,data,area,Vaccinazioni giornaliere,sesso_maschile,sesso_femminile,Operatori sanitari - sociosanitari,Personale non sanitario,Ospiti RSA,categoria_over80,categoria_forze_armate,categoria_personale_scolastico,prima_dose,seconda_dose,codice_NUTS1,codice_NUTS2,codice_regione_ISTAT,nome_area,Regione,popolazione,Totale vaccinazioni,Totale vaccinazioni ogni cento ab,Vaccinazioni giornaliere ogni cento ab
0,2021-02-20,LOM,9385,3879,5506,4275,1110,216,2917,863,4,9092,293,ITC,ITC4,3,Lombardia,Lombardia,10060574,9385,0.09,0.09
1,2021-02-16,LOM,9342,3055,6287,5804,2245,1258,8,8,19,8892,450,ITC,ITC4,3,Lombardia,Lombardia,10060574,18727,0.19,0.09
2,2021-01-09,LOM,12376,4558,7818,8135,4038,192,10,1,0,12376,0,ITC,ITC4,3,Lombardia,Lombardia,10060574,31103,0.31,0.12
3,2021-01-17,LOM,8086,3275,4811,5107,2770,159,45,5,0,7888,198,ITC,ITC4,3,Lombardia,Lombardia,10060574,39189,0.39,0.08
4,2021-01-24,LOM,1184,453,731,798,361,24,1,0,0,522,662,ITC,ITC4,3,Lombardia,Lombardia,10060574,40373,0.4,0.01
5,2021-03-04,LOM,28266,11720,16546,6748,6684,1976,10571,1911,376,19673,8593,ITC,ITC4,3,Lombardia,Lombardia,10060574,68639,0.68,0.28
6,2021-03-11,LOM,33162,12444,20718,5546,4415,1671,14276,1174,6080,24331,8831,ITC,ITC4,3,Lombardia,Lombardia,10060574,101801,1.01,0.33
7,2021-02-02,LOM,19800,6567,13233,13476,4561,1679,76,7,1,488,19312,ITC,ITC4,3,Lombardia,Lombardia,10060574,121601,1.21,0.2
8,2021-01-20,LOM,5530,1357,4173,1991,2188,1261,90,0,0,5415,115,ITC,ITC4,3,Lombardia,Lombardia,10060574,127131,1.26,0.05
9,2021-01-02,LOM,199,72,127,177,22,0,0,0,0,199,0,ITC,ITC4,3,Lombardia,Lombardia,10060574,127330,1.27,0.0
10,2021-03-08,LOM,27883,10492,17391,6286,3921,899,10991,1491,4295,21219,6664,ITC,ITC4,3,Lombardia,Lombardia,10060574,155213,1.54,0.28
11,2021-01-22,LOM,2889,814,2075,1081,1658,142,6,0,2,2837,52,ITC,ITC4,3,Lombardia,Lombardia,10060574,158102,1.57,0.03
12,2021-03-12,LOM,32273,11924,20349,4867,3801,1281,14693,997,6634,22518,9755,ITC,ITC4,3,Lombardia,Lombardia,10060574,190375,1.89,0.32
13,2021-02-08,LOM,9725,2845,6880,5161,2225,2286,53,0,0,2071,7654,ITC,ITC4,3,Lombardia,Lombardia,10060574,200100,1.99,0.1
14,2021-02-28,LOM,7822,3229,4593,1106,2279,76,4248,82,31,7606,216,ITC,ITC4,3,Lombardia,Lombardia,10060574,207922,2.07,0.08
15,2021-02-15,LOM,8763,3064,5699,6008,1742,969,4,31,9,8343,420,ITC,ITC4,3,Lombardia,Lombardia,10060574,216685,2.15,0.09
16,2021-02-18,LOM,13927,4889,9038,6112,1942,1562,3426,857,28,12905,1022,ITC,ITC4,3,Lombardia,Lombardia,10060574,230612,2.29,0.14
17,2020-12-31,LOM,713,300,413,656,57,0,0,0,0,713,0,ITC,ITC4,3,Lombardia,Lombardia,10060574,231325,2.3,0.01
18,2021-01-08,LOM,12590,3893,8697,8635,3702,219,32,2,0,12590,0,ITC,ITC4,3,Lombardia,Lombardia,10060574,243915,2.42,0.13
19,2021-02-21,LOM,5004,1851,3153,1743,959,32,2227,40,3,4984,20,ITC,ITC4,3,Lombardia,Lombardia,10060574,248919,2.47,0.05
20,2021-02-03,LOM,25056,7773,17283,15327,5661,3920,139,8,1,1013,24043,ITC,ITC4,3,Lombardia,Lombardia,10060574,273975,2.72,0.25
21,2021-01-03,LOM,852,316,536,710,137,4,1,0,0,852,0,ITC,ITC4,3,Lombardia,Lombardia,10060574,274827,2.73,0.01
22,2021-01-04,LOM,5977,2058,3919,4599,1197,166,15,0,0,5977,0,ITC,ITC4,3,Lombardia,Lombardia,10060574,280804,2.79,0.06
23,2021-01-28,LOM,12152,3682,8470,8964,2316,843,29,0,0,775,11377,ITC,ITC4,3,Lombardia,Lombardia,10060574,292956,2.91,0.12
24,2021-01-30,LOM,12309,4565,7744,9902,2237,160,8,1,1,192,12117,ITC,ITC4,3,Lombardia,Lombardia,10060574,305265,3.03,0.12
25,2021-02-05,LOM,24831,7215,17616,14054,6183,4337,256,1,0,2092,22739,ITC,ITC4,3,Lombardia,Lombardia,10060574,330096,3.28,0.25
26,2021-03-10,LOM,30329,11645,18684,6585,4572,1716,10857,1490,5109,23065,7264,ITC,ITC4,3,Lombardia,Lombardia,10060574,360425,3.58,0.3
27,2021-01-31,LOM,9727,3754,5973,7568,2063,87,7,2,0,33,9694,ITC,ITC4,3,Lombardia,Lombardia,10060574,370152,3.68,0.1
28,2021-02-07,LOM,7082,2763,4319,5453,1342,263,17,2,5,339,6743,ITC,ITC4,3,Lombardia,Lombardia,10060574,377234,3.75,0.07
29,2021-01-26,LOM,8325,2704,5621,6562,1541,203,19,0,0,334,7991,ITC,ITC4,3,Lombardia,Lombardia,10060574,385559,3.83,0.08
30,2021-02-25,LOM,14658,6097,8561,2726,1542,1262,7905,1216,7,13254,1404,ITC,ITC4,3,Lombardia,Lombardia,10060574,400217,3.98,0.15
31,2021-01-19,LOM,7924,2306,5618,3110,2931,1769,113,1,0,7448,476,ITC,ITC4,3,Lombardia,Lombardia,10060574,408141,4.06,0.08
32,2021-02-14,LOM,3500,1514,1986,2702,761,24,3,0,10,2936,564,ITC,ITC4,3,Lombardia,Lombardia,10060574,411641,4.09,0.03
33,2021-02-27,LOM,13766,5794,7972,2001,1867,529,8230,1091,48,13222,544,ITC,ITC4,3,Lombardia,Lombardia,10060574,425407,4.23,0.14
34,2021-01-29,LOM,13431,4111,9320,10480,2369,573,9,0,0,653,12778,ITC,ITC4,3,Lombardia,Lombardia,10060574,438838,4.36,0.13
35,2021-02-24,LOM,14079,5691,8388,3339,1688,1770,6078,1181,23,13265,814,ITC,ITC4,3,Lombardia,Lombardia,10060574,452917,4.5,0.14
36,2021-02-11,LOM,16669,4915,11754,9615,3228,3784,32,4,6,9374,7295,ITC,ITC4,3,Lombardia,Lombardia,10060574,469586,4.67,0.17
37,2021-02-19,LOM,13980,5345,8635,5521,1884,1093,4538,928,16,13342,638,ITC,ITC4,3,Lombardia,Lombardia,10060574,483566,4.81,0.14
38,2021-01-12,LOM,19686,6561,13125,10931,7217,1377,158,3,0,19686,0,ITC,ITC4,3,Lombardia,Lombardia,10060574,503252,5.0,0.2
39,2021-03-07,LOM,10744,4739,6005,2998,1990,73,4520,552,611,8192,2552,ITC,ITC4,3,Lombardia,Lombardia,10060574,513996,5.11,0.11
40,2020-12-28,LOM,103,44,59,102,1,0,0,0,0,103,0,ITC,ITC4,3,Lombardia,Lombardia,10060574,514099,5.11,0.0
41,2021-03-06,LOM,20601,8767,11834,4676,5846,438,7283,1011,1347,16096,4505,ITC,ITC4,3,Lombardia,Lombardia,10060574,534700,5.31,0.2
42,2021-01-18,LOM,8965,2920,6045,4089,3286,1470,116,4,0,7983,982,ITC,ITC4,3,Lombardia,Lombardia,10060574,543665,5.4,0.09
43,2021-01-05,LOM,7673,2513,5160,5713,1785,167,8,0,0,7673,0,ITC,ITC4,3,Lombardia,Lombardia,10060574,551338,5.48,0.08
44,2021-02-22,LOM,11625,4705,6920,4154,1533,920,4025,965,28,11318,307,ITC,ITC4,3,Lombardia,Lombardia,10060574,562963,5.6,0.12
45,2021-03-02,LOM,22331,9513,12818,3016,4179,2013,11215,1778,130,19423,2908,ITC,ITC4,3,Lombardia,Lombardia,10060574,585294,5.82,0.22
46,2021-01-01,LOM,24,7,17,21,3,0,0,0,0,24,0,ITC,ITC4,3,Lombardia,Lombardia,10060574,585318,5.82,0.0
47,2021-01-21,LOM,5313,1562,3751,1868,3182,260,2,0,1,4626,687,ITC,ITC4,3,Lombardia,Lombardia,10060574,590631,5.87,0.05
48,2021-02-10,LOM,14069,4417,9652,8392,2344,3253,71,3,6,7383,6686,ITC,ITC4,3,Lombardia,Lombardia,10060574,604700,6.01,0.14
49,2021-02-23,LOM,11487,4697,6790,3798,1589,819,4288,990,3,11180,307,ITC,ITC4,3,Lombardia,Lombardia,10060574,616187,6.12,0.11
50,2021-01-13,LOM,25672,7895,17777,12040,9672,3643,307,10,0,25672,0,ITC,ITC4,3,Lombardia,Lombardia,10060574,641859,6.38,0.26
51,2021-02-26,LOM,17539,7260,10279,2968,1861,1084,10299,1303,24,15948,1591,ITC,ITC4,3,Lombardia,Lombardia,10060574,659398,6.55,0.17
52,2021-01-16,LOM,15263,5688,9575,8148,5656,1277,179,3,0,15263,0,ITC,ITC4,3,Lombardia,Lombardia,10060574,674661,6.71,0.15
53,2021-03-01,LOM,18321,8038,10283,2596,2599,807,10683,1608,28,16639,1682,ITC,ITC4,3,Lombardia,Lombardia,10060574,692982,6.89,0.18
54,2021-01-06,LOM,7044,2486,4558,5265,1741,35,3,0,0,7044,0,ITC,ITC4,3,Lombardia,Lombardia,10060574,700026,6.96,0.07
55,2021-03-09,LOM,30772,11901,18871,5812,4656,2047,11550,1422,5285,23822,6950,ITC,ITC4,3,Lombardia,Lombardia,10060574,730798,7.26,0.31
56,2021-02-17,LOM,11755,3703,8052,7564,2247,1857,39,38,10,10400,1355,ITC,ITC4,3,Lombardia,Lombardia,10060574,742553,7.38,0.12
57,2020-12-27,LOM,702,407,295,551,137,13,1,0,0,702,0,ITC,ITC4,3,Lombardia,Lombardia,10060574,743255,7.39,0.01
58,2021-01-10,LOM,10512,3955,6557,6866,3619,8,17,2,0,10512,0,ITC,ITC4,3,Lombardia,Lombardia,10060574,753767,7.49,0.1
59,2021-03-14,LOM,13258,4638,8620,1492,1318,80,5007,396,4965,9989,3269,ITC,ITC4,3,Lombardia,Lombardia,10060574,767025,7.62,0.13
60,2021-03-03,LOM,26057,11116,14941,6196,6291,1570,9690,1840,470,19093,6964,ITC,ITC4,3,Lombardia,Lombardia,10060574,793082,7.88,0.26
61,2021-02-12,LOM,13242,4136,9106,7902,2612,2668,52,5,3,8611,4631,ITC,ITC4,3,Lombardia,Lombardia,10060574,806324,8.01,0.13
62,2021-01-25,LOM,7020,2370,4650,5506,1318,180,16,0,0,486,6534,ITC,ITC4,3,Lombardia,Lombardia,10060574,813344,8.08,0.07
63,2021-01-27,LOM,8028,2675,5353,6103,1721,202,2,0,0,820,7208,ITC,ITC4,3,Lombardia,Lombardia,10060574,821372,8.16,0.08
64,2021-02-06,LOM,14872,5424,9448,9626,3345,1826,71,1,3,887,13985,ITC,ITC4,3,Lombardia,Lombardia,10060574,836244,8.31,0.15
65,2021-02-01,LOM,16022,5305,10717,11655,3420,902,43,1,1,324,15698,ITC,ITC4,3,Lombardia,Lombardia,10060574,852266,8.47,0.16
66,2021-02-13,LOM,6326,2400,3926,4146,1473,682,17,4,4,4927,1399,ITC,ITC4,3,Lombardia,Lombardia,10060574,858592,8.53,0.06
67,2021-03-05,LOM,27610,11340,16270,6952,6517,1460,10434,1842,405,19504,8106,ITC,ITC4,3,Lombardia,Lombardia,10060574,886202,8.81,0.27
68,2020-12-29,LOM,100,43,57,100,0,0,0,0,0,100,0,ITC,ITC4,3,Lombardia,Lombardia,10060574,886302,8.81,0.0
69,2021-01-11,LOM,15977,5309,10668,10161,5163,553,100,0,0,15977,0,ITC,ITC4,3,Lombardia,Lombardia,10060574,902279,8.97,0.16
70,2021-01-15,LOM,24395,7181,17214,10196,9942,3846,405,6,0,24395,0,ITC,ITC4,3,Lombardia,Lombardia,10060574,926674,9.21,0.24
71,2021-02-09,LOM,11931,3270,8661,5651,2270,3929,75,2,4,3977,7954,ITC,ITC4,3,Lombardia,Lombardia,10060574,938605,9.33,0.12
72,2020-12-30,LOM,113,42,71,105,8,0,0,0,0,113,0,ITC,ITC4,3,Lombardia,Lombardia,10060574,938718,9.33,0.0
73,2021-01-07,LOM,11556,3594,7962,8086,2802,594,72,2,0,11556,0,ITC,ITC4,3,Lombardia,Lombardia,10060574,950274,9.45,0.11
74,2021-02-04,LOM,27028,7914,19114,15515,5863,5450,193,7,0,1877,25151,ITC,ITC4,3,Lombardia,Lombardia,10060574,977302,9.71,0.27
75,2021-03-13,LOM,23897,8528,15369,3676,2753,235,9245,612,7376,17980,5917,ITC,ITC4,3,Lombardia,Lombardia,10060574,1001199,9.95,0.24
76,2021-01-14,LOM,26237,7660,18577,11512,9532,4726,459,8,0,26237,0,ITC,ITC4,3,Lombardia,Lombardia,10060574,1027436,10.21,0.26
77,2021-01-23,LOM,1114,357,757,500,578,36,0,0,0,916,198,ITC,ITC4,3,Lombardia,Lombardia,10060574,1028550,10.22,0.01
78,2021-02-07,LIG,407,153,254,191,29,187,0,0,0,2,405,ITC,ITC3,7,Liguria,Liguria,1550640,407,0.03,0.03
79,2020-12-31,LIG,988,354,634,750,55,155,28,0,0,988,0,ITC,ITC3,7,Liguria,Liguria,1550640,1395,0.09,0.06
80,2021-03-11,LIG,5964,2922,3042,1085,592,141,3648,496,2,4135,1829,ITC,ITC3,7,Liguria,Liguria,1550640,7359,0.47,0.38
81,2021-01-04,LIG,2515,825,1690,2156,235,121,0,0,3,2515,0,ITC,ITC3,7,Liguria,Liguria,1550640,9874,0.64,0.16
82,2021-02-13,LIG,1079,508,571,543,135,147,254,0,0,800,279,ITC,ITC3,7,Liguria,Liguria,1550640,10953,0.71,0.07
83,2021-01-12,LIG,2451,881,1570,1741,269,439,0,0,2,2451,0,ITC,ITC3,7,Liguria,Liguria,1550640,13404,0.86,0.16
84,2021-02-08,LIG,1842,710,1132,1215,378,242,0,0,7,306,1536,ITC,ITC3,7,Liguria,Liguria,1550640,15246,0.98,0.12
85,2021-01-05,LIG,2877,895,1982,2306,303,261,0,0,7,2877,0,ITC,ITC3,7,Liguria,Liguria,1550640,18123,1.17,0.19
86,2021-01-15,LIG,2242,750,1492,1323,405,512,0,0,2,2242,0,ITC,ITC3,7,Liguria,Liguria,1550640,20365,1.31,0.14
87,2021-01-07,LIG,3165,1075,2090,2312,420,428,0,1,4,3165,0,ITC,ITC3,7,Liguria,Liguria,1550640,23530,1.52,0.2
88,2021-01-08,LIG,2924,999,1925,2082,406,431,0,1,4,2924,0,ITC,ITC3,7,Liguria,Liguria,1550640,26454,1.71,0.19
89,2021-02-09,LIG,1884,677,1207,1073,334,455,0,0,22,256,1628,ITC,ITC3,7,Liguria,Liguria,1550640,28338,1.83,0.12
90,2021-02-15,LIG,2213,826,1387,1043,265,240,662,1,2,1820,393,ITC,ITC3,7,Liguria,Liguria,1550640,30551,1.97,0.14
91,2021-02-24,LIG,3725,1546,2179,788,268,150,2518,0,1,3468,257,ITC,ITC3,7,Liguria,Liguria,1550640,34276,2.21,0.24
92,2021-02-23,LIG,3782,1552,2230,683,258,113,2724,2,2,3674,108,ITC,ITC3,7,Liguria,Liguria,1550640,38058,2.45,0.24
93,2021-02-17,LIG,2610,1156,1454,870,362,262,1115,0,1,2248,362,ITC,ITC3,7,Liguria,Liguria,1550640,40668,2.62,0.17
94,2021-03-06,LIG,3243,1818,1425,373,788,120,1490,472,0,2538,705,ITC,ITC3,7,Liguria,Liguria,1550640,43911,2.83,0.21
95,2021-01-25,LIG,2717,888,1829,2208,190,317,0,0,2,471,2246,ITC,ITC3,7,Liguria,Liguria,1550640,46628,3.01,0.18
96,2021-02-12,LIG,1897,678,1219,854,221,391,430,0,1,978,919,ITC,ITC3,7,Liguria,Liguria,1550640,48525,3.13,0.12
97,2021-02-26,LIG,3642,1474,2168,761,201,168,2510,0,2,3313,329,ITC,ITC3,7,Liguria,Liguria,1550640,52167,3.36,0.23
98,2021-01-20,LIG,1443,524,919,686,329,426,0,0,2,1431,12,ITC,ITC3,7,Liguria,Liguria,1550640,53610,3.46,0.09
99,2021-02-02,LIG,2660,1001,1659,1966,228,464,0,0,2,198,2462,ITC,ITC3,7,Liguria,Liguria,1550640,56270,3.63,0.17
100,2021-01-06,LIG,1660,616,1044,1230,250,113,64,0,3,1660,0,ITC,ITC3,7,Liguria,Liguria,1550640,57930,3.74,0.11
101,2021-01-10,LIG,648,262,386,369,103,176,0,0,0,648,0,ITC,ITC3,7,Liguria,Liguria,1550640,58578,3.78,0.04
102,2021-01-14,LIG,2974,1052,1922,1865,555,553,0,0,1,2974,0,ITC,ITC3,7,Liguria,Liguria,1550640,61552,3.97,0.19
103,2021-02-16,LIG,2369,937,1432,960,410,283,714,0,2,1978,391,ITC,ITC3,7,Liguria,Liguria,1550640,63921,4.12,0.15
104,2021-01-21,LIG,1101,384,717,583,185,332,1,0,0,671,430,ITC,ITC3,7,Liguria,Liguria,1550640,65022,4.19,0.07
105,2021-01-31,LIG,624,270,354,418,71,135,0,0,0,9,615,ITC,ITC3,7,Liguria,Liguria,1550640,65646,4.23,0.04
106,2021-02-10,LIG,2263,821,1442,1341,417,496,5,0,4,1009,1254,ITC,ITC3,7,Liguria,Liguria,1550640,67909,4.38,0.15
107,2021-02-04,LIG,2811,982,1829,1863,468,471,0,1,8,179,2632,ITC,ITC3,7,Liguria,Liguria,1550640,70720,4.56,0.18
108,2021-02-28,LIG,1060,581,479,12,571,3,474,0,0,1059,1,ITC,ITC3,7,Liguria,Liguria,1550640,71780,4.63,0.07
109,2021-01-17,LIG,861,300,561,516,82,262,0,0,1,861,0,ITC,ITC3,7,Liguria,Liguria,1550640,72641,4.68,0.06
110,2020-12-30,LIG,12,5,7,12,0,0,0,0,0,12,0,ITC,ITC3,7,Liguria,Liguria,1550640,72653,4.69,0.0
111,2021-01-23,LIG,808,294,514,632,132,43,0,0,1,152,656,ITC,ITC3,7,Liguria,Liguria,1550640,73461,4.74,0.05
112,2021-02-11,LIG,1941,751,1190,1222,258,455,0,0,6,1081,860,ITC,ITC3,7,Liguria,Liguria,1550640,75402,4.86,0.13
113,2021-02-20,LIG,1334,636,698,159,464,122,589,0,0,1333,1,ITC,ITC3,7,Liguria,Liguria,1550640,76736,4.95,0.09
114,2021-01-13,LIG,2752,1011,1741,1911,350,487,0,0,4,2752,0,ITC,ITC3,7,Liguria,Liguria,1550640,79488,5.13,0.18
115,2021-01-30,LIG,1660,567,1093,1261,141,256,0,0,2,25,1635,ITC,ITC3,7,Liguria,Liguria,1550640,81148,5.23,0.11
116,2021-02-06,LIG,1891,767,1124,1309,206,375,0,0,1,145,1746,ITC,ITC3,7,Liguria,Liguria,1550640,83039,5.36,0.12
117,2021-03-10,LIG,5667,2731,2936,805,770,85,3602,404,1,3780,1887,ITC,ITC3,7,Liguria,Liguria,1550640,88706,5.72,0.37
118,2021-03-08,LIG,5511,2427,3084,1078,519,64,3537,306,7,3887,1624,ITC,ITC3,7,Liguria,Liguria,1550640,94217,6.08,0.36
119,2021-02-27,LIG,1886,920,966,136,544,5,1201,0,0,1757,129,ITC,ITC3,7,Liguria,Liguria,1550640,96103,6.2,0.12
120,2021-01-29,LIG,2997,1046,1951,2281,302,412,0,0,2,64,2933,ITC,ITC3,7,Liguria,Liguria,1550640,99100,6.39,0.19
121,2021-01-22,LIG,1810,601,1209,1062,183,565,0,0,0,1325,485,ITC,ITC3,7,Liguria,Liguria,1550640,100910,6.51,0.12
122,2020-12-29,LIG,125,33,92,93,11,21,0,0,0,125,0,ITC,ITC3,7,Liguria,Liguria,1550640,101035,6.52,0.01
123,2021-01-01,LIG,144,55,89,139,5,0,0,0,0,144,0,ITC,ITC3,7,Liguria,Liguria,1550640,101179,6.52,0.01
124,2021-03-13,LIG,3337,1404,1933,327,700,72,1330,120,788,2483,854,ITC,ITC3,7,Liguria,Liguria,1550640,104516,6.74,0.22
125,2021-03-12,LIG,5640,2624,3016,1054,796,15,3334,437,4,3414,2226,ITC,ITC3,7,Liguria,Liguria,1550640,110156,7.1,0.36
126,2021-01-18,LIG,2108,733,1375,1237,423,438,0,0,10,1952,156,ITC,ITC3,7,Liguria,Liguria,1550640,112264,7.24,0.14
127,2021-01-16,LIG,1278,557,721,753,225,299,0,0,1,1278,0,ITC,ITC3,7,Liguria,Liguria,1550640,113542,7.32,0.08
128,2021-02-22,LIG,3304,1449,1855,700,211,226,2165,0,2,3166,138,ITC,ITC3,7,Liguria,Liguria,1550640,116846,7.54,0.21
129,2021-02-25,LIG,3435,1345,2090,549,219,88,2576,2,1,3305,130,ITC,ITC3,7,Liguria,Liguria,1550640,120281,7.76,0.22
130,2020-12-27,LIG,135,56,79,88,2,45,0,0,0,135,0,ITC,ITC3,7,Liguria,Liguria,1550640,120416,7.77,0.01
131,2020-12-28,LIG,79,29,50,76,3,0,0,0,0,79,0,ITC,ITC3,7,Liguria,Liguria,1550640,120495,7.77,0.01
132,2021-01-19,LIG,1348,427,921,703,314,328,0,0,3,1258,90,ITC,ITC3,7,Liguria,Liguria,1550640,121843,7.86,0.09
133,2021-01-03,LIG,734,230,504,658,75,0,0,0,1,734,0,ITC,ITC3,7,Liguria,Liguria,1550640,122577,7.9,0.05
134,2021-03-02,LIG,4038,1667,2371,720,177,76,3060,1,4,3728,310,ITC,ITC3,7,Liguria,Liguria,1550640,126615,8.17,0.26
135,2021-03-01,LIG,3490,1421,2069,527,120,105,2737,0,1,3368,122,ITC,ITC3,7,Liguria,Liguria,1550640,130105,8.39,0.23
136,2021-03-04,LIG,4706,2107,2599,910,317,277,2916,282,4,3884,822,ITC,ITC3,7,Liguria,Liguria,1550640,134811,8.69,0.3
137,2021-01-28,LIG,2839,967,1872,2236,288,309,0,1,5,40,2799,ITC,ITC3,7,Liguria,Liguria,1550640,137650,8.88,0.18
138,2021-02-14,LIG,232,122,110,31,30,111,60,0,0,232,0,ITC,ITC3,7,Liguria,Liguria,1550640,137882,8.89,0.01
139,2021-03-09,LIG,5705,2650,3055,1004,620,131,3419,531,0,4307,1398,ITC,ITC3,7,Liguria,Liguria,1550640,143587,9.26,0.37
140,2021-01-26,LIG,2477,800,1677,1960,261,251,0,0,5,102,2375,ITC,ITC3,7,Liguria,Liguria,1550640,146064,9.42,0.16
141,2021-01-27,LIG,1742,602,1140,1336,178,227,0,0,1,142,1600,ITC,ITC3,7,Liguria,Liguria,1550640,147806,9.53,0.11
142,2021-01-09,LIG,1334,481,853,998,147,187,0,0,2,1334,0,ITC,ITC3,7,Liguria,Liguria,1550640,149140,9.62,0.09
143,2021-03-03,LIG,4472,1784,2688,1026,242,288,2908,3,5,3482,990,ITC,ITC3,7,Liguria,Liguria,1550640,153612,9.91,0.29
144,2021-03-14,LIG,1200,539,661,62,230,160,407,26,315,597,603,ITC,ITC3,7,Liguria,Liguria,1550640,154812,9.98,0.08
145,2021-02-03,LIG,2241,771,1470,1601,257,382,0,0,1,54,2187,ITC,ITC3,7,Liguria,Liguria,1550640,157053,10.13,0.14
146,2021-02-05,LIG,2623,973,1650,1726,429,464,0,0,4,301,2322,ITC,ITC3,7,Liguria,Liguria,1550640,159676,10.3,0.17
147,2021-02-01,LIG,2439,903,1536,1911,212,315,0,0,1,76,2363,ITC,ITC3,7,Liguria,Liguria,1550640,162115,10.45,0.16
148,2021-02-19,LIG,3057,1266,1791,952,593,97,1412,0,3,2882,175,ITC,ITC3,7,Liguria,Liguria,1550640,165172,10.65,0.2
149,2021-02-18,LIG,2749,1124,1625,923,444,349,1030,0,3,2421,328,ITC,ITC3,7,Liguria,Liguria,1550640,167921,10.83,0.18
150,2021-03-15,LIG,1223,529,694,156,189,1,650,49,178,681,542,ITC,ITC3,7,Liguria,Liguria,1550640,169144,10.91,0.08
151,2021-02-21,LIG,869,491,378,183,317,102,267,0,0,865,4,ITC,ITC3,7,Liguria,Liguria,1550640,170013,10.96,0.06
152,2021-03-07,LIG,1857,1085,772,184,524,257,508,383,1,1557,300,ITC,ITC3,7,Liguria,Liguria,1550640,171870,11.08,0.12
153,2021-01-24,LIG,755,236,519,632,63,60,0,0,0,113,642,ITC,ITC3,7,Liguria,Liguria,1550640,172625,11.13,0.05
154,2021-01-11,LIG,2649,989,1660,1987,345,316,0,0,1,2649,0,ITC,ITC3,7,Liguria,Liguria,1550640,175274,11.3,0.17
155,2021-01-02,LIG,691,245,446,595,96,0,0,0,0,691,0,ITC,ITC3,7,Liguria,Liguria,1550640,175965,11.35,0.04
156,2021-03-05,LIG,4824,2132,2692,782,324,81,3321,311,5,3714,1110,ITC,ITC3,7,Liguria,Liguria,1550640,180789,11.66,0.31
157,2021-02-24,ABR,3302,1439,1863,391,340,247,1967,226,131,3126,176,ITF,ITF1,13,Abruzzo,Abruzzo,1304970,3302,0.25,0.25
158,2021-01-29,ABR,1386,449,937,1290,96,0,0,0,0,74,1312,ITF,ITF1,13,Abruzzo,Abruzzo,1304970,4688,0.36,0.11
159,2021-02-17,ABR,2076,951,1125,512,241,394,718,210,1,1793,283,ITF,ITF1,13,Abruzzo,Abruzzo,1304970,6764,0.52,0.16
160,2021-02-05,ABR,1535,520,1015,1188,241,106,0,0,0,788,747,ITF,ITF1,13,Abruzzo,Abruzzo,1304970,8299,0.64,0.12
161,2021-01-30,ABR,1509,566,943,1348,114,47,0,0,0,69,1440,ITF,ITF1,13,Abruzzo,Abruzzo,1304970,9808,0.75,0.12
162,2021-03-05,ABR,5260,1936,3324,561,457,107,2581,202,1352,4563,697,ITF,ITF1,13,Abruzzo,Abruzzo,1304970,15068,1.15,0.4
163,2021-01-22,ABR,118,57,61,2,4,112,0,0,0,118,0,ITF,ITF1,13,Abruzzo,Abruzzo,1304970,15186,1.16,0.01
164,2021-02-26,ABR,3919,1671,2248,1025,565,160,1650,257,262,2950,969,ITF,ITF1,13,Abruzzo,Abruzzo,1304970,19105,1.46,0.3
165,2021-01-12,ABR,1804,666,1138,1470,334,0,0,0,0,1804,0,ITF,ITF1,13,Abruzzo,Abruzzo,1304970,20909,1.6,0.14
166,2021-02-12,ABR,968,319,649,438,220,310,0,0,0,779,189,ITF,ITF1,13,Abruzzo,Abruzzo,1304970,21877,1.68,0.07
167,2021-03-06,ABR,4174,1354,2820,432,368,52,1748,15,1559,3604,570,ITF,ITF1,13,Abruzzo,Abruzzo,1304970,26051,2.0,0.32
168,2021-02-28,ABR,1705,510,1195,23,34,0,79,149,1420,1703,2,ITF,ITF1,13,Abruzzo,Abruzzo,1304970,27756,2.13,0.13
169,2021-01-17,ABR,187,59,128,136,51,0,0,0,0,180,7,ITF,ITF1,13,Abruzzo,Abruzzo,1304970,27943,2.14,0.01
170,2021-01-04,ABR,1401,575,826,1396,5,0,0,0,0,1401,0,ITF,ITF1,13,Abruzzo,Abruzzo,1304970,29344,2.25,0.11
171,2021-03-11,ABR,5422,2186,3236,1322,558,241,1539,199,1563,4283,1139,ITF,ITF1,13,Abruzzo,Abruzzo,1304970,34766,2.66,0.42
172,2021-01-06,ABR,1830,664,1166,1546,151,133,0,0,0,1830,0,ITF,ITF1,13,Abruzzo,Abruzzo,1304970,36596,2.8,0.14
173,2021-01-05,ABR,1614,604,1010,1604,10,0,0,0,0,1614,0,ITF,ITF1,13,Abruzzo,Abruzzo,1304970,38210,2.93,0.12
174,2021-01-13,ABR,1253,440,813,1103,150,0,0,0,0,1253,0,ITF,ITF1,13,Abruzzo,Abruzzo,1304970,39463,3.02,0.1
175,2021-03-07,ABR,2523,630,1893,28,210,0,461,1,1823,2523,0,ITF,ITF1,13,Abruzzo,Abruzzo,1304970,41986,3.22,0.19
176,2021-03-04,ABR,5936,2358,3578,1170,535,93,2992,328,818,5015,921,ITF,ITF1,13,Abruzzo,Abruzzo,1304970,47922,3.67,0.45
177,2021-01-24,ABR,50,22,28,49,1,0,0,0,0,6,44,ITF,ITF1,13,Abruzzo,Abruzzo,1304970,47972,3.68,0.0
178,2021-01-03,ABR,471,185,286,464,7,0,0,0,0,471,0,ITF,ITF1,13,Abruzzo,Abruzzo,1304970,48443,3.71,0.04
179,2021-03-15,ABR,1213,483,730,337,254,49,499,4,70,414,799,ITF,ITF1,13,Abruzzo,Abruzzo,1304970,49656,3.81,0.09
180,2021-02-03,ABR,2061,717,1344,1541,402,118,0,0,0,419,1642,ITF,ITF1,13,Abruzzo,Abruzzo,1304970,51717,3.96,0.16
181,2021-01-28,ABR,1433,495,938,1370,62,1,0,0,0,12,1421,ITF,ITF1,13,Abruzzo,Abruzzo,1304970,53150,4.07,0.11
182,2021-02-01,ABR,1632,573,1059,1384,247,1,0,0,0,271,1361,ITF,ITF1,13,Abruzzo,Abruzzo,1304970,54782,4.2,0.13
183,2021-01-20,ABR,447,156,291,147,96,204,0,0,0,445,2,ITF,ITF1,13,Abruzzo,Abruzzo,1304970,55229,4.23,0.03
184,2021-01-18,ABR,122,48,74,106,14,2,0,0,0,46,76,ITF,ITF1,13,Abruzzo,Abruzzo,1304970,55351,4.24,0.01
185,2021-01-15,ABR,379,149,230,223,121,35,0,0,0,379,0,ITF,ITF1,13,Abruzzo,Abruzzo,1304970,55730,4.27,0.03
186,2021-02-08,ABR,1201,398,803,710,227,264,0,0,0,491,710,ITF,ITF1,13,Abruzzo,Abruzzo,1304970,56931,4.36,0.09
187,2021-02-15,ABR,1796,831,965,625,487,221,217,246,0,1754,42,ITF,ITF1,13,Abruzzo,Abruzzo,1304970,58727,4.5,0.14
188,2021-01-19,ABR,111,55,56,27,34,50,0,0,0,91,20,ITF,ITF1,13,Abruzzo,Abruzzo,1304970,58838,4.51,0.01
189,2021-02-18,ABR,2291,934,1357,670,380,416,610,215,0,2161,130,ITF,ITF1,13,Abruzzo,Abruzzo,1304970,61129,4.68,0.18
190,2021-03-13,ABR,4124,1420,2704,518,988,137,1401,23,1057,3081,1043,ITF,ITF1,13,Abruzzo,Abruzzo,1304970,65253,5.0,0.32
191,2021-03-12,ABR,6021,1988,4033,1005,875,135,1700,117,2189,4438,1583,ITF,ITF1,13,Abruzzo,Abruzzo,1304970,71274,5.46,0.46
192,2021-01-16,ABR,927,428,499,710,202,15,0,0,0,927,0,ITF,ITF1,13,Abruzzo,Abruzzo,1304970,72201,5.53,0.07
193,2021-03-02,ABR,3963,1676,2287,934,439,53,1856,276,405,3279,684,ITF,ITF1,13,Abruzzo,Abruzzo,1304970,76164,5.84,0.3
194,2021-01-11,ABR,1551,557,994,1337,166,48,0,0,0,1551,0,ITF,ITF1,13,Abruzzo,Abruzzo,1304970,77715,5.96,0.12
195,2021-01-21,ABR,157,47,110,10,6,141,0,0,0,157,0,ITF,ITF1,13,Abruzzo,Abruzzo,1304970,77872,5.97,0.01
196,2021-02-07,ABR,777,307,470,646,130,1,0,0,0,201,576,ITF,ITF1,13,Abruzzo,Abruzzo,1304970,78649,6.03,0.06
197,2021-02-21,ABR,1220,551,669,2,4,3,1209,2,0,1219,1,ITF,ITF1,13,Abruzzo,Abruzzo,1304970,79869,6.12,0.09
198,2021-01-14,ABR,530,189,341,364,166,0,0,0,0,530,0,ITF,ITF1,13,Abruzzo,Abruzzo,1304970,80399,6.16,0.04
199,2021-01-09,ABR,1483,565,918,1430,53,0,0,0,0,1483,0,ITF,ITF1,13,Abruzzo,Abruzzo,1304970,81882,6.27,0.11
200,2021-02-19,ABR,3301,1552,1749,990,433,371,1111,388,8,3201,100,ITF,ITF1,13,Abruzzo,Abruzzo,1304970,85183,6.53,0.25
201,2021-01-08,ABR,1525,507,1018,1487,38,0,0,0,0,1525,0,ITF,ITF1,13,Abruzzo,Abruzzo,1304970,86708,6.64,0.12
202,2021-01-07,ABR,1603,552,1051,1566,37,0,0,0,0,1603,0,ITF,ITF1,13,Abruzzo,Abruzzo,1304970,88311,6.77,0.12
203,2021-02-16,ABR,1978,869,1109,841,513,139,410,75,0,1966,12,ITF,ITF1,13,Abruzzo,Abruzzo,1304970,90289,6.92,0.15
204,2021-02-22,ABR,2644,1175,1469,477,357,46,1094,419,251,2614,30,ITF,ITF1,13,Abruzzo,Abruzzo,1304970,92933,7.12,0.2
205,2021-02-11,ABR,816,262,554,473,189,154,0,0,0,773,43,ITF,ITF1,13,Abruzzo,Abruzzo,1304970,93749,7.18,0.06
206,2021-03-01,ABR,3485,1390,2095,697,293,174,1911,128,282,2722,763,ITF,ITF1,13,Abruzzo,Abruzzo,1304970,97234,7.45,0.27
207,2021-03-08,ABR,5127,1669,3458,1190,507,112,1019,104,2195,4153,974,ITF,ITF1,13,Abruzzo,Abruzzo,1304970,102361,7.84,0.39
208,2020-12-27,ABR,37,19,18,34,1,2,0,0,0,37,0,ITF,ITF1,13,Abruzzo,Abruzzo,1304970,102398,7.85,0.0
209,2021-02-25,ABR,3086,1347,1739,615,557,18,1508,262,126,2558,528,ITF,ITF1,13,Abruzzo,Abruzzo,1304970,105484,8.08,0.24
210,2021-02-10,ABR,948,313,635,622,210,116,0,0,0,504,444,ITF,ITF1,13,Abruzzo,Abruzzo,1304970,106432,8.16,0.07
211,2021-01-26,ABR,1542,567,975,1513,29,0,0,0,0,29,1513,ITF,ITF1,13,Abruzzo,Abruzzo,1304970,107974,8.27,0.12
212,2021-03-14,ABR,1883,731,1152,8,150,0,1476,0,249,1216,667,ITF,ITF1,13,Abruzzo,Abruzzo,1304970,109857,8.42,0.14
213,2021-01-10,ABR,1139,409,730,1091,48,0,0,0,0,1139,0,ITF,ITF1,13,Abruzzo,Abruzzo,1304970,110996,8.51,0.09
214,2021-02-20,ABR,4781,1842,2939,310,569,192,1417,406,1887,4705,76,ITF,ITF1,13,Abruzzo,Abruzzo,1304970,115777,8.87,0.37
215,2021-03-09,ABR,5169,1795,3374,987,528,84,1320,204,2046,4230,939,ITF,ITF1,13,Abruzzo,Abruzzo,1304970,120946,9.27,0.4
216,2021-01-31,ABR,1502,488,1014,1154,245,103,0,0,0,287,1215,ITF,ITF1,13,Abruzzo,Abruzzo,1304970,122448,9.38,0.12
217,2021-01-27,ABR,1364,515,849,1301,63,0,0,0,0,39,1325,ITF,ITF1,13,Abruzzo,Abruzzo,1304970,123812,9.49,0.1
218,2021-02-13,ABR,845,383,462,549,224,72,0,0,0,437,408,ITF,ITF1,13,Abruzzo,Abruzzo,1304970,124657,9.55,0.06
219,2021-01-02,ABR,548,218,330,540,8,0,0,0,0,548,0,ITF,ITF1,13,Abruzzo,Abruzzo,1304970,125205,9.59,0.04
220,2021-02-06,ABR,1611,742,869,1168,371,72,0,0,0,602,1009,ITF,ITF1,13,Abruzzo,Abruzzo,1304970,126816,9.72,0.12
221,2021-02-09,ABR,908,311,597,612,165,131,0,0,0,499,409,ITF,ITF1,13,Abruzzo,Abruzzo,1304970,127724,9.79,0.07
222,2021-02-04,ABR,1681,616,1065,1168,456,57,0,0,0,609,1072,ITF,ITF1,13,Abruzzo,Abruzzo,1304970,129405,9.92,0.13
223,2021-01-23,ABR,263,114,149,223,14,26,0,0,0,57,206,ITF,ITF1,13,Abruzzo,Abruzzo,1304970,129668,9.94,0.02
224,2021-01-25,ABR,1604,633,971,1584,20,0,0,0,0,20,1584,ITF,ITF1,13,Abruzzo,Abruzzo,1304970,131272,10.06,0.12
225,2021-02-27,ABR,2809,1337,1472,253,185,123,732,642,874,2543,266,ITF,ITF1,13,Abruzzo,Abruzzo,1304970,134081,10.27,0.22
226,2021-03-03,ABR,4627,1881,2746,1222,583,36,1585,346,855,3721,906,ITF,ITF1,13,Abruzzo,Abruzzo,1304970,138708,10.63,0.35
227,2021-02-23,ABR,2784,1274,1510,324,423,215,1436,286,100,2773,11,ITF,ITF1,13,Abruzzo,Abruzzo,1304970,141492,10.84,0.21
228,2021-03-10,ABR,4948,1640,3308,735,455,242,1518,127,1871,3992,956,ITF,ITF1,13,Abruzzo,Abruzzo,1304970,146440,11.22,0.38
229,2021-02-02,ABR,1798,677,1121,1243,413,142,0,0,0,241,1557,ITF,ITF1,13,Abruzzo,Abruzzo,1304970,148238,11.36,0.14
230,2021-02-17,EMR,6532,2760,3772,803,1278,404,4047,0,0,5759,773,ITH,ITH5,8,Emilia-Romagna,Emilia-Romagna,4459477,6532,0.15,0.15
231,2021-02-16,EMR,5727,2426,3301,743,907,437,3640,0,0,5198,529,ITH,ITH5,8,Emilia-Romagna,Emilia-Romagna,4459477,12259,0.27,0.13
232,2021-02-18,EMR,7042,2891,4151,891,531,236,5384,0,0,6460,582,ITH,ITH5,8,Emilia-Romagna,Emilia-Romagna,4459477,19301,0.43,0.16
233,2021-02-08,EMR,5177,1518,3659,2827,693,1478,178,0,1,2282,2895,ITH,ITH5,8,Emilia-Romagna,Emilia-Romagna,4459477,24478,0.55,0.12
234,2021-02-22,EMR,7453,3079,4374,385,220,129,6719,0,0,7190,263,ITH,ITH5,8,Emilia-Romagna,Emilia-Romagna,4459477,31931,0.72,0.17
235,2021-03-07,EMR,6526,2433,4093,1450,737,22,2555,513,1249,5013,1513,ITH,ITH5,8,Emilia-Romagna,Emilia-Romagna,4459477,38457,0.86,0.15
236,2021-03-02,EMR,11549,3793,7756,1918,782,221,5256,355,3017,9581,1968,ITH,ITH5,8,Emilia-Romagna,Emilia-Romagna,4459477,50006,1.12,0.26
237,2021-03-13,EMR,15373,5989,9384,1245,1273,72,8101,886,3796,10159,5214,ITH,ITH5,8,Emilia-Romagna,Emilia-Romagna,4459477,65379,1.47,0.34
238,2021-01-14,EMR,8084,2572,5512,5390,1088,1605,0,1,0,8084,0,ITH,ITH5,8,Emilia-Romagna,Emilia-Romagna,4459477,73463,1.65,0.18
239,2021-01-23,EMR,2443,868,1575,1899,114,430,0,0,0,441,2002,ITH,ITH5,8,Emilia-Romagna,Emilia-Romagna,4459477,75906,1.7,0.05
240,2021-03-06,EMR,20181,5761,14420,2673,950,40,5816,515,10187,17511,2670,ITH,ITH5,8,Emilia-Romagna,Emilia-Romagna,4459477,96087,2.15,0.45
241,2021-01-22,EMR,1827,477,1350,941,164,722,0,0,0,1088,739,ITH,ITH5,8,Emilia-Romagna,Emilia-Romagna,4459477,97914,2.2,0.04
242,2021-01-17,EMR,2889,887,2002,1913,425,547,0,0,4,2643,246,ITH,ITH5,8,Emilia-Romagna,Emilia-Romagna,4459477,100803,2.26,0.06
243,2020-12-31,EMR,2204,776,1428,1675,202,327,0,0,0,2204,0,ITH,ITH5,8,Emilia-Romagna,Emilia-Romagna,4459477,103007,2.31,0.05
244,2021-02-26,EMR,7537,2855,4682,1008,622,217,5387,0,303,6502,1035,ITH,ITH5,8,Emilia-Romagna,Emilia-Romagna,4459477,110544,2.48,0.17
245,2021-01-13,EMR,9062,2938,6124,6005,1312,1744,0,0,1,9062,0,ITH,ITH5,8,Emilia-Romagna,Emilia-Romagna,4459477,119606,2.68,0.2
246,2021-02-06,EMR,7515,2375,5140,5358,946,1172,39,0,0,2109,5406,ITH,ITH5,8,Emilia-Romagna,Emilia-Romagna,4459477,127121,2.85,0.17
247,2021-03-08,EMR,11400,4496,6904,2291,1028,295,4260,1212,2314,8791,2609,ITH,ITH5,8,Emilia-Romagna,Emilia-Romagna,4459477,138521,3.11,0.26
248,2021-01-15,EMR,7698,2392,5306,5296,1084,1317,0,0,1,7698,0,ITH,ITH5,8,Emilia-Romagna,Emilia-Romagna,4459477,146219,3.28,0.17
249,2021-01-29,EMR,10325,3476,6849,8080,1228,1017,0,0,0,289,10036,ITH,ITH5,8,Emilia-Romagna,Emilia-Romagna,4459477,156544,3.51,0.23
250,2021-02-01,EMR,10289,3595,6694,7446,1584,1259,0,0,0,366,9923,ITH,ITH5,8,Emilia-Romagna,Emilia-Romagna,4459477,166833,3.74,0.23
251,2021-03-10,EMR,17925,7221,10704,1295,1163,90,9844,1114,4419,12343,5582,ITH,ITH5,8,Emilia-Romagna,Emilia-Romagna,4459477,184758,4.14,0.4
252,2021-03-15,EMR,4136,1943,2193,292,458,1,2855,413,117,2002,2134,ITH,ITH5,8,Emilia-Romagna,Emilia-Romagna,4459477,188894,4.24,0.09
253,2021-01-24,EMR,2442,883,1559,2078,114,250,0,0,0,300,2142,ITH,ITH5,8,Emilia-Romagna,Emilia-Romagna,4459477,191336,4.29,0.05
254,2021-03-04,EMR,16213,5284,10929,2590,1174,239,6345,511,5354,13227,2986,ITH,ITH5,8,Emilia-Romagna,Emilia-Romagna,4459477,207549,4.65,0.36
255,2021-02-05,EMR,9292,2959,6333,6210,1287,1607,187,0,1,1624,7668,ITH,ITH5,8,Emilia-Romagna,Emilia-Romagna,4459477,216841,4.86,0.21
256,2021-02-12,EMR,5298,1671,3627,3391,908,704,295,0,0,3898,1400,ITH,ITH5,8,Emilia-Romagna,Emilia-Romagna,4459477,222139,4.98,0.12
257,2021-03-01,EMR,9942,3528,6414,1812,595,412,5574,309,1240,7713,2229,ITH,ITH5,8,Emilia-Romagna,Emilia-Romagna,4459477,232081,5.2,0.22
258,2021-03-05,EMR,17413,5665,11748,3036,1464,240,6248,528,5897,14025,3388,ITH,ITH5,8,Emilia-Romagna,Emilia-Romagna,4459477,249494,5.59,0.39
259,2021-01-30,EMR,10037,3508,6529,7562,1706,769,0,0,0,143,9894,ITH,ITH5,8,Emilia-Romagna,Emilia-Romagna,4459477,259531,5.82,0.23
260,2021-01-11,EMR,9321,3265,6056,6572,1482,1267,0,0,0,9321,0,ITH,ITH5,8,Emilia-Romagna,Emilia-Romagna,4459477,268852,6.03,0.21
261,2021-01-25,EMR,6413,2128,4285,5231,504,678,0,0,0,221,6192,ITH,ITH5,8,Emilia-Romagna,Emilia-Romagna,4459477,275265,6.17,0.14
262,2021-02-13,EMR,3603,1077,2526,2779,493,145,186,0,0,3005,598,ITH,ITH5,8,Emilia-Romagna,Emilia-Romagna,4459477,278868,6.25,0.08
263,2021-02-19,EMR,7283,2999,4284,818,368,257,5840,0,0,6780,503,ITH,ITH5,8,Emilia-Romagna,Emilia-Romagna,4459477,286151,6.42,0.16
264,2021-01-19,EMR,2039,502,1537,745,135,1159,0,0,0,2022,17,ITH,ITH5,8,Emilia-Romagna,Emilia-Romagna,4459477,288190,6.46,0.05
265,2021-01-18,EMR,3125,879,2246,1681,316,1128,0,0,0,2448,677,ITH,ITH5,8,Emilia-Romagna,Emilia-Romagna,4459477,291315,6.53,0.07
266,2021-02-20,EMR,5311,2101,3210,406,240,155,4510,0,0,5046,265,ITH,ITH5,8,Emilia-Romagna,Emilia-Romagna,4459477,296626,6.65,0.12
267,2021-02-15,EMR,2890,845,2045,1981,463,157,289,0,0,2764,126,ITH,ITH5,8,Emilia-Romagna,Emilia-Romagna,4459477,299516,6.72,0.06
268,2021-02-10,EMR,3934,1353,2581,2330,574,775,255,0,0,2734,1200,ITH,ITH5,8,Emilia-Romagna,Emilia-Romagna,4459477,303450,6.8,0.09
269,2021-01-27,EMR,8315,2933,5382,6885,775,654,0,1,0,463,7852,ITH,ITH5,8,Emilia-Romagna,Emilia-Romagna,4459477,311765,6.99,0.19
270,2021-01-21,EMR,2151,725,1426,1282,216,653,0,0,0,809,1342,ITH,ITH5,8,Emilia-Romagna,Emilia-Romagna,4459477,313916,7.04,0.05
271,2020-12-27,EMR,968,372,596,824,118,26,0,0,0,968,0,ITH,ITH5,8,Emilia-Romagna,Emilia-Romagna,4459477,314884,7.06,0.02
272,2021-02-09,EMR,4150,1246,2904,2217,467,1198,268,0,0,2305,1845,ITH,ITH5,8,Emilia-Romagna,Emilia-Romagna,4459477,319034,7.15,0.09
273,2021-02-14,EMR,1398,377,1021,858,482,39,19,0,0,1278,120,ITH,ITH5,8,Emilia-Romagna,Emilia-Romagna,4459477,320432,7.19,0.03
274,2021-01-04,EMR,7257,2510,4747,6164,516,577,0,0,0,7257,0,ITH,ITH5,8,Emilia-Romagna,Emilia-Romagna,4459477,327689,7.35,0.16
275,2021-03-12,EMR,17246,7076,10170,1570,1783,200,9687,1094,2912,10590,6656,ITH,ITH5,8,Emilia-Romagna,Emilia-Romagna,4459477,344935,7.73,0.39
276,2021-02-03,EMR,9269,2972,6297,6227,1340,1617,85,0,0,953,8316,ITH,ITH5,8,Emilia-Romagna,Emilia-Romagna,4459477,354204,7.94,0.21
277,2021-01-03,EMR,2729,934,1795,2479,80,170,0,0,0,2729,0,ITH,ITH5,8,Emilia-Romagna,Emilia-Romagna,4459477,356933,8.0,0.06
278,2021-01-16,EMR,5592,1717,3875,3687,793,1108,0,3,1,5592,0,ITH,ITH5,8,Emilia-Romagna,Emilia-Romagna,4459477,362525,8.13,0.13
279,2021-01-06,EMR,8260,2940,5320,6848,761,650,0,1,0,8260,0,ITH,ITH5,8,Emilia-Romagna,Emilia-Romagna,4459477,370785,8.31,0.19
280,2021-01-31,EMR,7692,2758,4934,6172,1259,261,0,0,0,242,7450,ITH,ITH5,8,Emilia-Romagna,Emilia-Romagna,4459477,378477,8.49,0.17
281,2021-03-14,EMR,8353,3576,4777,696,888,51,5492,359,867,4579,3774,ITH,ITH5,8,Emilia-Romagna,Emilia-Romagna,4459477,386830,8.67,0.19
282,2021-02-25,EMR,9148,3470,5678,793,514,140,7616,0,85,8197,951,ITH,ITH5,8,Emilia-Romagna,Emilia-Romagna,4459477,395978,8.88,0.21
283,2021-02-02,EMR,9430,3030,6400,6230,1490,1629,80,0,1,496,8934,ITH,ITH5,8,Emilia-Romagna,Emilia-Romagna,4459477,405408,9.09,0.21
284,2021-01-05,EMR,9323,3163,6160,7924,635,764,0,0,0,9323,0,ITH,ITH5,8,Emilia-Romagna,Emilia-Romagna,4459477,414731,9.3,0.21
285,2021-01-02,EMR,2347,903,1444,2071,79,197,0,0,0,2347,0,ITH,ITH5,8,Emilia-Romagna,Emilia-Romagna,4459477,417078,9.35,0.05
286,2021-01-20,EMR,1321,269,1052,391,143,787,0,0,0,1320,1,ITH,ITH5,8,Emilia-Romagna,Emilia-Romagna,4459477,418399,9.38,0.03
287,2021-01-07,EMR,10207,3381,6826,8180,959,1068,0,0,0,10207,0,ITH,ITH5,8,Emilia-Romagna,Emilia-Romagna,4459477,428606,9.61,0.23
288,2021-02-23,EMR,8183,3207,4976,407,316,111,7348,0,1,7799,384,ITH,ITH5,8,Emilia-Romagna,Emilia-Romagna,4459477,436789,9.79,0.18
289,2021-01-10,EMR,7124,2662,4462,5641,977,499,6,0,1,7124,0,ITH,ITH5,8,Emilia-Romagna,Emilia-Romagna,4459477,443913,9.95,0.16
290,2021-01-12,EMR,9313,3084,6229,6350,1332,1631,0,0,0,9313,0,ITH,ITH5,8,Emilia-Romagna,Emilia-Romagna,4459477,453226,10.16,0.21
291,2021-01-28,EMR,10220,3333,6887,8068,1030,1122,0,0,0,348,9872,ITH,ITH5,8,Emilia-Romagna,Emilia-Romagna,4459477,463446,10.39,0.23
292,2021-03-03,EMR,15634,5176,10458,2523,1046,160,6796,340,4769,13192,2442,ITH,ITH5,8,Emilia-Romagna,Emilia-Romagna,4459477,479080,10.74,0.35
293,2021-02-21,EMR,4404,1693,2711,394,267,190,3553,0,0,3967,437,ITH,ITH5,8,Emilia-Romagna,Emilia-Romagna,4459477,483484,10.84,0.1
294,2021-02-28,EMR,6799,2520,4279,1769,460,53,4219,4,294,4956,1843,ITH,ITH5,8,Emilia-Romagna,Emilia-Romagna,4459477,490283,10.99,0.15
295,2021-02-11,EMR,4242,1412,2830,2528,650,719,343,0,2,3404,838,ITH,ITH5,8,Emilia-Romagna,Emilia-Romagna,4459477,494525,11.09,0.1
296,2021-02-07,EMR,4786,1534,3252,3685,644,444,10,0,3,1727,3059,ITH,ITH5,8,Emilia-Romagna,Emilia-Romagna,4459477,499311,11.2,0.11
297,2021-02-27,EMR,10938,3984,6954,1719,496,114,7671,0,938,9207,1731,ITH,ITH5,8,Emilia-Romagna,Emilia-Romagna,4459477,510249,11.44,0.25
298,2021-01-09,EMR,9872,3424,6448,7824,1168,880,0,0,0,9872,0,ITH,ITH5,8,Emilia-Romagna,Emilia-Romagna,4459477,520121,11.66,0.22
299,2021-01-08,EMR,10807,3554,7253,8453,1274,1080,0,0,0,10807,0,ITH,ITH5,8,Emilia-Romagna,Emilia-Romagna,4459477,530928,11.91,0.24
300,2021-02-24,EMR,9260,3539,5721,624,592,216,7765,0,63,8406,854,ITH,ITH5,8,Emilia-Romagna,Emilia-Romagna,4459477,540188,12.11,0.21
301,2021-03-11,EMR,16657,6792,9865,1102,1671,167,8783,1215,3719,10851,5806,ITH,ITH5,8,Emilia-Romagna,Emilia-Romagna,4459477,556845,12.49,0.37
302,2021-01-26,EMR,8325,3000,5325,6599,694,1032,0,0,0,218,8107,ITH,ITH5,8,Emilia-Romagna,Emilia-Romagna,4459477,565170,12.67,0.19
303,2021-02-04,EMR,9902,3191,6711,6426,1684,1674,118,0,0,1238,8664,ITH,ITH5,8,Emilia-Romagna,Emilia-Romagna,4459477,575072,12.9,0.22
304,2021-03-09,EMR,14191,5715,8476,1018,898,161,7546,1072,3496,10273,3918,ITH,ITH5,8,Emilia-Romagna,Emilia-Romagna,4459477,589263,13.21,0.32
305,2021-03-12,CAL,5091,2437,2654,468,1325,217,1963,333,785,4048,1043,ITF,ITF6,18,Calabria,Calabria,1947131,5091,0.26,0.26
306,2021-03-09,CAL,5815,3029,2786,802,1936,419,1768,872,18,4839,976,ITF,ITF6,18,Calabria,Calabria,1947131,10906,0.56,0.3
307,2021-02-15,CAL,1137,538,599,499,412,159,66,0,1,989,148,ITF,ITF6,18,Calabria,Calabria,1947131,12043,0.62,0.06
308,2021-02-03,CAL,2763,1428,1335,2170,490,103,0,0,0,583,2180,ITF,ITF6,18,Calabria,Calabria,1947131,14806,0.76,0.14
309,2021-01-13,CAL,2028,1022,1006,1800,194,34,0,0,0,2028,0,ITF,ITF6,18,Calabria,Calabria,1947131,16834,0.86,0.1
310,2021-01-05,CAL,1350,618,732,1256,94,0,0,0,0,1350,0,ITF,ITF6,18,Calabria,Calabria,1947131,18184,0.93,0.07
311,2021-01-16,CAL,2394,1120,1274,1664,489,241,0,0,0,2394,0,ITF,ITF6,18,Calabria,Calabria,1947131,20578,1.06,0.12
312,2021-01-24,CAL,44,18,26,15,3,26,0,0,0,39,5,ITF,ITF6,18,Calabria,Calabria,1947131,20622,1.06,0.0
313,2021-01-02,CAL,165,94,71,165,0,0,0,0,0,165,0,ITF,ITF6,18,Calabria,Calabria,1947131,20787,1.07,0.01
314,2021-02-08,CAL,1847,733,1114,1214,512,121,0,0,0,661,1186,ITF,ITF6,18,Calabria,Calabria,1947131,22634,1.16,0.09
315,2021-03-08,CAL,5305,2808,2497,707,1813,453,1514,815,3,4247,1058,ITF,ITF6,18,Calabria,Calabria,1947131,27939,1.43,0.27
316,2020-12-27,CAL,275,150,125,274,1,0,0,0,0,275,0,ITF,ITF6,18,Calabria,Calabria,1947131,28214,1.45,0.01
317,2021-01-30,CAL,2173,1147,1026,1974,199,0,0,0,0,358,1815,ITF,ITF6,18,Calabria,Calabria,1947131,30387,1.56,0.11
318,2021-01-12,CAL,2058,1017,1041,1706,323,29,0,0,0,2058,0,ITF,ITF6,18,Calabria,Calabria,1947131,32445,1.67,0.11
319,2021-03-04,CAL,5381,3104,2277,646,1413,731,1540,1049,2,4585,796,ITF,ITF6,18,Calabria,Calabria,1947131,37826,1.94,0.28
320,2021-01-31,CAL,1107,554,553,764,285,58,0,0,0,155,952,ITF,ITF6,18,Calabria,Calabria,1947131,38933,2.0,0.06
321,2021-02-12,CAL,1711,669,1042,815,760,136,0,0,0,943,768,ITF,ITF6,18,Calabria,Calabria,1947131,40644,2.09,0.09
322,2021-02-21,CAL,607,286,321,36,164,47,330,30,0,530,77,ITF,ITF6,18,Calabria,Calabria,1947131,41251,2.12,0.03
323,2021-02-16,CAL,1534,643,891,659,517,240,118,0,0,1255,279,ITF,ITF6,18,Calabria,Calabria,1947131,42785,2.2,0.08
324,2021-03-13,CAL,6629,2920,3709,425,1373,318,3763,65,685,5678,951,ITF,ITF6,18,Calabria,Calabria,1947131,49414,2.54,0.34
325,2021-02-07,CAL,859,428,431,566,212,81,0,0,0,147,712,ITF,ITF6,18,Calabria,Calabria,1947131,50273,2.58,0.04
326,2021-01-23,CAL,400,186,214,325,52,23,0,0,0,358,42,ITF,ITF6,18,Calabria,Calabria,1947131,50673,2.6,0.02
327,2021-01-10,CAL,929,524,405,830,99,0,0,0,0,929,0,ITF,ITF6,18,Calabria,Calabria,1947131,51602,2.65,0.05
328,2021-02-10,CAL,2463,1074,1389,1469,637,357,0,0,0,839,1624,ITF,ITF6,18,Calabria,Calabria,1947131,54065,2.78,0.13
329,2021-01-19,CAL,1109,488,621,853,180,76,0,0,0,1098,11,ITF,ITF6,18,Calabria,Calabria,1947131,55174,2.83,0.06
330,2021-02-24,CAL,1843,940,903,658,366,115,653,47,4,1368,475,ITF,ITF6,18,Calabria,Calabria,1947131,57017,2.93,0.09
331,2021-01-29,CAL,2048,984,1064,1752,247,49,0,0,0,234,1814,ITF,ITF6,18,Calabria,Calabria,1947131,59065,3.03,0.11
332,2021-01-22,CAL,656,274,382,298,248,110,0,0,0,654,2,ITF,ITF6,18,Calabria,Calabria,1947131,59721,3.07,0.03
333,2021-01-27,CAL,1457,734,723,1226,208,23,0,0,0,396,1061,ITF,ITF6,18,Calabria,Calabria,1947131,61178,3.14,0.07
334,2021-03-03,CAL,4865,2651,2214,631,1157,917,1367,789,4,3802,1063,ITF,ITF6,18,Calabria,Calabria,1947131,66043,3.39,0.25
335,2021-02-04,CAL,3391,1623,1768,2560,609,222,0,0,0,644,2747,ITF,ITF6,18,Calabria,Calabria,1947131,69434,3.57,0.17
336,2021-02-06,CAL,2909,1337,1572,2095,567,247,0,0,0,442,2467,ITF,ITF6,18,Calabria,Calabria,1947131,72343,3.72,0.15
337,2021-02-05,CAL,3795,1709,2086,2327,914,554,0,0,0,488,3307,ITF,ITF6,18,Calabria,Calabria,1947131,76138,3.91,0.19
338,2021-01-04,CAL,996,492,504,969,27,0,0,0,0,996,0,ITF,ITF6,18,Calabria,Calabria,1947131,77134,3.96,0.05
339,2021-03-02,CAL,4131,2390,1741,705,735,427,1390,872,2,3422,709,ITF,ITF6,18,Calabria,Calabria,1947131,81265,4.17,0.21
340,2021-02-02,CAL,2289,1112,1177,1863,351,75,0,0,0,177,2112,ITF,ITF6,18,Calabria,Calabria,1947131,83554,4.29,0.12
341,2021-02-13,CAL,1330,582,748,731,488,111,0,0,0,967,363,ITF,ITF6,18,Calabria,Calabria,1947131,84884,4.36,0.07
342,2021-02-18,CAL,1798,802,996,585,509,299,344,0,61,1575,223,ITF,ITF6,18,Calabria,Calabria,1947131,86682,4.45,0.09
343,2021-01-25,CAL,1064,512,552,1021,43,0,0,0,0,156,908,ITF,ITF6,18,Calabria,Calabria,1947131,87746,4.51,0.05
344,2021-02-19,CAL,1461,652,809,544,341,195,380,1,0,1200,261,ITF,ITF6,18,Calabria,Calabria,1947131,89207,4.58,0.08
345,2021-03-10,CAL,6439,3276,3163,742,2351,585,2020,677,64,5248,1191,ITF,ITF6,18,Calabria,Calabria,1947131,95646,4.91,0.33
346,2021-01-11,CAL,2154,1040,1114,1759,392,3,0,0,0,2154,0,ITF,ITF6,18,Calabria,Calabria,1947131,97800,5.02,0.11
347,2021-01-20,CAL,1395,622,773,864,352,179,0,0,0,1394,1,ITF,ITF6,18,Calabria,Calabria,1947131,99195,5.09,0.07
348,2021-03-11,CAL,6874,3275,3599,934,2062,570,2379,329,600,5618,1256,ITF,ITF6,18,Calabria,Calabria,1947131,106069,5.45,0.35
349,2021-02-25,CAL,2820,1518,1302,736,636,234,862,348,4,2241,579,ITF,ITF6,18,Calabria,Calabria,1947131,108889,5.59,0.14
350,2021-03-15,CAL,1076,549,527,170,264,26,366,60,190,549,527,ITF,ITF6,18,Calabria,Calabria,1947131,109965,5.65,0.06
351,2021-01-14,CAL,2557,1214,1343,1962,592,3,0,0,0,2557,0,ITF,ITF6,18,Calabria,Calabria,1947131,112522,5.78,0.13
352,2021-01-06,CAL,926,500,426,822,104,0,0,0,0,926,0,ITF,ITF6,18,Calabria,Calabria,1947131,113448,5.83,0.05
353,2021-03-01,CAL,2687,1532,1155,399,422,257,971,635,3,2237,450,ITF,ITF6,18,Calabria,Calabria,1947131,116135,5.96,0.14
354,2021-02-22,CAL,1996,1013,983,727,543,166,552,3,5,1441,555,ITF,ITF6,18,Calabria,Calabria,1947131,118131,6.07,0.1
355,2021-03-07,CAL,3131,1561,1570,105,655,348,1674,347,2,3042,89,ITF,ITF6,18,Calabria,Calabria,1947131,121262,6.23,0.16
356,2021-02-11,CAL,2341,1043,1298,1464,636,241,0,0,0,1081,1260,ITF,ITF6,18,Calabria,Calabria,1947131,123603,6.35,0.12
357,2021-01-18,CAL,1230,550,680,982,237,11,0,0,0,1040,190,ITF,ITF6,18,Calabria,Calabria,1947131,124833,6.41,0.06
358,2021-03-06,CAL,7945,4053,3892,701,1872,758,3795,813,6,7190,755,ITF,ITF6,18,Calabria,Calabria,1947131,132778,6.82,0.41
359,2021-01-28,CAL,2232,1107,1125,1920,312,0,0,0,0,84,2148,ITF,ITF6,18,Calabria,Calabria,1947131,135010,6.93,0.11
360,2021-02-17,CAL,1681,672,1009,673,343,285,299,0,81,1471,210,ITF,ITF6,18,Calabria,Calabria,1947131,136691,7.02,0.09
361,2021-03-05,CAL,6145,3540,2605,695,1589,710,1854,1292,5,5570,575,ITF,ITF6,18,Calabria,Calabria,1947131,142836,7.34,0.32
362,2021-02-28,CAL,2167,983,1184,113,152,190,1706,6,0,2016,151,ITF,ITF6,18,Calabria,Calabria,1947131,145003,7.45,0.11
363,2021-01-21,CAL,958,444,514,735,108,115,0,0,0,929,29,ITF,ITF6,18,Calabria,Calabria,1947131,145961,7.5,0.05
364,2021-02-26,CAL,3077,1630,1447,538,688,406,1147,294,4,2610,467,ITF,ITF6,18,Calabria,Calabria,1947131,149038,7.65,0.16
365,2021-02-14,CAL,371,145,226,146,142,83,0,0,0,341,30,ITF,ITF6,18,Calabria,Calabria,1947131,149409,7.67,0.02
366,2021-01-08,CAL,2109,1014,1095,1898,211,0,0,0,0,2109,0,ITF,ITF6,18,Calabria,Calabria,1947131,151518,7.78,0.11
367,2021-01-26,CAL,1805,861,944,1571,164,70,0,0,0,285,1520,ITF,ITF6,18,Calabria,Calabria,1947131,153323,7.87,0.09
368,2021-01-03,CAL,6,3,3,4,2,0,0,0,0,6,0,ITF,ITF6,18,Calabria,Calabria,1947131,153329,7.87,0.0
369,2021-01-17,CAL,867,418,449,527,292,48,0,0,0,801,66,ITF,ITF6,18,Calabria,Calabria,1947131,154196,7.92,0.04
370,2021-02-27,CAL,3679,1913,1766,421,588,395,1971,302,2,3301,378,ITF,ITF6,18,Calabria,Calabria,1947131,157875,8.11,0.19
371,2021-01-07,CAL,2180,1061,1119,1883,297,0,0,0,0,2180,0,ITF,ITF6,18,Calabria,Calabria,1947131,160055,8.22,0.11
372,2021-02-23,CAL,1549,728,821,437,381,206,522,2,1,1434,115,ITF,ITF6,18,Calabria,Calabria,1947131,161604,8.3,0.08
373,2020-12-28,CAL,6,2,4,6,0,0,0,0,0,6,0,ITF,ITF6,18,Calabria,Calabria,1947131,161610,8.3,0.0
374,2021-02-20,CAL,1358,735,623,438,411,55,433,19,2,1043,315,ITF,ITF6,18,Calabria,Calabria,1947131,162968,8.37,0.07
375,2021-02-01,CAL,2497,1192,1305,2044,410,43,0,0,0,248,2249,ITF,ITF6,18,Calabria,Calabria,1947131,165465,8.5,0.13
376,2021-03-14,CAL,2542,1018,1524,322,376,312,802,9,721,2142,400,ITF,ITF6,18,Calabria,Calabria,1947131,168007,8.63,0.13
377,2021-02-09,CAL,2147,904,1243,1422,494,231,0,0,0,948,1199,ITF,ITF6,18,Calabria,Calabria,1947131,170154,8.74,0.11
378,2021-01-09,CAL,1916,1036,880,1529,387,0,0,0,0,1916,0,ITF,ITF6,18,Calabria,Calabria,1947131,172070,8.84,0.1
379,2021-01-15,CAL,2793,1258,1535,1690,691,412,0,0,0,2793,0,ITF,ITF6,18,Calabria,Calabria,1947131,174863,8.98,0.14
380,2021-02-18,SAR,1876,732,1144,1072,362,298,1,33,110,1812,64,ITG,ITG2,20,Sardegna,Sardegna,1639591,1876,0.11,0.11
381,2021-01-08,SAR,3257,1184,2073,2929,328,0,0,0,0,3257,0,ITG,ITG2,20,Sardegna,Sardegna,1639591,5133,0.31,0.2
382,2021-02-10,SAR,1959,765,1194,1169,301,488,0,0,1,1441,518,ITG,ITG2,20,Sardegna,Sardegna,1639591,7092,0.43,0.12
383,2021-03-13,SAR,2417,935,1482,267,390,146,1441,43,130,2142,275,ITG,ITG2,20,Sardegna,Sardegna,1639591,9509,0.58,0.15
384,2021-03-06,SAR,2535,1046,1489,1086,922,405,7,79,36,852,1683,ITG,ITG2,20,Sardegna,Sardegna,1639591,12044,0.73,0.15
385,2021-02-17,SAR,1405,575,830,689,376,313,0,27,0,1330,75,ITG,ITG2,20,Sardegna,Sardegna,1639591,13449,0.82,0.09
386,2021-03-03,SAR,3740,2034,1706,1057,716,525,701,740,1,2602,1138,ITG,ITG2,20,Sardegna,Sardegna,1639591,17189,1.05,0.23
387,2021-02-16,SAR,700,289,411,376,212,112,0,0,0,673,27,ITG,ITG2,20,Sardegna,Sardegna,1639591,17889,1.09,0.04
388,2021-01-09,SAR,4026,1417,2609,3181,845,0,0,0,0,4026,0,ITG,ITG2,20,Sardegna,Sardegna,1639591,21915,1.34,0.25
389,2021-01-29,SAR,2951,1067,1884,2580,368,3,0,0,0,48,2903,ITG,ITG2,20,Sardegna,Sardegna,1639591,24866,1.52,0.18
390,2021-03-05,SAR,4870,2392,2478,1643,1357,637,565,658,10,2655,2215,ITG,ITG2,20,Sardegna,Sardegna,1639591,29736,1.81,0.3
391,2021-01-25,SAR,588,212,376,553,35,0,0,0,0,22,566,ITG,ITG2,20,Sardegna,Sardegna,1639591,30324,1.85,0.04
392,2021-01-28,SAR,2968,1044,1924,2554,403,0,0,11,0,69,2899,ITG,ITG2,20,Sardegna,Sardegna,1639591,33292,2.03,0.18
393,2021-01-10,SAR,2183,750,1433,1632,551,0,0,0,0,2183,0,ITG,ITG2,20,Sardegna,Sardegna,1639591,35475,2.16,0.13
394,2021-02-20,SAR,2036,854,1182,483,157,194,1201,0,1,1702,334,ITG,ITG2,20,Sardegna,Sardegna,1639591,37511,2.29,0.12
395,2021-02-15,SAR,957,348,609,440,238,279,0,0,0,926,31,ITG,ITG2,20,Sardegna,Sardegna,1639591,38468,2.35,0.06
396,2021-01-22,SAR,83,47,36,45,38,0,0,0,0,55,28,ITG,ITG2,20,Sardegna,Sardegna,1639591,38551,2.35,0.01
397,2021-03-01,SAR,2159,1054,1105,1135,444,141,104,334,1,1500,659,ITG,ITG2,20,Sardegna,Sardegna,1639591,40710,2.48,0.13
398,2021-03-10,SAR,5589,2714,2875,719,855,413,2610,657,335,4736,853,ITG,ITG2,20,Sardegna,Sardegna,1639591,46299,2.82,0.34
399,2021-01-17,SAR,860,277,583,747,113,0,0,0,0,859,1,ITG,ITG2,20,Sardegna,Sardegna,1639591,47159,2.88,0.05
400,2021-01-16,SAR,1492,525,967,1282,209,0,0,0,1,1492,0,ITG,ITG2,20,Sardegna,Sardegna,1639591,48651,2.97,0.09
401,2021-01-14,SAR,1105,426,679,885,220,0,0,0,0,1105,0,ITG,ITG2,20,Sardegna,Sardegna,1639591,49756,3.03,0.07
402,2021-01-23,SAR,60,22,38,60,0,0,0,0,0,0,60,ITG,ITG2,20,Sardegna,Sardegna,1639591,49816,3.04,0.0
403,2021-01-12,SAR,865,408,457,504,361,0,0,0,0,865,0,ITG,ITG2,20,Sardegna,Sardegna,1639591,50681,3.09,0.05
404,2021-03-07,SAR,1590,724,866,307,238,32,1011,0,2,1117,473,ITG,ITG2,20,Sardegna,Sardegna,1639591,52271,3.19,0.1
405,2021-01-11,SAR,1182,505,677,656,526,0,0,0,0,1182,0,ITG,ITG2,20,Sardegna,Sardegna,1639591,53453,3.26,0.07
406,2021-03-08,SAR,3964,1777,2187,732,1160,624,852,444,152,2775,1189,ITG,ITG2,20,Sardegna,Sardegna,1639591,57417,3.5,0.24
407,2021-01-15,SAR,1563,573,990,1170,390,0,0,3,0,1563,0,ITG,ITG2,20,Sardegna,Sardegna,1639591,58980,3.6,0.1
408,2021-02-12,SAR,2236,933,1303,986,749,500,1,0,0,2177,59,ITG,ITG2,20,Sardegna,Sardegna,1639591,61216,3.73,0.14
409,2021-03-14,SAR,603,374,229,34,236,0,248,73,12,603,0,ITG,ITG2,20,Sardegna,Sardegna,1639591,61819,3.77,0.04
410,2021-02-08,SAR,1470,533,937,998,345,126,1,0,0,856,614,ITG,ITG2,20,Sardegna,Sardegna,1639591,63289,3.86,0.09
411,2020-12-28,SAR,65,25,40,65,0,0,0,0,0,65,0,ITG,ITG2,20,Sardegna,Sardegna,1639591,63354,3.86,0.0
412,2021-02-26,SAR,2789,1103,1686,1220,1068,218,204,74,5,2482,307,ITG,ITG2,20,Sardegna,Sardegna,1639591,66143,4.03,0.17
413,2021-01-13,SAR,573,178,395,494,79,0,0,0,0,573,0,ITG,ITG2,20,Sardegna,Sardegna,1639591,66716,4.07,0.03
414,2021-02-23,SAR,1516,1008,508,601,519,89,6,301,0,1281,235,ITG,ITG2,20,Sardegna,Sardegna,1639591,68232,4.16,0.09
415,2021-03-11,SAR,5664,2559,3105,1008,1061,416,2608,469,102,4467,1197,ITG,ITG2,20,Sardegna,Sardegna,1639591,73896,4.51,0.35
416,2021-01-07,SAR,3111,1077,2034,2720,380,0,0,11,0,3111,0,ITG,ITG2,20,Sardegna,Sardegna,1639591,77007,4.7,0.19
417,2021-03-02,SAR,2691,1406,1285,1028,730,229,319,383,2,1705,986,ITG,ITG2,20,Sardegna,Sardegna,1639591,79698,4.86,0.16
418,2021-02-11,SAR,1314,490,824,588,356,369,1,0,0,1203,111,ITG,ITG2,20,Sardegna,Sardegna,1639591,81012,4.94,0.08
419,2021-02-02,SAR,1482,655,827,988,494,0,0,0,0,241,1241,ITG,ITG2,20,Sardegna,Sardegna,1639591,82494,5.03,0.09
420,2021-01-20,SAR,210,77,133,154,56,0,0,0,0,208,2,ITG,ITG2,20,Sardegna,Sardegna,1639591,82704,5.04,0.01
421,2021-01-05,SAR,1327,446,881,1283,44,0,0,0,0,1327,0,ITG,ITG2,20,Sardegna,Sardegna,1639591,84031,5.13,0.08
422,2020-12-27,SAR,65,34,31,65,0,0,0,0,0,65,0,ITG,ITG2,20,Sardegna,Sardegna,1639591,84096,5.13,0.0
423,2021-02-22,SAR,1620,942,678,596,403,179,2,440,0,1391,229,ITG,ITG2,20,Sardegna,Sardegna,1639591,85716,5.23,0.1
424,2021-03-04,SAR,3880,1888,1992,953,860,462,1091,475,39,2732,1148,ITG,ITG2,20,Sardegna,Sardegna,1639591,89596,5.46,0.24
425,2021-01-01,SAR,30,16,14,30,0,0,0,0,0,30,0,ITG,ITG2,20,Sardegna,Sardegna,1639591,89626,5.47,0.0
426,2021-02-05,SAR,1897,749,1148,1214,515,164,1,3,0,433,1464,ITG,ITG2,20,Sardegna,Sardegna,1639591,91523,5.58,0.12
427,2021-03-12,SAR,5221,2183,3038,1016,1250,451,2074,271,159,3915,1306,ITG,ITG2,20,Sardegna,Sardegna,1639591,96744,5.9,0.32
428,2021-01-19,SAR,747,270,477,423,163,160,0,0,1,692,55,ITG,ITG2,20,Sardegna,Sardegna,1639591,97491,5.95,0.05
429,2021-02-19,SAR,1495,470,1025,677,437,379,1,1,0,1439,56,ITG,ITG2,20,Sardegna,Sardegna,1639591,98986,6.04,0.09
430,2021-02-14,SAR,539,263,276,286,193,57,3,0,0,537,2,ITG,ITG2,20,Sardegna,Sardegna,1639591,99525,6.07,0.03
431,2021-02-25,SAR,2894,1252,1642,1472,738,465,159,51,9,2288,606,ITG,ITG2,20,Sardegna,Sardegna,1639591,102419,6.25,0.18
432,2021-01-06,SAR,1615,549,1066,1510,105,0,0,0,0,1615,0,ITG,ITG2,20,Sardegna,Sardegna,1639591,104034,6.35,0.1
433,2021-01-27,SAR,1408,494,914,1303,105,0,0,0,0,79,1329,ITG,ITG2,20,Sardegna,Sardegna,1639591,105442,6.43,0.09
434,2021-02-09,SAR,2286,837,1449,1308,479,497,1,0,1,1290,996,ITG,ITG2,20,Sardegna,Sardegna,1639591,107728,6.57,0.14
435,2021-01-31,SAR,2121,750,1371,1544,576,0,1,0,0,48,2073,ITG,ITG2,20,Sardegna,Sardegna,1639591,109849,6.7,0.13
436,2021-02-21,SAR,1584,709,875,66,32,59,1421,6,0,1554,30,ITG,ITG2,20,Sardegna,Sardegna,1639591,111433,6.8,0.1
437,2021-02-07,SAR,1116,394,722,975,141,0,0,0,0,228,888,ITG,ITG2,20,Sardegna,Sardegna,1639591,112549,6.86,0.07
438,2021-02-01,SAR,1524,605,919,896,551,77,0,0,0,225,1299,ITG,ITG2,20,Sardegna,Sardegna,1639591,114073,6.96,0.09
439,2021-01-04,SAR,591,217,374,565,26,0,0,0,0,591,0,ITG,ITG2,20,Sardegna,Sardegna,1639591,114664,6.99,0.04
440,2021-01-21,SAR,126,60,66,60,66,0,0,0,0,94,32,ITG,ITG2,20,Sardegna,Sardegna,1639591,114790,7.0,0.01
441,2021-02-24,SAR,2407,1291,1116,1192,614,300,2,299,0,2218,189,ITG,ITG2,20,Sardegna,Sardegna,1639591,117197,7.15,0.15
442,2021-02-03,SAR,1118,418,700,919,180,19,0,0,0,426,692,ITG,ITG2,20,Sardegna,Sardegna,1639591,118315,7.22,0.07
443,2021-01-30,SAR,3862,1392,2470,2987,874,0,1,0,0,362,3500,ITG,ITG2,20,Sardegna,Sardegna,1639591,122177,7.45,0.24
444,2021-01-03,SAR,90,36,54,89,1,0,0,0,0,90,0,ITG,ITG2,20,Sardegna,Sardegna,1639591,122267,7.46,0.01
445,2020-12-29,SAR,57,32,25,56,1,0,0,0,0,57,0,ITG,ITG2,20,Sardegna,Sardegna,1639591,122324,7.46,0.0
446,2021-01-24,SAR,90,34,56,89,1,0,0,0,0,5,85,ITG,ITG2,20,Sardegna,Sardegna,1639591,122414,7.47,0.01
447,2021-02-13,SAR,1454,563,891,732,464,253,0,0,5,1452,2,ITG,ITG2,20,Sardegna,Sardegna,1639591,123868,7.55,0.09
448,2021-02-06,SAR,1970,697,1273,1544,286,139,0,0,1,569,1401,ITG,ITG2,20,Sardegna,Sardegna,1639591,125838,7.67,0.12
449,2021-03-09,SAR,4563,2109,2454,1054,879,285,1722,329,294,3834,729,ITG,ITG2,20,Sardegna,Sardegna,1639591,130401,7.95,0.28
450,2021-03-15,SAR,1291,660,631,180,483,71,86,86,385,1002,289,ITG,ITG2,20,Sardegna,Sardegna,1639591,131692,8.03,0.08
451,2021-01-02,SAR,60,21,39,60,0,0,0,0,0,60,0,ITG,ITG2,20,Sardegna,Sardegna,1639591,131752,8.04,0.0
452,2021-02-27,SAR,1915,643,1272,1059,379,304,173,0,0,1360,555,ITG,ITG2,20,Sardegna,Sardegna,1639591,133667,8.15,0.12
453,2021-02-04,SAR,2271,816,1455,1737,363,170,1,0,0,916,1355,ITG,ITG2,20,Sardegna,Sardegna,1639591,135938,8.29,0.14
454,2021-01-18,SAR,904,326,578,714,190,0,0,0,0,780,124,ITG,ITG2,20,Sardegna,Sardegna,1639591,136842,8.35,0.06
455,2020-12-31,SAR,32,16,16,28,4,0,0,0,0,32,0,ITG,ITG2,20,Sardegna,Sardegna,1639591,136874,8.35,0.0
456,2021-01-26,SAR,1336,453,883,1296,39,0,0,0,1,27,1309,ITG,ITG2,20,Sardegna,Sardegna,1639591,138210,8.43,0.08
457,2021-02-28,SAR,367,169,198,244,76,47,0,0,0,141,226,ITG,ITG2,20,Sardegna,Sardegna,1639591,138577,8.45,0.02
458,2021-01-21,CAM,2093,1116,977,1379,639,75,0,0,0,677,1416,ITF,ITF3,15,Campania,Campania,5801692,2093,0.04,0.04
459,2021-01-11,CAM,4072,1871,2201,2386,1434,252,0,0,0,4072,0,ITF,ITF3,15,Campania,Campania,5801692,6165,0.11,0.07
460,2021-01-28,CAM,8832,4122,4710,6216,2269,347,0,0,0,135,8697,ITF,ITF3,15,Campania,Campania,5801692,14997,0.26,0.15
461,2021-01-19,CAM,1095,474,621,534,390,171,0,0,0,1092,3,ITF,ITF3,15,Campania,Campania,5801692,16092,0.28,0.02
462,2021-03-11,CAM,17480,8600,8880,1007,5212,105,7628,959,2569,10203,7277,ITF,ITF3,15,Campania,Campania,5801692,33572,0.58,0.3
463,2021-02-02,CAM,5722,2804,2918,3640,1728,354,0,0,0,443,5279,ITF,ITF3,15,Campania,Campania,5801692,39294,0.68,0.1
464,2021-01-29,CAM,10052,4812,5240,6405,3388,259,0,0,0,47,10005,ITF,ITF3,15,Campania,Campania,5801692,49346,0.85,0.17
465,2020-12-27,CAM,720,422,298,703,17,0,0,0,0,720,0,ITF,ITF3,15,Campania,Campania,5801692,50066,0.86,0.01
466,2021-01-12,CAM,5214,2563,2651,3439,1435,340,0,0,0,5214,0,ITF,ITF3,15,Campania,Campania,5801692,55280,0.95,0.09
467,2021-02-19,CAM,9552,3556,5996,1644,1128,161,4453,0,2166,8902,650,ITF,ITF3,15,Campania,Campania,5801692,64832,1.12,0.16
468,2021-02-20,CAM,8563,3079,5484,1014,857,145,4582,0,1965,8260,303,ITF,ITF3,15,Campania,Campania,5801692,73395,1.27,0.15
469,2021-02-10,CAM,6904,3413,3491,1945,2703,98,2158,0,0,6728,176,ITF,ITF3,15,Campania,Campania,5801692,80299,1.38,0.12
470,2021-03-14,CAM,8504,3723,4781,137,2215,2,3620,843,1687,4367,4137,ITF,ITF3,15,Campania,Campania,5801692,88803,1.53,0.15
471,2021-02-15,CAM,5469,2515,2954,976,1002,94,3395,1,1,5296,173,ITF,ITF3,15,Campania,Campania,5801692,94272,1.62,0.09
472,2021-02-09,CAM,4641,2200,2441,1148,2150,6,1337,0,0,4389,252,ITF,ITF3,15,Campania,Campania,5801692,98913,1.7,0.08
473,2021-02-07,CAM,2936,1386,1550,712,1708,226,290,0,0,2158,778,ITF,ITF3,15,Campania,Campania,5801692,101849,1.76,0.05
474,2020-12-31,CAM,1490,811,679,1273,216,1,0,0,0,1490,0,ITF,ITF3,15,Campania,Campania,5801692,103339,1.78,0.03
475,2021-02-06,CAM,5341,2665,2676,1990,2877,459,15,0,0,2103,3238,ITF,ITF3,15,Campania,Campania,5801692,108680,1.87,0.09
476,2021-01-10,CAM,8165,3736,4429,5179,2889,97,0,0,0,8165,0,ITF,ITF3,15,Campania,Campania,5801692,116845,2.01,0.14
477,2021-02-05,CAM,7261,3463,3798,3447,3497,308,9,0,0,2133,5128,ITF,ITF3,15,Campania,Campania,5801692,124106,2.14,0.13
478,2021-02-14,CAM,3934,1926,2008,550,905,17,2462,0,0,3891,43,ITF,ITF3,15,Campania,Campania,5801692,128040,2.21,0.07
479,2021-01-26,CAM,7297,3701,3596,5742,1333,222,0,0,0,352,6945,ITF,ITF3,15,Campania,Campania,5801692,135337,2.33,0.13
480,2021-02-24,CAM,11707,4114,7593,712,2311,85,5095,0,3504,11019,688,ITF,ITF3,15,Campania,Campania,5801692,147044,2.53,0.2
481,2021-02-28,CAM,10398,3203,7195,484,3656,22,1943,0,4293,8500,1898,ITF,ITF3,15,Campania,Campania,5801692,157442,2.71,0.18
482,2021-01-17,CAM,1155,551,604,718,286,151,0,0,0,702,453,ITF,ITF3,15,Campania,Campania,5801692,158597,2.73,0.02
483,2021-02-21,CAM,5834,2239,3595,780,653,22,3870,0,509,5609,225,ITF,ITF3,15,Campania,Campania,5801692,164431,2.83,0.1
484,2021-03-12,CAM,14230,7080,7150,978,4699,82,5285,1232,1954,8151,6079,ITF,ITF3,15,Campania,Campania,5801692,178661,3.08,0.25
485,2021-03-13,CAM,14238,6779,7459,344,4230,193,5319,1190,2962,8951,5287,ITF,ITF3,15,Campania,Campania,5801692,192899,3.32,0.25
486,2021-02-22,CAM,10544,3259,7285,512,2276,76,3863,0,3817,10282,262,ITF,ITF3,15,Campania,Campania,5801692,203443,3.51,0.18
487,2021-01-16,CAM,3369,1675,1694,1355,1641,373,0,0,0,3369,0,ITF,ITF3,15,Campania,Campania,5801692,206812,3.56,0.06
488,2021-01-06,CAM,7652,3749,3903,5781,1571,300,0,0,0,7652,0,ITF,ITF3,15,Campania,Campania,5801692,214464,3.7,0.13
489,2021-02-08,CAM,5113,2449,2664,1388,2121,226,1378,0,0,4311,802,ITF,ITF3,15,Campania,Campania,5801692,219577,3.78,0.09
490,2021-01-05,CAM,7237,3638,3599,5810,1321,106,0,0,0,7237,0,ITF,ITF3,15,Campania,Campania,5801692,226814,3.91,0.12
491,2021-01-30,CAM,10721,5079,5642,6930,3564,227,0,0,0,39,10682,ITF,ITF3,15,Campania,Campania,5801692,237535,4.09,0.18
492,2021-03-02,CAM,12740,4548,8192,1266,4351,147,1937,2,5037,8398,4342,ITF,ITF3,15,Campania,Campania,5801692,250275,4.31,0.22
493,2021-01-23,CAM,3839,2029,1810,3161,609,69,0,0,0,273,3566,ITF,ITF3,15,Campania,Campania,5801692,254114,4.38,0.07
494,2021-01-13,CAM,8019,3665,4354,4350,3082,587,0,0,0,8019,0,ITF,ITF3,15,Campania,Campania,5801692,262133,4.52,0.14
495,2021-01-03,CAM,3837,2009,1828,3191,646,0,0,0,0,3837,0,ITF,ITF3,15,Campania,Campania,5801692,265970,4.58,0.07
496,2021-01-18,CAM,957,399,558,576,194,187,0,0,0,713,244,ITF,ITF3,15,Campania,Campania,5801692,266927,4.6,0.02
497,2021-03-04,CAM,14614,5334,9280,1788,5088,107,4196,1,3434,8721,5893,ITF,ITF3,15,Campania,Campania,5801692,281541,4.85,0.25
498,2021-03-06,CAM,16266,6739,9527,955,4431,148,5823,1027,3882,10602,5664,ITF,ITF3,15,Campania,Campania,5801692,297807,5.13,0.28
499,2021-03-10,CAM,15221,7361,7860,638,3984,26,7284,1006,2283,8396,6825,ITF,ITF3,15,Campania,Campania,5801692,313028,5.4,0.26
500,2021-03-08,CAM,14502,6703,7799,835,5195,36,4175,1334,2927,9727,4775,ITF,ITF3,15,Campania,Campania,5801692,327530,5.65,0.25
501,2021-02-23,CAM,10916,3364,7552,514,2210,220,3685,0,4287,10390,526,ITF,ITF3,15,Campania,Campania,5801692,338446,5.83,0.19
502,2021-03-03,CAM,13918,5494,8424,2017,5279,156,3468,3,2995,7289,6629,ITF,ITF3,15,Campania,Campania,5801692,352364,6.07,0.24
503,2021-03-01,CAM,12115,4241,7874,1095,3709,145,1720,0,5446,8004,4111,ITF,ITF3,15,Campania,Campania,5801692,364479,6.28,0.21
504,2021-02-04,CAM,7943,3429,4514,3965,3685,292,1,0,0,1308,6635,ITF,ITF3,15,Campania,Campania,5801692,372422,6.42,0.14
505,2021-02-16,CAM,5435,2411,3024,911,1184,169,3171,0,0,4664,771,ITF,ITF3,15,Campania,Campania,5801692,377857,6.51,0.09
506,2021-01-25,CAM,5744,2926,2818,4743,945,56,0,0,0,164,5580,ITF,ITF3,15,Campania,Campania,5801692,383601,6.61,0.1
507,2021-02-27,CAM,13938,4470,9468,597,3062,78,3146,0,7055,12296,1642,ITF,ITF3,15,Campania,Campania,5801692,397539,6.85,0.24
508,2021-02-18,CAM,9076,3811,5265,1710,1340,70,5520,0,436,8368,708,ITF,ITF3,15,Campania,Campania,5801692,406615,7.01,0.16
509,2021-02-17,CAM,7384,3206,4178,994,1083,38,4907,0,362,6324,1060,ITF,ITF3,15,Campania,Campania,5801692,413999,7.14,0.13
510,2021-01-09,CAM,10566,5024,5542,6759,3538,269,0,0,0,10566,0,ITF,ITF3,15,Campania,Campania,5801692,424565,7.32,0.18
511,2021-02-13,CAM,5505,2547,2958,951,808,131,3613,0,2,5288,217,ITF,ITF3,15,Campania,Campania,5801692,430070,7.41,0.09
512,2021-01-24,CAM,4128,2123,2005,3140,822,166,0,0,0,383,3745,ITF,ITF3,15,Campania,Campania,5801692,434198,7.48,0.07
513,2021-01-02,CAM,3674,1963,1711,3167,507,0,0,0,0,3674,0,ITF,ITF3,15,Campania,Campania,5801692,437872,7.55,0.06
514,2021-01-20,CAM,1257,650,607,395,761,101,0,0,0,1257,0,ITF,ITF3,15,Campania,Campania,5801692,439129,7.57,0.02
515,2021-01-27,CAM,7736,3820,3916,5837,1629,270,0,0,0,161,7575,ITF,ITF3,15,Campania,Campania,5801692,446865,7.7,0.13
516,2021-03-09,CAM,13816,6610,7206,743,4615,181,3729,1118,3430,10041,3775,ITF,ITF3,15,Campania,Campania,5801692,460681,7.94,0.24
517,2021-01-14,CAM,7072,2976,4096,3706,3016,350,0,0,0,7072,0,ITF,ITF3,15,Campania,Campania,5801692,467753,8.06,0.12
518,2021-02-25,CAM,12424,4479,7945,600,2672,124,4918,0,4110,11236,1188,ITF,ITF3,15,Campania,Campania,5801692,480177,8.28,0.21
519,2021-01-31,CAM,8067,3711,4356,5107,2893,67,0,0,0,23,8044,ITF,ITF3,15,Campania,Campania,5801692,488244,8.42,0.14
520,2021-02-01,CAM,3985,1813,2172,2504,1329,152,0,0,0,110,3875,ITF,ITF3,15,Campania,Campania,5801692,492229,8.48,0.07
521,2021-02-12,CAM,6552,2874,3678,1811,1467,214,3056,0,4,6340,212,ITF,ITF3,15,Campania,Campania,5801692,498781,8.6,0.11
522,2021-01-22,CAM,1523,775,748,970,344,209,0,0,0,673,850,ITF,ITF3,15,Campania,Campania,5801692,500304,8.62,0.03
523,2021-01-04,CAM,5826,2963,2863,4850,976,0,0,0,0,5826,0,ITF,ITF3,15,Campania,Campania,5801692,506130,8.72,0.1
524,2021-01-15,CAM,4980,2381,2599,2740,2049,191,0,0,0,4980,0,ITF,ITF3,15,Campania,Campania,5801692,511110,8.81,0.09
525,2021-03-15,CAM,5584,2636,2948,199,1405,37,2726,105,1112,3174,2410,ITF,ITF3,15,Campania,Campania,5801692,516694,8.91,0.1
526,2021-02-03,CAM,8902,4002,4900,4735,3452,714,1,0,0,878,8024,ITF,ITF3,15,Campania,Campania,5801692,525596,9.06,0.15
527,2021-01-01,CAM,919,506,413,831,88,0,0,0,0,919,0,ITF,ITF3,15,Campania,Campania,5801692,526515,9.08,0.02
528,2021-02-11,CAM,6279,2705,3574,1861,1926,129,2363,0,0,6213,66,ITF,ITF3,15,Campania,Campania,5801692,532794,9.18,0.11
529,2021-03-05,CAM,16468,6345,10123,1640,5427,64,5027,4,4306,9810,6658,ITF,ITF3,15,Campania,Campania,5801692,549262,9.47,0.28
530,2021-02-26,CAM,13265,4205,9060,623,2381,169,3219,1,6872,11930,1335,ITF,ITF3,15,Campania,Campania,5801692,562527,9.7,0.23
531,2021-01-07,CAM,8910,4166,4744,6313,2265,332,0,0,0,8910,0,ITF,ITF3,15,Campania,Campania,5801692,571437,9.85,0.15
532,2021-01-08,CAM,10455,4969,5486,6714,3529,212,0,0,0,10455,0,ITF,ITF3,15,Campania,Campania,5801692,581892,10.03,0.18
533,2021-03-07,CAM,11911,5344,6567,513,4258,85,3276,1512,2267,8070,3841,ITF,ITF3,15,Campania,Campania,5801692,593803,10.23,0.21
534,2021-02-25,PAB,1494,548,946,22,340,0,727,0,405,1493,1,ITH,ITH1,4,Provincia Autonoma Bolzano / Bozen,P.A. Bolzano,533050,1494,0.28,0.28
535,2021-03-03,PAB,1162,391,771,12,13,6,345,51,735,1149,13,ITH,ITH1,4,Provincia Autonoma Bolzano / Bozen,P.A. Bolzano,533050,2656,0.5,0.22
536,2021-03-04,PAB,1669,988,681,293,598,25,40,452,261,1457,212,ITH,ITH1,4,Provincia Autonoma Bolzano / Bozen,P.A. Bolzano,533050,4325,0.81,0.31
537,2021-02-22,PAB,520,142,378,338,168,0,4,0,10,510,10,ITH,ITH1,4,Provincia Autonoma Bolzano / Bozen,P.A. Bolzano,533050,4845,0.91,0.1
538,2021-02-13,PAB,318,79,239,126,184,7,1,0,0,312,6,ITH,ITH1,4,Provincia Autonoma Bolzano / Bozen,P.A. Bolzano,533050,5163,0.97,0.06
539,2021-01-04,PAB,469,191,278,397,72,0,0,0,0,469,0,ITH,ITH1,4,Provincia Autonoma Bolzano / Bozen,P.A. Bolzano,533050,5632,1.06,0.09
540,2021-02-20,PAB,1502,471,1031,196,83,24,469,1,729,1484,18,ITH,ITH1,4,Provincia Autonoma Bolzano / Bozen,P.A. Bolzano,533050,7134,1.34,0.28
541,2021-03-11,PAB,1632,801,831,89,551,62,365,233,332,1123,509,ITH,ITH1,4,Provincia Autonoma Bolzano / Bozen,P.A. Bolzano,533050,8766,1.64,0.31
542,2021-01-07,PAB,892,317,575,613,227,0,52,0,0,892,0,ITH,ITH1,4,Provincia Autonoma Bolzano / Bozen,P.A. Bolzano,533050,9658,1.81,0.17
543,2021-03-05,PAB,1755,590,1165,334,385,28,760,9,239,1314,441,ITH,ITH1,4,Provincia Autonoma Bolzano / Bozen,P.A. Bolzano,533050,11413,2.14,0.33
544,2021-01-23,PAB,195,115,80,183,12,0,0,0,0,0,195,ITH,ITH1,4,Provincia Autonoma Bolzano / Bozen,P.A. Bolzano,533050,11608,2.18,0.04
545,2021-02-27,PAB,2454,758,1696,202,128,8,881,3,1232,2445,9,ITH,ITH1,4,Provincia Autonoma Bolzano / Bozen,P.A. Bolzano,533050,14062,2.64,0.46
546,2021-01-17,PAB,2270,1025,1245,54,236,19,1961,0,0,2259,11,ITH,ITH1,4,Provincia Autonoma Bolzano / Bozen,P.A. Bolzano,533050,16332,3.06,0.43
547,2021-02-04,PAB,1840,556,1284,623,598,405,214,0,0,8,1832,ITH,ITH1,4,Provincia Autonoma Bolzano / Bozen,P.A. Bolzano,533050,18172,3.41,0.35
548,2021-01-25,PAB,462,177,285,380,80,0,1,0,1,3,459,ITH,ITH1,4,Provincia Autonoma Bolzano / Bozen,P.A. Bolzano,533050,18634,3.5,0.09
549,2021-02-24,PAB,1361,403,958,10,3,0,0,0,1348,1349,12,ITH,ITH1,4,Provincia Autonoma Bolzano / Bozen,P.A. Bolzano,533050,19995,3.75,0.26
550,2021-02-12,PAB,721,214,507,312,296,104,7,2,0,475,246,ITH,ITH1,4,Provincia Autonoma Bolzano / Bozen,P.A. Bolzano,533050,20716,3.89,0.14
551,2021-01-27,PAB,84,28,56,54,30,0,0,0,0,1,83,ITH,ITH1,4,Provincia Autonoma Bolzano / Bozen,P.A. Bolzano,533050,20800,3.9,0.02
552,2021-02-16,PAB,528,205,323,10,7,0,511,0,0,528,0,ITH,ITH1,4,Provincia Autonoma Bolzano / Bozen,P.A. Bolzano,533050,21328,4.0,0.1
553,2021-03-01,PAB,891,213,678,0,181,0,0,0,710,891,0,ITH,ITH1,4,Provincia Autonoma Bolzano / Bozen,P.A. Bolzano,533050,22219,4.17,0.17
554,2021-01-06,PAB,59,18,41,59,0,0,0,0,0,59,0,ITH,ITH1,4,Provincia Autonoma Bolzano / Bozen,P.A. Bolzano,533050,22278,4.18,0.01
555,2021-01-14,PAB,1808,539,1269,477,760,285,286,0,0,1808,0,ITH,ITH1,4,Provincia Autonoma Bolzano / Bozen,P.A. Bolzano,533050,24086,4.52,0.34
556,2021-02-02,PAB,1731,500,1231,617,500,605,9,0,0,8,1723,ITH,ITH1,4,Provincia Autonoma Bolzano / Bozen,P.A. Bolzano,533050,25817,4.84,0.32
557,2021-02-08,PAB,1,1,0,0,1,0,0,0,0,1,0,ITH,ITH1,4,Provincia Autonoma Bolzano / Bozen,P.A. Bolzano,533050,25818,4.84,0.0
558,2021-01-15,PAB,3027,1119,1908,532,899,336,1260,0,0,3027,0,ITH,ITH1,4,Provincia Autonoma Bolzano / Bozen,P.A. Bolzano,533050,28845,5.41,0.57
559,2021-01-13,PAB,1317,409,908,368,588,255,106,0,0,1317,0,ITH,ITH1,4,Provincia Autonoma Bolzano / Bozen,P.A. Bolzano,533050,30162,5.66,0.25
560,2021-02-09,PAB,317,126,191,64,22,2,227,0,2,1,316,ITH,ITH1,4,Provincia Autonoma Bolzano / Bozen,P.A. Bolzano,533050,30479,5.72,0.06
561,2021-01-28,PAB,867,307,560,584,214,69,0,0,0,10,857,ITH,ITH1,4,Provincia Autonoma Bolzano / Bozen,P.A. Bolzano,533050,31346,5.88,0.16
562,2021-01-29,PAB,1488,508,980,856,331,295,2,0,4,23,1465,ITH,ITH1,4,Provincia Autonoma Bolzano / Bozen,P.A. Bolzano,533050,32834,6.16,0.28
563,2021-02-06,PAB,2298,1025,1273,446,375,6,1470,0,1,18,2280,ITH,ITH1,4,Provincia Autonoma Bolzano / Bozen,P.A. Bolzano,533050,35132,6.59,0.43
564,2021-02-03,PAB,1445,457,988,615,441,321,68,0,0,5,1440,ITH,ITH1,4,Provincia Autonoma Bolzano / Bozen,P.A. Bolzano,533050,36577,6.86,0.27
565,2021-03-06,PAB,3945,2068,1877,478,871,7,1953,255,381,3733,212,ITH,ITH1,4,Provincia Autonoma Bolzano / Bozen,P.A. Bolzano,533050,40522,7.6,0.74
566,2021-01-22,PAB,241,138,103,129,23,85,3,0,1,124,117,ITH,ITH1,4,Provincia Autonoma Bolzano / Bozen,P.A. Bolzano,533050,40763,7.65,0.05
567,2021-01-18,PAB,1656,638,1018,369,299,7,981,0,0,1652,4,ITH,ITH1,4,Provincia Autonoma Bolzano / Bozen,P.A. Bolzano,533050,42419,7.96,0.31
568,2021-03-07,PAB,114,13,101,59,51,0,3,0,1,9,105,ITH,ITH1,4,Provincia Autonoma Bolzano / Bozen,P.A. Bolzano,533050,42533,7.98,0.02
569,2021-03-02,PAB,681,193,488,1,1,0,0,7,672,681,0,ITH,ITH1,4,Provincia Autonoma Bolzano / Bozen,P.A. Bolzano,533050,43214,8.11,0.13
570,2021-02-11,PAB,1030,408,622,202,383,102,343,0,0,222,808,ITH,ITH1,4,Provincia Autonoma Bolzano / Bozen,P.A. Bolzano,533050,44244,8.3,0.19
571,2021-02-10,PAB,1630,602,1028,489,559,1,581,0,0,26,1604,ITH,ITH1,4,Provincia Autonoma Bolzano / Bozen,P.A. Bolzano,533050,45874,8.61,0.31
572,2021-03-12,PAB,837,386,451,51,342,41,297,57,49,687,150,ITH,ITH1,4,Provincia Autonoma Bolzano / Bozen,P.A. Bolzano,533050,46711,8.76,0.16
573,2021-02-26,PAB,1367,488,879,51,137,1,846,0,332,1337,30,ITH,ITH1,4,Provincia Autonoma Bolzano / Bozen,P.A. Bolzano,533050,48078,9.02,0.26
574,2021-03-13,PAB,2033,1083,950,163,1300,1,466,84,19,1932,101,ITH,ITH1,4,Provincia Autonoma Bolzano / Bozen,P.A. Bolzano,533050,50111,9.4,0.38
575,2021-02-05,PAB,2789,1036,1753,641,677,394,1077,0,0,6,2783,ITH,ITH1,4,Provincia Autonoma Bolzano / Bozen,P.A. Bolzano,533050,52900,9.92,0.52
576,2021-01-19,PAB,810,349,461,170,65,0,575,0,0,680,130,ITH,ITH1,4,Provincia Autonoma Bolzano / Bozen,P.A. Bolzano,533050,53710,10.08,0.15
577,2021-01-05,PAB,820,283,537,718,102,0,0,0,0,820,0,ITH,ITH1,4,Provincia Autonoma Bolzano / Bozen,P.A. Bolzano,533050,54530,10.23,0.15
578,2021-02-07,PAB,2163,974,1189,99,397,1,1666,0,0,10,2153,ITH,ITH1,4,Provincia Autonoma Bolzano / Bozen,P.A. Bolzano,533050,56693,10.64,0.41
579,2021-01-21,PAB,915,426,489,719,101,68,27,0,0,138,777,ITH,ITH1,4,Provincia Autonoma Bolzano / Bozen,P.A. Bolzano,533050,57608,10.81,0.17
580,2021-01-26,PAB,809,291,518,670,139,0,0,0,0,1,808,ITH,ITH1,4,Provincia Autonoma Bolzano / Bozen,P.A. Bolzano,533050,58417,10.96,0.15
581,2021-01-03,PAB,41,16,25,33,7,0,1,0,0,41,0,ITH,ITH1,4,Provincia Autonoma Bolzano / Bozen,P.A. Bolzano,533050,58458,10.97,0.01
582,2021-01-20,PAB,609,248,361,283,76,0,250,0,0,401,208,ITH,ITH1,4,Provincia Autonoma Bolzano / Bozen,P.A. Bolzano,533050,59067,11.08,0.11
583,2021-03-08,PAB,1187,517,670,23,285,164,712,0,3,1161,26,ITH,ITH1,4,Provincia Autonoma Bolzano / Bozen,P.A. Bolzano,533050,60254,11.3,0.22
584,2021-01-10,PAB,2,2,0,1,1,0,0,0,0,2,0,ITH,ITH1,4,Provincia Autonoma Bolzano / Bozen,P.A. Bolzano,533050,60256,11.3,0.0
585,2021-01-30,PAB,496,244,252,216,179,101,0,0,0,4,492,ITH,ITH1,4,Provincia Autonoma Bolzano / Bozen,P.A. Bolzano,533050,60752,11.4,0.09
586,2021-03-14,PAB,753,336,417,130,37,33,552,1,0,25,728,ITH,ITH1,4,Provincia Autonoma Bolzano / Bozen,P.A. Bolzano,533050,61505,11.54,0.14
587,2021-01-24,PAB,12,10,2,1,11,0,0,0,0,0,12,ITH,ITH1,4,Provincia Autonoma Bolzano / Bozen,P.A. Bolzano,533050,61517,11.54,0.0
588,2021-02-17,PAB,4,1,3,1,2,0,1,0,0,2,2,ITH,ITH1,4,Provincia Autonoma Bolzano / Bozen,P.A. Bolzano,533050,61521,11.54,0.0
589,2021-01-09,PAB,600,317,283,75,439,74,12,0,0,600,0,ITH,ITH1,4,Provincia Autonoma Bolzano / Bozen,P.A. Bolzano,533050,62121,11.65,0.11
590,2021-03-09,PAB,1185,540,645,29,101,21,915,72,47,1183,2,ITH,ITH1,4,Provincia Autonoma Bolzano / Bozen,P.A. Bolzano,533050,63306,11.88,0.22
591,2021-03-10,PAB,1172,446,726,653,188,0,134,80,117,1029,143,ITH,ITH1,4,Provincia Autonoma Bolzano / Bozen,P.A. Bolzano,533050,64478,12.1,0.22
592,2021-02-23,PAB,762,320,442,0,58,0,620,0,84,757,5,ITH,ITH1,4,Provincia Autonoma Bolzano / Bozen,P.A. Bolzano,533050,65240,12.24,0.14
593,2021-01-16,PAB,2748,1229,1519,449,360,77,1861,0,1,2748,0,ITH,ITH1,4,Provincia Autonoma Bolzano / Bozen,P.A. Bolzano,533050,67988,12.75,0.52
594,2021-01-12,PAB,1527,398,1129,299,680,475,73,0,0,1527,0,ITH,ITH1,4,Provincia Autonoma Bolzano / Bozen,P.A. Bolzano,533050,69515,13.04,0.29
595,2021-02-01,PAB,1385,404,981,706,382,296,0,0,1,11,1374,ITH,ITH1,4,Provincia Autonoma Bolzano / Bozen,P.A. Bolzano,533050,70900,13.3,0.26
596,2021-02-18,PAB,1641,401,1240,23,313,20,4,0,1281,1638,3,ITH,ITH1,4,Provincia Autonoma Bolzano / Bozen,P.A. Bolzano,533050,72541,13.61,0.31
597,2021-01-08,PAB,1488,469,1019,760,466,166,96,0,0,1488,0,ITH,ITH1,4,Provincia Autonoma Bolzano / Bozen,P.A. Bolzano,533050,74029,13.89,0.28
598,2020-12-31,PAB,867,497,370,440,427,0,0,0,0,867,0,ITH,ITH1,4,Provincia Autonoma Bolzano / Bozen,P.A. Bolzano,533050,74896,14.05,0.16
599,2021-02-19,PAB,1956,448,1508,121,250,73,7,0,1505,1945,11,ITH,ITH1,4,Provincia Autonoma Bolzano / Bozen,P.A. Bolzano,533050,76852,14.42,0.37
600,2020-12-27,PAB,143,65,78,136,6,0,1,0,0,143,0,ITH,ITH1,4,Provincia Autonoma Bolzano / Bozen,P.A. Bolzano,533050,76995,14.44,0.03
601,2021-01-11,PAB,1501,476,1025,532,645,174,150,0,0,1501,0,ITH,ITH1,4,Provincia Autonoma Bolzano / Bozen,P.A. Bolzano,533050,78496,14.73,0.28
602,2020-12-30,PAB,362,168,194,321,41,0,0,0,0,362,0,ITH,ITH1,4,Provincia Autonoma Bolzano / Bozen,P.A. Bolzano,533050,78858,14.79,0.07
603,2021-01-02,PAB,91,48,43,69,22,0,0,0,0,91,0,ITH,ITH1,4,Provincia Autonoma Bolzano / Bozen,P.A. Bolzano,533050,78949,14.81,0.02
604,2021-02-15,PAB,72,42,30,17,10,40,5,0,0,26,46,ITH,ITH1,4,Provincia Autonoma Bolzano / Bozen,P.A. Bolzano,533050,79021,14.82,0.01
605,2021-01-01,PAB,1,1,0,1,0,0,0,0,0,1,0,ITH,ITH1,4,Provincia Autonoma Bolzano / Bozen,P.A. Bolzano,533050,79022,14.82,0.0
606,2021-03-13,LAZ,20863,8181,12682,4849,2431,304,8820,720,3739,15055,5808,ITI,ITI4,12,Lazio,Lazio,5879082,20863,0.35,0.35
607,2021-01-03,LAZ,5250,1972,3278,5125,60,65,0,0,0,5250,0,ITI,ITI4,12,Lazio,Lazio,5879082,26113,0.44,0.09
608,2021-02-03,LAZ,6288,2348,3940,4620,555,1078,35,0,0,901,5387,ITI,ITI4,12,Lazio,Lazio,5879082,32401,0.55,0.11
609,2021-02-06,LAZ,5069,2015,3054,3270,630,660,509,0,0,769,4300,ITI,ITI4,12,Lazio,Lazio,5879082,37470,0.64,0.09
610,2021-01-19,LAZ,4360,1671,2689,2967,561,424,408,0,0,3907,453,ITI,ITI4,12,Lazio,Lazio,5879082,41830,0.71,0.07
611,2021-03-10,LAZ,21579,9296,12283,3938,2609,449,8788,1179,4616,15956,5623,ITI,ITI4,12,Lazio,Lazio,5879082,63409,1.08,0.37
612,2021-02-18,LAZ,9670,4798,4872,2160,415,473,4956,1665,1,9172,498,ITI,ITI4,12,Lazio,Lazio,5879082,73079,1.24,0.16
613,2021-02-19,LAZ,9679,4884,4795,2170,389,408,5042,1636,34,9182,497,ITI,ITI4,12,Lazio,Lazio,5879082,82758,1.41,0.16
614,2021-02-12,LAZ,6494,2645,3849,1995,423,302,3774,0,0,6417,77,ITI,ITI4,12,Lazio,Lazio,5879082,89252,1.52,0.11
615,2021-01-25,LAZ,7761,3041,4720,7006,270,363,122,0,0,421,7340,ITI,ITI4,12,Lazio,Lazio,5879082,97013,1.65,0.13
616,2021-02-26,LAZ,12805,5579,7226,1908,1331,323,5119,1385,2739,11587,1218,ITI,ITI4,12,Lazio,Lazio,5879082,109818,1.87,0.22
617,2021-02-17,LAZ,8807,4370,4437,2282,432,499,4248,1345,1,8279,528,ITI,ITI4,12,Lazio,Lazio,5879082,118625,2.02,0.15
618,2021-01-24,LAZ,5467,2109,3358,4945,262,134,126,0,0,385,5082,ITI,ITI4,12,Lazio,Lazio,5879082,124092,2.11,0.09
619,2021-01-27,LAZ,5768,2170,3598,4797,385,457,129,0,0,651,5117,ITI,ITI4,12,Lazio,Lazio,5879082,129860,2.21,0.1
620,2021-02-10,LAZ,7772,3112,4660,2646,580,633,3913,0,0,4837,2935,ITI,ITI4,12,Lazio,Lazio,5879082,137632,2.34,0.13
621,2021-01-31,LAZ,4279,1783,2496,3572,339,244,124,0,0,296,3983,ITI,ITI4,12,Lazio,Lazio,5879082,141911,2.41,0.07
622,2021-02-07,LAZ,4668,1865,2803,3251,385,218,813,0,1,382,4286,ITI,ITI4,12,Lazio,Lazio,5879082,146579,2.49,0.08
623,2021-02-08,LAZ,9334,3868,5466,3788,874,918,3754,0,0,4487,4847,ITI,ITI4,12,Lazio,Lazio,5879082,155913,2.65,0.16
624,2021-01-04,LAZ,7477,2907,4570,7074,86,316,0,0,1,7477,0,ITI,ITI4,12,Lazio,Lazio,5879082,163390,2.78,0.13
625,2021-02-01,LAZ,5669,2173,3496,4784,319,559,7,0,0,353,5316,ITI,ITI4,12,Lazio,Lazio,5879082,169059,2.88,0.1
626,2021-01-07,LAZ,7720,2892,4828,6878,276,566,0,0,0,7720,0,ITI,ITI4,12,Lazio,Lazio,5879082,176779,3.01,0.13
627,2021-03-11,LAZ,23398,10428,12970,4755,3126,440,9115,1526,4436,17218,6180,ITI,ITI4,12,Lazio,Lazio,5879082,200177,3.4,0.4
628,2021-01-28,LAZ,7954,2998,4956,6810,496,514,134,0,0,459,7495,ITI,ITI4,12,Lazio,Lazio,5879082,208131,3.54,0.14
629,2021-01-30,LAZ,6649,2730,3919,5298,574,651,126,0,0,448,6201,ITI,ITI4,12,Lazio,Lazio,5879082,214780,3.65,0.11
630,2021-03-15,LAZ,9646,4231,5415,992,1735,133,5097,337,1352,6217,3429,ITI,ITI4,12,Lazio,Lazio,5879082,224426,3.82,0.16
631,2021-02-22,LAZ,11377,4965,6412,1776,309,472,5208,1390,2222,10876,501,ITI,ITI4,12,Lazio,Lazio,5879082,235803,4.01,0.19
632,2021-02-24,LAZ,11942,5171,6771,1795,936,337,5147,1327,2400,10953,989,ITI,ITI4,12,Lazio,Lazio,5879082,247745,4.21,0.2
633,2020-12-30,LAZ,1629,629,1000,1602,0,27,0,0,0,1629,0,ITI,ITI4,12,Lazio,Lazio,5879082,249374,4.24,0.03
634,2021-01-17,LAZ,4555,1841,2714,3231,336,177,811,0,0,4343,212,ITI,ITI4,12,Lazio,Lazio,5879082,253929,4.32,0.08
635,2021-02-27,LAZ,11343,4239,7104,1358,884,514,4764,1120,2703,10390,953,ITI,ITI4,12,Lazio,Lazio,5879082,265272,4.51,0.19
636,2021-01-09,LAZ,6288,2556,3732,5110,558,620,0,0,0,6288,0,ITI,ITI4,12,Lazio,Lazio,5879082,271560,4.62,0.11
637,2020-12-28,LAZ,959,412,547,957,2,0,0,0,0,959,0,ITI,ITI4,12,Lazio,Lazio,5879082,272519,4.64,0.02
638,2021-01-05,LAZ,7370,2802,4568,6690,102,577,0,1,0,7370,0,ITI,ITI4,12,Lazio,Lazio,5879082,279889,4.76,0.13
639,2021-02-20,LAZ,8784,4078,4706,1941,461,298,4752,1310,22,8367,417,ITI,ITI4,12,Lazio,Lazio,5879082,288673,4.91,0.15
640,2021-03-03,LAZ,17000,7192,9808,2097,1374,374,7969,1249,3937,12710,4290,ITI,ITI4,12,Lazio,Lazio,5879082,305673,5.2,0.29
641,2021-01-20,LAZ,4389,1657,2732,3278,399,426,286,0,0,2849,1540,ITI,ITI4,12,Lazio,Lazio,5879082,310062,5.27,0.07
642,2021-03-02,LAZ,16505,7141,9364,1808,1421,229,8015,1278,3754,12576,3929,ITI,ITI4,12,Lazio,Lazio,5879082,326567,5.55,0.28
643,2021-01-10,LAZ,4039,1700,2339,3424,363,252,0,0,0,4039,0,ITI,ITI4,12,Lazio,Lazio,5879082,330606,5.62,0.07
644,2021-03-08,LAZ,19749,8168,11581,2418,2162,379,8980,1102,4708,14487,5262,ITI,ITI4,12,Lazio,Lazio,5879082,350355,5.96,0.34
645,2021-03-05,LAZ,18424,7774,10650,2715,1742,255,8420,1323,3969,13710,4714,ITI,ITI4,12,Lazio,Lazio,5879082,368779,6.27,0.31
646,2021-02-04,LAZ,6045,2281,3764,4460,621,892,72,0,0,942,5103,ITI,ITI4,12,Lazio,Lazio,5879082,374824,6.38,0.1
647,2021-01-22,LAZ,3662,1442,2220,3379,90,70,123,0,0,148,3514,ITI,ITI4,12,Lazio,Lazio,5879082,378486,6.44,0.06
648,2021-02-14,LAZ,5535,2245,3290,1645,318,127,3445,0,0,5286,249,ITI,ITI4,12,Lazio,Lazio,5879082,384021,6.53,0.09
649,2021-03-01,LAZ,16573,7090,9483,1551,1735,383,7919,1406,3579,12732,3841,ITI,ITI4,12,Lazio,Lazio,5879082,400594,6.81,0.28
650,2021-02-16,LAZ,8043,3862,4181,2058,578,261,4195,950,1,7786,257,ITI,ITI4,12,Lazio,Lazio,5879082,408637,6.95,0.14
651,2021-01-06,LAZ,5096,1951,3145,4619,155,320,0,1,1,5096,0,ITI,ITI4,12,Lazio,Lazio,5879082,413733,7.04,0.09
652,2021-03-14,LAZ,16895,6538,10357,1301,3346,81,8277,445,3445,11762,5133,ITI,ITI4,12,Lazio,Lazio,5879082,430628,7.32,0.29
653,2021-02-23,LAZ,10861,4668,6193,1896,598,309,5133,1015,1910,10237,624,ITI,ITI4,12,Lazio,Lazio,5879082,441489,7.51,0.18
654,2021-01-08,LAZ,7707,2887,4820,6517,392,798,0,0,0,7707,0,ITI,ITI4,12,Lazio,Lazio,5879082,449196,7.64,0.13
655,2021-01-29,LAZ,7593,2865,4728,6372,427,704,90,0,0,477,7116,ITI,ITI4,12,Lazio,Lazio,5879082,456789,7.77,0.13
656,2021-02-11,LAZ,6657,2788,3869,2196,334,500,3627,0,0,6459,198,ITI,ITI4,12,Lazio,Lazio,5879082,463446,7.88,0.11
657,2021-02-28,LAZ,10199,3991,6208,1601,688,77,4552,682,2599,9685,514,ITI,ITI4,12,Lazio,Lazio,5879082,473645,8.06,0.17
658,2021-01-18,LAZ,5835,2268,3567,3901,756,725,453,0,0,4857,978,ITI,ITI4,12,Lazio,Lazio,5879082,479480,8.16,0.1
659,2021-01-02,LAZ,6704,2629,4075,6268,78,358,0,0,0,6704,0,ITI,ITI4,12,Lazio,Lazio,5879082,486184,8.27,0.11
660,2021-03-09,LAZ,20693,8874,11819,3349,2278,338,8881,1230,4617,15502,5191,ITI,ITI4,12,Lazio,Lazio,5879082,506877,8.62,0.35
661,2021-01-14,LAZ,5217,1960,3257,3872,450,811,84,0,0,5217,0,ITI,ITI4,12,Lazio,Lazio,5879082,512094,8.71,0.09
662,2021-03-04,LAZ,18133,7721,10412,2771,1545,505,8092,1315,3905,13130,5003,ITI,ITI4,12,Lazio,Lazio,5879082,530227,9.02,0.31
663,2021-01-11,LAZ,5525,2103,3422,4553,403,569,0,0,0,5525,0,ITI,ITI4,12,Lazio,Lazio,5879082,535752,9.11,0.09
664,2021-03-07,LAZ,13962,5387,8575,1199,1229,148,7157,696,3533,10373,3589,ITI,ITI4,12,Lazio,Lazio,5879082,549714,9.35,0.24
665,2021-01-13,LAZ,5559,2063,3496,4145,402,1009,3,0,0,5559,0,ITI,ITI4,12,Lazio,Lazio,5879082,555273,9.44,0.09
666,2021-01-01,LAZ,3553,1381,2172,3483,2,68,0,0,0,3553,0,ITI,ITI4,12,Lazio,Lazio,5879082,558826,9.51,0.06
667,2021-03-12,LAZ,22308,9873,12435,4538,3372,400,9276,774,3948,16037,6271,ITI,ITI4,12,Lazio,Lazio,5879082,581134,9.88,0.38
668,2021-01-12,LAZ,5391,1974,3417,4343,464,584,0,0,0,5391,0,ITI,ITI4,12,Lazio,Lazio,5879082,586525,9.98,0.09
669,2021-01-23,LAZ,6883,2682,4201,6063,278,417,125,0,0,255,6628,ITI,ITI4,12,Lazio,Lazio,5879082,593408,10.09,0.12
670,2021-01-16,LAZ,5345,2072,3273,3350,461,1064,470,0,0,5345,0,ITI,ITI4,12,Lazio,Lazio,5879082,598753,10.18,0.09
671,2021-01-15,LAZ,6223,2465,3758,4476,604,988,155,0,0,6223,0,ITI,ITI4,12,Lazio,Lazio,5879082,604976,10.29,0.11
672,2021-02-21,LAZ,6776,3094,3682,1245,362,51,4495,607,16,6494,282,ITI,ITI4,12,Lazio,Lazio,5879082,611752,10.41,0.12
673,2020-12-29,LAZ,440,155,285,440,0,0,0,0,0,440,0,ITI,ITI4,12,Lazio,Lazio,5879082,612192,10.41,0.01
674,2021-02-15,LAZ,7726,3379,4347,2447,675,378,4218,8,0,7429,297,ITI,ITI4,12,Lazio,Lazio,5879082,619918,10.54,0.13
675,2021-01-21,LAZ,5247,2109,3138,4780,110,232,125,0,0,196,5051,ITI,ITI4,12,Lazio,Lazio,5879082,625165,10.63,0.09
676,2021-02-02,LAZ,5772,2133,3639,4712,486,571,3,0,0,501,5271,ITI,ITI4,12,Lazio,Lazio,5879082,630937,10.73,0.1
677,2020-12-27,LAZ,272,131,141,272,0,0,0,0,0,272,0,ITI,ITI4,12,Lazio,Lazio,5879082,631209,10.74,0.0
678,2021-03-06,LAZ,17856,6861,10995,3637,1363,327,7825,932,3772,13632,4224,ITI,ITI4,12,Lazio,Lazio,5879082,649065,11.04,0.3
679,2021-02-13,LAZ,6272,2435,3837,2123,213,280,3656,0,0,6184,88,ITI,ITI4,12,Lazio,Lazio,5879082,655337,11.15,0.11
680,2021-02-25,LAZ,12572,5492,7080,1753,1209,488,5088,1423,2611,11526,1046,ITI,ITI4,12,Lazio,Lazio,5879082,667909,11.36,0.21
681,2021-01-26,LAZ,7602,2907,4695,6590,256,631,125,0,0,372,7230,ITI,ITI4,12,Lazio,Lazio,5879082,675511,11.49,0.13
682,2021-02-05,LAZ,6910,2722,4188,5095,631,995,189,0,0,1131,5779,ITI,ITI4,12,Lazio,Lazio,5879082,682421,11.61,0.12
683,2021-02-09,LAZ,8392,3484,4908,3258,581,548,4005,0,0,4571,3821,ITI,ITI4,12,Lazio,Lazio,5879082,690813,11.75,0.14
684,2020-12-31,LAZ,5218,2095,3123,4927,12,279,0,0,0,5218,0,ITI,ITI4,12,Lazio,Lazio,5879082,696031,11.84,0.09
685,2021-01-12,FVG,2257,712,1545,1526,370,361,0,0,0,2257,0,ITH,ITH4,6,Friuli-Venezia Giulia,Friuli Venezia Giulia,1215220,2257,0.19,0.19
686,2021-03-09,FVG,3817,1570,2247,654,521,195,1965,60,422,1103,2714,ITH,ITH4,6,Friuli-Venezia Giulia,Friuli Venezia Giulia,1215220,6074,0.5,0.31
687,2021-02-05,FVG,2613,784,1829,1612,511,490,0,0,0,90,2523,ITH,ITH4,6,Friuli-Venezia Giulia,Friuli Venezia Giulia,1215220,8687,0.71,0.22
688,2021-01-30,FVG,2271,744,1527,1475,354,442,0,0,0,270,2001,ITH,ITH4,6,Friuli-Venezia Giulia,Friuli Venezia Giulia,1215220,10958,0.9,0.19
689,2021-02-03,FVG,2646,790,1856,1701,558,386,1,0,0,23,2623,ITH,ITH4,6,Friuli-Venezia Giulia,Friuli Venezia Giulia,1215220,13604,1.12,0.22
690,2021-01-20,FVG,750,323,427,719,31,0,0,0,0,12,738,ITH,ITH4,6,Friuli-Venezia Giulia,Friuli Venezia Giulia,1215220,14354,1.18,0.06
691,2021-01-05,FVG,1679,550,1129,1349,133,197,0,0,0,1679,0,ITH,ITH4,6,Friuli-Venezia Giulia,Friuli Venezia Giulia,1215220,16033,1.32,0.14
692,2021-01-16,FVG,1231,360,871,771,212,248,0,0,0,1231,0,ITH,ITH4,6,Friuli-Venezia Giulia,Friuli Venezia Giulia,1215220,17264,1.42,0.1
693,2021-02-08,FVG,2354,693,1661,1399,521,434,0,0,0,91,2263,ITH,ITH4,6,Friuli-Venezia Giulia,Friuli Venezia Giulia,1215220,19618,1.61,0.19
694,2021-02-20,FVG,2068,933,1135,11,19,148,1584,0,306,1924,144,ITH,ITH4,6,Friuli-Venezia Giulia,Friuli Venezia Giulia,1215220,21686,1.78,0.17
695,2021-01-24,FVG,305,119,186,277,27,1,0,0,0,1,304,ITH,ITH4,6,Friuli-Venezia Giulia,Friuli Venezia Giulia,1215220,21991,1.81,0.03
696,2021-02-22,FVG,2484,1192,1292,430,325,115,1363,246,5,2066,418,ITH,ITH4,6,Friuli-Venezia Giulia,Friuli Venezia Giulia,1215220,24475,2.01,0.2
697,2021-02-28,FVG,2668,988,1680,234,163,0,405,378,1488,2273,395,ITH,ITH4,6,Friuli-Venezia Giulia,Friuli Venezia Giulia,1215220,27143,2.23,0.22
698,2021-02-25,FVG,3062,1600,1462,21,128,189,1551,433,740,3037,25,ITH,ITH4,6,Friuli-Venezia Giulia,Friuli Venezia Giulia,1215220,30205,2.49,0.25
699,2021-01-31,FVG,2713,836,1877,1692,1003,18,0,0,0,385,2328,ITH,ITH4,6,Friuli-Venezia Giulia,Friuli Venezia Giulia,1215220,32918,2.71,0.22
700,2021-02-10,FVG,1352,496,856,745,487,119,0,0,1,1266,86,ITH,ITH4,6,Friuli-Venezia Giulia,Friuli Venezia Giulia,1215220,34270,2.82,0.11
701,2021-01-26,FVG,1972,647,1325,1439,152,381,0,0,0,214,1758,ITH,ITH4,6,Friuli-Venezia Giulia,Friuli Venezia Giulia,1215220,36242,2.98,0.16
702,2021-03-10,FVG,3290,1481,1809,296,343,167,1980,309,195,1520,1770,ITH,ITH4,6,Friuli-Venezia Giulia,Friuli Venezia Giulia,1215220,39532,3.25,0.27
703,2021-01-03,FVG,312,122,190,285,26,1,0,0,0,312,0,ITH,ITH4,6,Friuli-Venezia Giulia,Friuli Venezia Giulia,1215220,39844,3.28,0.03
704,2021-01-10,FVG,2941,919,2022,1745,951,245,0,0,0,2941,0,ITH,ITH4,6,Friuli-Venezia Giulia,Friuli Venezia Giulia,1215220,42785,3.52,0.24
705,2021-01-13,FVG,2651,834,1817,1822,599,230,0,0,0,2651,0,ITH,ITH4,6,Friuli-Venezia Giulia,Friuli Venezia Giulia,1215220,45436,3.74,0.22
706,2021-03-12,FVG,3514,1357,2157,141,107,25,2589,66,586,2136,1378,ITH,ITH4,6,Friuli-Venezia Giulia,Friuli Venezia Giulia,1215220,48950,4.03,0.29
707,2021-01-27,FVG,1269,425,844,849,356,64,0,0,0,447,822,ITH,ITH4,6,Friuli-Venezia Giulia,Friuli Venezia Giulia,1215220,50219,4.13,0.1
708,2021-01-18,FVG,1960,607,1353,1358,492,110,0,0,0,1866,94,ITH,ITH4,6,Friuli-Venezia Giulia,Friuli Venezia Giulia,1215220,52179,4.29,0.16
709,2021-02-13,FVG,562,175,387,334,228,0,0,0,0,556,6,ITH,ITH4,6,Friuli-Venezia Giulia,Friuli Venezia Giulia,1215220,52741,4.34,0.05
710,2021-03-01,FVG,2840,998,1842,82,97,164,1544,4,949,2799,41,ITH,ITH4,6,Friuli-Venezia Giulia,Friuli Venezia Giulia,1215220,55581,4.57,0.23
711,2021-01-29,FVG,2413,813,1600,1855,321,237,0,0,0,264,2149,ITH,ITH4,6,Friuli-Venezia Giulia,Friuli Venezia Giulia,1215220,57994,4.77,0.2
712,2021-03-15,FVG,520,276,244,7,5,0,441,67,0,73,447,ITH,ITH4,6,Friuli-Venezia Giulia,Friuli Venezia Giulia,1215220,58514,4.82,0.04
713,2020-12-31,FVG,1053,384,669,1011,42,0,0,0,0,1053,0,ITH,ITH4,6,Friuli-Venezia Giulia,Friuli Venezia Giulia,1215220,59567,4.9,0.09
714,2021-01-04,FVG,1510,559,951,1392,118,0,0,0,0,1510,0,ITH,ITH4,6,Friuli-Venezia Giulia,Friuli Venezia Giulia,1215220,61077,5.03,0.12
715,2021-02-21,FVG,799,280,519,213,177,25,383,1,0,422,377,ITH,ITH4,6,Friuli-Venezia Giulia,Friuli Venezia Giulia,1215220,61876,5.09,0.07
716,2021-03-14,FVG,1021,387,634,0,7,0,243,189,582,773,248,ITH,ITH4,6,Friuli-Venezia Giulia,Friuli Venezia Giulia,1215220,62897,5.18,0.08
717,2021-01-28,FVG,2235,792,1443,1754,287,194,0,0,0,354,1881,ITH,ITH4,6,Friuli-Venezia Giulia,Friuli Venezia Giulia,1215220,65132,5.36,0.18
718,2021-03-11,FVG,2818,1182,1636,227,131,187,1795,82,396,1181,1637,ITH,ITH4,6,Friuli-Venezia Giulia,Friuli Venezia Giulia,1215220,67950,5.59,0.23
719,2021-03-04,FVG,3396,1571,1825,356,250,88,1811,490,401,2763,633,ITH,ITH4,6,Friuli-Venezia Giulia,Friuli Venezia Giulia,1215220,71346,5.87,0.28
720,2021-01-07,FVG,2091,718,1373,1759,222,110,0,0,0,2091,0,ITH,ITH4,6,Friuli-Venezia Giulia,Friuli Venezia Giulia,1215220,73437,6.04,0.17
721,2021-01-08,FVG,2322,747,1575,1680,246,396,0,0,0,2322,0,ITH,ITH4,6,Friuli-Venezia Giulia,Friuli Venezia Giulia,1215220,75759,6.23,0.19
722,2020-12-30,FVG,630,246,384,601,29,0,0,0,0,630,0,ITH,ITH4,6,Friuli-Venezia Giulia,Friuli Venezia Giulia,1215220,76389,6.29,0.05
723,2021-02-07,FVG,1560,483,1077,865,693,2,0,0,0,385,1175,ITH,ITH4,6,Friuli-Venezia Giulia,Friuli Venezia Giulia,1215220,77949,6.41,0.13
724,2021-01-19,FVG,7,2,5,5,0,2,0,0,0,7,0,ITH,ITH4,6,Friuli-Venezia Giulia,Friuli Venezia Giulia,1215220,77956,6.41,0.0
725,2021-03-03,FVG,3620,1617,2003,748,558,100,1320,469,425,2344,1276,ITH,ITH4,6,Friuli-Venezia Giulia,Friuli Venezia Giulia,1215220,81576,6.71,0.3
726,2021-03-06,FVG,3485,1192,2293,182,259,1,1561,20,1462,3159,326,ITH,ITH4,6,Friuli-Venezia Giulia,Friuli Venezia Giulia,1215220,85061,7.0,0.29
727,2020-12-27,FVG,262,149,113,259,3,0,0,0,0,262,0,ITH,ITH4,6,Friuli-Venezia Giulia,Friuli Venezia Giulia,1215220,85323,7.02,0.02
728,2021-02-02,FVG,2466,806,1660,1657,393,416,0,0,0,217,2249,ITH,ITH4,6,Friuli-Venezia Giulia,Friuli Venezia Giulia,1215220,87789,7.22,0.2
729,2021-02-06,FVG,1154,338,816,755,208,191,0,0,0,22,1132,ITH,ITH4,6,Friuli-Venezia Giulia,Friuli Venezia Giulia,1215220,88943,7.32,0.09
730,2021-02-18,FVG,3209,1487,1722,229,138,331,1499,34,978,2803,406,ITH,ITH4,6,Friuli-Venezia Giulia,Friuli Venezia Giulia,1215220,92152,7.58,0.26
731,2021-02-19,FVG,3249,1288,1961,564,322,312,1588,35,428,2820,429,ITH,ITH4,6,Friuli-Venezia Giulia,Friuli Venezia Giulia,1215220,95401,7.85,0.27
732,2021-02-24,FVG,2515,1082,1433,23,55,310,1830,0,297,2497,18,ITH,ITH4,6,Friuli-Venezia Giulia,Friuli Venezia Giulia,1215220,97916,8.06,0.21
733,2021-02-11,FVG,1930,663,1267,1134,568,224,3,1,0,1737,193,ITH,ITH4,6,Friuli-Venezia Giulia,Friuli Venezia Giulia,1215220,99846,8.22,0.16
734,2021-01-25,FVG,1582,567,1015,1369,141,72,0,0,0,194,1388,ITH,ITH4,6,Friuli-Venezia Giulia,Friuli Venezia Giulia,1215220,101428,8.35,0.13
735,2021-01-21,FVG,894,345,549,863,31,0,0,0,0,1,893,ITH,ITH4,6,Friuli-Venezia Giulia,Friuli Venezia Giulia,1215220,102322,8.42,0.07
736,2021-02-23,FVG,2610,1249,1361,105,105,206,1939,254,1,2432,178,ITH,ITH4,6,Friuli-Venezia Giulia,Friuli Venezia Giulia,1215220,104932,8.63,0.21
737,2021-02-26,FVG,3716,2087,1629,75,140,433,1737,1032,299,3570,146,ITH,ITH4,6,Friuli-Venezia Giulia,Friuli Venezia Giulia,1215220,108648,8.94,0.31
738,2021-01-22,FVG,90,30,60,89,1,0,0,0,0,0,90,ITH,ITH4,6,Friuli-Venezia Giulia,Friuli Venezia Giulia,1215220,108738,8.95,0.01
739,2021-03-08,FVG,3872,1528,2344,683,538,7,2169,39,436,1816,2056,ITH,ITH4,6,Friuli-Venezia Giulia,Friuli Venezia Giulia,1215220,112610,9.27,0.32
740,2021-02-12,FVG,1200,428,772,674,395,128,2,0,1,1150,50,ITH,ITH4,6,Friuli-Venezia Giulia,Friuli Venezia Giulia,1215220,113810,9.37,0.1
741,2021-02-17,FVG,2348,997,1351,327,193,228,1554,46,0,1870,478,ITH,ITH4,6,Friuli-Venezia Giulia,Friuli Venezia Giulia,1215220,116158,9.56,0.19
742,2021-03-02,FVG,4214,1515,2699,1163,675,202,1535,5,634,2711,1503,ITH,ITH4,6,Friuli-Venezia Giulia,Friuli Venezia Giulia,1215220,120372,9.91,0.35
743,2021-01-23,FVG,816,324,492,768,48,0,0,0,0,4,812,ITH,ITH4,6,Friuli-Venezia Giulia,Friuli Venezia Giulia,1215220,121188,9.97,0.07
744,2021-03-07,FVG,2535,925,1610,1,158,0,143,452,1781,2534,1,ITH,ITH4,6,Friuli-Venezia Giulia,Friuli Venezia Giulia,1215220,123723,10.18,0.21
745,2021-02-16,FVG,2515,1134,1381,260,275,221,1759,0,0,2399,116,ITH,ITH4,6,Friuli-Venezia Giulia,Friuli Venezia Giulia,1215220,126238,10.39,0.21
746,2021-01-09,FVG,2518,841,1677,1519,406,593,0,0,0,2518,0,ITH,ITH4,6,Friuli-Venezia Giulia,Friuli Venezia Giulia,1215220,128756,10.6,0.21
747,2021-02-09,FVG,1848,556,1292,1053,509,286,0,0,0,1559,289,ITH,ITH4,6,Friuli-Venezia Giulia,Friuli Venezia Giulia,1215220,130604,10.75,0.15
748,2021-02-01,FVG,2093,687,1406,1587,371,135,0,0,0,14,2079,ITH,ITH4,6,Friuli-Venezia Giulia,Friuli Venezia Giulia,1215220,132697,10.92,0.17
749,2021-03-13,FVG,2730,1055,1675,10,12,86,1999,37,586,1474,1256,ITH,ITH4,6,Friuli-Venezia Giulia,Friuli Venezia Giulia,1215220,135427,11.14,0.22
750,2021-02-15,FVG,2451,909,1542,698,405,314,1034,0,0,2201,250,ITH,ITH4,6,Friuli-Venezia Giulia,Friuli Venezia Giulia,1215220,137878,11.35,0.2
751,2021-03-05,FVG,3615,1426,2189,1043,684,33,1668,43,144,2581,1034,ITH,ITH4,6,Friuli-Venezia Giulia,Friuli Venezia Giulia,1215220,141493,11.64,0.3
752,2021-02-04,FVG,2731,807,1924,1723,543,465,0,0,0,36,2695,ITH,ITH4,6,Friuli-Venezia Giulia,Friuli Venezia Giulia,1215220,144224,11.87,0.22
753,2021-01-06,FVG,709,264,445,514,195,0,0,0,0,709,0,ITH,ITH4,6,Friuli-Venezia Giulia,Friuli Venezia Giulia,1215220,144933,11.93,0.06
754,2021-01-14,FVG,2588,789,1799,1608,550,430,0,0,0,2588,0,ITH,ITH4,6,Friuli-Venezia Giulia,Friuli Venezia Giulia,1215220,147521,12.14,0.21
755,2021-02-27,FVG,3414,1175,2239,202,171,0,1520,25,1496,3414,0,ITH,ITH4,6,Friuli-Venezia Giulia,Friuli Venezia Giulia,1215220,150935,12.42,0.28
756,2021-01-02,FVG,1217,471,746,1150,67,0,0,0,0,1217,0,ITH,ITH4,6,Friuli-Venezia Giulia,Friuli Venezia Giulia,1215220,152152,12.52,0.1
757,2021-01-17,FVG,1720,524,1196,674,560,486,0,0,0,1720,0,ITH,ITH4,6,Friuli-Venezia Giulia,Friuli Venezia Giulia,1215220,153872,12.66,0.14
758,2021-01-15,FVG,2028,606,1422,1283,370,375,0,0,0,2028,0,ITH,ITH4,6,Friuli-Venezia Giulia,Friuli Venezia Giulia,1215220,155900,12.83,0.17
759,2021-01-11,FVG,1882,609,1273,1500,336,46,0,0,0,1882,0,ITH,ITH4,6,Friuli-Venezia Giulia,Friuli Venezia Giulia,1215220,157782,12.98,0.15
760,2021-03-05,PIE,15208,5922,9286,2532,1987,653,7660,0,2376,11395,3813,ITC,ITC1,1,Piemonte,Piemonte,4356406,15208,0.35,0.35
761,2021-01-21,PIE,6876,2314,4562,4705,855,1316,0,0,0,3381,3495,ITC,ITC1,1,Piemonte,Piemonte,4356406,22084,0.51,0.16
762,2021-02-23,PIE,9196,3699,5497,2285,1383,376,4100,0,1052,8615,581,ITC,ITC1,1,Piemonte,Piemonte,4356406,31280,0.72,0.21
763,2021-02-26,PIE,12163,4851,7312,810,1390,487,6580,0,2896,11428,735,ITC,ITC1,1,Piemonte,Piemonte,4356406,43443,1.0,0.28
764,2021-03-07,PIE,11939,4642,7297,1321,1136,107,7326,0,2049,11060,879,ITC,ITC1,1,Piemonte,Piemonte,4356406,55382,1.27,0.27
765,2021-01-14,PIE,9761,3150,6611,6175,2102,1484,0,0,0,9761,0,ITC,ITC1,1,Piemonte,Piemonte,4356406,65143,1.5,0.22
766,2021-01-23,PIE,4219,1321,2898,3190,523,506,0,0,0,878,3341,ITC,ITC1,1,Piemonte,Piemonte,4356406,69362,1.59,0.1
767,2021-02-11,PIE,6761,2106,4655,3420,1327,2011,0,0,3,3003,3758,ITC,ITC1,1,Piemonte,Piemonte,4356406,76123,1.75,0.16
768,2021-01-13,PIE,10077,3222,6855,6484,2265,1328,0,0,0,10077,0,ITC,ITC1,1,Piemonte,Piemonte,4356406,86200,1.98,0.23
769,2020-12-28,PIE,1,1,0,1,0,0,0,0,0,1,0,ITC,ITC1,1,Piemonte,Piemonte,4356406,86201,1.98,0.0
770,2021-02-27,PIE,12651,4839,7812,880,980,232,7525,0,3034,12303,348,ITC,ITC1,1,Piemonte,Piemonte,4356406,98852,2.27,0.29
771,2021-03-09,PIE,13504,5240,8264,1679,1541,354,7615,0,2315,11158,2346,ITC,ITC1,1,Piemonte,Piemonte,4356406,112356,2.58,0.31
772,2021-01-29,PIE,5939,1886,4053,4198,1069,672,0,0,0,455,5484,ITC,ITC1,1,Piemonte,Piemonte,4356406,118295,2.72,0.14
773,2021-02-17,PIE,4730,2124,2606,2187,2044,497,1,0,1,3741,989,ITC,ITC1,1,Piemonte,Piemonte,4356406,123025,2.82,0.11
774,2021-02-01,PIE,8641,3053,5588,6164,1403,1074,0,0,0,578,8063,ITC,ITC1,1,Piemonte,Piemonte,4356406,131666,3.02,0.2
775,2021-02-19,PIE,5524,2169,3355,1986,1765,665,30,0,1078,5018,506,ITC,ITC1,1,Piemonte,Piemonte,4356406,137190,3.15,0.13
776,2021-02-05,PIE,9449,3077,6372,5764,2041,1644,0,0,0,657,8792,ITC,ITC1,1,Piemonte,Piemonte,4356406,146639,3.37,0.22
777,2021-01-20,PIE,6538,2067,4471,3571,1153,1814,0,0,0,5813,725,ITC,ITC1,1,Piemonte,Piemonte,4356406,153177,3.52,0.15
778,2021-03-11,PIE,13516,4965,8551,2308,1443,367,7307,0,2091,10436,3080,ITC,ITC1,1,Piemonte,Piemonte,4356406,166693,3.83,0.31
779,2021-01-05,PIE,5377,1602,3775,4364,728,285,0,0,0,5377,0,ITC,ITC1,1,Piemonte,Piemonte,4356406,172070,3.95,0.12
780,2021-02-18,PIE,4744,2080,2664,2237,1901,604,0,0,2,4348,396,ITC,ITC1,1,Piemonte,Piemonte,4356406,176814,4.06,0.11
781,2020-12-30,PIE,730,322,408,685,45,0,0,0,0,730,0,ITC,ITC1,1,Piemonte,Piemonte,4356406,177544,4.08,0.02
782,2021-03-13,PIE,12655,4584,8071,1133,993,115,8290,0,2124,11289,1366,ITC,ITC1,1,Piemonte,Piemonte,4356406,190199,4.37,0.29
783,2021-03-02,PIE,11078,4431,6647,900,1084,214,6379,0,2501,10264,814,ITC,ITC1,1,Piemonte,Piemonte,4356406,201277,4.62,0.25
784,2021-03-08,PIE,13705,5209,8496,2024,1405,366,7393,0,2517,11067,2638,ITC,ITC1,1,Piemonte,Piemonte,4356406,214982,4.93,0.31
785,2021-03-01,PIE,11647,4636,7011,1141,1229,281,6593,0,2403,10834,813,ITC,ITC1,1,Piemonte,Piemonte,4356406,226629,5.2,0.27
786,2021-02-09,PIE,7350,2309,5041,4153,1366,1831,0,0,0,722,6628,ITC,ITC1,1,Piemonte,Piemonte,4356406,233979,5.37,0.17
787,2021-01-27,PIE,4196,1453,2743,2983,656,557,0,0,0,999,3197,ITC,ITC1,1,Piemonte,Piemonte,4356406,238175,5.47,0.1
788,2021-01-06,PIE,3114,1110,2004,2368,433,313,0,0,0,3114,0,ITC,ITC1,1,Piemonte,Piemonte,4356406,241289,5.54,0.07
789,2021-01-15,PIE,8961,2951,6010,5493,1924,1544,0,0,0,8961,0,ITC,ITC1,1,Piemonte,Piemonte,4356406,250250,5.74,0.21
790,2021-01-08,PIE,5528,1761,3767,4078,1029,421,0,0,0,5528,0,ITC,ITC1,1,Piemonte,Piemonte,4356406,255778,5.87,0.13
791,2020-12-31,PIE,3907,1332,2575,3413,360,134,0,0,0,3907,0,ITC,ITC1,1,Piemonte,Piemonte,4356406,259685,5.96,0.09
792,2021-02-07,PIE,3087,974,2113,1649,662,776,0,0,0,445,2642,ITC,ITC1,1,Piemonte,Piemonte,4356406,262772,6.03,0.07
793,2021-01-19,PIE,6420,2099,4321,3574,1299,1547,0,0,0,6411,9,ITC,ITC1,1,Piemonte,Piemonte,4356406,269192,6.18,0.15
794,2021-01-16,PIE,7754,2630,5124,4794,1590,1370,0,0,0,7754,0,ITC,ITC1,1,Piemonte,Piemonte,4356406,276946,6.36,0.18
795,2021-02-25,PIE,12173,5223,6950,1434,2057,405,6319,0,1958,11622,551,ITC,ITC1,1,Piemonte,Piemonte,4356406,289119,6.64,0.28
796,2021-01-28,PIE,5561,1803,3758,4110,877,573,1,0,0,357,5204,ITC,ITC1,1,Piemonte,Piemonte,4356406,294680,6.76,0.13
797,2021-01-11,PIE,8740,2980,5760,6053,1561,1126,0,0,0,8740,0,ITC,ITC1,1,Piemonte,Piemonte,4356406,303420,6.96,0.2
798,2021-02-02,PIE,10232,3504,6728,6866,2048,1318,0,0,0,814,9418,ITC,ITC1,1,Piemonte,Piemonte,4356406,313652,7.2,0.23
799,2021-03-06,PIE,13951,5195,8756,2260,1119,455,7425,0,2692,11169,2782,ITC,ITC1,1,Piemonte,Piemonte,4356406,327603,7.52,0.32
800,2021-01-17,PIE,3517,1168,2349,2083,595,839,0,0,0,2870,647,ITC,ITC1,1,Piemonte,Piemonte,4356406,331120,7.6,0.08
801,2021-01-26,PIE,6328,1878,4450,4725,875,728,0,0,0,735,5593,ITC,ITC1,1,Piemonte,Piemonte,4356406,337448,7.75,0.15
802,2021-03-04,PIE,14399,5698,8701,2168,1939,582,7521,0,2189,11487,2912,ITC,ITC1,1,Piemonte,Piemonte,4356406,351847,8.08,0.33
803,2021-01-24,PIE,3150,957,2193,2632,372,146,0,0,0,434,2716,ITC,ITC1,1,Piemonte,Piemonte,4356406,354997,8.15,0.07
804,2021-01-02,PIE,3539,1134,2405,3072,414,53,0,0,0,3539,0,ITC,ITC1,1,Piemonte,Piemonte,4356406,358536,8.23,0.08
805,2021-02-13,PIE,4148,1334,2814,2309,721,1112,1,0,5,2926,1222,ITC,ITC1,1,Piemonte,Piemonte,4356406,362684,8.33,0.1
806,2021-01-18,PIE,6162,2047,4115,3233,1404,1525,0,0,0,5914,248,ITC,ITC1,1,Piemonte,Piemonte,4356406,368846,8.47,0.14
807,2021-02-03,PIE,10184,3301,6883,6641,2309,1234,0,0,0,611,9573,ITC,ITC1,1,Piemonte,Piemonte,4356406,379030,8.7,0.23
808,2021-02-12,PIE,6879,2212,4667,3522,1647,1708,0,0,2,3922,2957,ITC,ITC1,1,Piemonte,Piemonte,4356406,385909,8.86,0.16
809,2021-01-04,PIE,5562,1678,3884,4590,737,235,0,0,0,5562,0,ITC,ITC1,1,Piemonte,Piemonte,4356406,391471,8.99,0.13
810,2021-01-03,PIE,3061,966,2095,2714,295,52,0,0,0,3061,0,ITC,ITC1,1,Piemonte,Piemonte,4356406,394532,9.06,0.07
811,2021-02-08,PIE,6914,2355,4559,3782,1558,1574,0,0,0,666,6248,ITC,ITC1,1,Piemonte,Piemonte,4356406,401446,9.22,0.16
812,2021-02-22,PIE,8458,3462,4996,1695,1438,518,3887,0,920,7869,589,ITC,ITC1,1,Piemonte,Piemonte,4356406,409904,9.41,0.19
813,2020-12-27,PIE,912,368,544,760,76,76,0,0,0,912,0,ITC,ITC1,1,Piemonte,Piemonte,4356406,410816,9.43,0.02
814,2021-01-22,PIE,3864,1248,2616,2279,650,935,0,0,0,2523,1341,ITC,ITC1,1,Piemonte,Piemonte,4356406,414680,9.52,0.09
815,2021-02-10,PIE,7444,2345,5099,3847,1498,2099,0,0,0,1316,6128,ITC,ITC1,1,Piemonte,Piemonte,4356406,422124,9.69,0.17
816,2021-03-14,PIE,8179,3322,4857,794,617,2,5793,0,973,5285,2894,ITC,ITC1,1,Piemonte,Piemonte,4356406,430303,9.88,0.19
817,2021-02-04,PIE,10196,3337,6859,6234,2199,1763,0,0,0,588,9608,ITC,ITC1,1,Piemonte,Piemonte,4356406,440499,10.11,0.23
818,2021-01-31,PIE,4105,1748,2357,3076,654,375,0,0,0,112,3993,ITC,ITC1,1,Piemonte,Piemonte,4356406,444604,10.21,0.09
819,2021-02-16,PIE,3961,1752,2209,1819,1593,548,0,0,1,3203,758,ITC,ITC1,1,Piemonte,Piemonte,4356406,448565,10.3,0.09
820,2021-02-14,PIE,1475,498,977,796,380,285,0,0,14,875,600,ITC,ITC1,1,Piemonte,Piemonte,4356406,450040,10.33,0.03
821,2021-01-09,PIE,6183,2185,3998,4488,1127,568,0,0,0,6183,0,ITC,ITC1,1,Piemonte,Piemonte,4356406,456223,10.47,0.14
822,2021-02-24,PIE,11344,4608,6736,1831,1308,388,5659,0,2158,10832,512,ITC,ITC1,1,Piemonte,Piemonte,4356406,467567,10.73,0.26
823,2021-02-21,PIE,5086,2080,3006,686,264,47,3352,0,737,4983,103,ITC,ITC1,1,Piemonte,Piemonte,4356406,472653,10.85,0.12
824,2021-02-28,PIE,10798,4054,6744,642,510,53,6809,0,2784,10558,240,ITC,ITC1,1,Piemonte,Piemonte,4356406,483451,11.1,0.25
825,2021-01-12,PIE,10040,3401,6639,6859,2009,1172,0,0,0,10040,0,ITC,ITC1,1,Piemonte,Piemonte,4356406,493491,11.33,0.23
826,2021-01-10,PIE,5207,2273,2934,3904,784,519,0,0,0,5207,0,ITC,ITC1,1,Piemonte,Piemonte,4356406,498698,11.45,0.12
827,2021-02-15,PIE,4340,1565,2775,2300,1129,909,1,0,1,3135,1205,ITC,ITC1,1,Piemonte,Piemonte,4356406,503038,11.55,0.1
828,2021-03-15,PIE,4671,1926,2745,700,651,65,2845,0,410,1558,3113,ITC,ITC1,1,Piemonte,Piemonte,4356406,507709,11.65,0.11
829,2021-03-12,PIE,13638,5049,8589,2110,1313,420,7540,0,2255,10790,2848,ITC,ITC1,1,Piemonte,Piemonte,4356406,521347,11.97,0.31
830,2021-03-10,PIE,13325,5020,8305,1659,1332,277,7915,0,2142,11034,2291,ITC,ITC1,1,Piemonte,Piemonte,4356406,534672,12.27,0.31
831,2021-01-30,PIE,5978,2135,3843,4367,1116,495,0,0,0,218,5760,ITC,ITC1,1,Piemonte,Piemonte,4356406,540650,12.41,0.14
832,2021-02-06,PIE,7982,2664,5318,5100,1627,1255,0,0,0,400,7582,ITC,ITC1,1,Piemonte,Piemonte,4356406,548632,12.59,0.18
833,2021-02-20,PIE,3828,1251,2577,1100,1063,219,30,0,1416,3654,174,ITC,ITC1,1,Piemonte,Piemonte,4356406,552460,12.68,0.09
834,2021-01-25,PIE,6209,1938,4271,4782,865,562,0,0,0,982,5227,ITC,ITC1,1,Piemonte,Piemonte,4356406,558669,12.82,0.14
835,2021-03-03,PIE,11979,4541,7438,1101,947,258,7015,0,2658,11152,827,ITC,ITC1,1,Piemonte,Piemonte,4356406,570648,13.1,0.27
836,2021-01-01,PIE,1038,395,643,922,116,0,0,0,0,1038,0,ITC,ITC1,1,Piemonte,Piemonte,4356406,571686,13.12,0.02
837,2021-01-07,PIE,5385,1739,3646,4158,886,341,0,0,0,5385,0,ITC,ITC1,1,Piemonte,Piemonte,4356406,577071,13.25,0.12
838,2021-01-01,PAT,206,48,158,109,11,86,0,0,0,206,0,ITH,ITH2,4,Provincia Autonoma Trento,P.A. Trento,541380,206,0.04,0.04
839,2021-01-12,PAT,501,158,343,413,29,59,0,0,0,501,0,ITH,ITH2,4,Provincia Autonoma Trento,P.A. Trento,541380,707,0.13,0.09
840,2021-02-11,PAT,1130,364,766,331,17,48,734,0,0,796,334,ITH,ITH2,4,Provincia Autonoma Trento,P.A. Trento,541380,1837,0.34,0.21
841,2021-03-11,PAT,2165,781,1384,98,163,41,1492,14,357,1312,853,ITH,ITH2,4,Provincia Autonoma Trento,P.A. Trento,541380,4002,0.74,0.4
842,2021-02-19,PAT,891,344,547,168,54,70,570,1,28,833,58,ITH,ITH2,4,Provincia Autonoma Trento,P.A. Trento,541380,4893,0.9,0.16
843,2021-01-19,PAT,403,77,326,363,4,36,0,0,0,403,0,ITH,ITH2,4,Provincia Autonoma Trento,P.A. Trento,541380,5296,0.98,0.07
844,2021-01-28,PAT,530,147,383,390,33,107,0,0,0,48,482,ITH,ITH2,4,Provincia Autonoma Trento,P.A. Trento,541380,5826,1.08,0.1
845,2021-02-03,PAT,845,313,532,354,25,73,393,0,0,414,431,ITH,ITH2,4,Provincia Autonoma Trento,P.A. Trento,541380,6671,1.23,0.16
846,2021-02-13,PAT,536,333,203,373,5,0,158,0,0,171,365,ITH,ITH2,4,Provincia Autonoma Trento,P.A. Trento,541380,7207,1.33,0.1
847,2021-01-14,PAT,696,201,495,477,11,208,0,0,0,696,0,ITH,ITH2,4,Provincia Autonoma Trento,P.A. Trento,541380,7903,1.46,0.13
848,2021-01-30,PAT,383,130,253,345,7,31,0,0,0,151,232,ITH,ITH2,4,Provincia Autonoma Trento,P.A. Trento,541380,8286,1.53,0.07
849,2021-03-05,PAT,2180,686,1494,125,130,101,902,158,764,1583,597,ITH,ITH2,4,Provincia Autonoma Trento,P.A. Trento,541380,10466,1.93,0.4
850,2021-01-08,PAT,1442,312,1130,764,152,526,0,0,0,1442,0,ITH,ITH2,4,Provincia Autonoma Trento,P.A. Trento,541380,11908,2.2,0.27
851,2021-03-01,PAT,1235,453,782,73,26,10,1028,3,95,937,298,ITH,ITH2,4,Provincia Autonoma Trento,P.A. Trento,541380,13143,2.43,0.23
852,2021-02-09,PAT,913,287,626,446,13,73,381,0,0,441,472,ITH,ITH2,4,Provincia Autonoma Trento,P.A. Trento,541380,14056,2.6,0.17
853,2021-03-06,PAT,732,256,476,324,17,0,194,5,192,580,152,ITH,ITH2,4,Provincia Autonoma Trento,P.A. Trento,541380,14788,2.73,0.14
854,2021-02-02,PAT,889,237,652,505,49,171,164,0,0,190,699,ITH,ITH2,4,Provincia Autonoma Trento,P.A. Trento,541380,15677,2.9,0.16
855,2021-01-20,PAT,288,71,217,229,11,48,0,0,0,276,12,ITH,ITH2,4,Provincia Autonoma Trento,P.A. Trento,541380,15965,2.95,0.05
856,2021-01-02,PAT,498,142,356,334,25,139,0,0,0,498,0,ITH,ITH2,4,Provincia Autonoma Trento,P.A. Trento,541380,16463,3.04,0.09
857,2021-01-11,PAT,724,220,504,516,58,150,0,0,0,724,0,ITH,ITH2,4,Provincia Autonoma Trento,P.A. Trento,541380,17187,3.17,0.13
858,2021-02-12,PAT,1008,339,669,334,68,55,551,0,0,587,421,ITH,ITH2,4,Provincia Autonoma Trento,P.A. Trento,541380,18195,3.36,0.19
859,2021-01-27,PAT,734,257,477,395,34,304,1,0,0,73,661,ITH,ITH2,4,Provincia Autonoma Trento,P.A. Trento,541380,18929,3.5,0.14
860,2021-01-29,PAT,1349,331,1018,722,86,541,0,0,0,54,1295,ITH,ITH2,4,Provincia Autonoma Trento,P.A. Trento,541380,20278,3.75,0.25
861,2021-01-23,PAT,570,330,240,480,2,88,0,0,0,384,186,ITH,ITH2,4,Provincia Autonoma Trento,P.A. Trento,541380,20848,3.85,0.11
862,2021-02-26,PAT,1207,432,775,245,28,19,809,1,105,883,324,ITH,ITH2,4,Provincia Autonoma Trento,P.A. Trento,541380,22055,4.07,0.22
863,2021-03-02,PAT,1274,429,845,129,47,53,901,0,144,884,390,ITH,ITH2,4,Provincia Autonoma Trento,P.A. Trento,541380,23329,4.31,0.24
864,2021-01-05,PAT,707,231,476,494,52,161,0,0,0,707,0,ITH,ITH2,4,Provincia Autonoma Trento,P.A. Trento,541380,24036,4.44,0.13
865,2020-12-31,PAT,1598,440,1158,819,109,670,0,0,0,1598,0,ITH,ITH2,4,Provincia Autonoma Trento,P.A. Trento,541380,25634,4.73,0.3
866,2021-01-18,PAT,640,154,486,527,40,73,0,0,0,586,54,ITH,ITH2,4,Provincia Autonoma Trento,P.A. Trento,541380,26274,4.85,0.12
867,2021-01-06,PAT,42,13,29,42,0,0,0,0,0,42,0,ITH,ITH2,4,Provincia Autonoma Trento,P.A. Trento,541380,26316,4.86,0.01
868,2021-02-15,PAT,530,186,344,144,28,27,320,0,11,417,113,ITH,ITH2,4,Provincia Autonoma Trento,P.A. Trento,541380,26846,4.96,0.1
869,2021-01-31,PAT,74,15,59,55,13,6,0,0,0,0,74,ITH,ITH2,4,Provincia Autonoma Trento,P.A. Trento,541380,26920,4.97,0.01
870,2021-02-10,PAT,849,289,560,310,10,51,478,0,0,508,341,ITH,ITH2,4,Provincia Autonoma Trento,P.A. Trento,541380,27769,5.13,0.16
871,2021-03-14,PAT,102,62,40,102,0,0,0,0,0,15,87,ITH,ITH2,4,Provincia Autonoma Trento,P.A. Trento,541380,27871,5.15,0.02
872,2021-01-10,PAT,84,19,65,53,19,12,0,0,0,84,0,ITH,ITH2,4,Provincia Autonoma Trento,P.A. Trento,541380,27955,5.16,0.02
873,2021-02-06,PAT,572,296,276,178,8,0,386,0,0,432,140,ITH,ITH2,4,Provincia Autonoma Trento,P.A. Trento,541380,28527,5.27,0.11
874,2021-02-20,PAT,404,244,160,329,10,30,1,3,31,121,283,ITH,ITH2,4,Provincia Autonoma Trento,P.A. Trento,541380,28931,5.34,0.07
875,2021-02-01,PAT,1218,334,884,766,78,374,0,0,0,92,1126,ITH,ITH2,4,Provincia Autonoma Trento,P.A. Trento,541380,30149,5.57,0.22
876,2020-12-27,PAT,103,40,63,76,6,21,0,0,0,103,0,ITH,ITH2,4,Provincia Autonoma Trento,P.A. Trento,541380,30252,5.59,0.02
877,2021-01-15,PAT,592,130,462,460,21,111,0,0,0,592,0,ITH,ITH2,4,Provincia Autonoma Trento,P.A. Trento,541380,30844,5.7,0.11
878,2020-12-30,PAT,6,2,4,4,1,1,0,0,0,6,0,ITH,ITH2,4,Provincia Autonoma Trento,P.A. Trento,541380,30850,5.7,0.0
879,2021-03-03,PAT,1625,612,1013,71,44,58,1232,19,201,1069,556,ITH,ITH2,4,Provincia Autonoma Trento,P.A. Trento,541380,32475,6.0,0.3
880,2021-01-13,PAT,420,123,297,391,6,23,0,0,0,420,0,ITH,ITH2,4,Provincia Autonoma Trento,P.A. Trento,541380,32895,6.08,0.08
881,2021-02-23,PAT,1086,389,697,271,20,17,727,3,48,875,211,ITH,ITH2,4,Provincia Autonoma Trento,P.A. Trento,541380,33981,6.28,0.2
882,2021-02-05,PAT,799,269,530,467,22,66,244,0,0,280,519,ITH,ITH2,4,Provincia Autonoma Trento,P.A. Trento,541380,34780,6.42,0.15
883,2021-01-17,PAT,251,195,56,251,0,0,0,0,0,251,0,ITH,ITH2,4,Provincia Autonoma Trento,P.A. Trento,541380,35031,6.47,0.05
884,2021-03-12,PAT,1743,683,1060,123,274,0,989,153,204,1124,619,ITH,ITH2,4,Provincia Autonoma Trento,P.A. Trento,541380,36774,6.79,0.32
885,2021-01-07,PAT,1268,310,958,649,63,556,0,0,0,1268,0,ITH,ITH2,4,Provincia Autonoma Trento,P.A. Trento,541380,38042,7.03,0.23
886,2021-02-27,PAT,1020,453,567,442,30,0,434,3,111,597,423,ITH,ITH2,4,Provincia Autonoma Trento,P.A. Trento,541380,39062,7.22,0.19
887,2021-02-17,PAT,1104,423,681,325,27,35,702,3,12,1012,92,ITH,ITH2,4,Provincia Autonoma Trento,P.A. Trento,541380,40166,7.42,0.2
888,2021-03-07,PAT,21,6,15,0,0,0,0,0,21,21,0,ITH,ITH2,4,Provincia Autonoma Trento,P.A. Trento,541380,40187,7.42,0.0
889,2021-03-10,PAT,2277,850,1427,346,75,25,1368,166,297,1338,939,ITH,ITH2,4,Provincia Autonoma Trento,P.A. Trento,541380,42464,7.84,0.42
890,2021-02-04,PAT,971,303,668,541,17,89,324,0,0,420,551,ITH,ITH2,4,Provincia Autonoma Trento,P.A. Trento,541380,43435,8.02,0.18
891,2021-02-22,PAT,733,254,479,118,17,69,486,0,43,649,84,ITH,ITH2,4,Provincia Autonoma Trento,P.A. Trento,541380,44168,8.16,0.14
892,2021-02-18,PAT,1199,424,775,300,30,35,776,3,55,1136,63,ITH,ITH2,4,Provincia Autonoma Trento,P.A. Trento,541380,45367,8.38,0.22
893,2021-01-16,PAT,318,147,171,303,1,14,0,0,0,318,0,ITH,ITH2,4,Provincia Autonoma Trento,P.A. Trento,541380,45685,8.44,0.06
894,2021-03-13,PAT,343,281,62,23,5,0,39,276,0,343,0,ITH,ITH2,4,Provincia Autonoma Trento,P.A. Trento,541380,46028,8.5,0.06
895,2021-02-21,PAT,155,92,63,154,1,0,0,0,0,43,112,ITH,ITH2,4,Provincia Autonoma Trento,P.A. Trento,541380,46183,8.53,0.03
896,2021-02-28,PAT,242,121,121,231,0,0,0,0,11,242,0,ITH,ITH2,4,Provincia Autonoma Trento,P.A. Trento,541380,46425,8.58,0.04
897,2021-01-25,PAT,774,205,569,482,30,262,0,0,0,23,751,ITH,ITH2,4,Provincia Autonoma Trento,P.A. Trento,541380,47199,8.72,0.14
898,2021-02-08,PAT,1149,318,831,550,59,237,302,0,1,341,808,ITH,ITH2,4,Provincia Autonoma Trento,P.A. Trento,541380,48348,8.93,0.21
899,2021-01-03,PAT,483,158,325,409,12,62,0,0,0,483,0,ITH,ITH2,4,Provincia Autonoma Trento,P.A. Trento,541380,48831,9.02,0.09
900,2021-02-14,PAT,246,186,60,246,0,0,0,0,0,11,235,ITH,ITH2,4,Provincia Autonoma Trento,P.A. Trento,541380,49077,9.07,0.05
901,2021-01-04,PAT,853,223,630,481,49,322,1,0,0,853,0,ITH,ITH2,4,Provincia Autonoma Trento,P.A. Trento,541380,49930,9.22,0.16
902,2021-02-25,PAT,1577,617,960,119,23,32,1310,1,92,1112,465,ITH,ITH2,4,Provincia Autonoma Trento,P.A. Trento,541380,51507,9.51,0.29
903,2021-01-24,PAT,545,274,271,533,12,0,0,0,0,222,323,ITH,ITH2,4,Provincia Autonoma Trento,P.A. Trento,541380,52052,9.61,0.1
904,2021-01-21,PAT,349,93,256,318,15,16,0,0,0,227,122,ITH,ITH2,4,Provincia Autonoma Trento,P.A. Trento,541380,52401,9.68,0.06
905,2021-03-04,PAT,2316,776,1540,155,90,23,1683,20,345,1468,848,ITH,ITH2,4,Provincia Autonoma Trento,P.A. Trento,541380,54717,10.11,0.43
906,2021-03-09,PAT,1471,526,945,95,63,28,1058,36,191,836,635,ITH,ITH2,4,Provincia Autonoma Trento,P.A. Trento,541380,56188,10.38,0.27
907,2021-02-24,PAT,1302,518,784,229,24,28,955,1,65,907,395,ITH,ITH2,4,Provincia Autonoma Trento,P.A. Trento,541380,57490,10.62,0.24
908,2021-01-22,PAT,1628,422,1206,874,128,623,0,0,3,316,1312,ITH,ITH2,4,Provincia Autonoma Trento,P.A. Trento,541380,59118,10.92,0.3
909,2021-02-16,PAT,663,244,419,73,14,3,563,0,10,658,5,ITH,ITH2,4,Provincia Autonoma Trento,P.A. Trento,541380,59781,11.04,0.12
910,2021-03-08,PAT,1375,428,947,65,45,0,982,7,276,1015,360,ITH,ITH2,4,Provincia Autonoma Trento,P.A. Trento,541380,61156,11.3,0.25
911,2021-01-09,PAT,184,40,144,139,14,31,0,0,0,184,0,ITH,ITH2,4,Provincia Autonoma Trento,P.A. Trento,541380,61340,11.33,0.03
912,2021-01-26,PAT,497,138,359,397,16,84,0,0,0,25,472,ITH,ITH2,4,Provincia Autonoma Trento,P.A. Trento,541380,61837,11.42,0.09
913,2021-01-03,SIC,4693,2454,2239,4361,332,0,0,0,0,4693,0,ITG,ITG1,19,Sicilia,Sicilia,4999891,4693,0.09,0.09
914,2021-02-03,SIC,6100,2856,3244,3356,2120,624,0,0,0,756,5344,ITG,ITG1,19,Sicilia,Sicilia,4999891,10793,0.22,0.12
915,2021-01-26,SIC,9515,4679,4836,8379,882,254,0,0,0,265,9250,ITG,ITG1,19,Sicilia,Sicilia,4999891,20308,0.41,0.19
916,2021-02-06,SIC,5066,2225,2841,2535,1939,592,0,0,0,1488,3578,ITG,ITG1,19,Sicilia,Sicilia,4999891,25374,0.51,0.1
917,2021-02-08,SIC,4086,1759,2327,2346,1343,397,0,0,0,2128,1958,ITG,ITG1,19,Sicilia,Sicilia,4999891,29460,0.59,0.08
918,2021-01-07,SIC,9173,4239,4934,7694,1269,210,0,0,0,9173,0,ITG,ITG1,19,Sicilia,Sicilia,4999891,38633,0.77,0.18
919,2021-03-08,SIC,13412,5747,7665,2000,2104,626,3801,920,3961,10606,2806,ITG,ITG1,19,Sicilia,Sicilia,4999891,52045,1.04,0.27
920,2021-01-29,SIC,9359,4320,5039,7150,1904,305,0,0,0,432,8927,ITG,ITG1,19,Sicilia,Sicilia,4999891,61404,1.23,0.19
921,2021-01-22,SIC,1235,625,610,1035,82,118,0,0,0,242,993,ITG,ITG1,19,Sicilia,Sicilia,4999891,62639,1.25,0.02
922,2021-03-15,SIC,4676,2220,2456,477,954,297,2348,146,454,2273,2403,ITG,ITG1,19,Sicilia,Sicilia,4999891,67315,1.35,0.09
923,2021-01-28,SIC,9328,4399,4929,7464,1569,295,0,0,0,414,8914,ITG,ITG1,19,Sicilia,Sicilia,4999891,76643,1.53,0.19
924,2021-02-17,SIC,5427,3290,2137,1528,1126,880,8,1883,2,4755,672,ITG,ITG1,19,Sicilia,Sicilia,4999891,82070,1.64,0.11
925,2021-02-15,SIC,3949,1860,2089,1699,1344,563,10,307,26,3380,569,ITG,ITG1,19,Sicilia,Sicilia,4999891,86019,1.72,0.08
926,2021-02-19,SIC,5153,2755,2398,1482,1363,599,74,1396,239,4585,568,ITG,ITG1,19,Sicilia,Sicilia,4999891,91172,1.82,0.1
927,2021-02-18,SIC,5494,3174,2320,1635,1244,813,9,1697,96,5063,431,ITG,ITG1,19,Sicilia,Sicilia,4999891,96666,1.93,0.11
928,2021-02-25,SIC,10149,5273,4876,1769,1700,507,3978,1525,670,8974,1175,ITG,ITG1,19,Sicilia,Sicilia,4999891,106815,2.14,0.2
929,2021-03-03,SIC,14543,6484,8059,2407,2317,506,4282,1324,3707,11462,3081,ITG,ITG1,19,Sicilia,Sicilia,4999891,121358,2.43,0.29
930,2021-02-01,SIC,6077,2684,3393,4168,1591,318,0,0,0,304,5773,ITG,ITG1,19,Sicilia,Sicilia,4999891,127435,2.55,0.12
931,2021-01-04,SIC,8373,4172,4201,7595,772,6,0,0,0,8373,0,ITG,ITG1,19,Sicilia,Sicilia,4999891,135808,2.72,0.17
932,2021-02-16,SIC,4410,2298,2112,1463,1287,777,25,857,1,3943,467,ITG,ITG1,19,Sicilia,Sicilia,4999891,140218,2.8,0.09
933,2021-01-09,SIC,7325,3424,3901,5034,1835,456,0,0,0,7325,0,ITG,ITG1,19,Sicilia,Sicilia,4999891,147543,2.95,0.15
934,2021-01-02,SIC,4872,2533,2339,4311,561,0,0,0,0,4872,0,ITG,ITG1,19,Sicilia,Sicilia,4999891,152415,3.05,0.1
935,2021-02-28,SIC,7176,3071,4105,870,1311,93,3289,254,1359,6547,629,ITG,ITG1,19,Sicilia,Sicilia,4999891,159591,3.19,0.14
936,2021-02-11,SIC,5332,2103,3229,2458,1984,890,0,0,0,4868,464,ITG,ITG1,19,Sicilia,Sicilia,4999891,164923,3.3,0.11
937,2021-03-13,SIC,11721,5145,6576,1166,3655,493,4601,133,1673,7128,4593,ITG,ITG1,19,Sicilia,Sicilia,4999891,176644,3.53,0.23
938,2021-02-04,SIC,6877,3159,3718,4417,1920,540,0,0,0,1460,5417,ITG,ITG1,19,Sicilia,Sicilia,4999891,183521,3.67,0.14
939,2021-02-12,SIC,4744,1852,2892,2299,1802,643,0,0,0,4413,331,ITG,ITG1,19,Sicilia,Sicilia,4999891,188265,3.77,0.09
940,2021-01-27,SIC,7531,3835,3696,6329,1050,152,0,0,0,189,7342,ITG,ITG1,19,Sicilia,Sicilia,4999891,195796,3.92,0.15
941,2021-02-24,SIC,9599,4869,4730,1422,1253,499,4028,1474,923,9004,595,ITG,ITG1,19,Sicilia,Sicilia,4999891,205395,4.11,0.19
942,2021-01-18,SIC,1548,646,902,721,619,208,0,0,0,1432,116,ITG,ITG1,19,Sicilia,Sicilia,4999891,206943,4.14,0.03
943,2021-02-21,SIC,5173,2504,2669,376,650,174,3682,138,153,5068,105,ITG,ITG1,19,Sicilia,Sicilia,4999891,212116,4.24,0.1
944,2021-02-13,SIC,3106,1167,1939,1295,1241,570,0,0,0,2849,257,ITG,ITG1,19,Sicilia,Sicilia,4999891,215222,4.3,0.06
945,2021-03-09,SIC,13001,5465,7536,1592,2291,584,3943,937,3654,10629,2372,ITG,ITG1,19,Sicilia,Sicilia,4999891,228223,4.56,0.26
946,2021-01-25,SIC,7511,3696,3815,6633,808,70,0,0,0,322,7189,ITG,ITG1,19,Sicilia,Sicilia,4999891,235734,4.71,0.15
947,2021-02-07,SIC,2348,996,1352,1610,581,157,0,0,0,675,1673,ITG,ITG1,19,Sicilia,Sicilia,4999891,238082,4.76,0.05
948,2021-03-02,SIC,14829,6346,8483,2380,1924,500,4467,1330,4228,12010,2819,ITG,ITG1,19,Sicilia,Sicilia,4999891,252911,5.06,0.3
949,2021-01-30,SIC,7837,3569,4268,5450,1912,475,0,0,0,175,7662,ITG,ITG1,19,Sicilia,Sicilia,4999891,260748,5.22,0.16
950,2021-01-14,SIC,5250,2514,2736,3046,1945,259,0,0,0,5250,0,ITG,ITG1,19,Sicilia,Sicilia,4999891,265998,5.32,0.11
951,2021-01-24,SIC,4335,2262,2073,3990,342,3,0,0,0,148,4187,ITG,ITG1,19,Sicilia,Sicilia,4999891,270333,5.41,0.09
952,2021-01-21,SIC,1328,647,681,1001,190,137,0,0,0,499,829,ITG,ITG1,19,Sicilia,Sicilia,4999891,271661,5.43,0.03
953,2021-02-20,SIC,7260,3731,3529,839,1332,546,3748,620,175,7010,250,ITG,ITG1,19,Sicilia,Sicilia,4999891,278921,5.58,0.15
954,2021-01-10,SIC,3618,1615,2003,2126,1028,464,0,0,0,3618,0,ITG,ITG1,19,Sicilia,Sicilia,4999891,282539,5.65,0.07
955,2021-03-14,SIC,8239,3680,4559,565,2574,175,4261,34,630,4399,3840,ITG,ITG1,19,Sicilia,Sicilia,4999891,290778,5.82,0.16
956,2021-02-26,SIC,12201,5967,6234,1836,1970,360,3888,1733,2414,10515,1686,ITG,ITG1,19,Sicilia,Sicilia,4999891,302979,6.06,0.24
957,2021-01-17,SIC,1295,584,711,619,516,160,0,0,0,1245,50,ITG,ITG1,19,Sicilia,Sicilia,4999891,304274,6.09,0.03
958,2020-12-30,SIC,173,101,72,156,17,0,0,0,0,173,0,ITG,ITG1,19,Sicilia,Sicilia,4999891,304447,6.09,0.0
959,2020-12-29,SIC,235,146,89,235,0,0,0,0,0,235,0,ITG,ITG1,19,Sicilia,Sicilia,4999891,304682,6.09,0.0
960,2021-01-13,SIC,5204,2462,2742,3033,1730,441,0,0,0,5204,0,ITG,ITG1,19,Sicilia,Sicilia,4999891,309886,6.2,0.1
961,2021-03-05,SIC,15825,6816,9009,3190,2486,712,3998,1419,4020,11500,4325,ITG,ITG1,19,Sicilia,Sicilia,4999891,325711,6.51,0.32
962,2021-03-04,SIC,15076,6499,8577,2811,2798,698,3927,1123,3719,10874,4202,ITG,ITG1,19,Sicilia,Sicilia,4999891,340787,6.82,0.3
963,2021-02-23,SIC,8944,4686,4258,1265,1236,502,3995,1367,579,8456,488,ITG,ITG1,19,Sicilia,Sicilia,4999891,349731,6.99,0.18
964,2021-03-11,SIC,14745,6223,8522,1604,4705,906,3931,473,3126,12174,2571,ITG,ITG1,19,Sicilia,Sicilia,4999891,364476,7.29,0.29
965,2021-02-02,SIC,5537,2621,2916,3152,1956,429,0,0,0,633,4904,ITG,ITG1,19,Sicilia,Sicilia,4999891,370013,7.4,0.11
966,2021-03-06,SIC,12845,5144,7701,2002,2000,758,3887,638,3560,9939,2906,ITG,ITG1,19,Sicilia,Sicilia,4999891,382858,7.66,0.26
967,2021-02-09,SIC,4370,1831,2539,2240,1490,640,0,0,0,3364,1006,ITG,ITG1,19,Sicilia,Sicilia,4999891,387228,7.74,0.09
968,2021-02-22,SIC,8035,4159,3876,1107,935,554,4065,1053,321,7544,491,ITG,ITG1,19,Sicilia,Sicilia,4999891,395263,7.91,0.16
969,2021-02-05,SIC,7216,3232,3984,3618,2742,856,0,0,0,2132,5084,ITG,ITG1,19,Sicilia,Sicilia,4999891,402479,8.05,0.14
970,2021-01-06,SIC,6471,3402,3069,5717,752,2,0,0,0,6471,0,ITG,ITG1,19,Sicilia,Sicilia,4999891,408950,8.18,0.13
971,2021-03-01,SIC,12861,6091,6770,1556,1808,392,4302,1744,3059,11202,1659,ITG,ITG1,19,Sicilia,Sicilia,4999891,421811,8.44,0.26
972,2021-01-16,SIC,2776,1195,1581,1329,1149,298,0,0,0,2776,0,ITG,ITG1,19,Sicilia,Sicilia,4999891,424587,8.49,0.06
973,2021-01-23,SIC,4149,2147,2002,3912,221,16,0,0,0,225,3924,ITG,ITG1,19,Sicilia,Sicilia,4999891,428736,8.57,0.08
974,2021-02-14,SIC,1057,402,655,433,388,236,0,0,0,917,140,ITG,ITG1,19,Sicilia,Sicilia,4999891,429793,8.6,0.02
975,2021-01-12,SIC,4542,2234,2308,2863,1484,195,0,0,0,4542,0,ITG,ITG1,19,Sicilia,Sicilia,4999891,434335,8.69,0.09
976,2021-01-05,SIC,10527,5159,5368,9074,1246,207,0,0,0,10527,0,ITG,ITG1,19,Sicilia,Sicilia,4999891,444862,8.9,0.21
977,2020-12-31,SIC,877,469,408,827,50,0,0,0,0,877,0,ITG,ITG1,19,Sicilia,Sicilia,4999891,445739,8.91,0.02
978,2021-01-08,SIC,8328,3864,4464,6591,1524,213,0,0,0,8328,0,ITG,ITG1,19,Sicilia,Sicilia,4999891,454067,9.08,0.17
979,2021-01-20,SIC,808,410,398,422,194,192,0,0,0,573,235,ITG,ITG1,19,Sicilia,Sicilia,4999891,454875,9.1,0.02
980,2021-01-01,SIC,815,437,378,740,75,0,0,0,0,815,0,ITG,ITG1,19,Sicilia,Sicilia,4999891,455690,9.11,0.02
981,2021-03-12,SIC,12611,5397,7214,1377,4171,695,3764,341,2263,10389,2222,ITG,ITG1,19,Sicilia,Sicilia,4999891,468301,9.37,0.25
982,2021-02-27,SIC,12441,5567,6874,1513,2423,277,3838,1021,3369,11236,1205,ITG,ITG1,19,Sicilia,Sicilia,4999891,480742,9.62,0.25
983,2021-01-31,SIC,4111,1958,2153,2600,1216,295,0,0,0,113,3998,ITG,ITG1,19,Sicilia,Sicilia,4999891,484853,9.7,0.08
984,2021-02-10,SIC,4433,1819,2614,1975,1717,741,0,0,0,4008,425,ITG,ITG1,19,Sicilia,Sicilia,4999891,489286,9.79,0.09
985,2021-01-19,SIC,1271,521,750,521,512,238,0,0,0,1093,178,ITG,ITG1,19,Sicilia,Sicilia,4999891,490557,9.81,0.03
986,2021-01-11,SIC,5903,2590,3313,3923,1598,382,0,0,0,5903,0,ITG,ITG1,19,Sicilia,Sicilia,4999891,496460,9.93,0.12
987,2021-03-07,SIC,9138,3417,5721,959,961,431,3350,216,3221,8058,1080,ITG,ITG1,19,Sicilia,Sicilia,4999891,505598,10.11,0.18
988,2021-01-15,SIC,5079,2233,2846,2824,1776,479,0,0,0,5079,0,ITG,ITG1,19,Sicilia,Sicilia,4999891,510677,10.21,0.1
989,2020-12-28,SIC,207,124,83,205,2,0,0,0,0,207,0,ITG,ITG1,19,Sicilia,Sicilia,4999891,510884,10.22,0.0
990,2021-03-10,SIC,13535,5773,7762,1477,2884,933,4060,646,3535,11145,2390,ITG,ITG1,19,Sicilia,Sicilia,4999891,524419,10.49,0.27
991,2020-12-27,SIC,89,54,35,62,2,25,0,0,0,89,0,ITG,ITG1,19,Sicilia,Sicilia,4999891,524508,10.49,0.0
992,2021-02-27,UMB,1658,354,1304,14,11,13,0,60,1560,1642,16,ITI,ITI2,10,Umbria,Umbria,882015,1658,0.19,0.19
993,2021-03-03,UMB,4434,1770,2664,720,290,85,1517,289,1533,3722,712,ITI,ITI2,10,Umbria,Umbria,882015,6092,0.69,0.5
994,2021-02-18,UMB,1495,582,913,324,16,170,985,0,0,1029,466,ITI,ITI2,10,Umbria,Umbria,882015,7587,0.86,0.17
995,2021-01-27,UMB,838,329,509,837,1,0,0,0,0,13,825,ITI,ITI2,10,Umbria,Umbria,882015,8425,0.96,0.1
996,2021-01-17,UMB,54,17,37,47,7,0,0,0,0,54,0,ITI,ITI2,10,Umbria,Umbria,882015,8479,0.96,0.01
997,2021-01-06,UMB,843,323,520,840,3,0,0,0,0,843,0,ITI,ITI2,10,Umbria,Umbria,882015,9322,1.06,0.1
998,2021-03-10,UMB,3933,1874,2059,120,854,111,2564,209,75,2680,1253,ITI,ITI2,10,Umbria,Umbria,882015,13255,1.5,0.45
999,2021-03-14,UMB,66,48,18,0,61,1,0,0,4,66,0,ITI,ITI2,10,Umbria,Umbria,882015,13321,1.51,0.01
1000,2021-02-01,UMB,1260,333,927,876,32,352,0,0,0,47,1213,ITI,ITI2,10,Umbria,Umbria,882015,14581,1.65,0.14
1001,2021-01-25,UMB,647,322,325,645,2,0,0,0,0,5,642,ITI,ITI2,10,Umbria,Umbria,882015,15228,1.73,0.07
1002,2021-01-11,UMB,1271,336,935,878,20,373,0,0,0,1271,0,ITI,ITI2,10,Umbria,Umbria,882015,16499,1.87,0.14
1003,2021-03-09,UMB,4009,1941,2068,142,681,94,2904,165,23,2716,1293,ITI,ITI2,10,Umbria,Umbria,882015,20508,2.33,0.45
1004,2021-01-02,UMB,301,110,191,301,0,0,0,0,0,301,0,ITI,ITI2,10,Umbria,Umbria,882015,20809,2.36,0.03
1005,2021-01-15,UMB,692,212,480,588,44,60,0,0,0,692,0,ITI,ITI2,10,Umbria,Umbria,882015,21501,2.44,0.08
1006,2021-01-09,UMB,1719,492,1227,888,10,821,0,0,0,1719,0,ITI,ITI2,10,Umbria,Umbria,882015,23220,2.63,0.19
1007,2021-01-23,UMB,277,100,177,276,1,0,0,0,0,2,275,ITI,ITI2,10,Umbria,Umbria,882015,23497,2.66,0.03
1008,2021-03-02,UMB,3626,1343,2283,318,276,55,1290,241,1446,3622,4,ITI,ITI2,10,Umbria,Umbria,882015,27123,3.08,0.41
1009,2021-02-04,UMB,732,226,506,692,20,20,0,0,0,25,707,ITI,ITI2,10,Umbria,Umbria,882015,27855,3.16,0.08
1010,2021-03-04,UMB,4475,1849,2626,849,238,4,1552,366,1466,3647,828,ITI,ITI2,10,Umbria,Umbria,882015,32330,3.67,0.51
1011,2021-03-06,UMB,4246,1107,3139,422,247,25,1110,120,2322,4103,143,ITI,ITI2,10,Umbria,Umbria,882015,36576,4.15,0.48
1012,2021-02-24,UMB,1496,557,939,1081,43,71,292,9,0,1480,16,ITI,ITI2,10,Umbria,Umbria,882015,38072,4.32,0.17
1013,2021-02-08,UMB,637,203,434,368,112,153,0,4,0,88,549,ITI,ITI2,10,Umbria,Umbria,882015,38709,4.39,0.07
1014,2021-03-07,UMB,843,180,663,16,83,24,44,0,676,836,7,ITI,ITI2,10,Umbria,Umbria,882015,39552,4.48,0.1
1015,2021-02-10,UMB,715,349,366,606,106,3,0,0,0,700,15,ITI,ITI2,10,Umbria,Umbria,882015,40267,4.57,0.08
1016,2021-01-13,UMB,450,139,311,379,29,42,0,0,0,450,0,ITI,ITI2,10,Umbria,Umbria,882015,40717,4.62,0.05
1017,2021-03-13,UMB,1731,524,1207,120,182,49,152,77,1151,1486,245,ITI,ITI2,10,Umbria,Umbria,882015,42448,4.81,0.2
1018,2021-01-18,UMB,588,215,373,315,149,124,0,0,0,504,84,ITI,ITI2,10,Umbria,Umbria,882015,43036,4.88,0.07
1019,2021-01-14,UMB,749,200,549,696,35,17,0,0,1,749,0,ITI,ITI2,10,Umbria,Umbria,882015,43785,4.96,0.08
1020,2021-03-05,UMB,4581,1378,3203,604,388,7,681,347,2554,3925,656,ITI,ITI2,10,Umbria,Umbria,882015,48366,5.48,0.52
1021,2021-02-02,UMB,942,274,668,713,17,212,0,0,0,32,910,ITI,ITI2,10,Umbria,Umbria,882015,49308,5.59,0.11
1022,2021-03-15,UMB,2165,948,1217,638,237,50,925,117,198,741,1424,ITI,ITI2,10,Umbria,Umbria,882015,51473,5.84,0.25
1023,2021-01-28,UMB,1240,392,848,891,4,345,0,0,0,19,1221,ITI,ITI2,10,Umbria,Umbria,882015,52713,5.98,0.14
1024,2021-01-10,UMB,1056,275,781,740,9,307,0,0,0,1056,0,ITI,ITI2,10,Umbria,Umbria,882015,53769,6.1,0.12
1025,2021-02-05,UMB,780,234,546,645,51,84,0,0,0,18,762,ITI,ITI2,10,Umbria,Umbria,882015,54549,6.18,0.09
1026,2021-02-15,UMB,1368,692,676,10,8,0,1350,0,0,1367,1,ITI,ITI2,10,Umbria,Umbria,882015,55917,6.34,0.16
1027,2021-02-25,UMB,1332,494,838,825,100,97,305,0,5,1280,52,ITI,ITI2,10,Umbria,Umbria,882015,57249,6.49,0.15
1028,2021-01-26,UMB,814,390,424,813,1,0,0,0,0,18,796,ITI,ITI2,10,Umbria,Umbria,882015,58063,6.58,0.09
1029,2021-01-22,UMB,276,105,171,273,1,2,0,0,0,32,244,ITI,ITI2,10,Umbria,Umbria,882015,58339,6.61,0.03
1030,2021-01-31,UMB,1056,276,780,765,10,281,0,0,0,25,1031,ITI,ITI2,10,Umbria,Umbria,882015,59395,6.73,0.12
1031,2021-01-03,UMB,267,111,156,267,0,0,0,0,0,267,0,ITI,ITI2,10,Umbria,Umbria,882015,59662,6.76,0.03
1032,2021-02-12,UMB,671,224,447,459,208,1,1,0,2,665,6,ITI,ITI2,10,Umbria,Umbria,882015,60333,6.84,0.08
1033,2021-02-11,UMB,842,349,493,735,99,5,0,0,3,837,5,ITI,ITI2,10,Umbria,Umbria,882015,61175,6.94,0.1
1034,2021-01-19,UMB,103,23,80,21,2,80,0,0,0,103,0,ITI,ITI2,10,Umbria,Umbria,882015,61278,6.95,0.01
1035,2021-01-07,UMB,1291,383,908,883,4,404,0,0,0,1291,0,ITI,ITI2,10,Umbria,Umbria,882015,62569,7.09,0.15
1036,2021-02-26,UMB,653,250,403,381,71,40,154,4,3,645,8,ITI,ITI2,10,Umbria,Umbria,882015,63222,7.17,0.07
1037,2021-02-03,UMB,725,174,551,560,37,128,0,0,0,67,658,ITI,ITI2,10,Umbria,Umbria,882015,63947,7.25,0.08
1038,2021-01-04,UMB,809,397,412,808,1,0,0,0,0,809,0,ITI,ITI2,10,Umbria,Umbria,882015,64756,7.34,0.09
1039,2021-03-11,UMB,3511,1669,1842,143,784,218,2007,201,158,2506,1005,ITI,ITI2,10,Umbria,Umbria,882015,68267,7.74,0.4
1040,2021-02-06,UMB,396,138,258,333,47,16,0,0,0,34,362,ITI,ITI2,10,Umbria,Umbria,882015,68663,7.78,0.04
1041,2021-01-29,UMB,1221,343,878,934,16,271,0,0,0,79,1142,ITI,ITI2,10,Umbria,Umbria,882015,69884,7.92,0.14
1042,2021-02-07,UMB,54,17,37,46,8,0,0,0,0,1,53,ITI,ITI2,10,Umbria,Umbria,882015,69938,7.93,0.01
1043,2021-02-19,UMB,743,293,450,281,16,14,432,0,0,526,217,ITI,ITI2,10,Umbria,Umbria,882015,70681,8.01,0.08
1044,2021-03-08,UMB,3662,1795,1867,140,355,45,2850,230,42,2300,1362,ITI,ITI2,10,Umbria,Umbria,882015,74343,8.43,0.42
1045,2021-01-20,UMB,613,222,391,583,15,14,0,0,1,613,0,ITI,ITI2,10,Umbria,Umbria,882015,74956,8.5,0.07
1046,2021-03-12,UMB,2619,1023,1596,110,586,41,461,229,1192,2121,498,ITI,ITI2,10,Umbria,Umbria,882015,77575,8.8,0.3
1047,2021-01-24,UMB,254,104,150,254,0,0,0,0,0,1,253,ITI,ITI2,10,Umbria,Umbria,882015,77829,8.82,0.03
1048,2021-01-30,UMB,1577,483,1094,841,18,717,1,0,0,44,1533,ITI,ITI2,10,Umbria,Umbria,882015,79406,9.0,0.18
1049,2021-01-16,UMB,221,73,148,146,32,43,0,0,0,221,0,ITI,ITI2,10,Umbria,Umbria,882015,79627,9.03,0.03
1050,2021-02-13,UMB,115,28,87,68,46,0,1,0,0,112,3,ITI,ITI2,10,Umbria,Umbria,882015,79742,9.04,0.01
1051,2021-02-17,UMB,1618,748,870,363,14,0,1240,0,1,1267,351,ITI,ITI2,10,Umbria,Umbria,882015,81360,9.22,0.18
1052,2021-02-16,UMB,1307,655,652,33,12,0,1262,0,0,1298,9,ITI,ITI2,10,Umbria,Umbria,882015,82667,9.37,0.15
1053,2021-01-21,UMB,610,202,408,428,13,169,0,0,0,341,269,ITI,ITI2,10,Umbria,Umbria,882015,83277,9.44,0.07
1054,2020-12-27,UMB,85,45,40,67,2,16,0,0,0,85,0,ITI,ITI2,10,Umbria,Umbria,882015,83362,9.45,0.01
1055,2021-02-22,UMB,1858,777,1081,732,120,1,1005,0,0,1769,89,ITI,ITI2,10,Umbria,Umbria,882015,85220,9.66,0.21
1056,2021-02-20,UMB,282,100,182,83,8,39,152,0,0,258,24,ITI,ITI2,10,Umbria,Umbria,882015,85502,9.69,0.03
1057,2021-01-08,UMB,1173,337,836,926,9,238,0,0,0,1173,0,ITI,ITI2,10,Umbria,Umbria,882015,86675,9.83,0.13
1058,2020-12-31,UMB,322,127,195,310,12,0,0,0,0,322,0,ITI,ITI2,10,Umbria,Umbria,882015,86997,9.86,0.04
1059,2021-02-23,UMB,1693,658,1035,1187,95,17,394,0,0,1650,43,ITI,ITI2,10,Umbria,Umbria,882015,88690,10.06,0.19
1060,2021-03-01,UMB,1510,777,733,114,28,0,1249,118,1,1396,114,ITI,ITI2,10,Umbria,Umbria,882015,90200,10.23,0.17
1061,2021-01-05,UMB,850,428,422,845,5,0,0,0,0,850,0,ITI,ITI2,10,Umbria,Umbria,882015,91050,10.32,0.1
1062,2021-01-12,UMB,784,247,537,665,14,105,0,0,0,784,0,ITI,ITI2,10,Umbria,Umbria,882015,91834,10.41,0.09
1063,2021-01-01,UMB,269,102,167,268,1,0,0,0,0,269,0,ITI,ITI2,10,Umbria,Umbria,882015,92103,10.44,0.03
1064,2021-01-20,MAR,398,99,299,146,62,190,0,0,0,386,12,ITI,ITI3,11,Marche,Marche,1525271,398,0.03,0.03
1065,2021-01-10,MAR,1737,699,1038,1462,275,0,0,0,0,1737,0,ITI,ITI3,11,Marche,Marche,1525271,2135,0.14,0.11
1066,2021-03-01,MAR,3725,1487,2238,387,177,82,2788,5,286,3478,247,ITI,ITI3,11,Marche,Marche,1525271,5860,0.38,0.24
1067,2021-02-04,MAR,2342,810,1532,1406,661,275,0,0,0,112,2230,ITI,ITI3,11,Marche,Marche,1525271,8202,0.54,0.15
1068,2021-02-09,MAR,125,42,83,78,21,26,0,0,0,47,78,ITI,ITI3,11,Marche,Marche,1525271,8327,0.55,0.01
1069,2021-01-21,MAR,896,253,643,460,100,336,0,0,0,585,311,ITI,ITI3,11,Marche,Marche,1525271,9223,0.6,0.06
1070,2021-02-03,MAR,2125,742,1383,1344,615,166,0,0,0,119,2006,ITI,ITI3,11,Marche,Marche,1525271,11348,0.74,0.14
1071,2021-01-15,MAR,1771,500,1271,985,420,366,0,0,0,1771,0,ITI,ITI3,11,Marche,Marche,1525271,13119,0.86,0.12
1072,2021-01-03,MAR,896,348,548,759,137,0,0,0,0,896,0,ITI,ITI3,11,Marche,Marche,1525271,14015,0.92,0.06
1073,2021-01-04,MAR,1500,563,937,1290,199,11,0,0,0,1500,0,ITI,ITI3,11,Marche,Marche,1525271,15515,1.02,0.1
1074,2021-03-15,MAR,1587,768,819,42,94,3,1322,4,122,478,1109,ITI,ITI3,11,Marche,Marche,1525271,17102,1.12,0.1
1075,2021-02-28,MAR,2837,1250,1587,19,18,0,2796,2,2,2831,6,ITI,ITI3,11,Marche,Marche,1525271,19939,1.31,0.19
1076,2020-12-30,MAR,17,5,12,14,3,0,0,0,0,17,0,ITI,ITI3,11,Marche,Marche,1525271,19956,1.31,0.0
1077,2021-02-20,MAR,4126,1708,2418,118,411,261,3333,3,0,4015,111,ITI,ITI3,11,Marche,Marche,1525271,24082,1.58,0.27
1078,2021-02-02,MAR,1193,397,796,804,296,93,0,0,0,73,1120,ITI,ITI3,11,Marche,Marche,1525271,25275,1.66,0.08
1079,2021-02-08,MAR,833,258,575,408,163,262,0,0,0,371,462,ITI,ITI3,11,Marche,Marche,1525271,26108,1.71,0.05
1080,2021-01-05,MAR,1562,586,976,1436,126,0,0,0,0,1562,0,ITI,ITI3,11,Marche,Marche,1525271,27670,1.81,0.1
1081,2021-01-27,MAR,2119,780,1339,1753,226,140,0,0,0,122,1997,ITI,ITI3,11,Marche,Marche,1525271,29789,1.95,0.14
1082,2021-02-27,MAR,3373,1440,1933,186,172,161,2847,6,1,3164,209,ITI,ITI3,11,Marche,Marche,1525271,33162,2.17,0.22
1083,2021-01-06,MAR,2181,792,1389,1738,296,147,0,0,0,2181,0,ITI,ITI3,11,Marche,Marche,1525271,35343,2.32,0.14
1084,2021-03-14,MAR,2511,1034,1477,442,80,0,1532,2,455,1913,598,ITI,ITI3,11,Marche,Marche,1525271,37854,2.48,0.16
1085,2021-02-23,MAR,3273,1399,1874,219,137,116,2793,8,0,3217,56,ITI,ITI3,11,Marche,Marche,1525271,41127,2.7,0.21
1086,2021-03-05,MAR,6023,2735,3288,1127,796,143,2373,782,802,4556,1467,ITI,ITI3,11,Marche,Marche,1525271,47150,3.09,0.39
1087,2021-01-22,MAR,487,167,320,315,85,87,0,0,0,194,293,ITI,ITI3,11,Marche,Marche,1525271,47637,3.12,0.03
1088,2021-03-03,MAR,6690,3033,3657,818,818,254,3132,885,783,5809,881,ITI,ITI3,11,Marche,Marche,1525271,54327,3.56,0.44
1089,2021-01-24,MAR,891,342,549,772,119,0,0,0,0,17,874,ITI,ITI3,11,Marche,Marche,1525271,55218,3.62,0.06
1090,2021-03-13,MAR,5610,2505,3105,664,372,57,4247,133,137,1649,3961,ITI,ITI3,11,Marche,Marche,1525271,60828,3.99,0.37
1091,2021-01-19,MAR,225,81,144,120,20,85,0,0,0,141,84,ITI,ITI3,11,Marche,Marche,1525271,61053,4.0,0.01
1092,2021-03-10,MAR,5703,2439,3264,721,808,101,2673,362,1038,4566,1137,ITI,ITI3,11,Marche,Marche,1525271,66756,4.38,0.37
1093,2021-01-18,MAR,673,230,443,370,171,132,0,0,0,547,126,ITI,ITI3,11,Marche,Marche,1525271,67429,4.42,0.04
1094,2021-02-19,MAR,1971,716,1255,1273,492,203,1,0,2,1836,135,ITI,ITI3,11,Marche,Marche,1525271,69400,4.55,0.13
1095,2021-02-18,MAR,2103,746,1357,1150,549,402,1,0,1,1816,287,ITI,ITI3,11,Marche,Marche,1525271,71503,4.69,0.14
1096,2021-01-09,MAR,1709,605,1104,1406,303,0,0,0,0,1709,0,ITI,ITI3,11,Marche,Marche,1525271,73212,4.8,0.11
1097,2021-02-12,MAR,1583,618,965,815,680,88,0,0,0,1431,152,ITI,ITI3,11,Marche,Marche,1525271,74795,4.9,0.1
1098,2021-01-25,MAR,1595,558,1037,1425,114,56,0,0,0,97,1498,ITI,ITI3,11,Marche,Marche,1525271,76390,5.01,0.1
1099,2021-01-07,MAR,1802,633,1169,1480,322,0,0,0,0,1802,0,ITI,ITI3,11,Marche,Marche,1525271,78192,5.13,0.12
1100,2021-02-24,MAR,3440,1506,1934,226,235,165,2810,3,1,3361,79,ITI,ITI3,11,Marche,Marche,1525271,81632,5.35,0.23
1101,2021-01-17,MAR,1598,682,916,964,588,46,0,0,0,1549,49,ITI,ITI3,11,Marche,Marche,1525271,83230,5.46,0.1
1102,2021-03-02,MAR,4963,1943,3020,589,275,242,3316,3,538,4397,566,ITI,ITI3,11,Marche,Marche,1525271,88193,5.78,0.33
1103,2021-02-25,MAR,3562,1446,2116,432,213,423,2490,3,1,3383,179,ITI,ITI3,11,Marche,Marche,1525271,91755,6.02,0.23
1104,2020-12-27,MAR,200,97,103,184,12,4,0,0,0,200,0,ITI,ITI3,11,Marche,Marche,1525271,91955,6.03,0.01
1105,2021-03-06,MAR,5592,2526,3066,973,708,125,2400,639,747,4325,1267,ITI,ITI3,11,Marche,Marche,1525271,97547,6.4,0.37
1106,2021-01-02,MAR,453,139,314,444,9,0,0,0,0,453,0,ITI,ITI3,11,Marche,Marche,1525271,98000,6.43,0.03
1107,2021-02-15,MAR,973,413,560,544,428,1,0,0,0,960,13,ITI,ITI3,11,Marche,Marche,1525271,98973,6.49,0.06
1108,2021-02-22,MAR,3413,1498,1915,325,408,77,2596,5,2,3339,74,ITI,ITI3,11,Marche,Marche,1525271,102386,6.71,0.22
1109,2021-02-11,MAR,1988,658,1330,1155,621,212,0,0,0,1599,389,ITI,ITI3,11,Marche,Marche,1525271,104374,6.84,0.13
1110,2021-03-09,MAR,5395,2278,3117,754,443,36,2588,505,1069,4513,882,ITI,ITI3,11,Marche,Marche,1525271,109769,7.2,0.35
1111,2021-01-08,MAR,1574,588,986,1226,348,0,0,0,0,1574,0,ITI,ITI3,11,Marche,Marche,1525271,111343,7.3,0.1
1112,2021-01-26,MAR,2016,746,1270,1736,194,86,0,0,0,92,1924,ITI,ITI3,11,Marche,Marche,1525271,113359,7.43,0.13
1113,2020-12-31,MAR,383,178,205,370,13,0,0,0,0,383,0,ITI,ITI3,11,Marche,Marche,1525271,113742,7.46,0.03
1114,2021-03-04,MAR,6480,2855,3625,1064,920,106,2798,824,768,5086,1394,ITI,ITI3,11,Marche,Marche,1525271,120222,7.88,0.42
1115,2021-02-14,MAR,738,301,437,578,160,0,0,0,0,738,0,ITI,ITI3,11,Marche,Marche,1525271,120960,7.93,0.05
1116,2021-01-28,MAR,1972,659,1313,1581,290,101,0,0,0,167,1805,ITI,ITI3,11,Marche,Marche,1525271,122932,8.06,0.13
1117,2021-01-11,MAR,1176,411,765,1021,155,0,0,0,0,1176,0,ITI,ITI3,11,Marche,Marche,1525271,124108,8.14,0.08
1118,2021-01-12,MAR,1226,413,813,912,264,50,0,0,0,1226,0,ITI,ITI3,11,Marche,Marche,1525271,125334,8.22,0.08
1119,2021-03-07,MAR,5183,2108,3075,607,357,0,3007,316,896,4430,753,ITI,ITI3,11,Marche,Marche,1525271,130517,8.56,0.34
1120,2021-01-16,MAR,2006,723,1283,1059,662,285,0,0,0,2006,0,ITI,ITI3,11,Marche,Marche,1525271,132523,8.69,0.13
1121,2021-02-21,MAR,377,142,235,204,115,57,0,0,1,376,1,ITI,ITI3,11,Marche,Marche,1525271,132900,8.71,0.02
1122,2021-02-05,MAR,2156,653,1503,1317,420,419,0,0,0,440,1716,ITI,ITI3,11,Marche,Marche,1525271,135056,8.85,0.14
1123,2021-02-13,MAR,1064,455,609,457,517,90,0,0,0,1012,52,ITI,ITI3,11,Marche,Marche,1525271,136120,8.92,0.07
1124,2021-03-12,MAR,4571,1922,2649,817,673,0,1901,251,929,3327,1244,ITI,ITI3,11,Marche,Marche,1525271,140691,9.22,0.3
1125,2021-03-08,MAR,6165,2659,3506,768,535,219,3096,533,1014,5163,1002,ITI,ITI3,11,Marche,Marche,1525271,146856,9.63,0.4
1126,2021-02-10,MAR,1439,452,987,881,343,215,0,0,0,1080,359,ITI,ITI3,11,Marche,Marche,1525271,148295,9.72,0.09
1127,2021-01-31,MAR,1927,772,1155,1532,395,0,0,0,0,105,1822,ITI,ITI3,11,Marche,Marche,1525271,150222,9.85,0.13
1128,2021-01-14,MAR,2010,692,1318,1112,600,298,0,0,0,2010,0,ITI,ITI3,11,Marche,Marche,1525271,152232,9.98,0.13
1129,2021-03-11,MAR,6731,2893,3838,1094,910,38,3227,358,1104,5360,1371,ITI,ITI3,11,Marche,Marche,1525271,158963,10.42,0.44
1130,2021-02-01,MAR,1363,479,884,1055,227,81,0,0,0,98,1265,ITI,ITI3,11,Marche,Marche,1525271,160326,10.51,0.09
1131,2021-01-29,MAR,1991,730,1261,1479,438,74,0,0,0,168,1823,ITI,ITI3,11,Marche,Marche,1525271,162317,10.64,0.13
1132,2021-01-30,MAR,1907,668,1239,1566,341,0,0,0,0,29,1878,ITI,ITI3,11,Marche,Marche,1525271,164224,10.77,0.13
1133,2021-02-16,MAR,1291,475,816,736,463,92,0,0,0,1261,30,ITI,ITI3,11,Marche,Marche,1525271,165515,10.85,0.08
1134,2021-01-23,MAR,557,190,367,440,54,63,0,0,0,123,434,ITI,ITI3,11,Marche,Marche,1525271,166072,10.89,0.04
1135,2021-02-07,MAR,1870,734,1136,1156,668,46,0,0,0,344,1526,ITI,ITI3,11,Marche,Marche,1525271,167942,11.01,0.12
1136,2021-01-13,MAR,2105,746,1359,1408,621,76,0,0,0,2105,0,ITI,ITI3,11,Marche,Marche,1525271,170047,11.15,0.14
1137,2021-02-06,MAR,2459,900,1559,1401,643,415,0,0,0,522,1937,ITI,ITI3,11,Marche,Marche,1525271,172506,11.31,0.16
1138,2021-02-17,MAR,1791,664,1127,968,522,300,1,0,0,1672,119,ITI,ITI3,11,Marche,Marche,1525271,174297,11.43,0.12
1139,2021-02-26,MAR,3569,1493,2076,446,231,330,2519,4,39,3093,476,ITI,ITI3,11,Marche,Marche,1525271,177866,11.66,0.23
1140,2021-03-06,MOL,1728,807,921,156,1415,0,5,152,0,1569,159,ITF,ITF2,14,Molise,Molise,305617,1728,0.57,0.57
1141,2021-03-03,MOL,672,316,356,63,389,48,0,45,127,590,82,ITF,ITF2,14,Molise,Molise,305617,2400,0.79,0.22
1142,2021-01-29,MOL,421,136,285,227,82,109,0,0,3,6,415,ITF,ITF2,14,Molise,Molise,305617,2821,0.92,0.14
1143,2021-02-10,MOL,150,78,72,91,6,53,0,0,0,130,20,ITF,ITF2,14,Molise,Molise,305617,2971,0.97,0.05
1144,2021-01-18,MOL,114,48,66,97,17,0,0,0,0,114,0,ITF,ITF2,14,Molise,Molise,305617,3085,1.01,0.04
1145,2021-02-15,MOL,144,70,74,117,12,15,0,0,0,141,3,ITF,ITF2,14,Molise,Molise,305617,3229,1.06,0.05
1146,2021-02-09,MOL,359,170,189,161,88,110,0,0,0,197,162,ITF,ITF2,14,Molise,Molise,305617,3588,1.17,0.12
1147,2021-01-31,MOL,268,70,198,85,18,164,0,0,1,6,262,ITF,ITF2,14,Molise,Molise,305617,3856,1.26,0.09
1148,2021-02-23,MOL,527,202,325,136,42,8,340,0,1,362,165,ITF,ITF2,14,Molise,Molise,305617,4383,1.43,0.17
1149,2021-01-13,MOL,474,160,314,256,73,144,0,0,1,474,0,ITF,ITF2,14,Molise,Molise,305617,4857,1.59,0.16
1150,2021-03-07,MOL,1114,499,615,2,1112,0,0,0,0,1112,2,ITF,ITF2,14,Molise,Molise,305617,5971,1.95,0.36
1151,2021-02-05,MOL,593,269,324,460,70,63,0,0,0,55,538,ITF,ITF2,14,Molise,Molise,305617,6564,2.15,0.19
1152,2021-01-30,MOL,460,158,302,189,92,179,0,0,0,12,448,ITF,ITF2,14,Molise,Molise,305617,7024,2.3,0.15
1153,2021-03-04,MOL,850,417,433,252,493,69,0,36,0,526,324,ITF,ITF2,14,Molise,Molise,305617,7874,2.58,0.28
1154,2021-01-08,MOL,429,141,288,244,65,120,0,0,0,429,0,ITF,ITF2,14,Molise,Molise,305617,8303,2.72,0.14
1155,2021-03-14,MOL,594,239,355,2,592,0,0,0,0,16,578,ITF,ITF2,14,Molise,Molise,305617,8897,2.91,0.19
1156,2021-01-10,MOL,270,72,198,82,19,169,0,0,0,270,0,ITF,ITF2,14,Molise,Molise,305617,9167,3.0,0.09
1157,2021-02-21,MOL,573,227,346,1,4,0,568,0,0,571,2,ITF,ITF2,14,Molise,Molise,305617,9740,3.19,0.19
1158,2021-02-18,MOL,319,74,245,296,23,0,0,0,0,306,13,ITF,ITF2,14,Molise,Molise,305617,10059,3.29,0.1
1159,2021-02-27,MOL,1366,568,798,26,40,14,1285,0,1,1347,19,ITF,ITF2,14,Molise,Molise,305617,11425,3.74,0.45
1160,2021-03-10,MOL,1716,715,1001,188,830,1,1,187,509,1666,50,ITF,ITF2,14,Molise,Molise,305617,13141,4.3,0.56
1161,2021-02-08,MOL,334,141,193,206,43,85,0,0,0,216,118,ITF,ITF2,14,Molise,Molise,305617,13475,4.41,0.11
1162,2021-02-01,MOL,562,201,361,301,149,111,0,0,1,14,548,ITF,ITF2,14,Molise,Molise,305617,14037,4.59,0.18
1163,2021-02-22,MOL,265,129,136,56,139,62,8,0,0,250,15,ITF,ITF2,14,Molise,Molise,305617,14302,4.68,0.09
1164,2021-01-14,MOL,646,239,407,418,113,115,0,0,0,646,0,ITF,ITF2,14,Molise,Molise,305617,14948,4.89,0.21
1165,2021-01-17,MOL,78,38,40,78,0,0,0,0,0,48,30,ITF,ITF2,14,Molise,Molise,305617,15026,4.92,0.03
1166,2021-01-04,MOL,314,131,183,301,13,0,0,0,0,314,0,ITF,ITF2,14,Molise,Molise,305617,15340,5.02,0.1
1167,2021-01-05,MOL,449,180,269,441,8,0,0,0,0,449,0,ITF,ITF2,14,Molise,Molise,305617,15789,5.17,0.15
1168,2021-02-06,MOL,429,179,250,276,22,130,0,0,1,29,400,ITF,ITF2,14,Molise,Molise,305617,16218,5.31,0.14
1169,2021-02-07,MOL,66,32,34,49,1,16,0,0,0,19,47,ITF,ITF2,14,Molise,Molise,305617,16284,5.33,0.02
1170,2021-02-16,MOL,156,70,86,148,8,0,0,0,0,150,6,ITF,ITF2,14,Molise,Molise,305617,16440,5.38,0.05
1171,2021-02-17,MOL,72,32,40,47,19,6,0,0,0,57,15,ITF,ITF2,14,Molise,Molise,305617,16512,5.4,0.02
1172,2021-02-26,MOL,563,260,303,42,57,3,406,0,55,490,73,ITF,ITF2,14,Molise,Molise,305617,17075,5.59,0.18
1173,2021-01-27,MOL,674,251,423,436,28,209,0,0,1,8,666,ITF,ITF2,14,Molise,Molise,305617,17749,5.81,0.22
1174,2021-03-09,MOL,1319,576,743,199,457,0,52,218,393,1167,152,ITF,ITF2,14,Molise,Molise,305617,19068,6.24,0.43
1175,2021-01-21,MOL,6,2,4,0,6,0,0,0,0,6,0,ITF,ITF2,14,Molise,Molise,305617,19074,6.24,0.0
1176,2020-12-27,MOL,50,20,30,29,4,17,0,0,0,50,0,ITF,ITF2,14,Molise,Molise,305617,19124,6.26,0.02
1177,2021-03-11,MOL,674,312,362,18,237,12,0,147,260,668,6,ITF,ITF2,14,Molise,Molise,305617,19798,6.48,0.22
1178,2021-01-25,MOL,319,130,189,317,0,0,0,0,2,3,316,ITF,ITF2,14,Molise,Molise,305617,20117,6.58,0.1
1179,2021-02-12,MOL,330,149,181,224,32,72,0,0,2,208,122,ITF,ITF2,14,Molise,Molise,305617,20447,6.69,0.11
1180,2021-01-20,MOL,18,8,10,14,4,0,0,0,0,18,0,ITF,ITF2,14,Molise,Molise,305617,20465,6.7,0.01
1181,2021-02-03,MOL,731,249,482,391,159,180,0,0,1,338,393,ITF,ITF2,14,Molise,Molise,305617,21196,6.94,0.24
1182,2021-02-25,MOL,541,239,302,68,12,28,433,0,0,473,68,ITF,ITF2,14,Molise,Molise,305617,21737,7.11,0.18
1183,2021-01-15,MOL,538,242,296,398,59,81,0,0,0,538,0,ITF,ITF2,14,Molise,Molise,305617,22275,7.29,0.18
1184,2021-02-24,MOL,666,278,388,242,105,44,274,0,1,333,333,ITF,ITF2,14,Molise,Molise,305617,22941,7.51,0.22
1185,2021-01-09,MOL,450,152,298,221,51,178,0,0,0,450,0,ITF,ITF2,14,Molise,Molise,305617,23391,7.65,0.15
1186,2021-03-08,MOL,1366,521,845,359,504,23,0,76,404,1226,140,ITF,ITF2,14,Molise,Molise,305617,24757,8.1,0.45
1187,2021-01-07,MOL,598,209,389,414,39,145,0,0,0,598,0,ITF,ITF2,14,Molise,Molise,305617,25355,8.3,0.2
1188,2021-01-11,MOL,557,194,363,196,250,111,0,0,0,557,0,ITF,ITF2,14,Molise,Molise,305617,25912,8.48,0.18
1189,2021-03-01,MOL,641,268,373,200,184,108,0,2,147,427,214,ITF,ITF2,14,Molise,Molise,305617,26553,8.69,0.21
1190,2021-02-04,MOL,758,295,463,502,114,141,0,0,1,77,681,ITF,ITF2,14,Molise,Molise,305617,27311,8.94,0.25
1191,2021-02-11,MOL,293,133,160,225,19,45,0,3,1,257,36,ITF,ITF2,14,Molise,Molise,305617,27604,9.03,0.1
1192,2021-01-22,MOL,126,35,91,21,32,73,0,0,0,126,0,ITF,ITF2,14,Molise,Molise,305617,27730,9.07,0.04
1193,2021-03-05,MOL,1219,649,570,322,673,0,0,151,73,1015,204,ITF,ITF2,14,Molise,Molise,305617,28949,9.47,0.4
1194,2021-01-12,MOL,336,114,222,132,75,129,0,0,0,336,0,ITF,ITF2,14,Molise,Molise,305617,29285,9.58,0.11
1195,2021-02-28,MOL,828,331,497,38,763,27,0,0,0,786,42,ITF,ITF2,14,Molise,Molise,305617,30113,9.85,0.27
1196,2021-01-26,MOL,450,184,266,444,5,0,0,0,1,8,442,ITF,ITF2,14,Molise,Molise,305617,30563,10.0,0.15
1197,2021-03-13,MOL,1187,593,594,29,1002,5,0,151,0,199,988,ITF,ITF2,14,Molise,Molise,305617,31750,10.39,0.39
1198,2021-03-02,MOL,666,383,283,98,253,51,0,113,151,508,158,ITF,ITF2,14,Molise,Molise,305617,32416,10.61,0.22
1199,2021-01-19,MOL,173,63,110,90,59,22,0,0,2,162,11,ITF,ITF2,14,Molise,Molise,305617,32589,10.66,0.06
1200,2021-02-20,MOL,1018,441,577,20,57,8,933,0,0,998,20,ITF,ITF2,14,Molise,Molise,305617,33607,11.0,0.33
1201,2021-03-12,MOL,1156,489,667,38,653,0,0,68,397,1120,36,ITF,ITF2,14,Molise,Molise,305617,34763,11.37,0.38
1202,2021-02-02,MOL,486,155,331,295,63,128,0,0,0,163,323,ITF,ITF2,14,Molise,Molise,305617,35249,11.53,0.16
1203,2021-01-06,MOL,689,260,429,456,62,171,0,0,0,689,0,ITF,ITF2,14,Molise,Molise,305617,35938,11.76,0.23
1204,2021-01-16,MOL,420,166,254,270,23,127,0,0,0,420,0,ITF,ITF2,14,Molise,Molise,305617,36358,11.9,0.14
1205,2021-02-19,MOL,169,93,76,95,70,1,0,0,3,167,2,ITF,ITF2,14,Molise,Molise,305617,36527,11.95,0.06
1206,2021-01-28,MOL,613,217,396,430,28,154,0,0,1,17,596,ITF,ITF2,14,Molise,Molise,305617,37140,12.15,0.2
1207,2021-02-13,MOL,132,80,52,129,3,0,0,0,0,132,0,ITF,ITF2,14,Molise,Molise,305617,37272,12.2,0.04
1208,2021-02-12,BAS,775,332,443,288,201,90,190,6,0,744,31,ITF,ITF5,17,Basilicata,Basilicata,559084,775,0.14,0.14
1209,2021-03-14,BAS,583,290,293,23,113,8,436,3,0,190,393,ITF,ITF5,17,Basilicata,Basilicata,559084,1358,0.24,0.1
1210,2021-03-02,BAS,792,381,411,110,78,5,185,201,213,657,135,ITF,ITF5,17,Basilicata,Basilicata,559084,2150,0.38,0.14
1211,2021-01-14,BAS,969,413,556,504,142,323,0,0,0,969,0,ITF,ITF5,17,Basilicata,Basilicata,559084,3119,0.56,0.17
1212,2021-01-18,BAS,463,157,306,364,54,45,0,0,0,364,99,ITF,ITF5,17,Basilicata,Basilicata,559084,3582,0.64,0.08
1213,2021-03-07,BAS,882,308,574,39,18,4,328,22,471,844,38,ITF,ITF5,17,Basilicata,Basilicata,559084,4464,0.8,0.16
1214,2021-02-11,BAS,951,401,550,200,169,107,471,4,0,868,83,ITF,ITF5,17,Basilicata,Basilicata,559084,5415,0.97,0.17
1215,2021-01-03,BAS,900,344,556,790,108,0,0,0,2,900,0,ITF,ITF5,17,Basilicata,Basilicata,559084,6315,1.13,0.16
1216,2021-01-30,BAS,703,226,477,424,153,126,0,0,0,127,576,ITF,ITF5,17,Basilicata,Basilicata,559084,7018,1.26,0.13
1217,2021-02-03,BAS,666,300,366,425,69,172,0,0,0,32,634,ITF,ITF5,17,Basilicata,Basilicata,559084,7684,1.37,0.12
1218,2021-01-26,BAS,793,350,443,622,136,35,0,0,0,101,692,ITF,ITF5,17,Basilicata,Basilicata,559084,8477,1.52,0.14
1219,2021-03-10,BAS,1650,814,836,101,110,33,877,256,273,811,839,ITF,ITF5,17,Basilicata,Basilicata,559084,10127,1.81,0.3
1220,2021-01-05,BAS,945,409,536,861,84,0,0,0,0,945,0,ITF,ITF5,17,Basilicata,Basilicata,559084,11072,1.98,0.17
1221,2021-01-27,BAS,410,174,236,299,85,26,0,0,0,113,297,ITF,ITF5,17,Basilicata,Basilicata,559084,11482,2.05,0.07
1222,2021-03-09,BAS,1391,706,685,222,95,33,545,258,238,787,604,ITF,ITF5,17,Basilicata,Basilicata,559084,12873,2.3,0.25
1223,2021-01-02,BAS,949,380,569,855,91,0,0,0,3,949,0,ITF,ITF5,17,Basilicata,Basilicata,559084,13822,2.47,0.17
1224,2021-02-01,BAS,242,91,151,156,38,48,0,0,0,46,196,ITF,ITF5,17,Basilicata,Basilicata,559084,14064,2.52,0.04
1225,2021-01-04,BAS,607,271,336,550,55,0,0,0,2,607,0,ITF,ITF5,17,Basilicata,Basilicata,559084,14671,2.62,0.11
1226,2021-01-19,BAS,199,84,115,78,77,44,0,0,0,199,0,ITF,ITF5,17,Basilicata,Basilicata,559084,14870,2.66,0.04
1227,2021-01-23,BAS,707,299,408,592,114,1,0,0,0,33,674,ITF,ITF5,17,Basilicata,Basilicata,559084,15577,2.79,0.13
1228,2021-01-21,BAS,30,10,20,0,30,0,0,0,0,30,0,ITF,ITF5,17,Basilicata,Basilicata,559084,15607,2.79,0.01
1229,2021-03-05,BAS,1813,838,975,298,224,72,655,254,310,1069,744,ITF,ITF5,17,Basilicata,Basilicata,559084,17420,3.12,0.32
1230,2021-02-26,BAS,2137,895,1242,89,104,1,1943,0,0,2058,79,ITF,ITF5,17,Basilicata,Basilicata,559084,19557,3.5,0.38
1231,2021-01-25,BAS,1020,427,593,828,191,1,0,0,0,74,946,ITF,ITF5,17,Basilicata,Basilicata,559084,20577,3.68,0.18
1232,2021-02-15,BAS,621,232,389,191,137,46,246,1,0,580,41,ITF,ITF5,17,Basilicata,Basilicata,559084,21198,3.79,0.11
1233,2021-03-13,BAS,1232,651,581,46,351,1,483,226,125,651,581,ITF,ITF5,17,Basilicata,Basilicata,559084,22430,4.01,0.22
1234,2021-01-15,BAS,812,349,463,577,61,174,0,0,0,812,0,ITF,ITF5,17,Basilicata,Basilicata,559084,23242,4.16,0.15
1235,2021-01-20,BAS,84,22,62,0,84,0,0,0,0,84,0,ITF,ITF5,17,Basilicata,Basilicata,559084,23326,4.17,0.02
1236,2021-01-16,BAS,721,304,417,466,92,161,0,0,2,721,0,ITF,ITF5,17,Basilicata,Basilicata,559084,24047,4.3,0.13
1237,2021-03-12,BAS,1755,906,849,265,107,5,878,242,258,797,958,ITF,ITF5,17,Basilicata,Basilicata,559084,25802,4.62,0.31
1238,2021-02-06,BAS,902,367,535,546,187,168,0,0,1,146,756,ITF,ITF5,17,Basilicata,Basilicata,559084,26704,4.78,0.16
1239,2021-01-29,BAS,612,228,384,397,145,70,0,0,0,63,549,ITF,ITF5,17,Basilicata,Basilicata,559084,27316,4.89,0.11
1240,2021-02-07,BAS,373,159,214,259,74,40,0,0,0,49,324,ITF,ITF5,17,Basilicata,Basilicata,559084,27689,4.95,0.07
1241,2021-02-24,BAS,1784,739,1045,85,29,2,1667,1,0,1715,69,ITF,ITF5,17,Basilicata,Basilicata,559084,29473,5.27,0.32
1242,2021-03-11,BAS,1779,916,863,163,159,77,904,253,223,820,959,ITF,ITF5,17,Basilicata,Basilicata,559084,31252,5.59,0.32
1243,2021-01-11,BAS,183,66,117,107,35,41,0,0,0,183,0,ITF,ITF5,17,Basilicata,Basilicata,559084,31435,5.62,0.03
1244,2021-01-28,BAS,903,401,502,717,104,81,1,0,0,119,784,ITF,ITF5,17,Basilicata,Basilicata,559084,32338,5.78,0.16
1245,2020-12-27,BAS,106,41,65,104,2,0,0,0,0,106,0,ITF,ITF5,17,Basilicata,Basilicata,559084,32444,5.8,0.02
1246,2021-02-13,BAS,799,313,486,279,204,115,199,2,0,738,61,ITF,ITF5,17,Basilicata,Basilicata,559084,33243,5.95,0.14
1247,2021-01-24,BAS,834,299,535,706,127,1,0,0,0,58,776,ITF,ITF5,17,Basilicata,Basilicata,559084,34077,6.1,0.15
1248,2021-01-17,BAS,328,133,195,233,41,54,0,0,0,327,1,ITF,ITF5,17,Basilicata,Basilicata,559084,34405,6.15,0.06
1249,2021-02-28,BAS,796,339,457,32,30,0,734,0,0,768,28,ITF,ITF5,17,Basilicata,Basilicata,559084,35201,6.3,0.14
1250,2021-02-21,BAS,241,97,144,16,2,11,211,0,1,241,0,ITF,ITF5,17,Basilicata,Basilicata,559084,35442,6.34,0.04
1251,2021-02-25,BAS,1794,738,1056,67,14,0,1712,1,0,1747,47,ITF,ITF5,17,Basilicata,Basilicata,559084,37236,6.66,0.32
1252,2021-02-27,BAS,1896,819,1077,103,182,21,1590,0,0,1731,165,ITF,ITF5,17,Basilicata,Basilicata,559084,39132,7.0,0.34
1253,2021-01-06,BAS,294,129,165,229,29,36,0,0,0,294,0,ITF,ITF5,17,Basilicata,Basilicata,559084,39426,7.05,0.05
1254,2021-02-17,BAS,1132,492,640,123,68,57,882,1,1,1056,76,ITF,ITF5,17,Basilicata,Basilicata,559084,40558,7.25,0.2
1255,2021-02-04,BAS,1092,440,652,636,175,281,0,0,0,63,1029,ITF,ITF5,17,Basilicata,Basilicata,559084,41650,7.45,0.2
1256,2021-02-16,BAS,906,378,528,251,95,67,492,1,0,808,98,ITF,ITF5,17,Basilicata,Basilicata,559084,42556,7.61,0.16
1257,2021-03-01,BAS,540,279,261,121,129,4,168,68,50,376,164,ITF,ITF5,17,Basilicata,Basilicata,559084,43096,7.71,0.1
1258,2021-03-04,BAS,1806,863,943,217,243,66,776,263,241,1013,793,ITF,ITF5,17,Basilicata,Basilicata,559084,44902,8.03,0.32
1259,2021-02-14,BAS,150,48,102,55,13,64,18,0,0,150,0,ITF,ITF5,17,Basilicata,Basilicata,559084,45052,8.06,0.03
1260,2021-02-19,BAS,1622,740,882,219,374,66,963,0,0,1560,62,ITF,ITF5,17,Basilicata,Basilicata,559084,46674,8.35,0.29
1261,2021-01-08,BAS,554,219,335,383,112,59,0,0,0,554,0,ITF,ITF5,17,Basilicata,Basilicata,559084,47228,8.45,0.1
1262,2021-02-20,BAS,1117,508,609,72,183,68,794,0,0,1000,117,ITF,ITF5,17,Basilicata,Basilicata,559084,48345,8.65,0.2
1263,2021-02-22,BAS,1762,760,1002,125,86,2,1549,0,0,1709,53,ITF,ITF5,17,Basilicata,Basilicata,559084,50107,8.96,0.32
1264,2021-02-08,BAS,557,193,364,436,72,49,0,0,0,151,406,ITF,ITF5,17,Basilicata,Basilicata,559084,50664,9.06,0.1
1265,2021-03-15,BAS,513,197,316,59,28,0,326,0,100,212,301,ITF,ITF5,17,Basilicata,Basilicata,559084,51177,9.15,0.09
1266,2021-02-09,BAS,491,213,278,200,237,54,0,0,0,316,175,ITF,ITF5,17,Basilicata,Basilicata,559084,51668,9.24,0.09
1267,2021-01-09,BAS,557,160,397,386,103,67,0,0,1,557,0,ITF,ITF5,17,Basilicata,Basilicata,559084,52225,9.34,0.1
1268,2021-01-12,BAS,217,88,129,87,31,99,0,0,0,217,0,ITF,ITF5,17,Basilicata,Basilicata,559084,52442,9.38,0.04
1269,2021-02-23,BAS,1882,764,1118,159,48,35,1640,0,0,1744,138,ITF,ITF5,17,Basilicata,Basilicata,559084,54324,9.72,0.34
1270,2021-01-07,BAS,640,319,321,556,55,29,0,0,0,640,0,ITF,ITF5,17,Basilicata,Basilicata,559084,54964,9.83,0.11
1271,2021-02-02,BAS,366,142,224,212,51,102,1,0,0,176,190,ITF,ITF5,17,Basilicata,Basilicata,559084,55330,9.9,0.07
1272,2021-02-18,BAS,1070,401,669,270,74,150,576,0,0,855,215,ITF,ITF5,17,Basilicata,Basilicata,559084,56400,10.09,0.19
1273,2021-02-05,BAS,982,442,540,610,181,191,0,0,0,64,918,ITF,ITF5,17,Basilicata,Basilicata,559084,57382,10.26,0.18
1274,2021-01-13,BAS,916,387,529,699,68,148,0,0,1,916,0,ITF,ITF5,17,Basilicata,Basilicata,559084,58298,10.43,0.16
1275,2021-01-10,BAS,77,24,53,9,68,0,0,0,0,77,0,ITF,ITF5,17,Basilicata,Basilicata,559084,58375,10.44,0.01
1276,2021-01-31,BAS,77,24,53,75,2,0,0,0,0,0,77,ITF,ITF5,17,Basilicata,Basilicata,559084,58452,10.45,0.01
1277,2021-03-08,BAS,1450,707,743,221,252,38,410,256,273,840,610,ITF,ITF5,17,Basilicata,Basilicata,559084,59902,10.71,0.26
1278,2021-02-10,BAS,547,237,310,176,153,127,90,0,1,495,52,ITF,ITF5,17,Basilicata,Basilicata,559084,60449,10.81,0.1
1279,2021-03-03,BAS,1713,805,908,191,413,99,561,203,246,1157,556,ITF,ITF5,17,Basilicata,Basilicata,559084,62162,11.12,0.31
1280,2021-03-06,BAS,1350,534,816,296,170,57,383,185,259,756,594,ITF,ITF5,17,Basilicata,Basilicata,559084,63512,11.36,0.24
1281,2021-01-22,BAS,66,24,42,6,60,0,0,0,0,66,0,ITF,ITF5,17,Basilicata,Basilicata,559084,63578,11.37,0.01
1282,2021-01-12,PUG,4202,1765,2437,3628,350,218,1,0,5,4202,0,ITF,ITF4,16,Puglia,Puglia,4029053,4202,0.1,0.1
1283,2021-01-01,PUG,146,60,86,145,1,0,0,0,0,146,0,ITF,ITF4,16,Puglia,Puglia,4029053,4348,0.11,0.0
1284,2021-03-04,PUG,14767,5750,9017,1536,891,298,4558,1226,6258,13392,1375,ITF,ITF4,16,Puglia,Puglia,4029053,19115,0.47,0.37
1285,2021-01-20,PUG,1551,543,1008,784,165,602,0,0,0,1543,8,ITF,ITF4,16,Puglia,Puglia,4029053,20666,0.51,0.04
1286,2021-01-02,PUG,2945,1297,1648,2826,92,23,0,0,4,2945,0,ITF,ITF4,16,Puglia,Puglia,4029053,23611,0.59,0.07
1287,2021-02-21,PUG,2164,468,1696,535,84,47,30,12,1456,2103,61,ITF,ITF4,16,Puglia,Puglia,4029053,25775,0.64,0.05
1288,2021-01-11,PUG,3749,1587,2162,3212,357,175,0,3,2,3749,0,ITF,ITF4,16,Puglia,Puglia,4029053,29524,0.73,0.09
1289,2021-01-16,PUG,2502,1033,1469,1680,306,515,0,0,1,2502,0,ITF,ITF4,16,Puglia,Puglia,4029053,32026,0.79,0.06
1290,2021-02-02,PUG,4274,1814,2460,3590,383,298,0,0,3,545,3729,ITF,ITF4,16,Puglia,Puglia,4029053,36300,0.9,0.11
1291,2021-02-19,PUG,4699,1998,2701,3018,1237,386,2,49,7,4308,391,ITF,ITF4,16,Puglia,Puglia,4029053,40999,1.02,0.12
1292,2021-01-03,PUG,2004,942,1062,1814,44,145,0,0,1,2004,0,ITF,ITF4,16,Puglia,Puglia,4029053,43003,1.07,0.05
1293,2021-02-24,PUG,9665,4519,5146,1865,708,117,6057,365,553,9078,587,ITF,ITF4,16,Puglia,Puglia,4029053,52668,1.31,0.24
1294,2021-01-29,PUG,6188,2659,3529,5465,432,288,0,0,3,436,5752,ITF,ITF4,16,Puglia,Puglia,4029053,58856,1.46,0.15
1295,2021-02-12,PUG,4098,1629,2469,2937,451,690,5,10,5,3008,1090,ITF,ITF4,16,Puglia,Puglia,4029053,62954,1.56,0.1
1296,2021-01-27,PUG,4573,1927,2646,3914,261,396,0,0,2,610,3963,ITF,ITF4,16,Puglia,Puglia,4029053,67527,1.68,0.11
1297,2021-01-24,PUG,1668,749,919,1286,231,150,1,0,0,152,1516,ITF,ITF4,16,Puglia,Puglia,4029053,69195,1.72,0.04
1298,2021-03-05,PUG,16738,6663,10075,2298,1208,272,5182,1011,6767,14582,2156,ITF,ITF4,16,Puglia,Puglia,4029053,85933,2.13,0.42
1299,2021-01-30,PUG,5523,2510,3013,4747,348,419,3,0,6,413,5110,ITF,ITF4,16,Puglia,Puglia,4029053,91456,2.27,0.14
1300,2020-12-31,PUG,1634,782,852,1549,38,44,0,0,3,1634,0,ITF,ITF4,16,Puglia,Puglia,4029053,93090,2.31,0.04
1301,2021-01-18,PUG,1844,770,1074,1182,216,446,0,0,0,1495,349,ITF,ITF4,16,Puglia,Puglia,4029053,94934,2.36,0.05
1302,2021-01-06,PUG,3943,1664,2279,3221,349,373,0,0,0,3943,0,ITF,ITF4,16,Puglia,Puglia,4029053,98877,2.45,0.1
1303,2021-03-14,PUG,2269,1026,1243,519,190,1,868,30,661,1982,287,ITF,ITF4,16,Puglia,Puglia,4029053,101146,2.51,0.06
1304,2021-02-16,PUG,3376,1449,1927,2130,811,413,4,16,2,2731,645,ITF,ITF4,16,Puglia,Puglia,4029053,104522,2.59,0.08
1305,2021-01-15,PUG,4545,1859,2686,3593,388,557,0,3,4,4545,0,ITF,ITF4,16,Puglia,Puglia,4029053,109067,2.71,0.11
1306,2021-03-11,PUG,13325,5756,7569,2804,1076,433,4885,794,3333,10401,2924,ITF,ITF4,16,Puglia,Puglia,4029053,122392,3.04,0.33
1307,2021-03-13,PUG,9069,3607,5462,2107,413,89,3487,218,2755,7357,1712,ITF,ITF4,16,Puglia,Puglia,4029053,131461,3.26,0.23
1308,2021-01-19,PUG,1221,452,769,527,117,577,0,0,0,1211,10,ITF,ITF4,16,Puglia,Puglia,4029053,132682,3.29,0.03
1309,2021-03-02,PUG,15908,5969,9939,1374,1053,111,4269,1234,7867,14615,1293,ITF,ITF4,16,Puglia,Puglia,4029053,148590,3.69,0.39
1310,2021-01-04,PUG,4503,2012,2491,4371,120,11,0,0,1,4503,0,ITF,ITF4,16,Puglia,Puglia,4029053,153093,3.8,0.11
1311,2021-01-31,PUG,1805,825,980,1499,104,198,2,0,2,73,1732,ITF,ITF4,16,Puglia,Puglia,4029053,154898,3.84,0.04
1312,2021-03-06,PUG,15053,5649,9404,2106,765,70,4972,479,6661,13092,1961,ITF,ITF4,16,Puglia,Puglia,4029053,169951,4.22,0.37
1313,2021-01-08,PUG,5572,2336,3236,4843,401,325,0,0,3,5572,0,ITF,ITF4,16,Puglia,Puglia,4029053,175523,4.36,0.14
1314,2021-03-01,PUG,14766,5750,9016,1944,906,69,6005,817,5025,13404,1362,ITF,ITF4,16,Puglia,Puglia,4029053,190289,4.72,0.37
1315,2021-02-09,PUG,3833,1567,2266,2532,667,621,8,0,5,2161,1672,ITF,ITF4,16,Puglia,Puglia,4029053,194122,4.82,0.1
1316,2021-03-03,PUG,16236,6503,9733,2012,816,192,5739,803,6674,14415,1821,ITF,ITF4,16,Puglia,Puglia,4029053,210358,5.22,0.4
1317,2021-01-13,PUG,4533,1727,2806,3967,334,230,0,0,2,4533,0,ITF,ITF4,16,Puglia,Puglia,4029053,214891,5.33,0.11
1318,2021-02-23,PUG,9240,4369,4871,1749,478,156,5446,398,1013,8782,458,ITF,ITF4,16,Puglia,Puglia,4029053,224131,5.56,0.23
1319,2021-03-07,PUG,4747,1861,2886,910,231,2,1528,299,1777,4176,571,ITF,ITF4,16,Puglia,Puglia,4029053,228878,5.68,0.12
1320,2021-02-28,PUG,5725,1757,3968,559,258,25,1483,194,3206,5539,186,ITF,ITF4,16,Puglia,Puglia,4029053,234603,5.82,0.14
1321,2021-03-12,PUG,13037,5690,7347,3271,1255,430,4739,824,2518,9119,3918,ITF,ITF4,16,Puglia,Puglia,4029053,247640,6.15,0.32
1322,2020-12-27,PUG,506,249,257,401,42,63,0,0,0,506,0,ITF,ITF4,16,Puglia,Puglia,4029053,248146,6.16,0.01
1323,2021-01-10,PUG,2346,1060,1286,2035,109,202,0,0,0,2346,0,ITF,ITF4,16,Puglia,Puglia,4029053,250492,6.22,0.06
1324,2020-12-30,PUG,1,0,1,1,0,0,0,0,0,1,0,ITF,ITF4,16,Puglia,Puglia,4029053,250493,6.22,0.0
1325,2021-02-07,PUG,1333,599,734,951,220,162,0,0,0,246,1087,ITF,ITF4,16,Puglia,Puglia,4029053,251826,6.25,0.03
1326,2021-01-05,PUG,5096,2244,2852,4740,249,98,5,0,4,5096,0,ITF,ITF4,16,Puglia,Puglia,4029053,256922,6.38,0.13
1327,2021-01-26,PUG,5361,2398,2963,4847,281,232,1,0,0,574,4787,ITF,ITF4,16,Puglia,Puglia,4029053,262283,6.51,0.13
1328,2021-02-05,PUG,5622,2269,3353,4562,525,526,0,3,6,1325,4297,ITF,ITF4,16,Puglia,Puglia,4029053,267905,6.65,0.14
1329,2021-02-20,PUG,2950,1074,1876,2108,243,167,4,4,424,2694,256,ITF,ITF4,16,Puglia,Puglia,4029053,270855,6.72,0.07
1330,2021-01-07,PUG,5707,2448,3259,5210,276,217,0,1,3,5707,0,ITF,ITF4,16,Puglia,Puglia,4029053,276562,6.86,0.14
1331,2021-02-01,PUG,3957,1656,2301,3439,300,209,0,4,5,375,3582,ITF,ITF4,16,Puglia,Puglia,4029053,280519,6.96,0.1
1332,2021-02-08,PUG,3959,1593,2366,2932,611,389,1,25,1,1570,2389,ITF,ITF4,16,Puglia,Puglia,4029053,284478,7.06,0.1
1333,2021-02-17,PUG,4260,1741,2519,2452,1209,597,1,0,1,3663,597,ITF,ITF4,16,Puglia,Puglia,4029053,288738,7.17,0.11
1334,2021-01-21,PUG,2129,903,1226,1429,174,526,0,0,0,1270,859,ITF,ITF4,16,Puglia,Puglia,4029053,290867,7.22,0.05
1335,2021-01-22,PUG,1408,578,830,876,157,373,1,0,1,991,417,ITF,ITF4,16,Puglia,Puglia,4029053,292275,7.25,0.03
1336,2021-02-10,PUG,3603,1425,2178,2491,247,864,0,0,1,2122,1481,ITF,ITF4,16,Puglia,Puglia,4029053,295878,7.34,0.09
1337,2021-03-08,PUG,14243,5908,8335,2092,1137,202,6578,513,3721,11867,2376,ITF,ITF4,16,Puglia,Puglia,4029053,310121,7.7,0.35
1338,2021-01-09,PUG,4867,2245,2622,4313,303,246,4,0,1,4867,0,ITF,ITF4,16,Puglia,Puglia,4029053,314988,7.82,0.12
1339,2021-02-06,PUG,4423,1898,2525,3456,487,478,0,0,2,1584,2839,ITF,ITF4,16,Puglia,Puglia,4029053,319411,7.93,0.11
1340,2021-01-17,PUG,1297,586,711,821,147,329,0,0,0,1228,69,ITF,ITF4,16,Puglia,Puglia,4029053,320708,7.96,0.03
1341,2021-02-27,PUG,13669,4595,9074,1573,774,190,4790,344,5998,12496,1173,ITF,ITF4,16,Puglia,Puglia,4029053,334377,8.3,0.34
1342,2021-02-04,PUG,5784,2322,3462,4388,810,580,0,0,6,1163,4621,ITF,ITF4,16,Puglia,Puglia,4029053,340161,8.44,0.14
1343,2021-02-18,PUG,4358,1838,2520,2703,963,683,5,2,2,3755,603,ITF,ITF4,16,Puglia,Puglia,4029053,344519,8.55,0.11
1344,2021-01-28,PUG,5464,2271,3193,4759,376,327,0,0,2,475,4989,ITF,ITF4,16,Puglia,Puglia,4029053,349983,8.69,0.14
1345,2021-02-03,PUG,5027,1999,3028,4362,478,184,0,0,3,728,4299,ITF,ITF4,16,Puglia,Puglia,4029053,355010,8.81,0.12
1346,2021-02-26,PUG,13321,4812,8509,2080,818,301,4973,535,4614,12303,1018,ITF,ITF4,16,Puglia,Puglia,4029053,368331,9.14,0.33
1347,2021-01-23,PUG,3036,1291,1745,2522,206,307,0,0,1,885,2151,ITF,ITF4,16,Puglia,Puglia,4029053,371367,9.22,0.08
1348,2021-02-13,PUG,3713,1450,2263,2874,519,291,4,18,7,3021,692,ITF,ITF4,16,Puglia,Puglia,4029053,375080,9.31,0.09
1349,2021-03-10,PUG,13827,6005,7822,2550,1229,274,6199,581,2994,10815,3012,ITF,ITF4,16,Puglia,Puglia,4029053,388907,9.65,0.34
1350,2021-02-22,PUG,9459,4451,5008,1397,718,141,6672,215,316,9130,329,ITF,ITF4,16,Puglia,Puglia,4029053,398366,9.89,0.23
1351,2021-02-25,PUG,11418,4879,6539,1639,865,412,5504,725,2273,10309,1109,ITF,ITF4,16,Puglia,Puglia,4029053,409784,10.17,0.28
1352,2021-02-14,PUG,784,348,436,681,32,70,0,0,1,662,122,ITF,ITF4,16,Puglia,Puglia,4029053,410568,10.19,0.02
1353,2021-03-15,PUG,2285,1173,1112,295,274,48,1415,184,69,1149,1136,ITF,ITF4,16,Puglia,Puglia,4029053,412853,10.25,0.06
1354,2021-01-14,PUG,4055,1582,2473,3160,394,499,0,0,2,4055,0,ITF,ITF4,16,Puglia,Puglia,4029053,416908,10.35,0.1
1355,2021-02-11,PUG,3693,1401,2292,2568,399,723,0,0,3,2417,1276,ITF,ITF4,16,Puglia,Puglia,4029053,420601,10.44,0.09
1356,2021-01-25,PUG,3820,1676,2144,3470,179,168,2,0,1,423,3397,ITF,ITF4,16,Puglia,Puglia,4029053,424421,10.53,0.09
1357,2021-03-09,PUG,12288,5391,6897,1801,857,197,5115,1005,3313,10304,1984,ITF,ITF4,16,Puglia,Puglia,4029053,436709,10.84,0.3
1358,2021-02-15,PUG,3241,1262,1979,2245,535,452,0,6,3,2622,619,ITF,ITF4,16,Puglia,Puglia,4029053,439950,10.92,0.08
1359,2021-02-27,VEN,8865,2616,6249,2159,571,45,1960,12,4118,8051,814,ITH,ITH3,5,Veneto,Veneto,4905854,8865,0.18,0.18
1360,2021-03-04,VEN,12624,4682,7942,3097,1659,1303,3409,330,2826,9253,3371,ITH,ITH3,5,Veneto,Veneto,4905854,21489,0.44,0.26
1361,2021-01-01,VEN,1525,470,1055,1494,30,1,0,0,0,1525,0,ITH,ITH3,5,Veneto,Veneto,4905854,23014,0.47,0.03
1362,2021-02-11,VEN,3984,1233,2751,2583,624,765,9,1,2,3357,627,ITH,ITH3,5,Veneto,Veneto,4905854,26998,0.55,0.08
1363,2021-01-14,VEN,7052,1924,5128,3227,1333,2473,17,0,2,7052,0,ITH,ITH3,5,Veneto,Veneto,4905854,34050,0.69,0.14
1364,2021-03-01,VEN,9261,3619,5642,1985,1070,923,2627,156,2500,7436,1825,ITH,ITH3,5,Veneto,Veneto,4905854,43311,0.88,0.19
1365,2021-03-15,VEN,6955,3092,3863,421,802,32,4964,154,582,3799,3156,ITH,ITH3,5,Veneto,Veneto,4905854,50266,1.02,0.14
1366,2021-03-09,VEN,16103,7259,8844,1156,2019,562,8534,891,2941,10006,6097,ITH,ITH3,5,Veneto,Veneto,4905854,66369,1.35,0.33
1367,2021-01-02,VEN,5740,1765,3975,4796,396,544,2,0,2,5740,0,ITH,ITH3,5,Veneto,Veneto,4905854,72109,1.47,0.12
1368,2021-01-21,VEN,2290,719,1571,1985,162,141,0,0,2,21,2269,ITH,ITH3,5,Veneto,Veneto,4905854,74399,1.52,0.05
1369,2021-01-03,VEN,5157,1563,3594,4596,311,249,0,0,1,5157,0,ITH,ITH3,5,Veneto,Veneto,4905854,79556,1.62,0.11
1370,2021-02-03,VEN,5934,1659,4275,2852,1334,1743,1,0,4,482,5452,ITH,ITH3,5,Veneto,Veneto,4905854,85490,1.74,0.12
1371,2021-01-28,VEN,9180,2651,6529,6457,1289,1431,0,0,3,169,9011,ITH,ITH3,5,Veneto,Veneto,4905854,94670,1.93,0.19
1372,2021-02-08,VEN,4965,1537,3428,2780,1002,1169,12,0,2,1932,3033,ITH,ITH3,5,Veneto,Veneto,4905854,99635,2.03,0.1
1373,2021-02-22,VEN,6953,3014,3939,734,224,338,5415,1,241,6566,387,ITH,ITH3,5,Veneto,Veneto,4905854,106588,2.17,0.14
1374,2021-02-16,VEN,6623,2867,3756,710,384,478,5049,1,1,6447,176,ITH,ITH3,5,Veneto,Veneto,4905854,113211,2.31,0.14
1375,2021-02-17,VEN,6003,2763,3240,405,280,360,4953,5,0,5909,94,ITH,ITH3,5,Veneto,Veneto,4905854,119214,2.43,0.12
1376,2021-03-06,VEN,10480,4249,6231,2955,2708,1472,1973,46,1326,7287,3193,ITH,ITH3,5,Veneto,Veneto,4905854,129694,2.64,0.21
1377,2021-01-29,VEN,8995,2780,6215,6037,1518,1434,3,1,2,367,8628,ITH,ITH3,5,Veneto,Veneto,4905854,138689,2.83,0.18
1378,2021-02-07,VEN,2313,861,1452,1930,330,50,2,0,1,714,1599,ITH,ITH3,5,Veneto,Veneto,4905854,141002,2.87,0.05
1379,2020-12-30,VEN,699,245,454,598,62,39,0,0,0,699,0,ITH,ITH3,5,Veneto,Veneto,4905854,141701,2.89,0.01
1380,2021-01-04,VEN,6726,2029,4697,5238,569,913,1,0,5,6726,0,ITH,ITH3,5,Veneto,Veneto,4905854,148427,3.03,0.14
1381,2021-02-13,VEN,3260,1472,1788,1558,677,1021,3,0,1,3246,14,ITH,ITH3,5,Veneto,Veneto,4905854,151687,3.09,0.07
1382,2021-01-24,VEN,4116,1219,2897,3750,140,222,1,0,3,28,4088,ITH,ITH3,5,Veneto,Veneto,4905854,155803,3.18,0.08
1383,2021-02-06,VEN,4086,1350,2736,3019,697,367,3,0,0,707,3379,ITH,ITH3,5,Veneto,Veneto,4905854,159889,3.26,0.08
1384,2021-01-30,VEN,8728,2666,6062,6203,1289,1218,4,12,2,687,8041,ITH,ITH3,5,Veneto,Veneto,4905854,168617,3.44,0.18
1385,2021-01-10,VEN,5019,1661,3358,3838,715,462,2,2,0,5019,0,ITH,ITH3,5,Veneto,Veneto,4905854,173636,3.54,0.1
1386,2021-02-05,VEN,8362,2531,5831,4266,1918,2162,7,5,4,1424,6938,ITH,ITH3,5,Veneto,Veneto,4905854,181998,3.71,0.17
1387,2021-02-25,VEN,7845,3318,4527,1491,564,467,4940,109,274,7253,592,ITH,ITH3,5,Veneto,Veneto,4905854,189843,3.87,0.16
1388,2021-01-05,VEN,7327,2183,5144,5410,789,1122,0,1,5,7327,0,ITH,ITH3,5,Veneto,Veneto,4905854,197170,4.02,0.15
1389,2021-01-20,VEN,1039,368,671,696,130,213,0,0,0,387,652,ITH,ITH3,5,Veneto,Veneto,4905854,198209,4.04,0.02
1390,2021-01-27,VEN,7141,2064,5077,5203,1051,879,0,0,8,247,6894,ITH,ITH3,5,Veneto,Veneto,4905854,205350,4.19,0.15
1391,2021-02-10,VEN,4704,1567,3137,3100,860,743,0,0,1,3653,1051,ITH,ITH3,5,Veneto,Veneto,4905854,210054,4.28,0.1
1392,2021-02-15,VEN,4381,1816,2565,482,206,382,3295,14,2,4140,241,ITH,ITH3,5,Veneto,Veneto,4905854,214435,4.37,0.09
1393,2021-03-13,VEN,16560,6818,9742,2057,5390,8,4805,280,4020,13686,2874,ITH,ITH3,5,Veneto,Veneto,4905854,230995,4.71,0.34
1394,2021-01-13,VEN,5975,1600,4375,2790,1300,1880,3,0,2,5975,0,ITH,ITH3,5,Veneto,Veneto,4905854,236970,4.83,0.12
1395,2021-03-11,VEN,18555,8292,10263,1539,2981,677,9301,865,3192,13172,5383,ITH,ITH3,5,Veneto,Veneto,4905854,255525,5.21,0.38
1396,2021-01-07,VEN,8357,2318,6039,5467,1087,1803,0,0,0,8357,0,ITH,ITH3,5,Veneto,Veneto,4905854,263882,5.38,0.17
1397,2021-02-26,VEN,8103,3160,4943,1671,1048,692,4379,31,282,6890,1213,ITH,ITH3,5,Veneto,Veneto,4905854,271985,5.54,0.17
1398,2021-02-23,VEN,7306,3214,4092,1005,469,214,5370,69,179,7043,263,ITH,ITH3,5,Veneto,Veneto,4905854,279291,5.69,0.15
1399,2021-01-16,VEN,4598,1539,3059,3193,756,649,0,0,0,4598,0,ITH,ITH3,5,Veneto,Veneto,4905854,283889,5.79,0.09
1400,2021-01-08,VEN,9397,2831,6566,5977,1603,1807,3,1,6,9397,0,ITH,ITH3,5,Veneto,Veneto,4905854,293286,5.98,0.19
1401,2021-02-14,VEN,125,56,69,95,30,0,0,0,0,112,13,ITH,ITH3,5,Veneto,Veneto,4905854,293411,5.98,0.0
1402,2020-12-27,VEN,880,395,485,875,4,0,0,0,1,880,0,ITH,ITH3,5,Veneto,Veneto,4905854,294291,6.0,0.02
1403,2021-02-02,VEN,6402,1842,4560,2969,1285,1994,152,0,2,392,6010,ITH,ITH3,5,Veneto,Veneto,4905854,300693,6.13,0.13
1404,2021-02-28,VEN,4051,1309,2742,1702,1348,15,983,0,3,3214,837,ITH,ITH3,5,Veneto,Veneto,4905854,304744,6.21,0.08
1405,2021-01-26,VEN,6903,2081,4822,5309,626,962,0,1,5,155,6748,ITH,ITH3,5,Veneto,Veneto,4905854,311647,6.35,0.14
1406,2021-02-04,VEN,7307,2012,5295,3449,1464,2378,12,0,4,556,6751,ITH,ITH3,5,Veneto,Veneto,4905854,318954,6.5,0.15
1407,2021-03-10,VEN,18500,8365,10135,1392,2537,517,9039,991,4024,12852,5648,ITH,ITH3,5,Veneto,Veneto,4905854,337454,6.88,0.38
1408,2021-02-24,VEN,8538,3656,4882,1521,638,506,5603,259,11,8055,483,ITH,ITH3,5,Veneto,Veneto,4905854,345992,7.05,0.17
1409,2021-02-12,VEN,4325,1453,2872,2760,882,671,6,2,4,3752,573,ITH,ITH3,5,Veneto,Veneto,4905854,350317,7.14,0.09
1410,2021-01-25,VEN,6466,2074,4392,5059,500,904,1,0,2,170,6296,ITH,ITH3,5,Veneto,Veneto,4905854,356783,7.27,0.13
1411,2021-01-18,VEN,2770,782,1988,1222,541,999,8,0,0,2571,199,ITH,ITH3,5,Veneto,Veneto,4905854,359553,7.33,0.06
1412,2020-12-31,VEN,3220,1044,2176,2701,265,252,0,0,2,3220,0,ITH,ITH3,5,Veneto,Veneto,4905854,362773,7.39,0.07
1413,2021-02-01,VEN,8518,2488,6030,4204,1955,2107,245,0,7,165,8353,ITH,ITH3,5,Veneto,Veneto,4905854,371291,7.57,0.17
1414,2021-01-19,VEN,1309,472,837,726,253,324,6,0,0,1160,149,ITH,ITH3,5,Veneto,Veneto,4905854,372600,7.6,0.03
1415,2021-03-12,VEN,17760,7636,10124,1859,3262,506,8024,650,3459,11283,6477,ITH,ITH3,5,Veneto,Veneto,4905854,390360,7.96,0.36
1416,2021-03-03,VEN,11792,4458,7334,3294,1447,1110,3375,307,2259,8328,3464,ITH,ITH3,5,Veneto,Veneto,4905854,402152,8.2,0.24
1417,2021-01-22,VEN,1079,332,747,945,77,57,0,0,0,25,1054,ITH,ITH3,5,Veneto,Veneto,4905854,403231,8.22,0.02
1418,2021-03-05,VEN,13059,4865,8194,3427,1978,1340,3090,273,2951,9477,3582,ITH,ITH3,5,Veneto,Veneto,4905854,416290,8.49,0.27
1419,2021-03-08,VEN,13280,6019,7261,695,1183,336,7147,983,2936,9288,3992,ITH,ITH3,5,Veneto,Veneto,4905854,429570,8.76,0.27
1420,2021-01-11,VEN,7236,2100,5136,3499,1529,1956,247,0,5,7236,0,ITH,ITH3,5,Veneto,Veneto,4905854,436806,8.9,0.15
1421,2021-01-15,VEN,5870,1820,4050,2989,1301,1565,9,3,3,5870,0,ITH,ITH3,5,Veneto,Veneto,4905854,442676,9.02,0.12
1422,2021-02-19,VEN,7290,3119,4171,1515,733,662,4371,3,6,7088,202,ITH,ITH3,5,Veneto,Veneto,4905854,449966,9.17,0.15
1423,2021-01-06,VEN,8129,2382,5747,6307,1003,807,1,2,9,8129,0,ITH,ITH3,5,Veneto,Veneto,4905854,458095,9.34,0.17
1424,2021-01-12,VEN,5231,1516,3715,2251,1057,1752,168,0,3,5231,0,ITH,ITH3,5,Veneto,Veneto,4905854,463326,9.44,0.11
1425,2021-03-07,VEN,4446,1739,2707,1690,928,17,984,0,827,3891,555,ITH,ITH3,5,Veneto,Veneto,4905854,467772,9.53,0.09
1426,2021-01-23,VEN,4063,1255,2808,3403,206,450,1,0,3,34,4029,ITH,ITH3,5,Veneto,Veneto,4905854,471835,9.62,0.08
1427,2021-03-02,VEN,11251,4504,6747,2748,1851,1109,3285,411,1847,7978,3273,ITH,ITH3,5,Veneto,Veneto,4905854,483086,9.85,0.23
1428,2021-02-18,VEN,5700,2440,3260,930,357,606,3801,0,6,5637,63,ITH,ITH3,5,Veneto,Veneto,4905854,488786,9.96,0.12
1429,2021-01-17,VEN,1932,780,1152,1587,220,120,3,0,2,1583,349,ITH,ITH3,5,Veneto,Veneto,4905854,490718,10.0,0.04
1430,2021-02-09,VEN,5123,1855,3268,3086,868,1149,20,0,0,3420,1703,ITH,ITH3,5,Veneto,Veneto,4905854,495841,10.11,0.1
1431,2021-01-31,VEN,4741,1551,3190,3675,681,377,4,2,2,393,4348,ITH,ITH3,5,Veneto,Veneto,4905854,500582,10.2,0.1
1432,2021-01-09,VEN,7924,2535,5389,5171,1164,1573,3,11,2,7924,0,ITH,ITH3,5,Veneto,Veneto,4905854,508506,10.37,0.16
1433,2021-02-21,VEN,4624,1203,3421,495,9,18,417,2,3683,4619,5,ITH,ITH3,5,Veneto,Veneto,4905854,513130,10.46,0.09
1434,2021-03-14,VEN,14387,5498,8889,2065,4805,83,4113,73,3248,13661,726,ITH,ITH3,5,Veneto,Veneto,4905854,527517,10.75,0.29
1435,2021-02-20,VEN,6314,1981,4333,1784,215,97,971,6,3241,6310,4,ITH,ITH3,5,Veneto,Veneto,4905854,533831,10.88,0.13
1436,2021-02-05,TOS,5748,2244,3504,4121,1184,442,1,0,0,1924,3824,ITI,ITI1,9,Toscana,Toscana,3729641,5748,0.15,0.15
1437,2021-01-16,TOS,3271,1046,2225,2493,538,240,0,0,0,3271,0,ITI,ITI1,9,Toscana,Toscana,3729641,9019,0.24,0.09
1438,2021-02-28,TOS,1648,667,981,1110,202,78,0,249,9,921,727,ITI,ITI1,9,Toscana,Toscana,3729641,10667,0.29,0.04
1439,2021-02-19,TOS,8280,2941,5339,2965,1233,229,153,580,3120,7774,506,ITI,ITI1,9,Toscana,Toscana,3729641,18947,0.51,0.22
1440,2021-03-02,TOS,10441,3714,6727,3167,1026,125,1819,792,3512,7006,3435,ITI,ITI1,9,Toscana,Toscana,3729641,29388,0.79,0.28
1441,2021-01-24,TOS,3348,1072,2276,2601,37,709,1,0,0,200,3148,ITI,ITI1,9,Toscana,Toscana,3729641,32736,0.88,0.09
1442,2021-01-04,TOS,5063,1893,3170,4099,32,932,0,0,0,5063,0,ITI,ITI1,9,Toscana,Toscana,3729641,37799,1.01,0.14
1443,2021-03-03,TOS,17872,6349,11523,3318,1155,135,9011,807,3446,14275,3597,ITI,ITI1,9,Toscana,Toscana,3729641,55671,1.49,0.48
1444,2021-03-11,TOS,14405,5526,8879,2426,2233,160,9435,140,11,11182,3223,ITI,ITI1,9,Toscana,Toscana,3729641,70076,1.88,0.39
1445,2021-02-20,TOS,4640,1790,2850,3349,1038,203,17,15,18,4127,513,ITI,ITI1,9,Toscana,Toscana,3729641,74716,2.0,0.12
1446,2021-02-24,TOS,10254,4397,5857,81,1570,301,4104,1250,2948,10057,197,ITI,ITI1,9,Toscana,Toscana,3729641,84970,2.28,0.27
1447,2021-02-17,TOS,8172,3168,5004,3465,1173,249,215,584,2486,7421,751,ITI,ITI1,9,Toscana,Toscana,3729641,93142,2.5,0.22
1448,2021-01-11,TOS,5092,1689,3403,4360,210,522,0,0,0,5092,0,ITI,ITI1,9,Toscana,Toscana,3729641,98234,2.63,0.14
1449,2021-02-04,TOS,4250,1593,2657,3166,624,455,5,0,0,960,3290,ITI,ITI1,9,Toscana,Toscana,3729641,102484,2.75,0.11
1450,2021-01-31,TOS,2964,1090,1874,2381,135,448,0,0,0,103,2861,ITI,ITI1,9,Toscana,Toscana,3729641,105448,2.83,0.08
1451,2021-02-21,TOS,5101,2087,3014,3666,1217,195,1,13,9,4932,169,ITI,ITI1,9,Toscana,Toscana,3729641,110549,2.96,0.14
1452,2021-01-14,TOS,3254,1179,2075,2459,475,320,0,0,0,3254,0,ITI,ITI1,9,Toscana,Toscana,3729641,113803,3.05,0.09
1453,2021-01-23,TOS,3949,1354,2595,2936,172,841,0,0,0,640,3309,ITI,ITI1,9,Toscana,Toscana,3729641,117752,3.16,0.11
1454,2021-02-18,TOS,8773,3275,5498,2914,1511,196,214,796,3142,7916,857,ITI,ITI1,9,Toscana,Toscana,3729641,126525,3.39,0.24
1455,2021-01-21,TOS,1589,686,903,579,220,790,0,0,0,867,722,ITI,ITI1,9,Toscana,Toscana,3729641,128114,3.44,0.04
1456,2021-02-16,TOS,9267,3338,5929,5083,982,178,10,691,2323,8556,711,ITI,ITI1,9,Toscana,Toscana,3729641,137381,3.68,0.25
1457,2021-03-01,TOS,4283,1607,2676,3188,599,126,2,343,25,648,3635,ITI,ITI1,9,Toscana,Toscana,3729641,141664,3.8,0.11
1458,2021-01-09,TOS,4484,1596,2888,3779,144,560,1,0,0,4484,0,ITI,ITI1,9,Toscana,Toscana,3729641,146148,3.92,0.12
1459,2021-02-23,TOS,7708,3315,4393,1489,1571,204,509,1104,2831,7547,161,ITI,ITI1,9,Toscana,Toscana,3729641,153856,4.13,0.21
1460,2021-03-07,TOS,5646,2356,3290,3101,1097,123,15,536,774,2106,3540,ITI,ITI1,9,Toscana,Toscana,3729641,159502,4.28,0.15
1461,2021-01-13,TOS,4063,1398,2665,3308,350,405,0,0,0,4063,0,ITI,ITI1,9,Toscana,Toscana,3729641,163565,4.39,0.11
1462,2021-03-09,TOS,10354,3967,6387,4805,2078,145,3174,141,11,4807,5547,ITI,ITI1,9,Toscana,Toscana,3729641,173919,4.66,0.28
1463,2021-02-27,TOS,1944,722,1222,1353,314,132,1,125,19,1042,902,ITI,ITI1,9,Toscana,Toscana,3729641,175863,4.72,0.05
1464,2021-01-25,TOS,5123,1895,3228,4158,56,909,0,0,0,248,4875,ITI,ITI1,9,Toscana,Toscana,3729641,180986,4.85,0.14
1465,2021-01-02,TOS,3497,1097,2400,2682,15,800,0,0,0,3497,0,ITI,ITI1,9,Toscana,Toscana,3729641,184483,4.95,0.09
1466,2021-01-03,TOS,3336,1052,2284,2565,9,762,0,0,0,3336,0,ITI,ITI1,9,Toscana,Toscana,3729641,187819,5.04,0.09
1467,2021-02-06,TOS,4527,1550,2977,3725,575,227,0,0,0,1294,3233,ITI,ITI1,9,Toscana,Toscana,3729641,192346,5.16,0.12
1468,2021-02-26,TOS,9905,3704,6201,1557,1703,267,1787,1028,3563,8699,1206,ITI,ITI1,9,Toscana,Toscana,3729641,202251,5.42,0.27
1469,2021-03-08,TOS,6232,2542,3690,4063,1732,177,63,189,8,1415,4817,ITI,ITI1,9,Toscana,Toscana,3729641,208483,5.59,0.17
1470,2021-02-03,TOS,4221,1452,2769,3475,240,505,1,0,0,241,3980,ITI,ITI1,9,Toscana,Toscana,3729641,212704,5.7,0.11
1471,2021-01-22,TOS,2861,1063,1798,2022,81,758,0,0,0,525,2336,ITI,ITI1,9,Toscana,Toscana,3729641,215565,5.78,0.08
1472,2021-02-12,TOS,7606,2683,4923,3742,3272,188,2,402,0,7393,213,ITI,ITI1,9,Toscana,Toscana,3729641,223171,5.98,0.2
1473,2021-01-07,TOS,6018,1751,4267,5308,30,680,0,0,0,6018,0,ITI,ITI1,9,Toscana,Toscana,3729641,229189,6.15,0.16
1474,2021-03-13,TOS,9211,3266,5945,2829,2103,49,154,343,3733,5270,3941,ITI,ITI1,9,Toscana,Toscana,3729641,238400,6.39,0.25
1475,2021-01-10,TOS,3001,1104,1897,2432,138,431,0,0,0,3001,0,ITI,ITI1,9,Toscana,Toscana,3729641,241401,6.47,0.08
1476,2021-01-20,TOS,1314,635,679,432,256,626,0,0,0,1077,237,ITI,ITI1,9,Toscana,Toscana,3729641,242715,6.51,0.04
1477,2020-12-30,TOS,327,104,223,34,10,283,0,0,0,327,0,ITI,ITI1,9,Toscana,Toscana,3729641,243042,6.52,0.01
1478,2021-03-14,TOS,7017,2510,4507,2968,1246,116,2,210,2475,3215,3802,ITI,ITI1,9,Toscana,Toscana,3729641,250059,6.7,0.19
1479,2021-02-14,TOS,8993,2567,6426,3033,5613,81,0,261,5,8883,110,ITI,ITI1,9,Toscana,Toscana,3729641,259052,6.95,0.24
1480,2021-02-09,TOS,4484,1468,3016,3581,388,513,2,0,0,3873,611,ITI,ITI1,9,Toscana,Toscana,3729641,263536,7.07,0.12
1481,2021-03-05,TOS,16148,6187,9961,3920,2390,170,5081,715,3872,11408,4740,ITI,ITI1,9,Toscana,Toscana,3729641,279684,7.5,0.43
1482,2021-01-06,TOS,4519,1459,3060,3984,10,525,0,0,0,4519,0,ITI,ITI1,9,Toscana,Toscana,3729641,284203,7.62,0.12
1483,2021-01-18,TOS,1119,636,483,430,314,375,0,0,0,1021,98,ITI,ITI1,9,Toscana,Toscana,3729641,285322,7.65,0.03
1484,2021-02-22,TOS,9817,4253,5564,3483,2280,315,22,1014,2703,9539,278,ITI,ITI1,9,Toscana,Toscana,3729641,295139,7.91,0.26
1485,2021-01-28,TOS,6275,1880,4395,5421,66,788,0,0,0,349,5926,ITI,ITI1,9,Toscana,Toscana,3729641,301414,8.08,0.17
1486,2021-02-15,TOS,8765,3372,5393,4533,2026,215,56,795,1140,7946,819,ITI,ITI1,9,Toscana,Toscana,3729641,310179,8.32,0.24
1487,2021-03-04,TOS,17144,6499,10645,2816,1643,199,8032,759,3695,14068,3076,ITI,ITI1,9,Toscana,Toscana,3729641,327323,8.78,0.46
1488,2021-01-17,TOS,2535,871,1664,2002,293,240,0,0,0,2022,513,ITI,ITI1,9,Toscana,Toscana,3729641,329858,8.84,0.07
1489,2021-01-12,TOS,3581,1398,2183,2944,283,354,0,0,0,3581,0,ITI,ITI1,9,Toscana,Toscana,3729641,333439,8.94,0.1
1490,2021-02-07,TOS,2806,953,1853,2349,300,157,0,0,0,885,1921,ITI,ITI1,9,Toscana,Toscana,3729641,336245,9.02,0.08
1491,2021-01-01,TOS,2368,786,1582,1716,2,650,0,0,0,2368,0,ITI,ITI1,9,Toscana,Toscana,3729641,338613,9.08,0.06
1492,2021-01-05,TOS,5244,1755,3489,4354,11,879,0,0,0,5244,0,ITI,ITI1,9,Toscana,Toscana,3729641,343857,9.22,0.14
1493,2021-01-08,TOS,5944,1641,4303,5360,39,545,0,0,0,5944,0,ITI,ITI1,9,Toscana,Toscana,3729641,349801,9.38,0.16
1494,2021-02-08,TOS,4095,1358,2737,3373,345,377,0,0,0,3636,459,ITI,ITI1,9,Toscana,Toscana,3729641,353896,9.49,0.11
1495,2021-01-30,TOS,4620,1622,2998,3763,219,638,0,0,0,197,4423,ITI,ITI1,9,Toscana,Toscana,3729641,358516,9.61,0.12
1496,2021-01-29,TOS,6136,1698,4438,5375,139,622,0,0,0,302,5834,ITI,ITI1,9,Toscana,Toscana,3729641,364652,9.78,0.16
1497,2021-01-15,TOS,3878,1347,2531,2758,676,444,0,0,0,3878,0,ITI,ITI1,9,Toscana,Toscana,3729641,368530,9.88,0.1
1498,2021-03-12,TOS,15629,5805,9824,2553,1919,142,6440,650,3925,12159,3470,ITI,ITI1,9,Toscana,Toscana,3729641,384159,10.3,0.42
1499,2021-01-27,TOS,4835,1572,3263,4019,74,742,0,0,0,207,4628,ITI,ITI1,9,Toscana,Toscana,3729641,388994,10.43,0.13
1500,2021-02-10,TOS,4262,1280,2982,3536,241,484,0,1,0,3739,523,ITI,ITI1,9,Toscana,Toscana,3729641,393256,10.54,0.11
1501,2021-03-10,TOS,17138,6691,10447,2971,2187,180,11627,160,13,13207,3931,ITI,ITI1,9,Toscana,Toscana,3729641,410394,11.0,0.46
1502,2020-12-27,TOS,620,267,353,460,147,13,0,0,0,620,0,ITI,ITI1,9,Toscana,Toscana,3729641,411014,11.02,0.02
1503,2021-01-19,TOS,1104,531,573,392,221,491,0,0,0,1104,0,ITI,ITI1,9,Toscana,Toscana,3729641,412118,11.05,0.03
1504,2021-02-13,TOS,7784,2360,5424,3666,3768,163,0,186,1,7557,227,ITI,ITI1,9,Toscana,Toscana,3729641,419902,11.26,0.21
1505,2021-02-01,TOS,5465,1942,3523,4441,407,617,0,0,0,521,4944,ITI,ITI1,9,Toscana,Toscana,3729641,425367,11.41,0.15
1506,2021-02-25,TOS,10399,4154,6245,1078,1696,217,3188,1021,3199,9405,994,ITI,ITI1,9,Toscana,Toscana,3729641,435766,11.68,0.28
1507,2021-02-11,TOS,5383,2021,3362,2809,2218,323,12,10,11,5141,242,ITI,ITI1,9,Toscana,Toscana,3729641,441149,11.83,0.14
1508,2021-02-02,TOS,3741,1475,2266,3020,287,422,6,6,0,194,3547,ITI,ITI1,9,Toscana,Toscana,3729641,444890,11.93,0.1
1509,2021-01-26,TOS,5392,1791,3601,4357,84,951,0,0,0,219,5173,ITI,ITI1,9,Toscana,Toscana,3729641,450282,12.07,0.14
1510,2021-03-06,TOS,7097,2840,4257,3805,1614,145,30,357,1146,2906,4191,ITI,ITI1,9,Toscana,Toscana,3729641,457379,12.26,0.19
1511,2020-12-31,TOS,805,202,603,97,10,698,0,0,0,805,0,ITI,ITI1,9,Toscana,Toscana,3729641,458184,12.28,0.02
1512,2021-03-01,VDA,181,66,115,19,15,29,116,2,0,147,34,ITC,ITC2,2,Valle d'Aosta / Vallée d'Aoste,Valle d'Aosta,125666,181,0.14,0.14
1513,2021-01-08,VDA,299,130,169,240,43,16,0,0,0,299,0,ITC,ITC2,2,Valle d'Aosta / Vallée d'Aoste,Valle d'Aosta,125666,480,0.38,0.24
1514,2021-01-05,VDA,150,54,96,127,12,11,0,0,0,150,0,ITC,ITC2,2,Valle d'Aosta / Vallée d'Aoste,Valle d'Aosta,125666,630,0.5,0.12
1515,2021-03-05,VDA,275,124,151,50,69,13,138,0,5,53,222,ITC,ITC2,2,Valle d'Aosta / Vallée d'Aoste,Valle d'Aosta,125666,905,0.72,0.22
1516,2021-01-16,VDA,236,80,156,127,36,22,51,0,0,236,0,ITC,ITC2,2,Valle d'Aosta / Vallée d'Aoste,Valle d'Aosta,125666,1141,0.91,0.19
1517,2021-02-04,VDA,294,86,208,168,91,34,1,0,0,8,286,ITC,ITC2,2,Valle d'Aosta / Vallée d'Aoste,Valle d'Aosta,125666,1435,1.14,0.23
1518,2021-03-10,VDA,436,182,254,9,68,17,336,6,0,225,211,ITC,ITC2,2,Valle d'Aosta / Vallée d'Aoste,Valle d'Aosta,125666,1871,1.49,0.35
1519,2021-02-20,VDA,249,209,40,6,51,7,2,174,9,240,9,ITC,ITC2,2,Valle d'Aosta / Vallée d'Aoste,Valle d'Aosta,125666,2120,1.69,0.2
1520,2021-01-15,VDA,218,82,136,116,68,28,6,0,0,218,0,ITC,ITC2,2,Valle d'Aosta / Vallée d'Aoste,Valle d'Aosta,125666,2338,1.86,0.17
1521,2020-12-27,VDA,20,9,11,20,0,0,0,0,0,20,0,ITC,ITC2,2,Valle d'Aosta / Vallée d'Aoste,Valle d'Aosta,125666,2358,1.88,0.02
1522,2021-01-10,VDA,220,71,149,172,29,19,0,0,0,220,0,ITC,ITC2,2,Valle d'Aosta / Vallée d'Aoste,Valle d'Aosta,125666,2578,2.05,0.18
1523,2021-03-03,VDA,254,117,137,9,111,1,128,1,4,186,68,ITC,ITC2,2,Valle d'Aosta / Vallée d'Aoste,Valle d'Aosta,125666,2832,2.25,0.2
1524,2021-01-14,VDA,237,69,168,151,84,0,2,0,0,237,0,ITC,ITC2,2,Valle d'Aosta / Vallée d'Aoste,Valle d'Aosta,125666,3069,2.44,0.19
1525,2021-01-30,VDA,436,202,234,232,192,12,0,0,0,13,423,ITC,ITC2,2,Valle d'Aosta / Vallée d'Aoste,Valle d'Aosta,125666,3505,2.79,0.35
1526,2021-03-04,VDA,291,139,152,55,58,2,160,14,2,42,249,ITC,ITC2,2,Valle d'Aosta / Vallée d'Aoste,Valle d'Aosta,125666,3796,3.02,0.23
1527,2021-02-05,VDA,294,102,192,159,82,0,53,0,0,101,193,ITC,ITC2,2,Valle d'Aosta / Vallée d'Aoste,Valle d'Aosta,125666,4090,3.25,0.23
1528,2021-02-06,VDA,289,104,185,170,44,0,74,1,0,92,197,ITC,ITC2,2,Valle d'Aosta / Vallée d'Aoste,Valle d'Aosta,125666,4379,3.48,0.23
1529,2021-02-17,VDA,327,144,183,25,19,30,237,16,0,227,100,ITC,ITC2,2,Valle d'Aosta / Vallée d'Aoste,Valle d'Aosta,125666,4706,3.74,0.26
1530,2021-03-06,VDA,22,4,18,13,0,5,4,0,0,22,0,ITC,ITC2,2,Valle d'Aosta / Vallée d'Aoste,Valle d'Aosta,125666,4728,3.76,0.02
1531,2021-02-26,VDA,206,57,149,67,34,4,96,4,1,122,84,ITC,ITC2,2,Valle d'Aosta / Vallée d'Aoste,Valle d'Aosta,125666,4934,3.93,0.16
1532,2021-02-09,VDA,251,84,167,78,30,14,75,1,53,68,183,ITC,ITC2,2,Valle d'Aosta / Vallée d'Aoste,Valle d'Aosta,125666,5185,4.13,0.2
1533,2021-03-11,VDA,192,72,120,2,14,7,166,1,2,64,128,ITC,ITC2,2,Valle d'Aosta / Vallée d'Aoste,Valle d'Aosta,125666,5377,4.28,0.15
1534,2021-03-02,VDA,339,166,173,17,106,39,107,65,5,336,3,ITC,ITC2,2,Valle d'Aosta / Vallée d'Aoste,Valle d'Aosta,125666,5716,4.55,0.27
1535,2021-01-11,VDA,325,112,213,238,57,30,0,0,0,325,0,ITC,ITC2,2,Valle d'Aosta / Vallée d'Aoste,Valle d'Aosta,125666,6041,4.81,0.26
1536,2021-01-20,VDA,23,8,15,0,0,6,17,0,0,23,0,ITC,ITC2,2,Valle d'Aosta / Vallée d'Aoste,Valle d'Aosta,125666,6064,4.83,0.02
1537,2021-02-08,VDA,223,83,140,28,103,3,64,0,25,25,198,ITC,ITC2,2,Valle d'Aosta / Vallée d'Aoste,Valle d'Aosta,125666,6287,5.0,0.18
1538,2021-02-02,VDA,271,70,201,225,43,3,0,0,0,2,269,ITC,ITC2,2,Valle d'Aosta / Vallée d'Aoste,Valle d'Aosta,125666,6558,5.22,0.22
1539,2021-02-23,VDA,216,123,93,0,165,0,0,35,16,216,0,ITC,ITC2,2,Valle d'Aosta / Vallée d'Aoste,Valle d'Aosta,125666,6774,5.39,0.17
1540,2021-03-12,VDA,521,173,348,14,101,7,143,2,254,295,226,ITC,ITC2,2,Valle d'Aosta / Vallée d'Aoste,Valle d'Aosta,125666,7295,5.81,0.41
1541,2021-01-12,VDA,302,72,230,242,49,11,0,0,0,302,0,ITC,ITC2,2,Valle d'Aosta / Vallée d'Aoste,Valle d'Aosta,125666,7597,6.05,0.24
1542,2021-02-18,VDA,348,153,195,61,40,45,180,14,8,260,88,ITC,ITC2,2,Valle d'Aosta / Vallée d'Aoste,Valle d'Aosta,125666,7945,6.32,0.28
1543,2021-02-19,VDA,292,102,190,17,30,35,145,0,65,268,24,ITC,ITC2,2,Valle d'Aosta / Vallée d'Aoste,Valle d'Aosta,125666,8237,6.55,0.23
1544,2021-02-16,VDA,325,53,272,10,58,12,5,4,236,320,5,ITC,ITC2,2,Valle d'Aosta / Vallée d'Aoste,Valle d'Aosta,125666,8562,6.81,0.26
1545,2021-02-07,VDA,292,120,172,110,72,0,105,2,3,190,102,ITC,ITC2,2,Valle d'Aosta / Vallée d'Aoste,Valle d'Aosta,125666,8854,7.05,0.23
1546,2021-01-09,VDA,443,199,244,225,196,22,0,0,0,443,0,ITC,ITC2,2,Valle d'Aosta / Vallée d'Aoste,Valle d'Aosta,125666,9297,7.4,0.35
1547,2021-01-19,VDA,256,77,179,160,24,15,57,0,0,256,0,ITC,ITC2,2,Valle d'Aosta / Vallée d'Aoste,Valle d'Aosta,125666,9553,7.6,0.2
1548,2021-02-13,VDA,215,195,20,0,54,0,0,161,0,215,0,ITC,ITC2,2,Valle d'Aosta / Vallée d'Aoste,Valle d'Aosta,125666,9768,7.77,0.17
1549,2021-01-28,VDA,290,123,167,194,88,6,2,0,0,56,234,ITC,ITC2,2,Valle d'Aosta / Vallée d'Aoste,Valle d'Aosta,125666,10058,8.0,0.23
1550,2021-02-14,VDA,48,16,32,6,0,42,0,0,0,1,47,ITC,ITC2,2,Valle d'Aosta / Vallée d'Aoste,Valle d'Aosta,125666,10106,8.04,0.04
1551,2021-02-15,VDA,264,136,128,24,29,24,170,15,2,229,35,ITC,ITC2,2,Valle d'Aosta / Vallée d'Aoste,Valle d'Aosta,125666,10370,8.25,0.21
1552,2021-02-11,VDA,231,107,124,53,38,0,127,13,0,222,9,ITC,ITC2,2,Valle d'Aosta / Vallée d'Aoste,Valle d'Aosta,125666,10601,8.44,0.18
1553,2021-01-21,VDA,33,12,21,0,0,33,0,0,0,33,0,ITC,ITC2,2,Valle d'Aosta / Vallée d'Aoste,Valle d'Aosta,125666,10634,8.46,0.03
1554,2021-02-21,VDA,18,3,15,0,0,18,0,0,0,0,18,ITC,ITC2,2,Valle d'Aosta / Vallée d'Aoste,Valle d'Aosta,125666,10652,8.48,0.01
1555,2021-02-12,VDA,263,96,167,51,50,26,131,0,5,217,46,ITC,ITC2,2,Valle d'Aosta / Vallée d'Aoste,Valle d'Aosta,125666,10915,8.69,0.21
1556,2021-03-08,VDA,481,231,250,28,81,13,343,15,1,237,244,ITC,ITC2,2,Valle d'Aosta / Vallée d'Aoste,Valle d'Aosta,125666,11396,9.07,0.38
1557,2021-02-01,VDA,403,127,276,268,65,70,0,0,0,87,316,ITC,ITC2,2,Valle d'Aosta / Vallée d'Aoste,Valle d'Aosta,125666,11799,9.39,0.32
1558,2021-01-07,VDA,275,111,164,224,46,5,0,0,0,275,0,ITC,ITC2,2,Valle d'Aosta / Vallée d'Aoste,Valle d'Aosta,125666,12074,9.61,0.22
1559,2021-01-22,VDA,56,21,35,36,0,20,0,0,0,20,36,ITC,ITC2,2,Valle d'Aosta / Vallée d'Aoste,Valle d'Aosta,125666,12130,9.65,0.04
1560,2021-01-02,VDA,6,5,1,0,0,6,0,0,0,6,0,ITC,ITC2,2,Valle d'Aosta / Vallée d'Aoste,Valle d'Aosta,125666,12136,9.66,0.0
1561,2021-02-27,VDA,230,84,146,69,30,1,126,4,0,124,106,ITC,ITC2,2,Valle d'Aosta / Vallée d'Aoste,Valle d'Aosta,125666,12366,9.84,0.18
1562,2021-03-14,VDA,390,200,190,6,298,0,0,34,52,390,0,ITC,ITC2,2,Valle d'Aosta / Vallée d'Aoste,Valle d'Aosta,125666,12756,10.15,0.31
1563,2020-12-31,VDA,18,4,14,16,2,0,0,0,0,18,0,ITC,ITC2,2,Valle d'Aosta / Vallée d'Aoste,Valle d'Aosta,125666,12774,10.17,0.01
1564,2021-01-06,VDA,65,33,32,29,18,18,0,0,0,65,0,ITC,ITC2,2,Valle d'Aosta / Vallée d'Aoste,Valle d'Aosta,125666,12839,10.22,0.05
1565,2021-02-22,VDA,316,94,222,62,41,37,103,6,67,213,103,ITC,ITC2,2,Valle d'Aosta / Vallée d'Aoste,Valle d'Aosta,125666,13155,10.47,0.25
1566,2021-01-13,VDA,337,110,227,166,143,28,0,0,0,337,0,ITC,ITC2,2,Valle d'Aosta / Vallée d'Aoste,Valle d'Aosta,125666,13492,10.74,0.27
1567,2021-03-13,VDA,142,84,58,2,114,0,0,23,3,142,0,ITC,ITC2,2,Valle d'Aosta / Vallée d'Aoste,Valle d'Aosta,125666,13634,10.85,0.11
1568,2021-02-28,VDA,260,86,174,78,58,24,93,3,4,77,183,ITC,ITC2,2,Valle d'Aosta / Vallée d'Aoste,Valle d'Aosta,125666,13894,11.06,0.21
1569,2021-01-31,VDA,290,90,200,231,41,18,0,0,0,58,232,ITC,ITC2,2,Valle d'Aosta / Vallée d'Aoste,Valle d'Aosta,125666,14184,11.29,0.23
1570,2021-02-24,VDA,183,82,101,30,15,13,65,53,7,164,19,ITC,ITC2,2,Valle d'Aosta / Vallée d'Aoste,Valle d'Aosta,125666,14367,11.43,0.15
1571,2021-01-29,VDA,316,138,178,259,41,16,0,0,0,2,314,ITC,ITC2,2,Valle d'Aosta / Vallée d'Aoste,Valle d'Aosta,125666,14683,11.68,0.25
1572,2021-02-10,VDA,248,77,171,51,25,26,127,1,18,141,107,ITC,ITC2,2,Valle d'Aosta / Vallée d'Aoste,Valle d'Aosta,125666,14931,11.88,0.2
1573,2021-01-17,VDA,131,56,75,49,3,20,59,0,0,131,0,ITC,ITC2,2,Valle d'Aosta / Vallée d'Aoste,Valle d'Aosta,125666,15062,11.99,0.1
1574,2021-02-03,VDA,351,114,237,157,141,52,1,0,0,14,337,ITC,ITC2,2,Valle d'Aosta / Vallée d'Aoste,Valle d'Aosta,125666,15413,12.27,0.28
1575,2021-01-26,VDA,139,48,91,115,12,12,0,0,0,0,139,ITC,ITC2,2,Valle d'Aosta / Vallée d'Aoste,Valle d'Aosta,125666,15552,12.38,0.11
1576,2021-01-27,VDA,151,71,80,53,27,18,53,0,0,79,72,ITC,ITC2,2,Valle d'Aosta / Vallée d'Aoste,Valle d'Aosta,125666,15703,12.5,0.12
1577,2021-01-25,VDA,147,65,82,125,16,6,0,0,0,0,147,ITC,ITC2,2,Valle d'Aosta / Vallée d'Aoste,Valle d'Aosta,125666,15850,12.61,0.12
1578,2021-03-09,VDA,204,96,108,2,79,23,36,39,25,172,32,ITC,ITC2,2,Valle d'Aosta / Vallée d'Aoste,Valle d'Aosta,125666,16054,12.78,0.16
1579,2021-03-07,VDA,64,30,34,16,19,0,26,2,1,11,53,ITC,ITC2,2,Valle d'Aosta / Vallée d'Aoste,Valle d'Aosta,125666,16118,12.83,0.05
1580,2021-01-18,VDA,213,74,139,29,111,27,46,0,0,213,0,ITC,ITC2,2,Valle d'Aosta / Vallée d'Aoste,Valle d'Aosta,125666,16331,13.0,0.17
1581,2021-02-25,VDA,201,101,100,6,157,11,0,25,2,194,7,ITC,ITC2,2,Valle d'Aosta / Vallée d'Aoste,Valle d'Aosta,125666,16532,13.16,0.16
1582,2021-01-04,VDA,142,59,83,126,16,0,0,0,0,142,0,ITC,ITC2,2,Valle d'Aosta / Vallée d'Aoste,Valle d'Aosta,125666,16674,13.27,0.11
