,data,area,Vaccinazioni giornaliere,sesso_maschile,sesso_femminile,Operatori sanitari - sociosanitari,Personale non sanitario,Ospiti RSA,categoria_personale_scolastico,categoria_60_69,categoria_70_79,categoria_over80,categoria_soggetti_fragili,categoria_forze_armate,categoria_altro,prima_dose,seconda_dose,codice_NUTS1,codice_NUTS2,codice_regione_ISTAT,nome_area,Regione,popolazione,Totale vaccinazioni,Totale vaccinazioni ogni cento ab,Vaccinazioni giornaliere ogni cento ab
0,2021-02-01,PIE,8642,3053,5589,6177,1397,1068,0,0,0,0,0,0,0,578,8064,ITC,ITC1,1,Piemonte,Piemonte,4356406,8642,0.2,0.2
1,2021-05-12,PIE,31919,15168,16751,379,220,176,1368,12366,3359,2645,9693,1084,629,19220,12699,ITC,ITC1,1,Piemonte,Piemonte,4356406,40561,0.93,0.73
2,2021-02-05,PIE,9454,3080,6374,5766,2043,1643,0,0,0,1,0,0,1,657,8797,ITC,ITC1,1,Piemonte,Piemonte,4356406,50015,1.15,0.22
3,2021-02-20,PIE,3832,1253,2579,1101,977,219,1417,0,0,30,0,88,0,3658,174,ITC,ITC1,1,Piemonte,Piemonte,4356406,53847,1.24,0.09
4,2021-03-26,PIE,18081,7126,10955,1167,764,532,2429,3,16,11841,610,712,7,8945,9136,ITC,ITC1,1,Piemonte,Piemonte,4356406,71928,1.65,0.42
5,2021-04-28,PIE,25931,11684,14247,576,275,106,54,3537,4037,7897,9404,25,20,15943,9988,ITC,ITC1,1,Piemonte,Piemonte,4356406,97859,2.25,0.6
6,2021-04-19,PIE,22528,10760,11768,309,159,213,28,794,5484,4811,10672,1,57,18164,4364,ITC,ITC1,1,Piemonte,Piemonte,4356406,120387,2.76,0.52
7,2021-04-25,PIE,20222,9302,10920,213,108,9,18,1418,6281,2537,9615,8,15,17718,2504,ITC,ITC1,1,Piemonte,Piemonte,4356406,140609,3.23,0.46
8,2021-04-05,PIE,14746,6233,8513,148,115,0,703,1,3905,7996,1844,33,1,12189,2557,ITC,ITC1,1,Piemonte,Piemonte,4356406,155355,3.57,0.34
9,2021-02-19,PIE,5535,2175,3360,1990,1697,667,1079,0,1,34,0,58,9,5034,501,ITC,ITC1,1,Piemonte,Piemonte,4356406,160890,3.69,0.13
10,2021-04-15,PIE,30387,13888,16499,897,402,440,53,1206,9805,7095,10446,7,36,24907,5480,ITC,ITC1,1,Piemonte,Piemonte,4356406,191277,4.39,0.7
11,2021-01-16,PIE,7771,2630,5141,4803,1596,1372,0,0,0,0,0,0,0,7771,0,ITC,ITC1,1,Piemonte,Piemonte,4356406,199048,4.57,0.18
12,2021-02-03,PIE,10197,3303,6894,6643,2299,1246,0,2,0,5,0,0,2,611,9586,ITC,ITC1,1,Piemonte,Piemonte,4356406,209245,4.8,0.23
13,2021-04-01,PIE,19636,8199,11437,673,373,291,914,6,1954,14161,968,261,35,11226,8410,ITC,ITC1,1,Piemonte,Piemonte,4356406,228881,5.25,0.45
14,2021-01-19,PIE,6456,2104,4352,3583,1301,1572,0,0,0,0,0,0,0,6444,12,ITC,ITC1,1,Piemonte,Piemonte,4356406,235337,5.4,0.15
15,2021-02-13,PIE,4152,1334,2818,2310,722,1114,5,0,0,1,0,0,0,2931,1221,ITC,ITC1,1,Piemonte,Piemonte,4356406,239489,5.5,0.1
16,2021-01-18,PIE,6164,2047,4117,3238,1403,1523,0,0,0,0,0,0,0,5916,248,ITC,ITC1,1,Piemonte,Piemonte,4356406,245653,5.64,0.14
17,2021-01-04,PIE,5563,1679,3884,4590,736,235,0,0,0,0,0,0,2,5563,0,ITC,ITC1,1,Piemonte,Piemonte,4356406,251216,5.77,0.13
18,2021-01-03,PIE,3063,967,2096,2715,295,52,0,0,0,0,0,0,1,3063,0,ITC,ITC1,1,Piemonte,Piemonte,4356406,254279,5.84,0.07
19,2021-02-12,PIE,6890,2214,4676,3527,1646,1709,2,1,0,4,0,0,1,3930,2960,ITC,ITC1,1,Piemonte,Piemonte,4356406,261169,6.0,0.16
20,2021-03-20,PIE,11916,4898,7018,882,1039,163,1939,20,17,7684,21,21,130,6019,5897,ITC,ITC1,1,Piemonte,Piemonte,4356406,273085,6.27,0.27
21,2021-03-08,PIE,14171,5403,8768,2038,1425,413,2628,1,1,7649,0,13,3,11458,2713,ITC,ITC1,1,Piemonte,Piemonte,4356406,287256,6.59,0.33
22,2021-05-16,PIE,28719,13036,15683,144,99,3,2454,6646,2860,1216,13321,317,1659,15620,13099,ITC,ITC1,1,Piemonte,Piemonte,4356406,315975,7.25,0.66
23,2021-05-04,PIE,29084,13356,15728,494,193,112,205,7601,5882,6402,7885,219,91,16611,12473,ITC,ITC1,1,Piemonte,Piemonte,4356406,345059,7.92,0.67
24,2021-01-29,PIE,5943,1886,4057,4199,1067,673,0,0,0,2,0,0,2,455,5488,ITC,ITC1,1,Piemonte,Piemonte,4356406,351002,8.06,0.14
25,2021-03-09,PIE,13962,5428,8534,1688,1543,356,2330,2,6,8027,1,9,0,11620,2342,ITC,ITC1,1,Piemonte,Piemonte,4356406,364964,8.38,0.32
26,2021-02-27,PIE,12929,4965,7964,888,957,232,3040,0,0,7803,1,7,1,12584,345,ITC,ITC1,1,Piemonte,Piemonte,4356406,377893,8.67,0.3
27,2021-02-17,PIE,4792,2155,2637,2248,2030,497,1,0,1,1,0,1,13,3803,989,ITC,ITC1,1,Piemonte,Piemonte,4356406,382685,8.78,0.11
28,2021-03-27,PIE,18360,7817,10543,1215,1623,119,2109,12,940,11698,446,193,5,9546,8814,ITC,ITC1,1,Piemonte,Piemonte,4356406,401045,9.21,0.42
29,2021-03-01,PIE,12037,4844,7193,1157,1275,281,2430,0,4,6876,0,13,1,11228,809,ITC,ITC1,1,Piemonte,Piemonte,4356406,413082,9.48,0.28
30,2021-02-16,PIE,3966,1755,2211,1815,1586,548,1,0,4,1,0,5,6,3208,758,ITC,ITC1,1,Piemonte,Piemonte,4356406,417048,9.57,0.09
31,2021-02-14,PIE,1476,498,978,796,381,285,14,0,0,0,0,0,0,876,600,ITC,ITC1,1,Piemonte,Piemonte,4356406,418524,9.61,0.03
32,2021-05-11,PIE,32333,15588,16745,310,115,79,935,11782,3325,2025,12510,836,416,19048,13285,ITC,ITC1,1,Piemonte,Piemonte,4356406,450857,10.35,0.74
33,2021-05-17,PIE,31179,14622,16557,207,174,58,2553,6700,3242,1300,11327,544,5074,18288,12891,ITC,ITC1,1,Piemonte,Piemonte,4356406,482036,11.06,0.72
34,2021-02-24,PIE,11673,4750,6923,1856,1289,408,2157,0,3,5948,0,7,5,11168,505,ITC,ITC1,1,Piemonte,Piemonte,4356406,493709,11.33,0.27
35,2021-03-31,PIE,19105,8102,11003,962,687,311,687,8,2527,13178,529,209,7,10413,8692,ITC,ITC1,1,Piemonte,Piemonte,4356406,512814,11.77,0.44
36,2021-01-09,PIE,6184,2185,3999,4499,1113,569,0,1,0,0,0,0,2,6184,0,ITC,ITC1,1,Piemonte,Piemonte,4356406,518998,11.91,0.14
37,2021-01-07,PIE,5387,1739,3648,4159,885,341,0,1,0,0,0,0,1,5387,0,ITC,ITC1,1,Piemonte,Piemonte,4356406,524385,12.04,0.12
38,2021-02-09,PIE,7351,2309,5042,4154,1367,1830,0,0,0,0,0,0,0,722,6629,ITC,ITC1,1,Piemonte,Piemonte,4356406,531736,12.21,0.17
39,2021-04-30,PIE,32391,14560,17831,742,429,384,122,4621,5606,8917,11375,119,76,18730,13661,ITC,ITC1,1,Piemonte,Piemonte,4356406,564127,12.95,0.74
40,2021-05-20,PIE,38261,17688,20573,564,310,301,3002,9390,5081,1457,13499,842,3815,13254,25007,ITC,ITC1,1,Piemonte,Piemonte,4356406,602388,13.83,0.88
41,2021-02-15,PIE,4432,1597,2835,2319,1144,963,1,0,2,2,0,1,0,3227,1205,ITC,ITC1,1,Piemonte,Piemonte,4356406,606820,13.93,0.1
42,2021-01-27,PIE,4196,1453,2743,2982,657,557,0,0,0,0,0,0,0,999,3197,ITC,ITC1,1,Piemonte,Piemonte,4356406,611016,14.03,0.1
43,2021-05-15,PIE,34130,15913,18217,360,227,15,3052,11833,4213,1314,10451,836,1829,20509,13621,ITC,ITC1,1,Piemonte,Piemonte,4356406,645146,14.81,0.78
44,2021-01-06,PIE,3116,1111,2005,2370,429,313,0,0,1,1,0,0,2,3116,0,ITC,ITC1,1,Piemonte,Piemonte,4356406,648262,14.88,0.07
45,2021-04-20,PIE,26247,12032,14215,710,274,258,35,1220,6690,6701,10329,2,28,19908,6339,ITC,ITC1,1,Piemonte,Piemonte,4356406,674509,15.48,0.6
46,2021-03-11,PIE,14053,5194,8859,2318,1415,382,2184,1,5,7667,4,71,6,10958,3095,ITC,ITC1,1,Piemonte,Piemonte,4356406,688562,15.81,0.32
47,2021-05-10,PIE,28968,13924,15044,283,122,103,1128,7373,3298,1857,13894,739,171,15741,13227,ITC,ITC1,1,Piemonte,Piemonte,4356406,717530,16.47,0.66
48,2021-05-09,PIE,26984,12856,14128,286,95,18,644,6854,3263,2711,12848,209,56,13378,13606,ITC,ITC1,1,Piemonte,Piemonte,4356406,744514,17.09,0.62
49,2021-01-20,PIE,6615,2089,4526,3618,1182,1813,0,0,0,0,0,0,2,5898,717,ITC,ITC1,1,Piemonte,Piemonte,4356406,751129,17.24,0.15
50,2021-05-21,PIE,12612,5804,6808,280,163,51,806,4063,1481,588,4620,423,137,5127,7485,ITC,ITC1,1,Piemonte,Piemonte,4356406,763741,17.53,0.29
51,2021-01-05,PIE,5381,1603,3778,4368,721,285,0,0,2,1,0,0,4,5381,0,ITC,ITC1,1,Piemonte,Piemonte,4356406,769122,17.65,0.12
52,2021-04-02,PIE,20129,8298,11831,885,439,390,879,8,2690,13352,1279,153,54,11702,8427,ITC,ITC1,1,Piemonte,Piemonte,4356406,789251,18.12,0.46
53,2021-04-09,PIE,26235,11598,14637,1220,523,273,46,47,7413,11422,5241,35,15,21725,4510,ITC,ITC1,1,Piemonte,Piemonte,4356406,815486,18.72,0.6
54,2021-01-28,PIE,5590,1809,3781,4120,878,590,0,1,0,1,0,0,0,384,5206,ITC,ITC1,1,Piemonte,Piemonte,4356406,821076,18.85,0.13
55,2021-02-25,PIE,12518,5395,7123,1449,2063,405,1961,0,2,6628,0,4,6,11971,547,ITC,ITC1,1,Piemonte,Piemonte,4356406,833594,19.13,0.29
56,2021-05-02,PIE,25874,11642,14232,578,230,33,69,3209,7495,5907,8242,86,25,14769,11105,ITC,ITC1,1,Piemonte,Piemonte,4356406,859468,19.73,0.59
57,2021-01-15,PIE,8970,2955,6015,5499,1923,1546,0,1,0,0,0,0,1,8970,0,ITC,ITC1,1,Piemonte,Piemonte,4356406,868438,19.93,0.21
58,2021-01-11,PIE,8742,2980,5762,6060,1553,1127,0,1,0,0,0,0,1,8742,0,ITC,ITC1,1,Piemonte,Piemonte,4356406,877180,20.14,0.2
59,2021-04-07,PIE,23603,9992,13611,951,440,272,532,7,5786,12383,3099,66,67,18139,5464,ITC,ITC1,1,Piemonte,Piemonte,4356406,900783,20.68,0.54
60,2021-02-02,PIE,10239,3508,6731,6872,2048,1317,0,0,0,0,0,0,2,815,9424,ITC,ITC1,1,Piemonte,Piemonte,4356406,911022,20.91,0.24
61,2021-03-07,PIE,11969,4656,7313,1322,1134,111,2050,0,5,7345,0,0,2,11091,878,ITC,ITC1,1,Piemonte,Piemonte,4356406,922991,21.19,0.27
62,2021-01-14,PIE,9766,3152,6614,6182,2097,1484,0,0,0,0,0,0,3,9766,0,ITC,ITC1,1,Piemonte,Piemonte,4356406,932757,21.41,0.22
63,2021-01-23,PIE,4257,1325,2932,3212,524,520,0,0,0,1,0,0,0,879,3378,ITC,ITC1,1,Piemonte,Piemonte,4356406,937014,21.51,0.1
64,2021-02-11,PIE,6764,2107,4657,3422,1328,2010,3,0,0,0,0,0,1,3006,3758,ITC,ITC1,1,Piemonte,Piemonte,4356406,943778,21.66,0.16
65,2021-03-02,PIE,11193,4503,6690,907,1122,215,2517,0,4,6416,0,10,2,10377,816,ITC,ITC1,1,Piemonte,Piemonte,4356406,954971,21.92,0.26
66,2021-03-25,PIE,17349,7344,10005,1037,963,603,1375,4,26,12289,569,476,7,8432,8917,ITC,ITC1,1,Piemonte,Piemonte,4356406,972320,22.32,0.4
67,2021-03-13,PIE,13034,4717,8317,1169,996,158,2138,1,3,8560,0,4,5,11591,1443,ITC,ITC1,1,Piemonte,Piemonte,4356406,985354,22.62,0.3
68,2021-01-17,PIE,3518,1168,2350,2082,596,840,0,0,0,0,0,0,0,2870,648,ITC,ITC1,1,Piemonte,Piemonte,4356406,988872,22.7,0.08
69,2021-04-08,PIE,25510,11079,14431,1057,521,284,412,30,7381,11584,4102,117,22,20769,4741,ITC,ITC1,1,Piemonte,Piemonte,4356406,1014382,23.28,0.59
70,2021-05-08,PIE,34401,16335,18066,274,201,60,1191,9715,4887,3878,13695,409,91,18579,15822,ITC,ITC1,1,Piemonte,Piemonte,4356406,1048783,24.07,0.79
71,2021-03-14,PIE,8200,3332,4868,794,588,2,990,0,5,5815,0,1,5,5308,2892,ITC,ITC1,1,Piemonte,Piemonte,4356406,1056983,24.26,0.19
72,2021-01-31,PIE,4112,1752,2360,3080,655,377,0,0,0,0,0,0,0,112,4000,ITC,ITC1,1,Piemonte,Piemonte,4356406,1061095,24.36,0.09
73,2021-01-26,PIE,6330,1879,4451,4727,873,728,0,0,0,0,0,0,2,735,5595,ITC,ITC1,1,Piemonte,Piemonte,4356406,1067425,24.5,0.15
74,2021-02-04,PIE,10279,3360,6919,6263,2199,1814,0,0,0,0,0,0,3,595,9684,ITC,ITC1,1,Piemonte,Piemonte,4356406,1077704,24.74,0.24
75,2021-04-24,PIE,28177,12785,15392,461,169,29,23,2686,8480,5253,10997,48,31,22546,5631,ITC,ITC1,1,Piemonte,Piemonte,4356406,1105881,25.39,0.65
76,2021-03-17,PIE,12515,5053,7462,2084,806,236,9,1,9,9104,10,250,6,5224,7291,ITC,ITC1,1,Piemonte,Piemonte,4356406,1118396,25.67,0.29
77,2021-04-26,PIE,20227,8943,11284,306,100,84,44,1604,3399,5098,9565,11,16,15609,4618,ITC,ITC1,1,Piemonte,Piemonte,4356406,1138623,26.14,0.46
78,2021-02-10,PIE,7534,2371,5163,3905,1530,2098,0,0,0,0,0,0,1,1316,6218,ITC,ITC1,1,Piemonte,Piemonte,4356406,1146157,26.31,0.17
79,2021-03-28,PIE,16040,6893,9147,926,1914,34,2480,3,461,8931,1076,208,7,8432,7608,ITC,ITC1,1,Piemonte,Piemonte,4356406,1162197,26.68,0.37
80,2021-04-06,PIE,20237,8809,11428,650,591,260,1319,16,5177,9659,2427,113,25,15041,5196,ITC,ITC1,1,Piemonte,Piemonte,4356406,1182434,27.14,0.46
81,2021-02-07,PIE,3087,974,2113,1648,662,777,0,0,0,0,0,0,0,445,2642,ITC,ITC1,1,Piemonte,Piemonte,4356406,1185521,27.21,0.07
82,2021-04-12,PIE,23252,10498,12754,612,296,246,60,243,7777,7583,6378,10,47,20263,2989,ITC,ITC1,1,Piemonte,Piemonte,4356406,1208773,27.75,0.53
83,2021-05-19,PIE,33191,15301,17890,224,177,95,3214,11023,2726,790,8679,576,5687,22264,10927,ITC,ITC1,1,Piemonte,Piemonte,4356406,1241964,28.51,0.76
84,2021-02-18,PIE,4789,2093,2696,2255,1898,624,2,0,0,0,0,3,7,4359,430,ITC,ITC1,1,Piemonte,Piemonte,4356406,1246753,28.62,0.11
85,2020-12-30,PIE,730,322,408,685,45,0,0,0,0,0,0,0,0,730,0,ITC,ITC1,1,Piemonte,Piemonte,4356406,1247483,28.64,0.02
86,2021-03-19,PIE,11018,4510,6508,1127,650,432,271,3,19,8184,25,301,6,4414,6604,ITC,ITC1,1,Piemonte,Piemonte,4356406,1258501,28.89,0.25
87,2020-12-31,PIE,3909,1334,2575,3415,356,134,0,0,0,0,0,0,4,3909,0,ITC,ITC1,1,Piemonte,Piemonte,4356406,1262410,28.98,0.09
88,2021-05-13,PIE,36112,17643,18469,349,194,299,837,12028,3901,1815,14635,1306,748,20686,15426,ITC,ITC1,1,Piemonte,Piemonte,4356406,1298522,29.81,0.83
89,2021-01-08,PIE,5531,1761,3770,4078,1027,422,0,0,0,0,0,0,4,5531,0,ITC,ITC1,1,Piemonte,Piemonte,4356406,1304053,29.93,0.13
90,2021-03-18,PIE,11742,4798,6944,1464,770,343,18,3,14,8873,10,235,12,4029,7713,ITC,ITC1,1,Piemonte,Piemonte,4356406,1315795,30.2,0.27
91,2021-04-11,PIE,20822,9315,11507,401,231,69,254,217,7641,6877,5117,5,10,18661,2161,ITC,ITC1,1,Piemonte,Piemonte,4356406,1336617,30.68,0.48
92,2021-01-21,PIE,6923,2318,4605,4716,840,1352,0,3,0,0,0,0,12,3427,3496,ITC,ITC1,1,Piemonte,Piemonte,4356406,1343540,30.84,0.16
93,2021-02-26,PIE,12556,5066,7490,844,1424,490,2901,0,2,6879,0,15,1,11820,736,ITC,ITC1,1,Piemonte,Piemonte,4356406,1356096,31.13,0.29
94,2021-03-03,PIE,12336,4741,7595,1103,1025,257,2667,0,2,7277,0,5,0,11517,819,ITC,ITC1,1,Piemonte,Piemonte,4356406,1368432,31.41,0.28
95,2021-03-05,PIE,15506,6061,9445,2543,2009,662,2371,1,5,7906,2,7,0,11681,3825,ITC,ITC1,1,Piemonte,Piemonte,4356406,1383938,31.77,0.36
96,2021-02-23,PIE,9233,3713,5520,2298,1346,389,1052,0,2,4108,0,33,5,8653,580,ITC,ITC1,1,Piemonte,Piemonte,4356406,1393171,31.98,0.21
97,2021-01-25,PIE,6214,1938,4276,4789,860,562,0,0,1,1,0,0,1,983,5231,ITC,ITC1,1,Piemonte,Piemonte,4356406,1399385,32.12,0.14
98,2021-01-01,PIE,1038,395,643,922,116,0,0,0,0,0,0,0,0,1038,0,ITC,ITC1,1,Piemonte,Piemonte,4356406,1400423,32.15,0.02
99,2021-04-04,PIE,9254,4059,5195,196,302,0,294,0,2041,4231,2173,11,6,6541,2713,ITC,ITC1,1,Piemonte,Piemonte,4356406,1409677,32.36,0.21
100,2020-12-27,PIE,913,369,544,761,73,76,0,1,0,0,0,0,2,913,0,ITC,ITC1,1,Piemonte,Piemonte,4356406,1410590,32.38,0.02
101,2021-01-22,PIE,3866,1249,2617,2279,650,934,0,1,0,1,0,0,1,2525,1341,ITC,ITC1,1,Piemonte,Piemonte,4356406,1414456,32.47,0.09
102,2021-03-06,PIE,14262,5340,8922,2262,1125,462,2697,1,2,7710,1,2,0,11473,2789,ITC,ITC1,1,Piemonte,Piemonte,4356406,1428718,32.8,0.33
103,2021-03-16,PIE,10519,4268,6251,2231,870,322,13,7,10,6800,65,162,39,4463,6056,ITC,ITC1,1,Piemonte,Piemonte,4356406,1439237,33.04,0.24
104,2021-04-22,PIE,28439,13117,15322,605,332,424,61,1660,5547,6636,13108,20,46,21736,6703,ITC,ITC1,1,Piemonte,Piemonte,4356406,1467676,33.69,0.65
105,2021-04-21,PIE,25680,11805,13875,799,358,264,45,1399,7167,6172,9443,11,22,20356,5324,ITC,ITC1,1,Piemonte,Piemonte,4356406,1493356,34.28,0.59
106,2021-03-12,PIE,13947,5184,8763,2145,1295,471,2274,0,4,7638,13,106,1,11012,2935,ITC,ITC1,1,Piemonte,Piemonte,4356406,1507303,34.6,0.32
107,2021-04-18,PIE,23754,11209,12545,341,254,31,47,914,6039,4499,11600,10,19,20978,2776,ITC,ITC1,1,Piemonte,Piemonte,4356406,1531057,35.14,0.55
108,2021-05-07,PIE,32785,15485,17300,553,195,269,412,9291,5588,3843,12114,465,55,18809,13976,ITC,ITC1,1,Piemonte,Piemonte,4356406,1563842,35.9,0.75
109,2021-03-10,PIE,13629,5166,8463,1667,1339,280,2240,1,7,8018,2,74,1,11335,2294,ITC,ITC1,1,Piemonte,Piemonte,4356406,1577471,36.21,0.31
110,2021-04-17,PIE,31027,14429,16598,746,325,116,56,2812,10460,4977,11510,9,16,27741,3286,ITC,ITC1,1,Piemonte,Piemonte,4356406,1608498,36.92,0.71
111,2021-02-08,PIE,6916,2355,4561,3786,1557,1572,0,0,0,0,0,0,1,666,6250,ITC,ITC1,1,Piemonte,Piemonte,4356406,1615414,37.08,0.16
112,2021-04-29,PIE,49166,22227,26939,1236,563,318,62,9638,11344,9485,16257,164,99,36237,12929,ITC,ITC1,1,Piemonte,Piemonte,4356406,1664580,38.21,1.13
113,2021-02-22,PIE,8479,3471,5008,1705,1397,512,920,2,4,3925,0,11,3,7889,590,ITC,ITC1,1,Piemonte,Piemonte,4356406,1673059,38.4,0.19
114,2021-04-03,PIE,19700,8283,11417,310,252,76,540,15,2977,13667,1666,114,83,10890,8810,ITC,ITC1,1,Piemonte,Piemonte,4356406,1692759,38.86,0.45
115,2021-05-18,PIE,32252,14830,17422,265,272,97,2771,8695,2876,1278,10216,986,4796,19830,12422,ITC,ITC1,1,Piemonte,Piemonte,4356406,1725011,39.6,0.74
116,2021-05-06,PIE,33912,15993,17919,486,185,300,195,10621,5324,3983,12085,625,108,20168,13744,ITC,ITC1,1,Piemonte,Piemonte,4356406,1758923,40.38,0.78
117,2021-02-28,PIE,11072,4180,6892,642,501,53,2791,1,1,7080,0,0,3,10832,240,ITC,ITC1,1,Piemonte,Piemonte,4356406,1769995,40.63,0.25
118,2021-02-21,PIE,5089,2082,3007,685,263,47,737,0,0,3355,0,1,1,4987,102,ITC,ITC1,1,Piemonte,Piemonte,4356406,1775084,40.75,0.12
119,2021-01-10,PIE,5214,2275,2939,3910,783,519,0,0,0,0,0,0,2,5214,0,ITC,ITC1,1,Piemonte,Piemonte,4356406,1780298,40.87,0.12
120,2021-04-27,PIE,23133,10468,12665,357,213,157,80,3122,3977,5249,9927,31,20,17795,5338,ITC,ITC1,1,Piemonte,Piemonte,4356406,1803431,41.4,0.53
121,2021-03-21,PIE,10711,4736,5975,585,1475,9,1319,2,165,7021,1,133,1,4184,6527,ITC,ITC1,1,Piemonte,Piemonte,4356406,1814142,41.64,0.25
122,2021-03-29,PIE,15159,6384,8775,416,543,137,1330,3,1259,10373,744,342,12,8546,6613,ITC,ITC1,1,Piemonte,Piemonte,4356406,1829301,41.99,0.35
123,2021-04-23,PIE,28247,13021,15226,720,275,285,31,1809,5305,6515,13239,42,26,21480,6767,ITC,ITC1,1,Piemonte,Piemonte,4356406,1857548,42.64,0.65
124,2021-03-15,PIE,10648,4157,6491,1717,1460,231,1470,2,5,5733,0,28,2,5029,5619,ITC,ITC1,1,Piemonte,Piemonte,4356406,1868196,42.88,0.24
125,2021-04-14,PIE,28110,12734,15376,869,449,449,60,790,10254,7319,7889,9,22,23579,4531,ITC,ITC1,1,Piemonte,Piemonte,4356406,1896306,43.53,0.65
126,2021-01-12,PIE,10050,3406,6644,6865,2009,1170,0,2,0,0,0,0,4,10050,0,ITC,ITC1,1,Piemonte,Piemonte,4356406,1906356,43.76,0.23
127,2021-05-01,PIE,29350,13371,15979,440,276,59,88,3695,9201,7268,8225,74,24,17229,12121,ITC,ITC1,1,Piemonte,Piemonte,4356406,1935706,44.43,0.67
128,2020-12-28,PIE,1,1,0,1,0,0,0,0,0,0,0,0,0,1,0,ITC,ITC1,1,Piemonte,Piemonte,4356406,1935707,44.43,0.0
129,2021-04-13,PIE,26482,11885,14597,667,268,261,121,901,10403,7331,6488,7,35,22935,3547,ITC,ITC1,1,Piemonte,Piemonte,4356406,1962189,45.04,0.61
130,2021-02-06,PIE,7984,2664,5320,5101,1629,1252,0,0,0,1,0,0,1,400,7584,ITC,ITC1,1,Piemonte,Piemonte,4356406,1970173,45.22,0.18
131,2021-03-30,PIE,17211,7175,10036,783,437,287,994,7,1376,12444,580,297,6,9020,8191,ITC,ITC1,1,Piemonte,Piemonte,4356406,1987384,45.62,0.4
132,2021-01-30,PIE,5979,2135,3844,4375,1108,496,0,0,0,0,0,0,0,218,5761,ITC,ITC1,1,Piemonte,Piemonte,4356406,1993363,45.76,0.14
133,2021-04-16,PIE,29183,13596,15587,1047,470,451,77,1630,8171,6069,11216,5,47,24164,5019,ITC,ITC1,1,Piemonte,Piemonte,4356406,2022546,46.43,0.67
134,2021-05-05,PIE,31988,14974,17014,808,409,223,206,9656,5950,5036,9285,379,36,19005,12983,ITC,ITC1,1,Piemonte,Piemonte,4356406,2054534,47.16,0.73
135,2021-01-13,PIE,10080,3223,6857,6488,2259,1329,0,0,0,0,0,0,4,10080,0,ITC,ITC1,1,Piemonte,Piemonte,4356406,2064614,47.39,0.23
136,2021-05-03,PIE,27130,12393,14737,689,303,65,97,3966,4673,7859,9335,104,39,12671,14459,ITC,ITC1,1,Piemonte,Piemonte,4356406,2091744,48.02,0.62
137,2021-04-10,PIE,30158,13414,16744,902,457,138,134,359,11983,10237,5924,15,9,25880,4278,ITC,ITC1,1,Piemonte,Piemonte,4356406,2121902,48.71,0.69
138,2021-05-14,PIE,33717,16433,17284,422,168,220,1522,11407,3360,1417,13327,1180,694,17687,16030,ITC,ITC1,1,Piemonte,Piemonte,4356406,2155619,49.48,0.77
139,2021-03-22,PIE,11692,4968,6724,893,918,195,1220,1,9,8130,75,249,2,3877,7815,ITC,ITC1,1,Piemonte,Piemonte,4356406,2167311,49.75,0.27
140,2021-03-04,PIE,14780,5876,8904,2187,1950,612,2195,0,3,7823,0,6,4,11833,2947,ITC,ITC1,1,Piemonte,Piemonte,4356406,2182091,50.09,0.34
141,2021-03-24,PIE,15725,6436,9289,1074,766,507,840,5,21,11732,395,375,10,6381,9344,ITC,ITC1,1,Piemonte,Piemonte,4356406,2197816,50.45,0.36
142,2021-01-02,PIE,3545,1134,2411,3081,407,53,0,1,0,1,0,0,2,3545,0,ITC,ITC1,1,Piemonte,Piemonte,4356406,2201361,50.53,0.08
143,2021-01-24,PIE,3153,959,2194,2636,370,146,0,0,0,0,0,0,1,434,2719,ITC,ITC1,1,Piemonte,Piemonte,4356406,2204514,50.6,0.07
144,2021-03-23,PIE,13050,5444,7606,693,1020,260,1334,5,15,9243,287,178,15,6808,6242,ITC,ITC1,1,Piemonte,Piemonte,4356406,2217564,50.9,0.3
145,2021-02-01,UMB,1285,342,943,877,35,373,0,0,0,0,0,0,0,48,1237,ITI,ITI2,10,Umbria,Umbria,882015,1285,0.15,0.15
146,2021-04-12,UMB,7086,3076,4010,204,17,0,17,31,2428,2911,1462,4,12,5369,1717,ITI,ITI2,10,Umbria,Umbria,882015,8371,0.95,0.8
147,2021-02-20,UMB,282,100,182,83,7,39,0,0,0,152,0,0,1,258,24,ITI,ITI2,10,Umbria,Umbria,882015,8653,0.98,0.03
148,2021-05-03,UMB,5083,2265,2818,189,22,12,12,17,113,1452,3230,35,1,2196,2887,ITI,ITI2,10,Umbria,Umbria,882015,13736,1.56,0.58
149,2021-01-02,UMB,304,111,193,304,0,0,0,0,0,0,0,0,0,304,0,ITI,ITI2,10,Umbria,Umbria,882015,14040,1.59,0.03
150,2021-01-11,UMB,1315,346,969,880,14,415,0,1,0,0,0,0,5,1315,0,ITI,ITI2,10,Umbria,Umbria,882015,15355,1.74,0.15
151,2021-03-09,UMB,4051,1971,2080,143,568,122,23,0,1,2915,7,217,55,2759,1292,ITI,ITI2,10,Umbria,Umbria,882015,19406,2.2,0.46
152,2021-01-25,UMB,648,323,325,646,2,0,0,0,0,0,0,0,0,5,643,ITI,ITI2,10,Umbria,Umbria,882015,20054,2.27,0.07
153,2021-01-19,UMB,103,23,80,21,2,80,0,0,0,0,0,0,0,103,0,ITI,ITI2,10,Umbria,Umbria,882015,20157,2.29,0.01
154,2021-02-06,UMB,396,138,258,333,47,16,0,0,0,0,0,0,0,34,362,ITI,ITI2,10,Umbria,Umbria,882015,20553,2.33,0.04
155,2021-01-04,UMB,810,398,412,810,0,0,0,0,0,0,0,0,0,810,0,ITI,ITI2,10,Umbria,Umbria,882015,21363,2.42,0.09
156,2021-04-10,UMB,7442,3499,3943,81,62,30,50,49,2475,691,3972,18,14,7329,113,ITI,ITI2,10,Umbria,Umbria,882015,28805,3.27,0.84
157,2021-05-12,UMB,6423,2997,3426,207,28,34,1,376,1364,1276,3073,2,62,4284,2139,ITI,ITI2,10,Umbria,Umbria,882015,35228,3.99,0.73
158,2021-02-05,UMB,780,234,546,645,51,84,0,0,0,0,0,0,0,18,762,ITI,ITI2,10,Umbria,Umbria,882015,36008,4.08,0.09
159,2021-02-03,UMB,725,174,551,560,34,131,0,0,0,0,0,0,0,67,658,ITI,ITI2,10,Umbria,Umbria,882015,36733,4.16,0.08
160,2021-02-26,UMB,660,253,407,386,73,40,3,0,0,154,0,4,0,652,8,ITI,ITI2,10,Umbria,Umbria,882015,37393,4.24,0.07
161,2021-01-07,UMB,1300,387,913,893,1,404,0,0,0,1,0,0,1,1300,0,ITI,ITI2,10,Umbria,Umbria,882015,38693,4.39,0.15
162,2021-03-11,UMB,3565,1697,1868,144,652,263,158,0,0,2018,1,291,38,2559,1006,ITI,ITI2,10,Umbria,Umbria,882015,42258,4.79,0.4
163,2021-03-14,UMB,66,48,18,0,6,1,4,6,2,0,0,0,47,66,0,ITI,ITI2,10,Umbria,Umbria,882015,42324,4.8,0.01
164,2021-04-27,UMB,5643,2395,3248,200,11,1,8,28,1153,2479,1731,8,24,3073,2570,ITI,ITI2,10,Umbria,Umbria,882015,47967,5.44,0.64
165,2021-04-24,UMB,4556,1961,2595,42,15,0,81,35,1126,1074,2178,3,2,3382,1174,ITI,ITI2,10,Umbria,Umbria,882015,52523,5.95,0.52
166,2021-03-10,UMB,4012,1927,2085,123,785,180,75,3,3,2566,6,263,8,2756,1256,ITI,ITI2,10,Umbria,Umbria,882015,56535,6.41,0.45
167,2021-02-16,UMB,1308,655,653,34,4,0,0,2,1,1263,4,0,0,1299,9,ITI,ITI2,10,Umbria,Umbria,882015,57843,6.56,0.15
168,2021-04-21,UMB,5301,2304,2997,237,9,1,9,74,1056,2701,1201,5,8,3075,2226,ITI,ITI2,10,Umbria,Umbria,882015,63144,7.16,0.6
169,2021-02-17,UMB,1618,748,870,363,4,0,1,0,6,1240,1,0,3,1267,351,ITI,ITI2,10,Umbria,Umbria,882015,64762,7.34,0.18
170,2021-04-22,UMB,5420,2228,3192,258,21,77,5,37,792,3016,1199,7,8,2761,2659,ITI,ITI2,10,Umbria,Umbria,882015,70182,7.96,0.61
171,2021-04-30,UMB,6219,2959,3260,74,31,66,77,26,385,281,5263,8,8,2834,3385,ITI,ITI2,10,Umbria,Umbria,882015,76401,8.66,0.71
172,2021-01-06,UMB,846,325,521,843,0,0,0,1,0,0,0,0,2,846,0,ITI,ITI2,10,Umbria,Umbria,882015,77247,8.76,0.1
173,2021-03-06,UMB,4267,1110,3157,422,186,26,2322,6,5,1128,0,125,47,4124,143,ITI,ITI2,10,Umbria,Umbria,882015,81514,9.24,0.48
174,2021-03-01,UMB,1503,774,729,110,10,0,1,0,0,1249,0,133,0,1389,114,ITI,ITI2,10,Umbria,Umbria,882015,83017,9.41,0.17
175,2021-01-05,UMB,854,429,425,851,0,0,0,1,0,0,0,0,2,854,0,ITI,ITI2,10,Umbria,Umbria,882015,83871,9.51,0.1
176,2021-04-03,UMB,2110,716,1394,143,208,30,216,5,32,1282,169,22,3,1057,1053,ITI,ITI2,10,Umbria,Umbria,882015,85981,9.75,0.24
177,2021-02-24,UMB,1520,565,955,1083,45,90,0,1,0,292,0,9,0,1505,15,ITI,ITI2,10,Umbria,Umbria,882015,87501,9.92,0.17
178,2021-01-16,UMB,221,73,148,146,32,43,0,0,0,0,0,0,0,221,0,ITI,ITI2,10,Umbria,Umbria,882015,87722,9.95,0.03
179,2021-04-01,UMB,4330,1792,2538,204,14,309,19,5,7,3268,452,5,47,2323,2007,ITI,ITI2,10,Umbria,Umbria,882015,92052,10.44,0.49
180,2021-03-20,UMB,2297,832,1465,317,682,21,1200,0,0,0,0,72,5,2272,25,ITI,ITI2,10,Umbria,Umbria,882015,94349,10.7,0.26
181,2021-05-14,UMB,5215,2426,2789,76,36,35,50,467,764,275,3469,12,31,3411,1804,ITI,ITI2,10,Umbria,Umbria,882015,99564,11.29,0.59
182,2021-02-08,UMB,637,203,434,368,111,154,0,0,0,0,0,4,0,88,549,ITI,ITI2,10,Umbria,Umbria,882015,100201,11.36,0.07
183,2021-05-13,UMB,5870,2644,3226,149,13,21,3,348,1095,1234,2914,15,78,3799,2071,ITI,ITI2,10,Umbria,Umbria,882015,106071,12.03,0.67
184,2021-01-15,UMB,701,215,486,590,44,67,0,0,0,0,0,0,0,701,0,ITI,ITI2,10,Umbria,Umbria,882015,106772,12.11,0.08
185,2021-01-09,UMB,1745,499,1246,894,7,844,0,0,0,0,0,0,0,1745,0,ITI,ITI2,10,Umbria,Umbria,882015,108517,12.3,0.2
186,2021-03-29,UMB,3800,1648,2152,247,42,58,26,9,12,2832,534,21,19,2321,1479,ITI,ITI2,10,Umbria,Umbria,882015,112317,12.73,0.43
187,2021-01-14,UMB,752,201,551,697,35,19,1,0,0,0,0,0,0,752,0,ITI,ITI2,10,Umbria,Umbria,882015,113069,12.82,0.09
188,2021-05-06,UMB,9432,4301,5131,216,33,27,4,209,3801,1569,3560,4,9,6135,3297,ITI,ITI2,10,Umbria,Umbria,882015,122501,13.89,1.07
189,2021-05-20,UMB,9611,4495,5116,188,99,9,1269,2745,411,733,3685,440,32,6009,3602,ITI,ITI2,10,Umbria,Umbria,882015,132112,14.98,1.09
190,2021-03-05,UMB,4591,1379,3212,604,320,7,2554,2,1,712,0,383,8,3935,656,ITI,ITI2,10,Umbria,Umbria,882015,136703,15.5,0.52
191,2021-02-02,UMB,944,274,670,714,17,212,0,0,0,0,0,0,1,32,912,ITI,ITI2,10,Umbria,Umbria,882015,137647,15.61,0.11
192,2021-04-18,UMB,1529,680,849,67,11,0,41,2,171,840,376,21,0,599,930,ITI,ITI2,10,Umbria,Umbria,882015,139176,15.78,0.17
193,2021-03-15,UMB,4596,1930,2666,1426,264,79,263,2,1,2343,7,206,5,2828,1768,ITI,ITI2,10,Umbria,Umbria,882015,143772,16.3,0.52
194,2021-02-10,UMB,715,349,366,606,106,3,0,0,0,0,0,0,0,700,15,ITI,ITI2,10,Umbria,Umbria,882015,144487,16.38,0.08
195,2021-04-14,UMB,8146,3672,4474,226,35,15,19,59,2927,3149,1695,13,8,6167,1979,ITI,ITI2,10,Umbria,Umbria,882015,152633,17.31,0.92
196,2021-03-07,UMB,845,180,665,17,82,25,676,0,0,45,0,0,0,838,7,ITI,ITI2,10,Umbria,Umbria,882015,153478,17.4,0.1
197,2021-01-13,UMB,450,139,311,379,29,42,0,0,0,0,0,0,0,450,0,ITI,ITI2,10,Umbria,Umbria,882015,153928,17.45,0.05
198,2021-03-13,UMB,1731,524,1207,120,154,49,1152,3,0,152,0,91,10,1486,245,ITI,ITI2,10,Umbria,Umbria,882015,155659,17.65,0.2
199,2021-01-18,UMB,614,219,395,348,114,144,0,2,1,0,0,0,5,529,85,ITI,ITI2,10,Umbria,Umbria,882015,156273,17.72,0.07
200,2021-04-07,UMB,5545,2283,3262,483,42,101,20,9,924,3185,759,18,4,3540,2005,ITI,ITI2,10,Umbria,Umbria,882015,161818,18.35,0.63
201,2021-02-15,UMB,1368,692,676,10,4,0,0,0,1,1351,2,0,0,1367,1,ITI,ITI2,10,Umbria,Umbria,882015,163186,18.5,0.16
202,2021-05-15,UMB,4950,1864,3086,27,29,1,1502,270,396,196,2505,8,16,1799,3151,ITI,ITI2,10,Umbria,Umbria,882015,168136,19.06,0.56
203,2021-01-27,UMB,840,330,510,839,1,0,0,0,0,0,0,0,0,13,827,ITI,ITI2,10,Umbria,Umbria,882015,168976,19.16,0.1
204,2021-02-13,UMB,115,28,87,68,46,0,0,0,0,1,0,0,0,112,3,ITI,ITI2,10,Umbria,Umbria,882015,169091,19.17,0.01
205,2021-03-27,UMB,4252,1512,2740,752,595,1,576,4,7,2238,1,24,54,3912,340,ITI,ITI2,10,Umbria,Umbria,882015,173343,19.65,0.48
206,2021-03-04,UMB,4485,1853,2632,849,184,4,1466,2,0,1563,0,410,7,3657,828,ITI,ITI2,10,Umbria,Umbria,882015,177828,20.16,0.51
207,2021-04-02,UMB,4263,1708,2555,376,318,68,331,3,23,886,2155,35,68,3516,747,ITI,ITI2,10,Umbria,Umbria,882015,182091,20.64,0.48
208,2021-01-26,UMB,816,390,426,815,1,0,0,0,0,0,0,0,0,18,798,ITI,ITI2,10,Umbria,Umbria,882015,182907,20.74,0.09
209,2021-01-20,UMB,613,222,391,583,15,14,1,0,0,0,0,0,0,613,0,ITI,ITI2,10,Umbria,Umbria,882015,183520,20.81,0.07
210,2021-02-12,UMB,671,224,447,459,208,1,2,0,0,1,0,0,0,665,6,ITI,ITI2,10,Umbria,Umbria,882015,184191,20.88,0.08
211,2021-01-31,UMB,1058,276,782,767,10,281,0,0,0,0,0,0,0,25,1033,ITI,ITI2,10,Umbria,Umbria,882015,185249,21.0,0.12
212,2021-03-30,UMB,3948,1705,2243,179,31,108,20,0,0,3075,432,15,88,2416,1532,ITI,ITI2,10,Umbria,Umbria,882015,189197,21.45,0.45
213,2021-05-08,UMB,8095,3728,4367,52,35,8,113,223,2150,636,4844,11,23,4901,3194,ITI,ITI2,10,Umbria,Umbria,882015,197292,22.37,0.92
214,2021-04-13,UMB,7673,3397,4276,218,23,21,19,61,2865,2875,1573,8,10,6004,1669,ITI,ITI2,10,Umbria,Umbria,882015,204965,23.24,0.87
215,2021-01-03,UMB,270,112,158,270,0,0,0,0,0,0,0,0,0,270,0,ITI,ITI2,10,Umbria,Umbria,882015,205235,23.27,0.03
216,2021-01-22,UMB,276,105,171,273,1,2,0,0,0,0,0,0,0,32,244,ITI,ITI2,10,Umbria,Umbria,882015,205511,23.3,0.03
217,2021-04-17,UMB,6664,3058,3606,164,31,23,127,39,1756,1445,3061,11,7,5324,1340,ITI,ITI2,10,Umbria,Umbria,882015,212175,24.06,0.76
218,2021-05-07,UMB,10077,4682,5395,123,45,114,162,388,3270,719,5204,14,38,6878,3199,ITI,ITI2,10,Umbria,Umbria,882015,222252,25.2,1.14
219,2021-03-08,UMB,3668,1799,1869,141,289,46,42,0,1,2855,2,292,0,2305,1363,ITI,ITI2,10,Umbria,Umbria,882015,225920,25.61,0.42
220,2021-05-05,UMB,7153,3274,3879,185,32,22,11,73,1401,1574,3835,11,9,3858,3295,ITI,ITI2,10,Umbria,Umbria,882015,233073,26.43,0.81
221,2021-02-04,UMB,733,226,507,693,20,20,0,0,0,0,0,0,0,25,708,ITI,ITI2,10,Umbria,Umbria,882015,233806,26.51,0.08
222,2021-03-17,UMB,3331,1313,2018,1430,55,131,16,2,0,1684,1,8,4,1859,1472,ITI,ITI2,10,Umbria,Umbria,882015,237137,26.89,0.38
223,2021-04-08,UMB,5831,2465,3366,343,28,287,12,24,1401,2905,810,13,8,4036,1795,ITI,ITI2,10,Umbria,Umbria,882015,242968,27.55,0.66
224,2021-03-31,UMB,3903,1733,2170,178,39,183,23,1,5,2963,425,6,80,2216,1687,ITI,ITI2,10,Umbria,Umbria,882015,246871,27.99,0.44
225,2021-01-23,UMB,280,100,180,279,1,0,0,0,0,0,0,0,0,2,278,ITI,ITI2,10,Umbria,Umbria,882015,247151,28.02,0.03
226,2021-03-02,UMB,3642,1346,2296,318,235,55,1446,0,1,1303,0,284,0,3638,4,ITI,ITI2,10,Umbria,Umbria,882015,250793,28.43,0.41
227,2021-03-22,UMB,3559,1654,1905,163,235,0,147,3,2,2830,0,174,5,2313,1246,ITI,ITI2,10,Umbria,Umbria,882015,254352,28.84,0.4
228,2021-01-28,UMB,1247,394,853,898,4,345,0,0,0,0,0,0,0,19,1228,ITI,ITI2,10,Umbria,Umbria,882015,255599,28.98,0.14
229,2021-01-10,UMB,1070,277,793,745,3,318,0,1,1,1,0,0,1,1070,0,ITI,ITI2,10,Umbria,Umbria,882015,256669,29.1,0.12
230,2021-04-06,UMB,5290,2169,3121,599,56,113,29,16,378,3355,713,5,26,2901,2389,ITI,ITI2,10,Umbria,Umbria,882015,261959,29.7,0.6
231,2021-05-17,UMB,6319,3041,3278,142,10,8,10,316,279,958,4308,258,30,4159,2160,ITI,ITI2,10,Umbria,Umbria,882015,268278,30.42,0.72
232,2021-02-27,UMB,1658,354,1304,14,11,13,1560,0,0,0,0,60,0,1642,16,ITI,ITI2,10,Umbria,Umbria,882015,269936,30.6,0.19
233,2020-12-31,UMB,322,127,195,310,0,0,0,2,0,0,0,0,10,322,0,ITI,ITI2,10,Umbria,Umbria,882015,270258,30.64,0.04
234,2021-02-23,UMB,1693,658,1035,1187,95,17,0,0,0,394,0,0,0,1651,42,ITI,ITI2,10,Umbria,Umbria,882015,271951,30.83,0.19
235,2021-03-03,UMB,4438,1773,2665,721,247,86,1534,0,0,1519,0,329,2,3727,711,ITI,ITI2,10,Umbria,Umbria,882015,276389,31.34,0.5
236,2021-03-21,UMB,665,330,335,31,285,0,64,34,6,0,0,34,211,665,0,ITI,ITI2,10,Umbria,Umbria,882015,277054,31.41,0.08
237,2021-02-18,UMB,1496,582,914,325,14,170,0,0,0,985,1,0,1,1030,466,ITI,ITI2,10,Umbria,Umbria,882015,278550,31.58,0.17
238,2021-01-08,UMB,1190,345,845,942,8,239,0,0,1,0,0,0,0,1190,0,ITI,ITI2,10,Umbria,Umbria,882015,279740,31.72,0.13
239,2021-04-11,UMB,3102,1503,1599,30,1,2,4,23,924,137,1942,39,0,3053,49,ITI,ITI2,10,Umbria,Umbria,882015,282842,32.07,0.35
240,2021-04-05,UMB,4250,1728,2522,764,22,69,26,3,89,2653,615,6,3,2195,2055,ITI,ITI2,10,Umbria,Umbria,882015,287092,32.55,0.48
241,2021-04-25,UMB,4362,1685,2677,12,13,8,1,20,187,3996,124,1,0,4280,82,ITI,ITI2,10,Umbria,Umbria,882015,291454,33.04,0.49
242,2021-04-04,UMB,59,20,39,0,0,0,0,0,22,37,0,0,0,23,36,ITI,ITI2,10,Umbria,Umbria,882015,291513,33.05,0.01
243,2021-04-28,UMB,5333,2312,3021,183,37,15,4,28,1117,2167,1774,6,2,2951,2382,ITI,ITI2,10,Umbria,Umbria,882015,296846,33.66,0.6
244,2021-04-20,UMB,5435,2353,3082,203,18,27,16,37,1324,2525,1278,0,7,3488,1947,ITI,ITI2,10,Umbria,Umbria,882015,302281,34.27,0.62
245,2021-02-25,UMB,1336,497,839,827,96,99,6,1,0,305,0,0,2,1284,52,ITI,ITI2,10,Umbria,Umbria,882015,303617,34.42,0.15
246,2021-03-26,UMB,4570,1682,2888,570,496,91,738,2,4,2488,0,155,26,4398,172,ITI,ITI2,10,Umbria,Umbria,882015,308187,34.94,0.52
247,2021-02-19,UMB,743,293,450,282,12,14,0,0,0,433,2,0,0,526,217,ITI,ITI2,10,Umbria,Umbria,882015,308930,35.03,0.08
248,2021-04-23,UMB,6602,2782,3820,66,36,83,92,52,1138,1015,4097,8,15,3483,3119,ITI,ITI2,10,Umbria,Umbria,882015,315532,35.77,0.75
249,2021-01-29,UMB,1232,348,884,944,16,272,0,0,0,0,0,0,0,79,1153,ITI,ITI2,10,Umbria,Umbria,882015,316764,35.91,0.14
250,2021-02-07,UMB,54,17,37,46,8,0,0,0,0,0,0,0,0,1,53,ITI,ITI2,10,Umbria,Umbria,882015,316818,35.92,0.01
251,2021-03-16,UMB,3538,1454,2084,1634,79,98,11,0,2,1708,1,0,5,1911,1627,ITI,ITI2,10,Umbria,Umbria,882015,320356,36.32,0.4
252,2021-03-12,UMB,2652,1039,1613,113,454,59,1194,2,0,465,2,309,54,2154,498,ITI,ITI2,10,Umbria,Umbria,882015,323008,36.62,0.3
253,2021-04-09,UMB,6788,3160,3628,105,62,66,86,35,1802,709,3890,10,23,6572,216,ITI,ITI2,10,Umbria,Umbria,882015,329796,37.39,0.77
254,2021-01-30,UMB,1590,490,1100,852,18,719,0,0,0,1,0,0,0,44,1546,ITI,ITI2,10,Umbria,Umbria,882015,331386,37.57,0.18
255,2021-03-25,UMB,3904,1699,2205,260,72,80,32,5,9,3272,1,123,50,2840,1064,ITI,ITI2,10,Umbria,Umbria,882015,335290,38.01,0.44
256,2021-01-24,UMB,258,106,152,258,0,0,0,0,0,0,0,0,0,1,257,ITI,ITI2,10,Umbria,Umbria,882015,335548,38.04,0.03
257,2021-05-10,UMB,5939,2769,3170,173,30,18,5,233,1155,1233,3037,37,18,3787,2152,ITI,ITI2,10,Umbria,Umbria,882015,341487,38.72,0.67
258,2021-05-04,UMB,5527,2542,2985,202,22,13,7,29,184,1522,3493,42,13,2408,3119,ITI,ITI2,10,Umbria,Umbria,882015,347014,39.34,0.63
259,2021-05-09,UMB,5762,2757,3005,17,15,0,10,38,540,96,5042,1,3,5371,391,ITI,ITI2,10,Umbria,Umbria,882015,352776,40.0,0.65
260,2020-12-27,UMB,86,45,41,68,2,16,0,0,0,0,0,0,0,86,0,ITI,ITI2,10,Umbria,Umbria,882015,352862,40.01,0.01
261,2021-03-24,UMB,4072,1760,2312,215,165,1,42,3,2,3531,0,111,2,2749,1323,ITI,ITI2,10,Umbria,Umbria,882015,356934,40.47,0.46
262,2021-03-23,UMB,3797,1685,2112,396,237,12,60,5,3,2854,0,175,55,2168,1629,ITI,ITI2,10,Umbria,Umbria,882015,360731,40.9,0.43
263,2021-05-11,UMB,6208,2822,3386,163,14,21,2,273,1535,1289,2876,9,26,4009,2199,ITI,ITI2,10,Umbria,Umbria,882015,366939,41.6,0.7
264,2021-05-01,UMB,5372,2639,2733,50,19,0,62,13,99,228,4876,23,2,2145,3227,ITI,ITI2,10,Umbria,Umbria,882015,372311,42.21,0.61
265,2021-01-21,UMB,610,202,408,428,13,169,0,0,0,0,0,0,0,341,269,ITI,ITI2,10,Umbria,Umbria,882015,372921,42.28,0.07
266,2021-04-16,UMB,8098,3741,4357,166,34,96,180,90,2605,1903,2978,18,28,6261,1837,ITI,ITI2,10,Umbria,Umbria,882015,381019,43.2,0.92
267,2021-04-26,UMB,5362,2322,3040,202,21,0,8,13,1260,2339,1494,5,20,3110,2252,ITI,ITI2,10,Umbria,Umbria,882015,386381,43.81,0.61
268,2021-04-19,UMB,5009,2214,2795,205,44,34,23,48,800,2515,1322,5,13,2960,2049,ITI,ITI2,10,Umbria,Umbria,882015,391390,44.37,0.57
269,2021-02-22,UMB,1859,778,1081,736,89,1,0,1,2,1007,5,0,18,1773,86,ITI,ITI2,10,Umbria,Umbria,882015,393249,44.59,0.21
270,2021-03-19,UMB,1743,565,1178,462,237,74,724,4,0,192,0,27,23,1087,656,ITI,ITI2,10,Umbria,Umbria,882015,394992,44.78,0.2
271,2021-03-28,UMB,1096,442,654,65,15,5,37,5,7,938,0,24,0,1072,24,ITI,ITI2,10,Umbria,Umbria,882015,396088,44.91,0.12
272,2021-05-02,UMB,3787,1868,1919,36,31,0,19,9,40,67,3575,9,1,1333,2454,ITI,ITI2,10,Umbria,Umbria,882015,399875,45.34,0.43
273,2021-01-17,UMB,54,17,37,47,7,0,0,0,0,0,0,0,0,54,0,ITI,ITI2,10,Umbria,Umbria,882015,399929,45.34,0.01
274,2021-05-19,UMB,9332,4173,5159,189,106,59,1498,2328,327,736,3825,238,26,5607,3725,ITI,ITI2,10,Umbria,Umbria,882015,409261,46.4,1.06
275,2021-05-16,UMB,5307,2531,2776,9,11,1,3,19,49,30,5182,1,2,5255,52,ITI,ITI2,10,Umbria,Umbria,882015,414568,47.0,0.6
276,2021-02-11,UMB,842,349,493,735,98,5,3,1,0,0,0,0,0,837,5,ITI,ITI2,10,Umbria,Umbria,882015,415410,47.1,0.1
277,2021-01-12,UMB,838,248,590,677,15,146,0,0,0,0,0,0,0,838,0,ITI,ITI2,10,Umbria,Umbria,882015,416248,47.19,0.1
278,2021-04-29,UMB,5196,2241,2955,204,29,36,8,32,1019,2066,1790,6,6,2870,2326,ITI,ITI2,10,Umbria,Umbria,882015,421444,47.78,0.59
279,2021-03-18,UMB,2942,1164,1778,975,124,350,12,3,5,1463,0,3,7,1704,1238,ITI,ITI2,10,Umbria,Umbria,882015,424386,48.12,0.33
280,2021-04-15,UMB,7623,3481,4142,261,34,55,25,77,2574,2867,1668,44,18,5737,1886,ITI,ITI2,10,Umbria,Umbria,882015,432009,48.98,0.86
281,2021-05-18,UMB,7671,3320,4351,167,130,51,1420,600,389,865,3738,286,25,3838,3833,ITI,ITI2,10,Umbria,Umbria,882015,439680,49.85,0.87
282,2021-01-01,UMB,274,105,169,273,0,0,0,0,0,0,0,0,1,274,0,ITI,ITI2,10,Umbria,Umbria,882015,439954,49.88,0.03
283,2021-05-18,LAZ,44077,20094,23983,704,88,24,3814,10229,6167,1107,5395,1691,14858,34794,9283,ITI,ITI4,12,Lazio,Lazio,5879082,44077,0.75,0.75
284,2021-01-31,LAZ,4458,1853,2605,3572,142,244,0,58,44,154,0,0,244,475,3983,ITI,ITI4,12,Lazio,Lazio,5879082,48535,0.83,0.08
285,2021-01-26,LAZ,7956,3125,4831,6594,219,631,0,86,47,162,0,0,217,724,7232,ITI,ITI4,12,Lazio,Lazio,5879082,56491,0.96,0.14
286,2021-02-13,LAZ,6606,2624,3982,2122,100,280,0,64,70,3721,0,2,247,6194,412,ITI,ITI4,12,Lazio,Lazio,5879082,63097,1.07,0.11
287,2021-03-18,LAZ,14224,6078,8146,1029,94,330,6,378,1037,9673,1286,16,375,7834,6390,ITI,ITI4,12,Lazio,Lazio,5879082,77321,1.32,0.24
288,2021-01-27,LAZ,6114,2387,3727,4797,228,457,0,106,50,150,0,0,326,997,5117,ITI,ITI4,12,Lazio,Lazio,5879082,83435,1.42,0.1
289,2021-04-13,LAZ,25608,11855,13753,753,110,296,57,4931,8125,7829,2932,23,552,17905,7703,ITI,ITI4,12,Lazio,Lazio,5879082,109043,1.85,0.44
290,2021-05-15,LAZ,57268,27344,29924,754,131,91,2728,11168,9789,3587,5177,1549,22294,40755,16513,ITI,ITI4,12,Lazio,Lazio,5879082,166311,2.83,0.97
291,2021-02-10,LAZ,8168,3389,4779,2647,278,634,0,96,80,4057,0,0,376,4850,3318,ITI,ITI4,12,Lazio,Lazio,5879082,174479,2.97,0.14
292,2021-02-25,LAZ,12655,5518,7137,1754,437,489,2612,139,117,5235,1,1427,444,11605,1050,ITI,ITI4,12,Lazio,Lazio,5879082,187134,3.18,0.22
293,2021-05-07,LAZ,48376,22703,25673,1561,144,242,106,11622,12262,5207,6304,1564,9364,30509,17867,ITI,ITI4,12,Lazio,Lazio,5879082,235510,4.01,0.82
294,2021-03-08,LAZ,20060,8311,11749,1579,135,380,4724,936,274,9238,907,1104,783,14787,5273,ITI,ITI4,12,Lazio,Lazio,5879082,255570,4.35,0.34
295,2021-04-08,LAZ,26912,12310,14602,1257,96,187,59,3684,9138,8461,2538,185,1307,19202,7710,ITI,ITI4,12,Lazio,Lazio,5879082,282482,4.8,0.46
296,2021-03-02,LAZ,17582,7627,9955,1556,365,229,3850,485,98,8603,328,1299,769,13472,4110,ITI,ITI4,12,Lazio,Lazio,5879082,300064,5.1,0.3
297,2021-01-10,LAZ,4039,1700,2339,3424,160,252,0,35,27,24,0,0,117,4039,0,ITI,ITI4,12,Lazio,Lazio,5879082,304103,5.17,0.07
298,2021-05-08,LAZ,45142,20593,24549,1245,111,139,69,11250,11029,4977,5205,1363,9754,29798,15344,ITI,ITI4,12,Lazio,Lazio,5879082,349245,5.94,0.77
299,2021-01-20,LAZ,4803,1940,2863,3282,233,427,0,91,59,380,0,0,331,3260,1543,ITI,ITI4,12,Lazio,Lazio,5879082,354048,6.02,0.08
300,2021-05-05,LAZ,46963,21585,25378,1726,165,103,69,11049,12627,4909,5602,953,9760,30995,15968,ITI,ITI4,12,Lazio,Lazio,5879082,401011,6.82,0.8
301,2021-01-24,LAZ,5694,2229,3465,4945,132,134,0,56,107,170,0,0,150,612,5082,ITI,ITI4,12,Lazio,Lazio,5879082,406705,6.92,0.1
302,2021-03-15,LAZ,19275,8330,10945,1602,136,414,2535,710,1679,9759,813,968,659,12536,6739,ITI,ITI4,12,Lazio,Lazio,5879082,425980,7.25,0.33
303,2021-04-07,LAZ,24957,11318,13639,1149,89,190,94,2830,8843,8433,2083,139,1107,17655,7302,ITI,ITI4,12,Lazio,Lazio,5879082,450937,7.67,0.42
304,2021-01-28,LAZ,8277,3164,5113,6811,381,514,0,112,39,150,0,0,270,781,7496,ITI,ITI4,12,Lazio,Lazio,5879082,459214,7.81,0.14
305,2021-01-30,LAZ,7009,2891,4118,5299,283,651,0,114,70,187,0,0,405,807,6202,ITI,ITI4,12,Lazio,Lazio,5879082,466223,7.93,0.12
306,2021-04-20,LAZ,31208,14328,16880,715,143,230,75,7428,10238,8065,3815,35,464,19792,11416,ITI,ITI4,12,Lazio,Lazio,5879082,497431,8.46,0.53
307,2021-04-14,LAZ,29497,13411,16086,761,88,152,88,5117,9760,9121,3860,19,531,19322,10175,ITI,ITI4,12,Lazio,Lazio,5879082,526928,8.96,0.5
308,2021-01-11,LAZ,5529,2104,3425,4555,312,569,0,12,9,14,0,0,58,5529,0,ITI,ITI4,12,Lazio,Lazio,5879082,532457,9.06,0.09
309,2021-05-19,LAZ,46425,21184,25241,844,131,77,3594,10660,6038,1073,5913,1663,16432,36656,9769,ITI,ITI4,12,Lazio,Lazio,5879082,578882,9.85,0.79
310,2021-03-07,LAZ,14536,5607,8929,1055,27,148,3542,317,137,7832,409,701,368,10727,3809,ITI,ITI4,12,Lazio,Lazio,5879082,593418,10.09,0.25
311,2021-01-13,LAZ,5670,2145,3525,4148,273,1009,0,39,12,28,0,0,161,5670,0,ITI,ITI4,12,Lazio,Lazio,5879082,599088,10.19,0.1
312,2021-04-19,LAZ,30367,13807,16560,688,109,157,38,6947,10027,8380,3413,46,562,19581,10786,ITI,ITI4,12,Lazio,Lazio,5879082,629455,10.71,0.52
313,2021-02-22,LAZ,11458,4991,6467,1779,130,476,2232,37,30,5276,1,1399,98,10956,502,ITI,ITI4,12,Lazio,Lazio,5879082,640913,10.9,0.19
314,2021-02-24,LAZ,12047,5205,6842,1800,432,337,2406,75,64,5247,0,1335,351,11053,994,ITI,ITI4,12,Lazio,Lazio,5879082,652960,11.11,0.2
315,2021-04-10,LAZ,23801,10311,13490,678,60,111,87,3956,7288,7866,3224,33,498,16626,7175,ITI,ITI4,12,Lazio,Lazio,5879082,676761,11.51,0.4
316,2021-03-22,LAZ,21694,9063,12631,884,81,245,3878,424,4389,9342,1380,579,492,15033,6661,ITI,ITI4,12,Lazio,Lazio,5879082,698455,11.88,0.37
317,2021-03-16,LAZ,13536,5730,7806,1194,70,280,6,215,849,9688,859,9,366,7094,6442,ITI,ITI4,12,Lazio,Lazio,5879082,711991,12.11,0.23
318,2020-12-30,LAZ,1630,629,1001,1603,0,27,0,0,0,0,0,0,0,1630,0,ITI,ITI4,12,Lazio,Lazio,5879082,713621,12.14,0.03
319,2021-01-17,LAZ,4894,2028,2866,3271,149,200,0,54,81,915,0,0,224,4682,212,ITI,ITI4,12,Lazio,Lazio,5879082,718515,12.22,0.08
320,2021-05-13,LAZ,49620,22221,27399,1083,170,103,2419,11425,11009,4236,6057,1523,11595,31989,17631,ITI,ITI4,12,Lazio,Lazio,5879082,768135,13.07,0.84
321,2021-04-02,LAZ,28530,13368,15162,1177,114,166,197,3352,9058,9406,3367,296,1397,21204,7326,ITI,ITI4,12,Lazio,Lazio,5879082,796665,13.55,0.49
322,2021-03-20,LAZ,18225,6810,11415,910,148,360,3054,398,2120,9118,1480,215,422,12341,5884,ITI,ITI4,12,Lazio,Lazio,5879082,814890,13.86,0.31
323,2021-04-26,LAZ,29398,13550,15848,1012,84,350,58,7445,11326,5659,2744,494,226,20123,9275,ITI,ITI4,12,Lazio,Lazio,5879082,844288,14.36,0.5
324,2021-04-09,LAZ,27409,12328,15081,868,150,163,70,4223,8927,8631,2939,178,1260,19162,8247,ITI,ITI4,12,Lazio,Lazio,5879082,871697,14.83,0.47
325,2020-12-29,LAZ,488,176,312,486,2,0,0,0,0,0,0,0,0,488,0,ITI,ITI4,12,Lazio,Lazio,5879082,872185,14.84,0.01
326,2021-04-28,LAZ,32825,14987,17838,2034,167,68,94,8061,11213,5983,4271,329,605,21281,11544,ITI,ITI4,12,Lazio,Lazio,5879082,905010,15.39,0.56
327,2021-03-28,LAZ,18837,7541,11296,550,21,77,2617,1393,4242,8572,961,140,264,13527,5310,ITI,ITI4,12,Lazio,Lazio,5879082,923847,15.71,0.32
328,2021-01-09,LAZ,6294,2561,3733,5116,240,620,0,61,41,39,0,0,177,6294,0,ITI,ITI4,12,Lazio,Lazio,5879082,930141,15.82,0.11
329,2021-03-19,LAZ,17290,7389,9901,1165,149,389,1052,403,2081,9697,1497,289,568,10963,6327,ITI,ITI4,12,Lazio,Lazio,5879082,947431,16.12,0.29
330,2021-01-05,LAZ,7373,2802,4571,6693,98,577,0,1,1,1,0,1,1,7373,0,ITI,ITI4,12,Lazio,Lazio,5879082,954804,16.24,0.13
331,2020-12-28,LAZ,959,412,547,957,2,0,0,0,0,0,0,0,0,959,0,ITI,ITI4,12,Lazio,Lazio,5879082,955763,16.26,0.02
332,2021-05-01,LAZ,38179,17188,20991,1635,251,44,52,10857,11653,3938,3802,75,5872,26086,12093,ITI,ITI4,12,Lazio,Lazio,5879082,993942,16.91,0.65
333,2021-02-07,LAZ,4942,2023,2919,3252,139,218,1,84,96,912,0,0,240,387,4555,ITI,ITI4,12,Lazio,Lazio,5879082,998884,16.99,0.08
334,2021-02-08,LAZ,9739,4153,5586,3789,430,918,0,134,101,3832,0,0,535,4508,5231,ITI,ITI4,12,Lazio,Lazio,5879082,1008623,17.16,0.17
335,2021-03-29,LAZ,24081,10806,13275,771,94,143,806,1569,7547,9830,2418,372,531,17050,7031,ITI,ITI4,12,Lazio,Lazio,5879082,1032704,17.57,0.41
336,2021-02-27,LAZ,11427,4268,7159,1363,398,516,2721,83,103,4901,12,1128,202,10472,955,ITI,ITI4,12,Lazio,Lazio,5879082,1044131,17.76,0.19
337,2021-01-22,LAZ,4002,1633,2369,3380,76,70,0,54,23,177,0,0,222,487,3515,ITI,ITI4,12,Lazio,Lazio,5879082,1048133,17.83,0.07
338,2021-03-05,LAZ,19423,8194,11229,1899,180,256,4070,1096,197,8966,573,1332,854,14469,4954,ITI,ITI4,12,Lazio,Lazio,5879082,1067556,18.16,0.33
339,2021-04-18,LAZ,23770,10556,13214,449,23,37,27,6154,7911,7114,1865,12,178,16136,7634,ITI,ITI4,12,Lazio,Lazio,5879082,1091326,18.56,0.4
340,2021-05-20,LAZ,49425,23665,25760,1030,126,56,3592,11158,5800,1154,6489,2012,18008,36472,12953,ITI,ITI4,12,Lazio,Lazio,5879082,1140751,19.4,0.84
341,2021-03-21,LAZ,17857,6826,11031,1149,33,111,3448,115,3167,8283,1230,118,203,12807,5050,ITI,ITI4,12,Lazio,Lazio,5879082,1158608,19.71,0.3
342,2021-02-04,LAZ,6299,2478,3821,4458,358,892,0,105,70,123,0,0,293,987,5312,ITI,ITI4,12,Lazio,Lazio,5879082,1164907,19.81,0.11
343,2021-04-06,LAZ,23873,10651,13222,1125,88,94,167,2641,8585,8211,1925,235,802,16773,7100,ITI,ITI4,12,Lazio,Lazio,5879082,1188780,20.22,0.41
344,2021-02-19,LAZ,10312,5198,5114,2239,105,408,33,95,93,5337,0,1646,356,9463,849,ITI,ITI4,12,Lazio,Lazio,5879082,1199092,20.4,0.18
345,2021-04-24,LAZ,33265,14965,18300,703,97,155,93,8607,11046,7268,3931,553,812,20520,12745,ITI,ITI4,12,Lazio,Lazio,5879082,1232357,20.96,0.57
346,2021-02-18,LAZ,10024,4978,5046,2169,111,473,1,168,63,4988,0,1680,371,9215,809,ITI,ITI4,12,Lazio,Lazio,5879082,1242381,21.13,0.17
347,2021-03-10,LAZ,22617,9686,12931,1994,178,452,4713,2242,575,9430,916,1182,935,16760,5857,ITI,ITI4,12,Lazio,Lazio,5879082,1264998,21.52,0.38
348,2021-04-17,LAZ,32299,14174,18125,834,102,220,55,7193,9310,9352,4416,10,807,20354,11945,ITI,ITI4,12,Lazio,Lazio,5879082,1297297,22.07,0.55
349,2021-02-14,LAZ,5773,2370,3403,1647,38,127,0,74,131,3503,0,0,253,5303,470,ITI,ITI4,12,Lazio,Lazio,5879082,1303070,22.16,0.1
350,2021-01-14,LAZ,5455,2135,3320,3890,306,811,0,64,38,109,0,0,237,5455,0,ITI,ITI4,12,Lazio,Lazio,5879082,1308525,22.26,0.09
351,2021-01-02,LAZ,6707,2631,4076,6271,77,358,0,0,0,0,0,0,1,6707,0,ITI,ITI4,12,Lazio,Lazio,5879082,1315232,22.37,0.11
352,2021-03-04,LAZ,19313,8282,11031,2138,217,506,3999,945,162,8650,429,1386,881,14093,5220,ITI,ITI4,12,Lazio,Lazio,5879082,1334545,22.7,0.33
353,2021-05-06,LAZ,48873,22762,26111,1654,164,153,108,11528,12845,5448,6462,1371,9140,31185,17688,ITI,ITI4,12,Lazio,Lazio,5879082,1383418,23.53,0.83
354,2021-04-29,LAZ,38809,17329,21480,3437,448,218,129,9586,11973,6103,5394,316,1205,25382,13427,ITI,ITI4,12,Lazio,Lazio,5879082,1422227,24.19,0.66
355,2021-03-09,LAZ,20869,8938,11931,1902,114,338,4636,1509,334,9105,1061,1234,636,15672,5197,ITI,ITI4,12,Lazio,Lazio,5879082,1443096,24.55,0.35
356,2021-01-04,LAZ,7480,2908,4572,7077,86,316,1,0,0,0,0,0,0,7480,0,ITI,ITI4,12,Lazio,Lazio,5879082,1450576,24.67,0.13
357,2021-02-01,LAZ,5674,2176,3498,4786,193,559,0,17,27,30,1,0,61,354,5320,ITI,ITI4,12,Lazio,Lazio,5879082,1456250,24.77,0.1
358,2021-01-07,LAZ,7744,2901,4843,6899,182,566,0,16,10,9,0,0,62,7744,0,ITI,ITI4,12,Lazio,Lazio,5879082,1463994,24.9,0.13
359,2021-02-20,LAZ,9204,4273,4931,1943,123,298,22,114,116,4857,0,1320,411,8437,767,ITI,ITI4,12,Lazio,Lazio,5879082,1473198,25.06,0.16
360,2021-05-03,LAZ,39296,17775,21521,2259,101,76,48,10549,12592,4128,4085,102,5356,26685,12611,ITI,ITI4,12,Lazio,Lazio,5879082,1512494,25.73,0.67
361,2021-04-05,LAZ,19889,9047,10842,505,36,29,64,1842,8205,7599,1252,20,337,13670,6219,ITI,ITI4,12,Lazio,Lazio,5879082,1532383,26.07,0.34
362,2021-03-11,LAZ,23775,10568,13207,1997,135,440,4456,2786,736,9466,1077,1896,786,17546,6229,ITI,ITI4,12,Lazio,Lazio,5879082,1556158,26.47,0.4
363,2021-04-23,LAZ,38192,18469,19723,825,161,175,91,8240,12211,7854,5745,785,2105,22777,15415,ITI,ITI4,12,Lazio,Lazio,5879082,1594350,27.12,0.65
364,2021-02-06,LAZ,6135,2474,3661,3697,272,946,0,140,160,610,0,0,310,817,5318,ITI,ITI4,12,Lazio,Lazio,5879082,1600485,27.22,0.1
365,2021-01-03,LAZ,5250,1972,3278,5125,50,65,0,1,4,1,0,0,4,5250,0,ITI,ITI4,12,Lazio,Lazio,5879082,1605735,27.31,0.09
366,2021-04-16,LAZ,34666,15836,18830,741,141,335,88,6934,10519,9689,5057,52,1110,22515,12151,ITI,ITI4,12,Lazio,Lazio,5879082,1640401,27.9,0.59
367,2021-02-05,LAZ,7275,2960,4315,5094,380,995,0,120,95,257,0,0,334,1183,6092,ITI,ITI4,12,Lazio,Lazio,5879082,1647676,28.03,0.12
368,2021-03-13,LAZ,21447,8422,13025,1376,120,330,3750,3214,1285,9186,733,859,594,15553,5894,ITI,ITI4,12,Lazio,Lazio,5879082,1669123,28.39,0.36
369,2021-02-03,LAZ,6488,2488,4000,4650,342,1078,0,65,38,86,0,0,229,964,5524,ITI,ITI4,12,Lazio,Lazio,5879082,1675611,28.5,0.11
370,2021-03-24,LAZ,25880,11299,14581,1029,102,107,3624,1746,6516,9666,1822,301,967,19643,6237,ITI,ITI4,12,Lazio,Lazio,5879082,1701491,28.94,0.44
371,2021-03-23,LAZ,23492,10223,13269,1034,101,181,3862,1058,4933,9333,1412,661,917,16916,6576,ITI,ITI4,12,Lazio,Lazio,5879082,1724983,29.34,0.4
372,2021-05-09,LAZ,37763,17368,20395,1086,77,10,17,9853,9315,3372,3923,1070,9040,26362,11401,ITI,ITI4,12,Lazio,Lazio,5879082,1762746,29.98,0.64
373,2021-01-19,LAZ,4768,1954,2814,2969,223,424,0,115,123,463,0,0,451,4314,454,ITI,ITI4,12,Lazio,Lazio,5879082,1767514,30.06,0.08
374,2021-03-30,LAZ,25254,11584,13670,1239,97,249,296,2463,7847,9621,2359,400,683,18107,7147,ITI,ITI4,12,Lazio,Lazio,5879082,1792768,30.49,0.43
375,2021-01-18,LAZ,6264,2555,3709,3925,388,736,0,114,77,520,0,0,504,5286,978,ITI,ITI4,12,Lazio,Lazio,5879082,1799032,30.6,0.11
376,2021-03-25,LAZ,26911,11509,15402,936,95,318,3521,2241,6679,9906,1961,255,999,20312,6599,ITI,ITI4,12,Lazio,Lazio,5879082,1825943,31.06,0.46
377,2021-04-15,LAZ,32204,14472,17732,740,121,333,88,5536,10452,9703,4216,46,969,21290,10914,ITI,ITI4,12,Lazio,Lazio,5879082,1858147,31.61,0.55
378,2021-03-27,LAZ,26195,10482,15713,1322,126,290,3480,2085,5553,9704,2262,205,1168,19726,6469,ITI,ITI4,12,Lazio,Lazio,5879082,1884342,32.05,0.45
379,2021-05-02,LAZ,32612,14327,18285,1627,142,34,30,9435,10353,3059,2730,45,5157,23251,9361,ITI,ITI4,12,Lazio,Lazio,5879082,1916954,32.61,0.55
380,2021-01-29,LAZ,8042,3079,4963,6391,283,776,0,90,47,135,0,0,320,813,7229,ITI,ITI4,12,Lazio,Lazio,5879082,1924996,32.74,0.14
381,2021-02-11,LAZ,6979,2993,3986,2196,180,499,0,80,41,3685,0,0,298,6467,512,ITI,ITI4,12,Lazio,Lazio,5879082,1931975,32.86,0.12
382,2021-05-16,LAZ,50855,24480,26375,287,12,5,2577,10212,8752,2557,3521,1089,21843,37329,13526,ITI,ITI4,12,Lazio,Lazio,5879082,1982830,33.73,0.87
383,2021-02-28,LAZ,10248,4007,6241,1607,264,77,2602,91,45,4678,5,685,194,9734,514,ITI,ITI4,12,Lazio,Lazio,5879082,1993078,33.9,0.17
384,2021-03-26,LAZ,28435,12329,16106,1061,119,332,3357,2011,6736,10286,2653,310,1570,21592,6843,ITI,ITI4,12,Lazio,Lazio,5879082,2021513,34.38,0.48
385,2021-05-17,LAZ,43911,20042,23869,1397,113,127,2621,10424,5958,1029,5360,1102,15780,35473,8438,ITI,ITI4,12,Lazio,Lazio,5879082,2065424,35.13,0.75
386,2021-04-04,LAZ,17463,8036,9427,306,40,11,42,1821,7370,6805,877,17,174,12197,5266,ITI,ITI4,12,Lazio,Lazio,5879082,2082887,35.43,0.3
387,2021-03-12,LAZ,23037,10162,12875,2061,190,401,4054,2412,1172,9645,927,1199,976,16724,6313,ITI,ITI4,12,Lazio,Lazio,5879082,2105924,35.82,0.39
388,2021-01-12,LAZ,5392,1975,3417,4344,344,584,0,21,11,10,0,0,78,5392,0,ITI,ITI4,12,Lazio,Lazio,5879082,2111316,35.91,0.09
389,2021-01-01,LAZ,3554,1382,2172,3483,2,68,0,0,0,0,0,0,1,3554,0,ITI,ITI4,12,Lazio,Lazio,5879082,2114870,35.97,0.06
390,2021-05-12,LAZ,47583,21556,26027,1168,121,103,1761,11348,10799,4259,5375,1339,11310,31014,16569,ITI,ITI4,12,Lazio,Lazio,5879082,2162453,36.78,0.81
391,2021-01-23,LAZ,7210,2867,4343,6064,255,417,0,45,48,182,0,0,199,581,6629,ITI,ITI4,12,Lazio,Lazio,5879082,2169663,36.9,0.12
392,2021-01-16,LAZ,5640,2279,3361,3359,246,1066,0,74,94,549,0,0,252,5640,0,ITI,ITI4,12,Lazio,Lazio,5879082,2175303,37.0,0.1
393,2021-05-14,LAZ,50871,23213,27658,1385,196,270,2685,11271,11117,3943,6486,1609,11909,32638,18233,ITI,ITI4,12,Lazio,Lazio,5879082,2226174,37.87,0.87
394,2021-05-11,LAZ,48116,22067,26049,1300,133,121,1856,11434,11108,3978,5475,1324,11387,31670,16446,ITI,ITI4,12,Lazio,Lazio,5879082,2274290,38.68,0.82
395,2021-02-02,LAZ,5909,2213,3696,4713,368,571,0,57,39,37,0,0,124,637,5272,ITI,ITI4,12,Lazio,Lazio,5879082,2280199,38.78,0.1
396,2021-02-21,LAZ,6986,3178,3808,1244,65,51,16,88,94,4581,0,610,237,6525,461,ITI,ITI4,12,Lazio,Lazio,5879082,2287185,38.9,0.12
397,2021-02-15,LAZ,8026,3540,4486,2444,378,335,0,89,88,4292,0,11,389,7395,631,ITI,ITI4,12,Lazio,Lazio,5879082,2295211,39.04,0.14
398,2021-04-03,LAZ,24681,11093,13588,844,73,111,214,3164,8263,8602,2207,44,1159,17982,6699,ITI,ITI4,12,Lazio,Lazio,5879082,2319892,39.46,0.42
399,2021-01-15,LAZ,6563,2700,3863,4499,424,988,0,97,66,196,0,0,293,6563,0,ITI,ITI4,12,Lazio,Lazio,5879082,2326455,39.57,0.11
400,2021-01-21,LAZ,5592,2340,3252,4781,92,232,0,60,18,178,0,0,231,540,5052,ITI,ITI4,12,Lazio,Lazio,5879082,2332047,39.67,0.1
401,2021-05-21,LAZ,15971,7531,8440,387,40,5,1446,5210,2925,418,3112,1245,1183,10546,5425,ITI,ITI4,12,Lazio,Lazio,5879082,2348018,39.94,0.27
402,2021-04-01,LAZ,28400,13046,15354,1141,114,284,256,3043,9003,9725,3305,371,1158,21260,7140,ITI,ITI4,12,Lazio,Lazio,5879082,2376418,40.42,0.48
403,2021-05-04,LAZ,39903,18360,21543,2232,170,103,57,10264,12405,4036,4466,556,5614,26379,13524,ITI,ITI4,12,Lazio,Lazio,5879082,2416321,41.1,0.68
404,2020-12-27,LAZ,273,131,142,273,0,0,0,0,0,0,0,0,0,273,0,ITI,ITI4,12,Lazio,Lazio,5879082,2416594,41.1,0.0
405,2021-02-17,LAZ,9420,4694,4726,2353,249,499,1,123,62,4444,0,1349,340,8526,894,ITI,ITI4,12,Lazio,Lazio,5879082,2426014,41.27,0.16
406,2021-02-12,LAZ,6843,2845,3998,1996,183,302,0,85,44,3844,0,1,388,6432,411,ITI,ITI4,12,Lazio,Lazio,5879082,2432857,41.38,0.12
407,2021-04-21,LAZ,33171,15068,18103,724,122,135,72,7688,10855,8308,4570,50,647,20679,12492,ITI,ITI4,12,Lazio,Lazio,5879082,2466028,41.95,0.56
408,2021-01-25,LAZ,8111,3246,4865,7006,218,363,0,66,73,143,0,0,242,771,7340,ITI,ITI4,12,Lazio,Lazio,5879082,2474139,42.08,0.14
409,2021-03-06,LAZ,18725,7219,11506,1572,118,327,3783,2239,151,8398,584,934,619,14242,4483,ITI,ITI4,12,Lazio,Lazio,5879082,2492864,42.4,0.32
410,2021-03-17,LAZ,13787,5897,7890,1046,100,255,14,292,938,9697,967,7,471,7532,6255,ITI,ITI4,12,Lazio,Lazio,5879082,2506651,42.64,0.23
411,2021-05-10,LAZ,44108,20104,24004,1139,125,130,31,10646,11294,4246,5143,753,10601,30739,13369,ITI,ITI4,12,Lazio,Lazio,5879082,2550759,43.39,0.75
412,2021-02-26,LAZ,13080,5701,7379,1916,537,352,2749,118,96,5269,4,1388,651,11718,1362,ITI,ITI4,12,Lazio,Lazio,5879082,2563839,43.61,0.22
413,2021-04-30,LAZ,41367,18337,23030,4586,583,80,204,9439,11997,6208,6418,343,1509,27136,14231,ITI,ITI4,12,Lazio,Lazio,5879082,2605206,44.31,0.7
414,2021-04-11,LAZ,19115,8431,10684,392,30,50,31,3821,6136,6540,2004,14,97,13234,5881,ITI,ITI4,12,Lazio,Lazio,5879082,2624321,44.64,0.33
415,2021-04-12,LAZ,23686,10641,13045,655,77,101,72,4155,7674,7747,2648,108,449,16789,6897,ITI,ITI4,12,Lazio,Lazio,5879082,2648007,45.04,0.4
416,2021-03-01,LAZ,17649,7552,10097,1385,526,385,3685,401,148,8555,391,1428,745,13586,4063,ITI,ITI4,12,Lazio,Lazio,5879082,2665656,45.34,0.3
417,2021-02-16,LAZ,8355,4033,4322,2065,124,205,1,137,94,4267,0,957,505,7750,605,ITI,ITI4,12,Lazio,Lazio,5879082,2674011,45.48,0.14
418,2021-03-14,LAZ,17084,6607,10477,1162,96,81,3465,454,1103,8437,543,567,1176,11930,5154,ITI,ITI4,12,Lazio,Lazio,5879082,2691095,45.77,0.29
419,2021-01-08,LAZ,7726,2894,4832,6519,196,798,0,36,32,32,0,0,113,7726,0,ITI,ITI4,12,Lazio,Lazio,5879082,2698821,45.91,0.13
420,2021-01-06,LAZ,5121,1961,3160,4621,154,320,1,1,4,8,5,1,6,5121,0,ITI,ITI4,12,Lazio,Lazio,5879082,2703942,45.99,0.09
421,2021-04-25,LAZ,24468,11196,13272,794,23,10,21,7123,9689,5258,1130,152,268,16658,7810,ITI,ITI4,12,Lazio,Lazio,5879082,2728410,46.41,0.42
422,2021-03-03,LAZ,18030,7693,10337,1688,217,380,4033,713,119,8557,269,1352,702,13558,4472,ITI,ITI4,12,Lazio,Lazio,5879082,2746440,46.72,0.31
423,2021-04-27,LAZ,30573,13789,16784,1480,163,44,79,7617,11142,5873,3355,385,435,19738,10835,ITI,ITI4,12,Lazio,Lazio,5879082,2777013,47.24,0.52
424,2021-02-09,LAZ,8797,3768,5029,3258,246,548,0,115,124,4068,0,0,438,4580,4217,ITI,ITI4,12,Lazio,Lazio,5879082,2785810,47.39,0.15
425,2020-12-31,LAZ,5292,2121,3171,4988,20,279,0,1,0,0,0,0,4,5292,0,ITI,ITI4,12,Lazio,Lazio,5879082,2791102,47.48,0.09
426,2021-04-22,LAZ,39140,19435,19705,932,119,296,83,8038,11808,8345,5226,550,3743,24426,14714,ITI,ITI4,12,Lazio,Lazio,5879082,2830242,48.14,0.67
427,2021-02-23,LAZ,11087,4781,6306,1899,119,306,1912,68,61,5226,0,1017,479,10326,761,ITI,ITI4,12,Lazio,Lazio,5879082,2841329,48.33,0.19
428,2021-03-31,LAZ,26236,12104,14132,1059,97,135,257,2543,8173,9639,2861,395,1077,19144,7092,ITI,ITI4,12,Lazio,Lazio,5879082,2867565,48.78,0.45
429,2021-05-03,PAB,1829,846,983,21,8,0,1,313,1166,72,231,4,13,417,1412,ITH,ITH1,4,Provincia Autonoma Bolzano / Bozen,P.A. Bolzano,533050,1829,0.34,0.34
430,2021-01-07,PAB,917,327,590,617,107,0,0,25,16,61,0,0,91,917,0,ITH,ITH1,4,Provincia Autonoma Bolzano / Bozen,P.A. Bolzano,533050,2746,0.52,0.17
431,2021-04-23,PAB,4540,2149,2391,230,109,22,16,1791,718,489,1114,28,23,3249,1291,ITH,ITH1,4,Provincia Autonoma Bolzano / Bozen,P.A. Bolzano,533050,7286,1.37,0.85
432,2021-01-04,PAB,508,201,307,420,49,4,0,6,6,0,0,0,23,508,0,ITH,ITH1,4,Provincia Autonoma Bolzano / Bozen,P.A. Bolzano,533050,7794,1.46,0.1
433,2021-02-20,PAB,1802,540,1262,196,55,24,1009,5,6,477,0,1,29,1784,18,ITH,ITH1,4,Provincia Autonoma Bolzano / Bozen,P.A. Bolzano,533050,9596,1.8,0.34
434,2021-03-11,PAB,1681,823,858,89,309,79,335,3,14,371,87,379,15,1143,538,ITH,ITH1,4,Provincia Autonoma Bolzano / Bozen,P.A. Bolzano,533050,11277,2.12,0.32
435,2021-02-01,PAB,1451,440,1011,774,314,295,1,6,0,2,1,1,57,12,1439,ITH,ITH1,4,Provincia Autonoma Bolzano / Bozen,P.A. Bolzano,533050,12728,2.39,0.27
436,2021-04-05,PAB,301,144,157,4,3,0,1,6,16,62,201,7,1,23,278,ITH,ITH1,4,Provincia Autonoma Bolzano / Bozen,P.A. Bolzano,533050,13029,2.44,0.06
437,2021-05-02,PAB,2457,1288,1169,81,22,3,60,212,227,49,1501,278,24,1536,921,ITH,ITH1,4,Provincia Autonoma Bolzano / Bozen,P.A. Bolzano,533050,15486,2.91,0.46
438,2021-02-05,PAB,3195,1181,2014,762,505,440,0,21,12,1381,0,0,74,8,3187,ITH,ITH1,4,Provincia Autonoma Bolzano / Bozen,P.A. Bolzano,533050,18681,3.5,0.6
439,2021-04-10,PAB,5390,2664,2726,146,54,3,22,183,3270,552,942,200,18,4802,588,ITH,ITH1,4,Provincia Autonoma Bolzano / Bozen,P.A. Bolzano,533050,24071,4.52,1.01
440,2021-02-26,PAB,1525,550,975,62,32,2,333,4,1,1051,2,0,38,1495,30,ITH,ITH1,4,Provincia Autonoma Bolzano / Bozen,P.A. Bolzano,533050,25596,4.8,0.29
441,2021-03-06,PAB,3969,2079,1890,479,164,7,382,10,19,1981,48,859,20,3758,211,ITH,ITH1,4,Provincia Autonoma Bolzano / Bozen,P.A. Bolzano,533050,29565,5.55,0.74
442,2021-02-06,PAB,2626,1171,1455,452,43,6,1,28,76,1932,0,0,88,19,2607,ITH,ITH1,4,Provincia Autonoma Bolzano / Bozen,P.A. Bolzano,533050,32191,6.04,0.49
443,2021-04-30,PAB,3337,1592,1745,182,97,44,16,648,617,142,1367,44,180,1561,1776,ITH,ITH1,4,Provincia Autonoma Bolzano / Bozen,P.A. Bolzano,533050,35528,6.67,0.63
444,2021-01-22,PAB,248,143,105,136,8,84,1,4,0,3,1,0,11,124,124,ITH,ITH1,4,Provincia Autonoma Bolzano / Bozen,P.A. Bolzano,533050,35776,6.71,0.05
445,2021-02-03,PAB,1503,478,1025,666,341,321,0,12,5,72,1,0,85,5,1498,ITH,ITH1,4,Provincia Autonoma Bolzano / Bozen,P.A. Bolzano,533050,37279,6.99,0.28
446,2021-04-17,PAB,5231,2598,2633,69,12,36,76,2792,1237,99,735,160,15,5187,44,ITH,ITH1,4,Provincia Autonoma Bolzano / Bozen,P.A. Bolzano,533050,42510,7.97,0.98
447,2021-04-16,PAB,2949,1418,1531,194,36,5,38,1422,616,115,419,98,6,2438,511,ITH,ITH1,4,Provincia Autonoma Bolzano / Bozen,P.A. Bolzano,533050,45459,8.53,0.55
448,2021-03-13,PAB,2885,1459,1426,168,59,1,20,11,879,1295,58,381,13,2784,101,ITH,ITH1,4,Provincia Autonoma Bolzano / Bozen,P.A. Bolzano,533050,48344,9.07,0.54
449,2021-01-19,PAB,853,371,482,174,55,0,0,7,6,578,3,0,30,723,130,ITH,ITH1,4,Provincia Autonoma Bolzano / Bozen,P.A. Bolzano,533050,49197,9.23,0.16
450,2021-02-16,PAB,530,205,325,10,1,0,0,0,0,518,1,0,0,530,0,ITH,ITH1,4,Provincia Autonoma Bolzano / Bozen,P.A. Bolzano,533050,49727,9.33,0.1
451,2021-01-06,PAB,59,18,41,57,2,0,0,0,0,0,0,0,0,59,0,ITH,ITH1,4,Provincia Autonoma Bolzano / Bozen,P.A. Bolzano,533050,49786,9.34,0.01
452,2021-03-10,PAB,1261,524,737,660,102,0,118,4,9,134,10,133,91,1118,143,ITH,ITH1,4,Provincia Autonoma Bolzano / Bozen,P.A. Bolzano,533050,51047,9.58,0.24
453,2021-04-03,PAB,831,364,467,9,6,0,0,1,12,799,0,4,0,22,809,ITH,ITH1,4,Provincia Autonoma Bolzano / Bozen,P.A. Bolzano,533050,51878,9.73,0.16
454,2021-04-22,PAB,2923,1500,1423,67,29,16,87,728,614,165,845,350,22,1981,942,ITH,ITH1,4,Provincia Autonoma Bolzano / Bozen,P.A. Bolzano,533050,54801,10.28,0.55
455,2021-03-01,PAB,922,221,701,18,2,5,739,19,0,0,0,0,139,921,1,ITH,ITH1,4,Provincia Autonoma Bolzano / Bozen,P.A. Bolzano,533050,55723,10.45,0.17
456,2021-05-17,PAB,3109,1499,1610,35,25,2,620,291,100,19,459,31,1527,2425,684,ITH,ITH1,4,Provincia Autonoma Bolzano / Bozen,P.A. Bolzano,533050,58832,11.04,0.58
457,2021-02-14,PAB,297,130,167,0,0,0,0,0,1,296,0,0,0,297,0,ITH,ITH1,4,Provincia Autonoma Bolzano / Bozen,P.A. Bolzano,533050,59129,11.09,0.06
458,2021-05-14,PAB,5086,2289,2797,91,28,4,1074,597,157,47,740,47,2301,3071,2015,ITH,ITH1,4,Provincia Autonoma Bolzano / Bozen,P.A. Bolzano,533050,64215,12.05,0.95
459,2021-01-02,PAB,91,48,43,69,1,0,0,5,1,0,0,0,15,91,0,ITH,ITH1,4,Provincia Autonoma Bolzano / Bozen,P.A. Bolzano,533050,64306,12.06,0.02
460,2021-04-09,PAB,2926,1292,1634,336,113,102,14,47,634,280,1363,13,24,2196,730,ITH,ITH1,4,Provincia Autonoma Bolzano / Bozen,P.A. Bolzano,533050,67232,12.61,0.55
461,2020-12-30,PAB,388,182,206,343,41,0,0,0,0,0,0,0,4,388,0,ITH,ITH1,4,Provincia Autonoma Bolzano / Bozen,P.A. Bolzano,533050,67620,12.69,0.07
462,2021-01-11,PAB,1569,513,1056,586,284,175,0,54,41,161,1,0,267,1569,0,ITH,ITH1,4,Provincia Autonoma Bolzano / Bozen,P.A. Bolzano,533050,69189,12.98,0.29
463,2021-02-08,PAB,2,1,1,0,0,0,0,0,0,1,0,0,1,1,1,ITH,ITH1,4,Provincia Autonoma Bolzano / Bozen,P.A. Bolzano,533050,69191,12.98,0.0
464,2021-02-02,PAB,1745,506,1239,630,370,605,0,9,10,11,0,0,110,8,1737,ITH,ITH1,4,Provincia Autonoma Bolzano / Bozen,P.A. Bolzano,533050,70936,13.31,0.33
465,2021-01-14,PAB,1946,575,1371,521,441,313,0,63,43,329,0,0,236,1946,0,ITH,ITH1,4,Provincia Autonoma Bolzano / Bozen,P.A. Bolzano,533050,72882,13.67,0.37
466,2021-01-15,PAB,3282,1228,2054,608,307,342,0,81,29,1447,0,0,468,3282,0,ITH,ITH1,4,Provincia Autonoma Bolzano / Bozen,P.A. Bolzano,533050,76164,14.29,0.62
467,2021-01-09,PAB,612,326,286,76,28,75,0,66,19,13,0,0,335,612,0,ITH,ITH1,4,Provincia Autonoma Bolzano / Bozen,P.A. Bolzano,533050,76776,14.4,0.11
468,2021-03-19,PAB,1906,773,1133,158,59,15,14,11,138,1182,310,1,18,799,1107,ITH,ITH1,4,Provincia Autonoma Bolzano / Bozen,P.A. Bolzano,533050,78682,14.76,0.36
469,2021-03-29,PAB,1170,499,671,14,2,0,13,1,184,842,85,26,3,411,759,ITH,ITH1,4,Provincia Autonoma Bolzano / Bozen,P.A. Bolzano,533050,79852,14.98,0.22
470,2021-03-15,PAB,1192,451,741,294,97,13,4,15,533,93,66,4,73,710,482,ITH,ITH1,4,Provincia Autonoma Bolzano / Bozen,P.A. Bolzano,533050,81044,15.2,0.22
471,2021-04-24,PAB,5101,2448,2653,294,197,2,7,2727,762,184,859,54,15,4617,484,ITH,ITH1,4,Provincia Autonoma Bolzano / Bozen,P.A. Bolzano,533050,86145,16.16,0.96
472,2021-03-05,PAB,1839,625,1214,337,98,59,240,8,2,896,125,9,65,1397,442,ITH,ITH1,4,Provincia Autonoma Bolzano / Bozen,P.A. Bolzano,533050,87984,16.51,0.34
473,2021-05-06,PAB,5181,2747,2434,190,75,16,197,984,672,148,1929,642,328,2612,2569,ITH,ITH1,4,Provincia Autonoma Bolzano / Bozen,P.A. Bolzano,533050,93165,17.48,0.97
474,2021-04-18,PAB,3110,1607,1503,28,14,2,27,1916,524,134,188,273,4,2100,1010,ITH,ITH1,4,Provincia Autonoma Bolzano / Bozen,P.A. Bolzano,533050,96275,18.06,0.58
475,2021-05-20,PAB,4595,2241,2354,28,12,6,1010,279,97,61,284,24,2794,3191,1404,ITH,ITH1,4,Provincia Autonoma Bolzano / Bozen,P.A. Bolzano,533050,100870,18.92,0.86
476,2021-03-21,PAB,768,285,483,165,17,1,3,3,9,568,0,0,2,14,754,ITH,ITH1,4,Provincia Autonoma Bolzano / Bozen,P.A. Bolzano,533050,101638,19.07,0.14
477,2021-01-13,PAB,1691,557,1134,446,310,270,0,66,30,175,0,0,394,1691,0,ITH,ITH1,4,Provincia Autonoma Bolzano / Bozen,P.A. Bolzano,533050,103329,19.38,0.32
478,2021-03-30,PAB,1298,532,766,51,7,153,27,0,121,924,1,11,3,218,1080,ITH,ITH1,4,Provincia Autonoma Bolzano / Bozen,P.A. Bolzano,533050,104627,19.63,0.24
479,2021-01-18,PAB,1772,687,1085,391,102,8,0,32,56,1019,0,0,164,1767,5,ITH,ITH1,4,Provincia Autonoma Bolzano / Bozen,P.A. Bolzano,533050,106399,19.96,0.33
480,2021-03-27,PAB,3047,1552,1495,320,36,0,46,31,484,1441,358,305,26,1541,1506,ITH,ITH1,4,Provincia Autonoma Bolzano / Bozen,P.A. Bolzano,533050,109446,20.53,0.57
481,2021-04-14,PAB,3593,1645,1948,419,140,20,30,1096,829,124,844,80,11,3501,92,ITH,ITH1,4,Provincia Autonoma Bolzano / Bozen,P.A. Bolzano,533050,113039,21.21,0.67
482,2021-03-07,PAB,114,13,101,59,50,0,1,0,0,3,0,0,1,9,105,ITH,ITH1,4,Provincia Autonoma Bolzano / Bozen,P.A. Bolzano,533050,113153,21.23,0.02
483,2021-04-02,PAB,2077,837,1240,189,66,60,17,5,253,935,532,11,9,720,1357,ITH,ITH1,4,Provincia Autonoma Bolzano / Bozen,P.A. Bolzano,533050,115230,21.62,0.39
484,2021-05-15,PAB,6993,3681,3312,36,60,0,263,473,135,39,744,81,5162,6698,295,ITH,ITH1,4,Provincia Autonoma Bolzano / Bozen,P.A. Bolzano,533050,122223,22.93,1.31
485,2021-03-20,PAB,1757,848,909,115,48,9,1,7,265,967,238,99,8,1132,625,ITH,ITH1,4,Provincia Autonoma Bolzano / Bozen,P.A. Bolzano,533050,123980,23.26,0.33
486,2021-04-26,PAB,1541,771,770,24,36,0,56,919,285,31,101,85,4,1536,5,ITH,ITH1,4,Provincia Autonoma Bolzano / Bozen,P.A. Bolzano,533050,125521,23.55,0.29
487,2021-02-22,PAB,526,143,383,342,68,0,10,15,4,5,0,1,81,514,12,ITH,ITH1,4,Provincia Autonoma Bolzano / Bozen,P.A. Bolzano,533050,126047,23.65,0.1
488,2021-02-13,PAB,318,79,239,126,57,7,0,0,0,126,0,0,2,312,6,ITH,ITH1,4,Provincia Autonoma Bolzano / Bozen,P.A. Bolzano,533050,126365,23.71,0.06
489,2021-03-09,PAB,1194,543,651,29,81,22,47,0,1,930,0,80,4,1192,2,ITH,ITH1,4,Provincia Autonoma Bolzano / Bozen,P.A. Bolzano,533050,127559,23.93,0.22
490,2021-05-08,PAB,4416,2379,2037,63,11,2,8,343,137,41,1046,40,2725,3758,658,ITH,ITH1,4,Provincia Autonoma Bolzano / Bozen,P.A. Bolzano,533050,131975,24.76,0.83
491,2021-01-27,PAB,84,28,56,54,26,0,0,1,0,0,0,0,3,1,83,ITH,ITH1,4,Provincia Autonoma Bolzano / Bozen,P.A. Bolzano,533050,132059,24.77,0.02
492,2021-04-12,PAB,2105,946,1159,33,11,1,2,159,1654,93,143,3,6,2098,7,ITH,ITH1,4,Provincia Autonoma Bolzano / Bozen,P.A. Bolzano,533050,134164,25.17,0.39
493,2021-02-12,PAB,730,217,513,322,71,106,0,10,6,141,0,2,72,482,248,ITH,ITH1,4,Provincia Autonoma Bolzano / Bozen,P.A. Bolzano,533050,134894,25.31,0.14
494,2021-05-13,PAB,2980,1347,1633,42,24,47,384,607,363,67,523,21,902,1050,1930,ITH,ITH1,4,Provincia Autonoma Bolzano / Bozen,P.A. Bolzano,533050,137874,25.87,0.56
495,2021-03-04,PAB,1710,1001,709,307,80,39,262,12,5,171,75,710,49,1481,229,ITH,ITH1,4,Provincia Autonoma Bolzano / Bozen,P.A. Bolzano,533050,139584,26.19,0.32
496,2021-02-24,PAB,1367,406,961,10,3,0,1346,0,0,0,0,8,0,1355,12,ITH,ITH1,4,Provincia Autonoma Bolzano / Bozen,P.A. Bolzano,533050,140951,26.44,0.26
497,2021-01-10,PAB,2,2,0,1,0,0,0,0,0,0,0,0,1,2,0,ITH,ITH1,4,Provincia Autonoma Bolzano / Bozen,P.A. Bolzano,533050,140953,26.44,0.0
498,2021-03-31,PAB,1831,693,1138,419,304,22,16,15,160,430,426,20,19,820,1011,ITH,ITH1,4,Provincia Autonoma Bolzano / Bozen,P.A. Bolzano,533050,142784,26.79,0.34
499,2021-04-08,PAB,2754,1336,1418,47,34,121,2,17,2011,83,310,91,38,2551,203,ITH,ITH1,4,Provincia Autonoma Bolzano / Bozen,P.A. Bolzano,533050,145538,27.3,0.52
500,2021-01-20,PAB,617,252,365,287,51,0,0,6,3,257,0,0,13,409,208,ITH,ITH1,4,Provincia Autonoma Bolzano / Bozen,P.A. Bolzano,533050,146155,27.42,0.12
501,2021-05-07,PAB,4180,2055,2125,221,50,16,42,710,299,61,1466,135,1180,3662,518,ITH,ITH1,4,Provincia Autonoma Bolzano / Bozen,P.A. Bolzano,533050,150335,28.2,0.78
502,2021-03-08,PAB,1200,526,674,23,10,166,3,30,47,755,147,0,19,1173,27,ITH,ITH1,4,Provincia Autonoma Bolzano / Bozen,P.A. Bolzano,533050,151535,28.43,0.23
503,2021-03-02,PAB,695,200,495,11,1,0,676,0,0,0,0,7,0,693,2,ITH,ITH1,4,Provincia Autonoma Bolzano / Bozen,P.A. Bolzano,533050,152230,28.56,0.13
504,2021-01-23,PAB,197,117,80,191,0,0,0,2,0,0,0,0,4,0,197,ITH,ITH1,4,Provincia Autonoma Bolzano / Bozen,P.A. Bolzano,533050,152427,28.6,0.04
505,2021-04-06,PAB,2249,1117,1132,131,46,130,3,10,988,91,818,16,16,2146,103,ITH,ITH1,4,Provincia Autonoma Bolzano / Bozen,P.A. Bolzano,533050,154676,29.02,0.42
506,2021-01-17,PAB,2328,1044,1284,56,38,37,0,57,46,1989,0,0,105,2317,11,ITH,ITH1,4,Provincia Autonoma Bolzano / Bozen,P.A. Bolzano,533050,157004,29.45,0.44
507,2021-01-28,PAB,871,308,563,585,187,69,0,8,0,0,0,3,19,10,861,ITH,ITH1,4,Provincia Autonoma Bolzano / Bozen,P.A. Bolzano,533050,157875,29.62,0.16
508,2021-03-22,PAB,1133,514,619,2,0,0,0,6,900,192,13,15,5,1129,4,ITH,ITH1,4,Provincia Autonoma Bolzano / Bozen,P.A. Bolzano,533050,159008,29.83,0.21
509,2021-04-11,PAB,2720,1291,1429,46,17,3,63,350,1672,84,222,258,5,2543,177,ITH,ITH1,4,Provincia Autonoma Bolzano / Bozen,P.A. Bolzano,533050,161728,30.34,0.51
510,2021-05-05,PAB,4153,1945,2208,275,126,39,73,929,549,156,1731,138,137,2038,2115,ITH,ITH1,4,Provincia Autonoma Bolzano / Bozen,P.A. Bolzano,533050,165881,31.12,0.78
511,2021-01-25,PAB,487,183,304,401,68,0,1,4,0,1,0,2,10,3,484,ITH,ITH1,4,Provincia Autonoma Bolzano / Bozen,P.A. Bolzano,533050,166368,31.21,0.09
512,2021-04-07,PAB,1777,802,975,128,81,57,2,6,908,459,26,100,10,1238,539,ITH,ITH1,4,Provincia Autonoma Bolzano / Bozen,P.A. Bolzano,533050,168145,31.54,0.33
513,2021-02-09,PAB,317,126,191,64,17,2,2,1,0,228,0,0,3,1,316,ITH,ITH1,4,Provincia Autonoma Bolzano / Bozen,P.A. Bolzano,533050,168462,31.6,0.06
514,2021-02-04,PAB,1958,593,1365,650,507,458,0,23,26,233,0,0,61,8,1950,ITH,ITH1,4,Provincia Autonoma Bolzano / Bozen,P.A. Bolzano,533050,170420,31.97,0.37
515,2021-02-27,PAB,2457,759,1698,202,87,8,1233,8,13,885,0,3,18,2447,10,ITH,ITH1,4,Provincia Autonoma Bolzano / Bozen,P.A. Bolzano,533050,172877,32.43,0.46
516,2021-03-17,PAB,581,213,368,12,6,46,0,0,16,491,0,0,10,580,1,ITH,ITH1,4,Provincia Autonoma Bolzano / Bozen,P.A. Bolzano,533050,173458,32.54,0.11
517,2021-04-25,PAB,3069,1496,1573,53,24,0,24,1445,736,156,442,180,9,2398,671,ITH,ITH1,4,Provincia Autonoma Bolzano / Bozen,P.A. Bolzano,533050,176527,33.12,0.58
518,2021-03-03,PAB,1178,393,785,24,5,6,738,3,0,349,0,51,2,1165,13,ITH,ITH1,4,Provincia Autonoma Bolzano / Bozen,P.A. Bolzano,533050,177705,33.34,0.22
519,2021-01-08,PAB,1521,479,1042,790,170,168,0,51,29,104,0,0,209,1521,0,ITH,ITH1,4,Provincia Autonoma Bolzano / Bozen,P.A. Bolzano,533050,179226,33.62,0.29
520,2021-02-18,PAB,1839,457,1382,76,78,21,1290,3,2,353,4,0,12,1832,7,ITH,ITH1,4,Provincia Autonoma Bolzano / Bozen,P.A. Bolzano,533050,181065,33.97,0.34
521,2021-02-19,PAB,2252,512,1740,123,143,84,1784,3,3,86,6,0,20,2241,11,ITH,ITH1,4,Provincia Autonoma Bolzano / Bozen,P.A. Bolzano,533050,183317,34.39,0.42
522,2021-02-25,PAB,1498,549,949,22,5,0,405,2,1,1041,0,0,22,1497,1,ITH,ITH1,4,Provincia Autonoma Bolzano / Bozen,P.A. Bolzano,533050,184815,34.67,0.28
523,2020-12-31,PAB,912,518,394,478,61,0,0,47,9,1,0,0,316,912,0,ITH,ITH1,4,Provincia Autonoma Bolzano / Bozen,P.A. Bolzano,533050,185727,34.84,0.17
524,2021-01-26,PAB,810,291,519,673,129,0,0,3,1,0,0,0,4,1,809,ITH,ITH1,4,Provincia Autonoma Bolzano / Bozen,P.A. Bolzano,533050,186537,34.99,0.15
525,2021-01-03,PAB,41,16,25,33,5,0,0,0,0,1,0,0,2,41,0,ITH,ITH1,4,Provincia Autonoma Bolzano / Bozen,P.A. Bolzano,533050,186578,35.0,0.01
526,2021-03-26,PAB,1644,721,923,30,16,68,1,8,132,917,424,0,48,511,1133,ITH,ITH1,4,Provincia Autonoma Bolzano / Bozen,P.A. Bolzano,533050,188222,35.31,0.31
527,2021-04-01,PAB,2786,1407,1379,238,104,44,65,22,512,607,731,446,17,2642,144,ITH,ITH1,4,Provincia Autonoma Bolzano / Bozen,P.A. Bolzano,533050,191008,35.83,0.52
528,2021-03-16,PAB,1290,532,758,26,31,48,0,4,14,1160,4,2,1,124,1166,ITH,ITH1,4,Provincia Autonoma Bolzano / Bozen,P.A. Bolzano,533050,192298,36.08,0.24
529,2021-04-13,PAB,2391,1130,1261,23,4,1,6,1246,932,30,93,55,1,2384,7,ITH,ITH1,4,Provincia Autonoma Bolzano / Bozen,P.A. Bolzano,533050,194689,36.52,0.45
530,2021-01-16,PAB,2840,1265,1575,435,93,77,1,54,98,1976,0,0,106,2840,0,ITH,ITH1,4,Provincia Autonoma Bolzano / Bozen,P.A. Bolzano,533050,197529,37.06,0.53
531,2021-04-28,PAB,2458,1300,1158,78,56,10,59,1155,465,76,470,74,15,2455,3,ITH,ITH1,4,Provincia Autonoma Bolzano / Bozen,P.A. Bolzano,533050,199987,37.52,0.46
532,2021-02-07,PAB,2361,1057,1304,102,75,68,0,51,44,1951,0,0,70,14,2347,ITH,ITH1,4,Provincia Autonoma Bolzano / Bozen,P.A. Bolzano,533050,202348,37.96,0.44
533,2021-05-04,PAB,3447,1843,1604,48,38,11,78,499,388,77,2060,176,72,2410,1037,ITH,ITH1,4,Provincia Autonoma Bolzano / Bozen,P.A. Bolzano,533050,205795,38.61,0.65
534,2021-05-01,PAB,2104,1067,1037,121,30,0,90,773,308,62,480,217,23,1944,160,ITH,ITH1,4,Provincia Autonoma Bolzano / Bozen,P.A. Bolzano,533050,207899,39.0,0.39
535,2021-01-21,PAB,952,442,510,750,88,68,0,1,0,28,0,5,12,139,813,ITH,ITH1,4,Provincia Autonoma Bolzano / Bozen,P.A. Bolzano,533050,208851,39.18,0.18
536,2021-03-25,PAB,2141,1059,1082,230,72,27,47,24,843,305,298,268,27,1698,443,ITH,ITH1,4,Provincia Autonoma Bolzano / Bozen,P.A. Bolzano,533050,210992,39.58,0.4
537,2020-12-27,PAB,144,65,79,139,2,0,0,0,0,1,0,0,2,144,0,ITH,ITH1,4,Provincia Autonoma Bolzano / Bozen,P.A. Bolzano,533050,211136,39.61,0.03
538,2021-05-21,PAB,1483,627,856,14,14,14,581,130,41,7,75,12,595,731,752,ITH,ITH1,4,Provincia Autonoma Bolzano / Bozen,P.A. Bolzano,533050,212619,39.89,0.28
539,2021-03-24,PAB,2040,977,1063,13,16,7,29,6,1361,248,278,61,21,2027,13,ITH,ITH1,4,Provincia Autonoma Bolzano / Bozen,P.A. Bolzano,533050,214659,40.27,0.38
540,2021-01-05,PAB,830,286,544,734,62,0,0,8,2,0,0,0,24,830,0,ITH,ITH1,4,Provincia Autonoma Bolzano / Bozen,P.A. Bolzano,533050,215489,40.43,0.16
541,2021-03-23,PAB,1552,759,793,0,1,0,34,5,1156,215,58,69,14,1551,1,ITH,ITH1,4,Provincia Autonoma Bolzano / Bozen,P.A. Bolzano,533050,217041,40.72,0.29
542,2021-05-11,PAB,2842,1334,1508,11,5,11,823,179,165,21,482,19,1126,1320,1522,ITH,ITH1,4,Provincia Autonoma Bolzano / Bozen,P.A. Bolzano,533050,219883,41.25,0.53
543,2021-04-20,PAB,1559,782,777,10,13,12,8,617,363,46,478,9,3,1558,1,ITH,ITH1,4,Provincia Autonoma Bolzano / Bozen,P.A. Bolzano,533050,221442,41.54,0.29
544,2021-01-24,PAB,12,10,2,1,0,0,0,2,1,0,0,0,8,0,12,ITH,ITH1,4,Provincia Autonoma Bolzano / Bozen,P.A. Bolzano,533050,221454,41.54,0.0
545,2021-04-21,PAB,3009,1467,1542,112,12,2,11,1727,490,88,541,17,9,2161,848,ITH,ITH1,4,Provincia Autonoma Bolzano / Bozen,P.A. Bolzano,533050,224463,42.11,0.56
546,2021-02-17,PAB,156,51,105,18,7,0,0,0,2,128,1,0,0,139,17,ITH,ITH1,4,Provincia Autonoma Bolzano / Bozen,P.A. Bolzano,533050,224619,42.14,0.03
547,2021-04-19,PAB,1870,857,1013,44,22,1,11,1039,301,166,269,8,9,1688,182,ITH,ITH1,4,Provincia Autonoma Bolzano / Bozen,P.A. Bolzano,533050,226489,42.49,0.35
548,2021-03-14,PAB,758,336,422,130,11,33,0,3,7,562,1,2,9,25,733,ITH,ITH1,4,Provincia Autonoma Bolzano / Bozen,P.A. Bolzano,533050,227247,42.63,0.14
549,2021-01-30,PAB,498,245,253,217,46,101,0,29,2,0,0,0,103,4,494,ITH,ITH1,4,Provincia Autonoma Bolzano / Bozen,P.A. Bolzano,533050,227745,42.72,0.09
550,2021-05-09,PAB,4233,2404,1829,36,9,1,71,186,163,47,625,317,2778,3080,1153,ITH,ITH1,4,Provincia Autonoma Bolzano / Bozen,P.A. Bolzano,533050,231978,43.52,0.79
551,2021-05-10,PAB,3018,1300,1718,27,14,17,868,266,328,54,319,19,1106,1413,1605,ITH,ITH1,4,Provincia Autonoma Bolzano / Bozen,P.A. Bolzano,533050,234996,44.09,0.57
552,2021-04-27,PAB,2226,1013,1213,109,58,21,53,591,1115,78,118,76,7,1150,1076,ITH,ITH1,4,Provincia Autonoma Bolzano / Bozen,P.A. Bolzano,533050,237222,44.5,0.42
553,2021-02-23,PAB,769,324,445,0,0,0,86,2,1,673,0,0,7,763,6,ITH,ITH1,4,Provincia Autonoma Bolzano / Bozen,P.A. Bolzano,533050,237991,44.65,0.14
554,2021-04-15,PAB,4399,2307,2092,121,47,39,118,1385,736,174,1263,493,23,4136,263,ITH,ITH1,4,Provincia Autonoma Bolzano / Bozen,P.A. Bolzano,533050,242390,45.47,0.83
555,2021-05-19,PAB,3540,1802,1738,139,63,8,256,670,306,61,626,76,1335,1783,1757,ITH,ITH1,4,Provincia Autonoma Bolzano / Bozen,P.A. Bolzano,533050,245930,46.14,0.66
556,2021-03-28,PAB,569,212,357,45,38,0,2,6,5,470,2,0,1,11,558,ITH,ITH1,4,Provincia Autonoma Bolzano / Bozen,P.A. Bolzano,533050,246499,46.24,0.11
557,2021-01-12,PAB,1709,459,1250,369,228,479,0,54,43,134,0,0,402,1709,0,ITH,ITH1,4,Provincia Autonoma Bolzano / Bozen,P.A. Bolzano,533050,248208,46.56,0.32
558,2021-02-11,PAB,1092,431,661,215,92,104,0,4,2,589,57,0,29,239,853,ITH,ITH1,4,Provincia Autonoma Bolzano / Bozen,P.A. Bolzano,533050,249300,46.77,0.2
559,2021-04-29,PAB,2630,1351,1279,127,117,71,74,600,541,124,509,245,222,1936,694,ITH,ITH1,4,Provincia Autonoma Bolzano / Bozen,P.A. Bolzano,533050,251930,47.26,0.49
560,2021-02-10,PAB,1635,604,1031,489,166,1,0,18,5,872,0,1,83,26,1609,ITH,ITH1,4,Provincia Autonoma Bolzano / Bozen,P.A. Bolzano,533050,253565,47.57,0.31
561,2021-05-18,PAB,3285,1716,1569,38,17,2,44,664,300,52,293,62,1813,2121,1164,ITH,ITH1,4,Provincia Autonoma Bolzano / Bozen,P.A. Bolzano,533050,256850,48.18,0.62
562,2021-05-12,PAB,3776,2048,1728,64,31,3,63,293,69,27,582,74,2570,3623,153,ITH,ITH1,4,Provincia Autonoma Bolzano / Bozen,P.A. Bolzano,533050,260626,48.89,0.71
563,2021-01-01,PAB,6,5,1,6,0,0,0,0,0,0,0,0,0,6,0,ITH,ITH1,4,Provincia Autonoma Bolzano / Bozen,P.A. Bolzano,533050,260632,48.89,0.0
564,2021-05-16,PAB,2024,931,1093,2,3,0,654,59,46,8,113,12,1127,1330,694,ITH,ITH1,4,Provincia Autonoma Bolzano / Bozen,P.A. Bolzano,533050,262656,49.27,0.38
565,2021-01-29,PAB,1497,510,987,882,282,295,4,7,1,4,0,0,22,24,1473,ITH,ITH1,4,Provincia Autonoma Bolzano / Bozen,P.A. Bolzano,533050,264153,49.56,0.28
566,2021-03-18,PAB,1302,531,771,50,16,51,0,10,15,1056,69,0,35,226,1076,ITH,ITH1,4,Provincia Autonoma Bolzano / Bozen,P.A. Bolzano,533050,265455,49.8,0.24
567,2021-03-12,PAB,1664,734,930,150,173,82,101,9,268,524,134,204,19,1251,413,ITH,ITH1,4,Provincia Autonoma Bolzano / Bozen,P.A. Bolzano,533050,267119,50.11,0.31
568,2021-02-15,PAB,72,42,30,17,2,40,0,0,1,7,0,0,5,26,46,ITH,ITH1,4,Provincia Autonoma Bolzano / Bozen,P.A. Bolzano,533050,267191,50.12,0.01
569,2021-03-07,MOL,1131,501,630,2,16,0,0,0,0,1113,0,0,0,1129,2,ITF,ITF2,14,Molise,Molise,305617,1131,0.37,0.37
570,2021-02-23,MOL,581,223,358,136,39,61,1,0,0,340,0,0,4,362,219,ITF,ITF2,14,Molise,Molise,305617,1712,0.56,0.19
571,2021-03-21,MOL,1246,542,704,14,1,0,0,0,2,1090,133,0,6,479,767,ITF,ITF2,14,Molise,Molise,305617,2958,0.97,0.41
572,2021-01-13,MOL,474,160,314,256,69,144,1,1,1,0,0,0,2,474,0,ITF,ITF2,14,Molise,Molise,305617,3432,1.12,0.16
573,2021-05-01,MOL,2630,1262,1368,9,3,2,7,28,187,140,2158,4,92,409,2221,ITF,ITF2,14,Molise,Molise,305617,6062,1.98,0.86
574,2021-02-02,MOL,539,176,363,295,64,180,0,0,0,0,0,0,0,216,323,ITF,ITF2,14,Molise,Molise,305617,6601,2.16,0.18
575,2021-03-12,MOL,1459,637,822,42,33,0,505,0,1,719,35,116,8,1423,36,ITF,ITF2,14,Molise,Molise,305617,8060,2.64,0.48
576,2021-04-21,MOL,1860,787,1073,19,5,1,26,19,712,420,635,6,17,965,895,ITF,ITF2,14,Molise,Molise,305617,9920,3.25,0.61
577,2021-03-24,MOL,1630,658,972,77,57,0,450,2,3,707,275,48,11,1228,402,ITF,ITF2,14,Molise,Molise,305617,11550,3.78,0.53
578,2021-03-23,MOL,1642,694,948,76,8,6,454,2,4,606,367,97,22,1435,207,ITF,ITF2,14,Molise,Molise,305617,13192,4.32,0.54
579,2021-05-09,MOL,2040,927,1113,5,4,0,15,819,742,26,401,12,16,1944,96,ITF,ITF2,14,Molise,Molise,305617,15232,4.98,0.67
580,2021-05-21,MOL,367,199,168,44,8,0,64,80,22,4,43,93,9,156,211,ITF,ITF2,14,Molise,Molise,305617,15599,5.1,0.12
581,2021-04-18,MOL,611,264,347,0,0,0,1,1,87,326,191,0,5,104,507,ITF,ITF2,14,Molise,Molise,305617,16210,5.3,0.2
582,2020-12-27,MOL,50,20,30,29,4,17,0,0,0,0,0,0,0,50,0,ITF,ITF2,14,Molise,Molise,305617,16260,5.32,0.02
583,2021-01-08,MOL,429,141,288,244,7,120,0,13,0,0,0,0,45,429,0,ITF,ITF2,14,Molise,Molise,305617,16689,5.46,0.14
584,2021-03-14,MOL,595,239,356,2,0,0,0,1,1,582,7,0,2,17,578,ITF,ITF2,14,Molise,Molise,305617,17284,5.66,0.19
585,2021-02-18,MOL,319,74,245,296,8,0,0,0,0,0,0,0,15,306,13,ITF,ITF2,14,Molise,Molise,305617,17603,5.76,0.1
586,2021-04-24,MOL,2080,975,1105,11,3,0,17,4,221,354,1463,3,4,607,1473,ITF,ITF2,14,Molise,Molise,305617,19683,6.44,0.68
587,2021-02-28,MOL,829,331,498,38,3,27,0,0,0,761,0,0,0,787,42,ITF,ITF2,14,Molise,Molise,305617,20512,6.71,0.27
588,2021-01-10,MOL,270,72,198,82,19,169,0,0,0,0,0,0,0,270,0,ITF,ITF2,14,Molise,Molise,305617,20782,6.8,0.09
589,2021-04-27,MOL,1590,765,825,29,8,17,1,3,121,247,1128,1,35,462,1128,ITF,ITF2,14,Molise,Molise,305617,22372,7.32,0.52
590,2021-01-26,MOL,450,184,266,444,0,0,1,2,0,0,0,0,3,8,442,ITF,ITF2,14,Molise,Molise,305617,22822,7.47,0.15
591,2021-04-06,MOL,1493,700,793,33,9,9,1,2,5,254,1160,18,2,1150,343,ITF,ITF2,14,Molise,Molise,305617,24315,7.96,0.49
592,2021-02-21,MOL,573,227,346,1,1,0,0,0,1,570,0,0,0,571,2,ITF,ITF2,14,Molise,Molise,305617,24888,8.14,0.19
593,2021-02-09,MOL,359,170,189,161,83,110,0,0,0,0,0,0,5,197,162,ITF,ITF2,14,Molise,Molise,305617,25247,8.26,0.12
594,2021-01-31,MOL,268,70,198,85,18,164,1,0,0,0,0,0,0,6,262,ITF,ITF2,14,Molise,Molise,305617,25515,8.35,0.09
595,2021-02-19,MOL,169,93,76,95,70,1,3,0,0,0,0,0,0,167,2,ITF,ITF2,14,Molise,Molise,305617,25684,8.4,0.06
596,2021-04-20,MOL,2311,1020,1291,23,7,1,23,11,740,420,1052,18,16,1219,1092,ITF,ITF2,14,Molise,Molise,305617,27995,9.16,0.76
597,2021-04-28,MOL,1672,903,769,10,4,5,34,128,172,130,1110,4,75,455,1217,ITF,ITF2,14,Molise,Molise,305617,29667,9.71,0.55
598,2021-05-05,MOL,2413,1042,1371,38,7,2,1,753,508,110,930,62,2,2272,141,ITF,ITF2,14,Molise,Molise,305617,32080,10.5,0.79
599,2021-01-28,MOL,613,217,396,430,9,154,1,4,1,0,0,0,14,17,596,ITF,ITF2,14,Molise,Molise,305617,32693,10.7,0.2
600,2021-03-15,MOL,832,338,494,137,43,67,297,24,4,118,31,61,50,587,245,ITF,ITF2,14,Molise,Molise,305617,33525,10.97,0.27
601,2021-03-10,MOL,1737,720,1017,188,7,1,509,2,5,757,54,187,27,1687,50,ITF,ITF2,14,Molise,Molise,305617,35262,11.54,0.57
602,2021-04-17,MOL,1691,826,865,5,3,0,3,1,170,553,917,34,5,963,728,ITF,ITF2,14,Molise,Molise,305617,36953,12.09,0.55
603,2021-02-27,MOL,1366,568,798,25,29,14,1,1,0,1290,0,0,6,1347,19,ITF,ITF2,14,Molise,Molise,305617,38319,12.54,0.45
604,2021-01-22,MOL,126,35,91,21,32,73,0,0,0,0,0,0,0,126,0,ITF,ITF2,14,Molise,Molise,305617,38445,12.58,0.04
605,2021-04-13,MOL,1615,710,905,7,4,1,1,12,910,322,350,1,7,1028,587,ITF,ITF2,14,Molise,Molise,305617,40060,13.11,0.53
606,2021-03-30,MOL,2003,857,1146,46,1,1,424,4,6,592,823,82,24,1491,512,ITF,ITF2,14,Molise,Molise,305617,42063,13.76,0.66
607,2021-05-03,MOL,2480,1162,1318,5,3,0,1,274,856,88,1171,35,47,2317,163,ITF,ITF2,14,Molise,Molise,305617,44543,14.57,0.81
608,2021-03-22,MOL,1146,439,707,106,5,2,458,7,3,255,216,59,35,903,243,ITF,ITF2,14,Molise,Molise,305617,45689,14.95,0.37
609,2021-04-10,MOL,2562,1234,1328,10,4,0,19,1,12,239,2266,9,2,2411,151,ITF,ITF2,14,Molise,Molise,305617,48251,15.79,0.84
610,2021-03-16,MOL,614,230,384,13,4,11,0,3,7,395,173,4,4,267,347,ITF,ITF2,14,Molise,Molise,305617,48865,15.99,0.2
611,2021-02-05,MOL,593,269,324,460,22,63,0,13,0,0,0,0,35,55,538,ITF,ITF2,14,Molise,Molise,305617,49458,16.18,0.19
612,2021-03-17,MOL,908,385,523,48,25,42,1,8,4,573,176,13,18,576,332,ITF,ITF2,14,Molise,Molise,305617,50366,16.48,0.3
613,2021-05-08,MOL,2969,1451,1518,55,4,0,35,693,255,79,1789,44,15,1725,1244,ITF,ITF2,14,Molise,Molise,305617,53335,17.45,0.97
614,2021-04-26,MOL,1154,519,635,7,0,0,1,3,109,215,807,10,2,825,329,ITF,ITF2,14,Molise,Molise,305617,54489,17.83,0.38
615,2021-02-08,MOL,334,141,193,206,39,85,0,3,0,0,0,0,1,216,118,ITF,ITF2,14,Molise,Molise,305617,54823,17.94,0.11
616,2021-02-01,MOL,562,201,361,301,144,111,1,1,0,0,0,0,4,14,548,ITF,ITF2,14,Molise,Molise,305617,55385,18.12,0.18
617,2021-03-28,MOL,1592,741,851,155,15,0,1,0,1,1185,233,1,1,490,1102,ITF,ITF2,14,Molise,Molise,305617,56977,18.64,0.52
618,2021-02-22,MOL,265,129,136,56,65,62,0,27,0,8,0,0,47,250,15,ITF,ITF2,14,Molise,Molise,305617,57242,18.73,0.09
619,2021-05-19,MOL,2335,1205,1130,51,2,4,99,815,96,6,241,111,910,1912,423,ITF,ITF2,14,Molise,Molise,305617,59577,19.49,0.76
620,2021-04-19,MOL,1825,842,983,18,5,51,7,16,664,254,764,24,22,1048,777,ITF,ITF2,14,Molise,Molise,305617,61402,20.09,0.6
621,2021-01-17,MOL,78,38,40,78,0,0,0,0,0,0,0,0,0,48,30,ITF,ITF2,14,Molise,Molise,305617,61480,20.12,0.03
622,2021-05-13,MOL,3025,1406,1619,34,12,18,16,1871,288,35,672,13,66,2579,446,ITF,ITF2,14,Molise,Molise,305617,64505,21.11,0.99
623,2021-03-19,MOL,1184,482,702,32,1,9,248,2,4,727,155,2,4,757,427,ITF,ITF2,14,Molise,Molise,305617,65689,21.49,0.39
624,2021-05-16,MOL,1246,570,676,1,0,0,0,439,80,51,169,0,506,1064,182,ITF,ITF2,14,Molise,Molise,305617,66935,21.9,0.41
625,2021-01-29,MOL,421,136,285,227,23,109,3,12,0,0,0,0,47,6,415,ITF,ITF2,14,Molise,Molise,305617,67356,22.04,0.14
626,2021-03-29,MOL,2033,835,1198,108,8,5,525,4,55,514,775,22,17,1547,486,ITF,ITF2,14,Molise,Molise,305617,69389,22.7,0.67
627,2021-05-18,MOL,1634,872,762,81,66,5,88,432,77,21,306,172,386,979,655,ITF,ITF2,14,Molise,Molise,305617,71023,23.24,0.53
628,2021-04-15,MOL,1899,779,1120,3,3,0,27,7,692,649,500,4,14,1061,838,ITF,ITF2,14,Molise,Molise,305617,72922,23.86,0.62
629,2021-03-18,MOL,1156,476,680,73,10,45,0,2,3,855,157,0,11,692,464,ITF,ITF2,14,Molise,Molise,305617,74078,24.24,0.38
630,2021-01-12,MOL,336,114,222,132,74,129,0,0,0,0,0,0,1,336,0,ITF,ITF2,14,Molise,Molise,305617,74414,24.35,0.11
631,2021-03-05,MOL,1219,649,570,322,5,0,73,9,2,618,0,151,39,1015,204,ITF,ITF2,14,Molise,Molise,305617,75633,24.75,0.4
632,2021-05-14,MOL,2641,1213,1428,72,4,0,70,1304,67,67,1006,9,42,1924,717,ITF,ITF2,14,Molise,Molise,305617,78274,25.61,0.86
633,2021-02-24,MOL,666,278,388,242,66,44,1,6,7,274,0,0,26,333,333,ITF,ITF2,14,Molise,Molise,305617,78940,25.83,0.22
634,2021-01-09,MOL,450,152,298,221,27,178,0,5,0,0,0,0,19,450,0,ITF,ITF2,14,Molise,Molise,305617,79390,25.98,0.15
635,2021-02-16,MOL,156,70,86,148,5,0,0,2,0,0,0,0,1,150,6,ITF,ITF2,14,Molise,Molise,305617,79546,26.03,0.05
636,2021-03-20,MOL,2320,968,1352,28,23,0,222,1,6,1857,147,21,15,999,1321,ITF,ITF2,14,Molise,Molise,305617,81866,26.79,0.76
637,2021-02-07,MOL,66,32,34,49,1,16,0,0,0,0,0,0,0,19,47,ITF,ITF2,14,Molise,Molise,305617,81932,26.81,0.02
638,2021-02-17,MOL,72,32,40,47,10,6,0,0,0,1,0,0,8,57,15,ITF,ITF2,14,Molise,Molise,305617,82004,26.83,0.02
639,2021-05-06,MOL,2679,1214,1465,246,35,29,26,963,351,162,715,113,39,2081,598,ITF,ITF2,14,Molise,Molise,305617,84683,27.71,0.88
640,2021-01-30,MOL,461,158,303,189,52,180,0,6,0,0,0,0,34,12,449,ITF,ITF2,14,Molise,Molise,305617,85144,27.86,0.15
641,2021-03-25,MOL,1806,730,1076,53,4,18,493,3,10,832,269,107,17,1309,497,ITF,ITF2,14,Molise,Molise,305617,86950,28.45,0.59
642,2021-05-11,MOL,3193,1410,1783,147,3,0,116,1451,446,93,862,11,64,2954,239,ITF,ITF2,14,Molise,Molise,305617,90143,29.5,1.04
643,2021-05-20,MOL,2501,1270,1231,21,2,3,7,146,164,35,281,82,1760,2370,131,ITF,ITF2,14,Molise,Molise,305617,92644,30.31,0.82
644,2021-04-29,MOL,2231,1140,1091,108,2,2,7,8,148,164,1715,31,46,887,1344,ITF,ITF2,14,Molise,Molise,305617,94875,31.04,0.73
645,2021-03-04,MOL,850,417,433,252,20,69,0,0,1,469,0,36,3,526,324,ITF,ITF2,14,Molise,Molise,305617,95725,31.32,0.28
646,2021-01-14,MOL,646,239,407,418,102,115,0,2,0,0,0,0,9,646,0,ITF,ITF2,14,Molise,Molise,305617,96371,31.53,0.21
647,2021-04-01,MOL,1454,662,792,27,18,21,20,0,2,720,578,62,6,729,725,ITF,ITF2,14,Molise,Molise,305617,97825,32.01,0.48
648,2021-04-25,MOL,787,393,394,2,1,0,0,0,218,62,504,0,0,558,229,ITF,ITF2,14,Molise,Molise,305617,98612,32.27,0.26
649,2021-04-05,MOL,389,188,201,1,0,0,0,1,1,113,273,0,0,290,99,ITF,ITF2,14,Molise,Molise,305617,99001,32.39,0.13
650,2021-01-16,MOL,420,166,254,270,16,127,0,1,0,0,0,0,6,420,0,ITF,ITF2,14,Molise,Molise,305617,99421,32.53,0.14
651,2021-04-03,MOL,1766,848,918,28,74,0,26,13,16,267,1323,7,12,1732,34,ITF,ITF2,14,Molise,Molise,305617,101187,33.11,0.58
652,2021-03-06,MOL,1728,807,921,156,18,0,0,2,4,1395,0,152,1,1569,159,ITF,ITF2,14,Molise,Molise,305617,102915,33.67,0.57
653,2021-03-03,MOL,672,316,356,63,4,48,127,0,0,385,0,45,0,590,82,ITF,ITF2,14,Molise,Molise,305617,103587,33.89,0.22
654,2021-01-06,MOL,689,260,429,456,26,171,0,1,2,21,0,0,12,689,0,ITF,ITF2,14,Molise,Molise,305617,104276,34.12,0.23
655,2021-04-30,MOL,2914,1542,1372,28,0,2,2,8,272,122,2466,0,14,828,2086,ITF,ITF2,14,Molise,Molise,305617,107190,35.07,0.95
656,2021-04-23,MOL,2048,881,1167,50,18,0,20,7,605,226,1106,11,5,1389,659,ITF,ITF2,14,Molise,Molise,305617,109238,35.74,0.67
657,2021-01-05,MOL,449,180,269,441,0,0,0,1,0,0,0,0,7,449,0,ITF,ITF2,14,Molise,Molise,305617,109687,35.89,0.15
658,2021-02-03,MOL,731,249,482,391,112,180,1,4,3,0,0,0,40,338,393,ITF,ITF2,14,Molise,Molise,305617,110418,36.13,0.24
659,2021-01-19,MOL,173,63,110,90,57,22,2,0,0,0,0,0,2,162,11,ITF,ITF2,14,Molise,Molise,305617,110591,36.19,0.06
660,2021-01-15,MOL,538,242,296,398,17,81,0,8,0,0,0,0,34,538,0,ITF,ITF2,14,Molise,Molise,305617,111129,36.36,0.18
661,2021-01-04,MOL,314,131,183,301,0,0,0,2,0,0,0,0,11,314,0,ITF,ITF2,14,Molise,Molise,305617,111443,36.46,0.1
662,2021-04-16,MOL,2411,1027,1384,56,5,11,8,7,693,738,880,7,6,1184,1227,ITF,ITF2,14,Molise,Molise,305617,113854,37.25,0.79
663,2021-02-25,MOL,541,239,302,68,3,28,0,6,0,434,0,0,2,473,68,ITF,ITF2,14,Molise,Molise,305617,114395,37.43,0.18
664,2021-02-06,MOL,429,179,250,276,14,130,1,2,0,0,0,0,6,29,400,ITF,ITF2,14,Molise,Molise,305617,114824,37.57,0.14
665,2021-04-09,MOL,2296,1240,1056,33,10,1,1,93,10,136,2004,2,6,2105,191,ITF,ITF2,14,Molise,Molise,305617,117120,38.32,0.75
666,2021-05-07,MOL,2641,1226,1415,97,28,4,23,603,437,67,1302,70,10,2044,597,ITF,ITF2,14,Molise,Molise,305617,119761,39.19,0.86
667,2021-03-08,MOL,1379,522,857,359,51,23,405,2,1,411,36,76,15,1239,140,ITF,ITF2,14,Molise,Molise,305617,121140,39.64,0.45
668,2021-05-02,MOL,1878,925,953,1,3,0,0,113,23,38,1659,1,40,575,1303,ITF,ITF2,14,Molise,Molise,305617,123018,40.25,0.61
669,2021-02-12,MOL,330,149,181,224,13,72,2,7,1,0,0,0,11,208,122,ITF,ITF2,14,Molise,Molise,305617,123348,40.36,0.11
670,2021-01-07,MOL,598,209,389,414,2,145,0,5,1,4,0,0,27,598,0,ITF,ITF2,14,Molise,Molise,305617,123946,40.56,0.2
671,2021-04-22,MOL,1835,858,977,12,2,6,5,19,753,338,682,8,10,1064,771,ITF,ITF2,14,Molise,Molise,305617,125781,41.16,0.6
672,2021-01-20,MOL,18,8,10,14,4,0,0,0,0,0,0,0,0,18,0,ITF,ITF2,14,Molise,Molise,305617,125799,41.16,0.01
673,2021-01-25,MOL,319,130,189,317,0,0,2,0,0,0,0,0,0,3,316,ITF,ITF2,14,Molise,Molise,305617,126118,41.27,0.1
674,2021-03-11,MOL,1463,636,827,42,2,14,499,4,2,699,12,185,4,1457,6,ITF,ITF2,14,Molise,Molise,305617,127581,41.75,0.48
675,2021-01-11,MOL,557,194,363,196,243,111,0,1,0,0,0,0,6,557,0,ITF,ITF2,14,Molise,Molise,305617,128138,41.93,0.18
676,2021-04-11,MOL,1151,581,570,0,5,0,0,1,1,48,1092,0,4,1138,13,ITF,ITF2,14,Molise,Molise,305617,129289,42.3,0.38
677,2021-05-17,MOL,2208,1083,1125,23,9,44,142,610,56,40,341,10,933,1727,481,ITF,ITF2,14,Molise,Molise,305617,131497,43.03,0.72
678,2021-02-04,MOL,758,295,463,502,95,141,1,3,0,0,0,0,16,77,681,ITF,ITF2,14,Molise,Molise,305617,132255,43.27,0.25
679,2021-04-08,MOL,1754,900,854,105,15,8,35,5,3,195,1369,8,11,1553,201,ITF,ITF2,14,Molise,Molise,305617,134009,43.85,0.57
680,2021-04-07,MOL,1687,847,840,36,12,63,80,10,3,133,1315,29,6,1412,275,ITF,ITF2,14,Molise,Molise,305617,135696,44.4,0.55
681,2021-04-04,MOL,253,141,112,1,0,0,0,0,0,3,248,0,1,238,15,ITF,ITF2,14,Molise,Molise,305617,135949,44.48,0.08
682,2021-02-11,MOL,293,133,160,225,19,45,1,0,0,0,0,3,0,257,36,ITF,ITF2,14,Molise,Molise,305617,136242,44.58,0.1
683,2021-05-12,MOL,2834,1288,1546,60,22,1,18,1697,367,46,560,19,44,2749,85,ITF,ITF2,14,Molise,Molise,305617,139076,45.51,0.93
684,2021-03-13,MOL,1189,594,595,29,5,6,0,5,4,981,6,151,2,200,989,ITF,ITF2,14,Molise,Molise,305617,140265,45.9,0.39
685,2021-03-31,MOL,2193,919,1274,202,13,32,263,10,18,826,708,96,25,1374,819,ITF,ITF2,14,Molise,Molise,305617,142458,46.61,0.72
686,2021-03-02,MOL,667,383,284,98,106,51,151,0,0,139,0,113,9,509,158,ITF,ITF2,14,Molise,Molise,305617,143125,46.83,0.22
687,2021-03-01,MOL,661,274,387,200,36,108,147,8,1,135,0,2,24,447,214,ITF,ITF2,14,Molise,Molise,305617,143786,47.05,0.22
688,2021-03-26,MOL,2574,1045,1529,72,64,23,548,7,16,1014,747,70,13,1932,642,ITF,ITF2,14,Molise,Molise,305617,146360,47.89,0.84
689,2021-02-15,MOL,144,70,74,117,10,15,0,0,0,0,0,0,2,141,3,ITF,ITF2,14,Molise,Molise,305617,146504,47.94,0.05
690,2021-01-18,MOL,114,48,66,97,14,0,0,1,0,0,0,0,2,114,0,ITF,ITF2,14,Molise,Molise,305617,146618,47.97,0.04
691,2021-02-10,MOL,150,78,72,91,6,53,0,0,0,0,0,0,0,130,20,ITF,ITF2,14,Molise,Molise,305617,146768,48.02,0.05
692,2021-04-14,MOL,1787,761,1026,44,1,11,3,5,974,431,309,5,4,1135,652,ITF,ITF2,14,Molise,Molise,305617,148555,48.61,0.58
693,2021-02-20,MOL,1018,441,577,20,5,8,0,0,1,983,0,0,1,998,20,ITF,ITF2,14,Molise,Molise,305617,149573,48.94,0.33
694,2021-04-12,MOL,1261,547,714,17,2,1,0,13,945,88,189,1,5,1019,242,ITF,ITF2,14,Molise,Molise,305617,150834,49.35,0.41
695,2021-05-04,MOL,2702,1179,1523,17,4,1,2,863,494,122,1197,0,2,2574,128,ITF,ITF2,14,Molise,Molise,305617,153536,50.24,0.88
696,2021-05-10,MOL,2876,1279,1597,30,3,1,12,980,897,69,852,18,14,2515,361,ITF,ITF2,14,Molise,Molise,305617,156412,51.18,0.94
697,2021-02-13,MOL,132,80,52,129,3,0,0,0,0,0,0,0,0,132,0,ITF,ITF2,14,Molise,Molise,305617,156544,51.22,0.04
698,2021-01-27,MOL,674,251,423,436,12,209,1,10,0,0,0,1,5,8,666,ITF,ITF2,14,Molise,Molise,305617,157218,51.44,0.22
699,2021-05-15,MOL,2975,1397,1578,14,9,0,6,1210,239,62,665,5,765,2591,384,ITF,ITF2,14,Molise,Molise,305617,160193,52.42,0.97
700,2021-02-26,MOL,563,260,303,42,7,3,55,9,1,406,1,0,39,490,73,ITF,ITF2,14,Molise,Molise,305617,160756,52.6,0.18
701,2021-03-09,MOL,1329,579,750,199,6,0,393,4,1,409,76,218,23,1177,152,ITF,ITF2,14,Molise,Molise,305617,162085,53.04,0.43
702,2021-03-27,MOL,2738,1272,1466,18,58,0,1,6,4,1908,717,23,3,1305,1433,ITF,ITF2,14,Molise,Molise,305617,164823,53.93,0.9
703,2021-04-02,MOL,1405,691,714,47,77,0,2,8,8,663,477,105,18,644,761,ITF,ITF2,14,Molise,Molise,305617,166228,54.39,0.46
704,2021-01-21,MOL,6,2,4,0,6,0,0,0,0,0,0,0,0,6,0,ITF,ITF2,14,Molise,Molise,305617,166234,54.39,0.0
705,2021-05-06,PAT,5481,2712,2769,108,136,17,52,1577,536,371,389,195,2100,4704,777,ITH,ITH2,4,Provincia Autonoma Trento,P.A. Trento,541380,5481,1.01,1.01
706,2021-01-30,PAT,386,132,254,346,7,32,1,0,0,0,0,0,0,152,234,ITH,ITH2,4,Provincia Autonoma Trento,P.A. Trento,541380,5867,1.08,0.07
707,2021-03-05,PAT,2242,703,1539,126,70,102,788,5,24,957,1,159,10,1676,566,ITH,ITH2,4,Provincia Autonoma Trento,P.A. Trento,541380,8109,1.5,0.41
708,2021-01-14,PAT,699,203,496,482,6,208,0,0,0,0,0,0,3,699,0,ITH,ITH2,4,Provincia Autonoma Trento,P.A. Trento,541380,8808,1.63,0.13
709,2021-05-10,PAT,3205,1644,1561,46,35,2,47,785,232,364,332,101,1261,2701,504,ITH,ITH2,4,Provincia Autonoma Trento,P.A. Trento,541380,12013,2.22,0.59
710,2021-01-24,PAT,547,276,271,535,12,0,0,0,0,0,0,0,0,224,323,ITH,ITH2,4,Provincia Autonoma Trento,P.A. Trento,541380,12560,2.32,0.1
711,2021-03-15,PAT,1410,545,865,58,130,26,175,3,285,624,15,55,39,946,464,ITH,ITH2,4,Provincia Autonoma Trento,P.A. Trento,541380,13970,2.58,0.26
712,2021-05-11,PAT,3678,1743,1935,53,103,6,154,572,191,488,231,61,1819,2845,833,ITH,ITH2,4,Provincia Autonoma Trento,P.A. Trento,541380,17648,3.26,0.68
713,2021-04-29,PAT,4619,2231,2388,82,86,10,37,2508,1207,188,463,4,34,4410,209,ITH,ITH2,4,Provincia Autonoma Trento,P.A. Trento,541380,22267,4.11,0.85
714,2021-05-20,PAT,4418,2089,2329,123,126,9,247,421,255,643,327,131,2136,3012,1406,ITH,ITH2,4,Provincia Autonoma Trento,P.A. Trento,541380,26685,4.93,0.82
715,2021-03-21,PAT,129,69,60,34,1,0,18,2,18,0,56,0,0,129,0,ITH,ITH2,4,Provincia Autonoma Trento,P.A. Trento,541380,26814,4.95,0.02
716,2021-01-21,PAT,351,94,257,320,13,16,0,0,0,0,0,0,2,228,123,ITH,ITH2,4,Provincia Autonoma Trento,P.A. Trento,541380,27165,5.02,0.06
717,2021-03-04,PAT,2355,791,1564,161,26,23,351,14,12,1727,0,19,22,1577,778,ITH,ITH2,4,Provincia Autonoma Trento,P.A. Trento,541380,29520,5.45,0.43
718,2021-04-25,PAT,1969,938,1031,9,4,0,0,1304,215,31,384,0,22,1963,6,ITH,ITH2,4,Provincia Autonoma Trento,P.A. Trento,541380,31489,5.82,0.36
719,2021-04-14,PAT,3112,1463,1649,116,51,7,7,98,1487,1019,311,2,14,2376,736,ITH,ITH2,4,Provincia Autonoma Trento,P.A. Trento,541380,34601,6.39,0.57
720,2021-03-03,PAT,1656,622,1034,74,11,60,205,5,5,1267,3,19,7,1139,517,ITH,ITH2,4,Provincia Autonoma Trento,P.A. Trento,541380,36257,6.7,0.31
721,2021-04-05,PAT,34,17,17,1,0,0,1,21,11,0,0,0,0,33,1,ITH,ITH2,4,Provincia Autonoma Trento,P.A. Trento,541380,36291,6.7,0.01
722,2021-04-19,PAT,2620,1234,1386,41,12,0,6,592,905,314,682,2,66,2597,23,ITH,ITH2,4,Provincia Autonoma Trento,P.A. Trento,541380,38911,7.19,0.48
723,2021-02-23,PAT,1108,395,713,272,13,17,50,1,0,751,0,3,1,897,211,ITH,ITH2,4,Provincia Autonoma Trento,P.A. Trento,541380,40019,7.39,0.2
724,2021-01-13,PAT,421,123,298,392,6,23,0,0,0,0,0,0,0,421,0,ITH,ITH2,4,Provincia Autonoma Trento,P.A. Trento,541380,40440,7.47,0.08
725,2021-03-07,PAT,22,6,16,0,0,0,22,0,0,0,0,0,0,22,0,ITH,ITH2,4,Provincia Autonoma Trento,P.A. Trento,541380,40462,7.47,0.0
726,2021-01-27,PAT,802,277,525,463,33,304,0,0,0,1,0,0,1,91,711,ITH,ITH2,4,Provincia Autonoma Trento,P.A. Trento,541380,41264,7.62,0.15
727,2021-04-15,PAT,3179,1437,1742,183,112,16,3,129,1514,527,685,1,9,3027,152,ITH,ITH2,4,Provincia Autonoma Trento,P.A. Trento,541380,44443,8.21,0.59
728,2021-03-18,PAT,2317,957,1360,64,1,2,3,9,536,1674,17,2,9,1238,1079,ITH,ITH2,4,Provincia Autonoma Trento,P.A. Trento,541380,46760,8.64,0.43
729,2021-02-13,PAT,536,333,203,373,4,0,0,1,0,158,0,0,0,171,365,ITH,ITH2,4,Provincia Autonoma Trento,P.A. Trento,541380,47296,8.74,0.1
730,2021-03-27,PAT,1615,709,906,271,363,0,166,12,352,61,228,135,27,1363,252,ITH,ITH2,4,Provincia Autonoma Trento,P.A. Trento,541380,48911,9.03,0.3
731,2021-02-12,PAT,1010,340,670,335,54,55,0,2,9,553,0,0,2,589,421,ITH,ITH2,4,Provincia Autonoma Trento,P.A. Trento,541380,49921,9.22,0.19
732,2021-05-15,PAT,1565,814,751,375,91,0,63,109,51,25,353,51,447,677,888,ITH,ITH2,4,Provincia Autonoma Trento,P.A. Trento,541380,51486,9.51,0.29
733,2021-01-29,PAT,1352,331,1021,724,74,542,0,0,0,3,0,0,9,55,1297,ITH,ITH2,4,Provincia Autonoma Trento,P.A. Trento,541380,52838,9.76,0.25
734,2021-03-20,PAT,872,402,470,154,97,0,69,0,343,78,127,0,4,670,202,ITH,ITH2,4,Provincia Autonoma Trento,P.A. Trento,541380,53710,9.92,0.16
735,2021-05-18,PAT,4202,1987,2215,23,36,1,205,617,245,433,206,101,2335,3391,811,ITH,ITH2,4,Provincia Autonoma Trento,P.A. Trento,541380,57912,10.7,0.78
736,2021-05-16,PAT,1302,717,585,149,39,0,10,35,12,25,82,58,892,1064,238,ITH,ITH2,4,Provincia Autonoma Trento,P.A. Trento,541380,59214,10.94,0.24
737,2021-03-10,PAT,2411,928,1483,356,36,25,327,4,10,1421,2,223,7,1490,921,ITH,ITH2,4,Provincia Autonoma Trento,P.A. Trento,541380,61625,11.38,0.45
738,2021-01-09,PAT,190,40,150,146,13,31,0,0,0,0,0,0,0,190,0,ITH,ITH2,4,Provincia Autonoma Trento,P.A. Trento,541380,61815,11.42,0.04
739,2021-03-08,PAT,1398,433,965,65,15,0,279,2,6,1017,1,7,6,1045,353,ITH,ITH2,4,Provincia Autonoma Trento,P.A. Trento,541380,63213,11.68,0.26
740,2021-05-07,PAT,5964,3065,2899,76,126,12,149,1170,507,521,459,215,2729,5131,833,ITH,ITH2,4,Provincia Autonoma Trento,P.A. Trento,541380,69177,12.78,1.1
741,2021-03-29,PAT,2455,957,1498,98,29,5,92,33,802,1006,100,4,286,1720,735,ITH,ITH2,4,Provincia Autonoma Trento,P.A. Trento,541380,71632,13.23,0.45
742,2021-05-13,PAT,3374,1567,1807,110,298,8,161,554,364,625,203,51,1000,2291,1083,ITH,ITH2,4,Provincia Autonoma Trento,P.A. Trento,541380,75006,13.85,0.62
743,2021-04-17,PAT,2201,1119,1082,13,2,0,0,146,1503,77,453,0,7,2144,57,ITH,ITH2,4,Provincia Autonoma Trento,P.A. Trento,541380,77207,14.26,0.41
744,2021-01-22,PAT,1668,433,1235,904,121,631,3,3,5,1,0,0,0,329,1339,ITH,ITH2,4,Provincia Autonoma Trento,P.A. Trento,541380,78875,14.57,0.31
745,2021-02-16,PAT,663,244,419,73,2,3,10,0,8,563,0,0,4,658,5,ITH,ITH2,4,Provincia Autonoma Trento,P.A. Trento,541380,79538,14.69,0.12
746,2021-02-24,PAT,1318,523,795,236,5,29,66,4,2,974,1,1,0,922,396,ITH,ITH2,4,Provincia Autonoma Trento,P.A. Trento,541380,80856,14.94,0.24
747,2021-01-23,PAT,577,334,243,487,2,88,0,0,0,0,0,0,0,388,189,ITH,ITH2,4,Provincia Autonoma Trento,P.A. Trento,541380,81433,15.04,0.11
748,2021-03-17,PAT,2067,790,1277,398,15,55,10,4,276,1266,23,1,19,1199,868,ITH,ITH2,4,Provincia Autonoma Trento,P.A. Trento,541380,83500,15.42,0.38
749,2021-03-02,PAT,1304,440,864,138,16,55,148,4,9,925,1,1,7,928,376,ITH,ITH2,4,Provincia Autonoma Trento,P.A. Trento,541380,84804,15.66,0.24
750,2021-04-08,PAT,3114,1294,1820,186,25,46,40,57,1023,1413,309,3,12,1996,1118,ITH,ITH2,4,Provincia Autonoma Trento,P.A. Trento,541380,87918,16.24,0.58
751,2021-02-26,PAT,1218,435,783,250,12,19,105,3,2,823,0,1,3,923,295,ITH,ITH2,4,Provincia Autonoma Trento,P.A. Trento,541380,89136,16.46,0.22
752,2021-04-07,PAT,2592,1008,1584,264,26,29,102,19,631,1364,132,10,15,1651,941,ITH,ITH2,4,Provincia Autonoma Trento,P.A. Trento,541380,91728,16.94,0.48
753,2021-03-13,PAT,830,380,450,203,16,30,259,0,0,44,0,278,0,782,48,ITH,ITH2,4,Provincia Autonoma Trento,P.A. Trento,541380,92558,17.1,0.15
754,2021-05-12,PAT,3290,1488,1802,69,108,32,209,647,202,727,190,31,1075,2108,1182,ITH,ITH2,4,Provincia Autonoma Trento,P.A. Trento,541380,95848,17.7,0.61
755,2021-04-11,PAT,2335,1133,1202,45,57,8,177,26,1754,21,235,7,5,2244,91,ITH,ITH2,4,Provincia Autonoma Trento,P.A. Trento,541380,98183,18.14,0.43
756,2021-01-08,PAT,1449,313,1136,775,128,530,0,0,7,7,0,0,2,1449,0,ITH,ITH2,4,Provincia Autonoma Trento,P.A. Trento,541380,99632,18.4,0.27
757,2021-02-15,PAT,533,187,346,145,21,27,11,1,1,322,0,0,5,419,114,ITH,ITH2,4,Provincia Autonoma Trento,P.A. Trento,541380,100165,18.5,0.1
758,2020-12-31,PAT,1624,449,1175,841,105,676,0,0,1,1,0,0,0,1624,0,ITH,ITH2,4,Provincia Autonoma Trento,P.A. Trento,541380,101789,18.8,0.3
759,2021-03-01,PAT,1237,454,783,74,1,10,95,5,8,1037,0,3,4,942,295,ITH,ITH2,4,Provincia Autonoma Trento,P.A. Trento,541380,103026,19.03,0.23
760,2021-02-09,PAT,914,287,627,447,8,73,0,2,1,381,0,0,2,441,473,ITH,ITH2,4,Provincia Autonoma Trento,P.A. Trento,541380,103940,19.2,0.17
761,2021-04-22,PAT,3130,1461,1669,74,49,8,0,1320,900,242,525,2,10,3086,44,ITH,ITH2,4,Provincia Autonoma Trento,P.A. Trento,541380,107070,19.78,0.58
762,2021-03-06,PAT,773,277,496,362,11,0,195,3,0,195,0,5,2,622,151,ITH,ITH2,4,Provincia Autonoma Trento,P.A. Trento,541380,107843,19.92,0.14
763,2021-04-30,PAT,4902,2395,2507,61,126,14,30,2860,894,172,582,3,160,4765,137,ITH,ITH2,4,Provincia Autonoma Trento,P.A. Trento,541380,112745,20.83,0.91
764,2021-01-18,PAT,643,154,489,529,35,73,0,1,0,1,0,0,4,588,55,ITH,ITH2,4,Provincia Autonoma Trento,P.A. Trento,541380,113388,20.94,0.12
765,2021-01-06,PAT,42,13,29,42,0,0,0,0,0,0,0,0,0,42,0,ITH,ITH2,4,Provincia Autonoma Trento,P.A. Trento,541380,113430,20.95,0.01
766,2021-01-05,PAT,709,232,477,495,46,162,0,1,1,0,0,0,4,709,0,ITH,ITH2,4,Provincia Autonoma Trento,P.A. Trento,541380,114139,21.08,0.13
767,2021-05-05,PAT,4970,2574,2396,137,138,11,88,1735,691,88,245,236,1601,4689,281,ITH,ITH2,4,Provincia Autonoma Trento,P.A. Trento,541380,119109,22.0,0.92
768,2021-03-26,PAT,3153,1226,1927,136,178,108,557,30,1097,901,62,46,38,2554,599,ITH,ITH2,4,Provincia Autonoma Trento,P.A. Trento,541380,122262,22.58,0.58
769,2021-04-20,PAT,2860,1369,1491,40,20,0,4,941,1274,175,388,2,16,2824,36,ITH,ITH2,4,Provincia Autonoma Trento,P.A. Trento,541380,125122,23.11,0.53
770,2021-04-23,PAT,3584,1743,1841,33,16,21,9,1592,799,200,897,1,16,3530,54,ITH,ITH2,4,Provincia Autonoma Trento,P.A. Trento,541380,128706,23.77,0.66
771,2021-02-06,PAT,574,298,276,179,0,0,0,1,0,391,0,0,3,433,141,ITH,ITH2,4,Provincia Autonoma Trento,P.A. Trento,541380,129280,23.88,0.11
772,2021-05-14,PAT,5247,2512,2735,76,182,23,780,636,388,193,289,214,2466,3902,1345,ITH,ITH2,4,Provincia Autonoma Trento,P.A. Trento,541380,134527,24.85,0.97
773,2021-04-01,PAT,2892,1227,1665,195,137,8,125,33,501,1644,123,24,102,1799,1093,ITH,ITH2,4,Provincia Autonoma Trento,P.A. Trento,541380,137419,25.38,0.53
774,2021-02-02,PAT,907,240,667,507,33,189,0,2,5,170,0,0,1,190,717,ITH,ITH2,4,Provincia Autonoma Trento,P.A. Trento,541380,138326,25.55,0.17
775,2021-02-21,PAT,155,92,63,154,0,0,1,0,0,0,0,0,0,43,112,ITH,ITH2,4,Provincia Autonoma Trento,P.A. Trento,541380,138481,25.58,0.03
776,2021-01-20,PAT,291,73,218,232,10,48,0,0,0,0,0,0,1,279,12,ITH,ITH2,4,Provincia Autonoma Trento,P.A. Trento,541380,138772,25.63,0.05
777,2021-01-02,PAT,502,143,359,336,21,141,0,0,0,3,0,0,1,502,0,ITH,ITH2,4,Provincia Autonoma Trento,P.A. Trento,541380,139274,25.73,0.09
778,2021-03-11,PAT,2293,851,1442,105,50,41,391,8,13,1587,23,59,16,1471,822,ITH,ITH2,4,Provincia Autonoma Trento,P.A. Trento,541380,141567,26.15,0.42
779,2021-01-11,PAT,730,221,509,523,49,153,0,1,0,0,0,0,4,730,0,ITH,ITH2,4,Provincia Autonoma Trento,P.A. Trento,541380,142297,26.28,0.13
780,2021-01-15,PAT,595,132,463,464,18,111,0,0,1,0,0,0,1,595,0,ITH,ITH2,4,Provincia Autonoma Trento,P.A. Trento,541380,142892,26.39,0.11
781,2021-04-18,PAT,1853,844,1009,10,54,4,3,1025,509,23,219,0,6,1845,8,ITH,ITH2,4,Provincia Autonoma Trento,P.A. Trento,541380,144745,26.74,0.34
782,2021-05-04,PAT,4473,2421,2052,41,65,27,26,1576,441,92,366,182,1657,4383,90,ITH,ITH2,4,Provincia Autonoma Trento,P.A. Trento,541380,149218,27.56,0.83
783,2021-03-24,PAT,2375,940,1435,206,90,42,225,6,238,1450,66,42,10,1555,820,ITH,ITH2,4,Provincia Autonoma Trento,P.A. Trento,541380,151593,28.0,0.44
784,2021-03-23,PAT,2443,943,1500,146,111,71,167,7,845,1011,35,34,16,1703,740,ITH,ITH2,4,Provincia Autonoma Trento,P.A. Trento,541380,154036,28.45,0.45
785,2021-05-09,PAT,2322,1210,1112,12,219,0,23,330,84,33,284,66,1271,1978,344,ITH,ITH2,4,Provincia Autonoma Trento,P.A. Trento,541380,156358,28.88,0.43
786,2021-04-21,PAT,2892,1348,1544,47,12,3,1,1176,920,195,534,0,4,2842,50,ITH,ITH2,4,Provincia Autonoma Trento,P.A. Trento,541380,159250,29.42,0.53
787,2021-02-17,PAT,1110,425,685,326,9,35,12,3,11,709,0,3,2,1020,90,ITH,ITH2,4,Provincia Autonoma Trento,P.A. Trento,541380,160360,29.62,0.21
788,2020-12-27,PAT,103,40,63,76,4,21,0,0,0,0,0,0,2,103,0,ITH,ITH2,4,Provincia Autonoma Trento,P.A. Trento,541380,160463,29.64,0.02
789,2021-04-27,PAT,3877,1865,2012,27,104,1,5,2094,904,157,530,16,39,3810,67,ITH,ITH2,4,Provincia Autonoma Trento,P.A. Trento,541380,164340,30.36,0.72
790,2021-02-10,PAT,851,291,560,311,7,51,0,1,0,481,0,0,0,509,342,ITH,ITH2,4,Provincia Autonoma Trento,P.A. Trento,541380,165191,30.51,0.16
791,2021-01-10,PAT,84,19,65,54,18,12,0,0,0,0,0,0,0,84,0,ITH,ITH2,4,Provincia Autonoma Trento,P.A. Trento,541380,165275,30.53,0.02
792,2021-05-08,PAT,3151,1721,1430,16,270,0,29,433,95,34,334,157,1783,2734,417,ITH,ITH2,4,Provincia Autonoma Trento,P.A. Trento,541380,168426,31.11,0.58
793,2021-03-14,PAT,107,65,42,102,0,0,5,0,0,0,0,0,0,20,87,ITH,ITH2,4,Provincia Autonoma Trento,P.A. Trento,541380,168533,31.13,0.02
794,2021-04-24,PAT,3507,1682,1825,3,30,3,2,2175,354,43,886,0,11,3494,13,ITH,ITH2,4,Provincia Autonoma Trento,P.A. Trento,541380,172040,31.78,0.65
795,2021-01-31,PAT,75,15,60,55,13,6,0,1,0,0,0,0,0,1,74,ITH,ITH2,4,Provincia Autonoma Trento,P.A. Trento,541380,172115,31.79,0.01
796,2021-04-02,PAT,2787,1143,1644,153,65,44,298,58,1169,699,133,15,153,2113,674,ITH,ITH2,4,Provincia Autonoma Trento,P.A. Trento,541380,174902,32.31,0.51
797,2021-01-12,PAT,505,158,347,419,25,61,0,0,0,0,0,0,0,505,0,ITH,ITH2,4,Provincia Autonoma Trento,P.A. Trento,541380,175407,32.4,0.09
798,2021-01-01,PAT,213,50,163,114,11,88,0,0,0,0,0,0,0,213,0,ITH,ITH2,4,Provincia Autonoma Trento,P.A. Trento,541380,175620,32.44,0.04
799,2021-02-11,PAT,1132,365,767,332,3,48,0,0,5,739,0,0,5,796,336,ITH,ITH2,4,Provincia Autonoma Trento,P.A. Trento,541380,176752,32.65,0.21
800,2021-03-09,PAT,1580,589,991,98,44,31,200,2,8,1102,1,92,2,937,643,ITH,ITH2,4,Provincia Autonoma Trento,P.A. Trento,541380,178332,32.94,0.29
801,2021-04-12,PAT,3077,1401,1676,137,37,30,365,76,1319,754,320,12,27,2581,496,ITH,ITH2,4,Provincia Autonoma Trento,P.A. Trento,541380,181409,33.51,0.57
802,2021-01-07,PAT,1270,310,960,649,46,557,0,1,4,13,0,0,0,1270,0,ITH,ITH2,4,Provincia Autonoma Trento,P.A. Trento,541380,182679,33.74,0.23
803,2021-02-01,PAT,1220,335,885,767,70,375,0,1,1,0,0,0,6,92,1128,ITH,ITH2,4,Provincia Autonoma Trento,P.A. Trento,541380,183899,33.97,0.23
804,2021-03-12,PAT,2493,931,1562,207,254,106,557,9,26,1120,5,203,6,1688,805,ITH,ITH2,4,Provincia Autonoma Trento,P.A. Trento,541380,186392,34.43,0.46
805,2021-02-27,PAT,1026,456,570,460,5,2,113,0,2,435,0,4,5,605,421,ITH,ITH2,4,Provincia Autonoma Trento,P.A. Trento,541380,187418,34.62,0.19
806,2021-02-20,PAT,407,245,162,330,10,30,31,0,0,1,0,3,2,123,284,ITH,ITH2,4,Provincia Autonoma Trento,P.A. Trento,541380,187825,34.69,0.08
807,2021-05-21,PAT,930,394,536,16,51,0,241,202,104,178,72,26,40,343,587,ITH,ITH2,4,Provincia Autonoma Trento,P.A. Trento,541380,188755,34.87,0.17
808,2021-02-08,PAT,1151,318,833,551,53,237,1,1,4,303,0,0,1,342,809,ITH,ITH2,4,Provincia Autonoma Trento,P.A. Trento,541380,189906,35.08,0.21
809,2021-01-25,PAT,817,215,602,524,27,263,0,0,0,2,0,0,1,23,794,ITH,ITH2,4,Provincia Autonoma Trento,P.A. Trento,541380,190723,35.23,0.15
810,2021-03-31,PAT,2561,983,1578,147,35,5,234,26,481,1474,103,6,50,1704,857,ITH,ITH2,4,Provincia Autonoma Trento,P.A. Trento,541380,193284,35.7,0.47
811,2021-02-05,PAT,802,272,530,467,19,66,0,1,0,248,0,0,1,283,519,ITH,ITH2,4,Provincia Autonoma Trento,P.A. Trento,541380,194086,35.85,0.15
812,2021-04-10,PAT,2791,1305,1486,21,8,1,189,42,2183,67,258,11,11,1997,794,ITH,ITH2,4,Provincia Autonoma Trento,P.A. Trento,541380,196877,36.37,0.52
813,2021-04-16,PAT,2832,1341,1491,85,28,25,8,226,1246,389,803,2,20,2687,145,ITH,ITH2,4,Provincia Autonoma Trento,P.A. Trento,541380,199709,36.89,0.52
814,2021-05-17,PAT,4267,2113,2154,9,30,1,179,502,155,88,139,77,3087,3928,339,ITH,ITH2,4,Provincia Autonoma Trento,P.A. Trento,541380,203976,37.68,0.79
815,2021-02-04,PAT,973,304,669,544,10,89,0,1,2,325,0,0,2,420,553,ITH,ITH2,4,Provincia Autonoma Trento,P.A. Trento,541380,204949,37.86,0.18
816,2021-03-22,PAT,2305,973,1332,83,134,8,103,11,849,994,62,38,23,1430,875,ITH,ITH2,4,Provincia Autonoma Trento,P.A. Trento,541380,207254,38.28,0.43
817,2021-01-17,PAT,251,195,56,251,0,0,0,0,0,0,0,0,0,251,0,ITH,ITH2,4,Provincia Autonoma Trento,P.A. Trento,541380,207505,38.33,0.05
818,2021-05-02,PAT,3512,1955,1557,18,137,0,3,1507,150,21,253,128,1295,3474,38,ITH,ITH2,4,Provincia Autonoma Trento,P.A. Trento,541380,211017,38.98,0.65
819,2021-04-06,PAT,2258,949,1309,40,6,9,101,11,850,1070,141,18,12,1493,765,ITH,ITH2,4,Provincia Autonoma Trento,P.A. Trento,541380,213275,39.39,0.42
820,2021-03-28,PAT,748,292,456,19,414,0,2,9,18,8,168,107,3,745,3,ITH,ITH2,4,Provincia Autonoma Trento,P.A. Trento,541380,214023,39.53,0.14
821,2021-04-03,PAT,1138,471,667,142,269,0,31,10,146,61,369,108,2,971,167,ITH,ITH2,4,Provincia Autonoma Trento,P.A. Trento,541380,215161,39.74,0.21
822,2021-02-22,PAT,745,259,486,119,4,70,45,1,4,501,0,0,1,661,84,ITH,ITH2,4,Provincia Autonoma Trento,P.A. Trento,541380,215906,39.88,0.14
823,2021-04-26,PAT,2646,1244,1402,18,12,0,10,669,1149,154,620,1,13,2552,94,ITH,ITH2,4,Provincia Autonoma Trento,P.A. Trento,541380,218552,40.37,0.49
824,2021-03-19,PAT,2423,915,1508,321,74,53,68,17,758,1065,50,2,15,1571,852,ITH,ITH2,4,Provincia Autonoma Trento,P.A. Trento,541380,220975,40.82,0.45
825,2021-02-18,PAT,1205,426,779,300,25,35,55,2,3,782,0,3,0,1143,62,ITH,ITH2,4,Provincia Autonoma Trento,P.A. Trento,541380,222180,41.04,0.22
826,2021-01-16,PAT,319,148,171,304,0,15,0,0,0,0,0,0,0,319,0,ITH,ITH2,4,Provincia Autonoma Trento,P.A. Trento,541380,222499,41.1,0.06
827,2021-02-28,PAT,242,121,121,231,0,0,11,0,0,0,0,0,0,242,0,ITH,ITH2,4,Provincia Autonoma Trento,P.A. Trento,541380,222741,41.14,0.04
828,2021-05-19,PAT,4767,2326,2441,90,81,12,147,350,220,737,293,113,2724,3625,1142,ITH,ITH2,4,Provincia Autonoma Trento,P.A. Trento,541380,227508,42.02,0.88
829,2021-03-16,PAT,1391,506,885,221,7,36,5,1,24,1073,11,0,13,608,783,ITH,ITH2,4,Provincia Autonoma Trento,P.A. Trento,541380,228899,42.28,0.26
830,2021-02-25,PAT,1640,643,997,120,9,32,93,2,3,1377,0,1,3,1200,440,ITH,ITH2,4,Provincia Autonoma Trento,P.A. Trento,541380,230539,42.58,0.3
831,2021-01-19,PAT,405,77,328,365,3,36,0,0,0,0,0,0,1,405,0,ITH,ITH2,4,Provincia Autonoma Trento,P.A. Trento,541380,230944,42.66,0.07
832,2021-02-14,PAT,246,186,60,246,0,0,0,0,0,0,0,0,0,11,235,ITH,ITH2,4,Provincia Autonoma Trento,P.A. Trento,541380,231190,42.7,0.05
833,2021-01-28,PAT,530,147,383,390,29,107,0,1,1,2,0,0,0,48,482,ITH,ITH2,4,Provincia Autonoma Trento,P.A. Trento,541380,231720,42.8,0.1
834,2021-02-19,PAT,927,358,569,169,38,93,28,5,11,582,0,1,0,869,58,ITH,ITH2,4,Provincia Autonoma Trento,P.A. Trento,541380,232647,42.97,0.17
835,2021-01-04,PAT,870,227,643,486,41,336,0,2,4,1,0,0,0,870,0,ITH,ITH2,4,Provincia Autonoma Trento,P.A. Trento,541380,233517,43.13,0.16
836,2021-04-09,PAT,2705,1143,1562,86,27,27,196,60,1290,897,112,4,6,1506,1199,ITH,ITH2,4,Provincia Autonoma Trento,P.A. Trento,541380,236222,43.63,0.5
837,2021-01-03,PAT,492,160,332,419,9,63,0,0,0,0,0,0,1,492,0,ITH,ITH2,4,Provincia Autonoma Trento,P.A. Trento,541380,236714,43.72,0.09
838,2021-04-28,PAT,4240,1971,2269,99,43,5,24,2416,908,168,534,3,40,4102,138,ITH,ITH2,4,Provincia Autonoma Trento,P.A. Trento,541380,240954,44.51,0.78
839,2021-02-03,PAT,846,314,532,356,13,73,0,1,2,400,0,0,1,414,432,ITH,ITH2,4,Provincia Autonoma Trento,P.A. Trento,541380,241800,44.66,0.16
840,2021-04-13,PAT,2546,1054,1492,25,12,3,389,40,1217,693,145,2,20,2039,507,ITH,ITH2,4,Provincia Autonoma Trento,P.A. Trento,541380,244346,45.13,0.47
841,2020-12-30,PAT,7,3,4,4,1,2,0,0,0,0,0,0,0,7,0,ITH,ITH2,4,Provincia Autonoma Trento,P.A. Trento,541380,244353,45.14,0.0
842,2021-05-03,PAT,4234,2178,2056,90,80,3,7,2064,445,115,514,135,781,4081,153,ITH,ITH2,4,Provincia Autonoma Trento,P.A. Trento,541380,248587,45.92,0.78
843,2021-05-01,PAT,4837,2463,2374,25,71,0,4,2924,179,44,564,81,945,4802,35,ITH,ITH2,4,Provincia Autonoma Trento,P.A. Trento,541380,253424,46.81,0.89
844,2021-03-25,PAT,2874,1103,1771,184,141,28,360,32,631,1327,84,25,62,1824,1050,ITH,ITH2,4,Provincia Autonoma Trento,P.A. Trento,541380,256298,47.34,0.53
845,2021-03-30,PAT,2382,971,1411,71,60,53,178,17,792,1049,96,9,57,1745,637,ITH,ITH2,4,Provincia Autonoma Trento,P.A. Trento,541380,258680,47.78,0.44
846,2021-01-26,PAT,542,154,388,441,16,84,0,0,0,0,0,0,1,27,515,ITH,ITH2,4,Provincia Autonoma Trento,P.A. Trento,541380,259222,47.88,0.1
847,2021-01-07,LIG,3229,1095,2134,2340,315,465,4,18,5,0,0,1,81,3229,0,ITC,ITC3,7,Liguria,Liguria,1550640,3229,0.21,0.21
848,2021-01-08,LIG,2926,999,1927,2083,343,431,4,12,0,0,0,1,52,2926,0,ITC,ITC3,7,Liguria,Liguria,1550640,6155,0.4,0.19
849,2021-02-18,LIG,2762,1126,1636,958,195,350,2,22,7,1006,35,0,187,2431,331,ITC,ITC3,7,Liguria,Liguria,1550640,8917,0.58,0.18
850,2021-02-19,LIG,3213,1305,1908,1022,269,156,3,39,22,1450,0,4,248,3037,176,ITC,ITC3,7,Liguria,Liguria,1550640,12130,0.78,0.21
851,2021-04-28,LIG,14448,6520,7928,276,181,85,333,3102,4047,3121,2893,59,351,6460,7988,ITC,ITC3,7,Liguria,Liguria,1550640,26578,1.71,0.93
852,2021-04-10,LIG,7877,3556,4321,216,90,34,9,172,3954,1578,1612,6,206,6963,914,ITC,ITC3,7,Liguria,Liguria,1550640,34455,2.22,0.51
853,2021-02-11,LIG,1975,767,1208,1250,231,457,6,3,1,0,4,0,23,1104,871,ITC,ITC3,7,Liguria,Liguria,1550640,36430,2.35,0.13
854,2021-01-18,LIG,2134,744,1390,1252,384,438,10,12,5,1,0,0,32,1977,157,ITC,ITC3,7,Liguria,Liguria,1550640,38564,2.49,0.14
855,2021-03-16,LIG,6073,2722,3351,939,176,324,6,35,77,4275,142,14,85,2349,3724,ITC,ITC3,7,Liguria,Liguria,1550640,44637,2.88,0.39
856,2021-05-12,LIG,11124,4936,6188,502,161,66,91,2272,2860,2209,2200,30,733,5789,5335,ITC,ITC3,7,Liguria,Liguria,1550640,55761,3.6,0.72
857,2021-03-13,LIG,3826,1616,2210,332,121,72,789,100,45,1782,11,180,394,2971,855,ITC,ITC3,7,Liguria,Liguria,1550640,59587,3.84,0.25
858,2021-02-22,LIG,3334,1467,1867,714,104,239,2,2,13,2236,0,7,17,3192,142,ITC,ITC3,7,Liguria,Liguria,1550640,62921,4.06,0.22
859,2021-03-26,LIG,9121,3854,5267,602,325,65,1297,220,265,3896,1840,377,234,5967,3154,ITC,ITC3,7,Liguria,Liguria,1550640,72042,4.65,0.59
860,2020-12-29,LIG,125,33,92,93,11,21,0,0,0,0,0,0,0,125,0,ITC,ITC3,7,Liguria,Liguria,1550640,72167,4.65,0.01
861,2021-03-12,LIG,6151,2814,3337,1205,459,85,4,77,79,3504,51,590,97,3682,2469,ITC,ITC3,7,Liguria,Liguria,1550640,78318,5.05,0.4
862,2021-04-02,LIG,11671,5117,6554,435,225,40,911,356,3181,3623,2465,139,296,9185,2486,ITC,ITC3,7,Liguria,Liguria,1550640,89989,5.8,0.75
863,2021-01-16,LIG,1278,557,721,753,196,299,1,4,2,0,1,0,22,1278,0,ITC,ITC3,7,Liguria,Liguria,1550640,91267,5.89,0.08
864,2021-04-04,LIG,756,366,390,30,0,0,0,36,64,325,222,0,79,507,249,ITC,ITC3,7,Liguria,Liguria,1550640,92023,5.93,0.05
865,2021-01-01,LIG,144,55,89,139,5,0,0,0,0,0,0,0,0,144,0,ITC,ITC3,7,Liguria,Liguria,1550640,92167,5.94,0.01
866,2021-01-05,LIG,2879,896,1983,2308,240,261,7,7,1,17,0,0,38,2879,0,ITC,ITC3,7,Liguria,Liguria,1550640,95046,6.13,0.19
867,2021-04-01,LIG,12379,5468,6911,437,239,142,940,345,3490,3710,2546,188,342,9609,2770,ITC,ITC3,7,Liguria,Liguria,1550640,107425,6.93,0.8
868,2021-01-20,LIG,1550,555,995,728,332,480,2,0,2,0,0,0,6,1538,12,ITC,ITC3,7,Liguria,Liguria,1550640,108975,7.03,0.1
869,2021-01-10,LIG,648,262,386,369,101,176,0,1,0,0,0,0,1,648,0,ITC,ITC3,7,Liguria,Liguria,1550640,109623,7.07,0.04
870,2021-04-03,LIG,5406,2498,2908,117,79,3,19,136,2420,1395,1125,9,103,4463,943,ITC,ITC3,7,Liguria,Liguria,1550640,115029,7.42,0.35
871,2021-01-15,LIG,2257,754,1503,1328,350,517,2,8,1,2,1,0,48,2257,0,ITC,ITC3,7,Liguria,Liguria,1550640,117286,7.56,0.15
872,2021-02-02,LIG,2668,1005,1663,1974,216,464,2,2,0,0,0,0,10,134,2534,ITC,ITC3,7,Liguria,Liguria,1550640,119954,7.74,0.17
873,2021-01-06,LIG,1660,616,1044,1230,142,113,3,36,10,65,0,0,61,1660,0,ITC,ITC3,7,Liguria,Liguria,1550640,121614,7.84,0.11
874,2021-01-28,LIG,2847,971,1876,2239,270,310,5,0,1,1,0,1,20,39,2808,ITC,ITC3,7,Liguria,Liguria,1550640,124461,8.03,0.18
875,2021-05-09,LIG,2820,1242,1578,123,61,4,70,111,1014,428,790,16,203,1110,1710,ITC,ITC3,7,Liguria,Liguria,1550640,127281,8.21,0.18
876,2021-04-07,LIG,13585,6032,7553,442,288,108,574,491,4246,4294,2631,150,361,11296,2289,ITC,ITC3,7,Liguria,Liguria,1550640,140866,9.08,0.88
877,2021-01-02,LIG,691,245,446,595,95,0,0,0,0,0,0,0,1,691,0,ITC,ITC3,7,Liguria,Liguria,1550640,141557,9.13,0.04
878,2021-05-05,LIG,13680,6124,7556,534,202,118,18,2572,4620,2989,2172,132,323,5269,8411,ITC,ITC3,7,Liguria,Liguria,1550640,155237,10.01,0.88
879,2021-04-09,LIG,12405,5550,6855,545,354,110,582,442,4131,3625,2243,61,312,10677,1728,ITC,ITC3,7,Liguria,Liguria,1550640,167642,10.81,0.8
880,2021-01-11,LIG,2654,990,1664,1992,314,315,1,7,0,0,1,0,24,2654,0,ITC,ITC3,7,Liguria,Liguria,1550640,170296,10.98,0.17
881,2021-01-14,LIG,2981,1055,1926,1871,524,553,1,5,0,0,0,2,25,2981,0,ITC,ITC3,7,Liguria,Liguria,1550640,173277,11.17,0.19
882,2021-03-03,LIG,4582,1847,2735,1040,203,308,4,5,5,2982,0,4,31,3556,1026,ITC,ITC3,7,Liguria,Liguria,1550640,177859,11.47,0.3
883,2021-01-09,LIG,1335,481,854,999,131,188,2,4,0,0,0,1,10,1335,0,ITC,ITC3,7,Liguria,Liguria,1550640,179194,11.56,0.09
884,2021-02-16,LIG,2397,954,1443,984,238,283,2,19,4,704,12,0,151,2004,393,ITC,ITC3,7,Liguria,Liguria,1550640,181591,11.71,0.15
885,2021-05-06,LIG,13621,5995,7626,657,340,114,51,2667,4028,2878,2431,155,300,5321,8300,ITC,ITC3,7,Liguria,Liguria,1550640,195212,12.59,0.88
886,2021-04-24,LIG,8169,3785,4384,137,116,58,4,1871,2566,1293,1903,8,213,5017,3152,ITC,ITC3,7,Liguria,Liguria,1550640,203381,13.12,0.53
887,2021-04-18,LIG,2584,1151,1433,216,93,44,1,20,798,526,880,0,6,2115,469,ITC,ITC3,7,Liguria,Liguria,1550640,205965,13.28,0.17
888,2021-02-10,LIG,2312,837,1475,1365,395,513,5,6,2,5,0,0,21,1020,1292,ITC,ITC3,7,Liguria,Liguria,1550640,208277,13.43,0.15
889,2021-05-18,LIG,12680,5737,6943,574,188,40,85,1910,3054,1657,2236,219,2717,9416,3264,ITC,ITC3,7,Liguria,Liguria,1550640,220957,14.25,0.82
890,2021-04-29,LIG,15549,6974,8575,554,228,142,527,3461,4706,2934,2635,82,280,6730,8819,ITC,ITC3,7,Liguria,Liguria,1550640,236506,15.25,1.0
891,2021-01-31,LIG,624,270,354,418,71,135,0,0,0,0,0,0,0,9,615,ITC,ITC3,7,Liguria,Liguria,1550640,237130,15.29,0.04
892,2021-05-21,LIG,3082,1423,1659,144,67,15,76,603,787,363,694,98,235,2021,1061,ITC,ITC3,7,Liguria,Liguria,1550640,240212,15.49,0.2
893,2021-02-20,LIG,1336,637,699,160,107,123,0,34,5,589,0,4,314,1335,1,ITC,ITC3,7,Liguria,Liguria,1550640,241548,15.58,0.09
894,2021-05-04,LIG,13598,6081,7517,489,103,126,17,2807,4455,3025,2184,89,303,5371,8227,ITC,ITC3,7,Liguria,Liguria,1550640,255146,16.45,0.88
895,2021-01-21,LIG,1103,385,718,585,159,332,0,2,2,1,0,0,22,672,431,ITC,ITC3,7,Liguria,Liguria,1550640,256249,16.53,0.07
896,2021-02-23,LIG,3806,1559,2247,688,163,116,1,5,5,2749,42,4,33,3697,109,ITC,ITC3,7,Liguria,Liguria,1550640,260055,16.77,0.25
897,2021-02-26,LIG,3767,1524,2243,784,147,168,2,16,26,2609,0,0,15,3439,328,ITC,ITC3,7,Liguria,Liguria,1550640,263822,17.01,0.24
898,2021-04-30,LIG,14039,6267,7772,346,172,76,513,2811,4149,2923,2718,57,274,5470,8569,ITC,ITC3,7,Liguria,Liguria,1550640,277861,17.92,0.91
899,2021-02-13,LIG,1080,508,572,543,80,148,0,0,0,257,0,2,50,800,280,ITC,ITC3,7,Liguria,Liguria,1550640,278941,17.99,0.07
900,2021-02-12,LIG,1930,691,1239,873,206,399,1,2,1,431,0,7,10,899,1031,ITC,ITC3,7,Liguria,Liguria,1550640,280871,18.11,0.12
901,2021-02-24,LIG,3763,1560,2203,806,193,153,1,2,6,2583,1,0,18,3505,258,ITC,ITC3,7,Liguria,Liguria,1550640,284634,18.36,0.24
902,2021-03-06,LIG,3303,1841,1462,377,151,120,1,58,6,1538,0,559,493,2598,705,ITC,ITC3,7,Liguria,Liguria,1550640,287937,18.57,0.21
903,2021-05-10,LIG,12110,5326,6784,527,179,49,13,2433,3516,2677,2304,30,382,5737,6373,ITC,ITC3,7,Liguria,Liguria,1550640,300047,19.35,0.78
904,2021-04-11,LIG,4249,1931,2318,67,55,25,73,66,2116,627,1175,10,35,4000,249,ITC,ITC3,7,Liguria,Liguria,1550640,304296,19.62,0.27
905,2021-03-20,LIG,2316,995,1321,224,81,0,0,12,44,1857,12,67,19,1142,1174,ITC,ITC3,7,Liguria,Liguria,1550640,306612,19.77,0.15
906,2021-02-17,LIG,2688,1181,1507,908,203,299,2,15,8,1121,0,8,124,2263,425,ITC,ITC3,7,Liguria,Liguria,1550640,309300,19.95,0.17
907,2021-01-25,LIG,2725,889,1836,2211,176,321,2,5,1,0,0,0,9,478,2247,ITC,ITC3,7,Liguria,Liguria,1550640,312025,20.12,0.18
908,2021-04-12,LIG,12384,5475,6909,536,229,117,45,539,4164,4209,2154,68,323,10365,2019,ITC,ITC3,7,Liguria,Liguria,1550640,324409,20.92,0.8
909,2021-03-10,LIG,5878,2840,3038,827,349,95,1,23,28,3752,42,612,149,3972,1906,ITC,ITC3,7,Liguria,Liguria,1550640,330287,21.3,0.38
910,2021-03-31,LIG,11844,5207,6637,527,179,103,879,352,2612,4217,2444,219,312,9074,2770,ITC,ITC3,7,Liguria,Liguria,1550640,342131,22.06,0.76
911,2021-04-22,LIG,13812,6192,7620,531,168,51,534,2708,3375,3007,2959,135,344,8748,5064,ITC,ITC3,7,Liguria,Liguria,1550640,355943,22.95,0.89
912,2021-03-27,LIG,3921,1538,2383,176,175,36,706,26,89,2058,502,92,61,2525,1396,ITC,ITC3,7,Liguria,Liguria,1550640,359864,23.21,0.25
913,2021-04-08,LIG,13727,6157,7570,685,322,110,651,461,4357,3932,2796,76,337,11683,2044,ITC,ITC3,7,Liguria,Liguria,1550640,373591,24.09,0.89
914,2021-03-02,LIG,4074,1689,2385,728,92,76,4,8,16,3089,42,3,16,3764,310,ITC,ITC3,7,Liguria,Liguria,1550640,377665,24.36,0.26
915,2021-03-30,LIG,12147,5379,6768,485,256,152,849,317,2410,4296,2814,279,289,8758,3389,ITC,ITC3,7,Liguria,Liguria,1550640,389812,25.14,0.78
916,2021-05-02,LIG,3872,1768,2104,51,20,2,1,275,2277,402,786,2,56,500,3372,ITC,ITC3,7,Liguria,Liguria,1550640,393684,25.39,0.25
917,2021-03-01,LIG,3501,1428,2073,529,81,106,1,4,6,2751,0,0,23,3379,122,ITC,ITC3,7,Liguria,Liguria,1550640,397185,25.61,0.23
918,2021-03-08,LIG,5622,2456,3166,1124,319,80,7,35,15,3570,11,384,77,3933,1689,ITC,ITC3,7,Liguria,Liguria,1550640,402807,25.98,0.36
919,2021-05-07,LIG,13561,6022,7539,595,381,52,35,2524,4105,2655,2537,141,536,5796,7765,ITC,ITC3,7,Liguria,Liguria,1550640,416368,26.85,0.87
920,2021-04-17,LIG,7382,3217,4165,202,174,160,3,1206,2596,1505,1366,8,162,6632,750,ITC,ITC3,7,Liguria,Liguria,1550640,423750,27.33,0.48
921,2021-04-06,LIG,13171,5857,7314,543,268,208,554,374,4064,4151,2494,134,381,10931,2240,ITC,ITC3,7,Liguria,Liguria,1550640,436921,28.18,0.85
922,2021-01-23,LIG,809,295,514,633,129,43,1,2,1,0,0,0,0,153,656,ITC,ITC3,7,Liguria,Liguria,1550640,437730,28.23,0.05
923,2021-04-26,LIG,10425,4904,5521,355,113,123,3,3403,2503,1363,2344,58,160,7810,2615,ITC,ITC3,7,Liguria,Liguria,1550640,448155,28.9,0.67
924,2021-03-17,LIG,5553,2369,3184,782,156,93,8,20,74,4260,109,4,47,2474,3079,ITC,ITC3,7,Liguria,Liguria,1550640,453708,29.26,0.36
925,2021-05-13,LIG,13037,5849,7188,565,238,63,46,2999,2774,2274,2605,85,1388,8822,4215,ITC,ITC3,7,Liguria,Liguria,1550640,466745,30.1,0.84
926,2021-02-04,LIG,2816,985,1831,1866,462,471,8,0,0,0,0,1,8,179,2637,ITC,ITC3,7,Liguria,Liguria,1550640,469561,30.28,0.18
927,2021-02-15,LIG,2264,839,1425,1091,216,241,2,12,1,664,0,1,36,1867,397,ITC,ITC3,7,Liguria,Liguria,1550640,471825,30.43,0.15
928,2021-02-28,LIG,1060,581,479,12,2,4,0,63,7,474,0,0,498,1051,9,ITC,ITC3,7,Liguria,Liguria,1550640,472885,30.5,0.07
929,2020-12-30,LIG,12,5,7,12,0,0,0,0,0,0,0,0,0,12,0,ITC,ITC3,7,Liguria,Liguria,1550640,472897,30.5,0.0
930,2021-05-17,LIG,11521,5222,6299,469,218,51,192,1898,2704,1564,1940,214,2271,8230,3291,ITC,ITC3,7,Liguria,Liguria,1550640,484418,31.24,0.74
931,2021-02-09,LIG,1936,689,1247,1099,325,475,22,2,0,0,0,0,13,257,1679,ITC,ITC3,7,Liguria,Liguria,1550640,486354,31.36,0.12
932,2021-03-22,LIG,7662,3399,4263,581,193,83,879,125,97,4086,1106,371,141,4729,2933,ITC,ITC3,7,Liguria,Liguria,1550640,494016,31.86,0.49
933,2021-05-14,LIG,12881,5649,7232,448,240,52,389,2391,3126,2189,2270,22,1754,8583,4298,ITC,ITC3,7,Liguria,Liguria,1550640,506897,32.69,0.83
934,2021-01-17,LIG,862,300,562,517,30,262,1,4,2,0,0,0,46,862,0,ITC,ITC3,7,Liguria,Liguria,1550640,507759,32.75,0.06
935,2021-04-05,LIG,3976,1751,2225,188,44,10,10,141,921,2211,338,5,108,2327,1649,ITC,ITC3,7,Liguria,Liguria,1550640,511735,33.0,0.26
936,2021-02-07,LIG,407,153,254,191,18,187,0,0,0,0,9,0,2,2,405,ITC,ITC3,7,Liguria,Liguria,1550640,512142,33.03,0.03
937,2021-03-11,LIG,6352,3054,3298,1146,168,262,2,43,39,3800,90,722,80,4346,2006,ITC,ITC3,7,Liguria,Liguria,1550640,518494,33.44,0.41
938,2021-01-04,LIG,2617,855,1762,2199,158,176,3,22,3,0,1,0,55,2617,0,ITC,ITC3,7,Liguria,Liguria,1550640,521111,33.61,0.17
939,2021-05-03,LIG,13265,5920,7345,353,193,101,24,3652,3300,2936,2349,93,264,6454,6811,ITC,ITC3,7,Liguria,Liguria,1550640,534376,34.46,0.86
940,2021-04-25,LIG,1936,921,1015,12,2,0,0,676,739,162,340,0,5,1521,415,ITC,ITC3,7,Liguria,Liguria,1550640,536312,34.59,0.12
941,2021-04-23,LIG,14382,6518,7864,357,226,106,544,3234,3253,3266,3020,90,286,8262,6120,ITC,ITC3,7,Liguria,Liguria,1550640,550694,35.51,0.93
942,2020-12-31,LIG,989,354,635,751,34,155,0,4,10,28,0,0,7,989,0,ITC,ITC3,7,Liguria,Liguria,1550640,551683,35.58,0.06
943,2021-02-21,LIG,869,491,378,183,21,102,0,38,4,267,0,0,254,865,4,ITC,ITC3,7,Liguria,Liguria,1550640,552552,35.63,0.06
944,2021-03-15,LIG,7302,3076,4226,819,338,106,962,127,83,3782,628,304,153,4598,2704,ITC,ITC3,7,Liguria,Liguria,1550640,559854,36.1,0.47
945,2021-02-06,LIG,1892,768,1124,1310,186,375,1,0,1,0,0,0,19,145,1747,ITC,ITC3,7,Liguria,Liguria,1550640,561746,36.23,0.12
946,2021-04-13,LIG,13052,5860,7192,514,228,112,103,594,4635,4365,2140,88,273,11033,2019,ITC,ITC3,7,Liguria,Liguria,1550640,574798,37.07,0.84
947,2021-01-13,LIG,2755,1014,1741,1913,307,487,4,8,7,1,0,0,28,2755,0,ITC,ITC3,7,Liguria,Liguria,1550640,577553,37.25,0.18
948,2021-01-03,LIG,734,230,504,658,62,0,1,2,0,0,0,0,11,734,0,ITC,ITC3,7,Liguria,Liguria,1550640,578287,37.29,0.05
949,2021-01-30,LIG,1661,567,1094,1261,121,257,2,6,0,0,0,0,14,25,1636,ITC,ITC3,7,Liguria,Liguria,1550640,579948,37.4,0.11
950,2021-04-16,LIG,11696,5146,6550,493,249,163,43,1827,3130,3461,2036,77,217,9885,1811,ITC,ITC3,7,Liguria,Liguria,1550640,591644,38.15,0.75
951,2021-01-19,LIG,1371,438,933,718,313,330,3,1,0,0,0,0,6,1281,90,ITC,ITC3,7,Liguria,Liguria,1550640,593015,38.24,0.09
952,2021-04-20,LIG,13775,6304,7471,463,130,171,378,3032,3010,3468,2787,18,318,9426,4349,ITC,ITC3,7,Liguria,Liguria,1550640,606790,39.13,0.89
953,2021-02-05,LIG,2675,986,1689,1744,418,494,4,1,1,0,0,0,13,304,2371,ITC,ITC3,7,Liguria,Liguria,1550640,609465,39.3,0.17
954,2021-02-03,LIG,2316,792,1524,1628,224,416,1,7,4,0,0,0,36,55,2261,ITC,ITC3,7,Liguria,Liguria,1550640,611781,39.45,0.15
955,2020-12-28,LIG,80,30,50,77,0,0,0,1,0,1,0,0,1,80,0,ITC,ITC3,7,Liguria,Liguria,1550640,611861,39.46,0.01
956,2021-03-23,LIG,9036,4082,4954,662,222,126,1310,151,105,4054,1659,583,164,5827,3209,ITC,ITC3,7,Liguria,Liguria,1550640,620897,40.04,0.58
957,2021-05-01,LIG,7134,3255,3879,167,63,24,3,693,3866,926,1235,6,151,1332,5802,ITC,ITC3,7,Liguria,Liguria,1550640,628031,40.5,0.46
958,2021-03-24,LIG,8943,3835,5108,524,235,103,1344,154,140,4341,1391,556,155,5655,3288,ITC,ITC3,7,Liguria,Liguria,1550640,636974,41.08,0.58
959,2021-05-11,LIG,13656,6171,7485,438,135,65,66,3024,4270,2518,2283,20,837,7066,6590,ITC,ITC3,7,Liguria,Liguria,1550640,650630,41.96,0.88
960,2021-02-25,LIG,3455,1349,2106,555,138,92,1,7,3,2586,42,3,28,3325,130,ITC,ITC3,7,Liguria,Liguria,1550640,654085,42.18,0.22
961,2021-01-24,LIG,756,237,519,632,61,60,0,0,0,0,0,0,3,113,643,ITC,ITC3,7,Liguria,Liguria,1550640,654841,42.23,0.05
962,2021-03-25,LIG,9596,4081,5515,662,266,172,1614,151,259,3736,2064,524,148,6203,3393,ITC,ITC3,7,Liguria,Liguria,1550640,664437,42.85,0.62
963,2021-03-07,LIG,1857,1084,773,184,200,258,1,29,3,509,0,404,269,1556,301,ITC,ITC3,7,Liguria,Liguria,1550640,666294,42.97,0.12
964,2020-12-27,LIG,135,56,79,88,0,45,0,0,0,0,0,0,2,135,0,ITC,ITC3,7,Liguria,Liguria,1550640,666429,42.98,0.01
965,2021-04-14,LIG,13020,5655,7365,461,291,125,61,566,4742,4364,2130,38,242,10817,2203,ITC,ITC3,7,Liguria,Liguria,1550640,679449,43.82,0.84
966,2021-03-04,LIG,4738,2118,2620,923,171,290,4,3,8,2922,42,327,48,3891,847,ITC,ITC3,7,Liguria,Liguria,1550640,684187,44.12,0.31
967,2021-03-09,LIG,5932,2754,3178,1042,315,132,2,51,45,3586,42,629,88,4503,1429,ITC,ITC3,7,Liguria,Liguria,1550640,690119,44.51,0.38
968,2021-04-27,LIG,14740,6678,8062,324,171,104,320,3773,3740,3276,2739,42,251,7161,7579,ITC,ITC3,7,Liguria,Liguria,1550640,704859,45.46,0.95
969,2021-01-26,LIG,2484,803,1681,1965,253,252,5,1,0,0,1,0,7,13,2471,ITC,ITC3,7,Liguria,Liguria,1550640,707343,45.62,0.16
970,2021-04-19,LIG,12812,5617,7195,560,170,103,247,2647,2920,3346,2561,35,223,9003,3809,ITC,ITC3,7,Liguria,Liguria,1550640,720155,46.44,0.83
971,2021-05-15,LIG,7100,3157,3943,189,72,6,316,1086,2127,638,1609,7,1050,4298,2802,ITC,ITC3,7,Liguria,Liguria,1550640,727255,46.9,0.46
972,2021-01-27,LIG,1744,603,1141,1337,169,226,1,0,0,0,0,0,11,141,1603,ITC,ITC3,7,Liguria,Liguria,1550640,728999,47.01,0.11
973,2021-03-14,LIG,1658,752,906,66,68,176,431,70,13,577,3,52,202,1054,604,ITC,ITC3,7,Liguria,Liguria,1550640,730657,47.12,0.11
974,2021-04-21,LIG,14245,6432,7813,518,195,61,498,2662,3513,3676,2756,78,288,8922,5323,ITC,ITC3,7,Liguria,Liguria,1550640,744902,48.04,0.92
975,2021-05-08,LIG,7527,3330,4197,140,154,135,4,982,3001,1331,1561,13,206,2322,5205,ITC,ITC3,7,Liguria,Liguria,1550640,752429,48.52,0.49
976,2021-02-14,LIG,233,122,111,31,0,112,0,0,0,60,0,0,30,233,0,ITC,ITC3,7,Liguria,Liguria,1550640,752662,48.54,0.02
977,2021-01-12,LIG,2460,886,1574,1750,250,439,2,2,1,0,0,1,15,2460,0,ITC,ITC3,7,Liguria,Liguria,1550640,755122,48.7,0.16
978,2021-04-15,LIG,11813,5217,6596,490,257,140,58,485,3983,3712,2410,76,202,9962,1851,ITC,ITC3,7,Liguria,Liguria,1550640,766935,49.46,0.76
979,2021-03-28,LIG,1142,511,631,135,92,145,0,25,86,532,86,2,39,391,751,ITC,ITC3,7,Liguria,Liguria,1550640,768077,49.53,0.07
980,2021-03-19,LIG,5296,2235,3061,735,202,137,83,54,80,3703,165,88,49,2149,3147,ITC,ITC3,7,Liguria,Liguria,1550640,773373,49.87,0.34
981,2021-03-29,LIG,10441,4511,5930,467,259,119,884,254,1567,3962,2396,205,328,7311,3130,ITC,ITC3,7,Liguria,Liguria,1550640,783814,50.55,0.67
982,2021-02-01,LIG,2558,923,1635,1948,203,383,1,6,0,0,1,0,16,90,2468,ITC,ITC3,7,Liguria,Liguria,1550640,786372,50.71,0.16
983,2021-05-19,LIG,12935,5691,7244,569,215,74,198,2003,3125,1419,1929,126,3277,9871,3064,ITC,ITC3,7,Liguria,Liguria,1550640,799307,51.55,0.83
984,2021-02-08,LIG,1977,742,1235,1255,367,311,7,11,4,1,0,0,21,306,1671,ITC,ITC3,7,Liguria,Liguria,1550640,801284,51.67,0.13
985,2021-03-21,LIG,552,221,331,7,3,0,0,0,13,525,1,0,3,69,483,ITC,ITC3,7,Liguria,Liguria,1550640,801836,51.71,0.04
986,2021-05-20,LIG,11988,5581,6407,594,257,53,193,1708,2064,1128,2166,559,3266,8044,3944,ITC,ITC3,7,Liguria,Liguria,1550640,813824,52.48,0.77
987,2021-01-29,LIG,3079,1064,2015,2312,300,441,2,4,0,0,0,0,20,67,3012,ITC,ITC3,7,Liguria,Liguria,1550640,816903,52.68,0.2
988,2021-02-27,LIG,1888,921,967,139,18,5,0,61,0,1205,0,0,460,1759,129,ITC,ITC3,7,Liguria,Liguria,1550640,818791,52.8,0.12
989,2021-01-22,LIG,1816,604,1212,1066,175,565,0,2,0,2,1,0,5,1330,486,ITC,ITC3,7,Liguria,Liguria,1550640,820607,52.92,0.12
990,2021-03-18,LIG,4982,2124,2858,636,87,98,5,63,80,3691,219,6,97,2009,2973,ITC,ITC3,7,Liguria,Liguria,1550640,825589,53.24,0.32
991,2021-03-05,LIG,4869,2150,2719,801,221,81,5,5,8,3339,6,365,38,3737,1132,ITC,ITC3,7,Liguria,Liguria,1550640,830458,53.56,0.31
992,2021-05-16,LIG,3684,1851,1833,20,103,0,258,224,547,201,844,7,1480,2133,1551,ITC,ITC3,7,Liguria,Liguria,1550640,834142,53.79,0.24
993,2020-12-31,EMR,2207,777,1430,1676,96,330,0,9,5,13,0,0,78,2207,0,ITH,ITH5,8,Emilia-Romagna,Emilia-Romagna,4459477,2207,0.05,0.05
994,2021-04-12,EMR,19179,8980,10199,441,170,314,62,388,4521,6699,6451,95,38,14748,4431,ITH,ITH5,8,Emilia-Romagna,Emilia-Romagna,4459477,21386,0.48,0.43
995,2021-02-07,EMR,4793,1537,3256,3689,565,447,3,8,1,10,0,0,70,1732,3061,ITH,ITH5,8,Emilia-Romagna,Emilia-Romagna,4459477,26179,0.59,0.11
996,2021-03-28,EMR,12972,5769,7203,297,143,50,328,61,4005,5051,2705,258,74,9338,3634,ITH,ITH5,8,Emilia-Romagna,Emilia-Romagna,4459477,39151,0.88,0.29
997,2021-05-19,EMR,32640,14524,18116,997,154,49,2926,8884,3302,947,10875,483,4023,17870,14770,ITH,ITH5,8,Emilia-Romagna,Emilia-Romagna,4459477,71791,1.61,0.73
998,2021-05-14,EMR,35946,16556,19390,459,94,115,1553,14423,3093,1365,10750,44,4050,26492,9454,ITH,ITH5,8,Emilia-Romagna,Emilia-Romagna,4459477,107737,2.42,0.81
999,2021-01-17,EMR,2890,887,2003,1914,378,547,4,14,5,2,0,0,26,2644,246,ITH,ITH5,8,Emilia-Romagna,Emilia-Romagna,4459477,110627,2.48,0.06
1000,2021-03-19,EMR,15573,6779,8794,1135,565,118,343,79,895,10577,963,764,134,7727,7846,ITH,ITH5,8,Emilia-Romagna,Emilia-Romagna,4459477,126200,2.83,0.35
1001,2021-05-13,EMR,35389,16307,19082,387,139,116,955,14383,3275,2065,8794,46,5229,27655,7734,ITH,ITH5,8,Emilia-Romagna,Emilia-Romagna,4459477,161589,3.62,0.79
1002,2021-04-06,EMR,24612,11106,13506,639,207,197,410,239,5967,11507,5212,87,147,19875,4737,ITH,ITH5,8,Emilia-Romagna,Emilia-Romagna,4459477,186201,4.18,0.55
1003,2021-04-26,EMR,27815,12891,14924,905,245,170,17,1283,8845,5592,10471,136,151,18525,9290,ITH,ITH5,8,Emilia-Romagna,Emilia-Romagna,4459477,214016,4.8,0.62
1004,2021-03-20,EMR,16081,6828,9253,702,385,98,840,57,2958,9369,939,578,155,9117,6964,ITH,ITH5,8,Emilia-Romagna,Emilia-Romagna,4459477,230097,5.16,0.36
1005,2021-03-05,EMR,17653,5740,11913,3087,857,272,5963,59,40,6396,111,545,323,14216,3437,ITH,ITH5,8,Emilia-Romagna,Emilia-Romagna,4459477,247750,5.56,0.4
1006,2021-01-11,EMR,9336,3269,6067,6582,1348,1268,0,25,5,4,0,0,104,9336,0,ITH,ITH5,8,Emilia-Romagna,Emilia-Romagna,4459477,257086,5.76,0.21
1007,2021-01-25,EMR,6437,2137,4300,5254,317,679,0,21,2,3,0,0,161,199,6238,ITH,ITH5,8,Emilia-Romagna,Emilia-Romagna,4459477,263523,5.91,0.14
1008,2021-05-20,EMR,38450,17545,20905,758,217,66,2983,10504,3697,832,13300,585,5508,17926,20524,ITH,ITH5,8,Emilia-Romagna,Emilia-Romagna,4459477,301973,6.77,0.86
1009,2021-04-11,EMR,15220,6907,8313,413,141,104,59,358,2376,6873,4703,77,116,12189,3031,ITH,ITH5,8,Emilia-Romagna,Emilia-Romagna,4459477,317193,7.11,0.34
1010,2021-01-30,EMR,10077,3519,6558,7568,1400,801,0,45,5,2,0,0,256,141,9936,ITH,ITH5,8,Emilia-Romagna,Emilia-Romagna,4459477,327270,7.34,0.23
1011,2021-01-21,EMR,2156,727,1429,1287,156,653,0,9,1,0,0,0,50,811,1345,ITH,ITH5,8,Emilia-Romagna,Emilia-Romagna,4459477,329426,7.39,0.05
1012,2021-05-07,EMR,34463,16574,17889,685,178,202,242,7601,4008,2395,18119,61,972,22678,11785,ITH,ITH5,8,Emilia-Romagna,Emilia-Romagna,4459477,363889,8.16,0.77
1013,2021-04-04,EMR,9884,4718,5166,187,113,0,58,145,1630,4658,2878,54,161,7615,2269,ITH,ITH5,8,Emilia-Romagna,Emilia-Romagna,4459477,373773,8.38,0.22
1014,2021-03-16,EMR,12239,5025,7214,418,93,116,123,34,113,10914,389,9,30,4932,7307,ITH,ITH5,8,Emilia-Romagna,Emilia-Romagna,4459477,386012,8.66,0.27
1015,2021-04-22,EMR,28969,13407,15562,570,133,147,41,290,8357,8365,11010,13,43,14937,14032,ITH,ITH5,8,Emilia-Romagna,Emilia-Romagna,4459477,414981,9.31,0.65
1016,2021-01-22,EMR,1828,477,1351,937,66,727,0,19,1,10,0,0,68,1088,740,ITH,ITH5,8,Emilia-Romagna,Emilia-Romagna,4459477,416809,9.35,0.04
1017,2021-04-21,EMR,23844,10923,12921,384,89,79,48,206,7838,6772,8402,7,19,14136,9708,ITH,ITH5,8,Emilia-Romagna,Emilia-Romagna,4459477,440653,9.88,0.53
1018,2021-04-17,EMR,26964,12898,14066,393,148,66,57,356,8434,4213,13210,24,63,17694,9270,ITH,ITH5,8,Emilia-Romagna,Emilia-Romagna,4459477,467617,10.49,0.6
1019,2021-03-10,EMR,18679,7651,11028,1315,586,143,4547,28,66,10046,286,1594,68,13039,5640,ITH,ITH5,8,Emilia-Romagna,Emilia-Romagna,4459477,486296,10.9,0.42
1020,2021-04-18,EMR,17442,8370,9072,265,164,152,26,219,6264,2348,7968,15,21,12533,4909,ITH,ITH5,8,Emilia-Romagna,Emilia-Romagna,4459477,503738,11.3,0.39
1021,2021-03-06,EMR,20593,5876,14717,2720,413,49,10433,66,46,5920,111,565,270,17865,2728,ITH,ITH5,8,Emilia-Romagna,Emilia-Romagna,4459477,524331,11.76,0.46
1022,2021-03-14,EMR,8693,3744,4949,728,212,69,927,16,66,5531,650,407,87,4897,3796,ITH,ITH5,8,Emilia-Romagna,Emilia-Romagna,4459477,533024,11.95,0.19
1023,2021-04-13,EMR,23565,11036,12529,487,145,186,51,346,10340,6153,5729,51,77,19280,4285,ITH,ITH5,8,Emilia-Romagna,Emilia-Romagna,4459477,556589,12.48,0.53
1024,2021-02-02,EMR,9479,3049,6430,6243,1348,1633,1,27,4,127,6,0,90,526,8953,ITH,ITH5,8,Emilia-Romagna,Emilia-Romagna,4459477,566068,12.69,0.21
1025,2021-04-03,EMR,19931,8763,11168,376,192,39,431,194,2855,10579,5084,76,105,16193,3738,ITH,ITH5,8,Emilia-Romagna,Emilia-Romagna,4459477,585999,13.14,0.45
1026,2021-01-31,EMR,7695,2761,4934,6174,1124,263,0,16,12,32,0,0,74,241,7454,ITH,ITH5,8,Emilia-Romagna,Emilia-Romagna,4459477,593694,13.31,0.17
1027,2021-03-17,EMR,13714,5690,8024,366,137,108,19,52,399,11884,672,1,76,5869,7845,ITH,ITH5,8,Emilia-Romagna,Emilia-Romagna,4459477,607408,13.62,0.31
1028,2021-01-06,EMR,8265,2943,5322,6854,641,649,0,13,9,44,0,1,54,8265,0,ITH,ITH5,8,Emilia-Romagna,Emilia-Romagna,4459477,615673,13.81,0.19
1029,2021-02-25,EMR,9228,3497,5731,799,187,157,95,47,41,7673,30,0,199,8274,954,ITH,ITH5,8,Emilia-Romagna,Emilia-Romagna,4459477,624901,14.01,0.21
1030,2021-01-26,EMR,8334,3000,5334,6609,537,1031,0,22,2,5,0,0,128,215,8119,ITH,ITH5,8,Emilia-Romagna,Emilia-Romagna,4459477,633235,14.2,0.19
1031,2021-04-24,EMR,28563,13210,15353,498,247,37,37,384,7207,8598,11426,32,97,14356,14207,ITH,ITH5,8,Emilia-Romagna,Emilia-Romagna,4459477,661798,14.84,0.64
1032,2021-02-04,EMR,9931,3203,6728,6436,1465,1675,0,39,11,160,5,0,140,1250,8681,ITH,ITH5,8,Emilia-Romagna,Emilia-Romagna,4459477,671729,15.06,0.22
1033,2021-04-27,EMR,29819,13786,16033,827,167,146,26,3374,7732,7165,9978,180,224,17370,12449,ITH,ITH5,8,Emilia-Romagna,Emilia-Romagna,4459477,701548,15.73,0.67
1034,2021-03-29,EMR,21174,9425,11749,696,206,118,641,129,5519,9296,4260,204,105,16528,4646,ITH,ITH5,8,Emilia-Romagna,Emilia-Romagna,4459477,722722,16.21,0.47
1035,2021-03-15,EMR,13238,6065,7173,812,461,190,541,25,101,9158,812,1075,63,6743,6495,ITH,ITH5,8,Emilia-Romagna,Emilia-Romagna,4459477,735960,16.5,0.3
1036,2021-01-10,EMR,7130,2665,4465,5648,951,499,1,4,1,7,0,0,19,7130,0,ITH,ITH5,8,Emilia-Romagna,Emilia-Romagna,4459477,743090,16.66,0.16
1037,2021-01-12,EMR,9410,3111,6299,6377,1182,1690,0,31,2,33,0,0,95,9410,0,ITH,ITH5,8,Emilia-Romagna,Emilia-Romagna,4459477,752500,16.87,0.21
1038,2021-01-13,EMR,9071,2940,6131,6009,916,1745,1,39,12,91,0,0,258,9071,0,ITH,ITH5,8,Emilia-Romagna,Emilia-Romagna,4459477,761571,17.08,0.2
1039,2021-03-21,EMR,11916,5270,6646,567,357,114,587,32,2734,6116,804,501,104,7312,4604,ITH,ITH5,8,Emilia-Romagna,Emilia-Romagna,4459477,773487,17.34,0.27
1040,2021-04-23,EMR,29519,13794,15725,507,127,136,56,300,7172,9023,12144,21,33,14669,14850,ITH,ITH5,8,Emilia-Romagna,Emilia-Romagna,4459477,803006,18.01,0.66
1041,2021-02-26,EMR,7865,2995,4870,1060,360,258,312,24,28,5606,60,0,157,6819,1046,ITH,ITH5,8,Emilia-Romagna,Emilia-Romagna,4459477,810871,18.18,0.18
1042,2021-02-06,EMR,7599,2405,5194,5380,862,1221,0,13,4,51,0,1,67,2130,5469,ITH,ITH5,8,Emilia-Romagna,Emilia-Romagna,4459477,818470,18.35,0.17
1043,2021-04-16,EMR,28761,13536,15225,617,153,92,71,379,10523,5828,10945,37,116,19951,8810,ITH,ITH5,8,Emilia-Romagna,Emilia-Romagna,4459477,847231,19.0,0.64
1044,2021-05-05,EMR,29340,13648,15692,1234,134,71,198,7100,4366,4187,11476,84,490,18120,11220,ITH,ITH5,8,Emilia-Romagna,Emilia-Romagna,4459477,876571,19.66,0.66
1045,2021-02-05,EMR,9314,2966,6348,6218,1148,1611,1,19,9,223,3,0,82,1637,7677,ITH,ITH5,8,Emilia-Romagna,Emilia-Romagna,4459477,885885,19.87,0.21
1046,2021-05-01,EMR,28371,12760,15611,600,139,10,53,4468,5015,6095,11943,19,29,15603,12768,ITH,ITH5,8,Emilia-Romagna,Emilia-Romagna,4459477,914256,20.5,0.64
1047,2021-01-24,EMR,2443,885,1558,2080,93,249,0,5,1,0,0,0,15,299,2144,ITH,ITH5,8,Emilia-Romagna,Emilia-Romagna,4459477,916699,20.56,0.05
1048,2021-04-02,EMR,23271,10479,12792,733,312,110,948,341,3822,10965,5731,227,82,18814,4457,ITH,ITH5,8,Emilia-Romagna,Emilia-Romagna,4459477,939970,21.08,0.52
1049,2021-02-13,EMR,3625,1085,2540,2790,382,144,0,8,7,244,0,0,50,3027,598,ITH,ITH5,8,Emilia-Romagna,Emilia-Romagna,4459477,943595,21.16,0.08
1050,2021-03-22,EMR,17452,7645,9807,1135,425,169,600,50,3598,9567,1241,588,79,10589,6863,ITH,ITH5,8,Emilia-Romagna,Emilia-Romagna,4459477,961047,21.55,0.39
1051,2021-03-24,EMR,21050,9291,11759,1215,377,124,1731,270,3449,10636,2707,394,147,13679,7371,ITH,ITH5,8,Emilia-Romagna,Emilia-Romagna,4459477,982097,22.02,0.47
1052,2021-03-23,EMR,18692,8064,10628,1126,486,196,1362,80,3703,9340,1868,438,93,12006,6686,ITH,ITH5,8,Emilia-Romagna,Emilia-Romagna,4459477,1000789,22.44,0.42
1053,2021-03-04,EMR,16417,5343,11074,2614,603,254,5460,50,55,6405,163,512,301,13412,3005,ITH,ITH5,8,Emilia-Romagna,Emilia-Romagna,4459477,1017206,22.81,0.37
1054,2021-04-10,EMR,20846,9261,11585,515,209,88,188,194,4087,8960,6510,24,71,16717,4129,ITH,ITH5,8,Emilia-Romagna,Emilia-Romagna,4459477,1038052,23.28,0.47
1055,2021-05-08,EMR,31054,14529,16525,462,118,60,362,7443,3541,1903,16702,37,426,19697,11357,ITH,ITH5,8,Emilia-Romagna,Emilia-Romagna,4459477,1069106,23.97,0.7
1056,2021-02-08,EMR,5227,1532,3695,2840,577,1485,1,10,8,247,0,0,59,2313,2914,ITH,ITH5,8,Emilia-Romagna,Emilia-Romagna,4459477,1074333,24.09,0.12
1057,2021-04-08,EMR,30671,14058,16613,2479,575,222,315,401,6639,11049,8622,135,234,25397,5274,ITH,ITH5,8,Emilia-Romagna,Emilia-Romagna,4459477,1105004,24.78,0.69
1058,2021-04-19,EMR,20815,9750,11065,329,108,164,25,172,8519,3391,8043,22,42,14561,6254,ITH,ITH5,8,Emilia-Romagna,Emilia-Romagna,4459477,1125819,25.25,0.47
1059,2021-02-01,EMR,10318,3609,6709,7472,1502,1260,0,13,7,0,0,0,64,362,9956,ITH,ITH5,8,Emilia-Romagna,Emilia-Romagna,4459477,1136137,25.48,0.23
1060,2021-04-29,EMR,44698,21002,23696,1411,264,104,71,7176,7521,8750,18925,70,406,27163,17535,ITH,ITH5,8,Emilia-Romagna,Emilia-Romagna,4459477,1180835,26.48,1.0
1061,2021-02-22,EMR,7481,3091,4390,389,110,130,0,12,25,6797,9,0,9,7206,275,ITH,ITH5,8,Emilia-Romagna,Emilia-Romagna,4459477,1188316,26.65,0.17
1062,2021-05-12,EMR,37962,17867,20095,402,113,139,1181,12813,3141,2095,12907,58,5113,28384,9578,ITH,ITH5,8,Emilia-Romagna,Emilia-Romagna,4459477,1226278,27.5,0.85
1063,2021-05-18,EMR,17473,8048,9425,1042,245,171,810,4922,1056,622,5654,548,2403,10619,6854,ITH,ITH5,8,Emilia-Romagna,Emilia-Romagna,4459477,1243751,27.89,0.39
1064,2021-05-06,EMR,35343,16340,19003,1780,442,110,222,7304,5205,3913,15753,71,543,22365,12978,ITH,ITH5,8,Emilia-Romagna,Emilia-Romagna,4459477,1279094,28.68,0.79
1065,2021-01-16,EMR,5626,1718,3908,3690,694,1136,1,18,2,0,0,3,82,5626,0,ITH,ITH5,8,Emilia-Romagna,Emilia-Romagna,4459477,1284720,28.81,0.13
1066,2021-03-12,EMR,18085,7528,10557,1585,898,311,3040,47,73,9901,463,1554,213,11368,6717,ITH,ITH5,8,Emilia-Romagna,Emilia-Romagna,4459477,1302805,29.21,0.41
1067,2021-04-01,EMR,23860,10725,13135,1027,268,146,995,217,4249,11359,5332,171,96,19329,4531,ITH,ITH5,8,Emilia-Romagna,Emilia-Romagna,4459477,1326665,29.75,0.54
1068,2021-01-19,EMR,2045,505,1540,747,133,1161,0,0,0,0,0,0,4,2028,17,ITH,ITH5,8,Emilia-Romagna,Emilia-Romagna,4459477,1328710,29.8,0.05
1069,2021-02-03,EMR,9350,2994,6356,6235,1177,1659,0,29,15,136,7,1,91,983,8367,ITH,ITH5,8,Emilia-Romagna,Emilia-Romagna,4459477,1338060,30.0,0.21
1070,2021-01-18,EMR,3127,879,2248,1682,239,1129,0,12,0,3,0,0,62,2449,678,ITH,ITH5,8,Emilia-Romagna,Emilia-Romagna,4459477,1341187,30.07,0.07
1071,2021-01-03,EMR,2754,941,1813,2504,61,170,0,3,0,0,0,0,16,2754,0,ITH,ITH5,8,Emilia-Romagna,Emilia-Romagna,4459477,1343941,30.14,0.06
1072,2021-01-04,EMR,7272,2514,4758,6175,350,578,0,16,9,43,0,1,100,7272,0,ITH,ITH5,8,Emilia-Romagna,Emilia-Romagna,4459477,1351213,30.3,0.16
1073,2021-05-16,EMR,25335,11914,13421,384,76,5,709,10170,1398,514,8021,102,3956,18250,7085,ITH,ITH5,8,Emilia-Romagna,Emilia-Romagna,4459477,1376548,30.87,0.57
1074,2021-01-15,EMR,7744,2403,5341,5304,946,1319,1,15,11,61,0,0,87,7744,0,ITH,ITH5,8,Emilia-Romagna,Emilia-Romagna,4459477,1384292,31.04,0.17
1075,2021-05-02,EMR,25434,11588,13846,578,123,63,58,5157,4479,6122,8707,98,49,13449,11985,ITH,ITH5,8,Emilia-Romagna,Emilia-Romagna,4459477,1409726,31.61,0.57
1076,2021-03-08,EMR,12069,4975,7094,2308,612,324,2386,19,39,4341,82,1814,144,9398,2671,ITH,ITH5,8,Emilia-Romagna,Emilia-Romagna,4459477,1421795,31.88,0.27
1077,2021-05-04,EMR,28530,13365,15165,658,135,95,58,5990,4898,6521,9948,44,183,14882,13648,ITH,ITH5,8,Emilia-Romagna,Emilia-Romagna,4459477,1450325,32.52,0.64
1078,2021-01-29,EMR,10411,3497,6914,8109,1084,1060,1,32,7,11,0,0,107,289,10122,ITH,ITH5,8,Emilia-Romagna,Emilia-Romagna,4459477,1460736,32.76,0.23
1079,2021-02-12,EMR,5320,1679,3641,3399,772,706,0,10,19,358,11,0,45,3917,1403,ITH,ITH5,8,Emilia-Romagna,Emilia-Romagna,4459477,1466056,32.88,0.12
1080,2021-03-01,EMR,10085,3574,6511,1835,340,434,1254,25,38,5619,65,311,164,7832,2253,ITH,ITH5,8,Emilia-Romagna,Emilia-Romagna,4459477,1476141,33.1,0.23
1081,2021-03-30,EMR,23272,10286,12986,870,246,164,1187,125,5418,10716,4290,140,116,18239,5033,ITH,ITH5,8,Emilia-Romagna,Emilia-Romagna,4459477,1499413,33.62,0.52
1082,2021-04-09,EMR,25401,11527,13874,1372,276,207,433,263,4866,10683,7187,83,31,19754,5647,ITH,ITH5,8,Emilia-Romagna,Emilia-Romagna,4459477,1524814,34.19,0.57
1083,2021-04-15,EMR,28933,13776,15157,942,208,142,50,298,10062,5832,11233,34,132,19285,9648,ITH,ITH5,8,Emilia-Romagna,Emilia-Romagna,4459477,1553747,34.84,0.65
1084,2021-04-30,EMR,36469,16716,19753,1258,259,119,100,5626,7405,7550,13774,79,299,21691,14778,ITH,ITH5,8,Emilia-Romagna,Emilia-Romagna,4459477,1590216,35.66,0.82
1085,2021-02-18,EMR,7039,2892,4147,894,180,236,0,4,13,5672,26,1,13,6456,583,ITH,ITH5,8,Emilia-Romagna,Emilia-Romagna,4459477,1597255,35.82,0.16
1086,2021-03-31,EMR,25124,10947,14177,1172,288,123,1287,188,4697,12487,4587,160,135,19667,5457,ITH,ITH5,8,Emilia-Romagna,Emilia-Romagna,4459477,1622379,36.38,0.56
1087,2021-01-09,EMR,9945,3440,6505,7868,1067,889,0,18,2,2,0,0,99,9945,0,ITH,ITH5,8,Emilia-Romagna,Emilia-Romagna,4459477,1632324,36.6,0.22
1088,2021-02-16,EMR,5766,2443,3323,745,339,437,0,8,7,4207,8,2,13,5235,531,ITH,ITH5,8,Emilia-Romagna,Emilia-Romagna,4459477,1638090,36.73,0.13
1089,2021-02-17,EMR,6538,2764,3774,804,258,404,0,10,15,4989,25,0,33,5765,773,ITH,ITH5,8,Emilia-Romagna,Emilia-Romagna,4459477,1644628,36.88,0.15
1090,2021-05-11,EMR,35030,16419,18611,354,57,156,782,14099,2949,1633,10492,67,4441,27779,7251,ITH,ITH5,8,Emilia-Romagna,Emilia-Romagna,4459477,1679658,37.66,0.79
1091,2021-02-24,EMR,9323,3556,5767,652,156,228,65,50,29,7854,19,0,270,8443,880,ITH,ITH5,8,Emilia-Romagna,Emilia-Romagna,4459477,1688981,37.87,0.21
1092,2021-05-17,EMR,29864,14189,15675,495,205,67,934,9821,1924,1043,9948,749,4678,20610,9254,ITH,ITH5,8,Emilia-Romagna,Emilia-Romagna,4459477,1718845,38.54,0.67
1093,2021-01-08,EMR,10837,3570,7267,8468,1135,1089,1,25,3,5,0,1,110,10837,0,ITH,ITH5,8,Emilia-Romagna,Emilia-Romagna,4459477,1729682,38.79,0.24
1094,2021-02-27,EMR,10965,3999,6966,1731,245,122,941,37,30,7755,8,0,96,9227,1738,ITH,ITH5,8,Emilia-Romagna,Emilia-Romagna,4459477,1740647,39.03,0.25
1095,2021-04-25,EMR,22312,10216,12096,777,128,6,32,254,6810,4122,9858,161,164,14808,7504,ITH,ITH5,8,Emilia-Romagna,Emilia-Romagna,4459477,1762959,39.53,0.5
1096,2021-02-19,EMR,7327,3010,4317,821,214,257,0,4,18,5959,33,0,21,6813,514,ITH,ITH5,8,Emilia-Romagna,Emilia-Romagna,4459477,1770286,39.7,0.16
1097,2021-05-03,EMR,27791,13129,14662,480,113,65,93,8659,5134,4712,8360,24,151,16925,10866,ITH,ITH5,8,Emilia-Romagna,Emilia-Romagna,4459477,1798077,40.32,0.62
1098,2021-04-05,EMR,14856,6807,8049,283,89,6,243,74,2915,7584,3593,30,39,11963,2893,ITH,ITH5,8,Emilia-Romagna,Emilia-Romagna,4459477,1812933,40.65,0.33
1099,2021-02-21,EMR,4450,1708,2742,396,108,190,0,4,11,3708,18,0,15,4010,440,ITH,ITH5,8,Emilia-Romagna,Emilia-Romagna,4459477,1817383,40.75,0.1
1100,2021-04-28,EMR,32632,15070,17562,862,144,118,156,5266,7235,6789,11719,45,298,19752,12880,ITH,ITH5,8,Emilia-Romagna,Emilia-Romagna,4459477,1850015,41.49,0.73
1101,2021-02-14,EMR,1401,378,1023,860,363,39,0,19,5,19,1,0,95,1281,120,ITH,ITH5,8,Emilia-Romagna,Emilia-Romagna,4459477,1851416,41.52,0.03
1102,2021-03-26,EMR,23407,9897,13510,1422,600,233,2650,174,4779,9348,3788,278,135,16974,6433,ITH,ITH5,8,Emilia-Romagna,Emilia-Romagna,4459477,1874823,42.04,0.52
1103,2021-02-28,EMR,6822,2527,4295,1775,248,53,304,29,17,4251,8,4,133,4976,1846,ITH,ITH5,8,Emilia-Romagna,Emilia-Romagna,4459477,1881645,42.19,0.15
1104,2021-02-09,EMR,4152,1247,2905,2219,376,1199,0,2,15,278,0,0,63,2306,1846,ITH,ITH5,8,Emilia-Romagna,Emilia-Romagna,4459477,1885797,42.29,0.09
1105,2021-05-10,EMR,33391,15883,17508,357,120,83,201,14437,3202,1528,10800,55,2608,26169,7222,ITH,ITH5,8,Emilia-Romagna,Emilia-Romagna,4459477,1919188,43.04,0.75
1106,2021-01-05,EMR,9347,3167,6180,7929,552,769,0,18,4,0,1,0,74,9347,0,ITH,ITH5,8,Emilia-Romagna,Emilia-Romagna,4459477,1928535,43.25,0.21
1107,2021-05-09,EMR,24166,11572,12594,213,65,13,62,7996,2599,751,11911,23,533,17215,6951,ITH,ITH5,8,Emilia-Romagna,Emilia-Romagna,4459477,1952701,43.79,0.54
1108,2021-05-21,EMR,8949,4244,4705,154,21,49,190,4284,755,230,3052,202,12,5121,3828,ITH,ITH5,8,Emilia-Romagna,Emilia-Romagna,4459477,1961650,43.99,0.2
1109,2021-01-02,EMR,2353,905,1448,2075,57,198,0,3,0,2,0,0,18,2353,0,ITH,ITH5,8,Emilia-Romagna,Emilia-Romagna,4459477,1964003,44.04,0.05
1110,2021-01-20,EMR,1323,270,1053,393,131,787,0,0,0,1,0,0,11,1322,1,ITH,ITH5,8,Emilia-Romagna,Emilia-Romagna,4459477,1965326,44.07,0.03
1111,2020-12-27,EMR,970,372,598,825,5,26,0,24,1,0,0,0,89,970,0,ITH,ITH5,8,Emilia-Romagna,Emilia-Romagna,4459477,1966296,44.09,0.02
1112,2021-04-20,EMR,22530,10363,12167,302,84,58,30,212,7741,5586,8471,21,25,14201,8329,ITH,ITH5,8,Emilia-Romagna,Emilia-Romagna,4459477,1988826,44.6,0.51
1113,2021-03-11,EMR,17218,7114,10104,1138,839,319,3837,34,52,8852,425,1532,190,11367,5851,ITH,ITH5,8,Emilia-Romagna,Emilia-Romagna,4459477,2006044,44.98,0.39
1114,2021-01-07,EMR,10221,3386,6835,8192,856,1068,0,20,5,3,0,0,77,10221,0,ITH,ITH5,8,Emilia-Romagna,Emilia-Romagna,4459477,2016265,45.21,0.23
1115,2021-04-07,EMR,25743,11697,14046,665,188,158,360,371,5596,12979,5248,78,100,19740,6003,ITH,ITH5,8,Emilia-Romagna,Emilia-Romagna,4459477,2042008,45.79,0.58
1116,2021-03-03,EMR,15807,5242,10565,2534,525,155,4855,51,48,6848,95,342,354,13345,2462,ITH,ITH5,8,Emilia-Romagna,Emilia-Romagna,4459477,2057815,46.14,0.35
1117,2021-03-18,EMR,13672,5806,7866,449,150,94,49,47,474,10854,1357,5,193,5673,7999,ITH,ITH5,8,Emilia-Romagna,Emilia-Romagna,4459477,2071487,46.45,0.31
1118,2021-02-23,EMR,8214,3218,4996,408,147,113,1,24,22,7456,23,0,20,7828,386,ITH,ITH5,8,Emilia-Romagna,Emilia-Romagna,4459477,2079701,46.64,0.18
1119,2021-01-28,EMR,10244,3336,6908,8076,861,1127,0,28,10,0,0,0,142,349,9895,ITH,ITH5,8,Emilia-Romagna,Emilia-Romagna,4459477,2089945,46.87,0.23
1120,2021-03-07,EMR,6859,2639,4220,1458,338,22,1252,13,15,2599,565,560,37,5342,1517,ITH,ITH5,8,Emilia-Romagna,Emilia-Romagna,4459477,2096804,47.02,0.15
1121,2021-01-14,EMR,8098,2578,5520,5400,920,1607,0,39,7,5,1,1,118,8098,0,ITH,ITH5,8,Emilia-Romagna,Emilia-Romagna,4459477,2104902,47.2,0.18
1122,2021-04-14,EMR,26907,12773,14134,676,193,138,72,529,10065,7432,7714,59,29,20839,6068,ITH,ITH5,8,Emilia-Romagna,Emilia-Romagna,4459477,2131809,47.8,0.6
1123,2021-01-23,EMR,2447,870,1577,1900,86,433,0,5,1,2,0,0,20,443,2004,ITH,ITH5,8,Emilia-Romagna,Emilia-Romagna,4459477,2134256,47.86,0.05
1124,2021-03-02,EMR,11816,3893,7923,1974,409,232,3048,42,40,5419,41,373,238,9795,2021,ITH,ITH5,8,Emilia-Romagna,Emilia-Romagna,4459477,2146072,48.12,0.26
1125,2021-02-11,EMR,4250,1416,2834,2533,528,719,2,15,18,374,3,0,58,3410,840,ITH,ITH5,8,Emilia-Romagna,Emilia-Romagna,4459477,2150322,48.22,0.1
1126,2021-03-13,EMR,16059,6302,9757,1251,479,81,4004,52,55,8278,566,1124,169,10747,5312,ITH,ITH5,8,Emilia-Romagna,Emilia-Romagna,4459477,2166381,48.58,0.36
1127,2021-03-25,EMR,21370,9336,12034,1103,351,165,2091,157,3063,9935,3624,725,156,14383,6987,ITH,ITH5,8,Emilia-Romagna,Emilia-Romagna,4459477,2187751,49.06,0.48
1128,2021-03-09,EMR,14653,5952,8701,1029,456,228,3599,21,56,7704,186,1331,43,10697,3956,ITH,ITH5,8,Emilia-Romagna,Emilia-Romagna,4459477,2202404,49.39,0.33
1129,2021-02-10,EMR,4015,1381,2634,2398,357,780,0,23,15,317,9,0,116,2761,1254,ITH,ITH5,8,Emilia-Romagna,Emilia-Romagna,4459477,2206419,49.48,0.09
1130,2021-03-27,EMR,21550,9019,12531,757,295,48,2342,118,4191,9572,3830,242,155,14655,6895,ITH,ITH5,8,Emilia-Romagna,Emilia-Romagna,4459477,2227969,49.96,0.48
1131,2021-01-27,EMR,8359,2947,5412,6907,653,672,0,26,4,2,0,1,94,464,7895,ITH,ITH5,8,Emilia-Romagna,Emilia-Romagna,4459477,2236328,50.15,0.19
1132,2021-02-20,EMR,5317,2094,3223,408,116,155,0,7,21,4591,5,0,14,5053,264,ITH,ITH5,8,Emilia-Romagna,Emilia-Romagna,4459477,2241645,50.27,0.12
1133,2021-02-15,EMR,2900,849,2051,1985,369,160,0,3,9,326,18,0,30,2774,126,ITH,ITH5,8,Emilia-Romagna,Emilia-Romagna,4459477,2244545,50.33,0.07
1134,2021-05-15,EMR,32399,14584,17815,331,86,19,2289,11525,2420,1529,10137,34,4029,22210,10189,ITH,ITH5,8,Emilia-Romagna,Emilia-Romagna,4459477,2276944,51.06,0.73
1135,2021-04-10,CAM,28342,13485,14857,258,61,90,736,334,7070,6313,12856,213,411,23426,4916,ITF,ITF3,15,Campania,Campania,5801692,28342,0.49,0.49
1136,2021-04-04,CAM,7957,4011,3946,177,28,6,73,51,1216,1996,4045,64,301,6913,1044,ITF,ITF3,15,Campania,Campania,5801692,36299,0.63,0.14
1137,2021-05-12,CAM,40791,19911,20880,107,266,19,946,6834,4198,1682,11960,655,14124,31657,9134,ITF,ITF3,15,Campania,Campania,5801692,77090,1.33,0.7
1138,2021-04-28,CAM,36395,17614,18781,168,46,55,226,7010,6955,3705,15802,335,2093,26649,9746,ITF,ITF3,15,Campania,Campania,5801692,113485,1.96,0.63
1139,2021-04-02,CAM,21731,10409,11322,264,48,108,1062,138,6337,3967,8559,515,733,19410,2321,ITF,ITF3,15,Campania,Campania,5801692,135216,2.33,0.37
1140,2021-02-19,CAM,9570,3559,6011,1663,169,161,2207,103,35,4457,0,0,775,8920,650,ITF,ITF3,15,Campania,Campania,5801692,144786,2.5,0.16
1141,2021-01-12,CAM,5214,2563,2651,3439,722,340,0,104,29,7,0,0,573,5214,0,ITF,ITF3,15,Campania,Campania,5801692,150000,2.59,0.09
1142,2021-03-26,CAM,19453,8926,10527,363,40,144,1634,100,3149,7624,5467,463,469,15641,3812,ITF,ITF3,15,Campania,Campania,5801692,169453,2.92,0.34
1143,2021-02-11,CAM,6278,2704,3574,1861,279,129,0,238,90,2410,0,0,1271,6212,66,ITF,ITF3,15,Campania,Campania,5801692,175731,3.03,0.11
1144,2021-01-01,CAM,919,506,413,831,85,0,0,2,0,0,0,0,1,919,0,ITF,ITF3,15,Campania,Campania,5801692,176650,3.04,0.02
1145,2021-02-22,CAM,10681,3295,7386,545,60,144,5557,63,38,3899,0,0,375,10418,263,ITF,ITF3,15,Campania,Campania,5801692,187331,3.23,0.18
1146,2021-01-18,CAM,957,399,558,576,93,187,0,12,4,17,0,0,68,713,244,ITF,ITF3,15,Campania,Campania,5801692,188288,3.25,0.02
1147,2021-04-03,CAM,21111,10314,10797,203,50,189,558,107,5969,4524,8850,207,454,18733,2378,ITF,ITF3,15,Campania,Campania,5801692,209399,3.61,0.36
1148,2021-01-16,CAM,3369,1675,1694,1355,230,373,0,231,63,32,0,0,1085,3369,0,ITF,ITF3,15,Campania,Campania,5801692,212768,3.67,0.06
1149,2021-02-08,CAM,5112,2449,2663,1387,320,226,0,327,180,1436,0,0,1236,4310,802,ITF,ITF3,15,Campania,Campania,5801692,217880,3.76,0.09
1150,2021-04-01,CAM,24339,11688,12651,416,63,108,1625,171,4312,7034,9396,571,643,20207,4132,ITF,ITF3,15,Campania,Campania,5801692,242219,4.17,0.42
1151,2021-03-13,CAM,14249,6794,7455,403,136,193,3683,84,27,6714,0,2325,684,8967,5282,ITF,ITF3,15,Campania,Campania,5801692,256468,4.42,0.25
1152,2021-01-06,CAM,7653,3750,3903,5780,838,300,0,116,29,4,0,0,586,7653,0,ITF,ITF3,15,Campania,Campania,5801692,264121,4.55,0.13
1153,2021-03-16,CAM,8086,3519,4567,289,61,60,112,47,85,6876,235,29,292,3772,4314,ITF,ITF3,15,Campania,Campania,5801692,272207,4.69,0.14
1154,2021-03-12,CAM,14246,7095,7151,1022,156,82,2803,114,56,6604,0,2438,971,8164,6082,ITF,ITF3,15,Campania,Campania,5801692,286453,4.94,0.25
1155,2021-01-29,CAM,10052,4812,5240,6405,1052,259,0,307,75,19,0,0,1935,47,10005,ITF,ITF3,15,Campania,Campania,5801692,296505,5.11,0.17
1156,2021-04-12,CAM,23301,10917,12384,149,64,68,218,1028,10304,3274,7757,128,311,20264,3037,ITF,ITF3,15,Campania,Campania,5801692,319806,5.51,0.4
1157,2021-05-16,CAM,51082,23176,27906,282,107,2,5583,4619,2844,1283,18836,204,17322,33552,17530,ITF,ITF3,15,Campania,Campania,5801692,370888,6.39,0.88
1158,2021-05-04,CAM,48424,23329,25095,202,117,106,235,11805,7378,2120,17171,517,8773,39537,8887,ITF,ITF3,15,Campania,Campania,5801692,419312,7.23,0.83
1159,2021-05-21,CAM,13204,5859,7345,101,70,2,1375,1448,990,515,7872,169,662,5615,7589,ITF,ITF3,15,Campania,Campania,5801692,432516,7.45,0.23
1160,2020-12-27,CAM,720,422,298,703,14,0,0,0,1,0,0,0,2,720,0,ITF,ITF3,15,Campania,Campania,5801692,433236,7.47,0.01
1161,2021-04-15,CAM,34333,16656,17677,313,46,21,319,4262,7016,6172,15628,121,435,24436,9897,ITF,ITF3,15,Campania,Campania,5801692,467569,8.06,0.59
1162,2021-04-18,CAM,27213,13281,13932,108,23,7,240,3940,5520,5399,11735,84,157,18315,8898,ITF,ITF3,15,Campania,Campania,5801692,494782,8.53,0.47
1163,2021-02-16,CAM,5437,2411,3026,983,277,169,1,118,43,3190,0,0,656,4666,771,ITF,ITF3,15,Campania,Campania,5801692,500219,8.62,0.09
1164,2021-02-27,CAM,13950,4473,9477,825,290,82,8314,248,112,3184,0,0,895,12308,1642,ITF,ITF3,15,Campania,Campania,5801692,514169,8.86,0.24
1165,2021-02-17,CAM,7388,3210,4178,1013,208,38,362,129,70,4913,0,0,655,6328,1060,ITF,ITF3,15,Campania,Campania,5801692,521557,8.99,0.13
1166,2021-04-21,CAM,30214,14720,15494,104,43,6,265,5932,7879,3719,11924,104,238,17989,12225,ITF,ITF3,15,Campania,Campania,5801692,551771,9.51,0.52
1167,2021-01-25,CAM,5744,2926,2818,4743,644,56,0,46,13,2,0,0,240,164,5580,ITF,ITF3,15,Campania,Campania,5801692,557515,9.61,0.1
1168,2021-01-09,CAM,10567,5024,5543,6760,1256,269,0,253,64,21,0,0,1944,10567,0,ITF,ITF3,15,Campania,Campania,5801692,568082,9.79,0.18
1169,2021-04-24,CAM,36294,17507,18787,147,36,7,372,4560,8220,4162,18183,142,465,25056,11238,ITF,ITF3,15,Campania,Campania,5801692,604376,10.42,0.63
1170,2021-02-18,CAM,9080,3812,5268,1752,241,89,438,142,57,5562,0,1,798,8372,708,ITF,ITF3,15,Campania,Campania,5801692,613456,10.57,0.16
1171,2021-01-08,CAM,10455,4968,5487,6714,1147,212,0,309,80,18,0,0,1975,10455,0,ITF,ITF3,15,Campania,Campania,5801692,623911,10.75,0.18
1172,2021-04-11,CAM,17522,8605,8917,116,34,2,203,313,5111,1835,9599,83,226,15440,2082,ITF,ITF3,15,Campania,Campania,5801692,641433,11.06,0.3
1173,2021-05-18,CAM,52026,23138,28888,373,512,50,8563,6679,3474,1461,14343,286,16285,32496,19530,ITF,ITF3,15,Campania,Campania,5801692,693459,11.95,0.9
1174,2021-05-11,CAM,39865,19243,20622,143,225,21,2190,6482,3771,1633,11010,480,13910,30497,9368,ITF,ITF3,15,Campania,Campania,5801692,733324,12.64,0.69
1175,2021-05-06,CAM,57240,27884,29356,247,129,111,293,8745,5747,3161,20058,364,18385,42798,14442,ITF,ITF3,15,Campania,Campania,5801692,790564,13.63,0.99
1176,2021-04-29,CAM,41266,20001,21265,267,106,76,673,7039,7479,3618,19976,344,1688,24802,16464,ITF,ITF3,15,Campania,Campania,5801692,831830,14.34,0.71
1177,2021-01-14,CAM,7073,2977,4096,3707,1264,350,0,206,61,14,0,0,1471,7073,0,ITF,ITF3,15,Campania,Campania,5801692,838903,14.46,0.12
1178,2021-02-25,CAM,12425,4478,7947,802,119,124,4809,144,81,5691,1,0,654,11237,1188,ITF,ITF3,15,Campania,Campania,5801692,851328,14.67,0.21
1179,2021-02-20,CAM,8573,3080,5493,1023,158,145,1976,57,13,4588,0,0,613,8270,303,ITF,ITF3,15,Campania,Campania,5801692,859901,14.82,0.15
1180,2021-04-27,CAM,32082,15582,16500,228,270,36,456,6665,6222,2863,14055,280,1007,24169,7913,ITF,ITF3,15,Campania,Campania,5801692,891983,15.37,0.55
1181,2021-02-14,CAM,3928,1923,2005,627,102,15,0,130,122,2475,0,0,457,3894,34,ITF,ITF3,15,Campania,Campania,5801692,895911,15.44,0.07
1182,2021-01-26,CAM,7340,3726,3614,5775,847,231,0,87,27,5,0,0,368,351,6989,ITF,ITF3,15,Campania,Campania,5801692,903251,15.57,0.13
1183,2021-05-03,CAM,40736,19878,20858,158,69,74,272,6903,8090,2224,14037,371,8538,28892,11844,ITF,ITF3,15,Campania,Campania,5801692,943987,16.27,0.7
1184,2021-04-13,CAM,26598,12678,13920,225,68,97,243,2699,11284,4204,7143,135,500,21069,5529,ITF,ITF3,15,Campania,Campania,5801692,970585,16.73,0.46
1185,2021-03-14,CAM,8502,3721,4781,328,115,2,2015,56,27,4563,0,975,421,4363,4139,ITF,ITF3,15,Campania,Campania,5801692,979087,16.88,0.15
1186,2021-02-10,CAM,6904,3413,3491,1945,284,98,0,448,235,2218,0,0,1676,6728,176,ITF,ITF3,15,Campania,Campania,5801692,985991,16.99,0.12
1187,2021-05-05,CAM,51062,24811,26251,219,106,241,256,13137,8034,1829,14232,412,12596,44686,6376,ITF,ITF3,15,Campania,Campania,5801692,1037053,17.88,0.88
1188,2021-04-20,CAM,31984,15485,16499,152,40,121,333,7679,7195,4690,11291,141,342,20680,11304,ITF,ITF3,15,Campania,Campania,5801692,1069037,18.43,0.55
1189,2021-02-06,CAM,5340,2665,2675,1990,520,458,0,427,176,58,0,0,1711,2102,3238,ITF,ITF3,15,Campania,Campania,5801692,1074377,18.52,0.09
1190,2021-01-10,CAM,8165,3736,4429,5179,1010,97,0,232,62,13,0,0,1572,8165,0,ITF,ITF3,15,Campania,Campania,5801692,1082542,18.66,0.14
1191,2021-01-30,CAM,10721,5079,5642,6930,1278,227,0,251,68,18,0,0,1949,38,10683,ITF,ITF3,15,Campania,Campania,5801692,1093263,18.84,0.18
1192,2021-04-25,CAM,30699,15165,15534,344,104,5,200,8492,5523,2257,13358,89,327,25310,5389,ITF,ITF3,15,Campania,Campania,5801692,1123962,19.37,0.53
1193,2021-01-05,CAM,7238,3637,3601,5811,923,106,0,68,20,4,0,0,306,7238,0,ITF,ITF3,15,Campania,Campania,5801692,1131200,19.5,0.12
1194,2021-05-09,CAM,43170,20276,22894,161,65,25,822,6758,5864,1743,13200,151,14381,32084,11086,ITF,ITF3,15,Campania,Campania,5801692,1174370,20.24,0.74
1195,2021-04-23,CAM,32295,15505,16790,161,42,68,319,5740,6224,3774,15464,180,323,23161,9134,ITF,ITF3,15,Campania,Campania,5801692,1206665,20.8,0.56
1196,2021-02-05,CAM,7260,3463,3797,3446,995,308,0,348,140,35,0,0,1988,2133,5127,ITF,ITF3,15,Campania,Campania,5801692,1213925,20.92,0.13
1197,2021-01-11,CAM,4072,1871,2201,2386,681,252,0,111,28,14,0,0,600,4072,0,ITF,ITF3,15,Campania,Campania,5801692,1217997,20.99,0.07
1198,2021-04-16,CAM,34302,16552,17750,237,50,108,314,3196,6274,6633,16844,277,369,23644,10658,ITF,ITF3,15,Campania,Campania,5801692,1252299,21.59,0.59
1199,2021-05-02,CAM,43470,21530,21940,130,37,5,305,7582,6671,1834,17108,213,9585,32135,11335,ITF,ITF3,15,Campania,Campania,5801692,1295769,22.33,0.75
1200,2021-03-17,CAM,11588,5099,6489,489,134,49,136,55,158,10013,141,43,370,5008,6580,ITF,ITF3,15,Campania,Campania,5801692,1307357,22.53,0.2
1201,2021-03-01,CAM,12129,4247,7882,1153,319,148,5790,304,181,3104,0,0,1130,8017,4112,ITF,ITF3,15,Campania,Campania,5801692,1319486,22.74,0.21
1202,2021-02-04,CAM,7944,3429,4515,3966,1245,292,0,328,140,25,0,0,1948,1308,6636,ITF,ITF3,15,Campania,Campania,5801692,1327430,22.88,0.14
1203,2021-03-02,CAM,12754,4554,8200,1294,197,148,5903,367,225,3279,0,2,1339,8409,4345,ITF,ITF3,15,Campania,Campania,5801692,1340184,23.1,0.22
1204,2021-01-23,CAM,3838,2028,1810,3161,343,69,0,40,8,0,0,0,217,273,3565,ITF,ITF3,15,Campania,Campania,5801692,1344022,23.17,0.07
1205,2021-03-22,CAM,12739,5920,6819,308,762,74,2465,80,3638,3503,588,921,400,10699,2040,ITF,ITF3,15,Campania,Campania,5801692,1356761,23.39,0.22
1206,2021-03-27,CAM,21271,10030,11241,356,39,63,1952,88,4052,7144,6936,210,431,17407,3864,ITF,ITF3,15,Campania,Campania,5801692,1378032,23.75,0.37
1207,2021-05-17,CAM,49213,21606,27607,268,336,8,8909,7730,3374,1541,18630,208,8209,24077,25136,ITF,ITF3,15,Campania,Campania,5801692,1427245,24.6,0.85
1208,2021-03-31,CAM,22679,10905,11774,340,85,114,1165,143,7473,5172,7333,307,547,19240,3439,ITF,ITF3,15,Campania,Campania,5801692,1449924,24.99,0.39
1209,2021-05-13,CAM,55369,24804,30565,280,281,16,5313,6631,4500,2245,19972,326,15805,39390,15979,ITF,ITF3,15,Campania,Campania,5801692,1505293,25.95,0.95
1210,2021-02-15,CAM,5470,2516,2954,987,238,94,1,98,64,3403,1,1,583,5297,173,ITF,ITF3,15,Campania,Campania,5801692,1510763,26.04,0.09
1211,2021-02-24,CAM,11787,4149,7638,845,194,150,4200,45,24,5965,1,0,363,11099,688,ITF,ITF3,15,Campania,Campania,5801692,1522550,26.24,0.2
1212,2021-02-28,CAM,10412,3206,7206,496,116,22,5496,303,139,2261,0,0,1579,8512,1900,ITF,ITF3,15,Campania,Campania,5801692,1532962,26.42,0.18
1213,2021-02-07,CAM,2929,1382,1547,706,189,225,0,260,155,342,0,0,1052,2158,771,ITF,ITF3,15,Campania,Campania,5801692,1535891,26.47,0.05
1214,2021-05-14,CAM,60795,27456,33339,309,282,73,6084,7374,5210,2667,25329,328,13139,36312,24483,ITF,ITF3,15,Campania,Campania,5801692,1596686,27.52,1.05
1215,2021-01-17,CAM,1155,551,604,718,54,151,0,22,7,3,0,0,200,702,453,ITF,ITF3,15,Campania,Campania,5801692,1597841,27.54,0.02
1216,2021-02-09,CAM,4643,2202,2441,1148,178,6,0,356,211,1381,0,0,1363,4391,252,ITF,ITF3,15,Campania,Campania,5801692,1602484,27.62,0.08
1217,2021-05-19,CAM,50996,22484,28512,267,363,43,5955,9425,4315,1429,10773,420,18006,34514,16482,ITF,ITF3,15,Campania,Campania,5801692,1653480,28.5,0.88
1218,2021-03-28,CAM,15551,7499,8052,79,156,18,679,55,3592,5103,5532,165,172,13928,1623,ITF,ITF3,15,Campania,Campania,5801692,1669031,28.77,0.27
1219,2021-04-06,CAM,24376,11422,12954,306,116,142,1552,102,10165,5375,5996,210,412,19855,4521,ITF,ITF3,15,Campania,Campania,5801692,1693407,29.19,0.42
1220,2020-12-31,CAM,1490,811,679,1273,150,1,0,11,2,0,0,0,53,1490,0,ITF,ITF3,15,Campania,Campania,5801692,1694897,29.21,0.03
1221,2021-03-20,CAM,13880,6428,7452,295,43,35,2880,76,1677,6504,772,1021,577,10141,3739,ITF,ITF3,15,Campania,Campania,5801692,1708777,29.45,0.24
1222,2021-04-26,CAM,33983,16628,17355,216,141,4,166,8368,4156,2349,18109,148,326,28360,5623,ITF,ITF3,15,Campania,Campania,5801692,1742760,30.04,0.59
1223,2021-02-21,CAM,5834,2239,3595,780,45,22,509,56,14,3871,0,0,537,5609,225,ITF,ITF3,15,Campania,Campania,5801692,1748594,30.14,0.1
1224,2021-03-19,CAM,11036,4870,6166,392,68,21,854,70,134,8445,474,139,439,7165,3871,ITF,ITF3,15,Campania,Campania,5801692,1759630,30.33,0.19
1225,2021-01-21,CAM,2092,1115,977,1379,153,74,0,95,32,22,0,0,337,676,1416,ITF,ITF3,15,Campania,Campania,5801692,1761722,30.37,0.04
1226,2021-03-29,CAM,18946,9134,9812,362,51,131,1197,83,4472,5050,6846,304,450,17400,1546,ITF,ITF3,15,Campania,Campania,5801692,1780668,30.69,0.33
1227,2021-05-10,CAM,35392,16366,19026,185,211,67,2790,6593,4384,1492,13063,252,6355,25495,9897,ITF,ITF3,15,Campania,Campania,5801692,1816060,31.3,0.61
1228,2021-02-26,CAM,13339,4230,9109,951,127,226,7832,131,65,3422,0,1,584,12004,1335,ITF,ITF3,15,Campania,Campania,5801692,1829399,31.53,0.23
1229,2021-05-20,CAM,60184,27708,32476,304,532,41,4320,4579,2713,1583,23089,425,22598,42876,17308,ITF,ITF3,15,Campania,Campania,5801692,1889583,32.57,1.04
1230,2021-03-18,CAM,12172,5378,6794,460,79,34,459,72,259,9982,232,99,496,5984,6188,ITF,ITF3,15,Campania,Campania,5801692,1901755,32.78,0.21
1231,2021-03-05,CAM,16479,6348,10131,1683,244,64,5789,320,141,6364,0,4,1870,9818,6661,ITF,ITF3,15,Campania,Campania,5801692,1918234,33.06,0.28
1232,2021-01-07,CAM,8910,4166,4744,6313,1087,332,0,193,29,11,0,0,945,8910,0,ITF,ITF3,15,Campania,Campania,5801692,1927144,33.22,0.15
1233,2021-04-22,CAM,33932,16524,17408,228,53,22,306,5244,6684,5078,15848,141,328,21531,12401,ITF,ITF3,15,Campania,Campania,5801692,1961076,33.8,0.58
1234,2021-03-06,CAM,16309,6753,9556,993,135,175,5486,250,170,7148,0,1105,847,10641,5668,ITF,ITF3,15,Campania,Campania,5801692,1977385,34.08,0.28
1235,2021-04-30,CAM,42228,20129,22099,314,68,107,1041,6343,8479,3527,19055,529,2765,25782,16446,ITF,ITF3,15,Campania,Campania,5801692,2019613,34.81,0.73
1236,2021-03-03,CAM,13919,5492,8427,2088,241,158,4231,469,251,4809,0,4,1668,7289,6630,ITF,ITF3,15,Campania,Campania,5801692,2033532,35.05,0.24
1237,2021-04-17,CAM,36172,17506,18666,217,41,7,433,4712,6959,6357,16965,140,341,24666,11506,ITF,ITF3,15,Campania,Campania,5801692,2069704,35.67,0.62
1238,2021-03-10,CAM,15247,7378,7869,705,246,26,2470,121,44,8444,1,2346,844,8414,6833,ITF,ITF3,15,Campania,Campania,5801692,2084951,35.94,0.26
1239,2021-05-07,CAM,59677,29167,30510,301,168,102,332,7562,5410,2632,19986,499,22685,43750,15927,ITF,ITF3,15,Campania,Campania,5801692,2144628,36.97,1.03
1240,2021-03-21,CAM,9984,4592,5392,168,28,17,1679,46,3787,2935,762,383,179,7594,2390,ITF,ITF3,15,Campania,Campania,5801692,2154612,37.14,0.17
1241,2021-03-08,CAM,14538,6716,7822,890,248,70,4957,156,78,4873,1,2275,990,9762,4776,ITF,ITF3,15,Campania,Campania,5801692,2169150,37.39,0.25
1242,2021-02-23,CAM,11003,3388,7615,521,87,295,5945,57,30,3760,0,0,308,10477,526,ITF,ITF3,15,Campania,Campania,5801692,2180153,37.58,0.19
1243,2021-01-22,CAM,1524,776,748,971,120,209,0,28,6,4,0,0,186,673,851,ITF,ITF3,15,Campania,Campania,5801692,2181677,37.6,0.03
1244,2021-02-12,CAM,6529,2861,3668,1886,307,208,4,160,69,3061,0,0,834,6343,186,ITF,ITF3,15,Campania,Campania,5801692,2188206,37.72,0.11
1245,2021-05-15,CAM,62576,29001,33575,289,301,14,3700,7735,4675,1922,27139,237,16564,43913,18663,ITF,ITF3,15,Campania,Campania,5801692,2250782,38.8,1.08
1246,2021-02-13,CAM,5508,2550,2958,960,114,131,2,160,127,3621,0,0,393,5291,217,ITF,ITF3,15,Campania,Campania,5801692,2256290,38.89,0.09
1247,2021-03-04,CAM,14659,5352,9307,1901,305,136,4841,303,98,5595,0,1,1479,8766,5893,ITF,ITF3,15,Campania,Campania,5801692,2270949,39.14,0.25
1248,2021-01-24,CAM,4128,2123,2005,3140,410,166,0,46,10,0,0,0,356,383,3745,ITF,ITF3,15,Campania,Campania,5801692,2275077,39.21,0.07
1249,2021-03-25,CAM,19991,9335,10656,307,52,8,2479,124,2560,7456,6030,395,580,16488,3503,ITF,ITF3,15,Campania,Campania,5801692,2295068,39.56,0.34
1250,2021-03-23,CAM,15336,7055,8281,359,491,188,3289,160,2744,4739,2113,577,676,12823,2513,ITF,ITF3,15,Campania,Campania,5801692,2310404,39.82,0.26
1251,2021-03-24,CAM,17618,8082,9536,410,99,76,2437,111,1941,6725,4803,621,395,14661,2957,ITF,ITF3,15,Campania,Campania,5801692,2328022,40.13,0.3
1252,2021-04-19,CAM,30706,14815,15891,177,51,91,243,7793,5424,5316,11224,123,264,19139,11567,ITF,ITF3,15,Campania,Campania,5801692,2358728,40.66,0.53
1253,2021-05-08,CAM,56331,27093,29238,192,124,5,721,7975,6706,3110,20405,256,16837,40527,15804,ITF,ITF3,15,Campania,Campania,5801692,2415059,41.63,0.97
1254,2021-02-01,CAM,3985,1813,2172,2504,656,152,0,102,26,14,0,0,531,110,3875,ITF,ITF3,15,Campania,Campania,5801692,2419044,41.7,0.07
1255,2021-03-09,CAM,13876,6636,7240,797,276,217,4187,177,49,4515,1,2516,1141,10095,3781,ITF,ITF3,15,Campania,Campania,5801692,2432920,41.93,0.24
1256,2021-01-27,CAM,7738,3820,3918,5838,875,270,0,118,32,4,0,0,601,162,7576,ITF,ITF3,15,Campania,Campania,5801692,2440658,42.07,0.13
1257,2021-01-20,CAM,1257,650,607,395,146,101,0,101,100,17,0,0,397,1257,0,ITF,ITF3,15,Campania,Campania,5801692,2441915,42.09,0.02
1258,2021-01-31,CAM,8067,3711,4356,5107,1012,67,0,238,61,12,0,0,1570,23,8044,ITF,ITF3,15,Campania,Campania,5801692,2449982,42.23,0.14
1259,2021-01-02,CAM,3673,1962,1711,3167,340,0,0,22,8,0,0,0,136,3673,0,ITF,ITF3,15,Campania,Campania,5801692,2453655,42.29,0.06
1260,2021-04-05,CAM,11636,5543,6093,141,23,6,432,31,2455,2879,5307,110,252,9214,2422,ITF,ITF3,15,Campania,Campania,5801692,2465291,42.49,0.2
1261,2021-01-19,CAM,1095,474,621,534,129,171,0,36,7,1,0,0,217,1092,3,ITF,ITF3,15,Campania,Campania,5801692,2466386,42.51,0.02
1262,2021-01-28,CAM,8832,4121,4711,6216,1094,347,0,190,32,12,0,0,941,134,8698,ITF,ITF3,15,Campania,Campania,5801692,2475218,42.66,0.15
1263,2021-01-04,CAM,5825,2962,2863,4850,678,0,0,45,5,1,0,0,246,5825,0,ITF,ITF3,15,Campania,Campania,5801692,2481043,42.76,0.1
1264,2021-04-09,CAM,29844,13965,15879,261,74,55,955,187,9294,7330,10730,354,604,23717,6127,ITF,ITF3,15,Campania,Campania,5801692,2510887,43.28,0.51
1265,2021-02-02,CAM,5723,2804,2919,3640,828,355,0,140,50,22,0,0,688,444,5279,ITF,ITF3,15,Campania,Campania,5801692,2516610,43.38,0.1
1266,2021-03-15,CAM,12931,6088,6843,819,142,78,2556,82,1445,6287,13,1066,443,8187,4744,ITF,ITF3,15,Campania,Campania,5801692,2529541,43.6,0.22
1267,2021-02-03,CAM,8903,4003,4900,4736,1102,714,0,295,74,34,0,0,1948,878,8025,ITF,ITF3,15,Campania,Campania,5801692,2538444,43.75,0.15
1268,2021-04-08,CAM,28262,13637,14625,283,130,58,1039,135,6668,7226,11876,401,446,22429,5833,ITF,ITF3,15,Campania,Campania,5801692,2566706,44.24,0.49
1269,2021-01-15,CAM,4980,2381,2599,2740,832,191,0,159,72,22,0,0,964,4980,0,ITF,ITF3,15,Campania,Campania,5801692,2571686,44.33,0.09
1270,2021-03-11,CAM,17578,8669,8909,1049,296,105,2834,180,87,8956,0,2959,1112,10300,7278,ITF,ITF3,15,Campania,Campania,5801692,2589264,44.63,0.3
1271,2021-04-14,CAM,27638,13330,14308,268,55,23,268,3204,11170,5111,7057,133,349,19073,8565,ITF,ITF3,15,Campania,Campania,5801692,2616902,45.11,0.48
1272,2021-05-01,CAM,46316,22652,23664,161,60,1,636,6333,6260,3671,22222,319,6653,30219,16097,ITF,ITF3,15,Campania,Campania,5801692,2663218,45.9,0.8
1273,2021-03-07,CAM,11912,5344,6568,533,110,85,4351,159,134,4030,0,1953,557,8069,3843,ITF,ITF3,15,Campania,Campania,5801692,2675130,46.11,0.21
1274,2021-01-03,CAM,3837,2009,1828,3191,401,0,0,31,6,0,0,0,208,3837,0,ITF,ITF3,15,Campania,Campania,5801692,2678967,46.18,0.07
1275,2021-03-30,CAM,21727,10270,11457,278,47,182,1833,155,5859,5688,6768,284,633,18769,2958,ITF,ITF3,15,Campania,Campania,5801692,2700694,46.55,0.37
1276,2021-01-13,CAM,8020,3666,4354,4350,1032,587,0,267,65,30,0,0,1689,8020,0,ITF,ITF3,15,Campania,Campania,5801692,2708714,46.69,0.14
1277,2021-04-07,CAM,24756,11783,12973,347,206,77,1043,135,7506,6623,8004,274,541,20034,4722,ITF,ITF3,15,Campania,Campania,5801692,2733470,47.12,0.43
1278,2021-02-18,LOM,14041,4926,9115,6165,1880,1594,28,13,18,3438,3,859,43,13013,1028,ITC,ITC4,3,Lombardia,Lombardia,10060574,14041,0.14,0.14
1279,2021-05-13,LOM,86531,41520,45011,2591,865,894,268,28174,11959,2944,29103,1278,8455,58133,28398,ITC,ITC4,3,Lombardia,Lombardia,10060574,100572,1.0,0.86
1280,2021-02-28,LOM,7889,3257,4632,1108,764,76,31,594,199,4343,0,88,686,7673,216,ITC,ITC4,3,Lombardia,Lombardia,10060574,108461,1.08,0.08
1281,2021-03-19,LOM,32400,12898,19502,2748,1934,1418,3009,69,115,22457,350,158,142,19215,13185,ITC,ITC4,3,Lombardia,Lombardia,10060574,140861,1.4,0.32
1282,2021-02-15,LOM,8915,3120,5795,6034,1677,1071,9,12,10,29,4,32,37,8494,421,ITC,ITC4,3,Lombardia,Lombardia,10060574,149776,1.49,0.09
1283,2021-05-19,LOM,81972,39264,42708,1641,652,270,1265,21380,16104,2286,28442,1875,8057,33544,48428,ITC,ITC4,3,Lombardia,Lombardia,10060574,231748,2.3,0.81
1284,2021-04-06,LOM,43009,17550,25459,2180,1932,685,4532,281,557,27995,4407,128,312,25056,17953,ITC,ITC4,3,Lombardia,Lombardia,10060574,274757,2.73,0.43
1285,2021-01-08,LOM,12669,3913,8756,9967,2237,376,0,17,9,7,1,0,55,12669,0,ITC,ITC4,3,Lombardia,Lombardia,10060574,287426,2.86,0.13
1286,2020-12-30,LOM,114,42,72,106,7,0,0,0,0,0,0,0,1,114,0,ITC,ITC4,3,Lombardia,Lombardia,10060574,287540,2.86,0.0
1287,2021-03-28,LOM,20440,7791,12649,2017,1292,115,3875,198,429,11366,1008,34,106,14276,6164,ITC,ITC4,3,Lombardia,Lombardia,10060574,307980,3.06,0.2
1288,2020-12-31,LOM,713,300,413,657,56,0,0,0,0,0,0,0,0,713,0,ITC,ITC4,3,Lombardia,Lombardia,10060574,308693,3.07,0.01
1289,2021-02-21,LOM,5052,1862,3190,1766,910,57,3,2,14,2234,2,42,22,5034,18,ITC,ITC4,3,Lombardia,Lombardia,10060574,313745,3.12,0.05
1290,2021-02-09,LOM,12285,3344,8941,5753,2258,4128,4,16,5,79,4,2,36,4113,8172,ITC,ITC4,3,Lombardia,Lombardia,10060574,326030,3.24,0.12
1291,2021-04-02,LOM,41061,16796,24265,2557,1828,1167,4640,540,2174,24652,3027,130,346,26666,14395,ITC,ITC4,3,Lombardia,Lombardia,10060574,367091,3.65,0.41
1292,2021-01-12,LOM,20139,6677,13462,13562,4571,1743,0,21,13,116,2,1,110,20139,0,ITC,ITC4,3,Lombardia,Lombardia,10060574,387230,3.85,0.2
1293,2021-01-01,LOM,24,7,17,24,0,0,0,0,0,0,0,0,0,24,0,ITC,ITC4,3,Lombardia,Lombardia,10060574,387254,3.85,0.0
1294,2021-03-16,LOM,25475,10112,15363,3316,1463,1459,76,311,249,18140,28,17,416,16419,9056,ITC,ITC4,3,Lombardia,Lombardia,10060574,412729,4.1,0.25
1295,2021-01-21,LOM,5342,1569,3773,3025,1211,1025,0,8,4,7,1,0,61,4653,689,ITC,ITC4,3,Lombardia,Lombardia,10060574,418071,4.16,0.05
1296,2021-04-20,LOM,67609,30811,36798,1157,588,751,569,8887,34187,11087,9587,232,564,57280,10329,ITC,ITC4,3,Lombardia,Lombardia,10060574,485680,4.83,0.67
1297,2021-02-19,LOM,14115,5369,8746,5572,1753,1154,16,22,42,4543,2,930,81,13435,680,ITC,ITC4,3,Lombardia,Lombardia,10060574,499795,4.97,0.14
1298,2021-03-15,LOM,31568,11333,20235,4691,2871,882,8319,273,376,13103,8,637,408,23050,8518,ITC,ITC4,3,Lombardia,Lombardia,10060574,531363,5.28,0.31
1299,2021-05-10,LOM,85117,40840,44277,2614,632,326,455,29370,14262,2392,29036,1253,4777,63667,21450,ITC,ITC4,3,Lombardia,Lombardia,10060574,616480,6.13,0.85
1300,2021-04-28,LOM,95530,43589,51941,1409,657,783,316,23420,28626,23318,15991,311,699,68682,26848,ITC,ITC4,3,Lombardia,Lombardia,10060574,712010,7.08,0.95
1301,2021-03-12,LOM,35237,12948,22289,5135,3227,1507,7382,184,279,16072,10,1114,327,25032,10205,ITC,ITC4,3,Lombardia,Lombardia,10060574,747247,7.43,0.35
1302,2021-02-08,LOM,10079,2918,7161,5324,2252,2405,4,5,2,53,4,0,30,2139,7940,ITC,ITC4,3,Lombardia,Lombardia,10060574,757326,7.53,0.1
1303,2021-04-22,LOM,73752,33321,40431,1193,704,1331,440,11029,31863,15587,10872,185,548,57461,16291,ITC,ITC4,3,Lombardia,Lombardia,10060574,831078,8.26,0.73
1304,2021-03-10,LOM,33225,12725,20500,6908,3856,2102,5480,429,302,12093,9,1608,438,25371,7854,ITC,ITC4,3,Lombardia,Lombardia,10060574,864303,8.59,0.33
1305,2021-01-22,LOM,3105,866,2239,1582,619,881,0,2,3,13,0,0,5,3035,70,ITC,ITC4,3,Lombardia,Lombardia,10060574,867408,8.62,0.03
1306,2021-05-21,LOM,33734,16559,17175,685,280,46,473,9642,6755,751,13413,1054,635,7472,26262,ITC,ITC4,3,Lombardia,Lombardia,10060574,901142,8.96,0.34
1307,2021-04-17,LOM,48247,21209,27038,521,204,287,385,443,28577,11684,5875,125,146,37479,10768,ITC,ITC4,3,Lombardia,Lombardia,10060574,949389,9.44,0.48
1308,2021-05-07,LOM,91789,43495,48294,3402,901,713,509,31912,18708,5693,25285,1156,3510,69784,22005,ITC,ITC4,3,Lombardia,Lombardia,10060574,1041178,10.35,0.91
1309,2021-03-08,LOM,29749,11178,18571,6599,2986,1160,4628,423,212,11768,11,1614,348,22680,7069,ITC,ITC4,3,Lombardia,Lombardia,10060574,1070927,10.64,0.3
1310,2021-04-18,LOM,36328,16201,20127,262,115,72,142,234,25814,5677,3800,99,113,31101,5227,ITC,ITC4,3,Lombardia,Lombardia,10060574,1107255,11.01,0.36
1311,2021-03-17,LOM,26233,10482,15751,2533,1418,1969,44,73,110,19615,175,45,251,15244,10989,ITC,ITC4,3,Lombardia,Lombardia,10060574,1133488,11.27,0.26
1312,2021-02-04,LOM,27654,8072,19582,15836,5868,5660,0,11,1,201,4,7,66,1971,25683,ITC,ITC4,3,Lombardia,Lombardia,10060574,1161142,11.54,0.27
1313,2021-03-31,LOM,41887,16950,24937,2600,1888,1473,6199,403,1820,24094,2833,150,427,26735,15152,ITC,ITC4,3,Lombardia,Lombardia,10060574,1203029,11.96,0.42
1314,2021-04-21,LOM,71614,32485,39129,1052,482,722,345,10507,32417,14663,10825,178,423,57025,14589,ITC,ITC4,3,Lombardia,Lombardia,10060574,1274643,12.67,0.71
1315,2021-05-17,LOM,94242,45190,49052,1570,634,149,483,28305,27771,2597,25347,1304,6082,30096,64146,ITC,ITC4,3,Lombardia,Lombardia,10060574,1368885,13.61,0.94
1316,2021-02-17,LOM,11969,3746,8223,7642,2231,1950,10,7,9,40,6,38,36,10580,1389,ITC,ITC4,3,Lombardia,Lombardia,10060574,1380854,13.73,0.12
1317,2020-12-27,LOM,717,413,304,615,46,14,0,13,7,1,1,0,20,717,0,ITC,ITC4,3,Lombardia,Lombardia,10060574,1381571,13.73,0.01
1318,2021-04-19,LOM,60071,27332,32739,1171,444,461,478,3372,34704,9987,8795,177,482,50666,9405,ITC,ITC4,3,Lombardia,Lombardia,10060574,1441642,14.33,0.6
1319,2021-04-24,LOM,75602,33505,42097,668,368,88,166,12525,29554,21455,10086,278,414,54543,21059,ITC,ITC4,3,Lombardia,Lombardia,10060574,1517244,15.08,0.75
1320,2021-05-08,LOM,87096,40471,46625,1750,521,68,599,29870,17867,6319,24866,1082,4154,65644,21452,ITC,ITC4,3,Lombardia,Lombardia,10060574,1604340,15.95,0.87
1321,2021-02-01,LOM,16055,5316,10739,11676,3378,903,1,3,3,45,3,1,42,305,15750,ITC,ITC4,3,Lombardia,Lombardia,10060574,1620395,16.11,0.16
1322,2021-04-05,LOM,27388,11697,15691,546,573,70,703,196,326,23749,1107,28,90,19278,8110,ITC,ITC4,3,Lombardia,Lombardia,10060574,1647783,16.38,0.27
1323,2021-01-31,LOM,9746,3763,5983,7577,2043,87,0,2,2,7,3,2,23,34,9712,ITC,ITC4,3,Lombardia,Lombardia,10060574,1657529,16.48,0.1
1324,2021-01-28,LOM,12194,3693,8501,9205,1859,971,1,11,5,29,2,1,110,780,11414,ITC,ITC4,3,Lombardia,Lombardia,10060574,1669723,16.6,0.12
1325,2021-01-03,LOM,854,316,538,745,89,4,0,0,0,1,1,0,14,854,0,ITC,ITC4,3,Lombardia,Lombardia,10060574,1670577,16.61,0.01
1326,2021-01-04,LOM,6077,2097,3980,4995,736,173,0,22,4,11,0,0,136,6077,0,ITC,ITC4,3,Lombardia,Lombardia,10060574,1676654,16.67,0.06
1327,2021-01-19,LOM,8125,2348,5777,4045,1773,2178,0,9,5,81,4,1,29,7651,474,ITC,ITC4,3,Lombardia,Lombardia,10060574,1684779,16.75,0.08
1328,2021-02-25,LOM,15198,6303,8895,2987,1340,1294,10,39,86,8101,4,1254,83,13645,1553,ITC,ITC4,3,Lombardia,Lombardia,10060574,1699977,16.9,0.15
1329,2021-02-03,LOM,25577,7908,17669,15603,5634,4100,1,17,9,144,6,8,55,1153,24424,ITC,ITC4,3,Lombardia,Lombardia,10060574,1725554,17.15,0.25
1330,2021-05-18,LOM,87589,41890,45699,1580,534,225,492,24404,22165,2518,26965,1636,7070,32425,55164,ITC,ITC4,3,Lombardia,Lombardia,10060574,1813143,18.02,0.87
1331,2021-02-14,LOM,3578,1546,2032,2750,623,42,10,5,1,3,2,0,142,2944,634,ITC,ITC4,3,Lombardia,Lombardia,10060574,1816721,18.06,0.04
1332,2021-02-27,LOM,13949,5871,8078,2091,1235,568,48,209,309,8312,7,1127,43,13307,642,ITC,ITC4,3,Lombardia,Lombardia,10060574,1830670,18.2,0.14
1333,2021-03-18,LOM,27425,10957,16468,2206,1210,1547,100,65,161,21452,506,50,128,16196,11229,ITC,ITC4,3,Lombardia,Lombardia,10060574,1858095,18.47,0.27
1334,2021-05-03,LOM,83595,39706,43889,1749,478,325,746,31549,23734,4431,19068,283,1232,71483,12112,ITC,ITC4,3,Lombardia,Lombardia,10060574,1941690,19.3,0.83
1335,2021-05-01,LOM,95753,43590,52163,685,514,72,309,28093,24142,25236,14452,336,1914,66674,29079,ITC,ITC4,3,Lombardia,Lombardia,10060574,2037443,20.25,0.95
1336,2021-02-07,LOM,7305,2819,4486,5635,1321,293,5,5,2,18,0,3,23,340,6965,ITC,ITC4,3,Lombardia,Lombardia,10060574,2044748,20.32,0.07
1337,2021-04-13,LOM,47570,21235,26335,946,643,706,957,526,24934,13483,4972,101,302,33507,14063,ITC,ITC4,3,Lombardia,Lombardia,10060574,2092318,20.8,0.47
1338,2021-03-07,LOM,12019,5347,6672,3012,2101,82,718,261,333,4629,2,672,209,9460,2559,ITC,ITC4,3,Lombardia,Lombardia,10060574,2104337,20.92,0.12
1339,2020-12-28,LOM,107,47,60,105,2,0,0,0,0,0,0,0,0,107,0,ITC,ITC4,3,Lombardia,Lombardia,10060574,2104444,20.92,0.0
1340,2021-03-25,LOM,42543,15879,26664,3459,2237,1436,10847,231,772,21242,1665,318,336,30030,12513,ITC,ITC4,3,Lombardia,Lombardia,10060574,2146987,21.34,0.42
1341,2021-03-30,LOM,39457,15468,23989,2778,1928,1168,6914,262,414,22361,2866,223,543,24704,14753,ITC,ITC4,3,Lombardia,Lombardia,10060574,2186444,21.73,0.39
1342,2021-01-26,LOM,8375,2720,5655,6651,1337,259,0,22,4,28,0,0,74,372,8003,ITC,ITC4,3,Lombardia,Lombardia,10060574,2194819,21.82,0.08
1343,2021-03-04,LOM,29387,12138,17249,7056,2498,2142,376,1623,1849,11148,6,2053,636,20258,9129,ITC,ITC4,3,Lombardia,Lombardia,10060574,2224206,22.11,0.29
1344,2021-01-17,LOM,8342,3343,4999,5603,750,244,0,169,55,72,6,5,1438,8141,201,ITC,ITC4,3,Lombardia,Lombardia,10060574,2232548,22.19,0.08
1345,2021-03-24,LOM,43305,15624,27681,2985,2448,1503,12497,416,752,20451,1265,563,425,31439,11866,ITC,ITC4,3,Lombardia,Lombardia,10060574,2275853,22.62,0.43
1346,2021-03-22,LOM,40302,14290,26012,2520,2361,897,12172,255,193,20514,542,533,315,29759,10543,ITC,ITC4,3,Lombardia,Lombardia,10060574,2316155,23.02,0.4
1347,2021-02-05,LOM,25600,7436,18164,14472,6221,4525,7,19,11,260,2,2,81,2383,23217,ITC,ITC4,3,Lombardia,Lombardia,10060574,2341755,23.28,0.25
1348,2021-04-10,LOM,52311,21677,30634,876,859,315,1465,512,3025,38912,6033,61,253,40518,11793,ITC,ITC4,3,Lombardia,Lombardia,10060574,2394066,23.8,0.52
1349,2021-03-23,LOM,42480,15387,27093,2266,2337,1322,12511,430,584,21346,770,405,509,29638,12842,ITC,ITC4,3,Lombardia,Lombardia,10060574,2436546,24.22,0.42
1350,2021-01-30,LOM,12323,4570,7753,9911,2119,161,1,18,2,8,1,1,101,174,12149,ITC,ITC4,3,Lombardia,Lombardia,10060574,2448869,24.34,0.12
1351,2021-05-09,LOM,69479,32797,36682,1727,731,18,359,28235,12538,1421,20585,144,3721,56415,13064,ITC,ITC4,3,Lombardia,Lombardia,10060574,2518348,25.03,0.69
1352,2021-04-26,LOM,87901,40912,46989,624,363,320,383,22155,30878,18600,13746,205,627,68755,19146,ITC,ITC4,3,Lombardia,Lombardia,10060574,2606249,25.91,0.87
1353,2021-01-24,LOM,1201,459,742,832,136,36,0,8,2,1,1,0,185,537,664,ITC,ITC4,3,Lombardia,Lombardia,10060574,2607450,25.92,0.01
1354,2021-01-05,LOM,7821,2566,5255,6273,1208,174,0,29,4,8,0,0,125,7821,0,ITC,ITC4,3,Lombardia,Lombardia,10060574,2615271,26.0,0.08
1355,2021-04-01,LOM,42862,17190,25672,2719,2085,1283,5752,826,1647,25235,2772,135,408,26737,16125,ITC,ITC4,3,Lombardia,Lombardia,10060574,2658133,26.42,0.43
1356,2021-04-15,LOM,49359,21830,27529,1120,642,1079,653,285,25706,12815,6745,97,217,35549,13810,ITC,ITC4,3,Lombardia,Lombardia,10060574,2707492,26.91,0.49
1357,2021-03-27,LOM,32311,12316,19995,1973,2425,323,6665,406,611,18287,1193,71,357,23707,8604,ITC,ITC4,3,Lombardia,Lombardia,10060574,2739803,27.23,0.32
1358,2021-03-01,LOM,18796,8231,10565,2719,1182,930,29,554,321,10863,3,1656,539,17091,1705,ITC,ITC4,3,Lombardia,Lombardia,10060574,2758599,27.42,0.19
1359,2021-01-18,LOM,9156,2968,6188,5197,1962,1852,0,16,13,54,5,2,55,8175,981,ITC,ITC4,3,Lombardia,Lombardia,10060574,2767755,27.51,0.09
1360,2021-02-22,LOM,11894,4808,7086,4235,1468,1028,28,13,22,4066,4,967,63,11586,308,ITC,ITC4,3,Lombardia,Lombardia,10060574,2779649,27.63,0.12
1361,2021-01-16,LOM,15415,5723,9692,8626,1392,1521,0,557,213,228,5,3,2870,15415,0,ITC,ITC4,3,Lombardia,Lombardia,10060574,2795064,27.78,0.15
1362,2021-04-03,LOM,36217,14852,21365,962,964,86,2241,1004,1551,27527,1657,80,145,26158,10059,ITC,ITC4,3,Lombardia,Lombardia,10060574,2831281,28.14,0.36
1363,2021-03-06,LOM,21315,9086,12229,4765,2181,451,1358,1898,1306,7524,7,1147,678,16801,4514,ITC,ITC4,3,Lombardia,Lombardia,10060574,2852596,28.35,0.21
1364,2021-04-30,LOM,116821,54609,62212,1730,731,782,1097,32516,27562,21000,28499,447,2457,89657,27164,ITC,ITC4,3,Lombardia,Lombardia,10060574,2969417,29.52,1.16
1365,2021-01-06,LOM,7061,2492,4569,5849,1107,38,2,24,1,0,0,0,40,7061,0,ITC,ITC4,3,Lombardia,Lombardia,10060574,2976478,29.59,0.07
1366,2021-03-20,LOM,32512,12152,20360,1991,2349,524,7861,155,140,18460,544,322,166,22660,9852,ITC,ITC4,3,Lombardia,Lombardia,10060574,3008990,29.91,0.32
1367,2021-02-24,LOM,14675,5928,8747,3596,1503,1787,24,36,44,6323,0,1204,158,13747,928,ITC,ITC4,3,Lombardia,Lombardia,10060574,3023665,30.05,0.15
1368,2021-04-09,LOM,52192,22282,29910,2238,1906,1257,3038,263,2343,34144,6457,97,449,36197,15995,ITC,ITC4,3,Lombardia,Lombardia,10060574,3075857,30.57,0.52
1369,2021-01-29,LOM,13439,4115,9324,10488,2325,573,0,5,3,9,1,0,35,655,12784,ITC,ITC4,3,Lombardia,Lombardia,10060574,3089296,30.71,0.13
1370,2021-05-04,LOM,86660,41011,45649,1894,544,351,365,34152,21546,4672,21221,257,1658,72369,14291,ITC,ITC4,3,Lombardia,Lombardia,10060574,3175956,31.57,0.86
1371,2021-05-16,LOM,68380,32369,36011,1566,790,13,313,20913,15770,1196,21160,276,6383,36441,31939,ITC,ITC4,3,Lombardia,Lombardia,10060574,3244336,32.25,0.68
1372,2021-02-16,LOM,9542,3086,6456,5850,2210,1395,19,13,4,10,7,8,26,9086,456,ITC,ITC4,3,Lombardia,Lombardia,10060574,3253878,32.34,0.09
1373,2021-01-09,LOM,12410,4573,7837,9527,2122,196,0,60,12,6,0,1,486,12410,0,ITC,ITC4,3,Lombardia,Lombardia,10060574,3266288,32.47,0.12
1374,2021-01-07,LOM,11761,3636,8125,8977,1797,814,1,14,8,37,2,1,110,11761,0,ITC,ITC4,3,Lombardia,Lombardia,10060574,3278049,32.58,0.12
1375,2021-05-11,LOM,86524,41303,45221,2726,737,432,532,29120,12795,2984,29146,1329,6723,60533,25991,ITC,ITC4,3,Lombardia,Lombardia,10060574,3364573,33.44,0.86
1376,2021-03-29,LOM,40003,15509,24494,2998,2155,455,8608,221,471,21747,2708,209,431,25181,14822,ITC,ITC4,3,Lombardia,Lombardia,10060574,3404576,33.84,0.4
1377,2021-02-20,LOM,9438,3901,5537,4299,1020,225,4,24,37,2919,2,871,37,9139,299,ITC,ITC4,3,Lombardia,Lombardia,10060574,3414014,33.93,0.09
1378,2021-04-11,LOM,32178,13935,18243,967,543,437,1215,231,715,23169,4023,795,83,24786,7392,ITC,ITC4,3,Lombardia,Lombardia,10060574,3446192,34.25,0.32
1379,2021-05-20,LOM,93022,45087,47935,1756,804,418,860,25293,17888,2011,32649,1714,9629,31453,61569,ITC,ITC4,3,Lombardia,Lombardia,10060574,3539214,35.18,0.92
1380,2021-03-21,LOM,23577,8549,15028,1086,1632,441,9133,114,207,9738,198,756,272,18316,5261,ITC,ITC4,3,Lombardia,Lombardia,10060574,3562791,35.41,0.23
1381,2021-04-04,LOM,7617,3232,4385,204,263,68,206,199,347,5880,361,9,80,3718,3899,ITC,ITC4,3,Lombardia,Lombardia,10060574,3570408,35.49,0.08
1382,2020-12-29,LOM,104,44,60,103,1,0,0,0,0,0,0,0,0,104,0,ITC,ITC4,3,Lombardia,Lombardia,10060574,3570512,35.49,0.0
1383,2021-03-05,LOM,28987,11947,17040,7244,3081,1556,427,1294,2142,11075,16,1980,172,20584,8403,ITC,ITC4,3,Lombardia,Lombardia,10060574,3599499,35.78,0.29
1384,2021-02-26,LOM,18364,7551,10813,3333,1716,1183,24,66,40,10586,7,1340,69,16514,1850,ITC,ITC4,3,Lombardia,Lombardia,10060574,3617863,35.96,0.18
1385,2021-03-26,LOM,41137,15597,25540,2731,2221,834,8659,252,552,22731,2469,256,432,28106,13031,ITC,ITC4,3,Lombardia,Lombardia,10060574,3659000,36.37,0.41
1386,2021-04-25,LOM,51377,23569,27808,422,143,12,287,10012,26881,4831,8339,154,296,46704,4673,ITC,ITC4,3,Lombardia,Lombardia,10060574,3710377,36.88,0.51
1387,2021-02-10,LOM,14392,4504,9888,8535,2365,3336,6,25,17,79,1,3,25,7572,6820,ITC,ITC4,3,Lombardia,Lombardia,10060574,3724769,37.02,0.14
1388,2021-04-27,LOM,85857,39929,45928,1094,457,288,356,22986,29401,14752,15612,308,603,69337,16520,ITC,ITC4,3,Lombardia,Lombardia,10060574,3810626,37.88,0.85
1389,2021-03-03,LOM,26916,11495,15421,6404,1784,1799,471,1269,1902,10209,12,2031,1035,19643,7273,ITC,ITC4,3,Lombardia,Lombardia,10060574,3837542,38.14,0.27
1390,2021-01-10,LOM,10518,3957,6561,8175,2197,85,1,4,1,12,5,2,36,10518,0,ITC,ITC4,3,Lombardia,Lombardia,10060574,3848060,38.25,0.1
1391,2021-02-23,LOM,11773,4792,6981,3960,1411,877,3,20,31,4312,1,992,166,11465,308,ITC,ITC4,3,Lombardia,Lombardia,10060574,3859833,38.37,0.12
1392,2021-01-13,LOM,26378,8053,18325,15838,5812,4294,1,28,14,200,4,3,184,26378,0,ITC,ITC4,3,Lombardia,Lombardia,10060574,3886211,38.63,0.26
1393,2021-03-14,LOM,14876,5349,9527,1520,1746,80,5450,99,117,5275,2,413,174,11590,3286,ITC,ITC4,3,Lombardia,Lombardia,10060574,3901087,38.78,0.15
1394,2021-04-23,LOM,73326,33261,40065,1410,609,716,348,12213,30432,15425,11467,237,469,56818,16508,ITC,ITC4,3,Lombardia,Lombardia,10060574,3974413,39.5,0.73
1395,2021-04-14,LOM,47115,21009,26106,935,748,677,786,295,24960,12487,5928,86,213,34149,12966,ITC,ITC4,3,Lombardia,Lombardia,10060574,4021528,39.97,0.47
1396,2021-05-15,LOM,80138,38486,41652,1367,433,66,329,23236,14974,2413,27820,1326,8174,47259,32879,ITC,ITC4,3,Lombardia,Lombardia,10060574,4101666,40.77,0.8
1397,2021-01-27,LOM,8045,2677,5368,6205,1338,434,2,22,3,1,0,0,40,821,7224,ITC,ITC4,3,Lombardia,Lombardia,10060574,4109711,40.85,0.08
1398,2021-02-12,LOM,13946,4355,9591,8116,2724,2957,3,7,8,102,3,5,21,9028,4918,ITC,ITC4,3,Lombardia,Lombardia,10060574,4123657,40.99,0.14
1399,2021-03-09,LOM,33234,12847,20387,6079,4096,2389,5482,434,352,12531,11,1464,396,25811,7423,ITC,ITC4,3,Lombardia,Lombardia,10060574,4156891,41.32,0.33
1400,2021-02-06,LOM,15255,5529,9726,9859,3034,1897,3,42,13,75,2,1,329,1068,14187,ITC,ITC4,3,Lombardia,Lombardia,10060574,4172146,41.47,0.15
1401,2021-05-05,LOM,87662,41805,45857,2331,576,472,355,33942,18048,4564,22504,232,4638,72529,15133,ITC,ITC4,3,Lombardia,Lombardia,10060574,4259808,42.34,0.87
1402,2021-01-25,LOM,7024,2372,4652,5632,941,218,0,26,3,15,0,0,189,489,6535,ITC,ITC4,3,Lombardia,Lombardia,10060574,4266832,42.41,0.07
1403,2021-02-13,LOM,6416,2443,3973,4180,1466,709,4,7,6,17,3,4,20,4939,1477,ITC,ITC4,3,Lombardia,Lombardia,10060574,4273248,42.48,0.06
1404,2021-04-12,LOM,47223,20568,26655,1147,903,504,1678,314,24481,13825,4097,76,198,32893,14330,ITC,ITC4,3,Lombardia,Lombardia,10060574,4320471,42.94,0.47
1405,2021-04-16,LOM,53585,23888,29697,1736,722,1024,463,386,28378,13523,7029,113,211,39272,14313,ITC,ITC4,3,Lombardia,Lombardia,10060574,4374056,43.48,0.53
1406,2021-01-15,LOM,25206,7430,17776,13836,5917,4739,9,56,24,316,3,2,304,25206,0,ITC,ITC4,3,Lombardia,Lombardia,10060574,4399262,43.73,0.25
1407,2021-05-14,LOM,85166,41045,44121,2159,978,576,297,25365,12916,2710,30570,1193,8402,55369,29797,ITC,ITC4,3,Lombardia,Lombardia,10060574,4484428,44.57,0.85
1408,2021-01-02,LOM,199,72,127,178,16,0,0,1,0,0,0,0,4,199,0,ITC,ITC4,3,Lombardia,Lombardia,10060574,4484627,44.58,0.0
1409,2021-02-02,LOM,19849,6584,13265,13500,4508,1687,1,6,4,76,0,7,60,491,19358,ITC,ITC4,3,Lombardia,Lombardia,10060574,4504476,44.77,0.2
1410,2021-01-20,LOM,5608,1373,4235,2746,1177,1579,0,14,6,65,0,0,21,5493,115,ITC,ITC4,3,Lombardia,Lombardia,10060574,4510084,44.83,0.06
1411,2021-05-02,LOM,83494,38329,45165,779,368,35,467,23640,19769,18591,17831,288,1726,61039,22455,ITC,ITC4,3,Lombardia,Lombardia,10060574,4593578,45.66,0.83
1412,2021-03-11,LOM,36201,13464,22737,5876,3537,2192,6670,226,298,15639,9,1296,458,26304,9897,ITC,ITC4,3,Lombardia,Lombardia,10060574,4629779,46.02,0.36
1413,2021-01-11,LOM,16138,5352,10786,11832,3368,786,2,9,5,49,1,1,85,16138,0,ITC,ITC4,3,Lombardia,Lombardia,10060574,4645917,46.18,0.16
1414,2021-05-06,LOM,89524,42104,47420,2328,745,454,347,33161,17965,4816,24662,244,4802,73228,16296,ITC,ITC4,3,Lombardia,Lombardia,10060574,4735441,47.07,0.89
1415,2021-03-02,LOM,22823,9700,13123,3193,1455,2200,132,1113,378,11264,8,1849,1231,19789,3034,ITC,ITC4,3,Lombardia,Lombardia,10060574,4758264,47.3,0.23
1416,2021-04-07,LOM,50487,20859,29628,1737,1438,1187,2473,280,1911,36813,4204,68,376,34710,15777,ITC,ITC4,3,Lombardia,Lombardia,10060574,4808751,47.8,0.5
1417,2021-01-23,LOM,1114,357,757,644,259,138,0,8,6,1,0,0,58,916,198,ITC,ITC4,3,Lombardia,Lombardia,10060574,4809865,47.81,0.01
1418,2021-04-08,LOM,52288,21739,30549,2251,1369,926,1565,288,2274,37580,5467,69,499,35834,16454,ITC,ITC4,3,Lombardia,Lombardia,10060574,4862153,48.33,0.52
1419,2021-02-11,LOM,17043,5003,12040,9764,3335,3873,6,3,2,33,1,4,22,9699,7344,ITC,ITC4,3,Lombardia,Lombardia,10060574,4879196,48.5,0.17
1420,2021-04-29,LOM,115322,53526,61796,2100,760,630,413,30897,28572,24828,24766,303,2053,85576,29746,ITC,ITC4,3,Lombardia,Lombardia,10060574,4994518,49.64,1.15
1421,2021-01-14,LOM,26800,7782,19018,15230,5591,5476,2,34,14,262,3,1,187,26800,0,ITC,ITC4,3,Lombardia,Lombardia,10060574,5021318,49.91,0.27
1422,2021-05-12,LOM,86910,41513,45397,2447,772,438,364,30220,12387,2917,29483,1318,6564,59682,27228,ITC,ITC4,3,Lombardia,Lombardia,10060574,5108228,50.77,0.86
1423,2021-03-13,LOM,27127,9756,17371,3751,2789,264,8143,222,685,10342,17,639,275,21070,6057,ITC,ITC4,3,Lombardia,Lombardia,10060574,5135355,51.04,0.27
1424,2021-03-29,VEN,31389,13631,17758,634,427,518,447,934,5745,16996,3658,931,1099,27557,3832,ITH,ITH3,5,Veneto,Veneto,4905854,31389,0.64,0.64
1425,2021-03-09,VEN,16458,7377,9081,1355,353,749,2948,95,61,8546,687,1116,548,10141,6317,ITH,ITH3,5,Veneto,Veneto,4905854,47847,0.98,0.34
1426,2021-01-02,VEN,5742,1765,3977,4854,233,544,3,21,2,3,0,0,82,5742,0,ITH,ITH3,5,Veneto,Veneto,4905854,53589,1.09,0.12
1427,2021-03-15,VEN,16598,7263,9335,1390,773,430,1969,135,600,9249,1061,710,281,11381,5217,ITH,ITH3,5,Veneto,Veneto,4905854,70187,1.43,0.34
1428,2021-04-20,VEN,22388,9483,12905,552,120,519,155,808,4587,9819,5346,31,451,8395,13993,ITH,ITH3,5,Veneto,Veneto,4905854,92575,1.89,0.46
1429,2021-05-10,VEN,36141,16859,19282,559,874,113,4342,13941,2570,1081,3966,524,8171,26447,9694,ITH,ITH3,5,Veneto,Veneto,4905854,128716,2.62,0.74
1430,2021-02-05,VEN,8370,2534,5836,4473,1470,2163,14,63,21,8,1,6,151,1425,6945,ITH,ITH3,5,Veneto,Veneto,4905854,137086,2.79,0.17
1431,2021-04-23,VEN,31091,13780,17311,648,327,314,116,1002,13538,7138,7154,38,816,22395,8696,ITH,ITH3,5,Veneto,Veneto,4905854,168177,3.43,0.63
1432,2021-01-07,VEN,8358,2318,6040,5568,860,1802,2,38,18,35,0,0,35,8358,0,ITH,ITH3,5,Veneto,Veneto,4905854,176535,3.6,0.17
1433,2021-03-18,VEN,12605,5134,7471,1688,482,497,856,100,140,7504,1056,36,246,7379,5226,ITH,ITH3,5,Veneto,Veneto,4905854,189140,3.86,0.26
1434,2021-02-26,VEN,8288,3267,5021,1823,559,747,315,55,30,4380,145,91,143,7036,1252,ITH,ITH3,5,Veneto,Veneto,4905854,197428,4.02,0.17
1435,2021-03-21,VEN,11983,4754,7229,1602,1131,42,2532,123,201,4244,1639,179,290,8521,3462,ITH,ITH3,5,Veneto,Veneto,4905854,209411,4.27,0.24
1436,2021-03-11,VEN,19695,8765,10930,1839,976,889,3691,171,72,9323,728,1287,719,14111,5584,ITH,ITH3,5,Veneto,Veneto,4905854,229106,4.67,0.4
1437,2021-01-13,VEN,5985,1606,4379,2889,1129,1888,2,19,6,3,2,1,46,5985,0,ITH,ITH3,5,Veneto,Veneto,4905854,235091,4.79,0.12
1438,2021-02-23,VEN,7373,3247,4126,1107,205,245,190,48,21,5342,49,69,97,7107,266,ITH,ITH3,5,Veneto,Veneto,4905854,242464,4.94,0.15
1439,2021-03-01,VEN,9387,3710,5677,2146,430,954,2526,99,21,2607,164,272,168,7566,1821,ITH,ITH3,5,Veneto,Veneto,4905854,251851,5.13,0.19
1440,2021-02-17,VEN,6022,2772,3250,424,158,361,4,19,11,4946,26,5,68,5928,94,ITH,ITH3,5,Veneto,Veneto,4905854,257873,5.26,0.12
1441,2021-03-06,VEN,10634,4320,6314,3560,570,1491,1328,58,26,1971,1274,168,188,7365,3269,ITH,ITH3,5,Veneto,Veneto,4905854,268507,5.47,0.22
1442,2021-02-16,VEN,6638,2870,3768,730,242,479,3,16,14,5020,35,2,97,6461,177,ITH,ITH3,5,Veneto,Veneto,4905854,275145,5.61,0.14
1443,2021-01-22,VEN,1080,332,748,962,52,57,3,1,0,0,0,0,5,25,1055,ITH,ITH3,5,Veneto,Veneto,4905854,276225,5.63,0.02
1444,2021-01-29,VEN,9016,2786,6230,6200,1231,1438,6,56,18,4,0,2,61,367,8649,ITH,ITH3,5,Veneto,Veneto,4905854,285241,5.81,0.18
1445,2021-05-07,VEN,47635,22852,24783,1453,708,283,288,21628,8645,2514,7433,152,4531,39043,8592,ITH,ITH3,5,Veneto,Veneto,4905854,332876,6.79,0.97
1446,2021-04-17,VEN,22351,9062,13289,821,216,129,86,485,3448,10323,6546,16,281,15069,7282,ITH,ITH3,5,Veneto,Veneto,4905854,355227,7.24,0.46
1447,2021-04-22,VEN,31876,13878,17998,680,299,378,111,1019,13124,9312,6058,45,850,16125,15751,ITH,ITH3,5,Veneto,Veneto,4905854,387103,7.89,0.65
1448,2021-03-03,VEN,12034,4591,7443,3356,664,1239,2346,92,41,3377,145,442,332,8540,3494,ITH,ITH3,5,Veneto,Veneto,4905854,399137,8.14,0.25
1449,2021-03-31,VEN,38517,16192,22325,1899,664,811,411,1205,9233,18496,4205,483,1110,31026,7491,ITH,ITH3,5,Veneto,Veneto,4905854,437654,8.92,0.79
1450,2021-02-28,VEN,4136,1389,2747,1741,942,15,15,19,1,992,301,76,34,3299,837,ITH,ITH3,5,Veneto,Veneto,4905854,441790,9.01,0.08
1451,2021-02-04,VEN,7326,2017,5309,3587,1102,2384,6,30,15,21,2,0,179,553,6773,ITH,ITH3,5,Veneto,Veneto,4905854,449116,9.15,0.15
1452,2021-03-10,VEN,18932,8634,10298,1566,794,561,4151,165,86,9047,653,1319,590,13248,5684,ITH,ITH3,5,Veneto,Veneto,4905854,468048,9.54,0.39
1453,2021-01-31,VEN,4766,1562,3204,3753,562,377,4,13,2,5,2,12,36,392,4374,ITH,ITH3,5,Veneto,Veneto,4905854,472814,9.64,0.1
1454,2021-02-21,VEN,4634,1209,3425,495,2,18,3696,0,0,417,0,2,4,4629,5,ITH,ITH3,5,Veneto,Veneto,4905854,477448,9.73,0.09
1455,2021-02-09,VEN,5246,1890,3356,3099,644,1270,6,32,10,21,1,1,162,3446,1800,ITH,ITH3,5,Veneto,Veneto,4905854,482694,9.84,0.11
1456,2021-01-26,VEN,6917,2091,4826,5365,522,977,5,7,3,0,0,1,37,153,6764,ITH,ITH3,5,Veneto,Veneto,4905854,489611,9.98,0.14
1457,2021-05-17,VEN,26238,12885,13353,246,145,77,736,6239,5211,796,3013,373,9402,16376,9862,ITH,ITH3,5,Veneto,Veneto,4905854,515849,10.51,0.53
1458,2021-03-17,VEN,14642,5991,8651,2253,505,318,700,118,192,8778,1430,26,322,7848,6794,ITH,ITH3,5,Veneto,Veneto,4905854,530491,10.81,0.3
1459,2021-03-14,VEN,15165,5934,9231,3410,1102,100,3660,145,1441,3750,996,276,285,14271,894,ITH,ITH3,5,Veneto,Veneto,4905854,545656,11.12,0.31
1460,2021-01-09,VEN,7927,2538,5389,5244,978,1573,6,34,4,3,23,12,50,7927,0,ITH,ITH3,5,Veneto,Veneto,4905854,553583,11.28,0.16
1461,2021-04-13,VEN,14012,6315,7697,754,176,302,66,330,2268,5162,4546,26,382,8522,5490,ITH,ITH3,5,Veneto,Veneto,4905854,567595,11.57,0.29
1462,2021-02-07,VEN,2315,862,1453,1974,238,50,2,12,3,2,0,7,27,714,1601,ITH,ITH3,5,Veneto,Veneto,4905854,569910,11.62,0.05
1463,2021-01-04,VEN,6735,2033,4702,5341,426,912,6,12,2,1,0,0,35,6735,0,ITH,ITH3,5,Veneto,Veneto,4905854,576645,11.75,0.14
1464,2021-01-18,VEN,2762,776,1986,1223,478,992,1,11,4,8,0,1,44,2563,199,ITH,ITH3,5,Veneto,Veneto,4905854,579407,11.81,0.06
1465,2020-12-30,VEN,699,245,454,598,52,39,2,0,0,0,0,0,8,699,0,ITH,ITH3,5,Veneto,Veneto,4905854,580106,11.82,0.01
1466,2021-03-12,VEN,18557,8117,10440,2138,1285,755,3512,184,117,8049,861,1011,645,11811,6746,ITH,ITH3,5,Veneto,Veneto,4905854,598663,12.2,0.38
1467,2020-12-31,VEN,3219,1042,2177,2787,94,252,2,23,0,0,0,0,61,3219,0,ITH,ITH3,5,Veneto,Veneto,4905854,601882,12.27,0.07
1468,2021-02-01,VEN,8557,2500,6057,4422,1543,2136,10,64,25,267,0,0,90,161,8396,ITH,ITH3,5,Veneto,Veneto,4905854,610439,12.44,0.17
1469,2021-01-19,VEN,1309,472,837,726,218,326,0,5,3,7,1,0,23,1159,150,ITH,ITH3,5,Veneto,Veneto,4905854,611748,12.47,0.03
1470,2021-04-05,VEN,19135,8367,10768,661,392,327,176,332,9869,5510,1712,22,134,13695,5440,ITH,ITH3,5,Veneto,Veneto,4905854,630883,12.86,0.39
1471,2021-01-03,VEN,5157,1562,3595,4613,255,249,2,7,1,0,0,0,30,5157,0,ITH,ITH3,5,Veneto,Veneto,4905854,636040,12.96,0.11
1472,2021-05-04,VEN,42576,20165,22411,525,145,106,2370,21917,6920,1575,6497,47,2474,34606,7970,ITH,ITH3,5,Veneto,Veneto,4905854,678616,13.83,0.87
1473,2021-01-21,VEN,2291,719,1572,2052,74,141,3,10,0,0,0,0,11,21,2270,ITH,ITH3,5,Veneto,Veneto,4905854,680907,13.88,0.05
1474,2021-03-30,VEN,35864,15219,20645,872,406,592,478,1474,8618,16802,4769,564,1289,30615,5249,ITH,ITH3,5,Veneto,Veneto,4905854,716771,14.61,0.73
1475,2021-02-03,VEN,5938,1664,4274,2950,1142,1750,6,20,8,3,4,0,55,481,5457,ITH,ITH3,5,Veneto,Veneto,4905854,722709,14.73,0.12
1476,2021-01-30,VEN,8745,2672,6073,6334,1030,1235,9,47,4,4,3,13,66,693,8052,ITH,ITH3,5,Veneto,Veneto,4905854,731454,14.91,0.18
1477,2021-02-13,VEN,3268,1475,1793,1591,198,1438,1,10,4,3,1,1,21,3248,20,ITH,ITH3,5,Veneto,Veneto,4905854,734722,14.98,0.07
1478,2021-05-01,VEN,38667,18155,20512,491,181,43,274,18982,6472,4342,6052,36,1794,29754,8913,ITH,ITH3,5,Veneto,Veneto,4905854,773389,15.76,0.79
1479,2021-02-06,VEN,4093,1353,2740,3098,542,367,4,17,5,3,0,1,56,709,3384,ITH,ITH3,5,Veneto,Veneto,4905854,777482,15.85,0.08
1480,2021-01-24,VEN,4117,1219,2898,3768,94,222,4,2,1,1,1,0,24,28,4089,ITH,ITH3,5,Veneto,Veneto,4905854,781599,15.93,0.08
1481,2021-04-16,VEN,24418,10482,13936,781,305,444,126,512,5885,9994,5814,35,522,12525,11893,ITH,ITH3,5,Veneto,Veneto,4905854,806017,16.43,0.5
1482,2021-03-23,VEN,22146,10186,11960,1303,1131,678,2868,257,5282,6685,2365,1047,530,17427,4719,ITH,ITH3,5,Veneto,Veneto,4905854,828163,16.88,0.45
1483,2021-03-22,VEN,18089,8133,9956,1478,1155,549,2494,204,2766,6699,1617,783,344,13045,5044,ITH,ITH3,5,Veneto,Veneto,4905854,846252,17.25,0.37
1484,2021-03-24,VEN,22019,9504,12515,1215,1051,807,3108,249,1506,10423,2228,970,462,15211,6808,ITH,ITH3,5,Veneto,Veneto,4905854,868271,17.7,0.45
1485,2021-04-10,VEN,27416,11956,15460,595,315,407,115,406,9478,10752,5014,15,319,18935,8481,ITH,ITH3,5,Veneto,Veneto,4905854,895687,18.26,0.56
1486,2021-04-02,VEN,23964,10547,13417,1215,511,382,299,474,7244,9629,3577,210,423,17633,6331,ITH,ITH3,5,Veneto,Veneto,4905854,919651,18.75,0.49
1487,2021-04-19,VEN,21535,8920,12615,967,186,287,202,532,3099,11463,4450,22,327,5118,16417,ITH,ITH3,5,Veneto,Veneto,4905854,941186,19.18,0.44
1488,2021-05-06,VEN,46327,21730,24597,641,231,307,1858,25339,6545,2432,6178,117,2679,37933,8394,ITH,ITH3,5,Veneto,Veneto,4905854,987513,20.13,0.94
1489,2021-02-08,VEN,4976,1541,3435,2824,785,1178,4,34,9,12,1,0,129,1929,3047,ITH,ITH3,5,Veneto,Veneto,4905854,992489,20.23,0.1
1490,2021-02-22,VEN,7013,3041,3972,758,138,362,244,22,15,5401,40,1,32,6626,387,ITH,ITH3,5,Veneto,Veneto,4905854,999502,20.37,0.14
1491,2021-05-08,VEN,41055,18592,22463,877,223,18,2411,17924,4229,4846,5296,253,4978,29283,11772,ITH,ITH3,5,Veneto,Veneto,4905854,1040557,21.21,0.84
1492,2021-03-04,VEN,12910,4822,8088,3219,866,1424,2834,83,55,3415,318,472,224,9443,3467,ITH,ITH3,5,Veneto,Veneto,4905854,1053467,21.47,0.26
1493,2021-05-12,VEN,35876,17332,18544,623,204,193,466,11978,3774,1103,3337,134,14064,30982,4894,ITH,ITH3,5,Veneto,Veneto,4905854,1089343,22.2,0.73
1494,2021-04-29,VEN,50204,23352,26852,657,219,439,218,22227,10691,5666,7942,163,1982,37011,13193,ITH,ITH3,5,Veneto,Veneto,4905854,1139547,23.23,1.02
1495,2021-01-01,VEN,1528,471,1057,1514,7,1,3,0,0,0,0,0,3,1528,0,ITH,ITH3,5,Veneto,Veneto,4905854,1141075,23.26,0.03
1496,2021-01-27,VEN,7138,2062,5076,5406,721,879,9,79,23,2,0,0,19,241,6897,ITH,ITH3,5,Veneto,Veneto,4905854,1148213,23.4,0.15
1497,2021-04-18,VEN,17519,7255,10264,521,158,69,110,369,2318,7344,6384,14,232,9946,7573,ITH,ITH3,5,Veneto,Veneto,4905854,1165732,23.76,0.36
1498,2021-05-18,VEN,26355,12315,14040,290,407,89,1386,5877,6634,2386,2514,362,6410,13143,13212,ITH,ITH3,5,Veneto,Veneto,4905854,1192087,24.3,0.54
1499,2021-04-27,VEN,28075,12736,15339,863,226,286,75,2988,13428,4558,4991,47,613,21150,6925,ITH,ITH3,5,Veneto,Veneto,4905854,1220162,24.87,0.57
1500,2020-12-27,VEN,880,395,485,875,1,0,1,0,1,0,0,0,2,880,0,ITH,ITH3,5,Veneto,Veneto,4905854,1221042,24.89,0.02
1501,2021-01-05,VEN,7330,2182,5148,5458,662,1123,5,20,2,1,0,2,57,7330,0,ITH,ITH3,5,Veneto,Veneto,4905854,1228372,25.04,0.15
1502,2021-01-20,VEN,1038,368,670,695,116,213,1,4,1,2,0,0,6,386,652,ITH,ITH3,5,Veneto,Veneto,4905854,1229410,25.06,0.02
1503,2021-02-02,VEN,6411,1847,4564,2999,1136,2000,3,22,6,153,6,0,86,392,6019,ITH,ITH3,5,Veneto,Veneto,4905854,1235821,25.19,0.13
1504,2021-05-21,VEN,14436,7010,7426,110,173,30,135,8539,3140,251,1879,79,100,3274,11162,ITH,ITH3,5,Veneto,Veneto,4905854,1250257,25.49,0.29
1505,2021-04-03,VEN,21880,9599,12281,1871,299,150,131,366,6140,8255,4139,31,498,14163,7717,ITH,ITH3,5,Veneto,Veneto,4905854,1272137,25.93,0.45
1506,2021-01-28,VEN,9209,2662,6547,6587,1083,1451,5,37,2,7,2,0,35,173,9036,ITH,ITH3,5,Veneto,Veneto,4905854,1281346,26.12,0.19
1507,2021-04-21,VEN,32262,13161,19101,997,306,398,123,651,10536,13409,5308,16,518,16194,16068,ITH,ITH3,5,Veneto,Veneto,4905854,1313608,26.78,0.66
1508,2021-04-08,VEN,32294,14338,17956,1159,389,593,443,839,11153,10108,6996,121,493,24419,7875,ITH,ITH3,5,Veneto,Veneto,4905854,1345902,27.43,0.66
1509,2021-05-05,VEN,43792,21011,22781,464,197,137,852,21604,10254,1540,6052,45,2647,37288,6504,ITH,ITH3,5,Veneto,Veneto,4905854,1389694,28.33,0.89
1510,2021-05-09,VEN,34866,16037,18829,427,499,16,1890,14617,2995,3104,6232,137,4949,24811,10055,ITH,ITH3,5,Veneto,Veneto,4905854,1424560,29.04,0.71
1511,2021-01-10,VEN,5032,1671,3361,3893,565,462,1,9,2,4,0,2,94,5032,0,ITH,ITH3,5,Veneto,Veneto,4905854,1429592,29.14,0.1
1512,2021-04-24,VEN,24689,10805,13884,606,263,106,62,621,10473,7091,4861,17,589,15615,9074,ITH,ITH3,5,Veneto,Veneto,4905854,1454281,29.64,0.5
1513,2021-02-18,VEN,5828,2455,3373,976,265,667,8,32,15,3797,4,1,63,5764,64,ITH,ITH3,5,Veneto,Veneto,4905854,1460109,29.76,0.12
1514,2021-02-27,VEN,8986,2691,6295,2322,180,65,4153,35,14,1964,32,86,135,8139,847,ITH,ITH3,5,Veneto,Veneto,4905854,1469095,29.95,0.18
1515,2021-05-11,VEN,32633,16267,16366,310,182,90,436,11926,3594,879,3861,106,11249,28091,4542,ITH,ITH3,5,Veneto,Veneto,4905854,1501728,30.61,0.67
1516,2021-04-04,VEN,7776,3531,4245,24,40,1,13,127,4953,1318,1258,2,40,6625,1151,ITH,ITH3,5,Veneto,Veneto,4905854,1509504,30.77,0.16
1517,2021-03-16,VEN,12517,5347,7170,1481,385,515,129,123,112,7720,1769,21,262,6902,5615,ITH,ITH3,5,Veneto,Veneto,4905854,1522021,31.02,0.26
1518,2021-02-25,VEN,7899,3339,4560,1548,343,476,298,33,35,4936,21,109,100,7294,605,ITH,ITH3,5,Veneto,Veneto,4905854,1529920,31.19,0.16
1519,2021-03-26,VEN,29538,13115,16423,1296,1755,1232,1922,444,8145,9812,3173,1024,735,24072,5466,ITH,ITH3,5,Veneto,Veneto,4905854,1559458,31.79,0.6
1520,2021-02-19,VEN,7321,3140,4181,1561,574,665,9,33,17,4365,5,4,88,7118,203,ITH,ITH3,5,Veneto,Veneto,4905854,1566779,31.94,0.15
1521,2021-01-06,VEN,8132,2385,5747,6514,673,808,10,72,24,2,2,2,25,8132,0,ITH,ITH3,5,Veneto,Veneto,4905854,1574911,32.1,0.17
1522,2021-01-08,VEN,9404,2836,6568,6134,1323,1806,12,59,18,4,1,1,46,9404,0,ITH,ITH3,5,Veneto,Veneto,4905854,1584315,32.29,0.19
1523,2021-02-14,VEN,125,56,69,97,22,0,0,1,0,0,0,0,5,112,13,ITH,ITH3,5,Veneto,Veneto,4905854,1584440,32.3,0.0
1524,2021-04-28,VEN,32336,15139,17197,701,245,597,95,4544,15708,2797,6497,36,1116,23314,9022,ITH,ITH3,5,Veneto,Veneto,4905854,1616776,32.96,0.66
1525,2021-05-03,VEN,40486,19721,20765,322,131,101,714,22042,6074,1657,6874,29,2542,34071,6415,ITH,ITH3,5,Veneto,Veneto,4905854,1657262,33.78,0.83
1526,2021-05-13,VEN,43521,21477,22044,499,232,97,564,10126,7064,1135,3769,110,19925,33834,9687,ITH,ITH3,5,Veneto,Veneto,4905854,1700783,34.67,0.89
1527,2021-01-16,VEN,4606,1541,3065,3196,670,657,0,13,6,0,0,1,63,4606,0,ITH,ITH3,5,Veneto,Veneto,4905854,1705389,34.76,0.09
1528,2021-03-20,VEN,12941,5340,7601,710,269,320,2412,137,1616,4728,2100,218,431,10846,2095,ITH,ITH3,5,Veneto,Veneto,4905854,1718330,35.03,0.26
1529,2021-03-19,VEN,13790,5668,8122,2164,866,516,727,145,127,7564,1254,55,372,7697,6093,ITH,ITH3,5,Veneto,Veneto,4905854,1732120,35.31,0.28
1530,2021-05-14,VEN,45850,21807,24043,611,210,167,940,7244,11589,3712,5427,122,15828,25422,20428,ITH,ITH3,5,Veneto,Veneto,4905854,1777970,36.24,0.93
1531,2021-04-26,VEN,20670,9435,11235,464,157,122,87,878,10651,3006,4646,49,610,15521,5149,ITH,ITH3,5,Veneto,Veneto,4905854,1798640,36.66,0.42
1532,2021-05-19,VEN,31334,14412,16922,421,523,163,1678,6932,6412,3291,2792,301,8821,16089,15245,ITH,ITH3,5,Veneto,Veneto,4905854,1829974,37.3,0.64
1533,2021-04-06,VEN,28864,13268,15596,445,204,388,106,514,16799,5347,4774,69,218,23790,5074,ITH,ITH3,5,Veneto,Veneto,4905854,1858838,37.89,0.59
1534,2021-04-01,VEN,25033,10982,14051,1057,604,601,162,636,7182,9819,4156,291,525,18648,6385,ITH,ITH3,5,Veneto,Veneto,4905854,1883871,38.4,0.51
1535,2021-01-17,VEN,1933,781,1152,1589,193,120,2,3,1,3,0,0,22,1584,349,ITH,ITH3,5,Veneto,Veneto,4905854,1885804,38.44,0.04
1536,2021-02-24,VEN,8613,3678,4935,1592,417,521,14,34,28,5591,41,273,102,8128,485,ITH,ITH3,5,Veneto,Veneto,4905854,1894417,38.62,0.18
1537,2021-04-25,VEN,18293,8139,10154,354,94,112,59,406,9071,4044,3917,4,232,13461,4832,ITH,ITH3,5,Veneto,Veneto,4905854,1912710,38.99,0.37
1538,2021-03-28,VEN,31246,13584,17662,1467,1447,172,2445,1125,8567,9241,3872,56,2854,27612,3634,ITH,ITH3,5,Veneto,Veneto,4905854,1943956,39.63,0.64
1539,2021-02-12,VEN,4312,1446,2866,2770,444,692,8,39,14,6,0,4,335,3740,572,ITH,ITH3,5,Veneto,Veneto,4905854,1948268,39.71,0.09
1540,2021-01-25,VEN,6468,2075,4393,5137,377,904,2,10,2,6,0,0,30,160,6308,ITH,ITH3,5,Veneto,Veneto,4905854,1954736,39.84,0.13
1541,2021-03-05,VEN,13284,4978,8306,3646,691,1468,2979,100,50,3090,475,353,432,9623,3661,ITH,ITH3,5,Veneto,Veneto,4905854,1968020,40.12,0.27
1542,2021-05-16,VEN,28378,13997,14381,502,185,37,241,6101,5291,647,3368,28,11978,21315,7063,ITH,ITH3,5,Veneto,Veneto,4905854,1996398,40.69,0.58
1543,2021-01-11,VEN,7238,2101,5137,3687,1161,1958,8,55,22,254,6,0,87,7238,0,ITH,ITH3,5,Veneto,Veneto,4905854,2003636,40.84,0.15
1544,2021-01-15,VEN,5864,1819,4045,3124,992,1569,4,45,18,9,0,5,98,5864,0,ITH,ITH3,5,Veneto,Veneto,4905854,2009500,40.96,0.12
1545,2021-04-12,VEN,14895,6331,8564,698,121,122,940,272,2086,6047,4323,19,267,6680,8215,ITH,ITH3,5,Veneto,Veneto,4905854,2024395,41.26,0.3
1546,2021-03-08,VEN,13546,6193,7353,719,245,402,2948,70,54,7168,475,1149,316,9477,4069,ITH,ITH3,5,Veneto,Veneto,4905854,2037941,41.54,0.28
1547,2021-04-15,VEN,20807,8583,12224,775,256,494,688,413,3897,8826,5001,8,449,10005,10802,ITH,ITH3,5,Veneto,Veneto,4905854,2058748,41.97,0.42
1548,2021-04-30,VEN,49885,23429,26456,728,320,472,244,20443,10653,5588,9228,102,2107,34220,15665,ITH,ITH3,5,Veneto,Veneto,4905854,2108633,42.98,1.02
1549,2021-05-20,VEN,42366,20114,22252,372,199,152,1271,17620,5901,1403,3495,258,11695,19025,23341,ITH,ITH3,5,Veneto,Veneto,4905854,2150999,43.85,0.86
1550,2021-04-11,VEN,20982,8866,12116,1898,137,83,345,313,4326,8113,5486,11,270,14675,6307,ITH,ITH3,5,Veneto,Veneto,4905854,2171981,44.27,0.43
1551,2021-05-02,VEN,37118,17204,19914,697,175,21,534,18004,4827,4507,6539,21,1793,26787,10331,ITH,ITH3,5,Veneto,Veneto,4905854,2209099,45.03,0.76
1552,2021-01-14,VEN,7061,1923,5138,3350,1066,2489,4,23,7,17,1,0,104,7061,0,ITH,ITH3,5,Veneto,Veneto,4905854,2216160,45.17,0.14
1553,2021-04-07,VEN,35861,16094,19767,2017,688,757,358,931,18267,5565,6047,118,1113,28531,7330,ITH,ITH3,5,Veneto,Veneto,4905854,2252021,45.9,0.73
1554,2021-04-14,VEN,15867,6878,8989,818,268,184,138,384,3698,5536,4429,24,388,9239,6628,ITH,ITH3,5,Veneto,Veneto,4905854,2267888,46.23,0.32
1555,2021-03-02,VEN,11476,4618,6858,2943,792,1198,1870,83,33,3290,465,469,333,8171,3305,ITH,ITH3,5,Veneto,Veneto,4905854,2279364,46.46,0.23
1556,2021-01-23,VEN,4050,1246,2804,3423,173,436,3,3,2,1,1,0,8,32,4018,ITH,ITH3,5,Veneto,Veneto,4905854,2283414,46.54,0.08
1557,2021-04-09,VEN,31094,13692,17402,1755,915,614,199,896,8496,9861,7303,97,958,22758,8336,ITH,ITH3,5,Veneto,Veneto,4905854,2314508,47.18,0.63
1558,2021-03-07,VEN,4471,1754,2717,1909,196,26,832,22,7,982,388,49,60,3910,561,ITH,ITH3,5,Veneto,Veneto,4905854,2318979,47.27,0.09
1559,2021-02-11,VEN,4015,1239,2776,2663,390,804,8,17,8,10,6,2,107,3385,630,ITH,ITH3,5,Veneto,Veneto,4905854,2322994,47.35,0.08
1560,2021-01-12,VEN,5230,1516,3714,2275,856,1753,5,23,16,176,2,0,124,5230,0,ITH,ITH3,5,Veneto,Veneto,4905854,2328224,47.46,0.11
1561,2021-05-15,VEN,35929,17366,18563,616,256,45,1585,7074,4207,1770,4756,25,15595,26029,9900,ITH,ITH3,5,Veneto,Veneto,4905854,2364153,48.19,0.73
1562,2021-03-27,VEN,32052,13991,18061,2285,1678,197,1581,632,7033,12305,4041,222,2078,26246,5806,ITH,ITH3,5,Veneto,Veneto,4905854,2396205,48.84,0.65
1563,2021-03-13,VEN,17175,7256,9919,2682,1721,109,4042,255,210,4813,2104,463,776,14042,3133,ITH,ITH3,5,Veneto,Veneto,4905854,2413380,49.19,0.35
1564,2021-02-10,VEN,4751,1588,3163,3176,561,783,2,43,18,6,1,0,161,3697,1054,ITH,ITH3,5,Veneto,Veneto,4905854,2418131,49.29,0.1
1565,2021-02-15,VEN,4386,1821,2565,486,84,383,2,18,9,3272,55,14,63,4146,240,ITH,ITH3,5,Veneto,Veneto,4905854,2422517,49.38,0.09
1566,2021-03-25,VEN,25829,10948,14881,1537,1439,1020,2262,332,5620,9923,2252,842,602,19705,6124,ITH,ITH3,5,Veneto,Veneto,4905854,2448346,49.91,0.53
1567,2021-02-20,VEN,6424,2014,4410,1905,114,100,3245,29,11,968,3,6,43,6353,71,ITH,ITH3,5,Veneto,Veneto,4905854,2454770,50.04,0.13
1568,2021-04-07,FVG,7491,3319,4172,339,297,114,34,5,2712,2095,1875,13,7,6710,781,ITH,ITH4,6,Friuli-Venezia Giulia,Friuli Venezia Giulia,1215220,7491,0.62,0.62
1569,2021-02-27,FVG,3518,1200,2318,201,140,4,1600,1,0,1520,27,25,0,3517,1,ITH,ITH4,6,Friuli-Venezia Giulia,Friuli Venezia Giulia,1215220,11009,0.91,0.29
1570,2021-05-11,FVG,8814,4208,4606,110,71,8,569,3088,1012,811,2460,71,614,7028,1786,ITH,ITH4,6,Friuli-Venezia Giulia,Friuli Venezia Giulia,1215220,19823,1.63,0.73
1571,2021-01-02,FVG,1216,470,746,1149,67,0,0,0,0,0,0,0,0,1216,0,ITH,ITH4,6,Friuli-Venezia Giulia,Friuli Venezia Giulia,1215220,21039,1.73,0.1
1572,2021-01-24,FVG,305,119,186,277,27,1,0,0,0,0,0,0,0,1,304,ITH,ITH4,6,Friuli-Venezia Giulia,Friuli Venezia Giulia,1215220,21344,1.76,0.03
1573,2021-01-14,FVG,2584,789,1795,1605,550,429,0,0,0,0,0,0,0,2584,0,ITH,ITH4,6,Friuli-Venezia Giulia,Friuli Venezia Giulia,1215220,23928,1.97,0.21
1574,2021-01-07,FVG,2090,717,1373,1760,221,109,0,0,0,0,0,0,0,2090,0,ITH,ITH4,6,Friuli-Venezia Giulia,Friuli Venezia Giulia,1215220,26018,2.14,0.17
1575,2021-04-28,FVG,7236,3192,4044,255,131,39,4,357,2046,1825,2537,3,39,3772,3464,ITH,ITH4,6,Friuli-Venezia Giulia,Friuli Venezia Giulia,1215220,33254,2.74,0.6
1576,2021-03-04,FVG,3428,1592,1836,360,216,96,402,1,1,1814,33,505,0,2785,643,ITH,ITH4,6,Friuli-Venezia Giulia,Friuli Venezia Giulia,1215220,36682,3.02,0.28
1577,2021-01-08,FVG,2322,747,1575,1680,242,396,0,1,0,0,0,0,3,2322,0,ITH,ITH4,6,Friuli-Venezia Giulia,Friuli Venezia Giulia,1215220,39004,3.21,0.19
1578,2021-04-19,FVG,6703,3129,3574,195,155,38,29,263,1102,1766,3143,2,10,3292,3411,ITH,ITH4,6,Friuli-Venezia Giulia,Friuli Venezia Giulia,1215220,45707,3.76,0.55
1579,2021-03-26,FVG,5796,2423,3373,497,213,233,752,22,649,2047,1263,88,32,3785,2011,ITH,ITH4,6,Friuli-Venezia Giulia,Friuli Venezia Giulia,1215220,51503,4.24,0.48
1580,2021-02-19,FVG,3251,1289,1962,566,308,315,427,0,0,1588,11,35,1,2824,427,ITH,ITH4,6,Friuli-Venezia Giulia,Friuli Venezia Giulia,1215220,54754,4.51,0.27
1581,2021-02-18,FVG,3217,1492,1725,229,122,331,983,0,0,1502,16,34,0,2811,406,ITH,ITH4,6,Friuli-Venezia Giulia,Friuli Venezia Giulia,1215220,57971,4.77,0.26
1582,2021-05-12,FVG,10557,4880,5677,135,79,31,447,2886,1858,498,3688,42,893,9215,1342,ITH,ITH4,6,Friuli-Venezia Giulia,Friuli Venezia Giulia,1215220,68528,5.64,0.87
1583,2021-02-20,FVG,2068,933,1135,11,1,148,306,0,2,1584,16,0,0,1924,144,ITH,ITH4,6,Friuli-Venezia Giulia,Friuli Venezia Giulia,1215220,70596,5.81,0.17
1584,2021-02-08,FVG,2357,694,1663,1401,521,435,0,0,0,0,0,0,0,92,2265,ITH,ITH4,6,Friuli-Venezia Giulia,Friuli Venezia Giulia,1215220,72953,6.0,0.19
1585,2021-05-21,FVG,1467,641,826,17,13,2,235,199,152,33,574,5,237,1180,287,ITH,ITH4,6,Friuli-Venezia Giulia,Friuli Venezia Giulia,1215220,74420,6.12,0.12
1586,2021-01-27,FVG,1272,425,847,851,357,64,0,0,0,0,0,0,0,450,822,ITH,ITH4,6,Friuli-Venezia Giulia,Friuli Venezia Giulia,1215220,75692,6.23,0.1
1587,2021-03-12,FVG,3938,1544,2394,178,63,47,589,1,5,2861,93,101,0,2557,1381,ITH,ITH4,6,Friuli-Venezia Giulia,Friuli Venezia Giulia,1215220,79630,6.55,0.32
1588,2021-02-13,FVG,567,179,388,337,230,0,0,0,0,0,0,0,0,561,6,ITH,ITH4,6,Friuli-Venezia Giulia,Friuli Venezia Giulia,1215220,80197,6.6,0.05
1589,2021-02-01,FVG,2096,688,1408,1590,372,134,0,0,0,0,0,0,0,16,2080,ITH,ITH4,6,Friuli-Venezia Giulia,Friuli Venezia Giulia,1215220,82293,6.77,0.17
1590,2021-01-18,FVG,1960,606,1354,1358,492,110,0,0,0,0,0,0,0,1866,94,ITH,ITH4,6,Friuli-Venezia Giulia,Friuli Venezia Giulia,1215220,84253,6.93,0.16
1591,2021-05-18,FVG,10337,5172,5165,207,191,63,393,2126,774,204,2489,486,3404,8371,1966,ITH,ITH4,6,Friuli-Venezia Giulia,Friuli Venezia Giulia,1215220,94590,7.78,0.85
1592,2021-04-30,FVG,7277,3206,4071,335,238,64,8,324,1141,1733,3380,3,51,3672,3605,ITH,ITH4,6,Friuli-Venezia Giulia,Friuli Venezia Giulia,1215220,101867,8.38,0.6
1593,2021-02-12,FVG,1193,428,765,671,389,127,1,0,1,2,1,0,1,1146,47,ITH,ITH4,6,Friuli-Venezia Giulia,Friuli Venezia Giulia,1215220,103060,8.48,0.1
1594,2021-04-15,FVG,6485,2858,3627,222,65,82,6,250,1119,1956,2762,1,22,5215,1270,ITH,ITH4,6,Friuli-Venezia Giulia,Friuli Venezia Giulia,1215220,109545,9.01,0.53
1595,2021-03-08,FVG,4065,1594,2471,694,513,140,436,0,7,2190,22,63,0,1977,2088,ITH,ITH4,6,Friuli-Venezia Giulia,Friuli Venezia Giulia,1215220,113610,9.35,0.33
1596,2021-05-04,FVG,9478,4277,5201,264,96,26,14,513,1597,1548,5407,6,7,6136,3342,ITH,ITH4,6,Friuli-Venezia Giulia,Friuli Venezia Giulia,1215220,123088,10.13,0.78
1597,2021-05-16,FVG,9926,4750,5176,233,73,16,605,2050,931,93,2628,364,2933,8535,1391,ITH,ITH4,6,Friuli-Venezia Giulia,Friuli Venezia Giulia,1215220,133014,10.95,0.82
1598,2021-03-01,FVG,2958,1041,1917,92,81,176,950,1,1,1636,17,4,0,2906,52,ITH,ITH4,6,Friuli-Venezia Giulia,Friuli Venezia Giulia,1215220,135972,11.19,0.24
1599,2021-04-10,FVG,4980,2159,2821,157,185,82,77,28,731,2081,1602,15,22,3758,1222,ITH,ITH4,6,Friuli-Venezia Giulia,Friuli Venezia Giulia,1215220,140952,11.6,0.41
1600,2021-01-29,FVG,2414,814,1600,1856,321,237,0,0,0,0,0,0,0,264,2150,ITH,ITH4,6,Friuli-Venezia Giulia,Friuli Venezia Giulia,1215220,143366,11.8,0.2
1601,2021-03-22,FVG,3540,1343,2197,149,88,205,463,0,1,2470,155,6,3,1586,1954,ITH,ITH4,6,Friuli-Venezia Giulia,Friuli Venezia Giulia,1215220,146906,12.09,0.29
1602,2021-03-31,FVG,8030,3500,4530,170,108,293,878,5,2335,2159,1968,112,2,7185,845,ITH,ITH4,6,Friuli-Venezia Giulia,Friuli Venezia Giulia,1215220,154936,12.75,0.66
1603,2021-04-02,FVG,6566,2915,3651,366,243,84,3,1,609,3133,2087,15,25,4733,1833,ITH,ITH4,6,Friuli-Venezia Giulia,Friuli Venezia Giulia,1215220,161502,13.29,0.54
1604,2021-05-06,FVG,11785,5479,6306,259,145,41,420,1716,1654,1595,5884,60,11,7846,3939,ITH,ITH4,6,Friuli-Venezia Giulia,Friuli Venezia Giulia,1215220,173287,14.26,0.97
1605,2021-02-22,FVG,2484,1193,1291,427,312,115,5,1,0,1366,13,245,0,2067,417,ITH,ITH4,6,Friuli-Venezia Giulia,Friuli Venezia Giulia,1215220,175771,14.46,0.2
1606,2021-02-28,FVG,2683,1002,1681,232,162,0,1494,0,0,405,1,389,0,2290,393,ITH,ITH4,6,Friuli-Venezia Giulia,Friuli Venezia Giulia,1215220,178454,14.68,0.22
1607,2021-02-25,FVG,3160,1651,1509,23,5,298,791,0,1,1555,12,475,0,3135,25,ITH,ITH4,6,Friuli-Venezia Giulia,Friuli Venezia Giulia,1215220,181614,14.94,0.26
1608,2021-05-17,FVG,8462,3938,4524,279,175,7,302,1917,1357,453,2567,45,1360,6244,2218,ITH,ITH4,6,Friuli-Venezia Giulia,Friuli Venezia Giulia,1215220,190076,15.64,0.7
1609,2021-02-21,FVG,800,281,519,213,166,27,1,0,0,382,10,1,0,423,377,ITH,ITH4,6,Friuli-Venezia Giulia,Friuli Venezia Giulia,1215220,190876,15.71,0.07
1610,2021-04-29,FVG,6656,2922,3734,350,146,6,7,391,1207,1472,2995,25,57,4136,2520,ITH,ITH4,6,Friuli-Venezia Giulia,Friuli Venezia Giulia,1215220,197532,16.25,0.55
1611,2021-03-15,FVG,3764,1636,2128,327,256,180,234,1,1,2425,103,237,0,1446,2318,ITH,ITH4,6,Friuli-Venezia Giulia,Friuli Venezia Giulia,1215220,201296,16.56,0.31
1612,2021-04-03,FVG,3983,1969,2014,37,580,4,150,2,3,2248,919,36,4,2655,1328,ITH,ITH4,6,Friuli-Venezia Giulia,Friuli Venezia Giulia,1215220,205279,16.89,0.33
1613,2021-01-04,FVG,1507,558,949,1390,117,0,0,0,0,0,0,0,0,1507,0,ITH,ITH4,6,Friuli-Venezia Giulia,Friuli Venezia Giulia,1215220,206786,17.02,0.12
1614,2021-01-19,FVG,6,2,4,4,0,2,0,0,0,0,0,0,0,6,0,ITH,ITH4,6,Friuli-Venezia Giulia,Friuli Venezia Giulia,1215220,206792,17.02,0.0
1615,2021-04-05,FVG,2868,1425,1443,33,222,13,122,3,607,468,1373,27,0,2853,15,ITH,ITH4,6,Friuli-Venezia Giulia,Friuli Venezia Giulia,1215220,209660,17.25,0.24
1616,2020-12-30,FVG,630,246,384,601,29,0,0,0,0,0,0,0,0,630,0,ITH,ITH4,6,Friuli-Venezia Giulia,Friuli Venezia Giulia,1215220,210290,17.3,0.05
1617,2021-04-27,FVG,8064,3697,4367,295,287,29,2,581,1874,2112,2843,1,40,3606,4458,ITH,ITH4,6,Friuli-Venezia Giulia,Friuli Venezia Giulia,1215220,218354,17.97,0.66
1618,2020-12-31,FVG,1053,384,669,1011,42,0,0,0,0,0,0,0,0,1053,0,ITH,ITH4,6,Friuli-Venezia Giulia,Friuli Venezia Giulia,1215220,219407,18.05,0.09
1619,2021-02-07,FVG,1561,483,1078,866,693,2,0,0,0,0,0,0,0,386,1175,ITH,ITH4,6,Friuli-Venezia Giulia,Friuli Venezia Giulia,1215220,220968,18.18,0.13
1620,2021-04-13,FVG,7362,3289,4073,347,308,188,23,245,2203,2232,1789,12,15,5758,1604,ITH,ITH4,6,Friuli-Venezia Giulia,Friuli Venezia Giulia,1215220,228330,18.79,0.61
1621,2021-02-03,FVG,2647,791,1856,1702,558,386,0,0,0,1,0,0,0,23,2624,ITH,ITH4,6,Friuli-Venezia Giulia,Friuli Venezia Giulia,1215220,230977,19.01,0.22
1622,2021-01-30,FVG,2273,744,1529,1476,355,442,0,0,0,0,0,0,0,270,2003,ITH,ITH4,6,Friuli-Venezia Giulia,Friuli Venezia Giulia,1215220,233250,19.19,0.19
1623,2021-04-23,FVG,7450,3372,4078,301,138,53,7,419,1197,2199,3103,3,30,3594,3856,ITH,ITH4,6,Friuli-Venezia Giulia,Friuli Venezia Giulia,1215220,240700,19.81,0.61
1624,2021-01-03,FVG,312,122,190,285,26,1,0,0,0,0,0,0,0,312,0,ITH,ITH4,6,Friuli-Venezia Giulia,Friuli Venezia Giulia,1215220,241012,19.83,0.03
1625,2021-02-05,FVG,2614,785,1829,1613,511,490,0,0,0,0,0,0,0,90,2524,ITH,ITH4,6,Friuli-Venezia Giulia,Friuli Venezia Giulia,1215220,243626,20.05,0.22
1626,2021-05-05,FVG,9646,4207,5439,294,171,40,14,1373,1757,1227,4759,3,8,6219,3427,ITH,ITH4,6,Friuli-Venezia Giulia,Friuli Venezia Giulia,1215220,253272,20.84,0.79
1627,2021-03-30,FVG,7092,3142,3950,420,334,405,139,14,2002,1937,1785,53,3,6170,922,ITH,ITH4,6,Friuli-Venezia Giulia,Friuli Venezia Giulia,1215220,260364,21.43,0.58
1628,2021-01-10,FVG,2939,918,2021,1744,951,244,0,0,0,0,0,0,0,2939,0,ITH,ITH4,6,Friuli-Venezia Giulia,Friuli Venezia Giulia,1215220,263303,21.67,0.24
1629,2021-01-13,FVG,2650,834,1816,1821,599,230,0,0,0,0,0,0,0,2650,0,ITH,ITH4,6,Friuli-Venezia Giulia,Friuli Venezia Giulia,1215220,265953,21.89,0.22
1630,2021-05-03,FVG,7144,3253,3891,229,184,58,11,316,1352,1252,3707,10,25,3377,3767,ITH,ITH4,6,Friuli-Venezia Giulia,Friuli Venezia Giulia,1215220,273097,22.47,0.59
1631,2021-04-22,FVG,6753,3071,3682,122,108,34,2,329,1560,2122,2459,1,16,3077,3676,ITH,ITH4,6,Friuli-Venezia Giulia,Friuli Venezia Giulia,1215220,279850,23.03,0.56
1632,2021-05-01,FVG,7162,3231,3931,215,36,0,2,216,109,578,5944,4,58,6119,1043,ITH,ITH4,6,Friuli-Venezia Giulia,Friuli Venezia Giulia,1215220,287012,23.62,0.59
1633,2021-03-24,FVG,3766,1530,2236,183,183,148,427,1,21,2321,416,62,4,2286,1480,ITH,ITH4,6,Friuli-Venezia Giulia,Friuli Venezia Giulia,1215220,290778,23.93,0.31
1634,2021-04-18,FVG,6038,2798,3240,327,76,81,2,394,1433,730,2966,1,28,5631,407,ITH,ITH4,6,Friuli-Venezia Giulia,Friuli Venezia Giulia,1215220,296816,24.42,0.5
1635,2021-03-23,FVG,3753,1558,2195,320,303,244,240,0,3,2446,169,28,0,1613,2140,ITH,ITH4,6,Friuli-Venezia Giulia,Friuli Venezia Giulia,1215220,300569,24.73,0.31
1636,2021-03-03,FVG,3636,1625,2011,746,545,104,427,0,0,1331,15,468,0,2363,1273,ITH,ITH4,6,Friuli-Venezia Giulia,Friuli Venezia Giulia,1215220,304205,25.03,0.3
1637,2021-04-17,FVG,7447,3232,4215,320,117,1,3,624,592,2454,3310,3,23,5965,1482,ITH,ITH4,6,Friuli-Venezia Giulia,Friuli Venezia Giulia,1215220,311652,25.65,0.61
1638,2021-05-07,FVG,10315,4686,5629,271,110,24,33,2271,1934,1571,3954,70,77,6848,3467,ITH,ITH4,6,Friuli-Venezia Giulia,Friuli Venezia Giulia,1215220,321967,26.49,0.85
1639,2020-12-27,FVG,262,149,113,259,3,0,0,0,0,0,0,0,0,262,0,ITH,ITH4,6,Friuli-Venezia Giulia,Friuli Venezia Giulia,1215220,322229,26.52,0.02
1640,2021-02-06,FVG,1154,338,816,755,208,191,0,0,0,0,0,0,0,22,1132,ITH,ITH4,6,Friuli-Venezia Giulia,Friuli Venezia Giulia,1215220,323383,26.61,0.09
1641,2021-01-22,FVG,90,30,60,89,1,0,0,0,0,0,0,0,0,0,90,ITH,ITH4,6,Friuli-Venezia Giulia,Friuli Venezia Giulia,1215220,323473,26.62,0.01
1642,2021-02-02,FVG,2467,806,1661,1658,393,416,0,0,0,0,0,0,0,217,2250,ITH,ITH4,6,Friuli-Venezia Giulia,Friuli Venezia Giulia,1215220,325940,26.82,0.2
1643,2021-03-06,FVG,3487,1193,2294,181,249,5,1464,0,0,1563,6,19,0,3162,325,ITH,ITH4,6,Friuli-Venezia Giulia,Friuli Venezia Giulia,1215220,329427,27.11,0.29
1644,2021-04-16,FVG,6910,2995,3915,289,184,169,16,312,977,2040,2902,1,20,4987,1923,ITH,ITH4,6,Friuli-Venezia Giulia,Friuli Venezia Giulia,1215220,336337,27.68,0.57
1645,2021-01-31,FVG,2715,836,1879,1693,1004,18,0,0,0,0,0,0,0,385,2330,ITH,ITH4,6,Friuli-Venezia Giulia,Friuli Venezia Giulia,1215220,339052,27.9,0.22
1646,2021-03-27,FVG,4984,2560,2424,60,811,1,99,4,905,1990,1096,16,2,3573,1411,ITH,ITH4,6,Friuli-Venezia Giulia,Friuli Venezia Giulia,1215220,344036,28.31,0.41
1647,2021-03-10,FVG,3358,1493,1865,305,299,209,195,0,1,1972,67,309,1,1566,1792,ITH,ITH4,6,Friuli-Venezia Giulia,Friuli Venezia Giulia,1215220,347394,28.59,0.28
1648,2021-04-21,FVG,7695,3438,4257,109,73,30,9,545,2427,2057,2435,4,6,4015,3680,ITH,ITH4,6,Friuli-Venezia Giulia,Friuli Venezia Giulia,1215220,355089,29.22,0.63
1649,2021-04-24,FVG,6675,2946,3729,433,55,0,1,526,283,1988,3335,1,53,5432,1243,ITH,ITH4,6,Friuli-Venezia Giulia,Friuli Venezia Giulia,1215220,361764,29.77,0.55
1650,2021-03-17,FVG,3231,1265,1966,427,219,198,6,0,1,2245,132,3,0,743,2488,ITH,ITH4,6,Friuli-Venezia Giulia,Friuli Venezia Giulia,1215220,364995,30.04,0.27
1651,2021-05-08,FVG,10230,4623,5607,341,197,11,14,2296,944,1912,4480,29,6,5462,4768,ITH,ITH4,6,Friuli-Venezia Giulia,Friuli Venezia Giulia,1215220,375225,30.88,0.84
1652,2021-03-14,FVG,1395,547,848,0,1,0,796,0,0,247,16,335,0,1143,252,ITH,ITH4,6,Friuli-Venezia Giulia,Friuli Venezia Giulia,1215220,376620,30.99,0.11
1653,2021-02-10,FVG,1352,496,856,745,487,119,1,0,0,0,0,0,0,1266,86,ITH,ITH4,6,Friuli-Venezia Giulia,Friuli Venezia Giulia,1215220,377972,31.1,0.11
1654,2021-01-26,FVG,1975,647,1328,1441,152,382,0,0,0,0,0,0,0,215,1760,ITH,ITH4,6,Friuli-Venezia Giulia,Friuli Venezia Giulia,1215220,379947,31.27,0.16
1655,2021-04-08,FVG,7207,3014,4193,259,147,236,34,5,1531,2972,2010,4,9,5287,1920,ITH,ITH4,6,Friuli-Venezia Giulia,Friuli Venezia Giulia,1215220,387154,31.86,0.59
1656,2021-03-29,FVG,6874,3001,3873,241,211,160,316,10,2108,2415,1358,47,8,5294,1580,ITH,ITH4,6,Friuli-Venezia Giulia,Friuli Venezia Giulia,1215220,394028,32.42,0.57
1657,2021-03-09,FVG,3855,1589,2266,654,478,200,424,2,4,2003,28,59,3,1108,2747,ITH,ITH4,6,Friuli-Venezia Giulia,Friuli Venezia Giulia,1215220,397883,32.74,0.32
1658,2021-05-13,FVG,10946,5255,5691,129,52,39,775,2831,1286,873,3069,223,1669,8962,1984,ITH,ITH4,6,Friuli-Venezia Giulia,Friuli Venezia Giulia,1215220,408829,33.64,0.9
1659,2021-01-12,FVG,2260,713,1547,1529,370,361,0,0,0,0,0,0,0,2260,0,ITH,ITH4,6,Friuli-Venezia Giulia,Friuli Venezia Giulia,1215220,411089,33.83,0.19
1660,2021-05-10,FVG,7795,3446,4349,193,71,98,27,1864,1787,792,2930,27,6,6268,1527,ITH,ITH4,6,Friuli-Venezia Giulia,Friuli Venezia Giulia,1215220,418884,34.47,0.64
1661,2021-03-28,FVG,4807,2271,2536,13,746,5,1306,8,1525,424,662,111,7,4667,140,ITH,ITH4,6,Friuli-Venezia Giulia,Friuli Venezia Giulia,1215220,423691,34.87,0.4
1662,2021-05-19,FVG,10926,5397,5529,187,75,25,399,2196,1139,226,3138,578,2963,8903,2023,ITH,ITH4,6,Friuli-Venezia Giulia,Friuli Venezia Giulia,1215220,434617,35.76,0.9
1663,2021-03-19,FVG,3233,1339,1894,107,47,297,134,0,0,2510,138,0,0,1301,1932,ITH,ITH4,6,Friuli-Venezia Giulia,Friuli Venezia Giulia,1215220,437850,36.03,0.27
1664,2021-01-17,FVG,1716,523,1193,673,559,484,0,0,0,0,0,0,0,1716,0,ITH,ITH4,6,Friuli-Venezia Giulia,Friuli Venezia Giulia,1215220,439566,36.17,0.14
1665,2021-04-26,FVG,5442,2444,2998,184,148,16,14,330,2087,699,1911,5,48,3794,1648,ITH,ITH4,6,Friuli-Venezia Giulia,Friuli Venezia Giulia,1215220,445008,36.62,0.45
1666,2021-05-20,FVG,10812,5271,5541,141,134,19,980,2271,716,462,2494,497,3098,8605,2207,ITH,ITH4,6,Friuli-Venezia Giulia,Friuli Venezia Giulia,1215220,455820,37.51,0.89
1667,2021-01-25,FVG,1584,568,1016,1371,141,72,0,0,0,0,0,0,0,194,1390,ITH,ITH4,6,Friuli-Venezia Giulia,Friuli Venezia Giulia,1215220,457404,37.64,0.13
1668,2021-02-23,FVG,2615,1252,1363,104,44,247,0,0,2,1943,19,256,0,2437,178,ITH,ITH4,6,Friuli-Venezia Giulia,Friuli Venezia Giulia,1215220,460019,37.85,0.22
1669,2021-02-26,FVG,3734,2092,1642,74,26,558,295,0,2,1737,5,1037,0,3586,148,ITH,ITH4,6,Friuli-Venezia Giulia,Friuli Venezia Giulia,1215220,463753,38.16,0.31
1670,2021-01-21,FVG,895,345,550,864,31,0,0,0,0,0,0,0,0,1,894,ITH,ITH4,6,Friuli-Venezia Giulia,Friuli Venezia Giulia,1215220,464648,38.24,0.07
1671,2021-04-12,FVG,7253,3181,4072,283,183,230,22,97,1740,2084,2591,4,19,6122,1131,ITH,ITH4,6,Friuli-Venezia Giulia,Friuli Venezia Giulia,1215220,471901,38.83,0.6
1672,2021-03-21,FVG,2602,937,1665,7,9,88,1120,0,0,1333,3,27,15,2193,409,ITH,ITH4,6,Friuli-Venezia Giulia,Friuli Venezia Giulia,1215220,474503,39.05,0.21
1673,2021-04-11,FVG,3433,1520,1913,233,100,7,27,13,533,1224,1270,7,19,2527,906,ITH,ITH4,6,Friuli-Venezia Giulia,Friuli Venezia Giulia,1215220,477936,39.33,0.28
1674,2021-03-18,FVG,3371,1421,1950,60,23,168,4,1,1,2863,251,0,0,1690,1681,ITH,ITH4,6,Friuli-Venezia Giulia,Friuli Venezia Giulia,1215220,481307,39.61,0.28
1675,2021-03-05,FVG,3736,1478,2258,1049,653,77,146,0,8,1729,26,46,2,2663,1073,ITH,ITH4,6,Friuli-Venezia Giulia,Friuli Venezia Giulia,1215220,485043,39.91,0.31
1676,2021-01-23,FVG,816,324,492,768,48,0,0,0,0,0,0,0,0,4,812,ITH,ITH4,6,Friuli-Venezia Giulia,Friuli Venezia Giulia,1215220,485859,39.98,0.07
1677,2021-04-14,FVG,7215,3118,4097,337,224,95,3,281,1560,2157,2548,2,8,5503,1712,ITH,ITH4,6,Friuli-Venezia Giulia,Friuli Venezia Giulia,1215220,493074,40.57,0.59
1678,2021-02-16,FVG,2516,1135,1381,260,244,221,0,0,3,1760,28,0,0,2400,116,ITH,ITH4,6,Friuli-Venezia Giulia,Friuli Venezia Giulia,1215220,495590,40.78,0.21
1679,2021-03-20,FVG,3340,1351,1989,414,279,10,66,2,1,2376,13,179,0,1249,2091,ITH,ITH4,6,Friuli-Venezia Giulia,Friuli Venezia Giulia,1215220,498930,41.06,0.27
1680,2021-02-17,FVG,2353,999,1354,330,178,230,0,0,0,1555,14,46,0,1873,480,ITH,ITH4,6,Friuli-Venezia Giulia,Friuli Venezia Giulia,1215220,501283,41.25,0.19
1681,2021-04-09,FVG,7762,3529,4233,299,172,103,23,57,1281,2617,3203,0,7,6518,1244,ITH,ITH4,6,Friuli-Venezia Giulia,Friuli Venezia Giulia,1215220,509045,41.89,0.64
1682,2021-03-07,FVG,2536,926,1610,1,5,152,1782,0,0,143,0,453,0,2535,1,ITH,ITH4,6,Friuli-Venezia Giulia,Friuli Venezia Giulia,1215220,511581,42.1,0.21
1683,2021-03-02,FVG,4220,1519,2701,1159,659,203,640,0,1,1536,17,5,0,2721,1499,ITH,ITH4,6,Friuli-Venezia Giulia,Friuli Venezia Giulia,1215220,515801,42.45,0.35
1684,2021-02-11,FVG,1930,664,1266,1131,566,229,0,0,1,2,0,1,0,1738,192,ITH,ITH4,6,Friuli-Venezia Giulia,Friuli Venezia Giulia,1215220,517731,42.6,0.16
1685,2021-02-24,FVG,2518,1082,1436,23,5,312,297,1,0,1835,15,0,30,2500,18,ITH,ITH4,6,Friuli-Venezia Giulia,Friuli Venezia Giulia,1215220,520249,42.81,0.21
1686,2021-03-16,FVG,3153,1287,1866,329,256,244,2,0,3,2204,115,0,0,1073,2080,ITH,ITH4,6,Friuli-Venezia Giulia,Friuli Venezia Giulia,1215220,523402,43.07,0.26
1687,2021-02-09,FVG,1841,554,1287,1047,509,285,0,0,0,0,0,0,0,1555,286,ITH,ITH4,6,Friuli-Venezia Giulia,Friuli Venezia Giulia,1215220,525243,43.22,0.15
1688,2021-01-09,FVG,2513,841,1672,1517,406,590,0,0,0,0,0,0,0,2513,0,ITH,ITH4,6,Friuli-Venezia Giulia,Friuli Venezia Giulia,1215220,527756,43.43,0.21
1689,2021-05-15,FVG,12527,6040,6487,373,55,3,533,1684,401,1107,4480,127,3764,7864,4663,ITH,ITH4,6,Friuli-Venezia Giulia,Friuli Venezia Giulia,1215220,540283,44.46,1.03
1690,2021-03-25,FVG,5309,2261,3048,55,54,302,835,3,957,2059,979,63,2,3176,2133,ITH,ITH4,6,Friuli-Venezia Giulia,Friuli Venezia Giulia,1215220,545592,44.9,0.44
1691,2021-02-15,FVG,2453,911,1542,700,390,316,0,0,4,1033,10,0,0,2202,251,ITH,ITH4,6,Friuli-Venezia Giulia,Friuli Venezia Giulia,1215220,548045,45.1,0.2
1692,2021-03-13,FVG,2933,1119,1814,12,4,86,723,1,2,2056,9,40,0,1662,1271,ITH,ITH4,6,Friuli-Venezia Giulia,Friuli Venezia Giulia,1215220,550978,45.34,0.24
1693,2021-01-20,FVG,748,320,428,716,32,0,0,0,0,0,0,0,0,13,735,ITH,ITH4,6,Friuli-Venezia Giulia,Friuli Venezia Giulia,1215220,551726,45.4,0.06
1694,2021-01-05,FVG,1678,551,1127,1349,133,196,0,0,0,0,0,0,0,1678,0,ITH,ITH4,6,Friuli-Venezia Giulia,Friuli Venezia Giulia,1215220,553404,45.54,0.14
1695,2021-04-06,FVG,6275,2771,3504,256,205,131,29,5,1098,2691,1837,19,4,5126,1149,ITH,ITH4,6,Friuli-Venezia Giulia,Friuli Venezia Giulia,1215220,559679,46.06,0.52
1696,2021-04-25,FVG,2359,989,1370,329,50,0,1,729,478,66,689,0,17,2348,11,ITH,ITH4,6,Friuli-Venezia Giulia,Friuli Venezia Giulia,1215220,562038,46.25,0.19
1697,2021-01-16,FVG,1230,360,870,771,211,248,0,0,0,0,0,0,0,1230,0,ITH,ITH4,6,Friuli-Venezia Giulia,Friuli Venezia Giulia,1215220,563268,46.35,0.1
1698,2021-04-01,FVG,6315,2993,3322,172,117,208,94,2,1171,2052,2431,57,11,5300,1015,ITH,ITH4,6,Friuli-Venezia Giulia,Friuli Venezia Giulia,1215220,569583,46.87,0.52
1699,2021-01-06,FVG,710,264,446,515,195,0,0,0,0,0,0,0,0,710,0,ITH,ITH4,6,Friuli-Venezia Giulia,Friuli Venezia Giulia,1215220,570293,46.93,0.06
1700,2021-05-14,FVG,10524,5218,5306,205,142,92,99,2999,1495,792,2820,608,1272,8060,2464,ITH,ITH4,6,Friuli-Venezia Giulia,Friuli Venezia Giulia,1215220,580817,47.8,0.87
1701,2021-02-04,FVG,2725,807,1918,1717,544,464,0,0,0,0,0,0,0,36,2689,ITH,ITH4,6,Friuli-Venezia Giulia,Friuli Venezia Giulia,1215220,583542,48.02,0.22
1702,2021-04-20,FVG,7104,3058,4046,496,313,38,8,428,1147,2366,2301,1,6,3202,3902,ITH,ITH4,6,Friuli-Venezia Giulia,Friuli Venezia Giulia,1215220,590646,48.6,0.58
1703,2021-03-11,FVG,3353,1413,1940,264,114,290,504,1,2,2014,35,127,2,1604,1749,ITH,ITH4,6,Friuli-Venezia Giulia,Friuli Venezia Giulia,1215220,593999,48.88,0.28
1704,2021-01-28,FVG,2238,794,1444,1756,288,194,0,0,0,0,0,0,0,354,1884,ITH,ITH4,6,Friuli-Venezia Giulia,Friuli Venezia Giulia,1215220,596237,49.06,0.18
1705,2021-05-09,FVG,7324,3287,4037,302,99,0,9,1006,457,633,4787,10,21,3474,3850,ITH,ITH4,6,Friuli-Venezia Giulia,Friuli Venezia Giulia,1215220,603561,49.67,0.6
1706,2021-05-02,FVG,6777,3188,3589,262,103,1,6,443,439,1133,4347,2,41,3881,2896,ITH,ITH4,6,Friuli-Venezia Giulia,Friuli Venezia Giulia,1215220,610338,50.22,0.56
1707,2021-01-11,FVG,1884,609,1275,1502,336,46,0,0,0,0,0,0,0,1884,0,ITH,ITH4,6,Friuli-Venezia Giulia,Friuli Venezia Giulia,1215220,612222,50.38,0.16
1708,2021-01-15,FVG,2021,605,1416,1278,369,374,0,0,0,0,0,0,0,2021,0,ITH,ITH4,6,Friuli-Venezia Giulia,Friuli Venezia Giulia,1215220,614243,50.55,0.17
1709,2021-03-03,TOS,18193,6510,11683,3324,1083,135,3446,2,0,9187,3,1003,10,14587,3606,ITI,ITI1,9,Toscana,Toscana,3729641,18193,0.49,0.49
1710,2021-01-04,TOS,5065,1894,3171,4100,29,933,0,0,0,0,0,0,3,5065,0,ITI,ITI1,9,Toscana,Toscana,3729641,23258,0.62,0.14
1711,2021-03-11,TOS,15494,5993,9501,2440,907,270,12,0,7,10331,1293,217,17,12168,3326,ITI,ITI1,9,Toscana,Toscana,3729641,38752,1.04,0.42
1712,2021-02-20,TOS,4641,1790,2851,3350,1038,203,18,0,0,17,0,15,0,4128,513,ITI,ITI1,9,Toscana,Toscana,3729641,43393,1.16,0.12
1713,2021-04-25,TOS,11045,5247,5798,243,101,61,15,33,6267,390,3924,5,6,8908,2137,ITI,ITI1,9,Toscana,Toscana,3729641,54438,1.46,0.3
1714,2021-02-13,TOS,7785,2360,5425,3667,574,163,5,0,2,0,0,186,3188,7558,227,ITI,ITI1,9,Toscana,Toscana,3729641,62223,1.67,0.21
1715,2021-01-19,TOS,1104,531,573,392,220,491,0,0,0,0,0,0,1,1104,0,ITI,ITI1,9,Toscana,Toscana,3729641,63327,1.7,0.03
1716,2021-03-18,TOS,9969,3980,5989,438,562,280,3,3,3,7797,871,7,5,6005,3964,ITI,ITI1,9,Toscana,Toscana,3729641,73296,1.97,0.27
1717,2021-04-05,TOS,15279,6823,8456,27,52,0,35,12,13541,257,1328,4,23,14542,737,ITI,ITI1,9,Toscana,Toscana,3729641,88575,2.37,0.41
1718,2021-04-23,TOS,25656,11422,14234,349,246,153,6,166,483,16520,7571,13,149,9347,16309,ITI,ITI1,9,Toscana,Toscana,3729641,114231,3.06,0.69
1719,2021-02-01,TOS,5509,1958,3551,4486,403,616,0,0,0,0,0,0,4,521,4988,ITI,ITI1,9,Toscana,Toscana,3729641,119740,3.21,0.15
1720,2021-02-25,TOS,10634,4305,6329,1078,1634,259,3200,1,1,3232,5,1220,4,9635,999,ITI,ITI1,9,Toscana,Toscana,3729641,130374,3.5,0.29
1721,2021-01-03,TOS,3335,1051,2284,2564,9,762,0,0,0,0,0,0,0,3335,0,ITI,ITI1,9,Toscana,Toscana,3729641,133709,3.59,0.09
1722,2021-02-06,TOS,4527,1550,2977,3725,574,227,0,0,0,0,0,0,1,1294,3233,ITI,ITI1,9,Toscana,Toscana,3729641,138236,3.71,0.12
1723,2021-01-22,TOS,2866,1064,1802,2026,81,758,0,0,0,0,1,0,0,528,2338,ITI,ITI1,9,Toscana,Toscana,3729641,141102,3.78,0.08
1724,2021-02-12,TOS,7606,2683,4923,3742,380,188,0,0,1,3,0,402,2890,7393,213,ITI,ITI1,9,Toscana,Toscana,3729641,148708,3.99,0.2
1725,2021-04-17,TOS,20514,9196,11318,601,389,83,1,22,7391,5932,6065,8,22,18392,2122,ITI,ITI1,9,Toscana,Toscana,3729641,169222,4.54,0.55
1726,2021-03-08,TOS,6369,2630,3739,4063,747,191,8,0,0,66,965,327,2,1550,4819,ITI,ITI1,9,Toscana,Toscana,3729641,175591,4.71,0.17
1727,2021-05-07,TOS,31974,14635,17339,507,355,103,2807,2903,2085,9205,13032,528,449,11962,20012,ITI,ITI1,9,Toscana,Toscana,3729641,207565,5.57,0.86
1728,2021-04-13,TOS,8488,3506,4982,251,462,265,5,35,54,5547,1827,30,12,6031,2457,ITI,ITI1,9,Toscana,Toscana,3729641,216053,5.79,0.23
1729,2021-04-22,TOS,35698,15288,20410,318,500,139,6,123,7346,20445,6681,16,124,18267,17431,ITI,ITI1,9,Toscana,Toscana,3729641,251751,6.75,0.96
1730,2021-02-26,TOS,10076,3833,6243,1555,1653,298,3562,0,0,1817,2,1189,0,8870,1206,ITI,ITI1,9,Toscana,Toscana,3729641,261827,7.02,0.27
1731,2021-05-02,TOS,11158,4922,6236,38,21,3,2,56,6822,1725,2453,12,26,9200,1958,ITI,ITI1,9,Toscana,Toscana,3729641,272985,7.32,0.3
1732,2021-02-03,TOS,4221,1452,2769,3475,239,505,0,0,0,1,0,0,1,241,3980,ITI,ITI1,9,Toscana,Toscana,3729641,277206,7.43,0.11
1733,2021-04-16,TOS,28913,12872,16041,522,523,92,2,67,6606,15189,5838,22,52,22021,6892,ITI,ITI1,9,Toscana,Toscana,3729641,306119,8.21,0.78
1734,2021-03-30,TOS,16855,7492,9363,212,169,250,113,13,4545,8534,2736,219,64,13291,3564,ITI,ITI1,9,Toscana,Toscana,3729641,322974,8.66,0.45
1735,2021-03-02,TOS,10600,3799,6801,3171,986,154,3512,0,0,1851,0,922,4,7156,3444,ITI,ITI1,9,Toscana,Toscana,3729641,333574,8.94,0.28
1736,2021-05-06,TOS,31188,13546,17642,311,512,40,1716,339,3862,12540,11351,126,391,14121,17067,ITI,ITI1,9,Toscana,Toscana,3729641,364762,9.78,0.84
1737,2021-03-22,TOS,4882,2443,2439,222,367,380,314,27,2418,474,466,139,75,4438,444,ITI,ITI1,9,Toscana,Toscana,3729641,369644,9.91,0.13
1738,2021-01-23,TOS,3949,1354,2595,2936,170,841,0,0,0,0,0,0,2,640,3309,ITI,ITI1,9,Toscana,Toscana,3729641,373593,10.02,0.11
1739,2021-04-08,TOS,29641,12528,17113,264,319,207,5,62,1785,23691,3233,17,58,23268,6373,ITI,ITI1,9,Toscana,Toscana,3729641,403234,10.81,0.79
1740,2021-01-24,TOS,3349,1073,2276,2602,35,709,0,0,0,1,0,0,2,201,3148,ITI,ITI1,9,Toscana,Toscana,3729641,406583,10.9,0.09
1741,2021-03-25,TOS,23598,10120,13478,225,313,405,711,46,2777,16116,2660,268,77,15274,8324,ITI,ITI1,9,Toscana,Toscana,3729641,430181,11.53,0.63
1742,2021-01-14,TOS,3255,1179,2076,2459,475,320,0,0,0,0,1,0,0,3255,0,ITI,ITI1,9,Toscana,Toscana,3729641,433436,11.62,0.09
1743,2021-04-19,TOS,9087,4502,4585,637,245,74,7,24,378,509,7208,2,3,8060,1027,ITI,ITI1,9,Toscana,Toscana,3729641,442523,11.87,0.24
1744,2021-03-19,TOS,10136,4457,5679,641,442,303,35,21,2644,5285,712,13,40,7271,2865,ITI,ITI1,9,Toscana,Toscana,3729641,452659,12.14,0.27
1745,2021-03-04,TOS,17622,6757,10865,2816,953,274,3695,2,8,8237,597,1036,4,14540,3082,ITI,ITI1,9,Toscana,Toscana,3729641,470281,12.61,0.47
1746,2021-05-13,TOS,34684,15220,19464,1040,673,29,2701,7111,8941,5456,7400,879,454,13698,20986,ITI,ITI1,9,Toscana,Toscana,3729641,504965,13.54,0.93
1747,2021-02-15,TOS,8770,3375,5395,4538,922,216,1138,0,0,56,0,801,1099,7945,825,ITI,ITI1,9,Toscana,Toscana,3729641,513735,13.77,0.24
1748,2021-01-17,TOS,2535,871,1664,2002,293,240,0,0,0,0,0,0,0,2022,513,ITI,ITI1,9,Toscana,Toscana,3729641,516270,13.84,0.07
1749,2021-05-19,TOS,27572,13347,14225,423,2319,24,2586,3866,1801,272,6282,1518,8481,18789,8783,ITI,ITI1,9,Toscana,Toscana,3729641,543842,14.58,0.74
1750,2021-04-26,TOS,10128,4929,5199,117,273,72,4,47,4252,210,5105,7,41,7584,2544,ITI,ITI1,9,Toscana,Toscana,3729641,553970,14.85,0.27
1751,2021-04-14,TOS,20137,8324,11813,399,408,122,1,33,146,16683,2294,10,41,15038,5099,ITI,ITI1,9,Toscana,Toscana,3729641,574107,15.39,0.54
1752,2021-04-29,TOS,39329,17705,21624,305,330,156,14,97,13130,19430,5749,19,99,19223,20106,ITI,ITI1,9,Toscana,Toscana,3729641,613436,16.45,1.05
1753,2021-03-28,TOS,6199,2801,3398,37,26,145,89,22,2402,893,2545,22,18,5945,254,ITI,ITI1,9,Toscana,Toscana,3729641,619635,16.61,0.17
1754,2021-04-02,TOS,31939,13529,18410,298,65,370,6,15,8605,19851,2563,117,49,23915,8024,ITI,ITI1,9,Toscana,Toscana,3729641,651574,17.47,0.86
1755,2021-04-03,TOS,15011,6644,8367,101,64,99,13,16,6585,4914,3183,10,26,13885,1126,ITI,ITI1,9,Toscana,Toscana,3729641,666585,17.87,0.4
1756,2021-02-18,TOS,8818,3285,5533,2924,1447,230,3142,0,0,215,0,860,0,7923,895,ITI,ITI1,9,Toscana,Toscana,3729641,675403,18.11,0.24
1757,2021-03-15,TOS,8356,3331,5025,3214,1609,404,2281,0,2,36,325,482,3,3914,4442,ITI,ITI1,9,Toscana,Toscana,3729641,683759,18.33,0.22
1758,2021-05-10,TOS,26066,12314,13752,488,266,32,2028,7612,3699,657,10143,927,214,15475,10591,ITI,ITI1,9,Toscana,Toscana,3729641,709825,19.03,0.7
1759,2021-01-15,TOS,3878,1347,2531,2758,674,444,0,0,0,0,0,0,2,3878,0,ITI,ITI1,9,Toscana,Toscana,3729641,713703,19.14,0.1
1760,2021-05-04,TOS,18262,8188,10074,371,424,60,11,127,3757,3878,9425,89,120,12826,5436,ITI,ITI1,9,Toscana,Toscana,3729641,731965,19.63,0.49
1761,2021-05-21,TOS,8505,4084,4421,86,396,11,494,1674,1216,107,2475,246,1800,5961,2544,ITI,ITI1,9,Toscana,Toscana,3729641,740470,19.85,0.23
1762,2021-03-27,TOS,8845,4139,4706,115,72,243,198,17,3197,2074,2841,57,31,8630,215,ITI,ITI1,9,Toscana,Toscana,3729641,749315,20.09,0.24
1763,2021-01-21,TOS,1589,686,903,579,220,790,0,0,0,0,0,0,0,867,722,ITI,ITI1,9,Toscana,Toscana,3729641,750904,20.13,0.04
1764,2021-04-09,TOS,24514,10538,13976,242,121,220,3,42,94,20301,3438,17,36,21111,3403,ITI,ITI1,9,Toscana,Toscana,3729641,775418,20.79,0.66
1765,2021-03-20,TOS,6489,2882,3607,914,563,165,34,4,3576,773,423,27,10,5354,1135,ITI,ITI1,9,Toscana,Toscana,3729641,781907,20.96,0.17
1766,2021-02-17,TOS,8175,3169,5006,3464,1123,249,2486,0,0,218,0,635,0,7423,752,ITI,ITI1,9,Toscana,Toscana,3729641,790082,21.18,0.22
1767,2021-02-23,TOS,7721,3324,4397,1490,1512,204,2832,0,0,510,1,1170,2,7560,161,ITI,ITI1,9,Toscana,Toscana,3729641,797803,21.39,0.21
1768,2021-02-24,TOS,10372,4467,5905,81,1513,301,2947,0,0,4141,0,1384,5,10171,201,ITI,ITI1,9,Toscana,Toscana,3729641,808175,21.67,0.28
1769,2021-01-13,TOS,4062,1398,2664,3308,348,404,0,0,0,0,0,0,2,4062,0,ITI,ITI1,9,Toscana,Toscana,3729641,812237,21.78,0.11
1770,2021-03-07,TOS,5647,2356,3291,3103,642,123,774,0,0,15,417,573,0,2105,3542,ITI,ITI1,9,Toscana,Toscana,3729641,817884,21.93,0.15
1771,2021-02-16,TOS,9279,3339,5940,5084,952,188,2324,0,0,10,0,720,1,8558,721,ITI,ITI1,9,Toscana,Toscana,3729641,827163,22.18,0.25
1772,2021-04-04,TOS,13910,6601,7309,17,20,1,52,14,12885,173,723,5,20,13657,253,ITI,ITI1,9,Toscana,Toscana,3729641,841073,22.55,0.37
1773,2021-03-01,TOS,4472,1733,2739,3192,597,137,25,0,0,9,1,509,2,832,3640,ITI,ITI1,9,Toscana,Toscana,3729641,845545,22.67,0.12
1774,2021-05-20,TOS,28069,13023,15046,988,2419,21,2961,4909,1923,229,9015,1207,4397,17870,10199,ITI,ITI1,9,Toscana,Toscana,3729641,873614,23.42,0.75
1775,2021-04-18,TOS,8323,4079,4244,427,217,68,2,25,678,1411,5464,4,27,7328,995,ITI,ITI1,9,Toscana,Toscana,3729641,881937,23.65,0.22
1776,2021-01-07,TOS,6018,1751,4267,5308,29,680,0,0,0,0,0,0,1,6018,0,ITI,ITI1,9,Toscana,Toscana,3729641,887955,23.81,0.16
1777,2021-03-31,TOS,32565,13127,19438,279,111,277,3699,62,2643,23408,1481,451,154,20409,12156,ITI,ITI1,9,Toscana,Toscana,3729641,920520,24.68,0.87
1778,2021-01-09,TOS,4485,1596,2889,3780,143,560,0,0,0,1,0,0,1,4485,0,ITI,ITI1,9,Toscana,Toscana,3729641,925005,24.8,0.12
1779,2021-04-24,TOS,13420,6154,7266,128,236,139,4,75,310,6635,5819,2,72,5986,7434,ITI,ITI1,9,Toscana,Toscana,3729641,938425,25.16,0.36
1780,2021-02-28,TOS,1649,667,982,1111,202,78,9,0,0,0,0,249,0,922,727,ITI,ITI1,9,Toscana,Toscana,3729641,940074,25.21,0.04
1781,2021-01-16,TOS,3271,1046,2225,2493,538,240,0,0,0,0,0,0,0,3271,0,ITI,ITI1,9,Toscana,Toscana,3729641,943345,25.29,0.09
1782,2021-04-06,TOS,22167,9770,12397,806,405,136,1626,124,10038,5665,2913,175,279,18453,3714,ITI,ITI1,9,Toscana,Toscana,3729641,965512,25.89,0.59
1783,2021-01-31,TOS,3050,1129,1921,2465,134,448,0,0,0,1,0,0,2,106,2944,ITI,ITI1,9,Toscana,Toscana,3729641,968562,25.97,0.08
1784,2021-04-01,TOS,26898,11105,15793,248,114,304,6,5,30,24579,1402,159,51,16297,10601,ITI,ITI1,9,Toscana,Toscana,3729641,995460,26.69,0.72
1785,2021-02-21,TOS,5105,2089,3016,3666,1220,195,9,0,0,2,0,13,0,4935,170,ITI,ITI1,9,Toscana,Toscana,3729641,1000565,26.83,0.14
1786,2021-05-17,TOS,29340,14553,14787,363,1425,12,2424,4357,2394,199,8953,1364,7849,20708,8632,ITI,ITI1,9,Toscana,Toscana,3729641,1029905,27.61,0.79
1787,2021-02-04,TOS,4253,1594,2659,3168,623,456,0,0,0,5,0,0,1,961,3292,ITI,ITI1,9,Toscana,Toscana,3729641,1034158,27.73,0.11
1788,2021-03-26,TOS,20392,9154,11238,251,327,215,333,28,3494,11888,3666,145,45,14641,5751,ITI,ITI1,9,Toscana,Toscana,3729641,1054550,28.27,0.55
1789,2021-01-28,TOS,6282,1882,4400,5426,64,788,0,0,0,2,0,0,2,354,5928,ITI,ITI1,9,Toscana,Toscana,3729641,1060832,28.44,0.17
1790,2021-01-10,TOS,3001,1104,1897,2432,134,431,0,1,0,0,0,0,3,3001,0,ITI,ITI1,9,Toscana,Toscana,3729641,1063833,28.52,0.08
1791,2021-01-20,TOS,1331,637,694,435,255,640,0,0,0,0,0,0,1,1083,248,ITI,ITI1,9,Toscana,Toscana,3729641,1065164,28.56,0.04
1792,2021-04-07,TOS,35623,15287,20336,309,595,98,20,57,11344,19893,3101,81,125,28383,7240,ITI,ITI1,9,Toscana,Toscana,3729641,1100787,29.51,0.96
1793,2021-01-11,TOS,5094,1691,3403,4362,209,522,0,0,0,0,0,0,1,5094,0,ITI,ITI1,9,Toscana,Toscana,3729641,1105881,29.65,0.14
1794,2021-04-12,TOS,2609,1182,1427,168,440,225,6,4,13,380,1366,4,3,1955,654,ITI,ITI1,9,Toscana,Toscana,3729641,1108490,29.72,0.07
1795,2021-01-25,TOS,5126,1896,3230,4160,54,909,0,0,0,1,0,0,2,248,4878,ITI,ITI1,9,Toscana,Toscana,3729641,1113616,29.86,0.14
1796,2021-05-05,TOS,29977,13348,16629,317,515,196,8,366,3727,11952,12600,18,278,15620,14357,ITI,ITI1,9,Toscana,Toscana,3729641,1143593,30.66,0.8
1797,2021-01-02,TOS,3497,1096,2401,2681,15,801,0,0,0,0,0,0,0,3497,0,ITI,ITI1,9,Toscana,Toscana,3729641,1147090,30.76,0.09
1798,2021-05-03,TOS,11921,5502,6419,159,96,43,3,141,3856,708,6845,14,56,10605,1316,ITI,ITI1,9,Toscana,Toscana,3729641,1159011,31.08,0.32
1799,2021-04-11,TOS,3640,1677,1963,62,87,99,4,7,67,1672,1638,0,4,3485,155,ITI,ITI1,9,Toscana,Toscana,3729641,1162651,31.17,0.1
1800,2021-02-27,TOS,1980,753,1227,1352,311,132,19,0,0,1,0,164,1,1078,902,ITI,ITI1,9,Toscana,Toscana,3729641,1164631,31.23,0.05
1801,2021-03-09,TOS,10673,4151,6522,4806,907,180,11,1,3,3302,1164,296,3,5121,5552,ITI,ITI1,9,Toscana,Toscana,3729641,1175304,31.51,0.29
1802,2021-03-24,TOS,19655,7973,11682,222,385,195,773,51,2845,13978,873,255,78,10199,9456,ITI,ITI1,9,Toscana,Toscana,3729641,1194959,32.04,0.53
1803,2021-05-01,TOS,23289,10050,13239,75,169,124,2,113,10227,7499,5031,8,41,14119,9170,ITI,ITI1,9,Toscana,Toscana,3729641,1218248,32.66,0.62
1804,2021-05-12,TOS,34045,15497,18548,615,474,60,2192,7201,9264,5663,7193,866,517,14130,19915,ITI,ITI1,9,Toscana,Toscana,3729641,1252293,33.58,0.91
1805,2021-03-23,TOS,9091,4101,4990,310,313,351,338,52,2819,4033,659,148,68,6817,2274,ITI,ITI1,9,Toscana,Toscana,3729641,1261384,33.82,0.24
1806,2021-02-02,TOS,3742,1475,2267,3021,283,422,0,0,0,6,0,6,4,195,3547,ITI,ITI1,9,Toscana,Toscana,3729641,1265126,33.92,0.1
1807,2021-02-11,TOS,5383,2021,3362,2809,284,323,16,0,0,12,0,10,1929,5141,242,ITI,ITI1,9,Toscana,Toscana,3729641,1270509,34.07,0.14
1808,2021-02-05,TOS,5749,2245,3504,4122,1180,442,0,0,0,1,0,0,4,1924,3825,ITI,ITI1,9,Toscana,Toscana,3729641,1276258,34.22,0.15
1809,2021-04-10,TOS,11721,5348,6373,291,195,117,3,25,79,8130,2853,10,18,10975,746,ITI,ITI1,9,Toscana,Toscana,3729641,1287979,34.53,0.31
1810,2021-05-15,TOS,29219,13795,15424,218,516,28,16,14276,2818,1841,7348,55,2103,23519,5700,ITI,ITI1,9,Toscana,Toscana,3729641,1317198,35.32,0.78
1811,2021-05-18,TOS,28518,14049,14469,294,1686,9,2669,4474,2563,266,8001,1228,7328,19918,8600,ITI,ITI1,9,Toscana,Toscana,3729641,1345716,36.08,0.76
1812,2021-03-13,TOS,9274,3300,5974,2835,1697,68,3740,0,2,178,384,369,1,5312,3962,ITI,ITI1,9,Toscana,Toscana,3729641,1354990,36.33,0.25
1813,2021-01-18,TOS,1119,636,483,430,313,375,0,0,0,0,0,0,1,1021,98,ITI,ITI1,9,Toscana,Toscana,3729641,1356109,36.36,0.03
1814,2021-02-10,TOS,4263,1281,2982,3535,239,485,0,1,1,1,0,1,0,3740,523,ITI,ITI1,9,Toscana,Toscana,3729641,1360372,36.47,0.11
1815,2021-01-27,TOS,4834,1572,3262,4017,73,743,0,0,0,0,0,0,1,206,4628,ITI,ITI1,9,Toscana,Toscana,3729641,1365206,36.6,0.13
1816,2021-05-08,TOS,29072,13079,15993,457,451,23,2942,5009,1289,4410,14056,189,246,13673,15399,ITI,ITI1,9,Toscana,Toscana,3729641,1394278,37.38,0.78
1817,2021-02-22,TOS,9818,4254,5564,3483,2235,316,2702,0,0,22,1,1058,1,9541,277,ITI,ITI1,9,Toscana,Toscana,3729641,1404096,37.65,0.26
1818,2021-03-29,TOS,9377,4579,4798,227,140,244,200,15,4855,774,2709,197,16,9053,324,ITI,ITI1,9,Toscana,Toscana,3729641,1413473,37.9,0.25
1819,2021-01-08,TOS,5946,1642,4304,5361,37,545,0,0,0,0,0,0,3,5946,0,ITI,ITI1,9,Toscana,Toscana,3729641,1419419,38.06,0.16
1820,2021-02-07,TOS,2806,953,1853,2349,299,157,0,0,0,0,0,0,1,885,1921,ITI,ITI1,9,Toscana,Toscana,3729641,1422225,38.13,0.08
1821,2021-01-12,TOS,3581,1398,2183,2944,282,354,0,0,0,0,0,0,1,3581,0,ITI,ITI1,9,Toscana,Toscana,3729641,1425806,38.23,0.1
1822,2021-04-15,TOS,24370,10182,14188,359,300,174,6,35,149,20282,3005,11,49,15852,8518,ITI,ITI1,9,Toscana,Toscana,3729641,1450176,38.88,0.65
1823,2021-01-06,TOS,4520,1460,3060,3985,9,525,0,0,0,0,0,0,1,4520,0,ITI,ITI1,9,Toscana,Toscana,3729641,1454696,39.0,0.12
1824,2021-01-01,TOS,2369,787,1582,1715,2,650,0,0,0,2,0,0,0,2369,0,ITI,ITI1,9,Toscana,Toscana,3729641,1457065,39.07,0.06
1825,2021-05-16,TOS,26622,12858,13764,449,79,9,11,12186,2727,372,4672,192,5925,24169,2453,ITI,ITI1,9,Toscana,Toscana,3729641,1483687,39.78,0.71
1826,2021-03-05,TOS,16492,6336,10156,3922,1686,170,3871,0,1,5297,656,885,4,11751,4741,ITI,ITI1,9,Toscana,Toscana,3729641,1500179,40.22,0.44
1827,2021-01-05,TOS,5249,1755,3494,4354,15,878,0,0,0,0,0,0,2,5249,0,ITI,ITI1,9,Toscana,Toscana,3729641,1505428,40.36,0.14
1828,2021-02-08,TOS,4097,1360,2737,3373,343,377,0,0,0,2,0,0,2,3638,459,ITI,ITI1,9,Toscana,Toscana,3729641,1509525,40.47,0.11
1829,2021-01-30,TOS,4622,1622,3000,3765,218,638,0,0,0,0,0,0,1,198,4424,ITI,ITI1,9,Toscana,Toscana,3729641,1514147,40.6,0.12
1830,2021-01-29,TOS,6136,1698,4438,5375,138,622,0,0,0,0,0,0,1,302,5834,ITI,ITI1,9,Toscana,Toscana,3729641,1520283,40.76,0.16
1831,2021-03-12,TOS,16521,6220,10301,2613,1587,303,3922,3,4,7045,304,728,12,12993,3528,ITI,ITI1,9,Toscana,Toscana,3729641,1536804,41.21,0.44
1832,2021-04-20,TOS,18149,8106,10043,225,295,70,3,36,7069,6517,3912,3,19,12592,5557,ITI,ITI1,9,Toscana,Toscana,3729641,1554953,41.69,0.49
1833,2021-05-14,TOS,33075,15302,17773,752,752,39,2894,12032,2462,3829,8109,856,1350,20538,12537,ITI,ITI1,9,Toscana,Toscana,3729641,1588028,42.58,0.89
1834,2021-03-21,TOS,3231,1573,1658,660,796,77,12,0,1244,274,160,6,2,1798,1433,ITI,ITI1,9,Toscana,Toscana,3729641,1591259,42.67,0.09
1835,2021-05-09,TOS,22481,9737,12744,401,227,7,4906,3304,1511,1093,10663,255,114,9636,12845,ITI,ITI1,9,Toscana,Toscana,3729641,1613740,43.27,0.6
1836,2021-02-19,TOS,8290,2951,5339,2967,1207,248,3105,0,0,154,1,606,2,7780,510,ITI,ITI1,9,Toscana,Toscana,3729641,1622030,43.49,0.22
1837,2021-05-11,TOS,27889,12956,14933,410,682,65,2079,5832,9254,1776,6751,885,155,12463,15426,ITI,ITI1,9,Toscana,Toscana,3729641,1649919,44.24,0.75
1838,2021-04-28,TOS,19094,8175,10919,413,361,19,6,57,160,14024,3935,30,89,3827,15267,ITI,ITI1,9,Toscana,Toscana,3729641,1669013,44.75,0.51
1839,2021-03-10,TOS,18011,7073,10938,3006,851,271,14,3,3,12282,1317,253,11,13994,4017,ITI,ITI1,9,Toscana,Toscana,3729641,1687024,45.23,0.48
1840,2020-12-27,TOS,620,267,353,460,10,13,0,23,4,5,0,0,105,620,0,ITI,ITI1,9,Toscana,Toscana,3729641,1687644,45.25,0.02
1841,2020-12-30,TOS,327,104,223,34,10,283,0,0,0,0,0,0,0,327,0,ITI,ITI1,9,Toscana,Toscana,3729641,1687971,45.26,0.01
1842,2021-03-16,TOS,4898,1881,3017,1552,427,124,16,1,5,2114,643,13,3,2654,2244,ITI,ITI1,9,Toscana,Toscana,3729641,1692869,45.39,0.13
1843,2021-03-06,TOS,7094,2838,4256,3803,657,145,1145,0,2,30,918,394,0,2901,4193,ITI,ITI1,9,Toscana,Toscana,3729641,1699963,45.58,0.19
1844,2021-04-30,TOS,39890,17626,22264,281,101,163,2,115,13625,18098,7338,47,120,20063,19827,ITI,ITI1,9,Toscana,Toscana,3729641,1739853,46.65,1.07
1845,2021-03-14,TOS,7207,2574,4633,3104,1195,122,2476,0,1,44,26,239,0,3272,3935,ITI,ITI1,9,Toscana,Toscana,3729641,1747060,46.84,0.19
1846,2021-04-21,TOS,29584,12654,16930,298,284,76,2,129,7378,16800,4484,16,117,17501,12083,ITI,ITI1,9,Toscana,Toscana,3729641,1776644,47.64,0.79
1847,2021-04-27,TOS,10339,4907,5432,332,347,39,1,47,347,3957,5212,2,55,3860,6479,ITI,ITI1,9,Toscana,Toscana,3729641,1786983,47.91,0.28
1848,2021-01-26,TOS,5393,1792,3601,4358,81,951,0,0,0,0,0,0,3,220,5173,ITI,ITI1,9,Toscana,Toscana,3729641,1792376,48.06,0.14
1849,2020-12-31,TOS,804,202,602,96,10,698,0,0,0,0,0,0,0,804,0,ITI,ITI1,9,Toscana,Toscana,3729641,1793180,48.08,0.02
1850,2021-02-09,TOS,4488,1468,3020,3582,386,514,0,0,0,4,0,0,2,3877,611,ITI,ITI1,9,Toscana,Toscana,3729641,1797668,48.2,0.12
1851,2021-03-17,TOS,11420,4586,6834,365,328,189,2,5,8,9769,740,2,12,6892,4528,ITI,ITI1,9,Toscana,Toscana,3729641,1809088,48.51,0.31
1852,2021-02-14,TOS,8999,2569,6430,3033,549,81,11,2,1,0,0,261,5061,8889,110,ITI,ITI1,9,Toscana,Toscana,3729641,1818087,48.75,0.24
1853,2021-04-18,SIC,19725,9862,9863,243,84,104,94,5978,1808,2683,8635,15,81,15360,4365,ITG,ITG1,19,Sicilia,Sicilia,4999891,19725,0.39,0.39
1854,2021-04-24,SIC,31347,14803,16544,442,182,393,135,4686,2829,5656,16651,98,275,23607,7740,ITG,ITG1,19,Sicilia,Sicilia,4999891,51072,1.02,0.63
1855,2021-01-31,SIC,4108,1958,2150,2600,835,293,0,61,26,26,0,0,267,113,3995,ITG,ITG1,19,Sicilia,Sicilia,4999891,55180,1.1,0.08
1856,2021-05-09,SIC,28144,13163,14981,392,221,92,592,2601,1365,2027,17625,334,2895,19873,8271,ITG,ITG1,19,Sicilia,Sicilia,4999891,83324,1.67,0.56
1857,2021-02-10,SIC,4420,1813,2607,1973,1150,736,0,57,33,18,0,0,453,3999,421,ITG,ITG1,19,Sicilia,Sicilia,4999891,87744,1.75,0.09
1858,2021-04-21,SIC,22666,10879,11787,545,231,371,121,1668,1610,3741,14099,29,251,16455,6211,ITG,ITG1,19,Sicilia,Sicilia,4999891,110410,2.21,0.45
1859,2021-02-17,SIC,5416,3281,2135,1526,717,884,2,39,8,10,0,1991,239,4747,669,ITG,ITG1,19,Sicilia,Sicilia,4999891,115826,2.32,0.11
1860,2021-03-23,SIC,21064,10076,10988,886,436,441,1645,182,3526,5910,7353,403,282,15410,5654,ITG,ITG1,19,Sicilia,Sicilia,4999891,136890,2.74,0.42
1861,2021-03-14,SIC,8837,3951,4886,571,416,180,678,146,1692,4351,148,67,588,4978,3859,ITG,ITG1,19,Sicilia,Sicilia,4999891,145727,2.91,0.18
1862,2021-04-27,SIC,26357,12702,13655,616,207,376,103,1794,1786,4405,16760,97,213,15578,10779,ITG,ITG1,19,Sicilia,Sicilia,4999891,172084,3.44,0.53
1863,2021-05-08,SIC,35742,17073,18669,523,194,150,452,3200,2002,3045,21975,1064,3137,25429,10313,ITG,ITG1,19,Sicilia,Sicilia,4999891,207826,4.16,0.71
1864,2021-01-10,SIC,3621,1616,2005,2128,552,465,0,42,22,92,0,0,320,3621,0,ITG,ITG1,19,Sicilia,Sicilia,4999891,211447,4.23,0.07
1865,2021-03-15,SIC,10812,4712,6100,1250,494,728,1118,60,1526,4915,132,306,283,5746,5066,ITG,ITG1,19,Sicilia,Sicilia,4999891,222259,4.45,0.22
1866,2021-01-28,SIC,9313,4394,4919,7453,1367,295,0,35,11,4,0,0,148,406,8907,ITG,ITG1,19,Sicilia,Sicilia,4999891,231572,4.63,0.19
1867,2021-02-14,SIC,1058,403,655,433,301,236,0,9,3,4,0,0,72,918,140,ITG,ITG1,19,Sicilia,Sicilia,4999891,232630,4.65,0.02
1868,2021-04-28,SIC,29374,13785,15589,655,228,418,96,2462,2174,4523,18292,170,356,20303,9071,ITG,ITG1,19,Sicilia,Sicilia,4999891,262004,5.24,0.59
1869,2021-03-16,SIC,9784,4365,5419,1638,503,787,43,59,127,5722,579,55,271,3666,6118,ITG,ITG1,19,Sicilia,Sicilia,4999891,271788,5.44,0.2
1870,2021-04-20,SIC,19278,9081,10197,474,275,456,58,1468,1428,3594,11382,22,121,13938,5340,ITG,ITG1,19,Sicilia,Sicilia,4999891,291066,5.82,0.39
1871,2021-05-05,SIC,26297,12173,14124,677,327,328,89,2428,1872,3430,15886,458,802,16706,9591,ITG,ITG1,19,Sicilia,Sicilia,4999891,317363,6.35,0.53
1872,2021-01-02,SIC,4880,2538,2342,4318,144,1,0,87,7,2,0,0,321,4880,0,ITG,ITG1,19,Sicilia,Sicilia,4999891,322243,6.45,0.1
1873,2021-05-03,SIC,23459,10821,12638,611,266,283,88,1690,1776,3017,15424,127,177,13573,9886,ITG,ITG1,19,Sicilia,Sicilia,4999891,345702,6.91,0.47
1874,2021-05-01,SIC,24476,11328,13148,439,164,146,104,2778,2092,2533,15953,78,189,19316,5160,ITG,ITG1,19,Sicilia,Sicilia,4999891,370178,7.4,0.49
1875,2021-02-02,SIC,5544,2624,2920,3157,1563,429,0,50,7,21,1,0,316,634,4910,ITG,ITG1,19,Sicilia,Sicilia,4999891,375722,7.51,0.11
1876,2020-12-28,SIC,211,126,85,209,2,0,0,0,0,0,0,0,0,211,0,ITG,ITG1,19,Sicilia,Sicilia,4999891,375933,7.52,0.0
1877,2021-01-15,SIC,5083,2233,2850,2827,1046,479,0,67,19,2,0,0,643,5083,0,ITG,ITG1,19,Sicilia,Sicilia,4999891,381016,7.62,0.1
1878,2021-03-11,SIC,15451,6518,8933,1603,1275,1024,3319,198,2106,4043,154,981,748,12886,2565,ITG,ITG1,19,Sicilia,Sicilia,4999891,396467,7.93,0.31
1879,2021-01-11,SIC,5911,2596,3315,3926,1017,382,0,83,17,89,0,0,397,5911,0,ITG,ITG1,19,Sicilia,Sicilia,4999891,402378,8.05,0.12
1880,2021-03-24,SIC,21143,9907,11236,954,486,625,1461,343,3215,5943,7606,200,310,15306,5837,ITG,ITG1,19,Sicilia,Sicilia,4999891,423521,8.47,0.42
1881,2021-03-07,SIC,9269,3455,5814,966,561,476,3284,88,12,3453,18,226,185,8186,1083,ITG,ITG1,19,Sicilia,Sicilia,4999891,432790,8.66,0.19
1882,2021-03-26,SIC,17999,8365,9634,1072,596,403,1309,225,2829,5597,5602,124,242,12468,5531,ITG,ITG1,19,Sicilia,Sicilia,4999891,450789,9.02,0.36
1883,2021-02-28,SIC,7213,3078,4135,869,410,112,1399,90,7,3352,2,270,702,6584,629,ITG,ITG1,19,Sicilia,Sicilia,4999891,458002,9.16,0.14
1884,2021-04-04,SIC,6831,3329,3502,190,97,120,44,107,852,2464,2851,17,89,5539,1292,ITG,ITG1,19,Sicilia,Sicilia,4999891,464833,9.3,0.14
1885,2021-04-07,SIC,15555,7636,7919,763,373,434,159,211,1632,4465,7157,52,309,8391,7164,ITG,ITG1,19,Sicilia,Sicilia,4999891,480388,9.61,0.31
1886,2021-01-16,SIC,2778,1196,1582,1331,561,298,0,24,15,6,0,0,543,2778,0,ITG,ITG1,19,Sicilia,Sicilia,4999891,483166,9.66,0.06
1887,2021-01-23,SIC,4227,2181,2046,4002,186,16,0,1,2,0,0,0,20,217,4010,ITG,ITG1,19,Sicilia,Sicilia,4999891,487393,9.75,0.08
1888,2021-02-11,SIC,5321,2097,3224,2453,1441,885,0,77,25,7,0,0,433,4858,463,ITG,ITG1,19,Sicilia,Sicilia,4999891,492714,9.85,0.11
1889,2021-05-17,SIC,32080,15415,16665,579,430,348,1062,2408,1344,1864,14343,1264,8438,19320,12760,ITG,ITG1,19,Sicilia,Sicilia,4999891,524794,10.5,0.64
1890,2021-05-12,SIC,36912,17372,19540,700,381,453,869,1918,1636,3115,23286,1402,3152,21869,15043,ITG,ITG1,19,Sicilia,Sicilia,4999891,561706,11.23,0.74
1891,2021-04-06,SIC,17871,8542,9329,802,278,537,179,222,1858,5499,8025,77,394,13546,4325,ITG,ITG1,19,Sicilia,Sicilia,4999891,579577,11.59,0.36
1892,2021-02-04,SIC,6931,3186,3745,4424,1450,556,0,49,13,18,0,0,421,1455,5476,ITG,ITG1,19,Sicilia,Sicilia,4999891,586508,11.73,0.14
1893,2021-03-13,SIC,12416,5475,6941,1171,766,500,1760,209,2137,4699,132,201,841,7833,4583,ITG,ITG1,19,Sicilia,Sicilia,4999891,598924,11.98,0.25
1894,2021-02-19,SIC,5130,2733,2397,1478,847,599,239,31,13,83,2,1520,318,4565,565,ITG,ITG1,19,Sicilia,Sicilia,4999891,604054,12.08,0.1
1895,2021-02-15,SIC,3927,1818,2109,1698,1011,646,26,28,10,14,11,281,202,3362,565,ITG,ITG1,19,Sicilia,Sicilia,4999891,607981,12.16,0.08
1896,2021-04-01,SIC,14399,6674,7725,620,216,488,191,127,2239,5110,4862,405,141,9684,4715,ITG,ITG1,19,Sicilia,Sicilia,4999891,622380,12.45,0.29
1897,2021-02-18,SIC,5476,3155,2321,1633,880,835,96,21,8,11,5,1820,167,5048,428,ITG,ITG1,19,Sicilia,Sicilia,4999891,627856,12.56,0.11
1898,2021-02-21,SIC,5170,2503,2667,378,162,173,153,38,6,3918,3,174,165,5063,107,ITG,ITG1,19,Sicilia,Sicilia,4999891,633026,12.66,0.1
1899,2021-05-04,SIC,26879,12494,14385,592,278,358,98,2278,2292,3287,17037,274,385,17692,9187,ITG,ITG1,19,Sicilia,Sicilia,4999891,659905,13.2,0.54
1900,2021-01-18,SIC,1646,666,980,728,189,268,0,22,11,0,0,0,428,1495,151,ITG,ITG1,19,Sicilia,Sicilia,4999891,661551,13.23,0.03
1901,2021-04-03,SIC,16304,7758,8546,437,167,292,198,1012,4324,4946,4496,35,397,13468,2836,ITG,ITG1,19,Sicilia,Sicilia,4999891,677855,13.56,0.33
1902,2021-03-27,SIC,15750,7436,8314,648,416,378,739,246,1807,5648,5548,56,264,10837,4913,ITG,ITG1,19,Sicilia,Sicilia,4999891,693605,13.87,0.32
1903,2021-02-12,SIC,4674,1847,2827,2291,1375,604,0,45,17,10,0,0,332,4407,267,ITG,ITG1,19,Sicilia,Sicilia,4999891,698279,13.97,0.09
1904,2021-01-27,SIC,7525,3836,3689,6323,817,152,0,44,11,7,0,0,171,187,7338,ITG,ITG1,19,Sicilia,Sicilia,4999891,705804,14.12,0.15
1905,2021-04-02,SIC,14007,6595,7412,623,216,357,201,130,2128,5225,4889,79,159,9221,4786,ITG,ITG1,19,Sicilia,Sicilia,4999891,719811,14.4,0.28
1906,2021-05-15,SIC,57063,26644,30419,589,481,229,1851,4340,2472,2994,25967,1112,17028,41598,15465,ITG,ITG1,19,Sicilia,Sicilia,4999891,776874,15.54,1.14
1907,2021-05-10,SIC,28303,13596,14707,593,277,233,431,1813,1368,2680,17039,1400,2469,16189,12114,ITG,ITG1,19,Sicilia,Sicilia,4999891,805177,16.1,0.57
1908,2021-04-12,SIC,18950,9203,9747,424,150,390,118,1353,1569,3679,11039,27,201,11610,7340,ITG,ITG1,19,Sicilia,Sicilia,4999891,824127,16.48,0.38
1909,2021-03-20,SIC,18844,9042,9802,837,319,433,1232,190,2532,5491,7266,113,431,13517,5327,ITG,ITG1,19,Sicilia,Sicilia,4999891,842971,16.86,0.38
1910,2021-02-13,SIC,3097,1164,1933,1294,920,562,0,36,19,13,0,1,252,2841,256,ITG,ITG1,19,Sicilia,Sicilia,4999891,846068,16.92,0.06
1911,2021-01-25,SIC,7509,3695,3814,6632,575,70,0,21,7,44,0,0,160,314,7195,ITG,ITG1,19,Sicilia,Sicilia,4999891,853577,17.07,0.15
1912,2021-04-11,SIC,15344,7578,7766,220,97,182,97,782,1024,3171,9640,15,116,8315,7029,ITG,ITG1,19,Sicilia,Sicilia,4999891,868921,17.38,0.31
1913,2021-03-09,SIC,13156,5589,7567,1591,1208,708,3687,111,19,4001,197,1129,505,10784,2372,ITG,ITG1,19,Sicilia,Sicilia,4999891,882077,17.64,0.26
1914,2021-02-24,SIC,9563,4852,4711,1409,744,504,922,25,23,4095,1,1612,228,8973,590,ITG,ITG1,19,Sicilia,Sicilia,4999891,891640,17.83,0.19
1915,2021-02-16,SIC,4371,2282,2089,1461,960,796,1,35,9,27,8,877,197,3906,465,ITG,ITG1,19,Sicilia,Sicilia,4999891,896011,17.92,0.09
1916,2021-03-29,SIC,15002,7036,7966,874,350,338,304,129,2529,5040,5157,104,177,10485,4517,ITG,ITG1,19,Sicilia,Sicilia,4999891,911013,18.22,0.3
1917,2021-04-22,SIC,27093,12804,14289,631,169,400,98,3050,2041,4405,16055,36,208,20552,6541,ITG,ITG1,19,Sicilia,Sicilia,4999891,938106,18.76,0.54
1918,2021-02-08,SIC,4086,1760,2326,2346,1028,397,0,37,5,16,0,0,257,2129,1957,ITG,ITG1,19,Sicilia,Sicilia,4999891,942192,18.84,0.08
1919,2021-01-07,SIC,9179,4243,4936,7700,974,210,0,64,8,2,0,0,221,9179,0,ITG,ITG1,19,Sicilia,Sicilia,4999891,951371,19.03,0.18
1920,2021-01-09,SIC,7326,3424,3902,5034,1070,456,0,117,36,41,0,0,572,7326,0,ITG,ITG1,19,Sicilia,Sicilia,4999891,958697,19.17,0.15
1921,2021-03-31,SIC,14606,6750,7856,645,294,513,190,139,2226,5249,5070,106,174,9578,5028,ITG,ITG1,19,Sicilia,Sicilia,4999891,973303,19.47,0.29
1922,2021-05-07,SIC,36627,17296,19331,578,319,295,261,2829,2214,3459,22872,1393,2407,24999,11628,ITG,ITG1,19,Sicilia,Sicilia,4999891,1009930,20.2,0.73
1923,2021-03-08,SIC,13539,5825,7714,2010,1116,713,3996,134,24,3926,65,1013,542,10731,2808,ITG,ITG1,19,Sicilia,Sicilia,4999891,1023469,20.47,0.27
1924,2021-01-30,SIC,7841,3571,4270,5454,1611,475,0,47,12,4,0,0,238,175,7666,ITG,ITG1,19,Sicilia,Sicilia,4999891,1031310,20.63,0.16
1925,2021-01-14,SIC,5254,2516,2738,3047,1281,259,0,106,34,90,0,0,437,5254,0,ITG,ITG1,19,Sicilia,Sicilia,4999891,1036564,20.73,0.11
1926,2021-03-21,SIC,15228,7338,7890,489,228,75,958,161,2142,4573,6221,112,269,11253,3975,ITG,ITG1,19,Sicilia,Sicilia,4999891,1051792,21.04,0.3
1927,2021-05-20,SIC,41880,19959,21921,619,403,279,1646,2919,1890,1885,16509,1233,14497,26326,15554,ITG,ITG1,19,Sicilia,Sicilia,4999891,1093672,21.87,0.84
1928,2021-01-13,SIC,5266,2491,2775,3046,1192,461,0,92,28,27,0,1,419,5266,0,ITG,ITG1,19,Sicilia,Sicilia,4999891,1098938,21.98,0.11
1929,2021-01-24,SIC,4307,2251,2056,3988,239,3,0,12,6,37,0,0,22,142,4165,ITG,ITG1,19,Sicilia,Sicilia,4999891,1103245,22.07,0.09
1930,2021-04-19,SIC,18516,8761,9755,666,416,386,80,909,1252,3490,11158,24,135,12809,5707,ITG,ITG1,19,Sicilia,Sicilia,4999891,1121761,22.44,0.37
1931,2021-03-05,SIC,15879,6839,9040,3187,1668,747,4078,94,30,4081,104,1476,414,11559,4320,ITG,ITG1,19,Sicilia,Sicilia,4999891,1137640,22.75,0.32
1932,2021-03-04,SIC,15235,6568,8667,2806,1840,749,3862,116,36,4029,27,1209,561,11037,4198,ITG,ITG1,19,Sicilia,Sicilia,4999891,1152875,23.06,0.3
1933,2021-04-29,SIC,31706,14775,16931,921,300,431,108,2658,2215,4665,19976,150,282,22368,9338,ITG,ITG1,19,Sicilia,Sicilia,4999891,1184581,23.69,0.63
1934,2021-05-06,SIC,29033,13742,15291,633,274,337,138,2473,1927,3632,17790,936,893,18467,10566,ITG,ITG1,19,Sicilia,Sicilia,4999891,1213614,24.27,0.58
1935,2021-02-23,SIC,8912,4672,4240,1264,726,517,577,16,9,4075,2,1485,241,8449,463,ITG,ITG1,19,Sicilia,Sicilia,4999891,1222526,24.45,0.18
1936,2021-01-04,SIC,8392,4185,4207,7612,548,6,0,26,8,2,0,0,190,8392,0,ITG,ITG1,19,Sicilia,Sicilia,4999891,1230918,24.62,0.17
1937,2021-04-23,SIC,28890,13846,15044,641,238,379,110,4086,2410,4334,16420,64,208,22944,5946,ITG,ITG1,19,Sicilia,Sicilia,4999891,1259808,25.2,0.58
1938,2021-04-05,SIC,8024,3959,4065,232,71,177,56,75,855,2922,3572,5,59,6584,1440,ITG,ITG1,19,Sicilia,Sicilia,4999891,1267832,25.36,0.16
1939,2021-02-01,SIC,6069,2682,3387,4159,1237,318,0,47,13,44,0,0,251,302,5767,ITG,ITG1,19,Sicilia,Sicilia,4999891,1273901,25.48,0.12
1940,2021-04-14,SIC,20295,9800,10495,588,184,383,97,1609,1561,4018,11688,29,138,11510,8785,ITG,ITG1,19,Sicilia,Sicilia,4999891,1294196,25.88,0.41
1941,2021-04-25,SIC,21348,10181,11167,250,146,176,50,3351,1748,3631,11795,54,147,16372,4976,ITG,ITG1,19,Sicilia,Sicilia,4999891,1315544,26.31,0.43
1942,2021-03-03,SIC,14670,6524,8146,2404,1514,524,3825,68,15,4349,45,1425,501,11582,3088,ITG,ITG1,19,Sicilia,Sicilia,4999891,1330214,26.6,0.29
1943,2021-02-25,SIC,10164,5258,4906,1766,924,515,704,30,7,4052,26,1728,412,8998,1166,ITG,ITG1,19,Sicilia,Sicilia,4999891,1340378,26.81,0.2
1944,2021-01-26,SIC,9485,4670,4815,8357,759,254,0,21,7,2,0,0,85,262,9223,ITG,ITG1,19,Sicilia,Sicilia,4999891,1349863,27.0,0.19
1945,2021-01-03,SIC,4701,2458,2243,4369,206,0,0,34,3,1,0,0,88,4701,0,ITG,ITG1,19,Sicilia,Sicilia,4999891,1354564,27.09,0.09
1946,2021-04-09,SIC,20535,10001,10534,732,296,360,281,914,1933,4411,11317,62,229,11389,9146,ITG,ITG1,19,Sicilia,Sicilia,4999891,1375099,27.5,0.41
1947,2021-02-06,SIC,5011,2188,2823,2518,1479,570,0,36,12,5,0,0,391,1462,3549,ITG,ITG1,19,Sicilia,Sicilia,4999891,1380110,27.6,0.1
1948,2021-01-19,SIC,1287,530,757,536,125,238,0,20,13,18,0,0,337,1095,192,ITG,ITG1,19,Sicilia,Sicilia,4999891,1381397,27.63,0.03
1949,2021-05-14,SIC,52104,24395,27709,709,458,414,1105,3648,2079,3012,24535,1758,14386,36205,15899,ITG,ITG1,19,Sicilia,Sicilia,4999891,1433501,28.67,1.04
1950,2021-02-03,SIC,6107,2860,3247,3360,1499,624,0,91,20,11,0,0,502,756,5351,ITG,ITG1,19,Sicilia,Sicilia,4999891,1439608,28.79,0.12
1951,2021-04-13,SIC,19917,9689,10228,657,216,331,127,1529,1704,3841,11331,40,141,11082,8835,ITG,ITG1,19,Sicilia,Sicilia,4999891,1459525,29.19,0.4
1952,2021-04-16,SIC,28758,14431,14327,744,325,657,107,8280,2364,4284,11786,33,178,20382,8376,ITG,ITG1,19,Sicilia,Sicilia,4999891,1488283,29.77,0.58
1953,2021-02-07,SIC,2347,996,1351,1608,436,157,0,16,9,1,0,0,120,674,1673,ITG,ITG1,19,Sicilia,Sicilia,4999891,1490630,29.81,0.05
1954,2021-04-08,SIC,16795,8287,8508,664,369,428,142,233,1586,3862,9144,106,261,8312,8483,ITG,ITG1,19,Sicilia,Sicilia,4999891,1507425,30.15,0.34
1955,2021-03-25,SIC,20528,9540,10988,1331,545,633,1381,255,3198,5610,7152,195,228,14989,5539,ITG,ITG1,19,Sicilia,Sicilia,4999891,1527953,30.56,0.41
1956,2021-03-02,SIC,14882,6367,8515,2371,1188,502,4330,50,5,4526,57,1407,446,12073,2809,ITG,ITG1,19,Sicilia,Sicilia,4999891,1542835,30.86,0.3
1957,2021-05-02,SIC,24656,11447,13209,467,152,111,102,2784,1828,2212,16626,62,312,18055,6601,ITG,ITG1,19,Sicilia,Sicilia,4999891,1567491,31.35,0.49
1958,2021-03-30,SIC,14595,6759,7836,712,402,382,255,149,2522,5125,4713,171,164,9769,4826,ITG,ITG1,19,Sicilia,Sicilia,4999891,1582086,31.64,0.29
1959,2021-01-20,SIC,821,417,404,435,59,192,0,20,2,0,0,0,113,573,248,ITG,ITG1,19,Sicilia,Sicilia,4999891,1582907,31.66,0.02
1960,2020-12-29,SIC,235,146,89,235,0,0,0,0,0,0,0,0,0,235,0,ITG,ITG1,19,Sicilia,Sicilia,4999891,1583142,31.66,0.0
1961,2021-04-26,SIC,21922,10376,11546,482,221,449,73,1388,1350,3694,14054,51,160,13782,8140,ITG,ITG1,19,Sicilia,Sicilia,4999891,1605064,32.1,0.44
1962,2021-04-30,SIC,35225,16453,18772,957,367,304,182,2974,2657,5169,22062,201,352,24027,11198,ITG,ITG1,19,Sicilia,Sicilia,4999891,1640289,32.81,0.7
1963,2021-02-26,SIC,12274,5998,6276,1835,1119,387,2503,47,18,3950,1,1854,560,10589,1685,ITG,ITG1,19,Sicilia,Sicilia,4999891,1652563,33.05,0.25
1964,2021-02-09,SIC,4411,1823,2588,2225,893,677,0,59,26,15,0,0,516,3356,1055,ITG,ITG1,19,Sicilia,Sicilia,4999891,1656974,33.14,0.09
1965,2021-05-13,SIC,47336,22226,25110,681,406,427,1029,3094,1948,3186,24683,1328,10554,30655,16681,ITG,ITG1,19,Sicilia,Sicilia,4999891,1704310,34.09,0.95
1966,2021-01-17,SIC,1302,589,713,624,319,160,0,12,8,3,0,0,176,1245,57,ITG,ITG1,19,Sicilia,Sicilia,4999891,1705612,34.11,0.03
1967,2021-03-22,SIC,16817,7915,8902,912,364,384,1221,151,2147,5640,5652,120,226,11274,5543,ITG,ITG1,19,Sicilia,Sicilia,4999891,1722429,34.45,0.34
1968,2021-04-10,SIC,20661,10084,10577,486,196,367,239,1387,1763,4240,11732,44,207,11619,9042,ITG,ITG1,19,Sicilia,Sicilia,4999891,1743090,34.86,0.41
1969,2021-03-06,SIC,12916,5167,7749,1998,1209,865,3647,105,20,3958,65,696,353,10012,2904,ITG,ITG1,19,Sicilia,Sicilia,4999891,1756006,35.12,0.26
1970,2021-02-05,SIC,7217,3232,3985,3618,1903,856,0,74,32,109,0,0,625,2132,5085,ITG,ITG1,19,Sicilia,Sicilia,4999891,1763223,35.27,0.14
1971,2020-12-30,SIC,174,102,72,157,11,0,0,0,0,0,0,0,6,174,0,ITG,ITG1,19,Sicilia,Sicilia,4999891,1763397,35.27,0.0
1972,2021-03-17,SIC,15162,7460,7702,1403,561,701,62,157,204,5747,6039,43,245,9249,5913,ITG,ITG1,19,Sicilia,Sicilia,4999891,1778559,35.57,0.3
1973,2021-02-22,SIC,8022,4155,3867,1108,448,561,320,30,10,4133,0,1158,254,7531,491,ITG,ITG1,19,Sicilia,Sicilia,4999891,1786581,35.73,0.16
1974,2021-03-19,SIC,16518,8114,8404,1260,586,644,454,148,579,5430,7083,52,282,10787,5731,ITG,ITG1,19,Sicilia,Sicilia,4999891,1803099,36.06,0.33
1975,2021-01-08,SIC,8333,3866,4467,6596,942,213,0,78,33,23,0,0,448,8333,0,ITG,ITG1,19,Sicilia,Sicilia,4999891,1811432,36.23,0.17
1976,2021-03-28,SIC,10933,5137,5796,536,287,161,186,88,941,4513,4074,28,119,6922,4011,ITG,ITG1,19,Sicilia,Sicilia,4999891,1822365,36.45,0.22
1977,2021-01-05,SIC,10534,5162,5372,9081,915,207,0,47,7,4,0,0,273,10534,0,ITG,ITG1,19,Sicilia,Sicilia,4999891,1832899,36.66,0.21
1978,2021-01-06,SIC,6476,3406,3070,5721,435,2,0,51,31,15,0,0,221,6476,0,ITG,ITG1,19,Sicilia,Sicilia,4999891,1839375,36.79,0.13
1979,2021-04-15,SIC,21344,10385,10959,798,446,339,112,1742,1526,4164,11983,35,199,11787,9557,ITG,ITG1,19,Sicilia,Sicilia,4999891,1860719,37.22,0.43
1980,2021-05-19,SIC,41667,20033,21634,533,463,253,1280,3129,1824,1823,16460,1201,14701,27507,14160,ITG,ITG1,19,Sicilia,Sicilia,4999891,1902386,38.05,0.83
1981,2021-03-01,SIC,12999,6134,6865,1555,1041,395,3180,58,18,4372,34,1860,486,11344,1655,ITG,ITG1,19,Sicilia,Sicilia,4999891,1915385,38.31,0.26
1982,2020-12-31,SIC,878,470,408,828,6,0,0,4,0,0,0,0,40,878,0,ITG,ITG1,19,Sicilia,Sicilia,4999891,1916263,38.33,0.02
1983,2021-01-12,SIC,4545,2235,2310,2863,1179,195,0,61,14,29,0,0,204,4545,0,ITG,ITG1,19,Sicilia,Sicilia,4999891,1920808,38.42,0.09
1984,2021-01-22,SIC,1249,632,617,1049,59,118,0,3,0,0,0,0,20,243,1006,ITG,ITG1,19,Sicilia,Sicilia,4999891,1922057,38.44,0.02
1985,2021-05-18,SIC,36320,17378,18942,522,600,347,1285,2549,1810,1842,14116,1420,11829,23792,12528,ITG,ITG1,19,Sicilia,Sicilia,4999891,1958377,39.17,0.73
1986,2021-05-16,SIC,33099,16120,16979,409,172,68,1264,2968,1268,1916,13885,478,10671,21776,11323,ITG,ITG1,19,Sicilia,Sicilia,4999891,1991476,39.83,0.66
1987,2021-02-27,SIC,12483,5587,6896,1511,775,280,3414,149,11,3969,2,1150,1222,11278,1205,ITG,ITG1,19,Sicilia,Sicilia,4999891,2003959,40.08,0.25
1988,2021-01-01,SIC,815,437,378,740,29,0,0,10,0,0,0,0,36,815,0,ITG,ITG1,19,Sicilia,Sicilia,4999891,2004774,40.1,0.02
1989,2021-03-18,SIC,15602,7783,7819,1285,510,617,37,153,186,5459,6993,73,289,9864,5738,ITG,ITG1,19,Sicilia,Sicilia,4999891,2020376,40.41,0.31
1990,2021-01-29,SIC,9355,4317,5038,7146,1601,304,0,27,8,79,1,0,189,426,8929,ITG,ITG1,19,Sicilia,Sicilia,4999891,2029731,40.6,0.19
1991,2021-03-12,SIC,13108,5608,7500,1387,873,749,2400,236,1986,3873,156,625,823,10892,2216,ITG,ITG1,19,Sicilia,Sicilia,4999891,2042839,40.86,0.26
1992,2021-01-21,SIC,1353,661,692,1023,126,138,0,11,4,0,0,0,51,500,853,ITG,ITG1,19,Sicilia,Sicilia,4999891,2044192,40.88,0.03
1993,2021-04-17,SIC,26199,13232,12967,324,133,246,90,7791,2360,3885,11175,31,164,19047,7152,ITG,ITG1,19,Sicilia,Sicilia,4999891,2070391,41.41,0.52
1994,2021-05-21,SIC,11134,5459,5675,164,142,73,940,884,695,669,6159,826,582,3623,7511,ITG,ITG1,19,Sicilia,Sicilia,4999891,2081525,41.63,0.22
1995,2021-03-10,SIC,13938,5952,7986,1479,1357,979,3758,148,23,4183,139,1105,767,11553,2385,ITG,ITG1,19,Sicilia,Sicilia,4999891,2095463,41.91,0.28
1996,2021-05-11,SIC,32479,15435,17044,615,273,204,798,1667,1505,2844,20013,1447,3113,19869,12610,ITG,ITG1,19,Sicilia,Sicilia,4999891,2127942,42.56,0.65
1997,2020-12-27,SIC,91,55,36,63,1,26,0,0,0,0,0,0,1,91,0,ITG,ITG1,19,Sicilia,Sicilia,4999891,2128033,42.56,0.0
1998,2021-02-20,SIC,7242,3726,3516,829,709,549,176,39,14,3978,9,730,209,7000,242,ITG,ITG1,19,Sicilia,Sicilia,4999891,2135275,42.71,0.14
1999,2021-02-28,ABR,1704,510,1194,23,6,0,1419,8,1,79,0,149,19,1702,2,ITF,ITF1,13,Abruzzo,Abruzzo,1304970,1704,0.13,0.13
2000,2021-01-17,ABR,187,59,128,136,44,0,0,0,0,0,0,0,7,180,7,ITF,ITF1,13,Abruzzo,Abruzzo,1304970,1891,0.14,0.01
2001,2021-05-13,ABR,11150,5041,6109,283,207,47,641,836,1423,627,5789,443,854,7188,3962,ITF,ITF1,13,Abruzzo,Abruzzo,1304970,13041,1.0,0.85
2002,2021-03-17,ABR,4539,1873,2666,285,102,144,11,18,33,3873,16,36,21,2800,1739,ITF,ITF1,13,Abruzzo,Abruzzo,1304970,17580,1.35,0.35
2003,2021-02-04,ABR,1680,615,1065,1168,413,57,0,5,0,0,0,0,37,609,1071,ITF,ITF1,13,Abruzzo,Abruzzo,1304970,19260,1.48,0.13
2004,2021-04-06,ABR,7681,3581,4100,432,99,44,54,114,499,2350,3939,46,104,5362,2319,ITF,ITF1,13,Abruzzo,Abruzzo,1304970,26941,2.06,0.59
2005,2021-02-09,ABR,908,311,597,612,161,131,0,1,1,1,0,0,1,499,409,ITF,ITF1,13,Abruzzo,Abruzzo,1304970,27849,2.13,0.07
2006,2021-05-17,ABR,11025,5038,5987,352,124,103,332,795,2646,426,4745,495,1007,6167,4858,ITF,ITF1,13,Abruzzo,Abruzzo,1304970,38874,2.98,0.84
2007,2021-04-26,ABR,8565,4067,4498,138,105,131,20,1663,2914,1077,2328,38,151,7349,1216,ITF,ITF1,13,Abruzzo,Abruzzo,1304970,47439,3.64,0.66
2008,2021-01-23,ABR,263,114,149,223,14,26,0,0,0,0,0,0,0,57,206,ITF,ITF1,13,Abruzzo,Abruzzo,1304970,47702,3.66,0.02
2009,2021-03-22,ABR,4281,1852,2429,384,388,56,441,31,19,2575,10,234,143,2311,1970,ITF,ITF1,13,Abruzzo,Abruzzo,1304970,51983,3.98,0.33
2010,2021-01-21,ABR,157,47,110,10,6,141,0,0,0,0,0,0,0,157,0,ITF,ITF1,13,Abruzzo,Abruzzo,1304970,52140,4.0,0.01
2011,2021-03-28,ABR,2415,1017,1398,247,129,1,175,105,54,895,421,242,146,2044,371,ITF,ITF1,13,Abruzzo,Abruzzo,1304970,54555,4.18,0.19
2012,2021-05-19,ABR,10695,5110,5585,116,110,19,395,1456,821,207,4235,215,3121,7656,3039,ITF,ITF1,13,Abruzzo,Abruzzo,1304970,65250,5.0,0.82
2013,2021-02-07,ABR,777,307,470,646,111,1,0,3,0,0,0,0,16,201,576,ITF,ITF1,13,Abruzzo,Abruzzo,1304970,66027,5.06,0.06
2014,2021-03-29,ABR,5625,2524,3101,463,54,49,195,71,73,3615,907,63,135,2986,2639,ITF,ITF1,13,Abruzzo,Abruzzo,1304970,71652,5.49,0.43
2015,2021-02-15,ABR,1794,831,963,625,258,221,0,0,10,392,0,262,26,1752,42,ITF,ITF1,13,Abruzzo,Abruzzo,1304970,73446,5.63,0.14
2016,2021-03-19,ABR,5793,2584,3209,755,280,118,13,14,42,4397,19,103,52,2774,3019,ITF,ITF1,13,Abruzzo,Abruzzo,1304970,79239,6.07,0.44
2017,2021-05-14,ABR,10602,5077,5525,244,152,48,160,737,1228,450,6297,368,918,5444,5158,ITF,ITF1,13,Abruzzo,Abruzzo,1304970,89841,6.88,0.81
2018,2021-02-21,ABR,1218,550,668,2,0,3,0,0,2,1209,0,2,0,1217,1,ITF,ITF1,13,Abruzzo,Abruzzo,1304970,91059,6.98,0.09
2019,2021-04-30,ABR,12392,5802,6590,346,141,74,99,2054,2866,1109,5424,33,246,6709,5683,ITF,ITF1,13,Abruzzo,Abruzzo,1304970,103451,7.93,0.95
2020,2021-01-12,ABR,1804,666,1138,1470,190,0,0,23,33,28,0,0,60,1804,0,ITF,ITF1,13,Abruzzo,Abruzzo,1304970,105255,8.07,0.14
2021,2021-02-26,ABR,3917,1670,2247,1026,336,160,261,64,11,1649,6,270,134,2949,968,ITF,ITF1,13,Abruzzo,Abruzzo,1304970,109172,8.37,0.3
2022,2021-03-21,ABR,2134,913,1221,9,0,1,130,7,9,1922,13,34,9,843,1291,ITF,ITF1,13,Abruzzo,Abruzzo,1304970,111306,8.53,0.16
2023,2021-05-20,ABR,12546,5784,6762,265,128,46,692,2000,1192,254,4995,285,2689,7333,5213,ITF,ITF1,13,Abruzzo,Abruzzo,1304970,123852,9.49,0.96
2024,2021-03-05,ABR,5308,1948,3360,562,218,108,1392,77,4,2587,2,232,126,4610,698,ITF,ITF1,13,Abruzzo,Abruzzo,1304970,129160,9.9,0.41
2025,2021-01-22,ABR,118,57,61,2,1,112,0,1,0,0,0,0,2,118,0,ITF,ITF1,13,Abruzzo,Abruzzo,1304970,129278,9.91,0.01
2026,2021-02-12,ABR,1228,567,661,438,151,310,0,1,0,66,0,260,2,1039,189,ITF,ITF1,13,Abruzzo,Abruzzo,1304970,130506,10.0,0.09
2027,2021-03-06,ABR,4176,1357,2819,433,187,52,1555,29,8,1753,0,15,144,3606,570,ITF,ITF1,13,Abruzzo,Abruzzo,1304970,134682,10.32,0.32
2028,2021-03-18,ABR,3896,1651,2245,281,135,20,7,21,33,3297,4,68,30,2065,1831,ITF,ITF1,13,Abruzzo,Abruzzo,1304970,138578,10.62,0.3
2029,2021-05-10,ABR,10134,4797,5337,147,81,27,77,866,1940,351,5907,285,453,5484,4650,ITF,ITF1,13,Abruzzo,Abruzzo,1304970,148712,11.4,0.78
2030,2021-02-13,ABR,847,383,464,551,206,72,0,1,1,8,0,0,8,436,411,ITF,ITF1,13,Abruzzo,Abruzzo,1304970,149559,11.46,0.06
2031,2021-03-01,ABR,3477,1385,2092,689,174,174,282,18,10,1913,2,131,84,2724,753,ITF,ITF1,13,Abruzzo,Abruzzo,1304970,153036,11.73,0.27
2032,2021-04-22,ABR,6664,3193,3471,82,45,116,28,312,2117,921,2868,37,138,4983,1681,ITF,ITF1,13,Abruzzo,Abruzzo,1304970,159700,12.24,0.51
2033,2021-03-03,ABR,4620,1878,2742,1222,211,97,855,28,0,1586,3,385,233,3714,906,ITF,ITF1,13,Abruzzo,Abruzzo,1304970,164320,12.59,0.35
2034,2021-04-17,ABR,7345,3398,3947,349,251,23,65,192,454,2263,3665,32,51,4292,3053,ITF,ITF1,13,Abruzzo,Abruzzo,1304970,171665,13.15,0.56
2035,2021-05-07,ABR,12201,5707,6494,127,117,33,40,1576,2009,569,7175,85,470,7771,4430,ITF,ITF1,13,Abruzzo,Abruzzo,1304970,183866,14.09,0.93
2036,2021-03-08,ABR,5122,1666,3456,1188,280,115,2192,51,3,1032,0,105,156,4150,972,ITF,ITF1,13,Abruzzo,Abruzzo,1304970,188988,14.48,0.39
2037,2020-12-27,ABR,37,19,18,34,1,2,0,0,0,0,0,0,0,37,0,ITF,ITF1,13,Abruzzo,Abruzzo,1304970,189025,14.49,0.0
2038,2021-03-31,ABR,6648,2878,3770,446,279,80,245,53,83,3258,2042,30,132,4581,2067,ITF,ITF1,13,Abruzzo,Abruzzo,1304970,195673,14.99,0.51
2039,2021-03-10,ABR,4947,1638,3309,736,300,248,1870,27,4,1520,11,128,103,3990,957,ITF,ITF1,13,Abruzzo,Abruzzo,1304970,200620,15.37,0.38
2040,2021-02-23,ABR,2782,1275,1507,324,184,217,100,4,8,1490,2,286,167,2771,11,ITF,ITF1,13,Abruzzo,Abruzzo,1304970,203402,15.59,0.21
2041,2021-04-19,ABR,6226,2856,3370,77,74,36,22,149,2246,1259,2220,26,117,3855,2371,ITF,ITF1,13,Abruzzo,Abruzzo,1304970,209628,16.06,0.48
2042,2021-04-24,ABR,8711,3970,4741,84,137,137,23,324,1369,1227,5313,21,76,7179,1532,ITF,ITF1,13,Abruzzo,Abruzzo,1304970,218339,16.73,0.67
2043,2021-04-18,ABR,5811,2726,3085,149,71,25,19,75,168,963,4303,13,25,4869,942,ITF,ITF1,13,Abruzzo,Abruzzo,1304970,224150,17.18,0.45
2044,2021-03-04,ABR,5935,2358,3577,1170,322,92,818,39,12,2992,5,329,156,5013,922,ITF,ITF1,13,Abruzzo,Abruzzo,1304970,230085,17.63,0.45
2045,2021-03-23,ABR,4782,2143,2639,177,183,183,400,14,23,3356,13,355,78,2216,2566,ITF,ITF1,13,Abruzzo,Abruzzo,1304970,234867,18.0,0.37
2046,2021-05-15,ABR,11339,5136,6203,158,515,24,90,1184,1157,291,6634,185,1101,6045,5294,ITF,ITF1,13,Abruzzo,Abruzzo,1304970,246206,18.87,0.87
2047,2021-01-24,ABR,50,22,28,49,1,0,0,0,0,0,0,0,0,6,44,ITF,ITF1,13,Abruzzo,Abruzzo,1304970,246256,18.87,0.0
2048,2021-01-31,ABR,1501,487,1014,1154,236,102,0,1,0,0,0,0,8,286,1215,ITF,ITF1,13,Abruzzo,Abruzzo,1304970,247757,18.99,0.12
2049,2021-01-27,ABR,1364,515,849,1301,61,0,0,1,0,0,0,0,1,39,1325,ITF,ITF1,13,Abruzzo,Abruzzo,1304970,249121,19.09,0.1
2050,2021-03-09,ABR,5168,1795,3373,986,311,86,2046,31,3,1320,69,214,102,4229,939,ITF,ITF1,13,Abruzzo,Abruzzo,1304970,254289,19.49,0.4
2051,2021-01-04,ABR,1401,575,826,1396,5,0,0,0,0,0,0,0,0,1401,0,ITF,ITF1,13,Abruzzo,Abruzzo,1304970,255690,19.59,0.11
2052,2021-03-11,ABR,5419,2183,3236,1321,265,241,1563,50,20,1537,16,247,159,4280,1139,ITF,ITF1,13,Abruzzo,Abruzzo,1304970,261109,20.01,0.42
2053,2021-05-08,ABR,10302,4876,5426,137,120,46,31,1461,1591,748,5347,227,594,6466,3836,ITF,ITF1,13,Abruzzo,Abruzzo,1304970,271411,20.8,0.79
2054,2021-02-01,ABR,1632,573,1059,1384,228,1,0,3,0,0,0,0,16,271,1361,ITF,ITF1,13,Abruzzo,Abruzzo,1304970,273043,20.92,0.13
2055,2021-01-20,ABR,447,156,291,147,73,204,0,12,0,0,0,0,11,445,2,ITF,ITF1,13,Abruzzo,Abruzzo,1304970,273490,20.96,0.03
2056,2021-04-05,ABR,2693,1147,1546,136,205,4,16,31,41,1371,844,11,34,1813,880,ITF,ITF1,13,Abruzzo,Abruzzo,1304970,276183,21.16,0.21
2057,2021-01-03,ABR,471,185,286,464,7,0,0,0,0,0,0,0,0,471,0,ITF,ITF1,13,Abruzzo,Abruzzo,1304970,276654,21.2,0.04
2058,2021-04-13,ABR,5880,2753,3127,94,61,78,150,85,407,1260,3666,31,48,4680,1200,ITF,ITF1,13,Abruzzo,Abruzzo,1304970,282534,21.65,0.45
2059,2021-04-09,ABR,8912,4192,4720,314,120,32,44,116,823,3392,3935,40,96,6275,2637,ITF,ITF1,13,Abruzzo,Abruzzo,1304970,291446,22.33,0.68
2060,2021-01-28,ABR,1433,495,938,1370,61,1,0,0,1,0,0,0,0,12,1421,ITF,ITF1,13,Abruzzo,Abruzzo,1304970,292879,22.44,0.11
2061,2021-03-15,ABR,3630,1395,2235,657,358,79,330,27,40,1957,2,54,126,1822,1808,ITF,ITF1,13,Abruzzo,Abruzzo,1304970,296509,22.72,0.28
2062,2021-04-07,ABR,7119,3282,3837,187,214,82,15,69,106,3219,3054,96,77,4394,2725,ITF,ITF1,13,Abruzzo,Abruzzo,1304970,303628,23.27,0.55
2063,2021-02-03,ABR,2061,717,1344,1541,362,118,0,4,0,0,0,0,36,419,1642,ITF,ITF1,13,Abruzzo,Abruzzo,1304970,305689,23.42,0.16
2064,2021-01-19,ABR,111,55,56,27,3,50,0,8,0,0,0,0,23,91,20,ITF,ITF1,13,Abruzzo,Abruzzo,1304970,305800,23.43,0.01
2065,2021-03-27,ABR,6121,2620,3501,189,228,48,216,86,155,4269,736,77,117,3636,2485,ITF,ITF1,13,Abruzzo,Abruzzo,1304970,311921,23.9,0.47
2066,2021-05-01,ABR,10744,5050,5694,114,61,41,39,1239,1710,1137,6244,23,136,5766,4978,ITF,ITF1,13,Abruzzo,Abruzzo,1304970,322665,24.73,0.82
2067,2021-03-24,ABR,6387,2785,3602,485,299,231,430,114,238,3423,547,344,276,4134,2253,ITF,ITF1,13,Abruzzo,Abruzzo,1304970,329052,25.22,0.49
2068,2021-01-13,ABR,1253,440,813,1103,99,0,0,7,1,7,0,0,36,1253,0,ITF,ITF1,13,Abruzzo,Abruzzo,1304970,330305,25.31,0.1
2069,2021-04-14,ABR,6503,2897,3606,336,95,119,61,86,434,1467,3841,18,46,4424,2079,ITF,ITF1,13,Abruzzo,Abruzzo,1304970,336808,25.81,0.5
2070,2021-03-07,ABR,2515,628,1887,28,99,4,1815,68,10,463,0,1,27,2515,0,ITF,ITF1,13,Abruzzo,Abruzzo,1304970,339323,26.0,0.19
2071,2021-03-30,ABR,5064,2205,2859,211,211,38,286,52,57,2743,1327,51,88,3240,1824,ITF,ITF1,13,Abruzzo,Abruzzo,1304970,344387,26.39,0.39
2072,2021-03-25,ABR,5686,2561,3125,249,211,40,448,58,102,3821,239,311,207,3070,2616,ITF,ITF1,13,Abruzzo,Abruzzo,1304970,350073,26.83,0.44
2073,2021-05-12,ABR,9618,4586,5032,158,115,111,182,817,1342,300,5360,421,812,6047,3571,ITF,ITF1,13,Abruzzo,Abruzzo,1304970,359691,27.56,0.74
2074,2021-03-13,ABR,4125,1421,2704,518,606,138,1057,77,36,1402,6,105,180,3083,1042,ITF,ITF1,13,Abruzzo,Abruzzo,1304970,363816,27.88,0.32
2075,2021-04-28,ABR,9502,4581,4921,161,148,74,20,2353,1816,854,3882,35,159,7482,2020,ITF,ITF1,13,Abruzzo,Abruzzo,1304970,373318,28.61,0.73
2076,2021-04-02,ABR,6685,3093,3592,184,609,26,95,77,215,3305,2044,79,51,5198,1487,ITF,ITF1,13,Abruzzo,Abruzzo,1304970,380003,29.12,0.51
2077,2021-01-16,ABR,928,428,500,711,188,15,0,4,0,0,0,0,10,928,0,ITF,ITF1,13,Abruzzo,Abruzzo,1304970,380931,29.19,0.07
2078,2021-03-26,ABR,5301,2260,3041,264,213,37,449,75,122,3398,357,241,145,3231,2070,ITF,ITF1,13,Abruzzo,Abruzzo,1304970,386232,29.6,0.41
2079,2021-04-04,ABR,1630,767,863,94,57,2,4,9,282,446,718,2,16,1501,129,ITF,ITF1,13,Abruzzo,Abruzzo,1304970,387862,29.72,0.12
2080,2021-02-22,ABR,2643,1174,1469,477,275,46,251,4,4,1094,0,418,74,2613,30,ITF,ITF1,13,Abruzzo,Abruzzo,1304970,390505,29.92,0.2
2081,2021-03-12,ABR,6015,1985,4030,1003,591,138,2188,46,11,1726,2,141,169,4433,1582,ITF,ITF1,13,Abruzzo,Abruzzo,1304970,396520,30.39,0.46
2082,2021-03-16,ABR,3484,1452,2032,284,74,168,12,19,44,2849,6,8,20,1830,1654,ITF,ITF1,13,Abruzzo,Abruzzo,1304970,400004,30.65,0.27
2083,2021-04-10,ABR,8772,4057,4715,390,302,14,147,224,1132,2931,3456,32,144,6264,2508,ITF,ITF1,13,Abruzzo,Abruzzo,1304970,408776,31.32,0.67
2084,2021-02-11,ABR,816,262,554,473,184,154,0,0,0,0,0,0,5,773,43,ITF,ITF1,13,Abruzzo,Abruzzo,1304970,409592,31.39,0.06
2085,2021-04-15,ABR,7747,3612,4135,201,97,92,53,87,330,1567,5239,22,59,5908,1839,ITF,ITF1,13,Abruzzo,Abruzzo,1304970,417339,31.98,0.59
2086,2021-05-21,ABR,3112,1514,1598,57,37,11,14,514,432,132,1572,43,300,1570,1542,ITF,ITF1,13,Abruzzo,Abruzzo,1304970,420451,32.22,0.24
2087,2021-01-06,ABR,1830,664,1166,1546,148,133,0,0,0,0,0,0,3,1830,0,ITF,ITF1,13,Abruzzo,Abruzzo,1304970,422281,32.36,0.14
2088,2021-01-05,ABR,1614,604,1010,1604,10,0,0,0,0,0,0,0,0,1614,0,ITF,ITF1,13,Abruzzo,Abruzzo,1304970,423895,32.48,0.12
2089,2021-05-04,ABR,10694,5039,5655,176,116,17,36,1773,2523,357,5304,45,347,7076,3618,ITF,ITF1,13,Abruzzo,Abruzzo,1304970,434589,33.3,0.82
2090,2021-01-15,ABR,379,149,230,223,79,35,0,7,2,0,0,0,33,379,0,ITF,ITF1,13,Abruzzo,Abruzzo,1304970,434968,33.33,0.03
2091,2021-04-01,ABR,5548,2460,3088,273,117,56,153,156,160,2924,1527,48,134,3461,2087,ITF,ITF1,13,Abruzzo,Abruzzo,1304970,440516,33.76,0.43
2092,2021-04-03,ABR,5083,2219,2864,175,92,27,84,75,112,2403,1962,62,91,3487,1596,ITF,ITF1,13,Abruzzo,Abruzzo,1304970,445599,34.15,0.39
2093,2021-02-08,ABR,1197,396,801,710,214,264,0,1,0,0,0,0,8,487,710,ITF,ITF1,13,Abruzzo,Abruzzo,1304970,446796,34.24,0.09
2094,2021-01-18,ABR,122,48,74,106,8,2,0,3,0,0,0,0,3,46,76,ITF,ITF1,13,Abruzzo,Abruzzo,1304970,446918,34.25,0.01
2095,2021-02-27,ABR,2810,1337,1473,253,84,126,874,17,6,732,1,656,61,2544,266,ITF,ITF1,13,Abruzzo,Abruzzo,1304970,449728,34.46,0.22
2096,2021-04-11,ABR,5330,2606,2724,15,8,7,6,93,628,784,3732,6,51,4847,483,ITF,ITF1,13,Abruzzo,Abruzzo,1304970,455058,34.87,0.41
2097,2021-02-24,ABR,3302,1439,1863,391,180,248,131,12,12,1968,4,247,109,3126,176,ITF,ITF1,13,Abruzzo,Abruzzo,1304970,458360,35.12,0.25
2098,2021-01-29,ABR,1386,449,937,1290,95,0,0,1,0,0,0,0,0,74,1312,ITF,ITF1,13,Abruzzo,Abruzzo,1304970,459746,35.23,0.11
2099,2021-05-16,ABR,9575,4136,5439,159,210,19,1181,1163,635,240,5322,102,544,5764,3811,ITF,ITF1,13,Abruzzo,Abruzzo,1304970,469321,35.96,0.73
2100,2021-01-25,ABR,1603,632,971,1583,19,0,0,0,0,0,0,0,1,19,1584,ITF,ITF1,13,Abruzzo,Abruzzo,1304970,470924,36.09,0.12
2101,2021-02-17,ABR,2071,948,1123,512,144,393,1,0,21,714,0,210,76,1789,282,ITF,ITF1,13,Abruzzo,Abruzzo,1304970,472995,36.25,0.16
2102,2021-03-20,ABR,4852,2205,2647,319,210,62,96,56,100,3754,48,99,108,2684,2168,ITF,ITF1,13,Abruzzo,Abruzzo,1304970,477847,36.62,0.37
2103,2021-04-12,ABR,6227,2950,3277,218,67,50,36,192,504,1303,3756,20,81,5053,1174,ITF,ITF1,13,Abruzzo,Abruzzo,1304970,484074,37.09,0.48
2104,2021-01-07,ABR,1603,552,1051,1566,37,0,0,0,0,0,0,0,0,1603,0,ITF,ITF1,13,Abruzzo,Abruzzo,1304970,485677,37.22,0.12
2105,2021-01-09,ABR,1483,565,918,1430,50,0,0,1,0,0,0,0,2,1483,0,ITF,ITF1,13,Abruzzo,Abruzzo,1304970,487160,37.33,0.11
2106,2021-02-18,ABR,2288,933,1355,670,297,414,0,3,5,612,0,215,72,2158,130,ITF,ITF1,13,Abruzzo,Abruzzo,1304970,489448,37.51,0.18
2107,2021-01-08,ABR,1525,507,1018,1487,36,0,0,1,1,0,0,0,0,1525,0,ITF,ITF1,13,Abruzzo,Abruzzo,1304970,490973,37.62,0.12
2108,2021-05-11,ABR,10655,5058,5597,190,186,24,61,627,1508,340,6550,487,682,5827,4828,ITF,ITF1,13,Abruzzo,Abruzzo,1304970,501628,38.44,0.82
2109,2021-02-19,ABR,3300,1551,1749,990,346,371,8,10,9,1113,1,402,50,3200,100,ITF,ITF1,13,Abruzzo,Abruzzo,1304970,504928,38.69,0.25
2110,2021-02-16,ABR,1918,842,1076,841,278,139,0,4,2,501,0,75,78,1906,12,ITF,ITF1,13,Abruzzo,Abruzzo,1304970,506846,38.84,0.15
2111,2021-04-29,ABR,12672,5850,6822,286,87,85,109,2849,3190,817,4975,57,217,9574,3098,ITF,ITF1,13,Abruzzo,Abruzzo,1304970,519518,39.81,0.97
2112,2021-05-18,ABR,12118,5665,6453,175,148,63,291,1064,1347,248,6045,301,2436,7735,4383,ITF,ITF1,13,Abruzzo,Abruzzo,1304970,531636,40.74,0.93
2113,2021-01-14,ABR,530,189,341,364,114,0,0,4,5,34,0,0,9,530,0,ITF,ITF1,13,Abruzzo,Abruzzo,1304970,532166,40.78,0.04
2114,2021-05-06,ABR,12974,6027,6947,253,125,53,29,1635,2299,503,7249,90,738,7966,5008,ITF,ITF1,13,Abruzzo,Abruzzo,1304970,545140,41.77,0.99
2115,2021-01-26,ABR,1542,567,975,1513,29,0,0,0,0,0,0,0,0,30,1512,ITF,ITF1,13,Abruzzo,Abruzzo,1304970,546682,41.89,0.12
2116,2021-04-21,ABR,6384,3100,3284,63,53,13,14,989,1513,1020,2597,9,113,4710,1674,ITF,ITF1,13,Abruzzo,Abruzzo,1304970,553066,42.38,0.49
2117,2021-02-25,ABR,3042,1330,1712,615,398,57,126,28,6,1465,2,262,83,2514,528,ITF,ITF1,13,Abruzzo,Abruzzo,1304970,556108,42.61,0.23
2118,2021-02-10,ABR,947,312,635,621,182,116,0,5,0,0,0,0,23,503,444,ITF,ITF1,13,Abruzzo,Abruzzo,1304970,557055,42.69,0.07
2119,2021-01-10,ABR,1139,409,730,1091,44,0,0,0,0,0,0,0,4,1139,0,ITF,ITF1,13,Abruzzo,Abruzzo,1304970,558194,42.77,0.09
2120,2021-02-20,ABR,4777,1842,2935,310,443,193,1886,5,12,1416,1,405,106,4701,76,ITF,ITF1,13,Abruzzo,Abruzzo,1304970,562971,43.14,0.37
2121,2021-04-25,ABR,9068,4620,4448,66,54,22,5,4356,1781,589,2065,19,111,8259,809,ITF,ITF1,13,Abruzzo,Abruzzo,1304970,572039,43.84,0.69
2122,2021-04-27,ABR,9085,4370,4715,116,101,22,34,1767,2360,959,3548,27,151,6616,2469,ITF,ITF1,13,Abruzzo,Abruzzo,1304970,581124,44.53,0.7
2123,2021-04-23,ABR,7368,3382,3986,157,67,122,27,536,1643,1533,3170,14,99,5066,2302,ITF,ITF1,13,Abruzzo,Abruzzo,1304970,588492,45.1,0.56
2124,2021-03-14,ABR,1883,731,1152,8,3,0,249,20,7,1477,0,2,117,1216,667,ITF,ITF1,13,Abruzzo,Abruzzo,1304970,590375,45.24,0.14
2125,2021-05-03,ABR,11105,5239,5866,279,119,65,93,1669,2763,490,5369,21,237,7256,3849,ITF,ITF1,13,Abruzzo,Abruzzo,1304970,601480,46.09,0.85
2126,2021-04-20,ABR,5589,2689,2900,39,82,1,20,326,2180,920,1948,18,55,4179,1410,ITF,ITF1,13,Abruzzo,Abruzzo,1304970,607069,46.52,0.43
2127,2021-05-09,ABR,9153,4089,5064,74,59,55,959,958,1399,407,4636,133,473,4281,4872,ITF,ITF1,13,Abruzzo,Abruzzo,1304970,616222,47.22,0.7
2128,2021-02-06,ABR,1610,742,868,1167,278,72,0,14,7,2,0,0,70,602,1008,ITF,ITF1,13,Abruzzo,Abruzzo,1304970,617832,47.34,0.12
2129,2021-02-05,ABR,1534,521,1013,1187,188,106,0,9,0,0,0,0,44,788,746,ITF,ITF1,13,Abruzzo,Abruzzo,1304970,619366,47.46,0.12
2130,2021-01-30,ABR,1510,567,943,1349,112,47,0,0,0,0,0,0,2,69,1441,ITF,ITF1,13,Abruzzo,Abruzzo,1304970,620876,47.58,0.12
2131,2021-01-02,ABR,548,218,330,540,5,0,0,0,0,0,0,0,3,548,0,ITF,ITF1,13,Abruzzo,Abruzzo,1304970,621424,47.62,0.04
2132,2021-04-16,ABR,7537,3488,4049,157,79,46,33,168,271,1685,5043,12,43,5619,1918,ITF,ITF1,13,Abruzzo,Abruzzo,1304970,628961,48.2,0.58
2133,2021-05-05,ABR,11571,5540,6031,160,194,49,31,1228,2109,476,6690,29,605,6443,5128,ITF,ITF1,13,Abruzzo,Abruzzo,1304970,640532,49.08,0.89
2134,2021-01-11,ABR,1551,557,994,1337,152,48,0,3,0,0,0,0,11,1551,0,ITF,ITF1,13,Abruzzo,Abruzzo,1304970,642083,49.2,0.12
2135,2021-05-02,ABR,10421,5086,5335,148,78,4,20,1157,1685,336,6825,23,145,5212,5209,ITF,ITF1,13,Abruzzo,Abruzzo,1304970,652504,50.0,0.8
2136,2021-04-08,ABR,7338,3317,4021,156,85,73,203,70,404,2632,3619,45,51,5060,2278,ITF,ITF1,13,Abruzzo,Abruzzo,1304970,659842,50.56,0.56
2137,2021-03-02,ABR,3963,1676,2287,934,220,53,405,82,3,1856,2,299,109,3279,684,ITF,ITF1,13,Abruzzo,Abruzzo,1304970,663805,50.87,0.3
2138,2021-02-02,ABR,1778,672,1106,1235,395,139,0,1,0,0,0,0,8,222,1556,ITF,ITF1,13,Abruzzo,Abruzzo,1304970,665583,51.0,0.14
2139,2021-05-17,MAR,11855,5568,6287,226,150,67,106,3242,2558,272,4033,13,1188,7691,4164,ITI,ITI3,11,Marche,Marche,1525271,11855,0.78,0.78
2140,2021-04-27,MAR,9401,4309,5092,146,58,37,288,1367,3914,1044,2466,37,44,5413,3988,ITI,ITI3,11,Marche,Marche,1525271,21256,1.39,0.62
2141,2021-02-16,MAR,1287,475,812,733,433,92,0,3,2,0,0,0,24,1257,30,ITI,ITI3,11,Marche,Marche,1525271,22543,1.48,0.08
2142,2021-02-28,MAR,2836,1251,1585,19,6,0,2,1,3,2796,0,2,7,2830,6,ITI,ITI3,11,Marche,Marche,1525271,25379,1.66,0.19
2143,2021-03-25,MAR,6657,2774,3883,464,148,373,519,95,27,4383,258,122,268,3247,3410,ITI,ITI3,11,Marche,Marche,1525271,32036,2.1,0.44
2144,2021-01-23,MAR,557,190,367,440,53,63,0,0,0,0,0,0,1,123,434,ITI,ITI3,11,Marche,Marche,1525271,32593,2.14,0.04
2145,2021-03-22,MAR,5655,2376,3279,406,232,69,433,14,13,4182,19,238,49,2527,3128,ITI,ITI3,11,Marche,Marche,1525271,38248,2.51,0.37
2146,2021-02-21,MAR,376,141,235,204,62,57,1,11,1,0,0,0,40,375,1,ITI,ITI3,11,Marche,Marche,1525271,38624,2.53,0.02
2147,2021-04-29,MAR,13246,6061,7185,264,136,92,636,1908,3644,1419,4960,89,98,7149,6097,ITI,ITI3,11,Marche,Marche,1525271,51870,3.4,0.87
2148,2021-03-29,MAR,5860,2567,3293,227,147,39,215,34,65,4255,722,75,81,3435,2425,ITI,ITI3,11,Marche,Marche,1525271,57730,3.78,0.38
2149,2021-05-06,MAR,12657,5820,6837,310,202,136,428,1448,3161,1039,5431,169,333,5583,7074,ITI,ITI3,11,Marche,Marche,1525271,70387,4.61,0.83
2150,2021-03-09,MAR,5429,2293,3136,752,224,41,1069,20,3,2586,122,558,54,4549,880,ITI,ITI3,11,Marche,Marche,1525271,75816,4.97,0.36
2151,2021-05-11,MAR,10624,4832,5792,246,150,133,347,2491,3016,519,3400,19,303,5678,4946,ITI,ITI3,11,Marche,Marche,1525271,86440,5.67,0.7
2152,2021-02-15,MAR,967,412,555,539,389,1,0,4,1,1,12,0,20,954,13,ITI,ITI3,11,Marche,Marche,1525271,87407,5.73,0.06
2153,2021-01-02,MAR,453,139,314,444,9,0,0,0,0,0,0,0,0,453,0,ITI,ITI3,11,Marche,Marche,1525271,87860,5.76,0.03
2154,2021-02-03,MAR,2124,741,1383,1344,569,166,0,4,5,2,0,0,34,119,2005,ITI,ITI3,11,Marche,Marche,1525271,89984,5.9,0.14
2155,2021-01-24,MAR,880,339,541,762,117,0,0,0,0,0,0,0,1,5,875,ITI,ITI3,11,Marche,Marche,1525271,90864,5.96,0.06
2156,2021-01-04,MAR,1503,565,938,1291,196,11,0,1,0,0,0,0,4,1503,0,ITI,ITI3,11,Marche,Marche,1525271,92367,6.06,0.1
2157,2021-03-15,MAR,4402,2027,2375,300,81,10,241,36,8,3477,27,115,107,1312,3090,ITI,ITI3,11,Marche,Marche,1525271,96769,6.34,0.29
2158,2021-01-03,MAR,896,348,548,759,130,0,0,1,0,0,0,0,6,896,0,ITI,ITI3,11,Marche,Marche,1525271,97665,6.4,0.06
2159,2021-03-11,MAR,6595,2784,3811,1094,386,52,1097,24,9,3226,86,518,103,5225,1370,ITI,ITI3,11,Marche,Marche,1525271,104260,6.84,0.43
2160,2021-01-15,MAR,1771,500,1271,985,358,365,0,9,3,0,0,0,51,1771,0,ITI,ITI3,11,Marche,Marche,1525271,106031,6.95,0.12
2161,2021-04-23,MAR,11156,5139,6017,182,84,73,53,2839,3415,1684,2723,45,58,8101,3055,ITI,ITI3,11,Marche,Marche,1525271,117187,7.68,0.73
2162,2021-04-20,MAR,10699,4996,5703,179,74,101,87,1950,4633,588,3041,21,25,9282,1417,ITI,ITI3,11,Marche,Marche,1525271,127886,8.38,0.7
2163,2021-04-01,MAR,7578,3183,4395,387,239,46,283,37,157,4613,1675,70,71,4162,3416,ITI,ITI3,11,Marche,Marche,1525271,135464,8.88,0.5
2164,2021-03-13,MAR,5762,2652,3110,662,166,52,237,7,7,4238,13,351,29,1805,3957,ITI,ITI3,11,Marche,Marche,1525271,141226,9.26,0.38
2165,2021-01-19,MAR,226,82,144,121,20,85,0,0,0,0,0,0,0,141,85,ITI,ITI3,11,Marche,Marche,1525271,141452,9.27,0.01
2166,2021-05-02,MAR,8899,3936,4963,275,116,4,936,1936,2168,745,2637,39,43,3161,5738,ITI,ITI3,11,Marche,Marche,1525271,150351,9.86,0.58
2167,2021-04-16,MAR,10081,4702,5379,321,141,76,512,227,3818,683,4075,20,208,9556,525,ITI,ITI3,11,Marche,Marche,1525271,160432,10.52,0.66
2168,2021-03-30,MAR,7418,3044,4374,523,321,275,366,43,113,4251,1386,77,63,4603,2815,ITI,ITI3,11,Marche,Marche,1525271,167850,11.0,0.49
2169,2021-01-13,MAR,2105,746,1359,1408,578,76,0,6,5,15,0,0,17,2105,0,ITI,ITI3,11,Marche,Marche,1525271,169955,11.14,0.14
2170,2021-02-06,MAR,2459,900,1559,1401,536,415,0,21,8,4,0,0,74,522,1937,ITI,ITI3,11,Marche,Marche,1525271,172414,11.3,0.16
2171,2021-02-05,MAR,2155,653,1502,1318,346,418,0,6,8,2,0,0,57,440,1715,ITI,ITI3,11,Marche,Marche,1525271,174569,11.45,0.14
2172,2021-04-19,MAR,9602,4497,5105,243,124,13,64,1477,4116,973,2414,36,142,8022,1580,ITI,ITI3,11,Marche,Marche,1525271,184171,12.07,0.63
2173,2021-02-19,MAR,1962,712,1250,1267,402,203,2,7,4,2,13,0,62,1827,135,ITI,ITI3,11,Marche,Marche,1525271,186133,12.2,0.13
2174,2021-03-27,MAR,7377,3072,4305,278,169,144,711,77,104,4072,1512,133,177,5019,2358,ITI,ITI3,11,Marche,Marche,1525271,193510,12.69,0.48
2175,2021-01-31,MAR,1920,770,1150,1527,389,0,0,1,0,0,0,0,3,105,1815,ITI,ITI3,11,Marche,Marche,1525271,195430,12.81,0.13
2176,2021-01-14,MAR,2010,692,1318,1112,558,298,0,4,1,0,0,0,37,2010,0,ITI,ITI3,11,Marche,Marche,1525271,197440,12.94,0.13
2177,2021-02-10,MAR,1439,452,987,881,292,215,0,6,1,0,0,0,44,1080,359,ITI,ITI3,11,Marche,Marche,1525271,198879,13.04,0.09
2178,2021-02-18,MAR,2101,745,1356,1149,499,402,1,14,4,1,0,0,31,1815,286,ITI,ITI3,11,Marche,Marche,1525271,200980,13.18,0.14
2179,2021-04-17,MAR,11702,5318,6384,204,152,130,613,326,4073,921,5161,14,108,10627,1075,ITI,ITI3,11,Marche,Marche,1525271,212682,13.94,0.77
2180,2021-03-10,MAR,5669,2401,3268,721,411,114,1036,11,11,2673,100,553,39,4532,1137,ITI,ITI3,11,Marche,Marche,1525271,218351,14.32,0.37
2181,2021-01-18,MAR,673,230,443,370,116,132,0,5,8,30,0,0,12,547,126,ITI,ITI3,11,Marche,Marche,1525271,219024,14.36,0.04
2182,2020-12-30,MAR,17,5,12,14,3,0,0,0,0,0,0,0,0,17,0,ITI,ITI3,11,Marche,Marche,1525271,219041,14.36,0.0
2183,2021-02-24,MAR,3486,1515,1971,228,191,210,1,4,4,2819,22,3,4,3408,78,ITI,ITI3,11,Marche,Marche,1525271,222527,14.59,0.23
2184,2021-03-02,MAR,4956,1943,3013,591,184,256,537,11,3,3316,4,3,51,4390,566,ITI,ITI3,11,Marche,Marche,1525271,227483,14.91,0.32
2185,2021-01-17,MAR,1606,687,919,971,367,46,0,50,30,4,0,0,138,1550,56,ITI,ITI3,11,Marche,Marche,1525271,229089,15.02,0.11
2186,2021-04-28,MAR,10732,4890,5842,216,60,85,322,1630,3739,990,3400,42,248,6002,4730,ITI,ITI3,11,Marche,Marche,1525271,239821,15.72,0.7
2187,2021-04-09,MAR,9558,4189,5369,273,71,103,1305,82,2303,1608,3669,70,74,9357,201,ITI,ITI3,11,Marche,Marche,1525271,249379,16.35,0.63
2188,2021-04-26,MAR,8980,3983,4997,155,70,30,179,1735,4039,897,1774,42,59,5958,3022,ITI,ITI3,11,Marche,Marche,1525271,258359,16.94,0.59
2189,2021-02-20,MAR,4121,1705,2416,118,118,261,0,17,13,3576,0,3,15,4010,111,ITI,ITI3,11,Marche,Marche,1525271,262480,17.21,0.27
2190,2021-03-20,MAR,4135,1740,2395,180,63,114,88,10,4,3632,14,12,18,1049,3086,ITI,ITI3,11,Marche,Marche,1525271,266615,17.48,0.27
2191,2021-04-05,MAR,5688,2355,3333,251,84,103,758,54,1004,2267,1108,28,31,4419,1269,ITI,ITI3,11,Marche,Marche,1525271,272303,17.85,0.37
2192,2021-05-13,MAR,12601,5693,6908,243,158,66,251,3050,2548,763,5079,25,418,7105,5496,ITI,ITI3,11,Marche,Marche,1525271,284904,18.68,0.83
2193,2021-04-11,MAR,7117,3115,4002,282,96,10,781,47,2163,1224,2449,44,21,6831,286,ITI,ITI3,11,Marche,Marche,1525271,292021,19.15,0.47
2194,2021-01-09,MAR,1709,605,1104,1406,238,0,0,17,2,0,0,0,46,1709,0,ITI,ITI3,11,Marche,Marche,1525271,293730,19.26,0.11
2195,2021-03-28,MAR,4126,1739,2387,45,44,6,396,17,32,2662,871,11,42,2435,1691,ITI,ITI3,11,Marche,Marche,1525271,297856,19.53,0.27
2196,2021-05-07,MAR,12836,5804,7032,308,158,96,951,1423,3772,869,4794,18,447,3659,9177,ITI,ITI3,11,Marche,Marche,1525271,310692,20.37,0.84
2197,2021-01-25,MAR,1596,559,1037,1425,111,56,0,0,0,2,0,0,2,97,1499,ITI,ITI3,11,Marche,Marche,1525271,312288,20.47,0.1
2198,2021-01-07,MAR,1806,636,1170,1483,279,0,0,9,0,0,0,0,35,1806,0,ITI,ITI3,11,Marche,Marche,1525271,314094,20.59,0.12
2199,2021-04-12,MAR,8569,3772,4797,179,82,88,1155,106,2842,1317,2603,79,118,8085,484,ITI,ITI3,11,Marche,Marche,1525271,322663,21.15,0.56
2200,2021-03-19,MAR,3835,1597,2238,495,135,265,6,5,7,2831,63,13,15,339,3496,ITI,ITI3,11,Marche,Marche,1525271,326498,21.41,0.25
2201,2021-02-12,MAR,1582,618,964,814,423,88,0,32,14,3,0,0,208,1430,152,ITI,ITI3,11,Marche,Marche,1525271,328080,21.51,0.1
2202,2021-04-21,MAR,10786,4968,5818,274,111,49,81,2390,4285,554,2868,43,131,9589,1197,ITI,ITI3,11,Marche,Marche,1525271,338866,22.22,0.71
2203,2021-05-10,MAR,9457,4340,5117,253,161,60,332,1781,2916,626,2890,42,396,4895,4562,ITI,ITI3,11,Marche,Marche,1525271,348323,22.84,0.62
2204,2021-02-04,MAR,2341,809,1532,1406,601,275,0,11,3,1,0,0,44,112,2229,ITI,ITI3,11,Marche,Marche,1525271,350664,22.99,0.15
2205,2021-01-22,MAR,487,167,320,315,74,87,0,1,0,0,0,0,10,194,293,ITI,ITI3,11,Marche,Marche,1525271,351151,23.02,0.03
2206,2021-03-14,MAR,2499,1031,1468,441,58,1,454,4,3,1522,5,2,9,1906,593,ITI,ITI3,11,Marche,Marche,1525271,353650,23.19,0.16
2207,2021-02-09,MAR,124,42,82,77,21,26,0,0,0,0,0,0,0,46,78,ITI,ITI3,11,Marche,Marche,1525271,353774,23.19,0.01
2208,2021-04-30,MAR,13944,6100,7844,344,78,94,1475,1652,3680,1645,4816,55,105,5402,8542,ITI,ITI3,11,Marche,Marche,1525271,367718,24.11,0.91
2209,2021-01-06,MAR,2181,792,1389,1738,261,147,0,5,1,0,0,0,29,2181,0,ITI,ITI3,11,Marche,Marche,1525271,369899,24.25,0.14
2210,2021-04-06,MAR,8878,3693,5185,310,185,161,1728,97,1739,1888,2578,98,94,8065,813,ITI,ITI3,11,Marche,Marche,1525271,378777,24.83,0.58
2211,2021-04-25,MAR,8599,3993,4606,206,37,1,20,3961,2094,675,1568,22,15,7024,1575,ITI,ITI3,11,Marche,Marche,1525271,387376,25.4,0.56
2212,2021-03-05,MAR,6178,2860,3318,1127,324,144,801,52,26,2385,185,1008,126,4711,1467,ITI,ITI3,11,Marche,Marche,1525271,393554,25.8,0.41
2213,2021-05-20,MAR,12391,5824,6567,201,163,64,534,3251,2259,272,3294,354,1999,7676,4715,ITI,ITI3,11,Marche,Marche,1525271,405945,26.61,0.81
2214,2021-03-01,MAR,3724,1487,2237,388,138,87,286,4,1,2789,4,5,22,3476,248,ITI,ITI3,11,Marche,Marche,1525271,409669,26.86,0.24
2215,2021-02-23,MAR,3267,1397,1870,219,57,118,0,7,4,2822,0,5,35,3211,56,ITI,ITI3,11,Marche,Marche,1525271,412936,27.07,0.21
2216,2021-03-31,MAR,7374,3087,4287,477,327,162,257,30,103,4556,1299,86,77,4350,3024,ITI,ITI3,11,Marche,Marche,1525271,420310,27.56,0.48
2217,2021-03-03,MAR,6653,3050,3603,817,369,208,783,36,12,3133,195,1003,97,5773,880,ITI,ITI3,11,Marche,Marche,1525271,426963,27.99,0.44
2218,2021-02-27,MAR,3356,1435,1921,185,139,154,1,6,1,2841,17,6,6,3147,209,ITI,ITI3,11,Marche,Marche,1525271,430319,28.21,0.22
2219,2021-02-11,MAR,1988,657,1331,1156,369,212,0,32,22,32,0,0,165,1599,389,ITI,ITI3,11,Marche,Marche,1525271,432307,28.34,0.13
2220,2021-02-22,MAR,3413,1499,1914,326,89,77,2,7,0,2868,1,5,38,3338,75,ITI,ITI3,11,Marche,Marche,1525271,435720,28.57,0.22
2221,2021-03-07,MAR,5182,2108,3074,607,167,32,895,13,2,3007,76,336,47,4429,753,ITI,ITI3,11,Marche,Marche,1525271,440902,28.91,0.34
2222,2021-04-02,MAR,6875,2973,3902,388,209,112,422,47,733,2696,2014,212,42,6135,740,ITI,ITI3,11,Marche,Marche,1525271,447777,29.36,0.45
2223,2021-04-14,MAR,10216,4565,5651,416,159,80,1013,178,3524,899,3771,41,135,9844,372,ITI,ITI3,11,Marche,Marche,1525271,457993,30.03,0.67
2224,2021-03-16,MAR,3471,1485,1986,315,71,54,5,4,6,2928,46,20,22,290,3181,ITI,ITI3,11,Marche,Marche,1525271,461464,30.25,0.23
2225,2021-04-10,MAR,10915,4618,6297,311,168,80,1102,183,2713,2229,4022,53,54,10602,313,ITI,ITI3,11,Marche,Marche,1525271,472379,30.97,0.72
2226,2021-04-04,MAR,3824,1792,2032,189,117,7,84,10,632,2008,754,10,13,2655,1169,ITI,ITI3,11,Marche,Marche,1525271,476203,31.22,0.25
2227,2021-01-12,MAR,1226,413,813,912,255,50,0,2,0,0,0,0,7,1226,0,ITI,ITI3,11,Marche,Marche,1525271,477429,31.3,0.08
2228,2021-02-02,MAR,1192,397,795,804,264,93,0,5,0,5,0,0,21,73,1119,ITI,ITI3,11,Marche,Marche,1525271,478621,31.38,0.08
2229,2021-05-18,MAR,11062,5256,5806,200,86,36,227,3490,1735,214,3412,60,1602,7657,3405,ITI,ITI3,11,Marche,Marche,1525271,489683,32.1,0.73
2230,2021-02-25,MAR,3510,1434,2076,430,134,377,1,8,5,2491,27,3,34,3331,179,ITI,ITI3,11,Marche,Marche,1525271,493193,32.33,0.23
2231,2021-05-21,MAR,4307,2057,2250,61,20,29,299,1342,997,89,1066,256,148,1592,2715,ITI,ITI3,11,Marche,Marche,1525271,497500,32.62,0.28
2232,2021-01-27,MAR,2118,780,1338,1751,155,140,0,13,10,8,0,0,41,122,1996,ITI,ITI3,11,Marche,Marche,1525271,499618,32.76,0.14
2233,2020-12-27,MAR,200,97,103,184,12,4,0,0,0,0,0,0,0,200,0,ITI,ITI3,11,Marche,Marche,1525271,499818,32.77,0.01
2234,2021-05-01,MAR,9320,3925,5395,185,138,15,1280,2037,1825,875,2894,14,57,3577,5743,ITI,ITI3,11,Marche,Marche,1525271,509138,33.38,0.61
2235,2021-02-08,MAR,833,258,575,408,133,262,0,6,3,4,0,0,17,371,462,ITI,ITI3,11,Marche,Marche,1525271,509971,33.43,0.05
2236,2021-05-15,MAR,13968,6377,7591,152,171,30,157,3454,3057,554,5895,27,471,8075,5893,ITI,ITI3,11,Marche,Marche,1525271,523939,34.35,0.92
2237,2021-01-05,MAR,1562,586,976,1436,112,0,0,3,2,0,0,0,9,1562,0,ITI,ITI3,11,Marche,Marche,1525271,525501,34.45,0.1
2238,2021-04-03,MAR,7573,3204,4369,320,151,60,293,76,826,2950,2808,20,69,6903,670,ITI,ITI3,11,Marche,Marche,1525271,533074,34.95,0.5
2239,2021-03-18,MAR,3389,1475,1914,325,187,125,3,7,8,2653,23,46,12,162,3227,ITI,ITI3,11,Marche,Marche,1525271,536463,35.17,0.22
2240,2021-01-10,MAR,1737,699,1038,1462,253,0,0,5,1,0,0,0,16,1737,0,ITI,ITI3,11,Marche,Marche,1525271,538200,35.29,0.11
2241,2021-02-07,MAR,1868,734,1134,1155,479,46,0,41,20,4,0,0,123,344,1524,ITI,ITI3,11,Marche,Marche,1525271,540068,35.41,0.12
2242,2021-04-08,MAR,7522,3285,4237,275,94,97,711,81,2071,1332,2797,26,38,7195,327,ITI,ITI3,11,Marche,Marche,1525271,547590,35.9,0.49
2243,2021-05-14,MAR,13492,6217,7275,294,170,24,363,3509,3126,564,4941,47,454,6720,6772,ITI,ITI3,11,Marche,Marche,1525271,561082,36.79,0.88
2244,2021-03-23,MAR,5789,2529,3260,258,104,135,327,23,6,4620,27,220,69,2262,3527,ITI,ITI3,11,Marche,Marche,1525271,566871,37.17,0.38
2245,2021-05-09,MAR,8772,3986,4786,200,81,13,715,2332,1639,421,2970,21,380,3641,5131,ITI,ITI3,11,Marche,Marche,1525271,575643,37.74,0.58
2246,2021-01-20,MAR,398,100,298,147,55,190,0,2,0,1,0,0,3,384,14,ITI,ITI3,11,Marche,Marche,1525271,576041,37.77,0.03
2247,2021-03-24,MAR,7031,2982,4049,484,152,202,592,40,25,4809,320,160,247,3363,3668,ITI,ITI3,11,Marche,Marche,1525271,583072,38.23,0.46
2248,2021-04-07,MAR,7811,3435,4376,189,143,176,972,75,1888,1333,2897,30,108,7476,335,ITI,ITI3,11,Marche,Marche,1525271,590883,38.74,0.51
2249,2021-01-11,MAR,1176,411,765,1021,155,0,0,0,0,0,0,0,0,1176,0,ITI,ITI3,11,Marche,Marche,1525271,592059,38.82,0.08
2250,2021-01-28,MAR,2085,724,1361,1648,253,101,0,12,2,1,0,0,68,165,1920,ITI,ITI3,11,Marche,Marche,1525271,594144,38.95,0.14
2251,2021-01-30,MAR,1905,668,1237,1566,290,0,0,12,0,0,0,0,37,29,1876,ITI,ITI3,11,Marche,Marche,1525271,596049,39.08,0.12
2252,2021-05-05,MAR,11623,5288,6335,268,162,123,645,1280,3595,899,4317,64,270,5215,6408,ITI,ITI3,11,Marche,Marche,1525271,607672,39.84,0.76
2253,2021-02-14,MAR,738,301,437,578,109,0,0,10,0,0,0,0,41,738,0,ITI,ITI3,11,Marche,Marche,1525271,608410,39.89,0.05
2254,2021-01-08,MAR,1576,588,988,1227,324,0,0,5,0,0,0,0,20,1576,0,ITI,ITI3,11,Marche,Marche,1525271,609986,39.99,0.1
2255,2021-01-26,MAR,2016,746,1270,1736,152,86,0,15,4,1,0,0,22,92,1924,ITI,ITI3,11,Marche,Marche,1525271,612002,40.12,0.13
2256,2021-02-13,MAR,1062,453,609,457,309,90,0,25,10,16,0,0,155,1010,52,ITI,ITI3,11,Marche,Marche,1525271,613064,40.19,0.07
2257,2021-05-19,MAR,11488,5278,6210,383,173,27,532,3617,1821,316,3016,50,1553,8572,2916,ITI,ITI3,11,Marche,Marche,1525271,624552,40.95,0.75
2258,2020-12-31,MAR,385,180,205,371,14,0,0,0,0,0,0,0,0,385,0,ITI,ITI3,11,Marche,Marche,1525271,624937,40.97,0.03
2259,2021-04-15,MAR,10377,4674,5703,501,137,128,932,192,3637,780,3834,55,181,9812,565,ITI,ITI3,11,Marche,Marche,1525271,635314,41.65,0.68
2260,2021-04-22,MAR,10793,4931,5862,236,84,30,58,2748,3927,688,2944,37,41,9215,1578,ITI,ITI3,11,Marche,Marche,1525271,646107,42.36,0.71
2261,2021-03-04,MAR,6531,2873,3658,1085,373,115,766,56,18,2808,222,916,172,5120,1411,ITI,ITI3,11,Marche,Marche,1525271,652638,42.79,0.43
2262,2021-03-08,MAR,6265,2745,3520,764,226,201,1012,8,2,3094,147,763,48,5263,1002,ITI,ITI3,11,Marche,Marche,1525271,658903,43.2,0.41
2263,2021-01-29,MAR,1991,730,1261,1480,403,74,0,6,0,3,0,0,25,167,1824,ITI,ITI3,11,Marche,Marche,1525271,660894,43.33,0.13
2264,2021-01-16,MAR,2005,723,1282,1059,414,285,0,53,42,21,0,0,131,2005,0,ITI,ITI3,11,Marche,Marche,1525271,662899,43.46,0.13
2265,2021-04-13,MAR,9839,4259,5580,202,104,60,1074,163,3742,951,3461,32,50,9606,233,ITI,ITI3,11,Marche,Marche,1525271,672738,44.11,0.65
2266,2021-05-16,MAR,10897,4957,5940,244,74,20,94,3271,2340,291,4284,31,248,6670,4227,ITI,ITI3,11,Marche,Marche,1525271,683635,44.82,0.71
2267,2021-05-08,MAR,12269,5476,6793,193,164,94,457,1542,2812,1161,5556,24,266,5021,7248,ITI,ITI3,11,Marche,Marche,1525271,695904,45.62,0.8
2268,2021-05-12,MAR,10423,4684,5739,411,229,72,273,2535,2929,432,3156,18,368,4921,5502,ITI,ITI3,11,Marche,Marche,1525271,706327,46.31,0.68
2269,2021-03-12,MAR,4641,1972,2669,814,444,17,928,20,9,1895,3,434,77,3403,1238,ITI,ITI3,11,Marche,Marche,1525271,710968,46.61,0.3
2270,2021-03-26,MAR,6344,2608,3736,335,222,192,506,58,31,4091,394,203,312,3524,2820,ITI,ITI3,11,Marche,Marche,1525271,717312,47.03,0.42
2271,2021-02-01,MAR,1362,479,883,1054,200,81,0,5,0,0,0,0,22,98,1264,ITI,ITI3,11,Marche,Marche,1525271,718674,47.12,0.09
2272,2021-05-03,MAR,10192,4602,5590,247,77,33,812,1003,3632,961,3254,75,98,4786,5406,ITI,ITI3,11,Marche,Marche,1525271,728866,47.79,0.67
2273,2021-03-21,MAR,4505,1873,2632,87,42,57,205,19,7,4040,9,13,26,1629,2876,ITI,ITI3,11,Marche,Marche,1525271,733371,48.08,0.3
2274,2021-01-21,MAR,897,253,644,460,84,336,0,1,0,3,0,0,13,585,312,ITI,ITI3,11,Marche,Marche,1525271,734268,48.14,0.06
2275,2021-04-18,MAR,8820,4131,4689,261,67,2,453,1074,2952,377,3608,11,15,7899,921,ITI,ITI3,11,Marche,Marche,1525271,743088,48.72,0.58
2276,2021-05-04,MAR,10843,4787,6056,205,116,63,658,1101,3918,1043,3669,28,42,4949,5894,ITI,ITI3,11,Marche,Marche,1525271,753931,49.43,0.71
2277,2021-04-24,MAR,12026,5304,6722,132,134,46,79,2368,3733,1673,3740,33,88,7560,4466,ITI,ITI3,11,Marche,Marche,1525271,765957,50.22,0.79
2278,2021-02-17,MAR,1785,662,1123,963,471,309,0,6,1,1,22,0,12,1668,117,ITI,ITI3,11,Marche,Marche,1525271,767742,50.33,0.12
2279,2021-03-06,MAR,5700,2623,3077,971,223,172,745,37,7,2399,221,840,85,4433,1267,ITI,ITI3,11,Marche,Marche,1525271,773442,50.71,0.37
2280,2021-03-17,MAR,3428,1494,1934,301,79,117,5,8,10,2819,61,7,21,107,3321,ITI,ITI3,11,Marche,Marche,1525271,776870,50.93,0.22
2281,2021-02-26,MAR,3630,1499,2131,449,178,389,39,8,4,2517,31,4,11,3154,476,ITI,ITI3,11,Marche,Marche,1525271,780500,51.17,0.24
2282,2021-01-26,BAS,793,350,443,622,70,35,0,18,0,0,0,0,48,101,692,ITF,ITF5,17,Basilicata,Basilicata,559084,793,0.14,0.14
2283,2021-05-16,BAS,4959,2462,2497,42,24,3,47,231,569,19,3326,5,693,2851,2108,ITF,ITF5,17,Basilicata,Basilicata,559084,5752,1.03,0.89
2284,2021-01-31,BAS,77,24,53,75,2,0,0,0,0,0,0,0,0,0,77,ITF,ITF5,17,Basilicata,Basilicata,559084,5829,1.04,0.01
2285,2021-03-27,BAS,3229,1261,1968,27,41,0,383,26,40,2652,32,6,22,2605,624,ITF,ITF5,17,Basilicata,Basilicata,559084,9058,1.62,0.58
2286,2021-05-08,BAS,6015,2998,3017,49,22,3,20,775,1054,33,3825,18,216,4249,1766,ITF,ITF5,17,Basilicata,Basilicata,559084,15073,2.7,1.08
2287,2021-02-10,BAS,547,237,310,176,153,127,1,0,0,90,0,0,0,495,52,ITF,ITF5,17,Basilicata,Basilicata,559084,15620,2.79,0.1
2288,2021-04-13,BAS,2115,1051,1064,147,15,1,64,423,439,814,177,7,28,1293,822,ITF,ITF5,17,Basilicata,Basilicata,559084,17735,3.17,0.38
2289,2021-04-15,BAS,3386,1659,1727,73,16,1,26,243,207,738,2042,6,34,2632,754,ITF,ITF5,17,Basilicata,Basilicata,559084,21121,3.78,0.61
2290,2021-03-10,BAS,1651,814,837,101,57,33,274,1,4,877,2,300,2,812,839,ITF,ITF5,17,Basilicata,Basilicata,559084,22772,4.07,0.3
2291,2021-03-08,BAS,1452,708,744,222,158,38,273,7,12,410,2,300,30,841,611,ITF,ITF5,17,Basilicata,Basilicata,559084,24224,4.33,0.26
2292,2021-05-19,BAS,2878,1505,1373,64,30,14,209,329,400,24,964,281,563,1203,1675,ITF,ITF5,17,Basilicata,Basilicata,559084,27102,4.85,0.51
2293,2021-03-28,BAS,2139,741,1398,92,6,8,710,3,8,1276,7,0,29,2122,17,ITF,ITF5,17,Basilicata,Basilicata,559084,29241,5.23,0.38
2294,2021-03-20,BAS,1286,566,720,45,69,0,178,0,8,950,30,5,1,275,1011,ITF,ITF5,17,Basilicata,Basilicata,559084,30527,5.46,0.23
2295,2021-04-06,BAS,1266,461,805,274,72,7,412,25,8,346,41,27,54,1082,184,ITF,ITF5,17,Basilicata,Basilicata,559084,31793,5.69,0.23
2296,2021-04-26,BAS,4460,2163,2297,24,12,0,73,438,1006,180,2635,17,75,4240,220,ITF,ITF5,17,Basilicata,Basilicata,559084,36253,6.48,0.8
2297,2021-03-19,BAS,2289,992,1297,58,96,0,142,1,8,1955,2,22,5,261,2028,ITF,ITF5,17,Basilicata,Basilicata,559084,38542,6.89,0.41
2298,2021-01-29,BAS,613,229,384,398,38,70,0,41,2,16,0,0,48,63,550,ITF,ITF5,17,Basilicata,Basilicata,559084,39155,7.0,0.11
2299,2021-02-24,BAS,1803,743,1060,85,14,2,0,4,8,1686,0,1,3,1734,69,ITF,ITF5,17,Basilicata,Basilicata,559084,40958,7.33,0.32
2300,2021-02-07,BAS,373,159,214,259,74,40,0,0,0,0,0,0,0,49,324,ITF,ITF5,17,Basilicata,Basilicata,559084,41331,7.39,0.07
2301,2021-05-13,BAS,5979,2964,3015,46,22,23,28,760,828,101,3661,14,496,3383,2596,ITF,ITF5,17,Basilicata,Basilicata,559084,47310,8.46,1.07
2302,2021-05-14,BAS,5898,2793,3105,57,9,34,26,578,715,52,3958,16,453,3367,2531,ITF,ITF5,17,Basilicata,Basilicata,559084,53208,9.52,1.05
2303,2021-01-17,BAS,328,133,195,233,12,54,0,5,1,0,0,0,23,327,1,ITF,ITF5,17,Basilicata,Basilicata,559084,53536,9.58,0.06
2304,2021-04-11,BAS,848,330,518,75,3,9,225,3,5,46,474,3,5,786,62,ITF,ITF5,17,Basilicata,Basilicata,559084,54384,9.73,0.15
2305,2021-01-21,BAS,30,10,20,0,0,0,0,2,0,4,0,0,24,30,0,ITF,ITF5,17,Basilicata,Basilicata,559084,54414,9.73,0.01
2306,2021-02-26,BAS,2149,904,1245,89,94,1,0,2,6,1954,0,0,3,2069,80,ITF,ITF5,17,Basilicata,Basilicata,559084,56563,10.12,0.38
2307,2021-04-12,BAS,2178,1056,1122,231,24,31,92,721,441,450,164,11,13,1679,499,ITF,ITF5,17,Basilicata,Basilicata,559084,58741,10.51,0.39
2308,2021-01-07,BAS,640,319,321,556,8,29,0,16,0,0,0,0,31,640,0,ITF,ITF5,17,Basilicata,Basilicata,559084,59381,10.62,0.11
2309,2021-02-23,BAS,1901,771,1130,159,24,35,0,4,15,1658,0,0,6,1763,138,ITF,ITF5,17,Basilicata,Basilicata,559084,61282,10.96,0.34
2310,2021-01-25,BAS,1023,429,594,831,80,1,0,33,2,0,0,0,76,74,949,ITF,ITF5,17,Basilicata,Basilicata,559084,62305,11.14,0.18
2311,2021-05-20,BAS,7201,3661,3540,43,37,16,232,554,705,69,4216,337,992,3616,3585,ITF,ITF5,17,Basilicata,Basilicata,559084,69506,12.43,1.29
2312,2021-03-21,BAS,1046,481,565,32,1,0,159,2,9,804,0,0,39,352,694,ITF,ITF5,17,Basilicata,Basilicata,559084,70552,12.62,0.19
2313,2021-03-05,BAS,1851,855,996,298,158,72,309,6,12,690,2,296,8,1105,746,ITF,ITF5,17,Basilicata,Basilicata,559084,72403,12.95,0.33
2314,2021-05-07,BAS,4632,2276,2356,56,14,15,14,415,922,104,2902,30,160,3281,1351,ITF,ITF5,17,Basilicata,Basilicata,559084,77035,13.78,0.83
2315,2021-04-17,BAS,4469,2093,2376,59,7,0,10,18,25,1904,2426,11,9,2515,1954,ITF,ITF5,17,Basilicata,Basilicata,559084,81504,14.58,0.8
2316,2021-04-22,BAS,5713,2646,3067,62,17,23,85,351,995,1677,2359,62,82,3882,1831,ITF,ITF5,17,Basilicata,Basilicata,559084,87217,15.6,1.02
2317,2021-04-04,BAS,610,225,385,14,8,0,158,8,0,406,10,4,2,197,413,ITF,ITF5,17,Basilicata,Basilicata,559084,87827,15.71,0.11
2318,2021-03-06,BAS,1352,535,817,296,140,57,259,0,2,383,0,212,3,757,595,ITF,ITF5,17,Basilicata,Basilicata,559084,89179,15.95,0.24
2319,2021-03-03,BAS,1743,813,930,194,298,99,244,3,3,590,58,253,1,1186,557,ITF,ITF5,17,Basilicata,Basilicata,559084,90922,16.26,0.31
2320,2021-01-22,BAS,67,24,43,6,0,0,0,13,10,19,0,0,19,67,0,ITF,ITF5,17,Basilicata,Basilicata,559084,90989,16.27,0.01
2321,2021-03-25,BAS,1879,601,1278,47,55,11,761,5,13,931,28,25,3,1533,346,ITF,ITF5,17,Basilicata,Basilicata,559084,92868,16.61,0.34
2322,2021-03-16,BAS,1900,799,1101,103,30,0,62,4,13,1672,2,6,8,228,1672,ITF,ITF5,17,Basilicata,Basilicata,559084,94768,16.95,0.34
2323,2021-01-09,BAS,557,160,397,386,55,67,1,7,0,0,0,0,41,557,0,ITF,ITF5,17,Basilicata,Basilicata,559084,95325,17.05,0.1
2324,2021-02-15,BAS,621,232,389,191,134,46,0,0,3,246,0,1,0,580,41,ITF,ITF5,17,Basilicata,Basilicata,559084,95946,17.16,0.11
2325,2021-05-15,BAS,6509,3331,3178,57,21,2,25,799,817,96,3734,18,940,3944,2565,ITF,ITF5,17,Basilicata,Basilicata,559084,102455,18.33,1.16
2326,2021-03-13,BAS,1794,888,906,82,325,46,213,2,6,864,1,245,10,749,1045,ITF,ITF5,17,Basilicata,Basilicata,559084,104249,18.65,0.32
2327,2021-02-09,BAS,491,213,278,200,237,54,0,0,0,0,0,0,0,316,175,ITF,ITF5,17,Basilicata,Basilicata,559084,104740,18.73,0.09
2328,2021-05-10,BAS,4778,2369,2409,46,24,0,9,326,640,75,3427,12,219,2739,2039,ITF,ITF5,17,Basilicata,Basilicata,559084,109518,19.59,0.85
2329,2020-12-27,BAS,106,41,65,104,0,0,0,0,0,0,0,0,2,106,0,ITF,ITF5,17,Basilicata,Basilicata,559084,109624,19.61,0.02
2330,2021-05-01,BAS,4700,2135,2565,78,23,9,334,432,703,95,2709,33,284,3949,751,ITF,ITF5,17,Basilicata,Basilicata,559084,114324,20.45,0.84
2331,2021-01-27,BAS,411,175,236,299,17,26,0,12,9,25,0,0,23,113,298,ITF,ITF5,17,Basilicata,Basilicata,559084,114735,20.52,0.07
2332,2021-01-05,BAS,946,409,537,862,44,0,0,12,0,0,0,0,28,946,0,ITF,ITF5,17,Basilicata,Basilicata,559084,115681,20.69,0.17
2333,2021-05-21,BAS,1957,1052,905,12,5,3,67,82,281,9,1124,238,136,385,1572,ITF,ITF5,17,Basilicata,Basilicata,559084,117638,21.04,0.35
2334,2021-03-09,BAS,1391,706,685,222,51,33,238,2,2,545,0,292,6,787,604,ITF,ITF5,17,Basilicata,Basilicata,559084,119029,21.29,0.25
2335,2021-01-02,BAS,949,380,569,855,43,0,3,9,0,0,0,0,39,949,0,ITF,ITF5,17,Basilicata,Basilicata,559084,119978,21.46,0.17
2336,2021-01-20,BAS,84,22,62,0,0,0,0,10,8,43,0,0,23,84,0,ITF,ITF5,17,Basilicata,Basilicata,559084,120062,21.47,0.02
2337,2021-03-23,BAS,1588,612,976,55,7,0,598,7,2,890,5,20,4,1409,179,ITF,ITF5,17,Basilicata,Basilicata,559084,121650,21.76,0.28
2338,2021-04-20,BAS,4035,1922,2113,31,13,10,65,57,215,1689,1929,10,16,2204,1831,ITF,ITF5,17,Basilicata,Basilicata,559084,125685,22.48,0.72
2339,2021-05-02,BAS,4182,2000,2182,54,8,0,175,296,764,24,2727,10,124,3554,628,ITF,ITF5,17,Basilicata,Basilicata,559084,129867,23.23,0.75
2340,2021-01-15,BAS,813,350,463,578,21,174,0,5,1,1,0,0,33,813,0,ITF,ITF5,17,Basilicata,Basilicata,559084,130680,23.37,0.15
2341,2021-04-19,BAS,4161,1910,2251,76,19,58,93,29,102,1570,2165,11,38,2524,1637,ITF,ITF5,17,Basilicata,Basilicata,559084,134841,24.12,0.74
2342,2021-05-09,BAS,4675,2337,2338,19,21,1,4,603,709,15,3052,25,226,2984,1691,ITF,ITF5,17,Basilicata,Basilicata,559084,139516,24.95,0.84
2343,2021-03-11,BAS,1783,919,864,163,83,77,223,5,5,905,3,289,30,824,959,ITF,ITF5,17,Basilicata,Basilicata,559084,141299,25.27,0.32
2344,2021-04-08,BAS,763,348,415,181,53,0,187,13,9,84,176,35,25,754,9,ITF,ITF5,17,Basilicata,Basilicata,559084,142062,25.41,0.14
2345,2021-01-11,BAS,183,66,117,107,21,41,0,4,0,0,0,0,10,183,0,ITF,ITF5,17,Basilicata,Basilicata,559084,142245,25.44,0.03
2346,2021-01-28,BAS,903,401,502,717,24,81,0,30,0,1,0,0,50,119,784,ITF,ITF5,17,Basilicata,Basilicata,559084,143148,25.6,0.16
2347,2021-04-14,BAS,2041,997,1044,34,4,2,67,298,602,661,336,12,25,1367,674,ITF,ITF5,17,Basilicata,Basilicata,559084,145189,25.97,0.37
2348,2021-01-12,BAS,217,88,129,87,22,99,0,1,0,0,0,0,8,217,0,ITF,ITF5,17,Basilicata,Basilicata,559084,145406,26.01,0.04
2349,2021-03-07,BAS,882,308,574,39,12,4,471,2,0,328,0,22,4,844,38,ITF,ITF5,17,Basilicata,Basilicata,559084,146288,26.17,0.16
2350,2021-03-02,BAS,803,389,414,110,33,15,213,5,4,184,0,239,0,658,145,ITF,ITF5,17,Basilicata,Basilicata,559084,147091,26.31,0.14
2351,2021-02-11,BAS,951,401,550,200,158,107,0,0,6,472,0,4,4,868,83,ITF,ITF5,17,Basilicata,Basilicata,559084,148042,26.48,0.17
2352,2021-01-23,BAS,716,302,414,601,38,1,0,18,2,8,0,0,48,33,683,ITF,ITF5,17,Basilicata,Basilicata,559084,148758,26.61,0.13
2353,2021-04-09,BAS,1151,350,801,141,16,1,624,12,12,136,128,49,32,1088,63,ITF,ITF5,17,Basilicata,Basilicata,559084,149909,26.81,0.21
2354,2021-01-14,BAS,969,413,556,504,112,323,0,6,0,0,0,0,24,969,0,ITF,ITF5,17,Basilicata,Basilicata,559084,150878,26.99,0.17
2355,2021-01-18,BAS,463,157,306,364,52,45,0,0,0,0,0,0,2,364,99,ITF,ITF5,17,Basilicata,Basilicata,559084,151341,27.07,0.08
2356,2021-04-07,BAS,1218,549,669,272,23,18,384,8,10,107,355,23,18,1181,37,ITF,ITF5,17,Basilicata,Basilicata,559084,152559,27.29,0.22
2357,2021-05-03,BAS,4514,2044,2470,231,21,27,286,278,714,187,2631,16,123,3686,828,ITF,ITF5,17,Basilicata,Basilicata,559084,157073,28.09,0.81
2358,2021-03-04,BAS,2006,955,1051,240,151,158,242,3,11,846,41,303,11,1084,922,ITF,ITF5,17,Basilicata,Basilicata,559084,159079,28.45,0.36
2359,2021-04-28,BAS,4702,2157,2545,117,51,12,41,334,1147,135,2733,11,121,4261,441,ITF,ITF5,17,Basilicata,Basilicata,559084,163781,29.29,0.84
2360,2021-02-20,BAS,1161,531,630,77,171,80,0,0,9,810,11,0,3,1043,118,ITF,ITF5,17,Basilicata,Basilicata,559084,164942,29.5,0.21
2361,2021-04-05,BAS,723,233,490,3,3,2,341,5,1,338,18,4,8,421,302,ITF,ITF5,17,Basilicata,Basilicata,559084,165665,29.63,0.13
2362,2021-02-19,BAS,1622,737,885,219,360,66,0,1,13,962,0,0,1,1560,62,ITF,ITF5,17,Basilicata,Basilicata,559084,167287,29.92,0.29
2363,2021-05-12,BAS,5917,2919,2998,31,30,0,30,528,890,109,3962,17,320,3722,2195,ITF,ITF5,17,Basilicata,Basilicata,559084,173204,30.98,1.06
2364,2021-01-08,BAS,554,219,335,383,33,59,0,36,0,0,0,0,43,554,0,ITF,ITF5,17,Basilicata,Basilicata,559084,173758,31.08,0.1
2365,2021-02-14,BAS,151,48,103,55,12,65,0,0,1,18,0,0,0,151,0,ITF,ITF5,17,Basilicata,Basilicata,559084,173909,31.11,0.03
2366,2021-03-26,BAS,1956,703,1253,195,8,3,473,13,9,1210,22,8,15,1695,261,ITF,ITF5,17,Basilicata,Basilicata,559084,175865,31.46,0.35
2367,2021-01-16,BAS,721,304,417,466,17,161,2,17,0,1,0,0,57,721,0,ITF,ITF5,17,Basilicata,Basilicata,559084,176586,31.58,0.13
2368,2021-03-12,BAS,1897,975,922,266,64,37,258,1,8,986,0,274,3,798,1099,ITF,ITF5,17,Basilicata,Basilicata,559084,178483,31.92,0.34
2369,2021-01-04,BAS,607,271,336,550,49,0,2,1,0,0,0,0,5,607,0,ITF,ITF5,17,Basilicata,Basilicata,559084,179090,32.03,0.11
2370,2021-02-01,BAS,242,91,151,156,24,48,0,4,1,0,0,0,9,46,196,ITF,ITF5,17,Basilicata,Basilicata,559084,179332,32.08,0.04
2371,2021-01-19,BAS,199,84,115,78,48,44,0,3,6,8,0,0,12,199,0,ITF,ITF5,17,Basilicata,Basilicata,559084,179531,32.11,0.04
2372,2021-04-01,BAS,2807,1134,1673,78,33,24,279,14,23,2178,103,10,65,2092,715,ITF,ITF5,17,Basilicata,Basilicata,559084,182338,32.61,0.5
2373,2021-04-25,BAS,2985,1458,1527,18,10,12,85,183,649,33,1945,10,40,2931,54,ITF,ITF5,17,Basilicata,Basilicata,559084,185323,33.15,0.53
2374,2021-03-14,BAS,1008,477,531,41,110,8,249,0,3,516,0,79,2,539,469,ITF,ITF5,17,Basilicata,Basilicata,559084,186331,33.33,0.18
2375,2021-04-24,BAS,4545,2197,2348,54,17,1,98,368,873,772,2260,13,89,3532,1013,ITF,ITF5,17,Basilicata,Basilicata,559084,190876,34.14,0.81
2376,2021-03-17,BAS,1451,608,843,22,12,0,2,6,9,1393,0,5,2,27,1424,ITF,ITF5,17,Basilicata,Basilicata,559084,192327,34.4,0.26
2377,2021-04-30,BAS,6348,2868,3480,139,58,2,448,410,1127,479,3494,61,130,5109,1239,ITF,ITF5,17,Basilicata,Basilicata,559084,198675,35.54,1.14
2378,2021-04-21,BAS,3922,1835,2087,20,6,0,61,115,231,1492,1961,15,21,2272,1650,ITF,ITF5,17,Basilicata,Basilicata,559084,202597,36.24,0.7
2379,2021-05-04,BAS,4132,1989,2143,60,12,0,89,370,763,190,2438,10,200,3609,523,ITF,ITF5,17,Basilicata,Basilicata,559084,206729,36.98,0.74
2380,2021-02-12,BAS,775,332,443,288,192,90,0,3,4,192,0,6,0,744,31,ITF,ITF5,17,Basilicata,Basilicata,559084,207504,37.11,0.14
2381,2021-05-11,BAS,2646,1349,1297,38,13,11,21,402,421,38,1263,7,432,1613,1033,ITF,ITF5,17,Basilicata,Basilicata,559084,210150,37.59,0.47
2382,2021-02-16,BAS,905,377,528,250,93,67,0,1,1,492,0,1,0,807,98,ITF,ITF5,17,Basilicata,Basilicata,559084,211055,37.75,0.16
2383,2021-02-27,BAS,1991,859,1132,103,123,21,0,16,6,1682,4,1,35,1827,164,ITF,ITF5,17,Basilicata,Basilicata,559084,213046,38.11,0.36
2384,2021-02-17,BAS,1135,493,642,123,53,57,1,0,12,885,0,1,3,1059,76,ITF,ITF5,17,Basilicata,Basilicata,559084,214181,38.31,0.2
2385,2021-02-04,BAS,1095,442,653,639,106,281,0,26,0,3,0,0,40,63,1032,ITF,ITF5,17,Basilicata,Basilicata,559084,215276,38.51,0.2
2386,2021-04-27,BAS,4724,2242,2482,81,21,5,23,339,1159,214,2793,18,71,4399,325,ITF,ITF5,17,Basilicata,Basilicata,559084,220000,39.35,0.84
2387,2021-03-31,BAS,3095,1258,1837,69,46,0,127,20,13,2624,131,20,45,2313,782,ITF,ITF5,17,Basilicata,Basilicata,559084,223095,39.9,0.55
2388,2021-01-06,BAS,294,129,165,229,9,36,0,6,0,0,0,0,14,294,0,ITF,ITF5,17,Basilicata,Basilicata,559084,223389,39.96,0.05
2389,2021-03-01,BAS,547,284,263,122,107,4,50,1,1,169,1,90,2,381,166,ITF,ITF5,17,Basilicata,Basilicata,559084,223936,40.05,0.1
2390,2021-02-18,BAS,1070,401,669,270,59,150,0,0,0,588,0,0,3,855,215,ITF,ITF5,17,Basilicata,Basilicata,559084,225006,40.25,0.19
2391,2021-05-17,BAS,5536,2730,2806,44,37,1,133,462,682,31,2995,125,1026,3409,2127,ITF,ITF5,17,Basilicata,Basilicata,559084,230542,41.24,0.99
2392,2021-02-21,BAS,284,113,171,16,1,11,1,0,1,254,0,0,0,284,0,ITF,ITF5,17,Basilicata,Basilicata,559084,230826,41.29,0.05
2393,2021-05-06,BAS,5034,2429,2605,68,23,2,64,418,931,84,3184,11,249,3473,1561,ITF,ITF5,17,Basilicata,Basilicata,559084,235860,42.19,0.9
2394,2021-02-25,BAS,1787,736,1051,67,3,0,0,1,6,1705,0,1,4,1741,46,ITF,ITF5,17,Basilicata,Basilicata,559084,237647,42.51,0.32
2395,2021-02-22,BAS,1790,773,1017,125,23,2,0,2,7,1627,0,0,4,1737,53,ITF,ITF5,17,Basilicata,Basilicata,559084,239437,42.83,0.32
2396,2021-02-28,BAS,804,343,461,34,29,0,0,0,0,740,0,0,1,775,29,ITF,ITF5,17,Basilicata,Basilicata,559084,240241,42.97,0.14
2397,2021-03-18,BAS,1348,562,786,32,0,0,0,1,7,1306,0,0,2,24,1324,ITF,ITF5,17,Basilicata,Basilicata,559084,241589,43.21,0.24
2398,2021-04-29,BAS,5840,2908,2932,209,66,1,13,630,1087,79,3594,33,128,5386,454,ITF,ITF5,17,Basilicata,Basilicata,559084,247429,44.26,1.04
2399,2021-02-08,BAS,557,193,364,436,72,49,0,0,0,0,0,0,0,151,406,ITF,ITF5,17,Basilicata,Basilicata,559084,247986,44.36,0.1
2400,2021-04-18,BAS,3721,1847,1874,28,6,0,17,44,214,1342,2052,15,3,2353,1368,ITF,ITF5,17,Basilicata,Basilicata,559084,251707,45.02,0.67
2401,2021-05-18,BAS,5891,2852,3039,50,41,2,184,479,681,48,3197,131,1078,3402,2489,ITF,ITF5,17,Basilicata,Basilicata,559084,257598,46.08,1.05
2402,2021-04-03,BAS,1807,749,1058,38,3,0,314,12,7,1102,295,14,22,1472,335,ITF,ITF5,17,Basilicata,Basilicata,559084,259405,46.4,0.32
2403,2021-03-29,BAS,2435,881,1554,79,29,1,532,14,9,1668,63,8,32,2149,286,ITF,ITF5,17,Basilicata,Basilicata,559084,261840,46.83,0.44
2404,2021-03-15,BAS,2351,983,1368,79,30,0,266,3,6,1936,1,23,7,521,1830,ITF,ITF5,17,Basilicata,Basilicata,559084,264191,47.25,0.42
2405,2021-02-02,BAS,367,143,224,212,15,102,0,9,1,0,0,2,26,175,192,ITF,ITF5,17,Basilicata,Basilicata,559084,264558,47.32,0.07
2406,2021-01-03,BAS,900,344,556,790,53,0,2,7,0,0,0,0,48,900,0,ITF,ITF5,17,Basilicata,Basilicata,559084,265458,47.48,0.16
2407,2021-01-10,BAS,77,24,53,9,2,0,0,7,4,0,0,0,55,77,0,ITF,ITF5,17,Basilicata,Basilicata,559084,265535,47.49,0.01
2408,2021-03-30,BAS,2739,1156,1583,39,14,0,355,4,13,2181,100,13,20,2394,345,ITF,ITF5,17,Basilicata,Basilicata,559084,268274,47.98,0.49
2409,2021-01-13,BAS,916,387,529,699,11,148,1,37,1,1,0,0,18,916,0,ITF,ITF5,17,Basilicata,Basilicata,559084,269190,48.15,0.16
2410,2021-02-03,BAS,666,300,366,425,15,172,0,40,1,0,0,0,13,32,634,ITF,ITF5,17,Basilicata,Basilicata,559084,269856,48.27,0.12
2411,2021-05-05,BAS,4331,2046,2285,72,43,21,119,554,687,176,2429,20,210,3441,890,ITF,ITF5,17,Basilicata,Basilicata,559084,274187,49.04,0.77
2412,2021-01-30,BAS,704,227,477,424,82,126,0,20,0,0,0,0,52,128,576,ITF,ITF5,17,Basilicata,Basilicata,559084,274891,49.17,0.13
2413,2021-04-23,BAS,4528,2177,2351,75,29,3,46,233,996,759,2244,22,121,3528,1000,ITF,ITF5,17,Basilicata,Basilicata,559084,279419,49.98,0.81
2414,2021-02-05,BAS,984,443,541,611,38,191,0,23,8,5,0,0,108,64,920,ITF,ITF5,17,Basilicata,Basilicata,559084,280403,50.15,0.18
2415,2021-02-06,BAS,902,367,535,546,186,168,1,1,0,0,0,0,0,146,756,ITF,ITF5,17,Basilicata,Basilicata,559084,281305,50.32,0.16
2416,2021-03-24,BAS,1745,680,1065,95,39,0,527,6,8,980,7,52,31,1350,395,ITF,ITF5,17,Basilicata,Basilicata,559084,283050,50.63,0.31
2417,2021-04-02,BAS,2318,1046,1272,98,34,2,25,18,32,1736,274,42,57,1714,604,ITF,ITF5,17,Basilicata,Basilicata,559084,285368,51.04,0.41
2418,2021-01-24,BAS,836,300,536,708,46,1,0,13,0,0,0,0,68,58,778,ITF,ITF5,17,Basilicata,Basilicata,559084,286204,51.19,0.15
2419,2021-04-16,BAS,3320,1633,1687,24,10,1,54,19,35,889,2268,6,14,2421,899,ITF,ITF5,17,Basilicata,Basilicata,559084,289524,51.79,0.59
2420,2021-03-22,BAS,1175,531,644,47,68,0,385,2,5,642,8,16,2,628,547,ITF,ITF5,17,Basilicata,Basilicata,559084,290699,52.0,0.21
2421,2021-04-10,BAS,1031,377,654,64,11,8,483,5,4,147,281,21,7,950,81,ITF,ITF5,17,Basilicata,Basilicata,559084,291730,52.18,0.18
2422,2021-02-13,BAS,799,313,486,279,155,115,0,5,14,201,0,2,28,738,61,ITF,ITF5,17,Basilicata,Basilicata,559084,292529,52.32,0.14
2423,2021-03-21,PUG,2691,1225,1466,462,32,13,285,0,5,1792,15,40,47,587,2104,ITF,ITF4,16,Puglia,Puglia,4029053,2691,0.07,0.07
2424,2021-05-20,PUG,30163,13373,16790,345,209,45,4564,7102,2175,577,6329,1068,7749,19084,11079,ITF,ITF4,16,Puglia,Puglia,4029053,32854,0.82,0.75
2425,2021-01-30,PUG,5527,2515,3012,4751,325,419,6,0,2,3,5,4,12,411,5116,ITF,ITF4,16,Puglia,Puglia,4029053,38381,0.95,0.14
2426,2021-01-14,PUG,4069,1589,2480,3187,377,499,2,1,0,0,0,0,3,4069,0,ITF,ITF4,16,Puglia,Puglia,4029053,42450,1.05,0.1
2427,2021-05-10,PUG,37076,16347,20729,438,370,55,3525,11092,5681,2341,12751,393,430,19376,17700,ITF,ITF4,16,Puglia,Puglia,4029053,79526,1.97,0.92
2428,2021-01-24,PUG,1670,749,921,1286,231,150,0,0,0,1,1,1,0,154,1516,ITF,ITF4,16,Puglia,Puglia,4029053,81196,2.02,0.04
2429,2021-04-20,PUG,21266,9886,11380,496,211,121,92,1414,9027,3347,6260,77,221,17824,3442,ITF,ITF4,16,Puglia,Puglia,4029053,102462,2.54,0.53
2430,2021-03-05,PUG,17203,6810,10393,2313,828,276,7161,34,23,5336,18,1178,36,15039,2164,ITF,ITF4,16,Puglia,Puglia,4029053,119665,2.97,0.43
2431,2021-05-06,PUG,39022,17030,21992,583,457,108,3837,6797,7205,3415,15450,626,544,19463,19559,ITF,ITF4,16,Puglia,Puglia,4029053,158687,3.94,0.97
2432,2021-03-15,PUG,11769,5620,6149,2092,648,116,689,24,30,7672,23,461,14,5270,6499,ITF,ITF4,16,Puglia,Puglia,4029053,170456,4.23,0.29
2433,2021-03-03,PUG,16649,6694,9955,2057,639,287,6713,6,6,5987,4,947,3,14740,1909,ITF,ITF4,16,Puglia,Puglia,4029053,187105,4.64,0.41
2434,2021-03-07,PUG,4916,1941,2975,930,101,3,1853,4,4,1681,7,327,6,4345,571,ITF,ITF4,16,Puglia,Puglia,4029053,192021,4.77,0.12
2435,2021-04-14,PUG,31771,14997,16774,627,220,40,83,4653,15246,4918,5549,124,311,28467,3304,ITF,ITF4,16,Puglia,Puglia,4029053,223792,5.55,0.79
2436,2021-04-25,PUG,11093,5141,5952,184,94,43,146,936,3203,1117,5165,12,193,9947,1146,ITF,ITF4,16,Puglia,Puglia,4029053,234885,5.83,0.28
2437,2021-01-13,PUG,4540,1731,2809,3974,329,231,2,1,0,0,0,1,2,4540,0,ITF,ITF4,16,Puglia,Puglia,4029053,239425,5.94,0.11
2438,2021-04-19,PUG,27424,12729,14695,549,140,77,57,1975,14656,3257,6496,50,167,24392,3032,ITF,ITF4,16,Puglia,Puglia,4029053,266849,6.62,0.68
2439,2021-02-23,PUG,9342,4421,4921,1789,362,167,1019,11,15,5554,1,405,19,8867,475,ITF,ITF4,16,Puglia,Puglia,4029053,276191,6.85,0.23
2440,2021-03-20,PUG,8248,3730,4518,1432,89,54,814,24,51,5649,43,71,21,3662,4586,ITF,ITF4,16,Puglia,Puglia,4029053,284439,7.06,0.2
2441,2021-04-26,PUG,25987,11896,14091,426,232,102,126,6472,8069,2755,7587,34,184,22751,3236,ITF,ITF4,16,Puglia,Puglia,4029053,310426,7.7,0.64
2442,2021-05-15,PUG,42463,18597,23866,265,331,46,4078,11274,4232,1990,15851,125,4271,23462,19001,ITF,ITF4,16,Puglia,Puglia,4029053,352889,8.76,1.05
2443,2021-01-27,PUG,4578,1928,2650,3933,240,396,2,1,3,0,0,0,3,611,3967,ITF,ITF4,16,Puglia,Puglia,4029053,357467,8.87,0.11
2444,2021-05-13,PUG,37838,16850,20988,571,400,146,2560,8633,5829,1914,13158,325,4302,21056,16782,ITF,ITF4,16,Puglia,Puglia,4029053,395305,9.81,0.94
2445,2021-05-16,PUG,24067,10854,13213,89,154,7,3777,7986,2636,698,6394,65,2261,12493,11574,ITF,ITF4,16,Puglia,Puglia,4029053,419372,10.41,0.6
2446,2021-02-13,PUG,3726,1455,2271,2887,517,290,7,0,2,5,0,18,0,3031,695,ITF,ITF4,16,Puglia,Puglia,4029053,423098,10.5,0.09
2447,2021-02-12,PUG,4101,1629,2472,2940,443,689,5,0,0,6,5,10,3,3010,1091,ITF,ITF4,16,Puglia,Puglia,4029053,427199,10.6,0.1
2448,2021-03-18,PUG,9400,4253,5147,1755,489,225,90,17,28,6690,46,40,20,3284,6116,ITF,ITF4,16,Puglia,Puglia,4029053,436599,10.84,0.23
2449,2021-02-24,PUG,10034,4702,5332,1927,601,117,566,9,12,6410,0,375,17,9445,589,ITF,ITF4,16,Puglia,Puglia,4029053,446633,11.09,0.25
2450,2021-05-18,PUG,27809,12773,15036,293,290,120,2784,6315,3218,792,6952,780,6265,15421,12388,ITF,ITF4,16,Puglia,Puglia,4029053,474442,11.78,0.69
2451,2021-01-29,PUG,6193,2660,3533,5516,377,288,3,3,0,1,0,0,5,436,5757,ITF,ITF4,16,Puglia,Puglia,4029053,480635,11.93,0.15
2452,2021-05-08,PUG,53687,22713,30974,680,386,196,6136,11369,6090,4407,22976,532,915,24078,29609,ITF,ITF4,16,Puglia,Puglia,4029053,534322,13.26,1.33
2453,2021-01-22,PUG,1409,578,831,878,154,373,1,0,0,1,1,0,1,991,418,ITF,ITF4,16,Puglia,Puglia,4029053,535731,13.3,0.03
2454,2021-02-10,PUG,3643,1435,2208,2519,254,869,1,0,0,0,0,0,0,2133,1510,ITF,ITF4,16,Puglia,Puglia,4029053,539374,13.39,0.09
2455,2021-01-09,PUG,4885,2250,2635,4331,255,247,1,5,1,4,5,0,36,4885,0,ITF,ITF4,16,Puglia,Puglia,4029053,544259,13.51,0.12
2456,2021-01-21,PUG,2131,903,1228,1431,167,528,0,0,1,2,0,0,2,1271,860,ITF,ITF4,16,Puglia,Puglia,4029053,546390,13.56,0.05
2457,2021-03-08,PUG,14598,6080,8518,2143,840,224,3866,13,10,6829,7,644,22,12200,2398,ITF,ITF4,16,Puglia,Puglia,4029053,560988,13.92,0.36
2458,2021-05-07,PUG,49063,21883,27180,680,454,72,3350,12585,8367,3444,18722,683,706,25906,23157,ITF,ITF4,16,Puglia,Puglia,4029053,610051,15.14,1.22
2459,2021-02-15,PUG,3252,1268,1984,2247,527,454,3,0,1,1,1,7,11,2632,620,ITF,ITF4,16,Puglia,Puglia,4029053,613303,15.22,0.08
2460,2021-05-11,PUG,32191,14180,18011,379,384,44,3504,4780,6235,2321,13458,494,592,13752,18439,ITF,ITF4,16,Puglia,Puglia,4029053,645494,16.02,0.8
2461,2021-03-19,PUG,7948,3645,4303,1762,280,70,259,13,20,5382,74,66,22,3405,4543,ITF,ITF4,16,Puglia,Puglia,4029053,653442,16.22,0.2
2462,2021-03-29,PUG,12846,5991,6855,1596,590,241,1128,35,140,7962,676,409,69,6124,6722,ITF,ITF4,16,Puglia,Puglia,4029053,666288,16.54,0.32
2463,2021-03-17,PUG,10273,4683,5590,1794,464,64,70,28,37,7680,39,51,46,4170,6103,ITF,ITF4,16,Puglia,Puglia,4029053,676561,16.79,0.25
2464,2021-03-13,PUG,10368,4097,6271,2158,280,131,3317,7,13,4129,46,255,32,8636,1732,ITF,ITF4,16,Puglia,Puglia,4029053,686929,17.05,0.26
2465,2021-01-28,PUG,5471,2277,3194,4788,339,327,3,3,0,0,0,6,5,472,4999,ITF,ITF4,16,Puglia,Puglia,4029053,692400,17.19,0.14
2466,2021-04-11,PUG,16434,7236,9198,330,87,14,118,354,1002,5467,8946,16,100,14778,1656,ITF,ITF4,16,Puglia,Puglia,4029053,708834,17.59,0.41
2467,2021-02-26,PUG,13707,5024,8683,2130,681,298,4689,10,9,5229,18,620,23,12676,1031,ITF,ITF4,16,Puglia,Puglia,4029053,722541,17.93,0.34
2468,2021-01-04,PUG,4505,2014,2491,4399,88,11,1,0,0,0,0,0,6,4505,0,ITF,ITF4,16,Puglia,Puglia,4029053,727046,18.05,0.11
2469,2021-01-19,PUG,1221,452,769,531,113,577,0,0,0,0,0,0,0,1211,10,ITF,ITF4,16,Puglia,Puglia,4029053,728267,18.08,0.03
2470,2021-03-02,PUG,16317,6054,10263,1401,664,113,8188,17,17,4353,7,1544,13,15020,1297,ITF,ITF4,16,Puglia,Puglia,4029053,744584,18.48,0.4
2471,2021-02-03,PUG,5035,2005,3030,4368,476,185,3,2,0,0,0,1,0,730,4305,ITF,ITF4,16,Puglia,Puglia,4029053,749619,18.61,0.12
2472,2021-04-07,PUG,15286,6767,8519,1156,447,179,363,184,559,8697,3307,146,248,8618,6668,ITF,ITF4,16,Puglia,Puglia,4029053,764905,18.98,0.38
2473,2021-01-23,PUG,3040,1294,1746,2526,176,309,1,3,6,14,0,0,5,886,2154,ITF,ITF4,16,Puglia,Puglia,4029053,767945,19.06,0.08
2474,2021-04-08,PUG,17421,7559,9862,1031,328,181,506,218,837,9750,4323,87,160,11249,6172,ITF,ITF4,16,Puglia,Puglia,4029053,785366,19.49,0.43
2475,2021-01-18,PUG,1845,770,1075,1183,215,444,0,0,0,1,0,1,1,1496,349,ITF,ITF4,16,Puglia,Puglia,4029053,787211,19.54,0.05
2476,2021-01-06,PUG,3945,1668,2277,3316,224,372,0,11,1,0,0,0,21,3945,0,ITF,ITF4,16,Puglia,Puglia,4029053,791156,19.64,0.1
2477,2021-01-08,PUG,5590,2345,3245,4876,374,328,3,0,0,0,4,4,1,5590,0,ITF,ITF4,16,Puglia,Puglia,4029053,796746,19.78,0.14
2478,2021-03-01,PUG,15081,5856,9225,1974,724,83,5172,7,15,6182,5,897,22,13711,1370,ITF,ITF4,16,Puglia,Puglia,4029053,811827,20.15,0.37
2479,2021-04-30,PUG,34366,15355,19011,806,427,194,165,4109,8234,7019,12812,125,475,22503,11863,ITF,ITF4,16,Puglia,Puglia,4029053,846193,21.0,0.85
2480,2021-03-06,PUG,15922,5952,9970,2178,474,99,7070,15,13,5467,24,567,15,13852,2070,ITF,ITF4,16,Puglia,Puglia,4029053,862115,21.4,0.4
2481,2020-12-31,PUG,1634,782,852,1548,38,44,3,0,1,0,0,0,0,1634,0,ITF,ITF4,16,Puglia,Puglia,4029053,863749,21.44,0.04
2482,2021-03-27,PUG,12117,5689,6428,971,592,70,1372,35,92,7557,1116,236,76,6962,5155,ITF,ITF4,16,Puglia,Puglia,4029053,875866,21.74,0.3
2483,2021-04-22,PUG,22815,10422,12393,790,283,216,117,1846,9149,4164,5908,55,287,17951,4864,ITF,ITF4,16,Puglia,Puglia,4029053,898681,22.31,0.57
2484,2021-02-09,PUG,3840,1570,2270,2534,661,622,6,2,3,9,1,0,2,2168,1672,ITF,ITF4,16,Puglia,Puglia,4029053,902521,22.4,0.1
2485,2021-02-28,PUG,6013,1799,4214,560,136,26,3538,6,3,1545,1,194,4,5827,186,ITF,ITF4,16,Puglia,Puglia,4029053,908534,22.55,0.15
2486,2021-03-26,PUG,11442,5341,6101,1612,919,287,1340,38,119,6466,100,443,118,6799,4643,ITF,ITF4,16,Puglia,Puglia,4029053,919976,22.83,0.28
2487,2021-04-04,PUG,5939,2953,2986,98,25,7,48,29,46,286,5323,26,51,5933,6,ITF,ITF4,16,Puglia,Puglia,4029053,925915,22.98,0.15
2488,2021-01-31,PUG,1811,826,985,1503,103,200,2,1,0,2,0,0,0,73,1738,ITF,ITF4,16,Puglia,Puglia,4029053,927726,23.03,0.04
2489,2021-01-16,PUG,2507,1033,1474,1682,300,518,1,1,1,0,0,0,4,2507,0,ITF,ITF4,16,Puglia,Puglia,4029053,930233,23.09,0.06
2490,2021-04-05,PUG,12682,6163,6519,57,59,4,30,59,239,943,11210,12,69,12148,534,ITF,ITF4,16,Puglia,Puglia,4029053,942915,23.4,0.31
2491,2021-01-15,PUG,4552,1866,2686,3599,369,558,4,2,0,1,1,13,5,4552,0,ITF,ITF4,16,Puglia,Puglia,4029053,947467,23.52,0.11
2492,2021-05-14,PUG,43945,20085,23860,464,310,143,2847,14517,5060,1630,13539,562,4873,28290,15655,ITF,ITF4,16,Puglia,Puglia,4029053,991412,24.61,1.09
2493,2021-04-01,PUG,13480,6149,7331,1247,453,221,1036,85,329,8073,1579,322,135,7138,6342,ITF,ITF4,16,Puglia,Puglia,4029053,1004892,24.94,0.33
2494,2021-01-11,PUG,3753,1589,2164,3225,336,175,2,4,0,0,0,6,5,3753,0,ITF,ITF4,16,Puglia,Puglia,4029053,1008645,25.03,0.09
2495,2021-02-21,PUG,2176,472,1704,537,73,49,1460,1,5,32,0,12,7,2115,61,ITF,ITF4,16,Puglia,Puglia,4029053,1010821,25.09,0.05
2496,2021-01-20,PUG,1546,541,1005,781,125,627,0,0,3,9,0,0,1,1538,8,ITF,ITF4,16,Puglia,Puglia,4029053,1012367,25.13,0.04
2497,2021-01-02,PUG,2948,1300,1648,2829,91,23,4,0,0,0,0,0,1,2948,0,ITF,ITF4,16,Puglia,Puglia,4029053,1015315,25.2,0.07
2498,2021-02-02,PUG,4342,1845,2497,3632,389,317,3,1,0,0,0,0,0,593,3749,ITF,ITF4,16,Puglia,Puglia,4029053,1019657,25.31,0.11
2499,2021-03-11,PUG,14370,6190,8180,2920,935,515,3688,6,8,5277,9,992,20,11262,3108,ITF,ITF4,16,Puglia,Puglia,4029053,1034027,25.66,0.36
2500,2021-04-18,PUG,22508,10762,11746,82,42,4,9,4038,9375,1441,7308,12,197,21445,1063,ITF,ITF4,16,Puglia,Puglia,4029053,1056535,26.22,0.56
2501,2020-12-27,PUG,509,252,257,440,6,63,0,0,0,0,0,0,0,509,0,ITF,ITF4,16,Puglia,Puglia,4029053,1057044,26.24,0.01
2502,2021-02-17,PUG,4270,1744,2526,2479,1182,598,1,0,1,2,1,1,5,3669,601,ITF,ITF4,16,Puglia,Puglia,4029053,1061314,26.34,0.11
2503,2021-04-21,PUG,22985,10603,12382,680,245,61,377,1965,12325,2778,4302,115,137,19254,3731,ITF,ITF4,16,Puglia,Puglia,4029053,1084299,26.91,0.57
2504,2021-05-04,PUG,34742,14657,20085,615,230,61,3969,5415,9423,3226,11153,324,326,18411,16331,ITF,ITF4,16,Puglia,Puglia,4029053,1119041,27.77,0.86
2505,2021-05-09,PUG,30335,12418,17917,141,211,17,5732,7669,3132,2000,10721,100,612,14854,15481,ITF,ITF4,16,Puglia,Puglia,4029053,1149376,28.53,0.75
2506,2021-03-24,PUG,12972,5980,6992,1908,628,192,1544,29,58,7924,88,497,104,5716,7256,ITF,ITF4,16,Puglia,Puglia,4029053,1162348,28.85,0.32
2507,2021-03-23,PUG,10405,4995,5410,1853,416,51,990,29,44,6098,54,745,125,3938,6467,ITF,ITF4,16,Puglia,Puglia,4029053,1172753,29.11,0.26
2508,2021-02-16,PUG,3378,1451,1927,2155,740,412,2,7,0,5,0,15,42,2734,644,ITF,ITF4,16,Puglia,Puglia,4029053,1176131,29.19,0.08
2509,2021-03-14,PUG,3317,1429,1888,956,91,107,1003,28,10,977,9,43,93,2506,811,ITF,ITF4,16,Puglia,Puglia,4029053,1179448,29.27,0.08
2510,2021-04-27,PUG,26680,12077,14603,655,263,319,239,5247,7481,4202,7920,64,290,21083,5597,ITF,ITF4,16,Puglia,Puglia,4029053,1206128,29.94,0.66
2511,2021-04-24,PUG,29151,13260,15891,553,298,94,75,2518,11299,3608,10237,32,437,25200,3951,ITF,ITF4,16,Puglia,Puglia,4029053,1235279,30.66,0.72
2512,2021-04-02,PUG,12581,5762,6819,894,398,299,696,128,649,7478,1503,193,343,8063,4518,ITF,ITF4,16,Puglia,Puglia,4029053,1247860,30.97,0.31
2513,2021-01-12,PUG,4212,1772,2440,3639,343,218,5,2,3,1,0,0,1,4212,0,ITF,ITF4,16,Puglia,Puglia,4029053,1252072,31.08,0.1
2514,2021-04-12,PUG,29061,13688,15373,505,242,32,158,2206,14833,4872,5846,151,216,26237,2824,ITF,ITF4,16,Puglia,Puglia,4029053,1281133,31.8,0.72
2515,2021-01-25,PUG,3823,1680,2143,3473,170,169,1,1,0,2,1,0,6,423,3400,ITF,ITF4,16,Puglia,Puglia,4029053,1284956,31.89,0.09
2516,2021-05-12,PUG,35880,15916,19964,193,417,220,3408,12199,3852,1863,10788,520,2420,23542,12338,ITF,ITF4,16,Puglia,Puglia,4029053,1320836,32.78,0.89
2517,2021-01-01,PUG,147,60,87,146,1,0,0,0,0,0,0,0,0,147,0,ITF,ITF4,16,Puglia,Puglia,4029053,1320983,32.79,0.0
2518,2021-02-11,PUG,3699,1402,2297,2577,391,725,2,0,0,0,0,0,4,2422,1277,ITF,ITF4,16,Puglia,Puglia,4029053,1324682,32.88,0.09
2519,2021-03-09,PUG,13183,5747,7436,1880,714,229,3554,16,9,5628,7,1091,55,11176,2007,ITF,ITF4,16,Puglia,Puglia,4029053,1337865,33.21,0.33
2520,2021-03-04,PUG,15070,5879,9191,1539,590,325,6300,20,15,4777,9,1465,30,13682,1388,ITF,ITF4,16,Puglia,Puglia,4029053,1352935,33.58,0.37
2521,2021-04-29,PUG,25724,11900,13824,556,394,132,70,3044,9106,4115,7940,33,334,19097,6627,ITF,ITF4,16,Puglia,Puglia,4029053,1378659,34.22,0.64
2522,2021-03-12,PUG,13922,6104,7818,3282,1137,432,3032,8,16,5007,9,987,12,9997,3925,ITF,ITF4,16,Puglia,Puglia,4029053,1392581,34.56,0.35
2523,2021-05-21,PUG,6479,3070,3409,97,101,2,539,2440,581,261,1914,466,78,3876,2603,ITF,ITF4,16,Puglia,Puglia,4029053,1399060,34.72,0.16
2524,2021-01-07,PUG,5715,2456,3259,5219,263,217,3,4,0,0,2,7,0,5715,0,ITF,ITF4,16,Puglia,Puglia,4029053,1404775,34.87,0.14
2525,2021-02-22,PUG,9627,4534,5093,1442,652,140,317,14,19,6809,5,218,11,9295,332,ITF,ITF4,16,Puglia,Puglia,4029053,1414402,35.11,0.24
2526,2021-02-08,PUG,3992,1610,2382,2965,605,389,1,1,0,1,1,26,3,1597,2395,ITF,ITF4,16,Puglia,Puglia,4029053,1418394,35.2,0.1
2527,2021-02-01,PUG,3965,1659,2306,3447,287,208,5,4,0,0,0,6,8,375,3590,ITF,ITF4,16,Puglia,Puglia,4029053,1422359,35.3,0.1
2528,2021-02-20,PUG,2969,1080,1889,2113,236,168,426,0,2,9,1,4,10,2713,256,ITF,ITF4,16,Puglia,Puglia,4029053,1425328,35.38,0.07
2529,2021-04-10,PUG,30693,13017,17676,637,238,122,282,629,1596,11832,14971,149,237,26471,4222,ITF,ITF4,16,Puglia,Puglia,4029053,1456021,36.14,0.76
2530,2021-02-05,PUG,5634,2273,3361,4572,512,526,6,0,0,0,0,14,4,1332,4302,ITF,ITF4,16,Puglia,Puglia,4029053,1461655,36.28,0.14
2531,2021-03-22,PUG,9345,4551,4794,612,368,12,1071,12,38,6753,50,363,66,3701,5644,ITF,ITF4,16,Puglia,Puglia,4029053,1471000,36.51,0.23
2532,2021-02-27,PUG,14199,4805,9394,1608,680,181,6194,15,8,5120,17,363,13,12975,1224,ITF,ITF4,16,Puglia,Puglia,4029053,1485199,36.86,0.35
2533,2021-05-05,PUG,38635,16888,21747,566,224,146,3679,11921,6024,3248,11768,713,346,24504,14131,ITF,ITF4,16,Puglia,Puglia,4029053,1523834,37.82,0.96
2534,2021-01-17,PUG,1308,590,718,818,154,336,0,0,0,0,0,0,0,1239,69,ITF,ITF4,16,Puglia,Puglia,4029053,1525142,37.85,0.03
2535,2021-03-31,PUG,14033,6349,7684,1790,564,177,812,30,191,8642,1346,372,109,8479,5554,ITF,ITF4,16,Puglia,Puglia,4029053,1539175,38.2,0.35
2536,2021-02-06,PUG,4545,1927,2618,3503,484,551,4,0,1,0,0,0,2,1589,2956,ITF,ITF4,16,Puglia,Puglia,4029053,1543720,38.31,0.11
2537,2021-02-04,PUG,5898,2357,3541,4444,792,654,6,0,0,0,1,0,1,1167,4731,ITF,ITF4,16,Puglia,Puglia,4029053,1549618,38.46,0.15
2538,2021-05-17,PUG,31635,14507,17128,271,509,80,3514,8781,2292,933,7945,705,6605,20188,11447,ITF,ITF4,16,Puglia,Puglia,4029053,1581253,39.25,0.79
2539,2021-04-16,PUG,35724,16787,18937,693,284,139,214,4916,14921,4588,9544,101,324,32442,3282,ITF,ITF4,16,Puglia,Puglia,4029053,1616977,40.13,0.89
2540,2021-05-02,PUG,21143,9587,11556,94,92,17,39,3953,4829,3489,8300,20,310,13894,7249,ITF,ITF4,16,Puglia,Puglia,4029053,1638120,40.66,0.52
2541,2021-05-19,PUG,25214,11957,13257,221,238,54,1540,7093,1358,532,5789,897,7492,19141,6073,ITF,ITF4,16,Puglia,Puglia,4029053,1663334,41.28,0.63
2542,2021-03-28,PUG,3524,1650,1874,638,151,47,120,6,11,2016,520,3,12,1199,2325,ITF,ITF4,16,Puglia,Puglia,4029053,1666858,41.37,0.09
2543,2021-04-17,PUG,39807,18853,20954,531,172,87,182,4797,13065,5032,15370,94,477,36242,3565,ITF,ITF4,16,Puglia,Puglia,4029053,1706665,42.36,0.99
2544,2021-03-10,PUG,14387,6237,8150,2592,1083,355,3088,6,33,6546,7,656,21,11269,3118,ITF,ITF4,16,Puglia,Puglia,4029053,1721052,42.72,0.36
2545,2021-02-18,PUG,4378,1846,2532,2715,960,680,2,1,1,5,1,11,2,3774,604,ITF,ITF4,16,Puglia,Puglia,4029053,1725430,42.82,0.11
2546,2021-04-03,PUG,10485,4601,5884,919,238,135,541,120,364,5420,2438,18,292,6938,3547,ITF,ITF4,16,Puglia,Puglia,4029053,1735915,43.08,0.26
2547,2021-04-06,PUG,13468,5974,7494,749,380,250,221,88,488,8449,2625,131,87,6825,6643,ITF,ITF4,16,Puglia,Puglia,4029053,1749383,43.42,0.33
2548,2021-04-15,PUG,32293,15056,17237,559,225,87,120,4273,13246,5168,8186,97,332,28796,3497,ITF,ITF4,16,Puglia,Puglia,4029053,1781676,44.22,0.8
2549,2021-02-19,PUG,4730,2010,2720,3065,1190,389,7,2,1,2,0,49,25,4339,391,ITF,ITF4,16,Puglia,Puglia,4029053,1786406,44.34,0.12
2550,2021-04-28,PUG,19521,8733,10788,336,163,94,85,2222,7613,3232,5609,57,110,14809,4712,ITF,ITF4,16,Puglia,Puglia,4029053,1805927,44.82,0.48
2551,2021-02-14,PUG,787,348,439,683,32,70,1,0,0,0,0,1,0,663,124,ITF,ITF4,16,Puglia,Puglia,4029053,1806714,44.84,0.02
2552,2021-03-16,PUG,9864,4683,5181,2201,554,91,40,21,23,6639,130,142,23,3508,6356,ITF,ITF4,16,Puglia,Puglia,4029053,1816578,45.09,0.24
2553,2021-01-03,PUG,2007,943,1064,1818,38,145,1,1,1,0,3,0,0,2007,0,ITF,ITF4,16,Puglia,Puglia,4029053,1818585,45.14,0.05
2554,2021-04-09,PUG,21799,9364,12435,1116,548,170,419,473,1165,9774,7661,146,327,17177,4622,ITF,ITF4,16,Puglia,Puglia,4029053,1840384,45.68,0.54
2555,2021-02-25,PUG,11950,5050,6900,1748,766,420,2431,19,15,5784,2,730,35,10789,1161,ITF,ITF4,16,Puglia,Puglia,4029053,1852334,45.97,0.3
2556,2021-05-03,PUG,33013,14742,18271,472,322,188,1451,11363,6034,3491,9361,80,251,22409,10604,ITF,ITF4,16,Puglia,Puglia,4029053,1885347,46.79,0.82
2557,2021-04-13,PUG,28567,13543,15024,662,251,61,118,4548,10801,5331,6325,122,348,25170,3397,ITF,ITF4,16,Puglia,Puglia,4029053,1913914,47.5,0.71
2558,2021-01-26,PUG,5360,2397,2963,4851,270,232,0,2,1,1,0,0,3,571,4789,ITF,ITF4,16,Puglia,Puglia,4029053,1919274,47.64,0.13
2559,2021-01-05,PUG,5104,2249,2855,4787,179,98,4,9,9,5,0,0,13,5104,0,ITF,ITF4,16,Puglia,Puglia,4029053,1924378,47.76,0.13
2560,2021-03-30,PUG,11836,5485,6351,1333,494,266,960,48,165,7130,1013,372,55,5968,5868,ITF,ITF4,16,Puglia,Puglia,4029053,1936214,48.06,0.29
2561,2021-01-10,PUG,2348,1061,1287,2037,106,202,0,2,0,0,1,0,0,2348,0,ITF,ITF4,16,Puglia,Puglia,4029053,1938562,48.11,0.06
2562,2020-12-30,PUG,1,0,1,1,0,0,0,0,0,0,0,0,0,1,0,ITF,ITF4,16,Puglia,Puglia,4029053,1938563,48.11,0.0
2563,2021-04-23,PUG,29159,13545,15614,754,261,294,104,2454,12983,4519,7201,196,393,23954,5205,ITF,ITF4,16,Puglia,Puglia,4029053,1967722,48.84,0.72
2564,2021-03-25,PUG,10882,5285,5597,1274,671,184,656,22,50,7198,64,677,86,4650,6232,ITF,ITF4,16,Puglia,Puglia,4029053,1978604,49.11,0.27
2565,2021-02-07,PUG,1578,669,909,1039,227,309,1,0,2,0,0,0,0,253,1325,ITF,ITF4,16,Puglia,Puglia,4029053,1980182,49.15,0.04
2566,2021-05-01,PUG,27290,12516,14774,174,165,83,28,3402,5501,3960,13550,15,412,16665,10625,ITF,ITF4,16,Puglia,Puglia,4029053,2007472,49.82,0.68
2567,2021-04-14,CAL,7946,3841,4105,172,185,141,174,209,1533,1525,3820,74,113,6493,1453,ITF,ITF6,18,Calabria,Calabria,1947131,7946,0.41,0.41
2568,2021-01-30,CAL,2176,1149,1027,1976,190,0,0,3,0,1,0,0,6,358,1818,ITF,ITF6,18,Calabria,Calabria,1947131,10122,0.52,0.11
2569,2021-04-02,CAL,8024,3664,4360,361,135,603,1153,115,176,2765,2243,197,276,4200,3824,ITF,ITF6,18,Calabria,Calabria,1947131,18146,0.93,0.41
2570,2021-05-06,CAL,13202,6243,6959,322,307,143,465,2329,2019,851,6158,74,534,8924,4278,ITF,ITF6,18,Calabria,Calabria,1947131,31348,1.61,0.68
2571,2021-01-12,CAL,2061,1019,1042,1709,237,29,0,21,1,19,0,0,45,2061,0,ITF,ITF6,18,Calabria,Calabria,1947131,33409,1.72,0.11
2572,2021-05-20,CAL,18600,9215,9385,197,304,41,131,1539,1407,491,8255,819,5416,12027,6573,ITF,ITF6,18,Calabria,Calabria,1947131,52009,2.67,0.96
2573,2021-04-04,CAL,1733,876,857,34,23,21,64,249,266,505,516,2,53,1233,500,ITF,ITF6,18,Calabria,Calabria,1947131,53742,2.76,0.09
2574,2021-02-25,CAL,2782,1497,1285,736,226,210,4,41,15,970,36,414,130,2204,578,ITF,ITF6,18,Calabria,Calabria,1947131,56524,2.9,0.14
2575,2021-02-11,CAL,2332,1042,1290,1455,372,241,0,25,18,156,0,0,65,1081,1251,ITF,ITF6,18,Calabria,Calabria,1947131,58856,3.02,0.12
2576,2021-03-07,CAL,3131,1561,1570,105,33,348,2,10,31,1741,474,363,24,3042,89,ITF,ITF6,18,Calabria,Calabria,1947131,61987,3.18,0.16
2577,2021-03-16,CAL,3763,1845,1918,459,202,22,30,49,78,2129,593,67,134,2176,1587,ITF,ITF6,18,Calabria,Calabria,1947131,65750,3.38,0.19
2578,2021-05-15,CAL,26625,12732,13893,266,429,89,181,2581,2478,898,11986,192,7525,19868,6757,ITF,ITF6,18,Calabria,Calabria,1947131,92375,4.74,1.37
2579,2021-05-13,CAL,16330,7797,8533,214,287,151,173,1595,1472,704,7279,152,4303,11476,4854,ITF,ITF6,18,Calabria,Calabria,1947131,108705,5.58,0.84
2580,2021-03-19,CAL,4181,1943,2238,486,121,294,102,64,114,2007,884,12,97,1900,2281,ITF,ITF6,18,Calabria,Calabria,1947131,112886,5.8,0.21
2581,2021-03-08,CAL,5460,2868,2592,708,260,477,3,50,63,1654,1142,840,263,4362,1098,ITF,ITF6,18,Calabria,Calabria,1947131,118346,6.08,0.28
2582,2021-05-18,CAL,15544,7775,7769,201,419,36,143,1302,1071,366,5844,714,5448,12078,3466,ITF,ITF6,18,Calabria,Calabria,1947131,133890,6.88,0.8
2583,2021-01-29,CAL,2061,988,1073,1767,231,47,0,3,3,1,0,0,9,230,1831,ITF,ITF6,18,Calabria,Calabria,1947131,135951,6.98,0.11
2584,2021-01-27,CAL,1456,733,723,1225,201,23,0,4,0,0,0,0,3,396,1060,ITF,ITF6,18,Calabria,Calabria,1947131,137407,7.06,0.07
2585,2021-03-20,CAL,6452,2974,3478,432,99,406,455,72,122,3574,1009,74,209,4066,2386,ITF,ITF6,18,Calabria,Calabria,1947131,143859,7.39,0.33
2586,2021-01-22,CAL,658,274,384,298,146,112,0,37,29,4,0,0,32,656,2,ITF,ITF6,18,Calabria,Calabria,1947131,144517,7.42,0.03
2587,2021-05-16,CAL,13763,6717,7046,191,287,20,136,1359,1078,469,5553,129,4541,9958,3805,ITF,ITF6,18,Calabria,Calabria,1947131,158280,8.13,0.71
2588,2020-12-27,CAL,281,156,125,280,1,0,0,0,0,0,0,0,0,281,0,ITF,ITF6,18,Calabria,Calabria,1947131,158561,8.14,0.01
2589,2021-03-18,CAL,4242,1977,2265,360,209,232,45,65,114,2309,753,58,97,2274,1968,ITF,ITF6,18,Calabria,Calabria,1947131,162803,8.36,0.22
2590,2021-05-21,CAL,3736,2016,1720,43,112,4,75,521,402,103,1836,494,146,1800,1936,ITF,ITF6,18,Calabria,Calabria,1947131,166539,8.55,0.19
2591,2021-03-31,CAL,8818,4006,4812,377,283,652,2048,145,193,2692,1988,118,322,4882,3936,ITF,ITF6,18,Calabria,Calabria,1947131,175357,9.01,0.45
2592,2021-02-08,CAL,2023,800,1223,1333,462,122,0,14,1,0,0,0,91,662,1361,ITF,ITF6,18,Calabria,Calabria,1947131,177380,9.11,0.1
2593,2021-02-24,CAL,1844,940,904,659,108,114,4,16,10,754,84,47,48,1369,475,ITF,ITF6,18,Calabria,Calabria,1947131,179224,9.2,0.09
2594,2021-04-21,CAL,11476,5779,5697,260,200,196,236,1607,2284,1123,5161,188,221,8570,2906,ITF,ITF6,18,Calabria,Calabria,1947131,190700,9.79,0.59
2595,2021-05-17,CAL,15077,7534,7543,302,286,134,150,1617,1372,382,6004,747,4083,10356,4721,ITF,ITF6,18,Calabria,Calabria,1947131,205777,10.57,0.77
2596,2021-01-09,CAL,1918,1037,881,1530,316,0,0,26,2,1,0,0,43,1918,0,ITF,ITF6,18,Calabria,Calabria,1947131,207695,10.67,0.1
2597,2021-01-21,CAL,960,445,515,737,82,115,0,4,2,0,0,0,20,930,30,ITF,ITF6,18,Calabria,Calabria,1947131,208655,10.72,0.05
2598,2021-03-14,CAL,2542,1018,1524,322,103,312,721,15,30,811,128,30,70,2142,400,ITF,ITF6,18,Calabria,Calabria,1947131,211197,10.85,0.13
2599,2021-05-07,CAL,15879,7483,8396,353,343,286,538,2356,2112,1183,7878,137,693,9681,6198,ITF,ITF6,18,Calabria,Calabria,1947131,227076,11.66,0.82
2600,2021-04-11,CAL,4084,1863,2221,136,49,51,166,60,209,1726,1620,12,55,2144,1940,ITF,ITF6,18,Calabria,Calabria,1947131,231160,11.87,0.21
2601,2021-03-05,CAL,6136,3536,2600,694,253,709,5,46,61,2011,878,1383,96,5564,572,ITF,ITF6,18,Calabria,Calabria,1947131,237296,12.19,0.32
2602,2021-04-24,CAL,18923,9443,9480,288,229,146,113,6005,3557,1940,6100,230,315,15530,3393,ITF,ITF6,18,Calabria,Calabria,1947131,256219,13.16,0.97
2603,2021-04-18,CAL,5770,2759,3011,148,88,102,79,130,1432,1204,2528,12,47,4891,879,ITF,ITF6,18,Calabria,Calabria,1947131,261989,13.46,0.3
2604,2021-02-28,CAL,2166,983,1183,113,39,190,0,10,24,1706,28,6,50,2015,151,ITF,ITF6,18,Calabria,Calabria,1947131,264155,13.57,0.11
2605,2021-02-09,CAL,2145,904,1241,1422,394,230,0,20,5,0,0,0,74,947,1198,ITF,ITF6,18,Calabria,Calabria,1947131,266300,13.68,0.11
2606,2021-02-06,CAL,2906,1337,1569,2093,367,247,0,45,9,10,0,0,135,442,2464,ITF,ITF6,18,Calabria,Calabria,1947131,269206,13.83,0.15
2607,2021-04-25,CAL,15815,8027,7788,149,314,121,122,5767,2979,743,4586,273,761,14697,1118,ITF,ITF6,18,Calabria,Calabria,1947131,285021,14.64,0.81
2608,2021-02-05,CAL,3798,1709,2089,2330,744,554,0,41,8,3,0,0,118,489,3309,ITF,ITF6,18,Calabria,Calabria,1947131,288819,14.83,0.2
2609,2021-03-03,CAL,4861,2650,2211,631,351,913,4,38,43,1406,462,932,81,3800,1061,ITF,ITF6,18,Calabria,Calabria,1947131,293680,15.08,0.25
2610,2021-04-06,CAL,7668,3426,4242,378,164,453,817,106,251,2756,2491,52,200,4388,3280,ITF,ITF6,18,Calabria,Calabria,1947131,301348,15.48,0.39
2611,2021-04-17,CAL,10647,4994,5653,211,138,218,118,303,2654,2178,4531,98,198,8933,1714,ITF,ITF6,18,Calabria,Calabria,1947131,311995,16.02,0.55
2612,2021-04-26,CAL,10256,5158,5098,223,143,409,112,1386,1659,939,4856,402,127,7882,2374,ITF,ITF6,18,Calabria,Calabria,1947131,322251,16.55,0.53
2613,2021-02-04,CAL,3391,1623,1768,2560,505,222,0,23,6,7,0,0,68,644,2747,ITF,ITF6,18,Calabria,Calabria,1947131,325642,16.72,0.17
2614,2021-01-17,CAL,867,418,449,527,121,48,0,17,4,33,0,0,117,801,66,ITF,ITF6,18,Calabria,Calabria,1947131,326509,16.77,0.04
2615,2021-02-27,CAL,3668,1905,1763,421,193,396,2,24,40,2068,96,344,84,3290,378,ITF,ITF6,18,Calabria,Calabria,1947131,330177,16.96,0.19
2616,2021-05-05,CAL,15300,7347,7953,433,177,204,234,1957,1869,1262,8135,118,911,9591,5709,ITF,ITF6,18,Calabria,Calabria,1947131,345477,17.74,0.79
2617,2021-04-16,CAL,10123,4951,5172,332,213,287,233,253,2329,1094,5020,133,229,8527,1596,ITF,ITF6,18,Calabria,Calabria,1947131,355600,18.26,0.52
2618,2021-03-28,CAL,2531,1171,1360,127,109,31,412,74,66,785,737,15,175,1401,1130,ITF,ITF6,18,Calabria,Calabria,1947131,358131,18.39,0.13
2619,2021-05-19,CAL,18436,9140,9296,172,332,152,155,1699,1646,472,7703,752,5353,11419,7017,ITF,ITF6,18,Calabria,Calabria,1947131,376567,19.34,0.95
2620,2021-04-28,CAL,12455,6020,6435,174,152,237,167,2323,2215,609,6251,91,236,9662,2793,ITF,ITF6,18,Calabria,Calabria,1947131,389022,19.98,0.64
2621,2021-03-04,CAL,5378,3103,2275,645,251,742,2,62,46,1636,631,1231,132,4584,794,ITF,ITF6,18,Calabria,Calabria,1947131,394400,20.26,0.28
2622,2021-01-31,CAL,1107,555,552,764,282,58,0,1,0,0,0,0,2,154,953,ITF,ITF6,18,Calabria,Calabria,1947131,395507,20.31,0.06
2623,2021-02-18,CAL,1798,802,996,587,369,298,61,7,6,385,11,0,74,1573,225,ITF,ITF6,18,Calabria,Calabria,1947131,397305,20.4,0.09
2624,2021-04-15,CAL,7385,3625,3760,159,153,160,199,144,1660,1064,3696,34,116,5784,1601,ITF,ITF6,18,Calabria,Calabria,1947131,404690,20.78,0.38
2625,2021-02-19,CAL,1462,652,810,544,208,195,0,9,9,423,57,1,16,1201,261,ITF,ITF6,18,Calabria,Calabria,1947131,406152,20.86,0.08
2626,2021-04-12,CAL,6690,3265,3425,219,136,274,104,105,854,1438,3430,37,93,5092,1598,ITF,ITF6,18,Calabria,Calabria,1947131,412842,21.2,0.34
2627,2021-02-13,CAL,1329,583,746,731,144,111,0,31,9,166,0,0,137,966,363,ITF,ITF6,18,Calabria,Calabria,1947131,414171,21.27,0.07
2628,2021-01-25,CAL,1065,512,553,1022,35,0,0,0,1,0,0,0,7,148,917,ITF,ITF6,18,Calabria,Calabria,1947131,415236,21.33,0.05
2629,2021-03-10,CAL,6415,3260,3155,741,516,584,62,79,53,2210,1023,796,351,5226,1189,ITF,ITF6,18,Calabria,Calabria,1947131,421651,21.65,0.33
2630,2021-02-12,CAL,1708,667,1041,813,300,136,0,64,32,209,0,0,154,943,765,ITF,ITF6,18,Calabria,Calabria,1947131,423359,21.74,0.09
2631,2021-05-08,CAL,18135,8266,9869,286,326,74,295,1944,2518,2700,8879,227,886,10448,7687,ITF,ITF6,18,Calabria,Calabria,1947131,441494,22.67,0.93
2632,2021-01-11,CAL,2155,1041,1114,1760,301,3,0,17,4,39,0,0,31,2155,0,ITF,ITF6,18,Calabria,Calabria,1947131,443649,22.78,0.11
2633,2021-03-02,CAL,4126,2385,1741,705,202,429,2,25,24,1451,221,995,72,3417,709,ITF,ITF6,18,Calabria,Calabria,1947131,447775,23.0,0.21
2634,2021-01-04,CAL,1051,517,534,1022,29,0,0,0,0,0,0,0,0,1051,0,ITF,ITF6,18,Calabria,Calabria,1947131,448826,23.05,0.05
2635,2021-03-15,CAL,3492,1664,1828,541,165,139,582,56,81,1180,431,172,145,2065,1427,ITF,ITF6,18,Calabria,Calabria,1947131,452318,23.23,0.18
2636,2021-04-09,CAL,7780,3650,4130,342,141,471,306,152,505,2126,3498,31,208,4857,2923,ITF,ITF6,18,Calabria,Calabria,1947131,460098,23.63,0.4
2637,2021-02-02,CAL,2287,1114,1173,1862,340,75,0,1,1,1,0,0,7,177,2110,ITF,ITF6,18,Calabria,Calabria,1947131,462385,23.75,0.12
2638,2021-01-14,CAL,2557,1214,1343,1962,349,3,0,61,24,47,0,0,111,2557,0,ITF,ITF6,18,Calabria,Calabria,1947131,464942,23.88,0.13
2639,2021-04-05,CAL,3450,1629,1821,133,22,149,133,286,439,1179,1038,18,53,2553,897,ITF,ITF6,18,Calabria,Calabria,1947131,468392,24.06,0.18
2640,2021-03-25,CAL,6950,3282,3668,292,362,564,1100,96,124,2268,1835,80,229,4435,2515,ITF,ITF6,18,Calabria,Calabria,1947131,475342,24.41,0.36
2641,2021-02-07,CAL,858,427,431,565,121,81,0,10,0,0,0,0,81,146,712,ITF,ITF6,18,Calabria,Calabria,1947131,476200,24.46,0.04
2642,2021-04-23,CAL,12611,6263,6348,302,189,227,205,1707,2409,1200,5884,180,308,9369,3242,ITF,ITF6,18,Calabria,Calabria,1947131,488811,25.1,0.65
2643,2021-02-03,CAL,2763,1428,1335,2170,393,103,0,18,4,2,0,0,73,581,2182,ITF,ITF6,18,Calabria,Calabria,1947131,491574,25.25,0.14
2644,2021-01-13,CAL,2028,1022,1006,1800,152,34,0,14,4,4,0,0,20,2028,0,ITF,ITF6,18,Calabria,Calabria,1947131,493602,25.35,0.1
2645,2021-02-15,CAL,1136,538,598,499,120,164,1,11,20,294,4,0,23,988,148,ITF,ITF6,18,Calabria,Calabria,1947131,494738,25.41,0.06
2646,2021-01-10,CAL,929,524,405,830,99,0,0,0,0,0,0,0,0,929,0,ITF,ITF6,18,Calabria,Calabria,1947131,495667,25.46,0.05
2647,2021-01-23,CAL,400,186,214,325,25,23,0,2,0,1,0,0,24,358,42,ITF,ITF6,18,Calabria,Calabria,1947131,496067,25.48,0.02
2648,2021-02-10,CAL,2460,1075,1385,1468,338,357,0,56,25,72,0,0,144,837,1623,ITF,ITF6,18,Calabria,Calabria,1947131,498527,25.6,0.13
2649,2021-01-19,CAL,1108,488,620,852,105,76,0,11,11,14,0,0,39,1098,10,ITF,ITF6,18,Calabria,Calabria,1947131,499635,25.66,0.06
2650,2021-03-13,CAL,6660,2941,3719,424,159,355,685,93,43,3797,746,123,235,5670,990,ITF,ITF6,18,Calabria,Calabria,1947131,506295,26.0,0.34
2651,2021-04-27,CAL,9855,4854,5001,166,161,173,85,1990,1997,598,4476,74,135,7996,1859,ITF,ITF6,18,Calabria,Calabria,1947131,516150,26.51,0.51
2652,2021-03-01,CAL,2682,1527,1155,400,156,258,3,10,11,1053,70,650,71,2232,450,ITF,ITF6,18,Calabria,Calabria,1947131,518832,26.65,0.14
2653,2021-02-17,CAL,1680,672,1008,672,239,285,81,7,6,354,2,0,34,1469,211,ITF,ITF6,18,Calabria,Calabria,1947131,520512,26.73,0.09
2654,2021-01-06,CAL,928,501,427,822,92,0,0,5,0,0,0,0,9,928,0,ITF,ITF6,18,Calabria,Calabria,1947131,521440,26.78,0.05
2655,2021-04-03,CAL,8819,3787,5032,363,123,359,621,87,213,4978,1906,57,112,4201,4618,ITF,ITF6,18,Calabria,Calabria,1947131,530259,27.23,0.45
2656,2021-02-16,CAL,1532,642,890,659,189,265,0,14,23,334,1,0,47,1255,277,ITF,ITF6,18,Calabria,Calabria,1947131,531791,27.31,0.08
2657,2021-02-21,CAL,608,286,322,36,46,48,0,2,2,374,28,30,42,531,77,ITF,ITF6,18,Calabria,Calabria,1947131,532399,27.34,0.03
2658,2021-03-09,CAL,5822,3034,2788,802,267,461,18,64,72,1939,1121,933,145,4845,977,ITF,ITF6,18,Calabria,Calabria,1947131,538221,27.64,0.3
2659,2021-05-11,CAL,15605,7523,8082,251,294,149,209,1681,1849,1057,6758,284,3073,10610,4995,ITF,ITF6,18,Calabria,Calabria,1947131,553826,28.44,0.8
2660,2021-03-29,CAL,6213,2681,3532,206,320,134,1616,146,166,1381,1923,73,248,4215,1998,ITF,ITF6,18,Calabria,Calabria,1947131,560039,28.76,0.32
2661,2021-04-29,CAL,11588,5630,5958,287,216,204,170,2067,1927,937,5558,49,173,8284,3304,ITF,ITF6,18,Calabria,Calabria,1947131,571627,29.36,0.6
2662,2021-03-12,CAL,5297,2527,2770,475,396,223,784,61,39,2260,495,404,160,4253,1044,ITF,ITF6,18,Calabria,Calabria,1947131,576924,29.63,0.27
2663,2021-02-20,CAL,1357,735,622,438,185,55,2,13,5,489,54,19,97,1042,315,ITF,ITF6,18,Calabria,Calabria,1947131,578281,29.7,0.07
2664,2021-02-01,CAL,2494,1191,1303,2043,357,43,0,14,2,1,0,0,34,243,2251,ITF,ITF6,18,Calabria,Calabria,1947131,580775,29.83,0.13
2665,2021-04-30,CAL,17308,8578,8730,324,306,332,286,2604,2506,1024,9556,105,265,12661,4647,ITF,ITF6,18,Calabria,Calabria,1947131,598083,30.72,0.89
2666,2021-05-04,CAL,16275,7478,8797,302,244,184,531,3027,2105,1454,7990,91,347,11652,4623,ITF,ITF6,18,Calabria,Calabria,1947131,614358,31.55,0.84
2667,2021-01-07,CAL,2183,1063,1120,1885,212,0,0,20,4,0,0,0,62,2183,0,ITF,ITF6,18,Calabria,Calabria,1947131,616541,31.66,0.11
2668,2021-03-21,CAL,4355,1882,2473,135,38,199,741,76,92,2128,694,83,169,2655,1700,ITF,ITF6,18,Calabria,Calabria,1947131,620896,31.89,0.22
2669,2021-05-10,CAL,13117,6083,7034,311,284,179,298,1794,1938,651,6290,169,1203,7727,5390,ITF,ITF6,18,Calabria,Calabria,1947131,634013,32.56,0.67
2670,2021-02-23,CAL,1546,727,819,437,177,204,1,13,10,582,63,2,57,1431,115,ITF,ITF6,18,Calabria,Calabria,1947131,635559,32.64,0.08
2671,2021-03-06,CAL,8301,4226,4075,703,230,856,6,56,113,4190,1205,837,105,7545,756,ITF,ITF6,18,Calabria,Calabria,1947131,643860,33.07,0.43
2672,2021-01-28,CAL,2309,1146,1163,1978,303,0,0,2,1,0,0,0,25,82,2227,ITF,ITF6,18,Calabria,Calabria,1947131,646169,33.19,0.12
2673,2021-04-07,CAL,6358,2874,3484,193,71,400,539,135,217,2167,2464,33,139,3649,2709,ITF,ITF6,18,Calabria,Calabria,1947131,652527,33.51,0.33
2674,2021-02-26,CAL,3061,1631,1430,540,191,389,4,21,18,1362,85,370,81,2609,452,ITF,ITF6,18,Calabria,Calabria,1947131,655588,33.67,0.16
2675,2021-01-18,CAL,1373,604,769,1123,139,11,0,25,3,6,0,0,66,1159,214,ITF,ITF6,18,Calabria,Calabria,1947131,656961,33.74,0.07
2676,2021-03-17,CAL,3792,1685,2107,277,150,167,94,59,110,2243,609,31,52,2096,1696,ITF,ITF6,18,Calabria,Calabria,1947131,660753,33.93,0.19
2677,2021-05-12,CAL,16267,7863,8404,287,271,152,312,1554,1756,659,7824,177,3275,10934,5333,ITF,ITF6,18,Calabria,Calabria,1947131,677020,34.77,0.84
2678,2021-02-14,CAL,369,144,225,146,31,83,0,2,2,93,0,0,12,339,30,ITF,ITF6,18,Calabria,Calabria,1947131,677389,34.79,0.02
2679,2021-01-26,CAL,1802,858,944,1550,167,70,0,1,0,0,0,0,14,278,1524,ITF,ITF6,18,Calabria,Calabria,1947131,679191,34.88,0.09
2680,2021-04-13,CAL,6481,3194,3287,242,92,40,106,103,1274,1271,3081,153,119,5229,1252,ITF,ITF6,18,Calabria,Calabria,1947131,685672,35.21,0.33
2681,2021-03-27,CAL,9784,4455,5329,311,387,163,1465,148,194,4424,2160,67,465,4876,4908,ITF,ITF6,18,Calabria,Calabria,1947131,695456,35.72,0.5
2682,2021-04-22,CAL,9350,4663,4687,235,170,274,96,1449,1802,964,4106,41,213,6666,2684,ITF,ITF6,18,Calabria,Calabria,1947131,704806,36.2,0.48
2683,2021-01-03,CAL,6,3,3,4,2,0,0,0,0,0,0,0,0,6,0,ITF,ITF6,18,Calabria,Calabria,1947131,704812,36.2,0.0
2684,2021-01-08,CAL,2132,1020,1112,1918,203,0,0,3,0,0,0,0,8,2132,0,ITF,ITF6,18,Calabria,Calabria,1947131,706944,36.31,0.11
2685,2021-01-24,CAL,44,18,26,15,3,26,0,0,0,0,0,0,0,39,5,ITF,ITF6,18,Calabria,Calabria,1947131,706988,36.31,0.0
2686,2021-03-26,CAL,7645,3625,4020,511,371,218,1039,150,232,2562,2057,135,370,4527,3118,ITF,ITF6,18,Calabria,Calabria,1947131,714633,36.7,0.39
2687,2021-05-14,CAL,19837,9542,10295,303,318,130,372,1664,1806,683,9467,693,4401,13036,6801,ITF,ITF6,18,Calabria,Calabria,1947131,734470,37.72,1.02
2688,2021-01-16,CAL,2394,1120,1274,1664,264,241,0,49,12,9,0,0,155,2394,0,ITF,ITF6,18,Calabria,Calabria,1947131,736864,37.84,0.12
2689,2021-01-02,CAL,165,94,71,165,0,0,0,0,0,0,0,0,0,165,0,ITF,ITF6,18,Calabria,Calabria,1947131,737029,37.85,0.01
2690,2020-12-28,CAL,6,2,4,6,0,0,0,0,0,0,0,0,0,6,0,ITF,ITF6,18,Calabria,Calabria,1947131,737035,37.85,0.0
2691,2021-04-01,CAL,8322,3761,4561,455,247,680,1115,122,218,3043,1987,113,342,3838,4484,ITF,ITF6,18,Calabria,Calabria,1947131,745357,38.28,0.43
2692,2021-03-24,CAL,7429,3391,4038,386,289,698,1495,165,147,2605,1293,105,246,4254,3175,ITF,ITF6,18,Calabria,Calabria,1947131,752786,38.66,0.38
2693,2021-05-01,CAL,16452,7845,8607,174,277,48,326,2336,3045,2071,7749,108,318,12399,4053,ITF,ITF6,18,Calabria,Calabria,1947131,769238,39.51,0.84
2694,2021-03-23,CAL,5306,2500,2806,282,148,55,1083,99,75,2128,1089,102,245,3407,1899,ITF,ITF6,18,Calabria,Calabria,1947131,774544,39.78,0.27
2695,2021-01-05,CAL,1456,680,776,1320,123,0,0,2,0,0,0,0,11,1456,0,ITF,ITF6,18,Calabria,Calabria,1947131,776000,39.85,0.07
2696,2021-03-30,CAL,5784,2488,3296,166,103,213,1119,154,196,1989,1470,89,285,3194,2590,ITF,ITF6,18,Calabria,Calabria,1947131,781784,40.15,0.3
2697,2021-05-03,CAL,14644,6708,7936,317,217,334,545,2711,2113,769,7069,114,455,10522,4122,ITF,ITF6,18,Calabria,Calabria,1947131,796428,40.9,0.75
2698,2021-03-11,CAL,6876,3276,3600,934,474,572,600,120,88,2554,873,412,249,5620,1256,ITF,ITF6,18,Calabria,Calabria,1947131,803304,41.26,0.35
2699,2021-04-08,CAL,9309,4381,4928,451,178,535,304,207,563,3373,3429,44,225,5675,3634,ITF,ITF6,18,Calabria,Calabria,1947131,812613,41.73,0.48
2700,2021-04-10,CAL,11149,5023,6126,424,161,460,303,142,703,5581,3144,49,182,6339,4810,ITF,ITF6,18,Calabria,Calabria,1947131,823762,42.31,0.57
2701,2021-03-22,CAL,4702,2201,2501,195,125,148,1113,49,50,2001,804,77,140,3036,1666,ITF,ITF6,18,Calabria,Calabria,1947131,828464,42.55,0.24
2702,2021-04-20,CAL,7917,3980,3937,294,301,137,163,434,1722,1104,3349,115,298,6194,1723,ITF,ITF6,18,Calabria,Calabria,1947131,836381,42.95,0.41
2703,2021-01-15,CAL,2795,1258,1537,1692,349,412,0,54,19,44,0,0,225,2795,0,ITF,ITF6,18,Calabria,Calabria,1947131,839176,43.1,0.14
2704,2021-05-09,CAL,9611,4488,5123,145,316,77,185,1180,1360,598,5175,47,528,6133,3478,ITF,ITF6,18,Calabria,Calabria,1947131,848787,43.59,0.49
2705,2021-01-20,CAL,1397,624,773,866,127,179,0,41,14,25,0,0,145,1396,1,ITF,ITF6,18,Calabria,Calabria,1947131,850184,43.66,0.07
2706,2021-02-22,CAL,1996,1012,984,727,231,166,5,32,7,678,33,3,114,1441,555,ITF,ITF6,18,Calabria,Calabria,1947131,852180,43.77,0.1
2707,2021-04-19,CAL,7653,3687,3966,292,131,61,156,243,1971,1135,3478,92,94,6073,1580,ITF,ITF6,18,Calabria,Calabria,1947131,859833,44.16,0.39
2708,2021-05-02,CAL,12414,5795,6619,146,176,26,261,2527,1901,829,6205,68,275,10641,1773,ITF,ITF6,18,Calabria,Calabria,1947131,872247,44.8,0.64
2709,2021-01-29,VDA,318,138,180,260,32,16,0,6,3,0,0,0,1,2,316,ITC,ITC2,2,Valle d'Aosta / Vallée d'Aoste,Valle d'Aosta,125666,318,0.25,0.25
2710,2021-04-09,VDA,237,111,126,0,1,7,0,155,32,30,8,0,4,204,33,ITC,ITC2,2,Valle d'Aosta / Vallée d'Aoste,Valle d'Aosta,125666,555,0.44,0.19
2711,2021-05-14,VDA,959,442,517,101,34,1,72,339,55,25,141,58,133,291,668,ITC,ITC2,2,Valle d'Aosta / Vallée d'Aoste,Valle d'Aosta,125666,1514,1.2,0.76
2712,2021-05-13,VDA,1139,556,583,28,8,11,2,341,281,134,260,8,66,540,599,ITC,ITC2,2,Valle d'Aosta / Vallée d'Aoste,Valle d'Aosta,125666,2653,2.11,0.91
2713,2021-03-20,VDA,208,86,122,5,5,15,2,87,46,14,1,27,6,172,36,ITC,ITC2,2,Valle d'Aosta / Vallée d'Aoste,Valle d'Aosta,125666,2861,2.28,0.17
2714,2021-05-16,VDA,686,339,347,15,9,0,6,138,78,16,162,0,262,347,339,ITC,ITC2,2,Valle d'Aosta / Vallée d'Aoste,Valle d'Aosta,125666,3547,2.82,0.55
2715,2021-02-24,VDA,183,82,101,30,9,13,7,0,4,66,0,54,0,164,19,ITC,ITC2,2,Valle d'Aosta / Vallée d'Aoste,Valle d'Aosta,125666,3730,2.97,0.15
2716,2021-01-09,VDA,443,199,244,225,183,22,0,7,6,0,0,0,0,443,0,ITC,ITC2,2,Valle d'Aosta / Vallée d'Aoste,Valle d'Aosta,125666,4173,3.32,0.35
2717,2021-02-07,VDA,292,120,172,110,63,0,3,1,1,105,7,2,0,190,102,ITC,ITC2,2,Valle d'Aosta / Vallée d'Aoste,Valle d'Aosta,125666,4465,3.55,0.23
2718,2021-05-11,VDA,645,325,320,5,0,0,2,153,230,112,109,6,28,494,151,ITC,ITC2,2,Valle d'Aosta / Vallée d'Aoste,Valle d'Aosta,125666,5110,4.07,0.51
2719,2021-03-29,VDA,493,233,260,7,5,18,2,50,172,209,23,1,6,453,40,ITC,ITC2,2,Valle d'Aosta / Vallée d'Aoste,Valle d'Aosta,125666,5603,4.46,0.39
2720,2021-02-16,VDA,325,53,272,10,0,14,236,10,8,32,0,4,11,320,5,ITC,ITC2,2,Valle d'Aosta / Vallée d'Aoste,Valle d'Aosta,125666,5928,4.72,0.26
2721,2021-01-21,VDA,33,12,21,0,0,33,0,0,0,0,0,0,0,33,0,ITC,ITC2,2,Valle d'Aosta / Vallée d'Aoste,Valle d'Aosta,125666,5961,4.74,0.03
2722,2021-02-21,VDA,18,3,15,0,0,18,0,0,0,0,0,0,0,0,18,ITC,ITC2,2,Valle d'Aosta / Vallée d'Aoste,Valle d'Aosta,125666,5979,4.76,0.01
2723,2021-03-25,VDA,389,154,235,13,0,1,1,8,57,287,14,0,8,379,10,ITC,ITC2,2,Valle d'Aosta / Vallée d'Aoste,Valle d'Aosta,125666,6368,5.07,0.31
2724,2021-03-15,VDA,362,123,239,21,4,10,65,8,16,217,14,7,0,159,203,ITC,ITC2,2,Valle d'Aosta / Vallée d'Aoste,Valle d'Aosta,125666,6730,5.36,0.29
2725,2021-01-13,VDA,337,110,227,166,138,28,0,3,2,0,0,0,0,337,0,ITC,ITC2,2,Valle d'Aosta / Vallée d'Aoste,Valle d'Aosta,125666,7067,5.62,0.27
2726,2021-04-29,VDA,1291,634,657,9,3,39,0,241,506,243,223,6,21,757,534,ITC,ITC2,2,Valle d'Aosta / Vallée d'Aoste,Valle d'Aosta,125666,8358,6.65,1.03
2727,2021-01-30,VDA,439,202,237,233,182,12,0,7,4,0,0,0,1,14,425,ITC,ITC2,2,Valle d'Aosta / Vallée d'Aoste,Valle d'Aosta,125666,8797,7.0,0.35
2728,2021-05-06,VDA,1063,509,554,11,4,4,5,279,344,179,209,5,23,679,384,ITC,ITC2,2,Valle d'Aosta / Vallée d'Aoste,Valle d'Aosta,125666,9860,7.85,0.85
2729,2021-01-14,VDA,237,69,168,151,62,0,0,16,6,2,0,0,0,237,0,ITC,ITC2,2,Valle d'Aosta / Vallée d'Aoste,Valle d'Aosta,125666,10097,8.03,0.19
2730,2021-04-19,VDA,751,325,426,12,5,2,1,99,132,311,175,1,13,542,209,ITC,ITC2,2,Valle d'Aosta / Vallée d'Aoste,Valle d'Aosta,125666,10848,8.63,0.6
2731,2021-02-22,VDA,316,94,222,62,10,39,67,0,15,111,0,6,6,213,103,ITC,ITC2,2,Valle d'Aosta / Vallée d'Aoste,Valle d'Aosta,125666,11164,8.88,0.25
2732,2021-04-10,VDA,404,190,214,2,3,1,0,108,223,22,32,0,13,399,5,ITC,ITC2,2,Valle d'Aosta / Vallée d'Aoste,Valle d'Aosta,125666,11568,9.21,0.32
2733,2021-03-04,VDA,291,139,152,56,19,2,2,3,10,160,2,14,23,42,249,ITC,ITC2,2,Valle d'Aosta / Vallée d'Aoste,Valle d'Aosta,125666,11859,9.44,0.23
2734,2021-02-05,VDA,294,102,192,159,52,0,0,14,16,53,0,0,0,101,193,ITC,ITC2,2,Valle d'Aosta / Vallée d'Aoste,Valle d'Aosta,125666,12153,9.67,0.23
2735,2021-04-16,VDA,599,261,338,63,10,2,0,235,81,26,172,0,10,597,2,ITC,ITC2,2,Valle d'Aosta / Vallée d'Aoste,Valle d'Aosta,125666,12752,10.15,0.48
2736,2021-05-12,VDA,1137,549,588,11,7,2,3,108,438,249,255,19,45,467,670,ITC,ITC2,2,Valle d'Aosta / Vallée d'Aoste,Valle d'Aosta,125666,13889,11.05,0.9
2737,2021-03-13,VDA,145,86,59,3,11,0,3,82,0,0,0,24,22,145,0,ITC,ITC2,2,Valle d'Aosta / Vallée d'Aoste,Valle d'Aosta,125666,14034,11.17,0.12
2738,2021-05-02,VDA,765,345,420,3,4,0,1,353,277,35,82,1,9,605,160,ITC,ITC2,2,Valle d'Aosta / Vallée d'Aoste,Valle d'Aosta,125666,14799,11.78,0.61
2739,2021-04-14,VDA,941,430,511,16,3,0,1,82,259,406,151,3,20,717,224,ITC,ITC2,2,Valle d'Aosta / Vallée d'Aoste,Valle d'Aosta,125666,15740,12.53,0.75
2740,2021-04-15,VDA,810,377,433,30,1,0,1,231,135,241,156,2,13,671,139,ITC,ITC2,2,Valle d'Aosta / Vallée d'Aoste,Valle d'Aosta,125666,16550,13.17,0.64
2741,2021-03-27,VDA,333,164,169,24,12,14,1,110,72,66,4,21,9,302,31,ITC,ITC2,2,Valle d'Aosta / Vallée d'Aoste,Valle d'Aosta,125666,16883,13.43,0.26
2742,2021-03-07,VDA,64,30,34,16,3,0,1,1,4,26,0,2,11,11,53,ITC,ITC2,2,Valle d'Aosta / Vallée d'Aoste,Valle d'Aosta,125666,16947,13.49,0.05
2743,2021-01-18,VDA,213,74,139,29,7,27,0,104,0,46,0,0,0,213,0,ITC,ITC2,2,Valle d'Aosta / Vallée d'Aoste,Valle d'Aosta,125666,17160,13.66,0.17
2744,2021-02-27,VDA,231,85,146,69,9,2,0,10,4,128,0,4,5,124,107,ITC,ITC2,2,Valle d'Aosta / Vallée d'Aoste,Valle d'Aosta,125666,17391,13.84,0.18
2745,2021-05-05,VDA,1036,565,471,11,1,9,3,90,403,220,268,2,29,456,580,ITC,ITC2,2,Valle d'Aosta / Vallée d'Aoste,Valle d'Aosta,125666,18427,14.66,0.82
2746,2021-01-02,VDA,6,5,1,0,0,6,0,0,0,0,0,0,0,6,0,ITC,ITC2,2,Valle d'Aosta / Vallée d'Aoste,Valle d'Aosta,125666,18433,14.67,0.0
2747,2021-03-18,VDA,136,43,93,4,0,26,0,0,2,102,1,1,0,99,37,ITC,ITC2,2,Valle d'Aosta / Vallée d'Aoste,Valle d'Aosta,125666,18569,14.78,0.11
2748,2021-01-22,VDA,56,21,35,36,0,20,0,0,0,0,0,0,0,20,36,ITC,ITC2,2,Valle d'Aosta / Vallée d'Aoste,Valle d'Aosta,125666,18625,14.82,0.04
2749,2021-05-18,VDA,967,483,484,11,10,1,2,114,231,136,293,2,167,352,615,ITC,ITC2,2,Valle d'Aosta / Vallée d'Aoste,Valle d'Aosta,125666,19592,15.59,0.77
2750,2021-02-06,VDA,289,104,185,170,36,0,0,1,2,74,5,1,0,92,197,ITC,ITC2,2,Valle d'Aosta / Vallée d'Aoste,Valle d'Aosta,125666,19881,15.82,0.23
2751,2021-03-10,VDA,438,183,255,9,0,17,0,1,19,363,20,7,2,225,213,ITC,ITC2,2,Valle d'Aosta / Vallée d'Aoste,Valle d'Aosta,125666,20319,16.17,0.35
2752,2021-03-02,VDA,339,166,173,17,9,39,5,34,1,145,0,65,24,336,3,ITC,ITC2,2,Valle d'Aosta / Vallée d'Aoste,Valle d'Aosta,125666,20658,16.44,0.27
2753,2021-01-20,VDA,23,8,15,0,0,6,0,0,0,17,0,0,0,23,0,ITC,ITC2,2,Valle d'Aosta / Vallée d'Aoste,Valle d'Aosta,125666,20681,16.46,0.02
2754,2021-03-11,VDA,197,76,121,4,0,8,2,1,10,169,1,1,1,66,131,ITC,ITC2,2,Valle d'Aosta / Vallée d'Aoste,Valle d'Aosta,125666,20878,16.61,0.16
2755,2021-02-20,VDA,251,210,41,6,17,11,9,3,2,8,0,183,12,241,10,ITC,ITC2,2,Valle d'Aosta / Vallée d'Aoste,Valle d'Aosta,125666,21129,16.81,0.2
2756,2021-04-08,VDA,584,282,302,6,0,4,2,50,146,281,82,0,13,441,143,ITC,ITC2,2,Valle d'Aosta / Vallée d'Aoste,Valle d'Aosta,125666,21713,17.28,0.46
2757,2021-01-11,VDA,325,112,213,238,50,30,0,3,3,0,0,0,1,325,0,ITC,ITC2,2,Valle d'Aosta / Vallée d'Aoste,Valle d'Aosta,125666,22038,17.54,0.26
2758,2021-04-17,VDA,638,407,231,8,8,0,2,151,199,46,207,0,17,636,2,ITC,ITC2,2,Valle d'Aosta / Vallée d'Aoste,Valle d'Aosta,125666,22676,18.04,0.51
2759,2021-04-11,VDA,479,208,271,3,4,0,3,265,142,6,47,0,9,479,0,ITC,ITC2,2,Valle d'Aosta / Vallée d'Aoste,Valle d'Aosta,125666,23155,18.43,0.38
2760,2021-05-10,VDA,780,381,399,9,1,13,3,193,249,158,138,5,11,546,234,ITC,ITC2,2,Valle d'Aosta / Vallée d'Aoste,Valle d'Aosta,125666,23935,19.05,0.62
2761,2021-03-17,VDA,433,185,248,36,4,16,7,13,23,254,9,42,29,273,160,ITC,ITC2,2,Valle d'Aosta / Vallée d'Aoste,Valle d'Aosta,125666,24368,19.39,0.34
2762,2021-02-23,VDA,216,123,93,0,1,0,16,0,0,0,0,46,153,216,0,ITC,ITC2,2,Valle d'Aosta / Vallée d'Aoste,Valle d'Aosta,125666,24584,19.56,0.17
2763,2021-04-30,VDA,831,355,476,65,9,5,2,227,233,28,212,14,36,485,346,ITC,ITC2,2,Valle d'Aosta / Vallée d'Aoste,Valle d'Aosta,125666,25415,20.22,0.66
2764,2021-02-09,VDA,251,84,167,78,16,14,53,8,3,75,2,1,1,68,183,ITC,ITC2,2,Valle d'Aosta / Vallée d'Aoste,Valle d'Aosta,125666,25666,20.42,0.2
2765,2021-02-17,VDA,327,144,183,25,1,30,0,0,16,237,0,17,1,227,100,ITC,ITC2,2,Valle d'Aosta / Vallée d'Aoste,Valle d'Aosta,125666,25993,20.68,0.26
2766,2021-03-06,VDA,22,4,18,13,0,5,0,0,0,4,0,0,0,22,0,ITC,ITC2,2,Valle d'Aosta / Vallée d'Aoste,Valle d'Aosta,125666,26015,20.7,0.02
2767,2021-02-26,VDA,207,58,149,67,9,6,1,6,6,102,1,4,5,122,85,ITC,ITC2,2,Valle d'Aosta / Vallée d'Aoste,Valle d'Aosta,125666,26222,20.87,0.16
2768,2021-04-21,VDA,868,410,458,24,16,1,5,60,152,285,259,10,56,620,248,ITC,ITC2,2,Valle d'Aosta / Vallée d'Aoste,Valle d'Aosta,125666,27090,21.56,0.69
2769,2021-01-05,VDA,150,54,96,127,11,11,0,0,1,0,0,0,0,150,0,ITC,ITC2,2,Valle d'Aosta / Vallée d'Aoste,Valle d'Aosta,125666,27240,21.68,0.12
2770,2021-04-25,VDA,848,408,440,3,7,0,1,299,334,55,127,1,21,709,139,ITC,ITC2,2,Valle d'Aosta / Vallée d'Aoste,Valle d'Aosta,125666,28088,22.35,0.67
2771,2020-12-31,VDA,18,4,14,16,2,0,0,0,0,0,0,0,0,18,0,ITC,ITC2,2,Valle d'Aosta / Vallée d'Aoste,Valle d'Aosta,125666,28106,22.37,0.01
2772,2021-04-23,VDA,921,443,478,40,7,29,0,165,277,252,139,0,12,538,383,ITC,ITC2,2,Valle d'Aosta / Vallée d'Aoste,Valle d'Aosta,125666,29027,23.1,0.73
2773,2021-01-06,VDA,65,33,32,29,8,18,0,7,3,0,0,0,0,65,0,ITC,ITC2,2,Valle d'Aosta / Vallée d'Aoste,Valle d'Aosta,125666,29092,23.15,0.05
2774,2021-01-08,VDA,299,130,169,240,35,16,0,5,3,0,0,0,0,299,0,ITC,ITC2,2,Valle d'Aosta / Vallée d'Aoste,Valle d'Aosta,125666,29391,23.39,0.24
2775,2021-03-14,VDA,392,200,192,8,21,0,52,205,1,0,0,34,71,392,0,ITC,ITC2,2,Valle d'Aosta / Vallée d'Aoste,Valle d'Aosta,125666,29783,23.7,0.31
2776,2021-03-01,VDA,181,66,115,19,8,29,0,0,3,116,2,2,2,147,34,ITC,ITC2,2,Valle d'Aosta / Vallée d'Aoste,Valle d'Aosta,125666,29964,23.84,0.14
2777,2021-04-27,VDA,977,423,554,41,13,4,1,128,278,231,227,3,51,685,292,ITC,ITC2,2,Valle d'Aosta / Vallée d'Aoste,Valle d'Aosta,125666,30941,24.62,0.78
2778,2021-04-22,VDA,1067,449,618,9,3,3,3,179,249,467,128,2,24,684,383,ITC,ITC2,2,Valle d'Aosta / Vallée d'Aoste,Valle d'Aosta,125666,32008,25.47,0.85
2779,2021-03-03,VDA,255,118,137,9,11,1,4,4,9,208,6,1,2,186,69,ITC,ITC2,2,Valle d'Aosta / Vallée d'Aoste,Valle d'Aosta,125666,32263,25.67,0.2
2780,2021-01-10,VDA,220,71,149,172,25,19,0,4,0,0,0,0,0,220,0,ITC,ITC2,2,Valle d'Aosta / Vallée d'Aoste,Valle d'Aosta,125666,32483,25.85,0.18
2781,2021-04-02,VDA,873,344,529,63,9,12,178,89,167,196,74,11,74,648,225,ITC,ITC2,2,Valle d'Aosta / Vallée d'Aoste,Valle d'Aosta,125666,33356,26.54,0.69
2782,2021-03-12,VDA,531,175,356,15,8,8,255,44,21,148,8,2,22,305,226,ITC,ITC2,2,Valle d'Aosta / Vallée d'Aoste,Valle d'Aosta,125666,33887,26.97,0.42
2783,2021-01-12,VDA,302,72,230,242,34,11,0,14,1,0,0,0,0,302,0,ITC,ITC2,2,Valle d'Aosta / Vallée d'Aoste,Valle d'Aosta,125666,34189,27.21,0.24
2784,2021-03-16,VDA,180,37,143,4,0,13,0,15,14,121,0,0,13,118,62,ITC,ITC2,2,Valle d'Aosta / Vallée d'Aoste,Valle d'Aosta,125666,34369,27.35,0.14
2785,2021-04-28,VDA,1217,632,585,24,7,30,0,81,597,236,212,1,29,713,504,ITC,ITC2,2,Valle d'Aosta / Vallée d'Aoste,Valle d'Aosta,125666,35586,28.32,0.97
2786,2021-04-04,VDA,572,253,319,1,8,0,96,271,155,22,5,4,10,571,1,ITC,ITC2,2,Valle d'Aosta / Vallée d'Aoste,Valle d'Aosta,125666,36158,28.77,0.46
2787,2021-02-11,VDA,231,107,124,53,21,0,0,2,10,128,1,13,3,222,9,ITC,ITC2,2,Valle d'Aosta / Vallée d'Aoste,Valle d'Aosta,125666,36389,28.96,0.18
2788,2021-04-20,VDA,932,430,502,25,9,8,2,115,174,279,253,1,66,738,194,ITC,ITC2,2,Valle d'Aosta / Vallée d'Aoste,Valle d'Aosta,125666,37321,29.7,0.74
2789,2021-03-26,VDA,498,204,294,4,2,0,227,54,79,100,3,3,26,491,7,ITC,ITC2,2,Valle d'Aosta / Vallée d'Aoste,Valle d'Aosta,125666,37819,30.09,0.4
2790,2021-01-15,VDA,218,82,136,116,32,28,0,18,17,6,0,0,1,218,0,ITC,ITC2,2,Valle d'Aosta / Vallée d'Aoste,Valle d'Aosta,125666,38037,30.27,0.17
2791,2021-03-24,VDA,515,230,285,11,5,0,1,16,34,420,18,3,7,258,257,ITC,ITC2,2,Valle d'Aosta / Vallée d'Aoste,Valle d'Aosta,125666,38552,30.68,0.41
2792,2021-05-01,VDA,938,562,376,15,1,0,1,230,287,56,140,185,23,454,484,ITC,ITC2,2,Valle d'Aosta / Vallée d'Aoste,Valle d'Aosta,125666,39490,31.42,0.75
2793,2021-05-04,VDA,1135,510,625,18,4,2,201,152,255,158,282,13,50,462,673,ITC,ITC2,2,Valle d'Aosta / Vallée d'Aoste,Valle d'Aosta,125666,40625,32.33,0.9
2794,2020-12-27,VDA,20,9,11,20,0,0,0,0,0,0,0,0,0,20,0,ITC,ITC2,2,Valle d'Aosta / Vallée d'Aoste,Valle d'Aosta,125666,40645,32.34,0.02
2795,2021-05-21,VDA,299,178,121,23,9,8,6,44,50,9,70,53,27,3,296,ITC,ITC2,2,Valle d'Aosta / Vallée d'Aoste,Valle d'Aosta,125666,40944,32.58,0.24
2796,2021-04-01,VDA,776,394,382,1,1,0,0,205,306,201,55,0,7,764,12,ITC,ITC2,2,Valle d'Aosta / Vallée d'Aoste,Valle d'Aosta,125666,41720,33.2,0.62
2797,2021-02-08,VDA,223,83,140,28,19,3,25,82,0,64,0,0,2,25,198,ITC,ITC2,2,Valle d'Aosta / Vallée d'Aoste,Valle d'Aosta,125666,41943,33.38,0.18
2798,2021-02-02,VDA,272,70,202,225,35,3,0,8,1,0,0,0,0,2,270,ITC,ITC2,2,Valle d'Aosta / Vallée d'Aoste,Valle d'Aosta,125666,42215,33.59,0.22
2799,2021-03-23,VDA,379,150,229,14,2,7,9,37,18,280,0,9,3,245,134,ITC,ITC2,2,Valle d'Aosta / Vallée d'Aoste,Valle d'Aosta,125666,42594,33.89,0.3
2800,2021-03-22,VDA,560,205,355,37,5,18,19,54,37,340,29,11,10,333,227,ITC,ITC2,2,Valle d'Aosta / Vallée d'Aoste,Valle d'Aosta,125666,43154,34.34,0.45
2801,2021-04-07,VDA,908,473,435,16,0,0,1,84,271,391,92,0,53,679,229,ITC,ITC2,2,Valle d'Aosta / Vallée d'Aoste,Valle d'Aosta,125666,44062,35.06,0.72
2802,2021-02-10,VDA,248,77,171,51,14,26,18,4,3,128,0,1,3,141,107,ITC,ITC2,2,Valle d'Aosta / Vallée d'Aoste,Valle d'Aosta,125666,44310,35.26,0.2
2803,2021-05-09,VDA,574,287,287,5,1,0,1,368,109,12,64,4,10,444,130,ITC,ITC2,2,Valle d'Aosta / Vallée d'Aoste,Valle d'Aosta,125666,44884,35.72,0.46
2804,2021-01-17,VDA,131,56,75,49,2,20,0,1,0,59,0,0,0,131,0,ITC,ITC2,2,Valle d'Aosta / Vallée d'Aoste,Valle d'Aosta,125666,45015,35.82,0.1
2805,2021-04-26,VDA,715,327,388,13,2,0,2,79,246,213,126,7,27,545,170,ITC,ITC2,2,Valle d'Aosta / Vallée d'Aoste,Valle d'Aosta,125666,45730,36.39,0.57
2806,2021-02-15,VDA,264,136,128,24,2,25,2,0,6,173,2,29,1,229,35,ITC,ITC2,2,Valle d'Aosta / Vallée d'Aoste,Valle d'Aosta,125666,45994,36.6,0.21
2807,2021-05-08,VDA,904,540,364,14,25,0,9,299,227,46,98,168,18,526,378,ITC,ITC2,2,Valle d'Aosta / Vallée d'Aoste,Valle d'Aosta,125666,46898,37.32,0.72
2808,2021-03-28,VDA,522,212,310,52,10,0,47,166,99,53,18,55,22,521,1,ITC,ITC2,2,Valle d'Aosta / Vallée d'Aoste,Valle d'Aosta,125666,47420,37.73,0.42
2809,2021-05-19,VDA,991,498,493,17,18,2,8,55,248,130,258,10,245,418,573,ITC,ITC2,2,Valle d'Aosta / Vallée d'Aoste,Valle d'Aosta,125666,48411,38.52,0.79
2810,2021-03-19,VDA,322,85,237,9,1,21,211,42,1,9,0,1,27,286,36,ITC,ITC2,2,Valle d'Aosta / Vallée d'Aoste,Valle d'Aosta,125666,48733,38.78,0.26
2811,2021-04-13,VDA,373,171,202,2,1,8,0,69,108,120,56,0,9,329,44,ITC,ITC2,2,Valle d'Aosta / Vallée d'Aoste,Valle d'Aosta,125666,49106,39.08,0.3
2812,2021-01-27,VDA,151,71,80,55,8,18,0,9,3,53,0,0,5,79,72,ITC,ITC2,2,Valle d'Aosta / Vallée d'Aoste,Valle d'Aosta,125666,49257,39.2,0.12
2813,2021-01-26,VDA,139,48,91,115,11,12,0,0,1,0,0,0,0,0,139,ITC,ITC2,2,Valle d'Aosta / Vallée d'Aoste,Valle d'Aosta,125666,49396,39.31,0.11
2814,2021-02-03,VDA,351,114,237,157,136,52,0,4,1,1,0,0,0,14,337,ITC,ITC2,2,Valle d'Aosta / Vallée d'Aoste,Valle d'Aosta,125666,49747,39.59,0.28
2815,2021-04-12,VDA,485,186,299,8,10,22,2,89,60,229,62,0,3,322,163,ITC,ITC2,2,Valle d'Aosta / Vallée d'Aoste,Valle d'Aosta,125666,50232,39.97,0.39
2816,2021-01-25,VDA,147,65,82,125,13,6,0,3,0,0,0,0,0,0,147,ITC,ITC2,2,Valle d'Aosta / Vallée d'Aoste,Valle d'Aosta,125666,50379,40.09,0.12
2817,2021-01-28,VDA,290,123,167,202,35,6,0,10,7,2,0,0,28,56,234,ITC,ITC2,2,Valle d'Aosta / Vallée d'Aoste,Valle d'Aosta,125666,50669,40.32,0.23
2818,2021-03-09,VDA,206,96,110,3,0,23,26,55,5,36,0,39,19,174,32,ITC,ITC2,2,Valle d'Aosta / Vallée d'Aoste,Valle d'Aosta,125666,50875,40.48,0.16
2819,2021-01-19,VDA,256,77,179,160,10,15,0,10,3,57,0,0,1,256,0,ITC,ITC2,2,Valle d'Aosta / Vallée d'Aoste,Valle d'Aosta,125666,51131,40.69,0.2
2820,2021-02-13,VDA,216,196,20,0,0,0,0,0,0,0,0,216,0,215,1,ITC,ITC2,2,Valle d'Aosta / Vallée d'Aoste,Valle d'Aosta,125666,51347,40.86,0.17
2821,2021-02-14,VDA,48,16,32,6,0,42,0,0,0,0,0,0,0,1,47,ITC,ITC2,2,Valle d'Aosta / Vallée d'Aoste,Valle d'Aosta,125666,51395,40.9,0.04
2822,2021-02-12,VDA,263,96,167,51,13,28,5,2,10,133,18,0,3,217,46,ITC,ITC2,2,Valle d'Aosta / Vallée d'Aoste,Valle d'Aosta,125666,51658,41.11,0.21
2823,2021-05-15,VDA,1064,614,450,11,19,0,8,243,184,44,231,32,292,379,685,ITC,ITC2,2,Valle d'Aosta / Vallée d'Aoste,Valle d'Aosta,125666,52722,41.95,0.85
2824,2021-05-03,VDA,839,400,439,16,5,1,24,201,331,50,191,3,17,488,351,ITC,ITC2,2,Valle d'Aosta / Vallée d'Aoste,Valle d'Aosta,125666,53561,42.62,0.67
2825,2021-03-31,VDA,555,302,253,7,1,0,0,22,309,203,6,0,7,529,26,ITC,ITC2,2,Valle d'Aosta / Vallée d'Aoste,Valle d'Aosta,125666,54116,43.06,0.44
2826,2021-01-07,VDA,275,111,164,224,38,5,0,3,2,0,0,0,3,275,0,ITC,ITC2,2,Valle d'Aosta / Vallée d'Aoste,Valle d'Aosta,125666,54391,43.28,0.22
2827,2021-05-07,VDA,564,245,319,51,3,2,1,383,21,24,39,11,29,533,31,ITC,ITC2,2,Valle d'Aosta / Vallée d'Aoste,Valle d'Aosta,125666,54955,43.73,0.45
2828,2021-03-08,VDA,482,231,251,29,1,13,1,6,25,365,7,28,7,237,245,ITC,ITC2,2,Valle d'Aosta / Vallée d'Aoste,Valle d'Aosta,125666,55437,44.11,0.38
2829,2021-02-01,VDA,404,127,277,269,56,70,0,2,2,3,0,0,2,87,317,ITC,ITC2,2,Valle d'Aosta / Vallée d'Aoste,Valle d'Aosta,125666,55841,44.44,0.32
2830,2021-03-30,VDA,402,223,179,11,2,5,5,32,180,124,28,9,6,382,20,ITC,ITC2,2,Valle d'Aosta / Vallée d'Aoste,Valle d'Aosta,125666,56243,44.76,0.32
2831,2021-04-18,VDA,522,254,268,11,6,4,4,193,82,15,183,0,24,518,4,ITC,ITC2,2,Valle d'Aosta / Vallée d'Aoste,Valle d'Aosta,125666,56765,45.17,0.42
2832,2021-03-05,VDA,275,124,151,51,10,13,5,4,10,138,18,0,26,53,222,ITC,ITC2,2,Valle d'Aosta / Vallée d'Aoste,Valle d'Aosta,125666,57040,45.39,0.22
2833,2021-04-06,VDA,741,381,360,24,4,1,0,55,192,239,160,14,52,629,112,ITC,ITC2,2,Valle d'Aosta / Vallée d'Aoste,Valle d'Aosta,125666,57781,45.98,0.59
2834,2021-01-31,VDA,291,91,200,232,33,18,0,5,0,0,0,0,3,58,233,ITC,ITC2,2,Valle d'Aosta / Vallée d'Aoste,Valle d'Aosta,125666,58072,46.21,0.23
2835,2021-01-16,VDA,236,80,156,127,32,22,0,2,2,51,0,0,0,236,0,ITC,ITC2,2,Valle d'Aosta / Vallée d'Aoste,Valle d'Aosta,125666,58308,46.4,0.19
2836,2021-04-24,VDA,722,400,322,14,7,7,1,131,174,96,238,4,50,555,167,ITC,ITC2,2,Valle d'Aosta / Vallée d'Aoste,Valle d'Aosta,125666,59030,46.97,0.57
2837,2021-05-17,VDA,808,417,391,7,10,0,12,46,179,145,228,4,177,375,433,ITC,ITC2,2,Valle d'Aosta / Vallée d'Aoste,Valle d'Aosta,125666,59838,47.62,0.64
2838,2021-02-04,VDA,294,86,208,168,76,34,0,12,3,1,0,0,0,8,286,ITC,ITC2,2,Valle d'Aosta / Vallée d'Aoste,Valle d'Aosta,125666,60132,47.85,0.23
2839,2021-02-28,VDA,260,86,174,78,36,24,4,7,10,94,0,3,4,77,183,ITC,ITC2,2,Valle d'Aosta / Vallée d'Aoste,Valle d'Aosta,125666,60392,48.06,0.21
2840,2021-03-21,VDA,355,165,190,2,5,0,30,208,57,1,0,27,25,355,0,ITC,ITC2,2,Valle d'Aosta / Vallée d'Aoste,Valle d'Aosta,125666,60747,48.34,0.28
2841,2021-05-20,VDA,807,363,444,5,9,3,3,34,194,166,183,4,206,367,440,ITC,ITC2,2,Valle d'Aosta / Vallée d'Aoste,Valle d'Aosta,125666,61554,48.98,0.64
2842,2021-02-18,VDA,349,153,196,61,9,45,8,6,17,184,0,16,3,261,88,ITC,ITC2,2,Valle d'Aosta / Vallée d'Aoste,Valle d'Aosta,125666,61903,49.26,0.28
2843,2021-02-19,VDA,292,102,190,17,1,35,65,3,16,154,0,0,1,268,24,ITC,ITC2,2,Valle d'Aosta / Vallée d'Aoste,Valle d'Aosta,125666,62195,49.49,0.23
2844,2021-04-05,VDA,461,222,239,18,4,0,35,186,118,8,84,0,8,457,4,ITC,ITC2,2,Valle d'Aosta / Vallée d'Aoste,Valle d'Aosta,125666,62656,49.86,0.37
2845,2021-01-04,VDA,142,59,83,126,14,0,0,2,0,0,0,0,0,142,0,ITC,ITC2,2,Valle d'Aosta / Vallée d'Aoste,Valle d'Aosta,125666,62798,49.97,0.11
2846,2021-02-25,VDA,201,101,100,6,4,12,2,84,1,0,0,27,65,194,7,ITC,ITC2,2,Valle d'Aosta / Vallée d'Aoste,Valle d'Aosta,125666,62999,50.13,0.16
2847,2021-04-03,VDA,676,341,335,13,11,4,1,117,333,58,72,5,62,661,15,ITC,ITC2,2,Valle d'Aosta / Vallée d'Aoste,Valle d'Aosta,125666,63675,50.67,0.54
2848,2021-04-20,SAR,10850,4937,5913,145,97,75,31,3945,2528,2009,1953,6,61,7637,3213,ITG,ITG2,20,Sardegna,Sardegna,1639591,10850,0.66,0.66
2849,2021-05-10,SAR,10015,4493,5522,119,178,25,252,971,2311,1305,4615,143,96,7434,2581,ITG,ITG2,20,Sardegna,Sardegna,1639591,20865,1.27,0.61
2850,2021-03-29,SAR,4425,1559,2866,624,490,182,1411,22,117,1022,358,98,101,3837,588,ITG,ITG2,20,Sardegna,Sardegna,1639591,25290,1.54,0.27
2851,2021-03-15,SAR,2685,1216,1469,458,591,86,1019,7,10,325,8,170,11,2312,373,ITG,ITG2,20,Sardegna,Sardegna,1639591,27975,1.71,0.16
2852,2021-01-02,SAR,60,21,39,60,0,0,0,0,0,0,0,0,0,60,0,ITG,ITG2,20,Sardegna,Sardegna,1639591,28035,1.71,0.0
2853,2021-03-09,SAR,5645,2629,3016,1085,609,287,310,12,35,2651,16,604,36,4916,729,ITG,ITG2,20,Sardegna,Sardegna,1639591,33680,2.05,0.34
2854,2021-01-07,SAR,3111,1077,2034,2720,373,0,0,1,2,0,0,11,4,3111,0,ITG,ITG2,20,Sardegna,Sardegna,1639591,36791,2.24,0.19
2855,2021-04-23,SAR,14002,6285,7717,399,192,71,129,2358,2854,3945,3728,11,315,7756,6246,ITG,ITG2,20,Sardegna,Sardegna,1639591,50793,3.1,0.85
2856,2021-02-26,SAR,2800,1108,1692,1224,878,221,7,20,16,289,5,98,42,2494,306,ITG,ITG2,20,Sardegna,Sardegna,1639591,53593,3.27,0.17
2857,2021-02-05,SAR,1897,749,1148,1214,511,164,0,0,0,1,1,3,3,433,1464,ITG,ITG2,20,Sardegna,Sardegna,1639591,55490,3.38,0.12
2858,2021-02-23,SAR,1519,1010,509,602,387,89,0,7,6,16,0,374,38,1285,234,ITG,ITG2,20,Sardegna,Sardegna,1639591,57009,3.48,0.09
2859,2020-12-28,SAR,65,25,40,65,0,0,0,0,0,0,0,0,0,65,0,ITG,ITG2,20,Sardegna,Sardegna,1639591,57074,3.48,0.0
2860,2021-01-13,SAR,573,178,395,494,79,0,0,0,0,0,0,0,0,573,0,ITG,ITG2,20,Sardegna,Sardegna,1639591,57647,3.52,0.03
2861,2021-03-21,SAR,4030,1809,2221,64,240,1,575,14,56,2890,17,107,66,2590,1440,ITG,ITG2,20,Sardegna,Sardegna,1639591,61677,3.76,0.25
2862,2021-03-11,SAR,6035,2725,3310,1011,567,418,102,52,98,2957,120,643,67,4834,1201,ITG,ITG2,20,Sardegna,Sardegna,1639591,67712,4.13,0.37
2863,2021-03-18,SAR,7253,3069,4184,1078,315,354,63,55,639,4243,431,12,63,5650,1603,ITG,ITG2,20,Sardegna,Sardegna,1639591,74965,4.57,0.44
2864,2021-05-07,SAR,14915,6833,8082,263,137,37,208,2507,2602,1732,7253,17,159,10487,4428,ITG,ITG2,20,Sardegna,Sardegna,1639591,89880,5.48,0.91
2865,2021-01-29,SAR,2952,1067,1885,2581,366,3,0,0,0,0,0,0,2,48,2904,ITG,ITG2,20,Sardegna,Sardegna,1639591,92832,5.66,0.18
2866,2021-03-03,SAR,3857,2071,1786,1070,554,620,1,5,5,704,1,859,38,2610,1247,ITG,ITG2,20,Sardegna,Sardegna,1639591,96689,5.9,0.24
2867,2021-03-01,SAR,2162,1055,1107,1137,341,141,1,8,19,104,10,391,10,1503,659,ITG,ITG2,20,Sardegna,Sardegna,1639591,98851,6.03,0.13
2868,2021-01-22,SAR,83,47,36,45,38,0,0,0,0,0,0,0,0,55,28,ITG,ITG2,20,Sardegna,Sardegna,1639591,98934,6.03,0.01
2869,2021-02-17,SAR,1407,577,830,690,338,313,0,1,0,0,1,33,31,1333,74,ITG,ITG2,20,Sardegna,Sardegna,1639591,100341,6.12,0.09
2870,2021-02-16,SAR,700,289,411,376,211,112,0,0,0,0,0,0,1,673,27,ITG,ITG2,20,Sardegna,Sardegna,1639591,101041,6.16,0.04
2871,2021-03-10,SAR,6010,2917,3093,719,497,414,335,14,85,2987,29,902,28,5160,850,ITG,ITG2,20,Sardegna,Sardegna,1639591,107051,6.53,0.37
2872,2021-03-31,SAR,10148,4047,6101,396,575,230,1380,149,701,5011,1488,33,185,7701,2447,ITG,ITG2,20,Sardegna,Sardegna,1639591,117199,7.15,0.62
2873,2021-04-17,SAR,10060,4492,5568,299,90,109,24,1698,2720,3719,1226,3,172,5463,4597,ITG,ITG2,20,Sardegna,Sardegna,1639591,127259,7.76,0.61
2874,2021-01-09,SAR,4026,1417,2609,3182,832,0,0,3,1,1,0,0,7,4026,0,ITG,ITG2,20,Sardegna,Sardegna,1639591,131285,8.01,0.25
2875,2021-03-06,SAR,2639,1079,1560,1108,886,469,36,3,10,24,2,79,22,858,1781,ITG,ITG2,20,Sardegna,Sardegna,1639591,133924,8.17,0.16
2876,2021-04-22,SAR,10430,4617,5813,220,121,76,36,2648,1577,2895,2623,7,227,5513,4917,ITG,ITG2,20,Sardegna,Sardegna,1639591,144354,8.8,0.64
2877,2021-04-27,SAR,7601,3544,4057,164,68,51,42,532,891,1608,4105,2,138,5562,2039,ITG,ITG2,20,Sardegna,Sardegna,1639591,151955,9.27,0.46
2878,2021-04-13,SAR,7603,3592,4011,216,62,45,15,489,3662,1493,1441,144,36,5778,1825,ITG,ITG2,20,Sardegna,Sardegna,1639591,159558,9.73,0.46
2879,2021-02-21,SAR,1589,710,879,67,28,59,0,0,7,1422,0,6,0,1559,30,ITG,ITG2,20,Sardegna,Sardegna,1639591,161147,9.83,0.1
2880,2021-05-17,SAR,12116,5665,6451,201,147,6,39,1163,1255,465,4648,495,3697,9283,2833,ITG,ITG2,20,Sardegna,Sardegna,1639591,173263,10.57,0.74
2881,2021-02-28,SAR,368,169,199,245,76,47,0,0,0,0,0,0,0,142,226,ITG,ITG2,20,Sardegna,Sardegna,1639591,173631,10.59,0.02
2882,2021-01-26,SAR,1336,453,883,1296,39,0,1,0,0,0,0,0,0,27,1309,ITG,ITG2,20,Sardegna,Sardegna,1639591,174967,10.67,0.08
2883,2021-02-09,SAR,2286,837,1449,1308,471,497,1,4,0,1,2,0,2,1290,996,ITG,ITG2,20,Sardegna,Sardegna,1639591,177253,10.81,0.14
2884,2021-01-31,SAR,2121,750,1371,1544,555,0,0,6,0,1,1,0,14,48,2073,ITG,ITG2,20,Sardegna,Sardegna,1639591,179374,10.94,0.13
2885,2021-01-16,SAR,1492,525,967,1282,207,0,1,1,1,0,0,0,0,1492,0,ITG,ITG2,20,Sardegna,Sardegna,1639591,180866,11.03,0.09
2886,2021-04-25,SAR,4441,2242,2199,41,4,0,3,1361,981,719,1311,1,20,3662,779,ITG,ITG2,20,Sardegna,Sardegna,1639591,185307,11.3,0.27
2887,2021-03-20,SAR,5193,2073,3120,692,307,127,855,20,91,2744,206,105,46,2916,2277,ITG,ITG2,20,Sardegna,Sardegna,1639591,190500,11.62,0.32
2888,2021-03-28,SAR,4619,1814,2805,83,42,23,681,49,131,3276,216,13,105,4540,79,ITG,ITG2,20,Sardegna,Sardegna,1639591,195119,11.9,0.28
2889,2021-02-24,SAR,2412,1293,1119,1193,521,301,0,6,2,7,0,367,15,2223,189,ITG,ITG2,20,Sardegna,Sardegna,1639591,197531,12.05,0.15
2890,2021-04-06,SAR,7445,3113,4332,657,252,226,456,102,1847,2833,597,35,440,5018,2427,ITG,ITG2,20,Sardegna,Sardegna,1639591,204976,12.5,0.45
2891,2021-05-14,SAR,14058,6362,7696,608,203,57,163,1278,976,700,7844,390,1839,10841,3217,ITG,ITG2,20,Sardegna,Sardegna,1639591,219034,13.36,0.86
2892,2021-01-17,SAR,860,277,583,747,113,0,0,0,0,0,0,0,0,859,1,ITG,ITG2,20,Sardegna,Sardegna,1639591,219894,13.41,0.05
2893,2021-05-13,SAR,11906,5524,6382,184,287,46,127,2777,1012,846,6332,104,191,8631,3275,ITG,ITG2,20,Sardegna,Sardegna,1639591,231800,14.14,0.73
2894,2021-03-19,SAR,7265,3047,4218,1315,773,222,10,141,581,3510,325,247,141,5052,2213,ITG,ITG2,20,Sardegna,Sardegna,1639591,239065,14.58,0.44
2895,2021-04-26,SAR,6816,3262,3554,57,84,24,7,2323,1341,823,2117,4,36,5941,875,ITG,ITG2,20,Sardegna,Sardegna,1639591,245881,15.0,0.42
2896,2021-05-19,SAR,15340,7720,7620,218,129,9,158,2318,721,500,3251,931,7105,11735,3605,ITG,ITG2,20,Sardegna,Sardegna,1639591,261221,15.93,0.94
2897,2021-04-01,SAR,10101,4026,6075,462,377,210,1257,169,896,4691,1536,203,300,7088,3013,ITG,ITG2,20,Sardegna,Sardegna,1639591,271322,16.55,0.62
2898,2021-03-05,SAR,5034,2444,2590,1694,1153,669,10,29,14,647,15,747,56,2681,2353,ITG,ITG2,20,Sardegna,Sardegna,1639591,276356,16.86,0.31
2899,2021-05-16,SAR,8001,3745,4256,253,38,2,41,1691,1065,1030,2844,257,780,5842,2159,ITG,ITG2,20,Sardegna,Sardegna,1639591,284357,17.34,0.49
2900,2021-04-12,SAR,6990,3179,3811,89,83,44,11,599,2826,2208,1004,30,96,5276,1714,ITG,ITG2,20,Sardegna,Sardegna,1639591,291347,17.77,0.43
2901,2021-04-30,SAR,10738,5115,5623,383,165,18,207,788,977,1459,6239,334,168,6679,4059,ITG,ITG2,20,Sardegna,Sardegna,1639591,302085,18.42,0.65
2902,2021-05-20,SAR,15863,7610,8253,277,143,47,64,2216,877,1039,4904,272,6024,10786,5077,ITG,ITG2,20,Sardegna,Sardegna,1639591,317948,19.39,0.97
2903,2021-03-08,SAR,4347,2068,2279,760,1062,650,153,8,8,872,46,770,18,3127,1220,ITG,ITG2,20,Sardegna,Sardegna,1639591,322295,19.66,0.27
2904,2021-05-02,SAR,5857,2655,3202,82,58,1,54,693,967,507,3326,13,156,5275,582,ITG,ITG2,20,Sardegna,Sardegna,1639591,328152,20.01,0.36
2905,2021-01-11,SAR,1183,505,678,656,525,0,0,0,0,1,0,0,1,1183,0,ITG,ITG2,20,Sardegna,Sardegna,1639591,329335,20.09,0.07
2906,2021-01-25,SAR,588,212,376,553,34,0,0,0,0,0,0,0,1,22,566,ITG,ITG2,20,Sardegna,Sardegna,1639591,329923,20.12,0.04
2907,2021-04-09,SAR,12193,5403,6790,437,257,39,163,442,3512,4893,2195,37,218,7842,4351,ITG,ITG2,20,Sardegna,Sardegna,1639591,342116,20.87,0.74
2908,2021-02-12,SAR,2237,933,1304,986,720,501,0,4,0,1,4,0,21,2178,59,ITG,ITG2,20,Sardegna,Sardegna,1639591,344353,21.0,0.14
2909,2021-04-11,SAR,5393,2442,2951,62,16,1,20,26,3235,1862,150,9,12,4273,1120,ITG,ITG2,20,Sardegna,Sardegna,1639591,349746,21.33,0.33
2910,2021-01-15,SAR,1563,573,990,1170,384,0,0,0,0,0,6,3,0,1563,0,ITG,ITG2,20,Sardegna,Sardegna,1639591,351309,21.43,0.1
2911,2021-01-14,SAR,1105,426,679,885,220,0,0,0,0,0,0,0,0,1105,0,ITG,ITG2,20,Sardegna,Sardegna,1639591,352414,21.49,0.07
2912,2021-01-23,SAR,60,22,38,60,0,0,0,0,0,0,0,0,0,0,60,ITG,ITG2,20,Sardegna,Sardegna,1639591,352474,21.5,0.0
2913,2021-01-12,SAR,865,408,457,504,361,0,0,0,0,0,0,0,0,865,0,ITG,ITG2,20,Sardegna,Sardegna,1639591,353339,21.55,0.05
2914,2021-03-07,SAR,1657,750,907,321,230,78,2,5,1,1012,1,0,7,1117,540,ITG,ITG2,20,Sardegna,Sardegna,1639591,354996,21.65,0.1
2915,2021-03-02,SAR,2865,1459,1406,1067,608,381,2,8,10,324,1,461,3,1712,1153,ITG,ITG2,20,Sardegna,Sardegna,1639591,357861,21.83,0.17
2916,2021-04-07,SAR,14686,6496,8190,699,448,257,355,194,3481,6443,2552,72,185,8317,6369,ITG,ITG2,20,Sardegna,Sardegna,1639591,372547,22.72,0.9
2917,2021-02-11,SAR,1315,490,825,588,266,369,0,31,1,3,0,0,57,1204,111,ITG,ITG2,20,Sardegna,Sardegna,1639591,373862,22.8,0.08
2918,2021-04-14,SAR,8232,3893,4339,145,34,96,17,485,4922,845,1632,1,55,6995,1237,ITG,ITG2,20,Sardegna,Sardegna,1639591,382094,23.3,0.5
2919,2021-03-25,SAR,8792,3702,5090,815,312,189,1562,157,455,3871,947,343,141,7488,1304,ITG,ITG2,20,Sardegna,Sardegna,1639591,390886,23.84,0.54
2920,2021-02-15,SAR,958,349,609,440,231,279,0,2,0,0,3,0,3,927,31,ITG,ITG2,20,Sardegna,Sardegna,1639591,391844,23.9,0.06
2921,2021-05-15,SAR,16287,7551,8736,123,67,30,90,3362,1335,792,8569,347,1572,11973,4314,ITG,ITG2,20,Sardegna,Sardegna,1639591,408131,24.89,0.99
2922,2021-02-10,SAR,1959,765,1194,1169,299,488,1,0,1,0,0,0,1,1441,518,ITG,ITG2,20,Sardegna,Sardegna,1639591,410090,25.01,0.12
2923,2021-02-20,SAR,2041,855,1186,484,150,195,1,2,4,1204,0,0,1,1707,334,ITG,ITG2,20,Sardegna,Sardegna,1639591,412131,25.14,0.12
2924,2021-03-13,SAR,2752,1073,1679,274,142,240,132,13,101,1765,22,45,18,2471,281,ITG,ITG2,20,Sardegna,Sardegna,1639591,414883,25.3,0.17
2925,2021-03-27,SAR,5712,2174,3538,331,322,217,1309,31,188,2635,507,83,89,5290,422,ITG,ITG2,20,Sardegna,Sardegna,1639591,420595,25.65,0.35
2926,2021-03-23,SAR,6153,2638,3515,1109,317,283,1140,34,166,2312,617,95,80,5075,1078,ITG,ITG2,20,Sardegna,Sardegna,1639591,426748,26.03,0.38
2927,2020-12-27,SAR,65,34,31,65,0,0,0,0,0,0,0,0,0,65,0,ITG,ITG2,20,Sardegna,Sardegna,1639591,426813,26.03,0.0
2928,2021-01-27,SAR,1409,494,915,1304,103,0,0,0,0,0,0,0,2,79,1330,ITG,ITG2,20,Sardegna,Sardegna,1639591,428222,26.12,0.09
2929,2021-02-02,SAR,1482,655,827,988,475,0,0,0,0,0,0,0,19,241,1241,ITG,ITG2,20,Sardegna,Sardegna,1639591,429704,26.21,0.09
2930,2021-01-20,SAR,210,77,133,154,56,0,0,0,0,0,0,0,0,208,2,ITG,ITG2,20,Sardegna,Sardegna,1639591,429914,26.22,0.01
2931,2021-05-21,SAR,4355,2227,2128,73,29,6,9,805,437,214,2116,304,362,2094,2261,ITG,ITG2,20,Sardegna,Sardegna,1639591,434269,26.49,0.27
2932,2021-05-09,SAR,6125,2873,3252,55,44,13,55,1609,932,630,2598,6,183,5195,930,ITG,ITG2,20,Sardegna,Sardegna,1639591,440394,26.86,0.37
2933,2021-01-05,SAR,1327,446,881,1283,40,0,0,1,0,0,0,0,3,1327,0,ITG,ITG2,20,Sardegna,Sardegna,1639591,441721,26.94,0.08
2934,2021-04-03,SAR,4657,1807,2850,181,275,153,425,54,458,2783,209,23,96,2700,1957,ITG,ITG2,20,Sardegna,Sardegna,1639591,446378,27.22,0.28
2935,2021-04-18,SAR,5155,2239,2916,48,6,0,3,863,323,3472,418,11,11,2287,2868,ITG,ITG2,20,Sardegna,Sardegna,1639591,451533,27.54,0.31
2936,2021-03-14,SAR,607,376,231,34,210,0,12,2,1,252,0,87,9,607,0,ITG,ITG2,20,Sardegna,Sardegna,1639591,452140,27.58,0.04
2937,2021-04-21,SAR,13618,6250,7368,172,69,107,42,2821,2653,5012,2591,9,142,7015,6603,ITG,ITG2,20,Sardegna,Sardegna,1639591,465758,28.41,0.83
2938,2021-04-08,SAR,13425,5923,7502,715,198,77,288,393,2924,4981,3635,41,173,8307,5118,ITG,ITG2,20,Sardegna,Sardegna,1639591,479183,29.23,0.82
2939,2021-03-17,SAR,6556,2849,3707,1077,529,528,128,80,443,3343,369,5,54,4949,1607,ITG,ITG2,20,Sardegna,Sardegna,1639591,485739,29.63,0.4
2940,2021-04-24,SAR,12130,5675,6455,116,55,58,48,1982,2334,2725,4628,2,182,9240,2890,ITG,ITG2,20,Sardegna,Sardegna,1639591,497869,30.37,0.74
2941,2021-05-05,SAR,10702,4873,5829,285,272,81,14,861,3981,771,4149,49,239,8688,2014,ITG,ITG2,20,Sardegna,Sardegna,1639591,508571,31.02,0.65
2942,2021-01-28,SAR,2968,1044,1924,2554,400,0,0,1,0,0,0,11,2,69,2899,ITG,ITG2,20,Sardegna,Sardegna,1639591,511539,31.2,0.18
2943,2021-01-10,SAR,2183,750,1433,1632,548,0,0,0,0,0,0,0,3,2183,0,ITG,ITG2,20,Sardegna,Sardegna,1639591,513722,31.33,0.13
2944,2021-01-08,SAR,3258,1184,2074,2930,323,0,0,0,0,2,1,0,2,3258,0,ITG,ITG2,20,Sardegna,Sardegna,1639591,516980,31.53,0.2
2945,2021-02-18,SAR,1878,732,1146,1074,344,298,110,4,0,1,1,33,13,1814,64,ITG,ITG2,20,Sardegna,Sardegna,1639591,518858,31.65,0.11
2946,2021-02-27,SAR,1921,647,1274,1055,315,306,0,15,2,178,3,0,47,1366,555,ITG,ITG2,20,Sardegna,Sardegna,1639591,520779,31.76,0.12
2947,2021-05-11,SAR,8628,3980,4648,255,99,60,123,1209,2329,690,3630,23,210,6298,2330,ITG,ITG2,20,Sardegna,Sardegna,1639591,529407,32.29,0.53
2948,2021-04-04,SAR,1,0,1,0,0,0,0,0,0,1,0,0,0,0,1,ITG,ITG2,20,Sardegna,Sardegna,1639591,529408,32.29,0.0
2949,2021-02-04,SAR,2271,816,1455,1737,360,170,0,1,1,1,1,0,0,916,1355,ITG,ITG2,20,Sardegna,Sardegna,1639591,531679,32.43,0.14
2950,2021-02-19,SAR,1499,473,1026,677,390,388,0,4,4,1,13,1,21,1443,56,ITG,ITG2,20,Sardegna,Sardegna,1639591,533178,32.52,0.09
2951,2021-04-05,SAR,2036,784,1252,55,150,0,694,93,395,150,123,22,354,2035,1,ITG,ITG2,20,Sardegna,Sardegna,1639591,535214,32.64,0.12
2952,2020-12-29,SAR,57,32,25,56,1,0,0,0,0,0,0,0,0,57,0,ITG,ITG2,20,Sardegna,Sardegna,1639591,535271,32.65,0.0
2953,2021-05-03,SAR,8174,3813,4361,215,123,26,16,933,1254,743,4726,78,60,6577,1597,ITG,ITG2,20,Sardegna,Sardegna,1639591,543445,33.15,0.5
2954,2021-03-16,SAR,4374,1949,2425,663,224,352,8,36,163,2549,337,1,41,3452,922,ITG,ITG2,20,Sardegna,Sardegna,1639591,547819,33.41,0.27
2955,2021-04-28,SAR,8906,4189,4717,112,89,48,11,1020,1472,2273,3793,4,84,5211,3695,ITG,ITG2,20,Sardegna,Sardegna,1639591,556725,33.96,0.54
2956,2021-02-14,SAR,539,263,276,284,188,57,0,2,0,3,1,0,4,537,2,ITG,ITG2,20,Sardegna,Sardegna,1639591,557264,33.99,0.03
2957,2021-03-26,SAR,8087,3178,4909,845,567,414,1523,140,466,2761,1002,227,142,6562,1525,ITG,ITG2,20,Sardegna,Sardegna,1639591,565351,34.48,0.49
2958,2021-02-25,SAR,2899,1255,1644,1474,611,466,9,6,2,242,2,74,13,2294,605,ITG,ITG2,20,Sardegna,Sardegna,1639591,568250,34.66,0.18
2959,2021-01-06,SAR,1615,549,1066,1510,99,0,0,0,0,1,0,0,5,1615,0,ITG,ITG2,20,Sardegna,Sardegna,1639591,569865,34.76,0.1
2960,2021-03-12,SAR,6699,2796,3903,1150,843,467,267,72,92,3052,84,480,192,5342,1357,ITG,ITG2,20,Sardegna,Sardegna,1639591,576564,35.17,0.41
2961,2021-01-04,SAR,592,217,375,565,20,0,0,0,0,1,1,0,5,592,0,ITG,ITG2,20,Sardegna,Sardegna,1639591,577156,35.2,0.04
2962,2021-02-07,SAR,1116,394,722,975,141,0,0,0,0,0,0,0,0,228,888,ITG,ITG2,20,Sardegna,Sardegna,1639591,578272,35.27,0.07
2963,2021-02-01,SAR,1524,605,919,896,551,77,0,0,0,0,0,0,0,225,1299,ITG,ITG2,20,Sardegna,Sardegna,1639591,579796,35.36,0.09
2964,2020-12-31,SAR,32,16,16,28,4,0,0,0,0,0,0,0,0,32,0,ITG,ITG2,20,Sardegna,Sardegna,1639591,579828,35.36,0.0
2965,2021-01-19,SAR,747,270,477,423,163,160,1,0,0,0,0,0,0,692,55,ITG,ITG2,20,Sardegna,Sardegna,1639591,580575,35.41,0.05
2966,2021-01-18,SAR,904,326,578,714,188,0,0,0,0,0,0,1,1,780,124,ITG,ITG2,20,Sardegna,Sardegna,1639591,581479,35.46,0.06
2967,2021-01-03,SAR,90,36,54,89,1,0,0,0,0,0,0,0,0,90,0,ITG,ITG2,20,Sardegna,Sardegna,1639591,581569,35.47,0.01
2968,2021-05-04,SAR,9528,4382,5146,344,182,13,14,1556,2060,586,4659,23,91,7675,1853,ITG,ITG2,20,Sardegna,Sardegna,1639591,591097,36.05,0.58
2969,2021-02-03,SAR,1119,419,700,920,169,19,0,1,0,0,0,0,10,426,693,ITG,ITG2,20,Sardegna,Sardegna,1639591,592216,36.12,0.07
2970,2021-03-30,SAR,10602,4340,6262,661,514,237,1453,167,1852,4242,1265,66,145,8188,2414,ITG,ITG2,20,Sardegna,Sardegna,1639591,602818,36.77,0.65
2971,2021-01-30,SAR,3862,1392,2470,2987,873,0,0,0,0,1,0,0,1,362,3500,ITG,ITG2,20,Sardegna,Sardegna,1639591,606680,37.0,0.24
2972,2021-01-21,SAR,126,60,66,60,66,0,0,0,0,0,0,0,0,94,32,ITG,ITG2,20,Sardegna,Sardegna,1639591,606806,37.01,0.01
2973,2021-04-02,SAR,8987,3547,5440,533,694,177,1309,96,803,4222,920,71,162,5745,3242,ITG,ITG2,20,Sardegna,Sardegna,1639591,615793,37.56,0.55
2974,2021-01-24,SAR,90,34,56,89,1,0,0,0,0,0,0,0,0,5,85,ITG,ITG2,20,Sardegna,Sardegna,1639591,615883,37.56,0.01
2975,2021-03-22,SAR,3549,1362,2187,839,344,109,1136,15,42,784,153,105,22,3036,513,ITG,ITG2,20,Sardegna,Sardegna,1639591,619432,37.78,0.22
2976,2021-02-06,SAR,1970,697,1273,1544,284,139,1,0,1,0,0,0,1,569,1401,ITG,ITG2,20,Sardegna,Sardegna,1639591,621402,37.9,0.12
2977,2021-02-13,SAR,1456,565,891,732,433,256,5,4,3,1,1,0,21,1454,2,ITG,ITG2,20,Sardegna,Sardegna,1639591,622858,37.99,0.09
2978,2021-05-01,SAR,9722,4674,5048,117,39,10,5,509,1365,2792,4767,8,110,5377,4345,ITG,ITG2,20,Sardegna,Sardegna,1639591,632580,38.58,0.59
2979,2021-04-16,SAR,14442,6489,7953,477,159,107,27,2161,4365,4317,2691,19,119,9099,5343,ITG,ITG2,20,Sardegna,Sardegna,1639591,647022,39.46,0.88
2980,2021-03-24,SAR,7286,2998,4288,739,254,397,1059,58,400,3165,789,330,95,5927,1359,ITG,ITG2,20,Sardegna,Sardegna,1639591,654308,39.91,0.44
2981,2021-04-10,SAR,10410,4699,5711,153,110,11,218,660,4684,3601,805,11,157,8475,1935,ITG,ITG2,20,Sardegna,Sardegna,1639591,664718,40.54,0.63
2982,2021-02-08,SAR,1470,533,937,998,337,126,0,1,0,1,1,1,5,856,614,ITG,ITG2,20,Sardegna,Sardegna,1639591,666188,40.63,0.09
2983,2021-01-01,SAR,32,17,15,30,0,0,0,0,0,0,2,0,0,32,0,ITG,ITG2,20,Sardegna,Sardegna,1639591,666220,40.63,0.0
2984,2021-05-08,SAR,12669,5833,6836,105,85,8,238,2827,1909,1081,6067,12,337,10522,2147,ITG,ITG2,20,Sardegna,Sardegna,1639591,678889,41.41,0.77
2985,2021-05-06,SAR,12331,5696,6635,268,126,71,116,2827,1452,1247,6027,48,149,9322,3009,ITG,ITG2,20,Sardegna,Sardegna,1639591,691220,42.16,0.75
2986,2021-04-19,SAR,10176,4612,5564,186,75,88,43,3704,3201,1418,1424,6,31,8759,1417,ITG,ITG2,20,Sardegna,Sardegna,1639591,701396,42.78,0.62
2987,2021-02-22,SAR,1639,949,690,606,294,190,0,6,3,5,11,517,7,1411,228,ITG,ITG2,20,Sardegna,Sardegna,1639591,703035,42.88,0.1
2988,2021-03-04,SAR,4002,1953,2049,987,552,542,42,44,18,1153,1,581,82,2747,1255,ITG,ITG2,20,Sardegna,Sardegna,1639591,707037,43.12,0.24
2989,2021-05-12,SAR,11119,5088,6031,336,228,35,480,1648,1860,1205,4603,423,301,7439,3680,ITG,ITG2,20,Sardegna,Sardegna,1639591,718156,43.8,0.68
2990,2021-05-18,SAR,13016,6312,6704,149,59,19,63,1842,945,341,4506,208,4884,9103,3913,ITG,ITG2,20,Sardegna,Sardegna,1639591,731172,44.59,0.79
2991,2021-04-15,SAR,11800,5519,6281,271,93,141,20,1065,4003,3897,2147,29,134,6846,4954,ITG,ITG2,20,Sardegna,Sardegna,1639591,742972,45.31,0.72
2992,2021-04-29,SAR,10734,4953,5781,237,94,57,21,977,1246,1504,6431,5,162,6567,4167,ITG,ITG2,20,Sardegna,Sardegna,1639591,753706,45.97,0.65
