,data,area,Vaccinazioni giornaliere,sesso_maschile,sesso_femminile,prima_dose,seconda_dose,pregressa_infezione,codice_NUTS1,codice_NUTS2,codice_regione_ISTAT,nome_area,Regione,popolazione,Totale vaccinazioni,Totale vaccinazioni ogni cento ab,Vaccinazioni giornaliere ogni cento ab
0,2021-03-08,VDA,485,233,252,237,245,3,ITC,ITC2,2,Valle d'Aosta / Vallée d'Aoste,Valle d'Aosta,125666,485,0.39,0.39
1,2021-05-04,VDA,1135,510,625,434,673,28,ITC,ITC2,2,Valle d'Aosta / Vallée d'Aoste,Valle d'Aosta,125666,1620,1.29,0.9
2,2021-06-16,VDA,683,365,318,639,40,4,ITC,ITC2,2,Valle d'Aosta / Vallée d'Aoste,Valle d'Aosta,125666,2303,1.83,0.54
3,2021-03-15,VDA,362,123,239,150,203,9,ITC,ITC2,2,Valle d'Aosta / Vallée d'Aoste,Valle d'Aosta,125666,2665,2.12,0.29
4,2021-05-11,VDA,647,325,322,468,151,28,ITC,ITC2,2,Valle d'Aosta / Vallée d'Aoste,Valle d'Aosta,125666,3312,2.64,0.51
5,2021-04-27,VDA,978,423,555,650,292,36,ITC,ITC2,2,Valle d'Aosta / Vallée d'Aoste,Valle d'Aosta,125666,4290,3.41,0.78
6,2021-01-17,VDA,131,56,75,131,0,0,ITC,ITC2,2,Valle d'Aosta / Vallée d'Aoste,Valle d'Aosta,125666,4421,3.52,0.1
7,2021-06-23,VDA,1043,551,492,423,616,4,ITC,ITC2,2,Valle d'Aosta / Vallée d'Aoste,Valle d'Aosta,125666,5464,4.35,0.83
8,2021-02-03,VDA,351,114,237,14,337,0,ITC,ITC2,2,Valle d'Aosta / Vallée d'Aoste,Valle d'Aosta,125666,5815,4.63,0.28
9,2021-04-01,VDA,778,394,384,747,12,19,ITC,ITC2,2,Valle d'Aosta / Vallée d'Aoste,Valle d'Aosta,125666,6593,5.25,0.62
10,2021-07-19,VDA,877,460,417,257,620,0,ITC,ITC2,2,Valle d'Aosta / Vallée d'Aoste,Valle d'Aosta,125666,7470,5.94,0.7
11,2021-02-05,VDA,294,102,192,101,193,0,ITC,ITC2,2,Valle d'Aosta / Vallée d'Aoste,Valle d'Aosta,125666,7764,6.18,0.23
12,2021-02-22,VDA,316,94,222,210,103,3,ITC,ITC2,2,Valle d'Aosta / Vallée d'Aoste,Valle d'Aosta,125666,8080,6.43,0.25
13,2021-05-16,VDA,688,341,347,339,341,8,ITC,ITC2,2,Valle d'Aosta / Vallée d'Aoste,Valle d'Aosta,125666,8768,6.98,0.55
14,2021-01-27,VDA,152,72,80,79,73,0,ITC,ITC2,2,Valle d'Aosta / Vallée d'Aoste,Valle d'Aosta,125666,8920,7.1,0.12
15,2021-04-20,VDA,933,430,503,707,194,32,ITC,ITC2,2,Valle d'Aosta / Vallée d'Aoste,Valle d'Aosta,125666,9853,7.84,0.74
16,2021-01-10,VDA,220,71,149,208,0,12,ITC,ITC2,2,Valle d'Aosta / Vallée d'Aoste,Valle d'Aosta,125666,10073,8.02,0.18
17,2020-12-27,VDA,20,9,11,20,0,0,ITC,ITC2,2,Valle d'Aosta / Vallée d'Aoste,Valle d'Aosta,125666,10093,8.03,0.02
18,2021-07-12,VDA,978,483,495,239,731,8,ITC,ITC2,2,Valle d'Aosta / Vallée d'Aoste,Valle d'Aosta,125666,11071,8.81,0.78
19,2021-04-03,VDA,676,341,335,649,15,12,ITC,ITC2,2,Valle d'Aosta / Vallée d'Aoste,Valle d'Aosta,125666,11747,9.35,0.54
20,2021-03-20,VDA,208,86,122,167,36,5,ITC,ITC2,2,Valle d'Aosta / Vallée d'Aoste,Valle d'Aosta,125666,11955,9.51,0.17
21,2021-06-28,VDA,986,496,490,326,657,3,ITC,ITC2,2,Valle d'Aosta / Vallée d'Aoste,Valle d'Aosta,125666,12941,10.3,0.78
22,2021-06-11,VDA,1047,483,564,756,283,8,ITC,ITC2,2,Valle d'Aosta / Vallée d'Aoste,Valle d'Aosta,125666,13988,11.13,0.83
23,2021-05-23,VDA,999,465,534,653,340,6,ITC,ITC2,2,Valle d'Aosta / Vallée d'Aoste,Valle d'Aosta,125666,14987,11.93,0.79
24,2021-05-30,VDA,865,429,436,682,171,12,ITC,ITC2,2,Valle d'Aosta / Vallée d'Aoste,Valle d'Aosta,125666,15852,12.61,0.69
25,2021-05-28,VDA,975,414,561,544,412,19,ITC,ITC2,2,Valle d'Aosta / Vallée d'Aoste,Valle d'Aosta,125666,16827,13.39,0.78
26,2021-02-17,VDA,327,144,183,223,100,4,ITC,ITC2,2,Valle d'Aosta / Vallée d'Aoste,Valle d'Aosta,125666,17154,13.65,0.26
27,2021-04-15,VDA,810,377,433,638,139,33,ITC,ITC2,2,Valle d'Aosta / Vallée d'Aoste,Valle d'Aosta,125666,17964,14.3,0.64
28,2021-07-07,VDA,792,439,353,413,362,17,ITC,ITC2,2,Valle d'Aosta / Vallée d'Aoste,Valle d'Aosta,125666,18756,14.93,0.63
29,2021-05-02,VDA,765,345,420,581,160,24,ITC,ITC2,2,Valle d'Aosta / Vallée d'Aoste,Valle d'Aosta,125666,19521,15.53,0.61
30,2021-01-22,VDA,56,21,35,20,36,0,ITC,ITC2,2,Valle d'Aosta / Vallée d'Aoste,Valle d'Aosta,125666,19577,15.58,0.04
31,2021-01-08,VDA,299,130,169,299,0,0,ITC,ITC2,2,Valle d'Aosta / Vallée d'Aoste,Valle d'Aosta,125666,19876,15.82,0.24
32,2021-03-06,VDA,22,4,18,18,0,4,ITC,ITC2,2,Valle d'Aosta / Vallée d'Aoste,Valle d'Aosta,125666,19898,15.83,0.02
33,2021-02-24,VDA,183,82,101,162,19,2,ITC,ITC2,2,Valle d'Aosta / Vallée d'Aoste,Valle d'Aosta,125666,20081,15.98,0.15
34,2021-04-08,VDA,584,282,302,420,143,21,ITC,ITC2,2,Valle d'Aosta / Vallée d'Aoste,Valle d'Aosta,125666,20665,16.44,0.46
35,2021-06-13,VDA,852,400,452,371,478,3,ITC,ITC2,2,Valle d'Aosta / Vallée d'Aoste,Valle d'Aosta,125666,21517,17.12,0.68
36,2021-06-08,VDA,712,356,356,675,33,4,ITC,ITC2,2,Valle d'Aosta / Vallée d'Aoste,Valle d'Aosta,125666,22229,17.69,0.57
37,2021-06-30,VDA,1117,542,575,415,692,10,ITC,ITC2,2,Valle d'Aosta / Vallée d'Aoste,Valle d'Aosta,125666,23346,18.58,0.89
38,2021-01-31,VDA,291,91,200,58,233,0,ITC,ITC2,2,Valle d'Aosta / Vallée d'Aoste,Valle d'Aosta,125666,23637,18.81,0.23
39,2021-06-04,VDA,908,383,525,470,433,5,ITC,ITC2,2,Valle d'Aosta / Vallée d'Aoste,Valle d'Aosta,125666,24545,19.53,0.72
40,2021-07-23,VDA,649,314,335,111,538,0,ITC,ITC2,2,Valle d'Aosta / Vallée d'Aoste,Valle d'Aosta,125666,25194,20.05,0.52
41,2021-01-29,VDA,318,138,180,2,316,0,ITC,ITC2,2,Valle d'Aosta / Vallée d'Aoste,Valle d'Aosta,125666,25512,20.3,0.25
42,2021-04-22,VDA,1068,450,618,652,383,33,ITC,ITC2,2,Valle d'Aosta / Vallée d'Aoste,Valle d'Aosta,125666,26580,21.15,0.85
43,2021-05-09,VDA,574,287,287,425,130,19,ITC,ITC2,2,Valle d'Aosta / Vallée d'Aoste,Valle d'Aosta,125666,27154,21.61,0.46
44,2021-03-17,VDA,433,185,248,259,160,14,ITC,ITC2,2,Valle d'Aosta / Vallée d'Aoste,Valle d'Aosta,125666,27587,21.95,0.34
45,2021-03-03,VDA,255,118,137,182,68,5,ITC,ITC2,2,Valle d'Aosta / Vallée d'Aoste,Valle d'Aosta,125666,27842,22.16,0.2
46,2021-03-13,VDA,147,88,59,141,0,6,ITC,ITC2,2,Valle d'Aosta / Vallée d'Aoste,Valle d'Aosta,125666,27989,22.27,0.12
47,2021-01-15,VDA,218,82,136,218,0,0,ITC,ITC2,2,Valle d'Aosta / Vallée d'Aoste,Valle d'Aosta,125666,28207,22.45,0.17
48,2021-06-09,VDA,1027,535,492,984,35,8,ITC,ITC2,2,Valle d'Aosta / Vallée d'Aoste,Valle d'Aosta,125666,29234,23.26,0.82
49,2021-03-01,VDA,181,66,115,139,34,8,ITC,ITC2,2,Valle d'Aosta / Vallée d'Aoste,Valle d'Aosta,125666,29415,23.41,0.14
50,2021-02-15,VDA,264,136,128,225,35,4,ITC,ITC2,2,Valle d'Aosta / Vallée d'Aoste,Valle d'Aosta,125666,29679,23.62,0.21
51,2021-02-10,VDA,248,77,171,141,107,0,ITC,ITC2,2,Valle d'Aosta / Vallée d'Aoste,Valle d'Aosta,125666,29927,23.81,0.2
52,2021-03-25,VDA,389,154,235,364,10,15,ITC,ITC2,2,Valle d'Aosta / Vallée d'Aoste,Valle d'Aosta,125666,30316,24.12,0.31
53,2021-05-21,VDA,917,433,484,515,386,16,ITC,ITC2,2,Valle d'Aosta / Vallée d'Aoste,Valle d'Aosta,125666,31233,24.85,0.73
54,2021-04-17,VDA,638,407,231,593,2,43,ITC,ITC2,2,Valle d'Aosta / Vallée d'Aoste,Valle d'Aosta,125666,31871,25.36,0.51
55,2021-01-07,VDA,276,111,165,276,0,0,ITC,ITC2,2,Valle d'Aosta / Vallée d'Aoste,Valle d'Aosta,125666,32147,25.58,0.22
56,2021-02-19,VDA,292,102,190,266,24,2,ITC,ITC2,2,Valle d'Aosta / Vallée d'Aoste,Valle d'Aosta,125666,32439,25.81,0.23
57,2021-04-13,VDA,373,171,202,311,44,18,ITC,ITC2,2,Valle d'Aosta / Vallée d'Aoste,Valle d'Aosta,125666,32812,26.11,0.3
58,2021-07-05,VDA,834,355,479,312,508,14,ITC,ITC2,2,Valle d'Aosta / Vallée d'Aoste,Valle d'Aosta,125666,33646,26.77,0.66
59,2021-03-27,VDA,333,164,169,289,31,13,ITC,ITC2,2,Valle d'Aosta / Vallée d'Aoste,Valle d'Aosta,125666,33979,27.04,0.26
60,2021-06-18,VDA,998,443,555,589,399,10,ITC,ITC2,2,Valle d'Aosta / Vallée d'Aoste,Valle d'Aosta,125666,34977,27.83,0.79
61,2021-02-26,VDA,207,58,149,108,85,14,ITC,ITC2,2,Valle d'Aosta / Vallée d'Aoste,Valle d'Aosta,125666,35184,28.0,0.16
62,2021-04-10,VDA,404,190,214,387,5,12,ITC,ITC2,2,Valle d'Aosta / Vallée d'Aoste,Valle d'Aosta,125666,35588,28.32,0.32
63,2020-12-31,VDA,18,4,14,18,0,0,ITC,ITC2,2,Valle d'Aosta / Vallée d'Aoste,Valle d'Aosta,125666,35606,28.33,0.01
64,2021-06-06,VDA,1160,582,578,782,373,5,ITC,ITC2,2,Valle d'Aosta / Vallée d'Aoste,Valle d'Aosta,125666,36766,29.26,0.92
65,2021-06-15,VDA,876,479,397,608,255,13,ITC,ITC2,2,Valle d'Aosta / Vallée d'Aoste,Valle d'Aosta,125666,37642,29.95,0.7
66,2021-01-19,VDA,256,77,179,256,0,0,ITC,ITC2,2,Valle d'Aosta / Vallée d'Aoste,Valle d'Aosta,125666,37898,30.16,0.2
67,2021-04-12,VDA,486,186,300,306,163,17,ITC,ITC2,2,Valle d'Aosta / Vallée d'Aoste,Valle d'Aosta,125666,38384,30.54,0.39
68,2021-04-29,VDA,1291,634,657,736,534,21,ITC,ITC2,2,Valle d'Aosta / Vallée d'Aoste,Valle d'Aosta,125666,39675,31.57,1.03
69,2021-07-21,VDA,1164,635,529,315,849,0,ITC,ITC2,2,Valle d'Aosta / Vallée d'Aoste,Valle d'Aosta,125666,40839,32.5,0.93
70,2021-07-04,VDA,1191,530,661,338,838,15,ITC,ITC2,2,Valle d'Aosta / Vallée d'Aoste,Valle d'Aosta,125666,42030,33.45,0.95
71,2021-07-16,VDA,1075,552,523,346,729,0,ITC,ITC2,2,Valle d'Aosta / Vallée d'Aoste,Valle d'Aosta,125666,43105,34.3,0.86
72,2021-01-26,VDA,140,49,91,0,140,0,ITC,ITC2,2,Valle d'Aosta / Vallée d'Aoste,Valle d'Aosta,125666,43245,34.41,0.11
73,2021-02-12,VDA,263,96,167,216,46,1,ITC,ITC2,2,Valle d'Aosta / Vallée d'Aoste,Valle d'Aosta,125666,43508,34.62,0.21
74,2021-01-12,VDA,302,72,230,302,0,0,ITC,ITC2,2,Valle d'Aosta / Vallée d'Aoste,Valle d'Aosta,125666,43810,34.86,0.24
75,2021-05-25,VDA,1115,530,585,529,574,12,ITC,ITC2,2,Valle d'Aosta / Vallée d'Aoste,Valle d'Aosta,125666,44925,35.75,0.89
76,2021-02-14,VDA,48,16,32,1,47,0,ITC,ITC2,2,Valle d'Aosta / Vallée d'Aoste,Valle d'Aosta,125666,44973,35.79,0.04
77,2021-05-08,VDA,904,540,364,497,378,29,ITC,ITC2,2,Valle d'Aosta / Vallée d'Aoste,Valle d'Aosta,125666,45877,36.51,0.72
78,2021-04-05,VDA,464,223,241,439,6,19,ITC,ITC2,2,Valle d'Aosta / Vallée d'Aoste,Valle d'Aosta,125666,46341,36.88,0.37
79,2021-03-05,VDA,276,124,152,52,223,1,ITC,ITC2,2,Valle d'Aosta / Vallée d'Aoste,Valle d'Aosta,125666,46617,37.1,0.22
80,2021-02-28,VDA,260,86,174,73,183,4,ITC,ITC2,2,Valle d'Aosta / Vallée d'Aoste,Valle d'Aosta,125666,46877,37.3,0.21
81,2021-05-05,VDA,1038,566,472,434,582,22,ITC,ITC2,2,Valle d'Aosta / Vallée d'Aoste,Valle d'Aosta,125666,47915,38.13,0.83
82,2021-05-18,VDA,970,484,486,349,617,4,ITC,ITC2,2,Valle d'Aosta / Vallée d'Aoste,Valle d'Aosta,125666,48885,38.9,0.77
83,2021-02-07,VDA,292,120,172,190,102,0,ITC,ITC2,2,Valle d'Aosta / Vallée d'Aoste,Valle d'Aosta,125666,49177,39.13,0.23
84,2021-05-01,VDA,940,563,377,439,484,17,ITC,ITC2,2,Valle d'Aosta / Vallée d'Aoste,Valle d'Aosta,125666,50117,39.88,0.75
85,2021-04-14,VDA,941,430,511,689,224,28,ITC,ITC2,2,Valle d'Aosta / Vallée d'Aoste,Valle d'Aosta,125666,51058,40.63,0.75
86,2021-07-06,VDA,882,479,403,155,722,5,ITC,ITC2,2,Valle d'Aosta / Vallée d'Aoste,Valle d'Aosta,125666,51940,41.33,0.7
87,2021-01-02,VDA,6,5,1,6,0,0,ITC,ITC2,2,Valle d'Aosta / Vallée d'Aoste,Valle d'Aosta,125666,51946,41.34,0.0
88,2021-03-26,VDA,498,204,294,472,7,19,ITC,ITC2,2,Valle d'Aosta / Vallée d'Aoste,Valle d'Aosta,125666,52444,41.73,0.4
89,2021-06-17,VDA,775,422,353,614,149,12,ITC,ITC2,2,Valle d'Aosta / Vallée d'Aoste,Valle d'Aosta,125666,53219,42.35,0.62
90,2021-01-05,VDA,150,54,96,150,0,0,ITC,ITC2,2,Valle d'Aosta / Vallée d'Aoste,Valle d'Aosta,125666,53369,42.47,0.12
91,2021-01-14,VDA,237,69,168,237,0,0,ITC,ITC2,2,Valle d'Aosta / Vallée d'Aoste,Valle d'Aosta,125666,53606,42.66,0.19
92,2021-04-24,VDA,722,400,322,533,167,22,ITC,ITC2,2,Valle d'Aosta / Vallée d'Aoste,Valle d'Aosta,125666,54328,43.23,0.57
93,2021-04-19,VDA,752,325,427,520,209,23,ITC,ITC2,2,Valle d'Aosta / Vallée d'Aoste,Valle d'Aosta,125666,55080,43.83,0.6
94,2021-03-31,VDA,555,302,253,511,26,18,ITC,ITC2,2,Valle d'Aosta / Vallée d'Aoste,Valle d'Aosta,125666,55635,44.27,0.44
95,2021-05-27,VDA,1089,497,592,574,503,12,ITC,ITC2,2,Valle d'Aosta / Vallée d'Aoste,Valle d'Aosta,125666,56724,45.14,0.87
96,2021-05-13,VDA,1139,556,583,515,599,25,ITC,ITC2,2,Valle d'Aosta / Vallée d'Aoste,Valle d'Aosta,125666,57863,46.05,0.91
97,2021-02-02,VDA,273,70,203,2,271,0,ITC,ITC2,2,Valle d'Aosta / Vallée d'Aoste,Valle d'Aosta,125666,58136,46.26,0.22
98,2021-07-09,VDA,945,446,499,280,656,9,ITC,ITC2,2,Valle d'Aosta / Vallée d'Aoste,Valle d'Aosta,125666,59081,47.01,0.75
99,2021-06-25,VDA,977,445,532,323,652,2,ITC,ITC2,2,Valle d'Aosta / Vallée d'Aoste,Valle d'Aosta,125666,60058,47.79,0.78
100,2021-05-20,VDA,823,370,453,373,440,10,ITC,ITC2,2,Valle d'Aosta / Vallée d'Aoste,Valle d'Aosta,125666,60881,48.45,0.65
101,2021-07-02,VDA,866,383,483,301,560,5,ITC,ITC2,2,Valle d'Aosta / Vallée d'Aoste,Valle d'Aosta,125666,61747,49.14,0.69
102,2021-03-24,VDA,515,230,285,255,257,3,ITC,ITC2,2,Valle d'Aosta / Vallée d'Aoste,Valle d'Aosta,125666,62262,49.55,0.41
103,2021-05-06,VDA,1080,513,567,662,384,34,ITC,ITC2,2,Valle d'Aosta / Vallée d'Aoste,Valle d'Aosta,125666,63342,50.41,0.86
104,2021-06-27,VDA,1250,607,643,312,928,10,ITC,ITC2,2,Valle d'Aosta / Vallée d'Aoste,Valle d'Aosta,125666,64592,51.4,0.99
105,2021-07-14,VDA,1019,532,487,293,726,0,ITC,ITC2,2,Valle d'Aosta / Vallée d'Aoste,Valle d'Aosta,125666,65611,52.21,0.81
106,2021-01-28,VDA,291,123,168,56,235,0,ITC,ITC2,2,Valle d'Aosta / Vallée d'Aoste,Valle d'Aosta,125666,65902,52.44,0.23
107,2021-05-24,VDA,1136,516,620,673,447,16,ITC,ITC2,2,Valle d'Aosta / Vallée d'Aoste,Valle d'Aosta,125666,67038,53.35,0.9
108,2021-05-10,VDA,782,381,401,531,235,16,ITC,ITC2,2,Valle d'Aosta / Vallée d'Aoste,Valle d'Aosta,125666,67820,53.97,0.62
109,2021-04-21,VDA,868,410,458,588,248,32,ITC,ITC2,2,Valle d'Aosta / Vallée d'Aoste,Valle d'Aosta,125666,68688,54.66,0.69
110,2021-07-13,VDA,1061,567,494,307,748,6,ITC,ITC2,2,Valle d'Aosta / Vallée d'Aoste,Valle d'Aosta,125666,69749,55.5,0.84
111,2021-03-21,VDA,355,165,190,346,0,9,ITC,ITC2,2,Valle d'Aosta / Vallée d'Aoste,Valle d'Aosta,125666,70104,55.79,0.28
112,2021-05-03,VDA,839,400,439,458,351,30,ITC,ITC2,2,Valle d'Aosta / Vallée d'Aoste,Valle d'Aosta,125666,70943,56.45,0.67
113,2021-03-07,VDA,64,30,34,11,53,0,ITC,ITC2,2,Valle d'Aosta / Vallée d'Aoste,Valle d'Aosta,125666,71007,56.5,0.05
114,2021-01-30,VDA,439,202,237,12,425,2,ITC,ITC2,2,Valle d'Aosta / Vallée d'Aoste,Valle d'Aosta,125666,71446,56.85,0.35
115,2021-01-25,VDA,147,65,82,0,147,0,ITC,ITC2,2,Valle d'Aosta / Vallée d'Aoste,Valle d'Aosta,125666,71593,56.97,0.12
116,2021-07-10,VDA,1289,667,622,321,957,11,ITC,ITC2,2,Valle d'Aosta / Vallée d'Aoste,Valle d'Aosta,125666,72882,58.0,1.03
117,2021-05-14,VDA,960,442,518,249,669,42,ITC,ITC2,2,Valle d'Aosta / Vallée d'Aoste,Valle d'Aosta,125666,73842,58.76,0.76
118,2021-01-21,VDA,33,12,21,33,0,0,ITC,ITC2,2,Valle d'Aosta / Vallée d'Aoste,Valle d'Aosta,125666,73875,58.79,0.03
119,2021-01-04,VDA,142,59,83,142,0,0,ITC,ITC2,2,Valle d'Aosta / Vallée d'Aoste,Valle d'Aosta,125666,74017,58.9,0.11
120,2021-03-28,VDA,522,212,310,493,1,28,ITC,ITC2,2,Valle d'Aosta / Vallée d'Aoste,Valle d'Aosta,125666,74539,59.32,0.42
121,2021-03-11,VDA,197,76,121,66,131,0,ITC,ITC2,2,Valle d'Aosta / Vallée d'Aoste,Valle d'Aosta,125666,74736,59.47,0.16
122,2021-06-02,VDA,1215,688,527,812,401,2,ITC,ITC2,2,Valle d'Aosta / Vallée d'Aoste,Valle d'Aosta,125666,75951,60.44,0.97
123,2021-06-19,VDA,1288,667,621,657,619,12,ITC,ITC2,2,Valle d'Aosta / Vallée d'Aoste,Valle d'Aosta,125666,77239,61.46,1.02
124,2021-03-09,VDA,206,96,110,166,32,8,ITC,ITC2,2,Valle d'Aosta / Vallée d'Aoste,Valle d'Aosta,125666,77445,61.63,0.16
125,2021-02-20,VDA,251,210,41,238,10,3,ITC,ITC2,2,Valle d'Aosta / Vallée d'Aoste,Valle d'Aosta,125666,77696,61.83,0.2
126,2021-02-16,VDA,326,53,273,309,6,11,ITC,ITC2,2,Valle d'Aosta / Vallée d'Aoste,Valle d'Aosta,125666,78022,62.09,0.26
127,2021-03-22,VDA,560,205,355,324,227,9,ITC,ITC2,2,Valle d'Aosta / Vallée d'Aoste,Valle d'Aosta,125666,78582,62.53,0.45
128,2021-06-05,VDA,925,476,449,729,188,8,ITC,ITC2,2,Valle d'Aosta / Vallée d'Aoste,Valle d'Aosta,125666,79507,63.27,0.74
129,2021-02-11,VDA,231,107,124,221,9,1,ITC,ITC2,2,Valle d'Aosta / Vallée d'Aoste,Valle d'Aosta,125666,79738,63.45,0.18
130,2021-07-18,VDA,926,454,472,252,674,0,ITC,ITC2,2,Valle d'Aosta / Vallée d'Aoste,Valle d'Aosta,125666,80664,64.19,0.74
131,2021-04-09,VDA,237,111,126,200,33,4,ITC,ITC2,2,Valle d'Aosta / Vallée d'Aoste,Valle d'Aosta,125666,80901,64.38,0.19
132,2021-05-22,VDA,941,495,446,532,400,9,ITC,ITC2,2,Valle d'Aosta / Vallée d'Aoste,Valle d'Aosta,125666,81842,65.13,0.75
133,2021-04-16,VDA,599,261,338,565,2,32,ITC,ITC2,2,Valle d'Aosta / Vallée d'Aoste,Valle d'Aosta,125666,82441,65.6,0.48
134,2021-01-16,VDA,237,80,157,237,0,0,ITC,ITC2,2,Valle d'Aosta / Vallée d'Aoste,Valle d'Aosta,125666,82678,65.79,0.19
135,2021-06-22,VDA,1189,666,523,529,648,12,ITC,ITC2,2,Valle d'Aosta / Vallée d'Aoste,Valle d'Aosta,125666,83867,66.74,0.95
136,2021-03-14,VDA,392,200,192,373,0,19,ITC,ITC2,2,Valle d'Aosta / Vallée d'Aoste,Valle d'Aosta,125666,84259,67.05,0.31
137,2021-04-26,VDA,715,327,388,512,170,33,ITC,ITC2,2,Valle d'Aosta / Vallée d'Aoste,Valle d'Aosta,125666,84974,67.62,0.57
138,2021-07-01,VDA,962,473,489,328,621,13,ITC,ITC2,2,Valle d'Aosta / Vallée d'Aoste,Valle d'Aosta,125666,85936,68.38,0.77
139,2021-04-02,VDA,873,344,529,595,225,53,ITC,ITC2,2,Valle d'Aosta / Vallée d'Aoste,Valle d'Aosta,125666,86809,69.08,0.69
140,2021-05-29,VDA,798,434,364,553,237,8,ITC,ITC2,2,Valle d'Aosta / Vallée d'Aoste,Valle d'Aosta,125666,87607,69.71,0.64
141,2021-07-11,VDA,907,471,436,254,642,11,ITC,ITC2,2,Valle d'Aosta / Vallée d'Aoste,Valle d'Aosta,125666,88514,70.44,0.72
142,2021-02-25,VDA,201,101,100,190,7,4,ITC,ITC2,2,Valle d'Aosta / Vallée d'Aoste,Valle d'Aosta,125666,88715,70.6,0.16
143,2021-02-01,VDA,404,127,277,84,317,3,ITC,ITC2,2,Valle d'Aosta / Vallée d'Aoste,Valle d'Aosta,125666,89119,70.92,0.32
144,2021-07-08,VDA,1275,709,566,341,924,10,ITC,ITC2,2,Valle d'Aosta / Vallée d'Aoste,Valle d'Aosta,125666,90394,71.93,1.01
145,2021-03-30,VDA,402,223,179,365,20,17,ITC,ITC2,2,Valle d'Aosta / Vallée d'Aoste,Valle d'Aosta,125666,90796,72.25,0.32
146,2021-05-12,VDA,1140,549,591,439,670,31,ITC,ITC2,2,Valle d'Aosta / Vallée d'Aoste,Valle d'Aosta,125666,91936,73.16,0.91
147,2021-07-17,VDA,985,519,466,255,730,0,ITC,ITC2,2,Valle d'Aosta / Vallée d'Aoste,Valle d'Aosta,125666,92921,73.94,0.78
148,2021-04-07,VDA,910,474,436,654,229,27,ITC,ITC2,2,Valle d'Aosta / Vallée d'Aoste,Valle d'Aosta,125666,93831,74.67,0.72
149,2021-02-09,VDA,251,84,167,67,183,1,ITC,ITC2,2,Valle d'Aosta / Vallée d'Aoste,Valle d'Aosta,125666,94082,74.87,0.2
150,2021-07-20,VDA,1117,583,534,396,721,0,ITC,ITC2,2,Valle d'Aosta / Vallée d'Aoste,Valle d'Aosta,125666,95199,75.76,0.89
151,2021-04-18,VDA,522,254,268,492,4,26,ITC,ITC2,2,Valle d'Aosta / Vallée d'Aoste,Valle d'Aosta,125666,95721,76.17,0.42
152,2021-06-14,VDA,311,167,144,12,299,0,ITC,ITC2,2,Valle d'Aosta / Vallée d'Aoste,Valle d'Aosta,125666,96032,76.42,0.25
153,2021-05-31,VDA,880,396,484,490,379,11,ITC,ITC2,2,Valle d'Aosta / Vallée d'Aoste,Valle d'Aosta,125666,96912,77.12,0.7
154,2021-04-25,VDA,849,408,441,673,139,37,ITC,ITC2,2,Valle d'Aosta / Vallée d'Aoste,Valle d'Aosta,125666,97761,77.79,0.68
155,2021-06-21,VDA,1122,600,522,607,505,10,ITC,ITC2,2,Valle d'Aosta / Vallée d'Aoste,Valle d'Aosta,125666,98883,78.69,0.89
156,2021-06-07,VDA,710,347,363,638,61,11,ITC,ITC2,2,Valle d'Aosta / Vallée d'Aoste,Valle d'Aosta,125666,99593,79.25,0.56
157,2021-02-27,VDA,231,85,146,119,107,5,ITC,ITC2,2,Valle d'Aosta / Vallée d'Aoste,Valle d'Aosta,125666,99824,79.44,0.18
158,2021-06-12,VDA,1233,599,634,1063,166,4,ITC,ITC2,2,Valle d'Aosta / Vallée d'Aoste,Valle d'Aosta,125666,101057,80.42,0.98
159,2021-03-19,VDA,322,85,237,277,35,10,ITC,ITC2,2,Valle d'Aosta / Vallée d'Aoste,Valle d'Aosta,125666,101379,80.67,0.26
160,2021-01-06,VDA,65,33,32,65,0,0,ITC,ITC2,2,Valle d'Aosta / Vallée d'Aoste,Valle d'Aosta,125666,101444,80.73,0.05
161,2021-02-18,VDA,349,153,196,255,88,6,ITC,ITC2,2,Valle d'Aosta / Vallée d'Aoste,Valle d'Aosta,125666,101793,81.0,0.28
162,2021-05-07,VDA,564,245,319,517,31,16,ITC,ITC2,2,Valle d'Aosta / Vallée d'Aoste,Valle d'Aosta,125666,102357,81.45,0.45
163,2021-04-23,VDA,922,443,479,510,383,29,ITC,ITC2,2,Valle d'Aosta / Vallée d'Aoste,Valle d'Aosta,125666,103279,82.19,0.73
164,2021-01-13,VDA,337,110,227,337,0,0,ITC,ITC2,2,Valle d'Aosta / Vallée d'Aoste,Valle d'Aosta,125666,103616,82.45,0.27
165,2021-07-15,VDA,1085,589,496,297,788,0,ITC,ITC2,2,Valle d'Aosta / Vallée d'Aoste,Valle d'Aosta,125666,104701,83.32,0.86
166,2021-04-06,VDA,741,381,360,595,112,34,ITC,ITC2,2,Valle d'Aosta / Vallée d'Aoste,Valle d'Aosta,125666,105442,83.91,0.59
167,2021-03-18,VDA,136,43,93,96,37,3,ITC,ITC2,2,Valle d'Aosta / Vallée d'Aoste,Valle d'Aosta,125666,105578,84.01,0.11
168,2021-06-26,VDA,1061,509,552,350,704,7,ITC,ITC2,2,Valle d'Aosta / Vallée d'Aoste,Valle d'Aosta,125666,106639,84.86,0.84
169,2021-03-04,VDA,291,139,152,39,250,2,ITC,ITC2,2,Valle d'Aosta / Vallée d'Aoste,Valle d'Aosta,125666,106930,85.09,0.23
170,2021-05-26,VDA,1209,587,622,565,633,11,ITC,ITC2,2,Valle d'Aosta / Vallée d'Aoste,Valle d'Aosta,125666,108139,86.05,0.96
171,2021-06-29,VDA,780,390,390,235,542,3,ITC,ITC2,2,Valle d'Aosta / Vallée d'Aoste,Valle d'Aosta,125666,108919,86.67,0.62
172,2021-06-10,VDA,1002,558,444,953,42,7,ITC,ITC2,2,Valle d'Aosta / Vallée d'Aoste,Valle d'Aosta,125666,109921,87.47,0.8
173,2021-03-02,VDA,339,166,173,291,3,45,ITC,ITC2,2,Valle d'Aosta / Vallée d'Aoste,Valle d'Aosta,125666,110260,87.74,0.27
174,2021-01-09,VDA,443,199,244,442,0,1,ITC,ITC2,2,Valle d'Aosta / Vallée d'Aoste,Valle d'Aosta,125666,110703,88.09,0.35
175,2021-06-24,VDA,1221,629,592,379,833,9,ITC,ITC2,2,Valle d'Aosta / Vallée d'Aoste,Valle d'Aosta,125666,111924,89.06,0.97
176,2021-07-03,VDA,935,484,451,390,536,9,ITC,ITC2,2,Valle d'Aosta / Vallée d'Aoste,Valle d'Aosta,125666,112859,89.81,0.74
177,2021-01-11,VDA,325,112,213,325,0,0,ITC,ITC2,2,Valle d'Aosta / Vallée d'Aoste,Valle d'Aosta,125666,113184,90.07,0.26
178,2021-04-04,VDA,572,253,319,550,1,21,ITC,ITC2,2,Valle d'Aosta / Vallée d'Aoste,Valle d'Aosta,125666,113756,90.52,0.46
179,2021-02-08,VDA,223,83,140,25,198,0,ITC,ITC2,2,Valle d'Aosta / Vallée d'Aoste,Valle d'Aosta,125666,113979,90.7,0.18
180,2021-03-23,VDA,379,150,229,228,134,17,ITC,ITC2,2,Valle d'Aosta / Vallée d'Aoste,Valle d'Aosta,125666,114358,91.0,0.3
181,2021-05-19,VDA,993,498,495,411,575,7,ITC,ITC2,2,Valle d'Aosta / Vallée d'Aoste,Valle d'Aosta,125666,115351,91.79,0.79
182,2021-02-13,VDA,216,196,20,213,1,2,ITC,ITC2,2,Valle d'Aosta / Vallée d'Aoste,Valle d'Aosta,125666,115567,91.96,0.17
183,2021-03-16,VDA,182,37,145,109,64,9,ITC,ITC2,2,Valle d'Aosta / Vallée d'Aoste,Valle d'Aosta,125666,115749,92.11,0.14
184,2021-03-29,VDA,493,233,260,448,40,5,ITC,ITC2,2,Valle d'Aosta / Vallée d'Aoste,Valle d'Aosta,125666,116242,92.5,0.39
185,2021-06-20,VDA,1131,545,586,478,643,10,ITC,ITC2,2,Valle d'Aosta / Vallée d'Aoste,Valle d'Aosta,125666,117373,93.4,0.9
186,2021-03-12,VDA,531,175,356,291,226,14,ITC,ITC2,2,Valle d'Aosta / Vallée d'Aoste,Valle d'Aosta,125666,117904,93.82,0.42
187,2021-03-10,VDA,438,183,255,220,213,5,ITC,ITC2,2,Valle d'Aosta / Vallée d'Aoste,Valle d'Aosta,125666,118342,94.17,0.35
188,2021-02-21,VDA,18,3,15,0,18,0,ITC,ITC2,2,Valle d'Aosta / Vallée d'Aoste,Valle d'Aosta,125666,118360,94.19,0.01
189,2021-06-01,VDA,871,469,402,510,353,8,ITC,ITC2,2,Valle d'Aosta / Vallée d'Aoste,Valle d'Aosta,125666,119231,94.88,0.69
190,2021-02-23,VDA,216,123,93,215,0,1,ITC,ITC2,2,Valle d'Aosta / Vallée d'Aoste,Valle d'Aosta,125666,119447,95.05,0.17
191,2021-06-03,VDA,1306,667,639,884,410,12,ITC,ITC2,2,Valle d'Aosta / Vallée d'Aoste,Valle d'Aosta,125666,120753,96.09,1.04
192,2021-05-17,VDA,809,417,392,367,434,8,ITC,ITC2,2,Valle d'Aosta / Vallée d'Aoste,Valle d'Aosta,125666,121562,96.73,0.64
193,2021-05-15,VDA,1065,614,451,367,685,13,ITC,ITC2,2,Valle d'Aosta / Vallée d'Aoste,Valle d'Aosta,125666,122627,97.58,0.85
194,2021-02-04,VDA,294,86,208,8,286,0,ITC,ITC2,2,Valle d'Aosta / Vallée d'Aoste,Valle d'Aosta,125666,122921,97.82,0.23
195,2021-04-28,VDA,1218,632,586,681,503,34,ITC,ITC2,2,Valle d'Aosta / Vallée d'Aoste,Valle d'Aosta,125666,124139,98.78,0.97
196,2021-02-06,VDA,289,104,185,91,197,1,ITC,ITC2,2,Valle d'Aosta / Vallée d'Aoste,Valle d'Aosta,125666,124428,99.01,0.23
197,2021-04-30,VDA,831,355,476,467,346,18,ITC,ITC2,2,Valle d'Aosta / Vallée d'Aoste,Valle d'Aosta,125666,125259,99.68,0.66
198,2021-01-20,VDA,23,8,15,23,0,0,ITC,ITC2,2,Valle d'Aosta / Vallée d'Aoste,Valle d'Aosta,125666,125282,99.69,0.02
199,2021-07-22,VDA,971,513,458,275,696,0,ITC,ITC2,2,Valle d'Aosta / Vallée d'Aoste,Valle d'Aosta,125666,126253,100.47,0.77
200,2021-01-18,VDA,213,74,139,213,0,0,ITC,ITC2,2,Valle d'Aosta / Vallée d'Aoste,Valle d'Aosta,125666,126466,100.64,0.17
201,2021-04-11,VDA,479,208,271,462,0,17,ITC,ITC2,2,Valle d'Aosta / Vallée d'Aoste,Valle d'Aosta,125666,126945,101.02,0.38
202,2021-04-23,UMB,6613,2785,3828,3298,3120,195,ITI,ITI2,10,Umbria,Umbria,882015,6613,0.75,0.75
203,2021-02-25,UMB,1332,495,837,1272,52,8,ITI,ITI2,10,Umbria,Umbria,882015,7945,0.9,0.15
204,2021-03-11,UMB,3582,1722,1860,2564,1006,12,ITI,ITI2,10,Umbria,Umbria,882015,11527,1.31,0.41
205,2021-01-13,UMB,449,139,310,449,0,0,ITI,ITI2,10,Umbria,Umbria,882015,11976,1.36,0.05
206,2021-06-19,UMB,4568,2199,2369,2538,2030,0,ITI,ITI2,10,Umbria,Umbria,882015,16544,1.88,0.52
207,2021-01-06,UMB,846,325,521,846,0,0,ITI,ITI2,10,Umbria,Umbria,882015,17390,1.97,0.1
208,2021-06-12,UMB,7709,3683,4026,6127,1578,4,ITI,ITI2,10,Umbria,Umbria,882015,25099,2.85,0.87
209,2021-04-16,UMB,8096,3740,4356,6080,1838,178,ITI,ITI2,10,Umbria,Umbria,882015,33195,3.76,0.92
210,2021-04-30,UMB,6252,2971,3281,2734,3397,121,ITI,ITI2,10,Umbria,Umbria,882015,39447,4.47,0.71
211,2021-03-04,UMB,4484,1855,2629,3643,827,14,ITI,ITI2,10,Umbria,Umbria,882015,43931,4.98,0.51
212,2021-01-20,UMB,602,221,381,602,0,0,ITI,ITI2,10,Umbria,Umbria,882015,44533,5.05,0.07
213,2021-03-23,UMB,3824,1713,2111,2158,1629,37,ITI,ITI2,10,Umbria,Umbria,882015,48357,5.48,0.43
214,2021-07-01,UMB,9678,4791,4887,3359,6277,42,ITI,ITI2,10,Umbria,Umbria,882015,58035,6.58,1.1
215,2021-02-08,UMB,635,203,432,88,547,0,ITI,ITI2,10,Umbria,Umbria,882015,58670,6.65,0.07
216,2021-05-19,UMB,9418,4215,5203,5590,3743,85,ITI,ITI2,10,Umbria,Umbria,882015,68088,7.72,1.07
217,2021-02-06,UMB,396,138,258,34,362,0,ITI,ITI2,10,Umbria,Umbria,882015,68484,7.76,0.04
218,2021-07-03,UMB,6466,3242,3224,2922,3489,55,ITI,ITI2,10,Umbria,Umbria,882015,74950,8.5,0.73
219,2021-07-20,UMB,8253,4104,4149,1146,7073,34,ITI,ITI2,10,Umbria,Umbria,882015,83203,9.43,0.94
220,2021-07-22,UMB,9858,4799,5059,1648,8156,54,ITI,ITI2,10,Umbria,Umbria,882015,93061,10.55,1.12
221,2021-05-07,UMB,10115,4707,5408,6718,3192,205,ITI,ITI2,10,Umbria,Umbria,882015,103176,11.7,1.15
222,2021-02-13,UMB,114,27,87,111,3,0,ITI,ITI2,10,Umbria,Umbria,882015,103290,11.71,0.01
223,2021-05-24,UMB,9055,4509,4546,8009,879,167,ITI,ITI2,10,Umbria,Umbria,882015,112345,12.74,1.03
224,2021-04-18,UMB,1531,681,850,578,930,23,ITI,ITI2,10,Umbria,Umbria,882015,113876,12.91,0.17
225,2021-01-11,UMB,1303,341,962,1303,0,0,ITI,ITI2,10,Umbria,Umbria,882015,115179,13.06,0.15
226,2021-05-05,UMB,7219,3305,3914,3834,3304,81,ITI,ITI2,10,Umbria,Umbria,882015,122398,13.88,0.82
227,2021-01-25,UMB,648,323,325,5,643,0,ITI,ITI2,10,Umbria,Umbria,882015,123046,13.95,0.07
228,2021-04-06,UMB,5286,2164,3122,2862,2387,37,ITI,ITI2,10,Umbria,Umbria,882015,128332,14.55,0.6
229,2021-03-28,UMB,1095,441,654,1040,24,31,ITI,ITI2,10,Umbria,Umbria,882015,129427,14.67,0.12
230,2021-01-30,UMB,1575,486,1089,44,1531,0,ITI,ITI2,10,Umbria,Umbria,882015,131002,14.85,0.18
231,2021-07-15,UMB,10554,5173,5381,607,9895,52,ITI,ITI2,10,Umbria,Umbria,882015,141556,16.05,1.2
232,2021-06-02,UMB,3916,1883,2033,3874,42,0,ITI,ITI2,10,Umbria,Umbria,882015,145472,16.49,0.44
233,2021-02-20,UMB,283,101,182,259,24,0,ITI,ITI2,10,Umbria,Umbria,882015,145755,16.53,0.03
234,2021-03-09,UMB,4088,2000,2088,2791,1288,9,ITI,ITI2,10,Umbria,Umbria,882015,149843,16.99,0.46
235,2021-06-14,UMB,5379,2745,2634,3368,2010,1,ITI,ITI2,10,Umbria,Umbria,882015,155222,17.6,0.61
236,2021-05-26,UMB,9648,4565,5083,8204,1250,194,ITI,ITI2,10,Umbria,Umbria,882015,164870,18.69,1.09
237,2021-05-28,UMB,9589,4437,5152,7111,2296,182,ITI,ITI2,10,Umbria,Umbria,882015,174459,19.78,1.09
238,2021-06-30,UMB,10473,5295,5178,3767,6704,2,ITI,ITI2,10,Umbria,Umbria,882015,184932,20.97,1.19
239,2021-07-07,UMB,9402,4450,4952,86,9290,26,ITI,ITI2,10,Umbria,Umbria,882015,194334,22.03,1.07
240,2021-01-01,UMB,273,104,169,273,0,0,ITI,ITI2,10,Umbria,Umbria,882015,194607,22.06,0.03
241,2021-04-11,UMB,3098,1504,1594,3032,49,17,ITI,ITI2,10,Umbria,Umbria,882015,197705,22.42,0.35
242,2021-01-18,UMB,613,218,395,529,84,0,ITI,ITI2,10,Umbria,Umbria,882015,198318,22.48,0.07
243,2021-05-30,UMB,5982,2999,2983,5664,202,116,ITI,ITI2,10,Umbria,Umbria,882015,204300,23.16,0.68
244,2021-03-08,UMB,3696,1822,1874,2323,1361,12,ITI,ITI2,10,Umbria,Umbria,882015,207996,23.58,0.42
245,2021-04-04,UMB,57,20,37,22,35,0,ITI,ITI2,10,Umbria,Umbria,882015,208053,23.59,0.01
246,2021-06-07,UMB,6943,3426,3517,6245,695,3,ITI,ITI2,10,Umbria,Umbria,882015,214996,24.38,0.79
247,2021-03-16,UMB,3538,1454,2084,1909,1627,2,ITI,ITI2,10,Umbria,Umbria,882015,218534,24.78,0.4
248,2021-02-27,UMB,1658,354,1304,1642,16,0,ITI,ITI2,10,Umbria,Umbria,882015,220192,24.96,0.19
249,2021-04-03,UMB,2097,712,1385,1034,1052,11,ITI,ITI2,10,Umbria,Umbria,882015,222289,25.2,0.24
250,2021-07-12,UMB,4568,2195,2373,107,4452,9,ITI,ITI2,10,Umbria,Umbria,882015,226857,25.72,0.52
251,2021-04-25,UMB,4357,1684,2673,3866,82,409,ITI,ITI2,10,Umbria,Umbria,882015,231214,26.21,0.49
252,2021-06-21,UMB,7499,3931,3568,5161,2337,1,ITI,ITI2,10,Umbria,Umbria,882015,238713,27.06,0.85
253,2021-03-18,UMB,2965,1171,1794,1699,1262,4,ITI,ITI2,10,Umbria,Umbria,882015,241678,27.4,0.34
254,2021-06-26,UMB,9311,4728,4583,5690,3621,0,ITI,ITI2,10,Umbria,Umbria,882015,250989,28.46,1.06
255,2021-07-10,UMB,7680,3808,3872,71,7601,8,ITI,ITI2,10,Umbria,Umbria,882015,258669,29.33,0.87
256,2021-04-20,UMB,5450,2364,3086,3430,1947,73,ITI,ITI2,10,Umbria,Umbria,882015,264119,29.94,0.62
257,2021-07-08,UMB,9488,4596,4892,171,9272,45,ITI,ITI2,10,Umbria,Umbria,882015,273607,31.02,1.08
258,2021-05-12,UMB,6488,3025,3463,4194,2146,148,ITI,ITI2,10,Umbria,Umbria,882015,280095,31.76,0.74
259,2021-03-30,UMB,3977,1730,2247,2401,1540,36,ITI,ITI2,10,Umbria,Umbria,882015,284072,32.21,0.45
260,2020-12-27,UMB,84,44,40,84,0,0,ITI,ITI2,10,Umbria,Umbria,882015,284156,32.22,0.01
261,2021-02-22,UMB,1889,807,1082,1803,86,0,ITI,ITI2,10,Umbria,Umbria,882015,286045,32.43,0.21
262,2021-05-31,UMB,5810,2843,2967,4848,884,78,ITI,ITI2,10,Umbria,Umbria,882015,291855,33.09,0.66
263,2021-05-14,UMB,5328,2510,2818,3353,1817,158,ITI,ITI2,10,Umbria,Umbria,882015,297183,33.69,0.6
264,2021-02-01,UMB,1284,341,943,48,1236,0,ITI,ITI2,10,Umbria,Umbria,882015,298467,33.84,0.15
265,2021-02-18,UMB,1496,582,914,1029,466,1,ITI,ITI2,10,Umbria,Umbria,882015,299963,34.01,0.17
266,2021-04-15,UMB,7646,3498,4148,5689,1887,70,ITI,ITI2,10,Umbria,Umbria,882015,307609,34.88,0.87
267,2021-02-17,UMB,1618,748,870,1266,351,1,ITI,ITI2,10,Umbria,Umbria,882015,309227,35.06,0.18
268,2021-04-13,UMB,7677,3398,4279,5920,1668,89,ITI,ITI2,10,Umbria,Umbria,882015,316904,35.93,0.87
269,2021-02-15,UMB,1367,692,675,1364,1,2,ITI,ITI2,10,Umbria,Umbria,882015,318271,36.08,0.15
270,2021-01-03,UMB,270,112,158,270,0,0,ITI,ITI2,10,Umbria,Umbria,882015,318541,36.12,0.03
271,2021-05-11,UMB,6236,2835,3401,3903,2193,140,ITI,ITI2,10,Umbria,Umbria,882015,324777,36.82,0.71
272,2021-06-16,UMB,6316,3093,3223,3222,3093,1,ITI,ITI2,10,Umbria,Umbria,882015,331093,37.54,0.72
273,2021-03-25,UMB,3929,1724,2205,2821,1063,45,ITI,ITI2,10,Umbria,Umbria,882015,335022,37.98,0.45
274,2021-03-27,UMB,4251,1513,2738,3855,340,56,ITI,ITI2,10,Umbria,Umbria,882015,339273,38.47,0.48
275,2021-01-08,UMB,1187,344,843,1187,0,0,ITI,ITI2,10,Umbria,Umbria,882015,340460,38.6,0.13
276,2021-05-23,UMB,5068,1854,3214,635,4416,17,ITI,ITI2,10,Umbria,Umbria,882015,345528,39.17,0.57
277,2021-01-27,UMB,840,330,510,13,827,0,ITI,ITI2,10,Umbria,Umbria,882015,346368,39.27,0.1
278,2021-01-10,UMB,1065,274,791,1065,0,0,ITI,ITI2,10,Umbria,Umbria,882015,347433,39.39,0.12
279,2021-05-21,UMB,8974,3669,5305,4060,4829,85,ITI,ITI2,10,Umbria,Umbria,882015,356407,40.41,1.02
280,2021-05-04,UMB,5538,2544,2994,2353,3125,60,ITI,ITI2,10,Umbria,Umbria,882015,361945,41.04,0.63
281,2021-04-01,UMB,4372,1837,2535,2327,2009,36,ITI,ITI2,10,Umbria,Umbria,882015,366317,41.53,0.5
282,2021-03-01,UMB,1504,774,730,1384,114,6,ITI,ITI2,10,Umbria,Umbria,882015,367821,41.7,0.17
283,2021-06-09,UMB,8063,3908,4155,7337,722,4,ITI,ITI2,10,Umbria,Umbria,882015,375884,42.62,0.91
284,2021-06-23,UMB,11200,5720,5480,7797,3403,0,ITI,ITI2,10,Umbria,Umbria,882015,387084,43.89,1.27
285,2021-03-15,UMB,4594,1938,2656,2825,1766,3,ITI,ITI2,10,Umbria,Umbria,882015,391678,44.41,0.52
286,2021-02-10,UMB,714,348,366,699,15,0,ITI,ITI2,10,Umbria,Umbria,882015,392392,44.49,0.08
287,2021-04-22,UMB,5451,2249,3202,2702,2668,81,ITI,ITI2,10,Umbria,Umbria,882015,397843,45.11,0.62
288,2021-04-17,UMB,6679,3069,3610,5173,1341,165,ITI,ITI2,10,Umbria,Umbria,882015,404522,45.86,0.76
289,2021-01-05,UMB,854,429,425,854,0,0,ITI,ITI2,10,Umbria,Umbria,882015,405376,45.96,0.1
290,2021-06-18,UMB,4761,2348,2413,1603,3157,1,ITI,ITI2,10,Umbria,Umbria,882015,410137,46.5,0.54
291,2021-07-05,UMB,8410,4077,4333,161,8242,7,ITI,ITI2,10,Umbria,Umbria,882015,418547,47.45,0.95
292,2021-05-13,UMB,5916,2658,3258,3703,2084,129,ITI,ITI2,10,Umbria,Umbria,882015,424463,48.12,0.67
293,2021-02-19,UMB,743,293,450,525,217,1,ITI,ITI2,10,Umbria,Umbria,882015,425206,48.21,0.08
294,2021-06-11,UMB,6911,3468,3443,6144,767,0,ITI,ITI2,10,Umbria,Umbria,882015,432117,48.99,0.78
295,2021-04-08,UMB,5864,2509,3355,4007,1789,68,ITI,ITI2,10,Umbria,Umbria,882015,437981,49.66,0.66
296,2021-07-17,UMB,7651,3849,3802,1367,6218,66,ITI,ITI2,10,Umbria,Umbria,882015,445632,50.52,0.87
297,2021-06-04,UMB,8911,4404,4507,7707,1198,6,ITI,ITI2,10,Umbria,Umbria,882015,454543,51.53,1.01
298,2021-03-06,UMB,4303,1146,3157,4133,138,32,ITI,ITI2,10,Umbria,Umbria,882015,458846,52.02,0.49
299,2021-01-22,UMB,276,105,171,32,244,0,ITI,ITI2,10,Umbria,Umbria,882015,459122,52.05,0.03
300,2021-06-28,UMB,9710,4797,4913,3784,5926,0,ITI,ITI2,10,Umbria,Umbria,882015,468832,53.15,1.1
301,2021-05-02,UMB,3780,1866,1914,1298,2454,28,ITI,ITI2,10,Umbria,Umbria,882015,472612,53.58,0.43
302,2021-03-20,UMB,2319,845,1474,2290,25,4,ITI,ITI2,10,Umbria,Umbria,882015,474931,53.85,0.26
303,2021-01-24,UMB,258,106,152,1,257,0,ITI,ITI2,10,Umbria,Umbria,882015,475189,53.88,0.03
304,2021-06-08,UMB,7377,3641,3736,6826,546,5,ITI,ITI2,10,Umbria,Umbria,882015,482566,54.71,0.84
305,2021-03-17,UMB,3329,1313,2016,1855,1472,2,ITI,ITI2,10,Umbria,Umbria,882015,485895,55.09,0.38
306,2021-01-07,UMB,1300,387,913,1300,0,0,ITI,ITI2,10,Umbria,Umbria,882015,487195,55.24,0.15
307,2021-06-25,UMB,10159,5283,4876,5384,4770,5,ITI,ITI2,10,Umbria,Umbria,882015,497354,56.39,1.15
308,2021-01-26,UMB,815,389,426,17,798,0,ITI,ITI2,10,Umbria,Umbria,882015,498169,56.48,0.09
309,2021-06-20,UMB,6213,3001,3212,1590,4623,0,ITI,ITI2,10,Umbria,Umbria,882015,504382,57.19,0.7
310,2021-04-24,UMB,4561,1961,2600,3276,1182,103,ITI,ITI2,10,Umbria,Umbria,882015,508943,57.7,0.52
311,2021-01-12,UMB,834,247,587,834,0,0,ITI,ITI2,10,Umbria,Umbria,882015,509777,57.8,0.09
312,2021-03-14,UMB,66,48,18,66,0,0,ITI,ITI2,10,Umbria,Umbria,882015,509843,57.8,0.01
313,2021-06-22,UMB,8035,4080,3955,5244,2789,2,ITI,ITI2,10,Umbria,Umbria,882015,517878,58.72,0.91
314,2021-03-12,UMB,2694,1081,1613,2191,495,8,ITI,ITI2,10,Umbria,Umbria,882015,520572,59.02,0.31
315,2021-03-21,UMB,675,338,337,672,0,3,ITI,ITI2,10,Umbria,Umbria,882015,521247,59.1,0.08
316,2021-06-29,UMB,9871,5027,4844,4190,5681,0,ITI,ITI2,10,Umbria,Umbria,882015,531118,60.22,1.12
317,2021-05-17,UMB,6370,3062,3308,4141,2177,52,ITI,ITI2,10,Umbria,Umbria,882015,537488,60.94,0.72
318,2021-01-14,UMB,722,192,530,722,0,0,ITI,ITI2,10,Umbria,Umbria,882015,538210,61.02,0.08
319,2021-06-01,UMB,4381,2089,2292,4226,155,0,ITI,ITI2,10,Umbria,Umbria,882015,542591,61.52,0.5
320,2021-03-10,UMB,4031,1943,2088,2760,1256,15,ITI,ITI2,10,Umbria,Umbria,882015,546622,61.97,0.46
321,2021-01-16,UMB,217,71,146,216,0,1,ITI,ITI2,10,Umbria,Umbria,882015,546839,62.0,0.02
322,2021-02-02,UMB,942,272,670,32,910,0,ITI,ITI2,10,Umbria,Umbria,882015,547781,62.11,0.11
323,2021-04-26,UMB,5395,2341,3054,3103,2252,40,ITI,ITI2,10,Umbria,Umbria,882015,553176,62.72,0.61
324,2021-04-09,UMB,6732,3126,3606,6406,209,117,ITI,ITI2,10,Umbria,Umbria,882015,559908,63.48,0.76
325,2021-03-13,UMB,1735,524,1211,1486,249,0,ITI,ITI2,10,Umbria,Umbria,882015,561643,63.68,0.2
326,2021-01-15,UMB,695,213,482,695,0,0,ITI,ITI2,10,Umbria,Umbria,882015,562338,63.76,0.08
327,2021-01-29,UMB,1230,348,882,79,1151,0,ITI,ITI2,10,Umbria,Umbria,882015,563568,63.9,0.14
328,2021-05-09,UMB,5755,2753,3002,5244,391,120,ITI,ITI2,10,Umbria,Umbria,882015,569323,64.55,0.65
329,2021-07-09,UMB,9477,4584,4893,117,9346,14,ITI,ITI2,10,Umbria,Umbria,882015,578800,65.62,1.07
330,2021-07-23,UMB,7441,3769,3672,1058,6351,32,ITI,ITI2,10,Umbria,Umbria,882015,586241,66.47,0.84
331,2021-03-29,UMB,3630,1600,2030,2152,1420,58,ITI,ITI2,10,Umbria,Umbria,882015,589871,66.88,0.41
332,2021-01-31,UMB,1058,276,782,25,1033,0,ITI,ITI2,10,Umbria,Umbria,882015,590929,67.0,0.12
333,2021-05-25,UMB,8815,4301,4514,7584,1063,168,ITI,ITI2,10,Umbria,Umbria,882015,599744,68.0,1.0
334,2021-06-13,UMB,6763,3556,3207,6532,230,1,ITI,ITI2,10,Umbria,Umbria,882015,606507,68.76,0.77
335,2021-05-01,UMB,5370,2638,2732,2096,3230,44,ITI,ITI2,10,Umbria,Umbria,882015,611877,69.37,0.61
336,2021-03-05,UMB,4618,1402,3216,3947,656,15,ITI,ITI2,10,Umbria,Umbria,882015,616495,69.9,0.52
337,2021-03-03,UMB,4431,1770,2661,3718,710,3,ITI,ITI2,10,Umbria,Umbria,882015,620926,70.4,0.5
338,2021-05-18,UMB,7745,3356,4389,3826,3837,82,ITI,ITI2,10,Umbria,Umbria,882015,628671,71.28,0.88
339,2021-03-22,UMB,3561,1656,1905,2305,1246,10,ITI,ITI2,10,Umbria,Umbria,882015,632232,71.68,0.4
340,2021-04-05,UMB,4249,1729,2520,2182,2055,12,ITI,ITI2,10,Umbria,Umbria,882015,636481,72.16,0.48
341,2021-02-07,UMB,54,17,37,1,53,0,ITI,ITI2,10,Umbria,Umbria,882015,636535,72.17,0.01
342,2021-07-14,UMB,6192,3005,3187,1751,4257,184,ITI,ITI2,10,Umbria,Umbria,882015,642727,72.87,0.7
343,2021-03-19,UMB,1741,565,1176,1080,656,5,ITI,ITI2,10,Umbria,Umbria,882015,644468,73.07,0.2
344,2021-07-16,UMB,9610,4893,4717,699,8872,39,ITI,ITI2,10,Umbria,Umbria,882015,654078,74.16,1.09
345,2021-05-20,UMB,9838,4589,5249,6104,3650,84,ITI,ITI2,10,Umbria,Umbria,882015,663916,75.27,1.12
346,2021-03-31,UMB,3897,1728,2169,2179,1686,32,ITI,ITI2,10,Umbria,Umbria,882015,667813,75.71,0.44
347,2021-02-16,UMB,1308,655,653,1299,9,0,ITI,ITI2,10,Umbria,Umbria,882015,669121,75.86,0.15
348,2021-05-27,UMB,9970,4864,5106,8473,1318,179,ITI,ITI2,10,Umbria,Umbria,882015,679091,76.99,1.13
349,2021-01-04,UMB,809,398,411,809,0,0,ITI,ITI2,10,Umbria,Umbria,882015,679900,77.08,0.09
350,2021-04-14,UMB,8152,3679,4473,6096,1979,77,ITI,ITI2,10,Umbria,Umbria,882015,688052,78.01,0.92
351,2021-06-03,UMB,9039,4469,4570,8751,288,0,ITI,ITI2,10,Umbria,Umbria,882015,697091,79.03,1.02
352,2021-04-07,UMB,5572,2291,3281,3482,2005,85,ITI,ITI2,10,Umbria,Umbria,882015,702663,79.67,0.63
353,2021-02-23,UMB,1691,657,1034,1649,42,0,ITI,ITI2,10,Umbria,Umbria,882015,704354,79.86,0.19
354,2021-06-27,UMB,7454,3728,3726,1769,5685,0,ITI,ITI2,10,Umbria,Umbria,882015,711808,80.7,0.85
355,2021-04-28,UMB,5383,2327,3056,2942,2396,45,ITI,ITI2,10,Umbria,Umbria,882015,717191,81.31,0.61
356,2021-02-04,UMB,734,226,508,26,708,0,ITI,ITI2,10,Umbria,Umbria,882015,717925,81.4,0.08
357,2021-05-15,UMB,4991,1883,3108,1764,3164,63,ITI,ITI2,10,Umbria,Umbria,882015,722916,81.96,0.57
358,2021-07-18,UMB,7852,4063,3789,296,7552,4,ITI,ITI2,10,Umbria,Umbria,882015,730768,82.85,0.89
359,2021-06-05,UMB,8224,3775,4449,5565,2654,5,ITI,ITI2,10,Umbria,Umbria,882015,738992,83.78,0.93
360,2021-02-11,UMB,839,348,491,834,5,0,ITI,ITI2,10,Umbria,Umbria,882015,739831,83.88,0.1
361,2021-05-22,UMB,6966,2754,4212,2595,4324,47,ITI,ITI2,10,Umbria,Umbria,882015,746797,84.67,0.79
362,2021-07-11,UMB,5864,2956,2908,83,5780,1,ITI,ITI2,10,Umbria,Umbria,882015,752661,85.33,0.66
363,2021-04-02,UMB,4343,1778,2565,3545,755,43,ITI,ITI2,10,Umbria,Umbria,882015,757004,85.83,0.49
364,2021-01-09,UMB,1717,495,1222,1717,0,0,ITI,ITI2,10,Umbria,Umbria,882015,758721,86.02,0.19
365,2021-04-19,UMB,5034,2227,2807,2931,2048,55,ITI,ITI2,10,Umbria,Umbria,882015,763755,86.59,0.57
366,2021-02-12,UMB,670,224,446,664,6,0,ITI,ITI2,10,Umbria,Umbria,882015,764425,86.67,0.08
367,2021-02-26,UMB,660,253,407,650,8,2,ITI,ITI2,10,Umbria,Umbria,882015,765085,86.74,0.07
368,2021-05-06,UMB,9456,4315,5141,6020,3314,122,ITI,ITI2,10,Umbria,Umbria,882015,774541,87.81,1.07
369,2021-06-06,UMB,7608,3904,3704,6912,693,3,ITI,ITI2,10,Umbria,Umbria,882015,782149,88.68,0.86
370,2021-02-24,UMB,1518,563,955,1503,15,0,ITI,ITI2,10,Umbria,Umbria,882015,783667,88.85,0.17
371,2021-07-06,UMB,8590,4092,4498,152,8417,21,ITI,ITI2,10,Umbria,Umbria,882015,792257,89.82,0.97
372,2021-05-10,UMB,5988,2798,3190,3770,2148,70,ITI,ITI2,10,Umbria,Umbria,882015,798245,90.5,0.68
373,2021-06-10,UMB,7464,3721,3743,6687,774,3,ITI,ITI2,10,Umbria,Umbria,882015,805709,91.35,0.85
374,2021-07-13,UMB,4221,2003,2218,81,4134,6,ITI,ITI2,10,Umbria,Umbria,882015,809930,91.83,0.48
375,2021-04-21,UMB,5323,2318,3005,3057,2228,38,ITI,ITI2,10,Umbria,Umbria,882015,815253,92.43,0.6
376,2021-05-08,UMB,8132,3739,4393,4798,3228,106,ITI,ITI2,10,Umbria,Umbria,882015,823385,93.35,0.92
377,2021-01-28,UMB,1248,394,854,19,1229,0,ITI,ITI2,10,Umbria,Umbria,882015,824633,93.49,0.14
378,2021-05-03,UMB,5086,2270,2816,2098,2887,101,ITI,ITI2,10,Umbria,Umbria,882015,829719,94.07,0.58
379,2021-01-23,UMB,280,100,180,2,278,0,ITI,ITI2,10,Umbria,Umbria,882015,829999,94.1,0.03
380,2021-01-21,UMB,608,202,406,338,269,1,ITI,ITI2,10,Umbria,Umbria,882015,830607,94.17,0.07
381,2021-03-02,UMB,3641,1346,2295,3634,4,3,ITI,ITI2,10,Umbria,Umbria,882015,834248,94.58,0.41
382,2021-06-24,UMB,10139,5113,5026,6139,4000,0,ITI,ITI2,10,Umbria,Umbria,882015,844387,95.73,1.15
383,2021-05-16,UMB,5218,2492,2726,5087,49,82,ITI,ITI2,10,Umbria,Umbria,882015,849605,96.33,0.59
384,2021-07-19,UMB,7605,3797,3808,1544,6015,46,ITI,ITI2,10,Umbria,Umbria,882015,857210,97.19,0.86
385,2021-04-27,UMB,5665,2401,3264,3054,2578,33,ITI,ITI2,10,Umbria,Umbria,882015,862875,97.83,0.64
386,2021-02-03,UMB,724,174,550,67,657,0,ITI,ITI2,10,Umbria,Umbria,882015,863599,97.91,0.08
387,2021-02-05,UMB,780,234,546,18,762,0,ITI,ITI2,10,Umbria,Umbria,882015,864379,98.0,0.09
388,2021-07-21,UMB,9438,4574,4864,1084,8310,44,ITI,ITI2,10,Umbria,Umbria,882015,873817,99.07,1.07
389,2021-07-04,UMB,3407,1740,1667,2409,968,30,ITI,ITI2,10,Umbria,Umbria,882015,877224,99.46,0.39
390,2021-04-12,UMB,7084,3081,4003,5310,1717,57,ITI,ITI2,10,Umbria,Umbria,882015,884308,100.26,0.8
391,2021-01-19,UMB,102,23,79,102,0,0,ITI,ITI2,10,Umbria,Umbria,882015,884410,100.27,0.01
392,2021-04-29,UMB,5216,2250,2966,2808,2320,88,ITI,ITI2,10,Umbria,Umbria,882015,889626,100.86,0.59
393,2021-03-24,UMB,4104,1792,2312,2744,1323,37,ITI,ITI2,10,Umbria,Umbria,882015,893730,101.33,0.47
394,2021-07-02,UMB,8736,4321,4415,3047,5599,90,ITI,ITI2,10,Umbria,Umbria,882015,902466,102.32,0.99
395,2021-04-10,UMB,7391,3478,3913,7175,84,132,ITI,ITI2,10,Umbria,Umbria,882015,909857,103.16,0.84
396,2021-01-17,UMB,54,17,37,54,0,0,ITI,ITI2,10,Umbria,Umbria,882015,909911,103.16,0.01
397,2020-12-31,UMB,322,127,195,322,0,0,ITI,ITI2,10,Umbria,Umbria,882015,910233,103.2,0.04
398,2021-06-15,UMB,5967,3007,2960,3899,2067,1,ITI,ITI2,10,Umbria,Umbria,882015,916200,103.88,0.68
399,2021-06-17,UMB,6968,3542,3426,4877,2079,12,ITI,ITI2,10,Umbria,Umbria,882015,923168,104.67,0.79
400,2021-03-26,UMB,4589,1712,2877,4346,172,71,ITI,ITI2,10,Umbria,Umbria,882015,927757,105.19,0.52
401,2021-01-02,UMB,304,111,193,304,0,0,ITI,ITI2,10,Umbria,Umbria,882015,928061,105.22,0.03
402,2021-03-07,UMB,845,180,665,837,7,1,ITI,ITI2,10,Umbria,Umbria,882015,928906,105.32,0.1
403,2021-05-29,UMB,7856,3611,4245,6176,1566,114,ITI,ITI2,10,Umbria,Umbria,882015,936762,106.21,0.89
404,2021-05-12,EMR,38925,18295,20630,28405,9689,831,ITH,ITH5,8,Emilia-Romagna,Emilia-Romagna,4459477,38925,0.87,0.87
405,2021-02-01,EMR,10320,3610,6710,360,9958,2,ITH,ITH5,8,Emilia-Romagna,Emilia-Romagna,4459477,49245,1.1,0.23
406,2021-01-18,EMR,3128,879,2249,2446,679,3,ITH,ITH5,8,Emilia-Romagna,Emilia-Romagna,4459477,52373,1.17,0.07
407,2021-03-16,EMR,12246,5027,7219,4871,7309,66,ITH,ITH5,8,Emilia-Romagna,Emilia-Romagna,4459477,64619,1.45,0.27
408,2021-01-25,EMR,6462,2146,4316,206,6255,1,ITH,ITH5,8,Emilia-Romagna,Emilia-Romagna,4459477,71081,1.59,0.14
409,2021-07-01,EMR,34477,16851,17626,15344,18819,314,ITH,ITH5,8,Emilia-Romagna,Emilia-Romagna,4459477,105558,2.37,0.77
410,2021-03-23,EMR,18799,8145,10654,11951,6687,161,ITH,ITH5,8,Emilia-Romagna,Emilia-Romagna,4459477,124357,2.79,0.42
411,2021-02-18,EMR,7039,2891,4148,6439,584,16,ITH,ITH5,8,Emilia-Romagna,Emilia-Romagna,4459477,131396,2.95,0.16
412,2021-06-07,EMR,40477,20777,19700,33888,6252,337,ITH,ITH5,8,Emilia-Romagna,Emilia-Romagna,4459477,171873,3.85,0.91
413,2021-01-30,EMR,10083,3521,6562,140,9942,1,ITH,ITH5,8,Emilia-Romagna,Emilia-Romagna,4459477,181956,4.08,0.23
414,2021-07-15,EMR,49886,25981,23905,8189,41349,348,ITH,ITH5,8,Emilia-Romagna,Emilia-Romagna,4459477,231842,5.2,1.12
415,2021-06-21,EMR,37540,18980,18560,16391,20869,280,ITH,ITH5,8,Emilia-Romagna,Emilia-Romagna,4459477,269382,6.04,0.84
416,2021-07-08,EMR,41230,20540,20690,4860,36094,276,ITH,ITH5,8,Emilia-Romagna,Emilia-Romagna,4459477,310612,6.97,0.92
417,2021-03-30,EMR,23345,10339,13006,18008,5041,296,ITH,ITH5,8,Emilia-Romagna,Emilia-Romagna,4459477,333957,7.49,0.52
418,2021-07-22,EMR,39890,21306,18584,15324,23881,685,ITH,ITH5,8,Emilia-Romagna,Emilia-Romagna,4459477,373847,8.38,0.89
419,2021-01-04,EMR,7315,2527,4788,7312,0,3,ITH,ITH5,8,Emilia-Romagna,Emilia-Romagna,4459477,381162,8.55,0.16
420,2021-04-16,EMR,29227,13761,15466,20023,8838,366,ITH,ITH5,8,Emilia-Romagna,Emilia-Romagna,4459477,410389,9.2,0.66
421,2021-01-06,EMR,8288,2956,5332,8287,0,1,ITH,ITH5,8,Emilia-Romagna,Emilia-Romagna,4459477,418677,9.39,0.19
422,2021-04-30,EMR,36616,16791,19825,21206,14798,612,ITH,ITH5,8,Emilia-Romagna,Emilia-Romagna,4459477,455293,10.21,0.82
423,2021-03-28,EMR,13501,6027,7474,9506,3870,125,ITH,ITH5,8,Emilia-Romagna,Emilia-Romagna,4459477,468794,10.51,0.3
424,2021-02-25,EMR,9249,3499,5750,8273,954,22,ITH,ITH5,8,Emilia-Romagna,Emilia-Romagna,4459477,478043,10.72,0.21
425,2021-07-20,EMR,42789,22384,20405,6984,35536,269,ITH,ITH5,8,Emilia-Romagna,Emilia-Romagna,4459477,520832,11.68,0.96
426,2021-04-11,EMR,15278,6935,8343,11980,3048,250,ITH,ITH5,8,Emilia-Romagna,Emilia-Romagna,4459477,536110,12.02,0.34
427,2021-02-11,EMR,4256,1415,2841,3397,843,16,ITH,ITH5,8,Emilia-Romagna,Emilia-Romagna,4459477,540366,12.12,0.1
428,2021-05-26,EMR,33268,14739,18529,9929,22955,384,ITH,ITH5,8,Emilia-Romagna,Emilia-Romagna,4459477,573634,12.86,0.75
429,2021-06-12,EMR,41319,21854,19465,35898,4914,507,ITH,ITH5,8,Emilia-Romagna,Emilia-Romagna,4459477,614953,13.79,0.93
430,2021-03-04,EMR,16451,5349,11102,13344,3017,90,ITH,ITH5,8,Emilia-Romagna,Emilia-Romagna,4459477,631404,14.16,0.37
431,2021-05-24,EMR,29973,13725,16248,17954,11502,517,ITH,ITH5,8,Emilia-Romagna,Emilia-Romagna,4459477,661377,14.83,0.67
432,2021-02-13,EMR,3628,1084,2544,3015,598,15,ITH,ITH5,8,Emilia-Romagna,Emilia-Romagna,4459477,665005,14.91,0.08
433,2021-01-23,EMR,2448,871,1577,440,2008,0,ITH,ITH5,8,Emilia-Romagna,Emilia-Romagna,4459477,667453,14.97,0.05
434,2021-05-07,EMR,35298,16970,18328,22745,11875,678,ITH,ITH5,8,Emilia-Romagna,Emilia-Romagna,4459477,702751,15.76,0.79
435,2021-07-03,EMR,32057,15900,16157,11782,19980,295,ITH,ITH5,8,Emilia-Romagna,Emilia-Romagna,4459477,734808,16.48,0.72
436,2021-05-31,EMR,29758,13765,15993,17724,11490,544,ITH,ITH5,8,Emilia-Romagna,Emilia-Romagna,4459477,764566,17.14,0.67
437,2021-02-20,EMR,5319,2094,3225,5049,263,7,ITH,ITH5,8,Emilia-Romagna,Emilia-Romagna,4459477,769885,17.26,0.12
438,2021-01-15,EMR,7750,2404,5346,7742,0,8,ITH,ITH5,8,Emilia-Romagna,Emilia-Romagna,4459477,777635,17.44,0.17
439,2021-06-09,EMR,43020,21859,21161,36180,6373,467,ITH,ITH5,8,Emilia-Romagna,Emilia-Romagna,4459477,820655,18.4,0.96
440,2021-03-01,EMR,10098,3582,6516,7815,2258,25,ITH,ITH5,8,Emilia-Romagna,Emilia-Romagna,4459477,830753,18.63,0.23
441,2021-05-04,EMR,29281,13709,15572,15135,13661,485,ITH,ITH5,8,Emilia-Romagna,Emilia-Romagna,4459477,860034,19.29,0.66
442,2021-03-09,EMR,14759,6020,8739,10711,3953,95,ITH,ITH5,8,Emilia-Romagna,Emilia-Romagna,4459477,874793,19.62,0.33
443,2021-05-05,EMR,30120,13995,16125,18283,11267,570,ITH,ITH5,8,Emilia-Romagna,Emilia-Romagna,4459477,904913,20.29,0.68
444,2021-05-23,EMR,25488,11861,13627,13580,11596,312,ITH,ITH5,8,Emilia-Romagna,Emilia-Romagna,4459477,930401,20.86,0.57
445,2021-07-19,EMR,41819,22028,19791,6975,34615,229,ITH,ITH5,8,Emilia-Romagna,Emilia-Romagna,4459477,972220,21.8,0.94
446,2021-04-23,EMR,29564,13811,15753,14305,14884,375,ITH,ITH5,8,Emilia-Romagna,Emilia-Romagna,4459477,1001784,22.46,0.66
447,2021-01-13,EMR,9076,2941,6135,9071,0,5,ITH,ITH5,8,Emilia-Romagna,Emilia-Romagna,4459477,1010860,22.67,0.2
448,2021-04-04,EMR,9879,4717,5162,7525,2267,87,ITH,ITH5,8,Emilia-Romagna,Emilia-Romagna,4459477,1020739,22.89,0.22
449,2021-01-11,EMR,9347,3273,6074,9338,0,9,ITH,ITH5,8,Emilia-Romagna,Emilia-Romagna,4459477,1030086,23.1,0.21
450,2021-06-19,EMR,36633,18337,18296,17039,19384,210,ITH,ITH5,8,Emilia-Romagna,Emilia-Romagna,4459477,1066719,23.92,0.82
451,2021-03-11,EMR,17455,7306,10149,11433,5851,171,ITH,ITH5,8,Emilia-Romagna,Emilia-Romagna,4459477,1084174,24.31,0.39
452,2021-02-06,EMR,7594,2404,5190,2105,5485,4,ITH,ITH5,8,Emilia-Romagna,Emilia-Romagna,4459477,1091768,24.48,0.17
453,2021-06-26,EMR,37427,18967,18460,21517,15519,391,ITH,ITH5,8,Emilia-Romagna,Emilia-Romagna,4459477,1129195,25.32,0.84
454,2021-07-10,EMR,41952,21360,20592,7075,34523,354,ITH,ITH5,8,Emilia-Romagna,Emilia-Romagna,4459477,1171147,26.26,0.94
455,2021-05-19,EMR,33745,14970,18775,18031,15194,520,ITH,ITH5,8,Emilia-Romagna,Emilia-Romagna,4459477,1204892,27.02,0.76
456,2021-06-02,EMR,24103,12065,12038,18940,4972,191,ITH,ITH5,8,Emilia-Romagna,Emilia-Romagna,4459477,1228995,27.56,0.54
457,2021-03-13,EMR,16137,6361,9776,10589,5313,235,ITH,ITH5,8,Emilia-Romagna,Emilia-Romagna,4459477,1245132,27.92,0.36
458,2021-07-05,EMR,33178,16182,16996,11521,21336,321,ITH,ITH5,8,Emilia-Romagna,Emilia-Romagna,4459477,1278310,28.67,0.74
459,2021-04-18,EMR,17504,8396,9108,12362,4918,224,ITH,ITH5,8,Emilia-Romagna,Emilia-Romagna,4459477,1295814,29.06,0.39
460,2021-06-14,EMR,41291,21349,19942,27802,13073,416,ITH,ITH5,8,Emilia-Romagna,Emilia-Romagna,4459477,1337105,29.98,0.93
461,2021-05-09,EMR,25613,12254,13359,18237,6968,408,ITH,ITH5,8,Emilia-Romagna,Emilia-Romagna,4459477,1362718,30.56,0.57
462,2021-01-29,EMR,10416,3496,6920,289,10126,1,ITH,ITH5,8,Emilia-Romagna,Emilia-Romagna,4459477,1373134,30.79,0.23
463,2021-02-15,EMR,2904,851,2053,2712,125,67,ITH,ITH5,8,Emilia-Romagna,Emilia-Romagna,4459477,1376038,30.86,0.07
464,2021-01-27,EMR,8363,2949,5414,462,7901,0,ITH,ITH5,8,Emilia-Romagna,Emilia-Romagna,4459477,1384401,31.04,0.19
465,2021-02-27,EMR,10961,3998,6963,9192,1738,31,ITH,ITH5,8,Emilia-Romagna,Emilia-Romagna,4459477,1395362,31.29,0.25
466,2021-04-25,EMR,22351,10240,12111,14398,7511,442,ITH,ITH5,8,Emilia-Romagna,Emilia-Romagna,4459477,1417713,31.79,0.5
467,2021-04-27,EMR,32108,14865,17243,19222,12464,422,ITH,ITH5,8,Emilia-Romagna,Emilia-Romagna,4459477,1449821,32.51,0.72
468,2021-07-12,EMR,43935,22257,21678,5600,38021,314,ITH,ITH5,8,Emilia-Romagna,Emilia-Romagna,4459477,1493756,33.5,0.99
469,2021-06-30,EMR,34221,17274,16947,18241,15653,327,ITH,ITH5,8,Emilia-Romagna,Emilia-Romagna,4459477,1527977,34.26,0.77
470,2021-07-17,EMR,43425,22909,20516,7468,35523,434,ITH,ITH5,8,Emilia-Romagna,Emilia-Romagna,4459477,1571402,35.24,0.97
471,2021-06-11,EMR,45871,23818,22053,38818,6512,541,ITH,ITH5,8,Emilia-Romagna,Emilia-Romagna,4459477,1617273,36.27,1.03
472,2021-06-28,EMR,40023,19633,20390,20020,19563,440,ITH,ITH5,8,Emilia-Romagna,Emilia-Romagna,4459477,1657296,37.16,0.9
473,2021-03-20,EMR,16086,6830,9256,8956,6964,166,ITH,ITH5,8,Emilia-Romagna,Emilia-Romagna,4459477,1673382,37.52,0.36
474,2021-04-06,EMR,24752,11174,13578,19721,4746,285,ITH,ITH5,8,Emilia-Romagna,Emilia-Romagna,4459477,1698134,38.08,0.56
475,2020-12-27,EMR,972,373,599,972,0,0,ITH,ITH5,8,Emilia-Romagna,Emilia-Romagna,4459477,1699106,38.1,0.02
476,2021-06-04,EMR,45649,22982,22667,37171,8160,318,ITH,ITH5,8,Emilia-Romagna,Emilia-Romagna,4459477,1744755,39.12,1.02
477,2021-01-20,EMR,1327,270,1057,1325,1,1,ITH,ITH5,8,Emilia-Romagna,Emilia-Romagna,4459477,1746082,39.15,0.03
478,2021-03-27,EMR,21660,9059,12601,14507,6908,245,ITH,ITH5,8,Emilia-Romagna,Emilia-Romagna,4459477,1767742,39.64,0.49
479,2021-04-13,EMR,23717,11127,12590,19028,4343,346,ITH,ITH5,8,Emilia-Romagna,Emilia-Romagna,4459477,1791459,40.17,0.53
480,2021-01-03,EMR,2763,943,1820,2763,0,0,ITH,ITH5,8,Emilia-Romagna,Emilia-Romagna,4459477,1794222,40.23,0.06
481,2021-05-02,EMR,25580,11653,13927,13189,11991,400,ITH,ITH5,8,Emilia-Romagna,Emilia-Romagna,4459477,1819802,40.81,0.57
482,2021-01-22,EMR,1829,477,1352,1086,741,2,ITH,ITH5,8,Emilia-Romagna,Emilia-Romagna,4459477,1821631,40.85,0.04
483,2021-02-08,EMR,5231,1534,3697,2315,2913,3,ITH,ITH5,8,Emilia-Romagna,Emilia-Romagna,4459477,1826862,40.97,0.12
484,2021-05-16,EMR,25858,12175,13683,18360,7121,377,ITH,ITH5,8,Emilia-Romagna,Emilia-Romagna,4459477,1852720,41.55,0.58
485,2021-02-22,EMR,7482,3091,4391,7197,272,13,ITH,ITH5,8,Emilia-Romagna,Emilia-Romagna,4459477,1860202,41.71,0.17
486,2021-05-06,EMR,35938,16607,19331,22163,13062,713,ITH,ITH5,8,Emilia-Romagna,Emilia-Romagna,4459477,1896140,42.52,0.81
487,2021-01-26,EMR,8334,3000,5334,211,8122,1,ITH,ITH5,8,Emilia-Romagna,Emilia-Romagna,4459477,1904474,42.71,0.19
488,2021-07-02,EMR,34696,17064,17632,12679,21685,332,ITH,ITH5,8,Emilia-Romagna,Emilia-Romagna,4459477,1939170,43.48,0.78
489,2021-03-24,EMR,21222,9402,11820,13620,7383,219,ITH,ITH5,8,Emilia-Romagna,Emilia-Romagna,4459477,1960392,43.96,0.48
490,2021-01-24,EMR,2444,886,1558,298,2146,0,ITH,ITH5,8,Emilia-Romagna,Emilia-Romagna,4459477,1962836,44.01,0.05
491,2021-06-13,EMR,28708,14969,13739,24142,4277,289,ITH,ITH5,8,Emilia-Romagna,Emilia-Romagna,4459477,1991544,44.66,0.64
492,2021-03-05,EMR,17868,5843,12025,14293,3455,120,ITH,ITH5,8,Emilia-Romagna,Emilia-Romagna,4459477,2009412,45.06,0.4
493,2021-03-22,EMR,17646,7813,9833,10616,6862,168,ITH,ITH5,8,Emilia-Romagna,Emilia-Romagna,4459477,2027058,45.46,0.4
494,2021-01-10,EMR,7171,2684,4487,7170,0,1,ITH,ITH5,8,Emilia-Romagna,Emilia-Romagna,4459477,2034229,45.62,0.16
495,2021-06-16,EMR,45729,23371,22358,25444,19928,357,ITH,ITH5,8,Emilia-Romagna,Emilia-Romagna,4459477,2079958,46.64,1.03
496,2021-03-08,EMR,12191,5092,7099,9465,2647,79,ITH,ITH5,8,Emilia-Romagna,Emilia-Romagna,4459477,2092149,46.91,0.27
497,2021-04-20,EMR,22625,10406,12219,13884,8354,387,ITH,ITH5,8,Emilia-Romagna,Emilia-Romagna,4459477,2114774,47.42,0.51
498,2021-06-23,EMR,37751,18886,18865,18639,18833,279,ITH,ITH5,8,Emilia-Romagna,Emilia-Romagna,4459477,2152525,48.27,0.85
499,2021-03-25,EMR,21482,9417,12065,14233,6990,259,ITH,ITH5,8,Emilia-Romagna,Emilia-Romagna,4459477,2174007,48.75,0.48
500,2021-05-21,EMR,39314,17542,21772,21635,17070,609,ITH,ITH5,8,Emilia-Romagna,Emilia-Romagna,4459477,2213321,49.63,0.88
501,2021-02-10,EMR,4023,1385,2638,2761,1256,6,ITH,ITH5,8,Emilia-Romagna,Emilia-Romagna,4459477,2217344,49.72,0.09
502,2021-04-08,EMR,31214,14332,16882,25212,5304,698,ITH,ITH5,8,Emilia-Romagna,Emilia-Romagna,4459477,2248558,50.42,0.7
503,2021-05-01,EMR,28409,12776,15633,15274,12779,356,ITH,ITH5,8,Emilia-Romagna,Emilia-Romagna,4459477,2276967,51.06,0.64
504,2021-04-15,EMR,29351,13982,15369,19247,9674,430,ITH,ITH5,8,Emilia-Romagna,Emilia-Romagna,4459477,2306318,51.72,0.66
505,2021-06-18,EMR,42512,21280,21232,16383,25865,264,ITH,ITH5,8,Emilia-Romagna,Emilia-Romagna,4459477,2348830,52.67,0.95
506,2021-03-10,EMR,18803,7742,11061,12979,5645,179,ITH,ITH5,8,Emilia-Romagna,Emilia-Romagna,4459477,2367633,53.09,0.42
507,2021-05-18,EMR,29145,13257,15888,18096,10563,486,ITH,ITH5,8,Emilia-Romagna,Emilia-Romagna,4459477,2396778,53.75,0.65
508,2021-02-07,EMR,4785,1536,3249,1722,3061,2,ITH,ITH5,8,Emilia-Romagna,Emilia-Romagna,4459477,2401563,53.85,0.11
509,2021-02-24,EMR,9353,3567,5786,8451,885,17,ITH,ITH5,8,Emilia-Romagna,Emilia-Romagna,4459477,2410916,54.06,0.21
510,2021-01-05,EMR,9363,3171,6192,9359,0,4,ITH,ITH5,8,Emilia-Romagna,Emilia-Romagna,4459477,2420279,54.27,0.21
511,2021-07-09,EMR,44747,22853,21894,5537,38921,289,ITH,ITH5,8,Emilia-Romagna,Emilia-Romagna,4459477,2465026,55.28,1.0
512,2021-01-17,EMR,2890,887,2003,2643,246,1,ITH,ITH5,8,Emilia-Romagna,Emilia-Romagna,4459477,2467916,55.34,0.06
513,2021-04-02,EMR,23395,10553,12842,18561,4481,353,ITH,ITH5,8,Emilia-Romagna,Emilia-Romagna,4459477,2491311,55.87,0.52
514,2021-05-29,EMR,37861,16501,21360,16650,20694,517,ITH,ITH5,8,Emilia-Romagna,Emilia-Romagna,4459477,2529172,56.71,0.85
515,2021-07-11,EMR,30305,15195,15110,2896,27279,130,ITH,ITH5,8,Emilia-Romagna,Emilia-Romagna,4459477,2559477,57.39,0.68
516,2021-03-03,EMR,15864,5253,10611,13327,2485,52,ITH,ITH5,8,Emilia-Romagna,Emilia-Romagna,4459477,2575341,57.75,0.36
517,2021-05-25,EMR,25157,11212,13945,11297,13436,424,ITH,ITH5,8,Emilia-Romagna,Emilia-Romagna,4459477,2600498,58.31,0.56
518,2021-02-14,EMR,1403,378,1025,1275,120,8,ITH,ITH5,8,Emilia-Romagna,Emilia-Romagna,4459477,2601901,58.35,0.03
519,2021-05-27,EMR,42260,18746,23514,13624,28204,432,ITH,ITH5,8,Emilia-Romagna,Emilia-Romagna,4459477,2644161,59.29,0.95
520,2021-02-16,EMR,5772,2446,3326,5227,531,14,ITH,ITH5,8,Emilia-Romagna,Emilia-Romagna,4459477,2649933,59.42,0.13
521,2021-05-10,EMR,33861,16140,17721,26035,7256,570,ITH,ITH5,8,Emilia-Romagna,Emilia-Romagna,4459477,2683794,60.18,0.76
522,2021-03-18,EMR,13677,5807,7870,5584,8002,91,ITH,ITH5,8,Emilia-Romagna,Emilia-Romagna,4459477,2697471,60.49,0.31
523,2021-05-14,EMR,37283,17179,20104,26763,9628,892,ITH,ITH5,8,Emilia-Romagna,Emilia-Romagna,4459477,2734754,61.32,0.84
524,2021-02-03,EMR,9340,2989,6351,964,8375,1,ITH,ITH5,8,Emilia-Romagna,Emilia-Romagna,4459477,2744094,61.53,0.21
525,2021-04-01,EMR,23953,10772,13181,19063,4551,339,ITH,ITH5,8,Emilia-Romagna,Emilia-Romagna,4459477,2768047,62.07,0.54
526,2021-02-17,EMR,6538,2764,3774,5754,772,12,ITH,ITH5,8,Emilia-Romagna,Emilia-Romagna,4459477,2774585,62.22,0.15
527,2021-06-01,EMR,27154,13095,14059,17056,9909,189,ITH,ITH5,8,Emilia-Romagna,Emilia-Romagna,4459477,2801739,62.83,0.61
528,2021-02-12,EMR,5315,1673,3642,3888,1403,24,ITH,ITH5,8,Emilia-Romagna,Emilia-Romagna,4459477,2807054,62.95,0.12
529,2021-04-10,EMR,20922,9301,11621,16447,4143,332,ITH,ITH5,8,Emilia-Romagna,Emilia-Romagna,4459477,2827976,63.41,0.47
530,2021-04-17,EMR,27303,13076,14227,17573,9345,385,ITH,ITH5,8,Emilia-Romagna,Emilia-Romagna,4459477,2855279,64.03,0.61
531,2021-01-07,EMR,10275,3406,6869,10271,0,4,ITH,ITH5,8,Emilia-Romagna,Emilia-Romagna,4459477,2865554,64.26,0.23
532,2021-04-03,EMR,19938,8766,11172,15953,3740,245,ITH,ITH5,8,Emilia-Romagna,Emilia-Romagna,4459477,2885492,64.7,0.45
533,2021-05-30,EMR,27079,12793,14286,12977,13696,406,ITH,ITH5,8,Emilia-Romagna,Emilia-Romagna,4459477,2912571,65.31,0.61
534,2021-02-19,EMR,7327,3010,4317,6800,514,13,ITH,ITH5,8,Emilia-Romagna,Emilia-Romagna,4459477,2919898,65.48,0.16
535,2021-01-08,EMR,10868,3580,7288,10865,0,3,ITH,ITH5,8,Emilia-Romagna,Emilia-Romagna,4459477,2930766,65.72,0.24
536,2021-03-06,EMR,20911,5941,14970,18050,2738,123,ITH,ITH5,8,Emilia-Romagna,Emilia-Romagna,4459477,2951677,66.19,0.47
537,2021-05-20,EMR,40306,18322,21984,18403,21405,498,ITH,ITH5,8,Emilia-Romagna,Emilia-Romagna,4459477,2991983,67.09,0.9
538,2020-12-31,EMR,2215,780,1435,2214,0,1,ITH,ITH5,8,Emilia-Romagna,Emilia-Romagna,4459477,2994198,67.14,0.05
539,2021-06-06,EMR,36569,18985,17584,31997,4407,165,ITH,ITH5,8,Emilia-Romagna,Emilia-Romagna,4459477,3030767,67.96,0.82
540,2021-02-26,EMR,9635,3673,5962,8566,1049,20,ITH,ITH5,8,Emilia-Romagna,Emilia-Romagna,4459477,3040402,68.18,0.22
541,2021-03-31,EMR,25267,11045,14222,19494,5453,320,ITH,ITH5,8,Emilia-Romagna,Emilia-Romagna,4459477,3065669,68.75,0.57
542,2021-07-13,EMR,48296,24736,23560,6780,41154,362,ITH,ITH5,8,Emilia-Romagna,Emilia-Romagna,4459477,3113965,69.83,1.08
543,2021-07-04,EMR,24240,12050,12190,10432,13595,213,ITH,ITH5,8,Emilia-Romagna,Emilia-Romagna,4459477,3138205,70.37,0.54
544,2021-03-26,EMR,23705,10111,13594,16998,6437,270,ITH,ITH5,8,Emilia-Romagna,Emilia-Romagna,4459477,3161910,70.9,0.53
545,2021-04-12,EMR,19247,9008,10239,14447,4447,353,ITH,ITH5,8,Emilia-Romagna,Emilia-Romagna,4459477,3181157,71.33,0.43
546,2021-06-08,EMR,44995,23028,21967,37171,7470,354,ITH,ITH5,8,Emilia-Romagna,Emilia-Romagna,4459477,3226152,72.34,1.01
547,2021-07-21,EMR,41960,22361,19599,10634,30885,441,ITH,ITH5,8,Emilia-Romagna,Emilia-Romagna,4459477,3268112,73.28,0.94
548,2021-04-19,EMR,20902,9796,11106,14336,6273,293,ITH,ITH5,8,Emilia-Romagna,Emilia-Romagna,4459477,3289014,73.75,0.47
549,2021-01-09,EMR,9988,3452,6536,9984,0,4,ITH,ITH5,8,Emilia-Romagna,Emilia-Romagna,4459477,3299002,73.98,0.22
550,2021-06-15,EMR,43680,22513,21167,28141,15038,501,ITH,ITH5,8,Emilia-Romagna,Emilia-Romagna,4459477,3342682,74.96,0.98
551,2021-03-07,EMR,7840,2959,4881,6288,1520,32,ITH,ITH5,8,Emilia-Romagna,Emilia-Romagna,4459477,3350522,75.13,0.18
552,2021-05-03,EMR,28717,13567,15150,17380,10880,457,ITH,ITH5,8,Emilia-Romagna,Emilia-Romagna,4459477,3379239,75.78,0.64
553,2021-02-28,EMR,6819,2527,4292,4954,1846,19,ITH,ITH5,8,Emilia-Romagna,Emilia-Romagna,4459477,3386058,75.93,0.15
554,2021-04-26,EMR,27908,12938,14970,18036,9323,549,ITH,ITH5,8,Emilia-Romagna,Emilia-Romagna,4459477,3413966,76.56,0.63
555,2021-01-16,EMR,5628,1718,3910,5627,0,1,ITH,ITH5,8,Emilia-Romagna,Emilia-Romagna,4459477,3419594,76.68,0.13
556,2021-03-14,EMR,8802,3839,4963,4941,3798,63,ITH,ITH5,8,Emilia-Romagna,Emilia-Romagna,4459477,3428396,76.88,0.2
557,2021-02-05,EMR,9290,2956,6334,1601,7683,6,ITH,ITH5,8,Emilia-Romagna,Emilia-Romagna,4459477,3437686,77.09,0.21
558,2021-06-20,EMR,30717,15590,15127,15928,14653,136,ITH,ITH5,8,Emilia-Romagna,Emilia-Romagna,4459477,3468403,77.78,0.69
559,2021-04-21,EMR,23961,10964,12997,13855,9745,361,ITH,ITH5,8,Emilia-Romagna,Emilia-Romagna,4459477,3492364,78.31,0.54
560,2021-05-08,EMR,32348,15097,17251,20382,11423,543,ITH,ITH5,8,Emilia-Romagna,Emilia-Romagna,4459477,3524712,79.04,0.73
561,2021-01-28,EMR,10255,3339,6916,348,9907,0,ITH,ITH5,8,Emilia-Romagna,Emilia-Romagna,4459477,3534967,79.27,0.23
562,2021-04-28,EMR,33728,15595,18133,20258,12891,579,ITH,ITH5,8,Emilia-Romagna,Emilia-Romagna,4459477,3568695,80.02,0.76
563,2021-06-24,EMR,40324,20177,20147,20415,19549,360,ITH,ITH5,8,Emilia-Romagna,Emilia-Romagna,4459477,3609019,80.93,0.9
564,2021-07-23,EMR,23146,12345,10801,11755,10894,497,ITH,ITH5,8,Emilia-Romagna,Emilia-Romagna,4459477,3632165,81.45,0.52
565,2021-04-14,EMR,27043,12844,14199,20511,6105,427,ITH,ITH5,8,Emilia-Romagna,Emilia-Romagna,4459477,3659208,82.05,0.61
566,2021-01-21,EMR,2165,729,1436,819,1346,0,ITH,ITH5,8,Emilia-Romagna,Emilia-Romagna,4459477,3661373,82.1,0.05
567,2021-06-03,EMR,37898,18433,19465,30103,7536,259,ITH,ITH5,8,Emilia-Romagna,Emilia-Romagna,4459477,3699271,82.95,0.85
568,2021-02-23,EMR,8216,3219,4997,7819,386,11,ITH,ITH5,8,Emilia-Romagna,Emilia-Romagna,4459477,3707487,83.14,0.18
569,2021-03-12,EMR,18306,7701,10605,11304,6718,284,ITH,ITH5,8,Emilia-Romagna,Emilia-Romagna,4459477,3725793,83.55,0.41
570,2021-04-29,EMR,44961,21141,23820,26598,17553,810,ITH,ITH5,8,Emilia-Romagna,Emilia-Romagna,4459477,3770754,84.56,1.01
571,2021-01-19,EMR,2046,505,1541,2028,17,1,ITH,ITH5,8,Emilia-Romagna,Emilia-Romagna,4459477,3772800,84.6,0.05
572,2021-07-07,EMR,37831,19109,18722,13922,23652,257,ITH,ITH5,8,Emilia-Romagna,Emilia-Romagna,4459477,3810631,85.45,0.85
573,2021-03-29,EMR,21425,9614,11811,16535,4650,240,ITH,ITH5,8,Emilia-Romagna,Emilia-Romagna,4459477,3832056,85.93,0.48
574,2021-02-21,EMR,4450,1708,2742,4000,440,10,ITH,ITH5,8,Emilia-Romagna,Emilia-Romagna,4459477,3836506,86.03,0.1
575,2021-06-25,EMR,42507,21522,20985,19805,22284,418,ITH,ITH5,8,Emilia-Romagna,Emilia-Romagna,4459477,3879013,86.98,0.95
576,2021-03-17,EMR,13723,5692,8031,5814,7851,58,ITH,ITH5,8,Emilia-Romagna,Emilia-Romagna,4459477,3892736,87.29,0.31
577,2021-05-13,EMR,35825,16508,19317,27269,7833,723,ITH,ITH5,8,Emilia-Romagna,Emilia-Romagna,4459477,3928561,88.09,0.8
578,2021-03-15,EMR,13449,6249,7200,6849,6500,100,ITH,ITH5,8,Emilia-Romagna,Emilia-Romagna,4459477,3942010,88.4,0.3
579,2021-06-17,EMR,46420,23463,22957,21893,24189,338,ITH,ITH5,8,Emilia-Romagna,Emilia-Romagna,4459477,3988430,89.44,1.04
580,2021-01-02,EMR,2379,917,1462,2379,0,0,ITH,ITH5,8,Emilia-Romagna,Emilia-Romagna,4459477,3990809,89.49,0.05
581,2021-06-05,EMR,44260,22363,21897,36974,6905,381,ITH,ITH5,8,Emilia-Romagna,Emilia-Romagna,4459477,4035069,90.48,0.99
582,2021-06-22,EMR,36390,18122,18268,16531,19599,260,ITH,ITH5,8,Emilia-Romagna,Emilia-Romagna,4459477,4071459,91.3,0.82
583,2021-02-09,EMR,4154,1249,2905,2306,1847,1,ITH,ITH5,8,Emilia-Romagna,Emilia-Romagna,4459477,4075613,91.39,0.09
584,2021-05-15,EMR,33270,14990,18280,22201,10424,645,ITH,ITH5,8,Emilia-Romagna,Emilia-Romagna,4459477,4108883,92.14,0.75
585,2021-02-04,EMR,9920,3201,6719,1229,8690,1,ITH,ITH5,8,Emilia-Romagna,Emilia-Romagna,4459477,4118803,92.36,0.22
586,2021-05-22,EMR,33070,14139,18931,16458,16153,459,ITH,ITH5,8,Emilia-Romagna,Emilia-Romagna,4459477,4151873,93.1,0.74
587,2021-07-18,EMR,34403,17832,16571,8479,25694,230,ITH,ITH5,8,Emilia-Romagna,Emilia-Romagna,4459477,4186276,93.87,0.77
588,2021-04-09,EMR,25731,11668,14063,19532,5700,499,ITH,ITH5,8,Emilia-Romagna,Emilia-Romagna,4459477,4212007,94.45,0.58
589,2021-02-02,EMR,9474,3048,6426,515,8959,0,ITH,ITH5,8,Emilia-Romagna,Emilia-Romagna,4459477,4221481,94.66,0.21
590,2021-07-06,EMR,36735,18463,18272,13287,23150,298,ITH,ITH5,8,Emilia-Romagna,Emilia-Romagna,4459477,4258216,95.49,0.82
591,2021-05-17,EMR,32430,15403,17027,22367,9522,541,ITH,ITH5,8,Emilia-Romagna,Emilia-Romagna,4459477,4290646,96.21,0.73
592,2021-05-28,EMR,41217,18943,22274,17270,23356,591,ITH,ITH5,8,Emilia-Romagna,Emilia-Romagna,4459477,4331863,97.14,0.92
593,2021-04-22,EMR,29054,13453,15601,14615,14077,362,ITH,ITH5,8,Emilia-Romagna,Emilia-Romagna,4459477,4360917,97.79,0.65
594,2021-01-12,EMR,9476,3124,6352,9466,0,10,ITH,ITH5,8,Emilia-Romagna,Emilia-Romagna,4459477,4370393,98.0,0.21
595,2021-07-16,EMR,49646,26204,23442,7285,41949,412,ITH,ITH5,8,Emilia-Romagna,Emilia-Romagna,4459477,4420039,99.12,1.11
596,2021-06-27,EMR,29542,14859,14683,16527,12721,294,ITH,ITH5,8,Emilia-Romagna,Emilia-Romagna,4459477,4449581,99.78,0.66
597,2021-07-14,EMR,47819,24453,23366,5759,41704,356,ITH,ITH5,8,Emilia-Romagna,Emilia-Romagna,4459477,4497400,100.85,1.07
598,2021-04-05,EMR,14847,6802,8045,11779,2892,176,ITH,ITH5,8,Emilia-Romagna,Emilia-Romagna,4459477,4512247,101.18,0.33
599,2021-04-24,EMR,28635,13243,15392,14059,14230,346,ITH,ITH5,8,Emilia-Romagna,Emilia-Romagna,4459477,4540882,101.83,0.64
600,2021-05-11,EMR,35790,16796,18994,27792,7257,741,ITH,ITH5,8,Emilia-Romagna,Emilia-Romagna,4459477,4576672,102.63,0.8
601,2021-01-31,EMR,7697,2763,4934,240,7457,0,ITH,ITH5,8,Emilia-Romagna,Emilia-Romagna,4459477,4584369,102.8,0.17
602,2021-06-29,EMR,37622,18554,19068,18531,18770,321,ITH,ITH5,8,Emilia-Romagna,Emilia-Romagna,4459477,4621991,103.64,0.84
603,2021-03-21,EMR,11956,5296,6660,7261,4605,90,ITH,ITH5,8,Emilia-Romagna,Emilia-Romagna,4459477,4633947,103.91,0.27
604,2021-06-10,EMR,44966,23093,21873,39119,5357,490,ITH,ITH5,8,Emilia-Romagna,Emilia-Romagna,4459477,4678913,104.92,1.01
605,2021-03-02,EMR,12659,4272,8387,10526,2077,56,ITH,ITH5,8,Emilia-Romagna,Emilia-Romagna,4459477,4691572,105.2,0.28
606,2021-03-19,EMR,15925,6972,8953,7799,7969,157,ITH,ITH5,8,Emilia-Romagna,Emilia-Romagna,4459477,4707497,105.56,0.36
607,2021-04-07,EMR,26118,11891,14227,19790,6013,315,ITH,ITH5,8,Emilia-Romagna,Emilia-Romagna,4459477,4733615,106.15,0.59
608,2021-01-14,EMR,8129,2593,5536,8119,0,10,ITH,ITH5,8,Emilia-Romagna,Emilia-Romagna,4459477,4741744,106.33,0.18
609,2021-07-20,FVG,9016,4709,4307,2262,6455,299,ITH,ITH4,6,Friuli-Venezia Giulia,Friuli Venezia Giulia,1215220,9016,0.74,0.74
610,2021-04-11,FVG,3433,1519,1914,2435,906,92,ITH,ITH4,6,Friuli-Venezia Giulia,Friuli Venezia Giulia,1215220,12449,1.02,0.28
611,2021-06-07,FVG,9204,4770,4434,8183,994,27,ITH,ITH4,6,Friuli-Venezia Giulia,Friuli Venezia Giulia,1215220,21653,1.78,0.76
612,2021-05-31,FVG,8906,4425,4481,6505,2189,212,ITH,ITH4,6,Friuli-Venezia Giulia,Friuli Venezia Giulia,1215220,30559,2.51,0.73
613,2021-06-24,FVG,11075,5649,5426,1981,9085,9,ITH,ITH4,6,Friuli-Venezia Giulia,Friuli Venezia Giulia,1215220,41634,3.43,0.91
614,2021-03-16,FVG,3187,1299,1888,1030,2081,76,ITH,ITH4,6,Friuli-Venezia Giulia,Friuli Venezia Giulia,1215220,44821,3.69,0.26
615,2021-05-12,FVG,10878,5041,5837,9072,1412,394,ITH,ITH4,6,Friuli-Venezia Giulia,Friuli Venezia Giulia,1215220,55699,4.58,0.9
616,2021-01-30,FVG,2277,745,1532,270,2007,0,ITH,ITH4,6,Friuli-Venezia Giulia,Friuli Venezia Giulia,1215220,57976,4.77,0.19
617,2021-07-13,FVG,10922,5630,5292,1049,9718,155,ITH,ITH4,6,Friuli-Venezia Giulia,Friuli Venezia Giulia,1215220,68898,5.67,0.9
618,2021-06-26,FVG,10203,5195,5008,4036,6154,13,ITH,ITH4,6,Friuli-Venezia Giulia,Friuli Venezia Giulia,1215220,79101,6.51,0.84
619,2021-03-28,FVG,4938,2354,2584,4726,158,54,ITH,ITH4,6,Friuli-Venezia Giulia,Friuli Venezia Giulia,1215220,84039,6.92,0.41
620,2021-01-18,FVG,1961,606,1355,1867,94,0,ITH,ITH4,6,Friuli-Venezia Giulia,Friuli Venezia Giulia,1215220,86000,7.08,0.16
621,2021-01-04,FVG,1507,558,949,1507,0,0,ITH,ITH4,6,Friuli-Venezia Giulia,Friuli Venezia Giulia,1215220,87507,7.2,0.12
622,2021-02-06,FVG,1154,338,816,21,1132,1,ITH,ITH4,6,Friuli-Venezia Giulia,Friuli Venezia Giulia,1215220,88661,7.3,0.09
623,2021-02-23,FVG,2644,1278,1366,2460,180,4,ITH,ITH4,6,Friuli-Venezia Giulia,Friuli Venezia Giulia,1215220,91305,7.51,0.22
624,2021-07-08,FVG,12916,6980,5936,1286,11432,198,ITH,ITH4,6,Friuli-Venezia Giulia,Friuli Venezia Giulia,1215220,104221,8.58,1.06
625,2021-02-04,FVG,2725,808,1917,35,2690,0,ITH,ITH4,6,Friuli-Venezia Giulia,Friuli Venezia Giulia,1215220,106946,8.8,0.22
626,2021-04-30,FVG,7366,3252,4114,3543,3655,168,ITH,ITH4,6,Friuli-Venezia Giulia,Friuli Venezia Giulia,1215220,114312,9.41,0.61
627,2021-04-28,FVG,7309,3229,4080,3683,3495,131,ITH,ITH4,6,Friuli-Venezia Giulia,Friuli Venezia Giulia,1215220,121621,10.01,0.6
628,2021-01-23,FVG,814,323,491,4,810,0,ITH,ITH4,6,Friuli-Venezia Giulia,Friuli Venezia Giulia,1215220,122435,10.08,0.07
629,2021-05-05,FVG,9768,4265,5503,6060,3471,237,ITH,ITH4,6,Friuli-Venezia Giulia,Friuli Venezia Giulia,1215220,132203,10.88,0.8
630,2021-05-24,FVG,11427,5527,5900,7555,3619,253,ITH,ITH4,6,Friuli-Venezia Giulia,Friuli Venezia Giulia,1215220,143630,11.82,0.94
631,2021-02-13,FVG,566,179,387,559,6,1,ITH,ITH4,6,Friuli-Venezia Giulia,Friuli Venezia Giulia,1215220,144196,11.87,0.05
632,2021-03-02,FVG,4222,1519,2703,2702,1500,20,ITH,ITH4,6,Friuli-Venezia Giulia,Friuli Venezia Giulia,1215220,148418,12.21,0.35
633,2021-03-04,FVG,3452,1598,1854,2769,660,23,ITH,ITH4,6,Friuli-Venezia Giulia,Friuli Venezia Giulia,1215220,151870,12.5,0.28
634,2021-06-12,FVG,8205,4704,3501,7019,1160,26,ITH,ITH4,6,Friuli-Venezia Giulia,Friuli Venezia Giulia,1215220,160075,13.17,0.68
635,2021-03-21,FVG,2673,1001,1672,2228,409,36,ITH,ITH4,6,Friuli-Venezia Giulia,Friuli Venezia Giulia,1215220,162748,13.39,0.22
636,2021-02-18,FVG,3218,1492,1726,2791,407,20,ITH,ITH4,6,Friuli-Venezia Giulia,Friuli Venezia Giulia,1215220,165966,13.66,0.26
637,2021-04-02,FVG,6595,2927,3668,4644,1838,113,ITH,ITH4,6,Friuli-Venezia Giulia,Friuli Venezia Giulia,1215220,172561,14.2,0.54
638,2021-04-16,FVG,6963,3027,3936,4910,1926,127,ITH,ITH4,6,Friuli-Venezia Giulia,Friuli Venezia Giulia,1215220,179524,14.77,0.57
639,2021-01-06,FVG,716,265,451,716,0,0,ITH,ITH4,6,Friuli-Venezia Giulia,Friuli Venezia Giulia,1215220,180240,14.83,0.06
640,2021-05-19,FVG,12044,5935,6109,9298,2346,400,ITH,ITH4,6,Friuli-Venezia Giulia,Friuli Venezia Giulia,1215220,192284,15.82,0.99
641,2021-03-14,FVG,1398,550,848,1124,252,22,ITH,ITH4,6,Friuli-Venezia Giulia,Friuli Venezia Giulia,1215220,193682,15.94,0.12
642,2021-04-08,FVG,7451,3222,4229,5406,1922,123,ITH,ITH4,6,Friuli-Venezia Giulia,Friuli Venezia Giulia,1215220,201133,16.55,0.61
643,2021-05-21,FVG,11215,5020,6195,7922,2975,318,ITH,ITH4,6,Friuli-Venezia Giulia,Friuli Venezia Giulia,1215220,212348,17.47,0.92
644,2021-02-10,FVG,1350,496,854,1264,86,0,ITH,ITH4,6,Friuli-Venezia Giulia,Friuli Venezia Giulia,1215220,213698,17.59,0.11
645,2021-07-17,FVG,7167,3845,3322,550,6530,87,ITH,ITH4,6,Friuli-Venezia Giulia,Friuli Venezia Giulia,1215220,220865,18.17,0.59
646,2021-02-01,FVG,2099,688,1411,16,2083,0,ITH,ITH4,6,Friuli-Venezia Giulia,Friuli Venezia Giulia,1215220,222964,18.35,0.17
647,2021-02-27,FVG,3531,1201,2330,3511,1,19,ITH,ITH4,6,Friuli-Venezia Giulia,Friuli Venezia Giulia,1215220,226495,18.64,0.29
648,2021-04-25,FVG,2373,991,1382,2187,11,175,ITH,ITH4,6,Friuli-Venezia Giulia,Friuli Venezia Giulia,1215220,228868,18.83,0.2
649,2021-01-15,FVG,2020,605,1415,2019,0,1,ITH,ITH4,6,Friuli-Venezia Giulia,Friuli Venezia Giulia,1215220,230888,19.0,0.17
650,2021-04-21,FVG,7776,3469,4307,4020,3681,75,ITH,ITH4,6,Friuli-Venezia Giulia,Friuli Venezia Giulia,1215220,238664,19.64,0.64
651,2021-01-11,FVG,1882,608,1274,1882,0,0,ITH,ITH4,6,Friuli-Venezia Giulia,Friuli Venezia Giulia,1215220,240546,19.79,0.15
652,2021-07-15,FVG,9990,5091,4899,903,8836,251,ITH,ITH4,6,Friuli-Venezia Giulia,Friuli Venezia Giulia,1215220,250536,20.62,0.82
653,2021-04-23,FVG,7473,3379,4094,3477,3866,130,ITH,ITH4,6,Friuli-Venezia Giulia,Friuli Venezia Giulia,1215220,258009,21.23,0.61
654,2021-06-19,FVG,8506,4435,4071,1367,7132,7,ITH,ITH4,6,Friuli-Venezia Giulia,Friuli Venezia Giulia,1215220,266515,21.93,0.7
655,2021-03-11,FVG,3478,1517,1961,1715,1751,12,ITH,ITH4,6,Friuli-Venezia Giulia,Friuli Venezia Giulia,1215220,269993,22.22,0.29
656,2021-02-11,FVG,1931,664,1267,1735,193,3,ITH,ITH4,6,Friuli-Venezia Giulia,Friuli Venezia Giulia,1215220,271924,22.38,0.16
657,2021-04-09,FVG,7916,3659,4257,6507,1248,161,ITH,ITH4,6,Friuli-Venezia Giulia,Friuli Venezia Giulia,1215220,279840,23.03,0.65
658,2020-12-30,FVG,626,244,382,626,0,0,ITH,ITH4,6,Friuli-Venezia Giulia,Friuli Venezia Giulia,1215220,280466,23.08,0.05
659,2021-06-05,FVG,10311,5330,4981,8745,1548,18,ITH,ITH4,6,Friuli-Venezia Giulia,Friuli Venezia Giulia,1215220,290777,23.93,0.85
660,2021-02-25,FVG,3166,1652,1514,3112,29,25,ITH,ITH4,6,Friuli-Venezia Giulia,Friuli Venezia Giulia,1215220,293943,24.19,0.26
661,2021-05-17,FVG,8810,4088,4722,6095,2488,227,ITH,ITH4,6,Friuli-Venezia Giulia,Friuli Venezia Giulia,1215220,302753,24.91,0.72
662,2021-03-09,FVG,4012,1723,2289,1237,2750,25,ITH,ITH4,6,Friuli-Venezia Giulia,Friuli Venezia Giulia,1215220,306765,25.24,0.33
663,2021-01-25,FVG,1583,567,1016,194,1389,0,ITH,ITH4,6,Friuli-Venezia Giulia,Friuli Venezia Giulia,1215220,308348,25.37,0.13
664,2021-07-01,FVG,12245,6363,5882,2530,9446,269,ITH,ITH4,6,Friuli-Venezia Giulia,Friuli Venezia Giulia,1215220,320593,26.38,1.01
665,2021-03-23,FVG,3892,1685,2207,1737,2141,14,ITH,ITH4,6,Friuli-Venezia Giulia,Friuli Venezia Giulia,1215220,324485,26.7,0.32
666,2021-01-16,FVG,1230,360,870,1230,0,0,ITH,ITH4,6,Friuli-Venezia Giulia,Friuli Venezia Giulia,1215220,325715,26.8,0.1
667,2021-07-03,FVG,11386,6077,5309,1077,10155,154,ITH,ITH4,6,Friuli-Venezia Giulia,Friuli Venezia Giulia,1215220,337101,27.74,0.94
668,2021-03-25,FVG,5534,2425,3109,3339,2137,58,ITH,ITH4,6,Friuli-Venezia Giulia,Friuli Venezia Giulia,1215220,342635,28.2,0.46
669,2021-01-27,FVG,1272,426,846,449,821,2,ITH,ITH4,6,Friuli-Venezia Giulia,Friuli Venezia Giulia,1215220,343907,28.3,0.1
670,2021-05-07,FVG,10637,4871,5766,6945,3527,165,ITH,ITH4,6,Friuli-Venezia Giulia,Friuli Venezia Giulia,1215220,354544,29.18,0.88
671,2021-05-09,FVG,7368,3309,4059,3373,3865,130,ITH,ITH4,6,Friuli-Venezia Giulia,Friuli Venezia Giulia,1215220,361912,29.78,0.61
672,2021-05-14,FVG,10765,5361,5404,7892,2597,276,ITH,ITH4,6,Friuli-Venezia Giulia,Friuli Venezia Giulia,1215220,372677,30.67,0.89
673,2021-02-03,FVG,2648,791,1857,22,2625,1,ITH,ITH4,6,Friuli-Venezia Giulia,Friuli Venezia Giulia,1215220,375325,30.89,0.22
674,2021-02-08,FVG,2356,694,1662,90,2265,1,ITH,ITH4,6,Friuli-Venezia Giulia,Friuli Venezia Giulia,1215220,377681,31.08,0.19
675,2021-04-18,FVG,6048,2807,3241,5455,407,186,ITH,ITH4,6,Friuli-Venezia Giulia,Friuli Venezia Giulia,1215220,383729,31.58,0.5
676,2021-01-08,FVG,2321,746,1575,2321,0,0,ITH,ITH4,6,Friuli-Venezia Giulia,Friuli Venezia Giulia,1215220,386050,31.77,0.19
677,2021-06-14,FVG,10268,4984,5284,5434,4812,22,ITH,ITH4,6,Friuli-Venezia Giulia,Friuli Venezia Giulia,1215220,396318,32.61,0.84
678,2021-02-20,FVG,2067,932,1135,1920,144,3,ITH,ITH4,6,Friuli-Venezia Giulia,Friuli Venezia Giulia,1215220,398385,32.78,0.17
679,2021-01-22,FVG,89,29,60,0,89,0,ITH,ITH4,6,Friuli-Venezia Giulia,Friuli Venezia Giulia,1215220,398474,32.79,0.01
680,2021-03-06,FVG,3500,1196,2304,3147,325,28,ITH,ITH4,6,Friuli-Venezia Giulia,Friuli Venezia Giulia,1215220,401974,33.08,0.29
681,2021-06-09,FVG,11321,5959,5362,9893,1395,33,ITH,ITH4,6,Friuli-Venezia Giulia,Friuli Venezia Giulia,1215220,413295,34.01,0.93
682,2021-03-01,FVG,2960,1041,1919,2888,53,19,ITH,ITH4,6,Friuli-Venezia Giulia,Friuli Venezia Giulia,1215220,416255,34.25,0.24
683,2021-03-18,FVG,3376,1423,1953,1683,1685,8,ITH,ITH4,6,Friuli-Venezia Giulia,Friuli Venezia Giulia,1215220,419631,34.53,0.28
684,2021-06-28,FVG,9834,4955,4879,2127,7688,19,ITH,ITH4,6,Friuli-Venezia Giulia,Friuli Venezia Giulia,1215220,429465,35.34,0.81
685,2021-03-20,FVG,3404,1411,1993,1302,2091,11,ITH,ITH4,6,Friuli-Venezia Giulia,Friuli Venezia Giulia,1215220,432869,35.62,0.28
686,2021-04-13,FVG,7378,3293,4085,5648,1603,127,ITH,ITH4,6,Friuli-Venezia Giulia,Friuli Venezia Giulia,1215220,440247,36.23,0.61
687,2021-01-03,FVG,312,122,190,312,0,0,ITH,ITH4,6,Friuli-Venezia Giulia,Friuli Venezia Giulia,1215220,440559,36.25,0.03
688,2021-07-22,FVG,7374,3902,3472,2966,4087,321,ITH,ITH4,6,Friuli-Venezia Giulia,Friuli Venezia Giulia,1215220,447933,36.86,0.61
689,2021-01-20,FVG,748,320,428,13,735,0,ITH,ITH4,6,Friuli-Venezia Giulia,Friuli Venezia Giulia,1215220,448681,36.92,0.06
690,2021-06-04,FVG,12062,6199,5863,10633,1386,43,ITH,ITH4,6,Friuli-Venezia Giulia,Friuli Venezia Giulia,1215220,460743,37.91,0.99
691,2021-07-05,FVG,9520,4833,4687,1297,8075,148,ITH,ITH4,6,Friuli-Venezia Giulia,Friuli Venezia Giulia,1215220,470263,38.7,0.78
692,2021-06-21,FVG,9155,4474,4681,1900,7245,10,ITH,ITH4,6,Friuli-Venezia Giulia,Friuli Venezia Giulia,1215220,479418,39.45,0.75
693,2021-03-13,FVG,2943,1124,1819,1658,1273,12,ITH,ITH4,6,Friuli-Venezia Giulia,Friuli Venezia Giulia,1215220,482361,39.69,0.24
694,2021-06-13,FVG,8688,4523,4165,5343,3324,21,ITH,ITH4,6,Friuli-Venezia Giulia,Friuli Venezia Giulia,1215220,491049,40.41,0.71
695,2021-04-17,FVG,7459,3238,4221,5817,1483,159,ITH,ITH4,6,Friuli-Venezia Giulia,Friuli Venezia Giulia,1215220,498508,41.02,0.61
696,2021-07-19,FVG,9340,4887,4453,808,8370,162,ITH,ITH4,6,Friuli-Venezia Giulia,Friuli Venezia Giulia,1215220,507848,41.79,0.77
697,2021-04-10,FVG,5049,2213,2836,3757,1225,67,ITH,ITH4,6,Friuli-Venezia Giulia,Friuli Venezia Giulia,1215220,512897,42.21,0.42
698,2021-01-13,FVG,2650,834,1816,2650,0,0,ITH,ITH4,6,Friuli-Venezia Giulia,Friuli Venezia Giulia,1215220,515547,42.42,0.22
699,2021-04-06,FVG,6678,3132,3546,5429,1153,96,ITH,ITH4,6,Friuli-Venezia Giulia,Friuli Venezia Giulia,1215220,522225,42.97,0.55
700,2020-12-27,FVG,262,149,113,261,0,1,ITH,ITH4,6,Friuli-Venezia Giulia,Friuli Venezia Giulia,1215220,522487,43.0,0.02
701,2021-02-12,FVG,1193,428,765,1142,47,4,ITH,ITH4,6,Friuli-Venezia Giulia,Friuli Venezia Giulia,1215220,523680,43.09,0.1
702,2021-03-30,FVG,7230,3256,3974,6191,926,113,ITH,ITH4,6,Friuli-Venezia Giulia,Friuli Venezia Giulia,1215220,530910,43.69,0.59
703,2021-07-10,FVG,8766,4517,4249,132,8606,28,ITH,ITH4,6,Friuli-Venezia Giulia,Friuli Venezia Giulia,1215220,539676,44.41,0.72
704,2021-04-01,FVG,6423,3069,3354,5338,1015,70,ITH,ITH4,6,Friuli-Venezia Giulia,Friuli Venezia Giulia,1215220,546099,44.94,0.53
705,2021-05-28,FVG,10615,5089,5526,6254,4112,249,ITH,ITH4,6,Friuli-Venezia Giulia,Friuli Venezia Giulia,1215220,556714,45.81,0.87
706,2021-06-16,FVG,12156,5903,6253,4123,8019,14,ITH,ITH4,6,Friuli-Venezia Giulia,Friuli Venezia Giulia,1215220,568870,46.81,1.0
707,2021-06-23,FVG,12060,5832,6228,2118,9934,8,ITH,ITH4,6,Friuli-Venezia Giulia,Friuli Venezia Giulia,1215220,580930,47.8,0.99
708,2021-04-27,FVG,8131,3735,4396,3550,4486,95,ITH,ITH4,6,Friuli-Venezia Giulia,Friuli Venezia Giulia,1215220,589061,48.47,0.67
709,2021-05-02,FVG,6898,3248,3650,3807,2958,133,ITH,ITH4,6,Friuli-Venezia Giulia,Friuli Venezia Giulia,1215220,595959,49.04,0.57
710,2021-05-16,FVG,10000,4784,5216,8372,1401,227,ITH,ITH4,6,Friuli-Venezia Giulia,Friuli Venezia Giulia,1215220,605959,49.86,0.82
711,2021-06-18,FVG,10815,5325,5490,3495,7294,26,ITH,ITH4,6,Friuli-Venezia Giulia,Friuli Venezia Giulia,1215220,616774,50.75,0.89
712,2021-03-10,FVG,3592,1702,1890,1744,1795,53,ITH,ITH4,6,Friuli-Venezia Giulia,Friuli Venezia Giulia,1215220,620366,51.05,0.3
713,2021-02-24,FVG,2524,1088,1436,2496,18,10,ITH,ITH4,6,Friuli-Venezia Giulia,Friuli Venezia Giulia,1215220,622890,51.26,0.21
714,2021-02-22,FVG,2485,1193,1292,2064,418,3,ITH,ITH4,6,Friuli-Venezia Giulia,Friuli Venezia Giulia,1215220,625375,51.46,0.2
715,2021-06-02,FVG,9416,4953,4463,9119,282,15,ITH,ITH4,6,Friuli-Venezia Giulia,Friuli Venezia Giulia,1215220,634791,52.24,0.77
716,2021-02-07,FVG,1564,482,1082,384,1179,1,ITH,ITH4,6,Friuli-Venezia Giulia,Friuli Venezia Giulia,1215220,636355,52.37,0.13
717,2021-05-18,FVG,10791,5396,5395,8382,2079,330,ITH,ITH4,6,Friuli-Venezia Giulia,Friuli Venezia Giulia,1215220,647146,53.25,0.89
718,2021-06-01,FVG,10110,5118,4992,7953,2123,34,ITH,ITH4,6,Friuli-Venezia Giulia,Friuli Venezia Giulia,1215220,657256,54.09,0.83
719,2021-06-20,FVG,6507,3225,3282,1562,4935,10,ITH,ITH4,6,Friuli-Venezia Giulia,Friuli Venezia Giulia,1215220,663763,54.62,0.54
720,2021-05-23,FVG,10280,4859,5421,5930,4152,198,ITH,ITH4,6,Friuli-Venezia Giulia,Friuli Venezia Giulia,1215220,674043,55.47,0.85
721,2021-01-07,FVG,2096,720,1376,2096,0,0,ITH,ITH4,6,Friuli-Venezia Giulia,Friuli Venezia Giulia,1215220,676139,55.64,0.17
722,2021-03-05,FVG,3775,1513,2262,2634,1076,65,ITH,ITH4,6,Friuli-Venezia Giulia,Friuli Venezia Giulia,1215220,679914,55.95,0.31
723,2021-04-19,FVG,6722,3137,3585,3217,3417,88,ITH,ITH4,6,Friuli-Venezia Giulia,Friuli Venezia Giulia,1215220,686636,56.5,0.55
724,2021-01-09,FVG,2513,841,1672,2511,0,2,ITH,ITH4,6,Friuli-Venezia Giulia,Friuli Venezia Giulia,1215220,689149,56.71,0.21
725,2021-06-15,FVG,12082,6148,5934,5581,6488,13,ITH,ITH4,6,Friuli-Venezia Giulia,Friuli Venezia Giulia,1215220,701231,57.7,0.99
726,2021-03-07,FVG,2544,932,1612,2488,1,55,ITH,ITH4,6,Friuli-Venezia Giulia,Friuli Venezia Giulia,1215220,703775,57.91,0.21
727,2020-12-31,FVG,1048,381,667,1047,0,1,ITH,ITH4,6,Friuli-Venezia Giulia,Friuli Venezia Giulia,1215220,704823,58.0,0.09
728,2021-05-25,FVG,12929,6390,6539,9301,3312,316,ITH,ITH4,6,Friuli-Venezia Giulia,Friuli Venezia Giulia,1215220,717752,59.06,1.06
729,2021-06-11,FVG,10860,5918,4942,10002,829,29,ITH,ITH4,6,Friuli-Venezia Giulia,Friuli Venezia Giulia,1215220,728612,59.96,0.89
730,2021-03-03,FVG,3646,1634,2012,2355,1275,16,ITH,ITH4,6,Friuli-Venezia Giulia,Friuli Venezia Giulia,1215220,732258,60.26,0.3
731,2021-05-27,FVG,12830,6143,6687,7410,5230,190,ITH,ITH4,6,Friuli-Venezia Giulia,Friuli Venezia Giulia,1215220,745088,61.31,1.06
732,2021-01-28,FVG,2241,794,1447,355,1886,0,ITH,ITH4,6,Friuli-Venezia Giulia,Friuli Venezia Giulia,1215220,747329,61.5,0.18
733,2021-05-08,FVG,10278,4648,5630,5312,4785,181,ITH,ITH4,6,Friuli-Venezia Giulia,Friuli Venezia Giulia,1215220,757607,62.34,0.85
734,2021-05-04,FVG,9554,4308,5246,5987,3361,206,ITH,ITH4,6,Friuli-Venezia Giulia,Friuli Venezia Giulia,1215220,767161,63.13,0.79
735,2021-01-24,FVG,305,119,186,1,304,0,ITH,ITH4,6,Friuli-Venezia Giulia,Friuli Venezia Giulia,1215220,767466,63.15,0.03
736,2021-06-30,FVG,13150,6696,6454,1367,11599,184,ITH,ITH4,6,Friuli-Venezia Giulia,Friuli Venezia Giulia,1215220,780616,64.24,1.08
737,2021-03-08,FVG,4123,1643,2480,2021,2087,15,ITH,ITH4,6,Friuli-Venezia Giulia,Friuli Venezia Giulia,1215220,784739,64.58,0.34
738,2021-03-22,FVG,3662,1449,2213,1675,1954,33,ITH,ITH4,6,Friuli-Venezia Giulia,Friuli Venezia Giulia,1215220,788401,64.88,0.3
739,2021-05-06,FVG,11922,5539,6383,7687,3972,263,ITH,ITH4,6,Friuli-Venezia Giulia,Friuli Venezia Giulia,1215220,800323,65.86,0.98
740,2021-07-02,FVG,10931,5648,5283,1935,8792,204,ITH,ITH4,6,Friuli-Venezia Giulia,Friuli Venezia Giulia,1215220,811254,66.76,0.9
741,2021-07-12,FVG,9921,5092,4829,1041,8722,158,ITH,ITH4,6,Friuli-Venezia Giulia,Friuli Venezia Giulia,1215220,821175,67.57,0.82
742,2021-02-19,FVG,3256,1292,1964,2817,427,12,ITH,ITH4,6,Friuli-Venezia Giulia,Friuli Venezia Giulia,1215220,824431,67.84,0.27
743,2021-04-24,FVG,6685,2950,3735,5215,1244,226,ITH,ITH4,6,Friuli-Venezia Giulia,Friuli Venezia Giulia,1215220,831116,68.39,0.55
744,2021-06-25,FVG,10783,5424,5359,2232,8543,8,ITH,ITH4,6,Friuli-Venezia Giulia,Friuli Venezia Giulia,1215220,841899,69.28,0.89
745,2021-07-09,FVG,11821,6278,5543,2031,9492,298,ITH,ITH4,6,Friuli-Venezia Giulia,Friuli Venezia Giulia,1215220,853720,70.25,0.97
746,2021-03-17,FVG,3237,1268,1969,739,2492,6,ITH,ITH4,6,Friuli-Venezia Giulia,Friuli Venezia Giulia,1215220,856957,70.52,0.27
747,2021-05-13,FVG,11162,5384,5778,8734,2065,363,ITH,ITH4,6,Friuli-Venezia Giulia,Friuli Venezia Giulia,1215220,868119,71.44,0.92
748,2021-02-16,FVG,2516,1135,1381,2397,116,3,ITH,ITH4,6,Friuli-Venezia Giulia,Friuli Venezia Giulia,1215220,870635,71.64,0.21
749,2021-06-17,FVG,11404,5761,5643,2380,9018,6,ITH,ITH4,6,Friuli-Venezia Giulia,Friuli Venezia Giulia,1215220,882039,72.58,0.94
750,2021-06-22,FVG,11525,5938,5587,2433,9083,9,ITH,ITH4,6,Friuli-Venezia Giulia,Friuli Venezia Giulia,1215220,893564,73.53,0.95
751,2021-01-17,FVG,1715,522,1193,1713,0,2,ITH,ITH4,6,Friuli-Venezia Giulia,Friuli Venezia Giulia,1215220,895279,73.67,0.14
752,2021-03-15,FVG,3951,1809,2142,1612,2321,18,ITH,ITH4,6,Friuli-Venezia Giulia,Friuli Venezia Giulia,1215220,899230,74.0,0.33
753,2021-05-11,FVG,9043,4341,4702,7021,1805,217,ITH,ITH4,6,Friuli-Venezia Giulia,Friuli Venezia Giulia,1215220,908273,74.74,0.74
754,2021-01-31,FVG,2718,839,1879,385,2333,0,ITH,ITH4,6,Friuli-Venezia Giulia,Friuli Venezia Giulia,1215220,910991,74.97,0.22
755,2021-05-29,FVG,12025,5848,6177,6804,4987,234,ITH,ITH4,6,Friuli-Venezia Giulia,Friuli Venezia Giulia,1215220,923016,75.95,0.99
756,2021-07-11,FVG,6660,3495,3165,2182,4163,315,ITH,ITH4,6,Friuli-Venezia Giulia,Friuli Venezia Giulia,1215220,929676,76.5,0.55
757,2021-05-22,FVG,11585,5203,6382,7099,4240,246,ITH,ITH4,6,Friuli-Venezia Giulia,Friuli Venezia Giulia,1215220,941261,77.46,0.95
758,2021-07-18,FVG,5352,2894,2458,384,4945,23,ITH,ITH4,6,Friuli-Venezia Giulia,Friuli Venezia Giulia,1215220,946613,77.9,0.44
759,2021-03-27,FVG,5379,2920,2459,3941,1411,27,ITH,ITH4,6,Friuli-Venezia Giulia,Friuli Venezia Giulia,1215220,951992,78.34,0.44
760,2021-04-15,FVG,6514,2878,3636,5106,1270,138,ITH,ITH4,6,Friuli-Venezia Giulia,Friuli Venezia Giulia,1215220,958506,78.88,0.54
761,2021-04-29,FVG,6785,2988,3797,4011,2592,182,ITH,ITH4,6,Friuli-Venezia Giulia,Friuli Venezia Giulia,1215220,965291,79.43,0.56
762,2021-01-05,FVG,1678,551,1127,1677,0,1,ITH,ITH4,6,Friuli-Venezia Giulia,Friuli Venezia Giulia,1215220,966969,79.57,0.14
763,2021-02-14,FVG,1,0,1,0,1,0,ITH,ITH4,6,Friuli-Venezia Giulia,Friuli Venezia Giulia,1215220,966970,79.57,0.0
764,2021-05-10,FVG,7946,3531,4415,6237,1542,167,ITH,ITH4,6,Friuli-Venezia Giulia,Friuli Venezia Giulia,1215220,974916,80.23,0.65
765,2021-03-24,FVG,3978,1720,2258,2466,1482,30,ITH,ITH4,6,Friuli-Venezia Giulia,Friuli Venezia Giulia,1215220,978894,80.55,0.33
766,2021-05-20,FVG,12708,6319,6389,9814,2520,374,ITH,ITH4,6,Friuli-Venezia Giulia,Friuli Venezia Giulia,1215220,991602,81.6,1.05
767,2021-01-26,FVG,1977,647,1330,216,1760,1,ITH,ITH4,6,Friuli-Venezia Giulia,Friuli Venezia Giulia,1215220,993579,81.76,0.16
768,2021-02-09,FVG,1842,555,1287,1556,286,0,ITH,ITH4,6,Friuli-Venezia Giulia,Friuli Venezia Giulia,1215220,995421,81.91,0.15
769,2021-02-05,FVG,2610,784,1826,89,2521,0,ITH,ITH4,6,Friuli-Venezia Giulia,Friuli Venezia Giulia,1215220,998031,82.13,0.21
770,2021-04-14,FVG,7242,3129,4113,5413,1712,117,ITH,ITH4,6,Friuli-Venezia Giulia,Friuli Venezia Giulia,1215220,1005273,82.72,0.6
771,2021-07-06,FVG,11175,5835,5340,1325,9736,114,ITH,ITH4,6,Friuli-Venezia Giulia,Friuli Venezia Giulia,1215220,1016448,83.64,0.92
772,2021-07-23,FVG,4731,2418,2313,2133,2298,300,ITH,ITH4,6,Friuli-Venezia Giulia,Friuli Venezia Giulia,1215220,1021179,84.03,0.39
773,2021-06-03,FVG,12396,6727,5669,10272,2083,41,ITH,ITH4,6,Friuli-Venezia Giulia,Friuli Venezia Giulia,1215220,1033575,85.05,1.02
774,2021-01-19,FVG,6,2,4,6,0,0,ITH,ITH4,6,Friuli-Venezia Giulia,Friuli Venezia Giulia,1215220,1033581,85.05,0.0
775,2021-03-29,FVG,7023,3127,3896,5378,1582,63,ITH,ITH4,6,Friuli-Venezia Giulia,Friuli Venezia Giulia,1215220,1040604,85.63,0.58
776,2021-07-07,FVG,11242,5758,5484,1394,9716,132,ITH,ITH4,6,Friuli-Venezia Giulia,Friuli Venezia Giulia,1215220,1051846,86.56,0.93
777,2021-07-21,FVG,8227,4190,4037,1935,6023,269,ITH,ITH4,6,Friuli-Venezia Giulia,Friuli Venezia Giulia,1215220,1060073,87.23,0.68
778,2021-05-15,FVG,12670,6112,6558,7693,4700,277,ITH,ITH4,6,Friuli-Venezia Giulia,Friuli Venezia Giulia,1215220,1072743,88.28,1.04
779,2021-06-06,FVG,9480,4626,4854,7913,1563,4,ITH,ITH4,6,Friuli-Venezia Giulia,Friuli Venezia Giulia,1215220,1082223,89.06,0.78
780,2021-02-26,FVG,3735,2093,1642,3560,148,27,ITH,ITH4,6,Friuli-Venezia Giulia,Friuli Venezia Giulia,1215220,1085958,89.36,0.31
781,2021-02-17,FVG,2357,1002,1355,1873,482,2,ITH,ITH4,6,Friuli-Venezia Giulia,Friuli Venezia Giulia,1215220,1088315,89.56,0.19
782,2021-05-30,FVG,11062,4990,6072,7244,3588,230,ITH,ITH4,6,Friuli-Venezia Giulia,Friuli Venezia Giulia,1215220,1099377,90.47,0.91
783,2021-02-02,FVG,2467,806,1661,217,2250,0,ITH,ITH4,6,Friuli-Venezia Giulia,Friuli Venezia Giulia,1215220,1101844,90.67,0.2
784,2021-03-31,FVG,8140,3570,4570,7179,847,114,ITH,ITH4,6,Friuli-Venezia Giulia,Friuli Venezia Giulia,1215220,1109984,91.34,0.67
785,2021-05-01,FVG,7201,3246,3955,5902,1045,254,ITH,ITH4,6,Friuli-Venezia Giulia,Friuli Venezia Giulia,1215220,1117185,91.93,0.59
786,2021-01-21,FVG,896,345,551,1,895,0,ITH,ITH4,6,Friuli-Venezia Giulia,Friuli Venezia Giulia,1215220,1118081,92.01,0.07
787,2021-02-21,FVG,801,281,520,421,378,2,ITH,ITH4,6,Friuli-Venezia Giulia,Friuli Venezia Giulia,1215220,1118882,92.07,0.07
788,2021-07-04,FVG,9181,4708,4473,2732,6185,264,ITH,ITH4,6,Friuli-Venezia Giulia,Friuli Venezia Giulia,1215220,1128063,92.83,0.76
789,2021-03-26,FVG,6007,2608,3399,3832,2018,157,ITH,ITH4,6,Friuli-Venezia Giulia,Friuli Venezia Giulia,1215220,1134070,93.32,0.49
790,2021-03-12,FVG,4103,1696,2407,2698,1381,24,ITH,ITH4,6,Friuli-Venezia Giulia,Friuli Venezia Giulia,1215220,1138173,93.66,0.34
791,2021-05-03,FVG,7230,3294,3936,3331,3785,114,ITH,ITH4,6,Friuli-Venezia Giulia,Friuli Venezia Giulia,1215220,1145403,94.25,0.59
792,2021-01-14,FVG,2584,789,1795,2581,0,3,ITH,ITH4,6,Friuli-Venezia Giulia,Friuli Venezia Giulia,1215220,1147987,94.47,0.21
793,2021-06-08,FVG,10482,5487,4995,9996,448,38,ITH,ITH4,6,Friuli-Venezia Giulia,Friuli Venezia Giulia,1215220,1158469,95.33,0.86
794,2021-02-28,FVG,2686,1003,1683,2265,394,27,ITH,ITH4,6,Friuli-Venezia Giulia,Friuli Venezia Giulia,1215220,1161155,95.55,0.22
795,2021-01-02,FVG,1216,470,746,1216,0,0,ITH,ITH4,6,Friuli-Venezia Giulia,Friuli Venezia Giulia,1215220,1162371,95.65,0.1
796,2021-04-12,FVG,7270,3188,4082,5998,1132,140,ITH,ITH4,6,Friuli-Venezia Giulia,Friuli Venezia Giulia,1215220,1169641,96.25,0.6
797,2021-04-26,FVG,5471,2454,3017,3705,1650,116,ITH,ITH4,6,Friuli-Venezia Giulia,Friuli Venezia Giulia,1215220,1175112,96.7,0.45
798,2021-05-26,FVG,13431,6705,6726,9671,3441,319,ITH,ITH4,6,Friuli-Venezia Giulia,Friuli Venezia Giulia,1215220,1188543,97.8,1.11
799,2021-02-15,FVG,2455,911,1544,2196,254,5,ITH,ITH4,6,Friuli-Venezia Giulia,Friuli Venezia Giulia,1215220,1190998,98.01,0.2
800,2021-04-20,FVG,7129,3071,4058,3099,3907,123,ITH,ITH4,6,Friuli-Venezia Giulia,Friuli Venezia Giulia,1215220,1198127,98.59,0.59
801,2021-01-10,FVG,2940,918,2022,2940,0,0,ITH,ITH4,6,Friuli-Venezia Giulia,Friuli Venezia Giulia,1215220,1201067,98.84,0.24
802,2021-07-14,FVG,10725,5473,5252,1166,9357,202,ITH,ITH4,6,Friuli-Venezia Giulia,Friuli Venezia Giulia,1215220,1211792,99.72,0.88
803,2021-04-05,FVG,2895,1438,1457,2830,15,50,ITH,ITH4,6,Friuli-Venezia Giulia,Friuli Venezia Giulia,1215220,1214687,99.96,0.24
804,2021-01-12,FVG,2257,713,1544,2257,0,0,ITH,ITH4,6,Friuli-Venezia Giulia,Friuli Venezia Giulia,1215220,1216944,100.14,0.19
805,2021-01-29,FVG,2412,813,1599,264,2148,0,ITH,ITH4,6,Friuli-Venezia Giulia,Friuli Venezia Giulia,1215220,1219356,100.34,0.2
806,2021-04-22,FVG,6791,3089,3702,3043,3690,58,ITH,ITH4,6,Friuli-Venezia Giulia,Friuli Venezia Giulia,1215220,1226147,100.9,0.56
807,2021-04-03,FVG,4019,1992,2027,2638,1337,44,ITH,ITH4,6,Friuli-Venezia Giulia,Friuli Venezia Giulia,1215220,1230166,101.23,0.33
808,2021-06-10,FVG,11117,5821,5296,10051,1038,28,ITH,ITH4,6,Friuli-Venezia Giulia,Friuli Venezia Giulia,1215220,1241283,102.14,0.91
809,2021-03-19,FVG,3251,1350,1901,1301,1936,14,ITH,ITH4,6,Friuli-Venezia Giulia,Friuli Venezia Giulia,1215220,1244534,102.41,0.27
810,2021-06-27,FVG,7419,3701,3718,3599,3816,4,ITH,ITH4,6,Friuli-Venezia Giulia,Friuli Venezia Giulia,1215220,1251953,103.02,0.61
811,2021-06-29,FVG,11299,5761,5538,1165,10017,117,ITH,ITH4,6,Friuli-Venezia Giulia,Friuli Venezia Giulia,1215220,1263252,103.95,0.93
812,2021-07-16,FVG,9639,5150,4489,1592,7881,166,ITH,ITH4,6,Friuli-Venezia Giulia,Friuli Venezia Giulia,1215220,1272891,104.75,0.79
813,2021-04-07,FVG,7837,3631,4206,6948,782,107,ITH,ITH4,6,Friuli-Venezia Giulia,Friuli Venezia Giulia,1215220,1280728,105.39,0.64
814,2021-06-15,MAR,13192,6567,6625,9823,3052,317,ITI,ITI3,11,Marche,Marche,1525271,13192,0.86,0.86
815,2021-01-12,MAR,1231,417,814,1218,0,13,ITI,ITI3,11,Marche,Marche,1525271,14423,0.95,0.08
816,2021-06-22,MAR,13219,6482,6737,6474,6462,283,ITI,ITI3,11,Marche,Marche,1525271,27642,1.81,0.87
817,2021-04-26,MAR,9170,4062,5108,6023,3022,125,ITI,ITI3,11,Marche,Marche,1525271,36812,2.41,0.6
818,2021-05-27,MAR,13733,6817,6916,9180,4302,251,ITI,ITI3,11,Marche,Marche,1525271,50545,3.31,0.9
819,2021-03-31,MAR,7374,3086,4288,4268,3023,83,ITI,ITI3,11,Marche,Marche,1525271,57919,3.8,0.48
820,2021-07-09,MAR,14894,7497,7397,2556,12124,214,ITI,ITI3,11,Marche,Marche,1525271,72813,4.77,0.98
821,2021-01-26,MAR,2021,747,1274,80,1932,9,ITI,ITI3,11,Marche,Marche,1525271,74834,4.91,0.13
822,2021-07-11,MAR,10398,5220,5178,1606,8656,136,ITI,ITI3,11,Marche,Marche,1525271,85232,5.59,0.68
823,2021-04-19,MAR,9603,4498,5105,7902,1581,120,ITI,ITI3,11,Marche,Marche,1525271,94835,6.22,0.63
824,2021-03-24,MAR,7081,3009,4072,3297,3716,68,ITI,ITI3,11,Marche,Marche,1525271,101916,6.68,0.46
825,2021-06-01,MAR,12057,6158,5899,9683,2090,284,ITI,ITI3,11,Marche,Marche,1525271,113973,7.47,0.79
826,2021-03-10,MAR,5710,2440,3270,4480,1178,52,ITI,ITI3,11,Marche,Marche,1525271,119683,7.85,0.37
827,2021-02-21,MAR,376,141,235,363,1,12,ITI,ITI3,11,Marche,Marche,1525271,120059,7.87,0.02
828,2021-05-15,MAR,14114,6438,7676,7831,6038,245,ITI,ITI3,11,Marche,Marche,1525271,134173,8.8,0.93
829,2021-02-19,MAR,2002,739,1263,1826,135,41,ITI,ITI3,11,Marche,Marche,1525271,136175,8.93,0.13
830,2021-05-20,MAR,12681,5960,6721,7534,4896,251,ITI,ITI3,11,Marche,Marche,1525271,148856,9.76,0.83
831,2021-02-07,MAR,1871,735,1136,332,1527,12,ITI,ITI3,11,Marche,Marche,1525271,150727,9.88,0.12
832,2021-07-23,MAR,11213,5921,5292,1782,9265,166,ITI,ITI3,11,Marche,Marche,1525271,161940,10.62,0.74
833,2021-04-05,MAR,5702,2367,3335,4357,1269,76,ITI,ITI3,11,Marche,Marche,1525271,167642,10.99,0.37
834,2021-06-27,MAR,9950,4820,5130,4487,5292,171,ITI,ITI3,11,Marche,Marche,1525271,177592,11.64,0.65
835,2021-03-19,MAR,3881,1621,2260,325,3544,12,ITI,ITI3,11,Marche,Marche,1525271,181473,11.9,0.25
836,2021-03-17,MAR,3476,1525,1951,105,3369,2,ITI,ITI3,11,Marche,Marche,1525271,184949,12.13,0.23
837,2021-01-21,MAR,919,261,658,574,328,17,ITI,ITI3,11,Marche,Marche,1525271,185868,12.19,0.06
838,2021-05-01,MAR,9318,3924,5394,3500,5742,76,ITI,ITI3,11,Marche,Marche,1525271,195186,12.8,0.61
839,2021-03-05,MAR,6225,2873,3352,4694,1468,63,ITI,ITI3,11,Marche,Marche,1525271,201411,13.2,0.41
840,2021-01-07,MAR,1811,637,1174,1795,0,16,ITI,ITI3,11,Marche,Marche,1525271,203222,13.32,0.12
841,2021-03-29,MAR,5894,2581,3313,3392,2455,47,ITI,ITI3,11,Marche,Marche,1525271,209116,13.71,0.39
842,2021-06-03,MAR,14633,7481,7152,12076,2252,305,ITI,ITI3,11,Marche,Marche,1525271,223749,14.67,0.96
843,2021-02-18,MAR,2143,785,1358,1808,286,49,ITI,ITI3,11,Marche,Marche,1525271,225892,14.81,0.14
844,2021-05-29,MAR,12860,6233,6627,8114,4528,218,ITI,ITI3,11,Marche,Marche,1525271,238752,15.65,0.84
845,2021-01-23,MAR,558,190,368,119,436,3,ITI,ITI3,11,Marche,Marche,1525271,239310,15.69,0.04
846,2021-06-29,MAR,13372,6600,6772,4927,8218,227,ITI,ITI3,11,Marche,Marche,1525271,252682,16.57,0.88
847,2021-05-03,MAR,10410,4691,5719,4866,5410,134,ITI,ITI3,11,Marche,Marche,1525271,263092,17.25,0.68
848,2021-03-28,MAR,4125,1739,2386,2396,1691,38,ITI,ITI3,11,Marche,Marche,1525271,267217,17.52,0.27
849,2021-02-14,MAR,739,301,438,727,0,12,ITI,ITI3,11,Marche,Marche,1525271,267956,17.57,0.05
850,2021-05-08,MAR,12278,5480,6798,4859,7250,169,ITI,ITI3,11,Marche,Marche,1525271,280234,18.37,0.8
851,2021-01-09,MAR,1717,606,1111,1697,0,20,ITI,ITI3,11,Marche,Marche,1525271,281951,18.49,0.11
852,2021-04-02,MAR,6886,2983,3903,6039,739,108,ITI,ITI3,11,Marche,Marche,1525271,288837,18.94,0.45
853,2021-07-04,MAR,10894,5444,5450,3203,7529,162,ITI,ITI3,11,Marche,Marche,1525271,299731,19.65,0.71
854,2020-12-31,MAR,392,184,208,390,0,2,ITI,ITI3,11,Marche,Marche,1525271,300123,19.68,0.03
855,2021-02-04,MAR,2386,843,1543,107,2274,5,ITI,ITI3,11,Marche,Marche,1525271,302509,19.83,0.16
856,2021-03-12,MAR,4682,2000,2682,3348,1280,54,ITI,ITI3,11,Marche,Marche,1525271,307191,20.14,0.31
857,2021-01-14,MAR,2013,694,1319,1989,0,24,ITI,ITI3,11,Marche,Marche,1525271,309204,20.27,0.13
858,2021-06-20,MAR,11157,5545,5612,5990,4985,182,ITI,ITI3,11,Marche,Marche,1525271,320361,21.0,0.73
859,2021-04-24,MAR,12167,5364,6803,7560,4464,143,ITI,ITI3,11,Marche,Marche,1525271,332528,21.8,0.8
860,2021-02-26,MAR,3678,1524,2154,3098,476,104,ITI,ITI3,11,Marche,Marche,1525271,336206,22.04,0.24
861,2021-01-19,MAR,232,87,145,139,90,3,ITI,ITI3,11,Marche,Marche,1525271,336438,22.06,0.02
862,2021-02-02,MAR,1193,398,795,71,1122,0,ITI,ITI3,11,Marche,Marche,1525271,337631,22.14,0.08
863,2021-05-13,MAR,12605,5695,6910,6827,5501,277,ITI,ITI3,11,Marche,Marche,1525271,350236,22.96,0.83
864,2021-04-12,MAR,8565,3771,4794,7936,482,147,ITI,ITI3,11,Marche,Marche,1525271,358801,23.52,0.56
865,2021-01-02,MAR,456,141,315,454,0,2,ITI,ITI3,11,Marche,Marche,1525271,359257,23.55,0.03
866,2021-03-07,MAR,5180,2107,3073,4379,754,47,ITI,ITI3,11,Marche,Marche,1525271,364437,23.89,0.34
867,2021-07-18,MAR,12125,6310,5815,1336,10670,119,ITI,ITI3,11,Marche,Marche,1525271,376562,24.69,0.79
868,2021-01-31,MAR,1920,771,1149,97,1819,4,ITI,ITI3,11,Marche,Marche,1525271,378482,24.81,0.13
869,2021-04-07,MAR,8179,3616,4563,7716,347,116,ITI,ITI3,11,Marche,Marche,1525271,386661,25.35,0.54
870,2021-02-09,MAR,124,42,82,46,78,0,ITI,ITI3,11,Marche,Marche,1525271,386785,25.36,0.01
871,2021-07-16,MAR,15837,8237,7600,1845,13734,258,ITI,ITI3,11,Marche,Marche,1525271,402622,26.4,1.04
872,2021-06-12,MAR,13776,7312,6464,12106,1339,331,ITI,ITI3,11,Marche,Marche,1525271,416398,27.3,0.9
873,2021-04-16,MAR,10082,4702,5380,9361,525,196,ITI,ITI3,11,Marche,Marche,1525271,426480,27.96,0.66
874,2021-02-28,MAR,2836,1251,1585,2822,6,8,ITI,ITI3,11,Marche,Marche,1525271,429316,28.15,0.19
875,2021-06-08,MAR,14098,7095,7003,11198,2609,291,ITI,ITI3,11,Marche,Marche,1525271,443414,29.07,0.92
876,2021-03-02,MAR,5002,1967,3035,4371,566,65,ITI,ITI3,11,Marche,Marche,1525271,448416,29.4,0.33
877,2021-06-10,MAR,14927,7693,7234,12572,2013,342,ITI,ITI3,11,Marche,Marche,1525271,463343,30.38,0.98
878,2021-02-16,MAR,1288,476,812,1226,30,32,ITI,ITI3,11,Marche,Marche,1525271,464631,30.46,0.08
879,2021-02-25,MAR,3561,1464,2097,3320,181,60,ITI,ITI3,11,Marche,Marche,1525271,468192,30.7,0.23
880,2021-06-05,MAR,13944,7011,6933,11520,2059,365,ITI,ITI3,11,Marche,Marche,1525271,482136,31.61,0.91
881,2021-04-23,MAR,11306,5218,6088,8091,3055,160,ITI,ITI3,11,Marche,Marche,1525271,493442,32.35,0.74
882,2021-01-30,MAR,1905,668,1237,25,1880,0,ITI,ITI3,11,Marche,Marche,1525271,495347,32.48,0.12
883,2021-05-10,MAR,9452,4338,5114,4771,4553,128,ITI,ITI3,11,Marche,Marche,1525271,504799,33.1,0.62
884,2021-03-14,MAR,2499,1032,1467,1897,592,10,ITI,ITI3,11,Marche,Marche,1525271,507298,33.26,0.16
885,2021-03-21,MAR,4505,1873,2632,1614,2876,15,ITI,ITI3,11,Marche,Marche,1525271,511803,33.55,0.3
886,2021-03-16,MAR,3519,1521,1998,285,3228,6,ITI,ITI3,11,Marche,Marche,1525271,515322,33.79,0.23
887,2021-06-24,MAR,13827,6670,7157,6185,7371,271,ITI,ITI3,11,Marche,Marche,1525271,529149,34.69,0.91
888,2021-01-11,MAR,1178,413,765,1160,0,18,ITI,ITI3,11,Marche,Marche,1525271,530327,34.77,0.08
889,2021-04-21,MAR,10786,4969,5817,9439,1194,153,ITI,ITI3,11,Marche,Marche,1525271,541113,35.48,0.71
890,2021-01-18,MAR,696,237,459,536,149,11,ITI,ITI3,11,Marche,Marche,1525271,541809,35.52,0.05
891,2021-04-28,MAR,10928,4979,5949,6026,4733,169,ITI,ITI3,11,Marche,Marche,1525271,552737,36.24,0.72
892,2021-03-26,MAR,6389,2626,3763,3478,2855,56,ITI,ITI3,11,Marche,Marche,1525271,559126,36.66,0.42
893,2021-06-17,MAR,15197,7559,7638,8803,6099,295,ITI,ITI3,11,Marche,Marche,1525271,574323,37.65,1.0
894,2021-03-09,MAR,5431,2293,3138,4465,881,85,ITI,ITI3,11,Marche,Marche,1525271,579754,38.01,0.36
895,2021-07-06,MAR,13963,6921,7042,3143,10597,223,ITI,ITI3,11,Marche,Marche,1525271,593717,38.93,0.92
896,2021-07-20,MAR,14399,7435,6964,1773,12452,174,ITI,ITI3,11,Marche,Marche,1525271,608116,39.87,0.94
897,2021-01-16,MAR,2036,733,1303,1986,0,50,ITI,ITI3,11,Marche,Marche,1525271,610152,40.0,0.13
898,2021-06-19,MAR,14696,7403,7293,7750,6681,265,ITI,ITI3,11,Marche,Marche,1525271,624848,40.97,0.96
899,2021-05-31,MAR,11782,5944,5838,8600,2930,252,ITI,ITI3,11,Marche,Marche,1525271,636630,41.74,0.77
900,2021-02-23,MAR,3314,1432,1882,3243,56,15,ITI,ITI3,11,Marche,Marche,1525271,639944,41.96,0.22
901,2021-01-15,MAR,1771,500,1271,1754,0,17,ITI,ITI3,11,Marche,Marche,1525271,641715,42.07,0.12
902,2021-04-25,MAR,8600,3994,4606,6897,1575,128,ITI,ITI3,11,Marche,Marche,1525271,650315,42.64,0.56
903,2021-01-28,MAR,2086,725,1361,163,1922,1,ITI,ITI3,11,Marche,Marche,1525271,652401,42.77,0.14
904,2021-04-04,MAR,3835,1797,2038,2617,1169,49,ITI,ITI3,11,Marche,Marche,1525271,656236,43.02,0.25
905,2021-07-13,MAR,14853,7279,7574,1457,13266,130,ITI,ITI3,11,Marche,Marche,1525271,671089,44.0,0.97
906,2021-06-09,MAR,14279,7417,6862,12109,1869,301,ITI,ITI3,11,Marche,Marche,1525271,685368,44.93,0.94
907,2021-06-07,MAR,13321,6588,6733,10568,2450,303,ITI,ITI3,11,Marche,Marche,1525271,698689,45.81,0.87
908,2021-02-27,MAR,3401,1457,1944,3158,209,34,ITI,ITI3,11,Marche,Marche,1525271,702090,46.03,0.22
909,2021-01-04,MAR,1516,573,943,1504,0,12,ITI,ITI3,11,Marche,Marche,1525271,703606,46.13,0.1
910,2021-04-14,MAR,10214,4563,5651,9660,370,184,ITI,ITI3,11,Marche,Marche,1525271,713820,46.8,0.67
911,2020-12-30,MAR,17,5,12,17,0,0,ITI,ITI3,11,Marche,Marche,1525271,713837,46.8,0.0
912,2021-04-09,MAR,9571,4191,5380,9158,200,213,ITI,ITI3,11,Marche,Marche,1525271,723408,47.43,0.63
913,2021-05-12,MAR,10430,4691,5739,4737,5503,190,ITI,ITI3,11,Marche,Marche,1525271,733838,48.11,0.68
914,2021-07-08,MAR,15038,7539,7499,2790,12023,225,ITI,ITI3,11,Marche,Marche,1525271,748876,49.1,0.99
915,2021-07-01,MAR,14686,7365,7321,4658,9750,278,ITI,ITI3,11,Marche,Marche,1525271,763562,50.06,0.96
916,2021-05-17,MAR,12046,5649,6397,7472,4354,220,ITI,ITI3,11,Marche,Marche,1525271,775608,50.85,0.79
917,2021-04-30,MAR,14151,6200,7951,5404,8560,187,ITI,ITI3,11,Marche,Marche,1525271,789759,51.78,0.93
918,2021-04-11,MAR,7117,3116,4001,6692,287,138,ITI,ITI3,11,Marche,Marche,1525271,796876,52.24,0.47
919,2021-03-11,MAR,6635,2824,3811,5149,1411,75,ITI,ITI3,11,Marche,Marche,1525271,803511,52.68,0.44
920,2021-07-22,MAR,15748,8048,7700,2020,13487,241,ITI,ITI3,11,Marche,Marche,1525271,819259,53.71,1.03
921,2021-04-13,MAR,9839,4260,5579,9412,233,194,ITI,ITI3,11,Marche,Marche,1525271,829098,54.36,0.65
922,2021-07-05,MAR,13163,6505,6658,2920,10072,171,ITI,ITI3,11,Marche,Marche,1525271,842261,55.22,0.86
923,2021-06-16,MAR,13757,6913,6844,9129,4366,262,ITI,ITI3,11,Marche,Marche,1525271,856018,56.12,0.9
924,2021-06-02,MAR,11901,5939,5962,11030,676,195,ITI,ITI3,11,Marche,Marche,1525271,867919,56.9,0.78
925,2021-01-13,MAR,2108,746,1362,2067,0,41,ITI,ITI3,11,Marche,Marche,1525271,870027,57.04,0.14
926,2021-05-02,MAR,8901,3938,4963,3082,5739,80,ITI,ITI3,11,Marche,Marche,1525271,878928,57.62,0.58
927,2021-06-28,MAR,12308,6002,6306,4610,7461,237,ITI,ITI3,11,Marche,Marche,1525271,891236,58.43,0.81
928,2021-03-22,MAR,5700,2409,3291,2482,3175,43,ITI,ITI3,11,Marche,Marche,1525271,896936,58.81,0.37
929,2021-01-24,MAR,884,342,542,5,879,0,ITI,ITI3,11,Marche,Marche,1525271,897820,58.86,0.06
930,2021-06-30,MAR,13648,6663,6985,4452,8985,211,ITI,ITI3,11,Marche,Marche,1525271,911468,59.76,0.89
931,2021-05-04,MAR,10974,4839,6135,4929,5903,142,ITI,ITI3,11,Marche,Marche,1525271,922442,60.48,0.72
932,2021-03-20,MAR,4178,1759,2419,1035,3129,14,ITI,ITI3,11,Marche,Marche,1525271,926620,60.75,0.27
933,2021-03-18,MAR,3438,1505,1933,150,3276,12,ITI,ITI3,11,Marche,Marche,1525271,930058,60.98,0.23
934,2021-06-26,MAR,13574,6904,6670,5688,7669,217,ITI,ITI3,11,Marche,Marche,1525271,943632,61.87,0.89
935,2021-05-23,MAR,9209,4283,4926,7413,1672,124,ITI,ITI3,11,Marche,Marche,1525271,952841,62.47,0.6
936,2021-05-06,MAR,12656,5822,6834,5364,7071,221,ITI,ITI3,11,Marche,Marche,1525271,965497,63.3,0.83
937,2021-02-12,MAR,1582,618,964,1404,152,26,ITI,ITI3,11,Marche,Marche,1525271,967079,63.4,0.1
938,2021-02-10,MAR,1439,452,987,1038,359,42,ITI,ITI3,11,Marche,Marche,1525271,968518,63.5,0.09
939,2021-06-11,MAR,13991,7151,6840,11366,2321,304,ITI,ITI3,11,Marche,Marche,1525271,982509,64.42,0.92
940,2021-02-15,MAR,967,412,555,939,13,15,ITI,ITI3,11,Marche,Marche,1525271,983476,64.48,0.06
941,2021-05-26,MAR,11888,5952,5936,8449,3225,214,ITI,ITI3,11,Marche,Marche,1525271,995364,65.26,0.78
942,2021-03-30,MAR,7476,3075,4401,4581,2823,72,ITI,ITI3,11,Marche,Marche,1525271,1002840,65.75,0.49
943,2021-02-01,MAR,1362,479,883,94,1265,3,ITI,ITI3,11,Marche,Marche,1525271,1004202,65.84,0.09
944,2021-02-06,MAR,2463,902,1561,513,1941,9,ITI,ITI3,11,Marche,Marche,1525271,1006665,66.0,0.16
945,2021-07-17,MAR,15137,7794,7343,1386,13540,211,ITI,ITI3,11,Marche,Marche,1525271,1021802,66.99,0.99
946,2021-05-21,MAR,13901,6590,7311,7226,6464,211,ITI,ITI3,11,Marche,Marche,1525271,1035703,67.9,0.91
947,2021-01-06,MAR,2205,801,1404,2186,0,19,ITI,ITI3,11,Marche,Marche,1525271,1037908,68.05,0.14
948,2021-03-04,MAR,6537,2893,3644,5084,1393,60,ITI,ITI3,11,Marche,Marche,1525271,1044445,68.48,0.43
949,2021-03-13,MAR,5805,2680,3125,1765,4000,40,ITI,ITI3,11,Marche,Marche,1525271,1050250,68.86,0.38
950,2021-06-21,MAR,12604,6183,6421,5482,6877,245,ITI,ITI3,11,Marche,Marche,1525271,1062854,69.68,0.83
951,2021-05-09,MAR,8864,4020,4844,3559,5228,77,ITI,ITI3,11,Marche,Marche,1525271,1071718,70.26,0.58
952,2021-05-28,MAR,13956,6736,7220,8801,4857,298,ITI,ITI3,11,Marche,Marche,1525271,1085674,71.18,0.91
953,2021-04-01,MAR,7576,3182,4394,4068,3416,92,ITI,ITI3,11,Marche,Marche,1525271,1093250,71.68,0.5
954,2021-07-10,MAR,14160,7233,6927,1658,12300,202,ITI,ITI3,11,Marche,Marche,1525271,1107410,72.6,0.93
955,2021-04-22,MAR,10797,4930,5867,9083,1578,136,ITI,ITI3,11,Marche,Marche,1525271,1118207,73.31,0.71
956,2021-02-24,MAR,3534,1547,1987,3424,78,32,ITI,ITI3,11,Marche,Marche,1525271,1121741,73.54,0.23
957,2021-01-22,MAR,489,168,321,193,294,2,ITI,ITI3,11,Marche,Marche,1525271,1122230,73.58,0.03
958,2021-07-07,MAR,14255,7067,7188,2937,11077,241,ITI,ITI3,11,Marche,Marche,1525271,1136485,74.51,0.93
959,2021-04-06,MAR,8873,3692,5181,7930,810,133,ITI,ITI3,11,Marche,Marche,1525271,1145358,75.09,0.58
960,2021-03-23,MAR,5838,2556,3282,2227,3576,35,ITI,ITI3,11,Marche,Marche,1525271,1151196,75.47,0.38
961,2021-02-08,MAR,833,258,575,366,462,5,ITI,ITI3,11,Marche,Marche,1525271,1152029,75.53,0.05
962,2021-07-15,MAR,16008,8286,7722,1750,14030,228,ITI,ITI3,11,Marche,Marche,1525271,1168037,76.58,1.05
963,2021-05-19,MAR,11660,5362,6298,8369,3096,195,ITI,ITI3,11,Marche,Marche,1525271,1179697,77.34,0.76
964,2021-04-17,MAR,11704,5316,6388,10400,1073,231,ITI,ITI3,11,Marche,Marche,1525271,1191401,78.11,0.77
965,2021-06-13,MAR,10748,5564,5184,9204,1295,249,ITI,ITI3,11,Marche,Marche,1525271,1202149,78.82,0.7
966,2020-12-27,MAR,206,100,106,204,0,2,ITI,ITI3,11,Marche,Marche,1525271,1202355,78.83,0.01
967,2021-06-06,MAR,12452,6137,6315,10639,1577,236,ITI,ITI3,11,Marche,Marche,1525271,1214807,79.65,0.82
968,2021-03-25,MAR,6703,2794,3909,3191,3456,56,ITI,ITI3,11,Marche,Marche,1525271,1221510,80.08,0.44
969,2021-07-03,MAR,13842,6990,6852,4136,9394,312,ITI,ITI3,11,Marche,Marche,1525271,1235352,80.99,0.91
970,2021-02-20,MAR,4163,1733,2430,4042,111,10,ITI,ITI3,11,Marche,Marche,1525271,1239515,81.27,0.27
971,2021-01-20,MAR,406,100,306,384,20,2,ITI,ITI3,11,Marche,Marche,1525271,1239921,81.29,0.03
972,2021-02-03,MAR,2125,742,1383,98,2006,21,ITI,ITI3,11,Marche,Marche,1525271,1242046,81.43,0.14
973,2021-05-25,MAR,11767,5798,5969,8497,3050,220,ITI,ITI3,11,Marche,Marche,1525271,1253813,82.2,0.77
974,2021-03-01,MAR,3772,1520,2252,3503,248,21,ITI,ITI3,11,Marche,Marche,1525271,1257585,82.45,0.25
975,2021-06-04,MAR,14338,7290,7048,11590,2439,309,ITI,ITI3,11,Marche,Marche,1525271,1271923,83.39,0.94
976,2021-04-08,MAR,8697,3808,4889,8218,347,132,ITI,ITI3,11,Marche,Marche,1525271,1280620,83.96,0.57
977,2021-03-03,MAR,6699,3076,3623,5718,884,97,ITI,ITI3,11,Marche,Marche,1525271,1287319,84.4,0.44
978,2021-01-05,MAR,1578,591,987,1559,0,19,ITI,ITI3,11,Marche,Marche,1525271,1288897,84.5,0.1
979,2021-05-14,MAR,13633,6292,7341,6509,6912,212,ITI,ITI3,11,Marche,Marche,1525271,1302530,85.4,0.89
980,2021-07-02,MAR,14544,7173,7371,4673,9641,230,ITI,ITI3,11,Marche,Marche,1525271,1317074,86.35,0.95
981,2021-06-18,MAR,15349,7648,7701,8299,6751,299,ITI,ITI3,11,Marche,Marche,1525271,1332423,87.36,1.01
982,2021-07-21,MAR,14922,7617,7305,2068,12641,213,ITI,ITI3,11,Marche,Marche,1525271,1347345,88.33,0.98
983,2021-04-29,MAR,13440,6153,7287,7165,6098,177,ITI,ITI3,11,Marche,Marche,1525271,1360785,89.22,0.88
984,2021-02-22,MAR,3462,1532,1930,3352,76,34,ITI,ITI3,11,Marche,Marche,1525271,1364247,89.44,0.23
985,2021-03-27,MAR,7416,3092,4324,4951,2393,72,ITI,ITI3,11,Marche,Marche,1525271,1371663,89.93,0.49
986,2021-04-10,MAR,10928,4625,6303,10380,313,235,ITI,ITI3,11,Marche,Marche,1525271,1382591,90.65,0.72
987,2021-01-03,MAR,910,357,553,900,0,10,ITI,ITI3,11,Marche,Marche,1525271,1383501,90.71,0.06
988,2021-07-19,MAR,14677,7531,7146,1927,12536,214,ITI,ITI3,11,Marche,Marche,1525271,1398178,91.67,0.96
989,2021-03-06,MAR,5737,2641,3096,4423,1267,47,ITI,ITI3,11,Marche,Marche,1525271,1403915,92.04,0.38
990,2021-06-14,MAR,12836,6485,6351,9258,3308,270,ITI,ITI3,11,Marche,Marche,1525271,1416751,92.89,0.84
991,2021-04-15,MAR,10377,4675,5702,9578,565,234,ITI,ITI3,11,Marche,Marche,1525271,1427128,93.57,0.68
992,2021-02-17,MAR,1828,701,1127,1642,118,68,ITI,ITI3,11,Marche,Marche,1525271,1428956,93.69,0.12
993,2021-03-08,MAR,6299,2760,3539,5188,1002,109,ITI,ITI3,11,Marche,Marche,1525271,1435255,94.1,0.41
994,2021-02-05,MAR,2155,654,1501,438,1716,1,ITI,ITI3,11,Marche,Marche,1525271,1437410,94.24,0.14
995,2021-05-16,MAR,10898,4957,5941,6551,4228,119,ITI,ITI3,11,Marche,Marche,1525271,1448308,94.95,0.71
996,2021-05-30,MAR,9733,4691,5042,6547,2989,197,ITI,ITI3,11,Marche,Marche,1525271,1458041,95.59,0.64
997,2021-01-29,MAR,1994,731,1263,160,1829,5,ITI,ITI3,11,Marche,Marche,1525271,1460035,95.72,0.13
998,2021-05-18,MAR,11269,5348,5921,7490,3601,178,ITI,ITI3,11,Marche,Marche,1525271,1471304,96.46,0.74
999,2021-05-11,MAR,10623,4832,5791,5490,4943,190,ITI,ITI3,11,Marche,Marche,1525271,1481927,97.16,0.7
1000,2021-04-27,MAR,9591,4389,5202,5511,3987,93,ITI,ITI3,11,Marche,Marche,1525271,1491518,97.79,0.63
1001,2021-01-17,MAR,1620,695,925,1552,62,6,ITI,ITI3,11,Marche,Marche,1525271,1493138,97.89,0.11
1002,2021-03-15,MAR,4449,2059,2390,1291,3137,21,ITI,ITI3,11,Marche,Marche,1525271,1497587,98.18,0.29
1003,2021-06-23,MAR,13893,6817,7076,6626,7012,255,ITI,ITI3,11,Marche,Marche,1525271,1511480,99.1,0.91
1004,2021-05-24,MAR,10996,5192,5804,7956,2863,177,ITI,ITI3,11,Marche,Marche,1525271,1522476,99.82,0.72
1005,2021-05-22,MAR,11938,5719,6219,7319,4448,171,ITI,ITI3,11,Marche,Marche,1525271,1534414,100.6,0.78
1006,2021-02-11,MAR,1987,657,1330,1557,389,41,ITI,ITI3,11,Marche,Marche,1525271,1536401,100.73,0.13
1007,2021-05-05,MAR,11691,5320,6371,5105,6429,157,ITI,ITI3,11,Marche,Marche,1525271,1548092,101.5,0.77
1008,2021-05-07,MAR,12840,5806,7034,3583,9179,78,ITI,ITI3,11,Marche,Marche,1525271,1560932,102.34,0.84
1009,2021-02-13,MAR,1093,462,631,988,82,23,ITI,ITI3,11,Marche,Marche,1525271,1562025,102.41,0.07
1010,2021-01-27,MAR,2119,780,1339,116,2001,2,ITI,ITI3,11,Marche,Marche,1525271,1564144,102.55,0.14
1011,2021-04-20,MAR,10753,5028,5725,9154,1470,129,ITI,ITI3,11,Marche,Marche,1525271,1574897,103.25,0.7
1012,2021-01-25,MAR,1597,558,1039,94,1503,0,ITI,ITI3,11,Marche,Marche,1525271,1576494,103.36,0.1
1013,2021-01-08,MAR,1582,592,990,1567,0,15,ITI,ITI3,11,Marche,Marche,1525271,1578076,103.46,0.1
1014,2021-04-18,MAR,8824,4131,4693,7735,921,168,ITI,ITI3,11,Marche,Marche,1525271,1586900,104.04,0.58
1015,2021-07-14,MAR,13849,6819,7030,1784,11874,191,ITI,ITI3,11,Marche,Marche,1525271,1600749,104.95,0.91
1016,2021-01-10,MAR,1746,702,1044,1732,0,14,ITI,ITI3,11,Marche,Marche,1525271,1602495,105.06,0.11
1017,2021-07-12,MAR,13722,6804,6918,1228,12376,118,ITI,ITI3,11,Marche,Marche,1525271,1616217,105.96,0.9
1018,2021-04-03,MAR,7574,3205,4369,6738,667,169,ITI,ITI3,11,Marche,Marche,1525271,1623791,106.46,0.5
1019,2021-06-25,MAR,14343,7171,7172,6422,7634,287,ITI,ITI3,11,Marche,Marche,1525271,1638134,107.4,0.94
1020,2021-07-11,PUG,12137,5736,6401,2642,9392,103,ITF,ITF4,16,Puglia,Puglia,4029053,12137,0.3,0.3
1021,2021-01-31,PUG,1818,833,985,76,1742,0,ITF,ITF4,16,Puglia,Puglia,4029053,13955,0.35,0.05
1022,2021-03-05,PUG,17696,7174,10522,15178,2305,213,ITF,ITF4,16,Puglia,Puglia,4029053,31651,0.79,0.44
1023,2021-02-26,PUG,13771,5059,8712,12538,1037,196,ITF,ITF4,16,Puglia,Puglia,4029053,45422,1.13,0.34
1024,2020-12-31,PUG,1636,783,853,1636,0,0,ITF,ITF4,16,Puglia,Puglia,4029053,47058,1.17,0.04
1025,2021-06-15,PUG,42586,20827,21759,22395,19598,593,ITF,ITF4,16,Puglia,Puglia,4029053,89644,2.22,1.06
1026,2021-06-08,PUG,39292,19134,20158,20961,17773,558,ITF,ITF4,16,Puglia,Puglia,4029053,128936,3.2,0.98
1027,2021-02-07,PUG,1579,669,910,253,1326,0,ITF,ITF4,16,Puglia,Puglia,4029053,130515,3.24,0.04
1028,2021-01-21,PUG,2133,905,1228,1269,862,2,ITF,ITF4,16,Puglia,Puglia,4029053,132648,3.29,0.05
1029,2021-05-01,PUG,27632,12659,14973,16704,10657,271,ITF,ITF4,16,Puglia,Puglia,4029053,160280,3.98,0.69
1030,2021-01-02,PUG,2951,1302,1649,2951,0,0,ITF,ITF4,16,Puglia,Puglia,4029053,163231,4.05,0.07
1031,2021-04-12,PUG,29364,13823,15541,26095,2954,315,ITF,ITF4,16,Puglia,Puglia,4029053,192595,4.78,0.73
1032,2021-07-21,PUG,40818,20151,20667,11362,28652,804,ITF,ITF4,16,Puglia,Puglia,4029053,233413,5.79,1.01
1033,2021-04-05,PUG,12757,6197,6560,12082,533,142,ITF,ITF4,16,Puglia,Puglia,4029053,246170,6.11,0.32
1034,2021-03-19,PUG,7971,3658,4313,3378,4556,37,ITF,ITF4,16,Puglia,Puglia,4029053,254141,6.31,0.2
1035,2021-06-27,PUG,18480,9179,9301,9917,8283,280,ITF,ITF4,16,Puglia,Puglia,4029053,272621,6.77,0.46
1036,2021-01-12,PUG,4214,1770,2444,4212,0,2,ITF,ITF4,16,Puglia,Puglia,4029053,276835,6.87,0.1
1037,2021-04-07,PUG,15708,7130,8578,8825,6680,203,ITF,ITF4,16,Puglia,Puglia,4029053,292543,7.26,0.39
1038,2021-07-16,PUG,44101,21414,22687,12259,31055,787,ITF,ITF4,16,Puglia,Puglia,4029053,336644,8.36,1.09
1039,2021-04-19,PUG,27718,12881,14837,24337,3043,338,ITF,ITF4,16,Puglia,Puglia,4029053,364362,9.04,0.69
1040,2021-04-24,PUG,29404,13388,16016,25131,3944,329,ITF,ITF4,16,Puglia,Puglia,4029053,393766,9.77,0.73
1041,2021-02-21,PUG,2177,474,1703,2066,62,49,ITF,ITF4,16,Puglia,Puglia,4029053,395943,9.83,0.05
1042,2021-06-01,PUG,34902,17476,17426,21629,12887,386,ITF,ITF4,16,Puglia,Puglia,4029053,430845,10.69,0.87
1043,2021-05-15,PUG,43604,18988,24616,22842,20049,713,ITF,ITF4,16,Puglia,Puglia,4029053,474449,11.78,1.08
1044,2021-06-03,PUG,50525,24515,26010,30512,19287,726,ITF,ITF4,16,Puglia,Puglia,4029053,524974,13.03,1.25
1045,2021-03-10,PUG,14817,6620,8197,11540,3124,153,ITF,ITF4,16,Puglia,Puglia,4029053,539791,13.4,0.37
1046,2021-02-09,PUG,3841,1570,2271,2150,1673,18,ITF,ITF4,16,Puglia,Puglia,4029053,543632,13.49,0.1
1047,2021-05-20,PUG,33606,15253,18353,20729,12359,518,ITF,ITF4,16,Puglia,Puglia,4029053,577238,14.33,0.83
1048,2021-03-24,PUG,13586,6521,7065,6146,7324,116,ITF,ITF4,16,Puglia,Puglia,4029053,590824,14.66,0.34
1049,2021-01-26,PUG,5370,2401,2969,571,4798,1,ITF,ITF4,16,Puglia,Puglia,4029053,596194,14.8,0.13
1050,2021-07-02,PUG,46926,22296,24630,17217,28749,960,ITF,ITF4,16,Puglia,Puglia,4029053,643120,15.96,1.16
1051,2021-05-06,PUG,39610,17314,22296,19343,19711,556,ITF,ITF4,16,Puglia,Puglia,4029053,682730,16.95,0.98
1052,2021-06-13,PUG,21755,10882,10873,16279,5184,292,ITF,ITF4,16,Puglia,Puglia,4029053,704485,17.49,0.54
1053,2021-02-28,PUG,6061,1807,4254,5800,187,74,ITF,ITF4,16,Puglia,Puglia,4029053,710546,17.64,0.15
1054,2021-05-12,PUG,36578,16315,20263,23495,12493,590,ITF,ITF4,16,Puglia,Puglia,4029053,747124,18.54,0.91
1055,2021-05-29,PUG,30551,14393,16158,20569,9436,546,ITF,ITF4,16,Puglia,Puglia,4029053,777675,19.3,0.76
1056,2021-04-02,PUG,12846,6001,6845,8170,4526,150,ITF,ITF4,16,Puglia,Puglia,4029053,790521,19.62,0.32
1057,2021-07-04,PUG,19773,9620,10153,7894,11580,299,ITF,ITF4,16,Puglia,Puglia,4029053,810294,20.11,0.49
1058,2021-07-23,PUG,22831,11365,11466,8267,14101,463,ITF,ITF4,16,Puglia,Puglia,4029053,833125,20.68,0.57
1059,2021-01-19,PUG,1222,453,769,1211,10,1,ITF,ITF4,16,Puglia,Puglia,4029053,834347,20.71,0.03
1060,2021-07-08,PUG,41297,19132,22165,5546,35276,475,ITF,ITF4,16,Puglia,Puglia,4029053,875644,21.73,1.02
1061,2021-05-27,PUG,40874,19319,21555,22890,17309,675,ITF,ITF4,16,Puglia,Puglia,4029053,916518,22.75,1.01
1062,2021-03-02,PUG,16390,6094,10296,14845,1302,243,ITF,ITF4,16,Puglia,Puglia,4029053,932908,23.15,0.41
1063,2021-06-10,PUG,47101,23160,23941,29355,17026,720,ITF,ITF4,16,Puglia,Puglia,4029053,980009,24.32,1.17
1064,2021-04-04,PUG,5973,2966,3007,5887,5,81,ITF,ITF4,16,Puglia,Puglia,4029053,985982,24.47,0.15
1065,2021-03-31,PUG,14564,6827,7737,8850,5564,150,ITF,ITF4,16,Puglia,Puglia,4029053,1000546,24.83,0.36
1066,2021-02-02,PUG,4346,1847,2499,590,3755,1,ITF,ITF4,16,Puglia,Puglia,4029053,1004892,24.94,0.11
1067,2021-07-09,PUG,36794,17719,19075,6507,29600,687,ITF,ITF4,16,Puglia,Puglia,4029053,1041686,25.85,0.91
1068,2021-05-13,PUG,38756,17281,21475,20984,17201,571,ITF,ITF4,16,Puglia,Puglia,4029053,1080442,26.82,0.96
1069,2021-03-17,PUG,10346,4702,5644,4106,6178,62,ITF,ITF4,16,Puglia,Puglia,4029053,1090788,27.07,0.26
1070,2021-02-14,PUG,787,347,440,658,125,4,ITF,ITF4,16,Puglia,Puglia,4029053,1091575,27.09,0.02
1071,2021-05-25,PUG,34711,16199,18512,20597,13528,586,ITF,ITF4,16,Puglia,Puglia,4029053,1126286,27.95,0.86
1072,2021-05-08,PUG,54301,22987,31314,24027,29757,517,ITF,ITF4,16,Puglia,Puglia,4029053,1180587,29.3,1.35
1073,2021-01-14,PUG,4075,1593,2482,4069,0,6,ITF,ITF4,16,Puglia,Puglia,4029053,1184662,29.4,0.1
1074,2021-01-07,PUG,5719,2461,3258,5719,0,0,ITF,ITF4,16,Puglia,Puglia,4029053,1190381,29.54,0.14
1075,2021-04-17,PUG,40015,18964,21051,36021,3574,420,ITF,ITF4,16,Puglia,Puglia,4029053,1230396,30.54,0.99
1076,2021-02-19,PUG,4736,2013,2723,4291,391,54,ITF,ITF4,16,Puglia,Puglia,4029053,1235132,30.66,0.12
1077,2021-06-22,PUG,42191,20450,21741,18893,22705,593,ITF,ITF4,16,Puglia,Puglia,4029053,1277323,31.7,1.05
1078,2021-04-26,PUG,26289,12048,14241,22664,3235,390,ITF,ITF4,16,Puglia,Puglia,4029053,1303612,32.36,0.65
1079,2021-03-16,PUG,9877,4690,5187,3454,6365,58,ITF,ITF4,16,Puglia,Puglia,4029053,1313489,32.6,0.25
1080,2021-06-24,PUG,52468,25376,27092,23359,28284,825,ITF,ITF4,16,Puglia,Puglia,4029053,1365957,33.9,1.3
1081,2021-04-28,PUG,19829,8891,10938,14794,4771,264,ITF,ITF4,16,Puglia,Puglia,4029053,1385786,34.39,0.49
1082,2021-03-29,PUG,13551,6611,6940,6609,6747,195,ITF,ITF4,16,Puglia,Puglia,4029053,1399337,34.73,0.34
1083,2021-03-12,PUG,14285,6440,7845,10216,3932,137,ITF,ITF4,16,Puglia,Puglia,4029053,1413622,35.09,0.35
1084,2021-06-20,PUG,21462,10795,10667,13959,7161,342,ITF,ITF4,16,Puglia,Puglia,4029053,1435084,35.62,0.53
1085,2021-02-04,PUG,5926,2364,3562,1181,4736,9,ITF,ITF4,16,Puglia,Puglia,4029053,1441010,35.77,0.15
1086,2021-01-23,PUG,3040,1294,1746,886,2153,1,ITF,ITF4,16,Puglia,Puglia,4029053,1444050,35.84,0.08
1087,2021-05-03,PUG,33342,14906,18436,22125,10648,569,ITF,ITF4,16,Puglia,Puglia,4029053,1477392,36.67,0.83
1088,2021-03-07,PUG,4985,2002,2983,4373,571,41,ITF,ITF4,16,Puglia,Puglia,4029053,1482377,36.79,0.12
1089,2021-05-05,PUG,39193,17180,22013,24402,14202,589,ITF,ITF4,16,Puglia,Puglia,4029053,1521570,37.76,0.97
1090,2021-06-17,PUG,42763,20900,21863,21381,20810,572,ITF,ITF4,16,Puglia,Puglia,4029053,1564333,38.83,1.06
1091,2021-04-16,PUG,36065,16954,19111,32359,3286,420,ITF,ITF4,16,Puglia,Puglia,4029053,1600398,39.72,0.9
1092,2021-02-18,PUG,4381,1847,2534,3715,606,60,ITF,ITF4,16,Puglia,Puglia,4029053,1604779,39.83,0.11
1093,2021-04-09,PUG,22067,9512,12555,17055,4627,385,ITF,ITF4,16,Puglia,Puglia,4029053,1626846,40.38,0.55
1094,2021-02-11,PUG,3697,1401,2296,2392,1278,27,ITF,ITF4,16,Puglia,Puglia,4029053,1630543,40.47,0.09
1095,2021-07-18,PUG,17269,8831,8438,5551,11438,280,ITF,ITF4,16,Puglia,Puglia,4029053,1647812,40.9,0.43
1096,2021-05-22,PUG,34654,15872,18782,23693,10417,544,ITF,ITF4,16,Puglia,Puglia,4029053,1682466,41.76,0.86
1097,2021-02-25,PUG,11972,5062,6910,10662,1175,135,ITF,ITF4,16,Puglia,Puglia,4029053,1694438,42.06,0.3
1098,2021-01-04,PUG,4510,2017,2493,4508,0,2,ITF,ITF4,16,Puglia,Puglia,4029053,1698948,42.17,0.11
1099,2021-03-26,PUG,12010,5844,6166,7228,4654,128,ITF,ITF4,16,Puglia,Puglia,4029053,1710958,42.47,0.3
1100,2021-03-09,PUG,13630,6091,7539,11433,2013,184,ITF,ITF4,16,Puglia,Puglia,4029053,1724588,42.8,0.34
1101,2021-04-14,PUG,31997,15095,16902,28381,3308,308,ITF,ITF4,16,Puglia,Puglia,4029053,1756585,43.6,0.79
1102,2021-03-28,PUG,3542,1655,1887,1180,2328,34,ITF,ITF4,16,Puglia,Puglia,4029053,1760127,43.69,0.09
1103,2021-07-13,PUG,48418,22830,25588,7957,39863,598,ITF,ITF4,16,Puglia,Puglia,4029053,1808545,44.89,1.2
1104,2021-03-21,PUG,2694,1227,1467,579,2104,11,ITF,ITF4,16,Puglia,Puglia,4029053,1811239,44.95,0.07
1105,2021-06-29,PUG,46269,22190,24079,15188,30360,721,ITF,ITF4,16,Puglia,Puglia,4029053,1857508,46.1,1.15
1106,2021-01-11,PUG,3754,1589,2165,3753,0,1,ITF,ITF4,16,Puglia,Puglia,4029053,1861262,46.2,0.09
1107,2021-04-21,PUG,23137,10688,12449,19096,3737,304,ITF,ITF4,16,Puglia,Puglia,4029053,1884399,46.77,0.57
1108,2021-05-24,PUG,36117,17041,19076,24499,11005,613,ITF,ITF4,16,Puglia,Puglia,4029053,1920516,47.67,0.9
1109,2021-02-16,PUG,3384,1454,1930,2706,647,31,ITF,ITF4,16,Puglia,Puglia,4029053,1923900,47.75,0.08
1110,2021-01-30,PUG,5533,2514,3019,405,5127,1,ITF,ITF4,16,Puglia,Puglia,4029053,1929433,47.89,0.14
1111,2021-05-10,PUG,37765,16686,21079,19314,17977,474,ITF,ITF4,16,Puglia,Puglia,4029053,1967198,48.83,0.94
1112,2021-06-12,PUG,34510,17204,17306,25028,8891,591,ITF,ITF4,16,Puglia,Puglia,4029053,2001708,49.68,0.86
1113,2021-01-28,PUG,5475,2278,3197,469,5006,0,ITF,ITF4,16,Puglia,Puglia,4029053,2007183,49.82,0.14
1114,2021-03-30,PUG,12371,5927,6444,6289,5928,154,ITF,ITF4,16,Puglia,Puglia,4029053,2019554,50.12,0.31
1115,2021-02-01,PUG,3969,1662,2307,366,3601,2,ITF,ITF4,16,Puglia,Puglia,4029053,2023523,50.22,0.1
1116,2021-07-17,PUG,28656,14343,14313,8960,19116,580,ITF,ITF4,16,Puglia,Puglia,4029053,2052179,50.93,0.71
1117,2021-05-14,PUG,44976,20557,24419,27956,16156,864,ITF,ITF4,16,Puglia,Puglia,4029053,2097155,52.05,1.12
1118,2021-07-06,PUG,42179,19425,22754,6197,35545,437,ITF,ITF4,16,Puglia,Puglia,4029053,2139334,53.1,1.05
1119,2021-06-19,PUG,34612,17359,17253,22083,11844,685,ITF,ITF4,16,Puglia,Puglia,4029053,2173946,53.96,0.86
1120,2021-06-21,PUG,41553,20249,21304,21254,19628,671,ITF,ITF4,16,Puglia,Puglia,4029053,2215499,54.99,1.03
1121,2021-01-09,PUG,4888,2250,2638,4884,0,4,ITF,ITF4,16,Puglia,Puglia,4029053,2220387,55.11,0.12
1122,2021-07-01,PUG,47895,22427,25468,11352,35884,659,ITF,ITF4,16,Puglia,Puglia,4029053,2268282,56.3,1.19
1123,2021-07-20,PUG,44758,21954,22804,8256,35985,517,ITF,ITF4,16,Puglia,Puglia,4029053,2313040,57.41,1.11
1124,2021-05-31,PUG,37871,18253,19618,23133,14184,554,ITF,ITF4,16,Puglia,Puglia,4029053,2350911,58.35,0.94
1125,2021-04-23,PUG,29547,13731,15816,23879,5255,413,ITF,ITF4,16,Puglia,Puglia,4029053,2380458,59.08,0.73
1126,2021-03-18,PUG,9583,4353,5230,3336,6182,65,ITF,ITF4,16,Puglia,Puglia,4029053,2390041,59.32,0.24
1127,2021-06-26,PUG,32230,16224,16006,15797,15836,597,ITF,ITF4,16,Puglia,Puglia,4029053,2422271,60.12,0.8
1128,2021-03-04,PUG,15355,6100,9255,13707,1425,223,ITF,ITF4,16,Puglia,Puglia,4029053,2437626,60.5,0.38
1129,2021-06-09,PUG,41833,20705,21128,29895,11229,709,ITF,ITF4,16,Puglia,Puglia,4029053,2479459,61.54,1.04
1130,2021-02-13,PUG,3730,1458,2272,3018,696,16,ITF,ITF4,16,Puglia,Puglia,4029053,2483189,61.63,0.09
1131,2021-06-28,PUG,48329,23437,24892,21522,25935,872,ITF,ITF4,16,Puglia,Puglia,4029053,2531518,62.83,1.2
1132,2021-01-25,PUG,3829,1680,2149,424,3404,1,ITF,ITF4,16,Puglia,Puglia,4029053,2535347,62.93,0.1
1133,2021-07-10,PUG,22263,10963,11300,4498,17462,303,ITF,ITF4,16,Puglia,Puglia,4029053,2557610,63.48,0.55
1134,2021-04-08,PUG,17492,7591,9901,11097,6180,215,ITF,ITF4,16,Puglia,Puglia,4029053,2575102,63.91,0.43
1135,2021-06-06,PUG,30667,15441,15226,25303,5038,326,ITF,ITF4,16,Puglia,Puglia,4029053,2605769,64.67,0.76
1136,2021-04-10,PUG,30909,13109,17800,26295,4233,381,ITF,ITF4,16,Puglia,Puglia,4029053,2636678,65.44,0.77
1137,2021-07-19,PUG,45812,22458,23354,10549,34516,747,ITF,ITF4,16,Puglia,Puglia,4029053,2682490,66.58,1.14
1138,2021-04-01,PUG,13946,6549,7397,7382,6350,214,ITF,ITF4,16,Puglia,Puglia,4029053,2696436,66.92,0.35
1139,2021-02-03,PUG,5042,2006,3036,726,4313,3,ITF,ITF4,16,Puglia,Puglia,4029053,2701478,67.05,0.13
1140,2021-03-11,PUG,14820,6579,8241,11446,3176,198,ITF,ITF4,16,Puglia,Puglia,4029053,2716298,67.42,0.37
1141,2021-06-02,PUG,27032,13219,13813,21852,4823,357,ITF,ITF4,16,Puglia,Puglia,4029053,2743330,68.09,0.67
1142,2021-03-13,PUG,10470,4135,6335,8563,1809,98,ITF,ITF4,16,Puglia,Puglia,4029053,2753800,68.35,0.26
1143,2021-02-24,PUG,10052,4709,5343,9367,595,90,ITF,ITF4,16,Puglia,Puglia,4029053,2763852,68.6,0.25
1144,2021-06-04,PUG,52663,25485,27178,34130,17705,828,ITF,ITF4,16,Puglia,Puglia,4029053,2816515,69.91,1.31
1145,2021-05-18,PUG,28903,13450,15453,15851,12799,253,ITF,ITF4,16,Puglia,Puglia,4029053,2845418,70.62,0.72
1146,2021-04-29,PUG,26229,12132,14097,19135,6673,421,ITF,ITF4,16,Puglia,Puglia,4029053,2871647,71.27,0.65
1147,2021-04-25,PUG,11301,5234,6067,10025,1144,132,ITF,ITF4,16,Puglia,Puglia,4029053,2882948,71.55,0.28
1148,2021-02-27,PUG,14225,4818,9407,12817,1226,182,ITF,ITF4,16,Puglia,Puglia,4029053,2897173,71.91,0.35
1149,2021-01-01,PUG,148,61,87,148,0,0,ITF,ITF4,16,Puglia,Puglia,4029053,2897321,71.91,0.0
1150,2021-06-07,PUG,44304,21637,22667,30322,13220,762,ITF,ITF4,16,Puglia,Puglia,4029053,2941625,73.01,1.1
1151,2021-04-11,PUG,16470,7256,9214,14634,1658,178,ITF,ITF4,16,Puglia,Puglia,4029053,2958095,73.42,0.41
1152,2021-06-05,PUG,42486,20821,21665,29115,12649,722,ITF,ITF4,16,Puglia,Puglia,4029053,3000581,74.47,1.05
1153,2021-01-06,PUG,3952,1675,2277,3951,0,1,ITF,ITF4,16,Puglia,Puglia,4029053,3004533,74.57,0.1
1154,2021-03-14,PUG,3372,1459,1913,2475,861,36,ITF,ITF4,16,Puglia,Puglia,4029053,3007905,74.66,0.08
1155,2021-01-16,PUG,2508,1036,1472,2506,0,2,ITF,ITF4,16,Puglia,Puglia,4029053,3010413,74.72,0.06
1156,2021-05-21,PUG,39111,18567,20544,28239,10082,790,ITF,ITF4,16,Puglia,Puglia,4029053,3049524,75.69,0.97
1157,2021-05-19,PUG,26390,12762,13628,19514,6438,438,ITF,ITF4,16,Puglia,Puglia,4029053,3075914,76.34,0.65
1158,2021-06-16,PUG,41985,20654,21331,26847,14405,733,ITF,ITF4,16,Puglia,Puglia,4029053,3117899,77.39,1.04
1159,2020-12-30,PUG,1,0,1,1,0,0,ITF,ITF4,16,Puglia,Puglia,4029053,3117900,77.39,0.0
1160,2021-03-22,PUG,9961,5124,4837,4248,5648,65,ITF,ITF4,16,Puglia,Puglia,4029053,3127861,77.63,0.25
1161,2021-01-24,PUG,1671,751,920,154,1517,0,ITF,ITF4,16,Puglia,Puglia,4029053,3129532,77.67,0.04
1162,2021-06-30,PUG,47463,23042,24421,18721,27856,886,ITF,ITF4,16,Puglia,Puglia,4029053,3176995,78.85,1.18
1163,2021-03-15,PUG,12344,6152,6192,5737,6506,101,ITF,ITF4,16,Puglia,Puglia,4029053,3189339,79.16,0.31
1164,2021-07-12,PUG,44538,21050,23488,12574,31213,751,ITF,ITF4,16,Puglia,Puglia,4029053,3233877,80.26,1.11
1165,2021-03-06,PUG,16151,6127,10024,13888,2096,167,ITF,ITF4,16,Puglia,Puglia,4029053,3250028,80.66,0.4
1166,2021-01-08,PUG,5660,2378,3282,5654,0,6,ITF,ITF4,16,Puglia,Puglia,4029053,3255688,80.81,0.14
1167,2021-06-14,PUG,41944,20525,21419,28797,12349,798,ITF,ITF4,16,Puglia,Puglia,4029053,3297632,81.85,1.04
1168,2021-04-18,PUG,22649,10835,11814,21397,1056,196,ITF,ITF4,16,Puglia,Puglia,4029053,3320281,82.41,0.56
1169,2021-02-20,PUG,2972,1079,1893,2685,257,30,ITF,ITF4,16,Puglia,Puglia,4029053,3323253,82.48,0.07
1170,2021-01-15,PUG,4552,1866,2686,4547,0,5,ITF,ITF4,16,Puglia,Puglia,4029053,3327805,82.6,0.11
1171,2021-01-22,PUG,1412,579,833,991,420,1,ITF,ITF4,16,Puglia,Puglia,4029053,3329217,82.63,0.04
1172,2021-06-25,PUG,50540,24897,25643,23683,25911,946,ITF,ITF4,16,Puglia,Puglia,4029053,3379757,83.88,1.25
1173,2021-02-15,PUG,3259,1270,1989,2593,622,44,ITF,ITF4,16,Puglia,Puglia,4029053,3383016,83.97,0.08
1174,2021-05-26,PUG,38557,18522,20035,26210,11697,650,ITF,ITF4,16,Puglia,Puglia,4029053,3421573,84.92,0.96
1175,2021-01-27,PUG,4603,1941,2662,629,3972,2,ITF,ITF4,16,Puglia,Puglia,4029053,3426176,85.04,0.11
1176,2021-05-07,PUG,50093,22359,27734,26025,23511,557,ITF,ITF4,16,Puglia,Puglia,4029053,3476269,86.28,1.24
1177,2021-01-13,PUG,4545,1729,2816,4542,0,3,ITF,ITF4,16,Puglia,Puglia,4029053,3480814,86.39,0.11
1178,2021-04-06,PUG,13849,6254,7595,6924,6757,168,ITF,ITF4,16,Puglia,Puglia,4029053,3494663,86.74,0.34
1179,2021-02-22,PUG,9636,4537,5099,9215,334,87,ITF,ITF4,16,Puglia,Puglia,4029053,3504299,86.98,0.24
1180,2021-02-05,PUG,5637,2274,3363,1327,4305,5,ITF,ITF4,16,Puglia,Puglia,4029053,3509936,87.12,0.14
1181,2021-05-16,PUG,24557,11075,13482,12495,11841,221,ITF,ITF4,16,Puglia,Puglia,4029053,3534493,87.73,0.61
1182,2021-01-17,PUG,1309,591,718,1239,69,1,ITF,ITF4,16,Puglia,Puglia,4029053,3535802,87.76,0.03
1183,2021-06-23,PUG,29275,14307,14968,16903,11735,637,ITF,ITF4,16,Puglia,Puglia,4029053,3565077,88.48,0.73
1184,2021-04-27,PUG,26686,12072,14614,20757,5605,324,ITF,ITF4,16,Puglia,Puglia,4029053,3591763,89.15,0.66
1185,2021-05-11,PUG,32600,14390,18210,13668,18445,487,ITF,ITF4,16,Puglia,Puglia,4029053,3624363,89.96,0.81
1186,2021-05-04,PUG,35122,14859,20263,18228,16480,414,ITF,ITF4,16,Puglia,Puglia,4029053,3659485,90.83,0.87
1187,2021-07-15,PUG,43239,20947,22292,8919,33634,686,ITF,ITF4,16,Puglia,Puglia,4029053,3702724,91.9,1.07
1188,2021-07-14,PUG,44477,21326,23151,13108,30541,828,ITF,ITF4,16,Puglia,Puglia,4029053,3747201,93.0,1.1
1189,2021-03-01,PUG,15109,5869,9240,13582,1374,153,ITF,ITF4,16,Puglia,Puglia,4029053,3762310,93.38,0.38
1190,2021-01-10,PUG,2349,1062,1287,2348,0,1,ITF,ITF4,16,Puglia,Puglia,4029053,3764659,93.44,0.06
1191,2021-04-20,PUG,21175,9837,11338,17446,3467,262,ITF,ITF4,16,Puglia,Puglia,4029053,3785834,93.96,0.53
1192,2020-12-27,PUG,510,252,258,510,0,0,ITF,ITF4,16,Puglia,Puglia,4029053,3786344,93.98,0.01
1193,2021-05-09,PUG,30745,12615,18130,14747,15625,373,ITF,ITF4,16,Puglia,Puglia,4029053,3817089,94.74,0.76
1194,2021-04-22,PUG,23044,10548,12496,17732,4925,387,ITF,ITF4,16,Puglia,Puglia,4029053,3840133,95.31,0.57
1195,2021-03-23,PUG,11121,5645,5476,4543,6488,90,ITF,ITF4,16,Puglia,Puglia,4029053,3851254,95.59,0.28
1196,2021-03-25,PUG,11727,6008,5719,5368,6262,97,ITF,ITF4,16,Puglia,Puglia,4029053,3862981,95.88,0.29
1197,2021-07-03,PUG,32988,16550,16438,13359,19099,530,ITF,ITF4,16,Puglia,Puglia,4029053,3895969,96.7,0.82
1198,2021-02-08,PUG,3998,1613,2385,1582,2400,16,ITF,ITF4,16,Puglia,Puglia,4029053,3899967,96.8,0.1
1199,2021-03-08,PUG,14997,6441,8556,12441,2403,153,ITF,ITF4,16,Puglia,Puglia,4029053,3914964,97.17,0.37
1200,2021-02-12,PUG,4214,1672,2542,3099,1093,22,ITF,ITF4,16,Puglia,Puglia,4029053,3919178,97.27,0.1
1201,2021-01-29,PUG,6205,2665,3540,384,5817,4,ITF,ITF4,16,Puglia,Puglia,4029053,3925383,97.43,0.15
1202,2021-03-20,PUG,8418,3881,4537,3779,4596,43,ITF,ITF4,16,Puglia,Puglia,4029053,3933801,97.64,0.21
1203,2021-03-03,PUG,16786,6805,9981,14715,1921,150,ITF,ITF4,16,Puglia,Puglia,4029053,3950587,98.05,0.42
1204,2021-06-11,PUG,47859,23415,24444,32965,13985,909,ITF,ITF4,16,Puglia,Puglia,4029053,3998446,99.24,1.19
1205,2021-02-10,PUG,3649,1439,2210,2116,1512,21,ITF,ITF4,16,Puglia,Puglia,4029053,4002095,99.33,0.09
1206,2021-05-23,PUG,17928,8377,9551,13858,3809,261,ITF,ITF4,16,Puglia,Puglia,4029053,4020023,99.78,0.44
1207,2021-02-17,PUG,4287,1750,2537,3634,612,41,ITF,ITF4,16,Puglia,Puglia,4029053,4024310,99.88,0.11
1208,2021-05-28,PUG,43979,20828,23151,27444,15733,802,ITF,ITF4,16,Puglia,Puglia,4029053,4068289,100.97,1.09
1209,2021-04-03,PUG,10568,4652,5916,6815,3560,193,ITF,ITF4,16,Puglia,Puglia,4029053,4078857,101.24,0.26
1210,2021-05-30,PUG,21007,10056,10951,15709,5043,255,ITF,ITF4,16,Puglia,Puglia,4029053,4099864,101.76,0.52
1211,2021-05-17,PUG,32858,15225,17633,20490,11868,500,ITF,ITF4,16,Puglia,Puglia,4029053,4132722,102.57,0.82
1212,2021-02-23,PUG,9371,4425,4946,8788,491,92,ITF,ITF4,16,Puglia,Puglia,4029053,4142093,102.81,0.23
1213,2021-01-18,PUG,1846,772,1074,1496,349,1,ITF,ITF4,16,Puglia,Puglia,4029053,4143939,102.85,0.05
1214,2021-02-06,PUG,4551,1933,2618,1577,2959,15,ITF,ITF4,16,Puglia,Puglia,4029053,4148490,102.96,0.11
1215,2021-01-20,PUG,1548,542,1006,1537,8,3,ITF,ITF4,16,Puglia,Puglia,4029053,4150038,103.0,0.04
1216,2021-04-30,PUG,34976,15675,19301,22434,11975,567,ITF,ITF4,16,Puglia,Puglia,4029053,4185014,103.87,0.87
1217,2021-04-13,PUG,28749,13637,15112,25023,3415,311,ITF,ITF4,16,Puglia,Puglia,4029053,4213763,104.58,0.71
1218,2021-07-22,PUG,44231,21936,22295,8283,35303,645,ITF,ITF4,16,Puglia,Puglia,4029053,4257994,105.68,1.1
1219,2021-07-05,PUG,38623,18127,20496,7364,30695,564,ITF,ITF4,16,Puglia,Puglia,4029053,4296617,106.64,0.96
1220,2021-05-02,PUG,21333,9669,11664,13889,7266,178,ITF,ITF4,16,Puglia,Puglia,4029053,4317950,107.17,0.53
1221,2021-06-18,PUG,47636,23450,24186,28782,17900,954,ITF,ITF4,16,Puglia,Puglia,4029053,4365586,108.35,1.18
1222,2021-01-03,PUG,2007,943,1064,2006,0,1,ITF,ITF4,16,Puglia,Puglia,4029053,4367593,108.4,0.05
1223,2021-03-27,PUG,12162,5716,6446,6880,5172,110,ITF,ITF4,16,Puglia,Puglia,4029053,4379755,108.7,0.3
1224,2021-01-05,PUG,5110,2251,2859,5107,0,3,ITF,ITF4,16,Puglia,Puglia,4029053,4384865,108.83,0.13
1225,2021-04-15,PUG,32717,15267,17450,28695,3622,400,ITF,ITF4,16,Puglia,Puglia,4029053,4417582,109.64,0.81
1226,2021-07-07,PUG,38490,18428,20062,6238,31728,524,ITF,ITF4,16,Puglia,Puglia,4029053,4456072,110.6,0.96
1227,2021-01-28,TOS,6283,1883,4400,346,5930,7,ITI,ITI1,9,Toscana,Toscana,3729641,6283,0.17,0.17
1228,2021-03-19,TOS,10143,4460,5683,7132,2868,143,ITI,ITI1,9,Toscana,Toscana,3729641,16426,0.44,0.27
1229,2021-04-07,TOS,35827,15465,20362,28169,7250,408,ITI,ITI1,9,Toscana,Toscana,3729641,52253,1.4,0.96
1230,2021-06-12,TOS,29383,15148,14235,24648,4389,346,ITI,ITI1,9,Toscana,Toscana,3729641,81636,2.19,0.79
1231,2021-04-16,TOS,28950,12880,16070,21428,6900,622,ITI,ITI1,9,Toscana,Toscana,3729641,110586,2.97,0.78
1232,2021-05-22,TOS,26021,12660,13361,21459,4288,274,ITI,ITI1,9,Toscana,Toscana,3729641,136607,3.66,0.7
1233,2021-05-05,TOS,30119,13445,16674,14877,14521,721,ITI,ITI1,9,Toscana,Toscana,3729641,166726,4.47,0.81
1234,2021-02-28,TOS,1649,667,982,851,727,71,ITI,ITI1,9,Toscana,Toscana,3729641,168375,4.51,0.04
1235,2021-02-11,TOS,5384,2022,3362,5064,242,78,ITI,ITI1,9,Toscana,Toscana,3729641,173759,4.66,0.14
1236,2021-02-09,TOS,4488,1468,3020,3763,611,114,ITI,ITI1,9,Toscana,Toscana,3729641,178247,4.78,0.12
1237,2021-07-01,TOS,32040,15505,16535,10720,21053,267,ITI,ITI1,9,Toscana,Toscana,3729641,210287,5.64,0.86
1238,2021-03-26,TOS,20680,9393,11287,14716,5766,198,ITI,ITI1,9,Toscana,Toscana,3729641,230967,6.19,0.55
1239,2021-03-09,TOS,11133,4570,6563,5506,5552,75,ITI,ITI1,9,Toscana,Toscana,3729641,242100,6.49,0.3
1240,2021-04-09,TOS,24605,10583,14022,20751,3410,444,ITI,ITI1,9,Toscana,Toscana,3729641,266705,7.15,0.66
1241,2021-07-18,TOS,30355,15260,15095,8335,21812,208,ITI,ITI1,9,Toscana,Toscana,3729641,297060,7.96,0.81
1242,2021-06-17,TOS,32535,16669,15866,26659,5545,331,ITI,ITI1,9,Toscana,Toscana,3729641,329595,8.84,0.87
1243,2021-02-04,TOS,4253,1594,2659,934,3292,27,ITI,ITI1,9,Toscana,Toscana,3729641,333848,8.95,0.11
1244,2021-01-16,TOS,3271,1046,2225,3213,0,58,ITI,ITI1,9,Toscana,Toscana,3729641,337119,9.04,0.09
1245,2021-04-26,TOS,10146,4933,5213,7460,2554,132,ITI,ITI1,9,Toscana,Toscana,3729641,347265,9.31,0.27
1246,2021-01-02,TOS,3498,1096,2402,3454,0,44,ITI,ITI1,9,Toscana,Toscana,3729641,350763,9.4,0.09
1247,2021-03-07,TOS,5648,2357,3291,1997,3545,106,ITI,ITI1,9,Toscana,Toscana,3729641,356411,9.56,0.15
1248,2021-06-05,TOS,28439,13599,14840,20561,7614,264,ITI,ITI1,9,Toscana,Toscana,3729641,384850,10.32,0.76
1249,2021-01-11,TOS,5095,1691,3404,4995,0,100,ITI,ITI1,9,Toscana,Toscana,3729641,389945,10.46,0.14
1250,2021-04-21,TOS,29623,12678,16945,16862,12131,630,ITI,ITI1,9,Toscana,Toscana,3729641,419568,11.25,0.79
1251,2021-02-23,TOS,7723,3325,4398,7219,161,343,ITI,ITI1,9,Toscana,Toscana,3729641,427291,11.46,0.21
1252,2021-06-03,TOS,32053,15454,16599,27149,4582,322,ITI,ITI1,9,Toscana,Toscana,3729641,459344,12.32,0.86
1253,2021-07-13,TOS,29320,14726,14594,7712,21438,170,ITI,ITI1,9,Toscana,Toscana,3729641,488664,13.1,0.79
1254,2021-04-02,TOS,31990,13571,18419,23714,8028,248,ITI,ITI1,9,Toscana,Toscana,3729641,520654,13.96,0.86
1255,2021-07-11,TOS,26118,12687,13431,9131,16820,167,ITI,ITI1,9,Toscana,Toscana,3729641,546772,14.66,0.7
1256,2021-06-24,TOS,29428,14608,14820,19300,9740,388,ITI,ITI1,9,Toscana,Toscana,3729641,576200,15.45,0.79
1257,2021-06-22,TOS,31016,15604,15412,22437,8205,374,ITI,ITI1,9,Toscana,Toscana,3729641,607216,16.28,0.83
1258,2021-05-17,TOS,29760,14873,14887,20626,8933,201,ITI,ITI1,9,Toscana,Toscana,3729641,636976,17.08,0.8
1259,2021-03-21,TOS,3294,1628,1666,1819,1433,42,ITI,ITI1,9,Toscana,Toscana,3729641,640270,17.17,0.09
1260,2021-01-23,TOS,3966,1360,2606,634,3326,6,ITI,ITI1,9,Toscana,Toscana,3729641,644236,17.27,0.11
1261,2021-06-29,TOS,37002,18017,18985,7974,28886,142,ITI,ITI1,9,Toscana,Toscana,3729641,681238,18.27,0.99
1262,2021-05-03,TOS,11930,5509,6421,10369,1320,241,ITI,ITI1,9,Toscana,Toscana,3729641,693168,18.59,0.32
1263,2021-03-02,TOS,10599,3799,6800,7046,3444,109,ITI,ITI1,9,Toscana,Toscana,3729641,703767,18.87,0.28
1264,2021-01-04,TOS,5065,1895,3170,5000,0,65,ITI,ITI1,9,Toscana,Toscana,3729641,708832,19.01,0.14
1265,2021-04-14,TOS,20187,8349,11838,14540,5111,536,ITI,ITI1,9,Toscana,Toscana,3729641,729019,19.55,0.54
1266,2021-06-14,TOS,31788,16323,15465,27399,4108,281,ITI,ITI1,9,Toscana,Toscana,3729641,760807,20.4,0.85
1267,2021-01-21,TOS,1589,686,903,858,722,9,ITI,ITI1,9,Toscana,Toscana,3729641,762396,20.44,0.04
1268,2021-06-02,TOS,27590,13617,13973,21856,5506,228,ITI,ITI1,9,Toscana,Toscana,3729641,789986,21.18,0.74
1269,2021-04-06,TOS,22227,9824,12403,18095,3719,413,ITI,ITI1,9,Toscana,Toscana,3729641,812213,21.78,0.6
1270,2021-02-08,TOS,4099,1362,2737,3529,459,111,ITI,ITI1,9,Toscana,Toscana,3729641,816312,21.89,0.11
1271,2021-07-15,TOS,31161,15245,15916,8071,22851,239,ITI,ITI1,9,Toscana,Toscana,3729641,847473,22.72,0.84
1272,2021-05-19,TOS,27960,13579,14381,18624,9056,280,ITI,ITI1,9,Toscana,Toscana,3729641,875433,23.47,0.75
1273,2021-04-13,TOS,8489,3505,4984,5751,2458,280,ITI,ITI1,9,Toscana,Toscana,3729641,883922,23.7,0.23
1274,2021-06-10,TOS,26386,13538,12848,25500,545,341,ITI,ITI1,9,Toscana,Toscana,3729641,910308,24.41,0.71
1275,2021-05-24,TOS,33738,16716,17022,23858,9578,302,ITI,ITI1,9,Toscana,Toscana,3729641,944046,25.31,0.9
1276,2021-01-25,TOS,5127,1895,3232,242,4880,5,ITI,ITI1,9,Toscana,Toscana,3729641,949173,25.45,0.14
1277,2021-04-18,TOS,8360,4091,4269,7061,1029,270,ITI,ITI1,9,Toscana,Toscana,3729641,957533,25.67,0.22
1278,2021-07-20,TOS,37209,19043,18166,7941,29086,182,ITI,ITI1,9,Toscana,Toscana,3729641,994742,26.67,1.0
1279,2021-03-28,TOS,6212,2808,3404,5880,254,78,ITI,ITI1,9,Toscana,Toscana,3729641,1000954,26.84,0.17
1280,2021-01-30,TOS,4622,1622,3000,179,4425,18,ITI,ITI1,9,Toscana,Toscana,3729641,1005576,26.96,0.12
1281,2021-07-06,TOS,25769,13025,12744,11046,14505,218,ITI,ITI1,9,Toscana,Toscana,3729641,1031345,27.65,0.69
1282,2021-05-10,TOS,26207,12400,13807,15331,10632,244,ITI,ITI1,9,Toscana,Toscana,3729641,1057552,28.36,0.7
1283,2021-03-14,TOS,7174,2569,4605,3150,3935,89,ITI,ITI1,9,Toscana,Toscana,3729641,1064726,28.55,0.19
1284,2021-05-15,TOS,29346,13853,15493,22866,5892,588,ITI,ITI1,9,Toscana,Toscana,3729641,1094072,29.33,0.79
1285,2021-04-28,TOS,19124,8181,10943,3465,15311,348,ITI,ITI1,9,Toscana,Toscana,3729641,1113196,29.85,0.51
1286,2021-02-18,TOS,8822,3285,5537,7744,896,182,ITI,ITI1,9,Toscana,Toscana,3729641,1122018,30.08,0.24
1287,2021-05-29,TOS,31569,15261,16308,23173,8169,227,ITI,ITI1,9,Toscana,Toscana,3729641,1153587,30.93,0.85
1288,2021-03-23,TOS,9429,4402,5027,6964,2275,190,ITI,ITI1,9,Toscana,Toscana,3729641,1163016,31.18,0.25
1289,2021-02-16,TOS,9280,3340,5940,8329,721,230,ITI,ITI1,9,Toscana,Toscana,3729641,1172296,31.43,0.25
1290,2021-05-02,TOS,11167,4931,6236,8968,1964,235,ITI,ITI1,9,Toscana,Toscana,3729641,1183463,31.73,0.3
1291,2021-02-25,TOS,10633,4306,6327,9471,998,164,ITI,ITI1,9,Toscana,Toscana,3729641,1194096,32.02,0.29
1292,2021-01-09,TOS,4485,1596,2889,4419,0,66,ITI,ITI1,9,Toscana,Toscana,3729641,1198581,32.14,0.12
1293,2021-03-18,TOS,9980,3984,5996,5870,3972,138,ITI,ITI1,9,Toscana,Toscana,3729641,1208561,32.4,0.27
1294,2021-06-26,TOS,34537,16756,17781,9993,24318,226,ITI,ITI1,9,Toscana,Toscana,3729641,1243098,33.33,0.93
1295,2021-03-04,TOS,17848,6951,10897,14617,3082,149,ITI,ITI1,9,Toscana,Toscana,3729641,1260946,33.81,0.48
1296,2021-06-21,TOS,31179,15478,15701,18136,12787,256,ITI,ITI1,9,Toscana,Toscana,3729641,1292125,34.64,0.84
1297,2021-01-06,TOS,4519,1460,3059,4467,0,52,ITI,ITI1,9,Toscana,Toscana,3729641,1296644,34.77,0.12
1298,2021-03-11,TOS,15899,6350,9549,12395,3329,175,ITI,ITI1,9,Toscana,Toscana,3729641,1312543,35.19,0.43
1299,2021-06-19,TOS,26468,13891,12577,21383,4757,328,ITI,ITI1,9,Toscana,Toscana,3729641,1339011,35.9,0.71
1300,2021-07-22,TOS,38923,19564,19359,4475,34285,163,ITI,ITI1,9,Toscana,Toscana,3729641,1377934,36.95,1.04
1301,2021-05-26,TOS,35594,17104,18490,20124,15202,268,ITI,ITI1,9,Toscana,Toscana,3729641,1413528,37.9,0.95
1302,2021-03-30,TOS,17023,7643,9380,13268,3567,188,ITI,ITI1,9,Toscana,Toscana,3729641,1430551,38.36,0.46
1303,2021-07-08,TOS,21051,10346,10705,9251,11560,240,ITI,ITI1,9,Toscana,Toscana,3729641,1451602,38.92,0.56
1304,2021-07-10,TOS,29290,14174,15116,7957,21151,182,ITI,ITI1,9,Toscana,Toscana,3729641,1480892,39.71,0.79
1305,2021-05-07,TOS,32140,14705,17435,11566,20166,408,ITI,ITI1,9,Toscana,Toscana,3729641,1513032,40.57,0.86
1306,2021-02-20,TOS,4640,1789,2851,3995,513,132,ITI,ITI1,9,Toscana,Toscana,3729641,1517672,40.69,0.12
1307,2021-05-31,TOS,30330,14637,15693,19261,10828,241,ITI,ITI1,9,Toscana,Toscana,3729641,1548002,41.51,0.81
1308,2021-05-14,TOS,33355,15434,17921,20020,12701,634,ITI,ITI1,9,Toscana,Toscana,3729641,1581357,42.4,0.89
1309,2020-12-30,TOS,327,104,223,326,0,1,ITI,ITI1,9,Toscana,Toscana,3729641,1581684,42.41,0.01
1310,2021-05-12,TOS,34204,15576,18628,13581,20036,587,ITI,ITI1,9,Toscana,Toscana,3729641,1615888,43.33,0.92
1311,2021-01-18,TOS,1120,637,483,972,98,50,ITI,ITI1,9,Toscana,Toscana,3729641,1617008,43.36,0.03
1312,2021-02-01,TOS,5509,1958,3551,511,4988,10,ITI,ITI1,9,Toscana,Toscana,3729641,1622517,43.5,0.15
1313,2021-02-05,TOS,5750,2245,3505,1890,3826,34,ITI,ITI1,9,Toscana,Toscana,3729641,1628267,43.66,0.15
1314,2021-05-16,TOS,26676,12886,13790,23889,2467,320,ITI,ITI1,9,Toscana,Toscana,3729641,1654943,44.37,0.72
1315,2021-05-11,TOS,27951,12985,14966,12113,15470,368,ITI,ITI1,9,Toscana,Toscana,3729641,1682894,45.12,0.75
1316,2021-02-13,TOS,7786,2361,5425,7416,227,143,ITI,ITI1,9,Toscana,Toscana,3729641,1690680,45.33,0.21
1317,2021-01-08,TOS,5947,1643,4304,5854,0,93,ITI,ITI1,9,Toscana,Toscana,3729641,1696627,45.49,0.16
1318,2021-07-12,TOS,28253,13987,14266,9665,18294,294,ITI,ITI1,9,Toscana,Toscana,3729641,1724880,46.25,0.76
1319,2021-04-01,TOS,27062,11234,15828,16166,10664,232,ITI,ITI1,9,Toscana,Toscana,3729641,1751942,46.97,0.73
1320,2021-06-28,TOS,37669,18124,19545,8438,29066,165,ITI,ITI1,9,Toscana,Toscana,3729641,1789611,47.98,1.01
1321,2021-01-20,TOS,1332,638,694,1021,248,63,ITI,ITI1,9,Toscana,Toscana,3729641,1790943,48.02,0.04
1322,2021-04-30,TOS,40202,17791,22411,19655,19897,650,ITI,ITI1,9,Toscana,Toscana,3729641,1831145,49.1,1.08
1323,2021-04-25,TOS,11058,5248,5810,8758,2140,160,ITI,ITI1,9,Toscana,Toscana,3729641,1842203,49.39,0.3
1324,2021-01-13,TOS,4062,1398,2664,3998,0,64,ITI,ITI1,9,Toscana,Toscana,3729641,1846265,49.5,0.11
1325,2021-04-23,TOS,25653,11419,14234,8837,16314,502,ITI,ITI1,9,Toscana,Toscana,3729641,1871918,50.19,0.69
1326,2021-02-06,TOS,4527,1550,2977,1262,3233,32,ITI,ITI1,9,Toscana,Toscana,3729641,1876445,50.31,0.12
1327,2021-04-27,TOS,10356,4917,5439,3666,6489,201,ITI,ITI1,9,Toscana,Toscana,3729641,1886801,50.59,0.28
1328,2021-07-19,TOS,37918,18867,19051,8811,28878,229,ITI,ITI1,9,Toscana,Toscana,3729641,1924719,51.61,1.02
1329,2021-01-01,TOS,2370,788,1582,2325,0,45,ITI,ITI1,9,Toscana,Toscana,3729641,1927089,51.67,0.06
1330,2021-04-11,TOS,3646,1681,1965,3338,155,153,ITI,ITI1,9,Toscana,Toscana,3729641,1930735,51.77,0.1
1331,2021-07-03,TOS,29373,14793,14580,11852,17147,374,ITI,ITI1,9,Toscana,Toscana,3729641,1960108,52.55,0.79
1332,2021-03-06,TOS,7110,2852,4258,2832,4196,82,ITI,ITI1,9,Toscana,Toscana,3729641,1967218,52.75,0.19
1333,2021-02-03,TOS,4222,1452,2770,237,3981,4,ITI,ITI1,9,Toscana,Toscana,3729641,1971440,52.86,0.11
1334,2021-01-15,TOS,3879,1348,2531,3819,0,60,ITI,ITI1,9,Toscana,Toscana,3729641,1975319,52.96,0.1
1335,2021-03-13,TOS,9288,3310,5978,5172,3964,152,ITI,ITI1,9,Toscana,Toscana,3729641,1984607,53.21,0.25
1336,2021-07-14,TOS,28782,14213,14569,8564,19974,244,ITI,ITI1,9,Toscana,Toscana,3729641,2013389,53.98,0.77
1337,2021-01-29,TOS,6144,1700,4444,292,5840,12,ITI,ITI1,9,Toscana,Toscana,3729641,2019533,54.15,0.16
1338,2021-05-09,TOS,22534,9769,12765,9420,12860,254,ITI,ITI1,9,Toscana,Toscana,3729641,2042067,54.75,0.6
1339,2021-07-16,TOS,27613,14021,13592,7683,19689,241,ITI,ITI1,9,Toscana,Toscana,3729641,2069680,55.49,0.74
1340,2021-05-20,TOS,29759,13910,15849,18608,10839,312,ITI,ITI1,9,Toscana,Toscana,3729641,2099439,56.29,0.8
1341,2021-01-31,TOS,3050,1129,1921,103,2944,3,ITI,ITI1,9,Toscana,Toscana,3729641,2102489,56.37,0.08
1342,2021-04-05,TOS,15285,6826,8459,14376,737,172,ITI,ITI1,9,Toscana,Toscana,3729641,2117774,56.78,0.41
1343,2021-02-07,TOS,2808,954,1854,867,1921,20,ITI,ITI1,9,Toscana,Toscana,3729641,2120582,56.86,0.08
1344,2021-03-15,TOS,8699,3646,5053,4084,4443,172,ITI,ITI1,9,Toscana,Toscana,3729641,2129281,57.09,0.23
1345,2021-06-23,TOS,31513,15275,16238,19788,11374,351,ITI,ITI1,9,Toscana,Toscana,3729641,2160794,57.94,0.84
1346,2021-01-10,TOS,3002,1105,1897,2948,0,54,ITI,ITI1,9,Toscana,Toscana,3729641,2163796,58.02,0.08
1347,2021-04-20,TOS,18160,8110,10050,12227,5576,357,ITI,ITI1,9,Toscana,Toscana,3729641,2181956,58.5,0.49
1348,2021-04-03,TOS,15015,6646,8369,13676,1126,213,ITI,ITI1,9,Toscana,Toscana,3729641,2196971,58.91,0.4
1349,2021-01-27,TOS,4835,1573,3262,201,4629,5,ITI,ITI1,9,Toscana,Toscana,3729641,2201806,59.04,0.13
1350,2021-03-17,TOS,11422,4587,6835,6800,4529,93,ITI,ITI1,9,Toscana,Toscana,3729641,2213228,59.34,0.31
1351,2021-06-25,TOS,33606,16794,16812,12110,21221,275,ITI,ITI1,9,Toscana,Toscana,3729641,2246834,60.24,0.9
1352,2021-06-08,TOS,32591,16717,15874,31746,488,357,ITI,ITI1,9,Toscana,Toscana,3729641,2279425,61.12,0.87
1353,2021-02-26,TOS,10081,3834,6247,8660,1206,215,ITI,ITI1,9,Toscana,Toscana,3729641,2289506,61.39,0.27
1354,2021-06-06,TOS,28308,13655,14653,22586,5363,359,ITI,ITI1,9,Toscana,Toscana,3729641,2317814,62.15,0.76
1355,2021-07-17,TOS,27730,14329,13401,8963,18530,237,ITI,ITI1,9,Toscana,Toscana,3729641,2345544,62.89,0.74
1356,2021-06-11,TOS,29735,15481,14254,24726,4655,354,ITI,ITI1,9,Toscana,Toscana,3729641,2375279,63.69,0.8
1357,2021-04-15,TOS,24404,10196,14208,15304,8574,526,ITI,ITI1,9,Toscana,Toscana,3729641,2399683,64.34,0.65
1358,2021-02-17,TOS,8176,3170,5006,7305,752,119,ITI,ITI1,9,Toscana,Toscana,3729641,2407859,64.56,0.22
1359,2020-12-27,TOS,620,267,353,615,0,5,ITI,ITI1,9,Toscana,Toscana,3729641,2408479,64.58,0.02
1360,2021-01-03,TOS,3336,1052,2284,3290,0,46,ITI,ITI1,9,Toscana,Toscana,3729641,2411815,64.67,0.09
1361,2021-02-15,TOS,8770,3376,5394,7775,826,169,ITI,ITI1,9,Toscana,Toscana,3729641,2420585,64.9,0.24
1362,2021-03-20,TOS,6587,2978,3609,5364,1136,87,ITI,ITI1,9,Toscana,Toscana,3729641,2427172,65.08,0.18
1363,2021-01-22,TOS,2866,1064,1802,525,2338,3,ITI,ITI1,9,Toscana,Toscana,3729641,2430038,65.15,0.08
1364,2021-07-07,TOS,25627,12601,13026,9336,16107,184,ITI,ITI1,9,Toscana,Toscana,3729641,2455665,65.84,0.69
1365,2021-02-22,TOS,9818,4254,5564,9169,277,372,ITI,ITI1,9,Toscana,Toscana,3729641,2465483,66.11,0.26
1366,2021-07-23,TOS,26042,13012,13030,2768,23180,94,ITI,ITI1,9,Toscana,Toscana,3729641,2491525,66.8,0.7
1367,2021-05-18,TOS,28841,14274,14567,19745,8824,272,ITI,ITI1,9,Toscana,Toscana,3729641,2520366,67.58,0.77
1368,2021-05-28,TOS,30114,13946,16168,17422,12465,227,ITI,ITI1,9,Toscana,Toscana,3729641,2550480,68.38,0.81
1369,2021-04-22,TOS,35702,15295,20407,17391,17488,823,ITI,ITI1,9,Toscana,Toscana,3729641,2586182,69.34,0.96
1370,2021-02-24,TOS,10371,4467,5904,10040,197,134,ITI,ITI1,9,Toscana,Toscana,3729641,2596553,69.62,0.28
1371,2021-06-04,TOS,28314,13431,14883,20259,7793,262,ITI,ITI1,9,Toscana,Toscana,3729641,2624867,70.38,0.76
1372,2021-04-08,TOS,29685,12558,17127,22939,6386,360,ITI,ITI1,9,Toscana,Toscana,3729641,2654552,71.17,0.8
1373,2021-03-03,TOS,18228,6539,11689,14498,3606,124,ITI,ITI1,9,Toscana,Toscana,3729641,2672780,71.66,0.49
1374,2021-01-05,TOS,5249,1755,3494,5193,0,56,ITI,ITI1,9,Toscana,Toscana,3729641,2678029,71.8,0.14
1375,2021-01-19,TOS,1106,533,573,1064,0,42,ITI,ITI1,9,Toscana,Toscana,3729641,2679135,71.83,0.03
1376,2021-01-12,TOS,3581,1398,2183,3508,0,73,ITI,ITI1,9,Toscana,Toscana,3729641,2682716,71.93,0.1
1377,2021-01-17,TOS,2536,871,1665,1987,514,35,ITI,ITI1,9,Toscana,Toscana,3729641,2685252,72.0,0.07
1378,2021-07-05,TOS,30504,15078,15426,10342,19934,228,ITI,ITI1,9,Toscana,Toscana,3729641,2715756,72.82,0.82
1379,2021-03-08,TOS,6708,2946,3762,1844,4820,44,ITI,ITI1,9,Toscana,Toscana,3729641,2722464,73.0,0.18
1380,2021-06-16,TOS,31753,16257,15496,26259,5178,316,ITI,ITI1,9,Toscana,Toscana,3729641,2754217,73.85,0.85
1381,2021-05-30,TOS,28688,13947,14741,21499,6947,242,ITI,ITI1,9,Toscana,Toscana,3729641,2782905,74.62,0.77
1382,2021-05-08,TOS,29149,13111,16038,13286,15472,391,ITI,ITI1,9,Toscana,Toscana,3729641,2812054,75.4,0.78
1383,2021-03-12,TOS,16980,6618,10362,13270,3528,182,ITI,ITI1,9,Toscana,Toscana,3729641,2829034,75.85,0.46
1384,2021-01-14,TOS,3255,1179,2076,3220,0,35,ITI,ITI1,9,Toscana,Toscana,3729641,2832289,75.94,0.09
1385,2021-06-20,TOS,25175,12485,12690,15420,9517,238,ITI,ITI1,9,Toscana,Toscana,3729641,2857464,76.61,0.67
1386,2021-04-24,TOS,13435,6168,7267,5620,7447,368,ITI,ITI1,9,Toscana,Toscana,3729641,2870899,76.98,0.36
1387,2021-07-04,TOS,31511,15296,16215,9367,21857,287,ITI,ITI1,9,Toscana,Toscana,3729641,2902410,77.82,0.84
1388,2020-12-31,TOS,802,201,601,798,0,4,ITI,ITI1,9,Toscana,Toscana,3729641,2903212,77.84,0.02
1389,2021-04-10,TOS,11724,5351,6373,10748,743,233,ITI,ITI1,9,Toscana,Toscana,3729641,2914936,78.16,0.31
1390,2021-02-19,TOS,8292,2952,5340,7602,513,177,ITI,ITI1,9,Toscana,Toscana,3729641,2923228,78.38,0.22
1391,2021-06-18,TOS,30787,16248,14539,24990,5401,396,ITI,ITI1,9,Toscana,Toscana,3729641,2954015,79.2,0.83
1392,2021-03-25,TOS,23900,10377,13523,15297,8355,248,ITI,ITI1,9,Toscana,Toscana,3729641,2977915,79.84,0.64
1393,2021-04-12,TOS,2623,1191,1432,1802,654,167,ITI,ITI1,9,Toscana,Toscana,3729641,2980538,79.91,0.07
1394,2021-07-21,TOS,38424,19604,18820,7324,30870,230,ITI,ITI1,9,Toscana,Toscana,3729641,3018962,80.95,1.03
1395,2021-05-13,TOS,35119,15522,19597,13201,21278,640,ITI,ITI1,9,Toscana,Toscana,3729641,3054081,81.89,0.94
1396,2021-03-27,TOS,8863,4154,4709,8514,215,134,ITI,ITI1,9,Toscana,Toscana,3729641,3062944,82.12,0.24
1397,2021-06-30,TOS,38250,18505,19745,8452,29585,213,ITI,ITI1,9,Toscana,Toscana,3729641,3101194,83.15,1.03
1398,2021-02-14,TOS,9000,2569,6431,8740,110,150,ITI,ITI1,9,Toscana,Toscana,3729641,3110194,83.39,0.24
1399,2021-05-25,TOS,34176,16496,17680,19262,14630,284,ITI,ITI1,9,Toscana,Toscana,3729641,3144370,84.31,0.92
1400,2021-03-29,TOS,9675,4832,4843,9219,325,131,ITI,ITI1,9,Toscana,Toscana,3729641,3154045,84.57,0.26
1401,2021-06-27,TOS,33295,16072,17223,5922,27245,128,ITI,ITI1,9,Toscana,Toscana,3729641,3187340,85.46,0.89
1402,2021-05-01,TOS,23323,10068,13255,13725,9188,410,ITI,ITI1,9,Toscana,Toscana,3729641,3210663,86.09,0.63
1403,2021-03-05,TOS,16878,6689,10189,11947,4755,176,ITI,ITI1,9,Toscana,Toscana,3729641,3227541,86.54,0.45
1404,2021-06-13,TOS,24609,12348,12261,22602,1659,348,ITI,ITI1,9,Toscana,Toscana,3729641,3252150,87.2,0.66
1405,2021-04-29,TOS,39316,17710,21606,18574,20085,657,ITI,ITI1,9,Toscana,Toscana,3729641,3291466,88.25,1.05
1406,2021-03-24,TOS,20018,8304,11714,10419,9458,141,ITI,ITI1,9,Toscana,Toscana,3729641,3311484,88.79,0.54
1407,2021-02-21,TOS,5105,2089,3016,4730,170,205,ITI,ITI1,9,Toscana,Toscana,3729641,3316589,88.93,0.14
1408,2021-06-01,TOS,26950,13395,13555,22868,3837,245,ITI,ITI1,9,Toscana,Toscana,3729641,3343539,89.65,0.72
1409,2021-07-02,TOS,28194,14139,14055,10808,17107,279,ITI,ITI1,9,Toscana,Toscana,3729641,3371733,90.4,0.76
1410,2021-06-15,TOS,31190,16057,15133,26288,4569,333,ITI,ITI1,9,Toscana,Toscana,3729641,3402923,91.24,0.84
1411,2021-03-10,TOS,18376,7411,10965,14254,4018,104,ITI,ITI1,9,Toscana,Toscana,3729641,3421299,91.73,0.49
1412,2021-05-27,TOS,28353,13197,15156,13269,14861,223,ITI,ITI1,9,Toscana,Toscana,3729641,3449652,92.49,0.76
1413,2021-02-02,TOS,3742,1475,2267,189,3546,7,ITI,ITI1,9,Toscana,Toscana,3729641,3453394,92.59,0.1
1414,2021-03-31,TOS,32716,13257,19459,20224,12166,326,ITI,ITI1,9,Toscana,Toscana,3729641,3486110,93.47,0.88
1415,2021-07-09,TOS,29110,14100,15010,7708,21210,192,ITI,ITI1,9,Toscana,Toscana,3729641,3515220,94.25,0.78
1416,2021-03-22,TOS,5254,2766,2488,4679,446,129,ITI,ITI1,9,Toscana,Toscana,3729641,3520474,94.39,0.14
1417,2021-06-09,TOS,34821,17570,17251,33942,463,416,ITI,ITI1,9,Toscana,Toscana,3729641,3555295,95.33,0.93
1418,2021-04-04,TOS,13922,6609,7313,13508,253,161,ITI,ITI1,9,Toscana,Toscana,3729641,3569217,95.7,0.37
1419,2021-03-16,TOS,4901,1884,3017,2565,2253,83,ITI,ITI1,9,Toscana,Toscana,3729641,3574118,95.83,0.13
1420,2021-02-27,TOS,1984,756,1228,1007,902,75,ITI,ITI1,9,Toscana,Toscana,3729641,3576102,95.88,0.05
1421,2021-06-07,TOS,34940,17140,17800,30963,3646,331,ITI,ITI1,9,Toscana,Toscana,3729641,3611042,96.82,0.94
1422,2021-05-21,TOS,28922,13479,15443,17203,11444,275,ITI,ITI1,9,Toscana,Toscana,3729641,3639964,97.6,0.78
1423,2021-03-01,TOS,4474,1734,2740,767,3641,66,ITI,ITI1,9,Toscana,Toscana,3729641,3644438,97.72,0.12
1424,2021-05-23,TOS,28420,13663,14757,25568,2560,292,ITI,ITI1,9,Toscana,Toscana,3729641,3672858,98.48,0.76
1425,2021-02-10,TOS,4263,1281,2982,3584,523,156,ITI,ITI1,9,Toscana,Toscana,3729641,3677121,98.59,0.11
1426,2021-05-04,TOS,18317,8217,10100,12429,5454,434,ITI,ITI1,9,Toscana,Toscana,3729641,3695438,99.08,0.49
1427,2021-02-12,TOS,7618,2694,4924,7296,213,109,ITI,ITI1,9,Toscana,Toscana,3729641,3703056,99.29,0.2
1428,2021-01-26,TOS,5393,1792,3601,216,5173,4,ITI,ITI1,9,Toscana,Toscana,3729641,3708449,99.43,0.14
1429,2021-05-06,TOS,31343,13633,17710,13480,17183,680,ITI,ITI1,9,Toscana,Toscana,3729641,3739792,100.27,0.84
1430,2021-04-19,TOS,9098,4511,4587,7756,1032,310,ITI,ITI1,9,Toscana,Toscana,3729641,3748890,100.52,0.24
1431,2021-04-17,TOS,20538,9209,11329,17922,2136,480,ITI,ITI1,9,Toscana,Toscana,3729641,3769428,101.07,0.55
1432,2021-01-24,TOS,3350,1073,2277,198,3149,3,ITI,ITI1,9,Toscana,Toscana,3729641,3772778,101.16,0.09
1433,2021-01-07,TOS,6018,1751,4267,5932,0,86,ITI,ITI1,9,Toscana,Toscana,3729641,3778796,101.32,0.16
1434,2021-05-01,MOL,2650,1270,1380,407,2224,19,ITF,ITF2,14,Molise,Molise,305617,2650,0.87,0.87
1435,2021-03-05,MOL,1220,649,571,1002,205,13,ITF,ITF2,14,Molise,Molise,305617,3870,1.27,0.4
1436,2021-06-13,MOL,2818,1503,1315,2459,325,34,ITF,ITF2,14,Molise,Molise,305617,6688,2.19,0.92
1437,2021-04-17,MOL,3055,1501,1554,1543,1487,25,ITF,ITF2,14,Molise,Molise,305617,9743,3.19,1.0
1438,2021-06-20,MOL,422,174,248,47,371,4,ITF,ITF2,14,Molise,Molise,305617,10165,3.33,0.14
1439,2021-04-24,MOL,2551,1202,1349,695,1841,15,ITF,ITF2,14,Molise,Molise,305617,12716,4.16,0.83
1440,2021-02-26,MOL,563,260,303,489,73,1,ITF,ITF2,14,Molise,Molise,305617,13279,4.34,0.18
1441,2021-06-06,MOL,2065,1063,1002,1725,323,17,ITF,ITF2,14,Molise,Molise,305617,15344,5.02,0.68
1442,2021-02-07,MOL,66,32,34,19,47,0,ITF,ITF2,14,Molise,Molise,305617,15410,5.04,0.02
1443,2021-05-18,MOL,1645,877,768,984,655,6,ITF,ITF2,14,Molise,Molise,305617,17055,5.58,0.54
1444,2021-03-22,MOL,1149,441,708,889,244,16,ITF,ITF2,14,Molise,Molise,305617,18204,5.96,0.38
1445,2021-07-23,MOL,2336,1213,1123,521,1769,46,ITF,ITF2,14,Molise,Molise,305617,20540,6.72,0.76
1446,2021-03-24,MOL,1631,658,973,1214,402,15,ITF,ITF2,14,Molise,Molise,305617,22171,7.25,0.53
1447,2021-07-02,MOL,2629,1276,1353,121,2500,8,ITF,ITF2,14,Molise,Molise,305617,24800,8.11,0.86
1448,2021-07-04,MOL,2150,1085,1065,577,1550,23,ITF,ITF2,14,Molise,Molise,305617,26950,8.82,0.7
1449,2021-01-17,MOL,78,38,40,48,30,0,ITF,ITF2,14,Molise,Molise,305617,27028,8.84,0.03
1450,2021-06-27,MOL,2364,1119,1245,1128,1226,10,ITF,ITF2,14,Molise,Molise,305617,29392,9.62,0.77
1451,2021-01-07,MOL,598,209,389,598,0,0,ITF,ITF2,14,Molise,Molise,305617,29990,9.81,0.2
1452,2021-02-12,MOL,333,150,183,208,124,1,ITF,ITF2,14,Molise,Molise,305617,30323,9.92,0.11
1453,2021-01-26,MOL,450,184,266,8,442,0,ITF,ITF2,14,Molise,Molise,305617,30773,10.07,0.15
1454,2021-05-06,MOL,2680,1214,1466,2043,598,39,ITF,ITF2,14,Molise,Molise,305617,33453,10.95,0.88
1455,2021-07-14,MOL,3399,1662,1737,194,3189,16,ITF,ITF2,14,Molise,Molise,305617,36852,12.06,1.11
1456,2021-04-05,MOL,391,189,202,292,99,0,ITF,ITF2,14,Molise,Molise,305617,37243,12.19,0.13
1457,2021-03-29,MOL,2033,835,1198,1518,486,29,ITF,ITF2,14,Molise,Molise,305617,39276,12.85,0.67
1458,2021-01-31,MOL,268,70,198,6,262,0,ITF,ITF2,14,Molise,Molise,305617,39544,12.94,0.09
1459,2021-02-19,MOL,169,93,76,167,2,0,ITF,ITF2,14,Molise,Molise,305617,39713,12.99,0.06
1460,2021-03-10,MOL,1737,720,1017,1667,50,20,ITF,ITF2,14,Molise,Molise,305617,41450,13.56,0.57
1461,2021-06-01,MOL,2600,1322,1278,2457,108,35,ITF,ITF2,14,Molise,Molise,305617,44050,14.41,0.85
1462,2021-01-12,MOL,336,114,222,336,0,0,ITF,ITF2,14,Molise,Molise,305617,44386,14.52,0.11
1463,2021-02-24,MOL,666,278,388,325,333,8,ITF,ITF2,14,Molise,Molise,305617,45052,14.74,0.22
1464,2021-05-20,MOL,2661,1371,1290,2397,186,78,ITF,ITF2,14,Molise,Molise,305617,47713,15.61,0.87
1465,2021-05-25,MOL,1964,888,1076,1299,631,34,ITF,ITF2,14,Molise,Molise,305617,49677,16.25,0.64
1466,2021-01-04,MOL,314,131,183,314,0,0,ITF,ITF2,14,Molise,Molise,305617,49991,16.36,0.1
1467,2021-04-14,MOL,1806,767,1039,1135,661,10,ITF,ITF2,14,Molise,Molise,305617,51797,16.95,0.59
1468,2021-02-16,MOL,156,70,86,149,6,1,ITF,ITF2,14,Molise,Molise,305617,51953,17.0,0.05
1469,2021-05-27,MOL,2835,1348,1487,1962,836,37,ITF,ITF2,14,Molise,Molise,305617,54788,17.93,0.93
1470,2021-03-19,MOL,1184,482,702,740,427,17,ITF,ITF2,14,Molise,Molise,305617,55972,18.31,0.39
1471,2021-01-21,MOL,6,2,4,6,0,0,ITF,ITF2,14,Molise,Molise,305617,55978,18.32,0.0
1472,2021-04-10,MOL,2641,1262,1379,2454,152,35,ITF,ITF2,14,Molise,Molise,305617,58619,19.18,0.86
1473,2021-02-05,MOL,593,269,324,55,538,0,ITF,ITF2,14,Molise,Molise,305617,59212,19.37,0.19
1474,2021-01-19,MOL,173,63,110,162,11,0,ITF,ITF2,14,Molise,Molise,305617,59385,19.43,0.06
1475,2021-04-29,MOL,2240,1147,1093,878,1348,14,ITF,ITF2,14,Molise,Molise,305617,61625,20.16,0.73
1476,2021-04-12,MOL,1299,557,742,1037,251,11,ITF,ITF2,14,Molise,Molise,305617,62924,20.59,0.43
1477,2021-07-21,MOL,1366,689,677,559,791,16,ITF,ITF2,14,Molise,Molise,305617,64290,21.04,0.45
1478,2021-03-17,MOL,908,385,523,518,332,58,ITF,ITF2,14,Molise,Molise,305617,65198,21.33,0.3
1479,2021-06-25,MOL,3431,1688,1743,1464,1915,52,ITF,ITF2,14,Molise,Molise,305617,68629,22.46,1.12
1480,2021-06-08,MOL,2895,1599,1296,2196,696,3,ITF,ITF2,14,Molise,Molise,305617,71524,23.4,0.95
1481,2021-03-03,MOL,672,316,356,586,82,4,ITF,ITF2,14,Molise,Molise,305617,72196,23.62,0.22
1482,2021-01-05,MOL,449,180,269,449,0,0,ITF,ITF2,14,Molise,Molise,305617,72645,23.77,0.15
1483,2021-03-15,MOL,832,338,494,570,245,17,ITF,ITF2,14,Molise,Molise,305617,73477,24.04,0.27
1484,2021-06-24,MOL,3326,1549,1777,432,2858,36,ITF,ITF2,14,Molise,Molise,305617,76803,25.13,1.09
1485,2021-03-02,MOL,667,383,284,504,158,5,ITF,ITF2,14,Molise,Molise,305617,77470,25.35,0.22
1486,2021-06-10,MOL,2571,1182,1389,1233,1301,37,ITF,ITF2,14,Molise,Molise,305617,80041,26.19,0.84
1487,2021-07-16,MOL,2982,1513,1469,379,2575,28,ITF,ITF2,14,Molise,Molise,305617,83023,27.17,0.98
1488,2021-07-09,MOL,3436,1649,1787,166,3252,18,ITF,ITF2,14,Molise,Molise,305617,86459,28.29,1.12
1489,2021-03-31,MOL,2193,919,1274,1307,819,67,ITF,ITF2,14,Molise,Molise,305617,88652,29.01,0.72
1490,2021-05-13,MOL,3039,1410,1629,2529,457,53,ITF,ITF2,14,Molise,Molise,305617,91691,30.0,0.99
1491,2021-04-28,MOL,1696,925,771,471,1218,7,ITF,ITF2,14,Molise,Molise,305617,93387,30.56,0.55
1492,2021-05-29,MOL,2354,1225,1129,1924,390,40,ITF,ITF2,14,Molise,Molise,305617,95741,31.33,0.77
1493,2021-02-09,MOL,359,170,189,197,162,0,ITF,ITF2,14,Molise,Molise,305617,96100,31.44,0.12
1494,2021-01-28,MOL,613,217,396,17,596,0,ITF,ITF2,14,Molise,Molise,305617,96713,31.65,0.2
1495,2021-03-12,MOL,1459,637,822,1404,36,19,ITF,ITF2,14,Molise,Molise,305617,98172,32.12,0.48
1496,2021-01-14,MOL,647,239,408,647,0,0,ITF,ITF2,14,Molise,Molise,305617,98819,32.33,0.21
1497,2021-03-07,MOL,1132,501,631,1127,2,3,ITF,ITF2,14,Molise,Molise,305617,99951,32.7,0.37
1498,2021-06-15,MOL,2215,1042,1173,748,1451,16,ITF,ITF2,14,Molise,Molise,305617,102166,33.43,0.72
1499,2021-06-17,MOL,2307,1017,1290,911,1369,27,ITF,ITF2,14,Molise,Molise,305617,104473,34.18,0.75
1500,2021-01-09,MOL,450,152,298,450,0,0,ITF,ITF2,14,Molise,Molise,305617,104923,34.33,0.15
1501,2021-04-19,MOL,1828,843,985,988,778,62,ITF,ITF2,14,Molise,Molise,305617,106751,34.93,0.6
1502,2021-07-13,MOL,2803,1424,1379,318,2468,17,ITF,ITF2,14,Molise,Molise,305617,109554,35.85,0.92
1503,2021-04-02,MOL,1456,710,746,663,778,15,ITF,ITF2,14,Molise,Molise,305617,111010,36.32,0.48
1504,2021-07-11,MOL,2455,1196,1259,179,2273,3,ITF,ITF2,14,Molise,Molise,305617,113465,37.13,0.8
1505,2021-05-08,MOL,2976,1455,1521,1698,1244,34,ITF,ITF2,14,Molise,Molise,305617,116441,38.1,0.97
1506,2021-04-21,MOL,1871,791,1080,969,896,6,ITF,ITF2,14,Molise,Molise,305617,118312,38.71,0.61
1507,2021-03-11,MOL,1465,637,828,1445,6,14,ITF,ITF2,14,Molise,Molise,305617,119777,39.19,0.48
1508,2021-01-06,MOL,689,260,429,689,0,0,ITF,ITF2,14,Molise,Molise,305617,120466,39.42,0.23
1509,2021-04-16,MOL,2431,1033,1398,1176,1233,22,ITF,ITF2,14,Molise,Molise,305617,122897,40.21,0.8
1510,2021-03-26,MOL,2575,1045,1530,1889,642,44,ITF,ITF2,14,Molise,Molise,305617,125472,41.06,0.84
1511,2021-02-18,MOL,319,74,245,302,13,4,ITF,ITF2,14,Molise,Molise,305617,125791,41.16,0.1
1512,2021-02-23,MOL,582,223,359,361,219,2,ITF,ITF2,14,Molise,Molise,305617,126373,41.35,0.19
1513,2021-06-03,MOL,3295,1568,1727,2707,555,33,ITF,ITF2,14,Molise,Molise,305617,129668,42.43,1.08
1514,2021-04-07,MOL,1688,847,841,1368,275,45,ITF,ITF2,14,Molise,Molise,305617,131356,42.98,0.55
1515,2021-06-05,MOL,2981,1512,1469,2793,161,27,ITF,ITF2,14,Molise,Molise,305617,134337,43.96,0.98
1516,2021-07-06,MOL,3059,1427,1632,35,3020,4,ITF,ITF2,14,Molise,Molise,305617,137396,44.96,1.0
1517,2021-05-10,MOL,2894,1286,1608,2493,373,28,ITF,ITF2,14,Molise,Molise,305617,140290,45.9,0.95
1518,2021-06-29,MOL,2491,1159,1332,377,2088,26,ITF,ITF2,14,Molise,Molise,305617,142781,46.72,0.82
1519,2021-05-03,MOL,2487,1167,1320,2291,163,33,ITF,ITF2,14,Molise,Molise,305617,145268,47.53,0.81
1520,2021-05-17,MOL,2228,1092,1136,1705,496,27,ITF,ITF2,14,Molise,Molise,305617,147496,48.26,0.73
1521,2021-03-21,MOL,1246,542,704,477,767,2,ITF,ITF2,14,Molise,Molise,305617,148742,48.67,0.41
1522,2021-02-11,MOL,295,133,162,258,37,0,ITF,ITF2,14,Molise,Molise,305617,149037,48.77,0.1
1523,2021-05-22,MOL,1320,715,605,1228,84,8,ITF,ITF2,14,Molise,Molise,305617,150357,49.2,0.43
1524,2021-02-28,MOL,832,334,498,788,42,2,ITF,ITF2,14,Molise,Molise,305617,151189,49.47,0.27
1525,2021-02-27,MOL,1368,570,798,1344,19,5,ITF,ITF2,14,Molise,Molise,305617,152557,49.92,0.45
1526,2021-06-07,MOL,1953,859,1094,1113,819,21,ITF,ITF2,14,Molise,Molise,305617,154510,50.56,0.64
1527,2021-02-13,MOL,132,80,52,132,0,0,ITF,ITF2,14,Molise,Molise,305617,154642,50.6,0.04
1528,2021-05-24,MOL,1964,853,1111,1271,666,27,ITF,ITF2,14,Molise,Molise,305617,156606,51.24,0.64
1529,2021-05-07,MOL,2643,1228,1415,2021,597,25,ITF,ITF2,14,Molise,Molise,305617,159249,52.11,0.86
1530,2021-04-18,MOL,1083,483,600,143,934,6,ITF,ITF2,14,Molise,Molise,305617,160332,52.46,0.35
1531,2021-06-21,MOL,2901,1350,1551,1623,1232,46,ITF,ITF2,14,Molise,Molise,305617,163233,53.41,0.95
1532,2021-04-25,MOL,794,397,397,557,233,4,ITF,ITF2,14,Molise,Molise,305617,164027,53.67,0.26
1533,2021-01-13,MOL,474,160,314,474,0,0,ITF,ITF2,14,Molise,Molise,305617,164501,53.83,0.16
1534,2021-06-19,MOL,2343,1165,1178,1278,1023,42,ITF,ITF2,14,Molise,Molise,305617,166844,54.59,0.77
1535,2021-04-23,MOL,2052,882,1170,1375,661,16,ITF,ITF2,14,Molise,Molise,305617,168896,55.26,0.67
1536,2021-06-30,MOL,2966,1408,1558,873,2011,82,ITF,ITF2,14,Molise,Molise,305617,171862,56.23,0.97
1537,2021-03-13,MOL,1189,594,595,183,989,17,ITF,ITF2,14,Molise,Molise,305617,173051,56.62,0.39
1538,2021-01-15,MOL,538,242,296,538,0,0,ITF,ITF2,14,Molise,Molise,305617,173589,56.8,0.18
1539,2021-06-23,MOL,2791,1286,1505,221,2560,10,ITF,ITF2,14,Molise,Molise,305617,176380,57.71,0.91
1540,2021-03-09,MOL,1329,579,750,1149,152,28,ITF,ITF2,14,Molise,Molise,305617,177709,58.15,0.43
1541,2021-02-20,MOL,1019,442,577,999,20,0,ITF,ITF2,14,Molise,Molise,305617,178728,58.48,0.33
1542,2021-05-31,MOL,2367,1148,1219,1902,424,41,ITF,ITF2,14,Molise,Molise,305617,181095,59.26,0.77
1543,2021-05-14,MOL,2644,1215,1429,1890,718,36,ITF,ITF2,14,Molise,Molise,305617,183739,60.12,0.87
1544,2021-06-02,MOL,2810,1356,1454,2692,99,19,ITF,ITF2,14,Molise,Molise,305617,186549,61.04,0.92
1545,2021-07-19,MOL,2715,1326,1389,499,2189,27,ITF,ITF2,14,Molise,Molise,305617,189264,61.93,0.89
1546,2021-02-03,MOL,734,249,485,341,393,0,ITF,ITF2,14,Molise,Molise,305617,189998,62.17,0.24
1547,2021-04-27,MOL,1597,769,828,445,1130,22,ITF,ITF2,14,Molise,Molise,305617,191595,62.69,0.52
1548,2021-03-14,MOL,596,240,356,17,579,0,ITF,ITF2,14,Molise,Molise,305617,192191,62.89,0.2
1549,2021-06-22,MOL,2960,1368,1592,669,2274,17,ITF,ITF2,14,Molise,Molise,305617,195151,63.85,0.97
1550,2021-03-28,MOL,1627,748,879,518,1102,7,ITF,ITF2,14,Molise,Molise,305617,196778,64.39,0.53
1551,2021-01-30,MOL,461,158,303,12,449,0,ITF,ITF2,14,Molise,Molise,305617,197239,64.54,0.15
1552,2021-05-26,MOL,1550,699,851,770,754,26,ITF,ITF2,14,Molise,Molise,305617,198789,65.05,0.51
1553,2021-03-30,MOL,2003,857,1146,1472,512,19,ITF,ITF2,14,Molise,Molise,305617,200792,65.7,0.66
1554,2021-02-01,MOL,562,201,361,14,548,0,ITF,ITF2,14,Molise,Molise,305617,201354,65.88,0.18
1555,2021-07-08,MOL,3426,1649,1777,107,3296,23,ITF,ITF2,14,Molise,Molise,305617,204780,67.01,1.12
1556,2021-05-12,MOL,2853,1294,1559,2692,96,65,ITF,ITF2,14,Molise,Molise,305617,207633,67.94,0.93
1557,2021-07-18,MOL,1663,828,835,122,1532,9,ITF,ITF2,14,Molise,Molise,305617,209296,68.48,0.54
1558,2021-03-04,MOL,851,417,434,514,325,12,ITF,ITF2,14,Molise,Molise,305617,210147,68.76,0.28
1559,2021-06-12,MOL,3419,1759,1660,3244,124,51,ITF,ITF2,14,Molise,Molise,305617,213566,69.88,1.12
1560,2021-04-06,MOL,1494,701,793,1131,343,20,ITF,ITF2,14,Molise,Molise,305617,215060,70.37,0.49
1561,2021-02-08,MOL,335,141,194,216,119,0,ITF,ITF2,14,Molise,Molise,305617,215395,70.48,0.11
1562,2021-07-15,MOL,3211,1614,1597,209,2988,14,ITF,ITF2,14,Molise,Molise,305617,218606,71.53,1.05
1563,2021-05-19,MOL,2343,1205,1138,1880,426,37,ITF,ITF2,14,Molise,Molise,305617,220949,72.3,0.77
1564,2021-03-23,MOL,1642,694,948,1411,207,24,ITF,ITF2,14,Molise,Molise,305617,222591,72.83,0.54
1565,2021-07-01,MOL,2659,1293,1366,269,2375,15,ITF,ITF2,14,Molise,Molise,305617,225250,73.7,0.87
1566,2021-03-20,MOL,2322,969,1353,992,1322,8,ITF,ITF2,14,Molise,Molise,305617,227572,74.46,0.76
1567,2021-06-28,MOL,2903,1353,1550,997,1884,22,ITF,ITF2,14,Molise,Molise,305617,230475,75.41,0.95
1568,2021-02-06,MOL,430,179,251,29,401,0,ITF,ITF2,14,Molise,Molise,305617,230905,75.55,0.14
1569,2021-06-04,MOL,3058,1499,1559,2574,457,27,ITF,ITF2,14,Molise,Molise,305617,233963,76.55,1.0
1570,2021-04-08,MOL,1767,904,863,1540,202,25,ITF,ITF2,14,Molise,Molise,305617,235730,77.13,0.58
1571,2021-07-17,MOL,2842,1519,1323,292,2528,22,ITF,ITF2,14,Molise,Molise,305617,238572,78.06,0.93
1572,2021-04-22,MOL,1847,864,983,1060,779,8,ITF,ITF2,14,Molise,Molise,305617,240419,78.67,0.6
1573,2021-02-17,MOL,72,32,40,50,15,7,ITF,ITF2,14,Molise,Molise,305617,240491,78.69,0.02
1574,2021-05-28,MOL,2650,1365,1285,2038,547,65,ITF,ITF2,14,Molise,Molise,305617,243141,79.56,0.87
1575,2021-06-11,MOL,3447,1656,1791,1973,1431,43,ITF,ITF2,14,Molise,Molise,305617,246588,80.69,1.13
1576,2021-04-15,MOL,1926,794,1132,1074,845,7,ITF,ITF2,14,Molise,Molise,305617,248514,81.32,0.63
1577,2021-03-16,MOL,614,230,384,265,347,2,ITF,ITF2,14,Molise,Molise,305617,249128,81.52,0.2
1578,2021-01-11,MOL,557,194,363,557,0,0,ITF,ITF2,14,Molise,Molise,305617,249685,81.7,0.18
1579,2021-01-25,MOL,319,130,189,3,316,0,ITF,ITF2,14,Molise,Molise,305617,250004,81.8,0.1
1580,2021-05-16,MOL,1248,572,676,1046,182,20,ITF,ITF2,14,Molise,Molise,305617,251252,82.21,0.41
1581,2021-02-15,MOL,144,70,74,141,3,0,ITF,ITF2,14,Molise,Molise,305617,251396,82.26,0.05
1582,2021-02-22,MOL,265,129,136,248,15,2,ITF,ITF2,14,Molise,Molise,305617,251661,82.35,0.09
1583,2021-05-05,MOL,2418,1043,1375,2252,143,23,ITF,ITF2,14,Molise,Molise,305617,254079,83.14,0.79
1584,2021-05-04,MOL,2706,1181,1525,2545,128,33,ITF,ITF2,14,Molise,Molise,305617,256785,84.02,0.89
1585,2021-01-10,MOL,270,72,198,270,0,0,ITF,ITF2,14,Molise,Molise,305617,257055,84.11,0.09
1586,2021-04-20,MOL,2322,1028,1294,1213,1100,9,ITF,ITF2,14,Molise,Molise,305617,259377,84.87,0.76
1587,2021-06-09,MOL,1778,892,886,821,928,29,ITF,ITF2,14,Molise,Molise,305617,261155,85.45,0.58
1588,2021-05-23,MOL,1703,866,837,1689,6,8,ITF,ITF2,14,Molise,Molise,305617,262858,86.01,0.56
1589,2021-03-01,MOL,662,274,388,430,215,17,ITF,ITF2,14,Molise,Molise,305617,263520,86.23,0.22
1590,2021-04-03,MOL,1773,851,922,1716,35,22,ITF,ITF2,14,Molise,Molise,305617,265293,86.81,0.58
1591,2021-07-12,MOL,2669,1316,1353,353,2295,21,ITF,ITF2,14,Molise,Molise,305617,267962,87.68,0.87
1592,2021-07-10,MOL,3721,1781,1940,321,3386,14,ITF,ITF2,14,Molise,Molise,305617,271683,88.9,1.22
1593,2021-04-04,MOL,253,141,112,233,15,5,ITF,ITF2,14,Molise,Molise,305617,271936,88.98,0.08
1594,2021-03-18,MOL,1157,476,681,633,465,59,ITF,ITF2,14,Molise,Molise,305617,273093,89.36,0.38
1595,2021-06-26,MOL,3119,1529,1590,523,2581,15,ITF,ITF2,14,Molise,Molise,305617,276212,90.38,1.02
1596,2021-02-10,MOL,151,79,72,131,20,0,ITF,ITF2,14,Molise,Molise,305617,276363,90.43,0.05
1597,2021-05-21,MOL,2101,1054,1047,1700,322,79,ITF,ITF2,14,Molise,Molise,305617,278464,91.12,0.69
1598,2021-01-27,MOL,674,251,423,8,666,0,ITF,ITF2,14,Molise,Molise,305617,279138,91.34,0.22
1599,2021-06-14,MOL,1628,810,818,535,1075,18,ITF,ITF2,14,Molise,Molise,305617,280766,91.87,0.53
1600,2021-01-20,MOL,18,8,10,18,0,0,ITF,ITF2,14,Molise,Molise,305617,280784,91.87,0.01
1601,2021-04-30,MOL,2940,1557,1383,819,2109,12,ITF,ITF2,14,Molise,Molise,305617,283724,92.84,0.96
1602,2021-02-25,MOL,542,239,303,471,68,3,ITF,ITF2,14,Molise,Molise,305617,284266,93.01,0.18
1603,2020-12-27,MOL,50,20,30,50,0,0,ITF,ITF2,14,Molise,Molise,305617,284316,93.03,0.02
1604,2021-01-08,MOL,430,141,289,430,0,0,ITF,ITF2,14,Molise,Molise,305617,284746,93.17,0.14
1605,2021-04-01,MOL,1470,667,803,730,726,14,ITF,ITF2,14,Molise,Molise,305617,286216,93.65,0.48
1606,2021-01-29,MOL,422,136,286,6,416,0,ITF,ITF2,14,Molise,Molise,305617,286638,93.79,0.14
1607,2021-05-09,MOL,2056,934,1122,1926,97,33,ITF,ITF2,14,Molise,Molise,305617,288694,94.46,0.67
1608,2021-07-07,MOL,2958,1368,1590,56,2898,4,ITF,ITF2,14,Molise,Molise,305617,291652,95.43,0.97
1609,2021-05-11,MOL,3210,1415,1795,2910,252,48,ITF,ITF2,14,Molise,Molise,305617,294862,96.48,1.05
1610,2021-01-22,MOL,128,36,92,128,0,0,ITF,ITF2,14,Molise,Molise,305617,294990,96.52,0.04
1611,2021-05-02,MOL,1894,932,962,577,1306,11,ITF,ITF2,14,Molise,Molise,305617,296884,97.14,0.62
1612,2021-03-06,MOL,1728,807,921,1559,159,10,ITF,ITF2,14,Molise,Molise,305617,298612,97.71,0.57
1613,2021-02-21,MOL,574,227,347,572,2,0,ITF,ITF2,14,Molise,Molise,305617,299186,97.9,0.19
1614,2021-02-04,MOL,759,295,464,77,682,0,ITF,ITF2,14,Molise,Molise,305617,299945,98.14,0.25
1615,2021-05-15,MOL,2980,1398,1582,2545,384,51,ITF,ITF2,14,Molise,Molise,305617,302925,99.12,0.98
1616,2021-02-02,MOL,539,176,363,215,323,1,ITF,ITF2,14,Molise,Molise,305617,303464,99.3,0.18
1617,2021-01-16,MOL,422,166,256,422,0,0,ITF,ITF2,14,Molise,Molise,305617,303886,99.43,0.14
1618,2021-04-26,MOL,1158,521,637,810,331,17,ITF,ITF2,14,Molise,Molise,305617,305044,99.81,0.38
1619,2021-04-09,MOL,2325,1252,1073,2106,191,28,ITF,ITF2,14,Molise,Molise,305617,307369,100.57,0.76
1620,2021-01-18,MOL,115,48,67,115,0,0,ITF,ITF2,14,Molise,Molise,305617,307484,100.61,0.04
1621,2021-04-11,MOL,1196,591,605,1168,14,14,ITF,ITF2,14,Molise,Molise,305617,308680,101.0,0.39
1622,2021-07-20,MOL,2163,1094,1069,1009,1107,47,ITF,ITF2,14,Molise,Molise,305617,310843,101.71,0.71
1623,2021-07-03,MOL,2738,1378,1360,565,2153,20,ITF,ITF2,14,Molise,Molise,305617,313581,102.61,0.9
1624,2021-07-22,MOL,1620,804,816,735,849,36,ITF,ITF2,14,Molise,Molise,305617,315201,103.14,0.53
1625,2021-03-25,MOL,1806,730,1076,1284,497,25,ITF,ITF2,14,Molise,Molise,305617,317007,103.73,0.59
1626,2021-03-08,MOL,1380,523,857,1203,140,37,ITF,ITF2,14,Molise,Molise,305617,318387,104.18,0.45
1627,2021-06-16,MOL,2007,1015,992,1135,858,14,ITF,ITF2,14,Molise,Molise,305617,320394,104.84,0.66
1628,2021-04-13,MOL,1632,718,914,1037,587,8,ITF,ITF2,14,Molise,Molise,305617,322026,105.37,0.53
1629,2021-03-27,MOL,2743,1273,1470,1295,1433,15,ITF,ITF2,14,Molise,Molise,305617,324769,106.27,0.9
1630,2021-07-05,MOL,2739,1282,1457,39,2698,2,ITF,ITF2,14,Molise,Molise,305617,327508,107.16,0.9
1631,2021-06-18,MOL,2767,1248,1519,1283,1458,26,ITF,ITF2,14,Molise,Molise,305617,330275,108.07,0.91
1632,2021-05-30,MOL,1864,929,935,1552,285,27,ITF,ITF2,14,Molise,Molise,305617,332139,108.68,0.61
1633,2021-05-31,PAT,4725,2175,2550,1571,3047,107,ITH,ITH2,4,Provincia Autonoma Trento,P.A. Trento,541380,4725,0.87,0.87
1634,2021-07-20,PAT,4528,2451,2077,1540,2861,127,ITH,ITH2,4,Provincia Autonoma Trento,P.A. Trento,541380,9253,1.71,0.84
1635,2021-03-09,PAT,1585,591,994,908,646,31,ITH,ITH2,4,Provincia Autonoma Trento,P.A. Trento,541380,10838,2.0,0.29
1636,2021-06-17,PAT,6605,3465,3140,1977,4463,165,ITH,ITH2,4,Provincia Autonoma Trento,P.A. Trento,541380,17443,3.22,1.22
1637,2021-03-14,PAT,108,65,43,19,87,2,ITH,ITH2,4,Provincia Autonoma Trento,P.A. Trento,541380,17551,3.24,0.02
1638,2021-07-13,PAT,3643,1843,1800,1648,1881,114,ITH,ITH2,4,Provincia Autonoma Trento,P.A. Trento,541380,21194,3.91,0.67
1639,2021-04-21,PAT,2910,1359,1551,2710,50,150,ITH,ITH2,4,Provincia Autonoma Trento,P.A. Trento,541380,24104,4.45,0.54
1640,2021-01-28,PAT,530,147,383,48,482,0,ITH,ITH2,4,Provincia Autonoma Trento,P.A. Trento,541380,24634,4.55,0.1
1641,2021-01-11,PAT,732,223,509,732,0,0,ITH,ITH2,4,Provincia Autonoma Trento,P.A. Trento,541380,25366,4.69,0.14
1642,2021-02-16,PAT,667,246,421,651,5,11,ITH,ITH2,4,Provincia Autonoma Trento,P.A. Trento,541380,26033,4.81,0.12
1643,2021-02-06,PAT,575,299,276,434,141,0,ITH,ITH2,4,Provincia Autonoma Trento,P.A. Trento,541380,26608,4.91,0.11
1644,2021-02-23,PAT,1112,395,717,878,213,21,ITH,ITH2,4,Provincia Autonoma Trento,P.A. Trento,541380,27720,5.12,0.21
1645,2021-05-17,PAT,4294,2122,2172,3710,351,233,ITH,ITH2,4,Provincia Autonoma Trento,P.A. Trento,541380,32014,5.91,0.79
1646,2021-04-14,PAT,3119,1465,1654,2231,737,151,ITH,ITH2,4,Provincia Autonoma Trento,P.A. Trento,541380,35133,6.49,0.58
1647,2021-03-28,PAT,753,294,459,705,2,46,ITH,ITH2,4,Provincia Autonoma Trento,P.A. Trento,541380,35886,6.63,0.14
1648,2021-03-26,PAT,3234,1259,1975,2482,610,142,ITH,ITH2,4,Provincia Autonoma Trento,P.A. Trento,541380,39120,7.23,0.6
1649,2021-06-19,PAT,3098,1696,1402,227,2839,32,ITH,ITH2,4,Provincia Autonoma Trento,P.A. Trento,541380,42218,7.8,0.57
1650,2021-01-23,PAT,577,334,243,387,189,1,ITH,ITH2,4,Provincia Autonoma Trento,P.A. Trento,541380,42795,7.9,0.11
1651,2021-05-03,PAT,4263,2198,2065,3810,154,299,ITH,ITH2,4,Provincia Autonoma Trento,P.A. Trento,541380,47058,8.69,0.79
1652,2021-07-01,PAT,6934,3606,3328,3444,3313,177,ITH,ITH2,4,Provincia Autonoma Trento,P.A. Trento,541380,53992,9.97,1.28
1653,2021-05-05,PAT,4991,2580,2411,4384,298,309,ITH,ITH2,4,Provincia Autonoma Trento,P.A. Trento,541380,58983,10.89,0.92
1654,2021-01-16,PAT,319,148,171,319,0,0,ITH,ITH2,4,Provincia Autonoma Trento,P.A. Trento,541380,59302,10.95,0.06
1655,2021-06-29,PAT,6229,3138,3091,2663,3492,74,ITH,ITH2,4,Provincia Autonoma Trento,P.A. Trento,541380,65531,12.1,1.15
1656,2021-06-12,PAT,5364,2690,2674,429,4887,48,ITH,ITH2,4,Provincia Autonoma Trento,P.A. Trento,541380,70895,13.1,0.99
1657,2021-03-21,PAT,129,69,60,125,0,4,ITH,ITH2,4,Provincia Autonoma Trento,P.A. Trento,541380,71024,13.12,0.02
1658,2021-05-24,PAT,4387,2015,2372,1249,3025,113,ITH,ITH2,4,Provincia Autonoma Trento,P.A. Trento,541380,75411,13.93,0.81
1659,2021-03-02,PAT,1307,440,867,902,376,29,ITH,ITH2,4,Provincia Autonoma Trento,P.A. Trento,541380,76718,14.17,0.24
1660,2021-06-10,PAT,6130,2980,3150,1789,4213,128,ITH,ITH2,4,Provincia Autonoma Trento,P.A. Trento,541380,82848,15.3,1.13
1661,2021-04-09,PAT,2742,1163,1579,1475,1200,67,ITH,ITH2,4,Provincia Autonoma Trento,P.A. Trento,541380,85590,15.81,0.51
1662,2021-02-11,PAT,1136,365,771,795,340,1,ITH,ITH2,4,Provincia Autonoma Trento,P.A. Trento,541380,86726,16.02,0.21
1663,2021-07-18,PAT,449,238,211,107,337,5,ITH,ITH2,4,Provincia Autonoma Trento,P.A. Trento,541380,87175,16.1,0.08
1664,2021-02-25,PAT,1641,643,998,1190,441,10,ITH,ITH2,4,Provincia Autonoma Trento,P.A. Trento,541380,88816,16.41,0.3
1665,2020-12-30,PAT,7,3,4,7,0,0,ITH,ITH2,4,Provincia Autonoma Trento,P.A. Trento,541380,88823,16.41,0.0
1666,2021-06-05,PAT,4083,1916,2167,679,3333,71,ITH,ITH2,4,Provincia Autonoma Trento,P.A. Trento,541380,92906,17.16,0.75
1667,2021-05-22,PAT,3258,1598,1660,832,2333,93,ITH,ITH2,4,Provincia Autonoma Trento,P.A. Trento,541380,96164,17.76,0.6
1668,2021-03-07,PAT,22,6,16,22,0,0,ITH,ITH2,4,Provincia Autonoma Trento,P.A. Trento,541380,96186,17.77,0.0
1669,2021-01-09,PAT,190,40,150,190,0,0,ITH,ITH2,4,Provincia Autonoma Trento,P.A. Trento,541380,96376,17.8,0.04
1670,2021-06-24,PAT,5927,3106,2821,3560,2181,186,ITH,ITH2,4,Provincia Autonoma Trento,P.A. Trento,541380,102303,18.9,1.09
1671,2021-05-12,PAT,3309,1496,1813,1953,1191,165,ITH,ITH2,4,Provincia Autonoma Trento,P.A. Trento,541380,105612,19.51,0.61
1672,2021-03-16,PAT,1391,506,885,577,783,31,ITH,ITH2,4,Provincia Autonoma Trento,P.A. Trento,541380,107003,19.76,0.26
1673,2021-05-14,PAT,5325,2544,2781,3640,1389,296,ITH,ITH2,4,Provincia Autonoma Trento,P.A. Trento,541380,112328,20.75,0.98
1674,2021-02-20,PAT,407,245,162,122,284,1,ITH,ITH2,4,Provincia Autonoma Trento,P.A. Trento,541380,112735,20.82,0.08
1675,2021-01-08,PAT,1451,314,1137,1450,0,1,ITH,ITH2,4,Provincia Autonoma Trento,P.A. Trento,541380,114186,21.09,0.27
1676,2021-06-14,PAT,5744,2970,2774,2015,3614,115,ITH,ITH2,4,Provincia Autonoma Trento,P.A. Trento,541380,119930,22.15,1.06
1677,2021-04-23,PAT,3640,1772,1868,3407,54,179,ITH,ITH2,4,Provincia Autonoma Trento,P.A. Trento,541380,123570,22.83,0.67
1678,2021-01-30,PAT,386,132,254,152,234,0,ITH,ITH2,4,Provincia Autonoma Trento,P.A. Trento,541380,123956,22.9,0.07
1679,2021-05-10,PAT,3213,1647,1566,2498,506,209,ITH,ITH2,4,Provincia Autonoma Trento,P.A. Trento,541380,127169,23.49,0.59
1680,2021-03-18,PAT,2320,957,1363,1216,1080,24,ITH,ITH2,4,Provincia Autonoma Trento,P.A. Trento,541380,129489,23.92,0.43
1681,2021-06-09,PAT,6246,3080,3166,2089,4080,77,ITH,ITH2,4,Provincia Autonoma Trento,P.A. Trento,541380,135735,25.07,1.15
1682,2021-07-08,PAT,3966,2112,1854,2370,1434,162,ITH,ITH2,4,Provincia Autonoma Trento,P.A. Trento,541380,139701,25.8,0.73
1683,2021-02-04,PAT,976,304,672,421,554,1,ITH,ITH2,4,Provincia Autonoma Trento,P.A. Trento,541380,140677,25.98,0.18
1684,2021-04-13,PAT,2556,1059,1497,1970,507,79,ITH,ITH2,4,Provincia Autonoma Trento,P.A. Trento,541380,143233,26.46,0.47
1685,2021-01-20,PAT,292,73,219,280,12,0,ITH,ITH2,4,Provincia Autonoma Trento,P.A. Trento,541380,143525,26.51,0.05
1686,2021-04-30,PAT,4934,2406,2528,4414,152,368,ITH,ITH2,4,Provincia Autonoma Trento,P.A. Trento,541380,148459,27.42,0.91
1687,2021-05-19,PAT,5104,2460,2644,3601,1256,247,ITH,ITH2,4,Provincia Autonoma Trento,P.A. Trento,541380,153563,28.37,0.94
1688,2021-05-29,PAT,2239,1168,1071,755,1400,84,ITH,ITH2,4,Provincia Autonoma Trento,P.A. Trento,541380,155802,28.78,0.41
1689,2021-04-02,PAT,2847,1158,1689,2011,675,161,ITH,ITH2,4,Provincia Autonoma Trento,P.A. Trento,541380,158649,29.3,0.53
1690,2021-04-16,PAT,2869,1362,1507,2569,145,155,ITH,ITH2,4,Provincia Autonoma Trento,P.A. Trento,541380,161518,29.83,0.53
1691,2021-02-18,PAT,1211,429,782,1138,63,10,ITH,ITH2,4,Provincia Autonoma Trento,P.A. Trento,541380,162729,30.06,0.22
1692,2021-01-04,PAT,872,229,643,870,0,2,ITH,ITH2,4,Provincia Autonoma Trento,P.A. Trento,541380,163601,30.22,0.16
1693,2021-07-06,PAT,5007,2634,2373,2944,1878,185,ITH,ITH2,4,Provincia Autonoma Trento,P.A. Trento,541380,168608,31.14,0.92
1694,2021-01-18,PAT,644,154,490,589,55,0,ITH,ITH2,4,Provincia Autonoma Trento,P.A. Trento,541380,169252,31.26,0.12
1695,2021-04-28,PAT,4254,1979,2275,3870,138,246,ITH,ITH2,4,Provincia Autonoma Trento,P.A. Trento,541380,173506,32.05,0.79
1696,2021-04-01,PAT,2906,1232,1674,1721,1094,91,ITH,ITH2,4,Provincia Autonoma Trento,P.A. Trento,541380,176412,32.59,0.54
1697,2021-07-10,PAT,1047,540,507,138,883,26,ITH,ITH2,4,Provincia Autonoma Trento,P.A. Trento,541380,177459,32.78,0.19
1698,2021-03-04,PAT,2363,794,1569,1542,780,41,ITH,ITH2,4,Provincia Autonoma Trento,P.A. Trento,541380,179822,33.22,0.44
1699,2021-02-08,PAT,1153,319,834,342,811,0,ITH,ITH2,4,Provincia Autonoma Trento,P.A. Trento,541380,180975,33.43,0.21
1700,2021-07-17,PAT,1047,508,539,245,786,16,ITH,ITH2,4,Provincia Autonoma Trento,P.A. Trento,541380,182022,33.62,0.19
1701,2021-05-21,PAT,5061,2423,2638,3079,1715,267,ITH,ITH2,4,Provincia Autonoma Trento,P.A. Trento,541380,187083,34.56,0.93
1702,2021-02-01,PAT,1224,338,886,92,1132,0,ITH,ITH2,4,Provincia Autonoma Trento,P.A. Trento,541380,188307,34.78,0.23
1703,2021-04-18,PAT,1855,845,1010,1788,9,58,ITH,ITH2,4,Provincia Autonoma Trento,P.A. Trento,541380,190162,35.13,0.34
1704,2021-03-06,PAT,786,277,509,595,151,40,ITH,ITH2,4,Provincia Autonoma Trento,P.A. Trento,541380,190948,35.27,0.15
1705,2021-04-11,PAT,2340,1135,1205,2161,91,88,ITH,ITH2,4,Provincia Autonoma Trento,P.A. Trento,541380,193288,35.7,0.43
1706,2021-02-27,PAT,1032,458,574,590,422,20,ITH,ITH2,4,Provincia Autonoma Trento,P.A. Trento,541380,194320,35.89,0.19
1707,2021-01-01,PAT,214,50,164,214,0,0,ITH,ITH2,4,Provincia Autonoma Trento,P.A. Trento,541380,194534,35.93,0.04
1708,2021-06-07,PAT,5793,2883,2910,2638,2986,169,ITH,ITH2,4,Provincia Autonoma Trento,P.A. Trento,541380,200327,37.0,1.07
1709,2021-06-26,PAT,1391,726,665,660,713,18,ITH,ITH2,4,Provincia Autonoma Trento,P.A. Trento,541380,201718,37.26,0.26
1710,2021-06-28,PAT,6760,3487,3273,2904,3799,57,ITH,ITH2,4,Provincia Autonoma Trento,P.A. Trento,541380,208478,38.51,1.25
1711,2021-04-06,PAT,2261,950,1311,1439,765,57,ITH,ITH2,4,Provincia Autonoma Trento,P.A. Trento,541380,210739,38.93,0.42
1712,2021-07-15,PAT,4013,2123,1890,1580,2308,125,ITH,ITH2,4,Provincia Autonoma Trento,P.A. Trento,541380,214752,39.67,0.74
1713,2021-01-13,PAT,421,123,298,421,0,0,ITH,ITH2,4,Provincia Autonoma Trento,P.A. Trento,541380,215173,39.75,0.08
1714,2021-06-02,PAT,2839,1359,1480,882,1894,63,ITH,ITH2,4,Provincia Autonoma Trento,P.A. Trento,541380,218012,40.27,0.52
1715,2021-03-11,PAT,2318,864,1454,1444,830,44,ITH,ITH2,4,Provincia Autonoma Trento,P.A. Trento,541380,220330,40.7,0.43
1716,2021-07-22,PAT,4207,2270,1937,1688,2409,110,ITH,ITH2,4,Provincia Autonoma Trento,P.A. Trento,541380,224537,41.47,0.78
1717,2021-05-02,PAT,3514,1955,1559,3266,37,211,ITH,ITH2,4,Provincia Autonoma Trento,P.A. Trento,541380,228051,42.12,0.65
1718,2021-03-13,PAT,836,385,451,719,48,69,ITH,ITH2,4,Provincia Autonoma Trento,P.A. Trento,541380,228887,42.28,0.15
1719,2021-07-05,PAT,5240,2745,2495,3641,1361,238,ITH,ITH2,4,Provincia Autonoma Trento,P.A. Trento,541380,234127,43.25,0.97
1720,2021-02-03,PAT,847,315,532,414,433,0,ITH,ITH2,4,Provincia Autonoma Trento,P.A. Trento,541380,234974,43.4,0.16
1721,2021-07-19,PAT,4608,2416,2192,1323,3168,117,ITH,ITH2,4,Provincia Autonoma Trento,P.A. Trento,541380,239582,44.25,0.85
1722,2021-05-23,PAT,1957,994,963,420,1509,28,ITH,ITH2,4,Provincia Autonoma Trento,P.A. Trento,541380,241539,44.62,0.36
1723,2021-04-10,PAT,2824,1322,1502,1949,796,79,ITH,ITH2,4,Provincia Autonoma Trento,P.A. Trento,541380,244363,45.14,0.52
1724,2021-02-12,PAT,1013,341,672,588,423,2,ITH,ITH2,4,Provincia Autonoma Trento,P.A. Trento,541380,245376,45.32,0.19
1725,2021-03-01,PAT,1237,454,783,918,295,24,ITH,ITH2,4,Provincia Autonoma Trento,P.A. Trento,541380,246613,45.55,0.23
1726,2021-03-20,PAT,874,403,471,658,203,13,ITH,ITH2,4,Provincia Autonoma Trento,P.A. Trento,541380,247487,45.71,0.16
1727,2021-03-03,PAT,1659,622,1037,1107,518,34,ITH,ITH2,4,Provincia Autonoma Trento,P.A. Trento,541380,249146,46.02,0.31
1728,2021-03-23,PAT,2448,944,1504,1609,740,99,ITH,ITH2,4,Provincia Autonoma Trento,P.A. Trento,541380,251594,46.47,0.45
1729,2021-05-28,PAT,3726,1739,1987,1360,2231,135,ITH,ITH2,4,Provincia Autonoma Trento,P.A. Trento,541380,255320,47.16,0.69
1730,2021-01-25,PAT,818,215,603,24,794,0,ITH,ITH2,4,Provincia Autonoma Trento,P.A. Trento,541380,256138,47.31,0.15
1731,2021-03-25,PAT,2875,1105,1770,1719,1049,107,ITH,ITH2,4,Provincia Autonoma Trento,P.A. Trento,541380,259013,47.84,0.53
1732,2021-07-03,PAT,1256,669,587,80,1170,6,ITH,ITH2,4,Provincia Autonoma Trento,P.A. Trento,541380,260269,48.08,0.23
1733,2021-03-30,PAT,2388,973,1415,1652,637,99,ITH,ITH2,4,Provincia Autonoma Trento,P.A. Trento,541380,262657,48.52,0.44
1734,2021-01-06,PAT,42,13,29,42,0,0,ITH,ITH2,4,Provincia Autonoma Trento,P.A. Trento,541380,262699,48.52,0.01
1735,2021-06-16,PAT,6217,3348,2869,1943,4152,122,ITH,ITH2,4,Provincia Autonoma Trento,P.A. Trento,541380,268916,49.67,1.15
1736,2021-06-21,PAT,6135,3313,2822,3560,2394,181,ITH,ITH2,4,Provincia Autonoma Trento,P.A. Trento,541380,275051,50.81,1.13
1737,2021-04-29,PAT,4647,2243,2404,4139,209,299,ITH,ITH2,4,Provincia Autonoma Trento,P.A. Trento,541380,279698,51.66,0.86
1738,2021-01-22,PAT,1674,435,1239,330,1343,1,ITH,ITH2,4,Provincia Autonoma Trento,P.A. Trento,541380,281372,51.97,0.31
1739,2021-02-05,PAT,805,272,533,283,522,0,ITH,ITH2,4,Provincia Autonoma Trento,P.A. Trento,541380,282177,52.12,0.15
1740,2021-05-16,PAT,1331,736,595,1025,239,67,ITH,ITH2,4,Provincia Autonoma Trento,P.A. Trento,541380,283508,52.37,0.25
1741,2021-07-07,PAT,4342,2327,2015,2763,1381,198,ITH,ITH2,4,Provincia Autonoma Trento,P.A. Trento,541380,287850,53.17,0.8
1742,2021-01-03,PAT,493,160,333,493,0,0,ITH,ITH2,4,Provincia Autonoma Trento,P.A. Trento,541380,288343,53.26,0.09
1743,2021-07-21,PAT,4353,2334,2019,1301,2970,82,ITH,ITH2,4,Provincia Autonoma Trento,P.A. Trento,541380,292696,54.06,0.8
1744,2021-02-10,PAT,854,291,563,511,342,1,ITH,ITH2,4,Provincia Autonoma Trento,P.A. Trento,541380,293550,54.22,0.16
1745,2021-04-08,PAT,3142,1317,1825,1932,1118,92,ITH,ITH2,4,Provincia Autonoma Trento,P.A. Trento,541380,296692,54.8,0.58
1746,2020-12-31,PAT,1627,449,1178,1627,0,0,ITH,ITH2,4,Provincia Autonoma Trento,P.A. Trento,541380,298319,55.1,0.3
1747,2021-06-22,PAT,6192,3382,2810,3478,2532,182,ITH,ITH2,4,Provincia Autonoma Trento,P.A. Trento,541380,304511,56.25,1.14
1748,2021-03-05,PAT,2248,704,1544,1590,566,92,ITH,ITH2,4,Provincia Autonoma Trento,P.A. Trento,541380,306759,56.66,0.42
1749,2021-01-07,PAT,1272,310,962,1269,0,3,ITH,ITH2,4,Provincia Autonoma Trento,P.A. Trento,541380,308031,56.9,0.23
1750,2021-04-17,PAT,2233,1139,1094,2073,57,103,ITH,ITH2,4,Provincia Autonoma Trento,P.A. Trento,541380,310264,57.31,0.41
1751,2021-06-11,PAT,7207,3431,3776,1477,5630,100,ITH,ITH2,4,Provincia Autonoma Trento,P.A. Trento,541380,317471,58.64,1.33
1752,2021-06-13,PAT,3686,2033,1653,275,3388,23,ITH,ITH2,4,Provincia Autonoma Trento,P.A. Trento,541380,321157,59.32,0.68
1753,2020-12-27,PAT,103,40,63,103,0,0,ITH,ITH2,4,Provincia Autonoma Trento,P.A. Trento,541380,321260,59.34,0.02
1754,2021-05-25,PAT,4772,2268,2504,1721,2904,147,ITH,ITH2,4,Provincia Autonoma Trento,P.A. Trento,541380,326032,60.22,0.88
1755,2021-05-08,PAT,3162,1726,1436,2548,422,192,ITH,ITH2,4,Provincia Autonoma Trento,P.A. Trento,541380,329194,60.81,0.58
1756,2021-02-14,PAT,246,186,60,11,235,0,ITH,ITH2,4,Provincia Autonoma Trento,P.A. Trento,541380,329440,60.85,0.05
1757,2021-05-27,PAT,4295,1992,2303,1124,3043,128,ITH,ITH2,4,Provincia Autonoma Trento,P.A. Trento,541380,333735,61.65,0.79
1758,2021-03-15,PAT,1412,545,867,894,464,54,ITH,ITH2,4,Provincia Autonoma Trento,P.A. Trento,541380,335147,61.91,0.26
1759,2021-01-17,PAT,251,195,56,251,0,0,ITH,ITH2,4,Provincia Autonoma Trento,P.A. Trento,541380,335398,61.95,0.05
1760,2021-06-23,PAT,6520,3453,3067,4468,1859,193,ITH,ITH2,4,Provincia Autonoma Trento,P.A. Trento,541380,341918,63.16,1.2
1761,2021-05-11,PAT,3705,1754,1951,2618,851,236,ITH,ITH2,4,Provincia Autonoma Trento,P.A. Trento,541380,345623,63.84,0.68
1762,2021-04-27,PAT,3916,1882,2034,3569,69,278,ITH,ITH2,4,Provincia Autonoma Trento,P.A. Trento,541380,349539,64.56,0.72
1763,2021-04-25,PAT,1971,940,1031,1849,7,115,ITH,ITH2,4,Provincia Autonoma Trento,P.A. Trento,541380,351510,64.93,0.36
1764,2021-06-25,PAT,7505,4022,3483,4045,3378,82,ITH,ITH2,4,Provincia Autonoma Trento,P.A. Trento,541380,359015,66.31,1.39
1765,2021-06-06,PAT,2231,1063,1168,424,1786,21,ITH,ITH2,4,Provincia Autonoma Trento,P.A. Trento,541380,361246,66.73,0.41
1766,2021-07-12,PAT,4059,2030,2029,1937,1946,176,ITH,ITH2,4,Provincia Autonoma Trento,P.A. Trento,541380,365305,67.48,0.75
1767,2021-02-17,PAT,1117,427,690,1021,91,5,ITH,ITH2,4,Provincia Autonoma Trento,P.A. Trento,541380,366422,67.68,0.21
1768,2021-07-02,PAT,7168,3897,3271,3413,3530,225,ITH,ITH2,4,Provincia Autonoma Trento,P.A. Trento,541380,373590,69.01,1.32
1769,2021-01-15,PAT,597,132,465,596,0,1,ITH,ITH2,4,Provincia Autonoma Trento,P.A. Trento,541380,374187,69.12,0.11
1770,2021-05-20,PAT,5017,2358,2659,3104,1637,276,ITH,ITH2,4,Provincia Autonoma Trento,P.A. Trento,541380,379204,70.04,0.93
1771,2021-03-24,PAT,2378,940,1438,1445,820,113,ITH,ITH2,4,Provincia Autonoma Trento,P.A. Trento,541380,381582,70.48,0.44
1772,2021-02-09,PAT,918,287,631,442,475,1,ITH,ITH2,4,Provincia Autonoma Trento,P.A. Trento,541380,382500,70.65,0.17
1773,2021-04-19,PAT,2625,1235,1390,2419,22,184,ITH,ITH2,4,Provincia Autonoma Trento,P.A. Trento,541380,385125,71.14,0.48
1774,2021-06-15,PAT,6242,3284,2958,1597,4511,134,ITH,ITH2,4,Provincia Autonoma Trento,P.A. Trento,541380,391367,72.29,1.15
1775,2021-05-04,PAT,4512,2448,2064,4123,95,294,ITH,ITH2,4,Provincia Autonoma Trento,P.A. Trento,541380,395879,73.12,0.83
1776,2021-03-08,PAT,1411,434,977,1027,354,30,ITH,ITH2,4,Provincia Autonoma Trento,P.A. Trento,541380,397290,73.38,0.26
1777,2021-03-22,PAT,2306,973,1333,1375,875,56,ITH,ITH2,4,Provincia Autonoma Trento,P.A. Trento,541380,399596,73.81,0.43
1778,2021-01-24,PAT,548,276,272,224,324,0,ITH,ITH2,4,Provincia Autonoma Trento,P.A. Trento,541380,400144,73.91,0.1
1779,2021-06-30,PAT,6675,3434,3241,2604,3992,79,ITH,ITH2,4,Provincia Autonoma Trento,P.A. Trento,541380,406819,75.14,1.23
1780,2021-01-31,PAT,76,16,60,1,75,0,ITH,ITH2,4,Provincia Autonoma Trento,P.A. Trento,541380,406895,75.16,0.01
1781,2021-07-04,PAT,212,119,93,61,149,2,ITH,ITH2,4,Provincia Autonoma Trento,P.A. Trento,541380,407107,75.2,0.04
1782,2021-07-11,PAT,998,549,449,121,868,9,ITH,ITH2,4,Provincia Autonoma Trento,P.A. Trento,541380,408105,75.38,0.18
1783,2021-01-05,PAT,711,233,478,711,0,0,ITH,ITH2,4,Provincia Autonoma Trento,P.A. Trento,541380,408816,75.51,0.13
1784,2021-04-15,PAT,3202,1443,1759,2810,154,238,ITH,ITH2,4,Provincia Autonoma Trento,P.A. Trento,541380,412018,76.11,0.59
1785,2021-06-18,PAT,6941,3693,3248,1737,5114,90,ITH,ITH2,4,Provincia Autonoma Trento,P.A. Trento,541380,418959,77.39,1.28
1786,2021-03-27,PAT,1620,710,910,1289,257,74,ITH,ITH2,4,Provincia Autonoma Trento,P.A. Trento,541380,420579,77.69,0.3
1787,2021-06-04,PAT,5835,2610,3225,1716,3998,121,ITH,ITH2,4,Provincia Autonoma Trento,P.A. Trento,541380,426414,78.76,1.08
1788,2021-03-17,PAT,2071,792,1279,1120,871,80,ITH,ITH2,4,Provincia Autonoma Trento,P.A. Trento,541380,428485,79.15,0.38
1789,2021-02-02,PAT,910,240,670,191,719,0,ITH,ITH2,4,Provincia Autonoma Trento,P.A. Trento,541380,429395,79.31,0.17
1790,2021-07-09,PAT,4920,2615,2305,2868,1842,210,ITH,ITH2,4,Provincia Autonoma Trento,P.A. Trento,541380,434315,80.22,0.91
1791,2021-05-13,PAT,3409,1580,1829,2088,1104,217,ITH,ITH2,4,Provincia Autonoma Trento,P.A. Trento,541380,437724,80.85,0.63
1792,2021-03-31,PAT,2586,983,1603,1632,858,96,ITH,ITH2,4,Provincia Autonoma Trento,P.A. Trento,541380,440310,81.33,0.48
1793,2021-02-24,PAT,1325,525,800,905,399,21,ITH,ITH2,4,Provincia Autonoma Trento,P.A. Trento,541380,441635,81.58,0.24
1794,2021-06-03,PAT,4773,2237,2536,1210,3471,92,ITH,ITH2,4,Provincia Autonoma Trento,P.A. Trento,541380,446408,82.46,0.88
1795,2021-01-19,PAT,407,77,330,407,0,0,ITH,ITH2,4,Provincia Autonoma Trento,P.A. Trento,541380,446815,82.53,0.08
1796,2021-07-23,PAT,3047,1563,1484,833,2114,100,ITH,ITH2,4,Provincia Autonoma Trento,P.A. Trento,541380,449862,83.1,0.56
1797,2021-03-10,PAT,2405,929,1476,1425,922,58,ITH,ITH2,4,Provincia Autonoma Trento,P.A. Trento,541380,452267,83.54,0.44
1798,2021-02-22,PAT,747,259,488,657,84,6,ITH,ITH2,4,Provincia Autonoma Trento,P.A. Trento,541380,453014,83.68,0.14
1799,2021-05-18,PAT,4256,2011,2245,3132,846,278,ITH,ITH2,4,Provincia Autonoma Trento,P.A. Trento,541380,457270,84.46,0.79
1800,2021-03-12,PAT,2518,940,1578,1641,806,71,ITH,ITH2,4,Provincia Autonoma Trento,P.A. Trento,541380,459788,84.93,0.47
1801,2021-06-20,PAT,1869,1034,835,28,1836,5,ITH,ITH2,4,Provincia Autonoma Trento,P.A. Trento,541380,461657,85.27,0.35
1802,2021-05-30,PAT,1770,872,898,862,840,68,ITH,ITH2,4,Provincia Autonoma Trento,P.A. Trento,541380,463427,85.6,0.33
1803,2021-04-03,PAT,1143,471,672,905,171,67,ITH,ITH2,4,Provincia Autonoma Trento,P.A. Trento,541380,464570,85.81,0.21
1804,2021-04-24,PAT,3550,1701,1849,3336,15,199,ITH,ITH2,4,Provincia Autonoma Trento,P.A. Trento,541380,468120,86.47,0.66
1805,2021-02-26,PAT,1218,435,783,900,295,23,ITH,ITH2,4,Provincia Autonoma Trento,P.A. Trento,541380,469338,86.69,0.22
1806,2021-01-14,PAT,701,203,498,699,0,2,ITH,ITH2,4,Provincia Autonoma Trento,P.A. Trento,541380,470039,86.82,0.13
1807,2021-01-26,PAT,543,154,389,27,516,0,ITH,ITH2,4,Provincia Autonoma Trento,P.A. Trento,541380,470582,86.92,0.1
1808,2021-05-06,PAT,5534,2741,2793,4386,780,368,ITH,ITH2,4,Provincia Autonoma Trento,P.A. Trento,541380,476116,87.94,1.02
1809,2021-01-02,PAT,502,143,359,502,0,0,ITH,ITH2,4,Provincia Autonoma Trento,P.A. Trento,541380,476618,88.04,0.09
1810,2021-03-29,PAT,2494,967,1527,1639,735,120,ITH,ITH2,4,Provincia Autonoma Trento,P.A. Trento,541380,479112,88.5,0.46
1811,2021-04-12,PAT,3086,1409,1677,2467,497,122,ITH,ITH2,4,Provincia Autonoma Trento,P.A. Trento,541380,482198,89.07,0.57
1812,2021-01-21,PAT,353,95,258,229,124,0,ITH,ITH2,4,Provincia Autonoma Trento,P.A. Trento,541380,482551,89.13,0.07
1813,2021-05-01,PAT,4851,2470,2381,4530,36,285,ITH,ITH2,4,Provincia Autonoma Trento,P.A. Trento,541380,487402,90.03,0.9
1814,2021-02-28,PAT,242,121,121,232,0,10,ITH,ITH2,4,Provincia Autonoma Trento,P.A. Trento,541380,487644,90.07,0.04
1815,2021-06-08,PAT,5922,2863,3059,1755,4051,116,ITH,ITH2,4,Provincia Autonoma Trento,P.A. Trento,541380,493566,91.17,1.09
1816,2021-04-26,PAT,2660,1254,1406,2400,95,165,ITH,ITH2,4,Provincia Autonoma Trento,P.A. Trento,541380,496226,91.66,0.49
1817,2021-02-19,PAT,929,359,570,838,59,32,ITH,ITH2,4,Provincia Autonoma Trento,P.A. Trento,541380,497155,91.83,0.17
1818,2021-02-21,PAT,155,92,63,43,112,0,ITH,ITH2,4,Provincia Autonoma Trento,P.A. Trento,541380,497310,91.86,0.03
1819,2021-05-15,PAT,1570,815,755,638,891,41,ITH,ITH2,4,Provincia Autonoma Trento,P.A. Trento,541380,498880,92.15,0.29
1820,2021-06-01,PAT,4019,1879,2140,1054,2859,106,ITH,ITH2,4,Provincia Autonoma Trento,P.A. Trento,541380,502899,92.89,0.74
1821,2021-01-27,PAT,810,280,530,92,716,2,ITH,ITH2,4,Provincia Autonoma Trento,P.A. Trento,541380,503709,93.04,0.15
1822,2021-02-13,PAT,538,333,205,172,366,0,ITH,ITH2,4,Provincia Autonoma Trento,P.A. Trento,541380,504247,93.14,0.1
1823,2021-05-07,PAT,6001,3086,2915,4797,841,363,ITH,ITH2,4,Provincia Autonoma Trento,P.A. Trento,541380,510248,94.25,1.11
1824,2021-04-20,PAT,2879,1377,1502,2669,36,174,ITH,ITH2,4,Provincia Autonoma Trento,P.A. Trento,541380,513127,94.78,0.53
1825,2021-05-09,PAT,2324,1210,1114,1849,344,131,ITH,ITH2,4,Provincia Autonoma Trento,P.A. Trento,541380,515451,95.21,0.43
1826,2021-02-15,PAT,534,188,346,418,114,2,ITH,ITH2,4,Provincia Autonoma Trento,P.A. Trento,541380,515985,95.31,0.1
1827,2021-05-26,PAT,3918,1843,2075,1105,2693,120,ITH,ITH2,4,Provincia Autonoma Trento,P.A. Trento,541380,519903,96.03,0.72
1828,2021-01-10,PAT,85,20,65,85,0,0,ITH,ITH2,4,Provincia Autonoma Trento,P.A. Trento,541380,519988,96.05,0.02
1829,2021-01-29,PAT,1358,334,1024,55,1303,0,ITH,ITH2,4,Provincia Autonoma Trento,P.A. Trento,541380,521346,96.3,0.25
1830,2021-07-14,PAT,3974,2071,1903,1595,2280,99,ITH,ITH2,4,Provincia Autonoma Trento,P.A. Trento,541380,525320,97.03,0.73
1831,2021-04-22,PAT,3152,1470,1682,2932,45,175,ITH,ITH2,4,Provincia Autonoma Trento,P.A. Trento,541380,528472,97.62,0.58
1832,2021-04-07,PAT,2629,1018,1611,1571,943,115,ITH,ITH2,4,Provincia Autonoma Trento,P.A. Trento,541380,531101,98.1,0.49
1833,2021-07-16,PAT,4360,2235,2125,1592,2629,139,ITH,ITH2,4,Provincia Autonoma Trento,P.A. Trento,541380,535461,98.91,0.81
1834,2021-06-27,PAT,1303,698,605,361,938,4,ITH,ITH2,4,Provincia Autonoma Trento,P.A. Trento,541380,536764,99.15,0.24
1835,2021-01-12,PAT,507,158,349,506,0,1,ITH,ITH2,4,Provincia Autonoma Trento,P.A. Trento,541380,537271,99.24,0.09
1836,2021-03-19,PAT,2424,915,1509,1492,853,79,ITH,ITH2,4,Provincia Autonoma Trento,P.A. Trento,541380,539695,99.69,0.45
1837,2021-04-05,PAT,35,17,18,30,2,3,ITH,ITH2,4,Provincia Autonoma Trento,P.A. Trento,541380,539730,99.7,0.01
1838,2021-01-30,CAM,10724,5081,5643,36,10686,2,ITF,ITF3,15,Campania,Campania,5801692,10724,0.18,0.18
1839,2021-07-03,CAM,67283,32495,34788,8203,58703,377,ITF,ITF3,15,Campania,Campania,5801692,78007,1.34,1.16
1840,2021-01-16,CAM,3371,1677,1694,3262,0,109,ITF,ITF3,15,Campania,Campania,5801692,81378,1.4,0.06
1841,2021-02-11,CAM,6280,2704,3576,5929,66,285,ITF,ITF3,15,Campania,Campania,5801692,87658,1.51,0.11
1842,2021-03-28,CAM,15563,7509,8054,13608,1625,330,ITF,ITF3,15,Campania,Campania,5801692,103221,1.78,0.27
1843,2021-01-04,CAM,5826,2963,2863,5727,0,99,ITF,ITF3,15,Campania,Campania,5801692,109047,1.88,0.1
1844,2021-06-19,CAM,62374,29701,32673,24257,37741,376,ITF,ITF3,15,Campania,Campania,5801692,171421,2.95,1.08
1845,2021-03-09,CAM,14128,6870,7258,9959,3785,384,ITF,ITF3,15,Campania,Campania,5801692,185549,3.2,0.24
1846,2021-05-24,CAM,31358,15151,16207,15863,15150,345,ITF,ITF3,15,Campania,Campania,5801692,216907,3.74,0.54
1847,2021-02-13,CAM,5508,2550,2958,5109,217,182,ITF,ITF3,15,Campania,Campania,5801692,222415,3.83,0.09
1848,2021-04-23,CAM,32330,15524,16806,22486,9154,690,ITF,ITF3,15,Campania,Campania,5801692,254745,4.39,0.56
1849,2021-03-02,CAM,12761,4558,8203,8215,4345,201,ITF,ITF3,15,Campania,Campania,5801692,267506,4.61,0.22
1850,2021-07-15,CAM,66666,32026,34640,9369,57029,268,ITF,ITF3,15,Campania,Campania,5801692,334172,5.76,1.15
1851,2021-01-11,CAM,4070,1871,2199,3961,0,109,ITF,ITF3,15,Campania,Campania,5801692,338242,5.83,0.07
1852,2021-06-07,CAM,57582,27719,29863,52871,4033,678,ITF,ITF3,15,Campania,Campania,5801692,395824,6.82,0.99
1853,2021-02-25,CAM,12426,4479,7947,10968,1188,270,ITF,ITF3,15,Campania,Campania,5801692,408250,7.04,0.21
1854,2021-04-09,CAM,30048,14153,15895,23315,6134,599,ITF,ITF3,15,Campania,Campania,5801692,438298,7.55,0.52
1855,2021-06-05,CAM,77625,37580,40045,70892,6022,711,ITF,ITF3,15,Campania,Campania,5801692,515923,8.89,1.34
1856,2021-06-14,CAM,37116,17918,19198,18787,18013,316,ITF,ITF3,15,Campania,Campania,5801692,553039,9.53,0.64
1857,2021-04-11,CAM,17524,8606,8918,15067,2083,374,ITF,ITF3,15,Campania,Campania,5801692,570563,9.83,0.3
1858,2021-04-28,CAM,36438,17642,18796,25919,9757,762,ITF,ITF3,15,Campania,Campania,5801692,607001,10.46,0.63
1859,2021-01-18,CAM,959,399,560,683,244,32,ITF,ITF3,15,Campania,Campania,5801692,607960,10.48,0.02
1860,2021-07-20,CAM,40101,19793,20308,6371,33316,414,ITF,ITF3,15,Campania,Campania,5801692,648061,11.17,0.69
1861,2021-06-24,CAM,66053,31817,34236,13475,52246,332,ITF,ITF3,15,Campania,Campania,5801692,714114,12.31,1.14
1862,2021-03-16,CAM,8086,3519,4567,3700,4314,72,ITF,ITF3,15,Campania,Campania,5801692,722200,12.45,0.14
1863,2021-01-25,CAM,5746,2927,2819,163,5583,0,ITF,ITF3,15,Campania,Campania,5801692,727946,12.55,0.1
1864,2021-07-01,CAM,61504,29844,31660,19852,41003,649,ITF,ITF3,15,Campania,Campania,5801692,789450,13.61,1.06
1865,2021-03-23,CAM,15743,7446,8297,12923,2513,307,ITF,ITF3,15,Campania,Campania,5801692,805193,13.88,0.27
1866,2021-05-19,CAM,51154,22602,28552,33822,16611,721,ITF,ITF3,15,Campania,Campania,5801692,856347,14.76,0.88
1867,2021-04-16,CAM,34330,16560,17770,23026,10665,639,ITF,ITF3,15,Campania,Campania,5801692,890677,15.35,0.59
1868,2021-01-06,CAM,7649,3749,3900,7505,0,144,ITF,ITF3,15,Campania,Campania,5801692,898326,15.48,0.13
1869,2021-02-18,CAM,9080,3813,5267,8151,707,222,ITF,ITF3,15,Campania,Campania,5801692,907406,15.64,0.16
1870,2021-04-25,CAM,30743,15177,15566,24599,5405,739,ITF,ITF3,15,Campania,Campania,5801692,938149,16.17,0.53
1871,2021-01-13,CAM,8020,3666,4354,7780,0,240,ITF,ITF3,15,Campania,Campania,5801692,946169,16.31,0.14
1872,2021-01-23,CAM,3842,2031,1811,267,3569,6,ITF,ITF3,15,Campania,Campania,5801692,950011,16.37,0.07
1873,2021-03-21,CAM,10071,4674,5397,7507,2390,174,ITF,ITF3,15,Campania,Campania,5801692,960082,16.55,0.17
1874,2021-02-10,CAM,6905,3413,3492,6483,177,245,ITF,ITF3,15,Campania,Campania,5801692,966987,16.67,0.12
1875,2021-07-17,CAM,55236,27547,27689,3527,51519,190,ITF,ITF3,15,Campania,Campania,5801692,1022223,17.62,0.95
1876,2021-04-08,CAM,28393,13751,14642,21992,5845,556,ITF,ITF3,15,Campania,Campania,5801692,1050616,18.11,0.49
1877,2021-06-04,CAM,74497,35809,38688,64788,9064,645,ITF,ITF3,15,Campania,Campania,5801692,1125113,19.39,1.28
1878,2021-05-21,CAM,63711,29606,34105,42177,20529,1005,ITF,ITF3,15,Campania,Campania,5801692,1188824,20.49,1.1
1879,2021-05-31,CAM,40729,20665,20064,29850,10313,566,ITF,ITF3,15,Campania,Campania,5801692,1229553,21.19,0.7
1880,2021-05-26,CAM,52678,25839,26839,21112,31102,464,ITF,ITF3,15,Campania,Campania,5801692,1282231,22.1,0.91
1881,2021-04-06,CAM,24511,11562,12949,19507,4523,481,ITF,ITF3,15,Campania,Campania,5801692,1306742,22.52,0.42
1882,2021-07-12,CAM,56676,27363,29313,3769,52589,318,ITF,ITF3,15,Campania,Campania,5801692,1363418,23.5,0.98
1883,2020-12-27,CAM,720,422,298,716,0,4,ITF,ITF3,15,Campania,Campania,5801692,1364138,23.51,0.01
1884,2021-05-05,CAM,51169,24855,26314,43281,6386,1502,ITF,ITF3,15,Campania,Campania,5801692,1415307,24.39,0.88
1885,2021-05-12,CAM,40895,19950,20945,30593,9162,1140,ITF,ITF3,15,Campania,Campania,5801692,1456202,25.1,0.7
1886,2021-07-08,CAM,61093,29402,31691,5662,55127,304,ITF,ITF3,15,Campania,Campania,5801692,1517295,26.15,1.05
1887,2021-06-26,CAM,62937,30691,32246,14671,47852,414,ITF,ITF3,15,Campania,Campania,5801692,1580232,27.24,1.08
1888,2021-07-13,CAM,53682,25791,27891,4938,48495,249,ITF,ITF3,15,Campania,Campania,5801692,1633914,28.16,0.93
1889,2021-04-04,CAM,7966,4017,3949,6701,1047,218,ITF,ITF3,15,Campania,Campania,5801692,1641880,28.3,0.14
1890,2021-06-12,CAM,63997,31549,32448,55943,7217,837,ITF,ITF3,15,Campania,Campania,5801692,1705877,29.4,1.1
1891,2021-03-04,CAM,14709,5396,9313,8556,5894,259,ITF,ITF3,15,Campania,Campania,5801692,1720586,29.66,0.25
1892,2021-02-27,CAM,13948,4472,9476,12006,1642,300,ITF,ITF3,15,Campania,Campania,5801692,1734534,29.9,0.24
1893,2021-06-16,CAM,31606,14984,16622,20551,10760,295,ITF,ITF3,15,Campania,Campania,5801692,1766140,30.44,0.54
1894,2021-05-17,CAM,49368,21703,27665,23654,25262,452,ITF,ITF3,15,Campania,Campania,5801692,1815508,31.29,0.85
1895,2021-02-06,CAM,5341,2666,2675,2006,3239,96,ITF,ITF3,15,Campania,Campania,5801692,1820849,31.38,0.09
1896,2021-07-22,CAM,61716,30471,31245,6559,54663,494,ITF,ITF3,15,Campania,Campania,5801692,1882565,32.45,1.06
1897,2021-04-30,CAM,42332,20197,22135,25040,16502,790,ITF,ITF3,15,Campania,Campania,5801692,1924897,33.18,0.73
1898,2021-02-04,CAM,7943,3429,4514,1249,6635,59,ITF,ITF3,15,Campania,Campania,5801692,1932840,33.32,0.14
1899,2021-01-01,CAM,919,506,413,900,0,19,ITF,ITF3,15,Campania,Campania,5801692,1933759,33.33,0.02
1900,2021-03-25,CAM,20321,9654,10667,16389,3505,427,ITF,ITF3,15,Campania,Campania,5801692,1954080,33.68,0.35
1901,2021-04-18,CAM,27221,13286,13935,17822,8901,498,ITF,ITF3,15,Campania,Campania,5801692,1981301,34.15,0.47
1902,2021-01-08,CAM,10453,4967,5486,10194,0,259,ITF,ITF3,15,Campania,Campania,5801692,1991754,34.33,0.18
1903,2021-04-27,CAM,32161,15626,16535,23498,7923,740,ITF,ITF3,15,Campania,Campania,5801692,2023915,34.88,0.55
1904,2021-06-23,CAM,46741,22084,24657,10752,35783,206,ITF,ITF3,15,Campania,Campania,5801692,2070656,35.69,0.81
1905,2021-01-15,CAM,4979,2381,2598,4823,0,156,ITF,ITF3,15,Campania,Campania,5801692,2075635,35.78,0.09
1906,2021-06-21,CAM,46864,22633,24231,11346,35233,285,ITF,ITF3,15,Campania,Campania,5801692,2122499,36.58,0.81
1907,2021-04-01,CAM,24679,12009,12670,20081,4133,465,ITF,ITF3,15,Campania,Campania,5801692,2147178,37.01,0.43
1908,2021-05-28,CAM,73052,35312,37740,26284,46154,614,ITF,ITF3,15,Campania,Campania,5801692,2220230,38.27,1.26
1909,2021-05-14,CAM,61044,27586,33458,34849,24714,1481,ITF,ITF3,15,Campania,Campania,5801692,2281274,39.32,1.05
1910,2021-07-10,CAM,66885,32659,34226,2752,63936,197,ITF,ITF3,15,Campania,Campania,5801692,2348159,40.47,1.15
1911,2021-06-02,CAM,42852,20153,22699,37743,4676,433,ITF,ITF3,15,Campania,Campania,5801692,2391011,41.21,0.74
1912,2021-02-22,CAM,10682,3295,7387,10194,263,225,ITF,ITF3,15,Campania,Campania,5801692,2401693,41.4,0.18
1913,2021-03-11,CAM,18001,9058,8943,10330,7279,392,ITF,ITF3,15,Campania,Campania,5801692,2419694,41.71,0.31
1914,2021-05-16,CAM,51149,23227,27922,32868,17575,706,ITF,ITF3,15,Campania,Campania,5801692,2470843,42.59,0.88
1915,2021-02-20,CAM,8573,3080,5493,8109,303,161,ITF,ITF3,15,Campania,Campania,5801692,2479416,42.74,0.15
1916,2021-02-03,CAM,8903,4003,4900,842,8025,36,ITF,ITF3,15,Campania,Campania,5801692,2488319,42.89,0.15
1917,2021-04-20,CAM,32039,15500,16539,20161,11312,566,ITF,ITF3,15,Campania,Campania,5801692,2520358,43.44,0.55
1918,2021-06-28,CAM,46519,22740,23779,20588,25407,524,ITF,ITF3,15,Campania,Campania,5801692,2566877,44.24,0.8
1919,2021-03-20,CAM,13989,6529,7460,10013,3739,237,ITF,ITF3,15,Campania,Campania,5801692,2580866,44.48,0.24
1920,2021-02-15,CAM,5472,2516,2956,5159,175,138,ITF,ITF3,15,Campania,Campania,5801692,2586338,44.58,0.09
1921,2021-06-09,CAM,53061,26054,27007,41706,10905,450,ITF,ITF3,15,Campania,Campania,5801692,2639399,45.49,0.91
1922,2021-05-07,CAM,59772,29207,30565,42778,15952,1042,ITF,ITF3,15,Campania,Campania,5801692,2699171,46.52,1.03
1923,2021-01-27,CAM,7738,3820,3918,157,7576,5,ITF,ITF3,15,Campania,Campania,5801692,2706909,46.66,0.13
1924,2021-03-18,CAM,12177,5381,6796,5797,6189,191,ITF,ITF3,15,Campania,Campania,5801692,2719086,46.87,0.21
1925,2021-03-13,CAM,14518,7038,7480,8989,5282,247,ITF,ITF3,15,Campania,Campania,5801692,2733604,47.12,0.25
1926,2021-03-22,CAM,13182,6345,6837,10863,2042,277,ITF,ITF3,15,Campania,Campania,5801692,2746786,47.34,0.23
1927,2021-02-07,CAM,2928,1381,1547,2067,771,90,ITF,ITF3,15,Campania,Campania,5801692,2749714,47.4,0.05
1928,2021-06-30,CAM,47618,22747,24871,18384,28620,614,ITF,ITF3,15,Campania,Campania,5801692,2797332,48.22,0.82
1929,2021-05-18,CAM,52183,23228,28955,31874,19656,653,ITF,ITF3,15,Campania,Campania,5801692,2849515,49.12,0.9
1930,2021-02-05,CAM,7261,3463,3798,2019,5128,114,ITF,ITF3,15,Campania,Campania,5801692,2856776,49.24,0.13
1931,2021-05-02,CAM,43496,21541,21955,31286,11360,850,ITF,ITF3,15,Campania,Campania,5801692,2900272,49.99,0.75
1932,2021-01-22,CAM,1525,776,749,659,852,14,ITF,ITF3,15,Campania,Campania,5801692,2901797,50.02,0.03
1933,2021-03-06,CAM,16371,6815,9556,10411,5669,291,ITF,ITF3,15,Campania,Campania,5801692,2918168,50.3,0.28
1934,2021-02-08,CAM,5113,2449,2664,4164,803,146,ITF,ITF3,15,Campania,Campania,5801692,2923281,50.39,0.09
1935,2021-07-14,CAM,51090,24569,26521,4331,46480,279,ITF,ITF3,15,Campania,Campania,5801692,2974371,51.27,0.88
1936,2021-04-05,CAM,11639,5542,6097,8940,2424,275,ITF,ITF3,15,Campania,Campania,5801692,2986010,51.47,0.2
1937,2021-03-17,CAM,11589,5100,6489,4859,6581,149,ITF,ITF3,15,Campania,Campania,5801692,2997599,51.67,0.2
1938,2021-06-11,CAM,70802,34397,36405,63916,6035,851,ITF,ITF3,15,Campania,Campania,5801692,3068401,52.89,1.22
1939,2021-03-03,CAM,13924,5496,8428,7099,6630,195,ITF,ITF3,15,Campania,Campania,5801692,3082325,53.13,0.24
1940,2021-03-01,CAM,12131,4248,7883,7783,4112,236,ITF,ITF3,15,Campania,Campania,5801692,3094456,53.34,0.21
1941,2021-05-09,CAM,43204,20286,22918,30970,11098,1136,ITF,ITF3,15,Campania,Campania,5801692,3137660,54.08,0.74
1942,2021-01-10,CAM,8165,3736,4429,7963,0,202,ITF,ITF3,15,Campania,Campania,5801692,3145825,54.22,0.14
1943,2021-04-03,CAM,21117,10316,10801,18282,2381,454,ITF,ITF3,15,Campania,Campania,5801692,3166942,54.59,0.36
1944,2021-01-17,CAM,1155,551,604,682,453,20,ITF,ITF3,15,Campania,Campania,5801692,3168097,54.61,0.02
1945,2021-03-15,CAM,13346,6491,6855,8350,4746,250,ITF,ITF3,15,Campania,Campania,5801692,3181443,54.84,0.23
1946,2021-07-02,CAM,55866,26993,28873,14438,40945,483,ITF,ITF3,15,Campania,Campania,5801692,3237309,55.8,0.96
1947,2021-05-27,CAM,72918,35352,37566,25821,46539,558,ITF,ITF3,15,Campania,Campania,5801692,3310227,57.06,1.26
1948,2021-02-16,CAM,5440,2412,3028,4495,771,174,ITF,ITF3,15,Campania,Campania,5801692,3315667,57.15,0.09
1949,2021-05-22,CAM,67967,32516,35451,45626,21495,846,ITF,ITF3,15,Campania,Campania,5801692,3383634,58.32,1.17
1950,2021-04-29,CAM,41331,20039,21292,24096,16484,751,ITF,ITF3,15,Campania,Campania,5801692,3424965,59.03,0.71
1951,2021-01-19,CAM,1095,474,621,1042,3,50,ITF,ITF3,15,Campania,Campania,5801692,3426060,59.05,0.02
1952,2021-07-21,CAM,50152,24438,25714,8673,40847,632,ITF,ITF3,15,Campania,Campania,5801692,3476212,59.92,0.86
1953,2021-01-21,CAM,2093,1116,977,670,1417,6,ITF,ITF3,15,Campania,Campania,5801692,3478305,59.95,0.04
1954,2021-07-23,CAM,46591,22834,23757,5637,40623,331,ITF,ITF3,15,Campania,Campania,5801692,3524896,60.76,0.8
1955,2021-04-14,CAM,27651,13338,14313,18670,8570,411,ITF,ITF3,15,Campania,Campania,5801692,3552547,61.23,0.48
1956,2021-05-01,CAM,46350,22663,23687,29343,16106,901,ITF,ITF3,15,Campania,Campania,5801692,3598897,62.03,0.8
1957,2021-07-06,CAM,56592,27017,29575,16239,39905,448,ITF,ITF3,15,Campania,Campania,5801692,3655489,63.01,0.98
1958,2021-04-12,CAM,23307,10921,12386,19773,3035,499,ITF,ITF3,15,Campania,Campania,5801692,3678796,63.41,0.4
1959,2021-01-02,CAM,3673,1963,1710,3615,0,58,ITF,ITF3,15,Campania,Campania,5801692,3682469,63.47,0.06
1960,2021-06-17,CAM,60174,28851,31323,32909,26764,501,ITF,ITF3,15,Campania,Campania,5801692,3742643,64.51,1.04
1961,2021-07-04,CAM,48818,23764,25054,6327,42309,182,ITF,ITF3,15,Campania,Campania,5801692,3791461,65.35,0.84
1962,2021-03-26,CAM,19865,9324,10541,15653,3815,397,ITF,ITF3,15,Campania,Campania,5801692,3811326,65.69,0.34
1963,2021-02-01,CAM,3984,1813,2171,102,3874,8,ITF,ITF3,15,Campania,Campania,5801692,3815310,65.76,0.07
1964,2021-03-30,CAM,22052,10577,11475,18598,2957,497,ITF,ITF3,15,Campania,Campania,5801692,3837362,66.14,0.38
1965,2021-04-17,CAM,36195,17513,18682,23998,11512,685,ITF,ITF3,15,Campania,Campania,5801692,3873557,66.77,0.62
1966,2021-06-13,CAM,43430,21244,22186,38099,4730,601,ITF,ITF3,15,Campania,Campania,5801692,3916987,67.51,0.75
1967,2021-02-24,CAM,11784,4149,7635,10848,688,248,ITF,ITF3,15,Campania,Campania,5801692,3928771,67.72,0.2
1968,2021-01-05,CAM,7237,3637,3600,7076,0,161,ITF,ITF3,15,Campania,Campania,5801692,3936008,67.84,0.12
1969,2021-02-17,CAM,7391,3213,4178,6207,1060,124,ITF,ITF3,15,Campania,Campania,5801692,3943399,67.97,0.13
1970,2021-04-15,CAM,34345,16664,17681,23814,9903,628,ITF,ITF3,15,Campania,Campania,5801692,3977744,68.56,0.59
1971,2021-03-08,CAM,14687,6846,7841,9503,4777,407,ITF,ITF3,15,Campania,Campania,5801692,3992431,68.81,0.25
1972,2021-05-04,CAM,48484,23349,25135,38353,8902,1229,ITF,ITF3,15,Campania,Campania,5801692,4040915,69.65,0.84
1973,2021-01-24,CAM,4122,2119,2003,360,3745,17,ITF,ITF3,15,Campania,Campania,5801692,4045037,69.72,0.07
1974,2021-05-13,CAM,55445,24827,30618,37864,16012,1569,ITF,ITF3,15,Campania,Campania,5801692,4100482,70.68,0.96
1975,2021-07-09,CAM,61450,29752,31698,4366,56793,291,ITF,ITF3,15,Campania,Campania,5801692,4161932,71.74,1.06
1976,2021-06-22,CAM,52447,25009,27438,13200,39000,247,ITF,ITF3,15,Campania,Campania,5801692,4214379,72.64,0.9
1977,2021-03-24,CAM,17922,8369,9553,14624,2958,340,ITF,ITF3,15,Campania,Campania,5801692,4232301,72.95,0.31
1978,2021-05-20,CAM,60831,28142,32689,42228,17638,965,ITF,ITF3,15,Campania,Campania,5801692,4293132,74.0,1.05
1979,2021-02-09,CAM,4643,2202,2441,4234,252,157,ITF,ITF3,15,Campania,Campania,5801692,4297775,74.08,0.08
1980,2021-05-29,CAM,67818,32260,35558,43108,23871,839,ITF,ITF3,15,Campania,Campania,5801692,4365593,75.25,1.17
1981,2021-05-30,CAM,52154,25442,26712,37960,13314,880,ITF,ITF3,15,Campania,Campania,5801692,4417747,76.15,0.9
1982,2021-02-19,CAM,9572,3560,6012,8714,650,208,ITF,ITF3,15,Campania,Campania,5801692,4427319,76.31,0.16
1983,2020-12-31,CAM,1490,811,679,1471,0,19,ITF,ITF3,15,Campania,Campania,5801692,4428809,76.34,0.03
1984,2021-06-06,CAM,63229,31446,31783,61928,648,653,ITF,ITF3,15,Campania,Campania,5801692,4492038,77.43,1.09
1985,2021-02-26,CAM,13335,4227,9108,11731,1336,268,ITF,ITF3,15,Campania,Campania,5801692,4505373,77.66,0.23
1986,2021-04-24,CAM,36364,17528,18836,24362,11248,754,ITF,ITF3,15,Campania,Campania,5801692,4541737,78.28,0.63
1987,2021-07-19,CAM,43956,21522,22434,5226,38339,391,ITF,ITF3,15,Campania,Campania,5801692,4585693,79.04,0.76
1988,2021-04-10,CAM,28354,13492,14862,22825,4914,615,ITF,ITF3,15,Campania,Campania,5801692,4614047,79.53,0.49
1989,2021-01-07,CAM,8909,4167,4742,8736,0,173,ITF,ITF3,15,Campania,Campania,5801692,4622956,79.68,0.15
1990,2021-03-05,CAM,16815,6667,10148,9866,6663,286,ITF,ITF3,15,Campania,Campania,5801692,4639771,79.97,0.29
1991,2021-01-14,CAM,7074,2978,4096,6810,0,264,ITF,ITF3,15,Campania,Campania,5801692,4646845,80.09,0.12
1992,2021-06-25,CAM,65510,31803,33707,13792,51339,379,ITF,ITF3,15,Campania,Campania,5801692,4712355,81.22,1.13
1993,2021-05-25,CAM,46505,22385,24120,22545,23412,548,ITF,ITF3,15,Campania,Campania,5801692,4758860,82.03,0.8
1994,2021-04-22,CAM,33965,16542,17423,20932,12409,624,ITF,ITF3,15,Campania,Campania,5801692,4792825,82.61,0.59
1995,2021-01-12,CAM,5215,2564,2651,5076,0,139,ITF,ITF3,15,Campania,Campania,5801692,4798040,82.7,0.09
1996,2021-03-14,CAM,8616,3827,4789,4379,4140,97,ITF,ITF3,15,Campania,Campania,5801692,4806656,82.85,0.15
1997,2021-05-10,CAM,35473,16392,19081,25005,9927,541,ITF,ITF3,15,Campania,Campania,5801692,4842129,83.46,0.61
1998,2021-06-08,CAM,53039,25853,27186,45458,6998,583,ITF,ITF3,15,Campania,Campania,5801692,4895168,84.37,0.91
1999,2021-04-26,CAM,34035,16650,17385,27573,5623,839,ITF,ITF3,15,Campania,Campania,5801692,4929203,84.96,0.59
2000,2021-03-07,CAM,11973,5404,6569,7816,3843,314,ITF,ITF3,15,Campania,Campania,5801692,4941176,85.17,0.21
2001,2021-05-06,CAM,57285,27910,29375,41310,14452,1523,ITF,ITF3,15,Campania,Campania,5801692,4998461,86.16,0.99
2002,2021-02-28,CAM,10412,3207,7205,8313,1900,199,ITF,ITF3,15,Campania,Campania,5801692,5008873,86.33,0.18
2003,2021-02-14,CAM,3929,1923,2006,3845,34,50,ITF,ITF3,15,Campania,Campania,5801692,5012802,86.4,0.07
2004,2021-01-26,CAM,7341,3726,3615,331,6989,21,ITF,ITF3,15,Campania,Campania,5801692,5020143,86.53,0.13
2005,2021-04-19,CAM,30771,14830,15941,18691,11573,507,ITF,ITF3,15,Campania,Campania,5801692,5050914,87.06,0.53
2006,2021-01-09,CAM,10566,5024,5542,10305,0,261,ITF,ITF3,15,Campania,Campania,5801692,5061480,87.24,0.18
2007,2021-05-23,CAM,58748,28639,30109,37221,20898,629,ITF,ITF3,15,Campania,Campania,5801692,5120228,88.25,1.01
2008,2021-02-12,CAM,6531,2861,3670,6092,188,251,ITF,ITF3,15,Campania,Campania,5801692,5126759,88.37,0.11
2009,2021-01-29,CAM,10053,4812,5241,43,10006,4,ITF,ITF3,15,Campania,Campania,5801692,5136812,88.54,0.17
2010,2021-06-27,CAM,43552,21450,22102,14108,29067,377,ITF,ITF3,15,Campania,Campania,5801692,5180364,89.29,0.75
2011,2021-03-19,CAM,11143,4973,6170,7096,3873,174,ITF,ITF3,15,Campania,Campania,5801692,5191507,89.48,0.19
2012,2021-01-31,CAM,8070,3712,4358,22,8047,1,ITF,ITF3,15,Campania,Campania,5801692,5199577,89.62,0.14
2013,2021-05-11,CAM,39870,19242,20628,29558,9401,911,ITF,ITF3,15,Campania,Campania,5801692,5239447,90.31,0.69
2014,2021-07-11,CAM,40863,19665,21198,1014,39767,82,ITF,ITF3,15,Campania,Campania,5801692,5280310,91.01,0.7
2015,2021-05-03,CAM,40783,19904,20879,27961,11858,964,ITF,ITF3,15,Campania,Campania,5801692,5321093,91.72,0.7
2016,2021-06-29,CAM,49316,23988,25328,19814,29041,461,ITF,ITF3,15,Campania,Campania,5801692,5370409,92.57,0.85
2017,2021-06-15,CAM,18673,9086,9587,11028,7412,233,ITF,ITF3,15,Campania,Campania,5801692,5389082,92.89,0.32
2018,2021-06-10,CAM,75920,36679,39241,68002,7036,882,ITF,ITF3,15,Campania,Campania,5801692,5465002,94.2,1.31
2019,2021-05-08,CAM,56432,27143,29289,39150,15831,1451,ITF,ITF3,15,Campania,Campania,5801692,5521434,95.17,0.97
2020,2021-01-28,CAM,8833,4122,4711,125,8700,8,ITF,ITF3,15,Campania,Campania,5801692,5530267,95.32,0.15
2021,2021-02-02,CAM,5724,2805,2919,413,5280,31,ITF,ITF3,15,Campania,Campania,5801692,5535991,95.42,0.1
2022,2021-03-31,CAM,23190,11372,11818,19363,3440,387,ITF,ITF3,15,Campania,Campania,5801692,5559181,95.82,0.4
2023,2021-07-18,CAM,31333,15760,15573,3847,27156,330,ITF,ITF3,15,Campania,Campania,5801692,5590514,96.36,0.54
2024,2021-04-07,CAM,24972,11987,12985,19714,4725,533,ITF,ITF3,15,Campania,Campania,5801692,5615486,96.79,0.43
2025,2021-04-21,CAM,30236,14729,15507,17487,12227,522,ITF,ITF3,15,Campania,Campania,5801692,5645722,97.31,0.52
2026,2021-07-16,CAM,60987,29832,31155,6745,53863,379,ITF,ITF3,15,Campania,Campania,5801692,5706709,98.36,1.05
2027,2021-04-02,CAM,21865,10524,11341,19098,2324,443,ITF,ITF3,15,Campania,Campania,5801692,5728574,98.74,0.38
2028,2021-01-20,CAM,1257,650,607,1226,0,31,ITF,ITF3,15,Campania,Campania,5801692,5729831,98.76,0.02
2029,2021-04-13,CAM,26609,12686,13923,20577,5534,498,ITF,ITF3,15,Campania,Campania,5801692,5756440,99.22,0.46
2030,2021-01-03,CAM,3836,2009,1827,3787,0,49,ITF,ITF3,15,Campania,Campania,5801692,5760276,99.29,0.07
2031,2021-07-05,CAM,63289,30508,32781,12747,49871,671,ITF,ITF3,15,Campania,Campania,5801692,5823565,100.38,1.09
2032,2021-07-07,CAM,52246,24793,27453,7267,44592,387,ITF,ITF3,15,Campania,Campania,5801692,5875811,101.28,0.9
2033,2021-03-29,CAM,19405,9578,9827,17471,1547,387,ITF,ITF3,15,Campania,Campania,5801692,5895216,101.61,0.33
2034,2021-06-20,CAM,47604,22743,24861,14333,32986,285,ITF,ITF3,15,Campania,Campania,5801692,5942820,102.43,0.82
2035,2021-03-27,CAM,21513,10242,11271,17255,3865,393,ITF,ITF3,15,Campania,Campania,5801692,5964333,102.8,0.37
2036,2021-06-01,CAM,42111,20896,21215,31392,10500,219,ITF,ITF3,15,Campania,Campania,5801692,6006444,103.53,0.73
2037,2021-06-18,CAM,65886,31400,34486,35098,30296,492,ITF,ITF3,15,Campania,Campania,5801692,6072330,104.66,1.14
2038,2021-03-10,CAM,15615,7722,7893,8463,6837,315,ITF,ITF3,15,Campania,Campania,5801692,6087945,104.93,0.27
2039,2021-05-15,CAM,62659,29041,33618,42157,18714,1788,ITF,ITF3,15,Campania,Campania,5801692,6150604,106.01,1.08
2040,2021-03-12,CAM,14574,7410,7164,8198,6084,292,ITF,ITF3,15,Campania,Campania,5801692,6165178,106.27,0.25
2041,2021-06-03,CAM,72637,35229,37408,61157,10674,806,ITF,ITF3,15,Campania,Campania,5801692,6237815,107.52,1.25
2042,2021-02-23,CAM,11002,3388,7614,10204,526,272,ITF,ITF3,15,Campania,Campania,5801692,6248817,107.71,0.19
2043,2021-02-21,CAM,5836,2241,3595,5496,225,115,ITF,ITF3,15,Campania,Campania,5801692,6254653,107.81,0.1
2044,2021-03-25,BAS,1883,603,1280,1518,344,21,ITF,ITF5,17,Basilicata,Basilicata,559084,1883,0.34,0.34
2045,2021-01-27,BAS,413,175,238,113,300,0,ITF,ITF5,17,Basilicata,Basilicata,559084,2296,0.41,0.07
2046,2021-02-10,BAS,550,239,311,495,53,2,ITF,ITF5,17,Basilicata,Basilicata,559084,2846,0.51,0.1
2047,2021-05-21,BAS,4578,2322,2256,1480,3086,12,ITF,ITF5,17,Basilicata,Basilicata,559084,7424,1.33,0.82
2048,2021-04-01,BAS,2721,1115,1606,1970,723,28,ITF,ITF5,17,Basilicata,Basilicata,559084,10145,1.81,0.49
2049,2021-02-03,BAS,671,302,369,32,639,0,ITF,ITF5,17,Basilicata,Basilicata,559084,10816,1.93,0.12
2050,2021-05-04,BAS,4138,1992,2146,3566,523,49,ITF,ITF5,17,Basilicata,Basilicata,559084,14954,2.67,0.74
2051,2021-03-08,BAS,1466,718,748,820,616,30,ITF,ITF5,17,Basilicata,Basilicata,559084,16420,2.94,0.26
2052,2021-06-16,BAS,4602,2083,2519,2126,2456,20,ITF,ITF5,17,Basilicata,Basilicata,559084,21022,3.76,0.82
2053,2021-01-22,BAS,67,24,43,67,0,0,ITF,ITF5,17,Basilicata,Basilicata,559084,21089,3.77,0.01
2054,2021-05-02,BAS,4180,2001,2179,3491,629,60,ITF,ITF5,17,Basilicata,Basilicata,559084,25269,4.52,0.75
2055,2021-04-15,BAS,3386,1659,1727,2589,754,43,ITF,ITF5,17,Basilicata,Basilicata,559084,28655,5.13,0.61
2056,2021-04-08,BAS,767,352,415,742,10,15,ITF,ITF5,17,Basilicata,Basilicata,559084,29422,5.26,0.14
2057,2021-04-22,BAS,5045,2350,2695,3380,1610,55,ITF,ITF5,17,Basilicata,Basilicata,559084,34467,6.16,0.9
2058,2021-07-17,BAS,5855,2913,2942,1709,4107,39,ITF,ITF5,17,Basilicata,Basilicata,559084,40322,7.21,1.05
2059,2021-06-30,BAS,3452,1668,1784,2315,1111,26,ITF,ITF5,17,Basilicata,Basilicata,559084,43774,7.83,0.62
2060,2021-02-17,BAS,1135,493,642,1057,76,2,ITF,ITF5,17,Basilicata,Basilicata,559084,44909,8.03,0.2
2061,2021-01-15,BAS,818,353,465,818,0,0,ITF,ITF5,17,Basilicata,Basilicata,559084,45727,8.18,0.15
2062,2020-12-27,BAS,106,41,65,106,0,0,ITF,ITF5,17,Basilicata,Basilicata,559084,45833,8.2,0.02
2063,2021-03-20,BAS,1295,574,721,275,1013,7,ITF,ITF5,17,Basilicata,Basilicata,559084,47128,8.43,0.23
2064,2021-06-28,BAS,3642,1747,1895,2114,1510,18,ITF,ITF5,17,Basilicata,Basilicata,559084,50770,9.08,0.65
2065,2021-03-06,BAS,1365,540,825,751,602,12,ITF,ITF5,17,Basilicata,Basilicata,559084,52135,9.33,0.24
2066,2021-01-10,BAS,77,24,53,77,0,0,ITF,ITF5,17,Basilicata,Basilicata,559084,52212,9.34,0.01
2067,2021-04-20,BAS,4082,1947,2135,2180,1878,24,ITF,ITF5,17,Basilicata,Basilicata,559084,56294,10.07,0.73
2068,2021-01-08,BAS,554,219,335,554,0,0,ITF,ITF5,17,Basilicata,Basilicata,559084,56848,10.17,0.1
2069,2021-03-15,BAS,2363,988,1375,508,1839,16,ITF,ITF5,17,Basilicata,Basilicata,559084,59211,10.59,0.42
2070,2021-01-17,BAS,329,133,196,328,1,0,ITF,ITF5,17,Basilicata,Basilicata,559084,59540,10.65,0.06
2071,2021-06-04,BAS,4831,2288,2543,3748,1046,37,ITF,ITF5,17,Basilicata,Basilicata,559084,64371,11.51,0.86
2072,2021-02-24,BAS,1807,743,1064,1723,73,11,ITF,ITF5,17,Basilicata,Basilicata,559084,66178,11.84,0.32
2073,2021-02-22,BAS,1791,773,1018,1730,53,8,ITF,ITF5,17,Basilicata,Basilicata,559084,67969,12.16,0.32
2074,2021-05-30,BAS,2778,1421,1357,920,1853,5,ITF,ITF5,17,Basilicata,Basilicata,559084,70747,12.65,0.5
2075,2021-04-03,BAS,1810,751,1059,1461,337,12,ITF,ITF5,17,Basilicata,Basilicata,559084,72557,12.98,0.32
2076,2021-02-05,BAS,992,446,546,63,928,1,ITF,ITF5,17,Basilicata,Basilicata,559084,73549,13.16,0.18
2077,2021-07-12,BAS,5442,2593,2849,1606,3810,26,ITF,ITF5,17,Basilicata,Basilicata,559084,78991,14.13,0.97
2078,2021-06-09,BAS,4424,2072,2352,3967,424,33,ITF,ITF5,17,Basilicata,Basilicata,559084,83415,14.92,0.79
2079,2021-04-13,BAS,2119,1053,1066,1284,818,17,ITF,ITF5,17,Basilicata,Basilicata,559084,85534,15.3,0.38
2080,2021-03-01,BAS,551,286,265,383,168,0,ITF,ITF5,17,Basilicata,Basilicata,559084,86085,15.4,0.1
2081,2021-06-18,BAS,4465,2067,2398,2181,2258,26,ITF,ITF5,17,Basilicata,Basilicata,559084,90550,16.2,0.8
2082,2021-01-24,BAS,845,306,539,57,787,1,ITF,ITF5,17,Basilicata,Basilicata,559084,91395,16.35,0.15
2083,2021-05-13,BAS,5985,2967,3018,3299,2596,90,ITF,ITF5,17,Basilicata,Basilicata,559084,97380,17.42,1.07
2084,2021-06-01,BAS,6136,2926,3210,3033,3076,27,ITF,ITF5,17,Basilicata,Basilicata,559084,103516,18.52,1.1
2085,2021-07-07,BAS,5208,2474,2734,2022,3174,12,ITF,ITF5,17,Basilicata,Basilicata,559084,108724,19.45,0.93
2086,2021-01-03,BAS,901,344,557,901,0,0,ITF,ITF5,17,Basilicata,Basilicata,559084,109625,19.61,0.16
2087,2021-05-09,BAS,4683,2339,2344,2940,1694,49,ITF,ITF5,17,Basilicata,Basilicata,559084,114308,20.45,0.84
2088,2021-02-15,BAS,623,233,390,566,43,14,ITF,ITF5,17,Basilicata,Basilicata,559084,114931,20.56,0.11
2089,2021-01-29,BAS,617,231,386,63,554,0,ITF,ITF5,17,Basilicata,Basilicata,559084,115548,20.67,0.11
2090,2021-03-05,BAS,1859,860,999,1096,750,13,ITF,ITF5,17,Basilicata,Basilicata,559084,117407,21.0,0.33
2091,2021-06-13,BAS,3014,1440,1574,2678,308,28,ITF,ITF5,17,Basilicata,Basilicata,559084,120421,21.54,0.54
2092,2021-05-16,BAS,4973,2468,2505,2812,2113,48,ITF,ITF5,17,Basilicata,Basilicata,559084,125394,22.43,0.89
2093,2021-07-19,BAS,5931,2892,3039,2002,3888,41,ITF,ITF5,17,Basilicata,Basilicata,559084,131325,23.49,1.06
2094,2021-05-23,BAS,4518,2302,2216,1527,2984,7,ITF,ITF5,17,Basilicata,Basilicata,559084,135843,24.3,0.81
2095,2021-03-27,BAS,2254,864,1390,1808,432,14,ITF,ITF5,17,Basilicata,Basilicata,559084,138097,24.7,0.4
2096,2021-05-28,BAS,3615,1810,1805,919,2663,33,ITF,ITF5,17,Basilicata,Basilicata,559084,141712,25.35,0.65
2097,2021-06-11,BAS,4238,1983,2255,3168,1029,41,ITF,ITF5,17,Basilicata,Basilicata,559084,145950,26.11,0.76
2098,2021-05-11,BAS,2654,1354,1300,1597,1033,24,ITF,ITF5,17,Basilicata,Basilicata,559084,148604,26.58,0.47
2099,2021-07-14,BAS,5642,2720,2922,1627,3990,25,ITF,ITF5,17,Basilicata,Basilicata,559084,154246,27.59,1.01
2100,2021-04-05,BAS,724,233,491,412,302,10,ITF,ITF5,17,Basilicata,Basilicata,559084,154970,27.72,0.13
2101,2021-04-27,BAS,4727,2242,2485,4351,325,51,ITF,ITF5,17,Basilicata,Basilicata,559084,159697,28.56,0.85
2102,2021-06-27,BAS,3007,1477,1530,2378,615,14,ITF,ITF5,17,Basilicata,Basilicata,559084,162704,29.1,0.54
2103,2021-06-23,BAS,3258,1532,1726,2350,876,32,ITF,ITF5,17,Basilicata,Basilicata,559084,165962,29.68,0.58
2104,2021-03-13,BAS,1800,890,910,735,1046,19,ITF,ITF5,17,Basilicata,Basilicata,559084,167762,30.01,0.32
2105,2021-02-07,BAS,379,159,220,49,330,0,ITF,ITF5,17,Basilicata,Basilicata,559084,168141,30.07,0.07
2106,2021-05-18,BAS,5898,2857,3041,3386,2492,20,ITF,ITF5,17,Basilicata,Basilicata,559084,174039,31.13,1.05
2107,2021-07-23,BAS,4210,2116,2094,1448,2727,35,ITF,ITF5,17,Basilicata,Basilicata,559084,178249,31.88,0.75
2108,2021-05-01,BAS,4707,2138,2569,3887,753,67,ITF,ITF5,17,Basilicata,Basilicata,559084,182956,32.72,0.84
2109,2021-05-08,BAS,4837,2402,2435,3385,1410,42,ITF,ITF5,17,Basilicata,Basilicata,559084,187793,33.59,0.87
2110,2021-03-10,BAS,1682,843,839,834,839,9,ITF,ITF5,17,Basilicata,Basilicata,559084,189475,33.89,0.3
2111,2021-06-08,BAS,4585,2194,2391,4190,357,38,ITF,ITF5,17,Basilicata,Basilicata,559084,194060,34.71,0.82
2112,2021-04-12,BAS,2172,1052,1120,1653,490,29,ITF,ITF5,17,Basilicata,Basilicata,559084,196232,35.1,0.39
2113,2021-07-21,BAS,5849,2943,2906,1614,4202,33,ITF,ITF5,17,Basilicata,Basilicata,559084,202081,36.15,1.05
2114,2021-04-19,BAS,4168,1913,2255,2398,1640,130,ITF,ITF5,17,Basilicata,Basilicata,559084,206249,36.89,0.75
2115,2021-07-09,BAS,5345,2613,2732,1699,3637,9,ITF,ITF5,17,Basilicata,Basilicata,559084,211594,37.85,0.96
2116,2021-04-17,BAS,3462,1656,1806,2172,1262,28,ITF,ITF5,17,Basilicata,Basilicata,559084,215056,38.47,0.62
2117,2021-03-29,BAS,2472,892,1580,2134,287,51,ITF,ITF5,17,Basilicata,Basilicata,559084,217528,38.91,0.44
2118,2021-01-05,BAS,947,409,538,947,0,0,ITF,ITF5,17,Basilicata,Basilicata,559084,218475,39.08,0.17
2119,2021-06-20,BAS,4011,1884,2127,1941,2036,34,ITF,ITF5,17,Basilicata,Basilicata,559084,222486,39.79,0.72
2120,2021-05-27,BAS,3606,1858,1748,1063,2529,14,ITF,ITF5,17,Basilicata,Basilicata,559084,226092,40.44,0.64
2121,2021-04-24,BAS,4544,2198,2346,3475,1014,55,ITF,ITF5,17,Basilicata,Basilicata,559084,230636,41.25,0.81
2122,2021-03-22,BAS,1193,538,655,636,549,8,ITF,ITF5,17,Basilicata,Basilicata,559084,231829,41.47,0.21
2123,2021-03-03,BAS,1749,819,930,1167,560,22,ITF,ITF5,17,Basilicata,Basilicata,559084,233578,41.78,0.31
2124,2021-05-25,BAS,4199,2114,2085,867,3322,10,ITF,ITF5,17,Basilicata,Basilicata,559084,237777,42.53,0.75
2125,2021-02-14,BAS,151,48,103,105,0,46,ITF,ITF5,17,Basilicata,Basilicata,559084,237928,42.56,0.03
2126,2021-01-31,BAS,77,24,53,0,77,0,ITF,ITF5,17,Basilicata,Basilicata,559084,238005,42.57,0.01
2127,2021-01-26,BAS,806,356,450,101,705,0,ITF,ITF5,17,Basilicata,Basilicata,559084,238811,42.71,0.14
2128,2021-05-06,BAS,5068,2440,2628,3432,1585,51,ITF,ITF5,17,Basilicata,Basilicata,559084,243879,43.62,0.91
2129,2021-05-15,BAS,6528,3344,3184,3874,2571,83,ITF,ITF5,17,Basilicata,Basilicata,559084,250407,44.79,1.17
2130,2021-04-02,BAS,2343,1058,1285,1716,605,22,ITF,ITF5,17,Basilicata,Basilicata,559084,252750,45.21,0.42
2131,2021-02-04,BAS,1101,445,656,63,1038,0,ITF,ITF5,17,Basilicata,Basilicata,559084,253851,45.4,0.2
2132,2021-07-11,BAS,5032,2405,2627,1510,3497,25,ITF,ITF5,17,Basilicata,Basilicata,559084,258883,46.3,0.9
2133,2021-02-02,BAS,367,143,224,174,192,1,ITF,ITF5,17,Basilicata,Basilicata,559084,259250,46.37,0.07
2134,2021-04-09,BAS,1151,350,801,1064,63,24,ITF,ITF5,17,Basilicata,Basilicata,559084,260401,46.58,0.21
2135,2021-03-14,BAS,1010,477,533,529,469,12,ITF,ITF5,17,Basilicata,Basilicata,559084,261411,46.76,0.18
2136,2021-03-31,BAS,3101,1262,1839,2289,782,30,ITF,ITF5,17,Basilicata,Basilicata,559084,264512,47.31,0.55
2137,2021-04-29,BAS,4832,2385,2447,4339,421,72,ITF,ITF5,17,Basilicata,Basilicata,559084,269344,48.18,0.86
2138,2021-03-17,BAS,1460,612,848,24,1432,4,ITF,ITF5,17,Basilicata,Basilicata,559084,270804,48.44,0.26
2139,2021-01-19,BAS,199,84,115,199,0,0,ITF,ITF5,17,Basilicata,Basilicata,559084,271003,48.47,0.04
2140,2021-06-25,BAS,3313,1570,1743,2448,832,33,ITF,ITF5,17,Basilicata,Basilicata,559084,274316,49.07,0.59
2141,2021-07-04,BAS,3109,1562,1547,2163,921,25,ITF,ITF5,17,Basilicata,Basilicata,559084,277425,49.62,0.56
2142,2021-03-24,BAS,1900,725,1175,1480,398,22,ITF,ITF5,17,Basilicata,Basilicata,559084,279325,49.96,0.34
2143,2021-07-05,BAS,3269,1614,1655,2214,1022,33,ITF,ITF5,17,Basilicata,Basilicata,559084,282594,50.55,0.58
2144,2021-01-07,BAS,641,319,322,641,0,0,ITF,ITF5,17,Basilicata,Basilicata,559084,283235,50.66,0.11
2145,2021-02-19,BAS,1624,739,885,1557,62,5,ITF,ITF5,17,Basilicata,Basilicata,559084,284859,50.95,0.29
2146,2021-02-12,BAS,777,332,445,744,32,1,ITF,ITF5,17,Basilicata,Basilicata,559084,285636,51.09,0.14
2147,2021-01-12,BAS,217,88,129,217,0,0,ITF,ITF5,17,Basilicata,Basilicata,559084,285853,51.13,0.04
2148,2021-05-10,BAS,4804,2382,2422,2718,2042,44,ITF,ITF5,17,Basilicata,Basilicata,559084,290657,51.99,0.86
2149,2021-07-16,BAS,5931,2899,3032,1802,4095,34,ITF,ITF5,17,Basilicata,Basilicata,559084,296588,53.05,1.06
2150,2021-03-19,BAS,2299,996,1303,259,2033,7,ITF,ITF5,17,Basilicata,Basilicata,559084,298887,53.46,0.41
2151,2021-02-16,BAS,907,377,530,790,98,19,ITF,ITF5,17,Basilicata,Basilicata,559084,299794,53.62,0.16
2152,2021-01-28,BAS,911,405,506,119,792,0,ITF,ITF5,17,Basilicata,Basilicata,559084,300705,53.79,0.16
2153,2021-07-13,BAS,5856,2825,3031,1773,4035,48,ITF,ITF5,17,Basilicata,Basilicata,559084,306561,54.83,1.05
2154,2021-02-27,BAS,1993,861,1132,1812,164,17,ITF,ITF5,17,Basilicata,Basilicata,559084,308554,55.19,0.36
2155,2021-07-20,BAS,5725,2812,2913,1700,3985,40,ITF,ITF5,17,Basilicata,Basilicata,559084,314279,56.21,1.02
2156,2021-06-07,BAS,4237,1920,2317,3884,315,38,ITF,ITF5,17,Basilicata,Basilicata,559084,318516,56.97,0.76
2157,2021-04-11,BAS,913,359,554,760,124,29,ITF,ITF5,17,Basilicata,Basilicata,559084,319429,57.13,0.16
2158,2021-04-04,BAS,610,225,385,191,413,6,ITF,ITF5,17,Basilicata,Basilicata,559084,320039,57.24,0.11
2159,2021-06-22,BAS,4364,2068,2296,2229,2102,33,ITF,ITF5,17,Basilicata,Basilicata,559084,324403,58.02,0.78
2160,2021-06-05,BAS,4800,2210,2590,3824,941,35,ITF,ITF5,17,Basilicata,Basilicata,559084,329203,58.88,0.86
2161,2021-02-23,BAS,1902,771,1131,1746,139,17,ITF,ITF5,17,Basilicata,Basilicata,559084,331105,59.22,0.34
2162,2021-06-03,BAS,4921,2258,2663,3703,1180,38,ITF,ITF5,17,Basilicata,Basilicata,559084,336026,60.1,0.88
2163,2021-03-12,BAS,1913,983,930,782,1104,27,ITF,ITF5,17,Basilicata,Basilicata,559084,337939,60.45,0.34
2164,2021-05-17,BAS,5544,2734,2810,3361,2134,49,ITF,ITF5,17,Basilicata,Basilicata,559084,343483,61.44,0.99
2165,2021-02-08,BAS,560,193,367,151,409,0,ITF,ITF5,17,Basilicata,Basilicata,559084,344043,61.54,0.1
2166,2021-05-19,BAS,2872,1499,1373,1183,1676,13,ITF,ITF5,17,Basilicata,Basilicata,559084,346915,62.05,0.51
2167,2021-02-25,BAS,1789,738,1051,1732,46,11,ITF,ITF5,17,Basilicata,Basilicata,559084,348704,62.37,0.32
2168,2021-02-06,BAS,907,370,537,146,761,0,ITF,ITF5,17,Basilicata,Basilicata,559084,349611,62.53,0.16
2169,2021-04-10,BAS,1033,378,655,924,83,26,ITF,ITF5,17,Basilicata,Basilicata,559084,350644,62.72,0.18
2170,2021-06-24,BAS,4120,1949,2171,2180,1903,37,ITF,ITF5,17,Basilicata,Basilicata,559084,354764,63.45,0.74
2171,2021-04-28,BAS,4707,2158,2549,4206,441,60,ITF,ITF5,17,Basilicata,Basilicata,559084,359471,64.3,0.84
2172,2021-03-02,BAS,801,387,414,659,137,5,ITF,ITF5,17,Basilicata,Basilicata,559084,360272,64.44,0.14
2173,2021-06-10,BAS,4346,2102,2244,3868,441,37,ITF,ITF5,17,Basilicata,Basilicata,559084,364618,65.22,0.78
2174,2021-06-15,BAS,3223,1418,1805,2228,975,20,ITF,ITF5,17,Basilicata,Basilicata,559084,367841,65.79,0.58
2175,2021-02-28,BAS,810,346,464,771,35,4,ITF,ITF5,17,Basilicata,Basilicata,559084,368651,65.94,0.14
2176,2021-01-02,BAS,950,381,569,949,0,1,ITF,ITF5,17,Basilicata,Basilicata,559084,369601,66.11,0.17
2177,2021-01-16,BAS,722,304,418,722,0,0,ITF,ITF5,17,Basilicata,Basilicata,559084,370323,66.24,0.13
2178,2021-04-26,BAS,4467,2166,2301,4200,221,46,ITF,ITF5,17,Basilicata,Basilicata,559084,374790,67.04,0.8
2179,2021-07-02,BAS,3690,1838,1852,2484,1177,29,ITF,ITF5,17,Basilicata,Basilicata,559084,378480,67.7,0.66
2180,2021-02-11,BAS,952,401,551,867,83,2,ITF,ITF5,17,Basilicata,Basilicata,559084,379432,67.87,0.17
2181,2021-02-21,BAS,284,113,171,284,0,0,ITF,ITF5,17,Basilicata,Basilicata,559084,379716,67.92,0.05
2182,2021-03-07,BAS,891,310,581,842,39,10,ITF,ITF5,17,Basilicata,Basilicata,559084,380607,68.08,0.16
2183,2021-01-09,BAS,557,160,397,557,0,0,ITF,ITF5,17,Basilicata,Basilicata,559084,381164,68.18,0.1
2184,2021-07-03,BAS,3945,2102,1843,2757,1145,43,ITF,ITF5,17,Basilicata,Basilicata,559084,385109,68.88,0.71
2185,2021-07-22,BAS,5754,2867,2887,1745,3950,59,ITF,ITF5,17,Basilicata,Basilicata,559084,390863,69.91,1.03
2186,2021-06-17,BAS,4441,2045,2396,2089,2327,25,ITF,ITF5,17,Basilicata,Basilicata,559084,395304,70.71,0.79
2187,2021-04-21,BAS,3931,1837,2094,2244,1658,29,ITF,ITF5,17,Basilicata,Basilicata,559084,399235,71.41,0.7
2188,2021-01-18,BAS,463,157,306,364,99,0,ITF,ITF5,17,Basilicata,Basilicata,559084,399698,71.49,0.08
2189,2021-03-16,BAS,1914,806,1108,226,1685,3,ITF,ITF5,17,Basilicata,Basilicata,559084,401612,71.83,0.34
2190,2021-05-05,BAS,4338,2050,2288,3380,891,67,ITF,ITF5,17,Basilicata,Basilicata,559084,405950,72.61,0.78
2191,2021-03-09,BAS,1407,718,689,779,610,18,ITF,ITF5,17,Basilicata,Basilicata,559084,407357,72.86,0.25
2192,2021-01-25,BAS,1029,430,599,73,955,1,ITF,ITF5,17,Basilicata,Basilicata,559084,408386,73.05,0.18
2193,2021-01-11,BAS,183,66,117,183,0,0,ITF,ITF5,17,Basilicata,Basilicata,559084,408569,73.08,0.03
2194,2021-07-18,BAS,4386,2162,2224,1576,2784,26,ITF,ITF5,17,Basilicata,Basilicata,559084,412955,73.86,0.78
2195,2021-06-29,BAS,3858,1882,1976,2792,1040,26,ITF,ITF5,17,Basilicata,Basilicata,559084,416813,74.55,0.69
2196,2021-03-21,BAS,1124,516,608,422,699,3,ITF,ITF5,17,Basilicata,Basilicata,559084,417937,74.75,0.2
2197,2021-05-29,BAS,3060,1534,1526,826,2225,9,ITF,ITF5,17,Basilicata,Basilicata,559084,420997,75.3,0.55
2198,2021-04-30,BAS,5286,2376,2910,4066,1163,57,ITF,ITF5,17,Basilicata,Basilicata,559084,426283,76.25,0.95
2199,2021-01-20,BAS,85,22,63,84,1,0,ITF,ITF5,17,Basilicata,Basilicata,559084,426368,76.26,0.02
2200,2021-05-07,BAS,4634,2279,2355,3272,1338,24,ITF,ITF5,17,Basilicata,Basilicata,559084,431002,77.09,0.83
2201,2021-07-10,BAS,5555,2681,2874,1597,3949,9,ITF,ITF5,17,Basilicata,Basilicata,559084,436557,78.08,0.99
2202,2021-05-14,BAS,5907,2799,3108,3273,2531,103,ITF,ITF5,17,Basilicata,Basilicata,559084,442464,79.14,1.06
2203,2021-01-13,BAS,916,387,529,916,0,0,ITF,ITF5,17,Basilicata,Basilicata,559084,443380,79.3,0.16
2204,2021-04-23,BAS,4548,2188,2360,3481,1007,60,ITF,ITF5,17,Basilicata,Basilicata,559084,447928,80.12,0.81
2205,2021-01-30,BAS,707,229,478,129,578,0,ITF,ITF5,17,Basilicata,Basilicata,559084,448635,80.24,0.13
2206,2021-03-04,BAS,1889,894,995,1064,802,23,ITF,ITF5,17,Basilicata,Basilicata,559084,450524,80.58,0.34
2207,2021-06-12,BAS,3675,1688,1987,2958,678,39,ITF,ITF5,17,Basilicata,Basilicata,559084,454199,81.24,0.66
2208,2021-01-14,BAS,969,413,556,969,0,0,ITF,ITF5,17,Basilicata,Basilicata,559084,455168,81.41,0.17
2209,2021-04-07,BAS,1211,551,660,1155,36,20,ITF,ITF5,17,Basilicata,Basilicata,559084,456379,81.63,0.22
2210,2021-04-25,BAS,2988,1457,1531,2904,52,32,ITF,ITF5,17,Basilicata,Basilicata,559084,459367,82.16,0.53
2211,2021-05-12,BAS,4727,2329,2398,2797,1882,48,ITF,ITF5,17,Basilicata,Basilicata,559084,464094,83.01,0.85
2212,2021-05-22,BAS,5488,2723,2765,1926,3551,11,ITF,ITF5,17,Basilicata,Basilicata,559084,469582,83.99,0.98
2213,2021-03-26,BAS,1956,703,1253,1669,260,27,ITF,ITF5,17,Basilicata,Basilicata,559084,471538,84.34,0.35
2214,2021-02-13,BAS,800,314,486,701,61,38,ITF,ITF5,17,Basilicata,Basilicata,559084,472338,84.48,0.14
2215,2021-03-18,BAS,1354,565,789,17,1328,9,ITF,ITF5,17,Basilicata,Basilicata,559084,473692,84.73,0.24
2216,2021-06-26,BAS,3327,1611,1716,2741,558,28,ITF,ITF5,17,Basilicata,Basilicata,559084,477019,85.32,0.6
2217,2021-07-15,BAS,6497,3220,3277,1671,4801,25,ITF,ITF5,17,Basilicata,Basilicata,559084,483516,86.48,1.16
2218,2021-04-06,BAS,1274,465,809,1075,184,15,ITF,ITF5,17,Basilicata,Basilicata,559084,484790,86.71,0.23
2219,2021-06-14,BAS,4825,2156,2669,2092,2709,24,ITF,ITF5,17,Basilicata,Basilicata,559084,489615,87.57,0.86
2220,2021-03-23,BAS,1592,610,982,1407,168,17,ITF,ITF5,17,Basilicata,Basilicata,559084,491207,87.86,0.28
2221,2021-07-01,BAS,3707,1856,1851,2563,1111,33,ITF,ITF5,17,Basilicata,Basilicata,559084,494914,88.52,0.66
2222,2021-05-24,BAS,4833,2343,2490,1090,3730,13,ITF,ITF5,17,Basilicata,Basilicata,559084,499747,89.39,0.86
2223,2021-06-02,BAS,5960,2805,3155,4376,1543,41,ITF,ITF5,17,Basilicata,Basilicata,559084,505707,90.45,1.07
2224,2021-04-18,BAS,3718,1843,1875,2329,1367,22,ITF,ITF5,17,Basilicata,Basilicata,559084,509425,91.12,0.67
2225,2021-02-20,BAS,1163,532,631,1044,119,0,ITF,ITF5,17,Basilicata,Basilicata,559084,510588,91.33,0.21
2226,2021-05-31,BAS,4229,2009,2220,1713,2508,8,ITF,ITF5,17,Basilicata,Basilicata,559084,514817,92.08,0.76
2227,2021-02-01,BAS,243,91,152,46,197,0,ITF,ITF5,17,Basilicata,Basilicata,559084,515060,92.13,0.04
2228,2021-05-26,BAS,4488,2259,2229,1677,2782,29,ITF,ITF5,17,Basilicata,Basilicata,559084,519548,92.93,0.8
2229,2021-02-18,BAS,1070,401,669,852,215,3,ITF,ITF5,17,Basilicata,Basilicata,559084,520618,93.12,0.19
2230,2021-02-26,BAS,2152,904,1248,2065,81,6,ITF,ITF5,17,Basilicata,Basilicata,559084,522770,93.5,0.38
2231,2021-05-20,BAS,5878,2977,2901,2883,2967,28,ITF,ITF5,17,Basilicata,Basilicata,559084,528648,94.56,1.05
2232,2021-06-06,BAS,4513,2074,2439,3696,779,38,ITF,ITF5,17,Basilicata,Basilicata,559084,533161,95.36,0.81
2233,2021-04-14,BAS,2043,1001,1042,1353,674,16,ITF,ITF5,17,Basilicata,Basilicata,559084,535204,95.73,0.37
2234,2021-01-21,BAS,30,10,20,30,0,0,ITF,ITF5,17,Basilicata,Basilicata,559084,535234,95.73,0.01
2235,2021-01-04,BAS,608,271,337,608,0,0,ITF,ITF5,17,Basilicata,Basilicata,559084,535842,95.84,0.11
2236,2021-07-06,BAS,4072,1942,2130,2033,2005,34,ITF,ITF5,17,Basilicata,Basilicata,559084,539914,96.57,0.73
2237,2021-01-23,BAS,734,314,420,33,701,0,ITF,ITF5,17,Basilicata,Basilicata,559084,540648,96.7,0.13
2238,2021-05-03,BAS,4511,2043,2468,3622,827,62,ITF,ITF5,17,Basilicata,Basilicata,559084,545159,97.51,0.81
2239,2021-02-09,BAS,492,213,279,317,175,0,ITF,ITF5,17,Basilicata,Basilicata,559084,545651,97.6,0.09
2240,2021-06-21,BAS,4253,2042,2211,2142,2092,19,ITF,ITF5,17,Basilicata,Basilicata,559084,549904,98.36,0.76
2241,2021-06-19,BAS,4466,2178,2288,2371,2073,22,ITF,ITF5,17,Basilicata,Basilicata,559084,554370,99.16,0.8
2242,2021-03-28,BAS,2143,743,1400,2109,17,17,ITF,ITF5,17,Basilicata,Basilicata,559084,556513,99.54,0.38
2243,2021-03-11,BAS,1794,928,866,817,959,18,ITF,ITF5,17,Basilicata,Basilicata,559084,558307,99.86,0.32
2244,2021-03-30,BAS,2794,1182,1612,2433,346,15,ITF,ITF5,17,Basilicata,Basilicata,559084,561101,100.36,0.5
2245,2021-07-08,BAS,5137,2429,2708,1854,3259,24,ITF,ITF5,17,Basilicata,Basilicata,559084,566238,101.28,0.92
2246,2021-01-06,BAS,294,129,165,294,0,0,ITF,ITF5,17,Basilicata,Basilicata,559084,566532,101.33,0.05
2247,2021-04-16,BAS,3323,1635,1688,2400,900,23,ITF,ITF5,17,Basilicata,Basilicata,559084,569855,101.93,0.59
2248,2021-02-06,CAL,2915,1343,1572,444,2470,1,ITF,ITF6,18,Calabria,Calabria,1947131,2915,0.15,0.15
2249,2021-07-10,CAL,15934,7532,8402,3246,12645,43,ITF,ITF6,18,Calabria,Calabria,1947131,18849,0.97,0.82
2250,2021-01-23,CAL,402,187,215,359,43,0,ITF,ITF6,18,Calabria,Calabria,1947131,19251,0.99,0.02
2251,2021-03-28,CAL,2690,1231,1459,1566,1120,4,ITF,ITF6,18,Calabria,Calabria,1947131,21941,1.13,0.14
2252,2021-01-06,CAL,940,506,434,940,0,0,ITF,ITF6,18,Calabria,Calabria,1947131,22881,1.18,0.05
2253,2021-04-16,CAL,10264,5005,5259,8596,1615,53,ITF,ITF6,18,Calabria,Calabria,1947131,33145,1.7,0.53
2254,2021-02-18,CAL,1855,853,1002,1611,228,16,ITF,ITF6,18,Calabria,Calabria,1947131,35000,1.8,0.1
2255,2021-06-21,CAL,15378,7080,8298,7980,7362,36,ITF,ITF6,18,Calabria,Calabria,1947131,50378,2.59,0.79
2256,2021-01-04,CAL,1071,531,540,1068,0,3,ITF,ITF6,18,Calabria,Calabria,1947131,51449,2.64,0.06
2257,2021-03-09,CAL,6510,3393,3117,5459,988,63,ITF,ITF6,18,Calabria,Calabria,1947131,57959,2.98,0.33
2258,2021-02-20,CAL,1445,766,679,1109,322,14,ITF,ITF6,18,Calabria,Calabria,1947131,59404,3.05,0.07
2259,2021-05-31,CAL,15292,7342,7950,7308,7903,81,ITF,ITF6,18,Calabria,Calabria,1947131,74696,3.84,0.79
2260,2021-04-18,CAL,5854,2796,3058,4919,913,22,ITF,ITF6,18,Calabria,Calabria,1947131,80550,4.14,0.3
2261,2021-04-04,CAL,1572,786,786,1141,421,10,ITF,ITF6,18,Calabria,Calabria,1947131,82122,4.22,0.08
2262,2021-06-26,CAL,15566,7185,8381,7557,7942,67,ITF,ITF6,18,Calabria,Calabria,1947131,97688,5.02,0.8
2263,2021-01-11,CAL,2174,1054,1120,2172,0,2,ITF,ITF6,18,Calabria,Calabria,1947131,99862,5.13,0.11
2264,2021-01-25,CAL,1083,520,563,149,934,0,ITF,ITF6,18,Calabria,Calabria,1947131,100945,5.18,0.06
2265,2021-05-05,CAL,13540,6479,7061,8409,5059,72,ITF,ITF6,18,Calabria,Calabria,1947131,114485,5.88,0.7
2266,2021-03-02,CAL,4374,2493,1881,3607,759,8,ITF,ITF6,18,Calabria,Calabria,1947131,118859,6.1,0.22
2267,2021-03-16,CAL,3860,1892,1968,2185,1663,12,ITF,ITF6,18,Calabria,Calabria,1947131,122719,6.3,0.2
2268,2021-06-14,CAL,14356,6511,7845,9633,4646,77,ITF,ITF6,18,Calabria,Calabria,1947131,137075,7.04,0.74
2269,2021-03-04,CAL,5484,3192,2292,4667,797,20,ITF,ITF6,18,Calabria,Calabria,1947131,142559,7.32,0.28
2270,2021-06-12,CAL,13239,6297,6942,10775,2398,66,ITF,ITF6,18,Calabria,Calabria,1947131,155798,8.0,0.68
2271,2021-07-22,CAL,18321,9024,9297,3507,14730,84,ITF,ITF6,18,Calabria,Calabria,1947131,174119,8.94,0.94
2272,2021-04-30,CAL,15041,7368,7673,10545,4426,70,ITF,ITF6,18,Calabria,Calabria,1947131,189160,9.71,0.77
2273,2021-01-18,CAL,1301,591,710,1052,245,4,ITF,ITF6,18,Calabria,Calabria,1947131,190461,9.78,0.07
2274,2021-07-01,CAL,12303,5800,6503,5400,6820,83,ITF,ITF6,18,Calabria,Calabria,1947131,202764,10.41,0.63
2275,2021-02-01,CAL,2541,1207,1334,241,2297,3,ITF,ITF6,18,Calabria,Calabria,1947131,205305,10.54,0.13
2276,2021-07-08,CAL,12045,5617,6428,2696,9307,42,ITF,ITF6,18,Calabria,Calabria,1947131,217350,11.16,0.62
2277,2021-05-12,CAL,16439,8021,8418,10837,5509,93,ITF,ITF6,18,Calabria,Calabria,1947131,233789,12.01,0.84
2278,2021-05-26,CAL,18714,9320,9394,10312,8309,93,ITF,ITF6,18,Calabria,Calabria,1947131,252503,12.97,0.96
2279,2021-04-23,CAL,13127,6445,6682,9431,3600,96,ITF,ITF6,18,Calabria,Calabria,1947131,265630,13.64,0.67
2280,2021-01-13,CAL,2063,1042,1021,2051,0,12,ITF,ITF6,18,Calabria,Calabria,1947131,267693,13.75,0.11
2281,2021-06-23,CAL,17159,7846,9313,8093,8985,81,ITF,ITF6,18,Calabria,Calabria,1947131,284852,14.63,0.88
2282,2021-01-30,CAL,2194,1156,1038,337,1854,3,ITF,ITF6,18,Calabria,Calabria,1947131,287046,14.74,0.11
2283,2021-02-17,CAL,1870,827,1043,1645,211,14,ITF,ITF6,18,Calabria,Calabria,1947131,288916,14.84,0.1
2284,2021-05-28,CAL,20982,10197,10785,11415,9456,111,ITF,ITF6,18,Calabria,Calabria,1947131,309898,15.92,1.08
2285,2021-04-15,CAL,7759,3806,3953,5976,1743,40,ITF,ITF6,18,Calabria,Calabria,1947131,317657,16.31,0.4
2286,2021-04-01,CAL,8677,3949,4728,4161,4483,33,ITF,ITF6,18,Calabria,Calabria,1947131,326334,16.76,0.45
2287,2021-03-11,CAL,7272,3457,3815,5952,1275,45,ITF,ITF6,18,Calabria,Calabria,1947131,333606,17.13,0.37
2288,2021-06-19,CAL,15843,7412,8431,8498,7280,65,ITF,ITF6,18,Calabria,Calabria,1947131,349449,17.95,0.81
2289,2021-05-14,CAL,19917,9568,10349,12940,6867,110,ITF,ITF6,18,Calabria,Calabria,1947131,369366,18.97,1.02
2290,2021-02-11,CAL,2344,1047,1297,1062,1260,22,ITF,ITF6,18,Calabria,Calabria,1947131,371710,19.09,0.12
2291,2021-05-23,CAL,11390,5553,5837,6996,4351,43,ITF,ITF6,18,Calabria,Calabria,1947131,383100,19.68,0.58
2292,2021-03-30,CAL,6434,2793,3641,3646,2770,18,ITF,ITF6,18,Calabria,Calabria,1947131,389534,20.01,0.33
2293,2021-05-19,CAL,18301,9067,9234,11250,6977,74,ITF,ITF6,18,Calabria,Calabria,1947131,407835,20.95,0.94
2294,2021-03-23,CAL,5257,2469,2788,3421,1815,21,ITF,ITF6,18,Calabria,Calabria,1947131,413092,21.22,0.27
2295,2021-07-15,CAL,18285,8808,9477,2531,15708,46,ITF,ITF6,18,Calabria,Calabria,1947131,431377,22.15,0.94
2296,2021-06-07,CAL,18001,8421,9580,14712,3209,80,ITF,ITF6,18,Calabria,Calabria,1947131,449378,23.08,0.92
2297,2021-05-24,CAL,17765,8896,8869,9933,7750,82,ITF,ITF6,18,Calabria,Calabria,1947131,467143,23.99,0.91
2298,2021-05-07,CAL,16138,7600,8538,9659,6405,74,ITF,ITF6,18,Calabria,Calabria,1947131,483281,24.82,0.83
2299,2021-02-13,CAL,1400,605,795,1031,366,3,ITF,ITF6,18,Calabria,Calabria,1947131,484681,24.89,0.07
2300,2021-06-11,CAL,17832,8765,9067,15134,2577,121,ITF,ITF6,18,Calabria,Calabria,1947131,502513,25.81,0.92
2301,2021-01-08,CAL,2184,1041,1143,2177,0,7,ITF,ITF6,18,Calabria,Calabria,1947131,504697,25.92,0.11
2302,2021-02-25,CAL,2895,1559,1336,2258,597,40,ITF,ITF6,18,Calabria,Calabria,1947131,507592,26.07,0.15
2303,2021-03-06,CAL,8475,4364,4111,7659,797,19,ITF,ITF6,18,Calabria,Calabria,1947131,516067,26.5,0.44
2304,2021-07-03,CAL,15145,7134,8011,5260,9810,75,ITF,ITF6,18,Calabria,Calabria,1947131,531212,27.28,0.78
2305,2021-04-11,CAL,4194,1905,2289,2233,1945,16,ITF,ITF6,18,Calabria,Calabria,1947131,535406,27.5,0.22
2306,2021-07-20,CAL,17480,8479,9001,3205,14207,68,ITF,ITF6,18,Calabria,Calabria,1947131,552886,28.39,0.9
2307,2021-04-13,CAL,6918,3393,3525,5578,1319,21,ITF,ITF6,18,Calabria,Calabria,1947131,559804,28.75,0.36
2308,2021-01-20,CAL,1407,629,778,1403,1,3,ITF,ITF6,18,Calabria,Calabria,1947131,561211,28.82,0.07
2309,2021-03-13,CAL,6955,3019,3936,5936,990,29,ITF,ITF6,18,Calabria,Calabria,1947131,568166,29.18,0.36
2310,2021-01-15,CAL,2807,1260,1547,2801,0,6,ITF,ITF6,18,Calabria,Calabria,1947131,570973,29.32,0.14
2311,2021-04-25,CAL,15890,8063,7827,14802,1025,63,ITF,ITF6,18,Calabria,Calabria,1947131,586863,30.14,0.82
2312,2021-06-30,CAL,16372,7496,8876,7010,9267,95,ITF,ITF6,18,Calabria,Calabria,1947131,603235,30.98,0.84
2313,2021-04-08,CAL,9311,4406,4905,5799,3467,45,ITF,ITF6,18,Calabria,Calabria,1947131,612546,31.46,0.48
2314,2021-02-10,CAL,2516,1081,1435,869,1632,15,ITF,ITF6,18,Calabria,Calabria,1947131,615062,31.59,0.13
2315,2021-07-17,CAL,18323,9040,9283,2717,15543,63,ITF,ITF6,18,Calabria,Calabria,1947131,633385,32.53,0.94
2316,2021-06-04,CAL,17523,8155,9368,12951,4502,70,ITF,ITF6,18,Calabria,Calabria,1947131,650908,33.43,0.9
2317,2021-05-21,CAL,21334,10865,10469,13865,7361,108,ITF,ITF6,18,Calabria,Calabria,1947131,672242,34.52,1.1
2318,2021-04-27,CAL,9958,4895,5063,7961,1951,46,ITF,ITF6,18,Calabria,Calabria,1947131,682200,35.04,0.51
2319,2021-02-03,CAL,2865,1472,1393,560,2299,6,ITF,ITF6,18,Calabria,Calabria,1947131,685065,35.18,0.15
2320,2021-07-19,CAL,18993,9099,9894,3034,15913,46,ITF,ITF6,18,Calabria,Calabria,1947131,704058,36.16,0.98
2321,2021-02-22,CAL,2058,1045,1013,1491,558,9,ITF,ITF6,18,Calabria,Calabria,1947131,706116,36.26,0.11
2322,2021-06-02,CAL,12095,5800,6295,8784,3264,47,ITF,ITF6,18,Calabria,Calabria,1947131,718211,36.89,0.62
2323,2021-03-01,CAL,2734,1552,1182,2272,458,4,ITF,ITF6,18,Calabria,Calabria,1947131,720945,37.03,0.14
2324,2021-06-09,CAL,18216,8595,9621,15907,2226,83,ITF,ITF6,18,Calabria,Calabria,1947131,739161,37.96,0.94
2325,2021-07-12,CAL,17969,8534,9435,2677,15243,49,ITF,ITF6,18,Calabria,Calabria,1947131,757130,38.88,0.92
2326,2021-01-10,CAL,940,530,410,940,0,0,ITF,ITF6,18,Calabria,Calabria,1947131,758070,38.93,0.05
2327,2021-04-20,CAL,7860,3966,3894,6059,1729,72,ITF,ITF6,18,Calabria,Calabria,1947131,765930,39.34,0.4
2328,2021-03-18,CAL,4434,2074,2360,2332,2079,23,ITF,ITF6,18,Calabria,Calabria,1947131,770364,39.56,0.23
2329,2021-02-27,CAL,4012,2066,1946,3623,382,7,ITF,ITF6,18,Calabria,Calabria,1947131,774376,39.77,0.21
2330,2021-01-27,CAL,1481,748,733,393,1087,1,ITF,ITF6,18,Calabria,Calabria,1947131,775857,39.85,0.08
2331,2021-06-28,CAL,13284,6118,7166,5368,7852,64,ITF,ITF6,18,Calabria,Calabria,1947131,789141,40.53,0.68
2332,2021-03-20,CAL,6721,3079,3642,4182,2523,16,ITF,ITF6,18,Calabria,Calabria,1947131,795862,40.87,0.35
2333,2021-03-15,CAL,3622,1745,1877,2160,1452,10,ITF,ITF6,18,Calabria,Calabria,1947131,799484,41.06,0.19
2334,2021-07-02,CAL,16254,7529,8725,6237,9936,81,ITF,ITF6,18,Calabria,Calabria,1947131,815738,41.89,0.83
2335,2021-05-20,CAL,16973,8492,8481,11263,5643,67,ITF,ITF6,18,Calabria,Calabria,1947131,832711,42.77,0.87
2336,2021-05-16,CAL,13782,6726,7056,9917,3813,52,ITF,ITF6,18,Calabria,Calabria,1947131,846493,43.47,0.71
2337,2021-07-21,CAL,22057,10592,11465,4512,17433,112,ITF,ITF6,18,Calabria,Calabria,1947131,868550,44.61,1.13
2338,2021-01-17,CAL,898,432,466,797,96,5,ITF,ITF6,18,Calabria,Calabria,1947131,869448,44.65,0.05
2339,2021-03-24,CAL,7829,3583,4246,4518,3289,22,ITF,ITF6,18,Calabria,Calabria,1947131,877277,45.05,0.4
2340,2021-04-10,CAL,11670,5281,6389,6771,4855,44,ITF,ITF6,18,Calabria,Calabria,1947131,888947,45.65,0.6
2341,2021-05-09,CAL,9639,4499,5140,6055,3543,41,ITF,ITF6,18,Calabria,Calabria,1947131,898586,46.15,0.5
2342,2021-01-29,CAL,2067,996,1071,227,1839,1,ITF,ITF6,18,Calabria,Calabria,1947131,900653,46.26,0.11
2343,2021-05-04,CAL,16450,7586,8864,11650,4714,86,ITF,ITF6,18,Calabria,Calabria,1947131,917103,47.1,0.84
2344,2021-02-15,CAL,1155,550,605,998,152,5,ITF,ITF6,18,Calabria,Calabria,1947131,918258,47.16,0.06
2345,2021-02-14,CAL,478,219,259,447,30,1,ITF,ITF6,18,Calabria,Calabria,1947131,918736,47.18,0.02
2346,2021-05-25,CAL,16405,8033,8372,10208,6112,85,ITF,ITF6,18,Calabria,Calabria,1947131,935141,48.03,0.84
2347,2021-01-26,CAL,1864,891,973,275,1588,1,ITF,ITF6,18,Calabria,Calabria,1947131,937005,48.12,0.1
2348,2021-04-22,CAL,9797,4897,4900,6853,2898,46,ITF,ITF6,18,Calabria,Calabria,1947131,946802,48.63,0.5
2349,2021-02-12,CAL,1710,668,1042,941,763,6,ITF,ITF6,18,Calabria,Calabria,1947131,948512,48.71,0.09
2350,2021-06-27,CAL,8412,3937,4475,4980,3396,36,ITF,ITF6,18,Calabria,Calabria,1947131,956924,49.15,0.43
2351,2021-02-07,CAL,862,430,432,146,714,2,ITF,ITF6,18,Calabria,Calabria,1947131,957786,49.19,0.04
2352,2021-05-18,CAL,15334,7672,7662,11850,3416,68,ITF,ITF6,18,Calabria,Calabria,1947131,973120,49.98,0.79
2353,2021-03-22,CAL,4970,2333,2637,3177,1769,24,ITF,ITF6,18,Calabria,Calabria,1947131,978090,50.23,0.26
2354,2021-02-09,CAL,2160,912,1248,947,1204,9,ITF,ITF6,18,Calabria,Calabria,1947131,980250,50.34,0.11
2355,2021-05-29,CAL,19278,8954,10324,9346,9856,76,ITF,ITF6,18,Calabria,Calabria,1947131,999528,51.33,0.99
2356,2021-04-14,CAL,8074,3896,4178,6583,1444,47,ITF,ITF6,18,Calabria,Calabria,1947131,1007602,51.75,0.41
2357,2021-02-16,CAL,1748,742,1006,1463,280,5,ITF,ITF6,18,Calabria,Calabria,1947131,1009350,51.84,0.09
2358,2021-07-23,CAL,13643,6659,6984,3042,10536,65,ITF,ITF6,18,Calabria,Calabria,1947131,1022993,52.54,0.7
2359,2021-02-05,CAL,3854,1738,2116,473,3366,15,ITF,ITF6,18,Calabria,Calabria,1947131,1026847,52.74,0.2
2360,2021-04-29,CAL,12473,6064,6409,8660,3762,51,ITF,ITF6,18,Calabria,Calabria,1947131,1039320,53.38,0.64
2361,2021-04-12,CAL,7003,3412,3591,5334,1648,21,ITF,ITF6,18,Calabria,Calabria,1947131,1046323,53.74,0.36
2362,2021-01-19,CAL,1122,495,627,1108,12,2,ITF,ITF6,18,Calabria,Calabria,1947131,1047445,53.79,0.06
2363,2021-07-04,CAL,5933,2812,3121,1980,3918,35,ITF,ITF6,18,Calabria,Calabria,1947131,1053378,54.1,0.3
2364,2021-06-17,CAL,15807,7220,8587,9597,6158,52,ITF,ITF6,18,Calabria,Calabria,1947131,1069185,54.91,0.81
2365,2021-03-26,CAL,8093,3842,4251,4940,3125,28,ITF,ITF6,18,Calabria,Calabria,1947131,1077278,55.33,0.42
2366,2020-12-27,CAL,313,171,142,313,0,0,ITF,ITF6,18,Calabria,Calabria,1947131,1077591,55.34,0.02
2367,2021-04-06,CAL,8135,3703,4432,4456,3654,25,ITF,ITF6,18,Calabria,Calabria,1947131,1085726,55.76,0.42
2368,2021-02-08,CAL,1859,739,1120,659,1197,3,ITF,ITF6,18,Calabria,Calabria,1947131,1087585,55.86,0.1
2369,2021-04-24,CAL,19265,9588,9677,15744,3437,84,ITF,ITF6,18,Calabria,Calabria,1947131,1106850,56.85,0.99
2370,2021-02-26,CAL,3101,1654,1447,2631,455,15,ITF,ITF6,18,Calabria,Calabria,1947131,1109951,57.0,0.16
2371,2021-06-20,CAL,6650,3151,3499,3811,2811,28,ITF,ITF6,18,Calabria,Calabria,1947131,1116601,57.35,0.34
2372,2021-06-06,CAL,13770,6618,7152,12005,1698,67,ITF,ITF6,18,Calabria,Calabria,1947131,1130371,58.05,0.71
2373,2021-01-05,CAL,1528,716,812,1526,0,2,ITF,ITF6,18,Calabria,Calabria,1947131,1131899,58.13,0.08
2374,2021-01-12,CAL,2080,1030,1050,2071,0,9,ITF,ITF6,18,Calabria,Calabria,1947131,1133979,58.24,0.11
2375,2021-02-24,CAL,1921,977,944,1436,479,6,ITF,ITF6,18,Calabria,Calabria,1947131,1135900,58.34,0.1
2376,2021-01-22,CAL,659,275,384,657,2,0,ITF,ITF6,18,Calabria,Calabria,1947131,1136559,58.37,0.03
2377,2021-05-02,CAL,12555,5862,6693,10614,1882,59,ITF,ITF6,18,Calabria,Calabria,1947131,1149114,59.02,0.64
2378,2021-03-29,CAL,5764,2491,3273,3979,1761,24,ITF,ITF6,18,Calabria,Calabria,1947131,1154878,59.31,0.3
2379,2021-01-31,CAL,1118,557,561,152,966,0,ITF,ITF6,18,Calabria,Calabria,1947131,1155996,59.37,0.06
2380,2021-07-07,CAL,13961,6582,7379,3908,9982,71,ITF,ITF6,18,Calabria,Calabria,1947131,1169957,60.09,0.72
2381,2021-05-11,CAL,15086,7308,7778,10237,4783,66,ITF,ITF6,18,Calabria,Calabria,1947131,1185043,60.86,0.77
2382,2021-07-16,CAL,21029,10018,11011,3386,17575,68,ITF,ITF6,18,Calabria,Calabria,1947131,1206072,61.94,1.08
2383,2021-03-03,CAL,5063,2766,2297,3970,1080,13,ITF,ITF6,18,Calabria,Calabria,1947131,1211135,62.2,0.26
2384,2021-06-29,CAL,13018,6012,7006,5330,7638,50,ITF,ITF6,18,Calabria,Calabria,1947131,1224153,62.87,0.67
2385,2021-05-27,CAL,17655,8728,8927,9769,7805,81,ITF,ITF6,18,Calabria,Calabria,1947131,1241808,63.78,0.91
2386,2021-01-07,CAL,2207,1079,1128,2203,0,4,ITF,ITF6,18,Calabria,Calabria,1947131,1244015,63.89,0.11
2387,2021-06-13,CAL,6838,3357,3481,5731,1055,52,ITF,ITF6,18,Calabria,Calabria,1947131,1250853,64.24,0.35
2388,2021-04-17,CAL,10809,5060,5749,8998,1766,45,ITF,ITF6,18,Calabria,Calabria,1947131,1261662,64.8,0.56
2389,2021-05-01,CAL,16703,7958,8745,12378,4239,86,ITF,ITF6,18,Calabria,Calabria,1947131,1278365,65.65,0.86
2390,2021-03-05,CAL,6238,3621,2617,5646,576,16,ITF,ITF6,18,Calabria,Calabria,1947131,1284603,65.97,0.32
2391,2021-03-12,CAL,5152,2467,2685,4078,1056,18,ITF,ITF6,18,Calabria,Calabria,1947131,1289755,66.24,0.26
2392,2021-01-14,CAL,2652,1258,1394,2646,0,6,ITF,ITF6,18,Calabria,Calabria,1947131,1292407,66.37,0.14
2393,2021-01-21,CAL,972,455,517,936,33,3,ITF,ITF6,18,Calabria,Calabria,1947131,1293379,66.42,0.05
2394,2021-05-06,CAL,13279,6283,6996,8927,4286,66,ITF,ITF6,18,Calabria,Calabria,1947131,1306658,67.11,0.68
2395,2021-07-14,CAL,22609,10667,11942,4152,18383,74,ITF,ITF6,18,Calabria,Calabria,1947131,1329267,68.27,1.16
2396,2021-04-05,CAL,3642,1727,1915,2671,959,12,ITF,ITF6,18,Calabria,Calabria,1947131,1332909,68.46,0.19
2397,2021-06-08,CAL,16677,7898,8779,14522,2034,121,ITF,ITF6,18,Calabria,Calabria,1947131,1349586,69.31,0.86
2398,2021-03-17,CAL,4131,1838,2293,2185,1938,8,ITF,ITF6,18,Calabria,Calabria,1947131,1353717,69.52,0.21
2399,2021-07-06,CAL,11822,5455,6367,3615,8148,59,ITF,ITF6,18,Calabria,Calabria,1947131,1365539,70.13,0.61
2400,2021-01-02,CAL,166,94,72,166,0,0,ITF,ITF6,18,Calabria,Calabria,1947131,1365705,70.14,0.01
2401,2021-05-03,CAL,14782,6776,8006,10466,4230,86,ITF,ITF6,18,Calabria,Calabria,1947131,1380487,70.9,0.76
2402,2021-03-21,CAL,4455,1924,2531,2727,1718,10,ITF,ITF6,18,Calabria,Calabria,1947131,1384942,71.13,0.23
2403,2021-03-07,CAL,3398,1733,1665,3293,92,13,ITF,ITF6,18,Calabria,Calabria,1947131,1388340,71.3,0.17
2404,2021-06-15,CAL,9856,4567,5289,6446,3348,62,ITF,ITF6,18,Calabria,Calabria,1947131,1398196,71.81,0.51
2405,2021-06-25,CAL,18801,8729,10072,8069,10655,77,ITF,ITF6,18,Calabria,Calabria,1947131,1416997,72.77,0.97
2406,2021-07-13,CAL,17425,8154,9271,2315,15044,66,ITF,ITF6,18,Calabria,Calabria,1947131,1434422,73.67,0.89
2407,2021-04-19,CAL,7880,3802,4078,6160,1675,45,ITF,ITF6,18,Calabria,Calabria,1947131,1442302,74.07,0.4
2408,2021-01-09,CAL,1989,1071,918,1981,0,8,ITF,ITF6,18,Calabria,Calabria,1947131,1444291,74.18,0.1
2409,2021-02-28,CAL,2344,1065,1279,2187,154,3,ITF,ITF6,18,Calabria,Calabria,1947131,1446635,74.3,0.12
2410,2021-04-03,CAL,9416,4073,5343,4509,4849,58,ITF,ITF6,18,Calabria,Calabria,1947131,1456051,74.78,0.48
2411,2021-01-28,CAL,2285,1132,1153,81,2204,0,ITF,ITF6,18,Calabria,Calabria,1947131,1458336,74.9,0.12
2412,2021-05-08,CAL,18484,8401,10083,10540,7878,66,ITF,ITF6,18,Calabria,Calabria,1947131,1476820,75.85,0.95
2413,2021-05-22,CAL,22205,10562,11643,14230,7885,90,ITF,ITF6,18,Calabria,Calabria,1947131,1499025,76.99,1.14
2414,2021-01-24,CAL,46,19,27,40,6,0,ITF,ITF6,18,Calabria,Calabria,1947131,1499071,76.99,0.0
2415,2021-07-09,CAL,15646,7300,8346,3625,11952,69,ITF,ITF6,18,Calabria,Calabria,1947131,1514717,77.79,0.8
2416,2020-12-28,CAL,6,2,4,6,0,0,ITF,ITF6,18,Calabria,Calabria,1947131,1514723,77.79,0.0
2417,2021-03-14,CAL,2724,1059,1665,2280,437,7,ITF,ITF6,18,Calabria,Calabria,1947131,1517447,77.93,0.14
2418,2021-06-22,CAL,14582,6898,7684,7356,7134,92,ITF,ITF6,18,Calabria,Calabria,1947131,1532029,78.68,0.75
2419,2021-05-10,CAL,13163,6124,7039,7708,5401,54,ITF,ITF6,18,Calabria,Calabria,1947131,1545192,79.36,0.68
2420,2021-04-26,CAL,10187,5060,5127,7722,2420,45,ITF,ITF6,18,Calabria,Calabria,1947131,1555379,79.88,0.52
2421,2021-04-21,CAL,11572,5812,5760,8616,2903,53,ITF,ITF6,18,Calabria,Calabria,1947131,1566951,80.47,0.59
2422,2021-04-02,CAL,8532,3907,4625,4581,3919,32,ITF,ITF6,18,Calabria,Calabria,1947131,1575483,80.91,0.44
2423,2021-06-24,CAL,15290,6968,8322,6885,8331,74,ITF,ITF6,18,Calabria,Calabria,1947131,1590773,81.7,0.79
2424,2021-03-19,CAL,4203,1964,2239,1888,2308,7,ITF,ITF6,18,Calabria,Calabria,1947131,1594976,81.91,0.22
2425,2021-07-11,CAL,6426,2981,3445,843,5573,10,ITF,ITF6,18,Calabria,Calabria,1947131,1601402,82.24,0.33
2426,2021-06-03,CAL,14228,6649,7579,9587,4586,55,ITF,ITF6,18,Calabria,Calabria,1947131,1615630,82.97,0.73
2427,2021-04-07,CAL,7144,3253,3891,4079,3020,45,ITF,ITF6,18,Calabria,Calabria,1947131,1622774,83.34,0.37
2428,2021-02-23,CAL,1598,755,843,1478,115,5,ITF,ITF6,18,Calabria,Calabria,1947131,1624372,83.42,0.08
2429,2021-06-10,CAL,15899,7333,8566,12990,2810,99,ITF,ITF6,18,Calabria,Calabria,1947131,1640271,84.24,0.82
2430,2021-03-31,CAL,9111,4156,4955,5032,4045,34,ITF,ITF6,18,Calabria,Calabria,1947131,1649382,84.71,0.47
2431,2021-04-09,CAL,7973,3734,4239,5004,2889,80,ITF,ITF6,18,Calabria,Calabria,1947131,1657355,85.12,0.41
2432,2021-07-18,CAL,8777,4201,4576,1273,7472,32,ITF,ITF6,18,Calabria,Calabria,1947131,1666132,85.57,0.45
2433,2021-06-05,CAL,20688,9686,11002,17617,2992,79,ITF,ITF6,18,Calabria,Calabria,1947131,1686820,86.63,1.06
2434,2021-01-03,CAL,6,3,3,6,0,0,ITF,ITF6,18,Calabria,Calabria,1947131,1686826,86.63,0.0
2435,2021-03-27,CAL,8782,3995,4787,4651,4087,44,ITF,ITF6,18,Calabria,Calabria,1947131,1695608,87.08,0.45
2436,2021-07-05,CAL,13386,6257,7129,4288,9041,57,ITF,ITF6,18,Calabria,Calabria,1947131,1708994,87.77,0.69
2437,2021-03-08,CAL,5500,2976,2524,4402,1071,27,ITF,ITF6,18,Calabria,Calabria,1947131,1714494,88.05,0.28
2438,2021-03-25,CAL,7493,3532,3961,4572,2890,31,ITF,ITF6,18,Calabria,Calabria,1947131,1721987,88.44,0.38
2439,2021-06-16,CAL,18324,8471,9853,12122,6114,88,ITF,ITF6,18,Calabria,Calabria,1947131,1740311,89.38,0.94
2440,2021-06-18,CAL,18860,8786,10074,11256,7493,111,ITF,ITF6,18,Calabria,Calabria,1947131,1759171,90.35,0.97
2441,2021-03-10,CAL,6823,3467,3356,5451,1341,31,ITF,ITF6,18,Calabria,Calabria,1947131,1765994,90.7,0.35
2442,2021-06-01,CAL,12864,5966,6898,7887,4919,58,ITF,ITF6,18,Calabria,Calabria,1947131,1778858,91.36,0.66
2443,2021-05-13,CAL,15949,7675,8274,11170,4710,69,ITF,ITF6,18,Calabria,Calabria,1947131,1794807,92.18,0.82
2444,2021-02-19,CAL,1510,683,827,1239,262,9,ITF,ITF6,18,Calabria,Calabria,1947131,1796317,92.25,0.08
2445,2021-05-30,CAL,10966,5275,5691,6779,4151,36,ITF,ITF6,18,Calabria,Calabria,1947131,1807283,92.82,0.56
2446,2021-05-17,CAL,14917,7466,7451,10152,4715,50,ITF,ITF6,18,Calabria,Calabria,1947131,1822200,93.58,0.77
2447,2021-02-21,CAL,630,298,332,552,77,1,ITF,ITF6,18,Calabria,Calabria,1947131,1822830,93.62,0.03
2448,2021-04-28,CAL,12566,6094,6472,9626,2869,71,ITF,ITF6,18,Calabria,Calabria,1947131,1835396,94.26,0.65
2449,2021-02-04,CAL,3650,1736,1914,646,2998,6,ITF,ITF6,18,Calabria,Calabria,1947131,1839046,94.45,0.19
2450,2021-05-15,CAL,27246,13035,14211,20262,6853,131,ITF,ITF6,18,Calabria,Calabria,1947131,1866292,95.85,1.4
2451,2021-02-02,CAL,2363,1160,1203,177,2186,0,ITF,ITF6,18,Calabria,Calabria,1947131,1868655,95.97,0.12
2452,2021-01-16,CAL,2404,1127,1277,2401,0,3,ITF,ITF6,18,Calabria,Calabria,1947131,1871059,96.09,0.12
2453,2021-03-14,LIG,1659,752,907,1033,604,22,ITC,ITC3,7,Liguria,Liguria,1550640,1659,0.11,0.11
2454,2021-06-22,LIG,15795,7456,8339,7652,8116,27,ITC,ITC3,7,Liguria,Liguria,1550640,17454,1.13,1.02
2455,2021-07-06,LIG,12327,6056,6271,5680,6611,36,ITC,ITC3,7,Liguria,Liguria,1550640,29781,1.92,0.79
2456,2021-05-10,LIG,12651,5642,7009,6212,6375,64,ITC,ITC3,7,Liguria,Liguria,1550640,42432,2.74,0.82
2457,2021-05-03,LIG,13255,5918,7337,6306,6815,134,ITC,ITC3,7,Liguria,Liguria,1550640,55687,3.59,0.85
2458,2021-03-21,LIG,551,220,331,69,482,0,ITC,ITC3,7,Liguria,Liguria,1550640,56238,3.63,0.04
2459,2021-02-16,LIG,2428,957,1471,1996,424,8,ITC,ITC3,7,Liguria,Liguria,1550640,58666,3.78,0.16
2460,2021-07-23,LIG,10558,5351,5207,1977,8550,31,ITC,ITC3,7,Liguria,Liguria,1550640,69224,4.46,0.68
2461,2021-05-27,LIG,16969,8706,8263,12648,4153,168,ITC,ITC3,7,Liguria,Liguria,1550640,86193,5.56,1.09
2462,2021-04-14,LIG,13076,5671,7405,10752,2201,123,ITC,ITC3,7,Liguria,Liguria,1550640,99269,6.4,0.84
2463,2021-05-29,LIG,6866,3253,3613,3977,2870,19,ITC,ITC3,7,Liguria,Liguria,1550640,106135,6.84,0.44
2464,2021-03-26,LIG,9339,4030,5309,6071,3156,112,ITC,ITC3,7,Liguria,Liguria,1550640,115474,7.45,0.6
2465,2021-07-04,LIG,4850,2579,2271,3841,993,16,ITC,ITC3,7,Liguria,Liguria,1550640,120324,7.76,0.31
2466,2021-01-02,LIG,692,246,446,692,0,0,ITC,ITC3,7,Liguria,Liguria,1550640,121016,7.8,0.04
2467,2021-06-15,LIG,17408,8462,8946,9325,8068,15,ITC,ITC3,7,Liguria,Liguria,1550640,138424,8.93,1.12
2468,2021-02-28,LIG,1059,580,479,1043,9,7,ITC,ITC3,7,Liguria,Liguria,1550640,139483,9.0,0.07
2469,2021-02-11,LIG,1990,772,1218,1094,887,9,ITC,ITC3,7,Liguria,Liguria,1550640,141473,9.12,0.13
2470,2021-05-22,LIG,6650,3220,3430,4873,1684,93,ITC,ITC3,7,Liguria,Liguria,1550640,148123,9.55,0.43
2471,2021-06-10,LIG,18790,9694,9096,13155,5627,8,ITC,ITC3,7,Liguria,Liguria,1550640,166913,10.76,1.21
2472,2021-03-19,LIG,5296,2234,3062,2094,3147,55,ITC,ITC3,7,Liguria,Liguria,1550640,172209,11.11,0.34
2473,2021-03-02,LIG,4074,1689,2385,3753,310,11,ITC,ITC3,7,Liguria,Liguria,1550640,176283,11.37,0.26
2474,2021-07-11,LIG,2148,1191,957,1236,903,9,ITC,ITC3,7,Liguria,Liguria,1550640,178431,11.51,0.14
2475,2021-06-24,LIG,11114,5428,5686,6266,4835,13,ITC,ITC3,7,Liguria,Liguria,1550640,189545,12.22,0.72
2476,2021-04-02,LIG,11789,5220,6569,9207,2487,95,ITC,ITC3,7,Liguria,Liguria,1550640,201334,12.98,0.76
2477,2021-07-18,LIG,2382,1222,1160,391,1980,11,ITC,ITC3,7,Liguria,Liguria,1550640,203716,13.14,0.15
2478,2021-06-05,LIG,8091,4114,3977,4937,3152,2,ITC,ITC3,7,Liguria,Liguria,1550640,211807,13.66,0.52
2479,2021-04-09,LIG,12468,5561,6907,10551,1777,140,ITC,ITC3,7,Liguria,Liguria,1550640,224275,14.46,0.8
2480,2021-03-31,LIG,11925,5276,6649,9047,2770,108,ITC,ITC3,7,Liguria,Liguria,1550640,236200,15.23,0.77
2481,2021-04-26,LIG,10566,4985,5581,7844,2636,86,ITC,ITC3,7,Liguria,Liguria,1550640,246766,15.91,0.68
2482,2021-01-16,LIG,1278,557,721,1273,0,5,ITC,ITC3,7,Liguria,Liguria,1550640,248044,16.0,0.08
2483,2021-02-02,LIG,2673,1007,1666,127,2544,2,ITC,ITC3,7,Liguria,Liguria,1550640,250717,16.17,0.17
2484,2021-04-28,LIG,14461,6524,7937,6381,7987,93,ITC,ITC3,7,Liguria,Liguria,1550640,265178,17.1,0.93
2485,2021-02-04,LIG,2817,987,1830,178,2639,0,ITC,ITC3,7,Liguria,Liguria,1550640,267995,17.28,0.18
2486,2021-05-15,LIG,7320,3272,4048,4286,2955,79,ITC,ITC3,7,Liguria,Liguria,1550640,275315,17.75,0.47
2487,2021-02-21,LIG,869,491,378,857,4,8,ITC,ITC3,7,Liguria,Liguria,1550640,276184,17.81,0.06
2488,2021-01-28,LIG,2848,972,1876,39,2809,0,ITC,ITC3,7,Liguria,Liguria,1550640,279032,17.99,0.18
2489,2021-02-09,LIG,1952,694,1258,264,1686,2,ITC,ITC3,7,Liguria,Liguria,1550640,280984,18.12,0.13
2490,2021-04-23,LIG,14679,6640,8039,8450,6119,110,ITC,ITC3,7,Liguria,Liguria,1550640,295663,19.07,0.95
2491,2021-03-11,LIG,6401,3091,3310,4332,2012,57,ITC,ITC3,7,Liguria,Liguria,1550640,302064,19.48,0.41
2492,2021-01-13,LIG,2758,1014,1744,2757,0,1,ITC,ITC3,7,Liguria,Liguria,1550640,304822,19.66,0.18
2493,2021-01-23,LIG,810,296,514,154,656,0,ITC,ITC3,7,Liguria,Liguria,1550640,305632,19.71,0.05
2494,2021-06-29,LIG,15163,7221,7942,8700,6431,32,ITC,ITC3,7,Liguria,Liguria,1550640,320795,20.69,0.98
2495,2021-05-17,LIG,12034,5521,6513,8653,3329,52,ITC,ITC3,7,Liguria,Liguria,1550640,332829,21.46,0.78
2496,2021-01-30,LIG,1661,567,1094,23,1637,1,ITC,ITC3,7,Liguria,Liguria,1550640,334490,21.57,0.11
2497,2021-03-28,LIG,1141,511,630,378,751,12,ITC,ITC3,7,Liguria,Liguria,1550640,335631,21.64,0.07
2498,2021-03-07,LIG,1915,1138,777,1590,301,24,ITC,ITC3,7,Liguria,Liguria,1550640,337546,21.77,0.12
2499,2021-06-17,LIG,16684,7926,8758,9138,7527,19,ITC,ITC3,7,Liguria,Liguria,1550640,354230,22.84,1.08
2500,2021-04-21,LIG,14272,6446,7826,8845,5329,98,ITC,ITC3,7,Liguria,Liguria,1550640,368502,23.76,0.92
2501,2021-05-08,LIG,7529,3334,4195,2270,5215,44,ITC,ITC3,7,Liguria,Liguria,1550640,376031,24.25,0.49
2502,2021-01-25,LIG,2727,889,1838,477,2249,1,ITC,ITC3,7,Liguria,Liguria,1550640,378758,24.43,0.18
2503,2021-05-05,LIG,13716,6138,7578,5195,8418,103,ITC,ITC3,7,Liguria,Liguria,1550640,392474,25.31,0.88
2504,2021-01-21,LIG,1107,385,722,675,431,1,ITC,ITC3,7,Liguria,Liguria,1550640,393581,25.38,0.07
2505,2021-01-14,LIG,2983,1056,1927,2982,0,1,ITC,ITC3,7,Liguria,Liguria,1550640,396564,25.57,0.19
2506,2021-03-12,LIG,6216,2873,3343,3689,2470,57,ITC,ITC3,7,Liguria,Liguria,1550640,402780,25.98,0.4
2507,2021-01-09,LIG,1335,481,854,1334,0,1,ITC,ITC3,7,Liguria,Liguria,1550640,404115,26.06,0.09
2508,2021-04-19,LIG,12838,5619,7219,8919,3831,88,ITC,ITC3,7,Liguria,Liguria,1550640,416953,26.89,0.83
2509,2021-07-13,LIG,13063,6423,6640,3497,9544,22,ITC,ITC3,7,Liguria,Liguria,1550640,430016,27.73,0.84
2510,2020-12-28,LIG,80,30,50,80,0,0,ITC,ITC3,7,Liguria,Liguria,1550640,430096,27.74,0.01
2511,2021-06-03,LIG,15527,7693,7834,9149,6368,10,ITC,ITC3,7,Liguria,Liguria,1550640,445623,28.74,1.0
2512,2021-04-07,LIG,13682,6108,7574,11305,2288,89,ITC,ITC3,7,Liguria,Liguria,1550640,459305,29.62,0.88
2513,2021-02-23,LIG,3806,1559,2247,3657,109,40,ITC,ITC3,7,Liguria,Liguria,1550640,463111,29.87,0.25
2514,2021-06-14,LIG,15132,7306,7826,8274,6856,2,ITC,ITC3,7,Liguria,Liguria,1550640,478243,30.84,0.98
2515,2020-12-30,LIG,12,5,7,12,0,0,ITC,ITC3,7,Liguria,Liguria,1550640,478255,30.84,0.0
2516,2021-01-04,LIG,2616,855,1761,2615,0,1,ITC,ITC3,7,Liguria,Liguria,1550640,480871,31.01,0.17
2517,2021-06-21,LIG,14829,7034,7795,8574,6238,17,ITC,ITC3,7,Liguria,Liguria,1550640,495700,31.97,0.96
2518,2021-04-16,LIG,12001,5292,6709,10010,1829,162,ITC,ITC3,7,Liguria,Liguria,1550640,507701,32.74,0.77
2519,2021-01-06,LIG,1664,618,1046,1661,0,3,ITC,ITC3,7,Liguria,Liguria,1550640,509365,32.85,0.11
2520,2021-02-06,LIG,1892,768,1124,145,1747,0,ITC,ITC3,7,Liguria,Liguria,1550640,511257,32.97,0.12
2521,2021-06-02,LIG,8529,4341,4188,5360,3168,1,ITC,ITC3,7,Liguria,Liguria,1550640,519786,33.52,0.55
2522,2021-06-19,LIG,7410,3775,3635,5725,1666,19,ITC,ITC3,7,Liguria,Liguria,1550640,527196,34.0,0.48
2523,2021-02-18,LIG,2771,1128,1643,2425,335,11,ITC,ITC3,7,Liguria,Liguria,1550640,529967,34.18,0.18
2524,2021-03-16,LIG,6084,2731,3353,2310,3733,41,ITC,ITC3,7,Liguria,Liguria,1550640,536051,34.57,0.39
2525,2021-05-24,LIG,11872,5586,6286,9274,2496,102,ITC,ITC3,7,Liguria,Liguria,1550640,547923,35.34,0.77
2526,2021-05-07,LIG,13594,6041,7553,5734,7793,67,ITC,ITC3,7,Liguria,Liguria,1550640,561517,36.21,0.88
2527,2021-02-13,LIG,1080,508,572,797,280,3,ITC,ITC3,7,Liguria,Liguria,1550640,562597,36.28,0.07
2528,2021-06-07,LIG,15686,7654,8032,8666,7012,8,ITC,ITC3,7,Liguria,Liguria,1550640,578283,37.29,1.01
2529,2021-06-26,LIG,7211,3353,3858,4490,2708,13,ITC,ITC3,7,Liguria,Liguria,1550640,585494,37.76,0.47
2530,2021-06-28,LIG,11596,5606,5990,7254,4300,42,ITC,ITC3,7,Liguria,Liguria,1550640,597090,38.51,0.75
2531,2021-03-20,LIG,2316,995,1321,1124,1174,18,ITC,ITC3,7,Liguria,Liguria,1550640,599406,38.66,0.15
2532,2021-06-30,LIG,15066,7187,7879,8233,6789,44,ITC,ITC3,7,Liguria,Liguria,1550640,614472,39.63,0.97
2533,2021-05-14,LIG,13146,5863,7283,8634,4327,185,ITC,ITC3,7,Liguria,Liguria,1550640,627618,40.47,0.85
2534,2021-05-31,LIG,14711,7377,7334,9114,5514,83,ITC,ITC3,7,Liguria,Liguria,1550640,642329,41.42,0.95
2535,2021-03-09,LIG,5932,2754,3178,4440,1431,61,ITC,ITC3,7,Liguria,Liguria,1550640,648261,41.81,0.38
2536,2021-02-20,LIG,1335,637,698,1330,1,4,ITC,ITC3,7,Liguria,Liguria,1550640,649596,41.89,0.09
2537,2021-05-16,LIG,3705,1862,1843,2118,1560,27,ITC,ITC3,7,Liguria,Liguria,1550640,653301,42.13,0.24
2538,2021-02-22,LIG,3343,1476,1867,3191,142,10,ITC,ITC3,7,Liguria,Liguria,1550640,656644,42.35,0.22
2539,2021-02-25,LIG,3457,1349,2108,3307,130,20,ITC,ITC3,7,Liguria,Liguria,1550640,660101,42.57,0.22
2540,2021-03-04,LIG,4738,2118,2620,3834,847,57,ITC,ITC3,7,Liguria,Liguria,1550640,664839,42.88,0.31
2541,2021-06-12,LIG,10234,4977,5257,7479,2753,2,ITC,ITC3,7,Liguria,Liguria,1550640,675073,43.54,0.66
2542,2021-04-30,LIG,14422,6441,7981,5749,8568,105,ITC,ITC3,7,Liguria,Liguria,1550640,689495,44.47,0.93
2543,2021-07-01,LIG,13514,6513,7001,7355,6126,33,ITC,ITC3,7,Liguria,Liguria,1550640,703009,45.34,0.87
2544,2021-05-19,LIG,13572,5963,7609,10308,3120,144,ITC,ITC3,7,Liguria,Liguria,1550640,716581,46.21,0.88
2545,2021-03-23,LIG,9273,4221,5052,5980,3209,84,ITC,ITC3,7,Liguria,Liguria,1550640,725854,46.81,0.6
2546,2021-07-15,LIG,14741,7454,7287,5207,9463,71,ITC,ITC3,7,Liguria,Liguria,1550640,740595,47.76,0.95
2547,2021-02-01,LIG,2559,923,1636,90,2469,0,ITC,ITC3,7,Liguria,Liguria,1550640,743154,47.93,0.17
2548,2021-07-08,LIG,13592,6694,6898,6188,7366,38,ITC,ITC3,7,Liguria,Liguria,1550640,756746,48.8,0.88
2549,2021-05-12,LIG,12053,5460,6593,6593,5348,112,ITC,ITC3,7,Liguria,Liguria,1550640,768799,49.58,0.78
2550,2021-05-26,LIG,16668,8417,8251,12139,4374,155,ITC,ITC3,7,Liguria,Liguria,1550640,785467,50.65,1.07
2551,2021-03-30,LIG,12216,5428,6788,8740,3388,88,ITC,ITC3,7,Liguria,Liguria,1550640,797683,51.44,0.79
2552,2021-07-10,LIG,6892,3473,3419,2759,4125,8,ITC,ITC3,7,Liguria,Liguria,1550640,804575,51.89,0.44
2553,2021-04-04,LIG,756,366,390,499,249,8,ITC,ITC3,7,Liguria,Liguria,1550640,805331,51.94,0.05
2554,2021-04-18,LIG,2613,1164,1449,2072,468,73,ITC,ITC3,7,Liguria,Liguria,1550640,807944,52.1,0.17
2555,2021-01-08,LIG,2930,999,1931,2928,0,2,ITC,ITC3,7,Liguria,Liguria,1550640,810874,52.29,0.19
2556,2021-01-27,LIG,1744,603,1141,140,1603,1,ITC,ITC3,7,Liguria,Liguria,1550640,812618,52.41,0.11
2557,2021-05-21,LIG,12846,5956,6890,9576,3127,143,ITC,ITC3,7,Liguria,Liguria,1550640,825464,53.23,0.83
2558,2021-01-11,LIG,2655,992,1663,2654,0,1,ITC,ITC3,7,Liguria,Liguria,1550640,828119,53.4,0.17
2559,2021-07-12,LIG,13391,6425,6966,4164,9198,29,ITC,ITC3,7,Liguria,Liguria,1550640,841510,54.27,0.86
2560,2021-01-10,LIG,648,262,386,644,0,4,ITC,ITC3,7,Liguria,Liguria,1550640,842158,54.31,0.04
2561,2021-04-20,LIG,14240,6520,7720,9733,4352,155,ITC,ITC3,7,Liguria,Liguria,1550640,856398,55.23,0.92
2562,2021-01-15,LIG,2257,755,1502,2252,0,5,ITC,ITC3,7,Liguria,Liguria,1550640,858655,55.37,0.15
2563,2021-04-25,LIG,1935,920,1015,1506,415,14,ITC,ITC3,7,Liguria,Liguria,1550640,860590,55.5,0.12
2564,2021-03-13,LIG,3849,1637,2212,2949,855,45,ITC,ITC3,7,Liguria,Liguria,1550640,864439,55.75,0.25
2565,2021-06-23,LIG,14299,6842,7457,9093,5187,19,ITC,ITC3,7,Liguria,Liguria,1550640,878738,56.67,0.92
2566,2021-02-14,LIG,233,122,111,233,0,0,ITC,ITC3,7,Liguria,Liguria,1550640,878971,56.68,0.02
2567,2021-05-25,LIG,14261,6953,7308,10950,3181,130,ITC,ITC3,7,Liguria,Liguria,1550640,893232,57.6,0.92
2568,2021-03-22,LIG,7748,3470,4278,4737,2938,73,ITC,ITC3,7,Liguria,Liguria,1550640,900980,58.1,0.5
2569,2021-02-07,LIG,407,153,254,2,405,0,ITC,ITC3,7,Liguria,Liguria,1550640,901387,58.13,0.03
2570,2021-05-18,LIG,13467,6120,7347,10037,3293,137,ITC,ITC3,7,Liguria,Liguria,1550640,914854,59.0,0.87
2571,2021-07-19,LIG,12065,6017,6048,3387,8639,39,ITC,ITC3,7,Liguria,Liguria,1550640,926919,59.78,0.78
2572,2021-04-27,LIG,14799,6688,8111,7144,7587,68,ITC,ITC3,7,Liguria,Liguria,1550640,941718,60.73,0.95
2573,2021-02-03,LIG,2317,792,1525,54,2263,0,ITC,ITC3,7,Liguria,Liguria,1550640,944035,60.88,0.15
2574,2021-07-21,LIG,19157,9494,9663,3842,15272,43,ITC,ITC3,7,Liguria,Liguria,1550640,963192,62.12,1.24
2575,2021-04-29,LIG,15588,6983,8605,6618,8843,127,ITC,ITC3,7,Liguria,Liguria,1550640,978780,63.12,1.01
2576,2021-04-12,LIG,12391,5477,6914,10277,2019,95,ITC,ITC3,7,Liguria,Liguria,1550640,991171,63.92,0.8
2577,2021-01-19,LIG,1374,439,935,1280,90,4,ITC,ITC3,7,Liguria,Liguria,1550640,992545,64.01,0.09
2578,2021-02-05,LIG,2685,989,1696,305,2379,1,ITC,ITC3,7,Liguria,Liguria,1550640,995230,64.18,0.17
2579,2021-03-24,LIG,9180,4033,5147,5808,3287,85,ITC,ITC3,7,Liguria,Liguria,1550640,1004410,64.77,0.59
2580,2021-04-06,LIG,13249,5902,7347,10883,2260,106,ITC,ITC3,7,Liguria,Liguria,1550640,1017659,65.63,0.85
2581,2021-02-08,LIG,1979,742,1237,306,1673,0,ITC,ITC3,7,Liguria,Liguria,1550640,1019638,65.76,0.13
2582,2020-12-27,LIG,135,56,79,134,0,1,ITC,ITC3,7,Liguria,Liguria,1550640,1019773,65.76,0.01
2583,2021-06-11,LIG,17838,9081,8757,11766,6069,3,ITC,ITC3,7,Liguria,Liguria,1550640,1037611,66.92,1.15
2584,2021-04-15,LIG,11845,5237,6608,9889,1851,105,ITC,ITC3,7,Liguria,Liguria,1550640,1049456,67.68,0.76
2585,2021-04-08,LIG,13787,6179,7608,11589,2045,153,ITC,ITC3,7,Liguria,Liguria,1550640,1063243,68.57,0.89
2586,2021-07-17,LIG,6496,3350,3146,1816,4676,4,ITC,ITC3,7,Liguria,Liguria,1550640,1069739,68.99,0.42
2587,2021-06-04,LIG,14787,7258,7529,9293,5487,7,ITC,ITC3,7,Liguria,Liguria,1550640,1084526,69.94,0.95
2588,2021-03-06,LIG,3304,1842,1462,2550,705,49,ITC,ITC3,7,Liguria,Liguria,1550640,1087830,70.15,0.21
2589,2021-01-22,LIG,1820,604,1216,1330,487,3,ITC,ITC3,7,Liguria,Liguria,1550640,1089650,70.27,0.12
2590,2021-05-02,LIG,3978,1836,2142,505,3467,6,ITC,ITC3,7,Liguria,Liguria,1550640,1093628,70.53,0.26
2591,2021-05-04,LIG,13650,6088,7562,5338,8229,83,ITC,ITC3,7,Liguria,Liguria,1550640,1107278,71.41,0.88
2592,2021-02-17,LIG,2694,1184,1510,2254,428,12,ITC,ITC3,7,Liguria,Liguria,1550640,1109972,71.58,0.17
2593,2021-05-28,LIG,16294,8139,8155,11611,4538,145,ITC,ITC3,7,Liguria,Liguria,1550640,1126266,72.63,1.05
2594,2021-01-05,LIG,2879,896,1983,2879,0,0,ITC,ITC3,7,Liguria,Liguria,1550640,1129145,72.82,0.19
2595,2021-03-03,LIG,4581,1847,2734,3444,1027,110,ITC,ITC3,7,Liguria,Liguria,1550640,1133726,73.11,0.3
2596,2021-05-20,LIG,12932,6003,6929,8777,4027,128,ITC,ITC3,7,Liguria,Liguria,1550640,1146658,73.95,0.83
2597,2021-02-15,LIG,2262,839,1423,1855,397,10,ITC,ITC3,7,Liguria,Liguria,1550640,1148920,74.09,0.15
2598,2021-01-03,LIG,734,230,504,732,0,2,ITC,ITC3,7,Liguria,Liguria,1550640,1149654,74.14,0.05
2599,2021-01-07,LIG,3226,1095,2131,3223,0,3,ITC,ITC3,7,Liguria,Liguria,1550640,1152880,74.35,0.21
2600,2021-06-13,LIG,5616,2695,2921,5162,454,0,ITC,ITC3,7,Liguria,Liguria,1550640,1158496,74.71,0.36
2601,2021-04-17,LIG,7386,3219,4167,6564,751,71,ITC,ITC3,7,Liguria,Liguria,1550640,1165882,75.19,0.48
2602,2021-05-01,LIG,7143,3257,3886,1303,5801,39,ITC,ITC3,7,Liguria,Liguria,1550640,1173025,75.65,0.46
2603,2021-03-05,LIG,4869,2150,2719,3674,1132,63,ITC,ITC3,7,Liguria,Liguria,1550640,1177894,75.96,0.31
2604,2021-06-06,LIG,3809,2031,1778,2947,862,0,ITC,ITC3,7,Liguria,Liguria,1550640,1181703,76.21,0.25
2605,2021-04-24,LIG,8218,3795,4423,4959,3152,107,ITC,ITC3,7,Liguria,Liguria,1550640,1189921,76.74,0.53
2606,2021-02-26,LIG,3766,1524,2242,3412,329,25,ITC,ITC3,7,Liguria,Liguria,1550640,1193687,76.98,0.24
2607,2021-06-20,LIG,1335,658,677,1053,275,7,ITC,ITC3,7,Liguria,Liguria,1550640,1195022,77.07,0.09
2608,2021-02-27,LIG,1888,921,967,1750,129,9,ITC,ITC3,7,Liguria,Liguria,1550640,1196910,77.19,0.12
2609,2021-02-10,LIG,2316,837,1479,1015,1297,4,ITC,ITC3,7,Liguria,Liguria,1550640,1199226,77.34,0.15
2610,2021-03-18,LIG,4987,2125,2862,1971,2980,36,ITC,ITC3,7,Liguria,Liguria,1550640,1204213,77.66,0.32
2611,2021-04-01,LIG,12428,5512,6916,9568,2770,90,ITC,ITC3,7,Liguria,Liguria,1550640,1216641,78.46,0.8
2612,2021-07-02,LIG,12934,6352,6582,6439,6464,31,ITC,ITC3,7,Liguria,Liguria,1550640,1229575,79.29,0.83
2613,2020-12-31,LIG,990,353,637,990,0,0,ITC,ITC3,7,Liguria,Liguria,1550640,1230565,79.36,0.06
2614,2021-04-10,LIG,7888,3561,4327,6890,914,84,ITC,ITC3,7,Liguria,Liguria,1550640,1238453,79.87,0.51
2615,2021-01-17,LIG,866,301,565,865,0,1,ITC,ITC3,7,Liguria,Liguria,1550640,1239319,79.92,0.06
2616,2021-02-24,LIG,3764,1560,2204,3448,258,58,ITC,ITC3,7,Liguria,Liguria,1550640,1243083,80.17,0.24
2617,2020-12-29,LIG,125,33,92,125,0,0,ITC,ITC3,7,Liguria,Liguria,1550640,1243208,80.17,0.01
2618,2021-01-12,LIG,2474,890,1584,2473,0,1,ITC,ITC3,7,Liguria,Liguria,1550640,1245682,80.33,0.16
2619,2021-04-22,LIG,13865,6212,7653,8643,5084,138,ITC,ITC3,7,Liguria,Liguria,1550640,1259547,81.23,0.89
2620,2021-06-08,LIG,18094,9024,9070,11456,6629,9,ITC,ITC3,7,Liguria,Liguria,1550640,1277641,82.39,1.17
2621,2021-03-17,LIG,5552,2368,3184,2451,3079,22,ITC,ITC3,7,Liguria,Liguria,1550640,1283193,82.75,0.36
2622,2021-06-25,LIG,13799,6605,7194,6888,6897,14,ITC,ITC3,7,Liguria,Liguria,1550640,1296992,83.64,0.89
2623,2021-07-14,LIG,11460,5645,5815,3436,7999,25,ITC,ITC3,7,Liguria,Liguria,1550640,1308452,84.38,0.74
2624,2021-05-06,LIG,14523,6443,8080,6039,8328,156,ITC,ITC3,7,Liguria,Liguria,1550640,1322975,85.32,0.94
2625,2021-01-26,LIG,2488,807,1681,16,2472,0,ITC,ITC3,7,Liguria,Liguria,1550640,1325463,85.48,0.16
2626,2021-05-23,LIG,2305,1119,1186,1169,1123,13,ITC,ITC3,7,Liguria,Liguria,1550640,1327768,85.63,0.15
2627,2021-03-01,LIG,3539,1447,2092,3383,136,20,ITC,ITC3,7,Liguria,Liguria,1550640,1331307,85.86,0.23
2628,2021-06-09,LIG,19052,9559,9493,12483,6559,10,ITC,ITC3,7,Liguria,Liguria,1550640,1350359,87.08,1.23
2629,2021-04-03,LIG,5407,2499,2908,4428,943,36,ITC,ITC3,7,Liguria,Liguria,1550640,1355766,87.43,0.35
2630,2021-05-09,LIG,2824,1244,1580,1086,1709,29,ITC,ITC3,7,Liguria,Liguria,1550640,1358590,87.61,0.18
2631,2021-01-29,LIG,3082,1064,2018,67,3015,0,ITC,ITC3,7,Liguria,Liguria,1550640,1361672,87.81,0.2
2632,2021-01-20,LIG,1555,556,999,1542,12,1,ITC,ITC3,7,Liguria,Liguria,1550640,1363227,87.91,0.1
2633,2021-01-24,LIG,756,237,519,113,643,0,ITC,ITC3,7,Liguria,Liguria,1550640,1363983,87.96,0.05
2634,2021-06-27,LIG,1944,892,1052,691,1243,10,ITC,ITC3,7,Liguria,Liguria,1550640,1365927,88.09,0.13
2635,2021-02-12,LIG,1937,691,1246,895,1040,2,ITC,ITC3,7,Liguria,Liguria,1550640,1367864,88.21,0.12
2636,2021-07-09,LIG,12790,6306,6484,4226,8543,21,ITC,ITC3,7,Liguria,Liguria,1550640,1380654,89.04,0.82
2637,2021-04-05,LIG,3978,1753,2225,2303,1649,26,ITC,ITC3,7,Liguria,Liguria,1550640,1384632,89.29,0.26
2638,2021-07-16,LIG,12595,6209,6386,3151,9405,39,ITC,ITC3,7,Liguria,Liguria,1550640,1397227,90.11,0.81
2639,2021-03-15,LIG,7251,3098,4153,4495,2707,49,ITC,ITC3,7,Liguria,Liguria,1550640,1404478,90.57,0.47
2640,2021-05-11,LIG,13917,6390,7527,7181,6617,119,ITC,ITC3,7,Liguria,Liguria,1550640,1418395,91.47,0.9
2641,2021-03-29,LIG,10581,4620,5961,7344,3132,105,ITC,ITC3,7,Liguria,Liguria,1550640,1428976,92.15,0.68
2642,2021-01-31,LIG,624,270,354,9,615,0,ITC,ITC3,7,Liguria,Liguria,1550640,1429600,92.19,0.04
2643,2021-07-07,LIG,11733,5632,6101,4966,6747,20,ITC,ITC3,7,Liguria,Liguria,1550640,1441333,92.95,0.76
2644,2021-07-03,LIG,8799,4356,4443,5477,3309,13,ITC,ITC3,7,Liguria,Liguria,1550640,1450132,93.52,0.57
2645,2021-04-11,LIG,4247,1929,2318,3943,249,55,ITC,ITC3,7,Liguria,Liguria,1550640,1454379,93.79,0.27
2646,2021-07-20,LIG,13920,6862,7058,2754,11132,34,ITC,ITC3,7,Liguria,Liguria,1550640,1468299,94.69,0.9
2647,2021-01-18,LIG,2143,747,1396,1984,157,2,ITC,ITC3,7,Liguria,Liguria,1550640,1470442,94.83,0.14
2648,2021-07-22,LIG,21303,10828,10475,4631,16616,56,ITC,ITC3,7,Liguria,Liguria,1550640,1491745,96.2,1.37
2649,2021-06-16,LIG,16387,7914,8473,9265,7111,11,ITC,ITC3,7,Liguria,Liguria,1550640,1508132,97.26,1.06
2650,2021-03-08,LIG,5625,2460,3165,3895,1689,41,ITC,ITC3,7,Liguria,Liguria,1550640,1513757,97.62,0.36
2651,2021-03-25,LIG,9769,4232,5537,6227,3392,150,ITC,ITC3,7,Liguria,Liguria,1550640,1523526,98.25,0.63
2652,2021-01-01,LIG,145,55,90,145,0,0,ITC,ITC3,7,Liguria,Liguria,1550640,1523671,98.26,0.01
2653,2021-03-27,LIG,3932,1549,2383,2485,1395,52,ITC,ITC3,7,Liguria,Liguria,1550640,1527603,98.51,0.25
2654,2021-07-05,LIG,11868,5753,6115,5341,6491,36,ITC,ITC3,7,Liguria,Liguria,1550640,1539471,99.28,0.77
2655,2021-04-13,LIG,13082,5870,7212,10945,2025,112,ITC,ITC3,7,Liguria,Liguria,1550640,1552553,100.12,0.84
2656,2021-05-13,LIG,13301,6083,7218,8890,4246,165,ITC,ITC3,7,Liguria,Liguria,1550640,1565854,100.98,0.86
2657,2021-02-19,LIG,3218,1306,1912,2987,176,55,ITC,ITC3,7,Liguria,Liguria,1550640,1569072,101.19,0.21
2658,2021-05-30,LIG,3302,1613,1689,1348,1941,13,ITC,ITC3,7,Liguria,Liguria,1550640,1572374,101.4,0.21
2659,2021-06-01,LIG,16331,8222,8109,10961,5365,5,ITC,ITC3,7,Liguria,Liguria,1550640,1588705,102.45,1.05
2660,2021-06-18,LIG,15394,7494,7900,8183,7192,19,ITC,ITC3,7,Liguria,Liguria,1550640,1604099,103.45,0.99
2661,2021-03-10,LIG,5902,2863,3039,3927,1908,67,ITC,ITC3,7,Liguria,Liguria,1550640,1610001,103.83,0.38
2662,2021-01-16,SAR,1491,525,966,1491,0,0,ITG,ITG2,20,Sardegna,Sardegna,1639591,1491,0.09,0.09
2663,2021-04-09,SAR,12306,5470,6836,7829,4357,120,ITG,ITG2,20,Sardegna,Sardegna,1639591,13797,0.84,0.75
2664,2021-07-20,SAR,16145,7929,8216,3651,12404,90,ITG,ITG2,20,Sardegna,Sardegna,1639591,29942,1.83,0.98
2665,2021-04-11,SAR,5398,2444,2954,4251,1121,26,ITG,ITG2,20,Sardegna,Sardegna,1639591,35340,2.16,0.33
2666,2021-06-07,SAR,12562,6143,6419,9436,3004,122,ITG,ITG2,20,Sardegna,Sardegna,1639591,47902,2.92,0.77
2667,2021-02-04,SAR,2270,815,1455,910,1357,3,ITG,ITG2,20,Sardegna,Sardegna,1639591,50172,3.06,0.14
2668,2021-04-02,SAR,8984,3548,5436,5590,3243,151,ITG,ITG2,20,Sardegna,Sardegna,1639591,59156,3.61,0.55
2669,2021-05-19,SAR,17027,8667,8360,12632,4239,156,ITG,ITG2,20,Sardegna,Sardegna,1639591,76183,4.65,1.04
2670,2021-06-05,SAR,17880,8437,9443,11286,6460,134,ITG,ITG2,20,Sardegna,Sardegna,1639591,94063,5.74,1.09
2671,2021-02-25,SAR,2896,1254,1642,2261,604,31,ITG,ITG2,20,Sardegna,Sardegna,1639591,96959,5.91,0.18
2672,2021-03-14,SAR,605,377,228,596,0,9,ITG,ITG2,20,Sardegna,Sardegna,1639591,97564,5.95,0.04
2673,2021-04-23,SAR,12868,5747,7121,7243,5486,139,ITG,ITG2,20,Sardegna,Sardegna,1639591,110432,6.74,0.78
2674,2021-05-10,SAR,9741,4342,5399,7034,2538,169,ITG,ITG2,20,Sardegna,Sardegna,1639591,120173,7.33,0.59
2675,2021-01-30,SAR,3866,1393,2473,363,3503,0,ITG,ITG2,20,Sardegna,Sardegna,1639591,124039,7.57,0.24
2676,2021-07-01,SAR,19831,9763,10068,7256,12483,92,ITG,ITG2,20,Sardegna,Sardegna,1639591,143870,8.77,1.21
2677,2021-03-23,SAR,6411,2881,3530,5179,1080,152,ITG,ITG2,20,Sardegna,Sardegna,1639591,150281,9.17,0.39
2678,2021-07-15,SAR,18777,9237,9540,4647,14031,99,ITG,ITG2,20,Sardegna,Sardegna,1639591,169058,10.31,1.15
2679,2021-05-12,SAR,11137,5261,5876,7793,3138,206,ITG,ITG2,20,Sardegna,Sardegna,1639591,180195,10.99,0.68
2680,2021-02-11,SAR,1311,488,823,1200,111,0,ITG,ITG2,20,Sardegna,Sardegna,1639591,181506,11.07,0.08
2681,2021-05-24,SAR,14471,7256,7215,8354,5985,132,ITG,ITG2,20,Sardegna,Sardegna,1639591,195977,11.95,0.88
2682,2021-02-13,SAR,1446,562,884,1440,2,4,ITG,ITG2,20,Sardegna,Sardegna,1639591,197423,12.04,0.09
2683,2021-05-29,SAR,17994,8648,9346,13235,4592,167,ITG,ITG2,20,Sardegna,Sardegna,1639591,215417,13.14,1.1
2684,2021-02-18,SAR,1876,731,1145,1775,64,37,ITG,ITG2,20,Sardegna,Sardegna,1639591,217293,13.25,0.11
2685,2021-06-19,SAR,15341,7515,7826,9120,6122,99,ITG,ITG2,20,Sardegna,Sardegna,1639591,232634,14.19,0.94
2686,2021-07-06,SAR,15920,7718,8202,4664,11160,96,ITG,ITG2,20,Sardegna,Sardegna,1639591,248554,15.16,0.97
2687,2021-03-28,SAR,4532,1792,2740,4391,78,63,ITG,ITG2,20,Sardegna,Sardegna,1639591,253086,15.44,0.28
2688,2021-01-04,SAR,587,215,372,587,0,0,ITG,ITG2,20,Sardegna,Sardegna,1639591,253673,15.47,0.04
2689,2021-03-09,SAR,5529,2738,2791,4744,728,57,ITG,ITG2,20,Sardegna,Sardegna,1639591,259202,15.81,0.34
2690,2021-05-05,SAR,10175,4649,5526,7953,2027,195,ITG,ITG2,20,Sardegna,Sardegna,1639591,269377,16.43,0.62
2691,2021-07-13,SAR,17806,8524,9282,3253,14476,77,ITG,ITG2,20,Sardegna,Sardegna,1639591,287183,17.52,1.09
2692,2021-04-04,SAR,2,1,1,0,2,0,ITG,ITG2,20,Sardegna,Sardegna,1639591,287185,17.52,0.0
2693,2021-06-26,SAR,19129,9003,10126,5443,13611,75,ITG,ITG2,20,Sardegna,Sardegna,1639591,306314,18.68,1.17
2694,2021-05-07,SAR,14472,6635,7837,9718,4525,229,ITG,ITG2,20,Sardegna,Sardegna,1639591,320786,19.57,0.88
2695,2021-01-27,SAR,1414,498,916,78,1336,0,ITG,ITG2,20,Sardegna,Sardegna,1639591,322200,19.65,0.09
2696,2021-07-03,SAR,15839,7562,8277,3236,12572,31,ITG,ITG2,20,Sardegna,Sardegna,1639591,338039,20.62,0.97
2697,2021-04-30,SAR,11135,5301,5834,6756,4206,173,ITG,ITG2,20,Sardegna,Sardegna,1639591,349174,21.3,0.68
2698,2021-05-17,SAR,12819,6261,6558,9127,3545,147,ITG,ITG2,20,Sardegna,Sardegna,1639591,361993,22.08,0.78
2699,2021-02-06,SAR,1972,699,1273,564,1405,3,ITG,ITG2,20,Sardegna,Sardegna,1639591,363965,22.2,0.12
2700,2021-02-23,SAR,1565,1043,522,1270,280,15,ITG,ITG2,20,Sardegna,Sardegna,1639591,365530,22.29,0.1
2701,2021-05-02,SAR,5883,2670,3213,5215,577,91,ITG,ITG2,20,Sardegna,Sardegna,1639591,371413,22.65,0.36
2702,2020-12-28,SAR,65,25,40,65,0,0,ITG,ITG2,20,Sardegna,Sardegna,1639591,371478,22.66,0.0
2703,2021-06-14,SAR,13749,6640,7109,9995,3611,143,ITG,ITG2,20,Sardegna,Sardegna,1639591,385227,23.5,0.84
2704,2021-03-06,SAR,2635,1078,1557,781,1781,73,ITG,ITG2,20,Sardegna,Sardegna,1639591,387862,23.66,0.16
2705,2021-06-28,SAR,14991,7041,7950,3051,11875,65,ITG,ITG2,20,Sardegna,Sardegna,1639591,402853,24.57,0.91
2706,2021-04-06,SAR,7457,3122,4335,4971,2428,58,ITG,ITG2,20,Sardegna,Sardegna,1639591,410310,25.03,0.45
2707,2020-12-27,SAR,65,34,31,65,0,0,ITG,ITG2,20,Sardegna,Sardegna,1639591,410375,25.03,0.0
2708,2021-03-02,SAR,3034,1629,1405,1815,1153,66,ITG,ITG2,20,Sardegna,Sardegna,1639591,413409,25.21,0.19
2709,2021-04-28,SAR,9014,4277,4737,5167,3700,147,ITG,ITG2,20,Sardegna,Sardegna,1639591,422423,25.76,0.55
2710,2021-01-18,SAR,903,324,579,779,124,0,ITG,ITG2,20,Sardegna,Sardegna,1639591,423326,25.82,0.06
2711,2021-06-24,SAR,19194,9212,9982,8115,10978,101,ITG,ITG2,20,Sardegna,Sardegna,1639591,442520,26.99,1.17
2712,2021-03-16,SAR,4396,1953,2443,3434,922,40,ITG,ITG2,20,Sardegna,Sardegna,1639591,446916,27.26,0.27
2713,2021-04-21,SAR,12069,5552,6517,6439,5532,98,ITG,ITG2,20,Sardegna,Sardegna,1639591,458985,27.99,0.74
2714,2021-01-11,SAR,1182,504,678,1181,0,1,ITG,ITG2,20,Sardegna,Sardegna,1639591,460167,28.07,0.07
2715,2021-06-17,SAR,18469,8533,9936,9930,8417,122,ITG,ITG2,20,Sardegna,Sardegna,1639591,478636,29.19,1.13
2716,2021-06-12,SAR,14757,7195,7562,9940,4701,116,ITG,ITG2,20,Sardegna,Sardegna,1639591,493393,30.09,0.9
2717,2021-03-04,SAR,4363,2293,2070,3054,1255,54,ITG,ITG2,20,Sardegna,Sardegna,1639591,497756,30.36,0.27
2718,2021-03-21,SAR,4030,1809,2221,2571,1440,19,ITG,ITG2,20,Sardegna,Sardegna,1639591,501786,30.6,0.25
2719,2021-05-31,SAR,11366,5409,5957,8157,3110,99,ITG,ITG2,20,Sardegna,Sardegna,1639591,513152,31.3,0.69
2720,2021-04-18,SAR,5130,2225,2905,2230,2872,28,ITG,ITG2,20,Sardegna,Sardegna,1639591,518282,31.61,0.31
2721,2021-01-08,SAR,3257,1184,2073,3255,0,2,ITG,ITG2,20,Sardegna,Sardegna,1639591,521539,31.81,0.2
2722,2021-07-08,SAR,18439,8967,9472,3834,14522,83,ITG,ITG2,20,Sardegna,Sardegna,1639591,539978,32.93,1.12
2723,2021-04-16,SAR,14443,6487,7956,8940,5340,163,ITG,ITG2,20,Sardegna,Sardegna,1639591,554421,33.81,0.88
2724,2021-01-23,SAR,60,22,38,0,60,0,ITG,ITG2,20,Sardegna,Sardegna,1639591,554481,33.82,0.0
2725,2021-02-22,SAR,1638,948,690,1384,228,26,ITG,ITG2,20,Sardegna,Sardegna,1639591,556119,33.92,0.1
2726,2021-03-11,SAR,6414,3084,3330,5146,1200,68,ITG,ITG2,20,Sardegna,Sardegna,1639591,562533,34.31,0.39
2727,2021-06-16,SAR,17637,8278,9359,12169,5305,163,ITG,ITG2,20,Sardegna,Sardegna,1639591,580170,35.39,1.08
2728,2021-01-01,SAR,32,17,15,32,0,0,ITG,ITG2,20,Sardegna,Sardegna,1639591,580202,35.39,0.0
2729,2021-02-27,SAR,1915,642,1273,1318,556,41,ITG,ITG2,20,Sardegna,Sardegna,1639591,582117,35.5,0.12
2730,2021-07-22,SAR,18345,9272,9073,4501,13735,109,ITG,ITG2,20,Sardegna,Sardegna,1639591,600462,36.62,1.12
2731,2021-04-13,SAR,7618,3598,4020,5735,1825,58,ITG,ITG2,20,Sardegna,Sardegna,1639591,608080,37.09,0.46
2732,2021-06-09,SAR,15463,7367,8096,11575,3739,149,ITG,ITG2,20,Sardegna,Sardegna,1639591,623543,38.03,0.94
2733,2021-03-25,SAR,9107,3970,5137,7688,1303,116,ITG,ITG2,20,Sardegna,Sardegna,1639591,632650,38.59,0.56
2734,2021-05-21,SAR,22643,11206,11437,16263,6100,280,ITG,ITG2,20,Sardegna,Sardegna,1639591,655293,39.97,1.38
2735,2021-03-18,SAR,7255,3073,4182,5575,1607,73,ITG,ITG2,20,Sardegna,Sardegna,1639591,662548,40.41,0.44
2736,2021-05-14,SAR,14569,6866,7703,10765,3642,162,ITG,ITG2,20,Sardegna,Sardegna,1639591,677117,41.3,0.89
2737,2021-02-03,SAR,1119,419,700,424,694,1,ITG,ITG2,20,Sardegna,Sardegna,1639591,678236,41.37,0.07
2738,2021-07-10,SAR,14231,6885,7346,2704,11494,33,ITG,ITG2,20,Sardegna,Sardegna,1639591,692467,42.23,0.87
2739,2021-04-01,SAR,10153,4067,6086,7005,3012,136,ITG,ITG2,20,Sardegna,Sardegna,1639591,702620,42.85,0.62
2740,2021-02-08,SAR,1467,532,935,852,614,1,ITG,ITG2,20,Sardegna,Sardegna,1639591,704087,42.94,0.09
2741,2021-04-25,SAR,4497,2269,2228,3673,778,46,ITG,ITG2,20,Sardegna,Sardegna,1639591,708584,43.22,0.27
2742,2021-01-15,SAR,1559,572,987,1557,0,2,ITG,ITG2,20,Sardegna,Sardegna,1639591,710143,43.31,0.1
2743,2021-02-01,SAR,1523,605,918,224,1299,0,ITG,ITG2,20,Sardegna,Sardegna,1639591,711666,43.41,0.09
2744,2021-05-09,SAR,6127,2873,3254,5114,926,87,ITG,ITG2,20,Sardegna,Sardegna,1639591,717793,43.78,0.37
2745,2021-05-26,SAR,15533,8188,7345,9702,5647,184,ITG,ITG2,20,Sardegna,Sardegna,1639591,733326,44.73,0.95
2746,2021-02-15,SAR,955,347,608,918,31,6,ITG,ITG2,20,Sardegna,Sardegna,1639591,734281,44.78,0.06
2747,2021-01-13,SAR,574,178,396,574,0,0,ITG,ITG2,20,Sardegna,Sardegna,1639591,734855,44.82,0.04
2748,2021-07-17,SAR,12871,6301,6570,3179,9625,67,ITG,ITG2,20,Sardegna,Sardegna,1639591,747726,45.6,0.79
2749,2021-03-08,SAR,4686,2433,2253,3421,1222,43,ITG,ITG2,20,Sardegna,Sardegna,1639591,752412,45.89,0.29
2750,2021-05-04,SAR,9539,4385,5154,7541,1853,145,ITG,ITG2,20,Sardegna,Sardegna,1639591,761951,46.47,0.58
2751,2021-01-24,SAR,90,34,56,5,85,0,ITG,ITG2,20,Sardegna,Sardegna,1639591,762041,46.48,0.01
2752,2021-01-20,SAR,210,77,133,208,2,0,ITG,ITG2,20,Sardegna,Sardegna,1639591,762251,46.49,0.01
2753,2021-03-29,SAR,4736,1845,2891,4071,588,77,ITG,ITG2,20,Sardegna,Sardegna,1639591,766987,46.78,0.29
2754,2021-04-15,SAR,11844,5537,6307,6778,4955,111,ITG,ITG2,20,Sardegna,Sardegna,1639591,778831,47.5,0.72
2755,2021-01-05,SAR,1321,443,878,1321,0,0,ITG,ITG2,20,Sardegna,Sardegna,1639591,780152,47.58,0.08
2756,2021-01-22,SAR,83,47,36,55,28,0,ITG,ITG2,20,Sardegna,Sardegna,1639591,780235,47.59,0.01
2757,2021-04-17,SAR,10077,4499,5578,5403,4596,78,ITG,ITG2,20,Sardegna,Sardegna,1639591,790312,48.2,0.61
2758,2021-06-02,SAR,9785,4691,5094,8059,1640,86,ITG,ITG2,20,Sardegna,Sardegna,1639591,800097,48.8,0.6
2759,2021-04-20,SAR,10991,4988,6003,7693,3207,91,ITG,ITG2,20,Sardegna,Sardegna,1639591,811088,49.47,0.67
2760,2021-01-25,SAR,591,214,377,22,569,0,ITG,ITG2,20,Sardegna,Sardegna,1639591,811679,49.5,0.04
2761,2021-05-16,SAR,8221,3831,4390,5985,2160,76,ITG,ITG2,20,Sardegna,Sardegna,1639591,819900,50.01,0.5
2762,2021-07-12,SAR,15334,7413,7921,2403,12876,55,ITG,ITG2,20,Sardegna,Sardegna,1639591,835234,50.94,0.94
2763,2021-07-05,SAR,15582,7572,8010,3327,12206,49,ITG,ITG2,20,Sardegna,Sardegna,1639591,850816,51.89,0.95
2764,2021-05-28,SAR,17953,8698,9255,13489,4276,188,ITG,ITG2,20,Sardegna,Sardegna,1639591,868769,52.99,1.09
2765,2021-02-17,SAR,1404,577,827,1273,74,57,ITG,ITG2,20,Sardegna,Sardegna,1639591,870173,53.07,0.09
2766,2021-05-25,SAR,15140,7703,7437,8489,6476,175,ITG,ITG2,20,Sardegna,Sardegna,1639591,885313,54.0,0.92
2767,2021-06-11,SAR,14781,7024,7757,9093,5536,152,ITG,ITG2,20,Sardegna,Sardegna,1639591,900094,54.9,0.9
2768,2021-03-03,SAR,4112,2277,1835,2739,1297,76,ITG,ITG2,20,Sardegna,Sardegna,1639591,904206,55.15,0.25
2769,2021-03-20,SAR,5194,2075,3119,2891,2277,26,ITG,ITG2,20,Sardegna,Sardegna,1639591,909400,55.47,0.32
2770,2021-06-13,SAR,9498,4674,4824,6158,3260,80,ITG,ITG2,20,Sardegna,Sardegna,1639591,918898,56.04,0.58
2771,2021-06-18,SAR,16485,7504,8981,8604,7766,115,ITG,ITG2,20,Sardegna,Sardegna,1639591,935383,57.05,1.01
2772,2021-03-10,SAR,6052,2955,3097,5137,853,62,ITG,ITG2,20,Sardegna,Sardegna,1639591,941435,57.42,0.37
2773,2021-05-06,SAR,12953,6010,6943,9567,3148,238,ITG,ITG2,20,Sardegna,Sardegna,1639591,954388,58.21,0.79
2774,2021-03-01,SAR,2267,1156,1111,1582,659,26,ITG,ITG2,20,Sardegna,Sardegna,1639591,956655,58.35,0.14
2775,2021-05-13,SAR,12371,5861,6510,8725,3446,200,ITG,ITG2,20,Sardegna,Sardegna,1639591,969026,59.1,0.75
2776,2021-02-02,SAR,1499,669,830,257,1242,0,ITG,ITG2,20,Sardegna,Sardegna,1639591,970525,59.19,0.09
2777,2021-05-15,SAR,13793,6424,7369,10197,3433,163,ITG,ITG2,20,Sardegna,Sardegna,1639591,984318,60.03,0.84
2778,2021-07-11,SAR,6376,3117,3259,1424,4917,35,ITG,ITG2,20,Sardegna,Sardegna,1639591,990694,60.42,0.39
2779,2021-01-26,SAR,1337,454,883,27,1310,0,ITG,ITG2,20,Sardegna,Sardegna,1639591,992031,60.5,0.08
2780,2021-01-03,SAR,90,36,54,90,0,0,ITG,ITG2,20,Sardegna,Sardegna,1639591,992121,60.51,0.01
2781,2021-07-07,SAR,15903,7727,8176,4085,11767,51,ITG,ITG2,20,Sardegna,Sardegna,1639591,1008024,61.48,0.97
2782,2021-06-22,SAR,19340,8991,10349,7169,12069,102,ITG,ITG2,20,Sardegna,Sardegna,1639591,1027364,62.66,1.18
2783,2021-07-09,SAR,15876,7600,8276,3433,12363,80,ITG,ITG2,20,Sardegna,Sardegna,1639591,1043240,63.63,0.97
2784,2021-03-31,SAR,10253,4149,6104,7701,2430,122,ITG,ITG2,20,Sardegna,Sardegna,1639591,1053493,64.25,0.63
2785,2021-02-05,SAR,1898,750,1148,431,1465,2,ITG,ITG2,20,Sardegna,Sardegna,1639591,1055391,64.37,0.12
2786,2021-04-03,SAR,4674,1809,2865,2641,1970,63,ITG,ITG2,20,Sardegna,Sardegna,1639591,1060065,64.65,0.29
2787,2021-05-30,SAR,9727,4836,4891,7300,2357,70,ITG,ITG2,20,Sardegna,Sardegna,1639591,1069792,65.25,0.59
2788,2021-02-19,SAR,1497,470,1027,1398,56,43,ITG,ITG2,20,Sardegna,Sardegna,1639591,1071289,65.34,0.09
2789,2021-07-21,SAR,19401,9500,9901,3916,15401,84,ITG,ITG2,20,Sardegna,Sardegna,1639591,1090690,66.52,1.18
2790,2021-02-10,SAR,1958,765,1193,1434,518,6,ITG,ITG2,20,Sardegna,Sardegna,1639591,1092648,66.64,0.12
2791,2021-02-20,SAR,2040,854,1186,1683,334,23,ITG,ITG2,20,Sardegna,Sardegna,1639591,1094688,66.77,0.12
2792,2021-04-29,SAR,11121,5105,6016,6618,4352,151,ITG,ITG2,20,Sardegna,Sardegna,1639591,1105809,67.44,0.68
2793,2021-06-25,SAR,16497,7804,8693,3895,12545,57,ITG,ITG2,20,Sardegna,Sardegna,1639591,1122306,68.45,1.01
2794,2021-01-10,SAR,2176,748,1428,2176,0,0,ITG,ITG2,20,Sardegna,Sardegna,1639591,1124482,68.58,0.13
2795,2021-04-12,SAR,6993,3180,3813,5216,1713,64,ITG,ITG2,20,Sardegna,Sardegna,1639591,1131475,69.01,0.43
2796,2021-01-02,SAR,60,21,39,60,0,0,ITG,ITG2,20,Sardegna,Sardegna,1639591,1131535,69.01,0.0
2797,2021-06-08,SAR,14830,7070,7760,11172,3505,153,ITG,ITG2,20,Sardegna,Sardegna,1639591,1146365,69.92,0.9
2798,2021-02-28,SAR,367,169,198,139,226,2,ITG,ITG2,20,Sardegna,Sardegna,1639591,1146732,69.94,0.02
2799,2021-04-26,SAR,6856,3275,3581,5865,903,88,ITG,ITG2,20,Sardegna,Sardegna,1639591,1153588,70.36,0.42
2800,2021-05-08,SAR,13084,5971,7113,10669,2285,130,ITG,ITG2,20,Sardegna,Sardegna,1639591,1166672,71.16,0.8
2801,2021-03-27,SAR,5733,2192,3541,5224,422,87,ITG,ITG2,20,Sardegna,Sardegna,1639591,1172405,71.51,0.35
2802,2021-05-23,SAR,9965,4807,5158,7624,2245,96,ITG,ITG2,20,Sardegna,Sardegna,1639591,1182370,72.11,0.61
2803,2021-02-12,SAR,2236,933,1303,2172,59,5,ITG,ITG2,20,Sardegna,Sardegna,1639591,1184606,72.25,0.14
2804,2021-07-19,SAR,14730,7394,7336,2705,11975,50,ITG,ITG2,20,Sardegna,Sardegna,1639591,1199336,73.15,0.9
2805,2021-04-10,SAR,10494,4748,5746,8455,1939,100,ITG,ITG2,20,Sardegna,Sardegna,1639591,1209830,73.79,0.64
2806,2021-01-07,SAR,3103,1072,2031,3099,0,4,ITG,ITG2,20,Sardegna,Sardegna,1639591,1212933,73.98,0.19
2807,2021-06-10,SAR,17809,8477,9332,11643,6040,126,ITG,ITG2,20,Sardegna,Sardegna,1639591,1230742,75.06,1.09
2808,2020-12-31,SAR,32,16,16,32,0,0,ITG,ITG2,20,Sardegna,Sardegna,1639591,1230774,75.07,0.0
2809,2021-06-30,SAR,17779,8516,9263,4814,12884,81,ITG,ITG2,20,Sardegna,Sardegna,1639591,1248553,76.15,1.08
2810,2021-03-22,SAR,3687,1492,2195,3099,513,75,ITG,ITG2,20,Sardegna,Sardegna,1639591,1252240,76.38,0.22
2811,2021-04-08,SAR,13437,5936,7501,8209,5119,109,ITG,ITG2,20,Sardegna,Sardegna,1639591,1265677,77.19,0.82
2812,2021-07-14,SAR,16911,8193,8718,3776,13024,111,ITG,ITG2,20,Sardegna,Sardegna,1639591,1282588,78.23,1.03
2813,2020-12-29,SAR,57,32,25,57,0,0,ITG,ITG2,20,Sardegna,Sardegna,1639591,1282645,78.23,0.0
2814,2021-04-22,SAR,10505,4662,5843,5502,4919,84,ITG,ITG2,20,Sardegna,Sardegna,1639591,1293150,78.87,0.64
2815,2021-01-12,SAR,865,408,457,865,0,0,ITG,ITG2,20,Sardegna,Sardegna,1639591,1294015,78.92,0.05
2816,2021-05-11,SAR,8918,4146,4772,6398,2393,127,ITG,ITG2,20,Sardegna,Sardegna,1639591,1302933,79.47,0.54
2817,2021-06-03,SAR,16394,7643,8751,10566,5688,140,ITG,ITG2,20,Sardegna,Sardegna,1639591,1319327,80.47,1.0
2818,2021-06-20,SAR,6292,2805,3487,3636,2624,32,ITG,ITG2,20,Sardegna,Sardegna,1639591,1325619,80.85,0.38
2819,2021-03-12,SAR,5970,2617,3353,4519,1306,145,ITG,ITG2,20,Sardegna,Sardegna,1639591,1331589,81.21,0.36
2820,2021-06-01,SAR,14319,6654,7665,9636,4589,94,ITG,ITG2,20,Sardegna,Sardegna,1639591,1345908,82.09,0.87
2821,2021-02-21,SAR,1588,709,879,1557,30,1,ITG,ITG2,20,Sardegna,Sardegna,1639591,1347496,82.18,0.1
2822,2021-04-19,SAR,10185,4622,5563,8626,1427,132,ITG,ITG2,20,Sardegna,Sardegna,1639591,1357681,82.81,0.62
2823,2021-01-09,SAR,4013,1414,2599,4013,0,0,ITG,ITG2,20,Sardegna,Sardegna,1639591,1361694,83.05,0.24
2824,2021-06-15,SAR,14695,6809,7886,9821,4740,134,ITG,ITG2,20,Sardegna,Sardegna,1639591,1376389,83.95,0.9
2825,2021-03-07,SAR,1658,751,907,1113,541,4,ITG,ITG2,20,Sardegna,Sardegna,1639591,1378047,84.05,0.1
2826,2021-01-31,SAR,2117,749,1368,45,2072,0,ITG,ITG2,20,Sardegna,Sardegna,1639591,1380164,84.18,0.13
2827,2021-02-14,SAR,538,263,275,536,2,0,ITG,ITG2,20,Sardegna,Sardegna,1639591,1380702,84.21,0.03
2828,2021-07-18,SAR,5691,2873,2818,981,4700,10,ITG,ITG2,20,Sardegna,Sardegna,1639591,1386393,84.56,0.35
2829,2021-04-05,SAR,2035,783,1252,2003,1,31,ITG,ITG2,20,Sardegna,Sardegna,1639591,1388428,84.68,0.12
2830,2021-06-29,SAR,17891,8605,9286,3755,14088,48,ITG,ITG2,20,Sardegna,Sardegna,1639591,1406319,85.77,1.09
2831,2021-01-29,SAR,2958,1072,1886,45,2911,2,ITG,ITG2,20,Sardegna,Sardegna,1639591,1409277,85.95,0.18
2832,2021-01-28,SAR,2974,1045,1929,69,2905,0,ITG,ITG2,20,Sardegna,Sardegna,1639591,1412251,86.13,0.18
2833,2021-07-02,SAR,18927,8886,10041,4407,14424,96,ITG,ITG2,20,Sardegna,Sardegna,1639591,1431178,87.29,1.15
2834,2021-04-27,SAR,7617,3554,4063,5476,2042,99,ITG,ITG2,20,Sardegna,Sardegna,1639591,1438795,87.75,0.46
2835,2021-01-17,SAR,859,277,582,858,1,0,ITG,ITG2,20,Sardegna,Sardegna,1639591,1439654,87.81,0.05
2836,2021-03-15,SAR,2797,1317,1480,2383,374,40,ITG,ITG2,20,Sardegna,Sardegna,1639591,1442451,87.98,0.17
2837,2021-07-04,SAR,8206,3988,4218,2068,6123,15,ITG,ITG2,20,Sardegna,Sardegna,1639591,1450657,88.48,0.5
2838,2021-03-26,SAR,8458,3513,4945,6811,1527,120,ITG,ITG2,20,Sardegna,Sardegna,1639591,1459115,88.99,0.52
2839,2021-05-22,SAR,24841,11952,12889,19398,5138,305,ITG,ITG2,20,Sardegna,Sardegna,1639591,1483956,90.51,1.52
2840,2021-05-27,SAR,17822,9260,8562,12080,5534,208,ITG,ITG2,20,Sardegna,Sardegna,1639591,1501778,91.59,1.09
2841,2021-02-16,SAR,699,289,410,663,27,9,ITG,ITG2,20,Sardegna,Sardegna,1639591,1502477,91.64,0.04
2842,2021-03-05,SAR,5203,2602,2601,2814,2354,35,ITG,ITG2,20,Sardegna,Sardegna,1639591,1507680,91.95,0.32
2843,2021-03-19,SAR,7260,3045,4215,4991,2216,53,ITG,ITG2,20,Sardegna,Sardegna,1639591,1514940,92.4,0.44
2844,2021-01-19,SAR,746,269,477,690,55,1,ITG,ITG2,20,Sardegna,Sardegna,1639591,1515686,92.44,0.05
2845,2021-03-17,SAR,6549,2846,3703,4904,1608,37,ITG,ITG2,20,Sardegna,Sardegna,1639591,1522235,92.84,0.4
2846,2021-06-27,SAR,9017,4310,4707,2956,6033,28,ITG,ITG2,20,Sardegna,Sardegna,1639591,1531252,93.39,0.55
2847,2021-03-24,SAR,7393,3105,4288,5905,1356,132,ITG,ITG2,20,Sardegna,Sardegna,1639591,1538645,93.84,0.45
2848,2021-07-16,SAR,16934,8473,8461,4552,12248,134,ITG,ITG2,20,Sardegna,Sardegna,1639591,1555579,94.88,1.03
2849,2021-04-07,SAR,13546,6050,7496,7825,5653,68,ITG,ITG2,20,Sardegna,Sardegna,1639591,1569125,95.7,0.83
2850,2021-04-24,SAR,10357,4846,5511,7890,2339,128,ITG,ITG2,20,Sardegna,Sardegna,1639591,1579482,96.33,0.63
2851,2021-01-14,SAR,1105,425,680,1105,0,0,ITG,ITG2,20,Sardegna,Sardegna,1639591,1580587,96.4,0.07
2852,2021-06-04,SAR,14480,6931,7549,9769,4554,157,ITG,ITG2,20,Sardegna,Sardegna,1639591,1595067,97.28,0.88
2853,2021-06-21,SAR,14018,6732,7286,5122,8824,72,ITG,ITG2,20,Sardegna,Sardegna,1639591,1609085,98.14,0.85
2854,2021-03-13,SAR,2756,1075,1681,2436,281,39,ITG,ITG2,20,Sardegna,Sardegna,1639591,1611841,98.31,0.17
2855,2021-03-30,SAR,8757,3582,5175,6345,2274,138,ITG,ITG2,20,Sardegna,Sardegna,1639591,1620598,98.84,0.53
2856,2021-01-06,SAR,1613,547,1066,1613,0,0,ITG,ITG2,20,Sardegna,Sardegna,1639591,1622211,98.94,0.1
2857,2021-06-23,SAR,20539,9665,10874,6191,14257,91,ITG,ITG2,20,Sardegna,Sardegna,1639591,1642750,100.19,1.25
2858,2021-05-18,SAR,14752,7379,7373,9446,5201,105,ITG,ITG2,20,Sardegna,Sardegna,1639591,1657502,101.09,0.9
2859,2021-02-24,SAR,2412,1295,1117,2183,193,36,ITG,ITG2,20,Sardegna,Sardegna,1639591,1659914,101.24,0.15
2860,2021-06-06,SAR,10034,5001,5033,6314,3651,69,ITG,ITG2,20,Sardegna,Sardegna,1639591,1669948,101.85,0.61
2861,2021-07-23,SAR,11830,5814,6016,2203,9577,50,ITG,ITG2,20,Sardegna,Sardegna,1639591,1681778,102.57,0.72
2862,2021-04-14,SAR,8262,3907,4355,6964,1238,60,ITG,ITG2,20,Sardegna,Sardegna,1639591,1690040,103.08,0.5
2863,2021-05-01,SAR,9915,4764,5151,5368,4455,92,ITG,ITG2,20,Sardegna,Sardegna,1639591,1699955,103.68,0.6
2864,2021-01-21,SAR,127,61,66,94,33,0,ITG,ITG2,20,Sardegna,Sardegna,1639591,1700082,103.69,0.01
2865,2021-02-07,SAR,1119,396,723,227,891,1,ITG,ITG2,20,Sardegna,Sardegna,1639591,1701201,103.76,0.07
2866,2021-05-03,SAR,8190,3823,4367,6490,1598,102,ITG,ITG2,20,Sardegna,Sardegna,1639591,1709391,104.26,0.5
2867,2021-05-20,SAR,16365,7882,8483,11271,4894,200,ITG,ITG2,20,Sardegna,Sardegna,1639591,1725756,105.26,1.0
2868,2021-02-09,SAR,2285,835,1450,1284,996,5,ITG,ITG2,20,Sardegna,Sardegna,1639591,1728041,105.39,0.14
2869,2021-02-26,SAR,2798,1106,1692,2444,306,48,ITG,ITG2,20,Sardegna,Sardegna,1639591,1730839,105.57,0.17
2870,2021-06-19,SIC,44263,21044,23219,18753,25192,318,ITG,ITG1,19,Sicilia,Sicilia,4999891,44263,0.89,0.89
2871,2021-04-23,SIC,28566,13696,14870,22364,5837,365,ITG,ITG1,19,Sicilia,Sicilia,4999891,72829,1.46,0.57
2872,2021-06-26,SIC,37250,17771,19479,16356,20596,298,ITG,ITG1,19,Sicilia,Sicilia,4999891,110079,2.2,0.75
2873,2021-04-30,SIC,35023,16344,18679,23541,11031,451,ITG,ITG1,19,Sicilia,Sicilia,4999891,145102,2.9,0.7
2874,2021-02-13,SIC,2978,1123,1855,2687,255,36,ITG,ITG1,19,Sicilia,Sicilia,4999891,148080,2.96,0.06
2875,2021-05-24,SIC,35873,17436,18437,15588,20052,233,ITG,ITG1,19,Sicilia,Sicilia,4999891,183953,3.68,0.72
2876,2021-05-17,SIC,31900,15395,16505,18997,12617,286,ITG,ITG1,19,Sicilia,Sicilia,4999891,215853,4.32,0.64
2877,2021-03-21,SIC,15218,7341,7877,11181,3969,68,ITG,ITG1,19,Sicilia,Sicilia,4999891,231071,4.62,0.3
2878,2021-02-06,SIC,4700,2099,2601,1445,3234,21,ITG,ITG1,19,Sicilia,Sicilia,4999891,235771,4.72,0.09
2879,2021-04-11,SIC,15367,7590,7777,8234,7030,103,ITG,ITG1,19,Sicilia,Sicilia,4999891,251138,5.02,0.31
2880,2021-07-20,SIC,48480,23616,24864,12802,35329,349,ITG,ITG1,19,Sicilia,Sicilia,4999891,299618,5.99,0.97
2881,2020-12-30,SIC,185,109,76,184,0,1,ITG,ITG1,19,Sicilia,Sicilia,4999891,299803,6.0,0.0
2882,2021-01-16,SIC,2716,1211,1505,2695,0,21,ITG,ITG1,19,Sicilia,Sicilia,4999891,302519,6.05,0.05
2883,2021-07-01,SIC,30959,14062,16897,10720,19984,255,ITG,ITG1,19,Sicilia,Sicilia,4999891,333478,6.67,0.62
2884,2021-04-09,SIC,20272,9875,10397,10946,9076,250,ITG,ITG1,19,Sicilia,Sicilia,4999891,353750,7.08,0.41
2885,2021-03-23,SIC,20941,10080,10861,15224,5565,152,ITG,ITG1,19,Sicilia,Sicilia,4999891,374691,7.49,0.42
2886,2021-02-25,SIC,9941,5204,4737,8691,1164,86,ITG,ITG1,19,Sicilia,Sicilia,4999891,384632,7.69,0.2
2887,2021-06-05,SIC,59930,28508,31422,48733,10578,619,ITG,ITG1,19,Sicilia,Sicilia,4999891,444562,8.89,1.2
2888,2021-03-14,SIC,8774,3927,4847,4886,3837,51,ITG,ITG1,19,Sicilia,Sicilia,4999891,453336,9.07,0.18
2889,2021-02-11,SIC,5236,2059,3177,4656,463,117,ITG,ITG1,19,Sicilia,Sicilia,4999891,458572,9.17,0.1
2890,2021-06-24,SIC,42272,19624,22648,17571,24347,354,ITG,ITG1,19,Sicilia,Sicilia,4999891,500844,10.02,0.85
2891,2021-06-07,SIC,49679,23412,26267,41114,8036,529,ITG,ITG1,19,Sicilia,Sicilia,4999891,550523,11.01,0.99
2892,2021-01-25,SIC,7435,3681,3754,279,7149,7,ITG,ITG1,19,Sicilia,Sicilia,4999891,557958,11.16,0.15
2893,2021-05-05,SIC,26310,12191,14119,16257,9628,425,ITG,ITG1,19,Sicilia,Sicilia,4999891,584268,11.69,0.53
2894,2021-05-19,SIC,42853,20759,22094,28186,14301,366,ITG,ITG1,19,Sicilia,Sicilia,4999891,627121,12.54,0.86
2895,2021-01-30,SIC,7698,3537,4161,163,7533,2,ITG,ITG1,19,Sicilia,Sicilia,4999891,634819,12.7,0.15
2896,2021-03-28,SIC,10983,5148,5835,6910,4011,62,ITG,ITG1,19,Sicilia,Sicilia,4999891,645802,12.92,0.22
2897,2021-07-15,SIC,48334,22441,25893,7991,40082,261,ITG,ITG1,19,Sicilia,Sicilia,4999891,694136,13.88,0.97
2898,2021-04-04,SIC,6805,3322,3483,5451,1292,62,ITG,ITG1,19,Sicilia,Sicilia,4999891,700941,14.02,0.14
2899,2021-05-31,SIC,38079,17145,20934,21271,16511,297,ITG,ITG1,19,Sicilia,Sicilia,4999891,739020,14.78,0.76
2900,2021-03-02,SIC,14754,6371,8383,11864,2777,113,ITG,ITG1,19,Sicilia,Sicilia,4999891,753774,15.08,0.3
2901,2021-01-04,SIC,8437,4217,4220,8392,0,45,ITG,ITG1,19,Sicilia,Sicilia,4999891,762211,15.24,0.17
2902,2021-01-18,SIC,1597,654,943,1431,155,11,ITG,ITG1,19,Sicilia,Sicilia,4999891,763808,15.28,0.03
2903,2021-04-28,SIC,29268,13715,15553,19731,9154,383,ITG,ITG1,19,Sicilia,Sicilia,4999891,793076,15.86,0.59
2904,2021-02-04,SIC,6753,3076,3677,1423,5301,29,ITG,ITG1,19,Sicilia,Sicilia,4999891,799829,16.0,0.14
2905,2021-01-01,SIC,819,438,381,815,0,4,ITG,ITG1,19,Sicilia,Sicilia,4999891,800648,16.01,0.02
2906,2021-04-20,SIC,18996,9004,9992,13456,5248,292,ITG,ITG1,19,Sicilia,Sicilia,4999891,819644,16.39,0.38
2907,2021-03-04,SIC,15228,6689,8539,10985,4117,126,ITG,ITG1,19,Sicilia,Sicilia,4999891,834872,16.7,0.3
2908,2021-06-12,SIC,45780,22394,23386,39368,5888,524,ITG,ITG1,19,Sicilia,Sicilia,4999891,880652,17.61,0.92
2909,2021-05-07,SIC,36562,17262,19300,24621,11614,327,ITG,ITG1,19,Sicilia,Sicilia,4999891,917214,18.34,0.73
2910,2021-03-11,SIC,15434,6700,8734,12876,2418,140,ITG,ITG1,19,Sicilia,Sicilia,4999891,932648,18.65,0.31
2911,2021-01-27,SIC,7296,3714,3582,175,7120,1,ITG,ITG1,19,Sicilia,Sicilia,4999891,939944,18.8,0.15
2912,2021-01-13,SIC,5180,2440,2740,5146,0,34,ITG,ITG1,19,Sicilia,Sicilia,4999891,945124,18.9,0.1
2913,2020-12-28,SIC,218,132,86,217,0,1,ITG,ITG1,19,Sicilia,Sicilia,4999891,945342,18.91,0.0
2914,2021-06-16,SIC,40403,18789,21614,21243,18803,357,ITG,ITG1,19,Sicilia,Sicilia,4999891,985745,19.72,0.81
2915,2021-03-16,SIC,9621,4322,5299,3555,5998,68,ITG,ITG1,19,Sicilia,Sicilia,4999891,995366,19.91,0.19
2916,2021-07-08,SIC,38342,17470,20872,6524,31601,217,ITG,ITG1,19,Sicilia,Sicilia,4999891,1033708,20.67,0.77
2917,2021-02-27,SIC,12235,5501,6734,10935,1204,96,ITG,ITG1,19,Sicilia,Sicilia,4999891,1045943,20.92,0.24
2918,2021-07-12,SIC,48974,22573,26401,6469,42310,195,ITG,ITG1,19,Sicilia,Sicilia,4999891,1094917,21.9,0.98
2919,2021-02-08,SIC,3885,1680,2205,2080,1756,49,ITG,ITG1,19,Sicilia,Sicilia,4999891,1098802,21.98,0.08
2920,2021-02-23,SIC,8747,4635,4112,8200,466,81,ITG,ITG1,19,Sicilia,Sicilia,4999891,1107549,22.15,0.17
2921,2021-03-09,SIC,13155,5764,7391,10831,2200,124,ITG,ITG1,19,Sicilia,Sicilia,4999891,1120704,22.41,0.26
2922,2021-01-11,SIC,5829,2573,3256,5771,0,58,ITG,ITG1,19,Sicilia,Sicilia,4999891,1126533,22.53,0.12
2923,2021-04-16,SIC,28850,14491,14359,20253,8294,303,ITG,ITG1,19,Sicilia,Sicilia,4999891,1155383,23.11,0.58
2924,2021-01-23,SIC,4445,2289,2156,192,4243,10,ITG,ITG1,19,Sicilia,Sicilia,4999891,1159828,23.2,0.09
2925,2021-01-06,SIC,6245,3288,2957,6185,0,60,ITG,ITG1,19,Sicilia,Sicilia,4999891,1166073,23.32,0.12
2926,2021-04-02,SIC,13883,6548,7335,9041,4736,106,ITG,ITG1,19,Sicilia,Sicilia,4999891,1179956,23.6,0.28
2927,2021-02-10,SIC,4353,1775,2578,3888,381,84,ITG,ITG1,19,Sicilia,Sicilia,4999891,1184309,23.69,0.09
2928,2021-05-21,SIC,48672,23060,25612,26660,21590,422,ITG,ITG1,19,Sicilia,Sicilia,4999891,1232981,24.66,0.97
2929,2021-07-13,SIC,46055,21145,24910,6894,38947,214,ITG,ITG1,19,Sicilia,Sicilia,4999891,1279036,25.58,0.92
2930,2021-06-04,SIC,57849,26761,31088,45406,11944,499,ITG,ITG1,19,Sicilia,Sicilia,4999891,1336885,26.74,1.16
2931,2021-02-18,SIC,5332,3139,2193,4837,430,65,ITG,ITG1,19,Sicilia,Sicilia,4999891,1342217,26.84,0.11
2932,2021-05-12,SIC,36837,17366,19471,21393,14915,529,ITG,ITG1,19,Sicilia,Sicilia,4999891,1379054,27.58,0.74
2933,2021-07-17,SIC,49315,24284,25031,9336,39682,297,ITG,ITG1,19,Sicilia,Sicilia,4999891,1428369,28.57,0.99
2934,2021-04-08,SIC,18034,8873,9161,8770,9112,152,ITG,ITG1,19,Sicilia,Sicilia,4999891,1446403,28.93,0.36
2935,2021-02-15,SIC,3731,1734,1997,3093,564,74,ITG,ITG1,19,Sicilia,Sicilia,4999891,1450134,29.0,0.07
2936,2021-07-22,SIC,40651,19988,20663,11254,29111,286,ITG,ITG1,19,Sicilia,Sicilia,4999891,1490785,29.82,0.81
2937,2021-05-26,SIC,44686,21011,23675,23893,20450,343,ITG,ITG1,19,Sicilia,Sicilia,4999891,1535471,30.71,0.89
2938,2021-01-03,SIC,4793,2503,2290,4763,0,30,ITG,ITG1,19,Sicilia,Sicilia,4999891,1540264,30.81,0.1
2939,2021-04-13,SIC,20240,9865,10375,11242,8835,163,ITG,ITG1,19,Sicilia,Sicilia,4999891,1560504,31.21,0.4
2940,2021-01-20,SIC,961,510,451,689,269,3,ITG,ITG1,19,Sicilia,Sicilia,4999891,1561465,31.23,0.02
2941,2021-03-18,SIC,15363,7717,7646,9742,5571,50,ITG,ITG1,19,Sicilia,Sicilia,4999891,1576828,31.54,0.31
2942,2021-03-25,SIC,20461,9528,10933,14746,5543,172,ITG,ITG1,19,Sicilia,Sicilia,4999891,1597289,31.95,0.41
2943,2021-07-03,SIC,33911,16298,17613,9035,24637,239,ITG,ITG1,19,Sicilia,Sicilia,4999891,1631200,32.62,0.68
2944,2021-03-06,SIC,12639,5058,7581,9761,2782,96,ITG,ITG1,19,Sicilia,Sicilia,4999891,1643839,32.88,0.25
2945,2021-06-14,SIC,43478,20650,22828,28164,14892,422,ITG,ITG1,19,Sicilia,Sicilia,4999891,1687317,33.75,0.87
2946,2021-05-28,SIC,51243,22974,28269,24308,26520,415,ITG,ITG1,19,Sicilia,Sicilia,4999891,1738560,34.77,1.02
2947,2021-01-22,SIC,1286,641,645,261,1023,2,ITG,ITG1,19,Sicilia,Sicilia,4999891,1739846,34.8,0.03
2948,2021-01-08,SIC,8125,3786,4339,8036,0,89,ITG,ITG1,19,Sicilia,Sicilia,4999891,1747971,34.96,0.16
2949,2021-04-18,SIC,19825,9914,9911,15286,4360,179,ITG,ITG1,19,Sicilia,Sicilia,4999891,1767796,35.36,0.4
2950,2021-04-01,SIC,14292,6617,7675,9496,4665,131,ITG,ITG1,19,Sicilia,Sicilia,4999891,1782088,35.64,0.29
2951,2021-07-10,SIC,46895,22349,24546,6059,40633,203,ITG,ITG1,19,Sicilia,Sicilia,4999891,1828983,36.58,0.94
2952,2021-06-23,SIC,44450,20680,23770,17883,26237,330,ITG,ITG1,19,Sicilia,Sicilia,4999891,1873433,37.47,0.89
2953,2021-01-10,SIC,3535,1579,1956,3514,0,21,ITG,ITG1,19,Sicilia,Sicilia,4999891,1876968,37.54,0.07
2954,2021-01-05,SIC,10357,5090,5267,10281,0,76,ITG,ITG1,19,Sicilia,Sicilia,4999891,1887325,37.75,0.21
2955,2021-04-15,SIC,21555,10484,11071,12008,9340,207,ITG,ITG1,19,Sicilia,Sicilia,4999891,1908880,38.18,0.43
2956,2021-02-19,SIC,4979,2695,2284,4333,564,82,ITG,ITG1,19,Sicilia,Sicilia,4999891,1913859,38.28,0.1
2957,2021-03-08,SIC,13494,5953,7541,10766,2613,115,ITG,ITG1,19,Sicilia,Sicilia,4999891,1927353,38.55,0.27
2958,2021-05-30,SIC,35764,16169,19595,17421,18045,298,ITG,ITG1,19,Sicilia,Sicilia,4999891,1963117,39.26,0.72
2959,2021-05-13,SIC,47454,22250,25204,30297,16537,620,ITG,ITG1,19,Sicilia,Sicilia,4999891,2010571,40.21,0.95
2960,2021-04-06,SIC,17743,8478,9265,13262,4283,198,ITG,ITG1,19,Sicilia,Sicilia,4999891,2028314,40.57,0.35
2961,2021-02-22,SIC,7946,4132,3814,7375,493,78,ITG,ITG1,19,Sicilia,Sicilia,4999891,2036260,40.73,0.16
2962,2020-12-27,SIC,92,55,37,91,0,1,ITG,ITG1,19,Sicilia,Sicilia,4999891,2036352,40.73,0.0
2963,2021-06-02,SIC,35282,16298,18984,27108,7780,394,ITG,ITG1,19,Sicilia,Sicilia,4999891,2071634,41.43,0.71
2964,2021-03-01,SIC,12764,6071,6693,10983,1657,124,ITG,ITG1,19,Sicilia,Sicilia,4999891,2084398,41.69,0.26
2965,2021-06-09,SIC,49781,23677,26104,41911,7253,617,ITG,ITG1,19,Sicilia,Sicilia,4999891,2134179,42.68,1.0
2966,2021-05-16,SIC,33698,16436,17262,21890,11515,293,ITG,ITG1,19,Sicilia,Sicilia,4999891,2167877,43.36,0.67
2967,2021-05-02,SIC,24602,11428,13174,17705,6601,296,ITG,ITG1,19,Sicilia,Sicilia,4999891,2192479,43.85,0.49
2968,2021-03-20,SIC,18587,8979,9608,13363,5138,86,ITG,ITG1,19,Sicilia,Sicilia,4999891,2211066,44.22,0.37
2969,2021-06-28,SIC,31902,14855,17047,14883,16728,291,ITG,ITG1,19,Sicilia,Sicilia,4999891,2242968,44.86,0.64
2970,2021-01-24,SIC,4327,2264,2063,131,4194,2,ITG,ITG1,19,Sicilia,Sicilia,4999891,2247295,44.95,0.09
2971,2021-05-04,SIC,26847,12470,14377,17160,9293,394,ITG,ITG1,19,Sicilia,Sicilia,4999891,2274142,45.48,0.54
2972,2021-03-30,SIC,14559,6760,7799,9701,4764,94,ITG,ITG1,19,Sicilia,Sicilia,4999891,2288701,45.78,0.29
2973,2021-03-13,SIC,12210,5387,6823,7626,4493,91,ITG,ITG1,19,Sicilia,Sicilia,4999891,2300911,46.02,0.24
2974,2021-04-17,SIC,26001,13152,12849,18672,7065,264,ITG,ITG1,19,Sicilia,Sicilia,4999891,2326912,46.54,0.52
2975,2021-03-17,SIC,15052,7439,7613,9081,5847,124,ITG,ITG1,19,Sicilia,Sicilia,4999891,2341964,46.84,0.3
2976,2021-06-25,SIC,39760,18664,21096,17364,22064,332,ITG,ITG1,19,Sicilia,Sicilia,4999891,2381724,47.64,0.8
2977,2021-07-09,SIC,44753,20622,24131,6413,38166,174,ITG,ITG1,19,Sicilia,Sicilia,4999891,2426477,48.53,0.9
2978,2021-06-20,SIC,33395,15804,17591,15117,18019,259,ITG,ITG1,19,Sicilia,Sicilia,4999891,2459872,49.2,0.67
2979,2021-04-22,SIC,26737,12629,14108,19880,6459,398,ITG,ITG1,19,Sicilia,Sicilia,4999891,2486609,49.73,0.53
2980,2021-03-10,SIC,13931,6123,7808,11615,2185,131,ITG,ITG1,19,Sicilia,Sicilia,4999891,2500540,50.01,0.28
2981,2021-01-12,SIC,4328,2122,2206,4284,0,44,ITG,ITG1,19,Sicilia,Sicilia,4999891,2504868,50.1,0.09
2982,2021-06-18,SIC,43583,20146,23437,18855,24360,368,ITG,ITG1,19,Sicilia,Sicilia,4999891,2548451,50.97,0.87
2983,2021-06-27,SIC,25303,12200,13103,12100,12977,226,ITG,ITG1,19,Sicilia,Sicilia,4999891,2573754,51.48,0.51
2984,2021-05-15,SIC,56481,26387,30094,40352,15238,891,ITG,ITG1,19,Sicilia,Sicilia,4999891,2630235,52.61,1.13
2985,2021-03-19,SIC,16310,8052,8258,10650,5572,88,ITG,ITG1,19,Sicilia,Sicilia,4999891,2646545,52.93,0.33
2986,2021-03-12,SIC,12865,5559,7306,10649,2067,149,ITG,ITG1,19,Sicilia,Sicilia,4999891,2659410,53.19,0.26
2987,2021-01-31,SIC,4035,1928,2107,110,3923,2,ITG,ITG1,19,Sicilia,Sicilia,4999891,2663445,53.27,0.08
2988,2021-05-11,SIC,32677,15499,17178,19695,12489,493,ITG,ITG1,19,Sicilia,Sicilia,4999891,2696122,53.92,0.65
2989,2021-02-17,SIC,5219,3203,2016,4501,672,46,ITG,ITG1,19,Sicilia,Sicilia,4999891,2701341,54.03,0.1
2990,2021-04-24,SIC,31137,14695,16442,23120,7630,387,ITG,ITG1,19,Sicilia,Sicilia,4999891,2732478,54.65,0.62
2991,2021-04-26,SIC,21675,10262,11413,13291,8081,303,ITG,ITG1,19,Sicilia,Sicilia,4999891,2754153,55.08,0.43
2992,2021-02-02,SIC,5270,2471,2799,617,4643,10,ITG,ITG1,19,Sicilia,Sicilia,4999891,2759423,55.19,0.11
2993,2021-07-18,SIC,39300,19792,19508,8108,30964,228,ITG,ITG1,19,Sicilia,Sicilia,4999891,2798723,55.98,0.79
2994,2021-01-14,SIC,5252,2484,2768,5190,0,62,ITG,ITG1,19,Sicilia,Sicilia,4999891,2803975,56.08,0.11
2995,2021-07-05,SIC,37507,17604,19903,8916,28359,232,ITG,ITG1,19,Sicilia,Sicilia,4999891,2841482,56.83,0.75
2996,2021-06-21,SIC,40242,18631,21611,18426,21493,323,ITG,ITG1,19,Sicilia,Sicilia,4999891,2881724,57.64,0.8
2997,2021-05-09,SIC,28410,13308,15102,19778,8285,347,ITG,ITG1,19,Sicilia,Sicilia,4999891,2910134,58.2,0.57
2998,2021-02-05,SIC,6741,2980,3761,2089,4614,38,ITG,ITG1,19,Sicilia,Sicilia,4999891,2916875,58.34,0.13
2999,2021-02-07,SIC,2322,982,1340,665,1648,9,ITG,ITG1,19,Sicilia,Sicilia,4999891,2919197,58.39,0.05
3000,2021-07-14,SIC,47503,22001,25502,7943,39306,254,ITG,ITG1,19,Sicilia,Sicilia,4999891,2966700,59.34,0.95
3001,2021-05-18,SIC,36112,17384,18728,23243,12474,395,ITG,ITG1,19,Sicilia,Sicilia,4999891,3002812,60.06,0.72
3002,2021-07-21,SIC,42907,20957,21950,10620,31977,310,ITG,ITG1,19,Sicilia,Sicilia,4999891,3045719,60.92,0.86
3003,2021-07-07,SIC,35429,16208,19221,6056,29139,234,ITG,ITG1,19,Sicilia,Sicilia,4999891,3081148,61.62,0.71
3004,2021-05-25,SIC,33544,15425,18119,13939,19348,257,ITG,ITG1,19,Sicilia,Sicilia,4999891,3114692,62.3,0.67
3005,2021-03-29,SIC,15030,7074,7956,10397,4497,136,ITG,ITG1,19,Sicilia,Sicilia,4999891,3129722,62.6,0.3
3006,2021-01-19,SIC,1508,666,842,1264,230,14,ITG,ITG1,19,Sicilia,Sicilia,4999891,3131230,62.63,0.03
3007,2021-06-11,SIC,49926,23819,26107,41567,7702,657,ITG,ITG1,19,Sicilia,Sicilia,4999891,3181156,63.62,1.0
3008,2021-04-29,SIC,31795,14833,16962,21801,9556,438,ITG,ITG1,19,Sicilia,Sicilia,4999891,3212951,64.26,0.64
3009,2021-03-03,SIC,14564,6544,8020,11373,3067,124,ITG,ITG1,19,Sicilia,Sicilia,4999891,3227515,64.55,0.29
3010,2021-06-01,SIC,38984,17720,21264,24596,14038,350,ITG,ITG1,19,Sicilia,Sicilia,4999891,3266499,65.33,0.78
3011,2021-04-05,SIC,8015,3954,4061,6511,1440,64,ITG,ITG1,19,Sicilia,Sicilia,4999891,3274514,65.49,0.16
3012,2021-06-29,SIC,31355,14685,16670,15647,15310,398,ITG,ITG1,19,Sicilia,Sicilia,4999891,3305869,66.12,0.63
3013,2021-04-03,SIC,16415,7816,8599,13424,2835,156,ITG,ITG1,19,Sicilia,Sicilia,4999891,3322284,66.45,0.33
3014,2021-03-27,SIC,15656,7378,8278,10684,4852,120,ITG,ITG1,19,Sicilia,Sicilia,4999891,3337940,66.76,0.31
3015,2021-01-29,SIC,9185,4256,4929,413,8760,12,ITG,ITG1,19,Sicilia,Sicilia,4999891,3347125,66.94,0.18
3016,2021-02-12,SIC,4586,1811,2775,4242,266,78,ITG,ITG1,19,Sicilia,Sicilia,4999891,3351711,67.04,0.09
3017,2021-05-23,SIC,34089,16596,17493,19845,14015,229,ITG,ITG1,19,Sicilia,Sicilia,4999891,3385800,67.72,0.68
3018,2021-06-10,SIC,53005,24883,28122,45139,7218,648,ITG,ITG1,19,Sicilia,Sicilia,4999891,3438805,68.78,1.06
3019,2021-05-27,SIC,47567,21903,25664,24459,22694,414,ITG,ITG1,19,Sicilia,Sicilia,4999891,3486372,69.73,0.95
3020,2021-04-14,SIC,20573,9936,10637,11629,8759,185,ITG,ITG1,19,Sicilia,Sicilia,4999891,3506945,70.14,0.41
3021,2021-07-23,SIC,29027,14317,14710,8995,19827,205,ITG,ITG1,19,Sicilia,Sicilia,4999891,3535972,70.72,0.58
3022,2021-04-21,SIC,22391,10746,11645,16003,6119,269,ITG,ITG1,19,Sicilia,Sicilia,4999891,3558363,71.17,0.45
3023,2021-04-07,SIC,16049,7913,8136,8451,7423,175,ITG,ITG1,19,Sicilia,Sicilia,4999891,3574412,71.49,0.32
3024,2021-07-16,SIC,49247,23294,25953,8712,40254,281,ITG,ITG1,19,Sicilia,Sicilia,4999891,3623659,72.47,0.98
3025,2021-06-03,SIC,45970,21087,24883,33762,11693,515,ITG,ITG1,19,Sicilia,Sicilia,4999891,3669629,73.39,0.92
3026,2021-03-15,SIC,10671,4725,5946,5647,4948,76,ITG,ITG1,19,Sicilia,Sicilia,4999891,3680300,73.61,0.21
3027,2021-04-12,SIC,19001,9209,9792,11485,7275,241,ITG,ITG1,19,Sicilia,Sicilia,4999891,3699301,73.99,0.38
3028,2021-02-14,SIC,1055,402,653,907,140,8,ITG,ITG1,19,Sicilia,Sicilia,4999891,3700356,74.01,0.02
3029,2021-01-02,SIC,4855,2530,2325,4825,0,30,ITG,ITG1,19,Sicilia,Sicilia,4999891,3705211,74.11,0.1
3030,2021-06-22,SIC,39966,18367,21599,18291,21303,372,ITG,ITG1,19,Sicilia,Sicilia,4999891,3745177,74.91,0.8
3031,2021-05-22,SIC,48013,22805,25208,28301,19314,398,ITG,ITG1,19,Sicilia,Sicilia,4999891,3793190,75.87,0.96
3032,2021-02-28,SIC,7165,3062,4103,6484,630,51,ITG,ITG1,19,Sicilia,Sicilia,4999891,3800355,76.01,0.14
3033,2021-06-08,SIC,47693,22398,25295,40456,6704,533,ITG,ITG1,19,Sicilia,Sicilia,4999891,3848048,76.96,0.95
3034,2021-01-09,SIC,7192,3390,3802,7132,0,60,ITG,ITG1,19,Sicilia,Sicilia,4999891,3855240,77.11,0.14
3035,2021-05-03,SIC,23297,10789,12508,13262,9788,247,ITG,ITG1,19,Sicilia,Sicilia,4999891,3878537,77.57,0.47
3036,2021-07-11,SIC,36031,16869,19162,3663,32273,95,ITG,ITG1,19,Sicilia,Sicilia,4999891,3914568,78.29,0.72
3037,2021-04-19,SIC,18283,8662,9621,12479,5581,223,ITG,ITG1,19,Sicilia,Sicilia,4999891,3932851,78.66,0.37
3038,2021-06-06,SIC,49523,23918,25605,41147,7821,555,ITG,ITG1,19,Sicilia,Sicilia,4999891,3982374,79.65,0.99
3039,2021-02-26,SIC,11975,5875,6100,10181,1681,113,ITG,ITG1,19,Sicilia,Sicilia,4999891,3994349,79.89,0.24
3040,2021-05-06,SIC,29470,14007,15463,18170,10830,470,ITG,ITG1,19,Sicilia,Sicilia,4999891,4023819,80.48,0.59
3041,2021-03-31,SIC,14521,6707,7814,9449,4932,140,ITG,ITG1,19,Sicilia,Sicilia,4999891,4038340,80.77,0.29
3042,2021-02-24,SIC,9379,4806,4573,8710,565,104,ITG,ITG1,19,Sicilia,Sicilia,4999891,4047719,80.96,0.19
3043,2021-01-21,SIC,1444,710,734,490,943,11,ITG,ITG1,19,Sicilia,Sicilia,4999891,4049163,80.99,0.03
3044,2021-05-01,SIC,24442,11313,13129,19003,5165,274,ITG,ITG1,19,Sicilia,Sicilia,4999891,4073605,81.47,0.49
3045,2021-02-21,SIC,5168,2501,2667,5047,106,15,ITG,ITG1,19,Sicilia,Sicilia,4999891,4078773,81.58,0.1
3046,2021-01-07,SIC,8943,4138,4805,8863,0,80,ITG,ITG1,19,Sicilia,Sicilia,4999891,4087716,81.76,0.18
3047,2021-02-09,SIC,4348,1800,2548,3247,1036,65,ITG,ITG1,19,Sicilia,Sicilia,4999891,4092064,81.84,0.09
3048,2021-07-06,SIC,37083,17149,19934,10284,26499,300,ITG,ITG1,19,Sicilia,Sicilia,4999891,4129147,82.58,0.74
3049,2021-05-10,SIC,28728,13789,14939,16239,12212,277,ITG,ITG1,19,Sicilia,Sicilia,4999891,4157875,83.16,0.57
3050,2021-03-26,SIC,17989,8355,9634,12355,5499,135,ITG,ITG1,19,Sicilia,Sicilia,4999891,4175864,83.52,0.36
3051,2021-01-28,SIC,9034,4273,4761,388,8645,1,ITG,ITG1,19,Sicilia,Sicilia,4999891,4184898,83.7,0.18
3052,2021-07-04,SIC,26521,12805,13716,7602,18750,169,ITG,ITG1,19,Sicilia,Sicilia,4999891,4211419,84.23,0.53
3053,2021-05-08,SIC,35631,17029,18602,24978,10299,354,ITG,ITG1,19,Sicilia,Sicilia,4999891,4247050,84.94,0.71
3054,2021-01-26,SIC,9561,4733,4828,242,9318,1,ITG,ITG1,19,Sicilia,Sicilia,4999891,4256611,85.13,0.19
3055,2021-05-20,SIC,44060,21114,22946,27735,15912,413,ITG,ITG1,19,Sicilia,Sicilia,4999891,4300671,86.02,0.88
3056,2021-02-20,SIC,7139,3692,3447,6801,241,97,ITG,ITG1,19,Sicilia,Sicilia,4999891,4307810,86.16,0.14
3057,2021-02-03,SIC,5924,2781,3143,713,5203,8,ITG,ITG1,19,Sicilia,Sicilia,4999891,4313734,86.28,0.12
3058,2021-04-27,SIC,26417,12669,13748,15173,10921,323,ITG,ITG1,19,Sicilia,Sicilia,4999891,4340151,86.8,0.53
3059,2021-05-14,SIC,52182,24464,27718,35761,15668,753,ITG,ITG1,19,Sicilia,Sicilia,4999891,4392333,87.85,1.04
3060,2021-01-15,SIC,5254,2295,2959,5187,0,67,ITG,ITG1,19,Sicilia,Sicilia,4999891,4397587,87.95,0.11
3061,2021-04-25,SIC,21394,10204,11190,16153,5015,226,ITG,ITG1,19,Sicilia,Sicilia,4999891,4418981,88.38,0.43
3062,2021-02-01,SIC,5907,2626,3281,304,5590,13,ITG,ITG1,19,Sicilia,Sicilia,4999891,4424888,88.5,0.12
3063,2021-03-22,SIC,16679,7915,8764,11164,5424,91,ITG,ITG1,19,Sicilia,Sicilia,4999891,4441567,88.83,0.33
3064,2021-06-30,SIC,32543,15005,17538,11399,20827,317,ITG,ITG1,19,Sicilia,Sicilia,4999891,4474110,89.48,0.65
3065,2020-12-29,SIC,243,152,91,243,0,0,ITG,ITG1,19,Sicilia,Sicilia,4999891,4474353,89.49,0.0
3066,2021-06-13,SIC,34536,17160,17376,30599,3504,433,ITG,ITG1,19,Sicilia,Sicilia,4999891,4508889,90.18,0.69
3067,2021-04-10,SIC,20434,9972,10462,11314,8963,157,ITG,ITG1,19,Sicilia,Sicilia,4999891,4529323,90.59,0.41
3068,2021-01-17,SIC,1307,594,713,1237,61,9,ITG,ITG1,19,Sicilia,Sicilia,4999891,4530630,90.61,0.03
3069,2021-07-02,SIC,30542,14222,16320,9923,20337,282,ITG,ITG1,19,Sicilia,Sicilia,4999891,4561172,91.23,0.61
3070,2021-07-19,SIC,48866,23528,25338,11678,36833,355,ITG,ITG1,19,Sicilia,Sicilia,4999891,4610038,92.2,0.98
3071,2021-03-05,SIC,15761,6836,8925,11380,4236,145,ITG,ITG1,19,Sicilia,Sicilia,4999891,4625799,92.52,0.32
3072,2021-02-16,SIC,4200,2207,1993,3664,465,71,ITG,ITG1,19,Sicilia,Sicilia,4999891,4629999,92.6,0.08
3073,2021-06-17,SIC,41830,19478,22352,20323,21141,366,ITG,ITG1,19,Sicilia,Sicilia,4999891,4671829,93.44,0.84
3074,2020-12-31,SIC,890,474,416,882,0,8,ITG,ITG1,19,Sicilia,Sicilia,4999891,4672719,93.46,0.02
3075,2021-03-07,SIC,9259,3454,5805,8116,1083,60,ITG,ITG1,19,Sicilia,Sicilia,4999891,4681978,93.64,0.19
3076,2021-06-15,SIC,46182,21762,24420,28231,17520,431,ITG,ITG1,19,Sicilia,Sicilia,4999891,4728160,94.57,0.92
3077,2021-03-24,SIC,20964,9868,11096,15038,5736,190,ITG,ITG1,19,Sicilia,Sicilia,4999891,4749124,94.98,0.42
3078,2021-05-29,SIC,47171,21464,25707,23529,23195,447,ITG,ITG1,19,Sicilia,Sicilia,4999891,4796295,95.93,0.94
3079,2021-05-05,VEN,44368,21256,23112,36164,6568,1636,ITH,ITH3,5,Veneto,Veneto,4905854,44368,0.9,0.9
3080,2021-07-01,VEN,50745,25914,24831,20582,29132,1031,ITH,ITH3,5,Veneto,Veneto,4905854,95113,1.94,1.03
3081,2021-05-12,VEN,36924,17876,19048,30185,5125,1614,ITH,ITH3,5,Veneto,Veneto,4905854,132037,2.69,0.75
3082,2021-07-18,VEN,37699,19748,17951,3839,33610,250,ITH,ITH3,5,Veneto,Veneto,4905854,169736,3.46,0.77
3083,2021-02-25,VEN,7898,3339,4559,7156,605,137,ITH,ITH3,5,Veneto,Veneto,4905854,177634,3.62,0.16
3084,2021-04-09,VEN,31197,13765,17432,21912,8345,940,ITH,ITH3,5,Veneto,Veneto,4905854,208831,4.26,0.64
3085,2021-06-05,VEN,46815,24110,22705,37317,8053,1445,ITH,ITH3,5,Veneto,Veneto,4905854,255646,5.21,0.95
3086,2021-05-17,VEN,26506,12981,13525,15654,10025,827,ITH,ITH3,5,Veneto,Veneto,4905854,282152,5.75,0.54
3087,2021-02-06,VEN,4095,1354,2741,709,3386,0,ITH,ITH3,5,Veneto,Veneto,4905854,286247,5.83,0.08
3088,2021-02-23,VEN,7383,3253,4130,7029,270,84,ITH,ITH3,5,Veneto,Veneto,4905854,293630,5.99,0.15
3089,2021-01-11,VEN,7242,2102,5140,7241,0,1,ITH,ITH3,5,Veneto,Veneto,4905854,300872,6.13,0.15
3090,2021-04-21,VEN,32370,13191,19179,15542,16056,772,ITH,ITH3,5,Veneto,Veneto,4905854,333242,6.79,0.66
3091,2021-05-22,VEN,34781,16680,18101,12703,21409,669,ITH,ITH3,5,Veneto,Veneto,4905854,368023,7.5,0.71
3092,2021-02-11,VEN,4012,1238,2774,3345,628,39,ITH,ITH3,5,Veneto,Veneto,4905854,372035,7.58,0.08
3093,2021-01-28,VEN,9212,2664,6548,168,9042,2,ITH,ITH3,5,Veneto,Veneto,4905854,381247,7.77,0.19
3094,2021-07-13,VEN,43448,22543,20905,5378,37755,315,ITH,ITH3,5,Veneto,Veneto,4905854,424695,8.66,0.89
3095,2021-04-04,VEN,7783,3531,4252,6511,1148,124,ITH,ITH3,5,Veneto,Veneto,4905854,432478,8.82,0.16
3096,2021-05-24,VEN,33040,16412,16628,7627,25008,405,ITH,ITH3,5,Veneto,Veneto,4905854,465518,9.49,0.67
3097,2021-04-23,VEN,31265,13845,17420,21404,8707,1154,ITH,ITH3,5,Veneto,Veneto,4905854,496783,10.13,0.64
3098,2021-02-16,VEN,6644,2870,3774,6438,176,30,ITH,ITH3,5,Veneto,Veneto,4905854,503427,10.26,0.14
3099,2021-06-17,VEN,51654,25890,25764,25521,24986,1147,ITH,ITH3,5,Veneto,Veneto,4905854,555081,11.31,1.05
3100,2021-03-09,VEN,16543,7446,9097,9824,6323,396,ITH,ITH3,5,Veneto,Veneto,4905854,571624,11.65,0.34
3101,2021-05-31,VEN,31629,16234,15395,20884,9923,822,ITH,ITH3,5,Veneto,Veneto,4905854,603253,12.3,0.64
3102,2021-03-26,VEN,29599,13152,16447,23280,5462,857,ITH,ITH3,5,Veneto,Veneto,4905854,632852,12.9,0.6
3103,2021-03-28,VEN,31302,13604,17698,26879,3612,811,ITH,ITH3,5,Veneto,Veneto,4905854,664154,13.54,0.64
3104,2021-06-19,VEN,49265,25066,24199,25611,22566,1088,ITH,ITH3,5,Veneto,Veneto,4905854,713419,14.54,1.0
3105,2021-01-23,VEN,4055,1249,2806,31,4024,0,ITH,ITH3,5,Veneto,Veneto,4905854,717474,14.62,0.08
3106,2021-06-29,VEN,45507,22704,22803,19006,25789,712,ITH,ITH3,5,Veneto,Veneto,4905854,762981,15.55,0.93
3107,2021-03-21,VEN,11983,4754,7229,8279,3464,240,ITH,ITH3,5,Veneto,Veneto,4905854,774964,15.8,0.24
3108,2021-01-16,VEN,4611,1542,3069,4611,0,0,ITH,ITH3,5,Veneto,Veneto,4905854,779575,15.89,0.09
3109,2021-03-14,VEN,15176,5942,9234,13845,894,437,ITH,ITH3,5,Veneto,Veneto,4905854,794751,16.2,0.31
3110,2021-06-12,VEN,48648,24482,24166,36401,10787,1460,ITH,ITH3,5,Veneto,Veneto,4905854,843399,17.19,0.99
3111,2021-05-02,VEN,37239,17264,19975,25612,10331,1296,ITH,ITH3,5,Veneto,Veneto,4905854,880638,17.95,0.76
3112,2021-06-14,VEN,42609,21547,21062,26302,15305,1002,ITH,ITH3,5,Veneto,Veneto,4905854,923247,18.82,0.87
3113,2021-07-08,VEN,46511,24207,22304,4437,41770,304,ITH,ITH3,5,Veneto,Veneto,4905854,969758,19.77,0.95
3114,2021-06-24,VEN,56033,28380,27653,17548,37783,702,ITH,ITH3,5,Veneto,Veneto,4905854,1025791,20.91,1.14
3115,2021-03-16,VEN,12529,5354,7175,6640,5622,267,ITH,ITH3,5,Veneto,Veneto,4905854,1038320,21.16,0.26
3116,2021-03-23,VEN,22216,10241,11975,16868,4713,635,ITH,ITH3,5,Veneto,Veneto,4905854,1060536,21.62,0.45
3117,2021-05-19,VEN,33072,15141,17931,16185,15955,932,ITH,ITH3,5,Veneto,Veneto,4905854,1093608,22.29,0.67
3118,2021-04-28,VEN,32424,15183,17241,22227,9017,1180,ITH,ITH3,5,Veneto,Veneto,4905854,1126032,22.95,0.66
3119,2021-07-20,VEN,44129,23564,20565,6822,36796,511,ITH,ITH3,5,Veneto,Veneto,4905854,1170161,23.85,0.9
3120,2021-01-18,VEN,2763,776,1987,2559,199,5,ITH,ITH3,5,Veneto,Veneto,4905854,1172924,23.91,0.06
3121,2021-02-04,VEN,7392,2028,5364,550,6841,1,ITH,ITH3,5,Veneto,Veneto,4905854,1180316,24.06,0.15
3122,2021-04-30,VEN,50023,23492,26531,32959,15666,1398,ITH,ITH3,5,Veneto,Veneto,4905854,1230339,25.08,1.02
3123,2021-01-20,VEN,1038,368,670,386,652,0,ITH,ITH3,5,Veneto,Veneto,4905854,1231377,25.1,0.02
3124,2021-01-09,VEN,7929,2539,5390,7923,0,6,ITH,ITH3,5,Veneto,Veneto,4905854,1239306,25.26,0.16
3125,2021-03-18,VEN,12612,5139,7473,7031,5229,352,ITH,ITH3,5,Veneto,Veneto,4905854,1251918,25.52,0.26
3126,2021-06-26,VEN,48036,24494,23542,13554,33976,506,ITH,ITH3,5,Veneto,Veneto,4905854,1299954,26.5,0.98
3127,2021-05-10,VEN,36500,17078,19422,25418,9847,1235,ITH,ITH3,5,Veneto,Veneto,4905854,1336454,27.24,0.74
3128,2021-01-30,VEN,8747,2672,6075,692,8055,0,ITH,ITH3,5,Veneto,Veneto,4905854,1345201,27.42,0.18
3129,2021-03-07,VEN,4493,1768,2725,3863,561,69,ITH,ITH3,5,Veneto,Veneto,4905854,1349694,27.51,0.09
3130,2021-05-03,VEN,40697,19802,20895,32789,6443,1465,ITH,ITH3,5,Veneto,Veneto,4905854,1390391,28.34,0.83
3131,2021-03-02,VEN,11492,4627,6865,7934,3311,247,ITH,ITH3,5,Veneto,Veneto,4905854,1401883,28.58,0.23
3132,2021-06-10,VEN,52274,26979,25295,41281,9303,1690,ITH,ITH3,5,Veneto,Veneto,4905854,1454157,29.64,1.07
3133,2021-04-02,VEN,24096,10620,13476,17127,6328,641,ITH,ITH3,5,Veneto,Veneto,4905854,1478253,30.13,0.49
3134,2021-06-09,VEN,42734,21927,20807,33771,7422,1541,ITH,ITH3,5,Veneto,Veneto,4905854,1520987,31.0,0.87
3135,2021-05-29,VEN,33016,16680,16336,24232,7669,1115,ITH,ITH3,5,Veneto,Veneto,4905854,1554003,31.68,0.67
3136,2021-02-18,VEN,5828,2455,3373,5725,64,39,ITH,ITH3,5,Veneto,Veneto,4905854,1559831,31.8,0.12
3137,2021-04-16,VEN,24452,10494,13958,11889,11886,677,ITH,ITH3,5,Veneto,Veneto,4905854,1584283,32.29,0.5
3138,2021-04-18,VEN,17515,7254,10261,9499,7565,451,ITH,ITH3,5,Veneto,Veneto,4905854,1601798,32.65,0.36
3139,2021-07-06,VEN,36058,18584,17474,13147,22259,652,ITH,ITH3,5,Veneto,Veneto,4905854,1637856,33.39,0.73
3140,2021-04-14,VEN,15923,6904,9019,8752,6630,541,ITH,ITH3,5,Veneto,Veneto,4905854,1653779,33.71,0.32
3141,2021-01-04,VEN,6737,2035,4702,6735,0,2,ITH,ITH3,5,Veneto,Veneto,4905854,1660516,33.85,0.14
3142,2021-05-14,VEN,46750,22232,24518,24295,20881,1574,ITH,ITH3,5,Veneto,Veneto,4905854,1707266,34.8,0.95
3143,2021-02-20,VEN,6425,2015,4410,6274,71,80,ITH,ITH3,5,Veneto,Veneto,4905854,1713691,34.93,0.13
3144,2021-03-06,VEN,10667,4356,6311,7218,3262,187,ITH,ITH3,5,Veneto,Veneto,4905854,1724358,35.15,0.22
3145,2020-12-30,VEN,699,245,454,699,0,0,ITH,ITH3,5,Veneto,Veneto,4905854,1725057,35.16,0.01
3146,2021-06-07,VEN,44679,23309,21370,36188,7017,1474,ITH,ITH3,5,Veneto,Veneto,4905854,1769736,36.07,0.91
3147,2021-02-27,VEN,8991,2692,6299,7963,847,181,ITH,ITH3,5,Veneto,Veneto,4905854,1778727,36.26,0.18
3148,2021-02-08,VEN,5004,1559,3445,1923,3075,6,ITH,ITH3,5,Veneto,Veneto,4905854,1783731,36.36,0.1
3149,2021-04-06,VEN,28964,13329,15635,23199,5042,723,ITH,ITH3,5,Veneto,Veneto,4905854,1812695,36.95,0.59
3150,2021-02-01,VEN,8563,2502,6061,159,8404,0,ITH,ITH3,5,Veneto,Veneto,4905854,1821258,37.12,0.17
3151,2021-02-15,VEN,4389,1824,2565,4140,240,9,ITH,ITH3,5,Veneto,Veneto,4905854,1825647,37.21,0.09
3152,2021-03-30,VEN,35967,15297,20670,29716,5244,1007,ITH,ITH3,5,Veneto,Veneto,4905854,1861614,37.95,0.73
3153,2021-07-03,VEN,38678,20106,18572,11013,27080,585,ITH,ITH3,5,Veneto,Veneto,4905854,1900292,38.74,0.79
3154,2021-06-16,VEN,47716,23536,24180,25273,21368,1075,ITH,ITH3,5,Veneto,Veneto,4905854,1948008,39.71,0.97
3155,2021-01-01,VEN,1528,471,1057,1527,0,1,ITH,ITH3,5,Veneto,Veneto,4905854,1949536,39.74,0.03
3156,2021-03-25,VEN,25960,11057,14903,18965,6100,895,ITH,ITH3,5,Veneto,Veneto,4905854,1975496,40.27,0.53
3157,2021-04-11,VEN,21004,8871,12133,14226,6293,485,ITH,ITH3,5,Veneto,Veneto,4905854,1996500,40.7,0.43
3158,2021-05-07,VEN,48588,23282,25306,37565,8668,2355,ITH,ITH3,5,Veneto,Veneto,4905854,2045088,41.69,0.99
3159,2021-01-27,VEN,7141,2064,5077,240,6900,1,ITH,ITH3,5,Veneto,Veneto,4905854,2052229,41.83,0.15
3160,2021-02-13,VEN,3266,1473,1793,3230,20,16,ITH,ITH3,5,Veneto,Veneto,4905854,2055495,41.9,0.07
3161,2021-06-28,VEN,47569,24072,23497,18354,28492,723,ITH,ITH3,5,Veneto,Veneto,4905854,2103064,42.87,0.97
3162,2021-01-25,VEN,6470,2077,4393,159,6311,0,ITH,ITH3,5,Veneto,Veneto,4905854,2109534,43.0,0.13
3163,2021-07-15,VEN,51067,26738,24329,5955,44742,370,ITH,ITH3,5,Veneto,Veneto,4905854,2160601,44.04,1.04
3164,2021-04-20,VEN,22439,9499,12940,7869,14001,569,ITH,ITH3,5,Veneto,Veneto,4905854,2183040,44.5,0.46
3165,2021-05-09,VEN,35073,16138,18935,23772,10055,1246,ITH,ITH3,5,Veneto,Veneto,4905854,2218113,45.21,0.71
3166,2021-03-04,VEN,12982,4885,8097,9120,3473,389,ITH,ITH3,5,Veneto,Veneto,4905854,2231095,45.48,0.26
3167,2021-07-07,VEN,40785,21221,19564,15575,24403,807,ITH,ITH3,5,Veneto,Veneto,4905854,2271880,46.31,0.83
3168,2021-05-11,VEN,33164,16498,16666,27125,4722,1317,ITH,ITH3,5,Veneto,Veneto,4905854,2305044,46.99,0.68
3169,2021-01-22,VEN,1080,332,748,25,1055,0,ITH,ITH3,5,Veneto,Veneto,4905854,2306124,47.01,0.02
3170,2021-07-22,VEN,47611,24702,22909,13068,33929,614,ITH,ITH3,5,Veneto,Veneto,4905854,2353735,47.98,0.97
3171,2021-04-13,VEN,14028,6324,7704,8052,5477,499,ITH,ITH3,5,Veneto,Veneto,4905854,2367763,48.26,0.29
3172,2021-07-05,VEN,39078,20261,18817,14093,24171,814,ITH,ITH3,5,Veneto,Veneto,4905854,2406841,49.06,0.8
3173,2021-01-03,VEN,5157,1562,3595,5157,0,0,ITH,ITH3,5,Veneto,Veneto,4905854,2411998,49.17,0.11
3174,2021-01-08,VEN,9407,2835,6572,9393,0,14,ITH,ITH3,5,Veneto,Veneto,4905854,2421405,49.36,0.19
3175,2021-01-13,VEN,5986,1606,4380,5983,0,3,ITH,ITH3,5,Veneto,Veneto,4905854,2427391,49.48,0.12
3176,2021-04-25,VEN,18335,8157,10178,12903,4834,598,ITH,ITH3,5,Veneto,Veneto,4905854,2445726,49.85,0.37
3177,2021-05-28,VEN,46781,22906,23875,23676,21910,1195,ITH,ITH3,5,Veneto,Veneto,4905854,2492507,50.81,0.95
3178,2021-07-10,VEN,43100,23179,19921,6285,36453,362,ITH,ITH3,5,Veneto,Veneto,4905854,2535607,51.69,0.88
3179,2021-07-17,VEN,40298,21314,18984,4260,35700,338,ITH,ITH3,5,Veneto,Veneto,4905854,2575905,52.51,0.82
3180,2021-05-21,VEN,44803,22031,22772,19930,23773,1100,ITH,ITH3,5,Veneto,Veneto,4905854,2620708,53.42,0.91
3181,2021-05-26,VEN,31121,15212,15909,13970,16476,675,ITH,ITH3,5,Veneto,Veneto,4905854,2651829,54.05,0.63
3182,2021-03-01,VEN,9394,3716,5678,7409,1822,163,ITH,ITH3,5,Veneto,Veneto,4905854,2661223,54.25,0.19
3183,2021-07-12,VEN,43202,22763,20439,3986,38887,329,ITH,ITH3,5,Veneto,Veneto,4905854,2704425,55.13,0.88
3184,2021-04-03,VEN,21961,9631,12330,13847,7710,404,ITH,ITH3,5,Veneto,Veneto,4905854,2726386,55.57,0.45
3185,2021-03-03,VEN,12098,4647,7451,8387,3500,211,ITH,ITH3,5,Veneto,Veneto,4905854,2738484,55.82,0.25
3186,2021-06-11,VEN,47290,24596,22694,34702,11168,1420,ITH,ITH3,5,Veneto,Veneto,4905854,2785774,56.78,0.96
3187,2021-06-25,VEN,51641,26132,25509,15005,35983,653,ITH,ITH3,5,Veneto,Veneto,4905854,2837415,57.84,1.05
3188,2021-05-04,VEN,42992,20359,22633,33306,8034,1652,ITH,ITH3,5,Veneto,Veneto,4905854,2880407,58.71,0.88
3189,2021-01-24,VEN,4117,1219,2898,28,4089,0,ITH,ITH3,5,Veneto,Veneto,4905854,2884524,58.8,0.08
3190,2021-04-07,VEN,36016,16188,19828,27571,7337,1108,ITH,ITH3,5,Veneto,Veneto,4905854,2920540,59.53,0.73
3191,2021-07-16,VEN,44543,23967,20576,6888,37183,472,ITH,ITH3,5,Veneto,Veneto,4905854,2965083,60.44,0.91
3192,2021-01-31,VEN,4771,1565,3206,391,4380,0,ITH,ITH3,5,Veneto,Veneto,4905854,2969854,60.54,0.1
3193,2021-03-29,VEN,31451,13695,17756,26637,3820,994,ITH,ITH3,5,Veneto,Veneto,4905854,3001305,61.18,0.64
3194,2021-05-13,VEN,44269,21844,22425,32557,9882,1830,ITH,ITH3,5,Veneto,Veneto,4905854,3045574,62.08,0.9
3195,2021-02-02,VEN,6512,1881,4631,396,6116,0,ITH,ITH3,5,Veneto,Veneto,4905854,3052086,62.21,0.13
3196,2021-07-09,VEN,44986,23735,21251,4088,40606,292,ITH,ITH3,5,Veneto,Veneto,4905854,3097072,63.13,0.92
3197,2021-03-31,VEN,38858,16411,22447,30318,7500,1040,ITH,ITH3,5,Veneto,Veneto,4905854,3135930,63.92,0.79
3198,2021-03-08,VEN,13631,6271,7360,9300,4069,262,ITH,ITH3,5,Veneto,Veneto,4905854,3149561,64.2,0.28
3199,2021-06-18,VEN,53567,26740,26827,23957,28558,1052,ITH,ITH3,5,Veneto,Veneto,4905854,3203128,65.29,1.09
3200,2021-03-27,VEN,32071,14013,18058,25368,5798,905,ITH,ITH3,5,Veneto,Veneto,4905854,3235199,65.95,0.65
3201,2021-06-03,VEN,54463,28004,26459,40854,11970,1639,ITH,ITH3,5,Veneto,Veneto,4905854,3289662,67.06,1.11
3202,2021-06-20,VEN,41191,20057,21134,18892,21533,766,ITH,ITH3,5,Veneto,Veneto,4905854,3330853,67.9,0.84
3203,2021-02-19,VEN,7323,3140,4183,6993,204,126,ITH,ITH3,5,Veneto,Veneto,4905854,3338176,68.04,0.15
3204,2021-02-17,VEN,6022,2772,3250,5900,94,28,ITH,ITH3,5,Veneto,Veneto,4905854,3344198,68.17,0.12
3205,2021-04-01,VEN,25348,11169,14179,18162,6412,774,ITH,ITH3,5,Veneto,Veneto,4905854,3369546,68.68,0.52
3206,2021-04-15,VEN,20914,8637,12277,9344,10824,746,ITH,ITH3,5,Veneto,Veneto,4905854,3390460,69.11,0.43
3207,2021-04-10,VEN,27470,11979,15491,18378,8468,624,ITH,ITH3,5,Veneto,Veneto,4905854,3417930,69.67,0.56
3208,2021-06-06,VEN,37429,19162,18267,31485,4725,1219,ITH,ITH3,5,Veneto,Veneto,4905854,3455359,70.43,0.76
3209,2020-12-27,VEN,880,395,485,880,0,0,ITH,ITH3,5,Veneto,Veneto,4905854,3456239,70.45,0.02
3210,2021-05-30,VEN,22541,11265,11276,15204,6687,650,ITH,ITH3,5,Veneto,Veneto,4905854,3478780,70.91,0.46
3211,2021-06-21,VEN,44294,22169,22125,20413,22947,934,ITH,ITH3,5,Veneto,Veneto,4905854,3523074,71.81,0.9
3212,2021-01-06,VEN,8136,2388,5748,8133,0,3,ITH,ITH3,5,Veneto,Veneto,4905854,3531210,71.98,0.17
3213,2021-06-23,VEN,49213,24388,24825,14551,33831,831,ITH,ITH3,5,Veneto,Veneto,4905854,3580423,72.98,1.0
3214,2021-03-15,VEN,16670,7328,9342,10959,5209,502,ITH,ITH3,5,Veneto,Veneto,4905854,3597093,73.32,0.34
3215,2021-07-19,VEN,44657,23519,21138,7903,36350,404,ITH,ITH3,5,Veneto,Veneto,4905854,3641750,74.23,0.91
3216,2021-02-26,VEN,8297,3273,5024,6943,1260,94,ITH,ITH3,5,Veneto,Veneto,4905854,3650047,74.4,0.17
3217,2021-04-24,VEN,24762,10829,13933,14962,9078,722,ITH,ITH3,5,Veneto,Veneto,4905854,3674809,74.91,0.5
3218,2021-01-14,VEN,7064,1925,5139,7044,0,20,ITH,ITH3,5,Veneto,Veneto,4905854,3681873,75.05,0.14
3219,2021-03-12,VEN,18658,8194,10464,11330,6748,580,ITH,ITH3,5,Veneto,Veneto,4905854,3700531,75.43,0.38
3220,2021-07-11,VEN,34222,17918,16304,3688,30276,258,ITH,ITH3,5,Veneto,Veneto,4905854,3734753,76.13,0.7
3221,2021-01-05,VEN,7331,2184,5147,7329,0,2,ITH,ITH3,5,Veneto,Veneto,4905854,3742084,76.28,0.15
3222,2021-02-10,VEN,4754,1589,3165,3690,1055,9,ITH,ITH3,5,Veneto,Veneto,4905854,3746838,76.37,0.1
3223,2021-04-08,VEN,32372,14369,18003,23326,7876,1170,ITH,ITH3,5,Veneto,Veneto,4905854,3779210,77.03,0.66
3224,2021-06-04,VEN,49616,25823,23793,39813,8136,1667,ITH,ITH3,5,Veneto,Veneto,4905854,3828826,78.05,1.01
3225,2021-02-24,VEN,8616,3679,4937,7994,488,134,ITH,ITH3,5,Veneto,Veneto,4905854,3837442,78.22,0.18
3226,2021-06-22,VEN,43700,21609,22091,18449,24371,880,ITH,ITH3,5,Veneto,Veneto,4905854,3881142,79.11,0.89
3227,2021-04-26,VEN,20722,9456,11266,14908,5137,677,ITH,ITH3,5,Veneto,Veneto,4905854,3901864,79.53,0.42
3228,2021-06-15,VEN,47788,24270,23518,29119,17513,1156,ITH,ITH3,5,Veneto,Veneto,4905854,3949652,80.51,0.97
3229,2021-03-20,VEN,13023,5388,7635,10650,2082,291,ITH,ITH3,5,Veneto,Veneto,4905854,3962675,80.77,0.27
3230,2021-01-10,VEN,5035,1673,3362,5034,0,1,ITH,ITH3,5,Veneto,Veneto,4905854,3967710,80.88,0.1
3231,2021-05-23,VEN,34488,16466,18022,10618,23401,469,ITH,ITH3,5,Veneto,Veneto,4905854,4002198,81.58,0.7
3232,2021-02-12,VEN,4314,1447,2867,3671,572,71,ITH,ITH3,5,Veneto,Veneto,4905854,4006512,81.67,0.09
3233,2021-02-21,VEN,4640,1212,3428,4516,5,119,ITH,ITH3,5,Veneto,Veneto,4905854,4011152,81.76,0.09
3234,2021-05-15,VEN,36235,17506,18729,24798,10005,1432,ITH,ITH3,5,Veneto,Veneto,4905854,4047387,82.5,0.74
3235,2021-06-01,VEN,26968,13557,13411,15782,10543,643,ITH,ITH3,5,Veneto,Veneto,4905854,4074355,83.05,0.55
3236,2021-03-10,VEN,19040,8727,10313,12963,5683,394,ITH,ITH3,5,Veneto,Veneto,4905854,4093395,83.44,0.39
3237,2021-04-17,VEN,22430,9088,13342,14358,7274,798,ITH,ITH3,5,Veneto,Veneto,4905854,4115825,83.9,0.46
3238,2021-01-07,VEN,8360,2317,6043,8359,0,1,ITH,ITH3,5,Veneto,Veneto,4905854,4124185,84.07,0.17
3239,2021-06-13,VEN,37331,19250,18081,29309,6957,1065,ITH,ITH3,5,Veneto,Veneto,4905854,4161516,84.83,0.76
3240,2021-01-21,VEN,2293,719,1574,21,2272,0,ITH,ITH3,5,Veneto,Veneto,4905854,4163809,84.87,0.05
3241,2021-03-05,VEN,13336,5020,8316,9222,3670,444,ITH,ITH3,5,Veneto,Veneto,4905854,4177145,85.15,0.27
3242,2021-01-29,VEN,9023,2788,6235,366,8657,0,ITH,ITH3,5,Veneto,Veneto,4905854,4186168,85.33,0.18
3243,2021-05-08,VEN,41474,18761,22713,28212,11823,1439,ITH,ITH3,5,Veneto,Veneto,4905854,4227642,86.18,0.85
3244,2021-06-27,VEN,40233,20554,19679,15330,24303,600,ITH,ITH3,5,Veneto,Veneto,4905854,4267875,87.0,0.82
3245,2021-03-19,VEN,13793,5669,8124,7404,6097,292,ITH,ITH3,5,Veneto,Veneto,4905854,4281668,87.28,0.28
3246,2021-07-14,VEN,43414,22319,21095,5257,37765,392,ITH,ITH3,5,Veneto,Veneto,4905854,4325082,88.16,0.88
3247,2021-04-22,VEN,32037,13934,18103,15466,15750,821,ITH,ITH3,5,Veneto,Veneto,4905854,4357119,88.81,0.65
3248,2021-05-18,VEN,27004,12541,14463,12638,13603,763,ITH,ITH3,5,Veneto,Veneto,4905854,4384123,89.37,0.55
3249,2021-06-30,VEN,45665,23024,22641,17774,27119,772,ITH,ITH3,5,Veneto,Veneto,4905854,4429788,90.3,0.93
3250,2021-03-22,VEN,18146,8178,9968,12583,5046,517,ITH,ITH3,5,Veneto,Veneto,4905854,4447934,90.67,0.37
3251,2021-03-13,VEN,17232,7306,9926,13730,3131,371,ITH,ITH3,5,Veneto,Veneto,4905854,4465166,91.02,0.35
3252,2021-01-15,VEN,5876,1821,4055,5870,0,6,ITH,ITH3,5,Veneto,Veneto,4905854,4471042,91.14,0.12
3253,2021-05-20,VEN,44794,21240,23554,19349,24343,1102,ITH,ITH3,5,Veneto,Veneto,4905854,4515836,92.05,0.91
3254,2021-02-09,VEN,5249,1891,3358,3432,1804,13,ITH,ITH3,5,Veneto,Veneto,4905854,4521085,92.16,0.11
3255,2021-06-08,VEN,43840,22666,21174,36190,6141,1509,ITH,ITH3,5,Veneto,Veneto,4905854,4564925,93.05,0.89
3256,2021-05-25,VEN,27797,13419,14378,11256,16043,498,ITH,ITH3,5,Veneto,Veneto,4905854,4592722,93.62,0.57
3257,2021-02-14,VEN,126,56,70,113,13,0,ITH,ITH3,5,Veneto,Veneto,4905854,4592848,93.62,0.0
3258,2021-02-28,VEN,4136,1389,2747,3225,837,74,ITH,ITH3,5,Veneto,Veneto,4905854,4596984,93.7,0.08
3259,2021-03-17,VEN,14645,5992,8653,7526,6796,323,ITH,ITH3,5,Veneto,Veneto,4905854,4611629,94.0,0.3
3260,2021-05-27,VEN,46569,22884,23685,22331,23201,1037,ITH,ITH3,5,Veneto,Veneto,4905854,4658198,94.95,0.95
3261,2021-02-07,VEN,2316,863,1453,714,1601,1,ITH,ITH3,5,Veneto,Veneto,4905854,4660514,95.0,0.05
3262,2021-01-12,VEN,5231,1517,3714,5223,0,8,ITH,ITH3,5,Veneto,Veneto,4905854,4665745,95.11,0.11
3263,2021-04-19,VEN,21544,8923,12621,4709,16409,426,ITH,ITH3,5,Veneto,Veneto,4905854,4687289,95.54,0.44
3264,2021-04-05,VEN,19155,8371,10784,13419,5435,301,ITH,ITH3,5,Veneto,Veneto,4905854,4706444,95.94,0.39
3265,2021-01-26,VEN,6921,2091,4830,149,6772,0,ITH,ITH3,5,Veneto,Veneto,4905854,4713365,96.08,0.14
3266,2021-05-06,VEN,46988,22038,24950,36511,8474,2003,ITH,ITH3,5,Veneto,Veneto,4905854,4760353,97.03,0.96
3267,2021-07-02,VEN,49412,25076,24336,16192,32417,803,ITH,ITH3,5,Veneto,Veneto,4905854,4809765,98.04,1.01
3268,2021-03-24,VEN,22113,9574,12539,14662,6803,648,ITH,ITH3,5,Veneto,Veneto,4905854,4831878,98.49,0.45
3269,2021-06-02,VEN,20304,10234,10070,15351,4340,613,ITH,ITH3,5,Veneto,Veneto,4905854,4852182,98.91,0.41
3270,2021-03-11,VEN,19828,8889,10939,13794,5570,464,ITH,ITH3,5,Veneto,Veneto,4905854,4872010,99.31,0.4
3271,2021-04-27,VEN,28190,12786,15404,20121,6911,1158,ITH,ITH3,5,Veneto,Veneto,4905854,4900200,99.88,0.57
3272,2021-01-17,VEN,1933,781,1152,1584,349,0,ITH,ITH3,5,Veneto,Veneto,4905854,4902133,99.92,0.04
3273,2021-02-03,VEN,5948,1669,4279,476,5468,4,ITH,ITH3,5,Veneto,Veneto,4905854,4908081,100.05,0.12
3274,2021-04-29,VEN,50283,23391,26892,35383,13171,1729,ITH,ITH3,5,Veneto,Veneto,4905854,4958364,101.07,1.02
3275,2021-07-21,VEN,42718,22055,20663,8586,33646,486,ITH,ITH3,5,Veneto,Veneto,4905854,5001082,101.94,0.87
3276,2021-02-05,VEN,8379,2536,5843,1409,6961,9,ITH,ITH3,5,Veneto,Veneto,4905854,5009461,102.11,0.17
3277,2021-02-22,VEN,7014,3041,3973,6580,387,47,ITH,ITH3,5,Veneto,Veneto,4905854,5016475,102.25,0.14
3278,2021-05-16,VEN,28416,14010,14406,20309,7080,1027,ITH,ITH3,5,Veneto,Veneto,4905854,5044891,102.83,0.58
3279,2020-12-31,VEN,3219,1042,2177,3219,0,0,ITH,ITH3,5,Veneto,Veneto,4905854,5048110,102.9,0.07
3280,2021-07-04,VEN,33866,17573,16293,14969,18278,619,ITH,ITH3,5,Veneto,Veneto,4905854,5081976,103.59,0.69
3281,2021-04-12,VEN,14909,6339,8570,6393,8216,300,ITH,ITH3,5,Veneto,Veneto,4905854,5096885,103.89,0.3
3282,2021-01-02,VEN,5744,1767,3977,5743,0,1,ITH,ITH3,5,Veneto,Veneto,4905854,5102629,104.01,0.12
3283,2021-01-19,VEN,1310,473,837,1159,150,1,ITH,ITH3,5,Veneto,Veneto,4905854,5103939,104.04,0.03
3284,2021-07-23,VEN,30723,16110,14613,10438,19907,378,ITH,ITH3,5,Veneto,Veneto,4905854,5134662,104.66,0.63
3285,2021-05-01,VEN,38855,18239,20616,28693,8935,1227,ITH,ITH3,5,Veneto,Veneto,4905854,5173517,105.46,0.79
3286,2021-06-07,PIE,34891,17863,17028,29501,4790,600,ITC,ITC1,1,Piemonte,Piemonte,4356406,34891,0.8,0.8
3287,2020-12-28,PIE,1,1,0,1,0,0,ITC,ITC1,1,Piemonte,Piemonte,4356406,34892,0.8,0.0
3288,2021-05-19,PIE,33125,15295,17830,21422,11121,582,ITC,ITC1,1,Piemonte,Piemonte,4356406,68017,1.56,0.76
3289,2021-03-14,PIE,8201,3335,4866,5170,2896,135,ITC,ITC1,1,Piemonte,Piemonte,4356406,76218,1.75,0.19
3290,2021-05-10,PIE,28949,13953,14996,15251,13107,591,ITC,ITC1,1,Piemonte,Piemonte,4356406,105167,2.41,0.66
3291,2021-01-30,PIE,5980,2135,3845,216,5763,1,ITC,ITC1,1,Piemonte,Piemonte,4356406,111147,2.55,0.14
3292,2021-06-24,PIE,39178,19667,19511,18299,20302,577,ITC,ITC1,1,Piemonte,Piemonte,4356406,150325,3.45,0.9
3293,2021-03-16,PIE,10512,4269,6243,4369,6051,92,ITC,ITC1,1,Piemonte,Piemonte,4356406,160837,3.69,0.24
3294,2021-05-12,PIE,31865,15177,16688,18351,12897,617,ITC,ITC1,1,Piemonte,Piemonte,4356406,192702,4.42,0.73
3295,2021-07-15,PIE,42430,21937,20493,4060,37931,439,ITC,ITC1,1,Piemonte,Piemonte,4356406,235132,5.4,0.97
3296,2021-04-23,PIE,27416,12596,14820,19973,6760,683,ITC,ITC1,1,Piemonte,Piemonte,4356406,262548,6.03,0.63
3297,2021-07-06,PIE,38262,19380,18882,8660,29081,521,ITC,ITC1,1,Piemonte,Piemonte,4356406,300810,6.91,0.88
3298,2021-03-28,PIE,16056,6897,9159,8112,7621,323,ITC,ITC1,1,Piemonte,Piemonte,4356406,316866,7.27,0.37
3299,2021-07-20,PIE,38856,20430,18426,5990,32591,275,ITC,ITC1,1,Piemonte,Piemonte,4356406,355722,8.17,0.89
3300,2021-04-11,PIE,20823,9319,11504,18220,2149,454,ITC,ITC1,1,Piemonte,Piemonte,4356406,376545,8.64,0.48
3301,2021-01-04,PIE,5559,1677,3882,5558,0,1,ITC,ITC1,1,Piemonte,Piemonte,4356406,382104,8.77,0.13
3302,2021-04-28,PIE,26030,11730,14300,15463,10033,534,ITC,ITC1,1,Piemonte,Piemonte,4356406,408134,9.37,0.6
3303,2021-01-18,PIE,6165,2046,4119,5912,249,4,ITC,ITC1,1,Piemonte,Piemonte,4356406,414299,9.51,0.14
3304,2021-06-19,PIE,40033,20310,19723,22859,16655,519,ITC,ITC1,1,Piemonte,Piemonte,4356406,454332,10.43,0.92
3305,2021-02-04,PIE,10202,3339,6863,581,9619,2,ITC,ITC1,1,Piemonte,Piemonte,4356406,464534,10.66,0.23
3306,2021-03-23,PIE,13182,5556,7626,6631,6243,308,ITC,ITC1,1,Piemonte,Piemonte,4356406,477716,10.97,0.3
3307,2021-01-16,PIE,7761,2624,5137,7754,0,7,ITC,ITC1,1,Piemonte,Piemonte,4356406,485477,11.14,0.18
3308,2021-07-08,PIE,40899,20921,19978,7465,32910,524,ITC,ITC1,1,Piemonte,Piemonte,4356406,526376,12.08,0.94
3309,2021-01-23,PIE,4256,1327,2929,878,3376,2,ITC,ITC1,1,Piemonte,Piemonte,4356406,530632,12.18,0.1
3310,2021-05-24,PIE,28975,13419,15556,16632,11964,379,ITC,ITC1,1,Piemonte,Piemonte,4356406,559607,12.85,0.67
3311,2021-03-02,PIE,11245,4548,6697,10246,815,184,ITC,ITC1,1,Piemonte,Piemonte,4356406,570852,13.1,0.26
3312,2021-02-11,PIE,6758,2105,4653,2981,3758,19,ITC,ITC1,1,Piemonte,Piemonte,4356406,577610,13.26,0.16
3313,2021-04-09,PIE,25868,11391,14477,20813,4503,552,ITC,ITC1,1,Piemonte,Piemonte,4356406,603478,13.85,0.59
3314,2020-12-30,PIE,731,322,409,731,0,0,ITC,ITC1,1,Piemonte,Piemonte,4356406,604209,13.87,0.02
3315,2021-06-05,PIE,36931,18921,18010,31873,4455,603,ITC,ITC1,1,Piemonte,Piemonte,4356406,641140,14.72,0.85
3316,2021-02-25,PIE,12208,5246,6962,11484,545,179,ITC,ITC1,1,Piemonte,Piemonte,4356406,653348,15.0,0.28
3317,2021-02-08,PIE,6915,2354,4561,661,6250,4,ITC,ITC1,1,Piemonte,Piemonte,4356406,660263,15.16,0.16
3318,2021-05-02,PIE,25081,11268,13813,13957,10742,382,ITC,ITC1,1,Piemonte,Piemonte,4356406,685344,15.73,0.58
3319,2021-06-26,PIE,41148,20937,20211,21932,18539,677,ITC,ITC1,1,Piemonte,Piemonte,4356406,726492,16.68,0.94
3320,2021-07-13,PIE,38820,20032,18788,3670,34838,312,ITC,ITC1,1,Piemonte,Piemonte,4356406,765312,17.57,0.89
3321,2021-04-04,PIE,9252,4057,5195,6393,2710,149,ITC,ITC1,1,Piemonte,Piemonte,4356406,774564,17.78,0.21
3322,2021-04-21,PIE,25731,11826,13905,19739,5338,654,ITC,ITC1,1,Piemonte,Piemonte,4356406,800295,18.37,0.59
3323,2021-01-11,PIE,8737,2978,5759,8731,0,6,ITC,ITC1,1,Piemonte,Piemonte,4356406,809032,18.57,0.2
3324,2021-06-28,PIE,38385,19062,19323,15106,22718,561,ITC,ITC1,1,Piemonte,Piemonte,4356406,847417,19.45,0.88
3325,2021-04-06,PIE,20238,8808,11430,14594,5196,448,ITC,ITC1,1,Piemonte,Piemonte,4356406,867655,19.92,0.46
3326,2020-12-27,PIE,913,369,544,913,0,0,ITC,ITC1,1,Piemonte,Piemonte,4356406,868568,19.94,0.02
3327,2021-04-30,PIE,31830,14320,17510,17838,13327,665,ITC,ITC1,1,Piemonte,Piemonte,4356406,900398,20.67,0.73
3328,2021-06-02,PIE,26531,12997,13534,21623,4467,441,ITC,ITC1,1,Piemonte,Piemonte,4356406,926929,21.28,0.61
3329,2021-02-22,PIE,8477,3468,5009,7786,590,101,ITC,ITC1,1,Piemonte,Piemonte,4356406,935406,21.47,0.19
3330,2021-03-11,PIE,13900,5205,8695,10558,3097,245,ITC,ITC1,1,Piemonte,Piemonte,4356406,949306,21.79,0.32
3331,2021-04-02,PIE,20140,8315,11825,11326,8421,393,ITC,ITC1,1,Piemonte,Piemonte,4356406,969446,22.25,0.46
3332,2021-05-29,PIE,32798,15228,17570,20273,12165,360,ITC,ITC1,1,Piemonte,Piemonte,4356406,1002244,23.01,0.75
3333,2021-02-18,PIE,4788,2094,2694,4272,430,86,ITC,ITC1,1,Piemonte,Piemonte,4356406,1007032,23.12,0.11
3334,2021-04-16,PIE,28394,13207,15187,22652,4991,751,ITC,ITC1,1,Piemonte,Piemonte,4356406,1035426,23.77,0.65
3335,2021-05-17,PIE,30909,14601,16308,17358,13149,402,ITC,ITC1,1,Piemonte,Piemonte,4356406,1066335,24.48,0.71
3336,2021-02-06,PIE,7992,2665,5327,396,7594,2,ITC,ITC1,1,Piemonte,Piemonte,4356406,1074327,24.66,0.18
3337,2021-02-23,PIE,9232,3713,5519,8479,581,172,ITC,ITC1,1,Piemonte,Piemonte,4356406,1083559,24.87,0.21
3338,2021-05-31,PIE,29103,14054,15049,20119,8577,407,ITC,ITC1,1,Piemonte,Piemonte,4356406,1112662,25.54,0.67
3339,2021-06-17,PIE,41042,20602,20440,24132,16318,592,ITC,ITC1,1,Piemonte,Piemonte,4356406,1153704,26.48,0.94
3340,2021-03-09,PIE,14207,5652,8555,11639,2341,227,ITC,ITC1,1,Piemonte,Piemonte,4356406,1167911,26.81,0.33
3341,2021-03-21,PIE,10723,4739,5984,4024,6532,167,ITC,ITC1,1,Piemonte,Piemonte,4356406,1178634,27.06,0.25
3342,2021-05-05,PIE,32236,15143,17093,18548,13062,626,ITC,ITC1,1,Piemonte,Piemonte,4356406,1210870,27.8,0.74
3343,2021-07-01,PIE,41845,20946,20899,19821,21121,903,ITC,ITC1,1,Piemonte,Piemonte,4356406,1252715,28.76,0.96
3344,2021-06-12,PIE,42579,22448,20131,39210,2626,743,ITC,ITC1,1,Piemonte,Piemonte,4356406,1295294,29.73,0.98
3345,2021-07-12,PIE,39119,20174,18945,4530,34146,443,ITC,ITC1,1,Piemonte,Piemonte,4356406,1334413,30.63,0.9
3346,2021-04-20,PIE,25481,11666,13815,18527,6344,610,ITC,ITC1,1,Piemonte,Piemonte,4356406,1359894,31.22,0.58
3347,2021-05-07,PIE,33072,15643,17429,18367,14121,584,ITC,ITC1,1,Piemonte,Piemonte,4356406,1392966,31.98,0.76
3348,2021-01-27,PIE,4193,1451,2742,994,3197,2,ITC,ITC1,1,Piemonte,Piemonte,4356406,1397159,32.07,0.1
3349,2021-02-13,PIE,4156,1338,2818,2917,1225,14,ITC,ITC1,1,Piemonte,Piemonte,4356406,1401315,32.17,0.1
3350,2021-05-21,PIE,36069,16740,19329,19927,15637,505,ITC,ITC1,1,Piemonte,Piemonte,4356406,1437384,32.99,0.83
3351,2021-07-17,PIE,41893,22056,19837,4954,36476,463,ITC,ITC1,1,Piemonte,Piemonte,4356406,1479277,33.96,0.96
3352,2021-02-01,PIE,8655,3052,5603,575,8079,1,ITC,ITC1,1,Piemonte,Piemonte,4356406,1487932,34.16,0.2
3353,2021-05-14,PIE,33406,16274,17132,17324,15420,662,ITC,ITC1,1,Piemonte,Piemonte,4356406,1521338,34.92,0.77
3354,2021-02-27,PIE,12673,4845,7828,12102,344,227,ITC,ITC1,1,Piemonte,Piemonte,4356406,1534011,35.21,0.29
3355,2021-04-25,PIE,20230,9306,10924,17285,2501,444,ITC,ITC1,1,Piemonte,Piemonte,4356406,1554241,35.68,0.46
3356,2021-01-15,PIE,9100,3006,6094,9094,0,6,ITC,ITC1,1,Piemonte,Piemonte,4356406,1563341,35.89,0.21
3357,2021-06-21,PIE,38358,19151,19207,17105,20707,546,ITC,ITC1,1,Piemonte,Piemonte,4356406,1601699,36.77,0.88
3358,2021-03-13,PIE,13023,4714,8309,11323,1432,268,ITC,ITC1,1,Piemonte,Piemonte,4356406,1614722,37.07,0.3
3359,2021-04-18,PIE,22927,10797,12130,19624,2747,556,ITC,ITC1,1,Piemonte,Piemonte,4356406,1637649,37.59,0.53
3360,2021-01-08,PIE,5523,1758,3765,5521,0,2,ITC,ITC1,1,Piemonte,Piemonte,4356406,1643172,37.72,0.13
3361,2021-06-14,PIE,37948,19556,18392,30194,7091,663,ITC,ITC1,1,Piemonte,Piemonte,4356406,1681120,38.59,0.87
3362,2021-06-09,PIE,38582,20337,18245,35106,2713,763,ITC,ITC1,1,Piemonte,Piemonte,4356406,1719702,39.48,0.89
3363,2021-03-18,PIE,11758,4804,6954,3836,7731,191,ITC,ITC1,1,Piemonte,Piemonte,4356406,1731460,39.75,0.27
3364,2021-03-25,PIE,17125,7266,9859,8054,8635,436,ITC,ITC1,1,Piemonte,Piemonte,4356406,1748585,40.14,0.39
3365,2021-07-22,PIE,41024,21598,19426,7232,33506,286,ITC,ITC1,1,Piemonte,Piemonte,4356406,1789609,41.08,0.94
3366,2021-04-13,PIE,25932,11610,14322,21829,3457,646,ITC,ITC1,1,Piemonte,Piemonte,4356406,1815541,41.68,0.6
3367,2021-01-20,PIE,6601,2084,4517,5875,719,7,ITC,ITC1,1,Piemonte,Piemonte,4356406,1822142,41.83,0.15
3368,2021-02-03,PIE,10202,3306,6896,606,9594,2,ITC,ITC1,1,Piemonte,Piemonte,4356406,1832344,42.06,0.23
3369,2021-01-01,PIE,1038,395,643,1037,0,1,ITC,ITC1,1,Piemonte,Piemonte,4356406,1833382,42.08,0.02
3370,2021-07-05,PIE,35563,17789,17774,11707,23209,647,ITC,ITC1,1,Piemonte,Piemonte,4356406,1868945,42.9,0.82
3371,2021-04-17,PIE,30447,14147,16300,26450,3306,691,ITC,ITC1,1,Piemonte,Piemonte,4356406,1899392,43.6,0.7
3372,2021-06-13,PIE,37961,20039,17922,33108,4122,731,ITC,ITC1,1,Piemonte,Piemonte,4356406,1937353,44.47,0.87
3373,2021-02-10,PIE,7528,2368,5160,1298,6215,15,ITC,ITC1,1,Piemonte,Piemonte,4356406,1944881,44.64,0.17
3374,2021-04-08,PIE,25291,11003,14288,20020,4721,550,ITC,ITC1,1,Piemonte,Piemonte,4356406,1970172,45.22,0.58
3375,2021-03-03,PIE,12257,4771,7486,11249,818,190,ITC,ITC1,1,Piemonte,Piemonte,4356406,1982429,45.51,0.28
3376,2021-03-20,PIE,11915,4896,7019,5775,5896,244,ITC,ITC1,1,Piemonte,Piemonte,4356406,1994344,45.78,0.27
3377,2021-07-03,PIE,40043,20106,19937,15339,24027,677,ITC,ITC1,1,Piemonte,Piemonte,4356406,2034387,46.7,0.92
3378,2021-03-30,PIE,16979,7110,9869,8725,7870,384,ITC,ITC1,1,Piemonte,Piemonte,4356406,2051366,47.09,0.39
3379,2021-07-10,PIE,41123,20833,20290,6709,33898,516,ITC,ITC1,1,Piemonte,Piemonte,4356406,2092489,48.03,0.94
3380,2021-04-01,PIE,19371,8108,11263,10941,8121,309,ITC,ITC1,1,Piemonte,Piemonte,4356406,2111860,48.48,0.44
3381,2021-01-13,PIE,10072,3225,6847,10063,0,9,ITC,ITC1,1,Piemonte,Piemonte,4356406,2121932,48.71,0.23
3382,2021-06-16,PIE,40356,20229,20127,23501,16247,608,ITC,ITC1,1,Piemonte,Piemonte,4356406,2162288,49.63,0.93
3383,2021-01-06,PIE,3107,1103,2004,3106,0,1,ITC,ITC1,1,Piemonte,Piemonte,4356406,2165395,49.71,0.07
3384,2021-02-20,PIE,3831,1253,2578,3559,173,99,ITC,ITC1,1,Piemonte,Piemonte,4356406,2169226,49.79,0.09
3385,2021-04-29,PIE,48417,21944,26473,34651,12612,1154,ITC,ITC1,1,Piemonte,Piemonte,4356406,2217643,50.91,1.11
3386,2021-05-16,PIE,28157,12784,15373,14730,13055,372,ITC,ITC1,1,Piemonte,Piemonte,4356406,2245800,51.55,0.65
3387,2021-02-05,PIE,9598,3136,6462,653,8943,2,ITC,ITC1,1,Piemonte,Piemonte,4356406,2255398,51.77,0.22
3388,2021-05-18,PIE,32117,14826,17291,19017,12660,440,ITC,ITC1,1,Piemonte,Piemonte,4356406,2287515,52.51,0.74
3389,2021-07-19,PIE,39512,20571,18941,4613,34618,281,ITC,ITC1,1,Piemonte,Piemonte,4356406,2327027,53.42,0.91
3390,2021-04-10,PIE,30149,13403,16746,25252,4263,634,ITC,ITC1,1,Piemonte,Piemonte,4356406,2357176,54.11,0.69
3391,2021-04-15,PIE,29521,13528,15993,23384,5476,661,ITC,ITC1,1,Piemonte,Piemonte,4356406,2386697,54.79,0.68
3392,2021-01-05,PIE,5373,1601,3772,5368,0,5,ITC,ITC1,1,Piemonte,Piemonte,4356406,2392070,54.91,0.12
3393,2021-06-22,PIE,40559,20037,20522,17791,22249,519,ITC,ITC1,1,Piemonte,Piemonte,4356406,2432629,55.84,0.93
3394,2021-01-07,PIE,5368,1729,3639,5366,0,2,ITC,ITC1,1,Piemonte,Piemonte,4356406,2437997,55.96,0.12
3395,2021-03-05,PIE,15550,6225,9325,11464,3816,270,ITC,ITC1,1,Piemonte,Piemonte,4356406,2453547,56.32,0.36
3396,2021-06-15,PIE,38901,20040,18861,26495,11765,641,ITC,ITC1,1,Piemonte,Piemonte,4356406,2492448,57.21,0.89
3397,2021-03-07,PIE,11977,4664,7313,10857,878,242,ITC,ITC1,1,Piemonte,Piemonte,4356406,2504425,57.49,0.27
3398,2020-12-31,PIE,3878,1320,2558,3878,0,0,ITC,ITC1,1,Piemonte,Piemonte,4356406,2508303,57.58,0.09
3399,2021-05-06,PIE,33387,15764,17623,19276,13522,589,ITC,ITC1,1,Piemonte,Piemonte,4356406,2541690,58.34,0.77
3400,2021-05-23,PIE,28721,13141,15580,15459,12949,313,ITC,ITC1,1,Piemonte,Piemonte,4356406,2570411,59.0,0.66
3401,2021-02-12,PIE,6883,2212,4671,3899,2961,23,ITC,ITC1,1,Piemonte,Piemonte,4356406,2577294,59.16,0.16
3402,2021-03-01,PIE,12109,4910,7199,11132,808,169,ITC,ITC1,1,Piemonte,Piemonte,4356406,2589403,59.44,0.28
3403,2021-05-25,PIE,31141,14447,16694,15610,15141,390,ITC,ITC1,1,Piemonte,Piemonte,4356406,2620544,60.15,0.71
3404,2021-06-11,PIE,43538,23050,20488,39926,2831,781,ITC,ITC1,1,Piemonte,Piemonte,4356406,2664082,61.15,1.0
3405,2021-04-19,PIE,22540,10762,11778,17641,4350,549,ITC,ITC1,1,Piemonte,Piemonte,4356406,2686622,61.67,0.52
3406,2021-01-09,PIE,6177,2182,3995,6176,0,1,ITC,ITC1,1,Piemonte,Piemonte,4356406,2692799,61.81,0.14
3407,2021-01-26,PIE,6332,1881,4451,731,5600,1,ITC,ITC1,1,Piemonte,Piemonte,4356406,2699131,61.96,0.15
3408,2021-06-23,PIE,39681,19702,19979,16378,22828,475,ITC,ITC1,1,Piemonte,Piemonte,4356406,2738812,62.87,0.91
3409,2021-03-08,PIE,14130,5462,8668,11187,2711,232,ITC,ITC1,1,Piemonte,Piemonte,4356406,2752942,63.19,0.32
3410,2021-05-04,PIE,28577,13140,15437,15892,12179,506,ITC,ITC1,1,Piemonte,Piemonte,4356406,2781519,63.85,0.66
3411,2021-01-24,PIE,3153,959,2194,432,2719,2,ITC,ITC1,1,Piemonte,Piemonte,4356406,2784672,63.92,0.07
3412,2021-06-30,PIE,41202,20152,21050,18455,21924,823,ITC,ITC1,1,Piemonte,Piemonte,4356406,2825874,64.87,0.95
3413,2021-03-06,PIE,13997,5217,8780,11037,2788,172,ITC,ITC1,1,Piemonte,Piemonte,4356406,2839871,65.19,0.32
3414,2021-01-22,PIE,3865,1249,2616,2523,1340,2,ITC,ITC1,1,Piemonte,Piemonte,4356406,2843736,65.28,0.09
3415,2021-07-02,PIE,43703,21992,21711,17412,25502,789,ITC,ITC1,1,Piemonte,Piemonte,4356406,2887439,66.28,1.0
3416,2021-05-28,PIE,35048,16604,18444,18659,15982,407,ITC,ITC1,1,Piemonte,Piemonte,4356406,2922487,67.08,0.8
3417,2021-01-25,PIE,6211,1937,4274,975,5234,2,ITC,ITC1,1,Piemonte,Piemonte,4356406,2928698,67.23,0.14
3418,2021-05-30,PIE,27703,13185,14518,18009,9325,369,ITC,ITC1,1,Piemonte,Piemonte,4356406,2956401,67.86,0.64
3419,2021-02-19,PIE,5533,2175,3358,4912,501,120,ITC,ITC1,1,Piemonte,Piemonte,4356406,2961934,67.99,0.13
3420,2021-06-04,PIE,37546,19631,17915,34027,2949,570,ITC,ITC1,1,Piemonte,Piemonte,4356406,2999480,68.85,0.86
3421,2021-02-24,PIE,11375,4602,6773,10728,504,143,ITC,ITC1,1,Piemonte,Piemonte,4356406,3010855,69.11,0.26
3422,2021-05-13,PIE,35675,17526,18149,19858,15115,702,ITC,ITC1,1,Piemonte,Piemonte,4356406,3046530,69.93,0.82
3423,2021-02-02,PIE,10251,3513,6738,805,9445,1,ITC,ITC1,1,Piemonte,Piemonte,4356406,3056781,70.17,0.24
3424,2021-07-09,PIE,40377,20599,19778,5765,34111,501,ITC,ITC1,1,Piemonte,Piemonte,4356406,3097158,71.09,0.93
3425,2021-03-31,PIE,19125,8120,11005,10099,8690,336,ITC,ITC1,1,Piemonte,Piemonte,4356406,3116283,71.53,0.44
3426,2021-05-27,PIE,37378,17383,19995,18809,18133,436,ITC,ITC1,1,Piemonte,Piemonte,4356406,3153661,72.39,0.86
3427,2021-02-16,PIE,3965,1755,2210,3159,758,48,ITC,ITC1,1,Piemonte,Piemonte,4356406,3157626,72.48,0.09
3428,2021-03-22,PIE,11524,4892,6632,3715,7600,209,ITC,ITC1,1,Piemonte,Piemonte,4356406,3169150,72.75,0.26
3429,2021-04-27,PIE,22611,10217,12394,16832,5145,634,ITC,ITC1,1,Piemonte,Piemonte,4356406,3191761,73.27,0.52
3430,2021-01-17,PIE,3515,1168,2347,2864,649,2,ITC,ITC1,1,Piemonte,Piemonte,4356406,3195276,73.35,0.08
3431,2021-03-15,PIE,10680,4193,6487,4917,5611,152,ITC,ITC1,1,Piemonte,Piemonte,4356406,3205956,73.59,0.25
3432,2021-05-11,PIE,32050,15447,16603,18184,13227,639,ITC,ITC1,1,Piemonte,Piemonte,4356406,3238006,74.33,0.74
3433,2021-01-31,PIE,4114,1754,2360,111,4003,0,ITC,ITC1,1,Piemonte,Piemonte,4356406,3242120,74.42,0.09
3434,2021-07-18,PIE,32863,17241,15622,3276,29303,284,ITC,ITC1,1,Piemonte,Piemonte,4356406,3274983,75.18,0.75
3435,2021-02-07,PIE,3083,971,2112,440,2642,1,ITC,ITC1,1,Piemonte,Piemonte,4356406,3278066,75.25,0.07
3436,2021-07-11,PIE,33128,16888,16240,4519,28307,302,ITC,ITC1,1,Piemonte,Piemonte,4356406,3311194,76.01,0.76
3437,2021-05-22,PIE,33487,15121,18366,16867,16216,404,ITC,ITC1,1,Piemonte,Piemonte,4356406,3344681,76.78,0.77
3438,2021-06-18,PIE,40548,20262,20286,25735,14171,642,ITC,ITC1,1,Piemonte,Piemonte,4356406,3385229,77.71,0.93
3439,2021-03-10,PIE,13812,5338,8474,11266,2292,254,ITC,ITC1,1,Piemonte,Piemonte,4356406,3399041,78.02,0.32
3440,2021-03-27,PIE,18386,7823,10563,9128,8823,435,ITC,ITC1,1,Piemonte,Piemonte,4356406,3417427,78.45,0.42
3441,2021-05-08,PIE,34264,16262,18002,18115,15634,515,ITC,ITC1,1,Piemonte,Piemonte,4356406,3451691,79.23,0.79
3442,2021-01-28,PIE,5588,1808,3780,380,5208,0,ITC,ITC1,1,Piemonte,Piemonte,4356406,3457279,79.36,0.13
3443,2021-02-14,PIE,1476,498,978,869,600,7,ITC,ITC1,1,Piemonte,Piemonte,4356406,3458755,79.39,0.03
3444,2021-03-24,PIE,15552,6391,9161,6104,9120,328,ITC,ITC1,1,Piemonte,Piemonte,4356406,3474307,79.75,0.36
3445,2021-05-20,PIE,38611,17937,20674,13319,24939,353,ITC,ITC1,1,Piemonte,Piemonte,4356406,3512918,80.64,0.89
3446,2021-02-09,PIE,7385,2312,5073,713,6670,2,ITC,ITC1,1,Piemonte,Piemonte,4356406,3520303,80.81,0.17
3447,2021-07-16,PIE,41900,21898,20002,3615,37902,383,ITC,ITC1,1,Piemonte,Piemonte,4356406,3562203,81.77,0.96
3448,2021-01-19,PIE,6453,2102,4351,6435,9,9,ITC,ITC1,1,Piemonte,Piemonte,4356406,3568656,81.92,0.15
3449,2021-07-23,PIE,31907,16831,15076,6462,25153,292,ITC,ITC1,1,Piemonte,Piemonte,4356406,3600563,82.65,0.73
3450,2021-04-14,PIE,27672,12546,15126,22457,4519,696,ITC,ITC1,1,Piemonte,Piemonte,4356406,3628235,83.29,0.64
3451,2021-06-03,PIE,34618,17884,16734,29701,4407,510,ITC,ITC1,1,Piemonte,Piemonte,4356406,3662853,84.08,0.79
3452,2021-01-03,PIE,3059,965,2094,3057,0,2,ITC,ITC1,1,Piemonte,Piemonte,4356406,3665912,84.15,0.07
3453,2021-07-07,PIE,37915,18846,19069,9671,27697,547,ITC,ITC1,1,Piemonte,Piemonte,4356406,3703827,85.02,0.87
3454,2021-03-29,PIE,15242,6469,8773,8375,6610,257,ITC,ITC1,1,Piemonte,Piemonte,4356406,3719069,85.37,0.35
3455,2021-07-21,PIE,37824,20072,17752,6763,30815,246,ITC,ITC1,1,Piemonte,Piemonte,4356406,3756893,86.24,0.87
3456,2021-04-12,PIE,22925,10356,12569,19436,2986,503,ITC,ITC1,1,Piemonte,Piemonte,4356406,3779818,86.76,0.53
3457,2021-01-02,PIE,3539,1132,2407,3538,0,1,ITC,ITC1,1,Piemonte,Piemonte,4356406,3783357,86.85,0.08
3458,2021-06-06,PIE,35080,18329,16751,32052,2488,540,ITC,ITC1,1,Piemonte,Piemonte,4356406,3818437,87.65,0.81
3459,2021-02-17,PIE,4791,2157,2634,3743,990,58,ITC,ITC1,1,Piemonte,Piemonte,4356406,3823228,87.76,0.11
3460,2021-06-08,PIE,37648,19495,18153,34127,2839,682,ITC,ITC1,1,Piemonte,Piemonte,4356406,3860876,88.63,0.86
3461,2021-04-26,PIE,19800,8752,11048,14911,4397,492,ITC,ITC1,1,Piemonte,Piemonte,4356406,3880676,89.08,0.45
3462,2021-04-07,PIE,23590,9987,13603,17616,5458,516,ITC,ITC1,1,Piemonte,Piemonte,4356406,3904266,89.62,0.54
3463,2021-05-01,PIE,28538,12995,15543,16318,11788,432,ITC,ITC1,1,Piemonte,Piemonte,4356406,3932804,90.28,0.66
3464,2021-01-21,PIE,6868,2311,4557,3366,3496,6,ITC,ITC1,1,Piemonte,Piemonte,4356406,3939672,90.43,0.16
3465,2021-05-15,PIE,33765,15737,18028,19392,13715,658,ITC,ITC1,1,Piemonte,Piemonte,4356406,3973437,91.21,0.78
3466,2021-06-01,PIE,29301,14700,14601,24454,4424,423,ITC,ITC1,1,Piemonte,Piemonte,4356406,4002738,91.88,0.67
3467,2021-02-21,PIE,5088,2083,3005,4936,102,50,ITC,ITC1,1,Piemonte,Piemonte,4356406,4007826,92.0,0.12
3468,2021-05-03,PIE,26681,12206,14475,12041,14207,433,ITC,ITC1,1,Piemonte,Piemonte,4356406,4034507,92.61,0.61
3469,2021-02-26,PIE,12284,4928,7356,11344,736,204,ITC,ITC1,1,Piemonte,Piemonte,4356406,4046791,92.89,0.28
3470,2021-04-24,PIE,27496,12431,15065,21292,5657,547,ITC,ITC1,1,Piemonte,Piemonte,4356406,4074287,93.52,0.63
3471,2021-06-20,PIE,34044,17074,16970,18735,14770,539,ITC,ITC1,1,Piemonte,Piemonte,4356406,4108331,94.31,0.78
3472,2021-03-12,PIE,14098,5327,8771,10885,2935,278,ITC,ITC1,1,Piemonte,Piemonte,4356406,4122429,94.63,0.32
3473,2021-07-04,PIE,33725,16998,16727,11232,21906,587,ITC,ITC1,1,Piemonte,Piemonte,4356406,4156154,95.4,0.77
3474,2021-03-26,PIE,17882,7103,10779,8475,8882,525,ITC,ITC1,1,Piemonte,Piemonte,4356406,4174036,95.81,0.41
3475,2021-01-14,PIE,9754,3146,6608,9748,0,6,ITC,ITC1,1,Piemonte,Piemonte,4356406,4183790,96.04,0.22
3476,2021-05-09,PIE,27143,12928,14215,13146,13618,379,ITC,ITC1,1,Piemonte,Piemonte,4356406,4210933,96.66,0.62
3477,2021-05-26,PIE,32745,15102,17643,15315,17077,353,ITC,ITC1,1,Piemonte,Piemonte,4356406,4243678,97.41,0.75
3478,2021-02-15,PIE,4425,1597,2828,3196,1205,24,ITC,ITC1,1,Piemonte,Piemonte,4356406,4248103,97.51,0.1
3479,2021-03-04,PIE,14633,5859,8774,11474,2941,218,ITC,ITC1,1,Piemonte,Piemonte,4356406,4262736,97.85,0.34
3480,2021-06-25,PIE,45440,22648,22792,20249,24520,671,ITC,ITC1,1,Piemonte,Piemonte,4356406,4308176,98.89,1.04
3481,2021-04-03,PIE,19444,8179,11265,10595,8543,306,ITC,ITC1,1,Piemonte,Piemonte,4356406,4327620,99.34,0.45
3482,2021-01-10,PIE,5205,2272,2933,5203,0,2,ITC,ITC1,1,Piemonte,Piemonte,4356406,4332825,99.46,0.12
3483,2021-07-14,PIE,38939,20034,18905,3572,34950,417,ITC,ITC1,1,Piemonte,Piemonte,4356406,4371764,100.35,0.89
3484,2021-04-22,PIE,27656,12737,14919,20191,6689,776,ITC,ITC1,1,Piemonte,Piemonte,4356406,4399420,100.99,0.63
3485,2021-01-12,PIE,10077,3411,6666,10070,0,7,ITC,ITC1,1,Piemonte,Piemonte,4356406,4409497,101.22,0.23
3486,2021-01-29,PIE,5937,1883,4054,452,5485,0,ITC,ITC1,1,Piemonte,Piemonte,4356406,4415434,101.35,0.14
3487,2021-02-28,PIE,10807,4057,6750,10395,240,172,ITC,ITC1,1,Piemonte,Piemonte,4356406,4426241,101.6,0.25
3488,2021-03-17,PIE,12515,5055,7460,5041,7294,180,ITC,ITC1,1,Piemonte,Piemonte,4356406,4438756,101.89,0.29
3489,2021-06-10,PIE,40360,21089,19271,36948,2568,844,ITC,ITC1,1,Piemonte,Piemonte,4356406,4479116,102.82,0.93
3490,2021-06-27,PIE,37500,18593,18907,15189,21738,573,ITC,ITC1,1,Piemonte,Piemonte,4356406,4516616,103.68,0.86
3491,2021-03-19,PIE,11025,4517,6508,4216,6603,206,ITC,ITC1,1,Piemonte,Piemonte,4356406,4527641,103.93,0.25
3492,2021-04-05,PIE,14741,6232,8509,11940,2550,251,ITC,ITC1,1,Piemonte,Piemonte,4356406,4542382,104.27,0.34
3493,2021-06-29,PIE,40488,20226,20262,19200,20649,639,ITC,ITC1,1,Piemonte,Piemonte,4356406,4582870,105.2,0.93
3494,2021-06-26,LAZ,56123,26447,29676,24661,30893,569,ITI,ITI4,12,Lazio,Lazio,5879082,56123,0.95,0.95
3495,2021-04-30,LAZ,41432,18364,23068,26526,14253,653,ITI,ITI4,12,Lazio,Lazio,5879082,97555,1.66,0.7
3496,2021-06-19,LAZ,66410,31303,35107,35264,30361,785,ITI,ITI4,12,Lazio,Lazio,5879082,163965,2.79,1.13
3497,2021-07-22,LAZ,60795,30375,30420,28401,30918,1476,ITI,ITI4,12,Lazio,Lazio,5879082,224760,3.82,1.03
3498,2021-05-17,LAZ,44575,20416,24159,35585,8587,403,ITI,ITI4,12,Lazio,Lazio,5879082,269335,4.58,0.76
3499,2021-02-06,LAZ,6168,2498,3670,839,5323,6,ITI,ITI4,12,Lazio,Lazio,5879082,275503,4.69,0.1
3500,2021-05-26,LAZ,47577,21866,25711,34813,12114,650,ITI,ITI4,12,Lazio,Lazio,5879082,323080,5.5,0.81
3501,2021-03-04,LAZ,19424,8727,10697,14172,5019,233,ITI,ITI4,12,Lazio,Lazio,5879082,342504,5.83,0.33
3502,2021-06-12,LAZ,69868,32084,37784,39863,29377,628,ITI,ITI4,12,Lazio,Lazio,5879082,412372,7.01,1.19
3503,2021-06-14,LAZ,62832,29447,33385,32127,30161,544,ITI,ITI4,12,Lazio,Lazio,5879082,475204,8.08,1.07
3504,2021-03-21,LAZ,18246,7179,11067,13006,5051,189,ITI,ITI4,12,Lazio,Lazio,5879082,493450,8.39,0.31
3505,2020-12-30,LAZ,1631,630,1001,1620,0,11,ITI,ITI4,12,Lazio,Lazio,5879082,495081,8.42,0.03
3506,2021-07-01,LAZ,48390,23119,25271,7172,41012,206,ITI,ITI4,12,Lazio,Lazio,5879082,543471,9.24,0.82
3507,2021-04-16,LAZ,34449,15709,18740,21964,12103,382,ITI,ITI4,12,Lazio,Lazio,5879082,577920,9.83,0.59
3508,2021-01-23,LAZ,7214,2869,4345,585,6629,0,ITI,ITI4,12,Lazio,Lazio,5879082,585134,9.95,0.12
3509,2021-01-06,LAZ,5124,1963,3161,5004,0,120,ITI,ITI4,12,Lazio,Lazio,5879082,590258,10.04,0.09
3510,2021-02-25,LAZ,12680,5538,7142,11416,1081,183,ITI,ITI4,12,Lazio,Lazio,5879082,602938,10.26,0.22
3511,2021-03-30,LAZ,26965,13105,13860,19465,7152,348,ITI,ITI4,12,Lazio,Lazio,5879082,629903,10.71,0.46
3512,2021-07-08,LAZ,63967,31419,32548,28165,35158,644,ITI,ITI4,12,Lazio,Lazio,5879082,693870,11.8,1.09
3513,2021-04-18,LAZ,23814,10579,13235,15890,7654,270,ITI,ITI4,12,Lazio,Lazio,5879082,717684,12.21,0.41
3514,2021-02-20,LAZ,9207,4272,4935,8363,773,71,ITI,ITI4,12,Lazio,Lazio,5879082,726891,12.36,0.16
3515,2021-05-31,LAZ,51745,23037,28708,30855,19866,1024,ITI,ITI4,12,Lazio,Lazio,5879082,778636,13.24,0.88
3516,2021-04-04,LAZ,17592,8161,9431,12213,5268,111,ITI,ITI4,12,Lazio,Lazio,5879082,796228,13.54,0.3
3517,2021-02-18,LAZ,10020,4976,5044,9100,815,105,ITI,ITI4,12,Lazio,Lazio,5879082,806248,13.71,0.17
3518,2021-05-12,LAZ,47577,21593,25984,30269,16667,641,ITI,ITI4,12,Lazio,Lazio,5879082,853825,14.52,0.81
3519,2021-02-01,LAZ,5678,2180,3498,353,5324,1,ITI,ITI4,12,Lazio,Lazio,5879082,859503,14.62,0.1
3520,2021-07-15,LAZ,44779,21926,22853,6709,37670,400,ITI,ITI4,12,Lazio,Lazio,5879082,904282,15.38,0.76
3521,2021-01-13,LAZ,5695,2152,3543,5533,0,162,ITI,ITI4,12,Lazio,Lazio,5879082,909977,15.48,0.1
3522,2021-04-23,LAZ,37852,18234,19618,22108,15293,451,ITI,ITI4,12,Lazio,Lazio,5879082,947829,16.12,0.64
3523,2021-03-16,LAZ,13544,5739,7805,7020,6444,80,ITI,ITI4,12,Lazio,Lazio,5879082,961373,16.35,0.23
3524,2021-03-09,LAZ,21978,9928,12050,16430,5200,348,ITI,ITI4,12,Lazio,Lazio,5879082,983351,16.73,0.37
3525,2021-01-11,LAZ,5542,2109,3433,5397,0,145,ITI,ITI4,12,Lazio,Lazio,5879082,988893,16.82,0.09
3526,2021-02-11,LAZ,6998,3011,3987,6441,533,24,ITI,ITI4,12,Lazio,Lazio,5879082,995891,16.94,0.12
3527,2021-04-11,LAZ,19166,8481,10685,13117,5887,162,ITI,ITI4,12,Lazio,Lazio,5879082,1015057,17.27,0.33
3528,2021-02-13,LAZ,6613,2627,3986,6149,418,46,ITI,ITI4,12,Lazio,Lazio,5879082,1021670,17.38,0.11
3529,2021-07-20,LAZ,63218,31549,31669,28439,33618,1161,ITI,ITI4,12,Lazio,Lazio,5879082,1084888,18.45,1.08
3530,2021-05-24,LAZ,43986,20168,23818,33540,9783,663,ITI,ITI4,12,Lazio,Lazio,5879082,1128874,19.2,0.75
3531,2021-01-03,LAZ,5255,1973,3282,5196,0,59,ITI,ITI4,12,Lazio,Lazio,5879082,1134129,19.29,0.09
3532,2021-04-13,LAZ,25793,11958,13835,17680,7720,393,ITI,ITI4,12,Lazio,Lazio,5879082,1159922,19.73,0.44
3533,2021-01-08,LAZ,7733,2895,4838,7536,0,197,ITI,ITI4,12,Lazio,Lazio,5879082,1167655,19.86,0.13
3534,2021-05-07,LAZ,48267,22631,25636,30083,17775,409,ITI,ITI4,12,Lazio,Lazio,5879082,1215922,20.68,0.82
3535,2021-03-11,LAZ,25376,11967,13409,18802,6233,341,ITI,ITI4,12,Lazio,Lazio,5879082,1241298,21.11,0.43
3536,2021-07-03,LAZ,53140,25022,28118,4638,48366,136,ITI,ITI4,12,Lazio,Lazio,5879082,1294438,22.02,0.9
3537,2021-02-03,LAZ,6490,2489,4001,957,5526,7,ITI,ITI4,12,Lazio,Lazio,5879082,1300928,22.13,0.11
3538,2021-01-20,LAZ,4813,1947,2866,3265,1544,4,ITI,ITI4,12,Lazio,Lazio,5879082,1305741,22.21,0.08
3539,2021-04-09,LAZ,27647,12565,15082,19107,8256,284,ITI,ITI4,12,Lazio,Lazio,5879082,1333388,22.68,0.47
3540,2021-03-23,LAZ,25380,11914,13466,18441,6600,339,ITI,ITI4,12,Lazio,Lazio,5879082,1358768,23.11,0.43
3541,2021-02-15,LAZ,8032,3543,4489,7310,638,84,ITI,ITI4,12,Lazio,Lazio,5879082,1366800,23.25,0.14
3542,2021-01-29,LAZ,8048,3082,4966,814,7232,2,ITI,ITI4,12,Lazio,Lazio,5879082,1374848,23.39,0.14
3543,2021-05-19,LAZ,47228,21684,25544,36502,10121,605,ITI,ITI4,12,Lazio,Lazio,5879082,1422076,24.19,0.8
3544,2021-01-04,LAZ,7487,2910,4577,7383,0,104,ITI,ITI4,12,Lazio,Lazio,5879082,1429563,24.32,0.13
3545,2021-06-24,LAZ,63921,30499,33422,28597,34682,642,ITI,ITI4,12,Lazio,Lazio,5879082,1493484,25.4,1.09
3546,2021-06-07,LAZ,62415,29200,33215,32536,29295,584,ITI,ITI4,12,Lazio,Lazio,5879082,1555899,26.46,1.06
3547,2021-06-21,LAZ,61908,28756,33152,28491,32831,586,ITI,ITI4,12,Lazio,Lazio,5879082,1617807,27.52,1.05
3548,2021-03-13,LAZ,21807,8730,13077,15681,5894,232,ITI,ITI4,12,Lazio,Lazio,5879082,1639614,27.89,0.37
3549,2021-01-25,LAZ,8116,3248,4868,774,7342,0,ITI,ITI4,12,Lazio,Lazio,5879082,1647730,28.03,0.14
3550,2021-05-05,LAZ,46818,21480,25338,30408,15850,560,ITI,ITI4,12,Lazio,Lazio,5879082,1694548,28.82,0.8
3551,2021-03-02,LAZ,17194,7612,9582,13095,3936,163,ITI,ITI4,12,Lazio,Lazio,5879082,1711742,29.12,0.29
3552,2021-01-18,LAZ,6272,2561,3711,5167,979,126,ITI,ITI4,12,Lazio,Lazio,5879082,1718014,29.22,0.11
3553,2021-04-28,LAZ,32946,15036,17910,20977,11581,388,ITI,ITI4,12,Lazio,Lazio,5879082,1750960,29.78,0.56
3554,2021-06-05,LAZ,66158,32620,33538,42760,22749,649,ITI,ITI4,12,Lazio,Lazio,5879082,1817118,30.91,1.13
3555,2021-03-28,LAZ,19189,7831,11358,13543,5310,336,ITI,ITI4,12,Lazio,Lazio,5879082,1836307,31.23,0.33
3556,2021-06-09,LAZ,70245,33233,37012,35826,33791,628,ITI,ITI4,12,Lazio,Lazio,5879082,1906552,32.43,1.19
3557,2021-01-30,LAZ,7014,2895,4119,808,6205,1,ITI,ITI4,12,Lazio,Lazio,5879082,1913566,32.55,0.12
3558,2021-07-19,LAZ,62846,30907,31939,28298,33465,1083,ITI,ITI4,12,Lazio,Lazio,5879082,1976412,33.62,1.07
3559,2021-01-15,LAZ,6591,2714,3877,6421,0,170,ITI,ITI4,12,Lazio,Lazio,5879082,1983003,33.73,0.11
3560,2021-04-25,LAZ,24529,11256,13273,16425,7822,282,ITI,ITI4,12,Lazio,Lazio,5879082,2007532,34.15,0.42
3561,2021-01-01,LAZ,3554,1382,2172,3514,0,40,ITI,ITI4,12,Lazio,Lazio,5879082,2011086,34.21,0.06
3562,2021-01-10,LAZ,4044,1702,2342,3977,0,67,ITI,ITI4,12,Lazio,Lazio,5879082,2015130,34.28,0.07
3563,2021-06-16,LAZ,64550,30946,33604,32041,31894,615,ITI,ITI4,12,Lazio,Lazio,5879082,2079680,35.37,1.1
3564,2021-05-14,LAZ,51552,23556,27996,32542,18347,663,ITI,ITI4,12,Lazio,Lazio,5879082,2131232,36.25,0.88
3565,2021-03-18,LAZ,14224,6077,8147,7750,6391,83,ITI,ITI4,12,Lazio,Lazio,5879082,2145456,36.49,0.24
3566,2021-03-25,LAZ,29374,13632,15742,22300,6618,456,ITI,ITI4,12,Lazio,Lazio,5879082,2174830,36.99,0.5
3567,2021-02-17,LAZ,9189,4605,4584,8241,880,68,ITI,ITI4,12,Lazio,Lazio,5879082,2184019,37.15,0.16
3568,2021-05-28,LAZ,57192,26585,30607,43089,13312,791,ITI,ITI4,12,Lazio,Lazio,5879082,2241211,38.12,0.97
3569,2021-03-06,LAZ,18357,7084,11273,13883,4257,217,ITI,ITI4,12,Lazio,Lazio,5879082,2259568,38.43,0.31
3570,2021-02-08,LAZ,9743,4155,5588,4506,5235,2,ITI,ITI4,12,Lazio,Lazio,5879082,2269311,38.6,0.17
3571,2021-05-02,LAZ,32645,14341,18304,22815,9369,461,ITI,ITI4,12,Lazio,Lazio,5879082,2301956,39.16,0.56
3572,2021-01-22,LAZ,4008,1637,2371,493,3515,0,ITI,ITI4,12,Lazio,Lazio,5879082,2305964,39.22,0.07
3573,2021-02-27,LAZ,11453,4287,7166,10334,983,136,ITI,ITI4,12,Lazio,Lazio,5879082,2317417,39.42,0.19
3574,2021-04-01,LAZ,29701,14093,15608,22180,7143,378,ITI,ITI4,12,Lazio,Lazio,5879082,2347118,39.92,0.51
3575,2021-07-10,LAZ,70851,35558,35293,25035,45198,618,ITI,ITI4,12,Lazio,Lazio,5879082,2417969,41.13,1.21
3576,2021-06-23,LAZ,62266,29316,32950,28430,33357,479,ITI,ITI4,12,Lazio,Lazio,5879082,2480235,42.19,1.06
3577,2021-04-15,LAZ,31960,14317,17643,20698,10817,445,ITI,ITI4,12,Lazio,Lazio,5879082,2512195,42.73,0.54
3578,2021-02-10,LAZ,8198,3407,4791,4845,3348,5,ITI,ITI4,12,Lazio,Lazio,5879082,2520393,42.87,0.14
3579,2021-05-21,LAZ,52035,25026,27009,37254,14074,707,ITI,ITI4,12,Lazio,Lazio,5879082,2572428,43.76,0.89
3580,2021-06-04,LAZ,61770,30152,31618,43348,17812,610,ITI,ITI4,12,Lazio,Lazio,5879082,2634198,44.81,1.05
3581,2021-04-20,LAZ,31087,14274,16813,19409,11304,374,ITI,ITI4,12,Lazio,Lazio,5879082,2665285,45.34,0.53
3582,2021-03-08,LAZ,20874,9056,11818,15310,5274,290,ITI,ITI4,12,Lazio,Lazio,5879082,2686159,45.69,0.36
3583,2021-04-22,LAZ,39107,19446,19661,23890,14629,588,ITI,ITI4,12,Lazio,Lazio,5879082,2725266,46.36,0.67
3584,2021-03-10,LAZ,23342,10661,12681,17363,5647,332,ITI,ITI4,12,Lazio,Lazio,5879082,2748608,46.75,0.4
3585,2021-01-12,LAZ,5416,1982,3434,5273,0,143,ITI,ITI4,12,Lazio,Lazio,5879082,2754024,46.84,0.09
3586,2021-06-18,LAZ,64261,30927,33334,30270,33263,728,ITI,ITI4,12,Lazio,Lazio,5879082,2818285,47.94,1.09
3587,2021-01-31,LAZ,4463,1856,2607,478,3984,1,ITI,ITI4,12,Lazio,Lazio,5879082,2822748,48.01,0.08
3588,2021-05-11,LAZ,48329,22190,26139,31182,16550,597,ITI,ITI4,12,Lazio,Lazio,5879082,2871077,48.84,0.82
3589,2021-04-27,LAZ,30721,13869,16852,19463,10853,405,ITI,ITI4,12,Lazio,Lazio,5879082,2901798,49.36,0.52
3590,2021-03-01,LAZ,17121,7369,9752,13004,3886,231,ITI,ITI4,12,Lazio,Lazio,5879082,2918919,49.65,0.29
3591,2021-02-22,LAZ,11454,4989,6465,10803,502,149,ITI,ITI4,12,Lazio,Lazio,5879082,2930373,49.84,0.19
3592,2021-06-02,LAZ,43303,21519,21784,31247,11517,539,ITI,ITI4,12,Lazio,Lazio,5879082,2973676,50.58,0.74
3593,2021-06-11,LAZ,69562,32735,36827,36538,32405,619,ITI,ITI4,12,Lazio,Lazio,5879082,3043238,51.76,1.18
3594,2021-03-27,LAZ,26445,10762,15683,19429,6476,540,ITI,ITI4,12,Lazio,Lazio,5879082,3069683,52.21,0.45
3595,2021-07-05,LAZ,61252,29456,31796,25597,34645,1010,ITI,ITI4,12,Lazio,Lazio,5879082,3130935,53.26,1.04
3596,2021-05-23,LAZ,47142,22877,24265,39087,7396,659,ITI,ITI4,12,Lazio,Lazio,5879082,3178077,54.06,0.8
3597,2021-05-09,LAZ,37547,17263,20284,25821,11276,450,ITI,ITI4,12,Lazio,Lazio,5879082,3215624,54.7,0.64
3598,2021-07-12,LAZ,41133,20544,20589,5855,35056,222,ITI,ITI4,12,Lazio,Lazio,5879082,3256757,55.4,0.7
3599,2021-05-16,LAZ,50968,24546,26422,36938,13492,538,ITI,ITI4,12,Lazio,Lazio,5879082,3307725,56.26,0.87
3600,2021-06-28,LAZ,58910,28159,30751,27527,30964,419,ITI,ITI4,12,Lazio,Lazio,5879082,3366635,57.26,1.0
3601,2021-05-04,LAZ,39907,18362,21545,25907,13533,467,ITI,ITI4,12,Lazio,Lazio,5879082,3406542,57.94,0.68
3602,2021-02-24,LAZ,12047,5207,6840,10930,995,122,ITI,ITI4,12,Lazio,Lazio,5879082,3418589,58.15,0.2
3603,2021-07-07,LAZ,62394,30935,31459,28411,33434,549,ITI,ITI4,12,Lazio,Lazio,5879082,3480983,59.21,1.06
3604,2021-03-29,LAZ,25443,12085,13358,18107,7038,298,ITI,ITI4,12,Lazio,Lazio,5879082,3506426,59.64,0.43
3605,2021-05-20,LAZ,51763,24982,26781,37111,13929,723,ITI,ITI4,12,Lazio,Lazio,5879082,3558189,60.52,0.88
3606,2021-06-20,LAZ,55269,25409,29860,29627,24912,730,ITI,ITI4,12,Lazio,Lazio,5879082,3613458,61.46,0.94
3607,2021-06-06,LAZ,58107,28010,30097,35014,22512,581,ITI,ITI4,12,Lazio,Lazio,5879082,3671565,62.45,0.99
3608,2021-02-26,LAZ,13125,5731,7394,11550,1401,174,ITI,ITI4,12,Lazio,Lazio,5879082,3684690,62.67,0.22
3609,2021-03-17,LAZ,13815,5916,7899,7448,6258,109,ITI,ITI4,12,Lazio,Lazio,5879082,3698505,62.91,0.23
3610,2021-06-25,LAZ,63223,30516,32707,28066,34587,570,ITI,ITI4,12,Lazio,Lazio,5879082,3761728,63.98,1.08
3611,2021-06-27,LAZ,47207,21569,25638,20614,26135,458,ITI,ITI4,12,Lazio,Lazio,5879082,3808935,64.79,0.8
3612,2021-02-04,LAZ,6341,2509,3832,1023,5317,1,ITI,ITI4,12,Lazio,Lazio,5879082,3815276,64.9,0.11
3613,2021-05-22,LAZ,55151,27017,28134,43585,10683,883,ITI,ITI4,12,Lazio,Lazio,5879082,3870427,65.83,0.94
3614,2021-07-16,LAZ,43796,20902,22894,2913,40710,173,ITI,ITI4,12,Lazio,Lazio,5879082,3914223,66.58,0.74
3615,2021-04-24,LAZ,33457,15102,18355,20182,12783,492,ITI,ITI4,12,Lazio,Lazio,5879082,3947680,67.15,0.57
3616,2021-05-30,LAZ,41235,17645,23590,33210,7356,669,ITI,ITI4,12,Lazio,Lazio,5879082,3988915,67.85,0.7
3617,2021-05-13,LAZ,50194,22553,27641,31691,17825,678,ITI,ITI4,12,Lazio,Lazio,5879082,4039109,68.7,0.85
3618,2021-06-29,LAZ,59425,28245,31180,27728,31134,563,ITI,ITI4,12,Lazio,Lazio,5879082,4098534,69.71,1.01
3619,2021-01-14,LAZ,5491,2147,3344,5317,0,174,ITI,ITI4,12,Lazio,Lazio,5879082,4104025,69.81,0.09
3620,2021-04-07,LAZ,25999,12158,13841,18347,7316,336,ITI,ITI4,12,Lazio,Lazio,5879082,4130024,70.25,0.44
3621,2020-12-28,LAZ,959,412,547,954,0,5,ITI,ITI4,12,Lazio,Lazio,5879082,4130983,70.27,0.02
3622,2021-01-16,LAZ,5648,2283,3365,5500,0,148,ITI,ITI4,12,Lazio,Lazio,5879082,4136631,70.36,0.1
3623,2021-04-26,LAZ,29247,13469,15778,19612,9205,430,ITI,ITI4,12,Lazio,Lazio,5879082,4165878,70.86,0.5
3624,2021-02-02,LAZ,5913,2215,3698,637,5273,3,ITI,ITI4,12,Lazio,Lazio,5879082,4171791,70.96,0.1
3625,2021-02-12,LAZ,6852,2852,4000,6351,419,82,ITI,ITI4,12,Lazio,Lazio,5879082,4178643,71.08,0.12
3626,2021-01-27,LAZ,6119,2389,3730,1002,5117,0,ITI,ITI4,12,Lazio,Lazio,5879082,4184762,71.18,0.1
3627,2021-06-01,LAZ,48919,23605,25314,29918,18540,461,ITI,ITI4,12,Lazio,Lazio,5879082,4233681,72.01,0.83
3628,2021-04-05,LAZ,19867,9085,10782,13533,6181,153,ITI,ITI4,12,Lazio,Lazio,5879082,4253548,72.35,0.34
3629,2021-05-25,LAZ,47551,22318,25233,35264,11688,599,ITI,ITI4,12,Lazio,Lazio,5879082,4301099,73.16,0.81
3630,2021-04-12,LAZ,23877,10772,13105,16690,6908,279,ITI,ITI4,12,Lazio,Lazio,5879082,4324976,73.57,0.41
3631,2021-07-21,LAZ,62608,31617,30991,28636,32664,1308,ITI,ITI4,12,Lazio,Lazio,5879082,4387584,74.63,1.06
3632,2021-06-08,LAZ,66602,31793,34809,36013,29955,634,ITI,ITI4,12,Lazio,Lazio,5879082,4454186,75.76,1.13
3633,2021-05-06,LAZ,48838,22759,26079,30610,17573,655,ITI,ITI4,12,Lazio,Lazio,5879082,4503024,76.59,0.83
3634,2021-01-17,LAZ,4892,2027,2865,4616,212,64,ITI,ITI4,12,Lazio,Lazio,5879082,4507916,76.68,0.08
3635,2021-07-14,LAZ,41923,20426,21497,6176,35399,348,ITI,ITI4,12,Lazio,Lazio,5879082,4549839,77.39,0.71
3636,2021-01-09,LAZ,6300,2562,3738,6187,0,113,ITI,ITI4,12,Lazio,Lazio,5879082,4556139,77.5,0.11
3637,2021-04-19,LAZ,30109,13688,16421,19006,10686,417,ITI,ITI4,12,Lazio,Lazio,5879082,4586248,78.01,0.51
3638,2021-02-21,LAZ,6991,3181,3810,6483,464,44,ITI,ITI4,12,Lazio,Lazio,5879082,4593239,78.13,0.12
3639,2021-05-15,LAZ,57393,27419,29974,40052,16535,806,ITI,ITI4,12,Lazio,Lazio,5879082,4650632,79.1,0.98
3640,2021-03-19,LAZ,17452,7568,9884,10974,6329,149,ITI,ITI4,12,Lazio,Lazio,5879082,4668084,79.4,0.3
3641,2020-12-31,LAZ,5293,2121,3172,5233,0,60,ITI,ITI4,12,Lazio,Lazio,5879082,4673377,79.49,0.09
3642,2021-04-10,LAZ,23940,10414,13526,16504,7190,246,ITI,ITI4,12,Lazio,Lazio,5879082,4697317,79.9,0.41
3643,2021-02-05,LAZ,7325,2990,4335,1215,6107,3,ITI,ITI4,12,Lazio,Lazio,5879082,4704642,80.02,0.12
3644,2021-04-03,LAZ,24794,11194,13600,17875,6701,218,ITI,ITI4,12,Lazio,Lazio,5879082,4729436,80.45,0.42
3645,2021-02-19,LAZ,10047,5080,4967,9067,835,145,ITI,ITI4,12,Lazio,Lazio,5879082,4739483,80.62,0.17
3646,2021-06-17,LAZ,66872,32136,34736,31773,34388,711,ITI,ITI4,12,Lazio,Lazio,5879082,4806355,81.75,1.14
3647,2021-04-21,LAZ,33054,15022,18032,20308,12386,360,ITI,ITI4,12,Lazio,Lazio,5879082,4839409,82.32,0.56
3648,2021-06-03,LAZ,56543,28602,27941,38042,17810,691,ITI,ITI4,12,Lazio,Lazio,5879082,4895952,83.28,0.96
3649,2021-06-10,LAZ,71858,33937,37921,37100,33948,810,ITI,ITI4,12,Lazio,Lazio,5879082,4967810,84.5,1.22
3650,2021-04-14,LAZ,29325,13290,16035,18881,10125,319,ITI,ITI4,12,Lazio,Lazio,5879082,4997135,85.0,0.5
3651,2021-07-23,LAZ,43852,21780,22072,19211,23386,1255,ITI,ITI4,12,Lazio,Lazio,5879082,5040987,85.74,0.75
3652,2021-03-15,LAZ,20963,9839,11124,13981,6745,237,ITI,ITI4,12,Lazio,Lazio,5879082,5061950,86.1,0.36
3653,2021-01-05,LAZ,7377,2804,4573,7274,0,103,ITI,ITI4,12,Lazio,Lazio,5879082,5069327,86.23,0.13
3654,2021-01-24,LAZ,5697,2229,3468,613,5084,0,ITI,ITI4,12,Lazio,Lazio,5879082,5075024,86.32,0.1
3655,2021-02-07,LAZ,4944,2026,2918,386,4557,1,ITI,ITI4,12,Lazio,Lazio,5879082,5079968,86.41,0.08
3656,2021-05-18,LAZ,44972,20567,24405,34865,9550,557,ITI,ITI4,12,Lazio,Lazio,5879082,5124940,87.17,0.76
3657,2021-07-18,LAZ,58129,29618,28511,22801,34567,761,ITI,ITI4,12,Lazio,Lazio,5879082,5183069,88.16,0.99
3658,2021-02-14,LAZ,5778,2372,3406,5276,472,30,ITI,ITI4,12,Lazio,Lazio,5879082,5188847,88.26,0.1
3659,2021-02-28,LAZ,10258,4016,6242,9650,515,93,ITI,ITI4,12,Lazio,Lazio,5879082,5199105,88.43,0.17
3660,2021-01-02,LAZ,6708,2631,4077,6628,0,80,ITI,ITI4,12,Lazio,Lazio,5879082,5205813,88.55,0.11
3661,2021-05-03,LAZ,39261,17730,21531,26044,12637,580,ITI,ITI4,12,Lazio,Lazio,5879082,5245074,89.22,0.67
3662,2021-06-22,LAZ,62768,29027,33741,28602,33489,677,ITI,ITI4,12,Lazio,Lazio,5879082,5307842,90.28,1.07
3663,2021-03-14,LAZ,17241,6754,10487,11828,5155,258,ITI,ITI4,12,Lazio,Lazio,5879082,5325083,90.58,0.29
3664,2021-07-09,LAZ,64711,31238,33473,27613,36392,706,ITI,ITI4,12,Lazio,Lazio,5879082,5389794,91.68,1.1
3665,2021-05-01,LAZ,37980,17094,20886,25569,11975,436,ITI,ITI4,12,Lazio,Lazio,5879082,5427774,92.32,0.65
3666,2021-04-17,LAZ,32418,14224,18194,20021,11999,398,ITI,ITI4,12,Lazio,Lazio,5879082,5460192,92.87,0.55
3667,2021-01-19,LAZ,4776,1962,2814,4319,454,3,ITI,ITI4,12,Lazio,Lazio,5879082,5464968,92.96,0.08
3668,2021-04-29,LAZ,38711,17279,21432,24860,13246,605,ITI,ITI4,12,Lazio,Lazio,5879082,5503679,93.61,0.66
3669,2021-03-03,LAZ,17866,7873,9993,13337,4295,234,ITI,ITI4,12,Lazio,Lazio,5879082,5521545,93.92,0.3
3670,2021-01-26,LAZ,7971,3131,4840,730,7241,0,ITI,ITI4,12,Lazio,Lazio,5879082,5529516,94.05,0.14
3671,2021-03-12,LAZ,24008,11093,12915,17346,6317,345,ITI,ITI4,12,Lazio,Lazio,5879082,5553524,94.46,0.41
3672,2021-02-09,LAZ,8811,3778,5033,4575,4229,7,ITI,ITI4,12,Lazio,Lazio,5879082,5562335,94.61,0.15
3673,2021-02-23,LAZ,11091,4783,6308,10198,766,127,ITI,ITI4,12,Lazio,Lazio,5879082,5573426,94.8,0.19
3674,2021-04-02,LAZ,29411,14094,15317,21687,7340,384,ITI,ITI4,12,Lazio,Lazio,5879082,5602837,95.3,0.5
3675,2021-07-11,LAZ,43959,22154,21805,3768,40050,141,ITI,ITI4,12,Lazio,Lazio,5879082,5646796,96.05,0.75
3676,2021-01-28,LAZ,8282,3167,5115,784,7497,1,ITI,ITI4,12,Lazio,Lazio,5879082,5655078,96.19,0.14
3677,2021-07-04,LAZ,46554,21664,24890,4118,42353,83,ITI,ITI4,12,Lazio,Lazio,5879082,5701632,96.98,0.79
3678,2021-05-08,LAZ,45486,20766,24720,29397,15436,653,ITI,ITI4,12,Lazio,Lazio,5879082,5747118,97.76,0.77
3679,2021-07-13,LAZ,42404,20748,21656,5479,36599,326,ITI,ITI4,12,Lazio,Lazio,5879082,5789522,98.48,0.72
3680,2021-03-26,LAZ,30227,14002,16225,22938,6851,438,ITI,ITI4,12,Lazio,Lazio,5879082,5819749,98.99,0.51
3681,2021-01-21,LAZ,5604,2348,3256,551,5053,0,ITI,ITI4,12,Lazio,Lazio,5879082,5825353,99.09,0.1
3682,2021-03-31,LAZ,27758,13426,14332,20325,7101,332,ITI,ITI4,12,Lazio,Lazio,5879082,5853111,99.56,0.47
3683,2021-01-07,LAZ,7754,2903,4851,7597,0,157,ITI,ITI4,12,Lazio,Lazio,5879082,5860865,99.69,0.13
3684,2021-07-06,LAZ,62157,30179,31978,28528,33163,466,ITI,ITI4,12,Lazio,Lazio,5879082,5923022,100.75,1.06
3685,2021-04-06,LAZ,24486,11189,13297,17054,7114,318,ITI,ITI4,12,Lazio,Lazio,5879082,5947508,101.16,0.42
3686,2020-12-27,LAZ,274,132,142,274,0,0,ITI,ITI4,12,Lazio,Lazio,5879082,5947782,101.17,0.0
3687,2021-03-20,LAZ,19197,7643,11554,13051,5885,261,ITI,ITI4,12,Lazio,Lazio,5879082,5966979,101.5,0.33
3688,2021-07-17,LAZ,43763,22069,21694,2161,41500,102,ITI,ITI4,12,Lazio,Lazio,5879082,6010742,102.24,0.74
3689,2021-06-30,LAZ,62870,29570,33300,29764,32574,532,ITI,ITI4,12,Lazio,Lazio,5879082,6073612,103.31,1.07
3690,2021-04-08,LAZ,26835,12301,14534,18783,7702,350,ITI,ITI4,12,Lazio,Lazio,5879082,6100447,103.77,0.46
3691,2021-07-02,LAZ,48338,23146,25192,6608,41555,175,ITI,ITI4,12,Lazio,Lazio,5879082,6148785,104.59,0.82
3692,2021-03-22,LAZ,23332,10536,12796,16323,6681,328,ITI,ITI4,12,Lazio,Lazio,5879082,6172117,104.98,0.4
3693,2020-12-29,LAZ,488,176,312,484,0,4,ITI,ITI4,12,Lazio,Lazio,5879082,6172605,104.99,0.01
3694,2021-06-13,LAZ,58415,26212,32203,33082,24838,495,ITI,ITI4,12,Lazio,Lazio,5879082,6231020,105.99,0.99
3695,2021-03-07,LAZ,14133,5466,8667,10334,3593,206,ITI,ITI4,12,Lazio,Lazio,5879082,6245153,106.23,0.24
3696,2021-06-15,LAZ,65873,31814,34059,33196,32130,547,ITI,ITI4,12,Lazio,Lazio,5879082,6311026,107.35,1.12
3697,2021-03-24,LAZ,27881,13094,14787,21258,6239,384,ITI,ITI4,12,Lazio,Lazio,5879082,6338907,107.82,0.47
3698,2021-05-29,LAZ,52059,23411,28648,40157,11033,869,ITI,ITI4,12,Lazio,Lazio,5879082,6390966,108.71,0.89
3699,2021-05-10,LAZ,44479,20338,24141,30597,13428,454,ITI,ITI4,12,Lazio,Lazio,5879082,6435445,109.46,0.76
3700,2021-05-27,LAZ,58366,27112,31254,43822,13756,788,ITI,ITI4,12,Lazio,Lazio,5879082,6493811,110.46,0.99
3701,2021-03-05,LAZ,19568,8671,10897,14609,4735,224,ITI,ITI4,12,Lazio,Lazio,5879082,6513379,110.79,0.33
3702,2021-02-16,LAZ,8363,4038,4325,7710,610,43,ITI,ITI4,12,Lazio,Lazio,5879082,6521742,110.93,0.14
3703,2021-01-16,LOM,15617,5778,9839,15606,0,11,ITC,ITC4,3,Lombardia,Lombardia,10060574,15617,0.16,0.16
3704,2021-05-24,LOM,89544,43494,46050,48585,40025,934,ITC,ITC4,3,Lombardia,Lombardia,10060574,105161,1.05,0.89
3705,2021-02-11,LOM,17087,5014,12073,9632,7376,79,ITC,ITC4,3,Lombardia,Lombardia,10060574,122248,1.22,0.17
3706,2021-05-31,LOM,95658,47401,48257,78347,16208,1103,ITC,ITC4,3,Lombardia,Lombardia,10060574,217906,2.17,0.95
3707,2021-03-26,LOM,41331,15709,25622,27506,13154,671,ITC,ITC4,3,Lombardia,Lombardia,10060574,259237,2.58,0.41
3708,2021-05-22,LOM,70603,33839,36764,31724,38165,714,ITC,ITC4,3,Lombardia,Lombardia,10060574,329840,3.28,0.7
3709,2021-03-28,LOM,20545,7840,12705,13938,6223,384,ITC,ITC4,3,Lombardia,Lombardia,10060574,350385,3.48,0.2
3710,2021-04-14,LOM,47194,21033,26161,33536,12972,686,ITC,ITC4,3,Lombardia,Lombardia,10060574,397579,3.95,0.47
3711,2021-01-04,LOM,6117,2110,4007,6111,0,6,ITC,ITC4,3,Lombardia,Lombardia,10060574,403696,4.01,0.06
3712,2021-06-19,LOM,104306,51987,52319,56249,46632,1425,ITC,ITC4,3,Lombardia,Lombardia,10060574,508002,5.05,1.04
3713,2021-07-06,LOM,101809,50688,51121,23066,77324,1419,ITC,ITC4,3,Lombardia,Lombardia,10060574,609811,6.06,1.01
3714,2021-04-23,LOM,73590,33347,40243,55584,16618,1388,ITC,ITC4,3,Lombardia,Lombardia,10060574,683401,6.79,0.73
3715,2021-05-10,LOM,85283,40891,44392,62041,21582,1660,ITC,ITC4,3,Lombardia,Lombardia,10060574,768684,7.64,0.85
3716,2021-01-30,LOM,12317,4567,7750,146,12162,9,ITC,ITC4,3,Lombardia,Lombardia,10060574,781001,7.76,0.12
3717,2021-02-16,LOM,9506,3073,6433,8957,448,101,ITC,ITC4,3,Lombardia,Lombardia,10060574,790507,7.86,0.09
3718,2021-06-10,LOM,102612,52233,50379,86396,14422,1794,ITC,ITC4,3,Lombardia,Lombardia,10060574,893119,8.88,1.02
3719,2021-03-02,LOM,22833,9706,13127,19531,3040,262,ITC,ITC4,3,Lombardia,Lombardia,10060574,915952,9.1,0.23
3720,2020-12-28,LOM,108,47,61,108,0,0,ITC,ITC4,3,Lombardia,Lombardia,10060574,916060,9.11,0.0
3721,2021-04-21,LOM,71834,32566,39268,55834,14666,1334,ITC,ITC4,3,Lombardia,Lombardia,10060574,987894,9.82,0.71
3722,2021-01-11,LOM,16293,5389,10904,16283,0,10,ITC,ITC4,3,Lombardia,Lombardia,10060574,1004187,9.98,0.16
3723,2021-01-28,LOM,12231,3705,8526,795,11429,7,ITC,ITC4,3,Lombardia,Lombardia,10060574,1016418,10.1,0.12
3724,2021-07-20,LOM,94863,48981,45882,6884,87241,738,ITC,ITC4,3,Lombardia,Lombardia,10060574,1111281,11.05,0.94
3725,2021-02-04,LOM,27841,8117,19724,2013,25823,5,ITC,ITC4,3,Lombardia,Lombardia,10060574,1139122,11.32,0.28
3726,2021-07-18,LOM,97099,50589,46510,8544,87862,693,ITC,ITC4,3,Lombardia,Lombardia,10060574,1236221,12.29,0.97
3727,2021-04-09,LOM,52402,22372,30030,35570,15996,836,ITC,ITC4,3,Lombardia,Lombardia,10060574,1288623,12.81,0.52
3728,2021-07-13,LOM,108420,56674,51746,15417,91762,1241,ITC,ITC4,3,Lombardia,Lombardia,10060574,1397043,13.89,1.08
3729,2021-04-04,LOM,7612,3230,4382,3682,3896,34,ITC,ITC4,3,Lombardia,Lombardia,10060574,1404655,13.96,0.08
3730,2021-06-05,LOM,102430,52954,49476,91102,9817,1511,ITC,ITC4,3,Lombardia,Lombardia,10060574,1507085,14.98,1.02
3731,2021-03-14,LOM,14874,5348,9526,11218,3283,373,ITC,ITC4,3,Lombardia,Lombardia,10060574,1521959,15.13,0.15
3732,2021-02-23,LOM,11830,4804,7026,11290,332,208,ITC,ITC4,3,Lombardia,Lombardia,10060574,1533789,15.25,0.12
3733,2021-04-28,LOM,95751,43675,52076,66931,26907,1913,ITC,ITC4,3,Lombardia,Lombardia,10060574,1629540,16.2,0.95
3734,2021-06-24,LOM,109523,56632,52891,78326,28810,2387,ITC,ITC4,3,Lombardia,Lombardia,10060574,1739063,17.29,1.09
3735,2021-03-16,LOM,25499,10114,15385,16299,9078,122,ITC,ITC4,3,Lombardia,Lombardia,10060574,1764562,17.54,0.25
3736,2021-05-12,LOM,87495,41751,45744,57411,27562,2522,ITC,ITC4,3,Lombardia,Lombardia,10060574,1852057,18.41,0.87
3737,2021-05-29,LOM,88311,42413,45898,41397,46072,842,ITC,ITC4,3,Lombardia,Lombardia,10060574,1940368,19.29,0.88
3738,2021-02-18,LOM,14054,4926,9128,12820,1037,197,ITC,ITC4,3,Lombardia,Lombardia,10060574,1954422,19.43,0.14
3739,2021-01-09,LOM,12481,4602,7879,12473,0,8,ITC,ITC4,3,Lombardia,Lombardia,10060574,1966903,19.55,0.12
3740,2021-03-07,LOM,12089,5363,6726,9337,2561,191,ITC,ITC4,3,Lombardia,Lombardia,10060574,1978992,19.67,0.12
3741,2021-01-27,LOM,8045,2677,5368,808,7235,2,ITC,ITC4,3,Lombardia,Lombardia,10060574,1987037,19.75,0.08
3742,2021-07-03,LOM,102326,51624,50702,44532,55686,2108,ITC,ITC4,3,Lombardia,Lombardia,10060574,2089363,20.77,1.02
3743,2021-03-25,LOM,42867,16034,26833,29240,12722,905,ITC,ITC4,3,Lombardia,Lombardia,10060574,2132230,21.19,0.43
3744,2021-05-21,LOM,93862,45248,48614,28382,64719,761,ITC,ITC4,3,Lombardia,Lombardia,10060574,2226092,22.13,0.93
3745,2021-07-08,LOM,114372,58288,56084,13165,100175,1032,ITC,ITC4,3,Lombardia,Lombardia,10060574,2340464,23.26,1.14
3746,2021-04-16,LOM,53694,23932,29762,38431,14375,888,ITC,ITC4,3,Lombardia,Lombardia,10060574,2394158,23.8,0.53
3747,2021-05-03,LOM,83711,39761,43950,69459,12130,2122,ITC,ITC4,3,Lombardia,Lombardia,10060574,2477869,24.63,0.83
3748,2021-01-23,LOM,1126,360,766,924,199,3,ITC,ITC4,3,Lombardia,Lombardia,10060574,2478995,24.64,0.01
3749,2021-04-25,LOM,51542,23636,27906,45540,4783,1219,ITC,ITC4,3,Lombardia,Lombardia,10060574,2530537,25.15,0.51
3750,2021-06-28,LOM,107891,54975,52916,74278,31006,2607,ITC,ITC4,3,Lombardia,Lombardia,10060574,2638428,26.23,1.07
3751,2021-06-17,LOM,108554,52709,55845,51080,56297,1177,ITC,ITC4,3,Lombardia,Lombardia,10060574,2746982,27.3,1.08
3752,2021-03-09,LOM,33226,12863,20363,25244,7398,584,ITC,ITC4,3,Lombardia,Lombardia,10060574,2780208,27.63,0.33
3753,2021-05-05,LOM,87969,41939,46030,70366,15327,2276,ITC,ITC4,3,Lombardia,Lombardia,10060574,2868177,28.51,0.87
3754,2021-07-01,LOM,104939,52820,52119,53334,49212,2393,ITC,ITC4,3,Lombardia,Lombardia,10060574,2973116,29.55,1.04
3755,2021-06-12,LOM,89311,48060,41251,84315,3156,1840,ITC,ITC4,3,Lombardia,Lombardia,10060574,3062427,30.44,0.89
3756,2021-06-29,LOM,107129,53138,53991,57395,47725,2009,ITC,ITC4,3,Lombardia,Lombardia,10060574,3169556,31.5,1.06
3757,2021-03-21,LOM,23516,8495,15021,17732,5194,590,ITC,ITC4,3,Lombardia,Lombardia,10060574,3193072,31.74,0.23
3758,2021-02-13,LOM,6421,2441,3980,4884,1477,60,ITC,ITC4,3,Lombardia,Lombardia,10060574,3199493,31.8,0.06
3759,2021-07-17,LOM,108487,57285,51202,10217,97345,925,ITC,ITC4,3,Lombardia,Lombardia,10060574,3307980,32.88,1.08
3760,2021-04-02,LOM,41283,16890,24393,26205,14524,554,ITC,ITC4,3,Lombardia,Lombardia,10060574,3349263,33.29,0.41
3761,2021-04-11,LOM,32221,13944,18277,24315,7395,511,ITC,ITC4,3,Lombardia,Lombardia,10060574,3381484,33.61,0.32
3762,2021-01-01,LOM,24,7,17,24,0,0,ITC,ITC4,3,Lombardia,Lombardia,10060574,3381508,33.61,0.0
3763,2021-06-07,LOM,98966,50431,48535,84026,13323,1617,ITC,ITC4,3,Lombardia,Lombardia,10060574,3480474,34.6,0.98
3764,2021-02-27,LOM,13950,5874,8076,13154,641,155,ITC,ITC4,3,Lombardia,Lombardia,10060574,3494424,34.73,0.14
3765,2021-05-17,LOM,94645,45355,49290,29529,64413,703,ITC,ITC4,3,Lombardia,Lombardia,10060574,3589069,35.67,0.94
3766,2021-05-19,LOM,83255,39764,43491,33097,49352,806,ITC,ITC4,3,Lombardia,Lombardia,10060574,3672324,36.5,0.83
3767,2021-02-08,LOM,10088,2919,7169,2122,7957,9,ITC,ITC4,3,Lombardia,Lombardia,10060574,3682412,36.6,0.1
3768,2021-02-20,LOM,9343,3869,5474,8846,302,195,ITC,ITC4,3,Lombardia,Lombardia,10060574,3691755,36.7,0.09
3769,2021-04-18,LOM,36406,16230,20176,30522,5241,643,ITC,ITC4,3,Lombardia,Lombardia,10060574,3728161,37.06,0.36
3770,2021-01-08,LOM,12720,3926,8794,12709,0,11,ITC,ITC4,3,Lombardia,Lombardia,10060574,3740881,37.18,0.13
3771,2021-05-07,LOM,92319,43709,48610,68370,22404,1545,ITC,ITC4,3,Lombardia,Lombardia,10060574,3833200,38.1,0.92
3772,2021-03-18,LOM,27407,10960,16447,15935,11245,227,ITC,ITC4,3,Lombardia,Lombardia,10060574,3860607,38.37,0.27
3773,2021-05-14,LOM,85963,41397,44566,53256,30323,2384,ITC,ITC4,3,Lombardia,Lombardia,10060574,3946570,39.23,0.85
3774,2021-07-10,LOM,107109,54218,52891,13912,92016,1181,ITC,ITC4,3,Lombardia,Lombardia,10060574,4053679,40.29,1.06
3775,2021-06-21,LOM,113269,58030,55239,78354,32741,2174,ITC,ITC4,3,Lombardia,Lombardia,10060574,4166948,41.42,1.13
3776,2021-06-02,LOM,84635,43574,41061,76986,6331,1318,ITC,ITC4,3,Lombardia,Lombardia,10060574,4251583,42.26,0.84
3777,2021-03-11,LOM,36231,13482,22749,25628,9919,684,ITC,ITC4,3,Lombardia,Lombardia,10060574,4287814,42.62,0.36
3778,2021-03-30,LOM,39641,15593,24048,24249,14784,608,ITC,ITC4,3,Lombardia,Lombardia,10060574,4327455,43.01,0.39
3779,2021-07-15,LOM,108759,55939,52820,12896,94659,1204,ITC,ITC4,3,Lombardia,Lombardia,10060574,4436214,44.1,1.08
3780,2021-04-06,LOM,43077,17588,25489,24441,17946,690,ITC,ITC4,3,Lombardia,Lombardia,10060574,4479291,44.52,0.43
3781,2021-06-14,LOM,94769,48152,46617,49111,44528,1130,ITC,ITC4,3,Lombardia,Lombardia,10060574,4574060,45.47,0.94
3782,2021-05-26,LOM,93693,44656,49037,42732,50069,892,ITC,ITC4,3,Lombardia,Lombardia,10060574,4667753,46.4,0.93
3783,2021-02-15,LOM,8964,3142,5822,8357,428,179,ITC,ITC4,3,Lombardia,Lombardia,10060574,4676717,46.49,0.09
3784,2021-01-13,LOM,26441,8076,18365,26414,0,27,ITC,ITC4,3,Lombardia,Lombardia,10060574,4703158,46.75,0.26
3785,2021-01-15,LOM,25266,7445,17821,25214,0,52,ITC,ITC4,3,Lombardia,Lombardia,10060574,4728424,47.0,0.25
3786,2021-04-29,LOM,115562,53607,61955,83119,29868,2575,ITC,ITC4,3,Lombardia,Lombardia,10060574,4843986,48.15,1.15
3787,2021-06-25,LOM,108044,56069,51975,78202,27539,2303,ITC,ITC4,3,Lombardia,Lombardia,10060574,4952030,49.22,1.07
3788,2021-04-20,LOM,67682,30836,36846,55906,10347,1429,ITC,ITC4,3,Lombardia,Lombardia,10060574,5019712,49.89,0.67
3789,2021-01-06,LOM,7158,2528,4630,7151,0,7,ITC,ITC4,3,Lombardia,Lombardia,10060574,5026870,49.97,0.07
3790,2021-05-18,LOM,88221,42166,46055,31875,55579,767,ITC,ITC4,3,Lombardia,Lombardia,10060574,5115091,50.84,0.88
3791,2021-06-04,LOM,104618,54307,50311,93194,9639,1785,ITC,ITC4,3,Lombardia,Lombardia,10060574,5219709,51.88,1.04
3792,2021-02-24,LOM,14722,5958,8764,13574,954,194,ITC,ITC4,3,Lombardia,Lombardia,10060574,5234431,52.03,0.15
3793,2021-05-16,LOM,68701,32506,36195,35586,32204,911,ITC,ITC4,3,Lombardia,Lombardia,10060574,5303132,52.71,0.68
3794,2021-02-05,LOM,25721,7462,18259,2416,23291,14,ITC,ITC4,3,Lombardia,Lombardia,10060574,5328853,52.97,0.26
3795,2020-12-30,LOM,114,42,72,114,0,0,ITC,ITC4,3,Lombardia,Lombardia,10060574,5328967,52.97,0.0
3796,2021-06-16,LOM,99244,50427,48817,49930,48163,1151,ITC,ITC4,3,Lombardia,Lombardia,10060574,5428211,53.96,0.99
3797,2021-03-06,LOM,21348,9100,12248,16533,4517,298,ITC,ITC4,3,Lombardia,Lombardia,10060574,5449559,54.17,0.21
3798,2021-01-18,LOM,9232,2978,6254,8242,975,15,ITC,ITC4,3,Lombardia,Lombardia,10060574,5458791,54.26,0.09
3799,2021-03-23,LOM,42581,15470,27111,28860,12866,855,ITC,ITC4,3,Lombardia,Lombardia,10060574,5501372,54.68,0.42
3800,2021-01-25,LOM,7035,2378,4657,483,6549,3,ITC,ITC4,3,Lombardia,Lombardia,10060574,5508407,54.75,0.07
3801,2021-02-01,LOM,16072,5323,10749,307,15763,2,ITC,ITC4,3,Lombardia,Lombardia,10060574,5524479,54.91,0.16
3802,2021-03-04,LOM,29334,12116,17218,20041,9073,220,ITC,ITC4,3,Lombardia,Lombardia,10060574,5553813,55.2,0.29
3803,2021-06-30,LOM,106776,52912,53864,56577,48094,2105,ITC,ITC4,3,Lombardia,Lombardia,10060574,5660589,56.27,1.06
3804,2021-03-22,LOM,40339,14303,26036,28948,10557,834,ITC,ITC4,3,Lombardia,Lombardia,10060574,5700928,56.67,0.4
3805,2021-04-08,LOM,52408,21776,30632,35271,16465,672,ITC,ITC4,3,Lombardia,Lombardia,10060574,5753336,57.19,0.52
3806,2020-12-29,LOM,106,45,61,106,0,0,ITC,ITC4,3,Lombardia,Lombardia,10060574,5753442,57.19,0.0
3807,2021-07-14,LOM,109203,56745,52458,14336,93460,1407,ITC,ITC4,3,Lombardia,Lombardia,10060574,5862645,58.27,1.09
3808,2021-04-22,LOM,73958,33402,40556,56209,16367,1382,ITC,ITC4,3,Lombardia,Lombardia,10060574,5936603,59.01,0.74
3809,2021-03-03,LOM,26998,11520,15478,19481,7300,217,ITC,ITC4,3,Lombardia,Lombardia,10060574,5963601,59.28,0.27
3810,2021-03-20,LOM,32594,12165,20429,22242,9852,500,ITC,ITC4,3,Lombardia,Lombardia,10060574,5996195,59.6,0.32
3811,2020-12-27,LOM,718,414,304,718,0,0,ITC,ITC4,3,Lombardia,Lombardia,10060574,5996913,59.61,0.01
3812,2021-01-10,LOM,10530,3968,6562,10521,0,9,ITC,ITC4,3,Lombardia,Lombardia,10060574,6007443,59.71,0.1
3813,2021-01-17,LOM,8351,3347,5004,8144,201,6,ITC,ITC4,3,Lombardia,Lombardia,10060574,6015794,59.8,0.08
3814,2021-06-23,LOM,110929,57400,53529,76754,32037,2138,ITC,ITC4,3,Lombardia,Lombardia,10060574,6126723,60.9,1.1
3815,2021-03-15,LOM,31563,11337,20226,22429,8520,614,ITC,ITC4,3,Lombardia,Lombardia,10060574,6158286,61.21,0.31
3816,2021-04-27,LOM,86065,39999,46066,67664,16593,1808,ITC,ITC4,3,Lombardia,Lombardia,10060574,6244351,62.07,0.86
3817,2021-03-17,LOM,26262,10498,15764,15101,11001,160,ITC,ITC4,3,Lombardia,Lombardia,10060574,6270613,62.33,0.26
3818,2021-07-04,LOM,86639,43333,43306,40178,44507,1954,ITC,ITC4,3,Lombardia,Lombardia,10060574,6357252,63.19,0.86
3819,2021-02-22,LOM,11901,4810,7091,11397,306,198,ITC,ITC4,3,Lombardia,Lombardia,10060574,6369153,63.31,0.12
3820,2021-03-13,LOM,27191,9779,17412,20544,6096,551,ITC,ITC4,3,Lombardia,Lombardia,10060574,6396344,63.58,0.27
3821,2021-07-23,LOM,75501,39337,36164,7157,67585,759,ITC,ITC4,3,Lombardia,Lombardia,10060574,6471845,64.33,0.75
3822,2021-05-01,LOM,95984,43678,52306,65052,29219,1713,ITC,ITC4,3,Lombardia,Lombardia,10060574,6567829,65.28,0.95
3823,2021-01-21,LOM,5491,1604,3887,4784,690,17,ITC,ITC4,3,Lombardia,Lombardia,10060574,6573320,65.34,0.05
3824,2021-02-07,LOM,7312,2825,4487,335,6974,3,ITC,ITC4,3,Lombardia,Lombardia,10060574,6580632,65.41,0.07
3825,2021-01-19,LOM,8053,2329,5724,7571,468,14,ITC,ITC4,3,Lombardia,Lombardia,10060574,6588685,65.49,0.08
3826,2021-07-05,LOM,101405,49536,51869,31238,68277,1890,ITC,ITC4,3,Lombardia,Lombardia,10060574,6690090,66.5,1.01
3827,2021-06-26,LOM,105871,55426,50445,77786,25685,2400,ITC,ITC4,3,Lombardia,Lombardia,10060574,6795961,67.55,1.05
3828,2021-02-10,LOM,14403,4508,9895,7547,6825,31,ITC,ITC4,3,Lombardia,Lombardia,10060574,6810364,67.69,0.14
3829,2021-02-03,LOM,25653,7920,17733,1076,24572,5,ITC,ITC4,3,Lombardia,Lombardia,10060574,6836017,67.95,0.25
3830,2021-04-01,LOM,43019,17254,25765,26075,16231,713,ITC,ITC4,3,Lombardia,Lombardia,10060574,6879036,68.38,0.43
3831,2021-06-09,LOM,103638,52222,51416,87424,14496,1718,ITC,ITC4,3,Lombardia,Lombardia,10060574,6982674,69.41,1.03
3832,2021-03-08,LOM,29763,11193,18570,22163,7083,517,ITC,ITC4,3,Lombardia,Lombardia,10060574,7012437,69.7,0.3
3833,2021-05-04,LOM,86822,41076,45746,70279,14399,2144,ITC,ITC4,3,Lombardia,Lombardia,10060574,7099259,70.57,0.86
3834,2021-01-24,LOM,1201,458,743,538,663,0,ITC,ITC4,3,Lombardia,Lombardia,10060574,7100460,70.58,0.01
3835,2021-06-01,LOM,93960,46104,47856,75754,17100,1106,ITC,ITC4,3,Lombardia,Lombardia,10060574,7194420,71.51,0.93
3836,2021-01-02,LOM,202,74,128,202,0,0,ITC,ITC4,3,Lombardia,Lombardia,10060574,7194622,71.51,0.0
3837,2021-06-08,LOM,102885,52298,50587,87147,14063,1675,ITC,ITC4,3,Lombardia,Lombardia,10060574,7297507,72.54,1.02
3838,2021-07-02,LOM,103806,52039,51767,48858,52741,2207,ITC,ITC4,3,Lombardia,Lombardia,10060574,7401313,73.57,1.03
3839,2021-03-24,LOM,43254,15616,27638,30471,11893,890,ITC,ITC4,3,Lombardia,Lombardia,10060574,7444567,74.0,0.43
3840,2021-02-09,LOM,12220,3335,8885,4024,8182,14,ITC,ITC4,3,Lombardia,Lombardia,10060574,7456787,74.12,0.12
3841,2021-07-12,LOM,111655,57406,54249,14793,95717,1145,ITC,ITC4,3,Lombardia,Lombardia,10060574,7568442,75.23,1.11
3842,2021-04-03,LOM,36267,14870,21397,25780,10107,380,ITC,ITC4,3,Lombardia,Lombardia,10060574,7604709,75.59,0.36
3843,2021-05-30,LOM,74370,35588,38782,33792,39959,619,ITC,ITC4,3,Lombardia,Lombardia,10060574,7679079,76.33,0.74
3844,2021-05-23,LOM,60765,28929,31836,26294,33957,514,ITC,ITC4,3,Lombardia,Lombardia,10060574,7739844,76.93,0.6
3845,2021-02-12,LOM,13973,4371,9602,8870,4943,160,ITC,ITC4,3,Lombardia,Lombardia,10060574,7753817,77.07,0.14
3846,2021-07-19,LOM,96882,50302,46580,10800,85000,1082,ITC,ITC4,3,Lombardia,Lombardia,10060574,7850699,78.03,0.96
3847,2021-04-10,LOM,52753,21847,30906,40044,11958,751,ITC,ITC4,3,Lombardia,Lombardia,10060574,7903452,78.56,0.52
3848,2021-06-06,LOM,90129,46347,43782,79529,9222,1378,ITC,ITC4,3,Lombardia,Lombardia,10060574,7993581,79.45,0.9
3849,2021-01-07,LOM,11780,3643,8137,11740,0,40,ITC,ITC4,3,Lombardia,Lombardia,10060574,8005361,79.57,0.12
3850,2021-02-19,LOM,14220,5400,8820,13324,723,173,ITC,ITC4,3,Lombardia,Lombardia,10060574,8019581,79.71,0.14
3851,2021-04-17,LOM,48513,21305,27208,36944,10852,717,ITC,ITC4,3,Lombardia,Lombardia,10060574,8068094,80.2,0.48
3852,2021-02-26,LOM,18432,7563,10869,16324,1904,204,ITC,ITC4,3,Lombardia,Lombardia,10060574,8086526,80.38,0.18
3853,2020-12-31,LOM,714,302,412,714,0,0,ITC,ITC4,3,Lombardia,Lombardia,10060574,8087240,80.39,0.01
3854,2021-05-11,LOM,86900,41443,45457,58251,26235,2414,ITC,ITC4,3,Lombardia,Lombardia,10060574,8174140,81.25,0.86
3855,2021-05-28,LOM,93572,44838,48734,42026,50632,914,ITC,ITC4,3,Lombardia,Lombardia,10060574,8267712,82.18,0.93
3856,2021-02-17,LOM,11993,3756,8237,10410,1390,193,ITC,ITC4,3,Lombardia,Lombardia,10060574,8279705,82.3,0.12
3857,2021-06-11,LOM,101460,51686,49774,84927,14641,1892,ITC,ITC4,3,Lombardia,Lombardia,10060574,8381165,83.31,1.01
3858,2021-05-20,LOM,94453,45642,48811,31244,62566,643,ITC,ITC4,3,Lombardia,Lombardia,10060574,8475618,84.25,0.94
3859,2021-02-28,LOM,7884,3254,4630,7602,210,72,ITC,ITC4,3,Lombardia,Lombardia,10060574,8483502,84.32,0.08
3860,2021-04-26,LOM,87990,40936,47054,67056,19166,1768,ITC,ITC4,3,Lombardia,Lombardia,10060574,8571492,85.2,0.87
3861,2021-07-21,LOM,93858,48409,45449,8568,84413,877,ITC,ITC4,3,Lombardia,Lombardia,10060574,8665350,86.13,0.93
3862,2021-04-12,LOM,47253,20588,26665,32269,14348,636,ITC,ITC4,3,Lombardia,Lombardia,10060574,8712603,86.6,0.47
3863,2021-02-21,LOM,5053,1864,3189,4942,17,94,ITC,ITC4,3,Lombardia,Lombardia,10060574,8717656,86.65,0.05
3864,2021-04-05,LOM,27386,11697,15689,19027,8105,254,ITC,ITC4,3,Lombardia,Lombardia,10060574,8745042,86.92,0.27
3865,2021-01-31,LOM,9748,3770,5978,29,9719,0,ITC,ITC4,3,Lombardia,Lombardia,10060574,8754790,87.02,0.1
3866,2021-05-25,LOM,91166,43624,47542,43844,46497,825,ITC,ITC4,3,Lombardia,Lombardia,10060574,8845956,87.93,0.91
3867,2021-02-14,LOM,3583,1547,2036,2934,635,14,ITC,ITC4,3,Lombardia,Lombardia,10060574,8849539,87.96,0.04
3868,2021-01-12,LOM,20291,6719,13572,20262,0,29,ITC,ITC4,3,Lombardia,Lombardia,10060574,8869830,88.16,0.2
3869,2021-05-09,LOM,69717,32889,36828,54470,13274,1973,ITC,ITC4,3,Lombardia,Lombardia,10060574,8939547,88.86,0.69
3870,2021-01-29,LOM,13505,4131,9374,686,12816,3,ITC,ITC4,3,Lombardia,Lombardia,10060574,8953052,88.99,0.13
3871,2021-06-13,LOM,76003,40564,35439,72292,2125,1586,ITC,ITC4,3,Lombardia,Lombardia,10060574,9029055,89.75,0.76
3872,2021-03-05,LOM,28953,11943,17010,20234,8420,299,ITC,ITC4,3,Lombardia,Lombardia,10060574,9058008,90.03,0.29
3873,2021-06-27,LOM,90906,46794,44112,69780,18830,2296,ITC,ITC4,3,Lombardia,Lombardia,10060574,9148914,90.94,0.9
3874,2021-03-19,LOM,32456,12928,19528,18910,13223,323,ITC,ITC4,3,Lombardia,Lombardia,10060574,9181370,91.26,0.32
3875,2021-06-18,LOM,107606,52855,54751,51957,54412,1237,ITC,ITC4,3,Lombardia,Lombardia,10060574,9288976,92.33,1.07
3876,2021-03-01,LOM,18797,8233,10564,16884,1707,206,ITC,ITC4,3,Lombardia,Lombardia,10060574,9307773,92.52,0.19
3877,2021-04-19,LOM,60125,27351,32774,49449,9406,1270,ITC,ITC4,3,Lombardia,Lombardia,10060574,9367898,93.11,0.6
3878,2021-06-15,LOM,95973,48843,47130,49014,45894,1065,ITC,ITC4,3,Lombardia,Lombardia,10060574,9463871,94.07,0.95
3879,2021-05-27,LOM,94876,45452,49424,40617,53471,788,ITC,ITC4,3,Lombardia,Lombardia,10060574,9558747,95.01,0.94
3880,2021-04-24,LOM,75823,33602,42221,53439,21144,1240,ITC,ITC4,3,Lombardia,Lombardia,10060574,9634570,95.77,0.75
3881,2021-01-14,LOM,26939,7810,19129,26884,0,55,ITC,ITC4,3,Lombardia,Lombardia,10060574,9661509,96.03,0.27
3882,2021-05-08,LOM,87765,40765,47000,63475,22068,2222,ITC,ITC4,3,Lombardia,Lombardia,10060574,9749274,96.91,0.87
3883,2021-05-15,LOM,80909,38784,42125,45478,33385,2046,ITC,ITC4,3,Lombardia,Lombardia,10060574,9830183,97.71,0.8
3884,2021-07-11,LOM,90176,45614,44562,11767,77351,1058,ITC,ITC4,3,Lombardia,Lombardia,10060574,9920359,98.61,0.9
3885,2021-05-13,LOM,87192,41780,45412,55721,28878,2593,ITC,ITC4,3,Lombardia,Lombardia,10060574,10007551,99.47,0.87
3886,2021-02-02,LOM,19893,6600,13293,496,19394,3,ITC,ITC4,3,Lombardia,Lombardia,10060574,10027444,99.67,0.2
3887,2021-03-31,LOM,42169,17104,25065,26188,15304,677,ITC,ITC4,3,Lombardia,Lombardia,10060574,10069613,100.09,0.42
3888,2021-03-10,LOM,33296,12734,20562,24844,7865,587,ITC,ITC4,3,Lombardia,Lombardia,10060574,10102909,100.42,0.33
3889,2021-07-16,LOM,108848,56684,52164,11121,96557,1170,ITC,ITC4,3,Lombardia,Lombardia,10060574,10211757,101.5,1.08
3890,2021-04-07,LOM,50601,20926,29675,34079,15817,705,ITC,ITC4,3,Lombardia,Lombardia,10060574,10262358,102.01,0.5
3891,2021-05-06,LOM,89879,42216,47663,70984,16520,2375,ITC,ITC4,3,Lombardia,Lombardia,10060574,10352237,102.9,0.89
3892,2021-01-26,LOM,8345,2706,5639,349,7996,0,ITC,ITC4,3,Lombardia,Lombardia,10060574,10360582,102.98,0.08
3893,2021-02-25,LOM,15303,6353,8950,13525,1578,200,ITC,ITC4,3,Lombardia,Lombardia,10060574,10375885,103.13,0.15
3894,2021-02-06,LOM,15268,5541,9727,1010,14253,5,ITC,ITC4,3,Lombardia,Lombardia,10060574,10391153,103.29,0.15
3895,2021-05-02,LOM,83511,38337,45174,59264,22467,1780,ITC,ITC4,3,Lombardia,Lombardia,10060574,10474664,104.12,0.83
3896,2021-07-22,LOM,98900,51798,47102,12137,85325,1438,ITC,ITC4,3,Lombardia,Lombardia,10060574,10573564,105.1,0.98
3897,2021-04-13,LOM,47665,21277,26388,32931,14090,644,ITC,ITC4,3,Lombardia,Lombardia,10060574,10621229,105.57,0.47
3898,2021-04-30,LOM,117450,54871,62579,87232,27643,2575,ITC,ITC4,3,Lombardia,Lombardia,10060574,10738679,106.74,1.17
3899,2021-01-20,LOM,5680,1382,4298,5561,114,5,ITC,ITC4,3,Lombardia,Lombardia,10060574,10744359,106.8,0.06
3900,2021-01-22,LOM,3163,876,2287,3089,69,5,ITC,ITC4,3,Lombardia,Lombardia,10060574,10747522,106.83,0.03
3901,2021-07-07,LOM,111813,56053,55760,17984,92660,1169,ITC,ITC4,3,Lombardia,Lombardia,10060574,10859335,107.94,1.11
3902,2021-04-15,LOM,49460,21863,27597,34883,13826,751,ITC,ITC4,3,Lombardia,Lombardia,10060574,10908795,108.43,0.49
3903,2021-01-05,LOM,7862,2576,5286,7856,0,6,ITC,ITC4,3,Lombardia,Lombardia,10060574,10916657,108.51,0.08
3904,2021-03-27,LOM,32453,12382,20071,23104,8717,632,ITC,ITC4,3,Lombardia,Lombardia,10060574,10949110,108.83,0.32
3905,2021-01-03,LOM,854,316,538,853,0,1,ITC,ITC4,3,Lombardia,Lombardia,10060574,10949964,108.84,0.01
3906,2021-06-22,LOM,111000,57930,53070,79000,29884,2116,ITC,ITC4,3,Lombardia,Lombardia,10060574,11060964,109.94,1.1
3907,2021-07-09,LOM,115525,58889,56636,11724,102915,886,ITC,ITC4,3,Lombardia,Lombardia,10060574,11176489,111.09,1.15
3908,2021-06-03,LOM,97142,49718,47424,84604,10876,1662,ITC,ITC4,3,Lombardia,Lombardia,10060574,11273631,112.06,0.97
3909,2021-06-20,LOM,88960,44337,44623,52835,34886,1239,ITC,ITC4,3,Lombardia,Lombardia,10060574,11362591,112.94,0.88
3910,2021-03-12,LOM,35278,12972,22306,24454,10207,617,ITC,ITC4,3,Lombardia,Lombardia,10060574,11397869,113.29,0.35
3911,2021-03-29,LOM,40051,15542,24509,24533,14839,679,ITC,ITC4,3,Lombardia,Lombardia,10060574,11437920,113.69,0.4
3912,2021-02-10,ABR,946,311,635,492,444,10,ITF,ITF1,13,Abruzzo,Abruzzo,1304970,946,0.07,0.07
3913,2021-05-04,ABR,10860,5100,5760,7055,3615,190,ITF,ITF1,13,Abruzzo,Abruzzo,1304970,11806,0.9,0.83
3914,2021-03-08,ABR,5152,1693,3459,4090,971,91,ITF,ITF1,13,Abruzzo,Abruzzo,1304970,16958,1.3,0.39
3915,2021-01-24,ABR,50,22,28,6,44,0,ITF,ITF1,13,Abruzzo,Abruzzo,1304970,17008,1.3,0.0
3916,2021-03-01,ABR,3478,1385,2093,2704,751,23,ITF,ITF1,13,Abruzzo,Abruzzo,1304970,20486,1.57,0.27
3917,2021-06-18,ABR,10182,5002,5180,6549,3487,146,ITF,ITF1,13,Abruzzo,Abruzzo,1304970,30668,2.35,0.78
3918,2021-01-22,ABR,118,57,61,118,0,0,ITF,ITF1,13,Abruzzo,Abruzzo,1304970,30786,2.36,0.01
3919,2021-01-03,ABR,471,185,286,469,0,2,ITF,ITF1,13,Abruzzo,Abruzzo,1304970,31257,2.4,0.04
3920,2021-03-03,ABR,4633,1891,2742,3704,906,23,ITF,ITF1,13,Abruzzo,Abruzzo,1304970,35890,2.75,0.36
3921,2021-07-14,ABR,13718,6795,6923,2435,11132,151,ITF,ITF1,13,Abruzzo,Abruzzo,1304970,49608,3.8,1.05
3922,2021-04-08,ABR,7395,3337,4058,4935,2330,130,ITF,ITF1,13,Abruzzo,Abruzzo,1304970,57003,4.37,0.57
3923,2021-04-22,ABR,6732,3249,3483,4830,1728,174,ITF,ITF1,13,Abruzzo,Abruzzo,1304970,63735,4.88,0.52
3924,2021-03-22,ABR,4344,1908,2436,2311,1970,63,ITF,ITF1,13,Abruzzo,Abruzzo,1304970,68079,5.22,0.33
3925,2021-06-30,ABR,11141,5422,5719,4492,6483,166,ITF,ITF1,13,Abruzzo,Abruzzo,1304970,79220,6.07,0.85
3926,2020-12-27,ABR,38,19,19,38,0,0,ITF,ITF1,13,Abruzzo,Abruzzo,1304970,79258,6.07,0.0
3927,2021-03-20,ABR,4794,2199,2595,2560,2172,62,ITF,ITF1,13,Abruzzo,Abruzzo,1304970,84052,6.44,0.37
3928,2021-06-13,ABR,9841,4922,4919,7845,1831,165,ITF,ITF1,13,Abruzzo,Abruzzo,1304970,93893,7.2,0.75
3929,2021-01-10,ABR,1139,409,730,1135,0,4,ITF,ITF1,13,Abruzzo,Abruzzo,1304970,95032,7.28,0.09
3930,2021-04-29,ABR,12676,5851,6825,9280,3093,303,ITF,ITF1,13,Abruzzo,Abruzzo,1304970,107708,8.25,0.97
3931,2021-06-25,ABR,11059,5477,5582,4904,6012,143,ITF,ITF1,13,Abruzzo,Abruzzo,1304970,118767,9.1,0.85
3932,2021-01-15,ABR,380,150,230,366,0,14,ITF,ITF1,13,Abruzzo,Abruzzo,1304970,119147,9.13,0.03
3933,2021-04-27,ABR,9085,4368,4717,6507,2466,112,ITF,ITF1,13,Abruzzo,Abruzzo,1304970,128232,9.83,0.7
3934,2021-07-02,ABR,11842,5948,5894,4832,6828,182,ITF,ITF1,13,Abruzzo,Abruzzo,1304970,140074,10.73,0.91
3935,2021-02-22,ABR,2643,1174,1469,2588,30,25,ITF,ITF1,13,Abruzzo,Abruzzo,1304970,142717,10.94,0.2
3936,2021-02-05,ABR,1534,521,1013,772,746,16,ITF,ITF1,13,Abruzzo,Abruzzo,1304970,144251,11.05,0.12
3937,2021-05-16,ABR,9577,4136,5441,5646,3813,118,ITF,ITF1,13,Abruzzo,Abruzzo,1304970,153828,11.79,0.73
3938,2021-06-04,ABR,15636,7392,8244,10757,4694,185,ITF,ITF1,13,Abruzzo,Abruzzo,1304970,169464,12.99,1.2
3939,2021-05-18,ABR,12110,5660,6450,7563,4380,167,ITF,ITF1,13,Abruzzo,Abruzzo,1304970,181574,13.91,0.93
3940,2021-02-24,ABR,3305,1441,1864,3112,176,17,ITF,ITF1,13,Abruzzo,Abruzzo,1304970,184879,14.17,0.25
3941,2021-05-30,ABR,8658,4110,4548,5326,3253,79,ITF,ITF1,13,Abruzzo,Abruzzo,1304970,193537,14.83,0.66
3942,2021-04-03,ABR,5160,2257,2903,3484,1597,79,ITF,ITF1,13,Abruzzo,Abruzzo,1304970,198697,15.23,0.4
3943,2021-07-12,ABR,15070,7454,7616,2362,12594,114,ITF,ITF1,13,Abruzzo,Abruzzo,1304970,213767,16.38,1.15
3944,2021-02-02,ABR,1763,668,1095,218,1541,4,ITF,ITF1,13,Abruzzo,Abruzzo,1304970,215530,16.52,0.14
3945,2021-05-13,ABR,11148,5042,6106,6960,3960,228,ITF,ITF1,13,Abruzzo,Abruzzo,1304970,226678,17.37,0.85
3946,2021-03-31,ABR,6716,2940,3776,4556,2069,91,ITF,ITF1,13,Abruzzo,Abruzzo,1304970,233394,17.89,0.51
3947,2021-05-15,ABR,11428,5180,6248,5948,5304,176,ITF,ITF1,13,Abruzzo,Abruzzo,1304970,244822,18.76,0.88
3948,2021-07-21,ABR,11090,5726,5364,2431,8526,133,ITF,ITF1,13,Abruzzo,Abruzzo,1304970,255912,19.61,0.85
3949,2021-02-03,ABR,2063,717,1346,411,1644,8,ITF,ITF1,13,Abruzzo,Abruzzo,1304970,257975,19.77,0.16
3950,2021-02-28,ABR,1704,510,1194,1668,2,34,ITF,ITF1,13,Abruzzo,Abruzzo,1304970,259679,19.9,0.13
3951,2021-01-02,ABR,552,220,332,551,0,1,ITF,ITF1,13,Abruzzo,Abruzzo,1304970,260231,19.94,0.04
3952,2021-06-08,ABR,12866,6620,6246,10432,2195,239,ITF,ITF1,13,Abruzzo,Abruzzo,1304970,273097,20.93,0.99
3953,2021-04-26,ABR,8564,4068,4496,7143,1213,208,ITF,ITF1,13,Abruzzo,Abruzzo,1304970,281661,21.58,0.66
3954,2021-06-01,ABR,11005,4883,6122,6512,4373,120,ITF,ITF1,13,Abruzzo,Abruzzo,1304970,292666,22.43,0.84
3955,2021-03-27,ABR,6122,2620,3502,3565,2486,71,ITF,ITF1,13,Abruzzo,Abruzzo,1304970,298788,22.9,0.47
3956,2021-01-05,ABR,1615,604,1011,1610,0,5,ITF,ITF1,13,Abruzzo,Abruzzo,1304970,300403,23.02,0.12
3957,2021-04-15,ABR,7820,3678,4142,5833,1840,147,ITF,ITF1,13,Abruzzo,Abruzzo,1304970,308223,23.62,0.6
3958,2021-07-07,ABR,12013,5890,6123,4026,7749,238,ITF,ITF1,13,Abruzzo,Abruzzo,1304970,320236,24.54,0.92
3959,2021-07-09,ABR,13604,6791,6813,2894,10576,134,ITF,ITF1,13,Abruzzo,Abruzzo,1304970,333840,25.58,1.04
3960,2021-01-29,ABR,1388,449,939,73,1314,1,ITF,ITF1,13,Abruzzo,Abruzzo,1304970,335228,25.69,0.11
3961,2021-05-27,ABR,13309,6094,7215,8313,4821,175,ITF,ITF1,13,Abruzzo,Abruzzo,1304970,348537,26.71,1.02
3962,2021-03-19,ABR,5795,2584,3211,2732,3022,41,ITF,ITF1,13,Abruzzo,Abruzzo,1304970,354332,27.15,0.44
3963,2021-02-12,ABR,1228,567,661,1026,189,13,ITF,ITF1,13,Abruzzo,Abruzzo,1304970,355560,27.25,0.09
3964,2021-07-19,ABR,11777,5985,5792,2666,8941,170,ITF,ITF1,13,Abruzzo,Abruzzo,1304970,367337,28.15,0.9
3965,2021-05-23,ABR,9881,4695,5186,7068,2692,121,ITF,ITF1,13,Abruzzo,Abruzzo,1304970,377218,28.91,0.76
3966,2021-06-06,ABR,11149,5307,5842,8778,2242,129,ITF,ITF1,13,Abruzzo,Abruzzo,1304970,388367,29.76,0.85
3967,2021-04-10,ABR,8775,4058,4717,6127,2509,139,ITF,ITF1,13,Abruzzo,Abruzzo,1304970,397142,30.43,0.67
3968,2021-02-17,ABR,2071,948,1123,1780,282,9,ITF,ITF1,13,Abruzzo,Abruzzo,1304970,399213,30.59,0.16
3969,2021-06-11,ABR,11780,5852,5928,8836,2761,183,ITF,ITF1,13,Abruzzo,Abruzzo,1304970,410993,31.49,0.9
3970,2021-05-11,ABR,10761,5118,5643,5735,4851,175,ITF,ITF1,13,Abruzzo,Abruzzo,1304970,421754,32.32,0.82
3971,2021-03-15,ABR,3683,1447,2236,1845,1807,31,ITF,ITF1,13,Abruzzo,Abruzzo,1304970,425437,32.6,0.28
3972,2021-01-17,ABR,188,59,129,180,7,1,ITF,ITF1,13,Abruzzo,Abruzzo,1304970,425625,32.62,0.01
3973,2021-06-23,ABR,11012,5282,5730,5582,5284,146,ITF,ITF1,13,Abruzzo,Abruzzo,1304970,436637,33.46,0.84
3974,2021-03-17,ABR,4539,1873,2666,2776,1740,23,ITF,ITF1,13,Abruzzo,Abruzzo,1304970,441176,33.81,0.35
3975,2021-01-19,ABR,111,55,56,90,20,1,ITF,ITF1,13,Abruzzo,Abruzzo,1304970,441287,33.82,0.01
3976,2021-02-07,ABR,779,308,471,200,578,1,ITF,ITF1,13,Abruzzo,Abruzzo,1304970,442066,33.88,0.06
3977,2021-07-11,ABR,9885,4971,4914,2370,7385,130,ITF,ITF1,13,Abruzzo,Abruzzo,1304970,451951,34.63,0.76
3978,2021-03-10,ABR,5048,1682,3366,4027,957,64,ITF,ITF1,13,Abruzzo,Abruzzo,1304970,456999,35.02,0.39
3979,2021-01-26,ABR,1543,568,975,29,1514,0,ITF,ITF1,13,Abruzzo,Abruzzo,1304970,458542,35.14,0.12
3980,2021-05-06,ABR,12975,6074,6901,7794,5028,153,ITF,ITF1,13,Abruzzo,Abruzzo,1304970,471517,36.13,0.99
3981,2021-04-19,ABR,6231,2861,3370,3787,2373,71,ITF,ITF1,13,Abruzzo,Abruzzo,1304970,477748,36.61,0.48
3982,2021-02-21,ABR,1218,550,668,1193,1,24,ITF,ITF1,13,Abruzzo,Abruzzo,1304970,478966,36.7,0.09
3983,2021-06-15,ABR,11317,5562,5755,8681,2427,209,ITF,ITF1,13,Abruzzo,Abruzzo,1304970,490283,37.57,0.87
3984,2021-04-12,ABR,6239,2958,3281,4986,1174,79,ITF,ITF1,13,Abruzzo,Abruzzo,1304970,496522,38.05,0.48
3985,2021-06-22,ABR,10411,4878,5533,5385,4848,178,ITF,ITF1,13,Abruzzo,Abruzzo,1304970,506933,38.85,0.8
3986,2021-03-29,ABR,5707,2598,3109,3019,2639,49,ITF,ITF1,13,Abruzzo,Abruzzo,1304970,512640,39.28,0.44
3987,2021-03-05,ABR,5349,1958,3391,4592,697,60,ITF,ITF1,13,Abruzzo,Abruzzo,1304970,517989,39.69,0.41
3988,2021-06-27,ABR,8373,4303,4070,5015,3217,141,ITF,ITF1,13,Abruzzo,Abruzzo,1304970,526362,40.34,0.64
3989,2021-04-07,ABR,7222,3333,3889,4314,2784,124,ITF,ITF1,13,Abruzzo,Abruzzo,1304970,533584,40.89,0.55
3990,2021-07-16,ABR,16147,8236,7911,2473,13558,116,ITF,ITF1,13,Abruzzo,Abruzzo,1304970,549731,42.13,1.24
3991,2021-05-08,ABR,10292,4870,5422,6339,3832,121,ITF,ITF1,13,Abruzzo,Abruzzo,1304970,560023,42.91,0.79
3992,2021-04-05,ABR,2692,1147,1545,1731,879,82,ITF,ITF1,13,Abruzzo,Abruzzo,1304970,562715,43.12,0.21
3993,2021-01-12,ABR,1805,667,1138,1791,0,14,ITF,ITF1,13,Abruzzo,Abruzzo,1304970,564520,43.26,0.14
3994,2021-05-25,ABR,11422,5326,6096,8086,3138,198,ITF,ITF1,13,Abruzzo,Abruzzo,1304970,575942,44.13,0.88
3995,2021-04-09,ABR,8989,4258,4731,6248,2602,139,ITF,ITF1,13,Abruzzo,Abruzzo,1304970,584931,44.82,0.69
3996,2021-07-18,ABR,12205,6311,5894,2006,10080,119,ITF,ITF1,13,Abruzzo,Abruzzo,1304970,597136,45.76,0.94
3997,2021-04-02,ABR,6693,3103,3590,5116,1487,90,ITF,ITF1,13,Abruzzo,Abruzzo,1304970,603829,46.27,0.51
3998,2021-02-04,ABR,1683,617,1066,599,1072,12,ITF,ITF1,13,Abruzzo,Abruzzo,1304970,605512,46.4,0.13
3999,2021-07-20,ABR,12589,6390,6199,3226,9177,186,ITF,ITF1,13,Abruzzo,Abruzzo,1304970,618101,47.37,0.96
4000,2021-06-03,ABR,13186,6278,6908,9239,3776,171,ITF,ITF1,13,Abruzzo,Abruzzo,1304970,631287,48.38,1.01
4001,2021-03-12,ABR,6016,1987,4029,4356,1583,77,ITF,ITF1,13,Abruzzo,Abruzzo,1304970,637303,48.84,0.46
4002,2021-06-20,ABR,8444,4238,4206,5411,2930,103,ITF,ITF1,13,Abruzzo,Abruzzo,1304970,645747,49.48,0.65
4003,2021-03-14,ABR,1884,731,1153,1201,667,16,ITF,ITF1,13,Abruzzo,Abruzzo,1304970,647631,49.63,0.14
4004,2021-02-25,ABR,3053,1341,1712,2506,529,18,ITF,ITF1,13,Abruzzo,Abruzzo,1304970,650684,49.86,0.23
4005,2021-06-05,ABR,14613,6862,7751,10369,4045,199,ITF,ITF1,13,Abruzzo,Abruzzo,1304970,665297,50.98,1.12
4006,2021-03-24,ABR,6383,2784,3599,3998,2250,135,ITF,ITF1,13,Abruzzo,Abruzzo,1304970,671680,51.47,0.49
4007,2021-02-09,ABR,909,312,597,499,409,1,ITF,ITF1,13,Abruzzo,Abruzzo,1304970,672589,51.54,0.07
4008,2021-07-04,ABR,8374,4215,4159,3333,4917,124,ITF,ITF1,13,Abruzzo,Abruzzo,1304970,680963,52.18,0.64
4009,2021-04-17,ABR,7356,3401,3955,4215,3051,90,ITF,ITF1,13,Abruzzo,Abruzzo,1304970,688319,52.75,0.56
4010,2021-02-19,ABR,3300,1551,1749,3161,100,39,ITF,ITF1,13,Abruzzo,Abruzzo,1304970,691619,53.0,0.25
4011,2021-01-07,ABR,1605,553,1052,1598,0,7,ITF,ITF1,13,Abruzzo,Abruzzo,1304970,693224,53.12,0.12
4012,2021-01-31,ABR,1521,494,1027,288,1232,1,ITF,ITF1,13,Abruzzo,Abruzzo,1304970,694745,53.24,0.12
4013,2021-05-10,ABR,10107,4782,5325,5373,4648,86,ITF,ITF1,13,Abruzzo,Abruzzo,1304970,704852,54.01,0.77
4014,2021-04-23,ABR,7392,3394,3998,4924,2305,163,ITF,ITF1,13,Abruzzo,Abruzzo,1304970,712244,54.58,0.57
4015,2021-01-30,ABR,1511,568,943,68,1442,1,ITF,ITF1,13,Abruzzo,Abruzzo,1304970,713755,54.7,0.12
4016,2021-04-24,ABR,8729,3975,4754,6944,1531,254,ITF,ITF1,13,Abruzzo,Abruzzo,1304970,722484,55.36,0.67
4017,2021-01-14,ABR,530,189,341,528,0,2,ITF,ITF1,13,Abruzzo,Abruzzo,1304970,723014,55.4,0.04
4018,2021-02-16,ABR,1916,841,1075,1891,12,13,ITF,ITF1,13,Abruzzo,Abruzzo,1304970,724930,55.55,0.15
4019,2021-03-02,ABR,3967,1676,2291,3261,686,20,ITF,ITF1,13,Abruzzo,Abruzzo,1304970,728897,55.86,0.3
4020,2021-06-10,ABR,12704,6318,6386,10306,2161,237,ITF,ITF1,13,Abruzzo,Abruzzo,1304970,741601,56.83,0.97
4021,2021-04-04,ABR,1632,768,864,1460,129,43,ITF,ITF1,13,Abruzzo,Abruzzo,1304970,743233,56.95,0.13
4022,2021-07-13,ABR,15518,7748,7770,2826,12514,178,ITF,ITF1,13,Abruzzo,Abruzzo,1304970,758751,58.14,1.19
4023,2021-06-16,ABR,10883,5448,5435,7994,2676,213,ITF,ITF1,13,Abruzzo,Abruzzo,1304970,769634,58.98,0.83
4024,2021-02-27,ABR,2813,1339,1474,2513,267,33,ITF,ITF1,13,Abruzzo,Abruzzo,1304970,772447,59.19,0.22
4025,2021-06-07,ABR,11098,5289,5809,9071,1842,185,ITF,ITF1,13,Abruzzo,Abruzzo,1304970,783545,60.04,0.85
4026,2021-04-11,ABR,5380,2628,2752,4842,487,51,ITF,ITF1,13,Abruzzo,Abruzzo,1304970,788925,60.46,0.41
4027,2021-06-09,ABR,11570,6092,5478,9705,1684,181,ITF,ITF1,13,Abruzzo,Abruzzo,1304970,800495,61.34,0.89
4028,2021-05-17,ABR,11032,5036,5996,6022,4852,158,ITF,ITF1,13,Abruzzo,Abruzzo,1304970,811527,62.19,0.85
4029,2021-02-23,ABR,2780,1273,1507,2754,11,15,ITF,ITF1,13,Abruzzo,Abruzzo,1304970,814307,62.4,0.21
4030,2021-02-06,ABR,1610,743,867,595,1008,7,ITF,ITF1,13,Abruzzo,Abruzzo,1304970,815917,62.52,0.12
4031,2021-02-08,ABR,1196,395,801,487,709,0,ITF,ITF1,13,Abruzzo,Abruzzo,1304970,817113,62.62,0.09
4032,2021-05-19,ABR,10729,5125,5604,7569,3037,123,ITF,ITF1,13,Abruzzo,Abruzzo,1304970,827842,63.44,0.82
4033,2021-04-30,ABR,12502,5867,6635,6515,5722,265,ITF,ITF1,13,Abruzzo,Abruzzo,1304970,840344,64.4,0.96
4034,2021-04-13,ABR,5893,2754,3139,4561,1237,95,ITF,ITF1,13,Abruzzo,Abruzzo,1304970,846237,64.85,0.45
4035,2021-01-20,ABR,447,156,291,425,2,20,ITF,ITF1,13,Abruzzo,Abruzzo,1304970,846684,64.88,0.03
4036,2021-07-05,ABR,10889,5345,5544,4047,6655,187,ITF,ITF1,13,Abruzzo,Abruzzo,1304970,857573,65.72,0.83
4037,2021-07-22,ABR,14483,7412,7071,3516,10759,208,ITF,ITF1,13,Abruzzo,Abruzzo,1304970,872056,66.83,1.11
4038,2021-02-26,ABR,3925,1680,2245,2930,969,26,ITF,ITF1,13,Abruzzo,Abruzzo,1304970,875981,67.13,0.3
4039,2021-01-18,ABR,128,52,76,46,82,0,ITF,ITF1,13,Abruzzo,Abruzzo,1304970,876109,67.14,0.01
4040,2021-06-24,ABR,10865,5412,5453,5727,4970,168,ITF,ITF1,13,Abruzzo,Abruzzo,1304970,886974,67.97,0.83
4041,2021-04-28,ABR,9510,4586,4924,7315,2022,173,ITF,ITF1,13,Abruzzo,Abruzzo,1304970,896484,68.7,0.73
4042,2021-05-12,ABR,9630,4601,5029,5875,3581,174,ITF,ITF1,13,Abruzzo,Abruzzo,1304970,906114,69.44,0.74
4043,2021-01-16,ABR,936,430,506,928,0,8,ITF,ITF1,13,Abruzzo,Abruzzo,1304970,907050,69.51,0.07
4044,2021-03-07,ABR,2522,630,1892,2483,0,39,ITF,ITF1,13,Abruzzo,Abruzzo,1304970,909572,69.7,0.19
4045,2021-01-09,ABR,1484,566,918,1472,0,12,ITF,ITF1,13,Abruzzo,Abruzzo,1304970,911056,69.81,0.11
4046,2021-02-11,ABR,816,262,554,771,43,2,ITF,ITF1,13,Abruzzo,Abruzzo,1304970,911872,69.88,0.06
4047,2021-05-24,ABR,12222,5838,6384,8724,3339,159,ITF,ITF1,13,Abruzzo,Abruzzo,1304970,924094,70.81,0.94
4048,2021-05-07,ABR,12198,5710,6488,7664,4413,121,ITF,ITF1,13,Abruzzo,Abruzzo,1304970,936292,71.75,0.93
4049,2021-03-06,ABR,4179,1359,2820,3569,570,40,ITF,ITF1,13,Abruzzo,Abruzzo,1304970,940471,72.07,0.32
4050,2021-03-16,ABR,3484,1452,2032,1802,1654,28,ITF,ITF1,13,Abruzzo,Abruzzo,1304970,943955,72.34,0.27
4051,2021-05-05,ABR,11631,5570,6061,6269,5203,159,ITF,ITF1,13,Abruzzo,Abruzzo,1304970,955586,73.23,0.89
4052,2021-03-09,ABR,5178,1805,3373,4157,938,83,ITF,ITF1,13,Abruzzo,Abruzzo,1304970,960764,73.62,0.4
4053,2021-07-01,ABR,12766,6287,6479,5771,6771,224,ITF,ITF1,13,Abruzzo,Abruzzo,1304970,973530,74.6,0.98
4054,2021-06-17,ABR,10918,5460,5458,7304,3454,160,ITF,ITF1,13,Abruzzo,Abruzzo,1304970,984448,75.44,0.84
4055,2021-02-01,ABR,1631,573,1058,270,1360,1,ITF,ITF1,13,Abruzzo,Abruzzo,1304970,986079,75.56,0.12
4056,2021-03-23,ABR,4833,2189,2644,2213,2567,53,ITF,ITF1,13,Abruzzo,Abruzzo,1304970,990912,75.93,0.37
4057,2021-01-25,ABR,1605,633,972,15,1588,2,ITF,ITF1,13,Abruzzo,Abruzzo,1304970,992517,76.06,0.12
4058,2021-06-29,ABR,11414,5636,5778,5248,5980,186,ITF,ITF1,13,Abruzzo,Abruzzo,1304970,1003931,76.93,0.87
4059,2021-03-21,ABR,2133,913,1220,839,1290,4,ITF,ITF1,13,Abruzzo,Abruzzo,1304970,1006064,77.09,0.16
4060,2021-06-12,ABR,11408,5908,5500,9891,1338,179,ITF,ITF1,13,Abruzzo,Abruzzo,1304970,1017472,77.97,0.87
4061,2021-05-02,ABR,10460,5112,5348,5090,5228,142,ITF,ITF1,13,Abruzzo,Abruzzo,1304970,1027932,78.77,0.8
4062,2021-03-25,ABR,5793,2662,3131,3065,2617,111,ITF,ITF1,13,Abruzzo,Abruzzo,1304970,1033725,79.21,0.44
4063,2021-01-27,ABR,1365,515,850,38,1327,0,ITF,ITF1,13,Abruzzo,Abruzzo,1304970,1035090,79.32,0.1
4064,2021-07-03,ABR,10206,5151,5055,3500,6558,148,ITF,ITF1,13,Abruzzo,Abruzzo,1304970,1045296,80.1,0.78
4065,2021-05-21,ABR,13017,6328,6689,7863,4980,174,ITF,ITF1,13,Abruzzo,Abruzzo,1304970,1058313,81.1,1.0
4066,2021-03-18,ABR,3896,1651,2245,2039,1831,26,ITF,ITF1,13,Abruzzo,Abruzzo,1304970,1062209,81.4,0.3
4067,2021-06-26,ABR,10037,5013,5024,5682,4197,158,ITF,ITF1,13,Abruzzo,Abruzzo,1304970,1072246,82.17,0.77
4068,2021-01-13,ABR,1260,441,819,1252,0,8,ITF,ITF1,13,Abruzzo,Abruzzo,1304970,1073506,82.26,0.1
4069,2021-02-13,ABR,857,387,470,434,419,4,ITF,ITF1,13,Abruzzo,Abruzzo,1304970,1074363,82.33,0.07
4070,2021-07-17,ABR,14097,7387,6710,2663,11258,176,ITF,ITF1,13,Abruzzo,Abruzzo,1304970,1088460,83.41,1.08
4071,2021-03-04,ABR,5936,2360,3576,4974,922,40,ITF,ITF1,13,Abruzzo,Abruzzo,1304970,1094396,83.86,0.45
4072,2021-05-28,ABR,14014,6307,7707,7489,6356,169,ITF,ITF1,13,Abruzzo,Abruzzo,1304970,1108410,84.94,1.07
4073,2021-01-28,ABR,1433,495,938,12,1421,0,ITF,ITF1,13,Abruzzo,Abruzzo,1304970,1109843,85.05,0.11
4074,2021-01-11,ABR,1553,557,996,1549,0,4,ITF,ITF1,13,Abruzzo,Abruzzo,1304970,1111396,85.17,0.12
4075,2021-04-21,ABR,6389,3102,3287,4640,1672,77,ITF,ITF1,13,Abruzzo,Abruzzo,1304970,1117785,85.66,0.49
4076,2021-07-15,ABR,15942,8086,7856,3133,12634,175,ITF,ITF1,13,Abruzzo,Abruzzo,1304970,1133727,86.88,1.22
4077,2021-06-28,ABR,10059,4840,5219,5311,4580,168,ITF,ITF1,13,Abruzzo,Abruzzo,1304970,1143786,87.65,0.77
4078,2021-02-18,ABR,2288,933,1355,2140,130,18,ITF,ITF1,13,Abruzzo,Abruzzo,1304970,1146074,87.82,0.18
4079,2021-05-29,ABR,10318,4430,5888,4458,5771,89,ITF,ITF1,13,Abruzzo,Abruzzo,1304970,1156392,88.61,0.79
4080,2021-05-22,ABR,13154,6391,6763,8131,4911,112,ITF,ITF1,13,Abruzzo,Abruzzo,1304970,1169546,89.62,1.01
4081,2021-03-26,ABR,5355,2312,3043,3178,2075,102,ITF,ITF1,13,Abruzzo,Abruzzo,1304970,1174901,90.03,0.41
4082,2021-05-31,ABR,11335,5113,6222,6763,4444,128,ITF,ITF1,13,Abruzzo,Abruzzo,1304970,1186236,90.9,0.87
4083,2021-04-20,ABR,5636,2713,2923,4109,1455,72,ITF,ITF1,13,Abruzzo,Abruzzo,1304970,1191872,91.33,0.43
4084,2021-07-10,ABR,13130,6635,6495,3017,9950,163,ITF,ITF1,13,Abruzzo,Abruzzo,1304970,1205002,92.34,1.01
4085,2021-05-14,ABR,10594,5070,5524,5285,5148,161,ITF,ITF1,13,Abruzzo,Abruzzo,1304970,1215596,93.15,0.81
4086,2021-04-01,ABR,5592,2505,3087,3431,2087,74,ITF,ITF1,13,Abruzzo,Abruzzo,1304970,1221188,93.58,0.43
4087,2021-04-06,ABR,7679,3578,4101,5234,2318,127,ITF,ITF1,13,Abruzzo,Abruzzo,1304970,1228867,94.17,0.59
4088,2021-05-09,ABR,9156,4090,5066,4175,4870,111,ITF,ITF1,13,Abruzzo,Abruzzo,1304970,1238023,94.87,0.7
4089,2021-02-15,ABR,1795,832,963,1736,42,17,ITF,ITF1,13,Abruzzo,Abruzzo,1304970,1239818,95.01,0.14
4090,2021-04-25,ABR,9066,4622,4444,8058,809,199,ITF,ITF1,13,Abruzzo,Abruzzo,1304970,1248884,95.7,0.69
4091,2021-01-08,ABR,1527,507,1020,1518,0,9,ITF,ITF1,13,Abruzzo,Abruzzo,1304970,1250411,95.82,0.12
4092,2021-04-18,ABR,5813,2727,3086,4725,943,145,ITF,ITF1,13,Abruzzo,Abruzzo,1304970,1256224,96.26,0.45
4093,2021-05-26,ABR,13545,6042,7503,8392,4992,161,ITF,ITF1,13,Abruzzo,Abruzzo,1304970,1269769,97.3,1.04
4094,2021-06-14,ABR,10981,5434,5547,7431,3377,173,ITF,ITF1,13,Abruzzo,Abruzzo,1304970,1280750,98.14,0.84
4095,2021-02-20,ABR,4777,1843,2934,4659,76,42,ITF,ITF1,13,Abruzzo,Abruzzo,1304970,1285527,98.51,0.37
4096,2021-07-23,ABR,9210,4654,4556,1900,7212,98,ITF,ITF1,13,Abruzzo,Abruzzo,1304970,1294737,99.22,0.71
4097,2021-01-21,ABR,157,47,110,157,0,0,ITF,ITF1,13,Abruzzo,Abruzzo,1304970,1294894,99.23,0.01
4098,2021-05-01,ABR,10736,5042,5694,5629,4975,132,ITF,ITF1,13,Abruzzo,Abruzzo,1304970,1305630,100.05,0.82
4099,2021-05-20,ABR,12802,5927,6875,7414,5262,126,ITF,ITF1,13,Abruzzo,Abruzzo,1304970,1318432,101.03,0.98
4100,2021-06-19,ABR,10555,5200,5355,6487,3897,171,ITF,ITF1,13,Abruzzo,Abruzzo,1304970,1328987,101.84,0.81
4101,2021-03-28,ABR,2421,1018,1403,1994,377,50,ITF,ITF1,13,Abruzzo,Abruzzo,1304970,1331408,102.03,0.19
4102,2021-07-06,ABR,9905,4940,4965,4095,5645,165,ITF,ITF1,13,Abruzzo,Abruzzo,1304970,1341313,102.78,0.76
4103,2021-04-14,ABR,6593,2949,3644,4341,2120,132,ITF,ITF1,13,Abruzzo,Abruzzo,1304970,1347906,103.29,0.51
4104,2021-01-04,ABR,1403,576,827,1397,0,6,ITF,ITF1,13,Abruzzo,Abruzzo,1304970,1349309,103.4,0.11
4105,2021-01-23,ABR,264,115,149,51,207,6,ITF,ITF1,13,Abruzzo,Abruzzo,1304970,1349573,103.42,0.02
4106,2021-05-03,ABR,11147,5257,5890,7134,3834,179,ITF,ITF1,13,Abruzzo,Abruzzo,1304970,1360720,104.27,0.85
4107,2021-07-08,ABR,13494,6680,6814,3419,9912,163,ITF,ITF1,13,Abruzzo,Abruzzo,1304970,1374214,105.31,1.03
4108,2021-04-16,ABR,7537,3488,4049,5498,1916,123,ITF,ITF1,13,Abruzzo,Abruzzo,1304970,1381751,105.88,0.58
4109,2021-03-11,ABR,5494,2219,3275,4272,1138,84,ITF,ITF1,13,Abruzzo,Abruzzo,1304970,1387245,106.3,0.42
4110,2021-06-02,ABR,9763,4744,5019,6836,2810,117,ITF,ITF1,13,Abruzzo,Abruzzo,1304970,1397008,107.05,0.75
4111,2021-03-13,ABR,4125,1421,2704,3015,1043,67,ITF,ITF1,13,Abruzzo,Abruzzo,1304970,1401133,107.37,0.32
4112,2021-06-21,ABR,11057,5389,5668,4940,5989,128,ITF,ITF1,13,Abruzzo,Abruzzo,1304970,1412190,108.22,0.85
4113,2021-03-30,ABR,5128,2261,2867,3148,1822,158,ITF,ITF1,13,Abruzzo,Abruzzo,1304970,1417318,108.61,0.39
4114,2021-01-06,ABR,1833,664,1169,1823,0,10,ITF,ITF1,13,Abruzzo,Abruzzo,1304970,1419151,108.75,0.14
4115,2021-01-24,PAB,12,10,2,0,12,0,ITH,ITH1,4,Provincia Autonoma Bolzano / Bozen,P.A. Bolzano,533050,12,0.0,0.0
4116,2021-07-04,PAB,4412,2129,2283,188,4224,0,ITH,ITH1,4,Provincia Autonoma Bolzano / Bozen,P.A. Bolzano,533050,4424,0.83,0.83
4117,2021-06-06,PAB,4536,2179,2357,808,3678,50,ITH,ITH1,4,Provincia Autonoma Bolzano / Bozen,P.A. Bolzano,533050,8960,1.68,0.85
4118,2021-02-26,PAB,1527,551,976,1469,30,28,ITH,ITH1,4,Provincia Autonoma Bolzano / Bozen,P.A. Bolzano,533050,10487,1.97,0.29
4119,2021-06-01,PAB,3635,2365,1270,2012,1473,150,ITH,ITH1,4,Provincia Autonoma Bolzano / Bozen,P.A. Bolzano,533050,14122,2.65,0.68
4120,2021-02-19,PAB,2252,512,1740,2192,11,49,ITH,ITH1,4,Provincia Autonoma Bolzano / Bozen,P.A. Bolzano,533050,16374,3.07,0.42
4121,2021-07-16,PAB,4491,2435,2056,1179,3312,0,ITH,ITH1,4,Provincia Autonoma Bolzano / Bozen,P.A. Bolzano,533050,20865,3.91,0.84
4122,2021-04-24,PAB,5110,2452,2658,4287,485,338,ITH,ITH1,4,Provincia Autonoma Bolzano / Bozen,P.A. Bolzano,533050,25975,4.87,0.96
4123,2021-07-14,PAB,867,449,418,509,358,0,ITH,ITH1,4,Provincia Autonoma Bolzano / Bozen,P.A. Bolzano,533050,26842,5.04,0.16
4124,2021-04-05,PAB,301,144,157,22,278,1,ITH,ITH1,4,Provincia Autonoma Bolzano / Bozen,P.A. Bolzano,533050,27143,5.09,0.06
4125,2021-06-27,PAB,4425,2314,2111,572,3807,46,ITH,ITH1,4,Provincia Autonoma Bolzano / Bozen,P.A. Bolzano,533050,31568,5.92,0.83
4126,2021-01-12,PAB,1709,459,1250,1709,0,0,ITH,ITH1,4,Provincia Autonoma Bolzano / Bozen,P.A. Bolzano,533050,33277,6.24,0.32
4127,2021-06-20,PAB,5232,2845,2387,592,4593,47,ITH,ITH1,4,Provincia Autonoma Bolzano / Bozen,P.A. Bolzano,533050,38509,7.22,0.98
4128,2021-02-07,PAB,2362,1058,1304,14,2348,0,ITH,ITH1,4,Provincia Autonoma Bolzano / Bozen,P.A. Bolzano,533050,40871,7.67,0.44
4129,2021-05-18,PAB,3343,1754,1589,2052,1186,105,ITH,ITH1,4,Provincia Autonoma Bolzano / Bozen,P.A. Bolzano,533050,44214,8.29,0.63
4130,2021-05-20,PAB,4917,2473,2444,3268,1469,180,ITH,ITH1,4,Provincia Autonoma Bolzano / Bozen,P.A. Bolzano,533050,49131,9.22,0.92
4131,2021-07-09,PAB,5214,2606,2608,1054,4160,0,ITH,ITH1,4,Provincia Autonoma Bolzano / Bozen,P.A. Bolzano,533050,54345,10.2,0.98
4132,2021-03-31,PAB,1832,694,1138,727,1011,94,ITH,ITH1,4,Provincia Autonoma Bolzano / Bozen,P.A. Bolzano,533050,56177,10.54,0.34
4133,2021-02-12,PAB,730,217,513,464,248,18,ITH,ITH1,4,Provincia Autonoma Bolzano / Bozen,P.A. Bolzano,533050,56907,10.68,0.14
4134,2021-04-10,PAB,5396,2666,2730,4631,588,177,ITH,ITH1,4,Provincia Autonoma Bolzano / Bozen,P.A. Bolzano,533050,62303,11.69,1.01
4135,2020-12-31,PAB,914,520,394,914,0,0,ITH,ITH1,4,Provincia Autonoma Bolzano / Bozen,P.A. Bolzano,533050,63217,11.86,0.17
4136,2021-04-19,PAB,1873,859,1014,1600,182,91,ITH,ITH1,4,Provincia Autonoma Bolzano / Bozen,P.A. Bolzano,533050,65090,12.21,0.35
4137,2021-06-15,PAB,2024,1167,857,461,1532,31,ITH,ITH1,4,Provincia Autonoma Bolzano / Bozen,P.A. Bolzano,533050,67114,12.59,0.38
4138,2021-03-22,PAB,1144,523,621,1110,5,29,ITH,ITH1,4,Provincia Autonoma Bolzano / Bozen,P.A. Bolzano,533050,68258,12.81,0.21
4139,2021-01-26,PAB,810,291,519,1,809,0,ITH,ITH1,4,Provincia Autonoma Bolzano / Bozen,P.A. Bolzano,533050,69068,12.96,0.15
4140,2021-07-02,PAB,3200,1657,1543,1028,2172,0,ITH,ITH1,4,Provincia Autonoma Bolzano / Bozen,P.A. Bolzano,533050,72268,13.56,0.6
4141,2021-03-24,PAB,2064,999,1065,1997,13,54,ITH,ITH1,4,Provincia Autonoma Bolzano / Bozen,P.A. Bolzano,533050,74332,13.94,0.39
4142,2021-03-10,PAB,1268,529,739,1073,143,52,ITH,ITH1,4,Provincia Autonoma Bolzano / Bozen,P.A. Bolzano,533050,75600,14.18,0.24
4143,2021-05-06,PAB,5181,2747,2434,2344,2568,269,ITH,ITH1,4,Provincia Autonoma Bolzano / Bozen,P.A. Bolzano,533050,80781,15.15,0.97
4144,2021-06-08,PAB,4192,2140,2052,846,3318,28,ITH,ITH1,4,Provincia Autonoma Bolzano / Bozen,P.A. Bolzano,533050,84973,15.94,0.79
4145,2021-05-15,PAB,7005,3691,3314,6287,294,424,ITH,ITH1,4,Provincia Autonoma Bolzano / Bozen,P.A. Bolzano,533050,91978,17.26,1.31
4146,2021-02-04,PAB,1958,593,1365,8,1950,0,ITH,ITH1,4,Provincia Autonoma Bolzano / Bozen,P.A. Bolzano,533050,93936,17.62,0.37
4147,2021-07-11,PAB,6060,3088,2972,1191,4869,0,ITH,ITH1,4,Provincia Autonoma Bolzano / Bozen,P.A. Bolzano,533050,99996,18.76,1.14
4148,2021-06-29,PAB,1874,1011,863,236,1617,21,ITH,ITH1,4,Provincia Autonoma Bolzano / Bozen,P.A. Bolzano,533050,101870,19.11,0.35
4149,2021-03-21,PAB,768,285,483,13,754,1,ITH,ITH1,4,Provincia Autonoma Bolzano / Bozen,P.A. Bolzano,533050,102638,19.25,0.14
4150,2021-06-12,PAB,5057,2744,2313,1639,3288,130,ITH,ITH1,4,Provincia Autonoma Bolzano / Bozen,P.A. Bolzano,533050,107695,20.2,0.95
4151,2021-01-14,PAB,1946,575,1371,1946,0,0,ITH,ITH1,4,Provincia Autonoma Bolzano / Bozen,P.A. Bolzano,533050,109641,20.57,0.37
4152,2021-07-23,PAB,2971,1605,1366,1151,1820,0,ITH,ITH1,4,Provincia Autonoma Bolzano / Bozen,P.A. Bolzano,533050,112612,21.13,0.56
4153,2021-01-05,PAB,830,286,544,829,0,1,ITH,ITH1,4,Provincia Autonoma Bolzano / Bozen,P.A. Bolzano,533050,113442,21.28,0.16
4154,2021-01-23,PAB,197,117,80,0,197,0,ITH,ITH1,4,Provincia Autonoma Bolzano / Bozen,P.A. Bolzano,533050,113639,21.32,0.04
4155,2021-05-03,PAB,1831,847,984,397,1413,21,ITH,ITH1,4,Provincia Autonoma Bolzano / Bozen,P.A. Bolzano,533050,115470,21.66,0.34
4156,2021-02-23,PAB,769,324,445,760,6,3,ITH,ITH1,4,Provincia Autonoma Bolzano / Bozen,P.A. Bolzano,533050,116239,21.81,0.14
4157,2021-05-17,PAB,3139,1516,1623,2266,694,179,ITH,ITH1,4,Provincia Autonoma Bolzano / Bozen,P.A. Bolzano,533050,119378,22.4,0.59
4158,2021-06-03,PAB,4801,2614,2187,3625,947,229,ITH,ITH1,4,Provincia Autonoma Bolzano / Bozen,P.A. Bolzano,533050,124179,23.3,0.9
4159,2021-03-17,PAB,582,213,369,545,2,35,ITH,ITH1,4,Provincia Autonoma Bolzano / Bozen,P.A. Bolzano,533050,124761,23.41,0.11
4160,2021-05-13,PAB,2995,1355,1640,1009,1930,56,ITH,ITH1,4,Provincia Autonoma Bolzano / Bozen,P.A. Bolzano,533050,127756,23.97,0.56
4161,2021-04-29,PAB,2631,1351,1280,1731,694,206,ITH,ITH1,4,Provincia Autonoma Bolzano / Bozen,P.A. Bolzano,533050,130387,24.46,0.49
4162,2021-01-19,PAB,853,371,482,723,130,0,ITH,ITH1,4,Provincia Autonoma Bolzano / Bozen,P.A. Bolzano,533050,131240,24.62,0.16
4163,2021-06-25,PAB,4171,2304,1867,1016,3014,141,ITH,ITH1,4,Provincia Autonoma Bolzano / Bozen,P.A. Bolzano,533050,135411,25.4,0.78
4164,2021-05-01,PAB,2104,1067,1037,1810,160,134,ITH,ITH1,4,Provincia Autonoma Bolzano / Bozen,P.A. Bolzano,533050,137515,25.8,0.39
4165,2021-03-12,PAB,1664,734,930,1219,413,32,ITH,ITH1,4,Provincia Autonoma Bolzano / Bozen,P.A. Bolzano,533050,139179,26.11,0.31
4166,2021-03-29,PAB,1171,499,672,390,759,22,ITH,ITH1,4,Provincia Autonoma Bolzano / Bozen,P.A. Bolzano,533050,140350,26.33,0.22
4167,2021-04-17,PAB,5239,2602,2637,4941,44,254,ITH,ITH1,4,Provincia Autonoma Bolzano / Bozen,P.A. Bolzano,533050,145589,27.31,0.98
4168,2021-01-07,PAB,918,327,591,918,0,0,ITH,ITH1,4,Provincia Autonoma Bolzano / Bozen,P.A. Bolzano,533050,146507,27.48,0.17
4169,2021-07-21,PAB,2996,1751,1245,358,2638,0,ITH,ITH1,4,Provincia Autonoma Bolzano / Bozen,P.A. Bolzano,533050,149503,28.05,0.56
4170,2021-04-12,PAB,2105,946,1159,2022,7,76,ITH,ITH1,4,Provincia Autonoma Bolzano / Bozen,P.A. Bolzano,533050,151608,28.44,0.39
4171,2021-03-07,PAB,114,13,101,9,105,0,ITH,ITH1,4,Provincia Autonoma Bolzano / Bozen,P.A. Bolzano,533050,151722,28.46,0.02
4172,2021-04-21,PAB,3013,1468,1545,2032,848,133,ITH,ITH1,4,Provincia Autonoma Bolzano / Bozen,P.A. Bolzano,533050,154735,29.03,0.57
4173,2021-03-05,PAB,1840,625,1215,1380,443,17,ITH,ITH1,4,Provincia Autonoma Bolzano / Bozen,P.A. Bolzano,533050,156575,29.37,0.35
4174,2021-05-27,PAB,6146,3236,2910,3793,2010,343,ITH,ITH1,4,Provincia Autonoma Bolzano / Bozen,P.A. Bolzano,533050,162721,30.53,1.15
4175,2021-06-13,PAB,3682,2049,1633,450,3192,40,ITH,ITH1,4,Provincia Autonoma Bolzano / Bozen,P.A. Bolzano,533050,166403,31.22,0.69
4176,2021-05-25,PAB,3859,2000,1859,2847,886,126,ITH,ITH1,4,Provincia Autonoma Bolzano / Bozen,P.A. Bolzano,533050,170262,31.94,0.72
4177,2021-02-14,PAB,297,130,167,295,0,2,ITH,ITH1,4,Provincia Autonoma Bolzano / Bozen,P.A. Bolzano,533050,170559,32.0,0.06
4178,2021-05-08,PAB,4427,2382,2045,3558,663,206,ITH,ITH1,4,Provincia Autonoma Bolzano / Bozen,P.A. Bolzano,533050,174986,32.83,0.83
4179,2021-03-03,PAB,1181,395,786,1144,13,24,ITH,ITH1,4,Provincia Autonoma Bolzano / Bozen,P.A. Bolzano,533050,176167,33.05,0.22
4180,2021-04-28,PAB,2464,1302,1162,2241,5,218,ITH,ITH1,4,Provincia Autonoma Bolzano / Bozen,P.A. Bolzano,533050,178631,33.51,0.46
4181,2021-01-16,PAB,2840,1265,1575,2840,0,0,ITH,ITH1,4,Provincia Autonoma Bolzano / Bozen,P.A. Bolzano,533050,181471,34.04,0.53
4182,2021-06-10,PAB,4458,2313,2145,1271,3095,92,ITH,ITH1,4,Provincia Autonoma Bolzano / Bozen,P.A. Bolzano,533050,185929,34.88,0.84
4183,2021-04-02,PAB,2077,837,1240,578,1357,142,ITH,ITH1,4,Provincia Autonoma Bolzano / Bozen,P.A. Bolzano,533050,188006,35.27,0.39
4184,2021-05-29,PAB,7316,3893,3423,3985,3139,192,ITH,ITH1,4,Provincia Autonoma Bolzano / Bozen,P.A. Bolzano,533050,195322,36.64,1.37
4185,2021-03-26,PAB,1657,733,924,503,1134,20,ITH,ITH1,4,Provincia Autonoma Bolzano / Bozen,P.A. Bolzano,533050,196979,36.95,0.31
4186,2021-04-09,PAB,2937,1301,1636,1936,730,271,ITH,ITH1,4,Provincia Autonoma Bolzano / Bozen,P.A. Bolzano,533050,199916,37.5,0.55
4187,2021-05-22,PAB,6832,3562,3270,4435,2166,231,ITH,ITH1,4,Provincia Autonoma Bolzano / Bozen,P.A. Bolzano,533050,206748,38.79,1.28
4188,2021-04-07,PAB,1798,823,975,1160,540,98,ITH,ITH1,4,Provincia Autonoma Bolzano / Bozen,P.A. Bolzano,533050,208546,39.12,0.34
4189,2021-03-02,PAB,695,200,495,673,2,20,ITH,ITH1,4,Provincia Autonoma Bolzano / Bozen,P.A. Bolzano,533050,209241,39.25,0.13
4190,2021-03-19,PAB,1906,773,1133,748,1107,51,ITH,ITH1,4,Provincia Autonoma Bolzano / Bozen,P.A. Bolzano,533050,211147,39.61,0.36
4191,2021-07-01,PAB,4630,2301,2329,1328,3165,137,ITH,ITH1,4,Provincia Autonoma Bolzano / Bozen,P.A. Bolzano,533050,215777,40.48,0.87
4192,2021-07-06,PAB,1719,924,795,738,981,0,ITH,ITH1,4,Provincia Autonoma Bolzano / Bozen,P.A. Bolzano,533050,217496,40.8,0.32
4193,2021-06-22,PAB,2460,1417,1043,307,2125,28,ITH,ITH1,4,Provincia Autonoma Bolzano / Bozen,P.A. Bolzano,533050,219956,41.26,0.46
4194,2021-03-14,PAB,758,336,422,14,733,11,ITH,ITH1,4,Provincia Autonoma Bolzano / Bozen,P.A. Bolzano,533050,220714,41.41,0.14
4195,2021-04-14,PAB,3593,1645,1948,3215,91,287,ITH,ITH1,4,Provincia Autonoma Bolzano / Bozen,P.A. Bolzano,533050,224307,42.08,0.67
4196,2021-01-04,PAB,508,201,307,508,0,0,ITH,ITH1,4,Provincia Autonoma Bolzano / Bozen,P.A. Bolzano,533050,224815,42.18,0.1
4197,2021-01-21,PAB,954,443,511,139,815,0,ITH,ITH1,4,Provincia Autonoma Bolzano / Bozen,P.A. Bolzano,533050,225769,42.35,0.18
4198,2021-04-26,PAB,1543,771,772,1446,5,92,ITH,ITH1,4,Provincia Autonoma Bolzano / Bozen,P.A. Bolzano,533050,227312,42.64,0.29
4199,2021-07-10,PAB,5793,2991,2802,1058,4735,0,ITH,ITH1,4,Provincia Autonoma Bolzano / Bozen,P.A. Bolzano,533050,233105,43.73,1.09
4200,2021-01-18,PAB,1772,687,1085,1766,5,1,ITH,ITH1,4,Provincia Autonoma Bolzano / Bozen,P.A. Bolzano,533050,234877,44.06,0.33
4201,2021-03-04,PAB,1715,1005,710,1430,229,56,ITH,ITH1,4,Provincia Autonoma Bolzano / Bozen,P.A. Bolzano,533050,236592,44.38,0.32
4202,2021-06-24,PAB,3924,2030,1894,1555,2195,174,ITH,ITH1,4,Provincia Autonoma Bolzano / Bozen,P.A. Bolzano,533050,240516,45.12,0.74
4203,2021-01-09,PAB,612,326,286,612,0,0,ITH,ITH1,4,Provincia Autonoma Bolzano / Bozen,P.A. Bolzano,533050,241128,45.24,0.11
4204,2021-06-17,PAB,1763,977,786,611,1079,73,ITH,ITH1,4,Provincia Autonoma Bolzano / Bozen,P.A. Bolzano,533050,242891,45.57,0.33
4205,2021-02-09,PAB,317,126,191,1,316,0,ITH,ITH1,4,Provincia Autonoma Bolzano / Bozen,P.A. Bolzano,533050,243208,45.63,0.06
4206,2021-07-13,PAB,3370,1723,1647,1444,1926,0,ITH,ITH1,4,Provincia Autonoma Bolzano / Bozen,P.A. Bolzano,533050,246578,46.26,0.63
4207,2021-02-02,PAB,1745,506,1239,8,1737,0,ITH,ITH1,4,Provincia Autonoma Bolzano / Bozen,P.A. Bolzano,533050,248323,46.59,0.33
4208,2021-07-20,PAB,3091,1705,1386,1571,1520,0,ITH,ITH1,4,Provincia Autonoma Bolzano / Bozen,P.A. Bolzano,533050,251414,47.17,0.58
4209,2021-06-05,PAB,6080,3030,3050,4695,1096,289,ITH,ITH1,4,Provincia Autonoma Bolzano / Bozen,P.A. Bolzano,533050,257494,48.31,1.14
4210,2021-04-30,PAB,3342,1594,1748,1428,1776,138,ITH,ITH1,4,Provincia Autonoma Bolzano / Bozen,P.A. Bolzano,533050,260836,48.93,0.63
4211,2021-01-20,PAB,618,253,365,410,208,0,ITH,ITH1,4,Provincia Autonoma Bolzano / Bozen,P.A. Bolzano,533050,261454,49.05,0.12
4212,2021-07-22,PAB,3507,1820,1687,1729,1778,0,ITH,ITH1,4,Provincia Autonoma Bolzano / Bozen,P.A. Bolzano,533050,264961,49.71,0.66
4213,2021-01-06,PAB,59,18,41,59,0,0,ITH,ITH1,4,Provincia Autonoma Bolzano / Bozen,P.A. Bolzano,533050,265020,49.72,0.01
4214,2021-03-30,PAB,1299,532,767,204,1080,15,ITH,ITH1,4,Provincia Autonoma Bolzano / Bozen,P.A. Bolzano,533050,266319,49.96,0.24
4215,2021-04-16,PAB,2951,1419,1532,2275,511,165,ITH,ITH1,4,Provincia Autonoma Bolzano / Bozen,P.A. Bolzano,533050,269270,50.51,0.55
4216,2021-02-06,PAB,2627,1172,1455,18,2608,1,ITH,ITH1,4,Provincia Autonoma Bolzano / Bozen,P.A. Bolzano,533050,271897,51.01,0.49
4217,2021-06-21,PAB,3162,1612,1550,255,2867,40,ITH,ITH1,4,Provincia Autonoma Bolzano / Bozen,P.A. Bolzano,533050,275059,51.6,0.59
4218,2021-05-07,PAB,4194,2062,2132,3375,528,291,ITH,ITH1,4,Provincia Autonoma Bolzano / Bozen,P.A. Bolzano,533050,279253,52.39,0.79
4219,2021-07-03,PAB,5632,2790,2842,1072,4560,0,ITH,ITH1,4,Provincia Autonoma Bolzano / Bozen,P.A. Bolzano,533050,284885,53.44,1.06
4220,2021-05-05,PAB,4155,1945,2210,1810,2116,229,ITH,ITH1,4,Provincia Autonoma Bolzano / Bozen,P.A. Bolzano,533050,289040,54.22,0.78
4221,2021-01-25,PAB,487,183,304,3,484,0,ITH,ITH1,4,Provincia Autonoma Bolzano / Bozen,P.A. Bolzano,533050,289527,54.32,0.09
4222,2021-03-23,PAB,1555,760,795,1516,1,38,ITH,ITH1,4,Provincia Autonoma Bolzano / Bozen,P.A. Bolzano,533050,291082,54.61,0.29
4223,2021-04-01,PAB,2787,1407,1380,2498,144,145,ITH,ITH1,4,Provincia Autonoma Bolzano / Bozen,P.A. Bolzano,533050,293869,55.13,0.52
4224,2021-07-05,PAB,2934,1406,1528,951,1983,0,ITH,ITH1,4,Provincia Autonoma Bolzano / Bozen,P.A. Bolzano,533050,296803,55.68,0.55
4225,2021-05-30,PAB,4766,2517,2249,713,4014,39,ITH,ITH1,4,Provincia Autonoma Bolzano / Bozen,P.A. Bolzano,533050,301569,56.57,0.89
4226,2021-07-12,PAB,3528,1753,1775,287,3241,0,ITH,ITH1,4,Provincia Autonoma Bolzano / Bozen,P.A. Bolzano,533050,305097,57.24,0.66
4227,2021-04-03,PAB,831,364,467,12,810,9,ITH,ITH1,4,Provincia Autonoma Bolzano / Bozen,P.A. Bolzano,533050,305928,57.39,0.16
4228,2021-03-25,PAB,2151,1063,1088,1645,443,63,ITH,ITH1,4,Provincia Autonoma Bolzano / Bozen,P.A. Bolzano,533050,308079,57.8,0.4
4229,2021-01-27,PAB,85,29,56,2,83,0,ITH,ITH1,4,Provincia Autonoma Bolzano / Bozen,P.A. Bolzano,533050,308164,57.81,0.02
4230,2021-05-26,PAB,4990,2517,2473,2826,1974,190,ITH,ITH1,4,Provincia Autonoma Bolzano / Bozen,P.A. Bolzano,533050,313154,58.75,0.94
4231,2021-06-14,PAB,2964,1607,1357,561,2357,46,ITH,ITH1,4,Provincia Autonoma Bolzano / Bozen,P.A. Bolzano,533050,316118,59.3,0.56
4232,2021-02-15,PAB,72,42,30,23,46,3,ITH,ITH1,4,Provincia Autonoma Bolzano / Bozen,P.A. Bolzano,533050,316190,59.32,0.01
4233,2021-05-11,PAB,2844,1335,1509,1241,1522,81,ITH,ITH1,4,Provincia Autonoma Bolzano / Bozen,P.A. Bolzano,533050,319034,59.85,0.53
4234,2021-01-29,PAB,1497,510,987,24,1473,0,ITH,ITH1,4,Provincia Autonoma Bolzano / Bozen,P.A. Bolzano,533050,320531,60.13,0.28
4235,2021-04-22,PAB,2924,1501,1423,1852,942,130,ITH,ITH1,4,Provincia Autonoma Bolzano / Bozen,P.A. Bolzano,533050,323455,60.68,0.55
4236,2021-05-09,PAB,4241,2410,1831,2923,1152,166,ITH,ITH1,4,Provincia Autonoma Bolzano / Bozen,P.A. Bolzano,533050,327696,61.48,0.8
4237,2021-05-31,PAB,3002,1477,1525,2010,867,125,ITH,ITH1,4,Provincia Autonoma Bolzano / Bozen,P.A. Bolzano,533050,330698,62.04,0.56
4238,2021-01-01,PAB,6,5,1,6,0,0,ITH,ITH1,4,Provincia Autonoma Bolzano / Bozen,P.A. Bolzano,533050,330704,62.04,0.0
4239,2021-02-11,PAB,1094,432,662,238,855,1,ITH,ITH1,4,Provincia Autonoma Bolzano / Bozen,P.A. Bolzano,533050,331798,62.25,0.21
4240,2021-07-18,PAB,1594,878,716,461,1133,0,ITH,ITH1,4,Provincia Autonoma Bolzano / Bozen,P.A. Bolzano,533050,333392,62.54,0.3
4241,2021-02-18,PAB,1839,457,1382,1810,7,22,ITH,ITH1,4,Provincia Autonoma Bolzano / Bozen,P.A. Bolzano,533050,335231,62.89,0.34
4242,2021-01-02,PAB,91,48,43,91,0,0,ITH,ITH1,4,Provincia Autonoma Bolzano / Bozen,P.A. Bolzano,533050,335322,62.91,0.02
4243,2021-06-26,PAB,4539,2326,2213,1356,3072,111,ITH,ITH1,4,Provincia Autonoma Bolzano / Bozen,P.A. Bolzano,533050,339861,63.76,0.85
4244,2021-03-18,PAB,1302,531,771,216,1076,10,ITH,ITH1,4,Provincia Autonoma Bolzano / Bozen,P.A. Bolzano,533050,341163,64.0,0.24
4245,2021-05-14,PAB,5135,2320,2815,2888,2038,209,ITH,ITH1,4,Provincia Autonoma Bolzano / Bozen,P.A. Bolzano,533050,346298,64.97,0.96
4246,2021-03-16,PAB,1290,532,758,116,1166,8,ITH,ITH1,4,Provincia Autonoma Bolzano / Bozen,P.A. Bolzano,533050,347588,65.21,0.24
4247,2021-05-12,PAB,3792,2058,1734,3393,153,246,ITH,ITH1,4,Provincia Autonoma Bolzano / Bozen,P.A. Bolzano,533050,351380,65.92,0.71
4248,2021-02-01,PAB,1452,440,1012,11,1440,1,ITH,ITH1,4,Provincia Autonoma Bolzano / Bozen,P.A. Bolzano,533050,352832,66.19,0.27
4249,2020-12-30,PAB,388,182,206,388,0,0,ITH,ITH1,4,Provincia Autonoma Bolzano / Bozen,P.A. Bolzano,533050,353220,66.26,0.07
4250,2021-06-09,PAB,3813,1898,1915,1229,2475,109,ITH,ITH1,4,Provincia Autonoma Bolzano / Bozen,P.A. Bolzano,533050,357033,66.98,0.72
4251,2021-03-01,PAB,922,221,701,885,1,36,ITH,ITH1,4,Provincia Autonoma Bolzano / Bozen,P.A. Bolzano,533050,357955,67.15,0.17
4252,2021-03-15,PAB,1193,452,741,696,482,15,ITH,ITH1,4,Provincia Autonoma Bolzano / Bozen,P.A. Bolzano,533050,359148,67.38,0.22
4253,2021-04-27,PAB,2226,1013,1213,1051,1077,98,ITH,ITH1,4,Provincia Autonoma Bolzano / Bozen,P.A. Bolzano,533050,361374,67.79,0.42
4254,2021-01-17,PAB,2328,1044,1284,2317,11,0,ITH,ITH1,4,Provincia Autonoma Bolzano / Bozen,P.A. Bolzano,533050,363702,68.23,0.44
4255,2021-06-23,PAB,1151,594,557,333,767,51,ITH,ITH1,4,Provincia Autonoma Bolzano / Bozen,P.A. Bolzano,533050,364853,68.45,0.22
4256,2021-06-07,PAB,2951,1537,1414,2493,319,139,ITH,ITH1,4,Provincia Autonoma Bolzano / Bozen,P.A. Bolzano,533050,367804,69.0,0.55
4257,2021-02-27,PAB,2458,759,1699,2411,10,37,ITH,ITH1,4,Provincia Autonoma Bolzano / Bozen,P.A. Bolzano,533050,370262,69.46,0.46
4258,2021-02-13,PAB,318,79,239,310,6,2,ITH,ITH1,4,Provincia Autonoma Bolzano / Bozen,P.A. Bolzano,533050,370580,69.52,0.06
4259,2021-04-11,PAB,2724,1294,1430,2446,177,101,ITH,ITH1,4,Provincia Autonoma Bolzano / Bozen,P.A. Bolzano,533050,373304,70.03,0.51
4260,2021-05-24,PAB,1454,766,688,1039,333,82,ITH,ITH1,4,Provincia Autonoma Bolzano / Bozen,P.A. Bolzano,533050,374758,70.3,0.27
4261,2021-02-20,PAB,1802,540,1262,1753,18,31,ITH,ITH1,4,Provincia Autonoma Bolzano / Bozen,P.A. Bolzano,533050,376560,70.64,0.34
4262,2021-04-18,PAB,3110,1607,1503,2004,1010,96,ITH,ITH1,4,Provincia Autonoma Bolzano / Bozen,P.A. Bolzano,533050,379670,71.23,0.58
4263,2021-01-15,PAB,3282,1228,2054,3281,0,1,ITH,ITH1,4,Provincia Autonoma Bolzano / Bozen,P.A. Bolzano,533050,382952,71.84,0.62
4264,2021-06-18,PAB,4157,2162,1995,1131,2899,127,ITH,ITH1,4,Provincia Autonoma Bolzano / Bozen,P.A. Bolzano,533050,387109,72.62,0.78
4265,2021-01-08,PAB,1521,479,1042,1521,0,0,ITH,ITH1,4,Provincia Autonoma Bolzano / Bozen,P.A. Bolzano,533050,388630,72.91,0.29
4266,2021-07-08,PAB,5501,2780,2721,622,4879,0,ITH,ITH1,4,Provincia Autonoma Bolzano / Bozen,P.A. Bolzano,533050,394131,73.94,1.03
4267,2021-06-19,PAB,5660,3014,2646,554,5033,73,ITH,ITH1,4,Provincia Autonoma Bolzano / Bozen,P.A. Bolzano,533050,399791,75.0,1.06
4268,2021-03-11,PAB,1685,825,860,1092,538,55,ITH,ITH1,4,Provincia Autonoma Bolzano / Bozen,P.A. Bolzano,533050,401476,75.32,0.32
4269,2021-02-25,PAB,1498,549,949,1487,1,10,ITH,ITH1,4,Provincia Autonoma Bolzano / Bozen,P.A. Bolzano,533050,402974,75.6,0.28
4270,2021-06-02,PAB,1452,814,638,963,457,32,ITH,ITH1,4,Provincia Autonoma Bolzano / Bozen,P.A. Bolzano,533050,404426,75.87,0.27
4271,2021-02-08,PAB,2,1,1,1,1,0,ITH,ITH1,4,Provincia Autonoma Bolzano / Bozen,P.A. Bolzano,533050,404428,75.87,0.0
4272,2021-03-06,PAB,3973,2081,1892,3674,211,88,ITH,ITH1,4,Provincia Autonoma Bolzano / Bozen,P.A. Bolzano,533050,408401,76.62,0.75
4273,2021-05-28,PAB,6891,3610,3281,4782,1890,219,ITH,ITH1,4,Provincia Autonoma Bolzano / Bozen,P.A. Bolzano,533050,415292,77.91,1.29
4274,2021-02-17,PAB,156,51,105,139,17,0,ITH,ITH1,4,Provincia Autonoma Bolzano / Bozen,P.A. Bolzano,533050,415448,77.94,0.03
4275,2021-04-20,PAB,1563,785,778,1486,3,74,ITH,ITH1,4,Provincia Autonoma Bolzano / Bozen,P.A. Bolzano,533050,417011,78.23,0.29
4276,2021-01-10,PAB,2,2,0,2,0,0,ITH,ITH1,4,Provincia Autonoma Bolzano / Bozen,P.A. Bolzano,533050,417013,78.23,0.0
4277,2021-06-16,PAB,3812,2018,1794,5,3803,4,ITH,ITH1,4,Provincia Autonoma Bolzano / Bozen,P.A. Bolzano,533050,420825,78.95,0.72
4278,2021-03-08,PAB,1210,534,676,1161,27,22,ITH,ITH1,4,Provincia Autonoma Bolzano / Bozen,P.A. Bolzano,533050,422035,79.17,0.23
4279,2021-05-04,PAB,3449,1843,1606,2252,1037,160,ITH,ITH1,4,Provincia Autonoma Bolzano / Bozen,P.A. Bolzano,533050,425484,79.82,0.65
4280,2021-05-19,PAB,3850,1977,1873,1921,1786,143,ITH,ITH1,4,Provincia Autonoma Bolzano / Bozen,P.A. Bolzano,533050,429334,80.54,0.72
4281,2021-01-03,PAB,41,16,25,41,0,0,ITH,ITH1,4,Provincia Autonoma Bolzano / Bozen,P.A. Bolzano,533050,429375,80.55,0.01
4282,2021-04-13,PAB,2394,1132,1262,2298,7,89,ITH,ITH1,4,Provincia Autonoma Bolzano / Bozen,P.A. Bolzano,533050,431769,81.0,0.45
4283,2021-02-22,PAB,526,143,383,496,12,18,ITH,ITH1,4,Provincia Autonoma Bolzano / Bozen,P.A. Bolzano,533050,432295,81.1,0.1
4284,2021-07-07,PAB,1979,1027,952,643,1336,0,ITH,ITH1,4,Provincia Autonoma Bolzano / Bozen,P.A. Bolzano,533050,434274,81.47,0.37
4285,2021-03-28,PAB,569,212,357,11,558,0,ITH,ITH1,4,Provincia Autonoma Bolzano / Bozen,P.A. Bolzano,533050,434843,81.58,0.11
4286,2021-03-09,PAB,1194,543,651,1164,2,28,ITH,ITH1,4,Provincia Autonoma Bolzano / Bozen,P.A. Bolzano,533050,436037,81.8,0.22
4287,2021-05-23,PAB,4338,2303,2035,4116,8,214,ITH,ITH1,4,Provincia Autonoma Bolzano / Bozen,P.A. Bolzano,533050,440375,82.61,0.81
4288,2021-07-19,PAB,2760,1381,1379,714,2046,0,ITH,ITH1,4,Provincia Autonoma Bolzano / Bozen,P.A. Bolzano,533050,443135,83.13,0.52
4289,2021-02-03,PAB,1503,478,1025,5,1498,0,ITH,ITH1,4,Provincia Autonoma Bolzano / Bozen,P.A. Bolzano,533050,444638,83.41,0.28
4290,2021-06-04,PAB,6562,3296,3266,4798,1529,235,ITH,ITH1,4,Provincia Autonoma Bolzano / Bozen,P.A. Bolzano,533050,451200,84.64,1.23
4291,2021-02-24,PAB,1367,406,961,1316,12,39,ITH,ITH1,4,Provincia Autonoma Bolzano / Bozen,P.A. Bolzano,533050,452567,84.9,0.26
4292,2021-03-27,PAB,3051,1554,1497,1477,1508,66,ITH,ITH1,4,Provincia Autonoma Bolzano / Bozen,P.A. Bolzano,533050,455618,85.47,0.57
4293,2021-03-13,PAB,2885,1459,1426,2724,101,60,ITH,ITH1,4,Provincia Autonoma Bolzano / Bozen,P.A. Bolzano,533050,458503,86.02,0.54
4294,2021-02-05,PAB,3195,1181,2014,8,3187,0,ITH,ITH1,4,Provincia Autonoma Bolzano / Bozen,P.A. Bolzano,533050,461698,86.61,0.6
4295,2021-02-10,PAB,1636,605,1031,25,1610,1,ITH,ITH1,4,Provincia Autonoma Bolzano / Bozen,P.A. Bolzano,533050,463334,86.92,0.31
4296,2021-05-21,PAB,6952,3821,3131,4787,1847,318,ITH,ITH1,4,Provincia Autonoma Bolzano / Bozen,P.A. Bolzano,533050,470286,88.23,1.3
4297,2021-04-15,PAB,4399,2307,2092,3899,263,237,ITH,ITH1,4,Provincia Autonoma Bolzano / Bozen,P.A. Bolzano,533050,474685,89.05,0.83
4298,2021-05-02,PAB,2457,1288,1169,1423,921,113,ITH,ITH1,4,Provincia Autonoma Bolzano / Bozen,P.A. Bolzano,533050,477142,89.51,0.46
4299,2021-01-22,PAB,248,143,105,124,124,0,ITH,ITH1,4,Provincia Autonoma Bolzano / Bozen,P.A. Bolzano,533050,477390,89.56,0.05
4300,2021-05-16,PAB,2025,932,1093,1279,692,54,ITH,ITH1,4,Provincia Autonoma Bolzano / Bozen,P.A. Bolzano,533050,479415,89.94,0.38
4301,2021-05-10,PAB,3018,1300,1718,1331,1605,82,ITH,ITH1,4,Provincia Autonoma Bolzano / Bozen,P.A. Bolzano,533050,482433,90.5,0.57
4302,2021-02-16,PAB,530,205,325,529,0,1,ITH,ITH1,4,Provincia Autonoma Bolzano / Bozen,P.A. Bolzano,533050,482963,90.6,0.1
4303,2021-01-28,PAB,871,308,563,9,862,0,ITH,ITH1,4,Provincia Autonoma Bolzano / Bozen,P.A. Bolzano,533050,483834,90.77,0.16
4304,2021-04-25,PAB,3073,1497,1576,2274,672,127,ITH,ITH1,4,Provincia Autonoma Bolzano / Bozen,P.A. Bolzano,533050,486907,91.34,0.58
4305,2021-01-13,PAB,1691,557,1134,1691,0,0,ITH,ITH1,4,Provincia Autonoma Bolzano / Bozen,P.A. Bolzano,533050,488598,91.66,0.32
4306,2021-01-30,PAB,498,245,253,4,494,0,ITH,ITH1,4,Provincia Autonoma Bolzano / Bozen,P.A. Bolzano,533050,489096,91.75,0.09
4307,2021-04-23,PAB,4543,2151,2392,3040,1291,212,ITH,ITH1,4,Provincia Autonoma Bolzano / Bozen,P.A. Bolzano,533050,493639,92.61,0.85
4308,2021-01-11,PAB,1574,513,1061,1574,0,0,ITH,ITH1,4,Provincia Autonoma Bolzano / Bozen,P.A. Bolzano,533050,495213,92.9,0.3
4309,2021-07-15,PAB,4301,2265,2036,1613,2688,0,ITH,ITH1,4,Provincia Autonoma Bolzano / Bozen,P.A. Bolzano,533050,499514,93.71,0.81
4310,2021-04-06,PAB,2250,1118,1132,1940,103,207,ITH,ITH1,4,Provincia Autonoma Bolzano / Bozen,P.A. Bolzano,533050,501764,94.13,0.42
4311,2021-07-17,PAB,3105,1770,1335,760,2345,0,ITH,ITH1,4,Provincia Autonoma Bolzano / Bozen,P.A. Bolzano,533050,504869,94.71,0.58
4312,2021-04-08,PAB,2767,1347,1420,2472,204,91,ITH,ITH1,4,Provincia Autonoma Bolzano / Bozen,P.A. Bolzano,533050,507636,95.23,0.52
4313,2020-12-27,PAB,144,65,79,144,0,0,ITH,ITH1,4,Provincia Autonoma Bolzano / Bozen,P.A. Bolzano,533050,507780,95.26,0.03
4314,2021-06-30,PAB,3060,1564,1496,383,2604,73,ITH,ITH1,4,Provincia Autonoma Bolzano / Bozen,P.A. Bolzano,533050,510840,95.83,0.57
4315,2021-06-11,PAB,5785,2976,2809,2085,3480,220,ITH,ITH1,4,Provincia Autonoma Bolzano / Bozen,P.A. Bolzano,533050,516625,96.92,1.09
4316,2021-03-20,PAB,1759,850,909,1108,625,26,ITH,ITH1,4,Provincia Autonoma Bolzano / Bozen,P.A. Bolzano,533050,518384,97.25,0.33
4317,2021-06-28,PAB,4607,2304,2303,215,4367,25,ITH,ITH1,4,Provincia Autonoma Bolzano / Bozen,P.A. Bolzano,533050,522991,98.11,0.86
