,data,area,Vaccinazioni giornaliere,sesso_maschile,sesso_femminile,prima_dose,seconda_dose,pregressa_infezione,codice_NUTS1,codice_NUTS2,codice_regione_ISTAT,nome_area,Regione,popolazione,Totale vaccinazioni,Totale vaccinazioni ogni cento ab,Vaccinazioni giornaliere ogni cento ab
0,2021-04-11,CAM,17527,8608,8919,15048,2086,393,ITF,ITF3,15,Campania,Campania,5801692,17527,0.3,0.3
1,2021-04-28,CAM,36400,17627,18773,25853,9759,788,ITF,ITF3,15,Campania,Campania,5801692,53927,0.93,0.63
2,2021-01-18,CAM,958,399,559,682,244,32,ITF,ITF3,15,Campania,Campania,5801692,54885,0.95,0.02
3,2021-07-20,CAM,40114,19797,20317,6358,33322,434,ITF,ITF3,15,Campania,Campania,5801692,94999,1.64,0.69
4,2021-01-30,CAM,10732,5083,5649,43,10687,2,ITF,ITF3,15,Campania,Campania,5801692,105731,1.82,0.18
5,2021-07-03,CAM,67281,32497,34784,8183,58707,391,ITF,ITF3,15,Campania,Campania,5801692,173012,2.98,1.16
6,2021-01-16,CAM,3372,1677,1695,3262,0,110,ITF,ITF3,15,Campania,Campania,5801692,176384,3.04,0.06
7,2021-05-24,CAM,31355,15151,16204,15856,15152,347,ITF,ITF3,15,Campania,Campania,5801692,207739,3.58,0.54
8,2021-02-13,CAM,5507,2550,2957,5107,217,183,ITF,ITF3,15,Campania,Campania,5801692,213246,3.68,0.09
9,2021-08-01,CAM,16063,8394,7669,7023,8830,210,ITF,ITF3,15,Campania,Campania,5801692,229309,3.95,0.28
10,2021-04-23,CAM,32338,15528,16810,22460,9155,723,ITF,ITF3,15,Campania,Campania,5801692,261647,4.51,0.56
11,2021-03-02,CAM,12763,4560,8203,8205,4345,213,ITF,ITF3,15,Campania,Campania,5801692,274410,4.73,0.22
12,2021-07-15,CAM,66714,32047,34667,9359,57057,298,ITF,ITF3,15,Campania,Campania,5801692,341124,5.88,1.15
13,2021-01-11,CAM,4075,1874,2201,3966,0,109,ITF,ITF3,15,Campania,Campania,5801692,345199,5.95,0.07
14,2021-06-07,CAM,57587,27722,29865,52828,4038,721,ITF,ITF3,15,Campania,Campania,5801692,402786,6.94,0.99
15,2021-02-25,CAM,12430,4481,7949,10954,1194,282,ITF,ITF3,15,Campania,Campania,5801692,415216,7.16,0.21
16,2021-04-09,CAM,29949,14084,15865,23199,6134,616,ITF,ITF3,15,Campania,Campania,5801692,445165,7.67,0.52
17,2021-06-05,CAM,77635,37585,40050,70867,6025,743,ITF,ITF3,15,Campania,Campania,5801692,522800,9.01,1.34
18,2021-06-24,CAM,66084,31839,34245,13458,52277,349,ITF,ITF3,15,Campania,Campania,5801692,588884,10.15,1.14
19,2021-03-16,CAM,8088,3519,4569,3700,4316,72,ITF,ITF3,15,Campania,Campania,5801692,596972,10.29,0.14
20,2021-01-25,CAM,5750,2927,2823,167,5583,0,ITF,ITF3,15,Campania,Campania,5801692,602722,10.39,0.1
21,2021-07-01,CAM,61512,29852,31660,19806,41013,693,ITF,ITF3,15,Campania,Campania,5801692,664234,11.45,1.06
22,2021-03-23,CAM,15743,7446,8297,12892,2513,338,ITF,ITF3,15,Campania,Campania,5801692,679977,11.72,0.27
23,2021-05-19,CAM,51218,22625,28593,33817,16672,729,ITF,ITF3,15,Campania,Campania,5801692,731195,12.6,0.88
24,2021-03-28,CAM,15566,7511,8055,13596,1625,345,ITF,ITF3,15,Campania,Campania,5801692,746761,12.87,0.27
25,2021-01-04,CAM,5826,2962,2864,5726,0,100,ITF,ITF3,15,Campania,Campania,5801692,752587,12.97,0.1
26,2021-06-19,CAM,62403,29709,32694,24234,37765,404,ITF,ITF3,15,Campania,Campania,5801692,814990,14.05,1.08
27,2021-08-03,CAM,31986,16205,15781,14618,16648,720,ITF,ITF3,15,Campania,Campania,5801692,846976,14.6,0.55
28,2021-02-11,CAM,6283,2706,3577,5922,67,294,ITF,ITF3,15,Campania,Campania,5801692,853259,14.71,0.11
29,2021-07-27,CAM,49094,24391,24703,12756,35711,627,ITF,ITF3,15,Campania,Campania,5801692,902353,15.55,0.85
30,2021-05-17,CAM,49477,21747,27730,23660,25363,454,ITF,ITF3,15,Campania,Campania,5801692,951830,16.41,0.85
31,2021-02-06,CAM,5341,2666,2675,2004,3239,98,ITF,ITF3,15,Campania,Campania,5801692,957171,16.5,0.09
32,2021-07-22,CAM,61796,30505,31291,6554,54736,506,ITF,ITF3,15,Campania,Campania,5801692,1018967,17.56,1.07
33,2021-08-08,CAM,7570,4039,3531,4652,2664,254,ITF,ITF3,15,Campania,Campania,5801692,1026537,17.69,0.13
34,2021-04-30,CAM,42327,20197,22130,24995,16505,827,ITF,ITF3,15,Campania,Campania,5801692,1068864,18.42,0.73
35,2021-02-04,CAM,7943,3429,4514,1249,6635,59,ITF,ITF3,15,Campania,Campania,5801692,1076807,18.56,0.14
36,2021-01-01,CAM,919,506,413,900,0,19,ITF,ITF3,15,Campania,Campania,5801692,1077726,18.58,0.02
37,2021-03-25,CAM,20325,9656,10669,16368,3505,452,ITF,ITF3,15,Campania,Campania,5801692,1098051,18.93,0.35
38,2021-06-26,CAM,62947,30693,32254,14655,47858,434,ITF,ITF3,15,Campania,Campania,5801692,1160998,20.01,1.08
39,2021-07-13,CAM,53683,25791,27892,4903,48497,283,ITF,ITF3,15,Campania,Campania,5801692,1214681,20.94,0.93
40,2021-04-04,CAM,7966,4017,3949,6691,1047,228,ITF,ITF3,15,Campania,Campania,5801692,1222647,21.07,0.14
41,2021-06-12,CAM,64003,31548,32455,55888,7218,897,ITF,ITF3,15,Campania,Campania,5801692,1286650,22.18,1.1
42,2021-03-04,CAM,14708,5396,9312,8544,5895,269,ITF,ITF3,15,Campania,Campania,5801692,1301358,22.43,0.25
43,2021-05-26,CAM,52705,25854,26851,21115,31119,471,ITF,ITF3,15,Campania,Campania,5801692,1354063,23.34,0.91
44,2021-01-23,CAM,3843,2032,1811,267,3570,6,ITF,ITF3,15,Campania,Campania,5801692,1357906,23.41,0.07
45,2021-03-21,CAM,10074,4676,5398,7499,2391,184,ITF,ITF3,15,Campania,Campania,5801692,1367980,23.58,0.17
46,2021-02-10,CAM,6909,3415,3494,6483,178,248,ITF,ITF3,15,Campania,Campania,5801692,1374889,23.7,0.12
47,2021-07-17,CAM,55257,27558,27699,3517,51538,202,ITF,ITF3,15,Campania,Campania,5801692,1430146,24.65,0.95
48,2021-04-08,CAM,28499,13822,14677,22064,5848,587,ITF,ITF3,15,Campania,Campania,5801692,1458645,25.14,0.49
49,2021-06-04,CAM,74563,35833,38730,64750,9130,683,ITF,ITF3,15,Campania,Campania,5801692,1533208,26.43,1.29
50,2021-05-21,CAM,63789,29627,34162,42163,20617,1009,ITF,ITF3,15,Campania,Campania,5801692,1596997,27.53,1.1
51,2021-05-05,CAM,51180,24862,26318,43243,6393,1544,ITF,ITF3,15,Campania,Campania,5801692,1648177,28.41,0.88
52,2021-05-12,CAM,40918,19966,20952,30604,9169,1145,ITF,ITF3,15,Campania,Campania,5801692,1689095,29.11,0.71
53,2021-07-08,CAM,61110,29413,31697,5645,55139,326,ITF,ITF3,15,Campania,Campania,5801692,1750205,30.17,1.05
54,2021-06-14,CAM,37127,17920,19207,18781,18018,328,ITF,ITF3,15,Campania,Campania,5801692,1787332,30.81,0.64
55,2021-08-10,CAM,21635,11189,10446,13708,6942,985,ITF,ITF3,15,Campania,Campania,5801692,1808967,31.18,0.37
56,2021-03-09,CAM,14135,6872,7263,9939,3792,404,ITF,ITF3,15,Campania,Campania,5801692,1823102,31.42,0.24
57,2021-05-31,CAM,40771,20688,20083,29848,10356,567,ITF,ITF3,15,Campania,Campania,5801692,1863873,32.13,0.7
58,2021-04-16,CAM,34440,16635,17805,23092,10667,681,ITF,ITF3,15,Campania,Campania,5801692,1898313,32.72,0.59
59,2021-01-06,CAM,7649,3749,3900,7505,0,144,ITF,ITF3,15,Campania,Campania,5801692,1905962,32.85,0.13
60,2021-02-18,CAM,9082,3813,5269,8149,707,226,ITF,ITF3,15,Campania,Campania,5801692,1915044,33.01,0.16
61,2021-04-25,CAM,30745,15179,15566,24574,5407,764,ITF,ITF3,15,Campania,Campania,5801692,1945789,33.54,0.53
62,2021-07-24,CAM,47982,24867,23115,6756,40882,344,ITF,ITF3,15,Campania,Campania,5801692,1993771,34.37,0.83
63,2021-01-20,CAM,1259,650,609,1228,0,31,ITF,ITF3,15,Campania,Campania,5801692,1995030,34.39,0.02
64,2021-07-31,CAM,30703,16204,14499,10600,19580,523,ITF,ITF3,15,Campania,Campania,5801692,2025733,34.92,0.53
65,2021-05-07,CAM,59784,29213,30571,42628,15963,1193,ITF,ITF3,15,Campania,Campania,5801692,2085517,35.95,1.03
66,2021-01-27,CAM,7738,3820,3918,157,7576,5,ITF,ITF3,15,Campania,Campania,5801692,2093255,36.08,0.13
67,2021-04-06,CAM,24519,11564,12955,19490,4525,504,ITF,ITF3,15,Campania,Campania,5801692,2117774,36.5,0.42
68,2021-07-12,CAM,56689,27367,29322,3749,52603,337,ITF,ITF3,15,Campania,Campania,5801692,2174463,37.48,0.98
69,2020-12-27,CAM,720,422,298,716,0,4,ITF,ITF3,15,Campania,Campania,5801692,2175183,37.49,0.01
70,2021-07-29,CAM,48538,24374,24164,13689,34128,721,ITF,ITF3,15,Campania,Campania,5801692,2223721,38.33,0.84
71,2021-04-20,CAM,32108,15527,16581,20209,11313,586,ITF,ITF3,15,Campania,Campania,5801692,2255829,38.88,0.55
72,2021-06-28,CAM,46525,22739,23786,20572,25407,546,ITF,ITF3,15,Campania,Campania,5801692,2302354,39.68,0.8
73,2021-03-20,CAM,13989,6530,7459,9997,3739,253,ITF,ITF3,15,Campania,Campania,5801692,2316343,39.93,0.24
74,2021-02-08,CAM,5120,2453,2667,4166,807,147,ITF,ITF3,15,Campania,Campania,5801692,2321463,40.01,0.09
75,2021-04-01,CAM,24682,12012,12670,20071,4133,478,ITF,ITF3,15,Campania,Campania,5801692,2346145,40.44,0.43
76,2021-05-28,CAM,73063,35318,37745,26273,46172,618,ITF,ITF3,15,Campania,Campania,5801692,2419208,41.7,1.26
77,2021-05-14,CAM,61042,27581,33461,34821,24728,1493,ITF,ITF3,15,Campania,Campania,5801692,2480250,42.75,1.05
78,2021-07-10,CAM,66898,32665,34233,2736,63949,213,ITF,ITF3,15,Campania,Campania,5801692,2547148,43.9,1.15
79,2021-06-02,CAM,42890,20164,22726,37754,4685,451,ITF,ITF3,15,Campania,Campania,5801692,2590038,44.64,0.74
80,2021-02-22,CAM,10687,3296,7391,10178,268,241,ITF,ITF3,15,Campania,Campania,5801692,2600725,44.83,0.18
81,2021-03-11,CAM,18003,9059,8944,10308,7283,412,ITF,ITF3,15,Campania,Campania,5801692,2618728,45.14,0.31
82,2021-05-16,CAM,51151,23227,27924,32863,17576,712,ITF,ITF3,15,Campania,Campania,5801692,2669879,46.02,0.88
83,2021-02-20,CAM,8573,3080,5493,8100,303,170,ITF,ITF3,15,Campania,Campania,5801692,2678452,46.17,0.15
84,2021-04-13,CAM,26611,12687,13924,20561,5534,516,ITF,ITF3,15,Campania,Campania,5801692,2705063,46.63,0.46
85,2021-01-03,CAM,3836,2009,1827,3787,0,49,ITF,ITF3,15,Campania,Campania,5801692,2708899,46.69,0.07
86,2021-07-05,CAM,63303,30514,32789,12732,49878,693,ITF,ITF3,15,Campania,Campania,5801692,2772202,47.78,1.09
87,2021-01-13,CAM,8021,3667,4354,7776,0,245,ITF,ITF3,15,Campania,Campania,5801692,2780223,47.92,0.14
88,2021-04-18,CAM,27220,13285,13935,17797,8902,521,ITF,ITF3,15,Campania,Campania,5801692,2807443,48.39,0.47
89,2021-01-08,CAM,10453,4967,5486,10192,0,261,ITF,ITF3,15,Campania,Campania,5801692,2817896,48.57,0.18
90,2021-04-27,CAM,32166,15630,16536,23470,7927,769,ITF,ITF3,15,Campania,Campania,5801692,2850062,49.12,0.55
91,2021-02-15,CAM,5472,2516,2956,5153,175,144,ITF,ITF3,15,Campania,Campania,5801692,2855534,49.22,0.09
92,2021-06-09,CAM,53063,26053,27010,41683,10910,470,ITF,ITF3,15,Campania,Campania,5801692,2908597,50.13,0.91
93,2021-03-01,CAM,12132,4248,7884,7765,4113,254,ITF,ITF3,15,Campania,Campania,5801692,2920729,50.34,0.21
94,2021-05-09,CAM,43208,20290,22918,30931,11102,1175,ITF,ITF3,15,Campania,Campania,5801692,2963937,51.09,0.74
95,2021-01-10,CAM,8165,3736,4429,7963,0,202,ITF,ITF3,15,Campania,Campania,5801692,2972102,51.23,0.14
96,2021-04-03,CAM,21119,10316,10803,18268,2383,468,ITF,ITF3,15,Campania,Campania,5801692,2993221,51.59,0.36
97,2021-03-18,CAM,12179,5383,6796,5796,6191,192,ITF,ITF3,15,Campania,Campania,5801692,3005400,51.8,0.21
98,2021-07-14,CAM,51102,24574,26528,4308,46490,304,ITF,ITF3,15,Campania,Campania,5801692,3056502,52.68,0.88
99,2021-04-05,CAM,11640,5542,6098,8926,2424,290,ITF,ITF3,15,Campania,Campania,5801692,3068142,52.88,0.2
100,2021-02-24,CAM,11785,4150,7635,10835,688,262,ITF,ITF3,15,Campania,Campania,5801692,3079927,53.09,0.2
101,2021-01-05,CAM,7237,3637,3600,7074,0,163,ITF,ITF3,15,Campania,Campania,5801692,3087164,53.21,0.12
102,2021-02-01,CAM,3987,1813,2174,103,3876,8,ITF,ITF3,15,Campania,Campania,5801692,3091151,53.28,0.07
103,2021-03-30,CAM,22053,10578,11475,18586,2957,510,ITF,ITF3,15,Campania,Campania,5801692,3113204,53.66,0.38
104,2021-04-17,CAM,36197,17515,18682,23973,11515,709,ITF,ITF3,15,Campania,Campania,5801692,3149401,54.28,0.62
105,2021-06-13,CAM,43431,21245,22186,38047,4731,653,ITF,ITF3,15,Campania,Campania,5801692,3192832,55.03,0.75
106,2021-07-07,CAM,52297,24817,27480,7250,44634,413,ITF,ITF3,15,Campania,Campania,5801692,3245129,55.93,0.9
107,2021-03-29,CAM,19406,9577,9829,17456,1549,401,ITF,ITF3,15,Campania,Campania,5801692,3264535,56.27,0.33
108,2021-06-20,CAM,47608,22746,24862,14322,32989,297,ITF,ITF3,15,Campania,Campania,5801692,3312143,57.09,0.82
109,2021-03-27,CAM,21514,10240,11274,17234,3868,412,ITF,ITF3,15,Campania,Campania,5801692,3333657,57.46,0.37
110,2021-02-03,CAM,8903,4003,4900,842,8025,36,ITF,ITF3,15,Campania,Campania,5801692,3342560,57.61,0.15
111,2021-05-18,CAM,52214,23241,28973,31866,19691,657,ITF,ITF3,15,Campania,Campania,5801692,3394774,58.51,0.9
112,2021-08-09,CAM,25072,13080,11992,13751,10457,864,ITF,ITF3,15,Campania,Campania,5801692,3419846,58.95,0.43
113,2021-06-23,CAM,46763,22089,24674,10745,35798,220,ITF,ITF3,15,Campania,Campania,5801692,3466609,59.75,0.81
114,2021-08-05,CAM,35227,18073,17154,17407,16826,994,ITF,ITF3,15,Campania,Campania,5801692,3501836,60.36,0.61
115,2021-01-15,CAM,4978,2380,2598,4822,0,156,ITF,ITF3,15,Campania,Campania,5801692,3506814,60.44,0.09
116,2021-06-21,CAM,46878,22644,24234,11315,35246,317,ITF,ITF3,15,Campania,Campania,5801692,3553692,61.25,0.81
117,2021-03-13,CAM,14524,7042,7482,8973,5283,268,ITF,ITF3,15,Campania,Campania,5801692,3568216,61.5,0.25
118,2021-03-22,CAM,13184,6347,6837,10850,2043,291,ITF,ITF3,15,Campania,Campania,5801692,3581400,61.73,0.23
119,2021-02-07,CAM,2929,1382,1547,2066,771,92,ITF,ITF3,15,Campania,Campania,5801692,3584329,61.78,0.05
120,2021-05-23,CAM,58760,28645,30115,37214,20903,643,ITF,ITF3,15,Campania,Campania,5801692,3643089,62.79,1.01
121,2021-02-12,CAM,6532,2861,3671,6087,188,257,ITF,ITF3,15,Campania,Campania,5801692,3649621,62.91,0.11
122,2021-03-17,CAM,11596,5102,6494,4854,6587,155,ITF,ITF3,15,Campania,Campania,5801692,3661217,63.11,0.2
123,2021-06-11,CAM,70809,34399,36410,63856,6038,915,ITF,ITF3,15,Campania,Campania,5801692,3732026,64.33,1.22
124,2021-03-03,CAM,13923,5494,8429,7087,6631,205,ITF,ITF3,15,Campania,Campania,5801692,3745949,64.57,0.24
125,2021-06-25,CAM,65516,31805,33711,13764,51343,409,ITF,ITF3,15,Campania,Campania,5801692,3811465,65.7,1.13
126,2021-05-25,CAM,46531,22396,24135,22541,23436,554,ITF,ITF3,15,Campania,Campania,5801692,3857996,66.5,0.8
127,2021-02-17,CAM,7402,3218,4184,6210,1063,129,ITF,ITF3,15,Campania,Campania,5801692,3865398,66.63,0.13
128,2021-04-15,CAM,34348,16664,17684,23794,9905,649,ITF,ITF3,15,Campania,Campania,5801692,3899746,67.22,0.59
129,2021-07-28,CAM,49428,24566,24862,13940,34765,723,ITF,ITF3,15,Campania,Campania,5801692,3949174,68.07,0.85
130,2021-05-30,CAM,52165,25450,26715,37960,13323,882,ITF,ITF3,15,Campania,Campania,5801692,4001339,68.97,0.9
131,2021-02-19,CAM,9574,3561,6013,8701,650,223,ITF,ITF3,15,Campania,Campania,5801692,4010913,69.13,0.17
132,2021-07-26,CAM,48875,24334,24541,10447,37933,495,ITF,ITF3,15,Campania,Campania,5801692,4059788,69.98,0.84
133,2020-12-31,CAM,1490,811,679,1470,0,20,ITF,ITF3,15,Campania,Campania,5801692,4061278,70.0,0.03
134,2021-06-06,CAM,63232,31448,31784,61887,649,696,ITF,ITF3,15,Campania,Campania,5801692,4124510,71.09,1.09
135,2021-02-26,CAM,13341,4229,9112,11714,1341,286,ITF,ITF3,15,Campania,Campania,5801692,4137851,71.32,0.23
136,2021-08-02,CAM,41766,21224,20542,13245,27997,524,ITF,ITF3,15,Campania,Campania,5801692,4179617,72.04,0.72
137,2021-06-01,CAM,42256,20957,21299,31477,10541,238,ITF,ITF3,15,Campania,Campania,5801692,4221873,72.77,0.73
138,2021-06-18,CAM,65894,31405,34489,35060,30302,532,ITF,ITF3,15,Campania,Campania,5801692,4287767,73.91,1.14
139,2021-03-10,CAM,15624,7728,7896,8442,6844,338,ITF,ITF3,15,Campania,Campania,5801692,4303391,74.17,0.27
140,2021-08-06,CAM,31211,16251,14960,17586,12632,993,ITF,ITF3,15,Campania,Campania,5801692,4334602,74.71,0.54
141,2021-05-15,CAM,62716,29056,33660,42136,18774,1806,ITF,ITF3,15,Campania,Campania,5801692,4397318,75.79,1.08
142,2021-02-05,CAM,7266,3463,3803,2023,5128,115,ITF,ITF3,15,Campania,Campania,5801692,4404584,75.92,0.13
143,2021-08-07,CAM,17210,9195,8015,11239,5280,691,ITF,ITF3,15,Campania,Campania,5801692,4421794,76.22,0.3
144,2021-04-29,CAM,41576,20185,21391,24040,16745,791,ITF,ITF3,15,Campania,Campania,5801692,4463370,76.93,0.72
145,2021-01-19,CAM,1095,474,621,1042,3,50,ITF,ITF3,15,Campania,Campania,5801692,4464465,76.95,0.02
146,2021-07-21,CAM,50200,24454,25746,8656,40878,666,ITF,ITF3,15,Campania,Campania,5801692,4514665,77.82,0.87
147,2021-06-30,CAM,47644,22758,24886,18363,28645,636,ITF,ITF3,15,Campania,Campania,5801692,4562309,78.64,0.82
148,2021-01-17,CAM,1155,551,604,682,453,20,ITF,ITF3,15,Campania,Campania,5801692,4563464,78.66,0.02
149,2021-01-29,CAM,10061,4814,5247,49,10008,4,ITF,ITF3,15,Campania,Campania,5801692,4573525,78.83,0.17
150,2021-06-27,CAM,43557,21452,22105,14090,29071,396,ITF,ITF3,15,Campania,Campania,5801692,4617082,79.58,0.75
151,2021-03-19,CAM,11145,4973,6172,7086,3874,185,ITF,ITF3,15,Campania,Campania,5801692,4628227,79.77,0.19
152,2021-06-10,CAM,75965,36692,39273,67958,7077,930,ITF,ITF3,15,Campania,Campania,5801692,4704192,81.08,1.31
153,2021-04-22,CAM,34115,16636,17479,20925,12543,647,ITF,ITF3,15,Campania,Campania,5801692,4738307,81.67,0.59
154,2021-01-12,CAM,5214,2564,2650,5075,0,139,ITF,ITF3,15,Campania,Campania,5801692,4743521,81.76,0.09
155,2021-08-14,CAM,4786,2736,2050,1992,2646,148,ITF,ITF3,15,Campania,Campania,5801692,4748307,81.84,0.08
156,2021-05-06,CAM,57612,28137,29475,41261,14773,1578,ITF,ITF3,15,Campania,Campania,5801692,4805919,82.84,0.99
157,2021-06-22,CAM,52456,25015,27441,13191,39007,258,ITF,ITF3,15,Campania,Campania,5801692,4858375,83.74,0.9
158,2021-03-14,CAM,8618,3828,4790,4370,4142,106,ITF,ITF3,15,Campania,Campania,5801692,4866993,83.89,0.15
159,2021-05-10,CAM,35476,16392,19084,24944,9929,603,ITF,ITF3,15,Campania,Campania,5801692,4902469,84.5,0.61
160,2021-06-08,CAM,53056,25856,27200,45439,7018,599,ITF,ITF3,15,Campania,Campania,5801692,4955525,85.42,0.91
161,2021-08-04,CAM,29820,15289,14531,15975,13082,763,ITF,ITF3,15,Campania,Campania,5801692,4985345,85.93,0.51
162,2021-04-24,CAM,36375,17533,18842,24347,11248,780,ITF,ITF3,15,Campania,Campania,5801692,5021720,86.56,0.63
163,2021-07-19,CAM,43974,21531,22443,5193,38358,423,ITF,ITF3,15,Campania,Campania,5801692,5065694,87.31,0.76
164,2021-04-10,CAM,28359,13494,14865,22805,4915,639,ITF,ITF3,15,Campania,Campania,5801692,5094053,87.8,0.49
165,2021-01-07,CAM,8909,4167,4742,8735,0,174,ITF,ITF3,15,Campania,Campania,5801692,5102962,87.96,0.15
166,2021-03-05,CAM,16819,6668,10151,9858,6668,293,ITF,ITF3,15,Campania,Campania,5801692,5119781,88.25,0.29
167,2021-03-12,CAM,14577,7412,7165,8178,6085,314,ITF,ITF3,15,Campania,Campania,5801692,5134358,88.5,0.25
168,2021-06-03,CAM,72644,35233,37411,61106,10679,859,ITF,ITF3,15,Campania,Campania,5801692,5207002,89.75,1.25
169,2021-02-23,CAM,11001,3388,7613,10190,526,285,ITF,ITF3,15,Campania,Campania,5801692,5218003,89.94,0.19
170,2021-01-21,CAM,2093,1116,977,670,1417,6,ITF,ITF3,15,Campania,Campania,5801692,5220096,89.98,0.04
171,2021-07-23,CAM,61821,30801,31020,8495,52855,471,ITF,ITF3,15,Campania,Campania,5801692,5281917,91.04,1.07
172,2021-04-14,CAM,27660,13337,14323,18657,8584,419,ITF,ITF3,15,Campania,Campania,5801692,5309577,91.52,0.48
173,2021-05-01,CAM,46349,22662,23687,29299,16109,941,ITF,ITF3,15,Campania,Campania,5801692,5355926,92.32,0.8
174,2021-07-06,CAM,56705,27071,29634,16148,40082,475,ITF,ITF3,15,Campania,Campania,5801692,5412631,93.29,0.98
175,2021-04-12,CAM,23308,10920,12388,19758,3035,515,ITF,ITF3,15,Campania,Campania,5801692,5435939,93.7,0.4
176,2021-03-15,CAM,13346,6491,6855,8329,4746,271,ITF,ITF3,15,Campania,Campania,5801692,5449285,93.93,0.23
177,2021-07-02,CAM,55876,26999,28877,14419,40950,507,ITF,ITF3,15,Campania,Campania,5801692,5505161,94.89,0.96
178,2021-05-27,CAM,72966,35367,37599,25814,46592,560,ITF,ITF3,15,Campania,Campania,5801692,5578127,96.15,1.26
179,2021-02-16,CAM,5448,2415,3033,4501,771,176,ITF,ITF3,15,Campania,Campania,5801692,5583575,96.24,0.09
180,2021-05-22,CAM,68044,32533,35511,45621,21571,852,ITF,ITF3,15,Campania,Campania,5801692,5651619,97.41,1.17
181,2021-05-08,CAM,56441,27145,29296,39095,15838,1508,ITF,ITF3,15,Campania,Campania,5801692,5708060,98.39,0.97
182,2021-01-28,CAM,8840,4126,4714,131,8701,8,ITF,ITF3,15,Campania,Campania,5801692,5716900,98.54,0.15
183,2021-07-30,CAM,44728,22757,21971,14457,29482,789,ITF,ITF3,15,Campania,Campania,5801692,5761628,99.31,0.77
184,2021-04-21,CAM,30282,14747,15535,17504,12229,549,ITF,ITF3,15,Campania,Campania,5801692,5791910,99.83,0.52
185,2021-02-28,CAM,10413,3207,7206,8296,1900,217,ITF,ITF3,15,Campania,Campania,5801692,5802323,100.01,0.18
186,2021-02-14,CAM,3929,1923,2006,3842,34,53,ITF,ITF3,15,Campania,Campania,5801692,5806252,100.08,0.07
187,2021-01-26,CAM,7343,3728,3615,331,6991,21,ITF,ITF3,15,Campania,Campania,5801692,5813595,100.21,0.13
188,2021-04-19,CAM,30768,14824,15944,18673,11576,519,ITF,ITF3,15,Campania,Campania,5801692,5844363,100.74,0.53
189,2021-04-26,CAM,34047,16651,17396,27559,5623,865,ITF,ITF3,15,Campania,Campania,5801692,5878410,101.32,0.59
190,2021-03-07,CAM,11974,5405,6569,7799,3844,331,ITF,ITF3,15,Campania,Campania,5801692,5890384,101.53,0.21
191,2021-08-11,CAM,21048,11093,9955,12128,8140,780,ITF,ITF3,15,Campania,Campania,5801692,5911432,101.89,0.36
192,2021-05-03,CAM,40780,19901,20879,27916,11864,1000,ITF,ITF3,15,Campania,Campania,5801692,5952212,102.59,0.7
193,2021-06-29,CAM,49335,23992,25343,19747,29110,478,ITF,ITF3,15,Campania,Campania,5801692,6001547,103.44,0.85
194,2021-08-13,CAM,16834,9137,7697,9730,6589,515,ITF,ITF3,15,Campania,Campania,5801692,6018381,103.73,0.29
195,2021-01-14,CAM,7074,2977,4097,6809,0,265,ITF,ITF3,15,Campania,Campania,5801692,6025455,103.86,0.12
196,2021-02-21,CAM,5837,2241,3596,5494,225,118,ITF,ITF3,15,Campania,Campania,5801692,6031292,103.96,0.1
197,2021-01-02,CAM,3671,1962,1709,3613,0,58,ITF,ITF3,15,Campania,Campania,5801692,6034963,104.02,0.06
198,2021-06-17,CAM,60214,28867,31347,32862,26798,554,ITF,ITF3,15,Campania,Campania,5801692,6095177,105.06,1.04
199,2021-07-04,CAM,48820,23765,25055,6318,42315,187,ITF,ITF3,15,Campania,Campania,5801692,6143997,105.9,0.84
200,2021-03-26,CAM,19868,9324,10544,15632,3817,419,ITF,ITF3,15,Campania,Campania,5801692,6163865,106.24,0.34
201,2021-03-24,CAM,17922,8369,9553,14603,2958,361,ITF,ITF3,15,Campania,Campania,5801692,6181787,106.55,0.31
202,2021-05-20,CAM,60975,28234,32741,42243,17762,970,ITF,ITF3,15,Campania,Campania,5801692,6242762,107.6,1.05
203,2021-02-09,CAM,4643,2202,2441,4232,252,159,ITF,ITF3,15,Campania,Campania,5801692,6247405,107.68,0.08
204,2021-05-29,CAM,67839,32270,35569,43096,23899,844,ITF,ITF3,15,Campania,Campania,5801692,6315244,108.85,1.17
205,2021-06-15,CAM,18675,9088,9587,11018,7414,243,ITF,ITF3,15,Campania,Campania,5801692,6333919,109.17,0.32
206,2021-01-09,CAM,10565,5023,5542,10303,0,262,ITF,ITF3,15,Campania,Campania,5801692,6344484,109.36,0.18
207,2021-07-25,CAM,23167,11749,11418,4292,18738,137,ITF,ITF3,15,Campania,Campania,5801692,6367651,109.76,0.4
208,2021-02-27,CAM,13953,4472,9481,11984,1650,319,ITF,ITF3,15,Campania,Campania,5801692,6381604,110.0,0.24
209,2021-06-16,CAM,31647,15009,16638,20564,10771,312,ITF,ITF3,15,Campania,Campania,5801692,6413251,110.54,0.55
210,2021-08-12,CAM,18904,9985,8919,12425,5706,773,ITF,ITF3,15,Campania,Campania,5801692,6432155,110.87,0.33
211,2021-05-02,CAM,43497,21542,21955,31251,11361,885,ITF,ITF3,15,Campania,Campania,5801692,6475652,111.62,0.75
212,2021-01-22,CAM,1525,776,749,659,852,14,ITF,ITF3,15,Campania,Campania,5801692,6477177,111.64,0.03
213,2021-03-06,CAM,16374,6816,9558,10391,5670,313,ITF,ITF3,15,Campania,Campania,5801692,6493551,111.93,0.28
214,2021-03-08,CAM,14692,6850,7842,9478,4780,434,ITF,ITF3,15,Campania,Campania,5801692,6508243,112.18,0.25
215,2021-05-04,CAM,48493,23349,25144,38315,8906,1272,ITF,ITF3,15,Campania,Campania,5801692,6556736,113.01,0.84
216,2021-01-24,CAM,4122,2119,2003,360,3745,17,ITF,ITF3,15,Campania,Campania,5801692,6560858,113.09,0.07
217,2021-05-13,CAM,55454,24832,30622,37859,16019,1576,ITF,ITF3,15,Campania,Campania,5801692,6616312,114.04,0.96
218,2021-07-09,CAM,61484,29764,31720,4351,56818,315,ITF,ITF3,15,Campania,Campania,5801692,6677796,115.1,1.06
219,2021-01-31,CAM,8070,3712,4358,22,8047,1,ITF,ITF3,15,Campania,Campania,5801692,6685866,115.24,0.14
220,2021-05-11,CAM,39884,19247,20637,29557,9403,924,ITF,ITF3,15,Campania,Campania,5801692,6725750,115.93,0.69
221,2021-07-11,CAM,40867,19669,21198,1008,39774,85,ITF,ITF3,15,Campania,Campania,5801692,6766617,116.63,0.7
222,2021-02-02,CAM,5723,2805,2918,412,5280,31,ITF,ITF3,15,Campania,Campania,5801692,6772340,116.73,0.1
223,2021-03-31,CAM,23194,11373,11821,19341,3440,413,ITF,ITF3,15,Campania,Campania,5801692,6795534,117.13,0.4
224,2021-07-18,CAM,31340,15761,15579,3841,27164,335,ITF,ITF3,15,Campania,Campania,5801692,6826874,117.67,0.54
225,2021-04-07,CAM,24974,11988,12986,19695,4725,554,ITF,ITF3,15,Campania,Campania,5801692,6851848,118.1,0.43
226,2021-07-16,CAM,61041,29857,31184,6746,53894,401,ITF,ITF3,15,Campania,Campania,5801692,6912889,119.15,1.05
227,2021-04-02,CAM,21867,10525,11342,19077,2324,466,ITF,ITF3,15,Campania,Campania,5801692,6934756,119.53,0.38
228,2021-05-24,FVG,11452,5541,5911,7525,3628,299,ITH,ITH4,6,Friuli-Venezia Giulia,Friuli Venezia Giulia,1215220,11452,0.94,0.94
229,2021-02-13,FVG,566,179,387,558,6,2,ITH,ITH4,6,Friuli-Venezia Giulia,Friuli Venezia Giulia,1215220,12018,0.99,0.05
230,2021-03-02,FVG,4222,1519,2703,2701,1500,21,ITH,ITH4,6,Friuli-Venezia Giulia,Friuli Venezia Giulia,1215220,16240,1.34,0.35
231,2021-03-04,FVG,3454,1599,1855,2764,661,29,ITH,ITH4,6,Friuli-Venezia Giulia,Friuli Venezia Giulia,1215220,19694,1.62,0.28
232,2021-06-12,FVG,8218,4710,3508,6804,1160,254,ITH,ITH4,6,Friuli-Venezia Giulia,Friuli Venezia Giulia,1215220,27912,2.3,0.68
233,2021-07-20,FVG,9274,4863,4411,2325,6645,304,ITH,ITH4,6,Friuli-Venezia Giulia,Friuli Venezia Giulia,1215220,37186,3.06,0.76
234,2021-08-03,FVG,9812,5142,4670,4916,4529,367,ITH,ITH4,6,Friuli-Venezia Giulia,Friuli Venezia Giulia,1215220,46998,3.87,0.81
235,2021-04-11,FVG,3432,1518,1914,2414,906,112,ITH,ITH4,6,Friuli-Venezia Giulia,Friuli Venezia Giulia,1215220,50430,4.15,0.28
236,2021-06-07,FVG,9210,4773,4437,7846,994,370,ITH,ITH4,6,Friuli-Venezia Giulia,Friuli Venezia Giulia,1215220,59640,4.91,0.76
237,2021-03-28,FVG,4942,2355,2587,4690,158,94,ITH,ITH4,6,Friuli-Venezia Giulia,Friuli Venezia Giulia,1215220,64582,5.31,0.41
238,2021-01-18,FVG,1962,606,1356,1868,94,0,ITH,ITH4,6,Friuli-Venezia Giulia,Friuli Venezia Giulia,1215220,66544,5.48,0.16
239,2021-01-04,FVG,1507,558,949,1507,0,0,ITH,ITH4,6,Friuli-Venezia Giulia,Friuli Venezia Giulia,1215220,68051,5.6,0.12
240,2021-02-06,FVG,1154,338,816,21,1132,1,ITH,ITH4,6,Friuli-Venezia Giulia,Friuli Venezia Giulia,1215220,69205,5.69,0.09
241,2021-07-08,FVG,13083,7078,6005,1352,11549,182,ITH,ITH4,6,Friuli-Venezia Giulia,Friuli Venezia Giulia,1215220,82288,6.77,1.08
242,2021-02-04,FVG,2727,808,1919,35,2692,0,ITH,ITH4,6,Friuli-Venezia Giulia,Friuli Venezia Giulia,1215220,85015,7.0,0.22
243,2021-08-08,FVG,4216,2291,1925,1811,2310,95,ITH,ITH4,6,Friuli-Venezia Giulia,Friuli Venezia Giulia,1215220,89231,7.34,0.35
244,2021-04-30,FVG,7404,3267,4137,3573,3659,172,ITH,ITH4,6,Friuli-Venezia Giulia,Friuli Venezia Giulia,1215220,96635,7.95,0.61
245,2021-04-28,FVG,7323,3236,4087,3683,3505,135,ITH,ITH4,6,Friuli-Venezia Giulia,Friuli Venezia Giulia,1215220,103958,8.55,0.6
246,2021-01-23,FVG,815,323,492,4,811,0,ITH,ITH4,6,Friuli-Venezia Giulia,Friuli Venezia Giulia,1215220,104773,8.62,0.07
247,2021-02-18,FVG,3223,1497,1726,2797,408,18,ITH,ITH4,6,Friuli-Venezia Giulia,Friuli Venezia Giulia,1215220,107996,8.89,0.27
248,2021-04-02,FVG,6599,2930,3669,4634,1839,126,ITH,ITH4,6,Friuli-Venezia Giulia,Friuli Venezia Giulia,1215220,114595,9.43,0.54
249,2021-04-16,FVG,6970,3029,3941,4908,1927,135,ITH,ITH4,6,Friuli-Venezia Giulia,Friuli Venezia Giulia,1215220,121565,10.0,0.57
250,2021-01-30,FVG,2281,745,1536,270,2011,0,ITH,ITH4,6,Friuli-Venezia Giulia,Friuli Venezia Giulia,1215220,123846,10.19,0.19
251,2021-07-13,FVG,10998,5670,5328,1103,9744,151,ITH,ITH4,6,Friuli-Venezia Giulia,Friuli Venezia Giulia,1215220,134844,11.1,0.91
252,2021-06-24,FVG,11094,5658,5436,1896,9093,105,ITH,ITH4,6,Friuli-Venezia Giulia,Friuli Venezia Giulia,1215220,145938,12.01,0.91
253,2021-03-16,FVG,3188,1300,1888,1023,2083,82,ITH,ITH4,6,Friuli-Venezia Giulia,Friuli Venezia Giulia,1215220,149126,12.27,0.26
254,2021-05-12,FVG,11170,5170,6000,9352,1421,397,ITH,ITH4,6,Friuli-Venezia Giulia,Friuli Venezia Giulia,1215220,160296,13.19,0.92
255,2021-03-21,FVG,2674,1002,1672,2215,409,50,ITH,ITH4,6,Friuli-Venezia Giulia,Friuli Venezia Giulia,1215220,162970,13.41,0.22
256,2021-01-27,FVG,1272,426,846,449,821,2,ITH,ITH4,6,Friuli-Venezia Giulia,Friuli Venezia Giulia,1215220,164242,13.52,0.1
257,2021-05-07,FVG,10901,4990,5911,7178,3534,189,ITH,ITH4,6,Friuli-Venezia Giulia,Friuli Venezia Giulia,1215220,175143,14.41,0.9
258,2021-05-09,FVG,7379,3316,4063,3375,3873,131,ITH,ITH4,6,Friuli-Venezia Giulia,Friuli Venezia Giulia,1215220,182522,15.02,0.61
259,2021-02-23,FVG,2644,1277,1367,2456,181,7,ITH,ITH4,6,Friuli-Venezia Giulia,Friuli Venezia Giulia,1215220,185166,15.24,0.22
260,2021-05-17,FVG,8839,4106,4733,6083,2493,263,ITH,ITH4,6,Friuli-Venezia Giulia,Friuli Venezia Giulia,1215220,194005,15.96,0.73
261,2021-03-09,FVG,4017,1726,2291,1239,2753,25,ITH,ITH4,6,Friuli-Venezia Giulia,Friuli Venezia Giulia,1215220,198022,16.3,0.33
262,2021-06-19,FVG,8550,4453,4097,1342,7142,66,ITH,ITH4,6,Friuli-Venezia Giulia,Friuli Venezia Giulia,1215220,206572,17.0,0.7
263,2021-03-11,FVG,3481,1518,1963,1713,1753,15,ITH,ITH4,6,Friuli-Venezia Giulia,Friuli Venezia Giulia,1215220,210053,17.29,0.29
264,2021-05-31,FVG,8949,4441,4508,6477,2223,249,ITH,ITH4,6,Friuli-Venezia Giulia,Friuli Venezia Giulia,1215220,219002,18.02,0.74
265,2021-07-27,FVG,9334,4688,4646,2482,6613,239,ITH,ITH4,6,Friuli-Venezia Giulia,Friuli Venezia Giulia,1215220,228336,18.79,0.77
266,2021-02-27,FVG,3534,1202,2332,3516,1,17,ITH,ITH4,6,Friuli-Venezia Giulia,Friuli Venezia Giulia,1215220,231870,19.08,0.29
267,2021-04-25,FVG,2376,991,1385,2185,11,180,ITH,ITH4,6,Friuli-Venezia Giulia,Friuli Venezia Giulia,1215220,234246,19.28,0.2
268,2021-01-06,FVG,716,265,451,716,0,0,ITH,ITH4,6,Friuli-Venezia Giulia,Friuli Venezia Giulia,1215220,234962,19.33,0.06
269,2021-02-11,FVG,1932,664,1268,1736,193,3,ITH,ITH4,6,Friuli-Venezia Giulia,Friuli Venezia Giulia,1215220,236894,19.49,0.16
270,2021-04-09,FVG,7930,3665,4265,6505,1253,172,ITH,ITH4,6,Friuli-Venezia Giulia,Friuli Venezia Giulia,1215220,244824,20.15,0.65
271,2020-12-30,FVG,626,244,382,626,0,0,ITH,ITH4,6,Friuli-Venezia Giulia,Friuli Venezia Giulia,1215220,245450,20.2,0.05
272,2021-05-05,FVG,9795,4278,5517,6078,3476,241,ITH,ITH4,6,Friuli-Venezia Giulia,Friuli Venezia Giulia,1215220,255245,21.0,0.81
273,2021-01-25,FVG,1585,568,1017,194,1391,0,ITH,ITH4,6,Friuli-Venezia Giulia,Friuli Venezia Giulia,1215220,256830,21.13,0.13
274,2021-07-01,FVG,12363,6432,5931,2632,9478,253,ITH,ITH4,6,Friuli-Venezia Giulia,Friuli Venezia Giulia,1215220,269193,22.15,1.02
275,2021-03-23,FVG,3898,1689,2209,1737,2143,18,ITH,ITH4,6,Friuli-Venezia Giulia,Friuli Venezia Giulia,1215220,273091,22.47,0.32
276,2021-01-16,FVG,1230,360,870,1230,0,0,ITH,ITH4,6,Friuli-Venezia Giulia,Friuli Venezia Giulia,1215220,274321,22.57,0.1
277,2021-07-03,FVG,11407,6083,5324,1093,10166,148,ITH,ITH4,6,Friuli-Venezia Giulia,Friuli Venezia Giulia,1215220,285728,23.51,0.94
278,2021-03-25,FVG,5538,2428,3110,3329,2139,70,ITH,ITH4,6,Friuli-Venezia Giulia,Friuli Venezia Giulia,1215220,291266,23.97,0.46
279,2021-06-26,FVG,10352,5274,5078,4165,6165,22,ITH,ITH4,6,Friuli-Venezia Giulia,Friuli Venezia Giulia,1215220,301618,24.82,0.85
280,2021-04-21,FVG,7778,3469,4309,4015,3682,81,ITH,ITH4,6,Friuli-Venezia Giulia,Friuli Venezia Giulia,1215220,309396,25.46,0.64
281,2021-01-11,FVG,1883,608,1275,1882,0,1,ITH,ITH4,6,Friuli-Venezia Giulia,Friuli Venezia Giulia,1215220,311279,25.62,0.15
282,2021-07-15,FVG,10065,5127,4938,935,8885,245,ITH,ITH4,6,Friuli-Venezia Giulia,Friuli Venezia Giulia,1215220,321344,26.44,0.83
283,2021-04-23,FVG,7485,3384,4101,3477,3871,137,ITH,ITH4,6,Friuli-Venezia Giulia,Friuli Venezia Giulia,1215220,328829,27.06,0.62
284,2021-08-01,FVG,3470,1865,1605,1347,1870,253,ITH,ITH4,6,Friuli-Venezia Giulia,Friuli Venezia Giulia,1215220,332299,27.34,0.29
285,2021-05-19,FVG,12101,5968,6133,9316,2353,432,ITH,ITH4,6,Friuli-Venezia Giulia,Friuli Venezia Giulia,1215220,344400,28.34,1.0
286,2021-03-14,FVG,1400,552,848,1122,252,26,ITH,ITH4,6,Friuli-Venezia Giulia,Friuli Venezia Giulia,1215220,345800,28.46,0.12
287,2021-04-08,FVG,7468,3234,4234,5406,1930,132,ITH,ITH4,6,Friuli-Venezia Giulia,Friuli Venezia Giulia,1215220,353268,29.07,0.61
288,2021-05-21,FVG,11231,5024,6207,7907,2982,342,ITH,ITH4,6,Friuli-Venezia Giulia,Friuli Venezia Giulia,1215220,364499,29.99,0.92
289,2021-07-31,FVG,7327,3759,3568,1255,5981,91,ITH,ITH4,6,Friuli-Venezia Giulia,Friuli Venezia Giulia,1215220,371826,30.6,0.6
290,2021-05-26,FVG,13438,6709,6729,9648,3443,347,ITH,ITH4,6,Friuli-Venezia Giulia,Friuli Venezia Giulia,1215220,385264,31.7,1.11
291,2021-02-15,FVG,2456,912,1544,2196,254,6,ITH,ITH4,6,Friuli-Venezia Giulia,Friuli Venezia Giulia,1215220,387720,31.91,0.2
292,2021-06-04,FVG,12137,6221,5916,10302,1445,390,ITH,ITH4,6,Friuli-Venezia Giulia,Friuli Venezia Giulia,1215220,399857,32.9,1.0
293,2021-07-05,FVG,9534,4840,4694,1307,8084,143,ITH,ITH4,6,Friuli-Venezia Giulia,Friuli Venezia Giulia,1215220,409391,33.69,0.78
294,2021-06-21,FVG,9206,4497,4709,1821,7248,137,ITH,ITH4,6,Friuli-Venezia Giulia,Friuli Venezia Giulia,1215220,418597,34.45,0.76
295,2021-03-13,FVG,2945,1125,1820,1658,1274,13,ITH,ITH4,6,Friuli-Venezia Giulia,Friuli Venezia Giulia,1215220,421542,34.69,0.24
296,2021-04-13,FVG,7382,3294,4088,5649,1606,127,ITH,ITH4,6,Friuli-Venezia Giulia,Friuli Venezia Giulia,1215220,428924,35.3,0.61
297,2021-01-03,FVG,313,123,190,313,0,0,ITH,ITH4,6,Friuli-Venezia Giulia,Friuli Venezia Giulia,1215220,429237,35.32,0.03
298,2021-07-22,FVG,7652,4046,3606,3203,4137,312,ITH,ITH4,6,Friuli-Venezia Giulia,Friuli Venezia Giulia,1215220,436889,35.95,0.63
299,2021-01-20,FVG,748,320,428,13,735,0,ITH,ITH4,6,Friuli-Venezia Giulia,Friuli Venezia Giulia,1215220,437637,36.01,0.06
300,2021-06-05,FVG,10329,5338,4991,8409,1551,369,ITH,ITH4,6,Friuli-Venezia Giulia,Friuli Venezia Giulia,1215220,447966,36.86,0.85
301,2021-02-25,FVG,3173,1655,1518,3113,29,31,ITH,ITH4,6,Friuli-Venezia Giulia,Friuli Venezia Giulia,1215220,451139,37.12,0.26
302,2021-06-16,FVG,12187,5913,6274,3898,8028,261,ITH,ITH4,6,Friuli-Venezia Giulia,Friuli Venezia Giulia,1215220,463326,38.13,1.0
303,2021-08-12,FVG,7564,4052,3512,4954,2310,300,ITH,ITH4,6,Friuli-Venezia Giulia,Friuli Venezia Giulia,1215220,470890,38.75,0.62
304,2021-06-23,FVG,12080,5844,6236,1995,9945,140,ITH,ITH4,6,Friuli-Venezia Giulia,Friuli Venezia Giulia,1215220,482970,39.74,0.99
305,2021-08-05,FVG,6897,3544,3353,3003,3679,215,ITH,ITH4,6,Friuli-Venezia Giulia,Friuli Venezia Giulia,1215220,489867,40.31,0.57
306,2021-04-27,FVG,8141,3740,4401,3549,4492,100,ITH,ITH4,6,Friuli-Venezia Giulia,Friuli Venezia Giulia,1215220,498008,40.98,0.67
307,2021-01-15,FVG,2020,605,1415,2019,0,1,ITH,ITH4,6,Friuli-Venezia Giulia,Friuli Venezia Giulia,1215220,500028,41.15,0.17
308,2021-04-18,FVG,6051,2809,3242,5418,407,226,ITH,ITH4,6,Friuli-Venezia Giulia,Friuli Venezia Giulia,1215220,506079,41.65,0.5
309,2021-01-08,FVG,2323,747,1576,2323,0,0,ITH,ITH4,6,Friuli-Venezia Giulia,Friuli Venezia Giulia,1215220,508402,41.84,0.19
310,2021-06-14,FVG,10292,4993,5299,5179,4827,286,ITH,ITH4,6,Friuli-Venezia Giulia,Friuli Venezia Giulia,1215220,518694,42.68,0.85
311,2021-02-20,FVG,2073,937,1136,1926,144,3,ITH,ITH4,6,Friuli-Venezia Giulia,Friuli Venezia Giulia,1215220,520767,42.85,0.17
312,2021-01-22,FVG,89,29,60,0,89,0,ITH,ITH4,6,Friuli-Venezia Giulia,Friuli Venezia Giulia,1215220,520856,42.86,0.01
313,2021-06-09,FVG,11340,5968,5372,9491,1395,454,ITH,ITH4,6,Friuli-Venezia Giulia,Friuli Venezia Giulia,1215220,532196,43.79,0.93
314,2021-03-01,FVG,2964,1044,1920,2888,53,23,ITH,ITH4,6,Friuli-Venezia Giulia,Friuli Venezia Giulia,1215220,535160,44.04,0.24
315,2021-03-18,FVG,3377,1424,1953,1683,1686,8,ITH,ITH4,6,Friuli-Venezia Giulia,Friuli Venezia Giulia,1215220,538537,44.32,0.28
316,2021-07-29,FVG,9422,4799,4623,3049,6067,306,ITH,ITH4,6,Friuli-Venezia Giulia,Friuli Venezia Giulia,1215220,547959,45.09,0.78
317,2021-04-20,FVG,7136,3074,4062,3095,3914,127,ITH,ITH4,6,Friuli-Venezia Giulia,Friuli Venezia Giulia,1215220,555095,45.68,0.59
318,2021-01-10,FVG,2942,919,2023,2942,0,0,ITH,ITH4,6,Friuli-Venezia Giulia,Friuli Venezia Giulia,1215220,558037,45.92,0.24
319,2021-07-14,FVG,10859,5552,5307,1222,9442,195,ITH,ITH4,6,Friuli-Venezia Giulia,Friuli Venezia Giulia,1215220,568896,46.81,0.89
320,2021-04-05,FVG,2897,1440,1457,2822,15,60,ITH,ITH4,6,Friuli-Venezia Giulia,Friuli Venezia Giulia,1215220,571793,47.05,0.24
321,2021-01-12,FVG,2257,713,1544,2257,0,0,ITH,ITH4,6,Friuli-Venezia Giulia,Friuli Venezia Giulia,1215220,574050,47.24,0.19
322,2021-01-29,FVG,2414,814,1600,265,2149,0,ITH,ITH4,6,Friuli-Venezia Giulia,Friuli Venezia Giulia,1215220,576464,47.44,0.2
323,2021-02-10,FVG,1350,496,854,1264,86,0,ITH,ITH4,6,Friuli-Venezia Giulia,Friuli Venezia Giulia,1215220,577814,47.55,0.11
324,2021-07-17,FVG,7308,3921,3387,556,6665,87,ITH,ITH4,6,Friuli-Venezia Giulia,Friuli Venezia Giulia,1215220,585122,48.15,0.6
325,2021-02-01,FVG,2104,690,1414,17,2087,0,ITH,ITH4,6,Friuli-Venezia Giulia,Friuli Venezia Giulia,1215220,587226,48.32,0.17
326,2021-05-14,FVG,10824,5384,5440,7927,2602,295,ITH,ITH4,6,Friuli-Venezia Giulia,Friuli Venezia Giulia,1215220,598050,49.21,0.89
327,2021-02-03,FVG,2649,792,1857,22,2626,1,ITH,ITH4,6,Friuli-Venezia Giulia,Friuli Venezia Giulia,1215220,600699,49.43,0.22
328,2021-02-22,FVG,2487,1195,1292,2064,418,5,ITH,ITH4,6,Friuli-Venezia Giulia,Friuli Venezia Giulia,1215220,603186,49.64,0.2
329,2021-06-02,FVG,9425,4958,4467,8838,282,305,ITH,ITH4,6,Friuli-Venezia Giulia,Friuli Venezia Giulia,1215220,612611,50.41,0.78
330,2021-08-09,FVG,7749,4145,3604,2312,5253,184,ITH,ITH4,6,Friuli-Venezia Giulia,Friuli Venezia Giulia,1215220,620360,51.05,0.64
331,2021-02-07,FVG,1566,482,1084,384,1181,1,ITH,ITH4,6,Friuli-Venezia Giulia,Friuli Venezia Giulia,1215220,621926,51.18,0.13
332,2021-05-18,FVG,10847,5424,5423,8397,2091,359,ITH,ITH4,6,Friuli-Venezia Giulia,Friuli Venezia Giulia,1215220,632773,52.07,0.89
333,2021-06-01,FVG,10126,5124,5002,7709,2125,292,ITH,ITH4,6,Friuli-Venezia Giulia,Friuli Venezia Giulia,1215220,642899,52.9,0.83
334,2021-07-24,FVG,5983,3219,2764,2813,3016,154,ITH,ITH4,6,Friuli-Venezia Giulia,Friuli Venezia Giulia,1215220,648882,53.4,0.49
335,2021-08-10,FVG,7084,3943,3141,5074,1636,374,ITH,ITH4,6,Friuli-Venezia Giulia,Friuli Venezia Giulia,1215220,655966,53.98,0.58
336,2021-05-02,FVG,6901,3249,3652,3802,2959,140,ITH,ITH4,6,Friuli-Venezia Giulia,Friuli Venezia Giulia,1215220,662867,54.55,0.57
337,2021-05-16,FVG,10016,4793,5223,8370,1403,243,ITH,ITH4,6,Friuli-Venezia Giulia,Friuli Venezia Giulia,1215220,672883,55.37,0.82
338,2021-03-06,FVG,3500,1196,2304,3143,325,32,ITH,ITH4,6,Friuli-Venezia Giulia,Friuli Venezia Giulia,1215220,676383,55.66,0.29
339,2021-08-14,FVG,88,52,36,75,2,11,ITH,ITH4,6,Friuli-Venezia Giulia,Friuli Venezia Giulia,1215220,676471,55.67,0.01
340,2021-05-04,FVG,9603,4332,5271,5992,3385,226,ITH,ITH4,6,Friuli-Venezia Giulia,Friuli Venezia Giulia,1215220,686074,56.46,0.79
341,2021-01-24,FVG,306,120,186,1,305,0,ITH,ITH4,6,Friuli-Venezia Giulia,Friuli Venezia Giulia,1215220,686380,56.48,0.03
342,2021-06-30,FVG,13178,6708,6470,1379,11625,174,ITH,ITH4,6,Friuli-Venezia Giulia,Friuli Venezia Giulia,1215220,699558,57.57,1.08
343,2021-03-08,FVG,4126,1644,2482,2022,2089,15,ITH,ITH4,6,Friuli-Venezia Giulia,Friuli Venezia Giulia,1215220,703684,57.91,0.34
344,2021-03-22,FVG,3666,1453,2213,1671,1956,39,ITH,ITH4,6,Friuli-Venezia Giulia,Friuli Venezia Giulia,1215220,707350,58.21,0.3
345,2021-04-22,FVG,6794,3090,3704,3033,3690,71,ITH,ITH4,6,Friuli-Venezia Giulia,Friuli Venezia Giulia,1215220,714144,58.77,0.56
346,2021-08-02,FVG,8890,4552,4338,2724,5894,272,ITH,ITH4,6,Friuli-Venezia Giulia,Friuli Venezia Giulia,1215220,723034,59.5,0.73
347,2021-06-28,FVG,9907,4993,4914,2178,7703,26,ITH,ITH4,6,Friuli-Venezia Giulia,Friuli Venezia Giulia,1215220,732941,60.31,0.82
348,2021-03-20,FVG,3406,1412,1994,1300,2092,14,ITH,ITH4,6,Friuli-Venezia Giulia,Friuli Venezia Giulia,1215220,736347,60.59,0.28
349,2021-01-13,FVG,2651,835,1816,2650,0,1,ITH,ITH4,6,Friuli-Venezia Giulia,Friuli Venezia Giulia,1215220,738998,60.81,0.22
350,2021-04-06,FVG,6684,3138,3546,5426,1153,105,ITH,ITH4,6,Friuli-Venezia Giulia,Friuli Venezia Giulia,1215220,745682,61.36,0.55
351,2020-12-27,FVG,262,149,113,261,0,1,ITH,ITH4,6,Friuli-Venezia Giulia,Friuli Venezia Giulia,1215220,745944,61.38,0.02
352,2021-02-08,FVG,2358,694,1664,90,2267,1,ITH,ITH4,6,Friuli-Venezia Giulia,Friuli Venezia Giulia,1215220,748302,61.58,0.19
353,2021-06-13,FVG,8694,4527,4167,5195,3326,173,ITH,ITH4,6,Friuli-Venezia Giulia,Friuli Venezia Giulia,1215220,756996,62.29,0.72
354,2021-07-26,FVG,8471,4215,4256,1700,6554,217,ITH,ITH4,6,Friuli-Venezia Giulia,Friuli Venezia Giulia,1215220,765467,62.99,0.7
355,2021-04-17,FVG,7463,3239,4224,5816,1484,163,ITH,ITH4,6,Friuli-Venezia Giulia,Friuli Venezia Giulia,1215220,772930,63.6,0.61
356,2021-06-20,FVG,6516,3230,3286,1489,4936,91,ITH,ITH4,6,Friuli-Venezia Giulia,Friuli Venezia Giulia,1215220,779446,64.14,0.54
357,2021-03-29,FVG,7027,3128,3899,5369,1583,75,ITH,ITH4,6,Friuli-Venezia Giulia,Friuli Venezia Giulia,1215220,786473,64.72,0.58
358,2021-07-07,FVG,11301,5788,5513,1442,9731,128,ITH,ITH4,6,Friuli-Venezia Giulia,Friuli Venezia Giulia,1215220,797774,65.65,0.93
359,2021-07-21,FVG,8381,4255,4126,1999,6116,266,ITH,ITH4,6,Friuli-Venezia Giulia,Friuli Venezia Giulia,1215220,806155,66.34,0.69
360,2021-06-18,FVG,10954,5407,5547,3399,7301,254,ITH,ITH4,6,Friuli-Venezia Giulia,Friuli Venezia Giulia,1215220,817109,67.24,0.9
361,2021-03-10,FVG,3597,1705,1892,1744,1796,57,ITH,ITH4,6,Friuli-Venezia Giulia,Friuli Venezia Giulia,1215220,820706,67.54,0.3
362,2021-02-24,FVG,2531,1093,1438,2502,18,11,ITH,ITH4,6,Friuli-Venezia Giulia,Friuli Venezia Giulia,1215220,823237,67.74,0.21
363,2021-03-27,FVG,5380,2920,2460,3921,1411,48,ITH,ITH4,6,Friuli-Venezia Giulia,Friuli Venezia Giulia,1215220,828617,68.19,0.44
364,2021-04-15,FVG,6518,2880,3638,5092,1273,153,ITH,ITH4,6,Friuli-Venezia Giulia,Friuli Venezia Giulia,1215220,835135,68.72,0.54
365,2021-05-06,FVG,11952,5550,6402,7705,3973,274,ITH,ITH4,6,Friuli-Venezia Giulia,Friuli Venezia Giulia,1215220,847087,69.71,0.98
366,2021-07-02,FVG,11102,5738,5364,2112,8798,192,ITH,ITH4,6,Friuli-Venezia Giulia,Friuli Venezia Giulia,1215220,858189,70.62,0.91
367,2021-06-25,FVG,10975,5520,5455,2405,8550,20,ITH,ITH4,6,Friuli-Venezia Giulia,Friuli Venezia Giulia,1215220,869164,71.52,0.9
368,2021-07-09,FVG,11922,6331,5591,2109,9524,289,ITH,ITH4,6,Friuli-Venezia Giulia,Friuli Venezia Giulia,1215220,881086,72.5,0.98
369,2021-03-17,FVG,3239,1269,1970,736,2493,10,ITH,ITH4,6,Friuli-Venezia Giulia,Friuli Venezia Giulia,1215220,884325,72.77,0.27
370,2021-05-13,FVG,11199,5409,5790,8739,2070,390,ITH,ITH4,6,Friuli-Venezia Giulia,Friuli Venezia Giulia,1215220,895524,73.69,0.92
371,2021-01-17,FVG,1715,522,1193,1713,0,2,ITH,ITH4,6,Friuli-Venezia Giulia,Friuli Venezia Giulia,1215220,897239,73.83,0.14
372,2021-03-15,FVG,3955,1811,2144,1608,2324,23,ITH,ITH4,6,Friuli-Venezia Giulia,Friuli Venezia Giulia,1215220,901194,74.16,0.33
373,2021-04-03,FVG,4020,1992,2028,2625,1337,58,ITH,ITH4,6,Friuli-Venezia Giulia,Friuli Venezia Giulia,1215220,905214,74.49,0.33
374,2021-06-10,FVG,11553,6015,5538,9713,1462,378,ITH,ITH4,6,Friuli-Venezia Giulia,Friuli Venezia Giulia,1215220,916767,75.44,0.95
375,2021-03-19,FVG,3252,1350,1902,1300,1936,16,ITH,ITH4,6,Friuli-Venezia Giulia,Friuli Venezia Giulia,1215220,920019,75.71,0.27
376,2021-06-27,FVG,7620,3808,3812,3770,3828,22,ITH,ITH4,6,Friuli-Venezia Giulia,Friuli Venezia Giulia,1215220,927639,76.34,0.63
377,2021-02-12,FVG,1195,428,767,1142,49,4,ITH,ITH4,6,Friuli-Venezia Giulia,Friuli Venezia Giulia,1215220,928834,76.43,0.1
378,2021-05-25,FVG,12940,6397,6543,9283,3316,341,ITH,ITH4,6,Friuli-Venezia Giulia,Friuli Venezia Giulia,1215220,941774,77.5,1.06
379,2021-06-11,FVG,10914,5953,4961,9636,836,442,ITH,ITH4,6,Friuli-Venezia Giulia,Friuli Venezia Giulia,1215220,952688,78.4,0.9
380,2021-03-03,FVG,3647,1635,2012,2342,1276,29,ITH,ITH4,6,Friuli-Venezia Giulia,Friuli Venezia Giulia,1215220,956335,78.7,0.3
381,2021-07-28,FVG,10215,5197,5018,3719,6019,477,ITH,ITH4,6,Friuli-Venezia Giulia,Friuli Venezia Giulia,1215220,966550,79.54,0.84
382,2021-07-19,FVG,9417,4922,4495,841,8420,156,ITH,ITH4,6,Friuli-Venezia Giulia,Friuli Venezia Giulia,1215220,975967,80.31,0.77
383,2021-04-10,FVG,5053,2212,2841,3749,1228,76,ITH,ITH4,6,Friuli-Venezia Giulia,Friuli Venezia Giulia,1215220,981020,80.73,0.42
384,2021-05-23,FVG,10283,4862,5421,5919,4153,211,ITH,ITH4,6,Friuli-Venezia Giulia,Friuli Venezia Giulia,1215220,991303,81.57,0.85
385,2021-05-15,FVG,12686,6118,6568,7689,4702,295,ITH,ITH4,6,Friuli-Venezia Giulia,Friuli Venezia Giulia,1215220,1003989,82.62,1.04
386,2021-05-01,FVG,7205,3247,3958,5908,1045,252,ITH,ITH4,6,Friuli-Venezia Giulia,Friuli Venezia Giulia,1215220,1011194,83.21,0.59
387,2021-01-21,FVG,897,345,552,1,896,0,ITH,ITH4,6,Friuli-Venezia Giulia,Friuli Venezia Giulia,1215220,1012091,83.28,0.07
388,2021-02-21,FVG,801,281,520,421,378,2,ITH,ITH4,6,Friuli-Venezia Giulia,Friuli Venezia Giulia,1215220,1012892,83.35,0.07
389,2021-04-29,FVG,6792,2990,3802,4012,2595,185,ITH,ITH4,6,Friuli-Venezia Giulia,Friuli Venezia Giulia,1215220,1019684,83.91,0.56
390,2021-01-05,FVG,1678,551,1127,1676,0,2,ITH,ITH4,6,Friuli-Venezia Giulia,Friuli Venezia Giulia,1215220,1021362,84.05,0.14
391,2021-08-07,FVG,4629,2489,2140,2572,1926,131,ITH,ITH4,6,Friuli-Venezia Giulia,Friuli Venezia Giulia,1215220,1025991,84.43,0.38
392,2021-02-05,FVG,2612,784,1828,89,2523,0,ITH,ITH4,6,Friuli-Venezia Giulia,Friuli Venezia Giulia,1215220,1028603,84.64,0.21
393,2021-04-14,FVG,7249,3134,4115,5408,1716,125,ITH,ITH4,6,Friuli-Venezia Giulia,Friuli Venezia Giulia,1215220,1035852,85.24,0.6
394,2021-07-06,FVG,11212,5852,5360,1352,9749,111,ITH,ITH4,6,Friuli-Venezia Giulia,Friuli Venezia Giulia,1215220,1047064,86.16,0.92
395,2021-07-23,FVG,8923,4568,4355,2914,5567,442,ITH,ITH4,6,Friuli-Venezia Giulia,Friuli Venezia Giulia,1215220,1055987,86.9,0.73
396,2021-02-16,FVG,2517,1135,1382,2397,116,4,ITH,ITH4,6,Friuli-Venezia Giulia,Friuli Venezia Giulia,1215220,1058504,87.1,0.21
397,2021-03-24,FVG,3980,1721,2259,2460,1483,37,ITH,ITH4,6,Friuli-Venezia Giulia,Friuli Venezia Giulia,1215220,1062484,87.43,0.33
398,2021-05-20,FVG,12719,6325,6394,9796,2523,400,ITH,ITH4,6,Friuli-Venezia Giulia,Friuli Venezia Giulia,1215220,1075203,88.48,1.05
399,2021-05-11,FVG,9142,4396,4746,7120,1808,214,ITH,ITH4,6,Friuli-Venezia Giulia,Friuli Venezia Giulia,1215220,1084345,89.23,0.75
400,2021-01-31,FVG,2722,840,1882,385,2337,0,ITH,ITH4,6,Friuli-Venezia Giulia,Friuli Venezia Giulia,1215220,1087067,89.45,0.22
401,2021-05-29,FVG,12034,5852,6182,6788,4989,257,ITH,ITH4,6,Friuli-Venezia Giulia,Friuli Venezia Giulia,1215220,1099101,90.44,0.99
402,2021-06-29,FVG,11368,5797,5571,1226,10035,107,ITH,ITH4,6,Friuli-Venezia Giulia,Friuli Venezia Giulia,1215220,1110469,91.38,0.94
403,2021-07-16,FVG,9764,5220,4544,1675,7929,160,ITH,ITH4,6,Friuli-Venezia Giulia,Friuli Venezia Giulia,1215220,1120233,92.18,0.8
404,2021-04-07,FVG,7849,3638,4211,6946,784,119,ITH,ITH4,6,Friuli-Venezia Giulia,Friuli Venezia Giulia,1215220,1128082,92.83,0.65
405,2021-05-27,FVG,12843,6152,6691,7388,5234,221,ITH,ITH4,6,Friuli-Venezia Giulia,Friuli Venezia Giulia,1215220,1140925,93.89,1.06
406,2021-01-07,FVG,2101,722,1379,2101,0,0,ITH,ITH4,6,Friuli-Venezia Giulia,Friuli Venezia Giulia,1215220,1143026,94.06,0.17
407,2021-03-05,FVG,3816,1535,2281,2670,1078,68,ITH,ITH4,6,Friuli-Venezia Giulia,Friuli Venezia Giulia,1215220,1146842,94.37,0.31
408,2021-04-19,FVG,6724,3138,3586,3212,3420,92,ITH,ITH4,6,Friuli-Venezia Giulia,Friuli Venezia Giulia,1215220,1153566,94.93,0.55
409,2021-01-09,FVG,2514,841,1673,2513,0,1,ITH,ITH4,6,Friuli-Venezia Giulia,Friuli Venezia Giulia,1215220,1156080,95.13,0.21
410,2021-06-15,FVG,12149,6183,5966,5349,6533,267,ITH,ITH4,6,Friuli-Venezia Giulia,Friuli Venezia Giulia,1215220,1168229,96.13,1.0
411,2021-07-04,FVG,9330,4789,4541,2884,6191,255,ITH,ITH4,6,Friuli-Venezia Giulia,Friuli Venezia Giulia,1215220,1177559,96.9,0.77
412,2021-03-26,FVG,6018,2610,3408,3826,2019,173,ITH,ITH4,6,Friuli-Venezia Giulia,Friuli Venezia Giulia,1215220,1183577,97.4,0.5
413,2021-03-12,FVG,4106,1699,2407,2699,1381,26,ITH,ITH4,6,Friuli-Venezia Giulia,Friuli Venezia Giulia,1215220,1187683,97.73,0.34
414,2021-01-02,FVG,1217,470,747,1217,0,0,ITH,ITH4,6,Friuli-Venezia Giulia,Friuli Venezia Giulia,1215220,1188900,97.83,0.1
415,2021-04-12,FVG,7285,3194,4091,5998,1135,152,ITH,ITH4,6,Friuli-Venezia Giulia,Friuli Venezia Giulia,1215220,1196185,98.43,0.6
416,2021-06-03,FVG,12444,6748,5696,9921,2119,404,ITH,ITH4,6,Friuli-Venezia Giulia,Friuli Venezia Giulia,1215220,1208629,99.46,1.02
417,2021-01-19,FVG,6,2,4,6,0,0,ITH,ITH4,6,Friuli-Venezia Giulia,Friuli Venezia Giulia,1215220,1208635,99.46,0.0
418,2021-01-26,FVG,1978,648,1330,216,1761,1,ITH,ITH4,6,Friuli-Venezia Giulia,Friuli Venezia Giulia,1215220,1210613,99.62,0.16
419,2021-02-09,FVG,1842,555,1287,1555,286,1,ITH,ITH4,6,Friuli-Venezia Giulia,Friuli Venezia Giulia,1215220,1212455,99.77,0.15
420,2021-02-02,FVG,2471,807,1664,218,2253,0,ITH,ITH4,6,Friuli-Venezia Giulia,Friuli Venezia Giulia,1215220,1214926,99.98,0.2
421,2021-03-31,FVG,8141,3571,4570,7170,847,124,ITH,ITH4,6,Friuli-Venezia Giulia,Friuli Venezia Giulia,1215220,1223067,100.65,0.67
422,2021-07-25,FVG,3847,2001,1846,1895,1847,105,ITH,ITH4,6,Friuli-Venezia Giulia,Friuli Venezia Giulia,1215220,1226914,100.96,0.32
423,2021-07-11,FVG,6834,3572,3262,2357,4174,303,ITH,ITH4,6,Friuli-Venezia Giulia,Friuli Venezia Giulia,1215220,1233748,101.52,0.56
424,2021-05-22,FVG,11595,5206,6389,7088,4241,266,ITH,ITH4,6,Friuli-Venezia Giulia,Friuli Venezia Giulia,1215220,1245343,102.48,0.95
425,2021-07-18,FVG,5415,2928,2487,397,4993,25,ITH,ITH4,6,Friuli-Venezia Giulia,Friuli Venezia Giulia,1215220,1250758,102.92,0.45
426,2021-07-30,FVG,8919,4636,4283,2643,6003,273,ITH,ITH4,6,Friuli-Venezia Giulia,Friuli Venezia Giulia,1215220,1259677,103.66,0.73
427,2021-01-28,FVG,2245,795,1450,355,1890,0,ITH,ITH4,6,Friuli-Venezia Giulia,Friuli Venezia Giulia,1215220,1261922,103.84,0.18
428,2021-05-08,FVG,10330,4671,5659,5361,4787,182,ITH,ITH4,6,Friuli-Venezia Giulia,Friuli Venezia Giulia,1215220,1272252,104.69,0.85
429,2021-02-14,FVG,1,0,1,0,1,0,ITH,ITH4,6,Friuli-Venezia Giulia,Friuli Venezia Giulia,1215220,1272253,104.69,0.0
430,2021-05-10,FVG,8004,3554,4450,6224,1543,237,ITH,ITH4,6,Friuli-Venezia Giulia,Friuli Venezia Giulia,1215220,1280257,105.35,0.66
431,2021-03-07,FVG,2548,934,1614,2489,1,58,ITH,ITH4,6,Friuli-Venezia Giulia,Friuli Venezia Giulia,1215220,1282805,105.56,0.21
432,2020-12-31,FVG,1048,381,667,1047,0,1,ITH,ITH4,6,Friuli-Venezia Giulia,Friuli Venezia Giulia,1215220,1283853,105.65,0.09
433,2021-06-17,FVG,11424,5776,5648,2285,9034,105,ITH,ITH4,6,Friuli-Venezia Giulia,Friuli Venezia Giulia,1215220,1295277,106.59,0.94
434,2021-06-22,FVG,11594,5972,5622,2367,9098,129,ITH,ITH4,6,Friuli-Venezia Giulia,Friuli Venezia Giulia,1215220,1306871,107.54,0.95
435,2021-03-30,FVG,7318,3296,4022,6176,1012,130,ITH,ITH4,6,Friuli-Venezia Giulia,Friuli Venezia Giulia,1215220,1314189,108.14,0.6
436,2021-07-10,FVG,8787,4531,4256,139,8621,27,ITH,ITH4,6,Friuli-Venezia Giulia,Friuli Venezia Giulia,1215220,1322976,108.87,0.72
437,2021-04-01,FVG,6424,3069,3355,5321,1015,88,ITH,ITH4,6,Friuli-Venezia Giulia,Friuli Venezia Giulia,1215220,1329400,109.4,0.53
438,2021-05-28,FVG,10640,5097,5543,6231,4131,278,ITH,ITH4,6,Friuli-Venezia Giulia,Friuli Venezia Giulia,1215220,1340040,110.27,0.88
439,2021-07-12,FVG,9980,5124,4856,1075,8748,157,ITH,ITH4,6,Friuli-Venezia Giulia,Friuli Venezia Giulia,1215220,1350020,111.09,0.82
440,2021-02-19,FVG,3262,1295,1967,2820,427,15,ITH,ITH4,6,Friuli-Venezia Giulia,Friuli Venezia Giulia,1215220,1353282,111.36,0.27
441,2021-04-24,FVG,6687,2951,3736,5206,1245,236,ITH,ITH4,6,Friuli-Venezia Giulia,Friuli Venezia Giulia,1215220,1359969,111.91,0.55
442,2021-06-06,FVG,9493,4630,4863,7652,1566,275,ITH,ITH4,6,Friuli-Venezia Giulia,Friuli Venezia Giulia,1215220,1369462,112.69,0.78
443,2021-02-26,FVG,3744,2101,1643,3562,148,34,ITH,ITH4,6,Friuli-Venezia Giulia,Friuli Venezia Giulia,1215220,1373206,113.0,0.31
444,2021-02-17,FVG,2361,1003,1358,1874,485,2,ITH,ITH4,6,Friuli-Venezia Giulia,Friuli Venezia Giulia,1215220,1375567,113.19,0.19
445,2021-05-30,FVG,11069,4996,6073,7235,3588,246,ITH,ITH4,6,Friuli-Venezia Giulia,Friuli Venezia Giulia,1215220,1386636,114.11,0.91
446,2021-08-06,FVG,6379,3342,3037,2272,3925,182,ITH,ITH4,6,Friuli-Venezia Giulia,Friuli Venezia Giulia,1215220,1393015,114.63,0.52
447,2021-08-11,FVG,7764,4105,3659,5069,2357,338,ITH,ITH4,6,Friuli-Venezia Giulia,Friuli Venezia Giulia,1215220,1400779,115.27,0.64
448,2021-05-03,FVG,7248,3297,3951,3345,3788,115,ITH,ITH4,6,Friuli-Venezia Giulia,Friuli Venezia Giulia,1215220,1408027,115.87,0.6
449,2021-01-14,FVG,2586,790,1796,2583,0,3,ITH,ITH4,6,Friuli-Venezia Giulia,Friuli Venezia Giulia,1215220,1410613,116.08,0.21
450,2021-08-13,FVG,3584,2017,1567,2470,929,185,ITH,ITH4,6,Friuli-Venezia Giulia,Friuli Venezia Giulia,1215220,1414197,116.37,0.29
451,2021-06-08,FVG,10512,5500,5012,9645,464,403,ITH,ITH4,6,Friuli-Venezia Giulia,Friuli Venezia Giulia,1215220,1424709,117.24,0.87
452,2021-02-28,FVG,2689,1004,1685,2266,394,29,ITH,ITH4,6,Friuli-Venezia Giulia,Friuli Venezia Giulia,1215220,1427398,117.46,0.22
453,2021-08-04,FVG,9044,4657,4387,4368,4365,311,ITH,ITH4,6,Friuli-Venezia Giulia,Friuli Venezia Giulia,1215220,1436442,118.2,0.74
454,2021-04-26,FVG,5474,2455,3019,3703,1651,120,ITH,ITH4,6,Friuli-Venezia Giulia,Friuli Venezia Giulia,1215220,1441916,118.65,0.45
455,2021-06-04,BAS,4831,2288,2543,3748,1046,37,ITF,ITF5,17,Basilicata,Basilicata,559084,4831,0.86,0.86
456,2021-02-24,BAS,1810,743,1067,1725,74,11,ITF,ITF5,17,Basilicata,Basilicata,559084,6641,1.19,0.32
457,2021-02-22,BAS,1795,777,1018,1734,53,8,ITF,ITF5,17,Basilicata,Basilicata,559084,8436,1.51,0.32
458,2021-03-25,BAS,1883,603,1280,1516,344,23,ITF,ITF5,17,Basilicata,Basilicata,559084,10319,1.85,0.34
459,2021-01-27,BAS,419,177,242,113,306,0,ITF,ITF5,17,Basilicata,Basilicata,559084,10738,1.92,0.07
460,2021-02-10,BAS,551,240,311,496,53,2,ITF,ITF5,17,Basilicata,Basilicata,559084,11289,2.02,0.1
461,2021-05-21,BAS,4578,2321,2257,1480,3086,12,ITF,ITF5,17,Basilicata,Basilicata,559084,15867,2.84,0.82
462,2021-04-08,BAS,789,362,427,763,10,16,ITF,ITF5,17,Basilicata,Basilicata,559084,16656,2.98,0.14
463,2021-04-22,BAS,5049,2351,2698,3381,1613,55,ITF,ITF5,17,Basilicata,Basilicata,559084,21705,3.88,0.9
464,2021-07-31,BAS,5468,2877,2591,1825,3589,54,ITF,ITF5,17,Basilicata,Basilicata,559084,27173,4.86,0.98
465,2021-07-17,BAS,5855,2914,2941,1709,4107,39,ITF,ITF5,17,Basilicata,Basilicata,559084,33028,5.91,1.05
466,2021-06-30,BAS,3452,1668,1784,2315,1111,26,ITF,ITF5,17,Basilicata,Basilicata,559084,36480,6.52,0.62
467,2021-01-15,BAS,819,353,466,819,0,0,ITF,ITF5,17,Basilicata,Basilicata,559084,37299,6.67,0.15
468,2020-12-27,BAS,106,41,65,106,0,0,ITF,ITF5,17,Basilicata,Basilicata,559084,37405,6.69,0.02
469,2021-03-20,BAS,1300,576,724,276,1017,7,ITF,ITF5,17,Basilicata,Basilicata,559084,38705,6.92,0.23
470,2021-06-28,BAS,3641,1747,1894,2114,1509,18,ITF,ITF5,17,Basilicata,Basilicata,559084,42346,7.57,0.65
471,2021-01-10,BAS,77,24,53,77,0,0,ITF,ITF5,17,Basilicata,Basilicata,559084,42423,7.59,0.01
472,2021-04-20,BAS,4144,1982,2162,2182,1936,26,ITF,ITF5,17,Basilicata,Basilicata,559084,46567,8.33,0.74
473,2021-08-07,BAS,4512,2375,2137,1359,3094,59,ITF,ITF5,17,Basilicata,Basilicata,559084,51079,9.14,0.81
474,2021-01-08,BAS,555,219,336,555,0,0,ITF,ITF5,17,Basilicata,Basilicata,559084,51634,9.24,0.1
475,2021-05-30,BAS,2778,1421,1357,920,1853,5,ITF,ITF5,17,Basilicata,Basilicata,559084,54412,9.73,0.5
476,2021-04-03,BAS,1813,754,1059,1464,337,12,ITF,ITF5,17,Basilicata,Basilicata,559084,56225,10.06,0.32
477,2021-02-05,BAS,996,447,549,63,931,2,ITF,ITF5,17,Basilicata,Basilicata,559084,57221,10.23,0.18
478,2021-08-12,BAS,3923,2001,1922,1683,2158,82,ITF,ITF5,17,Basilicata,Basilicata,559084,61144,10.94,0.7
479,2021-07-26,BAS,5414,2720,2694,1989,3387,38,ITF,ITF5,17,Basilicata,Basilicata,559084,66558,11.9,0.97
480,2021-01-22,BAS,67,24,43,67,0,0,ITF,ITF5,17,Basilicata,Basilicata,559084,66625,11.92,0.01
481,2021-07-24,BAS,5745,2942,2803,1773,3922,50,ITF,ITF5,17,Basilicata,Basilicata,559084,72370,12.94,1.03
482,2021-05-04,BAS,4141,1994,2147,3568,524,49,ITF,ITF5,17,Basilicata,Basilicata,559084,76511,13.69,0.74
483,2021-03-08,BAS,1470,721,749,820,618,32,ITF,ITF5,17,Basilicata,Basilicata,559084,77981,13.95,0.26
484,2021-06-16,BAS,4606,2086,2520,2126,2460,20,ITF,ITF5,17,Basilicata,Basilicata,559084,82587,14.77,0.82
485,2021-06-23,BAS,3241,1522,1719,2333,876,32,ITF,ITF5,17,Basilicata,Basilicata,559084,85828,15.35,0.58
486,2021-03-13,BAS,1804,893,911,736,1048,20,ITF,ITF5,17,Basilicata,Basilicata,559084,87632,15.67,0.32
487,2021-02-07,BAS,381,161,220,49,332,0,ITF,ITF5,17,Basilicata,Basilicata,559084,88013,15.74,0.07
488,2021-05-18,BAS,5897,2857,3040,3382,2492,23,ITF,ITF5,17,Basilicata,Basilicata,559084,93910,16.8,1.05
489,2021-08-09,BAS,4010,2065,1945,1569,2395,46,ITF,ITF5,17,Basilicata,Basilicata,559084,97920,17.51,0.72
490,2021-07-23,BAS,5550,2781,2769,1889,3616,45,ITF,ITF5,17,Basilicata,Basilicata,559084,103470,18.51,0.99
491,2021-05-01,BAS,4708,2139,2569,3886,754,68,ITF,ITF5,17,Basilicata,Basilicata,559084,108178,19.35,0.84
492,2021-02-17,BAS,1137,493,644,1058,77,2,ITF,ITF5,17,Basilicata,Basilicata,559084,109315,19.55,0.2
493,2021-05-28,BAS,3615,1810,1805,919,2663,33,ITF,ITF5,17,Basilicata,Basilicata,559084,112930,20.2,0.65
494,2021-06-11,BAS,4236,1982,2254,3167,1028,41,ITF,ITF5,17,Basilicata,Basilicata,559084,117166,20.96,0.76
495,2021-05-11,BAS,2654,1353,1301,1597,1033,24,ITF,ITF5,17,Basilicata,Basilicata,559084,119820,21.43,0.47
496,2021-07-14,BAS,5640,2719,2921,1626,3989,25,ITF,ITF5,17,Basilicata,Basilicata,559084,125460,22.44,1.01
497,2021-03-06,BAS,1371,541,830,752,606,13,ITF,ITF5,17,Basilicata,Basilicata,559084,126831,22.69,0.25
498,2021-05-09,BAS,4684,2339,2345,2941,1694,49,ITF,ITF5,17,Basilicata,Basilicata,559084,131515,23.52,0.84
499,2021-02-15,BAS,631,238,393,571,44,16,ITF,ITF5,17,Basilicata,Basilicata,559084,132146,23.64,0.11
500,2021-01-29,BAS,617,231,386,63,554,0,ITF,ITF5,17,Basilicata,Basilicata,559084,132763,23.75,0.11
501,2021-03-05,BAS,1865,862,1003,1097,754,14,ITF,ITF5,17,Basilicata,Basilicata,559084,134628,24.08,0.33
502,2021-06-13,BAS,3014,1440,1574,2678,308,28,ITF,ITF5,17,Basilicata,Basilicata,559084,137642,24.62,0.54
503,2021-04-01,BAS,2729,1118,1611,1970,731,28,ITF,ITF5,17,Basilicata,Basilicata,559084,140371,25.11,0.49
504,2021-02-03,BAS,674,304,370,32,642,0,ITF,ITF5,17,Basilicata,Basilicata,559084,141045,25.23,0.12
505,2021-06-01,BAS,6137,2927,3210,3034,3076,27,ITF,ITF5,17,Basilicata,Basilicata,559084,147182,26.33,1.1
506,2021-07-12,BAS,5441,2592,2849,1606,3809,26,ITF,ITF5,17,Basilicata,Basilicata,559084,152623,27.3,0.97
507,2021-05-16,BAS,4973,2468,2505,2812,2113,48,ITF,ITF5,17,Basilicata,Basilicata,559084,157596,28.19,0.89
508,2021-07-19,BAS,5924,2888,3036,1997,3886,41,ITF,ITF5,17,Basilicata,Basilicata,559084,163520,29.25,1.06
509,2021-05-23,BAS,4518,2302,2216,1527,2984,7,ITF,ITF5,17,Basilicata,Basilicata,559084,168038,30.06,0.81
510,2021-03-15,BAS,2368,992,1376,508,1844,16,ITF,ITF5,17,Basilicata,Basilicata,559084,170406,30.48,0.42
511,2021-01-17,BAS,329,133,196,328,1,0,ITF,ITF5,17,Basilicata,Basilicata,559084,170735,30.54,0.06
512,2021-04-27,BAS,4730,2243,2487,4351,327,52,ITF,ITF5,17,Basilicata,Basilicata,559084,175465,31.38,0.85
513,2021-08-05,BAS,4555,2319,2236,1282,3232,41,ITF,ITF5,17,Basilicata,Basilicata,559084,180020,32.2,0.81
514,2021-05-02,BAS,4181,2001,2180,3491,629,61,ITF,ITF5,17,Basilicata,Basilicata,559084,184201,32.95,0.75
515,2021-04-15,BAS,3430,1679,1751,2589,798,43,ITF,ITF5,17,Basilicata,Basilicata,559084,187631,33.56,0.61
516,2021-07-07,BAS,5208,2474,2734,2024,3171,13,ITF,ITF5,17,Basilicata,Basilicata,559084,192839,34.49,0.93
517,2021-01-03,BAS,908,346,562,908,0,0,ITF,ITF5,17,Basilicata,Basilicata,559084,193747,34.65,0.16
518,2021-06-09,BAS,4423,2072,2351,3967,423,33,ITF,ITF5,17,Basilicata,Basilicata,559084,198170,35.45,0.79
519,2021-04-13,BAS,2117,1052,1065,1282,818,17,ITF,ITF5,17,Basilicata,Basilicata,559084,200287,35.82,0.38
520,2021-03-01,BAS,553,286,267,384,169,0,ITF,ITF5,17,Basilicata,Basilicata,559084,200840,35.92,0.1
521,2021-08-14,BAS,2985,1645,1340,1198,1735,52,ITF,ITF5,17,Basilicata,Basilicata,559084,203825,36.46,0.53
522,2021-06-18,BAS,4464,2065,2399,2179,2259,26,ITF,ITF5,17,Basilicata,Basilicata,559084,208289,37.26,0.8
523,2021-01-24,BAS,862,314,548,58,803,1,ITF,ITF5,17,Basilicata,Basilicata,559084,209151,37.41,0.15
524,2021-02-26,BAS,2156,905,1251,2069,81,6,ITF,ITF5,17,Basilicata,Basilicata,559084,211307,37.8,0.39
525,2021-04-05,BAS,726,235,491,412,304,10,ITF,ITF5,17,Basilicata,Basilicata,559084,212033,37.93,0.13
526,2021-03-22,BAS,1195,539,656,638,549,8,ITF,ITF5,17,Basilicata,Basilicata,559084,213228,38.14,0.21
527,2021-03-03,BAS,1751,821,930,1167,562,22,ITF,ITF5,17,Basilicata,Basilicata,559084,214979,38.45,0.31
528,2021-05-25,BAS,4199,2114,2085,867,3322,10,ITF,ITF5,17,Basilicata,Basilicata,559084,219178,39.2,0.75
529,2021-02-14,BAS,151,48,103,105,0,46,ITF,ITF5,17,Basilicata,Basilicata,559084,219329,39.23,0.03
530,2021-05-27,BAS,3623,1863,1760,1075,2534,14,ITF,ITF5,17,Basilicata,Basilicata,559084,222952,39.88,0.65
531,2021-04-24,BAS,4581,2219,2362,3475,1050,56,ITF,ITF5,17,Basilicata,Basilicata,559084,227533,40.7,0.82
532,2021-08-02,BAS,4607,2333,2274,1778,2789,40,ITF,ITF5,17,Basilicata,Basilicata,559084,232140,41.52,0.82
533,2021-03-27,BAS,2256,866,1390,1809,433,14,ITF,ITF5,17,Basilicata,Basilicata,559084,234396,41.93,0.4
534,2021-07-05,BAS,3270,1615,1655,2214,1022,34,ITF,ITF5,17,Basilicata,Basilicata,559084,237666,42.51,0.58
535,2021-01-07,BAS,644,321,323,644,0,0,ITF,ITF5,17,Basilicata,Basilicata,559084,238310,42.63,0.12
536,2021-02-19,BAS,1625,739,886,1557,63,5,ITF,ITF5,17,Basilicata,Basilicata,559084,239935,42.92,0.29
537,2021-08-04,BAS,4500,2232,2268,1424,3035,41,ITF,ITF5,17,Basilicata,Basilicata,559084,244435,43.72,0.8
538,2021-06-08,BAS,4585,2194,2391,4190,357,38,ITF,ITF5,17,Basilicata,Basilicata,559084,249020,44.54,0.82
539,2021-04-12,BAS,2175,1053,1122,1653,493,29,ITF,ITF5,17,Basilicata,Basilicata,559084,251195,44.93,0.39
540,2021-07-21,BAS,5845,2942,2903,1611,4201,33,ITF,ITF5,17,Basilicata,Basilicata,559084,257040,45.98,1.05
541,2021-07-09,BAS,5340,2610,2730,1698,3633,9,ITF,ITF5,17,Basilicata,Basilicata,559084,262380,46.93,0.96
542,2021-04-17,BAS,3461,1655,1806,2171,1262,28,ITF,ITF5,17,Basilicata,Basilicata,559084,265841,47.55,0.62
543,2021-03-29,BAS,2482,898,1584,2143,288,51,ITF,ITF5,17,Basilicata,Basilicata,559084,268323,47.99,0.44
544,2021-01-05,BAS,950,410,540,950,0,0,ITF,ITF5,17,Basilicata,Basilicata,559084,269273,48.16,0.17
545,2021-05-20,BAS,5882,2980,2902,2885,2969,28,ITF,ITF5,17,Basilicata,Basilicata,559084,275155,49.22,1.05
546,2021-06-06,BAS,4512,2074,2438,3695,779,38,ITF,ITF5,17,Basilicata,Basilicata,559084,279667,50.02,0.81
547,2021-08-11,BAS,3711,1923,1788,1429,2224,58,ITF,ITF5,17,Basilicata,Basilicata,559084,283378,50.69,0.66
548,2021-04-14,BAS,2046,1001,1045,1354,676,16,ITF,ITF5,17,Basilicata,Basilicata,559084,285424,51.05,0.37
549,2021-01-21,BAS,31,10,21,30,1,0,ITF,ITF5,17,Basilicata,Basilicata,559084,285455,51.06,0.01
550,2021-01-04,BAS,612,274,338,612,0,0,ITF,ITF5,17,Basilicata,Basilicata,559084,286067,51.17,0.11
551,2021-05-13,BAS,5984,2968,3016,3298,2596,90,ITF,ITF5,17,Basilicata,Basilicata,559084,292051,52.24,1.07
552,2021-05-08,BAS,4845,2407,2438,3387,1412,46,ITF,ITF5,17,Basilicata,Basilicata,559084,296896,53.1,0.87
553,2021-07-16,BAS,5934,2900,3034,1803,4097,34,ITF,ITF5,17,Basilicata,Basilicata,559084,302830,54.17,1.06
554,2021-03-19,BAS,2301,997,1304,259,2035,7,ITF,ITF5,17,Basilicata,Basilicata,559084,305131,54.58,0.41
555,2021-02-16,BAS,907,377,530,790,98,19,ITF,ITF5,17,Basilicata,Basilicata,559084,306038,54.74,0.16
556,2021-01-31,BAS,77,24,53,0,77,0,ITF,ITF5,17,Basilicata,Basilicata,559084,306115,54.75,0.01
557,2021-01-12,BAS,217,88,129,217,0,0,ITF,ITF5,17,Basilicata,Basilicata,559084,306332,54.79,0.04
558,2021-04-19,BAS,4179,1919,2260,2397,1651,131,ITF,ITF5,17,Basilicata,Basilicata,559084,310511,55.54,0.75
559,2021-07-28,BAS,5038,2578,2460,1931,3048,59,ITF,ITF5,17,Basilicata,Basilicata,559084,315549,56.44,0.9
560,2021-06-15,BAS,3221,1416,1805,2226,975,20,ITF,ITF5,17,Basilicata,Basilicata,559084,318770,57.02,0.58
561,2021-02-28,BAS,813,347,466,772,37,4,ITF,ITF5,17,Basilicata,Basilicata,559084,319583,57.16,0.15
562,2021-01-02,BAS,957,383,574,956,0,1,ITF,ITF5,17,Basilicata,Basilicata,559084,320540,57.33,0.17
563,2021-02-12,BAS,780,333,447,747,32,1,ITF,ITF5,17,Basilicata,Basilicata,559084,321320,57.47,0.14
564,2021-04-10,BAS,1034,379,655,924,84,26,ITF,ITF5,17,Basilicata,Basilicata,559084,322354,57.66,0.18
565,2021-06-24,BAS,4092,1940,2152,2152,1903,37,ITF,ITF5,17,Basilicata,Basilicata,559084,326446,58.39,0.73
566,2021-04-28,BAS,4709,2159,2550,4207,441,61,ITF,ITF5,17,Basilicata,Basilicata,559084,331155,59.23,0.84
567,2021-07-06,BAS,4212,2009,2203,2116,2060,36,ITF,ITF5,17,Basilicata,Basilicata,559084,335367,59.99,0.75
568,2021-01-23,BAS,751,318,433,33,718,0,ITF,ITF5,17,Basilicata,Basilicata,559084,336118,60.12,0.13
569,2021-06-20,BAS,4011,1884,2127,1941,2036,34,ITF,ITF5,17,Basilicata,Basilicata,559084,340129,60.84,0.72
570,2021-03-10,BAS,1685,845,840,835,839,11,ITF,ITF5,17,Basilicata,Basilicata,559084,341814,61.14,0.3
571,2021-01-26,BAS,810,357,453,101,709,0,ITF,ITF5,17,Basilicata,Basilicata,559084,342624,61.28,0.14
572,2021-05-06,BAS,5069,2440,2629,3433,1585,51,ITF,ITF5,17,Basilicata,Basilicata,559084,347693,62.19,0.91
573,2021-05-15,BAS,6532,3343,3189,3875,2574,83,ITF,ITF5,17,Basilicata,Basilicata,559084,354225,63.36,1.17
574,2021-04-02,BAS,2343,1057,1286,1715,605,23,ITF,ITF5,17,Basilicata,Basilicata,559084,356568,63.78,0.42
575,2021-02-04,BAS,1105,445,660,64,1041,0,ITF,ITF5,17,Basilicata,Basilicata,559084,357673,63.97,0.2
576,2021-07-11,BAS,5032,2406,2626,1509,3498,25,ITF,ITF5,17,Basilicata,Basilicata,559084,362705,64.87,0.9
577,2021-01-28,BAS,919,407,512,119,800,0,ITF,ITF5,17,Basilicata,Basilicata,559084,363624,65.04,0.16
578,2021-01-14,BAS,971,413,558,971,0,0,ITF,ITF5,17,Basilicata,Basilicata,559084,364595,65.21,0.17
579,2021-04-07,BAS,1211,551,660,1155,36,20,ITF,ITF5,17,Basilicata,Basilicata,559084,365806,65.43,0.22
580,2021-05-10,BAS,4808,2384,2424,2716,2042,50,ITF,ITF5,17,Basilicata,Basilicata,559084,370614,66.29,0.86
581,2021-07-18,BAS,4386,2162,2224,1575,2784,27,ITF,ITF5,17,Basilicata,Basilicata,559084,375000,67.07,0.78
582,2021-08-01,BAS,4208,2114,2094,1633,2535,40,ITF,ITF5,17,Basilicata,Basilicata,559084,379208,67.83,0.75
583,2021-01-16,BAS,725,305,420,725,0,0,ITF,ITF5,17,Basilicata,Basilicata,559084,379933,67.96,0.13
584,2021-04-26,BAS,4466,2164,2302,4197,221,48,ITF,ITF5,17,Basilicata,Basilicata,559084,384399,68.76,0.8
585,2021-08-08,BAS,3665,1874,1791,1117,2519,29,ITF,ITF5,17,Basilicata,Basilicata,559084,388064,69.41,0.66
586,2021-02-21,BAS,284,113,171,284,0,0,ITF,ITF5,17,Basilicata,Basilicata,559084,388348,69.46,0.05
587,2021-03-07,BAS,895,312,583,846,39,10,ITF,ITF5,17,Basilicata,Basilicata,559084,389243,69.62,0.16
588,2021-01-09,BAS,560,161,399,560,0,0,ITF,ITF5,17,Basilicata,Basilicata,559084,389803,69.72,0.1
589,2021-03-02,BAS,802,387,415,659,138,5,ITF,ITF5,17,Basilicata,Basilicata,559084,390605,69.87,0.14
590,2021-08-06,BAS,4253,2176,2077,1316,2884,53,ITF,ITF5,17,Basilicata,Basilicata,559084,394858,70.63,0.76
591,2021-06-10,BAS,4346,2101,2245,3868,441,37,ITF,ITF5,17,Basilicata,Basilicata,559084,399204,71.4,0.78
592,2021-08-13,BAS,3669,1907,1762,1427,2151,91,ITF,ITF5,17,Basilicata,Basilicata,559084,402873,72.06,0.66
593,2021-07-30,BAS,4766,2436,2330,1914,2803,49,ITF,ITF5,17,Basilicata,Basilicata,559084,407639,72.91,0.85
594,2021-05-03,BAS,4510,2043,2467,3620,827,63,ITF,ITF5,17,Basilicata,Basilicata,559084,412149,73.72,0.81
595,2021-02-09,BAS,494,215,279,317,177,0,ITF,ITF5,17,Basilicata,Basilicata,559084,412643,73.81,0.09
596,2021-07-25,BAS,4478,2254,2224,1606,2848,24,ITF,ITF5,17,Basilicata,Basilicata,559084,417121,74.61,0.8
597,2021-06-21,BAS,4257,2045,2212,2145,2093,19,ITF,ITF5,17,Basilicata,Basilicata,559084,421378,75.37,0.76
598,2021-06-19,BAS,4466,2178,2288,2370,2074,22,ITF,ITF5,17,Basilicata,Basilicata,559084,425844,76.17,0.8
599,2021-03-28,BAS,2145,744,1401,2111,17,17,ITF,ITF5,17,Basilicata,Basilicata,559084,427989,76.55,0.38
600,2021-03-14,BAS,1010,477,533,529,469,12,ITF,ITF5,17,Basilicata,Basilicata,559084,428999,76.73,0.18
601,2021-03-31,BAS,3114,1267,1847,2301,783,30,ITF,ITF5,17,Basilicata,Basilicata,559084,432113,77.29,0.56
602,2021-06-22,BAS,4355,2061,2294,2223,2100,32,ITF,ITF5,17,Basilicata,Basilicata,559084,436468,78.07,0.78
603,2021-06-05,BAS,4801,2210,2591,3824,941,36,ITF,ITF5,17,Basilicata,Basilicata,559084,441269,78.93,0.86
604,2021-02-23,BAS,1908,772,1136,1750,140,18,ITF,ITF5,17,Basilicata,Basilicata,559084,443177,79.27,0.34
605,2021-06-03,BAS,4922,2258,2664,3704,1180,38,ITF,ITF5,17,Basilicata,Basilicata,559084,448099,80.15,0.88
606,2021-03-12,BAS,1918,986,932,786,1104,28,ITF,ITF5,17,Basilicata,Basilicata,559084,450017,80.49,0.34
607,2021-05-17,BAS,5548,2735,2813,3363,2136,49,ITF,ITF5,17,Basilicata,Basilicata,559084,455565,81.48,0.99
608,2021-02-02,BAS,369,145,224,174,194,1,ITF,ITF5,17,Basilicata,Basilicata,559084,455934,81.55,0.07
609,2021-04-09,BAS,1153,350,803,1064,63,26,ITF,ITF5,17,Basilicata,Basilicata,559084,457087,81.76,0.21
610,2021-07-13,BAS,5855,2825,3030,1773,4035,47,ITF,ITF5,17,Basilicata,Basilicata,559084,462942,82.8,1.05
611,2021-04-25,BAS,2989,1458,1531,2905,52,32,ITF,ITF5,17,Basilicata,Basilicata,559084,465931,83.34,0.53
612,2021-08-03,BAS,5121,2599,2522,1828,3244,49,ITF,ITF5,17,Basilicata,Basilicata,559084,471052,84.25,0.92
613,2021-05-12,BAS,4729,2330,2399,2800,1881,48,ITF,ITF5,17,Basilicata,Basilicata,559084,475781,85.1,0.85
614,2021-07-15,BAS,6478,3211,3267,1669,4784,25,ITF,ITF5,17,Basilicata,Basilicata,559084,482259,86.26,1.16
615,2021-06-29,BAS,3857,1881,1976,2787,1043,27,ITF,ITF5,17,Basilicata,Basilicata,559084,486116,86.95,0.69
616,2021-03-21,BAS,1173,544,629,470,700,3,ITF,ITF5,17,Basilicata,Basilicata,559084,487289,87.16,0.21
617,2021-05-29,BAS,3059,1533,1526,824,2224,11,ITF,ITF5,17,Basilicata,Basilicata,559084,490348,87.71,0.55
618,2021-07-03,BAS,3947,2103,1844,2757,1144,46,ITF,ITF5,17,Basilicata,Basilicata,559084,494295,88.41,0.71
619,2021-05-07,BAS,4638,2280,2358,3271,1340,27,ITF,ITF5,17,Basilicata,Basilicata,559084,498933,89.24,0.83
620,2021-06-17,BAS,4443,2046,2397,2088,2330,25,ITF,ITF5,17,Basilicata,Basilicata,559084,503376,90.04,0.79
621,2021-04-21,BAS,3949,1844,2105,2243,1676,30,ITF,ITF5,17,Basilicata,Basilicata,559084,507325,90.74,0.71
622,2021-01-18,BAS,464,158,306,365,99,0,ITF,ITF5,17,Basilicata,Basilicata,559084,507789,90.83,0.08
623,2021-03-16,BAS,1919,807,1112,226,1690,3,ITF,ITF5,17,Basilicata,Basilicata,559084,509708,91.17,0.34
624,2021-03-11,BAS,1799,930,869,819,962,18,ITF,ITF5,17,Basilicata,Basilicata,559084,511507,91.49,0.32
625,2021-03-30,BAS,2852,1213,1639,2491,346,15,ITF,ITF5,17,Basilicata,Basilicata,559084,514359,92.0,0.51
626,2021-02-08,BAS,563,194,369,153,410,0,ITF,ITF5,17,Basilicata,Basilicata,559084,514922,92.1,0.1
627,2021-02-27,BAS,1995,862,1133,1814,164,17,ITF,ITF5,17,Basilicata,Basilicata,559084,516917,92.46,0.36
628,2021-07-20,BAS,5695,2794,2901,1687,3968,40,ITF,ITF5,17,Basilicata,Basilicata,559084,522612,93.48,1.02
629,2021-06-07,BAS,4238,1921,2317,3885,315,38,ITF,ITF5,17,Basilicata,Basilicata,559084,526850,94.23,0.76
630,2021-04-11,BAS,961,389,572,761,171,29,ITF,ITF5,17,Basilicata,Basilicata,559084,527811,94.41,0.17
631,2021-04-06,BAS,1274,465,809,1073,184,17,ITF,ITF5,17,Basilicata,Basilicata,559084,529085,94.63,0.23
632,2021-06-14,BAS,4825,2156,2669,2091,2710,24,ITF,ITF5,17,Basilicata,Basilicata,559084,533910,95.5,0.86
633,2021-03-23,BAS,1639,632,1007,1450,169,20,ITF,ITF5,17,Basilicata,Basilicata,559084,535549,95.79,0.29
634,2021-07-01,BAS,3711,1857,1854,2567,1111,33,ITF,ITF5,17,Basilicata,Basilicata,559084,539260,96.45,0.66
635,2021-01-13,BAS,917,387,530,917,0,0,ITF,ITF5,17,Basilicata,Basilicata,559084,540177,96.62,0.16
636,2021-04-23,BAS,4550,2190,2360,3480,1010,60,ITF,ITF5,17,Basilicata,Basilicata,559084,544727,97.43,0.81
637,2021-01-30,BAS,712,230,482,129,583,0,ITF,ITF5,17,Basilicata,Basilicata,559084,545439,97.56,0.13
638,2021-03-04,BAS,1894,898,996,1065,806,23,ITF,ITF5,17,Basilicata,Basilicata,559084,547333,97.9,0.34
639,2021-06-12,BAS,3687,1694,1993,2959,690,38,ITF,ITF5,17,Basilicata,Basilicata,559084,551020,98.56,0.66
640,2021-07-10,BAS,5538,2676,2862,1601,3924,13,ITF,ITF5,17,Basilicata,Basilicata,559084,556558,99.55,0.99
641,2021-05-14,BAS,5908,2799,3109,3273,2531,104,ITF,ITF5,17,Basilicata,Basilicata,559084,562466,100.6,1.06
642,2021-03-18,BAS,1356,566,790,17,1330,9,ITF,ITF5,17,Basilicata,Basilicata,559084,563822,100.85,0.24
643,2021-06-26,BAS,3336,1614,1722,2751,557,28,ITF,ITF5,17,Basilicata,Basilicata,559084,567158,101.44,0.6
644,2021-05-05,BAS,4337,2050,2287,3378,890,69,ITF,ITF5,17,Basilicata,Basilicata,559084,571495,102.22,0.78
645,2021-03-09,BAS,1409,720,689,780,611,18,ITF,ITF5,17,Basilicata,Basilicata,559084,572904,102.47,0.25
646,2021-01-25,BAS,1040,436,604,73,966,1,ITF,ITF5,17,Basilicata,Basilicata,559084,573944,102.66,0.19
647,2021-01-11,BAS,185,67,118,185,0,0,ITF,ITF5,17,Basilicata,Basilicata,559084,574129,102.69,0.03
648,2021-07-08,BAS,5143,2433,2710,1860,3259,24,ITF,ITF5,17,Basilicata,Basilicata,559084,579272,103.61,0.92
649,2021-01-06,BAS,296,130,166,296,0,0,ITF,ITF5,17,Basilicata,Basilicata,559084,579568,103.66,0.05
650,2021-04-16,BAS,3325,1635,1690,2400,900,25,ITF,ITF5,17,Basilicata,Basilicata,559084,582893,104.26,0.59
651,2021-05-19,BAS,2872,1499,1373,1183,1676,13,ITF,ITF5,17,Basilicata,Basilicata,559084,585765,104.77,0.51
652,2021-02-25,BAS,1792,739,1053,1734,47,11,ITF,ITF5,17,Basilicata,Basilicata,559084,587557,105.09,0.32
653,2021-08-10,BAS,4377,2295,2082,1514,2795,68,ITF,ITF5,17,Basilicata,Basilicata,559084,591934,105.88,0.78
654,2021-02-06,BAS,926,380,546,146,780,0,ITF,ITF5,17,Basilicata,Basilicata,559084,592860,106.04,0.17
655,2021-04-30,BAS,5286,2376,2910,4066,1163,57,ITF,ITF5,17,Basilicata,Basilicata,559084,598146,106.99,0.95
656,2021-01-20,BAS,85,22,63,84,1,0,ITF,ITF5,17,Basilicata,Basilicata,559084,598231,107.0,0.02
657,2021-04-04,BAS,611,226,385,189,416,6,ITF,ITF5,17,Basilicata,Basilicata,559084,598842,107.11,0.11
658,2021-02-01,BAS,247,94,153,46,201,0,ITF,ITF5,17,Basilicata,Basilicata,559084,599089,107.16,0.04
659,2021-05-26,BAS,4489,2260,2229,1676,2784,29,ITF,ITF5,17,Basilicata,Basilicata,559084,603578,107.96,0.8
660,2021-07-22,BAS,5797,2889,2908,1786,3950,61,ITF,ITF5,17,Basilicata,Basilicata,559084,609375,109.0,1.04
661,2021-06-27,BAS,3007,1477,1530,2378,615,14,ITF,ITF5,17,Basilicata,Basilicata,559084,612382,109.53,0.54
662,2021-04-29,BAS,4858,2398,2460,4342,441,75,ITF,ITF5,17,Basilicata,Basilicata,559084,617240,110.4,0.87
663,2021-03-17,BAS,1467,614,853,24,1439,4,ITF,ITF5,17,Basilicata,Basilicata,559084,618707,110.66,0.26
664,2021-01-19,BAS,199,84,115,199,0,0,ITF,ITF5,17,Basilicata,Basilicata,559084,618906,110.7,0.04
665,2021-06-25,BAS,3317,1571,1746,2444,839,34,ITF,ITF5,17,Basilicata,Basilicata,559084,622223,111.29,0.59
666,2021-07-04,BAS,3112,1564,1548,2164,922,26,ITF,ITF5,17,Basilicata,Basilicata,559084,625335,111.85,0.56
667,2021-03-24,BAS,1904,725,1179,1481,398,25,ITF,ITF5,17,Basilicata,Basilicata,559084,627239,112.19,0.34
668,2021-07-02,BAS,3691,1840,1851,2486,1176,29,ITF,ITF5,17,Basilicata,Basilicata,559084,630930,112.85,0.66
669,2021-02-11,BAS,956,405,551,871,83,2,ITF,ITF5,17,Basilicata,Basilicata,559084,631886,113.02,0.17
670,2021-05-22,BAS,5490,2724,2766,1928,3551,11,ITF,ITF5,17,Basilicata,Basilicata,559084,637376,114.0,0.98
671,2021-03-26,BAS,1955,703,1252,1667,261,27,ITF,ITF5,17,Basilicata,Basilicata,559084,639331,114.35,0.35
672,2021-02-13,BAS,800,314,486,701,61,38,ITF,ITF5,17,Basilicata,Basilicata,559084,640131,114.5,0.14
673,2021-05-24,BAS,4834,2344,2490,1090,3731,13,ITF,ITF5,17,Basilicata,Basilicata,559084,644965,115.36,0.86
674,2021-07-29,BAS,4859,2526,2333,1909,2903,47,ITF,ITF5,17,Basilicata,Basilicata,559084,649824,116.23,0.87
675,2021-06-02,BAS,5961,2805,3156,4376,1544,41,ITF,ITF5,17,Basilicata,Basilicata,559084,655785,117.3,1.07
676,2021-04-18,BAS,3720,1843,1877,2327,1370,23,ITF,ITF5,17,Basilicata,Basilicata,559084,659505,117.96,0.67
677,2021-02-20,BAS,1167,535,632,1048,119,0,ITF,ITF5,17,Basilicata,Basilicata,559084,660672,118.17,0.21
678,2021-07-27,BAS,4714,2371,2343,1815,2854,45,ITF,ITF5,17,Basilicata,Basilicata,559084,665386,119.01,0.84
679,2021-05-31,BAS,4230,2010,2220,1713,2509,8,ITF,ITF5,17,Basilicata,Basilicata,559084,669616,119.77,0.76
680,2021-02-18,BAS,1072,401,671,853,216,3,ITF,ITF5,17,Basilicata,Basilicata,559084,670688,119.96,0.19
681,2021-02-22,ABR,2642,1173,1469,2587,30,25,ITF,ITF1,13,Abruzzo,Abruzzo,1304970,2642,0.2,0.2
682,2021-02-05,ABR,1534,521,1013,772,746,16,ITF,ITF1,13,Abruzzo,Abruzzo,1304970,4176,0.32,0.12
683,2021-05-16,ABR,9577,4135,5442,5647,3811,119,ITF,ITF1,13,Abruzzo,Abruzzo,1304970,13753,1.05,0.73
684,2021-06-04,ABR,15639,7393,8246,10758,4694,187,ITF,ITF1,13,Abruzzo,Abruzzo,1304970,29392,2.25,1.2
685,2021-05-18,ABR,12110,5660,6450,7561,4380,169,ITF,ITF1,13,Abruzzo,Abruzzo,1304970,41502,3.18,0.93
686,2021-02-24,ABR,3306,1442,1864,3112,177,17,ITF,ITF1,13,Abruzzo,Abruzzo,1304970,44808,3.43,0.25
687,2021-08-09,ABR,10695,5542,5153,3097,7405,193,ITF,ITF1,13,Abruzzo,Abruzzo,1304970,55503,4.25,0.82
688,2021-02-10,ABR,946,311,635,492,444,10,ITF,ITF1,13,Abruzzo,Abruzzo,1304970,56449,4.33,0.07
689,2021-03-03,ABR,4642,1899,2743,3713,906,23,ITF,ITF1,13,Abruzzo,Abruzzo,1304970,61091,4.68,0.36
690,2021-07-14,ABR,13722,6797,6925,2437,11134,151,ITF,ITF1,13,Abruzzo,Abruzzo,1304970,74813,5.73,1.05
691,2021-04-08,ABR,7392,3334,4058,4934,2331,127,ITF,ITF1,13,Abruzzo,Abruzzo,1304970,82205,6.3,0.57
692,2021-04-22,ABR,6738,3252,3486,4830,1733,175,ITF,ITF1,13,Abruzzo,Abruzzo,1304970,88943,6.82,0.52
693,2021-07-31,ABR,11741,6340,5401,3482,8057,202,ITF,ITF1,13,Abruzzo,Abruzzo,1304970,100684,7.72,0.9
694,2021-03-22,ABR,4346,1910,2436,2309,1971,66,ITF,ITF1,13,Abruzzo,Abruzzo,1304970,105030,8.05,0.33
695,2021-06-30,ABR,11170,5430,5740,4496,6508,166,ITF,ITF1,13,Abruzzo,Abruzzo,1304970,116200,8.9,0.86
696,2020-12-27,ABR,46,24,22,46,0,0,ITF,ITF1,13,Abruzzo,Abruzzo,1304970,116246,8.91,0.0
697,2021-03-20,ABR,4794,2200,2594,2561,2171,62,ITF,ITF1,13,Abruzzo,Abruzzo,1304970,121040,9.28,0.37
698,2021-06-13,ABR,9844,4925,4919,7846,1833,165,ITF,ITF1,13,Abruzzo,Abruzzo,1304970,130884,10.03,0.75
699,2021-01-10,ABR,1270,538,732,1266,0,4,ITF,ITF1,13,Abruzzo,Abruzzo,1304970,132154,10.13,0.1
700,2021-04-29,ABR,12683,5854,6829,9280,3097,306,ITF,ITF1,13,Abruzzo,Abruzzo,1304970,144837,11.1,0.97
701,2021-08-07,ABR,6508,3629,2879,1839,4574,95,ITF,ITF1,13,Abruzzo,Abruzzo,1304970,151345,11.6,0.5
702,2021-06-25,ABR,11060,5479,5581,4905,6012,143,ITF,ITF1,13,Abruzzo,Abruzzo,1304970,162405,12.45,0.85
703,2021-01-15,ABR,385,155,230,371,0,14,ITF,ITF1,13,Abruzzo,Abruzzo,1304970,162790,12.47,0.03
704,2021-05-30,ABR,8660,4110,4550,5326,3255,79,ITF,ITF1,13,Abruzzo,Abruzzo,1304970,171450,13.14,0.66
705,2021-04-03,ABR,5163,2258,2905,3485,1598,80,ITF,ITF1,13,Abruzzo,Abruzzo,1304970,176613,13.53,0.4
706,2021-07-26,ABR,14246,7450,6796,3859,10189,198,ITF,ITF1,13,Abruzzo,Abruzzo,1304970,190859,14.63,1.09
707,2021-07-12,ABR,15074,7455,7619,2360,12599,115,ITF,ITF1,13,Abruzzo,Abruzzo,1304970,205933,15.78,1.16
708,2021-01-22,ABR,118,57,61,118,0,0,ITF,ITF1,13,Abruzzo,Abruzzo,1304970,206051,15.79,0.01
709,2021-01-03,ABR,500,212,288,498,0,2,ITF,ITF1,13,Abruzzo,Abruzzo,1304970,206551,15.83,0.04
710,2021-05-04,ABR,10854,5094,5760,7049,3619,186,ITF,ITF1,13,Abruzzo,Abruzzo,1304970,217405,16.66,0.83
711,2021-03-08,ABR,5155,1693,3462,4089,974,92,ITF,ITF1,13,Abruzzo,Abruzzo,1304970,222560,17.05,0.4
712,2021-01-24,ABR,50,22,28,6,44,0,ITF,ITF1,13,Abruzzo,Abruzzo,1304970,222610,17.06,0.0
713,2021-03-01,ABR,3476,1384,2092,2701,751,24,ITF,ITF1,13,Abruzzo,Abruzzo,1304970,226086,17.32,0.27
714,2021-01-19,ABR,111,55,56,90,20,1,ITF,ITF1,13,Abruzzo,Abruzzo,1304970,226197,17.33,0.01
715,2021-02-17,ABR,2071,948,1123,1780,282,9,ITF,ITF1,13,Abruzzo,Abruzzo,1304970,228268,17.49,0.16
716,2021-06-11,ABR,11776,5851,5925,8829,2761,186,ITF,ITF1,13,Abruzzo,Abruzzo,1304970,240044,18.39,0.9
717,2021-05-11,ABR,10761,5119,5642,5732,4853,176,ITF,ITF1,13,Abruzzo,Abruzzo,1304970,250805,19.22,0.82
718,2021-01-29,ABR,1387,449,938,72,1314,1,ITF,ITF1,13,Abruzzo,Abruzzo,1304970,252192,19.33,0.11
719,2021-08-02,ABR,13854,7154,6700,3548,10048,258,ITF,ITF1,13,Abruzzo,Abruzzo,1304970,266046,20.39,1.06
720,2021-05-27,ABR,13321,6105,7216,8317,4829,175,ITF,ITF1,13,Abruzzo,Abruzzo,1304970,279367,21.41,1.02
721,2021-07-21,ABR,11079,5718,5361,2427,8518,134,ITF,ITF1,13,Abruzzo,Abruzzo,1304970,290446,22.26,0.85
722,2021-02-03,ABR,2062,717,1345,411,1643,8,ITF,ITF1,13,Abruzzo,Abruzzo,1304970,292508,22.41,0.16
723,2021-02-28,ABR,1703,509,1194,1665,2,36,ITF,ITF1,13,Abruzzo,Abruzzo,1304970,294211,22.55,0.13
724,2021-08-04,ABR,10881,5628,5253,4305,6335,241,ITF,ITF1,13,Abruzzo,Abruzzo,1304970,305092,23.38,0.83
725,2021-01-02,ABR,559,226,333,558,0,1,ITF,ITF1,13,Abruzzo,Abruzzo,1304970,305651,23.42,0.04
726,2021-06-08,ABR,12869,6623,6246,10434,2196,239,ITF,ITF1,13,Abruzzo,Abruzzo,1304970,318520,24.41,0.99
727,2021-04-26,ABR,8563,4066,4497,7142,1213,208,ITF,ITF1,13,Abruzzo,Abruzzo,1304970,327083,25.06,0.66
728,2021-02-12,ABR,1228,567,661,1026,189,13,ITF,ITF1,13,Abruzzo,Abruzzo,1304970,328311,25.16,0.09
729,2021-07-19,ABR,11775,5982,5793,2664,8941,170,ITF,ITF1,13,Abruzzo,Abruzzo,1304970,340086,26.06,0.9
730,2021-05-23,ABR,9881,4694,5187,7068,2692,121,ITF,ITF1,13,Abruzzo,Abruzzo,1304970,349967,26.82,0.76
731,2021-06-06,ABR,11150,5309,5841,8777,2241,132,ITF,ITF1,13,Abruzzo,Abruzzo,1304970,361117,27.67,0.85
732,2021-04-10,ABR,8781,4058,4723,6129,2510,142,ITF,ITF1,13,Abruzzo,Abruzzo,1304970,369898,28.35,0.67
733,2021-04-27,ABR,9084,4367,4717,6505,2466,113,ITF,ITF1,13,Abruzzo,Abruzzo,1304970,378982,29.04,0.7
734,2021-07-02,ABR,11833,5945,5888,4833,6816,184,ITF,ITF1,13,Abruzzo,Abruzzo,1304970,390815,29.95,0.91
735,2021-03-15,ABR,3681,1445,2236,1841,1808,32,ITF,ITF1,13,Abruzzo,Abruzzo,1304970,394496,30.23,0.28
736,2021-01-17,ABR,191,62,129,183,7,1,ITF,ITF1,13,Abruzzo,Abruzzo,1304970,394687,30.24,0.01
737,2021-06-23,ABR,11013,5282,5731,5581,5287,145,ITF,ITF1,13,Abruzzo,Abruzzo,1304970,405700,31.09,0.84
738,2021-03-27,ABR,6127,2623,3504,3563,2492,72,ITF,ITF1,13,Abruzzo,Abruzzo,1304970,411827,31.56,0.47
739,2021-01-05,ABR,1733,721,1012,1728,0,5,ITF,ITF1,13,Abruzzo,Abruzzo,1304970,413560,31.69,0.13
740,2021-04-15,ABR,7830,3686,4144,5828,1843,159,ITF,ITF1,13,Abruzzo,Abruzzo,1304970,421390,32.29,0.6
741,2021-07-07,ABR,12066,5907,6159,4035,7792,239,ITF,ITF1,13,Abruzzo,Abruzzo,1304970,433456,33.22,0.92
742,2021-07-09,ABR,13613,6795,6818,2897,10579,137,ITF,ITF1,13,Abruzzo,Abruzzo,1304970,447069,34.26,1.04
743,2021-08-14,ABR,95,52,43,72,21,2,ITF,ITF1,13,Abruzzo,Abruzzo,1304970,447164,34.27,0.01
744,2021-06-18,ABR,10186,5002,5184,6550,3489,147,ITF,ITF1,13,Abruzzo,Abruzzo,1304970,457350,35.05,0.78
745,2021-02-02,ABR,1763,668,1095,218,1541,4,ITF,ITF1,13,Abruzzo,Abruzzo,1304970,459113,35.18,0.14
746,2021-05-13,ABR,11149,5042,6107,6959,3961,229,ITF,ITF1,13,Abruzzo,Abruzzo,1304970,470262,36.04,0.85
747,2021-03-31,ABR,6723,2946,3777,4558,2069,96,ITF,ITF1,13,Abruzzo,Abruzzo,1304970,476985,36.55,0.52
748,2021-02-07,ABR,778,307,471,200,577,1,ITF,ITF1,13,Abruzzo,Abruzzo,1304970,477763,36.61,0.06
749,2021-07-23,ABR,12573,6464,6109,2853,9562,158,ITF,ITF1,13,Abruzzo,Abruzzo,1304970,490336,37.57,0.96
750,2021-01-21,ABR,157,47,110,157,0,0,ITF,ITF1,13,Abruzzo,Abruzzo,1304970,490493,37.59,0.01
751,2021-05-01,ABR,10744,5047,5697,5630,4980,134,ITF,ITF1,13,Abruzzo,Abruzzo,1304970,501237,38.41,0.82
752,2021-05-20,ABR,12803,5925,6878,7412,5265,126,ITF,ITF1,13,Abruzzo,Abruzzo,1304970,514040,39.39,0.98
753,2021-08-11,ABR,8270,4412,3858,2613,5499,158,ITF,ITF1,13,Abruzzo,Abruzzo,1304970,522310,40.02,0.63
754,2021-04-05,ABR,2692,1147,1545,1730,880,82,ITF,ITF1,13,Abruzzo,Abruzzo,1304970,525002,40.23,0.21
755,2021-03-19,ABR,5797,2585,3212,2732,3023,42,ITF,ITF1,13,Abruzzo,Abruzzo,1304970,530799,40.68,0.44
756,2021-03-05,ABR,5347,1957,3390,4590,697,60,ITF,ITF1,13,Abruzzo,Abruzzo,1304970,536146,41.08,0.41
757,2021-06-27,ABR,8369,4301,4068,5020,3209,140,ITF,ITF1,13,Abruzzo,Abruzzo,1304970,544515,41.73,0.64
758,2021-04-07,ABR,7530,3477,4053,4514,2886,130,ITF,ITF1,13,Abruzzo,Abruzzo,1304970,552045,42.3,0.58
759,2021-07-16,ABR,16154,8243,7911,2475,13562,117,ITF,ITF1,13,Abruzzo,Abruzzo,1304970,568199,43.54,1.24
760,2021-04-17,ABR,7358,3403,3955,4212,3052,94,ITF,ITF1,13,Abruzzo,Abruzzo,1304970,575557,44.1,0.56
761,2021-02-19,ABR,3301,1552,1749,3162,100,39,ITF,ITF1,13,Abruzzo,Abruzzo,1304970,578858,44.36,0.25
762,2021-01-07,ABR,1710,657,1053,1703,0,7,ITF,ITF1,13,Abruzzo,Abruzzo,1304970,580568,44.49,0.13
763,2021-06-01,ABR,11000,4878,6122,6511,4368,121,ITF,ITF1,13,Abruzzo,Abruzzo,1304970,591568,45.33,0.84
764,2021-04-19,ABR,6234,2862,3372,3787,2374,73,ITF,ITF1,13,Abruzzo,Abruzzo,1304970,597802,45.81,0.48
765,2021-02-21,ABR,1218,550,668,1193,1,24,ITF,ITF1,13,Abruzzo,Abruzzo,1304970,599020,45.9,0.09
766,2021-07-28,ABR,13252,6939,6313,3431,9655,166,ITF,ITF1,13,Abruzzo,Abruzzo,1304970,612272,46.92,1.02
767,2021-06-15,ABR,11329,5562,5767,8682,2438,209,ITF,ITF1,13,Abruzzo,Abruzzo,1304970,623601,47.79,0.87
768,2021-06-22,ABR,10412,4878,5534,5386,4847,179,ITF,ITF1,13,Abruzzo,Abruzzo,1304970,634013,48.58,0.8
769,2021-06-19,ABR,10557,5201,5356,6485,3899,173,ITF,ITF1,13,Abruzzo,Abruzzo,1304970,644570,49.39,0.81
770,2021-03-28,ABR,2425,1018,1407,1994,381,50,ITF,ITF1,13,Abruzzo,Abruzzo,1304970,646995,49.58,0.19
771,2021-07-06,ABR,10467,5200,5267,4306,5986,175,ITF,ITF1,13,Abruzzo,Abruzzo,1304970,657462,50.38,0.8
772,2021-05-15,ABR,11431,5181,6250,5945,5310,176,ITF,ITF1,13,Abruzzo,Abruzzo,1304970,668893,51.26,0.88
773,2021-07-11,ABR,9885,4974,4911,2365,7385,135,ITF,ITF1,13,Abruzzo,Abruzzo,1304970,678778,52.01,0.76
774,2021-03-10,ABR,5050,1685,3365,4025,957,68,ITF,ITF1,13,Abruzzo,Abruzzo,1304970,683828,52.4,0.39
775,2021-05-08,ABR,10292,4870,5422,6329,3834,129,ITF,ITF1,13,Abruzzo,Abruzzo,1304970,694120,53.19,0.79
776,2021-04-24,ABR,8730,3975,4755,6941,1532,257,ITF,ITF1,13,Abruzzo,Abruzzo,1304970,702850,53.86,0.67
777,2021-01-14,ABR,568,227,341,566,0,2,ITF,ITF1,13,Abruzzo,Abruzzo,1304970,703418,53.9,0.04
778,2021-01-12,ABR,1899,761,1138,1885,0,14,ITF,ITF1,13,Abruzzo,Abruzzo,1304970,705317,54.05,0.15
779,2021-05-25,ABR,11421,5325,6096,8084,3139,198,ITF,ITF1,13,Abruzzo,Abruzzo,1304970,716738,54.92,0.88
780,2021-01-31,ABR,1522,494,1028,287,1234,1,ITF,ITF1,13,Abruzzo,Abruzzo,1304970,718260,55.04,0.12
781,2021-05-10,ABR,10109,4785,5324,5365,4649,95,ITF,ITF1,13,Abruzzo,Abruzzo,1304970,728369,55.81,0.77
782,2021-04-23,ABR,7395,3395,4000,4925,2305,165,ITF,ITF1,13,Abruzzo,Abruzzo,1304970,735764,56.38,0.57
783,2021-01-30,ABR,1512,568,944,65,1446,1,ITF,ITF1,13,Abruzzo,Abruzzo,1304970,737276,56.5,0.12
784,2021-08-01,ABR,7569,4056,3513,2004,5463,102,ITF,ITF1,13,Abruzzo,Abruzzo,1304970,744845,57.08,0.58
785,2021-04-12,ABR,6240,2958,3282,4985,1174,81,ITF,ITF1,13,Abruzzo,Abruzzo,1304970,751085,57.56,0.48
786,2021-01-16,ABR,937,430,507,929,0,8,ITF,ITF1,13,Abruzzo,Abruzzo,1304970,752022,57.63,0.07
787,2021-07-30,ABR,12080,6433,5647,3792,8065,223,ITF,ITF1,13,Abruzzo,Abruzzo,1304970,764102,58.55,0.93
788,2021-02-26,ABR,3924,1679,2245,2929,969,26,ITF,ITF1,13,Abruzzo,Abruzzo,1304970,768026,58.85,0.3
789,2021-04-14,ABR,6598,2952,3646,4342,2123,133,ITF,ITF1,13,Abruzzo,Abruzzo,1304970,774624,59.36,0.51
790,2021-01-04,ABR,1511,684,827,1505,0,6,ITF,ITF1,13,Abruzzo,Abruzzo,1304970,776135,59.48,0.12
791,2021-01-23,ABR,264,115,149,51,207,6,ITF,ITF1,13,Abruzzo,Abruzzo,1304970,776399,59.5,0.02
792,2021-05-03,ABR,11150,5259,5891,7131,3835,184,ITF,ITF1,13,Abruzzo,Abruzzo,1304970,787549,60.35,0.85
793,2021-07-25,ABR,9862,5218,4644,2173,7566,123,ITF,ITF1,13,Abruzzo,Abruzzo,1304970,797411,61.11,0.76
794,2021-07-08,ABR,13489,6680,6809,3417,9907,165,ITF,ITF1,13,Abruzzo,Abruzzo,1304970,810900,62.14,1.03
795,2021-04-16,ABR,7541,3489,4052,5497,1916,128,ITF,ITF1,13,Abruzzo,Abruzzo,1304970,818441,62.72,0.58
796,2021-03-29,ABR,5710,2599,3111,3020,2640,50,ITF,ITF1,13,Abruzzo,Abruzzo,1304970,824151,63.15,0.44
797,2021-06-03,ABR,13196,6284,6912,9246,3776,174,ITF,ITF1,13,Abruzzo,Abruzzo,1304970,837347,64.17,1.01
798,2021-03-12,ABR,6043,1994,4049,4349,1611,83,ITF,ITF1,13,Abruzzo,Abruzzo,1304970,843390,64.63,0.46
799,2021-06-20,ABR,8441,4236,4205,5408,2930,103,ITF,ITF1,13,Abruzzo,Abruzzo,1304970,851831,65.28,0.65
800,2021-03-14,ABR,1885,732,1153,1200,668,17,ITF,ITF1,13,Abruzzo,Abruzzo,1304970,853716,65.42,0.14
801,2021-02-25,ABR,3054,1343,1711,2505,530,19,ITF,ITF1,13,Abruzzo,Abruzzo,1304970,856770,65.65,0.23
802,2021-06-05,ABR,14619,6865,7754,10371,4048,200,ITF,ITF1,13,Abruzzo,Abruzzo,1304970,871389,66.77,1.12
803,2021-01-26,ABR,1549,568,981,34,1515,0,ITF,ITF1,13,Abruzzo,Abruzzo,1304970,872938,66.89,0.12
804,2021-05-06,ABR,13002,6087,6915,7800,5045,157,ITF,ITF1,13,Abruzzo,Abruzzo,1304970,885940,67.89,1.0
805,2021-04-09,ABR,8992,4260,4732,6245,2604,143,ITF,ITF1,13,Abruzzo,Abruzzo,1304970,894932,68.58,0.69
806,2021-07-18,ABR,12204,6309,5895,2004,10081,119,ITF,ITF1,13,Abruzzo,Abruzzo,1304970,907136,69.51,0.94
807,2021-02-16,ABR,1916,841,1075,1891,12,13,ITF,ITF1,13,Abruzzo,Abruzzo,1304970,909052,69.66,0.15
808,2021-03-02,ABR,3967,1676,2291,3261,686,20,ITF,ITF1,13,Abruzzo,Abruzzo,1304970,913019,69.96,0.3
809,2021-06-10,ABR,12707,6318,6389,10308,2162,237,ITF,ITF1,13,Abruzzo,Abruzzo,1304970,925726,70.94,0.97
810,2021-01-28,ABR,1432,495,937,11,1421,0,ITF,ITF1,13,Abruzzo,Abruzzo,1304970,927158,71.05,0.11
811,2021-01-11,ABR,1686,690,996,1682,0,4,ITF,ITF1,13,Abruzzo,Abruzzo,1304970,928844,71.18,0.13
812,2021-06-29,ABR,11428,5640,5788,5245,5996,187,ITF,ITF1,13,Abruzzo,Abruzzo,1304970,940272,72.05,0.88
813,2021-03-21,ABR,2133,913,1220,839,1290,4,ITF,ITF1,13,Abruzzo,Abruzzo,1304970,942405,72.22,0.16
814,2021-03-07,ABR,2520,630,1890,2479,0,41,ITF,ITF1,13,Abruzzo,Abruzzo,1304970,944925,72.41,0.19
815,2021-01-09,ABR,1609,691,918,1597,0,12,ITF,ITF1,13,Abruzzo,Abruzzo,1304970,946534,72.53,0.12
816,2021-01-18,ABR,151,70,81,53,98,0,ITF,ITF1,13,Abruzzo,Abruzzo,1304970,946685,72.54,0.01
817,2021-06-24,ABR,10863,5410,5453,5722,4972,169,ITF,ITF1,13,Abruzzo,Abruzzo,1304970,957548,73.38,0.83
818,2021-04-28,ABR,9513,4589,4924,7315,2022,176,ITF,ITF1,13,Abruzzo,Abruzzo,1304970,967061,74.11,0.73
819,2021-05-12,ABR,9629,4601,5028,5873,3582,174,ITF,ITF1,13,Abruzzo,Abruzzo,1304970,976690,74.84,0.74
820,2021-03-16,ABR,3484,1452,2032,1802,1654,28,ITF,ITF1,13,Abruzzo,Abruzzo,1304970,980174,75.11,0.27
821,2021-08-06,ABR,10667,5702,4965,3685,6742,240,ITF,ITF1,13,Abruzzo,Abruzzo,1304970,990841,75.93,0.82
822,2021-03-11,ABR,5491,2216,3275,4267,1138,86,ITF,ITF1,13,Abruzzo,Abruzzo,1304970,996332,76.35,0.42
823,2021-06-02,ABR,9768,4747,5021,6837,2814,117,ITF,ITF1,13,Abruzzo,Abruzzo,1304970,1006100,77.1,0.75
824,2021-03-13,ABR,4124,1420,2704,3012,1043,69,ITF,ITF1,13,Abruzzo,Abruzzo,1304970,1010224,77.41,0.32
825,2021-06-21,ABR,11054,5387,5667,4939,5987,128,ITF,ITF1,13,Abruzzo,Abruzzo,1304970,1021278,78.26,0.85
826,2021-08-08,ABR,4450,2428,2022,1887,2473,90,ITF,ITF1,13,Abruzzo,Abruzzo,1304970,1025728,78.6,0.34
827,2021-05-17,ABR,11036,5040,5996,6022,4854,160,ITF,ITF1,13,Abruzzo,Abruzzo,1304970,1036764,79.45,0.85
828,2021-02-23,ABR,2780,1273,1507,2754,11,15,ITF,ITF1,13,Abruzzo,Abruzzo,1304970,1039544,79.66,0.21
829,2021-04-02,ABR,6695,3104,3591,5115,1488,92,ITF,ITF1,13,Abruzzo,Abruzzo,1304970,1046239,80.17,0.51
830,2021-02-04,ABR,1684,617,1067,600,1072,12,ITF,ITF1,13,Abruzzo,Abruzzo,1304970,1047923,80.3,0.13
831,2021-07-20,ABR,12587,6387,6200,3227,9175,185,ITF,ITF1,13,Abruzzo,Abruzzo,1304970,1060510,81.27,0.96
832,2021-04-21,ABR,6393,3103,3290,4640,1672,81,ITF,ITF1,13,Abruzzo,Abruzzo,1304970,1066903,81.76,0.49
833,2021-07-15,ABR,15940,8086,7854,3130,12634,176,ITF,ITF1,13,Abruzzo,Abruzzo,1304970,1082843,82.98,1.22
834,2021-06-28,ABR,10054,4838,5216,5312,4573,169,ITF,ITF1,13,Abruzzo,Abruzzo,1304970,1092897,83.75,0.77
835,2021-04-06,ABR,7677,3577,4100,5230,2319,128,ITF,ITF1,13,Abruzzo,Abruzzo,1304970,1100574,84.34,0.59
836,2021-08-03,ABR,12723,6576,6147,3651,8906,166,ITF,ITF1,13,Abruzzo,Abruzzo,1304970,1113297,85.31,0.97
837,2021-06-12,ABR,11420,5916,5504,9890,1350,180,ITF,ITF1,13,Abruzzo,Abruzzo,1304970,1124717,86.19,0.88
838,2021-01-13,ABR,1302,483,819,1294,0,8,ITF,ITF1,13,Abruzzo,Abruzzo,1304970,1126019,86.29,0.1
839,2021-05-07,ABR,12204,5711,6493,7664,4414,126,ITF,ITF1,13,Abruzzo,Abruzzo,1304970,1138223,87.22,0.94
840,2021-03-25,ABR,5798,2665,3133,3067,2619,112,ITF,ITF1,13,Abruzzo,Abruzzo,1304970,1144021,87.67,0.44
841,2021-01-27,ABR,1365,515,850,37,1328,0,ITF,ITF1,13,Abruzzo,Abruzzo,1304970,1145386,87.77,0.1
842,2021-07-03,ABR,10190,5145,5045,3500,6542,148,ITF,ITF1,13,Abruzzo,Abruzzo,1304970,1155576,88.55,0.78
843,2021-05-05,ABR,11639,5572,6067,6273,5207,159,ITF,ITF1,13,Abruzzo,Abruzzo,1304970,1167215,89.44,0.89
844,2021-03-09,ABR,5178,1805,3373,4151,938,89,ITF,ITF1,13,Abruzzo,Abruzzo,1304970,1172393,89.84,0.4
845,2021-08-13,ABR,7127,3835,3292,2022,5000,105,ITF,ITF1,13,Abruzzo,Abruzzo,1304970,1179520,90.39,0.55
846,2021-07-01,ABR,12760,6283,6477,5770,6766,224,ITF,ITF1,13,Abruzzo,Abruzzo,1304970,1192280,91.36,0.98
847,2021-06-17,ABR,10916,5459,5457,7302,3453,161,ITF,ITF1,13,Abruzzo,Abruzzo,1304970,1203196,92.2,0.84
848,2021-03-30,ABR,5128,2261,2867,3146,1822,160,ITF,ITF1,13,Abruzzo,Abruzzo,1304970,1208324,92.59,0.39
849,2021-01-06,ABR,1989,819,1170,1979,0,10,ITF,ITF1,13,Abruzzo,Abruzzo,1304970,1210313,92.75,0.15
850,2021-02-06,ABR,1611,743,868,595,1009,7,ITF,ITF1,13,Abruzzo,Abruzzo,1304970,1211924,92.87,0.12
851,2021-02-08,ABR,1196,395,801,486,710,0,ITF,ITF1,13,Abruzzo,Abruzzo,1304970,1213120,92.96,0.09
852,2021-05-19,ABR,10729,5125,5604,7570,3035,124,ITF,ITF1,13,Abruzzo,Abruzzo,1304970,1223849,93.78,0.82
853,2021-04-04,ABR,1632,768,864,1460,129,43,ITF,ITF1,13,Abruzzo,Abruzzo,1304970,1225481,93.91,0.13
854,2021-07-13,ABR,15523,7750,7773,2826,12520,177,ITF,ITF1,13,Abruzzo,Abruzzo,1304970,1241004,95.1,1.19
855,2021-08-12,ABR,8766,4626,4140,3180,5407,179,ITF,ITF1,13,Abruzzo,Abruzzo,1304970,1249770,95.77,0.67
856,2021-06-16,ABR,10893,5451,5442,7991,2686,216,ITF,ITF1,13,Abruzzo,Abruzzo,1304970,1260663,96.6,0.83
857,2021-02-27,ABR,2813,1339,1474,2512,267,34,ITF,ITF1,13,Abruzzo,Abruzzo,1304970,1263476,96.82,0.22
858,2021-05-09,ABR,9156,4090,5066,4174,4871,111,ITF,ITF1,13,Abruzzo,Abruzzo,1304970,1272632,97.52,0.7
859,2021-02-15,ABR,1795,832,963,1736,42,17,ITF,ITF1,13,Abruzzo,Abruzzo,1304970,1274427,97.66,0.14
860,2021-05-26,ABR,13546,6041,7505,8393,4993,160,ITF,ITF1,13,Abruzzo,Abruzzo,1304970,1287973,98.7,1.04
861,2021-06-14,ABR,10976,5430,5546,7425,3378,173,ITF,ITF1,13,Abruzzo,Abruzzo,1304970,1298949,99.54,0.84
862,2021-02-13,ABR,865,392,473,437,424,4,ITF,ITF1,13,Abruzzo,Abruzzo,1304970,1299814,99.6,0.07
863,2021-07-17,ABR,14097,7387,6710,2662,11259,176,ITF,ITF1,13,Abruzzo,Abruzzo,1304970,1313911,100.69,1.08
864,2021-03-04,ABR,5935,2360,3575,4972,922,41,ITF,ITF1,13,Abruzzo,Abruzzo,1304970,1319846,101.14,0.45
865,2021-05-28,ABR,14023,6310,7713,7492,6363,168,ITF,ITF1,13,Abruzzo,Abruzzo,1304970,1333869,102.21,1.07
866,2021-05-21,ABR,13024,6331,6693,7870,4979,175,ITF,ITF1,13,Abruzzo,Abruzzo,1304970,1346893,103.21,1.0
867,2021-03-18,ABR,3899,1652,2247,2039,1834,26,ITF,ITF1,13,Abruzzo,Abruzzo,1304970,1350792,103.51,0.3
868,2021-06-26,ABR,10051,5019,5032,5690,4199,162,ITF,ITF1,13,Abruzzo,Abruzzo,1304970,1360843,104.28,0.77
869,2021-07-10,ABR,13120,6632,6488,3011,9944,165,ITF,ITF1,13,Abruzzo,Abruzzo,1304970,1373963,105.29,1.01
870,2021-05-14,ABR,10596,5071,5525,5284,5151,161,ITF,ITF1,13,Abruzzo,Abruzzo,1304970,1384559,106.1,0.81
871,2021-02-01,ABR,1633,574,1059,269,1363,1,ITF,ITF1,13,Abruzzo,Abruzzo,1304970,1386192,106.22,0.13
872,2021-03-23,ABR,4837,2192,2645,2213,2567,57,ITF,ITF1,13,Abruzzo,Abruzzo,1304970,1391029,106.59,0.37
873,2021-01-25,ABR,1605,633,972,14,1589,2,ITF,ITF1,13,Abruzzo,Abruzzo,1304970,1392634,106.72,0.12
874,2021-04-30,ABR,12512,5869,6643,6516,5725,271,ITF,ITF1,13,Abruzzo,Abruzzo,1304970,1405146,107.68,0.96
875,2021-04-13,ABR,5895,2755,3140,4562,1238,95,ITF,ITF1,13,Abruzzo,Abruzzo,1304970,1411041,108.13,0.45
876,2021-01-20,ABR,449,157,292,427,2,20,ITF,ITF1,13,Abruzzo,Abruzzo,1304970,1411490,108.16,0.03
877,2021-07-05,ABR,10905,5346,5559,4045,6670,190,ITF,ITF1,13,Abruzzo,Abruzzo,1304970,1422395,109.0,0.84
878,2021-07-22,ABR,14485,7413,7072,3516,10760,209,ITF,ITF1,13,Abruzzo,Abruzzo,1304970,1436880,110.11,1.11
879,2021-07-24,ABR,12583,6799,5784,3762,8587,234,ITF,ITF1,13,Abruzzo,Abruzzo,1304970,1449463,111.07,0.96
880,2021-05-02,ABR,10464,5115,5349,5090,5232,142,ITF,ITF1,13,Abruzzo,Abruzzo,1304970,1459927,111.87,0.8
881,2021-08-10,ABR,9265,4963,4302,3395,5659,211,ITF,ITF1,13,Abruzzo,Abruzzo,1304970,1469192,112.58,0.71
882,2021-06-07,ABR,11100,5290,5810,9071,1844,185,ITF,ITF1,13,Abruzzo,Abruzzo,1304970,1480292,113.43,0.85
883,2021-04-11,ABR,5381,2630,2751,4837,487,57,ITF,ITF1,13,Abruzzo,Abruzzo,1304970,1485673,113.85,0.41
884,2021-06-09,ABR,11572,6092,5480,9707,1684,181,ITF,ITF1,13,Abruzzo,Abruzzo,1304970,1497245,114.73,0.89
885,2021-03-06,ABR,4180,1361,2819,3569,570,41,ITF,ITF1,13,Abruzzo,Abruzzo,1304970,1501425,115.05,0.32
886,2021-04-01,ABR,5595,2508,3087,3431,2088,76,ITF,ITF1,13,Abruzzo,Abruzzo,1304970,1507020,115.48,0.43
887,2021-03-17,ABR,4540,1873,2667,2777,1740,23,ITF,ITF1,13,Abruzzo,Abruzzo,1304970,1511560,115.83,0.35
888,2021-03-24,ABR,6387,2785,3602,3994,2252,141,ITF,ITF1,13,Abruzzo,Abruzzo,1304970,1517947,116.32,0.49
889,2021-02-09,ABR,914,316,598,504,409,1,ITF,ITF1,13,Abruzzo,Abruzzo,1304970,1518861,116.39,0.07
890,2021-07-04,ABR,8371,4215,4156,3334,4912,125,ITF,ITF1,13,Abruzzo,Abruzzo,1304970,1527232,117.03,0.64
891,2021-02-11,ABR,816,262,554,771,43,2,ITF,ITF1,13,Abruzzo,Abruzzo,1304970,1528048,117.09,0.06
892,2021-05-24,ABR,12220,5838,6382,8724,3340,156,ITF,ITF1,13,Abruzzo,Abruzzo,1304970,1540268,118.03,0.94
893,2021-02-18,ABR,2291,933,1358,2141,133,17,ITF,ITF1,13,Abruzzo,Abruzzo,1304970,1542559,118.21,0.18
894,2021-05-29,ABR,10319,4431,5888,4458,5772,89,ITF,ITF1,13,Abruzzo,Abruzzo,1304970,1552878,119.0,0.79
895,2021-05-22,ABR,13161,6392,6769,8131,4917,113,ITF,ITF1,13,Abruzzo,Abruzzo,1304970,1566039,120.01,1.01
896,2021-03-26,ABR,5358,2313,3045,3178,2078,102,ITF,ITF1,13,Abruzzo,Abruzzo,1304970,1571397,120.42,0.41
897,2021-07-27,ABR,15141,7906,7235,3343,11623,175,ITF,ITF1,13,Abruzzo,Abruzzo,1304970,1586538,121.58,1.16
898,2021-05-31,ABR,11339,5114,6225,6768,4444,127,ITF,ITF1,13,Abruzzo,Abruzzo,1304970,1597877,122.45,0.87
899,2021-04-20,ABR,5637,2714,2923,4105,1456,76,ITF,ITF1,13,Abruzzo,Abruzzo,1304970,1603514,122.88,0.43
900,2021-07-29,ABR,15180,7973,7207,3928,11043,209,ITF,ITF1,13,Abruzzo,Abruzzo,1304970,1618694,124.04,1.16
901,2021-04-25,ABR,9071,4626,4445,8054,809,208,ITF,ITF1,13,Abruzzo,Abruzzo,1304970,1627765,124.74,0.7
902,2021-08-05,ABR,13896,7159,6737,4716,8911,269,ITF,ITF1,13,Abruzzo,Abruzzo,1304970,1641661,125.8,1.06
903,2021-01-08,ABR,1660,638,1022,1651,0,9,ITF,ITF1,13,Abruzzo,Abruzzo,1304970,1643321,125.93,0.13
904,2021-04-18,ABR,5815,2728,3087,4725,943,147,ITF,ITF1,13,Abruzzo,Abruzzo,1304970,1649136,126.37,0.45
905,2021-02-20,ABR,4781,1845,2936,4662,76,43,ITF,ITF1,13,Abruzzo,Abruzzo,1304970,1653917,126.74,0.37
906,2021-06-02,UMB,3918,1884,2034,3802,42,74,ITI,ITI2,10,Umbria,Umbria,882015,3918,0.44,0.44
907,2021-02-20,UMB,283,101,182,259,24,0,ITI,ITI2,10,Umbria,Umbria,882015,4201,0.48,0.03
908,2021-03-09,UMB,4089,2001,2088,2792,1288,9,ITI,ITI2,10,Umbria,Umbria,882015,8290,0.94,0.46
909,2021-04-23,UMB,6654,2820,3834,3300,3157,197,ITI,ITI2,10,Umbria,Umbria,882015,14944,1.69,0.75
910,2021-02-25,UMB,1333,495,838,1273,52,8,ITI,ITI2,10,Umbria,Umbria,882015,16277,1.85,0.15
911,2021-03-11,UMB,3584,1723,1861,2565,1006,13,ITI,ITI2,10,Umbria,Umbria,882015,19861,2.25,0.41
912,2021-01-13,UMB,449,139,310,449,0,0,ITI,ITI2,10,Umbria,Umbria,882015,20310,2.3,0.05
913,2021-06-19,UMB,4569,2199,2370,2461,2031,77,ITI,ITI2,10,Umbria,Umbria,882015,24879,2.82,0.52
914,2021-01-06,UMB,847,326,521,847,0,0,ITI,ITI2,10,Umbria,Umbria,882015,25726,2.92,0.1
915,2021-06-12,UMB,7715,3686,4029,5960,1579,176,ITI,ITI2,10,Umbria,Umbria,882015,33441,3.79,0.87
916,2021-04-16,UMB,8098,3742,4356,6081,1838,179,ITI,ITI2,10,Umbria,Umbria,882015,41539,4.71,0.92
917,2021-04-30,UMB,6255,2971,3284,2735,3399,121,ITI,ITI2,10,Umbria,Umbria,882015,47794,5.42,0.71
918,2021-03-04,UMB,4485,1855,2630,3644,827,14,ITI,ITI2,10,Umbria,Umbria,882015,52279,5.93,0.51
919,2021-08-08,UMB,5058,2708,2350,3554,1412,92,ITI,ITI2,10,Umbria,Umbria,882015,57337,6.5,0.57
920,2021-07-29,UMB,8190,4219,3971,2147,5925,118,ITI,ITI2,10,Umbria,Umbria,882015,65527,7.43,0.93
921,2021-05-07,UMB,10120,4712,5408,6649,3190,281,ITI,ITI2,10,Umbria,Umbria,882015,75647,8.58,1.15
922,2021-02-13,UMB,114,27,87,111,3,0,ITI,ITI2,10,Umbria,Umbria,882015,75761,8.59,0.01
923,2021-05-24,UMB,9065,4514,4551,8020,880,165,ITI,ITI2,10,Umbria,Umbria,882015,84826,9.62,1.03
924,2021-04-18,UMB,1531,681,850,578,930,23,ITI,ITI2,10,Umbria,Umbria,882015,86357,9.79,0.17
925,2021-01-11,UMB,1304,341,963,1304,0,0,ITI,ITI2,10,Umbria,Umbria,882015,87661,9.94,0.15
926,2021-07-27,UMB,8133,4085,4048,2691,5326,116,ITI,ITI2,10,Umbria,Umbria,882015,95794,10.86,0.92
927,2021-05-05,UMB,7222,3305,3917,3832,3306,84,ITI,ITI2,10,Umbria,Umbria,882015,103016,11.68,0.82
928,2021-01-25,UMB,648,323,325,5,643,0,ITI,ITI2,10,Umbria,Umbria,882015,103664,11.75,0.07
929,2021-04-06,UMB,5291,2167,3124,2864,2390,37,ITI,ITI2,10,Umbria,Umbria,882015,108955,12.35,0.6
930,2021-03-28,UMB,1095,441,654,1040,24,31,ITI,ITI2,10,Umbria,Umbria,882015,110050,12.48,0.12
931,2021-01-30,UMB,1575,486,1089,43,1532,0,ITI,ITI2,10,Umbria,Umbria,882015,111625,12.66,0.18
932,2021-07-15,UMB,10564,5176,5388,561,9905,98,ITI,ITI2,10,Umbria,Umbria,882015,122189,13.85,1.2
933,2021-08-10,UMB,7375,3925,3450,3990,3242,143,ITI,ITI2,10,Umbria,Umbria,882015,129564,14.69,0.84
934,2021-06-14,UMB,5377,2744,2633,3252,2010,115,ITI,ITI2,10,Umbria,Umbria,882015,134941,15.3,0.61
935,2021-07-03,UMB,6471,3245,3226,2825,3495,151,ITI,ITI2,10,Umbria,Umbria,882015,141412,16.03,0.73
936,2021-07-20,UMB,8262,4106,4156,1096,7082,84,ITI,ITI2,10,Umbria,Umbria,882015,149674,16.97,0.94
937,2021-07-22,UMB,10043,4899,5144,1649,8288,106,ITI,ITI2,10,Umbria,Umbria,882015,159717,18.11,1.14
938,2021-03-23,UMB,3825,1713,2112,2158,1630,37,ITI,ITI2,10,Umbria,Umbria,882015,163542,18.54,0.43
939,2021-07-01,UMB,9683,4793,4890,3297,6283,103,ITI,ITI2,10,Umbria,Umbria,882015,173225,19.64,1.1
940,2021-02-08,UMB,635,203,432,88,547,0,ITI,ITI2,10,Umbria,Umbria,882015,173860,19.71,0.07
941,2021-05-19,UMB,9420,4218,5202,5591,3744,85,ITI,ITI2,10,Umbria,Umbria,882015,183280,20.78,1.07
942,2021-02-06,UMB,404,139,265,34,370,0,ITI,ITI2,10,Umbria,Umbria,882015,183684,20.83,0.05
943,2021-05-31,UMB,5817,2845,2972,4848,885,84,ITI,ITI2,10,Umbria,Umbria,882015,189501,21.49,0.66
944,2021-05-14,UMB,5331,2512,2819,3351,1819,161,ITI,ITI2,10,Umbria,Umbria,882015,194832,22.09,0.6
945,2021-02-01,UMB,1284,341,943,48,1236,0,ITI,ITI2,10,Umbria,Umbria,882015,196116,22.23,0.15
946,2021-02-18,UMB,1496,582,914,1029,466,1,ITI,ITI2,10,Umbria,Umbria,882015,197612,22.4,0.17
947,2021-03-18,UMB,2981,1176,1805,1711,1263,7,ITI,ITI2,10,Umbria,Umbria,882015,200593,22.74,0.34
948,2021-06-26,UMB,9324,4736,4588,5573,3633,118,ITI,ITI2,10,Umbria,Umbria,882015,209917,23.8,1.06
949,2021-07-10,UMB,7686,3809,3877,66,7606,14,ITI,ITI2,10,Umbria,Umbria,882015,217603,24.67,0.87
950,2021-04-04,UMB,57,20,37,22,35,0,ITI,ITI2,10,Umbria,Umbria,882015,217660,24.68,0.01
951,2021-06-07,UMB,6944,3426,3518,6073,695,176,ITI,ITI2,10,Umbria,Umbria,882015,224604,25.46,0.79
952,2021-03-16,UMB,3538,1454,2084,1909,1627,2,ITI,ITI2,10,Umbria,Umbria,882015,228142,25.87,0.4
953,2021-02-27,UMB,1658,354,1304,1642,16,0,ITI,ITI2,10,Umbria,Umbria,882015,229800,26.05,0.19
954,2021-04-03,UMB,2099,712,1387,1034,1054,11,ITI,ITI2,10,Umbria,Umbria,882015,231899,26.29,0.24
955,2021-07-12,UMB,4621,2235,2386,105,4504,12,ITI,ITI2,10,Umbria,Umbria,882015,236520,26.82,0.52
956,2021-01-20,UMB,602,221,381,602,0,0,ITI,ITI2,10,Umbria,Umbria,882015,237122,26.88,0.07
957,2021-08-12,UMB,7314,3879,3435,4555,2541,218,ITI,ITI2,10,Umbria,Umbria,882015,244436,27.71,0.83
958,2021-06-30,UMB,10482,5298,5184,3673,6715,94,ITI,ITI2,10,Umbria,Umbria,882015,254918,28.9,1.19
959,2021-04-25,UMB,4358,1685,2673,3866,83,409,ITI,ITI2,10,Umbria,Umbria,882015,259276,29.4,0.49
960,2021-08-03,UMB,9184,4753,4431,3502,5507,175,ITI,ITI2,10,Umbria,Umbria,882015,268460,30.44,1.04
961,2021-06-21,UMB,7504,3934,3570,5069,2338,97,ITI,ITI2,10,Umbria,Umbria,882015,275964,31.29,0.85
962,2021-07-08,UMB,9569,4630,4939,178,9344,47,ITI,ITI2,10,Umbria,Umbria,882015,285533,32.37,1.08
963,2021-05-12,UMB,6498,3027,3471,4202,2147,149,ITI,ITI2,10,Umbria,Umbria,882015,292031,33.11,0.74
964,2021-03-30,UMB,3978,1732,2246,2400,1542,36,ITI,ITI2,10,Umbria,Umbria,882015,296009,33.56,0.45
965,2020-12-27,UMB,86,45,41,86,0,0,ITI,ITI2,10,Umbria,Umbria,882015,296095,33.57,0.01
966,2021-01-01,UMB,273,104,169,273,0,0,ITI,ITI2,10,Umbria,Umbria,882015,296368,33.6,0.03
967,2021-04-11,UMB,3099,1505,1594,3033,49,17,ITI,ITI2,10,Umbria,Umbria,882015,299467,33.95,0.35
968,2021-01-18,UMB,615,219,396,529,86,0,ITI,ITI2,10,Umbria,Umbria,882015,300082,34.02,0.07
969,2021-05-26,UMB,9653,4567,5086,8208,1251,194,ITI,ITI2,10,Umbria,Umbria,882015,309735,35.12,1.09
970,2021-07-26,UMB,9076,4795,4281,3879,5075,122,ITI,ITI2,10,Umbria,Umbria,882015,318811,36.15,1.03
971,2021-08-07,UMB,7223,3798,3425,2539,4612,72,ITI,ITI2,10,Umbria,Umbria,882015,326034,36.96,0.82
972,2021-05-16,UMB,5219,2493,2726,5086,50,83,ITI,ITI2,10,Umbria,Umbria,882015,331253,37.56,0.59
973,2021-08-05,UMB,9669,5066,4603,3829,5678,162,ITI,ITI2,10,Umbria,Umbria,882015,340922,38.65,1.1
974,2021-07-19,UMB,7620,3803,3817,1492,6028,100,ITI,ITI2,10,Umbria,Umbria,882015,348542,39.52,0.86
975,2021-04-27,UMB,5666,2401,3265,3054,2579,33,ITI,ITI2,10,Umbria,Umbria,882015,354208,40.16,0.64
976,2021-02-03,UMB,724,174,550,67,657,0,ITI,ITI2,10,Umbria,Umbria,882015,354932,40.24,0.08
977,2021-04-20,UMB,5450,2364,3086,3429,1947,74,ITI,ITI2,10,Umbria,Umbria,882015,360382,40.86,0.62
978,2021-01-27,UMB,841,330,511,13,828,0,ITI,ITI2,10,Umbria,Umbria,882015,361223,40.95,0.1
979,2021-01-10,UMB,1065,274,791,1065,0,0,ITI,ITI2,10,Umbria,Umbria,882015,362288,41.08,0.12
980,2021-05-21,UMB,8976,3670,5306,4063,4829,84,ITI,ITI2,10,Umbria,Umbria,882015,371264,42.09,1.02
981,2021-05-04,UMB,5539,2545,2994,2352,3125,62,ITI,ITI2,10,Umbria,Umbria,882015,376803,42.72,0.63
982,2021-04-01,UMB,4373,1837,2536,2326,2010,37,ITI,ITI2,10,Umbria,Umbria,882015,381176,43.22,0.5
983,2021-03-01,UMB,1505,775,730,1385,114,6,ITI,ITI2,10,Umbria,Umbria,882015,382681,43.39,0.17
984,2021-06-09,UMB,8152,3948,4204,7130,724,298,ITI,ITI2,10,Umbria,Umbria,882015,390833,44.31,0.92
985,2021-01-08,UMB,1187,344,843,1187,0,0,ITI,ITI2,10,Umbria,Umbria,882015,392020,44.45,0.13
986,2021-05-23,UMB,5069,1855,3214,636,4417,16,ITI,ITI2,10,Umbria,Umbria,882015,397089,45.02,0.57
987,2021-03-06,UMB,4304,1146,3158,4132,138,34,ITI,ITI2,10,Umbria,Umbria,882015,401393,45.51,0.49
988,2021-01-22,UMB,276,105,171,32,244,0,ITI,ITI2,10,Umbria,Umbria,882015,401669,45.54,0.03
989,2021-06-28,UMB,9763,4815,4948,3716,5978,69,ITI,ITI2,10,Umbria,Umbria,882015,411432,46.65,1.11
990,2021-05-02,UMB,3781,1867,1914,1298,2454,29,ITI,ITI2,10,Umbria,Umbria,882015,415213,47.08,0.43
991,2021-03-20,UMB,2319,845,1474,2289,25,5,ITI,ITI2,10,Umbria,Umbria,882015,417532,47.34,0.26
992,2021-07-07,UMB,9491,4499,4992,89,9372,30,ITI,ITI2,10,Umbria,Umbria,882015,427023,48.41,1.08
993,2021-05-11,UMB,6254,2840,3414,3920,2193,141,ITI,ITI2,10,Umbria,Umbria,882015,433277,49.12,0.71
994,2021-05-30,UMB,5982,2999,2983,5662,202,118,ITI,ITI2,10,Umbria,Umbria,882015,439259,49.8,0.68
995,2021-03-08,UMB,3698,1824,1874,2324,1361,13,ITI,ITI2,10,Umbria,Umbria,882015,442957,50.22,0.42
996,2021-06-16,UMB,6318,3092,3226,3072,3096,150,ITI,ITI2,10,Umbria,Umbria,882015,449275,50.94,0.72
997,2021-03-25,UMB,3931,1724,2207,2821,1064,46,ITI,ITI2,10,Umbria,Umbria,882015,453206,51.38,0.45
998,2021-03-27,UMB,4251,1513,2738,3855,340,56,ITI,ITI2,10,Umbria,Umbria,882015,457457,51.86,0.48
999,2021-02-05,UMB,780,234,546,18,762,0,ITI,ITI2,10,Umbria,Umbria,882015,458237,51.95,0.09
1000,2021-05-28,UMB,9592,4439,5153,7108,2299,185,ITI,ITI2,10,Umbria,Umbria,882015,467829,53.04,1.09
1001,2021-04-15,UMB,7657,3502,4155,5698,1887,72,ITI,ITI2,10,Umbria,Umbria,882015,475486,53.91,0.87
1002,2021-02-17,UMB,1618,748,870,1266,351,1,ITI,ITI2,10,Umbria,Umbria,882015,477104,54.09,0.18
1003,2021-07-24,UMB,8695,4368,4327,1346,7281,68,ITI,ITI2,10,Umbria,Umbria,882015,485799,55.08,0.99
1004,2021-04-13,UMB,7680,3400,4280,5922,1669,89,ITI,ITI2,10,Umbria,Umbria,882015,493479,55.95,0.87
1005,2021-02-15,UMB,1367,692,675,1364,1,2,ITI,ITI2,10,Umbria,Umbria,882015,494846,56.1,0.15
1006,2021-01-03,UMB,270,112,158,270,0,0,ITI,ITI2,10,Umbria,Umbria,882015,495116,56.13,0.03
1007,2021-08-14,UMB,4654,2589,2065,2287,2257,110,ITI,ITI2,10,Umbria,Umbria,882015,499770,56.66,0.53
1008,2021-03-17,UMB,3330,1313,2017,1855,1473,2,ITI,ITI2,10,Umbria,Umbria,882015,503100,57.04,0.38
1009,2021-01-07,UMB,1301,388,913,1301,0,0,ITI,ITI2,10,Umbria,Umbria,882015,504401,57.19,0.15
1010,2021-06-23,UMB,11215,5732,5483,7670,3406,139,ITI,ITI2,10,Umbria,Umbria,882015,515616,58.46,1.27
1011,2021-03-15,UMB,4597,1941,2656,2827,1767,3,ITI,ITI2,10,Umbria,Umbria,882015,520213,58.98,0.52
1012,2021-02-10,UMB,715,350,365,700,15,0,ITI,ITI2,10,Umbria,Umbria,882015,520928,59.06,0.08
1013,2021-01-24,UMB,258,106,152,1,257,0,ITI,ITI2,10,Umbria,Umbria,882015,521186,59.09,0.03
1014,2021-03-29,UMB,3632,1602,2030,2151,1422,59,ITI,ITI2,10,Umbria,Umbria,882015,524818,59.5,0.41
1015,2021-01-31,UMB,1058,276,782,25,1033,0,ITI,ITI2,10,Umbria,Umbria,882015,525876,59.62,0.12
1016,2021-05-25,UMB,8816,4301,4515,7582,1063,171,ITI,ITI2,10,Umbria,Umbria,882015,534692,60.62,1.0
1017,2021-03-13,UMB,1735,524,1211,1486,249,0,ITI,ITI2,10,Umbria,Umbria,882015,536427,60.82,0.2
1018,2021-01-15,UMB,695,213,482,695,0,0,ITI,ITI2,10,Umbria,Umbria,882015,537122,60.9,0.08
1019,2021-01-29,UMB,1232,350,882,79,1153,0,ITI,ITI2,10,Umbria,Umbria,882015,538354,61.04,0.14
1020,2021-05-09,UMB,5756,2754,3002,5245,391,120,ITI,ITI2,10,Umbria,Umbria,882015,544110,61.69,0.65
1021,2021-07-09,UMB,9559,4629,4930,129,9406,24,ITI,ITI2,10,Umbria,Umbria,882015,553669,62.77,1.08
1022,2021-07-23,UMB,10643,5444,5199,1325,9213,105,ITI,ITI2,10,Umbria,Umbria,882015,564312,63.98,1.21
1023,2021-07-21,UMB,9842,4911,4931,1225,8530,87,ITI,ITI2,10,Umbria,Umbria,882015,574154,65.1,1.12
1024,2021-07-04,UMB,3406,1740,1666,2343,968,95,ITI,ITI2,10,Umbria,Umbria,882015,577560,65.48,0.39
1025,2021-04-12,UMB,7084,3081,4003,5310,1717,57,ITI,ITI2,10,Umbria,Umbria,882015,584644,66.29,0.8
1026,2021-01-19,UMB,102,23,79,102,0,0,ITI,ITI2,10,Umbria,Umbria,882015,584746,66.3,0.01
1027,2021-04-29,UMB,5215,2250,2965,2806,2320,89,ITI,ITI2,10,Umbria,Umbria,882015,589961,66.89,0.59
1028,2021-03-24,UMB,4104,1792,2312,2744,1323,37,ITI,ITI2,10,Umbria,Umbria,882015,594065,67.35,0.47
1029,2021-07-02,UMB,8740,4325,4415,2962,5602,176,ITI,ITI2,10,Umbria,Umbria,882015,602805,68.34,0.99
1030,2021-04-10,UMB,7395,3479,3916,7178,84,133,ITI,ITI2,10,Umbria,Umbria,882015,610200,69.18,0.84
1031,2021-01-17,UMB,54,17,37,54,0,0,ITI,ITI2,10,Umbria,Umbria,882015,610254,69.19,0.01
1032,2020-12-31,UMB,322,127,195,322,0,0,ITI,ITI2,10,Umbria,Umbria,882015,610576,69.23,0.04
1033,2021-06-18,UMB,4774,2355,2419,1569,3158,47,ITI,ITI2,10,Umbria,Umbria,882015,615350,69.77,0.54
1034,2021-07-05,UMB,8414,4080,4334,154,8246,14,ITI,ITI2,10,Umbria,Umbria,882015,623764,70.72,0.95
1035,2021-05-13,UMB,5941,2670,3271,3727,2085,129,ITI,ITI2,10,Umbria,Umbria,882015,629705,71.39,0.67
1036,2021-02-19,UMB,743,293,450,525,217,1,ITI,ITI2,10,Umbria,Umbria,882015,630448,71.48,0.08
1037,2021-07-31,UMB,4326,2259,2067,1475,2804,47,ITI,ITI2,10,Umbria,Umbria,882015,634774,71.97,0.49
1038,2021-04-22,UMB,5455,2250,3205,2702,2671,82,ITI,ITI2,10,Umbria,Umbria,882015,640229,72.59,0.62
1039,2021-04-17,UMB,6692,3074,3618,5184,1341,167,ITI,ITI2,10,Umbria,Umbria,882015,646921,73.35,0.76
1040,2021-06-25,UMB,10183,5291,4892,5255,4776,152,ITI,ITI2,10,Umbria,Umbria,882015,657104,74.5,1.15
1041,2021-01-26,UMB,816,390,426,17,799,0,ITI,ITI2,10,Umbria,Umbria,882015,657920,74.59,0.09
1042,2021-02-12,UMB,672,224,448,666,6,0,ITI,ITI2,10,Umbria,Umbria,882015,658592,74.67,0.08
1043,2021-02-26,UMB,660,253,407,650,8,2,ITI,ITI2,10,Umbria,Umbria,882015,659252,74.74,0.07
1044,2021-05-06,UMB,9458,4318,5140,6019,3314,125,ITI,ITI2,10,Umbria,Umbria,882015,668710,75.82,1.07
1045,2021-06-08,UMB,7379,3642,3737,6626,548,205,ITI,ITI2,10,Umbria,Umbria,882015,676089,76.65,0.84
1046,2021-05-18,UMB,7754,3359,4395,3829,3841,84,ITI,ITI2,10,Umbria,Umbria,882015,683843,77.53,0.88
1047,2021-03-22,UMB,3561,1656,1905,2305,1246,10,ITI,ITI2,10,Umbria,Umbria,882015,687404,77.94,0.4
1048,2021-04-05,UMB,4249,1729,2520,2182,2055,12,ITI,ITI2,10,Umbria,Umbria,882015,691653,78.42,0.48
1049,2021-02-07,UMB,54,17,37,1,53,0,ITI,ITI2,10,Umbria,Umbria,882015,691707,78.42,0.01
1050,2021-07-14,UMB,6197,3008,3189,1629,4262,306,ITI,ITI2,10,Umbria,Umbria,882015,697904,79.13,0.7
1051,2021-07-16,UMB,9621,4895,4726,664,8877,80,ITI,ITI2,10,Umbria,Umbria,882015,707525,80.22,1.09
1052,2021-05-20,UMB,9858,4602,5256,6092,3658,108,ITI,ITI2,10,Umbria,Umbria,882015,717383,81.33,1.12
1053,2021-06-15,UMB,5980,3014,2966,3793,2069,118,ITI,ITI2,10,Umbria,Umbria,882015,723363,82.01,0.68
1054,2021-06-17,UMB,6968,3542,3426,4747,2079,142,ITI,ITI2,10,Umbria,Umbria,882015,730331,82.8,0.79
1055,2021-03-26,UMB,4594,1716,2878,4344,172,78,ITI,ITI2,10,Umbria,Umbria,882015,734925,83.32,0.52
1056,2021-08-04,UMB,10620,5522,5098,3292,7161,167,ITI,ITI2,10,Umbria,Umbria,882015,745545,84.53,1.2
1057,2021-01-05,UMB,855,430,425,855,0,0,ITI,ITI2,10,Umbria,Umbria,882015,746400,84.62,0.1
1058,2021-08-02,UMB,5526,2893,2633,256,5248,22,ITI,ITI2,10,Umbria,Umbria,882015,751926,85.25,0.63
1059,2021-06-10,UMB,7553,3762,3791,6460,784,309,ITI,ITI2,10,Umbria,Umbria,882015,759479,86.11,0.86
1060,2021-08-13,UMB,6948,3860,3088,4233,2520,195,ITI,ITI2,10,Umbria,Umbria,882015,766427,86.9,0.79
1061,2021-06-27,UMB,7459,3732,3727,1727,5670,62,ITI,ITI2,10,Umbria,Umbria,882015,773886,87.74,0.85
1062,2021-07-28,UMB,8234,4331,3903,2969,5152,113,ITI,ITI2,10,Umbria,Umbria,882015,782120,88.67,0.93
1063,2021-08-01,UMB,3018,1529,1489,1322,1650,46,ITI,ITI2,10,Umbria,Umbria,882015,785138,89.02,0.34
1064,2021-07-18,UMB,7853,4063,3790,273,7553,27,ITI,ITI2,10,Umbria,Umbria,882015,792991,89.91,0.89
1065,2021-06-05,UMB,8225,3775,4450,5412,2655,158,ITI,ITI2,10,Umbria,Umbria,882015,801216,90.84,0.93
1066,2021-03-31,UMB,3896,1727,2169,2179,1685,32,ITI,ITI2,10,Umbria,Umbria,882015,805112,91.28,0.44
1067,2021-02-16,UMB,1308,655,653,1299,9,0,ITI,ITI2,10,Umbria,Umbria,882015,806420,91.43,0.15
1068,2021-05-27,UMB,9973,4865,5108,8472,1319,182,ITI,ITI2,10,Umbria,Umbria,882015,816393,92.56,1.13
1069,2021-01-04,UMB,809,398,411,809,0,0,ITI,ITI2,10,Umbria,Umbria,882015,817202,92.65,0.09
1070,2021-04-14,UMB,8154,3681,4473,6098,1979,77,ITI,ITI2,10,Umbria,Umbria,882015,825356,93.58,0.92
1071,2021-01-02,UMB,304,111,193,304,0,0,ITI,ITI2,10,Umbria,Umbria,882015,825660,93.61,0.03
1072,2021-03-07,UMB,845,180,665,837,7,1,ITI,ITI2,10,Umbria,Umbria,882015,826505,93.71,0.1
1073,2021-05-29,UMB,7858,3612,4246,6177,1567,114,ITI,ITI2,10,Umbria,Umbria,882015,834363,94.6,0.89
1074,2021-06-01,UMB,4383,2089,2294,4156,156,71,ITI,ITI2,10,Umbria,Umbria,882015,838746,95.09,0.5
1075,2021-03-10,UMB,4031,1943,2088,2759,1257,15,ITI,ITI2,10,Umbria,Umbria,882015,842777,95.55,0.46
1076,2021-01-16,UMB,217,71,146,216,0,1,ITI,ITI2,10,Umbria,Umbria,882015,842994,95.58,0.02
1077,2021-02-02,UMB,943,272,671,32,911,0,ITI,ITI2,10,Umbria,Umbria,882015,843937,95.68,0.11
1078,2021-06-20,UMB,6219,3007,3212,1574,4604,41,ITI,ITI2,10,Umbria,Umbria,882015,850156,96.39,0.71
1079,2021-04-24,UMB,4562,1961,2601,3274,1183,105,ITI,ITI2,10,Umbria,Umbria,882015,854718,96.91,0.52
1080,2021-01-12,UMB,835,247,588,835,0,0,ITI,ITI2,10,Umbria,Umbria,882015,855553,97.0,0.09
1081,2021-03-14,UMB,66,48,18,66,0,0,ITI,ITI2,10,Umbria,Umbria,882015,855619,97.01,0.01
1082,2021-06-22,UMB,8039,4081,3958,5149,2796,94,ITI,ITI2,10,Umbria,Umbria,882015,863658,97.92,0.91
1083,2021-03-12,UMB,2695,1082,1613,2191,496,8,ITI,ITI2,10,Umbria,Umbria,882015,866353,98.22,0.31
1084,2021-07-13,UMB,4231,2006,2225,79,4144,8,ITI,ITI2,10,Umbria,Umbria,882015,870584,98.7,0.48
1085,2021-04-21,UMB,5326,2319,3007,3058,2230,38,ITI,ITI2,10,Umbria,Umbria,882015,875910,99.31,0.6
1086,2021-07-30,UMB,6201,3232,2969,3180,2903,118,ITI,ITI2,10,Umbria,Umbria,882015,882111,100.01,0.7
1087,2021-03-02,UMB,3642,1346,2296,3635,4,3,ITI,ITI2,10,Umbria,Umbria,882015,885753,100.42,0.41
1088,2021-06-24,UMB,10155,5118,5037,6018,4008,129,ITI,ITI2,10,Umbria,Umbria,882015,895908,101.58,1.15
1089,2021-02-11,UMB,839,348,491,834,5,0,ITI,ITI2,10,Umbria,Umbria,882015,896747,101.67,0.1
1090,2021-05-22,UMB,6973,2755,4218,2601,4326,46,ITI,ITI2,10,Umbria,Umbria,882015,903720,102.46,0.79
1091,2021-07-11,UMB,5875,2967,2908,89,5785,1,ITI,ITI2,10,Umbria,Umbria,882015,909595,103.13,0.67
1092,2021-04-02,UMB,4343,1778,2565,3543,755,45,ITI,ITI2,10,Umbria,Umbria,882015,913938,103.62,0.49
1093,2021-06-03,UMB,9043,4470,4573,8582,289,172,ITI,ITI2,10,Umbria,Umbria,882015,922981,104.64,1.03
1094,2021-04-07,UMB,5614,2302,3312,3523,2006,85,ITI,ITI2,10,Umbria,Umbria,882015,928595,105.28,0.64
1095,2021-02-23,UMB,1691,657,1034,1649,42,0,ITI,ITI2,10,Umbria,Umbria,882015,930286,105.47,0.19
1096,2021-04-26,UMB,5398,2341,3057,3103,2255,40,ITI,ITI2,10,Umbria,Umbria,882015,935684,106.08,0.61
1097,2021-04-09,UMB,6741,3126,3615,6407,215,119,ITI,ITI2,10,Umbria,Umbria,882015,942425,106.85,0.76
1098,2021-04-28,UMB,5390,2330,3060,2937,2396,57,ITI,ITI2,10,Umbria,Umbria,882015,947815,107.46,0.61
1099,2021-08-06,UMB,8154,4242,3912,3289,4778,87,ITI,ITI2,10,Umbria,Umbria,882015,955969,108.38,0.92
1100,2021-02-04,UMB,734,226,508,26,708,0,ITI,ITI2,10,Umbria,Umbria,882015,956703,108.47,0.08
1101,2021-05-15,UMB,4992,1883,3109,1765,3164,63,ITI,ITI2,10,Umbria,Umbria,882015,961695,109.03,0.57
1102,2021-02-21,UMB,1,0,1,1,0,0,ITI,ITI2,10,Umbria,Umbria,882015,961696,109.03,0.0
1103,2021-03-21,UMB,675,338,337,672,0,3,ITI,ITI2,10,Umbria,Umbria,882015,962371,109.11,0.08
1104,2021-06-29,UMB,9889,5035,4854,4110,5691,88,ITI,ITI2,10,Umbria,Umbria,882015,972260,110.23,1.12
1105,2021-05-17,UMB,6372,3063,3309,4108,2179,85,ITI,ITI2,10,Umbria,Umbria,882015,978632,110.95,0.72
1106,2021-01-14,UMB,723,192,531,723,0,0,ITI,ITI2,10,Umbria,Umbria,882015,979355,111.04,0.08
1107,2021-03-19,UMB,1743,565,1178,1082,656,5,ITI,ITI2,10,Umbria,Umbria,882015,981098,111.23,0.2
1108,2021-07-25,UMB,7305,3849,3456,1165,6095,45,ITI,ITI2,10,Umbria,Umbria,882015,988403,112.06,0.83
1109,2021-01-09,UMB,1717,495,1222,1717,0,0,ITI,ITI2,10,Umbria,Umbria,882015,990120,112.26,0.19
1110,2021-04-19,UMB,5036,2227,2809,2933,2048,55,ITI,ITI2,10,Umbria,Umbria,882015,995156,112.83,0.57
1111,2021-02-22,UMB,1889,807,1082,1803,86,0,ITI,ITI2,10,Umbria,Umbria,882015,997045,113.04,0.21
1112,2021-06-11,UMB,6996,3516,3480,5989,772,235,ITI,ITI2,10,Umbria,Umbria,882015,1004041,113.83,0.79
1113,2021-04-08,UMB,5878,2513,3365,4003,1803,72,ITI,ITI2,10,Umbria,Umbria,882015,1009919,114.5,0.67
1114,2021-07-17,UMB,7664,3855,3809,1284,6231,149,ITI,ITI2,10,Umbria,Umbria,882015,1017583,115.37,0.87
1115,2021-06-04,UMB,8918,4408,4510,7536,1202,180,ITI,ITI2,10,Umbria,Umbria,882015,1026501,116.38,1.01
1116,2021-06-13,UMB,6764,3557,3207,6390,230,144,ITI,ITI2,10,Umbria,Umbria,882015,1033265,117.15,0.77
1117,2021-05-01,UMB,5370,2638,2732,2096,3230,44,ITI,ITI2,10,Umbria,Umbria,882015,1038635,117.76,0.61
1118,2021-03-05,UMB,4619,1402,3217,3947,657,15,ITI,ITI2,10,Umbria,Umbria,882015,1043254,118.28,0.52
1119,2021-08-09,UMB,6682,3542,3140,3499,3025,158,ITI,ITI2,10,Umbria,Umbria,882015,1049936,119.04,0.76
1120,2021-03-03,UMB,4432,1772,2660,3718,711,3,ITI,ITI2,10,Umbria,Umbria,882015,1054368,119.54,0.5
1121,2021-08-11,UMB,7575,4066,3509,3695,3699,181,ITI,ITI2,10,Umbria,Umbria,882015,1061943,120.4,0.86
1122,2021-06-06,UMB,7610,3906,3704,6792,694,124,ITI,ITI2,10,Umbria,Umbria,882015,1069553,121.26,0.86
1123,2021-02-24,UMB,1519,563,956,1504,15,0,ITI,ITI2,10,Umbria,Umbria,882015,1071072,121.43,0.17
1124,2021-07-06,UMB,8593,4093,4500,150,8420,23,ITI,ITI2,10,Umbria,Umbria,882015,1079665,122.41,0.97
1125,2021-05-10,UMB,5997,2803,3194,3731,2151,115,ITI,ITI2,10,Umbria,Umbria,882015,1085662,123.09,0.68
1126,2021-05-08,UMB,8146,3744,4402,4797,3244,105,ITI,ITI2,10,Umbria,Umbria,882015,1093808,124.01,0.92
1127,2021-01-28,UMB,1248,394,854,18,1230,0,ITI,ITI2,10,Umbria,Umbria,882015,1095056,124.15,0.14
1128,2021-05-03,UMB,5087,2271,2816,2096,2887,104,ITI,ITI2,10,Umbria,Umbria,882015,1100143,124.73,0.58
1129,2021-01-23,UMB,280,100,180,2,278,0,ITI,ITI2,10,Umbria,Umbria,882015,1100423,124.76,0.03
1130,2021-01-21,UMB,608,202,406,338,269,1,ITI,ITI2,10,Umbria,Umbria,882015,1101031,124.83,0.07
1131,2021-02-18,LAZ,10025,4978,5047,9101,819,105,ITI,ITI4,12,Lazio,Lazio,5879082,10025,0.17,0.17
1132,2021-05-12,LAZ,47602,21610,25992,30287,16677,638,ITI,ITI4,12,Lazio,Lazio,5879082,57627,0.98,0.81
1133,2021-02-01,LAZ,5683,2184,3499,353,5329,1,ITI,ITI4,12,Lazio,Lazio,5879082,63310,1.08,0.1
1134,2021-07-15,LAZ,44947,22008,22939,6700,37831,416,ITI,ITI4,12,Lazio,Lazio,5879082,108257,1.84,0.76
1135,2021-01-13,LAZ,5805,2191,3614,5643,0,162,ITI,ITI4,12,Lazio,Lazio,5879082,114062,1.94,0.1
1136,2021-08-08,LAZ,49946,25824,24122,17781,31352,813,ITI,ITI4,12,Lazio,Lazio,5879082,164008,2.79,0.85
1137,2021-06-26,LAZ,56202,26488,29714,24703,30906,593,ITI,ITI4,12,Lazio,Lazio,5879082,220210,3.75,0.96
1138,2021-04-30,LAZ,41696,18476,23220,26680,14361,655,ITI,ITI4,12,Lazio,Lazio,5879082,261906,4.45,0.71
1139,2021-06-19,LAZ,66529,31389,35140,35276,30441,812,ITI,ITI4,12,Lazio,Lazio,5879082,328435,5.59,1.13
1140,2021-04-16,LAZ,34546,15754,18792,21966,12198,382,ITI,ITI4,12,Lazio,Lazio,5879082,362981,6.17,0.59
1141,2021-01-23,LAZ,7215,2870,4345,586,6629,0,ITI,ITI4,12,Lazio,Lazio,5879082,370196,6.3,0.12
1142,2021-01-06,LAZ,5196,1990,3206,5076,0,120,ITI,ITI4,12,Lazio,Lazio,5879082,375392,6.39,0.09
1143,2021-03-30,LAZ,27099,13176,13923,19540,7206,353,ITI,ITI4,12,Lazio,Lazio,5879082,402491,6.85,0.46
1144,2021-07-08,LAZ,64254,31542,32712,28172,35420,662,ITI,ITI4,12,Lazio,Lazio,5879082,466745,7.94,1.09
1145,2021-07-27,LAZ,56293,27315,28978,8037,47932,324,ITI,ITI4,12,Lazio,Lazio,5879082,523038,8.9,0.96
1146,2021-04-18,LAZ,23866,10608,13258,15895,7698,273,ITI,ITI4,12,Lazio,Lazio,5879082,546904,9.3,0.41
1147,2021-02-20,LAZ,9213,4274,4939,8367,775,71,ITI,ITI4,12,Lazio,Lazio,5879082,556117,9.46,0.16
1148,2021-05-31,LAZ,51780,23055,28725,30866,19890,1024,ITI,ITI4,12,Lazio,Lazio,5879082,607897,10.34,0.88
1149,2021-04-04,LAZ,17665,8199,9466,12262,5291,112,ITI,ITI4,12,Lazio,Lazio,5879082,625562,10.64,0.3
1150,2021-03-16,LAZ,13596,5765,7831,7048,6468,80,ITI,ITI4,12,Lazio,Lazio,5879082,639158,10.87,0.23
1151,2021-03-09,LAZ,22020,9945,12075,16443,5221,356,ITI,ITI4,12,Lazio,Lazio,5879082,661178,11.25,0.37
1152,2021-01-11,LAZ,5661,2147,3514,5515,0,146,ITI,ITI4,12,Lazio,Lazio,5879082,666839,11.34,0.1
1153,2021-05-26,LAZ,47637,21907,25730,34861,12129,647,ITI,ITI4,12,Lazio,Lazio,5879082,714476,12.15,0.81
1154,2021-03-04,LAZ,19457,8741,10716,14189,5033,235,ITI,ITI4,12,Lazio,Lazio,5879082,733933,12.48,0.33
1155,2021-06-12,LAZ,69916,32109,37807,39884,29401,631,ITI,ITI4,12,Lazio,Lazio,5879082,803849,13.67,1.19
1156,2021-06-14,LAZ,63064,29545,33519,32325,30182,557,ITI,ITI4,12,Lazio,Lazio,5879082,866913,14.75,1.07
1157,2021-03-21,LAZ,18289,7201,11088,13027,5071,191,ITI,ITI4,12,Lazio,Lazio,5879082,885202,15.06,0.31
1158,2020-12-30,LAZ,1655,639,1016,1644,0,11,ITI,ITI4,12,Lazio,Lazio,5879082,886857,15.08,0.03
1159,2021-07-22,LAZ,61105,30526,30579,28489,31101,1515,ITI,ITI4,12,Lazio,Lazio,5879082,947962,16.12,1.04
1160,2021-05-17,LAZ,44625,20433,24192,35616,8605,404,ITI,ITI4,12,Lazio,Lazio,5879082,992587,16.88,0.76
1161,2021-02-06,LAZ,6223,2538,3685,895,5324,4,ITI,ITI4,12,Lazio,Lazio,5879082,998810,16.99,0.11
1162,2021-04-23,LAZ,37965,18285,19680,22116,15395,454,ITI,ITI4,12,Lazio,Lazio,5879082,1036775,17.63,0.65
1163,2021-08-03,LAZ,30246,15279,14967,4002,26088,156,ITI,ITI4,12,Lazio,Lazio,5879082,1067021,18.15,0.51
1164,2021-01-30,LAZ,7020,2897,4123,813,6206,1,ITI,ITI4,12,Lazio,Lazio,5879082,1074041,18.27,0.12
1165,2021-07-19,LAZ,63119,31034,32085,28311,33691,1117,ITI,ITI4,12,Lazio,Lazio,5879082,1137160,19.34,1.07
1166,2021-01-15,LAZ,6708,2759,3949,6538,0,170,ITI,ITI4,12,Lazio,Lazio,5879082,1143868,19.46,0.11
1167,2021-04-25,LAZ,24580,11280,13300,16422,7874,284,ITI,ITI4,12,Lazio,Lazio,5879082,1168448,19.87,0.42
1168,2021-02-25,LAZ,12774,5594,7180,11407,1180,187,ITI,ITI4,12,Lazio,Lazio,5879082,1181222,20.09,0.22
1169,2021-06-05,LAZ,66326,32677,33649,42893,22768,665,ITI,ITI4,12,Lazio,Lazio,5879082,1247548,21.22,1.13
1170,2021-08-10,LAZ,49966,25805,24161,21030,28009,927,ITI,ITI4,12,Lazio,Lazio,5879082,1297514,22.07,0.85
1171,2021-05-19,LAZ,47290,21725,25565,36540,10147,603,ITI,ITI4,12,Lazio,Lazio,5879082,1344804,22.87,0.8
1172,2021-01-04,LAZ,7574,2940,4634,7470,0,104,ITI,ITI4,12,Lazio,Lazio,5879082,1352378,23.0,0.13
1173,2021-06-24,LAZ,63993,30523,33470,28613,34728,652,ITI,ITI4,12,Lazio,Lazio,5879082,1416371,24.09,1.09
1174,2021-06-07,LAZ,62618,29306,33312,32703,29324,591,ITI,ITI4,12,Lazio,Lazio,5879082,1478989,25.16,1.07
1175,2021-06-21,LAZ,61992,28800,33192,28492,32893,607,ITI,ITI4,12,Lazio,Lazio,5879082,1540981,26.21,1.05
1176,2021-05-07,LAZ,48302,22644,25658,30093,17802,407,ITI,ITI4,12,Lazio,Lazio,5879082,1589283,27.03,0.82
1177,2021-03-11,LAZ,25496,12025,13471,18865,6282,349,ITI,ITI4,12,Lazio,Lazio,5879082,1614779,27.47,0.43
1178,2021-07-03,LAZ,53211,25054,28157,4636,48431,144,ITI,ITI4,12,Lazio,Lazio,5879082,1667990,28.37,0.91
1179,2021-01-25,LAZ,8120,3251,4869,775,7345,0,ITI,ITI4,12,Lazio,Lazio,5879082,1676110,28.51,0.14
1180,2021-05-05,LAZ,46841,21495,25346,30421,15861,559,ITI,ITI4,12,Lazio,Lazio,5879082,1722951,29.31,0.8
1181,2021-03-02,LAZ,17232,7629,9603,13112,3955,165,ITI,ITI4,12,Lazio,Lazio,5879082,1740183,29.6,0.29
1182,2021-01-18,LAZ,6386,2603,3783,5279,981,126,ITI,ITI4,12,Lazio,Lazio,5879082,1746569,29.71,0.11
1183,2021-04-28,LAZ,33030,15071,17959,20980,11659,391,ITI,ITI4,12,Lazio,Lazio,5879082,1779599,30.27,0.56
1184,2021-03-28,LAZ,19191,7833,11358,13542,5313,336,ITI,ITI4,12,Lazio,Lazio,5879082,1798790,30.6,0.33
1185,2021-07-01,LAZ,48492,23190,25302,7189,41089,214,ITI,ITI4,12,Lazio,Lazio,5879082,1847282,31.42,0.82
1186,2021-04-09,LAZ,27716,12617,15099,19153,8273,290,ITI,ITI4,12,Lazio,Lazio,5879082,1874998,31.89,0.47
1187,2021-03-23,LAZ,25464,11955,13509,18477,6635,352,ITI,ITI4,12,Lazio,Lazio,5879082,1900462,32.33,0.43
1188,2021-02-15,LAZ,8038,3547,4491,7311,643,84,ITI,ITI4,12,Lazio,Lazio,5879082,1908500,32.46,0.14
1189,2021-01-29,LAZ,8073,3094,4979,817,7254,2,ITI,ITI4,12,Lazio,Lazio,5879082,1916573,32.6,0.14
1190,2021-02-11,LAZ,7000,3011,3989,6442,533,25,ITI,ITI4,12,Lazio,Lazio,5879082,1923573,32.72,0.12
1191,2021-04-11,LAZ,19234,8528,10706,13144,5926,164,ITI,ITI4,12,Lazio,Lazio,5879082,1942807,33.05,0.33
1192,2021-02-13,LAZ,6612,2627,3985,6146,420,46,ITI,ITI4,12,Lazio,Lazio,5879082,1949419,33.16,0.11
1193,2021-07-20,LAZ,63347,31609,31738,28439,33683,1225,ITI,ITI4,12,Lazio,Lazio,5879082,2012766,34.24,1.08
1194,2021-05-24,LAZ,44025,20196,23829,33570,9804,651,ITI,ITI4,12,Lazio,Lazio,5879082,2056791,34.98,0.75
1195,2021-01-03,LAZ,5337,2011,3326,5278,0,59,ITI,ITI4,12,Lazio,Lazio,5879082,2062128,35.08,0.09
1196,2021-04-13,LAZ,25825,11975,13850,17684,7746,395,ITI,ITI4,12,Lazio,Lazio,5879082,2087953,35.51,0.44
1197,2021-07-31,LAZ,55894,29383,26511,5492,50104,298,ITI,ITI4,12,Lazio,Lazio,5879082,2143847,36.47,0.95
1198,2021-04-06,LAZ,24640,11279,13361,17148,7173,319,ITI,ITI4,12,Lazio,Lazio,5879082,2168487,36.88,0.42
1199,2020-12-27,LAZ,274,132,142,274,0,0,ITI,ITI4,12,Lazio,Lazio,5879082,2168761,36.89,0.0
1200,2021-03-20,LAZ,19275,7673,11602,13090,5923,262,ITI,ITI4,12,Lazio,Lazio,5879082,2188036,37.22,0.33
1201,2021-04-01,LAZ,29781,14129,15652,22232,7171,378,ITI,ITI4,12,Lazio,Lazio,5879082,2217817,37.72,0.51
1202,2021-07-10,LAZ,71023,35638,35385,25027,45342,654,ITI,ITI4,12,Lazio,Lazio,5879082,2288840,38.93,1.21
1203,2021-07-24,LAZ,30685,15470,15215,3213,27333,139,ITI,ITI4,12,Lazio,Lazio,5879082,2319525,39.45,0.52
1204,2021-06-23,LAZ,62333,29362,32971,28440,33393,500,ITI,ITI4,12,Lazio,Lazio,5879082,2381858,40.51,1.06
1205,2021-03-13,LAZ,21848,8752,13096,15697,5915,236,ITI,ITI4,12,Lazio,Lazio,5879082,2403706,40.89,0.37
1206,2021-02-08,LAZ,9748,4159,5589,4507,5239,2,ITI,ITI4,12,Lazio,Lazio,5879082,2413454,41.05,0.17
1207,2021-05-02,LAZ,32921,14455,18466,23001,9457,463,ITI,ITI4,12,Lazio,Lazio,5879082,2446375,41.61,0.56
1208,2021-03-27,LAZ,26542,10798,15744,19482,6516,544,ITI,ITI4,12,Lazio,Lazio,5879082,2472917,42.06,0.45
1209,2021-07-05,LAZ,61677,29692,31985,25604,35012,1061,ITI,ITI4,12,Lazio,Lazio,5879082,2534594,43.11,1.05
1210,2021-05-23,LAZ,47167,22885,24282,39122,7402,643,ITI,ITI4,12,Lazio,Lazio,5879082,2581761,43.91,0.8
1211,2021-05-09,LAZ,37565,17269,20296,25832,11284,449,ITI,ITI4,12,Lazio,Lazio,5879082,2619326,44.55,0.64
1212,2021-07-12,LAZ,41398,20708,20690,5864,35308,226,ITI,ITI4,12,Lazio,Lazio,5879082,2660724,45.26,0.7
1213,2021-05-16,LAZ,51010,24568,26442,36961,13512,537,ITI,ITI4,12,Lazio,Lazio,5879082,2711734,46.13,0.87
1214,2021-02-03,LAZ,6493,2491,4002,960,5526,7,ITI,ITI4,12,Lazio,Lazio,5879082,2718227,46.24,0.11
1215,2021-01-20,LAZ,4819,1952,2867,3270,1545,4,ITI,ITI4,12,Lazio,Lazio,5879082,2723046,46.32,0.08
1216,2021-05-14,LAZ,51614,23589,28025,32567,18386,661,ITI,ITI4,12,Lazio,Lazio,5879082,2774660,47.2,0.88
1217,2021-03-18,LAZ,14287,6105,8182,7773,6430,84,ITI,ITI4,12,Lazio,Lazio,5879082,2788947,47.44,0.24
1218,2021-02-17,LAZ,9194,4606,4588,8240,885,69,ITI,ITI4,12,Lazio,Lazio,5879082,2798141,47.59,0.16
1219,2021-05-28,LAZ,57243,26622,30621,43136,13327,780,ITI,ITI4,12,Lazio,Lazio,5879082,2855384,48.57,0.97
1220,2021-07-17,LAZ,43865,22126,21739,2172,41589,104,ITI,ITI4,12,Lazio,Lazio,5879082,2899249,49.31,0.75
1221,2021-06-30,LAZ,62993,29643,33350,29750,32699,544,ITI,ITI4,12,Lazio,Lazio,5879082,2962242,50.39,1.07
1222,2021-04-08,LAZ,26863,12320,14543,18814,7701,348,ITI,ITI4,12,Lazio,Lazio,5879082,2989105,50.84,0.46
1223,2021-07-02,LAZ,48511,23248,25263,6619,41711,181,ITI,ITI4,12,Lazio,Lazio,5879082,3037616,51.67,0.83
1224,2021-01-08,LAZ,7913,2968,4945,7716,0,197,ITI,ITI4,12,Lazio,Lazio,5879082,3045529,51.8,0.13
1225,2021-07-29,LAZ,55852,28434,27418,7580,47906,366,ITI,ITI4,12,Lazio,Lazio,5879082,3101381,52.75,0.95
1226,2021-01-22,LAZ,4012,1639,2373,496,3516,0,ITI,ITI4,12,Lazio,Lazio,5879082,3105393,52.82,0.07
1227,2021-02-27,LAZ,11531,4335,7196,10349,1044,138,ITI,ITI4,12,Lazio,Lazio,5879082,3116924,53.02,0.2
1228,2021-05-20,LAZ,51849,25025,26824,37160,13964,725,ITI,ITI4,12,Lazio,Lazio,5879082,3168773,53.9,0.88
1229,2021-06-20,LAZ,55318,25439,29879,29611,24948,759,ITI,ITI4,12,Lazio,Lazio,5879082,3224091,54.84,0.94
1230,2021-04-15,LAZ,32027,14347,17680,20703,10876,448,ITI,ITI4,12,Lazio,Lazio,5879082,3256118,55.38,0.54
1231,2021-02-10,LAZ,8208,3414,4794,4847,3356,5,ITI,ITI4,12,Lazio,Lazio,5879082,3264326,55.52,0.14
1232,2021-05-21,LAZ,52082,25055,27027,37296,14092,694,ITI,ITI4,12,Lazio,Lazio,5879082,3316408,56.41,0.89
1233,2021-06-04,LAZ,61992,30240,31752,43525,17836,631,ITI,ITI4,12,Lazio,Lazio,5879082,3378400,57.46,1.05
1234,2021-05-04,LAZ,40271,18528,21743,26116,13687,468,ITI,ITI4,12,Lazio,Lazio,5879082,3418671,58.15,0.68
1235,2021-08-12,LAZ,46936,24282,22654,20229,25772,935,ITI,ITI4,12,Lazio,Lazio,5879082,3465607,58.95,0.8
1236,2021-02-24,LAZ,12058,5213,6845,10937,997,124,ITI,ITI4,12,Lazio,Lazio,5879082,3477665,59.15,0.21
1237,2021-03-25,LAZ,29518,13712,15806,22372,6676,470,ITI,ITI4,12,Lazio,Lazio,5879082,3507183,59.66,0.5
1238,2021-01-27,LAZ,6123,2390,3733,1005,5118,0,ITI,ITI4,12,Lazio,Lazio,5879082,3513306,59.76,0.1
1239,2021-06-01,LAZ,49138,23716,25422,30086,18582,470,ITI,ITI4,12,Lazio,Lazio,5879082,3562444,60.6,0.84
1240,2021-04-05,LAZ,19982,9152,10830,13615,6214,153,ITI,ITI4,12,Lazio,Lazio,5879082,3582426,60.94,0.34
1241,2021-07-28,LAZ,57592,29139,28453,8052,49202,338,ITI,ITI4,12,Lazio,Lazio,5879082,3640018,61.91,0.98
1242,2021-05-25,LAZ,47598,22342,25256,35304,11703,591,ITI,ITI4,12,Lazio,Lazio,5879082,3687616,62.72,0.81
1243,2021-06-28,LAZ,58953,28184,30769,27515,30998,440,ITI,ITI4,12,Lazio,Lazio,5879082,3746569,63.73,1.0
1244,2021-02-12,LAZ,6856,2856,4000,6355,421,80,ITI,ITI4,12,Lazio,Lazio,5879082,3753425,63.84,0.12
1245,2021-03-22,LAZ,23412,10561,12851,16352,6731,329,ITI,ITI4,12,Lazio,Lazio,5879082,3776837,64.24,0.4
1246,2021-03-06,LAZ,18392,7095,11297,13900,4273,219,ITI,ITI4,12,Lazio,Lazio,5879082,3795229,64.55,0.31
1247,2021-01-01,LAZ,3597,1396,2201,3557,0,40,ITI,ITI4,12,Lazio,Lazio,5879082,3798826,64.62,0.06
1248,2021-01-10,LAZ,4134,1738,2396,4067,0,67,ITI,ITI4,12,Lazio,Lazio,5879082,3802960,64.69,0.07
1249,2021-06-16,LAZ,64699,31068,33631,32082,31989,628,ITI,ITI4,12,Lazio,Lazio,5879082,3867659,65.79,1.1
1250,2021-04-20,LAZ,31148,14296,16852,19407,11363,378,ITI,ITI4,12,Lazio,Lazio,5879082,3898807,66.32,0.53
1251,2021-03-08,LAZ,20945,9093,11852,15346,5305,294,ITI,ITI4,12,Lazio,Lazio,5879082,3919752,66.67,0.36
1252,2021-04-22,LAZ,39200,19499,19701,23897,14711,592,ITI,ITI4,12,Lazio,Lazio,5879082,3958952,67.34,0.67
1253,2021-03-10,LAZ,23362,10673,12689,17360,5659,343,ITI,ITI4,12,Lazio,Lazio,5879082,3982314,67.74,0.4
1254,2021-06-06,LAZ,58228,28064,30164,35119,22523,586,ITI,ITI4,12,Lazio,Lazio,5879082,4040542,68.73,0.99
1255,2021-02-26,LAZ,13132,5738,7394,11551,1404,177,ITI,ITI4,12,Lazio,Lazio,5879082,4053674,68.95,0.22
1256,2021-07-09,LAZ,64939,31343,33596,27594,36602,743,ITI,ITI4,12,Lazio,Lazio,5879082,4118613,70.06,1.1
1257,2021-05-01,LAZ,38262,17206,21056,25752,12074,436,ITI,ITI4,12,Lazio,Lazio,5879082,4156875,70.71,0.65
1258,2021-04-17,LAZ,32480,14248,18232,20020,12061,399,ITI,ITI4,12,Lazio,Lazio,5879082,4189355,71.26,0.55
1259,2021-07-26,LAZ,50806,25037,25769,6649,43851,306,ITI,ITI4,12,Lazio,Lazio,5879082,4240161,72.12,0.86
1260,2021-07-07,LAZ,62632,31023,31609,28385,33660,587,ITI,ITI4,12,Lazio,Lazio,5879082,4302793,73.19,1.07
1261,2021-03-29,LAZ,25576,12148,13428,18189,7082,305,ITI,ITI4,12,Lazio,Lazio,5879082,4328369,73.62,0.44
1262,2021-03-15,LAZ,21026,9873,11153,14003,6769,254,ITI,ITI4,12,Lazio,Lazio,5879082,4349395,73.98,0.36
1263,2021-01-05,LAZ,7453,2831,4622,7350,0,103,ITI,ITI4,12,Lazio,Lazio,5879082,4356848,74.11,0.13
1264,2021-04-12,LAZ,23936,10793,13143,16689,6963,284,ITI,ITI4,12,Lazio,Lazio,5879082,4380784,74.51,0.41
1265,2021-07-21,LAZ,62772,31698,31074,28644,32773,1355,ITI,ITI4,12,Lazio,Lazio,5879082,4443556,75.58,1.07
1266,2021-06-08,LAZ,66790,31880,34910,36159,29991,640,ITI,ITI4,12,Lazio,Lazio,5879082,4510346,76.72,1.14
1267,2021-07-14,LAZ,42157,20544,21613,6203,35596,358,ITI,ITI4,12,Lazio,Lazio,5879082,4552503,77.44,0.72
1268,2020-12-31,LAZ,5371,2150,3221,5311,0,60,ITI,ITI4,12,Lazio,Lazio,5879082,4557874,77.53,0.09
1269,2021-04-10,LAZ,23945,10417,13528,16497,7198,250,ITI,ITI4,12,Lazio,Lazio,5879082,4581819,77.93,0.41
1270,2021-02-05,LAZ,7333,2996,4337,1218,6112,3,ITI,ITI4,12,Lazio,Lazio,5879082,4589152,78.06,0.12
1271,2021-04-03,LAZ,24848,11218,13630,17895,6734,219,ITI,ITI4,12,Lazio,Lazio,5879082,4614000,78.48,0.42
1272,2020-12-29,LAZ,496,182,314,492,0,4,ITI,ITI4,12,Lazio,Lazio,5879082,4614496,78.49,0.01
1273,2021-06-13,LAZ,58440,26222,32218,33082,24857,501,ITI,ITI4,12,Lazio,Lazio,5879082,4672936,79.48,0.99
1274,2021-03-07,LAZ,14161,5479,8682,10348,3603,210,ITI,ITI4,12,Lazio,Lazio,5879082,4687097,79.72,0.24
1275,2021-06-15,LAZ,66155,31971,34184,33368,32226,561,ITI,ITI4,12,Lazio,Lazio,5879082,4753252,80.85,1.13
1276,2021-03-24,LAZ,27985,13147,14838,21319,6274,392,ITI,ITI4,12,Lazio,Lazio,5879082,4781237,81.33,0.48
1277,2021-05-29,LAZ,52086,23430,28656,40176,11044,866,ITI,ITI4,12,Lazio,Lazio,5879082,4833323,82.21,0.89
1278,2021-01-31,LAZ,4464,1857,2607,479,3985,0,ITI,ITI4,12,Lazio,Lazio,5879082,4837787,82.29,0.08
1279,2021-05-11,LAZ,48372,22215,26157,31197,16579,596,ITI,ITI4,12,Lazio,Lazio,5879082,4886159,83.11,0.82
1280,2021-07-16,LAZ,43910,20957,22953,2911,40824,175,ITI,ITI4,12,Lazio,Lazio,5879082,4930069,83.86,0.75
1281,2021-04-24,LAZ,33560,15146,18414,20184,12884,492,ITI,ITI4,12,Lazio,Lazio,5879082,4963629,84.43,0.57
1282,2021-08-02,LAZ,30215,15727,14488,4942,25111,162,ITI,ITI4,12,Lazio,Lazio,5879082,4993844,84.94,0.51
1283,2021-05-30,LAZ,41267,17652,23615,33226,7371,670,ITI,ITI4,12,Lazio,Lazio,5879082,5035111,85.64,0.7
1284,2021-05-13,LAZ,50253,22585,27668,31726,17854,673,ITI,ITI4,12,Lazio,Lazio,5879082,5085364,86.5,0.85
1285,2021-08-04,LAZ,44133,22043,22090,18708,24898,527,ITI,ITI4,12,Lazio,Lazio,5879082,5129497,87.25,0.75
1286,2021-01-12,LAZ,5513,2022,3491,5370,0,143,ITI,ITI4,12,Lazio,Lazio,5879082,5135010,87.34,0.09
1287,2021-06-18,LAZ,64371,31014,33357,30307,33321,743,ITI,ITI4,12,Lazio,Lazio,5879082,5199381,88.44,1.09
1288,2021-03-17,LAZ,13875,5948,7927,7475,6289,111,ITI,ITI4,12,Lazio,Lazio,5879082,5213256,88.67,0.24
1289,2021-06-25,LAZ,63343,30591,32752,28095,34659,589,ITI,ITI4,12,Lazio,Lazio,5879082,5276599,89.75,1.08
1290,2021-03-12,LAZ,24100,11141,12959,17392,6356,352,ITI,ITI4,12,Lazio,Lazio,5879082,5300699,90.16,0.41
1291,2021-08-13,LAZ,42765,22217,20548,19657,22079,1029,ITI,ITI4,12,Lazio,Lazio,5879082,5343464,90.89,0.73
1292,2021-02-09,LAZ,8820,3782,5038,4578,4236,6,ITI,ITI4,12,Lazio,Lazio,5879082,5352284,91.04,0.15
1293,2021-02-23,LAZ,11101,4789,6312,10204,769,128,ITI,ITI4,12,Lazio,Lazio,5879082,5363385,91.23,0.19
1294,2021-01-24,LAZ,5702,2230,3472,618,5084,0,ITI,ITI4,12,Lazio,Lazio,5879082,5369087,91.33,0.1
1295,2021-02-07,LAZ,4968,2046,2922,409,4558,1,ITI,ITI4,12,Lazio,Lazio,5879082,5374055,91.41,0.08
1296,2021-05-18,LAZ,45072,20620,24452,34941,9580,551,ITI,ITI4,12,Lazio,Lazio,5879082,5419127,92.18,0.77
1297,2021-08-11,LAZ,47945,25076,22869,19775,27335,835,ITI,ITI4,12,Lazio,Lazio,5879082,5467072,92.99,0.82
1298,2021-05-03,LAZ,39619,17888,21731,26273,12767,579,ITI,ITI4,12,Lazio,Lazio,5879082,5506691,93.67,0.67
1299,2021-01-09,LAZ,6416,2609,3807,6303,0,113,ITI,ITI4,12,Lazio,Lazio,5879082,5513107,93.77,0.11
1300,2021-04-19,LAZ,30153,13711,16442,19007,10725,421,ITI,ITI4,12,Lazio,Lazio,5879082,5543260,94.29,0.51
1301,2021-02-21,LAZ,6996,3184,3812,6486,465,45,ITI,ITI4,12,Lazio,Lazio,5879082,5550256,94.41,0.12
1302,2021-02-19,LAZ,10057,5083,4974,9072,838,147,ITI,ITI4,12,Lazio,Lazio,5879082,5560313,94.58,0.17
1303,2021-06-17,LAZ,67005,32242,34763,31806,34482,717,ITI,ITI4,12,Lazio,Lazio,5879082,5627318,95.72,1.14
1304,2021-08-01,LAZ,32015,16900,15115,5059,26696,260,ITI,ITI4,12,Lazio,Lazio,5879082,5659333,96.26,0.54
1305,2021-05-10,LAZ,44502,20350,24152,30603,13443,456,ITI,ITI4,12,Lazio,Lazio,5879082,5703835,97.02,0.76
1306,2021-05-27,LAZ,58498,27213,31285,43914,13793,791,ITI,ITI4,12,Lazio,Lazio,5879082,5762333,98.01,1.0
1307,2021-06-29,LAZ,59476,28267,31209,27727,31169,580,ITI,ITI4,12,Lazio,Lazio,5879082,5821809,99.03,1.01
1308,2021-01-14,LAZ,5594,2177,3417,5420,0,174,ITI,ITI4,12,Lazio,Lazio,5879082,5827403,99.12,0.1
1309,2021-04-07,LAZ,26031,12182,13849,18367,7323,341,ITI,ITI4,12,Lazio,Lazio,5879082,5853434,99.56,0.44
1310,2021-06-27,LAZ,47250,21610,25640,20590,26181,479,ITI,ITI4,12,Lazio,Lazio,5879082,5900684,100.37,0.8
1311,2021-02-04,LAZ,6444,2567,3877,1123,5320,1,ITI,ITI4,12,Lazio,Lazio,5879082,5907128,100.48,0.11
1312,2021-01-21,LAZ,5607,2350,3257,552,5055,0,ITI,ITI4,12,Lazio,Lazio,5879082,5912735,100.57,0.1
1313,2021-03-31,LAZ,27876,13478,14398,20393,7145,338,ITI,ITI4,12,Lazio,Lazio,5879082,5940611,101.05,0.47
1314,2021-07-25,LAZ,24595,12085,12510,2049,22496,50,ITI,ITI4,12,Lazio,Lazio,5879082,5965206,101.46,0.42
1315,2021-06-22,LAZ,62827,29064,33763,28600,33517,710,ITI,ITI4,12,Lazio,Lazio,5879082,6028033,102.53,1.07
1316,2021-03-14,LAZ,17296,6778,10518,11855,5180,261,ITI,ITI4,12,Lazio,Lazio,5879082,6045329,102.83,0.29
1317,2021-02-14,LAZ,5782,2373,3409,5277,475,30,ITI,ITI4,12,Lazio,Lazio,5879082,6051111,102.93,0.1
1318,2021-02-28,LAZ,10284,4038,6246,9648,539,97,ITI,ITI4,12,Lazio,Lazio,5879082,6061395,103.1,0.17
1319,2021-01-02,LAZ,6837,2680,4157,6757,0,80,ITI,ITI4,12,Lazio,Lazio,5879082,6068232,103.22,0.12
1320,2021-04-21,LAZ,33154,15069,18085,20313,12480,361,ITI,ITI4,12,Lazio,Lazio,5879082,6101386,103.78,0.56
1321,2021-07-30,LAZ,55642,28787,26855,7260,48043,339,ITI,ITI4,12,Lazio,Lazio,5879082,6157028,104.73,0.95
1322,2021-06-03,LAZ,56807,28700,28107,38259,17841,707,ITI,ITI4,12,Lazio,Lazio,5879082,6213835,105.69,0.97
1323,2021-08-06,LAZ,31247,16183,15064,20764,9502,981,ITI,ITI4,12,Lazio,Lazio,5879082,6245082,106.23,0.53
1324,2021-06-10,LAZ,72136,34093,38043,37289,34021,826,ITI,ITI4,12,Lazio,Lazio,5879082,6317218,107.45,1.23
1325,2021-03-05,LAZ,19602,8686,10916,14623,4751,228,ITI,ITI4,12,Lazio,Lazio,5879082,6336820,107.79,0.33
1326,2021-02-16,LAZ,8359,4034,4325,7704,612,43,ITI,ITI4,12,Lazio,Lazio,5879082,6345179,107.93,0.14
1327,2020-12-28,LAZ,960,413,547,955,0,5,ITI,ITI4,12,Lazio,Lazio,5879082,6346139,107.94,0.02
1328,2021-01-16,LAZ,5768,2334,3434,5620,0,148,ITI,ITI4,12,Lazio,Lazio,5879082,6351907,108.04,0.1
1329,2021-04-26,LAZ,29331,13499,15832,19615,9285,431,ITI,ITI4,12,Lazio,Lazio,5879082,6381238,108.54,0.5
1330,2021-02-02,LAZ,5918,2219,3699,639,5276,3,ITI,ITI4,12,Lazio,Lazio,5879082,6387156,108.64,0.1
1331,2021-07-18,LAZ,58351,29708,28643,22795,34764,792,ITI,ITI4,12,Lazio,Lazio,5879082,6445507,109.63,0.99
1332,2021-05-22,LAZ,55197,27044,28153,43649,10700,848,ITI,ITI4,12,Lazio,Lazio,5879082,6500704,110.57,0.94
1333,2021-05-15,LAZ,57472,27456,30016,40110,16566,796,ITI,ITI4,12,Lazio,Lazio,5879082,6558176,111.55,0.98
1334,2021-03-19,LAZ,17505,7596,9909,11003,6350,152,ITI,ITI4,12,Lazio,Lazio,5879082,6575681,111.85,0.3
1335,2021-01-07,LAZ,7933,2975,4958,7776,0,157,ITI,ITI4,12,Lazio,Lazio,5879082,6583614,111.98,0.13
1336,2021-04-14,LAZ,29396,13327,16069,18883,10194,319,ITI,ITI4,12,Lazio,Lazio,5879082,6613010,112.48,0.5
1337,2021-07-23,LAZ,58346,29255,29091,26759,29831,1756,ITI,ITI4,12,Lazio,Lazio,5879082,6671356,113.48,0.99
1338,2021-06-09,LAZ,70493,33387,37106,35975,33883,635,ITI,ITI4,12,Lazio,Lazio,5879082,6741849,114.68,1.2
1339,2021-04-27,LAZ,30829,13921,16908,19471,10955,403,ITI,ITI4,12,Lazio,Lazio,5879082,6772678,115.2,0.52
1340,2021-03-01,LAZ,17126,7370,9756,13003,3887,236,ITI,ITI4,12,Lazio,Lazio,5879082,6789804,115.49,0.29
1341,2021-08-05,LAZ,29350,15048,14302,19135,9324,891,ITI,ITI4,12,Lazio,Lazio,5879082,6819154,115.99,0.5
1342,2021-02-22,LAZ,11465,4994,6471,10808,503,154,ITI,ITI4,12,Lazio,Lazio,5879082,6830619,116.19,0.2
1343,2021-06-02,LAZ,43513,21595,21918,31436,11529,548,ITI,ITI4,12,Lazio,Lazio,5879082,6874132,116.93,0.74
1344,2021-06-11,LAZ,69754,32822,36932,36683,32434,637,ITI,ITI4,12,Lazio,Lazio,5879082,6943886,118.11,1.19
1345,2021-08-07,LAZ,33515,17990,15525,21087,11364,1064,ITI,ITI4,12,Lazio,Lazio,5879082,6977401,118.68,0.57
1346,2021-05-06,LAZ,48863,22771,26092,30615,17592,656,ITI,ITI4,12,Lazio,Lazio,5879082,7026264,119.51,0.83
1347,2021-08-14,LAZ,639,348,291,237,397,5,ITI,ITI4,12,Lazio,Lazio,5879082,7026903,119.52,0.01
1348,2021-01-17,LAZ,4954,2047,2907,4678,212,64,ITI,ITI4,12,Lazio,Lazio,5879082,7031857,119.61,0.08
1349,2021-01-19,LAZ,4781,1964,2817,4324,454,3,ITI,ITI4,12,Lazio,Lazio,5879082,7036638,119.69,0.08
1350,2021-04-29,LAZ,38838,17342,21496,24876,13356,606,ITI,ITI4,12,Lazio,Lazio,5879082,7075476,120.35,0.66
1351,2021-03-03,LAZ,17898,7886,10012,13351,4311,236,ITI,ITI4,12,Lazio,Lazio,5879082,7093374,120.65,0.3
1352,2021-08-09,LAZ,51927,26304,25623,21510,29389,1028,ITI,ITI4,12,Lazio,Lazio,5879082,7145301,121.54,0.88
1353,2021-01-26,LAZ,7975,3130,4845,731,7244,0,ITI,ITI4,12,Lazio,Lazio,5879082,7153276,121.67,0.14
1354,2021-04-02,LAZ,29538,14163,15375,21760,7393,385,ITI,ITI4,12,Lazio,Lazio,5879082,7182814,122.18,0.5
1355,2021-07-11,LAZ,44120,22238,21882,3764,40208,148,ITI,ITI4,12,Lazio,Lazio,5879082,7226934,122.93,0.75
1356,2021-01-28,LAZ,8286,3169,5117,786,7499,1,ITI,ITI4,12,Lazio,Lazio,5879082,7235220,123.07,0.14
1357,2021-07-04,LAZ,46583,21686,24897,4117,42381,85,ITI,ITI4,12,Lazio,Lazio,5879082,7281803,123.86,0.79
1358,2021-05-08,LAZ,45497,20770,24727,29401,15447,649,ITI,ITI4,12,Lazio,Lazio,5879082,7327300,124.63,0.77
1359,2021-07-13,LAZ,42699,20932,21767,5502,36859,338,ITI,ITI4,12,Lazio,Lazio,5879082,7369999,125.36,0.73
1360,2021-03-26,LAZ,30355,14060,16295,23010,6898,447,ITI,ITI4,12,Lazio,Lazio,5879082,7400354,125.88,0.52
1361,2021-07-06,LAZ,62570,30362,32208,28564,33517,489,ITI,ITI4,12,Lazio,Lazio,5879082,7462924,126.94,1.06
1362,2021-02-21,PUG,2178,475,1703,2065,63,50,ITF,ITF4,16,Puglia,Puglia,4029053,2178,0.05,0.05
1363,2021-06-01,PUG,35015,17535,17480,21635,12986,394,ITF,ITF4,16,Puglia,Puglia,4029053,37193,0.92,0.87
1364,2021-05-15,PUG,43680,19018,24662,22820,20150,710,ITF,ITF4,16,Puglia,Puglia,4029053,80873,2.01,1.08
1365,2021-06-03,PUG,50652,24569,26083,30519,19407,726,ITF,ITF4,16,Puglia,Puglia,4029053,131525,3.26,1.26
1366,2021-03-10,PUG,14840,6636,8204,11552,3133,155,ITF,ITF4,16,Puglia,Puglia,4029053,146365,3.63,0.37
1367,2021-07-11,PUG,12171,5754,6417,2587,9484,100,ITF,ITF4,16,Puglia,Puglia,4029053,158536,3.93,0.3
1368,2021-01-31,PUG,1820,833,987,73,1747,0,ITF,ITF4,16,Puglia,Puglia,4029053,160356,3.98,0.05
1369,2021-04-05,PUG,12767,6199,6568,12093,533,141,ITF,ITF4,16,Puglia,Puglia,4029053,173123,4.3,0.32
1370,2021-03-19,PUG,7980,3660,4320,3367,4577,36,ITF,ITF4,16,Puglia,Puglia,4029053,181103,4.49,0.2
1371,2021-06-27,PUG,18551,9213,9338,9960,8328,263,ITF,ITF4,16,Puglia,Puglia,4029053,199654,4.96,0.46
1372,2021-01-12,PUG,4220,1772,2448,4219,0,1,ITF,ITF4,16,Puglia,Puglia,4029053,203874,5.06,0.1
1373,2021-04-07,PUG,15725,7138,8587,8829,6697,199,ITF,ITF4,16,Puglia,Puglia,4029053,219599,5.45,0.39
1374,2021-07-16,PUG,46425,22522,23903,12916,32670,839,ITF,ITF4,16,Puglia,Puglia,4029053,266024,6.6,1.15
1375,2021-04-19,PUG,27749,12892,14857,24365,3045,339,ITF,ITF4,16,Puglia,Puglia,4029053,293773,7.29,0.69
1376,2021-07-28,PUG,44732,22595,22137,14384,29444,904,ITF,ITF4,16,Puglia,Puglia,4029053,338505,8.4,1.11
1377,2021-04-24,PUG,29453,13418,16035,25167,3953,333,ITF,ITF4,16,Puglia,Puglia,4029053,367958,9.13,0.73
1378,2021-02-09,PUG,3847,1571,2276,2152,1676,19,ITF,ITF4,16,Puglia,Puglia,4029053,371805,9.23,0.1
1379,2021-05-20,PUG,33700,15301,18399,20763,12419,518,ITF,ITF4,16,Puglia,Puglia,4029053,405505,10.06,0.84
1380,2021-03-24,PUG,13609,6534,7075,6043,7448,118,ITF,ITF4,16,Puglia,Puglia,4029053,419114,10.4,0.34
1381,2021-01-26,PUG,5377,2404,2973,563,4813,1,ITF,ITF4,16,Puglia,Puglia,4029053,424491,10.54,0.13
1382,2021-07-02,PUG,47313,22485,24828,17325,29064,924,ITF,ITF4,16,Puglia,Puglia,4029053,471804,11.71,1.17
1383,2021-05-06,PUG,39739,17382,22357,19308,19873,558,ITF,ITF4,16,Puglia,Puglia,4029053,511543,12.7,0.99
1384,2021-02-07,PUG,1582,669,913,253,1329,0,ITF,ITF4,16,Puglia,Puglia,4029053,513125,12.74,0.04
1385,2021-01-21,PUG,2132,905,1227,1268,862,2,ITF,ITF4,16,Puglia,Puglia,4029053,515257,12.79,0.05
1386,2021-05-01,PUG,27689,12688,15001,16716,10696,277,ITF,ITF4,16,Puglia,Puglia,4029053,542946,13.48,0.69
1387,2021-08-09,PUG,27591,14137,13454,11169,15559,863,ITF,ITF4,16,Puglia,Puglia,4029053,570537,14.16,0.68
1388,2021-01-02,PUG,2956,1305,1651,2956,0,0,ITF,ITF4,16,Puglia,Puglia,4029053,573493,14.23,0.07
1389,2021-04-12,PUG,29475,13865,15610,26138,3021,316,ITF,ITF4,16,Puglia,Puglia,4029053,602968,14.97,0.73
1390,2021-03-05,PUG,17723,7193,10530,15187,2316,220,ITF,ITF4,16,Puglia,Puglia,4029053,620691,15.41,0.44
1391,2021-02-26,PUG,13787,5063,8724,12517,1075,195,ITF,ITF4,16,Puglia,Puglia,4029053,634478,15.75,0.34
1392,2020-12-31,PUG,1637,784,853,1637,0,0,ITF,ITF4,16,Puglia,Puglia,4029053,636115,15.79,0.04
1393,2021-08-11,PUG,22917,11777,11140,11678,10281,958,ITF,ITF4,16,Puglia,Puglia,4029053,659032,16.36,0.57
1394,2021-06-15,PUG,42698,20872,21826,22394,19710,594,ITF,ITF4,16,Puglia,Puglia,4029053,701730,17.42,1.06
1395,2021-06-08,PUG,39360,19166,20194,20950,17850,560,ITF,ITF4,16,Puglia,Puglia,4029053,741090,18.39,0.98
1396,2021-03-29,PUG,13564,6617,6947,6607,6760,197,ITF,ITF4,16,Puglia,Puglia,4029053,754654,18.73,0.34
1397,2021-03-12,PUG,14310,6454,7856,10229,3944,137,ITF,ITF4,16,Puglia,Puglia,4029053,768964,19.09,0.36
1398,2021-06-20,PUG,21598,10856,10742,14059,7213,326,ITF,ITF4,16,Puglia,Puglia,4029053,790562,19.62,0.54
1399,2021-02-04,PUG,5934,2366,3568,1133,4798,3,ITF,ITF4,16,Puglia,Puglia,4029053,796496,19.77,0.15
1400,2021-02-14,PUG,790,348,442,658,127,5,ITF,ITF4,16,Puglia,Puglia,4029053,797286,19.79,0.02
1401,2021-05-25,PUG,34800,16245,18555,20574,13640,586,ITF,ITF4,16,Puglia,Puglia,4029053,832086,20.65,0.86
1402,2021-05-08,PUG,54425,23036,31389,23976,29904,545,ITF,ITF4,16,Puglia,Puglia,4029053,886511,22.0,1.35
1403,2021-07-30,PUG,36173,18580,17593,13080,22216,877,ITF,ITF4,16,Puglia,Puglia,4029053,922684,22.9,0.9
1404,2021-05-27,PUG,40967,19361,21606,22890,17400,677,ITF,ITF4,16,Puglia,Puglia,4029053,963651,23.92,1.02
1405,2021-03-02,PUG,16409,6098,10311,14861,1306,242,ITF,ITF4,16,Puglia,Puglia,4029053,980060,24.32,0.41
1406,2021-05-29,PUG,30669,14455,16214,20590,9532,547,ITF,ITF4,16,Puglia,Puglia,4029053,1010729,25.09,0.76
1407,2021-04-02,PUG,12856,6005,6851,8179,4526,151,ITF,ITF4,16,Puglia,Puglia,4029053,1023585,25.41,0.32
1408,2021-03-31,PUG,14578,6834,7744,8839,5589,150,ITF,ITF4,16,Puglia,Puglia,4029053,1038163,25.77,0.36
1409,2021-02-02,PUG,4359,1854,2505,574,3784,1,ITF,ITF4,16,Puglia,Puglia,4029053,1042522,25.88,0.11
1410,2021-07-09,PUG,37088,17858,19230,6437,29974,677,ITF,ITF4,16,Puglia,Puglia,4029053,1079610,26.8,0.92
1411,2021-05-13,PUG,38843,17315,21528,20994,17285,564,ITF,ITF4,16,Puglia,Puglia,4029053,1118453,27.76,0.96
1412,2021-01-14,PUG,4079,1593,2486,4078,0,1,ITF,ITF4,16,Puglia,Puglia,4029053,1122532,27.86,0.1
1413,2021-01-07,PUG,5729,2466,3263,5729,0,0,ITF,ITF4,16,Puglia,Puglia,4029053,1128261,28.0,0.14
1414,2021-04-17,PUG,40076,18994,21082,36068,3585,423,ITF,ITF4,16,Puglia,Puglia,4029053,1168337,29.0,0.99
1415,2021-02-19,PUG,4749,2019,2730,4302,392,55,ITF,ITF4,16,Puglia,Puglia,4029053,1173086,29.12,0.12
1416,2021-06-22,PUG,42503,20612,21891,19062,22870,571,ITF,ITF4,16,Puglia,Puglia,4029053,1215589,30.17,1.05
1417,2021-04-26,PUG,26336,12070,14266,22708,3238,390,ITF,ITF4,16,Puglia,Puglia,4029053,1241925,30.82,0.65
1418,2021-08-04,PUG,34654,17645,17009,12246,21340,1068,ITF,ITF4,16,Puglia,Puglia,4029053,1276579,31.68,0.86
1419,2021-07-21,PUG,44630,22024,22606,11864,31895,871,ITF,ITF4,16,Puglia,Puglia,4029053,1321209,32.79,1.11
1420,2021-07-04,PUG,19901,9683,10218,7930,11686,285,ITF,ITF4,16,Puglia,Puglia,4029053,1341110,33.29,0.49
1421,2021-07-23,PUG,43095,21791,21304,13627,28478,990,ITF,ITF4,16,Puglia,Puglia,4029053,1384205,34.36,1.07
1422,2021-01-19,PUG,1222,453,769,1211,10,1,ITF,ITF4,16,Puglia,Puglia,4029053,1385427,34.39,0.03
1423,2021-06-13,PUG,21854,10943,10911,16356,5213,285,ITF,ITF4,16,Puglia,Puglia,4029053,1407281,34.93,0.54
1424,2021-02-28,PUG,6070,1808,4262,5804,191,75,ITF,ITF4,16,Puglia,Puglia,4029053,1413351,35.08,0.15
1425,2021-05-12,PUG,36643,16346,20297,23524,12536,583,ITF,ITF4,16,Puglia,Puglia,4029053,1449994,35.99,0.91
1426,2021-05-17,PUG,32932,15264,17668,20450,11983,499,ITF,ITF4,16,Puglia,Puglia,4029053,1482926,36.81,0.82
1427,2021-08-08,PUG,5111,2598,2513,1677,3385,49,ITF,ITF4,16,Puglia,Puglia,4029053,1488037,36.93,0.13
1428,2021-06-12,PUG,34624,17257,17367,25062,8969,593,ITF,ITF4,16,Puglia,Puglia,4029053,1522661,37.79,0.86
1429,2021-06-10,PUG,47220,23217,24003,29394,17108,718,ITF,ITF4,16,Puglia,Puglia,4029053,1569881,38.96,1.17
1430,2021-04-04,PUG,5988,2973,3015,5901,6,81,ITF,ITF4,16,Puglia,Puglia,4029053,1575869,39.11,0.15
1431,2021-07-13,PUG,48757,22992,25765,7810,40354,593,ITF,ITF4,16,Puglia,Puglia,4029053,1624626,40.32,1.21
1432,2021-03-21,PUG,2697,1228,1469,578,2107,12,ITF,ITF4,16,Puglia,Puglia,4029053,1627323,40.39,0.07
1433,2021-06-29,PUG,46658,22363,24295,15364,30604,690,ITF,ITF4,16,Puglia,Puglia,4029053,1673981,41.55,1.16
1434,2021-01-11,PUG,3757,1591,2166,3756,0,1,ITF,ITF4,16,Puglia,Puglia,4029053,1677738,41.64,0.09
1435,2021-04-21,PUG,23157,10695,12462,19111,3744,302,ITF,ITF4,16,Puglia,Puglia,4029053,1700895,42.22,0.57
1436,2021-03-17,PUG,10356,4706,5650,4106,6188,62,ITF,ITF4,16,Puglia,Puglia,4029053,1711251,42.47,0.26
1437,2021-07-20,PUG,46941,23026,23915,8236,38181,524,ITF,ITF4,16,Puglia,Puglia,4029053,1758192,43.64,1.17
1438,2021-04-16,PUG,36120,16979,19141,32406,3284,430,ITF,ITF4,16,Puglia,Puglia,4029053,1794312,44.53,0.9
1439,2021-02-18,PUG,4384,1848,2536,3714,610,60,ITF,ITF4,16,Puglia,Puglia,4029053,1798696,44.64,0.11
1440,2021-07-25,PUG,14285,7389,6896,4275,9803,207,ITF,ITF4,16,Puglia,Puglia,4029053,1812981,45.0,0.35
1441,2021-04-09,PUG,22098,9523,12575,17072,4641,385,ITF,ITF4,16,Puglia,Puglia,4029053,1835079,45.55,0.55
1442,2021-02-11,PUG,3697,1401,2296,2391,1279,27,ITF,ITF4,16,Puglia,Puglia,4029053,1838776,45.64,0.09
1443,2021-07-18,PUG,18813,9634,9179,6219,12252,342,ITF,ITF4,16,Puglia,Puglia,4029053,1857589,46.1,0.47
1444,2021-05-22,PUG,34753,15915,18838,23645,10564,544,ITF,ITF4,16,Puglia,Puglia,4029053,1892342,46.97,0.86
1445,2021-07-08,PUG,41515,19245,22270,5461,35593,461,ITF,ITF4,16,Puglia,Puglia,4029053,1933857,48.0,1.03
1446,2021-01-04,PUG,4511,2015,2496,4509,0,2,ITF,ITF4,16,Puglia,Puglia,4029053,1938368,48.11,0.11
1447,2021-03-26,PUG,12027,5856,6171,7218,4676,133,ITF,ITF4,16,Puglia,Puglia,4029053,1950395,48.41,0.3
1448,2021-03-09,PUG,13689,6119,7570,11493,2017,179,ITF,ITF4,16,Puglia,Puglia,4029053,1964084,48.75,0.34
1449,2021-02-23,PUG,9391,4430,4961,8804,496,91,ITF,ITF4,16,Puglia,Puglia,4029053,1973475,48.98,0.23
1450,2021-01-18,PUG,1847,772,1075,1495,351,1,ITF,ITF4,16,Puglia,Puglia,4029053,1975322,49.03,0.05
1451,2021-02-06,PUG,4556,1936,2620,1578,2963,15,ITF,ITF4,16,Puglia,Puglia,4029053,1979878,49.14,0.11
1452,2021-01-20,PUG,1547,541,1006,1537,8,2,ITF,ITF4,16,Puglia,Puglia,4029053,1981425,49.18,0.04
1453,2021-01-23,PUG,3042,1294,1748,882,2159,1,ITF,ITF4,16,Puglia,Puglia,4029053,1984467,49.25,0.08
1454,2021-05-03,PUG,33402,14931,18471,22156,10682,564,ITF,ITF4,16,Puglia,Puglia,4029053,2017869,50.08,0.83
1455,2021-03-07,PUG,4992,2006,2986,4372,577,43,ITF,ITF4,16,Puglia,Puglia,4029053,2022861,50.21,0.12
1456,2021-05-05,PUG,39322,17262,22060,24493,14241,588,ITF,ITF4,16,Puglia,Puglia,4029053,2062183,51.18,0.98
1457,2021-08-13,PUG,13050,6937,6113,7055,5438,557,ITF,ITF4,16,Puglia,Puglia,4029053,2075233,51.51,0.32
1458,2021-05-24,PUG,36189,17074,19115,24499,11078,612,ITF,ITF4,16,Puglia,Puglia,4029053,2111422,52.4,0.9
1459,2021-02-16,PUG,3389,1455,1934,2711,648,30,ITF,ITF4,16,Puglia,Puglia,4029053,2114811,52.49,0.08
1460,2021-01-30,PUG,5539,2516,3023,382,5156,1,ITF,ITF4,16,Puglia,Puglia,4029053,2120350,52.63,0.14
1461,2021-05-10,PUG,37896,16750,21146,19326,18080,490,ITF,ITF4,16,Puglia,Puglia,4029053,2158246,53.57,0.94
1462,2021-02-13,PUG,3733,1461,2272,3021,696,16,ITF,ITF4,16,Puglia,Puglia,4029053,2161979,53.66,0.09
1463,2021-01-28,PUG,5484,2284,3200,444,5040,0,ITF,ITF4,16,Puglia,Puglia,4029053,2167463,53.8,0.14
1464,2021-04-23,PUG,29606,13761,15845,23907,5283,416,ITF,ITF4,16,Puglia,Puglia,4029053,2197069,54.53,0.73
1465,2021-08-01,PUG,12395,6494,5901,4319,7954,122,ITF,ITF4,16,Puglia,Puglia,4029053,2209464,54.84,0.31
1466,2021-02-25,PUG,11988,5068,6920,10670,1182,136,ITF,ITF4,16,Puglia,Puglia,4029053,2221452,55.14,0.3
1467,2021-06-05,PUG,42631,20882,21749,29176,12734,721,ITF,ITF4,16,Puglia,Puglia,4029053,2264083,56.19,1.06
1468,2021-08-05,PUG,33915,17057,16858,9450,23589,876,ITF,ITF4,16,Puglia,Puglia,4029053,2297998,57.04,0.84
1469,2021-01-06,PUG,3957,1678,2279,3956,0,1,ITF,ITF4,16,Puglia,Puglia,4029053,2301955,57.13,0.1
1470,2021-07-27,PUG,48342,24040,24302,13236,34289,817,ITF,ITF4,16,Puglia,Puglia,4029053,2350297,58.33,1.2
1471,2021-05-31,PUG,37942,18295,19647,23146,14242,554,ITF,ITF4,16,Puglia,Puglia,4029053,2388239,59.28,0.94
1472,2021-04-25,PUG,11324,5242,6082,10049,1143,132,ITF,ITF4,16,Puglia,Puglia,4029053,2399563,59.56,0.28
1473,2021-02-27,PUG,14245,4824,9421,12829,1234,182,ITF,ITF4,16,Puglia,Puglia,4029053,2413808,59.91,0.35
1474,2021-08-03,PUG,36156,18330,17826,9161,26229,766,ITF,ITF4,16,Puglia,Puglia,4029053,2449964,60.81,0.9
1475,2021-01-01,PUG,150,61,89,150,0,0,ITF,ITF4,16,Puglia,Puglia,4029053,2450114,60.81,0.0
1476,2021-06-07,PUG,44432,21695,22737,30374,13294,764,ITF,ITF4,16,Puglia,Puglia,4029053,2494546,61.91,1.1
1477,2021-04-11,PUG,16484,7265,9219,14655,1648,181,ITF,ITF4,16,Puglia,Puglia,4029053,2511030,62.32,0.41
1478,2021-04-30,PUG,35030,15696,19334,22466,11999,565,ITF,ITF4,16,Puglia,Puglia,4029053,2546060,63.19,0.87
1479,2021-04-13,PUG,28769,13645,15124,24923,3534,312,ITF,ITF4,16,Puglia,Puglia,4029053,2574829,63.91,0.71
1480,2021-07-22,PUG,47426,23516,23910,8480,38248,698,ITF,ITF4,16,Puglia,Puglia,4029053,2622255,65.08,1.18
1481,2021-07-05,PUG,38882,18249,20633,7261,31068,553,ITF,ITF4,16,Puglia,Puglia,4029053,2661137,66.05,0.97
1482,2021-05-02,PUG,21353,9676,11677,13898,7277,178,ITF,ITF4,16,Puglia,Puglia,4029053,2682490,66.58,0.53
1483,2021-08-10,PUG,26756,13885,12871,13902,11709,1145,ITF,ITF4,16,Puglia,Puglia,4029053,2709246,67.24,0.66
1484,2021-07-24,PUG,26663,13828,12835,7994,18190,479,ITF,ITF4,16,Puglia,Puglia,4029053,2735909,67.9,0.66
1485,2021-04-14,PUG,32036,15119,16917,28431,3299,306,ITF,ITF4,16,Puglia,Puglia,4029053,2767945,68.7,0.8
1486,2021-03-28,PUG,3548,1659,1889,1178,2335,35,ITF,ITF4,16,Puglia,Puglia,4029053,2771493,68.79,0.09
1487,2021-07-06,PUG,42394,19524,22870,6137,35838,419,ITF,ITF4,16,Puglia,Puglia,4029053,2813887,69.84,1.05
1488,2021-06-19,PUG,34796,17457,17339,22217,11925,654,ITF,ITF4,16,Puglia,Puglia,4029053,2848683,70.7,0.86
1489,2021-06-21,PUG,41886,20425,21461,21444,19807,635,ITF,ITF4,16,Puglia,Puglia,4029053,2890569,71.74,1.04
1490,2021-06-17,PUG,42912,20971,21941,21410,20938,564,ITF,ITF4,16,Puglia,Puglia,4029053,2933481,72.81,1.07
1491,2021-03-30,PUG,12439,5963,6476,6192,6094,153,ITF,ITF4,16,Puglia,Puglia,4029053,2945920,73.12,0.31
1492,2021-02-01,PUG,3976,1666,2310,354,3621,1,ITF,ITF4,16,Puglia,Puglia,4029053,2949896,73.22,0.1
1493,2021-07-17,PUG,30740,15429,15311,9511,20594,635,ITF,ITF4,16,Puglia,Puglia,4029053,2980636,73.98,0.76
1494,2021-06-28,PUG,48658,23600,25058,21668,26191,799,ITF,ITF4,16,Puglia,Puglia,4029053,3029294,75.19,1.21
1495,2021-03-18,PUG,9608,4364,5244,3336,6206,66,ITF,ITF4,16,Puglia,Puglia,4029053,3038902,75.42,0.24
1496,2021-06-26,PUG,32421,16323,16098,15886,15967,568,ITF,ITF4,16,Puglia,Puglia,4029053,3071323,76.23,0.8
1497,2021-03-04,PUG,15378,6109,9269,13715,1436,227,ITF,ITF4,16,Puglia,Puglia,4029053,3086701,76.61,0.38
1498,2021-06-09,PUG,41947,20771,21176,29938,11303,706,ITF,ITF4,16,Puglia,Puglia,4029053,3128648,77.65,1.04
1499,2021-02-15,PUG,3263,1271,1992,2597,622,44,ITF,ITF4,16,Puglia,Puglia,4029053,3131911,77.73,0.08
1500,2021-05-26,PUG,38678,18584,20094,26221,11804,653,ITF,ITF4,16,Puglia,Puglia,4029053,3170589,78.69,0.96
1501,2021-08-12,PUG,18676,9882,8794,10812,6965,899,ITF,ITF4,16,Puglia,Puglia,4029053,3189265,79.16,0.46
1502,2021-06-16,PUG,42111,20727,21384,26890,14494,727,ITF,ITF4,16,Puglia,Puglia,4029053,3231376,80.2,1.05
1503,2020-12-30,PUG,1,0,1,1,0,0,ITF,ITF4,16,Puglia,Puglia,4029053,3231377,80.2,0.0
1504,2021-03-06,PUG,16177,6138,10039,13885,2123,169,ITF,ITF4,16,Puglia,Puglia,4029053,3247554,80.6,0.4
1505,2021-01-08,PUG,5685,2391,3294,5683,0,2,ITF,ITF4,16,Puglia,Puglia,4029053,3253239,80.74,0.14
1506,2021-06-14,PUG,42081,20592,21489,28850,12444,787,ITF,ITF4,16,Puglia,Puglia,4029053,3295320,81.79,1.04
1507,2021-04-18,PUG,22671,10848,11823,21419,1056,196,ITF,ITF4,16,Puglia,Puglia,4029053,3317991,82.35,0.56
1508,2021-06-18,PUG,47839,23556,24283,28874,18039,926,ITF,ITF4,16,Puglia,Puglia,4029053,3365830,83.54,1.19
1509,2021-03-11,PUG,14847,6596,8251,11453,3190,204,ITF,ITF4,16,Puglia,Puglia,4029053,3380677,83.91,0.37
1510,2021-05-14,PUG,45065,20600,24465,28001,16210,854,ITF,ITF4,16,Puglia,Puglia,4029053,3425742,85.03,1.12
1511,2021-01-25,PUG,3834,1683,2151,422,3411,1,ITF,ITF4,16,Puglia,Puglia,4029053,3429576,85.12,0.1
1512,2021-05-09,PUG,30828,12655,18173,14795,15666,367,ITF,ITF4,16,Puglia,Puglia,4029053,3460404,85.89,0.77
1513,2021-04-22,PUG,23060,10554,12506,17739,4937,384,ITF,ITF4,16,Puglia,Puglia,4029053,3483464,86.46,0.57
1514,2021-07-31,PUG,19907,10577,9330,7861,11568,478,ITF,ITF4,16,Puglia,Puglia,4029053,3503371,86.95,0.49
1515,2021-02-12,PUG,4216,1673,2543,3098,1094,24,ITF,ITF4,16,Puglia,Puglia,4029053,3507587,87.06,0.1
1516,2021-01-27,PUG,4604,1943,2661,618,3986,0,ITF,ITF4,16,Puglia,Puglia,4029053,3512191,87.17,0.11
1517,2021-05-07,PUG,50216,22407,27809,25984,23654,578,ITF,ITF4,16,Puglia,Puglia,4029053,3562407,88.42,1.25
1518,2021-07-29,PUG,42834,21628,21206,12264,29766,804,ITF,ITF4,16,Puglia,Puglia,4029053,3605241,89.48,1.06
1519,2021-01-13,PUG,4551,1732,2819,4550,0,1,ITF,ITF4,16,Puglia,Puglia,4029053,3609792,89.59,0.11
1520,2021-04-06,PUG,13862,6263,7599,6925,6767,170,ITF,ITF4,16,Puglia,Puglia,4029053,3623654,89.94,0.34
1521,2021-07-15,PUG,44755,21651,23104,8843,35216,696,ITF,ITF4,16,Puglia,Puglia,4029053,3668409,91.05,1.11
1522,2021-07-14,PUG,46135,22120,24015,13380,31909,846,ITF,ITF4,16,Puglia,Puglia,4029053,3714544,92.19,1.15
1523,2021-03-22,PUG,9980,5137,4843,4244,5666,70,ITF,ITF4,16,Puglia,Puglia,4029053,3724524,92.44,0.25
1524,2021-01-24,PUG,1673,754,919,151,1522,0,ITF,ITF4,16,Puglia,Puglia,4029053,3726197,92.48,0.04
1525,2021-06-30,PUG,47794,23189,24605,18808,28129,857,ITF,ITF4,16,Puglia,Puglia,4029053,3773991,93.67,1.19
1526,2021-03-15,PUG,12352,6155,6197,5735,6513,104,ITF,ITF4,16,Puglia,Puglia,4029053,3786343,93.98,0.31
1527,2021-01-17,PUG,1311,592,719,1241,70,0,ITF,ITF4,16,Puglia,Puglia,4029053,3787654,94.01,0.03
1528,2021-06-23,PUG,29424,14378,15046,16948,11864,612,ITF,ITF4,16,Puglia,Puglia,4029053,3817078,94.74,0.73
1529,2021-04-27,PUG,26717,12089,14628,20778,5618,321,ITF,ITF4,16,Puglia,Puglia,4029053,3843795,95.4,0.66
1530,2021-02-20,PUG,2975,1080,1895,2687,257,31,ITF,ITF4,16,Puglia,Puglia,4029053,3846770,95.48,0.07
1531,2021-08-14,PUG,874,452,422,379,481,14,ITF,ITF4,16,Puglia,Puglia,4029053,3847644,95.5,0.02
1532,2021-01-15,PUG,4556,1866,2690,4551,0,5,ITF,ITF4,16,Puglia,Puglia,4029053,3852200,95.61,0.11
1533,2021-01-03,PUG,2009,945,1064,2008,0,1,ITF,ITF4,16,Puglia,Puglia,4029053,3854209,95.66,0.05
1534,2021-03-27,PUG,12171,5721,6450,6881,5179,111,ITF,ITF4,16,Puglia,Puglia,4029053,3866380,95.96,0.3
1535,2021-01-05,PUG,5113,2252,2861,5110,0,3,ITF,ITF4,16,Puglia,Puglia,4029053,3871493,96.09,0.13
1536,2021-04-15,PUG,32758,15282,17476,28585,3771,402,ITF,ITF4,16,Puglia,Puglia,4029053,3904251,96.9,0.81
1537,2021-07-07,PUG,38701,18529,20172,6111,32079,511,ITF,ITF4,16,Puglia,Puglia,4029053,3942952,97.86,0.96
1538,2021-06-02,PUG,27074,13237,13837,21876,4839,359,ITF,ITF4,16,Puglia,Puglia,4029053,3970026,98.53,0.67
1539,2021-03-13,PUG,10479,4139,6340,8566,1816,97,ITF,ITF4,16,Puglia,Puglia,4029053,3980505,98.8,0.26
1540,2021-02-24,PUG,10062,4715,5347,9369,597,96,ITF,ITF4,16,Puglia,Puglia,4029053,3990567,99.04,0.25
1541,2021-06-04,PUG,52825,25559,27266,34177,17821,827,ITF,ITF4,16,Puglia,Puglia,4029053,4043392,100.36,1.31
1542,2021-05-18,PUG,28960,13473,15487,15801,12883,276,ITF,ITF4,16,Puglia,Puglia,4029053,4072352,101.07,0.72
1543,2021-07-10,PUG,22385,11024,11361,4467,17620,298,ITF,ITF4,16,Puglia,Puglia,4029053,4094737,101.63,0.56
1544,2021-04-08,PUG,17513,7600,9913,11108,6191,214,ITF,ITF4,16,Puglia,Puglia,4029053,4112250,102.06,0.43
1545,2021-06-06,PUG,30737,15479,15258,25353,5062,322,ITF,ITF4,16,Puglia,Puglia,4029053,4142987,102.83,0.76
1546,2021-04-10,PUG,30949,13129,17820,26109,4460,380,ITF,ITF4,16,Puglia,Puglia,4029053,4173936,103.6,0.77
1547,2021-07-19,PUG,49443,24297,25146,10966,37702,775,ITF,ITF4,16,Puglia,Puglia,4029053,4223379,104.82,1.23
1548,2021-01-29,PUG,6212,2668,3544,225,5987,0,ITF,ITF4,16,Puglia,Puglia,4029053,4229591,104.98,0.15
1549,2021-03-20,PUG,8432,3888,4544,3770,4618,44,ITF,ITF4,16,Puglia,Puglia,4029053,4238023,105.19,0.21
1550,2021-03-03,PUG,16812,6820,9992,14727,1936,149,ITF,ITF4,16,Puglia,Puglia,4029053,4254835,105.6,0.42
1551,2021-06-11,PUG,47978,23472,24506,32992,14076,910,ITF,ITF4,16,Puglia,Puglia,4029053,4302813,106.79,1.19
1552,2021-08-02,PUG,39114,19830,19284,14013,23876,1225,ITF,ITF4,16,Puglia,Puglia,4029053,4341927,107.77,0.97
1553,2021-03-01,PUG,15126,5878,9248,13589,1385,152,ITF,ITF4,16,Puglia,Puglia,4029053,4357053,108.14,0.38
1554,2021-01-10,PUG,2350,1062,1288,2350,0,0,ITF,ITF4,16,Puglia,Puglia,4029053,4359403,108.2,0.06
1555,2021-04-20,PUG,21215,9854,11361,17466,3483,266,ITF,ITF4,16,Puglia,Puglia,4029053,4380618,108.73,0.53
1556,2020-12-27,PUG,510,252,258,510,0,0,ITF,ITF4,16,Puglia,Puglia,4029053,4381128,108.74,0.01
1557,2021-05-11,PUG,32699,14449,18250,13691,18523,485,ITF,ITF4,16,Puglia,Puglia,4029053,4413827,109.55,0.81
1558,2021-05-04,PUG,35200,14888,20312,18237,16548,415,ITF,ITF4,16,Puglia,Puglia,4029053,4449027,110.42,0.87
1559,2021-03-08,PUG,15006,6441,8565,12439,2412,155,ITF,ITF4,16,Puglia,Puglia,4029053,4464033,110.8,0.37
1560,2021-01-22,PUG,1414,580,834,992,421,1,ITF,ITF4,16,Puglia,Puglia,4029053,4465447,110.83,0.04
1561,2021-04-29,PUG,26300,12160,14140,19175,6701,424,ITF,ITF4,16,Puglia,Puglia,4029053,4491747,111.48,0.65
1562,2021-08-07,PUG,10022,5293,4729,3530,6196,296,ITF,ITF4,16,Puglia,Puglia,4029053,4501769,111.73,0.25
1563,2021-02-22,PUG,9651,4539,5112,9226,336,89,ITF,ITF4,16,Puglia,Puglia,4029053,4511420,111.97,0.24
1564,2021-04-01,PUG,13972,6565,7407,7379,6378,215,ITF,ITF4,16,Puglia,Puglia,4029053,4525392,112.32,0.35
1565,2021-02-03,PUG,5051,2007,3044,705,4345,1,ITF,ITF4,16,Puglia,Puglia,4029053,4530443,112.44,0.13
1566,2021-04-03,PUG,10580,4659,5921,6819,3568,193,ITF,ITF4,16,Puglia,Puglia,4029053,4541023,112.71,0.26
1567,2021-06-25,PUG,50865,25056,25809,23845,26121,899,ITF,ITF4,16,Puglia,Puglia,4029053,4591888,113.97,1.26
1568,2021-02-05,PUG,5645,2275,3370,1311,4329,5,ITF,ITF4,16,Puglia,Puglia,4029053,4597533,114.11,0.14
1569,2021-05-16,PUG,24625,11110,13515,12462,11938,225,ITF,ITF4,16,Puglia,Puglia,4029053,4622158,114.72,0.61
1570,2021-07-12,PUG,45715,21581,24134,12756,32196,763,ITF,ITF4,16,Puglia,Puglia,4029053,4667873,115.86,1.13
1571,2021-03-16,PUG,9884,4692,5192,3450,6377,57,ITF,ITF4,16,Puglia,Puglia,4029053,4677757,116.1,0.25
1572,2021-06-24,PUG,52916,25601,27315,23583,28547,786,ITF,ITF4,16,Puglia,Puglia,4029053,4730673,117.41,1.31
1573,2021-04-28,PUG,19862,8909,10953,14811,4787,264,ITF,ITF4,16,Puglia,Puglia,4029053,4750535,117.91,0.49
1574,2021-08-06,PUG,29607,15362,14245,8799,20055,753,ITF,ITF4,16,Puglia,Puglia,4029053,4780142,118.64,0.73
1575,2021-01-09,PUG,4894,2252,2642,4890,0,4,ITF,ITF4,16,Puglia,Puglia,4029053,4785036,118.76,0.12
1576,2021-07-01,PUG,48397,22655,25742,11454,36311,632,ITF,ITF4,16,Puglia,Puglia,4029053,4833433,119.96,1.2
1577,2021-03-14,PUG,3377,1462,1915,2474,866,37,ITF,ITF4,16,Puglia,Puglia,4029053,4836810,120.05,0.08
1578,2021-01-16,PUG,2508,1036,1472,2507,0,1,ITF,ITF4,16,Puglia,Puglia,4029053,4839318,120.11,0.06
1579,2021-05-21,PUG,39221,18627,20594,28263,10164,794,ITF,ITF4,16,Puglia,Puglia,4029053,4878539,121.08,0.97
1580,2021-05-19,PUG,26460,12794,13666,19549,6479,432,ITF,ITF4,16,Puglia,Puglia,4029053,4904999,121.74,0.66
1581,2021-03-23,PUG,11145,5659,5486,4532,6519,94,ITF,ITF4,16,Puglia,Puglia,4029053,4916144,122.02,0.28
1582,2021-03-25,PUG,11761,6028,5733,5256,6405,100,ITF,ITF4,16,Puglia,Puglia,4029053,4927905,122.31,0.29
1583,2021-07-03,PUG,33238,16661,16577,13476,19263,499,ITF,ITF4,16,Puglia,Puglia,4029053,4961143,123.13,0.82
1584,2021-02-08,PUG,4008,1620,2388,1582,2411,15,ITF,ITF4,16,Puglia,Puglia,4029053,4965151,123.23,0.1
1585,2021-02-10,PUG,3655,1441,2214,2122,1513,20,ITF,ITF4,16,Puglia,Puglia,4029053,4968806,123.32,0.09
1586,2021-05-23,PUG,17954,8395,9559,13863,3830,261,ITF,ITF4,16,Puglia,Puglia,4029053,4986760,123.77,0.45
1587,2021-02-17,PUG,4295,1752,2543,3616,640,39,ITF,ITF4,16,Puglia,Puglia,4029053,4991055,123.88,0.11
1588,2021-05-28,PUG,44101,20880,23221,27431,15869,801,ITF,ITF4,16,Puglia,Puglia,4029053,5035156,124.97,1.09
1589,2021-07-26,PUG,47517,23717,23800,16906,29660,951,ITF,ITF4,16,Puglia,Puglia,4029053,5082673,126.15,1.18
1590,2021-05-30,PUG,21041,10069,10972,15715,5070,256,ITF,ITF4,16,Puglia,Puglia,4029053,5103714,126.67,0.52
1591,2021-08-03,SIC,32045,15720,16325,13867,17758,420,ITG,ITG1,19,Sicilia,Sicilia,4999891,32045,0.64,0.64
1592,2021-05-31,SIC,38099,17153,20946,21273,16529,297,ITG,ITG1,19,Sicilia,Sicilia,4999891,70144,1.4,0.76
1593,2021-08-01,SIC,19957,10422,9535,7852,11958,147,ITG,ITG1,19,Sicilia,Sicilia,4999891,90101,1.8,0.4
1594,2021-06-19,SIC,44270,21050,23220,18751,25201,318,ITG,ITG1,19,Sicilia,Sicilia,4999891,134371,2.69,0.89
1595,2021-04-23,SIC,28631,13723,14908,22417,5840,374,ITG,ITG1,19,Sicilia,Sicilia,4999891,163002,3.26,0.57
1596,2021-06-26,SIC,37261,17779,19482,16351,20604,306,ITG,ITG1,19,Sicilia,Sicilia,4999891,200263,4.01,0.75
1597,2021-02-25,SIC,9941,5205,4736,8687,1164,90,ITG,ITG1,19,Sicilia,Sicilia,4999891,210204,4.2,0.2
1598,2021-06-05,SIC,59950,28518,31432,48735,10594,621,ITG,ITG1,19,Sicilia,Sicilia,4999891,270154,5.4,1.2
1599,2021-03-14,SIC,8774,3927,4847,4885,3836,53,ITG,ITG1,19,Sicilia,Sicilia,4999891,278928,5.58,0.18
1600,2021-02-11,SIC,5238,2060,3178,4653,466,119,ITG,ITG1,19,Sicilia,Sicilia,4999891,284166,5.68,0.1
1601,2021-06-24,SIC,42302,19640,22662,17590,24354,358,ITG,ITG1,19,Sicilia,Sicilia,4999891,326468,6.53,0.85
1602,2021-06-07,SIC,49680,23411,26269,41113,8035,532,ITG,ITG1,19,Sicilia,Sicilia,4999891,376148,7.52,0.99
1603,2021-01-25,SIC,7445,3687,3758,275,7163,7,ITG,ITG1,19,Sicilia,Sicilia,4999891,383593,7.67,0.15
1604,2021-05-05,SIC,26383,12216,14167,16261,9678,444,ITG,ITG1,19,Sicilia,Sicilia,4999891,409976,8.2,0.53
1605,2021-05-19,SIC,42876,20762,22114,28184,14322,370,ITG,ITG1,19,Sicilia,Sicilia,4999891,452852,9.06,0.86
1606,2021-07-27,SIC,43263,21438,21825,19250,23551,462,ITG,ITG1,19,Sicilia,Sicilia,4999891,496115,9.92,0.87
1607,2021-01-30,SIC,7726,3550,4176,153,7570,3,ITG,ITG1,19,Sicilia,Sicilia,4999891,503841,10.08,0.15
1608,2021-03-28,SIC,10978,5145,5833,6899,4012,67,ITG,ITG1,19,Sicilia,Sicilia,4999891,514819,10.3,0.22
1609,2021-07-15,SIC,48348,22445,25903,7985,40102,261,ITG,ITG1,19,Sicilia,Sicilia,4999891,563167,11.26,0.97
1610,2021-03-02,SIC,14762,6372,8390,11870,2779,113,ITG,ITG1,19,Sicilia,Sicilia,4999891,577929,11.56,0.3
1611,2021-01-04,SIC,8504,4246,4258,8457,0,47,ITG,ITG1,19,Sicilia,Sicilia,4999891,586433,11.73,0.17
1612,2021-01-18,SIC,1621,674,947,1453,157,11,ITG,ITG1,19,Sicilia,Sicilia,4999891,588054,11.76,0.03
1613,2021-04-28,SIC,29286,13723,15563,19730,9161,395,ITG,ITG1,19,Sicilia,Sicilia,4999891,617340,12.35,0.59
1614,2021-08-10,SIC,21935,10916,11019,10743,10934,258,ITG,ITG1,19,Sicilia,Sicilia,4999891,639275,12.79,0.44
1615,2021-04-11,SIC,15379,7595,7784,8234,7036,109,ITG,ITG1,19,Sicilia,Sicilia,4999891,654654,13.09,0.31
1616,2021-07-20,SIC,48426,23585,24841,12778,35298,350,ITG,ITG1,19,Sicilia,Sicilia,4999891,703080,14.06,0.97
1617,2020-12-30,SIC,185,109,76,184,0,1,ITG,ITG1,19,Sicilia,Sicilia,4999891,703265,14.07,0.0
1618,2021-01-16,SIC,2736,1220,1516,2715,0,21,ITG,ITG1,19,Sicilia,Sicilia,4999891,706001,14.12,0.05
1619,2021-07-01,SIC,30960,14066,16894,10724,19980,256,ITG,ITG1,19,Sicilia,Sicilia,4999891,736961,14.74,0.62
1620,2021-04-09,SIC,20227,9841,10386,10926,9040,261,ITG,ITG1,19,Sicilia,Sicilia,4999891,757188,15.14,0.4
1621,2021-03-23,SIC,20957,10082,10875,15232,5565,160,ITG,ITG1,19,Sicilia,Sicilia,4999891,778145,15.56,0.42
1622,2021-02-13,SIC,2979,1124,1855,2687,255,37,ITG,ITG1,19,Sicilia,Sicilia,4999891,781124,15.62,0.06
1623,2021-05-24,SIC,35873,17439,18434,15589,20051,233,ITG,ITG1,19,Sicilia,Sicilia,4999891,816997,16.34,0.72
1624,2021-05-17,SIC,31921,15405,16516,18996,12637,288,ITG,ITG1,19,Sicilia,Sicilia,4999891,848918,16.98,0.64
1625,2021-02-18,SIC,5341,3146,2195,4845,430,66,ITG,ITG1,19,Sicilia,Sicilia,4999891,854259,17.09,0.11
1626,2021-05-12,SIC,36853,17378,19475,21405,14921,527,ITG,ITG1,19,Sicilia,Sicilia,4999891,891112,17.82,0.74
1627,2021-07-17,SIC,49311,24289,25022,9319,39694,298,ITG,ITG1,19,Sicilia,Sicilia,4999891,940423,18.81,0.99
1628,2021-04-08,SIC,18996,9338,9658,9274,9536,186,ITG,ITG1,19,Sicilia,Sicilia,4999891,959419,19.19,0.38
1629,2021-04-16,SIC,28862,14500,14362,20254,8296,312,ITG,ITG1,19,Sicilia,Sicilia,4999891,988281,19.77,0.58
1630,2021-01-23,SIC,4488,2311,2177,212,4266,10,ITG,ITG1,19,Sicilia,Sicilia,4999891,992769,19.86,0.09
1631,2021-01-06,SIC,6259,3294,2965,6199,0,60,ITG,ITG1,19,Sicilia,Sicilia,4999891,999028,19.98,0.13
1632,2021-04-02,SIC,13892,6553,7339,9046,4735,111,ITG,ITG1,19,Sicilia,Sicilia,4999891,1012920,20.26,0.28
1633,2021-02-10,SIC,4352,1775,2577,3886,381,85,ITG,ITG1,19,Sicilia,Sicilia,4999891,1017272,20.35,0.09
1634,2021-05-21,SIC,48696,23072,25624,26656,21618,422,ITG,ITG1,19,Sicilia,Sicilia,4999891,1065968,21.32,0.97
1635,2021-03-16,SIC,9623,4323,5300,3555,5999,69,ITG,ITG1,19,Sicilia,Sicilia,4999891,1075591,21.51,0.19
1636,2021-07-08,SIC,38399,17497,20902,6548,31630,221,ITG,ITG1,19,Sicilia,Sicilia,4999891,1113990,22.28,0.77
1637,2021-02-27,SIC,12237,5504,6733,10934,1204,99,ITG,ITG1,19,Sicilia,Sicilia,4999891,1126227,22.53,0.24
1638,2021-04-30,SIC,35041,16351,18690,23542,11038,461,ITG,ITG1,19,Sicilia,Sicilia,4999891,1161268,23.23,0.7
1639,2021-03-04,SIC,15241,6697,8544,10993,4121,127,ITG,ITG1,19,Sicilia,Sicilia,4999891,1176509,23.53,0.3
1640,2021-08-08,SIC,15369,8154,7215,7463,7717,189,ITG,ITG1,19,Sicilia,Sicilia,4999891,1191878,23.84,0.31
1641,2021-06-12,SIC,45785,22399,23386,39364,5894,527,ITG,ITG1,19,Sicilia,Sicilia,4999891,1237663,24.75,0.92
1642,2021-05-07,SIC,36567,17265,19302,24587,11618,362,ITG,ITG1,19,Sicilia,Sicilia,4999891,1274230,25.49,0.73
1643,2021-03-11,SIC,15440,6705,8735,12873,2418,149,ITG,ITG1,19,Sicilia,Sicilia,4999891,1289670,25.79,0.31
1644,2021-01-27,SIC,7293,3713,3580,171,7121,1,ITG,ITG1,19,Sicilia,Sicilia,4999891,1296963,25.94,0.15
1645,2021-02-23,SIC,8785,4667,4118,8229,468,88,ITG,ITG1,19,Sicilia,Sicilia,4999891,1305748,26.12,0.18
1646,2021-03-09,SIC,13159,5766,7393,10828,2201,130,ITG,ITG1,19,Sicilia,Sicilia,4999891,1318907,26.38,0.26
1647,2021-01-11,SIC,5913,2611,3302,5855,0,58,ITG,ITG1,19,Sicilia,Sicilia,4999891,1324820,26.5,0.12
1648,2021-04-04,SIC,6797,3321,3476,5438,1294,65,ITG,ITG1,19,Sicilia,Sicilia,4999891,1331617,26.63,0.14
1649,2021-07-13,SIC,46076,21151,24925,6893,38968,215,ITG,ITG1,19,Sicilia,Sicilia,4999891,1377693,27.55,0.92
1650,2020-12-28,SIC,222,135,87,221,0,1,ITG,ITG1,19,Sicilia,Sicilia,4999891,1377915,27.56,0.0
1651,2021-03-21,SIC,15220,7341,7879,11181,3969,70,ITG,ITG1,19,Sicilia,Sicilia,4999891,1393135,27.86,0.3
1652,2021-02-06,SIC,4735,2118,2617,1448,3266,21,ITG,ITG1,19,Sicilia,Sicilia,4999891,1397870,27.96,0.09
1653,2021-02-04,SIC,6759,3082,3677,1422,5308,29,ITG,ITG1,19,Sicilia,Sicilia,4999891,1404629,28.09,0.14
1654,2021-01-01,SIC,823,441,382,819,0,4,ITG,ITG1,19,Sicilia,Sicilia,4999891,1405452,28.11,0.02
1655,2021-04-20,SIC,19001,9007,9994,13453,5248,300,ITG,ITG1,19,Sicilia,Sicilia,4999891,1424453,28.49,0.38
1656,2021-02-20,SIC,7170,3707,3463,6801,272,97,ITG,ITG1,19,Sicilia,Sicilia,4999891,1431623,28.63,0.14
1657,2021-02-03,SIC,5942,2793,3149,711,5223,8,ITG,ITG1,19,Sicilia,Sicilia,4999891,1437565,28.75,0.12
1658,2021-04-27,SIC,26458,12688,13770,15168,10954,336,ITG,ITG1,19,Sicilia,Sicilia,4999891,1464023,29.28,0.53
1659,2021-08-05,SIC,23938,11882,12056,11601,12035,302,ITG,ITG1,19,Sicilia,Sicilia,4999891,1487961,29.76,0.48
1660,2021-05-14,SIC,52183,24472,27711,35751,15672,760,ITG,ITG1,19,Sicilia,Sicilia,4999891,1540144,30.8,1.04
1661,2021-08-12,SIC,15295,7654,7641,8033,7019,243,ITG,ITG1,19,Sicilia,Sicilia,4999891,1555439,31.11,0.31
1662,2021-04-01,SIC,14311,6623,7688,9508,4667,136,ITG,ITG1,19,Sicilia,Sicilia,4999891,1569750,31.4,0.29
1663,2021-07-10,SIC,46910,22352,24558,6061,40643,206,ITG,ITG1,19,Sicilia,Sicilia,4999891,1616660,32.33,0.94
1664,2021-07-12,SIC,48999,22616,26383,6451,42351,197,ITG,ITG1,19,Sicilia,Sicilia,4999891,1665659,33.31,0.98
1665,2021-02-08,SIC,3887,1680,2207,2080,1758,49,ITG,ITG1,19,Sicilia,Sicilia,4999891,1669546,33.39,0.08
1666,2021-01-22,SIC,1290,641,649,261,1027,2,ITG,ITG1,19,Sicilia,Sicilia,4999891,1670836,33.42,0.03
1667,2021-01-08,SIC,8144,3792,4352,8052,0,92,ITG,ITG1,19,Sicilia,Sicilia,4999891,1678980,33.58,0.16
1668,2021-04-18,SIC,19837,9918,9919,15289,4362,186,ITG,ITG1,19,Sicilia,Sicilia,4999891,1698817,33.98,0.4
1669,2021-05-16,SIC,33702,16440,17262,21890,11518,294,ITG,ITG1,19,Sicilia,Sicilia,4999891,1732519,34.65,0.67
1670,2021-05-02,SIC,24606,11428,13178,17699,6604,303,ITG,ITG1,19,Sicilia,Sicilia,4999891,1757125,35.14,0.49
1671,2021-03-20,SIC,18593,8982,9611,13363,5138,92,ITG,ITG1,19,Sicilia,Sicilia,4999891,1775718,35.52,0.37
1672,2021-06-28,SIC,31908,14859,17049,14882,16732,294,ITG,ITG1,19,Sicilia,Sicilia,4999891,1807626,36.15,0.64
1673,2021-01-13,SIC,5184,2443,2741,5150,0,34,ITG,ITG1,19,Sicilia,Sicilia,4999891,1812810,36.26,0.1
1674,2021-01-20,SIC,966,513,453,690,273,3,ITG,ITG1,19,Sicilia,Sicilia,4999891,1813776,36.28,0.02
1675,2021-03-18,SIC,15409,7754,7655,9735,5620,54,ITG,ITG1,19,Sicilia,Sicilia,4999891,1829185,36.58,0.31
1676,2021-06-16,SIC,40404,18788,21616,21239,18809,356,ITG,ITG1,19,Sicilia,Sicilia,4999891,1869589,37.39,0.81
1677,2021-03-25,SIC,20468,9530,10938,14752,5544,172,ITG,ITG1,19,Sicilia,Sicilia,4999891,1890057,37.8,0.41
1678,2021-07-03,SIC,33908,16295,17613,9038,24628,242,ITG,ITG1,19,Sicilia,Sicilia,4999891,1923965,38.48,0.68
1679,2021-03-06,SIC,12643,5061,7582,9761,2782,100,ITG,ITG1,19,Sicilia,Sicilia,4999891,1936608,38.73,0.25
1680,2021-06-14,SIC,43478,20653,22825,28158,14893,427,ITG,ITG1,19,Sicilia,Sicilia,4999891,1980086,39.6,0.87
1681,2021-05-28,SIC,51247,22977,28270,24307,26526,414,ITG,ITG1,19,Sicilia,Sicilia,4999891,2031333,40.63,1.02
1682,2021-01-15,SIC,5320,2332,2988,5253,0,67,ITG,ITG1,19,Sicilia,Sicilia,4999891,2036653,40.73,0.11
1683,2021-04-25,SIC,21402,10207,11195,16149,5019,234,ITG,ITG1,19,Sicilia,Sicilia,4999891,2058055,41.16,0.43
1684,2021-02-01,SIC,5950,2641,3309,298,5639,13,ITG,ITG1,19,Sicilia,Sicilia,4999891,2064005,41.28,0.12
1685,2021-03-22,SIC,16679,7915,8764,11160,5425,94,ITG,ITG1,19,Sicilia,Sicilia,4999891,2080684,41.61,0.33
1686,2021-06-30,SIC,32549,15012,17537,11390,20838,321,ITG,ITG1,19,Sicilia,Sicilia,4999891,2113233,42.27,0.65
1687,2020-12-29,SIC,244,152,92,244,0,0,ITG,ITG1,19,Sicilia,Sicilia,4999891,2113477,42.27,0.0
1688,2021-06-13,SIC,34542,17162,17380,30604,3506,432,ITG,ITG1,19,Sicilia,Sicilia,4999891,2148019,42.96,0.69
1689,2021-07-29,SIC,36151,17870,18281,14312,21499,340,ITG,ITG1,19,Sicilia,Sicilia,4999891,2184170,43.68,0.72
1690,2021-07-24,SIC,40731,21209,19522,16799,23628,304,ITG,ITG1,19,Sicilia,Sicilia,4999891,2224901,44.5,0.81
1691,2021-03-30,SIC,14578,6768,7810,9713,4766,99,ITG,ITG1,19,Sicilia,Sicilia,4999891,2239479,44.79,0.29
1692,2021-03-13,SIC,12213,5388,6825,7626,4494,93,ITG,ITG1,19,Sicilia,Sicilia,4999891,2251692,45.03,0.24
1693,2021-04-17,SIC,26014,13159,12855,18673,7066,275,ITG,ITG1,19,Sicilia,Sicilia,4999891,2277706,45.56,0.52
1694,2021-07-26,SIC,44499,22170,22329,16692,27438,369,ITG,ITG1,19,Sicilia,Sicilia,4999891,2322205,46.45,0.89
1695,2021-03-17,SIC,15047,7439,7608,9073,5848,126,ITG,ITG1,19,Sicilia,Sicilia,4999891,2337252,46.75,0.3
1696,2021-06-25,SIC,39793,18671,21122,17379,22075,339,ITG,ITG1,19,Sicilia,Sicilia,4999891,2377045,47.54,0.8
1697,2021-07-09,SIC,44845,20692,24153,6434,38234,177,ITG,ITG1,19,Sicilia,Sicilia,4999891,2421890,48.44,0.9
1698,2021-06-23,SIC,44470,20693,23777,17897,26240,333,ITG,ITG1,19,Sicilia,Sicilia,4999891,2466360,49.33,0.89
1699,2021-01-24,SIC,4328,2264,2064,127,4199,2,ITG,ITG1,19,Sicilia,Sicilia,4999891,2470688,49.41,0.09
1700,2021-05-04,SIC,26845,12471,14374,17146,9293,406,ITG,ITG1,19,Sicilia,Sicilia,4999891,2497533,49.95,0.54
1701,2021-02-07,SIC,2321,982,1339,664,1648,9,ITG,ITG1,19,Sicilia,Sicilia,4999891,2499854,50.0,0.05
1702,2021-07-14,SIC,47486,21998,25488,7922,39307,257,ITG,ITG1,19,Sicilia,Sicilia,4999891,2547340,50.95,0.95
1703,2021-05-18,SIC,36123,17388,18735,23241,12484,398,ITG,ITG1,19,Sicilia,Sicilia,4999891,2583463,51.67,0.72
1704,2021-07-05,SIC,37521,17611,19910,8918,28363,240,ITG,ITG1,19,Sicilia,Sicilia,4999891,2620984,52.42,0.75
1705,2021-06-21,SIC,40249,18635,21614,18423,21498,328,ITG,ITG1,19,Sicilia,Sicilia,4999891,2661233,53.23,0.8
1706,2021-05-09,SIC,28414,13311,15103,19765,8290,359,ITG,ITG1,19,Sicilia,Sicilia,4999891,2689647,53.79,0.57
1707,2021-04-10,SIC,20446,9979,10467,11314,8966,166,ITG,ITG1,19,Sicilia,Sicilia,4999891,2710093,54.2,0.41
1708,2021-01-17,SIC,1311,596,715,1238,64,9,ITG,ITG1,19,Sicilia,Sicilia,4999891,2711404,54.23,0.03
1709,2021-07-02,SIC,30559,14230,16329,9931,20342,286,ITG,ITG1,19,Sicilia,Sicilia,4999891,2741963,54.84,0.61
1710,2021-02-19,SIC,4981,2697,2284,4330,564,87,ITG,ITG1,19,Sicilia,Sicilia,4999891,2746944,54.94,0.1
1711,2021-03-08,SIC,13498,5954,7544,10764,2613,121,ITG,ITG1,19,Sicilia,Sicilia,4999891,2760442,55.21,0.27
1712,2021-02-15,SIC,3773,1768,2005,3134,564,75,ITG,ITG1,19,Sicilia,Sicilia,4999891,2764215,55.29,0.08
1713,2021-07-22,SIC,40598,19938,20660,11214,29091,293,ITG,ITG1,19,Sicilia,Sicilia,4999891,2804813,56.1,0.81
1714,2021-05-26,SIC,44697,21016,23681,23894,20458,345,ITG,ITG1,19,Sicilia,Sicilia,4999891,2849510,56.99,0.89
1715,2021-01-03,SIC,4800,2507,2293,4769,0,31,ITG,ITG1,19,Sicilia,Sicilia,4999891,2854310,57.09,0.1
1716,2021-04-13,SIC,20252,9871,10381,11236,8839,177,ITG,ITG1,19,Sicilia,Sicilia,4999891,2874562,57.49,0.41
1717,2021-07-31,SIC,28733,14928,13805,10444,18024,265,ITG,ITG1,19,Sicilia,Sicilia,4999891,2903295,58.07,0.57
1718,2021-01-10,SIC,3563,1596,1967,3542,0,21,ITG,ITG1,19,Sicilia,Sicilia,4999891,2906858,58.14,0.07
1719,2021-06-06,SIC,49527,23919,25608,41146,7825,556,ITG,ITG1,19,Sicilia,Sicilia,4999891,2956385,59.13,0.99
1720,2021-02-26,SIC,11977,5873,6104,10180,1681,116,ITG,ITG1,19,Sicilia,Sicilia,4999891,2968362,59.37,0.24
1721,2021-05-06,SIC,29473,14008,15465,18159,10834,480,ITG,ITG1,19,Sicilia,Sicilia,4999891,2997835,59.96,0.59
1722,2021-08-14,SIC,5282,2873,2409,2700,2485,97,ITG,ITG1,19,Sicilia,Sicilia,4999891,3003117,60.06,0.11
1723,2021-07-21,SIC,42930,20951,21979,10627,31995,308,ITG,ITG1,19,Sicilia,Sicilia,4999891,3046047,60.92,0.86
1724,2021-07-07,SIC,35435,16209,19226,6061,29136,238,ITG,ITG1,19,Sicilia,Sicilia,4999891,3081482,61.63,0.71
1725,2021-05-25,SIC,33551,15426,18125,13939,19353,259,ITG,ITG1,19,Sicilia,Sicilia,4999891,3115033,62.3,0.67
1726,2021-03-29,SIC,15038,7079,7959,10397,4498,143,ITG,ITG1,19,Sicilia,Sicilia,4999891,3130071,62.6,0.3
1727,2021-06-01,SIC,38993,17723,21270,24596,14045,352,ITG,ITG1,19,Sicilia,Sicilia,4999891,3169064,63.38,0.78
1728,2021-04-05,SIC,8023,3958,4065,6515,1441,67,ITG,ITG1,19,Sicilia,Sicilia,4999891,3177087,63.54,0.16
1729,2021-02-05,SIC,6785,3003,3782,2088,4659,38,ITG,ITG1,19,Sicilia,Sicilia,4999891,3183872,63.68,0.14
1730,2021-04-03,SIC,16420,7819,8601,13423,2835,162,ITG,ITG1,19,Sicilia,Sicilia,4999891,3200292,64.01,0.33
1731,2021-07-19,SIC,48930,23576,25354,11651,36924,355,ITG,ITG1,19,Sicilia,Sicilia,4999891,3249222,64.99,0.98
1732,2021-03-05,SIC,15764,6837,8927,11377,4238,149,ITG,ITG1,19,Sicilia,Sicilia,4999891,3264986,65.3,0.32
1733,2021-02-16,SIC,4200,2207,1993,3664,465,71,ITG,ITG1,19,Sicilia,Sicilia,4999891,3269186,65.39,0.08
1734,2021-05-30,SIC,35772,16174,19598,17422,18054,296,ITG,ITG1,19,Sicilia,Sicilia,4999891,3304958,66.1,0.72
1735,2021-05-13,SIC,47458,22253,25205,30292,16540,626,ITG,ITG1,19,Sicilia,Sicilia,4999891,3352416,67.05,0.95
1736,2021-01-31,SIC,4059,1942,2117,107,3950,2,ITG,ITG1,19,Sicilia,Sicilia,4999891,3356475,67.13,0.08
1737,2021-05-11,SIC,32679,15500,17179,19687,12490,502,ITG,ITG1,19,Sicilia,Sicilia,4999891,3389154,67.78,0.65
1738,2021-02-17,SIC,5218,3204,2014,4500,670,48,ITG,ITG1,19,Sicilia,Sicilia,4999891,3394372,67.89,0.1
1739,2021-04-24,SIC,31189,14715,16474,23150,7637,402,ITG,ITG1,19,Sicilia,Sicilia,4999891,3425561,68.51,0.62
1740,2021-08-02,SIC,32937,16370,16567,12833,19760,344,ITG,ITG1,19,Sicilia,Sicilia,4999891,3458498,69.17,0.66
1741,2021-01-05,SIC,10399,5111,5288,10321,0,78,ITG,ITG1,19,Sicilia,Sicilia,4999891,3468897,69.38,0.21
1742,2021-04-15,SIC,21577,10491,11086,12008,9350,219,ITG,ITG1,19,Sicilia,Sicilia,4999891,3490474,69.81,0.43
1743,2021-06-20,SIC,33419,15817,17602,15116,18044,259,ITG,ITG1,19,Sicilia,Sicilia,4999891,3523893,70.48,0.67
1744,2021-03-31,SIC,14518,6706,7812,9443,4932,143,ITG,ITG1,19,Sicilia,Sicilia,4999891,3538411,70.77,0.29
1745,2021-01-07,SIC,8969,4147,4822,8888,0,81,ITG,ITG1,19,Sicilia,Sicilia,4999891,3547380,70.95,0.18
1746,2021-03-15,SIC,10673,4726,5947,5645,4949,79,ITG,ITG1,19,Sicilia,Sicilia,4999891,3558053,71.16,0.21
1747,2021-07-28,SIC,37655,18864,18791,14687,22647,321,ITG,ITG1,19,Sicilia,Sicilia,4999891,3595708,71.92,0.75
1748,2021-04-12,SIC,19012,9215,9797,11491,7276,245,ITG,ITG1,19,Sicilia,Sicilia,4999891,3614720,72.3,0.38
1749,2021-02-14,SIC,1055,402,653,905,140,10,ITG,ITG1,19,Sicilia,Sicilia,4999891,3615775,72.32,0.02
1750,2021-01-02,SIC,4878,2544,2334,4844,0,34,ITG,ITG1,19,Sicilia,Sicilia,4999891,3620653,72.41,0.1
1751,2021-03-27,SIC,15691,7404,8287,10683,4886,122,ITG,ITG1,19,Sicilia,Sicilia,4999891,3636344,72.73,0.31
1752,2021-01-29,SIC,9185,4256,4929,410,8763,12,ITG,ITG1,19,Sicilia,Sicilia,4999891,3645529,72.91,0.18
1753,2021-02-12,SIC,4606,1829,2777,4241,286,79,ITG,ITG1,19,Sicilia,Sicilia,4999891,3650135,73.0,0.09
1754,2021-05-23,SIC,34092,16598,17494,19847,14016,229,ITG,ITG1,19,Sicilia,Sicilia,4999891,3684227,73.69,0.68
1755,2021-06-10,SIC,53042,24902,28140,45150,7243,649,ITG,ITG1,19,Sicilia,Sicilia,4999891,3737269,74.75,1.06
1756,2021-05-27,SIC,47590,21917,25673,24455,22717,418,ITG,ITG1,19,Sicilia,Sicilia,4999891,3784859,75.7,0.95
1757,2021-04-14,SIC,20582,9941,10641,11625,8767,190,ITG,ITG1,19,Sicilia,Sicilia,4999891,3805441,76.11,0.41
1758,2021-07-23,SIC,41435,20813,20622,14346,26767,322,ITG,ITG1,19,Sicilia,Sicilia,4999891,3846876,76.94,0.83
1759,2021-06-17,SIC,41825,19474,22351,20315,21143,367,ITG,ITG1,19,Sicilia,Sicilia,4999891,3888701,77.78,0.84
1760,2020-12-31,SIC,894,475,419,886,0,8,ITG,ITG1,19,Sicilia,Sicilia,4999891,3889595,77.79,0.02
1761,2021-03-07,SIC,9261,3454,5807,8118,1083,60,ITG,ITG1,19,Sicilia,Sicilia,4999891,3898856,77.98,0.19
1762,2021-06-15,SIC,46106,21723,24383,28156,17519,431,ITG,ITG1,19,Sicilia,Sicilia,4999891,3944962,78.9,0.92
1763,2021-03-24,SIC,20968,9870,11098,15038,5737,193,ITG,ITG1,19,Sicilia,Sicilia,4999891,3965930,79.32,0.42
1764,2021-08-06,SIC,24840,12603,12237,13527,10906,407,ITG,ITG1,19,Sicilia,Sicilia,4999891,3990770,79.82,0.5
1765,2021-04-26,SIC,21699,10275,11424,13302,8083,314,ITG,ITG1,19,Sicilia,Sicilia,4999891,4012469,80.25,0.43
1766,2021-02-02,SIC,5319,2493,2826,615,4694,10,ITG,ITG1,19,Sicilia,Sicilia,4999891,4017788,80.36,0.11
1767,2021-04-22,SIC,26770,12642,14128,19896,6460,414,ITG,ITG1,19,Sicilia,Sicilia,4999891,4044558,80.89,0.54
1768,2021-03-10,SIC,13930,6123,7807,11609,2183,138,ITG,ITG1,19,Sicilia,Sicilia,4999891,4058488,81.17,0.28
1769,2021-01-12,SIC,4364,2136,2228,4319,0,45,ITG,ITG1,19,Sicilia,Sicilia,4999891,4062852,81.26,0.09
1770,2021-06-18,SIC,43589,20144,23445,18848,24371,370,ITG,ITG1,19,Sicilia,Sicilia,4999891,4106441,82.13,0.87
1771,2021-06-27,SIC,25307,12201,13106,12097,12979,231,ITG,ITG1,19,Sicilia,Sicilia,4999891,4131748,82.64,0.51
1772,2021-05-15,SIC,56488,26391,30097,40344,15242,902,ITG,ITG1,19,Sicilia,Sicilia,4999891,4188236,83.77,1.13
1773,2021-03-19,SIC,16316,8055,8261,10649,5576,91,ITG,ITG1,19,Sicilia,Sicilia,4999891,4204552,84.09,0.33
1774,2021-08-13,SIC,11792,6104,5688,6081,5475,236,ITG,ITG1,19,Sicilia,Sicilia,4999891,4216344,84.33,0.24
1775,2021-02-09,SIC,4349,1800,2549,3249,1035,65,ITG,ITG1,19,Sicilia,Sicilia,4999891,4220693,84.42,0.09
1776,2021-05-20,SIC,44079,21120,22959,27742,15923,414,ITG,ITG1,19,Sicilia,Sicilia,4999891,4264772,85.3,0.88
1777,2021-06-22,SIC,39984,18377,21607,18294,21315,375,ITG,ITG1,19,Sicilia,Sicilia,4999891,4304756,86.1,0.8
1778,2021-05-22,SIC,48020,22814,25206,28309,19314,397,ITG,ITG1,19,Sicilia,Sicilia,4999891,4352776,87.06,0.96
1779,2021-02-28,SIC,7131,3032,4099,6455,630,46,ITG,ITG1,19,Sicilia,Sicilia,4999891,4359907,87.2,0.14
1780,2021-06-08,SIC,47696,22401,25295,40454,6708,534,ITG,ITG1,19,Sicilia,Sicilia,4999891,4407603,88.15,0.95
1781,2021-08-11,SIC,16374,8418,7956,8821,7266,287,ITG,ITG1,19,Sicilia,Sicilia,4999891,4423977,88.48,0.33
1782,2021-01-09,SIC,7241,3415,3826,7180,0,61,ITG,ITG1,19,Sicilia,Sicilia,4999891,4431218,88.63,0.14
1783,2021-05-03,SIC,23318,10799,12519,13266,9791,261,ITG,ITG1,19,Sicilia,Sicilia,4999891,4454536,89.09,0.47
1784,2021-07-11,SIC,36034,16869,19165,3662,32277,95,ITG,ITG1,19,Sicilia,Sicilia,4999891,4490570,89.81,0.72
1785,2021-07-25,SIC,31804,16761,15043,11844,19702,258,ITG,ITG1,19,Sicilia,Sicilia,4999891,4522374,90.45,0.64
1786,2021-04-21,SIC,22398,10751,11647,15997,6123,278,ITG,ITG1,19,Sicilia,Sicilia,4999891,4544772,90.9,0.45
1787,2021-04-07,SIC,18440,9064,9376,9739,8511,190,ITG,ITG1,19,Sicilia,Sicilia,4999891,4563212,91.27,0.37
1788,2021-07-16,SIC,49336,23368,25968,8716,40337,283,ITG,ITG1,19,Sicilia,Sicilia,4999891,4612548,92.25,0.99
1789,2021-07-30,SIC,32444,16063,16381,12057,20102,285,ITG,ITG1,19,Sicilia,Sicilia,4999891,4644992,92.9,0.65
1790,2021-06-03,SIC,45998,21096,24902,33766,11715,517,ITG,ITG1,19,Sicilia,Sicilia,4999891,4690990,93.82,0.92
1791,2021-05-29,SIC,47181,21467,25714,23529,23204,448,ITG,ITG1,19,Sicilia,Sicilia,4999891,4738171,94.77,0.94
1792,2021-08-04,SIC,24298,11987,12311,10946,13031,321,ITG,ITG1,19,Sicilia,Sicilia,4999891,4762469,95.25,0.49
1793,2021-07-18,SIC,39274,19782,19492,8102,30942,230,ITG,ITG1,19,Sicilia,Sicilia,4999891,4801743,96.04,0.79
1794,2021-01-14,SIC,5264,2492,2772,5202,0,62,ITG,ITG1,19,Sicilia,Sicilia,4999891,4807007,96.14,0.11
1795,2021-03-12,SIC,12866,5560,7306,10644,2067,155,ITG,ITG1,19,Sicilia,Sicilia,4999891,4819873,96.4,0.26
1796,2021-06-29,SIC,31376,14695,16681,15659,15315,402,ITG,ITG1,19,Sicilia,Sicilia,4999891,4851249,97.03,0.63
1797,2021-02-21,SIC,5168,2501,2667,5047,106,15,ITG,ITG1,19,Sicilia,Sicilia,4999891,4856417,97.13,0.1
1798,2021-04-19,SIC,18299,8673,9626,12480,5588,231,ITG,ITG1,19,Sicilia,Sicilia,4999891,4874716,97.5,0.37
1799,2021-06-04,SIC,57861,26767,31094,45406,11952,503,ITG,ITG1,19,Sicilia,Sicilia,4999891,4932577,98.65,1.16
1800,2021-04-06,SIC,17761,8486,9275,13260,4293,208,ITG,ITG1,19,Sicilia,Sicilia,4999891,4950338,99.01,0.36
1801,2021-02-22,SIC,7947,4133,3814,7374,493,80,ITG,ITG1,19,Sicilia,Sicilia,4999891,4958285,99.17,0.16
1802,2020-12-27,SIC,92,55,37,91,0,1,ITG,ITG1,19,Sicilia,Sicilia,4999891,4958377,99.17,0.0
1803,2021-06-02,SIC,35284,16300,18984,27108,7780,396,ITG,ITG1,19,Sicilia,Sicilia,4999891,4993661,99.88,0.71
1804,2021-03-01,SIC,12763,6071,6692,10978,1657,128,ITG,ITG1,19,Sicilia,Sicilia,4999891,5006424,100.13,0.26
1805,2021-06-09,SIC,49784,23679,26105,41912,7263,609,ITG,ITG1,19,Sicilia,Sicilia,4999891,5056208,101.13,1.0
1806,2021-08-09,SIC,25286,12908,12378,12550,12360,376,ITG,ITG1,19,Sicilia,Sicilia,4999891,5081494,101.63,0.51
1807,2021-01-19,SIC,1518,673,845,1265,239,14,ITG,ITG1,19,Sicilia,Sicilia,4999891,5083012,101.66,0.03
1808,2021-06-11,SIC,49965,23843,26122,41605,7702,658,ITG,ITG1,19,Sicilia,Sicilia,4999891,5132977,102.66,1.0
1809,2021-04-29,SIC,31828,14850,16978,21816,9560,452,ITG,ITG1,19,Sicilia,Sicilia,4999891,5164805,103.3,0.64
1810,2021-03-03,SIC,14570,6547,8023,11369,3073,128,ITG,ITG1,19,Sicilia,Sicilia,4999891,5179375,103.59,0.29
1811,2021-08-07,SIC,20144,10443,9701,10893,8914,337,ITG,ITG1,19,Sicilia,Sicilia,4999891,5199519,103.99,0.4
1812,2021-02-24,SIC,9376,4804,4572,8706,565,105,ITG,ITG1,19,Sicilia,Sicilia,4999891,5208895,104.18,0.19
1813,2021-01-21,SIC,1452,713,739,490,951,11,ITG,ITG1,19,Sicilia,Sicilia,4999891,5210347,104.21,0.03
1814,2021-05-01,SIC,24444,11313,13131,18994,5168,282,ITG,ITG1,19,Sicilia,Sicilia,4999891,5234791,104.7,0.49
1815,2021-07-06,SIC,37100,17156,19944,10287,26502,311,ITG,ITG1,19,Sicilia,Sicilia,4999891,5271891,105.44,0.74
1816,2021-05-10,SIC,28728,13790,14938,16205,12212,311,ITG,ITG1,19,Sicilia,Sicilia,4999891,5300619,106.01,0.57
1817,2021-03-26,SIC,17992,8358,9634,12348,5500,144,ITG,ITG1,19,Sicilia,Sicilia,4999891,5318611,106.37,0.36
1818,2021-01-28,SIC,9033,4274,4759,374,8658,1,ITG,ITG1,19,Sicilia,Sicilia,4999891,5327644,106.56,0.18
1819,2021-07-04,SIC,26508,12800,13708,7617,18719,172,ITG,ITG1,19,Sicilia,Sicilia,4999891,5354152,107.09,0.53
1820,2021-05-08,SIC,35648,17037,18611,24937,10306,405,ITG,ITG1,19,Sicilia,Sicilia,4999891,5389800,107.8,0.71
1821,2021-01-26,SIC,9572,4740,4832,227,9344,1,ITG,ITG1,19,Sicilia,Sicilia,4999891,5399372,107.99,0.19
1822,2021-05-26,EMR,33334,14751,18583,9930,23018,386,ITH,ITH5,8,Emilia-Romagna,Emilia-Romagna,4459477,33334,0.75,0.75
1823,2021-06-12,EMR,41373,21874,19499,35553,4918,902,ITH,ITH5,8,Emilia-Romagna,Emilia-Romagna,4459477,74707,1.68,0.93
1824,2021-03-04,EMR,16451,5348,11103,13339,3023,89,ITH,ITH5,8,Emilia-Romagna,Emilia-Romagna,4459477,91158,2.04,0.37
1825,2021-05-24,EMR,29993,13730,16263,17960,11519,514,ITH,ITH5,8,Emilia-Romagna,Emilia-Romagna,4459477,121151,2.72,0.67
1826,2021-02-13,EMR,3627,1084,2543,3015,598,14,ITH,ITH5,8,Emilia-Romagna,Emilia-Romagna,4459477,124778,2.8,0.08
1827,2021-05-12,EMR,38930,18296,20634,28453,9693,784,ITH,ITH5,8,Emilia-Romagna,Emilia-Romagna,4459477,163708,3.67,0.87
1828,2021-02-01,EMR,10320,3611,6709,356,9962,2,ITH,ITH5,8,Emilia-Romagna,Emilia-Romagna,4459477,174028,3.9,0.23
1829,2021-01-18,EMR,3125,879,2246,2443,679,3,ITH,ITH5,8,Emilia-Romagna,Emilia-Romagna,4459477,177153,3.97,0.07
1830,2021-03-16,EMR,12247,5027,7220,4873,7310,64,ITH,ITH5,8,Emilia-Romagna,Emilia-Romagna,4459477,189400,4.25,0.27
1831,2021-01-25,EMR,6464,2148,4316,206,6257,1,ITH,ITH5,8,Emilia-Romagna,Emilia-Romagna,4459477,195864,4.39,0.14
1832,2021-07-01,EMR,34518,16872,17646,14856,18840,822,ITH,ITH5,8,Emilia-Romagna,Emilia-Romagna,4459477,230382,5.17,0.77
1833,2021-03-23,EMR,18800,8146,10654,11947,6688,165,ITH,ITH5,8,Emilia-Romagna,Emilia-Romagna,4459477,249182,5.59,0.42
1834,2021-06-21,EMR,37574,18997,18577,16104,20879,591,ITH,ITH5,8,Emilia-Romagna,Emilia-Romagna,4459477,286756,6.43,0.84
1835,2021-07-08,EMR,41323,20586,20737,4737,36182,404,ITH,ITH5,8,Emilia-Romagna,Emilia-Romagna,4459477,328079,7.36,0.93
1836,2021-03-30,EMR,23314,10322,12992,17992,5042,280,ITH,ITH5,8,Emilia-Romagna,Emilia-Romagna,4459477,351393,7.88,0.52
1837,2021-07-22,EMR,40276,21494,18782,15269,24127,880,ITH,ITH5,8,Emilia-Romagna,Emilia-Romagna,4459477,391669,8.78,0.9
1838,2021-01-04,EMR,7309,2527,4782,7306,0,3,ITH,ITH5,8,Emilia-Romagna,Emilia-Romagna,4459477,398978,8.95,0.16
1839,2021-04-16,EMR,29237,13764,15473,20016,8840,381,ITH,ITH5,8,Emilia-Romagna,Emilia-Romagna,4459477,428215,9.6,0.66
1840,2021-01-06,EMR,8287,2955,5332,8286,0,1,ITH,ITH5,8,Emilia-Romagna,Emilia-Romagna,4459477,436502,9.79,0.19
1841,2021-08-08,EMR,19637,10563,9074,8731,10450,456,ITH,ITH5,8,Emilia-Romagna,Emilia-Romagna,4459477,456139,10.23,0.44
1842,2021-04-30,EMR,36634,16797,19837,21223,14803,608,ITH,ITH5,8,Emilia-Romagna,Emilia-Romagna,4459477,492773,11.05,0.82
1843,2021-03-28,EMR,13522,6040,7482,9521,3884,117,ITH,ITH5,8,Emilia-Romagna,Emilia-Romagna,4459477,506295,11.35,0.3
1844,2021-07-20,EMR,43067,22519,20548,6677,35734,656,ITH,ITH5,8,Emilia-Romagna,Emilia-Romagna,4459477,549362,12.32,0.97
1845,2021-04-11,EMR,15282,6937,8345,11982,3049,251,ITH,ITH5,8,Emilia-Romagna,Emilia-Romagna,4459477,564644,12.66,0.34
1846,2021-02-11,EMR,4254,1413,2841,3394,843,17,ITH,ITH5,8,Emilia-Romagna,Emilia-Romagna,4459477,568898,12.76,0.1
1847,2021-01-23,EMR,2448,871,1577,440,2008,0,ITH,ITH5,8,Emilia-Romagna,Emilia-Romagna,4459477,571346,12.81,0.05
1848,2021-05-07,EMR,35309,16978,18331,22702,11880,727,ITH,ITH5,8,Emilia-Romagna,Emilia-Romagna,4459477,606655,13.6,0.79
1849,2021-07-03,EMR,32098,15924,16174,11461,20001,636,ITH,ITH5,8,Emilia-Romagna,Emilia-Romagna,4459477,638753,14.32,0.72
1850,2021-01-30,EMR,10091,3526,6565,137,9953,1,ITH,ITH5,8,Emilia-Romagna,Emilia-Romagna,4459477,648844,14.55,0.23
1851,2021-02-18,EMR,7044,2891,4153,6439,589,16,ITH,ITH5,8,Emilia-Romagna,Emilia-Romagna,4459477,655888,14.71,0.16
1852,2021-06-07,EMR,40534,20803,19731,33520,6262,752,ITH,ITH5,8,Emilia-Romagna,Emilia-Romagna,4459477,696422,15.62,0.91
1853,2021-08-03,EMR,37621,19775,17846,14821,22238,562,ITH,ITH5,8,Emilia-Romagna,Emilia-Romagna,4459477,734043,16.46,0.84
1854,2021-05-09,EMR,25628,12262,13366,18264,6972,392,ITH,ITH5,8,Emilia-Romagna,Emilia-Romagna,4459477,759671,17.03,0.57
1855,2021-01-29,EMR,10421,3497,6924,290,10131,0,ITH,ITH5,8,Emilia-Romagna,Emilia-Romagna,4459477,770092,17.27,0.23
1856,2021-02-15,EMR,2902,850,2052,2710,125,67,ITH,ITH5,8,Emilia-Romagna,Emilia-Romagna,4459477,772994,17.33,0.07
1857,2021-05-19,EMR,33821,14992,18829,18030,15260,531,ITH,ITH5,8,Emilia-Romagna,Emilia-Romagna,4459477,806815,18.09,0.76
1858,2021-06-02,EMR,24110,12066,12044,18748,4974,388,ITH,ITH5,8,Emilia-Romagna,Emilia-Romagna,4459477,830925,18.63,0.54
1859,2021-08-10,EMR,30314,16211,14103,14510,14841,963,ITH,ITH5,8,Emilia-Romagna,Emilia-Romagna,4459477,861239,19.31,0.68
1860,2021-03-13,EMR,16137,6361,9776,10589,5312,236,ITH,ITH5,8,Emilia-Romagna,Emilia-Romagna,4459477,877376,19.67,0.36
1861,2021-02-25,EMR,9247,3498,5749,8271,954,22,ITH,ITH5,8,Emilia-Romagna,Emilia-Romagna,4459477,886623,19.88,0.21
1862,2021-06-19,EMR,36670,18356,18314,16779,19397,494,ITH,ITH5,8,Emilia-Romagna,Emilia-Romagna,4459477,923293,20.7,0.82
1863,2021-03-11,EMR,17471,7320,10151,11438,5853,180,ITH,ITH5,8,Emilia-Romagna,Emilia-Romagna,4459477,940764,21.1,0.39
1864,2021-02-06,EMR,7600,2407,5193,2107,5489,4,ITH,ITH5,8,Emilia-Romagna,Emilia-Romagna,4459477,948364,21.27,0.17
1865,2021-03-09,EMR,14799,6033,8766,10752,3952,95,ITH,ITH5,8,Emilia-Romagna,Emilia-Romagna,4459477,963163,21.6,0.33
1866,2021-05-05,EMR,30132,13998,16134,18300,11270,562,ITH,ITH5,8,Emilia-Romagna,Emilia-Romagna,4459477,993295,22.27,0.68
1867,2021-05-23,EMR,25496,11864,13632,13578,11603,315,ITH,ITH5,8,Emilia-Romagna,Emilia-Romagna,4459477,1018791,22.85,0.57
1868,2021-07-19,EMR,41952,22097,19855,6621,34731,600,ITH,ITH5,8,Emilia-Romagna,Emilia-Romagna,4459477,1060743,23.79,0.94
1869,2021-06-26,EMR,37466,18986,18480,21053,15534,879,ITH,ITH5,8,Emilia-Romagna,Emilia-Romagna,4459477,1098209,24.63,0.84
1870,2021-07-10,EMR,42064,21421,20643,6792,34621,651,ITH,ITH5,8,Emilia-Romagna,Emilia-Romagna,4459477,1140273,25.57,0.94
1871,2021-07-29,EMR,40698,21480,19218,14506,25507,685,ITH,ITH5,8,Emilia-Romagna,Emilia-Romagna,4459477,1180971,26.48,0.91
1872,2021-07-27,EMR,41048,21808,19240,17013,23298,737,ITH,ITH5,8,Emilia-Romagna,Emilia-Romagna,4459477,1222019,27.4,0.92
1873,2021-04-18,EMR,17511,8398,9113,12362,4922,227,ITH,ITH5,8,Emilia-Romagna,Emilia-Romagna,4459477,1239530,27.8,0.39
1874,2021-06-14,EMR,41321,21365,19956,27521,13079,721,ITH,ITH5,8,Emilia-Romagna,Emilia-Romagna,4459477,1280851,28.72,0.93
1875,2021-07-15,EMR,50332,26209,24123,7883,41735,714,ITH,ITH5,8,Emilia-Romagna,Emilia-Romagna,4459477,1331183,29.85,1.13
1876,2021-04-23,EMR,29575,13815,15760,14305,14892,378,ITH,ITH5,8,Emilia-Romagna,Emilia-Romagna,4459477,1360758,30.51,0.66
1877,2021-01-13,EMR,9077,2942,6135,9072,0,5,ITH,ITH5,8,Emilia-Romagna,Emilia-Romagna,4459477,1369835,30.72,0.2
1878,2021-04-04,EMR,9869,4714,5155,7525,2269,75,ITH,ITH5,8,Emilia-Romagna,Emilia-Romagna,4459477,1379704,30.94,0.22
1879,2021-01-11,EMR,9348,3274,6074,9339,0,9,ITH,ITH5,8,Emilia-Romagna,Emilia-Romagna,4459477,1389052,31.15,0.21
1880,2021-05-31,EMR,29784,13774,16010,17723,11511,550,ITH,ITH5,8,Emilia-Romagna,Emilia-Romagna,4459477,1418836,31.82,0.67
1881,2021-02-20,EMR,5316,2093,3223,5046,263,7,ITH,ITH5,8,Emilia-Romagna,Emilia-Romagna,4459477,1424152,31.94,0.12
1882,2021-01-15,EMR,7754,2405,5349,7746,0,8,ITH,ITH5,8,Emilia-Romagna,Emilia-Romagna,4459477,1431906,32.11,0.17
1883,2021-06-09,EMR,43102,21894,21208,35737,6396,969,ITH,ITH5,8,Emilia-Romagna,Emilia-Romagna,4459477,1475008,33.08,0.97
1884,2021-01-27,EMR,8366,2950,5416,461,7905,0,ITH,ITH5,8,Emilia-Romagna,Emilia-Romagna,4459477,1483374,33.26,0.19
1885,2021-07-31,EMR,36122,19175,16947,12159,23314,649,ITH,ITH5,8,Emilia-Romagna,Emilia-Romagna,4459477,1519496,34.07,0.81
1886,2021-07-05,EMR,33217,16197,17020,11258,21366,593,ITH,ITH5,8,Emilia-Romagna,Emilia-Romagna,4459477,1552713,34.82,0.74
1887,2021-03-27,EMR,21668,9064,12604,14520,6911,237,ITH,ITH5,8,Emilia-Romagna,Emilia-Romagna,4459477,1574381,35.3,0.49
1888,2021-04-13,EMR,23721,11130,12591,19032,4342,347,ITH,ITH5,8,Emilia-Romagna,Emilia-Romagna,4459477,1598102,35.84,0.53
1889,2021-01-03,EMR,2764,945,1819,2764,0,0,ITH,ITH5,8,Emilia-Romagna,Emilia-Romagna,4459477,1600866,35.9,0.06
1890,2021-05-02,EMR,25585,11653,13932,13189,11994,402,ITH,ITH5,8,Emilia-Romagna,Emilia-Romagna,4459477,1626451,36.47,0.57
1891,2021-01-22,EMR,1830,476,1354,1086,742,2,ITH,ITH5,8,Emilia-Romagna,Emilia-Romagna,4459477,1628281,36.51,0.04
1892,2021-02-08,EMR,5236,1535,3701,2316,2917,3,ITH,ITH5,8,Emilia-Romagna,Emilia-Romagna,4459477,1633517,36.63,0.12
1893,2021-05-16,EMR,25863,12174,13689,18357,7126,380,ITH,ITH5,8,Emilia-Romagna,Emilia-Romagna,4459477,1659380,37.21,0.58
1894,2021-06-04,EMR,45729,23012,22717,36864,8197,668,ITH,ITH5,8,Emilia-Romagna,Emilia-Romagna,4459477,1705109,38.24,1.03
1895,2021-03-25,EMR,21473,9411,12062,14233,6991,249,ITH,ITH5,8,Emilia-Romagna,Emilia-Romagna,4459477,1726582,38.72,0.48
1896,2021-05-21,EMR,39370,17554,21816,21641,17118,611,ITH,ITH5,8,Emilia-Romagna,Emilia-Romagna,4459477,1765952,39.6,0.88
1897,2021-02-10,EMR,4024,1384,2640,2759,1259,6,ITH,ITH5,8,Emilia-Romagna,Emilia-Romagna,4459477,1769976,39.69,0.09
1898,2021-04-08,EMR,31364,14402,16962,25319,5317,728,ITH,ITH5,8,Emilia-Romagna,Emilia-Romagna,4459477,1801340,40.39,0.7
1899,2021-07-12,EMR,44032,22310,21722,5413,38103,516,ITH,ITH5,8,Emilia-Romagna,Emilia-Romagna,4459477,1845372,41.38,0.99
1900,2021-06-30,EMR,34247,17283,16964,17740,15658,849,ITH,ITH5,8,Emilia-Romagna,Emilia-Romagna,4459477,1879619,42.15,0.77
1901,2021-07-17,EMR,43622,23030,20592,7167,35718,737,ITH,ITH5,8,Emilia-Romagna,Emilia-Romagna,4459477,1923241,43.13,0.98
1902,2021-06-11,EMR,45944,23846,22098,38375,6544,1025,ITH,ITH5,8,Emilia-Romagna,Emilia-Romagna,4459477,1969185,44.16,1.03
1903,2021-06-28,EMR,40047,19651,20396,19657,19568,822,ITH,ITH5,8,Emilia-Romagna,Emilia-Romagna,4459477,2009232,45.06,0.9
1904,2021-03-20,EMR,16081,6824,9257,8954,6966,161,ITH,ITH5,8,Emilia-Romagna,Emilia-Romagna,4459477,2025313,45.42,0.36
1905,2021-04-06,EMR,24753,11172,13581,19724,4747,282,ITH,ITH5,8,Emilia-Romagna,Emilia-Romagna,4459477,2050066,45.97,0.56
1906,2020-12-27,EMR,973,374,599,973,0,0,ITH,ITH5,8,Emilia-Romagna,Emilia-Romagna,4459477,2051039,45.99,0.02
1907,2021-05-28,EMR,41283,18956,22327,17274,23412,597,ITH,ITH5,8,Emilia-Romagna,Emilia-Romagna,4459477,2092322,46.92,0.93
1908,2021-04-22,EMR,29056,13453,15603,14616,14078,362,ITH,ITH5,8,Emilia-Romagna,Emilia-Romagna,4459477,2121378,47.57,0.65
1909,2021-01-12,EMR,9477,3124,6353,9468,0,9,ITH,ITH5,8,Emilia-Romagna,Emilia-Romagna,4459477,2130855,47.78,0.21
1910,2021-07-16,EMR,49753,26260,23493,7059,42043,651,ITH,ITH5,8,Emilia-Romagna,Emilia-Romagna,4459477,2180608,48.9,1.12
1911,2021-03-01,EMR,10099,3582,6517,7814,2261,24,ITH,ITH5,8,Emilia-Romagna,Emilia-Romagna,4459477,2190707,49.12,0.23
1912,2021-08-05,EMR,36213,19145,17068,17922,17375,916,ITH,ITH5,8,Emilia-Romagna,Emilia-Romagna,4459477,2226920,49.94,0.81
1913,2021-08-12,EMR,25928,14044,11884,17642,6830,1456,ITH,ITH5,8,Emilia-Romagna,Emilia-Romagna,4459477,2252848,50.52,0.58
1914,2021-05-04,EMR,29302,13721,15581,15163,13665,474,ITH,ITH5,8,Emilia-Romagna,Emilia-Romagna,4459477,2282150,51.18,0.66
1915,2021-02-27,EMR,10961,3996,6965,9191,1741,29,ITH,ITH5,8,Emilia-Romagna,Emilia-Romagna,4459477,2293111,51.42,0.25
1916,2021-04-25,EMR,22354,10241,12113,14400,7514,440,ITH,ITH5,8,Emilia-Romagna,Emilia-Romagna,4459477,2315465,51.92,0.5
1917,2021-08-07,EMR,29823,16371,13452,16682,12186,955,ITH,ITH5,8,Emilia-Romagna,Emilia-Romagna,4459477,2345288,52.59,0.67
1918,2021-01-20,EMR,1329,269,1060,1327,1,1,ITH,ITH5,8,Emilia-Romagna,Emilia-Romagna,4459477,2346617,52.62,0.03
1919,2021-07-24,EMR,38800,20923,17877,17346,20601,853,ITH,ITH5,8,Emilia-Romagna,Emilia-Romagna,4459477,2385417,53.49,0.87
1920,2021-04-15,EMR,29357,13982,15375,19239,9680,438,ITH,ITH5,8,Emilia-Romagna,Emilia-Romagna,4459477,2414774,54.15,0.66
1921,2021-06-18,EMR,42763,21442,21321,16314,25909,540,ITH,ITH5,8,Emilia-Romagna,Emilia-Romagna,4459477,2457537,55.11,0.96
1922,2021-03-10,EMR,18806,7743,11063,12982,5644,180,ITH,ITH5,8,Emilia-Romagna,Emilia-Romagna,4459477,2476343,55.53,0.42
1923,2021-02-22,EMR,7483,3092,4391,7198,272,13,ITH,ITH5,8,Emilia-Romagna,Emilia-Romagna,4459477,2483826,55.7,0.17
1924,2021-02-12,EMR,5318,1671,3647,3889,1406,23,ITH,ITH5,8,Emilia-Romagna,Emilia-Romagna,4459477,2489144,55.82,0.12
1925,2021-04-10,EMR,20925,9301,11624,16449,4144,332,ITH,ITH5,8,Emilia-Romagna,Emilia-Romagna,4459477,2510069,56.29,0.47
1926,2021-04-17,EMR,27311,13079,14232,17570,9348,393,ITH,ITH5,8,Emilia-Romagna,Emilia-Romagna,4459477,2537380,56.9,0.61
1927,2021-01-07,EMR,10274,3405,6869,10270,0,4,ITH,ITH5,8,Emilia-Romagna,Emilia-Romagna,4459477,2547654,57.13,0.23
1928,2021-03-18,EMR,13666,5801,7865,5584,8004,78,ITH,ITH5,8,Emilia-Romagna,Emilia-Romagna,4459477,2561320,57.44,0.31
1929,2021-05-14,EMR,37335,17197,20138,26789,9650,896,ITH,ITH5,8,Emilia-Romagna,Emilia-Romagna,4459477,2598655,58.27,0.84
1930,2021-02-03,EMR,9344,2990,6354,960,8383,1,ITH,ITH5,8,Emilia-Romagna,Emilia-Romagna,4459477,2607999,58.48,0.21
1931,2021-04-01,EMR,23961,10774,13187,19072,4554,335,ITH,ITH5,8,Emilia-Romagna,Emilia-Romagna,4459477,2631960,59.02,0.54
1932,2021-02-17,EMR,6539,2764,3775,5755,772,12,ITH,ITH5,8,Emilia-Romagna,Emilia-Romagna,4459477,2638499,59.17,0.15
1933,2021-06-01,EMR,27185,13107,14078,16873,9924,388,ITH,ITH5,8,Emilia-Romagna,Emilia-Romagna,4459477,2665684,59.78,0.61
1934,2021-07-28,EMR,38561,20669,17892,13976,23967,618,ITH,ITH5,8,Emilia-Romagna,Emilia-Romagna,4459477,2704245,60.64,0.86
1935,2021-06-27,EMR,29559,14872,14687,16206,12726,627,ITH,ITH5,8,Emilia-Romagna,Emilia-Romagna,4459477,2733804,61.3,0.66
1936,2021-07-14,EMR,47934,24517,23417,5587,41808,539,ITH,ITH5,8,Emilia-Romagna,Emilia-Romagna,4459477,2781738,62.38,1.07
1937,2021-04-05,EMR,14851,6807,8044,11786,2893,172,ITH,ITH5,8,Emilia-Romagna,Emilia-Romagna,4459477,2796589,62.71,0.33
1938,2021-08-02,EMR,37675,19895,17780,14008,23063,604,ITH,ITH5,8,Emilia-Romagna,Emilia-Romagna,4459477,2834264,63.56,0.84
1939,2021-04-27,EMR,32121,14871,17250,19227,12466,428,ITH,ITH5,8,Emilia-Romagna,Emilia-Romagna,4459477,2866385,64.28,0.72
1940,2021-08-14,EMR,10301,5799,4502,5071,4950,280,ITH,ITH5,8,Emilia-Romagna,Emilia-Romagna,4459477,2876686,64.51,0.23
1941,2021-05-06,EMR,35961,16617,19344,22153,13083,725,ITH,ITH5,8,Emilia-Romagna,Emilia-Romagna,4459477,2912647,65.31,0.81
1942,2021-01-26,EMR,8336,3001,5335,209,8126,1,ITH,ITH5,8,Emilia-Romagna,Emilia-Romagna,4459477,2920983,65.5,0.19
1943,2021-07-02,EMR,34742,17084,17658,12415,21712,615,ITH,ITH5,8,Emilia-Romagna,Emilia-Romagna,4459477,2955725,66.28,0.78
1944,2021-03-24,EMR,21221,9405,11816,13623,7386,212,ITH,ITH5,8,Emilia-Romagna,Emilia-Romagna,4459477,2976946,66.76,0.48
1945,2021-05-18,EMR,29226,13278,15948,18099,10641,486,ITH,ITH5,8,Emilia-Romagna,Emilia-Romagna,4459477,3006172,67.41,0.66
1946,2021-02-07,EMR,4787,1536,3251,1722,3063,2,ITH,ITH5,8,Emilia-Romagna,Emilia-Romagna,4459477,3010959,67.52,0.11
1947,2021-02-24,EMR,9356,3568,5788,8451,889,16,ITH,ITH5,8,Emilia-Romagna,Emilia-Romagna,4459477,3020315,67.73,0.21
1948,2021-01-05,EMR,9365,3172,6193,9361,0,4,ITH,ITH5,8,Emilia-Romagna,Emilia-Romagna,4459477,3029680,67.94,0.21
1949,2021-04-29,EMR,44969,21145,23824,26594,17558,817,ITH,ITH5,8,Emilia-Romagna,Emilia-Romagna,4459477,3074649,68.95,1.01
1950,2021-01-19,EMR,2047,506,1541,2029,17,1,ITH,ITH5,8,Emilia-Romagna,Emilia-Romagna,4459477,3076696,68.99,0.05
1951,2021-07-07,EMR,37889,19140,18749,13439,23692,758,ITH,ITH5,8,Emilia-Romagna,Emilia-Romagna,4459477,3114585,69.84,0.85
1952,2021-03-29,EMR,21429,9618,11811,16538,4660,231,ITH,ITH5,8,Emilia-Romagna,Emilia-Romagna,4459477,3136014,70.32,0.48
1953,2021-08-09,EMR,28514,15185,13329,15193,12366,955,ITH,ITH5,8,Emilia-Romagna,Emilia-Romagna,4459477,3164528,70.96,0.64
1954,2021-05-01,EMR,28428,12780,15648,15277,12793,358,ITH,ITH5,8,Emilia-Romagna,Emilia-Romagna,4459477,3192956,71.6,0.64
1955,2021-02-05,EMR,9306,2960,6346,1614,7688,4,ITH,ITH5,8,Emilia-Romagna,Emilia-Romagna,4459477,3202262,71.81,0.21
1956,2021-04-03,EMR,19980,8775,11205,15953,3798,229,ITH,ITH5,8,Emilia-Romagna,Emilia-Romagna,4459477,3222242,72.26,0.45
1957,2021-05-30,EMR,27087,12797,14290,12980,13703,404,ITH,ITH5,8,Emilia-Romagna,Emilia-Romagna,4459477,3249329,72.86,0.61
1958,2021-02-19,EMR,7328,3011,4317,6800,514,14,ITH,ITH5,8,Emilia-Romagna,Emilia-Romagna,4459477,3256657,73.03,0.16
1959,2021-07-26,EMR,39484,21058,18426,15901,22841,742,ITH,ITH5,8,Emilia-Romagna,Emilia-Romagna,4459477,3296141,73.91,0.89
1960,2020-12-31,EMR,2215,779,1436,2214,0,1,ITH,ITH5,8,Emilia-Romagna,Emilia-Romagna,4459477,3298356,73.96,0.05
1961,2021-06-06,EMR,36580,18989,17591,31589,4411,580,ITH,ITH5,8,Emilia-Romagna,Emilia-Romagna,4459477,3334936,74.78,0.82
1962,2021-02-26,EMR,9635,3673,5962,8563,1051,21,ITH,ITH5,8,Emilia-Romagna,Emilia-Romagna,4459477,3344571,75.0,0.22
1963,2021-04-12,EMR,19251,9010,10241,14448,4448,355,ITH,ITH5,8,Emilia-Romagna,Emilia-Romagna,4459477,3363822,75.43,0.43
1964,2021-06-08,EMR,45078,23069,22009,36875,7500,703,ITH,ITH5,8,Emilia-Romagna,Emilia-Romagna,4459477,3408900,76.44,1.01
1965,2021-08-04,EMR,34303,18263,16040,12156,21647,500,ITH,ITH5,8,Emilia-Romagna,Emilia-Romagna,4459477,3443203,77.21,0.77
1966,2021-04-24,EMR,28643,13246,15397,14057,14238,348,ITH,ITH5,8,Emilia-Romagna,Emilia-Romagna,4459477,3471846,77.85,0.64
1967,2021-05-11,EMR,35802,16798,19004,27856,7262,684,ITH,ITH5,8,Emilia-Romagna,Emilia-Romagna,4459477,3507648,78.66,0.8
1968,2021-01-31,EMR,7702,2766,4936,239,7463,0,ITH,ITH5,8,Emilia-Romagna,Emilia-Romagna,4459477,3515350,78.83,0.17
1969,2021-06-29,EMR,37695,18593,19102,18194,18786,715,ITH,ITH5,8,Emilia-Romagna,Emilia-Romagna,4459477,3553045,79.67,0.85
1970,2021-03-21,EMR,11949,5290,6659,7262,4606,81,ITH,ITH5,8,Emilia-Romagna,Emilia-Romagna,4459477,3564994,79.94,0.27
1971,2021-06-10,EMR,45056,23135,21921,38735,5378,943,ITH,ITH5,8,Emilia-Romagna,Emilia-Romagna,4459477,3610050,80.95,1.01
1972,2021-06-13,EMR,28757,15000,13757,23846,4283,628,ITH,ITH5,8,Emilia-Romagna,Emilia-Romagna,4459477,3638807,81.6,0.64
1973,2021-03-05,EMR,17917,5859,12058,14293,3501,123,ITH,ITH5,8,Emilia-Romagna,Emilia-Romagna,4459477,3656724,82.0,0.4
1974,2021-03-22,EMR,17626,7811,9815,10616,6865,145,ITH,ITH5,8,Emilia-Romagna,Emilia-Romagna,4459477,3674350,82.39,0.4
1975,2021-03-03,EMR,15890,5265,10625,13351,2487,52,ITH,ITH5,8,Emilia-Romagna,Emilia-Romagna,4459477,3690240,82.75,0.36
1976,2021-01-24,EMR,2446,887,1559,298,2148,0,ITH,ITH5,8,Emilia-Romagna,Emilia-Romagna,4459477,3692686,82.81,0.05
1977,2021-07-09,EMR,44894,22938,21956,5422,39059,413,ITH,ITH5,8,Emilia-Romagna,Emilia-Romagna,4459477,3737580,83.81,1.01
1978,2021-02-21,EMR,4446,1705,2741,3996,440,10,ITH,ITH5,8,Emilia-Romagna,Emilia-Romagna,4459477,3742026,83.91,0.1
1979,2021-07-25,EMR,28415,15159,13256,10553,17416,446,ITH,ITH5,8,Emilia-Romagna,Emilia-Romagna,4459477,3770441,84.55,0.64
1980,2021-08-11,EMR,26596,14220,12376,11031,14821,744,ITH,ITH5,8,Emilia-Romagna,Emilia-Romagna,4459477,3797037,85.15,0.6
1981,2021-06-20,EMR,30732,15594,15138,15628,14660,444,ITH,ITH5,8,Emilia-Romagna,Emilia-Romagna,4459477,3827769,85.83,0.69
1982,2021-08-06,EMR,33819,18119,15700,18049,14955,815,ITH,ITH5,8,Emilia-Romagna,Emilia-Romagna,4459477,3861588,86.59,0.76
1983,2021-04-28,EMR,33739,15598,18141,20260,12897,582,ITH,ITH5,8,Emilia-Romagna,Emilia-Romagna,4459477,3895327,87.35,0.76
1984,2021-06-24,EMR,40459,20275,20184,20176,19560,723,ITH,ITH5,8,Emilia-Romagna,Emilia-Romagna,4459477,3935786,88.26,0.91
1985,2021-07-21,EMR,43622,23266,20356,10786,32241,595,ITH,ITH5,8,Emilia-Romagna,Emilia-Romagna,4459477,3979408,89.23,0.98
1986,2021-04-19,EMR,20916,9802,11114,14335,6283,298,ITH,ITH5,8,Emilia-Romagna,Emilia-Romagna,4459477,4000324,89.7,0.47
1987,2021-01-09,EMR,9990,3456,6534,9985,0,5,ITH,ITH5,8,Emilia-Romagna,Emilia-Romagna,4459477,4010314,89.93,0.22
1988,2021-06-15,EMR,43856,22633,21223,27955,15060,841,ITH,ITH5,8,Emilia-Romagna,Emilia-Romagna,4459477,4054170,90.91,0.98
1989,2021-03-07,EMR,7843,2958,4885,6288,1523,32,ITH,ITH5,8,Emilia-Romagna,Emilia-Romagna,4459477,4062013,91.09,0.18
1990,2021-05-03,EMR,28732,13568,15164,17394,10885,453,ITH,ITH5,8,Emilia-Romagna,Emilia-Romagna,4459477,4090745,91.73,0.64
1991,2021-03-02,EMR,12661,4274,8387,10516,2089,56,ITH,ITH5,8,Emilia-Romagna,Emilia-Romagna,4459477,4103406,92.02,0.28
1992,2021-03-19,EMR,15919,6969,8950,7798,7970,151,ITH,ITH5,8,Emilia-Romagna,Emilia-Romagna,4459477,4119325,92.37,0.36
1993,2021-04-07,EMR,26876,12300,14576,20480,6070,326,ITH,ITH5,8,Emilia-Romagna,Emilia-Romagna,4459477,4146201,92.98,0.6
1994,2021-01-14,EMR,8131,2595,5536,8122,0,9,ITH,ITH5,8,Emilia-Romagna,Emilia-Romagna,4459477,4154332,93.16,0.18
1995,2021-05-25,EMR,25215,11229,13986,11299,13490,426,ITH,ITH5,8,Emilia-Romagna,Emilia-Romagna,4459477,4179547,93.72,0.57
1996,2021-02-14,EMR,1402,378,1024,1274,120,8,ITH,ITH5,8,Emilia-Romagna,Emilia-Romagna,4459477,4180949,93.75,0.03
1997,2021-05-27,EMR,42332,18766,23566,13576,28271,485,ITH,ITH5,8,Emilia-Romagna,Emilia-Romagna,4459477,4223281,94.7,0.95
1998,2021-02-16,EMR,5772,2446,3326,5227,531,14,ITH,ITH5,8,Emilia-Romagna,Emilia-Romagna,4459477,4229053,94.83,0.13
1999,2021-01-17,EMR,2890,887,2003,2642,247,1,ITH,ITH5,8,Emilia-Romagna,Emilia-Romagna,4459477,4231943,94.9,0.06
2000,2021-04-02,EMR,23377,10543,12834,18556,4484,337,ITH,ITH5,8,Emilia-Romagna,Emilia-Romagna,4459477,4255320,95.42,0.52
2001,2021-05-29,EMR,37930,16511,21419,16658,20758,514,ITH,ITH5,8,Emilia-Romagna,Emilia-Romagna,4459477,4293250,96.27,0.85
2002,2021-01-02,EMR,2378,917,1461,2378,0,0,ITH,ITH5,8,Emilia-Romagna,Emilia-Romagna,4459477,4295628,96.33,0.05
2003,2021-06-05,EMR,44283,22370,21913,36684,6915,684,ITH,ITH5,8,Emilia-Romagna,Emilia-Romagna,4459477,4339911,97.32,0.99
2004,2021-06-22,EMR,36525,18192,18333,16314,19627,584,ITH,ITH5,8,Emilia-Romagna,Emilia-Romagna,4459477,4376436,98.14,0.82
2005,2021-07-06,EMR,36796,18500,18296,12970,23190,636,ITH,ITH5,8,Emilia-Romagna,Emilia-Romagna,4459477,4413232,98.96,0.83
2006,2021-05-17,EMR,32465,15409,17056,22365,9552,548,ITH,ITH5,8,Emilia-Romagna,Emilia-Romagna,4459477,4445697,99.69,0.73
2007,2021-07-23,EMR,40253,21794,18459,19809,19381,1063,ITH,ITH5,8,Emilia-Romagna,Emilia-Romagna,4459477,4485950,100.59,0.9
2008,2021-04-14,EMR,27047,12845,14202,20512,6106,429,ITH,ITH5,8,Emilia-Romagna,Emilia-Romagna,4459477,4512997,101.2,0.61
2009,2021-01-21,EMR,2166,729,1437,818,1348,0,ITH,ITH5,8,Emilia-Romagna,Emilia-Romagna,4459477,4515163,101.25,0.05
2010,2021-06-03,EMR,37920,18440,19480,29747,7555,618,ITH,ITH5,8,Emilia-Romagna,Emilia-Romagna,4459477,4553083,102.1,0.85
2011,2021-02-23,EMR,8215,3218,4997,7818,386,11,ITH,ITH5,8,Emilia-Romagna,Emilia-Romagna,4459477,4561298,102.28,0.18
2012,2021-03-12,EMR,18316,7707,10609,11307,6720,289,ITH,ITH5,8,Emilia-Romagna,Emilia-Romagna,4459477,4579614,102.69,0.41
2013,2021-06-17,EMR,46678,23652,23026,21831,24214,633,ITH,ITH5,8,Emilia-Romagna,Emilia-Romagna,4459477,4626292,103.74,1.05
2014,2021-08-13,EMR,19506,10778,8728,12664,6033,809,ITH,ITH5,8,Emilia-Romagna,Emilia-Romagna,4459477,4645798,104.18,0.44
2015,2021-02-28,EMR,6819,2526,4293,4955,1846,18,ITH,ITH5,8,Emilia-Romagna,Emilia-Romagna,4459477,4652617,104.33,0.15
2016,2021-04-26,EMR,27913,12939,14974,18039,9324,550,ITH,ITH5,8,Emilia-Romagna,Emilia-Romagna,4459477,4680530,104.96,0.63
2017,2021-01-16,EMR,5630,1718,3912,5629,0,1,ITH,ITH5,8,Emilia-Romagna,Emilia-Romagna,4459477,4686160,105.08,0.13
2018,2021-03-14,EMR,8802,3840,4962,4941,3798,63,ITH,ITH5,8,Emilia-Romagna,Emilia-Romagna,4459477,4694962,105.28,0.2
2019,2021-08-01,EMR,28725,15407,13318,9257,19122,346,ITH,ITH5,8,Emilia-Romagna,Emilia-Romagna,4459477,4723687,105.92,0.64
2020,2021-05-10,EMR,33876,16145,17731,26017,7263,596,ITH,ITH5,8,Emilia-Romagna,Emilia-Romagna,4459477,4757563,106.68,0.76
2021,2021-07-30,EMR,39773,21366,18407,15662,23427,684,ITH,ITH5,8,Emilia-Romagna,Emilia-Romagna,4459477,4797336,107.58,0.89
2022,2021-04-21,EMR,23967,10968,12999,13863,9743,361,ITH,ITH5,8,Emilia-Romagna,Emilia-Romagna,4459477,4821303,108.11,0.54
2023,2021-05-08,EMR,32375,15108,17267,20405,11430,540,ITH,ITH5,8,Emilia-Romagna,Emilia-Romagna,4459477,4853678,108.84,0.73
2024,2021-07-11,EMR,30369,15226,15143,2759,27343,267,ITH,ITH5,8,Emilia-Romagna,Emilia-Romagna,4459477,4884047,109.52,0.68
2025,2021-03-31,EMR,25273,11049,14224,19495,5470,308,ITH,ITH5,8,Emilia-Romagna,Emilia-Romagna,4459477,4909320,110.09,0.57
2026,2021-07-13,EMR,48453,24818,23635,6465,41303,685,ITH,ITH5,8,Emilia-Romagna,Emilia-Romagna,4459477,4957773,111.17,1.09
2027,2021-01-28,EMR,10258,3341,6917,347,9911,0,ITH,ITH5,8,Emilia-Romagna,Emilia-Romagna,4459477,4968031,111.4,0.23
2028,2021-07-04,EMR,24253,12058,12195,10201,13598,454,ITH,ITH5,8,Emilia-Romagna,Emilia-Romagna,4459477,4992284,111.95,0.54
2029,2021-03-26,EMR,23720,10115,13605,17015,6441,264,ITH,ITH5,8,Emilia-Romagna,Emilia-Romagna,4459477,5016004,112.48,0.53
2030,2021-01-10,EMR,7169,2684,4485,7168,0,1,ITH,ITH5,8,Emilia-Romagna,Emilia-Romagna,4459477,5023173,112.64,0.16
2031,2021-06-16,EMR,45931,23524,22407,25265,19952,714,ITH,ITH5,8,Emilia-Romagna,Emilia-Romagna,4459477,5069104,113.67,1.03
2032,2021-03-08,EMR,12216,5099,7117,9468,2663,85,ITH,ITH5,8,Emilia-Romagna,Emilia-Romagna,4459477,5081320,113.94,0.27
2033,2021-04-20,EMR,22640,10411,12229,13886,8357,397,ITH,ITH5,8,Emilia-Romagna,Emilia-Romagna,4459477,5103960,114.45,0.51
2034,2021-06-23,EMR,38037,19087,18950,18523,18849,665,ITH,ITH5,8,Emilia-Romagna,Emilia-Romagna,4459477,5141997,115.3,0.85
2035,2021-01-08,EMR,10871,3582,7289,10868,0,3,ITH,ITH5,8,Emilia-Romagna,Emilia-Romagna,4459477,5152868,115.55,0.24
2036,2021-03-06,EMR,21029,5969,15060,18165,2741,123,ITH,ITH5,8,Emilia-Romagna,Emilia-Romagna,4459477,5173897,116.02,0.47
2037,2021-05-20,EMR,40402,18339,22063,18398,21491,513,ITH,ITH5,8,Emilia-Romagna,Emilia-Romagna,4459477,5214299,116.93,0.91
2038,2021-06-25,EMR,42608,21596,21012,19554,22306,748,ITH,ITH5,8,Emilia-Romagna,Emilia-Romagna,4459477,5256907,117.88,0.96
2039,2021-03-17,EMR,13714,5687,8027,5814,7852,48,ITH,ITH5,8,Emilia-Romagna,Emilia-Romagna,4459477,5270621,118.19,0.31
2040,2021-05-13,EMR,35836,16507,19329,27276,7845,715,ITH,ITH5,8,Emilia-Romagna,Emilia-Romagna,4459477,5306457,118.99,0.8
2041,2021-03-15,EMR,13455,6252,7203,6854,6501,100,ITH,ITH5,8,Emilia-Romagna,Emilia-Romagna,4459477,5319912,119.29,0.3
2042,2021-02-09,EMR,4157,1251,2906,2307,1849,1,ITH,ITH5,8,Emilia-Romagna,Emilia-Romagna,4459477,5324069,119.39,0.09
2043,2021-05-15,EMR,33286,14995,18291,22219,10428,639,ITH,ITH5,8,Emilia-Romagna,Emilia-Romagna,4459477,5357355,120.13,0.75
2044,2021-02-04,EMR,9930,3206,6724,1235,8694,1,ITH,ITH5,8,Emilia-Romagna,Emilia-Romagna,4459477,5367285,120.36,0.22
2045,2021-05-22,EMR,33131,14147,18984,16475,16202,454,ITH,ITH5,8,Emilia-Romagna,Emilia-Romagna,4459477,5400416,121.1,0.74
2046,2021-07-18,EMR,34529,17888,16641,8177,25796,556,ITH,ITH5,8,Emilia-Romagna,Emilia-Romagna,4459477,5434945,121.87,0.77
2047,2021-04-09,EMR,25798,11691,14107,19529,5760,509,ITH,ITH5,8,Emilia-Romagna,Emilia-Romagna,4459477,5460743,122.45,0.58
2048,2021-02-02,EMR,9485,3049,6436,525,8960,0,ITH,ITH5,8,Emilia-Romagna,Emilia-Romagna,4459477,5470228,122.67,0.21
2049,2021-04-26,LIG,10578,4988,5590,7853,2640,85,ITC,ITC3,7,Liguria,Liguria,1550640,10578,0.68,0.68
2050,2021-01-16,LIG,1279,558,721,1274,0,5,ITC,ITC3,7,Liguria,Liguria,1550640,11857,0.76,0.08
2051,2021-02-02,LIG,2674,1007,1667,127,2545,2,ITC,ITC3,7,Liguria,Liguria,1550640,14531,0.94,0.17
2052,2021-04-28,LIG,14461,6524,7937,6378,7992,91,ITC,ITC3,7,Liguria,Liguria,1550640,28992,1.87,0.93
2053,2021-08-06,LIG,12142,6165,5977,3967,8089,86,ITC,ITC3,7,Liguria,Liguria,1550640,41134,2.65,0.78
2054,2021-02-04,LIG,2818,988,1830,177,2641,0,ITC,ITC3,7,Liguria,Liguria,1550640,43952,2.83,0.18
2055,2021-05-15,LIG,7324,3275,4049,4287,2962,75,ITC,ITC3,7,Liguria,Liguria,1550640,51276,3.31,0.47
2056,2021-02-21,LIG,869,491,378,859,4,6,ITC,ITC3,7,Liguria,Liguria,1550640,52145,3.36,0.06
2057,2021-03-14,LIG,1660,753,907,1033,605,22,ITC,ITC3,7,Liguria,Liguria,1550640,53805,3.47,0.11
2058,2021-06-22,LIG,15802,7456,8346,7633,8126,43,ITC,ITC3,7,Liguria,Liguria,1550640,69607,4.49,1.02
2059,2021-07-06,LIG,12360,6067,6293,5678,6635,47,ITC,ITC3,7,Liguria,Liguria,1550640,81967,5.29,0.8
2060,2021-05-10,LIG,12660,5649,7011,6213,6380,67,ITC,ITC3,7,Liguria,Liguria,1550640,94627,6.1,0.82
2061,2021-02-28,LIG,1060,580,480,1043,10,7,ITC,ITC3,7,Liguria,Liguria,1550640,95687,6.17,0.07
2062,2021-02-11,LIG,1990,772,1218,1093,888,9,ITC,ITC3,7,Liguria,Liguria,1550640,97677,6.3,0.13
2063,2021-05-22,LIG,6654,3221,3433,4878,1685,91,ITC,ITC3,7,Liguria,Liguria,1550640,104331,6.73,0.43
2064,2021-06-10,LIG,18841,9714,9127,13159,5656,26,ITC,ITC3,7,Liguria,Liguria,1550640,123172,7.94,1.22
2065,2021-03-19,LIG,5300,2235,3065,2094,3150,56,ITC,ITC3,7,Liguria,Liguria,1550640,128472,8.29,0.34
2066,2021-03-02,LIG,4077,1691,2386,3756,310,11,ITC,ITC3,7,Liguria,Liguria,1550640,132549,8.55,0.26
2067,2021-07-11,LIG,2149,1192,957,1236,903,10,ITC,ITC3,7,Liguria,Liguria,1550640,134698,8.69,0.14
2068,2021-06-24,LIG,11153,5440,5713,6276,4854,23,ITC,ITC3,7,Liguria,Liguria,1550640,145851,9.41,0.72
2069,2021-07-18,LIG,2383,1222,1161,390,1982,11,ITC,ITC3,7,Liguria,Liguria,1550640,148234,9.56,0.15
2070,2021-06-05,LIG,8093,4118,3975,4932,3152,9,ITC,ITC3,7,Liguria,Liguria,1550640,156327,10.08,0.52
2071,2021-04-09,LIG,12471,5564,6907,10554,1777,140,ITC,ITC3,7,Liguria,Liguria,1550640,168798,10.89,0.8
2072,2021-03-31,LIG,11945,5284,6661,9058,2778,109,ITC,ITC3,7,Liguria,Liguria,1550640,180743,11.66,0.77
2073,2021-01-28,LIG,2850,972,1878,39,2811,0,ITC,ITC3,7,Liguria,Liguria,1550640,183593,11.84,0.18
2074,2021-03-26,LIG,9349,4037,5312,6077,3157,115,ITC,ITC3,7,Liguria,Liguria,1550640,192942,12.44,0.6
2075,2021-07-04,LIG,4857,2582,2275,3842,995,20,ITC,ITC3,7,Liguria,Liguria,1550640,197799,12.76,0.31
2076,2021-01-02,LIG,693,247,446,693,0,0,ITC,ITC3,7,Liguria,Liguria,1550640,198492,12.8,0.04
2077,2021-08-01,LIG,1489,856,633,152,1337,0,ITC,ITC3,7,Liguria,Liguria,1550640,199981,12.9,0.1
2078,2021-02-16,LIG,2428,957,1471,1995,425,8,ITC,ITC3,7,Liguria,Liguria,1550640,202409,13.05,0.16
2079,2021-07-23,LIG,19972,10289,9683,5145,14746,81,ITC,ITC3,7,Liguria,Liguria,1550640,222381,14.34,1.29
2080,2021-05-27,LIG,16993,8715,8278,12653,4167,173,ITC,ITC3,7,Liguria,Liguria,1550640,239374,15.44,1.1
2081,2021-04-14,LIG,13078,5673,7405,10750,2204,124,ITC,ITC3,7,Liguria,Liguria,1550640,252452,16.28,0.84
2082,2021-05-29,LIG,6868,3252,3616,3976,2873,19,ITC,ITC3,7,Liguria,Liguria,1550640,259320,16.72,0.44
2083,2020-12-30,LIG,12,5,7,12,0,0,ITC,ITC3,7,Liguria,Liguria,1550640,259332,16.72,0.0
2084,2021-01-09,LIG,1338,484,854,1337,0,1,ITC,ITC3,7,Liguria,Liguria,1550640,260670,16.81,0.09
2085,2021-04-19,LIG,12840,5621,7219,8917,3833,90,ITC,ITC3,7,Liguria,Liguria,1550640,273510,17.64,0.83
2086,2021-07-13,LIG,13082,6434,6648,3492,9564,26,ITC,ITC3,7,Liguria,Liguria,1550640,286592,18.48,0.84
2087,2021-04-02,LIG,11792,5221,6571,9211,2487,94,ITC,ITC3,7,Liguria,Liguria,1550640,298384,19.24,0.76
2088,2021-04-21,LIG,14280,6452,7828,8848,5336,96,ITC,ITC3,7,Liguria,Liguria,1550640,312664,20.16,0.92
2089,2021-07-30,LIG,16042,8309,7733,4660,11315,67,ITC,ITC3,7,Liguria,Liguria,1550640,328706,21.2,1.03
2090,2021-08-13,LIG,10859,5610,5249,3946,6857,56,ITC,ITC3,7,Liguria,Liguria,1550640,339565,21.9,0.7
2091,2021-05-08,LIG,7537,3336,4201,2274,5224,39,ITC,ITC3,7,Liguria,Liguria,1550640,347102,22.38,0.49
2092,2021-01-25,LIG,2730,891,1839,474,2255,1,ITC,ITC3,7,Liguria,Liguria,1550640,349832,22.56,0.18
2093,2021-05-05,LIG,13723,6140,7583,5174,8462,87,ITC,ITC3,7,Liguria,Liguria,1550640,363555,23.45,0.88
2094,2021-07-29,LIG,17937,9168,8769,4412,13463,62,ITC,ITC3,7,Liguria,Liguria,1550640,381492,24.6,1.16
2095,2021-05-03,LIG,13265,5922,7343,6340,6820,105,ITC,ITC3,7,Liguria,Liguria,1550640,394757,25.46,0.86
2096,2021-08-11,LIG,13100,6712,6388,4797,8220,83,ITC,ITC3,7,Liguria,Liguria,1550640,407857,26.3,0.84
2097,2021-03-21,LIG,551,220,331,69,482,0,ITC,ITC3,7,Liguria,Liguria,1550640,408408,26.34,0.04
2098,2021-01-23,LIG,813,298,515,156,657,0,ITC,ITC3,7,Liguria,Liguria,1550640,409221,26.39,0.05
2099,2021-06-29,LIG,15189,7230,7959,8690,6447,52,ITC,ITC3,7,Liguria,Liguria,1550640,424410,27.37,0.98
2100,2021-05-17,LIG,12045,5527,6518,8646,3342,57,ITC,ITC3,7,Liguria,Liguria,1550640,436455,28.15,0.78
2101,2021-01-30,LIG,1664,570,1094,23,1640,1,ITC,ITC3,7,Liguria,Liguria,1550640,438119,28.25,0.11
2102,2021-01-21,LIG,1109,385,724,677,431,1,ITC,ITC3,7,Liguria,Liguria,1550640,439228,28.33,0.07
2103,2021-01-14,LIG,2983,1056,1927,2982,0,1,ITC,ITC3,7,Liguria,Liguria,1550640,442211,28.52,0.19
2104,2020-12-28,LIG,80,30,50,80,0,0,ITC,ITC3,7,Liguria,Liguria,1550640,442291,28.52,0.01
2105,2021-06-03,LIG,15539,7702,7837,9134,6387,18,ITC,ITC3,7,Liguria,Liguria,1550640,457830,29.53,1.0
2106,2021-04-07,LIG,13688,6110,7578,11305,2291,92,ITC,ITC3,7,Liguria,Liguria,1550640,471518,30.41,0.88
2107,2021-02-23,LIG,3808,1559,2249,3658,109,41,ITC,ITC3,7,Liguria,Liguria,1550640,475326,30.65,0.25
2108,2021-08-10,LIG,13076,6534,6542,4291,8686,99,ITC,ITC3,7,Liguria,Liguria,1550640,488402,31.5,0.84
2109,2021-06-14,LIG,15151,7315,7836,8255,6870,26,ITC,ITC3,7,Liguria,Liguria,1550640,503553,32.47,0.98
2110,2021-06-15,LIG,17417,8465,8952,9299,8087,31,ITC,ITC3,7,Liguria,Liguria,1550640,520970,33.6,1.12
2111,2021-03-07,LIG,1915,1138,777,1590,301,24,ITC,ITC3,7,Liguria,Liguria,1550640,522885,33.72,0.12
2112,2021-06-17,LIG,16702,7933,8769,9130,7533,39,ITC,ITC3,7,Liguria,Liguria,1550640,539587,34.8,1.08
2113,2021-07-25,LIG,6391,3261,3130,648,5734,9,ITC,ITC3,7,Liguria,Liguria,1550640,545978,35.21,0.41
2114,2021-02-09,LIG,1955,695,1260,264,1689,2,ITC,ITC3,7,Liguria,Liguria,1550640,547933,35.34,0.13
2115,2021-04-23,LIG,14696,6652,8044,8457,6128,111,ITC,ITC3,7,Liguria,Liguria,1550640,562629,36.28,0.95
2116,2021-07-03,LIG,8808,4360,4448,5475,3317,16,ITC,ITC3,7,Liguria,Liguria,1550640,571437,36.85,0.57
2117,2021-04-11,LIG,4250,1930,2320,3945,249,56,ITC,ITC3,7,Liguria,Liguria,1550640,575687,37.13,0.27
2118,2021-07-20,LIG,13952,6870,7082,2741,11171,40,ITC,ITC3,7,Liguria,Liguria,1550640,589639,38.03,0.9
2119,2021-01-18,LIG,2144,747,1397,1985,157,2,ITC,ITC3,7,Liguria,Liguria,1550640,591783,38.16,0.14
2120,2021-08-08,LIG,1203,646,557,542,657,4,ITC,ITC3,7,Liguria,Liguria,1550640,592986,38.24,0.08
2121,2021-05-24,LIG,11882,5592,6290,9269,2509,104,ITC,ITC3,7,Liguria,Liguria,1550640,604868,39.01,0.77
2122,2021-05-07,LIG,13612,6044,7568,5733,7808,71,ITC,ITC3,7,Liguria,Liguria,1550640,618480,39.89,0.88
2123,2021-02-13,LIG,1081,508,573,798,280,3,ITC,ITC3,7,Liguria,Liguria,1550640,619561,39.96,0.07
2124,2021-06-07,LIG,15690,7659,8031,8641,7029,20,ITC,ITC3,7,Liguria,Liguria,1550640,635251,40.97,1.01
2125,2021-03-16,LIG,6088,2732,3356,2313,3734,41,ITC,ITC3,7,Liguria,Liguria,1550640,641339,41.36,0.39
2126,2021-03-12,LIG,6219,2874,3345,3688,2472,59,ITC,ITC3,7,Liguria,Liguria,1550640,647558,41.76,0.4
2127,2021-07-01,LIG,13556,6534,7022,7354,6155,47,ITC,ITC3,7,Liguria,Liguria,1550640,661114,42.63,0.87
2128,2021-05-19,LIG,13576,5962,7614,10315,3124,137,ITC,ITC3,7,Liguria,Liguria,1550640,674690,43.51,0.88
2129,2021-03-23,LIG,9288,4230,5058,5986,3213,89,ITC,ITC3,7,Liguria,Liguria,1550640,683978,44.11,0.6
2130,2021-07-15,LIG,14757,7463,7294,5183,9486,88,ITC,ITC3,7,Liguria,Liguria,1550640,698735,45.06,0.95
2131,2021-02-01,LIG,2582,935,1647,112,2470,0,ITC,ITC3,7,Liguria,Liguria,1550640,701317,45.23,0.17
2132,2021-07-08,LIG,13633,6705,6928,6191,7392,50,ITC,ITC3,7,Liguria,Liguria,1550640,714950,46.11,0.88
2133,2021-05-12,LIG,12117,5490,6627,6612,5406,99,ITC,ITC3,7,Liguria,Liguria,1550640,727067,46.89,0.78
2134,2021-03-28,LIG,1142,511,631,378,752,12,ITC,ITC3,7,Liguria,Liguria,1550640,728209,46.96,0.07
2135,2021-06-02,LIG,8537,4346,4191,5355,3174,8,ITC,ITC3,7,Liguria,Liguria,1550640,736746,47.51,0.55
2136,2021-06-19,LIG,7414,3777,3637,5714,1672,28,ITC,ITC3,7,Liguria,Liguria,1550640,744160,47.99,0.48
2137,2021-02-18,LIG,2771,1128,1643,2421,339,11,ITC,ITC3,7,Liguria,Liguria,1550640,746931,48.17,0.18
2138,2021-07-22,LIG,21379,10863,10516,4582,16723,74,ITC,ITC3,7,Liguria,Liguria,1550640,768310,49.55,1.38
2139,2021-06-16,LIG,16400,7924,8476,9250,7121,29,ITC,ITC3,7,Liguria,Liguria,1550640,784710,50.61,1.06
2140,2021-03-11,LIG,6407,3096,3311,4334,2013,60,ITC,ITC3,7,Liguria,Liguria,1550640,791117,51.02,0.41
2141,2021-01-13,LIG,2759,1014,1745,2758,0,1,ITC,ITC3,7,Liguria,Liguria,1550640,793876,51.2,0.18
2142,2021-01-04,LIG,2620,856,1764,2619,0,1,ITC,ITC3,7,Liguria,Liguria,1550640,796496,51.37,0.17
2143,2021-08-03,LIG,14101,7199,6902,3995,10039,67,ITC,ITC3,7,Liguria,Liguria,1550640,810597,52.27,0.91
2144,2021-06-21,LIG,14849,7040,7809,8558,6251,40,ITC,ITC3,7,Liguria,Liguria,1550640,825446,53.23,0.96
2145,2021-04-16,LIG,12004,5291,6713,10013,1829,162,ITC,ITC3,7,Liguria,Liguria,1550640,837450,54.01,0.77
2146,2021-01-11,LIG,2657,993,1664,2655,0,2,ITC,ITC3,7,Liguria,Liguria,1550640,840107,54.18,0.17
2147,2021-07-12,LIG,13410,6435,6975,4155,9219,36,ITC,ITC3,7,Liguria,Liguria,1550640,853517,55.04,0.86
2148,2021-01-10,LIG,651,264,387,647,0,4,ITC,ITC3,7,Liguria,Liguria,1550640,854168,55.08,0.04
2149,2021-04-20,LIG,14248,6525,7723,9735,4359,154,ITC,ITC3,7,Liguria,Liguria,1550640,868416,56.0,0.92
2150,2021-06-26,LIG,7221,3358,3863,4472,2713,36,ITC,ITC3,7,Liguria,Liguria,1550640,875637,56.47,0.47
2151,2021-07-10,LIG,6898,3477,3421,2750,4129,19,ITC,ITC3,7,Liguria,Liguria,1550640,882535,56.91,0.44
2152,2021-04-04,LIG,764,369,395,505,251,8,ITC,ITC3,7,Liguria,Liguria,1550640,883299,56.96,0.05
2153,2021-04-18,LIG,2617,1165,1452,2075,469,73,ITC,ITC3,7,Liguria,Liguria,1550640,885916,57.13,0.17
2154,2021-07-27,LIG,17430,8886,8544,4368,13003,59,ITC,ITC3,7,Liguria,Liguria,1550640,903346,58.26,1.12
2155,2021-01-08,LIG,2936,1000,1936,2934,0,2,ITC,ITC3,7,Liguria,Liguria,1550640,906282,58.45,0.19
2156,2021-02-06,LIG,1892,768,1124,145,1747,0,ITC,ITC3,7,Liguria,Liguria,1550640,908174,58.57,0.12
2157,2021-06-11,LIG,17846,9086,8760,11746,6076,24,ITC,ITC3,7,Liguria,Liguria,1550640,926020,59.72,1.15
2158,2021-04-15,LIG,11846,5239,6607,9889,1853,104,ITC,ITC3,7,Liguria,Liguria,1550640,937866,60.48,0.76
2159,2021-05-26,LIG,16687,8427,8260,12157,4378,152,ITC,ITC3,7,Liguria,Liguria,1550640,954553,61.56,1.08
2160,2021-03-30,LIG,12218,5429,6789,8740,3390,88,ITC,ITC3,7,Liguria,Liguria,1550640,966771,62.35,0.79
2161,2021-04-06,LIG,13256,5904,7352,10885,2264,107,ITC,ITC3,7,Liguria,Liguria,1550640,980027,63.2,0.85
2162,2021-02-08,LIG,1981,742,1239,300,1681,0,ITC,ITC3,7,Liguria,Liguria,1550640,982008,63.33,0.13
2163,2021-03-08,LIG,5630,2462,3168,3898,1691,41,ITC,ITC3,7,Liguria,Liguria,1550640,987638,63.69,0.36
2164,2021-03-25,LIG,9773,4234,5539,6230,3392,151,ITC,ITC3,7,Liguria,Liguria,1550640,997411,64.32,0.63
2165,2021-01-01,LIG,145,55,90,145,0,0,ITC,ITC3,7,Liguria,Liguria,1550640,997556,64.33,0.01
2166,2021-03-27,LIG,3934,1549,2385,2485,1397,52,ITC,ITC3,7,Liguria,Liguria,1550640,1001490,64.59,0.25
2167,2021-07-05,LIG,11898,5767,6131,5341,6510,47,ITC,ITC3,7,Liguria,Liguria,1550640,1013388,65.35,0.77
2168,2021-04-13,LIG,13084,5871,7213,10945,2025,114,ITC,ITC3,7,Liguria,Liguria,1550640,1026472,66.2,0.84
2169,2021-05-14,LIG,13155,5869,7286,8641,4336,178,ITC,ITC3,7,Liguria,Liguria,1550640,1039627,67.05,0.85
2170,2021-05-31,LIG,14720,7382,7338,9116,5521,83,ITC,ITC3,7,Liguria,Liguria,1550640,1054347,67.99,0.95
2171,2021-03-09,LIG,5936,2756,3180,4442,1432,62,ITC,ITC3,7,Liguria,Liguria,1550640,1060283,68.38,0.38
2172,2021-02-20,LIG,1336,638,698,1330,1,5,ITC,ITC3,7,Liguria,Liguria,1550640,1061619,68.46,0.09
2173,2021-08-07,LIG,5187,2649,2538,1118,4059,10,ITC,ITC3,7,Liguria,Liguria,1550640,1066806,68.8,0.33
2174,2021-05-16,LIG,3707,1862,1845,2116,1565,26,ITC,ITC3,7,Liguria,Liguria,1550640,1070513,69.04,0.24
2175,2021-02-22,LIG,3343,1476,1867,3190,143,10,ITC,ITC3,7,Liguria,Liguria,1550640,1073856,69.25,0.22
2176,2021-01-06,LIG,1663,618,1045,1660,0,3,ITC,ITC3,7,Liguria,Liguria,1550640,1075519,69.36,0.11
2177,2021-06-28,LIG,11613,5617,5996,7247,4310,56,ITC,ITC3,7,Liguria,Liguria,1550640,1087132,70.11,0.75
2178,2021-03-20,LIG,2316,995,1321,1124,1174,18,ITC,ITC3,7,Liguria,Liguria,1550640,1089448,70.26,0.15
2179,2021-05-23,LIG,2308,1121,1187,1171,1123,14,ITC,ITC3,7,Liguria,Liguria,1550640,1091756,70.41,0.15
2180,2021-03-01,LIG,3539,1447,2092,3382,136,21,ITC,ITC3,7,Liguria,Liguria,1550640,1095295,70.64,0.23
2181,2021-06-09,LIG,19063,9565,9498,12463,6566,34,ITC,ITC3,7,Liguria,Liguria,1550640,1114358,71.86,1.23
2182,2021-01-27,LIG,1746,604,1142,139,1606,1,ITC,ITC3,7,Liguria,Liguria,1550640,1116104,71.98,0.11
2183,2021-05-21,LIG,12860,5963,6897,9587,3134,139,ITC,ITC3,7,Liguria,Liguria,1550640,1128964,72.81,0.83
2184,2021-02-27,LIG,1888,921,967,1750,129,9,ITC,ITC3,7,Liguria,Liguria,1550640,1130852,72.93,0.12
2185,2021-02-10,LIG,2322,838,1484,1014,1304,4,ITC,ITC3,7,Liguria,Liguria,1550640,1133174,73.08,0.15
2186,2021-08-14,LIG,2719,1475,1244,669,2039,11,ITC,ITC3,7,Liguria,Liguria,1550640,1135893,73.25,0.18
2187,2021-04-08,LIG,13789,6181,7608,11587,2047,155,ITC,ITC3,7,Liguria,Liguria,1550640,1149682,74.14,0.89
2188,2021-07-17,LIG,6512,3360,3152,1813,4690,9,ITC,ITC3,7,Liguria,Liguria,1550640,1156194,74.56,0.42
2189,2021-07-31,LIG,8247,4404,3843,1316,6917,14,ITC,ITC3,7,Liguria,Liguria,1550640,1164441,75.09,0.53
2190,2021-06-04,LIG,14795,7263,7532,9269,5497,29,ITC,ITC3,7,Liguria,Liguria,1550640,1179236,76.05,0.95
2191,2021-02-17,LIG,2695,1184,1511,2248,435,12,ITC,ITC3,7,Liguria,Liguria,1550640,1181931,76.22,0.17
2192,2021-07-24,LIG,11597,6035,5562,2328,9237,32,ITC,ITC3,7,Liguria,Liguria,1550640,1193528,76.97,0.75
2193,2021-05-28,LIG,16303,8144,8159,11601,4556,146,ITC,ITC3,7,Liguria,Liguria,1550640,1209831,78.02,1.05
2194,2021-01-05,LIG,2880,896,1984,2880,0,0,ITC,ITC3,7,Liguria,Liguria,1550640,1212711,78.21,0.19
2195,2020-12-27,LIG,135,56,79,134,0,1,ITC,ITC3,7,Liguria,Liguria,1550640,1212846,78.22,0.01
2196,2021-05-13,LIG,13326,6092,7234,8900,4269,157,ITC,ITC3,7,Liguria,Liguria,1550640,1226172,79.08,0.86
2197,2021-02-19,LIG,3220,1307,1913,3024,176,20,ITC,ITC3,7,Liguria,Liguria,1550640,1229392,79.28,0.21
2198,2021-05-30,LIG,3301,1611,1690,1338,1944,19,ITC,ITC3,7,Liguria,Liguria,1550640,1232693,79.5,0.21
2199,2021-07-19,LIG,12087,6024,6063,3365,8677,45,ITC,ITC3,7,Liguria,Liguria,1550640,1244780,80.28,0.78
2200,2021-08-05,LIG,14206,7338,6868,4128,10024,54,ITC,ITC3,7,Liguria,Liguria,1550640,1258986,81.19,0.92
2201,2021-04-27,LIG,14814,6698,8116,7147,7597,70,ITC,ITC3,7,Liguria,Liguria,1550640,1273800,82.15,0.96
2202,2021-06-30,LIG,15086,7195,7891,8226,6805,55,ITC,ITC3,7,Liguria,Liguria,1550640,1288886,83.12,0.97
2203,2021-01-15,LIG,2264,756,1508,2259,0,5,ITC,ITC3,7,Liguria,Liguria,1550640,1291150,83.27,0.15
2204,2021-04-25,LIG,1935,920,1015,1506,415,14,ITC,ITC3,7,Liguria,Liguria,1550640,1293085,83.39,0.12
2205,2021-03-13,LIG,3850,1637,2213,2947,857,46,ITC,ITC3,7,Liguria,Liguria,1550640,1296935,83.64,0.25
2206,2021-04-03,LIG,5410,2500,2910,4432,943,35,ITC,ITC3,7,Liguria,Liguria,1550640,1302345,83.99,0.35
2207,2021-01-24,LIG,760,240,520,116,644,0,ITC,ITC3,7,Liguria,Liguria,1550640,1303105,84.04,0.05
2208,2021-03-18,LIG,4988,2124,2864,1971,2981,36,ITC,ITC3,7,Liguria,Liguria,1550640,1308093,84.36,0.32
2209,2021-04-01,LIG,12433,5515,6918,9571,2772,90,ITC,ITC3,7,Liguria,Liguria,1550640,1320526,85.16,0.8
2210,2021-06-08,LIG,18108,9032,9076,11432,6647,29,ITC,ITC3,7,Liguria,Liguria,1550640,1338634,86.33,1.17
2211,2021-03-17,LIG,5557,2371,3186,2452,3083,22,ITC,ITC3,7,Liguria,Liguria,1550640,1344191,86.69,0.36
2212,2021-06-25,LIG,13844,6619,7225,6905,6915,24,ITC,ITC3,7,Liguria,Liguria,1550640,1358035,87.58,0.89
2213,2021-03-03,LIG,4580,1846,2734,3442,1027,111,ITC,ITC3,7,Liguria,Liguria,1550640,1362615,87.87,0.3
2214,2021-08-04,LIG,13808,6959,6849,3284,10449,75,ITC,ITC3,7,Liguria,Liguria,1550640,1376423,88.76,0.89
2215,2021-02-15,LIG,2264,839,1425,1855,399,10,ITC,ITC3,7,Liguria,Liguria,1550640,1378687,88.91,0.15
2216,2021-01-03,LIG,736,231,505,734,0,2,ITC,ITC3,7,Liguria,Liguria,1550640,1379423,88.96,0.05
2217,2021-07-26,LIG,17535,8943,8592,4712,12749,74,ITC,ITC3,7,Liguria,Liguria,1550640,1396958,90.09,1.13
2218,2021-06-01,LIG,16342,8228,8114,10943,5371,28,ITC,ITC3,7,Liguria,Liguria,1550640,1413300,91.14,1.05
2219,2021-06-18,LIG,15421,7507,7914,8172,7218,31,ITC,ITC3,7,Liguria,Liguria,1550640,1428721,92.14,0.99
2220,2021-03-10,LIG,5907,2865,3042,3932,1911,64,ITC,ITC3,7,Liguria,Liguria,1550640,1434628,92.52,0.38
2221,2021-02-03,LIG,2320,792,1528,51,2269,0,ITC,ITC3,7,Liguria,Liguria,1550640,1436948,92.67,0.15
2222,2021-07-21,LIG,19179,9504,9675,3832,15294,53,ITC,ITC3,7,Liguria,Liguria,1550640,1456127,93.9,1.24
2223,2021-04-29,LIG,15588,6981,8607,6613,8846,129,ITC,ITC3,7,Liguria,Liguria,1550640,1471715,94.91,1.01
2224,2021-04-12,LIG,12392,5478,6914,10276,2020,96,ITC,ITC3,7,Liguria,Liguria,1550640,1484107,95.71,0.8
2225,2021-01-19,LIG,1375,440,935,1281,90,4,ITC,ITC3,7,Liguria,Liguria,1550640,1485482,95.8,0.09
2226,2021-02-05,LIG,2740,994,1746,299,2440,1,ITC,ITC3,7,Liguria,Liguria,1550640,1488222,95.97,0.18
2227,2021-06-23,LIG,14336,6860,7476,9102,5202,32,ITC,ITC3,7,Liguria,Liguria,1550640,1502558,96.9,0.92
2228,2021-02-14,LIG,233,122,111,233,0,0,ITC,ITC3,7,Liguria,Liguria,1550640,1502791,96.91,0.02
2229,2021-05-25,LIG,14268,6957,7311,10949,3188,131,ITC,ITC3,7,Liguria,Liguria,1550640,1517059,97.83,0.92
2230,2021-03-22,LIG,7752,3473,4279,4737,2941,74,ITC,ITC3,7,Liguria,Liguria,1550640,1524811,98.33,0.5
2231,2021-06-27,LIG,1945,892,1053,688,1247,10,ITC,ITC3,7,Liguria,Liguria,1550640,1526756,98.46,0.13
2232,2021-02-12,LIG,1940,690,1250,893,1045,2,ITC,ITC3,7,Liguria,Liguria,1550640,1528696,98.58,0.13
2233,2021-07-14,LIG,11497,5659,5838,3445,8022,30,ITC,ITC3,7,Liguria,Liguria,1550640,1540193,99.33,0.74
2234,2021-07-28,LIG,18436,9492,8944,5810,12523,103,ITC,ITC3,7,Liguria,Liguria,1550640,1558629,100.52,1.19
2235,2021-05-06,LIG,14536,6445,8091,6068,8335,133,ITC,ITC3,7,Liguria,Liguria,1550640,1573165,101.45,0.94
2236,2021-01-26,LIG,2490,809,1681,17,2473,0,ITC,ITC3,7,Liguria,Liguria,1550640,1575655,101.61,0.16
2237,2021-02-24,LIG,3764,1561,2203,3449,258,57,ITC,ITC3,7,Liguria,Liguria,1550640,1579419,101.86,0.24
2238,2020-12-29,LIG,125,33,92,125,0,0,ITC,ITC3,7,Liguria,Liguria,1550640,1579544,101.86,0.01
2239,2021-01-12,LIG,2475,890,1585,2474,0,1,ITC,ITC3,7,Liguria,Liguria,1550640,1582019,102.02,0.16
2240,2021-04-22,LIG,13874,6215,7659,8648,5088,138,ITC,ITC3,7,Liguria,Liguria,1550640,1595893,102.92,0.89
2241,2021-01-07,LIG,3226,1096,2130,3223,0,3,ITC,ITC3,7,Liguria,Liguria,1550640,1599119,103.13,0.21
2242,2021-06-13,LIG,5626,2699,2927,5157,456,13,ITC,ITC3,7,Liguria,Liguria,1550640,1604745,103.49,0.36
2243,2021-04-17,LIG,7391,3219,4172,6567,753,71,ITC,ITC3,7,Liguria,Liguria,1550640,1612136,103.97,0.48
2244,2021-05-01,LIG,7148,3258,3890,1306,5804,38,ITC,ITC3,7,Liguria,Liguria,1550640,1619284,104.43,0.46
2245,2021-03-05,LIG,4871,2152,2719,3675,1133,63,ITC,ITC3,7,Liguria,Liguria,1550640,1624155,104.74,0.31
2246,2021-08-09,LIG,11941,6068,5873,4359,7491,91,ITC,ITC3,7,Liguria,Liguria,1550640,1636096,105.51,0.77
2247,2021-06-06,LIG,3814,2033,1781,2945,862,7,ITC,ITC3,7,Liguria,Liguria,1550640,1639910,105.76,0.25
2248,2021-04-24,LIG,8221,3797,4424,4977,3155,89,ITC,ITC3,7,Liguria,Liguria,1550640,1648131,106.29,0.53
2249,2021-02-26,LIG,3769,1524,2245,3415,329,25,ITC,ITC3,7,Liguria,Liguria,1550640,1651900,106.53,0.24
2250,2021-08-02,LIG,13058,6491,6567,2970,10033,55,ITC,ITC3,7,Liguria,Liguria,1550640,1664958,107.37,0.84
2251,2021-06-20,LIG,1335,658,677,1052,275,8,ITC,ITC3,7,Liguria,Liguria,1550640,1666293,107.46,0.09
2252,2021-03-24,LIG,9180,4033,5147,5807,3287,86,ITC,ITC3,7,Liguria,Liguria,1550640,1675473,108.05,0.59
2253,2021-07-02,LIG,12976,6369,6607,6437,6497,42,ITC,ITC3,7,Liguria,Liguria,1550640,1688449,108.89,0.84
2254,2020-12-31,LIG,990,353,637,990,0,0,ITC,ITC3,7,Liguria,Liguria,1550640,1689439,108.95,0.06
2255,2021-04-10,LIG,7889,3561,4328,6891,914,84,ITC,ITC3,7,Liguria,Liguria,1550640,1697328,109.46,0.51
2256,2021-01-17,LIG,866,301,565,865,0,1,ITC,ITC3,7,Liguria,Liguria,1550640,1698194,109.52,0.06
2257,2021-02-07,LIG,407,153,254,2,405,0,ITC,ITC3,7,Liguria,Liguria,1550640,1698601,109.54,0.03
2258,2021-05-18,LIG,13494,6132,7362,10057,3311,126,ITC,ITC3,7,Liguria,Liguria,1550640,1712095,110.41,0.87
2259,2021-05-20,LIG,12948,6008,6940,8789,4036,123,ITC,ITC3,7,Liguria,Liguria,1550640,1725043,111.25,0.84
2260,2021-03-15,LIG,7359,3118,4241,4497,2813,49,ITC,ITC3,7,Liguria,Liguria,1550640,1732402,111.72,0.47
2261,2021-02-25,LIG,3458,1349,2109,3308,130,20,ITC,ITC3,7,Liguria,Liguria,1550640,1735860,111.94,0.22
2262,2021-03-04,LIG,4740,2118,2622,3834,849,57,ITC,ITC3,7,Liguria,Liguria,1550640,1740600,112.25,0.31
2263,2021-06-12,LIG,10247,4985,5262,7472,2758,17,ITC,ITC3,7,Liguria,Liguria,1550640,1750847,112.91,0.66
2264,2021-04-30,LIG,14434,6447,7987,5758,8577,99,ITC,ITC3,7,Liguria,Liguria,1550640,1765281,113.84,0.93
2265,2021-03-06,LIG,3307,1843,1464,2552,706,49,ITC,ITC3,7,Liguria,Liguria,1550640,1768588,114.06,0.21
2266,2021-01-22,LIG,1823,605,1218,1333,487,3,ITC,ITC3,7,Liguria,Liguria,1550640,1770411,114.17,0.12
2267,2021-05-02,LIG,3979,1837,2142,503,3470,6,ITC,ITC3,7,Liguria,Liguria,1550640,1774390,114.43,0.26
2268,2021-05-04,LIG,13657,6092,7565,5357,8232,68,ITC,ITC3,7,Liguria,Liguria,1550640,1788047,115.31,0.88
2269,2021-08-12,LIG,12465,6403,6062,4601,7795,69,ITC,ITC3,7,Liguria,Liguria,1550640,1800512,116.11,0.8
2270,2021-05-09,LIG,2825,1244,1581,1085,1710,30,ITC,ITC3,7,Liguria,Liguria,1550640,1803337,116.3,0.18
2271,2021-01-29,LIG,3099,1069,2030,64,3035,0,ITC,ITC3,7,Liguria,Liguria,1550640,1806436,116.5,0.2
2272,2021-01-20,LIG,1559,557,1002,1546,12,1,ITC,ITC3,7,Liguria,Liguria,1550640,1807995,116.6,0.1
2273,2021-07-09,LIG,12830,6324,6506,4227,8575,28,ITC,ITC3,7,Liguria,Liguria,1550640,1820825,117.42,0.83
2274,2021-04-05,LIG,3980,1755,2225,2305,1649,26,ITC,ITC3,7,Liguria,Liguria,1550640,1824805,117.68,0.26
2275,2021-07-16,LIG,12615,6216,6399,3141,9430,44,ITC,ITC3,7,Liguria,Liguria,1550640,1837420,118.49,0.81
2276,2021-05-11,LIG,13938,6401,7537,7203,6626,109,ITC,ITC3,7,Liguria,Liguria,1550640,1851358,119.39,0.9
2277,2021-03-29,LIG,10588,4625,5963,7348,3135,105,ITC,ITC3,7,Liguria,Liguria,1550640,1861946,120.08,0.68
2278,2021-01-31,LIG,624,270,354,4,620,0,ITC,ITC3,7,Liguria,Liguria,1550640,1862570,120.12,0.04
2279,2021-07-07,LIG,11770,5643,6127,4964,6769,37,ITC,ITC3,7,Liguria,Liguria,1550640,1874340,120.88,0.76
2280,2021-06-17,VEN,51732,25925,25807,25552,25038,1142,ITH,ITH3,5,Veneto,Veneto,4905854,51732,1.05,1.05
2281,2021-03-09,VEN,16548,7450,9098,9829,6323,396,ITH,ITH3,5,Veneto,Veneto,4905854,68280,1.39,0.34
2282,2021-05-31,VEN,31646,16242,15404,20896,9931,819,ITH,ITH3,5,Veneto,Veneto,4905854,99926,2.04,0.65
2283,2021-03-26,VEN,29614,13160,16454,23291,5464,859,ITH,ITH3,5,Veneto,Veneto,4905854,129540,2.64,0.6
2284,2021-03-28,VEN,31314,13609,17705,26887,3615,812,ITH,ITH3,5,Veneto,Veneto,4905854,160854,3.28,0.64
2285,2021-06-19,VEN,49293,25080,24213,25688,22580,1025,ITH,ITH3,5,Veneto,Veneto,4905854,210147,4.28,1.0
2286,2021-08-13,VEN,24247,13719,10528,18182,5297,768,ITH,ITH3,5,Veneto,Veneto,4905854,234394,4.78,0.49
2287,2021-05-05,VEN,44410,21280,23130,36231,6566,1613,ITH,ITH3,5,Veneto,Veneto,4905854,278804,5.68,0.91
2288,2021-07-01,VEN,50958,26026,24932,20688,29270,1000,ITH,ITH3,5,Veneto,Veneto,4905854,329762,6.72,1.04
2289,2021-01-11,VEN,7244,2102,5142,7243,0,1,ITH,ITH3,5,Veneto,Veneto,4905854,337006,6.87,0.15
2290,2021-04-21,VEN,32401,13202,19199,15562,16065,774,ITH,ITH3,5,Veneto,Veneto,4905854,369407,7.53,0.66
2291,2021-05-22,VEN,34829,16699,18130,12717,21443,669,ITH,ITH3,5,Veneto,Veneto,4905854,404236,8.24,0.71
2292,2021-02-11,VEN,4014,1238,2776,3348,628,38,ITH,ITH3,5,Veneto,Veneto,4905854,408250,8.32,0.08
2293,2021-01-28,VEN,9216,2666,6550,169,9045,2,ITH,ITH3,5,Veneto,Veneto,4905854,417466,8.51,0.19
2294,2021-07-13,VEN,43551,22606,20945,5404,37835,312,ITH,ITH3,5,Veneto,Veneto,4905854,461017,9.4,0.89
2295,2021-04-04,VEN,7790,3535,4255,6517,1148,125,ITH,ITH3,5,Veneto,Veneto,4905854,468807,9.56,0.16
2296,2021-05-24,VEN,33085,16433,16652,7631,25049,405,ITH,ITH3,5,Veneto,Veneto,4905854,501892,10.23,0.67
2297,2021-07-27,VEN,42184,22137,20047,11724,30026,434,ITH,ITH3,5,Veneto,Veneto,4905854,544076,11.09,0.86
2298,2021-08-01,VEN,27877,14915,12962,11012,16349,516,ITH,ITH3,5,Veneto,Veneto,4905854,571953,11.66,0.57
2299,2021-04-23,VEN,31290,13855,17435,21428,8707,1155,ITH,ITH3,5,Veneto,Veneto,4905854,603243,12.3,0.64
2300,2021-02-16,VEN,6644,2870,3774,6439,176,29,ITH,ITH3,5,Veneto,Veneto,4905854,609887,12.43,0.14
2301,2021-01-23,VEN,4057,1250,2807,31,4026,0,ITH,ITH3,5,Veneto,Veneto,4905854,613944,12.51,0.08
2302,2021-06-29,VEN,45552,22724,22828,19046,25825,681,ITH,ITH3,5,Veneto,Veneto,4905854,659496,13.44,0.93
2303,2021-03-21,VEN,11992,4756,7236,8286,3466,240,ITH,ITH3,5,Veneto,Veneto,4905854,671488,13.69,0.24
2304,2021-01-16,VEN,4612,1542,3070,4612,0,0,ITH,ITH3,5,Veneto,Veneto,4905854,676100,13.78,0.09
2305,2021-03-14,VEN,15182,5944,9238,13851,894,437,ITH,ITH3,5,Veneto,Veneto,4905854,691282,14.09,0.31
2306,2021-05-17,VEN,26538,12998,13540,15664,10056,818,ITH,ITH3,5,Veneto,Veneto,4905854,717820,14.63,0.54
2307,2021-02-06,VEN,4098,1354,2744,708,3390,0,ITH,ITH3,5,Veneto,Veneto,4905854,721918,14.72,0.08
2308,2021-02-23,VEN,7383,3253,4130,7029,270,84,ITH,ITH3,5,Veneto,Veneto,4905854,729301,14.87,0.15
2309,2021-07-18,VEN,37713,19756,17957,3838,33624,251,ITH,ITH3,5,Veneto,Veneto,4905854,767014,15.63,0.77
2310,2021-02-25,VEN,7903,3344,4559,7159,607,137,ITH,ITH3,5,Veneto,Veneto,4905854,774917,15.8,0.16
2311,2021-04-09,VEN,31205,13767,17438,21918,8349,938,ITH,ITH3,5,Veneto,Veneto,4905854,806122,16.43,0.64
2312,2021-06-05,VEN,46870,24142,22728,37325,8098,1447,ITH,ITH3,5,Veneto,Veneto,4905854,852992,17.39,0.96
2313,2021-07-06,VEN,36138,18622,17516,13207,22301,630,ITH,ITH3,5,Veneto,Veneto,4905854,889130,18.12,0.74
2314,2021-04-14,VEN,15937,6912,9025,8763,6634,540,ITH,ITH3,5,Veneto,Veneto,4905854,905067,18.45,0.32
2315,2021-01-04,VEN,6739,2037,4702,6737,0,2,ITH,ITH3,5,Veneto,Veneto,4905854,911806,18.59,0.14
2316,2021-05-14,VEN,46818,22269,24549,24300,20946,1572,ITH,ITH3,5,Veneto,Veneto,4905854,958624,19.54,0.95
2317,2021-02-20,VEN,6429,2018,4411,6276,72,81,ITH,ITH3,5,Veneto,Veneto,4905854,965053,19.67,0.13
2318,2021-03-02,VEN,11494,4627,6867,7934,3312,248,ITH,ITH3,5,Veneto,Veneto,4905854,976547,19.91,0.23
2319,2021-06-10,VEN,52375,27024,25351,41314,9368,1693,ITH,ITH3,5,Veneto,Veneto,4905854,1028922,20.97,1.07
2320,2021-04-02,VEN,24112,10630,13482,17137,6331,644,ITH,ITH3,5,Veneto,Veneto,4905854,1053034,21.46,0.49
2321,2021-01-09,VEN,7934,2539,5395,7929,0,5,ITH,ITH3,5,Veneto,Veneto,4905854,1060968,21.63,0.16
2322,2021-03-18,VEN,12622,5145,7477,7037,5232,353,ITH,ITH3,5,Veneto,Veneto,4905854,1073590,21.88,0.26
2323,2021-06-26,VEN,48078,24513,23565,13601,33990,487,ITH,ITH3,5,Veneto,Veneto,4905854,1121668,22.86,0.98
2324,2021-05-12,VEN,36985,17906,19079,30242,5129,1614,ITH,ITH3,5,Veneto,Veneto,4905854,1158653,23.62,0.75
2325,2021-07-08,VEN,46703,24307,22396,4498,41910,295,ITH,ITH3,5,Veneto,Veneto,4905854,1205356,24.57,0.95
2326,2021-06-24,VEN,56189,28460,27729,17635,37872,682,ITH,ITH3,5,Veneto,Veneto,4905854,1261545,25.72,1.15
2327,2021-03-16,VEN,12535,5357,7178,6642,5624,269,ITH,ITH3,5,Veneto,Veneto,4905854,1274080,25.97,0.26
2328,2021-05-10,VEN,36515,17087,19428,25427,9855,1233,ITH,ITH3,5,Veneto,Veneto,4905854,1310595,26.71,0.74
2329,2021-01-30,VEN,8758,2677,6081,691,8067,0,ITH,ITH3,5,Veneto,Veneto,4905854,1319353,26.89,0.18
2330,2021-03-07,VEN,4497,1770,2727,3867,561,69,ITH,ITH3,5,Veneto,Veneto,4905854,1323850,26.99,0.09
2331,2021-05-03,VEN,40708,19811,20897,32806,6440,1462,ITH,ITH3,5,Veneto,Veneto,4905854,1364558,27.81,0.83
2332,2021-05-29,VEN,33048,16696,16352,24244,7688,1116,ITH,ITH3,5,Veneto,Veneto,4905854,1397606,28.49,0.67
2333,2021-02-18,VEN,5832,2456,3376,5729,64,39,ITH,ITH3,5,Veneto,Veneto,4905854,1403438,28.61,0.12
2334,2021-07-25,VEN,33153,17517,15636,10797,21889,467,ITH,ITH3,5,Veneto,Veneto,4905854,1436591,29.28,0.68
2335,2021-04-16,VEN,24463,10500,13963,11895,11889,679,ITH,ITH3,5,Veneto,Veneto,4905854,1461054,29.78,0.5
2336,2021-08-06,VEN,38176,20826,17350,19774,17527,875,ITH,ITH3,5,Veneto,Veneto,4905854,1499230,30.56,0.78
2337,2021-04-28,VEN,32459,15198,17261,22259,9022,1178,ITH,ITH3,5,Veneto,Veneto,4905854,1531689,31.22,0.66
2338,2021-07-20,VEN,44345,23678,20667,6871,36965,509,ITH,ITH3,5,Veneto,Veneto,4905854,1576034,32.13,0.9
2339,2021-01-18,VEN,2766,778,1988,2560,201,5,ITH,ITH3,5,Veneto,Veneto,4905854,1578800,32.18,0.06
2340,2021-02-04,VEN,7396,2028,5368,550,6845,1,ITH,ITH3,5,Veneto,Veneto,4905854,1586196,32.33,0.15
2341,2021-08-08,VEN,20478,11367,9111,10636,9533,309,ITH,ITH3,5,Veneto,Veneto,4905854,1606674,32.75,0.42
2342,2021-06-12,VEN,48694,24499,24195,36419,10815,1460,ITH,ITH3,5,Veneto,Veneto,4905854,1655368,33.74,0.99
2343,2021-06-02,VEN,20316,10238,10078,15353,4346,617,ITH,ITH3,5,Veneto,Veneto,4905854,1675684,34.16,0.41
2344,2021-03-11,VEN,19836,8893,10943,13794,5575,467,ITH,ITH3,5,Veneto,Veneto,4905854,1695520,34.56,0.4
2345,2021-06-09,VEN,42806,21959,20847,33799,7463,1544,ITH,ITH3,5,Veneto,Veneto,4905854,1738326,35.43,0.87
2346,2021-06-28,VEN,47652,24115,23537,18424,28534,694,ITH,ITH3,5,Veneto,Veneto,4905854,1785978,36.41,0.97
2347,2021-01-25,VEN,6471,2077,4394,157,6314,0,ITH,ITH3,5,Veneto,Veneto,4905854,1792449,36.54,0.13
2348,2021-07-29,VEN,47430,25085,22345,20064,26508,858,ITH,ITH3,5,Veneto,Veneto,4905854,1839879,37.5,0.97
2349,2021-07-15,VEN,51383,26890,24493,6021,44983,379,ITH,ITH3,5,Veneto,Veneto,4905854,1891262,38.55,1.05
2350,2021-04-20,VEN,22457,9500,12957,7880,14007,570,ITH,ITH3,5,Veneto,Veneto,4905854,1913719,39.01,0.46
2351,2021-05-07,VEN,48624,23298,25326,37603,8673,2348,ITH,ITH3,5,Veneto,Veneto,4905854,1962343,40.0,0.99
2352,2021-01-27,VEN,7146,2067,5079,240,6905,1,ITH,ITH3,5,Veneto,Veneto,4905854,1969489,40.15,0.15
2353,2021-02-13,VEN,3266,1473,1793,3230,20,16,ITH,ITH3,5,Veneto,Veneto,4905854,1972755,40.21,0.07
2354,2021-05-28,VEN,46902,22956,23946,23686,22019,1197,ITH,ITH3,5,Veneto,Veneto,4905854,2019657,41.17,0.96
2355,2021-07-24,VEN,41640,22331,19309,13241,27762,637,ITH,ITH3,5,Veneto,Veneto,4905854,2061297,42.02,0.85
2356,2021-07-10,VEN,43191,23214,19977,6292,36541,358,ITH,ITH3,5,Veneto,Veneto,4905854,2104488,42.9,0.88
2357,2021-07-17,VEN,40592,21473,19119,4289,35961,342,ITH,ITH3,5,Veneto,Veneto,4905854,2145080,43.72,0.83
2358,2021-03-23,VEN,22224,10247,11977,16873,4716,635,ITH,ITH3,5,Veneto,Veneto,4905854,2167304,44.18,0.45
2359,2021-05-19,VEN,33145,15179,17966,16228,15987,930,ITH,ITH3,5,Veneto,Veneto,4905854,2200449,44.85,0.68
2360,2021-02-08,VEN,5006,1559,3447,1923,3077,6,ITH,ITH3,5,Veneto,Veneto,4905854,2205455,44.96,0.1
2361,2021-04-06,VEN,29031,13366,15665,23260,5047,724,ITH,ITH3,5,Veneto,Veneto,4905854,2234486,45.55,0.59
2362,2021-02-01,VEN,8563,2502,6061,157,8406,0,ITH,ITH3,5,Veneto,Veneto,4905854,2243049,45.72,0.17
2363,2021-04-30,VEN,50254,23614,26640,33176,15672,1406,ITH,ITH3,5,Veneto,Veneto,4905854,2293303,46.75,1.02
2364,2021-01-20,VEN,1039,368,671,387,652,0,ITH,ITH3,5,Veneto,Veneto,4905854,2294342,46.77,0.02
2365,2021-07-03,VEN,38705,20118,18587,11033,27102,570,ITH,ITH3,5,Veneto,Veneto,4905854,2333047,47.56,0.79
2366,2021-06-16,VEN,47779,23572,24207,25271,21421,1087,ITH,ITH3,5,Veneto,Veneto,4905854,2380826,48.53,0.97
2367,2021-01-01,VEN,1528,471,1057,1527,0,1,ITH,ITH3,5,Veneto,Veneto,4905854,2382354,48.56,0.03
2368,2021-04-27,VEN,28208,12797,15411,20138,6914,1156,ITH,ITH3,5,Veneto,Veneto,4905854,2410562,49.14,0.57
2369,2021-01-17,VEN,1933,781,1152,1584,349,0,ITH,ITH3,5,Veneto,Veneto,4905854,2412495,49.18,0.04
2370,2021-02-03,VEN,5955,1672,4283,474,5477,4,ITH,ITH3,5,Veneto,Veneto,4905854,2418450,49.3,0.12
2371,2021-08-07,VEN,28898,16265,12633,16301,12048,549,ITH,ITH3,5,Veneto,Veneto,4905854,2447348,49.89,0.59
2372,2021-04-29,VEN,50307,23404,26903,35397,13180,1730,ITH,ITH3,5,Veneto,Veneto,4905854,2497655,50.91,1.03
2373,2021-05-02,VEN,37245,17266,19979,25620,10330,1295,ITH,ITH3,5,Veneto,Veneto,4905854,2534900,51.67,0.76
2374,2021-06-14,VEN,42619,21555,21064,26304,15311,1004,ITH,ITH3,5,Veneto,Veneto,4905854,2577519,52.54,0.87
2375,2021-03-06,VEN,10683,4357,6326,7217,3278,188,ITH,ITH3,5,Veneto,Veneto,4905854,2588202,52.76,0.22
2376,2021-08-10,VEN,28344,15547,12797,16335,11408,601,ITH,ITH3,5,Veneto,Veneto,4905854,2616546,53.34,0.58
2377,2020-12-30,VEN,699,245,454,699,0,0,ITH,ITH3,5,Veneto,Veneto,4905854,2617245,53.35,0.01
2378,2021-08-12,VEN,23959,12987,10972,17203,6071,685,ITH,ITH3,5,Veneto,Veneto,4905854,2641204,53.84,0.49
2379,2021-06-07,VEN,44693,23317,21376,36179,7039,1475,ITH,ITH3,5,Veneto,Veneto,4905854,2685897,54.75,0.91
2380,2021-03-03,VEN,12101,4648,7453,8388,3502,211,ITH,ITH3,5,Veneto,Veneto,4905854,2697998,55.0,0.25
2381,2021-06-11,VEN,47316,24615,22701,34719,11182,1415,ITH,ITH3,5,Veneto,Veneto,4905854,2745314,55.96,0.96
2382,2021-05-09,VEN,35088,16144,18944,23796,10055,1237,ITH,ITH3,5,Veneto,Veneto,4905854,2780402,56.68,0.72
2383,2021-05-26,VEN,31154,15229,15925,13990,16488,676,ITH,ITH3,5,Veneto,Veneto,4905854,2811556,57.31,0.64
2384,2021-03-01,VEN,9395,3717,5678,7410,1822,163,ITH,ITH3,5,Veneto,Veneto,4905854,2820951,57.5,0.19
2385,2021-02-15,VEN,4392,1826,2566,4143,240,9,ITH,ITH3,5,Veneto,Veneto,4905854,2825343,57.59,0.09
2386,2021-03-30,VEN,35998,15313,20685,29741,5249,1008,ITH,ITH3,5,Veneto,Veneto,4905854,2861341,58.33,0.73
2387,2021-08-02,VEN,40033,20990,19043,16242,23146,645,ITH,ITH3,5,Veneto,Veneto,4905854,2901374,59.14,0.82
2388,2021-04-10,VEN,27478,11984,15494,18381,8471,626,ITH,ITH3,5,Veneto,Veneto,4905854,2928852,59.7,0.56
2389,2021-06-06,VEN,37446,19172,18274,31495,4730,1221,ITH,ITH3,5,Veneto,Veneto,4905854,2966298,60.46,0.76
2390,2020-12-27,VEN,880,395,485,880,0,0,ITH,ITH3,5,Veneto,Veneto,4905854,2967178,60.48,0.02
2391,2021-05-21,VEN,44842,22049,22793,19807,23935,1100,ITH,ITH3,5,Veneto,Veneto,4905854,3012020,61.4,0.91
2392,2021-02-17,VEN,6022,2772,3250,5900,94,28,ITH,ITH3,5,Veneto,Veneto,4905854,3018042,61.52,0.12
2393,2021-07-21,VEN,43236,22318,20918,8682,34056,498,ITH,ITH3,5,Veneto,Veneto,4905854,3061278,62.4,0.88
2394,2021-02-05,VEN,8386,2540,5846,1409,6968,9,ITH,ITH3,5,Veneto,Veneto,4905854,3069664,62.57,0.17
2395,2021-02-22,VEN,7019,3044,3975,6581,391,47,ITH,ITH3,5,Veneto,Veneto,4905854,3076683,62.71,0.14
2396,2021-05-16,VEN,28423,14015,14408,20325,7080,1018,ITH,ITH3,5,Veneto,Veneto,4905854,3105106,63.29,0.58
2397,2021-08-09,VEN,34688,18590,16098,17075,16844,769,ITH,ITH3,5,Veneto,Veneto,4905854,3139794,64.0,0.71
2398,2021-03-25,VEN,25975,11062,14913,18976,6104,895,ITH,ITH3,5,Veneto,Veneto,4905854,3165769,64.53,0.53
2399,2021-04-11,VEN,21011,8876,12135,14231,6295,485,ITH,ITH3,5,Veneto,Veneto,4905854,3186780,64.96,0.43
2400,2021-07-22,VEN,48323,25081,23242,13250,34426,647,ITH,ITH3,5,Veneto,Veneto,4905854,3235103,65.94,0.99
2401,2021-04-13,VEN,14037,6326,7711,8058,5479,500,ITH,ITH3,5,Veneto,Veneto,4905854,3249140,66.23,0.29
2402,2021-07-05,VEN,39138,20284,18854,14153,24196,789,ITH,ITH3,5,Veneto,Veneto,4905854,3288278,67.03,0.8
2403,2021-01-03,VEN,5158,1562,3596,5158,0,0,ITH,ITH3,5,Veneto,Veneto,4905854,3293436,67.13,0.11
2404,2021-02-27,VEN,8994,2693,6301,7965,849,180,ITH,ITH3,5,Veneto,Veneto,4905854,3302430,67.32,0.18
2405,2021-03-04,VEN,12986,4888,8098,9121,3475,390,ITH,ITH3,5,Veneto,Veneto,4905854,3315416,67.58,0.26
2406,2021-07-07,VEN,40947,21306,19641,15634,24523,790,ITH,ITH3,5,Veneto,Veneto,4905854,3356363,68.42,0.83
2407,2021-06-25,VEN,51705,26158,25547,15077,35996,632,ITH,ITH3,5,Veneto,Veneto,4905854,3408068,69.47,1.05
2408,2021-07-14,VEN,43589,22405,21184,5271,37923,395,ITH,ITH3,5,Veneto,Veneto,4905854,3451657,70.36,0.89
2409,2021-04-22,VEN,32062,13942,18120,15475,15768,819,ITH,ITH3,5,Veneto,Veneto,4905854,3483719,71.01,0.65
2410,2021-07-31,VEN,35084,18856,16228,16968,17469,647,ITH,ITH3,5,Veneto,Veneto,4905854,3518803,71.73,0.72
2411,2021-08-14,VEN,7287,4287,3000,5348,1740,199,ITH,ITH3,5,Veneto,Veneto,4905854,3526090,71.88,0.15
2412,2021-07-12,VEN,43233,22776,20457,4001,38906,326,ITH,ITH3,5,Veneto,Veneto,4905854,3569323,72.76,0.88
2413,2021-04-03,VEN,21984,9644,12340,13862,7718,404,ITH,ITH3,5,Veneto,Veneto,4905854,3591307,73.2,0.45
2414,2021-03-20,VEN,13034,5392,7642,10660,2082,292,ITH,ITH3,5,Veneto,Veneto,4905854,3604341,73.47,0.27
2415,2021-01-10,VEN,5036,1673,3363,5035,0,1,ITH,ITH3,5,Veneto,Veneto,4905854,3609377,73.57,0.1
2416,2021-05-30,VEN,22548,11271,11277,15207,6691,650,ITH,ITH3,5,Veneto,Veneto,4905854,3631925,74.03,0.46
2417,2021-07-26,VEN,43592,22911,20681,16947,25997,648,ITH,ITH3,5,Veneto,Veneto,4905854,3675517,74.92,0.89
2418,2021-07-19,VEN,44739,23563,21176,7942,36392,405,ITH,ITH3,5,Veneto,Veneto,4905854,3720256,75.83,0.91
2419,2021-04-01,VEN,25390,11187,14203,18202,6414,774,ITH,ITH3,5,Veneto,Veneto,4905854,3745646,76.35,0.52
2420,2021-04-15,VEN,20935,8649,12286,9359,10831,745,ITH,ITH3,5,Veneto,Veneto,4905854,3766581,76.78,0.43
2421,2021-01-05,VEN,7336,2186,5150,7334,0,2,ITH,ITH3,5,Veneto,Veneto,4905854,3773917,76.93,0.15
2422,2021-02-10,VEN,4758,1592,3166,3692,1057,9,ITH,ITH3,5,Veneto,Veneto,4905854,3778675,77.02,0.1
2423,2021-04-08,VEN,32401,14384,18017,23344,7885,1172,ITH,ITH3,5,Veneto,Veneto,4905854,3811076,77.68,0.66
2424,2020-12-31,VEN,3219,1042,2177,3219,0,0,ITH,ITH3,5,Veneto,Veneto,4905854,3814295,77.75,0.07
2425,2021-07-04,VEN,33886,17582,16304,14996,18289,601,ITH,ITH3,5,Veneto,Veneto,4905854,3848181,78.44,0.69
2426,2021-04-12,VEN,14917,6343,8574,6400,8216,301,ITH,ITH3,5,Veneto,Veneto,4905854,3863098,78.74,0.3
2427,2021-01-02,VEN,5744,1767,3977,5743,0,1,ITH,ITH3,5,Veneto,Veneto,4905854,3868842,78.86,0.12
2428,2021-03-08,VEN,13639,6276,7363,9304,4072,263,ITH,ITH3,5,Veneto,Veneto,4905854,3882481,79.14,0.28
2429,2021-06-18,VEN,53637,26764,26873,23990,28618,1029,ITH,ITH3,5,Veneto,Veneto,4905854,3936118,80.23,1.09
2430,2021-05-11,VEN,33190,16511,16679,27155,4723,1312,ITH,ITH3,5,Veneto,Veneto,4905854,3969308,80.91,0.68
2431,2021-01-22,VEN,1080,332,748,25,1055,0,ITH,ITH3,5,Veneto,Veneto,4905854,3970388,80.93,0.02
2432,2021-05-04,VEN,43027,20380,22647,33363,8036,1628,ITH,ITH3,5,Veneto,Veneto,4905854,4013415,81.81,0.88
2433,2021-01-24,VEN,4117,1219,2898,28,4089,0,ITH,ITH3,5,Veneto,Veneto,4905854,4017532,81.89,0.08
2434,2021-06-08,VEN,43850,22671,21179,36195,6141,1514,ITH,ITH3,5,Veneto,Veneto,4905854,4061382,82.79,0.89
2435,2021-05-25,VEN,27846,13438,14408,11268,16081,497,ITH,ITH3,5,Veneto,Veneto,4905854,4089228,83.35,0.57
2436,2021-02-14,VEN,126,56,70,113,13,0,ITH,ITH3,5,Veneto,Veneto,4905854,4089354,83.36,0.0
2437,2021-02-28,VEN,4136,1389,2747,3225,837,74,ITH,ITH3,5,Veneto,Veneto,4905854,4093490,83.44,0.08
2438,2021-05-23,VEN,34489,16467,18022,10618,23400,471,ITH,ITH3,5,Veneto,Veneto,4905854,4127979,84.14,0.7
2439,2021-02-12,VEN,4314,1446,2868,3671,572,71,ITH,ITH3,5,Veneto,Veneto,4905854,4132293,84.23,0.09
2440,2021-01-29,VEN,9027,2789,6238,365,8662,0,ITH,ITH3,5,Veneto,Veneto,4905854,4141320,84.42,0.18
2441,2021-05-08,VEN,41515,18780,22735,28270,11828,1417,ITH,ITH3,5,Veneto,Veneto,4905854,4182835,85.26,0.85
2442,2021-07-30,VEN,45494,24197,21297,22559,22051,884,ITH,ITH3,5,Veneto,Veneto,4905854,4228329,86.19,0.93
2443,2021-02-26,VEN,8298,3275,5023,6944,1259,95,ITH,ITH3,5,Veneto,Veneto,4905854,4236627,86.36,0.17
2444,2021-04-24,VEN,24767,10830,13937,14966,9079,722,ITH,ITH3,5,Veneto,Veneto,4905854,4261394,86.86,0.5
2445,2021-01-14,VEN,7067,1926,5141,7047,0,20,ITH,ITH3,5,Veneto,Veneto,4905854,4268461,87.01,0.14
2446,2021-03-12,VEN,18663,8196,10467,11331,6751,581,ITH,ITH3,5,Veneto,Veneto,4905854,4287124,87.39,0.38
2447,2021-06-04,VEN,49650,25841,23809,39838,8145,1667,ITH,ITH3,5,Veneto,Veneto,4905854,4336774,88.4,1.01
2448,2021-02-24,VEN,8621,3680,4941,7998,489,134,ITH,ITH3,5,Veneto,Veneto,4905854,4345395,88.58,0.18
2449,2021-01-19,VEN,1313,475,838,1163,149,1,ITH,ITH3,5,Veneto,Veneto,4905854,4346708,88.6,0.03
2450,2021-07-23,VEN,44288,23289,20999,14949,28761,578,ITH,ITH3,5,Veneto,Veneto,4905854,4390996,89.51,0.9
2451,2021-05-01,VEN,38870,18248,20622,28713,8930,1227,ITH,ITH3,5,Veneto,Veneto,4905854,4429866,90.3,0.79
2452,2021-03-27,VEN,32089,14016,18073,25380,5806,903,ITH,ITH3,5,Veneto,Veneto,4905854,4461955,90.95,0.65
2453,2021-06-03,VEN,54518,28033,26485,40885,11991,1642,ITH,ITH3,5,Veneto,Veneto,4905854,4516473,92.06,1.11
2454,2021-06-20,VEN,41203,20063,21140,18935,21534,734,ITH,ITH3,5,Veneto,Veneto,4905854,4557676,92.9,0.84
2455,2021-04-07,VEN,36053,16203,19850,27604,7339,1110,ITH,ITH3,5,Veneto,Veneto,4905854,4593729,93.64,0.73
2456,2021-07-16,VEN,44697,24038,20659,6931,37300,466,ITH,ITH3,5,Veneto,Veneto,4905854,4638426,94.55,0.91
2457,2021-01-31,VEN,4789,1566,3223,408,4381,0,ITH,ITH3,5,Veneto,Veneto,4905854,4643215,94.65,0.1
2458,2021-03-29,VEN,31467,13702,17765,26649,3824,994,ITH,ITH3,5,Veneto,Veneto,4905854,4674682,95.29,0.64
2459,2021-05-13,VEN,44326,21871,22455,32597,9905,1824,ITH,ITH3,5,Veneto,Veneto,4905854,4719008,96.19,0.9
2460,2021-03-17,VEN,14646,5991,8655,7527,6796,323,ITH,ITH3,5,Veneto,Veneto,4905854,4733654,96.49,0.3
2461,2021-07-28,VEN,40200,20873,19327,11995,27745,460,ITH,ITH3,5,Veneto,Veneto,4905854,4773854,97.31,0.82
2462,2021-01-12,VEN,5231,1517,3714,5223,0,8,ITH,ITH3,5,Veneto,Veneto,4905854,4779085,97.42,0.11
2463,2021-04-19,VEN,21552,8929,12623,4710,16414,428,ITH,ITH3,5,Veneto,Veneto,4905854,4800637,97.86,0.44
2464,2021-04-05,VEN,19165,8376,10789,13426,5438,301,ITH,ITH3,5,Veneto,Veneto,4905854,4819802,98.25,0.39
2465,2021-01-26,VEN,6924,2092,4832,149,6775,0,ITH,ITH3,5,Veneto,Veneto,4905854,4826726,98.39,0.14
2466,2021-06-27,VEN,40240,20556,19684,15355,24310,575,ITH,ITH3,5,Veneto,Veneto,4905854,4866966,99.21,0.82
2467,2021-03-19,VEN,13802,5672,8130,7407,6104,291,ITH,ITH3,5,Veneto,Veneto,4905854,4880768,99.49,0.28
2468,2021-04-17,VEN,22448,9098,13350,14373,7277,798,ITH,ITH3,5,Veneto,Veneto,4905854,4903216,99.95,0.46
2469,2021-01-07,VEN,8361,2317,6044,8360,0,1,ITH,ITH3,5,Veneto,Veneto,4905854,4911577,100.12,0.17
2470,2021-06-13,VEN,37337,19254,18083,29316,6956,1065,ITH,ITH3,5,Veneto,Veneto,4905854,4948914,100.88,0.76
2471,2021-01-21,VEN,2294,719,1575,21,2273,0,ITH,ITH3,5,Veneto,Veneto,4905854,4951208,100.92,0.05
2472,2021-03-05,VEN,13340,5022,8318,9222,3674,444,ITH,ITH3,5,Veneto,Veneto,4905854,4964548,101.2,0.27
2473,2021-06-22,VEN,43740,21628,22112,18509,24381,850,ITH,ITH3,5,Veneto,Veneto,4905854,5008288,102.09,0.89
2474,2021-08-04,VEN,42315,22598,19717,22499,18723,1093,ITH,ITH3,5,Veneto,Veneto,4905854,5050603,102.95,0.86
2475,2021-04-26,VEN,20731,9461,11270,14917,5140,674,ITH,ITH3,5,Veneto,Veneto,4905854,5071334,103.37,0.42
2476,2021-02-19,VEN,7323,3141,4182,6995,204,124,ITH,ITH3,5,Veneto,Veneto,4905854,5078657,103.52,0.15
2477,2021-02-21,VEN,4640,1212,3428,4516,5,119,ITH,ITH3,5,Veneto,Veneto,4905854,5083297,103.62,0.09
2478,2021-05-15,VEN,36261,17516,18745,24815,10018,1428,ITH,ITH3,5,Veneto,Veneto,4905854,5119558,104.36,0.74
2479,2021-06-01,VEN,26986,13566,13420,15787,10556,643,ITH,ITH3,5,Veneto,Veneto,4905854,5146544,104.91,0.55
2480,2021-02-02,VEN,6513,1881,4632,396,6117,0,ITH,ITH3,5,Veneto,Veneto,4905854,5153057,105.04,0.13
2481,2021-07-09,VEN,45052,23763,21289,4110,40657,285,ITH,ITH3,5,Veneto,Veneto,4905854,5198109,105.96,0.92
2482,2021-03-31,VEN,38951,16444,22507,30404,7506,1041,ITH,ITH3,5,Veneto,Veneto,4905854,5237060,106.75,0.79
2483,2021-07-11,VEN,34232,17923,16309,3696,30281,255,ITH,ITH3,5,Veneto,Veneto,4905854,5271292,107.45,0.7
2484,2021-05-06,VEN,47038,22061,24977,36577,8491,1970,ITH,ITH3,5,Veneto,Veneto,4905854,5318330,108.41,0.96
2485,2021-06-15,VEN,47822,24294,23528,29144,17530,1148,ITH,ITH3,5,Veneto,Veneto,4905854,5366152,109.38,0.97
2486,2021-08-11,VEN,26632,14708,11924,15543,10516,573,ITH,ITH3,5,Veneto,Veneto,4905854,5392784,109.93,0.54
2487,2021-03-10,VEN,19042,8727,10315,12963,5686,393,ITH,ITH3,5,Veneto,Veneto,4905854,5411826,110.31,0.39
2488,2021-08-05,VEN,38971,21299,17672,15535,22837,599,ITH,ITH3,5,Veneto,Veneto,4905854,5450797,111.11,0.79
2489,2021-04-18,VEN,17530,7262,10268,9510,7567,453,ITH,ITH3,5,Veneto,Veneto,4905854,5468327,111.47,0.36
2490,2021-01-08,VEN,9416,2837,6579,9402,0,14,ITH,ITH3,5,Veneto,Veneto,4905854,5477743,111.66,0.19
2491,2021-01-13,VEN,5988,1606,4382,5985,0,3,ITH,ITH3,5,Veneto,Veneto,4905854,5483731,111.78,0.12
2492,2021-08-03,VEN,40645,21516,19129,17536,22397,712,ITH,ITH3,5,Veneto,Veneto,4905854,5524376,112.61,0.83
2493,2021-04-25,VEN,18336,8156,10180,12909,4835,592,ITH,ITH3,5,Veneto,Veneto,4905854,5542712,112.98,0.37
2494,2021-06-21,VEN,44323,22185,22138,20465,22958,900,ITH,ITH3,5,Veneto,Veneto,4905854,5587035,113.89,0.9
2495,2021-01-06,VEN,8140,2389,5751,8137,0,3,ITH,ITH3,5,Veneto,Veneto,4905854,5595175,114.05,0.17
2496,2021-06-23,VEN,49330,24442,24888,14567,33968,795,ITH,ITH3,5,Veneto,Veneto,4905854,5644505,115.06,1.01
2497,2021-03-15,VEN,16672,7331,9341,10958,5212,502,ITH,ITH3,5,Veneto,Veneto,4905854,5661177,115.4,0.34
2498,2021-05-18,VEN,27032,12550,14482,12641,13632,759,ITH,ITH3,5,Veneto,Veneto,4905854,5688209,115.95,0.55
2499,2021-06-30,VEN,45780,23086,22694,17861,27174,745,ITH,ITH3,5,Veneto,Veneto,4905854,5733989,116.88,0.93
2500,2021-03-22,VEN,18153,8182,9971,12587,5049,517,ITH,ITH3,5,Veneto,Veneto,4905854,5752142,117.25,0.37
2501,2021-03-13,VEN,17241,7312,9929,13736,3133,372,ITH,ITH3,5,Veneto,Veneto,4905854,5769383,117.6,0.35
2502,2021-01-15,VEN,5876,1819,4057,5870,0,6,ITH,ITH3,5,Veneto,Veneto,4905854,5775259,117.72,0.12
2503,2021-05-20,VEN,44830,21254,23576,19368,24361,1101,ITH,ITH3,5,Veneto,Veneto,4905854,5820089,118.64,0.91
2504,2021-02-09,VEN,5250,1892,3358,3431,1806,13,ITH,ITH3,5,Veneto,Veneto,4905854,5825339,118.74,0.11
2505,2021-05-27,VEN,46636,22912,23724,22360,23236,1040,ITH,ITH3,5,Veneto,Veneto,4905854,5871975,119.69,0.95
2506,2021-02-07,VEN,2316,863,1453,714,1601,1,ITH,ITH3,5,Veneto,Veneto,4905854,5874291,119.74,0.05
2507,2021-07-02,VEN,49529,25127,24402,16282,32472,775,ITH,ITH3,5,Veneto,Veneto,4905854,5923820,120.75,1.01
2508,2021-03-24,VEN,22123,9580,12543,14668,6805,650,ITH,ITH3,5,Veneto,Veneto,4905854,5945943,121.2,0.45
2509,2021-06-29,PAT,6419,3236,3183,2799,3532,88,ITH,ITH2,4,Provincia Autonoma Trento,P.A. Trento,541380,6419,1.19,1.19
2510,2021-06-12,PAT,5426,2716,2710,435,4941,50,ITH,ITH2,4,Provincia Autonoma Trento,P.A. Trento,541380,11845,2.19,1.0
2511,2021-03-21,PAT,136,74,62,132,0,4,ITH,ITH2,4,Provincia Autonoma Trento,P.A. Trento,541380,11981,2.21,0.03
2512,2021-05-24,PAT,4489,2075,2414,1269,3106,114,ITH,ITH2,4,Provincia Autonoma Trento,P.A. Trento,541380,16470,3.04,0.83
2513,2021-07-27,PAT,4802,2540,2262,1754,2944,104,ITH,ITH2,4,Provincia Autonoma Trento,P.A. Trento,541380,21272,3.93,0.89
2514,2021-05-31,PAT,4802,2211,2591,1609,3084,109,ITH,ITH2,4,Provincia Autonoma Trento,P.A. Trento,541380,26074,4.82,0.89
2515,2021-07-20,PAT,4821,2605,2216,1749,2932,140,ITH,ITH2,4,Provincia Autonoma Trento,P.A. Trento,541380,30895,5.71,0.89
2516,2021-02-06,PAT,582,302,280,439,143,0,ITH,ITH2,4,Provincia Autonoma Trento,P.A. Trento,541380,31477,5.81,0.11
2517,2021-02-23,PAT,1127,403,724,888,217,22,ITH,ITH2,4,Provincia Autonoma Trento,P.A. Trento,541380,32604,6.02,0.21
2518,2021-05-17,PAT,4354,2156,2198,3752,362,240,ITH,ITH2,4,Provincia Autonoma Trento,P.A. Trento,541380,36958,6.83,0.8
2519,2021-08-08,PAT,633,336,297,241,384,8,ITH,ITH2,4,Provincia Autonoma Trento,P.A. Trento,541380,37591,6.94,0.12
2520,2021-03-26,PAT,3270,1278,1992,2515,611,144,ITH,ITH2,4,Provincia Autonoma Trento,P.A. Trento,541380,40861,7.55,0.6
2521,2021-01-23,PAT,584,338,246,389,194,1,ITH,ITH2,4,Provincia Autonoma Trento,P.A. Trento,541380,41445,7.66,0.11
2522,2021-05-03,PAT,4310,2223,2087,3850,157,303,ITH,ITH2,4,Provincia Autonoma Trento,P.A. Trento,541380,45755,8.45,0.8
2523,2021-08-13,PAT,5537,3146,2391,2363,3033,141,ITH,ITH2,4,Provincia Autonoma Trento,P.A. Trento,541380,51292,9.47,1.02
2524,2021-07-01,PAT,7141,3732,3409,3601,3359,181,ITH,ITH2,4,Provincia Autonoma Trento,P.A. Trento,541380,58433,10.79,1.32
2525,2021-05-05,PAT,5047,2608,2439,4429,305,313,ITH,ITH2,4,Provincia Autonoma Trento,P.A. Trento,541380,63480,11.73,0.93
2526,2021-04-09,PAT,2800,1191,1609,1523,1209,68,ITH,ITH2,4,Provincia Autonoma Trento,P.A. Trento,541380,66280,12.24,0.52
2527,2021-02-11,PAT,1171,377,794,803,367,1,ITH,ITH2,4,Provincia Autonoma Trento,P.A. Trento,541380,67451,12.46,0.22
2528,2021-07-18,PAT,463,242,221,119,339,5,ITH,ITH2,4,Provincia Autonoma Trento,P.A. Trento,541380,67914,12.54,0.09
2529,2021-02-25,PAT,1651,648,1003,1196,445,10,ITH,ITH2,4,Provincia Autonoma Trento,P.A. Trento,541380,69565,12.85,0.3
2530,2020-12-30,PAT,7,3,4,7,0,0,ITH,ITH2,4,Provincia Autonoma Trento,P.A. Trento,541380,69572,12.85,0.0
2531,2021-06-05,PAT,4128,1939,2189,689,3362,77,ITH,ITH2,4,Provincia Autonoma Trento,P.A. Trento,541380,73700,13.61,0.76
2532,2021-07-13,PAT,3831,1949,1882,1776,1930,125,ITH,ITH2,4,Provincia Autonoma Trento,P.A. Trento,541380,77531,14.32,0.71
2533,2021-04-21,PAT,2941,1371,1570,2736,51,154,ITH,ITH2,4,Provincia Autonoma Trento,P.A. Trento,541380,80472,14.86,0.54
2534,2021-01-28,PAT,553,156,397,51,502,0,ITH,ITH2,4,Provincia Autonoma Trento,P.A. Trento,541380,81025,14.97,0.1
2535,2021-01-11,PAT,764,234,530,764,0,0,ITH,ITH2,4,Provincia Autonoma Trento,P.A. Trento,541380,81789,15.11,0.14
2536,2021-02-16,PAT,675,248,427,659,5,11,ITH,ITH2,4,Provincia Autonoma Trento,P.A. Trento,541380,82464,15.23,0.12
2537,2021-03-09,PAT,1616,606,1010,927,653,36,ITH,ITH2,4,Provincia Autonoma Trento,P.A. Trento,541380,84080,15.53,0.3
2538,2021-06-17,PAT,6743,3557,3186,2045,4531,167,ITH,ITH2,4,Provincia Autonoma Trento,P.A. Trento,541380,90823,16.78,1.25
2539,2021-03-14,PAT,109,66,43,19,88,2,ITH,ITH2,4,Provincia Autonoma Trento,P.A. Trento,541380,90932,16.8,0.02
2540,2021-03-02,PAT,1320,445,875,911,380,29,ITH,ITH2,4,Provincia Autonoma Trento,P.A. Trento,541380,92252,17.04,0.24
2541,2021-06-10,PAT,6205,3023,3182,1813,4259,133,ITH,ITH2,4,Provincia Autonoma Trento,P.A. Trento,541380,98457,18.19,1.15
2542,2021-03-04,PAT,2388,807,1581,1556,790,42,ITH,ITH2,4,Provincia Autonoma Trento,P.A. Trento,541380,100845,18.63,0.44
2543,2021-04-14,PAT,3144,1478,1666,2251,738,155,ITH,ITH2,4,Provincia Autonoma Trento,P.A. Trento,541380,103989,19.21,0.58
2544,2021-03-28,PAT,767,303,464,718,2,47,ITH,ITH2,4,Provincia Autonoma Trento,P.A. Trento,541380,104756,19.35,0.14
2545,2021-01-04,PAT,905,250,655,903,0,2,ITH,ITH2,4,Provincia Autonoma Trento,P.A. Trento,541380,105661,19.52,0.17
2546,2021-07-06,PAT,5228,2760,2468,3117,1926,185,ITH,ITH2,4,Provincia Autonoma Trento,P.A. Trento,541380,110889,20.48,0.97
2547,2021-01-18,PAT,690,168,522,631,59,0,ITH,ITH2,4,Provincia Autonoma Trento,P.A. Trento,541380,111579,20.61,0.13
2548,2021-06-19,PAT,3146,1722,1424,238,2878,30,ITH,ITH2,4,Provincia Autonoma Trento,P.A. Trento,541380,114725,21.19,0.58
2549,2021-07-08,PAT,4159,2210,1949,2512,1482,165,ITH,ITH2,4,Provincia Autonoma Trento,P.A. Trento,541380,118884,21.96,0.77
2550,2021-02-04,PAT,1012,321,691,428,583,1,ITH,ITH2,4,Provincia Autonoma Trento,P.A. Trento,541380,119896,22.15,0.19
2551,2021-04-13,PAT,2617,1089,1528,2027,509,81,ITH,ITH2,4,Provincia Autonoma Trento,P.A. Trento,541380,122513,22.63,0.48
2552,2021-01-20,PAT,308,77,231,296,12,0,ITH,ITH2,4,Provincia Autonoma Trento,P.A. Trento,541380,122821,22.69,0.06
2553,2021-02-20,PAT,412,247,165,124,287,1,ITH,ITH2,4,Provincia Autonoma Trento,P.A. Trento,541380,123233,22.76,0.08
2554,2021-05-22,PAT,3370,1664,1706,849,2430,91,ITH,ITH2,4,Provincia Autonoma Trento,P.A. Trento,541380,126603,23.39,0.62
2555,2021-05-29,PAT,2442,1328,1114,786,1568,88,ITH,ITH2,4,Provincia Autonoma Trento,P.A. Trento,541380,129045,23.84,0.45
2556,2021-04-02,PAT,2886,1177,1709,2038,684,164,ITH,ITH2,4,Provincia Autonoma Trento,P.A. Trento,541380,131931,24.37,0.53
2557,2021-04-16,PAT,2905,1377,1528,2597,149,159,ITH,ITH2,4,Provincia Autonoma Trento,P.A. Trento,541380,134836,24.91,0.54
2558,2021-02-18,PAT,1431,500,931,1345,69,17,ITH,ITH2,4,Provincia Autonoma Trento,P.A. Trento,541380,136267,25.17,0.26
2559,2021-07-25,PAT,363,203,160,136,218,9,ITH,ITH2,4,Provincia Autonoma Trento,P.A. Trento,541380,136630,25.24,0.07
2560,2021-08-06,PAT,6447,3553,2894,2651,3678,118,ITH,ITH2,4,Provincia Autonoma Trento,P.A. Trento,541380,143077,26.43,1.19
2561,2021-01-16,PAT,322,148,174,322,0,0,ITH,ITH2,4,Provincia Autonoma Trento,P.A. Trento,541380,143399,26.49,0.06
2562,2021-04-28,PAT,4282,1989,2293,3893,139,250,ITH,ITH2,4,Provincia Autonoma Trento,P.A. Trento,541380,147681,27.28,0.79
2563,2021-04-23,PAT,3668,1786,1882,3431,56,181,ITH,ITH2,4,Provincia Autonoma Trento,P.A. Trento,541380,151349,27.96,0.68
2564,2021-01-30,PAT,396,136,260,155,241,0,ITH,ITH2,4,Provincia Autonoma Trento,P.A. Trento,541380,151745,28.03,0.07
2565,2021-05-10,PAT,3267,1678,1589,2532,516,219,ITH,ITH2,4,Provincia Autonoma Trento,P.A. Trento,541380,155012,28.63,0.6
2566,2021-03-18,PAT,2335,964,1371,1222,1089,24,ITH,ITH2,4,Provincia Autonoma Trento,P.A. Trento,541380,157347,29.06,0.43
2567,2021-03-07,PAT,23,6,17,23,0,0,ITH,ITH2,4,Provincia Autonoma Trento,P.A. Trento,541380,157370,29.07,0.0
2568,2021-01-09,PAT,195,42,153,195,0,0,ITH,ITH2,4,Provincia Autonoma Trento,P.A. Trento,541380,157565,29.1,0.04
2569,2021-06-24,PAT,6049,3166,2883,3661,2204,184,ITH,ITH2,4,Provincia Autonoma Trento,P.A. Trento,541380,163614,30.22,1.12
2570,2021-05-12,PAT,3345,1511,1834,1963,1217,165,ITH,ITH2,4,Provincia Autonoma Trento,P.A. Trento,541380,166959,30.84,0.62
2571,2021-03-16,PAT,1407,514,893,581,792,34,ITH,ITH2,4,Provincia Autonoma Trento,P.A. Trento,541380,168366,31.1,0.26
2572,2021-05-14,PAT,5437,2611,2826,3714,1426,297,ITH,ITH2,4,Provincia Autonoma Trento,P.A. Trento,541380,173803,32.1,1.0
2573,2021-01-27,PAT,872,310,562,114,756,2,ITH,ITH2,4,Provincia Autonoma Trento,P.A. Trento,541380,174675,32.26,0.16
2574,2021-02-13,PAT,540,335,205,172,368,0,ITH,ITH2,4,Provincia Autonoma Trento,P.A. Trento,541380,175215,32.36,0.1
2575,2021-05-07,PAT,6085,3129,2956,4856,853,376,ITH,ITH2,4,Provincia Autonoma Trento,P.A. Trento,541380,181300,33.49,1.12
2576,2021-07-24,PAT,993,547,446,525,444,24,ITH,ITH2,4,Provincia Autonoma Trento,P.A. Trento,541380,182293,33.67,0.18
2577,2021-05-02,PAT,3561,1979,1582,3296,39,226,ITH,ITH2,4,Provincia Autonoma Trento,P.A. Trento,541380,185854,34.33,0.66
2578,2021-08-10,PAT,5957,3185,2772,2886,2896,175,ITH,ITH2,4,Provincia Autonoma Trento,P.A. Trento,541380,191811,35.43,1.1
2579,2021-04-30,PAT,4987,2432,2555,4445,162,380,ITH,ITH2,4,Provincia Autonoma Trento,P.A. Trento,541380,196798,36.35,0.92
2580,2021-05-19,PAT,5191,2512,2679,3668,1272,251,ITH,ITH2,4,Provincia Autonoma Trento,P.A. Trento,541380,201989,37.31,0.96
2581,2021-06-02,PAT,2877,1379,1498,899,1913,65,ITH,ITH2,4,Provincia Autonoma Trento,P.A. Trento,541380,204866,37.84,0.53
2582,2021-01-06,PAT,43,13,30,43,0,0,ITH,ITH2,4,Provincia Autonoma Trento,P.A. Trento,541380,204909,37.85,0.01
2583,2021-08-05,PAT,6363,3480,2883,2932,3308,123,ITH,ITH2,4,Provincia Autonoma Trento,P.A. Trento,541380,211272,39.02,1.18
2584,2021-08-12,PAT,5566,2977,2589,2118,3277,171,ITH,ITH2,4,Provincia Autonoma Trento,P.A. Trento,541380,216838,40.05,1.03
2585,2021-01-08,PAT,1521,337,1184,1520,0,1,ITH,ITH2,4,Provincia Autonoma Trento,P.A. Trento,541380,218359,40.33,0.28
2586,2021-06-14,PAT,5807,3005,2802,2041,3653,113,ITH,ITH2,4,Provincia Autonoma Trento,P.A. Trento,541380,224166,41.41,1.07
2587,2021-04-18,PAT,1864,849,1015,1797,9,58,ITH,ITH2,4,Provincia Autonoma Trento,P.A. Trento,541380,226030,41.75,0.34
2588,2021-03-06,PAT,806,285,521,613,152,41,ITH,ITH2,4,Provincia Autonoma Trento,P.A. Trento,541380,226836,41.9,0.15
2589,2021-04-11,PAT,2389,1160,1229,2201,98,90,ITH,ITH2,4,Provincia Autonoma Trento,P.A. Trento,541380,229225,42.34,0.44
2590,2021-06-09,PAT,6321,3119,3202,2117,4125,79,ITH,ITH2,4,Provincia Autonoma Trento,P.A. Trento,541380,235546,43.51,1.17
2591,2021-06-26,PAT,1433,751,682,686,725,22,ITH,ITH2,4,Provincia Autonoma Trento,P.A. Trento,541380,236979,43.77,0.26
2592,2021-06-28,PAT,6941,3592,3349,2999,3864,78,ITH,ITH2,4,Provincia Autonoma Trento,P.A. Trento,541380,243920,45.06,1.28
2593,2021-04-06,PAT,2288,969,1319,1459,770,59,ITH,ITH2,4,Provincia Autonoma Trento,P.A. Trento,541380,246208,45.48,0.42
2594,2021-07-15,PAT,4293,2296,1997,1795,2360,138,ITH,ITH2,4,Provincia Autonoma Trento,P.A. Trento,541380,250501,46.27,0.79
2595,2021-01-13,PAT,444,131,313,444,0,0,ITH,ITH2,4,Provincia Autonoma Trento,P.A. Trento,541380,250945,46.35,0.08
2596,2021-04-20,PAT,2908,1387,1521,2689,37,182,ITH,ITH2,4,Provincia Autonoma Trento,P.A. Trento,541380,253853,46.89,0.54
2597,2021-05-09,PAT,2354,1225,1129,1873,347,134,ITH,ITH2,4,Provincia Autonoma Trento,P.A. Trento,541380,256207,47.32,0.43
2598,2021-02-15,PAT,547,193,354,419,126,2,ITH,ITH2,4,Provincia Autonoma Trento,P.A. Trento,541380,256754,47.43,0.1
2599,2021-05-26,PAT,3956,1864,2092,1117,2718,121,ITH,ITH2,4,Provincia Autonoma Trento,P.A. Trento,541380,260710,48.16,0.73
2600,2021-08-02,PAT,5361,2845,2516,1603,3697,61,ITH,ITH2,4,Provincia Autonoma Trento,P.A. Trento,541380,266071,49.15,0.99
2601,2021-02-08,PAT,1194,333,861,347,847,0,ITH,ITH2,4,Provincia Autonoma Trento,P.A. Trento,541380,267265,49.37,0.22
2602,2021-07-17,PAT,1096,535,561,272,806,18,ITH,ITH2,4,Provincia Autonoma Trento,P.A. Trento,541380,268361,49.57,0.2
2603,2021-05-21,PAT,5207,2503,2704,3138,1798,271,ITH,ITH2,4,Provincia Autonoma Trento,P.A. Trento,541380,273568,50.53,0.96
2604,2021-03-11,PAT,2602,972,1630,1502,1040,60,ITH,ITH2,4,Provincia Autonoma Trento,P.A. Trento,541380,276170,51.01,0.48
2605,2021-07-22,PAT,4768,2582,2186,1900,2736,132,ITH,ITH2,4,Provincia Autonoma Trento,P.A. Trento,541380,280938,51.89,0.88
2606,2021-07-07,PAT,4522,2427,2095,2920,1404,198,ITH,ITH2,4,Provincia Autonoma Trento,P.A. Trento,541380,285460,52.73,0.84
2607,2021-01-03,PAT,502,166,336,502,0,0,ITH,ITH2,4,Provincia Autonoma Trento,P.A. Trento,541380,285962,52.82,0.09
2608,2021-03-13,PAT,965,496,469,846,48,71,ITH,ITH2,4,Provincia Autonoma Trento,P.A. Trento,541380,286927,53.0,0.18
2609,2021-07-05,PAT,5423,2846,2577,3788,1389,246,ITH,ITH2,4,Provincia Autonoma Trento,P.A. Trento,541380,292350,54.0,1.0
2610,2021-06-21,PAT,6257,3387,2870,3649,2424,184,ITH,ITH2,4,Provincia Autonoma Trento,P.A. Trento,541380,298607,55.16,1.16
2611,2021-02-27,PAT,1052,467,585,605,427,20,ITH,ITH2,4,Provincia Autonoma Trento,P.A. Trento,541380,299659,55.35,0.19
2612,2021-08-03,PAT,6182,3341,2841,2477,3588,117,ITH,ITH2,4,Provincia Autonoma Trento,P.A. Trento,541380,305841,56.49,1.14
2613,2021-01-01,PAT,222,51,171,222,0,0,ITH,ITH2,4,Provincia Autonoma Trento,P.A. Trento,541380,306063,56.53,0.04
2614,2021-06-07,PAT,5873,2921,2952,2678,3020,175,ITH,ITH2,4,Provincia Autonoma Trento,P.A. Trento,541380,311936,57.62,1.08
2615,2021-04-25,PAT,2002,952,1050,1876,7,119,ITH,ITH2,4,Provincia Autonoma Trento,P.A. Trento,541380,313938,57.99,0.37
2616,2021-06-25,PAT,7775,4147,3628,4222,3438,115,ITH,ITH2,4,Provincia Autonoma Trento,P.A. Trento,541380,321713,59.42,1.44
2617,2021-07-29,PAT,5464,2901,2563,2640,2710,114,ITH,ITH2,4,Provincia Autonoma Trento,P.A. Trento,541380,327177,60.43,1.01
2618,2021-06-16,PAT,6312,3407,2905,1988,4200,124,ITH,ITH2,4,Provincia Autonoma Trento,P.A. Trento,541380,333489,61.6,1.17
2619,2021-03-15,PAT,1453,573,880,930,469,54,ITH,ITH2,4,Provincia Autonoma Trento,P.A. Trento,541380,334942,61.87,0.27
2620,2021-01-17,PAT,255,199,56,255,0,0,ITH,ITH2,4,Provincia Autonoma Trento,P.A. Trento,541380,335197,61.92,0.05
2621,2021-06-23,PAT,6686,3541,3145,4623,1870,193,ITH,ITH2,4,Provincia Autonoma Trento,P.A. Trento,541380,341883,63.15,1.23
2622,2021-05-11,PAT,3741,1767,1974,2643,862,236,ITH,ITH2,4,Provincia Autonoma Trento,P.A. Trento,541380,345624,63.84,0.69
2623,2021-01-10,PAT,87,20,67,87,0,0,ITH,ITH2,4,Provincia Autonoma Trento,P.A. Trento,541380,345711,63.86,0.02
2624,2021-02-12,PAT,1033,346,687,592,439,2,ITH,ITH2,4,Provincia Autonoma Trento,P.A. Trento,541380,346744,64.05,0.19
2625,2021-03-01,PAT,1253,460,793,928,301,24,ITH,ITH2,4,Provincia Autonoma Trento,P.A. Trento,541380,347997,64.28,0.23
2626,2021-02-01,PAT,1275,356,919,98,1177,0,ITH,ITH2,4,Provincia Autonoma Trento,P.A. Trento,541380,349272,64.52,0.24
2627,2021-02-03,PAT,874,325,549,416,458,0,ITH,ITH2,4,Provincia Autonoma Trento,P.A. Trento,541380,350146,64.68,0.16
2628,2021-07-19,PAT,4802,2526,2276,1454,3221,127,ITH,ITH2,4,Provincia Autonoma Trento,P.A. Trento,541380,354948,65.56,0.89
2629,2021-05-23,PAT,1995,1015,980,432,1535,28,ITH,ITH2,4,Provincia Autonoma Trento,P.A. Trento,541380,356943,65.93,0.37
2630,2021-07-21,PAT,4697,2516,2181,1526,3079,92,ITH,ITH2,4,Provincia Autonoma Trento,P.A. Trento,541380,361640,66.8,0.87
2631,2021-08-09,PAT,5329,2842,2487,2275,2920,134,ITH,ITH2,4,Provincia Autonoma Trento,P.A. Trento,541380,366969,67.78,0.98
2632,2021-02-22,PAT,755,262,493,663,86,6,ITH,ITH2,4,Provincia Autonoma Trento,P.A. Trento,541380,367724,67.92,0.14
2633,2021-05-18,PAT,4319,2046,2273,3171,867,281,ITH,ITH2,4,Provincia Autonoma Trento,P.A. Trento,541380,372043,68.72,0.8
2634,2021-04-29,PAT,4696,2263,2433,4172,214,310,ITH,ITH2,4,Provincia Autonoma Trento,P.A. Trento,541380,376739,69.59,0.87
2635,2021-08-07,PAT,1618,927,691,818,765,35,ITH,ITH2,4,Provincia Autonoma Trento,P.A. Trento,541380,378357,69.89,0.3
2636,2021-01-22,PAT,1748,459,1289,350,1396,2,ITH,ITH2,4,Provincia Autonoma Trento,P.A. Trento,541380,380105,70.21,0.32
2637,2021-02-05,PAT,834,287,547,285,549,0,ITH,ITH2,4,Provincia Autonoma Trento,P.A. Trento,541380,380939,70.36,0.15
2638,2021-05-16,PAT,1358,756,602,1042,248,68,ITH,ITH2,4,Provincia Autonoma Trento,P.A. Trento,541380,382297,70.62,0.25
2639,2021-01-05,PAT,759,262,497,759,0,0,ITH,ITH2,4,Provincia Autonoma Trento,P.A. Trento,541380,383056,70.76,0.14
2640,2021-04-15,PAT,3232,1457,1775,2830,155,247,ITH,ITH2,4,Provincia Autonoma Trento,P.A. Trento,541380,386288,71.35,0.6
2641,2021-08-14,PAT,246,131,115,32,211,3,ITH,ITH2,4,Provincia Autonoma Trento,P.A. Trento,541380,386534,71.4,0.05
2642,2021-07-02,PAT,7404,4025,3379,3592,3586,226,ITH,ITH2,4,Provincia Autonoma Trento,P.A. Trento,541380,393938,72.77,1.37
2643,2021-01-15,PAT,628,149,479,627,0,1,ITH,ITH2,4,Provincia Autonoma Trento,P.A. Trento,541380,394566,72.88,0.12
2644,2021-04-27,PAT,3952,1900,2052,3597,70,285,ITH,ITH2,4,Provincia Autonoma Trento,P.A. Trento,541380,398518,73.61,0.73
2645,2021-05-04,PAT,4570,2490,2080,4169,97,304,ITH,ITH2,4,Provincia Autonoma Trento,P.A. Trento,541380,403088,74.46,0.84
2646,2021-03-08,PAT,1425,439,986,1041,354,30,ITH,ITH2,4,Provincia Autonoma Trento,P.A. Trento,541380,404513,74.72,0.26
2647,2021-03-22,PAT,2346,995,1351,1404,884,58,ITH,ITH2,4,Provincia Autonoma Trento,P.A. Trento,541380,406859,75.15,0.43
2648,2021-01-24,PAT,562,285,277,226,336,0,ITH,ITH2,4,Provincia Autonoma Trento,P.A. Trento,541380,407421,75.26,0.1
2649,2021-06-30,PAT,6856,3523,3333,2716,4051,89,ITH,ITH2,4,Provincia Autonoma Trento,P.A. Trento,541380,414277,76.52,1.27
2650,2021-01-29,PAT,1414,360,1054,56,1358,0,ITH,ITH2,4,Provincia Autonoma Trento,P.A. Trento,541380,415691,76.78,0.26
2651,2021-07-14,PAT,4175,2169,2006,1715,2349,111,ITH,ITH2,4,Provincia Autonoma Trento,P.A. Trento,541380,419866,77.55,0.77
2652,2021-04-22,PAT,3174,1481,1693,2950,46,178,ITH,ITH2,4,Provincia Autonoma Trento,P.A. Trento,541380,423040,78.14,0.59
2653,2021-07-31,PAT,1486,854,632,1067,382,37,ITH,ITH2,4,Provincia Autonoma Trento,P.A. Trento,541380,424526,78.42,0.27
2654,2021-04-07,PAT,2648,1025,1623,1575,952,121,ITH,ITH2,4,Provincia Autonoma Trento,P.A. Trento,541380,427174,78.9,0.49
2655,2021-07-16,PAT,4595,2367,2228,1742,2703,150,ITH,ITH2,4,Provincia Autonoma Trento,P.A. Trento,541380,431769,79.75,0.85
2656,2021-03-20,PAT,888,409,479,663,211,14,ITH,ITH2,4,Provincia Autonoma Trento,P.A. Trento,541380,432657,79.92,0.16
2657,2021-03-03,PAT,1672,628,1044,1115,520,37,ITH,ITH2,4,Provincia Autonoma Trento,P.A. Trento,541380,434329,80.23,0.31
2658,2021-06-11,PAT,7300,3474,3826,1493,5705,102,ITH,ITH2,4,Provincia Autonoma Trento,P.A. Trento,541380,441629,81.57,1.35
2659,2021-06-13,PAT,3732,2059,1673,280,3429,23,ITH,ITH2,4,Provincia Autonoma Trento,P.A. Trento,541380,445361,82.26,0.69
2660,2020-12-27,PAT,107,43,64,107,0,0,ITH,ITH2,4,Provincia Autonoma Trento,P.A. Trento,541380,445468,82.28,0.02
2661,2021-04-10,PAT,2876,1352,1524,1994,803,79,ITH,ITH2,4,Provincia Autonoma Trento,P.A. Trento,541380,448344,82.82,0.53
2662,2021-02-10,PAT,872,295,577,513,358,1,ITH,ITH2,4,Provincia Autonoma Trento,P.A. Trento,541380,449216,82.98,0.16
2663,2021-03-12,PAT,2600,991,1609,1711,814,75,ITH,ITH2,4,Provincia Autonoma Trento,P.A. Trento,541380,451816,83.46,0.48
2664,2021-06-20,PAT,1899,1050,849,30,1864,5,ITH,ITH2,4,Provincia Autonoma Trento,P.A. Trento,541380,453715,83.81,0.35
2665,2021-01-02,PAT,522,149,373,522,0,0,ITH,ITH2,4,Provincia Autonoma Trento,P.A. Trento,541380,454237,83.9,0.1
2666,2021-03-29,PAT,2560,1008,1552,1691,742,127,ITH,ITH2,4,Provincia Autonoma Trento,P.A. Trento,541380,456797,84.38,0.47
2667,2021-06-18,PAT,7060,3754,3306,1786,5185,89,ITH,ITH2,4,Provincia Autonoma Trento,P.A. Trento,541380,463857,85.68,1.3
2668,2021-03-27,PAT,1671,746,925,1323,263,85,ITH,ITH2,4,Provincia Autonoma Trento,P.A. Trento,541380,465528,85.99,0.31
2669,2021-06-04,PAT,5919,2647,3272,1734,4055,130,ITH,ITH2,4,Provincia Autonoma Trento,P.A. Trento,541380,471447,87.08,1.09
2670,2021-02-24,PAT,1369,539,830,941,404,24,ITH,ITH2,4,Provincia Autonoma Trento,P.A. Trento,541380,472816,87.34,0.25
2671,2021-06-03,PAT,4842,2278,2564,1237,3513,92,ITH,ITH2,4,Provincia Autonoma Trento,P.A. Trento,541380,477658,88.23,0.89
2672,2021-05-20,PAT,5114,2405,2709,3148,1684,282,ITH,ITH2,4,Provincia Autonoma Trento,P.A. Trento,541380,482772,89.17,0.94
2673,2021-03-24,PAT,2415,963,1452,1470,827,118,ITH,ITH2,4,Provincia Autonoma Trento,P.A. Trento,541380,485187,89.62,0.45
2674,2021-02-09,PAT,952,303,649,448,503,1,ITH,ITH2,4,Provincia Autonoma Trento,P.A. Trento,541380,486139,89.8,0.18
2675,2021-03-17,PAT,2130,812,1318,1131,906,93,ITH,ITH2,4,Provincia Autonoma Trento,P.A. Trento,541380,488269,90.19,0.39
2676,2021-01-31,PAT,77,16,61,1,76,0,ITH,ITH2,4,Provincia Autonoma Trento,P.A. Trento,541380,488346,90.2,0.01
2677,2021-06-27,PAT,1368,735,633,397,961,10,ITH,ITH2,4,Provincia Autonoma Trento,P.A. Trento,541380,489714,90.46,0.25
2678,2021-01-12,PAT,541,173,368,540,0,1,ITH,ITH2,4,Provincia Autonoma Trento,P.A. Trento,541380,490255,90.56,0.1
2679,2021-07-30,PAT,5825,3089,2736,2287,3440,98,ITH,ITH2,4,Provincia Autonoma Trento,P.A. Trento,541380,496080,91.63,1.08
2680,2021-05-25,PAT,4864,2314,2550,1744,2972,148,ITH,ITH2,4,Provincia Autonoma Trento,P.A. Trento,541380,500944,92.53,0.9
2681,2021-05-08,PAT,3194,1742,1452,2571,426,197,ITH,ITH2,4,Provincia Autonoma Trento,P.A. Trento,541380,504138,93.12,0.59
2682,2021-07-26,PAT,3887,2047,1840,837,2989,61,ITH,ITH2,4,Provincia Autonoma Trento,P.A. Trento,541380,508025,93.84,0.72
2683,2021-04-08,PAT,3171,1331,1840,1947,1131,93,ITH,ITH2,4,Provincia Autonoma Trento,P.A. Trento,541380,511196,94.42,0.59
2684,2020-12-31,PAT,1700,480,1220,1700,0,0,ITH,ITH2,4,Provincia Autonoma Trento,P.A. Trento,541380,512896,94.74,0.31
2685,2021-06-22,PAT,6382,3480,2902,3629,2567,186,ITH,ITH2,4,Provincia Autonoma Trento,P.A. Trento,541380,519278,95.92,1.18
2686,2021-04-12,PAT,3155,1455,1700,2527,503,125,ITH,ITH2,4,Provincia Autonoma Trento,P.A. Trento,541380,522433,96.5,0.58
2687,2021-01-21,PAT,376,104,272,247,129,0,ITH,ITH2,4,Provincia Autonoma Trento,P.A. Trento,541380,522809,96.57,0.07
2688,2021-05-01,PAT,4887,2485,2402,4554,37,296,ITH,ITH2,4,Provincia Autonoma Trento,P.A. Trento,541380,527696,97.47,0.9
2689,2021-02-21,PAT,158,95,63,44,114,0,ITH,ITH2,4,Provincia Autonoma Trento,P.A. Trento,541380,527854,97.5,0.03
2690,2021-05-15,PAT,1603,832,771,649,913,41,ITH,ITH2,4,Provincia Autonoma Trento,P.A. Trento,541380,529457,97.8,0.3
2691,2021-01-19,PAT,434,89,345,434,0,0,ITH,ITH2,4,Provincia Autonoma Trento,P.A. Trento,541380,529891,97.88,0.08
2692,2021-07-23,PAT,4744,2433,2311,1669,2950,125,ITH,ITH2,4,Provincia Autonoma Trento,P.A. Trento,541380,534635,98.75,0.88
2693,2021-03-10,PAT,2476,971,1505,1472,941,63,ITH,ITH2,4,Provincia Autonoma Trento,P.A. Trento,541380,537111,99.21,0.46
2694,2021-02-02,PAT,941,253,688,192,749,0,ITH,ITH2,4,Provincia Autonoma Trento,P.A. Trento,541380,538052,99.39,0.17
2695,2021-07-09,PAT,5139,2726,2413,3043,1880,216,ITH,ITH2,4,Provincia Autonoma Trento,P.A. Trento,541380,543191,100.33,0.95
2696,2021-05-13,PAT,3453,1603,1850,2103,1125,225,ITH,ITH2,4,Provincia Autonoma Trento,P.A. Trento,541380,546644,100.97,0.64
2697,2021-03-31,PAT,2621,1001,1620,1654,868,99,ITH,ITH2,4,Provincia Autonoma Trento,P.A. Trento,541380,549265,101.46,0.48
2698,2021-01-26,PAT,576,173,403,27,549,0,ITH,ITH2,4,Provincia Autonoma Trento,P.A. Trento,541380,549841,101.56,0.11
2699,2021-05-06,PAT,5610,2790,2820,4442,792,376,ITH,ITH2,4,Provincia Autonoma Trento,P.A. Trento,541380,555451,102.6,1.04
2700,2021-07-04,PAT,225,125,100,66,157,2,ITH,ITH2,4,Provincia Autonoma Trento,P.A. Trento,541380,555676,102.64,0.04
2701,2021-03-19,PAT,2467,925,1542,1503,881,83,ITH,ITH2,4,Provincia Autonoma Trento,P.A. Trento,541380,558143,103.1,0.46
2702,2021-04-05,PAT,35,17,18,30,2,3,ITH,ITH2,4,Provincia Autonoma Trento,P.A. Trento,541380,558178,103.1,0.01
2703,2021-02-14,PAT,250,189,61,11,239,0,ITH,ITH2,4,Provincia Autonoma Trento,P.A. Trento,541380,558428,103.15,0.05
2704,2021-05-27,PAT,4376,2032,2344,1167,3078,131,ITH,ITH2,4,Provincia Autonoma Trento,P.A. Trento,541380,562804,103.96,0.81
2705,2021-03-05,PAT,2305,736,1569,1641,569,95,ITH,ITH2,4,Provincia Autonoma Trento,P.A. Trento,541380,565109,104.38,0.43
2706,2021-01-07,PAT,1301,328,973,1298,0,3,ITH,ITH2,4,Provincia Autonoma Trento,P.A. Trento,541380,566410,104.62,0.24
2707,2021-04-17,PAT,2250,1146,1104,2087,57,106,ITH,ITH2,4,Provincia Autonoma Trento,P.A. Trento,541380,568660,105.04,0.42
2708,2021-04-19,PAT,2643,1244,1399,2429,23,191,ITH,ITH2,4,Provincia Autonoma Trento,P.A. Trento,541380,571303,105.53,0.49
2709,2021-07-28,PAT,4846,2655,2191,2159,2562,125,ITH,ITH2,4,Provincia Autonoma Trento,P.A. Trento,541380,576149,106.42,0.9
2710,2021-06-15,PAT,6325,3337,2988,1633,4561,131,ITH,ITH2,4,Provincia Autonoma Trento,P.A. Trento,541380,582474,107.59,1.17
2711,2021-06-01,PAT,4101,1924,2177,1081,2909,111,ITH,ITH2,4,Provincia Autonoma Trento,P.A. Trento,541380,586575,108.35,0.76
2712,2021-07-11,PAT,1034,565,469,131,894,9,ITH,ITH2,4,Provincia Autonoma Trento,P.A. Trento,541380,587609,108.54,0.19
2713,2021-04-01,PAT,2944,1251,1693,1745,1106,93,ITH,ITH2,4,Provincia Autonoma Trento,P.A. Trento,541380,590553,109.08,0.54
2714,2021-07-10,PAT,1097,564,533,150,920,27,ITH,ITH2,4,Provincia Autonoma Trento,P.A. Trento,541380,591650,109.29,0.2
2715,2021-03-23,PAT,2482,961,1521,1628,754,100,ITH,ITH2,4,Provincia Autonoma Trento,P.A. Trento,541380,594132,109.74,0.46
2716,2021-05-28,PAT,3803,1766,2037,1400,2263,140,ITH,ITH2,4,Provincia Autonoma Trento,P.A. Trento,541380,597935,110.45,0.7
2717,2021-01-25,PAT,849,231,618,25,824,0,ITH,ITH2,4,Provincia Autonoma Trento,P.A. Trento,541380,598784,110.6,0.16
2718,2021-03-25,PAT,2913,1127,1786,1745,1058,110,ITH,ITH2,4,Provincia Autonoma Trento,P.A. Trento,541380,601697,111.14,0.54
2719,2021-07-03,PAT,1268,681,587,78,1185,5,ITH,ITH2,4,Provincia Autonoma Trento,P.A. Trento,541380,602965,111.38,0.23
2720,2021-03-30,PAT,2412,986,1426,1670,641,101,ITH,ITH2,4,Provincia Autonoma Trento,P.A. Trento,541380,605377,111.82,0.45
2721,2021-06-06,PAT,2267,1079,1188,431,1815,21,ITH,ITH2,4,Provincia Autonoma Trento,P.A. Trento,541380,607644,112.24,0.42
2722,2021-07-12,PAT,4263,2148,2115,2046,2036,181,ITH,ITH2,4,Provincia Autonoma Trento,P.A. Trento,541380,611907,113.03,0.79
2723,2021-02-17,PAT,1168,449,719,1052,111,5,ITH,ITH2,4,Provincia Autonoma Trento,P.A. Trento,541380,613075,113.24,0.22
2724,2021-05-30,PAT,1777,876,901,865,843,69,ITH,ITH2,4,Provincia Autonoma Trento,P.A. Trento,541380,614852,113.57,0.33
2725,2021-04-03,PAT,1177,485,692,933,176,68,ITH,ITH2,4,Provincia Autonoma Trento,P.A. Trento,541380,616029,113.79,0.22
2726,2021-04-24,PAT,3580,1714,1866,3356,16,208,ITH,ITH2,4,Provincia Autonoma Trento,P.A. Trento,541380,619609,114.45,0.66
2727,2021-02-26,PAT,1257,445,812,933,299,25,ITH,ITH2,4,Provincia Autonoma Trento,P.A. Trento,541380,620866,114.68,0.23
2728,2021-01-14,PAT,731,218,513,729,0,2,ITH,ITH2,4,Provincia Autonoma Trento,P.A. Trento,541380,621597,114.82,0.14
2729,2021-02-28,PAT,246,122,124,236,0,10,ITH,ITH2,4,Provincia Autonoma Trento,P.A. Trento,541380,621843,114.86,0.05
2730,2021-08-04,PAT,6191,3302,2889,2566,3491,134,ITH,ITH2,4,Provincia Autonoma Trento,P.A. Trento,541380,628034,116.01,1.14
2731,2021-06-08,PAT,6041,2917,3124,1789,4131,121,ITH,ITH2,4,Provincia Autonoma Trento,P.A. Trento,541380,634075,117.12,1.12
2732,2021-04-26,PAT,2676,1260,1416,2412,96,168,ITH,ITH2,4,Provincia Autonoma Trento,P.A. Trento,541380,636751,117.62,0.49
2733,2021-02-19,PAT,944,366,578,846,65,33,ITH,ITH2,4,Provincia Autonoma Trento,P.A. Trento,541380,637695,117.79,0.17
2734,2021-08-11,PAT,5815,3134,2681,3075,2587,153,ITH,ITH2,4,Provincia Autonoma Trento,P.A. Trento,541380,643510,118.86,1.07
2735,2021-04-05,MAR,5703,2367,3336,4357,1269,77,ITI,ITI3,11,Marche,Marche,1525271,5703,0.37,0.37
2736,2021-06-27,MAR,9949,4819,5130,4487,5291,171,ITI,ITI3,11,Marche,Marche,1525271,15652,1.03,0.65
2737,2021-03-19,MAR,3881,1621,2260,325,3544,12,ITI,ITI3,11,Marche,Marche,1525271,19533,1.28,0.25
2738,2021-03-17,MAR,3476,1525,1951,105,3369,2,ITI,ITI3,11,Marche,Marche,1525271,23009,1.51,0.23
2739,2021-08-11,MAR,7572,4100,3472,3172,4164,236,ITI,ITI3,11,Marche,Marche,1525271,30581,2.0,0.5
2740,2021-06-15,MAR,13192,6567,6625,9823,3052,317,ITI,ITI3,11,Marche,Marche,1525271,43773,2.87,0.86
2741,2021-01-12,MAR,1234,418,816,1221,0,13,ITI,ITI3,11,Marche,Marche,1525271,45007,2.95,0.08
2742,2021-06-22,MAR,13219,6482,6737,6475,6461,283,ITI,ITI3,11,Marche,Marche,1525271,58226,3.82,0.87
2743,2021-04-26,MAR,9171,4062,5109,6023,3022,126,ITI,ITI3,11,Marche,Marche,1525271,67397,4.42,0.6
2744,2021-03-24,MAR,7080,3008,4072,3295,3716,69,ITI,ITI3,11,Marche,Marche,1525271,74477,4.88,0.46
2745,2021-06-01,MAR,12055,6157,5898,9682,2089,284,ITI,ITI3,11,Marche,Marche,1525271,86532,5.67,0.79
2746,2021-03-10,MAR,5712,2442,3270,4480,1180,52,ITI,ITI3,11,Marche,Marche,1525271,92244,6.05,0.37
2747,2021-02-21,MAR,376,141,235,363,1,12,ITI,ITI3,11,Marche,Marche,1525271,92620,6.07,0.02
2748,2021-08-06,MAR,11703,6353,5350,4146,7276,281,ITI,ITI3,11,Marche,Marche,1525271,104323,6.84,0.77
2749,2021-05-15,MAR,14119,6441,7678,7831,6043,245,ITI,ITI3,11,Marche,Marche,1525271,118442,7.77,0.93
2750,2021-02-19,MAR,2002,739,1263,1826,135,41,ITI,ITI3,11,Marche,Marche,1525271,120444,7.9,0.13
2751,2021-05-20,MAR,12685,5962,6723,7537,4897,251,ITI,ITI3,11,Marche,Marche,1525271,133129,8.73,0.83
2752,2021-02-07,MAR,1872,735,1137,331,1529,12,ITI,ITI3,11,Marche,Marche,1525271,135001,8.85,0.12
2753,2021-07-23,MAR,15540,8279,7261,2529,12787,224,ITI,ITI3,11,Marche,Marche,1525271,150541,9.87,1.02
2754,2021-01-21,MAR,920,262,658,575,328,17,ITI,ITI3,11,Marche,Marche,1525271,151461,9.93,0.06
2755,2021-05-01,MAR,9323,3924,5399,3499,5748,76,ITI,ITI3,11,Marche,Marche,1525271,160784,10.54,0.61
2756,2021-03-05,MAR,6228,2876,3352,4694,1469,65,ITI,ITI3,11,Marche,Marche,1525271,167012,10.95,0.41
2757,2021-01-26,MAR,2021,747,1274,76,1936,9,ITI,ITI3,11,Marche,Marche,1525271,169033,11.08,0.13
2758,2021-07-11,MAR,10398,5220,5178,1606,8656,136,ITI,ITI3,11,Marche,Marche,1525271,179431,11.76,0.68
2759,2021-04-19,MAR,9605,4500,5105,7901,1583,121,ITI,ITI3,11,Marche,Marche,1525271,189036,12.39,0.63
2760,2021-07-28,MAR,14195,7369,6826,3249,10714,232,ITI,ITI3,11,Marche,Marche,1525271,203231,13.32,0.93
2761,2021-05-27,MAR,13733,6818,6915,9180,4301,252,ITI,ITI3,11,Marche,Marche,1525271,216964,14.22,0.9
2762,2021-03-31,MAR,7374,3087,4287,4267,3023,84,ITI,ITI3,11,Marche,Marche,1525271,224338,14.71,0.48
2763,2021-07-09,MAR,14903,7503,7400,2556,12132,215,ITI,ITI3,11,Marche,Marche,1525271,239241,15.69,0.98
2764,2021-02-28,MAR,2836,1251,1585,2822,6,8,ITI,ITI3,11,Marche,Marche,1525271,242077,15.87,0.19
2765,2021-06-08,MAR,14097,7094,7003,11197,2609,291,ITI,ITI3,11,Marche,Marche,1525271,256174,16.8,0.92
2766,2021-01-19,MAR,233,87,146,140,90,3,ITI,ITI3,11,Marche,Marche,1525271,256407,16.81,0.02
2767,2021-02-02,MAR,1193,398,795,70,1123,0,ITI,ITI3,11,Marche,Marche,1525271,257600,16.89,0.08
2768,2021-05-13,MAR,12608,5696,6912,6828,5503,277,ITI,ITI3,11,Marche,Marche,1525271,270208,17.72,0.83
2769,2021-04-12,MAR,8569,3773,4796,7936,482,151,ITI,ITI3,11,Marche,Marche,1525271,278777,18.28,0.56
2770,2021-01-02,MAR,458,143,315,456,0,2,ITI,ITI3,11,Marche,Marche,1525271,279235,18.31,0.03
2771,2021-03-07,MAR,5180,2107,3073,4378,754,48,ITI,ITI3,11,Marche,Marche,1525271,284415,18.65,0.34
2772,2021-07-04,MAR,10895,5444,5451,3203,7530,162,ITI,ITI3,11,Marche,Marche,1525271,295310,19.36,0.71
2773,2020-12-31,MAR,392,184,208,390,0,2,ITI,ITI3,11,Marche,Marche,1525271,295702,19.39,0.03
2774,2021-02-04,MAR,2387,844,1543,107,2275,5,ITI,ITI3,11,Marche,Marche,1525271,298089,19.54,0.16
2775,2021-08-04,MAR,12001,6379,5622,4060,7699,242,ITI,ITI3,11,Marche,Marche,1525271,310090,20.33,0.79
2776,2021-01-23,MAR,557,190,367,118,436,3,ITI,ITI3,11,Marche,Marche,1525271,310647,20.37,0.04
2777,2021-06-29,MAR,13371,6599,6772,4929,8215,227,ITI,ITI3,11,Marche,Marche,1525271,324018,21.24,0.88
2778,2021-05-03,MAR,10410,4690,5720,4860,5412,138,ITI,ITI3,11,Marche,Marche,1525271,334428,21.93,0.68
2779,2021-01-07,MAR,1813,638,1175,1796,0,17,ITI,ITI3,11,Marche,Marche,1525271,336241,22.04,0.12
2780,2021-03-12,MAR,4682,2000,2682,3347,1280,55,ITI,ITI3,11,Marche,Marche,1525271,340923,22.35,0.31
2781,2021-01-14,MAR,2016,696,1320,1992,0,24,ITI,ITI3,11,Marche,Marche,1525271,342939,22.48,0.13
2782,2021-06-20,MAR,11157,5545,5612,5990,4985,182,ITI,ITI3,11,Marche,Marche,1525271,354096,23.22,0.73
2783,2021-07-18,MAR,12124,6310,5814,1333,10673,118,ITI,ITI3,11,Marche,Marche,1525271,366220,24.01,0.79
2784,2021-01-31,MAR,1921,772,1149,94,1823,4,ITI,ITI3,11,Marche,Marche,1525271,368141,24.14,0.13
2785,2021-04-07,MAR,8842,3920,4922,8345,368,129,ITI,ITI3,11,Marche,Marche,1525271,376983,24.72,0.58
2786,2021-02-09,MAR,125,42,83,46,79,0,ITI,ITI3,11,Marche,Marche,1525271,377108,24.72,0.01
2787,2021-07-16,MAR,15837,8238,7599,1844,13735,258,ITI,ITI3,11,Marche,Marche,1525271,392945,25.76,1.04
2788,2021-06-12,MAR,13784,7316,6468,12105,1348,331,ITI,ITI3,11,Marche,Marche,1525271,406729,26.67,0.9
2789,2021-04-16,MAR,10084,4703,5381,9360,525,199,ITI,ITI3,11,Marche,Marche,1525271,416813,27.33,0.66
2790,2021-02-14,MAR,739,301,438,727,0,12,ITI,ITI3,11,Marche,Marche,1525271,417552,27.38,0.05
2791,2021-05-08,MAR,12289,5484,6805,4855,7262,172,ITI,ITI3,11,Marche,Marche,1525271,429841,28.18,0.81
2792,2021-07-30,MAR,14709,7863,6846,4865,9556,288,ITI,ITI3,11,Marche,Marche,1525271,444550,29.15,0.96
2793,2021-01-09,MAR,1717,606,1111,1697,0,20,ITI,ITI3,11,Marche,Marche,1525271,446267,29.26,0.11
2794,2021-03-29,MAR,5894,2581,3313,3391,2455,48,ITI,ITI3,11,Marche,Marche,1525271,452161,29.64,0.39
2795,2021-06-03,MAR,14638,7483,7155,12081,2252,305,ITI,ITI3,11,Marche,Marche,1525271,466799,30.6,0.96
2796,2021-02-18,MAR,2145,786,1359,1807,288,50,ITI,ITI3,11,Marche,Marche,1525271,468944,30.74,0.14
2797,2021-05-29,MAR,12875,6239,6636,8117,4540,218,ITI,ITI3,11,Marche,Marche,1525271,481819,31.59,0.84
2798,2021-03-02,MAR,5002,1967,3035,4371,566,65,ITI,ITI3,11,Marche,Marche,1525271,486821,31.92,0.33
2799,2021-06-10,MAR,14930,7695,7235,12575,2013,342,ITI,ITI3,11,Marche,Marche,1525271,501751,32.9,0.98
2800,2021-05-24,MAR,10997,5192,5805,7956,2864,177,ITI,ITI3,11,Marche,Marche,1525271,512748,33.62,0.72
2801,2021-05-22,MAR,11939,5720,6219,7320,4448,171,ITI,ITI3,11,Marche,Marche,1525271,524687,34.4,0.78
2802,2021-08-08,MAR,5635,3019,2616,1679,3845,111,ITI,ITI3,11,Marche,Marche,1525271,530322,34.77,0.37
2803,2021-07-06,MAR,13963,6921,7042,3143,10597,223,ITI,ITI3,11,Marche,Marche,1525271,544285,35.68,0.92
2804,2021-07-20,MAR,14397,7436,6961,1770,12453,174,ITI,ITI3,11,Marche,Marche,1525271,558682,36.63,0.94
2805,2021-01-16,MAR,2039,734,1305,1988,0,51,ITI,ITI3,11,Marche,Marche,1525271,560721,36.76,0.13
2806,2021-06-19,MAR,14693,7402,7291,7750,6678,265,ITI,ITI3,11,Marche,Marche,1525271,575414,37.73,0.96
2807,2021-01-18,MAR,696,237,459,536,149,11,ITI,ITI3,11,Marche,Marche,1525271,576110,37.77,0.05
2808,2021-04-28,MAR,10932,4981,5951,6025,4736,171,ITI,ITI3,11,Marche,Marche,1525271,587042,38.49,0.72
2809,2021-03-26,MAR,6390,2626,3764,3476,2857,57,ITI,ITI3,11,Marche,Marche,1525271,593432,38.91,0.42
2810,2021-04-24,MAR,12169,5365,6804,7559,4465,145,ITI,ITI3,11,Marche,Marche,1525271,605601,39.7,0.8
2811,2021-02-26,MAR,3677,1523,2154,3097,476,104,ITI,ITI3,11,Marche,Marche,1525271,609278,39.95,0.24
2812,2021-05-12,MAR,10429,4691,5738,4736,5503,190,ITI,ITI3,11,Marche,Marche,1525271,619707,40.63,0.68
2813,2021-07-08,MAR,15041,7539,7502,2790,12026,225,ITI,ITI3,11,Marche,Marche,1525271,634748,41.62,0.99
2814,2021-03-28,MAR,4126,1740,2386,2397,1691,38,ITI,ITI3,11,Marche,Marche,1525271,638874,41.89,0.27
2815,2021-01-30,MAR,1905,668,1237,25,1880,0,ITI,ITI3,11,Marche,Marche,1525271,640779,42.01,0.12
2816,2021-05-10,MAR,9452,4337,5115,4769,4554,129,ITI,ITI3,11,Marche,Marche,1525271,650231,42.63,0.62
2817,2021-03-14,MAR,2499,1032,1467,1897,592,10,ITI,ITI3,11,Marche,Marche,1525271,652730,42.79,0.16
2818,2021-04-02,MAR,6894,2987,3907,6045,739,110,ITI,ITI3,11,Marche,Marche,1525271,659624,43.25,0.45
2819,2021-03-16,MAR,3520,1522,1998,285,3229,6,ITI,ITI3,11,Marche,Marche,1525271,663144,43.48,0.23
2820,2021-06-24,MAR,13831,6671,7160,6187,7373,271,ITI,ITI3,11,Marche,Marche,1525271,676975,44.38,0.91
2821,2021-02-11,MAR,1987,657,1330,1557,389,41,ITI,ITI3,11,Marche,Marche,1525271,678962,44.51,0.13
2822,2021-05-05,MAR,11693,5321,6372,5105,6430,158,ITI,ITI3,11,Marche,Marche,1525271,690655,45.28,0.77
2823,2021-08-13,MAR,6757,3762,2995,3390,3155,212,ITI,ITI3,11,Marche,Marche,1525271,697412,45.72,0.44
2824,2021-02-16,MAR,1287,475,812,1225,30,32,ITI,ITI3,11,Marche,Marche,1525271,698699,45.81,0.08
2825,2021-02-25,MAR,3560,1464,2096,3320,181,59,ITI,ITI3,11,Marche,Marche,1525271,702259,46.04,0.23
2826,2021-08-01,MAR,7493,4047,3446,1832,5576,85,ITI,ITI3,11,Marche,Marche,1525271,709752,46.53,0.49
2827,2021-06-05,MAR,13944,7011,6933,11519,2059,366,ITI,ITI3,11,Marche,Marche,1525271,723696,47.45,0.91
2828,2021-04-23,MAR,11315,5221,6094,8098,3055,162,ITI,ITI3,11,Marche,Marche,1525271,735011,48.19,0.74
2829,2021-06-17,MAR,15198,7561,7637,8798,6104,296,ITI,ITI3,11,Marche,Marche,1525271,750209,49.19,1.0
2830,2021-03-09,MAR,5432,2294,3138,4464,881,87,ITI,ITI3,11,Marche,Marche,1525271,755641,49.54,0.36
2831,2021-07-22,MAR,15746,8047,7699,2019,13486,241,ITI,ITI3,11,Marche,Marche,1525271,771387,50.57,1.03
2832,2021-04-13,MAR,9840,4261,5579,9406,234,200,ITI,ITI3,11,Marche,Marche,1525271,781227,51.22,0.65
2833,2021-07-05,MAR,13167,6509,6658,2920,10075,172,ITI,ITI3,11,Marche,Marche,1525271,794394,52.08,0.86
2834,2021-05-31,MAR,11780,5943,5837,8599,2929,252,ITI,ITI3,11,Marche,Marche,1525271,806174,52.85,0.77
2835,2021-05-17,MAR,12046,5649,6397,7472,4354,220,ITI,ITI3,11,Marche,Marche,1525271,818220,53.64,0.79
2836,2021-04-30,MAR,14161,6203,7958,5403,8569,189,ITI,ITI3,11,Marche,Marche,1525271,832381,54.57,0.93
2837,2021-03-21,MAR,4505,1873,2632,1614,2876,15,ITI,ITI3,11,Marche,Marche,1525271,836886,54.87,0.3
2838,2021-02-06,MAR,2462,901,1561,512,1941,9,ITI,ITI3,11,Marche,Marche,1525271,839348,55.03,0.16
2839,2021-07-17,MAR,15137,7792,7345,1385,13541,211,ITI,ITI3,11,Marche,Marche,1525271,854485,56.02,0.99
2840,2021-05-21,MAR,13908,6593,7315,7226,6471,211,ITI,ITI3,11,Marche,Marche,1525271,868393,56.93,0.91
2841,2021-07-01,MAR,14692,7366,7326,4659,9755,278,ITI,ITI3,11,Marche,Marche,1525271,883085,57.9,0.96
2842,2021-02-15,MAR,967,412,555,939,13,15,ITI,ITI3,11,Marche,Marche,1525271,884052,57.96,0.06
2843,2021-05-26,MAR,11889,5952,5937,8449,3226,214,ITI,ITI3,11,Marche,Marche,1525271,895941,58.74,0.78
2844,2021-05-07,MAR,12833,5799,7034,3569,9181,83,ITI,ITI3,11,Marche,Marche,1525271,908774,59.58,0.84
2845,2021-02-13,MAR,1093,462,631,988,82,23,ITI,ITI3,11,Marche,Marche,1525271,909867,59.65,0.07
2846,2021-01-27,MAR,2121,779,1342,114,2005,2,ITI,ITI3,11,Marche,Marche,1525271,911988,59.79,0.14
2847,2021-04-20,MAR,10754,5029,5725,9153,1470,131,ITI,ITI3,11,Marche,Marche,1525271,922742,60.5,0.71
2848,2021-07-29,MAR,14840,7878,6962,4578,9951,311,ITI,ITI3,11,Marche,Marche,1525271,937582,61.47,0.97
2849,2021-01-25,MAR,1597,558,1039,90,1507,0,ITI,ITI3,11,Marche,Marche,1525271,939179,61.57,0.1
2850,2021-01-11,MAR,1180,413,767,1162,0,18,ITI,ITI3,11,Marche,Marche,1525271,940359,61.65,0.08
2851,2021-04-21,MAR,10788,4971,5817,9435,1195,158,ITI,ITI3,11,Marche,Marche,1525271,951147,62.36,0.71
2852,2021-01-28,MAR,2088,725,1363,162,1925,1,ITI,ITI3,11,Marche,Marche,1525271,953235,62.5,0.14
2853,2021-04-04,MAR,3836,1798,2038,2616,1169,51,ITI,ITI3,11,Marche,Marche,1525271,957071,62.75,0.25
2854,2021-07-13,MAR,14852,7278,7574,1458,13265,129,ITI,ITI3,11,Marche,Marche,1525271,971923,63.72,0.97
2855,2021-06-09,MAR,14279,7417,6862,12108,1869,302,ITI,ITI3,11,Marche,Marche,1525271,986202,64.66,0.94
2856,2021-06-07,MAR,13321,6589,6732,10568,2450,303,ITI,ITI3,11,Marche,Marche,1525271,999523,65.53,0.87
2857,2021-02-23,MAR,3314,1432,1882,3243,56,15,ITI,ITI3,11,Marche,Marche,1525271,1002837,65.75,0.22
2858,2021-01-15,MAR,1772,500,1272,1755,0,17,ITI,ITI3,11,Marche,Marche,1525271,1004609,65.86,0.12
2859,2021-06-16,MAR,13756,6913,6843,9128,4365,263,ITI,ITI3,11,Marche,Marche,1525271,1018365,66.77,0.9
2860,2021-06-02,MAR,11901,5938,5963,11029,676,196,ITI,ITI3,11,Marche,Marche,1525271,1030266,67.55,0.78
2861,2021-02-22,MAR,3461,1532,1929,3351,75,35,ITI,ITI3,11,Marche,Marche,1525271,1033727,67.77,0.23
2862,2021-08-05,MAR,11904,6392,5512,4080,7558,266,ITI,ITI3,11,Marche,Marche,1525271,1045631,68.55,0.78
2863,2021-04-11,MAR,7118,3117,4001,6692,287,139,ITI,ITI3,11,Marche,Marche,1525271,1052749,69.02,0.47
2864,2021-03-11,MAR,6635,2824,3811,5146,1411,78,ITI,ITI3,11,Marche,Marche,1525271,1059384,69.46,0.44
2865,2021-03-25,MAR,6702,2794,3908,3190,3456,56,ITI,ITI3,11,Marche,Marche,1525271,1066086,69.89,0.44
2866,2021-07-03,MAR,13843,6991,6852,4136,9395,312,ITI,ITI3,11,Marche,Marche,1525271,1079929,70.8,0.91
2867,2021-05-28,MAR,13963,6742,7221,8802,4863,298,ITI,ITI3,11,Marche,Marche,1525271,1093892,71.72,0.92
2868,2021-04-01,MAR,7576,3182,4394,4068,3416,92,ITI,ITI3,11,Marche,Marche,1525271,1101468,72.21,0.5
2869,2021-07-24,MAR,13273,7118,6155,2945,10071,257,ITI,ITI3,11,Marche,Marche,1525271,1114741,73.08,0.87
2870,2021-07-10,MAR,14159,7232,6927,1656,12300,203,ITI,ITI3,11,Marche,Marche,1525271,1128900,74.01,0.93
2871,2021-03-30,MAR,7484,3078,4406,4579,2832,73,ITI,ITI3,11,Marche,Marche,1525271,1136384,74.5,0.49
2872,2021-02-01,MAR,1362,479,883,93,1266,3,ITI,ITI3,11,Marche,Marche,1525271,1137746,74.59,0.09
2873,2021-04-06,MAR,8875,3693,5182,7930,810,135,ITI,ITI3,11,Marche,Marche,1525271,1146621,75.17,0.58
2874,2021-03-23,MAR,5838,2556,3282,2226,3576,36,ITI,ITI3,11,Marche,Marche,1525271,1152459,75.56,0.38
2875,2021-01-08,MAR,1582,592,990,1567,0,15,ITI,ITI3,11,Marche,Marche,1525271,1154041,75.66,0.1
2876,2021-04-18,MAR,8824,4132,4692,7733,921,170,ITI,ITI3,11,Marche,Marche,1525271,1162865,76.24,0.58
2877,2021-07-31,MAR,13200,7250,5950,5142,7728,330,ITI,ITI3,11,Marche,Marche,1525271,1176065,77.11,0.87
2878,2021-07-14,MAR,13849,6819,7030,1784,11874,191,ITI,ITI3,11,Marche,Marche,1525271,1189914,78.01,0.91
2879,2021-02-27,MAR,3401,1457,1944,3158,209,34,ITI,ITI3,11,Marche,Marche,1525271,1193315,78.24,0.22
2880,2021-04-25,MAR,8599,3993,4606,6893,1575,131,ITI,ITI3,11,Marche,Marche,1525271,1201914,78.8,0.56
2881,2021-08-03,MAR,10878,5737,5141,4029,6583,266,ITI,ITI3,11,Marche,Marche,1525271,1212792,79.51,0.71
2882,2021-08-12,MAR,8018,4330,3688,3889,3768,361,ITI,ITI3,11,Marche,Marche,1525271,1220810,80.04,0.53
2883,2021-01-13,MAR,2111,746,1365,2070,0,41,ITI,ITI3,11,Marche,Marche,1525271,1222921,80.18,0.14
2884,2021-05-02,MAR,8903,3938,4965,3083,5740,80,ITI,ITI3,11,Marche,Marche,1525271,1231824,80.76,0.58
2885,2021-08-10,MAR,9201,4814,4387,3335,5590,276,ITI,ITI3,11,Marche,Marche,1525271,1241025,81.36,0.6
2886,2021-03-27,MAR,7426,3097,4329,4959,2394,73,ITI,ITI3,11,Marche,Marche,1525271,1248451,81.85,0.49
2887,2021-04-10,MAR,10931,4626,6305,10378,314,239,ITI,ITI3,11,Marche,Marche,1525271,1259382,82.57,0.72
2888,2021-01-03,MAR,912,358,554,902,0,10,ITI,ITI3,11,Marche,Marche,1525271,1260294,82.63,0.06
2889,2021-07-19,MAR,14676,7531,7145,1927,12535,214,ITI,ITI3,11,Marche,Marche,1525271,1274970,83.59,0.96
2890,2021-03-08,MAR,6297,2759,3538,5186,1002,109,ITI,ITI3,11,Marche,Marche,1525271,1281267,84.0,0.41
2891,2021-02-20,MAR,4163,1733,2430,4042,111,10,ITI,ITI3,11,Marche,Marche,1525271,1285430,84.28,0.27
2892,2021-01-20,MAR,406,100,306,384,20,2,ITI,ITI3,11,Marche,Marche,1525271,1285836,84.3,0.03
2893,2021-02-03,MAR,2126,742,1384,97,2008,21,ITI,ITI3,11,Marche,Marche,1525271,1287962,84.44,0.14
2894,2021-05-14,MAR,13636,6293,7343,6509,6913,214,ITI,ITI3,11,Marche,Marche,1525271,1301598,85.34,0.89
2895,2021-07-02,MAR,14552,7177,7375,4674,9647,231,ITI,ITI3,11,Marche,Marche,1525271,1316150,86.29,0.95
2896,2021-04-22,MAR,10799,4931,5868,9081,1580,138,ITI,ITI3,11,Marche,Marche,1525271,1326949,87.0,0.71
2897,2021-02-24,MAR,3534,1547,1987,3424,78,32,ITI,ITI3,11,Marche,Marche,1525271,1330483,87.23,0.23
2898,2021-06-04,MAR,14338,7290,7048,11589,2439,310,ITI,ITI3,11,Marche,Marche,1525271,1344821,88.17,0.94
2899,2021-04-08,MAR,9203,4032,5171,8681,368,154,ITI,ITI3,11,Marche,Marche,1525271,1354024,88.77,0.6
2900,2021-02-08,MAR,834,259,575,366,463,5,ITI,ITI3,11,Marche,Marche,1525271,1354858,88.83,0.05
2901,2021-07-15,MAR,16008,8286,7722,1750,14030,228,ITI,ITI3,11,Marche,Marche,1525271,1370866,89.88,1.05
2902,2021-05-19,MAR,11662,5364,6298,8368,3098,196,ITI,ITI3,11,Marche,Marche,1525271,1382528,90.64,0.76
2903,2021-01-10,MAR,1746,702,1044,1732,0,14,ITI,ITI3,11,Marche,Marche,1525271,1384274,90.76,0.11
2904,2021-07-12,MAR,13722,6804,6918,1228,12376,118,ITI,ITI3,11,Marche,Marche,1525271,1397996,91.66,0.9
2905,2021-04-03,MAR,7574,3204,4370,6736,667,171,ITI,ITI3,11,Marche,Marche,1525271,1405570,92.15,0.5
2906,2021-06-25,MAR,14343,7171,7172,6420,7635,288,ITI,ITI3,11,Marche,Marche,1525271,1419913,93.09,0.94
2907,2021-03-18,MAR,3438,1505,1933,150,3276,12,ITI,ITI3,11,Marche,Marche,1525271,1423351,93.32,0.23
2908,2021-06-26,MAR,13576,6905,6671,5688,7671,217,ITI,ITI3,11,Marche,Marche,1525271,1436927,94.21,0.89
2909,2021-05-23,MAR,9210,4284,4926,7414,1672,124,ITI,ITI3,11,Marche,Marche,1525271,1446137,94.81,0.6
2910,2021-05-06,MAR,12656,5823,6833,5363,7072,221,ITI,ITI3,11,Marche,Marche,1525271,1458793,95.64,0.83
2911,2021-02-12,MAR,1581,618,963,1404,151,26,ITI,ITI3,11,Marche,Marche,1525271,1460374,95.75,0.1
2912,2021-08-14,MAR,2158,1238,920,944,1167,47,ITI,ITI3,11,Marche,Marche,1525271,1462532,95.89,0.14
2913,2021-02-10,MAR,1440,452,988,1039,359,42,ITI,ITI3,11,Marche,Marche,1525271,1463972,95.98,0.09
2914,2021-06-28,MAR,12358,6025,6333,4613,7508,237,ITI,ITI3,11,Marche,Marche,1525271,1476330,96.79,0.81
2915,2021-03-22,MAR,5701,2410,3291,2480,3176,45,ITI,ITI3,11,Marche,Marche,1525271,1482031,97.17,0.37
2916,2021-02-05,MAR,2157,655,1502,437,1719,1,ITI,ITI3,11,Marche,Marche,1525271,1484188,97.31,0.14
2917,2021-05-16,MAR,10899,4958,5941,6549,4230,120,ITI,ITI3,11,Marche,Marche,1525271,1495087,98.02,0.71
2918,2021-05-30,MAR,9732,4690,5042,6546,2989,197,ITI,ITI3,11,Marche,Marche,1525271,1504819,98.66,0.64
2919,2021-04-27,MAR,9592,4389,5203,5509,3988,95,ITI,ITI3,11,Marche,Marche,1525271,1514411,99.29,0.63
2920,2021-06-18,MAR,15345,7647,7698,8294,6751,300,ITI,ITI3,11,Marche,Marche,1525271,1529756,100.29,1.01
2921,2021-08-07,MAR,9455,5194,4261,3477,5741,237,ITI,ITI3,11,Marche,Marche,1525271,1539211,100.91,0.62
2922,2021-07-21,MAR,14919,7617,7302,2064,12642,213,ITI,ITI3,11,Marche,Marche,1525271,1554130,101.89,0.98
2923,2021-04-29,MAR,13448,6158,7290,7166,6103,179,ITI,ITI3,11,Marche,Marche,1525271,1567578,102.77,0.88
2924,2021-03-03,MAR,6700,3076,3624,5718,885,97,ITI,ITI3,11,Marche,Marche,1525271,1574278,103.21,0.44
2925,2021-01-05,MAR,1583,592,991,1564,0,19,ITI,ITI3,11,Marche,Marche,1525271,1575861,103.32,0.1
2926,2021-04-15,MAR,10378,4677,5701,9578,564,236,ITI,ITI3,11,Marche,Marche,1525271,1586239,104.0,0.68
2927,2021-02-17,MAR,1828,701,1127,1642,118,68,ITI,ITI3,11,Marche,Marche,1525271,1588067,104.12,0.12
2928,2021-04-17,MAR,11705,5317,6388,10400,1073,232,ITI,ITI3,11,Marche,Marche,1525271,1599772,104.88,0.77
2929,2021-07-26,MAR,11032,5738,5294,2110,8717,205,ITI,ITI3,11,Marche,Marche,1525271,1610804,105.61,0.72
2930,2021-08-09,MAR,9094,4828,4266,4051,4770,273,ITI,ITI3,11,Marche,Marche,1525271,1619898,106.2,0.6
2931,2021-06-13,MAR,10752,5565,5187,9204,1299,249,ITI,ITI3,11,Marche,Marche,1525271,1630650,106.91,0.7
2932,2020-12-27,MAR,209,100,109,207,0,2,ITI,ITI3,11,Marche,Marche,1525271,1630859,106.92,0.01
2933,2021-08-02,MAR,11723,6207,5516,4599,6866,258,ITI,ITI3,11,Marche,Marche,1525271,1642582,107.69,0.77
2934,2021-06-06,MAR,12452,6137,6315,10638,1578,236,ITI,ITI3,11,Marche,Marche,1525271,1655034,108.51,0.82
2935,2021-06-11,MAR,14001,7156,6845,11374,2322,305,ITI,ITI3,11,Marche,Marche,1525271,1669035,109.43,0.92
2936,2021-05-25,MAR,11767,5798,5969,8497,3050,220,ITI,ITI3,11,Marche,Marche,1525271,1680802,110.2,0.77
2937,2021-03-01,MAR,3772,1520,2252,3503,248,21,ITI,ITI3,11,Marche,Marche,1525271,1684574,110.44,0.25
2938,2021-01-24,MAR,881,339,542,4,877,0,ITI,ITI3,11,Marche,Marche,1525271,1685455,110.5,0.06
2939,2021-06-30,MAR,13651,6665,6986,4453,8987,211,ITI,ITI3,11,Marche,Marche,1525271,1699106,111.4,0.89
2940,2021-05-04,MAR,10974,4840,6134,4927,5904,143,ITI,ITI3,11,Marche,Marche,1525271,1710080,112.12,0.72
2941,2021-03-20,MAR,4178,1759,2419,1035,3129,14,ITI,ITI3,11,Marche,Marche,1525271,1714258,112.39,0.27
2942,2021-01-22,MAR,489,168,321,193,294,2,ITI,ITI3,11,Marche,Marche,1525271,1714747,112.42,0.03
2943,2021-07-07,MAR,14260,7069,7191,2939,11080,241,ITI,ITI3,11,Marche,Marche,1525271,1729007,113.36,0.93
2944,2021-01-17,MAR,1623,695,928,1553,64,6,ITI,ITI3,11,Marche,Marche,1525271,1730630,113.46,0.11
2945,2021-07-25,MAR,9349,4931,4418,1005,8247,97,ITI,ITI3,11,Marche,Marche,1525271,1739979,114.08,0.61
2946,2021-01-04,MAR,1525,574,951,1513,0,12,ITI,ITI3,11,Marche,Marche,1525271,1741504,114.18,0.1
2947,2021-04-14,MAR,10222,4566,5656,9662,370,190,ITI,ITI3,11,Marche,Marche,1525271,1751726,114.85,0.67
2948,2020-12-30,MAR,17,5,12,17,0,0,ITI,ITI3,11,Marche,Marche,1525271,1751743,114.85,0.0
2949,2021-04-09,MAR,9573,4192,5381,9158,200,215,ITI,ITI3,11,Marche,Marche,1525271,1761316,115.48,0.63
2950,2021-07-27,MAR,14362,7530,6832,3033,11103,226,ITI,ITI3,11,Marche,Marche,1525271,1775678,116.42,0.94
2951,2021-01-06,MAR,2212,804,1408,2193,0,19,ITI,ITI3,11,Marche,Marche,1525271,1777890,116.56,0.15
2952,2021-03-04,MAR,6539,2894,3645,5084,1395,60,ITI,ITI3,11,Marche,Marche,1525271,1784429,116.99,0.43
2953,2021-03-13,MAR,5807,2681,3126,1765,4002,40,ITI,ITI3,11,Marche,Marche,1525271,1790236,117.37,0.38
2954,2021-06-21,MAR,12605,6184,6421,5480,6879,246,ITI,ITI3,11,Marche,Marche,1525271,1802841,118.2,0.83
2955,2021-05-09,MAR,8866,4022,4844,3560,5228,78,ITI,ITI3,11,Marche,Marche,1525271,1811707,118.78,0.58
2956,2021-03-06,MAR,5738,2641,3097,4421,1268,49,ITI,ITI3,11,Marche,Marche,1525271,1817445,119.16,0.38
2957,2021-06-14,MAR,12838,6486,6352,9258,3310,270,ITI,ITI3,11,Marche,Marche,1525271,1830283,120.0,0.84
2958,2021-01-29,MAR,1994,731,1263,157,1832,5,ITI,ITI3,11,Marche,Marche,1525271,1832277,120.13,0.13
2959,2021-05-18,MAR,11271,5347,5924,7490,3602,179,ITI,ITI3,11,Marche,Marche,1525271,1843548,120.87,0.74
2960,2021-05-11,MAR,10622,4831,5791,5490,4942,190,ITI,ITI3,11,Marche,Marche,1525271,1854170,121.56,0.7
2961,2021-03-15,MAR,4450,2060,2390,1291,3138,21,ITI,ITI3,11,Marche,Marche,1525271,1858620,121.86,0.29
2962,2021-06-23,MAR,13891,6817,7074,6625,7010,256,ITI,ITI3,11,Marche,Marche,1525271,1872511,122.77,0.91
2963,2021-02-19,MOL,170,94,76,168,2,0,ITF,ITF2,14,Molise,Molise,305617,170,0.06,0.06
2964,2021-03-10,MOL,1742,720,1022,1670,50,22,ITF,ITF2,14,Molise,Molise,305617,1912,0.63,0.57
2965,2021-06-01,MOL,2606,1324,1282,2461,108,37,ITF,ITF2,14,Molise,Molise,305617,4518,1.48,0.85
2966,2021-05-01,MOL,2653,1272,1381,407,2227,19,ITF,ITF2,14,Molise,Molise,305617,7171,2.35,0.87
2967,2021-03-05,MOL,1222,651,571,1003,206,13,ITF,ITF2,14,Molise,Molise,305617,8393,2.75,0.4
2968,2021-08-09,MOL,3111,1599,1512,1592,1475,44,ITF,ITF2,14,Molise,Molise,305617,11504,3.76,1.02
2969,2021-06-13,MOL,2893,1541,1352,2528,328,37,ITF,ITF2,14,Molise,Molise,305617,14397,4.71,0.95
2970,2021-04-17,MOL,3060,1505,1555,1542,1491,27,ITF,ITF2,14,Molise,Molise,305617,17457,5.71,1.0
2971,2021-06-20,MOL,422,174,248,47,371,4,ITF,ITF2,14,Molise,Molise,305617,17879,5.85,0.14
2972,2021-04-24,MOL,2559,1207,1352,697,1847,15,ITF,ITF2,14,Molise,Molise,305617,20438,6.69,0.84
2973,2021-02-26,MOL,563,260,303,489,73,1,ITF,ITF2,14,Molise,Molise,305617,21001,6.87,0.18
2974,2021-08-02,MOL,2689,1405,1284,1185,1461,43,ITF,ITF2,14,Molise,Molise,305617,23690,7.75,0.88
2975,2021-06-27,MOL,2370,1123,1247,1131,1229,10,ITF,ITF2,14,Molise,Molise,305617,26060,8.53,0.78
2976,2021-01-07,MOL,600,209,391,600,0,0,ITF,ITF2,14,Molise,Molise,305617,26660,8.72,0.2
2977,2021-02-12,MOL,334,151,183,209,124,1,ITF,ITF2,14,Molise,Molise,305617,26994,8.83,0.11
2978,2021-01-26,MOL,450,184,266,8,442,0,ITF,ITF2,14,Molise,Molise,305617,27444,8.98,0.15
2979,2021-05-06,MOL,2696,1219,1477,2049,603,44,ITF,ITF2,14,Molise,Molise,305617,30140,9.86,0.88
2980,2021-07-28,MOL,2427,1285,1142,1131,1265,31,ITF,ITF2,14,Molise,Molise,305617,32567,10.66,0.79
2981,2021-07-14,MOL,3406,1667,1739,196,3194,16,ITF,ITF2,14,Molise,Molise,305617,35973,11.77,1.11
2982,2021-04-05,MOL,391,189,202,292,99,0,ITF,ITF2,14,Molise,Molise,305617,36364,11.9,0.13
2983,2021-03-29,MOL,2037,835,1202,1518,487,32,ITF,ITF2,14,Molise,Molise,305617,38401,12.57,0.67
2984,2021-01-31,MOL,268,70,198,6,262,0,ITF,ITF2,14,Molise,Molise,305617,38669,12.65,0.09
2985,2021-08-11,MOL,1711,891,820,1076,578,57,ITF,ITF2,14,Molise,Molise,305617,40380,13.21,0.56
2986,2021-01-12,MOL,336,114,222,336,0,0,ITF,ITF2,14,Molise,Molise,305617,40716,13.32,0.11
2987,2021-03-24,MOL,1632,658,974,1213,402,17,ITF,ITF2,14,Molise,Molise,305617,42348,13.86,0.53
2988,2021-07-02,MOL,2666,1294,1372,132,2526,8,ITF,ITF2,14,Molise,Molise,305617,45014,14.73,0.87
2989,2021-07-04,MOL,2153,1086,1067,580,1550,23,ITF,ITF2,14,Molise,Molise,305617,47167,15.43,0.7
2990,2021-02-07,MOL,66,32,34,19,47,0,ITF,ITF2,14,Molise,Molise,305617,47233,15.45,0.02
2991,2021-05-18,MOL,1659,885,774,997,656,6,ITF,ITF2,14,Molise,Molise,305617,48892,16.0,0.54
2992,2021-03-22,MOL,1151,442,709,890,244,17,ITF,ITF2,14,Molise,Molise,305617,50043,16.37,0.38
2993,2021-07-23,MOL,2914,1515,1399,871,1989,54,ITF,ITF2,14,Molise,Molise,305617,52957,17.33,0.95
2994,2021-05-13,MOL,3050,1417,1633,2537,460,53,ITF,ITF2,14,Molise,Molise,305617,56007,18.33,1.0
2995,2021-08-04,MOL,2501,1294,1207,949,1534,18,ITF,ITF2,14,Molise,Molise,305617,58508,19.14,0.82
2996,2021-04-28,MOL,1698,925,773,471,1220,7,ITF,ITF2,14,Molise,Molise,305617,60206,19.7,0.56
2997,2021-08-06,MOL,2320,1224,1096,1076,1202,42,ITF,ITF2,14,Molise,Molise,305617,62526,20.46,0.76
2998,2021-03-15,MOL,834,340,494,570,245,19,ITF,ITF2,14,Molise,Molise,305617,63360,20.73,0.27
2999,2021-06-24,MOL,3339,1553,1786,436,2866,37,ITF,ITF2,14,Molise,Molise,305617,66699,21.82,1.09
3000,2021-03-02,MOL,669,385,284,505,158,6,ITF,ITF2,14,Molise,Molise,305617,67368,22.04,0.22
3001,2021-03-17,MOL,911,385,526,519,333,59,ITF,ITF2,14,Molise,Molise,305617,68279,22.34,0.3
3002,2021-06-25,MOL,3441,1692,1749,1471,1916,54,ITF,ITF2,14,Molise,Molise,305617,71720,23.47,1.13
3003,2021-06-08,MOL,2898,1600,1298,2199,696,3,ITF,ITF2,14,Molise,Molise,305617,74618,24.42,0.95
3004,2021-06-06,MOL,2077,1068,1009,1736,324,17,ITF,ITF2,14,Molise,Molise,305617,76695,25.1,0.68
3005,2021-03-19,MOL,1186,482,704,742,427,17,ITF,ITF2,14,Molise,Molise,305617,77881,25.48,0.39
3006,2021-01-21,MOL,6,2,4,6,0,0,ITF,ITF2,14,Molise,Molise,305617,77887,25.49,0.0
3007,2021-02-24,MOL,670,281,389,326,336,8,ITF,ITF2,14,Molise,Molise,305617,78557,25.7,0.22
3008,2021-03-03,MOL,672,316,356,586,82,4,ITF,ITF2,14,Molise,Molise,305617,79229,25.92,0.22
3009,2021-01-05,MOL,449,180,269,449,0,0,ITF,ITF2,14,Molise,Molise,305617,79678,26.07,0.15
3010,2021-07-16,MOL,3052,1548,1504,384,2640,28,ITF,ITF2,14,Molise,Molise,305617,82730,27.07,1.0
3011,2021-07-09,MOL,3438,1651,1787,166,3254,18,ITF,ITF2,14,Molise,Molise,305617,86168,28.19,1.12
3012,2021-01-17,MOL,78,38,40,48,30,0,ITF,ITF2,14,Molise,Molise,305617,86246,28.22,0.03
3013,2021-04-10,MOL,2646,1264,1382,2455,152,39,ITF,ITF2,14,Molise,Molise,305617,88892,29.09,0.87
3014,2021-02-05,MOL,595,270,325,55,540,0,ITF,ITF2,14,Molise,Molise,305617,89487,29.28,0.19
3015,2021-01-19,MOL,174,63,111,163,11,0,ITF,ITF2,14,Molise,Molise,305617,89661,29.34,0.06
3016,2021-04-29,MOL,2241,1148,1093,877,1349,15,ITF,ITF2,14,Molise,Molise,305617,91902,30.07,0.73
3017,2021-04-12,MOL,1299,557,742,1037,251,11,ITF,ITF2,14,Molise,Molise,305617,93201,30.5,0.43
3018,2021-07-21,MOL,2012,1015,997,778,1196,38,ITF,ITF2,14,Molise,Molise,305617,95213,31.15,0.66
3019,2021-05-20,MOL,2673,1378,1295,2402,189,82,ITF,ITF2,14,Molise,Molise,305617,97886,32.03,0.87
3020,2021-05-25,MOL,1968,889,1079,1302,631,35,ITF,ITF2,14,Molise,Molise,305617,99854,32.67,0.64
3021,2021-01-04,MOL,314,131,183,314,0,0,ITF,ITF2,14,Molise,Molise,305617,100168,32.78,0.1
3022,2021-04-14,MOL,1809,767,1042,1135,664,10,ITF,ITF2,14,Molise,Molise,305617,101977,33.37,0.59
3023,2021-02-16,MOL,157,71,86,150,6,1,ITF,ITF2,14,Molise,Molise,305617,102134,33.42,0.05
3024,2021-05-27,MOL,2842,1350,1492,1966,840,36,ITF,ITF2,14,Molise,Molise,305617,104976,34.35,0.93
3025,2021-02-21,MOL,575,227,348,573,2,0,ITF,ITF2,14,Molise,Molise,305617,105551,34.54,0.19
3026,2021-02-04,MOL,759,295,464,77,682,0,ITF,ITF2,14,Molise,Molise,305617,106310,34.79,0.25
3027,2021-05-15,MOL,2988,1403,1585,2550,386,52,ITF,ITF2,14,Molise,Molise,305617,109298,35.76,0.98
3028,2021-06-10,MOL,2579,1188,1391,1240,1301,38,ITF,ITF2,14,Molise,Molise,305617,111877,36.61,0.84
3029,2021-04-02,MOL,1460,712,748,662,779,19,ITF,ITF2,14,Molise,Molise,305617,113337,37.08,0.48
3030,2021-07-11,MOL,2455,1196,1259,179,2273,3,ITF,ITF2,14,Molise,Molise,305617,115792,37.89,0.8
3031,2021-08-13,MOL,1526,792,734,1115,383,28,ITF,ITF2,14,Molise,Molise,305617,117318,38.39,0.5
3032,2021-05-08,MOL,2984,1457,1527,1700,1247,37,ITF,ITF2,14,Molise,Molise,305617,120302,39.36,0.98
3033,2021-04-21,MOL,1875,793,1082,969,899,7,ITF,ITF2,14,Molise,Molise,305617,122177,39.98,0.61
3034,2021-01-09,MOL,452,154,298,452,0,0,ITF,ITF2,14,Molise,Molise,305617,122629,40.13,0.15
3035,2021-04-19,MOL,1829,843,986,988,779,62,ITF,ITF2,14,Molise,Molise,305617,124458,40.72,0.6
3036,2021-07-13,MOL,2806,1425,1381,319,2470,17,ITF,ITF2,14,Molise,Molise,305617,127264,41.64,0.92
3037,2021-07-06,MOL,3064,1428,1636,37,3023,4,ITF,ITF2,14,Molise,Molise,305617,130328,42.64,1.0
3038,2021-05-10,MOL,2898,1289,1609,2492,373,33,ITF,ITF2,14,Molise,Molise,305617,133226,43.59,0.95
3039,2021-06-29,MOL,2495,1161,1334,379,2089,27,ITF,ITF2,14,Molise,Molise,305617,135721,44.41,0.82
3040,2021-05-03,MOL,2500,1176,1324,2299,163,38,ITF,ITF2,14,Molise,Molise,305617,138221,45.23,0.82
3041,2021-01-28,MOL,615,217,398,17,598,0,ITF,ITF2,14,Molise,Molise,305617,138836,45.43,0.2
3042,2021-03-12,MOL,1460,638,822,1404,36,20,ITF,ITF2,14,Molise,Molise,305617,140296,45.91,0.48
3043,2021-01-14,MOL,647,239,408,647,0,0,ITF,ITF2,14,Molise,Molise,305617,140943,46.12,0.21
3044,2021-03-07,MOL,1133,501,632,1128,2,3,ITF,ITF2,14,Molise,Molise,305617,142076,46.49,0.37
3045,2021-06-15,MOL,2223,1047,1176,750,1456,17,ITF,ITF2,14,Molise,Molise,305617,144299,47.22,0.73
3046,2021-06-17,MOL,2312,1019,1293,915,1370,27,ITF,ITF2,14,Molise,Molise,305617,146611,47.97,0.76
3047,2021-02-02,MOL,540,176,364,216,323,1,ITF,ITF2,14,Molise,Molise,305617,147151,48.15,0.18
3048,2021-01-16,MOL,422,166,256,422,0,0,ITF,ITF2,14,Molise,Molise,305617,147573,48.29,0.14
3049,2021-04-26,MOL,1159,521,638,810,331,18,ITF,ITF2,14,Molise,Molise,305617,148732,48.67,0.38
3050,2021-04-09,MOL,2329,1254,1075,2108,191,30,ITF,ITF2,14,Molise,Molise,305617,151061,49.43,0.76
3051,2021-01-18,MOL,115,48,67,115,0,0,ITF,ITF2,14,Molise,Molise,305617,151176,49.47,0.04
3052,2021-04-11,MOL,1197,591,606,1166,14,17,ITF,ITF2,14,Molise,Molise,305617,152373,49.86,0.39
3053,2021-07-20,MOL,2169,1097,1072,1010,1112,47,ITF,ITF2,14,Molise,Molise,305617,154542,50.57,0.71
3054,2021-07-03,MOL,2744,1382,1362,570,2154,20,ITF,ITF2,14,Molise,Molise,305617,157286,51.47,0.9
3055,2021-08-08,MOL,835,432,403,600,222,13,ITF,ITF2,14,Molise,Molise,305617,158121,51.74,0.27
3056,2021-07-25,MOL,2011,1061,950,355,1642,14,ITF,ITF2,14,Molise,Molise,305617,160132,52.4,0.66
3057,2021-05-29,MOL,2362,1230,1132,1931,391,40,ITF,ITF2,14,Molise,Molise,305617,162494,53.17,0.77
3058,2021-02-28,MOL,833,335,498,789,42,2,ITF,ITF2,14,Molise,Molise,305617,163327,53.44,0.27
3059,2021-02-27,MOL,1370,570,800,1346,19,5,ITF,ITF2,14,Molise,Molise,305617,164697,53.89,0.45
3060,2021-06-07,MOL,1958,861,1097,1116,819,23,ITF,ITF2,14,Molise,Molise,305617,166655,54.53,0.64
3061,2021-02-13,MOL,132,80,52,132,0,0,ITF,ITF2,14,Molise,Molise,305617,166787,54.57,0.04
3062,2021-05-24,MOL,1968,855,1113,1271,669,28,ITF,ITF2,14,Molise,Molise,305617,168755,55.22,0.64
3063,2021-05-07,MOL,2648,1231,1417,2019,599,30,ITF,ITF2,14,Molise,Molise,305617,171403,56.08,0.87
3064,2021-07-30,MOL,2673,1380,1293,1430,1189,54,ITF,ITF2,14,Molise,Molise,305617,174076,56.96,0.87
3065,2021-02-11,MOL,295,133,162,258,37,0,ITF,ITF2,14,Molise,Molise,305617,174371,57.06,0.1
3066,2021-05-22,MOL,2264,1176,1088,2159,88,17,ITF,ITF2,14,Molise,Molise,305617,176635,57.8,0.74
3067,2021-05-26,MOL,1582,712,870,796,755,31,ITF,ITF2,14,Molise,Molise,305617,178217,58.31,0.52
3068,2021-03-30,MOL,2004,858,1146,1471,513,20,ITF,ITF2,14,Molise,Molise,305617,180221,58.97,0.66
3069,2021-02-01,MOL,563,201,362,14,549,0,ITF,ITF2,14,Molise,Molise,305617,180784,59.15,0.18
3070,2021-05-17,MOL,2231,1093,1138,1707,496,28,ITF,ITF2,14,Molise,Molise,305617,183015,59.88,0.73
3071,2021-03-21,MOL,1248,543,705,478,768,2,ITF,ITF2,14,Molise,Molise,305617,184263,60.29,0.41
3072,2021-03-14,MOL,597,240,357,17,580,0,ITF,ITF2,14,Molise,Molise,305617,184860,60.49,0.2
3073,2021-06-22,MOL,2968,1370,1598,672,2279,17,ITF,ITF2,14,Molise,Molise,305617,187828,61.46,0.97
3074,2021-03-28,MOL,1629,749,880,519,1103,7,ITF,ITF2,14,Molise,Molise,305617,189457,61.99,0.53
3075,2021-07-22,MOL,2173,1077,1096,838,1280,55,ITF,ITF2,14,Molise,Molise,305617,191630,62.7,0.71
3076,2021-03-26,MOL,2579,1045,1534,1891,643,45,ITF,ITF2,14,Molise,Molise,305617,194209,63.55,0.84
3077,2021-02-09,MOL,360,170,190,197,163,0,ITF,ITF2,14,Molise,Molise,305617,194569,63.66,0.12
3078,2021-08-01,MOL,956,522,434,752,174,30,ITF,ITF2,14,Molise,Molise,305617,195525,63.98,0.31
3079,2021-08-03,MOL,2194,1137,1057,1215,945,34,ITF,ITF2,14,Molise,Molise,305617,197719,64.7,0.72
3080,2021-04-18,MOL,1084,484,600,143,935,6,ITF,ITF2,14,Molise,Molise,305617,198803,65.05,0.35
3081,2021-07-27,MOL,1920,1060,860,1310,550,60,ITF,ITF2,14,Molise,Molise,305617,200723,65.68,0.63
3082,2021-07-10,MOL,3723,1781,1942,321,3388,14,ITF,ITF2,14,Molise,Molise,305617,204446,66.9,1.22
3083,2021-04-04,MOL,253,141,112,231,15,7,ITF,ITF2,14,Molise,Molise,305617,204699,66.98,0.08
3084,2021-03-18,MOL,1158,476,682,634,465,59,ITF,ITF2,14,Molise,Molise,305617,205857,67.36,0.38
3085,2021-06-26,MOL,3127,1535,1592,525,2588,14,ITF,ITF2,14,Molise,Molise,305617,208984,68.38,1.02
3086,2021-03-16,MOL,615,230,385,265,348,2,ITF,ITF2,14,Molise,Molise,305617,209599,68.58,0.2
3087,2021-01-11,MOL,558,194,364,558,0,0,ITF,ITF2,14,Molise,Molise,305617,210157,68.76,0.18
3088,2021-07-08,MOL,3428,1649,1779,107,3298,23,ITF,ITF2,14,Molise,Molise,305617,213585,69.89,1.12
3089,2021-05-12,MOL,2860,1297,1563,2697,97,66,ITF,ITF2,14,Molise,Molise,305617,216445,70.82,0.94
3090,2021-04-06,MOL,1499,702,797,1133,345,21,ITF,ITF2,14,Molise,Molise,305617,217944,71.31,0.49
3091,2021-02-08,MOL,335,141,194,216,119,0,ITF,ITF2,14,Molise,Molise,305617,218279,71.42,0.11
3092,2021-07-15,MOL,3214,1616,1598,210,2990,14,ITF,ITF2,14,Molise,Molise,305617,221493,72.47,1.05
3093,2021-05-19,MOL,2350,1207,1143,1884,429,37,ITF,ITF2,14,Molise,Molise,305617,223843,73.24,0.77
3094,2021-03-23,MOL,1646,697,949,1413,208,25,ITF,ITF2,14,Molise,Molise,305617,225489,73.78,0.54
3095,2021-07-01,MOL,2668,1298,1370,271,2382,15,ITF,ITF2,14,Molise,Molise,305617,228157,74.65,0.87
3096,2021-01-30,MOL,464,161,303,12,452,0,ITF,ITF2,14,Molise,Molise,305617,228621,74.81,0.15
3097,2021-02-06,MOL,430,179,251,29,401,0,ITF,ITF2,14,Molise,Molise,305617,229051,74.95,0.14
3098,2021-03-25,MOL,1809,731,1078,1285,498,26,ITF,ITF2,14,Molise,Molise,305617,230860,75.54,0.59
3099,2021-03-08,MOL,1384,524,860,1207,140,37,ITF,ITF2,14,Molise,Molise,305617,232244,75.99,0.45
3100,2021-06-16,MOL,2069,1029,1040,1142,913,14,ITF,ITF2,14,Molise,Molise,305617,234313,76.67,0.68
3101,2021-04-13,MOL,1632,718,914,1037,587,8,ITF,ITF2,14,Molise,Molise,305617,235945,77.2,0.53
3102,2021-03-27,MOL,2745,1273,1472,1295,1433,17,ITF,ITF2,14,Molise,Molise,305617,238690,78.1,0.9
3103,2021-02-18,MOL,321,74,247,304,13,4,ITF,ITF2,14,Molise,Molise,305617,239011,78.21,0.11
3104,2021-03-09,MOL,1330,580,750,1149,153,28,ITF,ITF2,14,Molise,Molise,305617,240341,78.64,0.44
3105,2021-02-20,MOL,1020,443,577,1000,20,0,ITF,ITF2,14,Molise,Molise,305617,241361,78.97,0.33
3106,2021-05-31,MOL,2372,1152,1220,1905,426,41,ITF,ITF2,14,Molise,Molise,305617,243733,79.75,0.78
3107,2021-05-14,MOL,2651,1219,1432,1893,722,36,ITF,ITF2,14,Molise,Molise,305617,246384,80.62,0.87
3108,2021-06-02,MOL,2815,1359,1456,2693,100,22,ITF,ITF2,14,Molise,Molise,305617,249199,81.54,0.92
3109,2021-03-11,MOL,1467,638,829,1447,6,14,ITF,ITF2,14,Molise,Molise,305617,250666,82.02,0.48
3110,2021-01-06,MOL,690,260,430,690,0,0,ITF,ITF2,14,Molise,Molise,305617,251356,82.25,0.23
3111,2021-04-16,MOL,2433,1033,1400,1176,1234,23,ITF,ITF2,14,Molise,Molise,305617,253789,83.04,0.8
3112,2021-06-21,MOL,2914,1357,1557,1631,1236,47,ITF,ITF2,14,Molise,Molise,305617,256703,84.0,0.95
3113,2021-04-25,MOL,794,397,397,557,233,4,ITF,ITF2,14,Molise,Molise,305617,257497,84.25,0.26
3114,2021-02-10,MOL,151,79,72,131,20,0,ITF,ITF2,14,Molise,Molise,305617,257648,84.3,0.05
3115,2021-05-21,MOL,2185,1096,1089,1781,323,81,ITF,ITF2,14,Molise,Molise,305617,259833,85.02,0.71
3116,2021-01-27,MOL,675,251,424,8,667,0,ITF,ITF2,14,Molise,Molise,305617,260508,85.24,0.22
3117,2021-08-14,MOL,1583,856,727,684,880,19,ITF,ITF2,14,Molise,Molise,305617,262091,85.76,0.52
3118,2021-07-29,MOL,2447,1254,1193,1584,817,46,ITF,ITF2,14,Molise,Molise,305617,264538,86.56,0.8
3119,2021-01-25,MOL,319,130,189,3,316,0,ITF,ITF2,14,Molise,Molise,305617,264857,86.66,0.1
3120,2021-05-05,MOL,2441,1049,1392,2269,144,28,ITF,ITF2,14,Molise,Molise,305617,267298,87.46,0.8
3121,2021-05-04,MOL,2709,1182,1527,2546,128,35,ITF,ITF2,14,Molise,Molise,305617,270007,88.35,0.89
3122,2021-01-10,MOL,270,72,198,270,0,0,ITF,ITF2,14,Molise,Molise,305617,270277,88.44,0.09
3123,2021-07-26,MOL,2423,1250,1173,1249,1114,60,ITF,ITF2,14,Molise,Molise,305617,272700,89.23,0.79
3124,2021-02-15,MOL,144,70,74,141,3,0,ITF,ITF2,14,Molise,Molise,305617,272844,89.28,0.05
3125,2021-06-04,MOL,3065,1504,1561,2580,457,28,ITF,ITF2,14,Molise,Molise,305617,275909,90.28,1.0
3126,2021-04-08,MOL,1771,907,864,1543,202,26,ITF,ITF2,14,Molise,Molise,305617,277680,90.86,0.58
3127,2021-07-17,MOL,2850,1522,1328,293,2535,22,ITF,ITF2,14,Molise,Molise,305617,280530,91.79,0.93
3128,2021-07-05,MOL,2740,1282,1458,39,2699,2,ITF,ITF2,14,Molise,Molise,305617,283270,92.69,0.9
3129,2021-06-18,MOL,2772,1251,1521,1286,1459,27,ITF,ITF2,14,Molise,Molise,305617,286042,93.59,0.91
3130,2021-05-30,MOL,1872,935,937,1558,286,28,ITF,ITF2,14,Molise,Molise,305617,287914,94.21,0.61
3131,2021-07-19,MOL,2765,1352,1413,505,2233,27,ITF,ITF2,14,Molise,Molise,305617,290679,95.11,0.9
3132,2021-01-13,MOL,479,163,316,479,0,0,ITF,ITF2,14,Molise,Molise,305617,291158,95.27,0.16
3133,2021-06-19,MOL,2348,1169,1179,1283,1023,42,ITF,ITF2,14,Molise,Molise,305617,293506,96.04,0.77
3134,2021-04-23,MOL,2055,884,1171,1378,661,16,ITF,ITF2,14,Molise,Molise,305617,295561,96.71,0.67
3135,2021-06-30,MOL,2968,1410,1558,873,2011,84,ITF,ITF2,14,Molise,Molise,305617,298529,97.68,0.97
3136,2021-01-08,MOL,431,142,289,431,0,0,ITF,ITF2,14,Molise,Molise,305617,298960,97.82,0.14
3137,2021-04-01,MOL,1476,668,808,732,730,14,ITF,ITF2,14,Molise,Molise,305617,300436,98.3,0.48
3138,2021-04-20,MOL,2329,1033,1296,1213,1107,9,ITF,ITF2,14,Molise,Molise,305617,302765,99.07,0.76
3139,2021-06-09,MOL,1793,901,892,837,928,28,ITF,ITF2,14,Molise,Molise,305617,304558,99.65,0.59
3140,2021-05-23,MOL,1783,896,887,1742,9,32,ITF,ITF2,14,Molise,Molise,305617,306341,100.24,0.58
3141,2021-03-01,MOL,662,274,388,430,215,17,ITF,ITF2,14,Molise,Molise,305617,307003,100.45,0.22
3142,2021-04-03,MOL,1775,853,922,1719,35,21,ITF,ITF2,14,Molise,Molise,305617,308778,101.03,0.58
3143,2021-07-12,MOL,2675,1320,1355,354,2300,21,ITF,ITF2,14,Molise,Molise,305617,311453,101.91,0.88
3144,2021-02-22,MOL,265,129,136,248,15,2,ITF,ITF2,14,Molise,Molise,305617,311718,102.0,0.09
3145,2020-12-27,MOL,50,20,30,50,0,0,ITF,ITF2,14,Molise,Molise,305617,311768,102.01,0.02
3146,2021-04-22,MOL,1847,864,983,1059,779,9,ITF,ITF2,14,Molise,Molise,305617,313615,102.62,0.6
3147,2021-07-31,MOL,1988,1110,878,755,1192,41,ITF,ITF2,14,Molise,Molise,305617,315603,103.27,0.65
3148,2021-02-17,MOL,72,32,40,50,15,7,ITF,ITF2,14,Molise,Molise,305617,315675,103.29,0.02
3149,2021-07-24,MOL,3133,1684,1449,730,2374,29,ITF,ITF2,14,Molise,Molise,305617,318808,104.32,1.03
3150,2021-05-28,MOL,2656,1367,1289,2041,547,68,ITF,ITF2,14,Molise,Molise,305617,321464,105.19,0.87
3151,2021-02-03,MOL,743,254,489,344,399,0,ITF,ITF2,14,Molise,Molise,305617,322207,105.43,0.24
3152,2021-04-27,MOL,1600,771,829,444,1131,25,ITF,ITF2,14,Molise,Molise,305617,323807,105.95,0.52
3153,2021-08-05,MOL,2265,1146,1119,1609,607,49,ITF,ITF2,14,Molise,Molise,305617,326072,106.69,0.74
3154,2021-05-16,MOL,1253,575,678,1049,183,21,ITF,ITF2,14,Molise,Molise,305617,327325,107.1,0.41
3155,2021-08-07,MOL,1905,1053,852,1038,842,25,ITF,ITF2,14,Molise,Molise,305617,329230,107.73,0.62
3156,2021-03-13,MOL,1191,596,595,183,990,18,ITF,ITF2,14,Molise,Molise,305617,330421,108.12,0.39
3157,2021-01-15,MOL,540,243,297,540,0,0,ITF,ITF2,14,Molise,Molise,305617,330961,108.29,0.18
3158,2021-06-23,MOL,2798,1289,1509,221,2567,10,ITF,ITF2,14,Molise,Molise,305617,333759,109.21,0.92
3159,2021-03-20,MOL,2327,973,1354,995,1323,9,ITF,ITF2,14,Molise,Molise,305617,336086,109.97,0.76
3160,2021-06-28,MOL,2914,1359,1555,1004,1889,21,ITF,ITF2,14,Molise,Molise,305617,339000,110.92,0.95
3161,2021-06-11,MOL,3455,1662,1793,1980,1432,43,ITF,ITF2,14,Molise,Molise,305617,342455,112.05,1.13
3162,2021-04-15,MOL,1935,797,1138,1082,848,5,ITF,ITF2,14,Molise,Molise,305617,344390,112.69,0.63
3163,2021-03-31,MOL,2197,919,1278,1308,820,69,ITF,ITF2,14,Molise,Molise,305617,346587,113.41,0.72
3164,2021-02-23,MOL,585,223,362,362,221,2,ITF,ITF2,14,Molise,Molise,305617,347172,113.6,0.19
3165,2021-06-03,MOL,3302,1573,1729,2709,559,34,ITF,ITF2,14,Molise,Molise,305617,350474,114.68,1.08
3166,2021-04-07,MOL,1690,848,842,1370,275,45,ITF,ITF2,14,Molise,Molise,305617,352164,115.23,0.55
3167,2021-06-05,MOL,3008,1522,1486,2806,174,28,ITF,ITF2,14,Molise,Molise,305617,355172,116.21,0.98
3168,2021-07-18,MOL,1753,882,871,125,1619,9,ITF,ITF2,14,Molise,Molise,305617,356925,116.79,0.57
3169,2021-03-04,MOL,852,417,435,515,325,12,ITF,ITF2,14,Molise,Molise,305617,357777,117.07,0.28
3170,2021-06-12,MOL,3467,1788,1679,3290,124,53,ITF,ITF2,14,Molise,Molise,305617,361244,118.2,1.13
3171,2021-06-14,MOL,1641,815,826,545,1079,17,ITF,ITF2,14,Molise,Molise,305617,362885,118.74,0.54
3172,2021-01-20,MOL,18,8,10,18,0,0,ITF,ITF2,14,Molise,Molise,305617,362903,118.74,0.01
3173,2021-04-30,MOL,2948,1562,1386,819,2114,15,ITF,ITF2,14,Molise,Molise,305617,365851,119.71,0.96
3174,2021-02-25,MOL,542,239,303,471,68,3,ITF,ITF2,14,Molise,Molise,305617,366393,119.89,0.18
3175,2021-08-10,MOL,1757,965,792,617,1109,31,ITF,ITF2,14,Molise,Molise,305617,368150,120.46,0.57
3176,2021-08-12,MOL,1461,758,703,1026,397,38,ITF,ITF2,14,Molise,Molise,305617,369611,120.94,0.48
3177,2021-01-29,MOL,423,137,286,6,417,0,ITF,ITF2,14,Molise,Molise,305617,370034,121.08,0.14
3178,2021-05-09,MOL,2059,935,1124,1927,97,35,ITF,ITF2,14,Molise,Molise,305617,372093,121.75,0.67
3179,2021-07-07,MOL,2959,1368,1591,57,2898,4,ITF,ITF2,14,Molise,Molise,305617,375052,122.72,0.97
3180,2021-05-11,MOL,3225,1421,1804,2913,254,58,ITF,ITF2,14,Molise,Molise,305617,378277,123.77,1.06
3181,2021-01-22,MOL,128,36,92,128,0,0,ITF,ITF2,14,Molise,Molise,305617,378405,123.82,0.04
3182,2021-05-02,MOL,1899,934,965,579,1307,13,ITF,ITF2,14,Molise,Molise,305617,380304,124.44,0.62
3183,2021-03-06,MOL,1728,807,921,1559,159,10,ITF,ITF2,14,Molise,Molise,305617,382032,125.0,0.57
3184,2021-08-08,CAL,4217,2145,2072,1492,2697,28,ITF,ITF6,18,Calabria,Calabria,1947131,4217,0.22,0.22
3185,2021-07-22,CAL,18305,9017,9288,3476,14740,89,ITF,ITF6,18,Calabria,Calabria,1947131,22522,1.16,0.94
3186,2021-04-30,CAL,15089,7399,7690,10539,4473,77,ITF,ITF6,18,Calabria,Calabria,1947131,37611,1.93,0.77
3187,2021-02-06,CAL,2926,1346,1580,440,2485,1,ITF,ITF6,18,Calabria,Calabria,1947131,40537,2.08,0.15
3188,2021-07-10,CAL,15938,7532,8406,3246,12649,43,ITF,ITF6,18,Calabria,Calabria,1947131,56475,2.9,0.82
3189,2021-01-23,CAL,403,188,215,360,43,0,ITF,ITF6,18,Calabria,Calabria,1947131,56878,2.92,0.02
3190,2021-03-28,CAL,2699,1237,1462,1567,1127,5,ITF,ITF6,18,Calabria,Calabria,1947131,59577,3.06,0.14
3191,2021-04-18,CAL,5868,2803,3065,4929,916,23,ITF,ITF6,18,Calabria,Calabria,1947131,65445,3.36,0.3
3192,2021-04-04,CAL,1572,789,783,1140,421,11,ITF,ITF6,18,Calabria,Calabria,1947131,67017,3.44,0.08
3193,2021-06-26,CAL,15572,7196,8376,7571,7931,70,ITF,ITF6,18,Calabria,Calabria,1947131,82589,4.24,0.8
3194,2021-01-11,CAL,2187,1060,1127,2185,0,2,ITF,ITF6,18,Calabria,Calabria,1947131,84776,4.35,0.11
3195,2021-01-25,CAL,1087,521,566,150,937,0,ITF,ITF6,18,Calabria,Calabria,1947131,85863,4.41,0.06
3196,2021-05-05,CAL,13581,6492,7089,8411,5097,73,ITF,ITF6,18,Calabria,Calabria,1947131,99444,5.11,0.7
3197,2021-03-02,CAL,4406,2499,1907,3615,782,9,ITF,ITF6,18,Calabria,Calabria,1947131,103850,5.33,0.23
3198,2021-03-16,CAL,3864,1895,1969,2183,1669,12,ITF,ITF6,18,Calabria,Calabria,1947131,107714,5.53,0.2
3199,2021-08-10,CAL,9777,4911,4866,3602,6076,99,ITF,ITF6,18,Calabria,Calabria,1947131,117491,6.03,0.5
3200,2021-06-14,CAL,14359,6511,7848,9630,4652,77,ITF,ITF6,18,Calabria,Calabria,1947131,131850,6.77,0.74
3201,2021-03-04,CAL,5489,3194,2295,4670,799,20,ITF,ITF6,18,Calabria,Calabria,1947131,137339,7.05,0.28
3202,2021-06-12,CAL,13247,6298,6949,10781,2399,67,ITF,ITF6,18,Calabria,Calabria,1947131,150586,7.73,0.68
3203,2021-07-01,CAL,12382,5833,6549,5469,6829,84,ITF,ITF6,18,Calabria,Calabria,1947131,162968,8.37,0.64
3204,2021-02-01,CAL,2552,1211,1341,238,2311,3,ITF,ITF6,18,Calabria,Calabria,1947131,165520,8.5,0.13
3205,2021-07-08,CAL,12044,5615,6429,2688,9312,44,ITF,ITF6,18,Calabria,Calabria,1947131,177564,9.12,0.62
3206,2021-05-12,CAL,16472,8037,8435,10832,5545,95,ITF,ITF6,18,Calabria,Calabria,1947131,194036,9.97,0.85
3207,2021-03-09,CAL,6554,3426,3128,5496,991,67,ITF,ITF6,18,Calabria,Calabria,1947131,200590,10.3,0.34
3208,2021-02-20,CAL,1489,781,708,1149,326,14,ITF,ITF6,18,Calabria,Calabria,1947131,202079,10.38,0.08
3209,2021-05-31,CAL,15298,7346,7952,7310,7907,81,ITF,ITF6,18,Calabria,Calabria,1947131,217377,11.16,0.79
3210,2021-07-27,CAL,17578,8987,8591,5016,12480,82,ITF,ITF6,18,Calabria,Calabria,1947131,234955,12.07,0.9
3211,2021-01-06,CAL,952,516,436,952,0,0,ITF,ITF6,18,Calabria,Calabria,1947131,235907,12.12,0.05
3212,2021-04-16,CAL,10303,5031,5272,8626,1624,53,ITF,ITF6,18,Calabria,Calabria,1947131,246210,12.64,0.53
3213,2021-02-18,CAL,1874,865,1009,1624,232,18,ITF,ITF6,18,Calabria,Calabria,1947131,248084,12.74,0.1
3214,2021-08-03,CAL,14098,7128,6970,3914,10113,71,ITF,ITF6,18,Calabria,Calabria,1947131,262182,13.47,0.72
3215,2021-06-21,CAL,15403,7092,8311,7995,7369,39,ITF,ITF6,18,Calabria,Calabria,1947131,277585,14.26,0.79
3216,2021-01-18,CAL,1306,592,714,1054,248,4,ITF,ITF6,18,Calabria,Calabria,1947131,278891,14.32,0.07
3217,2021-07-03,CAL,15169,7143,8026,5274,9818,77,ITF,ITF6,18,Calabria,Calabria,1947131,294060,15.1,0.78
3218,2021-04-11,CAL,4206,1911,2295,2241,1948,17,ITF,ITF6,18,Calabria,Calabria,1947131,298266,15.32,0.22
3219,2021-07-20,CAL,17490,8479,9011,3204,14217,69,ITF,ITF6,18,Calabria,Calabria,1947131,315756,16.22,0.9
3220,2021-06-07,CAL,18010,8426,9584,14715,3214,81,ITF,ITF6,18,Calabria,Calabria,1947131,333766,17.14,0.92
3221,2021-05-24,CAL,17780,8909,8871,9937,7761,82,ITF,ITF6,18,Calabria,Calabria,1947131,351546,18.05,0.91
3222,2021-05-07,CAL,16235,7646,8589,9661,6496,78,ITF,ITF6,18,Calabria,Calabria,1947131,367781,18.89,0.83
3223,2021-02-13,CAL,1413,611,802,1041,369,3,ITF,ITF6,18,Calabria,Calabria,1947131,369194,18.96,0.07
3224,2021-07-29,CAL,17584,8763,8821,4714,12769,101,ITF,ITF6,18,Calabria,Calabria,1947131,386778,19.86,0.9
3225,2021-02-11,CAL,2352,1051,1301,1063,1267,22,ITF,ITF6,18,Calabria,Calabria,1947131,389130,19.98,0.12
3226,2021-01-30,CAL,2208,1169,1039,306,1899,3,ITF,ITF6,18,Calabria,Calabria,1947131,391338,20.1,0.11
3227,2021-02-17,CAL,1875,831,1044,1646,212,17,ITF,ITF6,18,Calabria,Calabria,1947131,393213,20.19,0.1
3228,2021-07-24,CAL,18000,9260,8740,4572,13333,95,ITF,ITF6,18,Calabria,Calabria,1947131,411213,21.12,0.92
3229,2021-05-28,CAL,20995,10204,10791,11422,9461,112,ITF,ITF6,18,Calabria,Calabria,1947131,432208,22.2,1.08
3230,2021-04-15,CAL,7774,3812,3962,5981,1747,46,ITF,ITF6,18,Calabria,Calabria,1947131,439982,22.6,0.4
3231,2021-04-01,CAL,8682,3951,4731,4152,4493,37,ITF,ITF6,18,Calabria,Calabria,1947131,448664,23.04,0.45
3232,2021-05-26,CAL,18731,9327,9404,10323,8315,93,ITF,ITF6,18,Calabria,Calabria,1947131,467395,24.0,0.96
3233,2021-03-30,CAL,6485,2829,3656,3652,2813,20,ITF,ITF6,18,Calabria,Calabria,1947131,473880,24.34,0.33
3234,2021-05-19,CAL,18321,9080,9241,11262,6986,73,ITF,ITF6,18,Calabria,Calabria,1947131,492201,25.28,0.94
3235,2021-03-23,CAL,5267,2470,2797,3423,1822,22,ITF,ITF6,18,Calabria,Calabria,1947131,497468,25.55,0.27
3236,2021-02-25,CAL,2911,1569,1342,2272,599,40,ITF,ITF6,18,Calabria,Calabria,1947131,500379,25.7,0.15
3237,2021-03-11,CAL,7296,3470,3826,5954,1294,48,ITF,ITF6,18,Calabria,Calabria,1947131,507675,26.07,0.37
3238,2021-06-19,CAL,15849,7417,8432,8499,7282,68,ITF,ITF6,18,Calabria,Calabria,1947131,523524,26.89,0.81
3239,2021-01-04,CAL,1074,532,542,1071,0,3,ITF,ITF6,18,Calabria,Calabria,1947131,524598,26.94,0.06
3240,2021-04-23,CAL,13138,6453,6685,9438,3604,96,ITF,ITF6,18,Calabria,Calabria,1947131,537736,27.62,0.67
3241,2021-01-13,CAL,2095,1057,1038,2083,0,12,ITF,ITF6,18,Calabria,Calabria,1947131,539831,27.72,0.11
3242,2021-06-23,CAL,17230,7870,9360,8149,9000,81,ITF,ITF6,18,Calabria,Calabria,1947131,557061,28.61,0.88
3243,2021-04-13,CAL,6951,3414,3537,5601,1328,22,ITF,ITF6,18,Calabria,Calabria,1947131,564012,28.97,0.36
3244,2021-01-20,CAL,1409,630,779,1405,1,3,ITF,ITF6,18,Calabria,Calabria,1947131,565421,29.04,0.07
3245,2021-01-03,CAL,6,3,3,6,0,0,ITF,ITF6,18,Calabria,Calabria,1947131,565427,29.04,0.0
3246,2021-03-27,CAL,8828,4020,4808,4661,4122,45,ITF,ITF6,18,Calabria,Calabria,1947131,574255,29.49,0.45
3247,2021-07-05,CAL,13394,6258,7136,4283,9052,59,ITF,ITF6,18,Calabria,Calabria,1947131,587649,30.18,0.69
3248,2021-03-08,CAL,5512,2988,2524,4402,1079,31,ITF,ITF6,18,Calabria,Calabria,1947131,593161,30.46,0.28
3249,2021-06-11,CAL,17827,8759,9068,15128,2575,124,ITF,ITF6,18,Calabria,Calabria,1947131,610988,31.38,0.92
3250,2021-01-08,CAL,2196,1049,1147,2189,0,7,ITF,ITF6,18,Calabria,Calabria,1947131,613184,31.49,0.11
3251,2021-03-18,CAL,4471,2095,2376,2336,2111,24,ITF,ITF6,18,Calabria,Calabria,1947131,617655,31.72,0.23
3252,2021-02-27,CAL,4036,2078,1958,3646,383,7,ITF,ITF6,18,Calabria,Calabria,1947131,621691,31.93,0.21
3253,2021-07-31,CAL,13796,7057,6739,3638,10086,72,ITF,ITF6,18,Calabria,Calabria,1947131,635487,32.64,0.71
3254,2021-05-23,CAL,11391,5552,5839,6998,4350,43,ITF,ITF6,18,Calabria,Calabria,1947131,646878,33.22,0.59
3255,2021-03-01,CAL,2742,1556,1186,2279,459,4,ITF,ITF6,18,Calabria,Calabria,1947131,649620,33.36,0.14
3256,2021-06-09,CAL,18247,8615,9632,15901,2262,84,ITF,ITF6,18,Calabria,Calabria,1947131,667867,34.3,0.94
3257,2021-07-15,CAL,18299,8817,9482,2530,15723,46,ITF,ITF6,18,Calabria,Calabria,1947131,686166,35.24,0.94
3258,2021-02-15,CAL,1177,565,612,1009,163,5,ITF,ITF6,18,Calabria,Calabria,1947131,687343,35.3,0.06
3259,2021-04-08,CAL,9343,4424,4919,5820,3475,48,ITF,ITF6,18,Calabria,Calabria,1947131,696686,35.78,0.48
3260,2021-02-10,CAL,2522,1084,1438,873,1634,15,ITF,ITF6,18,Calabria,Calabria,1947131,699208,35.91,0.13
3261,2021-07-17,CAL,18333,9045,9288,2712,15555,66,ITF,ITF6,18,Calabria,Calabria,1947131,717541,36.85,0.94
3262,2021-06-04,CAL,17543,8160,9383,12959,4515,69,ITF,ITF6,18,Calabria,Calabria,1947131,735084,37.75,0.9
3263,2021-05-21,CAL,21350,10873,10477,13855,7384,111,ITF,ITF6,18,Calabria,Calabria,1947131,756434,38.85,1.1
3264,2021-05-14,CAL,19936,9578,10358,12944,6881,111,ITF,ITF6,18,Calabria,Calabria,1947131,776370,39.87,1.02
3265,2021-04-27,CAL,9973,4905,5068,7962,1963,48,ITF,ITF6,18,Calabria,Calabria,1947131,786343,40.38,0.51
3266,2021-02-03,CAL,2866,1475,1391,525,2336,5,ITF,ITF6,18,Calabria,Calabria,1947131,789209,40.53,0.15
3267,2021-07-19,CAL,18994,9100,9894,3022,15924,48,ITF,ITF6,18,Calabria,Calabria,1947131,808203,41.51,0.98
3268,2021-08-05,CAL,12460,6283,6177,3877,8489,94,ITF,ITF6,18,Calabria,Calabria,1947131,820663,42.15,0.64
3269,2021-03-25,CAL,7524,3551,3973,4578,2912,34,ITF,ITF6,18,Calabria,Calabria,1947131,828187,42.53,0.39
3270,2021-06-16,CAL,18338,8475,9863,12125,6123,90,ITF,ITF6,18,Calabria,Calabria,1947131,846525,43.48,0.94
3271,2021-03-13,CAL,6997,3035,3962,5937,1025,35,ITF,ITF6,18,Calabria,Calabria,1947131,853522,43.83,0.36
3272,2021-01-15,CAL,2816,1265,1551,2810,0,6,ITF,ITF6,18,Calabria,Calabria,1947131,856338,43.98,0.14
3273,2021-04-25,CAL,15897,8067,7830,14801,1028,68,ITF,ITF6,18,Calabria,Calabria,1947131,872235,44.8,0.82
3274,2021-07-12,CAL,17969,8533,9436,2675,15245,49,ITF,ITF6,18,Calabria,Calabria,1947131,890204,45.72,0.92
3275,2021-01-10,CAL,949,535,414,949,0,0,ITF,ITF6,18,Calabria,Calabria,1947131,891153,45.77,0.05
3276,2021-04-20,CAL,7883,3980,3903,6067,1742,74,ITF,ITF6,18,Calabria,Calabria,1947131,899036,46.17,0.4
3277,2021-02-12,CAL,1721,679,1042,942,773,6,ITF,ITF6,18,Calabria,Calabria,1947131,900757,46.26,0.09
3278,2021-01-27,CAL,1490,756,734,386,1103,1,ITF,ITF6,18,Calabria,Calabria,1947131,902247,46.34,0.08
3279,2021-02-14,CAL,489,227,262,451,37,1,ITF,ITF6,18,Calabria,Calabria,1947131,902736,46.36,0.03
3280,2021-05-25,CAL,16422,8045,8377,10214,6121,87,ITF,ITF6,18,Calabria,Calabria,1947131,919158,47.21,0.84
3281,2021-01-05,CAL,1544,727,817,1542,0,2,ITF,ITF6,18,Calabria,Calabria,1947131,920702,47.29,0.08
3282,2021-01-12,CAL,2090,1034,1056,2081,0,9,ITF,ITF6,18,Calabria,Calabria,1947131,922792,47.39,0.11
3283,2020-12-27,CAL,316,169,147,316,0,0,ITF,ITF6,18,Calabria,Calabria,1947131,923108,47.41,0.02
3284,2021-04-06,CAL,8165,3721,4444,4466,3669,30,ITF,ITF6,18,Calabria,Calabria,1947131,931273,47.83,0.42
3285,2021-02-08,CAL,1877,747,1130,667,1207,3,ITF,ITF6,18,Calabria,Calabria,1947131,933150,47.92,0.1
3286,2021-04-24,CAL,19289,9599,9690,15756,3448,85,ITF,ITF6,18,Calabria,Calabria,1947131,952439,48.91,0.99
3287,2021-02-26,CAL,3137,1670,1467,2660,462,15,ITF,ITF6,18,Calabria,Calabria,1947131,955576,49.08,0.16
3288,2021-08-02,CAL,15066,7534,7532,3721,11289,56,ITF,ITF6,18,Calabria,Calabria,1947131,970642,49.85,0.77
3289,2021-06-18,CAL,18909,8803,10106,11286,7508,115,ITF,ITF6,18,Calabria,Calabria,1947131,989551,50.82,0.97
3290,2021-03-10,CAL,6849,3479,3370,5463,1350,36,ITF,ITF6,18,Calabria,Calabria,1947131,996400,51.17,0.35
3291,2021-06-01,CAL,12876,5971,6905,7885,4932,59,ITF,ITF6,18,Calabria,Calabria,1947131,1009276,51.83,0.66
3292,2021-05-13,CAL,15970,7685,8285,11177,4721,72,ITF,ITF6,18,Calabria,Calabria,1947131,1025246,52.65,0.82
3293,2021-02-22,CAL,2083,1060,1023,1513,561,9,ITF,ITF6,18,Calabria,Calabria,1947131,1027329,52.76,0.11
3294,2021-06-02,CAL,12099,5800,6299,8786,3266,47,ITF,ITF6,18,Calabria,Calabria,1947131,1039428,53.38,0.62
3295,2021-08-07,CAL,9481,4850,4631,3017,6400,64,ITF,ITF6,18,Calabria,Calabria,1947131,1048909,53.87,0.49
3296,2021-05-16,CAL,13811,6738,7073,9920,3837,54,ITF,ITF6,18,Calabria,Calabria,1947131,1062720,54.58,0.71
3297,2021-07-21,CAL,22064,10595,11469,4496,17456,112,ITF,ITF6,18,Calabria,Calabria,1947131,1084784,55.71,1.13
3298,2021-01-17,CAL,906,436,470,801,99,6,ITF,ITF6,18,Calabria,Calabria,1947131,1085690,55.76,0.05
3299,2021-06-30,CAL,16387,7506,8881,7022,9265,100,ITF,ITF6,18,Calabria,Calabria,1947131,1102077,56.6,0.84
3300,2021-06-28,CAL,13299,6122,7177,5374,7858,67,ITF,ITF6,18,Calabria,Calabria,1947131,1115376,57.28,0.68
3301,2021-03-20,CAL,6751,3093,3658,4180,2555,16,ITF,ITF6,18,Calabria,Calabria,1947131,1122127,57.63,0.35
3302,2021-06-27,CAL,8422,3945,4477,4987,3395,40,ITF,ITF6,18,Calabria,Calabria,1947131,1130549,58.06,0.43
3303,2021-04-03,CAL,9437,4079,5358,4521,4855,61,ITF,ITF6,18,Calabria,Calabria,1947131,1139986,58.55,0.48
3304,2021-01-26,CAL,1886,904,982,269,1616,1,ITF,ITF6,18,Calabria,Calabria,1947131,1141872,58.64,0.1
3305,2021-07-28,CAL,21373,10729,10644,5893,15371,109,ITF,ITF6,18,Calabria,Calabria,1947131,1163245,59.74,1.1
3306,2021-04-22,CAL,9825,4910,4915,6849,2925,51,ITF,ITF6,18,Calabria,Calabria,1947131,1173070,60.25,0.5
3307,2021-05-06,CAL,13322,6306,7016,8926,4325,71,ITF,ITF6,18,Calabria,Calabria,1947131,1186392,60.93,0.68
3308,2021-08-14,CAL,1817,977,840,555,1250,12,ITF,ITF6,18,Calabria,Calabria,1947131,1188209,61.02,0.09
3309,2021-07-14,CAL,22616,10666,11950,4150,18390,76,ITF,ITF6,18,Calabria,Calabria,1947131,1210825,62.19,1.16
3310,2021-04-05,CAL,3643,1728,1915,2672,959,12,ITF,ITF6,18,Calabria,Calabria,1947131,1214468,62.37,0.19
3311,2021-02-24,CAL,1940,989,951,1454,480,6,ITF,ITF6,18,Calabria,Calabria,1947131,1216408,62.47,0.1
3312,2021-03-03,CAL,5097,2784,2313,3996,1088,13,ITF,ITF6,18,Calabria,Calabria,1947131,1221505,62.73,0.26
3313,2021-08-04,CAL,16007,8114,7893,4254,11653,100,ITF,ITF6,18,Calabria,Calabria,1947131,1237512,63.56,0.82
3314,2021-06-20,CAL,6651,3150,3501,3815,2808,28,ITF,ITF6,18,Calabria,Calabria,1947131,1244163,63.9,0.34
3315,2021-06-06,CAL,13795,6632,7163,12012,1713,70,ITF,ITF6,18,Calabria,Calabria,1947131,1257958,64.61,0.71
3316,2021-01-07,CAL,2217,1087,1130,2213,0,4,ITF,ITF6,18,Calabria,Calabria,1947131,1260175,64.72,0.11
3317,2021-06-13,CAL,6844,3357,3487,5730,1059,55,ITF,ITF6,18,Calabria,Calabria,1947131,1267019,65.07,0.35
3318,2021-04-17,CAL,10850,5076,5774,9014,1787,49,ITF,ITF6,18,Calabria,Calabria,1947131,1277869,65.63,0.56
3319,2021-02-19,CAL,1516,686,830,1243,264,9,ITF,ITF6,18,Calabria,Calabria,1947131,1279385,65.71,0.08
3320,2021-05-30,CAL,10994,5297,5697,6807,4153,34,ITF,ITF6,18,Calabria,Calabria,1947131,1290379,66.27,0.56
3321,2021-05-17,CAL,14913,7466,7447,10146,4715,52,ITF,ITF6,18,Calabria,Calabria,1947131,1305292,67.04,0.77
3322,2021-03-24,CAL,7893,3614,4279,4520,3350,23,ITF,ITF6,18,Calabria,Calabria,1947131,1313185,67.44,0.41
3323,2021-04-10,CAL,11712,5304,6408,6804,4862,46,ITF,ITF6,18,Calabria,Calabria,1947131,1324897,68.04,0.6
3324,2021-02-05,CAL,3861,1744,2117,473,3373,15,ITF,ITF6,18,Calabria,Calabria,1947131,1328758,68.24,0.2
3325,2021-03-15,CAL,3645,1760,1885,2166,1469,10,ITF,ITF6,18,Calabria,Calabria,1947131,1332403,68.43,0.19
3326,2021-07-02,CAL,16275,7534,8741,6250,9943,82,ITF,ITF6,18,Calabria,Calabria,1947131,1348678,69.26,0.84
3327,2021-05-20,CAL,16991,8502,8489,11270,5654,67,ITF,ITF6,18,Calabria,Calabria,1947131,1365669,70.14,0.87
3328,2021-02-07,CAL,868,432,436,143,723,2,ITF,ITF6,18,Calabria,Calabria,1947131,1366537,70.18,0.04
3329,2021-05-18,CAL,15339,7675,7664,11847,3424,68,ITF,ITF6,18,Calabria,Calabria,1947131,1381876,70.97,0.79
3330,2021-03-22,CAL,4984,2342,2642,3180,1779,25,ITF,ITF6,18,Calabria,Calabria,1947131,1386860,71.23,0.26
3331,2021-01-28,CAL,2297,1141,1156,79,2218,0,ITF,ITF6,18,Calabria,Calabria,1947131,1389157,71.34,0.12
3332,2021-08-13,CAL,7594,3921,3673,2446,5079,69,ITF,ITF6,18,Calabria,Calabria,1947131,1396751,71.73,0.39
3333,2021-05-08,CAL,18527,8421,10106,10518,7940,69,ITF,ITF6,18,Calabria,Calabria,1947131,1415278,72.69,0.95
3334,2021-05-22,CAL,22198,10565,11633,14214,7893,91,ITF,ITF6,18,Calabria,Calabria,1947131,1437476,73.83,1.14
3335,2021-04-21,CAL,11597,5826,5771,8622,2918,57,ITF,ITF6,18,Calabria,Calabria,1947131,1449073,74.42,0.6
3336,2021-07-30,CAL,19724,10055,9669,5516,14087,121,ITF,ITF6,18,Calabria,Calabria,1947131,1468797,75.43,1.01
3337,2021-04-02,CAL,8538,3911,4627,4578,3927,33,ITF,ITF6,18,Calabria,Calabria,1947131,1477335,75.87,0.44
3338,2021-06-08,CAL,16680,7901,8779,14518,2040,122,ITF,ITF6,18,Calabria,Calabria,1947131,1494015,76.73,0.86
3339,2021-03-17,CAL,4170,1864,2306,2187,1973,10,ITF,ITF6,18,Calabria,Calabria,1947131,1498185,76.94,0.21
3340,2021-06-25,CAL,18827,8742,10085,8070,10672,85,ITF,ITF6,18,Calabria,Calabria,1947131,1517012,77.91,0.97
3341,2021-07-13,CAL,17430,8156,9274,2313,15050,67,ITF,ITF6,18,Calabria,Calabria,1947131,1534442,78.81,0.9
3342,2021-06-29,CAL,13068,6039,7029,5359,7658,51,ITF,ITF6,18,Calabria,Calabria,1947131,1547510,79.48,0.67
3343,2021-05-03,CAL,14840,6799,8041,10467,4285,88,ITF,ITF6,18,Calabria,Calabria,1947131,1562350,80.24,0.76
3344,2021-03-21,CAL,4462,1929,2533,2728,1723,11,ITF,ITF6,18,Calabria,Calabria,1947131,1566812,80.47,0.23
3345,2021-03-07,CAL,3407,1740,1667,3300,93,14,ITF,ITF6,18,Calabria,Calabria,1947131,1570219,80.64,0.17
3346,2021-08-11,CAL,11050,5667,5383,3521,7414,115,ITF,ITF6,18,Calabria,Calabria,1947131,1581269,81.21,0.57
3347,2021-05-01,CAL,16742,7978,8764,12408,4247,87,ITF,ITF6,18,Calabria,Calabria,1947131,1598011,82.07,0.86
3348,2021-03-05,CAL,6243,3624,2619,5649,578,16,ITF,ITF6,18,Calabria,Calabria,1947131,1604254,82.39,0.32
3349,2021-08-09,CAL,13162,6713,6449,4640,8361,161,ITF,ITF6,18,Calabria,Calabria,1947131,1617416,83.07,0.68
3350,2021-07-26,CAL,18733,9303,9430,5178,13467,88,ITF,ITF6,18,Calabria,Calabria,1947131,1636149,84.03,0.96
3351,2021-03-12,CAL,5156,2469,2687,4073,1063,20,ITF,ITF6,18,Calabria,Calabria,1947131,1641305,84.29,0.26
3352,2021-01-14,CAL,2664,1265,1399,2658,0,6,ITF,ITF6,18,Calabria,Calabria,1947131,1643969,84.43,0.14
3353,2021-02-21,CAL,652,301,351,573,78,1,ITF,ITF6,18,Calabria,Calabria,1947131,1644621,84.46,0.03
3354,2021-04-28,CAL,12574,6098,6476,9626,2876,72,ITF,ITF6,18,Calabria,Calabria,1947131,1657195,85.11,0.65
3355,2021-02-04,CAL,3669,1746,1923,646,3017,6,ITF,ITF6,18,Calabria,Calabria,1947131,1660864,85.3,0.19
3356,2021-05-15,CAL,27264,13045,14219,20264,6865,135,ITF,ITF6,18,Calabria,Calabria,1947131,1688128,86.7,1.4
3357,2021-08-06,CAL,15610,7927,7683,5081,10400,129,ITF,ITF6,18,Calabria,Calabria,1947131,1703738,87.5,0.8
3358,2021-02-02,CAL,2373,1170,1203,176,2197,0,ITF,ITF6,18,Calabria,Calabria,1947131,1706111,87.62,0.12
3359,2021-01-16,CAL,2417,1133,1284,2414,0,3,ITF,ITF6,18,Calabria,Calabria,1947131,1708528,87.75,0.12
3360,2021-04-29,CAL,12505,6083,6422,8657,3794,54,ITF,ITF6,18,Calabria,Calabria,1947131,1721033,88.39,0.64
3361,2021-04-12,CAL,7033,3423,3610,5353,1656,24,ITF,ITF6,18,Calabria,Calabria,1947131,1728066,88.75,0.36
3362,2021-01-19,CAL,1132,499,633,1117,13,2,ITF,ITF6,18,Calabria,Calabria,1947131,1729198,88.81,0.06
3363,2021-07-04,CAL,5950,2819,3131,1992,3922,36,ITF,ITF6,18,Calabria,Calabria,1947131,1735148,89.11,0.31
3364,2021-06-17,CAL,15819,7227,8592,9597,6168,54,ITF,ITF6,18,Calabria,Calabria,1947131,1750967,89.93,0.81
3365,2021-03-26,CAL,8104,3847,4257,4943,3131,30,ITF,ITF6,18,Calabria,Calabria,1947131,1759071,90.34,0.42
3366,2021-02-09,CAL,2170,917,1253,949,1212,9,ITF,ITF6,18,Calabria,Calabria,1947131,1761241,90.45,0.11
3367,2021-06-24,CAL,15403,7018,8385,6979,8344,80,ITF,ITF6,18,Calabria,Calabria,1947131,1776644,91.24,0.79
3368,2021-03-19,CAL,4236,1980,2256,1887,2342,7,ITF,ITF6,18,Calabria,Calabria,1947131,1780880,91.46,0.22
3369,2021-07-11,CAL,6428,2983,3445,845,5573,10,ITF,ITF6,18,Calabria,Calabria,1947131,1787308,91.79,0.33
3370,2021-06-10,CAL,15892,7331,8561,12985,2807,100,ITF,ITF6,18,Calabria,Calabria,1947131,1803200,92.61,0.82
3371,2021-04-19,CAL,7892,3810,4082,6164,1681,47,ITF,ITF6,18,Calabria,Calabria,1947131,1811092,93.01,0.41
3372,2021-01-09,CAL,2058,1107,951,2050,0,8,ITF,ITF6,18,Calabria,Calabria,1947131,1813150,93.12,0.11
3373,2021-06-15,CAL,15157,7052,8105,10237,4828,92,ITF,ITF6,18,Calabria,Calabria,1947131,1828307,93.9,0.78
3374,2021-03-14,CAL,2756,1067,1689,2282,467,7,ITF,ITF6,18,Calabria,Calabria,1947131,1831063,94.04,0.14
3375,2021-06-22,CAL,14622,6917,7705,7379,7147,96,ITF,ITF6,18,Calabria,Calabria,1947131,1845685,94.79,0.75
3376,2021-05-10,CAL,13168,6125,7043,7701,5410,57,ITF,ITF6,18,Calabria,Calabria,1947131,1858853,95.47,0.68
3377,2021-04-26,CAL,10190,5059,5131,7713,2429,48,ITF,ITF6,18,Calabria,Calabria,1947131,1869043,95.99,0.52
3378,2021-01-21,CAL,981,459,522,945,33,3,ITF,ITF6,18,Calabria,Calabria,1947131,1870024,96.04,0.05
3379,2021-07-06,CAL,12496,5754,6742,3836,8594,66,ITF,ITF6,18,Calabria,Calabria,1947131,1882520,96.68,0.64
3380,2021-01-02,CAL,166,94,72,166,0,0,ITF,ITF6,18,Calabria,Calabria,1947131,1882686,96.69,0.01
3381,2021-05-29,CAL,19288,8957,10331,9350,9863,75,ITF,ITF6,18,Calabria,Calabria,1947131,1901974,97.68,0.99
3382,2021-07-25,CAL,6949,3571,3378,1469,5448,32,ITF,ITF6,18,Calabria,Calabria,1947131,1908923,98.04,0.36
3383,2021-04-14,CAL,8089,3905,4184,6589,1451,49,ITF,ITF6,18,Calabria,Calabria,1947131,1917012,98.45,0.42
3384,2021-02-16,CAL,1751,744,1007,1464,282,5,ITF,ITF6,18,Calabria,Calabria,1947131,1918763,98.54,0.09
3385,2021-07-23,CAL,22734,11346,11388,5554,17084,96,ITF,ITF6,18,Calabria,Calabria,1947131,1941497,99.71,1.17
3386,2021-05-27,CAL,17664,8736,8928,9772,7811,81,ITF,ITF6,18,Calabria,Calabria,1947131,1959161,100.62,0.91
3387,2021-02-28,CAL,2362,1077,1285,2204,155,3,ITF,ITF6,18,Calabria,Calabria,1947131,1961523,100.74,0.12
3388,2021-08-01,CAL,4896,2563,2333,1174,3698,24,ITF,ITF6,18,Calabria,Calabria,1947131,1966419,100.99,0.25
3389,2021-03-06,CAL,8520,4387,4133,7687,810,23,ITF,ITF6,18,Calabria,Calabria,1947131,1974939,101.43,0.44
3390,2021-05-09,CAL,9672,4515,5157,6049,3579,44,ITF,ITF6,18,Calabria,Calabria,1947131,1984611,101.92,0.5
3391,2021-01-29,CAL,2076,1003,1073,226,1849,1,ITF,ITF6,18,Calabria,Calabria,1947131,1986687,102.03,0.11
3392,2021-05-04,CAL,16501,7612,8889,11641,4769,91,ITF,ITF6,18,Calabria,Calabria,1947131,2003188,102.88,0.85
3393,2021-08-12,CAL,7642,3876,3766,2803,4664,175,ITF,ITF6,18,Calabria,Calabria,1947131,2010830,103.27,0.39
3394,2021-01-22,CAL,660,276,384,658,2,0,ITF,ITF6,18,Calabria,Calabria,1947131,2011490,103.31,0.03
3395,2021-05-02,CAL,12548,5858,6690,10589,1898,61,ITF,ITF6,18,Calabria,Calabria,1947131,2024038,103.95,0.64
3396,2021-03-29,CAL,5775,2495,3280,3982,1769,24,ITF,ITF6,18,Calabria,Calabria,1947131,2029813,104.25,0.3
3397,2021-01-31,CAL,1125,560,565,150,975,0,ITF,ITF6,18,Calabria,Calabria,1947131,2030938,104.3,0.06
3398,2021-07-07,CAL,13965,6582,7383,3905,9986,74,ITF,ITF6,18,Calabria,Calabria,1947131,2044903,105.02,0.72
3399,2021-05-11,CAL,15115,7320,7795,10242,4804,69,ITF,ITF6,18,Calabria,Calabria,1947131,2060018,105.8,0.78
3400,2021-07-16,CAL,21044,10029,11015,3383,17591,70,ITF,ITF6,18,Calabria,Calabria,1947131,2081062,106.88,1.08
3401,2021-01-24,CAL,47,20,27,41,6,0,ITF,ITF6,18,Calabria,Calabria,1947131,2081109,106.88,0.0
3402,2021-07-09,CAL,15677,7307,8370,3643,11965,69,ITF,ITF6,18,Calabria,Calabria,1947131,2096786,107.69,0.81
3403,2020-12-28,CAL,6,2,4,6,0,0,ITF,ITF6,18,Calabria,Calabria,1947131,2096792,107.69,0.0
3404,2021-06-03,CAL,14248,6654,7594,9590,4603,55,ITF,ITF6,18,Calabria,Calabria,1947131,2111040,108.42,0.73
3405,2021-04-07,CAL,9162,4165,4997,5050,4061,51,ITF,ITF6,18,Calabria,Calabria,1947131,2120202,108.89,0.47
3406,2021-02-23,CAL,1609,760,849,1485,119,5,ITF,ITF6,18,Calabria,Calabria,1947131,2121811,108.97,0.08
3407,2021-03-31,CAL,9155,4182,4973,5068,4053,34,ITF,ITF6,18,Calabria,Calabria,1947131,2130966,109.44,0.47
3408,2021-04-09,CAL,8009,3757,4252,5035,2892,82,ITF,ITF6,18,Calabria,Calabria,1947131,2138975,109.85,0.41
3409,2021-07-18,CAL,8785,4205,4580,1276,7477,32,ITF,ITF6,18,Calabria,Calabria,1947131,2147760,110.3,0.45
3410,2021-06-05,CAL,20744,9705,11039,17624,3041,79,ITF,ITF6,18,Calabria,Calabria,1947131,2168504,111.37,1.07
3411,2021-05-24,PIE,28987,13421,15566,16634,11971,382,ITC,ITC1,1,Piemonte,Piemonte,4356406,28987,0.67,0.67
3412,2021-03-02,PIE,11318,4612,6706,10316,813,189,ITC,ITC1,1,Piemonte,Piemonte,4356406,40305,0.93,0.26
3413,2021-06-07,PIE,34908,17868,17040,29494,4801,613,ITC,ITC1,1,Piemonte,Piemonte,4356406,75213,1.73,0.8
3414,2021-08-03,PIE,30069,15738,14331,9292,20352,425,ITC,ITC1,1,Piemonte,Piemonte,4356406,105282,2.42,0.69
3415,2021-07-06,PIE,38281,19388,18893,8644,29101,536,ITC,ITC1,1,Piemonte,Piemonte,4356406,143563,3.3,0.88
3416,2021-03-28,PIE,16062,6897,9165,8115,7619,328,ITC,ITC1,1,Piemonte,Piemonte,4356406,159625,3.66,0.37
3417,2021-07-20,PIE,39033,20534,18499,5732,32733,568,ITC,ITC1,1,Piemonte,Piemonte,4356406,198658,4.56,0.9
3418,2021-04-11,PIE,20831,9321,11510,18221,2150,460,ITC,ITC1,1,Piemonte,Piemonte,4356406,219489,5.04,0.48
3419,2021-01-04,PIE,5564,1679,3885,5563,0,1,ITC,ITC1,1,Piemonte,Piemonte,4356406,225053,5.17,0.13
3420,2021-04-28,PIE,26052,11742,14310,15462,10050,540,ITC,ITC1,1,Piemonte,Piemonte,4356406,251105,5.76,0.6
3421,2021-01-18,PIE,6168,2046,4122,5914,250,4,ITC,ITC1,1,Piemonte,Piemonte,4356406,257273,5.91,0.14
3422,2021-06-19,PIE,40068,20323,19745,22860,16663,545,ITC,ITC1,1,Piemonte,Piemonte,4356406,297341,6.83,0.92
3423,2021-02-04,PIE,10212,3344,6868,581,9629,2,ITC,ITC1,1,Piemonte,Piemonte,4356406,307553,7.06,0.23
3424,2021-03-23,PIE,13197,5566,7631,6637,6244,316,ITC,ITC1,1,Piemonte,Piemonte,4356406,320750,7.36,0.3
3425,2021-01-16,PIE,7761,2623,5138,7754,0,7,ITC,ITC1,1,Piemonte,Piemonte,4356406,328511,7.54,0.18
3426,2021-07-08,PIE,40956,20949,20007,7433,32961,562,ITC,ITC1,1,Piemonte,Piemonte,4356406,369467,8.48,0.94
3427,2021-02-11,PIE,6762,2105,4657,2983,3760,19,ITC,ITC1,1,Piemonte,Piemonte,4356406,376229,8.64,0.16
3428,2021-04-09,PIE,25876,11393,14483,20802,4503,571,ITC,ITC1,1,Piemonte,Piemonte,4356406,402105,9.23,0.59
3429,2020-12-30,PIE,733,322,411,733,0,0,ITC,ITC1,1,Piemonte,Piemonte,4356406,402838,9.25,0.02
3430,2021-06-05,PIE,36948,18925,18023,31861,4456,631,ITC,ITC1,1,Piemonte,Piemonte,4356406,439786,10.1,0.85
3431,2021-02-25,PIE,12251,5285,6966,11524,544,183,ITC,ITC1,1,Piemonte,Piemonte,4356406,452037,10.38,0.28
3432,2021-07-15,PIE,42522,21986,20536,4072,37993,457,ITC,ITC1,1,Piemonte,Piemonte,4356406,494559,11.35,0.98
3433,2021-08-01,PIE,27083,14344,12739,8403,18261,419,ITC,ITC1,1,Piemonte,Piemonte,4356406,521642,11.97,0.62
3434,2021-04-23,PIE,27435,12602,14833,19980,6765,690,ITC,ITC1,1,Piemonte,Piemonte,4356406,549077,12.6,0.63
3435,2021-05-19,PIE,33110,15282,17828,21395,11131,584,ITC,ITC1,1,Piemonte,Piemonte,4356406,582187,13.36,0.76
3436,2021-03-14,PIE,8205,3338,4867,5172,2897,136,ITC,ITC1,1,Piemonte,Piemonte,4356406,590392,13.55,0.19
3437,2021-05-10,PIE,29019,14003,15016,15276,13130,613,ITC,ITC1,1,Piemonte,Piemonte,4356406,619411,14.22,0.67
3438,2021-01-30,PIE,5989,2142,3847,216,5772,1,ITC,ITC1,1,Piemonte,Piemonte,4356406,625400,14.36,0.14
3439,2021-06-24,PIE,39200,19679,19521,18295,20316,589,ITC,ITC1,1,Piemonte,Piemonte,4356406,664600,15.26,0.9
3440,2021-03-16,PIE,10518,4271,6247,4367,6058,93,ITC,ITC1,1,Piemonte,Piemonte,4356406,675118,15.5,0.24
3441,2021-05-12,PIE,31903,15193,16710,18360,12921,622,ITC,ITC1,1,Piemonte,Piemonte,4356406,707021,16.23,0.73
3442,2021-06-12,PIE,42605,22462,20143,39200,2627,778,ITC,ITC1,1,Piemonte,Piemonte,4356406,749626,17.21,0.98
3443,2021-07-12,PIE,39173,20207,18966,4548,34158,467,ITC,ITC1,1,Piemonte,Piemonte,4356406,788799,18.11,0.9
3444,2021-07-29,PIE,36529,18987,17542,9308,26574,647,ITC,ITC1,1,Piemonte,Piemonte,4356406,825328,18.95,0.84
3445,2021-04-20,PIE,25491,11673,13818,18524,6347,620,ITC,ITC1,1,Piemonte,Piemonte,4356406,850819,19.53,0.59
3446,2021-05-17,PIE,30959,14624,16335,17365,13188,406,ITC,ITC1,1,Piemonte,Piemonte,4356406,881778,20.24,0.71
3447,2021-02-06,PIE,7994,2664,5330,396,7596,2,ITC,ITC1,1,Piemonte,Piemonte,4356406,889772,20.42,0.18
3448,2021-02-23,PIE,9241,3718,5523,8483,584,174,ITC,ITC1,1,Piemonte,Piemonte,4356406,899013,20.64,0.21
3449,2021-05-31,PIE,29121,14065,15056,20132,8581,408,ITC,ITC1,1,Piemonte,Piemonte,4356406,928134,21.31,0.67
3450,2021-06-17,PIE,41109,20638,20471,24160,16337,612,ITC,ITC1,1,Piemonte,Piemonte,4356406,969243,22.25,0.94
3451,2021-03-09,PIE,14307,5729,8578,11734,2344,229,ITC,ITC1,1,Piemonte,Piemonte,4356406,983550,22.58,0.33
3452,2021-08-08,PIE,20203,10802,9401,8991,10905,307,ITC,ITC1,1,Piemonte,Piemonte,4356406,1003753,23.04,0.46
3453,2021-04-30,PIE,31941,14370,17571,17929,13334,678,ITC,ITC1,1,Piemonte,Piemonte,4356406,1035694,23.77,0.73
3454,2021-06-02,PIE,26715,13071,13644,21629,4645,441,ITC,ITC1,1,Piemonte,Piemonte,4356406,1062409,24.39,0.61
3455,2021-02-22,PIE,8481,3470,5011,7789,589,103,ITC,ITC1,1,Piemonte,Piemonte,4356406,1070890,24.58,0.19
3456,2020-12-28,PIE,1,1,0,1,0,0,ITC,ITC1,1,Piemonte,Piemonte,4356406,1070891,24.58,0.0
3457,2021-07-27,PIE,33718,17616,16102,8212,24950,556,ITC,ITC1,1,Piemonte,Piemonte,4356406,1104609,25.36,0.77
3458,2021-05-02,PIE,25140,11287,13853,14003,10745,392,ITC,ITC1,1,Piemonte,Piemonte,4356406,1129749,25.93,0.58
3459,2021-04-02,PIE,20153,8322,11831,11329,8429,395,ITC,ITC1,1,Piemonte,Piemonte,4356406,1149902,26.4,0.46
3460,2021-05-29,PIE,32809,15233,17576,20275,12175,359,ITC,ITC1,1,Piemonte,Piemonte,4356406,1182711,27.15,0.75
3461,2021-02-18,PIE,4794,2098,2696,4279,429,86,ITC,ITC1,1,Piemonte,Piemonte,4356406,1187505,27.26,0.11
3462,2021-07-25,PIE,28628,15193,13435,6568,21565,495,ITC,ITC1,1,Piemonte,Piemonte,4356406,1216133,27.92,0.66
3463,2021-04-16,PIE,28411,13210,15201,22659,4996,756,ITC,ITC1,1,Piemonte,Piemonte,4356406,1244544,28.57,0.65
3464,2021-01-23,PIE,4258,1326,2932,878,3378,2,ITC,ITC1,1,Piemonte,Piemonte,4356406,1248802,28.67,0.1
3465,2021-03-21,PIE,10726,4740,5986,4022,6534,170,ITC,ITC1,1,Piemonte,Piemonte,4356406,1259528,28.91,0.25
3466,2021-08-13,PIE,19789,10560,9229,11979,7162,648,ITC,ITC1,1,Piemonte,Piemonte,4356406,1279317,29.37,0.45
3467,2021-05-05,PIE,34648,16228,18420,20309,13659,680,ITC,ITC1,1,Piemonte,Piemonte,4356406,1313965,30.16,0.8
3468,2021-07-01,PIE,41896,20973,20923,19770,21126,1000,ITC,ITC1,1,Piemonte,Piemonte,4356406,1355861,31.12,0.96
3469,2021-06-26,PIE,41174,20953,20221,21924,18552,698,ITC,ITC1,1,Piemonte,Piemonte,4356406,1397035,32.07,0.95
3470,2021-07-13,PIE,38846,20044,18802,3653,34860,333,ITC,ITC1,1,Piemonte,Piemonte,4356406,1435881,32.96,0.89
3471,2021-04-04,PIE,9252,4057,5195,6391,2710,151,ITC,ITC1,1,Piemonte,Piemonte,4356406,1445133,33.17,0.21
3472,2021-04-21,PIE,25751,11836,13915,19735,5354,662,ITC,ITC1,1,Piemonte,Piemonte,4356406,1470884,33.76,0.59
3473,2021-01-11,PIE,8742,2979,5763,8736,0,6,ITC,ITC1,1,Piemonte,Piemonte,4356406,1479626,33.96,0.2
3474,2021-06-28,PIE,38411,19076,19335,15107,22727,577,ITC,ITC1,1,Piemonte,Piemonte,4356406,1518037,34.85,0.88
3475,2021-02-08,PIE,6919,2354,4565,661,6254,4,ITC,ITC1,1,Piemonte,Piemonte,4356406,1524956,35.0,0.16
3476,2021-05-07,PIE,33103,15664,17439,18360,14135,608,ITC,ITC1,1,Piemonte,Piemonte,4356406,1558059,35.76,0.76
3477,2021-01-27,PIE,4194,1451,2743,994,3198,2,ITC,ITC1,1,Piemonte,Piemonte,4356406,1562253,35.86,0.1
3478,2021-02-13,PIE,4159,1340,2819,2920,1224,15,ITC,ITC1,1,Piemonte,Piemonte,4356406,1566412,35.96,0.1
3479,2021-07-31,PIE,35610,18934,16676,10724,24588,298,ITC,ITC1,1,Piemonte,Piemonte,4356406,1602022,36.77,0.82
3480,2021-05-09,PIE,27151,12931,14220,13148,13620,383,ITC,ITC1,1,Piemonte,Piemonte,4356406,1629173,37.4,0.62
3481,2021-05-26,PIE,34166,15750,18416,15315,18497,354,ITC,ITC1,1,Piemonte,Piemonte,4356406,1663339,38.18,0.78
3482,2021-02-15,PIE,4427,1597,2830,3199,1205,23,ITC,ITC1,1,Piemonte,Piemonte,4356406,1667766,38.28,0.1
3483,2021-03-04,PIE,14709,5924,8785,11546,2943,220,ITC,ITC1,1,Piemonte,Piemonte,4356406,1682475,38.62,0.34
3484,2021-01-01,PIE,1040,396,644,1039,0,1,ITC,ITC1,1,Piemonte,Piemonte,4356406,1683515,38.64,0.02
3485,2021-07-05,PIE,35576,17797,17779,11686,23218,672,ITC,ITC1,1,Piemonte,Piemonte,4356406,1719091,39.46,0.82
3486,2021-03-11,PIE,14014,5305,8709,10669,3095,250,ITC,ITC1,1,Piemonte,Piemonte,4356406,1733105,39.78,0.32
3487,2021-03-25,PIE,17131,7267,9864,8057,8634,440,ITC,ITC1,1,Piemonte,Piemonte,4356406,1750236,40.18,0.39
3488,2021-07-22,PIE,41426,21799,19627,6974,33860,592,ITC,ITC1,1,Piemonte,Piemonte,4356406,1791662,41.13,0.95
3489,2021-04-13,PIE,26679,11998,14681,22563,3461,655,ITC,ITC1,1,Piemonte,Piemonte,4356406,1818341,41.74,0.61
3490,2021-01-20,PIE,6603,2084,4519,5882,714,7,ITC,ITC1,1,Piemonte,Piemonte,4356406,1824944,41.89,0.15
3491,2021-01-13,PIE,10078,3226,6852,10069,0,9,ITC,ITC1,1,Piemonte,Piemonte,4356406,1835022,42.12,0.23
3492,2021-06-16,PIE,40388,20243,20145,23513,16258,617,ITC,ITC1,1,Piemonte,Piemonte,4356406,1875410,43.05,0.93
3493,2021-08-12,PIE,21858,11736,10122,13396,7777,685,ITC,ITC1,1,Piemonte,Piemonte,4356406,1897268,43.55,0.5
3494,2021-01-06,PIE,3107,1103,2004,3106,0,1,ITC,ITC1,1,Piemonte,Piemonte,4356406,1900375,43.62,0.07
3495,2021-02-27,PIE,12678,4847,7831,12112,336,230,ITC,ITC1,1,Piemonte,Piemonte,4356406,1913053,43.91,0.29
3496,2021-04-25,PIE,20232,9307,10925,17280,2501,451,ITC,ITC1,1,Piemonte,Piemonte,4356406,1933285,44.38,0.46
3497,2021-01-15,PIE,9107,3007,6100,9101,0,6,ITC,ITC1,1,Piemonte,Piemonte,4356406,1942392,44.59,0.21
3498,2021-06-21,PIE,38442,19220,19222,17120,20765,557,ITC,ITC1,1,Piemonte,Piemonte,4356406,1980834,45.47,0.88
3499,2021-03-13,PIE,13024,4715,8309,11326,1429,269,ITC,ITC1,1,Piemonte,Piemonte,4356406,1993858,45.77,0.3
3500,2021-04-06,PIE,20701,9020,11681,15051,5200,450,ITC,ITC1,1,Piemonte,Piemonte,4356406,2014559,46.24,0.48
3501,2020-12-27,PIE,913,369,544,913,0,0,ITC,ITC1,1,Piemonte,Piemonte,4356406,2015472,46.26,0.02
3502,2021-06-25,PIE,45509,22677,22832,20274,24545,690,ITC,ITC1,1,Piemonte,Piemonte,4356406,2060981,47.31,1.04
3503,2021-04-03,PIE,19461,8188,11273,10590,8559,312,ITC,ITC1,1,Piemonte,Piemonte,4356406,2080442,47.76,0.45
3504,2021-01-10,PIE,5209,2274,2935,5207,0,2,ITC,ITC1,1,Piemonte,Piemonte,4356406,2085651,47.88,0.12
3505,2021-05-21,PIE,36186,16805,19381,20028,15643,515,ITC,ITC1,1,Piemonte,Piemonte,4356406,2121837,48.71,0.83
3506,2021-07-17,PIE,41952,22088,19864,4932,36532,488,ITC,ITC1,1,Piemonte,Piemonte,4356406,2163789,49.67,0.96
3507,2021-02-01,PIE,8658,3053,5605,575,8082,1,ITC,ITC1,1,Piemonte,Piemonte,4356406,2172447,49.87,0.2
3508,2021-02-03,PIE,10206,3306,6900,607,9597,2,ITC,ITC1,1,Piemonte,Piemonte,4356406,2182653,50.1,0.23
3509,2021-08-09,PIE,24601,12843,11758,11997,11960,644,ITC,ITC1,1,Piemonte,Piemonte,4356406,2207254,50.67,0.56
3510,2021-02-20,PIE,3835,1256,2579,3561,173,101,ITC,ITC1,1,Piemonte,Piemonte,4356406,2211089,50.75,0.09
3511,2021-07-24,PIE,34798,18307,16491,7878,26333,587,ITC,ITC1,1,Piemonte,Piemonte,4356406,2245887,51.55,0.8
3512,2021-08-07,PIE,29629,15861,13768,12624,16617,388,ITC,ITC1,1,Piemonte,Piemonte,4356406,2275516,52.23,0.68
3513,2021-04-29,PIE,48498,21985,26513,34679,12639,1180,ITC,ITC1,1,Piemonte,Piemonte,4356406,2324014,53.35,1.11
3514,2021-05-16,PIE,28194,12795,15399,14740,13083,371,ITC,ITC1,1,Piemonte,Piemonte,4356406,2352208,53.99,0.65
3515,2021-02-05,PIE,9606,3137,6469,652,8952,2,ITC,ITC1,1,Piemonte,Piemonte,4356406,2361814,54.21,0.22
3516,2021-04-18,PIE,22936,10799,12137,19618,2753,565,ITC,ITC1,1,Piemonte,Piemonte,4356406,2384750,54.74,0.53
3517,2021-01-08,PIE,5529,1760,3769,5527,0,2,ITC,ITC1,1,Piemonte,Piemonte,4356406,2390279,54.87,0.13
3518,2021-06-14,PIE,37979,19568,18411,30201,7093,685,ITC,ITC1,1,Piemonte,Piemonte,4356406,2428258,55.74,0.87
3519,2021-03-06,PIE,14007,5223,8784,11040,2792,175,ITC,ITC1,1,Piemonte,Piemonte,4356406,2442265,56.06,0.32
3520,2021-08-10,PIE,21765,11534,10231,12408,8802,555,ITC,ITC1,1,Piemonte,Piemonte,4356406,2464030,56.56,0.5
3521,2021-01-22,PIE,3868,1251,2617,2524,1343,1,ITC,ITC1,1,Piemonte,Piemonte,4356406,2467898,56.65,0.09
3522,2021-08-05,PIE,30226,16039,14187,11218,18516,492,ITC,ITC1,1,Piemonte,Piemonte,4356406,2498124,57.34,0.69
3523,2021-06-23,PIE,39724,19730,19994,16390,22843,491,ITC,ITC1,1,Piemonte,Piemonte,4356406,2537848,58.26,0.91
3524,2021-07-14,PIE,38979,20057,18922,3573,34982,424,ITC,ITC1,1,Piemonte,Piemonte,4356406,2576827,59.15,0.89
3525,2021-04-22,PIE,27669,12745,14924,20193,6691,785,ITC,ITC1,1,Piemonte,Piemonte,4356406,2604496,59.79,0.64
3526,2021-01-12,PIE,10079,3410,6669,10073,0,6,ITC,ITC1,1,Piemonte,Piemonte,4356406,2614575,60.02,0.23
3527,2021-01-29,PIE,5942,1885,4057,452,5490,0,ITC,ITC1,1,Piemonte,Piemonte,4356406,2620517,60.15,0.14
3528,2021-06-09,PIE,38603,20351,18252,35112,2718,773,ITC,ITC1,1,Piemonte,Piemonte,4356406,2659120,61.04,0.89
3529,2021-03-18,PIE,11765,4806,6959,3836,7737,192,ITC,ITC1,1,Piemonte,Piemonte,4356406,2670885,61.31,0.27
3530,2021-03-03,PIE,12358,4858,7500,11348,819,191,ITC,ITC1,1,Piemonte,Piemonte,4356406,2683243,61.59,0.28
3531,2021-03-20,PIE,11920,4897,7023,5774,5899,247,ITC,ITC1,1,Piemonte,Piemonte,4356406,2695163,61.87,0.27
3532,2021-05-14,PIE,33429,16285,17144,17337,15431,661,ITC,ITC1,1,Piemonte,Piemonte,4356406,2728592,62.63,0.77
3533,2021-05-18,PIE,32162,14848,17314,19049,12675,438,ITC,ITC1,1,Piemonte,Piemonte,4356406,2760754,63.37,0.74
3534,2021-01-03,PIE,3062,967,2095,3060,0,2,ITC,ITC1,1,Piemonte,Piemonte,4356406,2763816,63.44,0.07
3535,2021-07-07,PIE,37956,18864,19092,9657,27721,578,ITC,ITC1,1,Piemonte,Piemonte,4356406,2801772,64.31,0.87
3536,2021-03-29,PIE,15249,6472,8777,8379,6611,259,ITC,ITC1,1,Piemonte,Piemonte,4356406,2817021,64.66,0.35
3537,2021-06-18,PIE,40617,20309,20308,25742,14209,666,ITC,ITC1,1,Piemonte,Piemonte,4356406,2857638,65.6,0.93
3538,2021-03-10,PIE,13931,5444,8487,11381,2291,259,ITC,ITC1,1,Piemonte,Piemonte,4356406,2871569,65.92,0.32
3539,2021-03-27,PIE,18391,7825,10566,9127,8827,437,ITC,ITC1,1,Piemonte,Piemonte,4356406,2889960,66.34,0.42
3540,2021-07-02,PIE,43742,22009,21733,17342,25561,839,ITC,ITC1,1,Piemonte,Piemonte,4356406,2933702,67.34,1.0
3541,2021-03-08,PIE,14280,5594,8686,11337,2708,235,ITC,ITC1,1,Piemonte,Piemonte,4356406,2947982,67.67,0.33
3542,2021-05-04,PIE,31448,14533,16915,17290,13578,580,ITC,ITC1,1,Piemonte,Piemonte,4356406,2979430,68.39,0.72
3543,2021-01-24,PIE,3157,961,2196,434,2721,2,ITC,ITC1,1,Piemonte,Piemonte,4356406,2982587,68.46,0.07
3544,2021-06-30,PIE,41252,20174,21078,18440,21950,862,ITC,ITC1,1,Piemonte,Piemonte,4356406,3023839,69.41,0.95
3545,2021-03-22,PIE,11531,4894,6637,3716,7602,213,ITC,ITC1,1,Piemonte,Piemonte,4356406,3035370,69.68,0.26
3546,2021-02-28,PIE,10811,4058,6753,10395,240,176,ITC,ITC1,1,Piemonte,Piemonte,4356406,3046181,69.92,0.25
3547,2021-03-17,PIE,12522,5058,7464,5035,7300,187,ITC,ITC1,1,Piemonte,Piemonte,4356406,3058703,70.21,0.29
3548,2021-06-10,PIE,40455,21153,19302,37025,2581,849,ITC,ITC1,1,Piemonte,Piemonte,4356406,3099158,71.14,0.93
3549,2021-08-14,PIE,13072,7049,6023,8241,4334,497,ITC,ITC1,1,Piemonte,Piemonte,4356406,3112230,71.44,0.3
3550,2021-05-06,PIE,33410,15780,17630,19278,13540,592,ITC,ITC1,1,Piemonte,Piemonte,4356406,3145640,72.21,0.77
3551,2021-05-23,PIE,28772,13156,15616,15468,12992,312,ITC,ITC1,1,Piemonte,Piemonte,4356406,3174412,72.87,0.66
3552,2021-02-12,PIE,6892,2216,4676,3910,2958,24,ITC,ITC1,1,Piemonte,Piemonte,4356406,3181304,73.03,0.16
3553,2021-03-01,PIE,12157,4957,7200,11174,810,173,ITC,ITC1,1,Piemonte,Piemonte,4356406,3193461,73.3,0.28
3554,2021-07-26,PIE,32700,17018,15682,8221,23845,634,ITC,ITC1,1,Piemonte,Piemonte,4356406,3226161,74.06,0.75
3555,2021-04-17,PIE,30454,14150,16304,26446,3308,700,ITC,ITC1,1,Piemonte,Piemonte,4356406,3256615,74.75,0.7
3556,2021-06-13,PIE,37991,20052,17939,33104,4130,757,ITC,ITC1,1,Piemonte,Piemonte,4356406,3294606,75.63,0.87
3557,2021-02-10,PIE,7536,2372,5164,1299,6222,15,ITC,ITC1,1,Piemonte,Piemonte,4356406,3302142,75.8,0.17
3558,2021-04-08,PIE,25308,11017,14291,20028,4722,558,ITC,ITC1,1,Piemonte,Piemonte,4356406,3327450,76.38,0.58
3559,2021-07-19,PIE,39540,20584,18956,4454,34668,418,ITC,ITC1,1,Piemonte,Piemonte,4356406,3366990,77.29,0.91
3560,2021-04-10,PIE,30156,13406,16750,25244,4265,647,ITC,ITC1,1,Piemonte,Piemonte,4356406,3397146,77.98,0.69
3561,2021-07-21,PIE,37947,20136,17811,6518,30913,516,ITC,ITC1,1,Piemonte,Piemonte,4356406,3435093,78.85,0.87
3562,2021-04-12,PIE,22946,10362,12584,19435,2993,518,ITC,ITC1,1,Piemonte,Piemonte,4356406,3458039,79.38,0.53
3563,2021-01-02,PIE,3541,1132,2409,3540,0,1,ITC,ITC1,1,Piemonte,Piemonte,4356406,3461580,79.46,0.08
3564,2021-05-01,PIE,28555,13002,15553,16315,11797,443,ITC,ITC1,1,Piemonte,Piemonte,4356406,3490135,80.12,0.66
3565,2021-01-21,PIE,6873,2312,4561,3368,3499,6,ITC,ITC1,1,Piemonte,Piemonte,4356406,3497008,80.27,0.16
3566,2021-01-19,PIE,6461,2109,4352,6443,9,9,ITC,ITC1,1,Piemonte,Piemonte,4356406,3503469,80.42,0.15
3567,2021-05-13,PIE,35701,17537,18164,19863,15132,706,ITC,ITC1,1,Piemonte,Piemonte,4356406,3539170,81.24,0.82
3568,2021-02-02,PIE,10259,3513,6746,808,9450,1,ITC,ITC1,1,Piemonte,Piemonte,4356406,3549429,81.48,0.24
3569,2021-07-09,PIE,40403,20616,19787,5741,34136,526,ITC,ITC1,1,Piemonte,Piemonte,4356406,3589832,82.4,0.93
3570,2021-03-31,PIE,19130,8124,11006,10098,8692,340,ITC,ITC1,1,Piemonte,Piemonte,4356406,3608962,82.84,0.44
3571,2021-05-27,PIE,37419,17403,20016,18813,18171,435,ITC,ITC1,1,Piemonte,Piemonte,4356406,3646381,83.7,0.86
3572,2021-02-16,PIE,3971,1758,2213,3163,759,49,ITC,ITC1,1,Piemonte,Piemonte,4356406,3650352,83.79,0.09
3573,2021-04-27,PIE,22624,10224,12400,16824,5157,643,ITC,ITC1,1,Piemonte,Piemonte,4356406,3672976,84.31,0.52
3574,2021-01-17,PIE,3515,1168,2347,2864,649,2,ITC,ITC1,1,Piemonte,Piemonte,4356406,3676491,84.39,0.08
3575,2021-03-15,PIE,10685,4194,6491,4929,5601,155,ITC,ITC1,1,Piemonte,Piemonte,4356406,3687176,84.64,0.25
3576,2021-05-11,PIE,32159,15506,16653,18294,13238,627,ITC,ITC1,1,Piemonte,Piemonte,4356406,3719335,85.38,0.74
3577,2021-01-31,PIE,4121,1757,2364,112,4009,0,ITC,ITC1,1,Piemonte,Piemonte,4356406,3723456,85.47,0.09
3578,2021-07-18,PIE,32871,17244,15627,3232,29312,327,ITC,ITC1,1,Piemonte,Piemonte,4356406,3756327,86.23,0.75
3579,2021-06-27,PIE,37517,18600,18917,15188,21746,583,ITC,ITC1,1,Piemonte,Piemonte,4356406,3793844,87.09,0.86
3580,2021-03-19,PIE,11030,4519,6511,4215,6606,209,ITC,ITC1,1,Piemonte,Piemonte,4356406,3804874,87.34,0.25
3581,2021-04-05,PIE,14749,6237,8512,11940,2558,251,ITC,ITC1,1,Piemonte,Piemonte,4356406,3819623,87.68,0.34
3582,2021-06-29,PIE,40529,20247,20282,19168,20674,687,ITC,ITC1,1,Piemonte,Piemonte,4356406,3860152,88.61,0.93
3583,2021-05-25,PIE,31892,14782,17110,15611,15891,390,ITC,ITC1,1,Piemonte,Piemonte,4356406,3892044,89.34,0.73
3584,2021-06-11,PIE,43562,23063,20499,39932,2831,799,ITC,ITC1,1,Piemonte,Piemonte,4356406,3935606,90.34,1.0
3585,2021-04-15,PIE,29558,13543,16015,23386,5502,670,ITC,ITC1,1,Piemonte,Piemonte,4356406,3965164,91.02,0.68
3586,2021-01-05,PIE,5377,1603,3774,5372,0,5,ITC,ITC1,1,Piemonte,Piemonte,4356406,3970541,91.14,0.12
3587,2021-06-22,PIE,40626,20093,20533,17773,22312,541,ITC,ITC1,1,Piemonte,Piemonte,4356406,4011167,92.08,0.93
3588,2021-01-07,PIE,5377,1733,3644,5375,0,2,ITC,ITC1,1,Piemonte,Piemonte,4356406,4016544,92.2,0.12
3589,2021-03-05,PIE,15630,6289,9341,11531,3825,274,ITC,ITC1,1,Piemonte,Piemonte,4356406,4032174,92.56,0.36
3590,2021-05-15,PIE,33782,15751,18031,19392,13730,660,ITC,ITC1,1,Piemonte,Piemonte,4356406,4065956,93.33,0.78
3591,2021-06-01,PIE,29535,14839,14696,24450,4658,427,ITC,ITC1,1,Piemonte,Piemonte,4356406,4095491,94.01,0.68
3592,2021-02-21,PIE,5092,2084,3008,4939,103,50,ITC,ITC1,1,Piemonte,Piemonte,4356406,4100583,94.13,0.12
3593,2021-06-20,PIE,34074,17087,16987,18745,14772,557,ITC,ITC1,1,Piemonte,Piemonte,4356406,4134657,94.91,0.78
3594,2021-03-12,PIE,14197,5403,8794,10981,2935,281,ITC,ITC1,1,Piemonte,Piemonte,4356406,4148854,95.24,0.33
3595,2021-07-04,PIE,33746,17012,16734,11217,21918,611,ITC,ITC1,1,Piemonte,Piemonte,4356406,4182600,96.01,0.77
3596,2021-07-23,PIE,38046,20065,17981,7980,29444,622,ITC,ITC1,1,Piemonte,Piemonte,4356406,4220646,96.88,0.87
3597,2021-04-14,PIE,28265,12795,15470,23020,4541,704,ITC,ITC1,1,Piemonte,Piemonte,4356406,4248911,97.53,0.65
3598,2021-08-06,PIE,30275,16025,14250,13264,16442,569,ITC,ITC1,1,Piemonte,Piemonte,4356406,4279186,98.23,0.69
3599,2021-06-03,PIE,34675,17919,16756,29697,4444,534,ITC,ITC1,1,Piemonte,Piemonte,4356406,4313861,99.02,0.8
3600,2021-03-24,PIE,15567,6399,9168,6092,9130,345,ITC,ITC1,1,Piemonte,Piemonte,4356406,4329428,99.38,0.36
3601,2021-05-20,PIE,38649,17961,20688,13334,24961,354,ITC,ITC1,1,Piemonte,Piemonte,4356406,4368077,100.27,0.89
3602,2021-02-09,PIE,7394,2318,5076,714,6678,2,ITC,ITC1,1,Piemonte,Piemonte,4356406,4375471,100.44,0.17
3603,2021-07-16,PIE,42038,21961,20077,3584,38041,413,ITC,ITC1,1,Piemonte,Piemonte,4356406,4417509,101.4,0.96
3604,2021-04-07,PIE,23616,9993,13623,17631,5460,525,ITC,ITC1,1,Piemonte,Piemonte,4356406,4441125,101.94,0.54
3605,2021-02-07,PIE,3086,972,2114,441,2644,1,ITC,ITC1,1,Piemonte,Piemonte,4356406,4444211,102.02,0.07
3606,2021-07-11,PIE,33164,16910,16254,4512,28337,315,ITC,ITC1,1,Piemonte,Piemonte,4356406,4477375,102.78,0.76
3607,2021-04-19,PIE,22553,10764,11789,17646,4351,556,ITC,ITC1,1,Piemonte,Piemonte,4356406,4499928,103.29,0.52
3608,2021-01-09,PIE,6185,2189,3996,6183,0,2,ITC,ITC1,1,Piemonte,Piemonte,4356406,4506113,103.44,0.14
3609,2021-01-26,PIE,6339,1883,4456,732,5606,1,ITC,ITC1,1,Piemonte,Piemonte,4356406,4512452,103.58,0.15
3610,2021-07-30,PIE,35641,18609,17032,9484,25724,433,ITC,ITC1,1,Piemonte,Piemonte,4356406,4548093,104.4,0.82
3611,2021-05-08,PIE,34285,16265,18020,18131,15644,510,ITC,ITC1,1,Piemonte,Piemonte,4356406,4582378,105.19,0.79
3612,2021-01-28,PIE,5596,1811,3785,380,5216,0,ITC,ITC1,1,Piemonte,Piemonte,4356406,4587974,105.32,0.13
3613,2021-07-28,PIE,34731,18049,16682,9112,25018,601,ITC,ITC1,1,Piemonte,Piemonte,4356406,4622705,106.11,0.8
3614,2021-06-15,PIE,38934,20053,18881,26489,11777,668,ITC,ITC1,1,Piemonte,Piemonte,4356406,4661639,107.01,0.89
3615,2021-03-07,PIE,11981,4664,7317,10858,877,246,ITC,ITC1,1,Piemonte,Piemonte,4356406,4673620,107.28,0.28
3616,2020-12-31,PIE,3883,1323,2560,3883,0,0,ITC,ITC1,1,Piemonte,Piemonte,4356406,4677503,107.37,0.09
3617,2021-03-26,PIE,17911,7124,10787,8500,8884,527,ITC,ITC1,1,Piemonte,Piemonte,4356406,4695414,107.78,0.41
3618,2021-05-22,PIE,33523,15136,18387,16897,16224,402,ITC,ITC1,1,Piemonte,Piemonte,4356406,4728937,108.55,0.77
3619,2021-02-14,PIE,1480,500,980,870,603,7,ITC,ITC1,1,Piemonte,Piemonte,4356406,4730417,108.59,0.03
3620,2021-07-03,PIE,40056,20112,19944,15306,24032,718,ITC,ITC1,1,Piemonte,Piemonte,4356406,4770473,109.5,0.92
3621,2021-03-30,PIE,16987,7114,9873,8726,7871,390,ITC,ITC1,1,Piemonte,Piemonte,4356406,4787460,109.89,0.39
3622,2021-07-10,PIE,41154,20853,20301,6706,33916,532,ITC,ITC1,1,Piemonte,Piemonte,4356406,4828614,110.84,0.94
3623,2021-04-01,PIE,19409,8141,11268,10963,8126,320,ITC,ITC1,1,Piemonte,Piemonte,4356406,4848023,111.28,0.45
3624,2021-05-28,PIE,35077,16617,18460,18660,16006,411,ITC,ITC1,1,Piemonte,Piemonte,4356406,4883100,112.09,0.81
3625,2021-01-25,PIE,6214,1937,4277,973,5239,2,ITC,ITC1,1,Piemonte,Piemonte,4356406,4889314,112.23,0.14
3626,2021-05-30,PIE,27760,13206,14554,18019,9367,374,ITC,ITC1,1,Piemonte,Piemonte,4356406,4917074,112.87,0.64
3627,2021-02-19,PIE,5535,2177,3358,4913,501,121,ITC,ITC1,1,Piemonte,Piemonte,4356406,4922609,113.0,0.13
3628,2021-06-04,PIE,37563,19643,17920,34008,2955,600,ITC,ITC1,1,Piemonte,Piemonte,4356406,4960172,113.86,0.86
3629,2021-02-24,PIE,11381,4604,6777,10731,503,147,ITC,ITC1,1,Piemonte,Piemonte,4356406,4971553,114.12,0.26
3630,2021-06-06,PIE,35092,18336,16756,32054,2488,550,ITC,ITC1,1,Piemonte,Piemonte,4356406,5006645,114.93,0.81
3631,2021-08-02,PIE,29819,15744,14075,9355,20021,443,ITC,ITC1,1,Piemonte,Piemonte,4356406,5036464,115.61,0.68
3632,2021-02-17,PIE,4797,2160,2637,3748,990,59,ITC,ITC1,1,Piemonte,Piemonte,4356406,5041261,115.72,0.11
3633,2021-06-08,PIE,37662,19504,18158,34110,2851,701,ITC,ITC1,1,Piemonte,Piemonte,4356406,5078923,116.59,0.86
3634,2021-08-04,PIE,29150,15396,13754,8890,19810,450,ITC,ITC1,1,Piemonte,Piemonte,4356406,5108073,117.25,0.67
3635,2021-04-26,PIE,19806,8755,11051,14906,4398,502,ITC,ITC1,1,Piemonte,Piemonte,4356406,5127879,117.71,0.45
3636,2021-08-11,PIE,23244,12501,10743,13361,9334,549,ITC,ITC1,1,Piemonte,Piemonte,4356406,5151123,118.24,0.53
3637,2021-05-03,PIE,26693,12210,14483,12042,14215,436,ITC,ITC1,1,Piemonte,Piemonte,4356406,5177816,118.86,0.61
3638,2021-02-26,PIE,12288,4930,7358,11345,737,206,ITC,ITC1,1,Piemonte,Piemonte,4356406,5190104,119.14,0.28
3639,2021-04-24,PIE,27502,12435,15067,21287,5659,556,ITC,ITC1,1,Piemonte,Piemonte,4356406,5217606,119.77,0.63
3640,2021-01-14,PIE,9766,3150,6616,9760,0,6,ITC,ITC1,1,Piemonte,Piemonte,4356406,5227372,119.99,0.22
3641,2021-06-19,SAR,15343,7515,7828,9119,6125,99,ITG,ITG2,20,Sardegna,Sardegna,1639591,15343,0.94,0.94
3642,2021-07-06,SAR,15936,7724,8212,4664,11173,99,ITG,ITG2,20,Sardegna,Sardegna,1639591,31279,1.91,0.97
3643,2021-03-28,SAR,4538,1795,2743,4393,78,67,ITG,ITG2,20,Sardegna,Sardegna,1639591,35817,2.18,0.28
3644,2021-01-04,SAR,588,215,373,588,0,0,ITG,ITG2,20,Sardegna,Sardegna,1639591,36405,2.22,0.04
3645,2021-01-16,SAR,1493,527,966,1493,0,0,ITG,ITG2,20,Sardegna,Sardegna,1639591,37898,2.31,0.09
3646,2021-08-01,SAR,3054,1500,1554,1031,1987,36,ITG,ITG2,20,Sardegna,Sardegna,1639591,40952,2.5,0.19
3647,2021-04-23,SAR,12878,5754,7124,7247,5487,144,ITG,ITG2,20,Sardegna,Sardegna,1639591,53830,3.28,0.79
3648,2021-05-10,SAR,9867,4399,5468,7154,2541,172,ITG,ITG2,20,Sardegna,Sardegna,1639591,63697,3.88,0.6
3649,2021-01-30,SAR,3870,1394,2476,363,3507,0,ITG,ITG2,20,Sardegna,Sardegna,1639591,67567,4.12,0.24
3650,2021-07-01,SAR,19834,9764,10070,7257,12484,93,ITG,ITG2,20,Sardegna,Sardegna,1639591,87401,5.33,1.21
3651,2021-03-23,SAR,6427,2888,3539,5181,1082,164,ITG,ITG2,20,Sardegna,Sardegna,1639591,93828,5.72,0.39
3652,2021-07-15,SAR,18777,9236,9541,4647,14031,99,ITG,ITG2,20,Sardegna,Sardegna,1639591,112605,6.87,1.15
3653,2021-08-03,SAR,14565,7503,7062,7517,6853,195,ITG,ITG2,20,Sardegna,Sardegna,1639591,127170,7.76,0.89
3654,2021-02-11,SAR,1311,488,823,1200,111,0,ITG,ITG2,20,Sardegna,Sardegna,1639591,128481,7.84,0.08
3655,2021-05-24,SAR,14470,7256,7214,8355,5983,132,ITG,ITG2,20,Sardegna,Sardegna,1639591,142951,8.72,0.88
3656,2021-02-13,SAR,1447,562,885,1441,2,4,ITG,ITG2,20,Sardegna,Sardegna,1639591,144398,8.81,0.09
3657,2021-03-09,SAR,5537,2742,2795,4747,727,63,ITG,ITG2,20,Sardegna,Sardegna,1639591,149935,9.14,0.34
3658,2021-08-13,SAR,9937,5410,4527,6308,3509,120,ITG,ITG2,20,Sardegna,Sardegna,1639591,159872,9.75,0.61
3659,2021-05-05,SAR,10194,4655,5539,7951,2036,207,ITG,ITG2,20,Sardegna,Sardegna,1639591,170066,10.37,0.62
3660,2021-05-19,SAR,17043,8674,8369,12625,4255,163,ITG,ITG2,20,Sardegna,Sardegna,1639591,187109,11.41,1.04
3661,2021-06-05,SAR,17884,8437,9447,11286,6464,134,ITG,ITG2,20,Sardegna,Sardegna,1639591,204993,12.5,1.09
3662,2021-02-25,SAR,2898,1255,1643,2262,604,32,ITG,ITG2,20,Sardegna,Sardegna,1639591,207891,12.68,0.18
3663,2021-03-14,SAR,605,377,228,596,0,9,ITG,ITG2,20,Sardegna,Sardegna,1639591,208496,12.72,0.04
3664,2021-04-09,SAR,12324,5479,6845,7831,4364,129,ITG,ITG2,20,Sardegna,Sardegna,1639591,220820,13.47,0.75
3665,2021-07-20,SAR,16148,7930,8218,3653,12404,91,ITG,ITG2,20,Sardegna,Sardegna,1639591,236968,14.45,0.98
3666,2021-04-11,SAR,5399,2445,2954,4251,1121,27,ITG,ITG2,20,Sardegna,Sardegna,1639591,242367,14.78,0.33
3667,2021-06-07,SAR,12564,6145,6419,9437,3005,122,ITG,ITG2,20,Sardegna,Sardegna,1639591,254931,15.55,0.77
3668,2021-02-04,SAR,2272,815,1457,910,1359,3,ITG,ITG2,20,Sardegna,Sardegna,1639591,257203,15.69,0.14
3669,2021-04-02,SAR,8992,3550,5442,5592,3245,155,ITG,ITG2,20,Sardegna,Sardegna,1639591,266195,16.24,0.55
3670,2021-07-08,SAR,18444,8969,9475,3833,14526,85,ITG,ITG2,20,Sardegna,Sardegna,1639591,284639,17.36,1.12
3671,2021-07-25,SAR,4343,2142,2201,863,3465,15,ITG,ITG2,20,Sardegna,Sardegna,1639591,288982,17.63,0.26
3672,2021-04-16,SAR,14448,6491,7957,8941,5342,165,ITG,ITG2,20,Sardegna,Sardegna,1639591,303430,18.51,0.88
3673,2021-01-23,SAR,60,22,38,0,60,0,ITG,ITG2,20,Sardegna,Sardegna,1639591,303490,18.51,0.0
3674,2021-06-12,SAR,14758,7195,7563,9938,4702,118,ITG,ITG2,20,Sardegna,Sardegna,1639591,318248,19.41,0.9
3675,2021-03-04,SAR,4372,2300,2072,3058,1256,58,ITG,ITG2,20,Sardegna,Sardegna,1639591,322620,19.68,0.27
3676,2021-03-21,SAR,4038,1813,2225,2572,1440,26,ITG,ITG2,20,Sardegna,Sardegna,1639591,326658,19.92,0.25
3677,2021-05-12,SAR,11143,5266,5877,7796,3139,208,ITG,ITG2,20,Sardegna,Sardegna,1639591,337801,20.6,0.68
3678,2020-12-28,SAR,66,26,40,66,0,0,ITG,ITG2,20,Sardegna,Sardegna,1639591,337867,20.61,0.0
3679,2021-06-14,SAR,13747,6642,7105,9790,3815,142,ITG,ITG2,20,Sardegna,Sardegna,1639591,351614,21.45,0.84
3680,2021-03-06,SAR,2637,1080,1557,782,1781,74,ITG,ITG2,20,Sardegna,Sardegna,1639591,354251,21.61,0.16
3681,2021-06-28,SAR,14994,7041,7953,3051,11877,66,ITG,ITG2,20,Sardegna,Sardegna,1639591,369245,22.52,0.91
3682,2021-08-08,SAR,1884,979,905,1020,841,23,ITG,ITG2,20,Sardegna,Sardegna,1639591,371129,22.64,0.11
3683,2021-06-26,SAR,19149,9011,10138,5454,13620,75,ITG,ITG2,20,Sardegna,Sardegna,1639591,390278,23.8,1.17
3684,2021-03-02,SAR,3041,1631,1410,1814,1154,73,ITG,ITG2,20,Sardegna,Sardegna,1639591,393319,23.99,0.19
3685,2021-04-28,SAR,9026,4284,4742,5167,3710,149,ITG,ITG2,20,Sardegna,Sardegna,1639591,402345,24.54,0.55
3686,2021-01-18,SAR,903,324,579,779,124,0,ITG,ITG2,20,Sardegna,Sardegna,1639591,403248,24.59,0.06
3687,2021-06-24,SAR,19199,9214,9985,8114,10983,102,ITG,ITG2,20,Sardegna,Sardegna,1639591,422447,25.77,1.17
3688,2021-03-16,SAR,4398,1954,2444,3434,922,42,ITG,ITG2,20,Sardegna,Sardegna,1639591,426845,26.03,0.27
3689,2021-05-29,SAR,17994,8649,9345,13235,4592,167,ITG,ITG2,20,Sardegna,Sardegna,1639591,444839,27.13,1.1
3690,2021-02-18,SAR,1876,731,1145,1774,64,38,ITG,ITG2,20,Sardegna,Sardegna,1639591,446715,27.25,0.11
3691,2021-05-31,SAR,11368,5409,5959,8159,3110,99,ITG,ITG2,20,Sardegna,Sardegna,1639591,458083,27.94,0.69
3692,2021-07-27,SAR,16531,8384,8147,4216,12204,111,ITG,ITG2,20,Sardegna,Sardegna,1639591,474614,28.95,1.01
3693,2021-04-18,SAR,5132,2226,2906,2230,2874,28,ITG,ITG2,20,Sardegna,Sardegna,1639591,479746,29.26,0.31
3694,2021-01-08,SAR,3261,1184,2077,3259,0,2,ITG,ITG2,20,Sardegna,Sardegna,1639591,483007,29.46,0.2
3695,2021-04-30,SAR,11149,5308,5841,6756,4210,183,ITG,ITG2,20,Sardegna,Sardegna,1639591,494156,30.14,0.68
3696,2021-05-17,SAR,12818,6261,6557,9126,3545,147,ITG,ITG2,20,Sardegna,Sardegna,1639591,506974,30.92,0.78
3697,2021-02-06,SAR,1973,700,1273,564,1406,3,ITG,ITG2,20,Sardegna,Sardegna,1639591,508947,31.04,0.12
3698,2021-02-23,SAR,1567,1045,522,1270,280,17,ITG,ITG2,20,Sardegna,Sardegna,1639591,510514,31.14,0.1
3699,2021-07-24,SAR,12386,6386,6000,1996,10363,27,ITG,ITG2,20,Sardegna,Sardegna,1639591,522900,31.89,0.76
3700,2021-07-13,SAR,17805,8522,9283,3251,14477,77,ITG,ITG2,20,Sardegna,Sardegna,1639591,540705,32.98,1.09
3701,2021-04-04,SAR,2,1,1,0,2,0,ITG,ITG2,20,Sardegna,Sardegna,1639591,540707,32.98,0.0
3702,2021-02-22,SAR,1638,948,690,1384,228,26,ITG,ITG2,20,Sardegna,Sardegna,1639591,542345,33.08,0.1
3703,2021-03-11,SAR,6424,3092,3332,5148,1200,76,ITG,ITG2,20,Sardegna,Sardegna,1639591,548769,33.47,0.39
3704,2021-06-04,SAR,14494,6938,7556,9777,4558,159,ITG,ITG2,20,Sardegna,Sardegna,1639591,563263,34.35,0.88
3705,2021-06-21,SAR,14020,6733,7287,5121,8826,73,ITG,ITG2,20,Sardegna,Sardegna,1639591,577283,35.21,0.86
3706,2021-03-13,SAR,2756,1075,1681,2436,281,39,ITG,ITG2,20,Sardegna,Sardegna,1639591,580039,35.38,0.17
3707,2021-03-30,SAR,8774,3591,5183,6351,2277,146,ITG,ITG2,20,Sardegna,Sardegna,1639591,588813,35.91,0.54
3708,2021-01-13,SAR,575,179,396,575,0,0,ITG,ITG2,20,Sardegna,Sardegna,1639591,589388,35.95,0.04
3709,2021-07-17,SAR,12871,6301,6570,3179,9625,67,ITG,ITG2,20,Sardegna,Sardegna,1639591,602259,36.73,0.79
3710,2021-07-31,SAR,10319,5456,4863,5278,4961,80,ITG,ITG2,20,Sardegna,Sardegna,1639591,612578,37.36,0.63
3711,2021-04-06,SAR,7472,3125,4347,4972,2429,71,ITG,ITG2,20,Sardegna,Sardegna,1639591,620050,37.82,0.46
3712,2020-12-27,SAR,65,34,31,65,0,0,ITG,ITG2,20,Sardegna,Sardegna,1639591,620115,37.82,0.0
3713,2021-04-25,SAR,4501,2272,2229,3674,781,46,ITG,ITG2,20,Sardegna,Sardegna,1639591,624616,38.1,0.27
3714,2021-01-15,SAR,1561,572,989,1559,0,2,ITG,ITG2,20,Sardegna,Sardegna,1639591,626177,38.19,0.1
3715,2021-02-01,SAR,1524,606,918,224,1300,0,ITG,ITG2,20,Sardegna,Sardegna,1639591,627701,38.28,0.09
3716,2021-05-09,SAR,6125,2872,3253,5111,925,89,ITG,ITG2,20,Sardegna,Sardegna,1639591,633826,38.66,0.37
3717,2021-05-26,SAR,15534,8189,7345,9702,5648,184,ITG,ITG2,20,Sardegna,Sardegna,1639591,649360,39.6,0.95
3718,2021-04-21,SAR,12079,5555,6524,6440,5538,101,ITG,ITG2,20,Sardegna,Sardegna,1639591,661439,40.34,0.74
3719,2021-01-11,SAR,1185,506,679,1184,0,1,ITG,ITG2,20,Sardegna,Sardegna,1639591,662624,40.41,0.07
3720,2021-06-17,SAR,18464,8532,9932,9919,8424,121,ITG,ITG2,20,Sardegna,Sardegna,1639591,681088,41.54,1.13
3721,2021-01-25,SAR,591,214,377,22,569,0,ITG,ITG2,20,Sardegna,Sardegna,1639591,681679,41.58,0.04
3722,2021-05-16,SAR,8224,3833,4391,5985,2161,78,ITG,ITG2,20,Sardegna,Sardegna,1639591,689903,42.08,0.5
3723,2021-07-12,SAR,15335,7414,7921,2403,12877,55,ITG,ITG2,20,Sardegna,Sardegna,1639591,705238,43.01,0.94
3724,2021-05-07,SAR,14487,6639,7848,9713,4529,245,ITG,ITG2,20,Sardegna,Sardegna,1639591,719725,43.9,0.88
3725,2021-01-27,SAR,1415,498,917,78,1337,0,ITG,ITG2,20,Sardegna,Sardegna,1639591,721140,43.98,0.09
3726,2021-07-03,SAR,15842,7562,8280,3236,12575,31,ITG,ITG2,20,Sardegna,Sardegna,1639591,736982,44.95,0.97
3727,2021-03-25,SAR,9123,3977,5146,7686,1304,133,ITG,ITG2,20,Sardegna,Sardegna,1639591,746105,45.51,0.56
3728,2021-05-21,SAR,22643,11205,11438,16263,6100,280,ITG,ITG2,20,Sardegna,Sardegna,1639591,768748,46.89,1.38
3729,2021-08-10,SAR,14215,7494,6721,6246,7807,162,ITG,ITG2,20,Sardegna,Sardegna,1639591,782963,47.75,0.87
3730,2021-05-02,SAR,5969,2698,3271,5215,653,101,ITG,ITG2,20,Sardegna,Sardegna,1639591,788932,48.12,0.36
3731,2021-02-08,SAR,1469,533,936,852,616,1,ITG,ITG2,20,Sardegna,Sardegna,1639591,790401,48.21,0.09
3732,2021-08-12,SAR,12479,6614,5865,6628,5683,168,ITG,ITG2,20,Sardegna,Sardegna,1639591,802880,48.97,0.76
3733,2021-01-06,SAR,1617,547,1070,1617,0,0,ITG,ITG2,20,Sardegna,Sardegna,1639591,804497,49.07,0.1
3734,2021-06-23,SAR,20547,9667,10880,6193,14261,93,ITG,ITG2,20,Sardegna,Sardegna,1639591,825044,50.32,1.25
3735,2021-06-16,SAR,17635,8276,9359,12167,5307,161,ITG,ITG2,20,Sardegna,Sardegna,1639591,842679,51.4,1.08
3736,2021-01-01,SAR,32,17,15,32,0,0,ITG,ITG2,20,Sardegna,Sardegna,1639591,842711,51.4,0.0
3737,2021-02-27,SAR,1918,644,1274,1318,559,41,ITG,ITG2,20,Sardegna,Sardegna,1639591,844629,51.51,0.12
3738,2021-02-15,SAR,956,348,608,919,31,6,ITG,ITG2,20,Sardegna,Sardegna,1639591,845585,51.57,0.06
3739,2021-03-20,SAR,5197,2076,3121,2892,2278,27,ITG,ITG2,20,Sardegna,Sardegna,1639591,850782,51.89,0.32
3740,2021-05-28,SAR,17956,8699,9257,13492,4276,188,ITG,ITG2,20,Sardegna,Sardegna,1639591,868738,52.99,1.1
3741,2021-02-17,SAR,1406,577,829,1274,74,58,ITG,ITG2,20,Sardegna,Sardegna,1639591,870144,53.07,0.09
3742,2021-05-25,SAR,15143,7705,7438,8489,6479,175,ITG,ITG2,20,Sardegna,Sardegna,1639591,885287,53.99,0.92
3743,2021-06-11,SAR,14781,7024,7757,9090,5538,153,ITG,ITG2,20,Sardegna,Sardegna,1639591,900068,54.9,0.9
3744,2021-03-03,SAR,4118,2281,1837,2739,1300,79,ITG,ITG2,20,Sardegna,Sardegna,1639591,904186,55.15,0.25
3745,2021-03-18,SAR,7254,3073,4181,5573,1607,74,ITG,ITG2,20,Sardegna,Sardegna,1639591,911440,55.59,0.44
3746,2021-05-14,SAR,14580,6873,7707,10763,3644,173,ITG,ITG2,20,Sardegna,Sardegna,1639591,926020,56.48,0.89
3747,2021-02-03,SAR,1119,419,700,424,694,1,ITG,ITG2,20,Sardegna,Sardegna,1639591,927139,56.55,0.07
3748,2021-07-10,SAR,14240,6887,7353,2705,11502,33,ITG,ITG2,20,Sardegna,Sardegna,1639591,941379,57.42,0.87
3749,2021-04-01,SAR,10167,4075,6092,7008,3016,143,ITG,ITG2,20,Sardegna,Sardegna,1639591,951546,58.04,0.62
3750,2021-07-21,SAR,19397,9502,9895,3911,15402,84,ITG,ITG2,20,Sardegna,Sardegna,1639591,970943,59.22,1.18
3751,2021-07-05,SAR,15585,7571,8014,3327,12209,49,ITG,ITG2,20,Sardegna,Sardegna,1639591,986528,60.17,0.95
3752,2021-08-09,SAR,13415,6973,6442,6475,6794,146,ITG,ITG2,20,Sardegna,Sardegna,1639591,999943,60.99,0.82
3753,2021-05-18,SAR,14758,7380,7378,9432,5209,117,ITG,ITG2,20,Sardegna,Sardegna,1639591,1014701,61.89,0.9
3754,2021-02-24,SAR,2421,1298,1123,2184,194,43,ITG,ITG2,20,Sardegna,Sardegna,1639591,1017122,62.04,0.15
3755,2021-01-20,SAR,210,77,133,208,2,0,ITG,ITG2,20,Sardegna,Sardegna,1639591,1017332,62.05,0.01
3756,2021-03-29,SAR,4742,1847,2895,4072,589,81,ITG,ITG2,20,Sardegna,Sardegna,1639591,1022074,62.34,0.29
3757,2021-04-15,SAR,11852,5541,6311,6779,4956,117,ITG,ITG2,20,Sardegna,Sardegna,1639591,1033926,63.06,0.72
3758,2021-01-05,SAR,1322,443,879,1322,0,0,ITG,ITG2,20,Sardegna,Sardegna,1639591,1035248,63.14,0.08
3759,2021-01-22,SAR,83,47,36,55,28,0,ITG,ITG2,20,Sardegna,Sardegna,1639591,1035331,63.15,0.01
3760,2021-07-22,SAR,18327,9261,9066,4503,13715,109,ITG,ITG2,20,Sardegna,Sardegna,1639591,1053658,64.26,1.12
3761,2021-04-13,SAR,7626,3600,4026,5739,1826,61,ITG,ITG2,20,Sardegna,Sardegna,1639591,1061284,64.73,0.47
3762,2021-06-09,SAR,15465,7368,8097,11574,3740,151,ITG,ITG2,20,Sardegna,Sardegna,1639591,1076749,65.67,0.94
3763,2021-06-13,SAR,9501,4677,4824,6161,3260,80,ITG,ITG2,20,Sardegna,Sardegna,1639591,1086250,66.25,0.58
3764,2021-01-29,SAR,2959,1072,1887,45,2912,2,ITG,ITG2,20,Sardegna,Sardegna,1639591,1089209,66.43,0.18
3765,2021-08-02,SAR,13117,6602,6515,6210,6729,178,ITG,ITG2,20,Sardegna,Sardegna,1639591,1102326,67.23,0.8
3766,2021-06-30,SAR,17780,8519,9261,4814,12885,81,ITG,ITG2,20,Sardegna,Sardegna,1639591,1120106,68.32,1.08
3767,2021-03-22,SAR,3692,1494,2198,3099,514,79,ITG,ITG2,20,Sardegna,Sardegna,1639591,1123798,68.54,0.23
3768,2021-04-08,SAR,13446,5936,7510,8213,5119,114,ITG,ITG2,20,Sardegna,Sardegna,1639591,1137244,69.36,0.82
3769,2021-07-14,SAR,16909,8190,8719,3775,13023,111,ITG,ITG2,20,Sardegna,Sardegna,1639591,1154153,70.39,1.03
3770,2020-12-29,SAR,57,32,25,57,0,0,ITG,ITG2,20,Sardegna,Sardegna,1639591,1154210,70.4,0.0
3771,2021-04-22,SAR,10514,4667,5847,5500,4924,90,ITG,ITG2,20,Sardegna,Sardegna,1639591,1164724,71.04,0.64
3772,2021-01-12,SAR,866,408,458,866,0,0,ITG,ITG2,20,Sardegna,Sardegna,1639591,1165590,71.09,0.05
3773,2021-02-10,SAR,1961,766,1195,1435,520,6,ITG,ITG2,20,Sardegna,Sardegna,1639591,1167551,71.21,0.12
3774,2021-02-05,SAR,1901,750,1151,430,1469,2,ITG,ITG2,20,Sardegna,Sardegna,1639591,1169452,71.33,0.12
3775,2021-04-03,SAR,4679,1811,2868,2640,1971,68,ITG,ITG2,20,Sardegna,Sardegna,1639591,1174131,71.61,0.29
3776,2021-05-30,SAR,9728,4837,4891,7300,2358,70,ITG,ITG2,20,Sardegna,Sardegna,1639591,1183859,72.2,0.59
3777,2021-02-19,SAR,1502,473,1029,1401,56,45,ITG,ITG2,20,Sardegna,Sardegna,1639591,1185361,72.3,0.09
3778,2021-06-06,SAR,10035,5001,5034,6315,3651,69,ITG,ITG2,20,Sardegna,Sardegna,1639591,1195396,72.91,0.61
3779,2021-07-26,SAR,14598,7287,7311,4122,10399,77,ITG,ITG2,20,Sardegna,Sardegna,1639591,1209994,73.8,0.89
3780,2021-04-17,SAR,10088,4502,5586,5402,4606,80,ITG,ITG2,20,Sardegna,Sardegna,1639591,1220082,74.41,0.62
3781,2021-01-03,SAR,90,36,54,90,0,0,ITG,ITG2,20,Sardegna,Sardegna,1639591,1220172,74.42,0.01
3782,2021-03-08,SAR,4688,2435,2253,3420,1222,46,ITG,ITG2,20,Sardegna,Sardegna,1639591,1224860,74.71,0.29
3783,2021-05-04,SAR,9564,4398,5166,7543,1869,152,ITG,ITG2,20,Sardegna,Sardegna,1639591,1234424,75.29,0.58
3784,2021-01-24,SAR,91,35,56,5,86,0,ITG,ITG2,20,Sardegna,Sardegna,1639591,1234515,75.29,0.01
3785,2021-06-18,SAR,16488,7508,8980,8604,7769,115,ITG,ITG2,20,Sardegna,Sardegna,1639591,1251003,76.3,1.01
3786,2021-03-10,SAR,6058,2958,3100,5135,853,70,ITG,ITG2,20,Sardegna,Sardegna,1639591,1257061,76.67,0.37
3787,2021-08-14,SAR,1651,950,701,882,763,6,ITG,ITG2,20,Sardegna,Sardegna,1639591,1258712,76.77,0.1
3788,2021-05-06,SAR,12970,6021,6949,9568,3156,246,ITG,ITG2,20,Sardegna,Sardegna,1639591,1271682,77.56,0.79
3789,2021-01-28,SAR,2975,1045,1930,68,2907,0,ITG,ITG2,20,Sardegna,Sardegna,1639591,1274657,77.74,0.18
3790,2021-05-27,SAR,17828,9264,8564,12083,5536,209,ITG,ITG2,20,Sardegna,Sardegna,1639591,1292485,78.83,1.09
3791,2021-02-16,SAR,699,289,410,663,27,9,ITG,ITG2,20,Sardegna,Sardegna,1639591,1293184,78.87,0.04
3792,2021-03-05,SAR,5210,2607,2603,2815,2357,38,ITG,ITG2,20,Sardegna,Sardegna,1639591,1298394,79.19,0.32
3793,2021-05-11,SAR,8963,4187,4776,6401,2430,132,ITG,ITG2,20,Sardegna,Sardegna,1639591,1307357,79.74,0.55
3794,2021-01-31,SAR,2122,752,1370,45,2077,0,ITG,ITG2,20,Sardegna,Sardegna,1639591,1309479,79.87,0.13
3795,2021-02-14,SAR,538,263,275,536,2,0,ITG,ITG2,20,Sardegna,Sardegna,1639591,1310017,79.9,0.03
3796,2021-07-18,SAR,5693,2873,2820,981,4702,10,ITG,ITG2,20,Sardegna,Sardegna,1639591,1315710,80.25,0.35
3797,2021-04-12,SAR,6998,3182,3816,5216,1713,69,ITG,ITG2,20,Sardegna,Sardegna,1639591,1322708,80.67,0.43
3798,2021-01-02,SAR,60,21,39,60,0,0,ITG,ITG2,20,Sardegna,Sardegna,1639591,1322768,80.68,0.0
3799,2021-06-08,SAR,14838,7073,7765,11172,3511,155,ITG,ITG2,20,Sardegna,Sardegna,1639591,1337606,81.58,0.9
3800,2021-02-28,SAR,367,169,198,139,226,2,ITG,ITG2,20,Sardegna,Sardegna,1639591,1337973,81.6,0.02
3801,2021-08-04,SAR,16215,8527,7688,9600,6353,262,ITG,ITG2,20,Sardegna,Sardegna,1639591,1354188,82.59,0.99
3802,2021-04-26,SAR,6860,3275,3585,5865,903,92,ITG,ITG2,20,Sardegna,Sardegna,1639591,1361048,83.01,0.42
3803,2021-03-27,SAR,5733,2192,3541,5223,422,88,ITG,ITG2,20,Sardegna,Sardegna,1639591,1366781,83.36,0.35
3804,2021-05-23,SAR,9970,4811,5159,7626,2246,98,ITG,ITG2,20,Sardegna,Sardegna,1639591,1376751,83.97,0.61
3805,2021-02-12,SAR,2239,934,1305,2174,59,6,ITG,ITG2,20,Sardegna,Sardegna,1639591,1378990,84.11,0.14
3806,2021-07-19,SAR,15236,7634,7602,2796,12390,50,ITG,ITG2,20,Sardegna,Sardegna,1639591,1394226,85.03,0.93
3807,2021-04-10,SAR,10499,4752,5747,8453,1942,104,ITG,ITG2,20,Sardegna,Sardegna,1639591,1404725,85.68,0.64
3808,2021-07-23,SAR,15753,7783,7970,3399,12276,78,ITG,ITG2,20,Sardegna,Sardegna,1639591,1420478,86.64,0.96
3809,2021-04-14,SAR,8267,3910,4357,6967,1239,61,ITG,ITG2,20,Sardegna,Sardegna,1639591,1428745,87.14,0.5
3810,2021-05-01,SAR,9923,4767,5156,5368,4457,98,ITG,ITG2,20,Sardegna,Sardegna,1639591,1438668,87.75,0.61
3811,2021-01-21,SAR,127,61,66,94,33,0,ITG,ITG2,20,Sardegna,Sardegna,1639591,1438795,87.75,0.01
3812,2021-02-07,SAR,1120,396,724,227,892,1,ITG,ITG2,20,Sardegna,Sardegna,1639591,1439915,87.82,0.07
3813,2021-08-11,SAR,11925,6361,5564,6145,5600,180,ITG,ITG2,20,Sardegna,Sardegna,1639591,1451840,88.55,0.73
3814,2021-05-03,SAR,8201,3830,4371,6492,1600,109,ITG,ITG2,20,Sardegna,Sardegna,1639591,1460041,89.05,0.5
3815,2021-05-20,SAR,16372,7884,8488,11268,4899,205,ITG,ITG2,20,Sardegna,Sardegna,1639591,1476413,90.05,1.0
3816,2021-02-09,SAR,2287,835,1452,1284,998,5,ITG,ITG2,20,Sardegna,Sardegna,1639591,1478700,90.19,0.14
3817,2021-02-26,SAR,2801,1105,1696,2444,306,51,ITG,ITG2,20,Sardegna,Sardegna,1639591,1481501,90.36,0.17
3818,2021-07-07,SAR,15909,7729,8180,4086,11771,52,ITG,ITG2,20,Sardegna,Sardegna,1639591,1497410,91.33,0.97
3819,2021-06-22,SAR,19340,8990,10350,7167,12072,101,ITG,ITG2,20,Sardegna,Sardegna,1639591,1516750,92.51,1.18
3820,2021-07-09,SAR,15880,7601,8279,3435,12363,82,ITG,ITG2,20,Sardegna,Sardegna,1639591,1532630,93.48,0.97
3821,2021-03-31,SAR,10261,4152,6109,7703,2432,126,ITG,ITG2,20,Sardegna,Sardegna,1639591,1542891,94.1,0.63
3822,2021-03-01,SAR,2271,1158,1113,1583,659,29,ITG,ITG2,20,Sardegna,Sardegna,1639591,1545162,94.24,0.14
3823,2021-05-13,SAR,12383,5868,6515,8728,3447,208,ITG,ITG2,20,Sardegna,Sardegna,1639591,1557545,95.0,0.76
3824,2021-02-02,SAR,1501,670,831,257,1244,0,ITG,ITG2,20,Sardegna,Sardegna,1639591,1559046,95.09,0.09
3825,2021-03-19,SAR,7263,3045,4218,4992,2217,54,ITG,ITG2,20,Sardegna,Sardegna,1639591,1566309,95.53,0.44
3826,2021-07-16,SAR,16937,8476,8461,4552,12251,134,ITG,ITG2,20,Sardegna,Sardegna,1639591,1583246,96.56,1.03
3827,2021-04-07,SAR,13554,6053,7501,7827,5656,71,ITG,ITG2,20,Sardegna,Sardegna,1639591,1596800,97.39,0.83
3828,2021-04-24,SAR,10371,4852,5519,7889,2351,131,ITG,ITG2,20,Sardegna,Sardegna,1639591,1607171,98.02,0.63
3829,2021-01-14,SAR,1105,425,680,1105,0,0,ITG,ITG2,20,Sardegna,Sardegna,1639591,1608276,98.09,0.07
3830,2021-04-05,SAR,2041,783,1258,2003,1,37,ITG,ITG2,20,Sardegna,Sardegna,1639591,1610317,98.21,0.12
3831,2021-06-29,SAR,17890,8605,9285,3754,14087,49,ITG,ITG2,20,Sardegna,Sardegna,1639591,1628207,99.31,1.09
3832,2021-06-01,SAR,14324,6657,7667,9639,4590,95,ITG,ITG2,20,Sardegna,Sardegna,1639591,1642531,100.18,0.87
3833,2021-02-21,SAR,1588,709,879,1557,30,1,ITG,ITG2,20,Sardegna,Sardegna,1639591,1644119,100.28,0.1
3834,2021-07-28,SAR,16794,8620,8174,6319,10327,148,ITG,ITG2,20,Sardegna,Sardegna,1639591,1660913,101.3,1.02
3835,2021-04-19,SAR,10188,4624,5564,8624,1429,135,ITG,ITG2,20,Sardegna,Sardegna,1639591,1671101,101.92,0.62
3836,2021-01-09,SAR,4014,1415,2599,4014,0,0,ITG,ITG2,20,Sardegna,Sardegna,1639591,1675115,102.17,0.24
3837,2021-06-15,SAR,14696,6810,7886,9819,4742,135,ITG,ITG2,20,Sardegna,Sardegna,1639591,1689811,103.06,0.9
3838,2021-03-07,SAR,1658,751,907,1113,541,4,ITG,ITG2,20,Sardegna,Sardegna,1639591,1691469,103.16,0.1
3839,2021-01-07,SAR,3105,1072,2033,3101,0,4,ITG,ITG2,20,Sardegna,Sardegna,1639591,1694574,103.35,0.19
3840,2021-06-10,SAR,17811,8478,9333,11643,6042,126,ITG,ITG2,20,Sardegna,Sardegna,1639591,1712385,104.44,1.09
3841,2021-08-06,SAR,13824,7175,6649,7993,5660,171,ITG,ITG2,20,Sardegna,Sardegna,1639591,1726209,105.28,0.84
3842,2020-12-31,SAR,32,16,16,32,0,0,ITG,ITG2,20,Sardegna,Sardegna,1639591,1726241,105.28,0.0
3843,2021-07-30,SAR,15201,7854,7347,6622,8413,166,ITG,ITG2,20,Sardegna,Sardegna,1639591,1741442,106.21,0.93
3844,2021-06-03,SAR,16398,7645,8753,10567,5690,141,ITG,ITG2,20,Sardegna,Sardegna,1639591,1757840,107.21,1.0
3845,2021-06-20,SAR,6293,2806,3487,3637,2624,32,ITG,ITG2,20,Sardegna,Sardegna,1639591,1764133,107.6,0.38
3846,2021-05-15,SAR,13810,6429,7381,10196,3435,179,ITG,ITG2,20,Sardegna,Sardegna,1639591,1777943,108.44,0.84
3847,2021-07-11,SAR,6379,3119,3260,1424,4920,35,ITG,ITG2,20,Sardegna,Sardegna,1639591,1784322,108.83,0.39
3848,2021-01-26,SAR,1339,454,885,27,1312,0,ITG,ITG2,20,Sardegna,Sardegna,1639591,1785661,108.91,0.08
3849,2021-03-12,SAR,5973,2618,3355,4518,1308,147,ITG,ITG2,20,Sardegna,Sardegna,1639591,1791634,109.27,0.36
3850,2021-05-08,SAR,13095,5978,7117,10661,2287,147,ITG,ITG2,20,Sardegna,Sardegna,1639591,1804729,110.07,0.8
3851,2021-06-02,SAR,9787,4693,5094,8061,1640,86,ITG,ITG2,20,Sardegna,Sardegna,1639591,1814516,110.67,0.6
3852,2021-07-29,SAR,17903,9048,8855,6528,11209,166,ITG,ITG2,20,Sardegna,Sardegna,1639591,1832419,111.76,1.09
3853,2021-04-20,SAR,11006,4998,6008,7693,3220,93,ITG,ITG2,20,Sardegna,Sardegna,1639591,1843425,112.43,0.67
3854,2021-08-05,SAR,15655,8232,7423,8695,6801,159,ITG,ITG2,20,Sardegna,Sardegna,1639591,1859080,113.39,0.95
3855,2021-02-20,SAR,2040,854,1186,1683,334,23,ITG,ITG2,20,Sardegna,Sardegna,1639591,1861120,113.51,0.12
3856,2021-08-07,SAR,8212,4308,3904,5438,2706,68,ITG,ITG2,20,Sardegna,Sardegna,1639591,1869332,114.01,0.5
3857,2021-04-29,SAR,11124,5107,6017,6612,4357,155,ITG,ITG2,20,Sardegna,Sardegna,1639591,1880456,114.69,0.68
3858,2021-06-25,SAR,16509,7809,8700,3896,12556,57,ITG,ITG2,20,Sardegna,Sardegna,1639591,1896965,115.7,1.01
3859,2021-01-10,SAR,2182,749,1433,2180,0,2,ITG,ITG2,20,Sardegna,Sardegna,1639591,1899147,115.83,0.13
3860,2021-07-02,SAR,18935,8892,10043,4407,14431,97,ITG,ITG2,20,Sardegna,Sardegna,1639591,1918082,116.99,1.15
3861,2021-04-27,SAR,7627,3558,4069,5477,2042,108,ITG,ITG2,20,Sardegna,Sardegna,1639591,1925709,117.45,0.47
3862,2021-01-17,SAR,860,277,583,859,1,0,ITG,ITG2,20,Sardegna,Sardegna,1639591,1926569,117.5,0.05
3863,2021-03-15,SAR,2799,1317,1482,2384,374,41,ITG,ITG2,20,Sardegna,Sardegna,1639591,1929368,117.67,0.17
3864,2021-07-04,SAR,8207,3988,4219,2067,6125,15,ITG,ITG2,20,Sardegna,Sardegna,1639591,1937575,118.17,0.5
3865,2021-03-26,SAR,8470,3518,4952,6811,1528,131,ITG,ITG2,20,Sardegna,Sardegna,1639591,1946045,118.69,0.52
3866,2021-05-22,SAR,24942,11990,12952,19494,5143,305,ITG,ITG2,20,Sardegna,Sardegna,1639591,1970987,120.21,1.52
3867,2021-01-19,SAR,747,269,478,691,55,1,ITG,ITG2,20,Sardegna,Sardegna,1639591,1971734,120.26,0.05
3868,2021-03-17,SAR,6552,2848,3704,4906,1609,37,ITG,ITG2,20,Sardegna,Sardegna,1639591,1978286,120.66,0.4
3869,2021-06-27,SAR,9020,4310,4710,2957,6035,28,ITG,ITG2,20,Sardegna,Sardegna,1639591,1987306,121.21,0.55
3870,2021-03-24,SAR,7403,3111,4292,5907,1357,139,ITG,ITG2,20,Sardegna,Sardegna,1639591,1994709,121.66,0.45
3871,2021-03-22,PAB,1162,528,634,1141,21,0,ITH,ITH1,4,Provincia Autonoma Bolzano / Bozen,P.A. Bolzano,533050,1162,0.22,0.22
3872,2021-01-24,PAB,12,10,2,0,12,0,ITH,ITH1,4,Provincia Autonoma Bolzano / Bozen,P.A. Bolzano,533050,1174,0.22,0.0
3873,2021-06-20,PAB,5240,2848,2392,595,4597,48,ITH,ITH1,4,Provincia Autonoma Bolzano / Bozen,P.A. Bolzano,533050,6414,1.2,0.98
3874,2021-02-07,PAB,2364,1059,1305,14,2350,0,ITH,ITH1,4,Provincia Autonoma Bolzano / Bozen,P.A. Bolzano,533050,8778,1.65,0.44
3875,2021-05-18,PAB,3348,1757,1591,2075,1191,82,ITH,ITH1,4,Provincia Autonoma Bolzano / Bozen,P.A. Bolzano,533050,12126,2.27,0.63
3876,2021-05-20,PAB,4965,2498,2467,3342,1473,150,ITH,ITH1,4,Provincia Autonoma Bolzano / Bozen,P.A. Bolzano,533050,17091,3.21,0.93
3877,2021-08-11,PAB,785,388,397,477,308,0,ITH,ITH1,4,Provincia Autonoma Bolzano / Bozen,P.A. Bolzano,533050,17876,3.35,0.15
3878,2021-07-09,PAB,5221,2610,2611,912,4163,146,ITH,ITH1,4,Provincia Autonoma Bolzano / Bozen,P.A. Bolzano,533050,23097,4.33,0.98
3879,2021-03-31,PAB,1835,695,1140,821,1014,0,ITH,ITH1,4,Provincia Autonoma Bolzano / Bozen,P.A. Bolzano,533050,24932,4.68,0.34
3880,2021-02-12,PAB,730,217,513,482,248,0,ITH,ITH1,4,Provincia Autonoma Bolzano / Bozen,P.A. Bolzano,533050,25662,4.81,0.14
3881,2021-04-10,PAB,5416,2673,2743,4826,590,0,ITH,ITH1,4,Provincia Autonoma Bolzano / Bozen,P.A. Bolzano,533050,31078,5.83,1.02
3882,2020-12-31,PAB,929,528,401,929,0,0,ITH,ITH1,4,Provincia Autonoma Bolzano / Bozen,P.A. Bolzano,533050,32007,6.0,0.17
3883,2021-04-19,PAB,1876,860,1016,1694,182,0,ITH,ITH1,4,Provincia Autonoma Bolzano / Bozen,P.A. Bolzano,533050,33883,6.36,0.35
3884,2021-06-15,PAB,2043,1183,860,480,1533,30,ITH,ITH1,4,Provincia Autonoma Bolzano / Bozen,P.A. Bolzano,533050,35926,6.74,0.38
3885,2021-07-28,PAB,1435,783,652,863,495,77,ITH,ITH1,4,Provincia Autonoma Bolzano / Bozen,P.A. Bolzano,533050,37361,7.01,0.27
3886,2021-01-26,PAB,810,291,519,1,809,0,ITH,ITH1,4,Provincia Autonoma Bolzano / Bozen,P.A. Bolzano,533050,38171,7.16,0.15
3887,2021-07-02,PAB,3202,1658,1544,857,2172,173,ITH,ITH1,4,Provincia Autonoma Bolzano / Bozen,P.A. Bolzano,533050,41373,7.76,0.6
3888,2021-03-24,PAB,2065,1000,1065,2051,13,1,ITH,ITH1,4,Provincia Autonoma Bolzano / Bozen,P.A. Bolzano,533050,43438,8.15,0.39
3889,2021-03-10,PAB,1271,531,740,1127,144,0,ITH,ITH1,4,Provincia Autonoma Bolzano / Bozen,P.A. Bolzano,533050,44709,8.39,0.24
3890,2021-05-06,PAB,5190,2751,2439,2373,2570,247,ITH,ITH1,4,Provincia Autonoma Bolzano / Bozen,P.A. Bolzano,533050,49899,9.36,0.97
3891,2021-07-16,PAB,4507,2446,2061,1050,3316,141,ITH,ITH1,4,Provincia Autonoma Bolzano / Bozen,P.A. Bolzano,533050,54406,10.21,0.85
3892,2021-04-24,PAB,5119,2458,2661,4632,487,0,ITH,ITH1,4,Provincia Autonoma Bolzano / Bozen,P.A. Bolzano,533050,59525,11.17,0.96
3893,2021-08-02,PAB,2125,1275,850,1162,874,89,ITH,ITH1,4,Provincia Autonoma Bolzano / Bozen,P.A. Bolzano,533050,61650,11.57,0.4
3894,2021-07-14,PAB,870,452,418,471,360,39,ITH,ITH1,4,Provincia Autonoma Bolzano / Bozen,P.A. Bolzano,533050,62520,11.73,0.16
3895,2021-04-05,PAB,304,147,157,24,280,0,ITH,ITH1,4,Provincia Autonoma Bolzano / Bozen,P.A. Bolzano,533050,62824,11.79,0.06
3896,2021-06-27,PAB,4426,2314,2112,573,3808,45,ITH,ITH1,4,Provincia Autonoma Bolzano / Bozen,P.A. Bolzano,533050,67250,12.62,0.83
3897,2021-01-12,PAB,1709,459,1250,1709,0,0,ITH,ITH1,4,Provincia Autonoma Bolzano / Bozen,P.A. Bolzano,533050,68959,12.94,0.32
3898,2021-06-06,PAB,4548,2186,2362,810,3689,49,ITH,ITH1,4,Provincia Autonoma Bolzano / Bozen,P.A. Bolzano,533050,73507,13.79,0.85
3899,2021-02-26,PAB,1528,551,977,1498,30,0,ITH,ITH1,4,Provincia Autonoma Bolzano / Bozen,P.A. Bolzano,533050,75035,14.08,0.29
3900,2021-06-01,PAB,3669,2381,1288,2054,1477,138,ITH,ITH1,4,Provincia Autonoma Bolzano / Bozen,P.A. Bolzano,533050,78704,14.76,0.69
3901,2021-02-19,PAB,2252,512,1740,2241,11,0,ITH,ITH1,4,Provincia Autonoma Bolzano / Bozen,P.A. Bolzano,533050,80956,15.19,0.42
3902,2021-03-05,PAB,1843,627,1216,1397,443,3,ITH,ITH1,4,Provincia Autonoma Bolzano / Bozen,P.A. Bolzano,533050,82799,15.53,0.35
3903,2021-05-27,PAB,6196,3267,2929,3900,2012,284,ITH,ITH1,4,Provincia Autonoma Bolzano / Bozen,P.A. Bolzano,533050,88995,16.7,1.16
3904,2021-06-13,PAB,3686,2053,1633,452,3195,39,ITH,ITH1,4,Provincia Autonoma Bolzano / Bozen,P.A. Bolzano,533050,92681,17.39,0.69
3905,2021-05-25,PAB,3896,2022,1874,2908,888,100,ITH,ITH1,4,Provincia Autonoma Bolzano / Bozen,P.A. Bolzano,533050,96577,18.12,0.73
3906,2021-02-14,PAB,297,130,167,297,0,0,ITH,ITH1,4,Provincia Autonoma Bolzano / Bozen,P.A. Bolzano,533050,96874,18.17,0.06
3907,2021-05-08,PAB,4430,2383,2047,3574,665,191,ITH,ITH1,4,Provincia Autonoma Bolzano / Bozen,P.A. Bolzano,533050,101304,19.0,0.83
3908,2021-03-03,PAB,1181,395,786,1168,13,0,ITH,ITH1,4,Provincia Autonoma Bolzano / Bozen,P.A. Bolzano,533050,102485,19.23,0.22
3909,2021-08-09,PAB,1533,855,678,1119,414,0,ITH,ITH1,4,Provincia Autonoma Bolzano / Bozen,P.A. Bolzano,533050,104018,19.51,0.29
3910,2021-05-01,PAB,2105,1067,1038,1815,160,130,ITH,ITH1,4,Provincia Autonoma Bolzano / Bozen,P.A. Bolzano,533050,106123,19.91,0.39
3911,2021-03-12,PAB,1666,734,932,1252,413,1,ITH,ITH1,4,Provincia Autonoma Bolzano / Bozen,P.A. Bolzano,533050,107789,20.22,0.31
3912,2021-03-29,PAB,1172,500,672,412,760,0,ITH,ITH1,4,Provincia Autonoma Bolzano / Bozen,P.A. Bolzano,533050,108961,20.44,0.22
3913,2021-07-23,PAB,4354,2373,1981,1693,2391,270,ITH,ITH1,4,Provincia Autonoma Bolzano / Bozen,P.A. Bolzano,533050,113315,21.26,0.82
3914,2021-01-05,PAB,830,286,544,829,0,1,ITH,ITH1,4,Provincia Autonoma Bolzano / Bozen,P.A. Bolzano,533050,114145,21.41,0.16
3915,2021-01-23,PAB,197,117,80,0,197,0,ITH,ITH1,4,Provincia Autonoma Bolzano / Bozen,P.A. Bolzano,533050,114342,21.45,0.04
3916,2021-05-03,PAB,1837,851,986,398,1418,21,ITH,ITH1,4,Provincia Autonoma Bolzano / Bozen,P.A. Bolzano,533050,116179,21.8,0.34
3917,2021-02-23,PAB,769,324,445,763,6,0,ITH,ITH1,4,Provincia Autonoma Bolzano / Bozen,P.A. Bolzano,533050,116948,21.94,0.14
3918,2021-05-17,PAB,3146,1521,1625,2280,696,170,ITH,ITH1,4,Provincia Autonoma Bolzano / Bozen,P.A. Bolzano,533050,120094,22.53,0.59
3919,2021-07-04,PAB,4418,2131,2287,160,4230,28,ITH,ITH1,4,Provincia Autonoma Bolzano / Bozen,P.A. Bolzano,533050,124512,23.36,0.83
3920,2021-03-17,PAB,582,213,369,580,2,0,ITH,ITH1,4,Provincia Autonoma Bolzano / Bozen,P.A. Bolzano,533050,125094,23.47,0.11
3921,2021-05-13,PAB,2999,1357,1642,1017,1933,49,ITH,ITH1,4,Provincia Autonoma Bolzano / Bozen,P.A. Bolzano,533050,128093,24.03,0.56
3922,2021-04-29,PAB,2637,1355,1282,1942,695,0,ITH,ITH1,4,Provincia Autonoma Bolzano / Bozen,P.A. Bolzano,533050,130730,24.52,0.49
3923,2021-01-19,PAB,853,371,482,723,130,0,ITH,ITH1,4,Provincia Autonoma Bolzano / Bozen,P.A. Bolzano,533050,131583,24.68,0.16
3924,2021-06-25,PAB,4178,2308,1870,1024,3015,139,ITH,ITH1,4,Provincia Autonoma Bolzano / Bozen,P.A. Bolzano,533050,135761,25.47,0.78
3925,2021-04-17,PAB,5255,2609,2646,5211,44,0,ITH,ITH1,4,Provincia Autonoma Bolzano / Bozen,P.A. Bolzano,533050,141016,26.45,0.99
3926,2021-01-07,PAB,920,328,592,920,0,0,ITH,ITH1,4,Provincia Autonoma Bolzano / Bozen,P.A. Bolzano,533050,141936,26.63,0.17
3927,2021-07-21,PAB,3219,1881,1338,523,2644,52,ITH,ITH1,4,Provincia Autonoma Bolzano / Bozen,P.A. Bolzano,533050,145155,27.23,0.6
3928,2021-04-12,PAB,2110,948,1162,2103,7,0,ITH,ITH1,4,Provincia Autonoma Bolzano / Bozen,P.A. Bolzano,533050,147265,27.63,0.4
3929,2021-06-29,PAB,1878,1015,863,242,1616,20,ITH,ITH1,4,Provincia Autonoma Bolzano / Bozen,P.A. Bolzano,533050,149143,27.98,0.35
3930,2021-03-21,PAB,769,286,483,15,754,0,ITH,ITH1,4,Provincia Autonoma Bolzano / Bozen,P.A. Bolzano,533050,149912,28.12,0.14
3931,2021-08-04,PAB,3378,1792,1586,2314,956,108,ITH,ITH1,4,Provincia Autonoma Bolzano / Bozen,P.A. Bolzano,533050,153290,28.76,0.63
3932,2021-06-08,PAB,4228,2163,2065,878,3322,28,ITH,ITH1,4,Provincia Autonoma Bolzano / Bozen,P.A. Bolzano,533050,157518,29.55,0.79
3933,2021-05-10,PAB,3027,1305,1722,1337,1609,81,ITH,ITH1,4,Provincia Autonoma Bolzano / Bozen,P.A. Bolzano,533050,160545,30.12,0.57
3934,2021-08-01,PAB,1294,750,544,691,549,54,ITH,ITH1,4,Provincia Autonoma Bolzano / Bozen,P.A. Bolzano,533050,161839,30.36,0.24
3935,2021-08-08,PAB,1573,854,719,742,831,0,ITH,ITH1,4,Provincia Autonoma Bolzano / Bozen,P.A. Bolzano,533050,163412,30.66,0.3
3936,2021-01-21,PAB,969,452,517,140,829,0,ITH,ITH1,4,Provincia Autonoma Bolzano / Bozen,P.A. Bolzano,533050,164381,30.84,0.18
3937,2021-07-25,PAB,1891,1127,764,665,1146,80,ITH,ITH1,4,Provincia Autonoma Bolzano / Bozen,P.A. Bolzano,533050,166272,31.19,0.35
3938,2021-06-03,PAB,4874,2657,2217,3674,972,228,ITH,ITH1,4,Provincia Autonoma Bolzano / Bozen,P.A. Bolzano,533050,171146,32.11,0.91
3939,2021-07-06,PAB,1721,925,796,684,982,55,ITH,ITH1,4,Provincia Autonoma Bolzano / Bozen,P.A. Bolzano,533050,172867,32.43,0.32
3940,2021-06-22,PAB,2470,1422,1048,319,2125,26,ITH,ITH1,4,Provincia Autonoma Bolzano / Bozen,P.A. Bolzano,533050,175337,32.89,0.46
3941,2021-03-14,PAB,758,336,422,25,733,0,ITH,ITH1,4,Provincia Autonoma Bolzano / Bozen,P.A. Bolzano,533050,176095,33.04,0.14
3942,2021-04-14,PAB,3603,1650,1953,3508,95,0,ITH,ITH1,4,Provincia Autonoma Bolzano / Bozen,P.A. Bolzano,533050,179698,33.71,0.68
3943,2021-01-04,PAB,510,201,309,510,0,0,ITH,ITH1,4,Provincia Autonoma Bolzano / Bozen,P.A. Bolzano,533050,180208,33.81,0.1
3944,2021-02-09,PAB,317,126,191,1,316,0,ITH,ITH1,4,Provincia Autonoma Bolzano / Bozen,P.A. Bolzano,533050,180525,33.87,0.06
3945,2021-07-13,PAB,3380,1731,1649,1312,1928,140,ITH,ITH1,4,Provincia Autonoma Bolzano / Bozen,P.A. Bolzano,533050,183905,34.5,0.63
3946,2021-02-02,PAB,1752,509,1243,8,1744,0,ITH,ITH1,4,Provincia Autonoma Bolzano / Bozen,P.A. Bolzano,533050,185657,34.83,0.33
3947,2021-05-15,PAB,7019,3695,3324,6334,294,391,ITH,ITH1,4,Provincia Autonoma Bolzano / Bozen,P.A. Bolzano,533050,192676,36.15,1.32
3948,2021-02-04,PAB,1965,596,1369,8,1957,0,ITH,ITH1,4,Provincia Autonoma Bolzano / Bozen,P.A. Bolzano,533050,194641,36.51,0.37
3949,2021-07-11,PAB,6070,3093,2977,1083,4875,112,ITH,ITH1,4,Provincia Autonoma Bolzano / Bozen,P.A. Bolzano,533050,200711,37.65,1.14
3950,2021-04-02,PAB,2090,841,1249,701,1357,32,ITH,ITH1,4,Provincia Autonoma Bolzano / Bozen,P.A. Bolzano,533050,202801,38.05,0.39
3951,2021-05-29,PAB,7338,3907,3431,4042,3142,154,ITH,ITH1,4,Provincia Autonoma Bolzano / Bozen,P.A. Bolzano,533050,210139,39.42,1.38
3952,2021-06-12,PAB,5073,2753,2320,1653,3289,131,ITH,ITH1,4,Provincia Autonoma Bolzano / Bozen,P.A. Bolzano,533050,215212,40.37,0.95
3953,2021-01-14,PAB,1952,578,1374,1952,0,0,ITH,ITH1,4,Provincia Autonoma Bolzano / Bozen,P.A. Bolzano,533050,217164,40.74,0.37
3954,2021-04-07,PAB,1801,824,977,1260,541,0,ITH,ITH1,4,Provincia Autonoma Bolzano / Bozen,P.A. Bolzano,533050,218965,41.08,0.34
3955,2021-03-02,PAB,696,200,496,694,2,0,ITH,ITH1,4,Provincia Autonoma Bolzano / Bozen,P.A. Bolzano,533050,219661,41.21,0.13
3956,2021-03-19,PAB,1920,777,1143,800,1120,0,ITH,ITH1,4,Provincia Autonoma Bolzano / Bozen,P.A. Bolzano,533050,221581,41.57,0.36
3957,2021-02-16,PAB,530,205,325,530,0,0,ITH,ITH1,4,Provincia Autonoma Bolzano / Bozen,P.A. Bolzano,533050,222111,41.67,0.1
3958,2021-01-28,PAB,871,308,563,9,862,0,ITH,ITH1,4,Provincia Autonoma Bolzano / Bozen,P.A. Bolzano,533050,222982,41.83,0.16
3959,2021-04-25,PAB,3077,1500,1577,2405,672,0,ITH,ITH1,4,Provincia Autonoma Bolzano / Bozen,P.A. Bolzano,533050,226059,42.41,0.58
3960,2021-08-06,PAB,3621,1907,1714,1197,2423,1,ITH,ITH1,4,Provincia Autonoma Bolzano / Bozen,P.A. Bolzano,533050,229680,43.09,0.68
3961,2021-04-28,PAB,2469,1307,1162,2464,5,0,ITH,ITH1,4,Provincia Autonoma Bolzano / Bozen,P.A. Bolzano,533050,232149,43.55,0.46
3962,2021-01-16,PAB,2840,1265,1575,2840,0,0,ITH,ITH1,4,Provincia Autonoma Bolzano / Bozen,P.A. Bolzano,533050,234989,44.08,0.53
3963,2021-02-06,PAB,2632,1175,1457,19,2613,0,ITH,ITH1,4,Provincia Autonoma Bolzano / Bozen,P.A. Bolzano,533050,237621,44.58,0.49
3964,2021-06-21,PAB,3167,1614,1553,260,2867,40,ITH,ITH1,4,Provincia Autonoma Bolzano / Bozen,P.A. Bolzano,533050,240788,45.17,0.59
3965,2021-06-05,PAB,6086,3034,3052,4699,1097,290,ITH,ITH1,4,Provincia Autonoma Bolzano / Bozen,P.A. Bolzano,533050,246874,46.31,1.14
3966,2021-04-30,PAB,3347,1598,1749,1568,1779,0,ITH,ITH1,4,Provincia Autonoma Bolzano / Bozen,P.A. Bolzano,533050,250221,46.94,0.63
3967,2021-01-20,PAB,619,254,365,410,209,0,ITH,ITH1,4,Provincia Autonoma Bolzano / Bozen,P.A. Bolzano,533050,250840,47.06,0.12
3968,2021-07-22,PAB,3726,1937,1789,1722,1787,217,ITH,ITH1,4,Provincia Autonoma Bolzano / Bozen,P.A. Bolzano,533050,254566,47.76,0.7
3969,2021-01-06,PAB,59,18,41,59,0,0,ITH,ITH1,4,Provincia Autonoma Bolzano / Bozen,P.A. Bolzano,533050,254625,47.77,0.01
3970,2021-03-26,PAB,1662,736,926,524,1137,1,ITH,ITH1,4,Provincia Autonoma Bolzano / Bozen,P.A. Bolzano,533050,256287,48.08,0.31
3971,2021-04-09,PAB,2942,1303,1639,2212,730,0,ITH,ITH1,4,Provincia Autonoma Bolzano / Bozen,P.A. Bolzano,533050,259229,48.63,0.55
3972,2021-05-22,PAB,6842,3571,3271,4478,2168,196,ITH,ITH1,4,Provincia Autonoma Bolzano / Bozen,P.A. Bolzano,533050,266071,49.91,1.28
3973,2021-02-11,PAB,1094,432,662,239,855,0,ITH,ITH1,4,Provincia Autonoma Bolzano / Bozen,P.A. Bolzano,533050,267165,50.12,0.21
3974,2021-07-18,PAB,1864,1032,832,640,1149,75,ITH,ITH1,4,Provincia Autonoma Bolzano / Bozen,P.A. Bolzano,533050,269029,50.47,0.35
3975,2021-02-18,PAB,1839,457,1382,1831,7,1,ITH,ITH1,4,Provincia Autonoma Bolzano / Bozen,P.A. Bolzano,533050,270868,50.81,0.34
3976,2021-07-20,PAB,3131,1729,1402,1399,1523,209,ITH,ITH1,4,Provincia Autonoma Bolzano / Bozen,P.A. Bolzano,533050,273999,51.4,0.59
3977,2021-05-31,PAB,3042,1499,1543,2061,867,114,ITH,ITH1,4,Provincia Autonoma Bolzano / Bozen,P.A. Bolzano,533050,277041,51.97,0.57
3978,2021-08-03,PAB,2702,1448,1254,1754,821,127,ITH,ITH1,4,Provincia Autonoma Bolzano / Bozen,P.A. Bolzano,533050,279743,52.48,0.51
3979,2021-01-13,PAB,1726,569,1157,1726,0,0,ITH,ITH1,4,Provincia Autonoma Bolzano / Bozen,P.A. Bolzano,533050,281469,52.8,0.32
3980,2021-01-30,PAB,498,245,253,4,494,0,ITH,ITH1,4,Provincia Autonoma Bolzano / Bozen,P.A. Bolzano,533050,281967,52.9,0.09
3981,2021-04-23,PAB,4554,2157,2397,3261,1293,0,ITH,ITH1,4,Provincia Autonoma Bolzano / Bozen,P.A. Bolzano,533050,286521,53.75,0.85
3982,2021-07-01,PAB,4635,2302,2333,1311,3165,159,ITH,ITH1,4,Provincia Autonoma Bolzano / Bozen,P.A. Bolzano,533050,291156,54.62,0.87
3983,2021-03-04,PAB,1718,1008,710,1487,229,2,ITH,ITH1,4,Provincia Autonoma Bolzano / Bozen,P.A. Bolzano,533050,292874,54.94,0.32
3984,2021-06-10,PAB,4489,2327,2162,1300,3097,92,ITH,ITH1,4,Provincia Autonoma Bolzano / Bozen,P.A. Bolzano,533050,297363,55.79,0.84
3985,2021-08-13,PAB,2410,1263,1147,1329,1081,0,ITH,ITH1,4,Provincia Autonoma Bolzano / Bozen,P.A. Bolzano,533050,299773,56.24,0.45
3986,2021-04-26,PAB,1549,776,773,1544,5,0,ITH,ITH1,4,Provincia Autonoma Bolzano / Bozen,P.A. Bolzano,533050,301322,56.53,0.29
3987,2021-07-10,PAB,5805,2997,2808,927,4742,136,ITH,ITH1,4,Provincia Autonoma Bolzano / Bozen,P.A. Bolzano,533050,307127,57.62,1.09
3988,2021-03-28,PAB,569,212,357,11,558,0,ITH,ITH1,4,Provincia Autonoma Bolzano / Bozen,P.A. Bolzano,533050,307696,57.72,0.11
3989,2021-08-10,PAB,1828,1002,826,1554,274,0,ITH,ITH1,4,Provincia Autonoma Bolzano / Bozen,P.A. Bolzano,533050,309524,58.07,0.34
3990,2021-03-30,PAB,1302,532,770,221,1081,0,ITH,ITH1,4,Provincia Autonoma Bolzano / Bozen,P.A. Bolzano,533050,310826,58.31,0.24
3991,2021-04-16,PAB,2959,1424,1535,2444,514,1,ITH,ITH1,4,Provincia Autonoma Bolzano / Bozen,P.A. Bolzano,533050,313785,58.87,0.56
3992,2021-07-08,PAB,5510,2783,2727,546,4886,78,ITH,ITH1,4,Provincia Autonoma Bolzano / Bozen,P.A. Bolzano,533050,319295,59.9,1.03
3993,2021-06-19,PAB,5663,3016,2647,555,5036,72,ITH,ITH1,4,Provincia Autonoma Bolzano / Bozen,P.A. Bolzano,533050,324958,60.96,1.06
3994,2021-03-11,PAB,1691,830,861,1145,539,7,ITH,ITH1,4,Provincia Autonoma Bolzano / Bozen,P.A. Bolzano,533050,326649,61.28,0.32
3995,2021-02-25,PAB,1498,549,949,1497,1,0,ITH,ITH1,4,Provincia Autonoma Bolzano / Bozen,P.A. Bolzano,533050,328147,61.56,0.28
3996,2021-06-02,PAB,1468,824,644,978,459,31,ITH,ITH1,4,Provincia Autonoma Bolzano / Bozen,P.A. Bolzano,533050,329615,61.84,0.28
3997,2021-07-29,PAB,1337,716,621,707,570,60,ITH,ITH1,4,Provincia Autonoma Bolzano / Bozen,P.A. Bolzano,533050,330952,62.09,0.25
3998,2020-12-30,PAB,389,183,206,389,0,0,ITH,ITH1,4,Provincia Autonoma Bolzano / Bozen,P.A. Bolzano,533050,331341,62.16,0.07
3999,2021-01-01,PAB,6,5,1,6,0,0,ITH,ITH1,4,Provincia Autonoma Bolzano / Bozen,P.A. Bolzano,533050,331347,62.16,0.0
4000,2021-06-07,PAB,2980,1551,1429,2522,319,139,ITH,ITH1,4,Provincia Autonoma Bolzano / Bozen,P.A. Bolzano,533050,334327,62.72,0.56
4001,2021-02-27,PAB,2458,759,1699,2448,10,0,ITH,ITH1,4,Provincia Autonoma Bolzano / Bozen,P.A. Bolzano,533050,336785,63.18,0.46
4002,2021-02-13,PAB,318,79,239,312,6,0,ITH,ITH1,4,Provincia Autonoma Bolzano / Bozen,P.A. Bolzano,533050,337103,63.24,0.06
4003,2021-04-11,PAB,2733,1300,1433,2556,177,0,ITH,ITH1,4,Provincia Autonoma Bolzano / Bozen,P.A. Bolzano,533050,339836,63.75,0.51
4004,2021-01-11,PAB,1590,521,1069,1590,0,0,ITH,ITH1,4,Provincia Autonoma Bolzano / Bozen,P.A. Bolzano,533050,341426,64.05,0.3
4005,2021-07-15,PAB,4388,2315,2073,1504,2699,185,ITH,ITH1,4,Provincia Autonoma Bolzano / Bozen,P.A. Bolzano,533050,345814,64.87,0.82
4006,2021-04-06,PAB,2255,1120,1135,2151,104,0,ITH,ITH1,4,Provincia Autonoma Bolzano / Bozen,P.A. Bolzano,533050,348069,65.3,0.42
4007,2021-07-17,PAB,3143,1798,1345,703,2349,91,ITH,ITH1,4,Provincia Autonoma Bolzano / Bozen,P.A. Bolzano,533050,351212,65.89,0.59
4008,2021-04-08,PAB,2793,1360,1433,2582,206,5,ITH,ITH1,4,Provincia Autonoma Bolzano / Bozen,P.A. Bolzano,533050,354005,66.41,0.52
4009,2021-05-26,PAB,5017,2535,2482,2869,1976,172,ITH,ITH1,4,Provincia Autonoma Bolzano / Bozen,P.A. Bolzano,533050,359022,67.35,0.94
4010,2021-06-14,PAB,2981,1615,1366,575,2360,46,ITH,ITH1,4,Provincia Autonoma Bolzano / Bozen,P.A. Bolzano,533050,362003,67.91,0.56
4011,2021-01-18,PAB,1774,687,1087,1769,5,0,ITH,ITH1,4,Provincia Autonoma Bolzano / Bozen,P.A. Bolzano,533050,363777,68.24,0.33
4012,2021-05-07,PAB,4200,2063,2137,3398,528,274,ITH,ITH1,4,Provincia Autonoma Bolzano / Bozen,P.A. Bolzano,533050,367977,69.03,0.79
4013,2021-06-04,PAB,6619,3325,3294,4849,1535,235,ITH,ITH1,4,Provincia Autonoma Bolzano / Bozen,P.A. Bolzano,533050,374596,70.27,1.24
4014,2021-02-24,PAB,1368,407,961,1356,12,0,ITH,ITH1,4,Provincia Autonoma Bolzano / Bozen,P.A. Bolzano,533050,375964,70.53,0.26
4015,2021-03-27,PAB,3053,1554,1499,1545,1508,0,ITH,ITH1,4,Provincia Autonoma Bolzano / Bozen,P.A. Bolzano,533050,379017,71.1,0.57
4016,2021-03-13,PAB,2886,1460,1426,2785,101,0,ITH,ITH1,4,Provincia Autonoma Bolzano / Bozen,P.A. Bolzano,533050,381903,71.64,0.54
4017,2021-02-08,PAB,2,1,1,1,1,0,ITH,ITH1,4,Provincia Autonoma Bolzano / Bozen,P.A. Bolzano,533050,381905,71.65,0.0
4018,2021-05-19,PAB,3875,1990,1885,1952,1789,134,ITH,ITH1,4,Provincia Autonoma Bolzano / Bozen,P.A. Bolzano,533050,385780,72.37,0.73
4019,2021-01-03,PAB,41,16,25,41,0,0,ITH,ITH1,4,Provincia Autonoma Bolzano / Bozen,P.A. Bolzano,533050,385821,72.38,0.01
4020,2021-04-13,PAB,2399,1134,1265,2392,7,0,ITH,ITH1,4,Provincia Autonoma Bolzano / Bozen,P.A. Bolzano,533050,388220,72.83,0.45
4021,2021-06-09,PAB,3839,1906,1933,1252,2478,109,ITH,ITH1,4,Provincia Autonoma Bolzano / Bozen,P.A. Bolzano,533050,392059,73.55,0.72
4022,2021-03-01,PAB,925,223,702,924,1,0,ITH,ITH1,4,Provincia Autonoma Bolzano / Bozen,P.A. Bolzano,533050,392984,73.72,0.17
4023,2021-08-05,PAB,3457,1879,1578,1793,1576,88,ITH,ITH1,4,Provincia Autonoma Bolzano / Bozen,P.A. Bolzano,533050,396441,74.37,0.65
4024,2021-03-15,PAB,1194,452,742,711,482,1,ITH,ITH1,4,Provincia Autonoma Bolzano / Bozen,P.A. Bolzano,533050,397635,74.6,0.22
4025,2021-04-27,PAB,2234,1015,1219,1156,1078,0,ITH,ITH1,4,Provincia Autonoma Bolzano / Bozen,P.A. Bolzano,533050,399869,75.02,0.42
4026,2021-01-17,PAB,2329,1044,1285,2318,11,0,ITH,ITH1,4,Provincia Autonoma Bolzano / Bozen,P.A. Bolzano,533050,402198,75.45,0.44
4027,2021-06-23,PAB,1152,595,557,332,768,52,ITH,ITH1,4,Provincia Autonoma Bolzano / Bozen,P.A. Bolzano,533050,403350,75.67,0.22
4028,2021-05-24,PAB,1458,768,690,1059,335,64,ITH,ITH1,4,Provincia Autonoma Bolzano / Bozen,P.A. Bolzano,533050,404808,75.94,0.27
4029,2021-02-20,PAB,1802,540,1262,1784,18,0,ITH,ITH1,4,Provincia Autonoma Bolzano / Bozen,P.A. Bolzano,533050,406610,76.28,0.34
4030,2021-07-27,PAB,3147,1881,1266,882,2179,86,ITH,ITH1,4,Provincia Autonoma Bolzano / Bozen,P.A. Bolzano,533050,409757,76.87,0.59
4031,2021-04-18,PAB,3116,1611,1505,2104,1012,0,ITH,ITH1,4,Provincia Autonoma Bolzano / Bozen,P.A. Bolzano,533050,412873,77.45,0.58
4032,2020-12-27,PAB,144,65,79,144,0,0,ITH,ITH1,4,Provincia Autonoma Bolzano / Bozen,P.A. Bolzano,533050,413017,77.48,0.03
4033,2021-06-30,PAB,3062,1564,1498,399,2606,57,ITH,ITH1,4,Provincia Autonoma Bolzano / Bozen,P.A. Bolzano,533050,416079,78.06,0.57
4034,2021-06-11,PAB,5815,2991,2824,2112,3486,217,ITH,ITH1,4,Provincia Autonoma Bolzano / Bozen,P.A. Bolzano,533050,421894,79.15,1.09
4035,2021-03-20,PAB,1759,850,909,1134,625,0,ITH,ITH1,4,Provincia Autonoma Bolzano / Bozen,P.A. Bolzano,533050,423653,79.48,0.33
4036,2021-02-15,PAB,72,42,30,26,46,0,ITH,ITH1,4,Provincia Autonoma Bolzano / Bozen,P.A. Bolzano,533050,423725,79.49,0.01
4037,2021-05-11,PAB,2848,1337,1511,1255,1523,70,ITH,ITH1,4,Provincia Autonoma Bolzano / Bozen,P.A. Bolzano,533050,426573,80.02,0.53
4038,2021-07-31,PAB,3164,1718,1446,2108,922,134,ITH,ITH1,4,Provincia Autonoma Bolzano / Bozen,P.A. Bolzano,533050,429737,80.62,0.59
4039,2021-01-29,PAB,1512,517,995,24,1488,0,ITH,ITH1,4,Provincia Autonoma Bolzano / Bozen,P.A. Bolzano,533050,431249,80.9,0.28
4040,2021-07-03,PAB,5636,2792,2844,975,4563,98,ITH,ITH1,4,Provincia Autonoma Bolzano / Bozen,P.A. Bolzano,533050,436885,81.96,1.06
4041,2021-05-05,PAB,4161,1948,2213,1826,2118,217,ITH,ITH1,4,Provincia Autonoma Bolzano / Bozen,P.A. Bolzano,533050,441046,82.74,0.78
4042,2021-01-25,PAB,493,187,306,3,490,0,ITH,ITH1,4,Provincia Autonoma Bolzano / Bozen,P.A. Bolzano,533050,441539,82.83,0.09
4043,2021-03-23,PAB,1555,760,795,1554,1,0,ITH,ITH1,4,Provincia Autonoma Bolzano / Bozen,P.A. Bolzano,533050,443094,83.12,0.29
4044,2021-04-01,PAB,2791,1409,1382,2645,146,0,ITH,ITH1,4,Provincia Autonoma Bolzano / Bozen,P.A. Bolzano,533050,445885,83.65,0.52
4045,2021-02-05,PAB,3201,1186,2015,8,3193,0,ITH,ITH1,4,Provincia Autonoma Bolzano / Bozen,P.A. Bolzano,533050,449086,84.25,0.6
4046,2021-04-15,PAB,4410,2314,2096,4143,267,0,ITH,ITH1,4,Provincia Autonoma Bolzano / Bozen,P.A. Bolzano,533050,453496,85.08,0.83
4047,2021-07-24,PAB,4811,2840,1971,1361,3327,123,ITH,ITH1,4,Provincia Autonoma Bolzano / Bozen,P.A. Bolzano,533050,458307,85.98,0.9
4048,2021-07-26,PAB,1626,938,688,1123,411,92,ITH,ITH1,4,Provincia Autonoma Bolzano / Bozen,P.A. Bolzano,533050,459933,86.28,0.31
4049,2021-02-22,PAB,526,143,383,514,12,0,ITH,ITH1,4,Provincia Autonoma Bolzano / Bozen,P.A. Bolzano,533050,460459,86.38,0.1
4050,2021-07-07,PAB,1991,1033,958,590,1336,65,ITH,ITH1,4,Provincia Autonoma Bolzano / Bozen,P.A. Bolzano,533050,462450,86.76,0.37
4051,2021-04-20,PAB,1565,785,780,1562,3,0,ITH,ITH1,4,Provincia Autonoma Bolzano / Bozen,P.A. Bolzano,533050,464015,87.05,0.29
4052,2021-01-10,PAB,2,2,0,2,0,0,ITH,ITH1,4,Provincia Autonoma Bolzano / Bozen,P.A. Bolzano,533050,464017,87.05,0.0
4053,2021-06-16,PAB,3823,2028,1795,11,3807,5,ITH,ITH1,4,Provincia Autonoma Bolzano / Bozen,P.A. Bolzano,533050,467840,87.77,0.72
4054,2021-03-08,PAB,1210,534,676,1183,27,0,ITH,ITH1,4,Provincia Autonoma Bolzano / Bozen,P.A. Bolzano,533050,469050,87.99,0.23
4055,2021-08-12,PAB,3265,1670,1595,618,2647,0,ITH,ITH1,4,Provincia Autonoma Bolzano / Bozen,P.A. Bolzano,533050,472315,88.61,0.61
4056,2021-05-04,PAB,3451,1844,1607,2269,1037,145,ITH,ITH1,4,Provincia Autonoma Bolzano / Bozen,P.A. Bolzano,533050,475766,89.25,0.65
4057,2021-01-15,PAB,3285,1230,2055,3285,0,0,ITH,ITH1,4,Provincia Autonoma Bolzano / Bozen,P.A. Bolzano,533050,479051,89.87,0.62
4058,2021-08-14,PAB,1578,853,725,610,968,0,ITH,ITH1,4,Provincia Autonoma Bolzano / Bozen,P.A. Bolzano,533050,480629,90.17,0.3
4059,2021-06-18,PAB,4540,2350,2190,1465,2910,165,ITH,ITH1,4,Provincia Autonoma Bolzano / Bozen,P.A. Bolzano,533050,485169,91.02,0.85
4060,2021-01-08,PAB,1537,484,1053,1537,0,0,ITH,ITH1,4,Provincia Autonoma Bolzano / Bozen,P.A. Bolzano,533050,486706,91.31,0.29
4061,2021-06-28,PAB,4610,2306,2304,217,4369,24,ITH,ITH1,4,Provincia Autonoma Bolzano / Bozen,P.A. Bolzano,533050,491316,92.17,0.86
4062,2021-04-22,PAB,2938,1511,1427,1996,942,0,ITH,ITH1,4,Provincia Autonoma Bolzano / Bozen,P.A. Bolzano,533050,494254,92.72,0.55
4063,2021-05-09,PAB,4246,2412,1834,2934,1153,159,ITH,ITH1,4,Provincia Autonoma Bolzano / Bozen,P.A. Bolzano,533050,498500,93.52,0.8
4064,2021-03-06,PAB,3973,2081,1892,3762,211,0,ITH,ITH1,4,Provincia Autonoma Bolzano / Bozen,P.A. Bolzano,533050,502473,94.26,0.75
4065,2021-05-28,PAB,7381,3892,3489,5285,1893,203,ITH,ITH1,4,Provincia Autonoma Bolzano / Bozen,P.A. Bolzano,533050,509854,95.65,1.38
4066,2021-02-17,PAB,156,51,105,139,17,0,ITH,ITH1,4,Provincia Autonoma Bolzano / Bozen,P.A. Bolzano,533050,510010,95.68,0.03
4067,2021-07-05,PAB,2936,1406,1530,823,1984,129,ITH,ITH1,4,Provincia Autonoma Bolzano / Bozen,P.A. Bolzano,533050,512946,96.23,0.55
4068,2021-05-30,PAB,4791,2531,2260,731,4029,31,ITH,ITH1,4,Provincia Autonoma Bolzano / Bozen,P.A. Bolzano,533050,517737,97.13,0.9
4069,2021-07-12,PAB,3530,1753,1777,251,3241,38,ITH,ITH1,4,Provincia Autonoma Bolzano / Bozen,P.A. Bolzano,533050,521267,97.79,0.66
4070,2021-04-03,PAB,833,366,467,22,811,0,ITH,ITH1,4,Provincia Autonoma Bolzano / Bozen,P.A. Bolzano,533050,522100,97.95,0.16
4071,2021-03-25,PAB,2170,1080,1090,1726,443,1,ITH,ITH1,4,Provincia Autonoma Bolzano / Bozen,P.A. Bolzano,533050,524270,98.35,0.41
4072,2021-01-27,PAB,85,29,56,2,83,0,ITH,ITH1,4,Provincia Autonoma Bolzano / Bozen,P.A. Bolzano,533050,524355,98.37,0.02
4073,2021-05-02,PAB,2459,1289,1170,1430,922,107,ITH,ITH1,4,Provincia Autonoma Bolzano / Bozen,P.A. Bolzano,533050,526814,98.83,0.46
4074,2021-01-22,PAB,248,143,105,124,124,0,ITH,ITH1,4,Provincia Autonoma Bolzano / Bozen,P.A. Bolzano,533050,527062,98.88,0.05
4075,2021-08-07,PAB,2126,1228,898,1479,647,0,ITH,ITH1,4,Provincia Autonoma Bolzano / Bozen,P.A. Bolzano,533050,529188,99.28,0.4
4076,2021-03-07,PAB,115,14,101,9,106,0,ITH,ITH1,4,Provincia Autonoma Bolzano / Bozen,P.A. Bolzano,533050,529303,99.3,0.02
4077,2021-07-30,PAB,5281,2833,2448,3381,1539,361,ITH,ITH1,4,Provincia Autonoma Bolzano / Bozen,P.A. Bolzano,533050,534584,100.29,0.99
4078,2021-04-21,PAB,3016,1469,1547,2168,848,0,ITH,ITH1,4,Provincia Autonoma Bolzano / Bozen,P.A. Bolzano,533050,537600,100.85,0.57
4079,2021-06-24,PAB,3936,2036,1900,1568,2196,172,ITH,ITH1,4,Provincia Autonoma Bolzano / Bozen,P.A. Bolzano,533050,541536,101.59,0.74
4080,2021-01-09,PAB,612,326,286,612,0,0,ITH,ITH1,4,Provincia Autonoma Bolzano / Bozen,P.A. Bolzano,533050,542148,101.71,0.11
4081,2021-06-17,PAB,1772,982,790,620,1079,73,ITH,ITH1,4,Provincia Autonoma Bolzano / Bozen,P.A. Bolzano,533050,543920,102.04,0.33
4082,2021-01-02,PAB,91,48,43,91,0,0,ITH,ITH1,4,Provincia Autonoma Bolzano / Bozen,P.A. Bolzano,533050,544011,102.06,0.02
4083,2021-06-26,PAB,4544,2329,2215,1364,3074,106,ITH,ITH1,4,Provincia Autonoma Bolzano / Bozen,P.A. Bolzano,533050,548555,102.91,0.85
4084,2021-03-18,PAB,1302,531,771,226,1076,0,ITH,ITH1,4,Provincia Autonoma Bolzano / Bozen,P.A. Bolzano,533050,549857,103.15,0.24
4085,2021-05-14,PAB,5143,2323,2820,2902,2043,198,ITH,ITH1,4,Provincia Autonoma Bolzano / Bozen,P.A. Bolzano,533050,555000,104.12,0.96
4086,2021-03-16,PAB,1290,532,758,124,1166,0,ITH,ITH1,4,Provincia Autonoma Bolzano / Bozen,P.A. Bolzano,533050,556290,104.36,0.24
4087,2021-05-12,PAB,3796,2059,1737,3413,154,229,ITH,ITH1,4,Provincia Autonoma Bolzano / Bozen,P.A. Bolzano,533050,560086,105.07,0.71
4088,2021-02-01,PAB,1460,445,1015,12,1448,0,ITH,ITH1,4,Provincia Autonoma Bolzano / Bozen,P.A. Bolzano,533050,561546,105.35,0.27
4089,2021-03-09,PAB,1194,543,651,1192,2,0,ITH,ITH1,4,Provincia Autonoma Bolzano / Bozen,P.A. Bolzano,533050,562740,105.57,0.22
4090,2021-05-23,PAB,4343,2305,2038,4140,8,195,ITH,ITH1,4,Provincia Autonoma Bolzano / Bozen,P.A. Bolzano,533050,567083,106.38,0.81
4091,2021-07-19,PAB,2780,1394,1386,625,2046,109,ITH,ITH1,4,Provincia Autonoma Bolzano / Bozen,P.A. Bolzano,533050,569863,106.91,0.52
4092,2021-02-03,PAB,1506,479,1027,5,1501,0,ITH,ITH1,4,Provincia Autonoma Bolzano / Bozen,P.A. Bolzano,533050,571369,107.19,0.28
4093,2021-02-10,PAB,1636,605,1031,26,1610,0,ITH,ITH1,4,Provincia Autonoma Bolzano / Bozen,P.A. Bolzano,533050,573005,107.5,0.31
4094,2021-05-21,PAB,7376,4055,3321,5210,1878,288,ITH,ITH1,4,Provincia Autonoma Bolzano / Bozen,P.A. Bolzano,533050,580381,108.88,1.38
4095,2021-05-16,PAB,2029,935,1094,1285,694,50,ITH,ITH1,4,Provincia Autonoma Bolzano / Bozen,P.A. Bolzano,533050,582410,109.26,0.38
4096,2021-04-15,VDA,813,378,435,641,139,33,ITC,ITC2,2,Valle d'Aosta / Vallée d'Aoste,Valle d'Aosta,125666,813,0.65,0.65
4097,2021-07-07,VDA,792,439,353,413,362,17,ITC,ITC2,2,Valle d'Aosta / Vallée d'Aoste,Valle d'Aosta,125666,1605,1.28,0.63
4098,2021-07-24,VDA,1018,535,483,332,683,3,ITC,ITC2,2,Valle d'Aosta / Vallée d'Aoste,Valle d'Aosta,125666,2623,2.09,0.81
4099,2021-03-08,VDA,488,233,255,240,245,3,ITC,ITC2,2,Valle d'Aosta / Vallée d'Aoste,Valle d'Aosta,125666,3111,2.48,0.39
4100,2021-08-12,VDA,375,204,171,118,248,9,ITC,ITC2,2,Valle d'Aosta / Vallée d'Aoste,Valle d'Aosta,125666,3486,2.77,0.3
4101,2021-05-04,VDA,1136,511,625,434,674,28,ITC,ITC2,2,Valle d'Aosta / Vallée d'Aoste,Valle d'Aosta,125666,4622,3.68,0.9
4102,2021-06-16,VDA,1062,565,497,664,394,4,ITC,ITC2,2,Valle d'Aosta / Vallée d'Aoste,Valle d'Aosta,125666,5684,4.52,0.85
4103,2021-03-15,VDA,387,141,246,175,203,9,ITC,ITC2,2,Valle d'Aosta / Vallée d'Aoste,Valle d'Aosta,125666,6071,4.83,0.31
4104,2021-05-11,VDA,649,326,323,471,150,28,ITC,ITC2,2,Valle d'Aosta / Vallée d'Aoste,Valle d'Aosta,125666,6720,5.35,0.52
4105,2021-04-27,VDA,979,424,555,651,292,36,ITC,ITC2,2,Valle d'Aosta / Vallée d'Aoste,Valle d'Aosta,125666,7699,6.13,0.78
4106,2021-01-17,VDA,131,56,75,131,0,0,ITC,ITC2,2,Valle d'Aosta / Vallée d'Aoste,Valle d'Aosta,125666,7830,6.23,0.1
4107,2021-06-23,VDA,1044,551,493,422,617,5,ITC,ITC2,2,Valle d'Aosta / Vallée d'Aoste,Valle d'Aosta,125666,8874,7.06,0.83
4108,2021-01-27,VDA,154,74,80,80,74,0,ITC,ITC2,2,Valle d'Aosta / Vallée d'Aoste,Valle d'Aosta,125666,9028,7.18,0.12
4109,2021-04-20,VDA,935,430,505,709,194,32,ITC,ITC2,2,Valle d'Aosta / Vallée d'Aoste,Valle d'Aosta,125666,9963,7.93,0.74
4110,2021-01-10,VDA,220,71,149,208,0,12,ITC,ITC2,2,Valle d'Aosta / Vallée d'Aoste,Valle d'Aosta,125666,10183,8.1,0.18
4111,2020-12-27,VDA,20,9,11,20,0,0,ITC,ITC2,2,Valle d'Aosta / Vallée d'Aoste,Valle d'Aosta,125666,10203,8.12,0.02
4112,2021-07-12,VDA,979,483,496,238,733,8,ITC,ITC2,2,Valle d'Aosta / Vallée d'Aoste,Valle d'Aosta,125666,11182,8.9,0.78
4113,2021-04-03,VDA,676,341,335,649,15,12,ITC,ITC2,2,Valle d'Aosta / Vallée d'Aoste,Valle d'Aosta,125666,11858,9.44,0.54
4114,2021-03-20,VDA,209,87,122,168,36,5,ITC,ITC2,2,Valle d'Aosta / Vallée d'Aoste,Valle d'Aosta,125666,12067,9.6,0.17
4115,2021-06-28,VDA,989,497,492,328,658,3,ITC,ITC2,2,Valle d'Aosta / Vallée d'Aoste,Valle d'Aosta,125666,13056,10.39,0.79
4116,2021-06-11,VDA,1048,484,564,755,283,10,ITC,ITC2,2,Valle d'Aosta / Vallée d'Aoste,Valle d'Aosta,125666,14104,11.22,0.83
4117,2021-05-30,VDA,865,429,436,682,171,12,ITC,ITC2,2,Valle d'Aosta / Vallée d'Aoste,Valle d'Aosta,125666,14969,11.91,0.69
4118,2021-07-26,VDA,1005,512,493,315,687,3,ITC,ITC2,2,Valle d'Aosta / Vallée d'Aoste,Valle d'Aosta,125666,15974,12.71,0.8
4119,2021-05-28,VDA,977,415,562,545,413,19,ITC,ITC2,2,Valle d'Aosta / Vallée d'Aoste,Valle d'Aosta,125666,16951,13.49,0.78
4120,2021-02-17,VDA,328,145,183,223,101,4,ITC,ITC2,2,Valle d'Aosta / Vallée d'Aoste,Valle d'Aosta,125666,17279,13.75,0.26
4121,2021-05-02,VDA,765,345,420,581,160,24,ITC,ITC2,2,Valle d'Aosta / Vallée d'Aoste,Valle d'Aosta,125666,18044,14.36,0.61
4122,2021-01-22,VDA,58,22,36,22,36,0,ITC,ITC2,2,Valle d'Aosta / Vallée d'Aoste,Valle d'Aosta,125666,18102,14.4,0.05
4123,2021-01-08,VDA,301,131,170,301,0,0,ITC,ITC2,2,Valle d'Aosta / Vallée d'Aoste,Valle d'Aosta,125666,18403,14.64,0.24
4124,2021-03-06,VDA,22,4,18,18,0,4,ITC,ITC2,2,Valle d'Aosta / Vallée d'Aoste,Valle d'Aosta,125666,18425,14.66,0.02
4125,2021-02-05,VDA,296,103,193,102,194,0,ITC,ITC2,2,Valle d'Aosta / Vallée d'Aoste,Valle d'Aosta,125666,18721,14.9,0.24
4126,2021-02-22,VDA,317,94,223,210,104,3,ITC,ITC2,2,Valle d'Aosta / Vallée d'Aoste,Valle d'Aosta,125666,19038,15.15,0.25
4127,2021-05-16,VDA,690,342,348,340,342,8,ITC,ITC2,2,Valle d'Aosta / Vallée d'Aoste,Valle d'Aosta,125666,19728,15.7,0.55
4128,2021-08-07,VDA,739,433,306,306,421,12,ITC,ITC2,2,Valle d'Aosta / Vallée d'Aoste,Valle d'Aosta,125666,20467,16.29,0.59
4129,2021-02-03,VDA,353,115,238,15,338,0,ITC,ITC2,2,Valle d'Aosta / Vallée d'Aoste,Valle d'Aosta,125666,20820,16.57,0.28
4130,2021-04-01,VDA,778,394,384,747,12,19,ITC,ITC2,2,Valle d'Aosta / Vallée d'Aoste,Valle d'Aosta,125666,21598,17.19,0.62
4131,2021-04-13,VDA,373,171,202,311,44,18,ITC,ITC2,2,Valle d'Aosta / Vallée d'Aoste,Valle d'Aosta,125666,21971,17.48,0.3
4132,2021-07-05,VDA,834,355,479,312,508,14,ITC,ITC2,2,Valle d'Aosta / Vallée d'Aoste,Valle d'Aosta,125666,22805,18.15,0.66
4133,2021-03-27,VDA,337,166,171,292,31,14,ITC,ITC2,2,Valle d'Aosta / Vallée d'Aoste,Valle d'Aosta,125666,23142,18.42,0.27
4134,2021-06-18,VDA,1000,443,557,590,400,10,ITC,ITC2,2,Valle d'Aosta / Vallée d'Aoste,Valle d'Aosta,125666,24142,19.21,0.8
4135,2021-06-09,VDA,1050,558,492,1007,35,8,ITC,ITC2,2,Valle d'Aosta / Vallée d'Aoste,Valle d'Aosta,125666,25192,20.05,0.84
4136,2021-03-01,VDA,181,66,115,139,34,8,ITC,ITC2,2,Valle d'Aosta / Vallée d'Aoste,Valle d'Aosta,125666,25373,20.19,0.14
4137,2021-02-15,VDA,264,136,128,225,35,4,ITC,ITC2,2,Valle d'Aosta / Vallée d'Aoste,Valle d'Aosta,125666,25637,20.4,0.21
4138,2021-05-23,VDA,999,465,534,653,340,6,ITC,ITC2,2,Valle d'Aosta / Vallée d'Aoste,Valle d'Aosta,125666,26636,21.2,0.79
4139,2021-01-29,VDA,321,139,182,2,319,0,ITC,ITC2,2,Valle d'Aosta / Vallée d'Aoste,Valle d'Aosta,125666,26957,21.45,0.26
4140,2021-04-22,VDA,1068,450,618,652,383,33,ITC,ITC2,2,Valle d'Aosta / Vallée d'Aoste,Valle d'Aosta,125666,28025,22.3,0.85
4141,2021-05-09,VDA,574,287,287,425,130,19,ITC,ITC2,2,Valle d'Aosta / Vallée d'Aoste,Valle d'Aosta,125666,28599,22.76,0.46
4142,2021-07-31,VDA,889,464,425,319,558,12,ITC,ITC2,2,Valle d'Aosta / Vallée d'Aoste,Valle d'Aosta,125666,29488,23.47,0.71
4143,2021-06-30,VDA,1120,543,577,417,694,9,ITC,ITC2,2,Valle d'Aosta / Vallée d'Aoste,Valle d'Aosta,125666,30608,24.36,0.89
4144,2021-08-14,VDA,392,207,185,73,309,10,ITC,ITC2,2,Valle d'Aosta / Vallée d'Aoste,Valle d'Aosta,125666,31000,24.67,0.31
4145,2021-03-13,VDA,147,88,59,141,0,6,ITC,ITC2,2,Valle d'Aosta / Vallée d'Aoste,Valle d'Aosta,125666,31147,24.79,0.12
4146,2021-01-15,VDA,220,83,137,220,0,0,ITC,ITC2,2,Valle d'Aosta / Vallée d'Aoste,Valle d'Aosta,125666,31367,24.96,0.18
4147,2021-02-10,VDA,248,77,171,141,107,0,ITC,ITC2,2,Valle d'Aosta / Vallée d'Aoste,Valle d'Aosta,125666,31615,25.16,0.2
4148,2021-03-25,VDA,389,154,235,364,10,15,ITC,ITC2,2,Valle d'Aosta / Vallée d'Aoste,Valle d'Aosta,125666,32004,25.47,0.31
4149,2021-05-21,VDA,933,443,490,517,401,15,ITC,ITC2,2,Valle d'Aosta / Vallée d'Aoste,Valle d'Aosta,125666,32937,26.21,0.74
4150,2021-04-17,VDA,638,407,231,593,2,43,ITC,ITC2,2,Valle d'Aosta / Vallée d'Aoste,Valle d'Aosta,125666,33575,26.72,0.51
4151,2021-01-07,VDA,280,113,167,280,0,0,ITC,ITC2,2,Valle d'Aosta / Vallée d'Aoste,Valle d'Aosta,125666,33855,26.94,0.22
4152,2021-06-04,VDA,910,385,525,469,435,6,ITC,ITC2,2,Valle d'Aosta / Vallée d'Aoste,Valle d'Aosta,125666,34765,27.66,0.72
4153,2021-07-23,VDA,972,485,487,365,606,1,ITC,ITC2,2,Valle d'Aosta / Vallée d'Aoste,Valle d'Aosta,125666,35737,28.44,0.77
4154,2021-07-19,VDA,878,460,418,256,619,3,ITC,ITC2,2,Valle d'Aosta / Vallée d'Aoste,Valle d'Aosta,125666,36615,29.14,0.7
4155,2021-02-24,VDA,184,83,101,163,20,1,ITC,ITC2,2,Valle d'Aosta / Vallée d'Aoste,Valle d'Aosta,125666,36799,29.28,0.15
4156,2021-04-08,VDA,585,282,303,419,144,22,ITC,ITC2,2,Valle d'Aosta / Vallée d'Aoste,Valle d'Aosta,125666,37384,29.75,0.47
4157,2021-06-13,VDA,856,403,453,370,482,4,ITC,ITC2,2,Valle d'Aosta / Vallée d'Aoste,Valle d'Aosta,125666,38240,30.43,0.68
4158,2021-03-29,VDA,494,233,261,449,40,5,ITC,ITC2,2,Valle d'Aosta / Vallée d'Aoste,Valle d'Aosta,125666,38734,30.82,0.39
4159,2021-06-20,VDA,1132,545,587,478,644,10,ITC,ITC2,2,Valle d'Aosta / Vallée d'Aoste,Valle d'Aosta,125666,39866,31.72,0.9
4160,2021-03-12,VDA,531,175,356,291,226,14,ITC,ITC2,2,Valle d'Aosta / Vallée d'Aoste,Valle d'Aosta,125666,40397,32.15,0.42
4161,2021-03-10,VDA,438,183,255,220,213,5,ITC,ITC2,2,Valle d'Aosta / Vallée d'Aoste,Valle d'Aosta,125666,40835,32.49,0.35
4162,2021-05-25,VDA,1117,532,585,530,575,12,ITC,ITC2,2,Valle d'Aosta / Vallée d'Aoste,Valle d'Aosta,125666,41952,33.38,0.89
4163,2021-02-14,VDA,48,16,32,1,47,0,ITC,ITC2,2,Valle d'Aosta / Vallée d'Aoste,Valle d'Aosta,125666,42000,33.42,0.04
4164,2021-05-08,VDA,908,543,365,498,382,28,ITC,ITC2,2,Valle d'Aosta / Vallée d'Aoste,Valle d'Aosta,125666,42908,34.14,0.72
4165,2021-03-17,VDA,433,185,248,259,160,14,ITC,ITC2,2,Valle d'Aosta / Vallée d'Aoste,Valle d'Aosta,125666,43341,34.49,0.34
4166,2021-03-03,VDA,256,118,138,182,69,5,ITC,ITC2,2,Valle d'Aosta / Vallée d'Aoste,Valle d'Aosta,125666,43597,34.69,0.2
4167,2021-07-16,VDA,1076,553,523,346,730,0,ITC,ITC2,2,Valle d'Aosta / Vallée d'Aoste,Valle d'Aosta,125666,44673,35.55,0.86
4168,2021-01-26,VDA,149,52,97,2,147,0,ITC,ITC2,2,Valle d'Aosta / Vallée d'Aoste,Valle d'Aosta,125666,44822,35.67,0.12
4169,2021-02-12,VDA,263,96,167,216,46,1,ITC,ITC2,2,Valle d'Aosta / Vallée d'Aoste,Valle d'Aosta,125666,45085,35.88,0.21
4170,2021-03-31,VDA,555,302,253,511,26,18,ITC,ITC2,2,Valle d'Aosta / Vallée d'Aoste,Valle d'Aosta,125666,45640,36.32,0.44
4171,2021-05-27,VDA,1093,498,595,575,506,12,ITC,ITC2,2,Valle d'Aosta / Vallée d'Aoste,Valle d'Aosta,125666,46733,37.19,0.87
4172,2021-05-13,VDA,1145,560,585,522,602,21,ITC,ITC2,2,Valle d'Aosta / Vallée d'Aoste,Valle d'Aosta,125666,47878,38.1,0.91
4173,2021-02-02,VDA,277,72,205,2,275,0,ITC,ITC2,2,Valle d'Aosta / Vallée d'Aoste,Valle d'Aosta,125666,48155,38.32,0.22
4174,2021-07-09,VDA,945,446,499,280,656,9,ITC,ITC2,2,Valle d'Aosta / Vallée d'Aoste,Valle d'Aosta,125666,49100,39.07,0.75
4175,2021-06-25,VDA,978,445,533,325,651,2,ITC,ITC2,2,Valle d'Aosta / Vallée d'Aoste,Valle d'Aosta,125666,50078,39.85,0.78
4176,2021-05-20,VDA,1044,475,569,591,440,13,ITC,ITC2,2,Valle d'Aosta / Vallée d'Aoste,Valle d'Aosta,125666,51122,40.68,0.83
4177,2021-01-31,VDA,291,91,200,58,233,0,ITC,ITC2,2,Valle d'Aosta / Vallée d'Aoste,Valle d'Aosta,125666,51413,40.91,0.23
4178,2021-01-19,VDA,256,77,179,256,0,0,ITC,ITC2,2,Valle d'Aosta / Vallée d'Aoste,Valle d'Aosta,125666,51669,41.12,0.2
4179,2021-04-12,VDA,487,187,300,305,164,18,ITC,ITC2,2,Valle d'Aosta / Vallée d'Aoste,Valle d'Aosta,125666,52156,41.5,0.39
4180,2021-04-29,VDA,1293,636,657,740,532,21,ITC,ITC2,2,Valle d'Aosta / Vallée d'Aoste,Valle d'Aosta,125666,53449,42.53,1.03
4181,2021-07-21,VDA,1164,635,529,311,849,4,ITC,ITC2,2,Valle d'Aosta / Vallée d'Aoste,Valle d'Aosta,125666,54613,43.46,0.93
4182,2021-07-04,VDA,1192,530,662,349,829,14,ITC,ITC2,2,Valle d'Aosta / Vallée d'Aoste,Valle d'Aosta,125666,55805,44.41,0.95
4183,2021-02-21,VDA,18,3,15,0,18,0,ITC,ITC2,2,Valle d'Aosta / Vallée d'Aoste,Valle d'Aosta,125666,55823,44.42,0.01
4184,2021-06-01,VDA,873,470,403,511,354,8,ITC,ITC2,2,Valle d'Aosta / Vallée d'Aoste,Valle d'Aosta,125666,56696,45.12,0.69
4185,2021-06-08,VDA,770,408,362,733,33,4,ITC,ITC2,2,Valle d'Aosta / Vallée d'Aoste,Valle d'Aosta,125666,57466,45.73,0.61
4186,2021-02-26,VDA,209,58,151,109,86,14,ITC,ITC2,2,Valle d'Aosta / Vallée d'Aoste,Valle d'Aosta,125666,57675,45.9,0.17
4187,2021-04-10,VDA,405,191,214,388,5,12,ITC,ITC2,2,Valle d'Aosta / Vallée d'Aoste,Valle d'Aosta,125666,58080,46.22,0.32
4188,2020-12-31,VDA,18,4,14,18,0,0,ITC,ITC2,2,Valle d'Aosta / Vallée d'Aoste,Valle d'Aosta,125666,58098,46.23,0.01
4189,2021-06-06,VDA,1160,582,578,781,373,6,ITC,ITC2,2,Valle d'Aosta / Vallée d'Aoste,Valle d'Aosta,125666,59258,47.16,0.92
4190,2021-01-12,VDA,303,73,230,303,0,0,ITC,ITC2,2,Valle d'Aosta / Vallée d'Aoste,Valle d'Aosta,125666,59561,47.4,0.24
4191,2021-05-24,VDA,1137,516,621,675,446,16,ITC,ITC2,2,Valle d'Aosta / Vallée d'Aoste,Valle d'Aosta,125666,60698,48.3,0.9
4192,2021-05-10,VDA,783,382,401,534,235,14,ITC,ITC2,2,Valle d'Aosta / Vallée d'Aoste,Valle d'Aosta,125666,61481,48.92,0.62
4193,2021-04-05,VDA,465,223,242,440,6,19,ITC,ITC2,2,Valle d'Aosta / Vallée d'Aoste,Valle d'Aosta,125666,61946,49.29,0.37
4194,2021-06-27,VDA,1253,608,645,312,931,10,ITC,ITC2,2,Valle d'Aosta / Vallée d'Aoste,Valle d'Aosta,125666,63199,50.29,1.0
4195,2021-07-14,VDA,1021,534,487,293,728,0,ITC,ITC2,2,Valle d'Aosta / Vallée d'Aoste,Valle d'Aosta,125666,64220,51.1,0.81
4196,2021-08-01,VDA,842,445,397,287,547,8,ITC,ITC2,2,Valle d'Aosta / Vallée d'Aoste,Valle d'Aosta,125666,65062,51.77,0.67
4197,2021-03-22,VDA,560,205,355,324,228,8,ITC,ITC2,2,Valle d'Aosta / Vallée d'Aoste,Valle d'Aosta,125666,65622,52.22,0.45
4198,2021-06-05,VDA,926,476,450,730,188,8,ITC,ITC2,2,Valle d'Aosta / Vallée d'Aoste,Valle d'Aosta,125666,66548,52.96,0.74
4199,2021-02-11,VDA,231,107,124,221,9,1,ITC,ITC2,2,Valle d'Aosta / Vallée d'Aoste,Valle d'Aosta,125666,66779,53.14,0.18
4200,2021-07-18,VDA,927,455,472,251,675,1,ITC,ITC2,2,Valle d'Aosta / Vallée d'Aoste,Valle d'Aosta,125666,67706,53.88,0.74
4201,2021-04-09,VDA,238,111,127,201,33,4,ITC,ITC2,2,Valle d'Aosta / Vallée d'Aoste,Valle d'Aosta,125666,67944,54.07,0.19
4202,2021-05-22,VDA,956,505,451,545,401,10,ITC,ITC2,2,Valle d'Aosta / Vallée d'Aoste,Valle d'Aosta,125666,68900,54.83,0.76
4203,2021-07-02,VDA,869,384,485,302,562,5,ITC,ITC2,2,Valle d'Aosta / Vallée d'Aoste,Valle d'Aosta,125666,69769,55.52,0.69
4204,2021-03-24,VDA,515,230,285,255,257,3,ITC,ITC2,2,Valle d'Aosta / Vallée d'Aoste,Valle d'Aosta,125666,70284,55.93,0.41
4205,2021-05-06,VDA,1082,515,567,665,384,33,ITC,ITC2,2,Valle d'Aosta / Vallée d'Aoste,Valle d'Aosta,125666,71366,56.79,0.86
4206,2021-02-16,VDA,326,53,273,309,6,11,ITC,ITC2,2,Valle d'Aosta / Vallée d'Aoste,Valle d'Aosta,125666,71692,57.05,0.26
4207,2021-02-23,VDA,217,124,93,216,0,1,ITC,ITC2,2,Valle d'Aosta / Vallée d'Aoste,Valle d'Aosta,125666,71909,57.22,0.17
4208,2021-06-03,VDA,1309,669,640,883,413,13,ITC,ITC2,2,Valle d'Aosta / Vallée d'Aoste,Valle d'Aosta,125666,73218,58.26,1.04
4209,2021-05-17,VDA,809,417,392,366,434,9,ITC,ITC2,2,Valle d'Aosta / Vallée d'Aoste,Valle d'Aosta,125666,74027,58.91,0.64
4210,2021-08-08,VDA,579,297,282,175,394,10,ITC,ITC2,2,Valle d'Aosta / Vallée d'Aoste,Valle d'Aosta,125666,74606,59.37,0.46
4211,2021-05-18,VDA,972,484,488,349,619,4,ITC,ITC2,2,Valle d'Aosta / Vallée d'Aoste,Valle d'Aosta,125666,75578,60.14,0.77
4212,2021-02-07,VDA,292,120,172,190,102,0,ITC,ITC2,2,Valle d'Aosta / Vallée d'Aoste,Valle d'Aosta,125666,75870,60.37,0.23
4213,2021-08-09,VDA,674,335,339,257,398,19,ITC,ITC2,2,Valle d'Aosta / Vallée d'Aoste,Valle d'Aosta,125666,76544,60.91,0.54
4214,2021-05-01,VDA,941,564,377,440,484,17,ITC,ITC2,2,Valle d'Aosta / Vallée d'Aoste,Valle d'Aosta,125666,77485,61.66,0.75
4215,2021-04-14,VDA,942,430,512,690,224,28,ITC,ITC2,2,Valle d'Aosta / Vallée d'Aoste,Valle d'Aosta,125666,78427,62.41,0.75
4216,2021-07-06,VDA,884,480,404,157,722,5,ITC,ITC2,2,Valle d'Aosta / Vallée d'Aoste,Valle d'Aosta,125666,79311,63.11,0.7
4217,2021-06-15,VDA,924,508,416,654,257,13,ITC,ITC2,2,Valle d'Aosta / Vallée d'Aoste,Valle d'Aosta,125666,80235,63.85,0.74
4218,2021-08-11,VDA,776,380,396,305,452,19,ITC,ITC2,2,Valle d'Aosta / Vallée d'Aoste,Valle d'Aosta,125666,81011,64.47,0.62
4219,2021-03-05,VDA,277,125,152,53,223,1,ITC,ITC2,2,Valle d'Aosta / Vallée d'Aoste,Valle d'Aosta,125666,81288,64.69,0.22
4220,2021-02-28,VDA,260,86,174,73,183,4,ITC,ITC2,2,Valle d'Aosta / Vallée d'Aoste,Valle d'Aosta,125666,81548,64.89,0.21
4221,2021-07-30,VDA,965,501,464,421,525,19,ITC,ITC2,2,Valle d'Aosta / Vallée d'Aoste,Valle d'Aosta,125666,82513,65.66,0.77
4222,2021-04-21,VDA,868,410,458,588,248,32,ITC,ITC2,2,Valle d'Aosta / Vallée d'Aoste,Valle d'Aosta,125666,83381,66.35,0.69
4223,2021-07-13,VDA,1061,567,494,307,748,6,ITC,ITC2,2,Valle d'Aosta / Vallée d'Aoste,Valle d'Aosta,125666,84442,67.2,0.84
4224,2021-03-21,VDA,359,168,191,350,0,9,ITC,ITC2,2,Valle d'Aosta / Vallée d'Aoste,Valle d'Aosta,125666,84801,67.48,0.29
4225,2021-06-29,VDA,782,390,392,236,543,3,ITC,ITC2,2,Valle d'Aosta / Vallée d'Aoste,Valle d'Aosta,125666,85583,68.1,0.62
4226,2021-06-10,VDA,1057,610,447,1008,42,7,ITC,ITC2,2,Valle d'Aosta / Vallée d'Aoste,Valle d'Aosta,125666,86640,68.94,0.84
4227,2021-01-28,VDA,294,124,170,55,239,0,ITC,ITC2,2,Valle d'Aosta / Vallée d'Aoste,Valle d'Aosta,125666,86934,69.18,0.23
4228,2021-06-12,VDA,1234,600,634,1062,167,5,ITC,ITC2,2,Valle d'Aosta / Vallée d'Aoste,Valle d'Aosta,125666,88168,70.16,0.98
4229,2021-07-25,VDA,1017,493,524,262,753,2,ITC,ITC2,2,Valle d'Aosta / Vallée d'Aoste,Valle d'Aosta,125666,89185,70.97,0.81
4230,2021-04-16,VDA,599,261,338,565,2,32,ITC,ITC2,2,Valle d'Aosta / Vallée d'Aoste,Valle d'Aosta,125666,89784,71.45,0.48
4231,2021-04-02,VDA,875,345,530,596,226,53,ITC,ITC2,2,Valle d'Aosta / Vallée d'Aoste,Valle d'Aosta,125666,90659,72.14,0.7
4232,2021-05-29,VDA,798,434,364,553,237,8,ITC,ITC2,2,Valle d'Aosta / Vallée d'Aoste,Valle d'Aosta,125666,91457,72.78,0.64
4233,2021-07-11,VDA,908,472,436,254,643,11,ITC,ITC2,2,Valle d'Aosta / Vallée d'Aoste,Valle d'Aosta,125666,92365,73.5,0.72
4234,2021-04-07,VDA,910,474,436,654,229,27,ITC,ITC2,2,Valle d'Aosta / Vallée d'Aoste,Valle d'Aosta,125666,93275,74.22,0.72
4235,2021-02-09,VDA,252,84,168,68,183,1,ITC,ITC2,2,Valle d'Aosta / Vallée d'Aoste,Valle d'Aosta,125666,93527,74.43,0.2
4236,2021-05-15,VDA,1067,614,453,368,686,13,ITC,ITC2,2,Valle d'Aosta / Vallée d'Aoste,Valle d'Aosta,125666,94594,75.27,0.85
4237,2021-02-04,VDA,294,86,208,8,286,0,ITC,ITC2,2,Valle d'Aosta / Vallée d'Aoste,Valle d'Aosta,125666,94888,75.51,0.23
4238,2021-04-28,VDA,1220,633,587,683,503,34,ITC,ITC2,2,Valle d'Aosta / Vallée d'Aoste,Valle d'Aosta,125666,96108,76.48,0.97
4239,2021-08-06,VDA,819,399,420,408,397,14,ITC,ITC2,2,Valle d'Aosta / Vallée d'Aoste,Valle d'Aosta,125666,96927,77.13,0.65
4240,2021-08-10,VDA,850,436,414,580,261,9,ITC,ITC2,2,Valle d'Aosta / Vallée d'Aoste,Valle d'Aosta,125666,97777,77.81,0.68
4241,2021-01-02,VDA,6,5,1,6,0,0,ITC,ITC2,2,Valle d'Aosta / Vallée d'Aoste,Valle d'Aosta,125666,97783,77.81,0.0
4242,2021-03-26,VDA,498,204,294,471,7,20,ITC,ITC2,2,Valle d'Aosta / Vallée d'Aoste,Valle d'Aosta,125666,98281,78.21,0.4
4243,2021-06-17,VDA,990,529,461,637,341,12,ITC,ITC2,2,Valle d'Aosta / Vallée d'Aoste,Valle d'Aosta,125666,99271,79.0,0.79
4244,2021-05-05,VDA,1038,566,472,434,582,22,ITC,ITC2,2,Valle d'Aosta / Vallée d'Aoste,Valle d'Aosta,125666,100309,79.82,0.83
4245,2021-08-13,VDA,493,272,221,205,280,8,ITC,ITC2,2,Valle d'Aosta / Vallée d'Aoste,Valle d'Aosta,125666,100802,80.21,0.39
4246,2021-05-03,VDA,841,400,441,459,352,30,ITC,ITC2,2,Valle d'Aosta / Vallée d'Aoste,Valle d'Aosta,125666,101643,80.88,0.67
4247,2021-03-02,VDA,340,166,174,292,3,45,ITC,ITC2,2,Valle d'Aosta / Vallée d'Aoste,Valle d'Aosta,125666,101983,81.15,0.27
4248,2021-01-11,VDA,326,112,214,326,0,0,ITC,ITC2,2,Valle d'Aosta / Vallée d'Aoste,Valle d'Aosta,125666,102309,81.41,0.26
4249,2021-03-19,VDA,322,85,237,277,35,10,ITC,ITC2,2,Valle d'Aosta / Vallée d'Aoste,Valle d'Aosta,125666,102631,81.67,0.26
4250,2021-05-07,VDA,566,247,319,518,30,18,ITC,ITC2,2,Valle d'Aosta / Vallée d'Aoste,Valle d'Aosta,125666,103197,82.12,0.45
4251,2021-04-23,VDA,923,443,480,512,383,28,ITC,ITC2,2,Valle d'Aosta / Vallée d'Aoste,Valle d'Aosta,125666,104120,82.85,0.73
4252,2021-01-13,VDA,338,110,228,338,0,0,ITC,ITC2,2,Valle d'Aosta / Vallée d'Aoste,Valle d'Aosta,125666,104458,83.12,0.27
4253,2021-07-29,VDA,995,507,488,319,667,9,ITC,ITC2,2,Valle d'Aosta / Vallée d'Aoste,Valle d'Aosta,125666,105453,83.92,0.79
4254,2021-07-15,VDA,1093,593,500,297,795,1,ITC,ITC2,2,Valle d'Aosta / Vallée d'Aoste,Valle d'Aosta,125666,106546,84.79,0.87
4255,2021-02-25,VDA,201,101,100,190,7,4,ITC,ITC2,2,Valle d'Aosta / Vallée d'Aoste,Valle d'Aosta,125666,106747,84.95,0.16
4256,2021-07-20,VDA,1118,584,534,393,722,3,ITC,ITC2,2,Valle d'Aosta / Vallée d'Aoste,Valle d'Aosta,125666,107865,85.83,0.89
4257,2021-02-06,VDA,289,104,185,91,197,1,ITC,ITC2,2,Valle d'Aosta / Vallée d'Aoste,Valle d'Aosta,125666,108154,86.06,0.23
4258,2021-04-30,VDA,833,357,476,468,347,18,ITC,ITC2,2,Valle d'Aosta / Vallée d'Aoste,Valle d'Aosta,125666,108987,86.73,0.66
4259,2021-01-20,VDA,64,15,49,64,0,0,ITC,ITC2,2,Valle d'Aosta / Vallée d'Aoste,Valle d'Aosta,125666,109051,86.78,0.05
4260,2021-07-22,VDA,975,516,459,276,699,0,ITC,ITC2,2,Valle d'Aosta / Vallée d'Aoste,Valle d'Aosta,125666,110026,87.55,0.78
4261,2021-01-21,VDA,33,12,21,33,0,0,ITC,ITC2,2,Valle d'Aosta / Vallée d'Aoste,Valle d'Aosta,125666,110059,87.58,0.03
4262,2021-01-04,VDA,144,61,83,144,0,0,ITC,ITC2,2,Valle d'Aosta / Vallée d'Aoste,Valle d'Aosta,125666,110203,87.7,0.11
4263,2021-03-28,VDA,524,213,311,496,0,28,ITC,ITC2,2,Valle d'Aosta / Vallée d'Aoste,Valle d'Aosta,125666,110727,88.11,0.42
4264,2021-03-11,VDA,392,164,228,152,239,1,ITC,ITC2,2,Valle d'Aosta / Vallée d'Aoste,Valle d'Aosta,125666,111119,88.42,0.31
4265,2021-06-02,VDA,1215,688,527,811,401,3,ITC,ITC2,2,Valle d'Aosta / Vallée d'Aoste,Valle d'Aosta,125666,112334,89.39,0.97
4266,2021-06-19,VDA,1295,671,624,660,621,14,ITC,ITC2,2,Valle d'Aosta / Vallée d'Aoste,Valle d'Aosta,125666,113629,90.42,1.03
4267,2021-03-07,VDA,64,30,34,11,53,0,ITC,ITC2,2,Valle d'Aosta / Vallée d'Aoste,Valle d'Aosta,125666,113693,90.47,0.05
4268,2021-01-30,VDA,439,202,237,12,425,2,ITC,ITC2,2,Valle d'Aosta / Vallée d'Aoste,Valle d'Aosta,125666,114132,90.82,0.35
4269,2021-01-25,VDA,150,67,83,1,149,0,ITC,ITC2,2,Valle d'Aosta / Vallée d'Aoste,Valle d'Aosta,125666,114282,90.94,0.12
4270,2021-04-04,VDA,572,253,319,550,0,22,ITC,ITC2,2,Valle d'Aosta / Vallée d'Aoste,Valle d'Aosta,125666,114854,91.4,0.46
4271,2021-04-06,VDA,743,382,361,598,112,33,ITC,ITC2,2,Valle d'Aosta / Vallée d'Aoste,Valle d'Aosta,125666,115597,91.99,0.59
4272,2021-03-18,VDA,136,43,93,96,37,3,ITC,ITC2,2,Valle d'Aosta / Vallée d'Aoste,Valle d'Aosta,125666,115733,92.1,0.11
4273,2021-06-26,VDA,1065,512,553,352,707,6,ITC,ITC2,2,Valle d'Aosta / Vallée d'Aoste,Valle d'Aosta,125666,116798,92.94,0.85
4274,2021-03-04,VDA,291,139,152,39,250,2,ITC,ITC2,2,Valle d'Aosta / Vallée d'Aoste,Valle d'Aosta,125666,117089,93.17,0.23
4275,2021-05-26,VDA,1212,587,625,567,634,11,ITC,ITC2,2,Valle d'Aosta / Vallée d'Aoste,Valle d'Aosta,125666,118301,94.14,0.96
4276,2021-08-05,VDA,786,406,380,282,482,22,ITC,ITC2,2,Valle d'Aosta / Vallée d'Aoste,Valle d'Aosta,125666,119087,94.76,0.63
4277,2021-01-06,VDA,66,34,32,66,0,0,ITC,ITC2,2,Valle d'Aosta / Vallée d'Aoste,Valle d'Aosta,125666,119153,94.82,0.05
4278,2021-02-18,VDA,349,153,196,256,88,5,ITC,ITC2,2,Valle d'Aosta / Vallée d'Aoste,Valle d'Aosta,125666,119502,95.09,0.28
4279,2021-04-18,VDA,523,255,268,495,2,26,ITC,ITC2,2,Valle d'Aosta / Vallée d'Aoste,Valle d'Aosta,125666,120025,95.51,0.42
4280,2021-06-14,VDA,1015,522,493,573,428,14,ITC,ITC2,2,Valle d'Aosta / Vallée d'Aoste,Valle d'Aosta,125666,121040,96.32,0.81
4281,2021-05-31,VDA,881,396,485,490,380,11,ITC,ITC2,2,Valle d'Aosta / Vallée d'Aoste,Valle d'Aosta,125666,121921,97.02,0.7
4282,2021-07-27,VDA,1119,595,524,565,552,2,ITC,ITC2,2,Valle d'Aosta / Vallée d'Aoste,Valle d'Aosta,125666,123040,97.91,0.89
4283,2021-04-25,VDA,850,409,441,674,139,37,ITC,ITC2,2,Valle d'Aosta / Vallée d'Aoste,Valle d'Aosta,125666,123890,98.59,0.68
4284,2021-06-21,VDA,1123,600,523,608,505,10,ITC,ITC2,2,Valle d'Aosta / Vallée d'Aoste,Valle d'Aosta,125666,125013,99.48,0.89
4285,2021-06-07,VDA,711,347,364,639,61,11,ITC,ITC2,2,Valle d'Aosta / Vallée d'Aoste,Valle d'Aosta,125666,125724,100.05,0.57
4286,2021-02-27,VDA,232,86,146,120,107,5,ITC,ITC2,2,Valle d'Aosta / Vallée d'Aoste,Valle d'Aosta,125666,125956,100.23,0.18
4287,2021-01-18,VDA,213,74,139,213,0,0,ITC,ITC2,2,Valle d'Aosta / Vallée d'Aoste,Valle d'Aosta,125666,126169,100.4,0.17
4288,2021-04-11,VDA,479,208,271,462,0,17,ITC,ITC2,2,Valle d'Aosta / Vallée d'Aoste,Valle d'Aosta,125666,126648,100.78,0.38
4289,2021-03-09,VDA,206,96,110,166,32,8,ITC,ITC2,2,Valle d'Aosta / Vallée d'Aoste,Valle d'Aosta,125666,126854,100.95,0.16
4290,2021-02-20,VDA,256,214,42,243,10,3,ITC,ITC2,2,Valle d'Aosta / Vallée d'Aoste,Valle d'Aosta,125666,127110,101.15,0.2
4291,2021-07-10,VDA,1294,669,625,320,963,11,ITC,ITC2,2,Valle d'Aosta / Vallée d'Aoste,Valle d'Aosta,125666,128404,102.18,1.03
4292,2021-05-14,VDA,963,444,519,253,669,41,ITC,ITC2,2,Valle d'Aosta / Vallée d'Aoste,Valle d'Aosta,125666,129367,102.95,0.77
4293,2021-02-01,VDA,407,127,280,85,319,3,ITC,ITC2,2,Valle d'Aosta / Vallée d'Aoste,Valle d'Aosta,125666,129774,103.27,0.32
4294,2021-07-08,VDA,1275,709,566,341,924,10,ITC,ITC2,2,Valle d'Aosta / Vallée d'Aoste,Valle d'Aosta,125666,131049,104.28,1.01
4295,2021-03-30,VDA,402,223,179,364,20,18,ITC,ITC2,2,Valle d'Aosta / Vallée d'Aoste,Valle d'Aosta,125666,131451,104.6,0.32
4296,2021-05-12,VDA,1144,550,594,449,671,24,ITC,ITC2,2,Valle d'Aosta / Vallée d'Aoste,Valle d'Aosta,125666,132595,105.51,0.91
4297,2021-02-13,VDA,217,197,20,214,1,2,ITC,ITC2,2,Valle d'Aosta / Vallée d'Aoste,Valle d'Aosta,125666,132812,105.69,0.17
4298,2021-08-03,VDA,936,485,451,568,361,7,ITC,ITC2,2,Valle d'Aosta / Vallée d'Aoste,Valle d'Aosta,125666,133748,106.43,0.74
4299,2021-07-17,VDA,987,521,466,254,732,1,ITC,ITC2,2,Valle d'Aosta / Vallée d'Aoste,Valle d'Aosta,125666,134735,107.22,0.79
4300,2021-02-19,VDA,292,102,190,266,24,2,ITC,ITC2,2,Valle d'Aosta / Vallée d'Aoste,Valle d'Aosta,125666,135027,107.45,0.23
4301,2021-08-04,VDA,1043,570,473,371,655,17,ITC,ITC2,2,Valle d'Aosta / Vallée d'Aoste,Valle d'Aosta,125666,136070,108.28,0.83
4302,2021-01-05,VDA,151,55,96,151,0,0,ITC,ITC2,2,Valle d'Aosta / Vallée d'Aoste,Valle d'Aosta,125666,136221,108.4,0.12
4303,2021-01-14,VDA,237,69,168,237,0,0,ITC,ITC2,2,Valle d'Aosta / Vallée d'Aoste,Valle d'Aosta,125666,136458,108.59,0.19
4304,2021-08-02,VDA,759,407,352,303,446,10,ITC,ITC2,2,Valle d'Aosta / Vallée d'Aoste,Valle d'Aosta,125666,137217,109.19,0.6
4305,2021-04-24,VDA,723,401,322,534,167,22,ITC,ITC2,2,Valle d'Aosta / Vallée d'Aoste,Valle d'Aosta,125666,137940,109.77,0.58
4306,2021-07-28,VDA,1423,765,658,370,1048,5,ITC,ITC2,2,Valle d'Aosta / Vallée d'Aoste,Valle d'Aosta,125666,139363,110.9,1.13
4307,2021-04-19,VDA,753,326,427,520,209,24,ITC,ITC2,2,Valle d'Aosta / Vallée d'Aoste,Valle d'Aosta,125666,140116,111.5,0.6
4308,2021-01-16,VDA,237,80,157,237,0,0,ITC,ITC2,2,Valle d'Aosta / Vallée d'Aoste,Valle d'Aosta,125666,140353,111.69,0.19
4309,2021-06-22,VDA,1191,666,525,530,649,12,ITC,ITC2,2,Valle d'Aosta / Vallée d'Aoste,Valle d'Aosta,125666,141544,112.64,0.95
4310,2021-03-14,VDA,392,200,192,373,0,19,ITC,ITC2,2,Valle d'Aosta / Vallée d'Aoste,Valle d'Aosta,125666,141936,112.95,0.31
4311,2021-04-26,VDA,716,328,388,513,170,33,ITC,ITC2,2,Valle d'Aosta / Vallée d'Aoste,Valle d'Aosta,125666,142652,113.52,0.57
4312,2021-07-01,VDA,962,473,489,328,621,13,ITC,ITC2,2,Valle d'Aosta / Vallée d'Aoste,Valle d'Aosta,125666,143614,114.28,0.77
4313,2021-01-09,VDA,444,199,245,444,0,0,ITC,ITC2,2,Valle d'Aosta / Vallée d'Aoste,Valle d'Aosta,125666,144058,114.64,0.35
4314,2021-06-24,VDA,1225,631,594,381,836,8,ITC,ITC2,2,Valle d'Aosta / Vallée d'Aoste,Valle d'Aosta,125666,145283,115.61,0.97
4315,2021-07-03,VDA,936,485,451,390,537,9,ITC,ITC2,2,Valle d'Aosta / Vallée d'Aoste,Valle d'Aosta,125666,146219,116.36,0.74
4316,2021-02-08,VDA,223,83,140,25,198,0,ITC,ITC2,2,Valle d'Aosta / Vallée d'Aoste,Valle d'Aosta,125666,146442,116.53,0.18
4317,2021-03-23,VDA,380,150,230,228,135,17,ITC,ITC2,2,Valle d'Aosta / Vallée d'Aoste,Valle d'Aosta,125666,146822,116.84,0.3
4318,2021-05-19,VDA,993,498,495,411,575,7,ITC,ITC2,2,Valle d'Aosta / Vallée d'Aoste,Valle d'Aosta,125666,147815,117.63,0.79
4319,2021-03-16,VDA,184,37,147,109,66,9,ITC,ITC2,2,Valle d'Aosta / Vallée d'Aoste,Valle d'Aosta,125666,147999,117.77,0.15
4320,2021-06-05,LOM,102444,52960,49484,91103,9829,1512,ITC,ITC4,3,Lombardia,Lombardia,10060574,102444,1.02,1.02
4321,2021-03-14,LOM,14880,5349,9531,11217,3288,375,ITC,ITC4,3,Lombardia,Lombardia,10060574,117324,1.17,0.15
4322,2021-02-23,LOM,11833,4806,7027,11293,332,208,ITC,ITC4,3,Lombardia,Lombardia,10060574,129157,1.28,0.12
4323,2021-01-16,LOM,15640,5783,9857,15629,0,11,ITC,ITC4,3,Lombardia,Lombardia,10060574,144797,1.44,0.16
4324,2021-08-01,LOM,53133,28428,24705,27334,24261,1538,ITC,ITC4,3,Lombardia,Lombardia,10060574,197930,1.97,0.53
4325,2021-04-23,LOM,73619,33364,40255,55587,16641,1391,ITC,ITC4,3,Lombardia,Lombardia,10060574,271549,2.7,0.73
4326,2021-05-10,LOM,85313,40906,44407,62022,21597,1694,ITC,ITC4,3,Lombardia,Lombardia,10060574,356862,3.55,0.85
4327,2021-01-30,LOM,12345,4581,7764,146,12190,9,ITC,ITC4,3,Lombardia,Lombardia,10060574,369207,3.67,0.12
4328,2021-02-16,LOM,9525,3080,6445,8974,450,101,ITC,ITC4,3,Lombardia,Lombardia,10060574,378732,3.76,0.09
4329,2021-06-10,LOM,102712,52264,50448,86428,14486,1798,ITC,ITC4,3,Lombardia,Lombardia,10060574,481444,4.79,1.02
4330,2021-03-02,LOM,22841,9711,13130,19532,3046,263,ITC,ITC4,3,Lombardia,Lombardia,10060574,504285,5.01,0.23
4331,2020-12-28,LOM,108,47,61,108,0,0,ITC,ITC4,3,Lombardia,Lombardia,10060574,504393,5.01,0.0
4332,2021-07-20,LOM,95018,49095,45923,6905,87360,753,ITC,ITC4,3,Lombardia,Lombardia,10060574,599411,5.96,0.94
4333,2021-02-04,LOM,27980,8157,19823,2046,25929,5,ITC,ITC4,3,Lombardia,Lombardia,10060574,627391,6.24,0.28
4334,2021-07-18,LOM,97103,50592,46511,8545,87865,693,ITC,ITC4,3,Lombardia,Lombardia,10060574,724494,7.2,0.97
4335,2021-04-09,LOM,52442,22389,30053,35588,16015,839,ITC,ITC4,3,Lombardia,Lombardia,10060574,776936,7.72,0.52
4336,2021-07-13,LOM,108616,56778,51838,15447,91933,1236,ITC,ITC4,3,Lombardia,Lombardia,10060574,885552,8.8,1.08
4337,2021-04-04,LOM,7612,3230,4382,3682,3896,34,ITC,ITC4,3,Lombardia,Lombardia,10060574,893164,8.88,0.08
4338,2021-08-06,LOM,85560,46627,38933,17768,66939,853,ITC,ITC4,3,Lombardia,Lombardia,10060574,978724,9.73,0.85
4339,2021-04-28,LOM,95779,43681,52098,66933,26931,1915,ITC,ITC4,3,Lombardia,Lombardia,10060574,1074503,10.68,0.95
4340,2021-06-24,LOM,109755,56736,53019,78384,28994,2377,ITC,ITC4,3,Lombardia,Lombardia,10060574,1184258,11.77,1.09
4341,2021-03-16,LOM,25531,10128,15403,16305,9104,122,ITC,ITC4,3,Lombardia,Lombardia,10060574,1209789,12.03,0.25
4342,2021-05-12,LOM,87569,41776,45793,57437,27605,2527,ITC,ITC4,3,Lombardia,Lombardia,10060574,1297358,12.9,0.87
4343,2021-03-28,LOM,20629,7878,12751,13963,6281,385,ITC,ITC4,3,Lombardia,Lombardia,10060574,1317987,13.1,0.21
4344,2021-04-14,LOM,47226,21044,26182,33557,12982,687,ITC,ITC4,3,Lombardia,Lombardia,10060574,1365213,13.57,0.47
4345,2021-01-04,LOM,6129,2118,4011,6122,0,7,ITC,ITC4,3,Lombardia,Lombardia,10060574,1371342,13.63,0.06
4346,2021-06-19,LOM,104395,52025,52370,56237,46736,1422,ITC,ITC4,3,Lombardia,Lombardia,10060574,1475737,14.67,1.04
4347,2021-07-06,LOM,102091,50820,51271,23085,77589,1417,ITC,ITC4,3,Lombardia,Lombardia,10060574,1577828,15.68,1.01
4348,2021-05-24,LOM,89614,43525,46089,48597,40080,937,ITC,ITC4,3,Lombardia,Lombardia,10060574,1667442,16.57,0.89
4349,2021-02-11,LOM,17121,5022,12099,9635,7408,78,ITC,ITC4,3,Lombardia,Lombardia,10060574,1684563,16.74,0.17
4350,2021-05-31,LOM,95729,47424,48305,78381,16244,1104,ITC,ITC4,3,Lombardia,Lombardia,10060574,1780292,17.7,0.95
4351,2021-07-27,LOM,104919,56840,48079,7473,96740,706,ITC,ITC4,3,Lombardia,Lombardia,10060574,1885211,18.74,1.04
4352,2021-08-08,LOM,58834,31955,26879,16678,41362,794,ITC,ITC4,3,Lombardia,Lombardia,10060574,1944045,19.32,0.58
4353,2021-05-17,LOM,94690,45372,49318,29550,64437,703,ITC,ITC4,3,Lombardia,Lombardia,10060574,2038735,20.26,0.94
4354,2021-06-12,LOM,89319,48062,41257,84313,3165,1841,ITC,ITC4,3,Lombardia,Lombardia,10060574,2128054,21.15,0.89
4355,2021-06-29,LOM,107297,53208,54089,57423,47868,2006,ITC,ITC4,3,Lombardia,Lombardia,10060574,2235351,22.22,1.07
4356,2021-03-21,LOM,23521,8499,15022,17730,5197,594,ITC,ITC4,3,Lombardia,Lombardia,10060574,2258872,22.45,0.23
4357,2021-04-21,LOM,71865,32575,39290,55841,14684,1340,ITC,ITC4,3,Lombardia,Lombardia,10060574,2330737,23.17,0.71
4358,2021-01-11,LOM,16309,5390,10919,16299,0,10,ITC,ITC4,3,Lombardia,Lombardia,10060574,2347046,23.33,0.16
4359,2021-01-28,LOM,12262,3720,8542,795,11460,7,ITC,ITC4,3,Lombardia,Lombardia,10060574,2359308,23.45,0.12
4360,2021-08-03,LOM,85789,46507,39282,13451,71609,729,ITC,ITC4,3,Lombardia,Lombardia,10060574,2445097,24.3,0.85
4361,2021-01-09,LOM,12500,4611,7889,12492,0,8,ITC,ITC4,3,Lombardia,Lombardia,10060574,2457597,24.43,0.12
4362,2021-03-07,LOM,12094,5364,6730,9339,2563,192,ITC,ITC4,3,Lombardia,Lombardia,10060574,2469691,24.55,0.12
4363,2021-01-27,LOM,8062,2683,5379,807,7253,2,ITC,ITC4,3,Lombardia,Lombardia,10060574,2477753,24.63,0.08
4364,2021-07-03,LOM,102504,51714,50790,44540,55855,2109,ITC,ITC4,3,Lombardia,Lombardia,10060574,2580257,25.65,1.02
4365,2021-03-25,LOM,43033,16092,26941,29253,12872,908,ITC,ITC4,3,Lombardia,Lombardia,10060574,2623290,26.07,0.43
4366,2021-05-21,LOM,93921,45275,48646,28389,64771,761,ITC,ITC4,3,Lombardia,Lombardia,10060574,2717211,27.01,0.93
4367,2021-06-17,LOM,108654,52755,55899,50732,56745,1177,ITC,ITC4,3,Lombardia,Lombardia,10060574,2825865,28.09,1.08
4368,2021-03-09,LOM,33258,12877,20381,25251,7418,589,ITC,ITC4,3,Lombardia,Lombardia,10060574,2859123,28.42,0.33
4369,2021-08-13,LOM,53393,29576,23817,20492,31640,1261,ITC,ITC4,3,Lombardia,Lombardia,10060574,2912516,28.95,0.53
4370,2021-05-05,LOM,88106,42001,46105,70482,15353,2271,ITC,ITC4,3,Lombardia,Lombardia,10060574,3000622,29.83,0.88
4371,2021-07-01,LOM,105124,52884,52240,53344,49382,2398,ITC,ITC4,3,Lombardia,Lombardia,10060574,3105746,30.87,1.04
4372,2021-04-02,LOM,41409,16949,24460,26212,14643,554,ITC,ITC4,3,Lombardia,Lombardia,10060574,3147155,31.28,0.41
4373,2021-08-12,LOM,56859,31226,25633,21964,33516,1379,ITC,ITC4,3,Lombardia,Lombardia,10060574,3204014,31.85,0.57
4374,2021-07-08,LOM,114642,58433,56209,13213,100403,1026,ITC,ITC4,3,Lombardia,Lombardia,10060574,3318656,32.99,1.14
4375,2021-07-25,LOM,86634,45734,40900,9423,76430,781,ITC,ITC4,3,Lombardia,Lombardia,10060574,3405290,33.85,0.86
4376,2021-04-16,LOM,53715,23936,29779,38444,14384,887,ITC,ITC4,3,Lombardia,Lombardia,10060574,3459005,34.38,0.53
4377,2021-05-03,LOM,83741,39781,43960,69477,12138,2126,ITC,ITC4,3,Lombardia,Lombardia,10060574,3542746,35.21,0.83
4378,2021-01-23,LOM,1127,361,766,925,199,3,ITC,ITC4,3,Lombardia,Lombardia,10060574,3543873,35.23,0.01
4379,2021-03-26,LOM,41354,15717,25637,27508,13171,675,ITC,ITC4,3,Lombardia,Lombardia,10060574,3585227,35.64,0.41
4380,2021-05-22,LOM,70661,33861,36800,31727,38219,715,ITC,ITC4,3,Lombardia,Lombardia,10060574,3655888,36.34,0.7
4381,2021-05-29,LOM,88376,42434,45942,41397,46136,843,ITC,ITC4,3,Lombardia,Lombardia,10060574,3744264,37.22,0.88
4382,2021-02-18,LOM,14059,4929,9130,12823,1038,198,ITC,ITC4,3,Lombardia,Lombardia,10060574,3758323,37.36,0.14
4383,2021-05-19,LOM,83301,39784,43517,33119,49372,810,ITC,ITC4,3,Lombardia,Lombardia,10060574,3841624,38.18,0.83
4384,2021-02-08,LOM,10127,2933,7194,2125,7994,8,ITC,ITC4,3,Lombardia,Lombardia,10060574,3851751,38.29,0.1
4385,2021-02-25,LOM,15351,6368,8983,13534,1617,200,ITC,ITC4,3,Lombardia,Lombardia,10060574,3867102,38.44,0.15
4386,2021-02-06,LOM,15298,5550,9748,1012,14281,5,ITC,ITC4,3,Lombardia,Lombardia,10060574,3882400,38.59,0.15
4387,2021-07-24,LOM,95873,50654,45219,9738,85276,859,ITC,ITC4,3,Lombardia,Lombardia,10060574,3978273,39.54,0.95
4388,2021-08-10,LOM,61398,33236,28162,18656,41681,1061,ITC,ITC4,3,Lombardia,Lombardia,10060574,4039671,40.15,0.61
4389,2021-02-13,LOM,6424,2444,3980,4886,1478,60,ITC,ITC4,3,Lombardia,Lombardia,10060574,4046095,40.22,0.06
4390,2021-07-17,LOM,108498,57291,51207,10219,97354,925,ITC,ITC4,3,Lombardia,Lombardia,10060574,4154593,41.3,1.08
4391,2021-01-13,LOM,26471,8096,18375,26446,0,25,ITC,ITC4,3,Lombardia,Lombardia,10060574,4181064,41.56,0.26
4392,2021-04-25,LOM,51596,23659,27937,45545,4829,1222,ITC,ITC4,3,Lombardia,Lombardia,10060574,4232660,42.07,0.51
4393,2021-06-28,LOM,108089,55062,53027,74295,31188,2606,ITC,ITC4,3,Lombardia,Lombardia,10060574,4340749,43.15,1.07
4394,2021-07-15,LOM,109295,56215,53080,13378,94726,1191,ITC,ITC4,3,Lombardia,Lombardia,10060574,4450044,44.23,1.09
4395,2021-04-06,LOM,43094,17594,25500,24450,17952,692,ITC,ITC4,3,Lombardia,Lombardia,10060574,4493138,44.66,0.43
4396,2021-06-14,LOM,94875,48202,46673,49130,44628,1117,ITC,ITC4,3,Lombardia,Lombardia,10060574,4588013,45.6,0.94
4397,2021-01-18,LOM,9261,2988,6273,8271,975,15,ITC,ITC4,3,Lombardia,Lombardia,10060574,4597274,45.7,0.09
4398,2021-03-23,LOM,42616,15486,27130,28867,12889,860,ITC,ITC4,3,Lombardia,Lombardia,10060574,4639890,46.12,0.42
4399,2021-05-07,LOM,92404,43733,48671,68390,22428,1586,ITC,ITC4,3,Lombardia,Lombardia,10060574,4732294,47.04,0.92
4400,2021-03-18,LOM,27437,10977,16460,15936,11274,227,ITC,ITC4,3,Lombardia,Lombardia,10060574,4759731,47.31,0.27
4401,2021-05-14,LOM,86032,41433,44599,53292,30357,2383,ITC,ITC4,3,Lombardia,Lombardia,10060574,4845763,48.17,0.86
4402,2021-07-10,LOM,107264,54300,52964,13915,92170,1179,ITC,ITC4,3,Lombardia,Lombardia,10060574,4953027,49.23,1.07
4403,2021-06-21,LOM,113372,58076,55296,78354,32849,2169,ITC,ITC4,3,Lombardia,Lombardia,10060574,5066399,50.36,1.13
4404,2021-06-02,LOM,84670,43592,41078,76987,6364,1319,ITC,ITC4,3,Lombardia,Lombardia,10060574,5151069,51.2,0.84
4405,2021-03-11,LOM,36266,13499,22767,25636,9945,685,ITC,ITC4,3,Lombardia,Lombardia,10060574,5187335,51.56,0.36
4406,2021-05-02,LOM,83523,38343,45180,59260,22475,1788,ITC,ITC4,3,Lombardia,Lombardia,10060574,5270858,52.39,0.83
4407,2021-07-22,LOM,99368,52031,47337,12496,85418,1454,ITC,ITC4,3,Lombardia,Lombardia,10060574,5370226,53.38,0.99
4408,2021-04-13,LOM,47684,21286,26398,32938,14101,645,ITC,ITC4,3,Lombardia,Lombardia,10060574,5417910,53.85,0.47
4409,2021-04-30,LOM,117522,54887,62635,87260,27678,2584,ITC,ITC4,3,Lombardia,Lombardia,10060574,5535432,55.02,1.17
4410,2021-01-20,LOM,5711,1392,4319,5591,115,5,ITC,ITC4,3,Lombardia,Lombardia,10060574,5541143,55.08,0.06
4411,2021-01-22,LOM,3197,884,2313,3123,69,5,ITC,ITC4,3,Lombardia,Lombardia,10060574,5544340,55.11,0.03
4412,2021-07-29,LOM,74397,40416,33981,33761,38682,1954,ITC,ITC4,3,Lombardia,Lombardia,10060574,5618737,55.85,0.74
4413,2021-02-20,LOM,9364,3870,5494,8847,322,195,ITC,ITC4,3,Lombardia,Lombardia,10060574,5628101,55.94,0.09
4414,2021-04-18,LOM,36430,16237,20193,30544,5243,643,ITC,ITC4,3,Lombardia,Lombardia,10060574,5664531,56.3,0.36
4415,2021-01-08,LOM,12750,3937,8813,12739,0,11,ITC,ITC4,3,Lombardia,Lombardia,10060574,5677281,56.43,0.13
4416,2021-05-26,LOM,93772,44679,49093,42747,50136,889,ITC,ITC4,3,Lombardia,Lombardia,10060574,5771053,57.36,0.93
4417,2021-02-15,LOM,9036,3163,5873,8382,476,178,ITC,ITC4,3,Lombardia,Lombardia,10060574,5780089,57.45,0.09
4418,2021-03-20,LOM,32611,12172,20439,22250,9859,502,ITC,ITC4,3,Lombardia,Lombardia,10060574,5812700,57.78,0.32
4419,2021-03-04,LOM,29364,12131,17233,20062,9082,220,ITC,ITC4,3,Lombardia,Lombardia,10060574,5842064,58.07,0.29
4420,2021-06-30,LOM,106989,52998,53991,56587,48280,2122,ITC,ITC4,3,Lombardia,Lombardia,10060574,5949053,59.13,1.06
4421,2021-03-22,LOM,40355,14311,26044,28954,10566,835,ITC,ITC4,3,Lombardia,Lombardia,10060574,5989408,59.53,0.4
4422,2021-04-08,LOM,52451,21789,30662,35291,16486,674,ITC,ITC4,3,Lombardia,Lombardia,10060574,6041859,60.05,0.52
4423,2020-12-29,LOM,106,45,61,106,0,0,ITC,ITC4,3,Lombardia,Lombardia,10060574,6041965,60.06,0.0
4424,2021-07-14,LOM,109401,56837,52564,14347,93642,1412,ITC,ITC4,3,Lombardia,Lombardia,10060574,6151366,61.14,1.09
4425,2021-07-31,LOM,71108,38775,32333,36369,32718,2021,ITC,ITC4,3,Lombardia,Lombardia,10060574,6222474,61.85,0.71
4426,2021-04-22,LOM,74041,33431,40610,56237,16422,1382,ITC,ITC4,3,Lombardia,Lombardia,10060574,6296515,62.59,0.74
4427,2021-06-26,LOM,105922,55455,50467,77782,25738,2402,ITC,ITC4,3,Lombardia,Lombardia,10060574,6402437,63.64,1.05
4428,2021-02-10,LOM,14452,4525,9927,7566,6857,29,ITC,ITC4,3,Lombardia,Lombardia,10060574,6416889,63.78,0.14
4429,2021-01-25,LOM,7111,2395,4716,513,6595,3,ITC,ITC4,3,Lombardia,Lombardia,10060574,6424000,63.85,0.07
4430,2021-02-01,LOM,16111,5334,10777,306,15803,2,ITC,ITC4,3,Lombardia,Lombardia,10060574,6440111,64.01,0.16
4431,2021-07-05,LOM,101929,49787,52142,31512,68527,1890,ITC,ITC4,3,Lombardia,Lombardia,10060574,6542040,65.03,1.01
4432,2021-07-07,LOM,111999,56153,55846,18000,92839,1160,ITC,ITC4,3,Lombardia,Lombardia,10060574,6654039,66.14,1.11
4433,2021-04-15,LOM,49476,21869,27607,34889,13835,752,ITC,ITC4,3,Lombardia,Lombardia,10060574,6703515,66.63,0.49
4434,2021-01-05,LOM,7872,2580,5292,7866,0,6,ITC,ITC4,3,Lombardia,Lombardia,10060574,6711387,66.71,0.08
4435,2021-03-30,LOM,39719,15621,24098,24254,14854,611,ITC,ITC4,3,Lombardia,Lombardia,10060574,6751106,67.1,0.39
4436,2021-01-06,LOM,7164,2531,4633,7158,0,6,ITC,ITC4,3,Lombardia,Lombardia,10060574,6758270,67.18,0.07
4437,2021-05-18,LOM,88242,42171,46071,31887,55587,768,ITC,ITC4,3,Lombardia,Lombardia,10060574,6846512,68.05,0.88
4438,2021-06-04,LOM,104648,54321,50327,93199,9661,1788,ITC,ITC4,3,Lombardia,Lombardia,10060574,6951160,69.09,1.04
4439,2021-02-24,LOM,14725,5960,8765,13576,956,193,ITC,ITC4,3,Lombardia,Lombardia,10060574,6965885,69.24,0.15
4440,2021-08-05,LOM,90273,49262,41011,15719,73738,816,ITC,ITC4,3,Lombardia,Lombardia,10060574,7056158,70.14,0.9
4441,2020-12-27,LOM,718,414,304,718,0,0,ITC,ITC4,3,Lombardia,Lombardia,10060574,7056876,70.14,0.01
4442,2021-08-02,LOM,83609,45297,38312,18327,64374,908,ITC,ITC4,3,Lombardia,Lombardia,10060574,7140485,70.97,0.83
4443,2021-05-09,LOM,69720,32889,36831,54465,13278,1977,ITC,ITC4,3,Lombardia,Lombardia,10060574,7210205,71.67,0.69
4444,2021-01-29,LOM,13540,4145,9395,686,12851,3,ITC,ITC4,3,Lombardia,Lombardia,10060574,7223745,71.8,0.13
4445,2021-03-03,LOM,27012,11526,15486,19486,7308,218,ITC,ITC4,3,Lombardia,Lombardia,10060574,7250757,72.07,0.27
4446,2021-05-11,LOM,86931,41455,45476,58272,26243,2416,ITC,ITC4,3,Lombardia,Lombardia,10060574,7337688,72.94,0.86
4447,2021-05-28,LOM,93680,44875,48805,42033,50735,912,ITC,ITC4,3,Lombardia,Lombardia,10060574,7431368,73.87,0.93
4448,2021-02-17,LOM,12024,3774,8250,10439,1392,193,ITC,ITC4,3,Lombardia,Lombardia,10060574,7443392,73.99,0.12
4449,2021-02-03,LOM,25703,7942,17761,1078,24620,5,ITC,ITC4,3,Lombardia,Lombardia,10060574,7469095,74.24,0.26
4450,2021-04-01,LOM,43172,17311,25861,26082,16377,713,ITC,ITC4,3,Lombardia,Lombardia,10060574,7512267,74.67,0.43
4451,2021-07-12,LOM,111844,57498,54346,14802,95902,1140,ITC,ITC4,3,Lombardia,Lombardia,10060574,7624111,75.78,1.11
4452,2021-04-03,LOM,36296,14880,21416,25787,10127,382,ITC,ITC4,3,Lombardia,Lombardia,10060574,7660407,76.14,0.36
4453,2021-05-30,LOM,74417,35611,38806,33794,40005,618,ITC,ITC4,3,Lombardia,Lombardia,10060574,7734824,76.88,0.74
4454,2021-07-26,LOM,109572,58902,50670,7694,101118,760,ITC,ITC4,3,Lombardia,Lombardia,10060574,7844396,77.97,1.09
4455,2021-03-27,LOM,32505,12403,20102,23115,8756,634,ITC,ITC4,3,Lombardia,Lombardia,10060574,7876901,78.29,0.32
4456,2021-01-03,LOM,856,316,540,855,0,1,ITC,ITC4,3,Lombardia,Lombardia,10060574,7877757,78.3,0.01
4457,2021-06-22,LOM,111248,58100,53148,79176,29949,2123,ITC,ITC4,3,Lombardia,Lombardia,10060574,7989005,79.41,1.11
4458,2021-05-16,LOM,68723,32515,36208,35588,32220,915,ITC,ITC4,3,Lombardia,Lombardia,10060574,8057728,80.09,0.68
4459,2021-02-05,LOM,25774,7486,18288,2427,23334,13,ITC,ITC4,3,Lombardia,Lombardia,10060574,8083502,80.35,0.26
4460,2021-02-22,LOM,11936,4818,7118,11429,309,198,ITC,ITC4,3,Lombardia,Lombardia,10060574,8095438,80.47,0.12
4461,2021-03-13,LOM,27222,9792,17430,20557,6114,551,ITC,ITC4,3,Lombardia,Lombardia,10060574,8122660,80.74,0.27
4462,2021-01-15,LOM,25286,7453,17833,25234,0,52,ITC,ITC4,3,Lombardia,Lombardia,10060574,8147946,80.99,0.25
4463,2021-08-07,LOM,79714,43269,36445,16073,62837,804,ITC,ITC4,3,Lombardia,Lombardia,10060574,8227660,81.78,0.79
4464,2021-04-29,LOM,115630,53623,62007,83149,29903,2578,ITC,ITC4,3,Lombardia,Lombardia,10060574,8343290,82.93,1.15
4465,2021-06-25,LOM,108323,56253,52070,78361,27657,2305,ITC,ITC4,3,Lombardia,Lombardia,10060574,8451613,84.01,1.08
4466,2021-04-20,LOM,67696,30840,36856,55907,10356,1433,ITC,ITC4,3,Lombardia,Lombardia,10060574,8519309,84.68,0.67
4467,2021-01-10,LOM,10551,3981,6570,10543,0,8,ITC,ITC4,3,Lombardia,Lombardia,10060574,8529860,84.79,0.1
4468,2021-01-17,LOM,8356,3349,5007,8149,201,6,ITC,ITC4,3,Lombardia,Lombardia,10060574,8538216,84.87,0.08
4469,2021-06-23,LOM,111060,57455,53605,76740,32186,2134,ITC,ITC4,3,Lombardia,Lombardia,10060574,8649276,85.97,1.1
4470,2021-03-15,LOM,31607,11352,20255,22430,8561,616,ITC,ITC4,3,Lombardia,Lombardia,10060574,8680883,86.29,0.31
4471,2021-06-13,LOM,76003,40564,35439,72287,2129,1587,ITC,ITC4,3,Lombardia,Lombardia,10060574,8756886,87.04,0.76
4472,2021-03-05,LOM,28986,11960,17026,20249,8432,305,ITC,ITC4,3,Lombardia,Lombardia,10060574,8785872,87.33,0.29
4473,2021-06-27,LOM,90951,46822,44129,69783,18870,2298,ITC,ITC4,3,Lombardia,Lombardia,10060574,8876823,88.23,0.9
4474,2021-03-19,LOM,32492,12941,19551,18918,13252,322,ITC,ITC4,3,Lombardia,Lombardia,10060574,8909315,88.56,0.32
4475,2021-06-11,LOM,101521,51711,49810,84941,14687,1893,ITC,ITC4,3,Lombardia,Lombardia,10060574,9010836,89.57,1.01
4476,2021-04-05,LOM,27391,11698,15693,19029,8108,254,ITC,ITC4,3,Lombardia,Lombardia,10060574,9038227,89.84,0.27
4477,2021-06-01,LOM,94030,46128,47902,75802,17121,1107,ITC,ITC4,3,Lombardia,Lombardia,10060574,9132257,90.77,0.93
4478,2021-01-02,LOM,202,74,128,202,0,0,ITC,ITC4,3,Lombardia,Lombardia,10060574,9132459,90.77,0.0
4479,2021-06-08,LOM,102927,52312,50615,87173,14079,1675,ITC,ITC4,3,Lombardia,Lombardia,10060574,9235386,91.8,1.02
4480,2021-02-28,LOM,7886,3256,4630,7604,210,72,ITC,ITC4,3,Lombardia,Lombardia,10060574,9243272,91.88,0.08
4481,2021-08-04,LOM,90095,48784,41311,14426,75005,664,ITC,ITC4,3,Lombardia,Lombardia,10060574,9333367,92.77,0.9
4482,2021-04-26,LOM,88020,40948,47072,67080,19168,1772,ITC,ITC4,3,Lombardia,Lombardia,10060574,9421387,93.65,0.87
4483,2021-05-23,LOM,60813,28962,31851,26295,34005,513,ITC,ITC4,3,Lombardia,Lombardia,10060574,9482200,94.25,0.6
4484,2021-02-12,LOM,14015,4381,9634,8876,4979,160,ITC,ITC4,3,Lombardia,Lombardia,10060574,9496215,94.39,0.14
4485,2021-07-19,LOM,96913,50314,46599,10802,85028,1083,ITC,ITC4,3,Lombardia,Lombardia,10060574,9593128,95.35,0.96
4486,2021-04-10,LOM,52787,21864,30923,40074,11962,751,ITC,ITC4,3,Lombardia,Lombardia,10060574,9645915,95.88,0.52
4487,2021-06-06,LOM,90135,46351,43784,79535,9222,1378,ITC,ITC4,3,Lombardia,Lombardia,10060574,9736050,96.77,0.9
4488,2021-01-07,LOM,11806,3656,8150,11765,0,41,ITC,ITC4,3,Lombardia,Lombardia,10060574,9747856,96.89,0.12
4489,2021-07-09,LOM,115734,58995,56739,11733,103117,884,ITC,ITC4,3,Lombardia,Lombardia,10060574,9863590,98.04,1.15
4490,2021-06-03,LOM,97186,49738,47448,84612,10910,1664,ITC,ITC4,3,Lombardia,Lombardia,10060574,9960776,99.01,0.97
4491,2021-06-20,LOM,89033,44369,44664,52828,34964,1241,ITC,ITC4,3,Lombardia,Lombardia,10060574,10049809,99.89,0.88
4492,2021-03-12,LOM,35312,12979,22333,24457,10237,618,ITC,ITC4,3,Lombardia,Lombardia,10060574,10085121,100.24,0.35
4493,2021-03-29,LOM,40061,15548,24513,24534,14848,679,ITC,ITC4,3,Lombardia,Lombardia,10060574,10125182,100.64,0.4
4494,2021-07-23,LOM,95505,50063,45442,11414,82830,1261,ITC,ITC4,3,Lombardia,Lombardia,10060574,10220687,101.59,0.95
4495,2021-08-09,LOM,68928,36998,31930,18620,49257,1051,ITC,ITC4,3,Lombardia,Lombardia,10060574,10289615,102.28,0.69
4496,2021-05-01,LOM,96048,43705,52343,65053,29279,1716,ITC,ITC4,3,Lombardia,Lombardia,10060574,10385663,103.23,0.95
4497,2021-01-21,LOM,5524,1612,3912,4813,694,17,ITC,ITC4,3,Lombardia,Lombardia,10060574,10391187,103.29,0.05
4498,2021-02-07,LOM,7317,2828,4489,335,6979,3,ITC,ITC4,3,Lombardia,Lombardia,10060574,10398504,103.36,0.07
4499,2021-01-19,LOM,8060,2331,5729,7577,469,14,ITC,ITC4,3,Lombardia,Lombardia,10060574,10406564,103.44,0.08
4500,2021-04-27,LOM,86092,40004,46088,67677,16598,1817,ITC,ITC4,3,Lombardia,Lombardia,10060574,10492656,104.29,0.86
4501,2021-03-17,LOM,26295,10508,15787,15111,11024,160,ITC,ITC4,3,Lombardia,Lombardia,10060574,10518951,104.56,0.26
4502,2021-05-27,LOM,94961,45488,49473,40621,53548,792,ITC,ITC4,3,Lombardia,Lombardia,10060574,10613912,105.5,0.94
4503,2021-04-24,LOM,75834,33608,42226,53440,21153,1241,ITC,ITC4,3,Lombardia,Lombardia,10060574,10689746,106.25,0.75
4504,2021-01-14,LOM,26963,7817,19146,26910,0,53,ITC,ITC4,3,Lombardia,Lombardia,10060574,10716709,106.52,0.27
4505,2021-05-08,LOM,87799,40777,47022,63481,22090,2228,ITC,ITC4,3,Lombardia,Lombardia,10060574,10804508,107.39,0.87
4506,2021-01-31,LOM,9808,3802,6006,29,9779,0,ITC,ITC4,3,Lombardia,Lombardia,10060574,10814316,107.49,0.1
4507,2021-05-25,LOM,91211,43640,47571,43857,46530,824,ITC,ITC4,3,Lombardia,Lombardia,10060574,10905527,108.4,0.91
4508,2021-02-14,LOM,3585,1547,2038,2935,636,14,ITC,ITC4,3,Lombardia,Lombardia,10060574,10909112,108.43,0.04
4509,2021-01-12,LOM,20327,6739,13588,20297,0,30,ITC,ITC4,3,Lombardia,Lombardia,10060574,10929439,108.64,0.2
4510,2021-07-21,LOM,93983,48487,45496,8594,84510,879,ITC,ITC4,3,Lombardia,Lombardia,10060574,11023422,109.57,0.93
4511,2021-04-12,LOM,47327,20615,26712,32303,14388,636,ITC,ITC4,3,Lombardia,Lombardia,10060574,11070749,110.04,0.47
4512,2021-02-21,LOM,5053,1864,3189,4941,17,95,ITC,ITC4,3,Lombardia,Lombardia,10060574,11075802,110.09,0.05
4513,2021-07-28,LOM,77428,41718,35710,19103,56568,1757,ITC,ITC4,3,Lombardia,Lombardia,10060574,11153230,110.86,0.77
4514,2021-04-19,LOM,60397,27482,32915,49705,9416,1276,ITC,ITC4,3,Lombardia,Lombardia,10060574,11213627,111.46,0.6
4515,2021-06-15,LOM,96063,48889,47174,49024,45984,1055,ITC,ITC4,3,Lombardia,Lombardia,10060574,11309690,112.42,0.95
4516,2021-02-19,LOM,14226,5400,8826,13326,725,175,ITC,ITC4,3,Lombardia,Lombardia,10060574,11323916,112.56,0.14
4517,2021-04-17,LOM,48553,21318,27235,36968,10869,716,ITC,ITC4,3,Lombardia,Lombardia,10060574,11372469,113.04,0.48
4518,2021-02-26,LOM,18441,7570,10871,16329,1906,206,ITC,ITC4,3,Lombardia,Lombardia,10060574,11390910,113.22,0.18
4519,2021-07-30,LOM,73216,39735,33481,35022,36072,2122,ITC,ITC4,3,Lombardia,Lombardia,10060574,11464126,113.95,0.73
4520,2021-08-11,LOM,61317,33559,27758,22406,37566,1345,ITC,ITC4,3,Lombardia,Lombardia,10060574,11525443,114.56,0.61
4521,2021-05-20,LOM,95604,46240,49364,31692,63074,838,ITC,ITC4,3,Lombardia,Lombardia,10060574,11621047,115.51,0.95
4522,2021-07-04,LOM,86779,43405,43374,40213,44609,1957,ITC,ITC4,3,Lombardia,Lombardia,10060574,11707826,116.37,0.86
4523,2021-07-02,LOM,104002,52127,51875,48874,52927,2201,ITC,ITC4,3,Lombardia,Lombardia,10060574,11811828,117.41,1.03
4524,2021-03-24,LOM,43335,15645,27690,30471,11973,891,ITC,ITC4,3,Lombardia,Lombardia,10060574,11855163,117.84,0.43
4525,2021-02-09,LOM,12229,3336,8893,4026,8189,14,ITC,ITC4,3,Lombardia,Lombardia,10060574,11867392,117.96,0.12
4526,2021-07-16,LOM,108887,56700,52187,11126,96596,1165,ITC,ITC4,3,Lombardia,Lombardia,10060574,11976279,119.04,1.08
4527,2021-04-07,LOM,50619,20935,29684,34080,15831,708,ITC,ITC4,3,Lombardia,Lombardia,10060574,12026898,119.54,0.5
4528,2020-12-31,LOM,714,302,412,714,0,0,ITC,ITC4,3,Lombardia,Lombardia,10060574,12027612,119.55,0.01
4529,2021-04-11,LOM,32224,13944,18280,24317,7396,511,ITC,ITC4,3,Lombardia,Lombardia,10060574,12059836,119.87,0.32
4530,2021-01-01,LOM,24,7,17,24,0,0,ITC,ITC4,3,Lombardia,Lombardia,10060574,12059860,119.87,0.0
4531,2021-06-07,LOM,99006,50441,48565,84034,13352,1620,ITC,ITC4,3,Lombardia,Lombardia,10060574,12158866,120.86,0.98
4532,2021-02-27,LOM,13954,5876,8078,13152,645,157,ITC,ITC4,3,Lombardia,Lombardia,10060574,12172820,121.0,0.14
4533,2020-12-30,LOM,115,42,73,115,0,0,ITC,ITC4,3,Lombardia,Lombardia,10060574,12172935,121.0,0.0
4534,2021-06-16,LOM,99359,50471,48888,49867,48342,1150,ITC,ITC4,3,Lombardia,Lombardia,10060574,12272294,121.98,0.99
4535,2021-03-06,LOM,21361,9107,12254,16544,4519,298,ITC,ITC4,3,Lombardia,Lombardia,10060574,12293655,122.2,0.21
4536,2021-06-09,LOM,103703,52245,51458,87439,14542,1722,ITC,ITC4,3,Lombardia,Lombardia,10060574,12397358,123.23,1.03
4537,2021-03-08,LOM,29800,11205,18595,22169,7111,520,ITC,ITC4,3,Lombardia,Lombardia,10060574,12427158,123.52,0.3
4538,2021-05-04,LOM,86872,41093,45779,70304,14417,2151,ITC,ITC4,3,Lombardia,Lombardia,10060574,12514030,124.39,0.86
4539,2021-01-24,LOM,1202,458,744,538,664,0,ITC,ITC4,3,Lombardia,Lombardia,10060574,12515232,124.4,0.01
4540,2021-06-18,LOM,107714,52907,54807,51922,54553,1239,ITC,ITC4,3,Lombardia,Lombardia,10060574,12622946,125.47,1.07
4541,2021-08-14,LOM,22376,12538,9838,8415,13514,447,ITC,ITC4,3,Lombardia,Lombardia,10060574,12645322,125.69,0.22
4542,2021-03-01,LOM,18799,8235,10564,16885,1708,206,ITC,ITC4,3,Lombardia,Lombardia,10060574,12664121,125.88,0.19
4543,2021-05-15,LOM,80963,38804,42159,45491,33424,2048,ITC,ITC4,3,Lombardia,Lombardia,10060574,12745084,126.68,0.8
4544,2021-07-11,LOM,90326,45696,44630,11767,77501,1058,ITC,ITC4,3,Lombardia,Lombardia,10060574,12835410,127.58,0.9
4545,2021-05-13,LOM,87223,41794,45429,55732,28894,2597,ITC,ITC4,3,Lombardia,Lombardia,10060574,12922633,128.45,0.87
4546,2021-02-02,LOM,19976,6637,13339,497,19476,3,ITC,ITC4,3,Lombardia,Lombardia,10060574,12942609,128.65,0.2
4547,2021-03-31,LOM,42250,17139,25111,26199,15369,682,ITC,ITC4,3,Lombardia,Lombardia,10060574,12984859,129.07,0.42
4548,2021-03-10,LOM,33349,12756,20593,24860,7897,592,ITC,ITC4,3,Lombardia,Lombardia,10060574,13018208,129.4,0.33
4549,2021-05-06,LOM,89936,42226,47710,70991,16567,2378,ITC,ITC4,3,Lombardia,Lombardia,10060574,13108144,130.29,0.89
4550,2021-01-26,LOM,8377,2715,5662,348,8028,1,ITC,ITC4,3,Lombardia,Lombardia,10060574,13116521,130.38,0.08
4551,2021-07-30,TOS,37867,20376,17491,10784,26733,350,ITI,ITI1,9,Toscana,Toscana,3729641,37867,1.02,1.02
4552,2021-07-13,TOS,29330,14730,14600,7712,21447,171,ITI,ITI1,9,Toscana,Toscana,3729641,67197,1.8,0.79
4553,2021-04-02,TOS,32024,13579,18445,23689,8080,255,ITI,ITI1,9,Toscana,Toscana,3729641,99221,2.66,0.86
4554,2021-07-11,TOS,26124,12689,13435,9130,16826,168,ITI,ITI1,9,Toscana,Toscana,3729641,125345,3.36,0.7
4555,2021-01-28,TOS,6286,1883,4403,346,5933,7,ITI,ITI1,9,Toscana,Toscana,3729641,131631,3.53,0.17
4556,2021-03-19,TOS,10170,4474,5696,7127,2896,147,ITI,ITI1,9,Toscana,Toscana,3729641,141801,3.8,0.27
4557,2021-07-01,TOS,32060,15518,16542,10729,21061,270,ITI,ITI1,9,Toscana,Toscana,3729641,173861,4.66,0.86
4558,2021-03-26,TOS,20747,9430,11317,14709,5831,207,ITI,ITI1,9,Toscana,Toscana,3729641,194608,5.22,0.56
4559,2021-03-09,TOS,11142,4575,6567,5502,5562,78,ITI,ITI1,9,Toscana,Toscana,3729641,205750,5.52,0.3
4560,2021-04-09,TOS,24610,10582,14028,20708,3454,448,ITI,ITI1,9,Toscana,Toscana,3729641,230360,6.18,0.66
4561,2021-07-18,TOS,30365,15266,15099,8335,21821,209,ITI,ITI1,9,Toscana,Toscana,3729641,260725,6.99,0.81
4562,2021-06-17,TOS,32591,16696,15895,26693,5556,342,ITI,ITI1,9,Toscana,Toscana,3729641,293316,7.86,0.87
4563,2021-01-16,TOS,3271,1046,2225,3213,0,58,ITI,ITI1,9,Toscana,Toscana,3729641,296587,7.95,0.09
4564,2021-04-26,TOS,10148,4935,5213,7455,2557,136,ITI,ITI1,9,Toscana,Toscana,3729641,306735,8.22,0.27
4565,2021-01-02,TOS,3499,1096,2403,3455,0,44,ITI,ITI1,9,Toscana,Toscana,3729641,310234,8.32,0.09
4566,2021-08-01,TOS,29904,15309,14595,13792,15636,476,ITI,ITI1,9,Toscana,Toscana,3729641,340138,9.12,0.8
4567,2021-06-05,TOS,28444,13600,14844,20558,7616,270,ITI,ITI1,9,Toscana,Toscana,3729641,368582,9.88,0.76
4568,2021-08-08,TOS,25004,12906,12098,14593,9912,499,ITI,ITI1,9,Toscana,Toscana,3729641,393586,10.55,0.67
4569,2021-01-11,TOS,5095,1691,3404,4996,0,99,ITI,ITI1,9,Toscana,Toscana,3729641,398681,10.69,0.14
4570,2021-04-21,TOS,29636,12683,16953,16852,12145,639,ITI,ITI1,9,Toscana,Toscana,3729641,428317,11.48,0.79
4571,2021-02-23,TOS,7723,3325,4398,7209,162,352,ITI,ITI1,9,Toscana,Toscana,3729641,436040,11.69,0.21
4572,2021-06-03,TOS,32060,15455,16605,27149,4587,324,ITI,ITI1,9,Toscana,Toscana,3729641,468100,12.55,0.86
4573,2021-06-22,TOS,31047,15620,15427,22456,8214,377,ITI,ITI1,9,Toscana,Toscana,3729641,499147,13.38,0.83
4574,2021-05-17,TOS,29773,14878,14895,20557,8938,278,ITI,ITI1,9,Toscana,Toscana,3729641,528920,14.18,0.8
4575,2021-03-21,TOS,3296,1629,1667,1819,1434,43,ITI,ITI1,9,Toscana,Toscana,3729641,532216,14.27,0.09
4576,2021-01-23,TOS,3969,1360,2609,630,3333,6,ITI,ITI1,9,Toscana,Toscana,3729641,536185,14.38,0.11
4577,2021-06-29,TOS,37042,18034,19008,7989,28906,147,ITI,ITI1,9,Toscana,Toscana,3729641,573227,15.37,0.99
4578,2021-05-03,TOS,11944,5517,6427,10363,1334,247,ITI,ITI1,9,Toscana,Toscana,3729641,585171,15.69,0.32
4579,2021-05-22,TOS,26029,12665,13364,21487,4293,249,ITI,ITI1,9,Toscana,Toscana,3729641,611200,16.39,0.7
4580,2021-05-05,TOS,30156,13460,16696,14862,14558,736,ITI,ITI1,9,Toscana,Toscana,3729641,641356,17.2,0.81
4581,2021-08-13,TOS,22943,12431,10512,11215,11186,542,ITI,ITI1,9,Toscana,Toscana,3729641,664299,17.81,0.62
4582,2021-02-28,TOS,1649,667,982,852,727,70,ITI,ITI1,9,Toscana,Toscana,3729641,665948,17.86,0.04
4583,2021-02-11,TOS,5384,2022,3362,5061,242,81,ITI,ITI1,9,Toscana,Toscana,3729641,671332,18.0,0.14
4584,2021-02-09,TOS,4490,1470,3020,3765,611,114,ITI,ITI1,9,Toscana,Toscana,3729641,675822,18.12,0.12
4585,2021-04-07,TOS,35843,15474,20369,28147,7276,420,ITI,ITI1,9,Toscana,Toscana,3729641,711665,19.08,0.96
4586,2021-06-12,TOS,29401,15158,14243,24658,4391,352,ITI,ITI1,9,Toscana,Toscana,3729641,741066,19.87,0.79
4587,2021-06-24,TOS,29449,14623,14826,19308,9747,394,ITI,ITI1,9,Toscana,Toscana,3729641,770515,20.66,0.79
4588,2021-01-09,TOS,4486,1596,2890,4420,0,66,ITI,ITI1,9,Toscana,Toscana,3729641,775001,20.78,0.12
4589,2021-03-18,TOS,9978,3984,5994,5849,3992,137,ITI,ITI1,9,Toscana,Toscana,3729641,784979,21.05,0.27
4590,2021-02-04,TOS,4255,1595,2660,933,3295,27,ITI,ITI1,9,Toscana,Toscana,3729641,789234,21.16,0.11
4591,2021-05-15,TOS,29367,13860,15507,22870,5901,596,ITI,ITI1,9,Toscana,Toscana,3729641,818601,21.95,0.79
4592,2021-04-28,TOS,19145,8191,10954,3455,15335,355,ITI,ITI1,9,Toscana,Toscana,3729641,837746,22.46,0.51
4593,2021-02-18,TOS,8824,3285,5539,7744,896,184,ITI,ITI1,9,Toscana,Toscana,3729641,846570,22.7,0.24
4594,2021-05-29,TOS,31576,15263,16313,23178,8170,228,ITI,ITI1,9,Toscana,Toscana,3729641,878146,23.55,0.85
4595,2021-08-06,TOS,32917,17647,15270,15328,17114,475,ITI,ITI1,9,Toscana,Toscana,3729641,911063,24.43,0.88
4596,2021-03-23,TOS,9444,4411,5033,6965,2282,197,ITI,ITI1,9,Toscana,Toscana,3729641,920507,24.68,0.25
4597,2021-03-07,TOS,5649,2358,3291,1993,3545,111,ITI,ITI1,9,Toscana,Toscana,3729641,926156,24.83,0.15
4598,2021-07-20,TOS,37319,19097,18222,7970,29158,191,ITI,ITI1,9,Toscana,Toscana,3729641,963475,25.83,1.0
4599,2021-01-21,TOS,1589,686,903,858,722,9,ITI,ITI1,9,Toscana,Toscana,3729641,965064,25.88,0.04
4600,2021-06-02,TOS,27601,13625,13976,21858,5510,233,ITI,ITI1,9,Toscana,Toscana,3729641,992665,26.62,0.74
4601,2021-04-06,TOS,22233,9829,12404,18069,3745,419,ITI,ITI1,9,Toscana,Toscana,3729641,1014898,27.21,0.6
4602,2021-02-08,TOS,4099,1362,2737,3529,459,111,ITI,ITI1,9,Toscana,Toscana,3729641,1018997,27.32,0.11
4603,2021-07-15,TOS,31239,15287,15952,8080,22915,244,ITI,ITI1,9,Toscana,Toscana,3729641,1050236,28.16,0.84
4604,2021-05-19,TOS,27969,13584,14385,18643,9060,266,ITI,ITI1,9,Toscana,Toscana,3729641,1078205,28.91,0.75
4605,2021-03-28,TOS,6211,2807,3404,5875,253,83,ITI,ITI1,9,Toscana,Toscana,3729641,1084416,29.08,0.17
4606,2021-01-30,TOS,4624,1623,3001,175,4431,18,ITI,ITI1,9,Toscana,Toscana,3729641,1089040,29.2,0.12
4607,2021-07-06,TOS,25785,13035,12750,11041,14523,221,ITI,ITI1,9,Toscana,Toscana,3729641,1114825,29.89,0.69
4608,2021-05-10,TOS,26231,12412,13819,15243,10643,345,ITI,ITI1,9,Toscana,Toscana,3729641,1141056,30.59,0.7
4609,2021-03-14,TOS,7176,2570,4606,3148,3935,93,ITI,ITI1,9,Toscana,Toscana,3729641,1148232,30.79,0.19
4610,2021-02-16,TOS,9281,3340,5941,8329,721,231,ITI,ITI1,9,Toscana,Toscana,3729641,1157513,31.04,0.25
4611,2021-05-02,TOS,11178,4935,6243,8978,1966,234,ITI,ITI1,9,Toscana,Toscana,3729641,1168691,31.34,0.3
4612,2021-08-10,TOS,25680,13339,12341,16170,8876,634,ITI,ITI1,9,Toscana,Toscana,3729641,1194371,32.02,0.69
4613,2021-06-10,TOS,26441,13564,12877,25535,558,348,ITI,ITI1,9,Toscana,Toscana,3729641,1220812,32.73,0.71
4614,2021-05-24,TOS,33750,16720,17030,23886,9584,280,ITI,ITI1,9,Toscana,Toscana,3729641,1254562,33.64,0.9
4615,2021-01-25,TOS,5132,1895,3237,240,4888,4,ITI,ITI1,9,Toscana,Toscana,3729641,1259694,33.78,0.14
4616,2021-04-16,TOS,28970,12889,16081,21420,6917,633,ITI,ITI1,9,Toscana,Toscana,3729641,1288664,34.55,0.78
4617,2021-07-25,TOS,33897,16765,17132,7054,26666,177,ITI,ITI1,9,Toscana,Toscana,3729641,1322561,35.46,0.91
4618,2021-03-02,TOS,10599,3799,6800,7040,3446,113,ITI,ITI1,9,Toscana,Toscana,3729641,1333160,35.74,0.28
4619,2021-01-04,TOS,5067,1896,3171,5002,0,65,ITI,ITI1,9,Toscana,Toscana,3729641,1338227,35.88,0.14
4620,2021-04-14,TOS,20193,8349,11844,14501,5145,547,ITI,ITI1,9,Toscana,Toscana,3729641,1358420,36.42,0.54
4621,2021-06-14,TOS,31816,16339,15477,27419,4108,289,ITI,ITI1,9,Toscana,Toscana,3729641,1390236,37.28,0.85
4622,2021-06-26,TOS,34567,16766,17801,9994,24343,230,ITI,ITI1,9,Toscana,Toscana,3729641,1424803,38.2,0.93
4623,2021-06-09,TOS,34840,17578,17262,33956,462,422,ITI,ITI1,9,Toscana,Toscana,3729641,1459643,39.14,0.93
4624,2021-04-04,TOS,13927,6612,7315,13507,255,165,ITI,ITI1,9,Toscana,Toscana,3729641,1473570,39.51,0.37
4625,2021-03-16,TOS,4903,1885,3018,2568,2254,81,ITI,ITI1,9,Toscana,Toscana,3729641,1478473,39.64,0.13
4626,2021-02-27,TOS,1984,756,1228,1007,902,75,ITI,ITI1,9,Toscana,Toscana,3729641,1480457,39.69,0.05
4627,2020-12-30,TOS,329,106,223,328,0,1,ITI,ITI1,9,Toscana,Toscana,3729641,1480786,39.7,0.01
4628,2021-08-05,TOS,34601,17953,16648,12059,22170,372,ITI,ITI1,9,Toscana,Toscana,3729641,1515387,40.63,0.93
4629,2021-05-12,TOS,34218,15582,18636,13580,20052,586,ITI,ITI1,9,Toscana,Toscana,3729641,1549605,41.55,0.92
4630,2021-01-18,TOS,1120,637,483,972,98,50,ITI,ITI1,9,Toscana,Toscana,3729641,1550725,41.58,0.03
4631,2021-02-20,TOS,4664,1797,2867,3993,537,134,ITI,ITI1,9,Toscana,Toscana,3729641,1555389,41.7,0.13
4632,2021-05-31,TOS,30346,14645,15701,19263,10842,241,ITI,ITI1,9,Toscana,Toscana,3729641,1585735,42.52,0.81
4633,2021-05-14,TOS,33390,15452,17938,20021,12728,641,ITI,ITI1,9,Toscana,Toscana,3729641,1619125,43.41,0.9
4634,2021-02-06,TOS,4529,1551,2978,1261,3236,32,ITI,ITI1,9,Toscana,Toscana,3729641,1623654,43.53,0.12
4635,2021-04-13,TOS,8494,3508,4986,5736,2475,283,ITI,ITI1,9,Toscana,Toscana,3729641,1632148,43.76,0.23
4636,2021-07-22,TOS,39372,19786,19586,4489,34718,165,ITI,ITI1,9,Toscana,Toscana,3729641,1671520,44.82,1.06
4637,2021-05-26,TOS,35609,17108,18501,20138,15215,256,ITI,ITI1,9,Toscana,Toscana,3729641,1707129,45.77,0.95
4638,2021-03-30,TOS,17036,7646,9390,13265,3573,198,ITI,ITI1,9,Toscana,Toscana,3729641,1724165,46.23,0.46
4639,2021-07-08,TOS,21076,10358,10718,9255,11581,240,ITI,ITI1,9,Toscana,Toscana,3729641,1745241,46.79,0.57
4640,2021-04-18,TOS,8367,4093,4274,7059,1032,276,ITI,ITI1,9,Toscana,Toscana,3729641,1753608,47.02,0.22
4641,2021-07-27,TOS,38677,20114,18563,11275,27069,333,ITI,ITI1,9,Toscana,Toscana,3729641,1792285,48.06,1.04
4642,2021-07-10,TOS,29306,14182,15124,7957,21164,185,ITI,ITI1,9,Toscana,Toscana,3729641,1821591,48.84,0.79
4643,2021-06-07,TOS,34958,17152,17806,30970,3647,341,ITI,ITI1,9,Toscana,Toscana,3729641,1856549,49.78,0.94
4644,2021-05-21,TOS,28945,13493,15452,17223,11465,257,ITI,ITI1,9,Toscana,Toscana,3729641,1885494,50.55,0.78
4645,2021-03-01,TOS,4474,1734,2740,766,3642,66,ITI,ITI1,9,Toscana,Toscana,3729641,1889968,50.67,0.12
4646,2021-03-04,TOS,17864,6961,10903,14623,3085,156,ITI,ITI1,9,Toscana,Toscana,3729641,1907832,51.15,0.48
4647,2021-06-21,TOS,31197,15490,15707,18141,12793,263,ITI,ITI1,9,Toscana,Toscana,3729641,1939029,51.99,0.84
4648,2021-01-06,TOS,4519,1460,3059,4467,0,52,ITI,ITI1,9,Toscana,Toscana,3729641,1943548,52.11,0.12
4649,2021-01-01,TOS,2370,788,1582,2325,0,45,ITI,ITI1,9,Toscana,Toscana,3729641,1945918,52.17,0.06
4650,2021-04-11,TOS,3645,1680,1965,3335,155,155,ITI,ITI1,9,Toscana,Toscana,3729641,1949563,52.27,0.1
4651,2021-07-03,TOS,29408,14818,14590,11860,17164,384,ITI,ITI1,9,Toscana,Toscana,3729641,1978971,53.06,0.79
4652,2021-08-07,TOS,30405,16258,14147,14185,15736,484,ITI,ITI1,9,Toscana,Toscana,3729641,2009376,53.88,0.82
4653,2021-03-06,TOS,7114,2853,4261,2826,4203,85,ITI,ITI1,9,Toscana,Toscana,3729641,2016490,54.07,0.19
4654,2021-02-01,TOS,5514,1959,3555,510,4994,10,ITI,ITI1,9,Toscana,Toscana,3729641,2022004,54.21,0.15
4655,2020-12-27,TOS,620,267,353,615,0,5,ITI,ITI1,9,Toscana,Toscana,3729641,2022624,54.23,0.02
4656,2021-08-02,TOS,35282,18079,17203,13350,21541,391,ITI,ITI1,9,Toscana,Toscana,3729641,2057906,55.18,0.95
4657,2021-01-03,TOS,3337,1052,2285,3291,0,46,ITI,ITI1,9,Toscana,Toscana,3729641,2061243,55.27,0.09
4658,2021-07-17,TOS,27740,14333,13407,8958,18542,240,ITI,ITI1,9,Toscana,Toscana,3729641,2088983,56.01,0.74
4659,2021-06-11,TOS,29745,15490,14255,24720,4660,365,ITI,ITI1,9,Toscana,Toscana,3729641,2118728,56.81,0.8
4660,2021-04-15,TOS,24469,10229,14240,15333,8606,530,ITI,ITI1,9,Toscana,Toscana,3729641,2143197,57.46,0.66
4661,2021-02-17,TOS,8178,3171,5007,7301,753,124,ITI,ITI1,9,Toscana,Toscana,3729641,2151375,57.68,0.22
4662,2021-07-24,TOS,38428,19362,19066,6854,31348,226,ITI,ITI1,9,Toscana,Toscana,3729641,2189803,58.71,1.03
4663,2021-05-23,TOS,28432,13669,14763,25603,2560,269,ITI,ITI1,9,Toscana,Toscana,3729641,2218235,59.48,0.76
4664,2021-08-14,TOS,16618,9037,7581,7791,8513,314,ITI,ITI1,9,Toscana,Toscana,3729641,2234853,59.92,0.45
4665,2021-08-12,TOS,25747,13399,12348,14271,10840,636,ITI,ITI1,9,Toscana,Toscana,3729641,2260600,60.61,0.69
4666,2021-05-07,TOS,32166,14715,17451,11357,20197,612,ITI,ITI1,9,Toscana,Toscana,3729641,2292766,61.47,0.86
4667,2021-07-29,TOS,39364,20504,18860,12600,26421,343,ITI,ITI1,9,Toscana,Toscana,3729641,2332130,62.53,1.06
4668,2021-02-13,TOS,7787,2362,5425,7412,227,148,ITI,ITI1,9,Toscana,Toscana,3729641,2339917,62.74,0.21
4669,2021-01-08,TOS,5948,1644,4304,5855,0,93,ITI,ITI1,9,Toscana,Toscana,3729641,2345865,62.9,0.16
4670,2021-07-12,TOS,28265,13992,14273,9662,18304,299,ITI,ITI1,9,Toscana,Toscana,3729641,2374130,63.66,0.76
4671,2021-03-11,TOS,15958,6380,9578,12405,3372,181,ITI,ITI1,9,Toscana,Toscana,3729641,2390088,64.08,0.43
4672,2021-06-19,TOS,26512,13925,12587,21386,4789,337,ITI,ITI1,9,Toscana,Toscana,3729641,2416600,64.79,0.71
4673,2021-02-05,TOS,5750,2245,3505,1888,3828,34,ITI,ITI1,9,Toscana,Toscana,3729641,2422350,64.95,0.15
4674,2021-05-16,TOS,26689,12895,13794,23923,2470,296,ITI,ITI1,9,Toscana,Toscana,3729641,2449039,65.66,0.72
4675,2021-02-03,TOS,4225,1452,2773,236,3985,4,ITI,ITI1,9,Toscana,Toscana,3729641,2453264,65.78,0.11
4676,2021-01-15,TOS,3879,1348,2531,3819,0,60,ITI,ITI1,9,Toscana,Toscana,3729641,2457143,65.88,0.1
4677,2021-06-18,TOS,30808,16259,14549,24999,5404,405,ITI,ITI1,9,Toscana,Toscana,3729641,2487951,66.71,0.83
4678,2021-04-27,TOS,10372,4927,5445,3665,6503,204,ITI,ITI1,9,Toscana,Toscana,3729641,2498323,66.99,0.28
4679,2021-07-19,TOS,38022,18950,19072,8814,28919,289,ITI,ITI1,9,Toscana,Toscana,3729641,2536345,68.01,1.02
4680,2021-01-17,TOS,2536,871,1665,1987,514,35,ITI,ITI1,9,Toscana,Toscana,3729641,2538881,68.07,0.07
4681,2021-02-15,TOS,8770,3376,5394,7771,826,173,ITI,ITI1,9,Toscana,Toscana,3729641,2547651,68.31,0.24
4682,2021-02-22,TOS,9821,4255,5566,9166,278,377,ITI,ITI1,9,Toscana,Toscana,3729641,2557472,68.57,0.26
4683,2021-05-28,TOS,30137,13953,16184,17426,12483,228,ITI,ITI1,9,Toscana,Toscana,3729641,2587609,69.38,0.81
4684,2021-04-22,TOS,35769,15313,20456,17409,17531,829,ITI,ITI1,9,Toscana,Toscana,3729641,2623378,70.34,0.96
4685,2021-02-24,TOS,10372,4467,5905,10034,198,140,ITI,ITI1,9,Toscana,Toscana,3729641,2633750,70.62,0.28
4686,2021-07-31,TOS,35813,19199,16614,12368,23001,444,ITI,ITI1,9,Toscana,Toscana,3729641,2669563,71.58,0.96
4687,2021-06-04,TOS,28332,13445,14887,20262,7805,265,ITI,ITI1,9,Toscana,Toscana,3729641,2697895,72.34,0.76
4688,2021-04-08,TOS,29743,12584,17159,22934,6440,369,ITI,ITI1,9,Toscana,Toscana,3729641,2727638,73.13,0.8
4689,2021-07-26,TOS,38254,19839,18415,10081,27868,305,ITI,ITI1,9,Toscana,Toscana,3729641,2765892,74.16,1.03
4690,2021-02-10,TOS,4268,1285,2983,3587,525,156,ITI,ITI1,9,Toscana,Toscana,3729641,2770160,74.27,0.11
4691,2021-05-04,TOS,18324,8217,10107,12414,5464,446,ITI,ITI1,9,Toscana,Toscana,3729641,2788484,74.77,0.49
4692,2021-02-12,TOS,7619,2694,4925,7293,213,113,ITI,ITI1,9,Toscana,Toscana,3729641,2796103,74.97,0.2
4693,2021-04-01,TOS,27123,11254,15869,16173,10710,240,ITI,ITI1,9,Toscana,Toscana,3729641,2823226,75.7,0.73
4694,2021-03-15,TOS,8708,3655,5053,4088,4447,173,ITI,ITI1,9,Toscana,Toscana,3729641,2831934,75.93,0.23
4695,2021-06-23,TOS,31550,15294,16256,19813,11381,356,ITI,ITI1,9,Toscana,Toscana,3729641,2863484,76.78,0.85
4696,2021-01-10,TOS,3002,1105,1897,2947,0,55,ITI,ITI1,9,Toscana,Toscana,3729641,2866486,76.86,0.08
4697,2021-04-20,TOS,18162,8110,10052,12210,5588,364,ITI,ITI1,9,Toscana,Toscana,3729641,2884648,77.34,0.49
4698,2021-04-03,TOS,15017,6646,8371,13675,1126,216,ITI,ITI1,9,Toscana,Toscana,3729641,2899665,77.75,0.4
4699,2021-05-11,TOS,27966,12993,14973,12104,15484,378,ITI,ITI1,9,Toscana,Toscana,3729641,2927631,78.5,0.75
4700,2021-03-13,TOS,9291,3311,5980,5171,3966,154,ITI,ITI1,9,Toscana,Toscana,3729641,2936922,78.75,0.25
4701,2021-07-14,TOS,28905,14272,14633,8604,20051,250,ITI,ITI1,9,Toscana,Toscana,3729641,2965827,79.52,0.78
4702,2021-01-29,TOS,6150,1702,4448,290,5848,12,ITI,ITI1,9,Toscana,Toscana,3729641,2971977,79.69,0.16
4703,2021-03-25,TOS,23968,10403,13565,15305,8404,259,ITI,ITI1,9,Toscana,Toscana,3729641,2995945,80.33,0.64
4704,2021-04-12,TOS,2624,1192,1432,1800,655,169,ITI,ITI1,9,Toscana,Toscana,3729641,2998569,80.4,0.07
4705,2021-07-21,TOS,38481,19640,18841,7340,30907,234,ITI,ITI1,9,Toscana,Toscana,3729641,3037050,81.43,1.03
4706,2021-05-13,TOS,35193,15545,19648,13203,21350,640,ITI,ITI1,9,Toscana,Toscana,3729641,3072243,82.37,0.94
4707,2021-08-04,TOS,34755,17979,16776,11308,23033,414,ITI,ITI1,9,Toscana,Toscana,3729641,3106998,83.31,0.93
4708,2021-04-29,TOS,39367,17734,21633,18565,20141,661,ITI,ITI1,9,Toscana,Toscana,3729641,3146365,84.36,1.06
4709,2021-03-24,TOS,20030,8309,11721,10404,9483,143,ITI,ITI1,9,Toscana,Toscana,3729641,3166395,84.9,0.54
4710,2021-07-05,TOS,30517,15084,15433,10337,19949,231,ITI,ITI1,9,Toscana,Toscana,3729641,3196912,85.72,0.82
4711,2021-03-08,TOS,6713,2950,3763,1841,4825,47,ITI,ITI1,9,Toscana,Toscana,3729641,3203625,85.9,0.18
4712,2021-06-16,TOS,31779,16267,15512,26278,5181,320,ITI,ITI1,9,Toscana,Toscana,3729641,3235404,86.75,0.85
4713,2021-05-30,TOS,28699,13955,14744,21507,6950,242,ITI,ITI1,9,Toscana,Toscana,3729641,3264103,87.52,0.77
4714,2021-07-04,TOS,31523,15305,16218,9360,21873,290,ITI,ITI1,9,Toscana,Toscana,3729641,3295626,88.36,0.85
4715,2021-05-08,TOS,29182,13127,16055,13279,15502,401,ITI,ITI1,9,Toscana,Toscana,3729641,3324808,89.15,0.78
4716,2021-03-12,TOS,16991,6624,10367,13269,3531,191,ITI,ITI1,9,Toscana,Toscana,3729641,3341799,89.6,0.46
4717,2021-01-14,TOS,3255,1179,2076,3219,0,36,ITI,ITI1,9,Toscana,Toscana,3729641,3345054,89.69,0.09
4718,2021-06-20,TOS,25178,12484,12694,15418,9519,241,ITI,ITI1,9,Toscana,Toscana,3729641,3370232,90.36,0.68
4719,2021-03-03,TOS,18233,6541,11692,14496,3609,128,ITI,ITI1,9,Toscana,Toscana,3729641,3388465,90.85,0.49
4720,2021-01-05,TOS,5249,1755,3494,5193,0,56,ITI,ITI1,9,Toscana,Toscana,3729641,3393714,90.99,0.14
4721,2021-01-19,TOS,1106,533,573,1064,0,42,ITI,ITI1,9,Toscana,Toscana,3729641,3394820,91.02,0.03
4722,2021-07-28,TOS,38529,20136,18393,12093,26099,337,ITI,ITI1,9,Toscana,Toscana,3729641,3433349,92.06,1.03
4723,2021-01-26,TOS,5398,1794,3604,209,5185,4,ITI,ITI1,9,Toscana,Toscana,3729641,3438747,92.2,0.14
4724,2021-05-06,TOS,31427,13669,17758,13465,17268,694,ITI,ITI1,9,Toscana,Toscana,3729641,3470174,93.04,0.84
4725,2021-04-19,TOS,9102,4514,4588,7753,1032,317,ITI,ITI1,9,Toscana,Toscana,3729641,3479276,93.29,0.24
4726,2021-04-17,TOS,20560,9219,11341,17929,2141,490,ITI,ITI1,9,Toscana,Toscana,3729641,3499836,93.84,0.55
4727,2021-01-27,TOS,4837,1575,3262,200,4632,5,ITI,ITI1,9,Toscana,Toscana,3729641,3504673,93.97,0.13
4728,2021-03-17,TOS,11425,4590,6835,6798,4534,93,ITI,ITI1,9,Toscana,Toscana,3729641,3516098,94.27,0.31
4729,2021-06-25,TOS,33634,16814,16820,12112,21242,280,ITI,ITI1,9,Toscana,Toscana,3729641,3549732,95.18,0.9
4730,2021-06-08,TOS,32600,16723,15877,31737,490,373,ITI,ITI1,9,Toscana,Toscana,3729641,3582332,96.05,0.87
4731,2021-02-26,TOS,10091,3841,6250,8662,1211,218,ITI,ITI1,9,Toscana,Toscana,3729641,3592423,96.32,0.27
4732,2021-06-06,TOS,28315,13657,14658,22585,5368,362,ITI,ITI1,9,Toscana,Toscana,3729641,3620738,97.08,0.76
4733,2021-05-09,TOS,22540,9774,12766,9409,12870,261,ITI,ITI1,9,Toscana,Toscana,3729641,3643278,97.68,0.6
4734,2021-07-16,TOS,27664,14037,13627,7694,19717,253,ITI,ITI1,9,Toscana,Toscana,3729641,3670942,98.43,0.74
4735,2021-05-20,TOS,29773,13920,15853,18640,10850,283,ITI,ITI1,9,Toscana,Toscana,3729641,3700715,99.22,0.8
4736,2021-01-31,TOS,3052,1131,1921,100,2949,3,ITI,ITI1,9,Toscana,Toscana,3729641,3703767,99.31,0.08
4737,2021-02-21,TOS,5104,2088,3016,4730,170,204,ITI,ITI1,9,Toscana,Toscana,3729641,3708871,99.44,0.14
4738,2021-06-01,TOS,26953,13397,13556,22868,3836,249,ITI,ITI1,9,Toscana,Toscana,3729641,3735824,100.17,0.72
4739,2021-07-02,TOS,28304,14202,14102,10812,17196,296,ITI,ITI1,9,Toscana,Toscana,3729641,3764128,100.92,0.76
4740,2021-06-15,TOS,31215,16069,15146,26303,4573,339,ITI,ITI1,9,Toscana,Toscana,3729641,3795343,101.76,0.84
4741,2021-03-10,TOS,18368,7406,10962,14263,3998,107,ITI,ITI1,9,Toscana,Toscana,3729641,3813711,102.25,0.49
4742,2021-02-02,TOS,3744,1476,2268,189,3548,7,ITI,ITI1,9,Toscana,Toscana,3729641,3817455,102.35,0.1
4743,2020-12-31,TOS,802,201,601,798,0,4,ITI,ITI1,9,Toscana,Toscana,3729641,3818257,102.38,0.02
4744,2021-04-10,TOS,11751,5366,6385,10770,743,238,ITI,ITI1,9,Toscana,Toscana,3729641,3830008,102.69,0.32
4745,2021-02-19,TOS,8293,2952,5341,7600,513,180,ITI,ITI1,9,Toscana,Toscana,3729641,3838301,102.91,0.22
4746,2021-04-24,TOS,13447,6173,7274,5618,7460,369,ITI,ITI1,9,Toscana,Toscana,3729641,3851748,103.27,0.36
4747,2021-06-27,TOS,33302,16077,17225,5915,27255,132,ITI,ITI1,9,Toscana,Toscana,3729641,3885050,104.17,0.89
4748,2021-05-01,TOS,23339,10071,13268,13729,9225,385,ITI,ITI1,9,Toscana,Toscana,3729641,3908389,104.79,0.63
4749,2021-03-05,TOS,16881,6691,10190,11943,4757,181,ITI,ITI1,9,Toscana,Toscana,3729641,3925270,105.25,0.45
4750,2021-08-09,TOS,28927,14690,14237,18491,9728,708,ITI,ITI1,9,Toscana,Toscana,3729641,3954197,106.02,0.78
4751,2021-08-11,TOS,26895,14107,12788,16851,9320,724,ITI,ITI1,9,Toscana,Toscana,3729641,3981092,106.74,0.72
4752,2021-01-12,TOS,3581,1398,2183,3508,0,73,ITI,ITI1,9,Toscana,Toscana,3729641,3984673,106.84,0.1
4753,2021-01-24,TOS,3350,1073,2277,197,3150,3,ITI,ITI1,9,Toscana,Toscana,3729641,3988023,106.93,0.09
4754,2021-01-07,TOS,6018,1751,4267,5932,0,86,ITI,ITI1,9,Toscana,Toscana,3729641,3994041,107.09,0.16
4755,2021-04-05,TOS,15288,6826,8462,14370,738,180,ITI,ITI1,9,Toscana,Toscana,3729641,4009329,107.5,0.41
4756,2021-02-07,TOS,2808,954,1854,864,1924,20,ITI,ITI1,9,Toscana,Toscana,3729641,4012137,107.57,0.08
4757,2021-07-23,TOS,38423,19286,19137,4389,33881,153,ITI,ITI1,9,Toscana,Toscana,3729641,4050560,108.6,1.03
4758,2021-05-18,TOS,28841,14276,14565,19759,8828,254,ITI,ITI1,9,Toscana,Toscana,3729641,4079401,109.38,0.77
4759,2021-06-13,TOS,24617,12353,12264,22607,1659,351,ITI,ITI1,9,Toscana,Toscana,3729641,4104018,110.04,0.66
4760,2021-02-25,TOS,10632,4305,6327,9464,998,170,ITI,ITI1,9,Toscana,Toscana,3729641,4114650,110.32,0.29
4761,2021-06-28,TOS,37696,18138,19558,8439,29090,167,ITI,ITI1,9,Toscana,Toscana,3729641,4152346,111.33,1.01
4762,2021-01-20,TOS,1333,639,694,1022,248,63,ITI,ITI1,9,Toscana,Toscana,3729641,4153679,111.37,0.04
4763,2021-04-30,TOS,40240,17807,22433,19662,19933,645,ITI,ITI1,9,Toscana,Toscana,3729641,4193919,112.45,1.08
4764,2021-04-25,TOS,11063,5250,5813,8759,2143,161,ITI,ITI1,9,Toscana,Toscana,3729641,4204982,112.74,0.3
4765,2021-08-03,TOS,36311,18901,17410,12151,23783,377,ITI,ITI1,9,Toscana,Toscana,3729641,4241293,113.72,0.97
4766,2021-01-13,TOS,4063,1398,2665,3999,0,64,ITI,ITI1,9,Toscana,Toscana,3729641,4245356,113.83,0.11
4767,2021-04-23,TOS,25672,11430,14242,8806,16334,532,ITI,ITI1,9,Toscana,Toscana,3729641,4271028,114.52,0.69
4768,2021-03-20,TOS,6589,2978,3611,5361,1138,90,ITI,ITI1,9,Toscana,Toscana,3729641,4277617,114.69,0.18
4769,2021-01-22,TOS,2866,1064,1802,524,2339,3,ITI,ITI1,9,Toscana,Toscana,3729641,4280483,114.77,0.08
4770,2021-07-07,TOS,25641,12605,13036,9339,16115,187,ITI,ITI1,9,Toscana,Toscana,3729641,4306124,115.46,0.69
4771,2021-03-27,TOS,8865,4155,4710,8511,216,138,ITI,ITI1,9,Toscana,Toscana,3729641,4314989,115.69,0.24
4772,2021-06-30,TOS,38269,18514,19755,8461,29591,217,ITI,ITI1,9,Toscana,Toscana,3729641,4353258,116.72,1.03
4773,2021-02-14,TOS,9000,2569,6431,8737,110,153,ITI,ITI1,9,Toscana,Toscana,3729641,4362258,116.96,0.24
4774,2021-05-25,TOS,34192,16507,17685,19283,14636,273,ITI,ITI1,9,Toscana,Toscana,3729641,4396450,117.88,0.92
4775,2021-03-29,TOS,9698,4849,4849,9213,351,134,ITI,ITI1,9,Toscana,Toscana,3729641,4406148,118.14,0.26
4776,2021-05-27,TOS,28373,13206,15167,13275,14876,222,ITI,ITI1,9,Toscana,Toscana,3729641,4434521,118.9,0.76
4777,2021-03-31,TOS,32763,13276,19487,20188,12235,340,ITI,ITI1,9,Toscana,Toscana,3729641,4467284,119.78,0.88
4778,2021-07-09,TOS,29122,14106,15016,7692,21237,193,ITI,ITI1,9,Toscana,Toscana,3729641,4496406,120.56,0.78
4779,2021-03-22,TOS,5258,2768,2490,4675,447,136,ITI,ITI1,9,Toscana,Toscana,3729641,4501664,120.7,0.14
