,data,area,Vaccinazioni giornaliere,sesso_maschile,sesso_femminile,prima_dose,seconda_dose,pregressa_infezione,codice_NUTS1,codice_NUTS2,codice_regione_ISTAT,nome_area,Regione,popolazione,Totale vaccinazioni,Totale vaccinazioni ogni cento ab,Vaccinazioni giornaliere ogni cento ab
0,2021-03-08,VDA,488,233,255,240,245,3,ITC,ITC2,2,Valle d'Aosta / Vallée d'Aoste,Valle d'Aosta,125666,488,0.39,0.39
1,2021-08-12,VDA,375,204,171,118,248,9,ITC,ITC2,2,Valle d'Aosta / Vallée d'Aoste,Valle d'Aosta,125666,863,0.69,0.3
2,2021-05-04,VDA,1136,511,625,434,674,28,ITC,ITC2,2,Valle d'Aosta / Vallée d'Aoste,Valle d'Aosta,125666,1999,1.59,0.9
3,2021-06-16,VDA,1062,565,497,664,394,4,ITC,ITC2,2,Valle d'Aosta / Vallée d'Aoste,Valle d'Aosta,125666,3061,2.44,0.85
4,2021-03-15,VDA,387,141,246,175,203,9,ITC,ITC2,2,Valle d'Aosta / Vallée d'Aoste,Valle d'Aosta,125666,3448,2.74,0.31
5,2021-05-11,VDA,649,326,323,471,150,28,ITC,ITC2,2,Valle d'Aosta / Vallée d'Aoste,Valle d'Aosta,125666,4097,3.26,0.52
6,2021-04-27,VDA,979,424,555,651,292,36,ITC,ITC2,2,Valle d'Aosta / Vallée d'Aoste,Valle d'Aosta,125666,5076,4.04,0.78
7,2021-01-17,VDA,131,56,75,131,0,0,ITC,ITC2,2,Valle d'Aosta / Vallée d'Aoste,Valle d'Aosta,125666,5207,4.14,0.1
8,2021-06-23,VDA,1044,551,493,422,617,5,ITC,ITC2,2,Valle d'Aosta / Vallée d'Aoste,Valle d'Aosta,125666,6251,4.97,0.83
9,2021-01-27,VDA,154,74,80,80,74,0,ITC,ITC2,2,Valle d'Aosta / Vallée d'Aoste,Valle d'Aosta,125666,6405,5.1,0.12
10,2021-04-20,VDA,935,430,505,709,194,32,ITC,ITC2,2,Valle d'Aosta / Vallée d'Aoste,Valle d'Aosta,125666,7340,5.84,0.74
11,2021-01-10,VDA,220,71,149,208,0,12,ITC,ITC2,2,Valle d'Aosta / Vallée d'Aoste,Valle d'Aosta,125666,7560,6.02,0.18
12,2020-12-27,VDA,20,9,11,20,0,0,ITC,ITC2,2,Valle d'Aosta / Vallée d'Aoste,Valle d'Aosta,125666,7580,6.03,0.02
13,2021-04-15,VDA,814,378,436,641,140,33,ITC,ITC2,2,Valle d'Aosta / Vallée d'Aoste,Valle d'Aosta,125666,8394,6.68,0.65
14,2021-07-07,VDA,792,439,353,413,362,17,ITC,ITC2,2,Valle d'Aosta / Vallée d'Aoste,Valle d'Aosta,125666,9186,7.31,0.63
15,2021-07-24,VDA,1018,535,483,332,683,3,ITC,ITC2,2,Valle d'Aosta / Vallée d'Aoste,Valle d'Aosta,125666,10204,8.12,0.81
16,2021-05-30,VDA,865,429,436,682,171,12,ITC,ITC2,2,Valle d'Aosta / Vallée d'Aoste,Valle d'Aosta,125666,11069,8.81,0.69
17,2021-07-26,VDA,1005,512,493,315,687,3,ITC,ITC2,2,Valle d'Aosta / Vallée d'Aoste,Valle d'Aosta,125666,12074,9.61,0.8
18,2021-05-28,VDA,977,415,562,545,413,19,ITC,ITC2,2,Valle d'Aosta / Vallée d'Aoste,Valle d'Aosta,125666,13051,10.39,0.78
19,2021-02-17,VDA,328,145,183,223,101,4,ITC,ITC2,2,Valle d'Aosta / Vallée d'Aoste,Valle d'Aosta,125666,13379,10.65,0.26
20,2021-07-12,VDA,979,483,496,238,733,8,ITC,ITC2,2,Valle d'Aosta / Vallée d'Aoste,Valle d'Aosta,125666,14358,11.43,0.78
21,2021-04-03,VDA,676,341,335,649,15,12,ITC,ITC2,2,Valle d'Aosta / Vallée d'Aoste,Valle d'Aosta,125666,15034,11.96,0.54
22,2021-03-20,VDA,209,87,122,168,36,5,ITC,ITC2,2,Valle d'Aosta / Vallée d'Aoste,Valle d'Aosta,125666,15243,12.13,0.17
23,2021-06-28,VDA,989,497,492,328,658,3,ITC,ITC2,2,Valle d'Aosta / Vallée d'Aoste,Valle d'Aosta,125666,16232,12.92,0.79
24,2021-06-11,VDA,1048,484,564,755,283,10,ITC,ITC2,2,Valle d'Aosta / Vallée d'Aoste,Valle d'Aosta,125666,17280,13.75,0.83
25,2021-02-03,VDA,354,116,238,15,339,0,ITC,ITC2,2,Valle d'Aosta / Vallée d'Aoste,Valle d'Aosta,125666,17634,14.03,0.28
26,2021-04-01,VDA,778,394,384,747,12,19,ITC,ITC2,2,Valle d'Aosta / Vallée d'Aoste,Valle d'Aosta,125666,18412,14.65,0.62
27,2021-02-05,VDA,296,103,193,102,194,0,ITC,ITC2,2,Valle d'Aosta / Vallée d'Aoste,Valle d'Aosta,125666,18708,14.89,0.24
28,2021-02-22,VDA,317,94,223,210,104,3,ITC,ITC2,2,Valle d'Aosta / Vallée d'Aoste,Valle d'Aosta,125666,19025,15.14,0.25
29,2021-05-16,VDA,690,342,348,340,342,8,ITC,ITC2,2,Valle d'Aosta / Vallée d'Aoste,Valle d'Aosta,125666,19715,15.69,0.55
30,2021-08-07,VDA,739,433,306,306,421,12,ITC,ITC2,2,Valle d'Aosta / Vallée d'Aoste,Valle d'Aosta,125666,20454,16.28,0.59
31,2021-06-09,VDA,1050,558,492,1007,35,8,ITC,ITC2,2,Valle d'Aosta / Vallée d'Aoste,Valle d'Aosta,125666,21504,17.11,0.84
32,2021-03-01,VDA,181,66,115,139,34,8,ITC,ITC2,2,Valle d'Aosta / Vallée d'Aoste,Valle d'Aosta,125666,21685,17.26,0.14
33,2021-02-15,VDA,264,136,128,225,35,4,ITC,ITC2,2,Valle d'Aosta / Vallée d'Aoste,Valle d'Aosta,125666,21949,17.47,0.21
34,2021-06-30,VDA,1120,543,577,417,694,9,ITC,ITC2,2,Valle d'Aosta / Vallée d'Aoste,Valle d'Aosta,125666,23069,18.36,0.89
35,2021-04-13,VDA,373,171,202,311,44,18,ITC,ITC2,2,Valle d'Aosta / Vallée d'Aoste,Valle d'Aosta,125666,23442,18.65,0.3
36,2021-07-05,VDA,834,355,479,312,508,14,ITC,ITC2,2,Valle d'Aosta / Vallée d'Aoste,Valle d'Aosta,125666,24276,19.32,0.66
37,2021-03-27,VDA,337,166,171,292,31,14,ITC,ITC2,2,Valle d'Aosta / Vallée d'Aoste,Valle d'Aosta,125666,24613,19.59,0.27
38,2021-06-18,VDA,1000,443,557,590,400,10,ITC,ITC2,2,Valle d'Aosta / Vallée d'Aoste,Valle d'Aosta,125666,25613,20.38,0.8
39,2021-05-23,VDA,999,465,534,653,340,6,ITC,ITC2,2,Valle d'Aosta / Vallée d'Aoste,Valle d'Aosta,125666,26612,21.18,0.79
40,2021-01-29,VDA,321,139,182,2,319,0,ITC,ITC2,2,Valle d'Aosta / Vallée d'Aoste,Valle d'Aosta,125666,26933,21.43,0.26
41,2021-04-22,VDA,1068,450,618,652,383,33,ITC,ITC2,2,Valle d'Aosta / Vallée d'Aoste,Valle d'Aosta,125666,28001,22.28,0.85
42,2021-05-09,VDA,574,287,287,425,130,19,ITC,ITC2,2,Valle d'Aosta / Vallée d'Aoste,Valle d'Aosta,125666,28575,22.74,0.46
43,2021-07-31,VDA,889,464,425,319,558,12,ITC,ITC2,2,Valle d'Aosta / Vallée d'Aoste,Valle d'Aosta,125666,29464,23.45,0.71
44,2021-02-10,VDA,248,77,171,141,107,0,ITC,ITC2,2,Valle d'Aosta / Vallée d'Aoste,Valle d'Aosta,125666,29712,23.64,0.2
45,2021-03-25,VDA,389,154,235,364,10,15,ITC,ITC2,2,Valle d'Aosta / Vallée d'Aoste,Valle d'Aosta,125666,30101,23.95,0.31
46,2021-05-21,VDA,933,443,490,517,401,15,ITC,ITC2,2,Valle d'Aosta / Vallée d'Aoste,Valle d'Aosta,125666,31034,24.7,0.74
47,2021-04-17,VDA,638,407,231,593,2,43,ITC,ITC2,2,Valle d'Aosta / Vallée d'Aoste,Valle d'Aosta,125666,31672,25.2,0.51
48,2021-01-07,VDA,280,113,167,280,0,0,ITC,ITC2,2,Valle d'Aosta / Vallée d'Aoste,Valle d'Aosta,125666,31952,25.43,0.22
49,2021-07-19,VDA,878,460,418,256,619,3,ITC,ITC2,2,Valle d'Aosta / Vallée d'Aoste,Valle d'Aosta,125666,32830,26.12,0.7
50,2021-02-24,VDA,184,83,101,163,20,1,ITC,ITC2,2,Valle d'Aosta / Vallée d'Aoste,Valle d'Aosta,125666,33014,26.27,0.15
51,2021-04-08,VDA,585,282,303,419,144,22,ITC,ITC2,2,Valle d'Aosta / Vallée d'Aoste,Valle d'Aosta,125666,33599,26.74,0.47
52,2021-06-13,VDA,856,403,453,371,482,3,ITC,ITC2,2,Valle d'Aosta / Vallée d'Aoste,Valle d'Aosta,125666,34455,27.42,0.68
53,2021-01-31,VDA,291,91,200,58,233,0,ITC,ITC2,2,Valle d'Aosta / Vallée d'Aoste,Valle d'Aosta,125666,34746,27.65,0.23
54,2021-05-25,VDA,1117,532,585,530,575,12,ITC,ITC2,2,Valle d'Aosta / Vallée d'Aoste,Valle d'Aosta,125666,35863,28.54,0.89
55,2021-02-14,VDA,48,16,32,1,47,0,ITC,ITC2,2,Valle d'Aosta / Vallée d'Aoste,Valle d'Aosta,125666,35911,28.58,0.04
56,2021-05-08,VDA,908,543,365,498,382,28,ITC,ITC2,2,Valle d'Aosta / Vallée d'Aoste,Valle d'Aosta,125666,36819,29.3,0.72
57,2021-08-16,VDA,418,207,211,125,276,17,ITC,ITC2,2,Valle d'Aosta / Vallée d'Aoste,Valle d'Aosta,125666,37237,29.63,0.33
58,2021-06-04,VDA,910,385,525,469,435,6,ITC,ITC2,2,Valle d'Aosta / Vallée d'Aoste,Valle d'Aosta,125666,38147,30.36,0.72
59,2021-07-23,VDA,972,485,487,365,606,1,ITC,ITC2,2,Valle d'Aosta / Vallée d'Aoste,Valle d'Aosta,125666,39119,31.13,0.77
60,2021-03-17,VDA,433,185,248,259,160,14,ITC,ITC2,2,Valle d'Aosta / Vallée d'Aoste,Valle d'Aosta,125666,39552,31.47,0.34
61,2021-03-03,VDA,256,118,138,182,69,5,ITC,ITC2,2,Valle d'Aosta / Vallée d'Aoste,Valle d'Aosta,125666,39808,31.68,0.2
62,2021-07-16,VDA,1076,553,523,345,730,1,ITC,ITC2,2,Valle d'Aosta / Vallée d'Aoste,Valle d'Aosta,125666,40884,32.53,0.86
63,2021-01-26,VDA,149,52,97,2,147,0,ITC,ITC2,2,Valle d'Aosta / Vallée d'Aoste,Valle d'Aosta,125666,41033,32.65,0.12
64,2021-02-12,VDA,263,96,167,216,46,1,ITC,ITC2,2,Valle d'Aosta / Vallée d'Aoste,Valle d'Aosta,125666,41296,32.86,0.21
65,2021-04-05,VDA,465,223,242,440,6,19,ITC,ITC2,2,Valle d'Aosta / Vallée d'Aoste,Valle d'Aosta,125666,41761,33.23,0.37
66,2021-06-27,VDA,1253,608,645,312,931,10,ITC,ITC2,2,Valle d'Aosta / Vallée d'Aoste,Valle d'Aosta,125666,43014,34.23,1.0
67,2021-07-14,VDA,1021,534,487,293,728,0,ITC,ITC2,2,Valle d'Aosta / Vallée d'Aoste,Valle d'Aosta,125666,44035,35.04,0.81
68,2021-08-01,VDA,842,445,397,287,547,8,ITC,ITC2,2,Valle d'Aosta / Vallée d'Aoste,Valle d'Aosta,125666,44877,35.71,0.67
69,2021-01-28,VDA,294,124,170,55,239,0,ITC,ITC2,2,Valle d'Aosta / Vallée d'Aoste,Valle d'Aosta,125666,45171,35.95,0.23
70,2021-02-19,VDA,292,102,190,266,24,2,ITC,ITC2,2,Valle d'Aosta / Vallée d'Aoste,Valle d'Aosta,125666,45463,36.18,0.23
71,2021-08-04,VDA,1043,570,473,371,655,17,ITC,ITC2,2,Valle d'Aosta / Vallée d'Aoste,Valle d'Aosta,125666,46506,37.01,0.83
72,2021-01-05,VDA,151,55,96,151,0,0,ITC,ITC2,2,Valle d'Aosta / Vallée d'Aoste,Valle d'Aosta,125666,46657,37.13,0.12
73,2021-01-14,VDA,237,69,168,237,0,0,ITC,ITC2,2,Valle d'Aosta / Vallée d'Aoste,Valle d'Aosta,125666,46894,37.32,0.19
74,2021-08-02,VDA,759,407,352,303,446,10,ITC,ITC2,2,Valle d'Aosta / Vallée d'Aoste,Valle d'Aosta,125666,47653,37.92,0.6
75,2021-04-24,VDA,723,401,322,534,167,22,ITC,ITC2,2,Valle d'Aosta / Vallée d'Aoste,Valle d'Aosta,125666,48376,38.5,0.58
76,2021-06-08,VDA,770,408,362,733,33,4,ITC,ITC2,2,Valle d'Aosta / Vallée d'Aoste,Valle d'Aosta,125666,49146,39.11,0.61
77,2021-02-26,VDA,209,58,151,109,86,14,ITC,ITC2,2,Valle d'Aosta / Vallée d'Aoste,Valle d'Aosta,125666,49355,39.27,0.17
78,2021-04-10,VDA,405,191,214,388,5,12,ITC,ITC2,2,Valle d'Aosta / Vallée d'Aoste,Valle d'Aosta,125666,49760,39.6,0.32
79,2020-12-31,VDA,18,4,14,18,0,0,ITC,ITC2,2,Valle d'Aosta / Vallée d'Aoste,Valle d'Aosta,125666,49778,39.61,0.01
80,2021-06-06,VDA,1160,582,578,781,373,6,ITC,ITC2,2,Valle d'Aosta / Vallée d'Aoste,Valle d'Aosta,125666,50938,40.53,0.92
81,2021-06-15,VDA,924,508,416,654,257,13,ITC,ITC2,2,Valle d'Aosta / Vallée d'Aoste,Valle d'Aosta,125666,51862,41.27,0.74
82,2021-08-11,VDA,776,380,396,305,452,19,ITC,ITC2,2,Valle d'Aosta / Vallée d'Aoste,Valle d'Aosta,125666,52638,41.89,0.62
83,2021-03-05,VDA,277,125,152,53,223,1,ITC,ITC2,2,Valle d'Aosta / Vallée d'Aoste,Valle d'Aosta,125666,52915,42.11,0.22
84,2021-02-28,VDA,260,86,174,73,183,4,ITC,ITC2,2,Valle d'Aosta / Vallée d'Aoste,Valle d'Aosta,125666,53175,42.31,0.21
85,2021-05-05,VDA,1038,566,472,434,582,22,ITC,ITC2,2,Valle d'Aosta / Vallée d'Aoste,Valle d'Aosta,125666,54213,43.14,0.83
86,2021-08-13,VDA,493,272,221,204,281,8,ITC,ITC2,2,Valle d'Aosta / Vallée d'Aoste,Valle d'Aosta,125666,54706,43.53,0.39
87,2021-05-03,VDA,841,400,441,459,352,30,ITC,ITC2,2,Valle d'Aosta / Vallée d'Aoste,Valle d'Aosta,125666,55547,44.2,0.67
88,2021-06-12,VDA,1234,600,634,1062,167,5,ITC,ITC2,2,Valle d'Aosta / Vallée d'Aoste,Valle d'Aosta,125666,56781,45.18,0.98
89,2021-03-19,VDA,322,85,237,277,35,10,ITC,ITC2,2,Valle d'Aosta / Vallée d'Aoste,Valle d'Aosta,125666,57103,45.44,0.26
90,2021-05-07,VDA,566,247,319,517,30,19,ITC,ITC2,2,Valle d'Aosta / Vallée d'Aoste,Valle d'Aosta,125666,57669,45.89,0.45
91,2021-04-23,VDA,923,443,480,512,383,28,ITC,ITC2,2,Valle d'Aosta / Vallée d'Aoste,Valle d'Aosta,125666,58592,46.63,0.73
92,2021-01-13,VDA,338,110,228,338,0,0,ITC,ITC2,2,Valle d'Aosta / Vallée d'Aoste,Valle d'Aosta,125666,58930,46.89,0.27
93,2021-07-29,VDA,995,507,488,319,667,9,ITC,ITC2,2,Valle d'Aosta / Vallée d'Aoste,Valle d'Aosta,125666,59925,47.69,0.79
94,2021-07-15,VDA,1093,593,500,296,795,2,ITC,ITC2,2,Valle d'Aosta / Vallée d'Aoste,Valle d'Aosta,125666,61018,48.56,0.87
95,2021-04-06,VDA,743,382,361,598,112,33,ITC,ITC2,2,Valle d'Aosta / Vallée d'Aoste,Valle d'Aosta,125666,61761,49.15,0.59
96,2021-03-18,VDA,136,43,93,96,37,3,ITC,ITC2,2,Valle d'Aosta / Vallée d'Aoste,Valle d'Aosta,125666,61897,49.26,0.11
97,2021-06-26,VDA,1065,512,553,352,707,6,ITC,ITC2,2,Valle d'Aosta / Vallée d'Aoste,Valle d'Aosta,125666,62962,50.1,0.85
98,2021-03-04,VDA,291,139,152,39,250,2,ITC,ITC2,2,Valle d'Aosta / Vallée d'Aoste,Valle d'Aosta,125666,63253,50.33,0.23
99,2021-05-26,VDA,1212,587,625,567,634,11,ITC,ITC2,2,Valle d'Aosta / Vallée d'Aoste,Valle d'Aosta,125666,64465,51.3,0.96
100,2021-03-22,VDA,561,205,356,324,229,8,ITC,ITC2,2,Valle d'Aosta / Vallée d'Aoste,Valle d'Aosta,125666,65026,51.75,0.45
101,2021-06-05,VDA,926,476,450,730,188,8,ITC,ITC2,2,Valle d'Aosta / Vallée d'Aoste,Valle d'Aosta,125666,65952,52.48,0.74
102,2021-02-11,VDA,231,107,124,221,9,1,ITC,ITC2,2,Valle d'Aosta / Vallée d'Aoste,Valle d'Aosta,125666,66183,52.67,0.18
103,2021-07-18,VDA,927,455,472,251,675,1,ITC,ITC2,2,Valle d'Aosta / Vallée d'Aoste,Valle d'Aosta,125666,67110,53.4,0.74
104,2021-04-09,VDA,238,111,127,201,33,4,ITC,ITC2,2,Valle d'Aosta / Vallée d'Aoste,Valle d'Aosta,125666,67348,53.59,0.19
105,2021-05-22,VDA,956,505,451,545,401,10,ITC,ITC2,2,Valle d'Aosta / Vallée d'Aoste,Valle d'Aosta,125666,68304,54.35,0.76
106,2021-01-19,VDA,256,77,179,256,0,0,ITC,ITC2,2,Valle d'Aosta / Vallée d'Aoste,Valle d'Aosta,125666,68560,54.56,0.2
107,2021-04-12,VDA,487,187,300,305,164,18,ITC,ITC2,2,Valle d'Aosta / Vallée d'Aoste,Valle d'Aosta,125666,69047,54.94,0.39
108,2021-04-29,VDA,1293,636,657,740,532,21,ITC,ITC2,2,Valle d'Aosta / Vallée d'Aoste,Valle d'Aosta,125666,70340,55.97,1.03
109,2021-07-21,VDA,1164,635,529,310,849,5,ITC,ITC2,2,Valle d'Aosta / Vallée d'Aoste,Valle d'Aosta,125666,71504,56.9,0.93
110,2021-07-04,VDA,1192,530,662,349,829,14,ITC,ITC2,2,Valle d'Aosta / Vallée d'Aoste,Valle d'Aosta,125666,72696,57.85,0.95
111,2021-05-18,VDA,972,484,488,349,619,4,ITC,ITC2,2,Valle d'Aosta / Vallée d'Aoste,Valle d'Aosta,125666,73668,58.62,0.77
112,2021-02-07,VDA,292,120,172,190,102,0,ITC,ITC2,2,Valle d'Aosta / Vallée d'Aoste,Valle d'Aosta,125666,73960,58.85,0.23
113,2021-08-09,VDA,674,335,339,257,398,19,ITC,ITC2,2,Valle d'Aosta / Vallée d'Aoste,Valle d'Aosta,125666,74634,59.39,0.54
114,2021-05-01,VDA,941,564,377,440,484,17,ITC,ITC2,2,Valle d'Aosta / Vallée d'Aoste,Valle d'Aosta,125666,75575,60.14,0.75
115,2021-04-14,VDA,942,430,512,690,224,28,ITC,ITC2,2,Valle d'Aosta / Vallée d'Aoste,Valle d'Aosta,125666,76517,60.89,0.75
116,2021-07-06,VDA,884,480,404,157,722,5,ITC,ITC2,2,Valle d'Aosta / Vallée d'Aoste,Valle d'Aosta,125666,77401,61.59,0.7
117,2021-03-07,VDA,64,30,34,11,53,0,ITC,ITC2,2,Valle d'Aosta / Vallée d'Aoste,Valle d'Aosta,125666,77465,61.64,0.05
118,2021-01-30,VDA,439,202,237,12,425,2,ITC,ITC2,2,Valle d'Aosta / Vallée d'Aoste,Valle d'Aosta,125666,77904,61.99,0.35
119,2021-01-25,VDA,150,67,83,1,149,0,ITC,ITC2,2,Valle d'Aosta / Vallée d'Aoste,Valle d'Aosta,125666,78054,62.11,0.12
120,2021-07-10,VDA,1294,669,625,320,963,11,ITC,ITC2,2,Valle d'Aosta / Vallée d'Aoste,Valle d'Aosta,125666,79348,63.14,1.03
121,2021-05-14,VDA,964,444,520,253,670,41,ITC,ITC2,2,Valle d'Aosta / Vallée d'Aoste,Valle d'Aosta,125666,80312,63.91,0.77
122,2021-02-01,VDA,408,127,281,85,320,3,ITC,ITC2,2,Valle d'Aosta / Vallée d'Aoste,Valle d'Aosta,125666,80720,64.23,0.32
123,2021-07-08,VDA,1275,709,566,341,924,10,ITC,ITC2,2,Valle d'Aosta / Vallée d'Aoste,Valle d'Aosta,125666,81995,65.25,1.01
124,2021-03-30,VDA,402,223,179,364,20,18,ITC,ITC2,2,Valle d'Aosta / Vallée d'Aoste,Valle d'Aosta,125666,82397,65.57,0.32
125,2021-05-12,VDA,1144,550,594,449,671,24,ITC,ITC2,2,Valle d'Aosta / Vallée d'Aoste,Valle d'Aosta,125666,83541,66.48,0.91
126,2021-07-17,VDA,987,521,466,254,732,1,ITC,ITC2,2,Valle d'Aosta / Vallée d'Aoste,Valle d'Aosta,125666,84528,67.26,0.79
127,2021-07-28,VDA,1423,765,658,370,1048,5,ITC,ITC2,2,Valle d'Aosta / Vallée d'Aoste,Valle d'Aosta,125666,85951,68.4,1.13
128,2021-04-19,VDA,753,326,427,520,209,24,ITC,ITC2,2,Valle d'Aosta / Vallée d'Aoste,Valle d'Aosta,125666,86704,69.0,0.6
129,2021-01-16,VDA,237,80,157,237,0,0,ITC,ITC2,2,Valle d'Aosta / Vallée d'Aoste,Valle d'Aosta,125666,86941,69.18,0.19
130,2021-06-22,VDA,1191,666,525,530,649,12,ITC,ITC2,2,Valle d'Aosta / Vallée d'Aoste,Valle d'Aosta,125666,88132,70.13,0.95
131,2021-03-14,VDA,392,200,192,373,0,19,ITC,ITC2,2,Valle d'Aosta / Vallée d'Aoste,Valle d'Aosta,125666,88524,70.44,0.31
132,2021-04-26,VDA,717,329,388,514,170,33,ITC,ITC2,2,Valle d'Aosta / Vallée d'Aoste,Valle d'Aosta,125666,89241,71.01,0.57
133,2021-07-01,VDA,962,473,489,328,621,13,ITC,ITC2,2,Valle d'Aosta / Vallée d'Aoste,Valle d'Aosta,125666,90203,71.78,0.77
134,2021-01-09,VDA,444,199,245,444,0,0,ITC,ITC2,2,Valle d'Aosta / Vallée d'Aoste,Valle d'Aosta,125666,90647,72.13,0.35
135,2021-06-24,VDA,1225,631,594,381,836,8,ITC,ITC2,2,Valle d'Aosta / Vallée d'Aoste,Valle d'Aosta,125666,91872,73.11,0.97
136,2021-07-03,VDA,936,485,451,390,537,9,ITC,ITC2,2,Valle d'Aosta / Vallée d'Aoste,Valle d'Aosta,125666,92808,73.85,0.74
137,2021-02-08,VDA,223,83,140,25,198,0,ITC,ITC2,2,Valle d'Aosta / Vallée d'Aoste,Valle d'Aosta,125666,93031,74.03,0.18
138,2021-03-23,VDA,380,150,230,228,135,17,ITC,ITC2,2,Valle d'Aosta / Vallée d'Aoste,Valle d'Aosta,125666,93411,74.33,0.3
139,2021-05-19,VDA,993,498,495,411,575,7,ITC,ITC2,2,Valle d'Aosta / Vallée d'Aoste,Valle d'Aosta,125666,94404,75.12,0.79
140,2021-03-16,VDA,184,37,147,109,66,9,ITC,ITC2,2,Valle d'Aosta / Vallée d'Aoste,Valle d'Aosta,125666,94588,75.27,0.15
141,2021-01-12,VDA,303,73,230,303,0,0,ITC,ITC2,2,Valle d'Aosta / Vallée d'Aoste,Valle d'Aosta,125666,94891,75.51,0.24
142,2021-05-24,VDA,1137,516,621,675,446,16,ITC,ITC2,2,Valle d'Aosta / Vallée d'Aoste,Valle d'Aosta,125666,96028,76.42,0.9
143,2021-05-10,VDA,783,382,401,534,235,14,ITC,ITC2,2,Valle d'Aosta / Vallée d'Aoste,Valle d'Aosta,125666,96811,77.04,0.62
144,2021-07-30,VDA,965,501,464,421,525,19,ITC,ITC2,2,Valle d'Aosta / Vallée d'Aoste,Valle d'Aosta,125666,97776,77.81,0.77
145,2021-04-21,VDA,869,410,459,588,249,32,ITC,ITC2,2,Valle d'Aosta / Vallée d'Aoste,Valle d'Aosta,125666,98645,78.5,0.69
146,2021-07-13,VDA,1061,567,494,307,748,6,ITC,ITC2,2,Valle d'Aosta / Vallée d'Aoste,Valle d'Aosta,125666,99706,79.34,0.84
147,2021-03-21,VDA,359,168,191,350,0,9,ITC,ITC2,2,Valle d'Aosta / Vallée d'Aoste,Valle d'Aosta,125666,100065,79.63,0.29
148,2021-06-29,VDA,782,390,392,236,543,3,ITC,ITC2,2,Valle d'Aosta / Vallée d'Aoste,Valle d'Aosta,125666,100847,80.25,0.62
149,2021-07-25,VDA,1017,493,524,261,753,3,ITC,ITC2,2,Valle d'Aosta / Vallée d'Aoste,Valle d'Aosta,125666,101864,81.06,0.81
150,2021-04-16,VDA,599,261,338,565,2,32,ITC,ITC2,2,Valle d'Aosta / Vallée d'Aoste,Valle d'Aosta,125666,102463,81.54,0.48
151,2021-04-02,VDA,875,345,530,596,226,53,ITC,ITC2,2,Valle d'Aosta / Vallée d'Aoste,Valle d'Aosta,125666,103338,82.23,0.7
152,2021-05-29,VDA,799,435,364,553,238,8,ITC,ITC2,2,Valle d'Aosta / Vallée d'Aoste,Valle d'Aosta,125666,104137,82.87,0.64
153,2021-07-11,VDA,908,472,436,254,643,11,ITC,ITC2,2,Valle d'Aosta / Vallée d'Aoste,Valle d'Aosta,125666,105045,83.59,0.72
154,2021-01-02,VDA,6,5,1,6,0,0,ITC,ITC2,2,Valle d'Aosta / Vallée d'Aoste,Valle d'Aosta,125666,105051,83.6,0.0
155,2021-03-26,VDA,498,204,294,471,7,20,ITC,ITC2,2,Valle d'Aosta / Vallée d'Aoste,Valle d'Aosta,125666,105549,83.99,0.4
156,2021-06-17,VDA,990,529,461,637,341,12,ITC,ITC2,2,Valle d'Aosta / Vallée d'Aoste,Valle d'Aosta,125666,106539,84.78,0.79
157,2021-01-21,VDA,33,12,21,33,0,0,ITC,ITC2,2,Valle d'Aosta / Vallée d'Aoste,Valle d'Aosta,125666,106572,84.81,0.03
158,2021-01-04,VDA,144,61,83,144,0,0,ITC,ITC2,2,Valle d'Aosta / Vallée d'Aoste,Valle d'Aosta,125666,106716,84.92,0.11
159,2021-03-28,VDA,524,213,311,496,0,28,ITC,ITC2,2,Valle d'Aosta / Vallée d'Aoste,Valle d'Aosta,125666,107240,85.34,0.42
160,2021-03-11,VDA,392,164,228,152,239,1,ITC,ITC2,2,Valle d'Aosta / Vallée d'Aoste,Valle d'Aosta,125666,107632,85.65,0.31
161,2021-06-02,VDA,1215,688,527,811,401,3,ITC,ITC2,2,Valle d'Aosta / Vallée d'Aoste,Valle d'Aosta,125666,108847,86.62,0.97
162,2021-06-19,VDA,1295,671,624,658,621,16,ITC,ITC2,2,Valle d'Aosta / Vallée d'Aoste,Valle d'Aosta,125666,110142,87.65,1.03
163,2021-02-25,VDA,201,101,100,190,7,4,ITC,ITC2,2,Valle d'Aosta / Vallée d'Aoste,Valle d'Aosta,125666,110343,87.81,0.16
164,2021-06-10,VDA,1057,610,447,1008,42,7,ITC,ITC2,2,Valle d'Aosta / Vallée d'Aoste,Valle d'Aosta,125666,111400,88.65,0.84
165,2021-03-02,VDA,340,166,174,292,3,45,ITC,ITC2,2,Valle d'Aosta / Vallée d'Aoste,Valle d'Aosta,125666,111740,88.92,0.27
166,2021-05-02,VDA,765,345,420,581,160,24,ITC,ITC2,2,Valle d'Aosta / Vallée d'Aoste,Valle d'Aosta,125666,112505,89.53,0.61
167,2021-01-22,VDA,58,22,36,22,36,0,ITC,ITC2,2,Valle d'Aosta / Vallée d'Aoste,Valle d'Aosta,125666,112563,89.57,0.05
168,2021-01-08,VDA,301,131,170,301,0,0,ITC,ITC2,2,Valle d'Aosta / Vallée d'Aoste,Valle d'Aosta,125666,112864,89.81,0.24
169,2021-03-06,VDA,22,4,18,18,0,4,ITC,ITC2,2,Valle d'Aosta / Vallée d'Aoste,Valle d'Aosta,125666,112886,89.83,0.02
170,2021-08-14,VDA,464,255,209,135,313,16,ITC,ITC2,2,Valle d'Aosta / Vallée d'Aoste,Valle d'Aosta,125666,113350,90.2,0.37
171,2021-03-13,VDA,147,88,59,141,0,6,ITC,ITC2,2,Valle d'Aosta / Vallée d'Aoste,Valle d'Aosta,125666,113497,90.32,0.12
172,2021-01-15,VDA,220,83,137,220,0,0,ITC,ITC2,2,Valle d'Aosta / Vallée d'Aoste,Valle d'Aosta,125666,113717,90.49,0.18
173,2021-08-05,VDA,786,406,380,282,482,22,ITC,ITC2,2,Valle d'Aosta / Vallée d'Aoste,Valle d'Aosta,125666,114503,91.12,0.63
174,2021-01-06,VDA,66,34,32,66,0,0,ITC,ITC2,2,Valle d'Aosta / Vallée d'Aoste,Valle d'Aosta,125666,114569,91.17,0.05
175,2021-02-18,VDA,349,153,196,256,88,5,ITC,ITC2,2,Valle d'Aosta / Vallée d'Aoste,Valle d'Aosta,125666,114918,91.45,0.28
176,2021-01-11,VDA,328,113,215,328,0,0,ITC,ITC2,2,Valle d'Aosta / Vallée d'Aoste,Valle d'Aosta,125666,115246,91.71,0.26
177,2021-04-04,VDA,572,253,319,550,0,22,ITC,ITC2,2,Valle d'Aosta / Vallée d'Aoste,Valle d'Aosta,125666,115818,92.16,0.46
178,2021-08-17,VDA,381,200,181,95,283,3,ITC,ITC2,2,Valle d'Aosta / Vallée d'Aoste,Valle d'Aosta,125666,116199,92.47,0.3
179,2021-03-31,VDA,555,302,253,511,26,18,ITC,ITC2,2,Valle d'Aosta / Vallée d'Aoste,Valle d'Aosta,125666,116754,92.91,0.44
180,2021-05-27,VDA,1093,498,595,575,506,12,ITC,ITC2,2,Valle d'Aosta / Vallée d'Aoste,Valle d'Aosta,125666,117847,93.78,0.87
181,2021-05-13,VDA,1145,560,585,522,602,21,ITC,ITC2,2,Valle d'Aosta / Vallée d'Aoste,Valle d'Aosta,125666,118992,94.69,0.91
182,2021-02-02,VDA,279,73,206,2,277,0,ITC,ITC2,2,Valle d'Aosta / Vallée d'Aoste,Valle d'Aosta,125666,119271,94.91,0.22
183,2021-07-09,VDA,945,446,499,280,656,9,ITC,ITC2,2,Valle d'Aosta / Vallée d'Aoste,Valle d'Aosta,125666,120216,95.66,0.75
184,2021-06-25,VDA,978,445,533,325,651,2,ITC,ITC2,2,Valle d'Aosta / Vallée d'Aoste,Valle d'Aosta,125666,121194,96.44,0.78
185,2021-05-20,VDA,1044,475,569,591,440,13,ITC,ITC2,2,Valle d'Aosta / Vallée d'Aoste,Valle d'Aosta,125666,122238,97.27,0.83
186,2021-03-09,VDA,206,96,110,166,32,8,ITC,ITC2,2,Valle d'Aosta / Vallée d'Aoste,Valle d'Aosta,125666,122444,97.44,0.16
187,2021-02-20,VDA,256,214,42,243,10,3,ITC,ITC2,2,Valle d'Aosta / Vallée d'Aoste,Valle d'Aosta,125666,122700,97.64,0.2
188,2021-02-13,VDA,217,197,20,214,1,2,ITC,ITC2,2,Valle d'Aosta / Vallée d'Aoste,Valle d'Aosta,125666,122917,97.81,0.17
189,2021-07-02,VDA,869,384,485,302,562,5,ITC,ITC2,2,Valle d'Aosta / Vallée d'Aoste,Valle d'Aosta,125666,123786,98.5,0.69
190,2021-03-24,VDA,516,230,286,256,257,3,ITC,ITC2,2,Valle d'Aosta / Vallée d'Aoste,Valle d'Aosta,125666,124302,98.91,0.41
191,2021-05-06,VDA,1082,515,567,665,384,33,ITC,ITC2,2,Valle d'Aosta / Vallée d'Aoste,Valle d'Aosta,125666,125384,99.78,0.86
192,2021-02-16,VDA,326,53,273,309,6,11,ITC,ITC2,2,Valle d'Aosta / Vallée d'Aoste,Valle d'Aosta,125666,125710,100.04,0.26
193,2021-04-07,VDA,910,474,436,654,229,27,ITC,ITC2,2,Valle d'Aosta / Vallée d'Aoste,Valle d'Aosta,125666,126620,100.76,0.72
194,2021-02-09,VDA,252,84,168,68,183,1,ITC,ITC2,2,Valle d'Aosta / Vallée d'Aoste,Valle d'Aosta,125666,126872,100.96,0.2
195,2021-07-20,VDA,1118,584,534,393,722,3,ITC,ITC2,2,Valle d'Aosta / Vallée d'Aoste,Valle d'Aosta,125666,127990,101.85,0.89
196,2021-04-18,VDA,523,255,268,495,2,26,ITC,ITC2,2,Valle d'Aosta / Vallée d'Aoste,Valle d'Aosta,125666,128513,102.27,0.42
197,2021-06-14,VDA,1015,522,493,573,428,14,ITC,ITC2,2,Valle d'Aosta / Vallée d'Aoste,Valle d'Aosta,125666,129528,103.07,0.81
198,2021-05-31,VDA,881,396,485,490,380,11,ITC,ITC2,2,Valle d'Aosta / Vallée d'Aoste,Valle d'Aosta,125666,130409,103.77,0.7
199,2021-07-27,VDA,1119,595,524,564,552,3,ITC,ITC2,2,Valle d'Aosta / Vallée d'Aoste,Valle d'Aosta,125666,131528,104.66,0.89
200,2021-04-25,VDA,850,409,441,674,139,37,ITC,ITC2,2,Valle d'Aosta / Vallée d'Aoste,Valle d'Aosta,125666,132378,105.34,0.68
201,2021-06-21,VDA,1123,600,523,608,505,10,ITC,ITC2,2,Valle d'Aosta / Vallée d'Aoste,Valle d'Aosta,125666,133501,106.23,0.89
202,2021-06-07,VDA,711,347,364,638,61,12,ITC,ITC2,2,Valle d'Aosta / Vallée d'Aoste,Valle d'Aosta,125666,134212,106.8,0.57
203,2021-02-27,VDA,232,86,146,120,107,5,ITC,ITC2,2,Valle d'Aosta / Vallée d'Aoste,Valle d'Aosta,125666,134444,106.99,0.18
204,2021-08-03,VDA,936,485,451,568,361,7,ITC,ITC2,2,Valle d'Aosta / Vallée d'Aoste,Valle d'Aosta,125666,135380,107.73,0.74
205,2021-03-29,VDA,494,233,261,449,40,5,ITC,ITC2,2,Valle d'Aosta / Vallée d'Aoste,Valle d'Aosta,125666,135874,108.12,0.39
206,2021-06-20,VDA,1132,545,587,478,644,10,ITC,ITC2,2,Valle d'Aosta / Vallée d'Aoste,Valle d'Aosta,125666,137006,109.02,0.9
207,2021-03-12,VDA,532,175,357,291,226,15,ITC,ITC2,2,Valle d'Aosta / Vallée d'Aoste,Valle d'Aosta,125666,137538,109.45,0.42
208,2021-03-10,VDA,438,183,255,220,213,5,ITC,ITC2,2,Valle d'Aosta / Vallée d'Aoste,Valle d'Aosta,125666,137976,109.8,0.35
209,2021-02-21,VDA,18,3,15,0,18,0,ITC,ITC2,2,Valle d'Aosta / Vallée d'Aoste,Valle d'Aosta,125666,137994,109.81,0.01
210,2021-06-01,VDA,873,470,403,511,354,8,ITC,ITC2,2,Valle d'Aosta / Vallée d'Aoste,Valle d'Aosta,125666,138867,110.5,0.69
211,2021-02-23,VDA,217,124,93,216,0,1,ITC,ITC2,2,Valle d'Aosta / Vallée d'Aoste,Valle d'Aosta,125666,139084,110.68,0.17
212,2021-06-03,VDA,1309,669,640,883,413,13,ITC,ITC2,2,Valle d'Aosta / Vallée d'Aoste,Valle d'Aosta,125666,140393,111.72,1.04
213,2021-05-17,VDA,809,417,392,365,434,10,ITC,ITC2,2,Valle d'Aosta / Vallée d'Aoste,Valle d'Aosta,125666,141202,112.36,0.64
214,2021-08-08,VDA,579,297,282,175,394,10,ITC,ITC2,2,Valle d'Aosta / Vallée d'Aoste,Valle d'Aosta,125666,141781,112.82,0.46
215,2021-05-15,VDA,1067,614,453,368,686,13,ITC,ITC2,2,Valle d'Aosta / Vallée d'Aoste,Valle d'Aosta,125666,142848,113.67,0.85
216,2021-02-04,VDA,294,86,208,8,286,0,ITC,ITC2,2,Valle d'Aosta / Vallée d'Aoste,Valle d'Aosta,125666,143142,113.91,0.23
217,2021-04-28,VDA,1220,633,587,683,503,34,ITC,ITC2,2,Valle d'Aosta / Vallée d'Aoste,Valle d'Aosta,125666,144362,114.88,0.97
218,2021-08-06,VDA,819,399,420,408,397,14,ITC,ITC2,2,Valle d'Aosta / Vallée d'Aoste,Valle d'Aosta,125666,145181,115.53,0.65
219,2021-08-10,VDA,850,436,414,580,261,9,ITC,ITC2,2,Valle d'Aosta / Vallée d'Aoste,Valle d'Aosta,125666,146031,116.21,0.68
220,2021-02-06,VDA,289,104,185,91,197,1,ITC,ITC2,2,Valle d'Aosta / Vallée d'Aoste,Valle d'Aosta,125666,146320,116.44,0.23
221,2021-04-30,VDA,833,357,476,468,347,18,ITC,ITC2,2,Valle d'Aosta / Vallée d'Aoste,Valle d'Aosta,125666,147153,117.1,0.66
222,2021-01-20,VDA,64,15,49,64,0,0,ITC,ITC2,2,Valle d'Aosta / Vallée d'Aoste,Valle d'Aosta,125666,147217,117.15,0.05
223,2021-07-22,VDA,976,517,459,275,700,1,ITC,ITC2,2,Valle d'Aosta / Vallée d'Aoste,Valle d'Aosta,125666,148193,117.93,0.78
224,2021-01-18,VDA,213,74,139,213,0,0,ITC,ITC2,2,Valle d'Aosta / Vallée d'Aoste,Valle d'Aosta,125666,148406,118.1,0.17
225,2021-04-11,VDA,479,208,271,462,0,17,ITC,ITC2,2,Valle d'Aosta / Vallée d'Aoste,Valle d'Aosta,125666,148885,118.48,0.38
226,2021-04-23,UMB,6654,2820,3834,3299,3157,198,ITI,ITI2,10,Umbria,Umbria,882015,6654,0.75,0.75
227,2021-02-25,UMB,1333,495,838,1273,52,8,ITI,ITI2,10,Umbria,Umbria,882015,7987,0.91,0.15
228,2021-03-11,UMB,3584,1723,1861,2565,1006,13,ITI,ITI2,10,Umbria,Umbria,882015,11571,1.31,0.41
229,2021-01-13,UMB,449,139,310,449,0,0,ITI,ITI2,10,Umbria,Umbria,882015,12020,1.36,0.05
230,2021-06-19,UMB,4569,2199,2370,2460,2031,78,ITI,ITI2,10,Umbria,Umbria,882015,16589,1.88,0.52
231,2021-01-06,UMB,847,326,521,847,0,0,ITI,ITI2,10,Umbria,Umbria,882015,17436,1.98,0.1
232,2021-06-12,UMB,7714,3686,4028,5960,1579,175,ITI,ITI2,10,Umbria,Umbria,882015,25150,2.85,0.87
233,2021-04-16,UMB,8098,3742,4356,6081,1838,179,ITI,ITI2,10,Umbria,Umbria,882015,33248,3.77,0.92
234,2021-04-30,UMB,6255,2971,3284,2735,3399,121,ITI,ITI2,10,Umbria,Umbria,882015,39503,4.48,0.71
235,2021-03-04,UMB,4485,1855,2630,3644,827,14,ITI,ITI2,10,Umbria,Umbria,882015,43988,4.99,0.51
236,2021-08-08,UMB,5058,2708,2350,3553,1413,92,ITI,ITI2,10,Umbria,Umbria,882015,49046,5.56,0.57
237,2021-08-15,UMB,4383,2381,2002,2858,1380,145,ITI,ITI2,10,Umbria,Umbria,882015,53429,6.06,0.5
238,2021-07-29,UMB,8192,4221,3971,2148,5926,118,ITI,ITI2,10,Umbria,Umbria,882015,61621,6.99,0.93
239,2021-05-07,UMB,10120,4712,5408,6648,3190,282,ITI,ITI2,10,Umbria,Umbria,882015,71741,8.13,1.15
240,2021-06-02,UMB,3918,1884,2034,3802,42,74,ITI,ITI2,10,Umbria,Umbria,882015,75659,8.58,0.44
241,2021-02-20,UMB,283,101,182,259,24,0,ITI,ITI2,10,Umbria,Umbria,882015,75942,8.61,0.03
242,2021-03-09,UMB,4089,2001,2088,2792,1288,9,ITI,ITI2,10,Umbria,Umbria,882015,80031,9.07,0.46
243,2021-04-06,UMB,5291,2167,3124,2864,2390,37,ITI,ITI2,10,Umbria,Umbria,882015,85322,9.67,0.6
244,2021-03-28,UMB,1095,441,654,1040,24,31,ITI,ITI2,10,Umbria,Umbria,882015,86417,9.8,0.12
245,2021-01-30,UMB,1575,486,1089,43,1532,0,ITI,ITI2,10,Umbria,Umbria,882015,87992,9.98,0.18
246,2021-07-15,UMB,10564,5176,5388,561,9905,98,ITI,ITI2,10,Umbria,Umbria,882015,98556,11.17,1.2
247,2021-02-13,UMB,114,27,87,111,3,0,ITI,ITI2,10,Umbria,Umbria,882015,98670,11.19,0.01
248,2021-05-24,UMB,9066,4514,4552,8021,880,165,ITI,ITI2,10,Umbria,Umbria,882015,107736,12.21,1.03
249,2021-04-18,UMB,1531,681,850,578,930,23,ITI,ITI2,10,Umbria,Umbria,882015,109267,12.39,0.17
250,2021-01-11,UMB,1304,341,963,1304,0,0,ITI,ITI2,10,Umbria,Umbria,882015,110571,12.54,0.15
251,2021-07-27,UMB,8134,4085,4049,2691,5327,116,ITI,ITI2,10,Umbria,Umbria,882015,118705,13.46,0.92
252,2021-05-05,UMB,7222,3305,3917,3832,3306,84,ITI,ITI2,10,Umbria,Umbria,882015,125927,14.28,0.82
253,2021-01-25,UMB,648,323,325,5,643,0,ITI,ITI2,10,Umbria,Umbria,882015,126575,14.35,0.07
254,2021-03-23,UMB,3825,1713,2112,2158,1630,37,ITI,ITI2,10,Umbria,Umbria,882015,130400,14.78,0.43
255,2021-07-01,UMB,9683,4793,4890,3297,6283,103,ITI,ITI2,10,Umbria,Umbria,882015,140083,15.88,1.1
256,2021-02-08,UMB,635,203,432,88,547,0,ITI,ITI2,10,Umbria,Umbria,882015,140718,15.95,0.07
257,2021-05-19,UMB,9420,4218,5202,5591,3744,85,ITI,ITI2,10,Umbria,Umbria,882015,150138,17.02,1.07
258,2021-02-06,UMB,404,139,265,34,370,0,ITI,ITI2,10,Umbria,Umbria,882015,150542,17.07,0.05
259,2021-07-03,UMB,6472,3246,3226,2826,3495,151,ITI,ITI2,10,Umbria,Umbria,882015,157014,17.8,0.73
260,2021-07-20,UMB,8263,4106,4157,1096,7083,84,ITI,ITI2,10,Umbria,Umbria,882015,165277,18.74,0.94
261,2021-07-22,UMB,10044,4899,5145,1649,8289,106,ITI,ITI2,10,Umbria,Umbria,882015,175321,19.88,1.14
262,2021-03-18,UMB,2982,1177,1805,1711,1264,7,ITI,ITI2,10,Umbria,Umbria,882015,178303,20.22,0.34
263,2021-06-26,UMB,9324,4736,4588,5573,3633,118,ITI,ITI2,10,Umbria,Umbria,882015,187627,21.27,1.06
264,2021-07-10,UMB,7686,3809,3877,66,7606,14,ITI,ITI2,10,Umbria,Umbria,882015,195313,22.14,0.87
265,2021-01-20,UMB,603,221,382,603,0,0,ITI,ITI2,10,Umbria,Umbria,882015,195916,22.21,0.07
266,2021-08-12,UMB,7329,3888,3441,4569,2542,218,ITI,ITI2,10,Umbria,Umbria,882015,203245,23.04,0.83
267,2021-06-30,UMB,10483,5298,5185,3672,6716,95,ITI,ITI2,10,Umbria,Umbria,882015,213728,24.23,1.19
268,2021-05-31,UMB,5816,2845,2971,4848,885,83,ITI,ITI2,10,Umbria,Umbria,882015,219544,24.89,0.66
269,2021-05-14,UMB,5330,2512,2818,3350,1819,161,ITI,ITI2,10,Umbria,Umbria,882015,224874,25.5,0.6
270,2021-02-01,UMB,1284,341,943,48,1236,0,ITI,ITI2,10,Umbria,Umbria,882015,226158,25.64,0.15
271,2021-02-18,UMB,1496,582,914,1029,466,1,ITI,ITI2,10,Umbria,Umbria,882015,227654,25.81,0.17
272,2021-04-04,UMB,57,20,37,22,35,0,ITI,ITI2,10,Umbria,Umbria,882015,227711,25.82,0.01
273,2021-06-07,UMB,6945,3427,3518,6073,695,177,ITI,ITI2,10,Umbria,Umbria,882015,234656,26.6,0.79
274,2021-03-16,UMB,3538,1454,2084,1909,1627,2,ITI,ITI2,10,Umbria,Umbria,882015,238194,27.01,0.4
275,2021-02-27,UMB,1658,354,1304,1642,16,0,ITI,ITI2,10,Umbria,Umbria,882015,239852,27.19,0.19
276,2021-04-03,UMB,2099,712,1387,1034,1054,11,ITI,ITI2,10,Umbria,Umbria,882015,241951,27.43,0.24
277,2021-07-12,UMB,4621,2235,2386,105,4504,12,ITI,ITI2,10,Umbria,Umbria,882015,246572,27.96,0.52
278,2021-07-08,UMB,9569,4630,4939,178,9344,47,ITI,ITI2,10,Umbria,Umbria,882015,256141,29.04,1.08
279,2021-05-12,UMB,6498,3027,3471,4202,2147,149,ITI,ITI2,10,Umbria,Umbria,882015,262639,29.78,0.74
280,2021-03-30,UMB,3980,1733,2247,2400,1542,38,ITI,ITI2,10,Umbria,Umbria,882015,266619,30.23,0.45
281,2020-12-27,UMB,86,45,41,86,0,0,ITI,ITI2,10,Umbria,Umbria,882015,266705,30.24,0.01
282,2021-05-26,UMB,9654,4567,5087,8209,1251,194,ITI,ITI2,10,Umbria,Umbria,882015,276359,31.33,1.09
283,2021-07-26,UMB,9077,4795,4282,3879,5076,122,ITI,ITI2,10,Umbria,Umbria,882015,285436,32.36,1.03
284,2021-07-07,UMB,9491,4499,4992,89,9372,30,ITI,ITI2,10,Umbria,Umbria,882015,294927,33.44,1.08
285,2021-05-11,UMB,6254,2840,3414,3920,2193,141,ITI,ITI2,10,Umbria,Umbria,882015,301181,34.15,0.71
286,2021-04-20,UMB,5450,2364,3086,3429,1947,74,ITI,ITI2,10,Umbria,Umbria,882015,306631,34.76,0.62
287,2021-01-27,UMB,841,330,511,13,828,0,ITI,ITI2,10,Umbria,Umbria,882015,307472,34.86,0.1
288,2021-01-10,UMB,1065,274,791,1065,0,0,ITI,ITI2,10,Umbria,Umbria,882015,308537,34.98,0.12
289,2021-05-21,UMB,8976,3670,5306,4063,4829,84,ITI,ITI2,10,Umbria,Umbria,882015,317513,36.0,1.02
290,2021-05-04,UMB,5539,2545,2994,2352,3125,62,ITI,ITI2,10,Umbria,Umbria,882015,323052,36.63,0.63
291,2021-04-01,UMB,4373,1837,2536,2326,2010,37,ITI,ITI2,10,Umbria,Umbria,882015,327425,37.12,0.5
292,2021-03-01,UMB,1505,775,730,1385,114,6,ITI,ITI2,10,Umbria,Umbria,882015,328930,37.29,0.17
293,2021-01-01,UMB,273,104,169,273,0,0,ITI,ITI2,10,Umbria,Umbria,882015,329203,37.32,0.03
294,2021-04-11,UMB,3099,1505,1594,3033,49,17,ITI,ITI2,10,Umbria,Umbria,882015,332302,37.68,0.35
295,2021-01-18,UMB,615,219,396,529,86,0,ITI,ITI2,10,Umbria,Umbria,882015,332917,37.75,0.07
296,2021-01-08,UMB,1187,344,843,1187,0,0,ITI,ITI2,10,Umbria,Umbria,882015,334104,37.88,0.13
297,2021-05-23,UMB,5070,1855,3215,636,4418,16,ITI,ITI2,10,Umbria,Umbria,882015,339174,38.45,0.57
298,2021-06-09,UMB,8152,3948,4204,7130,724,298,ITI,ITI2,10,Umbria,Umbria,882015,347326,39.38,0.92
299,2021-06-23,UMB,11216,5732,5484,7667,3407,142,ITI,ITI2,10,Umbria,Umbria,882015,358542,40.65,1.27
300,2021-03-15,UMB,4597,1941,2656,2827,1767,3,ITI,ITI2,10,Umbria,Umbria,882015,363139,41.17,0.52
301,2021-02-10,UMB,715,350,365,700,15,0,ITI,ITI2,10,Umbria,Umbria,882015,363854,41.25,0.08
302,2021-01-24,UMB,258,106,152,1,257,0,ITI,ITI2,10,Umbria,Umbria,882015,364112,41.28,0.03
303,2021-08-16,UMB,3507,1735,1772,1972,1468,67,ITI,ITI2,10,Umbria,Umbria,882015,367619,41.68,0.4
304,2021-06-08,UMB,7380,3642,3738,6627,548,205,ITI,ITI2,10,Umbria,Umbria,882015,374999,42.52,0.84
305,2021-02-22,UMB,1889,807,1082,1803,86,0,ITI,ITI2,10,Umbria,Umbria,882015,376888,42.73,0.21
306,2021-06-11,UMB,6997,3516,3481,5990,772,235,ITI,ITI2,10,Umbria,Umbria,882015,383885,43.52,0.79
307,2021-05-28,UMB,9593,4439,5154,7110,2299,184,ITI,ITI2,10,Umbria,Umbria,882015,393478,44.61,1.09
308,2021-04-15,UMB,7657,3502,4155,5698,1887,72,ITI,ITI2,10,Umbria,Umbria,882015,401135,45.48,0.87
309,2021-02-17,UMB,1619,748,871,1266,352,1,ITI,ITI2,10,Umbria,Umbria,882015,402754,45.66,0.18
310,2021-07-24,UMB,8695,4368,4327,1346,7281,68,ITI,ITI2,10,Umbria,Umbria,882015,411449,46.65,0.99
311,2021-04-13,UMB,7681,3401,4280,5923,1669,89,ITI,ITI2,10,Umbria,Umbria,882015,419130,47.52,0.87
312,2021-02-15,UMB,1367,692,675,1364,1,2,ITI,ITI2,10,Umbria,Umbria,882015,420497,47.67,0.15
313,2021-01-03,UMB,270,112,158,270,0,0,ITI,ITI2,10,Umbria,Umbria,882015,420767,47.71,0.03
314,2021-07-31,UMB,4326,2259,2067,1475,2804,47,ITI,ITI2,10,Umbria,Umbria,882015,425093,48.2,0.49
315,2021-04-22,UMB,5455,2250,3205,2702,2671,82,ITI,ITI2,10,Umbria,Umbria,882015,430548,48.81,0.62
316,2021-04-17,UMB,6692,3074,3618,5184,1341,167,ITI,ITI2,10,Umbria,Umbria,882015,437240,49.57,0.76
317,2021-01-05,UMB,855,430,425,855,0,0,ITI,ITI2,10,Umbria,Umbria,882015,438095,49.67,0.1
318,2021-08-02,UMB,5526,2893,2633,256,5248,22,ITI,ITI2,10,Umbria,Umbria,882015,443621,50.3,0.63
319,2021-06-27,UMB,7459,3732,3727,1727,5670,62,ITI,ITI2,10,Umbria,Umbria,882015,451080,51.14,0.85
320,2021-07-28,UMB,8234,4331,3903,2969,5152,113,ITI,ITI2,10,Umbria,Umbria,882015,459314,52.08,0.93
321,2021-02-11,UMB,839,348,491,834,5,0,ITI,ITI2,10,Umbria,Umbria,882015,460153,52.17,0.1
322,2021-05-22,UMB,6974,2755,4219,2601,4326,47,ITI,ITI2,10,Umbria,Umbria,882015,467127,52.96,0.79
323,2021-07-11,UMB,5875,2967,2908,89,5785,1,ITI,ITI2,10,Umbria,Umbria,882015,473002,53.63,0.67
324,2021-03-29,UMB,3635,1603,2032,2151,1423,61,ITI,ITI2,10,Umbria,Umbria,882015,476637,54.04,0.41
325,2021-01-31,UMB,1058,276,782,25,1033,0,ITI,ITI2,10,Umbria,Umbria,882015,477695,54.16,0.12
326,2021-05-25,UMB,8817,4301,4516,7582,1063,172,ITI,ITI2,10,Umbria,Umbria,882015,486512,55.16,1.0
327,2021-05-30,UMB,5982,2999,2983,5662,202,118,ITI,ITI2,10,Umbria,Umbria,882015,492494,55.84,0.68
328,2021-03-08,UMB,3699,1824,1875,2325,1361,13,ITI,ITI2,10,Umbria,Umbria,882015,496193,56.26,0.42
329,2021-06-16,UMB,6318,3092,3226,3071,3096,151,ITI,ITI2,10,Umbria,Umbria,882015,502511,56.97,0.72
330,2021-03-25,UMB,3932,1724,2208,2821,1064,47,ITI,ITI2,10,Umbria,Umbria,882015,506443,57.42,0.45
331,2021-03-27,UMB,4251,1513,2738,3855,340,56,ITI,ITI2,10,Umbria,Umbria,882015,510694,57.9,0.48
332,2021-06-18,UMB,4775,2355,2420,1569,3158,48,ITI,ITI2,10,Umbria,Umbria,882015,515469,58.44,0.54
333,2021-07-05,UMB,8416,4080,4336,154,8248,14,ITI,ITI2,10,Umbria,Umbria,882015,523885,59.4,0.95
334,2021-05-13,UMB,5941,2670,3271,3727,2085,129,ITI,ITI2,10,Umbria,Umbria,882015,529826,60.07,0.67
335,2021-02-19,UMB,743,293,450,525,217,1,ITI,ITI2,10,Umbria,Umbria,882015,530569,60.15,0.08
336,2021-06-20,UMB,6219,3007,3212,1575,4603,41,ITI,ITI2,10,Umbria,Umbria,882015,536788,60.86,0.71
337,2021-04-24,UMB,4562,1961,2601,3274,1183,105,ITI,ITI2,10,Umbria,Umbria,882015,541350,61.38,0.52
338,2021-01-12,UMB,835,247,588,835,0,0,ITI,ITI2,10,Umbria,Umbria,882015,542185,61.47,0.09
339,2021-03-14,UMB,66,48,18,66,0,0,ITI,ITI2,10,Umbria,Umbria,882015,542251,61.48,0.01
340,2021-06-22,UMB,8039,4081,3958,5148,2796,95,ITI,ITI2,10,Umbria,Umbria,882015,550290,62.39,0.91
341,2021-03-12,UMB,2695,1082,1613,2191,496,8,ITI,ITI2,10,Umbria,Umbria,882015,552985,62.7,0.31
342,2021-04-02,UMB,4343,1778,2565,3543,755,45,ITI,ITI2,10,Umbria,Umbria,882015,557328,63.19,0.49
343,2021-01-09,UMB,1717,495,1222,1717,0,0,ITI,ITI2,10,Umbria,Umbria,882015,559045,63.38,0.19
344,2021-04-19,UMB,5036,2227,2809,2933,2048,55,ITI,ITI2,10,Umbria,Umbria,882015,564081,63.95,0.57
345,2021-03-21,UMB,675,338,337,672,0,3,ITI,ITI2,10,Umbria,Umbria,882015,564756,64.03,0.08
346,2021-06-29,UMB,9890,5036,4854,4108,5692,90,ITI,ITI2,10,Umbria,Umbria,882015,574646,65.15,1.12
347,2021-05-17,UMB,6373,3064,3309,4109,2179,85,ITI,ITI2,10,Umbria,Umbria,882015,581019,65.87,0.72
348,2021-01-14,UMB,723,192,531,723,0,0,ITI,ITI2,10,Umbria,Umbria,882015,581742,65.96,0.08
349,2021-03-19,UMB,1743,565,1178,1082,656,5,ITI,ITI2,10,Umbria,Umbria,882015,583485,66.15,0.2
350,2021-04-08,UMB,5879,2513,3366,4003,1804,72,ITI,ITI2,10,Umbria,Umbria,882015,589364,66.82,0.67
351,2021-07-17,UMB,7664,3855,3809,1284,6231,149,ITI,ITI2,10,Umbria,Umbria,882015,597028,67.69,0.87
352,2021-06-04,UMB,8918,4408,4510,7537,1201,180,ITI,ITI2,10,Umbria,Umbria,882015,605946,68.7,1.01
353,2021-06-13,UMB,6764,3557,3207,6390,230,144,ITI,ITI2,10,Umbria,Umbria,882015,612710,69.47,0.77
354,2021-05-01,UMB,5370,2638,2732,2096,3230,44,ITI,ITI2,10,Umbria,Umbria,882015,618080,70.08,0.61
355,2021-03-05,UMB,4619,1402,3217,3947,657,15,ITI,ITI2,10,Umbria,Umbria,882015,622699,70.6,0.52
356,2021-08-09,UMB,6683,3542,3141,3499,3026,158,ITI,ITI2,10,Umbria,Umbria,882015,629382,71.36,0.76
357,2021-03-03,UMB,4432,1772,2660,3718,711,3,ITI,ITI2,10,Umbria,Umbria,882015,633814,71.86,0.5
358,2021-08-11,UMB,7598,4078,3520,3716,3701,181,ITI,ITI2,10,Umbria,Umbria,882015,641412,72.72,0.86
359,2021-06-06,UMB,7610,3906,3704,6792,694,124,ITI,ITI2,10,Umbria,Umbria,882015,649022,73.58,0.86
360,2021-02-24,UMB,1519,563,956,1504,15,0,ITI,ITI2,10,Umbria,Umbria,882015,650541,73.76,0.17
361,2021-07-06,UMB,8593,4093,4500,150,8420,23,ITI,ITI2,10,Umbria,Umbria,882015,659134,74.73,0.97
362,2021-05-10,UMB,5997,2803,3194,3731,2151,115,ITI,ITI2,10,Umbria,Umbria,882015,665131,75.41,0.68
363,2021-05-08,UMB,8146,3744,4402,4797,3244,105,ITI,ITI2,10,Umbria,Umbria,882015,673277,76.33,0.92
364,2021-01-28,UMB,1248,394,854,18,1230,0,ITI,ITI2,10,Umbria,Umbria,882015,674525,76.48,0.14
365,2021-05-03,UMB,5087,2271,2816,2096,2887,104,ITI,ITI2,10,Umbria,Umbria,882015,679612,77.05,0.58
366,2021-01-23,UMB,280,100,180,2,278,0,ITI,ITI2,10,Umbria,Umbria,882015,679892,77.08,0.03
367,2021-01-21,UMB,608,202,406,338,269,1,ITI,ITI2,10,Umbria,Umbria,882015,680500,77.15,0.07
368,2021-08-14,UMB,5837,3228,2609,2916,2775,146,ITI,ITI2,10,Umbria,Umbria,882015,686337,77.81,0.66
369,2021-03-17,UMB,3330,1313,2017,1855,1473,2,ITI,ITI2,10,Umbria,Umbria,882015,689667,78.19,0.38
370,2021-01-07,UMB,1301,388,913,1301,0,0,ITI,ITI2,10,Umbria,Umbria,882015,690968,78.34,0.15
371,2021-06-25,UMB,10185,5292,4893,5256,4777,152,ITI,ITI2,10,Umbria,Umbria,882015,701153,79.49,1.15
372,2021-01-26,UMB,816,390,426,17,799,0,ITI,ITI2,10,Umbria,Umbria,882015,701969,79.59,0.09
373,2021-02-12,UMB,672,224,448,666,6,0,ITI,ITI2,10,Umbria,Umbria,882015,702641,79.66,0.08
374,2021-02-26,UMB,660,253,407,650,8,2,ITI,ITI2,10,Umbria,Umbria,882015,703301,79.74,0.07
375,2021-05-18,UMB,7754,3359,4395,3829,3841,84,ITI,ITI2,10,Umbria,Umbria,882015,711055,80.62,0.88
376,2021-03-22,UMB,3561,1656,1905,2305,1246,10,ITI,ITI2,10,Umbria,Umbria,882015,714616,81.02,0.4
377,2021-04-05,UMB,4251,1729,2522,2182,2057,12,ITI,ITI2,10,Umbria,Umbria,882015,718867,81.5,0.48
378,2021-02-07,UMB,54,17,37,1,53,0,ITI,ITI2,10,Umbria,Umbria,882015,718921,81.51,0.01
379,2021-07-14,UMB,6197,3008,3189,1629,4262,306,ITI,ITI2,10,Umbria,Umbria,882015,725118,82.21,0.7
380,2021-08-04,UMB,10625,5524,5101,3293,7165,167,ITI,ITI2,10,Umbria,Umbria,882015,735743,83.42,1.2
381,2021-06-01,UMB,4383,2089,2294,4155,156,72,ITI,ITI2,10,Umbria,Umbria,882015,740126,83.91,0.5
382,2021-03-10,UMB,4031,1943,2088,2759,1257,15,ITI,ITI2,10,Umbria,Umbria,882015,744157,84.37,0.46
383,2021-01-16,UMB,217,71,146,216,0,1,ITI,ITI2,10,Umbria,Umbria,882015,744374,84.39,0.02
384,2021-02-02,UMB,943,272,671,32,911,0,ITI,ITI2,10,Umbria,Umbria,882015,745317,84.5,0.11
385,2021-08-01,UMB,3018,1529,1489,1322,1650,46,ITI,ITI2,10,Umbria,Umbria,882015,748335,84.84,0.34
386,2021-07-18,UMB,7853,4063,3790,273,7553,27,ITI,ITI2,10,Umbria,Umbria,882015,756188,85.73,0.89
387,2021-05-06,UMB,9458,4318,5140,6019,3314,125,ITI,ITI2,10,Umbria,Umbria,882015,765646,86.81,1.07
388,2021-06-10,UMB,7554,3762,3792,6460,784,310,ITI,ITI2,10,Umbria,Umbria,882015,773200,87.66,0.86
389,2021-08-13,UMB,6949,3860,3089,4234,2520,195,ITI,ITI2,10,Umbria,Umbria,882015,780149,88.45,0.79
390,2021-08-10,UMB,7379,3928,3451,3993,3243,143,ITI,ITI2,10,Umbria,Umbria,882015,787528,89.29,0.84
391,2021-06-14,UMB,5377,2744,2633,3252,2010,115,ITI,ITI2,10,Umbria,Umbria,882015,792905,89.9,0.61
392,2021-04-25,UMB,4359,1685,2674,3867,83,409,ITI,ITI2,10,Umbria,Umbria,882015,797264,90.39,0.49
393,2021-08-03,UMB,9187,4756,4431,3503,5509,175,ITI,ITI2,10,Umbria,Umbria,882015,806451,91.43,1.04
394,2021-08-17,UMB,2137,1112,1025,1452,637,48,ITI,ITI2,10,Umbria,Umbria,882015,808588,91.68,0.24
395,2021-06-21,UMB,7504,3934,3570,5069,2338,97,ITI,ITI2,10,Umbria,Umbria,882015,816092,92.53,0.85
396,2021-06-05,UMB,8225,3775,4450,5412,2655,158,ITI,ITI2,10,Umbria,Umbria,882015,824317,93.46,0.93
397,2021-07-13,UMB,4231,2006,2225,79,4144,8,ITI,ITI2,10,Umbria,Umbria,882015,828548,93.94,0.48
398,2021-04-21,UMB,5327,2319,3008,3058,2230,39,ITI,ITI2,10,Umbria,Umbria,882015,833875,94.54,0.6
399,2021-07-30,UMB,6201,3232,2969,3180,2903,118,ITI,ITI2,10,Umbria,Umbria,882015,840076,95.25,0.7
400,2021-03-02,UMB,3642,1346,2296,3635,4,3,ITI,ITI2,10,Umbria,Umbria,882015,843718,95.66,0.41
401,2021-07-25,UMB,7305,3849,3456,1165,6095,45,ITI,ITI2,10,Umbria,Umbria,882015,851023,96.49,0.83
402,2021-03-06,UMB,4304,1146,3158,4132,138,34,ITI,ITI2,10,Umbria,Umbria,882015,855327,96.97,0.49
403,2021-01-22,UMB,276,105,171,32,244,0,ITI,ITI2,10,Umbria,Umbria,882015,855603,97.01,0.03
404,2021-06-28,UMB,9764,4815,4949,3717,5978,69,ITI,ITI2,10,Umbria,Umbria,882015,865367,98.11,1.11
405,2021-05-02,UMB,3781,1867,1914,1298,2454,29,ITI,ITI2,10,Umbria,Umbria,882015,869148,98.54,0.43
406,2021-03-20,UMB,2319,845,1474,2289,25,5,ITI,ITI2,10,Umbria,Umbria,882015,871467,98.8,0.26
407,2021-04-26,UMB,5398,2341,3057,3103,2255,40,ITI,ITI2,10,Umbria,Umbria,882015,876865,99.42,0.61
408,2021-04-09,UMB,6741,3126,3615,6407,215,119,ITI,ITI2,10,Umbria,Umbria,882015,883606,100.18,0.76
409,2021-04-28,UMB,5390,2330,3060,2937,2396,57,ITI,ITI2,10,Umbria,Umbria,882015,888996,100.79,0.61
410,2021-08-06,UMB,8155,4242,3913,3289,4779,87,ITI,ITI2,10,Umbria,Umbria,882015,897151,101.72,0.92
411,2021-02-04,UMB,734,226,508,26,708,0,ITI,ITI2,10,Umbria,Umbria,882015,897885,101.8,0.08
412,2021-05-15,UMB,4992,1883,3109,1765,3164,63,ITI,ITI2,10,Umbria,Umbria,882015,902877,102.37,0.57
413,2021-02-21,UMB,1,0,1,1,0,0,ITI,ITI2,10,Umbria,Umbria,882015,902878,102.37,0.0
414,2021-06-24,UMB,10155,5118,5037,6015,4008,132,ITI,ITI2,10,Umbria,Umbria,882015,913033,103.52,1.15
415,2021-03-13,UMB,1735,524,1211,1486,249,0,ITI,ITI2,10,Umbria,Umbria,882015,914768,103.71,0.2
416,2021-01-15,UMB,695,213,482,695,0,0,ITI,ITI2,10,Umbria,Umbria,882015,915463,103.79,0.08
417,2021-01-29,UMB,1232,350,882,79,1153,0,ITI,ITI2,10,Umbria,Umbria,882015,916695,103.93,0.14
418,2021-05-09,UMB,5756,2754,3002,5245,391,120,ITI,ITI2,10,Umbria,Umbria,882015,922451,104.58,0.65
419,2021-07-09,UMB,9559,4629,4930,129,9406,24,ITI,ITI2,10,Umbria,Umbria,882015,932010,105.67,1.08
420,2021-07-23,UMB,10643,5444,5199,1325,9213,105,ITI,ITI2,10,Umbria,Umbria,882015,942653,106.87,1.21
421,2021-07-16,UMB,9621,4895,4726,664,8877,80,ITI,ITI2,10,Umbria,Umbria,882015,952274,107.97,1.09
422,2021-05-20,UMB,9859,4603,5256,6094,3657,108,ITI,ITI2,10,Umbria,Umbria,882015,962133,109.08,1.12
423,2021-03-31,UMB,3896,1727,2169,2179,1685,32,ITI,ITI2,10,Umbria,Umbria,882015,966029,109.53,0.44
424,2021-02-16,UMB,1308,655,653,1299,9,0,ITI,ITI2,10,Umbria,Umbria,882015,967337,109.67,0.15
425,2021-05-27,UMB,9973,4865,5108,8472,1319,182,ITI,ITI2,10,Umbria,Umbria,882015,977310,110.8,1.13
426,2021-01-04,UMB,809,398,411,809,0,0,ITI,ITI2,10,Umbria,Umbria,882015,978119,110.9,0.09
427,2021-04-14,UMB,8155,3681,4474,6099,1979,77,ITI,ITI2,10,Umbria,Umbria,882015,986274,111.82,0.92
428,2021-06-03,UMB,9043,4470,4573,8582,290,171,ITI,ITI2,10,Umbria,Umbria,882015,995317,112.85,1.03
429,2021-04-07,UMB,5621,2303,3318,3530,2006,85,ITI,ITI2,10,Umbria,Umbria,882015,1000938,113.48,0.64
430,2021-02-23,UMB,1691,657,1034,1649,42,0,ITI,ITI2,10,Umbria,Umbria,882015,1002629,113.67,0.19
431,2021-08-07,UMB,7223,3798,3425,2539,4612,72,ITI,ITI2,10,Umbria,Umbria,882015,1009852,114.49,0.82
432,2021-05-16,UMB,5219,2493,2726,5086,50,83,ITI,ITI2,10,Umbria,Umbria,882015,1015071,115.09,0.59
433,2021-08-05,UMB,9670,5067,4603,3830,5678,162,ITI,ITI2,10,Umbria,Umbria,882015,1024741,116.18,1.1
434,2021-07-19,UMB,7621,3804,3817,1491,6029,101,ITI,ITI2,10,Umbria,Umbria,882015,1032362,117.05,0.86
435,2021-04-27,UMB,5666,2401,3265,3054,2579,33,ITI,ITI2,10,Umbria,Umbria,882015,1038028,117.69,0.64
436,2021-02-03,UMB,724,174,550,67,657,0,ITI,ITI2,10,Umbria,Umbria,882015,1038752,117.77,0.08
437,2021-02-05,UMB,780,234,546,18,762,0,ITI,ITI2,10,Umbria,Umbria,882015,1039532,117.86,0.09
438,2021-07-21,UMB,9844,4911,4933,1226,8531,87,ITI,ITI2,10,Umbria,Umbria,882015,1049376,118.97,1.12
439,2021-07-04,UMB,3407,1740,1667,2343,968,96,ITI,ITI2,10,Umbria,Umbria,882015,1052783,119.36,0.39
440,2021-04-12,UMB,7084,3081,4003,5310,1717,57,ITI,ITI2,10,Umbria,Umbria,882015,1059867,120.16,0.8
441,2021-01-19,UMB,102,23,79,102,0,0,ITI,ITI2,10,Umbria,Umbria,882015,1059969,120.18,0.01
442,2021-04-29,UMB,5216,2250,2966,2806,2321,89,ITI,ITI2,10,Umbria,Umbria,882015,1065185,120.77,0.59
443,2021-03-24,UMB,4104,1792,2312,2744,1323,37,ITI,ITI2,10,Umbria,Umbria,882015,1069289,121.23,0.47
444,2021-07-02,UMB,8741,4326,4415,2963,5602,176,ITI,ITI2,10,Umbria,Umbria,882015,1078030,122.22,0.99
445,2021-04-10,UMB,7395,3479,3916,7178,84,133,ITI,ITI2,10,Umbria,Umbria,882015,1085425,123.06,0.84
446,2021-01-17,UMB,54,17,37,54,0,0,ITI,ITI2,10,Umbria,Umbria,882015,1085479,123.07,0.01
447,2020-12-31,UMB,322,127,195,322,0,0,ITI,ITI2,10,Umbria,Umbria,882015,1085801,123.1,0.04
448,2021-06-15,UMB,5981,3014,2967,3793,2070,118,ITI,ITI2,10,Umbria,Umbria,882015,1091782,123.78,0.68
449,2021-06-17,UMB,6968,3542,3426,4747,2079,142,ITI,ITI2,10,Umbria,Umbria,882015,1098750,124.57,0.79
450,2021-03-26,UMB,4595,1717,2878,4344,172,79,ITI,ITI2,10,Umbria,Umbria,882015,1103345,125.09,0.52
451,2021-01-02,UMB,304,111,193,304,0,0,ITI,ITI2,10,Umbria,Umbria,882015,1103649,125.13,0.03
452,2021-03-07,UMB,845,180,665,837,7,1,ITI,ITI2,10,Umbria,Umbria,882015,1104494,125.22,0.1
453,2021-05-29,UMB,7858,3612,4246,6177,1567,114,ITI,ITI2,10,Umbria,Umbria,882015,1112352,126.11,0.89
454,2021-05-12,EMR,38930,18296,20634,28452,9693,785,ITH,ITH5,8,Emilia-Romagna,Emilia-Romagna,4459477,38930,0.87,0.87
455,2021-02-01,EMR,10321,3612,6709,356,9963,2,ITH,ITH5,8,Emilia-Romagna,Emilia-Romagna,4459477,49251,1.1,0.23
456,2021-01-18,EMR,3125,879,2246,2443,679,3,ITH,ITH5,8,Emilia-Romagna,Emilia-Romagna,4459477,52376,1.17,0.07
457,2021-03-16,EMR,12248,5027,7221,4874,7310,64,ITH,ITH5,8,Emilia-Romagna,Emilia-Romagna,4459477,64624,1.45,0.27
458,2021-01-25,EMR,6464,2148,4316,206,6257,1,ITH,ITH5,8,Emilia-Romagna,Emilia-Romagna,4459477,71088,1.59,0.14
459,2021-07-01,EMR,34518,16872,17646,14855,18840,823,ITH,ITH5,8,Emilia-Romagna,Emilia-Romagna,4459477,105606,2.37,0.77
460,2021-03-23,EMR,18800,8146,10654,11947,6688,165,ITH,ITH5,8,Emilia-Romagna,Emilia-Romagna,4459477,124406,2.79,0.42
461,2021-06-21,EMR,37574,18997,18577,16104,20879,591,ITH,ITH5,8,Emilia-Romagna,Emilia-Romagna,4459477,161980,3.63,0.84
462,2021-07-08,EMR,41324,20587,20737,4738,36183,403,ITH,ITH5,8,Emilia-Romagna,Emilia-Romagna,4459477,203304,4.56,0.93
463,2021-03-30,EMR,23332,10331,13001,17993,5041,298,ITH,ITH5,8,Emilia-Romagna,Emilia-Romagna,4459477,226636,5.08,0.52
464,2021-07-22,EMR,40293,21502,18791,15275,24136,882,ITH,ITH5,8,Emilia-Romagna,Emilia-Romagna,4459477,266929,5.99,0.9
465,2021-01-04,EMR,7308,2527,4781,7305,0,3,ITH,ITH5,8,Emilia-Romagna,Emilia-Romagna,4459477,274237,6.15,0.16
466,2021-08-17,EMR,13935,7568,6367,8934,4371,630,ITH,ITH5,8,Emilia-Romagna,Emilia-Romagna,4459477,288172,6.46,0.31
467,2021-05-26,EMR,33335,14752,18583,9930,23019,386,ITH,ITH5,8,Emilia-Romagna,Emilia-Romagna,4459477,321507,7.21,0.75
468,2021-06-12,EMR,41379,21876,19503,35552,4918,909,ITH,ITH5,8,Emilia-Romagna,Emilia-Romagna,4459477,362886,8.14,0.93
469,2021-03-04,EMR,16451,5348,11103,13339,3023,89,ITH,ITH5,8,Emilia-Romagna,Emilia-Romagna,4459477,379337,8.51,0.37
470,2021-05-24,EMR,29996,13733,16263,17963,11520,513,ITH,ITH5,8,Emilia-Romagna,Emilia-Romagna,4459477,409333,9.18,0.67
471,2021-02-13,EMR,3627,1084,2543,3015,598,14,ITH,ITH5,8,Emilia-Romagna,Emilia-Romagna,4459477,412960,9.26,0.08
472,2021-07-20,EMR,43081,22526,20555,6682,35742,657,ITH,ITH5,8,Emilia-Romagna,Emilia-Romagna,4459477,456041,10.23,0.97
473,2021-04-11,EMR,15284,6939,8345,11983,3049,252,ITH,ITH5,8,Emilia-Romagna,Emilia-Romagna,4459477,471325,10.57,0.34
474,2021-02-11,EMR,4254,1413,2841,3394,843,17,ITH,ITH5,8,Emilia-Romagna,Emilia-Romagna,4459477,475579,10.66,0.1
475,2021-04-16,EMR,29236,13764,15472,20015,8840,381,ITH,ITH5,8,Emilia-Romagna,Emilia-Romagna,4459477,504815,11.32,0.66
476,2021-01-06,EMR,8286,2955,5331,8285,0,1,ITH,ITH5,8,Emilia-Romagna,Emilia-Romagna,4459477,513101,11.51,0.19
477,2021-08-08,EMR,21451,11626,9825,10485,10465,501,ITH,ITH5,8,Emilia-Romagna,Emilia-Romagna,4459477,534552,11.99,0.48
478,2021-04-30,EMR,36635,16798,19837,21221,14806,608,ITH,ITH5,8,Emilia-Romagna,Emilia-Romagna,4459477,571187,12.81,0.82
479,2021-03-28,EMR,13522,6040,7482,9521,3884,117,ITH,ITH5,8,Emilia-Romagna,Emilia-Romagna,4459477,584709,13.11,0.3
480,2021-02-18,EMR,7044,2891,4153,6439,589,16,ITH,ITH5,8,Emilia-Romagna,Emilia-Romagna,4459477,591753,13.27,0.16
481,2021-06-07,EMR,40546,20810,19736,33529,6263,754,ITH,ITH5,8,Emilia-Romagna,Emilia-Romagna,4459477,632299,14.18,0.91
482,2021-08-03,EMR,38407,20213,18194,15571,22240,596,ITH,ITH5,8,Emilia-Romagna,Emilia-Romagna,4459477,670706,15.04,0.86
483,2021-01-30,EMR,10092,3527,6565,137,9954,1,ITH,ITH5,8,Emilia-Romagna,Emilia-Romagna,4459477,680798,15.27,0.23
484,2021-05-19,EMR,33825,14993,18832,18032,15261,532,ITH,ITH5,8,Emilia-Romagna,Emilia-Romagna,4459477,714623,16.02,0.76
485,2021-06-02,EMR,24111,12066,12045,18744,4974,393,ITH,ITH5,8,Emilia-Romagna,Emilia-Romagna,4459477,738734,16.57,0.54
486,2021-08-10,EMR,31172,16682,14490,15330,14856,986,ITH,ITH5,8,Emilia-Romagna,Emilia-Romagna,4459477,769906,17.26,0.7
487,2021-03-09,EMR,14799,6033,8766,10752,3952,95,ITH,ITH5,8,Emilia-Romagna,Emilia-Romagna,4459477,784705,17.6,0.33
488,2021-05-05,EMR,30133,13998,16135,18301,11270,562,ITH,ITH5,8,Emilia-Romagna,Emilia-Romagna,4459477,814838,18.27,0.68
489,2021-05-23,EMR,25497,11865,13632,13579,11604,314,ITH,ITH5,8,Emilia-Romagna,Emilia-Romagna,4459477,840335,18.84,0.57
490,2021-07-19,EMR,41959,22101,19858,6624,34736,599,ITH,ITH5,8,Emilia-Romagna,Emilia-Romagna,4459477,882294,19.78,0.94
491,2021-05-09,EMR,25631,12264,13367,18267,6972,392,ITH,ITH5,8,Emilia-Romagna,Emilia-Romagna,4459477,907925,20.36,0.57
492,2021-01-29,EMR,10421,3497,6924,290,10131,0,ITH,ITH5,8,Emilia-Romagna,Emilia-Romagna,4459477,918346,20.59,0.23
493,2021-02-15,EMR,2902,850,2052,2710,125,67,ITH,ITH5,8,Emilia-Romagna,Emilia-Romagna,4459477,921248,20.66,0.07
494,2021-02-25,EMR,9248,3498,5750,8272,954,22,ITH,ITH5,8,Emilia-Romagna,Emilia-Romagna,4459477,930496,20.87,0.21
495,2021-06-19,EMR,36671,18356,18315,16778,19399,494,ITH,ITH5,8,Emilia-Romagna,Emilia-Romagna,4459477,967167,21.69,0.82
496,2021-03-11,EMR,17472,7320,10152,11438,5853,181,ITH,ITH5,8,Emilia-Romagna,Emilia-Romagna,4459477,984639,22.08,0.39
497,2021-02-06,EMR,7600,2407,5193,2107,5489,4,ITH,ITH5,8,Emilia-Romagna,Emilia-Romagna,4459477,992239,22.25,0.17
498,2021-07-29,EMR,40714,21487,19227,14517,25510,687,ITH,ITH5,8,Emilia-Romagna,Emilia-Romagna,4459477,1032953,23.16,0.91
499,2021-07-27,EMR,41061,21811,19250,17023,23300,738,ITH,ITH5,8,Emilia-Romagna,Emilia-Romagna,4459477,1074014,24.08,0.92
500,2021-04-18,EMR,17512,8399,9113,12363,4922,227,ITH,ITH5,8,Emilia-Romagna,Emilia-Romagna,4459477,1091526,24.48,0.39
501,2021-06-14,EMR,41322,21365,19957,27520,13080,722,ITH,ITH5,8,Emilia-Romagna,Emilia-Romagna,4459477,1132848,25.4,0.93
502,2021-05-31,EMR,29785,13774,16011,17724,11511,550,ITH,ITH5,8,Emilia-Romagna,Emilia-Romagna,4459477,1162633,26.07,0.67
503,2021-02-20,EMR,5317,2093,3224,5047,263,7,ITH,ITH5,8,Emilia-Romagna,Emilia-Romagna,4459477,1167950,26.19,0.12
504,2021-01-15,EMR,7754,2405,5349,7746,0,8,ITH,ITH5,8,Emilia-Romagna,Emilia-Romagna,4459477,1175704,26.36,0.17
505,2021-06-09,EMR,43119,21904,21215,35748,6401,970,ITH,ITH5,8,Emilia-Romagna,Emilia-Romagna,4459477,1218823,27.33,0.97
506,2021-07-12,EMR,44033,22310,21723,5425,38103,505,ITH,ITH5,8,Emilia-Romagna,Emilia-Romagna,4459477,1262856,28.32,0.99
507,2021-03-13,EMR,16138,6362,9776,10589,5313,236,ITH,ITH5,8,Emilia-Romagna,Emilia-Romagna,4459477,1278994,28.68,0.36
508,2021-07-05,EMR,33219,16198,17021,11259,21367,593,ITH,ITH5,8,Emilia-Romagna,Emilia-Romagna,4459477,1312213,29.43,0.74
509,2021-03-27,EMR,21668,9064,12604,14520,6911,237,ITH,ITH5,8,Emilia-Romagna,Emilia-Romagna,4459477,1333881,29.91,0.49
510,2021-04-13,EMR,23721,11130,12591,19032,4342,347,ITH,ITH5,8,Emilia-Romagna,Emilia-Romagna,4459477,1357602,30.44,0.53
511,2021-01-03,EMR,2764,945,1819,2764,0,0,ITH,ITH5,8,Emilia-Romagna,Emilia-Romagna,4459477,1360366,30.51,0.06
512,2021-05-02,EMR,25585,11653,13932,13188,11995,402,ITH,ITH5,8,Emilia-Romagna,Emilia-Romagna,4459477,1385951,31.08,0.57
513,2021-01-22,EMR,1830,476,1354,1086,742,2,ITH,ITH5,8,Emilia-Romagna,Emilia-Romagna,4459477,1387781,31.12,0.04
514,2021-07-15,EMR,50341,26215,24126,7884,41743,714,ITH,ITH5,8,Emilia-Romagna,Emilia-Romagna,4459477,1438122,32.25,1.13
515,2021-04-23,EMR,29576,13815,15761,14306,14892,378,ITH,ITH5,8,Emilia-Romagna,Emilia-Romagna,4459477,1467698,32.91,0.66
516,2021-01-13,EMR,9077,2942,6135,9072,0,5,ITH,ITH5,8,Emilia-Romagna,Emilia-Romagna,4459477,1476775,33.12,0.2
517,2021-04-04,EMR,9869,4714,5155,7525,2269,75,ITH,ITH5,8,Emilia-Romagna,Emilia-Romagna,4459477,1486644,33.34,0.22
518,2021-01-11,EMR,9348,3274,6074,9339,0,9,ITH,ITH5,8,Emilia-Romagna,Emilia-Romagna,4459477,1495992,33.55,0.21
519,2021-06-04,EMR,45740,23017,22723,36873,8198,669,ITH,ITH5,8,Emilia-Romagna,Emilia-Romagna,4459477,1541732,34.57,1.03
520,2021-02-08,EMR,5236,1535,3701,2316,2917,3,ITH,ITH5,8,Emilia-Romagna,Emilia-Romagna,4459477,1546968,34.69,0.12
521,2021-05-16,EMR,25867,12175,13692,18358,7129,380,ITH,ITH5,8,Emilia-Romagna,Emilia-Romagna,4459477,1572835,35.27,0.58
522,2021-02-22,EMR,7483,3092,4391,7198,272,13,ITH,ITH5,8,Emilia-Romagna,Emilia-Romagna,4459477,1580318,35.44,0.17
523,2021-08-09,EMR,30121,16071,14050,16593,12529,999,ITH,ITH5,8,Emilia-Romagna,Emilia-Romagna,4459477,1610439,36.11,0.68
524,2021-05-01,EMR,28428,12780,15648,15277,12793,358,ITH,ITH5,8,Emilia-Romagna,Emilia-Romagna,4459477,1638867,36.75,0.64
525,2021-01-10,EMR,7170,2685,4485,7169,0,1,ITH,ITH5,8,Emilia-Romagna,Emilia-Romagna,4459477,1646037,36.91,0.16
526,2021-06-16,EMR,45932,23524,22408,25265,19952,715,ITH,ITH5,8,Emilia-Romagna,Emilia-Romagna,4459477,1691969,37.94,1.03
527,2021-03-08,EMR,12216,5099,7117,9468,2663,85,ITH,ITH5,8,Emilia-Romagna,Emilia-Romagna,4459477,1704185,38.21,0.27
528,2021-03-01,EMR,10099,3583,6516,7814,2261,24,ITH,ITH5,8,Emilia-Romagna,Emilia-Romagna,4459477,1714284,38.44,0.23
529,2021-08-05,EMR,36679,19406,17273,18344,17381,954,ITH,ITH5,8,Emilia-Romagna,Emilia-Romagna,4459477,1750963,39.26,0.82
530,2021-08-12,EMR,27456,14906,12550,19096,6854,1506,ITH,ITH5,8,Emilia-Romagna,Emilia-Romagna,4459477,1778419,39.88,0.62
531,2021-05-04,EMR,29302,13721,15581,15163,13665,474,ITH,ITH5,8,Emilia-Romagna,Emilia-Romagna,4459477,1807721,40.54,0.66
532,2021-02-27,EMR,10961,3996,6965,9191,1741,29,ITH,ITH5,8,Emilia-Romagna,Emilia-Romagna,4459477,1818682,40.78,0.25
533,2021-04-25,EMR,22354,10241,12113,14400,7514,440,ITH,ITH5,8,Emilia-Romagna,Emilia-Romagna,4459477,1841036,41.28,0.5
534,2021-08-07,EMR,30816,16948,13868,17629,12195,992,ITH,ITH5,8,Emilia-Romagna,Emilia-Romagna,4459477,1871852,41.97,0.69
535,2021-04-27,EMR,32122,14871,17251,19227,12467,428,ITH,ITH5,8,Emilia-Romagna,Emilia-Romagna,4459477,1903974,42.7,0.72
536,2021-08-14,EMR,15689,8852,6837,8247,7009,433,ITH,ITH5,8,Emilia-Romagna,Emilia-Romagna,4459477,1919663,43.05,0.35
537,2021-05-06,EMR,35972,16620,19352,22154,13093,725,ITH,ITH5,8,Emilia-Romagna,Emilia-Romagna,4459477,1955635,43.85,0.81
538,2021-01-26,EMR,8336,3001,5335,209,8126,1,ITH,ITH5,8,Emilia-Romagna,Emilia-Romagna,4459477,1963971,44.04,0.19
539,2021-07-02,EMR,34743,17084,17659,12413,21713,617,ITH,ITH5,8,Emilia-Romagna,Emilia-Romagna,4459477,1998714,44.82,0.78
540,2021-03-24,EMR,21229,9406,11823,13622,7386,221,ITH,ITH5,8,Emilia-Romagna,Emilia-Romagna,4459477,2019943,45.3,0.48
541,2021-01-24,EMR,2446,887,1559,298,2148,0,ITH,ITH5,8,Emilia-Romagna,Emilia-Romagna,4459477,2022389,45.35,0.05
542,2021-02-05,EMR,9306,2960,6346,1614,7688,4,ITH,ITH5,8,Emilia-Romagna,Emilia-Romagna,4459477,2031695,45.56,0.21
543,2021-06-20,EMR,30733,15594,15139,15626,14661,446,ITH,ITH5,8,Emilia-Romagna,Emilia-Romagna,4459477,2062428,46.25,0.69
544,2021-07-23,EMR,40333,21858,18475,19820,19448,1065,ITH,ITH5,8,Emilia-Romagna,Emilia-Romagna,4459477,2102761,47.15,0.9
545,2021-04-14,EMR,27047,12845,14202,20512,6106,429,ITH,ITH5,8,Emilia-Romagna,Emilia-Romagna,4459477,2129808,47.76,0.61
546,2021-01-21,EMR,2166,729,1437,818,1348,0,ITH,ITH5,8,Emilia-Romagna,Emilia-Romagna,4459477,2131974,47.81,0.05
547,2021-06-03,EMR,37920,18440,19480,29745,7555,620,ITH,ITH5,8,Emilia-Romagna,Emilia-Romagna,4459477,2169894,48.66,0.85
548,2021-02-12,EMR,5316,1671,3645,3887,1406,23,ITH,ITH5,8,Emilia-Romagna,Emilia-Romagna,4459477,2175210,48.78,0.12
549,2021-04-10,EMR,20925,9301,11624,16449,4144,332,ITH,ITH5,8,Emilia-Romagna,Emilia-Romagna,4459477,2196135,49.25,0.47
550,2021-04-17,EMR,27312,13079,14233,17570,9349,393,ITH,ITH5,8,Emilia-Romagna,Emilia-Romagna,4459477,2223447,49.86,0.61
551,2021-01-07,EMR,10273,3404,6869,10269,0,4,ITH,ITH5,8,Emilia-Romagna,Emilia-Romagna,4459477,2233720,50.09,0.23
552,2021-06-30,EMR,34247,17283,16964,17738,15658,851,ITH,ITH5,8,Emilia-Romagna,Emilia-Romagna,4459477,2267967,50.86,0.77
553,2021-07-17,EMR,43628,23033,20595,7169,35722,737,ITH,ITH5,8,Emilia-Romagna,Emilia-Romagna,4459477,2311595,51.84,0.98
554,2021-06-11,EMR,45954,23853,22101,38381,6544,1029,ITH,ITH5,8,Emilia-Romagna,Emilia-Romagna,4459477,2357549,52.87,1.03
555,2021-06-28,EMR,40049,19652,20397,19657,19569,823,ITH,ITH5,8,Emilia-Romagna,Emilia-Romagna,4459477,2397598,53.76,0.9
556,2021-03-20,EMR,16082,6824,9258,8955,6966,161,ITH,ITH5,8,Emilia-Romagna,Emilia-Romagna,4459477,2413680,54.12,0.36
557,2021-04-06,EMR,24754,11172,13582,19723,4748,283,ITH,ITH5,8,Emilia-Romagna,Emilia-Romagna,4459477,2438434,54.68,0.56
558,2020-12-27,EMR,973,374,599,973,0,0,ITH,ITH5,8,Emilia-Romagna,Emilia-Romagna,4459477,2439407,54.7,0.02
559,2021-07-09,EMR,44897,22940,21957,5427,39060,410,ITH,ITH5,8,Emilia-Romagna,Emilia-Romagna,4459477,2484304,55.71,1.01
560,2021-01-17,EMR,2890,887,2003,2642,247,1,ITH,ITH5,8,Emilia-Romagna,Emilia-Romagna,4459477,2487194,55.77,0.06
561,2021-04-02,EMR,23380,10543,12837,18555,4486,339,ITH,ITH5,8,Emilia-Romagna,Emilia-Romagna,4459477,2510574,56.3,0.52
562,2021-05-29,EMR,37932,16512,21420,16658,20760,514,ITH,ITH5,8,Emilia-Romagna,Emilia-Romagna,4459477,2548506,57.15,0.85
563,2021-02-23,EMR,8215,3218,4997,7818,386,11,ITH,ITH5,8,Emilia-Romagna,Emilia-Romagna,4459477,2556721,57.33,0.18
564,2021-03-12,EMR,18318,7708,10610,11308,6720,290,ITH,ITH5,8,Emilia-Romagna,Emilia-Romagna,4459477,2575039,57.74,0.41
565,2021-07-11,EMR,30372,15228,15144,2765,27345,262,ITH,ITH5,8,Emilia-Romagna,Emilia-Romagna,4459477,2605411,58.42,0.68
566,2021-03-31,EMR,25273,11049,14224,19495,5470,308,ITH,ITH5,8,Emilia-Romagna,Emilia-Romagna,4459477,2630684,58.99,0.57
567,2021-07-13,EMR,48464,24824,23640,6468,41314,682,ITH,ITH5,8,Emilia-Romagna,Emilia-Romagna,4459477,2679148,60.08,1.09
568,2021-07-04,EMR,24253,12058,12195,10200,13598,455,ITH,ITH5,8,Emilia-Romagna,Emilia-Romagna,4459477,2703401,60.62,0.54
569,2021-03-26,EMR,23721,10116,13605,17016,6441,264,ITH,ITH5,8,Emilia-Romagna,Emilia-Romagna,4459477,2727122,61.15,0.53
570,2021-04-20,EMR,22640,10411,12229,13886,8357,397,ITH,ITH5,8,Emilia-Romagna,Emilia-Romagna,4459477,2749762,61.66,0.51
571,2021-06-23,EMR,38040,19089,18951,18520,18852,668,ITH,ITH5,8,Emilia-Romagna,Emilia-Romagna,4459477,2787802,62.51,0.85
572,2021-01-08,EMR,10870,3581,7289,10867,0,3,ITH,ITH5,8,Emilia-Romagna,Emilia-Romagna,4459477,2798672,62.76,0.24
573,2021-03-06,EMR,21029,5970,15059,18166,2741,122,ITH,ITH5,8,Emilia-Romagna,Emilia-Romagna,4459477,2819701,63.23,0.47
574,2021-05-20,EMR,40403,18339,22064,18399,21491,513,ITH,ITH5,8,Emilia-Romagna,Emilia-Romagna,4459477,2860104,64.14,0.91
575,2021-06-25,EMR,42836,21797,21039,19776,22307,753,ITH,ITH5,8,Emilia-Romagna,Emilia-Romagna,4459477,2902940,65.1,0.96
576,2021-03-17,EMR,13716,5689,8027,5815,7853,48,ITH,ITH5,8,Emilia-Romagna,Emilia-Romagna,4459477,2916656,65.4,0.31
577,2021-05-13,EMR,35837,16508,19329,27278,7845,714,ITH,ITH5,8,Emilia-Romagna,Emilia-Romagna,4459477,2952493,66.21,0.8
578,2021-03-15,EMR,13458,6252,7206,6854,6504,100,ITH,ITH5,8,Emilia-Romagna,Emilia-Romagna,4459477,2965951,66.51,0.3
579,2021-02-09,EMR,4157,1251,2906,2307,1849,1,ITH,ITH5,8,Emilia-Romagna,Emilia-Romagna,4459477,2970108,66.6,0.09
580,2021-05-15,EMR,33287,14995,18292,22219,10429,639,ITH,ITH5,8,Emilia-Romagna,Emilia-Romagna,4459477,3003395,67.35,0.75
581,2021-02-04,EMR,9930,3206,6724,1235,8694,1,ITH,ITH5,8,Emilia-Romagna,Emilia-Romagna,4459477,3013325,67.57,0.22
582,2021-05-22,EMR,33132,14147,18985,16475,16203,454,ITH,ITH5,8,Emilia-Romagna,Emilia-Romagna,4459477,3046457,68.31,0.74
583,2021-07-18,EMR,34529,17888,16641,8176,25796,557,ITH,ITH5,8,Emilia-Romagna,Emilia-Romagna,4459477,3080986,69.09,0.77
584,2021-04-09,EMR,25799,11692,14107,19530,5760,509,ITH,ITH5,8,Emilia-Romagna,Emilia-Romagna,4459477,3106785,69.67,0.58
585,2021-02-02,EMR,9485,3049,6436,525,8960,0,ITH,ITH5,8,Emilia-Romagna,Emilia-Romagna,4459477,3116270,69.88,0.21
586,2021-01-20,EMR,1329,269,1060,1327,1,1,ITH,ITH5,8,Emilia-Romagna,Emilia-Romagna,4459477,3117599,69.91,0.03
587,2021-07-24,EMR,38815,20926,17889,17354,20606,855,ITH,ITH5,8,Emilia-Romagna,Emilia-Romagna,4459477,3156414,70.78,0.87
588,2021-04-15,EMR,29358,13982,15376,19239,9681,438,ITH,ITH5,8,Emilia-Romagna,Emilia-Romagna,4459477,3185772,71.44,0.66
589,2021-06-18,EMR,42765,21443,21322,16314,25910,541,ITH,ITH5,8,Emilia-Romagna,Emilia-Romagna,4459477,3228537,72.4,0.96
590,2021-03-10,EMR,18803,7741,11062,12979,5644,180,ITH,ITH5,8,Emilia-Romagna,Emilia-Romagna,4459477,3247340,72.82,0.42
591,2021-05-18,EMR,29226,13278,15948,18098,10642,486,ITH,ITH5,8,Emilia-Romagna,Emilia-Romagna,4459477,3276566,73.47,0.66
592,2021-02-07,EMR,4787,1536,3251,1722,3063,2,ITH,ITH5,8,Emilia-Romagna,Emilia-Romagna,4459477,3281353,73.58,0.11
593,2021-02-24,EMR,9356,3568,5788,8451,889,16,ITH,ITH5,8,Emilia-Romagna,Emilia-Romagna,4459477,3290709,73.79,0.21
594,2021-01-05,EMR,9364,3172,6192,9360,0,4,ITH,ITH5,8,Emilia-Romagna,Emilia-Romagna,4459477,3300073,74.0,0.21
595,2021-04-29,EMR,44970,21145,23825,26595,17558,817,ITH,ITH5,8,Emilia-Romagna,Emilia-Romagna,4459477,3345043,75.01,1.01
596,2021-01-19,EMR,2047,506,1541,2029,17,1,ITH,ITH5,8,Emilia-Romagna,Emilia-Romagna,4459477,3347090,75.06,0.05
597,2021-07-07,EMR,37890,19140,18750,13439,23693,758,ITH,ITH5,8,Emilia-Romagna,Emilia-Romagna,4459477,3384980,75.91,0.85
598,2021-04-03,EMR,19982,8776,11206,15953,3798,231,ITH,ITH5,8,Emilia-Romagna,Emilia-Romagna,4459477,3404962,76.35,0.45
599,2021-05-30,EMR,27086,12797,14289,12980,13703,403,ITH,ITH5,8,Emilia-Romagna,Emilia-Romagna,4459477,3432048,76.96,0.61
600,2021-02-19,EMR,7328,3011,4317,6800,514,14,ITH,ITH5,8,Emilia-Romagna,Emilia-Romagna,4459477,3439376,77.13,0.16
601,2021-07-26,EMR,39499,21065,18434,15907,22847,745,ITH,ITH5,8,Emilia-Romagna,Emilia-Romagna,4459477,3478875,78.01,0.89
602,2020-12-31,EMR,2215,779,1436,2214,0,1,ITH,ITH5,8,Emilia-Romagna,Emilia-Romagna,4459477,3481090,78.06,0.05
603,2021-06-06,EMR,36581,18989,17592,31587,4411,583,ITH,ITH5,8,Emilia-Romagna,Emilia-Romagna,4459477,3517671,78.88,0.82
604,2021-02-26,EMR,9635,3673,5962,8563,1051,21,ITH,ITH5,8,Emilia-Romagna,Emilia-Romagna,4459477,3527306,79.1,0.22
605,2021-06-13,EMR,28757,15000,13757,23843,4283,631,ITH,ITH5,8,Emilia-Romagna,Emilia-Romagna,4459477,3556063,79.74,0.64
606,2021-03-05,EMR,17916,5858,12058,14292,3501,123,ITH,ITH5,8,Emilia-Romagna,Emilia-Romagna,4459477,3573979,80.14,0.4
607,2021-03-22,EMR,17652,7817,9835,10616,6867,169,ITH,ITH5,8,Emilia-Romagna,Emilia-Romagna,4459477,3591631,80.54,0.4
608,2021-03-03,EMR,15891,5266,10625,13352,2487,52,ITH,ITH5,8,Emilia-Romagna,Emilia-Romagna,4459477,3607522,80.9,0.36
609,2021-08-16,EMR,19972,10700,9272,12501,6516,955,ITH,ITH5,8,Emilia-Romagna,Emilia-Romagna,4459477,3627494,81.34,0.45
610,2021-05-25,EMR,25215,11229,13986,11299,13490,426,ITH,ITH5,8,Emilia-Romagna,Emilia-Romagna,4459477,3652709,81.91,0.57
611,2021-02-14,EMR,1402,378,1024,1274,120,8,ITH,ITH5,8,Emilia-Romagna,Emilia-Romagna,4459477,3654111,81.94,0.03
612,2021-05-27,EMR,42333,18766,23567,13575,28272,486,ITH,ITH5,8,Emilia-Romagna,Emilia-Romagna,4459477,3696444,82.89,0.95
613,2021-02-16,EMR,5772,2446,3326,5227,531,14,ITH,ITH5,8,Emilia-Romagna,Emilia-Romagna,4459477,3702216,83.02,0.13
614,2021-08-06,EMR,34507,18502,16005,18704,14958,845,ITH,ITH5,8,Emilia-Romagna,Emilia-Romagna,4459477,3736723,83.79,0.77
615,2021-04-28,EMR,33740,15599,18141,20261,12897,582,ITH,ITH5,8,Emilia-Romagna,Emilia-Romagna,4459477,3770463,84.55,0.76
616,2021-03-29,EMR,21429,9618,11811,16538,4660,231,ITH,ITH5,8,Emilia-Romagna,Emilia-Romagna,4459477,3791892,85.03,0.48
617,2021-02-21,EMR,4447,1705,2742,3997,440,10,ITH,ITH5,8,Emilia-Romagna,Emilia-Romagna,4459477,3796339,85.13,0.1
618,2021-07-25,EMR,28426,15166,13260,10561,17418,447,ITH,ITH5,8,Emilia-Romagna,Emilia-Romagna,4459477,3824765,85.77,0.64
619,2021-08-11,EMR,27584,14780,12804,11980,14835,769,ITH,ITH5,8,Emilia-Romagna,Emilia-Romagna,4459477,3852349,86.39,0.62
620,2021-01-23,EMR,2448,871,1577,440,2008,0,ITH,ITH5,8,Emilia-Romagna,Emilia-Romagna,4459477,3854797,86.44,0.05
621,2021-05-07,EMR,35310,16978,18332,22698,11881,731,ITH,ITH5,8,Emilia-Romagna,Emilia-Romagna,4459477,3890107,87.23,0.79
622,2021-07-03,EMR,32100,15926,16174,11461,20003,636,ITH,ITH5,8,Emilia-Romagna,Emilia-Romagna,4459477,3922207,87.95,0.72
623,2021-08-15,EMR,6589,3651,2938,3241,3190,158,ITH,ITH5,8,Emilia-Romagna,Emilia-Romagna,4459477,3928796,88.1,0.15
624,2021-06-26,EMR,37465,18985,18480,21049,15534,882,ITH,ITH5,8,Emilia-Romagna,Emilia-Romagna,4459477,3966261,88.94,0.84
625,2021-07-10,EMR,42069,21424,20645,6799,34624,646,ITH,ITH5,8,Emilia-Romagna,Emilia-Romagna,4459477,4008330,89.88,0.94
626,2021-06-24,EMR,40627,20404,20223,20338,19562,727,ITH,ITH5,8,Emilia-Romagna,Emilia-Romagna,4459477,4048957,90.79,0.91
627,2021-06-17,EMR,46683,23653,23030,21833,24214,636,ITH,ITH5,8,Emilia-Romagna,Emilia-Romagna,4459477,4095640,91.84,1.05
628,2021-01-02,EMR,2378,917,1461,2378,0,0,ITH,ITH5,8,Emilia-Romagna,Emilia-Romagna,4459477,4098018,91.89,0.05
629,2021-06-05,EMR,44293,22373,21920,36688,6915,690,ITH,ITH5,8,Emilia-Romagna,Emilia-Romagna,4459477,4142311,92.89,0.99
630,2021-06-22,EMR,36525,18192,18333,16311,19627,587,ITH,ITH5,8,Emilia-Romagna,Emilia-Romagna,4459477,4178836,93.71,0.82
631,2021-07-06,EMR,36798,18500,18298,12972,23190,636,ITH,ITH5,8,Emilia-Romagna,Emilia-Romagna,4459477,4215634,94.53,0.83
632,2021-05-17,EMR,32465,15409,17056,22364,9552,549,ITH,ITH5,8,Emilia-Romagna,Emilia-Romagna,4459477,4248099,95.26,0.73
633,2021-08-13,EMR,21033,11665,9368,14101,6064,868,ITH,ITH5,8,Emilia-Romagna,Emilia-Romagna,4459477,4269132,95.73,0.47
634,2021-03-25,EMR,21474,9412,12062,14233,6992,249,ITH,ITH5,8,Emilia-Romagna,Emilia-Romagna,4459477,4290606,96.21,0.48
635,2021-05-21,EMR,39371,17555,21816,21641,17119,611,ITH,ITH5,8,Emilia-Romagna,Emilia-Romagna,4459477,4329977,97.1,0.88
636,2021-02-10,EMR,4024,1384,2640,2759,1259,6,ITH,ITH5,8,Emilia-Romagna,Emilia-Romagna,4459477,4334001,97.19,0.09
637,2021-04-08,EMR,31385,14407,16978,25329,5326,730,ITH,ITH5,8,Emilia-Romagna,Emilia-Romagna,4459477,4365386,97.89,0.7
638,2021-08-01,EMR,29407,15815,13592,9896,19130,381,ITH,ITH5,8,Emilia-Romagna,Emilia-Romagna,4459477,4394793,98.55,0.66
639,2021-05-10,EMR,33876,16145,17731,26016,7263,597,ITH,ITH5,8,Emilia-Romagna,Emilia-Romagna,4459477,4428669,99.31,0.76
640,2021-07-30,EMR,39788,21376,18412,15671,23430,687,ITH,ITH5,8,Emilia-Romagna,Emilia-Romagna,4459477,4468457,100.2,0.89
641,2021-04-21,EMR,23967,10968,12999,13863,9743,361,ITH,ITH5,8,Emilia-Romagna,Emilia-Romagna,4459477,4492424,100.74,0.54
642,2021-05-08,EMR,32375,15108,17267,20405,11430,540,ITH,ITH5,8,Emilia-Romagna,Emilia-Romagna,4459477,4524799,101.46,0.73
643,2021-01-28,EMR,10258,3341,6917,347,9911,0,ITH,ITH5,8,Emilia-Romagna,Emilia-Romagna,4459477,4535057,101.69,0.23
644,2021-03-18,EMR,13669,5801,7868,5585,8006,78,ITH,ITH5,8,Emilia-Romagna,Emilia-Romagna,4459477,4548726,102.0,0.31
645,2021-05-14,EMR,37336,17197,20139,26789,9651,896,ITH,ITH5,8,Emilia-Romagna,Emilia-Romagna,4459477,4586062,102.84,0.84
646,2021-02-03,EMR,9344,2990,6354,960,8383,1,ITH,ITH5,8,Emilia-Romagna,Emilia-Romagna,4459477,4595406,103.05,0.21
647,2021-04-01,EMR,23962,10775,13187,19072,4554,336,ITH,ITH5,8,Emilia-Romagna,Emilia-Romagna,4459477,4619368,103.59,0.54
648,2021-02-17,EMR,6539,2764,3775,5755,772,12,ITH,ITH5,8,Emilia-Romagna,Emilia-Romagna,4459477,4625907,103.73,0.15
649,2021-06-01,EMR,27185,13107,14078,16869,9924,392,ITH,ITH5,8,Emilia-Romagna,Emilia-Romagna,4459477,4653092,104.34,0.61
650,2021-07-28,EMR,38586,20680,17906,13992,23973,621,ITH,ITH5,8,Emilia-Romagna,Emilia-Romagna,4459477,4691678,105.21,0.87
651,2021-04-12,EMR,19251,9010,10241,14447,4449,355,ITH,ITH5,8,Emilia-Romagna,Emilia-Romagna,4459477,4710929,105.64,0.43
652,2021-06-08,EMR,45088,23075,22013,36882,7500,706,ITH,ITH5,8,Emilia-Romagna,Emilia-Romagna,4459477,4756017,106.65,1.01
653,2021-08-04,EMR,35198,18762,16436,13008,21649,541,ITH,ITH5,8,Emilia-Romagna,Emilia-Romagna,4459477,4791215,107.44,0.79
654,2021-07-21,EMR,43636,23270,20366,10794,32246,596,ITH,ITH5,8,Emilia-Romagna,Emilia-Romagna,4459477,4834851,108.42,0.98
655,2021-04-19,EMR,20917,9802,11115,14335,6284,298,ITH,ITH5,8,Emilia-Romagna,Emilia-Romagna,4459477,4855768,108.89,0.47
656,2021-01-09,EMR,9990,3456,6534,9985,0,5,ITH,ITH5,8,Emilia-Romagna,Emilia-Romagna,4459477,4865758,109.11,0.22
657,2021-06-15,EMR,43856,22633,21223,27950,15060,846,ITH,ITH5,8,Emilia-Romagna,Emilia-Romagna,4459477,4909614,110.09,0.98
658,2021-03-07,EMR,7843,2958,4885,6288,1523,32,ITH,ITH5,8,Emilia-Romagna,Emilia-Romagna,4459477,4917457,110.27,0.18
659,2021-05-03,EMR,28733,13568,15165,17395,10885,453,ITH,ITH5,8,Emilia-Romagna,Emilia-Romagna,4459477,4946190,110.91,0.64
660,2021-02-28,EMR,6819,2526,4293,4955,1846,18,ITH,ITH5,8,Emilia-Romagna,Emilia-Romagna,4459477,4953009,111.07,0.15
661,2021-04-26,EMR,27914,12940,14974,18040,9324,550,ITH,ITH5,8,Emilia-Romagna,Emilia-Romagna,4459477,4980923,111.69,0.63
662,2021-01-16,EMR,5629,1717,3912,5628,0,1,ITH,ITH5,8,Emilia-Romagna,Emilia-Romagna,4459477,4986552,111.82,0.13
663,2021-03-14,EMR,8804,3840,4964,4942,3799,63,ITH,ITH5,8,Emilia-Romagna,Emilia-Romagna,4459477,4995356,112.02,0.2
664,2021-01-27,EMR,8366,2950,5416,461,7905,0,ITH,ITH5,8,Emilia-Romagna,Emilia-Romagna,4459477,5003722,112.2,0.19
665,2021-07-31,EMR,36137,19180,16957,12157,23324,656,ITH,ITH5,8,Emilia-Romagna,Emilia-Romagna,4459477,5039859,113.01,0.81
666,2021-05-28,EMR,41282,18956,22326,17272,23413,597,ITH,ITH5,8,Emilia-Romagna,Emilia-Romagna,4459477,5081141,113.94,0.93
667,2021-04-22,EMR,29056,13453,15603,14615,14078,363,ITH,ITH5,8,Emilia-Romagna,Emilia-Romagna,4459477,5110197,114.59,0.65
668,2021-01-12,EMR,9478,3124,6354,9469,0,9,ITH,ITH5,8,Emilia-Romagna,Emilia-Romagna,4459477,5119675,114.8,0.21
669,2021-07-16,EMR,49757,26261,23496,7056,42048,653,ITH,ITH5,8,Emilia-Romagna,Emilia-Romagna,4459477,5169432,115.92,1.12
670,2021-06-27,EMR,29561,14874,14687,16208,12726,627,ITH,ITH5,8,Emilia-Romagna,Emilia-Romagna,4459477,5198993,116.58,0.66
671,2021-07-14,EMR,47936,24519,23417,5587,41810,539,ITH,ITH5,8,Emilia-Romagna,Emilia-Romagna,4459477,5246929,117.66,1.07
672,2021-04-05,EMR,14851,6807,8044,11786,2893,172,ITH,ITH5,8,Emilia-Romagna,Emilia-Romagna,4459477,5261780,117.99,0.33
673,2021-08-02,EMR,38456,20323,18133,14753,23066,637,ITH,ITH5,8,Emilia-Romagna,Emilia-Romagna,4459477,5300236,118.85,0.86
674,2021-04-24,EMR,28644,13247,15397,14058,14238,348,ITH,ITH5,8,Emilia-Romagna,Emilia-Romagna,4459477,5328880,119.5,0.64
675,2021-05-11,EMR,35802,16798,19004,27856,7262,684,ITH,ITH5,8,Emilia-Romagna,Emilia-Romagna,4459477,5364682,120.3,0.8
676,2021-01-31,EMR,7702,2766,4936,239,7463,0,ITH,ITH5,8,Emilia-Romagna,Emilia-Romagna,4459477,5372384,120.47,0.17
677,2021-06-29,EMR,37695,18593,19102,18193,18786,716,ITH,ITH5,8,Emilia-Romagna,Emilia-Romagna,4459477,5410079,121.32,0.85
678,2021-03-21,EMR,11949,5290,6659,7262,4606,81,ITH,ITH5,8,Emilia-Romagna,Emilia-Romagna,4459477,5422028,121.58,0.27
679,2021-06-10,EMR,45072,23147,21925,38748,5378,946,ITH,ITH5,8,Emilia-Romagna,Emilia-Romagna,4459477,5467100,122.6,1.01
680,2021-03-02,EMR,12661,4274,8387,10516,2089,56,ITH,ITH5,8,Emilia-Romagna,Emilia-Romagna,4459477,5479761,122.88,0.28
681,2021-03-19,EMR,15915,6966,8949,7794,7969,152,ITH,ITH5,8,Emilia-Romagna,Emilia-Romagna,4459477,5495676,123.24,0.36
682,2021-04-07,EMR,26877,12301,14576,20479,6071,327,ITH,ITH5,8,Emilia-Romagna,Emilia-Romagna,4459477,5522553,123.84,0.6
683,2021-01-14,EMR,8131,2595,5536,8122,0,9,ITH,ITH5,8,Emilia-Romagna,Emilia-Romagna,4459477,5530684,124.02,0.18
684,2021-08-11,MAR,7573,4100,3473,3172,4165,236,ITI,ITI3,11,Marche,Marche,1525271,7573,0.5,0.5
685,2021-06-15,MAR,13192,6567,6625,9823,3052,317,ITI,ITI3,11,Marche,Marche,1525271,20765,1.36,0.86
686,2021-01-12,MAR,1234,418,816,1221,0,13,ITI,ITI3,11,Marche,Marche,1525271,21999,1.44,0.08
687,2021-06-22,MAR,13219,6482,6737,6475,6461,283,ITI,ITI3,11,Marche,Marche,1525271,35218,2.31,0.87
688,2021-04-26,MAR,9171,4062,5109,6023,3022,126,ITI,ITI3,11,Marche,Marche,1525271,44389,2.91,0.6
689,2021-03-24,MAR,7081,3009,4072,3295,3716,70,ITI,ITI3,11,Marche,Marche,1525271,51470,3.37,0.46
690,2021-06-01,MAR,12056,6157,5899,9682,2089,285,ITI,ITI3,11,Marche,Marche,1525271,63526,4.16,0.79
691,2021-03-10,MAR,5712,2442,3270,4480,1180,52,ITI,ITI3,11,Marche,Marche,1525271,69238,4.54,0.37
692,2021-02-21,MAR,376,141,235,363,1,12,ITI,ITI3,11,Marche,Marche,1525271,69614,4.56,0.02
693,2021-04-05,MAR,5703,2367,3336,4357,1269,77,ITI,ITI3,11,Marche,Marche,1525271,75317,4.94,0.37
694,2021-06-27,MAR,9953,4822,5131,4491,5291,171,ITI,ITI3,11,Marche,Marche,1525271,85270,5.59,0.65
695,2021-03-19,MAR,3881,1621,2260,325,3544,12,ITI,ITI3,11,Marche,Marche,1525271,89151,5.84,0.25
696,2021-03-17,MAR,3476,1525,1951,105,3369,2,ITI,ITI3,11,Marche,Marche,1525271,92627,6.07,0.23
697,2021-05-20,MAR,12684,5961,6723,7537,4896,251,ITI,ITI3,11,Marche,Marche,1525271,105311,6.9,0.83
698,2021-02-07,MAR,1872,735,1137,331,1529,12,ITI,ITI3,11,Marche,Marche,1525271,107183,7.03,0.12
699,2021-07-23,MAR,15540,8279,7261,2529,12787,224,ITI,ITI3,11,Marche,Marche,1525271,122723,8.05,1.02
700,2021-08-06,MAR,11705,6354,5351,4146,7278,281,ITI,ITI3,11,Marche,Marche,1525271,134428,8.81,0.77
701,2021-05-15,MAR,14119,6441,7678,7831,6043,245,ITI,ITI3,11,Marche,Marche,1525271,148547,9.74,0.93
702,2021-02-19,MAR,2002,739,1263,1826,135,41,ITI,ITI3,11,Marche,Marche,1525271,150549,9.87,0.13
703,2021-05-27,MAR,13733,6818,6915,9180,4301,252,ITI,ITI3,11,Marche,Marche,1525271,164282,10.77,0.9
704,2021-03-31,MAR,7377,3090,4287,4268,3023,86,ITI,ITI3,11,Marche,Marche,1525271,171659,11.25,0.48
705,2021-07-09,MAR,14902,7502,7400,2556,12132,214,ITI,ITI3,11,Marche,Marche,1525271,186561,12.23,0.98
706,2021-01-26,MAR,2022,747,1275,76,1937,9,ITI,ITI3,11,Marche,Marche,1525271,188583,12.36,0.13
707,2021-07-11,MAR,10399,5221,5178,1607,8656,136,ITI,ITI3,11,Marche,Marche,1525271,198982,13.05,0.68
708,2021-04-19,MAR,9605,4500,5105,7902,1583,120,ITI,ITI3,11,Marche,Marche,1525271,208587,13.68,0.63
709,2021-07-28,MAR,14195,7369,6826,3249,10714,232,ITI,ITI3,11,Marche,Marche,1525271,222782,14.61,0.93
710,2021-01-19,MAR,233,87,146,140,90,3,ITI,ITI3,11,Marche,Marche,1525271,223015,14.62,0.02
711,2021-02-02,MAR,1193,398,795,70,1123,0,ITI,ITI3,11,Marche,Marche,1525271,224208,14.7,0.08
712,2021-05-13,MAR,12613,5699,6914,6829,5507,277,ITI,ITI3,11,Marche,Marche,1525271,236821,15.53,0.83
713,2021-04-12,MAR,8570,3773,4797,7936,482,152,ITI,ITI3,11,Marche,Marche,1525271,245391,16.09,0.56
714,2021-01-02,MAR,458,143,315,456,0,2,ITI,ITI3,11,Marche,Marche,1525271,245849,16.12,0.03
715,2021-08-04,MAR,12001,6379,5622,4060,7699,242,ITI,ITI3,11,Marche,Marche,1525271,257850,16.91,0.79
716,2021-01-23,MAR,557,190,367,118,436,3,ITI,ITI3,11,Marche,Marche,1525271,258407,16.94,0.04
717,2021-06-29,MAR,13371,6599,6772,4929,8215,227,ITI,ITI3,11,Marche,Marche,1525271,271778,17.82,0.88
718,2021-05-03,MAR,10410,4690,5720,4859,5413,138,ITI,ITI3,11,Marche,Marche,1525271,282188,18.5,0.68
719,2021-02-28,MAR,2836,1251,1585,2822,6,8,ITI,ITI3,11,Marche,Marche,1525271,285024,18.69,0.19
720,2021-06-08,MAR,14097,7094,7003,11197,2609,291,ITI,ITI3,11,Marche,Marche,1525271,299121,19.61,0.92
721,2021-07-04,MAR,10896,5445,5451,3204,7530,162,ITI,ITI3,11,Marche,Marche,1525271,310017,20.33,0.71
722,2020-12-31,MAR,392,184,208,390,0,2,ITI,ITI3,11,Marche,Marche,1525271,310409,20.35,0.03
723,2021-02-04,MAR,2387,844,1543,107,2275,5,ITI,ITI3,11,Marche,Marche,1525271,312796,20.51,0.16
724,2021-07-18,MAR,12124,6310,5814,1333,10673,118,ITI,ITI3,11,Marche,Marche,1525271,324920,21.3,0.79
725,2021-01-31,MAR,1922,772,1150,94,1824,4,ITI,ITI3,11,Marche,Marche,1525271,326842,21.43,0.13
726,2021-04-07,MAR,8842,3920,4922,8345,368,129,ITI,ITI3,11,Marche,Marche,1525271,335684,22.01,0.58
727,2021-02-09,MAR,125,42,83,46,79,0,ITI,ITI3,11,Marche,Marche,1525271,335809,22.02,0.01
728,2021-07-16,MAR,15837,8238,7599,1844,13735,258,ITI,ITI3,11,Marche,Marche,1525271,351646,23.05,1.04
729,2021-06-12,MAR,13782,7316,6466,12105,1345,332,ITI,ITI3,11,Marche,Marche,1525271,365428,23.96,0.9
730,2021-04-16,MAR,10084,4703,5381,9360,525,199,ITI,ITI3,11,Marche,Marche,1525271,375512,24.62,0.66
731,2021-03-29,MAR,5894,2581,3313,3391,2455,48,ITI,ITI3,11,Marche,Marche,1525271,381406,25.01,0.39
732,2021-06-03,MAR,14638,7483,7155,12081,2252,305,ITI,ITI3,11,Marche,Marche,1525271,396044,25.97,0.96
733,2021-02-18,MAR,2145,786,1359,1807,288,50,ITI,ITI3,11,Marche,Marche,1525271,398189,26.11,0.14
734,2021-05-29,MAR,12876,6240,6636,8117,4541,218,ITI,ITI3,11,Marche,Marche,1525271,411065,26.95,0.84
735,2021-03-28,MAR,4126,1740,2386,2397,1691,38,ITI,ITI3,11,Marche,Marche,1525271,415191,27.22,0.27
736,2021-01-30,MAR,1905,668,1237,25,1880,0,ITI,ITI3,11,Marche,Marche,1525271,417096,27.35,0.12
737,2021-05-10,MAR,9453,4338,5115,4768,4554,131,ITI,ITI3,11,Marche,Marche,1525271,426549,27.97,0.62
738,2021-03-14,MAR,2499,1032,1467,1897,592,10,ITI,ITI3,11,Marche,Marche,1525271,429048,28.13,0.16
739,2021-03-07,MAR,5180,2107,3073,4378,754,48,ITI,ITI3,11,Marche,Marche,1525271,434228,28.47,0.34
740,2021-08-08,MAR,5635,3019,2616,1679,3845,111,ITI,ITI3,11,Marche,Marche,1525271,439863,28.84,0.37
741,2021-07-06,MAR,13962,6920,7042,3142,10597,223,ITI,ITI3,11,Marche,Marche,1525271,453825,29.75,0.92
742,2021-07-20,MAR,14397,7436,6961,1770,12453,174,ITI,ITI3,11,Marche,Marche,1525271,468222,30.7,0.94
743,2021-01-16,MAR,2039,734,1305,1988,0,51,ITI,ITI3,11,Marche,Marche,1525271,470261,30.83,0.13
744,2021-02-14,MAR,739,301,438,727,0,12,ITI,ITI3,11,Marche,Marche,1525271,471000,30.88,0.05
745,2021-08-16,MAR,5169,2783,2386,2989,2021,159,ITI,ITI3,11,Marche,Marche,1525271,476169,31.22,0.34
746,2021-05-08,MAR,12290,5485,6805,4856,7262,172,ITI,ITI3,11,Marche,Marche,1525271,488459,32.02,0.81
747,2021-07-30,MAR,14710,7864,6846,4865,9557,288,ITI,ITI3,11,Marche,Marche,1525271,503169,32.99,0.96
748,2021-01-09,MAR,1717,606,1111,1697,0,20,ITI,ITI3,11,Marche,Marche,1525271,504886,33.1,0.11
749,2021-01-18,MAR,696,237,459,536,149,11,ITI,ITI3,11,Marche,Marche,1525271,505582,33.15,0.05
750,2021-04-28,MAR,10932,4981,5951,6025,4736,171,ITI,ITI3,11,Marche,Marche,1525271,516514,33.86,0.72
751,2021-03-26,MAR,6392,2627,3765,3476,2858,58,ITI,ITI3,11,Marche,Marche,1525271,522906,34.28,0.42
752,2021-06-19,MAR,14692,7402,7290,7749,6678,265,ITI,ITI3,11,Marche,Marche,1525271,537598,35.25,0.96
753,2021-05-31,MAR,11780,5943,5837,8599,2929,252,ITI,ITI3,11,Marche,Marche,1525271,549378,36.02,0.77
754,2021-05-17,MAR,12046,5649,6397,7472,4354,220,ITI,ITI3,11,Marche,Marche,1525271,561424,36.81,0.79
755,2021-04-30,MAR,14162,6204,7958,5403,8569,190,ITI,ITI3,11,Marche,Marche,1525271,575586,37.74,0.93
756,2021-04-11,MAR,7119,3118,4001,6693,287,139,ITI,ITI3,11,Marche,Marche,1525271,582705,38.2,0.47
757,2021-03-11,MAR,6636,2824,3812,5146,1411,79,ITI,ITI3,11,Marche,Marche,1525271,589341,38.64,0.44
758,2021-03-25,MAR,6702,2794,3908,3190,3456,56,ITI,ITI3,11,Marche,Marche,1525271,596043,39.08,0.44
759,2021-07-03,MAR,13843,6991,6852,4136,9395,312,ITI,ITI3,11,Marche,Marche,1525271,609886,39.99,0.91
760,2021-07-25,MAR,9350,4932,4418,1005,8248,97,ITI,ITI3,11,Marche,Marche,1525271,619236,40.6,0.61
761,2021-01-04,MAR,1526,574,952,1514,0,12,ITI,ITI3,11,Marche,Marche,1525271,620762,40.7,0.1
762,2021-04-14,MAR,10222,4566,5656,9664,370,188,ITI,ITI3,11,Marche,Marche,1525271,630984,41.37,0.67
763,2020-12-30,MAR,17,5,12,17,0,0,ITI,ITI3,11,Marche,Marche,1525271,631001,41.37,0.0
764,2021-02-16,MAR,1287,475,812,1225,30,32,ITI,ITI3,11,Marche,Marche,1525271,632288,41.45,0.08
765,2021-02-25,MAR,3561,1465,2096,3320,181,60,ITI,ITI3,11,Marche,Marche,1525271,635849,41.69,0.23
766,2021-08-01,MAR,7493,4047,3446,1832,5576,85,ITI,ITI3,11,Marche,Marche,1525271,643342,42.18,0.49
767,2021-06-05,MAR,13944,7011,6933,11519,2059,366,ITI,ITI3,11,Marche,Marche,1525271,657286,43.09,0.91
768,2021-04-23,MAR,11315,5221,6094,8098,3055,162,ITI,ITI3,11,Marche,Marche,1525271,668601,43.83,0.74
769,2021-02-23,MAR,3314,1432,1882,3243,56,15,ITI,ITI3,11,Marche,Marche,1525271,671915,44.05,0.22
770,2021-01-15,MAR,1772,500,1272,1755,0,17,ITI,ITI3,11,Marche,Marche,1525271,673687,44.17,0.12
771,2021-04-25,MAR,8599,3993,4606,6893,1575,131,ITI,ITI3,11,Marche,Marche,1525271,682286,44.73,0.56
772,2021-08-03,MAR,10879,5737,5142,4030,6583,266,ITI,ITI3,11,Marche,Marche,1525271,693165,45.45,0.71
773,2021-08-12,MAR,8017,4329,3688,3888,3768,361,ITI,ITI3,11,Marche,Marche,1525271,701182,45.97,0.53
774,2021-01-13,MAR,2111,746,1365,2070,0,41,ITI,ITI3,11,Marche,Marche,1525271,703293,46.11,0.14
775,2021-05-02,MAR,8905,3939,4966,3083,5740,82,ITI,ITI3,11,Marche,Marche,1525271,712198,46.69,0.58
776,2021-08-10,MAR,9202,4815,4387,3336,5590,276,ITI,ITI3,11,Marche,Marche,1525271,721400,47.3,0.6
777,2021-02-20,MAR,4163,1733,2430,4042,111,10,ITI,ITI3,11,Marche,Marche,1525271,725563,47.57,0.27
778,2021-01-20,MAR,406,100,306,384,20,2,ITI,ITI3,11,Marche,Marche,1525271,725969,47.6,0.03
779,2021-02-03,MAR,2126,742,1384,97,2008,21,ITI,ITI3,11,Marche,Marche,1525271,728095,47.74,0.14
780,2021-05-14,MAR,13637,6294,7343,6509,6913,215,ITI,ITI3,11,Marche,Marche,1525271,741732,48.63,0.89
781,2021-07-02,MAR,14552,7177,7375,4674,9647,231,ITI,ITI3,11,Marche,Marche,1525271,756284,49.58,0.95
782,2021-06-18,MAR,15345,7647,7698,8294,6751,300,ITI,ITI3,11,Marche,Marche,1525271,771629,50.59,1.01
783,2021-08-07,MAR,9454,5193,4261,3475,5742,237,ITI,ITI3,11,Marche,Marche,1525271,781083,51.21,0.62
784,2021-07-21,MAR,14920,7618,7302,2065,12642,213,ITI,ITI3,11,Marche,Marche,1525271,796003,52.19,0.98
785,2021-04-29,MAR,13448,6158,7290,7166,6103,179,ITI,ITI3,11,Marche,Marche,1525271,809451,53.07,0.88
786,2021-03-21,MAR,4505,1873,2632,1614,2876,15,ITI,ITI3,11,Marche,Marche,1525271,813956,53.36,0.3
787,2021-02-06,MAR,2462,901,1561,512,1941,9,ITI,ITI3,11,Marche,Marche,1525271,816418,53.53,0.16
788,2021-07-17,MAR,15137,7792,7345,1384,13542,211,ITI,ITI3,11,Marche,Marche,1525271,831555,54.52,0.99
789,2021-05-21,MAR,13908,6593,7315,7226,6471,211,ITI,ITI3,11,Marche,Marche,1525271,845463,55.43,0.91
790,2021-04-02,MAR,6893,2987,3906,6045,739,109,ITI,ITI3,11,Marche,Marche,1525271,852356,55.88,0.45
791,2021-03-16,MAR,3520,1522,1998,285,3229,6,ITI,ITI3,11,Marche,Marche,1525271,855876,56.11,0.23
792,2021-06-24,MAR,13831,6671,7160,6187,7373,271,ITI,ITI3,11,Marche,Marche,1525271,869707,57.02,0.91
793,2021-01-11,MAR,1182,413,769,1164,0,18,ITI,ITI3,11,Marche,Marche,1525271,870889,57.1,0.08
794,2021-04-21,MAR,10786,4970,5816,9432,1196,158,ITI,ITI3,11,Marche,Marche,1525271,881675,57.8,0.71
795,2021-01-28,MAR,2088,725,1363,162,1925,1,ITI,ITI3,11,Marche,Marche,1525271,883763,57.94,0.14
796,2021-04-04,MAR,3836,1798,2038,2616,1169,51,ITI,ITI3,11,Marche,Marche,1525271,887599,58.19,0.25
797,2021-07-13,MAR,14852,7278,7574,1458,13265,129,ITI,ITI3,11,Marche,Marche,1525271,902451,59.17,0.97
798,2021-06-09,MAR,14279,7417,6862,12108,1869,302,ITI,ITI3,11,Marche,Marche,1525271,916730,60.1,0.94
799,2021-06-28,MAR,12358,6025,6333,4613,7508,237,ITI,ITI3,11,Marche,Marche,1525271,929088,60.91,0.81
800,2021-03-22,MAR,5701,2410,3291,2480,3176,45,ITI,ITI3,11,Marche,Marche,1525271,934789,61.29,0.37
801,2021-01-24,MAR,881,339,542,4,877,0,ITI,ITI3,11,Marche,Marche,1525271,935670,61.34,0.06
802,2021-06-30,MAR,13652,6666,6986,4454,8987,211,ITI,ITI3,11,Marche,Marche,1525271,949322,62.24,0.9
803,2021-05-04,MAR,10974,4840,6134,4927,5904,143,ITI,ITI3,11,Marche,Marche,1525271,960296,62.96,0.72
804,2021-03-20,MAR,4179,1759,2420,1036,3129,14,ITI,ITI3,11,Marche,Marche,1525271,964475,63.23,0.27
805,2021-01-22,MAR,489,168,321,193,294,2,ITI,ITI3,11,Marche,Marche,1525271,964964,63.27,0.03
806,2021-07-07,MAR,14257,7068,7189,2936,11080,241,ITI,ITI3,11,Marche,Marche,1525271,979221,64.2,0.93
807,2021-04-09,MAR,9573,4192,5381,9158,200,215,ITI,ITI3,11,Marche,Marche,1525271,988794,64.83,0.63
808,2021-07-27,MAR,14362,7530,6832,3033,11103,226,ITI,ITI3,11,Marche,Marche,1525271,1003156,65.77,0.94
809,2021-01-06,MAR,2212,804,1408,2193,0,19,ITI,ITI3,11,Marche,Marche,1525271,1005368,65.91,0.15
810,2021-03-04,MAR,6539,2894,3645,5084,1395,60,ITI,ITI3,11,Marche,Marche,1525271,1011907,66.34,0.43
811,2021-03-13,MAR,5807,2681,3126,1765,4002,40,ITI,ITI3,11,Marche,Marche,1525271,1017714,66.72,0.38
812,2021-08-17,MAR,6120,3252,2868,2482,3459,179,ITI,ITI3,11,Marche,Marche,1525271,1023834,67.12,0.4
813,2021-06-21,MAR,12605,6184,6421,5480,6879,246,ITI,ITI3,11,Marche,Marche,1525271,1036439,67.95,0.83
814,2021-05-09,MAR,8866,4022,4844,3560,5228,78,ITI,ITI3,11,Marche,Marche,1525271,1045305,68.53,0.58
815,2021-03-06,MAR,5738,2641,3097,4421,1268,49,ITI,ITI3,11,Marche,Marche,1525271,1051043,68.91,0.38
816,2021-06-14,MAR,12839,6486,6353,9259,3310,270,ITI,ITI3,11,Marche,Marche,1525271,1063882,69.75,0.84
817,2021-01-29,MAR,1994,731,1263,157,1832,5,ITI,ITI3,11,Marche,Marche,1525271,1065876,69.88,0.13
818,2021-05-18,MAR,11271,5347,5924,7490,3602,179,ITI,ITI3,11,Marche,Marche,1525271,1077147,70.62,0.74
819,2021-05-11,MAR,10622,4831,5791,5490,4942,190,ITI,ITI3,11,Marche,Marche,1525271,1087769,71.32,0.7
820,2021-06-17,MAR,15198,7561,7637,8798,6104,296,ITI,ITI3,11,Marche,Marche,1525271,1102967,72.31,1.0
821,2021-03-09,MAR,5432,2294,3138,4464,881,87,ITI,ITI3,11,Marche,Marche,1525271,1108399,72.67,0.36
822,2021-07-22,MAR,15747,8047,7700,2020,13486,241,ITI,ITI3,11,Marche,Marche,1525271,1124146,73.7,1.03
823,2021-04-13,MAR,9839,4261,5578,9405,234,200,ITI,ITI3,11,Marche,Marche,1525271,1133985,74.35,0.65
824,2021-07-05,MAR,13169,6510,6659,2921,10076,172,ITI,ITI3,11,Marche,Marche,1525271,1147154,75.21,0.86
825,2021-06-16,MAR,13755,6912,6843,9127,4365,263,ITI,ITI3,11,Marche,Marche,1525271,1160909,76.11,0.9
826,2021-06-02,MAR,11901,5938,5963,11029,676,196,ITI,ITI3,11,Marche,Marche,1525271,1172810,76.89,0.78
827,2021-02-22,MAR,3461,1532,1929,3351,75,35,ITI,ITI3,11,Marche,Marche,1525271,1176271,77.12,0.23
828,2021-05-28,MAR,13964,6742,7222,8802,4864,298,ITI,ITI3,11,Marche,Marche,1525271,1190235,78.03,0.92
829,2021-04-01,MAR,7579,3184,4395,4068,3417,94,ITI,ITI3,11,Marche,Marche,1525271,1197814,78.53,0.5
830,2021-07-24,MAR,13273,7118,6155,2944,10072,257,ITI,ITI3,11,Marche,Marche,1525271,1211087,79.4,0.87
831,2021-07-10,MAR,14159,7232,6927,1656,12300,203,ITI,ITI3,11,Marche,Marche,1525271,1225246,80.33,0.93
832,2021-06-07,MAR,13321,6589,6732,10568,2450,303,ITI,ITI3,11,Marche,Marche,1525271,1238567,81.2,0.87
833,2021-02-27,MAR,3402,1457,1945,3159,209,34,ITI,ITI3,11,Marche,Marche,1525271,1241969,81.43,0.22
834,2021-03-18,MAR,3438,1505,1933,150,3276,12,ITI,ITI3,11,Marche,Marche,1525271,1245407,81.65,0.23
835,2021-06-26,MAR,13576,6905,6671,5688,7671,217,ITI,ITI3,11,Marche,Marche,1525271,1258983,82.54,0.89
836,2021-05-23,MAR,9210,4284,4926,7414,1672,124,ITI,ITI3,11,Marche,Marche,1525271,1268193,83.15,0.6
837,2021-05-06,MAR,12657,5824,6833,5363,7072,222,ITI,ITI3,11,Marche,Marche,1525271,1280850,83.98,0.83
838,2021-02-12,MAR,1581,618,963,1404,151,26,ITI,ITI3,11,Marche,Marche,1525271,1282431,84.08,0.1
839,2021-08-14,MAR,2402,1380,1022,1035,1318,49,ITI,ITI3,11,Marche,Marche,1525271,1284833,84.24,0.16
840,2021-02-10,MAR,1440,452,988,1039,359,42,ITI,ITI3,11,Marche,Marche,1525271,1286273,84.33,0.09
841,2021-04-22,MAR,10800,4931,5869,9081,1579,140,ITI,ITI3,11,Marche,Marche,1525271,1297073,85.04,0.71
842,2021-02-24,MAR,3534,1547,1987,3424,78,32,ITI,ITI3,11,Marche,Marche,1525271,1300607,85.27,0.23
843,2021-06-04,MAR,14339,7290,7049,11589,2440,310,ITI,ITI3,11,Marche,Marche,1525271,1314946,86.21,0.94
844,2021-04-08,MAR,9203,4032,5171,8681,368,154,ITI,ITI3,11,Marche,Marche,1525271,1324149,86.81,0.6
845,2021-08-05,MAR,11904,6392,5512,4080,7558,266,ITI,ITI3,11,Marche,Marche,1525271,1336053,87.59,0.78
846,2021-03-27,MAR,7426,3097,4329,4959,2394,73,ITI,ITI3,11,Marche,Marche,1525271,1343479,88.08,0.49
847,2021-04-10,MAR,10931,4626,6305,10378,314,239,ITI,ITI3,11,Marche,Marche,1525271,1354410,88.8,0.72
848,2021-01-03,MAR,912,358,554,902,0,10,ITI,ITI3,11,Marche,Marche,1525271,1355322,88.86,0.06
849,2021-07-19,MAR,14676,7531,7145,1927,12535,214,ITI,ITI3,11,Marche,Marche,1525271,1369998,89.82,0.96
850,2021-03-08,MAR,6297,2759,3538,5186,1002,109,ITI,ITI3,11,Marche,Marche,1525271,1376295,90.23,0.41
851,2021-01-21,MAR,920,262,658,575,328,17,ITI,ITI3,11,Marche,Marche,1525271,1377215,90.29,0.06
852,2021-05-01,MAR,9324,3925,5399,3499,5748,77,ITI,ITI3,11,Marche,Marche,1525271,1386539,90.9,0.61
853,2021-03-05,MAR,6228,2876,3352,4694,1469,65,ITI,ITI3,11,Marche,Marche,1525271,1392767,91.31,0.41
854,2021-03-15,MAR,4450,2060,2390,1291,3138,21,ITI,ITI3,11,Marche,Marche,1525271,1397217,91.6,0.29
855,2021-06-23,MAR,13892,6817,7075,6625,7010,257,ITI,ITI3,11,Marche,Marche,1525271,1411109,92.52,0.91
856,2021-01-07,MAR,1814,639,1175,1797,0,17,ITI,ITI3,11,Marche,Marche,1525271,1412923,92.63,0.12
857,2021-03-12,MAR,4682,2000,2682,3347,1280,55,ITI,ITI3,11,Marche,Marche,1525271,1417605,92.94,0.31
858,2021-01-14,MAR,2016,696,1320,1992,0,24,ITI,ITI3,11,Marche,Marche,1525271,1419621,93.07,0.13
859,2021-06-20,MAR,11158,5546,5612,5991,4985,182,ITI,ITI3,11,Marche,Marche,1525271,1430779,93.8,0.73
860,2021-03-03,MAR,6701,3076,3625,5718,885,98,ITI,ITI3,11,Marche,Marche,1525271,1437480,94.24,0.44
861,2021-01-05,MAR,1583,592,991,1564,0,19,ITI,ITI3,11,Marche,Marche,1525271,1439063,94.35,0.1
862,2021-04-15,MAR,10378,4676,5702,9577,564,237,ITI,ITI3,11,Marche,Marche,1525271,1449441,95.03,0.68
863,2021-02-17,MAR,1828,701,1127,1642,118,68,ITI,ITI3,11,Marche,Marche,1525271,1451269,95.15,0.12
864,2021-02-05,MAR,2157,655,1502,437,1719,1,ITI,ITI3,11,Marche,Marche,1525271,1453426,95.29,0.14
865,2021-05-16,MAR,10899,4958,5941,6549,4230,120,ITI,ITI3,11,Marche,Marche,1525271,1464325,96.0,0.71
866,2021-05-30,MAR,9733,4690,5043,6546,2990,197,ITI,ITI3,11,Marche,Marche,1525271,1474058,96.64,0.64
867,2021-04-24,MAR,12170,5365,6805,7559,4465,146,ITI,ITI3,11,Marche,Marche,1525271,1486228,97.44,0.8
868,2021-02-26,MAR,3677,1523,2154,3097,476,104,ITI,ITI3,11,Marche,Marche,1525271,1489905,97.68,0.24
869,2021-05-12,MAR,10430,4692,5738,4736,5503,191,ITI,ITI3,11,Marche,Marche,1525271,1500335,98.37,0.68
870,2021-07-08,MAR,15040,7539,7501,2788,12027,225,ITI,ITI3,11,Marche,Marche,1525271,1515375,99.35,0.99
871,2021-06-11,MAR,14001,7156,6845,11374,2322,305,ITI,ITI3,11,Marche,Marche,1525271,1529376,100.27,0.92
872,2021-05-25,MAR,11767,5798,5969,8497,3050,220,ITI,ITI3,11,Marche,Marche,1525271,1541143,101.04,0.77
873,2021-03-01,MAR,3772,1520,2252,3503,248,21,ITI,ITI3,11,Marche,Marche,1525271,1544915,101.29,0.25
874,2021-04-27,MAR,9593,4390,5203,5509,3989,95,ITI,ITI3,11,Marche,Marche,1525271,1554508,101.92,0.63
875,2021-01-17,MAR,1623,695,928,1553,64,6,ITI,ITI3,11,Marche,Marche,1525271,1556131,102.02,0.11
876,2021-07-01,MAR,14695,7366,7329,4661,9756,278,ITI,ITI3,11,Marche,Marche,1525271,1570826,102.99,0.96
877,2021-02-15,MAR,967,412,555,939,13,15,ITI,ITI3,11,Marche,Marche,1525271,1571793,103.05,0.06
878,2021-05-26,MAR,11889,5952,5937,8449,3226,214,ITI,ITI3,11,Marche,Marche,1525271,1583682,103.83,0.78
879,2021-03-30,MAR,7484,3078,4406,4579,2832,73,ITI,ITI3,11,Marche,Marche,1525271,1591166,104.32,0.49
880,2021-02-01,MAR,1362,479,883,93,1266,3,ITI,ITI3,11,Marche,Marche,1525271,1592528,104.41,0.09
881,2021-04-06,MAR,8876,3693,5183,7930,810,136,ITI,ITI3,11,Marche,Marche,1525271,1601404,104.99,0.58
882,2021-03-23,MAR,5838,2556,3282,2226,3576,36,ITI,ITI3,11,Marche,Marche,1525271,1607242,105.37,0.38
883,2021-02-08,MAR,834,259,575,366,463,5,ITI,ITI3,11,Marche,Marche,1525271,1608076,105.43,0.05
884,2021-07-15,MAR,16008,8286,7722,1750,14030,228,ITI,ITI3,11,Marche,Marche,1525271,1624084,106.48,1.05
885,2021-05-19,MAR,11662,5364,6298,8368,3098,196,ITI,ITI3,11,Marche,Marche,1525271,1635746,107.24,0.76
886,2021-04-17,MAR,11705,5317,6388,10400,1073,232,ITI,ITI3,11,Marche,Marche,1525271,1647451,108.01,0.77
887,2021-07-26,MAR,11032,5738,5294,2110,8717,205,ITI,ITI3,11,Marche,Marche,1525271,1658483,108.73,0.72
888,2021-08-09,MAR,9094,4828,4266,4051,4770,273,ITI,ITI3,11,Marche,Marche,1525271,1667577,109.33,0.6
889,2021-06-13,MAR,10752,5566,5186,9205,1298,249,ITI,ITI3,11,Marche,Marche,1525271,1678329,110.03,0.7
890,2020-12-27,MAR,209,100,109,207,0,2,ITI,ITI3,11,Marche,Marche,1525271,1678538,110.05,0.01
891,2021-08-02,MAR,11723,6207,5516,4599,6866,258,ITI,ITI3,11,Marche,Marche,1525271,1690261,110.82,0.77
892,2021-06-06,MAR,12452,6137,6315,10638,1578,236,ITI,ITI3,11,Marche,Marche,1525271,1702713,111.63,0.82
893,2021-03-02,MAR,5002,1967,3035,4371,566,65,ITI,ITI3,11,Marche,Marche,1525271,1707715,111.96,0.33
894,2021-06-10,MAR,14930,7695,7235,12575,2013,342,ITI,ITI3,11,Marche,Marche,1525271,1722645,112.94,0.98
895,2021-08-15,MAR,225,112,113,205,13,7,ITI,ITI3,11,Marche,Marche,1525271,1722870,112.96,0.01
896,2021-05-24,MAR,10997,5192,5805,7956,2864,177,ITI,ITI3,11,Marche,Marche,1525271,1733867,113.68,0.72
897,2021-05-22,MAR,11939,5720,6219,7320,4448,171,ITI,ITI3,11,Marche,Marche,1525271,1745806,114.46,0.78
898,2021-02-11,MAR,1987,657,1330,1557,389,41,ITI,ITI3,11,Marche,Marche,1525271,1747793,114.59,0.13
899,2021-05-05,MAR,11694,5321,6373,5105,6430,159,ITI,ITI3,11,Marche,Marche,1525271,1759487,115.36,0.77
900,2021-08-13,MAR,6752,3760,2992,3389,3151,212,ITI,ITI3,11,Marche,Marche,1525271,1766239,115.8,0.44
901,2021-05-07,MAR,12834,5800,7034,3568,9181,85,ITI,ITI3,11,Marche,Marche,1525271,1779073,116.64,0.84
902,2021-02-13,MAR,1093,462,631,988,82,23,ITI,ITI3,11,Marche,Marche,1525271,1780166,116.71,0.07
903,2021-01-27,MAR,2120,779,1341,113,2005,2,ITI,ITI3,11,Marche,Marche,1525271,1782286,116.85,0.14
904,2021-04-20,MAR,10754,5028,5726,9152,1470,132,ITI,ITI3,11,Marche,Marche,1525271,1793040,117.56,0.71
905,2021-07-29,MAR,14841,7878,6963,4579,9951,311,ITI,ITI3,11,Marche,Marche,1525271,1807881,118.53,0.97
906,2021-01-25,MAR,1596,558,1038,89,1507,0,ITI,ITI3,11,Marche,Marche,1525271,1809477,118.63,0.1
907,2021-01-08,MAR,1582,592,990,1567,0,15,ITI,ITI3,11,Marche,Marche,1525271,1811059,118.74,0.1
908,2021-04-18,MAR,8824,4132,4692,7733,921,170,ITI,ITI3,11,Marche,Marche,1525271,1819883,119.32,0.58
909,2021-07-31,MAR,13200,7250,5950,5142,7728,330,ITI,ITI3,11,Marche,Marche,1525271,1833083,120.18,0.87
910,2021-07-14,MAR,13849,6819,7030,1784,11874,191,ITI,ITI3,11,Marche,Marche,1525271,1846932,121.09,0.91
911,2021-01-10,MAR,1746,702,1044,1732,0,14,ITI,ITI3,11,Marche,Marche,1525271,1848678,121.2,0.11
912,2021-07-12,MAR,13722,6804,6918,1228,12376,118,ITI,ITI3,11,Marche,Marche,1525271,1862400,122.1,0.9
913,2021-04-03,MAR,7575,3204,4371,6736,667,172,ITI,ITI3,11,Marche,Marche,1525271,1869975,122.6,0.5
914,2021-06-25,MAR,14344,7171,7173,6420,7636,288,ITI,ITI3,11,Marche,Marche,1525271,1884319,123.54,0.94
915,2021-07-20,FVG,9331,4891,4440,2384,6646,301,ITH,ITH4,6,Friuli-Venezia Giulia,Friuli Venezia Giulia,1215220,9331,0.77,0.77
916,2021-08-03,FVG,9866,5169,4697,4956,4535,375,ITH,ITH4,6,Friuli-Venezia Giulia,Friuli Venezia Giulia,1215220,19197,1.58,0.81
917,2021-04-11,FVG,3432,1518,1914,2414,906,112,ITH,ITH4,6,Friuli-Venezia Giulia,Friuli Venezia Giulia,1215220,22629,1.86,0.28
918,2021-06-07,FVG,9211,4774,4437,7845,996,370,ITH,ITH4,6,Friuli-Venezia Giulia,Friuli Venezia Giulia,1215220,31840,2.62,0.76
919,2021-03-28,FVG,4943,2355,2588,4689,158,96,ITH,ITH4,6,Friuli-Venezia Giulia,Friuli Venezia Giulia,1215220,36783,3.03,0.41
920,2021-01-18,FVG,1962,606,1356,1868,94,0,ITH,ITH4,6,Friuli-Venezia Giulia,Friuli Venezia Giulia,1215220,38745,3.19,0.16
921,2021-01-04,FVG,1507,558,949,1507,0,0,ITH,ITH4,6,Friuli-Venezia Giulia,Friuli Venezia Giulia,1215220,40252,3.31,0.12
922,2021-05-24,FVG,11457,5545,5912,7525,3633,299,ITH,ITH4,6,Friuli-Venezia Giulia,Friuli Venezia Giulia,1215220,51709,4.26,0.94
923,2021-02-13,FVG,566,179,387,558,6,2,ITH,ITH4,6,Friuli-Venezia Giulia,Friuli Venezia Giulia,1215220,52275,4.3,0.05
924,2021-03-02,FVG,4222,1519,2703,2701,1500,21,ITH,ITH4,6,Friuli-Venezia Giulia,Friuli Venezia Giulia,1215220,56497,4.65,0.35
925,2021-03-04,FVG,3455,1599,1856,2765,661,29,ITH,ITH4,6,Friuli-Venezia Giulia,Friuli Venezia Giulia,1215220,59952,4.93,0.28
926,2021-06-12,FVG,8219,4711,3508,6801,1161,257,ITH,ITH4,6,Friuli-Venezia Giulia,Friuli Venezia Giulia,1215220,68171,5.61,0.68
927,2021-04-28,FVG,7326,3236,4090,3685,3506,135,ITH,ITH4,6,Friuli-Venezia Giulia,Friuli Venezia Giulia,1215220,75497,6.21,0.6
928,2021-01-23,FVG,815,323,492,4,811,0,ITH,ITH4,6,Friuli-Venezia Giulia,Friuli Venezia Giulia,1215220,76312,6.28,0.07
929,2021-07-08,FVG,13084,7078,6006,1352,11550,182,ITH,ITH4,6,Friuli-Venezia Giulia,Friuli Venezia Giulia,1215220,89396,7.36,1.08
930,2021-02-04,FVG,2727,808,1919,35,2692,0,ITH,ITH4,6,Friuli-Venezia Giulia,Friuli Venezia Giulia,1215220,92123,7.58,0.22
931,2021-08-08,FVG,4219,2293,1926,1813,2311,95,ITH,ITH4,6,Friuli-Venezia Giulia,Friuli Venezia Giulia,1215220,96342,7.93,0.35
932,2021-04-30,FVG,7404,3267,4137,3573,3659,172,ITH,ITH4,6,Friuli-Venezia Giulia,Friuli Venezia Giulia,1215220,103746,8.54,0.61
933,2021-06-24,FVG,11094,5658,5436,1896,9093,105,ITH,ITH4,6,Friuli-Venezia Giulia,Friuli Venezia Giulia,1215220,114840,9.45,0.91
934,2021-03-16,FVG,3189,1300,1889,1024,2083,82,ITH,ITH4,6,Friuli-Venezia Giulia,Friuli Venezia Giulia,1215220,118029,9.71,0.26
935,2021-05-12,FVG,11173,5170,6003,9353,1422,398,ITH,ITH4,6,Friuli-Venezia Giulia,Friuli Venezia Giulia,1215220,129202,10.63,0.92
936,2021-01-30,FVG,2281,745,1536,270,2011,0,ITH,ITH4,6,Friuli-Venezia Giulia,Friuli Venezia Giulia,1215220,131483,10.82,0.19
937,2021-07-13,FVG,11016,5682,5334,1121,9745,150,ITH,ITH4,6,Friuli-Venezia Giulia,Friuli Venezia Giulia,1215220,142499,11.73,0.91
938,2021-02-06,FVG,1154,338,816,21,1132,1,ITH,ITH4,6,Friuli-Venezia Giulia,Friuli Venezia Giulia,1215220,143653,11.82,0.09
939,2021-02-23,FVG,2644,1277,1367,2456,181,7,ITH,ITH4,6,Friuli-Venezia Giulia,Friuli Venezia Giulia,1215220,146297,12.04,0.22
940,2021-05-17,FVG,8839,4106,4733,6083,2493,263,ITH,ITH4,6,Friuli-Venezia Giulia,Friuli Venezia Giulia,1215220,155136,12.77,0.73
941,2021-03-09,FVG,4019,1726,2293,1241,2754,24,ITH,ITH4,6,Friuli-Venezia Giulia,Friuli Venezia Giulia,1215220,159155,13.1,0.33
942,2021-05-31,FVG,8949,4441,4508,6477,2223,249,ITH,ITH4,6,Friuli-Venezia Giulia,Friuli Venezia Giulia,1215220,168104,13.83,0.74
943,2021-07-27,FVG,9346,4692,4654,2482,6625,239,ITH,ITH4,6,Friuli-Venezia Giulia,Friuli Venezia Giulia,1215220,177450,14.6,0.77
944,2021-02-27,FVG,3535,1202,2333,3517,1,17,ITH,ITH4,6,Friuli-Venezia Giulia,Friuli Venezia Giulia,1215220,180985,14.89,0.29
945,2021-04-25,FVG,2380,991,1389,2186,13,181,ITH,ITH4,6,Friuli-Venezia Giulia,Friuli Venezia Giulia,1215220,183365,15.09,0.2
946,2021-03-21,FVG,2675,1002,1673,2215,410,50,ITH,ITH4,6,Friuli-Venezia Giulia,Friuli Venezia Giulia,1215220,186040,15.31,0.22
947,2021-01-27,FVG,1272,426,846,449,821,2,ITH,ITH4,6,Friuli-Venezia Giulia,Friuli Venezia Giulia,1215220,187312,15.41,0.1
948,2021-05-07,FVG,10902,4990,5912,7178,3536,188,ITH,ITH4,6,Friuli-Venezia Giulia,Friuli Venezia Giulia,1215220,198214,16.31,0.9
949,2021-06-19,FVG,8553,4455,4098,1343,7144,66,ITH,ITH4,6,Friuli-Venezia Giulia,Friuli Venezia Giulia,1215220,206767,17.01,0.7
950,2021-03-11,FVG,3482,1519,1963,1713,1754,15,ITH,ITH4,6,Friuli-Venezia Giulia,Friuli Venezia Giulia,1215220,210249,17.3,0.29
951,2021-05-05,FVG,9795,4277,5518,6078,3476,241,ITH,ITH4,6,Friuli-Venezia Giulia,Friuli Venezia Giulia,1215220,220044,18.11,0.81
952,2021-01-25,FVG,1586,568,1018,194,1392,0,ITH,ITH4,6,Friuli-Venezia Giulia,Friuli Venezia Giulia,1215220,221630,18.24,0.13
953,2021-07-01,FVG,12366,6434,5932,2633,9480,253,ITH,ITH4,6,Friuli-Venezia Giulia,Friuli Venezia Giulia,1215220,233996,19.26,1.02
954,2021-03-23,FVG,3899,1690,2209,1738,2143,18,ITH,ITH4,6,Friuli-Venezia Giulia,Friuli Venezia Giulia,1215220,237895,19.58,0.32
955,2021-01-16,FVG,1231,361,870,1231,0,0,ITH,ITH4,6,Friuli-Venezia Giulia,Friuli Venezia Giulia,1215220,239126,19.68,0.1
956,2021-07-03,FVG,11415,6089,5326,1093,10174,148,ITH,ITH4,6,Friuli-Venezia Giulia,Friuli Venezia Giulia,1215220,250541,20.62,0.94
957,2021-03-25,FVG,5539,2428,3111,3330,2139,70,ITH,ITH4,6,Friuli-Venezia Giulia,Friuli Venezia Giulia,1215220,256080,21.07,0.46
958,2021-05-19,FVG,12104,5969,6135,9317,2356,431,ITH,ITH4,6,Friuli-Venezia Giulia,Friuli Venezia Giulia,1215220,268184,22.07,1.0
959,2021-03-14,FVG,1400,552,848,1122,252,26,ITH,ITH4,6,Friuli-Venezia Giulia,Friuli Venezia Giulia,1215220,269584,22.18,0.12
960,2021-04-08,FVG,7468,3234,4234,5406,1930,132,ITH,ITH4,6,Friuli-Venezia Giulia,Friuli Venezia Giulia,1215220,277052,22.8,0.61
961,2021-05-21,FVG,11234,5026,6208,7907,2985,342,ITH,ITH4,6,Friuli-Venezia Giulia,Friuli Venezia Giulia,1215220,288286,23.72,0.92
962,2021-01-15,FVG,2020,605,1415,2019,0,1,ITH,ITH4,6,Friuli-Venezia Giulia,Friuli Venezia Giulia,1215220,290306,23.89,0.17
963,2021-04-18,FVG,6051,2809,3242,5418,407,226,ITH,ITH4,6,Friuli-Venezia Giulia,Friuli Venezia Giulia,1215220,296357,24.39,0.5
964,2021-01-08,FVG,2323,747,1576,2323,0,0,ITH,ITH4,6,Friuli-Venezia Giulia,Friuli Venezia Giulia,1215220,298680,24.58,0.19
965,2021-06-14,FVG,10297,4997,5300,5180,4830,287,ITH,ITH4,6,Friuli-Venezia Giulia,Friuli Venezia Giulia,1215220,308977,25.43,0.85
966,2021-02-20,FVG,2073,937,1136,1926,144,3,ITH,ITH4,6,Friuli-Venezia Giulia,Friuli Venezia Giulia,1215220,311050,25.6,0.17
967,2021-06-04,FVG,12139,6222,5917,10297,1445,397,ITH,ITH4,6,Friuli-Venezia Giulia,Friuli Venezia Giulia,1215220,323189,26.6,1.0
968,2021-07-05,FVG,9539,4845,4694,1310,8086,143,ITH,ITH4,6,Friuli-Venezia Giulia,Friuli Venezia Giulia,1215220,332728,27.38,0.78
969,2021-06-21,FVG,9207,4498,4709,1821,7249,137,ITH,ITH4,6,Friuli-Venezia Giulia,Friuli Venezia Giulia,1215220,341935,28.14,0.76
970,2021-03-13,FVG,2946,1125,1821,1659,1274,13,ITH,ITH4,6,Friuli-Venezia Giulia,Friuli Venezia Giulia,1215220,344881,28.38,0.24
971,2021-06-26,FVG,10354,5274,5080,4166,6166,22,ITH,ITH4,6,Friuli-Venezia Giulia,Friuli Venezia Giulia,1215220,355235,29.23,0.85
972,2021-04-21,FVG,7778,3469,4309,4015,3682,81,ITH,ITH4,6,Friuli-Venezia Giulia,Friuli Venezia Giulia,1215220,363013,29.87,0.64
973,2021-01-11,FVG,1883,608,1275,1882,0,1,ITH,ITH4,6,Friuli-Venezia Giulia,Friuli Venezia Giulia,1215220,364896,30.03,0.15
974,2021-07-15,FVG,10068,5128,4940,936,8887,245,ITH,ITH4,6,Friuli-Venezia Giulia,Friuli Venezia Giulia,1215220,374964,30.86,0.83
975,2021-04-23,FVG,7487,3385,4102,3478,3872,137,ITH,ITH4,6,Friuli-Venezia Giulia,Friuli Venezia Giulia,1215220,382451,31.47,0.62
976,2021-08-01,FVG,3470,1865,1605,1347,1870,253,ITH,ITH4,6,Friuli-Venezia Giulia,Friuli Venezia Giulia,1215220,385921,31.76,0.29
977,2021-04-13,FVG,7383,3295,4088,5649,1607,127,ITH,ITH4,6,Friuli-Venezia Giulia,Friuli Venezia Giulia,1215220,393304,32.36,0.61
978,2021-01-03,FVG,313,123,190,313,0,0,ITH,ITH4,6,Friuli-Venezia Giulia,Friuli Venezia Giulia,1215220,393617,32.39,0.03
979,2021-07-22,FVG,7656,4047,3609,3204,4140,312,ITH,ITH4,6,Friuli-Venezia Giulia,Friuli Venezia Giulia,1215220,401273,33.02,0.63
980,2021-01-20,FVG,748,320,428,13,735,0,ITH,ITH4,6,Friuli-Venezia Giulia,Friuli Venezia Giulia,1215220,402021,33.08,0.06
981,2021-07-24,FVG,6103,3288,2815,2860,3066,177,ITH,ITH4,6,Friuli-Venezia Giulia,Friuli Venezia Giulia,1215220,408124,33.58,0.5
982,2021-08-10,FVG,7086,3943,3143,5075,1637,374,ITH,ITH4,6,Friuli-Venezia Giulia,Friuli Venezia Giulia,1215220,415210,34.17,0.58
983,2021-05-02,FVG,6902,3250,3652,3803,2959,140,ITH,ITH4,6,Friuli-Venezia Giulia,Friuli Venezia Giulia,1215220,422112,34.74,0.57
984,2021-05-16,FVG,10017,4794,5223,8370,1403,244,ITH,ITH4,6,Friuli-Venezia Giulia,Friuli Venezia Giulia,1215220,432129,35.56,0.82
985,2021-06-18,FVG,10954,5407,5547,3398,7301,255,ITH,ITH4,6,Friuli-Venezia Giulia,Friuli Venezia Giulia,1215220,443083,36.46,0.9
986,2021-03-10,FVG,3597,1705,1892,1744,1796,57,ITH,ITH4,6,Friuli-Venezia Giulia,Friuli Venezia Giulia,1215220,446680,36.76,0.3
987,2021-02-24,FVG,2531,1093,1438,2502,18,11,ITH,ITH4,6,Friuli-Venezia Giulia,Friuli Venezia Giulia,1215220,449211,36.97,0.21
988,2021-03-27,FVG,5381,2921,2460,3922,1411,48,ITH,ITH4,6,Friuli-Venezia Giulia,Friuli Venezia Giulia,1215220,454592,37.41,0.44
989,2021-03-30,FVG,7543,3378,4165,6267,1146,130,ITH,ITH4,6,Friuli-Venezia Giulia,Friuli Venezia Giulia,1215220,462135,38.03,0.62
990,2021-07-10,FVG,8789,4532,4257,140,8623,26,ITH,ITH4,6,Friuli-Venezia Giulia,Friuli Venezia Giulia,1215220,470924,38.75,0.72
991,2021-02-10,FVG,1350,496,854,1264,86,0,ITH,ITH4,6,Friuli-Venezia Giulia,Friuli Venezia Giulia,1215220,472274,38.86,0.11
992,2021-07-17,FVG,7359,3949,3410,606,6669,84,ITH,ITH4,6,Friuli-Venezia Giulia,Friuli Venezia Giulia,1215220,479633,39.47,0.61
993,2021-02-01,FVG,2104,690,1414,17,2087,0,ITH,ITH4,6,Friuli-Venezia Giulia,Friuli Venezia Giulia,1215220,481737,39.64,0.17
994,2021-05-14,FVG,10826,5385,5441,7927,2604,295,ITH,ITH4,6,Friuli-Venezia Giulia,Friuli Venezia Giulia,1215220,492563,40.53,0.89
995,2021-02-03,FVG,2649,792,1857,22,2626,1,ITH,ITH4,6,Friuli-Venezia Giulia,Friuli Venezia Giulia,1215220,495212,40.75,0.22
996,2021-02-08,FVG,2358,694,1664,90,2267,1,ITH,ITH4,6,Friuli-Venezia Giulia,Friuli Venezia Giulia,1215220,497570,40.94,0.19
997,2021-06-13,FVG,8696,4527,4169,5194,3328,174,ITH,ITH4,6,Friuli-Venezia Giulia,Friuli Venezia Giulia,1215220,506266,41.66,0.72
998,2021-07-26,FVG,8474,4217,4257,1700,6557,217,ITH,ITH4,6,Friuli-Venezia Giulia,Friuli Venezia Giulia,1215220,514740,42.36,0.7
999,2021-04-17,FVG,7464,3239,4225,5817,1484,163,ITH,ITH4,6,Friuli-Venezia Giulia,Friuli Venezia Giulia,1215220,522204,42.97,0.61
1000,2021-07-28,FVG,10218,5199,5019,3721,6020,477,ITH,ITH4,6,Friuli-Venezia Giulia,Friuli Venezia Giulia,1215220,532422,43.81,0.84
1001,2021-07-19,FVG,9420,4925,4495,843,8422,155,ITH,ITH4,6,Friuli-Venezia Giulia,Friuli Venezia Giulia,1215220,541842,44.59,0.78
1002,2021-04-10,FVG,5053,2212,2841,3748,1228,77,ITH,ITH4,6,Friuli-Venezia Giulia,Friuli Venezia Giulia,1215220,546895,45.0,0.42
1003,2021-05-23,FVG,10284,4862,5422,5919,4154,211,ITH,ITH4,6,Friuli-Venezia Giulia,Friuli Venezia Giulia,1215220,557179,45.85,0.85
1004,2021-04-15,FVG,6519,2880,3639,5092,1274,153,ITH,ITH4,6,Friuli-Venezia Giulia,Friuli Venezia Giulia,1215220,563698,46.39,0.54
1005,2021-04-29,FVG,6793,2990,3803,4013,2595,185,ITH,ITH4,6,Friuli-Venezia Giulia,Friuli Venezia Giulia,1215220,570491,46.95,0.56
1006,2021-01-05,FVG,1678,551,1127,1676,0,2,ITH,ITH4,6,Friuli-Venezia Giulia,Friuli Venezia Giulia,1215220,572169,47.08,0.14
1007,2021-08-07,FVG,4637,2494,2143,2579,1927,131,ITH,ITH4,6,Friuli-Venezia Giulia,Friuli Venezia Giulia,1215220,576806,47.47,0.38
1008,2021-02-05,FVG,2612,784,1828,89,2523,0,ITH,ITH4,6,Friuli-Venezia Giulia,Friuli Venezia Giulia,1215220,579418,47.68,0.21
1009,2021-04-14,FVG,7249,3134,4115,5408,1716,125,ITH,ITH4,6,Friuli-Venezia Giulia,Friuli Venezia Giulia,1215220,586667,48.28,0.6
1010,2021-07-06,FVG,11214,5852,5362,1353,9750,111,ITH,ITH4,6,Friuli-Venezia Giulia,Friuli Venezia Giulia,1215220,597881,49.2,0.92
1011,2021-07-23,FVG,8930,4571,4359,2917,5571,442,ITH,ITH4,6,Friuli-Venezia Giulia,Friuli Venezia Giulia,1215220,606811,49.93,0.73
1012,2021-06-03,FVG,12448,6750,5698,9923,2121,404,ITH,ITH4,6,Friuli-Venezia Giulia,Friuli Venezia Giulia,1215220,619259,50.96,1.02
1013,2021-01-19,FVG,6,2,4,6,0,0,ITH,ITH4,6,Friuli-Venezia Giulia,Friuli Venezia Giulia,1215220,619265,50.96,0.0
1014,2021-01-22,FVG,89,29,60,0,89,0,ITH,ITH4,6,Friuli-Venezia Giulia,Friuli Venezia Giulia,1215220,619354,50.97,0.01
1015,2021-03-06,FVG,3500,1196,2304,3143,325,32,ITH,ITH4,6,Friuli-Venezia Giulia,Friuli Venezia Giulia,1215220,622854,51.25,0.29
1016,2021-08-14,FVG,111,67,44,94,3,14,ITH,ITH4,6,Friuli-Venezia Giulia,Friuli Venezia Giulia,1215220,622965,51.26,0.01
1017,2021-06-09,FVG,11343,5969,5374,9492,1395,456,ITH,ITH4,6,Friuli-Venezia Giulia,Friuli Venezia Giulia,1215220,634308,52.2,0.93
1018,2021-03-01,FVG,2964,1044,1920,2888,53,23,ITH,ITH4,6,Friuli-Venezia Giulia,Friuli Venezia Giulia,1215220,637272,52.44,0.24
1019,2021-03-18,FVG,3377,1424,1953,1683,1686,8,ITH,ITH4,6,Friuli-Venezia Giulia,Friuli Venezia Giulia,1215220,640649,52.72,0.28
1020,2021-06-28,FVG,9909,4994,4915,2175,7705,29,ITH,ITH4,6,Friuli-Venezia Giulia,Friuli Venezia Giulia,1215220,650558,53.53,0.82
1021,2021-03-20,FVG,3406,1412,1994,1300,2092,14,ITH,ITH4,6,Friuli-Venezia Giulia,Friuli Venezia Giulia,1215220,653964,53.81,0.28
1022,2021-01-13,FVG,2651,835,1816,2650,0,1,ITH,ITH4,6,Friuli-Venezia Giulia,Friuli Venezia Giulia,1215220,656615,54.03,0.22
1023,2021-04-06,FVG,6684,3138,3546,5426,1153,105,ITH,ITH4,6,Friuli-Venezia Giulia,Friuli Venezia Giulia,1215220,663299,54.58,0.55
1024,2020-12-27,FVG,262,149,113,261,0,1,ITH,ITH4,6,Friuli-Venezia Giulia,Friuli Venezia Giulia,1215220,663561,54.6,0.02
1025,2021-01-07,FVG,2102,722,1380,2102,0,0,ITH,ITH4,6,Friuli-Venezia Giulia,Friuli Venezia Giulia,1215220,665663,54.78,0.17
1026,2021-03-05,FVG,3827,1542,2285,2718,1078,31,ITH,ITH4,6,Friuli-Venezia Giulia,Friuli Venezia Giulia,1215220,669490,55.09,0.31
1027,2021-04-19,FVG,6726,3139,3587,3212,3422,92,ITH,ITH4,6,Friuli-Venezia Giulia,Friuli Venezia Giulia,1215220,676216,55.65,0.55
1028,2021-01-09,FVG,2514,841,1673,2513,0,1,ITH,ITH4,6,Friuli-Venezia Giulia,Friuli Venezia Giulia,1215220,678730,55.85,0.21
1029,2021-06-15,FVG,12150,6184,5966,5349,6534,267,ITH,ITH4,6,Friuli-Venezia Giulia,Friuli Venezia Giulia,1215220,690880,56.85,1.0
1030,2021-03-07,FVG,2549,934,1615,2490,1,58,ITH,ITH4,6,Friuli-Venezia Giulia,Friuli Venezia Giulia,1215220,693429,57.06,0.21
1031,2020-12-31,FVG,1048,381,667,1047,0,1,ITH,ITH4,6,Friuli-Venezia Giulia,Friuli Venezia Giulia,1215220,694477,57.15,0.09
1032,2021-06-17,FVG,11426,5777,5649,2286,9035,105,ITH,ITH4,6,Friuli-Venezia Giulia,Friuli Venezia Giulia,1215220,705903,58.09,0.94
1033,2021-06-22,FVG,11595,5973,5622,2368,9099,128,ITH,ITH4,6,Friuli-Venezia Giulia,Friuli Venezia Giulia,1215220,717498,59.04,0.95
1034,2021-04-01,FVG,6425,3069,3356,5321,1016,88,ITH,ITH4,6,Friuli-Venezia Giulia,Friuli Venezia Giulia,1215220,723923,59.57,0.53
1035,2021-05-28,FVG,10643,5098,5545,6231,4133,279,ITH,ITH4,6,Friuli-Venezia Giulia,Friuli Venezia Giulia,1215220,734566,60.45,0.88
1036,2021-07-12,FVG,10010,5138,4872,1097,8757,156,ITH,ITH4,6,Friuli-Venezia Giulia,Friuli Venezia Giulia,1215220,744576,61.27,0.82
1037,2021-02-19,FVG,3263,1296,1967,2821,427,15,ITH,ITH4,6,Friuli-Venezia Giulia,Friuli Venezia Giulia,1215220,747839,61.54,0.27
1038,2021-04-24,FVG,6687,2951,3736,5206,1245,236,ITH,ITH4,6,Friuli-Venezia Giulia,Friuli Venezia Giulia,1215220,754526,62.09,0.55
1039,2021-06-06,FVG,9495,4631,4864,7652,1566,277,ITH,ITH4,6,Friuli-Venezia Giulia,Friuli Venezia Giulia,1215220,764021,62.87,0.78
1040,2021-02-26,FVG,3744,2101,1643,3562,148,34,ITH,ITH4,6,Friuli-Venezia Giulia,Friuli Venezia Giulia,1215220,767765,63.18,0.31
1041,2021-02-17,FVG,2361,1003,1358,1874,485,2,ITH,ITH4,6,Friuli-Venezia Giulia,Friuli Venezia Giulia,1215220,770126,63.37,0.19
1042,2021-05-30,FVG,11069,4996,6073,7235,3588,246,ITH,ITH4,6,Friuli-Venezia Giulia,Friuli Venezia Giulia,1215220,781195,64.28,0.91
1043,2021-08-06,FVG,6383,3346,3037,2276,3925,182,ITH,ITH4,6,Friuli-Venezia Giulia,Friuli Venezia Giulia,1215220,787578,64.81,0.53
1044,2021-08-11,FVG,7771,4108,3663,5074,2358,339,ITH,ITH4,6,Friuli-Venezia Giulia,Friuli Venezia Giulia,1215220,795349,65.45,0.64
1045,2021-05-03,FVG,7249,3298,3951,3346,3788,115,ITH,ITH4,6,Friuli-Venezia Giulia,Friuli Venezia Giulia,1215220,802598,66.05,0.6
1046,2021-01-14,FVG,2586,790,1796,2583,0,3,ITH,ITH4,6,Friuli-Venezia Giulia,Friuli Venezia Giulia,1215220,805184,66.26,0.21
1047,2021-08-13,FVG,3750,2102,1648,2597,955,198,ITH,ITH4,6,Friuli-Venezia Giulia,Friuli Venezia Giulia,1215220,808934,66.57,0.31
1048,2021-06-08,FVG,10512,5500,5012,9643,464,405,ITH,ITH4,6,Friuli-Venezia Giulia,Friuli Venezia Giulia,1215220,819446,67.43,0.87
1049,2021-02-28,FVG,2690,1004,1686,2267,394,29,ITH,ITH4,6,Friuli-Venezia Giulia,Friuli Venezia Giulia,1215220,822136,67.65,0.22
1050,2021-08-04,FVG,9052,4663,4389,4372,4368,312,ITH,ITH4,6,Friuli-Venezia Giulia,Friuli Venezia Giulia,1215220,831188,68.4,0.74
1051,2021-02-22,FVG,2487,1195,1292,2064,418,5,ITH,ITH4,6,Friuli-Venezia Giulia,Friuli Venezia Giulia,1215220,833675,68.6,0.2
1052,2021-06-02,FVG,9426,4959,4467,8835,282,309,ITH,ITH4,6,Friuli-Venezia Giulia,Friuli Venezia Giulia,1215220,843101,69.38,0.78
1053,2021-08-09,FVG,7751,4145,3606,2313,5254,184,ITH,ITH4,6,Friuli-Venezia Giulia,Friuli Venezia Giulia,1215220,850852,70.02,0.64
1054,2021-02-07,FVG,1566,482,1084,384,1181,1,ITH,ITH4,6,Friuli-Venezia Giulia,Friuli Venezia Giulia,1215220,852418,70.15,0.13
1055,2021-05-18,FVG,10849,5426,5423,8399,2091,359,ITH,ITH4,6,Friuli-Venezia Giulia,Friuli Venezia Giulia,1215220,863267,71.04,0.89
1056,2021-06-01,FVG,10126,5124,5002,7703,2125,298,ITH,ITH4,6,Friuli-Venezia Giulia,Friuli Venezia Giulia,1215220,873393,71.87,0.83
1057,2021-06-20,FVG,6517,3231,3286,1490,4936,91,ITH,ITH4,6,Friuli-Venezia Giulia,Friuli Venezia Giulia,1215220,879910,72.41,0.54
1058,2021-03-29,FVG,7032,3130,3902,5369,1588,75,ITH,ITH4,6,Friuli-Venezia Giulia,Friuli Venezia Giulia,1215220,886942,72.99,0.58
1059,2021-07-07,FVG,11304,5789,5515,1444,9732,128,ITH,ITH4,6,Friuli-Venezia Giulia,Friuli Venezia Giulia,1215220,898246,73.92,0.93
1060,2021-07-21,FVG,8394,4261,4133,2000,6128,266,ITH,ITH4,6,Friuli-Venezia Giulia,Friuli Venezia Giulia,1215220,906640,74.61,0.69
1061,2021-05-06,FVG,11956,5552,6404,7708,3974,274,ITH,ITH4,6,Friuli-Venezia Giulia,Friuli Venezia Giulia,1215220,918596,75.59,0.98
1062,2021-07-02,FVG,11104,5739,5365,2113,8799,192,ITH,ITH4,6,Friuli-Venezia Giulia,Friuli Venezia Giulia,1215220,929700,76.5,0.91
1063,2021-06-25,FVG,10976,5521,5455,2404,8550,22,ITH,ITH4,6,Friuli-Venezia Giulia,Friuli Venezia Giulia,1215220,940676,77.41,0.9
1064,2021-07-09,FVG,11926,6333,5593,2111,9526,289,ITH,ITH4,6,Friuli-Venezia Giulia,Friuli Venezia Giulia,1215220,952602,78.39,0.98
1065,2021-03-17,FVG,3239,1269,1970,736,2493,10,ITH,ITH4,6,Friuli-Venezia Giulia,Friuli Venezia Giulia,1215220,955841,78.66,0.27
1066,2021-05-13,FVG,11199,5409,5790,8739,2070,390,ITH,ITH4,6,Friuli-Venezia Giulia,Friuli Venezia Giulia,1215220,967040,79.58,0.92
1067,2021-02-12,FVG,1195,428,767,1142,49,4,ITH,ITH4,6,Friuli-Venezia Giulia,Friuli Venezia Giulia,1215220,968235,79.68,0.1
1068,2021-05-25,FVG,12942,6397,6545,9284,3317,341,ITH,ITH4,6,Friuli-Venezia Giulia,Friuli Venezia Giulia,1215220,981177,80.74,1.06
1069,2021-08-16,FVG,4664,2501,2163,2552,1856,256,ITH,ITH4,6,Friuli-Venezia Giulia,Friuli Venezia Giulia,1215220,985841,81.12,0.38
1070,2021-06-11,FVG,10916,5954,4962,9636,836,444,ITH,ITH4,6,Friuli-Venezia Giulia,Friuli Venezia Giulia,1215220,996757,82.02,0.9
1071,2021-03-03,FVG,3649,1637,2012,2344,1276,29,ITH,ITH4,6,Friuli-Venezia Giulia,Friuli Venezia Giulia,1215220,1000406,82.32,0.3
1072,2021-05-27,FVG,12846,6152,6694,7389,5236,221,ITH,ITH4,6,Friuli-Venezia Giulia,Friuli Venezia Giulia,1215220,1013252,83.38,1.06
1073,2021-02-16,FVG,2517,1135,1382,2397,116,4,ITH,ITH4,6,Friuli-Venezia Giulia,Friuli Venezia Giulia,1215220,1015769,83.59,0.21
1074,2021-03-24,FVG,3982,1723,2259,2462,1483,37,ITH,ITH4,6,Friuli-Venezia Giulia,Friuli Venezia Giulia,1215220,1019751,83.91,0.33
1075,2021-05-20,FVG,12720,6325,6395,9796,2524,400,ITH,ITH4,6,Friuli-Venezia Giulia,Friuli Venezia Giulia,1215220,1032471,84.96,1.05
1076,2021-05-15,FVG,12688,6119,6569,7689,4703,296,ITH,ITH4,6,Friuli-Venezia Giulia,Friuli Venezia Giulia,1215220,1045159,86.01,1.04
1077,2021-05-01,FVG,7205,3247,3958,5906,1045,254,ITH,ITH4,6,Friuli-Venezia Giulia,Friuli Venezia Giulia,1215220,1052364,86.6,0.59
1078,2021-01-21,FVG,897,345,552,1,896,0,ITH,ITH4,6,Friuli-Venezia Giulia,Friuli Venezia Giulia,1215220,1053261,86.67,0.07
1079,2021-02-21,FVG,801,281,520,421,378,2,ITH,ITH4,6,Friuli-Venezia Giulia,Friuli Venezia Giulia,1215220,1054062,86.74,0.07
1080,2021-02-18,FVG,3223,1497,1726,2797,408,18,ITH,ITH4,6,Friuli-Venezia Giulia,Friuli Venezia Giulia,1215220,1057285,87.0,0.27
1081,2021-04-02,FVG,6599,2930,3669,4632,1839,128,ITH,ITH4,6,Friuli-Venezia Giulia,Friuli Venezia Giulia,1215220,1063884,87.55,0.54
1082,2021-04-16,FVG,6973,3031,3942,4912,1927,134,ITH,ITH4,6,Friuli-Venezia Giulia,Friuli Venezia Giulia,1215220,1070857,88.12,0.57
1083,2021-04-26,FVG,5474,2455,3019,3703,1651,120,ITH,ITH4,6,Friuli-Venezia Giulia,Friuli Venezia Giulia,1215220,1076331,88.57,0.45
1084,2021-01-06,FVG,716,265,451,716,0,0,ITH,ITH4,6,Friuli-Venezia Giulia,Friuli Venezia Giulia,1215220,1077047,88.63,0.06
1085,2021-02-11,FVG,1932,664,1268,1736,193,3,ITH,ITH4,6,Friuli-Venezia Giulia,Friuli Venezia Giulia,1215220,1078979,88.79,0.16
1086,2021-04-09,FVG,7931,3665,4266,6505,1254,172,ITH,ITH4,6,Friuli-Venezia Giulia,Friuli Venezia Giulia,1215220,1086910,89.44,0.65
1087,2021-01-26,FVG,1978,648,1330,216,1761,1,ITH,ITH4,6,Friuli-Venezia Giulia,Friuli Venezia Giulia,1215220,1088888,89.6,0.16
1088,2021-02-09,FVG,1842,555,1287,1555,286,1,ITH,ITH4,6,Friuli-Venezia Giulia,Friuli Venezia Giulia,1215220,1090730,89.76,0.15
1089,2021-02-02,FVG,2471,807,1664,218,2253,0,ITH,ITH4,6,Friuli-Venezia Giulia,Friuli Venezia Giulia,1215220,1093201,89.96,0.2
1090,2021-03-31,FVG,8145,3573,4572,7171,850,124,ITH,ITH4,6,Friuli-Venezia Giulia,Friuli Venezia Giulia,1215220,1101346,90.63,0.67
1091,2021-07-04,FVG,9335,4789,4546,2888,6192,255,ITH,ITH4,6,Friuli-Venezia Giulia,Friuli Venezia Giulia,1215220,1110681,91.4,0.77
1092,2021-03-26,FVG,6020,2610,3410,3827,2019,174,ITH,ITH4,6,Friuli-Venezia Giulia,Friuli Venezia Giulia,1215220,1116701,91.89,0.5
1093,2021-03-12,FVG,4106,1699,2407,2699,1381,26,ITH,ITH4,6,Friuli-Venezia Giulia,Friuli Venezia Giulia,1215220,1120807,92.23,0.34
1094,2021-01-02,FVG,1217,470,747,1217,0,0,ITH,ITH4,6,Friuli-Venezia Giulia,Friuli Venezia Giulia,1215220,1122024,92.33,0.1
1095,2020-12-30,FVG,626,244,382,626,0,0,ITH,ITH4,6,Friuli-Venezia Giulia,Friuli Venezia Giulia,1215220,1122650,92.38,0.05
1096,2021-06-05,FVG,10330,5338,4992,8410,1551,369,ITH,ITH4,6,Friuli-Venezia Giulia,Friuli Venezia Giulia,1215220,1132980,93.23,0.85
1097,2021-02-25,FVG,3173,1655,1518,3113,29,31,ITH,ITH4,6,Friuli-Venezia Giulia,Friuli Venezia Giulia,1215220,1136153,93.49,0.26
1098,2021-06-16,FVG,12189,5913,6276,3899,8029,261,ITH,ITH4,6,Friuli-Venezia Giulia,Friuli Venezia Giulia,1215220,1148342,94.5,1.0
1099,2021-08-12,FVG,7742,4140,3602,4971,2471,300,ITH,ITH4,6,Friuli-Venezia Giulia,Friuli Venezia Giulia,1215220,1156084,95.13,0.64
1100,2021-06-23,FVG,12081,5844,6237,1995,9945,141,ITH,ITH4,6,Friuli-Venezia Giulia,Friuli Venezia Giulia,1215220,1168165,96.13,0.99
1101,2021-08-05,FVG,6904,3549,3355,3007,3681,216,ITH,ITH4,6,Friuli-Venezia Giulia,Friuli Venezia Giulia,1215220,1175069,96.7,0.57
1102,2021-04-27,FVG,8142,3740,4402,3549,4492,101,ITH,ITH4,6,Friuli-Venezia Giulia,Friuli Venezia Giulia,1215220,1183211,97.37,0.67
1103,2021-07-30,FVG,8926,4639,4287,2643,6010,273,ITH,ITH4,6,Friuli-Venezia Giulia,Friuli Venezia Giulia,1215220,1192137,98.1,0.73
1104,2021-01-28,FVG,2246,795,1451,355,1891,0,ITH,ITH4,6,Friuli-Venezia Giulia,Friuli Venezia Giulia,1215220,1194383,98.29,0.18
1105,2021-05-08,FVG,10331,4671,5660,5360,4788,183,ITH,ITH4,6,Friuli-Venezia Giulia,Friuli Venezia Giulia,1215220,1204714,99.14,0.85
1106,2021-02-14,FVG,1,0,1,0,1,0,ITH,ITH4,6,Friuli-Venezia Giulia,Friuli Venezia Giulia,1215220,1204715,99.14,0.0
1107,2021-05-10,FVG,8004,3554,4450,6223,1543,238,ITH,ITH4,6,Friuli-Venezia Giulia,Friuli Venezia Giulia,1215220,1212719,99.79,0.66
1108,2021-04-12,FVG,7287,3195,4092,5999,1136,152,ITH,ITH4,6,Friuli-Venezia Giulia,Friuli Venezia Giulia,1215220,1220006,100.39,0.6
1109,2021-05-04,FVG,9606,4334,5272,5994,3386,226,ITH,ITH4,6,Friuli-Venezia Giulia,Friuli Venezia Giulia,1215220,1229612,101.18,0.79
1110,2021-01-24,FVG,306,120,186,1,305,0,ITH,ITH4,6,Friuli-Venezia Giulia,Friuli Venezia Giulia,1215220,1229918,101.21,0.03
1111,2021-06-30,FVG,13180,6710,6470,1380,11627,173,ITH,ITH4,6,Friuli-Venezia Giulia,Friuli Venezia Giulia,1215220,1243098,102.29,1.08
1112,2021-03-08,FVG,4131,1646,2485,2026,2090,15,ITH,ITH4,6,Friuli-Venezia Giulia,Friuli Venezia Giulia,1215220,1247229,102.63,0.34
1113,2021-03-22,FVG,3666,1453,2213,1671,1956,39,ITH,ITH4,6,Friuli-Venezia Giulia,Friuli Venezia Giulia,1215220,1250895,102.94,0.3
1114,2021-01-17,FVG,1715,522,1193,1713,0,2,ITH,ITH4,6,Friuli-Venezia Giulia,Friuli Venezia Giulia,1215220,1252610,103.08,0.14
1115,2021-03-15,FVG,3955,1811,2144,1608,2324,23,ITH,ITH4,6,Friuli-Venezia Giulia,Friuli Venezia Giulia,1215220,1256565,103.4,0.33
1116,2021-05-11,FVG,9142,4395,4747,7121,1807,214,ITH,ITH4,6,Friuli-Venezia Giulia,Friuli Venezia Giulia,1215220,1265707,104.15,0.75
1117,2021-01-31,FVG,2723,840,1883,385,2338,0,ITH,ITH4,6,Friuli-Venezia Giulia,Friuli Venezia Giulia,1215220,1268430,104.38,0.22
1118,2021-05-29,FVG,12035,5852,6183,6787,4990,258,ITH,ITH4,6,Friuli-Venezia Giulia,Friuli Venezia Giulia,1215220,1280465,105.37,0.99
1119,2021-07-25,FVG,3854,2005,1849,1896,1853,105,ITH,ITH4,6,Friuli-Venezia Giulia,Friuli Venezia Giulia,1215220,1284319,105.69,0.32
1120,2021-07-11,FVG,6852,3578,3274,2376,4174,302,ITH,ITH4,6,Friuli-Venezia Giulia,Friuli Venezia Giulia,1215220,1291171,106.25,0.56
1121,2021-05-22,FVG,11595,5206,6389,7088,4241,266,ITH,ITH4,6,Friuli-Venezia Giulia,Friuli Venezia Giulia,1215220,1302766,107.2,0.95
1122,2021-07-18,FVG,5415,2928,2487,397,4993,25,ITH,ITH4,6,Friuli-Venezia Giulia,Friuli Venezia Giulia,1215220,1308181,107.65,0.45
1123,2021-05-09,FVG,7379,3316,4063,3374,3873,132,ITH,ITH4,6,Friuli-Venezia Giulia,Friuli Venezia Giulia,1215220,1315560,108.26,0.61
1124,2021-07-31,FVG,7329,3759,3570,1255,5983,91,ITH,ITH4,6,Friuli-Venezia Giulia,Friuli Venezia Giulia,1215220,1322889,108.86,0.6
1125,2021-08-17,FVG,2236,1208,1028,1685,396,155,ITH,ITH4,6,Friuli-Venezia Giulia,Friuli Venezia Giulia,1215220,1325125,109.04,0.18
1126,2021-05-26,FVG,13438,6709,6729,9648,3443,347,ITH,ITH4,6,Friuli-Venezia Giulia,Friuli Venezia Giulia,1215220,1338563,110.15,1.11
1127,2021-02-15,FVG,2459,914,1545,2199,254,6,ITH,ITH4,6,Friuli-Venezia Giulia,Friuli Venezia Giulia,1215220,1341022,110.35,0.2
1128,2021-07-29,FVG,9428,4801,4627,3051,6071,306,ITH,ITH4,6,Friuli-Venezia Giulia,Friuli Venezia Giulia,1215220,1350450,111.13,0.78
1129,2021-04-20,FVG,7138,3075,4063,3095,3916,127,ITH,ITH4,6,Friuli-Venezia Giulia,Friuli Venezia Giulia,1215220,1357588,111.72,0.59
1130,2021-01-10,FVG,2942,919,2023,2942,0,0,ITH,ITH4,6,Friuli-Venezia Giulia,Friuli Venezia Giulia,1215220,1360530,111.96,0.24
1131,2021-07-14,FVG,10870,5557,5313,1229,9446,195,ITH,ITH4,6,Friuli-Venezia Giulia,Friuli Venezia Giulia,1215220,1371400,112.85,0.89
1132,2021-04-05,FVG,2897,1440,1457,2822,15,60,ITH,ITH4,6,Friuli-Venezia Giulia,Friuli Venezia Giulia,1215220,1374297,113.09,0.24
1133,2021-01-12,FVG,2258,714,1544,2258,0,0,ITH,ITH4,6,Friuli-Venezia Giulia,Friuli Venezia Giulia,1215220,1376555,113.28,0.19
1134,2021-01-29,FVG,2414,814,1600,265,2149,0,ITH,ITH4,6,Friuli-Venezia Giulia,Friuli Venezia Giulia,1215220,1378969,113.47,0.2
1135,2021-04-22,FVG,6794,3090,3704,3033,3690,71,ITH,ITH4,6,Friuli-Venezia Giulia,Friuli Venezia Giulia,1215220,1385763,114.03,0.56
1136,2021-08-02,FVG,8898,4559,4339,2724,5901,273,ITH,ITH4,6,Friuli-Venezia Giulia,Friuli Venezia Giulia,1215220,1394661,114.77,0.73
1137,2021-04-03,FVG,4020,1992,2028,2625,1337,58,ITH,ITH4,6,Friuli-Venezia Giulia,Friuli Venezia Giulia,1215220,1398681,115.1,0.33
1138,2021-06-10,FVG,11555,6015,5540,9711,1464,380,ITH,ITH4,6,Friuli-Venezia Giulia,Friuli Venezia Giulia,1215220,1410236,116.05,0.95
1139,2021-03-19,FVG,3252,1350,1902,1300,1936,16,ITH,ITH4,6,Friuli-Venezia Giulia,Friuli Venezia Giulia,1215220,1413488,116.32,0.27
1140,2021-06-27,FVG,7621,3808,3813,3769,3829,23,ITH,ITH4,6,Friuli-Venezia Giulia,Friuli Venezia Giulia,1215220,1421109,116.94,0.63
1141,2021-06-29,FVG,11371,5797,5574,1226,10038,107,ITH,ITH4,6,Friuli-Venezia Giulia,Friuli Venezia Giulia,1215220,1432480,117.88,0.94
1142,2021-07-16,FVG,9772,5225,4547,1685,7931,156,ITH,ITH4,6,Friuli-Venezia Giulia,Friuli Venezia Giulia,1215220,1442252,118.68,0.8
1143,2021-04-07,FVG,7851,3639,4212,6946,786,119,ITH,ITH4,6,Friuli-Venezia Giulia,Friuli Venezia Giulia,1215220,1450103,119.33,0.65
1144,2021-07-11,PUG,12176,5756,6420,2590,9487,99,ITF,ITF4,16,Puglia,Puglia,4029053,12176,0.3,0.3
1145,2021-01-31,PUG,1820,833,987,73,1747,0,ITF,ITF4,16,Puglia,Puglia,4029053,13996,0.35,0.05
1146,2021-04-05,PUG,12767,6199,6568,12093,533,141,ITF,ITF4,16,Puglia,Puglia,4029053,26763,0.66,0.32
1147,2021-03-19,PUG,7984,3661,4323,3367,4581,36,ITF,ITF4,16,Puglia,Puglia,4029053,34747,0.86,0.2
1148,2021-06-27,PUG,18551,9213,9338,9959,8329,263,ITF,ITF4,16,Puglia,Puglia,4029053,53298,1.32,0.46
1149,2021-02-21,PUG,2178,475,1703,2065,63,50,ITF,ITF4,16,Puglia,Puglia,4029053,55476,1.38,0.05
1150,2021-06-01,PUG,35020,17538,17482,21633,12993,394,ITF,ITF4,16,Puglia,Puglia,4029053,90496,2.25,0.87
1151,2021-05-15,PUG,43684,19021,24663,22822,20152,710,ITF,ITF4,16,Puglia,Puglia,4029053,134180,3.33,1.08
1152,2021-06-03,PUG,50658,24572,26086,30522,19410,726,ITF,ITF4,16,Puglia,Puglia,4029053,184838,4.59,1.26
1153,2021-03-10,PUG,14843,6639,8204,11551,3135,157,ITF,ITF4,16,Puglia,Puglia,4029053,199681,4.96,0.37
1154,2021-04-19,PUG,27750,12892,14858,24366,3045,339,ITF,ITF4,16,Puglia,Puglia,4029053,227431,5.64,0.69
1155,2021-07-28,PUG,44838,22654,22184,14465,29467,906,ITF,ITF4,16,Puglia,Puglia,4029053,272269,6.76,1.11
1156,2021-04-24,PUG,29454,13418,16036,25168,3953,333,ITF,ITF4,16,Puglia,Puglia,4029053,301723,7.49,0.73
1157,2021-01-12,PUG,4221,1773,2448,4220,0,1,ITF,ITF4,16,Puglia,Puglia,4029053,305944,7.59,0.1
1158,2021-04-07,PUG,15731,7142,8589,8835,6697,199,ITF,ITF4,16,Puglia,Puglia,4029053,321675,7.98,0.39
1159,2021-07-16,PUG,46446,22532,23914,12923,32687,836,ITF,ITF4,16,Puglia,Puglia,4029053,368121,9.14,1.15
1160,2021-03-05,PUG,17723,7193,10530,15187,2316,220,ITF,ITF4,16,Puglia,Puglia,4029053,385844,9.58,0.44
1161,2021-02-26,PUG,13792,5065,8727,12521,1076,195,ITF,ITF4,16,Puglia,Puglia,4029053,399636,9.92,0.34
1162,2020-12-31,PUG,1637,784,853,1637,0,0,ITF,ITF4,16,Puglia,Puglia,4029053,401273,9.96,0.04
1163,2021-08-11,PUG,23337,11990,11347,11924,10404,1009,ITF,ITF4,16,Puglia,Puglia,4029053,424610,10.54,0.58
1164,2021-06-15,PUG,42703,20874,21829,22393,19716,594,ITF,ITF4,16,Puglia,Puglia,4029053,467313,11.6,1.06
1165,2021-06-08,PUG,39363,19168,20195,20951,17852,560,ITF,ITF4,16,Puglia,Puglia,4029053,506676,12.58,0.98
1166,2021-02-07,PUG,1581,669,912,253,1328,0,ITF,ITF4,16,Puglia,Puglia,4029053,508257,12.61,0.04
1167,2021-01-21,PUG,2132,905,1227,1268,862,2,ITF,ITF4,16,Puglia,Puglia,4029053,510389,12.67,0.05
1168,2021-05-01,PUG,27692,12688,15004,16717,10697,278,ITF,ITF4,16,Puglia,Puglia,4029053,538081,13.36,0.69
1169,2021-08-09,PUG,27624,14153,13471,11176,15585,863,ITF,ITF4,16,Puglia,Puglia,4029053,565705,14.04,0.69
1170,2021-01-02,PUG,2956,1305,1651,2956,0,0,ITF,ITF4,16,Puglia,Puglia,4029053,568661,14.11,0.07
1171,2021-04-12,PUG,29476,13866,15610,26139,3021,316,ITF,ITF4,16,Puglia,Puglia,4029053,598137,14.85,0.73
1172,2021-02-14,PUG,790,348,442,658,127,5,ITF,ITF4,16,Puglia,Puglia,4029053,598927,14.87,0.02
1173,2021-05-25,PUG,34802,16246,18556,20574,13642,586,ITF,ITF4,16,Puglia,Puglia,4029053,633729,15.73,0.86
1174,2021-05-08,PUG,54429,23039,31390,23974,29907,548,ITF,ITF4,16,Puglia,Puglia,4029053,688158,17.08,1.35
1175,2021-08-16,PUG,11398,6043,5355,6627,4186,585,ITF,ITF4,16,Puglia,Puglia,4029053,699556,17.36,0.28
1176,2021-05-29,PUG,30673,14457,16216,20591,9534,548,ITF,ITF4,16,Puglia,Puglia,4029053,730229,18.12,0.76
1177,2021-04-02,PUG,12856,6005,6851,8179,4526,151,ITF,ITF4,16,Puglia,Puglia,4029053,743085,18.44,0.32
1178,2021-03-29,PUG,13568,6618,6950,6609,6761,198,ITF,ITF4,16,Puglia,Puglia,4029053,756653,18.78,0.34
1179,2021-03-12,PUG,14311,6455,7856,10229,3944,138,ITF,ITF4,16,Puglia,Puglia,4029053,770964,19.14,0.36
1180,2021-06-20,PUG,21598,10856,10742,14058,7214,326,ITF,ITF4,16,Puglia,Puglia,4029053,792562,19.67,0.54
1181,2021-02-04,PUG,5934,2366,3568,1133,4798,3,ITF,ITF4,16,Puglia,Puglia,4029053,798496,19.82,0.15
1182,2021-07-30,PUG,36177,18583,17594,13080,22219,878,ITF,ITF4,16,Puglia,Puglia,4029053,834673,20.72,0.9
1183,2021-05-27,PUG,40971,19362,21609,22891,17402,678,ITF,ITF4,16,Puglia,Puglia,4029053,875644,21.73,1.02
1184,2021-01-14,PUG,4079,1593,2486,4078,0,1,ITF,ITF4,16,Puglia,Puglia,4029053,879723,21.83,0.1
1185,2021-01-07,PUG,5732,2467,3265,5732,0,0,ITF,ITF4,16,Puglia,Puglia,4029053,885455,21.98,0.14
1186,2021-04-17,PUG,40080,18996,21084,36072,3585,423,ITF,ITF4,16,Puglia,Puglia,4029053,925535,22.97,0.99
1187,2021-02-19,PUG,4749,2019,2730,4302,392,55,ITF,ITF4,16,Puglia,Puglia,4029053,930284,23.09,0.12
1188,2021-06-22,PUG,42510,20618,21892,19065,22874,571,ITF,ITF4,16,Puglia,Puglia,4029053,972794,24.14,1.06
1189,2021-04-26,PUG,26342,12070,14272,22714,3238,390,ITF,ITF4,16,Puglia,Puglia,4029053,999136,24.8,0.65
1190,2021-08-04,PUG,34774,17700,17074,12264,21442,1068,ITF,ITF4,16,Puglia,Puglia,4029053,1033910,25.66,0.86
1191,2021-06-13,PUG,21857,10944,10913,16358,5214,285,ITF,ITF4,16,Puglia,Puglia,4029053,1055767,26.2,0.54
1192,2021-02-28,PUG,6072,1809,4263,5805,191,76,ITF,ITF4,16,Puglia,Puglia,4029053,1061839,26.35,0.15
1193,2021-05-12,PUG,36643,16346,20297,23524,12536,583,ITF,ITF4,16,Puglia,Puglia,4029053,1098482,27.26,0.91
1194,2021-04-16,PUG,36123,16981,19142,32408,3285,430,ITF,ITF4,16,Puglia,Puglia,4029053,1134605,28.16,0.9
1195,2021-02-18,PUG,4384,1848,2536,3714,610,60,ITF,ITF4,16,Puglia,Puglia,4029053,1138989,28.27,0.11
1196,2021-07-25,PUG,14287,7389,6898,4277,9803,207,ITF,ITF4,16,Puglia,Puglia,4029053,1153276,28.62,0.35
1197,2021-04-09,PUG,22101,9525,12576,17075,4641,385,ITF,ITF4,16,Puglia,Puglia,4029053,1175377,29.17,0.55
1198,2021-02-11,PUG,3697,1401,2296,2391,1279,27,ITF,ITF4,16,Puglia,Puglia,4029053,1179074,29.26,0.09
1199,2021-07-18,PUG,18815,9635,9180,6219,12254,342,ITF,ITF4,16,Puglia,Puglia,4029053,1197889,29.73,0.47
1200,2021-05-22,PUG,34757,15916,18841,23648,10566,543,ITF,ITF4,16,Puglia,Puglia,4029053,1232646,30.59,0.86
1201,2021-06-12,PUG,34629,17259,17370,25065,8971,593,ITF,ITF4,16,Puglia,Puglia,4029053,1267275,31.45,0.86
1202,2021-07-21,PUG,44696,22053,22643,11871,31956,869,ITF,ITF4,16,Puglia,Puglia,4029053,1311971,32.56,1.11
1203,2021-07-04,PUG,19905,9683,10222,7931,11688,286,ITF,ITF4,16,Puglia,Puglia,4029053,1331876,33.06,0.49
1204,2021-07-23,PUG,43195,21851,21344,13656,28549,990,ITF,ITF4,16,Puglia,Puglia,4029053,1375071,34.13,1.07
1205,2021-01-19,PUG,1222,453,769,1211,10,1,ITF,ITF4,16,Puglia,Puglia,4029053,1376293,34.16,0.03
1206,2021-03-02,PUG,16410,6099,10311,14862,1306,242,ITF,ITF4,16,Puglia,Puglia,4029053,1392703,34.57,0.41
1207,2021-06-10,PUG,47222,23219,24003,29396,17108,718,ITF,ITF4,16,Puglia,Puglia,4029053,1439925,35.74,1.17
1208,2021-04-04,PUG,5989,2973,3016,5901,6,82,ITF,ITF4,16,Puglia,Puglia,4029053,1445914,35.89,0.15
1209,2021-07-13,PUG,48777,23003,25774,7828,40360,589,ITF,ITF4,16,Puglia,Puglia,4029053,1494691,37.1,1.21
1210,2021-03-21,PUG,2696,1227,1469,578,2106,12,ITF,ITF4,16,Puglia,Puglia,4029053,1497387,37.16,0.07
1211,2021-06-29,PUG,46661,22363,24298,15362,30609,690,ITF,ITF4,16,Puglia,Puglia,4029053,1544048,38.32,1.16
1212,2021-01-11,PUG,3758,1592,2166,3757,0,1,ITF,ITF4,16,Puglia,Puglia,4029053,1547806,38.42,0.09
1213,2021-04-21,PUG,23157,10695,12462,19111,3744,302,ITF,ITF4,16,Puglia,Puglia,4029053,1570963,38.99,0.57
1214,2021-01-28,PUG,5486,2285,3201,444,5042,0,ITF,ITF4,16,Puglia,Puglia,4029053,1576449,39.13,0.14
1215,2021-08-15,PUG,54,34,20,54,0,0,ITF,ITF4,16,Puglia,Puglia,4029053,1576503,39.13,0.0
1216,2021-04-23,PUG,29609,13762,15847,23910,5284,415,ITF,ITF4,16,Puglia,Puglia,4029053,1606112,39.86,0.73
1217,2021-08-01,PUG,12399,6496,5903,4321,7956,122,ITF,ITF4,16,Puglia,Puglia,4029053,1618511,40.17,0.31
1218,2021-03-18,PUG,9609,4365,5244,3337,6206,66,ITF,ITF4,16,Puglia,Puglia,4029053,1628120,40.41,0.24
1219,2021-06-26,PUG,32423,16324,16099,15886,15969,568,ITF,ITF4,16,Puglia,Puglia,4029053,1660543,41.21,0.8
1220,2021-03-04,PUG,15380,6110,9270,13717,1436,227,ITF,ITF4,16,Puglia,Puglia,4029053,1675923,41.6,0.38
1221,2021-06-09,PUG,41956,20775,21181,29946,11304,706,ITF,ITF4,16,Puglia,Puglia,4029053,1717879,42.64,1.04
1222,2021-02-15,PUG,3263,1271,1992,2597,622,44,ITF,ITF4,16,Puglia,Puglia,4029053,1721142,42.72,0.08
1223,2021-05-26,PUG,38682,18586,20096,26223,11805,654,ITF,ITF4,16,Puglia,Puglia,4029053,1759824,43.68,0.96
1224,2021-03-16,PUG,9884,4692,5192,3450,6377,57,ITF,ITF4,16,Puglia,Puglia,4029053,1769708,43.92,0.25
1225,2021-06-24,PUG,52931,25608,27323,23583,28562,786,ITF,ITF4,16,Puglia,Puglia,4029053,1822639,45.24,1.31
1226,2021-04-28,PUG,19864,8910,10954,14812,4788,264,ITF,ITF4,16,Puglia,Puglia,4029053,1842503,45.73,0.49
1227,2021-08-06,PUG,29797,15464,14333,8929,20110,758,ITF,ITF4,16,Puglia,Puglia,4029053,1872300,46.47,0.74
1228,2021-01-09,PUG,4896,2252,2644,4892,0,4,ITF,ITF4,16,Puglia,Puglia,4029053,1877196,46.59,0.12
1229,2021-07-01,PUG,48417,22665,25752,11461,36324,632,ITF,ITF4,16,Puglia,Puglia,4029053,1925613,47.79,1.2
1230,2021-01-23,PUG,3042,1294,1748,882,2159,1,ITF,ITF4,16,Puglia,Puglia,4029053,1928655,47.87,0.08
1231,2021-05-03,PUG,33402,14931,18471,22156,10682,564,ITF,ITF4,16,Puglia,Puglia,4029053,1962057,48.7,0.83
1232,2021-03-07,PUG,4993,2007,2986,4371,577,45,ITF,ITF4,16,Puglia,Puglia,4029053,1967050,48.82,0.12
1233,2021-05-05,PUG,39327,17266,22061,24493,14246,588,ITF,ITF4,16,Puglia,Puglia,4029053,2006377,49.8,0.98
1234,2021-08-13,PUG,13636,7249,6387,7260,5792,584,ITF,ITF4,16,Puglia,Puglia,4029053,2020013,50.14,0.34
1235,2021-06-17,PUG,42914,20972,21942,21409,20941,564,ITF,ITF4,16,Puglia,Puglia,4029053,2062927,51.2,1.07
1236,2021-03-30,PUG,12441,5964,6477,6193,6095,153,ITF,ITF4,16,Puglia,Puglia,4029053,2075368,51.51,0.31
1237,2021-02-01,PUG,3979,1667,2312,354,3624,1,ITF,ITF4,16,Puglia,Puglia,4029053,2079347,51.61,0.1
1238,2021-07-17,PUG,30747,15435,15312,9514,20598,635,ITF,ITF4,16,Puglia,Puglia,4029053,2110094,52.37,0.76
1239,2021-05-14,PUG,45071,20602,24469,28002,16215,854,ITF,ITF4,16,Puglia,Puglia,4029053,2155165,53.49,1.12
1240,2021-01-25,PUG,3834,1683,2151,422,3411,1,ITF,ITF4,16,Puglia,Puglia,4029053,2158999,53.59,0.1
1241,2021-01-27,PUG,4604,1943,2661,618,3986,0,ITF,ITF4,16,Puglia,Puglia,4029053,2163603,53.7,0.11
1242,2021-05-07,PUG,50220,22410,27810,25984,23658,578,ITF,ITF4,16,Puglia,Puglia,4029053,2213823,54.95,1.25
1243,2021-07-29,PUG,42846,21635,21211,12264,29778,804,ITF,ITF4,16,Puglia,Puglia,4029053,2256669,56.01,1.06
1244,2021-01-13,PUG,4551,1732,2819,4550,0,1,ITF,ITF4,16,Puglia,Puglia,4029053,2261220,56.12,0.11
1245,2021-04-06,PUG,13863,6263,7600,6925,6768,170,ITF,ITF4,16,Puglia,Puglia,4029053,2275083,56.47,0.34
1246,2021-07-15,PUG,44759,21651,23108,8846,35219,694,ITF,ITF4,16,Puglia,Puglia,4029053,2319842,57.58,1.11
1247,2021-07-14,PUG,46150,22126,24024,13382,31922,846,ITF,ITF4,16,Puglia,Puglia,4029053,2365992,58.72,1.15
1248,2021-08-02,PUG,39223,19897,19326,14070,23927,1226,ITF,ITF4,16,Puglia,Puglia,4029053,2405215,59.7,0.97
1249,2021-03-01,PUG,15126,5878,9248,13589,1385,152,ITF,ITF4,16,Puglia,Puglia,4029053,2420341,60.07,0.38
1250,2021-01-10,PUG,2350,1062,1288,2350,0,0,ITF,ITF4,16,Puglia,Puglia,4029053,2422691,60.13,0.06
1251,2021-02-25,PUG,11988,5068,6920,10669,1182,137,ITF,ITF4,16,Puglia,Puglia,4029053,2434679,60.43,0.3
1252,2021-06-05,PUG,42637,20886,21751,29182,12734,721,ITF,ITF4,16,Puglia,Puglia,4029053,2477316,61.49,1.06
1253,2021-08-05,PUG,33989,17094,16895,9449,23664,876,ITF,ITF4,16,Puglia,Puglia,4029053,2511305,62.33,0.84
1254,2021-07-08,PUG,41526,19251,22275,5464,35602,460,ITF,ITF4,16,Puglia,Puglia,4029053,2552831,63.36,1.03
1255,2021-01-04,PUG,4511,2015,2496,4509,0,2,ITF,ITF4,16,Puglia,Puglia,4029053,2557342,63.47,0.11
1256,2021-03-26,PUG,12029,5858,6171,7217,4677,135,ITF,ITF4,16,Puglia,Puglia,4029053,2569371,63.77,0.3
1257,2021-03-09,PUG,13689,6119,7570,11493,2017,179,ITF,ITF4,16,Puglia,Puglia,4029053,2583060,64.11,0.34
1258,2021-04-14,PUG,32038,15119,16919,28432,3300,306,ITF,ITF4,16,Puglia,Puglia,4029053,2615098,64.91,0.8
1259,2021-03-28,PUG,3548,1659,1889,1178,2335,35,ITF,ITF4,16,Puglia,Puglia,4029053,2618646,64.99,0.09
1260,2021-07-06,PUG,42402,19526,22876,6139,35845,418,ITF,ITF4,16,Puglia,Puglia,4029053,2661048,66.05,1.05
1261,2021-06-19,PUG,34799,17460,17339,22217,11928,654,ITF,ITF4,16,Puglia,Puglia,4029053,2695847,66.91,0.86
1262,2021-06-21,PUG,41897,20433,21464,21451,19811,635,ITF,ITF4,16,Puglia,Puglia,4029053,2737744,67.95,1.04
1263,2021-07-10,PUG,22388,11025,11363,4470,17621,297,ITF,ITF4,16,Puglia,Puglia,4029053,2760132,68.51,0.56
1264,2021-04-08,PUG,17514,7601,9913,11108,6192,214,ITF,ITF4,16,Puglia,Puglia,4029053,2777646,68.94,0.43
1265,2021-06-06,PUG,30737,15478,15259,25353,5062,322,ITF,ITF4,16,Puglia,Puglia,4029053,2808383,69.7,0.76
1266,2021-04-10,PUG,30949,13129,17820,26108,4460,381,ITF,ITF4,16,Puglia,Puglia,4029053,2839332,70.47,0.77
1267,2021-04-20,PUG,21220,9856,11364,17470,3484,266,ITF,ITF4,16,Puglia,Puglia,4029053,2860552,71.0,0.53
1268,2020-12-27,PUG,510,252,258,510,0,0,ITF,ITF4,16,Puglia,Puglia,4029053,2861062,71.01,0.01
1269,2021-07-19,PUG,49456,24305,25151,10961,37721,774,ITF,ITF4,16,Puglia,Puglia,4029053,2910518,72.24,1.23
1270,2021-04-01,PUG,13974,6566,7408,7380,6378,216,ITF,ITF4,16,Puglia,Puglia,4029053,2924492,72.59,0.35
1271,2021-02-03,PUG,5052,2008,3044,705,4346,1,ITF,ITF4,16,Puglia,Puglia,4029053,2929544,72.71,0.13
1272,2021-07-12,PUG,45736,21593,24143,12777,32201,758,ITF,ITF4,16,Puglia,Puglia,4029053,2975280,73.85,1.14
1273,2021-03-14,PUG,3378,1463,1915,2475,866,37,ITF,ITF4,16,Puglia,Puglia,4029053,2978658,73.93,0.08
1274,2021-01-16,PUG,2508,1035,1473,2507,0,1,ITF,ITF4,16,Puglia,Puglia,4029053,2981166,73.99,0.06
1275,2021-05-21,PUG,39223,18629,20594,28265,10165,793,ITF,ITF4,16,Puglia,Puglia,4029053,3020389,74.97,0.97
1276,2021-05-19,PUG,26467,12799,13668,19552,6481,434,ITF,ITF4,16,Puglia,Puglia,4029053,3046856,75.62,0.66
1277,2021-03-23,PUG,11147,5660,5487,4533,6520,94,ITF,ITF4,16,Puglia,Puglia,4029053,3058003,75.9,0.28
1278,2021-03-25,PUG,11760,6027,5733,5255,6406,99,ITF,ITF4,16,Puglia,Puglia,4029053,3069763,76.19,0.29
1279,2021-07-03,PUG,33244,16663,16581,13476,19269,499,ITF,ITF4,16,Puglia,Puglia,4029053,3103007,77.02,0.83
1280,2021-02-08,PUG,4008,1620,2388,1582,2411,15,ITF,ITF4,16,Puglia,Puglia,4029053,3107015,77.12,0.1
1281,2021-02-10,PUG,3656,1442,2214,2123,1513,20,ITF,ITF4,16,Puglia,Puglia,4029053,3110671,77.21,0.09
1282,2021-05-23,PUG,17954,8395,9559,13863,3830,261,ITF,ITF4,16,Puglia,Puglia,4029053,3128625,77.65,0.45
1283,2021-02-17,PUG,4296,1753,2543,3617,640,39,ITF,ITF4,16,Puglia,Puglia,4029053,3132921,77.76,0.11
1284,2021-05-28,PUG,44107,20883,23224,27432,15873,802,ITF,ITF4,16,Puglia,Puglia,4029053,3177028,78.85,1.09
1285,2021-07-26,PUG,47532,23726,23806,16914,29667,951,ITF,ITF4,16,Puglia,Puglia,4029053,3224560,80.03,1.18
1286,2021-05-30,PUG,21042,10069,10973,15716,5070,256,ITF,ITF4,16,Puglia,Puglia,4029053,3245602,80.55,0.52
1287,2021-05-24,PUG,36190,17074,19116,24500,11078,612,ITF,ITF4,16,Puglia,Puglia,4029053,3281792,81.45,0.9
1288,2021-02-16,PUG,3389,1455,1934,2711,648,30,ITF,ITF4,16,Puglia,Puglia,4029053,3285181,81.54,0.08
1289,2021-01-30,PUG,5539,2516,3023,382,5156,1,ITF,ITF4,16,Puglia,Puglia,4029053,3290720,81.67,0.14
1290,2021-05-10,PUG,37900,16753,21147,19328,18082,490,ITF,ITF4,16,Puglia,Puglia,4029053,3328620,82.62,0.94
1291,2021-08-17,PUG,13725,7101,6624,5943,7399,383,ITF,ITF4,16,Puglia,Puglia,4029053,3342345,82.96,0.34
1292,2021-02-13,PUG,3733,1461,2272,3021,696,16,ITF,ITF4,16,Puglia,Puglia,4029053,3346078,83.05,0.09
1293,2021-06-28,PUG,48684,23614,25070,21683,26202,799,ITF,ITF4,16,Puglia,Puglia,4029053,3394762,84.26,1.21
1294,2021-01-06,PUG,3957,1678,2279,3956,0,1,ITF,ITF4,16,Puglia,Puglia,4029053,3398719,84.36,0.1
1295,2021-08-12,PUG,19039,10079,8960,10868,7263,908,ITF,ITF4,16,Puglia,Puglia,4029053,3417758,84.83,0.47
1296,2021-06-16,PUG,42116,20729,21387,26895,14494,727,ITF,ITF4,16,Puglia,Puglia,4029053,3459874,85.87,1.05
1297,2021-03-11,PUG,14849,6598,8251,11454,3190,205,ITF,ITF4,16,Puglia,Puglia,4029053,3474723,86.24,0.37
1298,2021-06-02,PUG,27076,13238,13838,21878,4839,359,ITF,ITF4,16,Puglia,Puglia,4029053,3501799,86.91,0.67
1299,2021-03-13,PUG,10479,4139,6340,8566,1816,97,ITF,ITF4,16,Puglia,Puglia,4029053,3512278,87.17,0.26
1300,2021-02-24,PUG,10062,4715,5347,9369,597,96,ITF,ITF4,16,Puglia,Puglia,4029053,3522340,87.42,0.25
1301,2021-06-04,PUG,52833,25560,27273,34179,17826,828,ITF,ITF4,16,Puglia,Puglia,4029053,3575173,88.73,1.31
1302,2021-05-18,PUG,28961,13473,15488,15797,12887,277,ITF,ITF4,16,Puglia,Puglia,4029053,3604134,89.45,0.72
1303,2020-12-30,PUG,1,0,1,1,0,0,ITF,ITF4,16,Puglia,Puglia,4029053,3604135,89.45,0.0
1304,2021-03-22,PUG,9981,5138,4843,4245,5666,70,ITF,ITF4,16,Puglia,Puglia,4029053,3614116,89.7,0.25
1305,2021-01-24,PUG,1673,754,919,151,1522,0,ITF,ITF4,16,Puglia,Puglia,4029053,3615789,89.74,0.04
1306,2021-06-30,PUG,47810,23193,24617,18816,28137,857,ITF,ITF4,16,Puglia,Puglia,4029053,3663599,90.93,1.19
1307,2021-03-15,PUG,12354,6157,6197,5735,6515,104,ITF,ITF4,16,Puglia,Puglia,4029053,3675953,91.24,0.31
1308,2021-01-17,PUG,1311,592,719,1241,70,0,ITF,ITF4,16,Puglia,Puglia,4029053,3677264,91.27,0.03
1309,2021-06-23,PUG,29427,14381,15046,16948,11867,612,ITF,ITF4,16,Puglia,Puglia,4029053,3706691,92.0,0.73
1310,2021-04-27,PUG,26720,12091,14629,20778,5620,322,ITF,ITF4,16,Puglia,Puglia,4029053,3733411,92.66,0.66
1311,2021-05-09,PUG,30830,12655,18175,14796,15667,367,ITF,ITF4,16,Puglia,Puglia,4029053,3764241,93.43,0.77
1312,2021-04-22,PUG,23061,10555,12506,17740,4937,384,ITF,ITF4,16,Puglia,Puglia,4029053,3787302,94.0,0.57
1313,2021-07-31,PUG,19915,10579,9336,7862,11574,479,ITF,ITF4,16,Puglia,Puglia,4029053,3807217,94.49,0.49
1314,2021-02-12,PUG,4216,1673,2543,3098,1094,24,ITF,ITF4,16,Puglia,Puglia,4029053,3811433,94.6,0.1
1315,2021-02-09,PUG,3847,1571,2276,2152,1676,19,ITF,ITF4,16,Puglia,Puglia,4029053,3815280,94.69,0.1
1316,2021-05-20,PUG,33699,15299,18400,20760,12421,518,ITF,ITF4,16,Puglia,Puglia,4029053,3848979,95.53,0.84
1317,2021-03-24,PUG,13611,6534,7077,6044,7449,118,ITF,ITF4,16,Puglia,Puglia,4029053,3862590,95.87,0.34
1318,2021-01-26,PUG,5377,2404,2973,563,4813,1,ITF,ITF4,16,Puglia,Puglia,4029053,3867967,96.0,0.13
1319,2021-07-02,PUG,47327,22492,24835,17328,29074,925,ITF,ITF4,16,Puglia,Puglia,4029053,3915294,97.18,1.17
1320,2021-05-06,PUG,39745,17387,22358,19311,19875,559,ITF,ITF4,16,Puglia,Puglia,4029053,3955039,98.16,0.99
1321,2021-03-31,PUG,14579,6834,7745,8839,5590,150,ITF,ITF4,16,Puglia,Puglia,4029053,3969618,98.52,0.36
1322,2021-02-02,PUG,4359,1854,2505,574,3784,1,ITF,ITF4,16,Puglia,Puglia,4029053,3973977,98.63,0.11
1323,2021-07-09,PUG,37101,17867,19234,6439,29984,678,ITF,ITF4,16,Puglia,Puglia,4029053,4011078,99.55,0.92
1324,2021-05-13,PUG,38853,17319,21534,20997,17292,564,ITF,ITF4,16,Puglia,Puglia,4029053,4049931,100.52,0.96
1325,2021-05-11,PUG,32702,14450,18252,13690,18527,485,ITF,ITF4,16,Puglia,Puglia,4029053,4082633,101.33,0.81
1326,2021-05-04,PUG,35201,14888,20313,18235,16551,415,ITF,ITF4,16,Puglia,Puglia,4029053,4117834,102.2,0.87
1327,2021-03-08,PUG,15008,6441,8567,12440,2412,156,ITF,ITF4,16,Puglia,Puglia,4029053,4132842,102.58,0.37
1328,2021-01-29,PUG,6213,2668,3545,226,5987,0,ITF,ITF4,16,Puglia,Puglia,4029053,4139055,102.73,0.15
1329,2021-03-20,PUG,8438,3891,4547,3770,4623,45,ITF,ITF4,16,Puglia,Puglia,4029053,4147493,102.94,0.21
1330,2021-03-03,PUG,16813,6821,9992,14727,1937,149,ITF,ITF4,16,Puglia,Puglia,4029053,4164306,103.36,0.42
1331,2021-06-11,PUG,47989,23476,24513,32996,14083,910,ITF,ITF4,16,Puglia,Puglia,4029053,4212295,104.55,1.19
1332,2021-03-17,PUG,10355,4705,5650,4105,6188,62,ITF,ITF4,16,Puglia,Puglia,4029053,4222650,104.81,0.26
1333,2021-07-20,PUG,46942,23025,23917,8233,38185,524,ITF,ITF4,16,Puglia,Puglia,4029053,4269592,105.97,1.17
1334,2021-04-29,PUG,26302,12161,14141,19177,6701,424,ITF,ITF4,16,Puglia,Puglia,4029053,4295894,106.62,0.65
1335,2021-08-07,PUG,10055,5307,4748,3548,6211,296,ITF,ITF4,16,Puglia,Puglia,4029053,4305949,106.87,0.25
1336,2021-02-22,PUG,9652,4539,5113,9227,336,89,ITF,ITF4,16,Puglia,Puglia,4029053,4315601,107.11,0.24
1337,2021-02-05,PUG,5645,2275,3370,1311,4329,5,ITF,ITF4,16,Puglia,Puglia,4029053,4321246,107.25,0.14
1338,2021-05-16,PUG,24633,11111,13522,12466,11942,225,ITF,ITF4,16,Puglia,Puglia,4029053,4345879,107.86,0.61
1339,2021-04-03,PUG,10581,4659,5922,6820,3569,192,ITF,ITF4,16,Puglia,Puglia,4029053,4356460,108.13,0.26
1340,2021-07-27,PUG,48356,24047,24309,13237,34301,818,ITF,ITF4,16,Puglia,Puglia,4029053,4404816,109.33,1.2
1341,2021-05-31,PUG,37946,18297,19649,23147,14243,556,ITF,ITF4,16,Puglia,Puglia,4029053,4442762,110.27,0.94
1342,2021-04-25,PUG,11325,5242,6083,10049,1143,133,ITF,ITF4,16,Puglia,Puglia,4029053,4454087,110.55,0.28
1343,2021-02-27,PUG,14245,4824,9421,12829,1234,182,ITF,ITF4,16,Puglia,Puglia,4029053,4468332,110.9,0.35
1344,2021-08-03,PUG,36232,18373,17859,9175,26289,768,ITF,ITF4,16,Puglia,Puglia,4029053,4504564,111.8,0.9
1345,2021-01-01,PUG,150,61,89,150,0,0,ITF,ITF4,16,Puglia,Puglia,4029053,4504714,111.81,0.0
1346,2021-06-07,PUG,44434,21694,22740,30374,13296,764,ITF,ITF4,16,Puglia,Puglia,4029053,4549148,112.91,1.1
1347,2021-04-11,PUG,16483,7265,9218,14654,1648,181,ITF,ITF4,16,Puglia,Puglia,4029053,4565631,113.32,0.41
1348,2021-03-06,PUG,16177,6138,10039,13885,2123,169,ITF,ITF4,16,Puglia,Puglia,4029053,4581808,113.72,0.4
1349,2021-01-08,PUG,5685,2391,3294,5683,0,2,ITF,ITF4,16,Puglia,Puglia,4029053,4587493,113.86,0.14
1350,2021-06-14,PUG,42083,20593,21490,28851,12445,787,ITF,ITF4,16,Puglia,Puglia,4029053,4629576,114.9,1.04
1351,2021-04-18,PUG,22672,10849,11823,21420,1056,196,ITF,ITF4,16,Puglia,Puglia,4029053,4652248,115.47,0.56
1352,2021-02-20,PUG,2975,1080,1895,2687,257,31,ITF,ITF4,16,Puglia,Puglia,4029053,4655223,115.54,0.07
1353,2021-08-14,PUG,1081,556,525,493,569,19,ITF,ITF4,16,Puglia,Puglia,4029053,4656304,115.57,0.03
1354,2021-01-15,PUG,4555,1866,2689,4550,0,5,ITF,ITF4,16,Puglia,Puglia,4029053,4660859,115.68,0.11
1355,2021-01-22,PUG,1414,580,834,992,421,1,ITF,ITF4,16,Puglia,Puglia,4029053,4662273,115.72,0.04
1356,2021-06-25,PUG,50871,25060,25811,23848,26124,899,ITF,ITF4,16,Puglia,Puglia,4029053,4713144,116.98,1.26
1357,2021-05-17,PUG,32935,15265,17670,20451,11985,499,ITF,ITF4,16,Puglia,Puglia,4029053,4746079,117.8,0.82
1358,2021-08-08,PUG,5114,2599,2515,1680,3385,49,ITF,ITF4,16,Puglia,Puglia,4029053,4751193,117.92,0.13
1359,2021-02-23,PUG,9391,4430,4961,8804,496,91,ITF,ITF4,16,Puglia,Puglia,4029053,4760584,118.16,0.23
1360,2021-01-18,PUG,1847,772,1075,1495,351,1,ITF,ITF4,16,Puglia,Puglia,4029053,4762431,118.2,0.05
1361,2021-02-06,PUG,4556,1935,2621,1578,2963,15,ITF,ITF4,16,Puglia,Puglia,4029053,4766987,118.32,0.11
1362,2021-01-20,PUG,1547,541,1006,1537,8,2,ITF,ITF4,16,Puglia,Puglia,4029053,4768534,118.35,0.04
1363,2021-04-30,PUG,35032,15698,19334,22468,11999,565,ITF,ITF4,16,Puglia,Puglia,4029053,4803566,119.22,0.87
1364,2021-04-13,PUG,28772,13646,15126,24925,3534,313,ITF,ITF4,16,Puglia,Puglia,4029053,4832338,119.94,0.71
1365,2021-07-22,PUG,47525,23560,23965,8482,38345,698,ITF,ITF4,16,Puglia,Puglia,4029053,4879863,121.12,1.18
1366,2021-07-05,PUG,38895,18252,20643,7263,31080,552,ITF,ITF4,16,Puglia,Puglia,4029053,4918758,122.08,0.97
1367,2021-05-02,PUG,21353,9676,11677,13898,7277,178,ITF,ITF4,16,Puglia,Puglia,4029053,4940111,122.61,0.53
1368,2021-08-10,PUG,26974,14012,12962,13959,11862,1153,ITF,ITF4,16,Puglia,Puglia,4029053,4967085,123.28,0.67
1369,2021-07-24,PUG,26671,13835,12836,7997,18195,479,ITF,ITF4,16,Puglia,Puglia,4029053,4993756,123.94,0.66
1370,2021-06-18,PUG,47846,23558,24288,28877,18043,926,ITF,ITF4,16,Puglia,Puglia,4029053,5041602,125.13,1.19
1371,2021-01-03,PUG,2009,945,1064,2008,0,1,ITF,ITF4,16,Puglia,Puglia,4029053,5043611,125.18,0.05
1372,2021-03-27,PUG,12173,5722,6451,6880,5181,112,ITF,ITF4,16,Puglia,Puglia,4029053,5055784,125.48,0.3
1373,2021-01-05,PUG,5113,2252,2861,5110,0,3,ITF,ITF4,16,Puglia,Puglia,4029053,5060897,125.61,0.13
1374,2021-04-15,PUG,32761,15285,17476,28586,3773,402,ITF,ITF4,16,Puglia,Puglia,4029053,5093658,126.42,0.81
1375,2021-07-07,PUG,38707,18531,20176,6116,32082,509,ITF,ITF4,16,Puglia,Puglia,4029053,5132365,127.38,0.96
1376,2021-08-08,LAZ,50011,25862,24149,17831,31367,813,ITI,ITI4,12,Lazio,Lazio,5879082,50011,0.85,0.85
1377,2021-06-26,LAZ,56203,26488,29715,24703,30908,592,ITI,ITI4,12,Lazio,Lazio,5879082,106214,1.81,0.96
1378,2021-04-30,LAZ,41695,18477,23218,26678,14362,655,ITI,ITI4,12,Lazio,Lazio,5879082,147909,2.52,0.71
1379,2021-06-19,LAZ,66539,31393,35146,35280,30447,812,ITI,ITI4,12,Lazio,Lazio,5879082,214448,3.65,1.13
1380,2021-04-16,LAZ,34554,15758,18796,21965,12204,385,ITI,ITI4,12,Lazio,Lazio,5879082,249002,4.24,0.59
1381,2021-01-23,LAZ,7215,2870,4345,586,6629,0,ITI,ITI4,12,Lazio,Lazio,5879082,256217,4.36,0.12
1382,2021-01-06,LAZ,5196,1990,3206,5076,0,120,ITI,ITI4,12,Lazio,Lazio,5879082,261413,4.45,0.09
1383,2021-02-18,LAZ,10025,4978,5047,9101,819,105,ITI,ITI4,12,Lazio,Lazio,5879082,271438,4.62,0.17
1384,2021-05-12,LAZ,47607,21614,25993,30287,16681,639,ITI,ITI4,12,Lazio,Lazio,5879082,319045,5.43,0.81
1385,2021-02-01,LAZ,5683,2184,3499,353,5329,1,ITI,ITI4,12,Lazio,Lazio,5879082,324728,5.52,0.1
1386,2021-07-15,LAZ,44960,22015,22945,6708,37836,416,ITI,ITI4,12,Lazio,Lazio,5879082,369688,6.29,0.76
1387,2021-01-13,LAZ,5805,2191,3614,5643,0,162,ITI,ITI4,12,Lazio,Lazio,5879082,375493,6.39,0.1
1388,2021-02-20,LAZ,9213,4274,4939,8367,775,71,ITI,ITI4,12,Lazio,Lazio,5879082,384706,6.54,0.16
1389,2021-05-31,LAZ,51781,23055,28726,30868,19891,1022,ITI,ITI4,12,Lazio,Lazio,5879082,436487,7.42,0.88
1390,2021-04-04,LAZ,17667,8201,9466,12263,5291,113,ITI,ITI4,12,Lazio,Lazio,5879082,454154,7.72,0.3
1391,2021-03-30,LAZ,27105,13180,13925,19542,7210,353,ITI,ITI4,12,Lazio,Lazio,5879082,481259,8.19,0.46
1392,2021-07-08,LAZ,64273,31548,32725,28171,35437,665,ITI,ITI4,12,Lazio,Lazio,5879082,545532,9.28,1.09
1393,2021-07-27,LAZ,56305,27321,28984,8036,47943,326,ITI,ITI4,12,Lazio,Lazio,5879082,601837,10.24,0.96
1394,2021-04-18,LAZ,23866,10608,13258,15895,7698,273,ITI,ITI4,12,Lazio,Lazio,5879082,625703,10.64,0.41
1395,2021-07-22,LAZ,61120,30537,30583,28491,31113,1516,ITI,ITI4,12,Lazio,Lazio,5879082,686823,11.68,1.04
1396,2021-05-17,LAZ,44628,20434,24194,35616,8608,404,ITI,ITI4,12,Lazio,Lazio,5879082,731451,12.44,0.76
1397,2021-02-06,LAZ,6224,2539,3685,896,5324,4,ITI,ITI4,12,Lazio,Lazio,5879082,737675,12.55,0.11
1398,2021-05-26,LAZ,47641,21908,25733,34864,12131,646,ITI,ITI4,12,Lazio,Lazio,5879082,785316,13.36,0.81
1399,2021-03-04,LAZ,19459,8742,10717,14190,5033,236,ITI,ITI4,12,Lazio,Lazio,5879082,804775,13.69,0.33
1400,2021-06-12,LAZ,69916,32110,37806,39883,29402,631,ITI,ITI4,12,Lazio,Lazio,5879082,874691,14.88,1.19
1401,2021-06-14,LAZ,63067,29546,33521,32322,30187,558,ITI,ITI4,12,Lazio,Lazio,5879082,937758,15.95,1.07
1402,2021-03-21,LAZ,18289,7201,11088,13027,5071,191,ITI,ITI4,12,Lazio,Lazio,5879082,956047,16.26,0.31
1403,2020-12-30,LAZ,1656,639,1017,1645,0,11,ITI,ITI4,12,Lazio,Lazio,5879082,957703,16.29,0.03
1404,2021-02-25,LAZ,12774,5594,7180,11405,1180,189,ITI,ITI4,12,Lazio,Lazio,5879082,970477,16.51,0.22
1405,2021-06-05,LAZ,66332,32682,33650,42895,22771,666,ITI,ITI4,12,Lazio,Lazio,5879082,1036809,17.64,1.13
1406,2021-05-07,LAZ,48311,22649,25662,30099,17803,409,ITI,ITI4,12,Lazio,Lazio,5879082,1085120,18.46,0.82
1407,2021-03-11,LAZ,25497,12026,13471,18865,6282,350,ITI,ITI4,12,Lazio,Lazio,5879082,1110617,18.89,0.43
1408,2021-08-15,LAZ,1465,905,560,752,691,22,ITI,ITI4,12,Lazio,Lazio,5879082,1112082,18.92,0.02
1409,2021-07-03,LAZ,53213,25053,28160,4638,48431,144,ITI,ITI4,12,Lazio,Lazio,5879082,1165295,19.82,0.91
1410,2021-04-23,LAZ,37967,18285,19682,22116,15397,454,ITI,ITI4,12,Lazio,Lazio,5879082,1203262,20.47,0.65
1411,2021-08-03,LAZ,30573,15464,15109,4186,26220,167,ITI,ITI4,12,Lazio,Lazio,5879082,1233835,20.99,0.52
1412,2021-01-30,LAZ,7020,2897,4123,813,6206,1,ITI,ITI4,12,Lazio,Lazio,5879082,1240855,21.11,0.12
1413,2021-07-19,LAZ,63129,31038,32091,28311,33693,1125,ITI,ITI4,12,Lazio,Lazio,5879082,1303984,22.18,1.07
1414,2021-01-15,LAZ,6709,2760,3949,6539,0,170,ITI,ITI4,12,Lazio,Lazio,5879082,1310693,22.29,0.11
1415,2021-04-25,LAZ,24580,11280,13300,16422,7874,284,ITI,ITI4,12,Lazio,Lazio,5879082,1335273,22.71,0.42
1416,2021-08-10,LAZ,50247,25961,24286,21172,28142,933,ITI,ITI4,12,Lazio,Lazio,5879082,1385520,23.57,0.85
1417,2021-05-19,LAZ,47294,21727,25567,36545,10148,601,ITI,ITI4,12,Lazio,Lazio,5879082,1432814,24.37,0.8
1418,2021-01-04,LAZ,7574,2940,4634,7470,0,104,ITI,ITI4,12,Lazio,Lazio,5879082,1440388,24.5,0.13
1419,2021-06-24,LAZ,64008,30534,33474,28616,34740,652,ITI,ITI4,12,Lazio,Lazio,5879082,1504396,25.59,1.09
1420,2021-06-07,LAZ,62619,29307,33312,32703,29325,591,ITI,ITI4,12,Lazio,Lazio,5879082,1567015,26.65,1.07
1421,2021-06-21,LAZ,62009,28806,33203,28503,32899,607,ITI,ITI4,12,Lazio,Lazio,5879082,1629024,27.71,1.05
1422,2021-03-28,LAZ,19191,7833,11358,13542,5313,336,ITI,ITI4,12,Lazio,Lazio,5879082,1648215,28.04,0.33
1423,2021-02-11,LAZ,7000,3011,3989,6441,533,26,ITI,ITI4,12,Lazio,Lazio,5879082,1655215,28.15,0.12
1424,2021-04-11,LAZ,19235,8529,10706,13145,5926,164,ITI,ITI4,12,Lazio,Lazio,5879082,1674450,28.48,0.33
1425,2021-02-13,LAZ,6612,2627,3985,6146,420,46,ITI,ITI4,12,Lazio,Lazio,5879082,1681062,28.59,0.11
1426,2021-07-20,LAZ,63367,31623,31744,28451,33688,1228,ITI,ITI4,12,Lazio,Lazio,5879082,1744429,29.67,1.08
1427,2021-05-24,LAZ,44027,20196,23831,33571,9805,651,ITI,ITI4,12,Lazio,Lazio,5879082,1788456,30.42,0.75
1428,2021-01-03,LAZ,5338,2012,3326,5279,0,59,ITI,ITI4,12,Lazio,Lazio,5879082,1793794,30.51,0.09
1429,2021-04-13,LAZ,25826,11975,13851,17684,7747,395,ITI,ITI4,12,Lazio,Lazio,5879082,1819620,30.95,0.44
1430,2021-07-31,LAZ,56068,29471,26597,5501,50268,299,ITI,ITI4,12,Lazio,Lazio,5879082,1875688,31.9,0.95
1431,2021-02-03,LAZ,6493,2491,4002,960,5526,7,ITI,ITI4,12,Lazio,Lazio,5879082,1882181,32.01,0.11
1432,2021-01-20,LAZ,4819,1952,2867,3270,1545,4,ITI,ITI4,12,Lazio,Lazio,5879082,1887000,32.1,0.08
1433,2021-05-14,LAZ,51615,23589,28026,32569,18387,659,ITI,ITI4,12,Lazio,Lazio,5879082,1938615,32.97,0.88
1434,2021-03-18,LAZ,14294,6108,8186,7779,6431,84,ITI,ITI4,12,Lazio,Lazio,5879082,1952909,33.22,0.24
1435,2021-04-01,LAZ,29782,14129,15653,22231,7171,380,ITI,ITI4,12,Lazio,Lazio,5879082,1982691,33.72,0.51
1436,2021-07-10,LAZ,71028,35642,35386,25027,45345,656,ITI,ITI4,12,Lazio,Lazio,5879082,2053719,34.93,1.21
1437,2021-07-24,LAZ,30707,15486,15221,3221,27347,139,ITI,ITI4,12,Lazio,Lazio,5879082,2084426,35.45,0.52
1438,2021-06-23,LAZ,62335,29363,32972,28439,33395,501,ITI,ITI4,12,Lazio,Lazio,5879082,2146761,36.52,1.06
1439,2021-07-01,LAZ,48500,23196,25304,7192,41094,214,ITI,ITI4,12,Lazio,Lazio,5879082,2195261,37.34,0.82
1440,2021-04-09,LAZ,27721,12620,15101,19153,8275,293,ITI,ITI4,12,Lazio,Lazio,5879082,2222982,37.81,0.47
1441,2021-03-23,LAZ,25465,11955,13510,18477,6635,353,ITI,ITI4,12,Lazio,Lazio,5879082,2248447,38.24,0.43
1442,2021-02-15,LAZ,8039,3548,4491,7310,643,86,ITI,ITI4,12,Lazio,Lazio,5879082,2256486,38.38,0.14
1443,2021-01-29,LAZ,8080,3097,4983,817,7261,2,ITI,ITI4,12,Lazio,Lazio,5879082,2264566,38.52,0.14
1444,2021-03-13,LAZ,21847,8752,13095,15695,5915,237,ITI,ITI4,12,Lazio,Lazio,5879082,2286413,38.89,0.37
1445,2021-02-08,LAZ,9748,4159,5589,4507,5239,2,ITI,ITI4,12,Lazio,Lazio,5879082,2296161,39.06,0.17
1446,2021-05-02,LAZ,32922,14455,18467,23001,9458,463,ITI,ITI4,12,Lazio,Lazio,5879082,2329083,39.62,0.56
1447,2021-04-15,LAZ,32030,14348,17682,20706,10876,448,ITI,ITI4,12,Lazio,Lazio,5879082,2361113,40.16,0.54
1448,2021-02-10,LAZ,8208,3414,4794,4847,3356,5,ITI,ITI4,12,Lazio,Lazio,5879082,2369321,40.3,0.14
1449,2021-05-21,LAZ,52085,25057,27028,37299,14092,694,ITI,ITI4,12,Lazio,Lazio,5879082,2421406,41.19,0.89
1450,2021-06-04,LAZ,62000,30243,31757,43527,17841,632,ITI,ITI4,12,Lazio,Lazio,5879082,2483406,42.24,1.05
1451,2021-05-04,LAZ,40271,18528,21743,26116,13687,468,ITI,ITI4,12,Lazio,Lazio,5879082,2523677,42.93,0.68
1452,2021-08-12,LAZ,47235,24438,22797,20382,25902,951,ITI,ITI4,12,Lazio,Lazio,5879082,2570912,43.73,0.8
1453,2021-02-24,LAZ,12058,5213,6845,10936,997,125,ITI,ITI4,12,Lazio,Lazio,5879082,2582970,43.93,0.21
1454,2021-07-07,LAZ,62646,31027,31619,28395,33664,587,ITI,ITI4,12,Lazio,Lazio,5879082,2645616,45.0,1.07
1455,2021-03-29,LAZ,25577,12148,13429,18188,7082,307,ITI,ITI4,12,Lazio,Lazio,5879082,2671193,45.44,0.44
1456,2021-03-15,LAZ,21025,9873,11152,14002,6769,254,ITI,ITI4,12,Lazio,Lazio,5879082,2692218,45.79,0.36
1457,2021-06-09,LAZ,70500,33390,37110,35977,33888,635,ITI,ITI4,12,Lazio,Lazio,5879082,2762718,46.99,1.2
1458,2021-04-27,LAZ,30830,13922,16908,19472,10955,403,ITI,ITI4,12,Lazio,Lazio,5879082,2793548,47.52,0.52
1459,2021-03-01,LAZ,17126,7370,9756,13003,3887,236,ITI,ITI4,12,Lazio,Lazio,5879082,2810674,47.81,0.29
1460,2021-08-05,LAZ,30096,15460,14636,19673,9494,929,ITI,ITI4,12,Lazio,Lazio,5879082,2840770,48.32,0.51
1461,2021-02-22,LAZ,11465,4994,6471,10808,503,154,ITI,ITI4,12,Lazio,Lazio,5879082,2852235,48.51,0.2
1462,2021-01-08,LAZ,7921,2971,4950,7724,0,197,ITI,ITI4,12,Lazio,Lazio,5879082,2860156,48.65,0.13
1463,2021-07-29,LAZ,55905,28476,27429,7622,47915,368,ITI,ITI4,12,Lazio,Lazio,5879082,2916061,49.6,0.95
1464,2021-01-01,LAZ,3597,1396,2201,3557,0,40,ITI,ITI4,12,Lazio,Lazio,5879082,2919658,49.66,0.06
1465,2021-01-10,LAZ,4134,1738,2396,4067,0,67,ITI,ITI4,12,Lazio,Lazio,5879082,2923792,49.73,0.07
1466,2021-06-16,LAZ,64701,31068,33633,32080,31993,628,ITI,ITI4,12,Lazio,Lazio,5879082,2988493,50.83,1.1
1467,2021-04-20,LAZ,31148,14296,16852,19407,11363,378,ITI,ITI4,12,Lazio,Lazio,5879082,3019641,51.36,0.53
1468,2021-03-08,LAZ,20945,9093,11852,15346,5305,294,ITI,ITI4,12,Lazio,Lazio,5879082,3040586,51.72,0.36
1469,2021-04-22,LAZ,39210,19505,19705,23905,14714,591,ITI,ITI4,12,Lazio,Lazio,5879082,3079796,52.39,0.67
1470,2021-03-10,LAZ,23363,10673,12690,17361,5659,343,ITI,ITI4,12,Lazio,Lazio,5879082,3103159,52.78,0.4
1471,2021-01-12,LAZ,5513,2022,3491,5370,0,143,ITI,ITI4,12,Lazio,Lazio,5879082,3108672,52.88,0.09
1472,2021-06-18,LAZ,64381,31018,33363,30308,33328,745,ITI,ITI4,12,Lazio,Lazio,5879082,3173053,53.97,1.1
1473,2021-03-17,LAZ,13877,5949,7928,7476,6290,111,ITI,ITI4,12,Lazio,Lazio,5879082,3186930,54.21,0.24
1474,2021-06-25,LAZ,63382,30617,32765,28114,34674,594,ITI,ITI4,12,Lazio,Lazio,5879082,3250312,55.29,1.08
1475,2021-01-05,LAZ,7453,2831,4622,7350,0,103,ITI,ITI4,12,Lazio,Lazio,5879082,3257765,55.41,0.13
1476,2021-01-24,LAZ,5702,2230,3472,618,5084,0,ITI,ITI4,12,Lazio,Lazio,5879082,3263467,55.51,0.1
1477,2021-02-07,LAZ,4968,2046,2922,409,4558,1,ITI,ITI4,12,Lazio,Lazio,5879082,3268435,55.59,0.08
1478,2021-05-18,LAZ,45080,20626,24454,34946,9582,552,ITI,ITI4,12,Lazio,Lazio,5879082,3313515,56.36,0.77
1479,2021-08-11,LAZ,48251,25240,23011,19981,27423,847,ITI,ITI4,12,Lazio,Lazio,5879082,3361766,57.18,0.82
1480,2021-05-03,LAZ,39621,17890,21731,26274,12768,579,ITI,ITI4,12,Lazio,Lazio,5879082,3401387,57.86,0.67
1481,2021-07-25,LAZ,24596,12086,12510,2049,22497,50,ITI,ITI4,12,Lazio,Lazio,5879082,3425983,58.27,0.42
1482,2021-06-22,LAZ,62832,29066,33766,28597,33522,713,ITI,ITI4,12,Lazio,Lazio,5879082,3488815,59.34,1.07
1483,2021-03-14,LAZ,17297,6779,10518,11855,5180,262,ITI,ITI4,12,Lazio,Lazio,5879082,3506112,59.64,0.29
1484,2021-03-25,LAZ,29520,13713,15807,22372,6677,471,ITI,ITI4,12,Lazio,Lazio,5879082,3535632,60.14,0.5
1485,2021-01-27,LAZ,6123,2390,3733,1005,5118,0,ITI,ITI4,12,Lazio,Lazio,5879082,3541755,60.24,0.1
1486,2021-06-01,LAZ,49140,23717,25423,30084,18582,474,ITI,ITI4,12,Lazio,Lazio,5879082,3590895,61.08,0.84
1487,2021-04-05,LAZ,19982,9152,10830,13615,6214,153,ITI,ITI4,12,Lazio,Lazio,5879082,3610877,61.42,0.34
1488,2021-07-28,LAZ,57648,29182,28466,8083,49226,339,ITI,ITI4,12,Lazio,Lazio,5879082,3668525,62.4,0.98
1489,2021-05-25,LAZ,47601,22343,25258,35306,11704,591,ITI,ITI4,12,Lazio,Lazio,5879082,3716126,63.21,0.81
1490,2021-02-17,LAZ,9194,4606,4588,8240,885,69,ITI,ITI4,12,Lazio,Lazio,5879082,3725320,63.37,0.16
1491,2021-05-28,LAZ,57248,26625,30623,43136,13331,781,ITI,ITI4,12,Lazio,Lazio,5879082,3782568,64.34,0.97
1492,2021-03-06,LAZ,18392,7095,11297,13899,4273,220,ITI,ITI4,12,Lazio,Lazio,5879082,3800960,64.65,0.31
1493,2021-06-27,LAZ,47251,21610,25641,20589,26182,480,ITI,ITI4,12,Lazio,Lazio,5879082,3848211,65.46,0.8
1494,2021-02-04,LAZ,6444,2567,3877,1123,5320,1,ITI,ITI4,12,Lazio,Lazio,5879082,3854655,65.57,0.11
1495,2021-05-22,LAZ,55200,27046,28154,43652,10702,846,ITI,ITI4,12,Lazio,Lazio,5879082,3909855,66.5,0.94
1496,2021-05-15,LAZ,57474,27456,30018,40114,16568,792,ITI,ITI4,12,Lazio,Lazio,5879082,3967329,67.48,0.98
1497,2021-03-19,LAZ,17506,7596,9910,11004,6350,152,ITI,ITI4,12,Lazio,Lazio,5879082,3984835,67.78,0.3
1498,2021-06-02,LAZ,43513,21595,21918,31435,11529,549,ITI,ITI4,12,Lazio,Lazio,5879082,4028348,68.52,0.74
1499,2021-06-11,LAZ,69770,32830,36940,36678,32453,639,ITI,ITI4,12,Lazio,Lazio,5879082,4098118,69.71,1.19
1500,2021-08-07,LAZ,33850,18183,15667,21229,11546,1075,ITI,ITI4,12,Lazio,Lazio,5879082,4131968,70.28,0.58
1501,2021-05-06,LAZ,48866,22773,26093,30615,17595,656,ITI,ITI4,12,Lazio,Lazio,5879082,4180834,71.11,0.83
1502,2021-08-14,LAZ,904,489,415,423,472,9,ITI,ITI4,12,Lazio,Lazio,5879082,4181738,71.13,0.02
1503,2021-08-16,LAZ,3487,1900,1587,1896,1532,59,ITI,ITI4,12,Lazio,Lazio,5879082,4185225,71.19,0.06
1504,2021-01-17,LAZ,4955,2048,2907,4679,212,64,ITI,ITI4,12,Lazio,Lazio,5879082,4190180,71.27,0.08
1505,2021-01-19,LAZ,4781,1964,2817,4324,454,3,ITI,ITI4,12,Lazio,Lazio,5879082,4194961,71.35,0.08
1506,2021-04-29,LAZ,38842,17344,21498,24877,13359,606,ITI,ITI4,12,Lazio,Lazio,5879082,4233803,72.01,0.66
1507,2021-03-03,LAZ,17898,7886,10012,13350,4311,237,ITI,ITI4,12,Lazio,Lazio,5879082,4251701,72.32,0.3
1508,2021-08-09,LAZ,52129,26412,25717,21580,29511,1038,ITI,ITI4,12,Lazio,Lazio,5879082,4303830,73.21,0.89
1509,2021-01-26,LAZ,7975,3130,4845,731,7244,0,ITI,ITI4,12,Lazio,Lazio,5879082,4311805,73.34,0.14
1510,2021-04-02,LAZ,29540,14165,15375,21761,7393,386,ITI,ITI4,12,Lazio,Lazio,5879082,4341345,73.84,0.5
1511,2021-07-11,LAZ,44125,22241,21884,3764,40212,149,ITI,ITI4,12,Lazio,Lazio,5879082,4385470,74.59,0.75
1512,2021-01-28,LAZ,8286,3169,5117,786,7499,1,ITI,ITI4,12,Lazio,Lazio,5879082,4393756,74.74,0.14
1513,2021-07-04,LAZ,46587,21687,24900,4117,42385,85,ITI,ITI4,12,Lazio,Lazio,5879082,4440343,75.53,0.79
1514,2021-05-08,LAZ,45501,20772,24729,29403,15449,649,ITI,ITI4,12,Lazio,Lazio,5879082,4485844,76.3,0.77
1515,2021-07-13,LAZ,42710,20937,21773,5509,36863,338,ITI,ITI4,12,Lazio,Lazio,5879082,4528554,77.03,0.73
1516,2021-03-26,LAZ,30358,14062,16296,23013,6898,447,ITI,ITI4,12,Lazio,Lazio,5879082,4558912,77.54,0.52
1517,2021-01-22,LAZ,4012,1639,2373,496,3516,0,ITI,ITI4,12,Lazio,Lazio,5879082,4562924,77.61,0.07
1518,2021-02-27,LAZ,11531,4335,7196,10346,1045,140,ITI,ITI4,12,Lazio,Lazio,5879082,4574455,77.81,0.2
1519,2021-05-20,LAZ,51857,25028,26829,37160,13970,727,ITI,ITI4,12,Lazio,Lazio,5879082,4626312,78.69,0.88
1520,2021-06-20,LAZ,55318,25439,29879,29610,24949,759,ITI,ITI4,12,Lazio,Lazio,5879082,4681630,79.63,0.94
1521,2021-06-06,LAZ,58228,28064,30164,35121,22523,584,ITI,ITI4,12,Lazio,Lazio,5879082,4739858,80.62,0.99
1522,2021-02-26,LAZ,13132,5738,7394,11551,1404,177,ITI,ITI4,12,Lazio,Lazio,5879082,4752990,80.85,0.22
1523,2021-07-09,LAZ,64958,31354,33604,27599,36615,744,ITI,ITI4,12,Lazio,Lazio,5879082,4817948,81.95,1.1
1524,2021-05-01,LAZ,38263,17207,21056,25752,12074,437,ITI,ITI4,12,Lazio,Lazio,5879082,4856211,82.6,0.65
1525,2021-04-17,LAZ,32481,14249,18232,20020,12061,400,ITI,ITI4,12,Lazio,Lazio,5879082,4888692,83.15,0.55
1526,2021-04-12,LAZ,23937,10793,13144,16689,6964,284,ITI,ITI4,12,Lazio,Lazio,5879082,4912629,83.56,0.41
1527,2021-07-21,LAZ,62779,31703,31076,28641,32781,1357,ITI,ITI4,12,Lazio,Lazio,5879082,4975408,84.63,1.07
1528,2021-06-08,LAZ,66797,31883,34914,36160,29995,642,ITI,ITI4,12,Lazio,Lazio,5879082,5042205,85.77,1.14
1529,2021-07-14,LAZ,42162,20547,21615,6202,35600,360,ITI,ITI4,12,Lazio,Lazio,5879082,5084367,86.48,0.72
1530,2021-01-31,LAZ,4464,1857,2607,479,3985,0,ITI,ITI4,12,Lazio,Lazio,5879082,5088831,86.56,0.08
1531,2021-05-11,LAZ,48374,22216,26158,31199,16581,594,ITI,ITI4,12,Lazio,Lazio,5879082,5137205,87.38,0.82
1532,2021-07-16,LAZ,43922,20964,22958,2912,40835,175,ITI,ITI4,12,Lazio,Lazio,5879082,5181127,88.13,0.75
1533,2021-04-24,LAZ,33563,15146,18417,20184,12887,492,ITI,ITI4,12,Lazio,Lazio,5879082,5214690,88.7,0.57
1534,2021-08-02,LAZ,31067,16205,14862,5097,25794,176,ITI,ITI4,12,Lazio,Lazio,5879082,5245757,89.23,0.53
1535,2021-05-30,LAZ,41270,17655,23615,33230,7374,666,ITI,ITI4,12,Lazio,Lazio,5879082,5287027,89.93,0.7
1536,2021-05-13,LAZ,50263,22589,27674,31726,17864,673,ITI,ITI4,12,Lazio,Lazio,5879082,5337290,90.78,0.85
1537,2021-08-04,LAZ,44786,22414,22372,19053,25171,562,ITI,ITI4,12,Lazio,Lazio,5879082,5382076,91.55,0.76
1538,2021-06-29,LAZ,59489,28270,31219,27734,31173,582,ITI,ITI4,12,Lazio,Lazio,5879082,5441565,92.56,1.01
1539,2021-01-14,LAZ,5597,2179,3418,5423,0,174,ITI,ITI4,12,Lazio,Lazio,5879082,5447162,92.65,0.1
1540,2021-01-09,LAZ,6416,2609,3807,6303,0,113,ITI,ITI4,12,Lazio,Lazio,5879082,5453578,92.76,0.11
1541,2021-04-19,LAZ,30154,13712,16442,19008,10725,421,ITI,ITI4,12,Lazio,Lazio,5879082,5483732,93.28,0.51
1542,2021-02-21,LAZ,6996,3184,3812,6485,465,46,ITI,ITI4,12,Lazio,Lazio,5879082,5490728,93.39,0.12
1543,2021-07-26,LAZ,50819,25042,25777,6649,43863,307,ITI,ITI4,12,Lazio,Lazio,5879082,5541547,94.26,0.86
1544,2021-03-12,LAZ,24103,11144,12959,17391,6356,356,ITI,ITI4,12,Lazio,Lazio,5879082,5565650,94.67,0.41
1545,2021-08-13,LAZ,43030,22364,20666,19813,22182,1035,ITI,ITI4,12,Lazio,Lazio,5879082,5608680,95.4,0.73
1546,2021-03-16,LAZ,13597,5765,7832,7048,6468,81,ITI,ITI4,12,Lazio,Lazio,5879082,5622277,95.63,0.23
1547,2021-03-09,LAZ,22027,9950,12077,16445,5222,360,ITI,ITI4,12,Lazio,Lazio,5879082,5644304,96.01,0.37
1548,2021-01-11,LAZ,5663,2148,3515,5517,0,146,ITI,ITI4,12,Lazio,Lazio,5879082,5649967,96.1,0.1
1549,2021-07-06,LAZ,62570,30361,32209,28564,33519,487,ITI,ITI4,12,Lazio,Lazio,5879082,5712537,97.17,1.06
1550,2021-01-25,LAZ,8120,3251,4869,775,7345,0,ITI,ITI4,12,Lazio,Lazio,5879082,5720657,97.31,0.14
1551,2021-05-05,LAZ,46841,21495,25346,30422,15861,558,ITI,ITI4,12,Lazio,Lazio,5879082,5767498,98.1,0.8
1552,2021-03-02,LAZ,17233,7630,9603,13113,3956,164,ITI,ITI4,12,Lazio,Lazio,5879082,5784731,98.4,0.29
1553,2021-01-18,LAZ,6387,2603,3784,5280,981,126,ITI,ITI4,12,Lazio,Lazio,5879082,5791118,98.5,0.11
1554,2021-04-28,LAZ,33030,15071,17959,20980,11659,391,ITI,ITI4,12,Lazio,Lazio,5879082,5824148,99.07,0.56
1555,2021-02-14,LAZ,5782,2373,3409,5276,475,31,ITI,ITI4,12,Lazio,Lazio,5879082,5829930,99.16,0.1
1556,2021-02-28,LAZ,10284,4038,6246,9646,539,99,ITI,ITI4,12,Lazio,Lazio,5879082,5840214,99.34,0.17
1557,2021-01-02,LAZ,6837,2680,4157,6757,0,80,ITI,ITI4,12,Lazio,Lazio,5879082,5847051,99.46,0.12
1558,2021-02-09,LAZ,8821,3782,5039,4578,4237,6,ITI,ITI4,12,Lazio,Lazio,5879082,5855872,99.61,0.15
1559,2021-02-23,LAZ,11102,4790,6312,10205,769,128,ITI,ITI4,12,Lazio,Lazio,5879082,5866974,99.79,0.19
1560,2021-01-21,LAZ,5653,2366,3287,554,5099,0,ITI,ITI4,12,Lazio,Lazio,5879082,5872627,99.89,0.1
1561,2021-03-27,LAZ,26545,10798,15747,19483,6516,546,ITI,ITI4,12,Lazio,Lazio,5879082,5899172,100.34,0.45
1562,2021-07-05,LAZ,61679,29694,31985,25604,35014,1061,ITI,ITI4,12,Lazio,Lazio,5879082,5960851,101.39,1.05
1563,2021-05-23,LAZ,47171,22888,24283,39125,7403,643,ITI,ITI4,12,Lazio,Lazio,5879082,6008022,102.19,0.8
1564,2021-05-09,LAZ,37567,17270,20297,25833,11286,448,ITI,ITI4,12,Lazio,Lazio,5879082,6045589,102.83,0.64
1565,2021-08-17,LAZ,6066,3430,2636,2608,3384,74,ITI,ITI4,12,Lazio,Lazio,5879082,6051655,102.94,0.1
1566,2021-07-12,LAZ,41402,20711,20691,5866,35310,226,ITI,ITI4,12,Lazio,Lazio,5879082,6093057,103.64,0.7
1567,2021-05-16,LAZ,51014,24571,26443,36966,13514,534,ITI,ITI4,12,Lazio,Lazio,5879082,6144071,104.51,0.87
1568,2021-04-07,LAZ,26033,12184,13849,18367,7324,342,ITI,ITI4,12,Lazio,Lazio,5879082,6170104,104.95,0.44
1569,2020-12-28,LAZ,960,413,547,955,0,5,ITI,ITI4,12,Lazio,Lazio,5879082,6171064,104.97,0.02
1570,2021-01-16,LAZ,5768,2334,3434,5620,0,148,ITI,ITI4,12,Lazio,Lazio,5879082,6176832,105.06,0.1
1571,2021-04-26,LAZ,29331,13499,15832,19615,9285,431,ITI,ITI4,12,Lazio,Lazio,5879082,6206163,105.56,0.5
1572,2021-02-02,LAZ,5918,2219,3699,639,5276,3,ITI,ITI4,12,Lazio,Lazio,5879082,6212081,105.66,0.1
1573,2021-07-18,LAZ,58358,29712,28646,22793,34771,794,ITI,ITI4,12,Lazio,Lazio,5879082,6270439,106.66,0.99
1574,2021-03-31,LAZ,27877,13479,14398,20392,7145,340,ITI,ITI4,12,Lazio,Lazio,5879082,6298316,107.13,0.47
1575,2021-01-07,LAZ,7934,2975,4959,7777,0,157,ITI,ITI4,12,Lazio,Lazio,5879082,6306250,107.27,0.13
1576,2021-06-28,LAZ,58954,28185,30769,27512,31000,442,ITI,ITI4,12,Lazio,Lazio,5879082,6365204,108.27,1.0
1577,2021-02-12,LAZ,6856,2856,4000,6355,421,80,ITI,ITI4,12,Lazio,Lazio,5879082,6372060,108.39,0.12
1578,2020-12-31,LAZ,5371,2150,3221,5311,0,60,ITI,ITI4,12,Lazio,Lazio,5879082,6377431,108.48,0.09
1579,2021-04-10,LAZ,23946,10417,13529,16497,7199,250,ITI,ITI4,12,Lazio,Lazio,5879082,6401377,108.88,0.41
1580,2021-02-05,LAZ,7334,2997,4337,1218,6113,3,ITI,ITI4,12,Lazio,Lazio,5879082,6408711,109.01,0.12
1581,2021-04-03,LAZ,24851,11220,13631,17896,6736,219,ITI,ITI4,12,Lazio,Lazio,5879082,6433562,109.43,0.42
1582,2021-02-19,LAZ,10058,5084,4974,9072,838,148,ITI,ITI4,12,Lazio,Lazio,5879082,6443620,109.6,0.17
1583,2021-06-17,LAZ,67012,32245,34767,31807,34486,719,ITI,ITI4,12,Lazio,Lazio,5879082,6510632,110.74,1.14
1584,2021-04-21,LAZ,33155,15070,18085,20313,12481,361,ITI,ITI4,12,Lazio,Lazio,5879082,6543787,111.31,0.56
1585,2021-07-30,LAZ,55765,28871,26894,7336,48088,341,ITI,ITI4,12,Lazio,Lazio,5879082,6599552,112.25,0.95
1586,2021-06-03,LAZ,56816,28708,28108,38265,17842,709,ITI,ITI4,12,Lazio,Lazio,5879082,6656368,113.22,0.97
1587,2021-08-06,LAZ,31827,16507,15320,21109,9714,1004,ITI,ITI4,12,Lazio,Lazio,5879082,6688195,113.76,0.54
1588,2021-06-10,LAZ,72155,34100,38055,37292,34031,832,ITI,ITI4,12,Lazio,Lazio,5879082,6760350,114.99,1.23
1589,2021-04-14,LAZ,29396,13327,16069,18883,10194,319,ITI,ITI4,12,Lazio,Lazio,5879082,6789746,115.49,0.5
1590,2021-07-23,LAZ,58368,29269,29099,26758,29853,1757,ITI,ITI4,12,Lazio,Lazio,5879082,6848114,116.48,0.99
1591,2021-04-06,LAZ,24642,11281,13361,17149,7174,319,ITI,ITI4,12,Lazio,Lazio,5879082,6872756,116.9,0.42
1592,2020-12-27,LAZ,274,132,142,274,0,0,ITI,ITI4,12,Lazio,Lazio,5879082,6873030,116.91,0.0
1593,2021-03-20,LAZ,19275,7673,11602,13090,5923,262,ITI,ITI4,12,Lazio,Lazio,5879082,6892305,117.23,0.33
1594,2021-07-17,LAZ,43874,22132,21742,2172,41598,104,ITI,ITI4,12,Lazio,Lazio,5879082,6936179,117.98,0.75
1595,2021-06-30,LAZ,63002,29649,33353,29752,32706,544,ITI,ITI4,12,Lazio,Lazio,5879082,6999181,119.05,1.07
1596,2021-04-08,LAZ,26873,12324,14549,18818,7707,348,ITI,ITI4,12,Lazio,Lazio,5879082,7026054,119.51,0.46
1597,2021-07-02,LAZ,48518,23252,25266,6618,41717,183,ITI,ITI4,12,Lazio,Lazio,5879082,7074572,120.33,0.83
1598,2021-03-22,LAZ,23415,10562,12853,16354,6731,330,ITI,ITI4,12,Lazio,Lazio,5879082,7097987,120.73,0.4
1599,2020-12-29,LAZ,496,182,314,492,0,4,ITI,ITI4,12,Lazio,Lazio,5879082,7098483,120.74,0.01
1600,2021-06-13,LAZ,58443,26224,32219,33081,24861,501,ITI,ITI4,12,Lazio,Lazio,5879082,7156926,121.74,0.99
1601,2021-03-07,LAZ,14161,5479,8682,10348,3603,210,ITI,ITI4,12,Lazio,Lazio,5879082,7171087,121.98,0.24
1602,2021-06-15,LAZ,66180,31987,34193,33370,32246,564,ITI,ITI4,12,Lazio,Lazio,5879082,7237267,123.1,1.13
1603,2021-03-24,LAZ,27984,13146,14838,21317,6274,393,ITI,ITI4,12,Lazio,Lazio,5879082,7265251,123.58,0.48
1604,2021-05-29,LAZ,52086,23431,28655,40178,11043,865,ITI,ITI4,12,Lazio,Lazio,5879082,7317337,124.46,0.89
1605,2021-08-01,LAZ,32554,17185,15369,5117,27172,265,ITI,ITI4,12,Lazio,Lazio,5879082,7349891,125.02,0.55
1606,2021-05-10,LAZ,44505,20352,24153,30605,13444,456,ITI,ITI4,12,Lazio,Lazio,5879082,7394396,125.77,0.76
1607,2021-05-27,LAZ,58512,27224,31288,43923,13796,793,ITI,ITI4,12,Lazio,Lazio,5879082,7452908,126.77,1.0
1608,2021-03-05,LAZ,19603,8686,10917,14624,4751,228,ITI,ITI4,12,Lazio,Lazio,5879082,7472511,127.1,0.33
1609,2021-02-16,LAZ,8359,4034,4325,7704,612,43,ITI,ITI4,12,Lazio,Lazio,5879082,7480870,127.25,0.14
1610,2021-01-28,TOS,6286,1883,4403,346,5933,7,ITI,ITI1,9,Toscana,Toscana,3729641,6286,0.17,0.17
1611,2021-03-19,TOS,10171,4475,5696,7127,2896,148,ITI,ITI1,9,Toscana,Toscana,3729641,16457,0.44,0.27
1612,2021-07-01,TOS,32063,15521,16542,10727,21065,271,ITI,ITI1,9,Toscana,Toscana,3729641,48520,1.3,0.86
1613,2021-03-26,TOS,20749,9431,11318,14709,5831,209,ITI,ITI1,9,Toscana,Toscana,3729641,69269,1.86,0.56
1614,2021-03-09,TOS,11142,4575,6567,5502,5562,78,ITI,ITI1,9,Toscana,Toscana,3729641,80411,2.16,0.3
1615,2021-04-09,TOS,24611,10582,14029,20709,3454,448,ITI,ITI1,9,Toscana,Toscana,3729641,105022,2.82,0.66
1616,2021-07-18,TOS,30366,15267,15099,8335,21822,209,ITI,ITI1,9,Toscana,Toscana,3729641,135388,3.63,0.81
1617,2021-06-17,TOS,32591,16696,15895,26693,5556,342,ITI,ITI1,9,Toscana,Toscana,3729641,167979,4.5,0.87
1618,2021-07-30,TOS,37870,20378,17492,10784,26736,350,ITI,ITI1,9,Toscana,Toscana,3729641,205849,5.52,1.02
1619,2021-07-13,TOS,29330,14729,14601,7711,21448,171,ITI,ITI1,9,Toscana,Toscana,3729641,235179,6.31,0.79
1620,2021-04-02,TOS,32025,13579,18446,23689,8081,255,ITI,ITI1,9,Toscana,Toscana,3729641,267204,7.16,0.86
1621,2021-07-11,TOS,26173,12714,13459,9166,16834,173,ITI,ITI1,9,Toscana,Toscana,3729641,293377,7.87,0.7
1622,2021-08-01,TOS,29905,15310,14595,13792,15637,476,ITI,ITI1,9,Toscana,Toscana,3729641,323282,8.67,0.8
1623,2021-06-05,TOS,28448,13603,14845,20560,7618,270,ITI,ITI1,9,Toscana,Toscana,3729641,351730,9.43,0.76
1624,2021-08-08,TOS,25005,12906,12099,14594,9912,499,ITI,ITI1,9,Toscana,Toscana,3729641,376735,10.1,0.67
1625,2021-01-11,TOS,5095,1691,3404,4996,0,99,ITI,ITI1,9,Toscana,Toscana,3729641,381830,10.24,0.14
1626,2021-04-21,TOS,29636,12683,16953,16851,12146,639,ITI,ITI1,9,Toscana,Toscana,3729641,411466,11.03,0.79
1627,2021-02-23,TOS,7723,3325,4398,7209,162,352,ITI,ITI1,9,Toscana,Toscana,3729641,419189,11.24,0.21
1628,2021-06-03,TOS,32061,15456,16605,27149,4588,324,ITI,ITI1,9,Toscana,Toscana,3729641,451250,12.1,0.86
1629,2021-01-16,TOS,3271,1046,2225,3213,0,58,ITI,ITI1,9,Toscana,Toscana,3729641,454521,12.19,0.09
1630,2021-04-26,TOS,10149,4936,5213,7456,2557,136,ITI,ITI1,9,Toscana,Toscana,3729641,464670,12.46,0.27
1631,2021-01-02,TOS,3499,1096,2403,3455,0,44,ITI,ITI1,9,Toscana,Toscana,3729641,468169,12.55,0.09
1632,2021-04-07,TOS,35845,15476,20369,28148,7277,420,ITI,ITI1,9,Toscana,Toscana,3729641,504014,13.51,0.96
1633,2021-06-12,TOS,29401,15157,14244,24658,4391,352,ITI,ITI1,9,Toscana,Toscana,3729641,533415,14.3,0.79
1634,2021-05-22,TOS,26031,12665,13366,21487,4295,249,ITI,ITI1,9,Toscana,Toscana,3729641,559446,15.0,0.7
1635,2021-05-05,TOS,30157,13461,16696,14862,14559,736,ITI,ITI1,9,Toscana,Toscana,3729641,589603,15.81,0.81
1636,2021-08-13,TOS,22980,12446,10534,11240,11195,545,ITI,ITI1,9,Toscana,Toscana,3729641,612583,16.42,0.62
1637,2021-02-28,TOS,1649,667,982,852,727,70,ITI,ITI1,9,Toscana,Toscana,3729641,614232,16.47,0.04
1638,2021-02-11,TOS,5384,2022,3362,5061,242,81,ITI,ITI1,9,Toscana,Toscana,3729641,619616,16.61,0.14
1639,2021-02-09,TOS,4490,1470,3020,3765,611,114,ITI,ITI1,9,Toscana,Toscana,3729641,624106,16.73,0.12
1640,2021-02-04,TOS,4255,1595,2660,933,3295,27,ITI,ITI1,9,Toscana,Toscana,3729641,628361,16.85,0.11
1641,2021-05-15,TOS,29368,13860,15508,22870,5902,596,ITI,ITI1,9,Toscana,Toscana,3729641,657729,17.64,0.79
1642,2021-04-28,TOS,19145,8191,10954,3453,15336,356,ITI,ITI1,9,Toscana,Toscana,3729641,676874,18.15,0.51
1643,2021-02-18,TOS,8824,3285,5539,7744,896,184,ITI,ITI1,9,Toscana,Toscana,3729641,685698,18.39,0.24
1644,2021-05-29,TOS,31577,15264,16313,23178,8171,228,ITI,ITI1,9,Toscana,Toscana,3729641,717275,19.23,0.85
1645,2021-08-06,TOS,32920,17649,15271,15325,17120,475,ITI,ITI1,9,Toscana,Toscana,3729641,750195,20.11,0.88
1646,2021-03-23,TOS,9449,4413,5036,6969,2282,198,ITI,ITI1,9,Toscana,Toscana,3729641,759644,20.37,0.25
1647,2021-01-21,TOS,1589,686,903,858,722,9,ITI,ITI1,9,Toscana,Toscana,3729641,761233,20.41,0.04
1648,2021-06-02,TOS,27601,13625,13976,21858,5510,233,ITI,ITI1,9,Toscana,Toscana,3729641,788834,21.15,0.74
1649,2021-04-06,TOS,22233,9829,12404,18069,3745,419,ITI,ITI1,9,Toscana,Toscana,3729641,811067,21.75,0.6
1650,2021-02-08,TOS,4098,1361,2737,3528,459,111,ITI,ITI1,9,Toscana,Toscana,3729641,815165,21.86,0.11
1651,2021-07-15,TOS,31240,15288,15952,8079,22916,245,ITI,ITI1,9,Toscana,Toscana,3729641,846405,22.69,0.84
1652,2021-06-24,TOS,29449,14623,14826,19308,9747,394,ITI,ITI1,9,Toscana,Toscana,3729641,875854,23.48,0.79
1653,2021-01-09,TOS,4487,1597,2890,4421,0,66,ITI,ITI1,9,Toscana,Toscana,3729641,880341,23.6,0.12
1654,2021-03-07,TOS,5649,2358,3291,1993,3545,111,ITI,ITI1,9,Toscana,Toscana,3729641,885990,23.76,0.15
1655,2021-07-20,TOS,37321,19098,18223,7970,29160,191,ITI,ITI1,9,Toscana,Toscana,3729641,923311,24.76,1.0
1656,2021-02-16,TOS,9281,3340,5941,8329,721,231,ITI,ITI1,9,Toscana,Toscana,3729641,932592,25.0,0.25
1657,2021-05-02,TOS,11177,4934,6243,8977,1966,234,ITI,ITI1,9,Toscana,Toscana,3729641,943769,25.3,0.3
1658,2021-08-10,TOS,25891,13471,12420,16341,8910,640,ITI,ITI1,9,Toscana,Toscana,3729641,969660,26.0,0.69
1659,2021-04-16,TOS,28970,12889,16081,21420,6917,633,ITI,ITI1,9,Toscana,Toscana,3729641,998630,26.78,0.78
1660,2021-07-25,TOS,33908,16769,17139,7052,26677,179,ITI,ITI1,9,Toscana,Toscana,3729641,1032538,27.68,0.91
1661,2021-03-02,TOS,10599,3799,6800,7040,3446,113,ITI,ITI1,9,Toscana,Toscana,3729641,1043137,27.97,0.28
1662,2021-01-04,TOS,5067,1896,3171,5002,0,65,ITI,ITI1,9,Toscana,Toscana,3729641,1048204,28.1,0.14
1663,2021-04-14,TOS,20194,8349,11845,14501,5146,547,ITI,ITI1,9,Toscana,Toscana,3729641,1068398,28.65,0.54
1664,2021-06-14,TOS,31817,16339,15478,27418,4108,291,ITI,ITI1,9,Toscana,Toscana,3729641,1100215,29.5,0.85
1665,2021-05-19,TOS,27969,13584,14385,18643,9060,266,ITI,ITI1,9,Toscana,Toscana,3729641,1128184,30.25,0.75
1666,2021-04-13,TOS,8494,3508,4986,5736,2475,283,ITI,ITI1,9,Toscana,Toscana,3729641,1136678,30.48,0.23
1667,2021-07-22,TOS,39379,19790,19589,4489,34725,165,ITI,ITI1,9,Toscana,Toscana,3729641,1176057,31.53,1.06
1668,2021-05-26,TOS,35609,17109,18500,20138,15215,256,ITI,ITI1,9,Toscana,Toscana,3729641,1211666,32.49,0.95
1669,2021-03-30,TOS,17036,7646,9390,13265,3573,198,ITI,ITI1,9,Toscana,Toscana,3729641,1228702,32.94,0.46
1670,2020-12-30,TOS,329,106,223,328,0,1,ITI,ITI1,9,Toscana,Toscana,3729641,1229031,32.95,0.01
1671,2021-08-05,TOS,34650,17977,16673,12080,22198,372,ITI,ITI1,9,Toscana,Toscana,3729641,1263681,33.88,0.93
1672,2021-05-12,TOS,34220,15583,18637,13581,20053,586,ITI,ITI1,9,Toscana,Toscana,3729641,1297901,34.8,0.92
1673,2021-01-18,TOS,1120,637,483,972,98,50,ITI,ITI1,9,Toscana,Toscana,3729641,1299021,34.83,0.03
1674,2021-06-10,TOS,26442,13564,12878,25536,558,348,ITI,ITI1,9,Toscana,Toscana,3729641,1325463,35.54,0.71
1675,2021-05-24,TOS,33755,16721,17034,23891,9584,280,ITI,ITI1,9,Toscana,Toscana,3729641,1359218,36.44,0.91
1676,2021-01-25,TOS,5132,1895,3237,240,4888,4,ITI,ITI1,9,Toscana,Toscana,3729641,1364350,36.58,0.14
1677,2021-02-20,TOS,4664,1797,2867,3993,537,134,ITI,ITI1,9,Toscana,Toscana,3729641,1369014,36.71,0.13
1678,2021-05-31,TOS,30348,14646,15702,19262,10845,241,ITI,ITI1,9,Toscana,Toscana,3729641,1399362,37.52,0.81
1679,2021-05-14,TOS,33390,15452,17938,20021,12728,641,ITI,ITI1,9,Toscana,Toscana,3729641,1432752,38.42,0.9
1680,2021-02-01,TOS,5514,1959,3555,510,4994,10,ITI,ITI1,9,Toscana,Toscana,3729641,1438266,38.56,0.15
1681,2021-04-27,TOS,10372,4927,5445,3665,6503,204,ITI,ITI1,9,Toscana,Toscana,3729641,1448638,38.84,0.28
1682,2021-07-19,TOS,38026,18953,19073,8817,28920,289,ITI,ITI1,9,Toscana,Toscana,3729641,1486664,39.86,1.02
1683,2021-01-17,TOS,2536,871,1665,1987,514,35,ITI,ITI1,9,Toscana,Toscana,3729641,1489200,39.93,0.07
1684,2021-02-25,TOS,10631,4305,6326,9463,998,170,ITI,ITI1,9,Toscana,Toscana,3729641,1499831,40.21,0.29
1685,2021-06-28,TOS,37698,18139,19559,8440,29091,167,ITI,ITI1,9,Toscana,Toscana,3729641,1537529,41.22,1.01
1686,2021-01-20,TOS,1334,640,694,1023,248,63,ITI,ITI1,9,Toscana,Toscana,3729641,1538863,41.26,0.04
1687,2021-04-30,TOS,40241,17807,22434,19660,19935,646,ITI,ITI1,9,Toscana,Toscana,3729641,1579104,42.34,1.08
1688,2021-04-25,TOS,11063,5250,5813,8759,2143,161,ITI,ITI1,9,Toscana,Toscana,3729641,1590167,42.64,0.3
1689,2021-03-04,TOS,17864,6961,10903,14623,3085,156,ITI,ITI1,9,Toscana,Toscana,3729641,1608031,43.11,0.48
1690,2021-08-17,TOS,17604,9426,8178,7228,10055,321,ITI,ITI1,9,Toscana,Toscana,3729641,1625635,43.59,0.47
1691,2021-06-21,TOS,31199,15492,15707,18142,12794,263,ITI,ITI1,9,Toscana,Toscana,3729641,1656834,44.42,0.84
1692,2021-01-06,TOS,4519,1460,3059,4467,0,52,ITI,ITI1,9,Toscana,Toscana,3729641,1661353,44.54,0.12
1693,2021-03-11,TOS,15962,6383,9579,12407,3373,182,ITI,ITI1,9,Toscana,Toscana,3729641,1677315,44.97,0.43
1694,2021-06-19,TOS,26514,13926,12588,21388,4789,337,ITI,ITI1,9,Toscana,Toscana,3729641,1703829,45.68,0.71
1695,2021-02-05,TOS,5750,2245,3505,1888,3828,34,ITI,ITI1,9,Toscana,Toscana,3729641,1709579,45.84,0.15
1696,2021-05-16,TOS,26689,12895,13794,23923,2470,296,ITI,ITI1,9,Toscana,Toscana,3729641,1736268,46.55,0.72
1697,2021-05-11,TOS,27966,12993,14973,12103,15484,379,ITI,ITI1,9,Toscana,Toscana,3729641,1764234,47.3,0.75
1698,2021-03-13,TOS,9291,3311,5980,5171,3966,154,ITI,ITI1,9,Toscana,Toscana,3729641,1773525,47.55,0.25
1699,2021-07-14,TOS,28908,14274,14634,8604,20054,250,ITI,ITI1,9,Toscana,Toscana,3729641,1802433,48.33,0.78
1700,2021-01-29,TOS,6150,1702,4448,290,5848,12,ITI,ITI1,9,Toscana,Toscana,3729641,1808583,48.49,0.16
1701,2021-07-05,TOS,30518,15086,15432,10336,19951,231,ITI,ITI1,9,Toscana,Toscana,3729641,1839101,49.31,0.82
1702,2021-03-08,TOS,6713,2950,3763,1841,4825,47,ITI,ITI1,9,Toscana,Toscana,3729641,1845814,49.49,0.18
1703,2021-06-16,TOS,31779,16267,15512,26278,5181,320,ITI,ITI1,9,Toscana,Toscana,3729641,1877593,50.34,0.85
1704,2021-05-30,TOS,28699,13955,14744,21507,6950,242,ITI,ITI1,9,Toscana,Toscana,3729641,1906292,51.11,0.77
1705,2021-07-04,TOS,31527,15306,16221,9363,21874,290,ITI,ITI1,9,Toscana,Toscana,3729641,1937819,51.96,0.85
1706,2020-12-31,TOS,802,201,601,798,0,4,ITI,ITI1,9,Toscana,Toscana,3729641,1938621,51.98,0.02
1707,2021-04-10,TOS,11752,5366,6386,10771,743,238,ITI,ITI1,9,Toscana,Toscana,3729641,1950373,52.29,0.32
1708,2021-02-19,TOS,8293,2952,5341,7600,513,180,ITI,ITI1,9,Toscana,Toscana,3729641,1958666,52.52,0.22
1709,2021-07-08,TOS,21078,10361,10717,9255,11583,240,ITI,ITI1,9,Toscana,Toscana,3729641,1979744,53.08,0.57
1710,2020-12-27,TOS,620,267,353,615,0,5,ITI,ITI1,9,Toscana,Toscana,3729641,1980364,53.1,0.02
1711,2021-08-02,TOS,35284,18080,17204,13350,21542,392,ITI,ITI1,9,Toscana,Toscana,3729641,2015648,54.04,0.95
1712,2021-01-03,TOS,3337,1052,2285,3291,0,46,ITI,ITI1,9,Toscana,Toscana,3729641,2018985,54.13,0.09
1713,2021-04-18,TOS,8367,4093,4274,7059,1032,276,ITI,ITI1,9,Toscana,Toscana,3729641,2027352,54.36,0.22
1714,2021-07-27,TOS,38681,20116,18565,11275,27073,333,ITI,ITI1,9,Toscana,Toscana,3729641,2066033,55.39,1.04
1715,2021-07-10,TOS,29306,14182,15124,7957,21164,185,ITI,ITI1,9,Toscana,Toscana,3729641,2095339,56.18,0.79
1716,2021-05-07,TOS,32166,14715,17451,11357,20197,612,ITI,ITI1,9,Toscana,Toscana,3729641,2127505,57.04,0.86
1717,2021-08-15,TOS,14605,7709,6896,5209,9214,182,ITI,ITI1,9,Toscana,Toscana,3729641,2142110,57.43,0.39
1718,2021-07-29,TOS,39365,20503,18862,12597,26424,344,ITI,ITI1,9,Toscana,Toscana,3729641,2181475,58.49,1.06
1719,2021-02-13,TOS,7787,2362,5425,7412,227,148,ITI,ITI1,9,Toscana,Toscana,3729641,2189262,58.7,0.21
1720,2021-01-08,TOS,5948,1644,4304,5855,0,93,ITI,ITI1,9,Toscana,Toscana,3729641,2195210,58.86,0.16
1721,2021-07-12,TOS,28265,13992,14273,9660,18305,300,ITI,ITI1,9,Toscana,Toscana,3729641,2223475,59.62,0.76
1722,2021-05-09,TOS,22542,9775,12767,9409,12872,261,ITI,ITI1,9,Toscana,Toscana,3729641,2246017,60.22,0.6
1723,2021-07-16,TOS,27665,14038,13627,7694,19718,253,ITI,ITI1,9,Toscana,Toscana,3729641,2273682,60.96,0.74
1724,2021-05-20,TOS,29774,13921,15853,18639,10851,284,ITI,ITI1,9,Toscana,Toscana,3729641,2303456,61.76,0.8
1725,2021-01-31,TOS,3052,1131,1921,100,2949,3,ITI,ITI1,9,Toscana,Toscana,3729641,2306508,61.84,0.08
1726,2021-04-05,TOS,15288,6826,8462,14370,738,180,ITI,ITI1,9,Toscana,Toscana,3729641,2321796,62.25,0.41
1727,2021-02-07,TOS,2809,955,1854,864,1925,20,ITI,ITI1,9,Toscana,Toscana,3729641,2324605,62.33,0.08
1728,2021-07-23,TOS,38437,19290,19147,4390,33893,154,ITI,ITI1,9,Toscana,Toscana,3729641,2363042,63.36,1.03
1729,2021-05-18,TOS,28841,14276,14565,19759,8828,254,ITI,ITI1,9,Toscana,Toscana,3729641,2391883,64.13,0.77
1730,2021-08-03,TOS,36313,18902,17411,12149,23787,377,ITI,ITI1,9,Toscana,Toscana,3729641,2428196,65.11,0.97
1731,2021-01-13,TOS,4063,1398,2665,3999,0,64,ITI,ITI1,9,Toscana,Toscana,3729641,2432259,65.21,0.11
1732,2021-04-23,TOS,25671,11430,14241,8806,16334,531,ITI,ITI1,9,Toscana,Toscana,3729641,2457930,65.9,0.69
1733,2021-03-20,TOS,6589,2978,3611,5361,1138,90,ITI,ITI1,9,Toscana,Toscana,3729641,2464519,66.08,0.18
1734,2021-01-22,TOS,2866,1064,1802,524,2339,3,ITI,ITI1,9,Toscana,Toscana,3729641,2467385,66.16,0.08
1735,2021-07-07,TOS,25641,12605,13036,9338,16115,188,ITI,ITI1,9,Toscana,Toscana,3729641,2493026,66.84,0.69
1736,2021-03-27,TOS,8865,4155,4710,8511,216,138,ITI,ITI1,9,Toscana,Toscana,3729641,2501891,67.08,0.24
1737,2021-06-30,TOS,38270,18515,19755,8462,29591,217,ITI,ITI1,9,Toscana,Toscana,3729641,2540161,68.11,1.03
1738,2021-02-14,TOS,9000,2569,6431,8737,110,153,ITI,ITI1,9,Toscana,Toscana,3729641,2549161,68.35,0.24
1739,2021-05-25,TOS,34196,16509,17687,19287,14636,273,ITI,ITI1,9,Toscana,Toscana,3729641,2583357,69.27,0.92
1740,2021-03-29,TOS,9698,4849,4849,9213,351,134,ITI,ITI1,9,Toscana,Toscana,3729641,2593055,69.53,0.26
1741,2021-05-27,TOS,28375,13207,15168,13276,14877,222,ITI,ITI1,9,Toscana,Toscana,3729641,2621430,70.29,0.76
1742,2021-03-31,TOS,32766,13278,19488,20189,12236,341,ITI,ITI1,9,Toscana,Toscana,3729641,2654196,71.16,0.88
1743,2021-07-09,TOS,29123,14107,15016,7690,21240,193,ITI,ITI1,9,Toscana,Toscana,3729641,2683319,71.95,0.78
1744,2021-01-01,TOS,2370,788,1582,2325,0,45,ITI,ITI1,9,Toscana,Toscana,3729641,2685689,72.01,0.06
1745,2021-04-11,TOS,3645,1680,1965,3335,155,155,ITI,ITI1,9,Toscana,Toscana,3729641,2689334,72.11,0.1
1746,2021-07-03,TOS,29412,14819,14593,11864,17164,384,ITI,ITI1,9,Toscana,Toscana,3729641,2718746,72.9,0.79
1747,2021-08-07,TOS,30412,16265,14147,14190,15738,484,ITI,ITI1,9,Toscana,Toscana,3729641,2749158,73.71,0.82
1748,2021-03-06,TOS,7114,2853,4261,2826,4203,85,ITI,ITI1,9,Toscana,Toscana,3729641,2756272,73.9,0.19
1749,2021-02-03,TOS,4225,1452,2773,236,3985,4,ITI,ITI1,9,Toscana,Toscana,3729641,2760497,74.02,0.11
1750,2021-01-15,TOS,3879,1348,2531,3819,0,60,ITI,ITI1,9,Toscana,Toscana,3729641,2764376,74.12,0.1
1751,2021-06-18,TOS,30808,16259,14549,24996,5404,408,ITI,ITI1,9,Toscana,Toscana,3729641,2795184,74.95,0.83
1752,2021-02-15,TOS,8770,3376,5394,7771,826,173,ITI,ITI1,9,Toscana,Toscana,3729641,2803954,75.18,0.24
1753,2021-02-22,TOS,9821,4255,5566,9166,278,377,ITI,ITI1,9,Toscana,Toscana,3729641,2813775,75.44,0.26
1754,2021-04-01,TOS,27127,11255,15872,16173,10714,240,ITI,ITI1,9,Toscana,Toscana,3729641,2840902,76.17,0.73
1755,2021-03-15,TOS,8710,3657,5053,4088,4447,175,ITI,ITI1,9,Toscana,Toscana,3729641,2849612,76.4,0.23
1756,2021-06-23,TOS,31553,15295,16258,19815,11382,356,ITI,ITI1,9,Toscana,Toscana,3729641,2881165,77.25,0.85
1757,2021-01-10,TOS,3002,1105,1897,2947,0,55,ITI,ITI1,9,Toscana,Toscana,3729641,2884167,77.33,0.08
1758,2021-04-20,TOS,18162,8110,10052,12210,5588,364,ITI,ITI1,9,Toscana,Toscana,3729641,2902329,77.82,0.49
1759,2021-04-03,TOS,15017,6646,8371,13675,1126,216,ITI,ITI1,9,Toscana,Toscana,3729641,2917346,78.22,0.4
1760,2021-01-27,TOS,4837,1575,3262,200,4632,5,ITI,ITI1,9,Toscana,Toscana,3729641,2922183,78.35,0.13
1761,2021-03-17,TOS,11426,4591,6835,6799,4534,93,ITI,ITI1,9,Toscana,Toscana,3729641,2933609,78.66,0.31
1762,2021-06-25,TOS,33635,16815,16820,12113,21242,280,ITI,ITI1,9,Toscana,Toscana,3729641,2967244,79.56,0.9
1763,2021-06-08,TOS,32601,16724,15877,31738,490,373,ITI,ITI1,9,Toscana,Toscana,3729641,2999845,80.43,0.87
1764,2021-02-26,TOS,10091,3841,6250,8662,1211,218,ITI,ITI1,9,Toscana,Toscana,3729641,3009936,80.7,0.27
1765,2021-06-06,TOS,28316,13657,14659,22586,5368,362,ITI,ITI1,9,Toscana,Toscana,3729641,3038252,81.46,0.76
1766,2021-05-08,TOS,29183,13128,16055,13280,15502,401,ITI,ITI1,9,Toscana,Toscana,3729641,3067435,82.24,0.78
1767,2021-03-12,TOS,16992,6625,10367,13269,3531,192,ITI,ITI1,9,Toscana,Toscana,3729641,3084427,82.7,0.46
1768,2021-08-16,TOS,29937,15722,14215,16565,12670,702,ITI,ITI1,9,Toscana,Toscana,3729641,3114364,83.5,0.8
1769,2021-01-14,TOS,3255,1179,2076,3219,0,36,ITI,ITI1,9,Toscana,Toscana,3729641,3117619,83.59,0.09
1770,2021-03-25,TOS,23971,10405,13566,15307,8405,259,ITI,ITI1,9,Toscana,Toscana,3729641,3141590,84.23,0.64
1771,2021-04-12,TOS,2624,1192,1432,1800,655,169,ITI,ITI1,9,Toscana,Toscana,3729641,3144214,84.3,0.07
1772,2021-07-21,TOS,38482,19641,18841,7341,30907,234,ITI,ITI1,9,Toscana,Toscana,3729641,3182696,85.34,1.03
1773,2021-05-13,TOS,35193,15546,19647,13204,21349,640,ITI,ITI1,9,Toscana,Toscana,3729641,3217889,86.28,0.94
1774,2021-08-04,TOS,34756,17980,16776,11307,23035,414,ITI,ITI1,9,Toscana,Toscana,3729641,3252645,87.21,0.93
1775,2021-04-29,TOS,39371,17737,21634,18567,20143,661,ITI,ITI1,9,Toscana,Toscana,3729641,3292016,88.27,1.06
1776,2021-03-24,TOS,20031,8310,11721,10404,9483,144,ITI,ITI1,9,Toscana,Toscana,3729641,3312047,88.8,0.54
1777,2021-06-22,TOS,31049,15622,15427,22457,8215,377,ITI,ITI1,9,Toscana,Toscana,3729641,3343096,89.64,0.83
1778,2021-05-17,TOS,29774,14879,14895,20557,8939,278,ITI,ITI1,9,Toscana,Toscana,3729641,3372870,90.43,0.8
1779,2021-03-21,TOS,3296,1629,1667,1819,1434,43,ITI,ITI1,9,Toscana,Toscana,3729641,3376166,90.52,0.09
1780,2021-01-23,TOS,3969,1360,2609,630,3333,6,ITI,ITI1,9,Toscana,Toscana,3729641,3380135,90.63,0.11
1781,2021-06-29,TOS,37043,18035,19008,7990,28906,147,ITI,ITI1,9,Toscana,Toscana,3729641,3417178,91.62,0.99
1782,2021-05-03,TOS,11944,5517,6427,10362,1334,248,ITI,ITI1,9,Toscana,Toscana,3729641,3429122,91.94,0.32
1783,2021-03-22,TOS,5259,2769,2490,4675,447,137,ITI,ITI1,9,Toscana,Toscana,3729641,3434381,92.08,0.14
1784,2021-03-28,TOS,6210,2806,3404,5874,253,83,ITI,ITI1,9,Toscana,Toscana,3729641,3440591,92.25,0.17
1785,2021-01-30,TOS,4624,1623,3001,175,4431,18,ITI,ITI1,9,Toscana,Toscana,3729641,3445215,92.37,0.12
1786,2021-07-06,TOS,25789,13037,12752,11041,14526,222,ITI,ITI1,9,Toscana,Toscana,3729641,3471004,93.07,0.69
1787,2021-05-10,TOS,26235,12414,13821,15246,10644,345,ITI,ITI1,9,Toscana,Toscana,3729641,3497239,93.77,0.7
1788,2021-03-14,TOS,7177,2571,4606,3149,3935,93,ITI,ITI1,9,Toscana,Toscana,3729641,3504416,93.96,0.19
1789,2021-06-20,TOS,25179,12486,12693,15418,9520,241,ITI,ITI1,9,Toscana,Toscana,3729641,3529595,94.64,0.68
1790,2021-04-24,TOS,13447,6173,7274,5618,7460,369,ITI,ITI1,9,Toscana,Toscana,3729641,3543042,95.0,0.36
1791,2021-06-27,TOS,33302,16077,17225,5915,27255,132,ITI,ITI1,9,Toscana,Toscana,3729641,3576344,95.89,0.89
1792,2021-02-21,TOS,5104,2088,3016,4730,170,204,ITI,ITI1,9,Toscana,Toscana,3729641,3581448,96.03,0.14
1793,2021-06-01,TOS,26955,13397,13558,22870,3836,249,ITI,ITI1,9,Toscana,Toscana,3729641,3608403,96.75,0.72
1794,2021-07-02,TOS,28304,14203,14101,10811,17196,297,ITI,ITI1,9,Toscana,Toscana,3729641,3636707,97.51,0.76
1795,2021-06-15,TOS,31216,16069,15147,26304,4573,339,ITI,ITI1,9,Toscana,Toscana,3729641,3667923,98.35,0.84
1796,2021-03-10,TOS,18370,7407,10963,14265,3998,107,ITI,ITI1,9,Toscana,Toscana,3729641,3686293,98.84,0.49
1797,2021-05-01,TOS,23340,10071,13269,13729,9226,385,ITI,ITI1,9,Toscana,Toscana,3729641,3709633,99.46,0.63
1798,2021-03-05,TOS,16881,6691,10190,11943,4757,181,ITI,ITI1,9,Toscana,Toscana,3729641,3726514,99.92,0.45
1799,2021-08-09,TOS,28946,14702,14244,18493,9745,708,ITI,ITI1,9,Toscana,Toscana,3729641,3755460,100.69,0.78
1800,2021-06-13,TOS,24618,12353,12265,22606,1659,353,ITI,ITI1,9,Toscana,Toscana,3729641,3780078,101.35,0.66
1801,2021-02-06,TOS,4529,1551,2978,1261,3236,32,ITI,ITI1,9,Toscana,Toscana,3729641,3784607,101.47,0.12
1802,2021-02-02,TOS,3744,1476,2268,189,3548,7,ITI,ITI1,9,Toscana,Toscana,3729641,3788351,101.57,0.1
1803,2021-07-17,TOS,27740,14333,13407,8958,18542,240,ITI,ITI1,9,Toscana,Toscana,3729641,3816091,102.32,0.74
1804,2021-06-11,TOS,29745,15490,14255,24720,4660,365,ITI,ITI1,9,Toscana,Toscana,3729641,3845836,103.12,0.8
1805,2021-04-15,TOS,24474,10231,14243,15335,8609,530,ITI,ITI1,9,Toscana,Toscana,3729641,3870310,103.77,0.66
1806,2021-02-17,TOS,8178,3171,5007,7301,753,124,ITI,ITI1,9,Toscana,Toscana,3729641,3878488,103.99,0.22
1807,2021-07-24,TOS,38433,19365,19068,6853,31354,226,ITI,ITI1,9,Toscana,Toscana,3729641,3916921,105.02,1.03
1808,2021-05-28,TOS,30138,13953,16185,17427,12483,228,ITI,ITI1,9,Toscana,Toscana,3729641,3947059,105.83,0.81
1809,2021-04-22,TOS,35769,15313,20456,17408,17532,829,ITI,ITI1,9,Toscana,Toscana,3729641,3982828,106.79,0.96
1810,2021-02-24,TOS,10373,4467,5906,10035,198,140,ITI,ITI1,9,Toscana,Toscana,3729641,3993201,107.07,0.28
1811,2021-07-31,TOS,35817,19201,16616,12370,23003,444,ITI,ITI1,9,Toscana,Toscana,3729641,4029018,108.03,0.96
1812,2021-06-04,TOS,28335,13448,14887,20264,7806,265,ITI,ITI1,9,Toscana,Toscana,3729641,4057353,108.79,0.76
1813,2021-04-08,TOS,29749,12587,17162,22936,6445,368,ITI,ITI1,9,Toscana,Toscana,3729641,4087102,109.58,0.8
1814,2021-03-03,TOS,18233,6541,11692,14496,3609,128,ITI,ITI1,9,Toscana,Toscana,3729641,4105335,110.07,0.49
1815,2021-01-05,TOS,5249,1755,3494,5193,0,56,ITI,ITI1,9,Toscana,Toscana,3729641,4110584,110.21,0.14
1816,2021-01-19,TOS,1105,532,573,1063,0,42,ITI,ITI1,9,Toscana,Toscana,3729641,4111689,110.24,0.03
1817,2021-08-11,TOS,26940,14124,12816,16862,9352,726,ITI,ITI1,9,Toscana,Toscana,3729641,4138629,110.97,0.72
1818,2021-01-12,TOS,3582,1398,2184,3509,0,73,ITI,ITI1,9,Toscana,Toscana,3729641,4142211,111.06,0.1
1819,2021-03-18,TOS,9979,3985,5994,5850,3992,137,ITI,ITI1,9,Toscana,Toscana,3729641,4152190,111.33,0.27
1820,2021-06-26,TOS,34570,16768,17802,9995,24345,230,ITI,ITI1,9,Toscana,Toscana,3729641,4186760,112.26,0.93
1821,2021-06-09,TOS,34840,17578,17262,33955,462,423,ITI,ITI1,9,Toscana,Toscana,3729641,4221600,113.19,0.93
1822,2021-04-04,TOS,13927,6612,7315,13507,255,165,ITI,ITI1,9,Toscana,Toscana,3729641,4235527,113.56,0.37
1823,2021-03-16,TOS,4904,1885,3019,2569,2254,81,ITI,ITI1,9,Toscana,Toscana,3729641,4240431,113.7,0.13
1824,2021-02-27,TOS,1984,756,1228,1007,902,75,ITI,ITI1,9,Toscana,Toscana,3729641,4242415,113.75,0.05
1825,2021-06-07,TOS,34959,17153,17806,30972,3646,341,ITI,ITI1,9,Toscana,Toscana,3729641,4277374,114.69,0.94
1826,2021-05-21,TOS,28946,13494,15452,17223,11466,257,ITI,ITI1,9,Toscana,Toscana,3729641,4306320,115.46,0.78
1827,2021-03-01,TOS,4474,1734,2740,766,3642,66,ITI,ITI1,9,Toscana,Toscana,3729641,4310794,115.58,0.12
1828,2021-05-23,TOS,28434,13669,14765,25605,2560,269,ITI,ITI1,9,Toscana,Toscana,3729641,4339228,116.34,0.76
1829,2021-08-14,TOS,22334,12185,10149,10433,11489,412,ITI,ITI1,9,Toscana,Toscana,3729641,4361562,116.94,0.6
1830,2021-08-12,TOS,25804,13427,12377,14295,10869,640,ITI,ITI1,9,Toscana,Toscana,3729641,4387366,117.64,0.69
1831,2021-07-26,TOS,38253,19839,18414,10080,27868,305,ITI,ITI1,9,Toscana,Toscana,3729641,4425619,118.66,1.03
1832,2021-02-10,TOS,4268,1285,2983,3587,525,156,ITI,ITI1,9,Toscana,Toscana,3729641,4429887,118.78,0.11
1833,2021-05-04,TOS,18324,8217,10107,12414,5464,446,ITI,ITI1,9,Toscana,Toscana,3729641,4448211,119.27,0.49
1834,2021-02-12,TOS,7619,2694,4925,7293,213,113,ITI,ITI1,9,Toscana,Toscana,3729641,4455830,119.47,0.2
1835,2021-07-28,TOS,38544,20149,18395,12103,26103,338,ITI,ITI1,9,Toscana,Toscana,3729641,4494374,120.5,1.03
1836,2021-01-26,TOS,5398,1794,3604,209,5185,4,ITI,ITI1,9,Toscana,Toscana,3729641,4499772,120.65,0.14
1837,2021-05-06,TOS,31429,13670,17759,13466,17269,694,ITI,ITI1,9,Toscana,Toscana,3729641,4531201,121.49,0.84
1838,2021-04-19,TOS,9103,4515,4588,7753,1033,317,ITI,ITI1,9,Toscana,Toscana,3729641,4540304,121.74,0.24
1839,2021-04-17,TOS,20561,9219,11342,17930,2141,490,ITI,ITI1,9,Toscana,Toscana,3729641,4560865,122.29,0.55
1840,2021-01-24,TOS,3350,1073,2277,197,3150,3,ITI,ITI1,9,Toscana,Toscana,3729641,4564215,122.38,0.09
1841,2021-01-07,TOS,6018,1751,4267,5932,0,86,ITI,ITI1,9,Toscana,Toscana,3729641,4570233,122.54,0.16
1842,2021-05-01,MOL,2653,1272,1381,407,2227,19,ITF,ITF2,14,Molise,Molise,305617,2653,0.87,0.87
1843,2021-03-05,MOL,1224,651,573,1004,207,13,ITF,ITF2,14,Molise,Molise,305617,3877,1.27,0.4
1844,2021-08-09,MOL,3437,1777,1660,1631,1757,49,ITF,ITF2,14,Molise,Molise,305617,7314,2.39,1.12
1845,2021-06-13,MOL,2899,1543,1356,2533,328,38,ITF,ITF2,14,Molise,Molise,305617,10213,3.34,0.95
1846,2021-04-17,MOL,3061,1506,1555,1542,1492,27,ITF,ITF2,14,Molise,Molise,305617,13274,4.34,1.0
1847,2021-06-20,MOL,422,174,248,47,371,4,ITF,ITF2,14,Molise,Molise,305617,13696,4.48,0.14
1848,2021-04-24,MOL,2559,1207,1352,697,1847,15,ITF,ITF2,14,Molise,Molise,305617,16255,5.32,0.84
1849,2021-06-27,MOL,2371,1124,1247,1132,1229,10,ITF,ITF2,14,Molise,Molise,305617,18626,6.09,0.78
1850,2021-01-07,MOL,600,209,391,600,0,0,ITF,ITF2,14,Molise,Molise,305617,19226,6.29,0.2
1851,2021-02-12,MOL,335,151,184,210,124,1,ITF,ITF2,14,Molise,Molise,305617,19561,6.4,0.11
1852,2021-02-19,MOL,171,95,76,169,2,0,ITF,ITF2,14,Molise,Molise,305617,19732,6.46,0.06
1853,2021-03-10,MOL,1742,720,1022,1670,50,22,ITF,ITF2,14,Molise,Molise,305617,21474,7.03,0.57
1854,2021-06-01,MOL,2606,1324,1282,2461,108,37,ITF,ITF2,14,Molise,Molise,305617,24080,7.88,0.85
1855,2021-07-14,MOL,3407,1668,1739,196,3195,16,ITF,ITF2,14,Molise,Molise,305617,27487,8.99,1.11
1856,2021-04-05,MOL,391,189,202,292,99,0,ITF,ITF2,14,Molise,Molise,305617,27878,9.12,0.13
1857,2021-03-29,MOL,2037,835,1202,1518,487,32,ITF,ITF2,14,Molise,Molise,305617,29915,9.79,0.67
1858,2021-01-31,MOL,268,70,198,6,262,0,ITF,ITF2,14,Molise,Molise,305617,30183,9.88,0.09
1859,2021-01-26,MOL,450,184,266,8,442,0,ITF,ITF2,14,Molise,Molise,305617,30633,10.02,0.15
1860,2021-05-06,MOL,2697,1220,1477,2049,603,45,ITF,ITF2,14,Molise,Molise,305617,33330,10.91,0.88
1861,2021-07-28,MOL,2427,1285,1142,1131,1265,31,ITF,ITF2,14,Molise,Molise,305617,35757,11.7,0.79
1862,2021-02-07,MOL,66,32,34,19,47,0,ITF,ITF2,14,Molise,Molise,305617,35823,11.72,0.02
1863,2021-05-18,MOL,1661,886,775,999,656,6,ITF,ITF2,14,Molise,Molise,305617,37484,12.27,0.54
1864,2021-03-22,MOL,1151,442,709,890,244,17,ITF,ITF2,14,Molise,Molise,305617,38635,12.64,0.38
1865,2021-07-23,MOL,2914,1515,1399,871,1989,54,ITF,ITF2,14,Molise,Molise,305617,41549,13.6,0.95
1866,2021-03-24,MOL,1632,658,974,1213,402,17,ITF,ITF2,14,Molise,Molise,305617,43181,14.13,0.53
1867,2021-07-02,MOL,2671,1295,1376,134,2529,8,ITF,ITF2,14,Molise,Molise,305617,45852,15.0,0.87
1868,2021-07-04,MOL,2153,1086,1067,580,1550,23,ITF,ITF2,14,Molise,Molise,305617,48005,15.71,0.7
1869,2021-08-16,MOL,1574,819,755,781,778,15,ITF,ITF2,14,Molise,Molise,305617,49579,16.22,0.52
1870,2021-03-15,MOL,834,340,494,570,245,19,ITF,ITF2,14,Molise,Molise,305617,50413,16.5,0.27
1871,2021-06-24,MOL,3339,1553,1786,436,2866,37,ITF,ITF2,14,Molise,Molise,305617,53752,17.59,1.09
1872,2021-02-26,MOL,564,261,303,490,73,1,ITF,ITF2,14,Molise,Molise,305617,54316,17.77,0.18
1873,2021-08-02,MOL,2695,1408,1287,1190,1462,43,ITF,ITF2,14,Molise,Molise,305617,57011,18.65,0.88
1874,2021-06-06,MOL,2077,1068,1009,1736,324,17,ITF,ITF2,14,Molise,Molise,305617,59088,19.33,0.68
1875,2021-03-19,MOL,1187,483,704,742,428,17,ITF,ITF2,14,Molise,Molise,305617,60275,19.72,0.39
1876,2021-01-21,MOL,6,2,4,6,0,0,ITF,ITF2,14,Molise,Molise,305617,60281,19.72,0.0
1877,2021-05-13,MOL,3050,1417,1633,2537,460,53,ITF,ITF2,14,Molise,Molise,305617,63331,20.72,1.0
1878,2021-08-04,MOL,2502,1295,1207,950,1534,18,ITF,ITF2,14,Molise,Molise,305617,65833,21.54,0.82
1879,2021-04-28,MOL,1698,925,773,471,1220,7,ITF,ITF2,14,Molise,Molise,305617,67531,22.1,0.56
1880,2021-08-06,MOL,2322,1226,1096,1077,1202,43,ITF,ITF2,14,Molise,Molise,305617,69853,22.86,0.76
1881,2021-03-17,MOL,913,386,527,521,333,59,ITF,ITF2,14,Molise,Molise,305617,70766,23.16,0.3
1882,2021-06-25,MOL,3441,1692,1749,1471,1916,54,ITF,ITF2,14,Molise,Molise,305617,74207,24.28,1.13
1883,2021-06-08,MOL,2898,1600,1298,2199,696,3,ITF,ITF2,14,Molise,Molise,305617,77105,25.23,0.95
1884,2021-07-16,MOL,3054,1548,1506,384,2642,28,ITF,ITF2,14,Molise,Molise,305617,80159,26.23,1.0
1885,2021-07-09,MOL,3438,1651,1787,166,3254,18,ITF,ITF2,14,Molise,Molise,305617,83597,27.35,1.12
1886,2021-05-20,MOL,2674,1378,1296,2402,189,83,ITF,ITF2,14,Molise,Molise,305617,86271,28.23,0.87
1887,2021-05-25,MOL,1969,889,1080,1302,632,35,ITF,ITF2,14,Molise,Molise,305617,88240,28.87,0.64
1888,2021-01-04,MOL,314,131,183,314,0,0,ITF,ITF2,14,Molise,Molise,305617,88554,28.98,0.1
1889,2021-04-14,MOL,1810,768,1042,1135,665,10,ITF,ITF2,14,Molise,Molise,305617,90364,29.57,0.59
1890,2021-02-16,MOL,158,72,86,151,6,1,ITF,ITF2,14,Molise,Molise,305617,90522,29.62,0.05
1891,2021-05-27,MOL,2842,1350,1492,1966,840,36,ITF,ITF2,14,Molise,Molise,305617,93364,30.55,0.93
1892,2021-01-28,MOL,615,217,398,17,598,0,ITF,ITF2,14,Molise,Molise,305617,93979,30.75,0.2
1893,2021-03-12,MOL,1461,639,822,1405,36,20,ITF,ITF2,14,Molise,Molise,305617,95440,31.23,0.48
1894,2021-01-14,MOL,647,239,408,647,0,0,ITF,ITF2,14,Molise,Molise,305617,96087,31.44,0.21
1895,2021-03-02,MOL,669,385,284,505,158,6,ITF,ITF2,14,Molise,Molise,305617,96756,31.66,0.22
1896,2021-06-10,MOL,2581,1190,1391,1242,1301,38,ITF,ITF2,14,Molise,Molise,305617,99337,32.5,0.84
1897,2021-04-02,MOL,1460,712,748,662,779,19,ITF,ITF2,14,Molise,Molise,305617,100797,32.98,0.48
1898,2021-07-11,MOL,2455,1196,1259,179,2273,3,ITF,ITF2,14,Molise,Molise,305617,103252,33.78,0.8
1899,2021-08-13,MOL,1531,797,734,1120,383,28,ITF,ITF2,14,Molise,Molise,305617,104783,34.29,0.5
1900,2021-05-08,MOL,2987,1458,1529,1703,1247,37,ITF,ITF2,14,Molise,Molise,305617,107770,35.26,0.98
1901,2021-01-17,MOL,78,38,40,48,30,0,ITF,ITF2,14,Molise,Molise,305617,107848,35.29,0.03
1902,2021-04-10,MOL,2646,1264,1382,2455,152,39,ITF,ITF2,14,Molise,Molise,305617,110494,36.15,0.87
1903,2021-02-05,MOL,595,270,325,55,540,0,ITF,ITF2,14,Molise,Molise,305617,111089,36.35,0.19
1904,2021-01-19,MOL,174,63,111,163,11,0,ITF,ITF2,14,Molise,Molise,305617,111263,36.41,0.06
1905,2021-04-29,MOL,2242,1148,1094,877,1350,15,ITF,ITF2,14,Molise,Molise,305617,113505,37.14,0.73
1906,2021-04-12,MOL,1299,557,742,1037,251,11,ITF,ITF2,14,Molise,Molise,305617,114804,37.56,0.43
1907,2021-07-21,MOL,2023,1020,1003,780,1205,38,ITF,ITF2,14,Molise,Molise,305617,116827,38.23,0.66
1908,2021-01-09,MOL,452,154,298,452,0,0,ITF,ITF2,14,Molise,Molise,305617,117279,38.37,0.15
1909,2021-04-19,MOL,1829,843,986,988,779,62,ITF,ITF2,14,Molise,Molise,305617,119108,38.97,0.6
1910,2021-07-13,MOL,2807,1426,1381,319,2471,17,ITF,ITF2,14,Molise,Molise,305617,121915,39.89,0.92
1911,2021-04-21,MOL,1875,793,1082,969,899,7,ITF,ITF2,14,Molise,Molise,305617,123790,40.5,0.61
1912,2021-07-30,MOL,2675,1382,1293,1430,1190,55,ITF,ITF2,14,Molise,Molise,305617,126465,41.38,0.88
1913,2021-02-11,MOL,295,133,162,258,37,0,ITF,ITF2,14,Molise,Molise,305617,126760,41.48,0.1
1914,2021-05-22,MOL,2268,1177,1091,2163,88,17,ITF,ITF2,14,Molise,Molise,305617,129028,42.22,0.74
1915,2021-03-16,MOL,615,230,385,265,348,2,ITF,ITF2,14,Molise,Molise,305617,129643,42.42,0.2
1916,2021-01-11,MOL,558,194,364,558,0,0,ITF,ITF2,14,Molise,Molise,305617,130201,42.6,0.18
1917,2021-03-31,MOL,2197,919,1278,1308,820,69,ITF,ITF2,14,Molise,Molise,305617,132398,43.32,0.72
1918,2021-07-25,MOL,2011,1061,950,355,1642,14,ITF,ITF2,14,Molise,Molise,305617,134409,43.98,0.66
1919,2021-05-29,MOL,2366,1232,1134,1935,391,40,ITF,ITF2,14,Molise,Molise,305617,136775,44.75,0.77
1920,2021-02-09,MOL,360,170,190,197,163,0,ITF,ITF2,14,Molise,Molise,305617,137135,44.87,0.12
1921,2021-08-01,MOL,956,522,434,752,174,30,ITF,ITF2,14,Molise,Molise,305617,138091,45.18,0.31
1922,2021-08-03,MOL,2198,1141,1057,1215,949,34,ITF,ITF2,14,Molise,Molise,305617,140289,45.9,0.72
1923,2021-03-11,MOL,1469,639,830,1448,6,15,ITF,ITF2,14,Molise,Molise,305617,141758,46.38,0.48
1924,2021-01-06,MOL,690,260,430,690,0,0,ITF,ITF2,14,Molise,Molise,305617,142448,46.61,0.23
1925,2021-04-16,MOL,2433,1033,1400,1176,1234,23,ITF,ITF2,14,Molise,Molise,305617,144881,47.41,0.8
1926,2021-06-21,MOL,2914,1357,1557,1631,1236,47,ITF,ITF2,14,Molise,Molise,305617,147795,48.36,0.95
1927,2021-04-25,MOL,794,397,397,557,233,4,ITF,ITF2,14,Molise,Molise,305617,148589,48.62,0.26
1928,2021-07-29,MOL,2448,1254,1194,1585,817,46,ITF,ITF2,14,Molise,Molise,305617,151037,49.42,0.8
1929,2021-01-25,MOL,319,130,189,3,316,0,ITF,ITF2,14,Molise,Molise,305617,151356,49.52,0.1
1930,2021-05-05,MOL,2446,1052,1394,2273,144,29,ITF,ITF2,14,Molise,Molise,305617,153802,50.33,0.8
1931,2021-05-04,MOL,2711,1182,1529,2547,128,36,ITF,ITF2,14,Molise,Molise,305617,156513,51.21,0.89
1932,2021-01-10,MOL,270,72,198,270,0,0,ITF,ITF2,14,Molise,Molise,305617,156783,51.3,0.09
1933,2021-04-20,MOL,2329,1033,1296,1213,1107,9,ITF,ITF2,14,Molise,Molise,305617,159112,52.06,0.76
1934,2021-06-09,MOL,1796,904,892,840,928,28,ITF,ITF2,14,Molise,Molise,305617,160908,52.65,0.59
1935,2021-05-23,MOL,1783,896,887,1742,9,32,ITF,ITF2,14,Molise,Molise,305617,162691,53.23,0.58
1936,2021-03-01,MOL,662,274,388,430,215,17,ITF,ITF2,14,Molise,Molise,305617,163353,53.45,0.22
1937,2021-04-03,MOL,1777,854,923,1721,35,21,ITF,ITF2,14,Molise,Molise,305617,165130,54.03,0.58
1938,2021-07-12,MOL,2676,1320,1356,355,2300,21,ITF,ITF2,14,Molise,Molise,305617,167806,54.91,0.88
1939,2021-05-26,MOL,1586,713,873,800,755,31,ITF,ITF2,14,Molise,Molise,305617,169392,55.43,0.52
1940,2021-03-30,MOL,2004,858,1146,1471,513,20,ITF,ITF2,14,Molise,Molise,305617,171396,56.08,0.66
1941,2021-03-07,MOL,1133,501,632,1128,2,3,ITF,ITF2,14,Molise,Molise,305617,172529,56.45,0.37
1942,2021-06-15,MOL,2227,1048,1179,754,1456,17,ITF,ITF2,14,Molise,Molise,305617,174756,57.18,0.73
1943,2021-06-17,MOL,2312,1019,1293,915,1370,27,ITF,ITF2,14,Molise,Molise,305617,177068,57.94,0.76
1944,2021-03-26,MOL,2580,1045,1535,1892,643,45,ITF,ITF2,14,Molise,Molise,305617,179648,58.78,0.84
1945,2021-01-13,MOL,479,163,316,479,0,0,ITF,ITF2,14,Molise,Molise,305617,180127,58.94,0.16
1946,2021-06-19,MOL,2350,1169,1181,1283,1023,44,ITF,ITF2,14,Molise,Molise,305617,182477,59.71,0.77
1947,2021-04-23,MOL,2056,884,1172,1378,662,16,ITF,ITF2,14,Molise,Molise,305617,184533,60.38,0.67
1948,2021-06-30,MOL,2970,1412,1558,875,2011,84,ITF,ITF2,14,Molise,Molise,305617,187503,61.35,0.97
1949,2021-03-13,MOL,1191,596,595,183,990,18,ITF,ITF2,14,Molise,Molise,305617,188694,61.74,0.39
1950,2021-01-15,MOL,540,243,297,540,0,0,ITF,ITF2,14,Molise,Molise,305617,189234,61.92,0.18
1951,2021-06-23,MOL,2798,1289,1509,221,2567,10,ITF,ITF2,14,Molise,Molise,305617,192032,62.83,0.92
1952,2021-03-20,MOL,2328,974,1354,996,1323,9,ITF,ITF2,14,Molise,Molise,305617,194360,63.6,0.76
1953,2021-06-28,MOL,2916,1359,1557,1004,1889,23,ITF,ITF2,14,Molise,Molise,305617,197276,64.55,0.95
1954,2021-02-23,MOL,585,223,362,362,221,2,ITF,ITF2,14,Molise,Molise,305617,197861,64.74,0.19
1955,2021-06-03,MOL,3303,1574,1729,2709,560,34,ITF,ITF2,14,Molise,Molise,305617,201164,65.82,1.08
1956,2021-04-07,MOL,1690,848,842,1370,275,45,ITF,ITF2,14,Molise,Molise,305617,202854,66.38,0.55
1957,2021-06-05,MOL,3008,1522,1486,2806,174,28,ITF,ITF2,14,Molise,Molise,305617,205862,67.36,0.98
1958,2021-07-18,MOL,1753,882,871,125,1619,9,ITF,ITF2,14,Molise,Molise,305617,207615,67.93,0.57
1959,2021-03-04,MOL,852,417,435,515,325,12,ITF,ITF2,14,Molise,Molise,305617,208467,68.21,0.28
1960,2021-06-12,MOL,3470,1789,1681,3292,124,54,ITF,ITF2,14,Molise,Molise,305617,211937,69.35,1.14
1961,2021-08-17,MOL,1222,639,583,324,883,15,ITF,ITF2,14,Molise,Molise,305617,213159,69.75,0.4
1962,2021-06-14,MOL,1641,815,826,545,1079,17,ITF,ITF2,14,Molise,Molise,305617,214800,70.28,0.54
1963,2021-01-20,MOL,18,8,10,18,0,0,ITF,ITF2,14,Molise,Molise,305617,214818,70.29,0.01
1964,2021-04-30,MOL,2950,1563,1387,820,2115,15,ITF,ITF2,14,Molise,Molise,305617,217768,71.26,0.97
1965,2021-02-25,MOL,542,239,303,471,68,3,ITF,ITF2,14,Molise,Molise,305617,218310,71.43,0.18
1966,2021-08-10,MOL,1924,1046,878,685,1207,32,ITF,ITF2,14,Molise,Molise,305617,220234,72.06,0.63
1967,2021-08-12,MOL,1461,758,703,1026,397,38,ITF,ITF2,14,Molise,Molise,305617,221695,72.54,0.48
1968,2021-01-29,MOL,424,137,287,6,418,0,ITF,ITF2,14,Molise,Molise,305617,222119,72.68,0.14
1969,2021-05-09,MOL,2060,935,1125,1928,97,35,ITF,ITF2,14,Molise,Molise,305617,224179,73.35,0.67
1970,2021-07-07,MOL,2959,1368,1591,57,2898,4,ITF,ITF2,14,Molise,Molise,305617,227138,74.32,0.97
1971,2021-05-11,MOL,3226,1421,1805,2913,254,59,ITF,ITF2,14,Molise,Molise,305617,230364,75.38,1.06
1972,2021-02-28,MOL,833,335,498,789,42,2,ITF,ITF2,14,Molise,Molise,305617,231197,75.65,0.27
1973,2021-02-27,MOL,1370,570,800,1346,19,5,ITF,ITF2,14,Molise,Molise,305617,232567,76.1,0.45
1974,2021-06-07,MOL,1961,863,1098,1118,819,24,ITF,ITF2,14,Molise,Molise,305617,234528,76.74,0.64
1975,2021-02-13,MOL,132,80,52,132,0,0,ITF,ITF2,14,Molise,Molise,305617,234660,76.78,0.04
1976,2021-05-24,MOL,1968,855,1113,1271,669,28,ITF,ITF2,14,Molise,Molise,305617,236628,77.43,0.64
1977,2021-05-07,MOL,2649,1232,1417,2019,599,31,ITF,ITF2,14,Molise,Molise,305617,239277,78.29,0.87
1978,2021-04-18,MOL,1084,484,600,143,935,6,ITF,ITF2,14,Molise,Molise,305617,240361,78.65,0.35
1979,2021-07-27,MOL,1921,1060,861,1311,550,60,ITF,ITF2,14,Molise,Molise,305617,242282,79.28,0.63
1980,2021-07-10,MOL,3724,1781,1943,321,3389,14,ITF,ITF2,14,Molise,Molise,305617,246006,80.49,1.22
1981,2021-04-04,MOL,253,141,112,231,15,7,ITF,ITF2,14,Molise,Molise,305617,246259,80.58,0.08
1982,2021-03-18,MOL,1158,476,682,634,465,59,ITF,ITF2,14,Molise,Molise,305617,247417,80.96,0.38
1983,2021-06-26,MOL,3127,1535,1592,525,2588,14,ITF,ITF2,14,Molise,Molise,305617,250544,81.98,1.02
1984,2021-02-01,MOL,563,201,362,14,549,0,ITF,ITF2,14,Molise,Molise,305617,251107,82.16,0.18
1985,2021-07-08,MOL,3430,1650,1780,107,3300,23,ITF,ITF2,14,Molise,Molise,305617,254537,83.29,1.12
1986,2021-05-12,MOL,2862,1297,1565,2697,97,68,ITF,ITF2,14,Molise,Molise,305617,257399,84.22,0.94
1987,2021-04-06,MOL,1500,703,797,1133,345,22,ITF,ITF2,14,Molise,Molise,305617,258899,84.71,0.49
1988,2021-02-08,MOL,335,141,194,216,119,0,ITF,ITF2,14,Molise,Molise,305617,259234,84.82,0.11
1989,2021-07-15,MOL,3214,1616,1598,210,2990,14,ITF,ITF2,14,Molise,Molise,305617,262448,85.87,1.05
1990,2021-05-19,MOL,2351,1208,1143,1885,429,37,ITF,ITF2,14,Molise,Molise,305617,264799,86.64,0.77
1991,2021-03-23,MOL,1646,697,949,1413,208,25,ITF,ITF2,14,Molise,Molise,305617,266445,87.18,0.54
1992,2021-07-01,MOL,2668,1298,1370,271,2382,15,ITF,ITF2,14,Molise,Molise,305617,269113,88.06,0.87
1993,2021-02-18,MOL,321,74,247,304,13,4,ITF,ITF2,14,Molise,Molise,305617,269434,88.16,0.11
1994,2021-03-09,MOL,1333,581,752,1151,154,28,ITF,ITF2,14,Molise,Molise,305617,270767,88.6,0.44
1995,2021-02-20,MOL,1020,443,577,1000,20,0,ITF,ITF2,14,Molise,Molise,305617,271787,88.93,0.33
1996,2021-05-31,MOL,2373,1153,1220,1905,426,42,ITF,ITF2,14,Molise,Molise,305617,274160,89.71,0.78
1997,2021-05-14,MOL,2651,1219,1432,1893,722,36,ITF,ITF2,14,Molise,Molise,305617,276811,90.57,0.87
1998,2021-06-02,MOL,2818,1361,1457,2695,100,23,ITF,ITF2,14,Molise,Molise,305617,279629,91.5,0.92
1999,2021-07-19,MOL,2768,1354,1414,506,2235,27,ITF,ITF2,14,Molise,Molise,305617,282397,92.4,0.91
2000,2021-07-26,MOL,2423,1250,1173,1249,1114,60,ITF,ITF2,14,Molise,Molise,305617,284820,93.2,0.79
2001,2021-02-15,MOL,144,70,74,141,3,0,ITF,ITF2,14,Molise,Molise,305617,284964,93.24,0.05
2002,2021-02-10,MOL,151,79,72,131,20,0,ITF,ITF2,14,Molise,Molise,305617,285115,93.29,0.05
2003,2021-05-21,MOL,2185,1096,1089,1781,323,81,ITF,ITF2,14,Molise,Molise,305617,287300,94.01,0.71
2004,2021-01-27,MOL,675,251,424,8,667,0,ITF,ITF2,14,Molise,Molise,305617,287975,94.23,0.22
2005,2021-08-14,MOL,1619,874,745,706,894,19,ITF,ITF2,14,Molise,Molise,305617,289594,94.76,0.53
2006,2021-08-11,MOL,1947,1017,930,1124,765,58,ITF,ITF2,14,Molise,Molise,305617,291541,95.39,0.64
2007,2021-01-12,MOL,336,114,222,336,0,0,ITF,ITF2,14,Molise,Molise,305617,291877,95.5,0.11
2008,2021-01-22,MOL,128,36,92,128,0,0,ITF,ITF2,14,Molise,Molise,305617,292005,95.55,0.04
2009,2021-05-02,MOL,1899,934,965,579,1307,13,ITF,ITF2,14,Molise,Molise,305617,293904,96.17,0.62
2010,2021-03-06,MOL,1728,807,921,1559,159,10,ITF,ITF2,14,Molise,Molise,305617,295632,96.73,0.57
2011,2021-02-24,MOL,670,281,389,326,336,8,ITF,ITF2,14,Molise,Molise,305617,296302,96.95,0.22
2012,2021-03-03,MOL,672,316,356,586,82,4,ITF,ITF2,14,Molise,Molise,305617,296974,97.17,0.22
2013,2021-02-22,MOL,265,129,136,248,15,2,ITF,ITF2,14,Molise,Molise,305617,297239,97.26,0.09
2014,2020-12-27,MOL,50,20,30,50,0,0,ITF,ITF2,14,Molise,Molise,305617,297289,97.28,0.02
2015,2021-01-08,MOL,432,142,290,432,0,0,ITF,ITF2,14,Molise,Molise,305617,297721,97.42,0.14
2016,2021-04-01,MOL,1476,668,808,732,730,14,ITF,ITF2,14,Molise,Molise,305617,299197,97.9,0.48
2017,2021-01-05,MOL,449,180,269,449,0,0,ITF,ITF2,14,Molise,Molise,305617,299646,98.05,0.15
2018,2021-07-06,MOL,3064,1428,1636,37,3023,4,ITF,ITF2,14,Molise,Molise,305617,302710,99.05,1.0
2019,2021-05-10,MOL,2902,1291,1611,2494,373,35,ITF,ITF2,14,Molise,Molise,305617,305612,100.0,0.95
2020,2021-06-29,MOL,2496,1161,1335,380,2089,27,ITF,ITF2,14,Molise,Molise,305617,308108,100.82,0.82
2021,2021-05-03,MOL,2500,1176,1324,2299,163,38,ITF,ITF2,14,Molise,Molise,305617,310608,101.63,0.82
2022,2021-02-03,MOL,743,254,489,344,399,0,ITF,ITF2,14,Molise,Molise,305617,311351,101.88,0.24
2023,2021-04-27,MOL,1600,771,829,444,1131,25,ITF,ITF2,14,Molise,Molise,305617,312951,102.4,0.52
2024,2021-08-05,MOL,2267,1148,1119,1610,608,49,ITF,ITF2,14,Molise,Molise,305617,315218,103.14,0.74
2025,2021-05-16,MOL,1254,576,678,1050,183,21,ITF,ITF2,14,Molise,Molise,305617,316472,103.55,0.41
2026,2021-08-07,MOL,1907,1055,852,1038,844,25,ITF,ITF2,14,Molise,Molise,305617,318379,104.18,0.62
2027,2021-05-17,MOL,2231,1093,1138,1707,496,28,ITF,ITF2,14,Molise,Molise,305617,320610,104.91,0.73
2028,2021-03-21,MOL,1248,543,705,478,768,2,ITF,ITF2,14,Molise,Molise,305617,321858,105.31,0.41
2029,2021-03-14,MOL,597,240,357,17,580,0,ITF,ITF2,14,Molise,Molise,305617,322455,105.51,0.2
2030,2021-06-22,MOL,2969,1371,1598,672,2279,18,ITF,ITF2,14,Molise,Molise,305617,325424,106.48,0.97
2031,2021-03-28,MOL,1629,749,880,519,1103,7,ITF,ITF2,14,Molise,Molise,305617,327053,107.01,0.53
2032,2021-01-30,MOL,464,161,303,12,452,0,ITF,ITF2,14,Molise,Molise,305617,327517,107.17,0.15
2033,2021-02-06,MOL,430,179,251,29,401,0,ITF,ITF2,14,Molise,Molise,305617,327947,107.31,0.14
2034,2021-06-04,MOL,3067,1504,1563,2582,457,28,ITF,ITF2,14,Molise,Molise,305617,331014,108.31,1.0
2035,2021-04-08,MOL,1772,907,865,1544,202,26,ITF,ITF2,14,Molise,Molise,305617,332786,108.89,0.58
2036,2021-07-17,MOL,2852,1523,1329,293,2537,22,ITF,ITF2,14,Molise,Molise,305617,335638,109.82,0.93
2037,2021-04-22,MOL,1848,865,983,1059,779,10,ITF,ITF2,14,Molise,Molise,305617,337486,110.43,0.6
2038,2021-07-31,MOL,1990,1111,879,755,1194,41,ITF,ITF2,14,Molise,Molise,305617,339476,111.08,0.65
2039,2021-02-17,MOL,72,32,40,50,15,7,ITF,ITF2,14,Molise,Molise,305617,339548,111.1,0.02
2040,2021-07-24,MOL,3133,1684,1449,730,2374,29,ITF,ITF2,14,Molise,Molise,305617,342681,112.13,1.03
2041,2021-05-28,MOL,2658,1368,1290,2041,547,70,ITF,ITF2,14,Molise,Molise,305617,345339,113.0,0.87
2042,2021-06-11,MOL,3458,1664,1794,1981,1432,45,ITF,ITF2,14,Molise,Molise,305617,348797,114.13,1.13
2043,2021-04-15,MOL,1935,797,1138,1082,848,5,ITF,ITF2,14,Molise,Molise,305617,350732,114.76,0.63
2044,2021-02-21,MOL,575,227,348,573,2,0,ITF,ITF2,14,Molise,Molise,305617,351307,114.95,0.19
2045,2021-02-04,MOL,759,295,464,77,682,0,ITF,ITF2,14,Molise,Molise,305617,352066,115.2,0.25
2046,2021-05-15,MOL,2988,1403,1585,2550,386,52,ITF,ITF2,14,Molise,Molise,305617,355054,116.18,0.98
2047,2021-02-02,MOL,540,176,364,216,323,1,ITF,ITF2,14,Molise,Molise,305617,355594,116.35,0.18
2048,2021-01-16,MOL,422,166,256,422,0,0,ITF,ITF2,14,Molise,Molise,305617,356016,116.49,0.14
2049,2021-04-26,MOL,1159,521,638,810,331,18,ITF,ITF2,14,Molise,Molise,305617,357175,116.87,0.38
2050,2021-04-09,MOL,2329,1254,1075,2108,191,30,ITF,ITF2,14,Molise,Molise,305617,359504,117.63,0.76
2051,2021-01-18,MOL,115,48,67,115,0,0,ITF,ITF2,14,Molise,Molise,305617,359619,117.67,0.04
2052,2021-04-11,MOL,1197,591,606,1166,14,17,ITF,ITF2,14,Molise,Molise,305617,360816,118.06,0.39
2053,2021-07-20,MOL,2170,1098,1072,1010,1113,47,ITF,ITF2,14,Molise,Molise,305617,362986,118.77,0.71
2054,2021-07-03,MOL,2745,1382,1363,571,2154,20,ITF,ITF2,14,Molise,Molise,305617,365731,119.67,0.9
2055,2021-08-08,MOL,887,464,423,646,226,15,ITF,ITF2,14,Molise,Molise,305617,366618,119.96,0.29
2056,2021-07-22,MOL,2182,1083,1099,838,1289,55,ITF,ITF2,14,Molise,Molise,305617,368800,120.67,0.71
2057,2021-03-25,MOL,1810,731,1079,1285,498,27,ITF,ITF2,14,Molise,Molise,305617,370610,121.27,0.59
2058,2021-03-08,MOL,1384,524,860,1207,140,37,ITF,ITF2,14,Molise,Molise,305617,371994,121.72,0.45
2059,2021-06-16,MOL,2076,1031,1045,1144,918,14,ITF,ITF2,14,Molise,Molise,305617,374070,122.4,0.68
2060,2021-04-13,MOL,1632,718,914,1037,587,8,ITF,ITF2,14,Molise,Molise,305617,375702,122.93,0.53
2061,2021-03-27,MOL,2746,1274,1472,1296,1433,17,ITF,ITF2,14,Molise,Molise,305617,378448,123.83,0.9
2062,2021-07-05,MOL,2740,1282,1458,39,2699,2,ITF,ITF2,14,Molise,Molise,305617,381188,124.73,0.9
2063,2021-06-18,MOL,2774,1253,1521,1287,1459,28,ITF,ITF2,14,Molise,Molise,305617,383962,125.64,0.91
2064,2021-05-30,MOL,1872,935,937,1558,286,28,ITF,ITF2,14,Molise,Molise,305617,385834,126.25,0.61
2065,2021-07-27,PAT,4805,2541,2264,1754,2946,105,ITH,ITH2,4,Provincia Autonoma Trento,P.A. Trento,541380,4805,0.89,0.89
2066,2021-05-31,PAT,4802,2211,2591,1609,3084,109,ITH,ITH2,4,Provincia Autonoma Trento,P.A. Trento,541380,9607,1.77,0.89
2067,2021-07-20,PAT,4821,2605,2216,1749,2932,140,ITH,ITH2,4,Provincia Autonoma Trento,P.A. Trento,541380,14428,2.67,0.89
2068,2021-02-06,PAT,582,302,280,439,143,0,ITH,ITH2,4,Provincia Autonoma Trento,P.A. Trento,541380,15010,2.77,0.11
2069,2021-02-23,PAT,1127,403,724,888,217,22,ITH,ITH2,4,Provincia Autonoma Trento,P.A. Trento,541380,16137,2.98,0.21
2070,2021-05-17,PAT,4354,2156,2198,3752,362,240,ITH,ITH2,4,Provincia Autonoma Trento,P.A. Trento,541380,20491,3.78,0.8
2071,2021-06-29,PAT,6421,3237,3184,2799,3532,90,ITH,ITH2,4,Provincia Autonoma Trento,P.A. Trento,541380,26912,4.97,1.19
2072,2021-06-12,PAT,5426,2716,2710,435,4941,50,ITH,ITH2,4,Provincia Autonoma Trento,P.A. Trento,541380,32338,5.97,1.0
2073,2021-03-21,PAT,136,74,62,132,0,4,ITH,ITH2,4,Provincia Autonoma Trento,P.A. Trento,541380,32474,6.0,0.03
2074,2021-05-24,PAT,4492,2077,2415,1269,3109,114,ITH,ITH2,4,Provincia Autonoma Trento,P.A. Trento,541380,36966,6.83,0.83
2075,2021-01-23,PAT,584,338,246,389,194,1,ITH,ITH2,4,Provincia Autonoma Trento,P.A. Trento,541380,37550,6.94,0.11
2076,2021-05-03,PAT,4311,2223,2088,3850,157,304,ITH,ITH2,4,Provincia Autonoma Trento,P.A. Trento,541380,41861,7.73,0.8
2077,2021-08-13,PAT,5933,3359,2574,2568,3222,143,ITH,ITH2,4,Provincia Autonoma Trento,P.A. Trento,541380,47794,8.83,1.1
2078,2021-07-01,PAT,7142,3733,3409,3598,3360,184,ITH,ITH2,4,Provincia Autonoma Trento,P.A. Trento,541380,54936,10.15,1.32
2079,2021-05-05,PAT,5047,2608,2439,4429,305,313,ITH,ITH2,4,Provincia Autonoma Trento,P.A. Trento,541380,59983,11.08,0.93
2080,2021-08-08,PAT,633,336,297,241,384,8,ITH,ITH2,4,Provincia Autonoma Trento,P.A. Trento,541380,60616,11.2,0.12
2081,2021-03-26,PAT,3271,1279,1992,2516,611,144,ITH,ITH2,4,Provincia Autonoma Trento,P.A. Trento,541380,63887,11.8,0.6
2082,2021-03-09,PAT,1616,606,1010,927,653,36,ITH,ITH2,4,Provincia Autonoma Trento,P.A. Trento,541380,65503,12.1,0.3
2083,2021-06-17,PAT,6744,3557,3187,2045,4532,167,ITH,ITH2,4,Provincia Autonoma Trento,P.A. Trento,541380,72247,13.34,1.25
2084,2021-03-14,PAT,109,66,43,19,88,2,ITH,ITH2,4,Provincia Autonoma Trento,P.A. Trento,541380,72356,13.37,0.02
2085,2021-07-13,PAT,3832,1950,1882,1776,1930,126,ITH,ITH2,4,Provincia Autonoma Trento,P.A. Trento,541380,76188,14.07,0.71
2086,2021-04-21,PAT,2941,1371,1570,2736,51,154,ITH,ITH2,4,Provincia Autonoma Trento,P.A. Trento,541380,79129,14.62,0.54
2087,2021-01-28,PAT,553,156,397,51,502,0,ITH,ITH2,4,Provincia Autonoma Trento,P.A. Trento,541380,79682,14.72,0.1
2088,2021-01-11,PAT,764,234,530,764,0,0,ITH,ITH2,4,Provincia Autonoma Trento,P.A. Trento,541380,80446,14.86,0.14
2089,2021-02-16,PAT,675,248,427,659,5,11,ITH,ITH2,4,Provincia Autonoma Trento,P.A. Trento,541380,81121,14.98,0.12
2090,2021-04-14,PAT,3144,1478,1666,2251,738,155,ITH,ITH2,4,Provincia Autonoma Trento,P.A. Trento,541380,84265,15.56,0.58
2091,2021-03-28,PAT,767,303,464,718,2,47,ITH,ITH2,4,Provincia Autonoma Trento,P.A. Trento,541380,85032,15.71,0.14
2092,2021-01-04,PAT,905,250,655,903,0,2,ITH,ITH2,4,Provincia Autonoma Trento,P.A. Trento,541380,85937,15.87,0.17
2093,2021-07-06,PAT,5230,2761,2469,3117,1927,186,ITH,ITH2,4,Provincia Autonoma Trento,P.A. Trento,541380,91167,16.84,0.97
2094,2021-01-18,PAT,690,168,522,631,59,0,ITH,ITH2,4,Provincia Autonoma Trento,P.A. Trento,541380,91857,16.97,0.13
2095,2021-02-20,PAT,412,247,165,124,287,1,ITH,ITH2,4,Provincia Autonoma Trento,P.A. Trento,541380,92269,17.04,0.08
2096,2021-03-02,PAT,1320,445,875,911,380,29,ITH,ITH2,4,Provincia Autonoma Trento,P.A. Trento,541380,93589,17.29,0.24
2097,2021-06-10,PAT,6208,3023,3185,1813,4262,133,ITH,ITH2,4,Provincia Autonoma Trento,P.A. Trento,541380,99797,18.43,1.15
2098,2021-03-04,PAT,2388,807,1581,1556,790,42,ITH,ITH2,4,Provincia Autonoma Trento,P.A. Trento,541380,102185,18.87,0.44
2099,2021-06-19,PAT,3146,1722,1424,238,2878,30,ITH,ITH2,4,Provincia Autonoma Trento,P.A. Trento,541380,105331,19.46,0.58
2100,2021-07-08,PAT,4159,2210,1949,2512,1482,165,ITH,ITH2,4,Provincia Autonoma Trento,P.A. Trento,541380,109490,20.22,0.77
2101,2021-02-04,PAT,1012,321,691,428,583,1,ITH,ITH2,4,Provincia Autonoma Trento,P.A. Trento,541380,110502,20.41,0.19
2102,2021-04-13,PAT,2617,1089,1528,2027,509,81,ITH,ITH2,4,Provincia Autonoma Trento,P.A. Trento,541380,113119,20.89,0.48
2103,2021-01-20,PAT,308,77,231,296,12,0,ITH,ITH2,4,Provincia Autonoma Trento,P.A. Trento,541380,113427,20.95,0.06
2104,2021-08-06,PAT,6449,3555,2894,2651,3679,119,ITH,ITH2,4,Provincia Autonoma Trento,P.A. Trento,541380,119876,22.14,1.19
2105,2021-01-16,PAT,322,148,174,322,0,0,ITH,ITH2,4,Provincia Autonoma Trento,P.A. Trento,541380,120198,22.2,0.06
2106,2021-04-28,PAT,4283,1990,2293,3894,139,250,ITH,ITH2,4,Provincia Autonoma Trento,P.A. Trento,541380,124481,22.99,0.79
2107,2021-03-07,PAT,23,6,17,23,0,0,ITH,ITH2,4,Provincia Autonoma Trento,P.A. Trento,541380,124504,23.0,0.0
2108,2021-01-09,PAT,195,42,153,195,0,0,ITH,ITH2,4,Provincia Autonoma Trento,P.A. Trento,541380,124699,23.03,0.04
2109,2021-06-24,PAT,6053,3169,2884,3661,2207,185,ITH,ITH2,4,Provincia Autonoma Trento,P.A. Trento,541380,130752,24.15,1.12
2110,2021-05-12,PAT,3345,1511,1834,1963,1217,165,ITH,ITH2,4,Provincia Autonoma Trento,P.A. Trento,541380,134097,24.77,0.62
2111,2021-03-16,PAT,1407,514,893,581,792,34,ITH,ITH2,4,Provincia Autonoma Trento,P.A. Trento,541380,135504,25.03,0.26
2112,2021-05-14,PAT,5437,2611,2826,3714,1426,297,ITH,ITH2,4,Provincia Autonoma Trento,P.A. Trento,541380,140941,26.03,1.0
2113,2021-01-08,PAT,1523,337,1186,1522,0,1,ITH,ITH2,4,Provincia Autonoma Trento,P.A. Trento,541380,142464,26.31,0.28
2114,2021-06-14,PAT,5809,3005,2804,2041,3655,113,ITH,ITH2,4,Provincia Autonoma Trento,P.A. Trento,541380,148273,27.39,1.07
2115,2021-04-18,PAT,1864,849,1015,1797,9,58,ITH,ITH2,4,Provincia Autonoma Trento,P.A. Trento,541380,150137,27.73,0.34
2116,2021-03-06,PAT,806,285,521,613,152,41,ITH,ITH2,4,Provincia Autonoma Trento,P.A. Trento,541380,150943,27.88,0.15
2117,2021-04-11,PAT,2389,1160,1229,2200,98,91,ITH,ITH2,4,Provincia Autonoma Trento,P.A. Trento,541380,153332,28.32,0.44
2118,2021-07-24,PAT,994,547,447,525,445,24,ITH,ITH2,4,Provincia Autonoma Trento,P.A. Trento,541380,154326,28.51,0.18
2119,2021-05-02,PAT,3561,1979,1582,3296,39,226,ITH,ITH2,4,Provincia Autonoma Trento,P.A. Trento,541380,157887,29.16,0.66
2120,2021-08-10,PAT,5964,3189,2775,2888,2900,176,ITH,ITH2,4,Provincia Autonoma Trento,P.A. Trento,541380,163851,30.27,1.1
2121,2021-04-23,PAT,3668,1786,1882,3431,56,181,ITH,ITH2,4,Provincia Autonoma Trento,P.A. Trento,541380,167519,30.94,0.68
2122,2021-01-30,PAT,396,136,260,155,241,0,ITH,ITH2,4,Provincia Autonoma Trento,P.A. Trento,541380,167915,31.02,0.07
2123,2021-05-10,PAT,3267,1678,1589,2530,516,221,ITH,ITH2,4,Provincia Autonoma Trento,P.A. Trento,541380,171182,31.62,0.6
2124,2021-03-18,PAT,2335,964,1371,1222,1089,24,ITH,ITH2,4,Provincia Autonoma Trento,P.A. Trento,541380,173517,32.05,0.43
2125,2021-04-30,PAT,4987,2432,2555,4445,162,380,ITH,ITH2,4,Provincia Autonoma Trento,P.A. Trento,541380,178504,32.97,0.92
2126,2021-05-19,PAT,5192,2512,2680,3668,1272,252,ITH,ITH2,4,Provincia Autonoma Trento,P.A. Trento,541380,183696,33.93,0.96
2127,2021-06-02,PAT,2878,1380,1498,899,1914,65,ITH,ITH2,4,Provincia Autonoma Trento,P.A. Trento,541380,186574,34.46,0.53
2128,2021-03-13,PAT,965,496,469,846,48,71,ITH,ITH2,4,Provincia Autonoma Trento,P.A. Trento,541380,187539,34.64,0.18
2129,2021-07-05,PAT,5424,2847,2577,3794,1389,241,ITH,ITH2,4,Provincia Autonoma Trento,P.A. Trento,541380,192963,35.64,1.0
2130,2021-06-21,PAT,6257,3387,2870,3650,2424,183,ITH,ITH2,4,Provincia Autonoma Trento,P.A. Trento,541380,199220,36.8,1.16
2131,2021-04-29,PAT,4697,2263,2434,4172,214,311,ITH,ITH2,4,Provincia Autonoma Trento,P.A. Trento,541380,203917,37.67,0.87
2132,2021-08-07,PAT,1618,927,691,818,765,35,ITH,ITH2,4,Provincia Autonoma Trento,P.A. Trento,541380,205535,37.97,0.3
2133,2021-01-22,PAT,1748,459,1289,350,1396,2,ITH,ITH2,4,Provincia Autonoma Trento,P.A. Trento,541380,207283,38.29,0.32
2134,2021-02-05,PAT,834,287,547,285,549,0,ITH,ITH2,4,Provincia Autonoma Trento,P.A. Trento,541380,208117,38.44,0.15
2135,2021-05-16,PAT,1358,756,602,1042,248,68,ITH,ITH2,4,Provincia Autonoma Trento,P.A. Trento,541380,209475,38.69,0.25
2136,2021-01-05,PAT,759,262,497,759,0,0,ITH,ITH2,4,Provincia Autonoma Trento,P.A. Trento,541380,210234,38.83,0.14
2137,2021-04-15,PAT,3232,1457,1775,2830,155,247,ITH,ITH2,4,Provincia Autonoma Trento,P.A. Trento,541380,213466,39.43,0.6
2138,2021-04-01,PAT,2945,1251,1694,1746,1106,93,ITH,ITH2,4,Provincia Autonoma Trento,P.A. Trento,541380,216411,39.97,0.54
2139,2021-07-10,PAT,1097,564,533,150,920,27,ITH,ITH2,4,Provincia Autonoma Trento,P.A. Trento,541380,217508,40.18,0.2
2140,2021-03-23,PAT,2483,962,1521,1628,755,100,ITH,ITH2,4,Provincia Autonoma Trento,P.A. Trento,541380,219991,40.64,0.46
2141,2021-05-28,PAT,3804,1767,2037,1400,2264,140,ITH,ITH2,4,Provincia Autonoma Trento,P.A. Trento,541380,223795,41.34,0.7
2142,2021-01-25,PAT,849,231,618,25,824,0,ITH,ITH2,4,Provincia Autonoma Trento,P.A. Trento,541380,224644,41.49,0.16
2143,2021-03-25,PAT,2914,1127,1787,1744,1059,111,ITH,ITH2,4,Provincia Autonoma Trento,P.A. Trento,541380,227558,42.03,0.54
2144,2021-07-03,PAT,1268,681,587,78,1185,5,ITH,ITH2,4,Provincia Autonoma Trento,P.A. Trento,541380,228826,42.27,0.23
2145,2021-02-08,PAT,1194,333,861,347,847,0,ITH,ITH2,4,Provincia Autonoma Trento,P.A. Trento,541380,230020,42.49,0.22
2146,2021-07-17,PAT,1097,536,561,272,807,18,ITH,ITH2,4,Provincia Autonoma Trento,P.A. Trento,541380,231117,42.69,0.2
2147,2021-05-21,PAT,5209,2504,2705,3138,1800,271,ITH,ITH2,4,Provincia Autonoma Trento,P.A. Trento,541380,236326,43.65,0.96
2148,2021-02-01,PAT,1275,356,919,98,1177,0,ITH,ITH2,4,Provincia Autonoma Trento,P.A. Trento,541380,237601,43.89,0.24
2149,2021-02-03,PAT,874,325,549,416,458,0,ITH,ITH2,4,Provincia Autonoma Trento,P.A. Trento,541380,238475,44.05,0.16
2150,2021-07-19,PAT,4802,2526,2276,1454,3221,127,ITH,ITH2,4,Provincia Autonoma Trento,P.A. Trento,541380,243277,44.94,0.89
2151,2021-05-23,PAT,1995,1015,980,432,1535,28,ITH,ITH2,4,Provincia Autonoma Trento,P.A. Trento,541380,245272,45.3,0.37
2152,2021-04-10,PAT,2876,1352,1524,1994,803,79,ITH,ITH2,4,Provincia Autonoma Trento,P.A. Trento,541380,248148,45.84,0.53
2153,2021-02-10,PAT,872,295,577,513,358,1,ITH,ITH2,4,Provincia Autonoma Trento,P.A. Trento,541380,249020,46.0,0.16
2154,2021-06-18,PAT,7061,3755,3306,1786,5186,89,ITH,ITH2,4,Provincia Autonoma Trento,P.A. Trento,541380,256081,47.3,1.3
2155,2021-03-27,PAT,1671,746,925,1323,263,85,ITH,ITH2,4,Provincia Autonoma Trento,P.A. Trento,541380,257752,47.61,0.31
2156,2021-06-04,PAT,5922,2648,3274,1734,4058,130,ITH,ITH2,4,Provincia Autonoma Trento,P.A. Trento,541380,263674,48.7,1.09
2157,2021-02-24,PAT,1369,539,830,941,404,24,ITH,ITH2,4,Provincia Autonoma Trento,P.A. Trento,541380,265043,48.96,0.25
2158,2021-06-03,PAT,4842,2278,2564,1237,3513,92,ITH,ITH2,4,Provincia Autonoma Trento,P.A. Trento,541380,269885,49.85,0.89
2159,2021-01-19,PAT,434,89,345,434,0,0,ITH,ITH2,4,Provincia Autonoma Trento,P.A. Trento,541380,270319,49.93,0.08
2160,2021-07-23,PAT,4746,2433,2313,1671,2950,125,ITH,ITH2,4,Provincia Autonoma Trento,P.A. Trento,541380,275065,50.81,0.88
2161,2021-03-10,PAT,2478,972,1506,1472,943,63,ITH,ITH2,4,Provincia Autonoma Trento,P.A. Trento,541380,277543,51.27,0.46
2162,2021-02-27,PAT,1052,467,585,605,427,20,ITH,ITH2,4,Provincia Autonoma Trento,P.A. Trento,541380,278595,51.46,0.19
2163,2021-08-03,PAT,6186,3343,2843,2479,3590,117,ITH,ITH2,4,Provincia Autonoma Trento,P.A. Trento,541380,284781,52.6,1.14
2164,2021-01-01,PAT,222,51,171,222,0,0,ITH,ITH2,4,Provincia Autonoma Trento,P.A. Trento,541380,285003,52.64,0.04
2165,2021-06-07,PAT,5873,2921,2952,2678,3020,175,ITH,ITH2,4,Provincia Autonoma Trento,P.A. Trento,541380,290876,53.73,1.08
2166,2021-04-25,PAT,2002,952,1050,1875,7,120,ITH,ITH2,4,Provincia Autonoma Trento,P.A. Trento,541380,292878,54.1,0.37
2167,2021-06-25,PAT,7776,4148,3628,4216,3439,121,ITH,ITH2,4,Provincia Autonoma Trento,P.A. Trento,541380,300654,55.53,1.44
2168,2021-06-09,PAT,6322,3120,3202,2117,4126,79,ITH,ITH2,4,Provincia Autonoma Trento,P.A. Trento,541380,306976,56.7,1.17
2169,2021-06-26,PAT,1433,751,682,685,725,23,ITH,ITH2,4,Provincia Autonoma Trento,P.A. Trento,541380,308409,56.97,0.26
2170,2021-06-28,PAT,6942,3593,3349,2995,3864,83,ITH,ITH2,4,Provincia Autonoma Trento,P.A. Trento,541380,315351,58.25,1.28
2171,2021-04-06,PAT,2288,969,1319,1459,770,59,ITH,ITH2,4,Provincia Autonoma Trento,P.A. Trento,541380,317639,58.67,0.42
2172,2021-07-15,PAT,4294,2297,1997,1794,2361,139,ITH,ITH2,4,Provincia Autonoma Trento,P.A. Trento,541380,321933,59.47,0.79
2173,2021-01-13,PAT,444,131,313,444,0,0,ITH,ITH2,4,Provincia Autonoma Trento,P.A. Trento,541380,322377,59.55,0.08
2174,2021-02-12,PAT,1033,346,687,592,439,2,ITH,ITH2,4,Provincia Autonoma Trento,P.A. Trento,541380,323410,59.74,0.19
2175,2021-03-01,PAT,1254,460,794,929,301,24,ITH,ITH2,4,Provincia Autonoma Trento,P.A. Trento,541380,324664,59.97,0.23
2176,2021-07-26,PAT,3887,2047,1840,836,2989,62,ITH,ITH2,4,Provincia Autonoma Trento,P.A. Trento,541380,328551,60.69,0.72
2177,2021-04-08,PAT,3171,1331,1840,1947,1131,93,ITH,ITH2,4,Provincia Autonoma Trento,P.A. Trento,541380,331722,61.27,0.59
2178,2020-12-31,PAT,1700,480,1220,1700,0,0,ITH,ITH2,4,Provincia Autonoma Trento,P.A. Trento,541380,333422,61.59,0.31
2179,2021-06-22,PAT,6383,3480,2903,3629,2568,186,ITH,ITH2,4,Provincia Autonoma Trento,P.A. Trento,541380,339805,62.77,1.18
2180,2021-03-05,PAT,2305,736,1569,1640,569,96,ITH,ITH2,4,Provincia Autonoma Trento,P.A. Trento,541380,342110,63.19,0.43
2181,2021-01-07,PAT,1301,328,973,1298,0,3,ITH,ITH2,4,Provincia Autonoma Trento,P.A. Trento,541380,343411,63.43,0.24
2182,2021-04-17,PAT,2250,1146,1104,2087,57,106,ITH,ITH2,4,Provincia Autonoma Trento,P.A. Trento,541380,345661,63.85,0.42
2183,2021-04-19,PAT,2643,1244,1399,2429,23,191,ITH,ITH2,4,Provincia Autonoma Trento,P.A. Trento,541380,348304,64.34,0.49
2184,2021-07-28,PAT,4848,2657,2191,2159,2564,125,ITH,ITH2,4,Provincia Autonoma Trento,P.A. Trento,541380,353152,65.23,0.9
2185,2021-06-15,PAT,6325,3337,2988,1632,4562,131,ITH,ITH2,4,Provincia Autonoma Trento,P.A. Trento,541380,359477,66.4,1.17
2186,2021-03-30,PAT,2412,986,1426,1670,641,101,ITH,ITH2,4,Provincia Autonoma Trento,P.A. Trento,541380,361889,66.85,0.45
2187,2021-06-06,PAT,2267,1079,1188,431,1815,21,ITH,ITH2,4,Provincia Autonoma Trento,P.A. Trento,541380,364156,67.26,0.42
2188,2021-07-12,PAT,4264,2148,2116,2044,2037,183,ITH,ITH2,4,Provincia Autonoma Trento,P.A. Trento,541380,368420,68.05,0.79
2189,2021-02-17,PAT,1168,449,719,1052,111,5,ITH,ITH2,4,Provincia Autonoma Trento,P.A. Trento,541380,369588,68.27,0.22
2190,2021-05-30,PAT,1777,876,901,865,843,69,ITH,ITH2,4,Provincia Autonoma Trento,P.A. Trento,541380,371365,68.6,0.33
2191,2021-04-03,PAT,1177,485,692,933,176,68,ITH,ITH2,4,Provincia Autonoma Trento,P.A. Trento,541380,372542,68.81,0.22
2192,2021-04-24,PAT,3580,1714,1866,3355,16,209,ITH,ITH2,4,Provincia Autonoma Trento,P.A. Trento,541380,376122,69.47,0.66
2193,2021-02-26,PAT,1257,445,812,933,299,25,ITH,ITH2,4,Provincia Autonoma Trento,P.A. Trento,541380,377379,69.71,0.23
2194,2021-01-14,PAT,731,218,513,729,0,2,ITH,ITH2,4,Provincia Autonoma Trento,P.A. Trento,541380,378110,69.84,0.14
2195,2021-02-28,PAT,246,122,124,236,0,10,ITH,ITH2,4,Provincia Autonoma Trento,P.A. Trento,541380,378356,69.89,0.05
2196,2021-08-04,PAT,6191,3302,2889,2566,3491,134,ITH,ITH2,4,Provincia Autonoma Trento,P.A. Trento,541380,384547,71.03,1.14
2197,2021-06-08,PAT,6041,2917,3124,1789,4131,121,ITH,ITH2,4,Provincia Autonoma Trento,P.A. Trento,541380,390588,72.15,1.12
2198,2021-04-26,PAT,2676,1260,1416,2412,96,168,ITH,ITH2,4,Provincia Autonoma Trento,P.A. Trento,541380,393264,72.64,0.49
2199,2021-02-19,PAT,944,366,578,846,65,33,ITH,ITH2,4,Provincia Autonoma Trento,P.A. Trento,541380,394208,72.82,0.17
2200,2021-08-11,PAT,5829,3141,2688,3082,2589,158,ITH,ITH2,4,Provincia Autonoma Trento,P.A. Trento,541380,400037,73.89,1.08
2201,2021-03-11,PAT,2605,973,1632,1503,1042,60,ITH,ITH2,4,Provincia Autonoma Trento,P.A. Trento,541380,402642,74.37,0.48
2202,2021-07-22,PAT,4771,2584,2187,1903,2736,132,ITH,ITH2,4,Provincia Autonoma Trento,P.A. Trento,541380,407413,75.25,0.88
2203,2021-07-07,PAT,4522,2427,2095,2920,1404,198,ITH,ITH2,4,Provincia Autonoma Trento,P.A. Trento,541380,411935,76.09,0.84
2204,2021-01-03,PAT,502,166,336,502,0,0,ITH,ITH2,4,Provincia Autonoma Trento,P.A. Trento,541380,412437,76.18,0.09
2205,2021-07-21,PAT,4696,2515,2181,1525,3079,92,ITH,ITH2,4,Provincia Autonoma Trento,P.A. Trento,541380,417133,77.05,0.87
2206,2021-08-09,PAT,5329,2842,2487,2275,2920,134,ITH,ITH2,4,Provincia Autonoma Trento,P.A. Trento,541380,422462,78.03,0.98
2207,2021-02-22,PAT,755,262,493,663,86,6,ITH,ITH2,4,Provincia Autonoma Trento,P.A. Trento,541380,423217,78.17,0.14
2208,2021-05-18,PAT,4319,2046,2273,3171,867,281,ITH,ITH2,4,Provincia Autonoma Trento,P.A. Trento,541380,427536,78.97,0.8
2209,2021-08-14,PAT,289,155,134,49,237,3,ITH,ITH2,4,Provincia Autonoma Trento,P.A. Trento,541380,427825,79.02,0.05
2210,2021-07-02,PAT,7407,4027,3380,3591,3588,228,ITH,ITH2,4,Provincia Autonoma Trento,P.A. Trento,541380,435232,80.39,1.37
2211,2021-01-15,PAT,628,149,479,627,0,1,ITH,ITH2,4,Provincia Autonoma Trento,P.A. Trento,541380,435860,80.51,0.12
2212,2021-03-20,PAT,888,409,479,663,211,14,ITH,ITH2,4,Provincia Autonoma Trento,P.A. Trento,541380,436748,80.67,0.16
2213,2021-03-03,PAT,1672,628,1044,1115,520,37,ITH,ITH2,4,Provincia Autonoma Trento,P.A. Trento,541380,438420,80.98,0.31
2214,2021-06-11,PAT,7301,3474,3827,1493,5705,103,ITH,ITH2,4,Provincia Autonoma Trento,P.A. Trento,541380,445721,82.33,1.35
2215,2021-06-13,PAT,3733,2060,1673,280,3430,23,ITH,ITH2,4,Provincia Autonoma Trento,P.A. Trento,541380,449454,83.02,0.69
2216,2020-12-27,PAT,107,43,64,107,0,0,ITH,ITH2,4,Provincia Autonoma Trento,P.A. Trento,541380,449561,83.04,0.02
2217,2021-07-30,PAT,5829,3091,2738,2291,3440,98,ITH,ITH2,4,Provincia Autonoma Trento,P.A. Trento,541380,455390,84.12,1.08
2218,2021-08-16,PAT,4639,2450,2189,1743,2796,100,ITH,ITH2,4,Provincia Autonoma Trento,P.A. Trento,541380,460029,84.97,0.86
2219,2021-05-20,PAT,5115,2405,2710,3148,1685,282,ITH,ITH2,4,Provincia Autonoma Trento,P.A. Trento,541380,465144,85.92,0.94
2220,2021-03-24,PAT,2415,963,1452,1470,827,118,ITH,ITH2,4,Provincia Autonoma Trento,P.A. Trento,541380,467559,86.36,0.45
2221,2021-02-09,PAT,952,303,649,448,503,1,ITH,ITH2,4,Provincia Autonoma Trento,P.A. Trento,541380,468511,86.54,0.18
2222,2021-03-17,PAT,2130,812,1318,1131,906,93,ITH,ITH2,4,Provincia Autonoma Trento,P.A. Trento,541380,470641,86.93,0.39
2223,2021-03-12,PAT,2601,991,1610,1712,814,75,ITH,ITH2,4,Provincia Autonoma Trento,P.A. Trento,541380,473242,87.41,0.48
2224,2021-06-20,PAT,1899,1050,849,30,1864,5,ITH,ITH2,4,Provincia Autonoma Trento,P.A. Trento,541380,475141,87.76,0.35
2225,2021-01-02,PAT,522,149,373,522,0,0,ITH,ITH2,4,Provincia Autonoma Trento,P.A. Trento,541380,475663,87.86,0.1
2226,2021-04-09,PAT,2802,1192,1610,1524,1209,69,ITH,ITH2,4,Provincia Autonoma Trento,P.A. Trento,541380,478465,88.38,0.52
2227,2021-02-11,PAT,1171,377,794,803,367,1,ITH,ITH2,4,Provincia Autonoma Trento,P.A. Trento,541380,479636,88.6,0.22
2228,2021-07-18,PAT,463,242,221,119,339,5,ITH,ITH2,4,Provincia Autonoma Trento,P.A. Trento,541380,480099,88.68,0.09
2229,2021-02-25,PAT,1651,648,1003,1196,445,10,ITH,ITH2,4,Provincia Autonoma Trento,P.A. Trento,541380,481750,88.99,0.3
2230,2020-12-30,PAT,7,3,4,7,0,0,ITH,ITH2,4,Provincia Autonoma Trento,P.A. Trento,541380,481757,88.99,0.0
2231,2021-06-05,PAT,4128,1939,2189,689,3362,77,ITH,ITH2,4,Provincia Autonoma Trento,P.A. Trento,541380,485885,89.75,0.76
2232,2021-05-22,PAT,3370,1664,1706,849,2430,91,ITH,ITH2,4,Provincia Autonoma Trento,P.A. Trento,541380,489255,90.37,0.62
2233,2021-05-29,PAT,2442,1328,1114,785,1568,89,ITH,ITH2,4,Provincia Autonoma Trento,P.A. Trento,541380,491697,90.82,0.45
2234,2021-04-02,PAT,2886,1177,1709,2038,684,164,ITH,ITH2,4,Provincia Autonoma Trento,P.A. Trento,541380,494583,91.36,0.53
2235,2021-04-16,PAT,2905,1377,1528,2597,149,159,ITH,ITH2,4,Provincia Autonoma Trento,P.A. Trento,541380,497488,91.89,0.54
2236,2021-02-18,PAT,1431,500,931,1345,69,17,ITH,ITH2,4,Provincia Autonoma Trento,P.A. Trento,541380,498919,92.16,0.26
2237,2021-07-25,PAT,364,203,161,137,218,9,ITH,ITH2,4,Provincia Autonoma Trento,P.A. Trento,541380,499283,92.22,0.07
2238,2021-02-02,PAT,941,253,688,192,749,0,ITH,ITH2,4,Provincia Autonoma Trento,P.A. Trento,541380,500224,92.4,0.17
2239,2021-07-09,PAT,5139,2726,2413,3043,1880,216,ITH,ITH2,4,Provincia Autonoma Trento,P.A. Trento,541380,505363,93.35,0.95
2240,2021-05-13,PAT,3454,1604,1850,2104,1125,225,ITH,ITH2,4,Provincia Autonoma Trento,P.A. Trento,541380,508817,93.99,0.64
2241,2021-03-31,PAT,2621,1001,1620,1654,868,99,ITH,ITH2,4,Provincia Autonoma Trento,P.A. Trento,541380,511438,94.47,0.48
2242,2021-01-26,PAT,576,173,403,27,549,0,ITH,ITH2,4,Provincia Autonoma Trento,P.A. Trento,541380,512014,94.58,0.11
2243,2021-05-06,PAT,5610,2790,2820,4442,792,376,ITH,ITH2,4,Provincia Autonoma Trento,P.A. Trento,541380,517624,95.61,1.04
2244,2021-03-29,PAT,2561,1008,1553,1692,742,127,ITH,ITH2,4,Provincia Autonoma Trento,P.A. Trento,541380,520185,96.09,0.47
2245,2021-04-12,PAT,3155,1455,1700,2527,503,125,ITH,ITH2,4,Provincia Autonoma Trento,P.A. Trento,541380,523340,96.67,0.58
2246,2021-01-21,PAT,376,104,272,247,129,0,ITH,ITH2,4,Provincia Autonoma Trento,P.A. Trento,541380,523716,96.74,0.07
2247,2021-05-01,PAT,4887,2485,2402,4554,37,296,ITH,ITH2,4,Provincia Autonoma Trento,P.A. Trento,541380,528603,97.64,0.9
2248,2021-02-21,PAT,158,95,63,44,114,0,ITH,ITH2,4,Provincia Autonoma Trento,P.A. Trento,541380,528761,97.67,0.03
2249,2021-01-06,PAT,43,13,30,43,0,0,ITH,ITH2,4,Provincia Autonoma Trento,P.A. Trento,541380,528804,97.68,0.01
2250,2021-08-05,PAT,6364,3480,2884,2932,3309,123,ITH,ITH2,4,Provincia Autonoma Trento,P.A. Trento,541380,535168,98.85,1.18
2251,2021-08-12,PAT,5683,3042,2641,2185,3327,171,ITH,ITH2,4,Provincia Autonoma Trento,P.A. Trento,541380,540851,99.9,1.05
2252,2021-05-25,PAT,4864,2314,2550,1744,2972,148,ITH,ITH2,4,Provincia Autonoma Trento,P.A. Trento,541380,545715,100.8,0.9
2253,2021-05-08,PAT,3195,1743,1452,2571,426,198,ITH,ITH2,4,Provincia Autonoma Trento,P.A. Trento,541380,548910,101.39,0.59
2254,2021-02-14,PAT,250,189,61,11,239,0,ITH,ITH2,4,Provincia Autonoma Trento,P.A. Trento,541380,549160,101.44,0.05
2255,2021-05-27,PAT,4376,2032,2344,1167,3078,131,ITH,ITH2,4,Provincia Autonoma Trento,P.A. Trento,541380,553536,102.25,0.81
2256,2021-05-15,PAT,1603,832,771,649,913,41,ITH,ITH2,4,Provincia Autonoma Trento,P.A. Trento,541380,555139,102.54,0.3
2257,2021-06-01,PAT,4102,1925,2177,1081,2910,111,ITH,ITH2,4,Provincia Autonoma Trento,P.A. Trento,541380,559241,103.3,0.76
2258,2021-07-29,PAT,5466,2902,2564,2641,2711,114,ITH,ITH2,4,Provincia Autonoma Trento,P.A. Trento,541380,564707,104.31,1.01
2259,2021-06-16,PAT,6313,3408,2905,1988,4201,124,ITH,ITH2,4,Provincia Autonoma Trento,P.A. Trento,541380,571020,105.47,1.17
2260,2021-03-15,PAT,1453,573,880,930,469,54,ITH,ITH2,4,Provincia Autonoma Trento,P.A. Trento,541380,572473,105.74,0.27
2261,2021-01-17,PAT,255,199,56,255,0,0,ITH,ITH2,4,Provincia Autonoma Trento,P.A. Trento,541380,572728,105.79,0.05
2262,2021-06-23,PAT,6686,3541,3145,4623,1870,193,ITH,ITH2,4,Provincia Autonoma Trento,P.A. Trento,541380,579414,107.03,1.23
2263,2021-05-11,PAT,3741,1767,1974,2643,862,236,ITH,ITH2,4,Provincia Autonoma Trento,P.A. Trento,541380,583155,107.72,0.69
2264,2021-04-27,PAT,3952,1900,2052,3597,70,285,ITH,ITH2,4,Provincia Autonoma Trento,P.A. Trento,541380,587107,108.45,0.73
2265,2021-05-04,PAT,4570,2490,2080,4169,97,304,ITH,ITH2,4,Provincia Autonoma Trento,P.A. Trento,541380,591677,109.29,0.84
2266,2021-03-08,PAT,1425,439,986,1041,354,30,ITH,ITH2,4,Provincia Autonoma Trento,P.A. Trento,541380,593102,109.55,0.26
2267,2021-03-22,PAT,2347,995,1352,1404,885,58,ITH,ITH2,4,Provincia Autonoma Trento,P.A. Trento,541380,595449,109.99,0.43
2268,2021-01-24,PAT,562,285,277,226,336,0,ITH,ITH2,4,Provincia Autonoma Trento,P.A. Trento,541380,596011,110.09,0.1
2269,2021-06-30,PAT,6858,3524,3334,2714,4052,92,ITH,ITH2,4,Provincia Autonoma Trento,P.A. Trento,541380,602869,111.36,1.27
2270,2021-01-31,PAT,77,16,61,1,76,0,ITH,ITH2,4,Provincia Autonoma Trento,P.A. Trento,541380,602946,111.37,0.01
2271,2021-07-04,PAT,225,125,100,66,157,2,ITH,ITH2,4,Provincia Autonoma Trento,P.A. Trento,541380,603171,111.41,0.04
2272,2021-07-11,PAT,1034,565,469,131,894,9,ITH,ITH2,4,Provincia Autonoma Trento,P.A. Trento,541380,604205,111.6,0.19
2273,2021-01-27,PAT,872,310,562,114,756,2,ITH,ITH2,4,Provincia Autonoma Trento,P.A. Trento,541380,605077,111.77,0.16
2274,2021-02-13,PAT,540,335,205,172,368,0,ITH,ITH2,4,Provincia Autonoma Trento,P.A. Trento,541380,605617,111.87,0.1
2275,2021-05-07,PAT,6085,3129,2956,4855,853,377,ITH,ITH2,4,Provincia Autonoma Trento,P.A. Trento,541380,611702,112.99,1.12
2276,2021-04-20,PAT,2908,1387,1521,2689,37,182,ITH,ITH2,4,Provincia Autonoma Trento,P.A. Trento,541380,614610,113.53,0.54
2277,2021-05-09,PAT,2354,1225,1129,1873,347,134,ITH,ITH2,4,Provincia Autonoma Trento,P.A. Trento,541380,616964,113.96,0.43
2278,2021-08-17,PAT,3927,2057,1870,1242,2594,91,ITH,ITH2,4,Provincia Autonoma Trento,P.A. Trento,541380,620891,114.69,0.73
2279,2021-02-15,PAT,547,193,354,419,126,2,ITH,ITH2,4,Provincia Autonoma Trento,P.A. Trento,541380,621438,114.79,0.1
2280,2021-05-26,PAT,3958,1866,2092,1117,2720,121,ITH,ITH2,4,Provincia Autonoma Trento,P.A. Trento,541380,625396,115.52,0.73
2281,2021-08-02,PAT,5361,2845,2516,1602,3697,62,ITH,ITH2,4,Provincia Autonoma Trento,P.A. Trento,541380,630757,116.51,0.99
2282,2021-01-10,PAT,87,20,67,87,0,0,ITH,ITH2,4,Provincia Autonoma Trento,P.A. Trento,541380,630844,116.53,0.02
2283,2021-01-29,PAT,1416,360,1056,56,1360,0,ITH,ITH2,4,Provincia Autonoma Trento,P.A. Trento,541380,632260,116.79,0.26
2284,2021-07-14,PAT,4177,2171,2006,1715,2351,111,ITH,ITH2,4,Provincia Autonoma Trento,P.A. Trento,541380,636437,117.56,0.77
2285,2021-04-22,PAT,3174,1481,1693,2950,46,178,ITH,ITH2,4,Provincia Autonoma Trento,P.A. Trento,541380,639611,118.14,0.59
2286,2021-07-31,PAT,1487,854,633,1068,382,37,ITH,ITH2,4,Provincia Autonoma Trento,P.A. Trento,541380,641098,118.42,0.27
2287,2021-04-07,PAT,2649,1026,1623,1575,953,121,ITH,ITH2,4,Provincia Autonoma Trento,P.A. Trento,541380,643747,118.91,0.49
2288,2021-07-16,PAT,4596,2368,2228,1742,2704,150,ITH,ITH2,4,Provincia Autonoma Trento,P.A. Trento,541380,648343,119.76,0.85
2289,2021-06-27,PAT,1368,735,633,397,961,10,ITH,ITH2,4,Provincia Autonoma Trento,P.A. Trento,541380,649711,120.01,0.25
2290,2021-01-12,PAT,541,173,368,540,0,1,ITH,ITH2,4,Provincia Autonoma Trento,P.A. Trento,541380,650252,120.11,0.1
2291,2021-03-19,PAT,2467,925,1542,1503,881,83,ITH,ITH2,4,Provincia Autonoma Trento,P.A. Trento,541380,652719,120.57,0.46
2292,2021-04-05,PAT,35,17,18,30,2,3,ITH,ITH2,4,Provincia Autonoma Trento,P.A. Trento,541380,652754,120.57,0.01
2293,2021-01-30,CAM,10732,5083,5649,43,10687,2,ITF,ITF3,15,Campania,Campania,5801692,10732,0.18,0.18
2294,2021-07-03,CAM,67281,32497,34784,8182,58707,392,ITF,ITF3,15,Campania,Campania,5801692,78013,1.34,1.16
2295,2021-01-16,CAM,3372,1677,1695,3262,0,110,ITF,ITF3,15,Campania,Campania,5801692,81385,1.4,0.06
2296,2021-05-24,CAM,31353,15149,16204,15854,15152,347,ITF,ITF3,15,Campania,Campania,5801692,112738,1.94,0.54
2297,2021-02-13,CAM,5507,2550,2957,5107,217,183,ITF,ITF3,15,Campania,Campania,5801692,118245,2.04,0.09
2298,2021-08-01,CAM,16063,8394,7669,7020,8830,213,ITF,ITF3,15,Campania,Campania,5801692,134308,2.31,0.28
2299,2021-04-23,CAM,32339,15529,16810,22454,9156,729,ITF,ITF3,15,Campania,Campania,5801692,166647,2.87,0.56
2300,2021-08-15,CAM,1118,636,482,216,895,7,ITF,ITF3,15,Campania,Campania,5801692,167765,2.89,0.02
2301,2021-04-11,CAM,17528,8609,8919,15047,2087,394,ITF,ITF3,15,Campania,Campania,5801692,185293,3.19,0.3
2302,2021-04-28,CAM,36400,17627,18773,25849,9759,792,ITF,ITF3,15,Campania,Campania,5801692,221693,3.82,0.63
2303,2021-01-18,CAM,958,399,559,682,244,32,ITF,ITF3,15,Campania,Campania,5801692,222651,3.84,0.02
2304,2021-07-20,CAM,40114,19797,20317,6346,33323,445,ITF,ITF3,15,Campania,Campania,5801692,262765,4.53,0.69
2305,2021-06-07,CAM,57588,27722,29866,52819,4039,730,ITF,ITF3,15,Campania,Campania,5801692,320353,5.52,0.99
2306,2021-02-25,CAM,12430,4481,7949,10952,1194,284,ITF,ITF3,15,Campania,Campania,5801692,332783,5.74,0.21
2307,2021-04-09,CAM,29949,14084,15865,23197,6135,617,ITF,ITF3,15,Campania,Campania,5801692,362732,6.25,0.52
2308,2021-06-05,CAM,77635,37585,40050,70855,6025,755,ITF,ITF3,15,Campania,Campania,5801692,440367,7.59,1.34
2309,2021-03-02,CAM,12763,4560,8203,8203,4345,215,ITF,ITF3,15,Campania,Campania,5801692,453130,7.81,0.22
2310,2021-07-15,CAM,66726,32051,34675,9345,57071,310,ITF,ITF3,15,Campania,Campania,5801692,519856,8.96,1.15
2311,2021-01-11,CAM,4075,1874,2201,3966,0,109,ITF,ITF3,15,Campania,Campania,5801692,523931,9.03,0.07
2312,2021-08-03,CAM,31985,16205,15780,14612,16648,725,ITF,ITF3,15,Campania,Campania,5801692,555916,9.58,0.55
2313,2021-02-11,CAM,6283,2706,3577,5922,67,294,ITF,ITF3,15,Campania,Campania,5801692,562199,9.69,0.11
2314,2021-07-27,CAM,49095,24392,24703,12755,35712,628,ITF,ITF3,15,Campania,Campania,5801692,611294,10.54,0.85
2315,2021-03-28,CAM,15566,7511,8055,13595,1625,346,ITF,ITF3,15,Campania,Campania,5801692,626860,10.8,0.27
2316,2021-01-04,CAM,5826,2962,2864,5726,0,100,ITF,ITF3,15,Campania,Campania,5801692,632686,10.91,0.1
2317,2021-06-19,CAM,62404,29710,32694,24227,37766,411,ITF,ITF3,15,Campania,Campania,5801692,695090,11.98,1.08
2318,2021-06-26,CAM,62947,30693,32254,14652,47858,437,ITF,ITF3,15,Campania,Campania,5801692,758037,13.07,1.08
2319,2021-07-13,CAM,53683,25791,27892,4901,48497,285,ITF,ITF3,15,Campania,Campania,5801692,811720,13.99,0.93
2320,2021-04-04,CAM,7966,4017,3949,6691,1047,228,ITF,ITF3,15,Campania,Campania,5801692,819686,14.13,0.14
2321,2021-06-12,CAM,64004,31548,32456,55879,7217,908,ITF,ITF3,15,Campania,Campania,5801692,883690,15.23,1.1
2322,2021-03-04,CAM,14708,5396,9312,8544,5895,269,ITF,ITF3,15,Campania,Campania,5801692,898398,15.49,0.25
2323,2021-01-23,CAM,3843,2032,1811,267,3570,6,ITF,ITF3,15,Campania,Campania,5801692,902241,15.55,0.07
2324,2021-03-21,CAM,10074,4676,5398,7498,2391,185,ITF,ITF3,15,Campania,Campania,5801692,912315,15.72,0.17
2325,2021-02-10,CAM,6909,3415,3494,6483,178,248,ITF,ITF3,15,Campania,Campania,5801692,919224,15.84,0.12
2326,2021-07-17,CAM,55266,27560,27706,3511,51546,209,ITF,ITF3,15,Campania,Campania,5801692,974490,16.8,0.95
2327,2021-04-08,CAM,28499,13822,14677,22057,5848,594,ITF,ITF3,15,Campania,Campania,5801692,1002989,17.29,0.49
2328,2021-06-04,CAM,74564,35834,38730,64735,9130,699,ITF,ITF3,15,Campania,Campania,5801692,1077553,18.57,1.29
2329,2021-05-17,CAM,49479,21749,27730,23660,25364,455,ITF,ITF3,15,Campania,Campania,5801692,1127032,19.43,0.85
2330,2021-02-06,CAM,5341,2666,2675,2004,3239,98,ITF,ITF3,15,Campania,Campania,5801692,1132373,19.52,0.09
2331,2021-07-22,CAM,61797,30506,31291,6552,54737,508,ITF,ITF3,15,Campania,Campania,5801692,1194170,20.58,1.07
2332,2021-08-08,CAM,7570,4039,3531,4650,2664,256,ITF,ITF3,15,Campania,Campania,5801692,1201740,20.71,0.13
2333,2021-04-30,CAM,42327,20197,22130,24992,16505,830,ITF,ITF3,15,Campania,Campania,5801692,1244067,21.44,0.73
2334,2021-02-04,CAM,7943,3429,4514,1249,6635,59,ITF,ITF3,15,Campania,Campania,5801692,1252010,21.58,0.14
2335,2021-01-01,CAM,919,506,413,900,0,19,ITF,ITF3,15,Campania,Campania,5801692,1252929,21.6,0.02
2336,2021-03-25,CAM,20325,9656,10669,16362,3505,458,ITF,ITF3,15,Campania,Campania,5801692,1273254,21.95,0.35
2337,2021-05-26,CAM,52706,25855,26851,21114,31120,472,ITF,ITF3,15,Campania,Campania,5801692,1325960,22.85,0.91
2338,2021-06-14,CAM,37126,17919,19207,18773,18018,335,ITF,ITF3,15,Campania,Campania,5801692,1363086,23.49,0.64
2339,2021-08-10,CAM,21635,11189,10446,13707,6943,985,ITF,ITF3,15,Campania,Campania,5801692,1384721,23.87,0.37
2340,2021-04-16,CAM,34440,16635,17805,23087,10667,686,ITF,ITF3,15,Campania,Campania,5801692,1419161,24.46,0.59
2341,2021-01-06,CAM,7650,3750,3900,7506,0,144,ITF,ITF3,15,Campania,Campania,5801692,1426811,24.59,0.13
2342,2021-02-18,CAM,9082,3813,5269,8148,707,227,ITF,ITF3,15,Campania,Campania,5801692,1435893,24.75,0.16
2343,2021-04-25,CAM,30745,15179,15566,24572,5407,766,ITF,ITF3,15,Campania,Campania,5801692,1466638,25.28,0.53
2344,2021-05-21,CAM,63828,29637,34191,42162,20656,1010,ITF,ITF3,15,Campania,Campania,5801692,1530466,26.38,1.1
2345,2021-04-01,CAM,24682,12012,12670,20067,4133,482,ITF,ITF3,15,Campania,Campania,5801692,1555148,26.81,0.43
2346,2021-05-28,CAM,73064,35318,37746,26272,46173,619,ITF,ITF3,15,Campania,Campania,5801692,1628212,28.06,1.26
2347,2021-05-14,CAM,61044,27583,33461,34818,24730,1496,ITF,ITF3,15,Campania,Campania,5801692,1689256,29.12,1.05
2348,2021-07-10,CAM,66910,32669,34241,2738,63957,215,ITF,ITF3,15,Campania,Campania,5801692,1756166,30.27,1.15
2349,2021-07-31,CAM,30706,16204,14502,10598,19583,525,ITF,ITF3,15,Campania,Campania,5801692,1786872,30.8,0.53
2350,2021-05-07,CAM,59785,29213,30572,42609,15964,1212,ITF,ITF3,15,Campania,Campania,5801692,1846657,31.83,1.03
2351,2021-01-27,CAM,7738,3820,3918,156,7577,5,ITF,ITF3,15,Campania,Campania,5801692,1854395,31.96,0.13
2352,2021-03-09,CAM,14136,6872,7264,9938,3793,405,ITF,ITF3,15,Campania,Campania,5801692,1868531,32.21,0.24
2353,2021-05-31,CAM,40771,20688,20083,29848,10356,567,ITF,ITF3,15,Campania,Campania,5801692,1909302,32.91,0.7
2354,2021-04-06,CAM,24520,11564,12956,19491,4525,504,ITF,ITF3,15,Campania,Campania,5801692,1933822,33.33,0.42
2355,2021-07-12,CAM,56689,27367,29322,3749,52603,337,ITF,ITF3,15,Campania,Campania,5801692,1990511,34.31,0.98
2356,2020-12-27,CAM,720,422,298,716,0,4,ITF,ITF3,15,Campania,Campania,5801692,1991231,34.32,0.01
2357,2021-07-29,CAM,48532,24371,24161,13679,34127,726,ITF,ITF3,15,Campania,Campania,5801692,2039763,35.16,0.84
2358,2021-04-20,CAM,32123,15530,16593,20224,11313,586,ITF,ITF3,15,Campania,Campania,5801692,2071886,35.71,0.55
2359,2021-06-28,CAM,46526,22739,23787,20564,25407,555,ITF,ITF3,15,Campania,Campania,5801692,2118412,36.51,0.8
2360,2021-03-20,CAM,13989,6530,7459,9995,3739,255,ITF,ITF3,15,Campania,Campania,5801692,2132401,36.75,0.24
2361,2021-03-18,CAM,12179,5383,6796,5796,6191,192,ITF,ITF3,15,Campania,Campania,5801692,2144580,36.96,0.21
2362,2021-07-14,CAM,51110,24579,26531,4309,46496,305,ITF,ITF3,15,Campania,Campania,5801692,2195690,37.85,0.88
2363,2021-04-05,CAM,11640,5542,6098,8925,2424,291,ITF,ITF3,15,Campania,Campania,5801692,2207330,38.05,0.2
2364,2021-03-17,CAM,11596,5102,6494,4853,6587,156,ITF,ITF3,15,Campania,Campania,5801692,2218926,38.25,0.2
2365,2021-06-11,CAM,70812,34401,36411,63848,6039,925,ITF,ITF3,15,Campania,Campania,5801692,2289738,39.47,1.22
2366,2021-03-03,CAM,13923,5494,8429,7086,6631,206,ITF,ITF3,15,Campania,Campania,5801692,2303661,39.71,0.24
2367,2021-06-25,CAM,65516,31805,33711,13763,51343,410,ITF,ITF3,15,Campania,Campania,5801692,2369177,40.84,1.13
2368,2021-05-25,CAM,46534,22398,24136,22543,23437,554,ITF,ITF3,15,Campania,Campania,5801692,2415711,41.64,0.8
2369,2021-02-27,CAM,13953,4472,9481,11983,1650,320,ITF,ITF3,15,Campania,Campania,5801692,2429664,41.88,0.24
2370,2021-06-16,CAM,31648,15009,16639,20560,10772,316,ITF,ITF3,15,Campania,Campania,5801692,2461312,42.42,0.55
2371,2021-08-12,CAM,18917,9992,8925,12435,5706,776,ITF,ITF3,15,Campania,Campania,5801692,2480229,42.75,0.33
2372,2021-05-02,CAM,43481,21539,21942,31228,11361,892,ITF,ITF3,15,Campania,Campania,5801692,2523710,43.5,0.75
2373,2021-01-22,CAM,1525,776,749,659,852,14,ITF,ITF3,15,Campania,Campania,5801692,2525235,43.53,0.03
2374,2021-01-13,CAM,8021,3667,4354,7776,0,245,ITF,ITF3,15,Campania,Campania,5801692,2533256,43.66,0.14
2375,2021-04-18,CAM,27220,13285,13935,17796,8902,522,ITF,ITF3,15,Campania,Campania,5801692,2560476,44.13,0.47
2376,2021-01-08,CAM,10453,4967,5486,10192,0,261,ITF,ITF3,15,Campania,Campania,5801692,2570929,44.31,0.18
2377,2021-04-27,CAM,32166,15630,16536,23465,7927,774,ITF,ITF3,15,Campania,Campania,5801692,2603095,44.87,0.55
2378,2021-06-23,CAM,46764,22089,24675,10734,35798,232,ITF,ITF3,15,Campania,Campania,5801692,2649859,45.67,0.81
2379,2021-08-05,CAM,35231,18075,17156,17405,16831,995,ITF,ITF3,15,Campania,Campania,5801692,2685090,46.28,0.61
2380,2021-01-15,CAM,4978,2380,2598,4822,0,156,ITF,ITF3,15,Campania,Campania,5801692,2690068,46.37,0.09
2381,2021-06-21,CAM,46880,22645,24235,11313,35248,319,ITF,ITF3,15,Campania,Campania,5801692,2736948,47.17,0.81
2382,2021-03-13,CAM,14524,7042,7482,8971,5283,270,ITF,ITF3,15,Campania,Campania,5801692,2751472,47.43,0.25
2383,2021-03-22,CAM,13184,6347,6837,10844,2043,297,ITF,ITF3,15,Campania,Campania,5801692,2764656,47.65,0.23
2384,2021-02-07,CAM,2929,1382,1547,2066,771,92,ITF,ITF3,15,Campania,Campania,5801692,2767585,47.7,0.05
2385,2021-06-30,CAM,47648,22760,24888,18364,28646,638,ITF,ITF3,15,Campania,Campania,5801692,2815233,48.52,0.82
2386,2021-01-17,CAM,1155,551,604,682,453,20,ITF,ITF3,15,Campania,Campania,5801692,2816388,48.54,0.02
2387,2021-04-22,CAM,34116,16636,17480,20924,12543,649,ITF,ITF3,15,Campania,Campania,5801692,2850504,49.13,0.59
2388,2021-01-12,CAM,5214,2564,2650,5075,0,139,ITF,ITF3,15,Campania,Campania,5801692,2855718,49.22,0.09
2389,2021-08-14,CAM,4913,2801,2112,2052,2704,157,ITF,ITF3,15,Campania,Campania,5801692,2860631,49.31,0.08
2390,2021-05-06,CAM,57613,28137,29476,41255,14773,1585,ITF,ITF3,15,Campania,Campania,5801692,2918244,50.3,0.99
2391,2021-02-28,CAM,10413,3207,7206,8296,1900,217,ITF,ITF3,15,Campania,Campania,5801692,2928657,50.48,0.18
2392,2021-02-14,CAM,3929,1923,2006,3842,34,53,ITF,ITF3,15,Campania,Campania,5801692,2932586,50.55,0.07
2393,2021-01-26,CAM,7343,3728,3615,331,6991,21,ITF,ITF3,15,Campania,Campania,5801692,2939929,50.67,0.13
2394,2021-02-24,CAM,11785,4150,7635,10833,688,264,ITF,ITF3,15,Campania,Campania,5801692,2951714,50.88,0.2
2395,2021-01-05,CAM,7239,3638,3601,7075,0,164,ITF,ITF3,15,Campania,Campania,5801692,2958953,51.0,0.12
2396,2021-06-02,CAM,42911,20172,22739,37753,4704,454,ITF,ITF3,15,Campania,Campania,5801692,3001864,51.74,0.74
2397,2021-02-22,CAM,10687,3296,7391,10176,268,243,ITF,ITF3,15,Campania,Campania,5801692,3012551,51.93,0.18
2398,2021-03-11,CAM,18003,9059,8944,10304,7283,416,ITF,ITF3,15,Campania,Campania,5801692,3030554,52.24,0.31
2399,2021-05-16,CAM,51151,23227,27924,32862,17576,713,ITF,ITF3,15,Campania,Campania,5801692,3081705,53.12,0.88
2400,2021-02-20,CAM,8573,3080,5493,8100,303,170,ITF,ITF3,15,Campania,Campania,5801692,3090278,53.27,0.15
2401,2021-02-03,CAM,8903,4003,4900,842,8025,36,ITF,ITF3,15,Campania,Campania,5801692,3099181,53.42,0.15
2402,2021-05-18,CAM,52215,23242,28973,31865,19691,659,ITF,ITF3,15,Campania,Campania,5801692,3151396,54.32,0.9
2403,2021-08-09,CAM,25072,13080,11992,13748,10458,866,ITF,ITF3,15,Campania,Campania,5801692,3176468,54.75,0.43
2404,2021-03-15,CAM,13346,6491,6855,8328,4746,272,ITF,ITF3,15,Campania,Campania,5801692,3189814,54.98,0.23
2405,2021-07-02,CAM,55877,26999,28878,14415,40951,511,ITF,ITF3,15,Campania,Campania,5801692,3245691,55.94,0.96
2406,2021-05-27,CAM,72990,35374,37616,25814,46616,560,ITF,ITF3,15,Campania,Campania,5801692,3318681,57.2,1.26
2407,2021-02-16,CAM,5449,2415,3034,4502,771,176,ITF,ITF3,15,Campania,Campania,5801692,3324130,57.3,0.09
2408,2021-05-22,CAM,68046,32534,35512,45620,21573,853,ITF,ITF3,15,Campania,Campania,5801692,3392176,58.47,1.17
2409,2021-04-19,CAM,30769,14824,15945,18671,11576,522,ITF,ITF3,15,Campania,Campania,5801692,3422945,59.0,0.53
2410,2021-01-09,CAM,10565,5023,5542,10303,0,262,ITF,ITF3,15,Campania,Campania,5801692,3433510,59.18,0.18
2411,2021-03-24,CAM,17922,8369,9553,14600,2958,364,ITF,ITF3,15,Campania,Campania,5801692,3451432,59.49,0.31
2412,2021-05-20,CAM,61002,28241,32761,42243,17789,970,ITF,ITF3,15,Campania,Campania,5801692,3512434,60.54,1.05
2413,2021-02-09,CAM,4643,2202,2441,4232,252,159,ITF,ITF3,15,Campania,Campania,5801692,3517077,60.62,0.08
2414,2021-05-29,CAM,67872,32280,35592,43097,23931,844,ITF,ITF3,15,Campania,Campania,5801692,3584949,61.79,1.17
2415,2021-07-25,CAM,23169,11750,11419,4293,18738,138,ITF,ITF3,15,Campania,Campania,5801692,3608118,62.19,0.4
2416,2021-03-06,CAM,16373,6816,9557,10389,5670,314,ITF,ITF3,15,Campania,Campania,5801692,3624491,62.47,0.28
2417,2021-03-08,CAM,14692,6850,7842,9472,4780,440,ITF,ITF3,15,Campania,Campania,5801692,3639183,62.73,0.25
2418,2021-05-04,CAM,48493,23349,25144,38310,8906,1277,ITF,ITF3,15,Campania,Campania,5801692,3687676,63.56,0.84
2419,2021-01-24,CAM,4122,2119,2003,360,3745,17,ITF,ITF3,15,Campania,Campania,5801692,3691798,63.63,0.07
2420,2021-05-13,CAM,55454,24832,30622,37858,16020,1576,ITF,ITF3,15,Campania,Campania,5801692,3747252,64.59,0.96
2421,2021-07-09,CAM,61484,29764,31720,4349,56818,317,ITF,ITF3,15,Campania,Campania,5801692,3808736,65.65,1.06
2422,2021-01-31,CAM,8070,3712,4358,22,8047,1,ITF,ITF3,15,Campania,Campania,5801692,3816806,65.79,0.14
2423,2021-05-11,CAM,39886,19248,20638,29556,9404,926,ITF,ITF3,15,Campania,Campania,5801692,3856692,66.48,0.69
2424,2021-07-11,CAM,40867,19669,21198,1008,39774,85,ITF,ITF3,15,Campania,Campania,5801692,3897559,67.18,0.7
2425,2021-02-02,CAM,5724,2806,2918,413,5280,31,ITF,ITF3,15,Campania,Campania,5801692,3903283,67.28,0.1
2426,2021-03-31,CAM,23194,11373,11821,19337,3440,417,ITF,ITF3,15,Campania,Campania,5801692,3926477,67.68,0.4
2427,2021-07-18,CAM,31340,15761,15579,3840,27164,336,ITF,ITF3,15,Campania,Campania,5801692,3957817,68.22,0.54
2428,2021-04-07,CAM,24974,11988,12986,19693,4725,556,ITF,ITF3,15,Campania,Campania,5801692,3982791,68.65,0.43
2429,2021-07-16,CAM,61043,29859,31184,6742,53896,405,ITF,ITF3,15,Campania,Campania,5801692,4043834,69.7,1.05
2430,2021-04-02,CAM,21867,10525,11342,19075,2324,468,ITF,ITF3,15,Campania,Campania,5801692,4065701,70.08,0.38
2431,2021-02-15,CAM,5472,2516,2956,5152,175,145,ITF,ITF3,15,Campania,Campania,5801692,4071173,70.17,0.09
2432,2021-06-09,CAM,53062,26052,27010,41675,10910,477,ITF,ITF3,15,Campania,Campania,5801692,4124235,71.09,0.91
2433,2021-03-01,CAM,12132,4248,7884,7763,4113,256,ITF,ITF3,15,Campania,Campania,5801692,4136367,71.3,0.21
2434,2021-08-17,CAM,19058,10317,8741,5925,12743,390,ITF,ITF3,15,Campania,Campania,5801692,4155425,71.62,0.33
2435,2021-05-09,CAM,43208,20290,22918,30927,11102,1179,ITF,ITF3,15,Campania,Campania,5801692,4198633,72.37,0.74
2436,2021-01-10,CAM,8165,3736,4429,7963,0,202,ITF,ITF3,15,Campania,Campania,5801692,4206798,72.51,0.14
2437,2021-04-03,CAM,21119,10316,10803,18266,2383,470,ITF,ITF3,15,Campania,Campania,5801692,4227917,72.87,0.36
2438,2021-08-16,CAM,12451,6681,5770,6232,5718,501,ITF,ITF3,15,Campania,Campania,5801692,4240368,73.09,0.21
2439,2021-05-23,CAM,58761,28645,30116,37212,20904,645,ITF,ITF3,15,Campania,Campania,5801692,4299129,74.1,1.01
2440,2021-02-12,CAM,6532,2861,3671,6087,188,257,ITF,ITF3,15,Campania,Campania,5801692,4305661,74.21,0.11
2441,2021-02-17,CAM,7402,3218,4184,6209,1063,130,ITF,ITF3,15,Campania,Campania,5801692,4313063,74.34,0.13
2442,2021-04-15,CAM,34348,16664,17684,23794,9905,649,ITF,ITF3,15,Campania,Campania,5801692,4347411,74.93,0.59
2443,2021-07-28,CAM,49443,24567,24876,13953,34765,725,ITF,ITF3,15,Campania,Campania,5801692,4396854,75.79,0.85
2444,2021-02-05,CAM,7266,3463,3803,2023,5128,115,ITF,ITF3,15,Campania,Campania,5801692,4404120,75.91,0.13
2445,2021-08-07,CAM,17210,9196,8014,11238,5280,692,ITF,ITF3,15,Campania,Campania,5801692,4421330,76.21,0.3
2446,2021-04-29,CAM,41575,20185,21390,24035,16745,795,ITF,ITF3,15,Campania,Campania,5801692,4462905,76.92,0.72
2447,2021-01-19,CAM,1095,474,621,1042,3,50,ITF,ITF3,15,Campania,Campania,5801692,4464000,76.94,0.02
2448,2021-07-21,CAM,50204,24456,25748,8652,40882,670,ITF,ITF3,15,Campania,Campania,5801692,4514204,77.81,0.87
2449,2021-01-21,CAM,2093,1116,977,670,1417,6,ITF,ITF3,15,Campania,Campania,5801692,4516297,77.84,0.04
2450,2021-07-23,CAM,61821,30801,31020,8490,52855,476,ITF,ITF3,15,Campania,Campania,5801692,4578118,78.91,1.07
2451,2021-04-14,CAM,27660,13337,14323,18657,8584,419,ITF,ITF3,15,Campania,Campania,5801692,4605778,79.39,0.48
2452,2021-05-01,CAM,46350,22663,23687,29298,16110,942,ITF,ITF3,15,Campania,Campania,5801692,4652128,80.19,0.8
2453,2021-07-06,CAM,56704,27070,29634,16142,40083,479,ITF,ITF3,15,Campania,Campania,5801692,4708832,81.16,0.98
2454,2021-06-22,CAM,52456,25015,27441,13187,39007,262,ITF,ITF3,15,Campania,Campania,5801692,4761288,82.07,0.9
2455,2021-03-14,CAM,8618,3828,4790,4370,4142,106,ITF,ITF3,15,Campania,Campania,5801692,4769906,82.22,0.15
2456,2021-05-10,CAM,35477,16392,19085,24940,9930,607,ITF,ITF3,15,Campania,Campania,5801692,4805383,82.83,0.61
2457,2021-06-08,CAM,53057,25856,27201,45433,7019,605,ITF,ITF3,15,Campania,Campania,5801692,4858440,83.74,0.91
2458,2021-01-29,CAM,10061,4814,5247,49,10008,4,ITF,ITF3,15,Campania,Campania,5801692,4868501,83.92,0.17
2459,2021-06-27,CAM,43558,21452,22106,14087,29071,400,ITF,ITF3,15,Campania,Campania,5801692,4912059,84.67,0.75
2460,2021-03-19,CAM,11146,4973,6173,7085,3874,187,ITF,ITF3,15,Campania,Campania,5801692,4923205,84.86,0.19
2461,2021-06-10,CAM,75968,36694,39274,67950,7077,941,ITF,ITF3,15,Campania,Campania,5801692,4999173,86.17,1.31
2462,2021-06-24,CAM,66084,31839,34245,13451,52277,356,ITF,ITF3,15,Campania,Campania,5801692,5065257,87.31,1.14
2463,2021-03-16,CAM,8088,3519,4569,3700,4316,72,ITF,ITF3,15,Campania,Campania,5801692,5073345,87.45,0.14
2464,2021-01-25,CAM,5750,2927,2823,167,5583,0,ITF,ITF3,15,Campania,Campania,5801692,5079095,87.55,0.1
2465,2021-07-01,CAM,61514,29853,31661,19806,41014,694,ITF,ITF3,15,Campania,Campania,5801692,5140609,88.61,1.06
2466,2021-03-23,CAM,15743,7446,8297,12887,2513,343,ITF,ITF3,15,Campania,Campania,5801692,5156352,88.88,0.27
2467,2021-05-19,CAM,51220,22625,28595,33818,16673,729,ITF,ITF3,15,Campania,Campania,5801692,5207572,89.76,0.88
2468,2021-05-05,CAM,51180,24862,26318,43240,6393,1547,ITF,ITF3,15,Campania,Campania,5801692,5258752,90.64,0.88
2469,2021-05-12,CAM,40918,19966,20952,30601,9169,1148,ITF,ITF3,15,Campania,Campania,5801692,5299670,91.35,0.71
2470,2021-07-08,CAM,61113,29413,31700,5646,55141,326,ITF,ITF3,15,Campania,Campania,5801692,5360783,92.4,1.05
2471,2021-08-04,CAM,29820,15289,14531,15971,13083,766,ITF,ITF3,15,Campania,Campania,5801692,5390603,92.91,0.51
2472,2021-04-26,CAM,34048,16651,17397,27553,5623,872,ITF,ITF3,15,Campania,Campania,5801692,5424651,93.5,0.59
2473,2021-03-07,CAM,11974,5405,6569,7796,3844,334,ITF,ITF3,15,Campania,Campania,5801692,5436625,93.71,0.21
2474,2021-08-11,CAM,21049,11093,9956,12128,8140,781,ITF,ITF3,15,Campania,Campania,5801692,5457674,94.07,0.36
2475,2021-05-03,CAM,40764,19897,20867,27898,11864,1002,ITF,ITF3,15,Campania,Campania,5801692,5498438,94.77,0.7
2476,2021-06-29,CAM,49338,23993,25345,19742,29113,483,ITF,ITF3,15,Campania,Campania,5801692,5547776,95.62,0.85
2477,2021-05-08,CAM,56441,27145,29296,39090,15838,1513,ITF,ITF3,15,Campania,Campania,5801692,5604217,96.6,0.97
2478,2021-01-28,CAM,8840,4126,4714,131,8701,8,ITF,ITF3,15,Campania,Campania,5801692,5613057,96.75,0.15
2479,2021-07-30,CAM,44730,22758,21972,14449,29486,795,ITF,ITF3,15,Campania,Campania,5801692,5657787,97.52,0.77
2480,2021-04-21,CAM,30298,14751,15547,17519,12229,550,ITF,ITF3,15,Campania,Campania,5801692,5688085,98.04,0.52
2481,2021-06-15,CAM,18675,9088,9587,11017,7414,244,ITF,ITF3,15,Campania,Campania,5801692,5706760,98.36,0.32
2482,2021-02-08,CAM,5120,2453,2667,4166,807,147,ITF,ITF3,15,Campania,Campania,5801692,5711880,98.45,0.09
2483,2021-04-12,CAM,23308,10920,12388,19757,3035,516,ITF,ITF3,15,Campania,Campania,5801692,5735188,98.85,0.4
2484,2021-01-02,CAM,3671,1962,1709,3613,0,58,ITF,ITF3,15,Campania,Campania,5801692,5738859,98.92,0.06
2485,2021-06-17,CAM,60214,28867,31347,32861,26798,555,ITF,ITF3,15,Campania,Campania,5801692,5799073,99.95,1.04
2486,2021-07-04,CAM,48819,23765,25054,6316,42315,188,ITF,ITF3,15,Campania,Campania,5801692,5847892,100.8,0.84
2487,2021-03-26,CAM,19868,9324,10544,15629,3817,422,ITF,ITF3,15,Campania,Campania,5801692,5867760,101.14,0.34
2488,2021-02-01,CAM,3987,1813,2174,103,3876,8,ITF,ITF3,15,Campania,Campania,5801692,5871747,101.21,0.07
2489,2021-03-30,CAM,22053,10578,11475,18584,2957,512,ITF,ITF3,15,Campania,Campania,5801692,5893800,101.59,0.38
2490,2021-04-17,CAM,36197,17515,18682,23971,11515,711,ITF,ITF3,15,Campania,Campania,5801692,5929997,102.21,0.62
2491,2021-06-13,CAM,43431,21245,22186,38037,4731,663,ITF,ITF3,15,Campania,Campania,5801692,5973428,102.96,0.75
2492,2021-05-30,CAM,52165,25450,26715,37959,13323,883,ITF,ITF3,15,Campania,Campania,5801692,6025593,103.86,0.9
2493,2021-02-19,CAM,9574,3561,6013,8701,650,223,ITF,ITF3,15,Campania,Campania,5801692,6035167,104.02,0.17
2494,2021-07-26,CAM,48877,24336,24541,10445,37934,498,ITF,ITF3,15,Campania,Campania,5801692,6084044,104.87,0.84
2495,2020-12-31,CAM,1490,811,679,1470,0,20,ITF,ITF3,15,Campania,Campania,5801692,6085534,104.89,0.03
2496,2021-06-06,CAM,63232,31448,31784,61864,649,719,ITF,ITF3,15,Campania,Campania,5801692,6148766,105.98,1.09
2497,2021-02-26,CAM,13341,4229,9112,11713,1341,287,ITF,ITF3,15,Campania,Campania,5801692,6162107,106.21,0.23
2498,2021-08-02,CAM,41767,21224,20543,13240,27999,528,ITF,ITF3,15,Campania,Campania,5801692,6203874,106.93,0.72
2499,2021-04-24,CAM,36375,17533,18842,24345,11248,782,ITF,ITF3,15,Campania,Campania,5801692,6240249,107.56,0.63
2500,2021-07-19,CAM,43983,21535,22448,5198,38362,423,ITF,ITF3,15,Campania,Campania,5801692,6284232,108.32,0.76
2501,2021-04-10,CAM,28359,13494,14865,22803,4915,641,ITF,ITF3,15,Campania,Campania,5801692,6312591,108.81,0.49
2502,2021-01-07,CAM,8909,4167,4742,8735,0,174,ITF,ITF3,15,Campania,Campania,5801692,6321500,108.96,0.15
2503,2021-03-05,CAM,16819,6668,10151,9855,6668,296,ITF,ITF3,15,Campania,Campania,5801692,6338319,109.25,0.29
2504,2021-08-13,CAM,16857,9149,7708,9743,6595,519,ITF,ITF3,15,Campania,Campania,5801692,6355176,109.54,0.29
2505,2021-01-14,CAM,7074,2977,4097,6809,0,265,ITF,ITF3,15,Campania,Campania,5801692,6362250,109.66,0.12
2506,2021-07-24,CAM,47986,24869,23117,6748,40886,352,ITF,ITF3,15,Campania,Campania,5801692,6410236,110.49,0.83
2507,2021-01-20,CAM,1259,650,609,1228,0,31,ITF,ITF3,15,Campania,Campania,5801692,6411495,110.51,0.02
2508,2021-04-13,CAM,26611,12687,13924,20559,5534,518,ITF,ITF3,15,Campania,Campania,5801692,6438106,110.97,0.46
2509,2021-01-03,CAM,3836,2009,1827,3787,0,49,ITF,ITF3,15,Campania,Campania,5801692,6441942,111.04,0.07
2510,2021-07-05,CAM,63303,30514,32789,12729,49878,696,ITF,ITF3,15,Campania,Campania,5801692,6505245,112.13,1.09
2511,2021-07-07,CAM,52304,24820,27484,7253,44637,414,ITF,ITF3,15,Campania,Campania,5801692,6557549,113.03,0.9
2512,2021-03-29,CAM,19406,9577,9829,17455,1549,402,ITF,ITF3,15,Campania,Campania,5801692,6576955,113.36,0.33
2513,2021-06-20,CAM,47608,22746,24862,14318,32989,301,ITF,ITF3,15,Campania,Campania,5801692,6624563,114.18,0.82
2514,2021-03-27,CAM,21514,10240,11274,17234,3868,412,ITF,ITF3,15,Campania,Campania,5801692,6646077,114.55,0.37
2515,2021-06-01,CAM,42258,20959,21299,31478,10541,239,ITF,ITF3,15,Campania,Campania,5801692,6688335,115.28,0.73
2516,2021-06-18,CAM,65895,31406,34489,35054,30302,539,ITF,ITF3,15,Campania,Campania,5801692,6754230,116.42,1.14
2517,2021-03-10,CAM,15624,7728,7896,8438,6844,342,ITF,ITF3,15,Campania,Campania,5801692,6769854,116.69,0.27
2518,2021-08-06,CAM,31213,16252,14961,17584,12634,995,ITF,ITF3,15,Campania,Campania,5801692,6801067,117.23,0.54
2519,2021-05-15,CAM,62743,29063,33680,42131,18799,1813,ITF,ITF3,15,Campania,Campania,5801692,6863810,118.31,1.08
2520,2021-03-12,CAM,14577,7412,7165,8174,6085,318,ITF,ITF3,15,Campania,Campania,5801692,6878387,118.56,0.25
2521,2021-06-03,CAM,72647,35235,37412,61095,10680,872,ITF,ITF3,15,Campania,Campania,5801692,6951034,119.81,1.25
2522,2021-02-23,CAM,11009,3394,7615,10188,534,287,ITF,ITF3,15,Campania,Campania,5801692,6962043,120.0,0.19
2523,2021-02-21,CAM,5837,2241,3596,5494,225,118,ITF,ITF3,15,Campania,Campania,5801692,6967880,120.1,0.1
2524,2021-03-25,BAS,1882,603,1279,1515,344,23,ITF,ITF5,17,Basilicata,Basilicata,559084,1882,0.34,0.34
2525,2021-01-27,BAS,419,177,242,113,306,0,ITF,ITF5,17,Basilicata,Basilicata,559084,2301,0.41,0.07
2526,2021-02-10,BAS,551,240,311,496,53,2,ITF,ITF5,17,Basilicata,Basilicata,559084,2852,0.51,0.1
2527,2021-05-21,BAS,4578,2321,2257,1480,3086,12,ITF,ITF5,17,Basilicata,Basilicata,559084,7430,1.33,0.82
2528,2021-04-08,BAS,789,362,427,763,10,16,ITF,ITF5,17,Basilicata,Basilicata,559084,8219,1.47,0.14
2529,2021-04-22,BAS,5049,2351,2698,3381,1613,55,ITF,ITF5,17,Basilicata,Basilicata,559084,13268,2.37,0.9
2530,2021-07-31,BAS,5467,2877,2590,1825,3588,54,ITF,ITF5,17,Basilicata,Basilicata,559084,18735,3.35,0.98
2531,2021-07-17,BAS,5855,2914,2941,1709,4107,39,ITF,ITF5,17,Basilicata,Basilicata,559084,24590,4.4,1.05
2532,2021-06-30,BAS,3452,1668,1784,2315,1111,26,ITF,ITF5,17,Basilicata,Basilicata,559084,28042,5.02,0.62
2533,2021-06-04,BAS,4831,2288,2543,3748,1046,37,ITF,ITF5,17,Basilicata,Basilicata,559084,32873,5.88,0.86
2534,2021-02-24,BAS,1810,743,1067,1725,74,11,ITF,ITF5,17,Basilicata,Basilicata,559084,34683,6.2,0.32
2535,2021-02-22,BAS,1795,777,1018,1734,53,8,ITF,ITF5,17,Basilicata,Basilicata,559084,36478,6.52,0.32
2536,2021-01-10,BAS,77,24,53,77,0,0,ITF,ITF5,17,Basilicata,Basilicata,559084,36555,6.54,0.01
2537,2021-04-20,BAS,4145,1982,2163,2182,1937,26,ITF,ITF5,17,Basilicata,Basilicata,559084,40700,7.28,0.74
2538,2021-08-07,BAS,4512,2375,2137,1359,3094,59,ITF,ITF5,17,Basilicata,Basilicata,559084,45212,8.09,0.81
2539,2021-01-08,BAS,555,219,336,555,0,0,ITF,ITF5,17,Basilicata,Basilicata,559084,45767,8.19,0.1
2540,2021-01-15,BAS,819,353,466,819,0,0,ITF,ITF5,17,Basilicata,Basilicata,559084,46586,8.33,0.15
2541,2020-12-27,BAS,106,41,65,106,0,0,ITF,ITF5,17,Basilicata,Basilicata,559084,46692,8.35,0.02
2542,2021-03-20,BAS,1300,576,724,276,1017,7,ITF,ITF5,17,Basilicata,Basilicata,559084,47992,8.58,0.23
2543,2021-06-28,BAS,3642,1747,1895,2114,1509,19,ITF,ITF5,17,Basilicata,Basilicata,559084,51634,9.24,0.65
2544,2021-05-04,BAS,4141,1994,2147,3568,524,49,ITF,ITF5,17,Basilicata,Basilicata,559084,55775,9.98,0.74
2545,2021-03-08,BAS,1470,721,749,820,618,32,ITF,ITF5,17,Basilicata,Basilicata,559084,57245,10.24,0.26
2546,2021-06-16,BAS,4606,2086,2520,2126,2460,20,ITF,ITF5,17,Basilicata,Basilicata,559084,61851,11.06,0.82
2547,2021-08-12,BAS,3920,2000,1920,1680,2158,82,ITF,ITF5,17,Basilicata,Basilicata,559084,65771,11.76,0.7
2548,2021-07-26,BAS,5414,2720,2694,1989,3387,38,ITF,ITF5,17,Basilicata,Basilicata,559084,71185,12.73,0.97
2549,2021-01-22,BAS,67,24,43,67,0,0,ITF,ITF5,17,Basilicata,Basilicata,559084,71252,12.74,0.01
2550,2021-07-24,BAS,5745,2942,2803,1773,3922,50,ITF,ITF5,17,Basilicata,Basilicata,559084,76997,13.77,1.03
2551,2021-02-17,BAS,1137,493,644,1058,77,2,ITF,ITF5,17,Basilicata,Basilicata,559084,78134,13.98,0.2
2552,2021-05-28,BAS,3615,1810,1805,919,2663,33,ITF,ITF5,17,Basilicata,Basilicata,559084,81749,14.62,0.65
2553,2021-06-11,BAS,4237,1983,2254,3168,1028,41,ITF,ITF5,17,Basilicata,Basilicata,559084,85986,15.38,0.76
2554,2021-05-11,BAS,2654,1353,1301,1597,1033,24,ITF,ITF5,17,Basilicata,Basilicata,559084,88640,15.85,0.47
2555,2021-04-01,BAS,2729,1118,1611,1970,731,28,ITF,ITF5,17,Basilicata,Basilicata,559084,91369,16.34,0.49
2556,2021-02-03,BAS,674,304,370,32,642,0,ITF,ITF5,17,Basilicata,Basilicata,559084,92043,16.46,0.12
2557,2021-06-01,BAS,6137,2927,3210,3034,3076,27,ITF,ITF5,17,Basilicata,Basilicata,559084,98180,17.56,1.1
2558,2021-06-23,BAS,3241,1522,1719,2333,876,32,ITF,ITF5,17,Basilicata,Basilicata,559084,101421,18.14,0.58
2559,2021-03-13,BAS,1804,893,911,736,1048,20,ITF,ITF5,17,Basilicata,Basilicata,559084,103225,18.46,0.32
2560,2021-02-07,BAS,381,161,220,49,332,0,ITF,ITF5,17,Basilicata,Basilicata,559084,103606,18.53,0.07
2561,2021-05-18,BAS,5897,2856,3041,3381,2492,24,ITF,ITF5,17,Basilicata,Basilicata,559084,109503,19.59,1.05
2562,2021-08-09,BAS,4010,2065,1945,1569,2395,46,ITF,ITF5,17,Basilicata,Basilicata,559084,113513,20.3,0.72
2563,2021-07-23,BAS,5552,2782,2770,1889,3618,45,ITF,ITF5,17,Basilicata,Basilicata,559084,119065,21.3,0.99
2564,2021-05-01,BAS,4708,2139,2569,3886,754,68,ITF,ITF5,17,Basilicata,Basilicata,559084,123773,22.14,0.84
2565,2021-03-06,BAS,1371,541,830,752,606,13,ITF,ITF5,17,Basilicata,Basilicata,559084,125144,22.38,0.25
2566,2021-05-09,BAS,4684,2339,2345,2941,1694,49,ITF,ITF5,17,Basilicata,Basilicata,559084,129828,23.22,0.84
2567,2021-02-15,BAS,631,238,393,571,44,16,ITF,ITF5,17,Basilicata,Basilicata,559084,130459,23.33,0.11
2568,2021-01-29,BAS,617,231,386,63,554,0,ITF,ITF5,17,Basilicata,Basilicata,559084,131076,23.44,0.11
2569,2021-03-05,BAS,1866,862,1004,1097,755,14,ITF,ITF5,17,Basilicata,Basilicata,559084,132942,23.78,0.33
2570,2021-06-13,BAS,3014,1440,1574,2678,308,28,ITF,ITF5,17,Basilicata,Basilicata,559084,135956,24.32,0.54
2571,2021-03-15,BAS,2368,992,1376,508,1844,16,ITF,ITF5,17,Basilicata,Basilicata,559084,138324,24.74,0.42
2572,2021-01-17,BAS,329,133,196,328,1,0,ITF,ITF5,17,Basilicata,Basilicata,559084,138653,24.8,0.06
2573,2021-04-27,BAS,4730,2243,2487,4351,327,52,ITF,ITF5,17,Basilicata,Basilicata,559084,143383,25.65,0.85
2574,2021-08-05,BAS,4557,2319,2238,1282,3234,41,ITF,ITF5,17,Basilicata,Basilicata,559084,147940,26.46,0.82
2575,2021-06-09,BAS,4423,2072,2351,3967,423,33,ITF,ITF5,17,Basilicata,Basilicata,559084,152363,27.25,0.79
2576,2021-04-13,BAS,2118,1053,1065,1282,818,18,ITF,ITF5,17,Basilicata,Basilicata,559084,154481,27.63,0.38
2577,2021-03-01,BAS,553,286,267,384,169,0,ITF,ITF5,17,Basilicata,Basilicata,559084,155034,27.73,0.1
2578,2021-08-14,BAS,3478,1906,1572,1421,1997,60,ITF,ITF5,17,Basilicata,Basilicata,559084,158512,28.35,0.62
2579,2021-06-18,BAS,4464,2065,2399,2179,2259,26,ITF,ITF5,17,Basilicata,Basilicata,559084,162976,29.15,0.8
2580,2021-01-24,BAS,862,314,548,58,803,1,ITF,ITF5,17,Basilicata,Basilicata,559084,163838,29.3,0.15
2581,2021-08-04,BAS,4500,2232,2268,1424,3035,41,ITF,ITF5,17,Basilicata,Basilicata,559084,168338,30.11,0.8
2582,2021-06-08,BAS,4585,2194,2391,4190,357,38,ITF,ITF5,17,Basilicata,Basilicata,559084,172923,30.93,0.82
2583,2021-04-12,BAS,2175,1053,1122,1653,493,29,ITF,ITF5,17,Basilicata,Basilicata,559084,175098,31.32,0.39
2584,2021-07-21,BAS,5845,2942,2903,1611,4201,33,ITF,ITF5,17,Basilicata,Basilicata,559084,180943,32.36,1.05
2585,2021-07-14,BAS,5640,2719,2921,1626,3989,25,ITF,ITF5,17,Basilicata,Basilicata,559084,186583,33.37,1.01
2586,2021-04-05,BAS,726,235,491,412,304,10,ITF,ITF5,17,Basilicata,Basilicata,559084,187309,33.5,0.13
2587,2021-03-22,BAS,1195,539,656,638,549,8,ITF,ITF5,17,Basilicata,Basilicata,559084,188504,33.72,0.21
2588,2021-03-03,BAS,1751,821,930,1167,562,22,ITF,ITF5,17,Basilicata,Basilicata,559084,190255,34.03,0.31
2589,2021-05-25,BAS,4199,2114,2085,867,3322,10,ITF,ITF5,17,Basilicata,Basilicata,559084,194454,34.78,0.75
2590,2021-05-02,BAS,4181,2001,2180,3491,629,61,ITF,ITF5,17,Basilicata,Basilicata,559084,198635,35.53,0.75
2591,2021-04-15,BAS,3431,1679,1752,2589,798,44,ITF,ITF5,17,Basilicata,Basilicata,559084,202066,36.14,0.61
2592,2021-07-07,BAS,5208,2473,2735,2023,3171,14,ITF,ITF5,17,Basilicata,Basilicata,559084,207274,37.07,0.93
2593,2021-01-03,BAS,908,346,562,908,0,0,ITF,ITF5,17,Basilicata,Basilicata,559084,208182,37.24,0.16
2594,2021-05-27,BAS,3624,1864,1760,1075,2535,14,ITF,ITF5,17,Basilicata,Basilicata,559084,211806,37.88,0.65
2595,2021-04-24,BAS,4582,2220,2362,3475,1051,56,ITF,ITF5,17,Basilicata,Basilicata,559084,216388,38.7,0.82
2596,2021-08-02,BAS,4607,2333,2274,1778,2789,40,ITF,ITF5,17,Basilicata,Basilicata,559084,220995,39.53,0.82
2597,2021-02-14,BAS,151,48,103,105,0,46,ITF,ITF5,17,Basilicata,Basilicata,559084,221146,39.56,0.03
2598,2021-01-31,BAS,77,24,53,0,77,0,ITF,ITF5,17,Basilicata,Basilicata,559084,221223,39.57,0.01
2599,2021-01-12,BAS,217,88,129,217,0,0,ITF,ITF5,17,Basilicata,Basilicata,559084,221440,39.61,0.04
2600,2021-05-10,BAS,4808,2384,2424,2716,2042,50,ITF,ITF5,17,Basilicata,Basilicata,559084,226248,40.47,0.86
2601,2021-07-18,BAS,4386,2162,2224,1575,2784,27,ITF,ITF5,17,Basilicata,Basilicata,559084,230634,41.25,0.78
2602,2021-08-01,BAS,4207,2113,2094,1632,2535,40,ITF,ITF5,17,Basilicata,Basilicata,559084,234841,42.0,0.75
2603,2021-06-27,BAS,3007,1477,1530,2378,615,14,ITF,ITF5,17,Basilicata,Basilicata,559084,237848,42.54,0.54
2604,2021-04-29,BAS,4858,2398,2460,4342,441,75,ITF,ITF5,17,Basilicata,Basilicata,559084,242706,43.41,0.87
2605,2021-03-17,BAS,1467,614,853,24,1439,4,ITF,ITF5,17,Basilicata,Basilicata,559084,244173,43.67,0.26
2606,2021-01-19,BAS,199,84,115,199,0,0,ITF,ITF5,17,Basilicata,Basilicata,559084,244372,43.71,0.04
2607,2021-06-25,BAS,3317,1571,1746,2444,839,34,ITF,ITF5,17,Basilicata,Basilicata,559084,247689,44.3,0.59
2608,2021-07-04,BAS,3115,1565,1550,2167,922,26,ITF,ITF5,17,Basilicata,Basilicata,559084,250804,44.86,0.56
2609,2021-05-13,BAS,5984,2968,3016,3298,2596,90,ITF,ITF5,17,Basilicata,Basilicata,559084,256788,45.93,1.07
2610,2021-05-08,BAS,4845,2406,2439,3385,1412,48,ITF,ITF5,17,Basilicata,Basilicata,559084,261633,46.8,0.87
2611,2021-08-16,BAS,3568,1867,1701,1485,1999,84,ITF,ITF5,17,Basilicata,Basilicata,559084,265201,47.43,0.64
2612,2021-03-10,BAS,1685,845,840,835,839,11,ITF,ITF5,17,Basilicata,Basilicata,559084,266886,47.74,0.3
2613,2021-01-26,BAS,811,357,454,101,710,0,ITF,ITF5,17,Basilicata,Basilicata,559084,267697,47.88,0.15
2614,2021-05-06,BAS,5069,2440,2629,3433,1585,51,ITF,ITF5,17,Basilicata,Basilicata,559084,272766,48.79,0.91
2615,2021-05-15,BAS,6532,3343,3189,3875,2574,83,ITF,ITF5,17,Basilicata,Basilicata,559084,279298,49.96,1.17
2616,2021-04-02,BAS,2344,1057,1287,1715,605,24,ITF,ITF5,17,Basilicata,Basilicata,559084,281642,50.38,0.42
2617,2021-02-04,BAS,1105,445,660,64,1041,0,ITF,ITF5,17,Basilicata,Basilicata,559084,282747,50.57,0.2
2618,2021-07-11,BAS,5038,2407,2631,1512,3498,28,ITF,ITF5,17,Basilicata,Basilicata,559084,287785,51.47,0.9
2619,2021-02-02,BAS,369,145,224,174,194,1,ITF,ITF5,17,Basilicata,Basilicata,559084,288154,51.54,0.07
2620,2021-04-09,BAS,1153,350,803,1064,63,26,ITF,ITF5,17,Basilicata,Basilicata,559084,289307,51.75,0.21
2621,2021-07-13,BAS,5857,2825,3032,1775,4035,47,ITF,ITF5,17,Basilicata,Basilicata,559084,295164,52.79,1.05
2622,2021-06-29,BAS,3857,1881,1976,2787,1043,27,ITF,ITF5,17,Basilicata,Basilicata,559084,299021,53.48,0.69
2623,2021-03-21,BAS,1173,544,629,470,700,3,ITF,ITF5,17,Basilicata,Basilicata,559084,300194,53.69,0.21
2624,2021-05-29,BAS,3059,1533,1526,824,2224,11,ITF,ITF5,17,Basilicata,Basilicata,559084,303253,54.24,0.55
2625,2021-01-13,BAS,917,387,530,917,0,0,ITF,ITF5,17,Basilicata,Basilicata,559084,304170,54.41,0.16
2626,2021-04-23,BAS,4550,2190,2360,3480,1010,60,ITF,ITF5,17,Basilicata,Basilicata,559084,308720,55.22,0.81
2627,2021-01-30,BAS,712,230,482,129,583,0,ITF,ITF5,17,Basilicata,Basilicata,559084,309432,55.35,0.13
2628,2021-03-04,BAS,1894,898,996,1065,806,23,ITF,ITF5,17,Basilicata,Basilicata,559084,311326,55.69,0.34
2629,2021-04-19,BAS,4180,1919,2261,2397,1652,131,ITF,ITF5,17,Basilicata,Basilicata,559084,315506,56.43,0.75
2630,2021-07-28,BAS,5036,2576,2460,1930,3047,59,ITF,ITF5,17,Basilicata,Basilicata,559084,320542,57.33,0.9
2631,2021-06-15,BAS,3222,1416,1806,2227,975,20,ITF,ITF5,17,Basilicata,Basilicata,559084,323764,57.91,0.58
2632,2021-02-28,BAS,813,347,466,772,37,4,ITF,ITF5,17,Basilicata,Basilicata,559084,324577,58.06,0.15
2633,2021-07-09,BAS,5340,2610,2730,1696,3634,10,ITF,ITF5,17,Basilicata,Basilicata,559084,329917,59.01,0.96
2634,2021-04-17,BAS,3461,1655,1806,2171,1262,28,ITF,ITF5,17,Basilicata,Basilicata,559084,333378,59.63,0.62
2635,2021-03-29,BAS,2482,898,1584,2143,288,51,ITF,ITF5,17,Basilicata,Basilicata,559084,335860,60.07,0.44
2636,2021-01-05,BAS,951,410,541,951,0,0,ITF,ITF5,17,Basilicata,Basilicata,559084,336811,60.24,0.17
2637,2021-06-20,BAS,4011,1884,2127,1941,2036,34,ITF,ITF5,17,Basilicata,Basilicata,559084,340822,60.96,0.72
2638,2021-02-27,BAS,1996,862,1134,1814,165,17,ITF,ITF5,17,Basilicata,Basilicata,559084,342818,61.32,0.36
2639,2021-07-20,BAS,5695,2794,2901,1687,3968,40,ITF,ITF5,17,Basilicata,Basilicata,559084,348513,62.34,1.02
2640,2021-06-07,BAS,4238,1921,2317,3885,315,38,ITF,ITF5,17,Basilicata,Basilicata,559084,352751,63.09,0.76
2641,2021-04-11,BAS,961,389,572,761,171,29,ITF,ITF5,17,Basilicata,Basilicata,559084,353712,63.27,0.17
2642,2021-06-12,BAS,3687,1694,1993,2959,690,38,ITF,ITF5,17,Basilicata,Basilicata,559084,357399,63.93,0.66
2643,2021-04-04,BAS,611,226,385,189,416,6,ITF,ITF5,17,Basilicata,Basilicata,559084,358010,64.04,0.11
2644,2021-07-22,BAS,5797,2889,2908,1786,3950,61,ITF,ITF5,17,Basilicata,Basilicata,559084,363807,65.07,1.04
2645,2021-03-24,BAS,1904,725,1179,1481,398,25,ITF,ITF5,17,Basilicata,Basilicata,559084,365711,65.41,0.34
2646,2021-07-02,BAS,3691,1840,1851,2486,1176,29,ITF,ITF5,17,Basilicata,Basilicata,559084,369402,66.07,0.66
2647,2021-02-11,BAS,956,405,551,871,83,2,ITF,ITF5,17,Basilicata,Basilicata,559084,370358,66.24,0.17
2648,2021-05-22,BAS,5490,2724,2766,1928,3551,11,ITF,ITF5,17,Basilicata,Basilicata,559084,375848,67.23,0.98
2649,2021-03-26,BAS,1955,703,1252,1667,261,27,ITF,ITF5,17,Basilicata,Basilicata,559084,377803,67.58,0.35
2650,2021-02-13,BAS,800,314,486,701,61,38,ITF,ITF5,17,Basilicata,Basilicata,559084,378603,67.72,0.14
2651,2021-05-24,BAS,4834,2344,2490,1090,3731,13,ITF,ITF5,17,Basilicata,Basilicata,559084,383437,68.58,0.86
2652,2021-07-29,BAS,4860,2526,2334,1910,2903,47,ITF,ITF5,17,Basilicata,Basilicata,559084,388297,69.45,0.87
2653,2021-06-02,BAS,5961,2805,3156,4376,1544,41,ITF,ITF5,17,Basilicata,Basilicata,559084,394258,70.52,1.07
2654,2021-04-18,BAS,3720,1843,1877,2327,1370,23,ITF,ITF5,17,Basilicata,Basilicata,559084,397978,71.18,0.67
2655,2021-02-20,BAS,1167,535,632,1048,119,0,ITF,ITF5,17,Basilicata,Basilicata,559084,399145,71.39,0.21
2656,2021-07-27,BAS,4715,2372,2343,1815,2854,46,ITF,ITF5,17,Basilicata,Basilicata,559084,403860,72.24,0.84
2657,2021-05-31,BAS,4230,2010,2220,1713,2509,8,ITF,ITF5,17,Basilicata,Basilicata,559084,408090,72.99,0.76
2658,2021-02-18,BAS,1072,401,671,853,216,3,ITF,ITF5,17,Basilicata,Basilicata,559084,409162,73.18,0.19
2659,2021-07-16,BAS,5935,2901,3034,1803,4098,34,ITF,ITF5,17,Basilicata,Basilicata,559084,415097,74.25,1.06
2660,2021-03-19,BAS,2301,997,1304,259,2035,7,ITF,ITF5,17,Basilicata,Basilicata,559084,417398,74.66,0.41
2661,2021-02-16,BAS,907,377,530,790,98,19,ITF,ITF5,17,Basilicata,Basilicata,559084,418305,74.82,0.16
2662,2021-01-28,BAS,919,407,512,119,800,0,ITF,ITF5,17,Basilicata,Basilicata,559084,419224,74.98,0.16
2663,2021-01-14,BAS,971,413,558,971,0,0,ITF,ITF5,17,Basilicata,Basilicata,559084,420195,75.16,0.17
2664,2021-04-07,BAS,1211,551,660,1155,36,20,ITF,ITF5,17,Basilicata,Basilicata,559084,421406,75.37,0.22
2665,2021-01-02,BAS,957,383,574,956,0,1,ITF,ITF5,17,Basilicata,Basilicata,559084,422363,75.55,0.17
2666,2021-01-16,BAS,725,305,420,725,0,0,ITF,ITF5,17,Basilicata,Basilicata,559084,423088,75.68,0.13
2667,2021-04-26,BAS,4466,2164,2302,4197,221,48,ITF,ITF5,17,Basilicata,Basilicata,559084,427554,76.47,0.8
2668,2021-08-08,BAS,3664,1873,1791,1116,2519,29,ITF,ITF5,17,Basilicata,Basilicata,559084,431218,77.13,0.66
2669,2021-02-21,BAS,284,113,171,284,0,0,ITF,ITF5,17,Basilicata,Basilicata,559084,431502,77.18,0.05
2670,2021-03-07,BAS,895,312,583,846,39,10,ITF,ITF5,17,Basilicata,Basilicata,559084,432397,77.34,0.16
2671,2021-03-14,BAS,1010,477,533,529,469,12,ITF,ITF5,17,Basilicata,Basilicata,559084,433407,77.52,0.18
2672,2021-03-31,BAS,3114,1267,1847,2301,783,30,ITF,ITF5,17,Basilicata,Basilicata,559084,436521,78.08,0.56
2673,2021-06-22,BAS,4356,2061,2295,2223,2101,32,ITF,ITF5,17,Basilicata,Basilicata,559084,440877,78.86,0.78
2674,2021-06-05,BAS,4800,2210,2590,3823,941,36,ITF,ITF5,17,Basilicata,Basilicata,559084,445677,79.72,0.86
2675,2021-02-23,BAS,1908,772,1136,1750,140,18,ITF,ITF5,17,Basilicata,Basilicata,559084,447585,80.06,0.34
2676,2021-06-03,BAS,4922,2258,2664,3704,1180,38,ITF,ITF5,17,Basilicata,Basilicata,559084,452507,80.94,0.88
2677,2021-03-12,BAS,1918,986,932,786,1104,28,ITF,ITF5,17,Basilicata,Basilicata,559084,454425,81.28,0.34
2678,2021-05-17,BAS,5548,2735,2813,3363,2136,49,ITF,ITF5,17,Basilicata,Basilicata,559084,459973,82.27,0.99
2679,2021-01-09,BAS,560,161,399,560,0,0,ITF,ITF5,17,Basilicata,Basilicata,559084,460533,82.37,0.1
2680,2021-07-03,BAS,3945,2102,1843,2756,1144,45,ITF,ITF5,17,Basilicata,Basilicata,559084,464478,83.08,0.71
2681,2021-05-07,BAS,4638,2280,2358,3270,1340,28,ITF,ITF5,17,Basilicata,Basilicata,559084,469116,83.91,0.83
2682,2021-08-15,BAS,2707,1431,1276,1140,1528,39,ITF,ITF5,17,Basilicata,Basilicata,559084,471823,84.39,0.48
2683,2021-04-25,BAS,2990,1459,1531,2906,52,32,ITF,ITF5,17,Basilicata,Basilicata,559084,474813,84.93,0.53
2684,2021-08-03,BAS,5121,2599,2522,1828,3244,49,ITF,ITF5,17,Basilicata,Basilicata,559084,479934,85.84,0.92
2685,2021-08-17,BAS,2772,1398,1374,1048,1670,54,ITF,ITF5,17,Basilicata,Basilicata,559084,482706,86.34,0.5
2686,2021-05-12,BAS,4729,2330,2399,2800,1881,48,ITF,ITF5,17,Basilicata,Basilicata,559084,487435,87.18,0.85
2687,2021-07-15,BAS,6478,3211,3267,1669,4784,25,ITF,ITF5,17,Basilicata,Basilicata,559084,493913,88.34,1.16
2688,2021-05-30,BAS,2778,1421,1357,920,1853,5,ITF,ITF5,17,Basilicata,Basilicata,559084,496691,88.84,0.5
2689,2021-04-03,BAS,1813,754,1059,1464,337,12,ITF,ITF5,17,Basilicata,Basilicata,559084,498504,89.16,0.32
2690,2021-02-05,BAS,996,447,549,63,931,2,ITF,ITF5,17,Basilicata,Basilicata,559084,499500,89.34,0.18
2691,2021-07-12,BAS,5448,2595,2853,1612,3809,27,ITF,ITF5,17,Basilicata,Basilicata,559084,504948,90.32,0.97
2692,2021-05-16,BAS,4973,2468,2505,2812,2113,48,ITF,ITF5,17,Basilicata,Basilicata,559084,509921,91.21,0.89
2693,2021-07-19,BAS,5924,2888,3036,1997,3886,41,ITF,ITF5,17,Basilicata,Basilicata,559084,515845,92.27,1.06
2694,2021-05-23,BAS,4518,2302,2216,1527,2984,7,ITF,ITF5,17,Basilicata,Basilicata,559084,520363,93.07,0.81
2695,2021-07-10,BAS,5529,2668,2861,1596,3924,9,ITF,ITF5,17,Basilicata,Basilicata,559084,525892,94.06,0.99
2696,2021-05-14,BAS,5907,2799,3108,3273,2531,103,ITF,ITF5,17,Basilicata,Basilicata,559084,531799,95.12,1.06
2697,2021-03-18,BAS,1356,566,790,17,1330,9,ITF,ITF5,17,Basilicata,Basilicata,559084,533155,95.36,0.24
2698,2021-06-26,BAS,3337,1614,1723,2752,557,28,ITF,ITF5,17,Basilicata,Basilicata,559084,536492,95.96,0.6
2699,2021-04-06,BAS,1274,465,809,1073,184,17,ITF,ITF5,17,Basilicata,Basilicata,559084,537766,96.19,0.23
2700,2021-06-14,BAS,4826,2157,2669,2092,2710,24,ITF,ITF5,17,Basilicata,Basilicata,559084,542592,97.05,0.86
2701,2021-03-23,BAS,1639,632,1007,1450,169,20,ITF,ITF5,17,Basilicata,Basilicata,559084,544231,97.34,0.29
2702,2021-07-01,BAS,3713,1857,1856,2567,1112,34,ITF,ITF5,17,Basilicata,Basilicata,559084,547944,98.01,0.66
2703,2021-03-27,BAS,2256,866,1390,1809,433,14,ITF,ITF5,17,Basilicata,Basilicata,559084,550200,98.41,0.4
2704,2021-07-05,BAS,3271,1615,1656,2215,1022,34,ITF,ITF5,17,Basilicata,Basilicata,559084,553471,99.0,0.59
2705,2021-01-07,BAS,644,321,323,644,0,0,ITF,ITF5,17,Basilicata,Basilicata,559084,554115,99.11,0.12
2706,2021-02-19,BAS,1625,739,886,1557,63,5,ITF,ITF5,17,Basilicata,Basilicata,559084,555740,99.4,0.29
2707,2021-02-08,BAS,563,194,369,153,410,0,ITF,ITF5,17,Basilicata,Basilicata,559084,556303,99.5,0.1
2708,2021-05-19,BAS,2872,1499,1373,1183,1676,13,ITF,ITF5,17,Basilicata,Basilicata,559084,559175,100.02,0.51
2709,2021-02-25,BAS,1792,739,1053,1734,47,11,ITF,ITF5,17,Basilicata,Basilicata,559084,560967,100.34,0.32
2710,2021-08-10,BAS,4377,2294,2083,1513,2796,68,ITF,ITF5,17,Basilicata,Basilicata,559084,565344,101.12,0.78
2711,2021-02-06,BAS,926,380,546,146,780,0,ITF,ITF5,17,Basilicata,Basilicata,559084,566270,101.29,0.17
2712,2021-04-30,BAS,5286,2376,2910,4066,1163,57,ITF,ITF5,17,Basilicata,Basilicata,559084,571556,102.23,0.95
2713,2021-01-20,BAS,85,22,63,84,1,0,ITF,ITF5,17,Basilicata,Basilicata,559084,571641,102.25,0.02
2714,2021-02-01,BAS,248,94,154,46,202,0,ITF,ITF5,17,Basilicata,Basilicata,559084,571889,102.29,0.04
2715,2021-05-26,BAS,4489,2260,2229,1676,2784,29,ITF,ITF5,17,Basilicata,Basilicata,559084,576378,103.09,0.8
2716,2021-02-12,BAS,780,333,447,747,32,1,ITF,ITF5,17,Basilicata,Basilicata,559084,577158,103.23,0.14
2717,2021-04-10,BAS,1035,379,656,925,84,26,ITF,ITF5,17,Basilicata,Basilicata,559084,578193,103.42,0.19
2718,2021-06-24,BAS,4092,1940,2152,2152,1903,37,ITF,ITF5,17,Basilicata,Basilicata,559084,582285,104.15,0.73
2719,2021-04-28,BAS,4709,2159,2550,4207,441,61,ITF,ITF5,17,Basilicata,Basilicata,559084,586994,104.99,0.84
2720,2021-03-02,BAS,802,387,415,659,138,5,ITF,ITF5,17,Basilicata,Basilicata,559084,587796,105.14,0.14
2721,2021-08-06,BAS,4253,2176,2077,1316,2884,53,ITF,ITF5,17,Basilicata,Basilicata,559084,592049,105.9,0.76
2722,2021-06-10,BAS,4346,2101,2245,3868,441,37,ITF,ITF5,17,Basilicata,Basilicata,559084,596395,106.67,0.78
2723,2021-08-13,BAS,3661,1904,1757,1425,2145,91,ITF,ITF5,17,Basilicata,Basilicata,559084,600056,107.33,0.65
2724,2021-07-30,BAS,4766,2436,2330,1914,2803,49,ITF,ITF5,17,Basilicata,Basilicata,559084,604822,108.18,0.85
2725,2021-06-17,BAS,4442,2045,2397,2087,2330,25,ITF,ITF5,17,Basilicata,Basilicata,559084,609264,108.98,0.79
2726,2021-04-21,BAS,3949,1844,2105,2243,1676,30,ITF,ITF5,17,Basilicata,Basilicata,559084,613213,109.68,0.71
2727,2021-01-18,BAS,464,158,306,365,99,0,ITF,ITF5,17,Basilicata,Basilicata,559084,613677,109.76,0.08
2728,2021-03-16,BAS,1919,807,1112,226,1690,3,ITF,ITF5,17,Basilicata,Basilicata,559084,615596,110.11,0.34
2729,2021-05-05,BAS,4337,2050,2287,3378,890,69,ITF,ITF5,17,Basilicata,Basilicata,559084,619933,110.88,0.78
2730,2021-03-09,BAS,1410,720,690,780,611,19,ITF,ITF5,17,Basilicata,Basilicata,559084,621343,111.14,0.25
2731,2021-01-25,BAS,1041,436,605,73,967,1,ITF,ITF5,17,Basilicata,Basilicata,559084,622384,111.32,0.19
2732,2021-01-11,BAS,186,67,119,186,0,0,ITF,ITF5,17,Basilicata,Basilicata,559084,622570,111.36,0.03
2733,2021-02-26,BAS,2156,905,1251,2069,81,6,ITF,ITF5,17,Basilicata,Basilicata,559084,624726,111.74,0.39
2734,2021-05-20,BAS,5882,2980,2902,2885,2969,28,ITF,ITF5,17,Basilicata,Basilicata,559084,630608,112.79,1.05
2735,2021-06-06,BAS,4512,2074,2438,3695,779,38,ITF,ITF5,17,Basilicata,Basilicata,559084,635120,113.6,0.81
2736,2021-08-11,BAS,3711,1923,1788,1429,2224,58,ITF,ITF5,17,Basilicata,Basilicata,559084,638831,114.26,0.66
2737,2021-04-14,BAS,2046,1001,1045,1354,676,16,ITF,ITF5,17,Basilicata,Basilicata,559084,640877,114.63,0.37
2738,2021-01-21,BAS,31,10,21,30,1,0,ITF,ITF5,17,Basilicata,Basilicata,559084,640908,114.64,0.01
2739,2021-01-04,BAS,613,274,339,613,0,0,ITF,ITF5,17,Basilicata,Basilicata,559084,641521,114.75,0.11
2740,2021-07-06,BAS,4212,2009,2203,2116,2060,36,ITF,ITF5,17,Basilicata,Basilicata,559084,645733,115.5,0.75
2741,2021-01-23,BAS,751,318,433,33,718,0,ITF,ITF5,17,Basilicata,Basilicata,559084,646484,115.63,0.13
2742,2021-05-03,BAS,4510,2043,2467,3620,827,63,ITF,ITF5,17,Basilicata,Basilicata,559084,650994,116.44,0.81
2743,2021-02-09,BAS,494,215,279,317,177,0,ITF,ITF5,17,Basilicata,Basilicata,559084,651488,116.53,0.09
2744,2021-07-25,BAS,4478,2254,2224,1606,2848,24,ITF,ITF5,17,Basilicata,Basilicata,559084,655966,117.33,0.8
2745,2021-06-21,BAS,4257,2045,2212,2145,2093,19,ITF,ITF5,17,Basilicata,Basilicata,559084,660223,118.09,0.76
2746,2021-06-19,BAS,4466,2178,2288,2370,2074,22,ITF,ITF5,17,Basilicata,Basilicata,559084,664689,118.89,0.8
2747,2021-03-28,BAS,2145,744,1401,2111,17,17,ITF,ITF5,17,Basilicata,Basilicata,559084,666834,119.27,0.38
2748,2021-03-11,BAS,1799,930,869,819,962,18,ITF,ITF5,17,Basilicata,Basilicata,559084,668633,119.59,0.32
2749,2021-03-30,BAS,2853,1213,1640,2492,346,15,ITF,ITF5,17,Basilicata,Basilicata,559084,671486,120.1,0.51
2750,2021-07-08,BAS,5137,2429,2708,1854,3259,24,ITF,ITF5,17,Basilicata,Basilicata,559084,676623,121.02,0.92
2751,2021-01-06,BAS,296,130,166,296,0,0,ITF,ITF5,17,Basilicata,Basilicata,559084,676919,121.08,0.05
2752,2021-04-16,BAS,3325,1635,1690,2400,900,25,ITF,ITF5,17,Basilicata,Basilicata,559084,680244,121.67,0.59
2753,2021-02-06,CAL,2927,1347,1580,440,2486,1,ITF,ITF6,18,Calabria,Calabria,1947131,2927,0.15,0.15
2754,2021-07-10,CAL,15938,7532,8406,3246,12649,43,ITF,ITF6,18,Calabria,Calabria,1947131,18865,0.97,0.82
2755,2021-01-23,CAL,403,188,215,360,43,0,ITF,ITF6,18,Calabria,Calabria,1947131,19268,0.99,0.02
2756,2021-04-18,CAL,5868,2804,3064,4929,916,23,ITF,ITF6,18,Calabria,Calabria,1947131,25136,1.29,0.3
2757,2021-04-04,CAL,1572,789,783,1140,421,11,ITF,ITF6,18,Calabria,Calabria,1947131,26708,1.37,0.08
2758,2021-06-26,CAL,15573,7196,8377,7572,7931,70,ITF,ITF6,18,Calabria,Calabria,1947131,42281,2.17,0.8
2759,2021-08-08,CAL,4219,2146,2073,1494,2697,28,ITF,ITF6,18,Calabria,Calabria,1947131,46500,2.39,0.22
2760,2021-07-22,CAL,18306,9017,9289,3477,14740,89,ITF,ITF6,18,Calabria,Calabria,1947131,64806,3.33,0.94
2761,2021-04-30,CAL,15092,7401,7691,10541,4474,77,ITF,ITF6,18,Calabria,Calabria,1947131,79898,4.1,0.78
2762,2021-08-10,CAL,9776,4913,4863,3599,6078,99,ITF,ITF6,18,Calabria,Calabria,1947131,89674,4.61,0.5
2763,2021-06-14,CAL,14360,6512,7848,9631,4652,77,ITF,ITF6,18,Calabria,Calabria,1947131,104034,5.34,0.74
2764,2021-03-04,CAL,5489,3194,2295,4670,799,20,ITF,ITF6,18,Calabria,Calabria,1947131,109523,5.62,0.28
2765,2021-06-12,CAL,13247,6298,6949,10781,2399,67,ITF,ITF6,18,Calabria,Calabria,1947131,122770,6.31,0.68
2766,2021-01-11,CAL,2187,1060,1127,2185,0,2,ITF,ITF6,18,Calabria,Calabria,1947131,124957,6.42,0.11
2767,2021-01-25,CAL,1087,521,566,150,937,0,ITF,ITF6,18,Calabria,Calabria,1947131,126044,6.47,0.06
2768,2021-05-05,CAL,13582,6495,7087,8411,5098,73,ITF,ITF6,18,Calabria,Calabria,1947131,139626,7.17,0.7
2769,2021-08-17,CAL,5895,2981,2914,1979,3853,63,ITF,ITF6,18,Calabria,Calabria,1947131,145521,7.47,0.3
2770,2021-03-02,CAL,4418,2498,1920,3615,794,9,ITF,ITF6,18,Calabria,Calabria,1947131,149939,7.7,0.23
2771,2021-07-27,CAL,17577,8987,8590,5016,12479,82,ITF,ITF6,18,Calabria,Calabria,1947131,167516,8.6,0.9
2772,2021-01-06,CAL,952,516,436,952,0,0,ITF,ITF6,18,Calabria,Calabria,1947131,168468,8.65,0.05
2773,2021-04-16,CAL,10307,5033,5274,8629,1625,53,ITF,ITF6,18,Calabria,Calabria,1947131,178775,9.18,0.53
2774,2021-02-18,CAL,1876,866,1010,1626,232,18,ITF,ITF6,18,Calabria,Calabria,1947131,180651,9.28,0.1
2775,2021-08-03,CAL,14096,7125,6971,3911,10114,71,ITF,ITF6,18,Calabria,Calabria,1947131,194747,10.0,0.72
2776,2021-06-21,CAL,15402,7093,8309,7993,7370,39,ITF,ITF6,18,Calabria,Calabria,1947131,210149,10.79,0.79
2777,2021-03-09,CAL,6557,3429,3128,5499,991,67,ITF,ITF6,18,Calabria,Calabria,1947131,216706,11.13,0.34
2778,2021-02-20,CAL,1490,781,709,1150,326,14,ITF,ITF6,18,Calabria,Calabria,1947131,218196,11.21,0.08
2779,2021-05-31,CAL,15297,7345,7952,7309,7907,81,ITF,ITF6,18,Calabria,Calabria,1947131,233493,11.99,0.79
2780,2021-06-07,CAL,18007,8423,9584,14712,3214,81,ITF,ITF6,18,Calabria,Calabria,1947131,251500,12.92,0.92
2781,2021-05-24,CAL,17780,8910,8870,9937,7761,82,ITF,ITF6,18,Calabria,Calabria,1947131,269280,13.83,0.91
2782,2021-05-07,CAL,16238,7647,8591,9660,6499,79,ITF,ITF6,18,Calabria,Calabria,1947131,285518,14.66,0.83
2783,2021-02-13,CAL,1413,611,802,1041,369,3,ITF,ITF6,18,Calabria,Calabria,1947131,286931,14.74,0.07
2784,2021-08-15,CAL,51,24,27,17,33,1,ITF,ITF6,18,Calabria,Calabria,1947131,286982,14.74,0.0
2785,2021-03-28,CAL,2698,1236,1462,1565,1128,5,ITF,ITF6,18,Calabria,Calabria,1947131,289680,14.88,0.14
2786,2021-01-30,CAL,2235,1179,1056,305,1927,3,ITF,ITF6,18,Calabria,Calabria,1947131,291915,14.99,0.11
2787,2021-02-17,CAL,1875,831,1044,1646,212,17,ITF,ITF6,18,Calabria,Calabria,1947131,293790,15.09,0.1
2788,2021-07-24,CAL,17999,9259,8740,4573,13331,95,ITF,ITF6,18,Calabria,Calabria,1947131,311789,16.01,0.92
2789,2021-05-28,CAL,20996,10204,10792,11422,9461,113,ITF,ITF6,18,Calabria,Calabria,1947131,332785,17.09,1.08
2790,2021-04-15,CAL,7777,3812,3965,5983,1748,46,ITF,ITF6,18,Calabria,Calabria,1947131,340562,17.49,0.4
2791,2021-04-01,CAL,8685,3953,4732,4152,4496,37,ITF,ITF6,18,Calabria,Calabria,1947131,349247,17.94,0.45
2792,2021-01-18,CAL,1306,592,714,1054,248,4,ITF,ITF6,18,Calabria,Calabria,1947131,350553,18.0,0.07
2793,2021-07-03,CAL,15180,7150,8030,5285,9818,77,ITF,ITF6,18,Calabria,Calabria,1947131,365733,18.78,0.78
2794,2021-04-11,CAL,4207,1911,2296,2241,1949,17,ITF,ITF6,18,Calabria,Calabria,1947131,369940,19.0,0.22
2795,2021-07-20,CAL,17489,8479,9010,3203,14217,69,ITF,ITF6,18,Calabria,Calabria,1947131,387429,19.9,0.9
2796,2021-03-16,CAL,3865,1896,1969,2183,1670,12,ITF,ITF6,18,Calabria,Calabria,1947131,391294,20.1,0.2
2797,2021-07-29,CAL,17584,8764,8820,4713,12770,101,ITF,ITF6,18,Calabria,Calabria,1947131,408878,21.0,0.9
2798,2021-02-11,CAL,2351,1051,1300,1063,1266,22,ITF,ITF6,18,Calabria,Calabria,1947131,411229,21.12,0.12
2799,2021-02-25,CAL,2912,1569,1343,2272,600,40,ITF,ITF6,18,Calabria,Calabria,1947131,414141,21.27,0.15
2800,2021-01-04,CAL,1074,532,542,1071,0,3,ITF,ITF6,18,Calabria,Calabria,1947131,415215,21.32,0.06
2801,2021-04-23,CAL,13143,6456,6687,9441,3606,96,ITF,ITF6,18,Calabria,Calabria,1947131,428358,22.0,0.67
2802,2021-01-13,CAL,2097,1059,1038,2085,0,12,ITF,ITF6,18,Calabria,Calabria,1947131,430455,22.11,0.11
2803,2021-06-23,CAL,17231,7871,9360,8150,9000,81,ITF,ITF6,18,Calabria,Calabria,1947131,447686,22.99,0.88
2804,2021-04-08,CAL,9343,4425,4918,5820,3475,48,ITF,ITF6,18,Calabria,Calabria,1947131,457029,23.47,0.48
2805,2021-02-10,CAL,2523,1084,1439,874,1634,15,ITF,ITF6,18,Calabria,Calabria,1947131,459552,23.6,0.13
2806,2021-07-17,CAL,18337,9048,9289,2714,15557,66,ITF,ITF6,18,Calabria,Calabria,1947131,477889,24.54,0.94
2807,2021-06-04,CAL,17540,8157,9383,12956,4515,69,ITF,ITF6,18,Calabria,Calabria,1947131,495429,25.44,0.9
2808,2021-05-21,CAL,21353,10875,10478,13855,7387,111,ITF,ITF6,18,Calabria,Calabria,1947131,516782,26.54,1.1
2809,2021-06-11,CAL,17826,8759,9067,15127,2575,124,ITF,ITF6,18,Calabria,Calabria,1947131,534608,27.46,0.92
2810,2021-01-08,CAL,2200,1049,1151,2193,0,7,ITF,ITF6,18,Calabria,Calabria,1947131,536808,27.57,0.11
2811,2021-03-18,CAL,4473,2097,2376,2337,2112,24,ITF,ITF6,18,Calabria,Calabria,1947131,541281,27.8,0.23
2812,2021-02-27,CAL,4041,2081,1960,3651,383,7,ITF,ITF6,18,Calabria,Calabria,1947131,545322,28.01,0.21
2813,2021-03-11,CAL,7298,3471,3827,5954,1296,48,ITF,ITF6,18,Calabria,Calabria,1947131,552620,28.38,0.37
2814,2021-06-19,CAL,15849,7417,8432,8499,7282,68,ITF,ITF6,18,Calabria,Calabria,1947131,568469,29.2,0.81
2815,2021-05-23,CAL,11392,5553,5839,6997,4352,43,ITF,ITF6,18,Calabria,Calabria,1947131,579861,29.78,0.59
2816,2021-03-01,CAL,2747,1558,1189,2282,461,4,ITF,ITF6,18,Calabria,Calabria,1947131,582608,29.92,0.14
2817,2021-06-09,CAL,18248,8616,9632,15902,2262,84,ITF,ITF6,18,Calabria,Calabria,1947131,600856,30.86,0.94
2818,2021-07-31,CAL,13797,7058,6739,3638,10087,72,ITF,ITF6,18,Calabria,Calabria,1947131,614653,31.57,0.71
2819,2021-01-27,CAL,1489,755,734,385,1103,1,ITF,ITF6,18,Calabria,Calabria,1947131,616142,31.64,0.08
2820,2021-02-14,CAL,489,227,262,451,37,1,ITF,ITF6,18,Calabria,Calabria,1947131,616631,31.67,0.03
2821,2021-05-25,CAL,16419,8043,8376,10214,6118,87,ITF,ITF6,18,Calabria,Calabria,1947131,633050,32.51,0.84
2822,2021-01-26,CAL,1888,906,982,269,1618,1,ITF,ITF6,18,Calabria,Calabria,1947131,634938,32.61,0.1
2823,2021-07-28,CAL,21373,10729,10644,5893,15371,109,ITF,ITF6,18,Calabria,Calabria,1947131,656311,33.71,1.1
2824,2021-04-22,CAL,9826,4911,4915,6849,2926,51,ITF,ITF6,18,Calabria,Calabria,1947131,666137,34.21,0.5
2825,2021-05-06,CAL,13322,6305,7017,8926,4325,71,ITF,ITF6,18,Calabria,Calabria,1947131,679459,34.9,0.68
2826,2021-08-14,CAL,2232,1193,1039,727,1489,16,ITF,ITF6,18,Calabria,Calabria,1947131,681691,35.01,0.11
2827,2021-07-14,CAL,22617,10666,11951,4149,18392,76,ITF,ITF6,18,Calabria,Calabria,1947131,704308,36.17,1.16
2828,2021-04-05,CAL,3643,1728,1915,2672,959,12,ITF,ITF6,18,Calabria,Calabria,1947131,707951,36.36,0.19
2829,2021-03-06,CAL,8523,4389,4134,7690,810,23,ITF,ITF6,18,Calabria,Calabria,1947131,716474,36.8,0.44
2830,2021-05-09,CAL,9673,4516,5157,6048,3581,44,ITF,ITF6,18,Calabria,Calabria,1947131,726147,37.29,0.5
2831,2021-01-29,CAL,2081,1004,1077,226,1854,1,ITF,ITF6,18,Calabria,Calabria,1947131,728228,37.4,0.11
2832,2021-03-13,CAL,6999,3035,3964,5937,1026,36,ITF,ITF6,18,Calabria,Calabria,1947131,735227,37.76,0.36
2833,2021-01-15,CAL,2816,1265,1551,2810,0,6,ITF,ITF6,18,Calabria,Calabria,1947131,738043,37.9,0.14
2834,2021-04-25,CAL,15897,8067,7830,14801,1028,68,ITF,ITF6,18,Calabria,Calabria,1947131,753940,38.72,0.82
2835,2021-06-30,CAL,16386,7506,8880,7021,9265,100,ITF,ITF6,18,Calabria,Calabria,1947131,770326,39.56,0.84
2836,2021-06-28,CAL,13300,6124,7176,5375,7858,67,ITF,ITF6,18,Calabria,Calabria,1947131,783626,40.25,0.68
2837,2021-03-20,CAL,6758,3096,3662,4180,2562,16,ITF,ITF6,18,Calabria,Calabria,1947131,790384,40.59,0.35
2838,2021-03-15,CAL,3645,1760,1885,2166,1469,10,ITF,ITF6,18,Calabria,Calabria,1947131,794029,40.78,0.19
2839,2021-07-02,CAL,16270,7533,8737,6246,9942,82,ITF,ITF6,18,Calabria,Calabria,1947131,810299,41.62,0.84
2840,2021-05-20,CAL,16991,8502,8489,11271,5653,67,ITF,ITF6,18,Calabria,Calabria,1947131,827290,42.49,0.87
2841,2021-02-07,CAL,869,433,436,143,724,2,ITF,ITF6,18,Calabria,Calabria,1947131,828159,42.53,0.04
2842,2021-05-18,CAL,15341,7675,7666,11848,3425,68,ITF,ITF6,18,Calabria,Calabria,1947131,843500,43.32,0.79
2843,2021-03-22,CAL,4986,2344,2642,3180,1781,25,ITF,ITF6,18,Calabria,Calabria,1947131,848486,43.58,0.26
2844,2021-06-08,CAL,16683,7903,8780,14520,2041,122,ITF,ITF6,18,Calabria,Calabria,1947131,865169,44.43,0.86
2845,2021-03-17,CAL,4171,1865,2306,2187,1974,10,ITF,ITF6,18,Calabria,Calabria,1947131,869340,44.65,0.21
2846,2021-06-25,CAL,18829,8742,10087,8071,10673,85,ITF,ITF6,18,Calabria,Calabria,1947131,888169,45.61,0.97
2847,2021-07-13,CAL,17434,8158,9276,2315,15051,68,ITF,ITF6,18,Calabria,Calabria,1947131,905603,46.51,0.9
2848,2021-04-19,CAL,7893,3811,4082,6166,1680,47,ITF,ITF6,18,Calabria,Calabria,1947131,913496,46.91,0.41
2849,2021-01-09,CAL,2085,1118,967,2077,0,8,ITF,ITF6,18,Calabria,Calabria,1947131,915581,47.02,0.11
2850,2021-01-05,CAL,1546,729,817,1544,0,2,ITF,ITF6,18,Calabria,Calabria,1947131,917127,47.1,0.08
2851,2021-01-12,CAL,2091,1035,1056,2082,0,9,ITF,ITF6,18,Calabria,Calabria,1947131,919218,47.21,0.11
2852,2021-05-14,CAL,19937,9578,10359,12944,6882,111,ITF,ITF6,18,Calabria,Calabria,1947131,939155,48.23,1.02
2853,2021-04-27,CAL,9975,4905,5070,7963,1964,48,ITF,ITF6,18,Calabria,Calabria,1947131,949130,48.75,0.51
2854,2021-02-03,CAL,2869,1478,1391,525,2339,5,ITF,ITF6,18,Calabria,Calabria,1947131,951999,48.89,0.15
2855,2021-07-19,CAL,18996,9100,9896,3022,15926,48,ITF,ITF6,18,Calabria,Calabria,1947131,970995,49.87,0.98
2856,2021-08-05,CAL,12459,6282,6177,3877,8488,94,ITF,ITF6,18,Calabria,Calabria,1947131,983454,50.51,0.64
2857,2021-02-22,CAL,2083,1060,1023,1513,561,9,ITF,ITF6,18,Calabria,Calabria,1947131,985537,50.61,0.11
2858,2021-06-02,CAL,12099,5800,6299,8786,3266,47,ITF,ITF6,18,Calabria,Calabria,1947131,997636,51.24,0.62
2859,2021-08-07,CAL,9527,4872,4655,3020,6443,64,ITF,ITF6,18,Calabria,Calabria,1947131,1007163,51.73,0.49
2860,2021-05-16,CAL,13814,6740,7074,9920,3840,54,ITF,ITF6,18,Calabria,Calabria,1947131,1020977,52.43,0.71
2861,2021-07-21,CAL,22070,10598,11472,4499,17459,112,ITF,ITF6,18,Calabria,Calabria,1947131,1043047,53.57,1.13
2862,2021-01-17,CAL,909,438,471,803,100,6,ITF,ITF6,18,Calabria,Calabria,1947131,1043956,53.62,0.05
2863,2021-02-09,CAL,2170,917,1253,949,1212,9,ITF,ITF6,18,Calabria,Calabria,1947131,1046126,53.73,0.11
2864,2021-02-28,CAL,2367,1078,1289,2209,155,3,ITF,ITF6,18,Calabria,Calabria,1947131,1048493,53.85,0.12
2865,2021-05-29,CAL,19291,8958,10333,9352,9864,75,ITF,ITF6,18,Calabria,Calabria,1947131,1067784,54.84,0.99
2866,2021-07-25,CAL,6949,3571,3378,1470,5447,32,ITF,ITF6,18,Calabria,Calabria,1947131,1074733,55.2,0.36
2867,2021-04-14,CAL,8089,3905,4184,6589,1451,49,ITF,ITF6,18,Calabria,Calabria,1947131,1082822,55.61,0.42
2868,2021-02-16,CAL,1751,744,1007,1464,282,5,ITF,ITF6,18,Calabria,Calabria,1947131,1084573,55.7,0.09
2869,2021-07-23,CAL,22732,11347,11385,5552,17084,96,ITF,ITF6,18,Calabria,Calabria,1947131,1107305,56.87,1.17
2870,2021-05-27,CAL,17665,8736,8929,9773,7811,81,ITF,ITF6,18,Calabria,Calabria,1947131,1124970,57.78,0.91
2871,2021-08-01,CAL,4895,2562,2333,1173,3698,24,ITF,ITF6,18,Calabria,Calabria,1947131,1129865,58.03,0.25
2872,2021-05-04,CAL,16502,7614,8888,11639,4771,92,ITF,ITF6,18,Calabria,Calabria,1947131,1146367,58.87,0.85
2873,2021-08-12,CAL,7634,3873,3761,2800,4659,175,ITF,ITF6,18,Calabria,Calabria,1947131,1154001,59.27,0.39
2874,2021-01-22,CAL,661,276,385,659,2,0,ITF,ITF6,18,Calabria,Calabria,1947131,1154662,59.3,0.03
2875,2021-05-02,CAL,12548,5858,6690,10588,1899,61,ITF,ITF6,18,Calabria,Calabria,1947131,1167210,59.95,0.64
2876,2021-03-29,CAL,5775,2495,3280,3982,1769,24,ITF,ITF6,18,Calabria,Calabria,1947131,1172985,60.24,0.3
2877,2021-01-31,CAL,1127,560,567,150,977,0,ITF,ITF6,18,Calabria,Calabria,1947131,1174112,60.3,0.06
2878,2021-07-07,CAL,13971,6585,7386,3908,9989,74,ITF,ITF6,18,Calabria,Calabria,1947131,1188083,61.02,0.72
2879,2021-05-11,CAL,15118,7321,7797,10243,4806,69,ITF,ITF6,18,Calabria,Calabria,1947131,1203201,61.79,0.78
2880,2021-07-16,CAL,21046,10030,11016,3383,17593,70,ITF,ITF6,18,Calabria,Calabria,1947131,1224247,62.87,1.08
2881,2021-01-24,CAL,47,20,27,41,6,0,ITF,ITF6,18,Calabria,Calabria,1947131,1224294,62.88,0.0
2882,2021-07-09,CAL,15672,7305,8367,3637,11966,69,ITF,ITF6,18,Calabria,Calabria,1947131,1239966,63.68,0.8
2883,2020-12-28,CAL,6,2,4,6,0,0,ITF,ITF6,18,Calabria,Calabria,1947131,1239972,63.68,0.0
2884,2021-06-03,CAL,14248,6654,7594,9590,4603,55,ITF,ITF6,18,Calabria,Calabria,1947131,1254220,64.41,0.73
2885,2021-04-07,CAL,9164,4166,4998,5050,4063,51,ITF,ITF6,18,Calabria,Calabria,1947131,1263384,64.88,0.47
2886,2021-02-23,CAL,1609,760,849,1485,119,5,ITF,ITF6,18,Calabria,Calabria,1947131,1264993,64.97,0.08
2887,2021-03-31,CAL,9156,4183,4973,5069,4053,34,ITF,ITF6,18,Calabria,Calabria,1947131,1274149,65.44,0.47
2888,2021-04-09,CAL,8011,3757,4254,5036,2893,82,ITF,ITF6,18,Calabria,Calabria,1947131,1282160,65.85,0.41
2889,2021-07-12,CAL,17973,8537,9436,2679,15245,49,ITF,ITF6,18,Calabria,Calabria,1947131,1300133,66.77,0.92
2890,2021-01-10,CAL,952,536,416,952,0,0,ITF,ITF6,18,Calabria,Calabria,1947131,1301085,66.82,0.05
2891,2021-04-20,CAL,7884,3980,3904,6068,1742,74,ITF,ITF6,18,Calabria,Calabria,1947131,1308969,67.23,0.4
2892,2021-08-16,CAL,6937,3546,3391,2349,4526,62,ITF,ITF6,18,Calabria,Calabria,1947131,1315906,67.58,0.36
2893,2021-02-12,CAL,1721,679,1042,942,773,6,ITF,ITF6,18,Calabria,Calabria,1947131,1317627,67.67,0.09
2894,2021-06-27,CAL,8424,3946,4478,4988,3396,40,ITF,ITF6,18,Calabria,Calabria,1947131,1326051,68.1,0.43
2895,2021-04-03,CAL,9438,4079,5359,4521,4856,61,ITF,ITF6,18,Calabria,Calabria,1947131,1335489,68.59,0.48
2896,2021-02-24,CAL,1941,990,951,1455,480,6,ITF,ITF6,18,Calabria,Calabria,1947131,1337430,68.69,0.1
2897,2021-03-03,CAL,5099,2785,2314,3998,1088,13,ITF,ITF6,18,Calabria,Calabria,1947131,1342529,68.95,0.26
2898,2021-03-24,CAL,7909,3618,4291,4522,3363,24,ITF,ITF6,18,Calabria,Calabria,1947131,1350438,69.36,0.41
2899,2021-04-10,CAL,11716,5304,6412,6808,4862,46,ITF,ITF6,18,Calabria,Calabria,1947131,1362154,69.96,0.6
2900,2021-02-05,CAL,3862,1745,2117,473,3374,15,ITF,ITF6,18,Calabria,Calabria,1947131,1366016,70.16,0.2
2901,2021-04-29,CAL,12507,6083,6424,8657,3796,54,ITF,ITF6,18,Calabria,Calabria,1947131,1378523,70.8,0.64
2902,2021-04-12,CAL,7034,3424,3610,5352,1656,26,ITF,ITF6,18,Calabria,Calabria,1947131,1385557,71.16,0.36
2903,2021-01-19,CAL,1132,499,633,1117,13,2,ITF,ITF6,18,Calabria,Calabria,1947131,1386689,71.22,0.06
2904,2021-07-04,CAL,5951,2819,3132,1993,3922,36,ITF,ITF6,18,Calabria,Calabria,1947131,1392640,71.52,0.31
2905,2021-06-17,CAL,15820,7228,8592,9598,6168,54,ITF,ITF6,18,Calabria,Calabria,1947131,1408460,72.34,0.81
2906,2021-03-26,CAL,8104,3846,4258,4943,3131,30,ITF,ITF6,18,Calabria,Calabria,1947131,1416564,72.75,0.42
2907,2021-08-04,CAL,16005,8111,7894,4252,11653,100,ITF,ITF6,18,Calabria,Calabria,1947131,1432569,73.57,0.82
2908,2021-06-29,CAL,13069,6039,7030,5359,7659,51,ITF,ITF6,18,Calabria,Calabria,1947131,1445638,74.24,0.67
2909,2021-05-03,CAL,14839,6799,8040,10466,4285,88,ITF,ITF6,18,Calabria,Calabria,1947131,1460477,75.01,0.76
2910,2021-03-21,CAL,4467,1930,2537,2729,1727,11,ITF,ITF6,18,Calabria,Calabria,1947131,1464944,75.24,0.23
2911,2021-03-07,CAL,3407,1740,1667,3300,93,14,ITF,ITF6,18,Calabria,Calabria,1947131,1468351,75.41,0.17
2912,2021-01-28,CAL,2296,1140,1156,79,2217,0,ITF,ITF6,18,Calabria,Calabria,1947131,1470647,75.53,0.12
2913,2021-08-13,CAL,7588,3918,3670,2441,5079,68,ITF,ITF6,18,Calabria,Calabria,1947131,1478235,75.92,0.39
2914,2021-05-08,CAL,18530,8421,10109,10518,7943,69,ITF,ITF6,18,Calabria,Calabria,1947131,1496765,76.87,0.95
2915,2021-05-22,CAL,22198,10564,11634,14213,7894,91,ITF,ITF6,18,Calabria,Calabria,1947131,1518963,78.01,1.14
2916,2021-04-21,CAL,11601,5829,5772,8625,2919,57,ITF,ITF6,18,Calabria,Calabria,1947131,1530564,78.61,0.6
2917,2021-07-30,CAL,19721,10051,9670,5514,14086,121,ITF,ITF6,18,Calabria,Calabria,1947131,1550285,79.62,1.01
2918,2021-07-01,CAL,12387,5836,6551,5473,6830,84,ITF,ITF6,18,Calabria,Calabria,1947131,1562672,80.26,0.64
2919,2021-02-01,CAL,2554,1212,1342,238,2313,3,ITF,ITF6,18,Calabria,Calabria,1947131,1565226,80.39,0.13
2920,2021-07-08,CAL,12049,5620,6429,2695,9310,44,ITF,ITF6,18,Calabria,Calabria,1947131,1577275,81.01,0.62
2921,2021-05-12,CAL,16476,8039,8437,10832,5549,95,ITF,ITF6,18,Calabria,Calabria,1947131,1593751,81.85,0.85
2922,2021-07-18,CAL,8784,4205,4579,1275,7477,32,ITF,ITF6,18,Calabria,Calabria,1947131,1602535,82.3,0.45
2923,2021-06-05,CAL,20747,9706,11041,17625,3043,79,ITF,ITF6,18,Calabria,Calabria,1947131,1623282,83.37,1.07
2924,2021-05-26,CAL,18731,9327,9404,10323,8315,93,ITF,ITF6,18,Calabria,Calabria,1947131,1642013,84.33,0.96
2925,2021-03-30,CAL,6493,2835,3658,3652,2821,20,ITF,ITF6,18,Calabria,Calabria,1947131,1648506,84.66,0.33
2926,2021-05-19,CAL,18322,9081,9241,11262,6987,73,ITF,ITF6,18,Calabria,Calabria,1947131,1666828,85.6,0.94
2927,2021-03-23,CAL,5267,2470,2797,3423,1822,22,ITF,ITF6,18,Calabria,Calabria,1947131,1672095,85.87,0.27
2928,2021-08-11,CAL,11046,5667,5379,3522,7409,115,ITF,ITF6,18,Calabria,Calabria,1947131,1683141,86.44,0.57
2929,2021-06-15,CAL,15157,7051,8106,10237,4828,92,ITF,ITF6,18,Calabria,Calabria,1947131,1698298,87.22,0.78
2930,2021-03-14,CAL,2757,1068,1689,2283,467,7,ITF,ITF6,18,Calabria,Calabria,1947131,1701055,87.36,0.14
2931,2021-06-22,CAL,14621,6917,7704,7378,7147,96,ITF,ITF6,18,Calabria,Calabria,1947131,1715676,88.11,0.75
2932,2021-05-10,CAL,13171,6126,7045,7701,5413,57,ITF,ITF6,18,Calabria,Calabria,1947131,1728847,88.79,0.68
2933,2021-04-02,CAL,8539,3911,4628,4578,3928,33,ITF,ITF6,18,Calabria,Calabria,1947131,1737386,89.23,0.44
2934,2021-06-24,CAL,15408,7021,8387,6981,8347,80,ITF,ITF6,18,Calabria,Calabria,1947131,1752794,90.02,0.79
2935,2021-03-19,CAL,4240,1981,2259,1887,2346,7,ITF,ITF6,18,Calabria,Calabria,1947131,1757034,90.24,0.22
2936,2021-07-11,CAL,6430,2983,3447,846,5574,10,ITF,ITF6,18,Calabria,Calabria,1947131,1763464,90.57,0.33
2937,2021-06-10,CAL,15891,7330,8561,12984,2807,100,ITF,ITF6,18,Calabria,Calabria,1947131,1779355,91.38,0.82
2938,2021-04-26,CAL,10191,5060,5131,7714,2429,48,ITF,ITF6,18,Calabria,Calabria,1947131,1789546,91.91,0.52
2939,2021-07-15,CAL,18299,8817,9482,2530,15723,46,ITF,ITF6,18,Calabria,Calabria,1947131,1807845,92.85,0.94
2940,2021-02-15,CAL,1179,566,613,1011,163,5,ITF,ITF6,18,Calabria,Calabria,1947131,1809024,92.91,0.06
2941,2021-07-06,CAL,12496,5755,6741,3836,8594,66,ITF,ITF6,18,Calabria,Calabria,1947131,1821520,93.55,0.64
2942,2021-01-02,CAL,166,94,72,166,0,0,ITF,ITF6,18,Calabria,Calabria,1947131,1821686,93.56,0.01
2943,2020-12-27,CAL,316,169,147,316,0,0,ITF,ITF6,18,Calabria,Calabria,1947131,1822002,93.57,0.02
2944,2021-04-06,CAL,8166,3721,4445,4466,3670,30,ITF,ITF6,18,Calabria,Calabria,1947131,1830168,93.99,0.42
2945,2021-02-08,CAL,1877,747,1130,667,1207,3,ITF,ITF6,18,Calabria,Calabria,1947131,1832045,94.09,0.1
2946,2021-04-24,CAL,19290,9599,9691,15757,3448,85,ITF,ITF6,18,Calabria,Calabria,1947131,1851335,95.08,0.99
2947,2021-02-26,CAL,3141,1671,1470,2664,462,15,ITF,ITF6,18,Calabria,Calabria,1947131,1854476,95.24,0.16
2948,2021-08-02,CAL,15067,7533,7534,3723,11288,56,ITF,ITF6,18,Calabria,Calabria,1947131,1869543,96.02,0.77
2949,2021-06-20,CAL,6651,3150,3501,3815,2808,28,ITF,ITF6,18,Calabria,Calabria,1947131,1876194,96.36,0.34
2950,2021-06-06,CAL,13797,6632,7165,12013,1714,70,ITF,ITF6,18,Calabria,Calabria,1947131,1889991,97.07,0.71
2951,2021-01-07,CAL,2217,1087,1130,2213,0,4,ITF,ITF6,18,Calabria,Calabria,1947131,1892208,97.18,0.11
2952,2021-06-13,CAL,6844,3357,3487,5730,1059,55,ITF,ITF6,18,Calabria,Calabria,1947131,1899052,97.53,0.35
2953,2021-04-17,CAL,10854,5078,5776,9015,1788,51,ITF,ITF6,18,Calabria,Calabria,1947131,1909906,98.09,0.56
2954,2021-05-01,CAL,16744,7978,8766,12408,4248,88,ITF,ITF6,18,Calabria,Calabria,1947131,1926650,98.95,0.86
2955,2021-03-05,CAL,6243,3624,2619,5649,578,16,ITF,ITF6,18,Calabria,Calabria,1947131,1932893,99.27,0.32
2956,2021-08-09,CAL,13163,6710,6453,4638,8364,161,ITF,ITF6,18,Calabria,Calabria,1947131,1946056,99.94,0.68
2957,2021-07-26,CAL,18735,9305,9430,5180,13467,88,ITF,ITF6,18,Calabria,Calabria,1947131,1964791,100.91,0.96
2958,2021-03-12,CAL,5157,2469,2688,4074,1063,20,ITF,ITF6,18,Calabria,Calabria,1947131,1969948,101.17,0.26
2959,2021-01-14,CAL,2664,1265,1399,2658,0,6,ITF,ITF6,18,Calabria,Calabria,1947131,1972612,101.31,0.14
2960,2021-01-21,CAL,981,459,522,945,33,3,ITF,ITF6,18,Calabria,Calabria,1947131,1973593,101.36,0.05
2961,2021-04-13,CAL,6952,3414,3538,5602,1328,22,ITF,ITF6,18,Calabria,Calabria,1947131,1980545,101.72,0.36
2962,2021-01-20,CAL,1409,630,779,1405,1,3,ITF,ITF6,18,Calabria,Calabria,1947131,1981954,101.79,0.07
2963,2021-01-03,CAL,6,3,3,6,0,0,ITF,ITF6,18,Calabria,Calabria,1947131,1981960,101.79,0.0
2964,2021-03-27,CAL,8833,4023,4810,4662,4126,45,ITF,ITF6,18,Calabria,Calabria,1947131,1990793,102.24,0.45
2965,2021-07-05,CAL,13385,6253,7132,4273,9053,59,ITF,ITF6,18,Calabria,Calabria,1947131,2004178,102.93,0.69
2966,2021-03-08,CAL,5514,2989,2525,4402,1081,31,ITF,ITF6,18,Calabria,Calabria,1947131,2009692,103.21,0.28
2967,2021-03-25,CAL,7526,3552,3974,4579,2913,34,ITF,ITF6,18,Calabria,Calabria,1947131,2017218,103.6,0.39
2968,2021-06-16,CAL,18337,8475,9862,12124,6123,90,ITF,ITF6,18,Calabria,Calabria,1947131,2035555,104.54,0.94
2969,2021-06-18,CAL,18908,8802,10106,11285,7508,115,ITF,ITF6,18,Calabria,Calabria,1947131,2054463,105.51,0.97
2970,2021-03-10,CAL,6870,3498,3372,5463,1371,36,ITF,ITF6,18,Calabria,Calabria,1947131,2061333,105.87,0.35
2971,2021-06-01,CAL,12876,5971,6905,7885,4932,59,ITF,ITF6,18,Calabria,Calabria,1947131,2074209,106.53,0.66
2972,2021-05-13,CAL,15972,7685,8287,11177,4722,73,ITF,ITF6,18,Calabria,Calabria,1947131,2090181,107.35,0.82
2973,2021-02-19,CAL,1516,686,830,1243,264,9,ITF,ITF6,18,Calabria,Calabria,1947131,2091697,107.42,0.08
2974,2021-05-30,CAL,10994,5297,5697,6807,4153,34,ITF,ITF6,18,Calabria,Calabria,1947131,2102691,107.99,0.56
2975,2021-05-17,CAL,14914,7467,7447,10146,4716,52,ITF,ITF6,18,Calabria,Calabria,1947131,2117605,108.76,0.77
2976,2021-02-21,CAL,653,302,351,574,78,1,ITF,ITF6,18,Calabria,Calabria,1947131,2118258,108.79,0.03
2977,2021-04-28,CAL,12573,6098,6475,9625,2876,72,ITF,ITF6,18,Calabria,Calabria,1947131,2130831,109.43,0.65
2978,2021-02-04,CAL,3671,1747,1924,648,3017,6,ITF,ITF6,18,Calabria,Calabria,1947131,2134502,109.62,0.19
2979,2021-05-15,CAL,27264,13045,14219,20264,6865,135,ITF,ITF6,18,Calabria,Calabria,1947131,2161766,111.02,1.4
2980,2021-08-06,CAL,15608,7925,7683,5079,10400,129,ITF,ITF6,18,Calabria,Calabria,1947131,2177374,111.82,0.8
2981,2021-02-02,CAL,2374,1170,1204,176,2198,0,ITF,ITF6,18,Calabria,Calabria,1947131,2179748,111.95,0.12
2982,2021-01-16,CAL,2418,1134,1284,2415,0,3,ITF,ITF6,18,Calabria,Calabria,1947131,2182166,112.07,0.12
2983,2021-08-15,SIC,2515,1430,1085,1511,955,49,ITG,ITG1,19,Sicilia,Sicilia,4999891,2515,0.05,0.05
2984,2021-08-01,SIC,19955,10423,9532,7850,11958,147,ITG,ITG1,19,Sicilia,Sicilia,4999891,22470,0.45,0.4
2985,2021-06-19,SIC,44295,21060,23235,18766,25211,318,ITG,ITG1,19,Sicilia,Sicilia,4999891,66765,1.34,0.89
2986,2021-04-23,SIC,28632,13724,14908,22415,5840,377,ITG,ITG1,19,Sicilia,Sicilia,4999891,95397,1.91,0.57
2987,2021-06-26,SIC,37261,17777,19484,16353,20602,306,ITG,ITG1,19,Sicilia,Sicilia,4999891,132658,2.65,0.75
2988,2021-02-25,SIC,9943,5206,4737,8688,1164,91,ITG,ITG1,19,Sicilia,Sicilia,4999891,142601,2.85,0.2
2989,2021-06-05,SIC,59950,28518,31432,48734,10594,622,ITG,ITG1,19,Sicilia,Sicilia,4999891,202551,4.05,1.2
2990,2021-03-14,SIC,8774,3927,4847,4885,3836,53,ITG,ITG1,19,Sicilia,Sicilia,4999891,211325,4.23,0.18
2991,2021-02-11,SIC,5237,2059,3178,4652,466,119,ITG,ITG1,19,Sicilia,Sicilia,4999891,216562,4.33,0.1
2992,2021-08-03,SIC,32044,15718,16326,13866,17758,420,ITG,ITG1,19,Sicilia,Sicilia,4999891,248606,4.97,0.64
2993,2021-05-31,SIC,38107,17158,20949,21276,16534,297,ITG,ITG1,19,Sicilia,Sicilia,4999891,286713,5.73,0.76
2994,2021-01-30,SIC,7727,3551,4176,153,7571,3,ITG,ITG1,19,Sicilia,Sicilia,4999891,294440,5.89,0.15
2995,2021-03-28,SIC,10978,5145,5833,6900,4011,67,ITG,ITG1,19,Sicilia,Sicilia,4999891,305418,6.11,0.22
2996,2021-07-15,SIC,48356,22449,25907,7989,40105,262,ITG,ITG1,19,Sicilia,Sicilia,4999891,353774,7.08,0.97
2997,2021-06-24,SIC,42302,19640,22662,17590,24353,359,ITG,ITG1,19,Sicilia,Sicilia,4999891,396076,7.92,0.85
2998,2021-06-07,SIC,49679,23411,26268,41113,8035,531,ITG,ITG1,19,Sicilia,Sicilia,4999891,445755,8.92,0.99
2999,2021-01-25,SIC,7445,3686,3759,273,7165,7,ITG,ITG1,19,Sicilia,Sicilia,4999891,453200,9.06,0.15
3000,2021-05-05,SIC,26381,12215,14166,16259,9678,444,ITG,ITG1,19,Sicilia,Sicilia,4999891,479581,9.59,0.53
3001,2021-05-19,SIC,42878,20763,22115,28185,14323,370,ITG,ITG1,19,Sicilia,Sicilia,4999891,522459,10.45,0.86
3002,2021-07-27,SIC,43267,21438,21829,19252,23553,462,ITG,ITG1,19,Sicilia,Sicilia,4999891,565726,11.31,0.87
3003,2021-02-13,SIC,2979,1124,1855,2686,256,37,ITG,ITG1,19,Sicilia,Sicilia,4999891,568705,11.37,0.06
3004,2021-05-24,SIC,35873,17439,18434,15588,20052,233,ITG,ITG1,19,Sicilia,Sicilia,4999891,604578,12.09,0.72
3005,2021-05-17,SIC,31924,15405,16519,18998,12637,289,ITG,ITG1,19,Sicilia,Sicilia,4999891,636502,12.73,0.64
3006,2021-04-11,SIC,15382,7596,7786,8235,7037,110,ITG,ITG1,19,Sicilia,Sicilia,4999891,651884,13.04,0.31
3007,2021-07-20,SIC,48441,23592,24849,12781,35309,351,ITG,ITG1,19,Sicilia,Sicilia,4999891,700325,14.01,0.97
3008,2020-12-30,SIC,185,109,76,184,0,1,ITG,ITG1,19,Sicilia,Sicilia,4999891,700510,14.01,0.0
3009,2021-01-16,SIC,2736,1220,1516,2715,0,21,ITG,ITG1,19,Sicilia,Sicilia,4999891,703246,14.07,0.05
3010,2021-07-01,SIC,30959,14065,16894,10723,19980,256,ITG,ITG1,19,Sicilia,Sicilia,4999891,734205,14.68,0.62
3011,2021-04-09,SIC,20226,9841,10385,10927,9040,259,ITG,ITG1,19,Sicilia,Sicilia,4999891,754431,15.09,0.4
3012,2021-03-23,SIC,20964,10088,10876,15236,5565,163,ITG,ITG1,19,Sicilia,Sicilia,4999891,775395,15.51,0.42
3013,2021-04-16,SIC,28863,14500,14363,20256,8297,310,ITG,ITG1,19,Sicilia,Sicilia,4999891,804258,16.09,0.58
3014,2021-01-23,SIC,4488,2309,2179,210,4268,10,ITG,ITG1,19,Sicilia,Sicilia,4999891,808746,16.18,0.09
3015,2021-01-06,SIC,6261,3296,2965,6199,0,62,ITG,ITG1,19,Sicilia,Sicilia,4999891,815007,16.3,0.13
3016,2021-04-02,SIC,13893,6554,7339,9047,4735,111,ITG,ITG1,19,Sicilia,Sicilia,4999891,828900,16.58,0.28
3017,2021-02-10,SIC,4352,1775,2577,3886,381,85,ITG,ITG1,19,Sicilia,Sicilia,4999891,833252,16.67,0.09
3018,2021-04-30,SIC,35062,16357,18705,23551,11049,462,ITG,ITG1,19,Sicilia,Sicilia,4999891,868314,17.37,0.7
3019,2021-03-04,SIC,15250,6701,8549,11001,4122,127,ITG,ITG1,19,Sicilia,Sicilia,4999891,883564,17.67,0.31
3020,2021-08-08,SIC,15365,8151,7214,7462,7714,189,ITG,ITG1,19,Sicilia,Sicilia,4999891,898929,17.98,0.31
3021,2021-06-12,SIC,45796,22399,23397,39374,5894,528,ITG,ITG1,19,Sicilia,Sicilia,4999891,944725,18.89,0.92
3022,2021-05-07,SIC,36571,17263,19308,24585,11620,366,ITG,ITG1,19,Sicilia,Sicilia,4999891,981296,19.63,0.73
3023,2021-03-11,SIC,15441,6705,8736,12873,2418,150,ITG,ITG1,19,Sicilia,Sicilia,4999891,996737,19.94,0.31
3024,2021-01-27,SIC,7294,3714,3580,171,7122,1,ITG,ITG1,19,Sicilia,Sicilia,4999891,1004031,20.08,0.15
3025,2021-02-18,SIC,5343,3147,2196,4845,431,67,ITG,ITG1,19,Sicilia,Sicilia,4999891,1009374,20.19,0.11
3026,2021-05-12,SIC,36852,17380,19472,21401,14922,529,ITG,ITG1,19,Sicilia,Sicilia,4999891,1046226,20.92,0.74
3027,2021-07-17,SIC,49319,24290,25029,9317,39704,298,ITG,ITG1,19,Sicilia,Sicilia,4999891,1095545,21.91,0.99
3028,2021-04-08,SIC,18997,9339,9658,9275,9536,186,ITG,ITG1,19,Sicilia,Sicilia,4999891,1114542,22.29,0.38
3029,2021-03-16,SIC,9624,4323,5301,3555,6000,69,ITG,ITG1,19,Sicilia,Sicilia,4999891,1124166,22.48,0.19
3030,2021-07-08,SIC,38389,17491,20898,6541,31629,219,ITG,ITG1,19,Sicilia,Sicilia,4999891,1162555,23.25,0.77
3031,2021-02-27,SIC,12239,5505,6734,10934,1204,101,ITG,ITG1,19,Sicilia,Sicilia,4999891,1174794,23.5,0.24
3032,2021-04-04,SIC,6798,3321,3477,5440,1294,64,ITG,ITG1,19,Sicilia,Sicilia,4999891,1181592,23.63,0.14
3033,2021-07-13,SIC,46094,21159,24935,6908,38969,217,ITG,ITG1,19,Sicilia,Sicilia,4999891,1227686,24.55,0.92
3034,2021-03-21,SIC,15221,7342,7879,11181,3970,70,ITG,ITG1,19,Sicilia,Sicilia,4999891,1242907,24.86,0.3
3035,2021-02-06,SIC,4735,2118,2617,1448,3266,21,ITG,ITG1,19,Sicilia,Sicilia,4999891,1247642,24.95,0.09
3036,2021-02-04,SIC,6758,3081,3677,1421,5308,29,ITG,ITG1,19,Sicilia,Sicilia,4999891,1254400,25.09,0.14
3037,2021-01-01,SIC,823,441,382,819,0,4,ITG,ITG1,19,Sicilia,Sicilia,4999891,1255223,25.11,0.02
3038,2021-04-20,SIC,18997,9004,9993,13451,5248,298,ITG,ITG1,19,Sicilia,Sicilia,4999891,1274220,25.48,0.38
3039,2021-01-13,SIC,5187,2444,2743,5153,0,34,ITG,ITG1,19,Sicilia,Sicilia,4999891,1279407,25.59,0.1
3040,2021-01-20,SIC,966,513,453,690,273,3,ITG,ITG1,19,Sicilia,Sicilia,4999891,1280373,25.61,0.02
3041,2021-03-18,SIC,15410,7754,7656,9736,5620,54,ITG,ITG1,19,Sicilia,Sicilia,4999891,1295783,25.92,0.31
3042,2021-05-21,SIC,48696,23073,25623,26656,21618,422,ITG,ITG1,19,Sicilia,Sicilia,4999891,1344479,26.89,0.97
3043,2021-08-12,SIC,15275,7644,7631,8023,7009,243,ITG,ITG1,19,Sicilia,Sicilia,4999891,1359754,27.2,0.31
3044,2021-04-01,SIC,14328,6625,7703,9521,4667,140,ITG,ITG1,19,Sicilia,Sicilia,4999891,1374082,27.48,0.29
3045,2021-07-10,SIC,46906,22350,24556,6058,40643,205,ITG,ITG1,19,Sicilia,Sicilia,4999891,1420988,28.42,0.94
3046,2020-12-28,SIC,225,138,87,224,0,1,ITG,ITG1,19,Sicilia,Sicilia,4999891,1421213,28.42,0.0
3047,2021-07-12,SIC,49010,22616,26394,6459,42352,199,ITG,ITG1,19,Sicilia,Sicilia,4999891,1470223,29.41,0.98
3048,2021-02-08,SIC,3887,1680,2207,2080,1758,49,ITG,ITG1,19,Sicilia,Sicilia,4999891,1474110,29.48,0.08
3049,2021-01-22,SIC,1291,641,650,261,1028,2,ITG,ITG1,19,Sicilia,Sicilia,4999891,1475401,29.51,0.03
3050,2021-01-08,SIC,8148,3796,4352,8055,0,93,ITG,ITG1,19,Sicilia,Sicilia,4999891,1483549,29.67,0.16
3051,2021-04-18,SIC,19835,9917,9918,15289,4362,184,ITG,ITG1,19,Sicilia,Sicilia,4999891,1503384,30.07,0.4
3052,2021-06-23,SIC,44470,20693,23777,17896,26241,333,ITG,ITG1,19,Sicilia,Sicilia,4999891,1547854,30.96,0.89
3053,2021-01-24,SIC,4330,2266,2064,127,4201,2,ITG,ITG1,19,Sicilia,Sicilia,4999891,1552184,31.04,0.09
3054,2021-05-04,SIC,26845,12471,14374,17145,9294,406,ITG,ITG1,19,Sicilia,Sicilia,4999891,1579029,31.58,0.54
3055,2021-06-04,SIC,57863,26767,31096,45406,11954,503,ITG,ITG1,19,Sicilia,Sicilia,4999891,1636892,32.74,1.16
3056,2021-04-06,SIC,17764,8486,9278,13261,4295,208,ITG,ITG1,19,Sicilia,Sicilia,4999891,1654656,33.09,0.36
3057,2021-02-22,SIC,7948,4133,3815,7374,493,81,ITG,ITG1,19,Sicilia,Sicilia,4999891,1662604,33.25,0.16
3058,2020-12-27,SIC,92,55,37,91,0,1,ITG,ITG1,19,Sicilia,Sicilia,4999891,1662696,33.25,0.0
3059,2021-06-02,SIC,35283,16298,18985,27106,7781,396,ITG,ITG1,19,Sicilia,Sicilia,4999891,1697979,33.96,0.71
3060,2021-07-29,SIC,36177,17881,18296,14331,21506,340,ITG,ITG1,19,Sicilia,Sicilia,4999891,1734156,34.68,0.72
3061,2021-07-24,SIC,40729,21208,19521,16797,23628,304,ITG,ITG1,19,Sicilia,Sicilia,4999891,1774885,35.5,0.81
3062,2021-02-15,SIC,3775,1769,2006,3135,564,76,ITG,ITG1,19,Sicilia,Sicilia,4999891,1778660,35.57,0.08
3063,2021-07-22,SIC,40600,19937,20663,11214,29093,293,ITG,ITG1,19,Sicilia,Sicilia,4999891,1819260,36.39,0.81
3064,2021-05-26,SIC,44708,21024,23684,23896,20466,346,ITG,ITG1,19,Sicilia,Sicilia,4999891,1863968,37.28,0.89
3065,2021-01-03,SIC,4804,2509,2295,4771,0,33,ITG,ITG1,19,Sicilia,Sicilia,4999891,1868772,37.38,0.1
3066,2021-04-13,SIC,20266,9871,10395,11238,8839,189,ITG,ITG1,19,Sicilia,Sicilia,4999891,1889038,37.78,0.41
3067,2021-07-31,SIC,28744,14933,13811,10444,18035,265,ITG,ITG1,19,Sicilia,Sicilia,4999891,1917782,38.36,0.57
3068,2021-01-10,SIC,3563,1596,1967,3542,0,21,ITG,ITG1,19,Sicilia,Sicilia,4999891,1921345,38.43,0.07
3069,2021-01-05,SIC,10404,5114,5290,10325,0,79,ITG,ITG1,19,Sicilia,Sicilia,4999891,1931749,38.64,0.21
3070,2021-04-15,SIC,21588,10493,11095,12011,9351,226,ITG,ITG1,19,Sicilia,Sicilia,4999891,1953337,39.07,0.43
3071,2021-06-20,SIC,33420,15816,17604,15116,18045,259,ITG,ITG1,19,Sicilia,Sicilia,4999891,1986757,39.74,0.67
3072,2021-03-15,SIC,10675,4726,5949,5645,4950,80,ITG,ITG1,19,Sicilia,Sicilia,4999891,1997432,39.95,0.21
3073,2021-07-28,SIC,37654,18862,18792,14683,22650,321,ITG,ITG1,19,Sicilia,Sicilia,4999891,2035086,40.7,0.75
3074,2021-06-22,SIC,40014,18390,21624,18304,21335,375,ITG,ITG1,19,Sicilia,Sicilia,4999891,2075100,41.5,0.8
3075,2021-05-22,SIC,48018,22812,25206,28307,19314,397,ITG,ITG1,19,Sicilia,Sicilia,4999891,2123118,42.46,0.96
3076,2021-02-28,SIC,7130,3032,4098,6454,630,46,ITG,ITG1,19,Sicilia,Sicilia,4999891,2130248,42.61,0.14
3077,2021-06-08,SIC,47699,22403,25296,40455,6708,536,ITG,ITG1,19,Sicilia,Sicilia,4999891,2177947,43.56,0.95
3078,2021-08-11,SIC,16335,8398,7937,8814,7234,287,ITG,ITG1,19,Sicilia,Sicilia,4999891,2194282,43.89,0.33
3079,2021-01-09,SIC,7242,3416,3826,7181,0,61,ITG,ITG1,19,Sicilia,Sicilia,4999891,2201524,44.03,0.14
3080,2021-02-07,SIC,2321,982,1339,664,1648,9,ITG,ITG1,19,Sicilia,Sicilia,4999891,2203845,44.08,0.05
3081,2021-07-14,SIC,47488,21997,25491,7923,39307,258,ITG,ITG1,19,Sicilia,Sicilia,4999891,2251333,45.03,0.95
3082,2021-05-18,SIC,36129,17393,18736,23243,12485,401,ITG,ITG1,19,Sicilia,Sicilia,4999891,2287462,45.75,0.72
3083,2021-06-16,SIC,40438,18805,21633,21270,18810,358,ITG,ITG1,19,Sicilia,Sicilia,4999891,2327900,46.56,0.81
3084,2021-03-25,SIC,20468,9532,10936,14750,5544,174,ITG,ITG1,19,Sicilia,Sicilia,4999891,2348368,46.97,0.41
3085,2021-07-03,SIC,33906,16293,17613,9036,24628,242,ITG,ITG1,19,Sicilia,Sicilia,4999891,2382274,47.65,0.68
3086,2021-03-06,SIC,12644,5061,7583,9762,2782,100,ITG,ITG1,19,Sicilia,Sicilia,4999891,2394918,47.9,0.25
3087,2021-06-14,SIC,43477,20652,22825,28156,14893,428,ITG,ITG1,19,Sicilia,Sicilia,4999891,2438395,48.77,0.87
3088,2021-05-28,SIC,51246,22978,28268,24305,26528,413,ITG,ITG1,19,Sicilia,Sicilia,4999891,2489641,49.79,1.02
3089,2021-02-19,SIC,4980,2696,2284,4330,564,86,ITG,ITG1,19,Sicilia,Sicilia,4999891,2494621,49.89,0.1
3090,2021-03-08,SIC,13504,5959,7545,10769,2613,122,ITG,ITG1,19,Sicilia,Sicilia,4999891,2508125,50.16,0.27
3091,2021-04-22,SIC,26773,12642,14131,19895,6460,418,ITG,ITG1,19,Sicilia,Sicilia,4999891,2534898,50.7,0.54
3092,2021-03-10,SIC,13938,6130,7808,11614,2184,140,ITG,ITG1,19,Sicilia,Sicilia,4999891,2548836,50.98,0.28
3093,2021-01-12,SIC,4365,2136,2229,4319,0,46,ITG,ITG1,19,Sicilia,Sicilia,4999891,2553201,51.07,0.09
3094,2021-06-18,SIC,43590,20145,23445,18848,24371,371,ITG,ITG1,19,Sicilia,Sicilia,4999891,2596791,51.94,0.87
3095,2021-06-27,SIC,25311,12202,13109,12101,12979,231,ITG,ITG1,19,Sicilia,Sicilia,4999891,2622102,52.44,0.51
3096,2021-05-15,SIC,56491,26393,30098,40344,15243,904,ITG,ITG1,19,Sicilia,Sicilia,4999891,2678593,53.57,1.13
3097,2021-03-19,SIC,16317,8055,8262,10649,5576,92,ITG,ITG1,19,Sicilia,Sicilia,4999891,2694910,53.9,0.33
3098,2021-05-03,SIC,23319,10800,12519,13265,9792,262,ITG,ITG1,19,Sicilia,Sicilia,4999891,2718229,54.37,0.47
3099,2021-07-11,SIC,36053,16877,19176,3678,32280,95,ITG,ITG1,19,Sicilia,Sicilia,4999891,2754282,55.09,0.72
3100,2021-07-25,SIC,31805,16762,15043,11845,19702,258,ITG,ITG1,19,Sicilia,Sicilia,4999891,2786087,55.72,0.64
3101,2021-04-19,SIC,18298,8673,9625,12479,5588,231,ITG,ITG1,19,Sicilia,Sicilia,4999891,2804385,56.09,0.37
3102,2021-03-12,SIC,12869,5561,7308,10647,2067,155,ITG,ITG1,19,Sicilia,Sicilia,4999891,2817254,56.35,0.26
3103,2021-06-29,SIC,31380,14696,16684,15663,15315,402,ITG,ITG1,19,Sicilia,Sicilia,4999891,2848634,56.97,0.63
3104,2021-03-01,SIC,12773,6076,6697,10988,1657,128,ITG,ITG1,19,Sicilia,Sicilia,4999891,2861407,57.23,0.26
3105,2021-06-09,SIC,49784,23680,26104,41911,7264,609,ITG,ITG1,19,Sicilia,Sicilia,4999891,2911191,58.23,1.0
3106,2021-08-09,SIC,25232,12879,12353,12532,12324,376,ITG,ITG1,19,Sicilia,Sicilia,4999891,2936423,58.73,0.5
3107,2021-01-19,SIC,1522,676,846,1267,240,15,ITG,ITG1,19,Sicilia,Sicilia,4999891,2937945,58.76,0.03
3108,2021-06-11,SIC,49966,23843,26123,41603,7704,659,ITG,ITG1,19,Sicilia,Sicilia,4999891,2987911,59.76,1.0
3109,2021-04-29,SIC,31831,14852,16979,21816,9560,455,ITG,ITG1,19,Sicilia,Sicilia,4999891,3019742,60.4,0.64
3110,2021-03-03,SIC,14584,6550,8034,11381,3075,128,ITG,ITG1,19,Sicilia,Sicilia,4999891,3034326,60.69,0.29
3111,2021-08-07,SIC,20142,10445,9697,10898,8907,337,ITG,ITG1,19,Sicilia,Sicilia,4999891,3054468,61.09,0.4
3112,2021-08-16,SIC,20469,10494,9975,10989,9169,311,ITG,ITG1,19,Sicilia,Sicilia,4999891,3074937,61.5,0.41
3113,2021-02-24,SIC,9377,4805,4572,8706,565,106,ITG,ITG1,19,Sicilia,Sicilia,4999891,3084314,61.69,0.19
3114,2021-01-21,SIC,1452,713,739,490,951,11,ITG,ITG1,19,Sicilia,Sicilia,4999891,3085766,61.72,0.03
3115,2021-05-01,SIC,24445,11314,13131,18994,5168,283,ITG,ITG1,19,Sicilia,Sicilia,4999891,3110211,62.21,0.49
3116,2021-07-06,SIC,37096,17154,19942,10282,26505,309,ITG,ITG1,19,Sicilia,Sicilia,4999891,3147307,62.95,0.74
3117,2021-05-10,SIC,28737,13798,14939,16202,12216,319,ITG,ITG1,19,Sicilia,Sicilia,4999891,3176044,63.52,0.57
3118,2021-03-26,SIC,17993,8359,9634,12347,5501,145,ITG,ITG1,19,Sicilia,Sicilia,4999891,3194037,63.88,0.36
3119,2021-01-28,SIC,9037,4276,4761,374,8662,1,ITG,ITG1,19,Sicilia,Sicilia,4999891,3203074,64.06,0.18
3120,2021-07-04,SIC,26510,12799,13711,7617,18722,171,ITG,ITG1,19,Sicilia,Sicilia,4999891,3229584,64.59,0.53
3121,2021-05-08,SIC,35653,17041,18612,24934,10306,413,ITG,ITG1,19,Sicilia,Sicilia,4999891,3265237,65.31,0.71
3122,2021-01-26,SIC,9576,4743,4833,227,9348,1,ITG,ITG1,19,Sicilia,Sicilia,4999891,3274813,65.5,0.19
3123,2021-03-30,SIC,14578,6768,7810,9713,4766,99,ITG,ITG1,19,Sicilia,Sicilia,4999891,3289391,65.79,0.29
3124,2021-03-13,SIC,12213,5388,6825,7626,4494,93,ITG,ITG1,19,Sicilia,Sicilia,4999891,3301604,66.03,0.24
3125,2021-04-17,SIC,26011,13156,12855,18674,7066,271,ITG,ITG1,19,Sicilia,Sicilia,4999891,3327615,66.55,0.52
3126,2021-07-26,SIC,44501,22171,22330,16693,27439,369,ITG,ITG1,19,Sicilia,Sicilia,4999891,3372116,67.44,0.89
3127,2021-03-17,SIC,15047,7438,7609,9073,5848,126,ITG,ITG1,19,Sicilia,Sicilia,4999891,3387163,67.74,0.3
3128,2021-06-25,SIC,39793,18673,21120,17376,22079,338,ITG,ITG1,19,Sicilia,Sicilia,4999891,3426956,68.54,0.8
3129,2021-07-09,SIC,44839,20692,24147,6427,38232,180,ITG,ITG1,19,Sicilia,Sicilia,4999891,3471795,69.44,0.9
3130,2021-06-06,SIC,49529,23921,25608,41147,7825,557,ITG,ITG1,19,Sicilia,Sicilia,4999891,3521324,70.43,0.99
3131,2021-02-26,SIC,11977,5872,6105,10180,1681,116,ITG,ITG1,19,Sicilia,Sicilia,4999891,3533301,70.67,0.24
3132,2021-05-06,SIC,29478,14010,15468,18161,10835,482,ITG,ITG1,19,Sicilia,Sicilia,4999891,3562779,71.26,0.59
3133,2021-07-21,SIC,42934,20952,21982,10627,31999,308,ITG,ITG1,19,Sicilia,Sicilia,4999891,3605713,72.12,0.86
3134,2021-07-07,SIC,35438,16210,19228,6063,29137,238,ITG,ITG1,19,Sicilia,Sicilia,4999891,3641151,72.82,0.71
3135,2021-05-25,SIC,33554,15429,18125,13939,19356,259,ITG,ITG1,19,Sicilia,Sicilia,4999891,3674705,73.5,0.67
3136,2021-03-29,SIC,15038,7079,7959,10396,4498,144,ITG,ITG1,19,Sicilia,Sicilia,4999891,3689743,73.8,0.3
3137,2021-06-01,SIC,38998,17727,21271,24597,14049,352,ITG,ITG1,19,Sicilia,Sicilia,4999891,3728741,74.58,0.78
3138,2021-04-05,SIC,8023,3958,4065,6515,1441,67,ITG,ITG1,19,Sicilia,Sicilia,4999891,3736764,74.74,0.16
3139,2021-05-30,SIC,35775,16174,19601,17423,18055,297,ITG,ITG1,19,Sicilia,Sicilia,4999891,3772539,75.45,0.72
3140,2021-05-13,SIC,47461,22255,25206,30292,16541,628,ITG,ITG1,19,Sicilia,Sicilia,4999891,3820000,76.4,0.95
3141,2021-01-31,SIC,4059,1942,2117,107,3950,2,ITG,ITG1,19,Sicilia,Sicilia,4999891,3824059,76.48,0.08
3142,2021-05-11,SIC,32682,15502,17180,19688,12490,504,ITG,ITG1,19,Sicilia,Sicilia,4999891,3856741,77.14,0.65
3143,2021-02-17,SIC,5218,3204,2014,4500,670,48,ITG,ITG1,19,Sicilia,Sicilia,4999891,3861959,77.24,0.1
3144,2021-04-24,SIC,31220,14718,16502,23150,7637,433,ITG,ITG1,19,Sicilia,Sicilia,4999891,3893179,77.87,0.62
3145,2021-08-02,SIC,32943,16373,16570,12835,19763,345,ITG,ITG1,19,Sicilia,Sicilia,4999891,3926122,78.52,0.66
3146,2021-08-06,SIC,24830,12594,12236,13528,10895,407,ITG,ITG1,19,Sicilia,Sicilia,4999891,3950952,79.02,0.5
3147,2021-04-26,SIC,21702,10276,11426,13303,8083,316,ITG,ITG1,19,Sicilia,Sicilia,4999891,3972654,79.45,0.43
3148,2021-02-02,SIC,5319,2493,2826,615,4694,10,ITG,ITG1,19,Sicilia,Sicilia,4999891,3977973,79.56,0.11
3149,2021-04-12,SIC,19023,9221,9802,11491,7276,256,ITG,ITG1,19,Sicilia,Sicilia,4999891,3996996,79.94,0.38
3150,2021-02-14,SIC,1055,402,653,905,140,10,ITG,ITG1,19,Sicilia,Sicilia,4999891,3998051,79.96,0.02
3151,2021-08-14,SIC,6233,3377,2856,3367,2746,120,ITG,ITG1,19,Sicilia,Sicilia,4999891,4004284,80.09,0.12
3152,2021-03-31,SIC,14518,6706,7812,9443,4932,143,ITG,ITG1,19,Sicilia,Sicilia,4999891,4018802,80.38,0.29
3153,2021-01-07,SIC,8978,4151,4827,8896,0,82,ITG,ITG1,19,Sicilia,Sicilia,4999891,4027780,80.56,0.18
3154,2021-03-02,SIC,14776,6377,8399,11883,2780,113,ITG,ITG1,19,Sicilia,Sicilia,4999891,4042556,80.85,0.3
3155,2021-01-04,SIC,8511,4250,4261,8463,0,48,ITG,ITG1,19,Sicilia,Sicilia,4999891,4051067,81.02,0.17
3156,2021-01-18,SIC,1622,675,947,1453,158,11,ITG,ITG1,19,Sicilia,Sicilia,4999891,4052689,81.06,0.03
3157,2021-04-28,SIC,29288,13724,15564,19730,9161,397,ITG,ITG1,19,Sicilia,Sicilia,4999891,4081977,81.64,0.59
3158,2021-08-10,SIC,21880,10887,10993,10727,10895,258,ITG,ITG1,19,Sicilia,Sicilia,4999891,4103857,82.08,0.44
3159,2021-02-23,SIC,8785,4667,4118,8229,468,88,ITG,ITG1,19,Sicilia,Sicilia,4999891,4112642,82.25,0.18
3160,2021-03-09,SIC,13162,5767,7395,10829,2201,132,ITG,ITG1,19,Sicilia,Sicilia,4999891,4125804,82.52,0.26
3161,2021-01-11,SIC,5915,2612,3303,5857,0,58,ITG,ITG1,19,Sicilia,Sicilia,4999891,4131719,82.64,0.12
3162,2021-01-02,SIC,4882,2545,2337,4847,0,35,ITG,ITG1,19,Sicilia,Sicilia,4999891,4136601,82.73,0.1
3163,2021-08-13,SIC,11733,6068,5665,6057,5436,240,ITG,ITG1,19,Sicilia,Sicilia,4999891,4148334,82.97,0.23
3164,2021-02-09,SIC,4350,1802,2548,3248,1037,65,ITG,ITG1,19,Sicilia,Sicilia,4999891,4152684,83.06,0.09
3165,2021-05-20,SIC,44078,21121,22957,27740,15924,414,ITG,ITG1,19,Sicilia,Sicilia,4999891,4196762,83.94,0.88
3166,2021-02-21,SIC,5168,2501,2667,5047,106,15,ITG,ITG1,19,Sicilia,Sicilia,4999891,4201930,84.04,0.1
3167,2021-05-16,SIC,33702,16440,17262,21890,11518,294,ITG,ITG1,19,Sicilia,Sicilia,4999891,4235632,84.71,0.67
3168,2021-05-02,SIC,24607,11429,13178,17700,6604,303,ITG,ITG1,19,Sicilia,Sicilia,4999891,4260239,85.21,0.49
3169,2021-03-20,SIC,18592,8981,9611,13362,5138,92,ITG,ITG1,19,Sicilia,Sicilia,4999891,4278831,85.58,0.37
3170,2021-06-28,SIC,31915,14863,17052,14889,16732,294,ITG,ITG1,19,Sicilia,Sicilia,4999891,4310746,86.22,0.64
3171,2021-08-04,SIC,24297,11985,12312,10945,13031,321,ITG,ITG1,19,Sicilia,Sicilia,4999891,4335043,86.7,0.49
3172,2021-07-18,SIC,39276,19783,19493,8104,30942,230,ITG,ITG1,19,Sicilia,Sicilia,4999891,4374319,87.49,0.79
3173,2021-01-14,SIC,5264,2492,2772,5202,0,62,ITG,ITG1,19,Sicilia,Sicilia,4999891,4379583,87.59,0.11
3174,2021-07-05,SIC,37520,17612,19908,8915,28365,240,ITG,ITG1,19,Sicilia,Sicilia,4999891,4417103,88.34,0.75
3175,2021-06-21,SIC,40247,18634,21613,18420,21498,329,ITG,ITG1,19,Sicilia,Sicilia,4999891,4457350,89.15,0.8
3176,2021-05-09,SIC,28416,13313,15103,19765,8291,360,ITG,ITG1,19,Sicilia,Sicilia,4999891,4485766,89.72,0.57
3177,2021-08-17,SIC,14483,7397,7086,7643,6584,256,ITG,ITG1,19,Sicilia,Sicilia,4999891,4500249,90.01,0.29
3178,2021-02-05,SIC,6786,3004,3782,2088,4660,38,ITG,ITG1,19,Sicilia,Sicilia,4999891,4507035,90.14,0.14
3179,2021-04-03,SIC,16419,7818,8601,13423,2836,160,ITG,ITG1,19,Sicilia,Sicilia,4999891,4523454,90.47,0.33
3180,2021-03-27,SIC,15691,7404,8287,10683,4886,122,ITG,ITG1,19,Sicilia,Sicilia,4999891,4539145,90.78,0.31
3181,2021-01-29,SIC,9188,4257,4931,410,8766,12,ITG,ITG1,19,Sicilia,Sicilia,4999891,4548333,90.97,0.18
3182,2021-02-12,SIC,4606,1829,2777,4241,286,79,ITG,ITG1,19,Sicilia,Sicilia,4999891,4552939,91.06,0.09
3183,2021-05-23,SIC,34095,16600,17495,19848,14018,229,ITG,ITG1,19,Sicilia,Sicilia,4999891,4587034,91.74,0.68
3184,2021-06-10,SIC,53047,24902,28145,45154,7243,650,ITG,ITG1,19,Sicilia,Sicilia,4999891,4640081,92.8,1.06
3185,2021-05-27,SIC,47593,21920,25673,24456,22718,419,ITG,ITG1,19,Sicilia,Sicilia,4999891,4687674,93.76,0.95
3186,2021-04-14,SIC,20584,9941,10643,11625,8770,189,ITG,ITG1,19,Sicilia,Sicilia,4999891,4708258,94.17,0.41
3187,2021-07-23,SIC,41433,20812,20621,14345,26766,322,ITG,ITG1,19,Sicilia,Sicilia,4999891,4749691,95.0,0.83
3188,2021-04-21,SIC,22398,10750,11648,15999,6123,276,ITG,ITG1,19,Sicilia,Sicilia,4999891,4772089,95.44,0.45
3189,2021-04-07,SIC,18441,9063,9378,9738,8512,191,ITG,ITG1,19,Sicilia,Sicilia,4999891,4790530,95.81,0.37
3190,2021-07-16,SIC,49338,23369,25969,8715,40341,282,ITG,ITG1,19,Sicilia,Sicilia,4999891,4839868,96.8,0.99
3191,2021-07-30,SIC,32465,16074,16391,12071,20109,285,ITG,ITG1,19,Sicilia,Sicilia,4999891,4872333,97.45,0.65
3192,2021-06-03,SIC,45998,21096,24902,33766,11715,517,ITG,ITG1,19,Sicilia,Sicilia,4999891,4918331,98.37,0.92
3193,2021-02-20,SIC,7170,3707,3463,6801,272,97,ITG,ITG1,19,Sicilia,Sicilia,4999891,4925501,98.51,0.14
3194,2021-02-03,SIC,5943,2793,3150,710,5225,8,ITG,ITG1,19,Sicilia,Sicilia,4999891,4931444,98.63,0.12
3195,2021-04-27,SIC,26455,12687,13768,15165,10954,336,ITG,ITG1,19,Sicilia,Sicilia,4999891,4957899,99.16,0.53
3196,2021-08-05,SIC,23941,11884,12057,11603,12036,302,ITG,ITG1,19,Sicilia,Sicilia,4999891,4981840,99.64,0.48
3197,2021-05-14,SIC,52190,24475,27715,35748,15674,768,ITG,ITG1,19,Sicilia,Sicilia,4999891,5034030,100.68,1.04
3198,2021-01-15,SIC,5320,2332,2988,5253,0,67,ITG,ITG1,19,Sicilia,Sicilia,4999891,5039350,100.79,0.11
3199,2021-04-25,SIC,21405,10207,11198,16149,5019,237,ITG,ITG1,19,Sicilia,Sicilia,4999891,5060755,101.22,0.43
3200,2021-02-01,SIC,5951,2642,3309,298,5640,13,ITG,ITG1,19,Sicilia,Sicilia,4999891,5066706,101.34,0.12
3201,2021-03-22,SIC,16679,7915,8764,11160,5425,94,ITG,ITG1,19,Sicilia,Sicilia,4999891,5083385,101.67,0.33
3202,2021-06-30,SIC,32550,15013,17537,11391,20837,322,ITG,ITG1,19,Sicilia,Sicilia,4999891,5115935,102.32,0.65
3203,2020-12-29,SIC,244,152,92,244,0,0,ITG,ITG1,19,Sicilia,Sicilia,4999891,5116179,102.33,0.0
3204,2021-06-13,SIC,34542,17162,17380,30604,3506,432,ITG,ITG1,19,Sicilia,Sicilia,4999891,5150721,103.02,0.69
3205,2021-04-10,SIC,20442,9976,10466,11312,8967,163,ITG,ITG1,19,Sicilia,Sicilia,4999891,5171163,103.43,0.41
3206,2021-01-17,SIC,1311,596,715,1238,64,9,ITG,ITG1,19,Sicilia,Sicilia,4999891,5172474,103.45,0.03
3207,2021-07-02,SIC,30562,14233,16329,9931,20345,286,ITG,ITG1,19,Sicilia,Sicilia,4999891,5203036,104.06,0.61
3208,2021-07-19,SIC,48927,23576,25351,11648,36924,355,ITG,ITG1,19,Sicilia,Sicilia,4999891,5251963,105.04,0.98
3209,2021-03-05,SIC,15776,6845,8931,11386,4241,149,ITG,ITG1,19,Sicilia,Sicilia,4999891,5267739,105.36,0.32
3210,2021-02-16,SIC,4200,2207,1993,3664,465,71,ITG,ITG1,19,Sicilia,Sicilia,4999891,5271939,105.44,0.08
3211,2021-06-17,SIC,41847,19484,22363,20335,21145,367,ITG,ITG1,19,Sicilia,Sicilia,4999891,5313786,106.28,0.84
3212,2020-12-31,SIC,894,475,419,886,0,8,ITG,ITG1,19,Sicilia,Sicilia,4999891,5314680,106.3,0.02
3213,2021-03-07,SIC,9261,3454,5807,8118,1083,60,ITG,ITG1,19,Sicilia,Sicilia,4999891,5323941,106.48,0.19
3214,2021-06-15,SIC,46108,21723,24385,28158,17519,431,ITG,ITG1,19,Sicilia,Sicilia,4999891,5370049,107.4,0.92
3215,2021-03-24,SIC,20974,9872,11102,15039,5740,195,ITG,ITG1,19,Sicilia,Sicilia,4999891,5391023,107.82,0.42
3216,2021-05-29,SIC,47182,21468,25714,23529,23205,448,ITG,ITG1,19,Sicilia,Sicilia,4999891,5438205,108.77,0.94
3217,2021-08-13,VEN,24345,13759,10586,18230,5339,776,ITH,ITH3,5,Veneto,Veneto,4905854,24345,0.5,0.5
3218,2021-05-05,VEN,44411,21280,23131,36231,6566,1614,ITH,ITH3,5,Veneto,Veneto,4905854,68756,1.4,0.91
3219,2021-07-01,VEN,50974,26033,24941,20689,29283,1002,ITH,ITH3,5,Veneto,Veneto,4905854,119730,2.44,1.04
3220,2021-01-11,VEN,7244,2102,5142,7243,0,1,ITH,ITH3,5,Veneto,Veneto,4905854,126974,2.59,0.15
3221,2021-04-21,VEN,32404,13203,19201,15564,16065,775,ITH,ITH3,5,Veneto,Veneto,4905854,159378,3.25,0.66
3222,2021-05-22,VEN,34830,16700,18130,12717,21444,669,ITH,ITH3,5,Veneto,Veneto,4905854,194208,3.96,0.71
3223,2021-02-11,VEN,4014,1238,2776,3348,628,38,ITH,ITH3,5,Veneto,Veneto,4905854,198222,4.04,0.08
3224,2021-01-28,VEN,9216,2666,6550,169,9045,2,ITH,ITH3,5,Veneto,Veneto,4905854,207438,4.23,0.19
3225,2021-06-17,VEN,51733,25926,25807,25552,25039,1142,ITH,ITH3,5,Veneto,Veneto,4905854,259171,5.28,1.05
3226,2021-03-09,VEN,16548,7450,9098,9829,6323,396,ITH,ITH3,5,Veneto,Veneto,4905854,275719,5.62,0.34
3227,2021-05-31,VEN,31646,16242,15404,20896,9931,819,ITH,ITH3,5,Veneto,Veneto,4905854,307365,6.27,0.65
3228,2021-03-26,VEN,29614,13160,16454,23290,5465,859,ITH,ITH3,5,Veneto,Veneto,4905854,336979,6.87,0.6
3229,2021-03-28,VEN,31314,13609,17705,26887,3615,812,ITH,ITH3,5,Veneto,Veneto,4905854,368293,7.51,0.64
3230,2021-06-19,VEN,49298,25081,24217,25687,22586,1025,ITH,ITH3,5,Veneto,Veneto,4905854,417591,8.51,1.0
3231,2021-07-27,VEN,42200,22145,20055,11740,30029,431,ITH,ITH3,5,Veneto,Veneto,4905854,459791,9.37,0.86
3232,2021-08-01,VEN,27902,14934,12968,11032,16354,516,ITH,ITH3,5,Veneto,Veneto,4905854,487693,9.94,0.57
3233,2021-04-23,VEN,31297,13856,17441,21435,8707,1155,ITH,ITH3,5,Veneto,Veneto,4905854,518990,10.58,0.64
3234,2021-02-16,VEN,6644,2870,3774,6439,176,29,ITH,ITH3,5,Veneto,Veneto,4905854,525634,10.71,0.14
3235,2021-07-13,VEN,43553,22605,20948,5409,37834,310,ITH,ITH3,5,Veneto,Veneto,4905854,569187,11.6,0.89
3236,2021-04-04,VEN,7790,3535,4255,6517,1148,125,ITH,ITH3,5,Veneto,Veneto,4905854,576977,11.76,0.16
3237,2021-05-24,VEN,33087,16433,16654,7630,25052,405,ITH,ITH3,5,Veneto,Veneto,4905854,610064,12.44,0.67
3238,2021-07-18,VEN,37717,19758,17959,3842,33625,250,ITH,ITH3,5,Veneto,Veneto,4905854,647781,13.2,0.77
3239,2021-02-25,VEN,7904,3345,4559,7160,607,137,ITH,ITH3,5,Veneto,Veneto,4905854,655685,13.37,0.16
3240,2021-04-09,VEN,31205,13768,17437,21918,8349,938,ITH,ITH3,5,Veneto,Veneto,4905854,686890,14.0,0.64
3241,2021-06-05,VEN,46871,24143,22728,37325,8099,1447,ITH,ITH3,5,Veneto,Veneto,4905854,733761,14.96,0.96
3242,2021-05-17,VEN,26542,12999,13543,15661,10064,817,ITH,ITH3,5,Veneto,Veneto,4905854,760303,15.5,0.54
3243,2021-02-06,VEN,4098,1354,2744,708,3390,0,ITH,ITH3,5,Veneto,Veneto,4905854,764401,15.58,0.08
3244,2021-02-23,VEN,7383,3253,4130,7029,270,84,ITH,ITH3,5,Veneto,Veneto,4905854,771784,15.73,0.15
3245,2021-03-02,VEN,11494,4627,6867,7934,3312,248,ITH,ITH3,5,Veneto,Veneto,4905854,783278,15.97,0.23
3246,2021-06-10,VEN,52379,27027,25352,41316,9370,1693,ITH,ITH3,5,Veneto,Veneto,4905854,835657,17.03,1.07
3247,2021-04-02,VEN,24116,10632,13484,17141,6331,644,ITH,ITH3,5,Veneto,Veneto,4905854,859773,17.53,0.49
3248,2021-05-12,VEN,36989,17907,19082,30246,5129,1614,ITH,ITH3,5,Veneto,Veneto,4905854,896762,18.28,0.75
3249,2021-07-08,VEN,46709,24310,22399,4500,41914,295,ITH,ITH3,5,Veneto,Veneto,4905854,943471,19.23,0.95
3250,2021-06-24,VEN,56196,28465,27731,17634,37880,682,ITH,ITH3,5,Veneto,Veneto,4905854,999667,20.38,1.15
3251,2021-03-16,VEN,12535,5357,7178,6642,5624,269,ITH,ITH3,5,Veneto,Veneto,4905854,1012202,20.63,0.26
3252,2021-07-06,VEN,36141,18623,17518,13209,22301,631,ITH,ITH3,5,Veneto,Veneto,4905854,1048343,21.37,0.74
3253,2021-04-14,VEN,15941,6913,9028,8766,6635,540,ITH,ITH3,5,Veneto,Veneto,4905854,1064284,21.69,0.32
3254,2021-01-04,VEN,6739,2037,4702,6737,0,2,ITH,ITH3,5,Veneto,Veneto,4905854,1071023,21.83,0.14
3255,2021-05-14,VEN,46821,22271,24550,24301,20947,1573,ITH,ITH3,5,Veneto,Veneto,4905854,1117844,22.79,0.95
3256,2021-02-20,VEN,6429,2018,4411,6276,72,81,ITH,ITH3,5,Veneto,Veneto,4905854,1124273,22.92,0.13
3257,2021-08-15,VEN,3104,1761,1343,2614,425,65,ITH,ITH3,5,Veneto,Veneto,4905854,1127377,22.98,0.06
3258,2021-01-09,VEN,7935,2539,5396,7930,0,5,ITH,ITH3,5,Veneto,Veneto,4905854,1135312,23.14,0.16
3259,2021-03-18,VEN,12624,5145,7479,7038,5233,353,ITH,ITH3,5,Veneto,Veneto,4905854,1147936,23.4,0.26
3260,2021-06-26,VEN,48079,24514,23565,13598,33994,487,ITH,ITH3,5,Veneto,Veneto,4905854,1196015,24.38,0.98
3261,2021-05-29,VEN,33051,16696,16355,24245,7690,1116,ITH,ITH3,5,Veneto,Veneto,4905854,1229066,25.05,0.67
3262,2021-02-18,VEN,5832,2456,3376,5729,64,39,ITH,ITH3,5,Veneto,Veneto,4905854,1234898,25.17,0.12
3263,2021-07-25,VEN,33172,17530,15642,10816,21889,467,ITH,ITH3,5,Veneto,Veneto,4905854,1268070,25.85,0.68
3264,2021-04-16,VEN,24464,10500,13964,11895,11890,679,ITH,ITH3,5,Veneto,Veneto,4905854,1292534,26.35,0.5
3265,2021-06-12,VEN,48690,24497,24193,36411,10819,1460,ITH,ITH3,5,Veneto,Veneto,4905854,1341224,27.34,0.99
3266,2021-03-23,VEN,22224,10247,11977,16873,4716,635,ITH,ITH3,5,Veneto,Veneto,4905854,1363448,27.79,0.45
3267,2021-05-19,VEN,33147,15180,17967,16230,15987,930,ITH,ITH3,5,Veneto,Veneto,4905854,1396595,28.47,0.68
3268,2021-02-08,VEN,5006,1559,3447,1923,3077,6,ITH,ITH3,5,Veneto,Veneto,4905854,1401601,28.57,0.1
3269,2021-04-06,VEN,29031,13366,15665,23260,5047,724,ITH,ITH3,5,Veneto,Veneto,4905854,1430632,29.16,0.59
3270,2021-06-09,VEN,42787,21948,20839,33776,7467,1544,ITH,ITH3,5,Veneto,Veneto,4905854,1473419,30.03,0.87
3271,2021-06-28,VEN,47650,24113,23537,18424,28532,694,ITH,ITH3,5,Veneto,Veneto,4905854,1521069,31.01,0.97
3272,2021-01-25,VEN,6471,2077,4394,157,6314,0,ITH,ITH3,5,Veneto,Veneto,4905854,1527540,31.14,0.13
3273,2021-07-29,VEN,47459,25099,22360,20085,26516,858,ITH,ITH3,5,Veneto,Veneto,4905854,1574999,32.1,0.97
3274,2021-07-15,VEN,51396,26898,24498,6026,44990,380,ITH,ITH3,5,Veneto,Veneto,4905854,1626395,33.15,1.05
3275,2021-04-20,VEN,22459,9501,12958,7881,14008,570,ITH,ITH3,5,Veneto,Veneto,4905854,1648854,33.61,0.46
3276,2021-08-06,VEN,38202,20846,17356,19797,17530,875,ITH,ITH3,5,Veneto,Veneto,4905854,1687056,34.39,0.78
3277,2021-04-28,VEN,32462,15198,17264,22261,9023,1178,ITH,ITH3,5,Veneto,Veneto,4905854,1719518,35.05,0.66
3278,2021-07-20,VEN,44352,23682,20670,6874,36969,509,ITH,ITH3,5,Veneto,Veneto,4905854,1763870,35.95,0.9
3279,2021-01-18,VEN,2766,778,1988,2560,201,5,ITH,ITH3,5,Veneto,Veneto,4905854,1766636,36.01,0.06
3280,2021-02-04,VEN,7396,2028,5368,550,6845,1,ITH,ITH3,5,Veneto,Veneto,4905854,1774032,36.16,0.15
3281,2021-08-08,VEN,20491,11376,9115,10650,9532,309,ITH,ITH3,5,Veneto,Veneto,4905854,1794523,36.58,0.42
3282,2021-05-07,VEN,48628,23298,25330,37606,8674,2348,ITH,ITH3,5,Veneto,Veneto,4905854,1843151,37.57,0.99
3283,2021-01-27,VEN,7146,2067,5079,240,6905,1,ITH,ITH3,5,Veneto,Veneto,4905854,1850297,37.72,0.15
3284,2021-08-17,VEN,15027,8180,6847,8979,5667,381,ITH,ITH3,5,Veneto,Veneto,4905854,1865324,38.02,0.31
3285,2021-05-09,VEN,35086,16143,18943,23796,10053,1237,ITH,ITH3,5,Veneto,Veneto,4905854,1900410,38.74,0.72
3286,2021-05-26,VEN,31157,15230,15927,13992,16489,676,ITH,ITH3,5,Veneto,Veneto,4905854,1931567,39.37,0.64
3287,2021-03-01,VEN,9395,3717,5678,7410,1822,163,ITH,ITH3,5,Veneto,Veneto,4905854,1940962,39.56,0.19
3288,2021-07-12,VEN,43238,22779,20459,4009,38907,322,ITH,ITH3,5,Veneto,Veneto,4905854,1984200,40.45,0.88
3289,2021-04-03,VEN,21992,9647,12345,13869,7719,404,ITH,ITH3,5,Veneto,Veneto,4905854,2006192,40.89,0.45
3290,2021-03-20,VEN,13034,5392,7642,10660,2082,292,ITH,ITH3,5,Veneto,Veneto,4905854,2019226,41.16,0.27
3291,2021-08-05,VEN,38998,21317,17681,15560,22839,599,ITH,ITH3,5,Veneto,Veneto,4905854,2058224,41.95,0.79
3292,2021-04-18,VEN,17530,7262,10268,9510,7567,453,ITH,ITH3,5,Veneto,Veneto,4905854,2075754,42.31,0.36
3293,2021-01-08,VEN,9415,2837,6578,9401,0,14,ITH,ITH3,5,Veneto,Veneto,4905854,2085169,42.5,0.19
3294,2021-01-13,VEN,5988,1606,4382,5985,0,3,ITH,ITH3,5,Veneto,Veneto,4905854,2091157,42.63,0.12
3295,2021-05-02,VEN,37245,17266,19979,25620,10330,1295,ITH,ITH3,5,Veneto,Veneto,4905854,2128402,43.38,0.76
3296,2021-06-14,VEN,42621,21556,21065,26304,15313,1004,ITH,ITH3,5,Veneto,Veneto,4905854,2171023,44.25,0.87
3297,2021-03-06,VEN,10683,4357,6326,7217,3278,188,ITH,ITH3,5,Veneto,Veneto,4905854,2181706,44.47,0.22
3298,2021-08-10,VEN,28446,15610,12836,16385,11458,603,ITH,ITH3,5,Veneto,Veneto,4905854,2210152,45.05,0.58
3299,2020-12-30,VEN,699,245,454,699,0,0,ITH,ITH3,5,Veneto,Veneto,4905854,2210851,45.07,0.01
3300,2021-08-12,VEN,24055,13025,11030,17248,6120,687,ITH,ITH3,5,Veneto,Veneto,4905854,2234906,45.56,0.49
3301,2021-06-07,VEN,44697,23319,21378,36181,7041,1475,ITH,ITH3,5,Veneto,Veneto,4905854,2279603,46.47,0.91
3302,2021-02-27,VEN,8994,2693,6301,7965,849,180,ITH,ITH3,5,Veneto,Veneto,4905854,2288597,46.65,0.18
3303,2021-03-04,VEN,12986,4888,8098,9120,3476,390,ITH,ITH3,5,Veneto,Veneto,4905854,2301583,46.92,0.26
3304,2021-07-07,VEN,40954,21311,19643,15642,24524,788,ITH,ITH3,5,Veneto,Veneto,4905854,2342537,47.75,0.83
3305,2021-05-11,VEN,33193,16514,16679,27154,4726,1313,ITH,ITH3,5,Veneto,Veneto,4905854,2375730,48.43,0.68
3306,2021-01-22,VEN,1080,332,748,25,1055,0,ITH,ITH3,5,Veneto,Veneto,4905854,2376810,48.45,0.02
3307,2021-05-04,VEN,43025,20379,22646,33363,8034,1628,ITH,ITH3,5,Veneto,Veneto,4905854,2419835,49.33,0.88
3308,2021-01-10,VEN,5036,1673,3363,5035,0,1,ITH,ITH3,5,Veneto,Veneto,4905854,2424871,49.43,0.1
3309,2021-05-23,VEN,34488,16467,18021,10618,23399,471,ITH,ITH3,5,Veneto,Veneto,4905854,2459359,50.13,0.7
3310,2021-02-12,VEN,4314,1446,2868,3671,572,71,ITH,ITH3,5,Veneto,Veneto,4905854,2463673,50.22,0.09
3311,2021-01-29,VEN,9028,2789,6239,365,8663,0,ITH,ITH3,5,Veneto,Veneto,4905854,2472701,50.4,0.18
3312,2021-05-08,VEN,41517,18780,22737,28271,11829,1417,ITH,ITH3,5,Veneto,Veneto,4905854,2514218,51.25,0.85
3313,2021-07-30,VEN,45523,24213,21310,22574,22065,884,ITH,ITH3,5,Veneto,Veneto,4905854,2559741,52.18,0.93
3314,2021-08-16,VEN,19596,10611,8985,12860,6149,587,ITH,ITH3,5,Veneto,Veneto,4905854,2579337,52.58,0.4
3315,2021-06-27,VEN,40240,20556,19684,15356,24309,575,ITH,ITH3,5,Veneto,Veneto,4905854,2619577,53.4,0.82
3316,2021-03-19,VEN,13803,5672,8131,7407,6104,292,ITH,ITH3,5,Veneto,Veneto,4905854,2633380,53.68,0.28
3317,2021-02-01,VEN,8563,2502,6061,157,8406,0,ITH,ITH3,5,Veneto,Veneto,4905854,2641943,53.85,0.17
3318,2021-02-15,VEN,4392,1826,2566,4143,240,9,ITH,ITH3,5,Veneto,Veneto,4905854,2646335,53.94,0.09
3319,2021-03-30,VEN,36001,15314,20687,29743,5250,1008,ITH,ITH3,5,Veneto,Veneto,4905854,2682336,54.68,0.73
3320,2021-08-02,VEN,40047,21000,19047,16253,23149,645,ITH,ITH3,5,Veneto,Veneto,4905854,2722383,55.49,0.82
3321,2021-04-10,VEN,27479,11984,15495,18383,8470,626,ITH,ITH3,5,Veneto,Veneto,4905854,2749862,56.05,0.56
3322,2021-06-06,VEN,37448,19173,18275,31497,4730,1221,ITH,ITH3,5,Veneto,Veneto,4905854,2787310,56.82,0.76
3323,2020-12-27,VEN,880,395,485,880,0,0,ITH,ITH3,5,Veneto,Veneto,4905854,2788190,56.83,0.02
3324,2021-04-30,VEN,50256,23616,26640,33180,15670,1406,ITH,ITH3,5,Veneto,Veneto,4905854,2838446,57.86,1.02
3325,2021-01-20,VEN,1039,368,671,387,652,0,ITH,ITH3,5,Veneto,Veneto,4905854,2839485,57.88,0.02
3326,2021-07-03,VEN,38705,20118,18587,11032,27103,570,ITH,ITH3,5,Veneto,Veneto,4905854,2878190,58.67,0.79
3327,2021-06-16,VEN,47778,23573,24205,25268,21423,1087,ITH,ITH3,5,Veneto,Veneto,4905854,2925968,59.64,0.97
3328,2021-01-01,VEN,1528,471,1057,1527,0,1,ITH,ITH3,5,Veneto,Veneto,4905854,2927496,59.67,0.03
3329,2021-03-25,VEN,25975,11062,14913,18977,6103,895,ITH,ITH3,5,Veneto,Veneto,4905854,2953471,60.2,0.53
3330,2021-04-11,VEN,21013,8877,12136,14231,6297,485,ITH,ITH3,5,Veneto,Veneto,4905854,2974484,60.63,0.43
3331,2021-07-22,VEN,48349,25095,23254,13272,34428,649,ITH,ITH3,5,Veneto,Veneto,4905854,3022833,61.62,0.99
3332,2021-04-13,VEN,14038,6326,7712,8059,5479,500,ITH,ITH3,5,Veneto,Veneto,4905854,3036871,61.9,0.29
3333,2021-07-05,VEN,39140,20285,18855,14156,24196,788,ITH,ITH3,5,Veneto,Veneto,4905854,3076011,62.7,0.8
3334,2021-01-03,VEN,5158,1562,3596,5158,0,0,ITH,ITH3,5,Veneto,Veneto,4905854,3081169,62.81,0.11
3335,2021-01-24,VEN,4117,1219,2898,28,4089,0,ITH,ITH3,5,Veneto,Veneto,4905854,3085286,62.89,0.08
3336,2021-04-07,VEN,36055,16204,19851,27606,7339,1110,ITH,ITH3,5,Veneto,Veneto,4905854,3121341,63.62,0.73
3337,2021-07-16,VEN,44705,24042,20663,6937,37304,464,ITH,ITH3,5,Veneto,Veneto,4905854,3166046,64.54,0.91
3338,2021-01-31,VEN,4789,1566,3223,408,4381,0,ITH,ITH3,5,Veneto,Veneto,4905854,3170835,64.63,0.1
3339,2021-03-29,VEN,31467,13702,17765,26649,3824,994,ITH,ITH3,5,Veneto,Veneto,4905854,3202302,65.28,0.64
3340,2021-05-13,VEN,44328,21873,22455,32599,9906,1823,ITH,ITH3,5,Veneto,Veneto,4905854,3246630,66.18,0.9
3341,2021-02-02,VEN,6513,1881,4632,396,6117,0,ITH,ITH3,5,Veneto,Veneto,4905854,3253143,66.31,0.13
3342,2021-07-09,VEN,45062,23765,21297,4114,40663,285,ITH,ITH3,5,Veneto,Veneto,4905854,3298205,67.23,0.92
3343,2021-03-31,VEN,38972,16456,22516,30425,7507,1040,ITH,ITH3,5,Veneto,Veneto,4905854,3337177,68.02,0.79
3344,2021-07-11,VEN,34233,17924,16309,3700,30282,251,ITH,ITH3,5,Veneto,Veneto,4905854,3371410,68.72,0.7
3345,2021-08-03,VEN,40663,21525,19138,17551,22399,713,ITH,ITH3,5,Veneto,Veneto,4905854,3412073,69.55,0.83
3346,2021-04-25,VEN,18336,8156,10180,12909,4835,592,ITH,ITH3,5,Veneto,Veneto,4905854,3430409,69.92,0.37
3347,2021-06-21,VEN,44325,22185,22140,20465,22960,900,ITH,ITH3,5,Veneto,Veneto,4905854,3474734,70.83,0.9
3348,2021-01-06,VEN,8140,2389,5751,8137,0,3,ITH,ITH3,5,Veneto,Veneto,4905854,3482874,70.99,0.17
3349,2021-06-23,VEN,49335,24444,24891,14565,33975,795,ITH,ITH3,5,Veneto,Veneto,4905854,3532209,72.0,1.01
3350,2021-03-15,VEN,16672,7331,9341,10958,5212,502,ITH,ITH3,5,Veneto,Veneto,4905854,3548881,72.34,0.34
3351,2021-05-18,VEN,27033,12551,14482,12639,13635,759,ITH,ITH3,5,Veneto,Veneto,4905854,3575914,72.89,0.55
3352,2021-06-30,VEN,45787,23091,22696,17866,27177,744,ITH,ITH3,5,Veneto,Veneto,4905854,3621701,73.82,0.93
3353,2021-03-22,VEN,18154,8183,9971,12588,5049,517,ITH,ITH3,5,Veneto,Veneto,4905854,3639855,74.19,0.37
3354,2021-03-13,VEN,17242,7312,9930,13737,3133,372,ITH,ITH3,5,Veneto,Veneto,4905854,3657097,74.55,0.35
3355,2021-01-15,VEN,5877,1819,4058,5871,0,6,ITH,ITH3,5,Veneto,Veneto,4905854,3662974,74.67,0.12
3356,2021-05-20,VEN,44835,21257,23578,19369,24364,1102,ITH,ITH3,5,Veneto,Veneto,4905854,3707809,75.58,0.91
3357,2021-02-09,VEN,5250,1892,3358,3431,1806,13,ITH,ITH3,5,Veneto,Veneto,4905854,3713059,75.69,0.11
3358,2021-05-27,VEN,46638,22914,23724,22361,23238,1039,ITH,ITH3,5,Veneto,Veneto,4905854,3759697,76.64,0.95
3359,2021-02-07,VEN,2316,863,1453,714,1601,1,ITH,ITH3,5,Veneto,Veneto,4905854,3762013,76.68,0.05
3360,2021-07-02,VEN,49541,25131,24410,16286,32479,776,ITH,ITH3,5,Veneto,Veneto,4905854,3811554,77.69,1.01
3361,2021-02-13,VEN,3266,1473,1793,3230,20,16,ITH,ITH3,5,Veneto,Veneto,4905854,3814820,77.76,0.07
3362,2021-03-03,VEN,12101,4648,7453,8388,3502,211,ITH,ITH3,5,Veneto,Veneto,4905854,3826921,78.01,0.25
3363,2021-06-11,VEN,47320,24617,22703,34720,11184,1416,ITH,ITH3,5,Veneto,Veneto,4905854,3874241,78.97,0.96
3364,2021-06-25,VEN,51708,26161,25547,15077,35998,633,ITH,ITH3,5,Veneto,Veneto,4905854,3925949,80.03,1.05
3365,2021-07-14,VEN,43593,22408,21185,5273,37925,395,ITH,ITH3,5,Veneto,Veneto,4905854,3969542,80.91,0.89
3366,2021-04-22,VEN,32063,13942,18121,15474,15770,819,ITH,ITH3,5,Veneto,Veneto,4905854,4001605,81.57,0.65
3367,2021-07-31,VEN,35102,18865,16237,16985,17470,647,ITH,ITH3,5,Veneto,Veneto,4905854,4036707,82.28,0.72
3368,2021-05-30,VEN,22548,11271,11277,15207,6691,650,ITH,ITH3,5,Veneto,Veneto,4905854,4059255,82.74,0.46
3369,2021-07-26,VEN,43602,22918,20684,16955,25999,648,ITH,ITH3,5,Veneto,Veneto,4905854,4102857,83.63,0.89
3370,2021-07-19,VEN,44741,23565,21176,7944,36394,403,ITH,ITH3,5,Veneto,Veneto,4905854,4147598,84.54,0.91
3371,2021-03-08,VEN,13639,6276,7363,9304,4072,263,ITH,ITH3,5,Veneto,Veneto,4905854,4161237,84.82,0.28
3372,2021-06-18,VEN,53640,26765,26875,23993,28618,1029,ITH,ITH3,5,Veneto,Veneto,4905854,4214877,85.92,1.09
3373,2021-03-27,VEN,32089,14016,18073,25380,5806,903,ITH,ITH3,5,Veneto,Veneto,4905854,4246966,86.57,0.65
3374,2021-06-03,VEN,54522,28035,26487,40888,11993,1641,ITH,ITH3,5,Veneto,Veneto,4905854,4301488,87.68,1.11
3375,2021-06-20,VEN,41204,20063,21141,18936,21534,734,ITH,ITH3,5,Veneto,Veneto,4905854,4342692,88.52,0.84
3376,2021-02-26,VEN,8298,3275,5023,6944,1259,95,ITH,ITH3,5,Veneto,Veneto,4905854,4350990,88.69,0.17
3377,2021-04-24,VEN,24767,10830,13937,14966,9079,722,ITH,ITH3,5,Veneto,Veneto,4905854,4375757,89.19,0.5
3378,2021-01-14,VEN,7067,1926,5141,7047,0,20,ITH,ITH3,5,Veneto,Veneto,4905854,4382824,89.34,0.14
3379,2021-03-12,VEN,18663,8196,10467,11331,6751,581,ITH,ITH3,5,Veneto,Veneto,4905854,4401487,89.72,0.38
3380,2021-08-14,VEN,9866,5780,4086,7224,2393,249,ITH,ITH3,5,Veneto,Veneto,4905854,4411353,89.92,0.2
3381,2021-06-08,VEN,43848,22670,21178,36194,6141,1513,ITH,ITH3,5,Veneto,Veneto,4905854,4455201,90.81,0.89
3382,2021-05-25,VEN,27853,13443,14410,11271,16085,497,ITH,ITH3,5,Veneto,Veneto,4905854,4483054,91.38,0.57
3383,2021-02-14,VEN,126,56,70,113,13,0,ITH,ITH3,5,Veneto,Veneto,4905854,4483180,91.38,0.0
3384,2021-01-23,VEN,4057,1250,2807,31,4026,0,ITH,ITH3,5,Veneto,Veneto,4905854,4487237,91.47,0.08
3385,2021-06-29,VEN,45557,22726,22831,19049,25828,680,ITH,ITH3,5,Veneto,Veneto,4905854,4532794,92.4,0.93
3386,2021-03-21,VEN,11992,4756,7236,8286,3466,240,ITH,ITH3,5,Veneto,Veneto,4905854,4544786,92.64,0.24
3387,2021-01-16,VEN,4612,1542,3070,4612,0,0,ITH,ITH3,5,Veneto,Veneto,4905854,4549398,92.73,0.09
3388,2021-03-14,VEN,15182,5944,9238,13850,894,438,ITH,ITH3,5,Veneto,Veneto,4905854,4564580,93.04,0.31
3389,2021-03-24,VEN,22123,9580,12543,14668,6805,650,ITH,ITH3,5,Veneto,Veneto,4905854,4586703,93.49,0.45
3390,2021-05-10,VEN,36516,17087,19429,25427,9856,1233,ITH,ITH3,5,Veneto,Veneto,4905854,4623219,94.24,0.74
3391,2021-01-30,VEN,8758,2677,6081,690,8068,0,ITH,ITH3,5,Veneto,Veneto,4905854,4631977,94.42,0.18
3392,2021-03-07,VEN,4497,1770,2727,3867,561,69,ITH,ITH3,5,Veneto,Veneto,4905854,4636474,94.51,0.09
3393,2021-05-03,VEN,40707,19811,20896,32805,6439,1463,ITH,ITH3,5,Veneto,Veneto,4905854,4677181,95.34,0.83
3394,2021-04-17,VEN,22449,9098,13351,14374,7277,798,ITH,ITH3,5,Veneto,Veneto,4905854,4699630,95.8,0.46
3395,2021-01-07,VEN,8361,2317,6044,8360,0,1,ITH,ITH3,5,Veneto,Veneto,4905854,4707991,95.97,0.17
3396,2021-06-13,VEN,37339,19256,18083,29318,6956,1065,ITH,ITH3,5,Veneto,Veneto,4905854,4745330,96.73,0.76
3397,2021-01-21,VEN,2294,719,1575,20,2274,0,ITH,ITH3,5,Veneto,Veneto,4905854,4747624,96.77,0.05
3398,2021-03-05,VEN,13341,5023,8318,9222,3674,445,ITH,ITH3,5,Veneto,Veneto,4905854,4760965,97.05,0.27
3399,2021-02-28,VEN,4136,1389,2747,3225,837,74,ITH,ITH3,5,Veneto,Veneto,4905854,4765101,97.13,0.08
3400,2021-03-17,VEN,14646,5991,8655,7527,6796,323,ITH,ITH3,5,Veneto,Veneto,4905854,4779747,97.43,0.3
3401,2021-07-28,VEN,40211,20879,19332,12003,27748,460,ITH,ITH3,5,Veneto,Veneto,4905854,4819958,98.25,0.82
3402,2021-01-12,VEN,5231,1517,3714,5223,0,8,ITH,ITH3,5,Veneto,Veneto,4905854,4825189,98.36,0.11
3403,2021-04-19,VEN,21554,8930,12624,4710,16416,428,ITH,ITH3,5,Veneto,Veneto,4905854,4846743,98.8,0.44
3404,2021-04-05,VEN,19165,8376,10789,13426,5438,301,ITH,ITH3,5,Veneto,Veneto,4905854,4865908,99.19,0.39
3405,2021-05-28,VEN,46907,22957,23950,23685,22025,1197,ITH,ITH3,5,Veneto,Veneto,4905854,4912815,100.14,0.96
3406,2021-07-24,VEN,41647,22335,19312,13250,27762,635,ITH,ITH3,5,Veneto,Veneto,4905854,4954462,100.99,0.85
3407,2021-07-10,VEN,43191,23214,19977,6292,36541,358,ITH,ITH3,5,Veneto,Veneto,4905854,4997653,101.87,0.88
3408,2021-02-19,VEN,7323,3141,4182,6995,204,124,ITH,ITH3,5,Veneto,Veneto,4905854,5004976,102.02,0.15
3409,2021-02-21,VEN,4640,1212,3428,4516,5,119,ITH,ITH3,5,Veneto,Veneto,4905854,5009616,102.12,0.09
3410,2021-05-15,VEN,36262,17517,18745,24816,10018,1428,ITH,ITH3,5,Veneto,Veneto,4905854,5045878,102.85,0.74
3411,2021-06-01,VEN,26989,13567,13422,15790,10556,643,ITH,ITH3,5,Veneto,Veneto,4905854,5072867,103.4,0.55
3412,2021-03-10,VEN,19042,8727,10315,12963,5686,393,ITH,ITH3,5,Veneto,Veneto,4905854,5091909,103.79,0.39
3413,2021-01-26,VEN,6924,2092,4832,149,6775,0,ITH,ITH3,5,Veneto,Veneto,4905854,5098833,103.93,0.14
3414,2021-05-06,VEN,47040,22062,24978,36577,8491,1972,ITH,ITH3,5,Veneto,Veneto,4905854,5145873,104.89,0.96
3415,2021-07-17,VEN,40597,21476,19121,4289,35963,345,ITH,ITH3,5,Veneto,Veneto,4905854,5186470,105.72,0.83
3416,2021-05-21,VEN,44845,22051,22794,19805,23940,1100,ITH,ITH3,5,Veneto,Veneto,4905854,5231315,106.63,0.91
3417,2021-02-17,VEN,6022,2772,3250,5900,94,28,ITH,ITH3,5,Veneto,Veneto,4905854,5237337,106.76,0.12
3418,2021-04-01,VEN,25393,11189,14204,18205,6413,775,ITH,ITH3,5,Veneto,Veneto,4905854,5262730,107.27,0.52
3419,2021-04-15,VEN,20936,8650,12286,9360,10831,745,ITH,ITH3,5,Veneto,Veneto,4905854,5283666,107.7,0.43
3420,2021-01-05,VEN,7336,2186,5150,7334,0,2,ITH,ITH3,5,Veneto,Veneto,4905854,5291002,107.85,0.15
3421,2021-02-10,VEN,4759,1592,3167,3692,1058,9,ITH,ITH3,5,Veneto,Veneto,4905854,5295761,107.95,0.1
3422,2021-04-08,VEN,32404,14386,18018,23346,7886,1172,ITH,ITH3,5,Veneto,Veneto,4905854,5328165,108.61,0.66
3423,2021-06-04,VEN,49651,25841,23810,39838,8145,1668,ITH,ITH3,5,Veneto,Veneto,4905854,5377816,109.62,1.01
3424,2021-02-24,VEN,8621,3680,4941,7998,489,134,ITH,ITH3,5,Veneto,Veneto,4905854,5386437,109.8,0.18
3425,2021-06-22,VEN,43740,21628,22112,18510,24381,849,ITH,ITH3,5,Veneto,Veneto,4905854,5430177,110.69,0.89
3426,2021-08-04,VEN,42342,22615,19727,22522,18727,1093,ITH,ITH3,5,Veneto,Veneto,4905854,5472519,111.55,0.86
3427,2021-04-26,VEN,20731,9461,11270,14917,5140,674,ITH,ITH3,5,Veneto,Veneto,4905854,5493250,111.97,0.42
3428,2021-06-15,VEN,47824,24295,23529,29143,17532,1149,ITH,ITH3,5,Veneto,Veneto,4905854,5541074,112.95,0.97
3429,2021-08-11,VEN,26688,14741,11947,15583,10532,573,ITH,ITH3,5,Veneto,Veneto,4905854,5567762,113.49,0.54
3430,2021-06-02,VEN,20316,10238,10078,15353,4346,617,ITH,ITH3,5,Veneto,Veneto,4905854,5588078,113.91,0.41
3431,2021-03-11,VEN,19837,8893,10944,13795,5576,466,ITH,ITH3,5,Veneto,Veneto,4905854,5607915,114.31,0.4
3432,2021-04-27,VEN,28209,12798,15411,20138,6915,1156,ITH,ITH3,5,Veneto,Veneto,4905854,5636124,114.89,0.58
3433,2021-01-17,VEN,1933,781,1152,1584,349,0,ITH,ITH3,5,Veneto,Veneto,4905854,5638057,114.93,0.04
3434,2021-02-03,VEN,5955,1672,4283,474,5477,4,ITH,ITH3,5,Veneto,Veneto,4905854,5644012,115.05,0.12
3435,2021-08-07,VEN,28912,16275,12637,16311,12052,549,ITH,ITH3,5,Veneto,Veneto,4905854,5672924,115.64,0.59
3436,2021-04-29,VEN,50313,23407,26906,35401,13181,1731,ITH,ITH3,5,Veneto,Veneto,4905854,5723237,116.66,1.03
3437,2021-07-21,VEN,43243,22321,20922,8685,34059,499,ITH,ITH3,5,Veneto,Veneto,4905854,5766480,117.54,0.88
3438,2021-02-05,VEN,8386,2540,5846,1408,6969,9,ITH,ITH3,5,Veneto,Veneto,4905854,5774866,117.71,0.17
3439,2021-02-22,VEN,7019,3044,3975,6581,391,47,ITH,ITH3,5,Veneto,Veneto,4905854,5781885,117.86,0.14
3440,2021-05-16,VEN,28423,14015,14408,20324,7080,1019,ITH,ITH3,5,Veneto,Veneto,4905854,5810308,118.44,0.58
3441,2021-08-09,VEN,34717,18609,16108,17102,16846,769,ITH,ITH3,5,Veneto,Veneto,4905854,5845025,119.14,0.71
3442,2020-12-31,VEN,3220,1042,2178,3220,0,0,ITH,ITH3,5,Veneto,Veneto,4905854,5848245,119.21,0.07
3443,2021-07-04,VEN,33886,17582,16304,14996,18289,601,ITH,ITH3,5,Veneto,Veneto,4905854,5882131,119.9,0.69
3444,2021-04-12,VEN,14917,6343,8574,6400,8216,301,ITH,ITH3,5,Veneto,Veneto,4905854,5897048,120.2,0.3
3445,2021-01-02,VEN,5744,1767,3977,5743,0,1,ITH,ITH3,5,Veneto,Veneto,4905854,5902792,120.32,0.12
3446,2021-01-19,VEN,1313,475,838,1163,149,1,ITH,ITH3,5,Veneto,Veneto,4905854,5904105,120.35,0.03
3447,2021-07-23,VEN,44438,23422,21016,15092,28768,578,ITH,ITH3,5,Veneto,Veneto,4905854,5948543,121.25,0.91
3448,2021-05-01,VEN,38871,18249,20622,28715,8929,1227,ITH,ITH3,5,Veneto,Veneto,4905854,5987414,122.05,0.79
3449,2021-03-14,LIG,1660,753,907,1033,605,22,ITC,ITC3,7,Liguria,Liguria,1550640,1660,0.11,0.11
3450,2021-06-22,LIG,15786,7456,8330,7631,8110,45,ITC,ITC3,7,Liguria,Liguria,1550640,17446,1.13,1.02
3451,2021-07-06,LIG,12359,6067,6292,5676,6637,46,ITC,ITC3,7,Liguria,Liguria,1550640,29805,1.92,0.8
3452,2021-05-10,LIG,12661,5649,7012,6212,6381,68,ITC,ITC3,7,Liguria,Liguria,1550640,42466,2.74,0.82
3453,2021-02-28,LIG,1060,580,480,1043,10,7,ITC,ITC3,7,Liguria,Liguria,1550640,43526,2.81,0.07
3454,2021-04-26,LIG,10580,4989,5591,7856,2640,84,ITC,ITC3,7,Liguria,Liguria,1550640,54106,3.49,0.68
3455,2021-01-16,LIG,1279,558,721,1274,0,5,ITC,ITC3,7,Liguria,Liguria,1550640,55385,3.57,0.08
3456,2021-02-02,LIG,2674,1007,1667,127,2545,2,ITC,ITC3,7,Liguria,Liguria,1550640,58059,3.74,0.17
3457,2021-04-28,LIG,14462,6524,7938,6382,7992,88,ITC,ITC3,7,Liguria,Liguria,1550640,72521,4.68,0.93
3458,2021-08-06,LIG,12153,6170,5983,3966,8092,95,ITC,ITC3,7,Liguria,Liguria,1550640,84674,5.46,0.78
3459,2021-02-04,LIG,2818,988,1830,177,2641,0,ITC,ITC3,7,Liguria,Liguria,1550640,87492,5.64,0.18
3460,2021-05-15,LIG,7324,3275,4049,4290,2962,72,ITC,ITC3,7,Liguria,Liguria,1550640,94816,6.11,0.47
3461,2021-07-18,LIG,2383,1222,1161,390,1982,11,ITC,ITC3,7,Liguria,Liguria,1550640,97199,6.27,0.15
3462,2021-06-05,LIG,8094,4119,3975,4929,3153,12,ITC,ITC3,7,Liguria,Liguria,1550640,105293,6.79,0.52
3463,2021-04-09,LIG,12472,5564,6908,10557,1777,138,ITC,ITC3,7,Liguria,Liguria,1550640,117765,7.59,0.8
3464,2021-03-31,LIG,11946,5285,6661,9061,2778,107,ITC,ITC3,7,Liguria,Liguria,1550640,129711,8.36,0.77
3465,2021-02-11,LIG,1990,772,1218,1093,888,9,ITC,ITC3,7,Liguria,Liguria,1550640,131701,8.49,0.13
3466,2021-05-22,LIG,6654,3221,3433,4879,1685,90,ITC,ITC3,7,Liguria,Liguria,1550640,138355,8.92,0.43
3467,2021-06-10,LIG,18844,9716,9128,13154,5655,35,ITC,ITC3,7,Liguria,Liguria,1550640,157199,10.14,1.22
3468,2021-03-19,LIG,5300,2235,3065,2095,3150,55,ITC,ITC3,7,Liguria,Liguria,1550640,162499,10.48,0.34
3469,2021-03-02,LIG,4078,1692,2386,3758,310,10,ITC,ITC3,7,Liguria,Liguria,1550640,166577,10.74,0.26
3470,2021-07-11,LIG,2149,1192,957,1235,903,11,ITC,ITC3,7,Liguria,Liguria,1550640,168726,10.88,0.14
3471,2021-06-24,LIG,11149,5441,5708,6273,4848,28,ITC,ITC3,7,Liguria,Liguria,1550640,179875,11.6,0.72
3472,2021-08-01,LIG,1489,856,633,152,1337,0,ITC,ITC3,7,Liguria,Liguria,1550640,181364,11.7,0.1
3473,2021-02-16,LIG,2428,957,1471,1995,425,8,ITC,ITC3,7,Liguria,Liguria,1550640,183792,11.85,0.16
3474,2021-07-23,LIG,19972,10288,9684,5142,14747,83,ITC,ITC3,7,Liguria,Liguria,1550640,203764,13.14,1.29
3475,2021-05-27,LIG,16994,8715,8279,12662,4167,165,ITC,ITC3,7,Liguria,Liguria,1550640,220758,14.24,1.1
3476,2021-04-14,LIG,13078,5673,7405,10750,2204,124,ITC,ITC3,7,Liguria,Liguria,1550640,233836,15.08,0.84
3477,2021-05-29,LIG,6870,3253,3617,3977,2874,19,ITC,ITC3,7,Liguria,Liguria,1550640,240706,15.52,0.44
3478,2021-03-26,LIG,9350,4037,5313,6085,3156,109,ITC,ITC3,7,Liguria,Liguria,1550640,250056,16.13,0.6
3479,2021-07-04,LIG,4855,2582,2273,3835,996,24,ITC,ITC3,7,Liguria,Liguria,1550640,254911,16.44,0.31
3480,2021-01-02,LIG,693,247,446,693,0,0,ITC,ITC3,7,Liguria,Liguria,1550640,255604,16.48,0.04
3481,2021-01-09,LIG,1338,484,854,1337,0,1,ITC,ITC3,7,Liguria,Liguria,1550640,256942,16.57,0.09
3482,2021-04-19,LIG,12841,5622,7219,8919,3833,89,ITC,ITC3,7,Liguria,Liguria,1550640,269783,17.4,0.83
3483,2021-07-13,LIG,13083,6436,6647,3488,9567,28,ITC,ITC3,7,Liguria,Liguria,1550640,282866,18.24,0.84
3484,2021-05-03,LIG,13266,5923,7343,6342,6821,103,ITC,ITC3,7,Liguria,Liguria,1550640,296132,19.1,0.86
3485,2021-08-11,LIG,13111,6716,6395,4799,8222,90,ITC,ITC3,7,Liguria,Liguria,1550640,309243,19.94,0.85
3486,2021-03-21,LIG,551,220,331,69,482,0,ITC,ITC3,7,Liguria,Liguria,1550640,309794,19.98,0.04
3487,2021-01-23,LIG,813,298,515,156,657,0,ITC,ITC3,7,Liguria,Liguria,1550640,310607,20.03,0.05
3488,2021-06-29,LIG,15188,7230,7958,8684,6448,56,ITC,ITC3,7,Liguria,Liguria,1550640,325795,21.01,0.98
3489,2021-05-17,LIG,12046,5527,6519,8646,3342,58,ITC,ITC3,7,Liguria,Liguria,1550640,337841,21.79,0.78
3490,2021-02-21,LIG,869,491,378,859,4,6,ITC,ITC3,7,Liguria,Liguria,1550640,338710,21.84,0.06
3491,2020-12-30,LIG,12,5,7,12,0,0,ITC,ITC3,7,Liguria,Liguria,1550640,338722,21.84,0.0
3492,2021-04-02,LIG,11793,5221,6572,9215,2487,91,ITC,ITC3,7,Liguria,Liguria,1550640,350515,22.6,0.76
3493,2021-04-21,LIG,14284,6456,7828,8853,5337,94,ITC,ITC3,7,Liguria,Liguria,1550640,364799,23.53,0.92
3494,2021-07-30,LIG,16043,8311,7732,4659,11315,69,ITC,ITC3,7,Liguria,Liguria,1550640,380842,24.56,1.03
3495,2021-08-13,LIG,10869,5613,5256,3950,6858,61,ITC,ITC3,7,Liguria,Liguria,1550640,391711,25.26,0.7
3496,2021-05-08,LIG,7537,3336,4201,2275,5223,39,ITC,ITC3,7,Liguria,Liguria,1550640,399248,25.75,0.49
3497,2021-01-25,LIG,2730,891,1839,474,2255,1,ITC,ITC3,7,Liguria,Liguria,1550640,401978,25.92,0.18
3498,2021-05-05,LIG,13723,6140,7583,5175,8462,86,ITC,ITC3,7,Liguria,Liguria,1550640,415701,26.81,0.88
3499,2020-12-28,LIG,80,30,50,80,0,0,ITC,ITC3,7,Liguria,Liguria,1550640,415781,26.81,0.01
3500,2021-06-03,LIG,15540,7703,7837,9131,6388,21,ITC,ITC3,7,Liguria,Liguria,1550640,431321,27.82,1.0
3501,2021-04-07,LIG,13689,6111,7578,11306,2291,92,ITC,ITC3,7,Liguria,Liguria,1550640,445010,28.7,0.88
3502,2021-02-23,LIG,3808,1559,2249,3658,109,41,ITC,ITC3,7,Liguria,Liguria,1550640,448818,28.94,0.25
3503,2021-08-10,LIG,13087,6537,6550,4293,8689,105,ITC,ITC3,7,Liguria,Liguria,1550640,461905,29.79,0.84
3504,2021-06-14,LIG,15153,7316,7837,8254,6870,29,ITC,ITC3,7,Liguria,Liguria,1550640,477058,30.77,0.98
3505,2021-07-25,LIG,6391,3261,3130,648,5734,9,ITC,ITC3,7,Liguria,Liguria,1550640,483449,31.18,0.41
3506,2021-02-09,LIG,1955,695,1260,264,1689,2,ITC,ITC3,7,Liguria,Liguria,1550640,485404,31.3,0.13
3507,2021-04-23,LIG,14697,6653,8044,8460,6128,109,ITC,ITC3,7,Liguria,Liguria,1550640,500101,32.25,0.95
3508,2021-01-30,LIG,1664,570,1094,23,1640,1,ITC,ITC3,7,Liguria,Liguria,1550640,501765,32.36,0.11
3509,2021-03-28,LIG,1142,511,631,378,752,12,ITC,ITC3,7,Liguria,Liguria,1550640,502907,32.43,0.07
3510,2021-08-15,LIG,1409,784,625,857,527,25,ITC,ITC3,7,Liguria,Liguria,1550640,504316,32.52,0.09
3511,2021-05-24,LIG,11881,5591,6290,9275,2509,97,ITC,ITC3,7,Liguria,Liguria,1550640,516197,33.29,0.77
3512,2021-05-07,LIG,13613,6044,7569,5733,7809,71,ITC,ITC3,7,Liguria,Liguria,1550640,529810,34.17,0.88
3513,2021-02-13,LIG,1081,508,573,798,280,3,ITC,ITC3,7,Liguria,Liguria,1550640,530891,34.24,0.07
3514,2021-06-07,LIG,15692,7660,8032,8641,7031,20,ITC,ITC3,7,Liguria,Liguria,1550640,546583,35.25,1.01
3515,2021-06-15,LIG,17391,8464,8927,9298,8061,32,ITC,ITC3,7,Liguria,Liguria,1550640,563974,36.37,1.12
3516,2021-03-07,LIG,1915,1138,777,1591,301,23,ITC,ITC3,7,Liguria,Liguria,1550640,565889,36.49,0.12
3517,2021-06-17,LIG,16702,7933,8769,9124,7534,44,ITC,ITC3,7,Liguria,Liguria,1550640,582591,37.57,1.08
3518,2021-07-29,LIG,17947,9173,8774,4411,13471,65,ITC,ITC3,7,Liguria,Liguria,1550640,600538,38.73,1.16
3519,2021-03-16,LIG,6088,2732,3356,2314,3734,40,ITC,ITC3,7,Liguria,Liguria,1550640,606626,39.12,0.39
3520,2021-06-26,LIG,7221,3358,3863,4471,2713,37,ITC,ITC3,7,Liguria,Liguria,1550640,613847,39.59,0.47
3521,2021-07-10,LIG,6898,3477,3421,2749,4129,20,ITC,ITC3,7,Liguria,Liguria,1550640,620745,40.03,0.44
3522,2021-04-04,LIG,764,369,395,505,251,8,ITC,ITC3,7,Liguria,Liguria,1550640,621509,40.08,0.05
3523,2021-04-18,LIG,2618,1165,1453,2077,469,72,ITC,ITC3,7,Liguria,Liguria,1550640,624127,40.25,0.17
3524,2021-07-27,LIG,17430,8886,8544,4363,13006,61,ITC,ITC3,7,Liguria,Liguria,1550640,641557,41.37,1.12
3525,2021-01-08,LIG,2936,1000,1936,2934,0,2,ITC,ITC3,7,Liguria,Liguria,1550640,644493,41.56,0.19
3526,2021-01-27,LIG,1746,604,1142,139,1606,1,ITC,ITC3,7,Liguria,Liguria,1550640,646239,41.68,0.11
3527,2021-05-21,LIG,12861,5965,6896,9596,3134,131,ITC,ITC3,7,Liguria,Liguria,1550640,659100,42.51,0.83
3528,2021-02-27,LIG,1888,921,967,1750,129,9,ITC,ITC3,7,Liguria,Liguria,1550640,660988,42.63,0.12
3529,2021-02-10,LIG,2321,837,1484,1014,1303,4,ITC,ITC3,7,Liguria,Liguria,1550640,663309,42.78,0.15
3530,2021-02-25,LIG,3458,1349,2109,3307,130,21,ITC,ITC3,7,Liguria,Liguria,1550640,666767,43.0,0.22
3531,2021-03-11,LIG,6407,3096,3311,4335,2013,59,ITC,ITC3,7,Liguria,Liguria,1550640,673174,43.41,0.41
3532,2021-01-13,LIG,2759,1014,1745,2758,0,1,ITC,ITC3,7,Liguria,Liguria,1550640,675933,43.59,0.18
3533,2021-01-04,LIG,2622,857,1765,2621,0,1,ITC,ITC3,7,Liguria,Liguria,1550640,678555,43.76,0.17
3534,2021-08-03,LIG,14104,7201,6903,3988,10044,72,ITC,ITC3,7,Liguria,Liguria,1550640,692659,44.67,0.91
3535,2021-06-21,LIG,14842,7039,7803,8553,6246,43,ITC,ITC3,7,Liguria,Liguria,1550640,707501,45.63,0.96
3536,2021-04-16,LIG,12005,5291,6714,10016,1830,159,ITC,ITC3,7,Liguria,Liguria,1550640,719506,46.4,0.77
3537,2021-01-06,LIG,1663,618,1045,1660,0,3,ITC,ITC3,7,Liguria,Liguria,1550640,721169,46.51,0.11
3538,2021-06-28,LIG,11611,5616,5995,7243,4308,60,ITC,ITC3,7,Liguria,Liguria,1550640,732780,47.26,0.75
3539,2021-03-20,LIG,2316,995,1321,1124,1174,18,ITC,ITC3,7,Liguria,Liguria,1550640,735096,47.41,0.15
3540,2021-06-30,LIG,15086,7196,7890,8222,6805,59,ITC,ITC3,7,Liguria,Liguria,1550640,750182,48.38,0.97
3541,2021-01-15,LIG,2264,756,1508,2259,0,5,ITC,ITC3,7,Liguria,Liguria,1550640,752446,48.52,0.15
3542,2021-04-25,LIG,1936,921,1015,1508,415,13,ITC,ITC3,7,Liguria,Liguria,1550640,754382,48.65,0.12
3543,2021-03-13,LIG,3850,1637,2213,2947,857,46,ITC,ITC3,7,Liguria,Liguria,1550640,758232,48.9,0.25
3544,2021-08-14,LIG,3196,1706,1490,897,2285,14,ITC,ITC3,7,Liguria,Liguria,1550640,761428,49.1,0.21
3545,2021-03-18,LIG,4988,2124,2864,1972,2981,35,ITC,ITC3,7,Liguria,Liguria,1550640,766416,49.43,0.32
3546,2021-04-01,LIG,12435,5515,6920,9578,2772,85,ITC,ITC3,7,Liguria,Liguria,1550640,778851,50.23,0.8
3547,2021-06-08,LIG,18109,9032,9077,11432,6648,29,ITC,ITC3,7,Liguria,Liguria,1550640,796960,51.4,1.17
3548,2021-03-17,LIG,5557,2371,3186,2453,3083,21,ITC,ITC3,7,Liguria,Liguria,1550640,802517,51.75,0.36
3549,2021-06-25,LIG,13845,6619,7226,6901,6915,29,ITC,ITC3,7,Liguria,Liguria,1550640,816362,52.65,0.89
3550,2021-07-14,LIG,11498,5661,5837,3441,8022,35,ITC,ITC3,7,Liguria,Liguria,1550640,827860,53.39,0.74
3551,2021-07-28,LIG,18439,9493,8946,5806,12525,108,ITC,ITC3,7,Liguria,Liguria,1550640,846299,54.58,1.19
3552,2021-05-06,LIG,14537,6445,8092,6068,8337,132,ITC,ITC3,7,Liguria,Liguria,1550640,860836,55.51,0.94
3553,2021-01-26,LIG,2490,809,1681,16,2474,0,ITC,ITC3,7,Liguria,Liguria,1550640,863326,55.68,0.16
3554,2021-02-06,LIG,1892,768,1124,145,1747,0,ITC,ITC3,7,Liguria,Liguria,1550640,865218,55.8,0.12
3555,2021-06-11,LIG,17847,9087,8760,11739,6077,31,ITC,ITC3,7,Liguria,Liguria,1550640,883065,56.95,1.15
3556,2021-04-15,LIG,11848,5240,6608,9890,1854,104,ITC,ITC3,7,Liguria,Liguria,1550640,894913,57.71,0.76
3557,2021-06-02,LIG,8537,4346,4191,5352,3175,10,ITC,ITC3,7,Liguria,Liguria,1550640,903450,58.26,0.55
3558,2021-06-19,LIG,7413,3776,3637,5710,1672,31,ITC,ITC3,7,Liguria,Liguria,1550640,910863,58.74,0.48
3559,2021-02-18,LIG,2771,1128,1643,2421,339,11,ITC,ITC3,7,Liguria,Liguria,1550640,913634,58.92,0.18
3560,2021-05-14,LIG,13156,5870,7286,8642,4337,177,ITC,ITC3,7,Liguria,Liguria,1550640,926790,59.77,0.85
3561,2021-05-31,LIG,14722,7382,7340,9118,5521,83,ITC,ITC3,7,Liguria,Liguria,1550640,941512,60.72,0.95
3562,2021-03-09,LIG,5938,2756,3182,4444,1432,62,ITC,ITC3,7,Liguria,Liguria,1550640,947450,61.1,0.38
3563,2021-02-20,LIG,1336,638,698,1330,1,5,ITC,ITC3,7,Liguria,Liguria,1550640,948786,61.19,0.09
3564,2021-08-07,LIG,5187,2649,2538,1118,4059,10,ITC,ITC3,7,Liguria,Liguria,1550640,953973,61.52,0.33
3565,2021-05-16,LIG,3708,1862,1846,2116,1566,26,ITC,ITC3,7,Liguria,Liguria,1550640,957681,61.76,0.24
3566,2021-02-22,LIG,3345,1476,1869,3192,143,10,ITC,ITC3,7,Liguria,Liguria,1550640,961026,61.98,0.22
3567,2021-06-23,LIG,14341,6861,7480,9098,5203,40,ITC,ITC3,7,Liguria,Liguria,1550640,975367,62.9,0.92
3568,2021-02-14,LIG,233,122,111,233,0,0,ITC,ITC3,7,Liguria,Liguria,1550640,975600,62.92,0.02
3569,2021-05-25,LIG,14274,6957,7317,10960,3189,125,ITC,ITC3,7,Liguria,Liguria,1550640,989874,63.84,0.92
3570,2021-03-22,LIG,7752,3473,4279,4738,2941,73,ITC,ITC3,7,Liguria,Liguria,1550640,997626,64.34,0.5
3571,2021-02-07,LIG,407,153,254,2,405,0,ITC,ITC3,7,Liguria,Liguria,1550640,998033,64.36,0.03
3572,2021-05-18,LIG,13495,6133,7362,10060,3312,123,ITC,ITC3,7,Liguria,Liguria,1550640,1011528,65.23,0.87
3573,2021-05-20,LIG,12948,6008,6940,8791,4036,121,ITC,ITC3,7,Liguria,Liguria,1550640,1024476,66.07,0.84
3574,2021-08-17,LIG,6403,3326,3077,2233,4127,43,ITC,ITC3,7,Liguria,Liguria,1550640,1030879,66.48,0.41
3575,2021-03-04,LIG,4740,2118,2622,3834,849,57,ITC,ITC3,7,Liguria,Liguria,1550640,1035619,66.79,0.31
3576,2021-06-12,LIG,10247,4985,5262,7470,2758,19,ITC,ITC3,7,Liguria,Liguria,1550640,1045866,67.45,0.66
3577,2021-04-30,LIG,14435,6447,7988,5759,8578,98,ITC,ITC3,7,Liguria,Liguria,1550640,1060301,68.38,0.93
3578,2021-03-06,LIG,3307,1843,1464,2553,706,48,ITC,ITC3,7,Liguria,Liguria,1550640,1063608,68.59,0.21
3579,2021-01-22,LIG,1823,605,1218,1333,487,3,ITC,ITC3,7,Liguria,Liguria,1550640,1065431,68.71,0.12
3580,2021-05-02,LIG,3980,1837,2143,503,3471,6,ITC,ITC3,7,Liguria,Liguria,1550640,1069411,68.97,0.26
3581,2021-05-04,LIG,13657,6092,7565,5356,8232,69,ITC,ITC3,7,Liguria,Liguria,1550640,1083068,69.85,0.88
3582,2021-08-12,LIG,12496,6420,6076,4598,7827,71,ITC,ITC3,7,Liguria,Liguria,1550640,1095564,70.65,0.81
3583,2021-05-09,LIG,2825,1244,1581,1085,1710,30,ITC,ITC3,7,Liguria,Liguria,1550640,1098389,70.83,0.18
3584,2021-01-29,LIG,3099,1069,2030,64,3035,0,ITC,ITC3,7,Liguria,Liguria,1550640,1101488,71.03,0.2
3585,2021-01-20,LIG,1558,556,1002,1545,12,1,ITC,ITC3,7,Liguria,Liguria,1550640,1103046,71.13,0.1
3586,2021-07-09,LIG,12831,6325,6506,4223,8577,31,ITC,ITC3,7,Liguria,Liguria,1550640,1115877,71.96,0.83
3587,2021-04-05,LIG,3980,1755,2225,2305,1649,26,ITC,ITC3,7,Liguria,Liguria,1550640,1119857,72.22,0.26
3588,2021-07-16,LIG,12616,6216,6400,3141,9430,45,ITC,ITC3,7,Liguria,Liguria,1550640,1132473,73.03,0.81
3589,2021-05-11,LIG,13938,6401,7537,7204,6626,108,ITC,ITC3,7,Liguria,Liguria,1550640,1146411,73.93,0.9
3590,2021-01-11,LIG,2658,994,1664,2656,0,2,ITC,ITC3,7,Liguria,Liguria,1550640,1149069,74.1,0.17
3591,2021-07-12,LIG,13415,6436,6979,4157,9221,37,ITC,ITC3,7,Liguria,Liguria,1550640,1162484,74.97,0.87
3592,2021-01-10,LIG,651,264,387,647,0,4,ITC,ITC3,7,Liguria,Liguria,1550640,1163135,75.01,0.04
3593,2021-04-20,LIG,14248,6525,7723,9737,4359,152,ITC,ITC3,7,Liguria,Liguria,1550640,1177383,75.93,0.92
3594,2021-05-23,LIG,2308,1121,1187,1171,1123,14,ITC,ITC3,7,Liguria,Liguria,1550640,1179691,76.08,0.15
3595,2021-03-01,LIG,3539,1447,2092,3383,136,20,ITC,ITC3,7,Liguria,Liguria,1550640,1183230,76.31,0.23
3596,2021-06-09,LIG,19070,9570,9500,12462,6568,40,ITC,ITC3,7,Liguria,Liguria,1550640,1202300,77.54,1.23
3597,2021-04-08,LIG,13789,6181,7608,11591,2047,151,ITC,ITC3,7,Liguria,Liguria,1550640,1216089,78.42,0.89
3598,2021-07-17,LIG,6512,3360,3152,1812,4690,10,ITC,ITC3,7,Liguria,Liguria,1550640,1222601,78.84,0.42
3599,2021-07-31,LIG,8248,4404,3844,1316,6918,14,ITC,ITC3,7,Liguria,Liguria,1550640,1230849,79.38,0.53
3600,2021-06-04,LIG,14795,7263,7532,9267,5497,31,ITC,ITC3,7,Liguria,Liguria,1550640,1245644,80.33,0.95
3601,2021-02-17,LIG,2696,1184,1512,2249,435,12,ITC,ITC3,7,Liguria,Liguria,1550640,1248340,80.5,0.17
3602,2021-07-24,LIG,11596,6035,5561,2325,9237,34,ITC,ITC3,7,Liguria,Liguria,1550640,1259936,81.25,0.75
3603,2021-05-28,LIG,16307,8146,8161,11608,4556,143,ITC,ITC3,7,Liguria,Liguria,1550640,1276243,82.3,1.05
3604,2021-07-19,LIG,12089,6025,6064,3363,8678,48,ITC,ITC3,7,Liguria,Liguria,1550640,1288332,83.08,0.78
3605,2021-08-05,LIG,14205,7337,6868,4122,10025,58,ITC,ITC3,7,Liguria,Liguria,1550640,1302537,84.0,0.92
3606,2021-04-27,LIG,14817,6699,8118,7148,7599,70,ITC,ITC3,7,Liguria,Liguria,1550640,1317354,84.96,0.96
3607,2021-02-03,LIG,2320,792,1528,51,2269,0,ITC,ITC3,7,Liguria,Liguria,1550640,1319674,85.11,0.15
3608,2021-07-21,LIG,19181,9505,9676,3827,15298,56,ITC,ITC3,7,Liguria,Liguria,1550640,1338855,86.34,1.24
3609,2021-04-29,LIG,15588,6981,8607,6617,8846,125,ITC,ITC3,7,Liguria,Liguria,1550640,1354443,87.35,1.01
3610,2021-04-12,LIG,12392,5478,6914,10277,2020,95,ITC,ITC3,7,Liguria,Liguria,1550640,1366835,88.15,0.8
3611,2021-01-19,LIG,1375,440,935,1281,90,4,ITC,ITC3,7,Liguria,Liguria,1550640,1368210,88.24,0.09
3612,2021-02-05,LIG,2740,994,1746,299,2440,1,ITC,ITC3,7,Liguria,Liguria,1550640,1370950,88.41,0.18
3613,2021-01-05,LIG,2880,896,1984,2880,0,0,ITC,ITC3,7,Liguria,Liguria,1550640,1373830,88.6,0.19
3614,2021-03-03,LIG,4580,1846,2734,3443,1027,110,ITC,ITC3,7,Liguria,Liguria,1550640,1378410,88.89,0.3
3615,2021-08-04,LIG,13811,6961,6850,3280,10454,77,ITC,ITC3,7,Liguria,Liguria,1550640,1392221,89.78,0.89
3616,2021-04-03,LIG,5410,2500,2910,4433,943,34,ITC,ITC3,7,Liguria,Liguria,1550640,1397631,90.13,0.35
3617,2021-01-28,LIG,2850,972,1878,39,2811,0,ITC,ITC3,7,Liguria,Liguria,1550640,1400481,90.32,0.18
3618,2021-03-29,LIG,10588,4624,5964,7351,3135,102,ITC,ITC3,7,Liguria,Liguria,1550640,1411069,91.0,0.68
3619,2021-01-31,LIG,624,270,354,4,620,0,ITC,ITC3,7,Liguria,Liguria,1550640,1411693,91.04,0.04
3620,2021-07-07,LIG,11772,5643,6129,4958,6770,44,ITC,ITC3,7,Liguria,Liguria,1550640,1423465,91.8,0.76
3621,2021-01-21,LIG,1109,385,724,677,431,1,ITC,ITC3,7,Liguria,Liguria,1550640,1424574,91.87,0.07
3622,2021-01-14,LIG,2983,1056,1927,2982,0,1,ITC,ITC3,7,Liguria,Liguria,1550640,1427557,92.06,0.19
3623,2021-02-24,LIG,3765,1561,2204,3453,258,54,ITC,ITC3,7,Liguria,Liguria,1550640,1431322,92.31,0.24
3624,2020-12-29,LIG,125,33,92,125,0,0,ITC,ITC3,7,Liguria,Liguria,1550640,1431447,92.31,0.01
3625,2021-01-12,LIG,2475,890,1585,2474,0,1,ITC,ITC3,7,Liguria,Liguria,1550640,1433922,92.47,0.16
3626,2021-04-22,LIG,13877,6216,7661,8652,5089,136,ITC,ITC3,7,Liguria,Liguria,1550640,1447799,93.37,0.89
3627,2021-01-24,LIG,760,240,520,116,644,0,ITC,ITC3,7,Liguria,Liguria,1550640,1448559,93.42,0.05
3628,2021-06-27,LIG,1946,893,1053,688,1248,10,ITC,ITC3,7,Liguria,Liguria,1550640,1450505,93.54,0.13
3629,2021-02-12,LIG,1940,690,1250,894,1045,1,ITC,ITC3,7,Liguria,Liguria,1550640,1452445,93.67,0.13
3630,2021-03-12,LIG,6219,2874,3345,3688,2472,59,ITC,ITC3,7,Liguria,Liguria,1550640,1458664,94.07,0.4
3631,2021-07-01,LIG,13555,6533,7022,7348,6156,51,ITC,ITC3,7,Liguria,Liguria,1550640,1472219,94.94,0.87
3632,2021-05-19,LIG,13579,5963,7616,10322,3125,132,ITC,ITC3,7,Liguria,Liguria,1550640,1485798,95.82,0.88
3633,2021-03-23,LIG,9288,4230,5058,5988,3213,87,ITC,ITC3,7,Liguria,Liguria,1550640,1495086,96.42,0.6
3634,2021-07-15,LIG,14758,7464,7294,5179,9488,91,ITC,ITC3,7,Liguria,Liguria,1550640,1509844,97.37,0.95
3635,2021-02-01,LIG,2583,936,1647,112,2471,0,ITC,ITC3,7,Liguria,Liguria,1550640,1512427,97.54,0.17
3636,2021-07-08,LIG,13639,6707,6932,6189,7394,56,ITC,ITC3,7,Liguria,Liguria,1550640,1526066,98.42,0.88
3637,2021-03-24,LIG,9182,4034,5148,5813,3288,81,ITC,ITC3,7,Liguria,Liguria,1550640,1535248,99.01,0.59
3638,2021-07-02,LIG,12977,6371,6606,6433,6498,46,ITC,ITC3,7,Liguria,Liguria,1550640,1548225,99.84,0.84
3639,2020-12-31,LIG,990,353,637,990,0,0,ITC,ITC3,7,Liguria,Liguria,1550640,1549215,99.91,0.06
3640,2021-04-10,LIG,7891,3561,4330,6894,914,83,ITC,ITC3,7,Liguria,Liguria,1550640,1557106,100.42,0.51
3641,2021-01-17,LIG,866,301,565,865,0,1,ITC,ITC3,7,Liguria,Liguria,1550640,1557972,100.47,0.06
3642,2021-08-16,LIG,9900,5121,4779,3784,6037,79,ITC,ITC3,7,Liguria,Liguria,1550640,1567872,101.11,0.64
3643,2021-03-15,LIG,7363,3118,4245,4502,2815,46,ITC,ITC3,7,Liguria,Liguria,1550640,1575235,101.59,0.47
3644,2021-05-12,LIG,12118,5491,6627,6612,5407,99,ITC,ITC3,7,Liguria,Liguria,1550640,1587353,102.37,0.78
3645,2021-05-26,LIG,16690,8428,8262,12161,4380,149,ITC,ITC3,7,Liguria,Liguria,1550640,1604043,103.44,1.08
3646,2021-03-30,LIG,12220,5429,6791,8746,3392,82,ITC,ITC3,7,Liguria,Liguria,1550640,1616263,104.23,0.79
3647,2021-04-06,LIG,13258,5904,7354,10890,2264,104,ITC,ITC3,7,Liguria,Liguria,1550640,1629521,105.09,0.86
3648,2021-02-08,LIG,1981,742,1239,300,1681,0,ITC,ITC3,7,Liguria,Liguria,1550640,1631502,105.21,0.13
3649,2020-12-27,LIG,135,56,79,134,0,1,ITC,ITC3,7,Liguria,Liguria,1550640,1631637,105.22,0.01
3650,2021-02-15,LIG,2264,839,1425,1854,399,11,ITC,ITC3,7,Liguria,Liguria,1550640,1633901,105.37,0.15
3651,2021-01-03,LIG,736,231,505,734,0,2,ITC,ITC3,7,Liguria,Liguria,1550640,1634637,105.42,0.05
3652,2021-07-26,LIG,17547,8946,8601,4715,12756,76,ITC,ITC3,7,Liguria,Liguria,1550640,1652184,106.55,1.13
3653,2021-01-07,LIG,3226,1096,2130,3223,0,3,ITC,ITC3,7,Liguria,Liguria,1550640,1655410,106.76,0.21
3654,2021-06-13,LIG,5627,2699,2928,5152,456,19,ITC,ITC3,7,Liguria,Liguria,1550640,1661037,107.12,0.36
3655,2021-04-17,LIG,7390,3218,4172,6567,753,70,ITC,ITC3,7,Liguria,Liguria,1550640,1668427,107.6,0.48
3656,2021-05-01,LIG,7150,3258,3892,1307,5806,37,ITC,ITC3,7,Liguria,Liguria,1550640,1675577,108.06,0.46
3657,2021-03-05,LIG,4871,2152,2719,3676,1133,62,ITC,ITC3,7,Liguria,Liguria,1550640,1680448,108.37,0.31
3658,2021-08-09,LIG,11939,6066,5873,4356,7492,91,ITC,ITC3,7,Liguria,Liguria,1550640,1692387,109.14,0.77
3659,2021-06-06,LIG,3815,2033,1782,2946,862,7,ITC,ITC3,7,Liguria,Liguria,1550640,1696202,109.39,0.25
3660,2021-04-24,LIG,8221,3797,4424,4978,3155,88,ITC,ITC3,7,Liguria,Liguria,1550640,1704423,109.92,0.53
3661,2021-02-26,LIG,3769,1524,2245,3415,329,25,ITC,ITC3,7,Liguria,Liguria,1550640,1708192,110.16,0.24
3662,2021-08-02,LIG,13061,6491,6570,2970,10035,56,ITC,ITC3,7,Liguria,Liguria,1550640,1721253,111.0,0.84
3663,2021-06-20,LIG,1335,658,677,1051,275,9,ITC,ITC3,7,Liguria,Liguria,1550640,1722588,111.09,0.09
3664,2021-07-03,LIG,8809,4361,4448,5471,3317,21,ITC,ITC3,7,Liguria,Liguria,1550640,1731397,111.66,0.57
3665,2021-04-11,LIG,4250,1930,2320,3947,249,54,ITC,ITC3,7,Liguria,Liguria,1550640,1735647,111.93,0.27
3666,2021-07-20,LIG,13953,6870,7083,2736,11175,42,ITC,ITC3,7,Liguria,Liguria,1550640,1749600,112.83,0.9
3667,2021-01-18,LIG,2144,747,1397,1985,157,2,ITC,ITC3,7,Liguria,Liguria,1550640,1751744,112.97,0.14
3668,2021-08-08,LIG,1203,646,557,542,657,4,ITC,ITC3,7,Liguria,Liguria,1550640,1752947,113.05,0.08
3669,2021-07-22,LIG,21379,10863,10516,4571,16727,81,ITC,ITC3,7,Liguria,Liguria,1550640,1774326,114.43,1.38
3670,2021-06-16,LIG,16391,7923,8468,9246,7112,33,ITC,ITC3,7,Liguria,Liguria,1550640,1790717,115.48,1.06
3671,2021-03-08,LIG,5631,2462,3169,3898,1692,41,ITC,ITC3,7,Liguria,Liguria,1550640,1796348,115.85,0.36
3672,2021-03-25,LIG,9776,4234,5542,6238,3392,146,ITC,ITC3,7,Liguria,Liguria,1550640,1806124,116.48,0.63
3673,2021-01-01,LIG,145,55,90,145,0,0,ITC,ITC3,7,Liguria,Liguria,1550640,1806269,116.49,0.01
3674,2021-03-27,LIG,3934,1549,2385,2486,1397,51,ITC,ITC3,7,Liguria,Liguria,1550640,1810203,116.74,0.25
3675,2021-07-05,LIG,11903,5769,6134,5338,6511,54,ITC,ITC3,7,Liguria,Liguria,1550640,1822106,117.51,0.77
3676,2021-04-13,LIG,13085,5872,7213,10946,2025,114,ITC,ITC3,7,Liguria,Liguria,1550640,1835191,118.35,0.84
3677,2021-05-13,LIG,13326,6092,7234,8902,4269,155,ITC,ITC3,7,Liguria,Liguria,1550640,1848517,119.21,0.86
3678,2021-02-19,LIG,3220,1307,1913,3025,176,19,ITC,ITC3,7,Liguria,Liguria,1550640,1851737,119.42,0.21
3679,2021-05-30,LIG,3302,1612,1690,1338,1945,19,ITC,ITC3,7,Liguria,Liguria,1550640,1855039,119.63,0.21
3680,2021-06-01,LIG,16344,8229,8115,10943,5371,30,ITC,ITC3,7,Liguria,Liguria,1550640,1871383,120.68,1.05
3681,2021-06-18,LIG,15420,7507,7913,8169,7217,34,ITC,ITC3,7,Liguria,Liguria,1550640,1886803,121.68,0.99
3682,2021-03-10,LIG,5918,2867,3051,3940,1913,65,ITC,ITC3,7,Liguria,Liguria,1550640,1892721,122.06,0.38
3683,2021-01-16,SAR,1493,527,966,1493,0,0,ITG,ITG2,20,Sardegna,Sardegna,1639591,1493,0.09,0.09
3684,2021-08-15,SAR,21,11,10,11,10,0,ITG,ITG2,20,Sardegna,Sardegna,1639591,1514,0.09,0.0
3685,2021-08-01,SAR,3054,1500,1554,1031,1987,36,ITG,ITG2,20,Sardegna,Sardegna,1639591,4568,0.28,0.19
3686,2021-04-23,SAR,12882,5755,7127,7247,5489,146,ITG,ITG2,20,Sardegna,Sardegna,1639591,17450,1.06,0.79
3687,2021-05-10,SAR,9868,4402,5466,7153,2541,174,ITG,ITG2,20,Sardegna,Sardegna,1639591,27318,1.67,0.6
3688,2021-01-30,SAR,3870,1394,2476,363,3507,0,ITG,ITG2,20,Sardegna,Sardegna,1639591,31188,1.9,0.24
3689,2021-06-19,SAR,15343,7514,7829,9119,6125,99,ITG,ITG2,20,Sardegna,Sardegna,1639591,46531,2.84,0.94
3690,2021-07-06,SAR,15936,7724,8212,4664,11173,99,ITG,ITG2,20,Sardegna,Sardegna,1639591,62467,3.81,0.97
3691,2021-03-28,SAR,4540,1796,2744,4393,78,69,ITG,ITG2,20,Sardegna,Sardegna,1639591,67007,4.09,0.28
3692,2021-01-04,SAR,588,215,373,588,0,0,ITG,ITG2,20,Sardegna,Sardegna,1639591,67595,4.12,0.04
3693,2021-02-11,SAR,1311,488,823,1200,111,0,ITG,ITG2,20,Sardegna,Sardegna,1639591,68906,4.2,0.08
3694,2021-05-24,SAR,14470,7256,7214,8355,5983,132,ITG,ITG2,20,Sardegna,Sardegna,1639591,83376,5.09,0.88
3695,2021-02-13,SAR,1447,562,885,1441,2,4,ITG,ITG2,20,Sardegna,Sardegna,1639591,84823,5.17,0.09
3696,2021-07-01,SAR,19834,9764,10070,7257,12484,93,ITG,ITG2,20,Sardegna,Sardegna,1639591,104657,6.38,1.21
3697,2021-03-23,SAR,6429,2890,3539,5182,1082,165,ITG,ITG2,20,Sardegna,Sardegna,1639591,111086,6.78,0.39
3698,2021-07-15,SAR,18779,9237,9542,4648,14031,100,ITG,ITG2,20,Sardegna,Sardegna,1639591,129865,7.92,1.15
3699,2021-08-03,SAR,14572,7506,7066,7515,6862,195,ITG,ITG2,20,Sardegna,Sardegna,1639591,144437,8.81,0.89
3700,2021-04-09,SAR,12326,5479,6847,7831,4364,131,ITG,ITG2,20,Sardegna,Sardegna,1639591,156763,9.56,0.75
3701,2021-07-20,SAR,16148,7930,8218,3653,12404,91,ITG,ITG2,20,Sardegna,Sardegna,1639591,172911,10.55,0.98
3702,2021-04-11,SAR,5399,2445,2954,4251,1121,27,ITG,ITG2,20,Sardegna,Sardegna,1639591,178310,10.88,0.33
3703,2021-06-07,SAR,12564,6144,6420,9437,3005,122,ITG,ITG2,20,Sardegna,Sardegna,1639591,190874,11.64,0.77
3704,2021-02-04,SAR,2272,815,1457,910,1359,3,ITG,ITG2,20,Sardegna,Sardegna,1639591,193146,11.78,0.14
3705,2021-04-02,SAR,8992,3550,5442,5592,3245,155,ITG,ITG2,20,Sardegna,Sardegna,1639591,202138,12.33,0.55
3706,2021-05-19,SAR,17042,8674,8368,12623,4254,165,ITG,ITG2,20,Sardegna,Sardegna,1639591,219180,13.37,1.04
3707,2021-06-05,SAR,17883,8438,9445,11285,6464,134,ITG,ITG2,20,Sardegna,Sardegna,1639591,237063,14.46,1.09
3708,2021-02-25,SAR,2898,1255,1643,2262,604,32,ITG,ITG2,20,Sardegna,Sardegna,1639591,239961,14.64,0.18
3709,2021-03-14,SAR,605,377,228,596,0,9,ITG,ITG2,20,Sardegna,Sardegna,1639591,240566,14.67,0.04
3710,2021-06-12,SAR,14758,7195,7563,9938,4702,118,ITG,ITG2,20,Sardegna,Sardegna,1639591,255324,15.57,0.9
3711,2021-03-04,SAR,4372,2300,2072,3058,1256,58,ITG,ITG2,20,Sardegna,Sardegna,1639591,259696,15.84,0.27
3712,2021-03-21,SAR,4038,1813,2225,2572,1440,26,ITG,ITG2,20,Sardegna,Sardegna,1639591,263734,16.09,0.25
3713,2021-08-08,SAR,1884,979,905,1020,841,23,ITG,ITG2,20,Sardegna,Sardegna,1639591,265618,16.2,0.11
3714,2021-06-26,SAR,19151,9011,10140,5454,13622,75,ITG,ITG2,20,Sardegna,Sardegna,1639591,284769,17.37,1.17
3715,2021-07-08,SAR,18443,8970,9473,3832,14526,85,ITG,ITG2,20,Sardegna,Sardegna,1639591,303212,18.49,1.12
3716,2021-07-25,SAR,4343,2142,2201,863,3465,15,ITG,ITG2,20,Sardegna,Sardegna,1639591,307555,18.76,0.26
3717,2021-04-16,SAR,14449,6492,7957,8941,5343,165,ITG,ITG2,20,Sardegna,Sardegna,1639591,322004,19.64,0.88
3718,2021-01-23,SAR,60,22,38,0,60,0,ITG,ITG2,20,Sardegna,Sardegna,1639591,322064,19.64,0.0
3719,2021-05-12,SAR,11143,5266,5877,7796,3139,208,ITG,ITG2,20,Sardegna,Sardegna,1639591,333207,20.32,0.68
3720,2020-12-28,SAR,66,26,40,66,0,0,ITG,ITG2,20,Sardegna,Sardegna,1639591,333273,20.33,0.0
3721,2021-06-14,SAR,13747,6642,7105,9790,3815,142,ITG,ITG2,20,Sardegna,Sardegna,1639591,347020,21.17,0.84
3722,2021-03-06,SAR,2637,1080,1557,782,1781,74,ITG,ITG2,20,Sardegna,Sardegna,1639591,349657,21.33,0.16
3723,2021-06-28,SAR,14994,7041,7953,3051,11877,66,ITG,ITG2,20,Sardegna,Sardegna,1639591,364651,22.24,0.91
3724,2021-05-29,SAR,17999,8651,9348,13235,4597,167,ITG,ITG2,20,Sardegna,Sardegna,1639591,382650,23.34,1.1
3725,2021-02-18,SAR,1876,731,1145,1774,64,38,ITG,ITG2,20,Sardegna,Sardegna,1639591,384526,23.45,0.11
3726,2021-05-31,SAR,11368,5409,5959,8159,3110,99,ITG,ITG2,20,Sardegna,Sardegna,1639591,395894,24.15,0.69
3727,2021-07-27,SAR,16531,8384,8147,4216,12204,111,ITG,ITG2,20,Sardegna,Sardegna,1639591,412425,25.15,1.01
3728,2021-04-18,SAR,5133,2226,2907,2230,2875,28,ITG,ITG2,20,Sardegna,Sardegna,1639591,417558,25.47,0.31
3729,2021-01-08,SAR,3261,1184,2077,3259,0,2,ITG,ITG2,20,Sardegna,Sardegna,1639591,420819,25.67,0.2
3730,2021-07-13,SAR,17807,8524,9283,3252,14477,78,ITG,ITG2,20,Sardegna,Sardegna,1639591,438626,26.75,1.09
3731,2021-04-04,SAR,2,1,1,0,2,0,ITG,ITG2,20,Sardegna,Sardegna,1639591,438628,26.75,0.0
3732,2021-05-07,SAR,14488,6639,7849,9713,4530,245,ITG,ITG2,20,Sardegna,Sardegna,1639591,453116,27.64,0.88
3733,2021-01-27,SAR,1415,498,917,78,1337,0,ITG,ITG2,20,Sardegna,Sardegna,1639591,454531,27.72,0.09
3734,2021-07-03,SAR,15842,7562,8280,3236,12575,31,ITG,ITG2,20,Sardegna,Sardegna,1639591,470373,28.69,0.97
3735,2021-03-25,SAR,9123,3979,5144,7685,1304,134,ITG,ITG2,20,Sardegna,Sardegna,1639591,479496,29.24,0.56
3736,2021-05-21,SAR,22644,11205,11439,16264,6100,280,ITG,ITG2,20,Sardegna,Sardegna,1639591,502140,30.63,1.38
3737,2021-01-13,SAR,575,179,396,575,0,0,ITG,ITG2,20,Sardegna,Sardegna,1639591,502715,30.66,0.04
3738,2021-07-17,SAR,12869,6301,6568,3178,9624,67,ITG,ITG2,20,Sardegna,Sardegna,1639591,515584,31.45,0.78
3739,2021-07-31,SAR,10319,5456,4863,5278,4961,80,ITG,ITG2,20,Sardegna,Sardegna,1639591,525903,32.08,0.63
3740,2021-04-30,SAR,11149,5308,5841,6756,4210,183,ITG,ITG2,20,Sardegna,Sardegna,1639591,537052,32.76,0.68
3741,2021-05-17,SAR,12817,6260,6557,9125,3545,147,ITG,ITG2,20,Sardegna,Sardegna,1639591,549869,33.54,0.78
3742,2021-02-06,SAR,1973,700,1273,564,1406,3,ITG,ITG2,20,Sardegna,Sardegna,1639591,551842,33.66,0.12
3743,2021-02-23,SAR,1567,1045,522,1270,280,17,ITG,ITG2,20,Sardegna,Sardegna,1639591,553409,33.75,0.1
3744,2021-07-24,SAR,12386,6386,6000,1996,10363,27,ITG,ITG2,20,Sardegna,Sardegna,1639591,565795,34.51,0.76
3745,2021-04-06,SAR,7473,3126,4347,4972,2430,71,ITG,ITG2,20,Sardegna,Sardegna,1639591,573268,34.96,0.46
3746,2020-12-27,SAR,65,34,31,65,0,0,ITG,ITG2,20,Sardegna,Sardegna,1639591,573333,34.97,0.0
3747,2021-04-25,SAR,4501,2272,2229,3674,781,46,ITG,ITG2,20,Sardegna,Sardegna,1639591,577834,35.24,0.27
3748,2021-01-15,SAR,1561,572,989,1559,0,2,ITG,ITG2,20,Sardegna,Sardegna,1639591,579395,35.34,0.1
3749,2021-08-17,SAR,8295,4308,3987,4449,3745,101,ITG,ITG2,20,Sardegna,Sardegna,1639591,587690,35.84,0.51
3750,2021-02-01,SAR,1525,607,918,224,1301,0,ITG,ITG2,20,Sardegna,Sardegna,1639591,589215,35.94,0.09
3751,2021-05-09,SAR,6125,2872,3253,5111,925,89,ITG,ITG2,20,Sardegna,Sardegna,1639591,595340,36.31,0.37
3752,2021-05-28,SAR,17956,8699,9257,13492,4276,188,ITG,ITG2,20,Sardegna,Sardegna,1639591,613296,37.41,1.1
3753,2021-02-17,SAR,1407,578,829,1274,74,59,ITG,ITG2,20,Sardegna,Sardegna,1639591,614703,37.49,0.09
3754,2021-05-25,SAR,15143,7705,7438,8489,6479,175,ITG,ITG2,20,Sardegna,Sardegna,1639591,629846,38.41,0.92
3755,2021-06-11,SAR,14781,7024,7757,9090,5538,153,ITG,ITG2,20,Sardegna,Sardegna,1639591,644627,39.32,0.9
3756,2021-03-03,SAR,4120,2283,1837,2740,1300,80,ITG,ITG2,20,Sardegna,Sardegna,1639591,648747,39.57,0.25
3757,2021-06-30,SAR,17772,8514,9258,4806,12885,81,ITG,ITG2,20,Sardegna,Sardegna,1639591,666519,40.65,1.08
3758,2021-03-22,SAR,3693,1495,2198,3100,514,79,ITG,ITG2,20,Sardegna,Sardegna,1639591,670212,40.88,0.23
3759,2021-04-08,SAR,13446,5935,7511,8213,5119,114,ITG,ITG2,20,Sardegna,Sardegna,1639591,683658,41.7,0.82
3760,2021-07-14,SAR,16909,8190,8719,3775,13023,111,ITG,ITG2,20,Sardegna,Sardegna,1639591,700567,42.73,1.03
3761,2020-12-29,SAR,57,32,25,57,0,0,ITG,ITG2,20,Sardegna,Sardegna,1639591,700624,42.73,0.0
3762,2021-04-22,SAR,10515,4667,5848,5500,4924,91,ITG,ITG2,20,Sardegna,Sardegna,1639591,711139,43.37,0.64
3763,2021-06-02,SAR,9787,4693,5094,8061,1640,86,ITG,ITG2,20,Sardegna,Sardegna,1639591,720926,43.97,0.6
3764,2021-07-29,SAR,17903,9048,8855,6528,11209,166,ITG,ITG2,20,Sardegna,Sardegna,1639591,738829,45.06,1.09
3765,2021-04-20,SAR,11008,4999,6009,7693,3220,95,ITG,ITG2,20,Sardegna,Sardegna,1639591,749837,45.73,0.67
3766,2021-06-16,SAR,17634,8277,9357,12164,5309,161,ITG,ITG2,20,Sardegna,Sardegna,1639591,767471,46.81,1.08
3767,2021-01-01,SAR,32,17,15,32,0,0,ITG,ITG2,20,Sardegna,Sardegna,1639591,767503,46.81,0.0
3768,2021-02-27,SAR,1918,644,1274,1318,559,41,ITG,ITG2,20,Sardegna,Sardegna,1639591,769421,46.93,0.12
3769,2021-07-22,SAR,18327,9261,9066,4503,13715,109,ITG,ITG2,20,Sardegna,Sardegna,1639591,787748,48.05,1.12
3770,2021-04-13,SAR,7626,3600,4026,5739,1826,61,ITG,ITG2,20,Sardegna,Sardegna,1639591,795374,48.51,0.47
3771,2021-06-09,SAR,15466,7368,8098,11574,3741,151,ITG,ITG2,20,Sardegna,Sardegna,1639591,810840,49.45,0.94
3772,2021-03-08,SAR,4688,2435,2253,3420,1222,46,ITG,ITG2,20,Sardegna,Sardegna,1639591,815528,49.74,0.29
3773,2021-05-04,SAR,9564,4399,5165,7541,1869,154,ITG,ITG2,20,Sardegna,Sardegna,1639591,825092,50.32,0.58
3774,2021-01-24,SAR,91,35,56,5,86,0,ITG,ITG2,20,Sardegna,Sardegna,1639591,825183,50.33,0.01
3775,2021-06-18,SAR,16488,7508,8980,8604,7769,115,ITG,ITG2,20,Sardegna,Sardegna,1639591,841671,51.33,1.01
3776,2021-03-10,SAR,6058,2958,3100,5135,853,70,ITG,ITG2,20,Sardegna,Sardegna,1639591,847729,51.7,0.37
3777,2021-08-14,SAR,1734,998,736,959,766,9,ITG,ITG2,20,Sardegna,Sardegna,1639591,849463,51.81,0.11
3778,2021-05-06,SAR,12969,6020,6949,9566,3156,247,ITG,ITG2,20,Sardegna,Sardegna,1639591,862432,52.6,0.79
3779,2021-01-12,SAR,866,408,458,866,0,0,ITG,ITG2,20,Sardegna,Sardegna,1639591,863298,52.65,0.05
3780,2021-05-11,SAR,8963,4187,4776,6401,2430,132,ITG,ITG2,20,Sardegna,Sardegna,1639591,872261,53.2,0.55
3781,2021-01-31,SAR,2122,752,1370,45,2077,0,ITG,ITG2,20,Sardegna,Sardegna,1639591,874383,53.33,0.13
3782,2021-02-14,SAR,538,263,275,536,2,0,ITG,ITG2,20,Sardegna,Sardegna,1639591,874921,53.36,0.03
3783,2021-07-18,SAR,5693,2873,2820,981,4702,10,ITG,ITG2,20,Sardegna,Sardegna,1639591,880614,53.71,0.35
3784,2021-04-05,SAR,2041,783,1258,2003,1,37,ITG,ITG2,20,Sardegna,Sardegna,1639591,882655,53.83,0.12
3785,2021-06-29,SAR,17891,8605,9286,3753,14089,49,ITG,ITG2,20,Sardegna,Sardegna,1639591,900546,54.93,1.09
3786,2021-03-18,SAR,7254,3073,4181,5573,1607,74,ITG,ITG2,20,Sardegna,Sardegna,1639591,907800,55.37,0.44
3787,2021-05-14,SAR,14580,6872,7708,10762,3644,174,ITG,ITG2,20,Sardegna,Sardegna,1639591,922380,56.26,0.89
3788,2021-02-03,SAR,1119,419,700,424,694,1,ITG,ITG2,20,Sardegna,Sardegna,1639591,923499,56.32,0.07
3789,2021-07-10,SAR,14242,6888,7354,2707,11502,33,ITG,ITG2,20,Sardegna,Sardegna,1639591,937741,57.19,0.87
3790,2021-04-01,SAR,10168,4076,6092,7008,3017,143,ITG,ITG2,20,Sardegna,Sardegna,1639591,947909,57.81,0.62
3791,2021-07-21,SAR,19397,9502,9895,3911,15402,84,ITG,ITG2,20,Sardegna,Sardegna,1639591,967306,59.0,1.18
3792,2021-08-10,SAR,14215,7494,6721,6246,7807,162,ITG,ITG2,20,Sardegna,Sardegna,1639591,981521,59.86,0.87
3793,2021-05-02,SAR,5973,2702,3271,5213,661,99,ITG,ITG2,20,Sardegna,Sardegna,1639591,987494,60.23,0.36
3794,2021-02-08,SAR,1469,533,936,852,616,1,ITG,ITG2,20,Sardegna,Sardegna,1639591,988963,60.32,0.09
3795,2021-08-12,SAR,12479,6614,5865,6628,5683,168,ITG,ITG2,20,Sardegna,Sardegna,1639591,1001442,61.08,0.76
3796,2021-01-20,SAR,210,77,133,208,2,0,ITG,ITG2,20,Sardegna,Sardegna,1639591,1001652,61.09,0.01
3797,2021-03-29,SAR,4743,1848,2895,4073,589,81,ITG,ITG2,20,Sardegna,Sardegna,1639591,1006395,61.38,0.29
3798,2021-04-15,SAR,11852,5541,6311,6779,4956,117,ITG,ITG2,20,Sardegna,Sardegna,1639591,1018247,62.1,0.72
3799,2021-01-05,SAR,1322,443,879,1322,0,0,ITG,ITG2,20,Sardegna,Sardegna,1639591,1019569,62.18,0.08
3800,2021-01-22,SAR,83,47,36,55,28,0,ITG,ITG2,20,Sardegna,Sardegna,1639591,1019652,62.19,0.01
3801,2021-03-01,SAR,2272,1158,1114,1583,660,29,ITG,ITG2,20,Sardegna,Sardegna,1639591,1021924,62.33,0.14
3802,2021-05-13,SAR,12383,5868,6515,8728,3447,208,ITG,ITG2,20,Sardegna,Sardegna,1639591,1034307,63.08,0.76
3803,2021-02-02,SAR,1501,670,831,257,1244,0,ITG,ITG2,20,Sardegna,Sardegna,1639591,1035808,63.17,0.09
3804,2021-05-15,SAR,13812,6430,7382,10196,3435,181,ITG,ITG2,20,Sardegna,Sardegna,1639591,1049620,64.02,0.84
3805,2021-07-11,SAR,6382,3120,3262,1427,4920,35,ITG,ITG2,20,Sardegna,Sardegna,1639591,1056002,64.41,0.39
3806,2021-01-26,SAR,1339,454,885,27,1312,0,ITG,ITG2,20,Sardegna,Sardegna,1639591,1057341,64.49,0.08
3807,2021-08-16,SAR,8466,4415,4051,4553,3798,115,ITG,ITG2,20,Sardegna,Sardegna,1639591,1065807,65.0,0.52
3808,2021-05-08,SAR,13097,5978,7119,10660,2287,150,ITG,ITG2,20,Sardegna,Sardegna,1639591,1078904,65.8,0.8
3809,2021-08-05,SAR,15654,8231,7423,8693,6801,160,ITG,ITG2,20,Sardegna,Sardegna,1639591,1094558,66.76,0.95
3810,2021-02-20,SAR,2040,854,1186,1683,334,23,ITG,ITG2,20,Sardegna,Sardegna,1639591,1096598,66.88,0.12
3811,2021-08-07,SAR,8212,4308,3904,5438,2706,68,ITG,ITG2,20,Sardegna,Sardegna,1639591,1104810,67.38,0.5
3812,2021-04-29,SAR,11126,5107,6019,6612,4357,157,ITG,ITG2,20,Sardegna,Sardegna,1639591,1115936,68.06,0.68
3813,2021-06-25,SAR,16509,7809,8700,3896,12556,57,ITG,ITG2,20,Sardegna,Sardegna,1639591,1132445,69.07,1.01
3814,2021-01-10,SAR,2182,749,1433,2180,0,2,ITG,ITG2,20,Sardegna,Sardegna,1639591,1134627,69.2,0.13
3815,2021-07-02,SAR,18935,8892,10043,4407,14431,97,ITG,ITG2,20,Sardegna,Sardegna,1639591,1153562,70.36,1.15
3816,2021-04-27,SAR,7630,3560,4070,5476,2044,110,ITG,ITG2,20,Sardegna,Sardegna,1639591,1161192,70.82,0.47
3817,2021-01-17,SAR,860,277,583,859,1,0,ITG,ITG2,20,Sardegna,Sardegna,1639591,1162052,70.87,0.05
3818,2021-03-15,SAR,2799,1317,1482,2384,374,41,ITG,ITG2,20,Sardegna,Sardegna,1639591,1164851,71.05,0.17
3819,2021-07-04,SAR,8207,3988,4219,2067,6125,15,ITG,ITG2,20,Sardegna,Sardegna,1639591,1173058,71.55,0.5
3820,2021-03-26,SAR,8470,3518,4952,6811,1528,131,ITG,ITG2,20,Sardegna,Sardegna,1639591,1181528,72.06,0.52
3821,2021-05-22,SAR,24938,11988,12950,19491,5143,304,ITG,ITG2,20,Sardegna,Sardegna,1639591,1206466,73.58,1.52
3822,2021-01-19,SAR,747,269,478,691,55,1,ITG,ITG2,20,Sardegna,Sardegna,1639591,1207213,73.63,0.05
3823,2021-03-17,SAR,6552,2848,3704,4906,1609,37,ITG,ITG2,20,Sardegna,Sardegna,1639591,1213765,74.03,0.4
3824,2021-06-27,SAR,9020,4310,4710,2957,6035,28,ITG,ITG2,20,Sardegna,Sardegna,1639591,1222785,74.58,0.55
3825,2021-03-24,SAR,7405,3111,4294,5908,1357,140,ITG,ITG2,20,Sardegna,Sardegna,1639591,1230190,75.03,0.45
3826,2021-05-26,SAR,15535,8190,7345,9702,5649,184,ITG,ITG2,20,Sardegna,Sardegna,1639591,1245725,75.98,0.95
3827,2021-02-15,SAR,957,349,608,920,31,6,ITG,ITG2,20,Sardegna,Sardegna,1639591,1246682,76.04,0.06
3828,2021-03-20,SAR,5197,2076,3121,2892,2278,27,ITG,ITG2,20,Sardegna,Sardegna,1639591,1251879,76.35,0.32
3829,2021-06-13,SAR,9502,4678,4824,6162,3260,80,ITG,ITG2,20,Sardegna,Sardegna,1639591,1261381,76.93,0.58
3830,2021-01-29,SAR,2959,1072,1887,45,2912,2,ITG,ITG2,20,Sardegna,Sardegna,1639591,1264340,77.11,0.18
3831,2021-08-02,SAR,13117,6602,6515,6210,6729,178,ITG,ITG2,20,Sardegna,Sardegna,1639591,1277457,77.91,0.8
3832,2021-02-10,SAR,1961,766,1195,1435,520,6,ITG,ITG2,20,Sardegna,Sardegna,1639591,1279418,78.03,0.12
3833,2021-07-26,SAR,14598,7287,7311,4122,10399,77,ITG,ITG2,20,Sardegna,Sardegna,1639591,1294016,78.92,0.89
3834,2021-04-17,SAR,10086,4503,5583,5401,4604,81,ITG,ITG2,20,Sardegna,Sardegna,1639591,1304102,79.54,0.62
3835,2021-01-03,SAR,90,36,54,90,0,0,ITG,ITG2,20,Sardegna,Sardegna,1639591,1304192,79.54,0.01
3836,2021-07-07,SAR,15909,7730,8179,4086,11771,52,ITG,ITG2,20,Sardegna,Sardegna,1639591,1320101,80.51,0.97
3837,2021-06-22,SAR,19342,8991,10351,7168,12073,101,ITG,ITG2,20,Sardegna,Sardegna,1639591,1339443,81.69,1.18
3838,2021-07-09,SAR,15877,7598,8279,3431,12364,82,ITG,ITG2,20,Sardegna,Sardegna,1639591,1355320,82.66,0.97
3839,2021-03-31,SAR,10264,4154,6110,7704,2432,128,ITG,ITG2,20,Sardegna,Sardegna,1639591,1365584,83.29,0.63
3840,2021-04-12,SAR,6998,3182,3816,5216,1713,69,ITG,ITG2,20,Sardegna,Sardegna,1639591,1372582,83.71,0.43
3841,2021-01-02,SAR,60,21,39,60,0,0,ITG,ITG2,20,Sardegna,Sardegna,1639591,1372642,83.72,0.0
3842,2021-06-08,SAR,14838,7073,7765,11172,3511,155,ITG,ITG2,20,Sardegna,Sardegna,1639591,1387480,84.62,0.9
3843,2021-02-28,SAR,367,169,198,139,226,2,ITG,ITG2,20,Sardegna,Sardegna,1639591,1387847,84.65,0.02
3844,2021-08-04,SAR,16216,8528,7688,9600,6353,263,ITG,ITG2,20,Sardegna,Sardegna,1639591,1404063,85.63,0.99
3845,2021-04-26,SAR,6862,3277,3585,5866,903,93,ITG,ITG2,20,Sardegna,Sardegna,1639591,1410925,86.05,0.42
3846,2021-01-28,SAR,2975,1045,1930,68,2907,0,ITG,ITG2,20,Sardegna,Sardegna,1639591,1413900,86.23,0.18
3847,2021-05-27,SAR,17828,9264,8564,12083,5536,209,ITG,ITG2,20,Sardegna,Sardegna,1639591,1431728,87.32,1.09
3848,2021-02-16,SAR,699,289,410,663,27,9,ITG,ITG2,20,Sardegna,Sardegna,1639591,1432427,87.36,0.04
3849,2021-03-09,SAR,5538,2743,2795,4747,727,64,ITG,ITG2,20,Sardegna,Sardegna,1639591,1437965,87.7,0.34
3850,2021-08-13,SAR,9935,5410,4525,6306,3510,119,ITG,ITG2,20,Sardegna,Sardegna,1639591,1447900,88.31,0.61
3851,2021-05-05,SAR,10195,4655,5540,7951,2037,207,ITG,ITG2,20,Sardegna,Sardegna,1639591,1458095,88.93,0.62
3852,2021-03-02,SAR,3041,1631,1410,1814,1154,73,ITG,ITG2,20,Sardegna,Sardegna,1639591,1461136,89.12,0.19
3853,2021-04-28,SAR,9026,4284,4742,5167,3710,149,ITG,ITG2,20,Sardegna,Sardegna,1639591,1470162,89.67,0.55
3854,2021-01-18,SAR,903,324,579,779,124,0,ITG,ITG2,20,Sardegna,Sardegna,1639591,1471065,89.72,0.06
3855,2021-06-24,SAR,19199,9214,9985,8114,10983,102,ITG,ITG2,20,Sardegna,Sardegna,1639591,1490264,90.89,1.17
3856,2021-03-16,SAR,4398,1954,2444,3434,922,42,ITG,ITG2,20,Sardegna,Sardegna,1639591,1494662,91.16,0.27
3857,2021-06-01,SAR,14324,6657,7667,9639,4590,95,ITG,ITG2,20,Sardegna,Sardegna,1639591,1508986,92.03,0.87
3858,2021-02-21,SAR,1588,709,879,1557,30,1,ITG,ITG2,20,Sardegna,Sardegna,1639591,1510574,92.13,0.1
3859,2021-07-28,SAR,16794,8620,8174,6319,10327,148,ITG,ITG2,20,Sardegna,Sardegna,1639591,1527368,93.16,1.02
3860,2021-04-19,SAR,10189,4625,5564,8624,1429,136,ITG,ITG2,20,Sardegna,Sardegna,1639591,1537557,93.78,0.62
3861,2021-01-09,SAR,4014,1415,2599,4014,0,0,ITG,ITG2,20,Sardegna,Sardegna,1639591,1541571,94.02,0.24
3862,2021-06-15,SAR,14693,6809,7884,9818,4741,134,ITG,ITG2,20,Sardegna,Sardegna,1639591,1556264,94.92,0.9
3863,2021-03-07,SAR,1658,751,907,1113,541,4,ITG,ITG2,20,Sardegna,Sardegna,1639591,1557922,95.02,0.1
3864,2021-03-05,SAR,5210,2607,2603,2815,2357,38,ITG,ITG2,20,Sardegna,Sardegna,1639591,1563132,95.34,0.32
3865,2021-03-19,SAR,7263,3045,4218,4992,2217,54,ITG,ITG2,20,Sardegna,Sardegna,1639591,1570395,95.78,0.44
3866,2021-07-16,SAR,16937,8477,8460,4553,12250,134,ITG,ITG2,20,Sardegna,Sardegna,1639591,1587332,96.81,1.03
3867,2021-04-21,SAR,12080,5555,6525,6439,5540,101,ITG,ITG2,20,Sardegna,Sardegna,1639591,1599412,97.55,0.74
3868,2021-01-11,SAR,1185,506,679,1184,0,1,ITG,ITG2,20,Sardegna,Sardegna,1639591,1600597,97.62,0.07
3869,2021-06-17,SAR,18464,8532,9932,9919,8424,121,ITG,ITG2,20,Sardegna,Sardegna,1639591,1619061,98.75,1.13
3870,2021-01-25,SAR,591,214,377,22,569,0,ITG,ITG2,20,Sardegna,Sardegna,1639591,1619652,98.78,0.04
3871,2021-05-16,SAR,8224,3833,4391,5985,2161,78,ITG,ITG2,20,Sardegna,Sardegna,1639591,1627876,99.29,0.5
3872,2021-07-12,SAR,15337,7413,7924,2404,12877,56,ITG,ITG2,20,Sardegna,Sardegna,1639591,1643213,100.22,0.94
3873,2021-06-03,SAR,16397,7644,8753,10565,5691,141,ITG,ITG2,20,Sardegna,Sardegna,1639591,1659610,101.22,1.0
3874,2021-06-20,SAR,6292,2805,3487,3636,2624,32,ITG,ITG2,20,Sardegna,Sardegna,1639591,1665902,101.6,0.38
3875,2021-03-12,SAR,5974,2619,3355,4518,1308,148,ITG,ITG2,20,Sardegna,Sardegna,1639591,1671876,101.97,0.36
3876,2021-04-07,SAR,13554,6053,7501,7827,5656,71,ITG,ITG2,20,Sardegna,Sardegna,1639591,1685430,102.8,0.83
3877,2021-04-24,SAR,10371,4852,5519,7889,2351,131,ITG,ITG2,20,Sardegna,Sardegna,1639591,1695801,103.43,0.63
3878,2021-01-14,SAR,1105,425,680,1105,0,0,ITG,ITG2,20,Sardegna,Sardegna,1639591,1696906,103.5,0.07
3879,2021-07-05,SAR,15585,7571,8014,3327,12209,49,ITG,ITG2,20,Sardegna,Sardegna,1639591,1712491,104.45,0.95
3880,2021-02-05,SAR,1902,751,1151,430,1470,2,ITG,ITG2,20,Sardegna,Sardegna,1639591,1714393,104.56,0.12
3881,2021-04-03,SAR,4679,1811,2868,2640,1971,68,ITG,ITG2,20,Sardegna,Sardegna,1639591,1719072,104.85,0.29
3882,2021-05-30,SAR,9728,4837,4891,7300,2358,70,ITG,ITG2,20,Sardegna,Sardegna,1639591,1728800,105.44,0.59
3883,2021-02-19,SAR,1503,473,1030,1401,56,46,ITG,ITG2,20,Sardegna,Sardegna,1639591,1730303,105.53,0.09
3884,2021-03-27,SAR,5734,2192,3542,5223,422,89,ITG,ITG2,20,Sardegna,Sardegna,1639591,1736037,105.88,0.35
3885,2021-05-23,SAR,9970,4811,5159,7626,2246,98,ITG,ITG2,20,Sardegna,Sardegna,1639591,1746007,106.49,0.61
3886,2021-02-12,SAR,2239,934,1305,2174,59,6,ITG,ITG2,20,Sardegna,Sardegna,1639591,1748246,106.63,0.14
3887,2021-07-19,SAR,15236,7634,7602,2796,12390,50,ITG,ITG2,20,Sardegna,Sardegna,1639591,1763482,107.56,0.93
3888,2021-04-10,SAR,10499,4752,5747,8453,1942,104,ITG,ITG2,20,Sardegna,Sardegna,1639591,1773981,108.2,0.64
3889,2021-01-07,SAR,3107,1072,2035,3103,0,4,ITG,ITG2,20,Sardegna,Sardegna,1639591,1777088,108.39,0.19
3890,2021-06-10,SAR,17811,8478,9333,11643,6042,126,ITG,ITG2,20,Sardegna,Sardegna,1639591,1794899,109.47,1.09
3891,2021-08-06,SAR,13824,7175,6649,7993,5660,171,ITG,ITG2,20,Sardegna,Sardegna,1639591,1808723,110.32,0.84
3892,2020-12-31,SAR,32,16,16,32,0,0,ITG,ITG2,20,Sardegna,Sardegna,1639591,1808755,110.32,0.0
3893,2021-07-30,SAR,15201,7855,7346,6621,8414,166,ITG,ITG2,20,Sardegna,Sardegna,1639591,1823956,111.24,0.93
3894,2021-02-22,SAR,1638,948,690,1384,228,26,ITG,ITG2,20,Sardegna,Sardegna,1639591,1825594,111.34,0.1
3895,2021-03-11,SAR,6425,3092,3333,5149,1201,75,ITG,ITG2,20,Sardegna,Sardegna,1639591,1832019,111.74,0.39
3896,2021-06-04,SAR,14494,6938,7556,9777,4558,159,ITG,ITG2,20,Sardegna,Sardegna,1639591,1846513,112.62,0.88
3897,2021-06-21,SAR,14021,6734,7287,5121,8827,73,ITG,ITG2,20,Sardegna,Sardegna,1639591,1860534,113.48,0.86
3898,2021-03-13,SAR,2756,1075,1681,2436,281,39,ITG,ITG2,20,Sardegna,Sardegna,1639591,1863290,113.64,0.17
3899,2021-03-30,SAR,8772,3589,5183,6350,2275,147,ITG,ITG2,20,Sardegna,Sardegna,1639591,1872062,114.18,0.54
3900,2021-01-06,SAR,1617,547,1070,1617,0,0,ITG,ITG2,20,Sardegna,Sardegna,1639591,1873679,114.28,0.1
3901,2021-06-23,SAR,20547,9667,10880,6193,14261,93,ITG,ITG2,20,Sardegna,Sardegna,1639591,1894226,115.53,1.25
3902,2021-08-09,SAR,13415,6973,6442,6475,6794,146,ITG,ITG2,20,Sardegna,Sardegna,1639591,1907641,116.35,0.82
3903,2021-05-18,SAR,14763,7381,7382,9431,5209,123,ITG,ITG2,20,Sardegna,Sardegna,1639591,1922404,117.25,0.9
3904,2021-02-24,SAR,2421,1298,1123,2184,194,43,ITG,ITG2,20,Sardegna,Sardegna,1639591,1924825,117.4,0.15
3905,2021-06-06,SAR,10035,5001,5034,6315,3651,69,ITG,ITG2,20,Sardegna,Sardegna,1639591,1934860,118.01,0.61
3906,2021-07-23,SAR,15753,7783,7970,3399,12276,78,ITG,ITG2,20,Sardegna,Sardegna,1639591,1950613,118.97,0.96
3907,2021-04-14,SAR,8268,3910,4358,6967,1239,62,ITG,ITG2,20,Sardegna,Sardegna,1639591,1958881,119.47,0.5
3908,2021-05-01,SAR,9924,4768,5156,5368,4457,99,ITG,ITG2,20,Sardegna,Sardegna,1639591,1968805,120.08,0.61
3909,2021-01-21,SAR,127,61,66,94,33,0,ITG,ITG2,20,Sardegna,Sardegna,1639591,1968932,120.09,0.01
3910,2021-02-07,SAR,1120,396,724,227,892,1,ITG,ITG2,20,Sardegna,Sardegna,1639591,1970052,120.16,0.07
3911,2021-08-11,SAR,11925,6361,5564,6145,5600,180,ITG,ITG2,20,Sardegna,Sardegna,1639591,1981977,120.88,0.73
3912,2021-05-03,SAR,8202,3830,4372,6492,1600,110,ITG,ITG2,20,Sardegna,Sardegna,1639591,1990179,121.38,0.5
3913,2021-05-20,SAR,16372,7884,8488,11268,4899,205,ITG,ITG2,20,Sardegna,Sardegna,1639591,2006551,122.38,1.0
3914,2021-02-09,SAR,2287,835,1452,1284,998,5,ITG,ITG2,20,Sardegna,Sardegna,1639591,2008838,122.52,0.14
3915,2021-02-26,SAR,2801,1105,1696,2444,306,51,ITG,ITG2,20,Sardegna,Sardegna,1639591,2011639,122.69,0.17
3916,2021-06-07,PIE,34906,17868,17038,29492,4801,613,ITC,ITC1,1,Piemonte,Piemonte,4356406,34906,0.8,0.8
3917,2021-08-03,PIE,30079,15742,14337,9293,20359,427,ITC,ITC1,1,Piemonte,Piemonte,4356406,64985,1.49,0.69
3918,2021-07-06,PIE,38281,19388,18893,8644,29101,536,ITC,ITC1,1,Piemonte,Piemonte,4356406,103266,2.37,0.88
3919,2021-03-28,PIE,16062,6897,9165,8116,7619,327,ITC,ITC1,1,Piemonte,Piemonte,4356406,119328,2.74,0.37
3920,2021-07-20,PIE,39033,20534,18499,5734,32733,566,ITC,ITC1,1,Piemonte,Piemonte,4356406,158361,3.64,0.9
3921,2021-04-11,PIE,20831,9321,11510,18221,2150,460,ITC,ITC1,1,Piemonte,Piemonte,4356406,179192,4.11,0.48
3922,2021-01-04,PIE,5564,1679,3885,5563,0,1,ITC,ITC1,1,Piemonte,Piemonte,4356406,184756,4.24,0.13
3923,2021-04-28,PIE,26057,11744,14313,15467,10050,540,ITC,ITC1,1,Piemonte,Piemonte,4356406,210813,4.84,0.6
3924,2021-01-18,PIE,6168,2046,4122,5914,250,4,ITC,ITC1,1,Piemonte,Piemonte,4356406,216981,4.98,0.14
3925,2021-08-15,PIE,6539,3607,2932,5005,1268,266,ITC,ITC1,1,Piemonte,Piemonte,4356406,223520,5.13,0.15
3926,2021-05-24,PIE,28992,13423,15569,16635,11975,382,ITC,ITC1,1,Piemonte,Piemonte,4356406,252512,5.8,0.67
3927,2021-03-02,PIE,11319,4613,6706,10317,813,189,ITC,ITC1,1,Piemonte,Piemonte,4356406,263831,6.06,0.26
3928,2021-03-23,PIE,13197,5566,7631,6637,6244,316,ITC,ITC1,1,Piemonte,Piemonte,4356406,277028,6.36,0.3
3929,2021-01-16,PIE,7762,2624,5138,7755,0,7,ITC,ITC1,1,Piemonte,Piemonte,4356406,284790,6.54,0.18
3930,2021-07-08,PIE,40961,20953,20008,7437,32962,562,ITC,ITC1,1,Piemonte,Piemonte,4356406,325751,7.48,0.94
3931,2021-06-19,PIE,40068,20323,19745,22859,16664,545,ITC,ITC1,1,Piemonte,Piemonte,4356406,365819,8.4,0.92
3932,2021-02-04,PIE,10212,3344,6868,581,9629,2,ITC,ITC1,1,Piemonte,Piemonte,4356406,376031,8.63,0.23
3933,2021-05-19,PIE,33111,15282,17829,21394,11132,585,ITC,ITC1,1,Piemonte,Piemonte,4356406,409142,9.39,0.76
3934,2021-03-14,PIE,8205,3338,4867,5172,2897,136,ITC,ITC1,1,Piemonte,Piemonte,4356406,417347,9.58,0.19
3935,2021-05-10,PIE,29026,14010,15016,15283,13130,613,ITC,ITC1,1,Piemonte,Piemonte,4356406,446373,10.25,0.67
3936,2021-01-30,PIE,5989,2142,3847,216,5772,1,ITC,ITC1,1,Piemonte,Piemonte,4356406,452362,10.38,0.14
3937,2021-06-24,PIE,39207,19681,19526,18295,20322,590,ITC,ITC1,1,Piemonte,Piemonte,4356406,491569,11.28,0.9
3938,2021-03-16,PIE,10519,4271,6248,4367,6059,93,ITC,ITC1,1,Piemonte,Piemonte,4356406,502088,11.53,0.24
3939,2021-05-12,PIE,31907,15194,16713,18360,12925,622,ITC,ITC1,1,Piemonte,Piemonte,4356406,533995,12.26,0.73
3940,2021-07-15,PIE,42524,21987,20537,4073,37994,457,ITC,ITC1,1,Piemonte,Piemonte,4356406,576519,13.23,0.98
3941,2021-08-01,PIE,27085,14346,12739,8401,18262,422,ITC,ITC1,1,Piemonte,Piemonte,4356406,603604,13.86,0.62
3942,2021-04-23,PIE,27434,12601,14833,19978,6765,691,ITC,ITC1,1,Piemonte,Piemonte,4356406,631038,14.49,0.63
3943,2021-05-17,PIE,30959,14624,16335,17364,13188,407,ITC,ITC1,1,Piemonte,Piemonte,4356406,661997,15.2,0.71
3944,2021-02-06,PIE,7996,2665,5331,396,7598,2,ITC,ITC1,1,Piemonte,Piemonte,4356406,669993,15.38,0.18
3945,2021-02-23,PIE,9241,3718,5523,8483,584,174,ITC,ITC1,1,Piemonte,Piemonte,4356406,679234,15.59,0.21
3946,2021-05-31,PIE,29121,14065,15056,20132,8581,408,ITC,ITC1,1,Piemonte,Piemonte,4356406,708355,16.26,0.67
3947,2021-06-17,PIE,41120,20640,20480,24163,16345,612,ITC,ITC1,1,Piemonte,Piemonte,4356406,749475,17.2,0.94
3948,2021-03-09,PIE,14308,5730,8578,11734,2344,230,ITC,ITC1,1,Piemonte,Piemonte,4356406,763783,17.53,0.33
3949,2020-12-28,PIE,1,1,0,1,0,0,ITC,ITC1,1,Piemonte,Piemonte,4356406,763784,17.53,0.0
3950,2021-07-27,PIE,33723,17619,16104,8216,24951,556,ITC,ITC1,1,Piemonte,Piemonte,4356406,797507,18.31,0.77
3951,2021-05-02,PIE,25140,11287,13853,14002,10745,393,ITC,ITC1,1,Piemonte,Piemonte,4356406,822647,18.88,0.58
3952,2021-06-12,PIE,42604,22461,20143,39199,2627,778,ITC,ITC1,1,Piemonte,Piemonte,4356406,865251,19.86,0.98
3953,2021-07-12,PIE,39173,20207,18966,4548,34159,466,ITC,ITC1,1,Piemonte,Piemonte,4356406,904424,20.76,0.9
3954,2021-07-29,PIE,36573,19010,17563,9307,26618,648,ITC,ITC1,1,Piemonte,Piemonte,4356406,940997,21.6,0.84
3955,2021-04-20,PIE,25491,11673,13818,18523,6348,620,ITC,ITC1,1,Piemonte,Piemonte,4356406,966488,22.19,0.59
3956,2021-08-08,PIE,20203,10802,9401,8991,10905,307,ITC,ITC1,1,Piemonte,Piemonte,4356406,986691,22.65,0.46
3957,2021-04-30,PIE,31941,14370,17571,17929,13334,678,ITC,ITC1,1,Piemonte,Piemonte,4356406,1018632,23.38,0.73
3958,2021-06-02,PIE,26715,13071,13644,21629,4645,441,ITC,ITC1,1,Piemonte,Piemonte,4356406,1045347,24.0,0.61
3959,2021-02-22,PIE,8481,3470,5011,7789,589,103,ITC,ITC1,1,Piemonte,Piemonte,4356406,1053828,24.19,0.19
3960,2021-01-23,PIE,4258,1326,2932,878,3378,2,ITC,ITC1,1,Piemonte,Piemonte,4356406,1058086,24.29,0.1
3961,2021-03-21,PIE,10726,4740,5986,4022,6534,170,ITC,ITC1,1,Piemonte,Piemonte,4356406,1068812,24.53,0.25
3962,2021-08-13,PIE,19824,10577,9247,11990,7186,648,ITC,ITC1,1,Piemonte,Piemonte,4356406,1088636,24.99,0.46
3963,2021-05-05,PIE,34651,16231,18420,20312,13659,680,ITC,ITC1,1,Piemonte,Piemonte,4356406,1123287,25.78,0.8
3964,2021-07-01,PIE,41897,20973,20924,19770,21127,1000,ITC,ITC1,1,Piemonte,Piemonte,4356406,1165184,26.75,0.96
3965,2021-02-08,PIE,6919,2354,4565,661,6254,4,ITC,ITC1,1,Piemonte,Piemonte,4356406,1172103,26.91,0.16
3966,2021-02-27,PIE,12679,4847,7832,12112,336,231,ITC,ITC1,1,Piemonte,Piemonte,4356406,1184782,27.2,0.29
3967,2021-04-25,PIE,20234,9308,10926,17280,2501,453,ITC,ITC1,1,Piemonte,Piemonte,4356406,1205016,27.66,0.46
3968,2021-01-15,PIE,9107,3007,6100,9101,0,6,ITC,ITC1,1,Piemonte,Piemonte,4356406,1214123,27.87,0.21
3969,2021-06-21,PIE,38443,19220,19223,17120,20766,557,ITC,ITC1,1,Piemonte,Piemonte,4356406,1252566,28.75,0.88
3970,2021-03-13,PIE,13025,4715,8310,11326,1430,269,ITC,ITC1,1,Piemonte,Piemonte,4356406,1265591,29.05,0.3
3971,2021-01-01,PIE,1040,396,644,1039,0,1,ITC,ITC1,1,Piemonte,Piemonte,4356406,1266631,29.08,0.02
3972,2021-07-05,PIE,35577,17797,17780,11688,23218,671,ITC,ITC1,1,Piemonte,Piemonte,4356406,1302208,29.89,0.82
3973,2021-06-26,PIE,41178,20955,20223,21924,18556,698,ITC,ITC1,1,Piemonte,Piemonte,4356406,1343386,30.84,0.95
3974,2021-07-13,PIE,38847,20045,18802,3655,34861,331,ITC,ITC1,1,Piemonte,Piemonte,4356406,1382233,31.73,0.89
3975,2021-04-04,PIE,9252,4057,5195,6391,2710,151,ITC,ITC1,1,Piemonte,Piemonte,4356406,1391485,31.94,0.21
3976,2021-04-21,PIE,25752,11836,13916,19736,5354,662,ITC,ITC1,1,Piemonte,Piemonte,4356406,1417237,32.53,0.59
3977,2021-01-11,PIE,8742,2979,5763,8736,0,6,ITC,ITC1,1,Piemonte,Piemonte,4356406,1425979,32.73,0.2
3978,2021-03-11,PIE,14015,5306,8709,10669,3096,250,ITC,ITC1,1,Piemonte,Piemonte,4356406,1439994,33.05,0.32
3979,2021-03-25,PIE,17131,7267,9864,8057,8634,440,ITC,ITC1,1,Piemonte,Piemonte,4356406,1457125,33.45,0.39
3980,2021-07-22,PIE,41470,21819,19651,6975,33903,592,ITC,ITC1,1,Piemonte,Piemonte,4356406,1498595,34.4,0.95
3981,2021-04-13,PIE,26680,11999,14681,22561,3461,658,ITC,ITC1,1,Piemonte,Piemonte,4356406,1525275,35.01,0.61
3982,2021-02-20,PIE,3835,1256,2579,3561,173,101,ITC,ITC1,1,Piemonte,Piemonte,4356406,1529110,35.1,0.09
3983,2021-07-24,PIE,34798,18307,16491,7877,26333,588,ITC,ITC1,1,Piemonte,Piemonte,4356406,1563908,35.9,0.8
3984,2021-08-07,PIE,29633,15864,13769,12625,16618,390,ITC,ITC1,1,Piemonte,Piemonte,4356406,1593541,36.58,0.68
3985,2021-04-29,PIE,48499,21985,26514,34679,12640,1180,ITC,ITC1,1,Piemonte,Piemonte,4356406,1642040,37.69,1.11
3986,2021-05-16,PIE,28195,12796,15399,14741,13083,371,ITC,ITC1,1,Piemonte,Piemonte,4356406,1670235,38.34,0.65
3987,2021-02-05,PIE,9608,3137,6471,652,8954,2,ITC,ITC1,1,Piemonte,Piemonte,4356406,1679843,38.56,0.22
3988,2021-06-18,PIE,40625,20313,20312,25742,14217,666,ITC,ITC1,1,Piemonte,Piemonte,4356406,1720468,39.49,0.93
3989,2021-03-10,PIE,13931,5444,8487,11381,2291,259,ITC,ITC1,1,Piemonte,Piemonte,4356406,1734399,39.81,0.32
3990,2021-03-27,PIE,18393,7827,10566,9128,8828,437,ITC,ITC1,1,Piemonte,Piemonte,4356406,1752792,40.23,0.42
3991,2021-07-03,PIE,40056,20112,19944,15305,24032,719,ITC,ITC1,1,Piemonte,Piemonte,4356406,1792848,41.15,0.92
3992,2021-03-30,PIE,16987,7114,9873,8726,7871,390,ITC,ITC1,1,Piemonte,Piemonte,4356406,1809835,41.54,0.39
3993,2021-05-21,PIE,36186,16805,19381,20027,15643,516,ITC,ITC1,1,Piemonte,Piemonte,4356406,1846021,42.37,0.83
3994,2021-07-17,PIE,41957,22089,19868,4933,36536,488,ITC,ITC1,1,Piemonte,Piemonte,4356406,1887978,43.34,0.96
3995,2021-02-01,PIE,8658,3053,5605,575,8082,1,ITC,ITC1,1,Piemonte,Piemonte,4356406,1896636,43.54,0.2
3996,2021-05-14,PIE,33435,16287,17148,17340,15434,661,ITC,ITC1,1,Piemonte,Piemonte,4356406,1930071,44.3,0.77
3997,2021-07-26,PIE,32711,17024,15687,8234,23847,630,ITC,ITC1,1,Piemonte,Piemonte,4356406,1962782,45.06,0.75
3998,2021-04-17,PIE,30455,14151,16304,26446,3309,700,ITC,ITC1,1,Piemonte,Piemonte,4356406,1993237,45.75,0.7
3999,2021-06-13,PIE,37992,20052,17940,33105,4130,757,ITC,ITC1,1,Piemonte,Piemonte,4356406,2031229,46.63,0.87
4000,2021-02-10,PIE,7537,2373,5164,1299,6223,15,ITC,ITC1,1,Piemonte,Piemonte,4356406,2038766,46.8,0.17
4001,2021-04-08,PIE,25309,11017,14292,20029,4722,558,ITC,ITC1,1,Piemonte,Piemonte,4356406,2064075,47.38,0.58
4002,2021-07-19,PIE,39542,20586,18956,4456,34668,418,ITC,ITC1,1,Piemonte,Piemonte,4356406,2103617,48.29,0.91
4003,2021-04-10,PIE,30156,13406,16750,25243,4265,648,ITC,ITC1,1,Piemonte,Piemonte,4356406,2133773,48.98,0.69
4004,2021-01-19,PIE,6461,2109,4352,6443,9,9,ITC,ITC1,1,Piemonte,Piemonte,4356406,2140234,49.13,0.15
4005,2021-07-23,PIE,38059,20068,17991,7982,29455,622,ITC,ITC1,1,Piemonte,Piemonte,4356406,2178293,50.0,0.87
4006,2021-04-14,PIE,28272,12800,15472,23020,4548,704,ITC,ITC1,1,Piemonte,Piemonte,4356406,2206565,50.65,0.65
4007,2021-08-06,PIE,30321,16046,14275,13276,16472,573,ITC,ITC1,1,Piemonte,Piemonte,4356406,2236886,51.35,0.7
4008,2021-06-03,PIE,34715,17959,16756,29697,4482,536,ITC,ITC1,1,Piemonte,Piemonte,4356406,2271601,52.14,0.8
4009,2021-04-18,PIE,22936,10799,12137,19618,2753,565,ITC,ITC1,1,Piemonte,Piemonte,4356406,2294537,52.67,0.53
4010,2021-01-08,PIE,5530,1761,3769,5528,0,2,ITC,ITC1,1,Piemonte,Piemonte,4356406,2300067,52.8,0.13
4011,2021-06-14,PIE,37979,19568,18411,30201,7093,685,ITC,ITC1,1,Piemonte,Piemonte,4356406,2338046,53.67,0.87
4012,2021-03-06,PIE,14008,5224,8784,11040,2792,176,ITC,ITC1,1,Piemonte,Piemonte,4356406,2352054,53.99,0.32
4013,2021-08-10,PIE,21768,11536,10232,12410,8803,555,ITC,ITC1,1,Piemonte,Piemonte,4356406,2373822,54.49,0.5
4014,2021-01-22,PIE,3868,1251,2617,2524,1343,1,ITC,ITC1,1,Piemonte,Piemonte,4356406,2377690,54.58,0.09
4015,2021-06-28,PIE,38412,19076,19336,15102,22727,583,ITC,ITC1,1,Piemonte,Piemonte,4356406,2416102,55.46,0.88
4016,2021-04-06,PIE,20701,9020,11681,15049,5201,451,ITC,ITC1,1,Piemonte,Piemonte,4356406,2436803,55.94,0.48
4017,2020-12-27,PIE,913,369,544,913,0,0,ITC,ITC1,1,Piemonte,Piemonte,4356406,2437716,55.96,0.02
4018,2021-06-09,PIE,38604,20351,18253,35113,2718,773,ITC,ITC1,1,Piemonte,Piemonte,4356406,2476320,56.84,0.89
4019,2021-03-18,PIE,11766,4806,6960,3836,7738,192,ITC,ITC1,1,Piemonte,Piemonte,4356406,2488086,57.11,0.27
4020,2021-03-03,PIE,12358,4858,7500,11348,819,191,ITC,ITC1,1,Piemonte,Piemonte,4356406,2500444,57.4,0.28
4021,2021-03-20,PIE,11920,4897,7023,5774,5899,247,ITC,ITC1,1,Piemonte,Piemonte,4356406,2512364,57.67,0.27
4022,2021-04-15,PIE,29562,13545,16017,23384,5505,673,ITC,ITC1,1,Piemonte,Piemonte,4356406,2541926,58.35,0.68
4023,2021-01-05,PIE,5377,1603,3774,5372,0,5,ITC,ITC1,1,Piemonte,Piemonte,4356406,2547303,58.47,0.12
4024,2021-06-22,PIE,40627,20093,20534,17773,22312,542,ITC,ITC1,1,Piemonte,Piemonte,4356406,2587930,59.41,0.93
4025,2021-01-07,PIE,5378,1733,3645,5376,0,2,ITC,ITC1,1,Piemonte,Piemonte,4356406,2593308,59.53,0.12
4026,2021-03-05,PIE,15631,6290,9341,11530,3826,275,ITC,ITC1,1,Piemonte,Piemonte,4356406,2608939,59.89,0.36
4027,2021-07-28,PIE,34734,18051,16683,9113,25020,601,ITC,ITC1,1,Piemonte,Piemonte,4356406,2643673,60.68,0.8
4028,2021-06-15,PIE,38934,20053,18881,26489,11777,668,ITC,ITC1,1,Piemonte,Piemonte,4356406,2682607,61.58,0.89
4029,2021-03-07,PIE,11981,4664,7317,10856,877,248,ITC,ITC1,1,Piemonte,Piemonte,4356406,2694588,61.85,0.28
4030,2020-12-31,PIE,3883,1323,2560,3883,0,0,ITC,ITC1,1,Piemonte,Piemonte,4356406,2698471,61.94,0.09
4031,2021-07-10,PIE,41157,20855,20302,6707,33918,532,ITC,ITC1,1,Piemonte,Piemonte,4356406,2739628,62.89,0.94
4032,2021-04-01,PIE,19409,8141,11268,10963,8126,320,ITC,ITC1,1,Piemonte,Piemonte,4356406,2759037,63.33,0.45
4033,2021-05-28,PIE,35079,16619,18460,18661,16007,411,ITC,ITC1,1,Piemonte,Piemonte,4356406,2794116,64.14,0.81
4034,2021-01-25,PIE,6214,1937,4277,973,5239,2,ITC,ITC1,1,Piemonte,Piemonte,4356406,2800330,64.28,0.14
4035,2021-05-30,PIE,27762,13206,14556,18019,9369,374,ITC,ITC1,1,Piemonte,Piemonte,4356406,2828092,64.92,0.64
4036,2021-02-19,PIE,5537,2177,3360,4915,501,121,ITC,ITC1,1,Piemonte,Piemonte,4356406,2833629,65.05,0.13
4037,2021-06-04,PIE,37563,19643,17920,34007,2955,601,ITC,ITC1,1,Piemonte,Piemonte,4356406,2871192,65.91,0.86
4038,2021-02-24,PIE,11383,4605,6778,10733,503,147,ITC,ITC1,1,Piemonte,Piemonte,4356406,2882575,66.17,0.26
4039,2021-06-06,PIE,35092,18336,16756,32054,2488,550,ITC,ITC1,1,Piemonte,Piemonte,4356406,2917667,66.97,0.81
4040,2021-08-02,PIE,29826,15748,14078,9355,20025,446,ITC,ITC1,1,Piemonte,Piemonte,4356406,2947493,67.66,0.68
4041,2021-02-17,PIE,4797,2160,2637,3748,990,59,ITC,ITC1,1,Piemonte,Piemonte,4356406,2952290,67.77,0.11
4042,2021-06-08,PIE,37663,19504,18159,34110,2852,701,ITC,ITC1,1,Piemonte,Piemonte,4356406,2989953,68.63,0.86
4043,2021-08-04,PIE,29162,15401,13761,8897,19813,452,ITC,ITC1,1,Piemonte,Piemonte,4356406,3019115,69.3,0.67
4044,2021-04-26,PIE,19812,8757,11055,14912,4398,502,ITC,ITC1,1,Piemonte,Piemonte,4356406,3038927,69.76,0.45
4045,2021-08-11,PIE,23247,12502,10745,13363,9334,550,ITC,ITC1,1,Piemonte,Piemonte,4356406,3062174,70.29,0.53
4046,2021-05-03,PIE,26694,12211,14483,12043,14215,436,ITC,ITC1,1,Piemonte,Piemonte,4356406,3088868,70.9,0.61
4047,2021-02-26,PIE,12288,4930,7358,11345,737,206,ITC,ITC1,1,Piemonte,Piemonte,4356406,3101156,71.19,0.28
4048,2021-04-24,PIE,27504,12436,15068,21286,5659,559,ITC,ITC1,1,Piemonte,Piemonte,4356406,3128660,71.82,0.63
4049,2021-01-14,PIE,9766,3150,6616,9760,0,6,ITC,ITC1,1,Piemonte,Piemonte,4356406,3138426,72.04,0.22
4050,2021-01-20,PIE,6604,2085,4519,5883,714,7,ITC,ITC1,1,Piemonte,Piemonte,4356406,3145030,72.19,0.15
4051,2021-02-03,PIE,10207,3306,6901,607,9598,2,ITC,ITC1,1,Piemonte,Piemonte,4356406,3155237,72.43,0.23
4052,2021-08-09,PIE,24609,12846,11763,11997,11967,645,ITC,ITC1,1,Piemonte,Piemonte,4356406,3179846,72.99,0.56
4053,2021-05-18,PIE,32162,14848,17314,19049,12675,438,ITC,ITC1,1,Piemonte,Piemonte,4356406,3212008,73.73,0.74
4054,2021-01-03,PIE,3062,967,2095,3060,0,2,ITC,ITC1,1,Piemonte,Piemonte,4356406,3215070,73.8,0.07
4055,2021-07-07,PIE,37959,18866,19093,9661,27721,577,ITC,ITC1,1,Piemonte,Piemonte,4356406,3253029,74.67,0.87
4056,2021-07-02,PIE,43744,22011,21733,17343,25562,839,ITC,ITC1,1,Piemonte,Piemonte,4356406,3296773,75.68,1.0
4057,2021-08-14,PIE,14532,7851,6681,9251,4750,531,ITC,ITC1,1,Piemonte,Piemonte,4356406,3311305,76.01,0.33
4058,2021-05-06,PIE,33420,15784,17636,19286,13540,594,ITC,ITC1,1,Piemonte,Piemonte,4356406,3344725,76.78,0.77
4059,2021-05-23,PIE,28772,13156,15616,15467,12992,313,ITC,ITC1,1,Piemonte,Piemonte,4356406,3373497,77.44,0.66
4060,2021-02-12,PIE,6892,2216,4676,3910,2958,24,ITC,ITC1,1,Piemonte,Piemonte,4356406,3380389,77.6,0.16
4061,2021-03-01,PIE,12157,4957,7200,11174,810,173,ITC,ITC1,1,Piemonte,Piemonte,4356406,3392546,77.87,0.28
4062,2021-05-25,PIE,31892,14782,17110,15610,15891,391,ITC,ITC1,1,Piemonte,Piemonte,4356406,3424438,78.61,0.73
4063,2021-06-11,PIE,43559,23061,20498,39927,2831,801,ITC,ITC1,1,Piemonte,Piemonte,4356406,3467997,79.61,1.0
4064,2021-05-13,PIE,35703,17537,18166,19864,15133,706,ITC,ITC1,1,Piemonte,Piemonte,4356406,3503700,80.43,0.82
4065,2021-02-02,PIE,10259,3513,6746,808,9450,1,ITC,ITC1,1,Piemonte,Piemonte,4356406,3513959,80.66,0.24
4066,2021-07-09,PIE,40404,20616,19788,5744,34137,523,ITC,ITC1,1,Piemonte,Piemonte,4356406,3554363,81.59,0.93
4067,2021-03-31,PIE,19130,8124,11006,10098,8692,340,ITC,ITC1,1,Piemonte,Piemonte,4356406,3573493,82.03,0.44
4068,2021-05-27,PIE,37425,17406,20019,18816,18174,435,ITC,ITC1,1,Piemonte,Piemonte,4356406,3610918,82.89,0.86
4069,2021-02-16,PIE,3972,1758,2214,3164,759,49,ITC,ITC1,1,Piemonte,Piemonte,4356406,3614890,82.98,0.09
4070,2021-03-29,PIE,15249,6472,8777,8379,6611,259,ITC,ITC1,1,Piemonte,Piemonte,4356406,3630139,83.33,0.35
4071,2021-07-21,PIE,37949,20137,17812,6520,30913,516,ITC,ITC1,1,Piemonte,Piemonte,4356406,3668088,84.2,0.87
4072,2021-04-12,PIE,22946,10362,12584,19434,2993,519,ITC,ITC1,1,Piemonte,Piemonte,4356406,3691034,84.73,0.53
4073,2021-01-02,PIE,3541,1132,2409,3540,0,1,ITC,ITC1,1,Piemonte,Piemonte,4356406,3694575,84.81,0.08
4074,2021-05-01,PIE,28555,13002,15553,16314,11797,444,ITC,ITC1,1,Piemonte,Piemonte,4356406,3723130,85.46,0.66
4075,2021-02-11,PIE,6764,2107,4657,2985,3760,19,ITC,ITC1,1,Piemonte,Piemonte,4356406,3729894,85.62,0.16
4076,2021-04-09,PIE,25876,11393,14483,20801,4503,572,ITC,ITC1,1,Piemonte,Piemonte,4356406,3755770,86.21,0.59
4077,2020-12-30,PIE,733,322,411,733,0,0,ITC,ITC1,1,Piemonte,Piemonte,4356406,3756503,86.23,0.02
4078,2021-06-05,PIE,36948,18925,18023,31859,4456,633,ITC,ITC1,1,Piemonte,Piemonte,4356406,3793451,87.08,0.85
4079,2021-02-25,PIE,12252,5286,6966,11524,545,183,ITC,ITC1,1,Piemonte,Piemonte,4356406,3805703,87.36,0.28
4080,2021-04-02,PIE,20153,8322,11831,11329,8429,395,ITC,ITC1,1,Piemonte,Piemonte,4356406,3825856,87.82,0.46
4081,2021-05-29,PIE,32809,15233,17576,20275,12175,359,ITC,ITC1,1,Piemonte,Piemonte,4356406,3858665,88.57,0.75
4082,2021-02-18,PIE,4796,2100,2696,4281,429,86,ITC,ITC1,1,Piemonte,Piemonte,4356406,3863461,88.68,0.11
4083,2021-07-25,PIE,28629,15194,13435,6568,21566,495,ITC,ITC1,1,Piemonte,Piemonte,4356406,3892090,89.34,0.66
4084,2021-04-16,PIE,28412,13210,15202,22658,4997,757,ITC,ITC1,1,Piemonte,Piemonte,4356406,3920502,89.99,0.65
4085,2021-03-24,PIE,15567,6399,9168,6090,9130,347,ITC,ITC1,1,Piemonte,Piemonte,4356406,3936069,90.35,0.36
4086,2021-05-20,PIE,38652,17962,20690,13337,24961,354,ITC,ITC1,1,Piemonte,Piemonte,4356406,3974721,91.24,0.89
4087,2021-02-09,PIE,7396,2318,5078,714,6680,2,ITC,ITC1,1,Piemonte,Piemonte,4356406,3982117,91.41,0.17
4088,2021-07-16,PIE,42047,21963,20084,3585,38050,412,ITC,ITC1,1,Piemonte,Piemonte,4356406,4024164,92.37,0.97
4089,2021-04-07,PIE,23616,9993,13623,17629,5460,527,ITC,ITC1,1,Piemonte,Piemonte,4356406,4047780,92.92,0.54
4090,2021-01-21,PIE,6873,2312,4561,3368,3499,6,ITC,ITC1,1,Piemonte,Piemonte,4356406,4054653,93.07,0.16
4091,2021-05-15,PIE,33783,15751,18032,19391,13731,661,ITC,ITC1,1,Piemonte,Piemonte,4356406,4088436,93.85,0.78
4092,2021-06-01,PIE,29551,14855,14696,24450,4674,427,ITC,ITC1,1,Piemonte,Piemonte,4356406,4117987,94.53,0.68
4093,2021-02-21,PIE,5092,2084,3008,4939,103,50,ITC,ITC1,1,Piemonte,Piemonte,4356406,4123079,94.64,0.12
4094,2021-06-20,PIE,34074,17087,16987,18745,14772,557,ITC,ITC1,1,Piemonte,Piemonte,4356406,4157153,95.43,0.78
4095,2021-01-13,PIE,10079,3226,6853,10070,0,9,ITC,ITC1,1,Piemonte,Piemonte,4356406,4167232,95.66,0.23
4096,2021-06-16,PIE,40388,20243,20145,23512,16259,617,ITC,ITC1,1,Piemonte,Piemonte,4356406,4207620,96.58,0.93
4097,2021-08-12,PIE,21867,11739,10128,13399,7780,688,ITC,ITC1,1,Piemonte,Piemonte,4356406,4229487,97.09,0.5
4098,2021-04-19,PIE,22553,10764,11789,17646,4351,556,ITC,ITC1,1,Piemonte,Piemonte,4356406,4252040,97.6,0.52
4099,2021-01-09,PIE,6185,2189,3996,6183,0,2,ITC,ITC1,1,Piemonte,Piemonte,4356406,4258225,97.75,0.14
4100,2021-01-26,PIE,6339,1883,4456,732,5606,1,ITC,ITC1,1,Piemonte,Piemonte,4356406,4264564,97.89,0.15
4101,2021-07-30,PIE,35649,18613,17036,9489,25726,434,ITC,ITC1,1,Piemonte,Piemonte,4356406,4300213,98.71,0.82
4102,2021-08-16,PIE,19114,10156,8958,11531,6789,794,ITC,ITC1,1,Piemonte,Piemonte,4356406,4319327,99.15,0.44
4103,2021-05-08,PIE,34281,16263,18018,18126,15644,511,ITC,ITC1,1,Piemonte,Piemonte,4356406,4353608,99.94,0.79
4104,2021-01-28,PIE,5597,1811,3786,380,5217,0,ITC,ITC1,1,Piemonte,Piemonte,4356406,4359205,100.06,0.13
4105,2021-02-14,PIE,1480,500,980,870,603,7,ITC,ITC1,1,Piemonte,Piemonte,4356406,4360685,100.1,0.03
4106,2021-03-12,PIE,14198,5403,8795,10980,2936,282,ITC,ITC1,1,Piemonte,Piemonte,4356406,4374883,100.42,0.33
4107,2021-07-04,PIE,33747,17013,16734,11217,21918,612,ITC,ITC1,1,Piemonte,Piemonte,4356406,4408630,101.2,0.77
4108,2021-03-26,PIE,17912,7124,10788,8501,8884,527,ITC,ITC1,1,Piemonte,Piemonte,4356406,4426542,101.61,0.41
4109,2021-01-06,PIE,3107,1103,2004,3106,0,1,ITC,ITC1,1,Piemonte,Piemonte,4356406,4429649,101.68,0.07
4110,2021-08-05,PIE,30229,16041,14188,11217,18517,495,ITC,ITC1,1,Piemonte,Piemonte,4356406,4459878,102.38,0.69
4111,2021-06-23,PIE,39737,19740,19997,16392,22853,492,ITC,ITC1,1,Piemonte,Piemonte,4356406,4499615,103.29,0.91
4112,2021-03-08,PIE,14280,5594,8686,11337,2708,235,ITC,ITC1,1,Piemonte,Piemonte,4356406,4513895,103.62,0.33
4113,2021-05-04,PIE,31486,14548,16938,17290,13614,582,ITC,ITC1,1,Piemonte,Piemonte,4356406,4545381,104.34,0.72
4114,2021-01-24,PIE,3157,961,2196,434,2721,2,ITC,ITC1,1,Piemonte,Piemonte,4356406,4548538,104.41,0.07
4115,2021-06-30,PIE,41254,20174,21080,18439,21952,863,ITC,ITC1,1,Piemonte,Piemonte,4356406,4589792,105.36,0.95
4116,2021-03-22,PIE,11531,4894,6637,3716,7602,213,ITC,ITC1,1,Piemonte,Piemonte,4356406,4601323,105.62,0.26
4117,2021-04-27,PIE,22624,10224,12400,16822,5157,645,ITC,ITC1,1,Piemonte,Piemonte,4356406,4623947,106.14,0.52
4118,2021-01-17,PIE,3516,1169,2347,2865,649,2,ITC,ITC1,1,Piemonte,Piemonte,4356406,4627463,106.22,0.08
4119,2021-03-15,PIE,10685,4194,6491,4929,5601,155,ITC,ITC1,1,Piemonte,Piemonte,4356406,4638148,106.47,0.25
4120,2021-05-11,PIE,32176,15511,16665,18311,13238,627,ITC,ITC1,1,Piemonte,Piemonte,4356406,4670324,107.21,0.74
4121,2021-01-31,PIE,4122,1757,2365,112,4010,0,ITC,ITC1,1,Piemonte,Piemonte,4356406,4674446,107.3,0.09
4122,2021-07-18,PIE,32873,17244,15629,3232,29313,328,ITC,ITC1,1,Piemonte,Piemonte,4356406,4707319,108.06,0.75
4123,2021-02-07,PIE,3087,973,2114,441,2645,1,ITC,ITC1,1,Piemonte,Piemonte,4356406,4710406,108.13,0.07
4124,2021-07-11,PIE,33167,16912,16255,4513,28339,315,ITC,ITC1,1,Piemonte,Piemonte,4356406,4743573,108.89,0.76
4125,2021-05-22,PIE,33526,15137,18389,16897,16227,402,ITC,ITC1,1,Piemonte,Piemonte,4356406,4777099,109.66,0.77
4126,2021-05-07,PIE,33102,15663,17439,18359,14135,608,ITC,ITC1,1,Piemonte,Piemonte,4356406,4810201,110.42,0.76
4127,2021-01-27,PIE,4194,1451,2743,994,3198,2,ITC,ITC1,1,Piemonte,Piemonte,4356406,4814395,110.51,0.1
4128,2021-02-13,PIE,4159,1340,2819,2920,1224,15,ITC,ITC1,1,Piemonte,Piemonte,4356406,4818554,110.61,0.1
4129,2021-07-31,PIE,35612,18935,16677,10721,24589,302,ITC,ITC1,1,Piemonte,Piemonte,4356406,4854166,111.43,0.82
4130,2021-08-17,PIE,15601,8309,7292,9855,5107,639,ITC,ITC1,1,Piemonte,Piemonte,4356406,4869767,111.78,0.36
4131,2021-05-09,PIE,27152,12931,14221,13149,13620,383,ITC,ITC1,1,Piemonte,Piemonte,4356406,4896919,112.41,0.62
4132,2021-05-26,PIE,34171,15752,18419,15319,18498,354,ITC,ITC1,1,Piemonte,Piemonte,4356406,4931090,113.19,0.78
4133,2021-02-15,PIE,4427,1597,2830,3199,1205,23,ITC,ITC1,1,Piemonte,Piemonte,4356406,4935517,113.29,0.1
4134,2021-03-04,PIE,14710,5925,8785,11546,2944,220,ITC,ITC1,1,Piemonte,Piemonte,4356406,4950227,113.63,0.34
4135,2021-06-25,PIE,45508,22677,22831,20274,24544,690,ITC,ITC1,1,Piemonte,Piemonte,4356406,4995735,114.68,1.04
4136,2021-04-03,PIE,19461,8188,11273,10590,8559,312,ITC,ITC1,1,Piemonte,Piemonte,4356406,5015196,115.12,0.45
4137,2021-01-10,PIE,5209,2274,2935,5207,0,2,ITC,ITC1,1,Piemonte,Piemonte,4356406,5020405,115.24,0.12
4138,2021-07-14,PIE,38979,20057,18922,3573,34982,424,ITC,ITC1,1,Piemonte,Piemonte,4356406,5059384,116.14,0.89
4139,2021-04-22,PIE,27669,12745,14924,20193,6691,785,ITC,ITC1,1,Piemonte,Piemonte,4356406,5087053,116.77,0.64
4140,2021-01-12,PIE,10079,3410,6669,10073,0,6,ITC,ITC1,1,Piemonte,Piemonte,4356406,5097132,117.0,0.23
4141,2021-01-29,PIE,5943,1886,4057,452,5491,0,ITC,ITC1,1,Piemonte,Piemonte,4356406,5103075,117.14,0.14
4142,2021-02-28,PIE,10811,4058,6753,10395,240,176,ITC,ITC1,1,Piemonte,Piemonte,4356406,5113886,117.39,0.25
4143,2021-03-17,PIE,12522,5058,7464,5035,7300,187,ITC,ITC1,1,Piemonte,Piemonte,4356406,5126408,117.68,0.29
4144,2021-06-10,PIE,40459,21157,19302,37027,2582,850,ITC,ITC1,1,Piemonte,Piemonte,4356406,5166867,118.6,0.93
4145,2021-06-27,PIE,37517,18600,18917,15187,21746,584,ITC,ITC1,1,Piemonte,Piemonte,4356406,5204384,119.47,0.86
4146,2021-03-19,PIE,11030,4519,6511,4215,6606,209,ITC,ITC1,1,Piemonte,Piemonte,4356406,5215414,119.72,0.25
4147,2021-04-05,PIE,14749,6237,8512,11940,2558,251,ITC,ITC1,1,Piemonte,Piemonte,4356406,5230163,120.06,0.34
4148,2021-06-29,PIE,40529,20247,20282,19168,20674,687,ITC,ITC1,1,Piemonte,Piemonte,4356406,5270692,120.99,0.93
4149,2021-01-16,LOM,15640,5783,9857,15629,0,11,ITC,ITC4,3,Lombardia,Lombardia,10060574,15640,0.16,0.16
4150,2021-08-15,LOM,7001,3989,3012,2936,3883,182,ITC,ITC4,3,Lombardia,Lombardia,10060574,22641,0.23,0.07
4151,2021-08-01,LOM,53133,28428,24705,27334,24261,1538,ITC,ITC4,3,Lombardia,Lombardia,10060574,75774,0.75,0.53
4152,2021-04-23,LOM,73627,33365,40262,55594,16642,1391,ITC,ITC4,3,Lombardia,Lombardia,10060574,149401,1.49,0.73
4153,2021-05-10,LOM,85310,40902,44408,62017,21597,1696,ITC,ITC4,3,Lombardia,Lombardia,10060574,234711,2.33,0.85
4154,2021-01-30,LOM,12345,4581,7764,146,12190,9,ITC,ITC4,3,Lombardia,Lombardia,10060574,247056,2.46,0.12
4155,2021-06-05,LOM,102445,52960,49485,91104,9829,1512,ITC,ITC4,3,Lombardia,Lombardia,10060574,349501,3.47,1.02
4156,2021-03-14,LOM,14880,5349,9531,11217,3288,375,ITC,ITC4,3,Lombardia,Lombardia,10060574,364381,3.62,0.15
4157,2021-07-20,LOM,95018,49095,45923,6905,87360,753,ITC,ITC4,3,Lombardia,Lombardia,10060574,459399,4.57,0.94
4158,2021-02-04,LOM,27980,8157,19823,2046,25929,5,ITC,ITC4,3,Lombardia,Lombardia,10060574,487379,4.84,0.28
4159,2021-07-18,LOM,97103,50591,46512,8544,87865,694,ITC,ITC4,3,Lombardia,Lombardia,10060574,584482,5.81,0.97
4160,2021-04-09,LOM,52442,22389,30053,35588,16015,839,ITC,ITC4,3,Lombardia,Lombardia,10060574,636924,6.33,0.52
4161,2021-07-13,LOM,108615,56777,51838,15446,91932,1237,ITC,ITC4,3,Lombardia,Lombardia,10060574,745539,7.41,1.08
4162,2021-04-04,LOM,7612,3230,4382,3682,3896,34,ITC,ITC4,3,Lombardia,Lombardia,10060574,753151,7.49,0.08
4163,2021-02-16,LOM,9525,3080,6445,8974,450,101,ITC,ITC4,3,Lombardia,Lombardia,10060574,762676,7.58,0.09
4164,2021-06-10,LOM,102712,52264,50448,86428,14486,1798,ITC,ITC4,3,Lombardia,Lombardia,10060574,865388,8.6,1.02
4165,2021-03-02,LOM,22841,9711,13130,19532,3046,263,ITC,ITC4,3,Lombardia,Lombardia,10060574,888229,8.83,0.23
4166,2020-12-28,LOM,108,47,61,108,0,0,ITC,ITC4,3,Lombardia,Lombardia,10060574,888337,8.83,0.0
4167,2021-05-24,LOM,89614,43525,46089,48597,40080,937,ITC,ITC4,3,Lombardia,Lombardia,10060574,977951,9.72,0.89
4168,2021-02-11,LOM,17121,5022,12099,9635,7408,78,ITC,ITC4,3,Lombardia,Lombardia,10060574,995072,9.89,0.17
4169,2021-05-31,LOM,95729,47424,48305,78381,16244,1104,ITC,ITC4,3,Lombardia,Lombardia,10060574,1090801,10.84,0.95
4170,2021-07-27,LOM,104919,56840,48079,7473,96740,706,ITC,ITC4,3,Lombardia,Lombardia,10060574,1195720,11.89,1.04
4171,2021-03-28,LOM,20629,7878,12751,13963,6281,385,ITC,ITC4,3,Lombardia,Lombardia,10060574,1216349,12.09,0.21
4172,2021-04-14,LOM,47226,21044,26182,33557,12982,687,ITC,ITC4,3,Lombardia,Lombardia,10060574,1263575,12.56,0.47
4173,2021-01-04,LOM,6129,2118,4011,6122,0,7,ITC,ITC4,3,Lombardia,Lombardia,10060574,1269704,12.62,0.06
4174,2021-06-19,LOM,104395,52025,52370,56237,46736,1422,ITC,ITC4,3,Lombardia,Lombardia,10060574,1374099,13.66,1.04
4175,2021-07-06,LOM,102102,50827,51275,23097,77589,1416,ITC,ITC4,3,Lombardia,Lombardia,10060574,1476201,14.67,1.01
4176,2021-06-12,LOM,89319,48062,41257,84313,3165,1841,ITC,ITC4,3,Lombardia,Lombardia,10060574,1565520,15.56,0.89
4177,2021-06-29,LOM,107296,53207,54089,57423,47867,2006,ITC,ITC4,3,Lombardia,Lombardia,10060574,1672816,16.63,1.07
4178,2021-03-21,LOM,23521,8499,15022,17730,5197,594,ITC,ITC4,3,Lombardia,Lombardia,10060574,1696337,16.86,0.23
4179,2021-01-09,LOM,12500,4611,7889,12492,0,8,ITC,ITC4,3,Lombardia,Lombardia,10060574,1708837,16.99,0.12
4180,2021-03-07,LOM,12094,5364,6730,9339,2563,192,ITC,ITC4,3,Lombardia,Lombardia,10060574,1720931,17.11,0.12
4181,2021-01-27,LOM,8062,2683,5379,807,7253,2,ITC,ITC4,3,Lombardia,Lombardia,10060574,1728993,17.19,0.08
4182,2021-07-03,LOM,102499,51712,50787,44535,55855,2109,ITC,ITC4,3,Lombardia,Lombardia,10060574,1831492,18.2,1.02
4183,2021-03-25,LOM,43033,16092,26941,29253,12872,908,ITC,ITC4,3,Lombardia,Lombardia,10060574,1874525,18.63,0.43
4184,2021-05-21,LOM,93921,45275,48646,28389,64771,761,ITC,ITC4,3,Lombardia,Lombardia,10060574,1968446,19.57,0.93
4185,2021-02-23,LOM,11833,4806,7027,11293,332,208,ITC,ITC4,3,Lombardia,Lombardia,10060574,1980279,19.68,0.12
4186,2021-08-08,LOM,58835,31955,26880,16679,41362,794,ITC,ITC4,3,Lombardia,Lombardia,10060574,2039114,20.27,0.58
4187,2021-05-17,LOM,94690,45373,49317,29550,64437,703,ITC,ITC4,3,Lombardia,Lombardia,10060574,2133804,21.21,0.94
4188,2021-04-21,LOM,71869,32577,39292,55845,14684,1340,ITC,ITC4,3,Lombardia,Lombardia,10060574,2205673,21.92,0.71
4189,2021-01-11,LOM,16309,5390,10919,16299,0,10,ITC,ITC4,3,Lombardia,Lombardia,10060574,2221982,22.09,0.16
4190,2021-01-28,LOM,12262,3720,8542,795,11460,7,ITC,ITC4,3,Lombardia,Lombardia,10060574,2234244,22.21,0.12
4191,2021-08-03,LOM,85789,46507,39282,13451,71609,729,ITC,ITC4,3,Lombardia,Lombardia,10060574,2320033,23.06,0.85
4192,2021-04-02,LOM,41409,16949,24460,26212,14643,554,ITC,ITC4,3,Lombardia,Lombardia,10060574,2361442,23.47,0.41
4193,2021-08-12,LOM,56840,31219,25621,21953,33509,1378,ITC,ITC4,3,Lombardia,Lombardia,10060574,2418282,24.04,0.56
4194,2021-03-26,LOM,41354,15717,25637,27508,13171,675,ITC,ITC4,3,Lombardia,Lombardia,10060574,2459636,24.45,0.41
4195,2021-05-22,LOM,70661,33861,36800,31727,38219,715,ITC,ITC4,3,Lombardia,Lombardia,10060574,2530297,25.15,0.7
4196,2021-05-29,LOM,88376,42434,45942,41397,46136,843,ITC,ITC4,3,Lombardia,Lombardia,10060574,2618673,26.03,0.88
4197,2021-02-18,LOM,14059,4929,9130,12823,1038,198,ITC,ITC4,3,Lombardia,Lombardia,10060574,2632732,26.17,0.14
4198,2021-05-07,LOM,92406,43733,48673,68390,22428,1588,ITC,ITC4,3,Lombardia,Lombardia,10060574,2725138,27.09,0.92
4199,2021-03-18,LOM,27437,10977,16460,15936,11274,227,ITC,ITC4,3,Lombardia,Lombardia,10060574,2752575,27.36,0.27
4200,2021-05-14,LOM,86032,41433,44599,53291,30357,2384,ITC,ITC4,3,Lombardia,Lombardia,10060574,2838607,28.22,0.86
4201,2021-07-10,LOM,107264,54301,52963,13915,92170,1179,ITC,ITC4,3,Lombardia,Lombardia,10060574,2945871,29.28,1.07
4202,2021-02-13,LOM,6424,2444,3980,4886,1478,60,ITC,ITC4,3,Lombardia,Lombardia,10060574,2952295,29.35,0.06
4203,2021-07-17,LOM,108498,57291,51207,10219,97354,925,ITC,ITC4,3,Lombardia,Lombardia,10060574,3060793,30.42,1.08
4204,2021-01-13,LOM,26471,8096,18375,26446,0,25,ITC,ITC4,3,Lombardia,Lombardia,10060574,3087264,30.69,0.26
4205,2021-07-08,LOM,114646,58436,56210,13216,100404,1026,ITC,ITC4,3,Lombardia,Lombardia,10060574,3201910,31.83,1.14
4206,2021-07-25,LOM,86634,45734,40900,9423,76430,781,ITC,ITC4,3,Lombardia,Lombardia,10060574,3288544,32.69,0.86
4207,2021-04-16,LOM,53716,23936,29780,38445,14384,887,ITC,ITC4,3,Lombardia,Lombardia,10060574,3342260,33.22,0.53
4208,2021-05-03,LOM,83737,39778,43959,69472,12138,2127,ITC,ITC4,3,Lombardia,Lombardia,10060574,3425997,34.05,0.83
4209,2021-01-23,LOM,1127,361,766,925,199,3,ITC,ITC4,3,Lombardia,Lombardia,10060574,3427124,34.06,0.01
4210,2021-04-25,LOM,51603,23661,27942,45552,4829,1222,ITC,ITC4,3,Lombardia,Lombardia,10060574,3478727,34.58,0.51
4211,2021-06-28,LOM,108088,55062,53026,74294,31188,2606,ITC,ITC4,3,Lombardia,Lombardia,10060574,3586815,35.65,1.07
4212,2021-07-15,LOM,109296,56216,53080,13379,94726,1191,ITC,ITC4,3,Lombardia,Lombardia,10060574,3696111,36.74,1.09
4213,2021-04-06,LOM,43094,17594,25500,24450,17952,692,ITC,ITC4,3,Lombardia,Lombardia,10060574,3739205,37.17,0.43
4214,2021-06-14,LOM,94876,48202,46674,49131,44628,1117,ITC,ITC4,3,Lombardia,Lombardia,10060574,3834081,38.11,0.94
4215,2021-03-04,LOM,29364,12131,17233,20062,9082,220,ITC,ITC4,3,Lombardia,Lombardia,10060574,3863445,38.4,0.29
4216,2021-06-30,LOM,106991,53000,53991,56588,48280,2123,ITC,ITC4,3,Lombardia,Lombardia,10060574,3970436,39.47,1.06
4217,2021-03-22,LOM,40355,14311,26044,28954,10566,835,ITC,ITC4,3,Lombardia,Lombardia,10060574,4010791,39.87,0.4
4218,2021-04-08,LOM,52451,21789,30662,35291,16486,674,ITC,ITC4,3,Lombardia,Lombardia,10060574,4063242,40.39,0.52
4219,2020-12-29,LOM,106,45,61,106,0,0,ITC,ITC4,3,Lombardia,Lombardia,10060574,4063348,40.39,0.0
4220,2021-07-14,LOM,109403,56839,52564,14349,93642,1412,ITC,ITC4,3,Lombardia,Lombardia,10060574,4172751,41.48,1.09
4221,2021-07-31,LOM,71109,38777,32332,36368,32719,2022,ITC,ITC4,3,Lombardia,Lombardia,10060574,4243860,42.18,0.71
4222,2021-04-22,LOM,74045,33433,40612,56242,16422,1381,ITC,ITC4,3,Lombardia,Lombardia,10060574,4317905,42.92,0.74
4223,2021-03-03,LOM,27012,11526,15486,19486,7308,218,ITC,ITC4,3,Lombardia,Lombardia,10060574,4344917,43.19,0.27
4224,2021-05-11,LOM,86932,41456,45476,58274,26243,2415,ITC,ITC4,3,Lombardia,Lombardia,10060574,4431849,44.05,0.86
4225,2021-04-11,LOM,32224,13944,18280,24317,7396,511,ITC,ITC4,3,Lombardia,Lombardia,10060574,4464073,44.37,0.32
4226,2021-01-01,LOM,24,7,17,24,0,0,ITC,ITC4,3,Lombardia,Lombardia,10060574,4464097,44.37,0.0
4227,2021-06-07,LOM,99006,50441,48565,84034,13352,1620,ITC,ITC4,3,Lombardia,Lombardia,10060574,4563103,45.36,0.98
4228,2021-02-27,LOM,13954,5876,8078,13152,645,157,ITC,ITC4,3,Lombardia,Lombardia,10060574,4577057,45.49,0.14
4229,2020-12-30,LOM,115,42,73,115,0,0,ITC,ITC4,3,Lombardia,Lombardia,10060574,4577172,45.5,0.0
4230,2021-06-16,LOM,99360,50471,48889,49867,48342,1151,ITC,ITC4,3,Lombardia,Lombardia,10060574,4676532,46.48,0.99
4231,2021-07-29,LOM,74399,40416,33983,33761,38684,1954,ITC,ITC4,3,Lombardia,Lombardia,10060574,4750931,47.22,0.74
4232,2021-02-20,LOM,9364,3870,5494,8847,322,195,ITC,ITC4,3,Lombardia,Lombardia,10060574,4760295,47.32,0.09
4233,2021-04-18,LOM,36430,16237,20193,30544,5243,643,ITC,ITC4,3,Lombardia,Lombardia,10060574,4796725,47.68,0.36
4234,2021-01-08,LOM,12750,3937,8813,12739,0,11,ITC,ITC4,3,Lombardia,Lombardia,10060574,4809475,47.81,0.13
4235,2021-08-05,LOM,90275,49262,41013,15720,73739,816,ITC,ITC4,3,Lombardia,Lombardia,10060574,4899750,48.7,0.9
4236,2021-01-15,LOM,25286,7453,17833,25234,0,52,ITC,ITC4,3,Lombardia,Lombardia,10060574,4925036,48.95,0.25
4237,2021-08-07,LOM,79714,43269,36445,16072,62838,804,ITC,ITC4,3,Lombardia,Lombardia,10060574,5004750,49.75,0.79
4238,2021-04-29,LOM,115632,53623,62009,83149,29903,2580,ITC,ITC4,3,Lombardia,Lombardia,10060574,5120382,50.9,1.15
4239,2021-06-25,LOM,108321,56252,52069,78360,27656,2305,ITC,ITC4,3,Lombardia,Lombardia,10060574,5228703,51.97,1.08
4240,2021-04-20,LOM,67696,30840,36856,55907,10356,1433,ITC,ITC4,3,Lombardia,Lombardia,10060574,5296399,52.65,0.67
4241,2021-01-10,LOM,10551,3981,6570,10543,0,8,ITC,ITC4,3,Lombardia,Lombardia,10060574,5306950,52.75,0.1
4242,2021-01-17,LOM,8356,3349,5007,8149,201,6,ITC,ITC4,3,Lombardia,Lombardia,10060574,5315306,52.83,0.08
4243,2021-06-23,LOM,111059,57454,53605,76739,32186,2134,ITC,ITC4,3,Lombardia,Lombardia,10060574,5426365,53.94,1.1
4244,2021-03-15,LOM,31607,11352,20255,22430,8561,616,ITC,ITC4,3,Lombardia,Lombardia,10060574,5457972,54.25,0.31
4245,2021-05-28,LOM,93681,44876,48805,42033,50735,913,ITC,ITC4,3,Lombardia,Lombardia,10060574,5551653,55.18,0.93
4246,2021-02-17,LOM,12024,3774,8250,10439,1392,193,ITC,ITC4,3,Lombardia,Lombardia,10060574,5563677,55.3,0.12
4247,2021-06-11,LOM,101522,51711,49811,84942,14687,1893,ITC,ITC4,3,Lombardia,Lombardia,10060574,5665199,56.31,1.01
4248,2021-04-05,LOM,27391,11698,15693,19029,8108,254,ITC,ITC4,3,Lombardia,Lombardia,10060574,5692590,56.58,0.27
4249,2021-01-31,LOM,9808,3802,6006,29,9779,0,ITC,ITC4,3,Lombardia,Lombardia,10060574,5702398,56.68,0.1
4250,2021-05-25,LOM,91211,43640,47571,43857,46530,824,ITC,ITC4,3,Lombardia,Lombardia,10060574,5793609,57.59,0.91
4251,2021-02-14,LOM,3585,1547,2038,2935,636,14,ITC,ITC4,3,Lombardia,Lombardia,10060574,5797194,57.62,0.04
4252,2021-01-12,LOM,20327,6739,13588,20297,0,30,ITC,ITC4,3,Lombardia,Lombardia,10060574,5817521,57.82,0.2
4253,2021-06-26,LOM,105924,55455,50469,77783,25738,2403,ITC,ITC4,3,Lombardia,Lombardia,10060574,5923445,58.88,1.05
4254,2021-02-10,LOM,14452,4525,9927,7566,6857,29,ITC,ITC4,3,Lombardia,Lombardia,10060574,5937897,59.02,0.14
4255,2021-06-21,LOM,113374,58076,55298,78356,32849,2169,ITC,ITC4,3,Lombardia,Lombardia,10060574,6051271,60.15,1.13
4256,2021-06-02,LOM,84670,43592,41078,76987,6364,1319,ITC,ITC4,3,Lombardia,Lombardia,10060574,6135941,60.99,0.84
4257,2021-03-11,LOM,36266,13499,22767,25636,9945,685,ITC,ITC4,3,Lombardia,Lombardia,10060574,6172207,61.35,0.36
4258,2021-03-30,LOM,39719,15621,24098,24254,14854,611,ITC,ITC4,3,Lombardia,Lombardia,10060574,6211926,61.75,0.39
4259,2021-01-06,LOM,7164,2531,4633,7158,0,6,ITC,ITC4,3,Lombardia,Lombardia,10060574,6219090,61.82,0.07
4260,2021-05-18,LOM,88242,42171,46071,31887,55586,769,ITC,ITC4,3,Lombardia,Lombardia,10060574,6307332,62.69,0.88
4261,2021-06-04,LOM,104649,54321,50328,93200,9661,1788,ITC,ITC4,3,Lombardia,Lombardia,10060574,6411981,63.73,1.04
4262,2021-02-24,LOM,14725,5960,8765,13576,956,193,ITC,ITC4,3,Lombardia,Lombardia,10060574,6426706,63.88,0.15
4263,2021-04-27,LOM,86094,40005,46089,67678,16598,1818,ITC,ITC4,3,Lombardia,Lombardia,10060574,6512800,64.74,0.86
4264,2021-03-17,LOM,26295,10508,15787,15111,11024,160,ITC,ITC4,3,Lombardia,Lombardia,10060574,6539095,65.0,0.26
4265,2021-07-04,LOM,86759,43395,43364,40193,44609,1957,ITC,ITC4,3,Lombardia,Lombardia,10060574,6625854,65.86,0.86
4266,2021-07-02,LOM,104002,52127,51875,48874,52927,2201,ITC,ITC4,3,Lombardia,Lombardia,10060574,6729856,66.89,1.03
4267,2021-03-24,LOM,43336,15646,27690,30471,11973,892,ITC,ITC4,3,Lombardia,Lombardia,10060574,6773192,67.32,0.43
4268,2021-02-09,LOM,12229,3336,8893,4026,8189,14,ITC,ITC4,3,Lombardia,Lombardia,10060574,6785421,67.45,0.12
4269,2021-03-06,LOM,21361,9107,12254,16544,4519,298,ITC,ITC4,3,Lombardia,Lombardia,10060574,6806782,67.66,0.21
4270,2021-06-09,LOM,103702,52245,51457,87437,14542,1723,ITC,ITC4,3,Lombardia,Lombardia,10060574,6910484,68.69,1.03
4271,2021-03-08,LOM,29800,11205,18595,22169,7111,520,ITC,ITC4,3,Lombardia,Lombardia,10060574,6940284,68.98,0.3
4272,2021-05-04,LOM,86871,41093,45778,70302,14417,2152,ITC,ITC4,3,Lombardia,Lombardia,10060574,7027155,69.85,0.86
4273,2021-01-24,LOM,1202,458,744,538,664,0,ITC,ITC4,3,Lombardia,Lombardia,10060574,7028357,69.86,0.01
4274,2021-06-18,LOM,107715,52907,54808,51922,54553,1240,ITC,ITC4,3,Lombardia,Lombardia,10060574,7136072,70.93,1.07
4275,2021-08-14,LOM,26546,14890,11656,11136,14861,549,ITC,ITC4,3,Lombardia,Lombardia,10060574,7162618,71.19,0.26
4276,2021-03-01,LOM,18799,8235,10564,16885,1708,206,ITC,ITC4,3,Lombardia,Lombardia,10060574,7181417,71.38,0.19
4277,2021-05-15,LOM,80965,38805,42160,45492,33424,2049,ITC,ITC4,3,Lombardia,Lombardia,10060574,7262382,72.19,0.8
4278,2021-07-11,LOM,90326,45696,44630,11767,77501,1058,ITC,ITC4,3,Lombardia,Lombardia,10060574,7352708,73.08,0.9
4279,2021-05-13,LOM,87225,41796,45429,55733,28894,2598,ITC,ITC4,3,Lombardia,Lombardia,10060574,7439933,73.95,0.87
4280,2021-02-02,LOM,19976,6637,13339,497,19476,3,ITC,ITC4,3,Lombardia,Lombardia,10060574,7459909,74.15,0.2
4281,2021-03-31,LOM,42250,17139,25111,26199,15369,682,ITC,ITC4,3,Lombardia,Lombardia,10060574,7502159,74.57,0.42
4282,2021-03-10,LOM,33349,12756,20593,24860,7897,592,ITC,ITC4,3,Lombardia,Lombardia,10060574,7535508,74.9,0.33
4283,2021-05-06,LOM,89931,42222,47709,70986,16567,2378,ITC,ITC4,3,Lombardia,Lombardia,10060574,7625439,75.8,0.89
4284,2021-01-26,LOM,8377,2715,5662,348,8028,1,ITC,ITC4,3,Lombardia,Lombardia,10060574,7633816,75.88,0.08
4285,2021-08-17,LOM,28365,15668,12697,14417,12948,1000,ITC,ITC4,3,Lombardia,Lombardia,10060574,7662181,76.16,0.28
4286,2021-05-26,LOM,93771,44678,49093,42746,50136,889,ITC,ITC4,3,Lombardia,Lombardia,10060574,7755952,77.09,0.93
4287,2021-02-15,LOM,9036,3163,5873,8382,476,178,ITC,ITC4,3,Lombardia,Lombardia,10060574,7764988,77.18,0.09
4288,2021-03-20,LOM,32611,12172,20439,22250,9859,502,ITC,ITC4,3,Lombardia,Lombardia,10060574,7797599,77.51,0.32
4289,2020-12-27,LOM,718,414,304,718,0,0,ITC,ITC4,3,Lombardia,Lombardia,10060574,7798317,77.51,0.01
4290,2021-08-02,LOM,83607,45297,38310,18325,64374,908,ITC,ITC4,3,Lombardia,Lombardia,10060574,7881924,78.34,0.83
4291,2021-05-09,LOM,69720,32889,36831,54465,13278,1977,ITC,ITC4,3,Lombardia,Lombardia,10060574,7951644,79.04,0.69
4292,2021-01-29,LOM,13540,4145,9395,686,12851,3,ITC,ITC4,3,Lombardia,Lombardia,10060574,7965184,79.17,0.13
4293,2021-02-03,LOM,25703,7942,17761,1078,24620,5,ITC,ITC4,3,Lombardia,Lombardia,10060574,7990887,79.43,0.26
4294,2021-04-01,LOM,43172,17311,25861,26082,16377,713,ITC,ITC4,3,Lombardia,Lombardia,10060574,8034059,79.86,0.43
4295,2021-05-16,LOM,68725,32515,36210,35589,32220,916,ITC,ITC4,3,Lombardia,Lombardia,10060574,8102784,80.54,0.68
4296,2021-02-05,LOM,25774,7486,18288,2427,23334,13,ITC,ITC4,3,Lombardia,Lombardia,10060574,8128558,80.8,0.26
4297,2021-02-22,LOM,11936,4818,7118,11429,309,198,ITC,ITC4,3,Lombardia,Lombardia,10060574,8140494,80.91,0.12
4298,2021-03-13,LOM,27222,9792,17430,20557,6114,551,ITC,ITC4,3,Lombardia,Lombardia,10060574,8167716,81.19,0.27
4299,2021-07-23,LOM,95505,50063,45442,11414,82830,1261,ITC,ITC4,3,Lombardia,Lombardia,10060574,8263221,82.13,0.95
4300,2021-08-09,LOM,68926,36996,31930,18618,49257,1051,ITC,ITC4,3,Lombardia,Lombardia,10060574,8332147,82.82,0.69
4301,2021-05-01,LOM,96047,43704,52343,65051,29280,1716,ITC,ITC4,3,Lombardia,Lombardia,10060574,8428194,83.77,0.95
4302,2021-01-21,LOM,5524,1612,3912,4813,694,17,ITC,ITC4,3,Lombardia,Lombardia,10060574,8433718,83.83,0.05
4303,2021-02-07,LOM,7317,2828,4489,335,6979,3,ITC,ITC4,3,Lombardia,Lombardia,10060574,8441035,83.9,0.07
4304,2021-01-19,LOM,8060,2331,5729,7577,469,14,ITC,ITC4,3,Lombardia,Lombardia,10060574,8449095,83.98,0.08
4305,2021-06-01,LOM,94031,46129,47902,75803,17121,1107,ITC,ITC4,3,Lombardia,Lombardia,10060574,8543126,84.92,0.93
4306,2021-01-02,LOM,202,74,128,202,0,0,ITC,ITC4,3,Lombardia,Lombardia,10060574,8543328,84.92,0.0
4307,2021-06-08,LOM,102929,52313,50616,87174,14079,1676,ITC,ITC4,3,Lombardia,Lombardia,10060574,8646257,85.94,1.02
4308,2021-02-28,LOM,7886,3256,4630,7604,210,72,ITC,ITC4,3,Lombardia,Lombardia,10060574,8654143,86.02,0.08
4309,2021-08-04,LOM,90094,48784,41310,14425,75005,664,ITC,ITC4,3,Lombardia,Lombardia,10060574,8744237,86.92,0.9
4310,2021-04-26,LOM,88021,40948,47073,67081,19168,1772,ITC,ITC4,3,Lombardia,Lombardia,10060574,8832258,87.79,0.87
4311,2021-06-13,LOM,76001,40564,35437,72286,2129,1586,ITC,ITC4,3,Lombardia,Lombardia,10060574,8908259,88.55,0.76
4312,2021-03-05,LOM,28986,11960,17026,20249,8432,305,ITC,ITC4,3,Lombardia,Lombardia,10060574,8937245,88.83,0.29
4313,2021-06-27,LOM,90952,46823,44129,69784,18870,2298,ITC,ITC4,3,Lombardia,Lombardia,10060574,9028197,89.74,0.9
4314,2021-03-19,LOM,32492,12941,19551,18918,13252,322,ITC,ITC4,3,Lombardia,Lombardia,10060574,9060689,90.06,0.32
4315,2021-08-06,LOM,85559,46626,38933,17767,66939,853,ITC,ITC4,3,Lombardia,Lombardia,10060574,9146248,90.91,0.85
4316,2021-04-28,LOM,95781,43683,52098,66934,26932,1915,ITC,ITC4,3,Lombardia,Lombardia,10060574,9242029,91.86,0.95
4317,2021-06-24,LOM,109757,56736,53021,78385,28994,2378,ITC,ITC4,3,Lombardia,Lombardia,10060574,9351786,92.95,1.09
4318,2021-03-16,LOM,25531,10128,15403,16305,9104,122,ITC,ITC4,3,Lombardia,Lombardia,10060574,9377317,93.21,0.25
4319,2021-05-12,LOM,87567,41775,45792,57435,27605,2527,ITC,ITC4,3,Lombardia,Lombardia,10060574,9464884,94.08,0.87
4320,2021-06-17,LOM,108655,52755,55900,50733,56745,1177,ITC,ITC4,3,Lombardia,Lombardia,10060574,9573539,95.16,1.08
4321,2021-03-09,LOM,33258,12877,20381,25251,7418,589,ITC,ITC4,3,Lombardia,Lombardia,10060574,9606797,95.49,0.33
4322,2021-08-13,LOM,53388,29574,23814,20487,31640,1261,ITC,ITC4,3,Lombardia,Lombardia,10060574,9660185,96.02,0.53
4323,2021-05-05,LOM,88108,42004,46104,70482,15353,2273,ITC,ITC4,3,Lombardia,Lombardia,10060574,9748293,96.9,0.88
4324,2021-07-01,LOM,105124,52885,52239,53344,49382,2398,ITC,ITC4,3,Lombardia,Lombardia,10060574,9853417,97.94,1.04
4325,2021-07-21,LOM,93986,48488,45498,8596,84510,880,ITC,ITC4,3,Lombardia,Lombardia,10060574,9947403,98.88,0.93
4326,2021-04-12,LOM,47327,20615,26712,32303,14388,636,ITC,ITC4,3,Lombardia,Lombardia,10060574,9994730,99.35,0.47
4327,2021-02-21,LOM,5053,1864,3189,4941,17,95,ITC,ITC4,3,Lombardia,Lombardia,10060574,9999783,99.4,0.05
4328,2021-07-28,LOM,77428,41718,35710,19103,56568,1757,ITC,ITC4,3,Lombardia,Lombardia,10060574,10077211,100.17,0.77
4329,2021-04-19,LOM,60398,27483,32915,49706,9416,1276,ITC,ITC4,3,Lombardia,Lombardia,10060574,10137609,100.77,0.6
4330,2021-06-15,LOM,96063,48888,47175,49023,45984,1056,ITC,ITC4,3,Lombardia,Lombardia,10060574,10233672,101.72,0.95
4331,2021-05-27,LOM,94962,45489,49473,40622,53548,792,ITC,ITC4,3,Lombardia,Lombardia,10060574,10328634,102.66,0.94
4332,2021-04-24,LOM,75844,33612,42232,53446,21157,1241,ITC,ITC4,3,Lombardia,Lombardia,10060574,10404478,103.42,0.75
4333,2021-01-14,LOM,26963,7817,19146,26910,0,53,ITC,ITC4,3,Lombardia,Lombardia,10060574,10431441,103.69,0.27
4334,2021-08-16,LOM,38800,20994,17806,16767,21008,1025,ITC,ITC4,3,Lombardia,Lombardia,10060574,10470241,104.07,0.39
4335,2021-05-08,LOM,87797,40776,47021,63478,22091,2228,ITC,ITC4,3,Lombardia,Lombardia,10060574,10558038,104.94,0.87
4336,2021-01-18,LOM,9261,2988,6273,8271,975,15,ITC,ITC4,3,Lombardia,Lombardia,10060574,10567299,105.04,0.09
4337,2021-03-23,LOM,42617,15487,27130,28867,12889,861,ITC,ITC4,3,Lombardia,Lombardia,10060574,10609916,105.46,0.42
4338,2021-08-11,LOM,61315,33557,27758,22404,37566,1345,ITC,ITC4,3,Lombardia,Lombardia,10060574,10671231,106.07,0.61
4339,2021-05-20,LOM,95604,46240,49364,31692,63074,838,ITC,ITC4,3,Lombardia,Lombardia,10060574,10766835,107.02,0.95
4340,2021-07-16,LOM,108887,56699,52188,11126,96596,1165,ITC,ITC4,3,Lombardia,Lombardia,10060574,10875722,108.1,1.08
4341,2021-04-07,LOM,50619,20935,29684,34080,15831,708,ITC,ITC4,3,Lombardia,Lombardia,10060574,10926341,108.61,0.5
4342,2021-01-25,LOM,7111,2395,4716,513,6595,3,ITC,ITC4,3,Lombardia,Lombardia,10060574,10933452,108.68,0.07
4343,2021-02-01,LOM,16111,5334,10777,306,15803,2,ITC,ITC4,3,Lombardia,Lombardia,10060574,10949563,108.84,0.16
4344,2021-07-05,LOM,101926,49783,52143,31509,68527,1890,ITC,ITC4,3,Lombardia,Lombardia,10060574,11051489,109.85,1.01
4345,2021-07-12,LOM,111845,57498,54347,14802,95903,1140,ITC,ITC4,3,Lombardia,Lombardia,10060574,11163334,110.96,1.11
4346,2021-04-03,LOM,36296,14880,21416,25787,10127,382,ITC,ITC4,3,Lombardia,Lombardia,10060574,11199630,111.32,0.36
4347,2021-05-30,LOM,74417,35611,38806,33794,40005,618,ITC,ITC4,3,Lombardia,Lombardia,10060574,11274047,112.06,0.74
4348,2021-07-26,LOM,109572,58902,50670,7694,101118,760,ITC,ITC4,3,Lombardia,Lombardia,10060574,11383619,113.15,1.09
4349,2021-05-23,LOM,60814,28962,31852,26295,34006,513,ITC,ITC4,3,Lombardia,Lombardia,10060574,11444433,113.76,0.6
4350,2021-02-12,LOM,14015,4381,9634,8876,4979,160,ITC,ITC4,3,Lombardia,Lombardia,10060574,11458448,113.89,0.14
4351,2021-07-19,LOM,96912,50313,46599,10802,85028,1082,ITC,ITC4,3,Lombardia,Lombardia,10060574,11555360,114.86,0.96
4352,2021-04-10,LOM,52787,21864,30923,40074,11962,751,ITC,ITC4,3,Lombardia,Lombardia,10060574,11608147,115.38,0.52
4353,2021-06-06,LOM,90135,46351,43784,79535,9222,1378,ITC,ITC4,3,Lombardia,Lombardia,10060574,11698282,116.28,0.9
4354,2021-01-07,LOM,11806,3656,8150,11765,0,41,ITC,ITC4,3,Lombardia,Lombardia,10060574,11710088,116.4,0.12
4355,2021-02-19,LOM,14226,5400,8826,13326,725,175,ITC,ITC4,3,Lombardia,Lombardia,10060574,11724314,116.54,0.14
4356,2021-04-17,LOM,48555,21318,27237,36970,10869,716,ITC,ITC4,3,Lombardia,Lombardia,10060574,11772869,117.02,0.48
4357,2021-02-26,LOM,18441,7570,10871,16329,1906,206,ITC,ITC4,3,Lombardia,Lombardia,10060574,11791310,117.2,0.18
4358,2021-07-30,LOM,73215,39734,33481,35021,36072,2122,ITC,ITC4,3,Lombardia,Lombardia,10060574,11864525,117.93,0.73
4359,2020-12-31,LOM,714,302,412,714,0,0,ITC,ITC4,3,Lombardia,Lombardia,10060574,11865239,117.94,0.01
4360,2021-05-19,LOM,83299,39783,43516,33118,49372,809,ITC,ITC4,3,Lombardia,Lombardia,10060574,11948538,118.77,0.83
4361,2021-02-08,LOM,10127,2933,7194,2125,7994,8,ITC,ITC4,3,Lombardia,Lombardia,10060574,11958665,118.87,0.1
4362,2021-02-25,LOM,15351,6368,8983,13534,1617,200,ITC,ITC4,3,Lombardia,Lombardia,10060574,11974016,119.02,0.15
4363,2021-02-06,LOM,15298,5550,9748,1012,14281,5,ITC,ITC4,3,Lombardia,Lombardia,10060574,11989314,119.17,0.15
4364,2021-07-24,LOM,95874,50655,45219,9739,85276,859,ITC,ITC4,3,Lombardia,Lombardia,10060574,12085188,120.12,0.95
4365,2021-08-10,LOM,61397,33235,28162,18655,41681,1061,ITC,ITC4,3,Lombardia,Lombardia,10060574,12146585,120.73,0.61
4366,2021-05-02,LOM,83524,38343,45181,59261,22475,1788,ITC,ITC4,3,Lombardia,Lombardia,10060574,12230109,121.56,0.83
4367,2021-07-22,LOM,99369,52032,47337,12496,85418,1455,ITC,ITC4,3,Lombardia,Lombardia,10060574,12329478,122.55,0.99
4368,2021-04-13,LOM,47684,21286,26398,32938,14101,645,ITC,ITC4,3,Lombardia,Lombardia,10060574,12377162,123.03,0.47
4369,2021-04-30,LOM,117522,54887,62635,87258,27678,2586,ITC,ITC4,3,Lombardia,Lombardia,10060574,12494684,124.19,1.17
4370,2021-01-20,LOM,5711,1392,4319,5591,115,5,ITC,ITC4,3,Lombardia,Lombardia,10060574,12500395,124.25,0.06
4371,2021-01-22,LOM,3197,884,2313,3123,69,5,ITC,ITC4,3,Lombardia,Lombardia,10060574,12503592,124.28,0.03
4372,2021-07-07,LOM,112006,56158,55848,18007,92839,1160,ITC,ITC4,3,Lombardia,Lombardia,10060574,12615598,125.4,1.11
4373,2021-04-15,LOM,49476,21869,27607,34889,13835,752,ITC,ITC4,3,Lombardia,Lombardia,10060574,12665074,125.89,0.49
4374,2021-01-05,LOM,7872,2580,5292,7866,0,6,ITC,ITC4,3,Lombardia,Lombardia,10060574,12672946,125.97,0.08
4375,2021-03-27,LOM,32505,12403,20102,23115,8756,634,ITC,ITC4,3,Lombardia,Lombardia,10060574,12705451,126.29,0.32
4376,2021-01-03,LOM,856,316,540,855,0,1,ITC,ITC4,3,Lombardia,Lombardia,10060574,12706307,126.3,0.01
4377,2021-06-22,LOM,111248,58101,53147,79176,29949,2123,ITC,ITC4,3,Lombardia,Lombardia,10060574,12817555,127.4,1.11
4378,2021-07-09,LOM,115733,58994,56739,11732,103117,884,ITC,ITC4,3,Lombardia,Lombardia,10060574,12933288,128.55,1.15
4379,2021-06-03,LOM,97187,49739,47448,84612,10910,1665,ITC,ITC4,3,Lombardia,Lombardia,10060574,13030475,129.52,0.97
4380,2021-06-20,LOM,89033,44369,44664,52828,34964,1241,ITC,ITC4,3,Lombardia,Lombardia,10060574,13119508,130.41,0.88
4381,2021-03-12,LOM,35312,12979,22333,24457,10237,618,ITC,ITC4,3,Lombardia,Lombardia,10060574,13154820,130.76,0.35
4382,2021-03-29,LOM,40061,15548,24513,24534,14848,679,ITC,ITC4,3,Lombardia,Lombardia,10060574,13194881,131.15,0.4
4383,2021-02-10,ABR,946,311,635,492,444,10,ITF,ITF1,13,Abruzzo,Abruzzo,1304970,946,0.07,0.07
4384,2021-03-03,ABR,4643,1899,2744,3713,906,24,ITF,ITF1,13,Abruzzo,Abruzzo,1304970,5589,0.43,0.36
4385,2021-07-14,ABR,13722,6798,6924,2437,11134,151,ITF,ITF1,13,Abruzzo,Abruzzo,1304970,19311,1.48,1.05
4386,2021-04-08,ABR,7394,3334,4060,4935,2331,128,ITF,ITF1,13,Abruzzo,Abruzzo,1304970,26705,2.05,0.57
4387,2021-04-22,ABR,6738,3253,3485,4831,1733,174,ITF,ITF1,13,Abruzzo,Abruzzo,1304970,33443,2.56,0.52
4388,2021-07-31,ABR,11743,6341,5402,3482,8059,202,ITF,ITF1,13,Abruzzo,Abruzzo,1304970,45186,3.46,0.9
4389,2021-03-22,ABR,4346,1910,2436,2309,1971,66,ITF,ITF1,13,Abruzzo,Abruzzo,1304970,49532,3.8,0.33
4390,2021-02-22,ABR,2643,1174,1469,2588,30,25,ITF,ITF1,13,Abruzzo,Abruzzo,1304970,52175,4.0,0.2
4391,2021-02-05,ABR,1534,521,1013,772,746,16,ITF,ITF1,13,Abruzzo,Abruzzo,1304970,53709,4.12,0.12
4392,2021-05-16,ABR,9579,4136,5443,5649,3811,119,ITF,ITF1,13,Abruzzo,Abruzzo,1304970,63288,4.85,0.73
4393,2021-06-04,ABR,15638,7392,8246,10758,4693,187,ITF,ITF1,13,Abruzzo,Abruzzo,1304970,78926,6.05,1.2
4394,2021-05-18,ABR,12110,5660,6450,7561,4380,169,ITF,ITF1,13,Abruzzo,Abruzzo,1304970,91036,6.98,0.93
4395,2021-02-24,ABR,3306,1442,1864,3112,177,17,ITF,ITF1,13,Abruzzo,Abruzzo,1304970,94342,7.23,0.25
4396,2021-08-09,ABR,10694,5542,5152,3096,7405,193,ITF,ITF1,13,Abruzzo,Abruzzo,1304970,105036,8.05,0.82
4397,2021-01-10,ABR,1270,538,732,1266,0,4,ITF,ITF1,13,Abruzzo,Abruzzo,1304970,106306,8.15,0.1
4398,2021-04-29,ABR,12683,5854,6829,9278,3097,308,ITF,ITF1,13,Abruzzo,Abruzzo,1304970,118989,9.12,0.97
4399,2021-08-07,ABR,6507,3629,2878,1838,4574,95,ITF,ITF1,13,Abruzzo,Abruzzo,1304970,125496,9.62,0.5
4400,2021-06-25,ABR,11061,5479,5582,4906,6012,143,ITF,ITF1,13,Abruzzo,Abruzzo,1304970,136557,10.46,0.85
4401,2021-01-15,ABR,385,155,230,371,0,14,ITF,ITF1,13,Abruzzo,Abruzzo,1304970,136942,10.49,0.03
4402,2020-12-27,ABR,46,24,22,46,0,0,ITF,ITF1,13,Abruzzo,Abruzzo,1304970,136988,10.5,0.0
4403,2021-03-20,ABR,4794,2200,2594,2561,2171,62,ITF,ITF1,13,Abruzzo,Abruzzo,1304970,141782,10.86,0.37
4404,2021-06-13,ABR,9844,4925,4919,7846,1833,165,ITF,ITF1,13,Abruzzo,Abruzzo,1304970,151626,11.62,0.75
4405,2021-05-04,ABR,10855,5094,5761,7050,3619,186,ITF,ITF1,13,Abruzzo,Abruzzo,1304970,162481,12.45,0.83
4406,2021-03-08,ABR,5158,1694,3464,4089,975,94,ITF,ITF1,13,Abruzzo,Abruzzo,1304970,167639,12.85,0.4
4407,2021-01-24,ABR,50,22,28,6,44,0,ITF,ITF1,13,Abruzzo,Abruzzo,1304970,167689,12.85,0.0
4408,2021-03-01,ABR,3478,1384,2094,2703,751,24,ITF,ITF1,13,Abruzzo,Abruzzo,1304970,171167,13.12,0.27
4409,2021-01-22,ABR,118,57,61,118,0,0,ITF,ITF1,13,Abruzzo,Abruzzo,1304970,171285,13.13,0.01
4410,2021-01-03,ABR,500,212,288,498,0,2,ITF,ITF1,13,Abruzzo,Abruzzo,1304970,171785,13.16,0.04
4411,2021-06-30,ABR,11170,5430,5740,4496,6508,166,ITF,ITF1,13,Abruzzo,Abruzzo,1304970,182955,14.02,0.86
4412,2021-02-17,ABR,2071,948,1123,1780,282,9,ITF,ITF1,13,Abruzzo,Abruzzo,1304970,185026,14.18,0.16
4413,2021-06-11,ABR,11778,5852,5926,8831,2761,186,ITF,ITF1,13,Abruzzo,Abruzzo,1304970,196804,15.08,0.9
4414,2021-05-11,ABR,10762,5119,5643,5732,4854,176,ITF,ITF1,13,Abruzzo,Abruzzo,1304970,207566,15.91,0.82
4415,2021-07-21,ABR,11079,5719,5360,2427,8518,134,ITF,ITF1,13,Abruzzo,Abruzzo,1304970,218645,16.75,0.85
4416,2021-02-03,ABR,2062,717,1345,411,1643,8,ITF,ITF1,13,Abruzzo,Abruzzo,1304970,220707,16.91,0.16
4417,2021-02-28,ABR,1703,509,1194,1665,2,36,ITF,ITF1,13,Abruzzo,Abruzzo,1304970,222410,17.04,0.13
4418,2021-08-04,ABR,10883,5629,5254,4305,6336,242,ITF,ITF1,13,Abruzzo,Abruzzo,1304970,233293,17.88,0.83
4419,2021-01-02,ABR,559,226,333,558,0,1,ITF,ITF1,13,Abruzzo,Abruzzo,1304970,233852,17.92,0.04
4420,2021-06-08,ABR,12871,6625,6246,10436,2196,239,ITF,ITF1,13,Abruzzo,Abruzzo,1304970,246723,18.91,0.99
4421,2021-01-29,ABR,1387,449,938,72,1314,1,ITF,ITF1,13,Abruzzo,Abruzzo,1304970,248110,19.01,0.11
4422,2021-08-02,ABR,13856,7155,6701,3548,10050,258,ITF,ITF1,13,Abruzzo,Abruzzo,1304970,261966,20.07,1.06
4423,2021-05-27,ABR,13322,6105,7217,8317,4830,175,ITF,ITF1,13,Abruzzo,Abruzzo,1304970,275288,21.1,1.02
4424,2021-04-27,ABR,9084,4367,4717,6505,2466,113,ITF,ITF1,13,Abruzzo,Abruzzo,1304970,284372,21.79,0.7
4425,2021-07-02,ABR,11833,5946,5887,4833,6816,184,ITF,ITF1,13,Abruzzo,Abruzzo,1304970,296205,22.7,0.91
4426,2021-03-15,ABR,3681,1445,2236,1841,1808,32,ITF,ITF1,13,Abruzzo,Abruzzo,1304970,299886,22.98,0.28
4427,2021-01-17,ABR,191,62,129,183,7,1,ITF,ITF1,13,Abruzzo,Abruzzo,1304970,300077,22.99,0.01
4428,2021-06-23,ABR,11015,5282,5733,5581,5288,146,ITF,ITF1,13,Abruzzo,Abruzzo,1304970,311092,23.84,0.84
4429,2021-08-14,ABR,132,70,62,105,25,2,ITF,ITF1,13,Abruzzo,Abruzzo,1304970,311224,23.85,0.01
4430,2021-06-18,ABR,10188,5004,5184,6551,3490,147,ITF,ITF1,13,Abruzzo,Abruzzo,1304970,321412,24.63,0.78
4431,2021-02-02,ABR,1763,668,1095,218,1541,4,ITF,ITF1,13,Abruzzo,Abruzzo,1304970,323175,24.76,0.14
4432,2021-05-13,ABR,11149,5042,6107,6959,3961,229,ITF,ITF1,13,Abruzzo,Abruzzo,1304970,334324,25.62,0.85
4433,2021-03-31,ABR,6722,2945,3777,4558,2069,95,ITF,ITF1,13,Abruzzo,Abruzzo,1304970,341046,26.13,0.52
4434,2021-04-26,ABR,8562,4066,4496,7141,1213,208,ITF,ITF1,13,Abruzzo,Abruzzo,1304970,349608,26.79,0.66
4435,2021-06-01,ABR,11000,4878,6122,6511,4368,121,ITF,ITF1,13,Abruzzo,Abruzzo,1304970,360608,27.63,0.84
4436,2021-04-19,ABR,6234,2862,3372,3787,2374,73,ITF,ITF1,13,Abruzzo,Abruzzo,1304970,366842,28.11,0.48
4437,2021-02-21,ABR,1218,550,668,1193,1,24,ITF,ITF1,13,Abruzzo,Abruzzo,1304970,368060,28.2,0.09
4438,2021-07-28,ABR,13253,6940,6313,3431,9655,167,ITF,ITF1,13,Abruzzo,Abruzzo,1304970,381313,29.22,1.02
4439,2021-04-05,ABR,2692,1147,1545,1730,880,82,ITF,ITF1,13,Abruzzo,Abruzzo,1304970,384005,29.43,0.21
4440,2021-03-27,ABR,6127,2623,3504,3563,2491,73,ITF,ITF1,13,Abruzzo,Abruzzo,1304970,390132,29.9,0.47
4441,2021-01-05,ABR,1733,721,1012,1728,0,5,ITF,ITF1,13,Abruzzo,Abruzzo,1304970,391865,30.03,0.13
4442,2021-04-15,ABR,7831,3688,4143,5831,1843,157,ITF,ITF1,13,Abruzzo,Abruzzo,1304970,399696,30.63,0.6
4443,2021-07-07,ABR,12066,5907,6159,4035,7792,239,ITF,ITF1,13,Abruzzo,Abruzzo,1304970,411762,31.55,0.92
4444,2021-07-09,ABR,13609,6794,6815,2892,10580,137,ITF,ITF1,13,Abruzzo,Abruzzo,1304970,425371,32.6,1.04
4445,2021-03-19,ABR,5797,2585,3212,2731,3024,42,ITF,ITF1,13,Abruzzo,Abruzzo,1304970,431168,33.04,0.44
4446,2021-03-05,ABR,5347,1957,3390,4590,697,60,ITF,ITF1,13,Abruzzo,Abruzzo,1304970,436515,33.45,0.41
4447,2021-06-27,ABR,8370,4302,4068,5020,3210,140,ITF,ITF1,13,Abruzzo,Abruzzo,1304970,444885,34.09,0.64
4448,2021-04-07,ABR,7531,3477,4054,4514,2886,131,ITF,ITF1,13,Abruzzo,Abruzzo,1304970,452416,34.67,0.58
4449,2021-07-16,ABR,16146,8236,7910,2468,13561,117,ITF,ITF1,13,Abruzzo,Abruzzo,1304970,468562,35.91,1.24
4450,2021-01-12,ABR,1899,761,1138,1885,0,14,ITF,ITF1,13,Abruzzo,Abruzzo,1304970,470461,36.05,0.15
4451,2021-05-25,ABR,11423,5326,6097,8086,3139,198,ITF,ITF1,13,Abruzzo,Abruzzo,1304970,481884,36.93,0.88
4452,2021-01-31,ABR,1523,494,1029,288,1234,1,ITF,ITF1,13,Abruzzo,Abruzzo,1304970,483407,37.04,0.12
4453,2021-05-10,ABR,10108,4784,5324,5363,4649,96,ITF,ITF1,13,Abruzzo,Abruzzo,1304970,493515,37.82,0.77
4454,2021-04-23,ABR,7395,3395,4000,4924,2305,166,ITF,ITF1,13,Abruzzo,Abruzzo,1304970,500910,38.38,0.57
4455,2021-01-30,ABR,1512,568,944,65,1446,1,ITF,ITF1,13,Abruzzo,Abruzzo,1304970,502422,38.5,0.12
4456,2021-08-01,ABR,7570,4056,3514,2004,5464,102,ITF,ITF1,13,Abruzzo,Abruzzo,1304970,509992,39.08,0.58
4457,2021-06-29,ABR,11428,5640,5788,5245,5996,187,ITF,ITF1,13,Abruzzo,Abruzzo,1304970,521420,39.96,0.88
4458,2021-03-17,ABR,4540,1873,2667,2777,1740,23,ITF,ITF1,13,Abruzzo,Abruzzo,1304970,525960,40.3,0.35
4459,2021-03-24,ABR,6387,2786,3601,3994,2252,141,ITF,ITF1,13,Abruzzo,Abruzzo,1304970,532347,40.79,0.49
4460,2021-02-09,ABR,914,316,598,504,409,1,ITF,ITF1,13,Abruzzo,Abruzzo,1304970,533261,40.86,0.07
4461,2021-05-15,ABR,11432,5181,6251,5945,5311,176,ITF,ITF1,13,Abruzzo,Abruzzo,1304970,544693,41.74,0.88
4462,2021-07-11,ABR,9887,4975,4912,2367,7385,135,ITF,ITF1,13,Abruzzo,Abruzzo,1304970,554580,42.5,0.76
4463,2021-03-10,ABR,5051,1686,3365,4025,958,68,ITF,ITF1,13,Abruzzo,Abruzzo,1304970,559631,42.88,0.39
4464,2021-01-26,ABR,1549,568,981,34,1515,0,ITF,ITF1,13,Abruzzo,Abruzzo,1304970,561180,43.0,0.12
4465,2021-05-06,ABR,13003,6087,6916,7799,5047,157,ITF,ITF1,13,Abruzzo,Abruzzo,1304970,574183,44.0,1.0
4466,2021-04-09,ABR,8993,4260,4733,6246,2603,144,ITF,ITF1,13,Abruzzo,Abruzzo,1304970,583176,44.69,0.69
4467,2021-07-18,ABR,12206,6310,5896,2005,10082,119,ITF,ITF1,13,Abruzzo,Abruzzo,1304970,595382,45.62,0.94
4468,2021-04-02,ABR,6697,3104,3593,5116,1488,93,ITF,ITF1,13,Abruzzo,Abruzzo,1304970,602079,46.14,0.51
4469,2021-02-04,ABR,1684,617,1067,600,1072,12,ITF,ITF1,13,Abruzzo,Abruzzo,1304970,603763,46.27,0.13
4470,2021-07-20,ABR,12588,6387,6201,3228,9175,185,ITF,ITF1,13,Abruzzo,Abruzzo,1304970,616351,47.23,0.96
4471,2021-03-21,ABR,2133,913,1220,839,1290,4,ITF,ITF1,13,Abruzzo,Abruzzo,1304970,618484,47.39,0.16
4472,2021-06-12,ABR,11423,5918,5505,9892,1350,181,ITF,ITF1,13,Abruzzo,Abruzzo,1304970,629907,48.27,0.88
4473,2021-01-13,ABR,1302,483,819,1294,0,8,ITF,ITF1,13,Abruzzo,Abruzzo,1304970,631209,48.37,0.1
4474,2021-02-13,ABR,865,392,473,437,424,4,ITF,ITF1,13,Abruzzo,Abruzzo,1304970,632074,48.44,0.07
4475,2021-07-17,ABR,14105,7388,6717,2669,11260,176,ITF,ITF1,13,Abruzzo,Abruzzo,1304970,646179,49.52,1.08
4476,2021-03-04,ABR,5936,2360,3576,4973,922,41,ITF,ITF1,13,Abruzzo,Abruzzo,1304970,652115,49.97,0.45
4477,2021-06-15,ABR,11331,5564,5767,8684,2438,209,ITF,ITF1,13,Abruzzo,Abruzzo,1304970,663446,50.84,0.87
4478,2021-04-12,ABR,6241,2958,3283,4985,1175,81,ITF,ITF1,13,Abruzzo,Abruzzo,1304970,669687,51.32,0.48
4479,2021-01-16,ABR,937,430,507,929,0,8,ITF,ITF1,13,Abruzzo,Abruzzo,1304970,670624,51.39,0.07
4480,2021-06-22,ABR,10412,4878,5534,5386,4847,179,ITF,ITF1,13,Abruzzo,Abruzzo,1304970,681036,52.19,0.8
4481,2021-03-29,ABR,5710,2600,3110,3020,2640,50,ITF,ITF1,13,Abruzzo,Abruzzo,1304970,686746,52.63,0.44
4482,2021-06-03,ABR,13198,6284,6914,9247,3777,174,ITF,ITF1,13,Abruzzo,Abruzzo,1304970,699944,53.64,1.01
4483,2021-03-12,ABR,6044,1994,4050,4350,1611,83,ITF,ITF1,13,Abruzzo,Abruzzo,1304970,705988,54.1,0.46
4484,2021-06-20,ABR,8442,4237,4205,5409,2930,103,ITF,ITF1,13,Abruzzo,Abruzzo,1304970,714430,54.75,0.65
4485,2021-03-14,ABR,1885,732,1153,1200,668,17,ITF,ITF1,13,Abruzzo,Abruzzo,1304970,716315,54.89,0.14
4486,2021-02-25,ABR,3056,1343,1713,2506,531,19,ITF,ITF1,13,Abruzzo,Abruzzo,1304970,719371,55.13,0.23
4487,2021-04-04,ABR,1632,768,864,1460,129,43,ITF,ITF1,13,Abruzzo,Abruzzo,1304970,721003,55.25,0.13
4488,2021-07-13,ABR,15525,7752,7773,2827,12521,177,ITF,ITF1,13,Abruzzo,Abruzzo,1304970,736528,56.44,1.19
4489,2021-08-12,ABR,8764,4624,4140,3179,5406,179,ITF,ITF1,13,Abruzzo,Abruzzo,1304970,745292,57.11,0.67
4490,2021-06-16,ABR,10896,5453,5443,7993,2686,217,ITF,ITF1,13,Abruzzo,Abruzzo,1304970,756188,57.95,0.83
4491,2021-02-27,ABR,2813,1339,1474,2512,267,34,ITF,ITF1,13,Abruzzo,Abruzzo,1304970,759001,58.16,0.22
4492,2021-05-28,ABR,14023,6310,7713,7492,6363,168,ITF,ITF1,13,Abruzzo,Abruzzo,1304970,773024,59.24,1.07
4493,2021-06-07,ABR,11100,5290,5810,9071,1844,185,ITF,ITF1,13,Abruzzo,Abruzzo,1304970,784124,60.09,0.85
4494,2021-04-11,ABR,5381,2629,2752,4836,487,58,ITF,ITF1,13,Abruzzo,Abruzzo,1304970,789505,60.5,0.41
4495,2021-06-09,ABR,11572,6092,5480,9707,1684,181,ITF,ITF1,13,Abruzzo,Abruzzo,1304970,801077,61.39,0.89
4496,2021-03-06,ABR,4181,1362,2819,3569,570,42,ITF,ITF1,13,Abruzzo,Abruzzo,1304970,805258,61.71,0.32
4497,2021-07-04,ABR,8370,4214,4156,3333,4912,125,ITF,ITF1,13,Abruzzo,Abruzzo,1304970,813628,62.35,0.64
4498,2021-02-11,ABR,816,262,554,771,43,2,ITF,ITF1,13,Abruzzo,Abruzzo,1304970,814444,62.41,0.06
4499,2021-05-24,ABR,12221,5839,6382,8725,3340,156,ITF,ITF1,13,Abruzzo,Abruzzo,1304970,826665,63.35,0.94
4500,2021-02-18,ABR,2291,933,1358,2141,133,17,ITF,ITF1,13,Abruzzo,Abruzzo,1304970,828956,63.52,0.18
4501,2021-05-29,ABR,10319,4431,5888,4458,5772,89,ITF,ITF1,13,Abruzzo,Abruzzo,1304970,839275,64.31,0.79
4502,2021-05-22,ABR,13162,6392,6770,8132,4917,113,ITF,ITF1,13,Abruzzo,Abruzzo,1304970,852437,65.32,1.01
4503,2021-03-26,ABR,5360,2315,3045,3178,2078,104,ITF,ITF1,13,Abruzzo,Abruzzo,1304970,857797,65.73,0.41
4504,2021-07-27,ABR,15141,7906,7235,3343,11623,175,ITF,ITF1,13,Abruzzo,Abruzzo,1304970,872938,66.89,1.16
4505,2021-05-31,ABR,11339,5114,6225,6768,4444,127,ITF,ITF1,13,Abruzzo,Abruzzo,1304970,884277,67.76,0.87
4506,2021-04-20,ABR,5638,2714,2924,4106,1456,76,ITF,ITF1,13,Abruzzo,Abruzzo,1304970,889915,68.19,0.43
4507,2021-07-29,ABR,15180,7973,7207,3928,11043,209,ITF,ITF1,13,Abruzzo,Abruzzo,1304970,905095,69.36,1.16
4508,2021-04-25,ABR,9071,4626,4445,8054,809,208,ITF,ITF1,13,Abruzzo,Abruzzo,1304970,914166,70.05,0.7
4509,2021-08-05,ABR,13898,7159,6739,4717,8912,269,ITF,ITF1,13,Abruzzo,Abruzzo,1304970,928064,71.12,1.07
4510,2021-01-08,ABR,1660,638,1022,1651,0,9,ITF,ITF1,13,Abruzzo,Abruzzo,1304970,929724,71.24,0.13
4511,2021-04-18,ABR,5815,2728,3087,4725,943,147,ITF,ITF1,13,Abruzzo,Abruzzo,1304970,935539,71.69,0.45
4512,2021-05-08,ABR,10293,4872,5421,6329,3834,130,ITF,ITF1,13,Abruzzo,Abruzzo,1304970,945832,72.48,0.79
4513,2021-04-24,ABR,8732,3975,4757,6942,1532,258,ITF,ITF1,13,Abruzzo,Abruzzo,1304970,954564,73.15,0.67
4514,2021-08-16,ABR,6118,3214,2904,2266,3707,145,ITF,ITF1,13,Abruzzo,Abruzzo,1304970,960682,73.62,0.47
4515,2021-01-14,ABR,568,227,341,566,0,2,ITF,ITF1,13,Abruzzo,Abruzzo,1304970,961250,73.66,0.04
4516,2021-02-16,ABR,1917,842,1075,1892,12,13,ITF,ITF1,13,Abruzzo,Abruzzo,1304970,963167,73.81,0.15
4517,2021-03-02,ABR,3967,1676,2291,3261,686,20,ITF,ITF1,13,Abruzzo,Abruzzo,1304970,967134,74.11,0.3
4518,2021-06-10,ABR,12707,6318,6389,10308,2162,237,ITF,ITF1,13,Abruzzo,Abruzzo,1304970,979841,75.09,0.97
4519,2021-01-28,ABR,1433,495,938,11,1422,0,ITF,ITF1,13,Abruzzo,Abruzzo,1304970,981274,75.2,0.11
4520,2021-03-07,ABR,2523,630,1893,2482,0,41,ITF,ITF1,13,Abruzzo,Abruzzo,1304970,983797,75.39,0.19
4521,2021-01-09,ABR,1610,691,919,1598,0,12,ITF,ITF1,13,Abruzzo,Abruzzo,1304970,985407,75.51,0.12
4522,2021-06-05,ABR,14621,6867,7754,10371,4050,200,ITF,ITF1,13,Abruzzo,Abruzzo,1304970,1000028,76.63,1.12
4523,2021-08-08,ABR,4450,2428,2022,1887,2473,90,ITF,ITF1,13,Abruzzo,Abruzzo,1304970,1004478,76.97,0.34
4524,2021-05-17,ABR,11035,5039,5996,6021,4854,160,ITF,ITF1,13,Abruzzo,Abruzzo,1304970,1015513,77.82,0.85
4525,2021-02-23,ABR,2780,1273,1507,2754,11,15,ITF,ITF1,13,Abruzzo,Abruzzo,1304970,1018293,78.03,0.21
4526,2021-02-06,ABR,1611,743,868,595,1009,7,ITF,ITF1,13,Abruzzo,Abruzzo,1304970,1019904,78.16,0.12
4527,2021-02-08,ABR,1196,396,800,486,710,0,ITF,ITF1,13,Abruzzo,Abruzzo,1304970,1021100,78.25,0.09
4528,2021-05-19,ABR,10730,5126,5604,7571,3035,124,ITF,ITF1,13,Abruzzo,Abruzzo,1304970,1031830,79.07,0.82
4529,2021-05-07,ABR,12202,5711,6491,7662,4414,126,ITF,ITF1,13,Abruzzo,Abruzzo,1304970,1044032,80.0,0.94
4530,2021-03-25,ABR,5798,2664,3134,3066,2620,112,ITF,ITF1,13,Abruzzo,Abruzzo,1304970,1049830,80.45,0.44
4531,2021-01-27,ABR,1367,516,851,37,1330,0,ITF,ITF1,13,Abruzzo,Abruzzo,1304970,1051197,80.55,0.1
4532,2021-07-03,ABR,10193,5147,5046,3502,6543,148,ITF,ITF1,13,Abruzzo,Abruzzo,1304970,1061390,81.33,0.78
4533,2021-01-11,ABR,1686,690,996,1682,0,4,ITF,ITF1,13,Abruzzo,Abruzzo,1304970,1063076,81.46,0.13
4534,2021-04-21,ABR,6393,3103,3290,4640,1672,81,ITF,ITF1,13,Abruzzo,Abruzzo,1304970,1069469,81.95,0.49
4535,2021-07-15,ABR,15942,8087,7855,3130,12636,176,ITF,ITF1,13,Abruzzo,Abruzzo,1304970,1085411,83.18,1.22
4536,2021-06-28,ABR,10054,4838,5216,5312,4573,169,ITF,ITF1,13,Abruzzo,Abruzzo,1304970,1095465,83.95,0.77
4537,2021-04-06,ABR,7676,3577,4099,5229,2319,128,ITF,ITF1,13,Abruzzo,Abruzzo,1304970,1103141,84.53,0.59
4538,2021-08-03,ABR,12721,6574,6147,3650,8905,166,ITF,ITF1,13,Abruzzo,Abruzzo,1304970,1115862,85.51,0.97
4539,2021-08-17,ABR,5076,2667,2409,2134,2786,156,ITF,ITF1,13,Abruzzo,Abruzzo,1304970,1120938,85.9,0.39
4540,2021-05-30,ABR,8660,4110,4550,5326,3255,79,ITF,ITF1,13,Abruzzo,Abruzzo,1304970,1129598,86.56,0.66
4541,2021-04-03,ABR,5163,2258,2905,3485,1598,80,ITF,ITF1,13,Abruzzo,Abruzzo,1304970,1134761,86.96,0.4
4542,2021-07-26,ABR,14259,7461,6798,3871,10190,198,ITF,ITF1,13,Abruzzo,Abruzzo,1304970,1149020,88.05,1.09
4543,2021-07-12,ABR,15076,7457,7619,2361,12600,115,ITF,ITF1,13,Abruzzo,Abruzzo,1304970,1164096,89.2,1.16
4544,2021-02-20,ABR,4783,1845,2938,4663,76,44,ITF,ITF1,13,Abruzzo,Abruzzo,1304970,1168879,89.57,0.37
4545,2021-02-12,ABR,1228,567,661,1026,189,13,ITF,ITF1,13,Abruzzo,Abruzzo,1304970,1170107,89.67,0.09
4546,2021-07-19,ABR,11783,5984,5799,2672,8941,170,ITF,ITF1,13,Abruzzo,Abruzzo,1304970,1181890,90.57,0.9
4547,2021-05-23,ABR,9881,4694,5187,7068,2692,121,ITF,ITF1,13,Abruzzo,Abruzzo,1304970,1191771,91.33,0.76
4548,2021-06-06,ABR,11151,5310,5841,8778,2241,132,ITF,ITF1,13,Abruzzo,Abruzzo,1304970,1202922,92.18,0.85
4549,2021-04-10,ABR,8780,4059,4721,6127,2511,142,ITF,ITF1,13,Abruzzo,Abruzzo,1304970,1211702,92.85,0.67
4550,2021-05-21,ABR,13020,6328,6692,7866,4979,175,ITF,ITF1,13,Abruzzo,Abruzzo,1304970,1224722,93.85,1.0
4551,2021-03-18,ABR,3900,1652,2248,2039,1835,26,ITF,ITF1,13,Abruzzo,Abruzzo,1304970,1228622,94.15,0.3
4552,2021-06-26,ABR,10052,5019,5033,5691,4199,162,ITF,ITF1,13,Abruzzo,Abruzzo,1304970,1238674,94.92,0.77
4553,2021-07-10,ABR,13121,6632,6489,3011,9945,165,ITF,ITF1,13,Abruzzo,Abruzzo,1304970,1251795,95.93,1.01
4554,2021-05-09,ABR,9157,4091,5066,4175,4871,111,ITF,ITF1,13,Abruzzo,Abruzzo,1304970,1260952,96.63,0.7
4555,2021-02-15,ABR,1795,832,963,1736,42,17,ITF,ITF1,13,Abruzzo,Abruzzo,1304970,1262747,96.76,0.14
4556,2021-05-26,ABR,13550,6044,7506,8397,4993,160,ITF,ITF1,13,Abruzzo,Abruzzo,1304970,1276297,97.8,1.04
4557,2021-06-14,ABR,10978,5431,5547,7426,3379,173,ITF,ITF1,13,Abruzzo,Abruzzo,1304970,1287275,98.64,0.84
4558,2021-05-14,ABR,10597,5071,5526,5284,5152,161,ITF,ITF1,13,Abruzzo,Abruzzo,1304970,1297872,99.46,0.81
4559,2021-04-01,ABR,5595,2508,3087,3431,2088,76,ITF,ITF1,13,Abruzzo,Abruzzo,1304970,1303467,99.88,0.43
4560,2021-04-17,ABR,7358,3403,3955,4212,3052,94,ITF,ITF1,13,Abruzzo,Abruzzo,1304970,1310825,100.45,0.56
4561,2021-02-19,ABR,3301,1552,1749,3162,100,39,ITF,ITF1,13,Abruzzo,Abruzzo,1304970,1314126,100.7,0.25
4562,2021-01-07,ABR,1711,657,1054,1704,0,7,ITF,ITF1,13,Abruzzo,Abruzzo,1304970,1315837,100.83,0.13
4563,2021-04-30,ABR,12510,5869,6641,6512,5726,272,ITF,ITF1,13,Abruzzo,Abruzzo,1304970,1328347,101.79,0.96
4564,2021-04-13,ABR,5896,2755,3141,4563,1238,95,ITF,ITF1,13,Abruzzo,Abruzzo,1304970,1334243,102.24,0.45
4565,2021-01-20,ABR,449,157,292,427,2,20,ITF,ITF1,13,Abruzzo,Abruzzo,1304970,1334692,102.28,0.03
4566,2021-07-05,ABR,10906,5346,5560,4046,6670,190,ITF,ITF1,13,Abruzzo,Abruzzo,1304970,1345598,103.11,0.84
4567,2021-07-22,ABR,14485,7413,7072,3516,10760,209,ITF,ITF1,13,Abruzzo,Abruzzo,1304970,1360083,104.22,1.11
4568,2021-07-24,ABR,12628,6834,5794,3806,8588,234,ITF,ITF1,13,Abruzzo,Abruzzo,1304970,1372711,105.19,0.97
4569,2021-05-02,ABR,10466,5115,5351,5090,5232,144,ITF,ITF1,13,Abruzzo,Abruzzo,1304970,1383177,105.99,0.8
4570,2021-08-10,ABR,9267,4965,4302,3396,5660,211,ITF,ITF1,13,Abruzzo,Abruzzo,1304970,1392444,106.7,0.71
4571,2021-07-30,ABR,12082,6433,5649,3792,8066,224,ITF,ITF1,13,Abruzzo,Abruzzo,1304970,1404526,107.63,0.93
4572,2021-02-26,ABR,3924,1679,2245,2929,969,26,ITF,ITF1,13,Abruzzo,Abruzzo,1304970,1408450,107.93,0.3
4573,2021-01-18,ABR,152,71,81,53,99,0,ITF,ITF1,13,Abruzzo,Abruzzo,1304970,1408602,107.94,0.01
4574,2021-06-24,ABR,10863,5410,5453,5722,4972,169,ITF,ITF1,13,Abruzzo,Abruzzo,1304970,1419465,108.77,0.83
4575,2021-04-28,ABR,9516,4590,4926,7315,2023,178,ITF,ITF1,13,Abruzzo,Abruzzo,1304970,1428981,109.5,0.73
4576,2021-05-12,ABR,9630,4602,5028,5874,3582,174,ITF,ITF1,13,Abruzzo,Abruzzo,1304970,1438611,110.24,0.74
4577,2021-03-16,ABR,3484,1452,2032,1802,1654,28,ITF,ITF1,13,Abruzzo,Abruzzo,1304970,1442095,110.51,0.27
4578,2021-08-06,ABR,10668,5702,4966,3685,6742,241,ITF,ITF1,13,Abruzzo,Abruzzo,1304970,1452763,111.33,0.82
4579,2021-05-05,ABR,11639,5572,6067,6273,5207,159,ITF,ITF1,13,Abruzzo,Abruzzo,1304970,1464402,112.22,0.89
4580,2021-03-09,ABR,5178,1805,3373,4151,938,89,ITF,ITF1,13,Abruzzo,Abruzzo,1304970,1469580,112.61,0.4
4581,2021-08-13,ABR,7122,3833,3289,2021,4997,104,ITF,ITF1,13,Abruzzo,Abruzzo,1304970,1476702,113.16,0.55
4582,2021-07-01,ABR,12760,6283,6477,5770,6766,224,ITF,ITF1,13,Abruzzo,Abruzzo,1304970,1489462,114.14,0.98
4583,2021-06-17,ABR,10916,5459,5457,7302,3453,161,ITF,ITF1,13,Abruzzo,Abruzzo,1304970,1500378,114.97,0.84
4584,2021-02-01,ABR,1633,574,1059,269,1363,1,ITF,ITF1,13,Abruzzo,Abruzzo,1304970,1502011,115.1,0.13
4585,2021-03-23,ABR,4837,2192,2645,2213,2567,57,ITF,ITF1,13,Abruzzo,Abruzzo,1304970,1506848,115.47,0.37
4586,2021-01-25,ABR,1606,634,972,14,1590,2,ITF,ITF1,13,Abruzzo,Abruzzo,1304970,1508454,115.59,0.12
4587,2021-01-19,ABR,111,55,56,90,20,1,ITF,ITF1,13,Abruzzo,Abruzzo,1304970,1508565,115.6,0.01
4588,2021-02-07,ABR,778,307,471,200,577,1,ITF,ITF1,13,Abruzzo,Abruzzo,1304970,1509343,115.66,0.06
4589,2021-07-23,ABR,12574,6464,6110,2853,9563,158,ITF,ITF1,13,Abruzzo,Abruzzo,1304970,1521917,116.62,0.96
4590,2021-01-21,ABR,157,47,110,157,0,0,ITF,ITF1,13,Abruzzo,Abruzzo,1304970,1522074,116.64,0.01
4591,2021-05-01,ABR,10744,5047,5697,5630,4980,134,ITF,ITF1,13,Abruzzo,Abruzzo,1304970,1532818,117.46,0.82
4592,2021-05-20,ABR,12803,5925,6878,7412,5265,126,ITF,ITF1,13,Abruzzo,Abruzzo,1304970,1545621,118.44,0.98
4593,2021-08-11,ABR,8266,4410,3856,2609,5499,158,ITF,ITF1,13,Abruzzo,Abruzzo,1304970,1553887,119.07,0.63
4594,2021-06-19,ABR,10557,5201,5356,6485,3899,173,ITF,ITF1,13,Abruzzo,Abruzzo,1304970,1564444,119.88,0.81
4595,2021-03-28,ABR,2425,1018,1407,1994,381,50,ITF,ITF1,13,Abruzzo,Abruzzo,1304970,1566869,120.07,0.19
4596,2021-07-06,ABR,10464,5200,5264,4303,5986,175,ITF,ITF1,13,Abruzzo,Abruzzo,1304970,1577333,120.87,0.8
4597,2021-04-14,ABR,6597,2952,3645,4341,2123,133,ITF,ITF1,13,Abruzzo,Abruzzo,1304970,1583930,121.38,0.51
4598,2021-01-04,ABR,1513,685,828,1507,0,6,ITF,ITF1,13,Abruzzo,Abruzzo,1304970,1585443,121.49,0.12
4599,2021-01-23,ABR,264,115,149,51,207,6,ITF,ITF1,13,Abruzzo,Abruzzo,1304970,1585707,121.51,0.02
4600,2021-05-03,ABR,11150,5259,5891,7131,3835,184,ITF,ITF1,13,Abruzzo,Abruzzo,1304970,1596857,122.37,0.85
4601,2021-07-25,ABR,9862,5217,4645,2172,7567,123,ITF,ITF1,13,Abruzzo,Abruzzo,1304970,1606719,123.12,0.76
4602,2021-07-08,ABR,13491,6680,6811,3416,9910,165,ITF,ITF1,13,Abruzzo,Abruzzo,1304970,1620210,124.16,1.03
4603,2021-04-16,ABR,7540,3489,4051,5496,1916,128,ITF,ITF1,13,Abruzzo,Abruzzo,1304970,1627750,124.73,0.58
4604,2021-03-11,ABR,5491,2216,3275,4267,1138,86,ITF,ITF1,13,Abruzzo,Abruzzo,1304970,1633241,125.16,0.42
4605,2021-06-02,ABR,9769,4747,5022,6837,2815,117,ITF,ITF1,13,Abruzzo,Abruzzo,1304970,1643010,125.9,0.75
4606,2021-03-13,ABR,4124,1420,2704,3012,1043,69,ITF,ITF1,13,Abruzzo,Abruzzo,1304970,1647134,126.22,0.32
4607,2021-06-21,ABR,11055,5388,5667,4939,5988,128,ITF,ITF1,13,Abruzzo,Abruzzo,1304970,1658189,127.07,0.85
4608,2021-03-30,ABR,5128,2261,2867,3146,1822,160,ITF,ITF1,13,Abruzzo,Abruzzo,1304970,1663317,127.46,0.39
4609,2021-01-06,ABR,1989,819,1170,1979,0,10,ITF,ITF1,13,Abruzzo,Abruzzo,1304970,1665306,127.61,0.15
4610,2021-01-24,PAB,12,10,2,0,12,0,ITH,ITH1,4,Provincia Autonoma Bolzano / Bozen,P.A. Bolzano,533050,12,0.0,0.0
4611,2021-06-20,PAB,5242,2849,2393,595,4599,48,ITH,ITH1,4,Provincia Autonoma Bolzano / Bozen,P.A. Bolzano,533050,5254,0.99,0.98
4612,2021-02-07,PAB,2365,1059,1306,15,2350,0,ITH,ITH1,4,Provincia Autonoma Bolzano / Bozen,P.A. Bolzano,533050,7619,1.43,0.44
4613,2021-05-18,PAB,3349,1757,1592,2076,1191,82,ITH,ITH1,4,Provincia Autonoma Bolzano / Bozen,P.A. Bolzano,533050,10968,2.06,0.63
4614,2021-03-22,PAB,1159,527,632,1142,17,0,ITH,ITH1,4,Provincia Autonoma Bolzano / Bozen,P.A. Bolzano,533050,12127,2.28,0.22
4615,2021-02-12,PAB,730,217,513,482,248,0,ITH,ITH1,4,Provincia Autonoma Bolzano / Bozen,P.A. Bolzano,533050,12857,2.41,0.14
4616,2021-04-10,PAB,5416,2673,2743,4826,590,0,ITH,ITH1,4,Provincia Autonoma Bolzano / Bozen,P.A. Bolzano,533050,18273,3.43,1.02
4617,2020-12-31,PAB,929,528,401,929,0,0,ITH,ITH1,4,Provincia Autonoma Bolzano / Bozen,P.A. Bolzano,533050,19202,3.6,0.17
4618,2021-04-19,PAB,1876,860,1016,1694,182,0,ITH,ITH1,4,Provincia Autonoma Bolzano / Bozen,P.A. Bolzano,533050,21078,3.95,0.35
4619,2021-06-15,PAB,2044,1183,861,481,1533,30,ITH,ITH1,4,Provincia Autonoma Bolzano / Bozen,P.A. Bolzano,533050,23122,4.34,0.38
4620,2021-07-28,PAB,1435,783,652,863,495,77,ITH,ITH1,4,Provincia Autonoma Bolzano / Bozen,P.A. Bolzano,533050,24557,4.61,0.27
4621,2021-05-20,PAB,4972,2502,2470,3344,1478,150,ITH,ITH1,4,Provincia Autonoma Bolzano / Bozen,P.A. Bolzano,533050,29529,5.54,0.93
4622,2021-08-11,PAB,1188,597,591,704,484,0,ITH,ITH1,4,Provincia Autonoma Bolzano / Bozen,P.A. Bolzano,533050,30717,5.76,0.22
4623,2021-07-09,PAB,5222,2611,2611,912,4164,146,ITH,ITH1,4,Provincia Autonoma Bolzano / Bozen,P.A. Bolzano,533050,35939,6.74,0.98
4624,2021-03-31,PAB,1835,695,1140,821,1014,0,ITH,ITH1,4,Provincia Autonoma Bolzano / Bozen,P.A. Bolzano,533050,37774,7.09,0.34
4625,2021-06-06,PAB,4549,2186,2363,810,3690,49,ITH,ITH1,4,Provincia Autonoma Bolzano / Bozen,P.A. Bolzano,533050,42323,7.94,0.85
4626,2021-02-26,PAB,1528,551,977,1498,30,0,ITH,ITH1,4,Provincia Autonoma Bolzano / Bozen,P.A. Bolzano,533050,43851,8.23,0.29
4627,2021-06-01,PAB,3670,2381,1289,2054,1478,138,ITH,ITH1,4,Provincia Autonoma Bolzano / Bozen,P.A. Bolzano,533050,47521,8.91,0.69
4628,2021-02-19,PAB,2252,512,1740,2241,11,0,ITH,ITH1,4,Provincia Autonoma Bolzano / Bozen,P.A. Bolzano,533050,49773,9.34,0.42
4629,2021-07-16,PAB,4510,2447,2063,1050,3319,141,ITH,ITH1,4,Provincia Autonoma Bolzano / Bozen,P.A. Bolzano,533050,54283,10.18,0.85
4630,2021-04-24,PAB,5119,2458,2661,4632,487,0,ITH,ITH1,4,Provincia Autonoma Bolzano / Bozen,P.A. Bolzano,533050,59402,11.14,0.96
4631,2021-08-02,PAB,2129,1276,853,1165,875,89,ITH,ITH1,4,Provincia Autonoma Bolzano / Bozen,P.A. Bolzano,533050,61531,11.54,0.4
4632,2021-07-14,PAB,872,452,420,472,361,39,ITH,ITH1,4,Provincia Autonoma Bolzano / Bozen,P.A. Bolzano,533050,62403,11.71,0.16
4633,2021-04-05,PAB,304,147,157,24,280,0,ITH,ITH1,4,Provincia Autonoma Bolzano / Bozen,P.A. Bolzano,533050,62707,11.76,0.06
4634,2021-06-27,PAB,4429,2315,2114,573,3811,45,ITH,ITH1,4,Provincia Autonoma Bolzano / Bozen,P.A. Bolzano,533050,67136,12.59,0.83
4635,2021-01-12,PAB,1709,459,1250,1709,0,0,ITH,ITH1,4,Provincia Autonoma Bolzano / Bozen,P.A. Bolzano,533050,68845,12.92,0.32
4636,2021-08-09,PAB,1539,858,681,1125,414,0,ITH,ITH1,4,Provincia Autonoma Bolzano / Bozen,P.A. Bolzano,533050,70384,13.2,0.29
4637,2021-05-01,PAB,2105,1067,1038,1815,160,130,ITH,ITH1,4,Provincia Autonoma Bolzano / Bozen,P.A. Bolzano,533050,72489,13.6,0.39
4638,2021-03-12,PAB,1666,734,932,1252,413,1,ITH,ITH1,4,Provincia Autonoma Bolzano / Bozen,P.A. Bolzano,533050,74155,13.91,0.31
4639,2021-03-29,PAB,1172,500,672,412,760,0,ITH,ITH1,4,Provincia Autonoma Bolzano / Bozen,P.A. Bolzano,533050,75327,14.13,0.22
4640,2021-07-04,PAB,4418,2131,2287,160,4230,28,ITH,ITH1,4,Provincia Autonoma Bolzano / Bozen,P.A. Bolzano,533050,79745,14.96,0.83
4641,2021-03-05,PAB,1843,627,1216,1397,443,3,ITH,ITH1,4,Provincia Autonoma Bolzano / Bozen,P.A. Bolzano,533050,81588,15.31,0.35
4642,2021-05-27,PAB,6200,3271,2929,3905,2013,282,ITH,ITH1,4,Provincia Autonoma Bolzano / Bozen,P.A. Bolzano,533050,87788,16.47,1.16
4643,2021-06-13,PAB,3688,2054,1634,453,3196,39,ITH,ITH1,4,Provincia Autonoma Bolzano / Bozen,P.A. Bolzano,533050,91476,17.16,0.69
4644,2021-05-25,PAB,3896,2022,1874,2908,888,100,ITH,ITH1,4,Provincia Autonoma Bolzano / Bozen,P.A. Bolzano,533050,95372,17.89,0.73
4645,2021-02-14,PAB,299,131,168,297,2,0,ITH,ITH1,4,Provincia Autonoma Bolzano / Bozen,P.A. Bolzano,533050,95671,17.95,0.06
4646,2021-08-16,PAB,1950,1108,842,870,1080,0,ITH,ITH1,4,Provincia Autonoma Bolzano / Bozen,P.A. Bolzano,533050,97621,18.31,0.37
4647,2021-05-08,PAB,4430,2383,2047,3575,664,191,ITH,ITH1,4,Provincia Autonoma Bolzano / Bozen,P.A. Bolzano,533050,102051,19.14,0.83
4648,2021-03-03,PAB,1181,395,786,1168,13,0,ITH,ITH1,4,Provincia Autonoma Bolzano / Bozen,P.A. Bolzano,533050,103232,19.37,0.22
4649,2021-07-23,PAB,4355,2374,1981,1696,2390,269,ITH,ITH1,4,Provincia Autonoma Bolzano / Bozen,P.A. Bolzano,533050,107587,20.18,0.82
4650,2021-01-05,PAB,830,286,544,829,0,1,ITH,ITH1,4,Provincia Autonoma Bolzano / Bozen,P.A. Bolzano,533050,108417,20.34,0.16
4651,2021-01-23,PAB,197,117,80,0,197,0,ITH,ITH1,4,Provincia Autonoma Bolzano / Bozen,P.A. Bolzano,533050,108614,20.38,0.04
4652,2021-05-03,PAB,1838,851,987,398,1419,21,ITH,ITH1,4,Provincia Autonoma Bolzano / Bozen,P.A. Bolzano,533050,110452,20.72,0.34
4653,2021-02-23,PAB,769,324,445,763,6,0,ITH,ITH1,4,Provincia Autonoma Bolzano / Bozen,P.A. Bolzano,533050,111221,20.87,0.14
4654,2021-05-17,PAB,3150,1524,1626,2284,696,170,ITH,ITH1,4,Provincia Autonoma Bolzano / Bozen,P.A. Bolzano,533050,114371,21.46,0.59
4655,2021-04-17,PAB,5255,2609,2646,5211,44,0,ITH,ITH1,4,Provincia Autonoma Bolzano / Bozen,P.A. Bolzano,533050,119626,22.44,0.99
4656,2021-01-07,PAB,920,328,592,920,0,0,ITH,ITH1,4,Provincia Autonoma Bolzano / Bozen,P.A. Bolzano,533050,120546,22.61,0.17
4657,2021-07-21,PAB,3219,1881,1338,524,2644,51,ITH,ITH1,4,Provincia Autonoma Bolzano / Bozen,P.A. Bolzano,533050,123765,23.22,0.6
4658,2021-04-12,PAB,2110,948,1162,2104,6,0,ITH,ITH1,4,Provincia Autonoma Bolzano / Bozen,P.A. Bolzano,533050,125875,23.61,0.4
4659,2021-08-04,PAB,3381,1794,1587,2317,956,108,ITH,ITH1,4,Provincia Autonoma Bolzano / Bozen,P.A. Bolzano,533050,129256,24.25,0.63
4660,2021-06-08,PAB,4238,2169,2069,879,3331,28,ITH,ITH1,4,Provincia Autonoma Bolzano / Bozen,P.A. Bolzano,533050,133494,25.04,0.8
4661,2021-05-15,PAB,7019,3695,3324,6335,294,390,ITH,ITH1,4,Provincia Autonoma Bolzano / Bozen,P.A. Bolzano,533050,140513,26.36,1.32
4662,2021-02-04,PAB,1965,596,1369,8,1957,0,ITH,ITH1,4,Provincia Autonoma Bolzano / Bozen,P.A. Bolzano,533050,142478,26.73,0.37
4663,2021-07-11,PAB,6072,3094,2978,1084,4876,112,ITH,ITH1,4,Provincia Autonoma Bolzano / Bozen,P.A. Bolzano,533050,148550,27.87,1.14
4664,2021-04-02,PAB,2090,841,1249,701,1357,32,ITH,ITH1,4,Provincia Autonoma Bolzano / Bozen,P.A. Bolzano,533050,150640,28.26,0.39
4665,2021-05-29,PAB,7340,3907,3433,4042,3144,154,ITH,ITH1,4,Provincia Autonoma Bolzano / Bozen,P.A. Bolzano,533050,157980,29.64,1.38
4666,2021-08-08,PAB,1580,858,722,746,834,0,ITH,ITH1,4,Provincia Autonoma Bolzano / Bozen,P.A. Bolzano,533050,159560,29.93,0.3
4667,2021-01-21,PAB,969,452,517,140,829,0,ITH,ITH1,4,Provincia Autonoma Bolzano / Bozen,P.A. Bolzano,533050,160529,30.12,0.18
4668,2021-07-25,PAB,1891,1127,764,665,1146,80,ITH,ITH1,4,Provincia Autonoma Bolzano / Bozen,P.A. Bolzano,533050,162420,30.47,0.35
4669,2021-06-29,PAB,1878,1015,863,242,1616,20,ITH,ITH1,4,Provincia Autonoma Bolzano / Bozen,P.A. Bolzano,533050,164298,30.82,0.35
4670,2021-03-21,PAB,769,286,483,15,754,0,ITH,ITH1,4,Provincia Autonoma Bolzano / Bozen,P.A. Bolzano,533050,165067,30.97,0.14
4671,2021-06-03,PAB,4875,2657,2218,3675,972,228,ITH,ITH1,4,Provincia Autonoma Bolzano / Bozen,P.A. Bolzano,533050,169942,31.88,0.91
4672,2021-07-06,PAB,1721,925,796,684,982,55,ITH,ITH1,4,Provincia Autonoma Bolzano / Bozen,P.A. Bolzano,533050,171663,32.2,0.32
4673,2021-06-22,PAB,2470,1422,1048,319,2125,26,ITH,ITH1,4,Provincia Autonoma Bolzano / Bozen,P.A. Bolzano,533050,174133,32.67,0.46
4674,2021-03-14,PAB,758,336,422,25,733,0,ITH,ITH1,4,Provincia Autonoma Bolzano / Bozen,P.A. Bolzano,533050,174891,32.81,0.14
4675,2021-04-14,PAB,3603,1650,1953,3508,95,0,ITH,ITH1,4,Provincia Autonoma Bolzano / Bozen,P.A. Bolzano,533050,178494,33.49,0.68
4676,2021-01-04,PAB,510,201,309,510,0,0,ITH,ITH1,4,Provincia Autonoma Bolzano / Bozen,P.A. Bolzano,533050,179004,33.58,0.1
4677,2021-06-05,PAB,6086,3034,3052,4699,1097,290,ITH,ITH1,4,Provincia Autonoma Bolzano / Bozen,P.A. Bolzano,533050,185090,34.72,1.14
4678,2021-04-30,PAB,3348,1599,1749,1570,1778,0,ITH,ITH1,4,Provincia Autonoma Bolzano / Bozen,P.A. Bolzano,533050,188438,35.35,0.63
4679,2021-01-20,PAB,619,254,365,410,209,0,ITH,ITH1,4,Provincia Autonoma Bolzano / Bozen,P.A. Bolzano,533050,189057,35.47,0.12
4680,2021-07-22,PAB,3728,1937,1791,1723,1789,216,ITH,ITH1,4,Provincia Autonoma Bolzano / Bozen,P.A. Bolzano,533050,192785,36.17,0.7
4681,2021-01-06,PAB,59,18,41,59,0,0,ITH,ITH1,4,Provincia Autonoma Bolzano / Bozen,P.A. Bolzano,533050,192844,36.18,0.01
4682,2021-03-30,PAB,1302,532,770,221,1081,0,ITH,ITH1,4,Provincia Autonoma Bolzano / Bozen,P.A. Bolzano,533050,194146,36.42,0.24
4683,2021-04-16,PAB,2958,1424,1534,2445,512,1,ITH,ITH1,4,Provincia Autonoma Bolzano / Bozen,P.A. Bolzano,533050,197104,36.98,0.55
4684,2021-07-08,PAB,5511,2783,2728,547,4887,77,ITH,ITH1,4,Provincia Autonoma Bolzano / Bozen,P.A. Bolzano,533050,202615,38.01,1.03
4685,2021-06-19,PAB,5663,3016,2647,555,5036,72,ITH,ITH1,4,Provincia Autonoma Bolzano / Bozen,P.A. Bolzano,533050,208278,39.07,1.06
4686,2021-03-11,PAB,1691,830,861,1146,538,7,ITH,ITH1,4,Provincia Autonoma Bolzano / Bozen,P.A. Bolzano,533050,209969,39.39,0.32
4687,2021-02-25,PAB,1498,549,949,1497,1,0,ITH,ITH1,4,Provincia Autonoma Bolzano / Bozen,P.A. Bolzano,533050,211467,39.67,0.28
4688,2021-06-02,PAB,1468,824,644,978,459,31,ITH,ITH1,4,Provincia Autonoma Bolzano / Bozen,P.A. Bolzano,533050,212935,39.95,0.28
4689,2021-03-07,PAB,116,14,102,9,107,0,ITH,ITH1,4,Provincia Autonoma Bolzano / Bozen,P.A. Bolzano,533050,213051,39.97,0.02
4690,2021-07-30,PAB,5282,2833,2449,3381,1540,361,ITH,ITH1,4,Provincia Autonoma Bolzano / Bozen,P.A. Bolzano,533050,218333,40.96,0.99
4691,2021-04-21,PAB,3016,1469,1547,2169,847,0,ITH,ITH1,4,Provincia Autonoma Bolzano / Bozen,P.A. Bolzano,533050,221349,41.52,0.57
4692,2021-06-24,PAB,3941,2040,1901,1570,2199,172,ITH,ITH1,4,Provincia Autonoma Bolzano / Bozen,P.A. Bolzano,533050,225290,42.26,0.74
4693,2021-01-09,PAB,612,326,286,612,0,0,ITH,ITH1,4,Provincia Autonoma Bolzano / Bozen,P.A. Bolzano,533050,225902,42.38,0.11
4694,2021-08-06,PAB,3621,1907,1714,1197,2423,1,ITH,ITH1,4,Provincia Autonoma Bolzano / Bozen,P.A. Bolzano,533050,229523,43.06,0.68
4695,2021-04-28,PAB,2469,1307,1162,2464,5,0,ITH,ITH1,4,Provincia Autonoma Bolzano / Bozen,P.A. Bolzano,533050,231992,43.52,0.46
4696,2021-01-16,PAB,2840,1265,1575,2840,0,0,ITH,ITH1,4,Provincia Autonoma Bolzano / Bozen,P.A. Bolzano,533050,234832,44.05,0.53
4697,2021-06-10,PAB,4492,2330,2162,1302,3098,92,ITH,ITH1,4,Provincia Autonoma Bolzano / Bozen,P.A. Bolzano,533050,239324,44.9,0.84
4698,2021-08-13,PAB,2699,1438,1261,1435,1264,0,ITH,ITH1,4,Provincia Autonoma Bolzano / Bozen,P.A. Bolzano,533050,242023,45.4,0.51
4699,2021-04-26,PAB,1549,776,773,1544,5,0,ITH,ITH1,4,Provincia Autonoma Bolzano / Bozen,P.A. Bolzano,533050,243572,45.69,0.29
4700,2021-07-10,PAB,5810,3000,2810,928,4746,136,ITH,ITH1,4,Provincia Autonoma Bolzano / Bozen,P.A. Bolzano,533050,249382,46.78,1.09
4701,2021-01-18,PAB,1774,687,1087,1769,5,0,ITH,ITH1,4,Provincia Autonoma Bolzano / Bozen,P.A. Bolzano,533050,251156,47.12,0.33
4702,2021-08-15,PAB,613,332,281,281,332,0,ITH,ITH1,4,Provincia Autonoma Bolzano / Bozen,P.A. Bolzano,533050,251769,47.23,0.11
4703,2021-02-08,PAB,2,1,1,1,1,0,ITH,ITH1,4,Provincia Autonoma Bolzano / Bozen,P.A. Bolzano,533050,251771,47.23,0.0
4704,2021-05-19,PAB,3875,1990,1885,1952,1789,134,ITH,ITH1,4,Provincia Autonoma Bolzano / Bozen,P.A. Bolzano,533050,255646,47.96,0.73
4705,2021-01-03,PAB,41,16,25,41,0,0,ITH,ITH1,4,Provincia Autonoma Bolzano / Bozen,P.A. Bolzano,533050,255687,47.97,0.01
4706,2021-04-13,PAB,2399,1134,1265,2392,7,0,ITH,ITH1,4,Provincia Autonoma Bolzano / Bozen,P.A. Bolzano,533050,258086,48.42,0.45
4707,2021-07-26,PAB,1627,939,688,1124,411,92,ITH,ITH1,4,Provincia Autonoma Bolzano / Bozen,P.A. Bolzano,533050,259713,48.72,0.31
4708,2021-02-22,PAB,526,143,383,514,12,0,ITH,ITH1,4,Provincia Autonoma Bolzano / Bozen,P.A. Bolzano,533050,260239,48.82,0.1
4709,2021-07-07,PAB,1992,1033,959,591,1336,65,ITH,ITH1,4,Provincia Autonoma Bolzano / Bozen,P.A. Bolzano,533050,262231,49.19,0.37
4710,2021-03-26,PAB,1662,736,926,524,1137,1,ITH,ITH1,4,Provincia Autonoma Bolzano / Bozen,P.A. Bolzano,533050,263893,49.51,0.31
4711,2021-04-09,PAB,2942,1303,1639,2212,730,0,ITH,ITH1,4,Provincia Autonoma Bolzano / Bozen,P.A. Bolzano,533050,266835,50.06,0.55
4712,2021-05-22,PAB,6843,3571,3272,4479,2168,196,ITH,ITH1,4,Provincia Autonoma Bolzano / Bozen,P.A. Bolzano,533050,273678,51.34,1.28
4713,2021-02-11,PAB,1094,432,662,239,855,0,ITH,ITH1,4,Provincia Autonoma Bolzano / Bozen,P.A. Bolzano,533050,274772,51.55,0.21
4714,2021-07-18,PAB,1865,1032,833,640,1150,75,ITH,ITH1,4,Provincia Autonoma Bolzano / Bozen,P.A. Bolzano,533050,276637,51.9,0.35
4715,2021-06-12,PAB,5074,2753,2321,1654,3289,131,ITH,ITH1,4,Provincia Autonoma Bolzano / Bozen,P.A. Bolzano,533050,281711,52.85,0.95
4716,2021-01-14,PAB,1952,578,1374,1952,0,0,ITH,ITH1,4,Provincia Autonoma Bolzano / Bozen,P.A. Bolzano,533050,283663,53.22,0.37
4717,2021-04-07,PAB,1801,824,977,1260,541,0,ITH,ITH1,4,Provincia Autonoma Bolzano / Bozen,P.A. Bolzano,533050,285464,53.55,0.34
4718,2021-03-02,PAB,696,200,496,694,2,0,ITH,ITH1,4,Provincia Autonoma Bolzano / Bozen,P.A. Bolzano,533050,286160,53.68,0.13
4719,2021-03-19,PAB,1920,777,1143,800,1120,0,ITH,ITH1,4,Provincia Autonoma Bolzano / Bozen,P.A. Bolzano,533050,288080,54.04,0.36
4720,2021-07-01,PAB,4636,2303,2333,1311,3166,159,ITH,ITH1,4,Provincia Autonoma Bolzano / Bozen,P.A. Bolzano,533050,292716,54.91,0.87
4721,2021-03-04,PAB,1718,1008,710,1487,229,2,ITH,ITH1,4,Provincia Autonoma Bolzano / Bozen,P.A. Bolzano,533050,294434,55.24,0.32
4722,2021-05-07,PAB,4200,2063,2137,3398,528,274,ITH,ITH1,4,Provincia Autonoma Bolzano / Bozen,P.A. Bolzano,533050,298634,56.02,0.79
4723,2021-07-03,PAB,5638,2792,2846,975,4565,98,ITH,ITH1,4,Provincia Autonoma Bolzano / Bozen,P.A. Bolzano,533050,304272,57.08,1.06
4724,2021-05-05,PAB,4161,1948,2213,1826,2118,217,ITH,ITH1,4,Provincia Autonoma Bolzano / Bozen,P.A. Bolzano,533050,308433,57.86,0.78
4725,2021-01-25,PAB,493,187,306,3,490,0,ITH,ITH1,4,Provincia Autonoma Bolzano / Bozen,P.A. Bolzano,533050,308926,57.95,0.09
4726,2021-03-23,PAB,1555,760,795,1554,1,0,ITH,ITH1,4,Provincia Autonoma Bolzano / Bozen,P.A. Bolzano,533050,310481,58.25,0.29
4727,2021-04-01,PAB,2791,1409,1382,2645,146,0,ITH,ITH1,4,Provincia Autonoma Bolzano / Bozen,P.A. Bolzano,533050,313272,58.77,0.52
4728,2021-07-05,PAB,2936,1406,1530,823,1984,129,ITH,ITH1,4,Provincia Autonoma Bolzano / Bozen,P.A. Bolzano,533050,316208,59.32,0.55
4729,2021-05-30,PAB,4791,2531,2260,732,4028,31,ITH,ITH1,4,Provincia Autonoma Bolzano / Bozen,P.A. Bolzano,533050,320999,60.22,0.9
4730,2021-07-12,PAB,3531,1754,1777,252,3241,38,ITH,ITH1,4,Provincia Autonoma Bolzano / Bozen,P.A. Bolzano,533050,324530,60.88,0.66
4731,2021-04-03,PAB,833,366,467,22,811,0,ITH,ITH1,4,Provincia Autonoma Bolzano / Bozen,P.A. Bolzano,533050,325363,61.04,0.16
4732,2021-03-25,PAB,2171,1080,1091,1727,443,1,ITH,ITH1,4,Provincia Autonoma Bolzano / Bozen,P.A. Bolzano,533050,327534,61.45,0.41
4733,2021-01-27,PAB,85,29,56,2,83,0,ITH,ITH1,4,Provincia Autonoma Bolzano / Bozen,P.A. Bolzano,533050,327619,61.46,0.02
4734,2021-06-17,PAB,1773,982,791,623,1078,72,ITH,ITH1,4,Provincia Autonoma Bolzano / Bozen,P.A. Bolzano,533050,329392,61.79,0.33
4735,2021-01-02,PAB,91,48,43,91,0,0,ITH,ITH1,4,Provincia Autonoma Bolzano / Bozen,P.A. Bolzano,533050,329483,61.81,0.02
4736,2021-06-26,PAB,4546,2329,2217,1365,3075,106,ITH,ITH1,4,Provincia Autonoma Bolzano / Bozen,P.A. Bolzano,533050,334029,62.66,0.85
4737,2021-03-18,PAB,1302,531,771,226,1076,0,ITH,ITH1,4,Provincia Autonoma Bolzano / Bozen,P.A. Bolzano,533050,335331,62.91,0.24
4738,2021-05-14,PAB,5144,2323,2821,2902,2044,198,ITH,ITH1,4,Provincia Autonoma Bolzano / Bozen,P.A. Bolzano,533050,340475,63.87,0.97
4739,2021-03-16,PAB,1290,532,758,124,1166,0,ITH,ITH1,4,Provincia Autonoma Bolzano / Bozen,P.A. Bolzano,533050,341765,64.11,0.24
4740,2021-05-12,PAB,3796,2059,1737,3413,154,229,ITH,ITH1,4,Provincia Autonoma Bolzano / Bozen,P.A. Bolzano,533050,345561,64.83,0.71
4741,2021-02-01,PAB,1463,447,1016,14,1449,0,ITH,ITH1,4,Provincia Autonoma Bolzano / Bozen,P.A. Bolzano,533050,347024,65.1,0.27
4742,2021-03-09,PAB,1194,543,651,1192,2,0,ITH,ITH1,4,Provincia Autonoma Bolzano / Bozen,P.A. Bolzano,533050,348218,65.33,0.22
4743,2021-05-23,PAB,4343,2305,2038,4140,8,195,ITH,ITH1,4,Provincia Autonoma Bolzano / Bozen,P.A. Bolzano,533050,352561,66.14,0.81
4744,2021-07-19,PAB,2781,1394,1387,625,2047,109,ITH,ITH1,4,Provincia Autonoma Bolzano / Bozen,P.A. Bolzano,533050,355342,66.66,0.52
4745,2021-02-03,PAB,1506,479,1027,5,1501,0,ITH,ITH1,4,Provincia Autonoma Bolzano / Bozen,P.A. Bolzano,533050,356848,66.94,0.28
4746,2021-02-10,PAB,1636,605,1031,26,1610,0,ITH,ITH1,4,Provincia Autonoma Bolzano / Bozen,P.A. Bolzano,533050,358484,67.25,0.31
4747,2021-05-21,PAB,7376,4055,3321,5210,1878,288,ITH,ITH1,4,Provincia Autonoma Bolzano / Bozen,P.A. Bolzano,533050,365860,68.64,1.38
4748,2021-02-06,PAB,2632,1175,1457,19,2613,0,ITH,ITH1,4,Provincia Autonoma Bolzano / Bozen,P.A. Bolzano,533050,368492,69.13,0.49
4749,2021-06-21,PAB,3167,1614,1553,260,2867,40,ITH,ITH1,4,Provincia Autonoma Bolzano / Bozen,P.A. Bolzano,533050,371659,69.72,0.59
4750,2021-03-28,PAB,569,212,357,11,558,0,ITH,ITH1,4,Provincia Autonoma Bolzano / Bozen,P.A. Bolzano,533050,372228,69.83,0.11
4751,2021-08-10,PAB,1836,1008,828,1560,276,0,ITH,ITH1,4,Provincia Autonoma Bolzano / Bozen,P.A. Bolzano,533050,374064,70.17,0.34
4752,2021-02-18,PAB,1839,457,1382,1831,7,1,ITH,ITH1,4,Provincia Autonoma Bolzano / Bozen,P.A. Bolzano,533050,375903,70.52,0.34
4753,2021-07-29,PAB,1337,716,621,707,570,60,ITH,ITH1,4,Provincia Autonoma Bolzano / Bozen,P.A. Bolzano,533050,377240,70.77,0.25
4754,2020-12-30,PAB,389,183,206,389,0,0,ITH,ITH1,4,Provincia Autonoma Bolzano / Bozen,P.A. Bolzano,533050,377629,70.84,0.07
4755,2021-05-26,PAB,5020,2538,2482,2870,1978,172,ITH,ITH1,4,Provincia Autonoma Bolzano / Bozen,P.A. Bolzano,533050,382649,71.78,0.94
4756,2021-08-17,PAB,1026,551,475,733,293,0,ITH,ITH1,4,Provincia Autonoma Bolzano / Bozen,P.A. Bolzano,533050,383675,71.98,0.19
4757,2021-06-14,PAB,2981,1615,1366,575,2360,46,ITH,ITH1,4,Provincia Autonoma Bolzano / Bozen,P.A. Bolzano,533050,386656,72.54,0.56
4758,2021-02-15,PAB,72,42,30,26,46,0,ITH,ITH1,4,Provincia Autonoma Bolzano / Bozen,P.A. Bolzano,533050,386728,72.55,0.01
4759,2021-05-11,PAB,2849,1337,1512,1256,1523,70,ITH,ITH1,4,Provincia Autonoma Bolzano / Bozen,P.A. Bolzano,533050,389577,73.08,0.53
4760,2021-07-31,PAB,3166,1719,1447,2108,924,134,ITH,ITH1,4,Provincia Autonoma Bolzano / Bozen,P.A. Bolzano,533050,392743,73.68,0.59
4761,2021-06-09,PAB,3843,1907,1936,1252,2482,109,ITH,ITH1,4,Provincia Autonoma Bolzano / Bozen,P.A. Bolzano,533050,396586,74.4,0.72
4762,2021-03-01,PAB,924,223,701,923,1,0,ITH,ITH1,4,Provincia Autonoma Bolzano / Bozen,P.A. Bolzano,533050,397510,74.57,0.17
4763,2021-08-05,PAB,3457,1879,1578,1793,1576,88,ITH,ITH1,4,Provincia Autonoma Bolzano / Bozen,P.A. Bolzano,533050,400967,75.22,0.65
4764,2021-03-15,PAB,1194,452,742,711,482,1,ITH,ITH1,4,Provincia Autonoma Bolzano / Bozen,P.A. Bolzano,533050,402161,75.45,0.22
4765,2021-04-27,PAB,2234,1015,1219,1156,1078,0,ITH,ITH1,4,Provincia Autonoma Bolzano / Bozen,P.A. Bolzano,533050,404395,75.86,0.42
4766,2021-01-17,PAB,2329,1044,1285,2318,11,0,ITH,ITH1,4,Provincia Autonoma Bolzano / Bozen,P.A. Bolzano,533050,406724,76.3,0.44
4767,2021-06-23,PAB,1153,595,558,333,768,52,ITH,ITH1,4,Provincia Autonoma Bolzano / Bozen,P.A. Bolzano,533050,407877,76.52,0.22
4768,2021-06-04,PAB,6622,3328,3294,4852,1536,234,ITH,ITH1,4,Provincia Autonoma Bolzano / Bozen,P.A. Bolzano,533050,414499,77.76,1.24
4769,2021-02-24,PAB,1368,407,961,1356,12,0,ITH,ITH1,4,Provincia Autonoma Bolzano / Bozen,P.A. Bolzano,533050,415867,78.02,0.26
4770,2021-01-26,PAB,810,291,519,1,809,0,ITH,ITH1,4,Provincia Autonoma Bolzano / Bozen,P.A. Bolzano,533050,416677,78.17,0.15
4771,2021-07-02,PAB,3202,1658,1544,857,2172,173,ITH,ITH1,4,Provincia Autonoma Bolzano / Bozen,P.A. Bolzano,533050,419879,78.77,0.6
4772,2021-03-24,PAB,2065,1000,1065,2051,13,1,ITH,ITH1,4,Provincia Autonoma Bolzano / Bozen,P.A. Bolzano,533050,421944,79.16,0.39
4773,2021-03-10,PAB,1277,537,740,1133,144,0,ITH,ITH1,4,Provincia Autonoma Bolzano / Bozen,P.A. Bolzano,533050,423221,79.4,0.24
4774,2021-05-06,PAB,5191,2752,2439,2374,2571,246,ITH,ITH1,4,Provincia Autonoma Bolzano / Bozen,P.A. Bolzano,533050,428412,80.37,0.97
4775,2021-05-16,PAB,2029,935,1094,1285,694,50,ITH,ITH1,4,Provincia Autonoma Bolzano / Bozen,P.A. Bolzano,533050,430441,80.75,0.38
4776,2021-03-17,PAB,582,213,369,580,2,0,ITH,ITH1,4,Provincia Autonoma Bolzano / Bozen,P.A. Bolzano,533050,431023,80.86,0.11
4777,2021-05-13,PAB,2999,1357,1642,1017,1933,49,ITH,ITH1,4,Provincia Autonoma Bolzano / Bozen,P.A. Bolzano,533050,434022,81.42,0.56
4778,2021-04-29,PAB,2637,1355,1282,1942,695,0,ITH,ITH1,4,Provincia Autonoma Bolzano / Bozen,P.A. Bolzano,533050,436659,81.92,0.49
4779,2021-01-19,PAB,853,371,482,723,130,0,ITH,ITH1,4,Provincia Autonoma Bolzano / Bozen,P.A. Bolzano,533050,437512,82.08,0.16
4780,2021-06-25,PAB,4179,2308,1871,1025,3015,139,ITH,ITH1,4,Provincia Autonoma Bolzano / Bozen,P.A. Bolzano,533050,441691,82.86,0.78
4781,2021-04-20,PAB,1565,785,780,1562,3,0,ITH,ITH1,4,Provincia Autonoma Bolzano / Bozen,P.A. Bolzano,533050,443256,83.15,0.29
4782,2021-01-10,PAB,2,2,0,2,0,0,ITH,ITH1,4,Provincia Autonoma Bolzano / Bozen,P.A. Bolzano,533050,443258,83.16,0.0
4783,2021-06-16,PAB,3823,2028,1795,11,3807,5,ITH,ITH1,4,Provincia Autonoma Bolzano / Bozen,P.A. Bolzano,533050,447081,83.87,0.72
4784,2021-03-08,PAB,1210,534,676,1183,27,0,ITH,ITH1,4,Provincia Autonoma Bolzano / Bozen,P.A. Bolzano,533050,448291,84.1,0.23
4785,2021-08-12,PAB,3347,1715,1632,647,2700,0,ITH,ITH1,4,Provincia Autonoma Bolzano / Bozen,P.A. Bolzano,533050,451638,84.73,0.63
4786,2021-05-04,PAB,3452,1844,1608,2269,1038,145,ITH,ITH1,4,Provincia Autonoma Bolzano / Bozen,P.A. Bolzano,533050,455090,85.37,0.65
4787,2021-03-27,PAB,3053,1554,1499,1545,1508,0,ITH,ITH1,4,Provincia Autonoma Bolzano / Bozen,P.A. Bolzano,533050,458143,85.95,0.57
4788,2021-03-13,PAB,2886,1460,1426,2785,101,0,ITH,ITH1,4,Provincia Autonoma Bolzano / Bozen,P.A. Bolzano,533050,461029,86.49,0.54
4789,2021-02-05,PAB,3201,1186,2015,8,3193,0,ITH,ITH1,4,Provincia Autonoma Bolzano / Bozen,P.A. Bolzano,533050,464230,87.09,0.6
4790,2021-04-15,PAB,4410,2314,2096,4144,266,0,ITH,ITH1,4,Provincia Autonoma Bolzano / Bozen,P.A. Bolzano,533050,468640,87.92,0.83
4791,2021-02-09,PAB,317,126,191,1,316,0,ITH,ITH1,4,Provincia Autonoma Bolzano / Bozen,P.A. Bolzano,533050,468957,87.98,0.06
4792,2021-07-13,PAB,3380,1731,1649,1314,1928,138,ITH,ITH1,4,Provincia Autonoma Bolzano / Bozen,P.A. Bolzano,533050,472337,88.61,0.63
4793,2021-02-02,PAB,1752,509,1243,8,1744,0,ITH,ITH1,4,Provincia Autonoma Bolzano / Bozen,P.A. Bolzano,533050,474089,88.94,0.33
4794,2021-01-29,PAB,1512,517,995,24,1488,0,ITH,ITH1,4,Provincia Autonoma Bolzano / Bozen,P.A. Bolzano,533050,475601,89.22,0.28
4795,2021-04-22,PAB,2938,1511,1427,1996,942,0,ITH,ITH1,4,Provincia Autonoma Bolzano / Bozen,P.A. Bolzano,533050,478539,89.77,0.55
4796,2021-05-09,PAB,4244,2411,1833,2934,1151,159,ITH,ITH1,4,Provincia Autonoma Bolzano / Bozen,P.A. Bolzano,533050,482783,90.57,0.8
4797,2021-03-06,PAB,3974,2081,1893,3763,211,0,ITH,ITH1,4,Provincia Autonoma Bolzano / Bozen,P.A. Bolzano,533050,486757,91.32,0.75
4798,2021-05-28,PAB,7385,3895,3490,5287,1895,203,ITH,ITH1,4,Provincia Autonoma Bolzano / Bozen,P.A. Bolzano,533050,494142,92.7,1.39
4799,2021-02-17,PAB,156,51,105,139,17,0,ITH,ITH1,4,Provincia Autonoma Bolzano / Bozen,P.A. Bolzano,533050,494298,92.73,0.03
4800,2021-07-24,PAB,4814,2841,1973,1363,3328,123,ITH,ITH1,4,Provincia Autonoma Bolzano / Bozen,P.A. Bolzano,533050,499112,93.63,0.9
4801,2021-05-02,PAB,2453,1284,1169,1431,915,107,ITH,ITH1,4,Provincia Autonoma Bolzano / Bozen,P.A. Bolzano,533050,501565,94.09,0.46
4802,2021-01-22,PAB,248,143,105,124,124,0,ITH,ITH1,4,Provincia Autonoma Bolzano / Bozen,P.A. Bolzano,533050,501813,94.14,0.05
4803,2021-07-20,PAB,3133,1730,1403,1400,1524,209,ITH,ITH1,4,Provincia Autonoma Bolzano / Bozen,P.A. Bolzano,533050,504946,94.73,0.59
4804,2021-05-31,PAB,3042,1499,1543,2061,867,114,ITH,ITH1,4,Provincia Autonoma Bolzano / Bozen,P.A. Bolzano,533050,507988,95.3,0.57
4805,2021-01-01,PAB,6,5,1,6,0,0,ITH,ITH1,4,Provincia Autonoma Bolzano / Bozen,P.A. Bolzano,533050,507994,95.3,0.0
4806,2021-06-07,PAB,2981,1551,1430,2523,319,139,ITH,ITH1,4,Provincia Autonoma Bolzano / Bozen,P.A. Bolzano,533050,510975,95.86,0.56
4807,2021-02-27,PAB,2458,759,1699,2448,10,0,ITH,ITH1,4,Provincia Autonoma Bolzano / Bozen,P.A. Bolzano,533050,513433,96.32,0.46
4808,2021-02-13,PAB,318,79,239,312,6,0,ITH,ITH1,4,Provincia Autonoma Bolzano / Bozen,P.A. Bolzano,533050,513751,96.38,0.06
4809,2021-04-11,PAB,2734,1301,1433,2556,178,0,ITH,ITH1,4,Provincia Autonoma Bolzano / Bozen,P.A. Bolzano,533050,516485,96.89,0.51
4810,2021-05-24,PAB,1458,768,690,1059,335,64,ITH,ITH1,4,Provincia Autonoma Bolzano / Bozen,P.A. Bolzano,533050,517943,97.17,0.27
4811,2021-02-20,PAB,1802,540,1262,1784,18,0,ITH,ITH1,4,Provincia Autonoma Bolzano / Bozen,P.A. Bolzano,533050,519745,97.5,0.34
4812,2021-07-27,PAB,3156,1886,1270,890,2180,86,ITH,ITH1,4,Provincia Autonoma Bolzano / Bozen,P.A. Bolzano,533050,522901,98.1,0.59
4813,2021-04-18,PAB,3116,1611,1505,2105,1011,0,ITH,ITH1,4,Provincia Autonoma Bolzano / Bozen,P.A. Bolzano,533050,526017,98.68,0.58
4814,2021-01-15,PAB,3285,1230,2055,3285,0,0,ITH,ITH1,4,Provincia Autonoma Bolzano / Bozen,P.A. Bolzano,533050,529302,99.3,0.62
4815,2021-08-14,PAB,2047,1115,932,782,1265,0,ITH,ITH1,4,Provincia Autonoma Bolzano / Bozen,P.A. Bolzano,533050,531349,99.68,0.38
4816,2021-06-18,PAB,4541,2350,2191,1467,2910,164,ITH,ITH1,4,Provincia Autonoma Bolzano / Bozen,P.A. Bolzano,533050,535890,100.53,0.85
4817,2021-01-08,PAB,1537,484,1053,1537,0,0,ITH,ITH1,4,Provincia Autonoma Bolzano / Bozen,P.A. Bolzano,533050,537427,100.82,0.29
4818,2021-08-07,PAB,2126,1228,898,1479,647,0,ITH,ITH1,4,Provincia Autonoma Bolzano / Bozen,P.A. Bolzano,533050,539553,101.22,0.4
4819,2021-05-10,PAB,3029,1306,1723,1337,1611,81,ITH,ITH1,4,Provincia Autonoma Bolzano / Bozen,P.A. Bolzano,533050,542582,101.79,0.57
4820,2021-08-01,PAB,1295,750,545,691,550,54,ITH,ITH1,4,Provincia Autonoma Bolzano / Bozen,P.A. Bolzano,533050,543877,102.03,0.24
4821,2021-02-16,PAB,530,205,325,530,0,0,ITH,ITH1,4,Provincia Autonoma Bolzano / Bozen,P.A. Bolzano,533050,544407,102.13,0.1
4822,2021-01-28,PAB,872,309,563,9,863,0,ITH,ITH1,4,Provincia Autonoma Bolzano / Bozen,P.A. Bolzano,533050,545279,102.29,0.16
4823,2021-04-25,PAB,3078,1501,1577,2406,672,0,ITH,ITH1,4,Provincia Autonoma Bolzano / Bozen,P.A. Bolzano,533050,548357,102.87,0.58
4824,2021-08-03,PAB,2711,1452,1259,1762,822,127,ITH,ITH1,4,Provincia Autonoma Bolzano / Bozen,P.A. Bolzano,533050,551068,103.38,0.51
4825,2021-01-13,PAB,1726,569,1157,1726,0,0,ITH,ITH1,4,Provincia Autonoma Bolzano / Bozen,P.A. Bolzano,533050,552794,103.7,0.32
4826,2021-01-30,PAB,498,245,253,4,494,0,ITH,ITH1,4,Provincia Autonoma Bolzano / Bozen,P.A. Bolzano,533050,553292,103.8,0.09
4827,2021-04-23,PAB,4554,2157,2397,3261,1293,0,ITH,ITH1,4,Provincia Autonoma Bolzano / Bozen,P.A. Bolzano,533050,557846,104.65,0.85
4828,2021-01-11,PAB,1591,522,1069,1591,0,0,ITH,ITH1,4,Provincia Autonoma Bolzano / Bozen,P.A. Bolzano,533050,559437,104.95,0.3
4829,2021-07-15,PAB,4390,2316,2074,1505,2701,184,ITH,ITH1,4,Provincia Autonoma Bolzano / Bozen,P.A. Bolzano,533050,563827,105.77,0.82
4830,2021-04-06,PAB,2253,1120,1133,2151,102,0,ITH,ITH1,4,Provincia Autonoma Bolzano / Bozen,P.A. Bolzano,533050,566080,106.2,0.42
4831,2021-07-17,PAB,3145,1800,1345,703,2351,91,ITH,ITH1,4,Provincia Autonoma Bolzano / Bozen,P.A. Bolzano,533050,569225,106.79,0.59
4832,2021-04-08,PAB,2793,1360,1433,2584,204,5,ITH,ITH1,4,Provincia Autonoma Bolzano / Bozen,P.A. Bolzano,533050,572018,107.31,0.52
4833,2020-12-27,PAB,144,65,79,144,0,0,ITH,ITH1,4,Provincia Autonoma Bolzano / Bozen,P.A. Bolzano,533050,572162,107.34,0.03
4834,2021-06-30,PAB,3063,1565,1498,399,2607,57,ITH,ITH1,4,Provincia Autonoma Bolzano / Bozen,P.A. Bolzano,533050,575225,107.91,0.57
4835,2021-06-11,PAB,5816,2992,2824,2113,3486,217,ITH,ITH1,4,Provincia Autonoma Bolzano / Bozen,P.A. Bolzano,533050,581041,109.0,1.09
4836,2021-03-20,PAB,1760,851,909,1135,625,0,ITH,ITH1,4,Provincia Autonoma Bolzano / Bozen,P.A. Bolzano,533050,582801,109.33,0.33
4837,2021-06-28,PAB,4610,2306,2304,217,4369,24,ITH,ITH1,4,Provincia Autonoma Bolzano / Bozen,P.A. Bolzano,533050,587411,110.2,0.86
