,data,area,Vaccinazioni giornaliere,sesso_maschile,sesso_femminile,prima_dose,seconda_dose,codice_NUTS1,codice_NUTS2,codice_regione_ISTAT,nome_area,Regione,popolazione,Totale vaccinazioni,Totale vaccinazioni ogni cento ab,Vaccinazioni giornaliere ogni cento ab
0,2021-01-26,MAR,2020,747,1273,90,1930,ITI,ITI3,11,Marche,Marche,1525271,2020,0.13,0.13
1,2021-04-19,MAR,9603,4497,5106,8022,1581,ITI,ITI3,11,Marche,Marche,1525271,11623,0.76,0.63
2,2021-02-14,MAR,738,301,437,738,0,ITI,ITI3,11,Marche,Marche,1525271,12361,0.81,0.05
3,2021-04-05,MAR,5691,2358,3333,4422,1269,ITI,ITI3,11,Marche,Marche,1525271,18052,1.18,0.37
4,2021-06-27,MAR,9818,4750,5068,4528,5290,ITI,ITI3,11,Marche,Marche,1525271,27870,1.83,0.64
5,2021-03-19,MAR,3834,1598,2236,337,3497,ITI,ITI3,11,Marche,Marche,1525271,31704,2.08,0.25
6,2021-03-17,MAR,3430,1496,1934,107,3323,ITI,ITI3,11,Marche,Marche,1525271,35134,2.3,0.22
7,2021-02-28,MAR,2836,1251,1585,2830,6,ITI,ITI3,11,Marche,Marche,1525271,37970,2.49,0.19
8,2021-06-08,MAR,13914,7013,6901,11303,2611,ITI,ITI3,11,Marche,Marche,1525271,51884,3.4,0.91
9,2021-05-20,MAR,12433,5845,6588,7724,4709,ITI,ITI3,11,Marche,Marche,1525271,64317,4.22,0.82
10,2021-02-07,MAR,1871,735,1136,344,1527,ITI,ITI3,11,Marche,Marche,1525271,66188,4.34,0.12
11,2021-01-31,MAR,1918,769,1149,102,1816,ITI,ITI3,11,Marche,Marche,1525271,68106,4.47,0.13
12,2021-04-07,MAR,8176,3614,4562,7829,347,ITI,ITI3,11,Marche,Marche,1525271,76282,5.0,0.54
13,2021-02-09,MAR,124,42,82,46,78,ITI,ITI3,11,Marche,Marche,1525271,76406,5.01,0.01
14,2021-05-27,MAR,13732,6816,6916,9431,4301,ITI,ITI3,11,Marche,Marche,1525271,90138,5.91,0.9
15,2021-03-31,MAR,7373,3086,4287,4350,3023,ITI,ITI3,11,Marche,Marche,1525271,97511,6.39,0.48
16,2021-03-29,MAR,5867,2569,3298,3439,2428,ITI,ITI3,11,Marche,Marche,1525271,103378,6.78,0.38
17,2021-05-15,MAR,13970,6377,7593,8077,5893,ITI,ITI3,11,Marche,Marche,1525271,117348,7.69,0.92
18,2021-02-19,MAR,1991,731,1260,1856,135,ITI,ITI3,11,Marche,Marche,1525271,119339,7.82,0.13
19,2020-12-31,MAR,391,183,208,391,0,ITI,ITI3,11,Marche,Marche,1525271,119730,7.85,0.03
20,2021-03-24,MAR,7032,2983,4049,3364,3668,ITI,ITI3,11,Marche,Marche,1525271,126762,8.31,0.46
21,2021-06-01,MAR,12068,6160,5908,9973,2095,ITI,ITI3,11,Marche,Marche,1525271,138830,9.1,0.79
22,2021-03-10,MAR,5672,2404,3268,4532,1140,ITI,ITI3,11,Marche,Marche,1525271,144502,9.47,0.37
23,2021-02-21,MAR,376,141,235,375,1,ITI,ITI3,11,Marche,Marche,1525271,144878,9.5,0.02
24,2021-01-19,MAR,232,87,145,142,90,ITI,ITI3,11,Marche,Marche,1525271,145110,9.51,0.02
25,2021-02-02,MAR,1193,398,795,72,1121,ITI,ITI3,11,Marche,Marche,1525271,146303,9.59,0.08
26,2021-05-13,MAR,12603,5695,6908,7104,5499,ITI,ITI3,11,Marche,Marche,1525271,158906,10.42,0.83
27,2021-04-12,MAR,8564,3770,4794,8082,482,ITI,ITI3,11,Marche,Marche,1525271,167470,10.98,0.56
28,2021-06-15,MAR,12910,6415,6495,9860,3050,ITI,ITI3,11,Marche,Marche,1525271,180380,11.83,0.85
29,2021-01-12,MAR,1229,415,814,1229,0,ITI,ITI3,11,Marche,Marche,1525271,181609,11.91,0.08
30,2021-06-22,MAR,12995,6374,6621,6551,6444,ITI,ITI3,11,Marche,Marche,1525271,194604,12.76,0.85
31,2021-04-26,MAR,9132,4045,5087,6110,3022,ITI,ITI3,11,Marche,Marche,1525271,203736,13.36,0.6
32,2021-01-21,MAR,918,261,657,591,327,ITI,ITI3,11,Marche,Marche,1525271,204654,13.42,0.06
33,2021-05-01,MAR,9318,3924,5394,3576,5742,ITI,ITI3,11,Marche,Marche,1525271,213972,14.03,0.61
34,2021-03-05,MAR,6209,2868,3341,4741,1468,ITI,ITI3,11,Marche,Marche,1525271,220181,14.44,0.41
35,2021-01-07,MAR,1808,636,1172,1808,0,ITI,ITI3,11,Marche,Marche,1525271,221989,14.55,0.12
36,2021-05-08,MAR,12267,5475,6792,5022,7245,ITI,ITI3,11,Marche,Marche,1525271,234256,15.36,0.8
37,2021-01-09,MAR,1714,606,1108,1714,0,ITI,ITI3,11,Marche,Marche,1525271,235970,15.47,0.11
38,2021-04-02,MAR,6887,2984,3903,6148,739,ITI,ITI3,11,Marche,Marche,1525271,242857,15.92,0.45
39,2021-03-16,MAR,3473,1486,1987,290,3183,ITI,ITI3,11,Marche,Marche,1525271,246330,16.15,0.23
40,2021-06-24,MAR,13667,6595,7072,6298,7369,ITI,ITI3,11,Marche,Marche,1525271,259997,17.05,0.9
41,2021-06-12,MAR,13407,7133,6274,12134,1273,ITI,ITI3,11,Marche,Marche,1525271,273404,17.92,0.88
42,2021-04-16,MAR,10082,4702,5380,9557,525,ITI,ITI3,11,Marche,Marche,1525271,283486,18.59,0.66
43,2021-01-04,MAR,1513,573,940,1513,0,ITI,ITI3,11,Marche,Marche,1525271,284999,18.69,0.1
44,2021-04-14,MAR,10212,4562,5650,9842,370,ITI,ITI3,11,Marche,Marche,1525271,295211,19.35,0.67
45,2020-12-30,MAR,17,5,12,17,0,ITI,ITI3,11,Marche,Marche,1525271,295228,19.36,0.0
46,2021-06-03,MAR,14634,7478,7156,12378,2256,ITI,ITI3,11,Marche,Marche,1525271,309862,20.32,0.96
47,2021-02-18,MAR,2137,779,1358,1851,286,ITI,ITI3,11,Marche,Marche,1525271,311999,20.46,0.14
48,2021-05-29,MAR,12859,6232,6627,8331,4528,ITI,ITI3,11,Marche,Marche,1525271,324858,21.3,0.84
49,2021-02-16,MAR,1290,477,813,1260,30,ITI,ITI3,11,Marche,Marche,1525271,326148,21.38,0.08
50,2021-02-25,MAR,3547,1457,2090,3367,180,ITI,ITI3,11,Marche,Marche,1525271,329695,21.62,0.23
51,2021-06-05,MAR,13932,7006,6926,11873,2059,ITI,ITI3,11,Marche,Marche,1525271,343627,22.53,0.91
52,2021-03-02,MAR,4993,1961,3032,4427,566,ITI,ITI3,11,Marche,Marche,1525271,348620,22.86,0.33
53,2021-06-10,MAR,14674,7564,7110,12661,2013,ITI,ITI3,11,Marche,Marche,1525271,363294,23.82,0.96
54,2021-05-24,MAR,10801,5114,5687,8121,2680,ITI,ITI3,11,Marche,Marche,1525271,374095,24.53,0.71
55,2021-01-02,MAR,456,141,315,456,0,ITI,ITI3,11,Marche,Marche,1525271,374551,24.56,0.03
56,2021-03-07,MAR,5180,2107,3073,4426,754,ITI,ITI3,11,Marche,Marche,1525271,379731,24.9,0.34
57,2021-01-16,MAR,2036,733,1303,2036,0,ITI,ITI3,11,Marche,Marche,1525271,381767,25.03,0.13
58,2021-02-04,MAR,2384,842,1542,112,2272,ITI,ITI3,11,Marche,Marche,1525271,384151,25.19,0.16
59,2021-01-18,MAR,696,237,459,547,149,ITI,ITI3,11,Marche,Marche,1525271,384847,25.23,0.05
60,2021-04-28,MAR,10890,4957,5933,6159,4731,ITI,ITI3,11,Marche,Marche,1525271,395737,25.95,0.71
61,2021-01-23,MAR,557,190,367,123,434,ITI,ITI3,11,Marche,Marche,1525271,396294,25.98,0.04
62,2021-06-29,MAR,13182,6510,6672,4970,8212,ITI,ITI3,11,Marche,Marche,1525271,409476,26.85,0.86
63,2021-05-03,MAR,10329,4657,5672,4920,5409,ITI,ITI3,11,Marche,Marche,1525271,419805,27.52,0.68
64,2021-03-28,MAR,4125,1739,2386,2434,1691,ITI,ITI3,11,Marche,Marche,1525271,423930,27.79,0.27
65,2021-01-30,MAR,1905,668,1237,27,1878,ITI,ITI3,11,Marche,Marche,1525271,425835,27.92,0.12
66,2021-05-10,MAR,9448,4336,5112,4897,4551,ITI,ITI3,11,Marche,Marche,1525271,435283,28.54,0.62
67,2021-03-14,MAR,2499,1032,1467,1907,592,ITI,ITI3,11,Marche,Marche,1525271,437782,28.7,0.16
68,2021-01-11,MAR,1176,411,765,1176,0,ITI,ITI3,11,Marche,Marche,1525271,438958,28.78,0.08
69,2021-04-21,MAR,10782,4967,5815,9588,1194,ITI,ITI3,11,Marche,Marche,1525271,449740,29.49,0.71
70,2021-01-28,MAR,2086,725,1361,165,1921,ITI,ITI3,11,Marche,Marche,1525271,451826,29.62,0.14
71,2021-04-04,MAR,3824,1792,2032,2655,1169,ITI,ITI3,11,Marche,Marche,1525271,455650,29.87,0.25
72,2021-06-09,MAR,14043,7304,6739,12174,1869,ITI,ITI3,11,Marche,Marche,1525271,469693,30.79,0.92
73,2021-06-07,MAR,13162,6500,6662,10712,2450,ITI,ITI3,11,Marche,Marche,1525271,482855,31.66,0.86
74,2021-02-27,MAR,3384,1450,1934,3175,209,ITI,ITI3,11,Marche,Marche,1525271,486239,31.88,0.22
75,2021-03-12,MAR,4642,1973,2669,3402,1240,ITI,ITI3,11,Marche,Marche,1525271,490881,32.18,0.3
76,2021-01-14,MAR,2010,692,1318,2010,0,ITI,ITI3,11,Marche,Marche,1525271,492891,32.31,0.13
77,2021-06-20,MAR,10965,5445,5520,5980,4985,ITI,ITI3,11,Marche,Marche,1525271,503856,33.03,0.72
78,2021-04-24,MAR,12136,5348,6788,7672,4464,ITI,ITI3,11,Marche,Marche,1525271,515992,33.83,0.8
79,2021-02-26,MAR,3665,1518,2147,3189,476,ITI,ITI3,11,Marche,Marche,1525271,519657,34.07,0.24
80,2021-05-12,MAR,10425,4687,5738,4924,5501,ITI,ITI3,11,Marche,Marche,1525271,530082,34.75,0.68
81,2021-04-09,MAR,9566,4190,5376,9366,200,ITI,ITI3,11,Marche,Marche,1525271,539648,35.38,0.63
82,2021-01-06,MAR,2204,801,1403,2204,0,ITI,ITI3,11,Marche,Marche,1525271,541852,35.52,0.14
83,2021-03-04,MAR,6511,2883,3628,5118,1393,ITI,ITI3,11,Marche,Marche,1525271,548363,35.95,0.43
84,2021-03-13,MAR,5766,2656,3110,1805,3961,ITI,ITI3,11,Marche,Marche,1525271,554129,36.33,0.38
85,2021-06-21,MAR,12449,6105,6344,5575,6874,ITI,ITI3,11,Marche,Marche,1525271,566578,37.15,0.82
86,2021-05-09,MAR,8863,4020,4843,3636,5227,ITI,ITI3,11,Marche,Marche,1525271,575441,37.73,0.58
87,2021-04-23,MAR,11271,5195,6076,8216,3055,ITI,ITI3,11,Marche,Marche,1525271,586712,38.47,0.74
88,2021-02-23,MAR,3303,1422,1881,3247,56,ITI,ITI3,11,Marche,Marche,1525271,590015,38.68,0.22
89,2021-01-15,MAR,1771,500,1271,1771,0,ITI,ITI3,11,Marche,Marche,1525271,591786,38.8,0.12
90,2021-05-22,MAR,11937,5719,6218,7489,4448,ITI,ITI3,11,Marche,Marche,1525271,603723,39.58,0.78
91,2021-02-11,MAR,1987,657,1330,1598,389,ITI,ITI3,11,Marche,Marche,1525271,605710,39.71,0.13
92,2021-05-05,MAR,11678,5316,6362,5249,6429,ITI,ITI3,11,Marche,Marche,1525271,617388,40.48,0.77
93,2021-05-07,MAR,12838,5806,7032,3659,9179,ITI,ITI3,11,Marche,Marche,1525271,630226,41.32,0.84
94,2021-02-13,MAR,1093,462,631,1011,82,ITI,ITI3,11,Marche,Marche,1525271,631319,41.39,0.07
95,2021-06-19,MAR,14458,7283,7175,7787,6671,ITI,ITI3,11,Marche,Marche,1525271,645777,42.34,0.95
96,2021-05-31,MAR,11780,5942,5838,8851,2929,ITI,ITI3,11,Marche,Marche,1525271,657557,43.11,0.77
97,2021-05-17,MAR,11866,5573,6293,7691,4175,ITI,ITI3,11,Marche,Marche,1525271,669423,43.89,0.78
98,2021-04-30,MAR,14094,6170,7924,5551,8543,ITI,ITI3,11,Marche,Marche,1525271,683517,44.81,0.92
99,2021-04-11,MAR,7117,3115,4002,6831,286,ITI,ITI3,11,Marche,Marche,1525271,690634,45.28,0.47
100,2021-03-18,MAR,3395,1477,1918,162,3233,ITI,ITI3,11,Marche,Marche,1525271,694029,45.5,0.22
101,2021-06-26,MAR,13414,6810,6604,5744,7670,ITI,ITI3,11,Marche,Marche,1525271,707443,46.38,0.88
102,2021-05-23,MAR,9208,4282,4926,7537,1671,ITI,ITI3,11,Marche,Marche,1525271,716651,46.99,0.6
103,2021-05-06,MAR,12655,5822,6833,5584,7071,ITI,ITI3,11,Marche,Marche,1525271,729306,47.81,0.83
104,2021-02-12,MAR,1582,618,964,1430,152,ITI,ITI3,11,Marche,Marche,1525271,730888,47.92,0.1
105,2021-03-21,MAR,4504,1873,2631,1629,2875,ITI,ITI3,11,Marche,Marche,1525271,735392,48.21,0.3
106,2021-02-06,MAR,2465,903,1562,522,1943,ITI,ITI3,11,Marche,Marche,1525271,737857,48.38,0.16
107,2021-05-21,MAR,13714,6507,7207,7437,6277,ITI,ITI3,11,Marche,Marche,1525271,751571,49.27,0.9
108,2021-07-01,MAR,14566,7302,7264,4818,9748,ITI,ITI3,11,Marche,Marche,1525271,766137,50.23,0.95
109,2021-02-15,MAR,969,413,556,956,13,ITI,ITI3,11,Marche,Marche,1525271,767106,50.29,0.06
110,2021-05-26,MAR,11847,5934,5913,8664,3183,ITI,ITI3,11,Marche,Marche,1525271,778953,51.07,0.78
111,2021-03-30,MAR,7470,3073,4397,4647,2823,ITI,ITI3,11,Marche,Marche,1525271,786423,51.56,0.49
112,2021-02-01,MAR,1362,479,883,98,1264,ITI,ITI3,11,Marche,Marche,1525271,787785,51.65,0.09
113,2021-01-27,MAR,2119,780,1339,121,1998,ITI,ITI3,11,Marche,Marche,1525271,789904,51.79,0.14
114,2021-04-20,MAR,10700,4998,5702,9280,1420,ITI,ITI3,11,Marche,Marche,1525271,800604,52.49,0.7
115,2021-01-25,MAR,1596,558,1038,94,1502,ITI,ITI3,11,Marche,Marche,1525271,802200,52.59,0.1
116,2021-01-08,MAR,1581,592,989,1581,0,ITI,ITI3,11,Marche,Marche,1525271,803781,52.7,0.1
117,2021-04-18,MAR,8824,4131,4693,7903,921,ITI,ITI3,11,Marche,Marche,1525271,812605,53.28,0.58
118,2021-03-06,MAR,5731,2637,3094,4464,1267,ITI,ITI3,11,Marche,Marche,1525271,818336,53.65,0.38
119,2021-06-14,MAR,12615,6377,6238,9307,3308,ITI,ITI3,11,Marche,Marche,1525271,830951,54.48,0.83
120,2021-04-25,MAR,8600,3993,4607,7025,1575,ITI,ITI3,11,Marche,Marche,1525271,839551,55.04,0.56
121,2021-01-13,MAR,2107,746,1361,2107,0,ITI,ITI3,11,Marche,Marche,1525271,841658,55.18,0.14
122,2021-05-02,MAR,8900,3937,4963,3161,5739,ITI,ITI3,11,Marche,Marche,1525271,850558,55.76,0.58
123,2021-06-28,MAR,12147,5913,6234,4700,7447,ITI,ITI3,11,Marche,Marche,1525271,862705,56.56,0.8
124,2021-02-10,MAR,1439,452,987,1080,359,ITI,ITI3,11,Marche,Marche,1525271,864144,56.66,0.09
125,2021-06-11,MAR,13755,7034,6721,11434,2321,ITI,ITI3,11,Marche,Marche,1525271,877899,57.56,0.9
126,2021-05-25,MAR,11649,5747,5902,8717,2932,ITI,ITI3,11,Marche,Marche,1525271,889548,58.32,0.76
127,2021-03-01,MAR,3757,1509,2248,3509,248,ITI,ITI3,11,Marche,Marche,1525271,893305,58.57,0.25
128,2021-03-11,MAR,6593,2784,3809,5223,1370,ITI,ITI3,11,Marche,Marche,1525271,899898,59.0,0.43
129,2021-03-25,MAR,6655,2772,3883,3247,3408,ITI,ITI3,11,Marche,Marche,1525271,906553,59.44,0.44
130,2021-07-03,MAR,7573,3838,3735,2113,5460,ITI,ITI3,11,Marche,Marche,1525271,914126,59.93,0.5
131,2021-02-20,MAR,4153,1729,2424,4042,111,ITI,ITI3,11,Marche,Marche,1525271,918279,60.2,0.27
132,2021-01-20,MAR,403,100,303,384,19,ITI,ITI3,11,Marche,Marche,1525271,918682,60.23,0.03
133,2021-02-03,MAR,2124,741,1383,119,2005,ITI,ITI3,11,Marche,Marche,1525271,920806,60.37,0.14
134,2021-05-14,MAR,13494,6218,7276,6720,6774,ITI,ITI3,11,Marche,Marche,1525271,934300,61.25,0.88
135,2021-04-06,MAR,8875,3693,5182,8065,810,ITI,ITI3,11,Marche,Marche,1525271,943175,61.84,0.58
136,2021-03-23,MAR,5790,2530,3260,2262,3528,ITI,ITI3,11,Marche,Marche,1525271,948965,62.22,0.38
137,2021-02-08,MAR,833,258,575,371,462,ITI,ITI3,11,Marche,Marche,1525271,949798,62.27,0.05
138,2021-05-19,MAR,11478,5276,6202,8561,2917,ITI,ITI3,11,Marche,Marche,1525271,961276,63.02,0.75
139,2021-05-28,MAR,13953,6735,7218,9097,4856,ITI,ITI3,11,Marche,Marche,1525271,975229,63.94,0.91
140,2021-04-01,MAR,7578,3183,4395,4162,3416,ITI,ITI3,11,Marche,Marche,1525271,982807,64.43,0.5
141,2021-04-22,MAR,10797,4931,5866,9219,1578,ITI,ITI3,11,Marche,Marche,1525271,993604,65.14,0.71
142,2021-02-24,MAR,3520,1537,1983,3442,78,ITI,ITI3,11,Marche,Marche,1525271,997124,65.37,0.23
143,2021-01-10,MAR,1745,701,1044,1745,0,ITI,ITI3,11,Marche,Marche,1525271,998869,65.49,0.11
144,2021-04-03,MAR,7572,3204,4368,6905,667,ITI,ITI3,11,Marche,Marche,1525271,1006441,65.98,0.5
145,2021-06-25,MAR,14110,7036,7074,6523,7587,ITI,ITI3,11,Marche,Marche,1525271,1020551,66.91,0.93
146,2021-03-22,MAR,5655,2377,3278,2525,3130,ITI,ITI3,11,Marche,Marche,1525271,1026206,67.28,0.37
147,2021-01-24,MAR,881,339,542,5,876,ITI,ITI3,11,Marche,Marche,1525271,1027087,67.34,0.06
148,2021-06-30,MAR,13475,6581,6894,4504,8971,ITI,ITI3,11,Marche,Marche,1525271,1040562,68.22,0.88
149,2021-05-04,MAR,10926,4823,6103,5027,5899,ITI,ITI3,11,Marche,Marche,1525271,1051488,68.94,0.72
150,2021-03-20,MAR,4139,1742,2397,1049,3090,ITI,ITI3,11,Marche,Marche,1525271,1055627,69.21,0.27
151,2021-01-22,MAR,488,168,320,194,294,ITI,ITI3,11,Marche,Marche,1525271,1056115,69.24,0.03
152,2021-04-17,MAR,11701,5315,6386,10628,1073,ITI,ITI3,11,Marche,Marche,1525271,1067816,70.01,0.77
153,2021-06-13,MAR,10493,5442,5051,9200,1293,ITI,ITI3,11,Marche,Marche,1525271,1078309,70.7,0.69
154,2020-12-27,MAR,204,99,105,204,0,ITI,ITI3,11,Marche,Marche,1525271,1078513,70.71,0.01
155,2021-06-06,MAR,12388,6104,6284,10811,1577,ITI,ITI3,11,Marche,Marche,1525271,1090901,71.52,0.81
156,2021-01-29,MAR,1992,730,1262,167,1825,ITI,ITI3,11,Marche,Marche,1525271,1092893,71.65,0.13
157,2021-05-18,MAR,11064,5259,5805,7655,3409,ITI,ITI3,11,Marche,Marche,1525271,1103957,72.38,0.73
158,2021-05-11,MAR,10622,4832,5790,5679,4943,ITI,ITI3,11,Marche,Marche,1525271,1114579,73.07,0.7
159,2021-03-15,MAR,4406,2029,2377,1312,3094,ITI,ITI3,11,Marche,Marche,1525271,1118985,73.36,0.29
160,2021-06-23,MAR,13663,6698,6965,6666,6997,ITI,ITI3,11,Marche,Marche,1525271,1132648,74.26,0.9
161,2021-07-02,MAR,14495,7137,7358,4873,9622,ITI,ITI3,11,Marche,Marche,1525271,1147143,75.21,0.95
162,2021-06-18,MAR,15118,7550,7568,8371,6747,ITI,ITI3,11,Marche,Marche,1525271,1162261,76.2,0.99
163,2021-04-29,MAR,13388,6132,7256,7290,6098,ITI,ITI3,11,Marche,Marche,1525271,1175649,77.08,0.88
164,2021-06-04,MAR,14332,7287,7045,11894,2438,ITI,ITI3,11,Marche,Marche,1525271,1189981,78.02,0.94
165,2021-04-08,MAR,8686,3803,4883,8341,345,ITI,ITI3,11,Marche,Marche,1525271,1198667,78.59,0.57
166,2021-03-03,MAR,6693,3070,3623,5809,884,ITI,ITI3,11,Marche,Marche,1525271,1205360,79.03,0.44
167,2021-01-05,MAR,1575,590,985,1575,0,ITI,ITI3,11,Marche,Marche,1525271,1206935,79.13,0.1
168,2021-04-15,MAR,10377,4675,5702,9812,565,ITI,ITI3,11,Marche,Marche,1525271,1217312,79.81,0.68
169,2021-02-17,MAR,1822,696,1126,1705,117,ITI,ITI3,11,Marche,Marche,1525271,1219134,79.93,0.12
170,2021-03-26,MAR,6334,2607,3727,3525,2809,ITI,ITI3,11,Marche,Marche,1525271,1225468,80.34,0.42
171,2021-06-17,MAR,14947,7436,7511,8852,6095,ITI,ITI3,11,Marche,Marche,1525271,1240415,81.32,0.98
172,2021-03-09,MAR,5431,2293,3138,4550,881,ITI,ITI3,11,Marche,Marche,1525271,1245846,81.68,0.36
173,2021-04-13,MAR,9837,4259,5578,9604,233,ITI,ITI3,11,Marche,Marche,1525271,1255683,82.33,0.64
174,2021-06-16,MAR,13521,6793,6728,9156,4365,ITI,ITI3,11,Marche,Marche,1525271,1269204,83.21,0.89
175,2021-06-02,MAR,11898,5937,5961,11221,677,ITI,ITI3,11,Marche,Marche,1525271,1281102,83.99,0.78
176,2021-02-22,MAR,3447,1522,1925,3372,75,ITI,ITI3,11,Marche,Marche,1525271,1284549,84.22,0.23
177,2021-03-27,MAR,7382,3075,4307,5022,2360,ITI,ITI3,11,Marche,Marche,1525271,1291931,84.7,0.48
178,2021-04-10,MAR,10915,4620,6295,10602,313,ITI,ITI3,11,Marche,Marche,1525271,1302846,85.42,0.72
179,2021-01-03,MAR,907,354,553,907,0,ITI,ITI3,11,Marche,Marche,1525271,1303753,85.48,0.06
180,2021-03-08,MAR,6292,2757,3535,5290,1002,ITI,ITI3,11,Marche,Marche,1525271,1310045,85.89,0.41
181,2021-02-05,MAR,2154,653,1501,439,1715,ITI,ITI3,11,Marche,Marche,1525271,1312199,86.03,0.14
182,2021-05-16,MAR,10898,4957,5941,6670,4228,ITI,ITI3,11,Marche,Marche,1525271,1323097,86.75,0.71
183,2021-05-30,MAR,9732,4690,5042,6743,2989,ITI,ITI3,11,Marche,Marche,1525271,1332829,87.38,0.64
184,2021-04-27,MAR,9544,4371,5173,5558,3986,ITI,ITI3,11,Marche,Marche,1525271,1342373,88.01,0.63
185,2021-01-17,MAR,1616,693,923,1556,60,ITI,ITI3,11,Marche,Marche,1525271,1343989,88.11,0.11
186,2021-03-09,CAL,6405,3307,3098,5424,981,ITF,ITF6,18,Calabria,Calabria,1947131,6405,0.33,0.33
187,2021-02-20,CAL,1433,764,669,1114,319,ITF,ITF6,18,Calabria,Calabria,1947131,7838,0.4,0.07
188,2021-05-31,CAL,15266,7326,7940,7385,7881,ITF,ITF6,18,Calabria,Calabria,1947131,23104,1.19,0.78
189,2021-03-11,CAL,7236,3430,3806,5969,1267,ITF,ITF6,18,Calabria,Calabria,1947131,30340,1.56,0.37
190,2021-04-30,CAL,14975,7345,7630,10616,4359,ITF,ITF6,18,Calabria,Calabria,1947131,45315,2.33,0.77
191,2021-01-18,CAL,1290,583,707,1052,238,ITF,ITF6,18,Calabria,Calabria,1947131,46605,2.39,0.07
192,2021-07-03,CAL,8073,3772,4301,2600,5473,ITF,ITF6,18,Calabria,Calabria,1947131,54678,2.81,0.41
193,2021-04-11,CAL,4186,1902,2284,2243,1943,ITF,ITF6,18,Calabria,Calabria,1947131,58864,3.02,0.21
194,2021-06-14,CAL,13989,6337,7652,9354,4635,ITF,ITF6,18,Calabria,Calabria,1947131,72853,3.74,0.72
195,2021-03-04,CAL,5483,3191,2292,4686,797,ITF,ITF6,18,Calabria,Calabria,1947131,78336,4.02,0.28
196,2021-06-12,CAL,12887,6136,6751,10489,2398,ITF,ITF6,18,Calabria,Calabria,1947131,91223,4.68,0.66
197,2021-02-25,CAL,2888,1555,1333,2292,596,ITF,ITF6,18,Calabria,Calabria,1947131,94111,4.83,0.15
198,2021-01-06,CAL,932,503,429,932,0,ITF,ITF6,18,Calabria,Calabria,1947131,95043,4.88,0.05
199,2021-04-16,CAL,10216,4980,5236,8630,1586,ITF,ITF6,18,Calabria,Calabria,1947131,105259,5.41,0.52
200,2021-02-18,CAL,1849,848,1001,1621,228,ITF,ITF6,18,Calabria,Calabria,1947131,107108,5.5,0.09
201,2021-06-21,CAL,15051,6905,8146,7720,7331,ITF,ITF6,18,Calabria,Calabria,1947131,122159,6.27,0.77
202,2021-01-04,CAL,1068,529,539,1068,0,ITF,ITF6,18,Calabria,Calabria,1947131,123227,6.33,0.05
203,2021-04-23,CAL,13116,6439,6677,9524,3592,ITF,ITF6,18,Calabria,Calabria,1947131,136343,7.0,0.67
204,2021-01-13,CAL,2047,1033,1014,2047,0,ITF,ITF6,18,Calabria,Calabria,1947131,138390,7.11,0.11
205,2021-01-11,CAL,2167,1046,1121,2167,0,ITF,ITF6,18,Calabria,Calabria,1947131,140557,7.22,0.11
206,2021-01-25,CAL,1077,516,561,148,929,ITF,ITF6,18,Calabria,Calabria,1947131,141634,7.27,0.06
207,2021-05-05,CAL,13534,6473,7061,8482,5052,ITF,ITF6,18,Calabria,Calabria,1947131,155168,7.97,0.7
208,2021-03-02,CAL,4365,2490,1875,3610,755,ITF,ITF6,18,Calabria,Calabria,1947131,159533,8.19,0.22
209,2021-03-16,CAL,3855,1891,1964,2194,1661,ITF,ITF6,18,Calabria,Calabria,1947131,163388,8.39,0.2
210,2021-04-18,CAL,5846,2794,3052,4933,913,ITF,ITF6,18,Calabria,Calabria,1947131,169234,8.69,0.3
211,2021-04-04,CAL,1570,785,785,1149,421,ITF,ITF6,18,Calabria,Calabria,1947131,170804,8.77,0.08
212,2021-06-26,CAL,15341,7074,8267,7414,7927,ITF,ITF6,18,Calabria,Calabria,1947131,186145,9.56,0.79
213,2021-06-07,CAL,17009,7903,9106,13800,3209,ITF,ITF6,18,Calabria,Calabria,1947131,203154,10.43,0.87
214,2021-02-06,CAL,2911,1341,1570,444,2467,ITF,ITF6,18,Calabria,Calabria,1947131,206065,10.58,0.15
215,2021-01-23,CAL,401,186,215,359,42,ITF,ITF6,18,Calabria,Calabria,1947131,206466,10.6,0.02
216,2021-03-28,CAL,2691,1231,1460,1568,1123,ITF,ITF6,18,Calabria,Calabria,1947131,209157,10.74,0.14
217,2021-01-30,CAL,2183,1150,1033,348,1835,ITF,ITF6,18,Calabria,Calabria,1947131,211340,10.85,0.11
218,2021-07-01,CAL,12065,5691,6374,5236,6829,ITF,ITF6,18,Calabria,Calabria,1947131,223405,11.47,0.62
219,2021-02-01,CAL,2515,1198,1317,244,2271,ITF,ITF6,18,Calabria,Calabria,1947131,225920,11.6,0.13
220,2021-05-12,CAL,16409,8003,8406,10919,5490,ITF,ITF6,18,Calabria,Calabria,1947131,242329,12.45,0.84
221,2021-05-26,CAL,18670,9280,9390,10401,8269,ITF,ITF6,18,Calabria,Calabria,1947131,260999,13.4,0.96
222,2021-03-30,CAL,6379,2752,3627,3637,2742,ITF,ITF6,18,Calabria,Calabria,1947131,267378,13.73,0.33
223,2021-06-19,CAL,15578,7295,8283,8315,7263,ITF,ITF6,18,Calabria,Calabria,1947131,282956,14.53,0.8
224,2021-05-14,CAL,19915,9567,10348,13052,6863,ITF,ITF6,18,Calabria,Calabria,1947131,302871,15.55,1.02
225,2021-04-27,CAL,9953,4893,5060,8009,1944,ITF,ITF6,18,Calabria,Calabria,1947131,312824,16.07,0.51
226,2021-02-03,CAL,2813,1450,1363,573,2240,ITF,ITF6,18,Calabria,Calabria,1947131,315637,16.21,0.14
227,2021-03-06,CAL,8449,4352,4097,7654,795,ITF,ITF6,18,Calabria,Calabria,1947131,324086,16.64,0.43
228,2021-05-09,CAL,9620,4483,5137,6085,3535,ITF,ITF6,18,Calabria,Calabria,1947131,333706,17.14,0.49
229,2021-01-29,CAL,2057,992,1065,228,1829,ITF,ITF6,18,Calabria,Calabria,1947131,335763,17.24,0.11
230,2021-06-23,CAL,16822,7676,9146,7894,8928,ITF,ITF6,18,Calabria,Calabria,1947131,352585,18.11,0.86
231,2021-03-13,CAL,6941,3019,3922,5959,982,ITF,ITF6,18,Calabria,Calabria,1947131,359526,18.46,0.36
232,2021-01-15,CAL,2802,1259,1543,2802,0,ITF,ITF6,18,Calabria,Calabria,1947131,362328,18.61,0.14
233,2021-04-13,CAL,6899,3380,3519,5587,1312,ITF,ITF6,18,Calabria,Calabria,1947131,369227,18.96,0.35
234,2021-01-20,CAL,1402,627,775,1401,1,ITF,ITF6,18,Calabria,Calabria,1947131,370629,19.03,0.07
235,2021-01-03,CAL,6,3,3,6,0,ITF,ITF6,18,Calabria,Calabria,1947131,370635,19.03,0.0
236,2021-03-27,CAL,8774,3987,4787,4693,4081,ITF,ITF6,18,Calabria,Calabria,1947131,379409,19.49,0.45
237,2021-05-24,CAL,17714,8840,8874,10016,7698,ITF,ITF6,18,Calabria,Calabria,1947131,397123,20.4,0.91
238,2021-05-07,CAL,16113,7592,8521,9732,6381,ITF,ITF6,18,Calabria,Calabria,1947131,413236,21.22,0.83
239,2021-02-13,CAL,1398,604,794,1033,365,ITF,ITF6,18,Calabria,Calabria,1947131,414634,21.29,0.07
240,2021-06-11,CAL,17322,8509,8813,14736,2586,ITF,ITF6,18,Calabria,Calabria,1947131,431956,22.18,0.89
241,2021-01-08,CAL,2167,1034,1133,2167,0,ITF,ITF6,18,Calabria,Calabria,1947131,434123,22.3,0.11
242,2021-03-18,CAL,4419,2064,2355,2356,2063,ITF,ITF6,18,Calabria,Calabria,1947131,438542,22.52,0.23
243,2021-02-27,CAL,4002,2060,1942,3620,382,ITF,ITF6,18,Calabria,Calabria,1947131,442544,22.73,0.21
244,2021-02-11,CAL,2339,1044,1295,1084,1255,ITF,ITF6,18,Calabria,Calabria,1947131,444883,22.85,0.12
245,2021-05-23,CAL,11389,5552,5837,7039,4350,ITF,ITF6,18,Calabria,Calabria,1947131,456272,23.43,0.58
246,2021-03-01,CAL,2728,1548,1180,2273,455,ITF,ITF6,18,Calabria,Calabria,1947131,459000,23.57,0.14
247,2021-06-09,CAL,17491,8212,9279,15256,2235,ITF,ITF6,18,Calabria,Calabria,1947131,476491,24.47,0.9
248,2021-02-17,CAL,1866,824,1042,1655,211,ITF,ITF6,18,Calabria,Calabria,1947131,478357,24.57,0.1
249,2021-05-28,CAL,20985,10194,10791,11525,9460,ITF,ITF6,18,Calabria,Calabria,1947131,499342,25.65,1.08
250,2021-04-15,CAL,7716,3781,3935,6000,1716,ITF,ITF6,18,Calabria,Calabria,1947131,507058,26.04,0.4
251,2021-04-01,CAL,8672,3946,4726,4194,4478,ITF,ITF6,18,Calabria,Calabria,1947131,515730,26.49,0.45
252,2021-04-08,CAL,9286,4381,4905,5769,3517,ITF,ITF6,18,Calabria,Calabria,1947131,525016,26.96,0.48
253,2021-02-10,CAL,2511,1080,1431,883,1628,ITF,ITF6,18,Calabria,Calabria,1947131,527527,27.09,0.13
254,2021-06-04,CAL,17323,8055,9268,12831,4492,ITF,ITF6,18,Calabria,Calabria,1947131,544850,27.98,0.89
255,2021-02-22,CAL,2053,1042,1011,1495,558,ITF,ITF6,18,Calabria,Calabria,1947131,546903,28.09,0.11
256,2021-06-02,CAL,12082,5797,6285,8816,3266,ITF,ITF6,18,Calabria,Calabria,1947131,558985,28.71,0.62
257,2021-05-16,CAL,13781,6726,7055,9972,3809,ITF,ITF6,18,Calabria,Calabria,1947131,572766,29.42,0.71
258,2021-01-17,CAL,897,431,466,802,95,ITF,ITF6,18,Calabria,Calabria,1947131,573663,29.46,0.05
259,2021-03-24,CAL,7810,3572,4238,4534,3276,ITF,ITF6,18,Calabria,Calabria,1947131,581473,29.86,0.4
260,2021-04-10,CAL,11620,5260,6360,6766,4854,ITF,ITF6,18,Calabria,Calabria,1947131,593093,30.46,0.6
261,2021-05-19,CAL,18319,9072,9247,11353,6966,ITF,ITF6,18,Calabria,Calabria,1947131,611412,31.4,0.94
262,2021-03-23,CAL,5245,2460,2785,3436,1809,ITF,ITF6,18,Calabria,Calabria,1947131,616657,31.67,0.27
263,2021-02-15,CAL,1148,544,604,997,151,ITF,ITF6,18,Calabria,Calabria,1947131,617805,31.73,0.06
264,2021-05-04,CAL,16427,7572,8855,11727,4700,ITF,ITF6,18,Calabria,Calabria,1947131,634232,32.57,0.84
265,2021-01-22,CAL,659,275,384,657,2,ITF,ITF6,18,Calabria,Calabria,1947131,634891,32.61,0.03
266,2021-05-02,CAL,12513,5841,6672,10667,1846,ITF,ITF6,18,Calabria,Calabria,1947131,647404,33.25,0.64
267,2021-03-29,CAL,5741,2469,3272,3981,1760,ITF,ITF6,18,Calabria,Calabria,1947131,653145,33.54,0.29
268,2021-01-31,CAL,1112,555,557,154,958,ITF,ITF6,18,Calabria,Calabria,1947131,654257,33.6,0.06
269,2021-05-11,CAL,15054,7283,7771,10282,4772,ITF,ITF6,18,Calabria,Calabria,1947131,669311,34.37,0.77
270,2021-04-25,CAL,15877,8054,7823,14845,1032,ITF,ITF6,18,Calabria,Calabria,1947131,685188,35.19,0.82
271,2021-06-30,CAL,16036,7319,8717,6817,9219,ITF,ITF6,18,Calabria,Calabria,1947131,701224,36.01,0.82
272,2021-06-28,CAL,12997,5959,7038,5186,7811,ITF,ITF6,18,Calabria,Calabria,1947131,714221,36.68,0.67
273,2021-03-20,CAL,6712,3074,3638,4200,2512,ITF,ITF6,18,Calabria,Calabria,1947131,720933,37.03,0.34
274,2021-03-15,CAL,3582,1711,1871,2135,1447,ITF,ITF6,18,Calabria,Calabria,1947131,724515,37.21,0.18
275,2021-03-08,CAL,5431,2914,2517,4365,1066,ITF,ITF6,18,Calabria,Calabria,1947131,729946,37.49,0.28
276,2021-03-25,CAL,7435,3493,3942,4576,2859,ITF,ITF6,18,Calabria,Calabria,1947131,737381,37.87,0.38
277,2021-06-16,CAL,17906,8255,9651,11805,6101,ITF,ITF6,18,Calabria,Calabria,1947131,755287,38.79,0.92
278,2021-06-18,CAL,18438,8571,9867,10953,7485,ITF,ITF6,18,Calabria,Calabria,1947131,773725,39.74,0.95
279,2021-01-27,CAL,1467,739,728,396,1071,ITF,ITF6,18,Calabria,Calabria,1947131,775192,39.81,0.08
280,2021-02-14,CAL,468,214,254,438,30,ITF,ITF6,18,Calabria,Calabria,1947131,775660,39.84,0.02
281,2021-05-25,CAL,16367,8000,8367,10289,6078,ITF,ITF6,18,Calabria,Calabria,1947131,792027,40.68,0.84
282,2021-01-26,CAL,1835,873,962,277,1558,ITF,ITF6,18,Calabria,Calabria,1947131,793862,40.77,0.09
283,2021-02-05,CAL,3808,1717,2091,488,3320,ITF,ITF6,18,Calabria,Calabria,1947131,797670,40.97,0.2
284,2021-04-29,CAL,12448,6047,6401,8701,3747,ITF,ITF6,18,Calabria,Calabria,1947131,810118,41.61,0.64
285,2021-04-12,CAL,7037,3421,3616,5395,1642,ITF,ITF6,18,Calabria,Calabria,1947131,817155,41.97,0.36
286,2021-01-19,CAL,1116,491,625,1105,11,ITF,ITF6,18,Calabria,Calabria,1947131,818271,42.02,0.06
287,2021-06-17,CAL,15440,7039,8401,9320,6120,ITF,ITF6,18,Calabria,Calabria,1947131,833711,42.82,0.79
288,2021-03-26,CAL,8079,3835,4244,4960,3119,ITF,ITF6,18,Calabria,Calabria,1947131,841790,43.23,0.41
289,2021-05-21,CAL,21331,10861,10470,13973,7358,ITF,ITF6,18,Calabria,Calabria,1947131,863121,44.33,1.1
290,2021-01-05,CAL,1517,708,809,1517,0,ITF,ITF6,18,Calabria,Calabria,1947131,864638,44.41,0.08
291,2021-01-12,CAL,2074,1025,1049,2074,0,ITF,ITF6,18,Calabria,Calabria,1947131,866712,44.51,0.11
292,2021-02-24,CAL,1914,975,939,1436,478,ITF,ITF6,18,Calabria,Calabria,1947131,868626,44.61,0.1
293,2020-12-27,CAL,312,170,142,312,0,ITF,ITF6,18,Calabria,Calabria,1947131,868938,44.63,0.02
294,2021-04-06,CAL,8068,3658,4410,4438,3630,ITF,ITF6,18,Calabria,Calabria,1947131,877006,45.04,0.41
295,2021-02-08,CAL,1856,737,1119,663,1193,ITF,ITF6,18,Calabria,Calabria,1947131,878862,45.14,0.1
296,2021-04-24,CAL,19283,9598,9685,15809,3474,ITF,ITF6,18,Calabria,Calabria,1947131,898145,46.13,0.99
297,2021-02-26,CAL,3079,1641,1438,2626,453,ITF,ITF6,18,Calabria,Calabria,1947131,901224,46.28,0.16
298,2021-06-20,CAL,6498,3076,3422,3689,2809,ITF,ITF6,18,Calabria,Calabria,1947131,907722,46.62,0.33
299,2021-03-10,CAL,6732,3420,3312,5399,1333,ITF,ITF6,18,Calabria,Calabria,1947131,914454,46.96,0.35
300,2021-06-01,CAL,12850,5959,6891,7934,4916,ITF,ITF6,18,Calabria,Calabria,1947131,927304,47.62,0.66
301,2021-05-13,CAL,15928,7660,8268,11221,4707,ITF,ITF6,18,Calabria,Calabria,1947131,943232,48.44,0.82
302,2021-02-19,CAL,1509,682,827,1248,261,ITF,ITF6,18,Calabria,Calabria,1947131,944741,48.52,0.08
303,2021-05-30,CAL,10954,5262,5692,6800,4154,ITF,ITF6,18,Calabria,Calabria,1947131,955695,49.08,0.56
304,2021-01-24,CAL,46,19,27,39,7,ITF,ITF6,18,Calabria,Calabria,1947131,955741,49.08,0.0
305,2020-12-28,CAL,6,2,4,6,0,ITF,ITF6,18,Calabria,Calabria,1947131,955747,49.08,0.0
306,2021-06-03,CAL,14154,6624,7530,9580,4574,ITF,ITF6,18,Calabria,Calabria,1947131,969901,49.81,0.73
307,2021-07-02,CAL,15956,7382,8574,6070,9886,ITF,ITF6,18,Calabria,Calabria,1947131,985857,50.63,0.82
308,2021-05-20,CAL,16905,8438,8467,11298,5607,ITF,ITF6,18,Calabria,Calabria,1947131,1002762,51.5,0.87
309,2021-02-07,CAL,860,429,431,148,712,ITF,ITF6,18,Calabria,Calabria,1947131,1003622,51.54,0.04
310,2021-05-18,CAL,15279,7638,7641,11864,3415,ITF,ITF6,18,Calabria,Calabria,1947131,1018901,52.33,0.78
311,2021-03-22,CAL,4943,2319,2624,3184,1759,ITF,ITF6,18,Calabria,Calabria,1947131,1023844,52.58,0.25
312,2021-01-02,CAL,166,94,72,166,0,ITF,ITF6,18,Calabria,Calabria,1947131,1024010,52.59,0.01
313,2021-04-22,CAL,9745,4864,4881,6857,2888,ITF,ITF6,18,Calabria,Calabria,1947131,1033755,53.09,0.5
314,2021-05-06,CAL,13259,6278,6981,8991,4268,ITF,ITF6,18,Calabria,Calabria,1947131,1047014,53.77,0.68
315,2021-04-05,CAL,3643,1728,1915,2684,959,ITF,ITF6,18,Calabria,Calabria,1947131,1050657,53.96,0.19
316,2021-06-08,CAL,15878,7492,8386,13856,2022,ITF,ITF6,18,Calabria,Calabria,1947131,1066535,54.77,0.82
317,2021-03-17,CAL,4102,1826,2276,2186,1916,ITF,ITF6,18,Calabria,Calabria,1947131,1070637,54.99,0.21
318,2021-06-25,CAL,18504,8583,9921,7882,10622,ITF,ITF6,18,Calabria,Calabria,1947131,1089141,55.94,0.95
319,2021-06-06,CAL,13383,6438,6945,11687,1696,ITF,ITF6,18,Calabria,Calabria,1947131,1102524,56.62,0.69
320,2021-01-07,CAL,2197,1072,1125,2197,0,ITF,ITF6,18,Calabria,Calabria,1947131,1104721,56.74,0.11
321,2021-06-13,CAL,6595,3244,3351,5564,1031,ITF,ITF6,18,Calabria,Calabria,1947131,1111316,57.07,0.34
322,2021-04-17,CAL,10822,5073,5749,9045,1777,ITF,ITF6,18,Calabria,Calabria,1947131,1122138,57.63,0.56
323,2021-05-01,CAL,16661,7942,8719,12461,4200,ITF,ITF6,18,Calabria,Calabria,1947131,1138799,58.49,0.86
324,2021-03-05,CAL,6236,3619,2617,5662,574,ITF,ITF6,18,Calabria,Calabria,1947131,1145035,58.81,0.32
325,2021-03-03,CAL,5053,2759,2294,3973,1080,ITF,ITF6,18,Calabria,Calabria,1947131,1150088,59.07,0.26
326,2021-06-29,CAL,12734,5846,6888,5113,7621,ITF,ITF6,18,Calabria,Calabria,1947131,1162822,59.72,0.65
327,2021-05-03,CAL,14764,6768,7996,10548,4216,ITF,ITF6,18,Calabria,Calabria,1947131,1177586,60.48,0.76
328,2021-05-17,CAL,14893,7443,7450,10178,4715,ITF,ITF6,18,Calabria,Calabria,1947131,1192479,61.24,0.76
329,2021-02-21,CAL,622,295,327,545,77,ITF,ITF6,18,Calabria,Calabria,1947131,1193101,61.27,0.03
330,2021-04-28,CAL,12525,6060,6465,9664,2861,ITF,ITF6,18,Calabria,Calabria,1947131,1205626,61.92,0.64
331,2021-02-04,CAL,3593,1708,1885,653,2940,ITF,ITF6,18,Calabria,Calabria,1947131,1209219,62.1,0.18
332,2021-05-15,CAL,27238,13027,14211,20386,6852,ITF,ITF6,18,Calabria,Calabria,1947131,1236457,63.5,1.4
333,2021-02-02,CAL,2350,1151,1199,177,2173,ITF,ITF6,18,Calabria,Calabria,1947131,1238807,63.62,0.12
334,2021-01-16,CAL,2400,1124,1276,2400,0,ITF,ITF6,18,Calabria,Calabria,1947131,1241207,63.75,0.12
335,2021-02-09,CAL,2158,912,1246,956,1202,ITF,ITF6,18,Calabria,Calabria,1947131,1243365,63.86,0.11
336,2021-05-29,CAL,19252,8942,10310,9402,9850,ITF,ITF6,18,Calabria,Calabria,1947131,1262617,64.84,0.99
337,2021-04-14,CAL,8060,3891,4169,6615,1445,ITF,ITF6,18,Calabria,Calabria,1947131,1270677,65.26,0.41
338,2021-02-16,CAL,1739,735,1004,1460,279,ITF,ITF6,18,Calabria,Calabria,1947131,1272416,65.35,0.09
339,2021-05-27,CAL,17609,8689,8920,9832,7777,ITF,ITF6,18,Calabria,Calabria,1947131,1290025,66.25,0.9
340,2021-03-12,CAL,5160,2475,2685,4098,1062,ITF,ITF6,18,Calabria,Calabria,1947131,1295185,66.52,0.27
341,2021-01-14,CAL,2641,1252,1389,2641,0,ITF,ITF6,18,Calabria,Calabria,1947131,1297826,66.65,0.14
342,2021-01-21,CAL,965,449,516,934,31,ITF,ITF6,18,Calabria,Calabria,1947131,1298791,66.7,0.05
343,2021-04-07,CAL,7082,3210,3872,4078,3004,ITF,ITF6,18,Calabria,Calabria,1947131,1305873,67.07,0.36
344,2021-02-23,CAL,1593,754,839,1478,115,ITF,ITF6,18,Calabria,Calabria,1947131,1307466,67.15,0.08
345,2021-03-31,CAL,9086,4136,4950,5047,4039,ITF,ITF6,18,Calabria,Calabria,1947131,1316552,67.61,0.47
346,2021-04-09,CAL,7940,3723,4217,5052,2888,ITF,ITF6,18,Calabria,Calabria,1947131,1324492,68.02,0.41
347,2021-06-05,CAL,20353,9534,10819,17385,2968,ITF,ITF6,18,Calabria,Calabria,1947131,1344845,69.07,1.05
348,2021-04-19,CAL,7869,3798,4071,6194,1675,ITF,ITF6,18,Calabria,Calabria,1947131,1352714,69.47,0.4
349,2021-01-09,CAL,1944,1048,896,1944,0,ITF,ITF6,18,Calabria,Calabria,1947131,1354658,69.57,0.1
350,2021-02-28,CAL,2333,1058,1275,2180,153,ITF,ITF6,18,Calabria,Calabria,1947131,1356991,69.69,0.12
351,2021-03-21,CAL,4455,1923,2532,2736,1719,ITF,ITF6,18,Calabria,Calabria,1947131,1361446,69.92,0.23
352,2021-03-07,CAL,3392,1731,1661,3300,92,ITF,ITF6,18,Calabria,Calabria,1947131,1364838,70.09,0.17
353,2021-06-15,CAL,9579,4434,5145,6260,3319,ITF,ITF6,18,Calabria,Calabria,1947131,1374417,70.59,0.49
354,2021-03-14,CAL,2709,1053,1656,2284,425,ITF,ITF6,18,Calabria,Calabria,1947131,1377126,70.73,0.14
355,2021-06-22,CAL,14223,6705,7518,7140,7083,ITF,ITF6,18,Calabria,Calabria,1947131,1391349,71.46,0.73
356,2021-05-10,CAL,13121,6087,7034,7723,5398,ITF,ITF6,18,Calabria,Calabria,1947131,1404470,72.13,0.67
357,2021-04-26,CAL,10188,5060,5128,7770,2418,ITF,ITF6,18,Calabria,Calabria,1947131,1414658,72.65,0.52
358,2021-01-10,CAL,934,527,407,934,0,ITF,ITF6,18,Calabria,Calabria,1947131,1415592,72.7,0.05
359,2021-04-20,CAL,7845,3956,3889,6120,1725,ITF,ITF6,18,Calabria,Calabria,1947131,1423437,73.1,0.4
360,2021-02-12,CAL,1710,668,1042,947,763,ITF,ITF6,18,Calabria,Calabria,1947131,1425147,73.19,0.09
361,2021-06-27,CAL,8228,3848,4380,4831,3397,ITF,ITF6,18,Calabria,Calabria,1947131,1433375,73.61,0.42
362,2021-04-03,CAL,9360,4051,5309,4553,4807,ITF,ITF6,18,Calabria,Calabria,1947131,1442735,74.1,0.48
363,2021-01-28,CAL,2255,1121,1134,83,2172,ITF,ITF6,18,Calabria,Calabria,1947131,1444990,74.21,0.12
364,2021-05-08,CAL,18438,8386,10052,10612,7826,ITF,ITF6,18,Calabria,Calabria,1947131,1463428,75.16,0.95
365,2021-05-22,CAL,22174,10553,11621,14323,7851,ITF,ITF6,18,Calabria,Calabria,1947131,1485602,76.3,1.14
366,2021-04-21,CAL,11543,5799,5744,8650,2893,ITF,ITF6,18,Calabria,Calabria,1947131,1497145,76.89,0.59
367,2021-04-02,CAL,8525,3902,4623,4608,3917,ITF,ITF6,18,Calabria,Calabria,1947131,1505670,77.33,0.44
368,2021-06-24,CAL,14944,6788,8156,6668,8276,ITF,ITF6,18,Calabria,Calabria,1947131,1520614,78.1,0.77
369,2021-03-19,CAL,4185,1953,2232,1894,2291,ITF,ITF6,18,Calabria,Calabria,1947131,1524799,78.31,0.21
370,2021-06-10,CAL,15318,7042,8276,12552,2766,ITF,ITF6,18,Calabria,Calabria,1947131,1540117,79.1,0.79
371,2021-05-17,VEN,26489,12976,13513,16475,10014,ITH,ITH3,5,Veneto,Veneto,4905854,26489,0.54,0.54
372,2021-02-06,VEN,4095,1354,2741,709,3386,ITH,ITH3,5,Veneto,Veneto,4905854,30584,0.62,0.08
373,2021-02-23,VEN,7383,3254,4129,7112,271,ITH,ITH3,5,Veneto,Veneto,4905854,37967,0.77,0.15
374,2021-04-28,VEN,32395,15168,17227,23377,9018,ITH,ITH3,5,Veneto,Veneto,4905854,70362,1.43,0.66
375,2021-01-18,VEN,2762,776,1986,2563,199,ITH,ITH3,5,Veneto,Veneto,4905854,73124,1.49,0.06
376,2021-06-17,VEN,50953,25550,25403,26048,24905,ITH,ITH3,5,Veneto,Veneto,4905854,124077,2.53,1.04
377,2021-03-09,VEN,16543,7446,9097,10220,6323,ITH,ITH3,5,Veneto,Veneto,4905854,140620,2.87,0.34
378,2021-05-31,VEN,31598,16217,15381,21684,9914,ITH,ITH3,5,Veneto,Veneto,4905854,172218,3.51,0.64
379,2021-03-26,VEN,29580,13143,16437,24118,5462,ITH,ITH3,5,Veneto,Veneto,4905854,201798,4.11,0.6
380,2021-03-28,VEN,31294,13603,17691,27682,3612,ITH,ITH3,5,Veneto,Veneto,4905854,233092,4.75,0.64
381,2021-06-19,VEN,48411,24642,23769,25928,22483,ITH,ITH3,5,Veneto,Veneto,4905854,281503,5.74,0.99
382,2021-04-14,VEN,15906,6895,9011,9279,6627,ITH,ITH3,5,Veneto,Veneto,4905854,297409,6.06,0.32
383,2021-01-04,VEN,6736,2034,4702,6736,0,ITH,ITH3,5,Veneto,Veneto,4905854,304145,6.2,0.14
384,2021-04-23,VEN,31240,13837,17403,22531,8709,ITH,ITH3,5,Veneto,Veneto,4905854,335385,6.84,0.64
385,2021-02-16,VEN,6644,2870,3774,6468,176,ITH,ITH3,5,Veneto,Veneto,4905854,342029,6.97,0.14
386,2021-05-29,VEN,32987,16665,16322,25327,7660,ITH,ITH3,5,Veneto,Veneto,4905854,375016,7.64,0.67
387,2021-02-25,VEN,7898,3339,4559,7293,605,ITH,ITH3,5,Veneto,Veneto,4905854,382914,7.81,0.16
388,2021-04-09,VEN,31194,13764,17430,22850,8344,ITH,ITH3,5,Veneto,Veneto,4905854,414108,8.44,0.64
389,2021-06-05,VEN,46640,24023,22617,38664,7976,ITH,ITH3,5,Veneto,Veneto,4905854,460748,9.39,0.95
390,2021-04-04,VEN,7782,3532,4250,6634,1148,ITH,ITH3,5,Veneto,Veneto,4905854,468530,9.55,0.16
391,2021-05-24,VEN,33020,16404,16616,8025,24995,ITH,ITH3,5,Veneto,Veneto,4905854,501550,10.22,0.67
392,2021-01-11,VEN,7239,2102,5137,7239,0,ITH,ITH3,5,Veneto,Veneto,4905854,508789,10.37,0.15
393,2021-04-21,VEN,32331,13179,19152,16273,16058,ITH,ITH3,5,Veneto,Veneto,4905854,541120,11.03,0.66
394,2021-05-22,VEN,34762,16672,18090,13368,21394,ITH,ITH3,5,Veneto,Veneto,4905854,575882,11.74,0.71
395,2021-02-11,VEN,4012,1238,2774,3384,628,ITH,ITH3,5,Veneto,Veneto,4905854,579894,11.82,0.08
396,2021-01-28,VEN,9210,2662,6548,172,9038,ITH,ITH3,5,Veneto,Veneto,4905854,589104,12.01,0.19
397,2021-03-02,VEN,11490,4625,6865,8181,3309,ITH,ITH3,5,Veneto,Veneto,4905854,600594,12.24,0.23
398,2021-05-05,VEN,44322,21238,23084,37751,6571,ITH,ITH3,5,Veneto,Veneto,4905854,644916,13.15,0.9
399,2021-07-01,VEN,48740,24903,23837,20198,28542,ITH,ITH3,5,Veneto,Veneto,4905854,693656,14.14,0.99
400,2021-05-12,VEN,36742,17785,18957,31636,5106,ITH,ITH3,5,Veneto,Veneto,4905854,730398,14.89,0.75
401,2021-06-24,VEN,54965,27810,27155,17418,37547,ITH,ITH3,5,Veneto,Veneto,4905854,785363,16.01,1.12
402,2021-03-16,VEN,12527,5353,7174,6907,5620,ITH,ITH3,5,Veneto,Veneto,4905854,797890,16.26,0.26
403,2021-01-23,VEN,4051,1246,2805,31,4020,ITH,ITH3,5,Veneto,Veneto,4905854,801941,16.35,0.08
404,2021-06-29,VEN,44538,22242,22296,18972,25566,ITH,ITH3,5,Veneto,Veneto,4905854,846479,17.25,0.91
405,2021-03-21,VEN,11981,4753,7228,8518,3463,ITH,ITH3,5,Veneto,Veneto,4905854,858460,17.5,0.24
406,2021-01-16,VEN,4611,1542,3069,4611,0,ITH,ITH3,5,Veneto,Veneto,4905854,863071,17.59,0.09
407,2021-03-14,VEN,15176,5942,9234,14282,894,ITH,ITH3,5,Veneto,Veneto,4905854,878247,17.9,0.31
408,2021-05-10,VEN,36456,17048,19408,26604,9852,ITH,ITH3,5,Veneto,Veneto,4905854,914703,18.65,0.74
409,2021-02-04,VEN,7386,2025,5361,551,6835,ITH,ITH3,5,Veneto,Veneto,4905854,922089,18.8,0.15
410,2021-04-30,VEN,49987,23475,26512,34324,15663,ITH,ITH3,5,Veneto,Veneto,4905854,972076,19.81,1.02
411,2021-01-20,VEN,1038,368,670,386,652,ITH,ITH3,5,Veneto,Veneto,4905854,973114,19.84,0.02
412,2021-07-03,VEN,15329,7827,7502,4142,11187,ITH,ITH3,5,Veneto,Veneto,4905854,988443,20.15,0.31
413,2021-06-16,VEN,47176,23271,23905,25963,21213,ITH,ITH3,5,Veneto,Veneto,4905854,1035619,21.11,0.96
414,2021-02-18,VEN,5828,2455,3373,5764,64,ITH,ITH3,5,Veneto,Veneto,4905854,1041447,21.23,0.12
415,2021-04-16,VEN,24445,10492,13953,12558,11887,ITH,ITH3,5,Veneto,Veneto,4905854,1065892,21.73,0.5
416,2021-04-18,VEN,17512,7253,10259,9947,7565,ITH,ITH3,5,Veneto,Veneto,4905854,1083404,22.08,0.36
417,2021-01-08,VEN,9407,2835,6572,9407,0,ITH,ITH3,5,Veneto,Veneto,4905854,1092811,22.28,0.19
418,2021-01-13,VEN,5985,1606,4379,5985,0,ITH,ITH3,5,Veneto,Veneto,4905854,1098796,22.4,0.12
419,2021-06-12,VEN,47795,24070,23725,37050,10745,ITH,ITH3,5,Veneto,Veneto,4905854,1146591,23.37,0.97
420,2021-05-02,VEN,37233,17262,19971,26904,10329,ITH,ITH3,5,Veneto,Veneto,4905854,1183824,24.13,0.76
421,2021-06-14,VEN,42401,21436,20965,27118,15283,ITH,ITH3,5,Veneto,Veneto,4905854,1226225,25.0,0.86
422,2021-03-06,VEN,10667,4356,6311,7405,3262,ITH,ITH3,5,Veneto,Veneto,4905854,1236892,25.21,0.22
423,2020-12-30,VEN,699,245,454,699,0,ITH,ITH3,5,Veneto,Veneto,4905854,1237591,25.23,0.01
424,2021-05-14,VEN,46701,22208,24493,25839,20862,ITH,ITH3,5,Veneto,Veneto,4905854,1284292,26.18,0.95
425,2021-02-20,VEN,6424,2014,4410,6353,71,ITH,ITH3,5,Veneto,Veneto,4905854,1290716,26.31,0.13
426,2021-06-02,VEN,20305,10232,10073,15960,4345,ITH,ITH3,5,Veneto,Veneto,4905854,1311021,26.72,0.41
427,2021-03-11,VEN,19827,8888,10939,14256,5571,ITH,ITH3,5,Veneto,Veneto,4905854,1330848,27.13,0.4
428,2021-06-10,VEN,51845,26786,25059,42587,9258,ITH,ITH3,5,Veneto,Veneto,4905854,1382693,28.18,1.06
429,2021-04-02,VEN,24073,10612,13461,17745,6328,ITH,ITH3,5,Veneto,Veneto,4905854,1406766,28.68,0.49
430,2021-06-09,VEN,42395,21753,20642,34982,7413,ITH,ITH3,5,Veneto,Veneto,4905854,1449161,29.54,0.86
431,2021-06-28,VEN,46648,23635,23013,18226,28422,ITH,ITH3,5,Veneto,Veneto,4905854,1495809,30.49,0.95
432,2021-01-25,VEN,6468,2075,4393,159,6309,ITH,ITH3,5,Veneto,Veneto,4905854,1502277,30.62,0.13
433,2021-01-09,VEN,7928,2539,5389,7928,0,ITH,ITH3,5,Veneto,Veneto,4905854,1510205,30.78,0.16
434,2021-03-18,VEN,12612,5138,7474,7384,5228,ITH,ITH3,5,Veneto,Veneto,4905854,1522817,31.04,0.26
435,2021-06-26,VEN,47499,24239,23260,13655,33844,ITH,ITH3,5,Veneto,Veneto,4905854,1570316,32.01,0.97
436,2021-05-07,VEN,48526,23252,25274,39859,8667,ITH,ITH3,5,Veneto,Veneto,4905854,1618842,33.0,0.99
437,2021-01-27,VEN,7141,2064,5077,241,6900,ITH,ITH3,5,Veneto,Veneto,4905854,1625983,33.14,0.15
438,2021-03-23,VEN,22212,10239,11973,17500,4712,ITH,ITH3,5,Veneto,Veneto,4905854,1648195,33.6,0.45
439,2021-05-19,VEN,32920,15072,17848,17006,15914,ITH,ITH3,5,Veneto,Veneto,4905854,1681115,34.27,0.67
440,2021-02-08,VEN,5003,1559,3444,1929,3074,ITH,ITH3,5,Veneto,Veneto,4905854,1686118,34.37,0.1
441,2021-04-06,VEN,28953,13326,15627,23911,5042,ITH,ITH3,5,Veneto,Veneto,4905854,1715071,34.96,0.59
442,2021-01-01,VEN,1528,471,1057,1528,0,ITH,ITH3,5,Veneto,Veneto,4905854,1716599,34.99,0.03
443,2021-03-25,VEN,25952,11055,14897,19853,6099,ITH,ITH3,5,Veneto,Veneto,4905854,1742551,35.52,0.53
444,2021-04-11,VEN,21005,8872,12133,14699,6306,ITH,ITH3,5,Veneto,Veneto,4905854,1763556,35.95,0.43
445,2021-04-13,VEN,14031,6324,7707,8545,5486,ITH,ITH3,5,Veneto,Veneto,4905854,1777587,36.23,0.29
446,2021-01-03,VEN,5157,1562,3595,5157,0,ITH,ITH3,5,Veneto,Veneto,4905854,1782744,36.34,0.11
447,2021-01-30,VEN,8747,2672,6075,693,8054,ITH,ITH3,5,Veneto,Veneto,4905854,1791491,36.52,0.18
448,2021-03-07,VEN,4493,1768,2725,3932,561,ITH,ITH3,5,Veneto,Veneto,4905854,1795984,36.61,0.09
449,2021-05-03,VEN,40689,19805,20884,34226,6463,ITH,ITH3,5,Veneto,Veneto,4905854,1836673,37.44,0.83
450,2021-05-28,VEN,46670,22855,23815,24849,21821,ITH,ITH3,5,Veneto,Veneto,4905854,1883343,38.39,0.95
451,2021-04-25,VEN,18315,8149,10166,13481,4834,ITH,ITH3,5,Veneto,Veneto,4905854,1901658,38.76,0.37
452,2021-06-21,VEN,43777,21903,21874,20854,22923,ITH,ITH3,5,Veneto,Veneto,4905854,1945435,39.66,0.89
453,2021-01-06,VEN,8134,2386,5748,8134,0,ITH,ITH3,5,Veneto,Veneto,4905854,1953569,39.82,0.17
454,2021-06-23,VEN,48259,23924,24335,15099,33160,ITH,ITH3,5,Veneto,Veneto,4905854,2001828,40.8,0.98
455,2021-03-15,VEN,16666,7327,9339,11458,5208,ITH,ITH3,5,Veneto,Veneto,4905854,2018494,41.14,0.34
456,2021-06-07,VEN,44402,23169,21233,37385,7017,ITH,ITH3,5,Veneto,Veneto,4905854,2062896,42.05,0.91
457,2021-02-27,VEN,8990,2692,6298,8143,847,ITH,ITH3,5,Veneto,Veneto,4905854,2071886,42.23,0.18
458,2021-03-04,VEN,12980,4884,8096,9508,3472,ITH,ITH3,5,Veneto,Veneto,4905854,2084866,42.5,0.26
459,2021-05-11,VEN,33156,16497,16659,28438,4718,ITH,ITH3,5,Veneto,Veneto,4905854,2118022,43.17,0.68
460,2021-01-22,VEN,1080,332,748,25,1055,ITH,ITH3,5,Veneto,Veneto,4905854,2119102,43.2,0.02
461,2021-04-27,VEN,28135,12757,15378,21221,6914,ITH,ITH3,5,Veneto,Veneto,4905854,2147237,43.77,0.57
462,2021-01-17,VEN,1933,781,1152,1584,349,ITH,ITH3,5,Veneto,Veneto,4905854,2149170,43.81,0.04
463,2021-02-03,VEN,5945,1667,4278,480,5465,ITH,ITH3,5,Veneto,Veneto,4905854,2155115,43.93,0.12
464,2021-04-29,VEN,50266,23381,26885,37082,13184,ITH,ITH3,5,Veneto,Veneto,4905854,2205381,44.95,1.02
465,2021-02-05,VEN,8377,2534,5843,1417,6960,ITH,ITH3,5,Veneto,Veneto,4905854,2213758,45.12,0.17
466,2021-02-22,VEN,7014,3041,3973,6627,387,ITH,ITH3,5,Veneto,Veneto,4905854,2220772,45.27,0.14
467,2021-04-20,VEN,22431,9496,12935,8432,13999,ITH,ITH3,5,Veneto,Veneto,4905854,2243203,45.73,0.46
468,2021-05-09,VEN,35035,16115,18920,24979,10056,ITH,ITH3,5,Veneto,Veneto,4905854,2278238,46.44,0.71
469,2021-05-26,VEN,31077,15189,15888,14618,16459,ITH,ITH3,5,Veneto,Veneto,4905854,2309315,47.07,0.63
470,2021-03-01,VEN,9395,3716,5679,7573,1822,ITH,ITH3,5,Veneto,Veneto,4905854,2318710,47.26,0.19
471,2021-03-08,VEN,13630,6271,7359,9561,4069,ITH,ITH3,5,Veneto,Veneto,4905854,2332340,47.54,0.28
472,2021-06-18,VEN,52852,26375,26477,24429,28423,ITH,ITH3,5,Veneto,Veneto,4905854,2385192,48.62,1.08
473,2021-03-27,VEN,32069,14011,18058,26270,5799,ITH,ITH3,5,Veneto,Veneto,4905854,2417261,49.27,0.65
474,2021-06-03,VEN,54286,27923,26363,42337,11949,ITH,ITH3,5,Veneto,Veneto,4905854,2471547,50.38,1.11
475,2021-02-01,VEN,8561,2502,6059,160,8401,ITH,ITH3,5,Veneto,Veneto,4905854,2480108,50.55,0.17
476,2021-02-15,VEN,4389,1824,2565,4149,240,ITH,ITH3,5,Veneto,Veneto,4905854,2484497,50.64,0.09
477,2021-03-30,VEN,35958,15293,20665,30717,5241,ITH,ITH3,5,Veneto,Veneto,4905854,2520455,51.38,0.73
478,2021-04-10,VEN,27463,11978,15485,18986,8477,ITH,ITH3,5,Veneto,Veneto,4905854,2547918,51.94,0.56
479,2021-06-06,VEN,37311,19106,18205,32584,4727,ITH,ITH3,5,Veneto,Veneto,4905854,2585229,52.7,0.76
480,2020-12-27,VEN,880,395,485,880,0,ITH,ITH3,5,Veneto,Veneto,4905854,2586109,52.71,0.02
481,2021-05-30,VEN,22542,11267,11275,15849,6693,ITH,ITH3,5,Veneto,Veneto,4905854,2608651,53.17,0.46
482,2021-05-21,VEN,44745,22014,22731,20997,23748,ITH,ITH3,5,Veneto,Veneto,4905854,2653396,54.09,0.91
483,2021-02-17,VEN,6022,2772,3250,5928,94,ITH,ITH3,5,Veneto,Veneto,4905854,2659418,54.21,0.12
484,2021-04-01,VEN,25320,11153,14167,18910,6410,ITH,ITH3,5,Veneto,Veneto,4905854,2684738,54.73,0.52
485,2021-05-16,VEN,28411,14005,14406,21333,7078,ITH,ITH3,5,Veneto,Veneto,4905854,2713149,55.3,0.58
486,2020-12-31,VEN,3220,1042,2178,3220,0,ITH,ITH3,5,Veneto,Veneto,4905854,2716369,55.37,0.07
487,2021-04-12,VEN,14902,6333,8569,6686,8216,ITH,ITH3,5,Veneto,Veneto,4905854,2731271,55.67,0.3
488,2021-05-18,VEN,26890,12509,14381,13316,13574,ITH,ITH3,5,Veneto,Veneto,4905854,2758161,56.22,0.55
489,2021-06-30,VEN,44354,22382,21972,17712,26642,ITH,ITH3,5,Veneto,Veneto,4905854,2802515,57.13,0.9
490,2021-03-22,VEN,18144,8177,9967,13098,5046,ITH,ITH3,5,Veneto,Veneto,4905854,2820659,57.5,0.37
491,2021-03-13,VEN,17229,7303,9926,14098,3131,ITH,ITH3,5,Veneto,Veneto,4905854,2837888,57.85,0.35
492,2021-01-15,VEN,5875,1820,4055,5875,0,ITH,ITH3,5,Veneto,Veneto,4905854,2843763,57.97,0.12
493,2021-05-20,VEN,44747,21227,23520,20442,24305,ITH,ITH3,5,Veneto,Veneto,4905854,2888510,58.88,0.91
494,2021-02-09,VEN,5248,1891,3357,3445,1803,ITH,ITH3,5,Veneto,Veneto,4905854,2893758,58.99,0.11
495,2021-05-04,VEN,42935,20334,22601,34908,8027,ITH,ITH3,5,Veneto,Veneto,4905854,2936693,59.86,0.88
496,2021-01-24,VEN,4117,1219,2898,28,4089,ITH,ITH3,5,Veneto,Veneto,4905854,2940810,59.94,0.08
497,2021-04-07,VEN,36006,16182,19824,28668,7338,ITH,ITH3,5,Veneto,Veneto,4905854,2976816,60.68,0.73
498,2021-06-20,VEN,40433,19672,20761,18930,21503,ITH,ITH3,5,Veneto,Veneto,4905854,3017249,61.5,0.82
499,2021-02-19,VEN,7322,3140,4182,7118,204,ITH,ITH3,5,Veneto,Veneto,4905854,3024571,61.65,0.15
500,2021-02-21,VEN,4638,1211,3427,4633,5,ITH,ITH3,5,Veneto,Veneto,4905854,3029209,61.75,0.09
501,2021-05-15,VEN,36198,17491,18707,26209,9989,ITH,ITH3,5,Veneto,Veneto,4905854,3065407,62.48,0.74
502,2021-06-01,VEN,26921,13543,13378,16406,10515,ITH,ITH3,5,Veneto,Veneto,4905854,3092328,63.03,0.55
503,2021-03-10,VEN,19039,8727,10312,13356,5683,ITH,ITH3,5,Veneto,Veneto,4905854,3111367,63.42,0.39
504,2021-04-03,VEN,21951,9625,12326,14243,7708,ITH,ITH3,5,Veneto,Veneto,4905854,3133318,63.87,0.45
505,2021-03-20,VEN,13019,5388,7631,10939,2080,ITH,ITH3,5,Veneto,Veneto,4905854,3146337,64.13,0.27
506,2021-01-10,VEN,5034,1672,3362,5034,0,ITH,ITH3,5,Veneto,Veneto,4905854,3151371,64.24,0.1
507,2021-05-23,VEN,34484,16464,18020,11084,23400,ITH,ITH3,5,Veneto,Veneto,4905854,3185855,64.94,0.7
508,2021-02-12,VEN,4314,1447,2867,3742,572,ITH,ITH3,5,Veneto,Veneto,4905854,3190169,65.03,0.09
509,2021-01-29,VEN,9023,2788,6235,366,8657,ITH,ITH3,5,Veneto,Veneto,4905854,3199192,65.21,0.18
510,2021-04-15,VEN,20906,8634,12272,10083,10823,ITH,ITH3,5,Veneto,Veneto,4905854,3220098,65.64,0.43
511,2021-01-05,VEN,7330,2183,5147,7330,0,ITH,ITH3,5,Veneto,Veneto,4905854,3227428,65.79,0.15
512,2021-02-10,VEN,4751,1588,3163,3697,1054,ITH,ITH3,5,Veneto,Veneto,4905854,3232179,65.88,0.1
513,2021-04-08,VEN,32364,14367,17997,24489,7875,ITH,ITH3,5,Veneto,Veneto,4905854,3264543,66.54,0.66
514,2021-06-04,VEN,49459,25740,23719,41365,8094,ITH,ITH3,5,Veneto,Veneto,4905854,3314002,67.55,1.01
515,2021-02-24,VEN,8616,3679,4937,8128,488,ITH,ITH3,5,Veneto,Veneto,4905854,3322618,67.73,0.18
516,2021-02-26,VEN,8294,3270,5024,7036,1258,ITH,ITH3,5,Veneto,Veneto,4905854,3330912,67.9,0.17
517,2021-04-24,VEN,24750,10825,13925,15670,9080,ITH,ITH3,5,Veneto,Veneto,4905854,3355662,68.4,0.5
518,2021-01-14,VEN,7063,1924,5139,7063,0,ITH,ITH3,5,Veneto,Veneto,4905854,3362725,68.55,0.14
519,2021-03-12,VEN,18657,8194,10463,11909,6748,ITH,ITH3,5,Veneto,Veneto,4905854,3381382,68.93,0.38
520,2021-01-02,VEN,5744,1767,3977,5744,0,ITH,ITH3,5,Veneto,Veneto,4905854,3387126,69.04,0.12
521,2021-01-19,VEN,1310,473,837,1160,150,ITH,ITH3,5,Veneto,Veneto,4905854,3388436,69.07,0.03
522,2021-05-01,VEN,38843,18232,20611,29900,8943,ITH,ITH3,5,Veneto,Veneto,4905854,3427279,69.86,0.79
523,2021-01-31,VEN,4769,1563,3206,391,4378,ITH,ITH3,5,Veneto,Veneto,4905854,3432048,69.96,0.1
524,2021-03-29,VEN,31505,13723,17782,27629,3876,ITH,ITH3,5,Veneto,Veneto,4905854,3463553,70.6,0.64
525,2021-05-13,VEN,44228,21828,22400,34342,9886,ITH,ITH3,5,Veneto,Veneto,4905854,3507781,71.5,0.9
526,2021-02-02,VEN,6512,1881,4631,396,6116,ITH,ITH3,5,Veneto,Veneto,4905854,3514293,71.63,0.13
527,2021-03-31,VEN,38814,16389,22425,31319,7495,ITH,ITH3,5,Veneto,Veneto,4905854,3553107,72.43,0.79
528,2021-06-22,VEN,43166,21335,21831,18856,24310,ITH,ITH3,5,Veneto,Veneto,4905854,3596273,73.31,0.88
529,2021-04-26,VEN,20715,9453,11262,15577,5138,ITH,ITH3,5,Veneto,Veneto,4905854,3616988,73.73,0.42
530,2021-06-15,VEN,47555,24152,23403,30069,17486,ITH,ITH3,5,Veneto,Veneto,4905854,3664543,74.7,0.97
531,2021-05-27,VEN,46463,22834,23629,23313,23150,ITH,ITH3,5,Veneto,Veneto,4905854,3711006,75.64,0.95
532,2021-02-07,VEN,2315,862,1453,714,1601,ITH,ITH3,5,Veneto,Veneto,4905854,3713321,75.69,0.05
533,2021-07-02,VEN,48113,24396,23717,15921,32192,ITH,ITH3,5,Veneto,Veneto,4905854,3761434,76.67,0.98
534,2021-03-24,VEN,22109,9573,12536,15307,6802,ITH,ITH3,5,Veneto,Veneto,4905854,3783543,77.12,0.45
535,2021-05-08,VEN,41434,18746,22688,29621,11813,ITH,ITH3,5,Veneto,Veneto,4905854,3824977,77.97,0.84
536,2021-06-27,VEN,39589,20225,19364,15325,24264,ITH,ITH3,5,Veneto,Veneto,4905854,3864566,78.77,0.81
537,2021-03-19,VEN,13791,5668,8123,7696,6095,ITH,ITH3,5,Veneto,Veneto,4905854,3878357,79.06,0.28
538,2021-04-17,VEN,22420,9084,13336,15143,7277,ITH,ITH3,5,Veneto,Veneto,4905854,3900777,79.51,0.46
539,2021-01-07,VEN,8360,2318,6042,8360,0,ITH,ITH3,5,Veneto,Veneto,4905854,3909137,79.68,0.17
540,2021-06-13,VEN,36892,19046,17846,29931,6961,ITH,ITH3,5,Veneto,Veneto,4905854,3946029,80.44,0.75
541,2021-01-21,VEN,2293,719,1574,21,2272,ITH,ITH3,5,Veneto,Veneto,4905854,3948322,80.48,0.05
542,2021-03-05,VEN,13336,5020,8316,9666,3670,ITH,ITH3,5,Veneto,Veneto,4905854,3961658,80.75,0.27
543,2021-02-13,VEN,3266,1473,1793,3246,20,ITH,ITH3,5,Veneto,Veneto,4905854,3964924,80.82,0.07
544,2021-03-03,VEN,12096,4646,7450,8597,3499,ITH,ITH3,5,Veneto,Veneto,4905854,3977020,81.07,0.25
545,2021-06-11,VEN,46924,24407,22517,35781,11143,ITH,ITH3,5,Veneto,Veneto,4905854,4023944,82.02,0.96
546,2021-06-25,VEN,50835,25723,25112,15187,35648,ITH,ITH3,5,Veneto,Veneto,4905854,4074779,83.06,1.04
547,2021-04-22,VEN,32002,13920,18082,16256,15746,ITH,ITH3,5,Veneto,Veneto,4905854,4106781,83.71,0.65
548,2021-06-08,VEN,43458,22477,20981,37347,6111,ITH,ITH3,5,Veneto,Veneto,4905854,4150239,84.6,0.89
549,2021-05-25,VEN,27749,13398,14351,11734,16015,ITH,ITH3,5,Veneto,Veneto,4905854,4177988,85.16,0.57
550,2021-02-14,VEN,126,56,70,113,13,ITH,ITH3,5,Veneto,Veneto,4905854,4178114,85.17,0.0
551,2021-02-28,VEN,4136,1389,2747,3299,837,ITH,ITH3,5,Veneto,Veneto,4905854,4182250,85.25,0.08
552,2021-03-17,VEN,14645,5992,8653,7849,6796,ITH,ITH3,5,Veneto,Veneto,4905854,4196895,85.55,0.3
553,2021-01-12,VEN,5231,1517,3714,5231,0,ITH,ITH3,5,Veneto,Veneto,4905854,4202126,85.66,0.11
554,2021-04-19,VEN,21544,8922,12622,5134,16410,ITH,ITH3,5,Veneto,Veneto,4905854,4223670,86.09,0.44
555,2021-04-05,VEN,19153,8370,10783,13718,5435,ITH,ITH3,5,Veneto,Veneto,4905854,4242823,86.48,0.39
556,2021-01-26,VEN,6919,2090,4829,149,6770,ITH,ITH3,5,Veneto,Veneto,4905854,4249742,86.63,0.14
557,2021-05-06,VEN,46954,22024,24930,38479,8475,ITH,ITH3,5,Veneto,Veneto,4905854,4296696,87.58,0.96
558,2021-03-26,LIG,9330,4025,5305,6175,3155,ITC,ITC3,7,Liguria,Liguria,1550640,9330,0.6,0.6
559,2021-01-02,LIG,691,245,446,691,0,ITC,ITC3,7,Liguria,Liguria,1550640,10021,0.65,0.04
560,2021-06-15,LIG,17072,8294,8778,9013,8059,ITC,ITC3,7,Liguria,Liguria,1550640,27093,1.75,1.1
561,2021-03-07,LIG,1915,1138,777,1614,301,ITC,ITC3,7,Liguria,Liguria,1550640,29008,1.87,0.12
562,2021-04-26,LIG,10555,4981,5574,7918,2637,ITC,ITC3,7,Liguria,Liguria,1550640,39563,2.55,0.68
563,2021-01-16,LIG,1278,557,721,1278,0,ITC,ITC3,7,Liguria,Liguria,1550640,40841,2.63,0.08
564,2021-02-02,LIG,2671,1005,1666,129,2542,ITC,ITC3,7,Liguria,Liguria,1550640,43512,2.81,0.17
565,2021-04-28,LIG,14444,6520,7924,6460,7984,ITC,ITC3,7,Liguria,Liguria,1550640,57956,3.74,0.93
566,2021-02-04,LIG,2817,986,1831,179,2638,ITC,ITC3,7,Liguria,Liguria,1550640,60773,3.92,0.18
567,2021-05-15,LIG,7306,3264,4042,4352,2954,ITC,ITC3,7,Liguria,Liguria,1550640,68079,4.39,0.47
568,2021-02-21,LIG,869,491,378,865,4,ITC,ITC3,7,Liguria,Liguria,1550640,68948,4.45,0.06
569,2021-06-05,LIG,8088,4115,3973,4936,3152,ITC,ITC3,7,Liguria,Liguria,1550640,77036,4.97,0.52
570,2021-04-09,LIG,12450,5557,6893,10684,1766,ITC,ITC3,7,Liguria,Liguria,1550640,89486,5.77,0.8
571,2021-03-31,LIG,11923,5273,6650,9153,2770,ITC,ITC3,7,Liguria,Liguria,1550640,101409,6.54,0.77
572,2020-12-28,LIG,80,30,50,80,0,ITC,ITC3,7,Liguria,Liguria,1550640,101489,6.54,0.01
573,2021-06-03,LIG,15518,7688,7830,9157,6361,ITC,ITC3,7,Liguria,Liguria,1550640,117007,7.55,1.0
574,2021-04-07,LIG,13677,6107,7570,11389,2288,ITC,ITC3,7,Liguria,Liguria,1550640,130684,8.43,0.88
575,2021-02-16,LIG,2426,956,1470,2004,422,ITC,ITC3,7,Liguria,Liguria,1550640,133110,8.58,0.16
576,2021-05-27,LIG,16868,8648,8220,12723,4145,ITC,ITC3,7,Liguria,Liguria,1550640,149978,9.67,1.09
577,2021-04-14,LIG,13068,5667,7401,10866,2202,ITC,ITC3,7,Liguria,Liguria,1550640,163046,10.51,0.84
578,2021-05-29,LIG,6863,3251,3612,3993,2870,ITC,ITC3,7,Liguria,Liguria,1550640,169909,10.96,0.44
579,2021-02-09,LIG,1941,690,1251,257,1684,ITC,ITC3,7,Liguria,Liguria,1550640,171850,11.08,0.13
580,2021-02-11,LIG,1979,767,1212,1103,876,ITC,ITC3,7,Liguria,Liguria,1550640,173829,11.21,0.13
581,2021-05-22,LIG,6647,3218,3429,4964,1683,ITC,ITC3,7,Liguria,Liguria,1550640,180476,11.64,0.43
582,2021-06-10,LIG,18165,9369,8796,12542,5623,ITC,ITC3,7,Liguria,Liguria,1550640,198641,12.81,1.17
583,2021-03-19,LIG,5296,2234,3062,2150,3146,ITC,ITC3,7,Liguria,Liguria,1550640,203937,13.15,0.34
584,2021-03-02,LIG,4074,1689,2385,3764,310,ITC,ITC3,7,Liguria,Liguria,1550640,208011,13.41,0.26
585,2021-06-24,LIG,10843,5284,5559,6126,4717,ITC,ITC3,7,Liguria,Liguria,1550640,218854,14.11,0.7
586,2021-04-02,LIG,11788,5219,6569,9301,2487,ITC,ITC3,7,Liguria,Liguria,1550640,230642,14.87,0.76
587,2021-04-21,LIG,14247,6433,7814,8920,5327,ITC,ITC3,7,Liguria,Liguria,1550640,244889,15.79,0.92
588,2021-02-28,LIG,1058,580,478,1049,9,ITC,ITC3,7,Liguria,Liguria,1550640,245947,15.86,0.07
589,2021-03-14,LIG,1659,752,907,1055,604,ITC,ITC3,7,Liguria,Liguria,1550640,247606,15.97,0.11
590,2021-06-22,LIG,15580,7356,8224,7488,8092,ITC,ITC3,7,Liguria,Liguria,1550640,263186,16.97,1.0
591,2021-05-10,LIG,12644,5639,7005,6273,6371,ITC,ITC3,7,Liguria,Liguria,1550640,275830,17.79,0.82
592,2021-05-03,LIG,13279,5922,7357,6464,6815,ITC,ITC3,7,Liguria,Liguria,1550640,289109,18.64,0.86
593,2021-03-21,LIG,550,220,330,69,481,ITC,ITC3,7,Liguria,Liguria,1550640,289659,18.68,0.04
594,2021-01-23,LIG,809,295,514,153,656,ITC,ITC3,7,Liguria,Liguria,1550640,290468,18.73,0.05
595,2021-06-29,LIG,14822,7019,7803,8559,6263,ITC,ITC3,7,Liguria,Liguria,1550640,305290,19.69,0.96
596,2021-05-17,LIG,12023,5519,6504,8701,3322,ITC,ITC3,7,Liguria,Liguria,1550640,317313,20.46,0.78
597,2021-01-28,LIG,2847,971,1876,39,2808,ITC,ITC3,7,Liguria,Liguria,1550640,320160,20.65,0.18
598,2021-01-21,LIG,1106,385,721,675,431,ITC,ITC3,7,Liguria,Liguria,1550640,321266,20.72,0.07
599,2021-06-17,LIG,16273,7718,8555,8769,7504,ITC,ITC3,7,Liguria,Liguria,1550640,337539,21.77,1.05
600,2021-06-02,LIG,8530,4342,4188,5363,3167,ITC,ITC3,7,Liguria,Liguria,1550640,346069,22.32,0.55
601,2021-06-19,LIG,7155,3648,3507,5505,1650,ITC,ITC3,7,Liguria,Liguria,1550640,353224,22.78,0.46
602,2021-02-23,LIG,3806,1559,2247,3697,109,ITC,ITC3,7,Liguria,Liguria,1550640,357030,23.02,0.25
603,2021-06-14,LIG,14660,7103,7557,7815,6845,ITC,ITC3,7,Liguria,Liguria,1550640,371690,23.97,0.95
604,2021-02-25,LIG,3457,1349,2108,3327,130,ITC,ITC3,7,Liguria,Liguria,1550640,375147,24.19,0.22
605,2021-04-23,LIG,14671,6637,8034,8551,6120,ITC,ITC3,7,Liguria,Liguria,1550640,389818,25.14,0.95
606,2021-03-11,LIG,6397,3088,3309,4387,2010,ITC,ITC3,7,Liguria,Liguria,1550640,396215,25.55,0.41
607,2021-01-13,LIG,2757,1013,1744,2757,0,ITC,ITC3,7,Liguria,Liguria,1550640,398972,25.73,0.18
608,2021-01-04,LIG,2615,855,1760,2615,0,ITC,ITC3,7,Liguria,Liguria,1550640,401587,25.9,0.17
609,2021-06-21,LIG,14454,6846,7608,8234,6220,ITC,ITC3,7,Liguria,Liguria,1550640,416041,26.83,0.93
610,2020-12-30,LIG,12,5,7,12,0,ITC,ITC3,7,Liguria,Liguria,1550640,416053,26.83,0.0
611,2021-07-03,LIG,3320,1667,1653,1890,1430,ITC,ITC3,7,Liguria,Liguria,1550640,419373,27.05,0.21
612,2021-04-11,LIG,4246,1929,2317,3997,249,ITC,ITC3,7,Liguria,Liguria,1550640,423619,27.32,0.27
613,2021-01-18,LIG,2141,746,1395,1984,157,ITC,ITC3,7,Liguria,Liguria,1550640,425760,27.46,0.14
614,2021-01-09,LIG,1335,481,854,1335,0,ITC,ITC3,7,Liguria,Liguria,1550640,427095,27.54,0.09
615,2021-04-19,LIG,12829,5615,7214,8999,3830,ITC,ITC3,7,Liguria,Liguria,1550640,439924,28.37,0.83
616,2021-05-24,LIG,11829,5563,6266,9344,2485,ITC,ITC3,7,Liguria,Liguria,1550640,451753,29.13,0.76
617,2021-05-07,LIG,13589,6037,7552,5797,7792,ITC,ITC3,7,Liguria,Liguria,1550640,465342,30.01,0.88
618,2021-02-13,LIG,1080,508,572,800,280,ITC,ITC3,7,Liguria,Liguria,1550640,466422,30.08,0.07
619,2021-06-07,LIG,15683,7655,8028,8671,7012,ITC,ITC3,7,Liguria,Liguria,1550640,482105,31.09,1.01
620,2021-05-08,LIG,7526,3333,4193,2314,5212,ITC,ITC3,7,Liguria,Liguria,1550640,489631,31.58,0.49
621,2021-01-25,LIG,2725,889,1836,476,2249,ITC,ITC3,7,Liguria,Liguria,1550640,492356,31.75,0.18
622,2021-05-05,LIG,13709,6133,7576,5291,8418,ITC,ITC3,7,Liguria,Liguria,1550640,506065,32.64,0.88
623,2021-03-16,LIG,6083,2731,3352,2350,3733,ITC,ITC3,7,Liguria,Liguria,1550640,512148,33.03,0.39
624,2021-01-30,LIG,1661,567,1094,24,1637,ITC,ITC3,7,Liguria,Liguria,1550640,513809,33.14,0.11
625,2021-03-28,LIG,1141,511,630,390,751,ITC,ITC3,7,Liguria,Liguria,1550640,514950,33.21,0.07
626,2021-02-18,LIG,2768,1126,1642,2434,334,ITC,ITC3,7,Liguria,Liguria,1550640,517718,33.39,0.18
627,2021-05-14,LIG,13107,5838,7269,8780,4327,ITC,ITC3,7,Liguria,Liguria,1550640,530825,34.23,0.85
628,2021-05-31,LIG,14639,7328,7311,9125,5514,ITC,ITC3,7,Liguria,Liguria,1550640,545464,35.18,0.94
629,2021-03-09,LIG,5930,2753,3177,4499,1431,ITC,ITC3,7,Liguria,Liguria,1550640,551394,35.56,0.38
630,2021-02-20,LIG,1335,637,698,1334,1,ITC,ITC3,7,Liguria,Liguria,1550640,552729,35.65,0.09
631,2021-05-16,LIG,3705,1862,1843,2145,1560,ITC,ITC3,7,Liguria,Liguria,1550640,556434,35.88,0.24
632,2021-02-22,LIG,3343,1476,1867,3201,142,ITC,ITC3,7,Liguria,Liguria,1550640,559777,36.1,0.22
633,2021-01-14,LIG,2981,1055,1926,2981,0,ITC,ITC3,7,Liguria,Liguria,1550640,562758,36.29,0.19
634,2021-03-12,LIG,6216,2873,3343,3745,2471,ITC,ITC3,7,Liguria,Liguria,1550640,568974,36.69,0.4
635,2021-07-01,LIG,13117,6302,6815,7171,5946,ITC,ITC3,7,Liguria,Liguria,1550640,582091,37.54,0.85
636,2021-05-19,LIG,13571,5962,7609,10451,3120,ITC,ITC3,7,Liguria,Liguria,1550640,595662,38.41,0.88
637,2021-03-23,LIG,9271,4220,5051,6062,3209,ITC,ITC3,7,Liguria,Liguria,1550640,604933,39.01,0.6
638,2021-03-04,LIG,4738,2118,2620,3891,847,ITC,ITC3,7,Liguria,Liguria,1550640,609671,39.32,0.31
639,2021-06-12,LIG,10114,4909,5205,7362,2752,ITC,ITC3,7,Liguria,Liguria,1550640,619785,39.97,0.65
640,2021-04-30,LIG,14416,6439,7977,5848,8568,ITC,ITC3,7,Liguria,Liguria,1550640,634201,40.9,0.93
641,2021-03-06,LIG,3304,1842,1462,2599,705,ITC,ITC3,7,Liguria,Liguria,1550640,637505,41.11,0.21
642,2021-01-22,LIG,1819,604,1215,1333,486,ITC,ITC3,7,Liguria,Liguria,1550640,639324,41.23,0.12
643,2021-05-02,LIG,3978,1836,2142,511,3467,ITC,ITC3,7,Liguria,Liguria,1550640,643302,41.49,0.26
644,2021-05-04,LIG,13647,6084,7563,5418,8229,ITC,ITC3,7,Liguria,Liguria,1550640,656949,42.37,0.88
645,2021-04-16,LIG,11988,5286,6702,10160,1828,ITC,ITC3,7,Liguria,Liguria,1550640,668937,43.14,0.77
646,2021-01-06,LIG,1660,616,1044,1660,0,ITC,ITC3,7,Liguria,Liguria,1550640,670597,43.25,0.11
647,2021-06-28,LIG,11323,5450,5873,7138,4185,ITC,ITC3,7,Liguria,Liguria,1550640,681920,43.98,0.73
648,2021-03-20,LIG,2316,995,1321,1142,1174,ITC,ITC3,7,Liguria,Liguria,1550640,684236,44.13,0.15
649,2021-06-16,LIG,15721,7561,8160,8727,6994,ITC,ITC3,7,Liguria,Liguria,1550640,699957,45.14,1.01
650,2021-03-08,LIG,5623,2458,3165,3934,1689,ITC,ITC3,7,Liguria,Liguria,1550640,705580,45.5,0.36
651,2021-03-25,LIG,9766,4231,5535,6374,3392,ITC,ITC3,7,Liguria,Liguria,1550640,715346,46.13,0.63
652,2021-01-01,LIG,144,55,89,144,0,ITC,ITC3,7,Liguria,Liguria,1550640,715490,46.14,0.01
653,2021-06-26,LIG,7057,3286,3771,4446,2611,ITC,ITC3,7,Liguria,Liguria,1550640,722547,46.6,0.46
654,2021-04-04,LIG,756,366,390,507,249,ITC,ITC3,7,Liguria,Liguria,1550640,723303,46.65,0.05
655,2021-04-18,LIG,2613,1164,1449,2145,468,ITC,ITC3,7,Liguria,Liguria,1550640,725916,46.81,0.17
656,2021-01-08,LIG,2927,999,1928,2927,0,ITC,ITC3,7,Liguria,Liguria,1550640,728843,47.0,0.19
657,2021-01-27,LIG,1744,603,1141,141,1603,ITC,ITC3,7,Liguria,Liguria,1550640,730587,47.12,0.11
658,2021-04-27,LIG,14778,6682,8096,7193,7585,ITC,ITC3,7,Liguria,Liguria,1550640,745365,48.07,0.95
659,2021-02-03,LIG,2315,790,1525,54,2261,ITC,ITC3,7,Liguria,Liguria,1550640,747680,48.22,0.15
660,2021-04-29,LIG,15577,6978,8599,6738,8839,ITC,ITC3,7,Liguria,Liguria,1550640,763257,49.22,1.0
661,2021-04-12,LIG,12385,5475,6910,10366,2019,ITC,ITC3,7,Liguria,Liguria,1550640,775642,50.02,0.8
662,2021-01-19,LIG,1371,438,933,1281,90,ITC,ITC3,7,Liguria,Liguria,1550640,777013,50.11,0.09
663,2021-02-06,LIG,1892,768,1124,145,1747,ITC,ITC3,7,Liguria,Liguria,1550640,778905,50.23,0.12
664,2021-06-11,LIG,17352,8845,8507,11291,6061,ITC,ITC3,7,Liguria,Liguria,1550640,796257,51.35,1.12
665,2021-04-15,LIG,11832,5230,6602,9981,1851,ITC,ITC3,7,Liguria,Liguria,1550640,808089,52.11,0.76
666,2021-04-08,LIG,13746,6161,7585,11701,2045,ITC,ITC3,7,Liguria,Liguria,1550640,821835,53.0,0.89
667,2021-06-04,LIG,14736,7236,7500,9249,5487,ITC,ITC3,7,Liguria,Liguria,1550640,836571,53.95,0.95
668,2021-02-01,LIG,2558,922,1636,90,2468,ITC,ITC3,7,Liguria,Liguria,1550640,839129,54.12,0.16
669,2021-05-12,LIG,12030,5448,6582,6682,5348,ITC,ITC3,7,Liguria,Liguria,1550640,851159,54.89,0.78
670,2021-05-26,LIG,16653,8408,8245,12280,4373,ITC,ITC3,7,Liguria,Liguria,1550640,867812,55.96,1.07
671,2021-03-30,LIG,12211,5426,6785,8823,3388,ITC,ITC3,7,Liguria,Liguria,1550640,880023,56.75,0.79
672,2021-04-06,LIG,13246,5902,7344,10985,2261,ITC,ITC3,7,Liguria,Liguria,1550640,893269,57.61,0.85
673,2021-02-08,LIG,1977,741,1236,306,1671,ITC,ITC3,7,Liguria,Liguria,1550640,895246,57.73,0.13
674,2020-12-27,LIG,135,56,79,135,0,ITC,ITC3,7,Liguria,Liguria,1550640,895381,57.74,0.01
675,2021-03-27,LIG,3932,1549,2383,2537,1395,ITC,ITC3,7,Liguria,Liguria,1550640,899313,58.0,0.25
676,2021-04-13,LIG,13077,5867,7210,11053,2024,ITC,ITC3,7,Liguria,Liguria,1550640,912390,58.84,0.84
677,2021-05-13,LIG,13296,6081,7215,9049,4247,ITC,ITC3,7,Liguria,Liguria,1550640,925686,59.7,0.86
678,2021-02-19,LIG,3218,1306,1912,3042,176,ITC,ITC3,7,Liguria,Liguria,1550640,928904,59.9,0.21
679,2021-05-09,LIG,2822,1244,1578,1113,1709,ITC,ITC3,7,Liguria,Liguria,1550640,931726,60.09,0.18
680,2021-01-29,LIG,3082,1064,2018,67,3015,ITC,ITC3,7,Liguria,Liguria,1550640,934808,60.29,0.2
681,2021-01-20,LIG,1552,555,997,1540,12,ITC,ITC3,7,Liguria,Liguria,1550640,936360,60.39,0.1
682,2021-06-30,LIG,14708,6963,7745,8061,6647,ITC,ITC3,7,Liguria,Liguria,1550640,951068,61.33,0.95
683,2021-01-15,LIG,2257,755,1502,2257,0,ITC,ITC3,7,Liguria,Liguria,1550640,953325,61.48,0.15
684,2021-04-25,LIG,1935,920,1015,1520,415,ITC,ITC3,7,Liguria,Liguria,1550640,955260,61.6,0.12
685,2021-03-13,LIG,3849,1637,2212,2994,855,ITC,ITC3,7,Liguria,Liguria,1550640,959109,61.85,0.25
686,2021-06-23,LIG,14063,6730,7333,8906,5157,ITC,ITC3,7,Liguria,Liguria,1550640,973172,62.76,0.91
687,2021-02-14,LIG,233,122,111,233,0,ITC,ITC3,7,Liguria,Liguria,1550640,973405,62.77,0.02
688,2021-05-25,LIG,14110,6866,7244,10930,3180,ITC,ITC3,7,Liguria,Liguria,1550640,987515,63.68,0.91
689,2021-02-05,LIG,2681,987,1694,305,2376,ITC,ITC3,7,Liguria,Liguria,1550640,990196,63.86,0.17
690,2021-03-24,LIG,9178,4031,5147,5891,3287,ITC,ITC3,7,Liguria,Liguria,1550640,999374,64.45,0.59
691,2021-07-02,LIG,12598,6139,6459,6329,6269,ITC,ITC3,7,Liguria,Liguria,1550640,1011972,65.26,0.81
692,2020-12-31,LIG,990,353,637,990,0,ITC,ITC3,7,Liguria,Liguria,1550640,1012962,65.33,0.06
693,2021-04-10,LIG,7885,3559,4326,6971,914,ITC,ITC3,7,Liguria,Liguria,1550640,1020847,65.83,0.51
694,2021-01-17,LIG,866,301,565,866,0,ITC,ITC3,7,Liguria,Liguria,1550640,1021713,65.89,0.06
695,2021-05-21,LIG,12842,5954,6888,9716,3126,ITC,ITC3,7,Liguria,Liguria,1550640,1034555,66.72,0.83
696,2021-02-27,LIG,1888,921,967,1759,129,ITC,ITC3,7,Liguria,Liguria,1550640,1036443,66.84,0.12
697,2021-02-10,LIG,2314,836,1478,1019,1295,ITC,ITC3,7,Liguria,Liguria,1550640,1038757,66.99,0.15
698,2021-03-18,LIG,4986,2124,2862,2007,2979,ITC,ITC3,7,Liguria,Liguria,1550640,1043743,67.31,0.32
699,2021-04-01,LIG,12423,5511,6912,9653,2770,ITC,ITC3,7,Liguria,Liguria,1550640,1056166,68.11,0.8
700,2021-02-15,LIG,2262,839,1423,1865,397,ITC,ITC3,7,Liguria,Liguria,1550640,1058428,68.26,0.15
701,2021-01-03,LIG,734,230,504,734,0,ITC,ITC3,7,Liguria,Liguria,1550640,1059162,68.3,0.05
702,2021-02-17,LIG,2689,1182,1507,2263,426,ITC,ITC3,7,Liguria,Liguria,1550640,1061851,68.48,0.17
703,2021-05-28,LIG,16279,8128,8151,11744,4535,ITC,ITC3,7,Liguria,Liguria,1550640,1078130,69.53,1.05
704,2021-01-05,LIG,2878,895,1983,2878,0,ITC,ITC3,7,Liguria,Liguria,1550640,1081008,69.71,0.19
705,2021-03-03,LIG,4581,1847,2734,3554,1027,ITC,ITC3,7,Liguria,Liguria,1550640,1085589,70.01,0.3
706,2021-05-30,LIG,3302,1613,1689,1363,1939,ITC,ITC3,7,Liguria,Liguria,1550640,1088891,70.22,0.21
707,2021-06-01,LIG,16159,8116,8043,10793,5366,ITC,ITC3,7,Liguria,Liguria,1550640,1105050,71.26,1.04
708,2021-06-18,LIG,15062,7318,7744,7929,7133,ITC,ITC3,7,Liguria,Liguria,1550640,1120112,72.24,0.97
709,2021-03-10,LIG,5900,2862,3038,3994,1906,ITC,ITC3,7,Liguria,Liguria,1550640,1126012,72.62,0.38
710,2021-03-22,LIG,7745,3467,4278,4808,2937,ITC,ITC3,7,Liguria,Liguria,1550640,1133757,73.12,0.5
711,2021-02-07,LIG,407,153,254,2,405,ITC,ITC3,7,Liguria,Liguria,1550640,1134164,73.14,0.03
712,2021-05-18,LIG,13461,6117,7344,10168,3293,ITC,ITC3,7,Liguria,Liguria,1550640,1147625,74.01,0.87
713,2021-05-20,LIG,12856,5968,6888,8831,4025,ITC,ITC3,7,Liguria,Liguria,1550640,1160481,74.84,0.83
714,2021-01-07,LIG,3229,1095,2134,3229,0,ITC,ITC3,7,Liguria,Liguria,1550640,1163710,75.05,0.21
715,2021-06-13,LIG,5616,2695,2921,5162,454,ITC,ITC3,7,Liguria,Liguria,1550640,1169326,75.41,0.36
716,2021-04-17,LIG,7382,3216,4166,6632,750,ITC,ITC3,7,Liguria,Liguria,1550640,1176708,75.89,0.48
717,2021-05-01,LIG,7142,3256,3886,1342,5800,ITC,ITC3,7,Liguria,Liguria,1550640,1183850,76.35,0.46
718,2021-03-05,LIG,4869,2150,2719,3737,1132,ITC,ITC3,7,Liguria,Liguria,1550640,1188719,76.66,0.31
719,2021-06-06,LIG,3818,2033,1785,2948,870,ITC,ITC3,7,Liguria,Liguria,1550640,1192537,76.91,0.25
720,2021-04-24,LIG,8218,3795,4423,5067,3151,ITC,ITC3,7,Liguria,Liguria,1550640,1200755,77.44,0.53
721,2021-02-26,LIG,3765,1523,2242,3436,329,ITC,ITC3,7,Liguria,Liguria,1550640,1204520,77.68,0.24
722,2021-06-20,LIG,1257,618,639,982,275,ITC,ITC3,7,Liguria,Liguria,1550640,1205777,77.76,0.08
723,2021-04-05,LIG,3978,1753,2225,2329,1649,ITC,ITC3,7,Liguria,Liguria,1550640,1209755,78.02,0.26
724,2021-05-11,LIG,13914,6388,7526,7299,6615,ITC,ITC3,7,Liguria,Liguria,1550640,1223669,78.91,0.9
725,2021-03-29,LIG,10577,4619,5958,7446,3131,ITC,ITC3,7,Liguria,Liguria,1550640,1234246,79.6,0.68
726,2021-01-31,LIG,624,270,354,9,615,ITC,ITC3,7,Liguria,Liguria,1550640,1234870,79.64,0.04
727,2021-06-08,LIG,17820,8896,8924,11202,6618,ITC,ITC3,7,Liguria,Liguria,1550640,1252690,80.79,1.15
728,2021-03-17,LIG,5552,2368,3184,2473,3079,ITC,ITC3,7,Liguria,Liguria,1550640,1258242,81.14,0.36
729,2021-06-25,LIG,13520,6451,7069,6757,6763,ITC,ITC3,7,Liguria,Liguria,1550640,1271762,82.02,0.87
730,2021-05-06,LIG,14518,6441,8077,6195,8323,ITC,ITC3,7,Liguria,Liguria,1550640,1286280,82.95,0.94
731,2021-01-26,LIG,2487,806,1681,16,2471,ITC,ITC3,7,Liguria,Liguria,1550640,1288767,83.11,0.16
732,2021-02-24,LIG,3764,1560,2204,3506,258,ITC,ITC3,7,Liguria,Liguria,1550640,1292531,83.35,0.24
733,2020-12-29,LIG,125,33,92,125,0,ITC,ITC3,7,Liguria,Liguria,1550640,1292656,83.36,0.01
734,2021-01-12,LIG,2469,887,1582,2469,0,ITC,ITC3,7,Liguria,Liguria,1550640,1295125,83.52,0.16
735,2021-04-22,LIG,13851,6208,7643,8776,5075,ITC,ITC3,7,Liguria,Liguria,1550640,1308976,84.42,0.89
736,2021-01-11,LIG,2653,990,1663,2653,0,ITC,ITC3,7,Liguria,Liguria,1550640,1311629,84.59,0.17
737,2021-01-10,LIG,648,262,386,648,0,ITC,ITC3,7,Liguria,Liguria,1550640,1312277,84.63,0.04
738,2021-04-20,LIG,14226,6513,7713,9877,4349,ITC,ITC3,7,Liguria,Liguria,1550640,1326503,85.55,0.92
739,2021-05-23,LIG,2305,1119,1186,1182,1123,ITC,ITC3,7,Liguria,Liguria,1550640,1328808,85.69,0.15
740,2021-03-01,LIG,3527,1444,2083,3404,123,ITC,ITC3,7,Liguria,Liguria,1550640,1332335,85.92,0.23
741,2021-06-09,LIG,18668,9377,9291,12112,6556,ITC,ITC3,7,Liguria,Liguria,1550640,1351003,87.13,1.2
742,2021-04-03,LIG,5405,2498,2907,4463,942,ITC,ITC3,7,Liguria,Liguria,1550640,1356408,87.47,0.35
743,2021-01-24,LIG,756,237,519,113,643,ITC,ITC3,7,Liguria,Liguria,1550640,1357164,87.52,0.05
744,2021-06-27,LIG,1931,887,1044,697,1234,ITC,ITC3,7,Liguria,Liguria,1550640,1359095,87.65,0.12
745,2021-02-12,LIG,1935,690,1245,897,1038,ITC,ITC3,7,Liguria,Liguria,1550640,1361030,87.77,0.12
746,2021-03-15,LIG,7246,3097,4149,4540,2706,ITC,ITC3,7,Liguria,Liguria,1550640,1368276,88.24,0.47
747,2021-03-28,LOM,20481,7817,12664,14317,6164,ITC,ITC4,3,Lombardia,Lombardia,10060574,20481,0.2,0.2
748,2021-04-14,LOM,47173,21025,26148,34203,12970,ITC,ITC4,3,Lombardia,Lombardia,10060574,67654,0.67,0.47
749,2021-01-04,LOM,6100,2103,3997,6100,0,ITC,ITC4,3,Lombardia,Lombardia,10060574,73754,0.73,0.06
750,2021-06-19,LOM,103293,51498,51795,58505,44788,ITC,ITC4,3,Lombardia,Lombardia,10060574,177047,1.76,1.03
751,2021-06-05,LOM,102108,52793,49315,92341,9767,ITC,ITC4,3,Lombardia,Lombardia,10060574,279155,2.77,1.01
752,2021-03-14,LOM,14874,5348,9526,11591,3283,ITC,ITC4,3,Lombardia,Lombardia,10060574,294029,2.92,0.15
753,2021-02-23,LOM,11829,4803,7026,11497,332,ITC,ITC4,3,Lombardia,Lombardia,10060574,305858,3.04,0.12
754,2021-02-04,LOM,27820,8109,19711,2013,25807,ITC,ITC4,3,Lombardia,Lombardia,10060574,333678,3.32,0.28
755,2021-04-09,LOM,52369,22364,30005,36376,15993,ITC,ITC4,3,Lombardia,Lombardia,10060574,386047,3.84,0.52
756,2021-04-04,LOM,7611,3230,4381,3716,3895,ITC,ITC4,3,Lombardia,Lombardia,10060574,393658,3.91,0.08
757,2021-04-02,LOM,41186,16850,24336,26730,14456,ITC,ITC4,3,Lombardia,Lombardia,10060574,434844,4.32,0.41
758,2021-05-24,LOM,89505,43479,46026,49511,39994,ITC,ITC4,3,Lombardia,Lombardia,10060574,524349,5.21,0.89
759,2021-02-11,LOM,17080,5010,12070,9707,7373,ITC,ITC4,3,Lombardia,Lombardia,10060574,541429,5.38,0.17
760,2021-05-31,LOM,95640,47394,48246,79445,16195,ITC,ITC4,3,Lombardia,Lombardia,10060574,637069,6.33,0.95
761,2021-03-26,LOM,41302,15695,25607,28160,13142,ITC,ITC4,3,Lombardia,Lombardia,10060574,678371,6.74,0.41
762,2021-05-22,LOM,70577,33827,36750,32426,38151,ITC,ITC4,3,Lombardia,Lombardia,10060574,748948,7.44,0.7
763,2021-05-29,LOM,88298,42407,45891,42239,46059,ITC,ITC4,3,Lombardia,Lombardia,10060574,837246,8.32,0.88
764,2021-02-18,LOM,14050,4924,9126,13014,1036,ITC,ITC4,3,Lombardia,Lombardia,10060574,851296,8.46,0.14
765,2021-02-16,LOM,9506,3073,6433,9058,448,ITC,ITC4,3,Lombardia,Lombardia,10060574,860802,8.56,0.09
766,2021-06-10,LOM,101655,51736,49919,87260,14395,ITC,ITC4,3,Lombardia,Lombardia,10060574,962457,9.57,1.01
767,2021-03-02,LOM,22812,9702,13110,19773,3039,ITC,ITC4,3,Lombardia,Lombardia,10060574,985269,9.79,0.23
768,2020-12-28,LOM,107,47,60,107,0,ITC,ITC4,3,Lombardia,Lombardia,10060574,985376,9.79,0.0
769,2021-04-21,LOM,71766,32535,39231,57151,14615,ITC,ITC4,3,Lombardia,Lombardia,10060574,1057142,10.51,0.71
770,2021-01-11,LOM,16261,5378,10883,16261,0,ITC,ITC4,3,Lombardia,Lombardia,10060574,1073403,10.67,0.16
771,2021-01-28,LOM,12224,3703,8521,801,11423,ITC,ITC4,3,Lombardia,Lombardia,10060574,1085627,10.79,0.12
772,2021-04-23,LOM,73495,33310,40185,56947,16548,ITC,ITC4,3,Lombardia,Lombardia,10060574,1159122,11.52,0.73
773,2021-05-10,LOM,85262,40879,44383,63686,21576,ITC,ITC4,3,Lombardia,Lombardia,10060574,1244384,12.37,0.85
774,2021-01-30,LOM,12313,4565,7748,154,12159,ITC,ITC4,3,Lombardia,Lombardia,10060574,1256697,12.49,0.12
775,2021-01-16,LOM,15432,5734,9698,15432,0,ITC,ITC4,3,Lombardia,Lombardia,10060574,1272129,12.64,0.15
776,2021-01-09,LOM,12419,4574,7845,12419,0,ITC,ITC4,3,Lombardia,Lombardia,10060574,1284548,12.77,0.12
777,2021-03-07,LOM,12087,5361,6726,9528,2559,ITC,ITC4,3,Lombardia,Lombardia,10060574,1296635,12.89,0.12
778,2021-04-28,LOM,95727,43665,52062,68823,26904,ITC,ITC4,3,Lombardia,Lombardia,10060574,1392362,13.84,0.95
779,2021-06-24,LOM,106049,54883,51166,77797,28252,ITC,ITC4,3,Lombardia,Lombardia,10060574,1498411,14.89,1.05
780,2021-03-16,LOM,25496,10113,15383,16418,9078,ITC,ITC4,3,Lombardia,Lombardia,10060574,1523907,15.15,0.25
781,2021-05-12,LOM,87474,41745,45729,59919,27555,ITC,ITC4,3,Lombardia,Lombardia,10060574,1611381,16.02,0.87
782,2021-04-16,LOM,53672,23923,29749,39318,14354,ITC,ITC4,3,Lombardia,Lombardia,10060574,1665053,16.55,0.53
783,2021-05-03,LOM,83699,39752,43947,71574,12125,ITC,ITC4,3,Lombardia,Lombardia,10060574,1748752,17.38,0.83
784,2021-01-23,LOM,1115,357,758,916,199,ITC,ITC4,3,Lombardia,Lombardia,10060574,1749867,17.39,0.01
785,2021-06-21,LOM,111600,57181,54419,80766,30834,ITC,ITC4,3,Lombardia,Lombardia,10060574,1861467,18.5,1.11
786,2021-06-02,LOM,84627,43572,41055,78296,6331,ITC,ITC4,3,Lombardia,Lombardia,10060574,1946094,19.34,0.84
787,2021-03-11,LOM,36216,13476,22740,26307,9909,ITC,ITC4,3,Lombardia,Lombardia,10060574,1982310,19.7,0.36
788,2021-04-11,LOM,32218,13943,18275,24825,7393,ITC,ITC4,3,Lombardia,Lombardia,10060574,2014528,20.02,0.32
789,2021-01-01,LOM,24,7,17,24,0,ITC,ITC4,3,Lombardia,Lombardia,10060574,2014552,20.02,0.0
790,2021-06-07,LOM,98517,50194,48323,85213,13304,ITC,ITC4,3,Lombardia,Lombardia,10060574,2113069,21.0,0.98
791,2021-02-27,LOM,13946,5871,8075,13305,641,ITC,ITC4,3,Lombardia,Lombardia,10060574,2127015,21.14,0.14
792,2020-12-30,LOM,114,42,72,114,0,ITC,ITC4,3,Lombardia,Lombardia,10060574,2127129,21.14,0.0
793,2021-06-16,LOM,98621,50089,48532,50670,47951,ITC,ITC4,3,Lombardia,Lombardia,10060574,2225750,22.12,0.98
794,2021-05-17,LOM,94633,45351,49282,30224,64409,ITC,ITC4,3,Lombardia,Lombardia,10060574,2320383,23.06,0.94
795,2021-05-19,LOM,82870,39584,43286,33816,49054,ITC,ITC4,3,Lombardia,Lombardia,10060574,2403253,23.89,0.82
796,2021-02-08,LOM,10083,2919,7164,2130,7953,ITC,ITC4,3,Lombardia,Lombardia,10060574,2413336,23.99,0.1
797,2021-02-25,LOM,15293,6349,8944,13721,1572,ITC,ITC4,3,Lombardia,Lombardia,10060574,2428629,24.14,0.15
798,2021-02-06,LOM,15258,5537,9721,1015,14243,ITC,ITC4,3,Lombardia,Lombardia,10060574,2443887,24.29,0.15
799,2021-06-12,LOM,88524,47652,40872,85450,3074,ITC,ITC4,3,Lombardia,Lombardia,10060574,2532411,25.17,0.88
800,2021-06-29,LOM,102314,50736,51578,54807,47507,ITC,ITC4,3,Lombardia,Lombardia,10060574,2634725,26.19,1.02
801,2021-03-21,LOM,23512,8494,15018,18318,5194,ITC,ITC4,3,Lombardia,Lombardia,10060574,2658237,26.42,0.23
802,2021-02-13,LOM,6419,2441,3978,4942,1477,ITC,ITC4,3,Lombardia,Lombardia,10060574,2664656,26.49,0.06
803,2021-01-13,LOM,26432,8072,18360,26432,0,ITC,ITC4,3,Lombardia,Lombardia,10060574,2691088,26.75,0.26
804,2021-04-25,LOM,51497,23613,27884,46754,4743,ITC,ITC4,3,Lombardia,Lombardia,10060574,2742585,27.26,0.51
805,2021-06-28,LOM,102616,52328,50288,71923,30693,ITC,ITC4,3,Lombardia,Lombardia,10060574,2845201,28.28,1.02
806,2021-04-06,LOM,43063,17585,25478,25128,17935,ITC,ITC4,3,Lombardia,Lombardia,10060574,2888264,28.71,0.43
807,2021-01-27,LOM,8036,2675,5361,808,7228,ITC,ITC4,3,Lombardia,Lombardia,10060574,2896300,28.79,0.08
808,2021-07-03,LOM,764,356,408,52,712,ITC,ITC4,3,Lombardia,Lombardia,10060574,2897064,28.8,0.01
809,2021-03-25,LOM,42819,16013,26806,30136,12683,ITC,ITC4,3,Lombardia,Lombardia,10060574,2939883,29.22,0.43
810,2021-05-21,LOM,93819,45231,48588,29135,64684,ITC,ITC4,3,Lombardia,Lombardia,10060574,3033702,30.15,0.93
811,2021-05-07,LOM,92284,43694,48590,69904,22380,ITC,ITC4,3,Lombardia,Lombardia,10060574,3125986,31.07,0.92
812,2021-03-18,LOM,27390,10954,16436,16153,11237,ITC,ITC4,3,Lombardia,Lombardia,10060574,3153376,31.34,0.27
813,2021-05-14,LOM,85933,41383,44550,55634,30299,ITC,ITC4,3,Lombardia,Lombardia,10060574,3239309,32.2,0.85
814,2021-03-30,LOM,39622,15589,24033,24842,14780,ITC,ITC4,3,Lombardia,Lombardia,10060574,3278931,32.59,0.39
815,2021-01-06,LOM,7060,2493,4567,7060,0,ITC,ITC4,3,Lombardia,Lombardia,10060574,3285991,32.66,0.07
816,2021-05-18,LOM,88193,42154,46039,32630,55563,ITC,ITC4,3,Lombardia,Lombardia,10060574,3374184,33.54,0.88
817,2021-06-04,LOM,104412,54210,50202,94788,9624,ITC,ITC4,3,Lombardia,Lombardia,10060574,3478596,34.58,1.04
818,2021-02-24,LOM,14720,5957,8763,13766,954,ITC,ITC4,3,Lombardia,Lombardia,10060574,3493316,34.72,0.15
819,2021-05-16,LOM,68699,32505,36194,36496,32203,ITC,ITC4,3,Lombardia,Lombardia,10060574,3562015,35.41,0.68
820,2021-02-05,LOM,25706,7456,18250,2428,23278,ITC,ITC4,3,Lombardia,Lombardia,10060574,3587721,35.66,0.26
821,2021-06-17,LOM,107747,52319,55428,53491,54256,ITC,ITC4,3,Lombardia,Lombardia,10060574,3695468,36.73,1.07
822,2021-03-09,LOM,33217,12861,20356,25821,7396,ITC,ITC4,3,Lombardia,Lombardia,10060574,3728685,37.06,0.33
823,2021-05-05,LOM,87929,41922,46007,72617,15312,ITC,ITC4,3,Lombardia,Lombardia,10060574,3816614,37.94,0.87
824,2021-07-01,LOM,99639,50146,49493,50771,48868,ITC,ITC4,3,Lombardia,Lombardia,10060574,3916253,38.93,0.99
825,2021-01-18,LOM,9202,2972,6230,8227,975,ITC,ITC4,3,Lombardia,Lombardia,10060574,3925455,39.02,0.09
826,2021-03-23,LOM,42572,15466,27106,29712,12860,ITC,ITC4,3,Lombardia,Lombardia,10060574,3968027,39.44,0.42
827,2021-03-06,LOM,21338,9098,12240,16825,4513,ITC,ITC4,3,Lombardia,Lombardia,10060574,3989365,39.65,0.21
828,2021-06-09,LOM,102771,51783,50988,88309,14462,ITC,ITC4,3,Lombardia,Lombardia,10060574,4092136,40.67,1.02
829,2021-03-08,LOM,29747,11187,18560,22668,7079,ITC,ITC4,3,Lombardia,Lombardia,10060574,4121883,40.97,0.3
830,2021-05-04,LOM,86815,41075,45740,72422,14393,ITC,ITC4,3,Lombardia,Lombardia,10060574,4208698,41.83,0.86
831,2021-01-24,LOM,1199,457,742,536,663,ITC,ITC4,3,Lombardia,Lombardia,10060574,4209897,41.85,0.01
832,2021-02-20,LOM,9338,3867,5471,9040,298,ITC,ITC4,3,Lombardia,Lombardia,10060574,4219235,41.94,0.09
833,2021-04-18,LOM,36403,16227,20176,31164,5239,ITC,ITC4,3,Lombardia,Lombardia,10060574,4255638,42.3,0.36
834,2021-01-08,LOM,12706,3919,8787,12706,0,ITC,ITC4,3,Lombardia,Lombardia,10060574,4268344,42.43,0.13
835,2021-01-15,LOM,25219,7433,17786,25219,0,ITC,ITC4,3,Lombardia,Lombardia,10060574,4293563,42.68,0.25
836,2021-04-29,LOM,115510,53587,61923,85666,29844,ITC,ITC4,3,Lombardia,Lombardia,10060574,4409073,43.83,1.15
837,2021-05-02,LOM,83504,38336,45168,61040,22464,ITC,ITC4,3,Lombardia,Lombardia,10060574,4492577,44.66,0.83
838,2021-04-13,LOM,47644,21267,26377,33567,14077,ITC,ITC4,3,Lombardia,Lombardia,10060574,4540221,45.13,0.47
839,2021-04-30,LOM,117249,54793,62456,89759,27490,ITC,ITC4,3,Lombardia,Lombardia,10060574,4657470,46.29,1.17
840,2021-01-20,LOM,5666,1377,4289,5552,114,ITC,ITC4,3,Lombardia,Lombardia,10060574,4663136,46.35,0.06
841,2021-01-22,LOM,3142,868,2274,3073,69,ITC,ITC4,3,Lombardia,Lombardia,10060574,4666278,46.38,0.03
842,2021-03-04,LOM,29323,12111,17212,20258,9065,ITC,ITC4,3,Lombardia,Lombardia,10060574,4695601,46.67,0.29
843,2021-06-30,LOM,101559,50255,51304,53634,47925,ITC,ITC4,3,Lombardia,Lombardia,10060574,4797160,47.68,1.01
844,2021-03-22,LOM,40336,14302,26034,29779,10557,ITC,ITC4,3,Lombardia,Lombardia,10060574,4837496,48.08,0.4
845,2021-04-08,LOM,52355,21761,30594,35896,16459,ITC,ITC4,3,Lombardia,Lombardia,10060574,4889851,48.6,0.52
846,2020-12-29,LOM,106,45,61,106,0,ITC,ITC4,3,Lombardia,Lombardia,10060574,4889957,48.61,0.0
847,2021-04-22,LOM,73895,33384,40511,57569,16326,ITC,ITC4,3,Lombardia,Lombardia,10060574,4963852,49.34,0.73
848,2021-03-03,LOM,26971,11515,15456,19689,7282,ITC,ITC4,3,Lombardia,Lombardia,10060574,4990823,49.61,0.27
849,2021-02-22,LOM,11896,4808,7088,11591,305,ITC,ITC4,3,Lombardia,Lombardia,10060574,5002719,49.73,0.12
850,2021-03-13,LOM,27174,9769,17405,21081,6093,ITC,ITC4,3,Lombardia,Lombardia,10060574,5029893,50.0,0.27
851,2021-05-01,LOM,95975,43672,52303,66765,29210,ITC,ITC4,3,Lombardia,Lombardia,10060574,5125868,50.95,0.95
852,2021-01-21,LOM,5464,1597,3867,4774,690,ITC,ITC4,3,Lombardia,Lombardia,10060574,5131332,51.0,0.05
853,2021-06-26,LOM,101563,53215,48348,76180,25383,ITC,ITC4,3,Lombardia,Lombardia,10060574,5232895,52.01,1.01
854,2021-02-10,LOM,14400,4506,9894,7578,6822,ITC,ITC4,3,Lombardia,Lombardia,10060574,5247295,52.16,0.14
855,2021-02-03,LOM,25646,7917,17729,1081,24565,ITC,ITC4,3,Lombardia,Lombardia,10060574,5272941,52.41,0.25
856,2021-01-25,LOM,7014,2368,4646,473,6541,ITC,ITC4,3,Lombardia,Lombardia,10060574,5279955,52.48,0.07
857,2021-02-01,LOM,16066,5322,10744,309,15757,ITC,ITC4,3,Lombardia,Lombardia,10060574,5296021,52.64,0.16
858,2021-04-15,LOM,49458,21864,27594,35633,13825,ITC,ITC4,3,Lombardia,Lombardia,10060574,5345479,53.13,0.49
859,2021-01-05,LOM,7853,2576,5277,7853,0,ITC,ITC4,3,Lombardia,Lombardia,10060574,5353332,53.21,0.08
860,2021-03-27,LOM,32437,12376,20061,23729,8708,ITC,ITC4,3,Lombardia,Lombardia,10060574,5385769,53.53,0.32
861,2021-01-03,LOM,854,316,538,854,0,ITC,ITC4,3,Lombardia,Lombardia,10060574,5386623,53.54,0.01
862,2021-06-18,LOM,106813,52454,54359,54018,52795,ITC,ITC4,3,Lombardia,Lombardia,10060574,5493436,54.6,1.06
863,2021-03-01,LOM,18793,8232,10561,17088,1705,ITC,ITC4,3,Lombardia,Lombardia,10060574,5512229,54.79,0.19
864,2021-05-15,LOM,80904,38782,42122,47522,33382,ITC,ITC4,3,Lombardia,Lombardia,10060574,5593133,55.59,0.8
865,2021-06-25,LOM,104099,54107,49992,76729,27370,ITC,ITC4,3,Lombardia,Lombardia,10060574,5697232,56.63,1.03
866,2021-04-20,LOM,67656,30831,36825,57317,10339,ITC,ITC4,3,Lombardia,Lombardia,10060574,5764888,57.3,0.67
867,2021-01-10,LOM,10518,3960,6558,10518,0,ITC,ITC4,3,Lombardia,Lombardia,10060574,5775406,57.41,0.1
868,2021-01-17,LOM,8349,3346,5003,8148,201,ITC,ITC4,3,Lombardia,Lombardia,10060574,5783755,57.49,0.08
869,2021-06-23,LOM,107966,55905,52061,76622,31344,ITC,ITC4,3,Lombardia,Lombardia,10060574,5891721,58.56,1.07
870,2021-03-15,LOM,31552,11328,20224,23035,8517,ITC,ITC4,3,Lombardia,Lombardia,10060574,5923273,58.88,0.31
871,2021-04-27,LOM,85996,39973,46023,69446,16550,ITC,ITC4,3,Lombardia,Lombardia,10060574,6009269,59.73,0.85
872,2021-02-07,LOM,7312,2825,4487,338,6974,ITC,ITC4,3,Lombardia,Lombardia,10060574,6016581,59.8,0.07
873,2021-01-19,LOM,8053,2329,5724,7585,468,ITC,ITC4,3,Lombardia,Lombardia,10060574,6024634,59.88,0.08
874,2021-05-20,LOM,94412,45624,48788,31860,62552,ITC,ITC4,3,Lombardia,Lombardia,10060574,6119046,60.82,0.94
875,2021-05-11,LOM,86873,41432,45441,60652,26221,ITC,ITC4,3,Lombardia,Lombardia,10060574,6205919,61.69,0.86
876,2021-05-28,LOM,93526,44825,48701,42944,50582,ITC,ITC4,3,Lombardia,Lombardia,10060574,6299445,62.62,0.93
877,2021-02-17,LOM,11990,3756,8234,10600,1390,ITC,ITC4,3,Lombardia,Lombardia,10060574,6311435,62.73,0.12
878,2021-06-11,LOM,100549,51200,49349,85971,14578,ITC,ITC4,3,Lombardia,Lombardia,10060574,6411984,63.73,1.0
879,2021-04-03,LOM,36241,14860,21381,26150,10091,ITC,ITC4,3,Lombardia,Lombardia,10060574,6448225,64.09,0.36
880,2021-05-30,LOM,74367,35587,38780,34411,39956,ITC,ITC4,3,Lombardia,Lombardia,10060574,6522592,64.83,0.74
881,2021-05-23,LOM,60762,28927,31835,26807,33955,ITC,ITC4,3,Lombardia,Lombardia,10060574,6583354,65.44,0.6
882,2021-04-01,LOM,42964,17235,25729,26760,16204,ITC,ITC4,3,Lombardia,Lombardia,10060574,6626318,65.86,0.43
883,2021-06-01,LOM,93939,46093,47846,76851,17088,ITC,ITC4,3,Lombardia,Lombardia,10060574,6720257,66.8,0.93
884,2021-01-02,LOM,200,72,128,200,0,ITC,ITC4,3,Lombardia,Lombardia,10060574,6720457,66.8,0.0
885,2021-06-08,LOM,102346,52025,50321,88314,14032,ITC,ITC4,3,Lombardia,Lombardia,10060574,6822803,67.82,1.02
886,2021-02-28,LOM,7884,3254,4630,7674,210,ITC,ITC4,3,Lombardia,Lombardia,10060574,6830687,67.9,0.08
887,2021-04-26,LOM,87946,40923,47023,68783,19163,ITC,ITC4,3,Lombardia,Lombardia,10060574,6918633,68.77,0.87
888,2021-06-22,LOM,108675,56758,51917,79473,29202,ITC,ITC4,3,Lombardia,Lombardia,10060574,7027308,69.85,1.08
889,2021-06-03,LOM,97057,49675,47382,86194,10863,ITC,ITC4,3,Lombardia,Lombardia,10060574,7124365,70.81,0.96
890,2021-06-20,LOM,87854,43770,44084,54195,33659,ITC,ITC4,3,Lombardia,Lombardia,10060574,7212219,71.69,0.87
891,2021-03-12,LOM,35269,12967,22302,25065,10204,ITC,ITC4,3,Lombardia,Lombardia,10060574,7247488,72.04,0.35
892,2021-03-29,LOM,40045,15542,24503,25208,14837,ITC,ITC4,3,Lombardia,Lombardia,10060574,7287533,72.44,0.4
893,2021-03-17,LOM,26257,10495,15762,15258,10999,ITC,ITC4,3,Lombardia,Lombardia,10060574,7313790,72.7,0.26
894,2021-07-02,LOM,98897,49575,49322,46503,52394,ITC,ITC4,3,Lombardia,Lombardia,10060574,7412687,73.68,0.98
895,2021-03-24,LOM,43238,15608,27630,31357,11881,ITC,ITC4,3,Lombardia,Lombardia,10060574,7455925,74.11,0.43
896,2021-02-12,LOM,13964,4366,9598,9029,4935,ITC,ITC4,3,Lombardia,Lombardia,10060574,7469889,74.25,0.14
897,2021-04-10,LOM,52735,21836,30899,40780,11955,ITC,ITC4,3,Lombardia,Lombardia,10060574,7522624,74.77,0.52
898,2021-06-06,LOM,89824,46176,43648,80603,9221,ITC,ITC4,3,Lombardia,Lombardia,10060574,7612448,75.67,0.89
899,2021-01-07,LOM,11759,3636,8123,11759,0,ITC,ITC4,3,Lombardia,Lombardia,10060574,7624207,75.78,0.12
900,2021-02-19,LOM,14218,5400,8818,13495,723,ITC,ITC4,3,Lombardia,Lombardia,10060574,7638425,75.92,0.14
901,2021-04-17,LOM,48487,21296,27191,37648,10839,ITC,ITC4,3,Lombardia,Lombardia,10060574,7686912,76.41,0.48
902,2021-02-26,LOM,18395,7554,10841,16522,1873,ITC,ITC4,3,Lombardia,Lombardia,10060574,7705307,76.59,0.18
903,2021-05-13,LOM,87142,41765,45377,58292,28850,ITC,ITC4,3,Lombardia,Lombardia,10060574,7792449,77.46,0.87
904,2021-02-02,LOM,19880,6598,13282,499,19381,ITC,ITC4,3,Lombardia,Lombardia,10060574,7812329,77.65,0.2
905,2021-03-31,LOM,42054,17052,25002,26822,15232,ITC,ITC4,3,Lombardia,Lombardia,10060574,7854383,78.07,0.42
906,2021-03-10,LOM,33248,12716,20532,25385,7863,ITC,ITC4,3,Lombardia,Lombardia,10060574,7887631,78.4,0.33
907,2021-05-06,LOM,89823,42192,47631,73331,16492,ITC,ITC4,3,Lombardia,Lombardia,10060574,7977454,79.29,0.89
908,2021-01-26,LOM,8342,2706,5636,349,7993,ITC,ITC4,3,Lombardia,Lombardia,10060574,7985796,79.38,0.08
909,2021-04-05,LOM,27380,11695,15685,19277,8103,ITC,ITC4,3,Lombardia,Lombardia,10060574,8013176,79.65,0.27
910,2021-01-31,LOM,9739,3765,5974,29,9710,ITC,ITC4,3,Lombardia,Lombardia,10060574,8022915,79.75,0.1
911,2021-05-25,LOM,91147,43617,47530,44664,46483,ITC,ITC4,3,Lombardia,Lombardia,10060574,8114062,80.65,0.91
912,2021-02-14,LOM,3583,1547,2036,2948,635,ITC,ITC4,3,Lombardia,Lombardia,10060574,8117645,80.69,0.04
913,2021-01-12,LOM,20228,6700,13528,20228,0,ITC,ITC4,3,Lombardia,Lombardia,10060574,8137873,80.89,0.2
914,2021-04-12,LOM,47242,20582,26660,32901,14341,ITC,ITC4,3,Lombardia,Lombardia,10060574,8185115,81.36,0.47
915,2021-02-21,LOM,5053,1864,3189,5036,17,ITC,ITC4,3,Lombardia,Lombardia,10060574,8190168,81.41,0.05
916,2021-04-19,LOM,60121,27350,32771,50716,9405,ITC,ITC4,3,Lombardia,Lombardia,10060574,8250289,82.01,0.6
917,2021-06-15,LOM,95457,48573,46884,49603,45854,ITC,ITC4,3,Lombardia,Lombardia,10060574,8345746,82.95,0.95
918,2020-12-31,LOM,714,302,412,714,0,ITC,ITC4,3,Lombardia,Lombardia,10060574,8346460,82.96,0.01
919,2021-02-09,LOM,12216,3334,8882,4037,8179,ITC,ITC4,3,Lombardia,Lombardia,10060574,8358676,83.08,0.12
920,2021-06-14,LOM,94258,47895,46363,49746,44512,ITC,ITC4,3,Lombardia,Lombardia,10060574,8452934,84.02,0.94
921,2021-05-26,LOM,93644,44640,49004,43611,50033,ITC,ITC4,3,Lombardia,Lombardia,10060574,8546578,84.95,0.93
922,2021-02-15,LOM,8949,3137,5812,8532,417,ITC,ITC4,3,Lombardia,Lombardia,10060574,8555527,85.04,0.09
923,2021-03-20,LOM,32585,12161,20424,22735,9850,ITC,ITC4,3,Lombardia,Lombardia,10060574,8588112,85.36,0.32
924,2020-12-27,LOM,718,414,304,718,0,ITC,ITC4,3,Lombardia,Lombardia,10060574,8588830,85.37,0.01
925,2021-05-09,LOM,69707,32884,36823,56440,13267,ITC,ITC4,3,Lombardia,Lombardia,10060574,8658537,86.06,0.69
926,2021-01-29,LOM,13486,4127,9359,686,12800,ITC,ITC4,3,Lombardia,Lombardia,10060574,8672023,86.2,0.13
927,2021-06-13,LOM,75237,40181,35056,73113,2124,ITC,ITC4,3,Lombardia,Lombardia,10060574,8747260,86.95,0.75
928,2021-03-05,LOM,28944,11938,17006,20527,8417,ITC,ITC4,3,Lombardia,Lombardia,10060574,8776204,87.23,0.29
929,2021-06-27,LOM,86567,44599,41968,67750,18817,ITC,ITC4,3,Lombardia,Lombardia,10060574,8862771,88.09,0.86
930,2021-03-19,LOM,32429,12916,19513,19229,13200,ITC,ITC4,3,Lombardia,Lombardia,10060574,8895200,88.42,0.32
931,2021-05-27,LOM,94810,45429,49381,41394,53416,ITC,ITC4,3,Lombardia,Lombardia,10060574,8990010,89.36,0.94
932,2021-04-24,LOM,75805,33595,42210,54675,21130,ITC,ITC4,3,Lombardia,Lombardia,10060574,9065815,90.11,0.75
933,2021-01-14,LOM,26916,7803,19113,26916,0,ITC,ITC4,3,Lombardia,Lombardia,10060574,9092731,90.38,0.27
934,2021-05-08,LOM,87723,40756,46967,65684,22039,ITC,ITC4,3,Lombardia,Lombardia,10060574,9180454,91.25,0.87
935,2021-04-07,LOM,50588,20921,29667,34779,15809,ITC,ITC4,3,Lombardia,Lombardia,10060574,9231042,91.75,0.5
936,2021-04-11,SIC,15384,7597,7787,8354,7030,ITG,ITG1,19,Sicilia,Sicilia,4999891,15384,0.31,0.31
937,2020-12-30,SIC,184,109,75,184,0,ITG,ITG1,19,Sicilia,Sicilia,4999891,15568,0.31,0.0
938,2021-01-16,SIC,2579,1152,1427,2579,0,ITG,ITG1,19,Sicilia,Sicilia,4999891,18147,0.36,0.05
939,2021-07-01,SIC,30576,13839,16737,10614,19962,ITG,ITG1,19,Sicilia,Sicilia,4999891,48723,0.97,0.61
940,2021-04-09,SIC,20287,9878,10409,11211,9076,ITG,ITG1,19,Sicilia,Sicilia,4999891,69010,1.38,0.41
941,2021-03-23,SIC,20831,10006,10825,15318,5513,ITG,ITG1,19,Sicilia,Sicilia,4999891,89841,1.8,0.42
942,2020-12-28,SIC,214,128,86,214,0,ITG,ITG1,19,Sicilia,Sicilia,4999891,90055,1.8,0.0
943,2021-05-31,SIC,37908,17049,20859,21572,16336,ITG,ITG1,19,Sicilia,Sicilia,4999891,127963,2.56,0.76
944,2021-01-30,SIC,7693,3534,4159,168,7525,ITG,ITG1,19,Sicilia,Sicilia,4999891,135656,2.71,0.15
945,2021-03-28,SIC,10963,5143,5820,6951,4012,ITG,ITG1,19,Sicilia,Sicilia,4999891,146619,2.93,0.22
946,2021-04-04,SIC,6805,3322,3483,5513,1292,ITG,ITG1,19,Sicilia,Sicilia,4999891,153424,3.07,0.14
947,2021-02-13,SIC,2977,1123,1854,2722,255,ITG,ITG1,19,Sicilia,Sicilia,4999891,156401,3.13,0.06
948,2021-05-24,SIC,35701,17313,18388,15711,19990,ITG,ITG1,19,Sicilia,Sicilia,4999891,192102,3.84,0.71
949,2021-05-17,SIC,31914,15382,16532,19228,12686,ITG,ITG1,19,Sicilia,Sicilia,4999891,224016,4.48,0.64
950,2021-03-21,SIC,15217,7340,7877,11248,3969,ITG,ITG1,19,Sicilia,Sicilia,4999891,239233,4.78,0.3
951,2021-02-06,SIC,4699,2099,2600,1465,3234,ITG,ITG1,19,Sicilia,Sicilia,4999891,243932,4.88,0.09
952,2021-06-24,SIC,41346,19162,22184,17172,24174,ITG,ITG1,19,Sicilia,Sicilia,4999891,285278,5.71,0.83
953,2021-06-07,SIC,49525,23354,26171,41616,7909,ITG,ITG1,19,Sicilia,Sicilia,4999891,334803,6.7,0.99
954,2021-01-25,SIC,7420,3674,3746,291,7129,ITG,ITG1,19,Sicilia,Sicilia,4999891,342223,6.84,0.15
955,2021-05-05,SIC,26274,12180,14094,16647,9627,ITG,ITG1,19,Sicilia,Sicilia,4999891,368497,7.37,0.53
956,2021-05-19,SIC,42675,20656,22019,28316,14359,ITG,ITG1,19,Sicilia,Sicilia,4999891,411172,8.22,0.85
957,2021-02-25,SIC,9867,5155,4712,8704,1163,ITG,ITG1,19,Sicilia,Sicilia,4999891,421039,8.42,0.2
958,2021-06-05,SIC,59909,28496,31413,49333,10576,ITG,ITG1,19,Sicilia,Sicilia,4999891,480948,9.62,1.2
959,2021-03-14,SIC,8773,3927,4846,4937,3836,ITG,ITG1,19,Sicilia,Sicilia,4999891,489721,9.79,0.18
960,2021-02-11,SIC,5237,2060,3177,4773,464,ITG,ITG1,19,Sicilia,Sicilia,4999891,494958,9.9,0.1
961,2021-06-19,SIC,43732,20777,22955,18598,25134,ITG,ITG1,19,Sicilia,Sicilia,4999891,538690,10.77,0.87
962,2021-04-23,SIC,28554,13695,14859,22732,5822,ITG,ITG1,19,Sicilia,Sicilia,4999891,567244,11.35,0.57
963,2021-06-26,SIC,36740,17504,19236,16186,20554,ITG,ITG1,19,Sicilia,Sicilia,4999891,603984,12.08,0.73
964,2021-04-30,SIC,34978,16328,18650,23968,11010,ITG,ITG1,19,Sicilia,Sicilia,4999891,638962,12.78,0.7
965,2021-03-04,SIC,15071,6569,8502,10954,4117,ITG,ITG1,19,Sicilia,Sicilia,4999891,654033,13.08,0.3
966,2021-06-12,SIC,44509,21751,22758,38634,5875,ITG,ITG1,19,Sicilia,Sicilia,4999891,698542,13.97,0.89
967,2021-03-02,SIC,14666,6305,8361,11892,2774,ITG,ITG1,19,Sicilia,Sicilia,4999891,713208,14.26,0.29
968,2021-01-04,SIC,8385,4190,4195,8385,0,ITG,ITG1,19,Sicilia,Sicilia,4999891,721593,14.43,0.17
969,2021-01-18,SIC,1563,639,924,1410,153,ITG,ITG1,19,Sicilia,Sicilia,4999891,723156,14.46,0.03
970,2021-04-28,SIC,29204,13703,15501,20112,9092,ITG,ITG1,19,Sicilia,Sicilia,4999891,752360,15.05,0.58
971,2021-02-23,SIC,8686,4590,4096,8220,466,ITG,ITG1,19,Sicilia,Sicilia,4999891,761046,15.22,0.17
972,2021-03-09,SIC,13081,5702,7379,10881,2200,ITG,ITG1,19,Sicilia,Sicilia,4999891,774127,15.48,0.26
973,2021-06-16,SIC,39721,18471,21250,21064,18657,ITG,ITG1,19,Sicilia,Sicilia,4999891,813848,16.28,0.79
974,2021-03-25,SIC,20356,9461,10895,14891,5465,ITG,ITG1,19,Sicilia,Sicilia,4999891,834204,16.68,0.41
975,2021-07-03,SIC,19055,9097,9958,4788,14267,ITG,ITG1,19,Sicilia,Sicilia,4999891,853259,17.07,0.38
976,2021-03-06,SIC,12638,5058,7580,9856,2782,ITG,ITG1,19,Sicilia,Sicilia,4999891,865897,17.32,0.25
977,2021-06-14,SIC,42384,20154,22230,27632,14752,ITG,ITG1,19,Sicilia,Sicilia,4999891,908281,18.17,0.85
978,2021-05-28,SIC,51226,22957,28269,24736,26490,ITG,ITG1,19,Sicilia,Sicilia,4999891,959507,19.19,1.02
979,2021-06-04,SIC,57613,26635,30978,45814,11799,ITG,ITG1,19,Sicilia,Sicilia,4999891,1017120,20.34,1.15
980,2021-04-06,SIC,17747,8479,9268,13463,4284,ITG,ITG1,19,Sicilia,Sicilia,4999891,1034867,20.7,0.35
981,2021-02-22,SIC,7891,4094,3797,7398,493,ITG,ITG1,19,Sicilia,Sicilia,4999891,1042758,20.86,0.16
982,2020-12-27,SIC,92,55,37,92,0,ITG,ITG1,19,Sicilia,Sicilia,4999891,1042850,20.86,0.0
983,2021-06-02,SIC,35245,16288,18957,27473,7772,ITG,ITG1,19,Sicilia,Sicilia,4999891,1078095,21.56,0.7
984,2021-02-04,SIC,6747,3073,3674,1452,5295,ITG,ITG1,19,Sicilia,Sicilia,4999891,1084842,21.7,0.13
985,2021-01-01,SIC,818,437,381,818,0,ITG,ITG1,19,Sicilia,Sicilia,4999891,1085660,21.71,0.02
986,2021-04-20,SIC,18979,8978,10001,13735,5244,ITG,ITG1,19,Sicilia,Sicilia,4999891,1104639,22.09,0.38
987,2021-02-18,SIC,5277,3100,2177,4847,430,ITG,ITG1,19,Sicilia,Sicilia,4999891,1109916,22.2,0.11
988,2021-05-12,SIC,36768,17315,19453,21859,14909,ITG,ITG1,19,Sicilia,Sicilia,4999891,1146684,22.93,0.74
989,2021-04-08,SIC,16702,8249,8453,8236,8466,ITG,ITG1,19,Sicilia,Sicilia,4999891,1163386,23.27,0.33
990,2021-02-20,SIC,7138,3692,3446,6897,241,ITG,ITG1,19,Sicilia,Sicilia,4999891,1170524,23.41,0.14
991,2021-02-03,SIC,5920,2779,3141,721,5199,ITG,ITG1,19,Sicilia,Sicilia,4999891,1176444,23.53,0.12
992,2021-04-27,SIC,26271,12644,13627,15487,10784,ITG,ITG1,19,Sicilia,Sicilia,4999891,1202715,24.05,0.53
993,2021-04-16,SIC,28519,14326,14193,20251,8268,ITG,ITG1,19,Sicilia,Sicilia,4999891,1231234,24.63,0.57
994,2021-01-23,SIC,4431,2278,2153,206,4225,ITG,ITG1,19,Sicilia,Sicilia,4999891,1235665,24.71,0.09
995,2021-01-06,SIC,6240,3284,2956,6240,0,ITG,ITG1,19,Sicilia,Sicilia,4999891,1241905,24.84,0.12
996,2021-04-02,SIC,13881,6541,7340,9148,4733,ITG,ITG1,19,Sicilia,Sicilia,4999891,1255786,25.12,0.28
997,2021-02-10,SIC,4354,1776,2578,3973,381,ITG,ITG1,19,Sicilia,Sicilia,4999891,1260140,25.2,0.09
998,2021-05-21,SIC,48558,23017,25541,26971,21587,ITG,ITG1,19,Sicilia,Sicilia,4999891,1308698,26.17,0.97
999,2021-04-01,SIC,14226,6609,7617,9562,4664,ITG,ITG1,19,Sicilia,Sicilia,4999891,1322924,26.46,0.28
1000,2021-03-16,SIC,9559,4278,5281,3623,5936,ITG,ITG1,19,Sicilia,Sicilia,4999891,1332483,26.65,0.19
1001,2021-02-27,SIC,12235,5501,6734,11031,1204,ITG,ITG1,19,Sicilia,Sicilia,4999891,1344718,26.89,0.24
1002,2021-02-08,SIC,3933,1699,2234,2129,1804,ITG,ITG1,19,Sicilia,Sicilia,4999891,1348651,26.97,0.08
1003,2021-01-22,SIC,1278,636,642,262,1016,ITG,ITG1,19,Sicilia,Sicilia,4999891,1349929,27.0,0.03
1004,2021-01-08,SIC,8111,3782,4329,8111,0,ITG,ITG1,19,Sicilia,Sicilia,4999891,1358040,27.16,0.16
1005,2021-04-18,SIC,19705,9848,9857,15344,4361,ITG,ITG1,19,Sicilia,Sicilia,4999891,1377745,27.56,0.39
1006,2021-05-07,SIC,36553,17258,19295,24939,11614,ITG,ITG1,19,Sicilia,Sicilia,4999891,1414298,28.29,0.73
1007,2021-03-11,SIC,15339,6621,8718,12969,2370,ITG,ITG1,19,Sicilia,Sicilia,4999891,1429637,28.59,0.31
1008,2021-01-27,SIC,7282,3709,3573,177,7105,ITG,ITG1,19,Sicilia,Sicilia,4999891,1436919,28.74,0.15
1009,2021-01-13,SIC,5175,2437,2738,5175,0,ITG,ITG1,19,Sicilia,Sicilia,4999891,1442094,28.84,0.1
1010,2021-01-20,SIC,957,508,449,691,266,ITG,ITG1,19,Sicilia,Sicilia,4999891,1443051,28.86,0.02
1011,2021-02-19,SIC,4906,2647,2259,4343,563,ITG,ITG1,19,Sicilia,Sicilia,4999891,1447957,28.96,0.1
1012,2021-03-08,SIC,13393,5866,7527,10780,2613,ITG,ITG1,19,Sicilia,Sicilia,4999891,1461350,29.23,0.27
1013,2021-05-30,SIC,35767,16169,19598,17719,18048,ITG,ITG1,19,Sicilia,Sicilia,4999891,1497117,29.94,0.72
1014,2021-05-13,SIC,47271,22163,25108,30733,16538,ITG,ITG1,19,Sicilia,Sicilia,4999891,1544388,30.89,0.95
1015,2021-01-11,SIC,5824,2571,3253,5824,0,ITG,ITG1,19,Sicilia,Sicilia,4999891,1550212,31.0,0.12
1016,2021-05-16,SIC,33142,16139,17003,21816,11326,ITG,ITG1,19,Sicilia,Sicilia,4999891,1583354,31.67,0.66
1017,2021-05-02,SIC,24601,11427,13174,18000,6601,ITG,ITG1,19,Sicilia,Sicilia,4999891,1607955,32.16,0.49
1018,2021-03-01,SIC,12693,6014,6679,11038,1655,ITG,ITG1,19,Sicilia,Sicilia,4999891,1620648,32.41,0.25
1019,2021-06-09,SIC,49352,23487,25865,42225,7127,ITG,ITG1,19,Sicilia,Sicilia,4999891,1670000,33.4,0.99
1020,2021-01-19,SIC,1498,662,836,1276,222,ITG,ITG1,19,Sicilia,Sicilia,4999891,1671498,33.43,0.03
1021,2021-02-15,SIC,3730,1733,1997,3166,564,ITG,ITG1,19,Sicilia,Sicilia,4999891,1675228,33.51,0.07
1022,2021-05-26,SIC,44505,20857,23648,24078,20427,ITG,ITG1,19,Sicilia,Sicilia,4999891,1719733,34.4,0.89
1023,2021-01-03,SIC,4782,2496,2286,4782,0,ITG,ITG1,19,Sicilia,Sicilia,4999891,1724515,34.49,0.1
1024,2021-04-13,SIC,19682,9589,10093,10930,8752,ITG,ITG1,19,Sicilia,Sicilia,4999891,1744197,34.88,0.39
1025,2021-01-10,SIC,3534,1578,1956,3534,0,ITG,ITG1,19,Sicilia,Sicilia,4999891,1747731,34.96,0.07
1026,2021-05-14,SIC,52056,24404,27652,36368,15688,ITG,ITG1,19,Sicilia,Sicilia,4999891,1799787,36.0,1.04
1027,2021-01-15,SIC,5201,2282,2919,5201,0,ITG,ITG1,19,Sicilia,Sicilia,4999891,1804988,36.1,0.1
1028,2021-04-25,SIC,21351,10184,11167,16375,4976,ITG,ITG1,19,Sicilia,Sicilia,4999891,1826339,36.53,0.43
1029,2021-02-01,SIC,5905,2625,3280,294,5611,ITG,ITG1,19,Sicilia,Sicilia,4999891,1832244,36.65,0.12
1030,2021-03-22,SIC,16588,7838,8750,11225,5363,ITG,ITG1,19,Sicilia,Sicilia,4999891,1848832,36.98,0.33
1031,2021-06-30,SIC,31964,14772,17192,11281,20683,ITG,ITG1,19,Sicilia,Sicilia,4999891,1880796,37.62,0.64
1032,2020-12-29,SIC,243,152,91,243,0,ITG,ITG1,19,Sicilia,Sicilia,4999891,1881039,37.62,0.0
1033,2021-06-13,SIC,33481,16638,16843,29995,3486,ITG,ITG1,19,Sicilia,Sicilia,4999891,1914520,38.29,0.67
1034,2021-06-23,SIC,43749,20348,23401,17558,26191,ITG,ITG1,19,Sicilia,Sicilia,4999891,1958269,39.17,0.87
1035,2021-01-24,SIC,4316,2256,2060,134,4182,ITG,ITG1,19,Sicilia,Sicilia,4999891,1962585,39.25,0.09
1036,2021-05-04,SIC,26815,12468,14347,17524,9291,ITG,ITG1,19,Sicilia,Sicilia,4999891,1989400,39.79,0.54
1037,2021-01-31,SIC,4032,1927,2105,112,3920,ITG,ITG1,19,Sicilia,Sicilia,4999891,1993432,39.87,0.08
1038,2021-05-11,SIC,32290,15355,16935,19814,12476,ITG,ITG1,19,Sicilia,Sicilia,4999891,2025722,40.52,0.65
1039,2021-02-17,SIC,5215,3203,2012,4547,668,ITG,ITG1,19,Sicilia,Sicilia,4999891,2030937,40.62,0.1
1040,2021-04-24,SIC,31135,14696,16439,23505,7630,ITG,ITG1,19,Sicilia,Sicilia,4999891,2062072,41.24,0.62
1041,2021-03-18,SIC,15287,7666,7621,9788,5499,ITG,ITG1,19,Sicilia,Sicilia,4999891,2077359,41.55,0.31
1042,2021-02-07,SIC,2343,993,1350,674,1669,ITG,ITG1,19,Sicilia,Sicilia,4999891,2079702,41.59,0.05
1043,2021-05-18,SIC,36088,17361,18727,23575,12513,ITG,ITG1,19,Sicilia,Sicilia,4999891,2115790,42.32,0.72
1044,2021-05-25,SIC,33366,15293,18073,14099,19267,ITG,ITG1,19,Sicilia,Sicilia,4999891,2149156,42.98,0.67
1045,2021-03-20,SIC,18574,8967,9607,13436,5138,ITG,ITG1,19,Sicilia,Sicilia,4999891,2167730,43.36,0.37
1046,2021-06-28,SIC,31135,14452,16683,14571,16564,ITG,ITG1,19,Sicilia,Sicilia,4999891,2198865,43.98,0.62
1047,2021-06-21,SIC,39621,18360,21261,18218,21403,ITG,ITG1,19,Sicilia,Sicilia,4999891,2238486,44.77,0.79
1048,2021-05-09,SIC,28077,13136,14941,19808,8269,ITG,ITG1,19,Sicilia,Sicilia,4999891,2266563,45.33,0.56
1049,2021-02-05,SIC,6739,2979,3760,2127,4612,ITG,ITG1,19,Sicilia,Sicilia,4999891,2273302,45.47,0.13
1050,2021-04-10,SIC,20423,9970,10453,11459,8964,ITG,ITG1,19,Sicilia,Sicilia,4999891,2293725,45.88,0.41
1051,2021-01-17,SIC,1305,592,713,1245,60,ITG,ITG1,19,Sicilia,Sicilia,4999891,2295030,45.9,0.03
1052,2021-07-02,SIC,30061,13978,16083,9864,20197,ITG,ITG1,19,Sicilia,Sicilia,4999891,2325091,46.5,0.6
1053,2021-03-05,SIC,15667,6771,8896,11432,4235,ITG,ITG1,19,Sicilia,Sicilia,4999891,2340758,46.82,0.31
1054,2021-02-16,SIC,4200,2207,1993,3735,465,ITG,ITG1,19,Sicilia,Sicilia,4999891,2344958,46.9,0.08
1055,2021-06-11,SIC,48307,23021,25286,40716,7591,ITG,ITG1,19,Sicilia,Sicilia,4999891,2393265,47.87,0.97
1056,2021-04-29,SIC,31685,14820,16865,22228,9457,ITG,ITG1,19,Sicilia,Sicilia,4999891,2424950,48.5,0.63
1057,2021-03-03,SIC,14420,6431,7989,11356,3064,ITG,ITG1,19,Sicilia,Sicilia,4999891,2439370,48.79,0.29
1058,2021-02-24,SIC,9306,4760,4546,8746,560,ITG,ITG1,19,Sicilia,Sicilia,4999891,2448676,48.97,0.19
1059,2021-01-21,SIC,1434,706,728,501,933,ITG,ITG1,19,Sicilia,Sicilia,4999891,2450110,49.0,0.03
1060,2021-05-01,SIC,24439,11311,13128,19275,5164,ITG,ITG1,19,Sicilia,Sicilia,4999891,2474549,49.49,0.49
1061,2021-01-05,SIC,10334,5078,5256,10334,0,ITG,ITG1,19,Sicilia,Sicilia,4999891,2484883,49.7,0.21
1062,2021-04-15,SIC,21040,10246,10794,11746,9294,ITG,ITG1,19,Sicilia,Sicilia,4999891,2505923,50.12,0.42
1063,2021-06-20,SIC,32886,15561,17325,14917,17969,ITG,ITG1,19,Sicilia,Sicilia,4999891,2538809,50.78,0.66
1064,2021-04-22,SIC,26758,12640,14118,20299,6459,ITG,ITG1,19,Sicilia,Sicilia,4999891,2565567,51.31,0.54
1065,2021-03-10,SIC,13861,6059,7802,11678,2183,ITG,ITG1,19,Sicilia,Sicilia,4999891,2579428,51.59,0.28
1066,2021-01-12,SIC,4326,2120,2206,4326,0,ITG,ITG1,19,Sicilia,Sicilia,4999891,2583754,51.68,0.09
1067,2021-06-18,SIC,42985,19870,23115,18722,24263,ITG,ITG1,19,Sicilia,Sicilia,4999891,2626739,52.54,0.86
1068,2021-06-27,SIC,24873,11976,12897,11927,12946,ITG,ITG1,19,Sicilia,Sicilia,4999891,2651612,53.03,0.5
1069,2021-05-15,SIC,56473,26386,30087,41237,15236,ITG,ITG1,19,Sicilia,Sicilia,4999891,2708085,54.16,1.13
1070,2021-03-19,SIC,16216,7985,8231,10734,5482,ITG,ITG1,19,Sicilia,Sicilia,4999891,2724301,54.49,0.32
1071,2021-04-26,SIC,21685,10263,11422,13604,8081,ITG,ITG1,19,Sicilia,Sicilia,4999891,2745986,54.92,0.43
1072,2021-02-02,SIC,5271,2472,2799,627,4644,ITG,ITG1,19,Sicilia,Sicilia,4999891,2751257,55.03,0.11
1073,2021-01-14,SIC,5251,2483,2768,5251,0,ITG,ITG1,19,Sicilia,Sicilia,4999891,2756508,55.13,0.11
1074,2021-03-15,SIC,10614,4686,5928,5722,4892,ITG,ITG1,19,Sicilia,Sicilia,4999891,2767122,55.34,0.21
1075,2021-04-03,SIC,16410,7814,8596,13576,2834,ITG,ITG1,19,Sicilia,Sicilia,4999891,2783532,55.67,0.33
1076,2021-03-27,SIC,15606,7356,8250,10754,4852,ITG,ITG1,19,Sicilia,Sicilia,4999891,2799138,55.98,0.31
1077,2021-01-29,SIC,9171,4253,4918,425,8746,ITG,ITG1,19,Sicilia,Sicilia,4999891,2808309,56.17,0.18
1078,2021-02-12,SIC,4587,1812,2775,4321,266,ITG,ITG1,19,Sicilia,Sicilia,4999891,2812896,56.26,0.09
1079,2021-05-23,SIC,34094,16597,17497,20075,14019,ITG,ITG1,19,Sicilia,Sicilia,4999891,2846990,56.94,0.68
1080,2021-03-29,SIC,14988,7059,7929,10491,4497,ITG,ITG1,19,Sicilia,Sicilia,4999891,2861978,57.24,0.3
1081,2021-06-01,SIC,38757,17629,21128,24968,13789,ITG,ITG1,19,Sicilia,Sicilia,4999891,2900735,58.02,0.78
1082,2021-04-05,SIC,8013,3954,4059,6573,1440,ITG,ITG1,19,Sicilia,Sicilia,4999891,2908748,58.18,0.16
1083,2021-06-17,SIC,41206,19190,22016,20168,21038,ITG,ITG1,19,Sicilia,Sicilia,4999891,2949954,59.0,0.82
1084,2020-12-31,SIC,887,473,414,887,0,ITG,ITG1,19,Sicilia,Sicilia,4999891,2950841,59.02,0.02
1085,2021-03-07,SIC,9259,3454,5805,8176,1083,ITG,ITG1,19,Sicilia,Sicilia,4999891,2960100,59.2,0.19
1086,2021-06-15,SIC,45101,21255,23846,27814,17287,ITG,ITG1,19,Sicilia,Sicilia,4999891,3005201,60.11,0.9
1087,2021-03-24,SIC,20877,9803,11074,15216,5661,ITG,ITG1,19,Sicilia,Sicilia,4999891,3026078,60.52,0.42
1088,2021-03-12,SIC,12772,5491,7281,10777,1995,ITG,ITG1,19,Sicilia,Sicilia,4999891,3038850,60.78,0.26
1089,2021-06-29,SIC,30385,14219,16166,15343,15042,ITG,ITG1,19,Sicilia,Sicilia,4999891,3069235,61.39,0.61
1090,2021-06-10,SIC,51141,24017,27124,44053,7088,ITG,ITG1,19,Sicilia,Sicilia,4999891,3120376,62.41,1.02
1091,2021-05-27,SIC,47426,21780,25646,24846,22580,ITG,ITG1,19,Sicilia,Sicilia,4999891,3167802,63.36,0.95
1092,2021-04-14,SIC,20110,9719,10391,11413,8697,ITG,ITG1,19,Sicilia,Sicilia,4999891,3187912,63.76,0.4
1093,2021-04-21,SIC,22369,10740,11629,16261,6108,ITG,ITG1,19,Sicilia,Sicilia,4999891,3210281,64.21,0.45
1094,2021-04-07,SIC,15483,7616,7867,8363,7120,ITG,ITG1,19,Sicilia,Sicilia,4999891,3225764,64.52,0.31
1095,2021-06-03,SIC,45764,20983,24781,34256,11508,ITG,ITG1,19,Sicilia,Sicilia,4999891,3271528,65.43,0.92
1096,2021-05-10,SIC,28313,13593,14720,16180,12133,ITG,ITG1,19,Sicilia,Sicilia,4999891,3299841,66.0,0.57
1097,2021-03-26,SIC,17858,8293,9565,12427,5431,ITG,ITG1,19,Sicilia,Sicilia,4999891,3317699,66.36,0.36
1098,2021-01-28,SIC,9027,4272,4755,393,8634,ITG,ITG1,19,Sicilia,Sicilia,4999891,3326726,66.54,0.18
1099,2021-05-08,SIC,35623,17026,18597,25324,10299,ITG,ITG1,19,Sicilia,Sicilia,4999891,3362349,67.25,0.71
1100,2021-01-26,SIC,9528,4716,4812,249,9279,ITG,ITG1,19,Sicilia,Sicilia,4999891,3371877,67.44,0.19
1101,2021-06-22,SIC,39415,18125,21290,18166,21249,ITG,ITG1,19,Sicilia,Sicilia,4999891,3411292,68.23,0.79
1102,2021-05-22,SIC,47958,22781,25177,28650,19308,ITG,ITG1,19,Sicilia,Sicilia,4999891,3459250,69.19,0.96
1103,2021-02-28,SIC,7163,3062,4101,6533,630,ITG,ITG1,19,Sicilia,Sicilia,4999891,3466413,69.33,0.14
1104,2021-06-08,SIC,47456,22305,25151,40941,6515,ITG,ITG1,19,Sicilia,Sicilia,4999891,3513869,70.28,0.95
1105,2021-01-09,SIC,7184,3387,3797,7184,0,ITG,ITG1,19,Sicilia,Sicilia,4999891,3521053,70.42,0.14
1106,2021-05-03,SIC,23304,10794,12510,13516,9788,ITG,ITG1,19,Sicilia,Sicilia,4999891,3544357,70.89,0.47
1107,2021-04-19,SIC,18215,8623,9592,12636,5579,ITG,ITG1,19,Sicilia,Sicilia,4999891,3562572,71.25,0.36
1108,2021-04-12,SIC,18842,9141,9701,11591,7251,ITG,ITG1,19,Sicilia,Sicilia,4999891,3581414,71.63,0.38
1109,2021-02-14,SIC,1055,402,653,915,140,ITG,ITG1,19,Sicilia,Sicilia,4999891,3582469,71.65,0.02
1110,2021-01-02,SIC,4846,2524,2322,4846,0,ITG,ITG1,19,Sicilia,Sicilia,4999891,3587315,71.75,0.1
1111,2021-05-29,SIC,47170,21460,25710,23981,23189,ITG,ITG1,19,Sicilia,Sicilia,4999891,3634485,72.69,0.94
1112,2021-02-21,SIC,5168,2501,2667,5062,106,ITG,ITG1,19,Sicilia,Sicilia,4999891,3639653,72.79,0.1
1113,2021-03-30,SIC,14533,6754,7779,9770,4763,ITG,ITG1,19,Sicilia,Sicilia,4999891,3654186,73.09,0.29
1114,2021-03-13,SIC,12209,5387,6822,7717,4492,ITG,ITG1,19,Sicilia,Sicilia,4999891,3666395,73.33,0.24
1115,2021-04-17,SIC,26017,13150,12867,18951,7066,ITG,ITG1,19,Sicilia,Sicilia,4999891,3692412,73.85,0.52
1116,2021-03-17,SIC,14984,7398,7586,9196,5788,ITG,ITG1,19,Sicilia,Sicilia,4999891,3707396,74.15,0.3
1117,2021-06-25,SIC,39172,18367,20805,17152,22020,ITG,ITG1,19,Sicilia,Sicilia,4999891,3746568,74.93,0.78
1118,2021-06-06,SIC,49502,23908,25594,41682,7820,ITG,ITG1,19,Sicilia,Sicilia,4999891,3796070,75.92,0.99
1119,2021-02-26,SIC,11883,5810,6073,10203,1680,ITG,ITG1,19,Sicilia,Sicilia,4999891,3807953,76.16,0.24
1120,2021-05-06,SIC,29356,13961,15395,18529,10827,ITG,ITG1,19,Sicilia,Sicilia,4999891,3837309,76.75,0.59
1121,2021-03-31,SIC,14449,6692,7757,9517,4932,ITG,ITG1,19,Sicilia,Sicilia,4999891,3851758,77.04,0.29
1122,2021-01-07,SIC,8923,4127,4796,8923,0,ITG,ITG1,19,Sicilia,Sicilia,4999891,3860681,77.22,0.18
1123,2021-02-09,SIC,4381,1816,2565,3313,1068,ITG,ITG1,19,Sicilia,Sicilia,4999891,3865062,77.3,0.09
1124,2021-05-20,SIC,43751,20975,22776,27843,15908,ITG,ITG1,19,Sicilia,Sicilia,4999891,3908813,78.18,0.88
1125,2021-05-22,TOS,26006,12652,13354,21720,4286,ITI,ITI1,9,Toscana,Toscana,3729641,26006,0.7,0.7
1126,2021-05-05,TOS,30112,13439,16673,15601,14511,ITI,ITI1,9,Toscana,Toscana,3729641,56118,1.5,0.81
1127,2021-02-28,TOS,1649,667,982,922,727,ITI,ITI1,9,Toscana,Toscana,3729641,57767,1.55,0.04
1128,2021-02-11,TOS,5384,2022,3362,5142,242,ITI,ITI1,9,Toscana,Toscana,3729641,63151,1.69,0.14
1129,2021-02-09,TOS,4488,1468,3020,3877,611,ITI,ITI1,9,Toscana,Toscana,3729641,67639,1.81,0.12
1130,2021-04-02,TOS,31983,13566,18417,23957,8026,ITI,ITI1,9,Toscana,Toscana,3729641,99622,2.67,0.86
1131,2021-06-24,TOS,29361,14551,14810,19659,9702,ITI,ITI1,9,Toscana,Toscana,3729641,128983,3.46,0.79
1132,2021-01-09,TOS,4485,1596,2889,4485,0,ITI,ITI1,9,Toscana,Toscana,3729641,133468,3.58,0.12
1133,2021-06-05,TOS,28417,13593,14824,20807,7610,ITI,ITI1,9,Toscana,Toscana,3729641,161885,4.34,0.76
1134,2021-01-11,TOS,5094,1691,3403,5094,0,ITI,ITI1,9,Toscana,Toscana,3729641,166979,4.48,0.14
1135,2021-04-21,TOS,29616,12675,16941,17493,12123,ITI,ITI1,9,Toscana,Toscana,3729641,196595,5.27,0.79
1136,2021-02-23,TOS,7722,3325,4397,7561,161,ITI,ITI1,9,Toscana,Toscana,3729641,204317,5.48,0.21
1137,2021-06-03,TOS,31981,15406,16575,27434,4547,ITI,ITI1,9,Toscana,Toscana,3729641,236298,6.34,0.86
1138,2021-04-07,TOS,35824,15462,20362,28576,7248,ITI,ITI1,9,Toscana,Toscana,3729641,272122,7.3,0.96
1139,2021-06-12,TOS,29380,15146,14234,24993,4387,ITI,ITI1,9,Toscana,Toscana,3729641,301502,8.08,0.79
1140,2021-04-16,TOS,28943,12878,16065,22047,6896,ITI,ITI1,9,Toscana,Toscana,3729641,330445,8.86,0.78
1141,2021-01-16,TOS,3271,1046,2225,3271,0,ITI,ITI1,9,Toscana,Toscana,3729641,333716,8.95,0.09
1142,2021-04-26,TOS,10140,4932,5208,7589,2551,ITI,ITI1,9,Toscana,Toscana,3729641,343856,9.22,0.27
1143,2021-01-02,TOS,3497,1096,2401,3497,0,ITI,ITI1,9,Toscana,Toscana,3729641,347353,9.31,0.09
1144,2021-03-07,TOS,5647,2357,3290,2104,3543,ITI,ITI1,9,Toscana,Toscana,3729641,353000,9.46,0.15
1145,2021-07-01,TOS,31876,15388,16488,10960,20916,ITI,ITI1,9,Toscana,Toscana,3729641,384876,10.32,0.85
1146,2021-03-26,TOS,20679,9394,11285,14914,5765,ITI,ITI1,9,Toscana,Toscana,3729641,405555,10.87,0.55
1147,2021-03-09,TOS,11129,4567,6562,5577,5552,ITI,ITI1,9,Toscana,Toscana,3729641,416684,11.17,0.3
1148,2021-04-09,TOS,24594,10580,14014,21185,3409,ITI,ITI1,9,Toscana,Toscana,3729641,441278,11.83,0.66
1149,2021-06-17,TOS,32412,16562,15850,26963,5449,ITI,ITI1,9,Toscana,Toscana,3729641,473690,12.7,0.87
1150,2021-02-04,TOS,4253,1594,2659,961,3292,ITI,ITI1,9,Toscana,Toscana,3729641,477943,12.81,0.11
1151,2021-05-15,TOS,29337,13850,15487,23450,5887,ITI,ITI1,9,Toscana,Toscana,3729641,507280,13.6,0.79
1152,2021-04-28,TOS,19121,8179,10942,3814,15307,ITI,ITI1,9,Toscana,Toscana,3729641,526401,14.11,0.51
1153,2021-01-28,TOS,6282,1882,4400,354,5928,ITI,ITI1,9,Toscana,Toscana,3729641,532683,14.28,0.17
1154,2021-03-19,TOS,10142,4460,5682,7274,2868,ITI,ITI1,9,Toscana,Toscana,3729641,542825,14.55,0.27
1155,2021-01-21,TOS,1589,686,903,867,722,ITI,ITI1,9,Toscana,Toscana,3729641,544414,14.6,0.04
1156,2021-06-22,TOS,30981,15574,15407,22809,8172,ITI,ITI1,9,Toscana,Toscana,3729641,575395,15.43,0.83
1157,2021-05-17,TOS,29693,14811,14882,20822,8871,ITI,ITI1,9,Toscana,Toscana,3729641,605088,16.22,0.8
1158,2021-03-21,TOS,3293,1627,1666,1860,1433,ITI,ITI1,9,Toscana,Toscana,3729641,608381,16.31,0.09
1159,2021-01-23,TOS,3966,1360,2606,640,3326,ITI,ITI1,9,Toscana,Toscana,3729641,612347,16.42,0.11
1160,2021-06-29,TOS,36885,17926,18959,8111,28774,ITI,ITI1,9,Toscana,Toscana,3729641,649232,17.41,0.99
1161,2021-05-03,TOS,11927,5507,6420,10610,1317,ITI,ITI1,9,Toscana,Toscana,3729641,661159,17.73,0.32
1162,2021-06-10,TOS,26336,13514,12822,25802,534,ITI,ITI1,9,Toscana,Toscana,3729641,687495,18.43,0.71
1163,2021-05-24,TOS,33714,16701,17013,24145,9569,ITI,ITI1,9,Toscana,Toscana,3729641,721209,19.34,0.9
1164,2021-01-25,TOS,5126,1895,3231,247,4879,ITI,ITI1,9,Toscana,Toscana,3729641,726335,19.47,0.14
1165,2021-04-18,TOS,8359,4091,4268,7331,1028,ITI,ITI1,9,Toscana,Toscana,3729641,734694,19.7,0.22
1166,2021-02-16,TOS,9280,3340,5940,8559,721,ITI,ITI1,9,Toscana,Toscana,3729641,743974,19.95,0.25
1167,2021-05-02,TOS,11166,4931,6235,9203,1963,ITI,ITI1,9,Toscana,Toscana,3729641,755140,20.25,0.3
1168,2021-02-25,TOS,10633,4306,6327,9635,998,ITI,ITI1,9,Toscana,Toscana,3729641,765773,20.53,0.29
1169,2021-06-28,TOS,37563,18041,19522,8583,28980,ITI,ITI1,9,Toscana,Toscana,3729641,803336,21.54,1.01
1170,2021-01-20,TOS,1331,637,694,1083,248,ITI,ITI1,9,Toscana,Toscana,3729641,804667,21.57,0.04
1171,2021-04-30,TOS,40192,17786,22406,20300,19892,ITI,ITI1,9,Toscana,Toscana,3729641,844859,22.65,1.08
1172,2021-03-02,TOS,10599,3799,6800,7155,3444,ITI,ITI1,9,Toscana,Toscana,3729641,855458,22.94,0.28
1173,2021-01-04,TOS,5066,1895,3171,5066,0,ITI,ITI1,9,Toscana,Toscana,3729641,860524,23.07,0.14
1174,2021-04-14,TOS,20182,8344,11838,15073,5109,ITI,ITI1,9,Toscana,Toscana,3729641,880706,23.61,0.54
1175,2021-06-14,TOS,31776,16318,15458,27673,4103,ITI,ITI1,9,Toscana,Toscana,3729641,912482,24.47,0.85
1176,2021-03-04,TOS,17846,6949,10897,14764,3082,ITI,ITI1,9,Toscana,Toscana,3729641,930328,24.94,0.48
1177,2021-06-21,TOS,31118,15427,15691,18377,12741,ITI,ITI1,9,Toscana,Toscana,3729641,961446,25.78,0.83
1178,2021-03-18,TOS,9980,3984,5996,6008,3972,ITI,ITI1,9,Toscana,Toscana,3729641,971426,26.05,0.27
1179,2021-06-26,TOS,34505,16738,17767,10212,24293,ITI,ITI1,9,Toscana,Toscana,3729641,1005931,26.97,0.93
1180,2021-06-09,TOS,34735,17514,17221,34310,425,ITI,ITI1,9,Toscana,Toscana,3729641,1040666,27.9,0.93
1181,2021-04-04,TOS,13921,6608,7313,13668,253,ITI,ITI1,9,Toscana,Toscana,3729641,1054587,28.28,0.37
1182,2021-03-16,TOS,4899,1882,3017,2648,2251,ITI,ITI1,9,Toscana,Toscana,3729641,1059486,28.41,0.13
1183,2021-02-27,TOS,1984,756,1228,1082,902,ITI,ITI1,9,Toscana,Toscana,3729641,1061470,28.46,0.05
1184,2021-02-18,TOS,8822,3285,5537,7926,896,ITI,ITI1,9,Toscana,Toscana,3729641,1070292,28.7,0.24
1185,2021-05-29,TOS,31554,15255,16299,23393,8161,ITI,ITI1,9,Toscana,Toscana,3729641,1101846,29.54,0.85
1186,2021-03-23,TOS,9400,4376,5024,7125,2275,ITI,ITI1,9,Toscana,Toscana,3729641,1111246,29.79,0.25
1187,2020-12-30,TOS,327,104,223,327,0,ITI,ITI1,9,Toscana,Toscana,3729641,1111573,29.8,0.01
1188,2021-02-20,TOS,4640,1789,2851,4127,513,ITI,ITI1,9,Toscana,Toscana,3729641,1116213,29.93,0.12
1189,2021-05-31,TOS,30268,14597,15671,19445,10823,ITI,ITI1,9,Toscana,Toscana,3729641,1146481,30.74,0.81
1190,2021-05-14,TOS,33315,15404,17911,20652,12663,ITI,ITI1,9,Toscana,Toscana,3729641,1179796,31.63,0.89
1191,2021-06-02,TOS,27568,13605,13963,22062,5506,ITI,ITI1,9,Toscana,Toscana,3729641,1207364,32.37,0.74
1192,2021-04-06,TOS,22222,9821,12401,18507,3715,ITI,ITI1,9,Toscana,Toscana,3729641,1229586,32.97,0.6
1193,2021-02-08,TOS,4097,1360,2737,3638,459,ITI,ITI1,9,Toscana,Toscana,3729641,1233683,33.08,0.11
1194,2021-05-19,TOS,27945,13567,14378,18902,9043,ITI,ITI1,9,Toscana,Toscana,3729641,1261628,33.83,0.75
1195,2021-04-13,TOS,8487,3506,4981,6030,2457,ITI,ITI1,9,Toscana,Toscana,3729641,1270115,34.05,0.23
1196,2021-05-07,TOS,32117,14688,17429,11977,20140,ITI,ITI1,9,Toscana,Toscana,3729641,1302232,34.92,0.86
1197,2021-02-13,TOS,7786,2361,5425,7559,227,ITI,ITI1,9,Toscana,Toscana,3729641,1310018,35.12,0.21
1198,2021-01-08,TOS,5947,1643,4304,5947,0,ITI,ITI1,9,Toscana,Toscana,3729641,1315965,35.28,0.16
1199,2021-03-28,TOS,6212,2808,3404,5958,254,ITI,ITI1,9,Toscana,Toscana,3729641,1322177,35.45,0.17
1200,2021-01-30,TOS,4622,1622,3000,197,4425,ITI,ITI1,9,Toscana,Toscana,3729641,1326799,35.57,0.12
1201,2021-05-10,TOS,26190,12385,13805,15572,10618,ITI,ITI1,9,Toscana,Toscana,3729641,1352989,36.28,0.7
1202,2021-03-14,TOS,7174,2569,4605,3239,3935,ITI,ITI1,9,Toscana,Toscana,3729641,1360163,36.47,0.19
1203,2021-04-25,TOS,11059,5248,5811,8919,2140,ITI,ITI1,9,Toscana,Toscana,3729641,1371222,36.77,0.3
1204,2021-01-13,TOS,4062,1398,2664,4062,0,ITI,ITI1,9,Toscana,Toscana,3729641,1375284,36.87,0.11
1205,2021-04-23,TOS,25645,11414,14231,9344,16301,ITI,ITI1,9,Toscana,Toscana,3729641,1400929,37.56,0.69
1206,2021-03-20,TOS,6586,2977,3609,5450,1136,ITI,ITI1,9,Toscana,Toscana,3729641,1407515,37.74,0.18
1207,2021-01-22,TOS,2866,1064,1802,528,2338,ITI,ITI1,9,Toscana,Toscana,3729641,1410381,37.82,0.08
1208,2021-01-06,TOS,4519,1460,3059,4519,0,ITI,ITI1,9,Toscana,Toscana,3729641,1414900,37.94,0.12
1209,2021-03-11,TOS,15884,6340,9544,12555,3329,ITI,ITI1,9,Toscana,Toscana,3729641,1430784,38.36,0.43
1210,2021-06-19,TOS,26460,13884,12576,21711,4749,ITI,ITI1,9,Toscana,Toscana,3729641,1457244,39.07,0.71
1211,2021-02-05,TOS,5749,2245,3504,1924,3825,ITI,ITI1,9,Toscana,Toscana,3729641,1462993,39.23,0.15
1212,2021-05-16,TOS,26672,12885,13787,24205,2467,ITI,ITI1,9,Toscana,Toscana,3729641,1489665,39.94,0.72
1213,2021-06-07,TOS,34816,17056,17760,31213,3603,ITI,ITI1,9,Toscana,Toscana,3729641,1524481,40.87,0.93
1214,2021-05-21,TOS,28884,13455,15429,17473,11411,ITI,ITI1,9,Toscana,Toscana,3729641,1553365,41.65,0.77
1215,2021-03-01,TOS,4474,1734,2740,833,3641,ITI,ITI1,9,Toscana,Toscana,3729641,1557839,41.77,0.12
1216,2021-05-12,TOS,34199,15574,18625,14169,20030,ITI,ITI1,9,Toscana,Toscana,3729641,1592038,42.69,0.92
1217,2021-01-18,TOS,1119,636,483,1021,98,ITI,ITI1,9,Toscana,Toscana,3729641,1593157,42.72,0.03
1218,2021-02-01,TOS,5509,1958,3551,521,4988,ITI,ITI1,9,Toscana,Toscana,3729641,1598666,42.86,0.15
1219,2021-04-27,TOS,10354,4916,5438,3867,6487,ITI,ITI1,9,Toscana,Toscana,3729641,1609020,43.14,0.28
1220,2021-04-01,TOS,27022,11209,15813,16393,10629,ITI,ITI1,9,Toscana,Toscana,3729641,1636042,43.87,0.72
1221,2021-03-15,TOS,8698,3645,5053,4255,4443,ITI,ITI1,9,Toscana,Toscana,3729641,1644740,44.1,0.23
1222,2021-06-23,TOS,31423,15209,16214,20118,11305,ITI,ITI1,9,Toscana,Toscana,3729641,1676163,44.94,0.84
1223,2021-01-10,TOS,3001,1104,1897,3001,0,ITI,ITI1,9,Toscana,Toscana,3729641,1679164,45.02,0.08
1224,2021-04-20,TOS,18160,8110,10050,12585,5575,ITI,ITI1,9,Toscana,Toscana,3729641,1697324,45.51,0.49
1225,2021-04-03,TOS,15014,6647,8367,13888,1126,ITI,ITI1,9,Toscana,Toscana,3729641,1712338,45.91,0.4
1226,2021-01-27,TOS,4835,1573,3262,206,4629,ITI,ITI1,9,Toscana,Toscana,3729641,1717173,46.04,0.13
1227,2021-03-17,TOS,11421,4587,6834,6892,4529,ITI,ITI1,9,Toscana,Toscana,3729641,1728594,46.35,0.31
1228,2021-05-26,TOS,35580,17098,18482,20384,15196,ITI,ITI1,9,Toscana,Toscana,3729641,1764174,47.3,0.95
1229,2021-03-30,TOS,17019,7643,9376,13456,3563,ITI,ITI1,9,Toscana,Toscana,3729641,1781193,47.76,0.46
1230,2020-12-27,TOS,620,267,353,620,0,ITI,ITI1,9,Toscana,Toscana,3729641,1781813,47.77,0.02
1231,2021-01-03,TOS,3336,1052,2284,3336,0,ITI,ITI1,9,Toscana,Toscana,3729641,1785149,47.86,0.09
1232,2021-02-06,TOS,4527,1550,2977,1294,3233,ITI,ITI1,9,Toscana,Toscana,3729641,1789676,47.99,0.12
1233,2021-06-11,TOS,29681,15439,14242,25059,4622,ITI,ITI1,9,Toscana,Toscana,3729641,1819357,48.78,0.8
1234,2021-04-15,TOS,24401,10195,14206,15831,8570,ITI,ITI1,9,Toscana,Toscana,3729641,1843758,49.44,0.65
1235,2021-02-17,TOS,8176,3170,5006,7424,752,ITI,ITI1,9,Toscana,Toscana,3729641,1851934,49.65,0.22
1236,2021-05-23,TOS,28381,13646,14735,25819,2562,ITI,ITI1,9,Toscana,Toscana,3729641,1880315,50.42,0.76
1237,2021-02-10,TOS,4263,1281,2982,3740,523,ITI,ITI1,9,Toscana,Toscana,3729641,1884578,50.53,0.11
1238,2021-05-04,TOS,18313,8215,10098,12862,5451,ITI,ITI1,9,Toscana,Toscana,3729641,1902891,51.02,0.49
1239,2021-03-27,TOS,8862,4153,4709,8647,215,ITI,ITI1,9,Toscana,Toscana,3729641,1911753,51.26,0.24
1240,2021-06-30,TOS,38113,18421,19692,8702,29411,ITI,ITI1,9,Toscana,Toscana,3729641,1949866,52.28,1.02
1241,2021-02-14,TOS,9000,2569,6431,8890,110,ITI,ITI1,9,Toscana,Toscana,3729641,1958866,52.52,0.24
1242,2021-05-25,TOS,34151,16477,17674,19533,14618,ITI,ITI1,9,Toscana,Toscana,3729641,1993017,53.44,0.92
1243,2021-03-29,TOS,9670,4828,4842,9346,324,ITI,ITI1,9,Toscana,Toscana,3729641,2002687,53.7,0.26
1244,2021-05-11,TOS,27950,12983,14967,12483,15467,ITI,ITI1,9,Toscana,Toscana,3729641,2030637,54.45,0.75
1245,2021-03-13,TOS,9288,3310,5978,5324,3964,ITI,ITI1,9,Toscana,Toscana,3729641,2039925,54.69,0.25
1246,2021-01-29,TOS,6144,1700,4444,304,5840,ITI,ITI1,9,Toscana,Toscana,3729641,2046069,54.86,0.16
1247,2021-05-09,TOS,22533,9768,12765,9672,12861,ITI,ITI1,9,Toscana,Toscana,3729641,2068602,55.46,0.6
1248,2021-06-25,TOS,33480,16709,16771,12361,21119,ITI,ITI1,9,Toscana,Toscana,3729641,2102082,56.36,0.9
1249,2021-06-08,TOS,32520,16659,15861,32078,442,ITI,ITI1,9,Toscana,Toscana,3729641,2134602,57.23,0.87
1250,2021-02-26,TOS,10080,3834,6246,8874,1206,ITI,ITI1,9,Toscana,Toscana,3729641,2144682,57.5,0.27
1251,2021-06-06,TOS,28293,13647,14646,22934,5359,ITI,ITI1,9,Toscana,Toscana,3729641,2172975,58.26,0.76
1252,2021-01-17,TOS,2535,870,1665,2021,514,ITI,ITI1,9,Toscana,Toscana,3729641,2175510,58.33,0.07
1253,2021-03-08,TOS,6707,2945,3762,1887,4820,ITI,ITI1,9,Toscana,Toscana,3729641,2182217,58.51,0.18
1254,2021-06-16,TOS,31717,16230,15487,26569,5148,ITI,ITI1,9,Toscana,Toscana,3729641,2213934,59.36,0.85
1255,2021-05-30,TOS,28673,13944,14729,21727,6946,ITI,ITI1,9,Toscana,Toscana,3729641,2242607,60.13,0.77
1256,2021-05-28,TOS,30074,13911,16163,17630,12444,ITI,ITI1,9,Toscana,Toscana,3729641,2272681,60.94,0.81
1257,2021-04-22,TOS,35694,15292,20402,18209,17485,ITI,ITI1,9,Toscana,Toscana,3729641,2308375,61.89,0.96
1258,2021-02-24,TOS,10371,4467,5904,10174,197,ITI,ITI1,9,Toscana,Toscana,3729641,2318746,62.17,0.28
1259,2021-06-04,TOS,28250,13377,14873,20495,7755,ITI,ITI1,9,Toscana,Toscana,3729641,2346996,62.93,0.76
1260,2021-04-08,TOS,29684,12558,17126,23297,6387,ITI,ITI1,9,Toscana,Toscana,3729641,2376680,63.72,0.8
1261,2021-02-15,TOS,8771,3376,5395,7945,826,ITI,ITI1,9,Toscana,Toscana,3729641,2385451,63.96,0.24
1262,2021-02-22,TOS,9818,4253,5565,9541,277,ITI,ITI1,9,Toscana,Toscana,3729641,2395269,64.22,0.26
1263,2021-02-12,TOS,7618,2694,4924,7405,213,ITI,ITI1,9,Toscana,Toscana,3729641,2402887,64.43,0.2
1264,2021-01-26,TOS,5393,1792,3601,220,5173,ITI,ITI1,9,Toscana,Toscana,3729641,2408280,64.57,0.14
1265,2021-05-06,TOS,31322,13614,17708,14161,17161,ITI,ITI1,9,Toscana,Toscana,3729641,2439602,65.41,0.84
1266,2021-04-19,TOS,9096,4509,4587,8064,1032,ITI,ITI1,9,Toscana,Toscana,3729641,2448698,65.66,0.24
1267,2021-04-17,TOS,20532,9206,11326,18398,2134,ITI,ITI1,9,Toscana,Toscana,3729641,2469230,66.21,0.55
1268,2021-01-24,TOS,3349,1073,2276,201,3148,ITI,ITI1,9,Toscana,Toscana,3729641,2472579,66.3,0.09
1269,2021-05-20,TOS,29732,13886,15846,18918,10814,ITI,ITI1,9,Toscana,Toscana,3729641,2502311,67.09,0.8
1270,2021-01-31,TOS,3050,1129,1921,106,2944,ITI,ITI1,9,Toscana,Toscana,3729641,2505361,67.17,0.08
1271,2021-04-05,TOS,15285,6826,8459,14548,737,ITI,ITI1,9,Toscana,Toscana,3729641,2520646,67.58,0.41
1272,2021-02-07,TOS,2806,952,1854,886,1920,ITI,ITI1,9,Toscana,Toscana,3729641,2523452,67.66,0.08
1273,2021-05-18,TOS,28833,14268,14565,20012,8821,ITI,ITI1,9,Toscana,Toscana,3729641,2552285,68.43,0.77
1274,2021-03-03,TOS,18228,6538,11690,14622,3606,ITI,ITI1,9,Toscana,Toscana,3729641,2570513,68.92,0.49
1275,2021-01-05,TOS,5249,1755,3494,5249,0,ITI,ITI1,9,Toscana,Toscana,3729641,2575762,69.06,0.14
1276,2021-01-19,TOS,1105,532,573,1105,0,ITI,ITI1,9,Toscana,Toscana,3729641,2576867,69.09,0.03
1277,2021-01-12,TOS,3581,1398,2183,3581,0,ITI,ITI1,9,Toscana,Toscana,3729641,2580448,69.19,0.1
1278,2021-05-27,TOS,28321,13173,15148,13487,14834,ITI,ITI1,9,Toscana,Toscana,3729641,2608769,69.95,0.76
1279,2021-03-31,TOS,32705,13249,19456,20542,12163,ITI,ITI1,9,Toscana,Toscana,3729641,2641474,70.82,0.88
1280,2021-03-22,TOS,5251,2763,2488,4807,444,ITI,ITI1,9,Toscana,Toscana,3729641,2646725,70.96,0.14
1281,2020-12-31,TOS,802,201,601,802,0,ITI,ITI1,9,Toscana,Toscana,3729641,2647527,70.99,0.02
1282,2021-04-10,TOS,11721,5348,6373,10978,743,ITI,ITI1,9,Toscana,Toscana,3729641,2659248,71.3,0.31
1283,2021-02-19,TOS,8293,2952,5341,7780,513,ITI,ITI1,9,Toscana,Toscana,3729641,2667541,71.52,0.22
1284,2021-05-08,TOS,29151,13113,16038,13679,15472,ITI,ITI1,9,Toscana,Toscana,3729641,2696692,72.3,0.78
1285,2021-03-12,TOS,16975,6613,10362,13447,3528,ITI,ITI1,9,Toscana,Toscana,3729641,2713667,72.76,0.46
1286,2021-01-14,TOS,3255,1179,2076,3255,0,ITI,ITI1,9,Toscana,Toscana,3729641,2716922,72.85,0.09
1287,2021-06-20,TOS,25144,12457,12687,15657,9487,ITI,ITI1,9,Toscana,Toscana,3729641,2742066,73.52,0.67
1288,2021-04-24,TOS,13434,6168,7266,5991,7443,ITI,ITI1,9,Toscana,Toscana,3729641,2755500,73.88,0.36
1289,2021-06-27,TOS,33296,16073,17223,6057,27239,ITI,ITI1,9,Toscana,Toscana,3729641,2788796,74.77,0.89
1290,2021-05-01,TOS,23316,10065,13251,14135,9181,ITI,ITI1,9,Toscana,Toscana,3729641,2812112,75.4,0.63
1291,2021-03-05,TOS,16878,6688,10190,12124,4754,ITI,ITI1,9,Toscana,Toscana,3729641,2828990,75.85,0.45
1292,2021-01-07,TOS,6018,1751,4267,6018,0,ITI,ITI1,9,Toscana,Toscana,3729641,2835008,76.01,0.16
1293,2021-06-13,TOS,24606,12345,12261,22942,1664,ITI,ITI1,9,Toscana,Toscana,3729641,2859614,76.67,0.66
1294,2021-01-01,TOS,2369,787,1582,2369,0,ITI,ITI1,9,Toscana,Toscana,3729641,2861983,76.74,0.06
1295,2021-04-11,TOS,3645,1680,1965,3490,155,ITI,ITI1,9,Toscana,Toscana,3729641,2865628,76.83,0.1
1296,2021-07-03,TOS,5740,3018,2722,2365,3375,ITI,ITI1,9,Toscana,Toscana,3729641,2871368,76.99,0.15
1297,2021-03-06,TOS,7110,2852,4258,2914,4196,ITI,ITI1,9,Toscana,Toscana,3729641,2878478,77.18,0.19
1298,2021-02-03,TOS,4221,1452,2769,241,3980,ITI,ITI1,9,Toscana,Toscana,3729641,2882699,77.29,0.11
1299,2021-01-15,TOS,3878,1347,2531,3878,0,ITI,ITI1,9,Toscana,Toscana,3729641,2886577,77.4,0.1
1300,2021-06-18,TOS,30737,16205,14532,25373,5364,ITI,ITI1,9,Toscana,Toscana,3729641,2917314,78.22,0.82
1301,2021-03-25,TOS,23893,10376,13517,15542,8351,ITI,ITI1,9,Toscana,Toscana,3729641,2941207,78.86,0.64
1302,2021-04-12,TOS,2612,1183,1429,1958,654,ITI,ITI1,9,Toscana,Toscana,3729641,2943819,78.93,0.07
1303,2021-05-13,TOS,35035,15449,19586,13839,21196,ITI,ITI1,9,Toscana,Toscana,3729641,2978854,79.87,0.94
1304,2021-04-29,TOS,39302,17703,21599,19223,20079,ITI,ITI1,9,Toscana,Toscana,3729641,3018156,80.92,1.05
1305,2021-03-24,TOS,20012,8301,11711,10556,9456,ITI,ITI1,9,Toscana,Toscana,3729641,3038168,81.46,0.54
1306,2021-02-21,TOS,5105,2089,3016,4935,170,ITI,ITI1,9,Toscana,Toscana,3729641,3043273,81.6,0.14
1307,2021-06-01,TOS,26908,13366,13542,23095,3813,ITI,ITI1,9,Toscana,Toscana,3729641,3070181,82.32,0.72
1308,2021-07-02,TOS,28057,14050,14007,11038,17019,ITI,ITI1,9,Toscana,Toscana,3729641,3098238,83.07,0.75
1309,2021-06-15,TOS,31177,16048,15129,26620,4557,ITI,ITI1,9,Toscana,Toscana,3729641,3129415,83.91,0.84
1310,2021-03-10,TOS,18372,7408,10964,14354,4018,ITI,ITI1,9,Toscana,Toscana,3729641,3147787,84.4,0.49
1311,2021-02-02,TOS,3743,1475,2268,196,3547,ITI,ITI1,9,Toscana,Toscana,3729641,3151530,84.5,0.1
1312,2021-05-26,LAZ,47479,21805,25674,35378,12101,ITI,ITI4,12,Lazio,Lazio,5879082,47479,0.81,0.81
1313,2021-03-04,LAZ,19412,8719,10693,14394,5018,ITI,ITI4,12,Lazio,Lazio,5879082,66891,1.14,0.33
1314,2021-06-12,LAZ,63747,29031,34716,34398,29349,ITI,ITI4,12,Lazio,Lazio,5879082,130638,2.22,1.08
1315,2021-06-14,LAZ,62529,29325,33204,32415,30114,ITI,ITI4,12,Lazio,Lazio,5879082,193167,3.29,1.06
1316,2021-03-21,LAZ,18226,7162,11064,13175,5051,ITI,ITI4,12,Lazio,Lazio,5879082,211393,3.6,0.31
1317,2020-12-30,LAZ,1630,629,1001,1630,0,ITI,ITI4,12,Lazio,Lazio,5879082,213023,3.62,0.03
1318,2021-07-01,LAZ,47248,22504,24744,7111,40137,ITI,ITI4,12,Lazio,Lazio,5879082,260271,4.43,0.8
1319,2021-04-09,LAZ,27563,12497,15066,19311,8252,ITI,ITI4,12,Lazio,Lazio,5879082,287834,4.9,0.47
1320,2021-03-23,LAZ,25218,11777,13441,18622,6596,ITI,ITI4,12,Lazio,Lazio,5879082,313052,5.32,0.43
1321,2021-02-18,LAZ,10018,4975,5043,9207,811,ITI,ITI4,12,Lazio,Lazio,5879082,323070,5.5,0.17
1322,2021-05-12,LAZ,47543,21574,25969,30896,16647,ITI,ITI4,12,Lazio,Lazio,5879082,370613,6.3,0.81
1323,2021-02-01,LAZ,5676,2178,3498,354,5322,ITI,ITI4,12,Lazio,Lazio,5879082,376289,6.4,0.1
1324,2021-01-13,LAZ,5694,2151,3543,5694,0,ITI,ITI4,12,Lazio,Lazio,5879082,381983,6.5,0.1
1325,2021-04-23,LAZ,37696,18097,19599,22420,15276,ITI,ITI4,12,Lazio,Lazio,5879082,419679,7.14,0.64
1326,2021-02-20,LAZ,9207,4274,4933,8436,771,ITI,ITI4,12,Lazio,Lazio,5879082,428886,7.3,0.16
1327,2021-05-31,LAZ,51476,22852,28624,31791,19685,ITI,ITI4,12,Lazio,Lazio,5879082,480362,8.17,0.88
1328,2021-04-04,LAZ,17533,8106,9427,12268,5265,ITI,ITI4,12,Lazio,Lazio,5879082,497895,8.47,0.3
1329,2021-05-17,LAZ,44505,20368,24137,35934,8571,ITI,ITI4,12,Lazio,Lazio,5879082,542400,9.23,0.76
1330,2021-02-06,LAZ,6159,2492,3667,840,5319,ITI,ITI4,12,Lazio,Lazio,5879082,548559,9.33,0.1
1331,2021-02-11,LAZ,7000,3012,3988,6467,533,ITI,ITI4,12,Lazio,Lazio,5879082,555559,9.45,0.12
1332,2021-04-11,LAZ,19155,8470,10685,13274,5881,ITI,ITI4,12,Lazio,Lazio,5879082,574714,9.78,0.33
1333,2021-02-13,LAZ,6612,2627,3985,6194,418,ITI,ITI4,12,Lazio,Lazio,5879082,581326,9.89,0.11
1334,2021-03-30,LAZ,26796,12960,13836,19647,7149,ITI,ITI4,12,Lazio,Lazio,5879082,608122,10.34,0.46
1335,2021-04-18,LAZ,23808,10577,13231,16158,7650,ITI,ITI4,12,Lazio,Lazio,5879082,631930,10.75,0.4
1336,2021-05-19,LAZ,47121,21631,25490,37018,10103,ITI,ITI4,12,Lazio,Lazio,5879082,679051,11.55,0.8
1337,2021-01-04,LAZ,7485,2909,4576,7485,0,ITI,ITI4,12,Lazio,Lazio,5879082,686536,11.68,0.13
1338,2021-06-24,LAZ,62723,29703,33020,28930,33793,ITI,ITI4,12,Lazio,Lazio,5879082,749259,12.74,1.07
1339,2021-06-07,LAZ,62129,29015,33114,33007,29122,ITI,ITI4,12,Lazio,Lazio,5879082,811388,13.8,1.06
1340,2021-04-16,LAZ,34430,15697,18733,22337,12093,ITI,ITI4,12,Lazio,Lazio,5879082,845818,14.39,0.59
1341,2021-01-23,LAZ,7214,2869,4345,585,6629,ITI,ITI4,12,Lazio,Lazio,5879082,853032,14.51,0.12
1342,2021-01-06,LAZ,5124,1962,3162,5124,0,ITI,ITI4,12,Lazio,Lazio,5879082,858156,14.6,0.09
1343,2021-02-25,LAZ,12679,5536,7143,11601,1078,ITI,ITI4,12,Lazio,Lazio,5879082,870835,14.81,0.22
1344,2021-06-05,LAZ,65909,32508,33401,43184,22725,ITI,ITI4,12,Lazio,Lazio,5879082,936744,15.93,1.12
1345,2021-06-26,LAZ,55779,26269,29510,25065,30714,ITI,ITI4,12,Lazio,Lazio,5879082,992523,16.88,0.95
1346,2021-04-30,LAZ,41359,18319,23040,27146,14213,ITI,ITI4,12,Lazio,Lazio,5879082,1033882,17.59,0.7
1347,2021-06-19,LAZ,60020,28077,31943,29728,30292,ITI,ITI4,12,Lazio,Lazio,5879082,1093902,18.61,1.02
1348,2021-05-07,LAZ,48216,22603,25613,30466,17750,ITI,ITI4,12,Lazio,Lazio,5879082,1142118,19.43,0.82
1349,2021-03-11,LAZ,25283,11887,13396,19053,6230,ITI,ITI4,12,Lazio,Lazio,5879082,1167401,19.86,0.43
1350,2021-03-16,LAZ,13544,5739,7805,7100,6444,ITI,ITI4,12,Lazio,Lazio,5879082,1180945,20.09,0.23
1351,2021-03-09,LAZ,21956,9910,12046,16757,5199,ITI,ITI4,12,Lazio,Lazio,5879082,1202901,20.46,0.37
1352,2021-01-11,LAZ,5542,2109,3433,5542,0,ITI,ITI4,12,Lazio,Lazio,5879082,1208443,20.55,0.09
1353,2021-02-15,LAZ,8026,3540,4486,7395,631,ITI,ITI4,12,Lazio,Lazio,5879082,1216469,20.69,0.14
1354,2021-01-29,LAZ,8043,3080,4963,813,7230,ITI,ITI4,12,Lazio,Lazio,5879082,1224512,20.83,0.14
1355,2021-02-17,LAZ,9187,4608,4579,8310,877,ITI,ITI4,12,Lazio,Lazio,5879082,1233699,20.98,0.16
1356,2021-05-28,LAZ,56840,26337,30503,43730,13110,ITI,ITI4,12,Lazio,Lazio,5879082,1290539,21.95,0.97
1357,2021-03-28,LAZ,19124,7770,11354,13814,5310,ITI,ITI4,12,Lazio,Lazio,5879082,1309663,22.28,0.33
1358,2021-06-09,LAZ,69944,33004,36940,36374,33570,ITI,ITI4,12,Lazio,Lazio,5879082,1379607,23.47,1.19
1359,2021-04-27,LAZ,30705,13860,16845,19857,10848,ITI,ITI4,12,Lazio,Lazio,5879082,1410312,23.99,0.52
1360,2021-03-01,LAZ,17115,7367,9748,13230,3885,ITI,ITI4,12,Lazio,Lazio,5879082,1427427,24.28,0.29
1361,2021-05-24,LAZ,43929,20132,23797,34169,9760,ITI,ITI4,12,Lazio,Lazio,5879082,1471356,25.03,0.75
1362,2021-01-03,LAZ,5255,1973,3282,5255,0,ITI,ITI4,12,Lazio,Lazio,5879082,1476611,25.12,0.09
1363,2021-04-13,LAZ,25757,11937,13820,18041,7716,ITI,ITI4,12,Lazio,Lazio,5879082,1502368,25.55,0.44
1364,2021-01-08,LAZ,7730,2895,4835,7730,0,ITI,ITI4,12,Lazio,Lazio,5879082,1510098,25.69,0.13
1365,2021-01-30,LAZ,7013,2895,4118,808,6205,ITI,ITI4,12,Lazio,Lazio,5879082,1517111,25.81,0.12
1366,2021-01-15,LAZ,6582,2708,3874,6582,0,ITI,ITI4,12,Lazio,Lazio,5879082,1523693,25.92,0.11
1367,2021-04-25,LAZ,24522,11249,13273,16705,7817,ITI,ITI4,12,Lazio,Lazio,5879082,1548215,26.33,0.42
1368,2021-04-06,LAZ,24388,11111,13277,17274,7114,ITI,ITI4,12,Lazio,Lazio,5879082,1572603,26.75,0.41
1369,2020-12-27,LAZ,274,132,142,274,0,ITI,ITI4,12,Lazio,Lazio,5879082,1572877,26.75,0.0
1370,2021-04-01,LAZ,29627,14034,15593,22486,7141,ITI,ITI4,12,Lazio,Lazio,5879082,1602504,27.26,0.5
1371,2021-06-23,LAZ,61781,29054,32727,28721,33060,ITI,ITI4,12,Lazio,Lazio,5879082,1664285,28.31,1.05
1372,2021-06-21,LAZ,61233,28384,32849,28860,32373,ITI,ITI4,12,Lazio,Lazio,5879082,1725518,29.35,1.04
1373,2021-03-13,LAZ,21762,8690,13072,15868,5894,ITI,ITI4,12,Lazio,Lazio,5879082,1747280,29.72,0.37
1374,2021-02-08,LAZ,9739,4152,5587,4507,5232,ITI,ITI4,12,Lazio,Lazio,5879082,1757019,29.89,0.17
1375,2021-05-02,LAZ,32636,14339,18297,23273,9363,ITI,ITI4,12,Lazio,Lazio,5879082,1789655,30.44,0.56
1376,2021-07-03,LAZ,22937,10781,12156,2395,20542,ITI,ITI4,12,Lazio,Lazio,5879082,1812592,30.83,0.39
1377,2021-02-03,LAZ,6488,2488,4000,964,5524,ITI,ITI4,12,Lazio,Lazio,5879082,1819080,30.94,0.11
1378,2021-01-20,LAZ,4809,1945,2864,3266,1543,ITI,ITI4,12,Lazio,Lazio,5879082,1823889,31.02,0.08
1379,2021-05-14,LAZ,51479,23519,27960,33163,18316,ITI,ITI4,12,Lazio,Lazio,5879082,1875368,31.9,0.88
1380,2021-03-18,LAZ,14225,6078,8147,7834,6391,ITI,ITI4,12,Lazio,Lazio,5879082,1889593,32.14,0.24
1381,2021-03-06,LAZ,18359,7084,11275,14102,4257,ITI,ITI4,12,Lazio,Lazio,5879082,1907952,32.45,0.31
1382,2021-01-31,LAZ,4460,1854,2606,477,3983,ITI,ITI4,12,Lazio,Lazio,5879082,1912412,32.53,0.08
1383,2021-05-11,LAZ,48281,22170,26111,31742,16539,ITI,ITI4,12,Lazio,Lazio,5879082,1960693,33.35,0.82
1384,2021-01-25,LAZ,8111,3246,4865,770,7341,ITI,ITI4,12,Lazio,Lazio,5879082,1968804,33.49,0.14
1385,2021-05-05,LAZ,46781,21461,25320,30951,15830,ITI,ITI4,12,Lazio,Lazio,5879082,2015585,34.28,0.8
1386,2021-03-02,LAZ,17190,7608,9582,13255,3935,ITI,ITI4,12,Lazio,Lazio,5879082,2032775,34.58,0.29
1387,2021-01-18,LAZ,6267,2557,3710,5289,978,ITI,ITI4,12,Lazio,Lazio,5879082,2039042,34.68,0.11
1388,2021-04-28,LAZ,32928,15027,17901,21357,11571,ITI,ITI4,12,Lazio,Lazio,5879082,2071970,35.24,0.56
1389,2021-03-27,LAZ,26326,10664,15662,19851,6475,ITI,ITI4,12,Lazio,Lazio,5879082,2098296,35.69,0.45
1390,2021-05-23,LAZ,47086,22842,24244,39705,7381,ITI,ITI4,12,Lazio,Lazio,5879082,2145382,36.49,0.8
1391,2021-05-09,LAZ,37541,17259,20282,26269,11272,ITI,ITI4,12,Lazio,Lazio,5879082,2182923,37.13,0.64
1392,2021-02-22,LAZ,11458,4990,6468,10956,502,ITI,ITI4,12,Lazio,Lazio,5879082,2194381,37.33,0.19
1393,2021-06-02,LAZ,43232,21481,21751,31733,11499,ITI,ITI4,12,Lazio,Lazio,5879082,2237613,38.06,0.74
1394,2021-06-11,LAZ,69058,32389,36669,36910,32148,ITI,ITI4,12,Lazio,Lazio,5879082,2306671,39.24,1.17
1395,2021-05-06,LAZ,48739,22695,26044,31192,17547,ITI,ITI4,12,Lazio,Lazio,5879082,2355410,40.06,0.83
1396,2021-01-01,LAZ,3554,1382,2172,3554,0,ITI,ITI4,12,Lazio,Lazio,5879082,2358964,40.12,0.06
1397,2021-01-10,LAZ,4043,1702,2341,4043,0,ITI,ITI4,12,Lazio,Lazio,5879082,2363007,40.19,0.07
1398,2021-06-16,LAZ,63999,30632,33367,32306,31693,ITI,ITI4,12,Lazio,Lazio,5879082,2427006,41.28,1.09
1399,2021-04-20,LAZ,31085,14276,16809,19785,11300,ITI,ITI4,12,Lazio,Lazio,5879082,2458091,41.81,0.53
1400,2021-03-08,LAZ,20863,9046,11817,15590,5273,ITI,ITI4,12,Lazio,Lazio,5879082,2478954,42.17,0.35
1401,2021-04-22,LAZ,38871,19228,19643,24251,14620,ITI,ITI4,12,Lazio,Lazio,5879082,2517825,42.83,0.66
1402,2021-03-10,LAZ,23330,10652,12678,17683,5647,ITI,ITI4,12,Lazio,Lazio,5879082,2541155,43.22,0.4
1403,2021-01-12,LAZ,5413,1981,3432,5413,0,ITI,ITI4,12,Lazio,Lazio,5879082,2546568,43.32,0.09
1404,2021-06-18,LAZ,63737,30618,33119,30708,33029,ITI,ITI4,12,Lazio,Lazio,5879082,2610305,44.4,1.08
1405,2021-03-20,LAZ,19106,7566,11540,13221,5885,ITI,ITI4,12,Lazio,Lazio,5879082,2629411,44.72,0.32
1406,2021-06-30,LAZ,62000,29011,32989,30129,31871,ITI,ITI4,12,Lazio,Lazio,5879082,2691411,45.78,1.05
1407,2021-04-08,LAZ,26733,12243,14490,19036,7697,ITI,ITI4,12,Lazio,Lazio,5879082,2718144,46.23,0.45
1408,2021-07-02,LAZ,47015,22356,24659,6562,40453,ITI,ITI4,12,Lazio,Lazio,5879082,2765159,47.03,0.8
1409,2021-04-15,LAZ,31939,14310,17629,21126,10813,ITI,ITI4,12,Lazio,Lazio,5879082,2797098,47.58,0.54
1410,2021-02-10,LAZ,8191,3402,4789,4849,3342,ITI,ITI4,12,Lazio,Lazio,5879082,2805289,47.72,0.14
1411,2021-05-21,LAZ,51806,24861,26945,37857,13949,ITI,ITI4,12,Lazio,Lazio,5879082,2857095,48.6,0.88
1412,2021-06-04,LAZ,61366,29890,31476,43740,17626,ITI,ITI4,12,Lazio,Lazio,5879082,2918461,49.64,1.04
1413,2021-05-04,LAZ,39868,18342,21526,26348,13520,ITI,ITI4,12,Lazio,Lazio,5879082,2958329,50.32,0.68
1414,2021-02-24,LAZ,12049,5209,6840,11055,994,ITI,ITI4,12,Lazio,Lazio,5879082,2970378,50.52,0.2
1415,2021-03-29,LAZ,25216,11896,13320,18179,7037,ITI,ITI4,12,Lazio,Lazio,5879082,2995594,50.95,0.43
1416,2021-04-24,LAZ,33420,15076,18344,20646,12774,ITI,ITI4,12,Lazio,Lazio,5879082,3029014,51.52,0.57
1417,2021-05-30,LAZ,41177,17621,23556,33824,7353,ITI,ITI4,12,Lazio,Lazio,5879082,3070191,52.22,0.7
1418,2021-05-13,LAZ,50117,22517,27600,32335,17782,ITI,ITI4,12,Lazio,Lazio,5879082,3120308,53.07,0.85
1419,2021-06-29,LAZ,59079,28044,31035,28171,30908,ITI,ITI4,12,Lazio,Lazio,5879082,3179387,54.08,1.0
1420,2021-03-25,LAZ,28997,13357,15640,22390,6607,ITI,ITI4,12,Lazio,Lazio,5879082,3208384,54.57,0.49
1421,2021-01-27,LAZ,6116,2389,3727,999,5117,ITI,ITI4,12,Lazio,Lazio,5879082,3214500,54.68,0.1
1422,2021-06-01,LAZ,48773,23536,25237,30288,18485,ITI,ITI4,12,Lazio,Lazio,5879082,3263273,55.51,0.83
1423,2021-04-05,LAZ,19844,9063,10781,13663,6181,ITI,ITI4,12,Lazio,Lazio,5879082,3283117,55.84,0.34
1424,2021-05-25,LAZ,47418,22233,25185,35756,11662,ITI,ITI4,12,Lazio,Lazio,5879082,3330535,56.65,0.81
1425,2021-05-16,LAZ,50929,24522,26407,37443,13486,ITI,ITI4,12,Lazio,Lazio,5879082,3381464,57.52,0.87
1426,2021-06-28,LAZ,58332,27766,30566,27796,30536,ITI,ITI4,12,Lazio,Lazio,5879082,3439796,58.51,0.99
1427,2021-02-12,LAZ,6848,2849,3999,6432,416,ITI,ITI4,12,Lazio,Lazio,5879082,3446644,58.63,0.12
1428,2021-03-22,LAZ,23160,10390,12770,16486,6674,ITI,ITI4,12,Lazio,Lazio,5879082,3469804,59.02,0.39
1429,2020-12-29,LAZ,488,176,312,488,0,ITI,ITI4,12,Lazio,Lazio,5879082,3470292,59.03,0.01
1430,2021-06-13,LAZ,52559,23273,29286,27735,24824,ITI,ITI4,12,Lazio,Lazio,5879082,3522851,59.92,0.89
1431,2021-03-07,LAZ,14133,5466,8667,10540,3593,ITI,ITI4,12,Lazio,Lazio,5879082,3536984,60.16,0.24
1432,2021-06-15,LAZ,65377,31505,33872,33453,31924,ITI,ITI4,12,Lazio,Lazio,5879082,3602361,61.27,1.11
1433,2021-03-24,LAZ,27646,12899,14747,21409,6237,ITI,ITI4,12,Lazio,Lazio,5879082,3630007,61.74,0.47
1434,2021-05-29,LAZ,51945,23346,28599,40973,10972,ITI,ITI4,12,Lazio,Lazio,5879082,3681952,62.63,0.88
1435,2021-01-17,LAZ,4893,2027,2866,4681,212,ITI,ITI4,12,Lazio,Lazio,5879082,3686845,62.71,0.08
1436,2021-01-19,LAZ,4770,1956,2814,4316,454,ITI,ITI4,12,Lazio,Lazio,5879082,3691615,62.79,0.08
1437,2021-04-29,LAZ,38662,17248,21414,25427,13235,ITI,ITI4,12,Lazio,Lazio,5879082,3730277,63.45,0.66
1438,2021-03-03,LAZ,17856,7865,9991,13562,4294,ITI,ITI4,12,Lazio,Lazio,5879082,3748133,63.75,0.3
1439,2021-01-26,LAZ,7962,3128,4834,725,7237,ITI,ITI4,12,Lazio,Lazio,5879082,3756095,63.89,0.14
1440,2021-04-02,LAZ,29306,14012,15294,21969,7337,ITI,ITI4,12,Lazio,Lazio,5879082,3785401,64.39,0.5
1441,2021-03-17,LAZ,13811,5914,7897,7555,6256,ITI,ITI4,12,Lazio,Lazio,5879082,3799212,64.62,0.23
1442,2021-06-25,LAZ,61648,29483,32165,28348,33300,ITI,ITI4,12,Lazio,Lazio,5879082,3860860,65.67,1.05
1443,2021-06-27,LAZ,47002,21462,25540,21021,25981,ITI,ITI4,12,Lazio,Lazio,5879082,3907862,66.47,0.8
1444,2021-01-14,LAZ,5488,2145,3343,5488,0,ITI,ITI4,12,Lazio,Lazio,5879082,3913350,66.56,0.09
1445,2021-04-07,LAZ,25730,11932,13798,18417,7313,ITI,ITI4,12,Lazio,Lazio,5879082,3939080,67.0,0.44
1446,2020-12-28,LAZ,959,412,547,959,0,ITI,ITI4,12,Lazio,Lazio,5879082,3940039,67.02,0.02
1447,2021-01-16,LAZ,5645,2281,3364,5645,0,ITI,ITI4,12,Lazio,Lazio,5879082,3945684,67.11,0.1
1448,2021-04-26,LAZ,29235,13458,15777,20031,9204,ITI,ITI4,12,Lazio,Lazio,5879082,3974919,67.61,0.5
1449,2021-02-02,LAZ,5911,2213,3698,639,5272,ITI,ITI4,12,Lazio,Lazio,5879082,3980830,67.71,0.1
1450,2021-03-15,LAZ,20863,9757,11106,14120,6743,ITI,ITI4,12,Lazio,Lazio,5879082,4001693,68.07,0.35
1451,2021-01-05,LAZ,7375,2803,4572,7375,0,ITI,ITI4,12,Lazio,Lazio,5879082,4009068,68.19,0.13
1452,2021-01-24,LAZ,5695,2229,3466,612,5083,ITI,ITI4,12,Lazio,Lazio,5879082,4014763,68.29,0.1
1453,2021-02-07,LAZ,4944,2026,2918,387,4557,ITI,ITI4,12,Lazio,Lazio,5879082,4019707,68.37,0.08
1454,2021-05-18,LAZ,44921,20541,24380,35378,9543,ITI,ITI4,12,Lazio,Lazio,5879082,4064628,69.14,0.76
1455,2020-12-31,LAZ,5293,2121,3172,5293,0,ITI,ITI4,12,Lazio,Lazio,5879082,4069921,69.23,0.09
1456,2021-04-10,LAZ,23925,10408,13517,16735,7190,ITI,ITI4,12,Lazio,Lazio,5879082,4093846,69.63,0.41
1457,2021-02-05,LAZ,7309,2979,4330,1210,6099,ITI,ITI4,12,Lazio,Lazio,5879082,4101155,69.76,0.12
1458,2021-04-03,LAZ,24783,11183,13600,18083,6700,ITI,ITI4,12,Lazio,Lazio,5879082,4125938,70.18,0.42
1459,2021-04-12,LAZ,23845,10748,13097,16945,6900,ITI,ITI4,12,Lazio,Lazio,5879082,4149783,70.59,0.41
1460,2021-06-08,LAZ,66283,31565,34718,36535,29748,ITI,ITI4,12,Lazio,Lazio,5879082,4216066,71.71,1.13
1461,2021-01-09,LAZ,6298,2562,3736,6298,0,ITI,ITI4,12,Lazio,Lazio,5879082,4222364,71.82,0.11
1462,2021-04-19,LAZ,30102,13680,16422,19421,10681,ITI,ITI4,12,Lazio,Lazio,5879082,4252466,72.33,0.51
1463,2021-02-21,LAZ,6989,3180,3809,6526,463,ITI,ITI4,12,Lazio,Lazio,5879082,4259455,72.45,0.12
1464,2021-05-10,LAZ,44437,20305,24132,31022,13415,ITI,ITI4,12,Lazio,Lazio,5879082,4303892,73.21,0.76
1465,2021-05-27,LAZ,58099,26964,31135,44411,13688,ITI,ITI4,12,Lazio,Lazio,5879082,4361991,74.2,0.99
1466,2021-03-05,LAZ,19565,8667,10898,14832,4733,ITI,ITI4,12,Lazio,Lazio,5879082,4381556,74.53,0.33
1467,2021-02-16,LAZ,8360,4035,4325,7753,607,ITI,ITI4,12,Lazio,Lazio,5879082,4389916,74.67,0.14
1468,2021-02-04,LAZ,6336,2505,3831,1021,5315,ITI,ITI4,12,Lazio,Lazio,5879082,4396252,74.78,0.11
1469,2021-05-22,LAZ,55100,26992,28108,44419,10681,ITI,ITI4,12,Lazio,Lazio,5879082,4451352,75.72,0.94
1470,2021-05-15,LAZ,57335,27393,29942,40824,16511,ITI,ITI4,12,Lazio,Lazio,5879082,4508687,76.69,0.98
1471,2021-03-19,LAZ,17416,7537,9879,11088,6328,ITI,ITI4,12,Lazio,Lazio,5879082,4526103,76.99,0.3
1472,2021-02-19,LAZ,10043,5078,4965,9212,831,ITI,ITI4,12,Lazio,Lazio,5879082,4536146,77.16,0.17
1473,2021-06-17,LAZ,66350,31822,34528,32190,34160,ITI,ITI4,12,Lazio,Lazio,5879082,4602496,78.29,1.13
1474,2021-04-21,LAZ,33038,15014,18024,20663,12375,ITI,ITI4,12,Lazio,Lazio,5879082,4635534,78.85,0.56
1475,2021-06-03,LAZ,56317,28486,27831,38632,17685,ITI,ITI4,12,Lazio,Lazio,5879082,4691851,79.81,0.96
1476,2021-06-10,LAZ,71309,33585,37724,37664,33645,ITI,ITI4,12,Lazio,Lazio,5879082,4763160,81.02,1.21
1477,2021-04-14,LAZ,29304,13280,16024,19181,10123,ITI,ITI4,12,Lazio,Lazio,5879082,4792464,81.52,0.5
1478,2021-01-28,LAZ,8279,3165,5114,782,7497,ITI,ITI4,12,Lazio,Lazio,5879082,4800743,81.66,0.14
1479,2021-05-08,LAZ,45432,20738,24694,30024,15408,ITI,ITI4,12,Lazio,Lazio,5879082,4846175,82.43,0.77
1480,2021-03-26,LAZ,29973,13788,16185,23127,6846,ITI,ITI4,12,Lazio,Lazio,5879082,4876148,82.94,0.51
1481,2021-05-03,LAZ,39224,17708,21516,26617,12607,ITI,ITI4,12,Lazio,Lazio,5879082,4915372,83.61,0.67
1482,2021-06-22,LAZ,62040,28572,33468,29085,32955,ITI,ITI4,12,Lazio,Lazio,5879082,4977412,84.66,1.06
1483,2021-03-14,LAZ,17238,6752,10486,12084,5154,ITI,ITI4,12,Lazio,Lazio,5879082,4994650,84.96,0.29
1484,2021-02-14,LAZ,5777,2372,3405,5306,471,ITI,ITI4,12,Lazio,Lazio,5879082,5000427,85.05,0.1
1485,2021-02-28,LAZ,10263,4017,6246,9748,515,ITI,ITI4,12,Lazio,Lazio,5879082,5010690,85.23,0.17
1486,2021-01-02,LAZ,6708,2631,4077,6708,0,ITI,ITI4,12,Lazio,Lazio,5879082,5017398,85.34,0.11
1487,2021-01-22,LAZ,4006,1636,2370,491,3515,ITI,ITI4,12,Lazio,Lazio,5879082,5021404,85.41,0.07
1488,2021-02-27,LAZ,11449,4285,7164,10471,978,ITI,ITI4,12,Lazio,Lazio,5879082,5032853,85.61,0.19
1489,2021-05-20,LAZ,51501,24755,26746,37779,13722,ITI,ITI4,12,Lazio,Lazio,5879082,5084354,86.48,0.88
1490,2021-06-20,LAZ,49225,22419,26806,24333,24892,ITI,ITI4,12,Lazio,Lazio,5879082,5133579,87.32,0.84
1491,2021-06-06,LAZ,57912,27912,30000,35414,22498,ITI,ITI4,12,Lazio,Lazio,5879082,5191491,88.3,0.99
1492,2021-02-26,LAZ,13119,5728,7391,11724,1395,ITI,ITI4,12,Lazio,Lazio,5879082,5204610,88.53,0.22
1493,2021-05-01,LAZ,37952,17083,20869,25989,11963,ITI,ITI4,12,Lazio,Lazio,5879082,5242562,89.17,0.65
1494,2021-04-17,LAZ,32363,14204,18159,20388,11975,ITI,ITI4,12,Lazio,Lazio,5879082,5274925,89.72,0.55
1495,2021-03-12,LAZ,23903,11000,12903,17586,6317,ITI,ITI4,12,Lazio,Lazio,5879082,5298828,90.13,0.41
1496,2021-02-09,LAZ,8802,3770,5032,4581,4221,ITI,ITI4,12,Lazio,Lazio,5879082,5307630,90.28,0.15
1497,2021-02-23,LAZ,11094,4784,6310,10330,764,ITI,ITI4,12,Lazio,Lazio,5879082,5318724,90.47,0.19
1498,2021-01-21,LAZ,5603,2348,3255,550,5053,ITI,ITI4,12,Lazio,Lazio,5879082,5324327,90.56,0.1
1499,2021-03-31,LAZ,27622,13323,14299,20526,7096,ITI,ITI4,12,Lazio,Lazio,5879082,5351949,91.03,0.47
1500,2021-01-07,LAZ,7752,2904,4848,7752,0,ITI,ITI4,12,Lazio,Lazio,5879082,5359701,91.17,0.13
1501,2021-01-30,FVG,2277,745,1532,270,2007,ITH,ITH4,6,Friuli-Venezia Giulia,Friuli Venezia Giulia,1215220,2277,0.19,0.19
1502,2021-06-26,FVG,9493,4835,4658,3356,6137,ITH,ITH4,6,Friuli-Venezia Giulia,Friuli Venezia Giulia,1215220,11770,0.97,0.78
1503,2021-04-21,FVG,7754,3458,4296,4074,3680,ITH,ITH4,6,Friuli-Venezia Giulia,Friuli Venezia Giulia,1215220,19524,1.61,0.64
1504,2021-01-11,FVG,1882,608,1274,1882,0,ITH,ITH4,6,Friuli-Venezia Giulia,Friuli Venezia Giulia,1215220,21406,1.76,0.15
1505,2021-05-24,FVG,11417,5523,5894,7801,3616,ITH,ITH4,6,Friuli-Venezia Giulia,Friuli Venezia Giulia,1215220,32823,2.7,0.94
1506,2021-02-13,FVG,566,179,387,560,6,ITH,ITH4,6,Friuli-Venezia Giulia,Friuli Venezia Giulia,1215220,33389,2.75,0.05
1507,2021-03-02,FVG,4220,1519,2701,2721,1499,ITH,ITH4,6,Friuli-Venezia Giulia,Friuli Venezia Giulia,1215220,37609,3.09,0.35
1508,2021-03-04,FVG,3451,1597,1854,2792,659,ITH,ITH4,6,Friuli-Venezia Giulia,Friuli Venezia Giulia,1215220,41060,3.38,0.28
1509,2021-06-12,FVG,8076,4631,3445,6918,1158,ITH,ITH4,6,Friuli-Venezia Giulia,Friuli Venezia Giulia,1215220,49136,4.04,0.66
1510,2021-03-21,FVG,2672,1000,1672,2263,409,ITH,ITH4,6,Friuli-Venezia Giulia,Friuli Venezia Giulia,1215220,51808,4.26,0.22
1511,2021-04-28,FVG,7285,3219,4066,3797,3488,ITH,ITH4,6,Friuli-Venezia Giulia,Friuli Venezia Giulia,1215220,59093,4.86,0.6
1512,2021-01-23,FVG,816,324,492,4,812,ITH,ITH4,6,Friuli-Venezia Giulia,Friuli Venezia Giulia,1215220,59909,4.93,0.07
1513,2021-05-05,FVG,9757,4262,5495,6289,3468,ITH,ITH4,6,Friuli-Venezia Giulia,Friuli Venezia Giulia,1215220,69666,5.73,0.8
1514,2021-01-25,FVG,1583,567,1016,194,1389,ITH,ITH4,6,Friuli-Venezia Giulia,Friuli Venezia Giulia,1215220,71249,5.86,0.13
1515,2021-07-01,FVG,11524,5976,5548,2624,8900,ITH,ITH4,6,Friuli-Venezia Giulia,Friuli Venezia Giulia,1215220,82773,6.81,0.95
1516,2021-03-23,FVG,3887,1681,2206,1746,2141,ITH,ITH4,6,Friuli-Venezia Giulia,Friuli Venezia Giulia,1215220,86660,7.13,0.32
1517,2021-06-24,FVG,10802,5472,5330,1901,8901,ITH,ITH4,6,Friuli-Venezia Giulia,Friuli Venezia Giulia,1215220,97462,8.02,0.89
1518,2021-03-16,FVG,3155,1288,1867,1074,2081,ITH,ITH4,6,Friuli-Venezia Giulia,Friuli Venezia Giulia,1215220,100617,8.28,0.26
1519,2021-05-12,FVG,10867,5034,5833,9460,1407,ITH,ITH4,6,Friuli-Venezia Giulia,Friuli Venezia Giulia,1215220,111484,9.17,0.89
1520,2021-05-19,FVG,12036,5934,6102,9692,2344,ITH,ITH4,6,Friuli-Venezia Giulia,Friuli Venezia Giulia,1215220,123520,10.16,0.99
1521,2021-02-04,FVG,2725,808,1917,35,2690,ITH,ITH4,6,Friuli-Venezia Giulia,Friuli Venezia Giulia,1215220,126245,10.39,0.22
1522,2021-04-30,FVG,7333,3236,4097,3696,3637,ITH,ITH4,6,Friuli-Venezia Giulia,Friuli Venezia Giulia,1215220,133578,10.99,0.6
1523,2021-03-28,FVG,4937,2354,2583,4779,158,ITH,ITH4,6,Friuli-Venezia Giulia,Friuli Venezia Giulia,1215220,138515,11.4,0.41
1524,2021-01-18,FVG,1961,606,1355,1867,94,ITH,ITH4,6,Friuli-Venezia Giulia,Friuli Venezia Giulia,1215220,140476,11.56,0.16
1525,2021-01-04,FVG,1507,558,949,1507,0,ITH,ITH4,6,Friuli-Venezia Giulia,Friuli Venezia Giulia,1215220,141983,11.68,0.12
1526,2021-02-06,FVG,1154,338,816,22,1132,ITH,ITH4,6,Friuli-Venezia Giulia,Friuli Venezia Giulia,1215220,143137,11.78,0.09
1527,2021-02-23,FVG,2644,1278,1366,2464,180,ITH,ITH4,6,Friuli-Venezia Giulia,Friuli Venezia Giulia,1215220,145781,12.0,0.22
1528,2021-05-17,FVG,8804,4086,4718,6319,2485,ITH,ITH4,6,Friuli-Venezia Giulia,Friuli Venezia Giulia,1215220,154585,12.72,0.72
1529,2021-03-09,FVG,4009,1722,2287,1262,2747,ITH,ITH4,6,Friuli-Venezia Giulia,Friuli Venezia Giulia,1215220,158594,13.05,0.33
1530,2021-04-11,FVG,3433,1520,1913,2527,906,ITH,ITH4,6,Friuli-Venezia Giulia,Friuli Venezia Giulia,1215220,162027,13.33,0.28
1531,2021-06-07,FVG,9128,4736,4392,8162,966,ITH,ITH4,6,Friuli-Venezia Giulia,Friuli Venezia Giulia,1215220,171155,14.08,0.75
1532,2021-05-31,FVG,8876,4410,4466,6706,2170,ITH,ITH4,6,Friuli-Venezia Giulia,Friuli Venezia Giulia,1215220,180031,14.81,0.73
1533,2021-02-18,FVG,3218,1492,1726,2811,407,ITH,ITH4,6,Friuli-Venezia Giulia,Friuli Venezia Giulia,1215220,183249,15.08,0.26
1534,2021-04-02,FVG,6594,2926,3668,4756,1838,ITH,ITH4,6,Friuli-Venezia Giulia,Friuli Venezia Giulia,1215220,189843,15.62,0.54
1535,2021-04-16,FVG,6950,3020,3930,5025,1925,ITH,ITH4,6,Friuli-Venezia Giulia,Friuli Venezia Giulia,1215220,196793,16.19,0.57
1536,2021-01-06,FVG,710,264,446,710,0,ITH,ITH4,6,Friuli-Venezia Giulia,Friuli Venezia Giulia,1215220,197503,16.25,0.06
1537,2021-04-23,FVG,7467,3377,4090,3602,3865,ITH,ITH4,6,Friuli-Venezia Giulia,Friuli Venezia Giulia,1215220,204970,16.87,0.61
1538,2021-06-09,FVG,11157,5874,5283,9773,1384,ITH,ITH4,6,Friuli-Venezia Giulia,Friuli Venezia Giulia,1215220,216127,17.79,0.92
1539,2021-03-01,FVG,2957,1041,1916,2905,52,ITH,ITH4,6,Friuli-Venezia Giulia,Friuli Venezia Giulia,1215220,219084,18.03,0.24
1540,2021-03-18,FVG,3372,1421,1951,1691,1681,ITH,ITH4,6,Friuli-Venezia Giulia,Friuli Venezia Giulia,1215220,222456,18.31,0.28
1541,2021-01-16,FVG,1230,360,870,1230,0,ITH,ITH4,6,Friuli-Venezia Giulia,Friuli Venezia Giulia,1215220,223686,18.41,0.1
1542,2021-03-25,FVG,5528,2420,3108,3392,2136,ITH,ITH4,6,Friuli-Venezia Giulia,Friuli Venezia Giulia,1215220,229214,18.86,0.45
1543,2021-03-30,FVG,7222,3251,3971,6299,923,ITH,ITH4,6,Friuli-Venezia Giulia,Friuli Venezia Giulia,1215220,236436,19.46,0.59
1544,2021-03-14,FVG,1398,550,848,1146,252,ITH,ITH4,6,Friuli-Venezia Giulia,Friuli Venezia Giulia,1215220,237834,19.57,0.12
1545,2021-04-08,FVG,7439,3210,4229,5517,1922,ITH,ITH4,6,Friuli-Venezia Giulia,Friuli Venezia Giulia,1215220,245273,20.18,0.61
1546,2021-05-21,FVG,11200,5010,6190,8233,2967,ITH,ITH4,6,Friuli-Venezia Giulia,Friuli Venezia Giulia,1215220,256473,21.11,0.92
1547,2021-02-10,FVG,1352,496,856,1266,86,ITH,ITH4,6,Friuli-Venezia Giulia,Friuli Venezia Giulia,1215220,257825,21.22,0.11
1548,2021-02-01,FVG,2097,688,1409,16,2081,ITH,ITH4,6,Friuli-Venezia Giulia,Friuli Venezia Giulia,1215220,259922,21.39,0.17
1549,2021-05-14,FVG,10749,5353,5396,8160,2589,ITH,ITH4,6,Friuli-Venezia Giulia,Friuli Venezia Giulia,1215220,270671,22.27,0.88
1550,2021-02-03,FVG,2647,791,1856,23,2624,ITH,ITH4,6,Friuli-Venezia Giulia,Friuli Venezia Giulia,1215220,273318,22.49,0.22
1551,2021-01-27,FVG,1272,425,847,450,822,ITH,ITH4,6,Friuli-Venezia Giulia,Friuli Venezia Giulia,1215220,274590,22.6,0.1
1552,2021-05-07,FVG,10608,4852,5756,7099,3509,ITH,ITH4,6,Friuli-Venezia Giulia,Friuli Venezia Giulia,1215220,285198,23.47,0.87
1553,2021-05-09,FVG,7355,3301,4054,3498,3857,ITH,ITH4,6,Friuli-Venezia Giulia,Friuli Venezia Giulia,1215220,292553,24.07,0.61
1554,2021-05-26,FVG,13416,6700,6716,9983,3433,ITH,ITH4,6,Friuli-Venezia Giulia,Friuli Venezia Giulia,1215220,305969,25.18,1.1
1555,2021-02-15,FVG,2454,911,1543,2200,254,ITH,ITH4,6,Friuli-Venezia Giulia,Friuli Venezia Giulia,1215220,308423,25.38,0.2
1556,2021-06-04,FVG,12035,6180,5855,10651,1384,ITH,ITH4,6,Friuli-Venezia Giulia,Friuli Venezia Giulia,1215220,320458,26.37,0.99
1557,2021-06-21,FVG,9048,4413,4635,1826,7222,ITH,ITH4,6,Friuli-Venezia Giulia,Friuli Venezia Giulia,1215220,329506,27.11,0.74
1558,2021-03-13,FVG,2942,1124,1818,1670,1272,ITH,ITH4,6,Friuli-Venezia Giulia,Friuli Venezia Giulia,1215220,332448,27.36,0.24
1559,2021-06-19,FVG,8412,4383,4029,1296,7116,ITH,ITH4,6,Friuli-Venezia Giulia,Friuli Venezia Giulia,1215220,340860,28.05,0.69
1560,2021-03-11,FVG,3475,1516,1959,1724,1751,ITH,ITH4,6,Friuli-Venezia Giulia,Friuli Venezia Giulia,1215220,344335,28.34,0.29
1561,2021-04-13,FVG,7364,3288,4076,5761,1603,ITH,ITH4,6,Friuli-Venezia Giulia,Friuli Venezia Giulia,1215220,351699,28.94,0.61
1562,2021-01-03,FVG,312,122,190,312,0,ITH,ITH4,6,Friuli-Venezia Giulia,Friuli Venezia Giulia,1215220,352011,28.97,0.03
1563,2021-01-20,FVG,748,320,428,13,735,ITH,ITH4,6,Friuli-Venezia Giulia,Friuli Venezia Giulia,1215220,352759,29.03,0.06
1564,2021-02-27,FVG,3530,1200,2330,3529,1,ITH,ITH4,6,Friuli-Venezia Giulia,Friuli Venezia Giulia,1215220,356289,29.32,0.29
1565,2021-04-25,FVG,2365,990,1375,2354,11,ITH,ITH4,6,Friuli-Venezia Giulia,Friuli Venezia Giulia,1215220,358654,29.51,0.19
1566,2021-01-15,FVG,2021,605,1416,2021,0,ITH,ITH4,6,Friuli-Venezia Giulia,Friuli Venezia Giulia,1215220,360675,29.68,0.17
1567,2021-04-18,FVG,6038,2800,3238,5631,407,ITH,ITH4,6,Friuli-Venezia Giulia,Friuli Venezia Giulia,1215220,366713,30.18,0.5
1568,2021-06-28,FVG,9653,4836,4817,2056,7597,ITH,ITH4,6,Friuli-Venezia Giulia,Friuli Venezia Giulia,1215220,376366,30.97,0.79
1569,2021-03-20,FVG,3401,1409,1992,1310,2091,ITH,ITH4,6,Friuli-Venezia Giulia,Friuli Venezia Giulia,1215220,379767,31.25,0.28
1570,2021-01-13,FVG,2650,834,1816,2650,0,ITH,ITH4,6,Friuli-Venezia Giulia,Friuli Venezia Giulia,1215220,382417,31.47,0.22
1571,2021-04-06,FVG,6665,3123,3542,5515,1150,ITH,ITH4,6,Friuli-Venezia Giulia,Friuli Venezia Giulia,1215220,389082,32.02,0.55
1572,2020-12-27,FVG,262,149,113,262,0,ITH,ITH4,6,Friuli-Venezia Giulia,Friuli Venezia Giulia,1215220,389344,32.04,0.02
1573,2021-02-11,FVG,1930,664,1266,1738,192,ITH,ITH4,6,Friuli-Venezia Giulia,Friuli Venezia Giulia,1215220,391274,32.2,0.16
1574,2021-04-09,FVG,7913,3657,4256,6667,1246,ITH,ITH4,6,Friuli-Venezia Giulia,Friuli Venezia Giulia,1215220,399187,32.85,0.65
1575,2020-12-30,FVG,626,244,382,626,0,ITH,ITH4,6,Friuli-Venezia Giulia,Friuli Venezia Giulia,1215220,399813,32.9,0.05
1576,2021-06-05,FVG,10288,5317,4971,8740,1548,ITH,ITH4,6,Friuli-Venezia Giulia,Friuli Venezia Giulia,1215220,410101,33.75,0.85
1577,2021-02-25,FVG,3165,1652,1513,3136,29,ITH,ITH4,6,Friuli-Venezia Giulia,Friuli Venezia Giulia,1215220,413266,34.01,0.26
1578,2021-06-16,FVG,12064,5857,6207,4064,8000,ITH,ITH4,6,Friuli-Venezia Giulia,Friuli Venezia Giulia,1215220,425330,35.0,0.99
1579,2021-04-01,FVG,6391,3052,3339,5376,1015,ITH,ITH4,6,Friuli-Venezia Giulia,Friuli Venezia Giulia,1215220,431721,35.53,0.53
1580,2021-05-28,FVG,10529,5040,5489,6421,4108,ITH,ITH4,6,Friuli-Venezia Giulia,Friuli Venezia Giulia,1215220,442250,36.39,0.87
1581,2021-02-19,FVG,3252,1290,1962,2825,427,ITH,ITH4,6,Friuli-Venezia Giulia,Friuli Venezia Giulia,1215220,445502,36.66,0.27
1582,2021-02-08,FVG,2357,694,1663,92,2265,ITH,ITH4,6,Friuli-Venezia Giulia,Friuli Venezia Giulia,1215220,447859,36.85,0.19
1583,2021-06-13,FVG,8646,4501,4145,5325,3321,ITH,ITH4,6,Friuli-Venezia Giulia,Friuli Venezia Giulia,1215220,456505,37.57,0.71
1584,2021-04-17,FVG,7453,3235,4218,5970,1483,ITH,ITH4,6,Friuli-Venezia Giulia,Friuli Venezia Giulia,1215220,463958,38.18,0.61
1585,2021-04-20,FVG,7114,3062,4052,3209,3905,ITH,ITH4,6,Friuli-Venezia Giulia,Friuli Venezia Giulia,1215220,471072,38.76,0.59
1586,2021-01-10,FVG,2940,918,2022,2940,0,ITH,ITH4,6,Friuli-Venezia Giulia,Friuli Venezia Giulia,1215220,474012,39.01,0.24
1587,2021-04-05,FVG,2895,1438,1457,2880,15,ITH,ITH4,6,Friuli-Venezia Giulia,Friuli Venezia Giulia,1215220,476907,39.24,0.24
1588,2021-01-12,FVG,2260,713,1547,2260,0,ITH,ITH4,6,Friuli-Venezia Giulia,Friuli Venezia Giulia,1215220,479167,39.43,0.19
1589,2021-01-29,FVG,2412,813,1599,264,2148,ITH,ITH4,6,Friuli-Venezia Giulia,Friuli Venezia Giulia,1215220,481579,39.63,0.2
1590,2021-04-22,FVG,6781,3084,3697,3093,3688,ITH,ITH4,6,Friuli-Venezia Giulia,Friuli Venezia Giulia,1215220,488360,40.19,0.56
1591,2021-05-02,FVG,6898,3248,3650,3939,2959,ITH,ITH4,6,Friuli-Venezia Giulia,Friuli Venezia Giulia,1215220,495258,40.75,0.57
1592,2021-05-16,FVG,9987,4779,5208,8588,1399,ITH,ITH4,6,Friuli-Venezia Giulia,Friuli Venezia Giulia,1215220,505245,41.58,0.82
1593,2021-06-18,FVG,10490,5121,5369,3232,7258,ITH,ITH4,6,Friuli-Venezia Giulia,Friuli Venezia Giulia,1215220,515735,42.44,0.86
1594,2021-03-10,FVG,3584,1696,1888,1790,1794,ITH,ITH4,6,Friuli-Venezia Giulia,Friuli Venezia Giulia,1215220,519319,42.73,0.29
1595,2021-02-24,FVG,2523,1087,1436,2505,18,ITH,ITH4,6,Friuli-Venezia Giulia,Friuli Venezia Giulia,1215220,521842,42.94,0.21
1596,2021-02-12,FVG,1193,428,765,1146,47,ITH,ITH4,6,Friuli-Venezia Giulia,Friuli Venezia Giulia,1215220,523035,43.04,0.1
1597,2021-05-25,FVG,12898,6377,6521,9586,3312,ITH,ITH4,6,Friuli-Venezia Giulia,Friuli Venezia Giulia,1215220,535933,44.1,1.06
1598,2021-06-11,FVG,10556,5763,4793,9757,799,ITH,ITH4,6,Friuli-Venezia Giulia,Friuli Venezia Giulia,1215220,546489,44.97,0.87
1599,2021-03-03,FVG,3645,1633,2012,2371,1274,ITH,ITH4,6,Friuli-Venezia Giulia,Friuli Venezia Giulia,1215220,550134,45.27,0.3
1600,2021-05-27,FVG,12814,6133,6681,7587,5227,ITH,ITH4,6,Friuli-Venezia Giulia,Friuli Venezia Giulia,1215220,562948,46.32,1.05
1601,2021-01-08,FVG,2321,746,1575,2321,0,ITH,ITH4,6,Friuli-Venezia Giulia,Friuli Venezia Giulia,1215220,565269,46.52,0.19
1602,2021-06-14,FVG,10031,4841,5190,5230,4801,ITH,ITH4,6,Friuli-Venezia Giulia,Friuli Venezia Giulia,1215220,575300,47.34,0.83
1603,2021-02-20,FVG,2068,933,1135,1924,144,ITH,ITH4,6,Friuli-Venezia Giulia,Friuli Venezia Giulia,1215220,577368,47.51,0.17
1604,2021-01-22,FVG,90,30,60,0,90,ITH,ITH4,6,Friuli-Venezia Giulia,Friuli Venezia Giulia,1215220,577458,47.52,0.01
1605,2021-03-06,FVG,3500,1196,2304,3175,325,ITH,ITH4,6,Friuli-Venezia Giulia,Friuli Venezia Giulia,1215220,580958,47.81,0.29
1606,2021-05-06,FVG,11889,5523,6366,7922,3967,ITH,ITH4,6,Friuli-Venezia Giulia,Friuli Venezia Giulia,1215220,592847,48.79,0.98
1607,2021-07-02,FVG,10030,5146,4884,1961,8069,ITH,ITH4,6,Friuli-Venezia Giulia,Friuli Venezia Giulia,1215220,602877,49.61,0.83
1608,2021-06-23,FVG,11929,5772,6157,2051,9878,ITH,ITH4,6,Friuli-Venezia Giulia,Friuli Venezia Giulia,1215220,614806,50.59,0.98
1609,2021-04-27,FVG,8101,3718,4383,3626,4475,ITH,ITH4,6,Friuli-Venezia Giulia,Friuli Venezia Giulia,1215220,622907,51.26,0.67
1610,2021-05-04,FVG,9536,4298,5238,6182,3354,ITH,ITH4,6,Friuli-Venezia Giulia,Friuli Venezia Giulia,1215220,632443,52.04,0.78
1611,2021-01-24,FVG,305,119,186,1,304,ITH,ITH4,6,Friuli-Venezia Giulia,Friuli Venezia Giulia,1215220,632748,52.07,0.03
1612,2021-06-30,FVG,12594,6416,6178,1445,11149,ITH,ITH4,6,Friuli-Venezia Giulia,Friuli Venezia Giulia,1215220,645342,53.1,1.04
1613,2021-03-08,FVG,4120,1642,2478,2034,2086,ITH,ITH4,6,Friuli-Venezia Giulia,Friuli Venezia Giulia,1215220,649462,53.44,0.34
1614,2021-03-22,FVG,3658,1445,2213,1704,1954,ITH,ITH4,6,Friuli-Venezia Giulia,Friuli Venezia Giulia,1215220,653120,53.75,0.3
1615,2021-04-03,FVG,4012,1990,2022,2681,1331,ITH,ITH4,6,Friuli-Venezia Giulia,Friuli Venezia Giulia,1215220,657132,54.08,0.33
1616,2021-06-10,FVG,10691,5600,5091,9664,1027,ITH,ITH4,6,Friuli-Venezia Giulia,Friuli Venezia Giulia,1215220,667823,54.95,0.88
1617,2021-03-19,FVG,3252,1350,1902,1316,1936,ITH,ITH4,6,Friuli-Venezia Giulia,Friuli Venezia Giulia,1215220,671075,55.22,0.27
1618,2021-06-27,FVG,7262,3625,3637,3457,3805,ITH,ITH4,6,Friuli-Venezia Giulia,Friuli Venezia Giulia,1215220,678337,55.82,0.6
1619,2021-04-24,FVG,6679,2948,3731,5436,1243,ITH,ITH4,6,Friuli-Venezia Giulia,Friuli Venezia Giulia,1215220,685016,56.37,0.55
1620,2021-06-06,FVG,9454,4614,4840,7908,1546,ITH,ITH4,6,Friuli-Venezia Giulia,Friuli Venezia Giulia,1215220,694470,57.15,0.78
1621,2021-02-26,FVG,3735,2093,1642,3587,148,ITH,ITH4,6,Friuli-Venezia Giulia,Friuli Venezia Giulia,1215220,698205,57.46,0.31
1622,2021-02-17,FVG,2355,1000,1355,1875,480,ITH,ITH4,6,Friuli-Venezia Giulia,Friuli Venezia Giulia,1215220,700560,57.65,0.19
1623,2021-05-30,FVG,11059,4987,6072,7474,3585,ITH,ITH4,6,Friuli-Venezia Giulia,Friuli Venezia Giulia,1215220,711619,58.56,0.91
1624,2021-04-10,FVG,5047,2212,2835,3822,1225,ITH,ITH4,6,Friuli-Venezia Giulia,Friuli Venezia Giulia,1215220,716666,58.97,0.42
1625,2021-05-23,FVG,10274,4855,5419,6124,4150,ITH,ITH4,6,Friuli-Venezia Giulia,Friuli Venezia Giulia,1215220,726940,59.82,0.85
1626,2021-01-07,FVG,2093,718,1375,2093,0,ITH,ITH4,6,Friuli-Venezia Giulia,Friuli Venezia Giulia,1215220,729033,59.99,0.17
1627,2021-03-05,FVG,3772,1511,2261,2698,1074,ITH,ITH4,6,Friuli-Venezia Giulia,Friuli Venezia Giulia,1215220,732805,60.3,0.31
1628,2021-01-28,FVG,2239,794,1445,354,1885,ITH,ITH4,6,Friuli-Venezia Giulia,Friuli Venezia Giulia,1215220,735044,60.49,0.18
1629,2021-05-08,FVG,10270,4643,5627,5488,4782,ITH,ITH4,6,Friuli-Venezia Giulia,Friuli Venezia Giulia,1215220,745314,61.33,0.85
1630,2021-02-14,FVG,1,0,1,0,1,ITH,ITH4,6,Friuli-Venezia Giulia,Friuli Venezia Giulia,1215220,745315,61.33,0.0
1631,2021-05-10,FVG,7940,3529,4411,6398,1542,ITH,ITH4,6,Friuli-Venezia Giulia,Friuli Venezia Giulia,1215220,753255,61.99,0.65
1632,2021-03-27,FVG,5371,2913,2458,3960,1411,ITH,ITH4,6,Friuli-Venezia Giulia,Friuli Venezia Giulia,1215220,758626,62.43,0.44
1633,2021-04-15,FVG,6506,2873,3633,5236,1270,ITH,ITH4,6,Friuli-Venezia Giulia,Friuli Venezia Giulia,1215220,765132,62.96,0.54
1634,2021-04-29,FVG,6728,2957,3771,4165,2563,ITH,ITH4,6,Friuli-Venezia Giulia,Friuli Venezia Giulia,1215220,771860,63.52,0.55
1635,2021-01-05,FVG,1678,551,1127,1678,0,ITH,ITH4,6,Friuli-Venezia Giulia,Friuli Venezia Giulia,1215220,773538,63.65,0.14
1636,2021-02-05,FVG,2610,784,1826,89,2521,ITH,ITH4,6,Friuli-Venezia Giulia,Friuli Venezia Giulia,1215220,776148,63.87,0.21
1637,2021-01-17,FVG,1716,523,1193,1716,0,ITH,ITH4,6,Friuli-Venezia Giulia,Friuli Venezia Giulia,1215220,777864,64.01,0.14
1638,2021-03-15,FVG,3951,1809,2142,1630,2321,ITH,ITH4,6,Friuli-Venezia Giulia,Friuli Venezia Giulia,1215220,781815,64.34,0.33
1639,2021-05-11,FVG,9029,4331,4698,7227,1802,ITH,ITH4,6,Friuli-Venezia Giulia,Friuli Venezia Giulia,1215220,790844,65.08,0.74
1640,2021-01-31,FVG,2717,838,1879,385,2332,ITH,ITH4,6,Friuli-Venezia Giulia,Friuli Venezia Giulia,1215220,793561,65.3,0.22
1641,2021-06-25,FVG,10514,5265,5249,2061,8453,ITH,ITH4,6,Friuli-Venezia Giulia,Friuli Venezia Giulia,1215220,804075,66.17,0.87
1642,2021-03-17,FVG,3236,1267,1969,745,2491,ITH,ITH4,6,Friuli-Venezia Giulia,Friuli Venezia Giulia,1215220,807311,66.43,0.27
1643,2021-05-13,FVG,11145,5372,5773,9088,2057,ITH,ITH4,6,Friuli-Venezia Giulia,Friuli Venezia Giulia,1215220,818456,67.35,0.92
1644,2021-02-16,FVG,2516,1135,1381,2400,116,ITH,ITH4,6,Friuli-Venezia Giulia,Friuli Venezia Giulia,1215220,820972,67.56,0.21
1645,2021-06-29,FVG,10929,5562,5367,1209,9720,ITH,ITH4,6,Friuli-Venezia Giulia,Friuli Venezia Giulia,1215220,831901,68.46,0.9
1646,2021-04-07,FVG,7820,3617,4203,7038,782,ITH,ITH4,6,Friuli-Venezia Giulia,Friuli Venezia Giulia,1215220,839721,69.1,0.64
1647,2021-04-19,FVG,6711,3133,3578,3295,3416,ITH,ITH4,6,Friuli-Venezia Giulia,Friuli Venezia Giulia,1215220,846432,69.65,0.55
1648,2021-01-09,FVG,2513,841,1672,2513,0,ITH,ITH4,6,Friuli-Venezia Giulia,Friuli Venezia Giulia,1215220,848945,69.86,0.21
1649,2021-06-15,FVG,11747,5937,5810,5303,6444,ITH,ITH4,6,Friuli-Venezia Giulia,Friuli Venezia Giulia,1215220,860692,70.83,0.97
1650,2021-03-07,FVG,2545,932,1613,2544,1,ITH,ITH4,6,Friuli-Venezia Giulia,Friuli Venezia Giulia,1215220,863237,71.04,0.21
1651,2020-12-31,FVG,1053,384,669,1053,0,ITH,ITH4,6,Friuli-Venezia Giulia,Friuli Venezia Giulia,1215220,864290,71.12,0.09
1652,2021-06-17,FVG,11297,5704,5593,2291,9006,ITH,ITH4,6,Friuli-Venezia Giulia,Friuli Venezia Giulia,1215220,875587,72.05,0.93
1653,2021-05-29,FVG,12010,5840,6170,7023,4987,ITH,ITH4,6,Friuli-Venezia Giulia,Friuli Venezia Giulia,1215220,887597,73.04,0.99
1654,2021-05-22,FVG,11569,5196,6373,7333,4236,ITH,ITH4,6,Friuli-Venezia Giulia,Friuli Venezia Giulia,1215220,899166,73.99,0.95
1655,2021-05-03,FVG,7208,3285,3923,3429,3779,ITH,ITH4,6,Friuli-Venezia Giulia,Friuli Venezia Giulia,1215220,906374,74.59,0.59
1656,2021-01-14,FVG,2584,789,1795,2584,0,ITH,ITH4,6,Friuli-Venezia Giulia,Friuli Venezia Giulia,1215220,908958,74.8,0.21
1657,2021-06-08,FVG,10287,5383,4904,9872,415,ITH,ITH4,6,Friuli-Venezia Giulia,Friuli Venezia Giulia,1215220,919245,75.64,0.85
1658,2021-02-28,FVG,2686,1003,1683,2292,394,ITH,ITH4,6,Friuli-Venezia Giulia,Friuli Venezia Giulia,1215220,921931,75.87,0.22
1659,2021-04-26,FVG,5460,2450,3010,3811,1649,ITH,ITH4,6,Friuli-Venezia Giulia,Friuli Venezia Giulia,1215220,927391,76.31,0.45
1660,2021-04-14,FVG,7217,3118,4099,5505,1712,ITH,ITH4,6,Friuli-Venezia Giulia,Friuli Venezia Giulia,1215220,934608,76.91,0.59
1661,2021-06-03,FVG,12250,6674,5576,10272,1978,ITH,ITH4,6,Friuli-Venezia Giulia,Friuli Venezia Giulia,1215220,946858,77.92,1.01
1662,2021-01-19,FVG,6,2,4,6,0,ITH,ITH4,6,Friuli-Venezia Giulia,Friuli Venezia Giulia,1215220,946864,77.92,0.0
1663,2021-03-24,FVG,3971,1715,2256,2491,1480,ITH,ITH4,6,Friuli-Venezia Giulia,Friuli Venezia Giulia,1215220,950835,78.24,0.33
1664,2021-05-20,FVG,12694,6305,6389,10179,2515,ITH,ITH4,6,Friuli-Venezia Giulia,Friuli Venezia Giulia,1215220,963529,79.29,1.04
1665,2021-01-26,FVG,1977,647,1330,217,1760,ITH,ITH4,6,Friuli-Venezia Giulia,Friuli Venezia Giulia,1215220,965506,79.45,0.16
1666,2021-02-09,FVG,1842,555,1287,1556,286,ITH,ITH4,6,Friuli-Venezia Giulia,Friuli Venezia Giulia,1215220,967348,79.6,0.15
1667,2021-02-02,FVG,2467,806,1661,217,2250,ITH,ITH4,6,Friuli-Venezia Giulia,Friuli Venezia Giulia,1215220,969815,79.81,0.2
1668,2021-03-31,FVG,8115,3560,4555,7269,846,ITH,ITH4,6,Friuli-Venezia Giulia,Friuli Venezia Giulia,1215220,977930,80.47,0.67
1669,2021-06-22,FVG,11358,5855,5503,2294,9064,ITH,ITH4,6,Friuli-Venezia Giulia,Friuli Venezia Giulia,1215220,989288,81.41,0.93
1670,2021-02-22,FVG,2485,1193,1292,2067,418,ITH,ITH4,6,Friuli-Venezia Giulia,Friuli Venezia Giulia,1215220,991773,81.61,0.2
1671,2021-06-02,FVG,9406,4951,4455,9126,280,ITH,ITH4,6,Friuli-Venezia Giulia,Friuli Venezia Giulia,1215220,1001179,82.39,0.77
1672,2021-02-07,FVG,1563,482,1081,385,1178,ITH,ITH4,6,Friuli-Venezia Giulia,Friuli Venezia Giulia,1215220,1002742,82.52,0.13
1673,2021-05-18,FVG,10786,5395,5391,8710,2076,ITH,ITH4,6,Friuli-Venezia Giulia,Friuli Venezia Giulia,1215220,1013528,83.4,0.89
1674,2021-06-01,FVG,10090,5105,4985,7969,2121,ITH,ITH4,6,Friuli-Venezia Giulia,Friuli Venezia Giulia,1215220,1023618,84.23,0.83
1675,2021-06-20,FVG,6464,3200,3264,1535,4929,ITH,ITH4,6,Friuli-Venezia Giulia,Friuli Venezia Giulia,1215220,1030082,84.77,0.53
1676,2021-03-29,FVG,7019,3124,3895,5438,1581,ITH,ITH4,6,Friuli-Venezia Giulia,Friuli Venezia Giulia,1215220,1037101,85.34,0.58
1677,2021-05-15,FVG,12655,6104,6551,7958,4697,ITH,ITH4,6,Friuli-Venezia Giulia,Friuli Venezia Giulia,1215220,1049756,86.38,1.04
1678,2021-05-01,FVG,7194,3245,3949,6151,1043,ITH,ITH4,6,Friuli-Venezia Giulia,Friuli Venezia Giulia,1215220,1056950,86.98,0.59
1679,2021-01-21,FVG,896,345,551,1,895,ITH,ITH4,6,Friuli-Venezia Giulia,Friuli Venezia Giulia,1215220,1057846,87.05,0.07
1680,2021-02-21,FVG,801,281,520,423,378,ITH,ITH4,6,Friuli-Venezia Giulia,Friuli Venezia Giulia,1215220,1058647,87.12,0.07
1681,2021-03-26,FVG,5998,2600,3398,3982,2016,ITH,ITH4,6,Friuli-Venezia Giulia,Friuli Venezia Giulia,1215220,1064645,87.61,0.49
1682,2021-03-12,FVG,4101,1695,2406,2720,1381,ITH,ITH4,6,Friuli-Venezia Giulia,Friuli Venezia Giulia,1215220,1068746,87.95,0.34
1683,2021-01-02,FVG,1216,470,746,1216,0,ITH,ITH4,6,Friuli-Venezia Giulia,Friuli Venezia Giulia,1215220,1069962,88.05,0.1
1684,2021-04-12,FVG,7260,3183,4077,6128,1132,ITH,ITH4,6,Friuli-Venezia Giulia,Friuli Venezia Giulia,1215220,1077222,88.64,0.6
1685,2021-04-21,PAT,2910,1359,1551,2860,50,ITH,ITH2,4,Provincia Autonoma Trento,P.A. Trento,541380,2910,0.54,0.54
1686,2021-01-28,PAT,530,147,383,48,482,ITH,ITH2,4,Provincia Autonoma Trento,P.A. Trento,541380,3440,0.64,0.1
1687,2021-01-11,PAT,732,223,509,732,0,ITH,ITH2,4,Provincia Autonoma Trento,P.A. Trento,541380,4172,0.77,0.14
1688,2021-02-16,PAT,666,246,420,661,5,ITH,ITH2,4,Provincia Autonoma Trento,P.A. Trento,541380,4838,0.89,0.12
1689,2021-04-23,PAT,3638,1770,1868,3584,54,ITH,ITH2,4,Provincia Autonoma Trento,P.A. Trento,541380,8476,1.57,0.67
1690,2021-01-30,PAT,386,132,254,152,234,ITH,ITH2,4,Provincia Autonoma Trento,P.A. Trento,541380,8862,1.64,0.07
1691,2021-05-10,PAT,3212,1646,1566,2707,505,ITH,ITH2,4,Provincia Autonoma Trento,P.A. Trento,541380,12074,2.23,0.59
1692,2021-06-29,PAT,6217,3131,3086,2716,3501,ITH,ITH2,4,Provincia Autonoma Trento,P.A. Trento,541380,18291,3.38,1.15
1693,2021-06-12,PAT,5359,2688,2671,472,4887,ITH,ITH2,4,Provincia Autonoma Trento,P.A. Trento,541380,23650,4.37,0.99
1694,2021-03-21,PAT,129,69,60,129,0,ITH,ITH2,4,Provincia Autonoma Trento,P.A. Trento,541380,23779,4.39,0.02
1695,2021-05-24,PAT,4383,2012,2371,1361,3022,ITH,ITH2,4,Provincia Autonoma Trento,P.A. Trento,541380,28162,5.2,0.81
1696,2021-03-02,PAT,1307,440,867,931,376,ITH,ITH2,4,Provincia Autonoma Trento,P.A. Trento,541380,29469,5.44,0.24
1697,2021-06-10,PAT,6125,2978,3147,1916,4209,ITH,ITH2,4,Provincia Autonoma Trento,P.A. Trento,541380,35594,6.57,1.13
1698,2021-01-23,PAT,577,334,243,388,189,ITH,ITH2,4,Provincia Autonoma Trento,P.A. Trento,541380,36171,6.68,0.11
1699,2021-05-03,PAT,4259,2197,2062,4105,154,ITH,ITH2,4,Provincia Autonoma Trento,P.A. Trento,541380,40430,7.47,0.79
1700,2021-07-01,PAT,6828,3546,3282,3573,3255,ITH,ITH2,4,Provincia Autonoma Trento,P.A. Trento,541380,47258,8.73,1.26
1701,2021-05-05,PAT,4988,2580,2408,4692,296,ITH,ITH2,4,Provincia Autonoma Trento,P.A. Trento,541380,52246,9.65,0.92
1702,2021-01-16,PAT,319,148,171,319,0,ITH,ITH2,4,Provincia Autonoma Trento,P.A. Trento,541380,52565,9.71,0.06
1703,2021-03-09,PAT,1585,591,994,939,646,ITH,ITH2,4,Provincia Autonoma Trento,P.A. Trento,541380,54150,10.0,0.29
1704,2021-06-17,PAT,6591,3456,3135,2115,4476,ITH,ITH2,4,Provincia Autonoma Trento,P.A. Trento,541380,60741,11.22,1.22
1705,2021-03-14,PAT,108,65,43,21,87,ITH,ITH2,4,Provincia Autonoma Trento,P.A. Trento,541380,60849,11.24,0.02
1706,2021-03-07,PAT,22,6,16,22,0,ITH,ITH2,4,Provincia Autonoma Trento,P.A. Trento,541380,60871,11.24,0.0
1707,2021-01-09,PAT,190,40,150,190,0,ITH,ITH2,4,Provincia Autonoma Trento,P.A. Trento,541380,61061,11.28,0.04
1708,2021-03-26,PAT,3230,1256,1974,2620,610,ITH,ITH2,4,Provincia Autonoma Trento,P.A. Trento,541380,64291,11.88,0.6
1709,2021-06-19,PAT,3097,1695,1402,255,2842,ITH,ITH2,4,Provincia Autonoma Trento,P.A. Trento,541380,67388,12.45,0.57
1710,2021-02-06,PAT,574,298,276,433,141,ITH,ITH2,4,Provincia Autonoma Trento,P.A. Trento,541380,67962,12.55,0.11
1711,2021-02-23,PAT,1112,395,717,899,213,ITH,ITH2,4,Provincia Autonoma Trento,P.A. Trento,541380,69074,12.76,0.21
1712,2021-05-17,PAT,4294,2122,2172,3943,351,ITH,ITH2,4,Provincia Autonoma Trento,P.A. Trento,541380,73368,13.55,0.79
1713,2021-04-14,PAT,3119,1465,1654,2382,737,ITH,ITH2,4,Provincia Autonoma Trento,P.A. Trento,541380,76487,14.13,0.58
1714,2021-03-28,PAT,753,294,459,751,2,ITH,ITH2,4,Provincia Autonoma Trento,P.A. Trento,541380,77240,14.27,0.14
1715,2021-01-04,PAT,872,229,643,872,0,ITH,ITH2,4,Provincia Autonoma Trento,P.A. Trento,541380,78112,14.43,0.16
1716,2021-05-31,PAT,4721,2174,2547,1676,3045,ITH,ITH2,4,Provincia Autonoma Trento,P.A. Trento,541380,82833,15.3,0.87
1717,2021-04-09,PAT,2740,1162,1578,1540,1200,ITH,ITH2,4,Provincia Autonoma Trento,P.A. Trento,541380,85573,15.81,0.51
1718,2021-02-11,PAT,1135,365,770,796,339,ITH,ITH2,4,Provincia Autonoma Trento,P.A. Trento,541380,86708,16.02,0.21
1719,2021-02-25,PAT,1641,643,998,1200,441,ITH,ITH2,4,Provincia Autonoma Trento,P.A. Trento,541380,88349,16.32,0.3
1720,2020-12-30,PAT,7,3,4,7,0,ITH,ITH2,4,Provincia Autonoma Trento,P.A. Trento,541380,88356,16.32,0.0
1721,2021-06-05,PAT,4081,1915,2166,750,3331,ITH,ITH2,4,Provincia Autonoma Trento,P.A. Trento,541380,92437,17.07,0.75
1722,2021-05-22,PAT,3258,1598,1660,925,2333,ITH,ITH2,4,Provincia Autonoma Trento,P.A. Trento,541380,95695,17.68,0.6
1723,2021-03-18,PAT,2320,957,1363,1240,1080,ITH,ITH2,4,Provincia Autonoma Trento,P.A. Trento,541380,98015,18.1,0.43
1724,2021-06-09,PAT,6237,3077,3160,2164,4073,ITH,ITH2,4,Provincia Autonoma Trento,P.A. Trento,541380,104252,19.26,1.15
1725,2021-06-26,PAT,1384,720,664,672,712,ITH,ITH2,4,Provincia Autonoma Trento,P.A. Trento,541380,105636,19.51,0.26
1726,2021-06-28,PAT,6741,3479,3262,2944,3797,ITH,ITH2,4,Provincia Autonoma Trento,P.A. Trento,541380,112377,20.76,1.25
1727,2021-04-06,PAT,2261,950,1311,1496,765,ITH,ITH2,4,Provincia Autonoma Trento,P.A. Trento,541380,114638,21.18,0.42
1728,2021-04-28,PAT,4251,1977,2274,4113,138,ITH,ITH2,4,Provincia Autonoma Trento,P.A. Trento,541380,118889,21.96,0.79
1729,2021-04-01,PAT,2905,1231,1674,1811,1094,ITH,ITH2,4,Provincia Autonoma Trento,P.A. Trento,541380,121794,22.5,0.54
1730,2021-03-23,PAT,2448,944,1504,1708,740,ITH,ITH2,4,Provincia Autonoma Trento,P.A. Trento,541380,124242,22.95,0.45
1731,2021-05-28,PAT,3720,1736,1984,1493,2227,ITH,ITH2,4,Provincia Autonoma Trento,P.A. Trento,541380,127962,23.64,0.69
1732,2021-01-25,PAT,818,215,603,24,794,ITH,ITH2,4,Provincia Autonoma Trento,P.A. Trento,541380,128780,23.79,0.15
1733,2021-03-25,PAT,2875,1105,1770,1826,1049,ITH,ITH2,4,Provincia Autonoma Trento,P.A. Trento,541380,131655,24.32,0.53
1734,2021-07-03,PAT,484,234,250,17,467,ITH,ITH2,4,Provincia Autonoma Trento,P.A. Trento,541380,132139,24.41,0.09
1735,2021-06-24,PAT,5913,3098,2815,3731,2182,ITH,ITH2,4,Provincia Autonoma Trento,P.A. Trento,541380,138052,25.5,1.09
1736,2021-05-12,PAT,3303,1492,1811,2116,1187,ITH,ITH2,4,Provincia Autonoma Trento,P.A. Trento,541380,141355,26.11,0.61
1737,2021-03-16,PAT,1391,506,885,608,783,ITH,ITH2,4,Provincia Autonoma Trento,P.A. Trento,541380,142746,26.37,0.26
1738,2021-05-14,PAT,5320,2543,2777,3934,1386,ITH,ITH2,4,Provincia Autonoma Trento,P.A. Trento,541380,148066,27.35,0.98
1739,2021-02-08,PAT,1153,319,834,342,811,ITH,ITH2,4,Provincia Autonoma Trento,P.A. Trento,541380,149219,27.56,0.21
1740,2021-03-04,PAT,2362,794,1568,1583,779,ITH,ITH2,4,Provincia Autonoma Trento,P.A. Trento,541380,151581,28.0,0.44
1741,2021-01-27,PAT,810,280,530,94,716,ITH,ITH2,4,Provincia Autonoma Trento,P.A. Trento,541380,152391,28.15,0.15
1742,2021-02-13,PAT,537,333,204,172,365,ITH,ITH2,4,Provincia Autonoma Trento,P.A. Trento,541380,152928,28.25,0.1
1743,2021-01-18,PAT,644,154,490,589,55,ITH,ITH2,4,Provincia Autonoma Trento,P.A. Trento,541380,153572,28.37,0.12
1744,2021-05-02,PAT,3514,1955,1559,3477,37,ITH,ITH2,4,Provincia Autonoma Trento,P.A. Trento,541380,157086,29.02,0.65
1745,2021-02-04,PAT,976,304,672,422,554,ITH,ITH2,4,Provincia Autonoma Trento,P.A. Trento,541380,158062,29.2,0.18
1746,2021-04-13,PAT,2556,1059,1497,2049,507,ITH,ITH2,4,Provincia Autonoma Trento,P.A. Trento,541380,160618,29.67,0.47
1747,2021-01-20,PAT,292,73,219,280,12,ITH,ITH2,4,Provincia Autonoma Trento,P.A. Trento,541380,160910,29.72,0.05
1748,2021-04-30,PAT,4929,2403,2526,4778,151,ITH,ITH2,4,Provincia Autonoma Trento,P.A. Trento,541380,165839,30.63,0.91
1749,2021-05-19,PAT,5101,2458,2643,3846,1255,ITH,ITH2,4,Provincia Autonoma Trento,P.A. Trento,541380,170940,31.57,0.94
1750,2021-02-20,PAT,407,245,162,123,284,ITH,ITH2,4,Provincia Autonoma Trento,P.A. Trento,541380,171347,31.65,0.08
1751,2021-01-08,PAT,1451,314,1137,1451,0,ITH,ITH2,4,Provincia Autonoma Trento,P.A. Trento,541380,172798,31.92,0.27
1752,2021-06-14,PAT,5741,2968,2773,2117,3624,ITH,ITH2,4,Provincia Autonoma Trento,P.A. Trento,541380,178539,32.98,1.06
1753,2021-04-18,PAT,1855,845,1010,1846,9,ITH,ITH2,4,Provincia Autonoma Trento,P.A. Trento,541380,180394,33.32,0.34
1754,2021-03-06,PAT,786,277,509,635,151,ITH,ITH2,4,Provincia Autonoma Trento,P.A. Trento,541380,181180,33.47,0.15
1755,2021-04-11,PAT,2340,1135,1205,2249,91,ITH,ITH2,4,Provincia Autonoma Trento,P.A. Trento,541380,183520,33.9,0.43
1756,2021-01-13,PAT,421,123,298,421,0,ITH,ITH2,4,Provincia Autonoma Trento,P.A. Trento,541380,183941,33.98,0.08
1757,2021-02-12,PAT,1013,341,672,590,423,ITH,ITH2,4,Provincia Autonoma Trento,P.A. Trento,541380,184954,34.16,0.19
1758,2021-03-01,PAT,1237,454,783,942,295,ITH,ITH2,4,Provincia Autonoma Trento,P.A. Trento,541380,186191,34.39,0.23
1759,2021-03-20,PAT,874,403,471,671,203,ITH,ITH2,4,Provincia Autonoma Trento,P.A. Trento,541380,187065,34.55,0.16
1760,2021-03-03,PAT,1659,622,1037,1141,518,ITH,ITH2,4,Provincia Autonoma Trento,P.A. Trento,541380,188724,34.86,0.31
1761,2021-05-29,PAT,2235,1166,1069,839,1396,ITH,ITH2,4,Provincia Autonoma Trento,P.A. Trento,541380,190959,35.27,0.41
1762,2021-04-02,PAT,2845,1157,1688,2170,675,ITH,ITH2,4,Provincia Autonoma Trento,P.A. Trento,541380,193804,35.8,0.53
1763,2021-04-16,PAT,2866,1360,1506,2721,145,ITH,ITH2,4,Provincia Autonoma Trento,P.A. Trento,541380,196670,36.33,0.53
1764,2021-02-18,PAT,1210,428,782,1147,63,ITH,ITH2,4,Provincia Autonoma Trento,P.A. Trento,541380,197880,36.55,0.22
1765,2021-01-06,PAT,42,13,29,42,0,ITH,ITH2,4,Provincia Autonoma Trento,P.A. Trento,541380,197922,36.56,0.01
1766,2021-03-30,PAT,2388,973,1415,1751,637,ITH,ITH2,4,Provincia Autonoma Trento,P.A. Trento,541380,200310,37.0,0.44
1767,2021-06-06,PAT,2228,1061,1167,445,1783,ITH,ITH2,4,Provincia Autonoma Trento,P.A. Trento,541380,202538,37.41,0.41
1768,2021-05-21,PAT,5052,2421,2631,3341,1711,ITH,ITH2,4,Provincia Autonoma Trento,P.A. Trento,541380,207590,38.34,0.93
1769,2021-02-01,PAT,1224,338,886,92,1132,ITH,ITH2,4,Provincia Autonoma Trento,P.A. Trento,541380,208814,38.57,0.23
1770,2021-02-03,PAT,847,315,532,414,433,ITH,ITH2,4,Provincia Autonoma Trento,P.A. Trento,541380,209661,38.73,0.16
1771,2021-05-23,PAT,1956,994,962,448,1508,ITH,ITH2,4,Provincia Autonoma Trento,P.A. Trento,541380,211617,39.09,0.36
1772,2021-04-10,PAT,2823,1321,1502,2028,795,ITH,ITH2,4,Provincia Autonoma Trento,P.A. Trento,541380,214440,39.61,0.52
1773,2021-05-07,PAT,5997,3085,2912,5156,841,ITH,ITH2,4,Provincia Autonoma Trento,P.A. Trento,541380,220437,40.72,1.11
1774,2021-04-20,PAT,2879,1377,1502,2843,36,ITH,ITH2,4,Provincia Autonoma Trento,P.A. Trento,541380,223316,41.25,0.53
1775,2021-05-09,PAT,2324,1210,1114,1980,344,ITH,ITH2,4,Provincia Autonoma Trento,P.A. Trento,541380,225640,41.68,0.43
1776,2021-02-15,PAT,534,188,346,420,114,ITH,ITH2,4,Provincia Autonoma Trento,P.A. Trento,541380,226174,41.78,0.1
1777,2021-05-26,PAT,3917,1843,2074,1225,2692,ITH,ITH2,4,Provincia Autonoma Trento,P.A. Trento,541380,230091,42.5,0.72
1778,2021-03-13,PAT,834,383,451,786,48,ITH,ITH2,4,Provincia Autonoma Trento,P.A. Trento,541380,230925,42.65,0.15
1779,2021-06-21,PAT,6130,3308,2822,3732,2398,ITH,ITH2,4,Provincia Autonoma Trento,P.A. Trento,541380,237055,43.79,1.13
1780,2021-04-29,PAT,4642,2241,2401,4434,208,ITH,ITH2,4,Provincia Autonoma Trento,P.A. Trento,541380,241697,44.64,0.86
1781,2021-01-22,PAT,1673,434,1239,331,1342,ITH,ITH2,4,Provincia Autonoma Trento,P.A. Trento,541380,243370,44.95,0.31
1782,2021-02-05,PAT,805,272,533,283,522,ITH,ITH2,4,Provincia Autonoma Trento,P.A. Trento,541380,244175,45.1,0.15
1783,2021-06-11,PAT,7193,3423,3770,1574,5619,ITH,ITH2,4,Provincia Autonoma Trento,P.A. Trento,541380,251368,46.43,1.33
1784,2021-06-13,PAT,3686,2033,1653,295,3391,ITH,ITH2,4,Provincia Autonoma Trento,P.A. Trento,541380,255054,47.11,0.68
1785,2020-12-27,PAT,103,40,63,103,0,ITH,ITH2,4,Provincia Autonoma Trento,P.A. Trento,541380,255157,47.13,0.02
1786,2021-02-27,PAT,1030,457,573,609,421,ITH,ITH2,4,Provincia Autonoma Trento,P.A. Trento,541380,256187,47.32,0.19
1787,2021-01-01,PAT,214,50,164,214,0,ITH,ITH2,4,Provincia Autonoma Trento,P.A. Trento,541380,256401,47.36,0.04
1788,2021-06-07,PAT,5789,2880,2909,2806,2983,ITH,ITH2,4,Provincia Autonoma Trento,P.A. Trento,541380,262190,48.43,1.07
1789,2021-04-25,PAT,1971,940,1031,1964,7,ITH,ITH2,4,Provincia Autonoma Trento,P.A. Trento,541380,264161,48.79,0.36
1790,2021-06-25,PAT,7466,3999,3467,4106,3360,ITH,ITH2,4,Provincia Autonoma Trento,P.A. Trento,541380,271627,50.17,1.38
1791,2021-06-16,PAT,6207,3343,2864,2044,4163,ITH,ITH2,4,Provincia Autonoma Trento,P.A. Trento,541380,277834,51.32,1.15
1792,2021-03-15,PAT,1411,545,866,947,464,ITH,ITH2,4,Provincia Autonoma Trento,P.A. Trento,541380,279245,51.58,0.26
1793,2021-01-17,PAT,251,195,56,251,0,ITH,ITH2,4,Provincia Autonoma Trento,P.A. Trento,541380,279496,51.63,0.05
1794,2021-06-23,PAT,6510,3450,3060,4640,1870,ITH,ITH2,4,Provincia Autonoma Trento,P.A. Trento,541380,286006,52.83,1.2
1795,2021-05-11,PAT,3700,1750,1950,2850,850,ITH,ITH2,4,Provincia Autonoma Trento,P.A. Trento,541380,289706,53.51,0.68
1796,2021-04-27,PAT,3913,1881,2032,3844,69,ITH,ITH2,4,Provincia Autonoma Trento,P.A. Trento,541380,293619,54.24,0.72
1797,2021-01-10,PAT,85,20,65,85,0,ITH,ITH2,4,Provincia Autonoma Trento,P.A. Trento,541380,293704,54.25,0.02
1798,2021-01-29,PAT,1358,334,1024,55,1303,ITH,ITH2,4,Provincia Autonoma Trento,P.A. Trento,541380,295062,54.5,0.25
1799,2021-04-22,PAT,3152,1470,1682,3107,45,ITH,ITH2,4,Provincia Autonoma Trento,P.A. Trento,541380,298214,55.08,0.58
1800,2021-04-07,PAT,2622,1017,1605,1680,942,ITH,ITH2,4,Provincia Autonoma Trento,P.A. Trento,541380,300836,55.57,0.48
1801,2021-02-17,PAT,1113,425,688,1022,91,ITH,ITH2,4,Provincia Autonoma Trento,P.A. Trento,541380,301949,55.77,0.21
1802,2021-05-30,PAT,1770,872,898,930,840,ITH,ITH2,4,Provincia Autonoma Trento,P.A. Trento,541380,303719,56.1,0.33
1803,2021-04-03,PAT,1141,471,670,972,169,ITH,ITH2,4,Provincia Autonoma Trento,P.A. Trento,541380,304860,56.31,0.21
1804,2021-04-24,PAT,3547,1701,1846,3533,14,ITH,ITH2,4,Provincia Autonoma Trento,P.A. Trento,541380,308407,56.97,0.66
1805,2021-02-26,PAT,1218,435,783,923,295,ITH,ITH2,4,Provincia Autonoma Trento,P.A. Trento,541380,309625,57.19,0.22
1806,2021-01-14,PAT,701,203,498,701,0,ITH,ITH2,4,Provincia Autonoma Trento,P.A. Trento,541380,310326,57.32,0.13
1807,2021-02-10,PAT,853,291,562,511,342,ITH,ITH2,4,Provincia Autonoma Trento,P.A. Trento,541380,311179,57.48,0.16
1808,2021-04-08,PAT,3139,1316,1823,2020,1119,ITH,ITH2,4,Provincia Autonoma Trento,P.A. Trento,541380,314318,58.06,0.58
1809,2021-05-25,PAT,4770,2269,2501,1868,2902,ITH,ITH2,4,Provincia Autonoma Trento,P.A. Trento,541380,319088,58.94,0.88
1810,2021-05-08,PAT,3162,1726,1436,2740,422,ITH,ITH2,4,Provincia Autonoma Trento,P.A. Trento,541380,322250,59.52,0.58
1811,2021-02-14,PAT,246,186,60,11,235,ITH,ITH2,4,Provincia Autonoma Trento,P.A. Trento,541380,322496,59.57,0.05
1812,2021-05-27,PAT,4293,1991,2302,1252,3041,ITH,ITH2,4,Provincia Autonoma Trento,P.A. Trento,541380,326789,60.36,0.79
1813,2021-05-16,PAT,1331,736,595,1092,239,ITH,ITH2,4,Provincia Autonoma Trento,P.A. Trento,541380,328120,60.61,0.25
1814,2021-01-05,PAT,711,233,478,711,0,ITH,ITH2,4,Provincia Autonoma Trento,P.A. Trento,541380,328831,60.74,0.13
1815,2021-04-15,PAT,3202,1443,1759,3048,154,ITH,ITH2,4,Provincia Autonoma Trento,P.A. Trento,541380,332033,61.33,0.59
1816,2021-06-18,PAT,6922,3685,3237,1814,5108,ITH,ITH2,4,Provincia Autonoma Trento,P.A. Trento,541380,338955,62.61,1.28
1817,2021-03-27,PAT,1620,710,910,1363,257,ITH,ITH2,4,Provincia Autonoma Trento,P.A. Trento,541380,340575,62.91,0.3
1818,2021-06-04,PAT,5824,2605,3219,1832,3992,ITH,ITH2,4,Provincia Autonoma Trento,P.A. Trento,541380,346399,63.98,1.08
1819,2021-05-04,PAT,4511,2448,2063,4417,94,ITH,ITH2,4,Provincia Autonoma Trento,P.A. Trento,541380,350910,64.82,0.83
1820,2021-03-08,PAT,1411,434,977,1057,354,ITH,ITH2,4,Provincia Autonoma Trento,P.A. Trento,541380,352321,65.08,0.26
1821,2021-03-22,PAT,2306,973,1333,1431,875,ITH,ITH2,4,Provincia Autonoma Trento,P.A. Trento,541380,354627,65.5,0.43
1822,2021-01-24,PAT,548,276,272,224,324,ITH,ITH2,4,Provincia Autonoma Trento,P.A. Trento,541380,355175,65.61,0.1
1823,2021-06-30,PAT,6653,3420,3233,2658,3995,ITH,ITH2,4,Provincia Autonoma Trento,P.A. Trento,541380,361828,66.83,1.23
1824,2021-07-02,PAT,6385,3492,2893,3302,3083,ITH,ITH2,4,Provincia Autonoma Trento,P.A. Trento,541380,368213,68.01,1.18
1825,2021-01-15,PAT,597,132,465,597,0,ITH,ITH2,4,Provincia Autonoma Trento,P.A. Trento,541380,368810,68.12,0.11
1826,2021-05-20,PAT,5013,2357,2656,3378,1635,ITH,ITH2,4,Provincia Autonoma Trento,P.A. Trento,541380,373823,69.05,0.93
1827,2021-03-24,PAT,2376,940,1436,1556,820,ITH,ITH2,4,Provincia Autonoma Trento,P.A. Trento,541380,376199,69.49,0.44
1828,2021-02-09,PAT,918,287,631,443,475,ITH,ITH2,4,Provincia Autonoma Trento,P.A. Trento,541380,377117,69.66,0.17
1829,2021-03-17,PAT,2071,792,1279,1200,871,ITH,ITH2,4,Provincia Autonoma Trento,P.A. Trento,541380,379188,70.04,0.38
1830,2021-06-27,PAT,1282,685,597,342,940,ITH,ITH2,4,Provincia Autonoma Trento,P.A. Trento,541380,380470,70.28,0.24
1831,2021-01-12,PAT,507,158,349,507,0,ITH,ITH2,4,Provincia Autonoma Trento,P.A. Trento,541380,380977,70.37,0.09
1832,2021-03-19,PAT,2423,915,1508,1571,852,ITH,ITH2,4,Provincia Autonoma Trento,P.A. Trento,541380,383400,70.82,0.45
1833,2021-04-05,PAT,35,17,18,33,2,ITH,ITH2,4,Provincia Autonoma Trento,P.A. Trento,541380,383435,70.83,0.01
1834,2020-12-31,PAT,1626,449,1177,1626,0,ITH,ITH2,4,Provincia Autonoma Trento,P.A. Trento,541380,385061,71.13,0.3
1835,2021-06-22,PAT,6180,3374,2806,3646,2534,ITH,ITH2,4,Provincia Autonoma Trento,P.A. Trento,541380,391241,72.27,1.14
1836,2021-03-05,PAT,2248,704,1544,1682,566,ITH,ITH2,4,Provincia Autonoma Trento,P.A. Trento,541380,393489,72.68,0.42
1837,2021-01-07,PAT,1272,310,962,1272,0,ITH,ITH2,4,Provincia Autonoma Trento,P.A. Trento,541380,394761,72.92,0.23
1838,2021-04-17,PAT,2232,1139,1093,2175,57,ITH,ITH2,4,Provincia Autonoma Trento,P.A. Trento,541380,396993,73.33,0.41
1839,2021-04-19,PAT,2625,1235,1390,2603,22,ITH,ITH2,4,Provincia Autonoma Trento,P.A. Trento,541380,399618,73.81,0.48
1840,2021-06-15,PAT,6238,3281,2957,1723,4515,ITH,ITH2,4,Provincia Autonoma Trento,P.A. Trento,541380,405856,74.97,1.15
1841,2021-01-31,PAT,76,16,60,1,75,ITH,ITH2,4,Provincia Autonoma Trento,P.A. Trento,541380,405932,74.98,0.01
1842,2021-02-28,PAT,242,121,121,242,0,ITH,ITH2,4,Provincia Autonoma Trento,P.A. Trento,541380,406174,75.03,0.04
1843,2021-06-08,PAT,5919,2863,3056,1870,4049,ITH,ITH2,4,Provincia Autonoma Trento,P.A. Trento,541380,412093,76.12,1.09
1844,2021-04-26,PAT,2655,1252,1403,2560,95,ITH,ITH2,4,Provincia Autonoma Trento,P.A. Trento,541380,414748,76.61,0.49
1845,2021-02-19,PAT,929,359,570,870,59,ITH,ITH2,4,Provincia Autonoma Trento,P.A. Trento,541380,415677,76.78,0.17
1846,2021-02-24,PAT,1325,525,800,926,399,ITH,ITH2,4,Provincia Autonoma Trento,P.A. Trento,541380,417002,77.03,0.24
1847,2021-06-03,PAT,4766,2235,2531,1301,3465,ITH,ITH2,4,Provincia Autonoma Trento,P.A. Trento,541380,421768,77.91,0.88
1848,2021-01-19,PAT,407,77,330,407,0,ITH,ITH2,4,Provincia Autonoma Trento,P.A. Trento,541380,422175,77.98,0.08
1849,2021-03-10,PAT,2405,929,1476,1483,922,ITH,ITH2,4,Provincia Autonoma Trento,P.A. Trento,541380,424580,78.43,0.44
1850,2021-02-02,PAT,910,240,670,191,719,ITH,ITH2,4,Provincia Autonoma Trento,P.A. Trento,541380,425490,78.59,0.17
1851,2021-05-13,PAT,3407,1580,1827,2305,1102,ITH,ITH2,4,Provincia Autonoma Trento,P.A. Trento,541380,428897,79.22,0.63
1852,2021-03-31,PAT,2585,983,1602,1727,858,ITH,ITH2,4,Provincia Autonoma Trento,P.A. Trento,541380,431482,79.7,0.48
1853,2021-01-26,PAT,543,154,389,27,516,ITH,ITH2,4,Provincia Autonoma Trento,P.A. Trento,541380,432025,79.8,0.1
1854,2021-05-06,PAT,5531,2739,2792,4751,780,ITH,ITH2,4,Provincia Autonoma Trento,P.A. Trento,541380,437556,80.82,1.02
1855,2021-06-02,PAT,2838,1359,1479,944,1894,ITH,ITH2,4,Provincia Autonoma Trento,P.A. Trento,541380,440394,81.35,0.52
1856,2021-03-11,PAT,2299,852,1447,1474,825,ITH,ITH2,4,Provincia Autonoma Trento,P.A. Trento,541380,442693,81.77,0.42
1857,2021-01-03,PAT,493,160,333,493,0,ITH,ITH2,4,Provincia Autonoma Trento,P.A. Trento,541380,443186,81.86,0.09
1858,2021-02-22,PAT,745,259,486,661,84,ITH,ITH2,4,Provincia Autonoma Trento,P.A. Trento,541380,443931,82.0,0.14
1859,2021-05-18,PAT,4252,2010,2242,3407,845,ITH,ITH2,4,Provincia Autonoma Trento,P.A. Trento,541380,448183,82.79,0.79
1860,2021-03-12,PAT,2518,940,1578,1712,806,ITH,ITH2,4,Provincia Autonoma Trento,P.A. Trento,541380,450701,83.25,0.47
1861,2021-06-20,PAT,1869,1034,835,32,1837,ITH,ITH2,4,Provincia Autonoma Trento,P.A. Trento,541380,452570,83.6,0.35
1862,2021-01-02,PAT,502,143,359,502,0,ITH,ITH2,4,Provincia Autonoma Trento,P.A. Trento,541380,453072,83.69,0.09
1863,2021-03-29,PAT,2493,966,1527,1758,735,ITH,ITH2,4,Provincia Autonoma Trento,P.A. Trento,541380,455565,84.15,0.46
1864,2021-04-12,PAT,3084,1407,1677,2588,496,ITH,ITH2,4,Provincia Autonoma Trento,P.A. Trento,541380,458649,84.72,0.57
1865,2021-01-21,PAT,353,95,258,229,124,ITH,ITH2,4,Provincia Autonoma Trento,P.A. Trento,541380,459002,84.78,0.07
1866,2021-05-01,PAT,4851,2470,2381,4815,36,ITH,ITH2,4,Provincia Autonoma Trento,P.A. Trento,541380,463853,85.68,0.9
1867,2021-02-21,PAT,155,92,63,43,112,ITH,ITH2,4,Provincia Autonoma Trento,P.A. Trento,541380,464008,85.71,0.03
1868,2021-05-15,PAT,1568,815,753,679,889,ITH,ITH2,4,Provincia Autonoma Trento,P.A. Trento,541380,465576,86.0,0.29
1869,2021-06-01,PAT,4012,1875,2137,1157,2855,ITH,ITH2,4,Provincia Autonoma Trento,P.A. Trento,541380,469588,86.74,0.74
1870,2021-04-24,PAB,5105,2450,2655,4620,485,ITH,ITH1,4,Provincia Autonoma Bolzano / Bozen,P.A. Bolzano,533050,5105,0.96,0.96
1871,2021-04-05,PAB,301,144,157,23,278,ITH,ITH1,4,Provincia Autonoma Bolzano / Bozen,P.A. Bolzano,533050,5406,1.01,0.06
1872,2021-06-27,PAB,4413,2307,2106,607,3806,ITH,ITH1,4,Provincia Autonoma Bolzano / Bozen,P.A. Bolzano,533050,9819,1.84,0.83
1873,2021-01-12,PAB,1709,459,1250,1709,0,ITH,ITH1,4,Provincia Autonoma Bolzano / Bozen,P.A. Bolzano,533050,11528,2.16,0.32
1874,2021-03-22,PAB,1144,523,621,1139,5,ITH,ITH1,4,Provincia Autonoma Bolzano / Bozen,P.A. Bolzano,533050,12672,2.38,0.21
1875,2021-03-05,PAB,1840,625,1215,1397,443,ITH,ITH1,4,Provincia Autonoma Bolzano / Bozen,P.A. Bolzano,533050,14512,2.72,0.35
1876,2021-05-27,PAB,6087,3200,2887,4077,2010,ITH,ITH1,4,Provincia Autonoma Bolzano / Bozen,P.A. Bolzano,533050,20599,3.86,1.14
1877,2021-02-12,PAB,730,217,513,482,248,ITH,ITH1,4,Provincia Autonoma Bolzano / Bozen,P.A. Bolzano,533050,21329,4.0,0.14
1878,2021-04-10,PAB,5394,2666,2728,4806,588,ITH,ITH1,4,Provincia Autonoma Bolzano / Bozen,P.A. Bolzano,533050,26723,5.01,1.01
1879,2020-12-31,PAB,913,519,394,913,0,ITH,ITH1,4,Provincia Autonoma Bolzano / Bozen,P.A. Bolzano,533050,27636,5.18,0.17
1880,2021-04-19,PAB,1872,858,1014,1690,182,ITH,ITH1,4,Provincia Autonoma Bolzano / Bozen,P.A. Bolzano,533050,29508,5.54,0.35
1881,2021-06-15,PAB,1999,1156,843,468,1531,ITH,ITH1,4,Provincia Autonoma Bolzano / Bozen,P.A. Bolzano,533050,31507,5.91,0.38
1882,2021-04-17,PAB,5239,2602,2637,5195,44,ITH,ITH1,4,Provincia Autonoma Bolzano / Bozen,P.A. Bolzano,533050,36746,6.89,0.98
1883,2021-01-07,PAB,918,327,591,918,0,ITH,ITH1,4,Provincia Autonoma Bolzano / Bozen,P.A. Bolzano,533050,37664,7.07,0.17
1884,2021-06-06,PAB,4530,2176,2354,855,3675,ITH,ITH1,4,Provincia Autonoma Bolzano / Bozen,P.A. Bolzano,533050,42194,7.92,0.85
1885,2021-02-26,PAB,1526,551,975,1496,30,ITH,ITH1,4,Provincia Autonoma Bolzano / Bozen,P.A. Bolzano,533050,43720,8.2,0.29
1886,2021-06-01,PAB,3558,2317,1241,2086,1472,ITH,ITH1,4,Provincia Autonoma Bolzano / Bozen,P.A. Bolzano,533050,47278,8.87,0.67
1887,2021-02-19,PAB,2252,512,1740,2241,11,ITH,ITH1,4,Provincia Autonoma Bolzano / Bozen,P.A. Bolzano,533050,49530,9.29,0.42
1888,2021-05-20,PAB,4726,2336,2390,3257,1469,ITH,ITH1,4,Provincia Autonoma Bolzano / Bozen,P.A. Bolzano,533050,54256,10.18,0.89
1889,2021-03-31,PAB,1832,694,1138,821,1011,ITH,ITH1,4,Provincia Autonoma Bolzano / Bozen,P.A. Bolzano,533050,56088,10.52,0.34
1890,2021-06-20,PAB,4955,2697,2258,369,4586,ITH,ITH1,4,Provincia Autonoma Bolzano / Bozen,P.A. Bolzano,533050,61043,11.45,0.93
1891,2021-02-07,PAB,2362,1058,1304,14,2348,ITH,ITH1,4,Provincia Autonoma Bolzano / Bozen,P.A. Bolzano,533050,63405,11.89,0.44
1892,2021-05-18,PAB,3342,1753,1589,2156,1186,ITH,ITH1,4,Provincia Autonoma Bolzano / Bozen,P.A. Bolzano,533050,66747,12.52,0.63
1893,2021-01-24,PAB,12,10,2,0,12,ITH,ITH1,4,Provincia Autonoma Bolzano / Bozen,P.A. Bolzano,533050,66759,12.52,0.0
1894,2021-01-26,PAB,810,291,519,1,809,ITH,ITH1,4,Provincia Autonoma Bolzano / Bozen,P.A. Bolzano,533050,67569,12.68,0.15
1895,2021-07-02,PAB,3148,1626,1522,979,2169,ITH,ITH1,4,Provincia Autonoma Bolzano / Bozen,P.A. Bolzano,533050,70717,13.27,0.59
1896,2021-03-24,PAB,2063,998,1065,2050,13,ITH,ITH1,4,Provincia Autonoma Bolzano / Bozen,P.A. Bolzano,533050,72780,13.65,0.39
1897,2021-03-10,PAB,1268,529,739,1125,143,ITH,ITH1,4,Provincia Autonoma Bolzano / Bozen,P.A. Bolzano,533050,74048,13.89,0.24
1898,2021-05-06,PAB,5181,2747,2434,2613,2568,ITH,ITH1,4,Provincia Autonoma Bolzano / Bozen,P.A. Bolzano,533050,79229,14.86,0.97
1899,2021-03-17,PAB,582,213,369,580,2,ITH,ITH1,4,Provincia Autonoma Bolzano / Bozen,P.A. Bolzano,533050,79811,14.97,0.11
1900,2021-06-29,PAB,1852,996,856,238,1614,ITH,ITH1,4,Provincia Autonoma Bolzano / Bozen,P.A. Bolzano,533050,81663,15.32,0.35
1901,2021-03-21,PAB,768,285,483,14,754,ITH,ITH1,4,Provincia Autonoma Bolzano / Bozen,P.A. Bolzano,533050,82431,15.46,0.14
1902,2021-06-12,PAB,4907,2659,2248,1619,3288,ITH,ITH1,4,Provincia Autonoma Bolzano / Bozen,P.A. Bolzano,533050,87338,16.38,0.92
1903,2021-01-14,PAB,1946,575,1371,1946,0,ITH,ITH1,4,Provincia Autonoma Bolzano / Bozen,P.A. Bolzano,533050,89284,16.75,0.37
1904,2021-04-07,PAB,1798,823,975,1258,540,ITH,ITH1,4,Provincia Autonoma Bolzano / Bozen,P.A. Bolzano,533050,91082,17.09,0.34
1905,2021-03-02,PAB,695,200,495,693,2,ITH,ITH1,4,Provincia Autonoma Bolzano / Bozen,P.A. Bolzano,533050,91777,17.22,0.13
1906,2021-03-19,PAB,1906,773,1133,799,1107,ITH,ITH1,4,Provincia Autonoma Bolzano / Bozen,P.A. Bolzano,533050,93683,17.57,0.36
1907,2021-04-12,PAB,2105,946,1159,2098,7,ITH,ITH1,4,Provincia Autonoma Bolzano / Bozen,P.A. Bolzano,533050,95788,17.97,0.39
1908,2021-03-07,PAB,114,13,101,9,105,ITH,ITH1,4,Provincia Autonoma Bolzano / Bozen,P.A. Bolzano,533050,95902,17.99,0.02
1909,2021-04-21,PAB,3013,1468,1545,2165,848,ITH,ITH1,4,Provincia Autonoma Bolzano / Bozen,P.A. Bolzano,533050,98915,18.56,0.57
1910,2021-06-24,PAB,3802,1963,1839,1613,2189,ITH,ITH1,4,Provincia Autonoma Bolzano / Bozen,P.A. Bolzano,533050,102717,19.27,0.71
1911,2021-01-09,PAB,612,326,286,612,0,ITH,ITH1,4,Provincia Autonoma Bolzano / Bozen,P.A. Bolzano,533050,103329,19.38,0.11
1912,2021-06-08,PAB,4149,2118,2031,832,3317,ITH,ITH1,4,Provincia Autonoma Bolzano / Bozen,P.A. Bolzano,533050,107478,20.16,0.78
1913,2021-04-28,PAB,2464,1302,1162,2459,5,ITH,ITH1,4,Provincia Autonoma Bolzano / Bozen,P.A. Bolzano,533050,109942,20.63,0.46
1914,2021-01-16,PAB,2840,1265,1575,2840,0,ITH,ITH1,4,Provincia Autonoma Bolzano / Bozen,P.A. Bolzano,533050,112782,21.16,0.53
1915,2021-06-13,PAB,3619,2019,1600,427,3192,ITH,ITH1,4,Provincia Autonoma Bolzano / Bozen,P.A. Bolzano,533050,116401,21.84,0.68
1916,2021-05-25,PAB,3838,1991,1847,2953,885,ITH,ITH1,4,Provincia Autonoma Bolzano / Bozen,P.A. Bolzano,533050,120239,22.56,0.72
1917,2021-02-14,PAB,297,130,167,297,0,ITH,ITH1,4,Provincia Autonoma Bolzano / Bozen,P.A. Bolzano,533050,120536,22.61,0.06
1918,2021-05-08,PAB,4427,2382,2045,3764,663,ITH,ITH1,4,Provincia Autonoma Bolzano / Bozen,P.A. Bolzano,533050,124963,23.44,0.83
1919,2021-03-03,PAB,1180,394,786,1167,13,ITH,ITH1,4,Provincia Autonoma Bolzano / Bozen,P.A. Bolzano,533050,126143,23.66,0.22
1920,2021-05-10,PAB,3018,1300,1718,1413,1605,ITH,ITH1,4,Provincia Autonoma Bolzano / Bozen,P.A. Bolzano,533050,129161,24.23,0.57
1921,2021-05-01,PAB,2104,1067,1037,1944,160,ITH,ITH1,4,Provincia Autonoma Bolzano / Bozen,P.A. Bolzano,533050,131265,24.63,0.39
1922,2021-03-12,PAB,1664,734,930,1251,413,ITH,ITH1,4,Provincia Autonoma Bolzano / Bozen,P.A. Bolzano,533050,132929,24.94,0.31
1923,2021-03-29,PAB,1171,499,672,412,759,ITH,ITH1,4,Provincia Autonoma Bolzano / Bozen,P.A. Bolzano,533050,134100,25.16,0.22
1924,2021-01-21,PAB,953,442,511,139,814,ITH,ITH1,4,Provincia Autonoma Bolzano / Bozen,P.A. Bolzano,533050,135053,25.34,0.18
1925,2021-01-05,PAB,830,286,544,830,0,ITH,ITH1,4,Provincia Autonoma Bolzano / Bozen,P.A. Bolzano,533050,135883,25.49,0.16
1926,2021-01-23,PAB,197,117,80,0,197,ITH,ITH1,4,Provincia Autonoma Bolzano / Bozen,P.A. Bolzano,533050,136080,25.53,0.04
1927,2021-05-03,PAB,1830,847,983,417,1413,ITH,ITH1,4,Provincia Autonoma Bolzano / Bozen,P.A. Bolzano,533050,137910,25.87,0.34
1928,2021-02-23,PAB,769,324,445,763,6,ITH,ITH1,4,Provincia Autonoma Bolzano / Bozen,P.A. Bolzano,533050,138679,26.02,0.14
1929,2021-05-17,PAB,3139,1516,1623,2445,694,ITH,ITH1,4,Provincia Autonoma Bolzano / Bozen,P.A. Bolzano,533050,141818,26.61,0.59
1930,2021-06-03,PAB,4722,2566,2156,3775,947,ITH,ITH1,4,Provincia Autonoma Bolzano / Bozen,P.A. Bolzano,533050,146540,27.49,0.89
1931,2021-06-22,PAB,2451,1409,1042,335,2116,ITH,ITH1,4,Provincia Autonoma Bolzano / Bozen,P.A. Bolzano,533050,148991,27.95,0.46
1932,2021-03-14,PAB,758,336,422,25,733,ITH,ITH1,4,Provincia Autonoma Bolzano / Bozen,P.A. Bolzano,533050,149749,28.09,0.14
1933,2021-04-14,PAB,3593,1645,1948,3502,91,ITH,ITH1,4,Provincia Autonoma Bolzano / Bozen,P.A. Bolzano,533050,153342,28.77,0.67
1934,2021-05-15,PAB,7005,3691,3314,6711,294,ITH,ITH1,4,Provincia Autonoma Bolzano / Bozen,P.A. Bolzano,533050,160347,30.08,1.31
1935,2021-02-04,PAB,1958,593,1365,8,1950,ITH,ITH1,4,Provincia Autonoma Bolzano / Bozen,P.A. Bolzano,533050,162305,30.45,0.37
1936,2021-04-02,PAB,2077,837,1240,720,1357,ITH,ITH1,4,Provincia Autonoma Bolzano / Bozen,P.A. Bolzano,533050,164382,30.84,0.39
1937,2021-05-29,PAB,7134,3768,3366,3994,3140,ITH,ITH1,4,Provincia Autonoma Bolzano / Bozen,P.A. Bolzano,533050,171516,32.18,1.34
1938,2021-07-01,PAB,4534,2248,2286,1373,3161,ITH,ITH1,4,Provincia Autonoma Bolzano / Bozen,P.A. Bolzano,533050,176050,33.03,0.85
1939,2021-03-04,PAB,1715,1005,710,1486,229,ITH,ITH1,4,Provincia Autonoma Bolzano / Bozen,P.A. Bolzano,533050,177765,33.35,0.32
1940,2021-05-13,PAB,2994,1355,1639,1064,1930,ITH,ITH1,4,Provincia Autonoma Bolzano / Bozen,P.A. Bolzano,533050,180759,33.91,0.56
1941,2021-04-29,PAB,2631,1351,1280,1937,694,ITH,ITH1,4,Provincia Autonoma Bolzano / Bozen,P.A. Bolzano,533050,183390,34.4,0.49
1942,2021-01-19,PAB,853,371,482,723,130,ITH,ITH1,4,Provincia Autonoma Bolzano / Bozen,P.A. Bolzano,533050,184243,34.56,0.16
1943,2021-06-25,PAB,4070,2246,1824,1064,3006,ITH,ITH1,4,Provincia Autonoma Bolzano / Bozen,P.A. Bolzano,533050,188313,35.33,0.76
1944,2021-02-09,PAB,317,126,191,1,316,ITH,ITH1,4,Provincia Autonoma Bolzano / Bozen,P.A. Bolzano,533050,188630,35.39,0.06
1945,2021-06-17,PAB,1736,967,769,658,1078,ITH,ITH1,4,Provincia Autonoma Bolzano / Bozen,P.A. Bolzano,533050,190366,35.71,0.33
1946,2021-01-02,PAB,91,48,43,91,0,ITH,ITH1,4,Provincia Autonoma Bolzano / Bozen,P.A. Bolzano,533050,190457,35.73,0.02
1947,2021-06-26,PAB,4499,2306,2193,1427,3072,ITH,ITH1,4,Provincia Autonoma Bolzano / Bozen,P.A. Bolzano,533050,194956,36.57,0.84
1948,2021-03-18,PAB,1302,531,771,226,1076,ITH,ITH1,4,Provincia Autonoma Bolzano / Bozen,P.A. Bolzano,533050,196258,36.82,0.24
1949,2021-05-14,PAB,5134,2320,2814,3097,2037,ITH,ITH1,4,Provincia Autonoma Bolzano / Bozen,P.A. Bolzano,533050,201392,37.78,0.96
1950,2021-03-16,PAB,1290,532,758,124,1166,ITH,ITH1,4,Provincia Autonoma Bolzano / Bozen,P.A. Bolzano,533050,202682,38.02,0.24
1951,2021-06-10,PAB,4443,2307,2136,1348,3095,ITH,ITH1,4,Provincia Autonoma Bolzano / Bozen,P.A. Bolzano,533050,207125,38.86,0.83
1952,2021-04-26,PAB,1543,771,772,1538,5,ITH,ITH1,4,Provincia Autonoma Bolzano / Bozen,P.A. Bolzano,533050,208668,39.15,0.29
1953,2021-01-18,PAB,1772,687,1085,1767,5,ITH,ITH1,4,Provincia Autonoma Bolzano / Bozen,P.A. Bolzano,533050,210440,39.48,0.33
1954,2021-02-16,PAB,530,205,325,530,0,ITH,ITH1,4,Provincia Autonoma Bolzano / Bozen,P.A. Bolzano,533050,210970,39.58,0.1
1955,2021-01-28,PAB,871,308,563,9,862,ITH,ITH1,4,Provincia Autonoma Bolzano / Bozen,P.A. Bolzano,533050,211841,39.74,0.16
1956,2021-04-25,PAB,3073,1497,1576,2401,672,ITH,ITH1,4,Provincia Autonoma Bolzano / Bozen,P.A. Bolzano,533050,214914,40.32,0.58
1957,2021-06-05,PAB,6068,3022,3046,4973,1095,ITH,ITH1,4,Provincia Autonoma Bolzano / Bozen,P.A. Bolzano,533050,220982,41.46,1.14
1958,2021-04-30,PAB,3342,1594,1748,1566,1776,ITH,ITH1,4,Provincia Autonoma Bolzano / Bozen,P.A. Bolzano,533050,224324,42.08,0.63
1959,2021-01-20,PAB,617,252,365,409,208,ITH,ITH1,4,Provincia Autonoma Bolzano / Bozen,P.A. Bolzano,533050,224941,42.2,0.12
1960,2021-01-06,PAB,59,18,41,59,0,ITH,ITH1,4,Provincia Autonoma Bolzano / Bozen,P.A. Bolzano,533050,225000,42.21,0.01
1961,2021-05-26,PAB,4939,2492,2447,2965,1974,ITH,ITH1,4,Provincia Autonoma Bolzano / Bozen,P.A. Bolzano,533050,229939,43.14,0.93
1962,2021-06-14,PAB,2904,1576,1328,547,2357,ITH,ITH1,4,Provincia Autonoma Bolzano / Bozen,P.A. Bolzano,533050,232843,43.68,0.54
1963,2021-02-15,PAB,72,42,30,26,46,ITH,ITH1,4,Provincia Autonoma Bolzano / Bozen,P.A. Bolzano,533050,232915,43.69,0.01
1964,2021-05-11,PAB,2844,1335,1509,1321,1523,ITH,ITH1,4,Provincia Autonoma Bolzano / Bozen,P.A. Bolzano,533050,235759,44.23,0.53
1965,2021-03-26,PAB,1657,733,924,523,1134,ITH,ITH1,4,Provincia Autonoma Bolzano / Bozen,P.A. Bolzano,533050,237416,44.54,0.31
1966,2021-04-09,PAB,2937,1301,1636,2207,730,ITH,ITH1,4,Provincia Autonoma Bolzano / Bozen,P.A. Bolzano,533050,240353,45.09,0.55
1967,2021-05-22,PAB,6821,3553,3268,4655,2166,ITH,ITH1,4,Provincia Autonoma Bolzano / Bozen,P.A. Bolzano,533050,247174,46.37,1.28
1968,2021-02-11,PAB,1094,432,662,239,855,ITH,ITH1,4,Provincia Autonoma Bolzano / Bozen,P.A. Bolzano,533050,248268,46.57,0.21
1969,2021-02-18,PAB,1839,457,1382,1832,7,ITH,ITH1,4,Provincia Autonoma Bolzano / Bozen,P.A. Bolzano,533050,250107,46.92,0.34
1970,2021-02-02,PAB,1745,506,1239,8,1737,ITH,ITH1,4,Provincia Autonoma Bolzano / Bozen,P.A. Bolzano,533050,251852,47.25,0.33
1971,2021-05-31,PAB,2987,1464,1523,2120,867,ITH,ITH1,4,Provincia Autonoma Bolzano / Bozen,P.A. Bolzano,533050,254839,47.81,0.56
1972,2021-01-13,PAB,1691,557,1134,1691,0,ITH,ITH1,4,Provincia Autonoma Bolzano / Bozen,P.A. Bolzano,533050,256530,48.12,0.32
1973,2021-01-30,PAB,498,245,253,4,494,ITH,ITH1,4,Provincia Autonoma Bolzano / Bozen,P.A. Bolzano,533050,257028,48.22,0.09
1974,2021-04-23,PAB,4543,2151,2392,3252,1291,ITH,ITH1,4,Provincia Autonoma Bolzano / Bozen,P.A. Bolzano,533050,261571,49.07,0.85
1975,2021-01-11,PAB,1574,513,1061,1574,0,ITH,ITH1,4,Provincia Autonoma Bolzano / Bozen,P.A. Bolzano,533050,263145,49.37,0.3
1976,2021-04-06,PAB,2250,1118,1132,2147,103,ITH,ITH1,4,Provincia Autonoma Bolzano / Bozen,P.A. Bolzano,533050,265395,49.79,0.42
1977,2021-05-12,PAB,3792,2058,1734,3639,153,ITH,ITH1,4,Provincia Autonoma Bolzano / Bozen,P.A. Bolzano,533050,269187,50.5,0.71
1978,2021-02-01,PAB,1452,440,1012,12,1440,ITH,ITH1,4,Provincia Autonoma Bolzano / Bozen,P.A. Bolzano,533050,270639,50.77,0.27
1979,2021-03-09,PAB,1194,543,651,1192,2,ITH,ITH1,4,Provincia Autonoma Bolzano / Bozen,P.A. Bolzano,533050,271833,51.0,0.22
1980,2021-05-23,PAB,4338,2303,2035,4330,8,ITH,ITH1,4,Provincia Autonoma Bolzano / Bozen,P.A. Bolzano,533050,276171,51.81,0.81
1981,2021-02-03,PAB,1503,478,1025,5,1498,ITH,ITH1,4,Provincia Autonoma Bolzano / Bozen,P.A. Bolzano,533050,277674,52.09,0.28
1982,2021-05-07,PAB,4193,2061,2132,3665,528,ITH,ITH1,4,Provincia Autonoma Bolzano / Bozen,P.A. Bolzano,533050,281867,52.88,0.79
1983,2021-07-03,PAB,3066,1542,1524,651,2415,ITH,ITH1,4,Provincia Autonoma Bolzano / Bozen,P.A. Bolzano,533050,284933,53.45,0.58
1984,2021-05-05,PAB,4154,1945,2209,2038,2116,ITH,ITH1,4,Provincia Autonoma Bolzano / Bozen,P.A. Bolzano,533050,289087,54.23,0.78
1985,2021-01-25,PAB,487,183,304,3,484,ITH,ITH1,4,Provincia Autonoma Bolzano / Bozen,P.A. Bolzano,533050,289574,54.32,0.09
1986,2021-03-23,PAB,1555,760,795,1554,1,ITH,ITH1,4,Provincia Autonoma Bolzano / Bozen,P.A. Bolzano,533050,291129,54.62,0.29
1987,2021-01-29,PAB,1497,510,987,24,1473,ITH,ITH1,4,Provincia Autonoma Bolzano / Bozen,P.A. Bolzano,533050,292626,54.9,0.28
1988,2021-04-22,PAB,2924,1501,1423,1982,942,ITH,ITH1,4,Provincia Autonoma Bolzano / Bozen,P.A. Bolzano,533050,295550,55.45,0.55
1989,2021-05-09,PAB,4241,2410,1831,3089,1152,ITH,ITH1,4,Provincia Autonoma Bolzano / Bozen,P.A. Bolzano,533050,299791,56.24,0.8
1990,2021-03-06,PAB,3973,2081,1892,3762,211,ITH,ITH1,4,Provincia Autonoma Bolzano / Bozen,P.A. Bolzano,533050,303764,56.99,0.75
1991,2021-05-28,PAB,5683,2896,2787,3793,1890,ITH,ITH1,4,Provincia Autonoma Bolzano / Bozen,P.A. Bolzano,533050,309447,58.05,1.07
1992,2021-02-17,PAB,156,51,105,139,17,ITH,ITH1,4,Provincia Autonoma Bolzano / Bozen,P.A. Bolzano,533050,309603,58.08,0.03
1993,2021-03-30,PAB,1299,532,767,219,1080,ITH,ITH1,4,Provincia Autonoma Bolzano / Bozen,P.A. Bolzano,533050,310902,58.33,0.24
1994,2021-04-16,PAB,2951,1419,1532,2440,511,ITH,ITH1,4,Provincia Autonoma Bolzano / Bozen,P.A. Bolzano,533050,313853,58.88,0.55
1995,2021-06-19,PAB,5614,2985,2629,580,5034,ITH,ITH1,4,Provincia Autonoma Bolzano / Bozen,P.A. Bolzano,533050,319467,59.93,1.05
1996,2021-03-11,PAB,1685,825,860,1147,538,ITH,ITH1,4,Provincia Autonoma Bolzano / Bozen,P.A. Bolzano,533050,321152,60.25,0.32
1997,2021-02-25,PAB,1498,549,949,1497,1,ITH,ITH1,4,Provincia Autonoma Bolzano / Bozen,P.A. Bolzano,533050,322650,60.53,0.28
1998,2021-06-02,PAB,1444,809,635,987,457,ITH,ITH1,4,Provincia Autonoma Bolzano / Bozen,P.A. Bolzano,533050,324094,60.8,0.27
1999,2021-02-08,PAB,2,1,1,1,1,ITH,ITH1,4,Provincia Autonoma Bolzano / Bozen,P.A. Bolzano,533050,324096,60.8,0.0
2000,2021-01-01,PAB,6,5,1,6,0,ITH,ITH1,4,Provincia Autonoma Bolzano / Bozen,P.A. Bolzano,533050,324102,60.8,0.0
2001,2021-06-07,PAB,2901,1506,1395,2582,319,ITH,ITH1,4,Provincia Autonoma Bolzano / Bozen,P.A. Bolzano,533050,327003,61.35,0.54
2002,2021-02-27,PAB,2458,759,1699,2448,10,ITH,ITH1,4,Provincia Autonoma Bolzano / Bozen,P.A. Bolzano,533050,329461,61.81,0.46
2003,2021-02-13,PAB,318,79,239,312,6,ITH,ITH1,4,Provincia Autonoma Bolzano / Bozen,P.A. Bolzano,533050,329779,61.87,0.06
2004,2021-04-11,PAB,2721,1292,1429,2544,177,ITH,ITH1,4,Provincia Autonoma Bolzano / Bozen,P.A. Bolzano,533050,332500,62.38,0.51
2005,2021-05-24,PAB,1444,762,682,1111,333,ITH,ITH1,4,Provincia Autonoma Bolzano / Bozen,P.A. Bolzano,533050,333944,62.65,0.27
2006,2021-02-20,PAB,1802,540,1262,1784,18,ITH,ITH1,4,Provincia Autonoma Bolzano / Bozen,P.A. Bolzano,533050,335746,62.99,0.34
2007,2021-04-18,PAB,3110,1607,1503,2100,1010,ITH,ITH1,4,Provincia Autonoma Bolzano / Bozen,P.A. Bolzano,533050,338856,63.57,0.58
2008,2020-12-30,PAB,388,182,206,388,0,ITH,ITH1,4,Provincia Autonoma Bolzano / Bozen,P.A. Bolzano,533050,339244,63.64,0.07
2009,2021-06-09,PAB,3789,1884,1905,1315,2474,ITH,ITH1,4,Provincia Autonoma Bolzano / Bozen,P.A. Bolzano,533050,343033,64.35,0.71
2010,2021-03-01,PAB,922,221,701,921,1,ITH,ITH1,4,Provincia Autonoma Bolzano / Bozen,P.A. Bolzano,533050,343955,64.53,0.17
2011,2021-03-15,PAB,1192,451,741,710,482,ITH,ITH1,4,Provincia Autonoma Bolzano / Bozen,P.A. Bolzano,533050,345147,64.75,0.22
2012,2021-04-27,PAB,2226,1013,1213,1149,1077,ITH,ITH1,4,Provincia Autonoma Bolzano / Bozen,P.A. Bolzano,533050,347373,65.17,0.42
2013,2021-01-17,PAB,2328,1044,1284,2317,11,ITH,ITH1,4,Provincia Autonoma Bolzano / Bozen,P.A. Bolzano,533050,349701,65.6,0.44
2014,2021-06-23,PAB,1133,584,549,369,764,ITH,ITH1,4,Provincia Autonoma Bolzano / Bozen,P.A. Bolzano,533050,350834,65.82,0.21
2015,2021-04-08,PAB,2767,1347,1420,2563,204,ITH,ITH1,4,Provincia Autonoma Bolzano / Bozen,P.A. Bolzano,533050,353601,66.34,0.52
2016,2020-12-27,PAB,144,65,79,144,0,ITH,ITH1,4,Provincia Autonoma Bolzano / Bozen,P.A. Bolzano,533050,353745,66.36,0.03
2017,2021-06-30,PAB,3021,1542,1479,418,2603,ITH,ITH1,4,Provincia Autonoma Bolzano / Bozen,P.A. Bolzano,533050,356766,66.93,0.57
2018,2021-06-11,PAB,5746,2947,2799,2276,3470,ITH,ITH1,4,Provincia Autonoma Bolzano / Bozen,P.A. Bolzano,533050,362512,68.01,1.08
2019,2021-03-20,PAB,1758,849,909,1133,625,ITH,ITH1,4,Provincia Autonoma Bolzano / Bozen,P.A. Bolzano,533050,364270,68.34,0.33
2020,2021-04-01,PAB,2786,1407,1379,2642,144,ITH,ITH1,4,Provincia Autonoma Bolzano / Bozen,P.A. Bolzano,533050,367056,68.86,0.52
2021,2021-05-30,PAB,4762,2515,2247,752,4010,ITH,ITH1,4,Provincia Autonoma Bolzano / Bozen,P.A. Bolzano,533050,371818,69.75,0.89
2022,2021-04-03,PAB,831,364,467,21,810,ITH,ITH1,4,Provincia Autonoma Bolzano / Bozen,P.A. Bolzano,533050,372649,69.91,0.16
2023,2021-03-25,PAB,2150,1063,1087,1707,443,ITH,ITH1,4,Provincia Autonoma Bolzano / Bozen,P.A. Bolzano,533050,374799,70.31,0.4
2024,2021-01-27,PAB,84,28,56,1,83,ITH,ITH1,4,Provincia Autonoma Bolzano / Bozen,P.A. Bolzano,533050,374883,70.33,0.02
2025,2021-01-15,PAB,3282,1228,2054,3282,0,ITH,ITH1,4,Provincia Autonoma Bolzano / Bozen,P.A. Bolzano,533050,378165,70.94,0.62
2026,2021-06-18,PAB,4053,2108,1945,1154,2899,ITH,ITH1,4,Provincia Autonoma Bolzano / Bozen,P.A. Bolzano,533050,382218,71.7,0.76
2027,2021-01-08,PAB,1521,479,1042,1521,0,ITH,ITH1,4,Provincia Autonoma Bolzano / Bozen,P.A. Bolzano,533050,383739,71.99,0.29
2028,2021-02-10,PAB,1636,605,1031,26,1610,ITH,ITH1,4,Provincia Autonoma Bolzano / Bozen,P.A. Bolzano,533050,385375,72.3,0.31
2029,2021-05-21,PAB,6924,3806,3118,5079,1845,ITH,ITH1,4,Provincia Autonoma Bolzano / Bozen,P.A. Bolzano,533050,392299,73.6,1.3
2030,2021-05-16,PAB,2025,932,1093,1333,692,ITH,ITH1,4,Provincia Autonoma Bolzano / Bozen,P.A. Bolzano,533050,394324,73.98,0.38
2031,2021-05-19,PAB,3637,1850,1787,1851,1786,ITH,ITH1,4,Provincia Autonoma Bolzano / Bozen,P.A. Bolzano,533050,397961,74.66,0.68
2032,2021-01-03,PAB,41,16,25,41,0,ITH,ITH1,4,Provincia Autonoma Bolzano / Bozen,P.A. Bolzano,533050,398002,74.67,0.01
2033,2021-04-13,PAB,2395,1132,1263,2388,7,ITH,ITH1,4,Provincia Autonoma Bolzano / Bozen,P.A. Bolzano,533050,400397,75.11,0.45
2034,2021-02-22,PAB,526,143,383,514,12,ITH,ITH1,4,Provincia Autonoma Bolzano / Bozen,P.A. Bolzano,533050,400923,75.21,0.1
2035,2021-04-20,PAB,1562,784,778,1560,2,ITH,ITH1,4,Provincia Autonoma Bolzano / Bozen,P.A. Bolzano,533050,402485,75.51,0.29
2036,2021-01-10,PAB,2,2,0,2,0,ITH,ITH1,4,Provincia Autonoma Bolzano / Bozen,P.A. Bolzano,533050,402487,75.51,0.0
2037,2021-06-16,PAB,3812,2018,1794,9,3803,ITH,ITH1,4,Provincia Autonoma Bolzano / Bozen,P.A. Bolzano,533050,406299,76.22,0.72
2038,2021-03-08,PAB,1210,534,676,1183,27,ITH,ITH1,4,Provincia Autonoma Bolzano / Bozen,P.A. Bolzano,533050,407509,76.45,0.23
2039,2021-05-04,PAB,3449,1843,1606,2412,1037,ITH,ITH1,4,Provincia Autonoma Bolzano / Bozen,P.A. Bolzano,533050,410958,77.1,0.65
2040,2021-06-28,PAB,4596,2299,2297,229,4367,ITH,ITH1,4,Provincia Autonoma Bolzano / Bozen,P.A. Bolzano,533050,415554,77.96,0.86
2041,2021-01-04,PAB,508,201,307,508,0,ITH,ITH1,4,Provincia Autonoma Bolzano / Bozen,P.A. Bolzano,533050,416062,78.05,0.1
2042,2021-02-06,PAB,2626,1171,1455,19,2607,ITH,ITH1,4,Provincia Autonoma Bolzano / Bozen,P.A. Bolzano,533050,418688,78.55,0.49
2043,2021-06-21,PAB,3137,1596,1541,270,2867,ITH,ITH1,4,Provincia Autonoma Bolzano / Bozen,P.A. Bolzano,533050,421825,79.13,0.59
2044,2021-03-28,PAB,569,212,357,11,558,ITH,ITH1,4,Provincia Autonoma Bolzano / Bozen,P.A. Bolzano,533050,422394,79.24,0.11
2045,2021-06-04,PAB,6467,3238,3229,4937,1530,ITH,ITH1,4,Provincia Autonoma Bolzano / Bozen,P.A. Bolzano,533050,428861,80.45,1.21
2046,2021-02-24,PAB,1367,406,961,1355,12,ITH,ITH1,4,Provincia Autonoma Bolzano / Bozen,P.A. Bolzano,533050,430228,80.71,0.26
2047,2021-03-27,PAB,3051,1554,1497,1543,1508,ITH,ITH1,4,Provincia Autonoma Bolzano / Bozen,P.A. Bolzano,533050,433279,81.28,0.57
2048,2021-03-13,PAB,2885,1459,1426,2784,101,ITH,ITH1,4,Provincia Autonoma Bolzano / Bozen,P.A. Bolzano,533050,436164,81.82,0.54
2049,2021-02-05,PAB,3195,1181,2014,8,3187,ITH,ITH1,4,Provincia Autonoma Bolzano / Bozen,P.A. Bolzano,533050,439359,82.42,0.6
2050,2021-04-15,PAB,4399,2307,2092,4136,263,ITH,ITH1,4,Provincia Autonoma Bolzano / Bozen,P.A. Bolzano,533050,443758,83.25,0.83
2051,2021-05-02,PAB,2457,1288,1169,1536,921,ITH,ITH1,4,Provincia Autonoma Bolzano / Bozen,P.A. Bolzano,533050,446215,83.71,0.46
2052,2021-01-22,PAB,248,143,105,124,124,ITH,ITH1,4,Provincia Autonoma Bolzano / Bozen,P.A. Bolzano,533050,446463,83.76,0.05
2053,2021-07-03,UMB,4021,1973,2048,1366,2655,ITI,ITI2,10,Umbria,Umbria,882015,4021,0.46,0.46
2054,2021-01-01,UMB,273,104,169,273,0,ITI,ITI2,10,Umbria,Umbria,882015,4294,0.49,0.03
2055,2021-04-11,UMB,3097,1504,1593,3048,49,ITI,ITI2,10,Umbria,Umbria,882015,7391,0.84,0.35
2056,2021-06-02,UMB,3914,1881,2033,3874,40,ITI,ITI2,10,Umbria,Umbria,882015,11305,1.28,0.44
2057,2021-02-20,UMB,283,101,182,259,24,ITI,ITI2,10,Umbria,Umbria,882015,11588,1.31,0.03
2058,2021-03-09,UMB,4088,2000,2088,2800,1288,ITI,ITI2,10,Umbria,Umbria,882015,15676,1.78,0.46
2059,2021-05-31,UMB,5802,2837,2965,4918,884,ITI,ITI2,10,Umbria,Umbria,882015,21478,2.44,0.66
2060,2021-05-14,UMB,5323,2507,2816,3506,1817,ITI,ITI2,10,Umbria,Umbria,882015,26801,3.04,0.6
2061,2021-04-06,UMB,5287,2165,3122,2900,2387,ITI,ITI2,10,Umbria,Umbria,882015,32088,3.64,0.6
2062,2021-03-28,UMB,1095,441,654,1071,24,ITI,ITI2,10,Umbria,Umbria,882015,33183,3.76,0.12
2063,2021-01-30,UMB,1575,486,1089,44,1531,ITI,ITI2,10,Umbria,Umbria,882015,34758,3.94,0.18
2064,2021-03-23,UMB,3790,1682,2108,2161,1629,ITI,ITI2,10,Umbria,Umbria,882015,38548,4.37,0.43
2065,2021-07-01,UMB,9565,4740,4825,3383,6182,ITI,ITI2,10,Umbria,Umbria,882015,48113,5.45,1.08
2066,2021-02-08,UMB,635,203,432,88,547,ITI,ITI2,10,Umbria,Umbria,882015,48748,5.53,0.07
2067,2021-05-19,UMB,9411,4211,5200,5668,3743,ITI,ITI2,10,Umbria,Umbria,882015,58159,6.59,1.07
2068,2021-02-06,UMB,396,138,258,34,362,ITI,ITI2,10,Umbria,Umbria,882015,58555,6.64,0.04
2069,2021-02-13,UMB,114,27,87,111,3,ITI,ITI2,10,Umbria,Umbria,882015,58669,6.65,0.01
2070,2021-05-24,UMB,9054,4509,4545,8175,879,ITI,ITI2,10,Umbria,Umbria,882015,67723,7.68,1.03
2071,2021-04-18,UMB,1531,681,850,601,930,ITI,ITI2,10,Umbria,Umbria,882015,69254,7.85,0.17
2072,2021-01-11,UMB,1303,341,962,1303,0,ITI,ITI2,10,Umbria,Umbria,882015,70557,8.0,0.15
2073,2021-05-05,UMB,7207,3298,3909,3903,3304,ITI,ITI2,10,Umbria,Umbria,882015,77764,8.82,0.82
2074,2021-01-25,UMB,648,323,325,5,643,ITI,ITI2,10,Umbria,Umbria,882015,78412,8.89,0.07
2075,2021-04-04,UMB,57,20,37,22,35,ITI,ITI2,10,Umbria,Umbria,882015,78469,8.9,0.01
2076,2021-06-07,UMB,6941,3425,3516,6248,693,ITI,ITI2,10,Umbria,Umbria,882015,85410,9.68,0.79
2077,2021-03-16,UMB,3538,1454,2084,1911,1627,ITI,ITI2,10,Umbria,Umbria,882015,88948,10.08,0.4
2078,2021-02-27,UMB,1658,354,1304,1642,16,ITI,ITI2,10,Umbria,Umbria,882015,90606,10.27,0.19
2079,2021-05-07,UMB,10092,4697,5395,6904,3188,ITI,ITI2,10,Umbria,Umbria,882015,100698,11.42,1.14
2080,2021-04-23,UMB,6604,2782,3822,3484,3120,ITI,ITI2,10,Umbria,Umbria,882015,107302,12.17,0.75
2081,2021-02-25,UMB,1332,495,837,1280,52,ITI,ITI2,10,Umbria,Umbria,882015,108634,12.32,0.15
2082,2021-03-11,UMB,3582,1722,1860,2576,1006,ITI,ITI2,10,Umbria,Umbria,882015,112216,12.72,0.41
2083,2021-01-13,UMB,449,139,310,449,0,ITI,ITI2,10,Umbria,Umbria,882015,112665,12.77,0.05
2084,2021-06-19,UMB,4564,2199,2365,2534,2030,ITI,ITI2,10,Umbria,Umbria,882015,117229,13.29,0.52
2085,2021-01-06,UMB,846,325,521,846,0,ITI,ITI2,10,Umbria,Umbria,882015,118075,13.39,0.1
2086,2021-06-12,UMB,7706,3683,4023,6129,1577,ITI,ITI2,10,Umbria,Umbria,882015,125781,14.26,0.87
2087,2021-04-16,UMB,8095,3739,4356,6257,1838,ITI,ITI2,10,Umbria,Umbria,882015,133876,15.18,0.92
2088,2021-04-30,UMB,6249,2971,3278,2852,3397,ITI,ITI2,10,Umbria,Umbria,882015,140125,15.89,0.71
2089,2021-03-04,UMB,4484,1855,2629,3657,827,ITI,ITI2,10,Umbria,Umbria,882015,144609,16.4,0.51
2090,2021-01-20,UMB,602,221,381,602,0,ITI,ITI2,10,Umbria,Umbria,882015,145211,16.46,0.07
2091,2021-06-14,UMB,5369,2744,2625,3360,2009,ITI,ITI2,10,Umbria,Umbria,882015,150580,17.07,0.61
2092,2021-01-18,UMB,613,218,395,529,84,ITI,ITI2,10,Umbria,Umbria,882015,151193,17.14,0.07
2093,2021-05-30,UMB,5982,2999,2983,5780,202,ITI,ITI2,10,Umbria,Umbria,882015,157175,17.82,0.68
2094,2021-03-08,UMB,3696,1822,1874,2335,1361,ITI,ITI2,10,Umbria,Umbria,882015,160871,18.24,0.42
2095,2021-06-16,UMB,6312,3091,3221,3219,3093,ITI,ITI2,10,Umbria,Umbria,882015,167183,18.95,0.72
2096,2021-03-25,UMB,3898,1698,2200,2835,1063,ITI,ITI2,10,Umbria,Umbria,882015,171081,19.4,0.44
2097,2021-03-27,UMB,4251,1513,2738,3911,340,ITI,ITI2,10,Umbria,Umbria,882015,175332,19.88,0.48
2098,2021-05-12,UMB,6488,3025,3463,4342,2146,ITI,ITI2,10,Umbria,Umbria,882015,181820,20.61,0.74
2099,2021-03-30,UMB,3976,1729,2247,2436,1540,ITI,ITI2,10,Umbria,Umbria,882015,185796,21.06,0.45
2100,2020-12-27,UMB,84,44,40,84,0,ITI,ITI2,10,Umbria,Umbria,882015,185880,21.07,0.01
2101,2021-02-22,UMB,1889,807,1082,1803,86,ITI,ITI2,10,Umbria,Umbria,882015,187769,21.29,0.21
2102,2021-06-11,UMB,6903,3465,3438,6137,766,ITI,ITI2,10,Umbria,Umbria,882015,194672,22.07,0.78
2103,2021-05-26,UMB,9645,4563,5082,8395,1250,ITI,ITI2,10,Umbria,Umbria,882015,204317,23.16,1.09
2104,2021-05-28,UMB,9582,4434,5148,7287,2295,ITI,ITI2,10,Umbria,Umbria,882015,213899,24.25,1.09
2105,2021-04-15,UMB,7634,3493,4141,5747,1887,ITI,ITI2,10,Umbria,Umbria,882015,221533,25.12,0.87
2106,2021-02-17,UMB,1618,748,870,1267,351,ITI,ITI2,10,Umbria,Umbria,882015,223151,25.3,0.18
2107,2021-04-13,UMB,7675,3396,4279,6007,1668,ITI,ITI2,10,Umbria,Umbria,882015,230826,26.17,0.87
2108,2021-02-15,UMB,1367,692,675,1366,1,ITI,ITI2,10,Umbria,Umbria,882015,232193,26.33,0.15
2109,2021-02-01,UMB,1284,341,943,48,1236,ITI,ITI2,10,Umbria,Umbria,882015,233477,26.47,0.15
2110,2021-02-18,UMB,1496,582,914,1030,466,ITI,ITI2,10,Umbria,Umbria,882015,234973,26.64,0.17
2111,2021-05-16,UMB,5218,2492,2726,5169,49,ITI,ITI2,10,Umbria,Umbria,882015,240191,27.23,0.59
2112,2021-03-18,UMB,2965,1171,1794,1703,1262,ITI,ITI2,10,Umbria,Umbria,882015,243156,27.57,0.34
2113,2021-06-26,UMB,9291,4720,4571,5675,3616,ITI,ITI2,10,Umbria,Umbria,882015,252447,28.62,1.05
2114,2021-04-20,UMB,5444,2360,3084,3497,1947,ITI,ITI2,10,Umbria,Umbria,882015,257891,29.24,0.62
2115,2021-01-27,UMB,840,330,510,13,827,ITI,ITI2,10,Umbria,Umbria,882015,258731,29.33,0.1
2116,2021-01-10,UMB,1065,274,791,1065,0,ITI,ITI2,10,Umbria,Umbria,882015,259796,29.45,0.12
2117,2021-05-21,UMB,8970,3668,5302,4142,4828,ITI,ITI2,10,Umbria,Umbria,882015,268766,30.47,1.02
2118,2021-05-04,UMB,5535,2544,2991,2412,3123,ITI,ITI2,10,Umbria,Umbria,882015,274301,31.1,0.63
2119,2021-04-01,UMB,4372,1837,2535,2363,2009,ITI,ITI2,10,Umbria,Umbria,882015,278673,31.6,0.5
2120,2021-04-03,UMB,2097,712,1385,1045,1052,ITI,ITI2,10,Umbria,Umbria,882015,280770,31.83,0.24
2121,2021-01-08,UMB,1187,344,843,1187,0,ITI,ITI2,10,Umbria,Umbria,882015,281957,31.97,0.13
2122,2021-05-23,UMB,5068,1854,3214,652,4416,ITI,ITI2,10,Umbria,Umbria,882015,287025,32.54,0.57
2123,2021-06-30,UMB,10433,5276,5157,3755,6678,ITI,ITI2,10,Umbria,Umbria,882015,297458,33.72,1.18
2124,2021-06-18,UMB,4759,2349,2410,1607,3152,ITI,ITI2,10,Umbria,Umbria,882015,302217,34.26,0.54
2125,2021-05-13,UMB,5914,2657,3257,3831,2083,ITI,ITI2,10,Umbria,Umbria,882015,308131,34.93,0.67
2126,2021-02-19,UMB,743,293,450,526,217,ITI,ITI2,10,Umbria,Umbria,882015,308874,35.02,0.08
2127,2021-04-25,UMB,4357,1684,2673,4275,82,ITI,ITI2,10,Umbria,Umbria,882015,313231,35.51,0.49
2128,2021-06-21,UMB,7491,3925,3566,5154,2337,ITI,ITI2,10,Umbria,Umbria,882015,320722,36.36,0.85
2129,2021-03-06,UMB,4304,1146,3158,4166,138,ITI,ITI2,10,Umbria,Umbria,882015,325026,36.85,0.49
2130,2021-01-22,UMB,276,105,171,32,244,ITI,ITI2,10,Umbria,Umbria,882015,325302,36.88,0.03
2131,2021-06-28,UMB,9655,4775,4880,3759,5896,ITI,ITI2,10,Umbria,Umbria,882015,334957,37.98,1.09
2132,2021-04-08,UMB,5858,2509,3349,4069,1789,ITI,ITI2,10,Umbria,Umbria,882015,340815,38.64,0.66
2133,2021-06-04,UMB,8904,4401,4503,7710,1194,ITI,ITI2,10,Umbria,Umbria,882015,349719,39.65,1.01
2134,2021-06-13,UMB,6763,3556,3207,6533,230,ITI,ITI2,10,Umbria,Umbria,882015,356482,40.42,0.77
2135,2021-05-01,UMB,5370,2638,2732,2140,3230,ITI,ITI2,10,Umbria,Umbria,882015,361852,41.03,0.61
2136,2021-03-05,UMB,4619,1402,3217,3963,656,ITI,ITI2,10,Umbria,Umbria,882015,366471,41.55,0.52
2137,2021-01-03,UMB,270,112,158,270,0,ITI,ITI2,10,Umbria,Umbria,882015,366741,41.58,0.03
2138,2021-04-22,UMB,5444,2246,3198,2780,2664,ITI,ITI2,10,Umbria,Umbria,882015,372185,42.2,0.62
2139,2021-04-17,UMB,6676,3069,3607,5336,1340,ITI,ITI2,10,Umbria,Umbria,882015,378861,42.95,0.76
2140,2021-04-27,UMB,5663,2401,3262,3085,2578,ITI,ITI2,10,Umbria,Umbria,882015,384524,43.6,0.64
2141,2021-02-03,UMB,724,174,550,67,657,ITI,ITI2,10,Umbria,Umbria,882015,385248,43.68,0.08
2142,2021-02-05,UMB,780,234,546,18,762,ITI,ITI2,10,Umbria,Umbria,882015,386028,43.77,0.09
2143,2021-04-12,UMB,7085,3081,4004,5368,1717,ITI,ITI2,10,Umbria,Umbria,882015,393113,44.57,0.8
2144,2021-01-19,UMB,102,23,79,102,0,ITI,ITI2,10,Umbria,Umbria,882015,393215,44.58,0.01
2145,2021-03-01,UMB,1504,774,730,1390,114,ITI,ITI2,10,Umbria,Umbria,882015,394719,44.75,0.17
2146,2021-06-09,UMB,8061,3907,4154,7340,721,ITI,ITI2,10,Umbria,Umbria,882015,402780,45.67,0.91
2147,2021-06-23,UMB,11184,5713,5471,7789,3395,ITI,ITI2,10,Umbria,Umbria,882015,413964,46.93,1.27
2148,2021-03-15,UMB,4594,1938,2656,2828,1766,ITI,ITI2,10,Umbria,Umbria,882015,418558,47.45,0.52
2149,2021-02-10,UMB,714,348,366,699,15,ITI,ITI2,10,Umbria,Umbria,882015,419272,47.54,0.08
2150,2021-01-24,UMB,258,106,152,1,257,ITI,ITI2,10,Umbria,Umbria,882015,419530,47.56,0.03
2151,2021-06-01,UMB,4380,2089,2291,4225,155,ITI,ITI2,10,Umbria,Umbria,882015,423910,48.06,0.5
2152,2021-03-10,UMB,4031,1943,2088,2775,1256,ITI,ITI2,10,Umbria,Umbria,882015,427941,48.52,0.46
2153,2021-01-16,UMB,217,71,146,217,0,ITI,ITI2,10,Umbria,Umbria,882015,428158,48.54,0.02
2154,2021-02-02,UMB,942,272,670,32,910,ITI,ITI2,10,Umbria,Umbria,882015,429100,48.65,0.11
2155,2021-05-11,UMB,6223,2828,3395,4029,2194,ITI,ITI2,10,Umbria,Umbria,882015,435323,49.36,0.71
2156,2021-03-29,UMB,3629,1600,2029,2210,1419,ITI,ITI2,10,Umbria,Umbria,882015,438952,49.77,0.41
2157,2021-01-31,UMB,1058,276,782,25,1033,ITI,ITI2,10,Umbria,Umbria,882015,440010,49.89,0.12
2158,2021-05-25,UMB,8812,4300,4512,7750,1062,ITI,ITI2,10,Umbria,Umbria,882015,448822,50.89,1.0
2159,2021-05-02,UMB,3780,1866,1914,1326,2454,ITI,ITI2,10,Umbria,Umbria,882015,452602,51.31,0.43
2160,2021-03-20,UMB,2319,845,1474,2294,25,ITI,ITI2,10,Umbria,Umbria,882015,454921,51.58,0.26
2161,2021-03-13,UMB,1735,524,1211,1486,249,ITI,ITI2,10,Umbria,Umbria,882015,456656,51.77,0.2
2162,2021-01-15,UMB,695,213,482,695,0,ITI,ITI2,10,Umbria,Umbria,882015,457351,51.85,0.08
2163,2021-01-29,UMB,1230,348,882,79,1151,ITI,ITI2,10,Umbria,Umbria,882015,458581,51.99,0.14
2164,2021-05-09,UMB,5753,2752,3001,5362,391,ITI,ITI2,10,Umbria,Umbria,882015,464334,52.64,0.65
2165,2021-04-29,UMB,5209,2245,2964,2889,2320,ITI,ITI2,10,Umbria,Umbria,882015,469543,53.24,0.59
2166,2021-03-24,UMB,4103,1792,2311,2780,1323,ITI,ITI2,10,Umbria,Umbria,882015,473646,53.7,0.47
2167,2021-07-02,UMB,8538,4222,4316,3106,5432,ITI,ITI2,10,Umbria,Umbria,882015,482184,54.67,0.97
2168,2021-04-10,UMB,7389,3477,3912,7305,84,ITI,ITI2,10,Umbria,Umbria,882015,489573,55.51,0.84
2169,2021-01-17,UMB,54,17,37,54,0,ITI,ITI2,10,Umbria,Umbria,882015,489627,55.51,0.01
2170,2020-12-31,UMB,322,127,195,322,0,ITI,ITI2,10,Umbria,Umbria,882015,489949,55.55,0.04
2171,2021-06-15,UMB,5966,3010,2956,3906,2060,ITI,ITI2,10,Umbria,Umbria,882015,495915,56.23,0.68
2172,2021-03-03,UMB,4431,1770,2661,3721,710,ITI,ITI2,10,Umbria,Umbria,882015,500346,56.73,0.5
2173,2021-06-06,UMB,7608,3904,3704,6915,693,ITI,ITI2,10,Umbria,Umbria,882015,507954,57.59,0.86
2174,2021-02-24,UMB,1518,563,955,1503,15,ITI,ITI2,10,Umbria,Umbria,882015,509472,57.76,0.17
2175,2021-05-10,UMB,5974,2793,3181,3826,2148,ITI,ITI2,10,Umbria,Umbria,882015,515446,58.44,0.68
2176,2021-01-05,UMB,854,429,425,854,0,ITI,ITI2,10,Umbria,Umbria,882015,516300,58.54,0.1
2177,2021-06-20,UMB,6208,3000,3208,1580,4628,ITI,ITI2,10,Umbria,Umbria,882015,522508,59.24,0.7
2178,2021-04-24,UMB,4558,1960,2598,3377,1181,ITI,ITI2,10,Umbria,Umbria,882015,527066,59.76,0.52
2179,2021-01-12,UMB,834,247,587,834,0,ITI,ITI2,10,Umbria,Umbria,882015,527900,59.85,0.09
2180,2021-03-14,UMB,66,48,18,66,0,ITI,ITI2,10,Umbria,Umbria,882015,527966,59.86,0.01
2181,2021-06-22,UMB,8009,4060,3949,5237,2772,ITI,ITI2,10,Umbria,Umbria,882015,535975,60.77,0.91
2182,2021-04-26,UMB,5380,2332,3048,3129,2251,ITI,ITI2,10,Umbria,Umbria,882015,541355,61.38,0.61
2183,2021-04-09,UMB,6731,3125,3606,6522,209,ITI,ITI2,10,Umbria,Umbria,882015,548086,62.14,0.76
2184,2021-04-28,UMB,5378,2326,3052,2983,2395,ITI,ITI2,10,Umbria,Umbria,882015,553464,62.75,0.61
2185,2021-02-04,UMB,733,226,507,25,708,ITI,ITI2,10,Umbria,Umbria,882015,554197,62.83,0.08
2186,2021-05-15,UMB,4988,1881,3107,1825,3163,ITI,ITI2,10,Umbria,Umbria,882015,559185,63.4,0.57
2187,2021-06-08,UMB,7369,3636,3733,6826,543,ITI,ITI2,10,Umbria,Umbria,882015,566554,64.23,0.84
2188,2021-06-27,UMB,7450,3728,3722,1763,5687,ITI,ITI2,10,Umbria,Umbria,882015,574004,65.08,0.84
2189,2021-05-20,UMB,9830,4585,5245,6180,3650,ITI,ITI2,10,Umbria,Umbria,882015,583834,66.19,1.11
2190,2021-05-18,UMB,7731,3349,4382,3894,3837,ITI,ITI2,10,Umbria,Umbria,882015,591565,67.07,0.88
2191,2021-03-22,UMB,3560,1655,1905,2314,1246,ITI,ITI2,10,Umbria,Umbria,882015,595125,67.47,0.4
2192,2021-04-05,UMB,4248,1728,2520,2193,2055,ITI,ITI2,10,Umbria,Umbria,882015,599373,67.95,0.48
2193,2021-02-07,UMB,54,17,37,1,53,ITI,ITI2,10,Umbria,Umbria,882015,599427,67.96,0.01
2194,2021-06-17,UMB,6941,3516,3425,4886,2055,ITI,ITI2,10,Umbria,Umbria,882015,606368,68.75,0.79
2195,2021-03-26,UMB,4588,1712,2876,4416,172,ITI,ITI2,10,Umbria,Umbria,882015,610956,69.27,0.52
2196,2021-01-02,UMB,304,111,193,304,0,ITI,ITI2,10,Umbria,Umbria,882015,611260,69.3,0.03
2197,2021-03-07,UMB,845,180,665,838,7,ITI,ITI2,10,Umbria,Umbria,882015,612105,69.4,0.1
2198,2021-05-29,UMB,7851,3607,4244,6285,1566,ITI,ITI2,10,Umbria,Umbria,882015,619956,70.29,0.89
2199,2021-03-12,UMB,2694,1081,1613,2199,495,ITI,ITI2,10,Umbria,Umbria,882015,622650,70.59,0.31
2200,2021-03-21,UMB,675,338,337,675,0,ITI,ITI2,10,Umbria,Umbria,882015,623325,70.67,0.08
2201,2021-06-29,UMB,9843,5010,4833,4171,5672,ITI,ITI2,10,Umbria,Umbria,882015,633168,71.79,1.12
2202,2021-05-17,UMB,6367,3060,3307,4190,2177,ITI,ITI2,10,Umbria,Umbria,882015,639535,72.51,0.72
2203,2021-01-14,UMB,722,192,530,722,0,ITI,ITI2,10,Umbria,Umbria,882015,640257,72.59,0.08
2204,2021-03-19,UMB,1740,565,1175,1084,656,ITI,ITI2,10,Umbria,Umbria,882015,641997,72.79,0.2
2205,2021-03-31,UMB,3897,1728,2169,2211,1686,ITI,ITI2,10,Umbria,Umbria,882015,645894,73.23,0.44
2206,2021-02-16,UMB,1308,655,653,1299,9,ITI,ITI2,10,Umbria,Umbria,882015,647202,73.38,0.15
2207,2021-05-27,UMB,9964,4864,5100,8646,1318,ITI,ITI2,10,Umbria,Umbria,882015,657166,74.51,1.13
2208,2021-01-04,UMB,809,398,411,809,0,ITI,ITI2,10,Umbria,Umbria,882015,657975,74.6,0.09
2209,2021-04-14,UMB,8147,3678,4469,6168,1979,ITI,ITI2,10,Umbria,Umbria,882015,666122,75.52,0.92
2210,2021-06-03,UMB,9031,4463,4568,8746,285,ITI,ITI2,10,Umbria,Umbria,882015,675153,76.55,1.02
2211,2021-04-07,UMB,5571,2292,3279,3567,2004,ITI,ITI2,10,Umbria,Umbria,882015,680724,77.18,0.63
2212,2021-02-23,UMB,1691,657,1034,1649,42,ITI,ITI2,10,Umbria,Umbria,882015,682415,77.37,0.19
2213,2021-05-08,UMB,8126,3738,4388,4900,3226,ITI,ITI2,10,Umbria,Umbria,882015,690541,78.29,0.92
2214,2021-01-28,UMB,1248,394,854,19,1229,ITI,ITI2,10,Umbria,Umbria,882015,691789,78.43,0.14
2215,2021-05-03,UMB,5086,2270,2816,2199,2887,ITI,ITI2,10,Umbria,Umbria,882015,696875,79.01,0.58
2216,2021-01-23,UMB,280,100,180,2,278,ITI,ITI2,10,Umbria,Umbria,882015,697155,79.04,0.03
2217,2021-01-21,UMB,608,202,406,339,269,ITI,ITI2,10,Umbria,Umbria,882015,697763,79.11,0.07
2218,2021-02-11,UMB,839,348,491,834,5,ITI,ITI2,10,Umbria,Umbria,882015,698602,79.21,0.1
2219,2021-05-22,UMB,6959,2752,4207,2640,4319,ITI,ITI2,10,Umbria,Umbria,882015,705561,79.99,0.79
2220,2021-04-02,UMB,4343,1778,2565,3588,755,ITI,ITI2,10,Umbria,Umbria,882015,709904,80.49,0.49
2221,2021-01-09,UMB,1717,495,1222,1717,0,ITI,ITI2,10,Umbria,Umbria,882015,711621,80.68,0.19
2222,2021-04-19,UMB,5030,2224,2806,2982,2048,ITI,ITI2,10,Umbria,Umbria,882015,716651,81.25,0.57
2223,2021-06-05,UMB,8221,3775,4446,5567,2654,ITI,ITI2,10,Umbria,Umbria,882015,724872,82.18,0.93
2224,2021-03-17,UMB,3328,1313,2015,1856,1472,ITI,ITI2,10,Umbria,Umbria,882015,728200,82.56,0.38
2225,2021-01-07,UMB,1300,387,913,1300,0,ITI,ITI2,10,Umbria,Umbria,882015,729500,82.71,0.15
2226,2021-06-25,UMB,10075,5217,4858,5372,4703,ITI,ITI2,10,Umbria,Umbria,882015,739575,83.85,1.14
2227,2021-01-26,UMB,815,389,426,17,798,ITI,ITI2,10,Umbria,Umbria,882015,740390,83.94,0.09
2228,2021-02-12,UMB,670,224,446,664,6,ITI,ITI2,10,Umbria,Umbria,882015,741060,84.02,0.08
2229,2021-02-26,UMB,660,253,407,652,8,ITI,ITI2,10,Umbria,Umbria,882015,741720,84.09,0.07
2230,2021-05-06,UMB,9451,4313,5138,6137,3314,ITI,ITI2,10,Umbria,Umbria,882015,751171,85.17,1.07
2231,2021-06-10,UMB,7451,3715,3736,6678,773,ITI,ITI2,10,Umbria,Umbria,882015,758622,86.01,0.84
2232,2021-04-21,UMB,5319,2315,3004,3092,2227,ITI,ITI2,10,Umbria,Umbria,882015,763941,86.61,0.6
2233,2021-03-02,UMB,3641,1346,2295,3637,4,ITI,ITI2,10,Umbria,Umbria,882015,767582,87.03,0.41
2234,2021-06-24,UMB,10103,5096,5007,6116,3987,ITI,ITI2,10,Umbria,Umbria,882015,777685,88.17,1.15
2235,2021-02-05,VDA,294,102,192,101,193,ITC,ITC2,2,Valle d'Aosta / Vallée d'Aoste,Valle d'Aosta,125666,294,0.23,0.23
2236,2021-02-22,VDA,316,94,222,213,103,ITC,ITC2,2,Valle d'Aosta / Vallée d'Aoste,Valle d'Aosta,125666,610,0.49,0.25
2237,2021-05-16,VDA,688,341,347,347,341,ITC,ITC2,2,Valle d'Aosta / Vallée d'Aoste,Valle d'Aosta,125666,1298,1.03,0.55
2238,2021-04-15,VDA,810,377,433,671,139,ITC,ITC2,2,Valle d'Aosta / Vallée d'Aoste,Valle d'Aosta,125666,2108,1.68,0.64
2239,2021-04-13,VDA,373,171,202,329,44,ITC,ITC2,2,Valle d'Aosta / Vallée d'Aoste,Valle d'Aosta,125666,2481,1.97,0.3
2240,2021-03-27,VDA,333,164,169,302,31,ITC,ITC2,2,Valle d'Aosta / Vallée d'Aoste,Valle d'Aosta,125666,2814,2.24,0.26
2241,2021-05-30,VDA,865,429,436,694,171,ITC,ITC2,2,Valle d'Aosta / Vallée d'Aoste,Valle d'Aosta,125666,3679,2.93,0.69
2242,2021-05-28,VDA,975,414,561,563,412,ITC,ITC2,2,Valle d'Aosta / Vallée d'Aoste,Valle d'Aosta,125666,4654,3.7,0.78
2243,2021-02-17,VDA,327,144,183,227,100,ITC,ITC2,2,Valle d'Aosta / Vallée d'Aoste,Valle d'Aosta,125666,4981,3.96,0.26
2244,2021-02-10,VDA,248,77,171,141,107,ITC,ITC2,2,Valle d'Aosta / Vallée d'Aoste,Valle d'Aosta,125666,5229,4.16,0.2
2245,2021-02-03,VDA,351,114,237,14,337,ITC,ITC2,2,Valle d'Aosta / Vallée d'Aoste,Valle d'Aosta,125666,5580,4.44,0.28
2246,2021-04-01,VDA,777,394,383,765,12,ITC,ITC2,2,Valle d'Aosta / Vallée d'Aoste,Valle d'Aosta,125666,6357,5.06,0.62
2247,2021-02-24,VDA,183,82,101,164,19,ITC,ITC2,2,Valle d'Aosta / Vallée d'Aoste,Valle d'Aosta,125666,6540,5.2,0.15
2248,2021-04-03,VDA,676,341,335,661,15,ITC,ITC2,2,Valle d'Aosta / Vallée d'Aoste,Valle d'Aosta,125666,7216,5.74,0.54
2249,2021-03-20,VDA,208,86,122,172,36,ITC,ITC2,2,Valle d'Aosta / Vallée d'Aoste,Valle d'Aosta,125666,7424,5.91,0.17
2250,2021-06-28,VDA,986,496,490,329,657,ITC,ITC2,2,Valle d'Aosta / Vallée d'Aoste,Valle d'Aosta,125666,8410,6.69,0.78
2251,2021-06-11,VDA,1047,483,564,764,283,ITC,ITC2,2,Valle d'Aosta / Vallée d'Aoste,Valle d'Aosta,125666,9457,7.53,0.83
2252,2021-05-23,VDA,999,465,534,658,341,ITC,ITC2,2,Valle d'Aosta / Vallée d'Aoste,Valle d'Aosta,125666,10456,8.32,0.79
2253,2021-01-29,VDA,318,138,180,2,316,ITC,ITC2,2,Valle d'Aosta / Vallée d'Aoste,Valle d'Aosta,125666,10774,8.57,0.25
2254,2021-04-22,VDA,1068,450,618,685,383,ITC,ITC2,2,Valle d'Aosta / Vallée d'Aoste,Valle d'Aosta,125666,11842,9.42,0.85
2255,2021-05-09,VDA,574,287,287,444,130,ITC,ITC2,2,Valle d'Aosta / Vallée d'Aoste,Valle d'Aosta,125666,12416,9.88,0.46
2256,2021-01-27,VDA,151,71,80,79,72,ITC,ITC2,2,Valle d'Aosta / Vallée d'Aoste,Valle d'Aosta,125666,12567,10.0,0.12
2257,2021-04-20,VDA,933,430,503,739,194,ITC,ITC2,2,Valle d'Aosta / Vallée d'Aoste,Valle d'Aosta,125666,13500,10.74,0.74
2258,2021-01-10,VDA,220,71,149,220,0,ITC,ITC2,2,Valle d'Aosta / Vallée d'Aoste,Valle d'Aosta,125666,13720,10.92,0.18
2259,2020-12-27,VDA,20,9,11,20,0,ITC,ITC2,2,Valle d'Aosta / Vallée d'Aoste,Valle d'Aosta,125666,13740,10.93,0.02
2260,2021-06-09,VDA,1027,535,492,991,36,ITC,ITC2,2,Valle d'Aosta / Vallée d'Aoste,Valle d'Aosta,125666,14767,11.75,0.82
2261,2021-03-01,VDA,181,66,115,147,34,ITC,ITC2,2,Valle d'Aosta / Vallée d'Aoste,Valle d'Aosta,125666,14948,11.9,0.14
2262,2021-03-08,VDA,485,233,252,240,245,ITC,ITC2,2,Valle d'Aosta / Vallée d'Aoste,Valle d'Aosta,125666,15433,12.28,0.39
2263,2021-05-04,VDA,1135,510,625,462,673,ITC,ITC2,2,Valle d'Aosta / Vallée d'Aoste,Valle d'Aosta,125666,16568,13.18,0.9
2264,2021-06-16,VDA,683,365,318,642,41,ITC,ITC2,2,Valle d'Aosta / Vallée d'Aoste,Valle d'Aosta,125666,17251,13.73,0.54
2265,2021-03-15,VDA,362,123,239,159,203,ITC,ITC2,2,Valle d'Aosta / Vallée d'Aoste,Valle d'Aosta,125666,17613,14.02,0.29
2266,2021-05-11,VDA,647,325,322,496,151,ITC,ITC2,2,Valle d'Aosta / Vallée d'Aoste,Valle d'Aosta,125666,18260,14.53,0.51
2267,2021-04-27,VDA,978,423,555,686,292,ITC,ITC2,2,Valle d'Aosta / Vallée d'Aoste,Valle d'Aosta,125666,19238,15.31,0.78
2268,2021-01-17,VDA,131,56,75,131,0,ITC,ITC2,2,Valle d'Aosta / Vallée d'Aoste,Valle d'Aosta,125666,19369,15.41,0.1
2269,2021-06-23,VDA,1043,551,492,427,616,ITC,ITC2,2,Valle d'Aosta / Vallée d'Aoste,Valle d'Aosta,125666,20412,16.24,0.83
2270,2021-06-30,VDA,1117,542,575,425,692,ITC,ITC2,2,Valle d'Aosta / Vallée d'Aoste,Valle d'Aosta,125666,21529,17.13,0.89
2271,2021-05-02,VDA,765,345,420,605,160,ITC,ITC2,2,Valle d'Aosta / Vallée d'Aoste,Valle d'Aosta,125666,22294,17.74,0.61
2272,2021-01-22,VDA,56,21,35,20,36,ITC,ITC2,2,Valle d'Aosta / Vallée d'Aoste,Valle d'Aosta,125666,22350,17.79,0.04
2273,2021-01-08,VDA,299,130,169,299,0,ITC,ITC2,2,Valle d'Aosta / Vallée d'Aoste,Valle d'Aosta,125666,22649,18.02,0.24
2274,2021-03-06,VDA,22,4,18,22,0,ITC,ITC2,2,Valle d'Aosta / Vallée d'Aoste,Valle d'Aosta,125666,22671,18.04,0.02
2275,2021-06-04,VDA,908,383,525,474,434,ITC,ITC2,2,Valle d'Aosta / Vallée d'Aoste,Valle d'Aosta,125666,23579,18.76,0.72
2276,2021-01-19,VDA,256,77,179,256,0,ITC,ITC2,2,Valle d'Aosta / Vallée d'Aoste,Valle d'Aosta,125666,23835,18.97,0.2
2277,2021-04-12,VDA,486,186,300,323,163,ITC,ITC2,2,Valle d'Aosta / Vallée d'Aoste,Valle d'Aosta,125666,24321,19.35,0.39
2278,2021-04-29,VDA,1291,634,657,757,534,ITC,ITC2,2,Valle d'Aosta / Vallée d'Aoste,Valle d'Aosta,125666,25612,20.38,1.03
2279,2021-03-25,VDA,389,154,235,379,10,ITC,ITC2,2,Valle d'Aosta / Vallée d'Aoste,Valle d'Aosta,125666,26001,20.69,0.31
2280,2021-05-21,VDA,917,433,484,531,386,ITC,ITC2,2,Valle d'Aosta / Vallée d'Aoste,Valle d'Aosta,125666,26918,21.42,0.73
2281,2021-04-17,VDA,638,407,231,636,2,ITC,ITC2,2,Valle d'Aosta / Vallée d'Aoste,Valle d'Aosta,125666,27556,21.93,0.51
2282,2021-01-07,VDA,276,111,165,276,0,ITC,ITC2,2,Valle d'Aosta / Vallée d'Aoste,Valle d'Aosta,125666,27832,22.15,0.22
2283,2021-02-19,VDA,292,102,190,268,24,ITC,ITC2,2,Valle d'Aosta / Vallée d'Aoste,Valle d'Aosta,125666,28124,22.38,0.23
2284,2021-01-05,VDA,150,54,96,150,0,ITC,ITC2,2,Valle d'Aosta / Vallée d'Aoste,Valle d'Aosta,125666,28274,22.5,0.12
2285,2021-01-14,VDA,237,69,168,237,0,ITC,ITC2,2,Valle d'Aosta / Vallée d'Aoste,Valle d'Aosta,125666,28511,22.69,0.19
2286,2021-04-24,VDA,722,400,322,555,167,ITC,ITC2,2,Valle d'Aosta / Vallée d'Aoste,Valle d'Aosta,125666,29233,23.26,0.57
2287,2021-04-08,VDA,584,282,302,441,143,ITC,ITC2,2,Valle d'Aosta / Vallée d'Aoste,Valle d'Aosta,125666,29817,23.73,0.46
2288,2021-06-13,VDA,851,399,452,373,478,ITC,ITC2,2,Valle d'Aosta / Vallée d'Aoste,Valle d'Aosta,125666,30668,24.4,0.68
2289,2021-06-08,VDA,712,356,356,679,33,ITC,ITC2,2,Valle d'Aosta / Vallée d'Aoste,Valle d'Aosta,125666,31380,24.97,0.57
2290,2021-02-26,VDA,207,58,149,122,85,ITC,ITC2,2,Valle d'Aosta / Vallée d'Aoste,Valle d'Aosta,125666,31587,25.14,0.16
2291,2021-04-10,VDA,404,190,214,399,5,ITC,ITC2,2,Valle d'Aosta / Vallée d'Aoste,Valle d'Aosta,125666,31991,25.46,0.32
2292,2021-06-18,VDA,998,443,555,599,399,ITC,ITC2,2,Valle d'Aosta / Vallée d'Aoste,Valle d'Aosta,125666,32989,26.25,0.79
2293,2021-03-29,VDA,493,233,260,453,40,ITC,ITC2,2,Valle d'Aosta / Vallée d'Aoste,Valle d'Aosta,125666,33482,26.64,0.39
2294,2021-06-20,VDA,1131,545,586,487,644,ITC,ITC2,2,Valle d'Aosta / Vallée d'Aoste,Valle d'Aosta,125666,34613,27.54,0.9
2295,2021-03-12,VDA,531,175,356,305,226,ITC,ITC2,2,Valle d'Aosta / Vallée d'Aoste,Valle d'Aosta,125666,35144,27.97,0.42
2296,2021-02-15,VDA,264,136,128,229,35,ITC,ITC2,2,Valle d'Aosta / Vallée d'Aoste,Valle d'Aosta,125666,35408,28.18,0.21
2297,2021-05-25,VDA,1115,530,585,541,574,ITC,ITC2,2,Valle d'Aosta / Vallée d'Aoste,Valle d'Aosta,125666,36523,29.06,0.89
2298,2021-02-14,VDA,48,16,32,1,47,ITC,ITC2,2,Valle d'Aosta / Vallée d'Aoste,Valle d'Aosta,125666,36571,29.1,0.04
2299,2021-05-08,VDA,904,540,364,526,378,ITC,ITC2,2,Valle d'Aosta / Vallée d'Aoste,Valle d'Aosta,125666,37475,29.82,0.72
2300,2021-03-17,VDA,433,185,248,273,160,ITC,ITC2,2,Valle d'Aosta / Vallée d'Aoste,Valle d'Aosta,125666,37908,30.17,0.34
2301,2021-03-03,VDA,255,118,137,187,68,ITC,ITC2,2,Valle d'Aosta / Vallée d'Aoste,Valle d'Aosta,125666,38163,30.37,0.2
2302,2021-01-26,VDA,139,48,91,0,139,ITC,ITC2,2,Valle d'Aosta / Vallée d'Aoste,Valle d'Aosta,125666,38302,30.48,0.11
2303,2021-01-31,VDA,291,91,200,58,233,ITC,ITC2,2,Valle d'Aosta / Vallée d'Aoste,Valle d'Aosta,125666,38593,30.71,0.23
2304,2021-05-18,VDA,970,484,486,353,617,ITC,ITC2,2,Valle d'Aosta / Vallée d'Aoste,Valle d'Aosta,125666,39563,31.48,0.77
2305,2021-02-07,VDA,292,120,172,190,102,ITC,ITC2,2,Valle d'Aosta / Vallée d'Aoste,Valle d'Aosta,125666,39855,31.72,0.23
2306,2021-05-01,VDA,940,563,377,456,484,ITC,ITC2,2,Valle d'Aosta / Vallée d'Aoste,Valle d'Aosta,125666,40795,32.46,0.75
2307,2021-04-14,VDA,941,430,511,717,224,ITC,ITC2,2,Valle d'Aosta / Vallée d'Aoste,Valle d'Aosta,125666,41736,33.21,0.75
2308,2021-01-02,VDA,6,5,1,6,0,ITC,ITC2,2,Valle d'Aosta / Vallée d'Aoste,Valle d'Aosta,125666,41742,33.22,0.0
2309,2021-03-26,VDA,498,204,294,491,7,ITC,ITC2,2,Valle d'Aosta / Vallée d'Aoste,Valle d'Aosta,125666,42240,33.61,0.4
2310,2021-03-13,VDA,147,88,59,147,0,ITC,ITC2,2,Valle d'Aosta / Vallée d'Aoste,Valle d'Aosta,125666,42387,33.73,0.12
2311,2021-01-15,VDA,218,82,136,218,0,ITC,ITC2,2,Valle d'Aosta / Vallée d'Aoste,Valle d'Aosta,125666,42605,33.9,0.17
2312,2021-03-31,VDA,555,302,253,529,26,ITC,ITC2,2,Valle d'Aosta / Vallée d'Aoste,Valle d'Aosta,125666,43160,34.35,0.44
2313,2021-05-27,VDA,1089,497,592,586,503,ITC,ITC2,2,Valle d'Aosta / Vallée d'Aoste,Valle d'Aosta,125666,44249,35.21,0.87
2314,2021-05-13,VDA,1139,556,583,540,599,ITC,ITC2,2,Valle d'Aosta / Vallée d'Aoste,Valle d'Aosta,125666,45388,36.12,0.91
2315,2021-02-02,VDA,273,70,203,2,271,ITC,ITC2,2,Valle d'Aosta / Vallée d'Aoste,Valle d'Aosta,125666,45661,36.34,0.22
2316,2021-06-25,VDA,977,445,532,324,653,ITC,ITC2,2,Valle d'Aosta / Vallée d'Aoste,Valle d'Aosta,125666,46638,37.11,0.78
2317,2021-04-19,VDA,751,325,426,542,209,ITC,ITC2,2,Valle d'Aosta / Vallée d'Aoste,Valle d'Aosta,125666,47389,37.71,0.6
2318,2021-01-16,VDA,237,80,157,237,0,ITC,ITC2,2,Valle d'Aosta / Vallée d'Aoste,Valle d'Aosta,125666,47626,37.9,0.19
2319,2021-06-22,VDA,1189,666,523,541,648,ITC,ITC2,2,Valle d'Aosta / Vallée d'Aoste,Valle d'Aosta,125666,48815,38.85,0.95
2320,2021-03-14,VDA,392,200,192,392,0,ITC,ITC2,2,Valle d'Aosta / Vallée d'Aoste,Valle d'Aosta,125666,49207,39.16,0.31
2321,2021-04-26,VDA,715,327,388,545,170,ITC,ITC2,2,Valle d'Aosta / Vallée d'Aoste,Valle d'Aosta,125666,49922,39.73,0.57
2322,2021-07-01,VDA,962,473,489,341,621,ITC,ITC2,2,Valle d'Aosta / Vallée d'Aoste,Valle d'Aosta,125666,50884,40.49,0.77
2323,2020-12-31,VDA,18,4,14,18,0,ITC,ITC2,2,Valle d'Aosta / Vallée d'Aoste,Valle d'Aosta,125666,50902,40.51,0.01
2324,2021-06-06,VDA,1160,582,578,787,373,ITC,ITC2,2,Valle d'Aosta / Vallée d'Aoste,Valle d'Aosta,125666,52062,41.43,0.92
2325,2021-06-15,VDA,876,479,397,621,255,ITC,ITC2,2,Valle d'Aosta / Vallée d'Aoste,Valle d'Aosta,125666,52938,42.13,0.7
2326,2021-03-05,VDA,275,124,151,53,222,ITC,ITC2,2,Valle d'Aosta / Vallée d'Aoste,Valle d'Aosta,125666,53213,42.34,0.22
2327,2021-02-28,VDA,260,86,174,77,183,ITC,ITC2,2,Valle d'Aosta / Vallée d'Aoste,Valle d'Aosta,125666,53473,42.55,0.21
2328,2021-03-10,VDA,438,183,255,225,213,ITC,ITC2,2,Valle d'Aosta / Vallée d'Aoste,Valle d'Aosta,125666,53911,42.9,0.35
2329,2021-02-21,VDA,18,3,15,0,18,ITC,ITC2,2,Valle d'Aosta / Vallée d'Aoste,Valle d'Aosta,125666,53929,42.91,0.01
2330,2021-06-01,VDA,871,469,402,518,353,ITC,ITC2,2,Valle d'Aosta / Vallée d'Aoste,Valle d'Aosta,125666,54800,43.61,0.69
2331,2021-02-23,VDA,216,123,93,216,0,ITC,ITC2,2,Valle d'Aosta / Vallée d'Aoste,Valle d'Aosta,125666,55016,43.78,0.17
2332,2021-04-05,VDA,464,223,241,458,6,ITC,ITC2,2,Valle d'Aosta / Vallée d'Aoste,Valle d'Aosta,125666,55480,44.15,0.37
2333,2021-06-27,VDA,1250,607,643,322,928,ITC,ITC2,2,Valle d'Aosta / Vallée d'Aoste,Valle d'Aosta,125666,56730,45.14,0.99
2334,2021-06-17,VDA,775,422,353,626,149,ITC,ITC2,2,Valle d'Aosta / Vallée d'Aoste,Valle d'Aosta,125666,57505,45.76,0.62
2335,2021-01-21,VDA,33,12,21,33,0,ITC,ITC2,2,Valle d'Aosta / Vallée d'Aoste,Valle d'Aosta,125666,57538,45.79,0.03
2336,2021-01-04,VDA,142,59,83,142,0,ITC,ITC2,2,Valle d'Aosta / Vallée d'Aoste,Valle d'Aosta,125666,57680,45.9,0.11
2337,2021-03-28,VDA,522,212,310,521,1,ITC,ITC2,2,Valle d'Aosta / Vallée d'Aoste,Valle d'Aosta,125666,58202,46.31,0.42
2338,2021-03-11,VDA,197,76,121,66,131,ITC,ITC2,2,Valle d'Aosta / Vallée d'Aoste,Valle d'Aosta,125666,58399,46.47,0.16
2339,2021-06-02,VDA,1215,688,527,814,401,ITC,ITC2,2,Valle d'Aosta / Vallée d'Aoste,Valle d'Aosta,125666,59614,47.44,0.97
2340,2021-03-22,VDA,560,205,355,333,227,ITC,ITC2,2,Valle d'Aosta / Vallée d'Aoste,Valle d'Aosta,125666,60174,47.88,0.45
2341,2021-06-05,VDA,925,476,449,737,188,ITC,ITC2,2,Valle d'Aosta / Vallée d'Aoste,Valle d'Aosta,125666,61099,48.62,0.74
2342,2021-02-11,VDA,231,107,124,222,9,ITC,ITC2,2,Valle d'Aosta / Vallée d'Aoste,Valle d'Aosta,125666,61330,48.8,0.18
2343,2021-04-09,VDA,237,111,126,204,33,ITC,ITC2,2,Valle d'Aosta / Vallée d'Aoste,Valle d'Aosta,125666,61567,48.99,0.19
2344,2021-05-22,VDA,940,494,446,540,400,ITC,ITC2,2,Valle d'Aosta / Vallée d'Aoste,Valle d'Aosta,125666,62507,49.74,0.75
2345,2021-05-20,VDA,807,363,444,367,440,ITC,ITC2,2,Valle d'Aosta / Vallée d'Aoste,Valle d'Aosta,125666,63314,50.38,0.64
2346,2021-07-02,VDA,865,383,482,305,560,ITC,ITC2,2,Valle d'Aosta / Vallée d'Aoste,Valle d'Aosta,125666,64179,51.07,0.69
2347,2021-03-24,VDA,515,230,285,258,257,ITC,ITC2,2,Valle d'Aosta / Vallée d'Aoste,Valle d'Aosta,125666,64694,51.48,0.41
2348,2021-05-06,VDA,1063,509,554,679,384,ITC,ITC2,2,Valle d'Aosta / Vallée d'Aoste,Valle d'Aosta,125666,65757,52.33,0.85
2349,2021-02-16,VDA,326,53,273,320,6,ITC,ITC2,2,Valle d'Aosta / Vallée d'Aoste,Valle d'Aosta,125666,66083,52.59,0.26
2350,2021-06-03,VDA,1306,667,639,896,410,ITC,ITC2,2,Valle d'Aosta / Vallée d'Aoste,Valle d'Aosta,125666,67389,53.63,1.04
2351,2021-05-17,VDA,809,417,392,375,434,ITC,ITC2,2,Valle d'Aosta / Vallée d'Aoste,Valle d'Aosta,125666,68198,54.27,0.64
2352,2021-05-15,VDA,1065,614,451,380,685,ITC,ITC2,2,Valle d'Aosta / Vallée d'Aoste,Valle d'Aosta,125666,69263,55.12,0.85
2353,2021-02-04,VDA,294,86,208,8,286,ITC,ITC2,2,Valle d'Aosta / Vallée d'Aoste,Valle d'Aosta,125666,69557,55.35,0.23
2354,2021-04-28,VDA,1218,632,586,715,503,ITC,ITC2,2,Valle d'Aosta / Vallée d'Aoste,Valle d'Aosta,125666,70775,56.32,0.97
2355,2021-01-09,VDA,443,199,244,443,0,ITC,ITC2,2,Valle d'Aosta / Vallée d'Aoste,Valle d'Aosta,125666,71218,56.67,0.35
2356,2021-06-24,VDA,1221,629,592,388,833,ITC,ITC2,2,Valle d'Aosta / Vallée d'Aoste,Valle d'Aosta,125666,72439,57.64,0.97
2357,2021-07-03,VDA,446,229,217,3,443,ITC,ITC2,2,Valle d'Aosta / Vallée d'Aoste,Valle d'Aosta,125666,72885,58.0,0.35
2358,2021-05-05,VDA,1038,566,472,456,582,ITC,ITC2,2,Valle d'Aosta / Vallée d'Aoste,Valle d'Aosta,125666,73923,58.82,0.83
2359,2021-05-03,VDA,839,400,439,488,351,ITC,ITC2,2,Valle d'Aosta / Vallée d'Aoste,Valle d'Aosta,125666,74762,59.49,0.67
2360,2021-03-07,VDA,64,30,34,11,53,ITC,ITC2,2,Valle d'Aosta / Vallée d'Aoste,Valle d'Aosta,125666,74826,59.54,0.05
2361,2021-01-30,VDA,439,202,237,14,425,ITC,ITC2,2,Valle d'Aosta / Vallée d'Aoste,Valle d'Aosta,125666,75265,59.89,0.35
2362,2021-06-19,VDA,1288,667,621,669,619,ITC,ITC2,2,Valle d'Aosta / Vallée d'Aoste,Valle d'Aosta,125666,76553,60.92,1.02
2363,2021-03-09,VDA,206,96,110,174,32,ITC,ITC2,2,Valle d'Aosta / Vallée d'Aoste,Valle d'Aosta,125666,76759,61.08,0.16
2364,2021-02-20,VDA,251,210,41,241,10,ITC,ITC2,2,Valle d'Aosta / Vallée d'Aoste,Valle d'Aosta,125666,77010,61.28,0.2
2365,2021-01-28,VDA,291,123,168,56,235,ITC,ITC2,2,Valle d'Aosta / Vallée d'Aoste,Valle d'Aosta,125666,77301,61.51,0.23
2366,2021-06-12,VDA,1232,599,633,1066,166,ITC,ITC2,2,Valle d'Aosta / Vallée d'Aoste,Valle d'Aosta,125666,78533,62.49,0.98
2367,2021-03-19,VDA,322,85,237,287,35,ITC,ITC2,2,Valle d'Aosta / Vallée d'Aoste,Valle d'Aosta,125666,78855,62.75,0.26
2368,2021-04-07,VDA,910,474,436,681,229,ITC,ITC2,2,Valle d'Aosta / Vallée d'Aoste,Valle d'Aosta,125666,79765,63.47,0.72
2369,2021-02-09,VDA,251,84,167,68,183,ITC,ITC2,2,Valle d'Aosta / Vallée d'Aoste,Valle d'Aosta,125666,80016,63.67,0.2
2370,2021-04-16,VDA,599,261,338,597,2,ITC,ITC2,2,Valle d'Aosta / Vallée d'Aoste,Valle d'Aosta,125666,80615,64.15,0.48
2371,2021-04-02,VDA,873,344,529,648,225,ITC,ITC2,2,Valle d'Aosta / Vallée d'Aoste,Valle d'Aosta,125666,81488,64.84,0.69
2372,2021-05-29,VDA,798,434,364,561,237,ITC,ITC2,2,Valle d'Aosta / Vallée d'Aoste,Valle d'Aosta,125666,82286,65.48,0.64
2373,2021-02-25,VDA,201,101,100,194,7,ITC,ITC2,2,Valle d'Aosta / Vallée d'Aoste,Valle d'Aosta,125666,82487,65.64,0.16
2374,2021-02-06,VDA,289,104,185,92,197,ITC,ITC2,2,Valle d'Aosta / Vallée d'Aoste,Valle d'Aosta,125666,82776,65.87,0.23
2375,2021-04-30,VDA,831,355,476,485,346,ITC,ITC2,2,Valle d'Aosta / Vallée d'Aoste,Valle d'Aosta,125666,83607,66.53,0.66
2376,2021-01-20,VDA,23,8,15,23,0,ITC,ITC2,2,Valle d'Aosta / Vallée d'Aoste,Valle d'Aosta,125666,83630,66.55,0.02
2377,2021-01-18,VDA,213,74,139,213,0,ITC,ITC2,2,Valle d'Aosta / Vallée d'Aoste,Valle d'Aosta,125666,83843,66.72,0.17
2378,2021-01-25,VDA,147,65,82,0,147,ITC,ITC2,2,Valle d'Aosta / Vallée d'Aoste,Valle d'Aosta,125666,83990,66.84,0.12
2379,2021-05-14,VDA,960,442,518,291,669,ITC,ITC2,2,Valle d'Aosta / Vallée d'Aoste,Valle d'Aosta,125666,84950,67.6,0.76
2380,2021-02-01,VDA,404,127,277,87,317,ITC,ITC2,2,Valle d'Aosta / Vallée d'Aoste,Valle d'Aosta,125666,85354,67.92,0.32
2381,2021-03-30,VDA,402,223,179,382,20,ITC,ITC2,2,Valle d'Aosta / Vallée d'Aoste,Valle d'Aosta,125666,85756,68.24,0.32
2382,2021-05-12,VDA,1140,549,591,470,670,ITC,ITC2,2,Valle d'Aosta / Vallée d'Aoste,Valle d'Aosta,125666,86896,69.15,0.91
2383,2021-04-18,VDA,522,254,268,518,4,ITC,ITC2,2,Valle d'Aosta / Vallée d'Aoste,Valle d'Aosta,125666,87418,69.56,0.42
2384,2021-06-14,VDA,306,163,143,12,294,ITC,ITC2,2,Valle d'Aosta / Vallée d'Aoste,Valle d'Aosta,125666,87724,69.81,0.24
2385,2021-05-31,VDA,880,396,484,501,379,ITC,ITC2,2,Valle d'Aosta / Vallée d'Aoste,Valle d'Aosta,125666,88604,70.51,0.7
2386,2021-04-25,VDA,849,408,441,710,139,ITC,ITC2,2,Valle d'Aosta / Vallée d'Aoste,Valle d'Aosta,125666,89453,71.18,0.68
2387,2021-06-21,VDA,1122,600,522,617,505,ITC,ITC2,2,Valle d'Aosta / Vallée d'Aoste,Valle d'Aosta,125666,90575,72.08,0.89
2388,2021-06-07,VDA,710,347,363,649,61,ITC,ITC2,2,Valle d'Aosta / Vallée d'Aoste,Valle d'Aosta,125666,91285,72.64,0.56
2389,2021-02-27,VDA,231,85,146,124,107,ITC,ITC2,2,Valle d'Aosta / Vallée d'Aoste,Valle d'Aosta,125666,91516,72.82,0.18
2390,2021-02-08,VDA,223,83,140,25,198,ITC,ITC2,2,Valle d'Aosta / Vallée d'Aoste,Valle d'Aosta,125666,91739,73.0,0.18
2391,2021-03-23,VDA,379,150,229,245,134,ITC,ITC2,2,Valle d'Aosta / Vallée d'Aoste,Valle d'Aosta,125666,92118,73.3,0.3
2392,2021-05-19,VDA,993,498,495,418,575,ITC,ITC2,2,Valle d'Aosta / Vallée d'Aoste,Valle d'Aosta,125666,93111,74.09,0.79
2393,2021-03-16,VDA,182,37,145,118,64,ITC,ITC2,2,Valle d'Aosta / Vallée d'Aoste,Valle d'Aosta,125666,93293,74.24,0.14
2394,2021-05-07,VDA,564,245,319,533,31,ITC,ITC2,2,Valle d'Aosta / Vallée d'Aoste,Valle d'Aosta,125666,93857,74.69,0.45
2395,2021-04-23,VDA,921,443,478,538,383,ITC,ITC2,2,Valle d'Aosta / Vallée d'Aoste,Valle d'Aosta,125666,94778,75.42,0.73
2396,2021-01-13,VDA,337,110,227,337,0,ITC,ITC2,2,Valle d'Aosta / Vallée d'Aoste,Valle d'Aosta,125666,95115,75.69,0.27
2397,2021-04-06,VDA,741,381,360,629,112,ITC,ITC2,2,Valle d'Aosta / Vallée d'Aoste,Valle d'Aosta,125666,95856,76.28,0.59
2398,2021-03-18,VDA,136,43,93,99,37,ITC,ITC2,2,Valle d'Aosta / Vallée d'Aoste,Valle d'Aosta,125666,95992,76.39,0.11
2399,2021-06-26,VDA,1061,509,552,357,704,ITC,ITC2,2,Valle d'Aosta / Vallée d'Aoste,Valle d'Aosta,125666,97053,77.23,0.84
2400,2021-03-04,VDA,291,139,152,42,249,ITC,ITC2,2,Valle d'Aosta / Vallée d'Aoste,Valle d'Aosta,125666,97344,77.46,0.23
2401,2021-05-26,VDA,1209,587,622,576,633,ITC,ITC2,2,Valle d'Aosta / Vallée d'Aoste,Valle d'Aosta,125666,98553,78.42,0.96
2402,2021-01-06,VDA,65,33,32,65,0,ITC,ITC2,2,Valle d'Aosta / Vallée d'Aoste,Valle d'Aosta,125666,98618,78.48,0.05
2403,2021-02-18,VDA,349,153,196,261,88,ITC,ITC2,2,Valle d'Aosta / Vallée d'Aoste,Valle d'Aosta,125666,98967,78.75,0.28
2404,2021-04-11,VDA,479,208,271,479,0,ITC,ITC2,2,Valle d'Aosta / Vallée d'Aoste,Valle d'Aosta,125666,99446,79.14,0.38
2405,2021-02-12,VDA,263,96,167,217,46,ITC,ITC2,2,Valle d'Aosta / Vallée d'Aoste,Valle d'Aosta,125666,99709,79.34,0.21
2406,2021-01-12,VDA,302,72,230,302,0,ITC,ITC2,2,Valle d'Aosta / Vallée d'Aoste,Valle d'Aosta,125666,100011,79.58,0.24
2407,2021-05-24,VDA,1136,516,620,689,447,ITC,ITC2,2,Valle d'Aosta / Vallée d'Aoste,Valle d'Aosta,125666,101147,80.49,0.9
2408,2021-05-10,VDA,782,381,401,547,235,ITC,ITC2,2,Valle d'Aosta / Vallée d'Aoste,Valle d'Aosta,125666,101929,81.11,0.62
2409,2021-04-21,VDA,868,410,458,620,248,ITC,ITC2,2,Valle d'Aosta / Vallée d'Aoste,Valle d'Aosta,125666,102797,81.8,0.69
2410,2021-03-21,VDA,355,165,190,355,0,ITC,ITC2,2,Valle d'Aosta / Vallée d'Aoste,Valle d'Aosta,125666,103152,82.08,0.28
2411,2021-06-29,VDA,779,389,390,238,541,ITC,ITC2,2,Valle d'Aosta / Vallée d'Aoste,Valle d'Aosta,125666,103931,82.7,0.62
2412,2021-06-10,VDA,1002,558,444,960,42,ITC,ITC2,2,Valle d'Aosta / Vallée d'Aoste,Valle d'Aosta,125666,104933,83.5,0.8
2413,2021-03-02,VDA,339,166,173,336,3,ITC,ITC2,2,Valle d'Aosta / Vallée d'Aoste,Valle d'Aosta,125666,105272,83.77,0.27
2414,2021-01-11,VDA,325,112,213,325,0,ITC,ITC2,2,Valle d'Aosta / Vallée d'Aoste,Valle d'Aosta,125666,105597,84.03,0.26
2415,2021-04-04,VDA,572,253,319,571,1,ITC,ITC2,2,Valle d'Aosta / Vallée d'Aoste,Valle d'Aosta,125666,106169,84.49,0.46
2416,2021-02-13,VDA,216,196,20,215,1,ITC,ITC2,2,Valle d'Aosta / Vallée d'Aoste,Valle d'Aosta,125666,106385,84.66,0.17
2417,2021-02-07,PUG,1579,669,910,253,1326,ITF,ITF4,16,Puglia,Puglia,4029053,1579,0.04,0.04
2418,2021-01-21,PUG,2132,904,1228,1271,861,ITF,ITF4,16,Puglia,Puglia,4029053,3711,0.09,0.05
2419,2021-05-01,PUG,27611,12645,14966,16961,10650,ITF,ITF4,16,Puglia,Puglia,4029053,31322,0.78,0.69
2420,2021-01-02,PUG,2950,1302,1648,2950,0,ITF,ITF4,16,Puglia,Puglia,4029053,34272,0.85,0.07
2421,2021-04-12,PUG,29250,13778,15472,26373,2877,ITF,ITF4,16,Puglia,Puglia,4029053,63522,1.58,0.73
2422,2021-02-21,PUG,2177,474,1703,2115,62,ITF,ITF4,16,Puglia,Puglia,4029053,65699,1.63,0.05
2423,2021-06-01,PUG,34746,17378,17368,21907,12839,ITF,ITF4,16,Puglia,Puglia,4029053,100445,2.49,0.86
2424,2021-05-15,PUG,43534,18953,24581,23531,20003,ITF,ITF4,16,Puglia,Puglia,4029053,143979,3.57,1.08
2425,2021-06-03,PUG,50313,24407,25906,31081,19232,ITF,ITF4,16,Puglia,Puglia,4029053,194292,4.82,1.25
2426,2021-03-10,PUG,14809,6613,8196,11686,3123,ITF,ITF4,16,Puglia,Puglia,4029053,209101,5.19,0.37
2427,2021-03-29,PUG,13536,6597,6939,6795,6741,ITF,ITF4,16,Puglia,Puglia,4029053,222637,5.53,0.34
2428,2021-03-12,PUG,14275,6434,7841,10347,3928,ITF,ITF4,16,Puglia,Puglia,4029053,236912,5.88,0.35
2429,2021-04-19,PUG,27653,12854,14799,24610,3043,ITF,ITF4,16,Puglia,Puglia,4029053,264565,6.57,0.69
2430,2021-04-24,PUG,29354,13367,15987,25409,3945,ITF,ITF4,16,Puglia,Puglia,4029053,293919,7.29,0.73
2431,2021-01-14,PUG,4072,1591,2481,4072,0,ITF,ITF4,16,Puglia,Puglia,4029053,297991,7.4,0.1
2432,2021-01-07,PUG,5718,2459,3259,5718,0,ITF,ITF4,16,Puglia,Puglia,4029053,303709,7.54,0.14
2433,2021-04-17,PUG,39960,18939,21021,36391,3569,ITF,ITF4,16,Puglia,Puglia,4029053,343669,8.53,0.99
2434,2021-02-19,PUG,4734,2012,2722,4342,392,ITF,ITF4,16,Puglia,Puglia,4029053,348403,8.65,0.12
2435,2021-03-05,PUG,17685,7167,10518,15380,2305,ITF,ITF4,16,Puglia,Puglia,4029053,366088,9.09,0.44
2436,2021-02-26,PUG,13762,5054,8708,12728,1034,ITF,ITF4,16,Puglia,Puglia,4029053,379850,9.43,0.34
2437,2020-12-31,PUG,1634,782,852,1634,0,ITF,ITF4,16,Puglia,Puglia,4029053,381484,9.47,0.04
2438,2021-06-15,PUG,42111,20586,21525,22574,19537,ITF,ITF4,16,Puglia,Puglia,4029053,423595,10.51,1.05
2439,2021-06-08,PUG,39016,18974,20042,21300,17716,ITF,ITF4,16,Puglia,Puglia,4029053,462611,11.48,0.97
2440,2021-06-13,PUG,21667,10860,10807,16491,5176,ITF,ITF4,16,Puglia,Puglia,4029053,484278,12.02,0.54
2441,2021-01-12,PUG,4213,1770,2443,4213,0,ITF,ITF4,16,Puglia,Puglia,4029053,488491,12.12,0.1
2442,2021-04-07,PUG,15700,7126,8574,9022,6678,ITF,ITF4,16,Puglia,Puglia,4029053,504191,12.51,0.39
2443,2021-05-27,PUG,40589,19156,21433,23369,17220,ITF,ITF4,16,Puglia,Puglia,4029053,544780,13.52,1.01
2444,2021-04-05,PUG,12746,6190,6556,12213,533,ITF,ITF4,16,Puglia,Puglia,4029053,557526,13.84,0.32
2445,2021-03-19,PUG,7963,3654,4309,3414,4549,ITF,ITF4,16,Puglia,Puglia,4029053,565489,14.04,0.2
2446,2021-06-27,PUG,18164,9021,9143,9935,8229,ITF,ITF4,16,Puglia,Puglia,4029053,583653,14.49,0.45
2447,2021-02-14,PUG,786,347,439,662,124,ITF,ITF4,16,Puglia,Puglia,4029053,584439,14.51,0.02
2448,2021-05-25,PUG,34646,16170,18476,21144,13502,ITF,ITF4,16,Puglia,Puglia,4029053,619085,15.37,0.86
2449,2021-01-31,PUG,1816,832,984,75,1741,ITF,ITF4,16,Puglia,Puglia,4029053,620901,15.41,0.05
2450,2021-02-09,PUG,3839,1569,2270,2167,1672,ITF,ITF4,16,Puglia,Puglia,4029053,624740,15.51,0.1
2451,2021-05-20,PUG,33564,15229,18335,21224,12340,ITF,ITF4,16,Puglia,Puglia,4029053,658304,16.34,0.83
2452,2021-03-24,PUG,13568,6506,7062,6261,7307,ITF,ITF4,16,Puglia,Puglia,4029053,671872,16.68,0.34
2453,2021-01-26,PUG,5363,2397,2966,571,4792,ITF,ITF4,16,Puglia,Puglia,4029053,677235,16.81,0.13
2454,2021-07-02,PUG,42132,19933,22199,15919,26213,ITF,ITF4,16,Puglia,Puglia,4029053,719367,17.85,1.05
2455,2021-05-06,PUG,39556,17296,22260,19877,19679,ITF,ITF4,16,Puglia,Puglia,4029053,758923,18.84,0.98
2456,2021-01-19,PUG,1221,452,769,1211,10,ITF,ITF4,16,Puglia,Puglia,4029053,760144,18.87,0.03
2457,2021-01-04,PUG,4508,2016,2492,4508,0,ITF,ITF4,16,Puglia,Puglia,4029053,764652,18.98,0.11
2458,2021-03-26,PUG,11998,5837,6161,7353,4645,ITF,ITF4,16,Puglia,Puglia,4029053,776650,19.28,0.3
2459,2021-06-22,PUG,41233,19959,21274,18766,22467,ITF,ITF4,16,Puglia,Puglia,4029053,817883,20.3,1.02
2460,2021-04-26,PUG,26258,12028,14230,23025,3233,ITF,ITF4,16,Puglia,Puglia,4029053,844141,20.95,0.65
2461,2021-03-16,PUG,9872,4688,5184,3512,6360,ITF,ITF4,16,Puglia,Puglia,4029053,854013,21.2,0.25
2462,2021-06-24,PUG,50725,24395,26330,23068,27657,ITF,ITF4,16,Puglia,Puglia,4029053,904738,22.46,1.26
2463,2021-04-28,PUG,19798,8876,10922,15028,4770,ITF,ITF4,16,Puglia,Puglia,4029053,924536,22.95,0.49
2464,2021-01-09,PUG,4887,2250,2637,4887,0,ITF,ITF4,16,Puglia,Puglia,4029053,929423,23.07,0.12
2465,2021-02-28,PUG,6058,1806,4252,5872,186,ITF,ITF4,16,Puglia,Puglia,4029053,935481,23.22,0.15
2466,2021-05-12,PUG,36549,16307,20242,24065,12484,ITF,ITF4,16,Puglia,Puglia,4029053,972030,24.13,0.91
2467,2021-01-23,PUG,3039,1294,1745,886,2153,ITF,ITF4,16,Puglia,Puglia,4029053,975069,24.2,0.08
2468,2021-05-03,PUG,33296,14882,18414,22669,10627,ITF,ITF4,16,Puglia,Puglia,4029053,1008365,25.03,0.83
2469,2021-03-07,PUG,4983,2000,2983,4412,571,ITF,ITF4,16,Puglia,Puglia,4029053,1013348,25.15,0.12
2470,2021-06-20,PUG,21205,10683,10522,14074,7131,ITF,ITF4,16,Puglia,Puglia,4029053,1034553,25.68,0.53
2471,2021-02-04,PUG,5928,2365,3563,1193,4735,ITF,ITF4,16,Puglia,Puglia,4029053,1040481,25.82,0.15
2472,2021-05-17,PUG,32823,15204,17619,20968,11855,ITF,ITF4,16,Puglia,Puglia,4029053,1073304,26.64,0.81
2473,2021-05-08,PUG,54249,22965,31284,24525,29724,ITF,ITF4,16,Puglia,Puglia,4029053,1127553,27.99,1.35
2474,2021-06-12,PUG,33825,16869,16956,25012,8813,ITF,ITF4,16,Puglia,Puglia,4029053,1161378,28.83,0.84
2475,2021-03-02,PUG,16388,6091,10297,15086,1302,ITF,ITF4,16,Puglia,Puglia,4029053,1177766,29.23,0.41
2476,2021-06-10,PUG,46698,22928,23770,29747,16951,ITF,ITF4,16,Puglia,Puglia,4029053,1224464,30.39,1.16
2477,2021-04-04,PUG,5967,2963,3004,5962,5,ITF,ITF4,16,Puglia,Puglia,4029053,1230431,30.54,0.15
2478,2021-03-21,PUG,2694,1227,1467,590,2104,ITF,ITF4,16,Puglia,Puglia,4029053,1233125,30.61,0.07
2479,2021-06-29,PUG,43980,20961,23019,15086,28894,ITF,ITF4,16,Puglia,Puglia,4029053,1277105,31.7,1.09
2480,2021-05-29,PUG,30386,14317,16069,21004,9382,ITF,ITF4,16,Puglia,Puglia,4029053,1307491,32.45,0.75
2481,2021-04-02,PUG,12843,6000,6843,8319,4524,ITF,ITF4,16,Puglia,Puglia,4029053,1320334,32.77,0.32
2482,2021-04-16,PUG,35992,16913,19079,32710,3282,ITF,ITF4,16,Puglia,Puglia,4029053,1356326,33.66,0.89
2483,2021-02-18,PUG,4378,1846,2532,3773,605,ITF,ITF4,16,Puglia,Puglia,4029053,1360704,33.77,0.11
2484,2021-04-09,PUG,22050,9504,12546,17427,4623,ITF,ITF4,16,Puglia,Puglia,4029053,1382754,34.32,0.55
2485,2021-02-11,PUG,3697,1401,2296,2419,1278,ITF,ITF4,16,Puglia,Puglia,4029053,1386451,34.41,0.09
2486,2021-05-22,PUG,34597,15844,18753,24215,10382,ITF,ITF4,16,Puglia,Puglia,4029053,1421048,35.27,0.86
2487,2021-03-09,PUG,13603,6075,7528,11594,2009,ITF,ITF4,16,Puglia,Puglia,4029053,1434651,35.61,0.34
2488,2021-04-14,PUG,31931,15070,16861,28624,3307,ITF,ITF4,16,Puglia,Puglia,4029053,1466582,36.4,0.79
2489,2021-03-28,PUG,3540,1654,1886,1214,2326,ITF,ITF4,16,Puglia,Puglia,4029053,1470122,36.49,0.09
2490,2021-06-19,PUG,33933,16985,16948,22195,11738,ITF,ITF4,16,Puglia,Puglia,4029053,1504055,37.33,0.84
2491,2021-06-21,PUG,40843,19891,20952,21400,19443,ITF,ITF4,16,Puglia,Puglia,4029053,1544898,38.34,1.01
2492,2021-03-31,PUG,14553,6818,7735,8993,5560,ITF,ITF4,16,Puglia,Puglia,4029053,1559451,38.71,0.36
2493,2021-02-02,PUG,4344,1846,2498,592,3752,ITF,ITF4,16,Puglia,Puglia,4029053,1563795,38.81,0.11
2494,2021-05-13,PUG,38675,17246,21429,21513,17162,ITF,ITF4,16,Puglia,Puglia,4029053,1602470,39.77,0.96
2495,2021-03-17,PUG,10345,4700,5645,4171,6174,ITF,ITF4,16,Puglia,Puglia,4029053,1612815,40.03,0.26
2496,2021-07-01,PUG,44470,20730,23740,11016,33454,ITF,ITF4,16,Puglia,Puglia,4029053,1657285,41.13,1.1
2497,2021-03-14,PUG,3327,1433,1894,2511,816,ITF,ITF4,16,Puglia,Puglia,4029053,1660612,41.22,0.08
2498,2021-01-16,PUG,2506,1033,1473,2506,0,ITF,ITF4,16,Puglia,Puglia,4029053,1663118,41.28,0.06
2499,2021-05-21,PUG,38970,18503,20467,28950,10020,ITF,ITF4,16,Puglia,Puglia,4029053,1702088,42.25,0.97
2500,2021-05-05,PUG,39132,17153,21979,24953,14179,ITF,ITF4,16,Puglia,Puglia,4029053,1741220,43.22,0.97
2501,2021-06-17,PUG,41886,20467,21419,21296,20590,ITF,ITF4,16,Puglia,Puglia,4029053,1783106,44.26,1.04
2502,2021-03-30,PUG,12349,5913,6436,6442,5907,ITF,ITF4,16,Puglia,Puglia,4029053,1795455,44.56,0.31
2503,2021-02-01,PUG,3966,1660,2306,373,3593,ITF,ITF4,16,Puglia,Puglia,4029053,1799421,44.66,0.1
2504,2021-05-14,PUG,44907,20523,24384,28786,16121,ITF,ITF4,16,Puglia,Puglia,4029053,1844328,45.78,1.11
2505,2021-02-23,PUG,9364,4421,4943,8876,488,ITF,ITF4,16,Puglia,Puglia,4029053,1853692,46.01,0.23
2506,2021-01-18,PUG,1845,771,1074,1496,349,ITF,ITF4,16,Puglia,Puglia,4029053,1855537,46.05,0.05
2507,2021-02-06,PUG,4549,1931,2618,1592,2957,ITF,ITF4,16,Puglia,Puglia,4029053,1860086,46.17,0.11
2508,2021-01-20,PUG,1548,542,1006,1540,8,ITF,ITF4,16,Puglia,Puglia,4029053,1861634,46.21,0.04
2509,2021-04-30,PUG,34918,15641,19277,22948,11970,ITF,ITF4,16,Puglia,Puglia,4029053,1896552,47.07,0.87
2510,2021-04-13,PUG,28725,13625,15100,25324,3401,ITF,ITF4,16,Puglia,Puglia,4029053,1925277,47.78,0.71
2511,2021-01-28,PUG,5474,2277,3197,471,5003,ITF,ITF4,16,Puglia,Puglia,4029053,1930751,47.92,0.14
2512,2021-04-23,PUG,29491,13707,15784,24235,5256,ITF,ITF4,16,Puglia,Puglia,4029053,1960242,48.65,0.73
2513,2021-03-18,PUG,9476,4292,5184,3330,6146,ITF,ITF4,16,Puglia,Puglia,4029053,1969718,48.89,0.24
2514,2021-06-26,PUG,30838,15500,15338,15742,15096,ITF,ITF4,16,Puglia,Puglia,4029053,2000556,49.65,0.77
2515,2021-03-11,PUG,14803,6566,8237,11632,3171,ITF,ITF4,16,Puglia,Puglia,4029053,2015359,50.02,0.37
2516,2021-06-02,PUG,26949,13182,13767,22137,4812,ITF,ITF4,16,Puglia,Puglia,4029053,2042308,50.69,0.67
2517,2021-03-13,PUG,10468,4134,6334,8660,1808,ITF,ITF4,16,Puglia,Puglia,4029053,2052776,50.95,0.26
2518,2021-02-24,PUG,10039,4705,5334,9448,591,ITF,ITF4,16,Puglia,Puglia,4029053,2062815,51.2,0.25
2519,2021-06-04,PUG,52397,25354,27043,34761,17636,ITF,ITF4,16,Puglia,Puglia,4029053,2115212,52.5,1.3
2520,2021-05-18,PUG,28863,13428,15435,16089,12774,ITF,ITF4,16,Puglia,Puglia,4029053,2144075,53.22,0.72
2521,2021-02-25,PUG,11969,5062,6907,10796,1173,ITF,ITF4,16,Puglia,Puglia,4029053,2156044,53.51,0.3
2522,2021-06-05,PUG,42129,20641,21488,29534,12595,ITF,ITF4,16,Puglia,Puglia,4029053,2198173,54.56,1.05
2523,2021-01-06,PUG,3952,1674,2278,3952,0,ITF,ITF4,16,Puglia,Puglia,4029053,2202125,54.66,0.1
2524,2021-05-31,PUG,37668,18119,19549,23577,14091,ITF,ITF4,16,Puglia,Puglia,4029053,2239793,55.59,0.93
2525,2021-04-25,PUG,11309,5237,6072,10151,1158,ITF,ITF4,16,Puglia,Puglia,4029053,2251102,55.87,0.28
2526,2021-02-27,PUG,14222,4818,9404,12997,1225,ITF,ITF4,16,Puglia,Puglia,4029053,2265324,56.22,0.35
2527,2021-01-01,PUG,148,61,87,148,0,ITF,ITF4,16,Puglia,Puglia,4029053,2265472,56.23,0.0
2528,2021-06-07,PUG,44065,21518,22547,30867,13198,ITF,ITF4,16,Puglia,Puglia,4029053,2309537,57.32,1.09
2529,2021-04-11,PUG,16463,7252,9211,14805,1658,ITF,ITF4,16,Puglia,Puglia,4029053,2326000,57.73,0.41
2530,2021-05-02,PUG,21313,9658,11655,14047,7266,ITF,ITF4,16,Puglia,Puglia,4029053,2347313,58.26,0.53
2531,2021-06-18,PUG,46824,23053,23771,29049,17775,ITF,ITF4,16,Puglia,Puglia,4029053,2394137,59.42,1.16
2532,2021-05-19,PUG,26371,12752,13619,19948,6423,ITF,ITF4,16,Puglia,Puglia,4029053,2420508,60.08,0.65
2533,2021-03-23,PUG,11092,5622,5470,4618,6474,ITF,ITF4,16,Puglia,Puglia,4029053,2431600,60.35,0.28
2534,2021-03-25,PUG,11698,5989,5709,5456,6242,ITF,ITF4,16,Puglia,Puglia,4029053,2443298,60.64,0.29
2535,2021-07-03,PUG,13144,6434,6710,4794,8350,ITF,ITF4,16,Puglia,Puglia,4029053,2456442,60.97,0.33
2536,2021-02-08,PUG,3992,1609,2383,1597,2395,ITF,ITF4,16,Puglia,Puglia,4029053,2460434,61.07,0.1
2537,2021-01-25,PUG,3828,1680,2148,425,3403,ITF,ITF4,16,Puglia,Puglia,4029053,2464262,61.16,0.1
2538,2021-04-29,PUG,26159,12102,14057,19497,6662,ITF,ITF4,16,Puglia,Puglia,4029053,2490421,61.81,0.65
2539,2021-02-22,PUG,9629,4536,5093,9297,332,ITF,ITF4,16,Puglia,Puglia,4029053,2500050,62.05,0.24
2540,2021-02-05,PUG,5635,2273,3362,1333,4302,ITF,ITF4,16,Puglia,Puglia,4029053,2505685,62.19,0.14
2541,2021-05-16,PUG,24536,11063,13473,12708,11828,ITF,ITF4,16,Puglia,Puglia,4029053,2530221,62.8,0.61
2542,2021-03-04,PUG,15343,6091,9252,13923,1420,ITF,ITF4,16,Puglia,Puglia,4029053,2545564,63.18,0.38
2543,2021-06-09,PUG,41548,20569,20979,30377,11171,ITF,ITF4,16,Puglia,Puglia,4029053,2587112,64.21,1.03
2544,2021-02-15,PUG,3257,1269,1988,2635,622,ITF,ITF4,16,Puglia,Puglia,4029053,2590369,64.29,0.08
2545,2021-05-26,PUG,38444,18451,19993,26791,11653,ITF,ITF4,16,Puglia,Puglia,4029053,2628813,65.25,0.95
2546,2021-01-27,PUG,4602,1941,2661,631,3971,ITF,ITF4,16,Puglia,Puglia,4029053,2633415,65.36,0.11
2547,2021-05-07,PUG,50002,22320,27682,26550,23452,ITF,ITF4,16,Puglia,Puglia,4029053,2683417,66.6,1.24
2548,2021-01-13,PUG,4542,1729,2813,4542,0,ITF,ITF4,16,Puglia,Puglia,4029053,2687959,66.71,0.11
2549,2021-04-06,PUG,13831,6246,7585,7079,6752,ITF,ITF4,16,Puglia,Puglia,4029053,2701790,67.06,0.34
2550,2021-03-06,PUG,16147,6126,10021,14055,2092,ITF,ITF4,16,Puglia,Puglia,4029053,2717937,67.46,0.4
2551,2021-01-08,PUG,5649,2370,3279,5649,0,ITF,ITF4,16,Puglia,Puglia,4029053,2723586,67.6,0.14
2552,2021-06-14,PUG,41652,20383,21269,29314,12338,ITF,ITF4,16,Puglia,Puglia,4029053,2765238,68.63,1.03
2553,2021-04-18,PUG,22597,10808,11789,21534,1063,ITF,ITF4,16,Puglia,Puglia,4029053,2787835,69.19,0.56
2554,2021-02-20,PUG,2970,1079,1891,2713,257,ITF,ITF4,16,Puglia,Puglia,4029053,2790805,69.27,0.07
2555,2021-06-16,PUG,41340,20338,21002,27005,14335,ITF,ITF4,16,Puglia,Puglia,4029053,2832145,70.29,1.03
2556,2020-12-30,PUG,1,0,1,1,0,ITF,ITF4,16,Puglia,Puglia,4029053,2832146,70.29,0.0
2557,2021-03-22,PUG,9933,5097,4836,4287,5646,ITF,ITF4,16,Puglia,Puglia,4029053,2842079,70.54,0.25
2558,2021-01-24,PUG,1670,750,920,154,1516,ITF,ITF4,16,Puglia,Puglia,4029053,2843749,70.58,0.04
2559,2021-06-30,PUG,44139,21380,22759,17841,26298,ITF,ITF4,16,Puglia,Puglia,4029053,2887888,71.68,1.1
2560,2021-03-15,PUG,12331,6140,6191,5828,6503,ITF,ITF4,16,Puglia,Puglia,4029053,2900219,71.98,0.31
2561,2021-01-17,PUG,1308,590,718,1239,69,ITF,ITF4,16,Puglia,Puglia,4029053,2901527,72.02,0.03
2562,2021-06-23,PUG,28730,14044,14686,17038,11692,ITF,ITF4,16,Puglia,Puglia,4029053,2930257,72.73,0.71
2563,2021-01-03,PUG,2006,942,1064,2006,0,ITF,ITF4,16,Puglia,Puglia,4029053,2932263,72.78,0.05
2564,2021-03-27,PUG,12153,5709,6444,6984,5169,ITF,ITF4,16,Puglia,Puglia,4029053,2944416,73.08,0.3
2565,2021-01-05,PUG,5108,2251,2857,5108,0,ITF,ITF4,16,Puglia,Puglia,4029053,2949524,73.21,0.13
2566,2021-04-15,PUG,32551,15188,17363,29005,3546,ITF,ITF4,16,Puglia,Puglia,4029053,2982075,74.01,0.81
2567,2021-04-08,PUG,17470,7580,9890,11293,6177,ITF,ITF4,16,Puglia,Puglia,4029053,2999545,74.45,0.43
2568,2021-06-06,PUG,30533,15370,15163,25503,5030,ITF,ITF4,16,Puglia,Puglia,4029053,3030078,75.21,0.76
2569,2021-04-10,PUG,30882,13097,17785,26658,4224,ITF,ITF4,16,Puglia,Puglia,4029053,3060960,75.97,0.77
2570,2021-04-01,PUG,13924,6536,7388,7577,6347,ITF,ITF4,16,Puglia,Puglia,4029053,3074884,76.32,0.35
2571,2021-02-03,PUG,5037,2005,3032,729,4308,ITF,ITF4,16,Puglia,Puglia,4029053,3079921,76.44,0.13
2572,2021-01-15,PUG,4551,1866,2685,4551,0,ITF,ITF4,16,Puglia,Puglia,4029053,3084472,76.56,0.11
2573,2021-01-22,PUG,1409,578,831,991,418,ITF,ITF4,16,Puglia,Puglia,4029053,3085881,76.59,0.03
2574,2021-02-10,PUG,3646,1436,2210,2135,1511,ITF,ITF4,16,Puglia,Puglia,4029053,3089527,76.68,0.09
2575,2021-05-23,PUG,17913,8370,9543,14108,3805,ITF,ITF4,16,Puglia,Puglia,4029053,3107440,77.13,0.44
2576,2021-02-17,PUG,4278,1747,2531,3673,605,ITF,ITF4,16,Puglia,Puglia,4029053,3111718,77.23,0.11
2577,2021-05-28,PUG,43815,20754,23061,28145,15670,ITF,ITF4,16,Puglia,Puglia,4029053,3155533,78.32,1.09
2578,2021-05-30,PUG,20915,10020,10895,15880,5035,ITF,ITF4,16,Puglia,Puglia,4029053,3176448,78.84,0.52
2579,2021-03-01,PUG,15104,5867,9237,13732,1372,ITF,ITF4,16,Puglia,Puglia,4029053,3191552,79.21,0.37
2580,2021-01-10,PUG,2348,1061,1287,2348,0,ITF,ITF4,16,Puglia,Puglia,4029053,3193900,79.27,0.06
2581,2021-04-20,PUG,21151,9824,11327,17686,3465,ITF,ITF4,16,Puglia,Puglia,4029053,3215051,79.8,0.52
2582,2020-12-27,PUG,509,252,257,509,0,ITF,ITF4,16,Puglia,Puglia,4029053,3215560,79.81,0.01
2583,2021-04-27,PUG,26671,12068,14603,21068,5603,ITF,ITF4,16,Puglia,Puglia,4029053,3242231,80.47,0.66
2584,2021-05-11,PUG,32549,14356,18193,14130,18419,ITF,ITF4,16,Puglia,Puglia,4029053,3274780,81.28,0.81
2585,2021-05-04,PUG,35033,14815,20218,18583,16450,ITF,ITF4,16,Puglia,Puglia,4029053,3309813,82.15,0.87
2586,2021-03-08,PUG,14988,6435,8553,12588,2400,ITF,ITF4,16,Puglia,Puglia,4029053,3324801,82.52,0.37
2587,2021-06-25,PUG,48557,23775,24782,23548,25009,ITF,ITF4,16,Puglia,Puglia,4029053,3373358,83.73,1.21
2588,2021-01-11,PUG,3754,1588,2166,3754,0,ITF,ITF4,16,Puglia,Puglia,4029053,3377112,83.82,0.09
2589,2021-04-21,PUG,23092,10662,12430,19359,3733,ITF,ITF4,16,Puglia,Puglia,4029053,3400204,84.39,0.57
2590,2021-05-24,PUG,36066,17015,19051,25079,10987,ITF,ITF4,16,Puglia,Puglia,4029053,3436270,85.29,0.9
2591,2021-02-16,PUG,3382,1454,1928,2736,646,ITF,ITF4,16,Puglia,Puglia,4029053,3439652,85.37,0.08
2592,2021-01-30,PUG,5531,2514,3017,410,5121,ITF,ITF4,16,Puglia,Puglia,4029053,3445183,85.51,0.14
2593,2021-05-10,PUG,37703,16657,21046,19761,17942,ITF,ITF4,16,Puglia,Puglia,4029053,3482886,86.44,0.94
2594,2021-02-13,PUG,3727,1456,2271,3031,696,ITF,ITF4,16,Puglia,Puglia,4029053,3486613,86.54,0.09
2595,2021-06-28,PUG,46972,22695,24277,21589,25383,ITF,ITF4,16,Puglia,Puglia,4029053,3533585,87.7,1.17
2596,2021-05-09,PUG,30648,12562,18086,15035,15613,ITF,ITF4,16,Puglia,Puglia,4029053,3564233,88.46,0.76
2597,2021-04-22,PUG,23012,10534,12478,18094,4918,ITF,ITF4,16,Puglia,Puglia,4029053,3587245,89.03,0.57
2598,2021-02-12,PUG,4212,1672,2540,3120,1092,ITF,ITF4,16,Puglia,Puglia,4029053,3591457,89.14,0.1
2599,2021-01-29,PUG,6201,2663,3538,435,5766,ITF,ITF4,16,Puglia,Puglia,4029053,3597658,89.29,0.15
2600,2021-03-20,PUG,8413,3878,4535,3819,4594,ITF,ITF4,16,Puglia,Puglia,4029053,3606071,89.5,0.21
2601,2021-03-03,PUG,16778,6798,9980,14862,1916,ITF,ITF4,16,Puglia,Puglia,4029053,3622849,89.92,0.42
2602,2021-06-11,PUG,47422,23196,24226,33500,13922,ITF,ITF4,16,Puglia,Puglia,4029053,3670271,91.1,1.18
2603,2021-04-03,PUG,10559,4644,5915,7000,3559,ITF,ITF4,16,Puglia,Puglia,4029053,3680830,91.36,0.26
2604,2021-05-19,SAR,17017,8664,8353,12779,4238,ITG,ITG2,20,Sardegna,Sardegna,1639591,17017,1.04,1.04
2605,2021-06-05,SAR,17865,8430,9435,11413,6452,ITG,ITG2,20,Sardegna,Sardegna,1639591,34882,2.13,1.09
2606,2021-02-25,SAR,2899,1255,1644,2294,605,ITG,ITG2,20,Sardegna,Sardegna,1639591,37781,2.3,0.18
2607,2021-03-14,SAR,607,376,231,607,0,ITG,ITG2,20,Sardegna,Sardegna,1639591,38388,2.34,0.04
2608,2021-04-30,SAR,11134,5301,5833,6923,4211,ITG,ITG2,20,Sardegna,Sardegna,1639591,49522,3.02,0.68
2609,2021-06-19,SAR,15330,7507,7823,9210,6120,ITG,ITG2,20,Sardegna,Sardegna,1639591,64852,3.96,0.93
2610,2021-03-28,SAR,4646,1839,2807,4566,80,ITG,ITG2,20,Sardegna,Sardegna,1639591,69498,4.24,0.28
2611,2021-01-04,SAR,592,217,375,592,0,ITG,ITG2,20,Sardegna,Sardegna,1639591,70090,4.27,0.04
2612,2021-04-16,SAR,14449,6490,7959,9106,5343,ITG,ITG2,20,Sardegna,Sardegna,1639591,84539,5.16,0.88
2613,2021-02-11,SAR,1315,490,825,1204,111,ITG,ITG2,20,Sardegna,Sardegna,1639591,85854,5.24,0.08
2614,2021-05-24,SAR,14480,7261,7219,8497,5983,ITG,ITG2,20,Sardegna,Sardegna,1639591,100334,6.12,0.88
2615,2021-02-13,SAR,1456,565,891,1454,2,ITG,ITG2,20,Sardegna,Sardegna,1639591,101790,6.21,0.09
2616,2021-05-29,SAR,17997,8650,9347,13404,4593,ITG,ITG2,20,Sardegna,Sardegna,1639591,119787,7.31,1.1
2617,2021-02-18,SAR,1878,732,1146,1814,64,ITG,ITG2,20,Sardegna,Sardegna,1639591,121665,7.42,0.11
2618,2021-04-09,SAR,12306,5471,6835,7953,4353,ITG,ITG2,20,Sardegna,Sardegna,1639591,133971,8.17,0.75
2619,2021-04-11,SAR,5395,2443,2952,4275,1120,ITG,ITG2,20,Sardegna,Sardegna,1639591,139366,8.5,0.33
2620,2021-06-07,SAR,12557,6142,6415,9553,3004,ITG,ITG2,20,Sardegna,Sardegna,1639591,151923,9.27,0.77
2621,2021-02-04,SAR,2272,816,1456,916,1356,ITG,ITG2,20,Sardegna,Sardegna,1639591,154195,9.4,0.14
2622,2021-04-02,SAR,8993,3548,5445,5751,3242,ITG,ITG2,20,Sardegna,Sardegna,1639591,163188,9.95,0.55
2623,2021-07-01,SAR,19657,9656,10001,6942,12715,ITG,ITG2,20,Sardegna,Sardegna,1639591,182845,11.15,1.2
2624,2021-03-23,SAR,6413,2879,3534,5335,1078,ITG,ITG2,20,Sardegna,Sardegna,1639591,189258,11.54,0.39
2625,2021-05-12,SAR,11136,5261,5875,7997,3139,ITG,ITG2,20,Sardegna,Sardegna,1639591,200394,12.22,0.68
2626,2020-12-28,SAR,65,25,40,65,0,ITG,ITG2,20,Sardegna,Sardegna,1639591,200459,12.23,0.0
2627,2021-04-23,SAR,12864,5741,7123,7388,5476,ITG,ITG2,20,Sardegna,Sardegna,1639591,213323,13.01,0.78
2628,2021-05-10,SAR,9739,4341,5398,7201,2538,ITG,ITG2,20,Sardegna,Sardegna,1639591,223062,13.6,0.59
2629,2021-01-30,SAR,3863,1392,2471,362,3501,ITG,ITG2,20,Sardegna,Sardegna,1639591,226925,13.84,0.24
2630,2021-01-16,SAR,1492,525,967,1492,0,ITG,ITG2,20,Sardegna,Sardegna,1639591,228417,13.93,0.09
2631,2021-06-26,SAR,18736,8780,9956,5511,13225,ITG,ITG2,20,Sardegna,Sardegna,1639591,247153,15.07,1.14
2632,2021-03-09,SAR,5547,2742,2805,4818,729,ITG,ITG2,20,Sardegna,Sardegna,1639591,252700,15.41,0.34
2633,2021-05-05,SAR,10163,4647,5516,8150,2013,ITG,ITG2,20,Sardegna,Sardegna,1639591,262863,16.03,0.62
2634,2021-03-02,SAR,3061,1640,1421,1908,1153,ITG,ITG2,20,Sardegna,Sardegna,1639591,265924,16.22,0.19
2635,2021-04-28,SAR,9026,4282,4744,5323,3703,ITG,ITG2,20,Sardegna,Sardegna,1639591,274950,16.77,0.55
2636,2021-01-18,SAR,904,326,578,780,124,ITG,ITG2,20,Sardegna,Sardegna,1639591,275854,16.82,0.06
2637,2021-06-24,SAR,19143,9190,9953,8197,10946,ITG,ITG2,20,Sardegna,Sardegna,1639591,294997,17.99,1.17
2638,2021-03-16,SAR,4374,1949,2425,3452,922,ITG,ITG2,20,Sardegna,Sardegna,1639591,299371,18.26,0.27
2639,2021-05-17,SAR,12815,6258,6557,9271,3544,ITG,ITG2,20,Sardegna,Sardegna,1639591,312186,19.04,0.78
2640,2021-02-06,SAR,1971,698,1273,569,1402,ITG,ITG2,20,Sardegna,Sardegna,1639591,314157,19.16,0.12
2641,2021-02-23,SAR,1537,1026,511,1285,252,ITG,ITG2,20,Sardegna,Sardegna,1639591,315694,19.25,0.09
2642,2021-05-02,SAR,5887,2670,3217,5306,581,ITG,ITG2,20,Sardegna,Sardegna,1639591,321581,19.61,0.36
2643,2021-02-08,SAR,1470,533,937,856,614,ITG,ITG2,20,Sardegna,Sardegna,1639591,323051,19.7,0.09
2644,2021-05-31,SAR,11366,5409,5957,8256,3110,ITG,ITG2,20,Sardegna,Sardegna,1639591,334417,20.4,0.69
2645,2021-04-18,SAR,5127,2225,2902,2258,2869,ITG,ITG2,20,Sardegna,Sardegna,1639591,339544,20.71,0.31
2646,2021-01-08,SAR,3258,1184,2074,3258,0,ITG,ITG2,20,Sardegna,Sardegna,1639591,342802,20.91,0.2
2647,2021-06-02,SAR,9784,4689,5095,8144,1640,ITG,ITG2,20,Sardegna,Sardegna,1639591,352586,21.5,0.6
2648,2021-04-20,SAR,10998,4994,6004,7782,3216,ITG,ITG2,20,Sardegna,Sardegna,1639591,363584,22.18,0.67
2649,2021-04-04,SAR,1,0,1,0,1,ITG,ITG2,20,Sardegna,Sardegna,1639591,363585,22.18,0.0
2650,2021-06-16,SAR,17627,8273,9354,12326,5301,ITG,ITG2,20,Sardegna,Sardegna,1639591,381212,23.25,1.08
2651,2021-01-01,SAR,32,17,15,32,0,ITG,ITG2,20,Sardegna,Sardegna,1639591,381244,23.25,0.0
2652,2021-02-27,SAR,1921,647,1274,1366,555,ITG,ITG2,20,Sardegna,Sardegna,1639591,383165,23.37,0.12
2653,2021-01-23,SAR,60,22,38,0,60,ITG,ITG2,20,Sardegna,Sardegna,1639591,383225,23.37,0.0
2654,2021-02-22,SAR,1639,949,690,1411,228,ITG,ITG2,20,Sardegna,Sardegna,1639591,384864,23.47,0.1
2655,2021-03-11,SAR,6428,3092,3336,5226,1202,ITG,ITG2,20,Sardegna,Sardegna,1639591,391292,23.87,0.39
2656,2021-06-04,SAR,14477,6928,7549,9922,4555,ITG,ITG2,20,Sardegna,Sardegna,1639591,405769,24.75,0.88
2657,2021-06-21,SAR,14006,6727,7279,5190,8816,ITG,ITG2,20,Sardegna,Sardegna,1639591,419775,25.6,0.85
2658,2021-03-13,SAR,2755,1076,1679,2474,281,ITG,ITG2,20,Sardegna,Sardegna,1639591,422530,25.77,0.17
2659,2021-06-12,SAR,14744,7187,7557,10044,4700,ITG,ITG2,20,Sardegna,Sardegna,1639591,437274,26.67,0.9
2660,2021-03-04,SAR,4365,2293,2072,3109,1256,ITG,ITG2,20,Sardegna,Sardegna,1639591,441639,26.94,0.27
2661,2021-03-21,SAR,4030,1809,2221,2590,1440,ITG,ITG2,20,Sardegna,Sardegna,1639591,445669,27.18,0.25
2662,2021-01-13,SAR,573,178,395,573,0,ITG,ITG2,20,Sardegna,Sardegna,1639591,446242,27.22,0.03
2663,2021-06-14,SAR,13735,6634,7101,10126,3609,ITG,ITG2,20,Sardegna,Sardegna,1639591,459977,28.05,0.84
2664,2021-03-06,SAR,2638,1079,1559,858,1780,ITG,ITG2,20,Sardegna,Sardegna,1639591,462615,28.22,0.16
2665,2021-06-28,SAR,14967,7022,7945,3116,11851,ITG,ITG2,20,Sardegna,Sardegna,1639591,477582,29.13,0.91
2666,2021-04-06,SAR,7464,3125,4339,5035,2429,ITG,ITG2,20,Sardegna,Sardegna,1639591,485046,29.58,0.46
2667,2020-12-27,SAR,65,34,31,65,0,ITG,ITG2,20,Sardegna,Sardegna,1639591,485111,29.59,0.0
2668,2021-04-25,SAR,4497,2269,2228,3718,779,ITG,ITG2,20,Sardegna,Sardegna,1639591,489608,29.86,0.27
2669,2021-01-15,SAR,1563,573,990,1563,0,ITG,ITG2,20,Sardegna,Sardegna,1639591,491171,29.96,0.1
2670,2021-02-01,SAR,1524,605,919,225,1299,ITG,ITG2,20,Sardegna,Sardegna,1639591,492695,30.05,0.09
2671,2021-05-09,SAR,6129,2874,3255,5203,926,ITG,ITG2,20,Sardegna,Sardegna,1639591,498824,30.42,0.37
2672,2021-05-07,SAR,14472,6632,7840,9949,4523,ITG,ITG2,20,Sardegna,Sardegna,1639591,513296,31.31,0.88
2673,2021-01-27,SAR,1413,497,916,79,1334,ITG,ITG2,20,Sardegna,Sardegna,1639591,514709,31.39,0.09
2674,2021-07-03,SAR,8740,4140,4600,1459,7281,ITG,ITG2,20,Sardegna,Sardegna,1639591,523449,31.93,0.53
2675,2021-03-25,SAR,9116,3973,5143,7809,1307,ITG,ITG2,20,Sardegna,Sardegna,1639591,532565,32.48,0.56
2676,2021-05-21,SAR,22639,11205,11434,16543,6096,ITG,ITG2,20,Sardegna,Sardegna,1639591,555204,33.86,1.38
2677,2021-01-20,SAR,210,77,133,208,2,ITG,ITG2,20,Sardegna,Sardegna,1639591,555414,33.88,0.01
2678,2021-03-29,SAR,4725,1829,2896,4136,589,ITG,ITG2,20,Sardegna,Sardegna,1639591,560139,34.16,0.29
2679,2021-04-15,SAR,11847,5541,6306,6889,4958,ITG,ITG2,20,Sardegna,Sardegna,1639591,571986,34.89,0.72
2680,2021-01-05,SAR,1327,446,881,1327,0,ITG,ITG2,20,Sardegna,Sardegna,1639591,573313,34.97,0.08
2681,2021-01-22,SAR,83,47,36,55,28,ITG,ITG2,20,Sardegna,Sardegna,1639591,573396,34.97,0.01
2682,2021-04-17,SAR,10088,4504,5584,5490,4598,ITG,ITG2,20,Sardegna,Sardegna,1639591,583484,35.59,0.62
2683,2021-04-21,SAR,12077,5559,6518,6543,5534,ITG,ITG2,20,Sardegna,Sardegna,1639591,595561,36.32,0.74
2684,2021-01-11,SAR,1183,505,678,1183,0,ITG,ITG2,20,Sardegna,Sardegna,1639591,596744,36.4,0.07
2685,2021-06-17,SAR,18446,8524,9922,10034,8412,ITG,ITG2,20,Sardegna,Sardegna,1639591,615190,37.52,1.13
2686,2021-01-25,SAR,591,214,377,22,569,ITG,ITG2,20,Sardegna,Sardegna,1639591,615781,37.56,0.04
2687,2021-05-16,SAR,8222,3831,4391,6062,2160,ITG,ITG2,20,Sardegna,Sardegna,1639591,624003,38.06,0.5
2688,2021-02-20,SAR,2041,855,1186,1707,334,ITG,ITG2,20,Sardegna,Sardegna,1639591,626044,38.18,0.12
2689,2021-04-29,SAR,11127,5111,6016,6769,4358,ITG,ITG2,20,Sardegna,Sardegna,1639591,637171,38.86,0.68
2690,2021-06-25,SAR,16481,7796,8685,3941,12540,ITG,ITG2,20,Sardegna,Sardegna,1639591,653652,39.87,1.01
2691,2021-01-10,SAR,2183,750,1433,2183,0,ITG,ITG2,20,Sardegna,Sardegna,1639591,655835,40.0,0.13
2692,2021-04-13,SAR,7619,3601,4018,5792,1827,ITG,ITG2,20,Sardegna,Sardegna,1639591,663454,40.46,0.46
2693,2021-06-09,SAR,15459,7366,8093,11721,3738,ITG,ITG2,20,Sardegna,Sardegna,1639591,678913,41.41,0.94
2694,2021-03-30,SAR,8778,3591,5187,6502,2276,ITG,ITG2,20,Sardegna,Sardegna,1639591,687691,41.94,0.54
2695,2021-01-06,SAR,1615,549,1066,1615,0,ITG,ITG2,20,Sardegna,Sardegna,1639591,689306,42.04,0.1
2696,2021-06-23,SAR,20525,9659,10866,6276,14249,ITG,ITG2,20,Sardegna,Sardegna,1639591,709831,43.29,1.25
2697,2021-05-28,SAR,17949,8692,9257,13673,4276,ITG,ITG2,20,Sardegna,Sardegna,1639591,727780,44.39,1.09
2698,2021-02-17,SAR,1407,577,830,1333,74,ITG,ITG2,20,Sardegna,Sardegna,1639591,729187,44.47,0.09
2699,2021-05-25,SAR,15144,7706,7438,8668,6476,ITG,ITG2,20,Sardegna,Sardegna,1639591,744331,45.4,0.92
2700,2021-06-11,SAR,14771,7016,7755,9239,5532,ITG,ITG2,20,Sardegna,Sardegna,1639591,759102,46.3,0.9
2701,2021-03-03,SAR,4120,2282,1838,2821,1299,ITG,ITG2,20,Sardegna,Sardegna,1639591,763222,46.55,0.25
2702,2021-01-03,SAR,90,36,54,90,0,ITG,ITG2,20,Sardegna,Sardegna,1639591,763312,46.56,0.01
2703,2021-03-18,SAR,7257,3071,4186,5652,1605,ITG,ITG2,20,Sardegna,Sardegna,1639591,770569,47.0,0.44
2704,2021-05-14,SAR,14587,6876,7711,10939,3648,ITG,ITG2,20,Sardegna,Sardegna,1639591,785156,47.89,0.89
2705,2021-02-03,SAR,1119,419,700,426,693,ITG,ITG2,20,Sardegna,Sardegna,1639591,786275,47.96,0.07
2706,2021-04-01,SAR,10165,4072,6093,7150,3015,ITG,ITG2,20,Sardegna,Sardegna,1639591,796440,48.58,0.62
2707,2021-02-10,SAR,1959,765,1194,1441,518,ITG,ITG2,20,Sardegna,Sardegna,1639591,798399,48.7,0.12
2708,2021-02-05,SAR,1897,749,1148,433,1464,ITG,ITG2,20,Sardegna,Sardegna,1639591,800296,48.81,0.12
2709,2021-05-18,SAR,14752,7378,7374,9552,5200,ITG,ITG2,20,Sardegna,Sardegna,1639591,815048,49.71,0.9
2710,2021-02-24,SAR,2414,1295,1119,2224,190,ITG,ITG2,20,Sardegna,Sardegna,1639591,817462,49.86,0.15
2711,2021-06-06,SAR,10030,4998,5032,6379,3651,ITG,ITG2,20,Sardegna,Sardegna,1639591,827492,50.47,0.61
2712,2021-07-02,SAR,18916,8885,10031,4376,14540,ITG,ITG2,20,Sardegna,Sardegna,1639591,846408,51.62,1.15
2713,2021-04-27,SAR,7617,3552,4065,5574,2043,ITG,ITG2,20,Sardegna,Sardegna,1639591,854025,52.09,0.46
2714,2021-01-17,SAR,860,277,583,859,1,ITG,ITG2,20,Sardegna,Sardegna,1639591,854885,52.14,0.05
2715,2021-03-15,SAR,2799,1319,1480,2426,373,ITG,ITG2,20,Sardegna,Sardegna,1639591,857684,52.31,0.17
2716,2021-03-26,SAR,8440,3492,4948,6914,1526,ITG,ITG2,20,Sardegna,Sardegna,1639591,866124,52.83,0.51
2717,2021-05-22,SAR,24848,11955,12893,19703,5145,ITG,ITG2,20,Sardegna,Sardegna,1639591,890972,54.34,1.52
2718,2021-03-08,SAR,4680,2426,2254,3459,1221,ITG,ITG2,20,Sardegna,Sardegna,1639591,895652,54.63,0.29
2719,2021-05-04,SAR,9543,4388,5155,7690,1853,ITG,ITG2,20,Sardegna,Sardegna,1639591,905195,55.21,0.58
2720,2021-01-24,SAR,90,34,56,5,85,ITG,ITG2,20,Sardegna,Sardegna,1639591,905285,55.21,0.01
2721,2021-06-18,SAR,16477,7504,8973,8714,7763,ITG,ITG2,20,Sardegna,Sardegna,1639591,921762,56.22,1.0
2722,2021-03-10,SAR,6052,2955,3097,5202,850,ITG,ITG2,20,Sardegna,Sardegna,1639591,927814,56.59,0.37
2723,2021-05-06,SAR,12953,6013,6940,9805,3148,ITG,ITG2,20,Sardegna,Sardegna,1639591,940767,57.38,0.79
2724,2021-03-01,SAR,2267,1155,1112,1608,659,ITG,ITG2,20,Sardegna,Sardegna,1639591,943034,57.52,0.14
2725,2021-06-22,SAR,19329,8985,10344,7269,12060,ITG,ITG2,20,Sardegna,Sardegna,1639591,962363,58.7,1.18
2726,2021-03-31,SAR,10274,4164,6110,7826,2448,ITG,ITG2,20,Sardegna,Sardegna,1639591,972637,59.32,0.63
2727,2021-06-03,SAR,16391,7641,8750,10704,5687,ITG,ITG2,20,Sardegna,Sardegna,1639591,989028,60.32,1.0
2728,2021-06-20,SAR,6276,2795,3481,3656,2620,ITG,ITG2,20,Sardegna,Sardegna,1639591,995304,60.7,0.38
2729,2021-03-12,SAR,5982,2623,3359,4674,1308,ITG,ITG2,20,Sardegna,Sardegna,1639591,1001286,61.07,0.36
2730,2021-06-30,SAR,17417,8344,9073,4557,12860,ITG,ITG2,20,Sardegna,Sardegna,1639591,1018703,62.13,1.06
2731,2021-03-22,SAR,3696,1497,2199,3183,513,ITG,ITG2,20,Sardegna,Sardegna,1639591,1022399,62.36,0.23
2732,2021-04-08,SAR,13451,5940,7511,8331,5120,ITG,ITG2,20,Sardegna,Sardegna,1639591,1035850,63.18,0.82
2733,2020-12-29,SAR,57,32,25,57,0,ITG,ITG2,20,Sardegna,Sardegna,1639591,1035907,63.18,0.0
2734,2021-04-22,SAR,10510,4663,5847,5589,4921,ITG,ITG2,20,Sardegna,Sardegna,1639591,1046417,63.82,0.64
2735,2021-01-12,SAR,865,408,457,865,0,ITG,ITG2,20,Sardegna,Sardegna,1639591,1047282,63.87,0.05
2736,2021-05-11,SAR,8889,4122,4767,6524,2365,ITG,ITG2,20,Sardegna,Sardegna,1639591,1056171,64.42,0.54
2737,2021-01-31,SAR,2121,750,1371,48,2073,ITG,ITG2,20,Sardegna,Sardegna,1639591,1058292,64.55,0.13
2738,2021-04-03,SAR,4669,1806,2863,2702,1967,ITG,ITG2,20,Sardegna,Sardegna,1639591,1062961,64.83,0.28
2739,2021-05-30,SAR,9730,4839,4891,7372,2358,ITG,ITG2,20,Sardegna,Sardegna,1639591,1072691,65.42,0.59
2740,2021-02-19,SAR,1499,473,1026,1443,56,ITG,ITG2,20,Sardegna,Sardegna,1639591,1074190,65.52,0.09
2741,2021-03-27,SAR,5736,2192,3544,5314,422,ITG,ITG2,20,Sardegna,Sardegna,1639591,1079926,65.87,0.35
2742,2021-05-23,SAR,9967,4807,5160,7722,2245,ITG,ITG2,20,Sardegna,Sardegna,1639591,1089893,66.47,0.61
2743,2021-02-12,SAR,2237,933,1304,2178,59,ITG,ITG2,20,Sardegna,Sardegna,1639591,1092130,66.61,0.14
2744,2021-04-10,SAR,10493,4750,5743,8556,1937,ITG,ITG2,20,Sardegna,Sardegna,1639591,1102623,67.25,0.64
2745,2021-04-12,SAR,6998,3184,3814,5281,1717,ITG,ITG2,20,Sardegna,Sardegna,1639591,1109621,67.68,0.43
2746,2021-01-02,SAR,60,21,39,60,0,ITG,ITG2,20,Sardegna,Sardegna,1639591,1109681,67.68,0.0
2747,2021-06-08,SAR,14823,7067,7756,11320,3503,ITG,ITG2,20,Sardegna,Sardegna,1639591,1124504,68.58,0.9
2748,2021-02-28,SAR,368,169,199,142,226,ITG,ITG2,20,Sardegna,Sardegna,1639591,1124872,68.61,0.02
2749,2021-04-26,SAR,6824,3266,3558,5948,876,ITG,ITG2,20,Sardegna,Sardegna,1639591,1131696,69.02,0.42
2750,2021-04-14,SAR,8259,3905,4354,7021,1238,ITG,ITG2,20,Sardegna,Sardegna,1639591,1139955,69.53,0.5
2751,2021-05-01,SAR,9917,4766,5151,5459,4458,ITG,ITG2,20,Sardegna,Sardegna,1639591,1149872,70.13,0.6
2752,2021-01-21,SAR,126,60,66,94,32,ITG,ITG2,20,Sardegna,Sardegna,1639591,1149998,70.14,0.01
2753,2021-02-07,SAR,1118,395,723,228,890,ITG,ITG2,20,Sardegna,Sardegna,1639591,1151116,70.21,0.07
2754,2021-05-03,SAR,8187,3820,4367,6590,1597,ITG,ITG2,20,Sardegna,Sardegna,1639591,1159303,70.71,0.5
2755,2021-05-20,SAR,16307,7853,8454,11413,4894,ITG,ITG2,20,Sardegna,Sardegna,1639591,1175610,71.7,0.99
2756,2021-02-09,SAR,2287,837,1450,1290,997,ITG,ITG2,20,Sardegna,Sardegna,1639591,1177897,71.84,0.14
2757,2021-02-26,SAR,2801,1109,1692,2495,306,ITG,ITG2,20,Sardegna,Sardegna,1639591,1180698,72.01,0.17
2758,2021-05-13,SAR,12384,5864,6520,8938,3446,ITG,ITG2,20,Sardegna,Sardegna,1639591,1193082,72.77,0.76
2759,2021-02-02,SAR,1498,669,829,257,1241,ITG,ITG2,20,Sardegna,Sardegna,1639591,1194580,72.86,0.09
2760,2021-05-15,SAR,13794,6426,7368,10360,3434,ITG,ITG2,20,Sardegna,Sardegna,1639591,1208374,73.7,0.84
2761,2021-01-26,SAR,1336,453,883,27,1309,ITG,ITG2,20,Sardegna,Sardegna,1639591,1209710,73.78,0.08
2762,2021-01-07,SAR,3113,1077,2036,3113,0,ITG,ITG2,20,Sardegna,Sardegna,1639591,1212823,73.97,0.19
2763,2021-06-10,SAR,17804,8477,9327,11769,6035,ITG,ITG2,20,Sardegna,Sardegna,1639591,1230627,75.06,1.09
2764,2020-12-31,SAR,32,16,16,32,0,ITG,ITG2,20,Sardegna,Sardegna,1639591,1230659,75.06,0.0
2765,2021-01-19,SAR,747,270,477,692,55,ITG,ITG2,20,Sardegna,Sardegna,1639591,1231406,75.1,0.05
2766,2021-03-17,SAR,6560,2852,3708,4952,1608,ITG,ITG2,20,Sardegna,Sardegna,1639591,1237966,75.5,0.4
2767,2021-06-27,SAR,9008,4304,4704,2982,6026,ITG,ITG2,20,Sardegna,Sardegna,1639591,1246974,76.05,0.55
2768,2021-03-24,SAR,7409,3108,4301,6050,1359,ITG,ITG2,20,Sardegna,Sardegna,1639591,1254383,76.51,0.45
2769,2021-02-14,SAR,539,263,276,537,2,ITG,ITG2,20,Sardegna,Sardegna,1639591,1254922,76.54,0.03
2770,2021-04-05,SAR,2037,784,1253,2036,1,ITG,ITG2,20,Sardegna,Sardegna,1639591,1256959,76.66,0.12
2771,2021-06-29,SAR,17800,8546,9254,3774,14026,ITG,ITG2,20,Sardegna,Sardegna,1639591,1274759,77.75,1.09
2772,2021-06-01,SAR,14318,6653,7665,9728,4590,ITG,ITG2,20,Sardegna,Sardegna,1639591,1289077,78.62,0.87
2773,2021-02-21,SAR,1589,710,879,1559,30,ITG,ITG2,20,Sardegna,Sardegna,1639591,1290666,78.72,0.1
2774,2021-04-19,SAR,10196,4622,5574,8766,1430,ITG,ITG2,20,Sardegna,Sardegna,1639591,1300862,79.34,0.62
2775,2021-01-09,SAR,4026,1417,2609,4026,0,ITG,ITG2,20,Sardegna,Sardegna,1639591,1304888,79.59,0.25
2776,2021-06-15,SAR,14659,6786,7873,9928,4731,ITG,ITG2,20,Sardegna,Sardegna,1639591,1319547,80.48,0.89
2777,2021-03-07,SAR,1658,751,907,1117,541,ITG,ITG2,20,Sardegna,Sardegna,1639591,1321205,80.58,0.1
2778,2021-05-08,SAR,13090,5972,7118,10800,2290,ITG,ITG2,20,Sardegna,Sardegna,1639591,1334295,81.38,0.8
2779,2021-05-26,SAR,15533,8189,7344,9885,5648,ITG,ITG2,20,Sardegna,Sardegna,1639591,1349828,82.33,0.95
2780,2021-02-15,SAR,958,349,609,927,31,ITG,ITG2,20,Sardegna,Sardegna,1639591,1350786,82.39,0.06
2781,2021-03-20,SAR,5197,2076,3121,2919,2278,ITG,ITG2,20,Sardegna,Sardegna,1639591,1355983,82.7,0.32
2782,2021-06-13,SAR,9495,4671,4824,6235,3260,ITG,ITG2,20,Sardegna,Sardegna,1639591,1365478,83.28,0.58
2783,2021-01-29,SAR,2956,1070,1886,48,2908,ITG,ITG2,20,Sardegna,Sardegna,1639591,1368434,83.46,0.18
2784,2021-01-28,SAR,2972,1046,1926,69,2903,ITG,ITG2,20,Sardegna,Sardegna,1639591,1371406,83.64,0.18
2785,2021-05-27,SAR,17828,9263,8565,12294,5534,ITG,ITG2,20,Sardegna,Sardegna,1639591,1389234,84.73,1.09
2786,2021-02-16,SAR,700,289,411,673,27,ITG,ITG2,20,Sardegna,Sardegna,1639591,1389934,84.77,0.04
2787,2021-03-05,SAR,5213,2606,2607,2857,2356,ITG,ITG2,20,Sardegna,Sardegna,1639591,1395147,85.09,0.32
2788,2021-03-19,SAR,7271,3051,4220,5056,2215,ITG,ITG2,20,Sardegna,Sardegna,1639591,1402418,85.53,0.44
2789,2021-04-07,SAR,13552,6056,7496,7900,5652,ITG,ITG2,20,Sardegna,Sardegna,1639591,1415970,86.36,0.83
2790,2021-04-24,SAR,10369,4850,5519,8032,2337,ITG,ITG2,20,Sardegna,Sardegna,1639591,1426339,86.99,0.63
2791,2021-01-14,SAR,1106,426,680,1106,0,ITG,ITG2,20,Sardegna,Sardegna,1639591,1427445,87.06,0.07
2792,2021-01-22,ABR,118,57,61,118,0,ITF,ITF1,13,Abruzzo,Abruzzo,1304970,118,0.01,0.01
2793,2021-01-03,ABR,471,185,286,471,0,ITF,ITF1,13,Abruzzo,Abruzzo,1304970,589,0.05,0.04
2794,2021-03-27,ABR,6121,2620,3501,3635,2486,ITF,ITF1,13,Abruzzo,Abruzzo,1304970,6710,0.51,0.47
2795,2021-01-05,ABR,1615,604,1011,1615,0,ITF,ITF1,13,Abruzzo,Abruzzo,1304970,8325,0.64,0.12
2796,2021-02-22,ABR,2642,1173,1469,2612,30,ITF,ITF1,13,Abruzzo,Abruzzo,1304970,10967,0.84,0.2
2797,2021-02-05,ABR,1534,521,1013,788,746,ITF,ITF1,13,Abruzzo,Abruzzo,1304970,12501,0.96,0.12
2798,2021-05-16,ABR,9577,4137,5440,5765,3812,ITF,ITF1,13,Abruzzo,Abruzzo,1304970,22078,1.69,0.73
2799,2021-06-04,ABR,15607,7375,8232,10917,4690,ITF,ITF1,13,Abruzzo,Abruzzo,1304970,37685,2.89,1.2
2800,2021-05-18,ABR,12110,5660,6450,7730,4380,ITF,ITF1,13,Abruzzo,Abruzzo,1304970,49795,3.82,0.93
2801,2021-02-24,ABR,3307,1442,1865,3131,176,ITF,ITF1,13,Abruzzo,Abruzzo,1304970,53102,4.07,0.25
2802,2021-01-10,ABR,1139,409,730,1139,0,ITF,ITF1,13,Abruzzo,Abruzzo,1304970,54241,4.16,0.09
2803,2021-04-29,ABR,12671,5850,6821,9576,3095,ITF,ITF1,13,Abruzzo,Abruzzo,1304970,66912,5.13,0.97
2804,2021-06-25,ABR,10784,5323,5461,4802,5982,ITF,ITF1,13,Abruzzo,Abruzzo,1304970,77696,5.95,0.83
2805,2021-01-15,ABR,379,149,230,379,0,ITF,ITF1,13,Abruzzo,Abruzzo,1304970,78075,5.98,0.03
2806,2021-04-27,ABR,9085,4368,4717,6618,2467,ITF,ITF1,13,Abruzzo,Abruzzo,1304970,87160,6.68,0.7
2807,2021-07-02,ABR,11616,5842,5774,4792,6824,ITF,ITF1,13,Abruzzo,Abruzzo,1304970,98776,7.57,0.89
2808,2021-03-15,ABR,3683,1447,2236,1876,1807,ITF,ITF1,13,Abruzzo,Abruzzo,1304970,102459,7.85,0.28
2809,2021-01-17,ABR,188,59,129,181,7,ITF,ITF1,13,Abruzzo,Abruzzo,1304970,102647,7.87,0.01
2810,2021-05-04,ABR,10749,5050,5699,7133,3616,ITF,ITF1,13,Abruzzo,Abruzzo,1304970,113396,8.69,0.82
2811,2021-03-08,ABR,5148,1693,3455,4178,970,ITF,ITF1,13,Abruzzo,Abruzzo,1304970,118544,9.08,0.39
2812,2021-01-24,ABR,50,22,28,6,44,ITF,ITF1,13,Abruzzo,Abruzzo,1304970,118594,9.09,0.0
2813,2021-03-01,ABR,3478,1385,2093,2727,751,ITF,ITF1,13,Abruzzo,Abruzzo,1304970,122072,9.35,0.27
2814,2021-06-18,ABR,9981,4906,5075,6520,3461,ITF,ITF1,13,Abruzzo,Abruzzo,1304970,132053,10.12,0.76
2815,2020-12-27,ABR,37,19,18,37,0,ITF,ITF1,13,Abruzzo,Abruzzo,1304970,132090,10.12,0.0
2816,2021-03-20,ABR,4793,2199,2594,2622,2171,ITF,ITF1,13,Abruzzo,Abruzzo,1304970,136883,10.49,0.37
2817,2021-06-13,ABR,9692,4859,4833,7856,1836,ITF,ITF1,13,Abruzzo,Abruzzo,1304970,146575,11.23,0.74
2818,2021-01-29,ABR,1387,449,938,74,1313,ITF,ITF1,13,Abruzzo,Abruzzo,1304970,147962,11.34,0.11
2819,2021-03-03,ABR,4633,1891,2742,3727,906,ITF,ITF1,13,Abruzzo,Abruzzo,1304970,152595,11.69,0.36
2820,2021-04-08,ABR,7395,3337,4058,5065,2330,ITF,ITF1,13,Abruzzo,Abruzzo,1304970,159990,12.26,0.57
2821,2021-04-22,ABR,6729,3249,3480,4999,1730,ITF,ITF1,13,Abruzzo,Abruzzo,1304970,166719,12.78,0.52
2822,2021-03-22,ABR,4344,1908,2436,2373,1971,ITF,ITF1,13,Abruzzo,Abruzzo,1304970,171063,13.11,0.33
2823,2021-06-30,ABR,10916,5292,5624,4420,6496,ITF,ITF1,13,Abruzzo,Abruzzo,1304970,181979,13.95,0.84
2824,2021-02-10,ABR,947,312,635,503,444,ITF,ITF1,13,Abruzzo,Abruzzo,1304970,182926,14.02,0.07
2825,2021-05-30,ABR,8659,4113,4546,5406,3253,ITF,ITF1,13,Abruzzo,Abruzzo,1304970,191585,14.68,0.66
2826,2021-04-03,ABR,5160,2257,2903,3563,1597,ITF,ITF1,13,Abruzzo,Abruzzo,1304970,196745,15.08,0.4
2827,2021-02-12,ABR,1228,567,661,1039,189,ITF,ITF1,13,Abruzzo,Abruzzo,1304970,197973,15.17,0.09
2828,2021-05-23,ABR,9881,4696,5185,7189,2692,ITF,ITF1,13,Abruzzo,Abruzzo,1304970,207854,15.93,0.76
2829,2021-04-15,ABR,7819,3679,4140,5979,1840,ITF,ITF1,13,Abruzzo,Abruzzo,1304970,215673,16.53,0.6
2830,2021-06-22,ABR,10222,4790,5432,5378,4844,ITF,ITF1,13,Abruzzo,Abruzzo,1304970,225895,17.31,0.78
2831,2021-06-23,ABR,10821,5206,5615,5528,5293,ITF,ITF1,13,Abruzzo,Abruzzo,1304970,236716,18.14,0.83
2832,2021-03-17,ABR,4539,1873,2666,2799,1740,ITF,ITF1,13,Abruzzo,Abruzzo,1304970,241255,18.49,0.35
2833,2021-03-24,ABR,6383,2784,3599,4132,2251,ITF,ITF1,13,Abruzzo,Abruzzo,1304970,247638,18.98,0.49
2834,2021-02-02,ABR,1763,668,1095,222,1541,ITF,ITF1,13,Abruzzo,Abruzzo,1304970,249401,19.11,0.14
2835,2021-05-13,ABR,11146,5042,6104,7187,3959,ITF,ITF1,13,Abruzzo,Abruzzo,1304970,260547,19.97,0.85
2836,2021-03-31,ABR,6712,2938,3774,4643,2069,ITF,ITF1,13,Abruzzo,Abruzzo,1304970,267259,20.48,0.51
2837,2021-05-15,ABR,11428,5177,6251,6127,5301,ITF,ITF1,13,Abruzzo,Abruzzo,1304970,278687,21.36,0.88
2838,2021-01-19,ABR,111,55,56,91,20,ITF,ITF1,13,Abruzzo,Abruzzo,1304970,278798,21.36,0.01
2839,2021-02-07,ABR,778,307,471,201,577,ITF,ITF1,13,Abruzzo,Abruzzo,1304970,279576,21.42,0.06
2840,2021-01-21,ABR,157,47,110,157,0,ITF,ITF1,13,Abruzzo,Abruzzo,1304970,279733,21.44,0.01
2841,2021-05-01,ABR,10734,5042,5692,5760,4974,ITF,ITF1,13,Abruzzo,Abruzzo,1304970,290467,22.26,0.82
2842,2021-05-20,ABR,12746,5902,6844,7488,5258,ITF,ITF1,13,Abruzzo,Abruzzo,1304970,303213,23.24,0.98
2843,2021-02-17,ABR,2071,948,1123,1789,282,ITF,ITF1,13,Abruzzo,Abruzzo,1304970,305284,23.39,0.16
2844,2021-06-11,ABR,11555,5753,5802,8797,2758,ITF,ITF1,13,Abruzzo,Abruzzo,1304970,316839,24.28,0.89
2845,2021-05-11,ABR,10752,5113,5639,5907,4845,ITF,ITF1,13,Abruzzo,Abruzzo,1304970,327591,25.1,0.82
2846,2021-04-05,ABR,2692,1147,1545,1813,879,ITF,ITF1,13,Abruzzo,Abruzzo,1304970,330283,25.31,0.21
2847,2021-05-27,ABR,13310,6093,7217,8489,4821,ITF,ITF1,13,Abruzzo,Abruzzo,1304970,343593,26.33,1.02
2848,2021-03-19,ABR,5793,2584,3209,2773,3020,ITF,ITF1,13,Abruzzo,Abruzzo,1304970,349386,26.77,0.44
2849,2021-03-05,ABR,5348,1958,3390,4651,697,ITF,ITF1,13,Abruzzo,Abruzzo,1304970,354734,27.18,0.41
2850,2021-06-27,ABR,8194,4212,3982,4977,3217,ITF,ITF1,13,Abruzzo,Abruzzo,1304970,362928,27.81,0.63
2851,2021-04-07,ABR,7221,3333,3888,4437,2784,ITF,ITF1,13,Abruzzo,Abruzzo,1304970,370149,28.36,0.55
2852,2021-02-03,ABR,2062,717,1345,419,1643,ITF,ITF1,13,Abruzzo,Abruzzo,1304970,372211,28.52,0.16
2853,2021-02-28,ABR,1702,508,1194,1700,2,ITF,ITF1,13,Abruzzo,Abruzzo,1304970,373913,28.65,0.13
2854,2021-01-02,ABR,552,220,332,552,0,ITF,ITF1,13,Abruzzo,Abruzzo,1304970,374465,28.7,0.04
2855,2021-06-08,ABR,12687,6523,6164,10490,2197,ITF,ITF1,13,Abruzzo,Abruzzo,1304970,387152,29.67,0.97
2856,2021-04-26,ABR,8561,4065,4496,7347,1214,ITF,ITF1,13,Abruzzo,Abruzzo,1304970,395713,30.32,0.66
2857,2021-06-01,ABR,10999,4882,6117,6632,4367,ITF,ITF1,13,Abruzzo,Abruzzo,1304970,406712,31.17,0.84
2858,2021-03-29,ABR,5709,2599,3110,3070,2639,ITF,ITF1,13,Abruzzo,Abruzzo,1304970,412421,31.6,0.44
2859,2021-06-03,ABR,13180,6278,6902,9404,3776,ITF,ITF1,13,Abruzzo,Abruzzo,1304970,425601,32.61,1.01
2860,2021-03-12,ABR,6014,1987,4027,4432,1582,ITF,ITF1,13,Abruzzo,Abruzzo,1304970,431615,33.07,0.46
2861,2021-06-20,ABR,8315,4178,4137,5389,2926,ITF,ITF1,13,Abruzzo,Abruzzo,1304970,439930,33.71,0.64
2862,2021-03-14,ABR,1873,731,1142,1207,666,ITF,ITF1,13,Abruzzo,Abruzzo,1304970,441803,33.86,0.14
2863,2021-02-25,ABR,3052,1340,1712,2524,528,ITF,ITF1,13,Abruzzo,Abruzzo,1304970,444855,34.09,0.23
2864,2021-06-05,ABR,14580,6843,7737,10533,4047,ITF,ITF1,13,Abruzzo,Abruzzo,1304970,459435,35.21,1.12
2865,2021-06-06,ABR,11024,5256,5768,8834,2190,ITF,ITF1,13,Abruzzo,Abruzzo,1304970,470459,36.05,0.84
2866,2021-04-10,ABR,8775,4058,4717,6267,2508,ITF,ITF1,13,Abruzzo,Abruzzo,1304970,479234,36.72,0.67
2867,2021-04-17,ABR,7357,3401,3956,4304,3053,ITF,ITF1,13,Abruzzo,Abruzzo,1304970,486591,37.29,0.56
2868,2021-02-19,ABR,3300,1551,1749,3200,100,ITF,ITF1,13,Abruzzo,Abruzzo,1304970,489891,37.54,0.25
2869,2021-02-09,ABR,909,312,597,500,409,ITF,ITF1,13,Abruzzo,Abruzzo,1304970,490800,37.61,0.07
2870,2021-02-11,ABR,816,262,554,773,43,ITF,ITF1,13,Abruzzo,Abruzzo,1304970,491616,37.67,0.06
2871,2021-03-10,ABR,5045,1682,3363,4089,956,ITF,ITF1,13,Abruzzo,Abruzzo,1304970,496661,38.06,0.39
2872,2021-01-26,ABR,1542,567,975,30,1512,ITF,ITF1,13,Abruzzo,Abruzzo,1304970,498203,38.18,0.12
2873,2021-05-06,ABR,12986,6077,6909,7960,5026,ITF,ITF1,13,Abruzzo,Abruzzo,1304970,511189,39.17,1.0
2874,2021-04-09,ABR,8925,4226,4699,6386,2539,ITF,ITF1,13,Abruzzo,Abruzzo,1304970,520114,39.86,0.68
2875,2021-06-19,ABR,10309,5079,5230,6481,3828,ITF,ITF1,13,Abruzzo,Abruzzo,1304970,530423,40.65,0.79
2876,2021-03-28,ABR,2415,1015,1400,2043,372,ITF,ITF1,13,Abruzzo,Abruzzo,1304970,532838,40.83,0.19
2877,2021-04-14,ABR,6593,2949,3644,4473,2120,ITF,ITF1,13,Abruzzo,Abruzzo,1304970,539431,41.34,0.51
2878,2021-01-12,ABR,1805,667,1138,1805,0,ITF,ITF1,13,Abruzzo,Abruzzo,1304970,541236,41.47,0.14
2879,2021-05-25,ABR,11418,5324,6094,8281,3137,ITF,ITF1,13,Abruzzo,Abruzzo,1304970,552654,42.35,0.87
2880,2021-01-31,ABR,1521,493,1028,288,1233,ITF,ITF1,13,Abruzzo,Abruzzo,1304970,554175,42.47,0.12
2881,2021-05-10,ABR,10103,4780,5323,5454,4649,ITF,ITF1,13,Abruzzo,Abruzzo,1304970,564278,43.24,0.77
2882,2021-04-23,ABR,7382,3388,3994,5080,2302,ITF,ITF1,13,Abruzzo,Abruzzo,1304970,571660,43.81,0.57
2883,2021-01-30,ABR,1511,568,943,69,1442,ITF,ITF1,13,Abruzzo,Abruzzo,1304970,573171,43.92,0.12
2884,2021-05-17,ABR,11034,5037,5997,6180,4854,ITF,ITF1,13,Abruzzo,Abruzzo,1304970,584205,44.77,0.85
2885,2021-02-23,ABR,2781,1274,1507,2770,11,ITF,ITF1,13,Abruzzo,Abruzzo,1304970,586986,44.98,0.21
2886,2021-02-06,ABR,1610,743,867,602,1008,ITF,ITF1,13,Abruzzo,Abruzzo,1304970,588596,45.1,0.12
2887,2021-02-08,ABR,1194,395,799,486,708,ITF,ITF1,13,Abruzzo,Abruzzo,1304970,589790,45.2,0.09
2888,2021-04-19,ABR,6226,2858,3368,3854,2372,ITF,ITF1,13,Abruzzo,Abruzzo,1304970,596016,45.67,0.48
2889,2021-02-21,ABR,1218,550,668,1217,1,ITF,ITF1,13,Abruzzo,Abruzzo,1304970,597234,45.77,0.09
2890,2021-06-15,ABR,11104,5475,5629,8686,2418,ITF,ITF1,13,Abruzzo,Abruzzo,1304970,608338,46.62,0.85
2891,2021-04-12,ABR,6207,2944,3263,5033,1174,ITF,ITF1,13,Abruzzo,Abruzzo,1304970,614545,47.09,0.48
2892,2021-01-16,ABR,934,430,504,934,0,ITF,ITF1,13,Abruzzo,Abruzzo,1304970,615479,47.16,0.07
2893,2021-01-07,ABR,1605,553,1052,1605,0,ITF,ITF1,13,Abruzzo,Abruzzo,1304970,617084,47.29,0.12
2894,2021-02-26,ABR,3925,1681,2244,2955,970,ITF,ITF1,13,Abruzzo,Abruzzo,1304970,621009,47.59,0.3
2895,2021-01-04,ABR,1403,576,827,1403,0,ITF,ITF1,13,Abruzzo,Abruzzo,1304970,622412,47.7,0.11
2896,2021-01-23,ABR,264,115,149,57,207,ITF,ITF1,13,Abruzzo,Abruzzo,1304970,622676,47.72,0.02
2897,2021-05-03,ABR,11116,5243,5873,7286,3830,ITF,ITF1,13,Abruzzo,Abruzzo,1304970,633792,48.57,0.85
2898,2021-04-16,ABR,7537,3487,4050,5620,1917,ITF,ITF1,13,Abruzzo,Abruzzo,1304970,641329,49.15,0.58
2899,2021-03-11,ABR,5494,2220,3274,4356,1138,ITF,ITF1,13,Abruzzo,Abruzzo,1304970,646823,49.57,0.42
2900,2021-06-02,ABR,9763,4743,5020,6952,2811,ITF,ITF1,13,Abruzzo,Abruzzo,1304970,656586,50.31,0.75
2901,2021-05-24,ABR,12266,5856,6410,8916,3350,ITF,ITF1,13,Abruzzo,Abruzzo,1304970,668852,51.25,0.94
2902,2021-02-18,ABR,2288,933,1355,2158,130,ITF,ITF1,13,Abruzzo,Abruzzo,1304970,671140,51.43,0.18
2903,2021-05-29,ABR,10317,4429,5888,4544,5773,ITF,ITF1,13,Abruzzo,Abruzzo,1304970,681457,52.22,0.79
2904,2021-05-22,ABR,13093,6363,6730,8198,4895,ITF,ITF1,13,Abruzzo,Abruzzo,1304970,694550,53.22,1.0
2905,2021-03-26,ABR,5354,2311,3043,3279,2075,ITF,ITF1,13,Abruzzo,Abruzzo,1304970,699904,53.63,0.41
2906,2021-05-31,ABR,11311,5104,6207,6888,4423,ITF,ITF1,13,Abruzzo,Abruzzo,1304970,711215,54.5,0.87
2907,2021-04-20,ABR,5596,2693,2903,4178,1418,ITF,ITF1,13,Abruzzo,Abruzzo,1304970,716811,54.93,0.43
2908,2021-04-02,ABR,6694,3102,3592,5207,1487,ITF,ITF1,13,Abruzzo,Abruzzo,1304970,723505,55.44,0.51
2909,2021-02-04,ABR,1682,616,1066,610,1072,ITF,ITF1,13,Abruzzo,Abruzzo,1304970,725187,55.57,0.13
2910,2021-04-04,ABR,1631,767,864,1502,129,ITF,ITF1,13,Abruzzo,Abruzzo,1304970,726818,55.7,0.12
2911,2021-06-16,ABR,10707,5355,5352,8045,2662,ITF,ITF1,13,Abruzzo,Abruzzo,1304970,737525,56.52,0.82
2912,2021-05-19,ABR,10691,5108,5583,7653,3038,ITF,ITF1,13,Abruzzo,Abruzzo,1304970,748216,57.34,0.82
2913,2021-04-30,ABR,12406,5816,6590,6685,5721,ITF,ITF1,13,Abruzzo,Abruzzo,1304970,760622,58.29,0.95
2914,2021-04-13,ABR,5855,2739,3116,4655,1200,ITF,ITF1,13,Abruzzo,Abruzzo,1304970,766477,58.74,0.45
2915,2021-01-20,ABR,447,156,291,445,2,ITF,ITF1,13,Abruzzo,Abruzzo,1304970,766924,58.77,0.03
2916,2021-05-02,ABR,10458,5110,5348,5230,5228,ITF,ITF1,13,Abruzzo,Abruzzo,1304970,777382,59.57,0.8
2917,2021-06-29,ABR,11163,5503,5660,5181,5982,ITF,ITF1,13,Abruzzo,Abruzzo,1304970,788545,60.43,0.86
2918,2021-03-21,ABR,2134,914,1220,844,1290,ITF,ITF1,13,Abruzzo,Abruzzo,1304970,790679,60.59,0.16
2919,2021-06-12,ABR,11190,5792,5398,9860,1330,ITF,ITF1,13,Abruzzo,Abruzzo,1304970,801869,61.45,0.86
2920,2021-01-18,ABR,125,51,74,46,79,ITF,ITF1,13,Abruzzo,Abruzzo,1304970,801994,61.46,0.01
2921,2021-06-24,ABR,10725,5337,5388,5687,5038,ITF,ITF1,13,Abruzzo,Abruzzo,1304970,812719,62.28,0.82
2922,2021-04-28,ABR,9513,4587,4926,7490,2023,ITF,ITF1,13,Abruzzo,Abruzzo,1304970,822232,63.01,0.73
2923,2021-05-12,ABR,9630,4600,5030,6050,3580,ITF,ITF1,13,Abruzzo,Abruzzo,1304970,831862,63.75,0.74
2924,2021-03-16,ABR,3484,1452,2032,1830,1654,ITF,ITF1,13,Abruzzo,Abruzzo,1304970,835346,64.01,0.27
2925,2021-05-05,ABR,11640,5574,6066,6434,5206,ITF,ITF1,13,Abruzzo,Abruzzo,1304970,846986,64.9,0.89
2926,2021-03-09,ABR,5176,1804,3372,4238,938,ITF,ITF1,13,Abruzzo,Abruzzo,1304970,852162,65.3,0.4
2927,2021-07-01,ABR,12531,6153,6378,5748,6783,ITF,ITF1,13,Abruzzo,Abruzzo,1304970,864693,66.26,0.96
2928,2021-03-07,ABR,2523,630,1893,2523,0,ITF,ITF1,13,Abruzzo,Abruzzo,1304970,867216,66.45,0.19
2929,2021-01-09,ABR,1484,566,918,1484,0,ITF,ITF1,13,Abruzzo,Abruzzo,1304970,868700,66.57,0.11
2930,2021-05-07,ABR,12203,5713,6490,7790,4413,ITF,ITF1,13,Abruzzo,Abruzzo,1304970,880903,67.5,0.94
2931,2021-03-13,ABR,4124,1420,2704,3081,1043,ITF,ITF1,13,Abruzzo,Abruzzo,1304970,885027,67.82,0.32
2932,2021-06-21,ABR,10889,5308,5581,4916,5973,ITF,ITF1,13,Abruzzo,Abruzzo,1304970,895916,68.65,0.83
2933,2021-03-30,ABR,5126,2261,2865,3304,1822,ITF,ITF1,13,Abruzzo,Abruzzo,1304970,901042,69.05,0.39
2934,2021-01-06,ABR,1831,664,1167,1831,0,ITF,ITF1,13,Abruzzo,Abruzzo,1304970,902873,69.19,0.14
2935,2021-02-27,ABR,2812,1338,1474,2546,266,ITF,ITF1,13,Abruzzo,Abruzzo,1304970,905685,69.4,0.22
2936,2021-06-07,ABR,10996,5244,5752,9180,1816,ITF,ITF1,13,Abruzzo,Abruzzo,1304970,916681,70.25,0.84
2937,2021-04-11,ABR,5330,2606,2724,4847,483,ITF,ITF1,13,Abruzzo,Abruzzo,1304970,922011,70.65,0.41
2938,2021-06-09,ABR,11423,6022,5401,9745,1678,ITF,ITF1,13,Abruzzo,Abruzzo,1304970,933434,71.53,0.88
2939,2021-03-06,ABR,4177,1358,2819,3607,570,ITF,ITF1,13,Abruzzo,Abruzzo,1304970,937611,71.85,0.32
2940,2021-06-17,ABR,10743,5379,5364,7301,3442,ITF,ITF1,13,Abruzzo,Abruzzo,1304970,948354,72.67,0.82
2941,2021-02-01,ABR,1632,573,1059,271,1361,ITF,ITF1,13,Abruzzo,Abruzzo,1304970,949986,72.8,0.13
2942,2021-03-23,ABR,4832,2187,2645,2266,2566,ITF,ITF1,13,Abruzzo,Abruzzo,1304970,954818,73.17,0.37
2943,2021-01-25,ABR,1604,632,972,17,1587,ITF,ITF1,13,Abruzzo,Abruzzo,1304970,956422,73.29,0.12
2944,2021-04-25,ABR,9066,4621,4445,8256,810,ITF,ITF1,13,Abruzzo,Abruzzo,1304970,965488,73.99,0.69
2945,2021-01-08,ABR,1525,507,1018,1525,0,ITF,ITF1,13,Abruzzo,Abruzzo,1304970,967013,74.1,0.12
2946,2021-04-18,ABR,5814,2728,3086,4871,943,ITF,ITF1,13,Abruzzo,Abruzzo,1304970,972827,74.55,0.45
2947,2021-02-20,ABR,4773,1841,2932,4697,76,ITF,ITF1,13,Abruzzo,Abruzzo,1304970,977600,74.91,0.37
2948,2021-01-13,ABR,1258,441,817,1258,0,ITF,ITF1,13,Abruzzo,Abruzzo,1304970,978858,75.01,0.1
2949,2021-02-13,ABR,854,385,469,438,416,ITF,ITF1,13,Abruzzo,Abruzzo,1304970,979712,75.08,0.07
2950,2021-03-04,ABR,5936,2360,3576,5014,922,ITF,ITF1,13,Abruzzo,Abruzzo,1304970,985648,75.53,0.45
2951,2021-05-28,ABR,14008,6307,7701,7659,6349,ITF,ITF1,13,Abruzzo,Abruzzo,1304970,999656,76.6,1.07
2952,2021-03-25,ABR,5794,2663,3131,3177,2617,ITF,ITF1,13,Abruzzo,Abruzzo,1304970,1005450,77.05,0.44
2953,2021-01-27,ABR,1364,515,849,39,1325,ITF,ITF1,13,Abruzzo,Abruzzo,1304970,1006814,77.15,0.1
2954,2021-07-03,ABR,4768,2371,2397,1486,3282,ITF,ITF1,13,Abruzzo,Abruzzo,1304970,1011582,77.52,0.37
2955,2021-05-21,ABR,13014,6326,6688,8035,4979,ITF,ITF1,13,Abruzzo,Abruzzo,1304970,1024596,78.51,1.0
2956,2021-03-18,ABR,3896,1651,2245,2065,1831,ITF,ITF1,13,Abruzzo,Abruzzo,1304970,1028492,78.81,0.3
2957,2021-06-26,ABR,9854,4924,4930,5660,4194,ITF,ITF1,13,Abruzzo,Abruzzo,1304970,1038346,79.57,0.76
2958,2021-05-14,ABR,10593,5069,5524,5446,5147,ITF,ITF1,13,Abruzzo,Abruzzo,1304970,1048939,80.38,0.81
2959,2021-04-01,ABR,5591,2505,3086,3504,2087,ITF,ITF1,13,Abruzzo,Abruzzo,1304970,1054530,80.81,0.43
2960,2021-05-08,ABR,10291,4870,5421,6459,3832,ITF,ITF1,13,Abruzzo,Abruzzo,1304970,1064821,81.6,0.79
2961,2021-04-24,ABR,8726,3976,4750,7196,1530,ITF,ITF1,13,Abruzzo,Abruzzo,1304970,1073547,82.27,0.67
2962,2021-01-14,ABR,530,189,341,530,0,ITF,ITF1,13,Abruzzo,Abruzzo,1304970,1074077,82.31,0.04
2963,2021-02-16,ABR,1917,842,1075,1905,12,ITF,ITF1,13,Abruzzo,Abruzzo,1304970,1075994,82.45,0.15
2964,2021-03-02,ABR,3965,1675,2290,3281,684,ITF,ITF1,13,Abruzzo,Abruzzo,1304970,1079959,82.76,0.3
2965,2021-06-10,ABR,12555,6244,6311,10393,2162,ITF,ITF1,13,Abruzzo,Abruzzo,1304970,1092514,83.72,0.96
2966,2021-01-28,ABR,1433,495,938,12,1421,ITF,ITF1,13,Abruzzo,Abruzzo,1304970,1093947,83.83,0.11
2967,2021-01-11,ABR,1553,557,996,1553,0,ITF,ITF1,13,Abruzzo,Abruzzo,1304970,1095500,83.95,0.12
2968,2021-04-21,ABR,6388,3100,3288,4714,1674,ITF,ITF1,13,Abruzzo,Abruzzo,1304970,1101888,84.44,0.49
2969,2021-06-28,ABR,9773,4682,5091,5232,4541,ITF,ITF1,13,Abruzzo,Abruzzo,1304970,1111661,85.19,0.75
2970,2021-04-06,ABR,7678,3579,4099,5360,2318,ITF,ITF1,13,Abruzzo,Abruzzo,1304970,1119339,85.78,0.59
2971,2021-05-09,ABR,9156,4090,5066,4286,4870,ITF,ITF1,13,Abruzzo,Abruzzo,1304970,1128495,86.48,0.7
2972,2021-02-15,ABR,1795,832,963,1753,42,ITF,ITF1,13,Abruzzo,Abruzzo,1304970,1130290,86.61,0.14
2973,2021-05-26,ABR,13560,6050,7510,8565,4995,ITF,ITF1,13,Abruzzo,Abruzzo,1304970,1143850,87.65,1.04
2974,2021-06-14,ABR,10828,5348,5480,7463,3365,ITF,ITF1,13,Abruzzo,Abruzzo,1304970,1154678,88.48,0.83
2975,2021-03-28,CAM,15556,7504,8052,13931,1625,ITF,ITF3,15,Campania,Campania,5801692,15556,0.27,0.27
2976,2021-01-04,CAM,5826,2963,2863,5826,0,ITF,ITF3,15,Campania,Campania,5801692,21382,0.37,0.1
2977,2021-06-19,CAM,61121,29082,32039,23412,37709,ITF,ITF3,15,Campania,Campania,5801692,82503,1.42,1.05
2978,2021-03-09,CAM,14124,6870,7254,10339,3785,ITF,ITF3,15,Campania,Campania,5801692,96627,1.67,0.24
2979,2021-05-31,CAM,40711,20655,20056,30401,10310,ITF,ITF3,15,Campania,Campania,5801692,137338,2.37,0.7
2980,2021-04-11,CAM,17523,8606,8917,15441,2082,ITF,ITF3,15,Campania,Campania,5801692,154861,2.67,0.3
2981,2021-04-28,CAM,36434,17641,18793,26678,9756,ITF,ITF3,15,Campania,Campania,5801692,191295,3.3,0.63
2982,2021-01-18,CAM,958,399,559,714,244,ITF,ITF3,15,Campania,Campania,5801692,192253,3.31,0.02
2983,2021-05-17,CAM,49359,21700,27659,24103,25256,ITF,ITF3,15,Campania,Campania,5801692,241612,4.16,0.85
2984,2021-02-06,CAM,5341,2666,2675,2102,3239,ITF,ITF3,15,Campania,Campania,5801692,246953,4.26,0.09
2985,2021-06-07,CAM,55725,26790,28935,51692,4033,ITF,ITF3,15,Campania,Campania,5801692,302678,5.22,0.96
2986,2021-02-25,CAM,12425,4478,7947,11237,1188,ITF,ITF3,15,Campania,Campania,5801692,315103,5.43,0.21
2987,2021-04-09,CAM,30044,14152,15892,23910,6134,ITF,ITF3,15,Campania,Campania,5801692,345147,5.95,0.52
2988,2021-06-05,CAM,77027,37282,39745,71004,6023,ITF,ITF3,15,Campania,Campania,5801692,422174,7.28,1.33
2989,2021-06-14,CAM,36717,17722,18995,18713,18004,ITF,ITF3,15,Campania,Campania,5801692,458891,7.91,0.63
2990,2021-02-11,CAM,6279,2704,3575,6213,66,ITF,ITF3,15,Campania,Campania,5801692,465170,8.02,0.11
2991,2021-04-16,CAM,34321,16559,17762,23656,10665,ITF,ITF3,15,Campania,Campania,5801692,499491,8.61,0.59
2992,2021-01-06,CAM,7652,3749,3903,7652,0,ITF,ITF3,15,Campania,Campania,5801692,507143,8.74,0.13
2993,2021-03-02,CAM,12761,4558,8203,8416,4345,ITF,ITF3,15,Campania,Campania,5801692,519904,8.96,0.22
2994,2021-01-11,CAM,4070,1871,2199,4070,0,ITF,ITF3,15,Campania,Campania,5801692,523974,9.03,0.07
2995,2021-05-24,CAM,31358,15151,16207,16209,15149,ITF,ITF3,15,Campania,Campania,5801692,555332,9.57,0.54
2996,2021-02-13,CAM,5508,2550,2958,5291,217,ITF,ITF3,15,Campania,Campania,5801692,560840,9.67,0.09
2997,2021-04-23,CAM,32322,15520,16802,23174,9148,ITF,ITF3,15,Campania,Campania,5801692,593162,10.22,0.56
2998,2021-01-30,CAM,10722,5080,5642,38,10684,ITF,ITF3,15,Campania,Campania,5801692,603884,10.41,0.18
2999,2021-07-03,CAM,30031,14383,15648,3252,26779,ITF,ITF3,15,Campania,Campania,5801692,633915,10.93,0.52
3000,2021-01-16,CAM,3371,1677,1694,3371,0,ITF,ITF3,15,Campania,Campania,5801692,637286,10.98,0.06
3001,2021-01-23,CAM,3839,2029,1810,273,3566,ITF,ITF3,15,Campania,Campania,5801692,641125,11.05,0.07
3002,2021-03-21,CAM,10071,4674,5397,7681,2390,ITF,ITF3,15,Campania,Campania,5801692,651196,11.22,0.17
3003,2021-06-24,CAM,64746,31104,33642,12720,52026,ITF,ITF3,15,Campania,Campania,5801692,715942,12.34,1.12
3004,2021-03-16,CAM,8086,3519,4567,3772,4314,ITF,ITF3,15,Campania,Campania,5801692,724028,12.48,0.14
3005,2021-01-25,CAM,5746,2927,2819,163,5583,ITF,ITF3,15,Campania,Campania,5801692,729774,12.58,0.1
3006,2021-07-01,CAM,59152,28627,30525,18602,40550,ITF,ITF3,15,Campania,Campania,5801692,788926,13.6,1.02
3007,2021-03-23,CAM,15740,7443,8297,13227,2513,ITF,ITF3,15,Campania,Campania,5801692,804666,13.87,0.27
3008,2021-05-19,CAM,51155,22603,28552,34546,16609,ITF,ITF3,15,Campania,Campania,5801692,855821,14.75,0.88
3009,2021-06-02,CAM,42780,20118,22662,38120,4660,ITF,ITF3,15,Campania,Campania,5801692,898601,15.49,0.74
3010,2021-02-22,CAM,10682,3294,7388,10419,263,ITF,ITF3,15,Campania,Campania,5801692,909283,15.67,0.18
3011,2021-03-11,CAM,17998,9056,8942,10719,7279,ITF,ITF3,15,Campania,Campania,5801692,927281,15.98,0.31
3012,2021-05-16,CAM,51145,23225,27920,33573,17572,ITF,ITF3,15,Campania,Campania,5801692,978426,16.86,0.88
3013,2021-02-20,CAM,8573,3080,5493,8270,303,ITF,ITF3,15,Campania,Campania,5801692,986999,17.01,0.15
3014,2021-02-27,CAM,13948,4473,9475,12306,1642,ITF,ITF3,15,Campania,Campania,5801692,1000947,17.25,0.24
3015,2021-06-16,CAM,30393,14369,16024,19645,10748,ITF,ITF3,15,Campania,Campania,5801692,1031340,17.78,0.52
3016,2021-05-02,CAM,43493,21540,21953,32137,11356,ITF,ITF3,15,Campania,Campania,5801692,1074833,18.53,0.75
3017,2021-01-22,CAM,1525,776,749,673,852,ITF,ITF3,15,Campania,Campania,5801692,1076358,18.55,0.03
3018,2021-02-18,CAM,9080,3813,5267,8373,707,ITF,ITF3,15,Campania,Campania,5801692,1085438,18.71,0.16
3019,2021-04-25,CAM,30732,15170,15562,25336,5396,ITF,ITF3,15,Campania,Campania,5801692,1116170,19.24,0.53
3020,2021-01-13,CAM,8020,3666,4354,8020,0,ITF,ITF3,15,Campania,Campania,5801692,1124190,19.38,0.14
3021,2021-04-18,CAM,27219,13284,13935,18319,8900,ITF,ITF3,15,Campania,Campania,5801692,1151409,19.85,0.47
3022,2021-01-08,CAM,10454,4967,5487,10454,0,ITF,ITF3,15,Campania,Campania,5801692,1161863,20.03,0.18
3023,2021-04-30,CAM,42322,20191,22131,25824,16498,ITF,ITF3,15,Campania,Campania,5801692,1204185,20.76,0.73
3024,2021-02-04,CAM,7943,3429,4514,1308,6635,ITF,ITF3,15,Campania,Campania,5801692,1212128,20.89,0.14
3025,2021-01-01,CAM,919,506,413,919,0,ITF,ITF3,15,Campania,Campania,5801692,1213047,20.91,0.02
3026,2021-03-25,CAM,20321,9653,10668,16818,3503,ITF,ITF3,15,Campania,Campania,5801692,1233368,21.26,0.35
3027,2021-01-20,CAM,1257,650,607,1257,0,ITF,ITF3,15,Campania,Campania,5801692,1234625,21.28,0.02
3028,2021-06-26,CAM,61838,30165,31673,14002,47836,ITF,ITF3,15,Campania,Campania,5801692,1296463,22.35,1.07
3029,2021-04-04,CAM,7967,4018,3949,6920,1047,ITF,ITF3,15,Campania,Campania,5801692,1304430,22.48,0.14
3030,2021-06-12,CAM,60468,29731,30737,53255,7213,ITF,ITF3,15,Campania,Campania,5801692,1364898,23.53,1.04
3031,2021-03-04,CAM,14707,5396,9311,8813,5894,ITF,ITF3,15,Campania,Campania,5801692,1379605,23.78,0.25
3032,2021-05-07,CAM,59764,29205,30559,43818,15946,ITF,ITF3,15,Campania,Campania,5801692,1439369,24.81,1.03
3033,2021-01-27,CAM,7738,3820,3918,162,7576,ITF,ITF3,15,Campania,Campania,5801692,1447107,24.94,0.13
3034,2021-05-26,CAM,52668,25833,26835,21572,31096,ITF,ITF3,15,Campania,Campania,5801692,1499775,25.85,0.91
3035,2021-04-06,CAM,24511,11562,12949,19987,4524,ITF,ITF3,15,Campania,Campania,5801692,1524286,26.27,0.42
3036,2020-12-27,CAM,720,422,298,720,0,ITF,ITF3,15,Campania,Campania,5801692,1525006,26.29,0.01
3037,2021-04-20,CAM,32034,15499,16535,20722,11312,ITF,ITF3,15,Campania,Campania,5801692,1557040,26.84,0.55
3038,2021-06-28,CAM,44812,21815,22997,19523,25289,ITF,ITF3,15,Campania,Campania,5801692,1601852,27.61,0.77
3039,2021-03-20,CAM,13986,6526,7460,10247,3739,ITF,ITF3,15,Campania,Campania,5801692,1615838,27.85,0.24
3040,2021-02-10,CAM,6905,3413,3492,6728,177,ITF,ITF3,15,Campania,Campania,5801692,1622743,27.97,0.12
3041,2021-04-08,CAM,28386,13744,14642,22543,5843,ITF,ITF3,15,Campania,Campania,5801692,1651129,28.46,0.49
3042,2021-06-04,CAM,74232,35666,38566,65174,9058,ITF,ITF3,15,Campania,Campania,5801692,1725361,29.74,1.28
3043,2021-05-21,CAM,63707,29604,34103,43181,20526,ITF,ITF3,15,Campania,Campania,5801692,1789068,30.84,1.1
3044,2021-04-01,CAM,24680,12010,12670,20547,4133,ITF,ITF3,15,Campania,Campania,5801692,1813748,31.26,0.43
3045,2021-05-28,CAM,73016,35288,37728,26902,46114,ITF,ITF3,15,Campania,Campania,5801692,1886764,32.52,1.26
3046,2021-02-03,CAM,8903,4003,4900,878,8025,ITF,ITF3,15,Campania,Campania,5801692,1895667,32.67,0.15
3047,2021-05-18,CAM,52178,23228,28950,32525,19653,ITF,ITF3,15,Campania,Campania,5801692,1947845,33.57,0.9
3048,2021-02-05,CAM,7260,3463,3797,2132,5128,ITF,ITF3,15,Campania,Campania,5801692,1955105,33.7,0.13
3049,2021-05-05,CAM,51172,24857,26315,44787,6385,ITF,ITF3,15,Campania,Campania,5801692,2006277,34.58,0.88
3050,2021-05-12,CAM,40885,19949,20936,31730,9155,ITF,ITF3,15,Campania,Campania,5801692,2047162,35.29,0.7
3051,2021-03-06,CAM,16371,6814,9557,10702,5669,ITF,ITF3,15,Campania,Campania,5801692,2063533,35.57,0.28
3052,2021-03-08,CAM,14685,6846,7839,9910,4775,ITF,ITF3,15,Campania,Campania,5801692,2078218,35.82,0.25
3053,2021-05-04,CAM,48478,23345,25133,39577,8901,ITF,ITF3,15,Campania,Campania,5801692,2126696,36.66,0.84
3054,2021-01-24,CAM,4122,2119,2003,377,3745,ITF,ITF3,15,Campania,Campania,5801692,2130818,36.73,0.07
3055,2021-05-13,CAM,55449,24828,30621,39445,16004,ITF,ITF3,15,Campania,Campania,5801692,2186267,37.68,0.96
3056,2021-04-27,CAM,32158,15625,16533,24237,7921,ITF,ITF3,15,Campania,Campania,5801692,2218425,38.24,0.55
3057,2021-06-23,CAM,45971,21698,24273,10206,35765,ITF,ITF3,15,Campania,Campania,5801692,2264396,39.03,0.79
3058,2021-01-15,CAM,4980,2381,2599,4980,0,ITF,ITF3,15,Campania,Campania,5801692,2269376,39.12,0.09
3059,2021-06-21,CAM,45774,22104,23670,10605,35169,ITF,ITF3,15,Campania,Campania,5801692,2315150,39.9,0.79
3060,2021-03-13,CAM,14518,7038,7480,9236,5282,ITF,ITF3,15,Campania,Campania,5801692,2329668,40.15,0.25
3061,2021-03-22,CAM,13180,6343,6837,11140,2040,ITF,ITF3,15,Campania,Campania,5801692,2342848,40.38,0.23
3062,2021-02-07,CAM,2929,1382,1547,2158,771,ITF,ITF3,15,Campania,Campania,5801692,2345777,40.43,0.05
3063,2021-06-30,CAM,46036,21919,24117,17643,28393,ITF,ITF3,15,Campania,Campania,5801692,2391813,41.23,0.79
3064,2021-04-13,CAM,26606,12685,13921,21073,5533,ITF,ITF3,15,Campania,Campania,5801692,2418419,41.68,0.46
3065,2021-01-03,CAM,3836,2009,1827,3836,0,ITF,ITF3,15,Campania,Campania,5801692,2422255,41.75,0.07
3066,2021-03-18,CAM,12175,5380,6795,5986,6189,ITF,ITF3,15,Campania,Campania,5801692,2434430,41.96,0.21
3067,2021-04-05,CAM,11638,5542,6096,9214,2424,ITF,ITF3,15,Campania,Campania,5801692,2446068,42.16,0.2
3068,2021-03-17,CAM,11590,5100,6490,5009,6581,ITF,ITF3,15,Campania,Campania,5801692,2457658,42.36,0.2
3069,2021-04-29,CAM,41327,20036,21291,24846,16481,ITF,ITF3,15,Campania,Campania,5801692,2498985,43.07,0.71
3070,2021-01-19,CAM,1095,474,621,1092,3,ITF,ITF3,15,Campania,Campania,5801692,2500080,43.09,0.02
3071,2021-01-21,CAM,2092,1115,977,676,1416,ITF,ITF3,15,Campania,Campania,5801692,2502172,43.13,0.04
3072,2021-05-14,CAM,61034,27580,33454,36332,24702,ITF,ITF3,15,Campania,Campania,5801692,2563206,44.18,1.05
3073,2021-02-24,CAM,11784,4149,7635,11096,688,ITF,ITF3,15,Campania,Campania,5801692,2574990,44.38,0.2
3074,2021-01-05,CAM,7237,3637,3600,7237,0,ITF,ITF3,15,Campania,Campania,5801692,2582227,44.51,0.12
3075,2021-02-17,CAM,7389,3211,4178,6329,1060,ITF,ITF3,15,Campania,Campania,5801692,2589616,44.64,0.13
3076,2021-02-08,CAM,5113,2449,2664,4310,803,ITF,ITF3,15,Campania,Campania,5801692,2594729,44.72,0.09
3077,2021-02-01,CAM,3984,1813,2171,110,3874,ITF,ITF3,15,Campania,Campania,5801692,2598713,44.79,0.07
3078,2021-03-30,CAM,22050,10575,11475,19092,2958,ITF,ITF3,15,Campania,Campania,5801692,2620763,45.17,0.38
3079,2021-04-17,CAM,36182,17510,18672,24670,11512,ITF,ITF3,15,Campania,Campania,5801692,2656945,45.8,0.62
3080,2021-06-13,CAM,41845,20397,21448,37118,4727,ITF,ITF3,15,Campania,Campania,5801692,2698790,46.52,0.72
3081,2021-03-29,CAM,19401,9575,9826,17855,1546,ITF,ITF3,15,Campania,Campania,5801692,2718191,46.85,0.33
3082,2021-06-20,CAM,46788,22345,24443,13812,32976,ITF,ITF3,15,Campania,Campania,5801692,2764979,47.66,0.81
3083,2021-03-27,CAM,21512,10242,11270,17647,3865,ITF,ITF3,15,Campania,Campania,5801692,2786491,48.03,0.37
3084,2021-06-01,CAM,41953,20831,21122,31490,10463,ITF,ITF3,15,Campania,Campania,5801692,2828444,48.75,0.72
3085,2021-06-18,CAM,63733,30303,33430,33463,30270,ITF,ITF3,15,Campania,Campania,5801692,2892177,49.85,1.1
3086,2021-03-10,CAM,15610,7719,7891,8775,6835,ITF,ITF3,15,Campania,Campania,5801692,2907787,50.12,0.27
3087,2021-05-15,CAM,62653,29040,33613,43941,18712,ITF,ITF3,15,Campania,Campania,5801692,2970440,51.2,1.08
3088,2021-01-31,CAM,8068,3711,4357,23,8045,ITF,ITF3,15,Campania,Campania,5801692,2978508,51.34,0.14
3089,2021-05-11,CAM,39861,19236,20625,30461,9400,ITF,ITF3,15,Campania,Campania,5801692,3018369,52.03,0.69
3090,2021-01-17,CAM,1155,551,604,702,453,ITF,ITF3,15,Campania,Campania,5801692,3019524,52.05,0.02
3091,2021-03-15,CAM,13342,6489,6853,8597,4745,ITF,ITF3,15,Campania,Campania,5801692,3032866,52.28,0.23
3092,2021-07-02,CAM,53703,25829,27874,13208,40495,ITF,ITF3,15,Campania,Campania,5801692,3086569,53.2,0.93
3093,2021-04-14,CAM,27649,13338,14311,19079,8570,ITF,ITF3,15,Campania,Campania,5801692,3114218,53.68,0.48
3094,2021-05-01,CAM,46337,22659,23678,30233,16104,ITF,ITF3,15,Campania,Campania,5801692,3160555,54.48,0.8
3095,2021-04-12,CAM,23306,10920,12386,20271,3035,ITF,ITF3,15,Campania,Campania,5801692,3183861,54.88,0.4
3096,2021-01-02,CAM,3672,1962,1710,3672,0,ITF,ITF3,15,Campania,Campania,5801692,3187533,54.94,0.06
3097,2021-06-17,CAM,57542,27564,29978,30791,26751,ITF,ITF3,15,Campania,Campania,5801692,3245075,55.93,0.99
3098,2021-03-26,CAM,19860,9320,10540,16045,3815,ITF,ITF3,15,Campania,Campania,5801692,3264935,56.28,0.34
3099,2021-06-11,CAM,67808,32884,34924,61786,6022,ITF,ITF3,15,Campania,Campania,5801692,3332743,57.44,1.17
3100,2021-03-03,CAM,13924,5496,8428,7294,6630,ITF,ITF3,15,Campania,Campania,5801692,3346667,57.68,0.24
3101,2021-06-25,CAM,64475,31247,33228,13271,51204,ITF,ITF3,15,Campania,Campania,5801692,3411142,58.8,1.11
3102,2021-05-25,CAM,46476,22358,24118,23072,23404,ITF,ITF3,15,Campania,Campania,5801692,3457618,59.6,0.8
3103,2021-04-22,CAM,33962,16540,17422,21557,12405,ITF,ITF3,15,Campania,Campania,5801692,3491580,60.18,0.59
3104,2021-01-12,CAM,5215,2564,2651,5215,0,ITF,ITF3,15,Campania,Campania,5801692,3496795,60.27,0.09
3105,2021-05-30,CAM,52107,25417,26690,38795,13312,ITF,ITF3,15,Campania,Campania,5801692,3548902,61.17,0.9
3106,2021-02-19,CAM,9571,3559,6012,8921,650,ITF,ITF3,15,Campania,Campania,5801692,3558473,61.34,0.16
3107,2020-12-31,CAM,1489,810,679,1489,0,ITF,ITF3,15,Campania,Campania,5801692,3559962,61.36,0.03
3108,2021-06-06,CAM,62321,30978,31343,61674,647,ITF,ITF3,15,Campania,Campania,5801692,3622283,62.43,1.07
3109,2021-02-26,CAM,13334,4227,9107,11999,1335,ITF,ITF3,15,Campania,Campania,5801692,3635617,62.66,0.23
3110,2021-04-24,CAM,36362,17526,18836,25114,11248,ITF,ITF3,15,Campania,Campania,5801692,3671979,63.29,0.63
3111,2021-04-10,CAM,28354,13493,14861,23440,4914,ITF,ITF3,15,Campania,Campania,5801692,3700333,63.78,0.49
3112,2021-04-15,CAM,34344,16664,17680,24442,9902,ITF,ITF3,15,Campania,Campania,5801692,3734677,64.37,0.59
3113,2021-06-22,CAM,51303,24433,26870,12314,38989,ITF,ITF3,15,Campania,Campania,5801692,3785980,65.26,0.88
3114,2021-03-14,CAM,8618,3827,4791,4478,4140,ITF,ITF3,15,Campania,Campania,5801692,3794598,65.41,0.15
3115,2021-03-12,CAM,14573,7409,7164,8490,6083,ITF,ITF3,15,Campania,Campania,5801692,3809171,65.66,0.25
3116,2021-06-03,CAM,72558,35187,37371,61891,10667,ITF,ITF3,15,Campania,Campania,5801692,3881729,66.91,1.25
3117,2021-02-23,CAM,11003,3388,7615,10477,526,ITF,ITF3,15,Campania,Campania,5801692,3892732,67.1,0.19
3118,2021-02-21,CAM,5836,2241,3595,5611,225,ITF,ITF3,15,Campania,Campania,5801692,3898568,67.2,0.1
3119,2021-05-27,CAM,72912,35351,37561,26381,46531,ITF,ITF3,15,Campania,Campania,5801692,3971480,68.45,1.26
3120,2021-02-16,CAM,5439,2411,3028,4668,771,ITF,ITF3,15,Campania,Campania,5801692,3976919,68.55,0.09
3121,2021-05-22,CAM,67950,32506,35444,46467,21483,ITF,ITF3,15,Campania,Campania,5801692,4044869,69.72,1.17
3122,2021-03-24,CAM,17922,8369,9553,14964,2958,ITF,ITF3,15,Campania,Campania,5801692,4062791,70.03,0.31
3123,2021-05-20,CAM,60800,28120,32680,43176,17624,ITF,ITF3,15,Campania,Campania,5801692,4123591,71.08,1.05
3124,2021-02-09,CAM,4643,2202,2441,4391,252,ITF,ITF3,15,Campania,Campania,5801692,4128234,71.16,0.08
3125,2021-01-07,CAM,8911,4167,4744,8911,0,ITF,ITF3,15,Campania,Campania,5801692,4137145,71.31,0.15
3126,2021-03-05,CAM,16812,6665,10147,10149,6663,ITF,ITF3,15,Campania,Campania,5801692,4153957,71.6,0.29
3127,2021-01-14,CAM,7074,2978,4096,7074,0,ITF,ITF3,15,Campania,Campania,5801692,4161031,71.72,0.12
3128,2021-02-02,CAM,5724,2805,2919,444,5280,ITF,ITF3,15,Campania,Campania,5801692,4166755,71.82,0.1
3129,2021-03-31,CAM,23182,11369,11813,19743,3439,ITF,ITF3,15,Campania,Campania,5801692,4189937,72.22,0.4
3130,2021-04-07,CAM,24971,11984,12987,20246,4725,ITF,ITF3,15,Campania,Campania,5801692,4214908,72.65,0.43
3131,2021-04-02,CAM,21862,10522,11340,19540,2322,ITF,ITF3,15,Campania,Campania,5801692,4236770,73.03,0.38
3132,2021-05-06,CAM,57282,27910,29372,42831,14451,ITF,ITF3,15,Campania,Campania,5801692,4294052,74.01,0.99
3133,2021-02-28,CAM,10412,3207,7205,8512,1900,ITF,ITF3,15,Campania,Campania,5801692,4304464,74.19,0.18
3134,2021-02-14,CAM,3928,1923,2005,3894,34,ITF,ITF3,15,Campania,Campania,5801692,4308392,74.26,0.07
3135,2021-01-26,CAM,7340,3726,3614,351,6989,ITF,ITF3,15,Campania,Campania,5801692,4315732,74.39,0.13
3136,2021-04-19,CAM,30766,14829,15937,19194,11572,ITF,ITF3,15,Campania,Campania,5801692,4346498,74.92,0.53
3137,2021-01-09,CAM,10567,5024,5543,10567,0,ITF,ITF3,15,Campania,Campania,5801692,4357065,75.1,0.18
3138,2021-05-10,CAM,35467,16390,19077,25541,9926,ITF,ITF3,15,Campania,Campania,5801692,4392532,75.71,0.61
3139,2021-06-08,CAM,51485,25049,26436,44492,6993,ITF,ITF3,15,Campania,Campania,5801692,4444017,76.6,0.89
3140,2021-04-26,CAM,34031,16648,17383,28409,5622,ITF,ITF3,15,Campania,Campania,5801692,4478048,77.19,0.59
3141,2021-03-07,CAM,11973,5404,6569,8130,3843,ITF,ITF3,15,Campania,Campania,5801692,4490021,77.39,0.21
3142,2021-05-03,CAM,40777,19898,20879,28920,11857,ITF,ITF3,15,Campania,Campania,5801692,4530798,78.09,0.7
3143,2021-06-29,CAM,47541,23011,24530,18867,28674,ITF,ITF3,15,Campania,Campania,5801692,4578339,78.91,0.82
3144,2021-06-15,CAM,18082,8803,9279,10692,7390,ITF,ITF3,15,Campania,Campania,5801692,4596421,79.23,0.31
3145,2021-05-29,CAM,67811,32257,35554,43947,23864,ITF,ITF3,15,Campania,Campania,5801692,4664232,80.39,1.17
3146,2021-02-15,CAM,5471,2516,2955,5297,174,ITF,ITF3,15,Campania,Campania,5801692,4669703,80.49,0.09
3147,2021-06-09,CAM,52421,25739,26682,41520,10901,ITF,ITF3,15,Campania,Campania,5801692,4722124,81.39,0.9
3148,2021-03-01,CAM,12129,4247,7882,8017,4112,ITF,ITF3,15,Campania,Campania,5801692,4734253,81.6,0.21
3149,2021-05-09,CAM,43199,20285,22914,32104,11095,ITF,ITF3,15,Campania,Campania,5801692,4777452,82.35,0.74
3150,2021-01-10,CAM,8165,3736,4429,8165,0,ITF,ITF3,15,Campania,Campania,5801692,4785617,82.49,0.14
3151,2021-04-03,CAM,21115,10315,10800,18734,2381,ITF,ITF3,15,Campania,Campania,5801692,4806732,82.85,0.36
3152,2021-05-23,CAM,58744,28638,30106,37849,20895,ITF,ITF3,15,Campania,Campania,5801692,4865476,83.86,1.01
3153,2021-02-12,CAM,6531,2861,3670,6343,188,ITF,ITF3,15,Campania,Campania,5801692,4872007,83.98,0.11
3154,2021-01-29,CAM,10053,4812,5241,47,10006,ITF,ITF3,15,Campania,Campania,5801692,4882060,84.15,0.17
3155,2021-06-27,CAM,42293,20817,21476,13230,29063,ITF,ITF3,15,Campania,Campania,5801692,4924353,84.88,0.73
3156,2021-03-19,CAM,11143,4973,6170,7270,3873,ITF,ITF3,15,Campania,Campania,5801692,4935496,85.07,0.19
3157,2021-06-10,CAM,73361,35392,37969,66331,7030,ITF,ITF3,15,Campania,Campania,5801692,5008857,86.33,1.26
3158,2021-05-08,CAM,56419,27132,29287,40591,15828,ITF,ITF3,15,Campania,Campania,5801692,5065276,87.31,0.97
3159,2021-01-28,CAM,8833,4122,4711,134,8699,ITF,ITF3,15,Campania,Campania,5801692,5074109,87.46,0.15
3160,2021-04-21,CAM,30230,14727,15503,18003,12227,ITF,ITF3,15,Campania,Campania,5801692,5104339,87.98,0.52
3161,2021-04-23,PIE,27447,12603,14844,20685,6762,ITC,ITC1,1,Piemonte,Piemonte,4356406,27447,0.63,0.63
3162,2021-06-26,PIE,40975,20848,20127,22598,18377,ITC,ITC1,1,Piemonte,Piemonte,4356406,68422,1.57,0.94
3163,2021-04-04,PIE,9261,4062,5199,6547,2714,ITC,ITC1,1,Piemonte,Piemonte,4356406,77683,1.78,0.21
3164,2021-05-24,PIE,28985,13422,15563,17024,11961,ITC,ITC1,1,Piemonte,Piemonte,4356406,106668,2.45,0.67
3165,2021-03-02,PIE,11202,4506,6696,10386,816,ITC,ITC1,1,Piemonte,Piemonte,4356406,117870,2.71,0.26
3166,2021-06-12,PIE,42466,22380,20086,39846,2620,ITC,ITC1,1,Piemonte,Piemonte,4356406,160336,3.68,0.97
3167,2021-03-23,PIE,13120,5491,7629,6875,6245,ITC,ITC1,1,Piemonte,Piemonte,4356406,173456,3.98,0.3
3168,2021-01-16,PIE,7771,2630,5141,7771,0,ITC,ITC1,1,Piemonte,Piemonte,4356406,181227,4.16,0.18
3169,2021-01-23,PIE,4257,1325,2932,879,3378,ITC,ITC1,1,Piemonte,Piemonte,4356406,185484,4.26,0.1
3170,2021-03-21,PIE,10728,4741,5987,4195,6533,ITC,ITC1,1,Piemonte,Piemonte,4356406,196212,4.5,0.25
3171,2021-05-19,PIE,33157,15307,17850,22032,11125,ITC,ITC1,1,Piemonte,Piemonte,4356406,229369,5.27,0.76
3172,2021-03-14,PIE,8205,3336,4869,5308,2897,ITC,ITC1,1,Piemonte,Piemonte,4356406,237574,5.45,0.19
3173,2021-05-10,PIE,28946,13955,14991,15833,13113,ITC,ITC1,1,Piemonte,Piemonte,4356406,266520,6.12,0.66
3174,2021-01-30,PIE,5980,2136,3844,218,5762,ITC,ITC1,1,Piemonte,Piemonte,4356406,272500,6.26,0.14
3175,2021-06-24,PIE,39052,19564,19488,18821,20231,ITC,ITC1,1,Piemonte,Piemonte,4356406,311552,7.15,0.9
3176,2021-03-16,PIE,10523,4269,6254,4463,6060,ITC,ITC1,1,Piemonte,Piemonte,4356406,322075,7.39,0.24
3177,2021-05-12,PIE,31898,15196,16702,18994,12904,ITC,ITC1,1,Piemonte,Piemonte,4356406,353973,8.13,0.73
3178,2021-06-19,PIE,39924,20250,19674,23296,16628,ITC,ITC1,1,Piemonte,Piemonte,4356406,393897,9.04,0.92
3179,2021-02-04,PIE,10206,3341,6865,588,9618,ITC,ITC1,1,Piemonte,Piemonte,4356406,404103,9.28,0.23
3180,2021-04-30,PIE,31846,14329,17517,18511,13335,ITC,ITC1,1,Piemonte,Piemonte,4356406,435949,10.01,0.73
3181,2021-03-28,PIE,16062,6901,9161,8440,7622,ITC,ITC1,1,Piemonte,Piemonte,4356406,452011,10.38,0.37
3182,2021-04-11,PIE,20841,9327,11514,18687,2154,ITC,ITC1,1,Piemonte,Piemonte,4356406,472852,10.85,0.48
3183,2021-01-04,PIE,5564,1679,3885,5564,0,ITC,ITC1,1,Piemonte,Piemonte,4356406,478416,10.98,0.13
3184,2021-04-28,PIE,26048,11740,14308,16013,10035,ITC,ITC1,1,Piemonte,Piemonte,4356406,504464,11.58,0.6
3185,2021-01-18,PIE,6167,2048,4119,5918,249,ITC,ITC1,1,Piemonte,Piemonte,4356406,510631,11.72,0.14
3186,2021-06-07,PIE,34878,17855,17023,30090,4788,ITC,ITC1,1,Piemonte,Piemonte,4356406,545509,12.52,0.8
3187,2020-12-28,PIE,1,1,0,1,0,ITC,ITC1,1,Piemonte,Piemonte,4356406,545510,12.52,0.0
3188,2021-02-11,PIE,6764,2107,4657,3006,3758,ITC,ITC1,1,Piemonte,Piemonte,4356406,552274,12.68,0.16
3189,2021-04-09,PIE,25858,11392,14466,21351,4507,ITC,ITC1,1,Piemonte,Piemonte,4356406,578132,13.27,0.59
3190,2020-12-30,PIE,730,322,408,730,0,ITC,ITC1,1,Piemonte,Piemonte,4356406,578862,13.29,0.02
3191,2021-06-05,PIE,36924,18916,18008,32467,4457,ITC,ITC1,1,Piemonte,Piemonte,4356406,615786,14.14,0.85
3192,2021-02-25,PIE,12219,5252,6967,11672,547,ITC,ITC1,1,Piemonte,Piemonte,4356406,628005,14.42,0.28
3193,2021-04-02,PIE,20143,8304,11839,11716,8427,ITC,ITC1,1,Piemonte,Piemonte,4356406,648148,14.88,0.46
3194,2021-05-29,PIE,32797,15226,17571,20629,12168,ITC,ITC1,1,Piemonte,Piemonte,4356406,680945,15.63,0.75
3195,2021-02-18,PIE,4791,2094,2697,4361,430,ITC,ITC1,1,Piemonte,Piemonte,4356406,685736,15.74,0.11
3196,2021-04-21,PIE,25756,11841,13915,20416,5340,ITC,ITC1,1,Piemonte,Piemonte,4356406,711492,16.33,0.59
3197,2021-01-11,PIE,8745,2981,5764,8745,0,ITC,ITC1,1,Piemonte,Piemonte,4356406,720237,16.53,0.2
3198,2021-06-28,PIE,38311,19012,19299,15657,22654,ITC,ITC1,1,Piemonte,Piemonte,4356406,758548,17.41,0.88
3199,2021-04-06,PIE,20249,8815,11434,15053,5196,ITC,ITC1,1,Piemonte,Piemonte,4356406,778797,17.88,0.46
3200,2020-12-27,PIE,913,369,544,913,0,ITC,ITC1,1,Piemonte,Piemonte,4356406,779710,17.9,0.02
3201,2021-05-05,PIE,32199,15099,17100,19179,13020,ITC,ITC1,1,Piemonte,Piemonte,4356406,811909,18.64,0.74
3202,2021-07-01,PIE,41650,20836,20814,20610,21040,ITC,ITC1,1,Piemonte,Piemonte,4356406,853559,19.59,0.96
3203,2021-07-03,PIE,21616,10777,10839,7087,14529,ITC,ITC1,1,Piemonte,Piemonte,4356406,875175,20.09,0.5
3204,2021-02-08,PIE,6919,2357,4562,666,6253,ITC,ITC1,1,Piemonte,Piemonte,4356406,882094,20.25,0.16
3205,2021-05-21,PIE,36070,16749,19321,20438,15632,ITC,ITC1,1,Piemonte,Piemonte,4356406,918164,21.08,0.83
3206,2021-02-01,PIE,8645,3055,5590,579,8066,ITC,ITC1,1,Piemonte,Piemonte,4356406,926809,21.27,0.2
3207,2021-04-20,PIE,25489,11667,13822,19143,6346,ITC,ITC1,1,Piemonte,Piemonte,4356406,952298,21.86,0.59
3208,2021-05-07,PIE,33074,15644,17430,18949,14125,ITC,ITC1,1,Piemonte,Piemonte,4356406,985372,22.62,0.76
3209,2021-01-27,PIE,4196,1453,2743,999,3197,ITC,ITC1,1,Piemonte,Piemonte,4356406,989568,22.72,0.1
3210,2021-02-13,PIE,4153,1334,2819,2931,1222,ITC,ITC1,1,Piemonte,Piemonte,4356406,993721,22.81,0.1
3211,2021-05-09,PIE,27134,12928,14206,13513,13621,ITC,ITC1,1,Piemonte,Piemonte,4356406,1020855,23.43,0.62
3212,2021-05-26,PIE,32739,15101,17638,15665,17074,ITC,ITC1,1,Piemonte,Piemonte,4356406,1053594,24.18,0.75
3213,2021-02-15,PIE,4432,1597,2835,3227,1205,ITC,ITC1,1,Piemonte,Piemonte,4356406,1058026,24.29,0.1
3214,2021-05-17,PIE,30920,14602,16318,17765,13155,ITC,ITC1,1,Piemonte,Piemonte,4356406,1088946,25.0,0.71
3215,2021-02-06,PIE,7995,2666,5329,400,7595,ITC,ITC1,1,Piemonte,Piemonte,4356406,1096941,25.18,0.18
3216,2021-02-23,PIE,9234,3713,5521,8653,581,ITC,ITC1,1,Piemonte,Piemonte,4356406,1106175,25.39,0.21
3217,2021-05-31,PIE,29103,14056,15047,20524,8579,ITC,ITC1,1,Piemonte,Piemonte,4356406,1135278,26.06,0.67
3218,2021-06-17,PIE,41004,20590,20414,24707,16297,ITC,ITC1,1,Piemonte,Piemonte,4356406,1176282,27.0,0.94
3219,2021-03-09,PIE,14064,5515,8549,11721,2343,ITC,ITC1,1,Piemonte,Piemonte,4356406,1190346,27.32,0.32
3220,2021-01-01,PIE,1038,395,643,1038,0,ITC,ITC1,1,Piemonte,Piemonte,4356406,1191384,27.35,0.02
3221,2021-06-02,PIE,26531,12998,13533,22062,4469,ITC,ITC1,1,Piemonte,Piemonte,4356406,1217915,27.96,0.61
3222,2021-02-22,PIE,8483,3472,5011,7893,590,ITC,ITC1,1,Piemonte,Piemonte,4356406,1226398,28.15,0.19
3223,2021-03-11,PIE,13821,5118,8703,10724,3097,ITC,ITC1,1,Piemonte,Piemonte,4356406,1240219,28.47,0.32
3224,2021-03-25,PIE,17071,7209,9862,8432,8639,ITC,ITC1,1,Piemonte,Piemonte,4356406,1257290,28.86,0.39
3225,2021-05-02,PIE,25097,11276,13821,14352,10745,ITC,ITC1,1,Piemonte,Piemonte,4356406,1282387,29.44,0.58
3226,2021-02-27,PIE,12691,4851,7840,12346,345,ITC,ITC1,1,Piemonte,Piemonte,4356406,1295078,29.73,0.29
3227,2021-04-25,PIE,20233,9305,10928,17732,2501,ITC,ITC1,1,Piemonte,Piemonte,4356406,1315311,30.19,0.46
3228,2021-01-15,PIE,9114,3012,6102,9114,0,ITC,ITC1,1,Piemonte,Piemonte,4356406,1324425,30.4,0.21
3229,2021-06-21,PIE,38222,19067,19155,17554,20668,ITC,ITC1,1,Piemonte,Piemonte,4356406,1362647,31.28,0.88
3230,2021-03-13,PIE,13047,4723,8324,11602,1445,ITC,ITC1,1,Piemonte,Piemonte,4356406,1375694,31.58,0.3
3231,2021-06-09,PIE,38559,20325,18234,35848,2711,ITC,ITC1,1,Piemonte,Piemonte,4356406,1414253,32.46,0.89
3232,2021-03-18,PIE,11759,4805,6954,4029,7730,ITC,ITC1,1,Piemonte,Piemonte,4356406,1426012,32.73,0.27
3233,2021-03-03,PIE,12120,4644,7476,11301,819,ITC,ITC1,1,Piemonte,Piemonte,4356406,1438132,33.01,0.28
3234,2021-03-20,PIE,11922,4899,7023,6024,5898,ITC,ITC1,1,Piemonte,Piemonte,4356406,1450054,33.29,0.27
3235,2021-04-16,PIE,28406,13214,15192,23420,4986,ITC,ITC1,1,Piemonte,Piemonte,4356406,1478460,33.94,0.65
3236,2021-01-13,PIE,10085,3226,6859,10085,0,ITC,ITC1,1,Piemonte,Piemonte,4356406,1488545,34.17,0.23
3237,2021-06-16,PIE,40335,20219,20116,24090,16245,ITC,ITC1,1,Piemonte,Piemonte,4356406,1528880,35.09,0.93
3238,2021-03-30,PIE,16917,7056,9861,9044,7873,ITC,ITC1,1,Piemonte,Piemonte,4356406,1545797,35.48,0.39
3239,2021-04-01,PIE,19348,8083,11265,11228,8120,ITC,ITC1,1,Piemonte,Piemonte,4356406,1565145,35.93,0.44
3240,2021-05-28,PIE,35030,16593,18437,19053,15977,ITC,ITC1,1,Piemonte,Piemonte,4356406,1600175,36.73,0.8
3241,2021-01-25,PIE,6215,1938,4277,983,5232,ITC,ITC1,1,Piemonte,Piemonte,4356406,1606390,36.87,0.14
3242,2021-05-30,PIE,27701,13187,14514,18377,9324,ITC,ITC1,1,Piemonte,Piemonte,4356406,1634091,37.51,0.64
3243,2021-02-19,PIE,5535,2175,3360,5034,501,ITC,ITC1,1,Piemonte,Piemonte,4356406,1639626,37.64,0.13
3244,2021-05-14,PIE,33417,16277,17140,17993,15424,ITC,ITC1,1,Piemonte,Piemonte,4356406,1673043,38.4,0.77
3245,2021-04-17,PIE,30463,14149,16314,27147,3316,ITC,ITC1,1,Piemonte,Piemonte,4356406,1703506,39.1,0.7
3246,2021-06-13,PIE,37868,19993,17875,33737,4131,ITC,ITC1,1,Piemonte,Piemonte,4356406,1741374,39.97,0.87
3247,2021-03-04,PIE,14535,5770,8765,11587,2948,ITC,ITC1,1,Piemonte,Piemonte,4356406,1755909,40.31,0.33
3248,2021-06-25,PIE,45243,22532,22711,20822,24421,ITC,ITC1,1,Piemonte,Piemonte,4356406,1801152,41.34,1.04
3249,2021-04-03,PIE,19435,8160,11275,10888,8547,ITC,ITC1,1,Piemonte,Piemonte,4356406,1820587,41.79,0.45
3250,2021-01-10,PIE,5214,2275,2939,5214,0,ITC,ITC1,1,Piemonte,Piemonte,4356406,1825801,41.91,0.12
3251,2021-02-20,PIE,3834,1254,2580,3660,174,ITC,ITC1,1,Piemonte,Piemonte,4356406,1829635,42.0,0.09
3252,2021-04-29,PIE,48476,21979,26497,35858,12618,ITC,ITC1,1,Piemonte,Piemonte,4356406,1878111,43.11,1.11
3253,2021-05-16,PIE,28145,12780,15365,15080,13065,ITC,ITC1,1,Piemonte,Piemonte,4356406,1906256,43.76,0.65
3254,2021-02-05,PIE,9604,3139,6465,659,8945,ITC,ITC1,1,Piemonte,Piemonte,4356406,1915860,43.98,0.22
3255,2021-05-06,PIE,33482,15796,17686,19927,13555,ITC,ITC1,1,Piemonte,Piemonte,4356406,1949342,44.75,0.77
3256,2021-05-23,PIE,28708,13135,15573,15757,12951,ITC,ITC1,1,Piemonte,Piemonte,4356406,1978050,45.41,0.66
3257,2021-02-12,PIE,6891,2215,4676,3930,2961,ITC,ITC1,1,Piemonte,Piemonte,4356406,1984941,45.56,0.16
3258,2021-03-01,PIE,12043,4846,7197,11234,809,ITC,ITC1,1,Piemonte,Piemonte,4356406,1996984,45.84,0.28
3259,2021-05-25,PIE,31149,14454,16695,16007,15142,ITC,ITC1,1,Piemonte,Piemonte,4356406,2028133,46.56,0.72
3260,2021-06-11,PIE,43480,23007,20473,40660,2820,ITC,ITC1,1,Piemonte,Piemonte,4356406,2071613,47.55,1.0
3261,2021-04-18,PIE,22973,10822,12151,20217,2756,ITC,ITC1,1,Piemonte,Piemonte,4356406,2094586,48.08,0.53
3262,2021-01-08,PIE,5533,1762,3771,5533,0,ITC,ITC1,1,Piemonte,Piemonte,4356406,2100119,48.21,0.13
3263,2021-06-14,PIE,37916,19536,18380,30826,7090,ITC,ITC1,1,Piemonte,Piemonte,4356406,2138035,49.08,0.87
3264,2021-03-06,PIE,13994,5211,8783,11205,2789,ITC,ITC1,1,Piemonte,Piemonte,4356406,2152029,49.4,0.32
3265,2021-01-22,PIE,3867,1249,2618,2526,1341,ITC,ITC1,1,Piemonte,Piemonte,4356406,2155896,49.49,0.09
3266,2021-01-06,PIE,3116,1111,2005,3116,0,ITC,ITC1,1,Piemonte,Piemonte,4356406,2159012,49.56,0.07
3267,2021-06-23,PIE,39590,19638,19952,16795,22795,ITC,ITC1,1,Piemonte,Piemonte,4356406,2198602,50.47,0.91
3268,2021-04-22,PIE,27695,12753,14942,20986,6709,ITC,ITC1,1,Piemonte,Piemonte,4356406,2226297,51.1,0.64
3269,2021-01-12,PIE,10090,3415,6675,10090,0,ITC,ITC1,1,Piemonte,Piemonte,4356406,2236387,51.34,0.23
3270,2021-01-29,PIE,5945,1887,4058,455,5490,ITC,ITC1,1,Piemonte,Piemonte,4356406,2242332,51.47,0.14
3271,2021-02-28,PIE,10816,4060,6756,10576,240,ITC,ITC1,1,Piemonte,Piemonte,4356406,2253148,51.72,0.25
3272,2021-03-17,PIE,12518,5055,7463,5224,7294,ITC,ITC1,1,Piemonte,Piemonte,4356406,2265666,52.01,0.29
3273,2021-06-04,PIE,37493,19597,17896,34559,2934,ITC,ITC1,1,Piemonte,Piemonte,4356406,2303159,52.87,0.86
3274,2021-02-24,PIE,11409,4629,6780,10904,505,ITC,ITC1,1,Piemonte,Piemonte,4356406,2314568,53.13,0.26
3275,2021-06-06,PIE,35028,18306,16722,32580,2448,ITC,ITC1,1,Piemonte,Piemonte,4356406,2349596,53.93,0.8
3276,2021-02-17,PIE,4794,2157,2637,3804,990,ITC,ITC1,1,Piemonte,Piemonte,4356406,2354390,54.04,0.11
3277,2021-06-08,PIE,37638,19489,18149,34797,2841,ITC,ITC1,1,Piemonte,Piemonte,4356406,2392028,54.91,0.86
3278,2021-04-26,PIE,19800,8748,11052,15398,4402,ITC,ITC1,1,Piemonte,Piemonte,4356406,2411828,55.36,0.45
3279,2021-02-10,PIE,7535,2371,5164,1316,6219,ITC,ITC1,1,Piemonte,Piemonte,4356406,2419363,55.54,0.17
3280,2021-04-08,PIE,25153,10935,14218,20423,4730,ITC,ITC1,1,Piemonte,Piemonte,4356406,2444516,56.11,0.58
3281,2021-04-10,PIE,30192,13428,16764,25914,4278,ITC,ITC1,1,Piemonte,Piemonte,4356406,2474708,56.81,0.69
3282,2021-04-15,PIE,29650,13582,16068,24164,5486,ITC,ITC1,1,Piemonte,Piemonte,4356406,2504358,57.49,0.68
3283,2021-01-05,PIE,5381,1603,3778,5381,0,ITC,ITC1,1,Piemonte,Piemonte,4356406,2509739,57.61,0.12
3284,2021-04-19,PIE,22558,10772,11786,18194,4364,ITC,ITC1,1,Piemonte,Piemonte,4356406,2532297,58.13,0.52
3285,2021-01-09,PIE,6184,2185,3999,6184,0,ITC,ITC1,1,Piemonte,Piemonte,4356406,2538481,58.27,0.14
3286,2021-01-26,PIE,6333,1880,4453,735,5598,ITC,ITC1,1,Piemonte,Piemonte,4356406,2544814,58.42,0.15
3287,2021-05-08,PIE,34290,16272,18018,18649,15641,ITC,ITC1,1,Piemonte,Piemonte,4356406,2579104,59.2,0.79
3288,2021-01-28,PIE,5591,1809,3782,384,5207,ITC,ITC1,1,Piemonte,Piemonte,4356406,2584695,59.33,0.13
3289,2021-02-14,PIE,1476,498,978,876,600,ITC,ITC1,1,Piemonte,Piemonte,4356406,2586171,59.36,0.03
3290,2021-06-18,PIE,40408,20179,20229,26276,14132,ITC,ITC1,1,Piemonte,Piemonte,4356406,2626579,60.29,0.93
3291,2021-03-10,PIE,13682,5214,8468,11388,2294,ITC,ITC1,1,Piemonte,Piemonte,4356406,2640261,60.61,0.31
3292,2021-03-27,PIE,18397,7828,10569,9570,8827,ITC,ITC1,1,Piemonte,Piemonte,4356406,2658658,61.03,0.42
3293,2021-03-08,PIE,14020,5359,8661,11306,2714,ITC,ITC1,1,Piemonte,Piemonte,4356406,2672678,61.35,0.32
3294,2021-05-04,PIE,28586,13145,15441,16410,12176,ITC,ITC1,1,Piemonte,Piemonte,4356406,2701264,62.01,0.66
3295,2021-01-24,PIE,3153,959,2194,434,2719,ITC,ITC1,1,Piemonte,Piemonte,4356406,2704417,62.08,0.07
3296,2021-06-30,PIE,41010,20032,20978,19162,21848,ITC,ITC1,1,Piemonte,Piemonte,4356406,2745427,63.02,0.94
3297,2021-03-22,PIE,11523,4890,6633,3917,7606,ITC,ITC1,1,Piemonte,Piemonte,4356406,2756950,63.28,0.26
3298,2021-04-27,PIE,22608,10214,12394,17461,5147,ITC,ITC1,1,Piemonte,Piemonte,4356406,2779558,63.8,0.52
3299,2021-01-17,PIE,3520,1169,2351,2872,648,ITC,ITC1,1,Piemonte,Piemonte,4356406,2783078,63.88,0.08
3300,2021-03-15,PIE,10682,4184,6498,5062,5620,ITC,ITC1,1,Piemonte,Piemonte,4356406,2793760,64.13,0.25
3301,2021-05-11,PIE,32078,15458,16620,18866,13212,ITC,ITC1,1,Piemonte,Piemonte,4356406,2825838,64.87,0.74
3302,2021-01-31,PIE,4113,1753,2360,112,4001,ITC,ITC1,1,Piemonte,Piemonte,4356406,2829951,64.96,0.09
3303,2021-07-02,PIE,41984,21055,20929,16733,25251,ITC,ITC1,1,Piemonte,Piemonte,4356406,2871935,65.92,0.96
3304,2021-05-13,PIE,35685,17527,18158,20567,15118,ITC,ITC1,1,Piemonte,Piemonte,4356406,2907620,66.74,0.82
3305,2021-02-02,PIE,10242,3509,6733,816,9426,ITC,ITC1,1,Piemonte,Piemonte,4356406,2917862,66.98,0.24
3306,2021-03-31,PIE,19110,8104,11006,10416,8694,ITC,ITC1,1,Piemonte,Piemonte,4356406,2936972,67.42,0.44
3307,2021-05-27,PIE,37391,17391,20000,19254,18137,ITC,ITC1,1,Piemonte,Piemonte,4356406,2974363,68.28,0.86
3308,2021-02-16,PIE,3967,1756,2211,3209,758,ITC,ITC1,1,Piemonte,Piemonte,4356406,2978330,68.37,0.09
3309,2021-06-10,PIE,40231,21022,19209,37676,2555,ITC,ITC1,1,Piemonte,Piemonte,4356406,3018561,69.29,0.92
3310,2021-06-27,PIE,37406,18551,18855,15678,21728,ITC,ITC1,1,Piemonte,Piemonte,4356406,3055967,70.15,0.86
3311,2021-03-19,PIE,11032,4521,6511,4426,6606,ITC,ITC1,1,Piemonte,Piemonte,4356406,3066999,70.4,0.25
3312,2021-04-05,PIE,14748,6234,8514,12192,2556,ITC,ITC1,1,Piemonte,Piemonte,4356406,3081747,70.74,0.34
3313,2021-06-29,PIE,40352,20174,20178,19791,20561,ITC,ITC1,1,Piemonte,Piemonte,4356406,3122099,71.67,0.93
3314,2021-06-22,PIE,40433,19955,20478,18242,22191,ITC,ITC1,1,Piemonte,Piemonte,4356406,3162532,72.59,0.93
3315,2021-01-07,PIE,5387,1739,3648,5387,0,ITC,ITC1,1,Piemonte,Piemonte,4356406,3167919,72.72,0.12
3316,2021-03-05,PIE,15376,6060,9316,11558,3818,ITC,ITC1,1,Piemonte,Piemonte,4356406,3183295,73.07,0.35
3317,2021-06-15,PIE,38867,20019,18848,27108,11759,ITC,ITC1,1,Piemonte,Piemonte,4356406,3222162,73.96,0.89
3318,2021-03-07,PIE,11977,4658,7319,11099,878,ITC,ITC1,1,Piemonte,Piemonte,4356406,3234139,74.24,0.27
3319,2020-12-31,PIE,3909,1334,2575,3909,0,ITC,ITC1,1,Piemonte,Piemonte,4356406,3238048,74.33,0.09
3320,2021-02-07,PIE,3089,974,2115,445,2644,ITC,ITC1,1,Piemonte,Piemonte,4356406,3241137,74.4,0.07
3321,2021-05-03,PIE,26659,12168,14491,12498,14161,ITC,ITC1,1,Piemonte,Piemonte,4356406,3267796,75.01,0.61
3322,2021-02-26,PIE,12293,4933,7360,11556,737,ITC,ITC1,1,Piemonte,Piemonte,4356406,3280089,75.29,0.28
3323,2021-04-24,PIE,27507,12436,15071,21853,5654,ITC,ITC1,1,Piemonte,Piemonte,4356406,3307596,75.92,0.63
3324,2021-01-14,PIE,9767,3152,6615,9767,0,ITC,ITC1,1,Piemonte,Piemonte,4356406,3317363,76.15,0.22
3325,2021-01-19,PIE,6466,2105,4361,6454,12,ITC,ITC1,1,Piemonte,Piemonte,4356406,3323829,76.3,0.15
3326,2021-04-14,PIE,27715,12566,15149,23190,4525,ITC,ITC1,1,Piemonte,Piemonte,4356406,3351544,76.93,0.64
3327,2021-06-03,PIE,34594,17865,16729,30196,4398,ITC,ITC1,1,Piemonte,Piemonte,4356406,3386138,77.73,0.79
3328,2021-03-24,PIE,15540,6373,9167,6413,9127,ITC,ITC1,1,Piemonte,Piemonte,4356406,3401678,78.08,0.36
3329,2021-05-20,PIE,38624,17938,20686,13680,24944,ITC,ITC1,1,Piemonte,Piemonte,4356406,3440302,78.97,0.89
3330,2021-02-09,PIE,7392,2316,5076,722,6670,ITC,ITC1,1,Piemonte,Piemonte,4356406,3447694,79.14,0.17
3331,2021-04-07,PIE,23611,9999,13612,18150,5461,ITC,ITC1,1,Piemonte,Piemonte,4356406,3471305,79.68,0.54
3332,2021-05-22,PIE,33493,15115,18378,17267,16226,ITC,ITC1,1,Piemonte,Piemonte,4356406,3504798,80.45,0.77
3333,2021-04-13,PIE,25952,11619,14333,22493,3459,ITC,ITC1,1,Piemonte,Piemonte,4356406,3530750,81.05,0.6
3334,2021-01-20,PIE,6617,2089,4528,5899,718,ITC,ITC1,1,Piemonte,Piemonte,4356406,3537367,81.2,0.15
3335,2021-02-03,PIE,10202,3304,6898,611,9591,ITC,ITC1,1,Piemonte,Piemonte,4356406,3547569,81.43,0.23
3336,2021-05-18,PIE,32115,14821,17294,19453,12662,ITC,ITC1,1,Piemonte,Piemonte,4356406,3579684,82.17,0.74
3337,2021-01-03,PIE,3063,967,2096,3063,0,ITC,ITC1,1,Piemonte,Piemonte,4356406,3582747,82.24,0.07
3338,2021-03-29,PIE,15186,6405,8781,8574,6612,ITC,ITC1,1,Piemonte,Piemonte,4356406,3597933,82.59,0.35
3339,2021-04-12,PIE,22951,10367,12584,19961,2990,ITC,ITC1,1,Piemonte,Piemonte,4356406,3620884,83.12,0.53
3340,2021-01-02,PIE,3545,1134,2411,3545,0,ITC,ITC1,1,Piemonte,Piemonte,4356406,3624429,83.2,0.08
3341,2021-05-01,PIE,28540,12999,15541,16741,11799,ITC,ITC1,1,Piemonte,Piemonte,4356406,3652969,83.85,0.66
3342,2021-01-21,PIE,6881,2314,4567,3385,3496,ITC,ITC1,1,Piemonte,Piemonte,4356406,3659850,84.01,0.16
3343,2021-05-15,PIE,33779,15747,18032,20061,13718,ITC,ITC1,1,Piemonte,Piemonte,4356406,3693629,84.79,0.78
3344,2021-06-01,PIE,29257,14667,14590,24863,4394,ITC,ITC1,1,Piemonte,Piemonte,4356406,3722886,85.46,0.67
3345,2021-02-21,PIE,5090,2083,3007,4988,102,ITC,ITC1,1,Piemonte,Piemonte,4356406,3727976,85.57,0.12
3346,2021-06-20,PIE,33985,17025,16960,19268,14717,ITC,ITC1,1,Piemonte,Piemonte,4356406,3761961,86.35,0.78
3347,2021-03-12,PIE,14014,5241,8773,11078,2936,ITC,ITC1,1,Piemonte,Piemonte,4356406,3775975,86.68,0.32
3348,2021-03-26,PIE,17810,7027,10783,8903,8907,ITC,ITC1,1,Piemonte,Piemonte,4356406,3793785,87.09,0.41
3349,2021-01-30,EMR,10079,3520,6559,141,9938,ITH,ITH5,8,Emilia-Romagna,Emilia-Romagna,4459477,10079,0.23,0.23
3350,2021-04-23,EMR,29562,13811,15751,14680,14882,ITH,ITH5,8,Emilia-Romagna,Emilia-Romagna,4459477,39641,0.89,0.66
3351,2021-01-13,EMR,9077,2942,6135,9077,0,ITH,ITH5,8,Emilia-Romagna,Emilia-Romagna,4459477,48718,1.09,0.2
3352,2021-04-04,EMR,9879,4717,5162,7612,2267,ITH,ITH5,8,Emilia-Romagna,Emilia-Romagna,4459477,58597,1.31,0.22
3353,2021-05-26,EMR,33219,14727,18492,10298,22921,ITH,ITH5,8,Emilia-Romagna,Emilia-Romagna,4459477,91816,2.06,0.74
3354,2021-06-12,EMR,40422,21369,19053,35513,4909,ITH,ITH5,8,Emilia-Romagna,Emilia-Romagna,4459477,132238,2.97,0.91
3355,2021-03-04,EMR,16452,5350,11102,13435,3017,ITH,ITH5,8,Emilia-Romagna,Emilia-Romagna,4459477,148690,3.33,0.37
3356,2021-05-24,EMR,29943,13715,16228,18467,11476,ITH,ITH5,8,Emilia-Romagna,Emilia-Romagna,4459477,178633,4.01,0.67
3357,2021-02-13,EMR,3627,1084,2543,3029,598,ITH,ITH5,8,Emilia-Romagna,Emilia-Romagna,4459477,182260,4.09,0.08
3358,2021-04-11,EMR,15277,6934,8343,12229,3048,ITH,ITH5,8,Emilia-Romagna,Emilia-Romagna,4459477,197537,4.43,0.34
3359,2021-02-11,EMR,4254,1415,2839,3413,841,ITH,ITH5,8,Emilia-Romagna,Emilia-Romagna,4459477,201791,4.52,0.1
3360,2021-02-18,EMR,7039,2892,4147,6456,583,ITH,ITH5,8,Emilia-Romagna,Emilia-Romagna,4459477,208830,4.68,0.16
3361,2021-06-07,EMR,40383,20724,19659,34135,6248,ITH,ITH5,8,Emilia-Romagna,Emilia-Romagna,4459477,249213,5.59,0.91
3362,2021-04-16,EMR,29230,13763,15467,20393,8837,ITH,ITH5,8,Emilia-Romagna,Emilia-Romagna,4459477,278443,6.24,0.66
3363,2021-01-06,EMR,8287,2955,5332,8287,0,ITH,ITH5,8,Emilia-Romagna,Emilia-Romagna,4459477,286730,6.43,0.19
3364,2021-04-30,EMR,36605,16788,19817,21811,14794,ITH,ITH5,8,Emilia-Romagna,Emilia-Romagna,4459477,323335,7.25,0.82
3365,2021-03-28,EMR,13499,6025,7474,9629,3870,ITH,ITH5,8,Emilia-Romagna,Emilia-Romagna,4459477,336834,7.55,0.3
3366,2021-02-25,EMR,9249,3499,5750,8295,954,ITH,ITH5,8,Emilia-Romagna,Emilia-Romagna,4459477,346083,7.76,0.21
3367,2021-06-19,EMR,36019,18030,17989,16672,19347,ITH,ITH5,8,Emilia-Romagna,Emilia-Romagna,4459477,382102,8.57,0.81
3368,2021-03-11,EMR,17453,7306,10147,11602,5851,ITH,ITH5,8,Emilia-Romagna,Emilia-Romagna,4459477,399555,8.96,0.39
3369,2021-02-06,EMR,7595,2404,5191,2110,5485,ITH,ITH5,8,Emilia-Romagna,Emilia-Romagna,4459477,407150,9.13,0.17
3370,2021-06-21,EMR,37092,18749,18343,16237,20855,ITH,ITH5,8,Emilia-Romagna,Emilia-Romagna,4459477,444242,9.96,0.83
3371,2021-03-30,EMR,23345,10338,13007,18304,5041,ITH,ITH5,8,Emilia-Romagna,Emilia-Romagna,4459477,467587,10.49,0.52
3372,2021-01-04,EMR,7315,2527,4788,7315,0,ITH,ITH5,8,Emilia-Romagna,Emilia-Romagna,4459477,474902,10.65,0.16
3373,2021-05-19,EMR,33717,14959,18758,18543,15174,ITH,ITH5,8,Emilia-Romagna,Emilia-Romagna,4459477,508619,11.41,0.76
3374,2021-05-12,EMR,38892,18283,20609,29227,9665,ITH,ITH5,8,Emilia-Romagna,Emilia-Romagna,4459477,547511,12.28,0.87
3375,2021-02-01,EMR,10320,3610,6710,362,9958,ITH,ITH5,8,Emilia-Romagna,Emilia-Romagna,4459477,557831,12.51,0.23
3376,2021-01-18,EMR,3128,879,2249,2449,679,ITH,ITH5,8,Emilia-Romagna,Emilia-Romagna,4459477,560959,12.58,0.07
3377,2021-03-16,EMR,12247,5028,7219,4938,7309,ITH,ITH5,8,Emilia-Romagna,Emilia-Romagna,4459477,573206,12.85,0.27
3378,2021-01-25,EMR,6462,2146,4316,207,6255,ITH,ITH5,8,Emilia-Romagna,Emilia-Romagna,4459477,579668,13.0,0.14
3379,2021-07-01,EMR,32612,15916,16696,13932,18680,ITH,ITH5,8,Emilia-Romagna,Emilia-Romagna,4459477,612280,13.73,0.73
3380,2021-03-23,EMR,18797,8144,10653,12110,6687,ITH,ITH5,8,Emilia-Romagna,Emilia-Romagna,4459477,631077,14.15,0.42
3381,2021-03-09,EMR,14754,6019,8735,10799,3955,ITH,ITH5,8,Emilia-Romagna,Emilia-Romagna,4459477,645831,14.48,0.33
3382,2021-05-05,EMR,30091,13984,16107,18841,11250,ITH,ITH5,8,Emilia-Romagna,Emilia-Romagna,4459477,675922,15.16,0.67
3383,2021-01-23,EMR,2448,871,1577,443,2005,ITH,ITH5,8,Emilia-Romagna,Emilia-Romagna,4459477,678370,15.21,0.05
3384,2021-05-07,EMR,35270,16961,18309,23416,11854,ITH,ITH5,8,Emilia-Romagna,Emilia-Romagna,4459477,713640,16.0,0.79
3385,2021-07-03,EMR,10975,5445,5530,3362,7613,ITH,ITH5,8,Emilia-Romagna,Emilia-Romagna,4459477,724615,16.25,0.25
3386,2021-01-11,EMR,9347,3273,6074,9347,0,ITH,ITH5,8,Emilia-Romagna,Emilia-Romagna,4459477,733962,16.46,0.21
3387,2021-06-30,EMR,32832,16569,16263,17290,15542,ITH,ITH5,8,Emilia-Romagna,Emilia-Romagna,4459477,766794,17.19,0.74
3388,2021-06-11,EMR,44922,23327,21595,38427,6495,ITH,ITH5,8,Emilia-Romagna,Emilia-Romagna,4459477,811716,18.2,1.01
3389,2021-06-28,EMR,37447,18278,19169,17957,19490,ITH,ITH5,8,Emilia-Romagna,Emilia-Romagna,4459477,849163,19.04,0.84
3390,2021-03-20,EMR,16085,6829,9256,9121,6964,ITH,ITH5,8,Emilia-Romagna,Emilia-Romagna,4459477,865248,19.4,0.36
3391,2021-04-18,EMR,17501,8395,9106,12583,4918,ITH,ITH5,8,Emilia-Romagna,Emilia-Romagna,4459477,882749,19.79,0.39
3392,2021-06-14,EMR,40587,20960,19627,27530,13057,ITH,ITH5,8,Emilia-Romagna,Emilia-Romagna,4459477,923336,20.71,0.91
3393,2021-01-10,EMR,7171,2684,4487,7171,0,ITH,ITH5,8,Emilia-Romagna,Emilia-Romagna,4459477,930507,20.87,0.16
3394,2021-06-16,EMR,45192,23083,22109,25302,19890,ITH,ITH5,8,Emilia-Romagna,Emilia-Romagna,4459477,975699,21.88,1.01
3395,2021-03-08,EMR,12201,5094,7107,9542,2659,ITH,ITH5,8,Emilia-Romagna,Emilia-Romagna,4459477,987900,22.15,0.27
3396,2021-05-31,EMR,29728,13749,15979,18262,11466,ITH,ITH5,8,Emilia-Romagna,Emilia-Romagna,4459477,1017628,22.82,0.67
3397,2021-02-20,EMR,5318,2094,3224,5055,263,ITH,ITH5,8,Emilia-Romagna,Emilia-Romagna,4459477,1022946,22.94,0.12
3398,2021-01-15,EMR,7750,2404,5346,7750,0,ITH,ITH5,8,Emilia-Romagna,Emilia-Romagna,4459477,1030696,23.11,0.17
3399,2021-06-09,EMR,42377,21558,20819,36017,6360,ITH,ITH5,8,Emilia-Romagna,Emilia-Romagna,4459477,1073073,24.06,0.95
3400,2021-03-01,EMR,10095,3582,6513,7837,2258,ITH,ITH5,8,Emilia-Romagna,Emilia-Romagna,4459477,1083168,24.29,0.23
3401,2021-05-04,EMR,29271,13704,15567,15612,13659,ITH,ITH5,8,Emilia-Romagna,Emilia-Romagna,4459477,1112439,24.95,0.66
3402,2021-02-27,EMR,10961,3998,6963,9223,1738,ITH,ITH5,8,Emilia-Romagna,Emilia-Romagna,4459477,1123400,25.19,0.25
3403,2021-04-25,EMR,22350,10240,12110,14840,7510,ITH,ITH5,8,Emilia-Romagna,Emilia-Romagna,4459477,1145750,25.69,0.5
3404,2021-05-09,EMR,25609,12252,13357,18642,6967,ITH,ITH5,8,Emilia-Romagna,Emilia-Romagna,4459477,1171359,26.27,0.57
3405,2021-01-29,EMR,10414,3496,6918,290,10124,ITH,ITH5,8,Emilia-Romagna,Emilia-Romagna,4459477,1181773,26.5,0.23
3406,2021-02-15,EMR,2904,851,2053,2779,125,ITH,ITH5,8,Emilia-Romagna,Emilia-Romagna,4459477,1184677,26.57,0.07
3407,2021-01-27,EMR,8361,2947,5414,462,7899,ITH,ITH5,8,Emilia-Romagna,Emilia-Romagna,4459477,1193038,26.75,0.19
3408,2021-06-02,EMR,24081,12054,12027,19114,4967,ITH,ITH5,8,Emilia-Romagna,Emilia-Romagna,4459477,1217119,27.29,0.54
3409,2021-03-13,EMR,16137,6362,9775,10824,5313,ITH,ITH5,8,Emilia-Romagna,Emilia-Romagna,4459477,1233256,27.65,0.36
3410,2021-03-27,EMR,21661,9059,12602,14753,6908,ITH,ITH5,8,Emilia-Romagna,Emilia-Romagna,4459477,1254917,28.14,0.49
3411,2021-04-13,EMR,23721,11129,12592,19379,4342,ITH,ITH5,8,Emilia-Romagna,Emilia-Romagna,4459477,1278638,28.67,0.53
3412,2021-01-03,EMR,2763,943,1820,2763,0,ITH,ITH5,8,Emilia-Romagna,Emilia-Romagna,4459477,1281401,28.73,0.06
3413,2021-06-04,EMR,45501,22914,22587,37383,8118,ITH,ITH5,8,Emilia-Romagna,Emilia-Romagna,4459477,1326902,29.75,1.02
3414,2021-05-23,EMR,25480,11859,13621,13888,11592,ITH,ITH5,8,Emilia-Romagna,Emilia-Romagna,4459477,1352382,30.33,0.57
3415,2021-04-06,EMR,24747,11174,13573,20005,4742,ITH,ITH5,8,Emilia-Romagna,Emilia-Romagna,4459477,1377129,30.88,0.55
3416,2020-12-27,EMR,972,373,599,972,0,ITH,ITH5,8,Emilia-Romagna,Emilia-Romagna,4459477,1378101,30.9,0.02
3417,2021-06-13,EMR,27299,14259,13040,23033,4266,ITH,ITH5,8,Emilia-Romagna,Emilia-Romagna,4459477,1405400,31.51,0.61
3418,2021-03-05,EMR,17850,5839,12011,14396,3454,ITH,ITH5,8,Emilia-Romagna,Emilia-Romagna,4459477,1423250,31.92,0.4
3419,2021-06-26,EMR,35979,18227,17752,20503,15476,ITH,ITH5,8,Emilia-Romagna,Emilia-Romagna,4459477,1459229,32.72,0.81
3420,2021-03-25,EMR,21481,9417,12064,14492,6989,ITH,ITH5,8,Emilia-Romagna,Emilia-Romagna,4459477,1480710,33.2,0.48
3421,2021-05-21,EMR,39259,17530,21729,22235,17024,ITH,ITH5,8,Emilia-Romagna,Emilia-Romagna,4459477,1519969,34.08,0.88
3422,2021-04-20,EMR,22621,10405,12216,14268,8353,ITH,ITH5,8,Emilia-Romagna,Emilia-Romagna,4459477,1542590,34.59,0.51
3423,2021-06-23,EMR,37340,18677,18663,18533,18807,ITH,ITH5,8,Emilia-Romagna,Emilia-Romagna,4459477,1579930,35.43,0.84
3424,2021-01-08,EMR,10866,3580,7286,10866,0,ITH,ITH5,8,Emilia-Romagna,Emilia-Romagna,4459477,1590796,35.67,0.24
3425,2021-03-06,EMR,20901,5935,14966,18170,2731,ITH,ITH5,8,Emilia-Romagna,Emilia-Romagna,4459477,1611697,36.14,0.47
3426,2021-05-20,EMR,40267,18311,21956,18897,21370,ITH,ITH5,8,Emilia-Romagna,Emilia-Romagna,4459477,1651964,37.04,0.9
3427,2021-04-27,EMR,32101,14863,17238,19640,12461,ITH,ITH5,8,Emilia-Romagna,Emilia-Romagna,4459477,1684065,37.76,0.72
3428,2021-05-06,EMR,35927,16602,19325,22871,13056,ITH,ITH5,8,Emilia-Romagna,Emilia-Romagna,4459477,1719992,38.57,0.81
3429,2021-01-26,EMR,8334,3000,5334,214,8120,ITH,ITH5,8,Emilia-Romagna,Emilia-Romagna,4459477,1728326,38.76,0.19
3430,2021-07-02,EMR,32901,16157,16744,11514,21387,ITH,ITH5,8,Emilia-Romagna,Emilia-Romagna,4459477,1761227,39.49,0.74
3431,2021-03-24,EMR,21219,9401,11818,13837,7382,ITH,ITH5,8,Emilia-Romagna,Emilia-Romagna,4459477,1782446,39.97,0.48
3432,2021-05-28,EMR,41169,18928,22241,17847,23322,ITH,ITH5,8,Emilia-Romagna,Emilia-Romagna,4459477,1823615,40.89,0.92
3433,2021-04-22,EMR,29050,13451,15599,14972,14078,ITH,ITH5,8,Emilia-Romagna,Emilia-Romagna,4459477,1852665,41.54,0.65
3434,2021-01-12,EMR,9476,3124,6352,9476,0,ITH,ITH5,8,Emilia-Romagna,Emilia-Romagna,4459477,1862141,41.76,0.21
3435,2021-06-27,EMR,27934,14065,13869,15262,12672,ITH,ITH5,8,Emilia-Romagna,Emilia-Romagna,4459477,1890075,42.38,0.63
3436,2021-05-02,EMR,25578,11651,13927,13588,11990,ITH,ITH5,8,Emilia-Romagna,Emilia-Romagna,4459477,1915653,42.96,0.57
3437,2021-01-22,EMR,1829,477,1352,1088,741,ITH,ITH5,8,Emilia-Romagna,Emilia-Romagna,4459477,1917482,43.0,0.04
3438,2021-02-08,EMR,5231,1534,3697,2318,2913,ITH,ITH5,8,Emilia-Romagna,Emilia-Romagna,4459477,1922713,43.12,0.12
3439,2021-05-16,EMR,25845,12168,13677,18733,7112,ITH,ITH5,8,Emilia-Romagna,Emilia-Romagna,4459477,1948558,43.69,0.58
3440,2021-02-22,EMR,7482,3091,4391,7210,272,ITH,ITH5,8,Emilia-Romagna,Emilia-Romagna,4459477,1956040,43.86,0.17
3441,2021-05-01,EMR,28402,12774,15628,15626,12776,ITH,ITH5,8,Emilia-Romagna,Emilia-Romagna,4459477,1984442,44.5,0.64
3442,2021-03-22,EMR,17650,7815,9835,10786,6864,ITH,ITH5,8,Emilia-Romagna,Emilia-Romagna,4459477,2002092,44.9,0.4
3443,2021-03-03,EMR,15856,5253,10603,13371,2485,ITH,ITH5,8,Emilia-Romagna,Emilia-Romagna,4459477,2017948,45.25,0.36
3444,2021-05-25,EMR,25056,11190,13866,11715,13341,ITH,ITH5,8,Emilia-Romagna,Emilia-Romagna,4459477,2043004,45.81,0.56
3445,2021-02-14,EMR,1403,378,1025,1283,120,ITH,ITH5,8,Emilia-Romagna,Emilia-Romagna,4459477,2044407,45.84,0.03
3446,2021-02-12,EMR,5313,1673,3640,3910,1403,ITH,ITH5,8,Emilia-Romagna,Emilia-Romagna,4459477,2049720,45.96,0.12
3447,2021-04-10,EMR,20921,9300,11621,16776,4145,ITH,ITH5,8,Emilia-Romagna,Emilia-Romagna,4459477,2070641,46.43,0.47
3448,2021-04-17,EMR,27298,13072,14226,17953,9345,ITH,ITH5,8,Emilia-Romagna,Emilia-Romagna,4459477,2097939,47.04,0.61
3449,2021-01-07,EMR,10274,3406,6868,10274,0,ITH,ITH5,8,Emilia-Romagna,Emilia-Romagna,4459477,2108213,47.27,0.23
3450,2021-02-10,EMR,4023,1385,2638,2767,1256,ITH,ITH5,8,Emilia-Romagna,Emilia-Romagna,4459477,2112236,47.37,0.09
3451,2021-04-08,EMR,31213,14333,16880,25910,5303,ITH,ITH5,8,Emilia-Romagna,Emilia-Romagna,4459477,2143449,48.07,0.7
3452,2021-03-18,EMR,13675,5806,7869,5675,8000,ITH,ITH5,8,Emilia-Romagna,Emilia-Romagna,4459477,2157124,48.37,0.31
3453,2021-05-14,EMR,37242,17164,20078,27644,9598,ITH,ITH5,8,Emilia-Romagna,Emilia-Romagna,4459477,2194366,49.21,0.84
3454,2021-02-03,EMR,9338,2989,6349,965,8373,ITH,ITH5,8,Emilia-Romagna,Emilia-Romagna,4459477,2203704,49.42,0.21
3455,2021-04-01,EMR,23947,10770,13177,19401,4546,ITH,ITH5,8,Emilia-Romagna,Emilia-Romagna,4459477,2227651,49.95,0.54
3456,2021-02-17,EMR,6538,2764,3774,5766,772,ITH,ITH5,8,Emilia-Romagna,Emilia-Romagna,4459477,2234189,50.1,0.15
3457,2021-06-01,EMR,27136,13086,14050,17246,9890,ITH,ITH5,8,Emilia-Romagna,Emilia-Romagna,4459477,2261325,50.71,0.61
3458,2021-04-05,EMR,14848,6802,8046,11956,2892,ITH,ITH5,8,Emilia-Romagna,Emilia-Romagna,4459477,2276173,51.04,0.33
3459,2021-04-24,EMR,28632,13241,15391,14403,14229,ITH,ITH5,8,Emilia-Romagna,Emilia-Romagna,4459477,2304805,51.68,0.64
3460,2021-05-11,EMR,35778,16792,18986,28524,7254,ITH,ITH5,8,Emilia-Romagna,Emilia-Romagna,4459477,2340583,52.49,0.8
3461,2021-01-31,EMR,7698,2763,4935,241,7457,ITH,ITH5,8,Emilia-Romagna,Emilia-Romagna,4459477,2348281,52.66,0.17
3462,2021-06-29,EMR,35988,17686,18302,17377,18611,ITH,ITH5,8,Emilia-Romagna,Emilia-Romagna,4459477,2384269,53.47,0.81
3463,2021-03-21,EMR,11956,5296,6660,7351,4605,ITH,ITH5,8,Emilia-Romagna,Emilia-Romagna,4459477,2396225,53.73,0.27
3464,2021-06-25,EMR,41482,20994,20488,19283,22199,ITH,ITH5,8,Emilia-Romagna,Emilia-Romagna,4459477,2437707,54.66,0.93
3465,2021-03-17,EMR,13719,5692,8027,5873,7846,ITH,ITH5,8,Emilia-Romagna,Emilia-Romagna,4459477,2451426,54.97,0.31
3466,2021-05-13,EMR,35782,16494,19288,27988,7794,ITH,ITH5,8,Emilia-Romagna,Emilia-Romagna,4459477,2487208,55.77,0.8
3467,2021-03-15,EMR,13444,6244,7200,6945,6499,ITH,ITH5,8,Emilia-Romagna,Emilia-Romagna,4459477,2500652,56.08,0.3
3468,2021-01-24,EMR,2443,885,1558,298,2145,ITH,ITH5,8,Emilia-Romagna,Emilia-Romagna,4459477,2503095,56.13,0.05
3469,2021-01-17,EMR,2890,887,2003,2644,246,ITH,ITH5,8,Emilia-Romagna,Emilia-Romagna,4459477,2505985,56.19,0.06
3470,2021-04-02,EMR,23394,10552,12842,18913,4481,ITH,ITH5,8,Emilia-Romagna,Emilia-Romagna,4459477,2529379,56.72,0.52
3471,2021-05-29,EMR,37803,16488,21315,17158,20645,ITH,ITH5,8,Emilia-Romagna,Emilia-Romagna,4459477,2567182,57.57,0.85
3472,2021-05-27,EMR,42225,18735,23490,14054,28171,ITH,ITH5,8,Emilia-Romagna,Emilia-Romagna,4459477,2609407,58.51,0.95
3473,2021-02-16,EMR,5772,2446,3326,5241,531,ITH,ITH5,8,Emilia-Romagna,Emilia-Romagna,4459477,2615179,58.64,0.13
3474,2021-05-10,EMR,33840,16124,17716,26595,7245,ITH,ITH5,8,Emilia-Romagna,Emilia-Romagna,4459477,2649019,59.4,0.76
3475,2021-04-21,EMR,23957,10962,12995,14211,9746,ITH,ITH5,8,Emilia-Romagna,Emilia-Romagna,4459477,2672976,59.94,0.54
3476,2021-05-08,EMR,32343,15094,17249,20921,11422,ITH,ITH5,8,Emilia-Romagna,Emilia-Romagna,4459477,2705319,60.66,0.73
3477,2021-01-28,EMR,10255,3339,6916,348,9907,ITH,ITH5,8,Emilia-Romagna,Emilia-Romagna,4459477,2715574,60.89,0.23
3478,2021-02-05,EMR,9290,2956,6334,1607,7683,ITH,ITH5,8,Emilia-Romagna,Emilia-Romagna,4459477,2724864,61.1,0.21
3479,2021-06-20,EMR,29980,15214,14766,15341,14639,ITH,ITH5,8,Emilia-Romagna,Emilia-Romagna,4459477,2754844,61.78,0.67
3480,2021-04-12,EMR,19245,9007,10238,14798,4447,ITH,ITH5,8,Emilia-Romagna,Emilia-Romagna,4459477,2774089,62.21,0.43
3481,2021-06-08,EMR,44724,22896,21828,37268,7456,ITH,ITH5,8,Emilia-Romagna,Emilia-Romagna,4459477,2818813,63.21,1.0
3482,2021-04-03,EMR,19940,8767,11173,16200,3740,ITH,ITH5,8,Emilia-Romagna,Emilia-Romagna,4459477,2838753,63.66,0.45
3483,2021-05-30,EMR,27071,12790,14281,13377,13694,ITH,ITH5,8,Emilia-Romagna,Emilia-Romagna,4459477,2865824,64.26,0.61
3484,2021-02-19,EMR,7327,3010,4317,6813,514,ITH,ITH5,8,Emilia-Romagna,Emilia-Romagna,4459477,2873151,64.43,0.16
3485,2020-12-31,EMR,2215,780,1435,2215,0,ITH,ITH5,8,Emilia-Romagna,Emilia-Romagna,4459477,2875366,64.48,0.05
3486,2021-06-06,EMR,36432,18925,17507,32026,4406,ITH,ITH5,8,Emilia-Romagna,Emilia-Romagna,4459477,2911798,65.29,0.82
3487,2021-02-26,EMR,9634,3673,5961,8586,1048,ITH,ITH5,8,Emilia-Romagna,Emilia-Romagna,4459477,2921432,65.51,0.22
3488,2021-06-10,EMR,44070,22647,21423,38722,5348,ITH,ITH5,8,Emilia-Romagna,Emilia-Romagna,4459477,2965502,66.5,0.99
3489,2021-03-02,EMR,12658,4272,8386,10581,2077,ITH,ITH5,8,Emilia-Romagna,Emilia-Romagna,4459477,2978160,66.78,0.28
3490,2021-03-19,EMR,15925,6972,8953,7956,7969,ITH,ITH5,8,Emilia-Romagna,Emilia-Romagna,4459477,2994085,67.14,0.36
3491,2021-04-07,EMR,26116,11890,14226,20105,6011,ITH,ITH5,8,Emilia-Romagna,Emilia-Romagna,4459477,3020201,67.73,0.59
3492,2021-01-14,EMR,8129,2593,5536,8129,0,ITH,ITH5,8,Emilia-Romagna,Emilia-Romagna,4459477,3028330,67.91,0.18
3493,2021-03-31,EMR,25266,11043,14223,19810,5456,ITH,ITH5,8,Emilia-Romagna,Emilia-Romagna,4459477,3053596,68.47,0.57
3494,2021-04-19,EMR,20900,9797,11103,14627,6273,ITH,ITH5,8,Emilia-Romagna,Emilia-Romagna,4459477,3074496,68.94,0.47
3495,2021-01-09,EMR,9988,3452,6536,9988,0,ITH,ITH5,8,Emilia-Romagna,Emilia-Romagna,4459477,3084484,69.17,0.22
3496,2021-06-15,EMR,43016,22141,20875,28048,14968,ITH,ITH5,8,Emilia-Romagna,Emilia-Romagna,4459477,3127500,70.13,0.96
3497,2021-03-07,EMR,7839,2958,4881,6319,1520,ITH,ITH5,8,Emilia-Romagna,Emilia-Romagna,4459477,3135339,70.31,0.18
3498,2021-05-03,EMR,28698,13557,15141,17820,10878,ITH,ITH5,8,Emilia-Romagna,Emilia-Romagna,4459477,3164037,70.95,0.64
3499,2021-02-28,EMR,6819,2527,4292,4974,1845,ITH,ITH5,8,Emilia-Romagna,Emilia-Romagna,4459477,3170856,71.1,0.15
3500,2021-04-26,EMR,27901,12936,14965,18580,9321,ITH,ITH5,8,Emilia-Romagna,Emilia-Romagna,4459477,3198757,71.73,0.63
3501,2021-01-16,EMR,5628,1718,3910,5628,0,ITH,ITH5,8,Emilia-Romagna,Emilia-Romagna,4459477,3204385,71.86,0.13
3502,2021-03-14,EMR,8801,3839,4962,5004,3797,ITH,ITH5,8,Emilia-Romagna,Emilia-Romagna,4459477,3213186,72.05,0.2
3503,2021-02-09,EMR,4154,1249,2905,2307,1847,ITH,ITH5,8,Emilia-Romagna,Emilia-Romagna,4459477,3217340,72.15,0.09
3504,2021-05-15,EMR,33248,14982,18266,22840,10408,ITH,ITH5,8,Emilia-Romagna,Emilia-Romagna,4459477,3250588,72.89,0.75
3505,2021-02-04,EMR,9920,3201,6719,1230,8690,ITH,ITH5,8,Emilia-Romagna,Emilia-Romagna,4459477,3260508,73.11,0.22
3506,2021-05-22,EMR,33036,14132,18904,16912,16124,ITH,ITH5,8,Emilia-Romagna,Emilia-Romagna,4459477,3293544,73.85,0.74
3507,2021-04-09,EMR,25724,11666,14058,20027,5697,ITH,ITH5,8,Emilia-Romagna,Emilia-Romagna,4459477,3319268,74.43,0.58
3508,2021-02-02,EMR,9474,3048,6426,515,8959,ITH,ITH5,8,Emilia-Romagna,Emilia-Romagna,4459477,3328742,74.64,0.21
3509,2021-04-14,EMR,27040,12842,14198,20937,6103,ITH,ITH5,8,Emilia-Romagna,Emilia-Romagna,4459477,3355782,75.25,0.61
3510,2021-01-21,EMR,2165,729,1436,819,1346,ITH,ITH5,8,Emilia-Romagna,Emilia-Romagna,4459477,3357947,75.3,0.05
3511,2021-06-03,EMR,37851,18417,19434,30345,7506,ITH,ITH5,8,Emilia-Romagna,Emilia-Romagna,4459477,3395798,76.15,0.85
3512,2021-02-23,EMR,8216,3219,4997,7830,386,ITH,ITH5,8,Emilia-Romagna,Emilia-Romagna,4459477,3404014,76.33,0.18
3513,2021-03-12,EMR,18306,7701,10605,11589,6717,ITH,ITH5,8,Emilia-Romagna,Emilia-Romagna,4459477,3422320,76.74,0.41
3514,2021-04-28,EMR,33715,15588,18127,20827,12888,ITH,ITH5,8,Emilia-Romagna,Emilia-Romagna,4459477,3456035,77.5,0.76
3515,2021-06-24,EMR,39328,19648,19680,19799,19529,ITH,ITH5,8,Emilia-Romagna,Emilia-Romagna,4459477,3495363,78.38,0.88
3516,2021-06-17,EMR,45784,23134,22650,21658,24126,ITH,ITH5,8,Emilia-Romagna,Emilia-Romagna,4459477,3541147,79.41,1.03
3517,2021-03-26,EMR,23703,10110,13593,17266,6437,ITH,ITH5,8,Emilia-Romagna,Emilia-Romagna,4459477,3564850,79.94,0.53
3518,2021-01-20,EMR,1325,270,1055,1324,1,ITH,ITH5,8,Emilia-Romagna,Emilia-Romagna,4459477,3566175,79.97,0.03
3519,2021-04-15,EMR,29343,13979,15364,19668,9675,ITH,ITH5,8,Emilia-Romagna,Emilia-Romagna,4459477,3595518,80.63,0.66
3520,2021-06-18,EMR,42097,21056,21041,16329,25768,ITH,ITH5,8,Emilia-Romagna,Emilia-Romagna,4459477,3637615,81.57,0.94
3521,2021-03-10,EMR,18797,7741,11056,13152,5645,ITH,ITH5,8,Emilia-Romagna,Emilia-Romagna,4459477,3656412,81.99,0.42
3522,2021-05-18,EMR,29094,13246,15848,18571,10523,ITH,ITH5,8,Emilia-Romagna,Emilia-Romagna,4459477,3685506,82.64,0.65
3523,2021-02-07,EMR,4785,1536,3249,1724,3061,ITH,ITH5,8,Emilia-Romagna,Emilia-Romagna,4459477,3690291,82.75,0.11
3524,2021-02-24,EMR,9351,3566,5785,8467,884,ITH,ITH5,8,Emilia-Romagna,Emilia-Romagna,4459477,3699642,82.96,0.21
3525,2021-01-05,EMR,9361,3170,6191,9361,0,ITH,ITH5,8,Emilia-Romagna,Emilia-Romagna,4459477,3709003,83.17,0.21
3526,2021-04-29,EMR,44952,21134,23818,27403,17549,ITH,ITH5,8,Emilia-Romagna,Emilia-Romagna,4459477,3753955,84.18,1.01
3527,2021-01-19,EMR,2046,505,1541,2029,17,ITH,ITH5,8,Emilia-Romagna,Emilia-Romagna,4459477,3756001,84.23,0.05
3528,2021-03-29,EMR,21424,9613,11811,16774,4650,ITH,ITH5,8,Emilia-Romagna,Emilia-Romagna,4459477,3777425,84.71,0.48
3529,2021-02-21,EMR,4450,1708,2742,4010,440,ITH,ITH5,8,Emilia-Romagna,Emilia-Romagna,4459477,3781875,84.81,0.1
3530,2021-01-02,EMR,2375,916,1459,2375,0,ITH,ITH5,8,Emilia-Romagna,Emilia-Romagna,4459477,3784250,84.86,0.05
3531,2021-06-05,EMR,44073,22277,21796,37208,6865,ITH,ITH5,8,Emilia-Romagna,Emilia-Romagna,4459477,3828323,85.85,0.99
3532,2021-06-22,EMR,35525,17676,17849,16148,19377,ITH,ITH5,8,Emilia-Romagna,Emilia-Romagna,4459477,3863848,86.64,0.8
3533,2021-05-17,EMR,32394,15389,17005,22903,9491,ITH,ITH5,8,Emilia-Romagna,Emilia-Romagna,4459477,3896242,87.37,0.73
3534,2021-03-24,MOL,1631,658,973,1229,402,ITF,ITF2,14,Molise,Molise,305617,1631,0.53,0.53
3535,2021-07-02,MOL,2507,1218,1289,119,2388,ITF,ITF2,14,Molise,Molise,305617,4138,1.35,0.82
3536,2021-01-17,MOL,78,38,40,48,30,ITF,ITF2,14,Molise,Molise,305617,4216,1.38,0.03
3537,2021-04-10,MOL,2640,1261,1379,2488,152,ITF,ITF2,14,Molise,Molise,305617,6856,2.24,0.86
3538,2021-02-05,MOL,593,269,324,55,538,ITF,ITF2,14,Molise,Molise,305617,7449,2.44,0.19
3539,2021-02-19,MOL,169,93,76,167,2,ITF,ITF2,14,Molise,Molise,305617,7618,2.49,0.06
3540,2021-03-10,MOL,1737,720,1017,1687,50,ITF,ITF2,14,Molise,Molise,305617,9355,3.06,0.57
3541,2021-06-01,MOL,2598,1322,1276,2490,108,ITF,ITF2,14,Molise,Molise,305617,11953,3.91,0.85
3542,2021-04-05,MOL,391,189,202,292,99,ITF,ITF2,14,Molise,Molise,305617,12344,4.04,0.13
3543,2021-03-29,MOL,2033,835,1198,1547,486,ITF,ITF2,14,Molise,Molise,305617,14377,4.7,0.67
3544,2021-01-31,MOL,268,70,198,6,262,ITF,ITF2,14,Molise,Molise,305617,14645,4.79,0.09
3545,2021-02-07,MOL,66,32,34,19,47,ITF,ITF2,14,Molise,Molise,305617,14711,4.81,0.02
3546,2021-05-18,MOL,1645,877,768,990,655,ITF,ITF2,14,Molise,Molise,305617,16356,5.35,0.54
3547,2021-03-22,MOL,1148,440,708,905,243,ITF,ITF2,14,Molise,Molise,305617,17504,5.73,0.38
3548,2021-05-20,MOL,2661,1371,1290,2475,186,ITF,ITF2,14,Molise,Molise,305617,20165,6.6,0.87
3549,2021-01-26,MOL,450,184,266,8,442,ITF,ITF2,14,Molise,Molise,305617,20615,6.75,0.15
3550,2021-05-06,MOL,2679,1214,1465,2081,598,ITF,ITF2,14,Molise,Molise,305617,23294,7.62,0.88
3551,2021-03-17,MOL,908,385,523,576,332,ITF,ITF2,14,Molise,Molise,305617,24202,7.92,0.3
3552,2021-06-25,MOL,3410,1680,1730,1513,1897,ITF,ITF2,14,Molise,Molise,305617,27612,9.03,1.12
3553,2021-06-27,MOL,1828,864,964,605,1223,ITF,ITF2,14,Molise,Molise,305617,29440,9.63,0.6
3554,2021-01-07,MOL,598,209,389,598,0,ITF,ITF2,14,Molise,Molise,305617,30038,9.83,0.2
3555,2021-02-12,MOL,332,150,182,208,124,ITF,ITF2,14,Molise,Molise,305617,30370,9.94,0.11
3556,2021-03-15,MOL,832,338,494,587,245,ITF,ITF2,14,Molise,Molise,305617,31202,10.21,0.27
3557,2021-05-01,MOL,2647,1268,1379,424,2223,ITF,ITF2,14,Molise,Molise,305617,33849,11.08,0.87
3558,2021-03-05,MOL,1219,649,570,1015,204,ITF,ITF2,14,Molise,Molise,305617,35068,11.47,0.4
3559,2021-06-13,MOL,2785,1485,1300,2460,325,ITF,ITF2,14,Molise,Molise,305617,37853,12.39,0.91
3560,2021-04-17,MOL,3054,1501,1553,1568,1486,ITF,ITF2,14,Molise,Molise,305617,40907,13.39,1.0
3561,2021-06-20,MOL,421,174,247,51,370,ITF,ITF2,14,Molise,Molise,305617,41328,13.52,0.14
3562,2021-04-24,MOL,2551,1202,1349,710,1841,ITF,ITF2,14,Molise,Molise,305617,43879,14.36,0.83
3563,2021-02-26,MOL,563,260,303,490,73,ITF,ITF2,14,Molise,Molise,305617,44442,14.54,0.18
3564,2021-06-06,MOL,2060,1059,1001,1737,323,ITF,ITF2,14,Molise,Molise,305617,46502,15.22,0.67
3565,2021-01-12,MOL,336,114,222,336,0,ITF,ITF2,14,Molise,Molise,305617,46838,15.33,0.11
3566,2021-02-24,MOL,666,278,388,333,333,ITF,ITF2,14,Molise,Molise,305617,47504,15.54,0.22
3567,2021-01-19,MOL,173,63,110,162,11,ITF,ITF2,14,Molise,Molise,305617,47677,15.6,0.06
3568,2021-04-29,MOL,2238,1145,1093,891,1347,ITF,ITF2,14,Molise,Molise,305617,49915,16.33,0.73
3569,2021-04-12,MOL,1299,557,742,1048,251,ITF,ITF2,14,Molise,Molise,305617,51214,16.76,0.43
3570,2021-03-07,MOL,1132,501,631,1130,2,ITF,ITF2,14,Molise,Molise,305617,52346,17.13,0.37
3571,2021-06-15,MOL,2215,1042,1173,764,1451,ITF,ITF2,14,Molise,Molise,305617,54561,17.85,0.72
3572,2021-06-17,MOL,2307,1017,1290,938,1369,ITF,ITF2,14,Molise,Molise,305617,56868,18.61,0.75
3573,2021-03-31,MOL,2193,919,1274,1374,819,ITF,ITF2,14,Molise,Molise,305617,59061,19.33,0.72
3574,2021-05-25,MOL,1963,887,1076,1333,630,ITF,ITF2,14,Molise,Molise,305617,61024,19.97,0.64
3575,2021-01-04,MOL,314,131,183,314,0,ITF,ITF2,14,Molise,Molise,305617,61338,20.07,0.1
3576,2021-04-14,MOL,1806,767,1039,1145,661,ITF,ITF2,14,Molise,Molise,305617,63144,20.66,0.59
3577,2021-02-16,MOL,156,70,86,150,6,ITF,ITF2,14,Molise,Molise,305617,63300,20.71,0.05
3578,2021-05-27,MOL,2834,1348,1486,1998,836,ITF,ITF2,14,Molise,Molise,305617,66134,21.64,0.93
3579,2021-05-29,MOL,2350,1223,1127,1960,390,ITF,ITF2,14,Molise,Molise,305617,68484,22.41,0.77
3580,2021-05-13,MOL,3039,1410,1629,2582,457,ITF,ITF2,14,Molise,Molise,305617,71523,23.4,0.99
3581,2021-04-28,MOL,1693,923,770,476,1217,ITF,ITF2,14,Molise,Molise,305617,73216,23.96,0.55
3582,2021-02-21,MOL,574,227,347,572,2,ITF,ITF2,14,Molise,Molise,305617,73790,24.14,0.19
3583,2021-02-04,MOL,758,295,463,77,681,ITF,ITF2,14,Molise,Molise,305617,74548,24.39,0.25
3584,2021-05-15,MOL,2980,1398,1582,2596,384,ITF,ITF2,14,Molise,Molise,305617,77528,25.37,0.98
3585,2021-06-24,MOL,3303,1541,1762,468,2835,ITF,ITF2,14,Molise,Molise,305617,80831,26.45,1.08
3586,2021-03-02,MOL,667,383,284,509,158,ITF,ITF2,14,Molise,Molise,305617,81498,26.67,0.22
3587,2021-06-10,MOL,2571,1182,1389,1270,1301,ITF,ITF2,14,Molise,Molise,305617,84069,27.51,0.84
3588,2021-04-02,MOL,1455,709,746,678,777,ITF,ITF2,14,Molise,Molise,305617,85524,27.98,0.48
3589,2021-06-08,MOL,2885,1593,1292,2189,696,ITF,ITF2,14,Molise,Molise,305617,88409,28.93,0.94
3590,2021-01-09,MOL,450,152,298,450,0,ITF,ITF2,14,Molise,Molise,305617,88859,29.08,0.15
3591,2021-04-19,MOL,1827,842,985,1049,778,ITF,ITF2,14,Molise,Molise,305617,90686,29.67,0.6
3592,2021-03-19,MOL,1184,482,702,757,427,ITF,ITF2,14,Molise,Molise,305617,91870,30.06,0.39
3593,2021-01-21,MOL,6,2,4,6,0,ITF,ITF2,14,Molise,Molise,305617,91876,30.06,0.0
3594,2021-01-28,MOL,613,217,396,17,596,ITF,ITF2,14,Molise,Molise,305617,92489,30.26,0.2
3595,2021-03-12,MOL,1459,637,822,1423,36,ITF,ITF2,14,Molise,Molise,305617,93948,30.74,0.48
3596,2021-01-14,MOL,646,239,407,646,0,ITF,ITF2,14,Molise,Molise,305617,94594,30.95,0.21
3597,2021-03-26,MOL,2575,1045,1530,1933,642,ITF,ITF2,14,Molise,Molise,305617,97169,31.79,0.84
3598,2021-02-18,MOL,319,74,245,306,13,ITF,ITF2,14,Molise,Molise,305617,97488,31.9,0.1
3599,2021-03-03,MOL,672,316,356,590,82,ITF,ITF2,14,Molise,Molise,305617,98160,32.12,0.22
3600,2021-01-05,MOL,449,180,269,449,0,ITF,ITF2,14,Molise,Molise,305617,98609,32.27,0.15
3601,2021-05-10,MOL,2890,1285,1605,2517,373,ITF,ITF2,14,Molise,Molise,305617,101499,33.21,0.95
3602,2021-06-29,MOL,2453,1143,1310,399,2054,ITF,ITF2,14,Molise,Molise,305617,103952,34.01,0.8
3603,2021-05-03,MOL,2485,1165,1320,2322,163,ITF,ITF2,14,Molise,Molise,305617,106437,34.83,0.81
3604,2021-02-23,MOL,582,223,359,363,219,ITF,ITF2,14,Molise,Molise,305617,107019,35.02,0.19
3605,2021-06-03,MOL,3291,1566,1725,2737,554,ITF,ITF2,14,Molise,Molise,305617,110310,36.09,1.08
3606,2021-04-07,MOL,1688,847,841,1413,275,ITF,ITF2,14,Molise,Molise,305617,111998,36.65,0.55
3607,2021-06-05,MOL,2964,1503,1461,2810,154,ITF,ITF2,14,Molise,Molise,305617,114962,37.62,0.97
3608,2021-03-04,MOL,850,417,433,526,324,ITF,ITF2,14,Molise,Molise,305617,115812,37.89,0.28
3609,2021-06-12,MOL,3400,1748,1652,3290,110,ITF,ITF2,14,Molise,Molise,305617,119212,39.01,1.11
3610,2021-02-09,MOL,359,170,189,197,162,ITF,ITF2,14,Molise,Molise,305617,119571,39.12,0.12
3611,2021-03-11,MOL,1465,637,828,1459,6,ITF,ITF2,14,Molise,Molise,305617,121036,39.6,0.48
3612,2021-01-06,MOL,689,260,429,689,0,ITF,ITF2,14,Molise,Molise,305617,121725,39.83,0.23
3613,2021-02-02,MOL,539,176,363,216,323,ITF,ITF2,14,Molise,Molise,305617,122264,40.01,0.18
3614,2021-01-16,MOL,420,166,254,420,0,ITF,ITF2,14,Molise,Molise,305617,122684,40.14,0.14
3615,2021-04-26,MOL,1157,521,636,826,331,ITF,ITF2,14,Molise,Molise,305617,123841,40.52,0.38
3616,2021-04-09,MOL,2324,1251,1073,2133,191,ITF,ITF2,14,Molise,Molise,305617,126165,41.28,0.76
3617,2021-01-18,MOL,114,48,66,114,0,ITF,ITF2,14,Molise,Molise,305617,126279,41.32,0.04
3618,2021-04-11,MOL,1196,591,605,1182,14,ITF,ITF2,14,Molise,Molise,305617,127475,41.71,0.39
3619,2021-07-03,MOL,1384,700,684,124,1260,ITF,ITF2,14,Molise,Molise,305617,128859,42.16,0.45
3620,2021-05-08,MOL,2974,1455,1519,1730,1244,ITF,ITF2,14,Molise,Molise,305617,131833,43.14,0.97
3621,2021-04-21,MOL,1864,789,1075,969,895,ITF,ITF2,14,Molise,Molise,305617,133697,43.75,0.61
3622,2021-02-11,MOL,293,133,160,257,36,ITF,ITF2,14,Molise,Molise,305617,133990,43.84,0.1
3623,2021-05-22,MOL,1315,712,603,1231,84,ITF,ITF2,14,Molise,Molise,305617,135305,44.27,0.43
3624,2021-03-09,MOL,1329,579,750,1177,152,ITF,ITF2,14,Molise,Molise,305617,136634,44.71,0.43
3625,2021-02-20,MOL,1018,441,577,998,20,ITF,ITF2,14,Molise,Molise,305617,137652,45.04,0.33
3626,2021-05-31,MOL,2356,1144,1212,1938,418,ITF,ITF2,14,Molise,Molise,305617,140008,45.81,0.77
3627,2021-05-14,MOL,2644,1215,1429,1926,718,ITF,ITF2,14,Molise,Molise,305617,142652,46.68,0.87
3628,2021-06-02,MOL,2805,1355,1450,2706,99,ITF,ITF2,14,Molise,Molise,305617,145457,47.59,0.92
3629,2021-05-26,MOL,1548,697,851,794,754,ITF,ITF2,14,Molise,Molise,305617,147005,48.1,0.51
3630,2021-03-30,MOL,2003,857,1146,1491,512,ITF,ITF2,14,Molise,Molise,305617,149008,48.76,0.66
3631,2021-02-01,MOL,562,201,361,14,548,ITF,ITF2,14,Molise,Molise,305617,149570,48.94,0.18
3632,2021-05-12,MOL,2852,1294,1558,2756,96,ITF,ITF2,14,Molise,Molise,305617,152422,49.87,0.93
3633,2021-05-17,MOL,2228,1092,1136,1732,496,ITF,ITF2,14,Molise,Molise,305617,154650,50.6,0.73
3634,2021-03-21,MOL,1246,542,704,479,767,ITF,ITF2,14,Molise,Molise,305617,155896,51.01,0.41
3635,2021-03-14,MOL,596,240,356,17,579,ITF,ITF2,14,Molise,Molise,305617,156492,51.21,0.2
3636,2021-06-22,MOL,2959,1368,1591,685,2274,ITF,ITF2,14,Molise,Molise,305617,159451,52.17,0.97
3637,2021-03-28,MOL,1626,747,879,524,1102,ITF,ITF2,14,Molise,Molise,305617,161077,52.71,0.53
3638,2021-01-30,MOL,461,158,303,12,449,ITF,ITF2,14,Molise,Molise,305617,161538,52.86,0.15
3639,2021-03-25,MOL,1806,730,1076,1309,497,ITF,ITF2,14,Molise,Molise,305617,163344,53.45,0.59
3640,2021-03-08,MOL,1379,522,857,1239,140,ITF,ITF2,14,Molise,Molise,305617,164723,53.9,0.45
3641,2021-06-16,MOL,2002,1013,989,1147,855,ITF,ITF2,14,Molise,Molise,305617,166725,54.55,0.66
3642,2021-06-14,MOL,1627,810,817,552,1075,ITF,ITF2,14,Molise,Molise,305617,168352,55.09,0.53
3643,2021-01-20,MOL,18,8,10,18,0,ITF,ITF2,14,Molise,Molise,305617,168370,55.09,0.01
3644,2021-04-30,MOL,2937,1556,1381,830,2107,ITF,ITF2,14,Molise,Molise,305617,171307,56.05,0.96
3645,2021-02-25,MOL,541,239,302,473,68,ITF,ITF2,14,Molise,Molise,305617,171848,56.23,0.18
3646,2021-04-16,MOL,2430,1033,1397,1198,1232,ITF,ITF2,14,Molise,Molise,305617,174278,57.02,0.8
3647,2021-06-21,MOL,2900,1350,1550,1669,1231,ITF,ITF2,14,Molise,Molise,305617,177178,57.97,0.95
3648,2021-04-25,MOL,792,395,397,559,233,ITF,ITF2,14,Molise,Molise,305617,177970,58.23,0.26
3649,2021-01-13,MOL,474,160,314,474,0,ITF,ITF2,14,Molise,Molise,305617,178444,58.39,0.16
3650,2021-06-19,MOL,2326,1156,1170,1316,1010,ITF,ITF2,14,Molise,Molise,305617,180770,59.15,0.76
3651,2021-04-23,MOL,2050,882,1168,1391,659,ITF,ITF2,14,Molise,Molise,305617,182820,59.82,0.67
3652,2021-06-30,MOL,2898,1377,1521,931,1967,ITF,ITF2,14,Molise,Molise,305617,185718,60.77,0.95
3653,2021-02-03,MOL,731,249,482,338,393,ITF,ITF2,14,Molise,Molise,305617,186449,61.01,0.24
3654,2021-04-27,MOL,1594,768,826,465,1129,ITF,ITF2,14,Molise,Molise,305617,188043,61.53,0.52
3655,2021-05-16,MOL,1247,571,676,1065,182,ITF,ITF2,14,Molise,Molise,305617,189290,61.94,0.41
3656,2021-03-16,MOL,614,230,384,267,347,ITF,ITF2,14,Molise,Molise,305617,189904,62.14,0.2
3657,2021-01-11,MOL,557,194,363,557,0,ITF,ITF2,14,Molise,Molise,305617,190461,62.32,0.18
3658,2021-01-25,MOL,319,130,189,3,316,ITF,ITF2,14,Molise,Molise,305617,190780,62.42,0.1
3659,2021-02-06,MOL,429,179,250,29,400,ITF,ITF2,14,Molise,Molise,305617,191209,62.56,0.14
3660,2021-04-06,MOL,1494,701,793,1151,343,ITF,ITF2,14,Molise,Molise,305617,192703,63.05,0.49
3661,2021-02-08,MOL,334,141,193,216,118,ITF,ITF2,14,Molise,Molise,305617,193037,63.16,0.11
3662,2021-05-19,MOL,2341,1205,1136,1916,425,ITF,ITF2,14,Molise,Molise,305617,195378,63.93,0.77
3663,2021-03-23,MOL,1642,694,948,1435,207,ITF,ITF2,14,Molise,Molise,305617,197020,64.47,0.54
3664,2021-07-01,MOL,2647,1288,1359,277,2370,ITF,ITF2,14,Molise,Molise,305617,199667,65.33,0.87
3665,2021-02-15,MOL,144,70,74,141,3,ITF,ITF2,14,Molise,Molise,305617,199811,65.38,0.05
3666,2021-04-13,MOL,1632,718,914,1045,587,ITF,ITF2,14,Molise,Molise,305617,201443,65.91,0.53
3667,2021-03-27,MOL,2743,1273,1470,1310,1433,ITF,ITF2,14,Molise,Molise,305617,204186,66.81,0.9
3668,2021-06-18,MOL,2754,1246,1508,1307,1447,ITF,ITF2,14,Molise,Molise,305617,206940,67.71,0.9
3669,2021-05-30,MOL,1862,928,934,1577,285,ITF,ITF2,14,Molise,Molise,305617,208802,68.32,0.61
3670,2021-03-13,MOL,1189,594,595,200,989,ITF,ITF2,14,Molise,Molise,305617,209991,68.71,0.39
3671,2021-01-15,MOL,538,242,296,538,0,ITF,ITF2,14,Molise,Molise,305617,210529,68.89,0.18
3672,2021-06-23,MOL,2787,1284,1503,230,2557,ITF,ITF2,14,Molise,Molise,305617,213316,69.8,0.91
3673,2021-03-20,MOL,2321,968,1353,1000,1321,ITF,ITF2,14,Molise,Molise,305617,215637,70.56,0.76
3674,2021-06-04,MOL,3037,1490,1547,2595,442,ITF,ITF2,14,Molise,Molise,305617,218674,71.55,0.99
3675,2021-04-08,MOL,1766,903,863,1564,202,ITF,ITF2,14,Molise,Molise,305617,220440,72.13,0.58
3676,2021-04-22,MOL,1845,864,981,1066,779,ITF,ITF2,14,Molise,Molise,305617,222285,72.73,0.6
3677,2021-02-17,MOL,72,32,40,57,15,ITF,ITF2,14,Molise,Molise,305617,222357,72.76,0.02
3678,2021-05-28,MOL,2648,1363,1285,2101,547,ITF,ITF2,14,Molise,Molise,305617,225005,73.62,0.87
3679,2021-06-11,MOL,3442,1654,1788,2014,1428,ITF,ITF2,14,Molise,Molise,305617,228447,74.75,1.13
3680,2021-01-29,MOL,421,136,285,6,415,ITF,ITF2,14,Molise,Molise,305617,228868,74.89,0.14
3681,2021-05-09,MOL,2052,933,1119,1956,96,ITF,ITF2,14,Molise,Molise,305617,230920,75.56,0.67
3682,2021-05-11,MOL,3207,1414,1793,2957,250,ITF,ITF2,14,Molise,Molise,305617,234127,76.61,1.05
3683,2021-01-22,MOL,128,36,92,128,0,ITF,ITF2,14,Molise,Molise,305617,234255,76.65,0.04
3684,2021-05-02,MOL,1893,932,961,588,1305,ITF,ITF2,14,Molise,Molise,305617,236148,77.27,0.62
3685,2021-03-06,MOL,1728,807,921,1569,159,ITF,ITF2,14,Molise,Molise,305617,237876,77.83,0.57
3686,2021-05-05,MOL,2414,1042,1372,2273,141,ITF,ITF2,14,Molise,Molise,305617,240290,78.62,0.79
3687,2021-05-04,MOL,2705,1181,1524,2577,128,ITF,ITF2,14,Molise,Molise,305617,242995,79.51,0.89
3688,2021-01-10,MOL,270,72,198,270,0,ITF,ITF2,14,Molise,Molise,305617,243265,79.6,0.09
3689,2021-04-20,MOL,2318,1025,1293,1220,1098,ITF,ITF2,14,Molise,Molise,305617,245583,80.36,0.76
3690,2021-06-09,MOL,1023,565,458,523,500,ITF,ITF2,14,Molise,Molise,305617,246606,80.69,0.33
3691,2021-05-23,MOL,1700,864,836,1695,5,ITF,ITF2,14,Molise,Molise,305617,248306,81.25,0.56
3692,2021-03-01,MOL,662,274,388,447,215,ITF,ITF2,14,Molise,Molise,305617,248968,81.46,0.22
3693,2021-04-03,MOL,1773,851,922,1738,35,ITF,ITF2,14,Molise,Molise,305617,250741,82.04,0.58
3694,2021-02-22,MOL,265,129,136,250,15,ITF,ITF2,14,Molise,Molise,305617,251006,82.13,0.09
3695,2020-12-27,MOL,50,20,30,50,0,ITF,ITF2,14,Molise,Molise,305617,251056,82.15,0.02
3696,2021-04-15,MOL,1926,794,1132,1081,845,ITF,ITF2,14,Molise,Molise,305617,252982,82.78,0.63
3697,2021-06-28,MOL,2881,1343,1538,1011,1870,ITF,ITF2,14,Molise,Molise,305617,255863,83.72,0.94
3698,2021-02-28,MOL,832,334,498,790,42,ITF,ITF2,14,Molise,Molise,305617,256695,83.99,0.27
3699,2021-02-27,MOL,1366,568,798,1347,19,ITF,ITF2,14,Molise,Molise,305617,258061,84.44,0.45
3700,2021-06-07,MOL,1952,858,1094,1133,819,ITF,ITF2,14,Molise,Molise,305617,260013,85.08,0.64
3701,2021-02-13,MOL,132,80,52,132,0,ITF,ITF2,14,Molise,Molise,305617,260145,85.12,0.04
3702,2021-05-24,MOL,1964,853,1111,1298,666,ITF,ITF2,14,Molise,Molise,305617,262109,85.76,0.64
3703,2021-05-07,MOL,2643,1228,1415,2046,597,ITF,ITF2,14,Molise,Molise,305617,264752,86.63,0.86
3704,2021-04-18,MOL,1083,483,600,149,934,ITF,ITF2,14,Molise,Molise,305617,265835,86.98,0.35
3705,2021-04-04,MOL,253,141,112,238,15,ITF,ITF2,14,Molise,Molise,305617,266088,87.07,0.08
3706,2021-03-18,MOL,1156,476,680,692,464,ITF,ITF2,14,Molise,Molise,305617,267244,87.44,0.38
3707,2021-06-26,MOL,3116,1527,1589,536,2580,ITF,ITF2,14,Molise,Molise,305617,270360,88.46,1.02
3708,2021-02-10,MOL,151,79,72,131,20,ITF,ITF2,14,Molise,Molise,305617,270511,88.51,0.05
3709,2021-05-21,MOL,2098,1051,1047,1776,322,ITF,ITF2,14,Molise,Molise,305617,272609,89.2,0.69
3710,2021-01-27,MOL,674,251,423,8,666,ITF,ITF2,14,Molise,Molise,305617,273283,89.42,0.22
3711,2021-01-08,MOL,429,141,288,429,0,ITF,ITF2,14,Molise,Molise,305617,273712,89.56,0.14
3712,2021-04-01,MOL,1469,667,802,743,726,ITF,ITF2,14,Molise,Molise,305617,275181,90.04,0.48
3713,2021-01-22,BAS,67,24,43,67,0,ITF,ITF5,17,Basilicata,Basilicata,559084,67,0.01,0.01
3714,2021-05-02,BAS,4180,2001,2179,3551,629,ITF,ITF5,17,Basilicata,Basilicata,559084,4247,0.76,0.75
3715,2021-04-15,BAS,3386,1659,1727,2632,754,ITF,ITF5,17,Basilicata,Basilicata,559084,7633,1.37,0.61
3716,2021-01-03,BAS,901,344,557,901,0,ITF,ITF5,17,Basilicata,Basilicata,559084,8534,1.53,0.16
3717,2021-06-04,BAS,4829,2286,2543,3783,1046,ITF,ITF5,17,Basilicata,Basilicata,559084,13363,2.39,0.86
3718,2021-02-24,BAS,1803,743,1060,1734,69,ITF,ITF5,17,Basilicata,Basilicata,559084,15166,2.71,0.32
3719,2021-02-22,BAS,1790,773,1017,1737,53,ITF,ITF5,17,Basilicata,Basilicata,559084,16956,3.03,0.32
3720,2021-06-23,BAS,3307,1555,1752,2432,875,ITF,ITF5,17,Basilicata,Basilicata,559084,20263,3.62,0.59
3721,2021-01-10,BAS,77,24,53,77,0,ITF,ITF5,17,Basilicata,Basilicata,559084,20340,3.64,0.01
3722,2021-04-20,BAS,4035,1921,2114,2202,1833,ITF,ITF5,17,Basilicata,Basilicata,559084,24375,4.36,0.72
3723,2021-01-08,BAS,554,219,335,554,0,ITF,ITF5,17,Basilicata,Basilicata,559084,24929,4.46,0.1
3724,2021-03-15,BAS,2360,986,1374,524,1836,ITF,ITF5,17,Basilicata,Basilicata,559084,27289,4.88,0.42
3725,2021-01-17,BAS,328,133,195,327,1,ITF,ITF5,17,Basilicata,Basilicata,559084,27617,4.94,0.06
3726,2021-04-27,BAS,4727,2242,2485,4402,325,ITF,ITF5,17,Basilicata,Basilicata,559084,32344,5.79,0.85
3727,2021-05-04,BAS,4137,1991,2146,3614,523,ITF,ITF5,17,Basilicata,Basilicata,559084,36481,6.53,0.74
3728,2021-03-08,BAS,1460,713,747,847,613,ITF,ITF5,17,Basilicata,Basilicata,559084,37941,6.79,0.26
3729,2021-06-16,BAS,4590,2082,2508,2136,2454,ITF,ITF5,17,Basilicata,Basilicata,559084,42531,7.61,0.82
3730,2021-06-09,BAS,4423,2072,2351,3999,424,ITF,ITF5,17,Basilicata,Basilicata,559084,46954,8.4,0.79
3731,2021-04-13,BAS,2113,1051,1062,1296,817,ITF,ITF5,17,Basilicata,Basilicata,559084,49067,8.78,0.38
3732,2021-03-01,BAS,548,284,264,382,166,ITF,ITF5,17,Basilicata,Basilicata,559084,49615,8.87,0.1
3733,2021-01-15,BAS,814,351,463,814,0,ITF,ITF5,17,Basilicata,Basilicata,559084,50429,9.02,0.15
3734,2020-12-27,BAS,106,41,65,106,0,ITF,ITF5,17,Basilicata,Basilicata,559084,50535,9.04,0.02
3735,2021-03-20,BAS,1294,573,721,281,1013,ITF,ITF5,17,Basilicata,Basilicata,559084,51829,9.27,0.23
3736,2021-06-28,BAS,3603,1724,1879,2094,1509,ITF,ITF5,17,Basilicata,Basilicata,559084,55432,9.91,0.64
3737,2021-03-06,BAS,1359,537,822,760,599,ITF,ITF5,17,Basilicata,Basilicata,559084,56791,10.16,0.24
3738,2021-04-08,BAS,766,351,415,756,10,ITF,ITF5,17,Basilicata,Basilicata,559084,57557,10.29,0.14
3739,2021-04-22,BAS,5036,2346,2690,3433,1603,ITF,ITF5,17,Basilicata,Basilicata,559084,62593,11.2,0.9
3740,2021-06-30,BAS,3390,1634,1756,2278,1112,ITF,ITF5,17,Basilicata,Basilicata,559084,65983,11.8,0.61
3741,2021-02-17,BAS,1135,493,642,1059,76,ITF,ITF5,17,Basilicata,Basilicata,559084,67118,12.0,0.2
3742,2021-05-28,BAS,3614,1809,1805,951,2663,ITF,ITF5,17,Basilicata,Basilicata,559084,70732,12.65,0.65
3743,2021-06-11,BAS,4224,1975,2249,3195,1029,ITF,ITF5,17,Basilicata,Basilicata,559084,74956,13.41,0.76
3744,2021-03-25,BAS,1885,604,1281,1541,344,ITF,ITF5,17,Basilicata,Basilicata,559084,76841,13.74,0.34
3745,2021-01-27,BAS,412,175,237,113,299,ITF,ITF5,17,Basilicata,Basilicata,559084,77253,13.82,0.07
3746,2021-02-10,BAS,548,238,310,496,52,ITF,ITF5,17,Basilicata,Basilicata,559084,77801,13.92,0.1
3747,2021-05-21,BAS,4574,2320,2254,1491,3083,ITF,ITF5,17,Basilicata,Basilicata,559084,82375,14.73,0.82
3748,2021-04-01,BAS,2697,1107,1590,1976,721,ITF,ITF5,17,Basilicata,Basilicata,559084,85072,15.22,0.48
3749,2021-02-03,BAS,669,301,368,32,637,ITF,ITF5,17,Basilicata,Basilicata,559084,85741,15.34,0.12
3750,2021-05-30,BAS,2774,1419,1355,922,1852,ITF,ITF5,17,Basilicata,Basilicata,559084,88515,15.83,0.5
3751,2021-04-03,BAS,1808,749,1059,1472,336,ITF,ITF5,17,Basilicata,Basilicata,559084,90323,16.16,0.32
3752,2021-02-05,BAS,987,444,543,64,923,ITF,ITF5,17,Basilicata,Basilicata,559084,91310,16.33,0.18
3753,2021-05-16,BAS,4972,2468,2504,2859,2113,ITF,ITF5,17,Basilicata,Basilicata,559084,96282,17.22,0.89
3754,2021-04-17,BAS,3461,1655,1806,2199,1262,ITF,ITF5,17,Basilicata,Basilicata,559084,99743,17.84,0.62
3755,2021-03-29,BAS,2434,880,1554,2147,287,ITF,ITF5,17,Basilicata,Basilicata,559084,102177,18.28,0.44
3756,2021-01-05,BAS,946,409,537,946,0,ITF,ITF5,17,Basilicata,Basilicata,559084,103123,18.44,0.17
3757,2021-06-27,BAS,2951,1449,1502,2335,616,ITF,ITF5,17,Basilicata,Basilicata,559084,106074,18.97,0.53
3758,2021-04-29,BAS,4831,2385,2446,4410,421,ITF,ITF5,17,Basilicata,Basilicata,559084,110905,19.84,0.86
3759,2021-03-17,BAS,1455,610,845,28,1427,ITF,ITF5,17,Basilicata,Basilicata,559084,112360,20.1,0.26
3760,2021-01-19,BAS,199,84,115,199,0,ITF,ITF5,17,Basilicata,Basilicata,559084,112559,20.13,0.04
3761,2021-06-25,BAS,3274,1552,1722,2444,830,ITF,ITF5,17,Basilicata,Basilicata,559084,115833,20.72,0.59
3762,2021-06-18,BAS,4451,2058,2393,2193,2258,ITF,ITF5,17,Basilicata,Basilicata,559084,120284,21.51,0.8
3763,2021-01-24,BAS,842,305,537,58,784,ITF,ITF5,17,Basilicata,Basilicata,559084,121126,21.67,0.15
3764,2021-05-13,BAS,5985,2967,3018,3389,2596,ITF,ITF5,17,Basilicata,Basilicata,559084,127111,22.74,1.07
3765,2021-05-08,BAS,4835,2399,2436,3429,1406,ITF,ITF5,17,Basilicata,Basilicata,559084,131946,23.6,0.86
3766,2021-03-13,BAS,1798,890,908,753,1045,ITF,ITF5,17,Basilicata,Basilicata,559084,133744,23.92,0.32
3767,2021-02-07,BAS,375,159,216,49,326,ITF,ITF5,17,Basilicata,Basilicata,559084,134119,23.99,0.07
3768,2021-05-18,BAS,5897,2857,3040,3405,2492,ITF,ITF5,17,Basilicata,Basilicata,559084,140016,25.04,1.05
3769,2021-05-01,BAS,4704,2137,2567,3953,751,ITF,ITF5,17,Basilicata,Basilicata,559084,144720,25.89,0.84
3770,2021-05-11,BAS,2653,1353,1300,1620,1033,ITF,ITF5,17,Basilicata,Basilicata,559084,147373,26.36,0.47
3771,2021-04-05,BAS,724,233,491,422,302,ITF,ITF5,17,Basilicata,Basilicata,559084,148097,26.49,0.13
3772,2021-03-22,BAS,1188,536,652,640,548,ITF,ITF5,17,Basilicata,Basilicata,559084,149285,26.7,0.21
3773,2021-03-03,BAS,1747,817,930,1188,559,ITF,ITF5,17,Basilicata,Basilicata,559084,151032,27.01,0.31
3774,2021-05-25,BAS,4195,2112,2083,874,3321,ITF,ITF5,17,Basilicata,Basilicata,559084,155227,27.76,0.75
3775,2021-05-09,BAS,4683,2339,2344,2989,1694,ITF,ITF5,17,Basilicata,Basilicata,559084,159910,28.6,0.84
3776,2021-02-15,BAS,622,232,390,580,42,ITF,ITF5,17,Basilicata,Basilicata,559084,160532,28.71,0.11
3777,2021-01-29,BAS,617,231,386,63,554,ITF,ITF5,17,Basilicata,Basilicata,559084,161149,28.82,0.11
3778,2021-03-05,BAS,1855,857,998,1109,746,ITF,ITF5,17,Basilicata,Basilicata,559084,163004,29.16,0.33
3779,2021-06-13,BAS,3009,1437,1572,2701,308,ITF,ITF5,17,Basilicata,Basilicata,559084,166013,29.69,0.54
3780,2021-05-27,BAS,3602,1855,1747,1073,2529,ITF,ITF5,17,Basilicata,Basilicata,559084,169615,30.34,0.64
3781,2021-04-24,BAS,4542,2197,2345,3529,1013,ITF,ITF5,17,Basilicata,Basilicata,559084,174157,31.15,0.81
3782,2021-06-01,BAS,6134,2925,3209,3059,3075,ITF,ITF5,17,Basilicata,Basilicata,559084,180291,32.25,1.1
3783,2021-06-08,BAS,4578,2187,2391,4220,358,ITF,ITF5,17,Basilicata,Basilicata,559084,184869,33.07,0.82
3784,2021-04-12,BAS,2172,1052,1120,1683,489,ITF,ITF5,17,Basilicata,Basilicata,559084,187041,33.45,0.39
3785,2021-06-20,BAS,4004,1879,2125,1968,2036,ITF,ITF5,17,Basilicata,Basilicata,559084,191045,34.17,0.72
3786,2021-03-14,BAS,1010,477,533,541,469,ITF,ITF5,17,Basilicata,Basilicata,559084,192055,34.35,0.18
3787,2021-03-31,BAS,3094,1258,1836,2312,782,ITF,ITF5,17,Basilicata,Basilicata,559084,195149,34.91,0.55
3788,2021-05-23,BAS,4517,2302,2215,1533,2984,ITF,ITF5,17,Basilicata,Basilicata,559084,199666,35.71,0.81
3789,2021-03-27,BAS,2248,860,1388,1820,428,ITF,ITF5,17,Basilicata,Basilicata,559084,201914,36.12,0.4
3790,2021-01-07,BAS,641,319,322,641,0,ITF,ITF5,17,Basilicata,Basilicata,559084,202555,36.23,0.11
3791,2021-02-19,BAS,1623,738,885,1561,62,ITF,ITF5,17,Basilicata,Basilicata,559084,204178,36.52,0.29
3792,2021-03-24,BAS,1897,724,1173,1499,398,ITF,ITF5,17,Basilicata,Basilicata,559084,206075,36.86,0.34
3793,2021-07-02,BAS,3570,1758,1812,2400,1170,ITF,ITF5,17,Basilicata,Basilicata,559084,209645,37.5,0.64
3794,2021-03-10,BAS,1680,842,838,841,839,ITF,ITF5,17,Basilicata,Basilicata,559084,211325,37.8,0.3
3795,2021-01-26,BAS,800,353,447,101,699,ITF,ITF5,17,Basilicata,Basilicata,559084,212125,37.94,0.14
3796,2021-05-06,BAS,5052,2435,2617,3483,1569,ITF,ITF5,17,Basilicata,Basilicata,559084,217177,38.85,0.9
3797,2021-05-15,BAS,6529,3344,3185,3958,2571,ITF,ITF5,17,Basilicata,Basilicata,559084,223706,40.01,1.17
3798,2021-04-02,BAS,2317,1046,1271,1713,604,ITF,ITF5,17,Basilicata,Basilicata,559084,226023,40.43,0.41
3799,2021-02-04,BAS,1098,442,656,63,1035,ITF,ITF5,17,Basilicata,Basilicata,559084,227121,40.62,0.2
3800,2021-02-02,BAS,367,143,224,175,192,ITF,ITF5,17,Basilicata,Basilicata,559084,227488,40.69,0.07
3801,2021-02-26,BAS,2150,904,1246,2070,80,ITF,ITF5,17,Basilicata,Basilicata,559084,229638,41.07,0.38
3802,2021-05-20,BAS,5854,2963,2891,2889,2965,ITF,ITF5,17,Basilicata,Basilicata,559084,235492,42.12,1.05
3803,2021-06-06,BAS,4502,2070,2432,3723,779,ITF,ITF5,17,Basilicata,Basilicata,559084,239994,42.93,0.81
3804,2021-04-14,BAS,2042,1000,1042,1368,674,ITF,ITF5,17,Basilicata,Basilicata,559084,242036,43.29,0.37
3805,2021-01-21,BAS,30,10,20,30,0,ITF,ITF5,17,Basilicata,Basilicata,559084,242066,43.3,0.01
3806,2021-01-04,BAS,607,271,336,607,0,ITF,ITF5,17,Basilicata,Basilicata,559084,242673,43.41,0.11
3807,2021-02-14,BAS,151,48,103,151,0,ITF,ITF5,17,Basilicata,Basilicata,559084,242824,43.43,0.03
3808,2021-01-31,BAS,77,24,53,0,77,ITF,ITF5,17,Basilicata,Basilicata,559084,242901,43.45,0.01
3809,2021-01-12,BAS,217,88,129,217,0,ITF,ITF5,17,Basilicata,Basilicata,559084,243118,43.49,0.04
3810,2021-05-10,BAS,4804,2382,2422,2762,2042,ITF,ITF5,17,Basilicata,Basilicata,559084,247922,44.34,0.86
3811,2021-06-22,BAS,4363,2069,2294,2261,2102,ITF,ITF5,17,Basilicata,Basilicata,559084,252285,45.12,0.78
3812,2021-06-05,BAS,4796,2206,2590,3853,943,ITF,ITF5,17,Basilicata,Basilicata,559084,257081,45.98,0.86
3813,2021-02-23,BAS,1901,771,1130,1763,138,ITF,ITF5,17,Basilicata,Basilicata,559084,258982,46.32,0.34
3814,2021-06-03,BAS,4918,2255,2663,3737,1181,ITF,ITF5,17,Basilicata,Basilicata,559084,263900,47.2,0.88
3815,2021-03-12,BAS,1907,981,926,806,1101,ITF,ITF5,17,Basilicata,Basilicata,559084,265807,47.54,0.34
3816,2021-05-17,BAS,5540,2732,2808,3408,2132,ITF,ITF5,17,Basilicata,Basilicata,559084,271347,48.53,0.99
3817,2021-04-19,BAS,4166,1913,2253,2528,1638,ITF,ITF5,17,Basilicata,Basilicata,559084,275513,49.28,0.75
3818,2021-06-15,BAS,3208,1406,1802,2233,975,ITF,ITF5,17,Basilicata,Basilicata,559084,278721,49.85,0.57
3819,2021-02-28,BAS,804,343,461,775,29,ITF,ITF5,17,Basilicata,Basilicata,559084,279525,50.0,0.14
3820,2021-01-02,BAS,950,381,569,950,0,ITF,ITF5,17,Basilicata,Basilicata,559084,280475,50.17,0.17
3821,2021-01-16,BAS,722,304,418,722,0,ITF,ITF5,17,Basilicata,Basilicata,559084,281197,50.3,0.13
3822,2021-04-26,BAS,4466,2165,2301,4245,221,ITF,ITF5,17,Basilicata,Basilicata,559084,285663,51.09,0.8
3823,2021-02-12,BAS,775,332,443,744,31,ITF,ITF5,17,Basilicata,Basilicata,559084,286438,51.23,0.14
3824,2021-04-10,BAS,1033,378,655,950,83,ITF,ITF5,17,Basilicata,Basilicata,559084,287471,51.42,0.18
3825,2021-06-24,BAS,4122,1950,2172,2219,1903,ITF,ITF5,17,Basilicata,Basilicata,559084,291593,52.16,0.74
3826,2021-04-28,BAS,4704,2158,2546,4263,441,ITF,ITF5,17,Basilicata,Basilicata,559084,296297,53.0,0.84
3827,2021-03-02,BAS,797,384,413,661,136,ITF,ITF5,17,Basilicata,Basilicata,559084,297094,53.14,0.14
3828,2021-06-10,BAS,4340,2099,2241,3899,441,ITF,ITF5,17,Basilicata,Basilicata,559084,301434,53.92,0.78
3829,2021-01-23,BAS,721,305,416,33,688,ITF,ITF5,17,Basilicata,Basilicata,559084,302155,54.04,0.13
3830,2021-05-03,BAS,4514,2043,2471,3686,828,ITF,ITF5,17,Basilicata,Basilicata,559084,306669,54.85,0.81
3831,2021-02-09,BAS,491,213,278,316,175,ITF,ITF5,17,Basilicata,Basilicata,559084,307160,54.94,0.09
3832,2021-06-21,BAS,4242,2038,2204,2151,2091,ITF,ITF5,17,Basilicata,Basilicata,559084,311402,55.7,0.76
3833,2021-02-11,BAS,952,401,551,869,83,ITF,ITF5,17,Basilicata,Basilicata,559084,312354,55.87,0.17
3834,2021-05-22,BAS,5488,2723,2765,1937,3551,ITF,ITF5,17,Basilicata,Basilicata,559084,317842,56.85,0.98
3835,2021-03-26,BAS,1955,703,1252,1695,260,ITF,ITF5,17,Basilicata,Basilicata,559084,319797,57.2,0.35
3836,2021-02-13,BAS,799,313,486,738,61,ITF,ITF5,17,Basilicata,Basilicata,559084,320596,57.34,0.14
3837,2021-05-24,BAS,4833,2343,2490,1103,3730,ITF,ITF5,17,Basilicata,Basilicata,559084,325429,58.21,0.86
3838,2021-04-09,BAS,1151,350,801,1088,63,ITF,ITF5,17,Basilicata,Basilicata,559084,326580,58.41,0.21
3839,2021-02-27,BAS,1993,861,1132,1829,164,ITF,ITF5,17,Basilicata,Basilicata,559084,328573,58.77,0.36
3840,2021-02-08,BAS,558,193,365,151,407,ITF,ITF5,17,Basilicata,Basilicata,559084,329131,58.87,0.1
3841,2021-05-19,BAS,2870,1498,1372,1194,1676,ITF,ITF5,17,Basilicata,Basilicata,559084,332001,59.38,0.51
3842,2021-02-25,BAS,1788,737,1051,1742,46,ITF,ITF5,17,Basilicata,Basilicata,559084,333789,59.7,0.32
3843,2021-02-06,BAS,905,369,536,146,759,ITF,ITF5,17,Basilicata,Basilicata,559084,334694,59.86,0.16
3844,2021-04-30,BAS,5284,2373,2911,4122,1162,ITF,ITF5,17,Basilicata,Basilicata,559084,339978,60.81,0.95
3845,2021-01-20,BAS,84,22,62,84,0,ITF,ITF5,17,Basilicata,Basilicata,559084,340062,60.82,0.02
3846,2021-06-29,BAS,3825,1855,1970,2787,1038,ITF,ITF5,17,Basilicata,Basilicata,559084,343887,61.51,0.68
3847,2021-03-21,BAS,1061,488,573,365,696,ITF,ITF5,17,Basilicata,Basilicata,559084,344948,61.7,0.19
3848,2021-05-29,BAS,3059,1534,1525,834,2225,ITF,ITF5,17,Basilicata,Basilicata,559084,348007,62.25,0.55
3849,2021-06-17,BAS,4421,2034,2387,2103,2318,ITF,ITF5,17,Basilicata,Basilicata,559084,352428,63.04,0.79
3850,2021-04-21,BAS,3922,1835,2087,2272,1650,ITF,ITF5,17,Basilicata,Basilicata,559084,356350,63.74,0.7
3851,2021-02-21,BAS,284,113,171,284,0,ITF,ITF5,17,Basilicata,Basilicata,559084,356634,63.79,0.05
3852,2021-03-07,BAS,889,309,580,851,38,ITF,ITF5,17,Basilicata,Basilicata,559084,357523,63.95,0.16
3853,2021-01-09,BAS,557,160,397,557,0,ITF,ITF5,17,Basilicata,Basilicata,559084,358080,64.05,0.1
3854,2021-07-03,BAS,1727,871,856,1130,597,ITF,ITF5,17,Basilicata,Basilicata,559084,359807,64.36,0.31
3855,2021-06-19,BAS,4459,2175,2284,2386,2073,ITF,ITF5,17,Basilicata,Basilicata,559084,364266,65.15,0.8
3856,2021-03-28,BAS,2142,743,1399,2125,17,ITF,ITF5,17,Basilicata,Basilicata,559084,366408,65.54,0.38
3857,2021-03-11,BAS,1794,928,866,835,959,ITF,ITF5,17,Basilicata,Basilicata,559084,368202,65.86,0.32
3858,2021-03-30,BAS,2743,1158,1585,2398,345,ITF,ITF5,17,Basilicata,Basilicata,559084,370945,66.35,0.49
3859,2021-01-06,BAS,294,129,165,294,0,ITF,ITF5,17,Basilicata,Basilicata,559084,371239,66.4,0.05
3860,2021-04-16,BAS,3321,1634,1687,2423,898,ITF,ITF5,17,Basilicata,Basilicata,559084,374560,67.0,0.59
3861,2021-06-07,BAS,4234,1918,2316,3918,316,ITF,ITF5,17,Basilicata,Basilicata,559084,378794,67.75,0.76
3862,2021-04-11,BAS,852,330,522,785,67,ITF,ITF5,17,Basilicata,Basilicata,559084,379646,67.91,0.15
3863,2021-04-04,BAS,610,225,385,197,413,ITF,ITF5,17,Basilicata,Basilicata,559084,380256,68.01,0.11
3864,2021-01-18,BAS,463,157,306,364,99,ITF,ITF5,17,Basilicata,Basilicata,559084,380719,68.1,0.08
3865,2021-03-16,BAS,1908,802,1106,229,1679,ITF,ITF5,17,Basilicata,Basilicata,559084,382627,68.44,0.34
3866,2021-05-05,BAS,4334,2048,2286,3444,890,ITF,ITF5,17,Basilicata,Basilicata,559084,386961,69.21,0.78
3867,2021-03-09,BAS,1401,714,687,795,606,ITF,ITF5,17,Basilicata,Basilicata,559084,388362,69.46,0.25
3868,2021-01-25,BAS,1024,429,595,74,950,ITF,ITF5,17,Basilicata,Basilicata,559084,389386,69.65,0.18
3869,2021-01-11,BAS,183,66,117,183,0,ITF,ITF5,17,Basilicata,Basilicata,559084,389569,69.68,0.03
3870,2021-06-02,BAS,5961,2805,3156,4418,1543,ITF,ITF5,17,Basilicata,Basilicata,559084,395530,70.75,1.07
3871,2021-04-18,BAS,3719,1846,1873,2352,1367,ITF,ITF5,17,Basilicata,Basilicata,559084,399249,71.41,0.67
3872,2021-02-20,BAS,1163,532,631,1044,119,ITF,ITF5,17,Basilicata,Basilicata,559084,400412,71.62,0.21
3873,2021-05-31,BAS,4229,2009,2220,1721,2508,ITF,ITF5,17,Basilicata,Basilicata,559084,404641,72.38,0.76
3874,2021-02-18,BAS,1070,401,669,855,215,ITF,ITF5,17,Basilicata,Basilicata,559084,405711,72.57,0.19
3875,2021-01-13,BAS,916,387,529,916,0,ITF,ITF5,17,Basilicata,Basilicata,559084,406627,72.73,0.16
3876,2021-04-23,BAS,4535,2184,2351,3536,999,ITF,ITF5,17,Basilicata,Basilicata,559084,411162,73.54,0.81
3877,2021-01-30,BAS,706,229,477,129,577,ITF,ITF5,17,Basilicata,Basilicata,559084,411868,73.67,0.13
3878,2021-03-04,BAS,1881,892,989,1085,796,ITF,ITF5,17,Basilicata,Basilicata,559084,413749,74.0,0.34
3879,2021-06-12,BAS,3675,1687,1988,2987,688,ITF,ITF5,17,Basilicata,Basilicata,559084,417424,74.66,0.66
3880,2021-05-07,BAS,4649,2284,2365,3295,1354,ITF,ITF5,17,Basilicata,Basilicata,559084,422073,75.49,0.83
3881,2021-05-14,BAS,5907,2799,3108,3376,2531,ITF,ITF5,17,Basilicata,Basilicata,559084,427980,76.55,1.06
3882,2021-03-18,BAS,1350,564,786,25,1325,ITF,ITF5,17,Basilicata,Basilicata,559084,429330,76.79,0.24
3883,2021-06-26,BAS,3285,1586,1699,2729,556,ITF,ITF5,17,Basilicata,Basilicata,559084,432615,77.38,0.59
3884,2021-03-19,BAS,2296,995,1301,266,2030,ITF,ITF5,17,Basilicata,Basilicata,559084,434911,77.79,0.41
3885,2021-02-16,BAS,907,377,530,809,98,ITF,ITF5,17,Basilicata,Basilicata,559084,435818,77.95,0.16
3886,2021-01-28,BAS,906,402,504,119,787,ITF,ITF5,17,Basilicata,Basilicata,559084,436724,78.11,0.16
3887,2021-01-14,BAS,969,413,556,969,0,ITF,ITF5,17,Basilicata,Basilicata,559084,437693,78.29,0.17
3888,2021-04-07,BAS,1212,551,661,1175,37,ITF,ITF5,17,Basilicata,Basilicata,559084,438905,78.5,0.22
3889,2021-04-25,BAS,2986,1457,1529,2934,52,ITF,ITF5,17,Basilicata,Basilicata,559084,441891,79.04,0.53
3890,2021-05-12,BAS,4724,2327,2397,2842,1882,ITF,ITF5,17,Basilicata,Basilicata,559084,446615,79.88,0.84
3891,2021-04-06,BAS,1273,464,809,1089,184,ITF,ITF5,17,Basilicata,Basilicata,559084,447888,80.11,0.23
3892,2021-06-14,BAS,4812,2148,2664,2103,2709,ITF,ITF5,17,Basilicata,Basilicata,559084,452700,80.97,0.86
3893,2021-03-23,BAS,1591,610,981,1423,168,ITF,ITF5,17,Basilicata,Basilicata,559084,454291,81.26,0.28
3894,2021-07-01,BAS,3568,1765,1803,2464,1104,ITF,ITF5,17,Basilicata,Basilicata,559084,457859,81.89,0.64
3895,2021-02-01,BAS,242,91,151,46,196,ITF,ITF5,17,Basilicata,Basilicata,559084,458101,81.94,0.04
3896,2021-05-26,BAS,4488,2259,2229,1706,2782,ITF,ITF5,17,Basilicata,Basilicata,559084,462589,82.74,0.8
