,data,area,Vaccinazioni giornaliere,sesso_maschile,sesso_femminile,Operatori sanitari - sociosanitari,Personale non sanitario,Ospiti RSA,categoria_over80,categoria_forze_armate,categoria_personale_scolastico,prima_dose,seconda_dose,codice_NUTS1,codice_NUTS2,codice_regione_ISTAT,nome_area,Regione,popolazione,Totale vaccinazioni,Totale vaccinazioni ogni cento ab,Vaccinazioni giornaliere ogni cento ab
0,2021-02-01,UMB,1260,333,927,876,32,352,0,0,0,47,1213,ITI,ITI2,10,Umbria,Umbria,882015,1260,0.14,0.14
1,2021-01-25,UMB,647,322,325,645,2,0,0,0,0,5,642,ITI,ITI2,10,Umbria,Umbria,882015,1907,0.22,0.07
2,2021-01-02,UMB,301,110,191,301,0,0,0,0,0,301,0,ITI,ITI2,10,Umbria,Umbria,882015,2208,0.25,0.03
3,2021-01-11,UMB,1271,336,935,878,20,373,0,0,0,1271,0,ITI,ITI2,10,Umbria,Umbria,882015,3479,0.39,0.14
4,2021-02-20,UMB,282,100,182,83,8,39,152,0,0,258,24,ITI,ITI2,10,Umbria,Umbria,882015,3761,0.43,0.03
5,2021-02-05,UMB,780,234,546,645,51,84,0,0,0,18,762,ITI,ITI2,10,Umbria,Umbria,882015,4541,0.51,0.09
6,2021-01-19,UMB,103,23,80,21,2,80,0,0,0,103,0,ITI,ITI2,10,Umbria,Umbria,882015,4644,0.53,0.01
7,2021-02-26,UMB,605,225,380,371,64,9,154,4,3,597,8,ITI,ITI2,10,Umbria,Umbria,882015,5249,0.6,0.07
8,2021-01-07,UMB,1291,383,908,883,4,404,0,0,0,1291,0,ITI,ITI2,10,Umbria,Umbria,882015,6540,0.74,0.15
9,2021-02-03,UMB,725,174,551,560,37,128,0,0,0,67,658,ITI,ITI2,10,Umbria,Umbria,882015,7265,0.82,0.08
10,2021-01-04,UMB,809,397,412,808,1,0,0,0,0,809,0,ITI,ITI2,10,Umbria,Umbria,882015,8074,0.92,0.09
11,2021-02-06,UMB,396,138,258,333,47,16,0,0,0,34,362,ITI,ITI2,10,Umbria,Umbria,882015,8470,0.96,0.04
12,2021-01-06,UMB,843,323,520,840,3,0,0,0,0,843,0,ITI,ITI2,10,Umbria,Umbria,882015,9313,1.06,0.1
13,2021-02-16,UMB,1307,655,652,33,12,0,1262,0,0,1298,9,ITI,ITI2,10,Umbria,Umbria,882015,10620,1.2,0.15
14,2021-02-17,UMB,1618,748,870,363,14,0,1240,0,1,1267,351,ITI,ITI2,10,Umbria,Umbria,882015,12238,1.39,0.18
15,2021-01-05,UMB,850,428,422,845,5,0,0,0,0,850,0,ITI,ITI2,10,Umbria,Umbria,882015,13088,1.48,0.1
16,2021-02-24,UMB,1496,557,939,1081,43,71,292,9,0,1480,16,ITI,ITI2,10,Umbria,Umbria,882015,14584,1.65,0.17
17,2021-02-08,UMB,637,203,434,368,112,153,0,4,0,88,549,ITI,ITI2,10,Umbria,Umbria,882015,15221,1.73,0.07
18,2021-01-16,UMB,221,73,148,146,32,43,0,0,0,221,0,ITI,ITI2,10,Umbria,Umbria,882015,15442,1.75,0.03
19,2021-01-15,UMB,692,212,480,588,44,60,0,0,0,692,0,ITI,ITI2,10,Umbria,Umbria,882015,16134,1.83,0.08
20,2021-01-09,UMB,1719,492,1227,888,10,821,0,0,0,1719,0,ITI,ITI2,10,Umbria,Umbria,882015,17853,2.02,0.19
21,2021-01-14,UMB,749,200,549,696,35,17,0,0,1,749,0,ITI,ITI2,10,Umbria,Umbria,882015,18602,2.11,0.08
22,2021-02-02,UMB,942,274,668,713,17,212,0,0,0,32,910,ITI,ITI2,10,Umbria,Umbria,882015,19544,2.22,0.11
23,2021-02-10,UMB,715,349,366,606,106,3,0,0,0,700,15,ITI,ITI2,10,Umbria,Umbria,882015,20259,2.3,0.08
24,2021-01-13,UMB,450,139,311,379,29,42,0,0,0,450,0,ITI,ITI2,10,Umbria,Umbria,882015,20709,2.35,0.05
25,2021-01-18,UMB,588,215,373,315,149,124,0,0,0,504,84,ITI,ITI2,10,Umbria,Umbria,882015,21297,2.41,0.07
26,2021-02-15,UMB,1367,692,675,10,8,0,1349,0,0,1366,1,ITI,ITI2,10,Umbria,Umbria,882015,22664,2.57,0.15
27,2021-01-27,UMB,838,329,509,837,1,0,0,0,0,13,825,ITI,ITI2,10,Umbria,Umbria,882015,23502,2.66,0.1
28,2021-02-13,UMB,115,28,87,68,46,0,1,0,0,112,3,ITI,ITI2,10,Umbria,Umbria,882015,23617,2.68,0.01
29,2021-02-12,UMB,671,224,447,459,208,1,1,0,2,664,7,ITI,ITI2,10,Umbria,Umbria,882015,24288,2.75,0.08
30,2021-01-26,UMB,814,390,424,813,1,0,0,0,0,18,796,ITI,ITI2,10,Umbria,Umbria,882015,25102,2.85,0.09
31,2021-01-22,UMB,276,105,171,273,1,2,0,0,0,32,244,ITI,ITI2,10,Umbria,Umbria,882015,25378,2.88,0.03
32,2021-01-31,UMB,1056,276,780,765,10,281,0,0,0,25,1031,ITI,ITI2,10,Umbria,Umbria,882015,26434,3.0,0.12
33,2021-01-03,UMB,267,111,156,267,0,0,0,0,0,267,0,ITI,ITI2,10,Umbria,Umbria,882015,26701,3.03,0.03
34,2021-01-20,UMB,613,222,391,583,15,14,0,0,1,613,0,ITI,ITI2,10,Umbria,Umbria,882015,27314,3.1,0.07
35,2021-01-23,UMB,277,100,177,276,1,0,0,0,0,2,275,ITI,ITI2,10,Umbria,Umbria,882015,27591,3.13,0.03
36,2021-02-04,UMB,732,226,506,692,20,20,0,0,0,25,707,ITI,ITI2,10,Umbria,Umbria,882015,28323,3.21,0.08
37,2021-01-28,UMB,1240,392,848,891,4,345,0,0,0,19,1221,ITI,ITI2,10,Umbria,Umbria,882015,29563,3.35,0.14
38,2021-01-10,UMB,1056,275,781,740,9,307,0,0,0,1056,0,ITI,ITI2,10,Umbria,Umbria,882015,30619,3.47,0.12
39,2021-02-27,UMB,1657,354,1303,14,11,13,0,60,1559,1641,16,ITI,ITI2,10,Umbria,Umbria,882015,32276,3.66,0.19
40,2021-02-18,UMB,1495,582,913,324,16,170,985,0,0,1029,466,ITI,ITI2,10,Umbria,Umbria,882015,33771,3.83,0.17
41,2021-01-08,UMB,1173,337,836,926,9,238,0,0,0,1173,0,ITI,ITI2,10,Umbria,Umbria,882015,34944,3.96,0.13
42,2020-12-31,UMB,322,127,195,310,12,0,0,0,0,322,0,ITI,ITI2,10,Umbria,Umbria,882015,35266,4.0,0.04
43,2021-02-23,UMB,1693,658,1035,1187,95,17,394,0,0,1650,43,ITI,ITI2,10,Umbria,Umbria,882015,36959,4.19,0.19
44,2021-02-25,UMB,1302,483,819,810,97,85,305,0,5,1250,52,ITI,ITI2,10,Umbria,Umbria,882015,38261,4.34,0.15
45,2021-02-19,UMB,743,293,450,281,16,14,432,0,0,526,217,ITI,ITI2,10,Umbria,Umbria,882015,39004,4.42,0.08
46,2021-02-07,UMB,54,17,37,46,8,0,0,0,0,1,53,ITI,ITI2,10,Umbria,Umbria,882015,39058,4.43,0.01
47,2021-01-29,UMB,1221,343,878,934,16,271,0,0,0,79,1142,ITI,ITI2,10,Umbria,Umbria,882015,40279,4.57,0.14
48,2021-01-24,UMB,254,104,150,254,0,0,0,0,0,1,253,ITI,ITI2,10,Umbria,Umbria,882015,40533,4.6,0.03
49,2021-01-30,UMB,1577,483,1094,841,18,717,1,0,0,44,1533,ITI,ITI2,10,Umbria,Umbria,882015,42110,4.77,0.18
50,2021-01-21,UMB,610,202,408,428,13,169,0,0,0,341,269,ITI,ITI2,10,Umbria,Umbria,882015,42720,4.84,0.07
51,2020-12-27,UMB,85,45,40,67,2,16,0,0,0,85,0,ITI,ITI2,10,Umbria,Umbria,882015,42805,4.85,0.01
52,2021-01-17,UMB,54,17,37,47,7,0,0,0,0,54,0,ITI,ITI2,10,Umbria,Umbria,882015,42859,4.86,0.01
53,2021-02-22,UMB,1858,777,1081,732,120,1,1005,0,0,1769,89,ITI,ITI2,10,Umbria,Umbria,882015,44717,5.07,0.21
54,2021-01-12,UMB,784,247,537,665,14,105,0,0,0,784,0,ITI,ITI2,10,Umbria,Umbria,882015,45501,5.16,0.09
55,2021-02-11,UMB,841,349,492,734,99,5,0,0,3,836,5,ITI,ITI2,10,Umbria,Umbria,882015,46342,5.25,0.1
56,2021-01-01,UMB,269,102,167,268,1,0,0,0,0,269,0,ITI,ITI2,10,Umbria,Umbria,882015,46611,5.28,0.03
57,2021-02-01,PIE,8639,3053,5586,6163,1402,1074,0,0,0,578,8061,ITC,ITC1,1,Piemonte,Piemonte,4356406,8639,0.2,0.2
58,2021-02-19,PIE,5315,2002,3313,1981,1605,663,30,0,1036,4796,519,ITC,ITC1,1,Piemonte,Piemonte,4356406,13954,0.32,0.12
59,2021-02-05,PIE,9448,3076,6372,5763,2041,1644,0,0,0,657,8791,ITC,ITC1,1,Piemonte,Piemonte,4356406,23402,0.54,0.22
60,2021-02-20,PIE,3611,1206,2405,1035,1050,218,29,0,1279,3436,175,ITC,ITC1,1,Piemonte,Piemonte,4356406,27013,0.62,0.08
61,2021-01-19,PIE,6310,2075,4235,3573,1291,1446,0,0,0,6297,13,ITC,ITC1,1,Piemonte,Piemonte,4356406,33323,0.76,0.14
62,2021-01-16,PIE,7754,2631,5123,4796,1590,1368,0,0,0,7754,0,ITC,ITC1,1,Piemonte,Piemonte,4356406,41077,0.94,0.18
63,2021-02-13,PIE,4142,1332,2810,2304,721,1111,1,0,5,2917,1225,ITC,ITC1,1,Piemonte,Piemonte,4356406,45219,1.04,0.1
64,2021-01-18,PIE,6093,2037,4056,3222,1401,1470,0,0,0,5845,248,ITC,ITC1,1,Piemonte,Piemonte,4356406,51312,1.18,0.14
65,2021-02-03,PIE,10146,3293,6853,6614,2298,1234,0,0,0,610,9536,ITC,ITC1,1,Piemonte,Piemonte,4356406,61458,1.41,0.23
66,2021-02-12,PIE,6791,2164,4627,3515,1614,1660,0,0,2,3880,2911,ITC,ITC1,1,Piemonte,Piemonte,4356406,68249,1.57,0.16
67,2021-01-04,PIE,5559,1676,3883,4587,737,235,0,0,0,5559,0,ITC,ITC1,1,Piemonte,Piemonte,4356406,73808,1.69,0.13
68,2021-01-03,PIE,3061,966,2095,2714,295,52,0,0,0,3061,0,ITC,ITC1,1,Piemonte,Piemonte,4356406,76869,1.76,0.07
69,2021-02-27,PIE,11023,4339,6684,610,946,76,6977,0,2414,10684,339,ITC,ITC1,1,Piemonte,Piemonte,4356406,87892,2.02,0.25
70,2021-01-29,PIE,5847,1853,3994,4117,1058,672,0,0,0,454,5393,ITC,ITC1,1,Piemonte,Piemonte,4356406,93739,2.15,0.13
71,2021-02-17,PIE,4536,1941,2595,2185,1852,497,1,0,1,3547,989,ITC,ITC1,1,Piemonte,Piemonte,4356406,98275,2.26,0.1
72,2021-01-07,PIE,5370,1731,3639,4145,884,341,0,0,0,5370,0,ITC,ITC1,1,Piemonte,Piemonte,4356406,103645,2.38,0.12
73,2021-02-16,PIE,3809,1602,2207,1816,1442,550,0,0,1,3053,756,ITC,ITC1,1,Piemonte,Piemonte,4356406,107454,2.47,0.09
74,2021-02-14,PIE,1473,498,975,793,381,285,0,0,14,875,598,ITC,ITC1,1,Piemonte,Piemonte,4356406,108927,2.5,0.03
75,2021-01-09,PIE,6183,2185,3998,4488,1127,568,0,0,0,6183,0,ITC,ITC1,1,Piemonte,Piemonte,4356406,115110,2.64,0.14
76,2021-02-24,PIE,9914,3922,5992,1697,1083,388,4596,0,2150,9397,517,ITC,ITC1,1,Piemonte,Piemonte,4356406,125024,2.87,0.23
77,2021-02-09,PIE,7264,2293,4971,4139,1365,1760,0,0,0,717,6547,ITC,ITC1,1,Piemonte,Piemonte,4356406,132288,3.04,0.17
78,2021-01-27,PIE,4193,1452,2741,2981,655,557,0,0,0,999,3194,ITC,ITC1,1,Piemonte,Piemonte,4356406,136481,3.13,0.1
79,2021-01-06,PIE,3114,1110,2004,2368,433,313,0,0,0,3114,0,ITC,ITC1,1,Piemonte,Piemonte,4356406,139595,3.2,0.07
80,2021-02-15,PIE,4185,1414,2771,2298,978,907,1,0,1,2980,1205,ITC,ITC1,1,Piemonte,Piemonte,4356406,143780,3.3,0.1
81,2021-01-20,PIE,6374,2033,4341,3560,1153,1661,0,0,0,5648,726,ITC,ITC1,1,Piemonte,Piemonte,4356406,150154,3.45,0.15
82,2021-01-05,PIE,5376,1602,3774,4363,728,285,0,0,0,5376,0,ITC,ITC1,1,Piemonte,Piemonte,4356406,155530,3.57,0.12
83,2021-01-15,PIE,8961,2951,6010,5493,1924,1544,0,0,0,8961,0,ITC,ITC1,1,Piemonte,Piemonte,4356406,164491,3.78,0.21
84,2021-02-25,PIE,10563,4326,6237,1425,1587,366,5298,0,1887,9985,578,ITC,ITC1,1,Piemonte,Piemonte,4356406,175054,4.02,0.24
85,2021-01-28,PIE,5554,1801,3753,4107,876,571,0,0,0,350,5204,ITC,ITC1,1,Piemonte,Piemonte,4356406,180608,4.15,0.13
86,2021-01-11,PIE,8740,2980,5760,6053,1561,1126,0,0,0,8740,0,ITC,ITC1,1,Piemonte,Piemonte,4356406,189348,4.35,0.2
87,2021-02-02,PIE,10177,3489,6688,6825,2034,1318,0,0,0,814,9363,ITC,ITC1,1,Piemonte,Piemonte,4356406,199525,4.58,0.23
88,2021-01-14,PIE,9761,3150,6611,6175,2102,1484,0,0,0,9761,0,ITC,ITC1,1,Piemonte,Piemonte,4356406,209286,4.8,0.22
89,2021-01-23,PIE,4218,1321,2897,3189,523,506,0,0,0,878,3340,ITC,ITC1,1,Piemonte,Piemonte,4356406,213504,4.9,0.1
90,2021-02-11,PIE,6518,2017,4501,3393,1285,1837,0,0,3,2919,3599,ITC,ITC1,1,Piemonte,Piemonte,4356406,220022,5.05,0.15
91,2021-01-17,PIE,3518,1168,2350,2083,595,840,0,0,0,2870,648,ITC,ITC1,1,Piemonte,Piemonte,4356406,223540,5.13,0.08
92,2021-01-26,PIE,6323,1875,4448,4721,874,728,0,0,0,734,5589,ITC,ITC1,1,Piemonte,Piemonte,4356406,229863,5.28,0.15
93,2021-02-10,PIE,7285,2310,4975,3834,1495,1956,0,0,0,1309,5976,ITC,ITC1,1,Piemonte,Piemonte,4356406,237148,5.44,0.17
94,2021-02-04,PIE,10187,3335,6852,6232,2199,1756,0,0,0,581,9606,ITC,ITC1,1,Piemonte,Piemonte,4356406,247335,5.68,0.23
95,2021-01-31,PIE,4105,1748,2357,3076,654,375,0,0,0,112,3993,ITC,ITC1,1,Piemonte,Piemonte,4356406,251440,5.77,0.09
96,2021-02-18,PIE,4562,1906,2656,2236,1720,604,0,0,2,4165,397,ITC,ITC1,1,Piemonte,Piemonte,4356406,256002,5.88,0.1
97,2020-12-30,PIE,730,322,408,685,45,0,0,0,0,730,0,ITC,ITC1,1,Piemonte,Piemonte,4356406,256732,5.89,0.02
98,2021-01-08,PIE,5528,1761,3767,4078,1029,421,0,0,0,5528,0,ITC,ITC1,1,Piemonte,Piemonte,4356406,262260,6.02,0.13
99,2020-12-31,PIE,3879,1318,2561,3387,358,134,0,0,0,3879,0,ITC,ITC1,1,Piemonte,Piemonte,4356406,266139,6.11,0.09
100,2021-02-07,PIE,3087,974,2113,1649,662,776,0,0,0,445,2642,ITC,ITC1,1,Piemonte,Piemonte,4356406,269226,6.18,0.07
101,2021-01-21,PIE,6707,2257,4450,4682,854,1171,0,0,0,3220,3487,ITC,ITC1,1,Piemonte,Piemonte,4356406,275933,6.33,0.15
102,2021-02-23,PIE,8393,3281,5112,2117,1197,376,3652,0,1051,7805,588,ITC,ITC1,1,Piemonte,Piemonte,4356406,284326,6.53,0.19
103,2021-02-26,PIE,10585,3996,6589,767,859,425,5827,0,2707,9926,659,ITC,ITC1,1,Piemonte,Piemonte,4356406,294911,6.77,0.24
104,2021-01-25,PIE,6209,1938,4271,4782,865,562,0,0,0,980,5229,ITC,ITC1,1,Piemonte,Piemonte,4356406,301120,6.91,0.14
105,2021-01-01,PIE,1038,395,643,922,116,0,0,0,0,1038,0,ITC,ITC1,1,Piemonte,Piemonte,4356406,302158,6.94,0.02
106,2020-12-27,PIE,912,368,544,760,76,76,0,0,0,912,0,ITC,ITC1,1,Piemonte,Piemonte,4356406,303070,6.96,0.02
107,2021-01-22,PIE,3817,1234,2583,2273,649,895,0,0,0,2475,1342,ITC,ITC1,1,Piemonte,Piemonte,4356406,306887,7.04,0.09
108,2021-02-08,PIE,6878,2350,4528,3776,1553,1549,0,0,0,664,6214,ITC,ITC1,1,Piemonte,Piemonte,4356406,313765,7.2,0.16
109,2021-02-22,PIE,7945,3162,4783,1693,1240,513,3610,0,889,7353,592,ITC,ITC1,1,Piemonte,Piemonte,4356406,321710,7.38,0.18
110,2021-02-21,PIE,4552,1868,2684,612,262,47,2894,0,737,4449,103,ITC,ITC1,1,Piemonte,Piemonte,4356406,326262,7.49,0.1
111,2021-01-12,PIE,9989,3387,6602,6821,1996,1172,0,0,0,9989,0,ITC,ITC1,1,Piemonte,Piemonte,4356406,336251,7.72,0.23
112,2021-01-10,PIE,5207,2273,2934,3904,784,519,0,0,0,5207,0,ITC,ITC1,1,Piemonte,Piemonte,4356406,341458,7.84,0.12
113,2021-01-13,PIE,10041,3214,6827,6458,2255,1328,0,0,0,10041,0,ITC,ITC1,1,Piemonte,Piemonte,4356406,351499,8.07,0.23
114,2021-01-30,PIE,5977,2134,3843,4367,1115,495,0,0,0,218,5759,ITC,ITC1,1,Piemonte,Piemonte,4356406,357476,8.21,0.14
115,2021-02-06,PIE,7979,2663,5316,5097,1627,1255,0,0,0,400,7579,ITC,ITC1,1,Piemonte,Piemonte,4356406,365455,8.39,0.18
116,2021-01-24,PIE,3150,957,2193,2632,372,146,0,0,0,434,2716,ITC,ITC1,1,Piemonte,Piemonte,4356406,368605,8.46,0.07
117,2021-01-02,PIE,3539,1134,2405,3072,414,53,0,0,0,3539,0,ITC,ITC1,1,Piemonte,Piemonte,4356406,372144,8.54,0.08
118,2020-12-31,LOM,713,300,413,656,57,0,0,0,0,713,0,ITC,ITC4,3,Lombardia,Lombardia,10060574,713,0.01,0.01
119,2021-02-15,LOM,8517,2988,5529,5618,1942,950,4,1,2,8097,420,ITC,ITC4,3,Lombardia,Lombardia,10060574,9230,0.09,0.08
120,2021-02-18,LOM,13502,4759,8743,5872,1912,1513,3335,857,13,12563,939,ITC,ITC4,3,Lombardia,Lombardia,10060574,22732,0.23,0.13
121,2021-01-08,LOM,12590,3893,8697,8634,3704,218,32,2,0,12590,0,ITC,ITC4,3,Lombardia,Lombardia,10060574,35322,0.35,0.13
122,2021-02-21,LOM,5003,1850,3153,1736,1010,32,2182,40,3,4983,20,ITC,ITC4,3,Lombardia,Lombardia,10060574,40325,0.4,0.05
123,2020-12-30,LOM,113,42,71,105,8,0,0,0,0,113,0,ITC,ITC4,3,Lombardia,Lombardia,10060574,40438,0.4,0.0
124,2021-02-09,LOM,11815,3238,8577,5606,2307,3827,75,0,0,3891,7924,ITC,ITC4,3,Lombardia,Lombardia,10060574,52253,0.52,0.12
125,2021-02-19,LOM,13622,5250,8372,5328,1823,1007,4519,927,18,13010,612,ITC,ITC4,3,Lombardia,Lombardia,10060574,65875,0.65,0.14
126,2021-01-12,LOM,19686,6561,13125,10938,7210,1377,158,3,0,19686,0,ITC,ITC4,3,Lombardia,Lombardia,10060574,85561,0.85,0.2
127,2021-01-01,LOM,24,7,17,21,3,0,0,0,0,24,0,ITC,ITC4,3,Lombardia,Lombardia,10060574,85585,0.85,0.0
128,2021-01-21,LOM,5292,1555,3737,1864,3180,245,2,0,1,4605,687,ITC,ITC4,3,Lombardia,Lombardia,10060574,90877,0.9,0.05
129,2021-01-22,LOM,2889,814,2075,1081,1658,142,6,0,2,2837,52,ITC,ITC4,3,Lombardia,Lombardia,10060574,93766,0.93,0.03
130,2021-02-08,LOM,9604,2818,6786,5119,2195,2237,53,0,0,2011,7593,ITC,ITC4,3,Lombardia,Lombardia,10060574,103370,1.03,0.1
131,2021-02-04,LOM,26769,7839,18930,15187,5954,5436,192,0,0,1864,24905,ITC,ITC4,3,Lombardia,Lombardia,10060574,130139,1.29,0.27
132,2021-02-17,LOM,11483,3614,7869,7399,2209,1794,35,37,9,10130,1353,ITC,ITC4,3,Lombardia,Lombardia,10060574,141622,1.41,0.11
133,2020-12-27,LOM,702,407,295,551,137,13,1,0,0,702,0,ITC,ITC4,3,Lombardia,Lombardia,10060574,142324,1.41,0.01
134,2021-01-31,LOM,9727,3754,5973,7464,2169,87,7,0,0,33,9694,ITC,ITC4,3,Lombardia,Lombardia,10060574,152051,1.51,0.1
135,2021-02-01,LOM,15835,5231,10604,11416,3475,901,43,0,0,324,15511,ITC,ITC4,3,Lombardia,Lombardia,10060574,167886,1.67,0.16
136,2021-02-03,LOM,24923,7747,17176,15058,5846,3880,139,0,0,959,23964,ITC,ITC4,3,Lombardia,Lombardia,10060574,192809,1.92,0.25
137,2021-01-03,LOM,852,316,536,710,137,4,1,0,0,852,0,ITC,ITC4,3,Lombardia,Lombardia,10060574,193661,1.92,0.01
138,2021-01-04,LOM,5977,2058,3919,4599,1197,166,15,0,0,5977,0,ITC,ITC4,3,Lombardia,Lombardia,10060574,199638,1.98,0.06
139,2021-01-28,LOM,12115,3670,8445,8929,2317,839,30,0,0,771,11344,ITC,ITC4,3,Lombardia,Lombardia,10060574,211753,2.1,0.12
140,2021-02-25,LOM,13144,5463,7681,2619,1324,1076,6922,1196,7,11824,1320,ITC,ITC4,3,Lombardia,Lombardia,10060574,224897,2.24,0.13
141,2021-01-19,LOM,7900,2300,5600,3092,2926,1768,113,1,0,7424,476,ITC,ITC4,3,Lombardia,Lombardia,10060574,232797,2.31,0.08
142,2021-02-14,LOM,3500,1514,1986,2601,875,24,0,0,0,2936,564,ITC,ITC4,3,Lombardia,Lombardia,10060574,236297,2.35,0.03
143,2021-02-27,LOM,12950,5476,7474,1848,1758,337,7953,1006,48,12705,245,ITC,ITC4,3,Lombardia,Lombardia,10060574,249247,2.48,0.13
144,2021-01-26,LOM,8312,2697,5615,6559,1543,203,7,0,0,322,7990,ITC,ITC4,3,Lombardia,Lombardia,10060574,257559,2.56,0.08
145,2021-02-07,LOM,7042,2749,4293,5019,1773,233,17,0,0,339,6703,ITC,ITC4,3,Lombardia,Lombardia,10060574,264601,2.63,0.07
146,2020-12-28,LOM,103,44,59,102,1,0,0,0,0,103,0,ITC,ITC4,3,Lombardia,Lombardia,10060574,264704,2.63,0.0
147,2021-01-17,LOM,8085,3274,4811,5105,2771,159,45,5,0,7887,198,ITC,ITC4,3,Lombardia,Lombardia,10060574,272789,2.71,0.08
148,2021-01-24,LOM,1184,453,731,798,361,24,1,0,0,522,662,ITC,ITC4,3,Lombardia,Lombardia,10060574,273973,2.72,0.01
149,2021-01-30,LOM,12303,4563,7740,9872,2263,159,8,1,0,192,12111,ITC,ITC4,3,Lombardia,Lombardia,10060574,286276,2.85,0.12
150,2021-02-05,LOM,24492,7120,17372,13610,6349,4277,256,0,0,2048,22444,ITC,ITC4,3,Lombardia,Lombardia,10060574,310768,3.09,0.24
151,2021-01-18,LOM,8941,2914,6027,4083,3279,1459,116,4,0,7959,982,ITC,ITC4,3,Lombardia,Lombardia,10060574,319709,3.18,0.09
152,2021-01-05,LOM,7672,2513,5159,5711,1786,167,8,0,0,7672,0,ITC,ITC4,3,Lombardia,Lombardia,10060574,327381,3.25,0.08
153,2021-02-22,LOM,11458,4654,6804,4035,1499,910,4021,965,28,11152,306,ITC,ITC4,3,Lombardia,Lombardia,10060574,338839,3.37,0.11
154,2021-01-16,LOM,15261,5688,9573,8149,5653,1277,179,3,0,15261,0,ITC,ITC4,3,Lombardia,Lombardia,10060574,354100,3.52,0.15
155,2021-01-06,LOM,7044,2486,4558,5264,1742,35,3,0,0,7044,0,ITC,ITC4,3,Lombardia,Lombardia,10060574,361144,3.59,0.07
156,2021-01-29,LOM,13425,4109,9316,10439,2405,572,9,0,0,649,12776,ITC,ITC4,3,Lombardia,Lombardia,10060574,374569,3.72,0.13
157,2021-02-24,LOM,13291,5353,7938,3270,1554,1655,5608,1181,23,12481,810,ITC,ITC4,3,Lombardia,Lombardia,10060574,387860,3.86,0.13
158,2021-02-20,LOM,9354,3873,5481,4273,1117,190,2907,863,4,9061,293,ITC,ITC4,3,Lombardia,Lombardia,10060574,397214,3.95,0.09
159,2021-02-16,LOM,9059,2957,6102,5622,2193,1210,8,7,19,8613,446,ITC,ITC4,3,Lombardia,Lombardia,10060574,406273,4.04,0.09
160,2021-01-09,LOM,12375,4558,7817,8133,4039,192,10,1,0,12375,0,ITC,ITC4,3,Lombardia,Lombardia,10060574,418648,4.16,0.12
161,2021-01-07,LOM,11555,3593,7962,8085,2802,594,72,2,0,11555,0,ITC,ITC4,3,Lombardia,Lombardia,10060574,430203,4.28,0.11
162,2020-12-29,LOM,100,43,57,100,0,0,0,0,0,100,0,ITC,ITC4,3,Lombardia,Lombardia,10060574,430303,4.28,0.0
163,2021-02-26,LOM,16221,6851,9370,2761,1728,731,9674,1303,24,15010,1211,ITC,ITC4,3,Lombardia,Lombardia,10060574,446524,4.44,0.16
164,2021-02-10,LOM,13834,4375,9459,8002,2641,3091,96,0,4,7313,6521,ITC,ITC4,3,Lombardia,Lombardia,10060574,460358,4.58,0.14
165,2021-02-23,LOM,11256,4594,6662,3738,1558,793,4174,990,3,10955,301,ITC,ITC4,3,Lombardia,Lombardia,10060574,471614,4.69,0.11
166,2021-01-13,LOM,25586,7880,17706,11997,9668,3604,307,10,0,25586,0,ITC,ITC4,3,Lombardia,Lombardia,10060574,497200,4.94,0.25
167,2021-01-10,LOM,10511,3955,6556,6865,3619,8,17,2,0,10511,0,ITC,ITC4,3,Lombardia,Lombardia,10060574,507711,5.05,0.1
168,2021-02-12,LOM,12947,4073,8874,7284,3056,2562,45,0,0,8456,4491,ITC,ITC4,3,Lombardia,Lombardia,10060574,520658,5.18,0.13
169,2021-01-25,LOM,7012,2365,4647,5504,1318,180,10,0,0,480,6532,ITC,ITC4,3,Lombardia,Lombardia,10060574,527670,5.24,0.07
170,2021-01-27,LOM,8027,2675,5352,6101,1722,202,2,0,0,820,7207,ITC,ITC4,3,Lombardia,Lombardia,10060574,535697,5.32,0.08
171,2021-02-13,LOM,6239,2386,3853,3847,1745,631,16,0,0,4924,1315,ITC,ITC4,3,Lombardia,Lombardia,10060574,541936,5.39,0.06
172,2021-02-06,LOM,14606,5359,9247,9249,3496,1791,70,0,0,881,13725,ITC,ITC4,3,Lombardia,Lombardia,10060574,556542,5.53,0.15
173,2021-02-02,LOM,19517,6477,13040,13192,4589,1658,78,0,0,480,19037,ITC,ITC4,3,Lombardia,Lombardia,10060574,576059,5.73,0.19
174,2021-01-20,LOM,5528,1357,4171,1991,2186,1261,90,0,0,5413,115,ITC,ITC4,3,Lombardia,Lombardia,10060574,581587,5.78,0.05
175,2021-01-02,LOM,199,72,127,177,22,0,0,0,0,199,0,ITC,ITC4,3,Lombardia,Lombardia,10060574,581786,5.78,0.0
176,2021-01-11,LOM,15976,5309,10667,10161,5163,552,100,0,0,15976,0,ITC,ITC4,3,Lombardia,Lombardia,10060574,597762,5.94,0.16
177,2021-01-15,LOM,24392,7180,17212,10223,9914,3844,405,6,0,24392,0,ITC,ITC4,3,Lombardia,Lombardia,10060574,622154,6.18,0.24
178,2021-02-11,LOM,16388,4856,11532,9007,3614,3737,30,0,0,9242,7146,ITC,ITC4,3,Lombardia,Lombardia,10060574,638542,6.35,0.16
179,2021-01-14,LOM,26187,7649,18538,11483,9520,4717,459,8,0,26187,0,ITC,ITC4,3,Lombardia,Lombardia,10060574,664729,6.61,0.26
180,2021-01-23,LOM,1114,357,757,500,578,36,0,0,0,916,198,ITC,ITC4,3,Lombardia,Lombardia,10060574,665843,6.62,0.01
181,2021-01-04,PAB,469,191,278,397,72,0,0,0,0,469,0,ITH,ITH1,4,Provincia Autonoma Bolzano / Bozen,P.A. Bolzano,533050,469,0.09,0.09
182,2021-02-20,PAB,1502,471,1031,196,124,24,469,1,688,1484,18,ITH,ITH1,4,Provincia Autonoma Bolzano / Bozen,P.A. Bolzano,533050,1971,0.37,0.28
183,2021-01-07,PAB,892,317,575,613,227,0,52,0,0,892,0,ITH,ITH1,4,Provincia Autonoma Bolzano / Bozen,P.A. Bolzano,533050,2863,0.54,0.17
184,2021-02-01,PAB,1384,404,980,705,382,296,0,0,1,11,1373,ITH,ITH1,4,Provincia Autonoma Bolzano / Bozen,P.A. Bolzano,533050,4247,0.8,0.26
185,2021-02-06,PAB,2298,1025,1273,447,375,6,1470,0,0,18,2280,ITH,ITH1,4,Provincia Autonoma Bolzano / Bozen,P.A. Bolzano,533050,6545,1.23,0.43
186,2021-02-03,PAB,1445,457,988,615,441,321,68,0,0,5,1440,ITH,ITH1,4,Provincia Autonoma Bolzano / Bozen,P.A. Bolzano,533050,7990,1.5,0.27
187,2021-02-26,PAB,1048,400,648,51,136,1,846,0,14,1018,30,ITH,ITH1,4,Provincia Autonoma Bolzano / Bozen,P.A. Bolzano,533050,9038,1.7,0.2
188,2021-01-22,PAB,241,138,103,129,23,85,3,0,1,124,117,ITH,ITH1,4,Provincia Autonoma Bolzano / Bozen,P.A. Bolzano,533050,9279,1.74,0.05
189,2021-02-05,PAB,2788,1035,1753,640,677,394,1077,0,0,6,2782,ITH,ITH1,4,Provincia Autonoma Bolzano / Bozen,P.A. Bolzano,533050,12067,2.26,0.52
190,2021-01-19,PAB,810,349,461,170,65,0,575,0,0,680,130,ITH,ITH1,4,Provincia Autonoma Bolzano / Bozen,P.A. Bolzano,533050,12877,2.42,0.15
191,2021-02-16,PAB,528,205,323,10,7,0,511,0,0,528,0,ITH,ITH1,4,Provincia Autonoma Bolzano / Bozen,P.A. Bolzano,533050,13405,2.51,0.1
192,2021-01-06,PAB,59,18,41,59,0,0,0,0,0,59,0,ITH,ITH1,4,Provincia Autonoma Bolzano / Bozen,P.A. Bolzano,533050,13464,2.53,0.01
193,2021-01-11,PAB,1501,476,1025,532,645,174,150,0,0,1501,0,ITH,ITH1,4,Provincia Autonoma Bolzano / Bozen,P.A. Bolzano,533050,14965,2.81,0.28
194,2021-01-02,PAB,91,48,43,69,22,0,0,0,0,91,0,ITH,ITH1,4,Provincia Autonoma Bolzano / Bozen,P.A. Bolzano,533050,15056,2.82,0.02
195,2020-12-30,PAB,362,168,194,321,41,0,0,0,0,362,0,ITH,ITH1,4,Provincia Autonoma Bolzano / Bozen,P.A. Bolzano,533050,15418,2.89,0.07
196,2021-02-08,PAB,1,1,0,0,1,0,0,0,0,1,0,ITH,ITH1,4,Provincia Autonoma Bolzano / Bozen,P.A. Bolzano,533050,15419,2.89,0.0
197,2021-01-14,PAB,1808,539,1269,477,760,285,286,0,0,1808,0,ITH,ITH1,4,Provincia Autonoma Bolzano / Bozen,P.A. Bolzano,533050,17227,3.23,0.34
198,2021-02-02,PAB,1730,499,1231,617,499,605,9,0,0,7,1723,ITH,ITH1,4,Provincia Autonoma Bolzano / Bozen,P.A. Bolzano,533050,18957,3.56,0.32
199,2021-01-15,PAB,3026,1119,1907,532,898,336,1260,0,0,3026,0,ITH,ITH1,4,Provincia Autonoma Bolzano / Bozen,P.A. Bolzano,533050,21983,4.12,0.57
200,2021-01-09,PAB,600,317,283,75,439,74,12,0,0,600,0,ITH,ITH1,4,Provincia Autonoma Bolzano / Bozen,P.A. Bolzano,533050,22583,4.24,0.11
201,2021-01-13,PAB,1316,409,907,367,588,255,106,0,0,1316,0,ITH,ITH1,4,Provincia Autonoma Bolzano / Bozen,P.A. Bolzano,533050,23899,4.48,0.25
202,2021-01-18,PAB,1656,638,1018,369,299,7,981,0,0,1651,5,ITH,ITH1,4,Provincia Autonoma Bolzano / Bozen,P.A. Bolzano,533050,25555,4.79,0.31
203,2021-02-22,PAB,517,141,376,336,167,0,4,0,10,510,7,ITH,ITH1,4,Provincia Autonoma Bolzano / Bozen,P.A. Bolzano,533050,26072,4.89,0.1
204,2021-02-13,PAB,318,79,239,126,184,7,1,0,0,312,6,ITH,ITH1,4,Provincia Autonoma Bolzano / Bozen,P.A. Bolzano,533050,26390,4.95,0.06
205,2021-02-24,PAB,1205,365,840,10,25,0,0,0,1170,1193,12,ITH,ITH1,4,Provincia Autonoma Bolzano / Bozen,P.A. Bolzano,533050,27595,5.18,0.23
206,2021-02-12,PAB,691,208,483,301,279,102,7,2,0,446,245,ITH,ITH1,4,Provincia Autonoma Bolzano / Bozen,P.A. Bolzano,533050,28286,5.31,0.13
207,2021-01-27,PAB,84,28,56,54,30,0,0,0,0,1,83,ITH,ITH1,4,Provincia Autonoma Bolzano / Bozen,P.A. Bolzano,533050,28370,5.32,0.02
208,2021-01-10,PAB,2,2,0,1,1,0,0,0,0,2,0,ITH,ITH1,4,Provincia Autonoma Bolzano / Bozen,P.A. Bolzano,533050,28372,5.32,0.0
209,2021-01-20,PAB,609,248,361,282,77,0,250,0,0,401,208,ITH,ITH1,4,Provincia Autonoma Bolzano / Bozen,P.A. Bolzano,533050,28981,5.44,0.11
210,2021-01-23,PAB,195,115,80,183,12,0,0,0,0,0,195,ITH,ITH1,4,Provincia Autonoma Bolzano / Bozen,P.A. Bolzano,533050,29176,5.47,0.04
211,2021-02-27,PAB,2435,753,1682,194,284,4,726,3,1224,2425,10,ITH,ITH1,4,Provincia Autonoma Bolzano / Bozen,P.A. Bolzano,533050,31611,5.93,0.46
212,2021-01-25,PAB,461,176,285,379,80,0,1,0,1,3,458,ITH,ITH1,4,Provincia Autonoma Bolzano / Bozen,P.A. Bolzano,533050,32072,6.02,0.09
213,2021-01-17,PAB,2269,1024,1245,54,236,19,1960,0,0,2257,12,ITH,ITH1,4,Provincia Autonoma Bolzano / Bozen,P.A. Bolzano,533050,34341,6.44,0.43
214,2021-02-04,PAB,1839,556,1283,623,598,404,214,0,0,8,1831,ITH,ITH1,4,Provincia Autonoma Bolzano / Bozen,P.A. Bolzano,533050,36180,6.79,0.34
215,2021-01-28,PAB,867,307,560,584,214,69,0,0,0,10,857,ITH,ITH1,4,Provincia Autonoma Bolzano / Bozen,P.A. Bolzano,533050,37047,6.95,0.16
216,2021-02-09,PAB,317,126,191,64,22,2,227,0,2,1,316,ITH,ITH1,4,Provincia Autonoma Bolzano / Bozen,P.A. Bolzano,533050,37364,7.01,0.06
217,2021-02-25,PAB,1149,409,740,1,20,0,726,0,402,1148,1,ITH,ITH1,4,Provincia Autonoma Bolzano / Bozen,P.A. Bolzano,533050,38513,7.23,0.22
218,2021-02-18,PAB,1639,400,1239,23,320,20,3,0,1273,1635,4,ITH,ITH1,4,Provincia Autonoma Bolzano / Bozen,P.A. Bolzano,533050,40152,7.53,0.31
219,2021-01-08,PAB,1487,469,1018,759,466,166,96,0,0,1487,0,ITH,ITH1,4,Provincia Autonoma Bolzano / Bozen,P.A. Bolzano,533050,41639,7.81,0.28
220,2020-12-31,PAB,867,497,370,439,428,0,0,0,0,867,0,ITH,ITH1,4,Provincia Autonoma Bolzano / Bozen,P.A. Bolzano,533050,42506,7.97,0.16
221,2021-02-19,PAB,1633,392,1241,121,263,73,7,0,1169,1622,11,ITH,ITH1,4,Provincia Autonoma Bolzano / Bozen,P.A. Bolzano,533050,44139,8.28,0.31
222,2021-01-26,PAB,809,291,518,670,139,0,0,0,0,1,808,ITH,ITH1,4,Provincia Autonoma Bolzano / Bozen,P.A. Bolzano,533050,44948,8.43,0.15
223,2021-01-03,PAB,40,15,25,32,7,0,1,0,0,40,0,ITH,ITH1,4,Provincia Autonoma Bolzano / Bozen,P.A. Bolzano,533050,44988,8.44,0.01
224,2021-01-16,PAB,2748,1229,1519,450,360,77,1861,0,0,2748,0,ITH,ITH1,4,Provincia Autonoma Bolzano / Bozen,P.A. Bolzano,533050,47736,8.96,0.52
225,2021-02-07,PAB,2162,973,1189,99,397,1,1665,0,0,10,2152,ITH,ITH1,4,Provincia Autonoma Bolzano / Bozen,P.A. Bolzano,533050,49898,9.36,0.41
226,2021-01-05,PAB,820,283,537,718,102,0,0,0,0,820,0,ITH,ITH1,4,Provincia Autonoma Bolzano / Bozen,P.A. Bolzano,533050,50718,9.51,0.15
227,2021-01-21,PAB,915,426,489,719,101,68,27,0,0,138,777,ITH,ITH1,4,Provincia Autonoma Bolzano / Bozen,P.A. Bolzano,533050,51633,9.69,0.17
228,2020-12-27,PAB,143,65,78,136,6,0,1,0,0,143,0,ITH,ITH1,4,Provincia Autonoma Bolzano / Bozen,P.A. Bolzano,533050,51776,9.71,0.03
229,2021-01-30,PAB,492,243,249,213,178,101,0,0,0,4,488,ITH,ITH1,4,Provincia Autonoma Bolzano / Bozen,P.A. Bolzano,533050,52268,9.81,0.09
230,2021-02-23,PAB,760,319,441,0,62,0,620,0,78,757,3,ITH,ITH1,4,Provincia Autonoma Bolzano / Bozen,P.A. Bolzano,533050,53028,9.95,0.14
231,2021-01-24,PAB,12,10,2,1,11,0,0,0,0,0,12,ITH,ITH1,4,Provincia Autonoma Bolzano / Bozen,P.A. Bolzano,533050,53040,9.95,0.0
232,2021-02-17,PAB,4,1,3,1,2,0,1,0,0,2,2,ITH,ITH1,4,Provincia Autonoma Bolzano / Bozen,P.A. Bolzano,533050,53044,9.95,0.0
233,2021-01-12,PAB,1527,398,1129,299,680,475,73,0,0,1527,0,ITH,ITH1,4,Provincia Autonoma Bolzano / Bozen,P.A. Bolzano,533050,54571,10.24,0.29
234,2021-02-15,PAB,72,42,30,17,10,40,5,0,0,26,46,ITH,ITH1,4,Provincia Autonoma Bolzano / Bozen,P.A. Bolzano,533050,54643,10.25,0.01
235,2021-01-29,PAB,1488,508,980,856,331,295,2,0,4,23,1465,ITH,ITH1,4,Provincia Autonoma Bolzano / Bozen,P.A. Bolzano,533050,56131,10.53,0.28
236,2021-02-11,PAB,1016,398,618,208,362,104,342,0,0,235,781,ITH,ITH1,4,Provincia Autonoma Bolzano / Bozen,P.A. Bolzano,533050,57147,10.72,0.19
237,2021-02-10,PAB,1622,600,1022,484,556,1,581,0,0,26,1596,ITH,ITH1,4,Provincia Autonoma Bolzano / Bozen,P.A. Bolzano,533050,58769,11.03,0.3
238,2021-01-01,PAB,1,1,0,1,0,0,0,0,0,1,0,ITH,ITH1,4,Provincia Autonoma Bolzano / Bozen,P.A. Bolzano,533050,58770,11.03,0.0
239,2021-01-30,CAL,2173,1147,1026,1974,199,0,0,0,0,358,1815,ITF,ITF6,18,Calabria,Calabria,1947131,2173,0.11,0.11
240,2021-01-12,CAL,2058,1017,1041,1706,323,29,0,0,0,2058,0,ITF,ITF6,18,Calabria,Calabria,1947131,4231,0.22,0.11
241,2021-02-25,CAL,2811,1509,1302,736,636,234,862,339,4,2232,579,ITF,ITF6,18,Calabria,Calabria,1947131,7042,0.36,0.14
242,2021-02-11,CAL,2332,1042,1290,1455,636,241,0,0,0,1081,1251,ITF,ITF6,18,Calabria,Calabria,1947131,9374,0.48,0.12
243,2020-12-27,CAL,275,150,125,274,1,0,0,0,0,275,0,ITF,ITF6,18,Calabria,Calabria,1947131,9649,0.5,0.01
244,2021-02-08,CAL,1847,733,1114,1214,512,121,0,0,0,661,1186,ITF,ITF6,18,Calabria,Calabria,1947131,11496,0.59,0.09
245,2021-02-24,CAL,1842,940,902,657,366,115,653,47,4,1368,474,ITF,ITF6,18,Calabria,Calabria,1947131,13338,0.69,0.09
246,2021-01-29,CAL,2047,984,1063,1751,247,49,0,0,0,234,1813,ITF,ITF6,18,Calabria,Calabria,1947131,15385,0.79,0.11
247,2021-01-22,CAL,656,274,382,298,248,110,0,0,0,654,2,ITF,ITF6,18,Calabria,Calabria,1947131,16041,0.82,0.03
248,2021-01-27,CAL,1457,734,723,1226,208,23,0,0,0,396,1061,ITF,ITF6,18,Calabria,Calabria,1947131,17498,0.9,0.07
249,2021-01-21,CAL,958,444,514,735,108,115,0,0,0,929,29,ITF,ITF6,18,Calabria,Calabria,1947131,18456,0.95,0.05
250,2021-02-09,CAL,2146,904,1242,1421,494,231,0,0,0,947,1199,ITF,ITF6,18,Calabria,Calabria,1947131,20602,1.06,0.11
251,2021-01-09,CAL,1916,1036,880,1529,387,0,0,0,0,1916,0,ITF,ITF6,18,Calabria,Calabria,1947131,22518,1.16,0.1
252,2021-02-04,CAL,3391,1623,1768,2560,609,222,0,0,0,644,2747,ITF,ITF6,18,Calabria,Calabria,1947131,25909,1.33,0.17
253,2021-02-06,CAL,2908,1337,1571,2094,567,247,0,0,0,442,2466,ITF,ITF6,18,Calabria,Calabria,1947131,28817,1.48,0.15
254,2021-02-05,CAL,3795,1709,2086,2327,914,554,0,0,0,488,3307,ITF,ITF6,18,Calabria,Calabria,1947131,32612,1.67,0.19
255,2021-01-17,CAL,867,418,449,527,292,48,0,0,0,801,66,ITF,ITF6,18,Calabria,Calabria,1947131,33479,1.72,0.04
256,2021-02-27,CAL,3673,1907,1766,421,588,395,1971,296,2,3295,378,ITF,ITF6,18,Calabria,Calabria,1947131,37152,1.91,0.19
257,2021-01-31,CAL,1107,554,553,764,285,58,0,0,0,155,952,ITF,ITF6,18,Calabria,Calabria,1947131,38259,1.96,0.06
258,2021-02-12,CAL,1711,669,1042,815,760,136,0,0,0,943,768,ITF,ITF6,18,Calabria,Calabria,1947131,39970,2.05,0.09
259,2021-02-13,CAL,1330,582,748,731,488,111,0,0,0,967,363,ITF,ITF6,18,Calabria,Calabria,1947131,41300,2.12,0.07
260,2021-02-18,CAL,1798,802,996,585,509,299,344,0,61,1575,223,ITF,ITF6,18,Calabria,Calabria,1947131,43098,2.21,0.09
261,2021-01-25,CAL,1064,512,552,1021,43,0,0,0,0,156,908,ITF,ITF6,18,Calabria,Calabria,1947131,44162,2.27,0.05
262,2021-02-19,CAL,1461,652,809,544,341,195,380,1,0,1200,261,ITF,ITF6,18,Calabria,Calabria,1947131,45623,2.34,0.08
263,2021-01-11,CAL,2154,1040,1114,1759,392,3,0,0,0,2154,0,ITF,ITF6,18,Calabria,Calabria,1947131,47777,2.45,0.11
264,2021-01-04,CAL,996,492,504,969,27,0,0,0,0,996,0,ITF,ITF6,18,Calabria,Calabria,1947131,48773,2.5,0.05
265,2021-01-14,CAL,2557,1214,1343,1962,592,3,0,0,0,2557,0,ITF,ITF6,18,Calabria,Calabria,1947131,51330,2.64,0.13
266,2021-02-02,CAL,2289,1112,1177,1863,351,75,0,0,0,177,2112,ITF,ITF6,18,Calabria,Calabria,1947131,53619,2.75,0.12
267,2021-02-15,CAL,1137,538,599,499,412,159,66,0,1,989,148,ITF,ITF6,18,Calabria,Calabria,1947131,54756,2.81,0.06
268,2021-02-03,CAL,2763,1428,1335,2170,490,103,0,0,0,583,2180,ITF,ITF6,18,Calabria,Calabria,1947131,57519,2.95,0.14
269,2021-01-13,CAL,2028,1022,1006,1800,194,34,0,0,0,2028,0,ITF,ITF6,18,Calabria,Calabria,1947131,59547,3.06,0.1
270,2021-02-07,CAL,858,427,431,565,212,81,0,0,0,146,712,ITF,ITF6,18,Calabria,Calabria,1947131,60405,3.1,0.04
271,2021-01-19,CAL,1108,488,620,852,180,76,0,0,0,1098,10,ITF,ITF6,18,Calabria,Calabria,1947131,61513,3.16,0.06
272,2021-01-23,CAL,400,186,214,325,52,23,0,0,0,358,42,ITF,ITF6,18,Calabria,Calabria,1947131,61913,3.18,0.02
273,2021-01-10,CAL,929,524,405,830,99,0,0,0,0,929,0,ITF,ITF6,18,Calabria,Calabria,1947131,62842,3.23,0.05
274,2021-02-10,CAL,2463,1074,1389,1469,637,357,0,0,0,839,1624,ITF,ITF6,18,Calabria,Calabria,1947131,65305,3.35,0.13
275,2021-01-06,CAL,926,500,426,822,104,0,0,0,0,926,0,ITF,ITF6,18,Calabria,Calabria,1947131,66231,3.4,0.05
276,2021-02-17,CAL,1681,672,1009,673,343,285,299,0,81,1471,210,ITF,ITF6,18,Calabria,Calabria,1947131,67912,3.49,0.09
277,2021-02-21,CAL,607,286,321,36,164,47,330,30,0,530,77,ITF,ITF6,18,Calabria,Calabria,1947131,68519,3.52,0.03
278,2021-02-16,CAL,1534,643,891,659,517,240,118,0,0,1255,279,ITF,ITF6,18,Calabria,Calabria,1947131,70053,3.6,0.08
279,2021-02-20,CAL,1358,735,623,438,411,55,433,19,2,1043,315,ITF,ITF6,18,Calabria,Calabria,1947131,71411,3.67,0.07
280,2021-02-01,CAL,2496,1192,1304,2044,409,43,0,0,0,248,2248,ITF,ITF6,18,Calabria,Calabria,1947131,73907,3.8,0.13
281,2021-01-07,CAL,2179,1061,1118,1882,297,0,0,0,0,2179,0,ITF,ITF6,18,Calabria,Calabria,1947131,76086,3.91,0.11
282,2021-02-23,CAL,1549,728,821,437,381,206,522,2,1,1434,115,ITF,ITF6,18,Calabria,Calabria,1947131,77635,3.99,0.08
283,2021-01-18,CAL,1230,550,680,982,237,11,0,0,0,1040,190,ITF,ITF6,18,Calabria,Calabria,1947131,78865,4.05,0.06
284,2021-01-28,CAL,2232,1107,1125,1920,312,0,0,0,0,84,2148,ITF,ITF6,18,Calabria,Calabria,1947131,81097,4.16,0.11
285,2021-02-26,CAL,3077,1630,1447,538,688,406,1147,294,4,2610,467,ITF,ITF6,18,Calabria,Calabria,1947131,84174,4.32,0.16
286,2021-01-03,CAL,6,3,3,4,2,0,0,0,0,6,0,ITF,ITF6,18,Calabria,Calabria,1947131,84180,4.32,0.0
287,2021-02-14,CAL,371,145,226,146,142,83,0,0,0,341,30,ITF,ITF6,18,Calabria,Calabria,1947131,84551,4.34,0.02
288,2021-01-08,CAL,2109,1014,1095,1898,211,0,0,0,0,2109,0,ITF,ITF6,18,Calabria,Calabria,1947131,86660,4.45,0.11
289,2021-01-26,CAL,1805,861,944,1571,164,70,0,0,0,285,1520,ITF,ITF6,18,Calabria,Calabria,1947131,88465,4.54,0.09
290,2021-01-05,CAL,1350,618,732,1256,94,0,0,0,0,1350,0,ITF,ITF6,18,Calabria,Calabria,1947131,89815,4.61,0.07
291,2021-01-16,CAL,2394,1120,1274,1664,489,241,0,0,0,2394,0,ITF,ITF6,18,Calabria,Calabria,1947131,92209,4.74,0.12
292,2021-01-02,CAL,165,94,71,165,0,0,0,0,0,165,0,ITF,ITF6,18,Calabria,Calabria,1947131,92374,4.74,0.01
293,2021-01-24,CAL,44,18,26,15,3,26,0,0,0,39,5,ITF,ITF6,18,Calabria,Calabria,1947131,92418,4.75,0.0
294,2020-12-28,CAL,6,2,4,6,0,0,0,0,0,6,0,ITF,ITF6,18,Calabria,Calabria,1947131,92424,4.75,0.0
295,2021-01-20,CAL,1395,622,773,864,352,179,0,0,0,1394,1,ITF,ITF6,18,Calabria,Calabria,1947131,93819,4.82,0.07
296,2021-02-22,CAL,1996,1013,983,727,543,166,552,3,5,1441,555,ITF,ITF6,18,Calabria,Calabria,1947131,95815,4.92,0.1
297,2021-01-15,CAL,2793,1258,1535,1690,691,412,0,0,0,2793,0,ITF,ITF6,18,Calabria,Calabria,1947131,98608,5.06,0.14
298,2021-02-23,MOL,527,202,325,136,382,8,0,0,1,362,165,ITF,ITF2,14,Molise,Molise,305617,527,0.17,0.17
299,2021-01-13,MOL,474,160,314,256,73,144,0,0,1,474,0,ITF,ITF2,14,Molise,Molise,305617,1001,0.33,0.16
300,2021-02-02,MOL,486,155,331,295,63,128,0,0,0,163,323,ITF,ITF2,14,Molise,Molise,305617,1487,0.49,0.16
301,2020-12-27,MOL,50,20,30,29,4,17,0,0,0,50,0,ITF,ITF2,14,Molise,Molise,305617,1537,0.5,0.02
302,2021-02-09,MOL,359,170,189,161,88,110,0,0,0,197,162,ITF,ITF2,14,Molise,Molise,305617,1896,0.62,0.12
303,2021-01-10,MOL,270,72,198,82,19,169,0,0,0,270,0,ITF,ITF2,14,Molise,Molise,305617,2166,0.71,0.09
304,2021-01-31,MOL,268,70,198,85,18,164,0,0,1,6,262,ITF,ITF2,14,Molise,Molise,305617,2434,0.8,0.09
305,2021-01-08,MOL,429,141,288,244,65,120,0,0,0,429,0,ITF,ITF2,14,Molise,Molise,305617,2863,0.94,0.14
306,2021-02-21,MOL,573,227,346,1,572,0,0,0,0,571,2,ITF,ITF2,14,Molise,Molise,305617,3436,1.12,0.19
307,2021-02-18,MOL,319,74,245,296,23,0,0,0,0,306,13,ITF,ITF2,14,Molise,Molise,305617,3755,1.23,0.1
308,2021-01-26,MOL,450,184,266,444,5,0,0,0,1,8,442,ITF,ITF2,14,Molise,Molise,305617,4205,1.38,0.15
309,2021-02-19,MOL,169,93,76,95,70,1,0,0,3,167,2,ITF,ITF2,14,Molise,Molise,305617,4374,1.43,0.06
310,2021-01-28,MOL,613,217,396,430,28,154,0,0,1,17,596,ITF,ITF2,14,Molise,Molise,305617,4987,1.63,0.2
311,2021-02-27,MOL,1364,567,797,26,1287,14,36,0,1,1345,19,ITF,ITF2,14,Molise,Molise,305617,6351,2.08,0.45
312,2021-01-22,MOL,126,35,91,21,32,73,0,0,0,126,0,ITF,ITF2,14,Molise,Molise,305617,6477,2.12,0.04
313,2021-02-05,MOL,593,269,324,460,70,63,0,0,0,55,538,ITF,ITF2,14,Molise,Molise,305617,7070,2.31,0.19
314,2021-02-22,MOL,265,129,136,56,147,62,0,0,0,250,15,ITF,ITF2,14,Molise,Molise,305617,7335,2.4,0.09
315,2021-01-17,MOL,78,38,40,78,0,0,0,0,0,48,30,ITF,ITF2,14,Molise,Molise,305617,7413,2.43,0.03
316,2021-02-08,MOL,334,141,193,206,43,85,0,0,0,216,118,ITF,ITF2,14,Molise,Molise,305617,7747,2.53,0.11
317,2021-02-01,MOL,562,201,361,301,149,111,0,0,1,14,548,ITF,ITF2,14,Molise,Molise,305617,8309,2.72,0.18
318,2021-01-29,MOL,421,136,285,227,82,109,0,0,3,6,415,ITF,ITF2,14,Molise,Molise,305617,8730,2.86,0.14
319,2021-01-12,MOL,336,114,222,132,75,129,0,0,0,336,0,ITF,ITF2,14,Molise,Molise,305617,9066,2.97,0.11
320,2021-02-07,MOL,66,32,34,49,1,16,0,0,0,19,47,ITF,ITF2,14,Molise,Molise,305617,9132,2.99,0.02
321,2021-02-16,MOL,156,70,86,148,8,0,0,0,0,150,6,ITF,ITF2,14,Molise,Molise,305617,9288,3.04,0.05
322,2021-02-17,MOL,72,32,40,47,19,6,0,0,0,57,15,ITF,ITF2,14,Molise,Molise,305617,9360,3.06,0.02
323,2021-02-24,MOL,666,278,388,242,379,44,0,0,1,333,333,ITF,ITF2,14,Molise,Molise,305617,10026,3.28,0.22
324,2021-01-09,MOL,450,152,298,221,51,178,0,0,0,450,0,ITF,ITF2,14,Molise,Molise,305617,10476,3.43,0.15
325,2021-01-30,MOL,460,158,302,189,92,179,0,0,0,12,448,ITF,ITF2,14,Molise,Molise,305617,10936,3.58,0.15
326,2021-01-14,MOL,646,239,407,418,113,115,0,0,0,646,0,ITF,ITF2,14,Molise,Molise,305617,11582,3.79,0.21
327,2021-01-16,MOL,420,166,254,270,23,127,0,0,0,420,0,ITF,ITF2,14,Molise,Molise,305617,12002,3.93,0.14
328,2021-01-06,MOL,689,260,429,456,62,171,0,0,0,689,0,ITF,ITF2,14,Molise,Molise,305617,12691,4.15,0.23
329,2021-01-04,MOL,314,131,183,301,13,0,0,0,0,314,0,ITF,ITF2,14,Molise,Molise,305617,13005,4.26,0.1
330,2021-01-05,MOL,449,180,269,441,8,0,0,0,0,449,0,ITF,ITF2,14,Molise,Molise,305617,13454,4.4,0.15
331,2021-02-06,MOL,428,178,250,275,22,130,0,0,1,28,400,ITF,ITF2,14,Molise,Molise,305617,13882,4.54,0.14
332,2021-02-03,MOL,731,249,482,391,159,180,0,0,1,338,393,ITF,ITF2,14,Molise,Molise,305617,14613,4.78,0.24
333,2021-02-25,MOL,541,239,302,68,445,28,0,0,0,473,68,ITF,ITF2,14,Molise,Molise,305617,15154,4.96,0.18
334,2021-01-15,MOL,538,242,296,398,59,81,0,0,0,538,0,ITF,ITF2,14,Molise,Molise,305617,15692,5.13,0.18
335,2021-01-19,MOL,173,63,110,90,59,22,0,0,2,162,11,ITF,ITF2,14,Molise,Molise,305617,15865,5.19,0.06
336,2021-01-20,MOL,18,8,10,14,4,0,0,0,0,18,0,ITF,ITF2,14,Molise,Molise,305617,15883,5.2,0.01
337,2021-01-25,MOL,319,130,189,317,0,0,0,0,2,3,316,ITF,ITF2,14,Molise,Molise,305617,16202,5.3,0.1
338,2021-02-12,MOL,329,149,180,223,32,72,0,0,2,207,122,ITF,ITF2,14,Molise,Molise,305617,16531,5.41,0.11
339,2021-01-07,MOL,598,209,389,414,39,145,0,0,0,598,0,ITF,ITF2,14,Molise,Molise,305617,17129,5.6,0.2
340,2021-01-11,MOL,557,194,363,196,250,111,0,0,0,557,0,ITF,ITF2,14,Molise,Molise,305617,17686,5.79,0.18
341,2021-02-11,MOL,293,133,160,225,19,45,0,3,1,257,36,ITF,ITF2,14,Molise,Molise,305617,17979,5.88,0.1
342,2021-02-04,MOL,758,295,463,502,114,141,0,0,1,77,681,ITF,ITF2,14,Molise,Molise,305617,18737,6.13,0.25
343,2021-01-18,MOL,114,48,66,97,17,0,0,0,0,114,0,ITF,ITF2,14,Molise,Molise,305617,18851,6.17,0.04
344,2021-02-10,MOL,150,78,72,91,6,53,0,0,0,130,20,ITF,ITF2,14,Molise,Molise,305617,19001,6.22,0.05
345,2021-02-15,MOL,144,70,74,117,12,15,0,0,0,141,3,ITF,ITF2,14,Molise,Molise,305617,19145,6.26,0.05
346,2021-02-20,MOL,1018,441,577,20,940,8,50,0,0,998,20,ITF,ITF2,14,Molise,Molise,305617,20163,6.6,0.33
347,2021-01-21,MOL,6,2,4,0,6,0,0,0,0,6,0,ITF,ITF2,14,Molise,Molise,305617,20169,6.6,0.0
348,2021-02-13,MOL,132,80,52,129,3,0,0,0,0,132,0,ITF,ITF2,14,Molise,Molise,305617,20301,6.64,0.04
349,2021-01-27,MOL,674,251,423,436,28,209,0,0,1,8,666,ITF,ITF2,14,Molise,Molise,305617,20975,6.86,0.22
350,2021-02-26,MOL,563,260,303,42,386,3,77,0,55,490,73,ITF,ITF2,14,Molise,Molise,305617,21538,7.05,0.18
351,2021-01-27,LAZ,5768,2170,3598,4797,385,457,129,0,0,651,5117,ITI,ITI4,12,Lazio,Lazio,5879082,5768,0.1,0.1
352,2021-02-10,LAZ,7770,3112,4658,2645,580,633,3912,0,0,4836,2934,ITI,ITI4,12,Lazio,Lazio,5879082,13538,0.23,0.13
353,2021-01-31,LAZ,4279,1783,2496,3572,339,244,124,0,0,296,3983,ITI,ITI4,12,Lazio,Lazio,5879082,17817,0.3,0.07
354,2021-02-13,LAZ,6270,2434,3836,2122,213,279,3656,0,0,6182,88,ITI,ITI4,12,Lazio,Lazio,5879082,24087,0.41,0.11
355,2021-02-25,LAZ,12531,5476,7055,1752,1206,488,5051,1423,2611,11485,1046,ITI,ITI4,12,Lazio,Lazio,5879082,36618,0.62,0.21
356,2021-01-26,LAZ,7602,2907,4695,6590,256,631,125,0,0,372,7230,ITI,ITI4,12,Lazio,Lazio,5879082,44220,0.75,0.13
357,2021-01-20,LAZ,4360,1648,2712,3251,398,425,286,0,0,2848,1512,ITI,ITI4,12,Lazio,Lazio,5879082,48580,0.83,0.07
358,2021-01-10,LAZ,4036,1700,2336,3421,363,252,0,0,0,4036,0,ITI,ITI4,12,Lazio,Lazio,5879082,52616,0.89,0.07
359,2021-01-24,LAZ,5467,2109,3358,4945,262,134,126,0,0,385,5082,ITI,ITI4,12,Lazio,Lazio,5879082,58083,0.99,0.09
360,2021-01-28,LAZ,7954,2998,4956,6810,496,514,134,0,0,459,7495,ITI,ITI4,12,Lazio,Lazio,5879082,66037,1.12,0.14
361,2021-01-30,LAZ,6649,2730,3919,5298,574,651,126,0,0,448,6201,ITI,ITI4,12,Lazio,Lazio,5879082,72686,1.24,0.11
362,2021-01-11,LAZ,5525,2103,3422,4553,403,569,0,0,0,5525,0,ITI,ITI4,12,Lazio,Lazio,5879082,78211,1.33,0.09
363,2021-01-13,LAZ,5559,2063,3496,4145,402,1009,3,0,0,5559,0,ITI,ITI4,12,Lazio,Lazio,5879082,83770,1.42,0.09
364,2021-02-22,LAZ,11371,4962,6409,1775,307,472,5205,1390,2222,10870,501,ITI,ITI4,12,Lazio,Lazio,5879082,95141,1.62,0.19
365,2021-02-24,LAZ,11902,5157,6745,1794,933,336,5112,1327,2400,10913,989,ITI,ITI4,12,Lazio,Lazio,5879082,107043,1.82,0.2
366,2020-12-30,LAZ,1601,621,980,1575,0,26,0,0,0,1601,0,ITI,ITI4,12,Lazio,Lazio,5879082,108644,1.85,0.03
367,2021-01-17,LAZ,4443,1784,2659,3120,335,177,811,0,0,4337,106,ITI,ITI4,12,Lazio,Lazio,5879082,113087,1.92,0.08
368,2020-12-29,LAZ,418,150,268,418,0,0,0,0,0,418,0,ITI,ITI4,12,Lazio,Lazio,5879082,113505,1.93,0.01
369,2021-02-07,LAZ,4668,1865,2803,3251,385,218,813,0,1,382,4286,ITI,ITI4,12,Lazio,Lazio,5879082,118173,2.01,0.08
370,2021-02-08,LAZ,9332,3867,5465,3787,873,918,3754,0,0,4485,4847,ITI,ITI4,12,Lazio,Lazio,5879082,127505,2.17,0.16
371,2021-01-09,LAZ,6288,2556,3732,5110,558,620,0,0,0,6288,0,ITI,ITI4,12,Lazio,Lazio,5879082,133793,2.28,0.11
372,2020-12-28,LAZ,516,228,288,515,1,0,0,0,0,516,0,ITI,ITI4,12,Lazio,Lazio,5879082,134309,2.28,0.01
373,2021-01-05,LAZ,7370,2802,4568,6690,102,577,0,1,0,7370,0,ITI,ITI4,12,Lazio,Lazio,5879082,141679,2.41,0.13
374,2021-02-27,LAZ,11256,4220,7036,1356,873,514,4692,1120,2701,10312,944,ITI,ITI4,12,Lazio,Lazio,5879082,152935,2.6,0.19
375,2021-02-04,LAZ,6045,2281,3764,4460,621,892,72,0,0,942,5103,ITI,ITI4,12,Lazio,Lazio,5879082,158980,2.7,0.1
376,2021-01-22,LAZ,3662,1442,2220,3379,90,70,123,0,0,148,3514,ITI,ITI4,12,Lazio,Lazio,5879082,162642,2.77,0.06
377,2021-02-18,LAZ,9666,4797,4869,2160,415,473,4952,1665,1,9168,498,ITI,ITI4,12,Lazio,Lazio,5879082,172308,2.93,0.16
378,2021-02-19,LAZ,9668,4881,4787,2167,389,408,5034,1636,34,9171,497,ITI,ITI4,12,Lazio,Lazio,5879082,181976,3.1,0.16
379,2021-02-14,LAZ,5535,2245,3290,1645,318,127,3445,0,0,5286,249,ITI,ITI4,12,Lazio,Lazio,5879082,187511,3.19,0.09
380,2021-01-02,LAZ,6703,2629,4074,6267,78,358,0,0,0,6703,0,ITI,ITI4,12,Lazio,Lazio,5879082,194214,3.3,0.11
381,2021-01-14,LAZ,5217,1960,3257,3872,450,811,84,0,0,5217,0,ITI,ITI4,12,Lazio,Lazio,5879082,199431,3.39,0.09
382,2021-01-04,LAZ,7477,2907,4570,7074,86,316,0,0,1,7477,0,ITI,ITI4,12,Lazio,Lazio,5879082,206908,3.52,0.13
383,2021-02-01,LAZ,5669,2173,3496,4784,319,559,7,0,0,353,5316,ITI,ITI4,12,Lazio,Lazio,5879082,212577,3.62,0.1
384,2021-01-07,LAZ,7719,2891,4828,6877,276,566,0,0,0,7719,0,ITI,ITI4,12,Lazio,Lazio,5879082,220296,3.75,0.13
385,2021-02-20,LAZ,8781,4077,4704,1940,460,297,4752,1310,22,8364,417,ITI,ITI4,12,Lazio,Lazio,5879082,229077,3.9,0.15
386,2021-01-03,LAZ,5250,1972,3278,5125,60,65,0,0,0,5250,0,ITI,ITI4,12,Lazio,Lazio,5879082,234327,3.99,0.09
387,2021-02-03,LAZ,6288,2348,3940,4620,555,1078,35,0,0,901,5387,ITI,ITI4,12,Lazio,Lazio,5879082,240615,4.09,0.11
388,2021-02-06,LAZ,5069,2015,3054,3270,630,660,509,0,0,769,4300,ITI,ITI4,12,Lazio,Lazio,5879082,245684,4.18,0.09
389,2021-01-19,LAZ,4360,1671,2689,2967,561,424,408,0,0,3907,453,ITI,ITI4,12,Lazio,Lazio,5879082,250044,4.25,0.07
390,2021-02-05,LAZ,6909,2722,4187,5095,631,994,189,0,0,1131,5778,ITI,ITI4,12,Lazio,Lazio,5879082,256953,4.37,0.12
391,2021-01-18,LAZ,5345,2069,3276,3411,756,725,453,0,0,4856,489,ITI,ITI4,12,Lazio,Lazio,5879082,262298,4.46,0.09
392,2021-01-29,LAZ,7417,2805,4612,6204,419,704,90,0,0,473,6944,ITI,ITI4,12,Lazio,Lazio,5879082,269715,4.59,0.13
393,2021-02-11,LAZ,6656,2787,3869,2196,333,500,3627,0,0,6458,198,ITI,ITI4,12,Lazio,Lazio,5879082,276371,4.7,0.11
394,2021-01-01,LAZ,3553,1381,2172,3483,2,68,0,0,0,3553,0,ITI,ITI4,12,Lazio,Lazio,5879082,279924,4.76,0.06
395,2021-01-12,LAZ,5391,1974,3417,4343,464,584,0,0,0,5391,0,ITI,ITI4,12,Lazio,Lazio,5879082,285315,4.85,0.09
396,2021-01-23,LAZ,6883,2682,4201,6063,278,417,125,0,0,255,6628,ITI,ITI4,12,Lazio,Lazio,5879082,292198,4.97,0.12
397,2021-01-16,LAZ,5340,2069,3271,3347,461,1062,470,0,0,5340,0,ITI,ITI4,12,Lazio,Lazio,5879082,297538,5.06,0.09
398,2021-02-15,LAZ,7724,3377,4347,2445,675,378,4218,8,0,7427,297,ITI,ITI4,12,Lazio,Lazio,5879082,305262,5.19,0.13
399,2021-01-21,LAZ,5223,2099,3124,4758,108,232,125,0,0,196,5027,ITI,ITI4,12,Lazio,Lazio,5879082,310485,5.28,0.09
400,2021-01-15,LAZ,6223,2465,3758,4476,604,988,155,0,0,6223,0,ITI,ITI4,12,Lazio,Lazio,5879082,316708,5.39,0.11
401,2021-02-02,LAZ,5772,2133,3639,4712,486,571,3,0,0,501,5271,ITI,ITI4,12,Lazio,Lazio,5879082,322480,5.49,0.1
402,2020-12-27,LAZ,139,66,73,139,0,0,0,0,0,139,0,ITI,ITI4,12,Lazio,Lazio,5879082,322619,5.49,0.0
403,2021-02-21,LAZ,6769,3090,3679,1242,362,51,4491,607,16,6488,281,ITI,ITI4,12,Lazio,Lazio,5879082,329388,5.6,0.12
404,2021-02-12,LAZ,6449,2635,3814,1991,423,261,3774,0,0,6372,77,ITI,ITI4,12,Lazio,Lazio,5879082,335837,5.71,0.11
405,2021-01-25,LAZ,7761,3041,4720,7006,270,363,122,0,0,421,7340,ITI,ITI4,12,Lazio,Lazio,5879082,343598,5.84,0.13
406,2021-02-26,LAZ,12761,5559,7202,1907,1330,323,5078,1385,2738,11544,1217,ITI,ITI4,12,Lazio,Lazio,5879082,356359,6.06,0.22
407,2021-02-17,LAZ,8805,4368,4437,2282,432,499,4247,1344,1,8277,528,ITI,ITI4,12,Lazio,Lazio,5879082,365164,6.21,0.15
408,2021-02-23,LAZ,10824,4653,6171,1896,598,309,5097,1014,1910,10200,624,ITI,ITI4,12,Lazio,Lazio,5879082,375988,6.4,0.18
409,2021-02-16,LAZ,8040,3861,4179,2057,577,261,4194,950,1,7783,257,ITI,ITI4,12,Lazio,Lazio,5879082,384028,6.53,0.14
410,2021-01-08,LAZ,7707,2887,4820,6517,392,798,0,0,0,7707,0,ITI,ITI4,12,Lazio,Lazio,5879082,391735,6.66,0.13
411,2021-02-09,LAZ,8391,3483,4908,3258,581,548,4004,0,0,4570,3821,ITI,ITI4,12,Lazio,Lazio,5879082,400126,6.81,0.14
412,2021-01-06,LAZ,5096,1951,3145,4619,155,320,0,1,1,5096,0,ITI,ITI4,12,Lazio,Lazio,5879082,405222,6.89,0.09
413,2020-12-31,LAZ,5218,2095,3123,4927,12,279,0,0,0,5218,0,ITI,ITI4,12,Lazio,Lazio,5879082,410440,6.98,0.09
414,2021-01-04,TOS,5063,1893,3170,4099,32,932,0,0,0,5063,0,ITI,ITI1,9,Toscana,Toscana,3729641,5063,0.14,0.14
415,2021-02-20,TOS,4640,1790,2850,3349,1038,203,17,15,18,4127,513,ITI,ITI1,9,Toscana,Toscana,3729641,9703,0.26,0.12
416,2021-01-19,TOS,1104,531,573,392,221,491,0,0,0,1104,0,ITI,ITI1,9,Toscana,Toscana,3729641,10807,0.29,0.03
417,2021-02-13,TOS,7782,2359,5423,3664,3768,163,0,186,1,7556,226,ITI,ITI1,9,Toscana,Toscana,3729641,18589,0.5,0.21
418,2021-02-01,TOS,5465,1942,3523,4441,407,617,0,0,0,521,4944,ITI,ITI1,9,Toscana,Toscana,3729641,24054,0.64,0.15
419,2021-02-25,TOS,10160,4041,6119,1060,1696,157,3041,1007,3199,9177,983,ITI,ITI1,9,Toscana,Toscana,3729641,34214,0.92,0.27
420,2021-02-06,TOS,4527,1550,2977,3725,575,227,0,0,0,1294,3233,ITI,ITI1,9,Toscana,Toscana,3729641,38741,1.04,0.12
421,2021-01-03,TOS,3336,1052,2284,2565,9,762,0,0,0,3336,0,ITI,ITI1,9,Toscana,Toscana,3729641,42077,1.13,0.09
422,2021-02-26,TOS,9688,3575,6113,1555,1702,203,1727,939,3562,8482,1206,ITI,ITI1,9,Toscana,Toscana,3729641,51765,1.39,0.26
423,2021-02-03,TOS,4220,1452,2768,3475,240,505,0,0,0,240,3980,ITI,ITI1,9,Toscana,Toscana,3729641,55985,1.5,0.11
424,2021-01-22,TOS,2861,1063,1798,2022,81,758,0,0,0,525,2336,ITI,ITI1,9,Toscana,Toscana,3729641,58846,1.58,0.08
425,2021-02-12,TOS,7603,2682,4921,3740,3272,189,0,402,0,7390,213,ITI,ITI1,9,Toscana,Toscana,3729641,66449,1.78,0.2
426,2021-01-24,TOS,3348,1072,2276,2601,37,709,1,0,0,200,3148,ITI,ITI1,9,Toscana,Toscana,3729641,69797,1.87,0.09
427,2021-01-14,TOS,3254,1179,2075,2459,475,320,0,0,0,3254,0,ITI,ITI1,9,Toscana,Toscana,3729641,73051,1.96,0.09
428,2021-01-23,TOS,3949,1354,2595,2936,172,841,0,0,0,640,3309,ITI,ITI1,9,Toscana,Toscana,3729641,77000,2.06,0.11
429,2021-02-15,TOS,8763,3370,5393,4531,2026,215,56,795,1140,7944,819,ITI,ITI1,9,Toscana,Toscana,3729641,85763,2.3,0.23
430,2021-01-17,TOS,2535,871,1664,2002,293,240,0,0,0,2022,513,ITI,ITI1,9,Toscana,Toscana,3729641,88298,2.37,0.07
431,2021-02-18,TOS,8772,3276,5496,2914,1511,196,213,796,3142,7915,857,ITI,ITI1,9,Toscana,Toscana,3729641,97070,2.6,0.24
432,2021-01-21,TOS,1589,686,903,579,220,790,0,0,0,867,722,ITI,ITI1,9,Toscana,Toscana,3729641,98659,2.65,0.04
433,2021-01-15,TOS,3878,1347,2531,2758,676,444,0,0,0,3878,0,ITI,ITI1,9,Toscana,Toscana,3729641,102537,2.75,0.1
434,2021-02-24,TOS,9975,4252,5723,76,1567,220,3960,1204,2948,9797,178,ITI,ITI1,9,Toscana,Toscana,3729641,112512,3.02,0.27
435,2021-02-17,TOS,8153,3163,4990,3458,1172,238,215,584,2486,7414,739,ITI,ITI1,9,Toscana,Toscana,3729641,120665,3.24,0.22
436,2021-02-23,TOS,7667,3301,4366,1488,1569,178,497,1104,2831,7506,161,ITI,ITI1,9,Toscana,Toscana,3729641,128332,3.44,0.21
437,2021-01-13,TOS,4063,1398,2665,3308,350,405,0,0,0,4063,0,ITI,ITI1,9,Toscana,Toscana,3729641,132395,3.55,0.11
438,2021-02-16,TOS,9265,3338,5927,5080,982,178,10,691,2324,8554,711,ITI,ITI1,9,Toscana,Toscana,3729641,141660,3.8,0.25
439,2021-01-07,TOS,6018,1751,4267,5308,30,680,0,0,0,6018,0,ITI,ITI1,9,Toscana,Toscana,3729641,147678,3.96,0.16
440,2021-01-09,TOS,4483,1596,2887,3779,144,560,0,0,0,4483,0,ITI,ITI1,9,Toscana,Toscana,3729641,152161,4.08,0.12
441,2021-01-16,TOS,3271,1046,2225,2493,538,240,0,0,0,3271,0,ITI,ITI1,9,Toscana,Toscana,3729641,155432,4.17,0.09
442,2021-02-04,TOS,4245,1590,2655,3166,624,455,0,0,0,955,3290,ITI,ITI1,9,Toscana,Toscana,3729641,159677,4.28,0.11
443,2021-01-31,TOS,2964,1090,1874,2381,135,448,0,0,0,103,2861,ITI,ITI1,9,Toscana,Toscana,3729641,162641,4.36,0.08
444,2021-02-21,TOS,5101,2087,3014,3667,1216,195,1,13,9,4932,169,ITI,ITI1,9,Toscana,Toscana,3729641,167742,4.5,0.14
445,2021-01-10,TOS,3001,1104,1897,2432,138,431,0,0,0,3001,0,ITI,ITI1,9,Toscana,Toscana,3729641,170743,4.58,0.08
446,2021-01-20,TOS,1314,635,679,432,256,626,0,0,0,1077,237,ITI,ITI1,9,Toscana,Toscana,3729641,172057,4.61,0.04
447,2021-01-28,TOS,6275,1880,4395,5421,66,788,0,0,0,349,5926,ITI,ITI1,9,Toscana,Toscana,3729641,178332,4.78,0.17
448,2021-01-11,TOS,5092,1689,3403,4360,210,522,0,0,0,5092,0,ITI,ITI1,9,Toscana,Toscana,3729641,183424,4.92,0.14
449,2021-02-27,TOS,1840,641,1199,1352,314,49,1,105,19,939,901,ITI,ITI1,9,Toscana,Toscana,3729641,185264,4.97,0.05
450,2021-01-25,TOS,5123,1895,3228,4158,56,909,0,0,0,248,4875,ITI,ITI1,9,Toscana,Toscana,3729641,190387,5.1,0.14
451,2021-01-02,TOS,3497,1097,2400,2682,15,800,0,0,0,3497,0,ITI,ITI1,9,Toscana,Toscana,3729641,193884,5.2,0.09
452,2021-02-05,TOS,5747,2244,3503,4121,1184,442,0,0,0,1923,3824,ITI,ITI1,9,Toscana,Toscana,3729641,199631,5.35,0.15
453,2021-02-11,TOS,5370,2009,3361,2808,2218,323,0,10,11,5128,242,ITI,ITI1,9,Toscana,Toscana,3729641,205001,5.5,0.14
454,2021-02-02,TOS,3734,1471,2263,3020,287,421,0,6,0,188,3546,ITI,ITI1,9,Toscana,Toscana,3729641,208735,5.6,0.1
455,2021-01-18,TOS,1119,636,483,430,314,375,0,0,0,1021,98,ITI,ITI1,9,Toscana,Toscana,3729641,209854,5.63,0.03
456,2021-02-22,TOS,9803,4249,5554,3483,2280,301,22,1014,2703,9525,278,ITI,ITI1,9,Toscana,Toscana,3729641,219657,5.89,0.26
457,2021-01-27,TOS,4835,1572,3263,4019,74,742,0,0,0,207,4628,ITI,ITI1,9,Toscana,Toscana,3729641,224492,6.02,0.13
458,2021-02-10,TOS,4260,1279,2981,3534,241,484,0,1,0,3737,523,ITI,ITI1,9,Toscana,Toscana,3729641,228752,6.13,0.11
459,2021-01-06,TOS,4519,1459,3060,3984,10,525,0,0,0,4519,0,ITI,ITI1,9,Toscana,Toscana,3729641,233271,6.25,0.12
460,2021-01-12,TOS,3581,1398,2183,2944,283,354,0,0,0,3581,0,ITI,ITI1,9,Toscana,Toscana,3729641,236852,6.35,0.1
461,2021-02-07,TOS,2806,953,1853,2349,300,157,0,0,0,885,1921,ITI,ITI1,9,Toscana,Toscana,3729641,239658,6.43,0.08
462,2021-01-01,TOS,2368,786,1582,1716,2,650,0,0,0,2368,0,ITI,ITI1,9,Toscana,Toscana,3729641,242026,6.49,0.06
463,2021-01-05,TOS,5244,1755,3489,4354,11,879,0,0,0,5244,0,ITI,ITI1,9,Toscana,Toscana,3729641,247270,6.63,0.14
464,2021-01-08,TOS,5944,1641,4303,5360,39,545,0,0,0,5944,0,ITI,ITI1,9,Toscana,Toscana,3729641,253214,6.79,0.16
465,2021-02-08,TOS,4094,1358,2736,3372,345,377,0,0,0,3635,459,ITI,ITI1,9,Toscana,Toscana,3729641,257308,6.9,0.11
466,2021-01-30,TOS,4620,1622,2998,3763,219,638,0,0,0,197,4423,ITI,ITI1,9,Toscana,Toscana,3729641,261928,7.02,0.12
467,2021-01-29,TOS,6136,1698,4438,5375,139,622,0,0,0,302,5834,ITI,ITI1,9,Toscana,Toscana,3729641,268064,7.19,0.16
468,2021-02-19,TOS,8248,2927,5321,2963,1232,202,152,579,3120,7753,495,ITI,ITI1,9,Toscana,Toscana,3729641,276312,7.41,0.22
469,2020-12-27,TOS,620,267,353,460,147,13,0,0,0,620,0,ITI,ITI1,9,Toscana,Toscana,3729641,276932,7.43,0.02
470,2021-02-14,TOS,8994,2568,6426,3033,5614,81,0,261,5,8884,110,ITI,ITI1,9,Toscana,Toscana,3729641,285926,7.67,0.24
471,2021-02-09,TOS,4484,1468,3016,3582,388,513,1,0,0,3873,611,ITI,ITI1,9,Toscana,Toscana,3729641,290410,7.79,0.12
472,2020-12-30,TOS,327,104,223,34,10,283,0,0,0,327,0,ITI,ITI1,9,Toscana,Toscana,3729641,290737,7.8,0.01
473,2021-01-26,TOS,5392,1791,3601,4357,84,951,0,0,0,219,5173,ITI,ITI1,9,Toscana,Toscana,3729641,296129,7.94,0.14
474,2020-12-31,TOS,805,202,603,97,10,698,0,0,0,805,0,ITI,ITI1,9,Toscana,Toscana,3729641,296934,7.96,0.02
475,2021-01-17,EMR,2889,887,2002,1913,425,547,0,0,4,2643,246,ITH,ITH5,8,Emilia-Romagna,Emilia-Romagna,4459477,2889,0.06,0.06
476,2020-12-31,EMR,2205,776,1429,1675,203,327,0,0,0,2205,0,ITH,ITH5,8,Emilia-Romagna,Emilia-Romagna,4459477,5094,0.11,0.05
477,2021-02-07,EMR,4786,1534,3252,3675,654,444,10,0,3,1727,3059,ITH,ITH5,8,Emilia-Romagna,Emilia-Romagna,4459477,9880,0.22,0.11
478,2021-01-30,EMR,10035,3507,6528,7560,1706,769,0,0,0,143,9892,ITH,ITH5,8,Emilia-Romagna,Emilia-Romagna,4459477,19915,0.45,0.23
479,2021-01-11,EMR,9323,3266,6057,6573,1483,1267,0,0,0,9323,0,ITH,ITH5,8,Emilia-Romagna,Emilia-Romagna,4459477,29238,0.66,0.21
480,2021-01-25,EMR,6411,2127,4284,5229,504,678,0,0,0,220,6191,ITH,ITH5,8,Emilia-Romagna,Emilia-Romagna,4459477,35649,0.8,0.14
481,2021-01-21,EMR,2150,725,1425,1281,216,653,0,0,0,809,1341,ITH,ITH5,8,Emilia-Romagna,Emilia-Romagna,4459477,37799,0.85,0.05
482,2021-01-22,EMR,1828,477,1351,941,165,722,0,0,0,1089,739,ITH,ITH5,8,Emilia-Romagna,Emilia-Romagna,4459477,39627,0.89,0.04
483,2021-01-06,EMR,8256,2938,5318,6844,761,650,0,1,0,8256,0,ITH,ITH5,8,Emilia-Romagna,Emilia-Romagna,4459477,47883,1.07,0.19
484,2021-01-31,EMR,7692,2758,4934,6172,1259,261,0,0,0,242,7450,ITH,ITH5,8,Emilia-Romagna,Emilia-Romagna,4459477,55575,1.25,0.17
485,2021-01-26,EMR,8324,3000,5324,6595,697,1032,0,0,0,218,8106,ITH,ITH5,8,Emilia-Romagna,Emilia-Romagna,4459477,63899,1.43,0.19
486,2021-02-25,EMR,8919,3405,5514,733,498,139,7549,0,0,7972,947,ITH,ITH5,8,Emilia-Romagna,Emilia-Romagna,4459477,72818,1.63,0.2
487,2021-02-04,EMR,9902,3189,6713,6427,1683,1674,118,0,0,1240,8662,ITH,ITH5,8,Emilia-Romagna,Emilia-Romagna,4459477,82720,1.85,0.22
488,2021-02-02,EMR,9440,3035,6405,6229,1490,1630,90,0,1,506,8934,ITH,ITH5,8,Emilia-Romagna,Emilia-Romagna,4459477,92160,2.07,0.21
489,2021-01-10,EMR,7121,2660,4461,5638,982,499,1,0,1,7121,0,ITH,ITH5,8,Emilia-Romagna,Emilia-Romagna,4459477,99281,2.23,0.16
490,2021-01-12,EMR,9313,3084,6229,6350,1332,1631,0,0,0,9313,0,ITH,ITH5,8,Emilia-Romagna,Emilia-Romagna,4459477,108594,2.44,0.21
491,2021-02-26,EMR,7076,2742,4334,997,607,213,5259,0,0,6041,1035,ITH,ITH5,8,Emilia-Romagna,Emilia-Romagna,4459477,115670,2.59,0.16
492,2021-01-13,EMR,9061,2938,6123,6004,1312,1744,0,0,1,9061,0,ITH,ITH5,8,Emilia-Romagna,Emilia-Romagna,4459477,124731,2.8,0.2
493,2021-02-06,EMR,7511,2372,5139,5354,947,1171,39,0,0,2106,5405,ITH,ITH5,8,Emilia-Romagna,Emilia-Romagna,4459477,132242,2.97,0.17
494,2021-02-05,EMR,9281,2953,6328,6202,1303,1607,169,0,0,1614,7667,ITH,ITH5,8,Emilia-Romagna,Emilia-Romagna,4459477,141523,3.17,0.21
495,2021-01-24,EMR,2444,882,1562,2078,115,250,1,0,0,303,2141,ITH,ITH5,8,Emilia-Romagna,Emilia-Romagna,4459477,143967,3.23,0.05
496,2021-02-13,EMR,3600,1076,2524,2766,523,145,166,0,0,3003,597,ITH,ITH5,8,Emilia-Romagna,Emilia-Romagna,4459477,147567,3.31,0.08
497,2021-02-08,EMR,5176,1516,3660,2814,725,1478,158,0,1,2281,2895,ITH,ITH5,8,Emilia-Romagna,Emilia-Romagna,4459477,152743,3.43,0.12
498,2021-02-22,EMR,7451,3077,4374,385,263,129,6674,0,0,7188,263,ITH,ITH5,8,Emilia-Romagna,Emilia-Romagna,4459477,160194,3.59,0.17
499,2021-02-01,EMR,10287,3594,6693,7443,1585,1259,0,0,0,366,9921,ITH,ITH5,8,Emilia-Romagna,Emilia-Romagna,4459477,170481,3.82,0.23
500,2021-01-19,EMR,2039,502,1537,745,135,1159,0,0,0,2022,17,ITH,ITH5,8,Emilia-Romagna,Emilia-Romagna,4459477,172520,3.87,0.05
501,2021-01-18,EMR,3125,879,2246,1681,316,1128,0,0,0,2448,677,ITH,ITH5,8,Emilia-Romagna,Emilia-Romagna,4459477,175645,3.94,0.07
502,2021-01-04,EMR,7254,2509,4745,6161,516,577,0,0,0,7254,0,ITH,ITH5,8,Emilia-Romagna,Emilia-Romagna,4459477,182899,4.1,0.16
503,2021-02-03,EMR,9269,2971,6298,6224,1343,1617,85,0,0,954,8315,ITH,ITH5,8,Emilia-Romagna,Emilia-Romagna,4459477,192168,4.31,0.21
504,2021-01-03,EMR,2730,934,1796,2480,80,170,0,0,0,2730,0,ITH,ITH5,8,Emilia-Romagna,Emilia-Romagna,4459477,194898,4.37,0.06
505,2021-01-16,EMR,5591,1716,3875,3686,793,1108,0,3,1,5591,0,ITH,ITH5,8,Emilia-Romagna,Emilia-Romagna,4459477,200489,4.5,0.13
506,2021-01-15,EMR,7699,2392,5307,5296,1084,1318,0,0,1,7699,0,ITH,ITH5,8,Emilia-Romagna,Emilia-Romagna,4459477,208188,4.67,0.17
507,2021-01-29,EMR,10324,3476,6848,8077,1229,1018,0,0,0,289,10035,ITH,ITH5,8,Emilia-Romagna,Emilia-Romagna,4459477,218512,4.9,0.23
508,2021-02-12,EMR,5295,1672,3623,3383,921,704,287,0,0,3897,1398,ITH,ITH5,8,Emilia-Romagna,Emilia-Romagna,4459477,223807,5.02,0.12
509,2021-02-17,EMR,6522,2757,3765,799,1298,404,4021,0,0,5748,774,ITH,ITH5,8,Emilia-Romagna,Emilia-Romagna,4459477,230329,5.16,0.15
510,2021-02-16,EMR,5695,2417,3278,738,999,424,3534,0,0,5167,528,ITH,ITH5,8,Emilia-Romagna,Emilia-Romagna,4459477,236024,5.29,0.13
511,2021-02-18,EMR,7037,2889,4148,888,539,236,5374,0,0,6456,581,ITH,ITH5,8,Emilia-Romagna,Emilia-Romagna,4459477,243061,5.45,0.16
512,2021-02-27,EMR,9757,3748,6009,1692,449,99,7517,0,0,8077,1680,ITH,ITH5,8,Emilia-Romagna,Emilia-Romagna,4459477,252818,5.67,0.22
513,2021-01-09,EMR,9872,3425,6447,7823,1169,880,0,0,0,9872,0,ITH,ITH5,8,Emilia-Romagna,Emilia-Romagna,4459477,262690,5.89,0.22
514,2021-01-08,EMR,10808,3555,7253,8454,1272,1080,0,2,0,10808,0,ITH,ITH5,8,Emilia-Romagna,Emilia-Romagna,4459477,273498,6.13,0.24
515,2021-02-24,EMR,9169,3519,5650,623,596,215,7735,0,0,8317,852,ITH,ITH5,8,Emilia-Romagna,Emilia-Romagna,4459477,282667,6.34,0.21
516,2021-02-19,EMR,7289,3000,4289,816,392,256,5823,0,2,6786,503,ITH,ITH5,8,Emilia-Romagna,Emilia-Romagna,4459477,289956,6.5,0.16
517,2021-02-09,EMR,4139,1241,2898,2214,488,1198,239,0,0,2293,1846,ITH,ITH5,8,Emilia-Romagna,Emilia-Romagna,4459477,294095,6.59,0.09
518,2021-02-14,EMR,1397,377,1020,852,486,39,19,1,0,1277,120,ITH,ITH5,8,Emilia-Romagna,Emilia-Romagna,4459477,295492,6.63,0.03
519,2021-02-21,EMR,4393,1693,2700,391,286,188,3527,0,1,3959,434,ITH,ITH5,8,Emilia-Romagna,Emilia-Romagna,4459477,299885,6.72,0.1
520,2020-12-27,EMR,968,372,596,824,118,26,0,0,0,968,0,ITH,ITH5,8,Emilia-Romagna,Emilia-Romagna,4459477,300853,6.75,0.02
521,2021-01-05,EMR,9324,3163,6161,7924,636,764,0,0,0,9324,0,ITH,ITH5,8,Emilia-Romagna,Emilia-Romagna,4459477,310177,6.96,0.21
522,2021-01-02,EMR,2347,903,1444,2071,79,197,0,0,0,2347,0,ITH,ITH5,8,Emilia-Romagna,Emilia-Romagna,4459477,312524,7.01,0.05
523,2021-01-20,EMR,1321,269,1052,391,143,787,0,0,0,1320,1,ITH,ITH5,8,Emilia-Romagna,Emilia-Romagna,4459477,313845,7.04,0.03
524,2021-01-07,EMR,10204,3381,6823,8177,959,1068,0,0,0,10204,0,ITH,ITH5,8,Emilia-Romagna,Emilia-Romagna,4459477,324049,7.27,0.23
525,2021-02-23,EMR,8167,3204,4963,407,317,110,7332,0,1,7784,383,ITH,ITH5,8,Emilia-Romagna,Emilia-Romagna,4459477,332216,7.45,0.18
526,2021-01-28,EMR,10219,3333,6886,8066,1030,1123,0,0,0,351,9868,ITH,ITH5,8,Emilia-Romagna,Emilia-Romagna,4459477,342435,7.68,0.23
527,2021-01-23,EMR,2443,868,1575,1899,114,430,0,0,0,441,2002,ITH,ITH5,8,Emilia-Romagna,Emilia-Romagna,4459477,344878,7.73,0.05
528,2021-01-14,EMR,8086,2572,5514,5390,1088,1606,0,2,0,8086,0,ITH,ITH5,8,Emilia-Romagna,Emilia-Romagna,4459477,352964,7.91,0.18
529,2021-02-11,EMR,4241,1412,2829,2504,702,719,314,0,2,3402,839,ITH,ITH5,8,Emilia-Romagna,Emilia-Romagna,4459477,357205,8.01,0.1
530,2021-02-10,EMR,3926,1350,2576,2310,587,775,254,0,0,2726,1200,ITH,ITH5,8,Emilia-Romagna,Emilia-Romagna,4459477,361131,8.1,0.09
531,2021-01-27,EMR,8315,2933,5382,6884,776,654,0,1,0,463,7852,ITH,ITH5,8,Emilia-Romagna,Emilia-Romagna,4459477,369446,8.28,0.19
532,2021-02-20,EMR,5305,2100,3205,405,242,155,4503,0,0,5041,264,ITH,ITH5,8,Emilia-Romagna,Emilia-Romagna,4459477,374751,8.4,0.12
533,2021-02-15,EMR,2890,845,2045,1980,464,157,289,0,0,2765,125,ITH,ITH5,8,Emilia-Romagna,Emilia-Romagna,4459477,377641,8.47,0.06
534,2021-01-24,PUG,1667,748,919,1286,231,150,0,0,0,151,1516,ITF,ITF4,16,Puglia,Puglia,4029053,1667,0.04,0.04
535,2021-01-30,PUG,5522,2511,3011,4747,347,419,3,0,6,412,5110,ITF,ITF4,16,Puglia,Puglia,4029053,7189,0.18,0.14
536,2021-01-14,PUG,4055,1581,2474,3160,396,497,0,0,2,4055,0,ITF,ITF4,16,Puglia,Puglia,4029053,11244,0.28,0.1
537,2021-01-13,PUG,4529,1724,2805,3963,334,230,0,0,2,4529,0,ITF,ITF4,16,Puglia,Puglia,4029053,15773,0.39,0.11
538,2021-02-23,PUG,8562,4002,4560,1746,471,156,4862,317,1010,8104,458,ITF,ITF4,16,Puglia,Puglia,4029053,24335,0.6,0.21
539,2021-02-24,PUG,8910,4193,4717,1811,699,112,5471,359,458,8326,584,ITF,ITF4,16,Puglia,Puglia,4029053,33245,0.83,0.22
540,2021-01-29,PUG,6184,2655,3529,5458,435,288,0,0,3,436,5748,ITF,ITF4,16,Puglia,Puglia,4029053,39429,0.98,0.15
541,2021-02-12,PUG,4052,1613,2439,2894,452,689,2,10,5,2962,1090,ITF,ITF4,16,Puglia,Puglia,4029053,43481,1.08,0.1
542,2021-01-27,PUG,4573,1927,2646,3914,261,396,0,0,2,610,3963,ITF,ITF4,16,Puglia,Puglia,4029053,48054,1.19,0.11
543,2021-02-13,PUG,3771,1478,2293,2893,516,332,4,18,8,3011,760,ITF,ITF4,16,Puglia,Puglia,4029053,51825,1.29,0.09
544,2021-02-15,PUG,3234,1258,1976,2248,531,452,0,0,3,2616,618,ITF,ITF4,16,Puglia,Puglia,4029053,55059,1.37,0.08
545,2021-01-21,PUG,2129,904,1225,1430,173,526,0,0,0,1270,859,ITF,ITF4,16,Puglia,Puglia,4029053,57188,1.42,0.05
546,2021-01-22,PUG,1408,578,830,876,157,373,1,0,1,991,417,ITF,ITF4,16,Puglia,Puglia,4029053,58596,1.45,0.03
547,2021-02-10,PUG,3625,1429,2196,2504,251,869,0,0,1,2115,1510,ITF,ITF4,16,Puglia,Puglia,4029053,62221,1.54,0.09
548,2021-01-09,PUG,4865,2245,2620,4311,303,246,4,0,1,4865,0,ITF,ITF4,16,Puglia,Puglia,4029053,67086,1.67,0.12
549,2021-01-19,PUG,1222,452,770,527,117,578,0,0,0,1212,10,ITF,ITF4,16,Puglia,Puglia,4029053,68308,1.7,0.03
550,2021-01-04,PUG,4503,2012,2491,4367,120,11,0,0,5,4503,0,ITF,ITF4,16,Puglia,Puglia,4029053,72811,1.81,0.11
551,2021-01-28,PUG,5463,2270,3193,4758,376,327,0,0,2,474,4989,ITF,ITF4,16,Puglia,Puglia,4029053,78274,1.94,0.14
552,2021-02-03,PUG,5026,1998,3028,4361,478,184,0,0,3,728,4298,ITF,ITF4,16,Puglia,Puglia,4029053,83300,2.07,0.12
553,2021-02-26,PUG,11818,4383,7435,1919,779,148,4680,503,3789,10834,984,ITF,ITF4,16,Puglia,Puglia,4029053,95118,2.36,0.29
554,2021-01-23,PUG,3036,1291,1745,2522,206,307,0,0,1,885,2151,ITF,ITF4,16,Puglia,Puglia,4029053,98154,2.44,0.08
555,2020-12-31,PUG,1635,783,852,1550,38,44,0,0,3,1635,0,ITF,ITF4,16,Puglia,Puglia,4029053,99789,2.48,0.04
556,2021-01-18,PUG,1844,770,1074,1181,216,446,0,0,1,1495,349,ITF,ITF4,16,Puglia,Puglia,4029053,101633,2.52,0.05
557,2021-01-06,PUG,3943,1664,2279,3221,349,373,0,0,0,3943,0,ITF,ITF4,16,Puglia,Puglia,4029053,105576,2.62,0.1
558,2021-01-08,PUG,5571,2335,3236,4841,402,325,0,0,3,5571,0,ITF,ITF4,16,Puglia,Puglia,4029053,111147,2.76,0.14
559,2021-02-09,PUG,3796,1553,2243,2516,660,615,0,0,5,2125,1671,ITF,ITF4,16,Puglia,Puglia,4029053,114943,2.85,0.09
560,2021-01-31,PUG,1806,826,980,1500,104,198,2,0,2,74,1732,ITF,ITF4,16,Puglia,Puglia,4029053,116749,2.9,0.04
561,2021-01-20,PUG,1552,544,1008,785,165,602,0,0,0,1544,8,ITF,ITF4,16,Puglia,Puglia,4029053,118301,2.94,0.04
562,2021-01-02,PUG,2944,1296,1648,2825,92,23,0,0,4,2944,0,ITF,ITF4,16,Puglia,Puglia,4029053,121245,3.01,0.07
563,2021-01-11,PUG,3749,1587,2162,3212,357,175,0,3,2,3749,0,ITF,ITF4,16,Puglia,Puglia,4029053,124994,3.1,0.09
564,2021-02-21,PUG,2097,454,1643,535,90,48,29,12,1383,2036,61,ITF,ITF4,16,Puglia,Puglia,4029053,127091,3.15,0.05
565,2021-01-16,PUG,2501,1032,1469,1680,305,515,0,0,1,2501,0,ITF,ITF4,16,Puglia,Puglia,4029053,129592,3.22,0.06
566,2021-02-02,PUG,4279,1808,2471,3578,381,317,0,0,3,584,3695,ITF,ITF4,16,Puglia,Puglia,4029053,133871,3.32,0.11
567,2021-01-15,PUG,4546,1860,2686,3594,387,558,0,3,4,4546,0,ITF,ITF4,16,Puglia,Puglia,4029053,138417,3.44,0.11
568,2020-12-27,PUG,506,249,257,401,42,63,0,0,0,506,0,ITF,ITF4,16,Puglia,Puglia,4029053,138923,3.45,0.01
569,2021-02-17,PUG,4251,1738,2513,2444,1208,597,1,0,1,3654,597,ITF,ITF4,16,Puglia,Puglia,4029053,143174,3.55,0.11
570,2021-02-16,PUG,3363,1443,1920,2122,808,412,3,16,2,2718,645,ITF,ITF4,16,Puglia,Puglia,4029053,146537,3.64,0.08
571,2021-01-01,PUG,146,60,86,145,1,0,0,0,0,146,0,ITF,ITF4,16,Puglia,Puglia,4029053,146683,3.64,0.0
572,2021-01-12,PUG,4199,1762,2437,3625,350,218,1,0,5,4199,0,ITF,ITF4,16,Puglia,Puglia,4029053,150882,3.74,0.1
573,2021-01-25,PUG,3819,1675,2144,3470,179,168,1,0,1,422,3397,ITF,ITF4,16,Puglia,Puglia,4029053,154701,3.84,0.09
574,2021-02-11,PUG,3664,1389,2275,2548,388,725,0,0,3,2393,1271,ITF,ITF4,16,Puglia,Puglia,4029053,158365,3.93,0.09
575,2021-02-20,PUG,2895,1069,1826,2108,259,166,3,4,355,2640,255,ITF,ITF4,16,Puglia,Puglia,4029053,161260,4.0,0.07
576,2021-01-07,PUG,5707,2448,3259,5210,276,217,0,1,3,5707,0,ITF,ITF4,16,Puglia,Puglia,4029053,166967,4.14,0.14
577,2021-02-01,PUG,3957,1657,2300,3438,300,209,0,4,6,376,3581,ITF,ITF4,16,Puglia,Puglia,4029053,170924,4.24,0.1
578,2021-02-08,PUG,3921,1579,2342,2918,588,389,0,25,1,1532,2389,ITF,ITF4,16,Puglia,Puglia,4029053,174845,4.34,0.1
579,2021-02-22,PUG,9189,4331,4858,1394,720,140,6416,214,305,8860,329,ITF,ITF4,16,Puglia,Puglia,4029053,184034,4.57,0.23
580,2021-02-05,PUG,5615,2264,3351,4558,522,526,0,3,6,1318,4297,ITF,ITF4,16,Puglia,Puglia,4029053,189649,4.71,0.14
581,2021-02-06,PUG,4396,1883,2513,3431,485,478,0,0,2,1561,2835,ITF,ITF4,16,Puglia,Puglia,4029053,194045,4.82,0.11
582,2021-01-17,PUG,1295,586,709,819,147,329,0,0,0,1226,69,ITF,ITF4,16,Puglia,Puglia,4029053,195340,4.85,0.03
583,2021-02-27,PUG,11218,3852,7366,1342,634,17,4067,342,4816,10319,899,ITF,ITF4,16,Puglia,Puglia,4029053,206558,5.13,0.28
584,2021-02-04,PUG,5824,2343,3481,4397,812,609,0,0,6,1163,4661,ITF,ITF4,16,Puglia,Puglia,4029053,212382,5.27,0.14
585,2021-02-18,PUG,4151,1739,2412,2514,952,679,4,0,2,3548,603,ITF,ITF4,16,Puglia,Puglia,4029053,216533,5.37,0.1
586,2021-02-19,PUG,4638,1945,2693,3004,1234,385,2,6,7,4245,393,ITF,ITF4,16,Puglia,Puglia,4029053,221171,5.49,0.12
587,2021-01-03,PUG,2004,942,1062,1814,44,145,0,0,1,2004,0,ITF,ITF4,16,Puglia,Puglia,4029053,223175,5.54,0.05
588,2021-02-14,PUG,754,337,417,659,32,62,0,0,1,632,122,ITF,ITF4,16,Puglia,Puglia,4029053,223929,5.56,0.02
589,2021-02-25,PUG,10545,4433,6112,1610,859,352,4885,617,2222,9444,1101,ITF,ITF4,16,Puglia,Puglia,4029053,234474,5.82,0.26
590,2021-02-07,PUG,1324,597,727,946,217,161,0,0,0,244,1080,ITF,ITF4,16,Puglia,Puglia,4029053,235798,5.85,0.03
591,2021-01-05,PUG,5096,2244,2852,4738,250,98,5,0,5,5096,0,ITF,ITF4,16,Puglia,Puglia,4029053,240894,5.98,0.13
592,2021-01-26,PUG,5360,2398,2962,4846,282,232,0,0,0,574,4786,ITF,ITF4,16,Puglia,Puglia,4029053,246254,6.11,0.13
593,2021-01-10,PUG,2345,1059,1286,2035,109,201,0,0,0,2345,0,ITF,ITF4,16,Puglia,Puglia,4029053,248599,6.17,0.06
594,2020-12-30,PUG,1,0,1,1,0,0,0,0,0,1,0,ITF,ITF4,16,Puglia,Puglia,4029053,248600,6.17,0.0
595,2021-01-14,PAT,696,201,495,477,11,208,0,0,0,696,0,ITH,ITH2,4,Provincia Autonoma Trento,P.A. Trento,541380,696,0.13,0.13
596,2021-01-30,PAT,383,130,253,345,7,31,0,0,0,151,232,ITH,ITH2,4,Provincia Autonoma Trento,P.A. Trento,541380,1079,0.2,0.07
597,2021-01-21,PAT,349,93,256,318,15,16,0,0,0,227,122,ITH,ITH2,4,Provincia Autonoma Trento,P.A. Trento,541380,1428,0.26,0.06
598,2021-01-24,PAT,545,274,271,533,12,0,0,0,0,222,323,ITH,ITH2,4,Provincia Autonoma Trento,P.A. Trento,541380,1973,0.36,0.1
599,2021-01-13,PAT,420,123,297,391,6,23,0,0,0,420,0,ITH,ITH2,4,Provincia Autonoma Trento,P.A. Trento,541380,2393,0.44,0.08
600,2021-02-23,PAT,1034,378,656,271,25,17,721,0,0,823,211,ITH,ITH2,4,Provincia Autonoma Trento,P.A. Trento,541380,3427,0.63,0.19
601,2021-02-13,PAT,536,333,203,370,11,0,155,0,0,171,365,ITH,ITH2,4,Provincia Autonoma Trento,P.A. Trento,541380,3963,0.73,0.1
602,2021-02-12,PAT,986,333,653,332,70,55,529,0,0,565,421,ITH,ITH2,4,Provincia Autonoma Trento,P.A. Trento,541380,4949,0.91,0.18
603,2021-01-27,PAT,733,257,476,395,34,303,1,0,0,73,660,ITH,ITH2,4,Provincia Autonoma Trento,P.A. Trento,541380,5682,1.05,0.14
604,2021-01-29,PAT,1349,331,1018,722,86,541,0,0,0,54,1295,ITH,ITH2,4,Provincia Autonoma Trento,P.A. Trento,541380,7031,1.3,0.25
605,2021-01-09,PAT,184,40,144,139,14,31,0,0,0,184,0,ITH,ITH2,4,Provincia Autonoma Trento,P.A. Trento,541380,7215,1.33,0.03
606,2021-02-24,PAT,1234,508,726,227,102,27,878,0,0,839,395,ITH,ITH2,4,Provincia Autonoma Trento,P.A. Trento,541380,8449,1.56,0.23
607,2021-01-22,PAT,1624,420,1204,873,128,623,0,0,0,313,1311,ITH,ITH2,4,Provincia Autonoma Trento,P.A. Trento,541380,10073,1.86,0.3
608,2021-02-16,PAT,644,240,404,71,26,3,544,0,0,639,5,ITH,ITH2,4,Provincia Autonoma Trento,P.A. Trento,541380,10717,1.98,0.12
609,2021-01-23,PAT,570,330,240,480,2,88,0,0,0,384,186,ITH,ITH2,4,Provincia Autonoma Trento,P.A. Trento,541380,11287,2.08,0.11
610,2021-02-26,PAT,957,375,582,204,73,0,680,0,0,664,293,ITH,ITH2,4,Provincia Autonoma Trento,P.A. Trento,541380,12244,2.26,0.18
611,2021-01-08,PAT,1442,312,1130,764,152,526,0,0,0,1442,0,ITH,ITH2,4,Provincia Autonoma Trento,P.A. Trento,541380,13686,2.53,0.27
612,2021-02-09,PAT,913,287,626,441,21,73,378,0,0,441,472,ITH,ITH2,4,Provincia Autonoma Trento,P.A. Trento,541380,14599,2.7,0.17
613,2020-12-31,PAT,1596,439,1157,818,108,670,0,0,0,1596,0,ITH,ITH2,4,Provincia Autonoma Trento,P.A. Trento,541380,16195,2.99,0.29
614,2021-01-18,PAT,640,154,486,527,40,73,0,0,0,586,54,ITH,ITH2,4,Provincia Autonoma Trento,P.A. Trento,541380,16835,3.11,0.12
615,2021-01-06,PAT,42,13,29,42,0,0,0,0,0,42,0,ITH,ITH2,4,Provincia Autonoma Trento,P.A. Trento,541380,16877,3.12,0.01
616,2021-02-15,PAT,519,185,334,144,31,27,317,0,0,406,113,ITH,ITH2,4,Provincia Autonoma Trento,P.A. Trento,541380,17396,3.21,0.1
617,2021-01-05,PAT,707,231,476,494,52,161,0,0,0,707,0,ITH,ITH2,4,Provincia Autonoma Trento,P.A. Trento,541380,18103,3.34,0.13
618,2021-02-06,PAT,572,296,276,177,22,0,373,0,0,432,140,ITH,ITH2,4,Provincia Autonoma Trento,P.A. Trento,541380,18675,3.45,0.11
619,2021-02-02,PAT,889,237,652,505,49,171,164,0,0,190,699,ITH,ITH2,4,Provincia Autonoma Trento,P.A. Trento,541380,19564,3.61,0.16
620,2021-01-20,PAT,288,71,217,229,11,48,0,0,0,276,12,ITH,ITH2,4,Provincia Autonoma Trento,P.A. Trento,541380,19852,3.67,0.05
621,2021-01-02,PAT,498,142,356,334,25,139,0,0,0,498,0,ITH,ITH2,4,Provincia Autonoma Trento,P.A. Trento,541380,20350,3.76,0.09
622,2021-02-21,PAT,154,92,62,154,0,0,0,0,0,42,112,ITH,ITH2,4,Provincia Autonoma Trento,P.A. Trento,541380,20504,3.79,0.03
623,2021-01-11,PAT,724,220,504,516,58,150,0,0,0,724,0,ITH,ITH2,4,Provincia Autonoma Trento,P.A. Trento,541380,21228,3.92,0.13
624,2020-12-27,PAT,103,40,63,76,6,21,0,0,0,103,0,ITH,ITH2,4,Provincia Autonoma Trento,P.A. Trento,541380,21331,3.94,0.02
625,2021-01-15,PAT,590,130,460,459,21,110,0,0,0,590,0,ITH,ITH2,4,Provincia Autonoma Trento,P.A. Trento,541380,21921,4.05,0.11
626,2021-02-17,PAT,1061,405,656,319,45,35,661,0,1,970,91,ITH,ITH2,4,Provincia Autonoma Trento,P.A. Trento,541380,22982,4.25,0.2
627,2021-01-10,PAT,84,19,65,53,19,12,0,0,0,84,0,ITH,ITH2,4,Provincia Autonoma Trento,P.A. Trento,541380,23066,4.26,0.02
628,2021-01-31,PAT,74,15,59,55,13,6,0,0,0,0,74,ITH,ITH2,4,Provincia Autonoma Trento,P.A. Trento,541380,23140,4.27,0.01
629,2021-02-10,PAT,829,282,547,306,104,51,368,0,0,489,340,ITH,ITH2,4,Provincia Autonoma Trento,P.A. Trento,541380,23969,4.43,0.15
630,2021-01-01,PAT,206,48,158,109,11,86,0,0,0,206,0,ITH,ITH2,4,Provincia Autonoma Trento,P.A. Trento,541380,24175,4.47,0.04
631,2021-01-12,PAT,501,158,343,412,30,59,0,0,0,501,0,ITH,ITH2,4,Provincia Autonoma Trento,P.A. Trento,541380,24676,4.56,0.09
632,2021-02-11,PAT,1130,364,766,323,63,48,696,0,0,795,335,ITH,ITH2,4,Provincia Autonoma Trento,P.A. Trento,541380,25806,4.77,0.21
633,2021-02-20,PAT,370,235,135,326,13,30,1,0,0,87,283,ITH,ITH2,4,Provincia Autonoma Trento,P.A. Trento,541380,26176,4.84,0.07
634,2021-02-27,PAT,672,321,351,210,30,0,432,0,0,251,421,ITH,ITH2,4,Provincia Autonoma Trento,P.A. Trento,541380,26848,4.96,0.12
635,2021-02-01,PAT,1218,334,884,766,83,369,0,0,0,92,1126,ITH,ITH2,4,Provincia Autonoma Trento,P.A. Trento,541380,28066,5.18,0.22
636,2021-01-07,PAT,1269,310,959,649,64,556,0,0,0,1269,0,ITH,ITH2,4,Provincia Autonoma Trento,P.A. Trento,541380,29335,5.42,0.23
637,2021-01-25,PAT,774,205,569,482,30,262,0,0,0,23,751,ITH,ITH2,4,Provincia Autonoma Trento,P.A. Trento,541380,30109,5.56,0.14
638,2021-02-08,PAT,1148,318,830,547,63,237,301,0,0,340,808,ITH,ITH2,4,Provincia Autonoma Trento,P.A. Trento,541380,31257,5.77,0.21
639,2021-02-05,PAT,796,269,527,466,22,65,243,0,0,279,517,ITH,ITH2,4,Provincia Autonoma Trento,P.A. Trento,541380,32053,5.92,0.15
640,2021-01-17,PAT,251,195,56,251,0,0,0,0,0,251,0,ITH,ITH2,4,Provincia Autonoma Trento,P.A. Trento,541380,32304,5.97,0.05
641,2021-02-04,PAT,971,303,668,541,17,89,324,0,0,420,551,ITH,ITH2,4,Provincia Autonoma Trento,P.A. Trento,541380,33275,6.15,0.18
642,2021-01-16,PAT,318,147,171,303,1,14,0,0,0,318,0,ITH,ITH2,4,Provincia Autonoma Trento,P.A. Trento,541380,33593,6.21,0.06
643,2021-02-22,PAT,669,243,426,94,25,69,481,0,0,586,83,ITH,ITH2,4,Provincia Autonoma Trento,P.A. Trento,541380,34262,6.33,0.12
644,2021-02-18,PAT,1146,417,729,293,44,35,770,0,4,1083,63,ITH,ITH2,4,Provincia Autonoma Trento,P.A. Trento,541380,35408,6.54,0.21
645,2021-02-19,PAT,850,340,510,167,60,70,553,0,0,792,58,ITH,ITH2,4,Provincia Autonoma Trento,P.A. Trento,541380,36258,6.7,0.16
646,2021-01-19,PAT,403,77,326,363,4,36,0,0,0,403,0,ITH,ITH2,4,Provincia Autonoma Trento,P.A. Trento,541380,36661,6.77,0.07
647,2021-01-28,PAT,530,147,383,390,33,107,0,0,0,48,482,ITH,ITH2,4,Provincia Autonoma Trento,P.A. Trento,541380,37191,6.87,0.1
648,2021-02-03,PAT,844,312,532,353,25,73,393,0,0,414,430,ITH,ITH2,4,Provincia Autonoma Trento,P.A. Trento,541380,38035,7.03,0.16
649,2021-01-03,PAT,483,158,325,409,12,62,0,0,0,483,0,ITH,ITH2,4,Provincia Autonoma Trento,P.A. Trento,541380,38518,7.11,0.09
650,2021-02-14,PAT,246,186,60,240,6,0,0,0,0,11,235,ITH,ITH2,4,Provincia Autonoma Trento,P.A. Trento,541380,38764,7.16,0.05
651,2021-01-04,PAT,852,223,629,481,49,321,1,0,0,852,0,ITH,ITH2,4,Provincia Autonoma Trento,P.A. Trento,541380,39616,7.32,0.16
652,2021-02-25,PAT,1482,602,880,116,75,32,1259,0,0,1016,466,ITH,ITH2,4,Provincia Autonoma Trento,P.A. Trento,541380,41098,7.59,0.27
653,2020-12-30,PAT,6,2,4,4,1,1,0,0,0,6,0,ITH,ITH2,4,Provincia Autonoma Trento,P.A. Trento,541380,41104,7.59,0.0
654,2021-01-26,PAT,497,138,359,397,16,84,0,0,0,25,472,ITH,ITH2,4,Provincia Autonoma Trento,P.A. Trento,541380,41601,7.68,0.09
655,2021-02-17,SIC,5425,3289,2136,1527,1126,880,8,1882,2,4753,672,ITG,ITG1,19,Sicilia,Sicilia,4999891,5425,0.11,0.11
656,2021-01-31,SIC,4111,1958,2153,2600,1216,295,0,0,0,113,3998,ITG,ITG1,19,Sicilia,Sicilia,4999891,9536,0.19,0.08
657,2021-02-10,SIC,4426,1816,2610,1975,1711,740,0,0,0,4001,425,ITG,ITG1,19,Sicilia,Sicilia,4999891,13962,0.28,0.09
658,2021-01-10,SIC,3618,1615,2003,2126,1028,464,0,0,0,3618,0,ITG,ITG1,19,Sicilia,Sicilia,4999891,17580,0.35,0.07
659,2021-01-28,SIC,9327,4399,4928,7463,1569,295,0,0,0,414,8913,ITG,ITG1,19,Sicilia,Sicilia,4999891,26907,0.54,0.19
660,2021-01-02,SIC,4872,2533,2339,4311,561,0,0,0,0,4872,0,ITG,ITG1,19,Sicilia,Sicilia,4999891,31779,0.64,0.1
661,2021-02-14,SIC,1057,402,655,433,388,236,0,0,0,917,140,ITG,ITG1,19,Sicilia,Sicilia,4999891,32836,0.66,0.02
662,2020-12-28,SIC,207,124,83,205,2,0,0,0,0,207,0,ITG,ITG1,19,Sicilia,Sicilia,4999891,33043,0.66,0.0
663,2021-01-11,SIC,5903,2590,3313,3923,1598,382,0,0,0,5903,0,ITG,ITG1,19,Sicilia,Sicilia,4999891,38946,0.78,0.12
664,2021-02-02,SIC,5537,2621,2916,3152,1956,429,0,0,0,633,4904,ITG,ITG1,19,Sicilia,Sicilia,4999891,44483,0.89,0.11
665,2021-01-15,SIC,5079,2233,2846,2824,1776,479,0,0,0,5079,0,ITG,ITG1,19,Sicilia,Sicilia,4999891,49562,0.99,0.1
666,2021-02-11,SIC,5330,2102,3228,2457,1984,889,0,0,0,4866,464,ITG,ITG1,19,Sicilia,Sicilia,4999891,54892,1.1,0.11
667,2021-01-16,SIC,2776,1195,1581,1329,1149,298,0,0,0,2776,0,ITG,ITG1,19,Sicilia,Sicilia,4999891,57668,1.15,0.06
668,2021-02-04,SIC,6877,3159,3718,4417,1920,540,0,0,0,1460,5417,ITG,ITG1,19,Sicilia,Sicilia,4999891,64545,1.29,0.14
669,2021-01-23,SIC,4149,2147,2002,3912,221,16,0,0,0,225,3924,ITG,ITG1,19,Sicilia,Sicilia,4999891,68694,1.37,0.08
670,2021-02-15,SIC,3944,1859,2085,1695,1343,563,10,307,26,3380,564,ITG,ITG1,19,Sicilia,Sicilia,4999891,72638,1.45,0.08
671,2021-02-19,SIC,5133,2736,2397,1482,1349,599,74,1390,239,4565,568,ITG,ITG1,19,Sicilia,Sicilia,4999891,77771,1.56,0.1
672,2021-02-18,SIC,5484,3164,2320,1635,1236,813,9,1695,96,5053,431,ITG,ITG1,19,Sicilia,Sicilia,4999891,83255,1.67,0.11
673,2021-01-18,SIC,1548,646,902,721,619,208,0,0,0,1432,116,ITG,ITG1,19,Sicilia,Sicilia,4999891,84803,1.7,0.03
674,2021-02-21,SIC,5171,2503,2668,376,650,173,3681,138,153,5066,105,ITG,ITG1,19,Sicilia,Sicilia,4999891,89974,1.8,0.1
675,2021-02-24,SIC,9596,4867,4729,1421,1252,499,4027,1474,923,9003,593,ITG,ITG1,19,Sicilia,Sicilia,4999891,99570,1.99,0.19
676,2021-02-13,SIC,3105,1167,1938,1295,1241,569,0,0,0,2848,257,ITG,ITG1,19,Sicilia,Sicilia,4999891,102675,2.05,0.06
677,2021-02-12,SIC,4740,1850,2890,2296,1801,643,0,0,0,4409,331,ITG,ITG1,19,Sicilia,Sicilia,4999891,107415,2.15,0.09
678,2021-01-27,SIC,7529,3834,3695,6327,1050,152,0,0,0,189,7340,ITG,ITG1,19,Sicilia,Sicilia,4999891,114944,2.3,0.15
679,2021-01-25,SIC,7510,3695,3815,6632,808,70,0,0,0,322,7188,ITG,ITG1,19,Sicilia,Sicilia,4999891,122454,2.45,0.15
680,2021-02-08,SIC,4085,1758,2327,2345,1343,397,0,0,0,2127,1958,ITG,ITG1,19,Sicilia,Sicilia,4999891,126539,2.53,0.08
681,2021-01-07,SIC,9173,4239,4934,7694,1269,210,0,0,0,9173,0,ITG,ITG1,19,Sicilia,Sicilia,4999891,135712,2.71,0.18
682,2021-02-16,SIC,4407,2296,2111,1462,1287,776,25,856,1,3940,467,ITG,ITG1,19,Sicilia,Sicilia,4999891,140119,2.8,0.09
683,2021-01-09,SIC,7325,3424,3901,5034,1835,456,0,0,0,7325,0,ITG,ITG1,19,Sicilia,Sicilia,4999891,147444,2.95,0.15
684,2021-01-30,SIC,7836,3569,4267,5449,1912,475,0,0,0,174,7662,ITG,ITG1,19,Sicilia,Sicilia,4999891,155280,3.11,0.16
685,2021-01-14,SIC,5250,2514,2736,3046,1945,259,0,0,0,5250,0,ITG,ITG1,19,Sicilia,Sicilia,4999891,160530,3.21,0.11
686,2021-01-24,SIC,4335,2262,2073,3990,342,3,0,0,0,148,4187,ITG,ITG1,19,Sicilia,Sicilia,4999891,164865,3.3,0.09
687,2021-01-13,SIC,5204,2462,2742,3033,1730,441,0,0,0,5204,0,ITG,ITG1,19,Sicilia,Sicilia,4999891,170069,3.4,0.1
688,2021-02-23,SIC,8944,4686,4258,1265,1236,502,3995,1367,579,8456,488,ITG,ITG1,19,Sicilia,Sicilia,4999891,179013,3.58,0.18
689,2021-02-25,SIC,10139,5268,4871,1768,1700,507,3975,1524,665,8965,1174,ITG,ITG1,19,Sicilia,Sicilia,4999891,189152,3.78,0.2
690,2021-02-01,SIC,6077,2684,3393,4168,1591,318,0,0,0,304,5773,ITG,ITG1,19,Sicilia,Sicilia,4999891,195229,3.9,0.12
691,2021-01-04,SIC,8373,4172,4201,7595,772,6,0,0,0,8373,0,ITG,ITG1,19,Sicilia,Sicilia,4999891,203602,4.07,0.17
692,2021-01-03,SIC,4693,2454,2239,4361,332,0,0,0,0,4693,0,ITG,ITG1,19,Sicilia,Sicilia,4999891,208295,4.17,0.09
693,2021-02-03,SIC,6100,2856,3244,3356,2120,624,0,0,0,756,5344,ITG,ITG1,19,Sicilia,Sicilia,4999891,214395,4.29,0.12
694,2021-01-26,SIC,9514,4679,4835,8378,882,254,0,0,0,265,9249,ITG,ITG1,19,Sicilia,Sicilia,4999891,223909,4.48,0.19
695,2021-02-06,SIC,5032,2200,2832,2530,1932,570,0,0,0,1464,3568,ITG,ITG1,19,Sicilia,Sicilia,4999891,228941,4.58,0.1
696,2021-01-19,SIC,1271,521,750,521,512,238,0,0,0,1093,178,ITG,ITG1,19,Sicilia,Sicilia,4999891,230212,4.6,0.03
697,2021-02-07,SIC,2345,995,1350,1609,581,155,0,0,0,672,1673,ITG,ITG1,19,Sicilia,Sicilia,4999891,232557,4.65,0.05
698,2021-01-20,SIC,808,410,398,422,194,192,0,0,0,573,235,ITG,ITG1,19,Sicilia,Sicilia,4999891,233365,4.67,0.02
699,2021-02-26,SIC,12194,5965,6229,1834,1970,360,3888,1732,2410,10510,1684,ITG,ITG1,19,Sicilia,Sicilia,4999891,245559,4.91,0.24
700,2021-01-17,SIC,1295,584,711,619,516,160,0,0,0,1245,50,ITG,ITG1,19,Sicilia,Sicilia,4999891,246854,4.94,0.03
701,2020-12-30,SIC,173,101,72,156,17,0,0,0,0,173,0,ITG,ITG1,19,Sicilia,Sicilia,4999891,247027,4.94,0.0
702,2020-12-29,SIC,235,146,89,235,0,0,0,0,0,235,0,ITG,ITG1,19,Sicilia,Sicilia,4999891,247262,4.95,0.0
703,2021-02-09,SIC,4366,1830,2536,2236,1490,640,0,0,0,3360,1006,ITG,ITG1,19,Sicilia,Sicilia,4999891,251628,5.03,0.09
704,2021-02-22,SIC,8034,4158,3876,1107,934,554,4065,1053,321,7543,491,ITG,ITG1,19,Sicilia,Sicilia,4999891,259662,5.19,0.16
705,2021-02-05,SIC,7146,3188,3958,3564,2728,854,0,0,0,2128,5018,ITG,ITG1,19,Sicilia,Sicilia,4999891,266808,5.34,0.14
706,2021-01-12,SIC,4542,2234,2308,2863,1484,195,0,0,0,4542,0,ITG,ITG1,19,Sicilia,Sicilia,4999891,271350,5.43,0.09
707,2021-01-05,SIC,10527,5159,5368,9074,1246,207,0,0,0,10527,0,ITG,ITG1,19,Sicilia,Sicilia,4999891,281877,5.64,0.21
708,2020-12-31,SIC,877,469,408,827,50,0,0,0,0,877,0,ITG,ITG1,19,Sicilia,Sicilia,4999891,282754,5.66,0.02
709,2021-01-08,SIC,8328,3864,4464,6591,1524,213,0,0,0,8328,0,ITG,ITG1,19,Sicilia,Sicilia,4999891,291082,5.82,0.17
710,2021-01-06,SIC,6471,3402,3069,5717,752,2,0,0,0,6471,0,ITG,ITG1,19,Sicilia,Sicilia,4999891,297553,5.95,0.13
711,2021-01-29,SIC,9359,4320,5039,7150,1904,305,0,0,0,432,8927,ITG,ITG1,19,Sicilia,Sicilia,4999891,306912,6.14,0.19
712,2021-01-22,SIC,1235,625,610,1035,82,118,0,0,0,242,993,ITG,ITG1,19,Sicilia,Sicilia,4999891,308147,6.16,0.02
713,2021-01-01,SIC,815,437,378,740,75,0,0,0,0,815,0,ITG,ITG1,19,Sicilia,Sicilia,4999891,308962,6.18,0.02
714,2021-02-27,SIC,12435,5563,6872,1512,2423,277,3837,1019,3367,11231,1204,ITG,ITG1,19,Sicilia,Sicilia,4999891,321397,6.43,0.25
715,2020-12-27,SIC,89,54,35,62,2,25,0,0,0,89,0,ITG,ITG1,19,Sicilia,Sicilia,4999891,321486,6.43,0.0
716,2021-01-21,SIC,1328,647,681,1001,190,137,0,0,0,499,829,ITG,ITG1,19,Sicilia,Sicilia,4999891,322814,6.46,0.03
717,2021-02-20,SIC,4596,2443,2153,564,851,316,2246,513,106,4470,126,ITG,ITG1,19,Sicilia,Sicilia,4999891,327410,6.55,0.09
718,2021-01-07,LIG,3057,1049,2008,2256,417,379,0,1,4,3057,0,ITC,ITC3,7,Liguria,Liguria,1550640,3057,0.2,0.2
719,2021-01-08,LIG,2767,964,1803,2005,390,367,0,1,4,2767,0,ITC,ITC3,7,Liguria,Liguria,1550640,5824,0.38,0.18
720,2021-02-19,LIG,3015,1247,1768,921,591,96,1406,0,1,2840,175,ITC,ITC3,7,Liguria,Liguria,1550640,8839,0.57,0.19
721,2021-02-18,LIG,2678,1099,1579,898,445,319,1013,0,3,2444,234,ITC,ITC3,7,Liguria,Liguria,1550640,11517,0.74,0.17
722,2020-12-29,LIG,120,32,88,88,11,21,0,0,0,120,0,ITC,ITC3,7,Liguria,Liguria,1550640,11637,0.75,0.01
723,2021-02-11,LIG,1678,671,1007,1050,255,367,0,0,6,1144,534,ITC,ITC3,7,Liguria,Liguria,1550640,13315,0.86,0.11
724,2021-01-01,LIG,144,55,89,139,5,0,0,0,0,144,0,ITC,ITC3,7,Liguria,Liguria,1550640,13459,0.87,0.01
725,2021-01-18,LIG,1743,656,1087,1083,385,265,0,0,10,1593,150,ITC,ITC3,7,Liguria,Liguria,1550640,15202,0.98,0.11
726,2021-01-16,LIG,1262,547,715,739,223,299,0,0,1,1262,0,ITC,ITC3,7,Liguria,Liguria,1550640,16464,1.06,0.08
727,2021-02-22,LIG,3240,1435,1805,681,205,191,2161,0,2,3155,85,ITC,ITC3,7,Liguria,Liguria,1550640,19704,1.27,0.21
728,2021-01-05,LIG,2841,886,1955,2269,303,262,0,0,7,2841,0,ITC,ITC3,7,Liguria,Liguria,1550640,22545,1.45,0.18
729,2021-01-15,LIG,2198,736,1462,1295,391,510,0,0,2,2198,0,ITC,ITC3,7,Liguria,Liguria,1550640,24743,1.6,0.14
730,2021-01-20,LIG,1274,469,805,614,318,340,0,0,2,1262,12,ITC,ITC3,7,Liguria,Liguria,1550640,26017,1.68,0.08
731,2021-02-02,LIG,2575,966,1609,1914,221,438,0,0,2,192,2383,ITC,ITC3,7,Liguria,Liguria,1550640,28592,1.84,0.17
732,2021-01-06,LIG,1641,606,1035,1210,251,113,64,0,3,1641,0,ITC,ITC3,7,Liguria,Liguria,1550640,30233,1.95,0.11
733,2021-01-10,LIG,644,259,385,366,102,176,0,0,0,644,0,ITC,ITC3,7,Liguria,Liguria,1550640,30877,1.99,0.04
734,2021-01-28,LIG,2787,948,1839,2189,284,308,0,1,5,37,2750,ITC,ITC3,7,Liguria,Liguria,1550640,33664,2.17,0.18
735,2021-01-02,LIG,688,245,443,592,96,0,0,0,0,688,0,ITC,ITC3,7,Liguria,Liguria,1550640,34352,2.22,0.04
736,2021-01-11,LIG,2522,938,1584,1920,328,273,0,0,1,2522,0,ITC,ITC3,7,Liguria,Liguria,1550640,36874,2.38,0.16
737,2021-01-14,LIG,2662,947,1715,1707,520,434,0,0,1,2662,0,ITC,ITC3,7,Liguria,Liguria,1550640,39536,2.55,0.17
738,2021-02-16,LIG,2256,905,1351,883,393,267,711,0,2,1992,264,ITC,ITC3,7,Liguria,Liguria,1550640,41792,2.7,0.15
739,2021-01-09,LIG,1324,475,849,989,146,188,0,0,1,1324,0,ITC,ITC3,7,Liguria,Liguria,1550640,43116,2.78,0.09
740,2021-01-31,LIG,620,267,353,414,71,135,0,0,0,9,611,ITC,ITC3,7,Liguria,Liguria,1550640,43736,2.82,0.04
741,2021-02-10,LIG,2171,793,1378,1275,397,495,0,0,4,1112,1059,ITC,ITC3,7,Liguria,Liguria,1550640,45907,2.96,0.14
742,2021-01-21,LIG,854,322,532,492,164,197,1,0,0,469,385,ITC,ITC3,7,Liguria,Liguria,1550640,46761,3.02,0.06
743,2021-02-20,LIG,1321,631,690,156,462,118,585,0,0,1320,1,ITC,ITC3,7,Liguria,Liguria,1550640,48082,3.1,0.09
744,2021-02-13,LIG,1071,502,569,540,132,145,254,0,0,795,276,ITC,ITC3,7,Liguria,Liguria,1550640,49153,3.17,0.07
745,2021-02-24,LIG,3468,1431,2037,775,264,152,2276,0,1,3215,253,ITC,ITC3,7,Liguria,Liguria,1550640,52621,3.39,0.22
746,2021-02-23,LIG,3594,1472,2122,673,254,113,2550,2,2,3486,108,ITC,ITC3,7,Liguria,Liguria,1550640,56215,3.63,0.23
747,2021-02-17,LIG,2552,1123,1429,844,357,259,1091,0,1,2239,313,ITC,ITC3,7,Liguria,Liguria,1550640,58767,3.79,0.16
748,2021-01-25,LIG,2601,850,1751,2139,177,283,0,0,2,465,2136,ITC,ITC3,7,Liguria,Liguria,1550640,61368,3.96,0.17
749,2021-02-12,LIG,1674,645,1029,740,204,299,430,0,1,1070,604,ITC,ITC3,7,Liguria,Liguria,1550640,63042,4.07,0.11
750,2021-02-26,LIG,3310,1363,1947,706,184,74,2344,0,2,3117,193,ITC,ITC3,7,Liguria,Liguria,1550640,66352,4.28,0.21
751,2021-02-09,LIG,1864,673,1191,1057,330,455,0,0,22,425,1439,ITC,ITC3,7,Liguria,Liguria,1550640,68216,4.4,0.12
752,2021-02-15,LIG,2116,796,1320,960,256,237,661,1,1,1743,373,ITC,ITC3,7,Liguria,Liguria,1550640,70332,4.54,0.14
753,2021-02-04,LIG,2779,970,1809,1840,461,469,0,1,8,237,2542,ITC,ITC3,7,Liguria,Liguria,1550640,73111,4.71,0.18
754,2021-01-17,LIG,859,299,560,514,82,262,0,0,1,859,0,ITC,ITC3,7,Liguria,Liguria,1550640,73970,4.77,0.06
755,2020-12-30,LIG,10,4,6,10,0,0,0,0,0,10,0,ITC,ITC3,7,Liguria,Liguria,1550640,73980,4.77,0.0
756,2021-01-23,LIG,804,293,511,631,129,43,0,0,1,149,655,ITC,ITC3,7,Liguria,Liguria,1550640,74784,4.82,0.05
757,2021-02-07,LIG,399,150,249,189,27,183,0,0,0,3,396,ITC,ITC3,7,Liguria,Liguria,1550640,75183,4.85,0.03
758,2020-12-31,LIG,972,347,625,735,55,154,28,0,0,972,0,ITC,ITC3,7,Liguria,Liguria,1550640,76155,4.91,0.06
759,2021-01-04,LIG,2461,808,1653,2104,233,121,0,0,3,2461,0,ITC,ITC3,7,Liguria,Liguria,1550640,78616,5.07,0.16
760,2021-02-21,LIG,860,486,374,179,317,97,267,0,0,856,4,ITC,ITC3,7,Liguria,Liguria,1550640,79476,5.13,0.06
761,2021-01-13,LIG,2663,978,1685,1868,339,452,0,0,4,2663,0,ITC,ITC3,7,Liguria,Liguria,1550640,82139,5.3,0.17
762,2021-01-30,LIG,1649,561,1088,1254,137,256,0,0,2,25,1624,ITC,ITC3,7,Liguria,Liguria,1550640,83788,5.4,0.11
763,2021-02-06,LIG,1876,758,1118,1298,202,375,0,0,1,145,1731,ITC,ITC3,7,Liguria,Liguria,1550640,85664,5.52,0.12
764,2021-01-19,LIG,1228,411,817,656,300,269,0,0,3,1141,87,ITC,ITC3,7,Liguria,Liguria,1550640,86892,5.6,0.08
765,2021-01-03,LIG,730,228,502,654,75,0,0,0,1,730,0,ITC,ITC3,7,Liguria,Liguria,1550640,87622,5.65,0.05
766,2021-02-03,LIG,2206,756,1450,1571,263,371,0,0,1,115,2091,ITC,ITC3,7,Liguria,Liguria,1550640,89828,5.79,0.14
767,2021-02-05,LIG,2491,907,1584,1605,420,463,0,0,3,364,2127,ITC,ITC3,7,Liguria,Liguria,1550640,92319,5.95,0.16
768,2021-02-25,LIG,3224,1262,1962,540,214,58,2409,2,1,3099,125,ITC,ITC3,7,Liguria,Liguria,1550640,95543,6.16,0.21
769,2020-12-27,LIG,132,54,78,85,2,45,0,0,0,132,0,ITC,ITC3,7,Liguria,Liguria,1550640,95675,6.17,0.01
770,2020-12-28,LIG,76,27,49,73,3,0,0,0,0,76,0,ITC,ITC3,7,Liguria,Liguria,1550640,95751,6.17,0.0
771,2021-01-24,LIG,752,234,518,629,63,60,0,0,0,113,639,ITC,ITC3,7,Liguria,Liguria,1550640,96503,6.22,0.05
772,2021-02-14,LIG,225,119,106,29,30,106,60,0,0,225,0,ITC,ITC3,7,Liguria,Liguria,1550640,96728,6.24,0.01
773,2021-01-26,LIG,2436,788,1648,1922,258,251,0,0,5,101,2335,ITC,ITC3,7,Liguria,Liguria,1550640,99164,6.4,0.16
774,2021-01-27,LIG,1637,582,1055,1287,173,176,0,0,1,140,1497,ITC,ITC3,7,Liguria,Liguria,1550640,100801,6.5,0.11
775,2021-01-12,LIG,2404,855,1549,1694,268,440,0,0,2,2404,0,ITC,ITC3,7,Liguria,Liguria,1550640,103205,6.66,0.16
776,2021-02-08,LIG,1826,704,1122,1201,376,242,0,0,7,302,1524,ITC,ITC3,7,Liguria,Liguria,1550640,105031,6.77,0.12
777,2021-02-01,LIG,2376,871,1505,1851,209,315,0,0,1,76,2300,ITC,ITC3,7,Liguria,Liguria,1550640,107407,6.93,0.15
778,2021-01-29,LIG,2894,1015,1879,2227,301,364,0,0,2,59,2835,ITC,ITC3,7,Liguria,Liguria,1550640,110301,7.11,0.19
779,2021-01-22,LIG,1785,592,1193,1037,186,562,0,0,0,1307,478,ITC,ITC3,7,Liguria,Liguria,1550640,112086,7.23,0.12
780,2021-02-27,LIG,1316,630,686,127,321,5,863,0,0,1195,121,ITC,ITC3,7,Liguria,Liguria,1550640,113402,7.31,0.08
781,2021-01-12,CAM,5214,2563,2651,3439,1435,340,0,0,0,5214,0,ITF,ITF3,15,Campania,Campania,5801692,5214,0.09,0.09
782,2021-02-19,CAM,9553,3557,5996,1647,1128,161,4453,0,2164,8903,650,ITF,ITF3,15,Campania,Campania,5801692,14767,0.25,0.16
783,2021-01-01,CAM,919,506,413,831,88,0,0,0,0,919,0,ITF,ITF3,15,Campania,Campania,5801692,15686,0.27,0.02
784,2021-02-11,CAM,6275,2703,3572,1861,1922,129,2363,0,0,6209,66,ITF,ITF3,15,Campania,Campania,5801692,21961,0.38,0.11
785,2021-01-18,CAM,957,399,558,576,194,187,0,0,0,713,244,ITF,ITF3,15,Campania,Campania,5801692,22918,0.4,0.02
786,2021-02-22,CAM,10530,3255,7275,509,2275,76,3855,0,3815,10269,261,ITF,ITF3,15,Campania,Campania,5801692,33448,0.58,0.18
787,2021-01-16,CAM,3370,1675,1695,1356,1641,373,0,0,0,3370,0,ITF,ITF3,15,Campania,Campania,5801692,36818,0.63,0.06
788,2021-01-06,CAM,7651,3748,3903,5780,1571,300,0,0,0,7651,0,ITF,ITF3,15,Campania,Campania,5801692,44469,0.77,0.13
789,2021-02-08,CAM,5111,2448,2663,1387,2120,226,1378,0,0,4309,802,ITF,ITF3,15,Campania,Campania,5801692,49580,0.85,0.09
790,2021-01-29,CAM,10052,4812,5240,6405,3388,259,0,0,0,47,10005,ITF,ITF3,15,Campania,Campania,5801692,59632,1.03,0.17
791,2020-12-27,CAM,720,422,298,703,17,0,0,0,0,720,0,ITF,ITF3,15,Campania,Campania,5801692,60352,1.04,0.01
792,2021-02-16,CAM,5430,2408,3022,910,1182,169,3169,0,0,4659,771,ITF,ITF3,15,Campania,Campania,5801692,65782,1.13,0.09
793,2021-01-25,CAM,5744,2926,2818,4743,945,56,0,0,0,164,5580,ITF,ITF3,15,Campania,Campania,5801692,71526,1.23,0.1
794,2021-02-27,CAM,13934,4470,9464,598,3061,81,3147,0,7047,12293,1641,ITF,ITF3,15,Campania,Campania,5801692,85460,1.47,0.24
795,2021-02-18,CAM,9074,3810,5264,1710,1340,70,5518,0,436,8365,709,ITF,ITF3,15,Campania,Campania,5801692,94534,1.63,0.16
796,2021-01-08,CAM,10455,4969,5486,6714,3529,212,0,0,0,10455,0,ITF,ITF3,15,Campania,Campania,5801692,104989,1.81,0.18
797,2021-02-17,CAM,7384,3206,4178,996,1083,38,4905,0,362,6324,1060,ITF,ITF3,15,Campania,Campania,5801692,112373,1.94,0.13
798,2021-01-09,CAM,10567,5024,5543,6760,3538,269,0,0,0,10567,0,ITF,ITF3,15,Campania,Campania,5801692,122940,2.12,0.18
799,2021-01-14,CAM,7073,2977,4096,3707,3016,350,0,0,0,7073,0,ITF,ITF3,15,Campania,Campania,5801692,130013,2.24,0.12
800,2021-02-25,CAM,12412,4478,7934,600,2671,124,4906,0,4111,11224,1188,ITF,ITF3,15,Campania,Campania,5801692,142425,2.45,0.21
801,2021-02-20,CAM,8562,3078,5484,1013,857,145,4582,0,1965,8259,303,ITF,ITF3,15,Campania,Campania,5801692,150987,2.6,0.15
802,2021-02-10,CAM,6903,3421,3482,1944,2714,88,2157,0,0,6738,165,ITF,ITF3,15,Campania,Campania,5801692,157890,2.72,0.12
803,2021-02-14,CAM,3932,1925,2007,550,905,17,2460,0,0,3889,43,ITF,ITF3,15,Campania,Campania,5801692,161822,2.79,0.07
804,2021-01-26,CAM,7296,3701,3595,5741,1333,222,0,0,0,352,6944,ITF,ITF3,15,Campania,Campania,5801692,169118,2.91,0.13
805,2021-02-05,CAM,7255,3460,3795,3446,3496,304,9,0,0,2129,5126,ITF,ITF3,15,Campania,Campania,5801692,176373,3.04,0.13
806,2021-02-06,CAM,5340,2665,2675,1990,2877,458,15,0,0,2102,3238,ITF,ITF3,15,Campania,Campania,5801692,181713,3.13,0.09
807,2021-01-05,CAM,7238,3639,3599,5811,1321,106,0,0,0,7238,0,ITF,ITF3,15,Campania,Campania,5801692,188951,3.26,0.12
808,2021-01-10,CAM,8167,3738,4429,5180,2890,97,0,0,0,8167,0,ITF,ITF3,15,Campania,Campania,5801692,197118,3.4,0.14
809,2021-01-30,CAM,10721,5079,5642,6930,3564,227,0,0,0,39,10682,ITF,ITF3,15,Campania,Campania,5801692,207839,3.58,0.18
810,2021-01-11,CAM,4071,1871,2200,2385,1434,252,0,0,0,4071,0,ITF,ITF3,15,Campania,Campania,5801692,211910,3.65,0.07
811,2021-01-23,CAM,3839,2029,1810,3161,609,69,0,0,0,273,3566,ITF,ITF3,15,Campania,Campania,5801692,215749,3.72,0.07
812,2021-02-04,CAM,7943,3429,4514,3965,3685,292,1,0,0,1308,6635,ITF,ITF3,15,Campania,Campania,5801692,223692,3.86,0.14
813,2021-02-15,CAM,5468,2513,2955,976,1002,94,3394,1,1,5295,173,ITF,ITF3,15,Campania,Campania,5801692,229160,3.95,0.09
814,2021-02-09,CAM,4627,2192,2435,1148,2137,6,1336,0,0,4375,252,ITF,ITF3,15,Campania,Campania,5801692,233787,4.03,0.08
815,2021-02-07,CAM,2934,1385,1549,710,1708,226,290,0,0,2156,778,ITF,ITF3,15,Campania,Campania,5801692,236721,4.08,0.05
816,2020-12-31,CAM,1490,811,679,1273,216,1,0,0,0,1490,0,ITF,ITF3,15,Campania,Campania,5801692,238211,4.11,0.03
817,2021-02-24,CAM,11517,4073,7444,712,2312,85,5096,0,3312,10829,688,ITF,ITF3,15,Campania,Campania,5801692,249728,4.3,0.2
818,2021-02-21,CAM,5823,2234,3589,780,653,22,3860,0,508,5598,225,ITF,ITF3,15,Campania,Campania,5801692,255551,4.4,0.1
819,2021-01-17,CAM,1155,551,604,718,286,151,0,0,0,702,453,ITF,ITF3,15,Campania,Campania,5801692,256706,4.42,0.02
820,2021-01-21,CAM,2093,1116,977,1379,639,75,0,0,0,677,1416,ITF,ITF3,15,Campania,Campania,5801692,258799,4.46,0.04
821,2021-02-26,CAM,13259,4201,9058,623,2377,166,3221,1,6871,11928,1331,ITF,ITF3,15,Campania,Campania,5801692,272058,4.69,0.23
822,2021-01-07,CAM,8910,4166,4744,6313,2265,332,0,0,0,8910,0,ITF,ITF3,15,Campania,Campania,5801692,280968,4.84,0.15
823,2021-02-23,CAM,10915,3363,7552,514,2211,220,3685,0,4285,10389,526,ITF,ITF3,15,Campania,Campania,5801692,291883,5.03,0.19
824,2021-02-12,CAM,6548,2872,3676,1808,1467,214,3055,0,4,6335,213,ITF,ITF3,15,Campania,Campania,5801692,298431,5.14,0.11
825,2021-01-22,CAM,1523,775,748,970,344,209,0,0,0,673,850,ITF,ITF3,15,Campania,Campania,5801692,299954,5.17,0.03
826,2021-02-13,CAM,5499,2544,2955,948,807,131,3611,0,2,5281,218,ITF,ITF3,15,Campania,Campania,5801692,305453,5.26,0.09
827,2021-01-24,CAM,4128,2123,2005,3140,822,166,0,0,0,383,3745,ITF,ITF3,15,Campania,Campania,5801692,309581,5.34,0.07
828,2021-01-02,CAM,3674,1963,1711,3167,507,0,0,0,0,3674,0,ITF,ITF3,15,Campania,Campania,5801692,313255,5.4,0.06
829,2021-01-20,CAM,1257,650,607,395,761,101,0,0,0,1257,0,ITF,ITF3,15,Campania,Campania,5801692,314512,5.42,0.02
830,2021-01-31,CAM,8067,3711,4356,5107,2893,67,0,0,0,23,8044,ITF,ITF3,15,Campania,Campania,5801692,322579,5.56,0.14
831,2021-01-27,CAM,7732,3817,3915,5833,1629,270,0,0,0,161,7571,ITF,ITF3,15,Campania,Campania,5801692,330311,5.69,0.13
832,2021-02-01,CAM,3985,1813,2172,2504,1329,152,0,0,0,110,3875,ITF,ITF3,15,Campania,Campania,5801692,334296,5.76,0.07
833,2021-01-28,CAM,8832,4122,4710,6216,2269,347,0,0,0,135,8697,ITF,ITF3,15,Campania,Campania,5801692,343128,5.91,0.15
834,2021-01-19,CAM,1095,474,621,534,390,171,0,0,0,1092,3,ITF,ITF3,15,Campania,Campania,5801692,344223,5.93,0.02
835,2021-02-02,CAM,5722,2804,2918,3640,1728,354,0,0,0,443,5279,ITF,ITF3,15,Campania,Campania,5801692,349945,6.03,0.1
836,2021-01-04,CAM,5826,2963,2863,4850,976,0,0,0,0,5826,0,ITF,ITF3,15,Campania,Campania,5801692,355771,6.13,0.1
837,2021-01-15,CAM,4981,2381,2600,2740,2050,191,0,0,0,4981,0,ITF,ITF3,15,Campania,Campania,5801692,360752,6.22,0.09
838,2021-02-03,CAM,8900,4001,4899,4735,3450,714,1,0,0,877,8023,ITF,ITF3,15,Campania,Campania,5801692,369652,6.37,0.15
839,2021-01-03,CAM,3837,2009,1828,3191,646,0,0,0,0,3837,0,ITF,ITF3,15,Campania,Campania,5801692,373489,6.44,0.07
840,2021-01-13,CAM,8019,3665,4354,4350,3082,587,0,0,0,8019,0,ITF,ITF3,15,Campania,Campania,5801692,381508,6.58,0.14
841,2021-01-17,ABR,187,59,128,136,51,0,0,0,0,180,7,ITF,ITF1,13,Abruzzo,Abruzzo,1304970,187,0.01,0.01
842,2021-01-23,ABR,263,114,149,223,14,26,0,0,0,57,206,ITF,ITF1,13,Abruzzo,Abruzzo,1304970,450,0.03,0.02
843,2021-02-09,ABR,908,311,597,612,165,131,0,0,0,499,409,ITF,ITF1,13,Abruzzo,Abruzzo,1304970,1358,0.1,0.07
844,2021-02-04,ABR,1681,616,1065,1168,456,57,0,0,0,609,1072,ITF,ITF1,13,Abruzzo,Abruzzo,1304970,3039,0.23,0.13
845,2021-02-15,ABR,1793,830,963,625,487,221,214,246,0,1751,42,ITF,ITF1,13,Abruzzo,Abruzzo,1304970,4832,0.37,0.14
846,2021-01-21,ABR,157,47,110,10,6,141,0,0,0,157,0,ITF,ITF1,13,Abruzzo,Abruzzo,1304970,4989,0.38,0.01
847,2021-02-21,ABR,1218,550,668,2,4,3,1207,2,0,1217,1,ITF,ITF1,13,Abruzzo,Abruzzo,1304970,6207,0.48,0.09
848,2021-01-22,ABR,118,57,61,2,4,112,0,0,0,118,0,ITF,ITF1,13,Abruzzo,Abruzzo,1304970,6325,0.48,0.01
849,2021-02-26,ABR,3918,1670,2248,1025,565,160,1649,257,262,2949,969,ITF,ITF1,13,Abruzzo,Abruzzo,1304970,10243,0.78,0.3
850,2021-01-12,ABR,1804,666,1138,1470,334,0,0,0,0,1804,0,ITF,ITF1,13,Abruzzo,Abruzzo,1304970,12047,0.92,0.14
851,2021-02-12,ABR,968,319,649,438,220,310,0,0,0,779,189,ITF,ITF1,13,Abruzzo,Abruzzo,1304970,13015,1.0,0.07
852,2021-02-13,ABR,841,380,461,545,224,72,0,0,0,437,404,ITF,ITF1,13,Abruzzo,Abruzzo,1304970,13856,1.06,0.06
853,2020-12-27,ABR,37,19,18,34,1,2,0,0,0,37,0,ITF,ITF1,13,Abruzzo,Abruzzo,1304970,13893,1.06,0.0
854,2021-02-23,ABR,2781,1272,1509,323,423,215,1434,286,100,2770,11,ITF,ITF1,13,Abruzzo,Abruzzo,1304970,16674,1.28,0.21
855,2021-01-24,ABR,50,22,28,49,1,0,0,0,0,6,44,ITF,ITF1,13,Abruzzo,Abruzzo,1304970,16724,1.28,0.0
856,2021-01-31,ABR,1502,488,1014,1154,245,103,0,0,0,287,1215,ITF,ITF1,13,Abruzzo,Abruzzo,1304970,18226,1.4,0.12
857,2021-01-27,ABR,1364,515,849,1301,63,0,0,0,0,39,1325,ITF,ITF1,13,Abruzzo,Abruzzo,1304970,19590,1.5,0.1
858,2021-01-04,ABR,1401,575,826,1396,5,0,0,0,0,1401,0,ITF,ITF1,13,Abruzzo,Abruzzo,1304970,20991,1.61,0.11
859,2021-01-20,ABR,447,156,291,147,96,204,0,0,0,445,2,ITF,ITF1,13,Abruzzo,Abruzzo,1304970,21438,1.64,0.03
860,2021-02-01,ABR,1632,573,1059,1384,247,1,0,0,0,271,1361,ITF,ITF1,13,Abruzzo,Abruzzo,1304970,23070,1.77,0.13
861,2021-01-03,ABR,471,185,286,464,7,0,0,0,0,471,0,ITF,ITF1,13,Abruzzo,Abruzzo,1304970,23541,1.8,0.04
862,2021-01-19,ABR,111,55,56,27,34,50,0,0,0,91,20,ITF,ITF1,13,Abruzzo,Abruzzo,1304970,23652,1.81,0.01
863,2021-02-03,ABR,2061,717,1344,1541,402,118,0,0,0,419,1642,ITF,ITF1,13,Abruzzo,Abruzzo,1304970,25713,1.97,0.16
864,2021-01-28,ABR,1432,494,938,1369,62,1,0,0,0,12,1420,ITF,ITF1,13,Abruzzo,Abruzzo,1304970,27145,2.08,0.11
865,2021-01-13,ABR,1253,440,813,1103,150,0,0,0,0,1253,0,ITF,ITF1,13,Abruzzo,Abruzzo,1304970,28398,2.18,0.1
866,2021-01-16,ABR,927,428,499,710,202,15,0,0,0,927,0,ITF,ITF1,13,Abruzzo,Abruzzo,1304970,29325,2.25,0.07
867,2021-02-22,ABR,2644,1175,1469,477,357,46,1094,419,251,2614,30,ITF,ITF1,13,Abruzzo,Abruzzo,1304970,31969,2.45,0.2
868,2021-02-11,ABR,816,262,554,473,189,154,0,0,0,773,43,ITF,ITF1,13,Abruzzo,Abruzzo,1304970,32785,2.51,0.06
869,2021-01-06,ABR,1830,664,1166,1546,151,133,0,0,0,1830,0,ITF,ITF1,13,Abruzzo,Abruzzo,1304970,34615,2.65,0.14
870,2021-01-05,ABR,1614,604,1010,1604,10,0,0,0,0,1614,0,ITF,ITF1,13,Abruzzo,Abruzzo,1304970,36229,2.78,0.12
871,2021-01-18,ABR,122,48,74,106,14,2,0,0,0,46,76,ITF,ITF1,13,Abruzzo,Abruzzo,1304970,36351,2.79,0.01
872,2021-01-15,ABR,379,149,230,223,121,35,0,0,0,379,0,ITF,ITF1,13,Abruzzo,Abruzzo,1304970,36730,2.81,0.03
873,2021-02-08,ABR,1201,398,803,710,227,264,0,0,0,491,710,ITF,ITF1,13,Abruzzo,Abruzzo,1304970,37931,2.91,0.09
874,2021-02-24,ABR,3302,1439,1863,391,340,247,1967,226,131,3126,176,ITF,ITF1,13,Abruzzo,Abruzzo,1304970,41233,3.16,0.25
875,2021-01-29,ABR,1386,449,937,1290,96,0,0,0,0,74,1312,ITF,ITF1,13,Abruzzo,Abruzzo,1304970,42619,3.27,0.11
876,2021-02-17,ABR,2073,949,1124,511,241,394,716,210,1,1791,282,ITF,ITF1,13,Abruzzo,Abruzzo,1304970,44692,3.42,0.16
877,2021-01-25,ABR,1604,633,971,1584,20,0,0,0,0,20,1584,ITF,ITF1,13,Abruzzo,Abruzzo,1304970,46296,3.55,0.12
878,2021-02-27,ABR,2748,1307,1441,253,185,123,672,642,873,2482,266,ITF,ITF1,13,Abruzzo,Abruzzo,1304970,49044,3.76,0.21
879,2021-02-18,ABR,2291,934,1357,670,380,416,610,215,0,2161,130,ITF,ITF1,13,Abruzzo,Abruzzo,1304970,51335,3.93,0.18
880,2021-01-09,ABR,1483,565,918,1430,53,0,0,0,0,1483,0,ITF,ITF1,13,Abruzzo,Abruzzo,1304970,52818,4.05,0.11
881,2021-02-19,ABR,3231,1525,1706,990,433,371,1041,388,8,3131,100,ITF,ITF1,13,Abruzzo,Abruzzo,1304970,56049,4.3,0.25
882,2021-01-08,ABR,1525,507,1018,1487,38,0,0,0,0,1525,0,ITF,ITF1,13,Abruzzo,Abruzzo,1304970,57574,4.41,0.12
883,2021-01-07,ABR,1603,552,1051,1566,37,0,0,0,0,1603,0,ITF,ITF1,13,Abruzzo,Abruzzo,1304970,59177,4.53,0.12
884,2021-02-16,ABR,1972,865,1107,841,513,139,404,75,0,1960,12,ITF,ITF1,13,Abruzzo,Abruzzo,1304970,61149,4.69,0.15
885,2021-01-14,ABR,530,189,341,364,166,0,0,0,0,530,0,ITF,ITF1,13,Abruzzo,Abruzzo,1304970,61679,4.73,0.04
886,2021-02-25,ABR,3086,1347,1739,615,557,18,1508,262,126,2558,528,ITF,ITF1,13,Abruzzo,Abruzzo,1304970,64765,4.96,0.24
887,2021-02-10,ABR,947,312,635,621,210,116,0,0,0,503,444,ITF,ITF1,13,Abruzzo,Abruzzo,1304970,65712,5.04,0.07
888,2021-01-26,ABR,1542,567,975,1513,29,0,0,0,0,29,1513,ITF,ITF1,13,Abruzzo,Abruzzo,1304970,67254,5.15,0.12
889,2021-01-10,ABR,1139,409,730,1091,48,0,0,0,0,1139,0,ITF,ITF1,13,Abruzzo,Abruzzo,1304970,68393,5.24,0.09
890,2021-02-20,ABR,4654,1798,2856,303,561,150,1347,406,1887,4578,76,ITF,ITF1,13,Abruzzo,Abruzzo,1304970,73047,5.6,0.36
891,2021-02-05,ABR,1534,520,1014,1187,241,106,0,0,0,787,747,ITF,ITF1,13,Abruzzo,Abruzzo,1304970,74581,5.72,0.12
892,2021-01-30,ABR,1509,566,943,1348,114,47,0,0,0,69,1440,ITF,ITF1,13,Abruzzo,Abruzzo,1304970,76090,5.83,0.12
893,2021-01-02,ABR,548,218,330,540,8,0,0,0,0,548,0,ITF,ITF1,13,Abruzzo,Abruzzo,1304970,76638,5.87,0.04
894,2021-02-06,ABR,1611,742,869,1168,371,72,0,0,0,602,1009,ITF,ITF1,13,Abruzzo,Abruzzo,1304970,78249,6.0,0.12
895,2021-02-02,ABR,1798,677,1121,1243,413,142,0,0,0,241,1557,ITF,ITF1,13,Abruzzo,Abruzzo,1304970,80047,6.13,0.14
896,2021-01-11,ABR,1551,557,994,1337,166,48,0,0,0,1551,0,ITF,ITF1,13,Abruzzo,Abruzzo,1304970,81598,6.25,0.12
897,2021-01-24,FVG,305,119,186,277,27,1,0,0,0,1,304,ITH,ITH4,6,Friuli-Venezia Giulia,Friuli Venezia Giulia,1215220,305,0.03,0.03
898,2021-01-14,FVG,2587,788,1799,1607,550,430,0,0,0,2587,0,ITH,ITH4,6,Friuli-Venezia Giulia,Friuli Venezia Giulia,1215220,2892,0.24,0.21
899,2021-02-27,FVG,2361,908,1453,198,161,0,1515,0,487,2361,0,ITH,ITH4,6,Friuli-Venezia Giulia,Friuli Venezia Giulia,1215220,5253,0.43,0.19
900,2021-01-02,FVG,1217,471,746,1150,67,0,0,0,0,1217,0,ITH,ITH4,6,Friuli-Venezia Giulia,Friuli Venezia Giulia,1215220,6470,0.53,0.1
901,2021-01-07,FVG,2091,718,1373,1759,222,110,0,0,0,2091,0,ITH,ITH4,6,Friuli-Venezia Giulia,Friuli Venezia Giulia,1215220,8561,0.7,0.17
902,2021-01-08,FVG,2322,747,1575,1680,246,396,0,0,0,2322,0,ITH,ITH4,6,Friuli-Venezia Giulia,Friuli Venezia Giulia,1215220,10883,0.9,0.19
903,2021-02-18,FVG,3206,1485,1721,229,139,331,1495,34,978,2800,406,ITH,ITH4,6,Friuli-Venezia Giulia,Friuli Venezia Giulia,1215220,14089,1.16,0.26
904,2021-02-19,FVG,3245,1287,1958,564,322,312,1584,35,428,2816,429,ITH,ITH4,6,Friuli-Venezia Giulia,Friuli Venezia Giulia,1215220,17334,1.43,0.27
905,2021-02-08,FVG,2354,693,1661,1399,521,434,0,0,0,91,2263,ITH,ITH4,6,Friuli-Venezia Giulia,Friuli Venezia Giulia,1215220,19688,1.62,0.19
906,2021-02-20,FVG,2062,932,1130,11,19,148,1578,0,306,1918,144,ITH,ITH4,6,Friuli-Venezia Giulia,Friuli Venezia Giulia,1215220,21750,1.79,0.17
907,2021-01-27,FVG,1269,425,844,849,356,64,0,0,0,447,822,ITH,ITH4,6,Friuli-Venezia Giulia,Friuli Venezia Giulia,1215220,23019,1.89,0.1
908,2021-01-18,FVG,1960,607,1353,1358,492,110,0,0,0,1866,94,ITH,ITH4,6,Friuli-Venezia Giulia,Friuli Venezia Giulia,1215220,24979,2.06,0.16
909,2021-02-13,FVG,562,175,387,334,228,0,0,0,0,556,6,ITH,ITH4,6,Friuli-Venezia Giulia,Friuli Venezia Giulia,1215220,25541,2.1,0.05
910,2021-02-01,FVG,2093,687,1406,1587,371,135,0,0,0,14,2079,ITH,ITH4,6,Friuli-Venezia Giulia,Friuli Venezia Giulia,1215220,27634,2.27,0.17
911,2021-02-12,FVG,1195,424,771,673,394,126,2,0,0,1145,50,ITH,ITH4,6,Friuli-Venezia Giulia,Friuli Venezia Giulia,1215220,28829,2.37,0.1
912,2021-01-29,FVG,2413,813,1600,1855,321,237,0,0,0,264,2149,ITH,ITH4,6,Friuli-Venezia Giulia,Friuli Venezia Giulia,1215220,31242,2.57,0.2
913,2021-02-22,FVG,2482,1190,1292,430,324,115,1362,246,5,2064,418,ITH,ITH4,6,Friuli-Venezia Giulia,Friuli Venezia Giulia,1215220,33724,2.78,0.2
914,2021-02-25,FVG,2963,1528,1435,21,128,189,1550,357,718,2938,25,ITH,ITH4,6,Friuli-Venezia Giulia,Friuli Venezia Giulia,1215220,36687,3.02,0.24
915,2021-02-21,FVG,799,280,519,213,177,25,383,1,0,422,377,ITH,ITH4,6,Friuli-Venezia Giulia,Friuli Venezia Giulia,1215220,37486,3.08,0.07
916,2021-02-07,FVG,1558,483,1075,863,693,2,0,0,0,384,1174,ITH,ITH4,6,Friuli-Venezia Giulia,Friuli Venezia Giulia,1215220,39044,3.21,0.13
917,2020-12-30,FVG,630,246,384,601,29,0,0,0,0,630,0,ITH,ITH4,6,Friuli-Venezia Giulia,Friuli Venezia Giulia,1215220,39674,3.26,0.05
918,2020-12-31,FVG,1053,384,669,1011,42,0,0,0,0,1053,0,ITH,ITH4,6,Friuli-Venezia Giulia,Friuli Venezia Giulia,1215220,40727,3.35,0.09
919,2021-01-04,FVG,1510,559,951,1392,118,0,0,0,0,1510,0,ITH,ITH4,6,Friuli-Venezia Giulia,Friuli Venezia Giulia,1215220,42237,3.48,0.12
920,2021-01-19,FVG,7,2,5,5,0,2,0,0,0,7,0,ITH,ITH4,6,Friuli-Venezia Giulia,Friuli Venezia Giulia,1215220,42244,3.48,0.0
921,2021-01-03,FVG,312,122,190,285,26,1,0,0,0,312,0,ITH,ITH4,6,Friuli-Venezia Giulia,Friuli Venezia Giulia,1215220,42556,3.5,0.03
922,2021-02-05,FVG,2613,784,1829,1613,510,490,0,0,0,90,2523,ITH,ITH4,6,Friuli-Venezia Giulia,Friuli Venezia Giulia,1215220,45169,3.72,0.22
923,2021-01-30,FVG,2271,744,1527,1475,354,442,0,0,0,270,2001,ITH,ITH4,6,Friuli-Venezia Giulia,Friuli Venezia Giulia,1215220,47440,3.9,0.19
924,2021-02-03,FVG,2646,790,1856,1701,558,386,1,0,0,23,2623,ITH,ITH4,6,Friuli-Venezia Giulia,Friuli Venezia Giulia,1215220,50086,4.12,0.22
925,2021-01-10,FVG,2940,919,2021,1745,950,245,0,0,0,2940,0,ITH,ITH4,6,Friuli-Venezia Giulia,Friuli Venezia Giulia,1215220,53026,4.36,0.24
926,2021-01-13,FVG,2651,834,1817,1822,599,230,0,0,0,2651,0,ITH,ITH4,6,Friuli-Venezia Giulia,Friuli Venezia Giulia,1215220,55677,4.58,0.22
927,2020-12-27,FVG,262,149,113,259,3,0,0,0,0,262,0,ITH,ITH4,6,Friuli-Venezia Giulia,Friuli Venezia Giulia,1215220,55939,4.6,0.02
928,2021-02-02,FVG,2465,806,1659,1656,393,416,0,0,0,217,2248,ITH,ITH4,6,Friuli-Venezia Giulia,Friuli Venezia Giulia,1215220,58404,4.81,0.2
929,2021-02-06,FVG,1152,337,815,755,207,190,0,0,0,21,1131,ITH,ITH4,6,Friuli-Venezia Giulia,Friuli Venezia Giulia,1215220,59556,4.9,0.09
930,2021-01-22,FVG,90,30,60,89,1,0,0,0,0,0,90,ITH,ITH4,6,Friuli-Venezia Giulia,Friuli Venezia Giulia,1215220,59646,4.91,0.01
931,2021-01-31,FVG,2712,836,1876,1692,1002,18,0,0,0,385,2327,ITH,ITH4,6,Friuli-Venezia Giulia,Friuli Venezia Giulia,1215220,62358,5.13,0.22
932,2021-02-10,FVG,1352,496,856,745,487,119,0,0,1,1266,86,ITH,ITH4,6,Friuli-Venezia Giulia,Friuli Venezia Giulia,1215220,63710,5.24,0.11
933,2021-01-26,FVG,1972,647,1325,1439,152,381,0,0,0,214,1758,ITH,ITH4,6,Friuli-Venezia Giulia,Friuli Venezia Giulia,1215220,65682,5.4,0.16
934,2021-01-12,FVG,2257,712,1545,1525,371,361,0,0,0,2257,0,ITH,ITH4,6,Friuli-Venezia Giulia,Friuli Venezia Giulia,1215220,67939,5.59,0.19
935,2021-01-17,FVG,1720,524,1196,674,560,486,0,0,0,1720,0,ITH,ITH4,6,Friuli-Venezia Giulia,Friuli Venezia Giulia,1215220,69659,5.73,0.14
936,2021-01-25,FVG,1582,567,1015,1369,141,72,0,0,0,194,1388,ITH,ITH4,6,Friuli-Venezia Giulia,Friuli Venezia Giulia,1215220,71241,5.86,0.13
937,2021-01-21,FVG,894,345,549,863,31,0,0,0,0,1,893,ITH,ITH4,6,Friuli-Venezia Giulia,Friuli Venezia Giulia,1215220,72135,5.94,0.07
938,2021-02-23,FVG,2608,1249,1359,103,105,206,1939,254,1,2430,178,ITH,ITH4,6,Friuli-Venezia Giulia,Friuli Venezia Giulia,1215220,74743,6.15,0.21
939,2021-02-26,FVG,3085,1680,1405,71,134,396,1732,648,104,2939,146,ITH,ITH4,6,Friuli-Venezia Giulia,Friuli Venezia Giulia,1215220,77828,6.4,0.25
940,2021-02-24,FVG,2509,1079,1430,22,53,309,1829,0,296,2491,18,ITH,ITH4,6,Friuli-Venezia Giulia,Friuli Venezia Giulia,1215220,80337,6.61,0.21
941,2021-02-11,FVG,1915,660,1255,1128,562,222,3,0,0,1723,192,ITH,ITH4,6,Friuli-Venezia Giulia,Friuli Venezia Giulia,1215220,82252,6.77,0.16
942,2021-02-17,FVG,2336,989,1347,327,194,228,1541,46,0,1858,478,ITH,ITH4,6,Friuli-Venezia Giulia,Friuli Venezia Giulia,1215220,84588,6.96,0.19
943,2021-01-23,FVG,816,324,492,768,48,0,0,0,0,4,812,ITH,ITH4,6,Friuli-Venezia Giulia,Friuli Venezia Giulia,1215220,85404,7.03,0.07
944,2021-02-16,FVG,2502,1129,1373,260,273,220,1749,0,0,2387,115,ITH,ITH4,6,Friuli-Venezia Giulia,Friuli Venezia Giulia,1215220,87906,7.23,0.21
945,2021-01-09,FVG,2517,841,1676,1519,405,593,0,0,0,2517,0,ITH,ITH4,6,Friuli-Venezia Giulia,Friuli Venezia Giulia,1215220,90423,7.44,0.21
946,2021-02-15,FVG,2442,908,1534,696,401,314,1031,0,0,2192,250,ITH,ITH4,6,Friuli-Venezia Giulia,Friuli Venezia Giulia,1215220,92865,7.64,0.2
947,2021-02-09,FVG,1839,550,1289,1046,507,286,0,0,0,1552,287,ITH,ITH4,6,Friuli-Venezia Giulia,Friuli Venezia Giulia,1215220,94704,7.79,0.15
948,2021-01-20,FVG,750,323,427,719,31,0,0,0,0,12,738,ITH,ITH4,6,Friuli-Venezia Giulia,Friuli Venezia Giulia,1215220,95454,7.85,0.06
949,2021-01-05,FVG,1679,550,1129,1349,133,197,0,0,0,1679,0,ITH,ITH4,6,Friuli-Venezia Giulia,Friuli Venezia Giulia,1215220,97133,7.99,0.14
950,2021-01-16,FVG,1231,360,871,771,212,248,0,0,0,1231,0,ITH,ITH4,6,Friuli-Venezia Giulia,Friuli Venezia Giulia,1215220,98364,8.09,0.1
951,2021-02-04,FVG,2730,807,1923,1722,543,465,0,0,0,36,2694,ITH,ITH4,6,Friuli-Venezia Giulia,Friuli Venezia Giulia,1215220,101094,8.32,0.22
952,2021-01-06,FVG,709,264,445,514,195,0,0,0,0,709,0,ITH,ITH4,6,Friuli-Venezia Giulia,Friuli Venezia Giulia,1215220,101803,8.38,0.06
953,2021-01-28,FVG,2235,792,1443,1754,287,194,0,0,0,354,1881,ITH,ITH4,6,Friuli-Venezia Giulia,Friuli Venezia Giulia,1215220,104038,8.56,0.18
954,2021-01-11,FVG,1882,609,1273,1500,336,46,0,0,0,1882,0,ITH,ITH4,6,Friuli-Venezia Giulia,Friuli Venezia Giulia,1215220,105920,8.72,0.15
955,2021-01-15,FVG,2028,606,1422,1283,370,375,0,0,0,2028,0,ITH,ITH4,6,Friuli-Venezia Giulia,Friuli Venezia Giulia,1215220,107948,8.88,0.17
956,2021-01-02,VEN,5740,1765,3975,4796,398,544,2,0,0,5740,0,ITH,ITH3,5,Veneto,Veneto,4905854,5740,0.12,0.12
957,2021-02-05,VEN,8356,2531,5825,4257,1928,2158,5,5,3,1416,6940,ITH,ITH3,5,Veneto,Veneto,4905854,14096,0.29,0.17
958,2021-01-13,VEN,5975,1600,4375,2790,1302,1880,3,0,0,5975,0,ITH,ITH3,5,Veneto,Veneto,4905854,20071,0.41,0.12
959,2021-01-07,VEN,8361,2321,6040,5467,1087,1807,0,0,0,8361,0,ITH,ITH3,5,Veneto,Veneto,4905854,28432,0.58,0.17
960,2021-02-26,VEN,7518,2931,4587,1352,995,492,4380,30,269,6374,1144,ITH,ITH3,5,Veneto,Veneto,4905854,35950,0.73,0.15
961,2021-02-23,VEN,6967,3052,3915,732,504,144,5372,67,148,6714,253,ITH,ITH3,5,Veneto,Veneto,4905854,42917,0.87,0.14
962,2021-02-16,VEN,6713,2902,3811,732,384,559,5037,1,0,6537,176,ITH,ITH3,5,Veneto,Veneto,4905854,49630,1.01,0.14
963,2021-01-22,VEN,1080,332,748,946,77,57,0,0,0,26,1054,ITH,ITH3,5,Veneto,Veneto,4905854,50710,1.03,0.02
964,2021-02-17,VEN,6005,2765,3240,406,278,363,4953,5,0,5911,94,ITH,ITH3,5,Veneto,Veneto,4905854,56715,1.16,0.12
965,2021-01-29,VEN,8995,2780,6215,6035,1522,1434,3,1,0,367,8628,ITH,ITH3,5,Veneto,Veneto,4905854,65710,1.34,0.18
966,2021-02-09,VEN,5078,1834,3244,3066,866,1126,20,0,0,3388,1690,ITH,ITH3,5,Veneto,Veneto,4905854,70788,1.44,0.1
967,2021-01-31,VEN,4699,1545,3154,3656,675,360,4,2,2,386,4313,ITH,ITH3,5,Veneto,Veneto,4905854,75487,1.54,0.1
968,2021-01-09,VEN,7924,2535,5389,5170,1165,1573,3,11,2,7924,0,ITH,ITH3,5,Veneto,Veneto,4905854,83411,1.7,0.16
969,2021-01-26,VEN,6903,2081,4822,5309,628,962,0,1,3,155,6748,ITH,ITH3,5,Veneto,Veneto,4905854,90314,1.84,0.14
970,2021-02-04,VEN,7291,2011,5280,3433,1467,2378,12,0,1,555,6736,ITH,ITH3,5,Veneto,Veneto,4905854,97605,1.99,0.15
971,2021-02-21,VEN,4625,1203,3422,492,15,18,417,2,3681,4620,5,ITH,ITH3,5,Veneto,Veneto,4905854,102230,2.08,0.09
972,2021-02-07,VEN,2313,861,1452,1924,337,50,2,0,0,714,1599,ITH,ITH3,5,Veneto,Veneto,4905854,104543,2.13,0.05
973,2020-12-30,VEN,699,245,454,598,62,39,0,0,0,699,0,ITH,ITH3,5,Veneto,Veneto,4905854,105242,2.15,0.01
974,2021-01-04,VEN,6726,2029,4697,5238,570,913,1,0,4,6726,0,ITH,ITH3,5,Veneto,Veneto,4905854,111968,2.28,0.14
975,2021-01-18,VEN,2761,782,1979,1216,538,999,8,0,0,2562,199,ITH,ITH3,5,Veneto,Veneto,4905854,114729,2.34,0.06
976,2020-12-31,VEN,3220,1044,2176,2701,265,252,0,0,2,3220,0,ITH,ITH3,5,Veneto,Veneto,4905854,117949,2.4,0.07
977,2021-02-01,VEN,8520,2489,6031,4204,1960,2108,245,0,3,166,8354,ITH,ITH3,5,Veneto,Veneto,4905854,126469,2.58,0.17
978,2021-01-19,VEN,1309,472,837,726,253,324,6,0,0,1160,149,ITH,ITH3,5,Veneto,Veneto,4905854,127778,2.6,0.03
979,2021-01-21,VEN,2290,719,1571,1985,162,141,0,0,2,21,2269,ITH,ITH3,5,Veneto,Veneto,4905854,130068,2.65,0.05
980,2021-01-03,VEN,5157,1563,3594,4596,311,249,0,0,1,5157,0,ITH,ITH3,5,Veneto,Veneto,4905854,135225,2.76,0.11
981,2021-02-03,VEN,5925,1658,4267,2851,1337,1734,1,0,2,474,5451,ITH,ITH3,5,Veneto,Veneto,4905854,141150,2.88,0.12
982,2021-01-30,VEN,8716,2663,6053,6200,1292,1207,4,12,1,675,8041,ITH,ITH3,5,Veneto,Veneto,4905854,149866,3.05,0.18
983,2021-02-06,VEN,4085,1349,2736,3016,699,367,3,0,0,706,3379,ITH,ITH3,5,Veneto,Veneto,4905854,153951,3.14,0.08
984,2021-02-13,VEN,3194,1455,1739,1549,621,1021,3,0,0,3178,16,ITH,ITH3,5,Veneto,Veneto,4905854,157145,3.2,0.07
985,2021-01-24,VEN,4116,1219,2897,3750,142,222,1,0,1,28,4088,ITH,ITH3,5,Veneto,Veneto,4905854,161261,3.29,0.08
986,2021-01-01,VEN,1525,470,1055,1494,30,1,0,0,0,1525,0,ITH,ITH3,5,Veneto,Veneto,4905854,162786,3.32,0.03
987,2021-02-08,VEN,4924,1533,3391,2743,1000,1168,12,0,1,1921,3003,ITH,ITH3,5,Veneto,Veneto,4905854,167710,3.42,0.1
988,2021-02-22,VEN,6950,3012,3938,710,255,334,5416,1,234,6562,388,ITH,ITH3,5,Veneto,Veneto,4905854,174660,3.56,0.14
989,2021-01-05,VEN,7327,2183,5144,5410,790,1122,0,1,4,7327,0,ITH,ITH3,5,Veneto,Veneto,4905854,181987,3.71,0.15
990,2021-01-20,VEN,1039,368,671,696,130,213,0,0,0,387,652,ITH,ITH3,5,Veneto,Veneto,4905854,183026,3.73,0.02
991,2021-01-27,VEN,7141,2064,5077,5203,1057,879,0,0,2,247,6894,ITH,ITH3,5,Veneto,Veneto,4905854,190167,3.88,0.15
992,2020-12-27,VEN,880,395,485,875,4,0,0,0,1,880,0,ITH,ITH3,5,Veneto,Veneto,4905854,191047,3.89,0.02
993,2021-02-02,VEN,6402,1842,4560,2969,1287,1993,152,0,1,392,6010,ITH,ITH3,5,Veneto,Veneto,4905854,197449,4.02,0.13
994,2021-01-28,VEN,9180,2652,6528,6458,1288,1431,0,0,3,172,9008,ITH,ITH3,5,Veneto,Veneto,4905854,206629,4.21,0.19
995,2021-01-10,VEN,5019,1661,3358,3838,715,462,2,2,0,5019,0,ITH,ITH3,5,Veneto,Veneto,4905854,211648,4.31,0.1
996,2021-02-27,VEN,8600,2487,6113,1918,1312,29,1256,12,4073,7810,790,ITH,ITH3,5,Veneto,Veneto,4905854,220248,4.49,0.18
997,2021-02-18,VEN,5660,2431,3229,940,359,553,3803,0,5,5593,67,ITH,ITH3,5,Veneto,Veneto,4905854,225908,4.6,0.12
998,2021-02-25,VEN,7440,3120,4320,1272,525,368,4941,69,265,6885,555,ITH,ITH3,5,Veneto,Veneto,4905854,233348,4.76,0.15
999,2021-01-08,VEN,9398,2831,6567,5978,1605,1807,3,1,4,9398,0,ITH,ITH3,5,Veneto,Veneto,4905854,242746,4.95,0.19
1000,2021-02-14,VEN,124,55,69,93,31,0,0,0,0,111,13,ITH,ITH3,5,Veneto,Veneto,4905854,242870,4.95,0.0
1001,2021-02-19,VEN,7246,3108,4138,1478,885,503,4372,3,5,7045,201,ITH,ITH3,5,Veneto,Veneto,4905854,250116,5.1,0.15
1002,2021-01-06,VEN,8127,2380,5747,6305,1010,807,1,2,2,8127,0,ITH,ITH3,5,Veneto,Veneto,4905854,258243,5.26,0.17
1003,2021-01-16,VEN,4565,1530,3035,3165,750,650,0,0,0,4565,0,ITH,ITH3,5,Veneto,Veneto,4905854,262808,5.36,0.09
1004,2021-02-24,VEN,8096,3453,4643,1207,626,401,5599,256,7,7636,460,ITH,ITH3,5,Veneto,Veneto,4905854,270904,5.52,0.17
1005,2021-01-17,VEN,1932,780,1152,1587,220,120,3,0,2,1583,349,ITH,ITH3,5,Veneto,Veneto,4905854,272836,5.56,0.04
1006,2021-02-12,VEN,4282,1420,2862,2697,900,677,6,2,0,3706,576,ITH,ITH3,5,Veneto,Veneto,4905854,277118,5.65,0.09
1007,2021-01-25,VEN,6466,2074,4392,5059,500,904,1,0,2,170,6296,ITH,ITH3,5,Veneto,Veneto,4905854,283584,5.78,0.13
1008,2021-01-11,VEN,7236,2100,5136,3499,1533,1956,247,0,1,7236,0,ITH,ITH3,5,Veneto,Veneto,4905854,290820,5.93,0.15
1009,2021-01-15,VEN,5871,1820,4051,2991,1300,1565,9,3,3,5871,0,ITH,ITH3,5,Veneto,Veneto,4905854,296691,6.05,0.12
1010,2021-02-11,VEN,3774,1149,2625,2468,632,663,9,1,1,3147,627,ITH,ITH3,5,Veneto,Veneto,4905854,300465,6.12,0.08
1011,2021-01-14,VEN,7053,1924,5129,3228,1335,2473,17,0,0,7053,0,ITH,ITH3,5,Veneto,Veneto,4905854,307518,6.27,0.14
1012,2021-01-12,VEN,5230,1516,3714,2250,1058,1752,168,0,2,5230,0,ITH,ITH3,5,Veneto,Veneto,4905854,312748,6.37,0.11
1013,2021-01-23,VEN,4063,1255,2808,3403,206,450,1,0,3,34,4029,ITH,ITH3,5,Veneto,Veneto,4905854,316811,6.46,0.08
1014,2021-02-15,VEN,4249,1775,2474,415,184,340,3296,13,1,4008,241,ITH,ITH3,5,Veneto,Veneto,4905854,321060,6.54,0.09
1015,2021-02-20,VEN,6248,1946,4302,1702,305,28,970,5,3238,6243,5,ITH,ITH3,5,Veneto,Veneto,4905854,327308,6.67,0.13
1016,2021-02-10,VEN,4678,1561,3117,3064,870,743,0,0,1,3643,1035,ITH,ITH3,5,Veneto,Veneto,4905854,331986,6.77,0.1
1017,2021-01-26,BAS,794,350,444,481,278,35,0,0,0,102,692,ITF,ITF5,17,Basilicata,Basilicata,559084,794,0.14,0.14
1018,2021-01-31,BAS,77,24,53,75,2,0,0,0,0,0,77,ITF,ITF5,17,Basilicata,Basilicata,559084,871,0.16,0.01
1019,2021-02-10,BAS,531,237,294,172,146,122,90,0,1,479,52,ITF,ITF5,17,Basilicata,Basilicata,559084,1402,0.25,0.09
1020,2021-01-29,BAS,612,228,384,277,265,70,0,0,0,63,549,ITF,ITF5,17,Basilicata,Basilicata,559084,2014,0.36,0.11
1021,2021-02-07,BAS,373,159,214,259,74,40,0,0,0,49,324,ITF,ITF5,17,Basilicata,Basilicata,559084,2387,0.43,0.07
1022,2021-02-24,BAS,1779,736,1043,85,28,2,1663,1,0,1710,69,ITF,ITF5,17,Basilicata,Basilicata,559084,4166,0.75,0.32
1023,2021-01-17,BAS,328,133,195,96,178,54,0,0,0,327,1,ITF,ITF5,17,Basilicata,Basilicata,559084,4494,0.8,0.06
1024,2021-01-21,BAS,30,10,20,0,30,0,0,0,0,30,0,ITF,ITF5,17,Basilicata,Basilicata,559084,4524,0.81,0.01
1025,2021-02-26,BAS,2015,850,1165,89,102,1,1823,0,0,1932,83,ITF,ITF5,17,Basilicata,Basilicata,559084,6539,1.17,0.36
1026,2021-01-25,BAS,1019,426,593,672,346,1,0,0,0,74,945,ITF,ITF5,17,Basilicata,Basilicata,559084,7558,1.35,0.18
1027,2021-01-07,BAS,640,319,321,353,258,29,0,0,0,640,0,ITF,ITF5,17,Basilicata,Basilicata,559084,8198,1.47,0.11
1028,2021-02-23,BAS,1752,712,1040,159,45,35,1513,0,0,1614,138,ITF,ITF5,17,Basilicata,Basilicata,559084,9950,1.78,0.31
1029,2021-01-22,BAS,66,24,42,6,60,0,0,0,0,66,0,ITF,ITF5,17,Basilicata,Basilicata,559084,10016,1.79,0.01
1030,2021-02-15,BAS,609,227,382,185,137,40,245,2,0,568,41,ITF,ITF5,17,Basilicata,Basilicata,559084,10625,1.9,0.11
1031,2021-02-09,BAS,489,212,277,200,235,54,0,0,0,314,175,ITF,ITF5,17,Basilicata,Basilicata,559084,11114,1.99,0.09
1032,2021-01-09,BAS,558,161,397,283,207,67,0,0,1,558,0,ITF,ITF5,17,Basilicata,Basilicata,559084,11672,2.09,0.1
1033,2021-01-05,BAS,946,410,536,736,210,0,0,0,0,946,0,ITF,ITF5,17,Basilicata,Basilicata,559084,12618,2.26,0.17
1034,2021-01-20,BAS,84,22,62,0,84,0,0,0,0,84,0,ITF,ITF5,17,Basilicata,Basilicata,559084,12702,2.27,0.02
1035,2021-01-27,BAS,410,174,236,151,233,26,0,0,0,113,297,ITF,ITF5,17,Basilicata,Basilicata,559084,13112,2.35,0.07
1036,2021-01-02,BAS,948,379,569,851,94,0,0,0,3,948,0,ITF,ITF5,17,Basilicata,Basilicata,559084,14060,2.51,0.17
1037,2020-12-27,BAS,106,41,65,104,2,0,0,0,0,106,0,ITF,ITF5,17,Basilicata,Basilicata,559084,14166,2.53,0.02
1038,2021-01-11,BAS,183,66,117,78,64,41,0,0,0,183,0,ITF,ITF5,17,Basilicata,Basilicata,559084,14349,2.57,0.03
1039,2021-01-15,BAS,812,349,463,455,183,174,0,0,0,812,0,ITF,ITF5,17,Basilicata,Basilicata,559084,15161,2.71,0.15
1040,2021-01-28,BAS,903,401,502,540,281,82,0,0,0,119,784,ITF,ITF5,17,Basilicata,Basilicata,559084,16064,2.87,0.16
1041,2021-01-14,BAS,969,413,556,423,223,323,0,0,0,969,0,ITF,ITF5,17,Basilicata,Basilicata,559084,17033,3.05,0.17
1042,2021-01-18,BAS,463,157,306,364,54,45,0,0,0,364,99,ITF,ITF5,17,Basilicata,Basilicata,559084,17496,3.13,0.08
1043,2021-02-11,BAS,938,395,543,201,170,103,460,4,0,855,83,ITF,ITF5,17,Basilicata,Basilicata,559084,18434,3.3,0.17
1044,2021-01-12,BAS,217,88,129,39,79,99,0,0,0,217,0,ITF,ITF5,17,Basilicata,Basilicata,559084,18651,3.34,0.04
1045,2021-01-23,BAS,706,299,407,483,222,1,0,0,0,33,673,ITF,ITF5,17,Basilicata,Basilicata,559084,19357,3.46,0.13
1046,2021-02-14,BAS,149,48,101,55,13,63,18,0,0,149,0,ITF,ITF5,17,Basilicata,Basilicata,559084,19506,3.49,0.03
1047,2021-02-19,BAS,1617,736,881,218,373,66,960,0,0,1555,62,ITF,ITF5,17,Basilicata,Basilicata,559084,21123,3.78,0.29
1048,2021-01-08,BAS,555,219,336,265,231,59,0,0,0,555,0,ITF,ITF5,17,Basilicata,Basilicata,559084,21678,3.88,0.1
1049,2021-02-20,BAS,1043,485,558,70,180,68,725,0,0,926,117,ITF,ITF5,17,Basilicata,Basilicata,559084,22721,4.06,0.19
1050,2021-01-04,BAS,607,271,336,534,71,0,0,0,2,607,0,ITF,ITF5,17,Basilicata,Basilicata,559084,23328,4.17,0.11
1051,2021-02-01,BAS,242,91,151,97,97,48,0,0,0,46,196,ITF,ITF5,17,Basilicata,Basilicata,559084,23570,4.22,0.04
1052,2021-01-19,BAS,199,84,115,78,77,44,0,0,0,199,0,ITF,ITF5,17,Basilicata,Basilicata,559084,23769,4.25,0.04
1053,2021-01-16,BAS,721,304,417,272,286,161,0,0,2,721,0,ITF,ITF5,17,Basilicata,Basilicata,559084,24490,4.38,0.13
1054,2021-02-12,BAS,769,332,437,285,271,89,118,6,0,738,31,ITF,ITF5,17,Basilicata,Basilicata,559084,25259,4.52,0.14
1055,2021-02-16,BAS,893,371,522,247,96,65,484,1,0,795,98,ITF,ITF5,17,Basilicata,Basilicata,559084,26152,4.68,0.16
1056,2021-02-27,BAS,1413,631,782,100,168,21,1124,0,0,1249,164,ITF,ITF5,17,Basilicata,Basilicata,559084,27565,4.93,0.25
1057,2021-01-06,BAS,294,129,165,144,114,36,0,0,0,294,0,ITF,ITF5,17,Basilicata,Basilicata,559084,27859,4.98,0.05
1058,2021-02-17,BAS,1122,488,634,120,159,57,784,1,1,1046,76,ITF,ITF5,17,Basilicata,Basilicata,559084,28981,5.18,0.2
1059,2021-02-04,BAS,1091,440,651,551,259,281,0,0,0,63,1028,ITF,ITF5,17,Basilicata,Basilicata,559084,30072,5.38,0.2
1060,2021-02-18,BAS,1065,400,665,264,78,149,574,0,0,849,216,ITF,ITF5,17,Basilicata,Basilicata,559084,31137,5.57,0.19
1061,2021-02-21,BAS,206,86,120,14,2,11,178,0,1,206,0,ITF,ITF5,17,Basilicata,Basilicata,559084,31343,5.61,0.04
1062,2021-02-25,BAS,1753,719,1034,67,14,0,1671,1,0,1706,47,ITF,ITF5,17,Basilicata,Basilicata,559084,33096,5.92,0.31
1063,2021-02-22,BAS,1726,748,978,126,87,2,1511,0,0,1673,53,ITF,ITF5,17,Basilicata,Basilicata,559084,34822,6.23,0.31
1064,2021-02-08,BAS,553,191,362,434,72,47,0,0,0,147,406,ITF,ITF5,17,Basilicata,Basilicata,559084,35375,6.33,0.1
1065,2021-02-02,BAS,365,141,224,134,129,102,0,0,0,175,190,ITF,ITF5,17,Basilicata,Basilicata,559084,35740,6.39,0.07
1066,2021-01-03,BAS,900,344,556,790,108,0,0,0,2,900,0,ITF,ITF5,17,Basilicata,Basilicata,559084,36640,6.55,0.16
1067,2021-01-30,BAS,702,226,476,300,276,126,0,0,0,127,575,ITF,ITF5,17,Basilicata,Basilicata,559084,37342,6.68,0.13
1068,2021-02-03,BAS,666,300,366,305,189,172,0,0,0,32,634,ITF,ITF5,17,Basilicata,Basilicata,559084,38008,6.8,0.12
1069,2021-01-10,BAS,77,24,53,9,68,0,0,0,0,77,0,ITF,ITF5,17,Basilicata,Basilicata,559084,38085,6.81,0.01
1070,2021-02-05,BAS,980,440,540,516,274,190,0,0,0,62,918,ITF,ITF5,17,Basilicata,Basilicata,559084,39065,6.99,0.18
1071,2021-01-13,BAS,915,386,529,588,178,148,0,0,1,915,0,ITF,ITF5,17,Basilicata,Basilicata,559084,39980,7.15,0.16
1072,2021-02-06,BAS,902,367,535,546,187,168,0,0,1,146,756,ITF,ITF5,17,Basilicata,Basilicata,559084,40882,7.31,0.16
1073,2021-02-13,BAS,732,287,445,280,203,115,132,2,0,672,60,ITF,ITF5,17,Basilicata,Basilicata,559084,41614,7.44,0.13
1074,2021-01-24,BAS,834,299,535,603,230,1,0,0,0,58,776,ITF,ITF5,17,Basilicata,Basilicata,559084,42448,7.59,0.15
1075,2021-01-02,SAR,60,21,39,60,0,0,0,0,0,60,0,ITG,ITG2,20,Sardegna,Sardegna,1639591,60,0.0,0.0
1076,2020-12-28,SAR,65,25,40,65,0,0,0,0,0,65,0,ITG,ITG2,20,Sardegna,Sardegna,1639591,125,0.01,0.0
1077,2021-02-26,SAR,2725,1078,1647,1211,1040,191,204,74,5,2426,299,ITG,ITG2,20,Sardegna,Sardegna,1639591,2850,0.17,0.17
1078,2021-01-13,SAR,573,178,395,494,79,0,0,0,0,573,0,ITG,ITG2,20,Sardegna,Sardegna,1639591,3423,0.21,0.03
1079,2021-02-23,SAR,1552,1043,509,601,519,89,6,337,0,1278,274,ITG,ITG2,20,Sardegna,Sardegna,1639591,4975,0.3,0.09
1080,2021-01-07,SAR,3111,1077,2034,2720,380,0,0,11,0,3111,0,ITG,ITG2,20,Sardegna,Sardegna,1639591,8086,0.49,0.19
1081,2021-02-05,SAR,1897,749,1148,1214,515,164,1,3,0,433,1464,ITG,ITG2,20,Sardegna,Sardegna,1639591,9983,0.61,0.12
1082,2021-02-17,SAR,1385,564,821,679,369,312,0,25,0,1310,75,ITG,ITG2,20,Sardegna,Sardegna,1639591,11368,0.69,0.08
1083,2021-01-22,SAR,83,47,36,45,38,0,0,0,0,55,28,ITG,ITG2,20,Sardegna,Sardegna,1639591,11451,0.7,0.01
1084,2021-02-16,SAR,699,288,411,373,212,114,0,0,0,670,29,ITG,ITG2,20,Sardegna,Sardegna,1639591,12150,0.74,0.04
1085,2021-01-09,SAR,4026,1417,2609,3181,845,0,0,0,0,4026,0,ITG,ITG2,20,Sardegna,Sardegna,1639591,16176,0.99,0.25
1086,2021-01-29,SAR,2951,1067,1884,2580,368,3,0,0,0,48,2903,ITG,ITG2,20,Sardegna,Sardegna,1639591,19127,1.17,0.18
1087,2021-02-09,SAR,2283,836,1447,1306,478,497,1,0,1,1287,996,ITG,ITG2,20,Sardegna,Sardegna,1639591,21410,1.31,0.14
1088,2021-01-26,SAR,1336,453,883,1296,39,0,0,0,1,27,1309,ITG,ITG2,20,Sardegna,Sardegna,1639591,22746,1.39,0.08
1089,2021-02-21,SAR,1584,709,875,66,32,59,1421,6,0,1554,30,ITG,ITG2,20,Sardegna,Sardegna,1639591,24330,1.48,0.1
1090,2021-01-31,SAR,2121,750,1371,1544,576,0,1,0,0,48,2073,ITG,ITG2,20,Sardegna,Sardegna,1639591,26451,1.61,0.13
1091,2021-01-17,SAR,860,277,583,747,113,0,0,0,0,859,1,ITG,ITG2,20,Sardegna,Sardegna,1639591,27311,1.67,0.05
1092,2021-01-16,SAR,1492,525,967,1282,209,0,0,0,1,1492,0,ITG,ITG2,20,Sardegna,Sardegna,1639591,28803,1.76,0.09
1093,2021-02-24,SAR,2405,1290,1115,1191,614,299,2,299,0,2216,189,ITG,ITG2,20,Sardegna,Sardegna,1639591,31208,1.9,0.15
1094,2021-01-11,SAR,1182,505,677,656,526,0,0,0,0,1182,0,ITG,ITG2,20,Sardegna,Sardegna,1639591,32390,1.98,0.07
1095,2021-01-25,SAR,588,212,376,553,35,0,0,0,0,22,566,ITG,ITG2,20,Sardegna,Sardegna,1639591,32978,2.01,0.04
1096,2021-02-12,SAR,2233,931,1302,985,748,499,1,0,0,2169,64,ITG,ITG2,20,Sardegna,Sardegna,1639591,35211,2.15,0.14
1097,2021-01-15,SAR,1563,573,990,1170,390,0,0,3,0,1563,0,ITG,ITG2,20,Sardegna,Sardegna,1639591,36774,2.24,0.1
1098,2021-01-14,SAR,1105,426,679,885,220,0,0,0,0,1105,0,ITG,ITG2,20,Sardegna,Sardegna,1639591,37879,2.31,0.07
1099,2021-01-23,SAR,60,22,38,60,0,0,0,0,0,0,60,ITG,ITG2,20,Sardegna,Sardegna,1639591,37939,2.31,0.0
1100,2021-01-12,SAR,865,408,457,504,361,0,0,0,0,865,0,ITG,ITG2,20,Sardegna,Sardegna,1639591,38804,2.37,0.05
1101,2021-02-11,SAR,1311,489,822,588,354,368,1,0,0,1200,111,ITG,ITG2,20,Sardegna,Sardegna,1639591,40115,2.45,0.08
1102,2021-02-10,SAR,1957,764,1193,1167,301,488,0,0,1,1438,519,ITG,ITG2,20,Sardegna,Sardegna,1639591,42072,2.57,0.12
1103,2021-02-20,SAR,2036,854,1182,483,157,194,1201,0,1,1702,334,ITG,ITG2,20,Sardegna,Sardegna,1639591,44108,2.69,0.12
1104,2021-02-15,SAR,940,338,602,429,232,279,0,0,0,909,31,ITG,ITG2,20,Sardegna,Sardegna,1639591,45048,2.75,0.06
1105,2020-12-27,SAR,65,34,31,65,0,0,0,0,0,65,0,ITG,ITG2,20,Sardegna,Sardegna,1639591,45113,2.75,0.0
1106,2021-02-02,SAR,1482,655,827,988,494,0,0,0,0,241,1241,ITG,ITG2,20,Sardegna,Sardegna,1639591,46595,2.84,0.09
1107,2021-01-20,SAR,210,77,133,154,56,0,0,0,0,208,2,ITG,ITG2,20,Sardegna,Sardegna,1639591,46805,2.85,0.01
1108,2021-01-05,SAR,1327,446,881,1283,44,0,0,0,0,1327,0,ITG,ITG2,20,Sardegna,Sardegna,1639591,48132,2.94,0.08
1109,2021-01-27,SAR,1408,494,914,1303,105,0,0,0,0,79,1329,ITG,ITG2,20,Sardegna,Sardegna,1639591,49540,3.02,0.09
1110,2021-01-28,SAR,2968,1044,1924,2554,403,0,0,11,0,69,2899,ITG,ITG2,20,Sardegna,Sardegna,1639591,52508,3.2,0.18
1111,2021-01-10,SAR,2183,750,1433,1632,551,0,0,0,0,2183,0,ITG,ITG2,20,Sardegna,Sardegna,1639591,54691,3.34,0.13
1112,2021-02-18,SAR,1871,731,1140,1069,361,297,1,33,110,1809,62,ITG,ITG2,20,Sardegna,Sardegna,1639591,56562,3.45,0.11
1113,2021-01-08,SAR,3257,1184,2073,2929,328,0,0,0,0,3257,0,ITG,ITG2,20,Sardegna,Sardegna,1639591,59819,3.65,0.2
1114,2021-02-27,SAR,1879,634,1245,1053,371,285,170,0,0,1324,555,ITG,ITG2,20,Sardegna,Sardegna,1639591,61698,3.76,0.11
1115,2021-02-04,SAR,2271,816,1455,1737,363,170,1,0,0,915,1356,ITG,ITG2,20,Sardegna,Sardegna,1639591,63969,3.9,0.14
1116,2021-02-14,SAR,538,262,276,288,193,57,0,0,0,536,2,ITG,ITG2,20,Sardegna,Sardegna,1639591,64507,3.93,0.03
1117,2021-02-19,SAR,1490,468,1022,674,436,378,1,1,0,1434,56,ITG,ITG2,20,Sardegna,Sardegna,1639591,65997,4.03,0.09
1118,2021-02-25,SAR,2654,1143,1511,1436,708,340,111,50,9,2049,605,ITG,ITG2,20,Sardegna,Sardegna,1639591,68651,4.19,0.16
1119,2021-01-06,SAR,1615,549,1066,1510,105,0,0,0,0,1615,0,ITG,ITG2,20,Sardegna,Sardegna,1639591,70266,4.29,0.1
1120,2020-12-29,SAR,57,32,25,56,1,0,0,0,0,57,0,ITG,ITG2,20,Sardegna,Sardegna,1639591,70323,4.29,0.0
1121,2021-01-19,SAR,747,270,477,423,163,160,0,0,1,692,55,ITG,ITG2,20,Sardegna,Sardegna,1639591,71070,4.33,0.05
1122,2021-02-07,SAR,1116,394,722,975,141,0,0,0,0,227,889,ITG,ITG2,20,Sardegna,Sardegna,1639591,72186,4.4,0.07
1123,2020-12-31,SAR,32,16,16,28,4,0,0,0,0,32,0,ITG,ITG2,20,Sardegna,Sardegna,1639591,72218,4.4,0.0
1124,2021-02-01,SAR,1524,605,919,894,553,77,0,0,0,225,1299,ITG,ITG2,20,Sardegna,Sardegna,1639591,73742,4.5,0.09
1125,2021-01-04,SAR,591,217,374,565,26,0,0,0,0,591,0,ITG,ITG2,20,Sardegna,Sardegna,1639591,74333,4.53,0.04
1126,2021-01-18,SAR,904,326,578,714,190,0,0,0,0,780,124,ITG,ITG2,20,Sardegna,Sardegna,1639591,75237,4.59,0.06
1127,2021-01-21,SAR,126,60,66,60,66,0,0,0,0,94,32,ITG,ITG2,20,Sardegna,Sardegna,1639591,75363,4.6,0.01
1128,2021-02-03,SAR,1118,418,700,918,181,19,0,0,0,426,692,ITG,ITG2,20,Sardegna,Sardegna,1639591,76481,4.66,0.07
1129,2021-01-30,SAR,3862,1392,2470,2987,874,0,1,0,0,362,3500,ITG,ITG2,20,Sardegna,Sardegna,1639591,80343,4.9,0.24
1130,2021-01-03,SAR,90,36,54,89,1,0,0,0,0,90,0,ITG,ITG2,20,Sardegna,Sardegna,1639591,80433,4.91,0.01
1131,2021-01-24,SAR,90,34,56,89,1,0,0,0,0,5,85,ITG,ITG2,20,Sardegna,Sardegna,1639591,80523,4.91,0.01
1132,2021-02-13,SAR,1451,561,890,732,462,252,0,0,5,1449,2,ITG,ITG2,20,Sardegna,Sardegna,1639591,81974,5.0,0.09
1133,2021-02-06,SAR,1969,697,1272,1543,286,139,0,0,1,569,1400,ITG,ITG2,20,Sardegna,Sardegna,1639591,83943,5.12,0.12
1134,2021-02-08,SAR,1470,533,937,998,345,126,1,0,0,855,615,ITG,ITG2,20,Sardegna,Sardegna,1639591,85413,5.21,0.09
1135,2021-01-01,SAR,30,16,14,30,0,0,0,0,0,30,0,ITG,ITG2,20,Sardegna,Sardegna,1639591,85443,5.21,0.0
1136,2021-02-22,SAR,1619,942,677,595,403,179,2,440,0,1390,229,ITG,ITG2,20,Sardegna,Sardegna,1639591,87062,5.31,0.1
1137,2021-02-16,MAR,1291,475,816,736,463,92,0,0,0,1261,30,ITI,ITI3,11,Marche,Marche,1525271,1291,0.08,0.08
1138,2021-01-23,MAR,557,190,367,440,54,63,0,0,0,123,434,ITI,ITI3,11,Marche,Marche,1525271,1848,0.12,0.04
1139,2021-01-02,MAR,453,139,314,444,9,0,0,0,0,453,0,ITI,ITI3,11,Marche,Marche,1525271,2301,0.15,0.03
1140,2021-02-15,MAR,973,413,560,544,428,1,0,0,0,960,13,ITI,ITI3,11,Marche,Marche,1525271,3274,0.21,0.06
1141,2021-02-21,MAR,377,142,235,204,115,57,0,0,1,376,1,ITI,ITI3,11,Marche,Marche,1525271,3651,0.24,0.02
1142,2021-02-03,MAR,2124,741,1383,1344,614,166,0,0,0,119,2005,ITI,ITI3,11,Marche,Marche,1525271,5775,0.38,0.14
1143,2021-01-15,MAR,1771,500,1271,985,420,366,0,0,0,1771,0,ITI,ITI3,11,Marche,Marche,1525271,7546,0.49,0.12
1144,2021-01-04,MAR,1500,563,937,1290,199,11,0,0,0,1500,0,ITI,ITI3,11,Marche,Marche,1525271,9046,0.59,0.1
1145,2021-01-03,MAR,896,348,548,759,137,0,0,0,0,896,0,ITI,ITI3,11,Marche,Marche,1525271,9942,0.65,0.06
1146,2021-01-24,MAR,890,341,549,772,118,0,0,0,0,17,873,ITI,ITI3,11,Marche,Marche,1525271,10832,0.71,0.06
1147,2021-01-19,MAR,225,81,144,120,20,85,0,0,0,141,84,ITI,ITI3,11,Marche,Marche,1525271,11057,0.72,0.01
1148,2021-01-13,MAR,2105,746,1359,1408,621,76,0,0,0,2105,0,ITI,ITI3,11,Marche,Marche,1525271,13162,0.86,0.14
1149,2021-02-06,MAR,2431,889,1542,1396,639,396,0,0,0,521,1910,ITI,ITI3,11,Marche,Marche,1525271,15593,1.02,0.16
1150,2021-02-05,MAR,2134,650,1484,1309,418,407,0,0,0,440,1694,ITI,ITI3,11,Marche,Marche,1525271,17727,1.16,0.14
1151,2021-01-18,MAR,673,230,443,370,171,132,0,0,0,547,126,ITI,ITI3,11,Marche,Marche,1525271,18400,1.21,0.04
1152,2021-02-19,MAR,1971,716,1255,1273,492,203,1,0,2,1836,135,ITI,ITI3,11,Marche,Marche,1525271,20371,1.34,0.13
1153,2021-02-18,MAR,2103,746,1357,1150,549,402,1,0,1,1816,287,ITI,ITI3,11,Marche,Marche,1525271,22474,1.47,0.14
1154,2021-02-10,MAR,1439,452,987,881,343,215,0,0,0,1080,359,ITI,ITI3,11,Marche,Marche,1525271,23913,1.57,0.09
1155,2021-01-31,MAR,1922,770,1152,1530,392,0,0,0,0,105,1817,ITI,ITI3,11,Marche,Marche,1525271,25835,1.69,0.13
1156,2021-01-14,MAR,2010,692,1318,1112,600,298,0,0,0,2010,0,ITI,ITI3,11,Marche,Marche,1525271,27845,1.83,0.13
1157,2020-12-30,MAR,17,5,12,14,3,0,0,0,0,17,0,ITI,ITI3,11,Marche,Marche,1525271,27862,1.83,0.0
1158,2021-02-20,MAR,4122,1706,2416,118,411,261,3329,3,0,4011,111,ITI,ITI3,11,Marche,Marche,1525271,31984,2.1,0.27
1159,2021-02-24,MAR,3439,1506,1933,226,234,165,2810,3,1,3360,79,ITI,ITI3,11,Marche,Marche,1525271,35423,2.32,0.23
1160,2021-01-17,MAR,1598,682,916,964,588,46,0,0,0,1549,49,ITI,ITI3,11,Marche,Marche,1525271,37021,2.43,0.1
1161,2021-01-25,MAR,1595,558,1037,1425,114,56,0,0,0,97,1498,ITI,ITI3,11,Marche,Marche,1525271,38616,2.53,0.1
1162,2021-01-09,MAR,1709,605,1104,1406,303,0,0,0,0,1709,0,ITI,ITI3,11,Marche,Marche,1525271,40325,2.64,0.11
1163,2021-01-07,MAR,1802,633,1169,1480,322,0,0,0,0,1802,0,ITI,ITI3,11,Marche,Marche,1525271,42127,2.76,0.12
1164,2021-02-12,MAR,1583,618,965,815,680,88,0,0,0,1431,152,ITI,ITI3,11,Marche,Marche,1525271,43710,2.87,0.1
1165,2021-02-04,MAR,2337,806,1531,1405,657,275,0,0,0,112,2225,ITI,ITI3,11,Marche,Marche,1525271,46047,3.02,0.15
1166,2021-02-09,MAR,125,42,83,78,21,26,0,0,0,47,78,ITI,ITI3,11,Marche,Marche,1525271,46172,3.03,0.01
1167,2021-02-27,MAR,3367,1439,1928,186,172,161,2841,6,1,3158,209,ITI,ITI3,11,Marche,Marche,1525271,49539,3.25,0.22
1168,2021-01-06,MAR,2181,792,1389,1738,296,147,0,0,0,2181,0,ITI,ITI3,11,Marche,Marche,1525271,51720,3.39,0.14
1169,2021-02-23,MAR,3271,1399,1872,219,137,116,2791,8,0,3215,56,ITI,ITI3,11,Marche,Marche,1525271,54991,3.61,0.21
1170,2021-01-22,MAR,487,167,320,315,85,87,0,0,0,194,293,ITI,ITI3,11,Marche,Marche,1525271,55478,3.64,0.03
1171,2021-02-22,MAR,3412,1498,1914,325,408,77,2595,5,2,3338,74,ITI,ITI3,11,Marche,Marche,1525271,58890,3.86,0.22
1172,2021-02-11,MAR,1988,658,1330,1155,621,212,0,0,0,1599,389,ITI,ITI3,11,Marche,Marche,1525271,60878,3.99,0.13
1173,2021-01-12,MAR,1226,413,813,912,264,50,0,0,0,1226,0,ITI,ITI3,11,Marche,Marche,1525271,62104,4.07,0.08
1174,2021-02-02,MAR,1193,397,796,804,296,93,0,0,0,73,1120,ITI,ITI3,11,Marche,Marche,1525271,63297,4.15,0.08
1175,2021-02-08,MAR,833,258,575,408,163,262,0,0,0,371,462,ITI,ITI3,11,Marche,Marche,1525271,64130,4.2,0.05
1176,2021-01-05,MAR,1562,586,976,1436,126,0,0,0,0,1562,0,ITI,ITI3,11,Marche,Marche,1525271,65692,4.31,0.1
1177,2021-01-27,MAR,2118,780,1338,1752,226,140,0,0,0,122,1996,ITI,ITI3,11,Marche,Marche,1525271,67810,4.45,0.14
1178,2021-02-25,MAR,3561,1446,2115,432,213,423,2489,3,1,3382,179,ITI,ITI3,11,Marche,Marche,1525271,71371,4.68,0.23
1179,2020-12-27,MAR,200,97,103,184,12,4,0,0,0,200,0,ITI,ITI3,11,Marche,Marche,1525271,71571,4.69,0.01
1180,2021-01-20,MAR,398,99,299,146,62,190,0,0,0,386,12,ITI,ITI3,11,Marche,Marche,1525271,71969,4.72,0.03
1181,2021-01-10,MAR,1737,699,1038,1462,275,0,0,0,0,1737,0,ITI,ITI3,11,Marche,Marche,1525271,73706,4.83,0.11
1182,2021-02-07,MAR,1870,734,1136,1156,668,46,0,0,0,344,1526,ITI,ITI3,11,Marche,Marche,1525271,75576,4.95,0.12
1183,2021-01-28,MAR,1972,659,1313,1581,290,101,0,0,0,167,1805,ITI,ITI3,11,Marche,Marche,1525271,77548,5.08,0.13
1184,2021-01-30,MAR,1906,668,1238,1566,340,0,0,0,0,29,1877,ITI,ITI3,11,Marche,Marche,1525271,79454,5.21,0.12
1185,2021-01-11,MAR,1176,411,765,1021,155,0,0,0,0,1176,0,ITI,ITI3,11,Marche,Marche,1525271,80630,5.29,0.08
1186,2021-01-08,MAR,1574,588,986,1226,348,0,0,0,0,1574,0,ITI,ITI3,11,Marche,Marche,1525271,82204,5.39,0.1
1187,2021-01-26,MAR,2016,746,1270,1736,194,86,0,0,0,92,1924,ITI,ITI3,11,Marche,Marche,1525271,84220,5.52,0.13
1188,2020-12-31,MAR,383,178,205,370,13,0,0,0,0,383,0,ITI,ITI3,11,Marche,Marche,1525271,84603,5.55,0.03
1189,2021-02-14,MAR,738,301,437,578,160,0,0,0,0,738,0,ITI,ITI3,11,Marche,Marche,1525271,85341,5.6,0.05
1190,2021-02-13,MAR,1064,455,609,457,517,90,0,0,0,1012,52,ITI,ITI3,11,Marche,Marche,1525271,86405,5.66,0.07
1191,2021-01-16,MAR,2006,723,1283,1059,662,285,0,0,0,2006,0,ITI,ITI3,11,Marche,Marche,1525271,88411,5.8,0.13
1192,2021-02-01,MAR,1360,479,881,1053,226,81,0,0,0,98,1262,ITI,ITI3,11,Marche,Marche,1525271,89771,5.89,0.09
1193,2021-01-29,MAR,1991,730,1261,1479,438,74,0,0,0,168,1823,ITI,ITI3,11,Marche,Marche,1525271,91762,6.02,0.13
1194,2021-01-21,MAR,896,253,643,460,100,336,0,0,0,585,311,ITI,ITI3,11,Marche,Marche,1525271,92658,6.07,0.06
1195,2021-02-17,MAR,1791,664,1127,968,522,300,1,0,0,1672,119,ITI,ITI3,11,Marche,Marche,1525271,94449,6.19,0.12
1196,2021-02-26,MAR,3564,1490,2074,446,231,330,2514,4,39,3088,476,ITI,ITI3,11,Marche,Marche,1525271,98013,6.43,0.23
1197,2021-02-24,VDA,183,82,101,30,15,13,65,53,7,164,19,ITC,ITC2,2,Valle d'Aosta / Vallée d'Aoste,Valle d'Aosta,125666,183,0.15,0.15
1198,2021-01-29,VDA,316,138,178,259,41,16,0,0,0,2,314,ITC,ITC2,2,Valle d'Aosta / Vallée d'Aoste,Valle d'Aosta,125666,499,0.4,0.25
1199,2021-02-21,VDA,18,3,15,0,0,18,0,0,0,0,18,ITC,ITC2,2,Valle d'Aosta / Vallée d'Aoste,Valle d'Aosta,125666,517,0.41,0.01
1200,2021-01-09,VDA,443,199,244,225,196,22,0,0,0,443,0,ITC,ITC2,2,Valle d'Aosta / Vallée d'Aoste,Valle d'Aosta,125666,960,0.76,0.35
1201,2021-01-21,VDA,33,12,21,0,0,33,0,0,0,33,0,ITC,ITC2,2,Valle d'Aosta / Vallée d'Aoste,Valle d'Aosta,125666,993,0.79,0.03
1202,2021-02-16,VDA,325,53,272,10,58,12,5,4,236,320,5,ITC,ITC2,2,Valle d'Aosta / Vallée d'Aoste,Valle d'Aosta,125666,1318,1.05,0.26
1203,2021-02-07,VDA,292,120,172,110,72,0,105,2,3,190,102,ITC,ITC2,2,Valle d'Aosta / Vallée d'Aoste,Valle d'Aosta,125666,1610,1.28,0.23
1204,2021-01-30,VDA,436,202,234,232,192,12,0,0,0,13,423,ITC,ITC2,2,Valle d'Aosta / Vallée d'Aoste,Valle d'Aosta,125666,2046,1.63,0.35
1205,2021-01-14,VDA,237,69,168,151,84,0,2,0,0,237,0,ITC,ITC2,2,Valle d'Aosta / Vallée d'Aoste,Valle d'Aosta,125666,2283,1.82,0.19
1206,2021-02-22,VDA,316,94,222,62,41,37,103,6,67,213,103,ITC,ITC2,2,Valle d'Aosta / Vallée d'Aoste,Valle d'Aosta,125666,2599,2.07,0.25
1207,2021-02-05,VDA,294,102,192,159,82,0,53,0,0,101,193,ITC,ITC2,2,Valle d'Aosta / Vallée d'Aoste,Valle d'Aosta,125666,2893,2.3,0.23
1208,2021-01-13,VDA,337,110,227,166,143,28,0,0,0,337,0,ITC,ITC2,2,Valle d'Aosta / Vallée d'Aoste,Valle d'Aosta,125666,3230,2.57,0.27
1209,2021-01-18,VDA,213,74,139,29,111,27,46,0,0,213,0,ITC,ITC2,2,Valle d'Aosta / Vallée d'Aoste,Valle d'Aosta,125666,3443,2.74,0.17
1210,2021-01-02,VDA,6,5,1,0,0,6,0,0,0,6,0,ITC,ITC2,2,Valle d'Aosta / Vallée d'Aoste,Valle d'Aosta,125666,3449,2.74,0.0
1211,2021-02-06,VDA,289,104,185,170,44,0,74,1,0,92,197,ITC,ITC2,2,Valle d'Aosta / Vallée d'Aoste,Valle d'Aosta,125666,3738,2.97,0.23
1212,2021-02-27,VDA,225,81,144,69,27,1,125,3,0,119,106,ITC,ITC2,2,Valle d'Aosta / Vallée d'Aoste,Valle d'Aosta,125666,3963,3.15,0.18
1213,2021-01-22,VDA,56,21,35,36,0,20,0,0,0,20,36,ITC,ITC2,2,Valle d'Aosta / Vallée d'Aoste,Valle d'Aosta,125666,4019,3.2,0.04
1214,2021-02-20,VDA,249,209,40,6,51,7,2,174,9,240,9,ITC,ITC2,2,Valle d'Aosta / Vallée d'Aoste,Valle d'Aosta,125666,4268,3.4,0.2
1215,2021-01-11,VDA,325,112,213,238,57,30,0,0,0,325,0,ITC,ITC2,2,Valle d'Aosta / Vallée d'Aoste,Valle d'Aosta,125666,4593,3.65,0.26
1216,2021-01-20,VDA,23,8,15,0,0,6,17,0,0,23,0,ITC,ITC2,2,Valle d'Aosta / Vallée d'Aoste,Valle d'Aosta,125666,4616,3.67,0.02
1217,2021-02-23,VDA,216,123,93,0,165,0,0,35,16,216,0,ITC,ITC2,2,Valle d'Aosta / Vallée d'Aoste,Valle d'Aosta,125666,4832,3.85,0.17
1218,2021-02-09,VDA,251,84,167,78,30,14,75,1,53,68,183,ITC,ITC2,2,Valle d'Aosta / Vallée d'Aoste,Valle d'Aosta,125666,5083,4.04,0.2
1219,2021-02-17,VDA,327,144,183,25,19,30,237,16,0,227,100,ITC,ITC2,2,Valle d'Aosta / Vallée d'Aoste,Valle d'Aosta,125666,5410,4.31,0.26
1220,2021-02-26,VDA,206,57,149,67,34,4,96,4,1,122,84,ITC,ITC2,2,Valle d'Aosta / Vallée d'Aoste,Valle d'Aosta,125666,5616,4.47,0.16
1221,2021-01-08,VDA,299,130,169,240,43,16,0,0,0,299,0,ITC,ITC2,2,Valle d'Aosta / Vallée d'Aoste,Valle d'Aosta,125666,5915,4.71,0.24
1222,2021-01-05,VDA,150,54,96,127,12,11,0,0,0,150,0,ITC,ITC2,2,Valle d'Aosta / Vallée d'Aoste,Valle d'Aosta,125666,6065,4.83,0.12
1223,2021-01-10,VDA,220,71,149,172,29,19,0,0,0,220,0,ITC,ITC2,2,Valle d'Aosta / Vallée d'Aoste,Valle d'Aosta,125666,6285,5.0,0.18
1224,2020-12-31,VDA,18,4,14,16,2,0,0,0,0,18,0,ITC,ITC2,2,Valle d'Aosta / Vallée d'Aoste,Valle d'Aosta,125666,6303,5.02,0.01
1225,2021-01-06,VDA,65,33,32,29,18,18,0,0,0,65,0,ITC,ITC2,2,Valle d'Aosta / Vallée d'Aoste,Valle d'Aosta,125666,6368,5.07,0.05
1226,2021-01-12,VDA,302,72,230,242,49,11,0,0,0,302,0,ITC,ITC2,2,Valle d'Aosta / Vallée d'Aoste,Valle d'Aosta,125666,6670,5.31,0.24
1227,2021-02-11,VDA,231,107,124,53,38,0,127,13,0,222,9,ITC,ITC2,2,Valle d'Aosta / Vallée d'Aoste,Valle d'Aosta,125666,6901,5.49,0.18
1228,2020-12-27,VDA,20,9,11,20,0,0,0,0,0,20,0,ITC,ITC2,2,Valle d'Aosta / Vallée d'Aoste,Valle d'Aosta,125666,6921,5.51,0.02
1229,2021-01-15,VDA,218,82,136,116,68,28,6,0,0,218,0,ITC,ITC2,2,Valle d'Aosta / Vallée d'Aoste,Valle d'Aosta,125666,7139,5.68,0.17
1230,2021-02-08,VDA,223,83,140,28,103,3,64,0,25,25,198,ITC,ITC2,2,Valle d'Aosta / Vallée d'Aoste,Valle d'Aosta,125666,7362,5.86,0.18
1231,2021-02-02,VDA,271,70,201,225,43,3,0,0,0,2,269,ITC,ITC2,2,Valle d'Aosta / Vallée d'Aoste,Valle d'Aosta,125666,7633,6.07,0.22
1232,2021-01-17,VDA,131,56,75,49,3,20,59,0,0,131,0,ITC,ITC2,2,Valle d'Aosta / Vallée d'Aoste,Valle d'Aosta,125666,7764,6.18,0.1
1233,2021-02-10,VDA,239,75,164,51,25,18,126,1,18,132,107,ITC,ITC2,2,Valle d'Aosta / Vallée d'Aoste,Valle d'Aosta,125666,8003,6.37,0.19
1234,2021-02-15,VDA,264,136,128,24,29,24,170,15,2,229,35,ITC,ITC2,2,Valle d'Aosta / Vallée d'Aoste,Valle d'Aosta,125666,8267,6.58,0.21
1235,2021-01-19,VDA,256,77,179,160,24,15,57,0,0,256,0,ITC,ITC2,2,Valle d'Aosta / Vallée d'Aoste,Valle d'Aosta,125666,8523,6.78,0.2
1236,2021-01-28,VDA,290,123,167,194,88,6,2,0,0,56,234,ITC,ITC2,2,Valle d'Aosta / Vallée d'Aoste,Valle d'Aosta,125666,8813,7.01,0.23
1237,2021-02-13,VDA,215,195,20,0,54,0,0,161,0,215,0,ITC,ITC2,2,Valle d'Aosta / Vallée d'Aoste,Valle d'Aosta,125666,9028,7.18,0.17
1238,2021-02-14,VDA,48,16,32,6,0,42,0,0,0,1,47,ITC,ITC2,2,Valle d'Aosta / Vallée d'Aoste,Valle d'Aosta,125666,9076,7.22,0.04
1239,2021-01-27,VDA,151,71,80,53,27,18,53,0,0,79,72,ITC,ITC2,2,Valle d'Aosta / Vallée d'Aoste,Valle d'Aosta,125666,9227,7.34,0.12
1240,2021-02-03,VDA,351,114,237,157,141,52,1,0,0,14,337,ITC,ITC2,2,Valle d'Aosta / Vallée d'Aoste,Valle d'Aosta,125666,9578,7.62,0.28
1241,2021-01-26,VDA,139,48,91,115,12,12,0,0,0,0,139,ITC,ITC2,2,Valle d'Aosta / Vallée d'Aoste,Valle d'Aosta,125666,9717,7.73,0.11
1242,2021-02-12,VDA,245,94,151,51,45,13,131,0,5,215,30,ITC,ITC2,2,Valle d'Aosta / Vallée d'Aoste,Valle d'Aosta,125666,9962,7.93,0.19
1243,2021-01-25,VDA,147,65,82,125,16,6,0,0,0,0,147,ITC,ITC2,2,Valle d'Aosta / Vallée d'Aoste,Valle d'Aosta,125666,10109,8.04,0.12
1244,2021-02-01,VDA,403,127,276,268,65,70,0,0,0,87,316,ITC,ITC2,2,Valle d'Aosta / Vallée d'Aoste,Valle d'Aosta,125666,10512,8.37,0.32
1245,2021-01-07,VDA,275,111,164,224,46,5,0,0,0,275,0,ITC,ITC2,2,Valle d'Aosta / Vallée d'Aoste,Valle d'Aosta,125666,10787,8.58,0.22
1246,2021-01-16,VDA,236,80,156,127,36,22,51,0,0,236,0,ITC,ITC2,2,Valle d'Aosta / Vallée d'Aoste,Valle d'Aosta,125666,11023,8.77,0.19
1247,2021-02-04,VDA,294,86,208,168,91,34,1,0,0,8,286,ITC,ITC2,2,Valle d'Aosta / Vallée d'Aoste,Valle d'Aosta,125666,11317,9.01,0.23
1248,2021-01-31,VDA,290,90,200,231,41,18,0,0,0,58,232,ITC,ITC2,2,Valle d'Aosta / Vallée d'Aoste,Valle d'Aosta,125666,11607,9.24,0.23
1249,2021-01-04,VDA,142,59,83,126,16,0,0,0,0,142,0,ITC,ITC2,2,Valle d'Aosta / Vallée d'Aoste,Valle d'Aosta,125666,11749,9.35,0.11
1250,2021-02-25,VDA,201,101,100,6,157,11,0,25,2,194,7,ITC,ITC2,2,Valle d'Aosta / Vallée d'Aoste,Valle d'Aosta,125666,11950,9.51,0.16
1251,2021-02-18,VDA,348,153,195,61,40,45,180,14,8,260,88,ITC,ITC2,2,Valle d'Aosta / Vallée d'Aoste,Valle d'Aosta,125666,12298,9.79,0.28
1252,2021-02-19,VDA,292,102,190,17,30,35,145,0,65,268,24,ITC,ITC2,2,Valle d'Aosta / Vallée d'Aoste,Valle d'Aosta,125666,12590,10.02,0.23
