,data,area,Vaccinazioni giornaliere,sesso_maschile,sesso_femminile,prima_dose,seconda_dose,codice_NUTS1,codice_NUTS2,codice_regione_ISTAT,nome_area,Regione,popolazione,Totale vaccinazioni,Totale vaccinazioni ogni cento ab,Vaccinazioni giornaliere ogni cento ab
0,2021-01-12,PUG,4213,1771,2442,4213,0,ITF,ITF4,16,Puglia,Puglia,4029053,4213,0.1,0.1
1,2021-04-07,PUG,15535,6979,8556,8861,6674,ITF,ITF4,16,Puglia,Puglia,4029053,19748,0.49,0.39
2,2021-05-27,PUG,40433,19071,21362,23236,17197,ITF,ITF4,16,Puglia,Puglia,4029053,60181,1.49,1.0
3,2021-04-19,PUG,27612,12824,14788,24568,3044,ITF,ITF4,16,Puglia,Puglia,4029053,87793,2.18,0.69
4,2021-04-24,PUG,29313,13348,15965,25368,3945,ITF,ITF4,16,Puglia,Puglia,4029053,117106,2.91,0.73
5,2021-01-14,PUG,4072,1590,2482,4072,0,ITF,ITF4,16,Puglia,Puglia,4029053,121178,3.01,0.1
6,2021-01-07,PUG,5717,2458,3259,5717,0,ITF,ITF4,16,Puglia,Puglia,4029053,126895,3.15,0.14
7,2021-04-17,PUG,39897,18908,20989,36329,3568,ITF,ITF4,16,Puglia,Puglia,4029053,166792,4.14,0.99
8,2021-02-19,PUG,4731,2010,2721,4339,392,ITF,ITF4,16,Puglia,Puglia,4029053,171523,4.26,0.12
9,2021-02-21,PUG,2176,474,1702,2114,62,ITF,ITF4,16,Puglia,Puglia,4029053,173699,4.31,0.05
10,2021-06-01,PUG,34651,17328,17323,21846,12805,ITF,ITF4,16,Puglia,Puglia,4029053,208350,5.17,0.86
11,2021-05-15,PUG,43397,18892,24505,23440,19957,ITF,ITF4,16,Puglia,Puglia,4029053,251747,6.25,1.08
12,2021-06-03,PUG,50007,24242,25765,30945,19062,ITF,ITF4,16,Puglia,Puglia,4029053,301754,7.49,1.24
13,2021-03-10,PUG,14771,6582,8189,11650,3121,ITF,ITF4,16,Puglia,Puglia,4029053,316525,7.86,0.37
14,2021-03-29,PUG,13428,6496,6932,6690,6738,ITF,ITF4,16,Puglia,Puglia,4029053,329953,8.19,0.33
15,2021-03-12,PUG,14262,6422,7840,10334,3928,ITF,ITF4,16,Puglia,Puglia,4029053,344215,8.54,0.35
16,2021-03-05,PUG,17682,7166,10516,15378,2304,ITF,ITF4,16,Puglia,Puglia,4029053,361897,8.98,0.44
17,2021-02-26,PUG,13762,5054,8708,12728,1034,ITF,ITF4,16,Puglia,Puglia,4029053,375659,9.32,0.34
18,2020-12-31,PUG,1634,782,852,1634,0,ITF,ITF4,16,Puglia,Puglia,4029053,377293,9.36,0.04
19,2021-06-15,PUG,41587,20356,21231,22304,19283,ITF,ITF4,16,Puglia,Puglia,4029053,418880,10.4,1.03
20,2021-06-08,PUG,38809,18861,19948,21166,17643,ITF,ITF4,16,Puglia,Puglia,4029053,457689,11.36,0.96
21,2021-06-13,PUG,21276,10640,10636,16141,5135,ITF,ITF4,16,Puglia,Puglia,4029053,478965,11.89,0.53
22,2021-02-09,PUG,3840,1570,2270,2168,1672,ITF,ITF4,16,Puglia,Puglia,4029053,482805,11.98,0.1
23,2021-05-20,PUG,33395,15141,18254,21075,12320,ITF,ITF4,16,Puglia,Puglia,4029053,516200,12.81,0.83
24,2021-03-24,PUG,13444,6393,7051,6139,7305,ITF,ITF4,16,Puglia,Puglia,4029053,529644,13.15,0.33
25,2021-01-26,PUG,5362,2397,2965,571,4791,ITF,ITF4,16,Puglia,Puglia,4029053,535006,13.28,0.13
26,2021-05-06,PUG,39516,17281,22235,19845,19671,ITF,ITF4,16,Puglia,Puglia,4029053,574522,14.26,0.98
27,2021-01-31,PUG,1814,830,984,75,1739,ITF,ITF4,16,Puglia,Puglia,4029053,576336,14.3,0.05
28,2021-05-29,PUG,30220,14252,15968,20911,9309,ITF,ITF4,16,Puglia,Puglia,4029053,606556,15.05,0.75
29,2021-04-02,PUG,12837,5997,6840,8314,4523,ITF,ITF4,16,Puglia,Puglia,4029053,619393,15.37,0.32
30,2021-02-07,PUG,1579,669,910,253,1326,ITF,ITF4,16,Puglia,Puglia,4029053,620972,15.41,0.04
31,2021-01-21,PUG,2132,904,1228,1271,861,ITF,ITF4,16,Puglia,Puglia,4029053,623104,15.47,0.05
32,2021-05-01,PUG,27540,12616,14924,16892,10648,ITF,ITF4,16,Puglia,Puglia,4029053,650644,16.15,0.68
33,2021-01-02,PUG,2950,1301,1649,2950,0,ITF,ITF4,16,Puglia,Puglia,4029053,653594,16.22,0.07
34,2021-04-12,PUG,29143,13724,15419,26317,2826,ITF,ITF4,16,Puglia,Puglia,4029053,682737,16.95,0.72
35,2021-04-05,PUG,12712,6175,6537,12179,533,ITF,ITF4,16,Puglia,Puglia,4029053,695449,17.26,0.32
36,2021-03-19,PUG,7961,3653,4308,3415,4546,ITF,ITF4,16,Puglia,Puglia,4029053,703410,17.46,0.2
37,2021-02-14,PUG,786,347,439,662,124,ITF,ITF4,16,Puglia,Puglia,4029053,704196,17.48,0.02
38,2021-05-25,PUG,34457,16041,18416,20982,13475,ITF,ITF4,16,Puglia,Puglia,4029053,738653,18.33,0.86
39,2021-03-02,PUG,16386,6091,10295,15085,1301,ITF,ITF4,16,Puglia,Puglia,4029053,755039,18.74,0.41
40,2021-06-10,PUG,46402,22786,23616,29625,16777,ITF,ITF4,16,Puglia,Puglia,4029053,801441,19.89,1.15
41,2021-04-04,PUG,5959,2961,2998,5954,5,ITF,ITF4,16,Puglia,Puglia,4029053,807400,20.04,0.15
42,2021-03-21,PUG,2694,1227,1467,590,2104,ITF,ITF4,16,Puglia,Puglia,4029053,810094,20.11,0.07
43,2021-01-11,PUG,3754,1588,2166,3754,0,ITF,ITF4,16,Puglia,Puglia,4029053,813848,20.2,0.09
44,2021-04-21,PUG,23080,10652,12428,19346,3734,ITF,ITF4,16,Puglia,Puglia,4029053,836928,20.77,0.57
45,2021-05-24,PUG,35842,16926,18916,24872,10970,ITF,ITF4,16,Puglia,Puglia,4029053,872770,21.66,0.89
46,2021-04-26,PUG,26237,12016,14221,23004,3233,ITF,ITF4,16,Puglia,Puglia,4029053,899007,22.31,0.65
47,2021-03-16,PUG,9871,4687,5184,3511,6360,ITF,ITF4,16,Puglia,Puglia,4029053,908878,22.56,0.24
48,2021-04-28,PUG,19765,8857,10908,15012,4753,ITF,ITF4,16,Puglia,Puglia,4029053,928643,23.05,0.49
49,2021-01-09,PUG,4887,2250,2637,4887,0,ITF,ITF4,16,Puglia,Puglia,4029053,933530,23.17,0.12
50,2021-02-04,PUG,5929,2366,3563,1195,4734,ITF,ITF4,16,Puglia,Puglia,4029053,939459,23.32,0.15
51,2021-05-17,PUG,32718,15158,17560,20868,11850,ITF,ITF4,16,Puglia,Puglia,4029053,972177,24.13,0.81
52,2021-04-16,PUG,35952,16897,19055,32671,3281,ITF,ITF4,16,Puglia,Puglia,4029053,1008129,25.02,0.89
53,2021-02-18,PUG,4378,1846,2532,3773,605,ITF,ITF4,16,Puglia,Puglia,4029053,1012507,25.13,0.11
54,2021-04-09,PUG,21966,9453,12513,17344,4622,ITF,ITF4,16,Puglia,Puglia,4029053,1034473,25.68,0.55
55,2021-02-11,PUG,3697,1401,2296,2419,1278,ITF,ITF4,16,Puglia,Puglia,4029053,1038170,25.77,0.09
56,2021-05-22,PUG,34373,15737,18636,24024,10349,ITF,ITF4,16,Puglia,Puglia,4029053,1072543,26.62,0.85
57,2021-02-28,PUG,6052,1806,4246,5866,186,ITF,ITF4,16,Puglia,Puglia,4029053,1078595,26.77,0.15
58,2021-05-12,PUG,36467,16268,20199,24005,12462,ITF,ITF4,16,Puglia,Puglia,4029053,1115062,27.68,0.91
59,2021-01-23,PUG,3040,1294,1746,886,2154,ITF,ITF4,16,Puglia,Puglia,4029053,1118102,27.75,0.08
60,2021-05-03,PUG,33274,14874,18400,22651,10623,ITF,ITF4,16,Puglia,Puglia,4029053,1151376,28.58,0.83
61,2021-03-07,PUG,4983,2000,2983,4412,571,ITF,ITF4,16,Puglia,Puglia,4029053,1156359,28.7,0.12
62,2021-05-05,PUG,39068,17118,21950,24911,14157,ITF,ITF4,16,Puglia,Puglia,4029053,1195427,29.67,0.97
63,2021-03-31,PUG,14484,6760,7724,8926,5558,ITF,ITF4,16,Puglia,Puglia,4029053,1209911,30.03,0.36
64,2021-02-02,PUG,4346,1847,2499,593,3753,ITF,ITF4,16,Puglia,Puglia,4029053,1214257,30.14,0.11
65,2021-05-13,PUG,38576,17204,21372,21459,17117,ITF,ITF4,16,Puglia,Puglia,4029053,1252833,31.09,0.96
66,2021-03-17,PUG,10343,4700,5643,4170,6173,ITF,ITF4,16,Puglia,Puglia,4029053,1263176,31.35,0.26
67,2021-01-19,PUG,1221,452,769,1211,10,ITF,ITF4,16,Puglia,Puglia,4029053,1264397,31.38,0.03
68,2021-01-04,PUG,4508,2016,2492,4508,0,ITF,ITF4,16,Puglia,Puglia,4029053,1268905,31.49,0.11
69,2021-03-26,PUG,11917,5762,6155,7273,4644,ITF,ITF4,16,Puglia,Puglia,4029053,1280822,31.79,0.3
70,2021-03-09,PUG,13589,6064,7525,11579,2010,ITF,ITF4,16,Puglia,Puglia,4029053,1294411,32.13,0.34
71,2021-04-14,PUG,31873,15047,16826,28567,3306,ITF,ITF4,16,Puglia,Puglia,4029053,1326284,32.92,0.79
72,2021-03-28,PUG,3534,1652,1882,1209,2325,ITF,ITF4,16,Puglia,Puglia,4029053,1329818,33.01,0.09
73,2021-05-08,PUG,54182,22936,31246,24472,29710,ITF,ITF4,16,Puglia,Puglia,4029053,1384000,34.35,1.34
74,2021-06-12,PUG,33185,16536,16649,24509,8676,ITF,ITF4,16,Puglia,Puglia,4029053,1417185,35.17,0.82
75,2021-01-28,PUG,5474,2278,3196,471,5003,ITF,ITF4,16,Puglia,Puglia,4029053,1422659,35.31,0.14
76,2021-02-16,PUG,3380,1453,1927,2735,645,ITF,ITF4,16,Puglia,Puglia,4029053,1426039,35.39,0.08
77,2021-01-30,PUG,5528,2514,3014,410,5118,ITF,ITF4,16,Puglia,Puglia,4029053,1431567,35.53,0.14
78,2021-05-10,PUG,37619,16617,21002,19707,17912,ITF,ITF4,16,Puglia,Puglia,4029053,1469186,36.46,0.93
79,2021-02-13,PUG,3727,1456,2271,3031,696,ITF,ITF4,16,Puglia,Puglia,4029053,1472913,36.56,0.09
80,2021-03-14,PUG,3322,1430,1892,2511,811,ITF,ITF4,16,Puglia,Puglia,4029053,1476235,36.64,0.08
81,2021-01-16,PUG,2506,1033,1473,2506,0,ITF,ITF4,16,Puglia,Puglia,4029053,1478741,36.7,0.06
82,2021-05-21,PUG,38706,18380,20326,28713,9993,ITF,ITF4,16,Puglia,Puglia,4029053,1517447,37.66,0.96
83,2021-05-19,PUG,26262,12695,13567,19841,6421,ITF,ITF4,16,Puglia,Puglia,4029053,1543709,38.31,0.65
84,2021-03-23,PUG,10995,5538,5457,4524,6471,ITF,ITF4,16,Puglia,Puglia,4029053,1554704,38.59,0.27
85,2021-02-25,PUG,11970,5062,6908,10800,1170,ITF,ITF4,16,Puglia,Puglia,4029053,1566674,38.88,0.3
86,2021-06-05,PUG,41825,20502,21323,29448,12377,ITF,ITF4,16,Puglia,Puglia,4029053,1608499,39.92,1.04
87,2021-01-06,PUG,3947,1670,2277,3947,0,ITF,ITF4,16,Puglia,Puglia,4029053,1612446,40.02,0.1
88,2021-06-16,PUG,40043,19722,20321,26139,13904,ITF,ITF4,16,Puglia,Puglia,4029053,1652489,41.01,0.99
89,2021-02-23,PUG,9349,4421,4928,8872,477,ITF,ITF4,16,Puglia,Puglia,4029053,1661838,41.25,0.23
90,2021-01-18,PUG,1845,771,1074,1496,349,ITF,ITF4,16,Puglia,Puglia,4029053,1663683,41.29,0.05
91,2021-02-06,PUG,4547,1929,2618,1591,2956,ITF,ITF4,16,Puglia,Puglia,4029053,1668230,41.41,0.11
92,2021-01-20,PUG,1546,540,1006,1538,8,ITF,ITF4,16,Puglia,Puglia,4029053,1669776,41.44,0.04
93,2021-04-30,PUG,34883,15625,19258,22921,11962,ITF,ITF4,16,Puglia,Puglia,4029053,1704659,42.31,0.87
94,2021-04-13,PUG,28667,13589,15078,25266,3401,ITF,ITF4,16,Puglia,Puglia,4029053,1733326,43.02,0.71
95,2021-05-31,PUG,37569,18071,19498,23517,14052,ITF,ITF4,16,Puglia,Puglia,4029053,1770895,43.95,0.93
96,2021-04-25,PUG,11264,5217,6047,10106,1158,ITF,ITF4,16,Puglia,Puglia,4029053,1782159,44.23,0.28
97,2021-02-27,PUG,14221,4817,9404,12996,1225,ITF,ITF4,16,Puglia,Puglia,4029053,1796380,44.59,0.35
98,2021-01-01,PUG,148,61,87,148,0,ITF,ITF4,16,Puglia,Puglia,4029053,1796528,44.59,0.0
99,2021-06-07,PUG,43920,21442,22478,30772,13148,ITF,ITF4,16,Puglia,Puglia,4029053,1840448,45.68,1.09
100,2021-04-11,PUG,16454,7246,9208,14798,1656,ITF,ITF4,16,Puglia,Puglia,4029053,1856902,46.09,0.41
101,2021-03-06,PUG,16144,6125,10019,14056,2088,ITF,ITF4,16,Puglia,Puglia,4029053,1873046,46.49,0.4
102,2021-01-08,PUG,5633,2362,3271,5633,0,ITF,ITF4,16,Puglia,Puglia,4029053,1878679,46.63,0.14
103,2021-06-14,PUG,41025,20081,20944,28884,12141,ITF,ITF4,16,Puglia,Puglia,4029053,1919704,47.65,1.02
104,2021-04-18,PUG,22570,10793,11777,21507,1063,ITF,ITF4,16,Puglia,Puglia,4029053,1942274,48.21,0.56
105,2021-02-20,PUG,2971,1080,1891,2714,257,ITF,ITF4,16,Puglia,Puglia,4029053,1945245,48.28,0.07
106,2021-01-15,PUG,4552,1866,2686,4552,0,ITF,ITF4,16,Puglia,Puglia,4029053,1949797,48.39,0.11
107,2021-04-23,PUG,29371,13647,15724,24160,5211,ITF,ITF4,16,Puglia,Puglia,4029053,1979168,49.12,0.73
108,2021-03-18,PUG,9451,4279,5172,3317,6134,ITF,ITF4,16,Puglia,Puglia,4029053,1988619,49.36,0.23
109,2021-03-04,PUG,15341,6090,9251,13921,1420,ITF,ITF4,16,Puglia,Puglia,4029053,2003960,49.74,0.38
110,2021-06-09,PUG,41342,20472,20870,30263,11079,ITF,ITF4,16,Puglia,Puglia,4029053,2045302,50.76,1.03
111,2021-02-15,PUG,3254,1268,1986,2634,620,ITF,ITF4,16,Puglia,Puglia,4029053,2048556,50.84,0.08
112,2021-05-02,PUG,21291,9651,11640,14030,7261,ITF,ITF4,16,Puglia,Puglia,4029053,2069847,51.37,0.53
113,2021-06-18,PUG,11813,5808,6005,6960,4853,ITF,ITF4,16,Puglia,Puglia,4029053,2081660,51.67,0.29
114,2021-01-03,PUG,2007,943,1064,2007,0,ITF,ITF4,16,Puglia,Puglia,4029053,2083667,51.72,0.05
115,2021-03-27,PUG,12149,5706,6443,6981,5168,ITF,ITF4,16,Puglia,Puglia,4029053,2095816,52.02,0.3
116,2021-01-22,PUG,1409,578,831,991,418,ITF,ITF4,16,Puglia,Puglia,4029053,2097225,52.05,0.03
117,2021-05-09,PUG,30624,12549,18075,15036,15588,ITF,ITF4,16,Puglia,Puglia,4029053,2127849,52.81,0.76
118,2021-04-22,PUG,22998,10528,12470,18079,4919,ITF,ITF4,16,Puglia,Puglia,4029053,2150847,53.38,0.57
119,2021-02-12,PUG,4212,1672,2540,3120,1092,ITF,ITF4,16,Puglia,Puglia,4029053,2155059,53.49,0.1
120,2021-01-29,PUG,6199,2662,3537,437,5762,ITF,ITF4,16,Puglia,Puglia,4029053,2161258,53.64,0.15
121,2021-03-20,PUG,8414,3878,4536,3820,4594,ITF,ITF4,16,Puglia,Puglia,4029053,2169672,53.85,0.21
122,2021-03-03,PUG,16773,6796,9977,14859,1914,ITF,ITF4,16,Puglia,Puglia,4029053,2186445,54.27,0.42
123,2021-06-11,PUG,46691,22864,23827,33014,13677,ITF,ITF4,16,Puglia,Puglia,4029053,2233136,55.43,1.16
124,2021-04-03,PUG,10549,4636,5913,6995,3554,ITF,ITF4,16,Puglia,Puglia,4029053,2243685,55.69,0.26
125,2020-12-30,PUG,1,0,1,1,0,ITF,ITF4,16,Puglia,Puglia,4029053,2243686,55.69,0.0
126,2021-03-22,PUG,9858,5037,4821,4212,5646,ITF,ITF4,16,Puglia,Puglia,4029053,2253544,55.93,0.24
127,2021-01-24,PUG,1669,749,920,153,1516,ITF,ITF4,16,Puglia,Puglia,4029053,2255213,55.97,0.04
128,2021-03-15,PUG,12243,6066,6177,5739,6504,ITF,ITF4,16,Puglia,Puglia,4029053,2267456,56.28,0.3
129,2021-01-17,PUG,1308,590,718,1239,69,ITF,ITF4,16,Puglia,Puglia,4029053,2268764,56.31,0.03
130,2021-04-27,PUG,26640,12058,14582,21052,5588,ITF,ITF4,16,Puglia,Puglia,4029053,2295404,56.97,0.66
131,2021-05-11,PUG,32499,14332,18167,14103,18396,ITF,ITF4,16,Puglia,Puglia,4029053,2327903,57.78,0.81
132,2021-05-04,PUG,35008,14803,20205,18577,16431,ITF,ITF4,16,Puglia,Puglia,4029053,2362911,58.65,0.87
133,2021-03-08,PUG,14979,6430,8549,12580,2399,ITF,ITF4,16,Puglia,Puglia,4029053,2377890,59.02,0.37
134,2021-03-11,PUG,14766,6539,8227,11619,3147,ITF,ITF4,16,Puglia,Puglia,4029053,2392656,59.39,0.37
135,2021-06-02,PUG,26906,13166,13740,22098,4808,ITF,ITF4,16,Puglia,Puglia,4029053,2419562,60.05,0.67
136,2021-03-13,PUG,10466,4134,6332,8658,1808,ITF,ITF4,16,Puglia,Puglia,4029053,2430028,60.31,0.26
137,2021-02-24,PUG,10039,4704,5335,9448,591,ITF,ITF4,16,Puglia,Puglia,4029053,2440067,60.56,0.25
138,2021-06-04,PUG,52005,25161,26844,34539,17466,ITF,ITF4,16,Puglia,Puglia,4029053,2492072,61.85,1.29
139,2021-05-18,PUG,28749,13380,15369,16020,12729,ITF,ITF4,16,Puglia,Puglia,4029053,2520821,62.57,0.71
140,2021-03-25,PUG,11425,5758,5667,5184,6241,ITF,ITF4,16,Puglia,Puglia,4029053,2532246,62.85,0.28
141,2021-02-08,PUG,3991,1610,2381,1597,2394,ITF,ITF4,16,Puglia,Puglia,4029053,2536237,62.95,0.1
142,2021-02-10,PUG,3645,1436,2209,2134,1511,ITF,ITF4,16,Puglia,Puglia,4029053,2539882,63.04,0.09
143,2021-05-23,PUG,17870,8354,9516,14066,3804,ITF,ITF4,16,Puglia,Puglia,4029053,2557752,63.48,0.44
144,2021-02-17,PUG,4276,1746,2530,3671,605,ITF,ITF4,16,Puglia,Puglia,4029053,2562028,63.59,0.11
145,2021-05-28,PUG,43504,20595,22909,27887,15617,ITF,ITF4,16,Puglia,Puglia,4029053,2605532,64.67,1.08
146,2021-05-30,PUG,20884,10001,10883,15858,5026,ITF,ITF4,16,Puglia,Puglia,4029053,2626416,65.19,0.52
147,2021-01-05,PUG,5107,2251,2856,5107,0,ITF,ITF4,16,Puglia,Puglia,4029053,2631523,65.31,0.13
148,2021-04-15,PUG,32495,15162,17333,28965,3530,ITF,ITF4,16,Puglia,Puglia,4029053,2664018,66.12,0.81
149,2021-04-29,PUG,26071,12073,13998,19409,6662,ITF,ITF4,16,Puglia,Puglia,4029053,2690089,66.77,0.65
150,2021-02-22,PUG,9630,4537,5093,9298,332,ITF,ITF4,16,Puglia,Puglia,4029053,2699719,67.01,0.24
151,2021-02-05,PUG,5635,2273,3362,1333,4302,ITF,ITF4,16,Puglia,Puglia,4029053,2705354,67.15,0.14
152,2021-05-16,PUG,24454,11023,13431,12643,11811,ITF,ITF4,16,Puglia,Puglia,4029053,2729808,67.75,0.61
153,2021-05-26,PUG,38229,18359,19870,26599,11630,ITF,ITF4,16,Puglia,Puglia,4029053,2768037,68.7,0.95
154,2021-01-27,PUG,4583,1932,2651,612,3971,ITF,ITF4,16,Puglia,Puglia,4029053,2772620,68.82,0.11
155,2021-05-07,PUG,49862,22260,27602,26496,23366,ITF,ITF4,16,Puglia,Puglia,4029053,2822482,70.05,1.24
156,2021-01-13,PUG,4543,1730,2813,4543,0,ITF,ITF4,16,Puglia,Puglia,4029053,2827025,70.17,0.11
157,2021-04-06,PUG,13797,6219,7578,7046,6751,ITF,ITF4,16,Puglia,Puglia,4029053,2840822,70.51,0.34
158,2021-03-01,PUG,15102,5868,9234,13732,1370,ITF,ITF4,16,Puglia,Puglia,4029053,2855924,70.88,0.37
159,2021-01-10,PUG,2348,1061,1287,2348,0,ITF,ITF4,16,Puglia,Puglia,4029053,2858272,70.94,0.06
160,2021-04-20,PUG,21116,9802,11314,17653,3463,ITF,ITF4,16,Puglia,Puglia,4029053,2879388,71.47,0.52
161,2020-12-27,PUG,509,252,257,509,0,ITF,ITF4,16,Puglia,Puglia,4029053,2879897,71.48,0.01
162,2021-06-17,PUG,39560,19400,20160,20408,19152,ITF,ITF4,16,Puglia,Puglia,4029053,2919457,72.46,0.98
163,2021-03-30,PUG,12268,5862,6406,6371,5897,ITF,ITF4,16,Puglia,Puglia,4029053,2931725,72.76,0.3
164,2021-02-01,PUG,3965,1660,2305,373,3592,ITF,ITF4,16,Puglia,Puglia,4029053,2935690,72.86,0.1
165,2021-05-14,PUG,44791,20464,24327,28691,16100,ITF,ITF4,16,Puglia,Puglia,4029053,2980481,73.97,1.11
166,2021-01-25,PUG,3826,1681,2145,423,3403,ITF,ITF4,16,Puglia,Puglia,4029053,2984307,74.07,0.09
167,2021-04-08,PUG,17458,7578,9880,11284,6174,ITF,ITF4,16,Puglia,Puglia,4029053,3001765,74.5,0.43
168,2021-06-06,PUG,30483,15350,15133,25465,5018,ITF,ITF4,16,Puglia,Puglia,4029053,3032248,75.26,0.76
169,2021-04-10,PUG,30763,13039,17724,26540,4223,ITF,ITF4,16,Puglia,Puglia,4029053,3063011,76.02,0.76
170,2021-04-01,PUG,13855,6475,7380,7509,6346,ITF,ITF4,16,Puglia,Puglia,4029053,3076866,76.37,0.34
171,2021-02-03,PUG,5037,2005,3032,730,4307,ITF,ITF4,16,Puglia,Puglia,4029053,3081903,76.49,0.13
172,2021-02-16,LOM,9505,3073,6432,9057,448,ITC,ITC4,3,Lombardia,Lombardia,10060574,9505,0.09,0.09
173,2021-06-10,LOM,101476,51648,49828,87172,14304,ITC,ITC4,3,Lombardia,Lombardia,10060574,110981,1.1,1.01
174,2021-03-02,LOM,22802,9697,13105,19769,3033,ITC,ITC4,3,Lombardia,Lombardia,10060574,133783,1.33,0.23
175,2020-12-28,LOM,107,47,60,107,0,ITC,ITC4,3,Lombardia,Lombardia,10060574,133890,1.33,0.0
176,2021-04-21,LOM,71718,32520,39198,57109,14609,ITC,ITC4,3,Lombardia,Lombardia,10060574,205608,2.04,0.71
177,2021-01-11,LOM,16243,5372,10871,16243,0,ITC,ITC4,3,Lombardia,Lombardia,10060574,221851,2.21,0.16
178,2021-01-28,LOM,12221,3702,8519,801,11420,ITC,ITC4,3,Lombardia,Lombardia,10060574,234072,2.33,0.12
179,2021-02-04,LOM,27769,8092,19677,2008,25761,ITC,ITC4,3,Lombardia,Lombardia,10060574,261841,2.6,0.28
180,2021-04-09,LOM,52304,22341,29963,36314,15990,ITC,ITC4,3,Lombardia,Lombardia,10060574,314145,3.12,0.52
181,2021-04-04,LOM,7611,3230,4381,3716,3895,ITC,ITC4,3,Lombardia,Lombardia,10060574,321756,3.2,0.08
182,2021-04-02,LOM,41164,16841,24323,26716,14448,ITC,ITC4,3,Lombardia,Lombardia,10060574,362920,3.61,0.41
183,2021-06-05,LOM,102090,52783,49307,92341,9749,ITC,ITC4,3,Lombardia,Lombardia,10060574,465010,4.62,1.01
184,2021-03-14,LOM,14872,5348,9524,11589,3283,ITC,ITC4,3,Lombardia,Lombardia,10060574,479882,4.77,0.15
185,2021-02-23,LOM,11812,4801,7011,11481,331,ITC,ITC4,3,Lombardia,Lombardia,10060574,491694,4.89,0.12
186,2021-05-24,LOM,89372,43412,45960,49492,39880,ITC,ITC4,3,Lombardia,Lombardia,10060574,581066,5.78,0.89
187,2021-02-11,LOM,17052,5006,12046,9698,7354,ITC,ITC4,3,Lombardia,Lombardia,10060574,598118,5.95,0.17
188,2021-05-31,LOM,95593,47379,48214,79429,16164,ITC,ITC4,3,Lombardia,Lombardia,10060574,693711,6.9,0.95
189,2021-03-26,LOM,41273,15688,25585,28142,13131,ITC,ITC4,3,Lombardia,Lombardia,10060574,734984,7.31,0.41
190,2021-05-22,LOM,70547,33822,36725,32416,38131,ITC,ITC4,3,Lombardia,Lombardia,10060574,805531,8.01,0.7
191,2021-05-29,LOM,88252,42391,45861,42235,46017,ITC,ITC4,3,Lombardia,Lombardia,10060574,893783,8.88,0.88
192,2021-02-18,LOM,14048,4924,9124,13012,1036,ITC,ITC4,3,Lombardia,Lombardia,10060574,907831,9.02,0.14
193,2021-04-28,LOM,95653,43638,52015,68771,26882,ITC,ITC4,3,Lombardia,Lombardia,10060574,1003484,9.97,0.95
194,2021-03-16,LOM,25484,10113,15371,16417,9067,ITC,ITC4,3,Lombardia,Lombardia,10060574,1028968,10.23,0.25
195,2021-05-12,LOM,87395,41694,45701,59893,27502,ITC,ITC4,3,Lombardia,Lombardia,10060574,1116363,11.1,0.87
196,2021-06-17,LOM,107120,52085,55035,53363,53757,ITC,ITC4,3,Lombardia,Lombardia,10060574,1223483,12.16,1.06
197,2021-03-09,LOM,33206,12854,20352,25811,7395,ITC,ITC4,3,Lombardia,Lombardia,10060574,1256689,12.49,0.33
198,2021-01-16,LOM,15425,5731,9694,15425,0,ITC,ITC4,3,Lombardia,Lombardia,10060574,1272114,12.64,0.15
199,2021-01-09,LOM,12413,4573,7840,12413,0,ITC,ITC4,3,Lombardia,Lombardia,10060574,1284527,12.77,0.12
200,2021-03-07,LOM,12081,5356,6725,9525,2556,ITC,ITC4,3,Lombardia,Lombardia,10060574,1296608,12.89,0.12
201,2021-01-27,LOM,8033,2672,5361,808,7225,ITC,ITC4,3,Lombardia,Lombardia,10060574,1304641,12.97,0.08
202,2021-03-25,LOM,42762,16001,26761,30111,12651,ITC,ITC4,3,Lombardia,Lombardia,10060574,1347403,13.39,0.43
203,2021-05-21,LOM,93757,45200,48557,29111,64646,ITC,ITC4,3,Lombardia,Lombardia,10060574,1441160,14.32,0.93
204,2021-03-28,LOM,20471,7807,12664,14309,6162,ITC,ITC4,3,Lombardia,Lombardia,10060574,1461631,14.53,0.2
205,2021-04-14,LOM,47145,21013,26132,34179,12966,ITC,ITC4,3,Lombardia,Lombardia,10060574,1508776,15.0,0.47
206,2021-01-04,LOM,6097,2101,3996,6097,0,ITC,ITC4,3,Lombardia,Lombardia,10060574,1514873,15.06,0.06
207,2021-04-16,LOM,53625,23907,29718,39287,14338,ITC,ITC4,3,Lombardia,Lombardia,10060574,1568498,15.59,0.53
208,2021-04-23,LOM,73428,33285,40143,56900,16528,ITC,ITC4,3,Lombardia,Lombardia,10060574,1641926,16.32,0.73
209,2021-05-10,LOM,85205,40854,44351,63682,21523,ITC,ITC4,3,Lombardia,Lombardia,10060574,1727131,17.17,0.85
210,2021-01-30,LOM,12307,4563,7744,154,12153,ITC,ITC4,3,Lombardia,Lombardia,10060574,1739438,17.29,0.12
211,2021-04-25,LOM,51493,23612,27881,46750,4743,ITC,ITC4,3,Lombardia,Lombardia,10060574,1790931,17.8,0.51
212,2021-04-06,LOM,43054,17582,25472,25120,17934,ITC,ITC4,3,Lombardia,Lombardia,10060574,1833985,18.23,0.43
213,2021-06-14,LOM,94068,47810,46258,49671,44397,ITC,ITC4,3,Lombardia,Lombardia,10060574,1928053,19.16,0.94
214,2021-04-11,LOM,32207,13939,18268,24818,7389,ITC,ITC4,3,Lombardia,Lombardia,10060574,1960260,19.48,0.32
215,2021-01-01,LOM,24,7,17,24,0,ITC,ITC4,3,Lombardia,Lombardia,10060574,1960284,19.48,0.0
216,2021-06-07,LOM,98487,50174,48313,85202,13285,ITC,ITC4,3,Lombardia,Lombardia,10060574,2058771,20.46,0.98
217,2021-02-27,LOM,13944,5869,8075,13303,641,ITC,ITC4,3,Lombardia,Lombardia,10060574,2072715,20.6,0.14
218,2020-12-30,LOM,114,42,72,114,0,ITC,ITC4,3,Lombardia,Lombardia,10060574,2072829,20.6,0.0
219,2021-06-16,LOM,98359,49984,48375,50571,47788,ITC,ITC4,3,Lombardia,Lombardia,10060574,2171188,21.58,0.98
220,2021-03-06,LOM,21317,9092,12225,16805,4512,ITC,ITC4,3,Lombardia,Lombardia,10060574,2192505,21.79,0.21
221,2021-05-17,LOM,94598,45331,49267,30208,64390,ITC,ITC4,3,Lombardia,Lombardia,10060574,2287103,22.73,0.94
222,2021-05-19,LOM,82759,39538,43221,33793,48966,ITC,ITC4,3,Lombardia,Lombardia,10060574,2369862,23.56,0.82
223,2021-02-08,LOM,10080,2918,7162,2130,7950,ITC,ITC4,3,Lombardia,Lombardia,10060574,2379942,23.66,0.1
224,2021-02-25,LOM,15286,6348,8938,13718,1568,ITC,ITC4,3,Lombardia,Lombardia,10060574,2395228,23.81,0.15
225,2021-02-06,LOM,15253,5536,9717,1014,14239,ITC,ITC4,3,Lombardia,Lombardia,10060574,2410481,23.96,0.15
226,2021-05-07,LOM,92252,43684,48568,69891,22361,ITC,ITC4,3,Lombardia,Lombardia,10060574,2502733,24.88,0.92
227,2021-03-18,LOM,27377,10951,16426,16146,11231,ITC,ITC4,3,Lombardia,Lombardia,10060574,2530110,25.15,0.27
228,2021-05-14,LOM,85853,41351,44502,55631,30222,ITC,ITC4,3,Lombardia,Lombardia,10060574,2615963,26.0,0.85
229,2021-02-20,LOM,9335,3867,5468,9038,297,ITC,ITC4,3,Lombardia,Lombardia,10060574,2625298,26.09,0.09
230,2021-05-05,LOM,87885,41907,45978,72583,15302,ITC,ITC4,3,Lombardia,Lombardia,10060574,2713183,26.97,0.87
231,2021-01-18,LOM,9196,2969,6227,8221,975,ITC,ITC4,3,Lombardia,Lombardia,10060574,2722379,27.06,0.09
232,2021-03-23,LOM,42561,15461,27100,29702,12859,ITC,ITC4,3,Lombardia,Lombardia,10060574,2764940,27.48,0.42
233,2021-05-03,LOM,83654,39737,43917,71532,12122,ITC,ITC4,3,Lombardia,Lombardia,10060574,2848594,28.31,0.83
234,2021-01-23,LOM,1115,357,758,916,199,ITC,ITC4,3,Lombardia,Lombardia,10060574,2849709,28.33,0.01
235,2021-06-02,LOM,84621,43570,41051,78294,6327,ITC,ITC4,3,Lombardia,Lombardia,10060574,2934330,29.17,0.84
236,2021-03-11,LOM,36205,13473,22732,26300,9905,ITC,ITC4,3,Lombardia,Lombardia,10060574,2970535,29.53,0.36
237,2021-03-30,LOM,39541,15546,23995,24768,14773,ITC,ITC4,3,Lombardia,Lombardia,10060574,3010076,29.92,0.39
238,2021-06-12,LOM,88305,47552,40753,85260,3045,ITC,ITC4,3,Lombardia,Lombardia,10060574,3098381,30.8,0.88
239,2021-03-21,LOM,23507,8492,15015,18314,5193,ITC,ITC4,3,Lombardia,Lombardia,10060574,3121888,31.03,0.23
240,2021-02-13,LOM,6417,2441,3976,4941,1476,ITC,ITC4,3,Lombardia,Lombardia,10060574,3128305,31.09,0.06
241,2021-01-13,LOM,26422,8070,18352,26422,0,ITC,ITC4,3,Lombardia,Lombardia,10060574,3154727,31.36,0.26
242,2021-05-26,LOM,93382,44537,48845,43565,49817,ITC,ITC4,3,Lombardia,Lombardia,10060574,3248109,32.29,0.93
243,2021-02-15,LOM,8941,3131,5810,8524,417,ITC,ITC4,3,Lombardia,Lombardia,10060574,3257050,32.37,0.09
244,2021-03-20,LOM,32502,12145,20357,22655,9847,ITC,ITC4,3,Lombardia,Lombardia,10060574,3289552,32.7,0.32
245,2020-12-27,LOM,717,413,304,717,0,ITC,ITC4,3,Lombardia,Lombardia,10060574,3290269,32.7,0.01
246,2021-06-09,LOM,102523,51674,50849,88266,14257,ITC,ITC4,3,Lombardia,Lombardia,10060574,3392792,33.72,1.02
247,2021-03-08,LOM,29716,11171,18545,22646,7070,ITC,ITC4,3,Lombardia,Lombardia,10060574,3422508,34.02,0.3
248,2021-05-04,LOM,86793,41067,45726,72410,14383,ITC,ITC4,3,Lombardia,Lombardia,10060574,3509301,34.88,0.86
249,2021-01-24,LOM,1199,457,742,536,663,ITC,ITC4,3,Lombardia,Lombardia,10060574,3510500,34.89,0.01
250,2021-02-10,LOM,14394,4504,9890,7577,6817,ITC,ITC4,3,Lombardia,Lombardia,10060574,3524894,35.04,0.14
251,2021-02-03,LOM,25637,7916,17721,1080,24557,ITC,ITC4,3,Lombardia,Lombardia,10060574,3550531,35.29,0.25
252,2021-04-01,LOM,42948,17224,25724,26750,16198,ITC,ITC4,3,Lombardia,Lombardia,10060574,3593479,35.72,0.43
253,2021-05-02,LOM,83498,38332,45166,61036,22462,ITC,ITC4,3,Lombardia,Lombardia,10060574,3676977,36.55,0.83
254,2021-04-13,LOM,47590,21243,26347,33519,14071,ITC,ITC4,3,Lombardia,Lombardia,10060574,3724567,37.02,0.47
255,2021-04-30,LOM,117209,54777,62432,89730,27479,ITC,ITC4,3,Lombardia,Lombardia,10060574,3841776,38.19,1.17
256,2021-01-20,LOM,5663,1377,4286,5549,114,ITC,ITC4,3,Lombardia,Lombardia,10060574,3847439,38.24,0.06
257,2021-01-22,LOM,3140,867,2273,3071,69,ITC,ITC4,3,Lombardia,Lombardia,10060574,3850579,38.27,0.03
258,2021-01-25,LOM,7011,2367,4644,473,6538,ITC,ITC4,3,Lombardia,Lombardia,10060574,3857590,38.34,0.07
259,2021-02-01,LOM,16064,5322,10742,309,15755,ITC,ITC4,3,Lombardia,Lombardia,10060574,3873654,38.5,0.16
260,2021-04-03,LOM,36235,14859,21376,26148,10087,ITC,ITC4,3,Lombardia,Lombardia,10060574,3909889,38.86,0.36
261,2021-05-30,LOM,74363,35585,38778,34410,39953,ITC,ITC4,3,Lombardia,Lombardia,10060574,3984252,39.6,0.74
262,2021-05-23,LOM,60745,28921,31824,26795,33950,ITC,ITC4,3,Lombardia,Lombardia,10060574,4044997,40.21,0.6
263,2021-02-12,LOM,13957,4362,9595,9025,4932,ITC,ITC4,3,Lombardia,Lombardia,10060574,4058954,40.35,0.14
264,2021-04-10,LOM,52697,21827,30870,40743,11954,ITC,ITC4,3,Lombardia,Lombardia,10060574,4111651,40.87,0.52
265,2021-06-06,LOM,89810,46175,43635,80602,9208,ITC,ITC4,3,Lombardia,Lombardia,10060574,4201461,41.76,0.89
266,2021-01-07,LOM,11755,3634,8121,11755,0,ITC,ITC4,3,Lombardia,Lombardia,10060574,4213216,41.88,0.12
267,2021-01-06,LOM,7058,2491,4567,7058,0,ITC,ITC4,3,Lombardia,Lombardia,10060574,4220274,41.95,0.07
268,2021-05-18,LOM,88132,42132,46000,32601,55531,ITC,ITC4,3,Lombardia,Lombardia,10060574,4308406,42.82,0.88
269,2021-06-04,LOM,104330,54166,50164,94764,9566,ITC,ITC4,3,Lombardia,Lombardia,10060574,4412736,43.86,1.04
270,2021-02-24,LOM,14694,5946,8748,13762,932,ITC,ITC4,3,Lombardia,Lombardia,10060574,4427430,44.01,0.15
271,2021-05-16,LOM,68655,32494,36161,36484,32171,ITC,ITC4,3,Lombardia,Lombardia,10060574,4496085,44.69,0.68
272,2021-02-05,LOM,25686,7454,18232,2417,23269,ITC,ITC4,3,Lombardia,Lombardia,10060574,4521771,44.95,0.26
273,2021-02-22,LOM,11894,4807,7087,11589,305,ITC,ITC4,3,Lombardia,Lombardia,10060574,4533665,45.06,0.12
274,2021-03-04,LOM,29304,12101,17203,20249,9055,ITC,ITC4,3,Lombardia,Lombardia,10060574,4562969,45.35,0.29
275,2021-03-22,LOM,40308,14293,26015,29769,10539,ITC,ITC4,3,Lombardia,Lombardia,10060574,4603277,45.76,0.4
276,2021-04-08,LOM,52311,21744,30567,35864,16447,ITC,ITC4,3,Lombardia,Lombardia,10060574,4655588,46.28,0.52
277,2020-12-29,LOM,104,44,60,104,0,ITC,ITC4,3,Lombardia,Lombardia,10060574,4655692,46.28,0.0
278,2021-04-22,LOM,73852,33360,40492,57534,16318,ITC,ITC4,3,Lombardia,Lombardia,10060574,4729544,47.01,0.73
279,2021-03-03,LOM,26957,11507,15450,19678,7279,ITC,ITC4,3,Lombardia,Lombardia,10060574,4756501,47.28,0.27
280,2021-04-15,LOM,49412,21844,27568,35593,13819,ITC,ITC4,3,Lombardia,Lombardia,10060574,4805913,47.77,0.49
281,2021-01-05,LOM,7823,2568,5255,7823,0,ITC,ITC4,3,Lombardia,Lombardia,10060574,4813736,47.85,0.08
282,2021-03-27,LOM,32427,12371,20056,23723,8704,ITC,ITC4,3,Lombardia,Lombardia,10060574,4846163,48.17,0.32
283,2021-01-03,LOM,854,316,538,854,0,ITC,ITC4,3,Lombardia,Lombardia,10060574,4847017,48.18,0.01
284,2021-02-19,LOM,14211,5399,8812,13488,723,ITC,ITC4,3,Lombardia,Lombardia,10060574,4861228,48.32,0.14
285,2021-04-17,LOM,48466,21284,27182,37639,10827,ITC,ITC4,3,Lombardia,Lombardia,10060574,4909694,48.8,0.48
286,2021-02-26,LOM,18380,7554,10826,16516,1864,ITC,ITC4,3,Lombardia,Lombardia,10060574,4928074,48.98,0.18
287,2020-12-31,LOM,713,301,412,713,0,ITC,ITC4,3,Lombardia,Lombardia,10060574,4928787,48.99,0.01
288,2021-05-09,LOM,69672,32872,36800,56428,13244,ITC,ITC4,3,Lombardia,Lombardia,10060574,4998459,49.68,0.69
289,2021-01-29,LOM,13476,4126,9350,685,12791,ITC,ITC4,3,Lombardia,Lombardia,10060574,5011935,49.82,0.13
290,2021-06-13,LOM,75222,40173,35049,73108,2114,ITC,ITC4,3,Lombardia,Lombardia,10060574,5087157,50.57,0.75
291,2021-03-05,LOM,28913,11925,16988,20506,8407,ITC,ITC4,3,Lombardia,Lombardia,10060574,5116070,50.85,0.29
292,2021-03-19,LOM,32415,12912,19503,19220,13195,ITC,ITC4,3,Lombardia,Lombardia,10060574,5148485,51.17,0.32
293,2021-05-27,LOM,94700,45389,49311,41362,53338,ITC,ITC4,3,Lombardia,Lombardia,10060574,5243185,52.12,0.94
294,2021-04-24,LOM,75747,33570,42177,54624,21123,ITC,ITC4,3,Lombardia,Lombardia,10060574,5318932,52.87,0.75
295,2021-01-14,LOM,26872,7791,19081,26872,0,ITC,ITC4,3,Lombardia,Lombardia,10060574,5345804,53.14,0.27
296,2021-05-08,LOM,87682,40747,46935,65667,22015,ITC,ITC4,3,Lombardia,Lombardia,10060574,5433486,54.01,0.87
297,2021-04-07,LOM,50571,20915,29656,34765,15806,ITC,ITC4,3,Lombardia,Lombardia,10060574,5484057,54.51,0.5
298,2021-06-01,LOM,93847,46048,47799,76835,17012,ITC,ITC4,3,Lombardia,Lombardia,10060574,5577904,55.44,0.93
299,2021-01-02,LOM,200,72,128,200,0,ITC,ITC4,3,Lombardia,Lombardia,10060574,5578104,55.45,0.0
300,2021-06-08,LOM,102248,51994,50254,88251,13997,ITC,ITC4,3,Lombardia,Lombardia,10060574,5680352,56.46,1.02
301,2021-02-28,LOM,7882,3253,4629,7672,210,ITC,ITC4,3,Lombardia,Lombardia,10060574,5688234,56.54,0.08
302,2021-04-26,LOM,87926,40918,47008,68768,19158,ITC,ITC4,3,Lombardia,Lombardia,10060574,5776160,57.41,0.87
303,2021-04-12,LOM,47220,20573,26647,32886,14334,ITC,ITC4,3,Lombardia,Lombardia,10060574,5823380,57.88,0.47
304,2021-02-21,LOM,5050,1861,3189,5033,17,ITC,ITC4,3,Lombardia,Lombardia,10060574,5828430,57.93,0.05
305,2021-04-19,LOM,60092,27340,32752,50688,9404,ITC,ITC4,3,Lombardia,Lombardia,10060574,5888522,58.53,0.6
306,2021-06-15,LOM,95378,48554,46824,49540,45838,ITC,ITC4,3,Lombardia,Lombardia,10060574,5983900,59.48,0.95
307,2021-03-13,LOM,27165,9767,17398,21076,6089,ITC,ITC4,3,Lombardia,Lombardia,10060574,6011065,59.75,0.27
308,2021-05-01,LOM,95963,43670,52293,66757,29206,ITC,ITC4,3,Lombardia,Lombardia,10060574,6107028,60.7,0.95
309,2021-01-21,LOM,5442,1592,3850,4754,688,ITC,ITC4,3,Lombardia,Lombardia,10060574,6112470,60.76,0.05
310,2021-02-07,LOM,7308,2822,4486,338,6970,ITC,ITC4,3,Lombardia,Lombardia,10060574,6119778,60.83,0.07
311,2021-01-19,LOM,8051,2329,5722,7583,468,ITC,ITC4,3,Lombardia,Lombardia,10060574,6127829,60.91,0.08
312,2021-06-18,LOM,39045,18987,20058,16709,22336,ITC,ITC4,3,Lombardia,Lombardia,10060574,6166874,61.3,0.39
313,2021-03-01,LOM,18776,8227,10549,17071,1705,ITC,ITC4,3,Lombardia,Lombardia,10060574,6185650,61.48,0.19
314,2021-05-15,LOM,80886,38778,42108,47522,33364,ITC,ITC4,3,Lombardia,Lombardia,10060574,6266536,62.29,0.8
315,2021-05-13,LOM,87048,41733,45315,58280,28768,ITC,ITC4,3,Lombardia,Lombardia,10060574,6353584,63.15,0.87
316,2021-02-02,LOM,19865,6591,13274,497,19368,ITC,ITC4,3,Lombardia,Lombardia,10060574,6373449,63.35,0.2
317,2021-03-31,LOM,42033,17040,24993,26810,15223,ITC,ITC4,3,Lombardia,Lombardia,10060574,6415482,63.77,0.42
318,2021-03-10,LOM,33233,12710,20523,25374,7859,ITC,ITC4,3,Lombardia,Lombardia,10060574,6448715,64.1,0.33
319,2021-05-06,LOM,89777,42176,47601,73320,16457,ITC,ITC4,3,Lombardia,Lombardia,10060574,6538492,64.99,0.89
320,2021-01-26,LOM,8337,2705,5632,349,7988,ITC,ITC4,3,Lombardia,Lombardia,10060574,6546829,65.07,0.08
321,2021-06-03,LOM,96893,49611,47282,86185,10708,ITC,ITC4,3,Lombardia,Lombardia,10060574,6643722,66.04,0.96
322,2021-03-12,LOM,35259,12963,22296,25060,10199,ITC,ITC4,3,Lombardia,Lombardia,10060574,6678981,66.39,0.35
323,2021-03-29,LOM,40035,15537,24498,25205,14830,ITC,ITC4,3,Lombardia,Lombardia,10060574,6719016,66.79,0.4
324,2021-05-20,LOM,94344,45603,48741,31833,62511,ITC,ITC4,3,Lombardia,Lombardia,10060574,6813360,67.72,0.94
325,2021-05-11,LOM,86822,41408,45414,60646,26176,ITC,ITC4,3,Lombardia,Lombardia,10060574,6900182,68.59,0.86
326,2021-05-28,LOM,93406,44763,48643,42922,50484,ITC,ITC4,3,Lombardia,Lombardia,10060574,6993588,69.51,0.93
327,2021-02-17,LOM,11985,3755,8230,10596,1389,ITC,ITC4,3,Lombardia,Lombardia,10060574,7005573,69.63,0.12
328,2021-06-11,LOM,100222,51014,49208,85858,14364,ITC,ITC4,3,Lombardia,Lombardia,10060574,7105795,70.63,1.0
329,2021-04-05,LOM,27377,11694,15683,19274,8103,ITC,ITC4,3,Lombardia,Lombardia,10060574,7133172,70.9,0.27
330,2021-01-31,LOM,9734,3762,5972,29,9705,ITC,ITC4,3,Lombardia,Lombardia,10060574,7142906,71.0,0.1
331,2021-05-25,LOM,91060,43579,47481,44621,46439,ITC,ITC4,3,Lombardia,Lombardia,10060574,7233966,71.9,0.91
332,2021-02-14,LOM,3578,1545,2033,2943,635,ITC,ITC4,3,Lombardia,Lombardia,10060574,7237544,71.94,0.04
333,2021-01-12,LOM,20215,6697,13518,20215,0,ITC,ITC4,3,Lombardia,Lombardia,10060574,7257759,72.14,0.2
334,2021-04-18,LOM,36344,16204,20140,31114,5230,ITC,ITC4,3,Lombardia,Lombardia,10060574,7294103,72.5,0.36
335,2021-01-08,LOM,12698,3918,8780,12698,0,ITC,ITC4,3,Lombardia,Lombardia,10060574,7306801,72.63,0.13
336,2021-01-15,LOM,25207,7430,17777,25207,0,ITC,ITC4,3,Lombardia,Lombardia,10060574,7332008,72.88,0.25
337,2021-04-29,LOM,115455,53571,61884,85624,29831,ITC,ITC4,3,Lombardia,Lombardia,10060574,7447463,74.03,1.15
338,2021-04-20,LOM,67634,30821,36813,57299,10335,ITC,ITC4,3,Lombardia,Lombardia,10060574,7515097,74.7,0.67
339,2021-01-10,LOM,10513,3957,6556,10513,0,ITC,ITC4,3,Lombardia,Lombardia,10060574,7525610,74.8,0.1
340,2021-01-17,LOM,8336,3340,4996,8136,200,ITC,ITC4,3,Lombardia,Lombardia,10060574,7533946,74.89,0.08
341,2021-03-15,LOM,31547,11327,20220,23032,8515,ITC,ITC4,3,Lombardia,Lombardia,10060574,7565493,75.2,0.31
342,2021-04-27,LOM,85953,39962,45991,69415,16538,ITC,ITC4,3,Lombardia,Lombardia,10060574,7651446,76.05,0.85
343,2021-03-17,LOM,26252,10493,15759,15254,10998,ITC,ITC4,3,Lombardia,Lombardia,10060574,7677698,76.31,0.26
344,2021-03-24,LOM,43222,15602,27620,31344,11878,ITC,ITC4,3,Lombardia,Lombardia,10060574,7720920,76.74,0.43
345,2021-02-09,LOM,12206,3331,8875,4033,8173,ITC,ITC4,3,Lombardia,Lombardia,10060574,7733126,76.87,0.12
346,2021-03-02,CAM,12761,4558,8203,8416,4345,ITF,ITF3,15,Campania,Campania,5801692,12761,0.22,0.22
347,2021-01-11,CAM,4070,1871,2199,4070,0,ITF,ITF3,15,Campania,Campania,5801692,16831,0.29,0.07
348,2021-06-07,CAM,55688,26765,28923,51690,3998,ITF,ITF3,15,Campania,Campania,5801692,72519,1.25,0.96
349,2021-02-25,CAM,12425,4478,7947,11237,1188,ITF,ITF3,15,Campania,Campania,5801692,84944,1.46,0.21
350,2021-04-09,CAM,30033,14144,15889,23904,6129,ITF,ITF3,15,Campania,Campania,5801692,114977,1.98,0.52
351,2021-06-05,CAM,77008,37267,39741,70994,6014,ITF,ITF3,15,Campania,Campania,5801692,191985,3.31,1.33
352,2021-06-14,CAM,36664,17700,18964,18709,17955,ITF,ITF3,15,Campania,Campania,5801692,228649,3.94,0.63
353,2021-04-11,CAM,17523,8606,8917,15441,2082,ITF,ITF3,15,Campania,Campania,5801692,246172,4.24,0.3
354,2021-04-28,CAM,36436,17643,18793,26686,9750,ITF,ITF3,15,Campania,Campania,5801692,282608,4.87,0.63
355,2021-01-18,CAM,957,399,558,713,244,ITF,ITF3,15,Campania,Campania,5801692,283565,4.89,0.02
356,2021-05-17,CAM,49297,21657,27640,24101,25196,ITF,ITF3,15,Campania,Campania,5801692,332862,5.74,0.85
357,2021-02-06,CAM,5340,2665,2675,2102,3238,ITF,ITF3,15,Campania,Campania,5801692,338202,5.83,0.09
358,2021-02-11,CAM,6279,2704,3575,6213,66,ITF,ITF3,15,Campania,Campania,5801692,344481,5.94,0.11
359,2021-04-16,CAM,34315,16559,17756,23650,10665,ITF,ITF3,15,Campania,Campania,5801692,378796,6.53,0.59
360,2021-01-06,CAM,7652,3749,3903,7652,0,ITF,ITF3,15,Campania,Campania,5801692,386448,6.66,0.13
361,2021-03-16,CAM,8087,3519,4568,3773,4314,ITF,ITF3,15,Campania,Campania,5801692,394535,6.8,0.14
362,2021-01-25,CAM,5746,2927,2819,164,5582,ITF,ITF3,15,Campania,Campania,5801692,400281,6.9,0.1
363,2021-03-23,CAM,15738,7441,8297,13225,2513,ITF,ITF3,15,Campania,Campania,5801692,416019,7.17,0.27
364,2021-05-19,CAM,51093,22556,28537,34531,16562,ITF,ITF3,15,Campania,Campania,5801692,467112,8.05,0.88
365,2021-05-05,CAM,51165,24852,26313,44785,6380,ITF,ITF3,15,Campania,Campania,5801692,518277,8.93,0.88
366,2021-01-30,CAM,10721,5079,5642,38,10683,ITF,ITF3,15,Campania,Campania,5801692,528998,9.12,0.18
367,2021-01-16,CAM,3369,1675,1694,3369,0,ITF,ITF3,15,Campania,Campania,5801692,532367,9.18,0.06
368,2021-01-23,CAM,3839,2029,1810,273,3566,ITF,ITF3,15,Campania,Campania,5801692,536206,9.24,0.07
369,2021-03-21,CAM,10071,4674,5397,7681,2390,ITF,ITF3,15,Campania,Campania,5801692,546277,9.42,0.17
370,2021-02-10,CAM,6904,3413,3491,6728,176,ITF,ITF3,15,Campania,Campania,5801692,553181,9.53,0.12
371,2021-04-08,CAM,28375,13735,14640,22534,5841,ITF,ITF3,15,Campania,Campania,5801692,581556,10.02,0.49
372,2021-03-28,CAM,15555,7504,8051,13930,1625,ITF,ITF3,15,Campania,Campania,5801692,597111,10.29,0.27
373,2021-01-04,CAM,5825,2962,2863,5825,0,ITF,ITF3,15,Campania,Campania,5801692,602936,10.39,0.1
374,2021-03-09,CAM,14124,6870,7254,10339,3785,ITF,ITF3,15,Campania,Campania,5801692,617060,10.64,0.24
375,2021-05-31,CAM,40650,20593,20057,30382,10268,ITF,ITF3,15,Campania,Campania,5801692,657710,11.34,0.7
376,2021-05-24,CAM,31307,15106,16201,16198,15109,ITF,ITF3,15,Campania,Campania,5801692,689017,11.88,0.54
377,2021-02-13,CAM,5508,2550,2958,5291,217,ITF,ITF3,15,Campania,Campania,5801692,694525,11.97,0.09
378,2021-04-23,CAM,32307,15513,16794,23160,9147,ITF,ITF3,15,Campania,Campania,5801692,726832,12.53,0.56
379,2021-05-26,CAM,52595,25778,26817,21548,31047,ITF,ITF3,15,Campania,Campania,5801692,779427,13.43,0.91
380,2021-04-06,CAM,24525,11569,12956,20001,4524,ITF,ITF3,15,Campania,Campania,5801692,803952,13.86,0.42
381,2020-12-27,CAM,720,422,298,720,0,ITF,ITF3,15,Campania,Campania,5801692,804672,13.87,0.01
382,2021-04-20,CAM,32038,15501,16537,20728,11310,ITF,ITF3,15,Campania,Campania,5801692,836710,14.42,0.55
383,2021-03-20,CAM,13986,6525,7461,10247,3739,ITF,ITF3,15,Campania,Campania,5801692,850696,14.66,0.24
384,2021-02-15,CAM,5470,2516,2954,5297,173,ITF,ITF3,15,Campania,Campania,5801692,856166,14.76,0.09
385,2021-02-27,CAM,13949,4473,9476,12307,1642,ITF,ITF3,15,Campania,Campania,5801692,870115,15.0,0.24
386,2021-06-16,CAM,30300,14320,15980,19589,10711,ITF,ITF3,15,Campania,Campania,5801692,900415,15.52,0.52
387,2021-05-02,CAM,43492,21540,21952,32137,11355,ITF,ITF3,15,Campania,Campania,5801692,943907,16.27,0.75
388,2021-01-22,CAM,1525,776,749,673,852,ITF,ITF3,15,Campania,Campania,5801692,945432,16.3,0.03
389,2021-03-06,CAM,16371,6814,9557,10702,5669,ITF,ITF3,15,Campania,Campania,5801692,961803,16.58,0.28
390,2021-04-30,CAM,42271,20162,22109,25819,16452,ITF,ITF3,15,Campania,Campania,5801692,1004074,17.31,0.73
391,2021-02-04,CAM,7943,3429,4514,1308,6635,ITF,ITF3,15,Campania,Campania,5801692,1012017,17.44,0.14
392,2021-01-01,CAM,919,506,413,919,0,ITF,ITF3,15,Campania,Campania,5801692,1012936,17.46,0.02
393,2021-03-25,CAM,20319,9651,10668,16816,3503,ITF,ITF3,15,Campania,Campania,5801692,1033255,17.81,0.35
394,2021-01-20,CAM,1257,650,607,1257,0,ITF,ITF3,15,Campania,Campania,5801692,1034512,17.83,0.02
395,2021-06-04,CAM,74169,35618,38551,65146,9023,ITF,ITF3,15,Campania,Campania,5801692,1108681,19.11,1.28
396,2021-05-21,CAM,63647,29556,34091,43178,20469,ITF,ITF3,15,Campania,Campania,5801692,1172328,20.21,1.1
397,2021-04-01,CAM,24676,12006,12670,20543,4133,ITF,ITF3,15,Campania,Campania,5801692,1197004,20.63,0.43
398,2021-05-28,CAM,72957,35243,37714,26885,46072,ITF,ITF3,15,Campania,Campania,5801692,1269961,21.89,1.26
399,2021-05-14,CAM,60901,27537,33364,36324,24577,ITF,ITF3,15,Campania,Campania,5801692,1330862,22.94,1.05
400,2021-02-18,CAM,9080,3813,5267,8373,707,ITF,ITF3,15,Campania,Campania,5801692,1339942,23.1,0.16
401,2021-04-25,CAM,30731,15170,15561,25338,5393,ITF,ITF3,15,Campania,Campania,5801692,1370673,23.63,0.53
402,2021-01-13,CAM,8020,3666,4354,8020,0,ITF,ITF3,15,Campania,Campania,5801692,1378693,23.76,0.14
403,2021-04-18,CAM,27218,13283,13935,18318,8900,ITF,ITF3,15,Campania,Campania,5801692,1405911,24.23,0.47
404,2021-01-08,CAM,10454,4967,5487,10454,0,ITF,ITF3,15,Campania,Campania,5801692,1416365,24.41,0.18
405,2021-05-12,CAM,40867,19939,20928,31716,9151,ITF,ITF3,15,Campania,Campania,5801692,1457232,25.12,0.7
406,2021-02-08,CAM,5113,2449,2664,4310,803,ITF,ITF3,15,Campania,Campania,5801692,1462345,25.21,0.09
407,2021-06-02,CAM,42739,20107,22632,38109,4630,ITF,ITF3,15,Campania,Campania,5801692,1505084,25.94,0.74
408,2021-02-22,CAM,10680,3294,7386,10417,263,ITF,ITF3,15,Campania,Campania,5801692,1515764,26.13,0.18
409,2021-03-11,CAM,17997,9056,8941,10718,7279,ITF,ITF3,15,Campania,Campania,5801692,1533761,26.44,0.31
410,2021-05-16,CAM,51144,23226,27918,33572,17572,ITF,ITF3,15,Campania,Campania,5801692,1584905,27.32,0.88
411,2021-02-20,CAM,8573,3080,5493,8270,303,ITF,ITF3,15,Campania,Campania,5801692,1593478,27.47,0.15
412,2021-02-03,CAM,8903,4003,4900,878,8025,ITF,ITF3,15,Campania,Campania,5801692,1602381,27.62,0.15
413,2021-04-04,CAM,7965,4017,3948,6919,1046,ITF,ITF3,15,Campania,Campania,5801692,1610346,27.76,0.14
414,2021-06-12,CAM,60375,29648,30727,53187,7188,ITF,ITF3,15,Campania,Campania,5801692,1670721,28.8,1.04
415,2021-03-04,CAM,14706,5395,9311,8812,5894,ITF,ITF3,15,Campania,Campania,5801692,1685427,29.05,0.25
416,2021-05-07,CAM,59755,29198,30557,43810,15945,ITF,ITF3,15,Campania,Campania,5801692,1745182,30.08,1.03
417,2021-01-27,CAM,7738,3820,3918,162,7576,ITF,ITF3,15,Campania,Campania,5801692,1752920,30.21,0.13
418,2021-06-09,CAM,52383,25727,26656,41514,10869,ITF,ITF3,15,Campania,Campania,5801692,1805303,31.12,0.9
419,2021-03-01,CAM,12130,4247,7883,8017,4113,ITF,ITF3,15,Campania,Campania,5801692,1817433,31.33,0.21
420,2021-05-09,CAM,43192,20281,22911,32098,11094,ITF,ITF3,15,Campania,Campania,5801692,1860625,32.07,0.74
421,2021-01-10,CAM,8165,3736,4429,8165,0,ITF,ITF3,15,Campania,Campania,5801692,1868790,32.21,0.14
422,2021-04-03,CAM,21114,10314,10800,18733,2381,ITF,ITF3,15,Campania,Campania,5801692,1889904,32.58,0.36
423,2021-03-08,CAM,14687,6848,7839,9911,4776,ITF,ITF3,15,Campania,Campania,5801692,1904591,32.83,0.25
424,2021-05-04,CAM,48472,23342,25130,39573,8899,ITF,ITF3,15,Campania,Campania,5801692,1953063,33.66,0.84
425,2021-01-24,CAM,4122,2119,2003,377,3745,ITF,ITF3,15,Campania,Campania,5801692,1957185,33.73,0.07
426,2021-05-13,CAM,55438,24824,30614,39442,15996,ITF,ITF3,15,Campania,Campania,5801692,2012623,34.69,0.96
427,2021-01-31,CAM,8068,3711,4357,23,8045,ITF,ITF3,15,Campania,Campania,5801692,2020691,34.83,0.14
428,2021-02-24,CAM,11785,4149,7636,11097,688,ITF,ITF3,15,Campania,Campania,5801692,2032476,35.03,0.2
429,2021-01-05,CAM,7237,3637,3600,7237,0,ITF,ITF3,15,Campania,Campania,5801692,2039713,35.16,0.12
430,2021-02-17,CAM,7388,3210,4178,6328,1060,ITF,ITF3,15,Campania,Campania,5801692,2047101,35.28,0.13
431,2021-04-15,CAM,34337,16658,17679,24439,9898,ITF,ITF3,15,Campania,Campania,5801692,2081438,35.88,0.59
432,2021-04-13,CAM,26602,12682,13920,21071,5531,ITF,ITF3,15,Campania,Campania,5801692,2108040,36.33,0.46
433,2021-01-03,CAM,3836,2009,1827,3836,0,ITF,ITF3,15,Campania,Campania,5801692,2111876,36.4,0.07
434,2021-03-29,CAM,19397,9571,9826,17851,1546,ITF,ITF3,15,Campania,Campania,5801692,2131273,36.74,0.33
435,2021-02-01,CAM,3984,1813,2171,110,3874,ITF,ITF3,15,Campania,Campania,5801692,2135257,36.8,0.07
436,2021-03-30,CAM,22038,10564,11474,19080,2958,ITF,ITF3,15,Campania,Campania,5801692,2157295,37.18,0.38
437,2021-04-17,CAM,36179,17510,18669,24671,11508,ITF,ITF3,15,Campania,Campania,5801692,2193474,37.81,0.62
438,2021-06-13,CAM,41831,20394,21437,37105,4726,ITF,ITF3,15,Campania,Campania,5801692,2235305,38.53,0.72
439,2021-05-30,CAM,52146,25436,26710,38835,13311,ITF,ITF3,15,Campania,Campania,5801692,2287451,39.43,0.9
440,2021-02-19,CAM,9570,3559,6011,8920,650,ITF,ITF3,15,Campania,Campania,5801692,2297021,39.59,0.16
441,2020-12-31,CAM,1490,811,679,1490,0,ITF,ITF3,15,Campania,Campania,5801692,2298511,39.62,0.03
442,2021-06-06,CAM,62317,30977,31340,61671,646,ITF,ITF3,15,Campania,Campania,5801692,2360828,40.69,1.07
443,2021-02-26,CAM,13336,4228,9108,12001,1335,ITF,ITF3,15,Campania,Campania,5801692,2374164,40.92,0.23
444,2021-04-24,CAM,36354,17525,18829,25107,11247,ITF,ITF3,15,Campania,Campania,5801692,2410518,41.55,0.63
445,2021-04-10,CAM,28350,13492,14858,23437,4913,ITF,ITF3,15,Campania,Campania,5801692,2438868,42.04,0.49
446,2021-01-07,CAM,8911,4167,4744,8911,0,ITF,ITF3,15,Campania,Campania,5801692,2447779,42.19,0.15
447,2021-03-05,CAM,16810,6663,10147,10147,6663,ITF,ITF3,15,Campania,Campania,5801692,2464589,42.48,0.29
448,2021-05-18,CAM,52127,23192,28935,32509,19618,ITF,ITF3,15,Campania,Campania,5801692,2516716,43.38,0.9
449,2021-02-05,CAM,7259,3463,3796,2132,5127,ITF,ITF3,15,Campania,Campania,5801692,2523975,43.5,0.13
450,2021-04-29,CAM,41323,20034,21289,24846,16477,ITF,ITF3,15,Campania,Campania,5801692,2565298,44.22,0.71
451,2021-01-19,CAM,1095,474,621,1092,3,ITF,ITF3,15,Campania,Campania,5801692,2566393,44.24,0.02
452,2021-03-18,CAM,12174,5380,6794,5986,6188,ITF,ITF3,15,Campania,Campania,5801692,2578567,44.45,0.21
453,2021-04-05,CAM,11639,5544,6095,9216,2423,ITF,ITF3,15,Campania,Campania,5801692,2590206,44.65,0.2
454,2021-03-17,CAM,11590,5100,6490,5010,6580,ITF,ITF3,15,Campania,Campania,5801692,2601796,44.85,0.2
455,2021-06-11,CAM,67753,32844,34909,61748,6005,ITF,ITF3,15,Campania,Campania,5801692,2669549,46.01,1.17
456,2021-03-03,CAM,13922,5495,8427,7292,6630,ITF,ITF3,15,Campania,Campania,5801692,2683471,46.25,0.24
457,2021-03-27,CAM,21508,10241,11267,17643,3865,ITF,ITF3,15,Campania,Campania,5801692,2704979,46.62,0.37
458,2021-06-01,CAM,41908,20792,21116,31482,10426,ITF,ITF3,15,Campania,Campania,5801692,2746887,47.35,0.72
459,2021-06-18,CAM,24408,11420,12988,12227,12181,ITF,ITF3,15,Campania,Campania,5801692,2771295,47.77,0.42
460,2021-03-10,CAM,15609,7719,7890,8774,6835,ITF,ITF3,15,Campania,Campania,5801692,2786904,48.04,0.27
461,2021-05-15,CAM,62586,29016,33570,43901,18685,ITF,ITF3,15,Campania,Campania,5801692,2849490,49.11,1.08
462,2021-01-14,CAM,7074,2978,4096,7074,0,ITF,ITF3,15,Campania,Campania,5801692,2856564,49.24,0.12
463,2021-05-23,CAM,58737,28633,30104,37842,20895,ITF,ITF3,15,Campania,Campania,5801692,2915301,50.25,1.01
464,2021-02-12,CAM,6529,2861,3668,6343,186,ITF,ITF3,15,Campania,Campania,5801692,2921830,50.36,0.11
465,2021-01-29,CAM,10052,4812,5240,47,10005,ITF,ITF3,15,Campania,Campania,5801692,2931882,50.53,0.17
466,2021-03-19,CAM,11142,4973,6169,7270,3872,ITF,ITF3,15,Campania,Campania,5801692,2943024,50.73,0.19
467,2021-06-10,CAM,73315,35376,37939,66305,7010,ITF,ITF3,15,Campania,Campania,5801692,3016339,51.99,1.26
468,2021-05-08,CAM,56410,27127,29283,40583,15827,ITF,ITF3,15,Campania,Campania,5801692,3072749,52.96,0.97
469,2021-01-28,CAM,8832,4121,4711,134,8698,ITF,ITF3,15,Campania,Campania,5801692,3081581,53.12,0.15
470,2021-04-21,CAM,30222,14722,15500,17996,12226,ITF,ITF3,15,Campania,Campania,5801692,3111803,53.64,0.52
471,2021-03-14,CAM,8617,3827,4790,4477,4140,ITF,ITF3,15,Campania,Campania,5801692,3120420,53.78,0.15
472,2021-05-10,CAM,35444,16380,19064,25525,9919,ITF,ITF3,15,Campania,Campania,5801692,3155864,54.4,0.61
473,2021-06-08,CAM,51472,25036,26436,44489,6983,ITF,ITF3,15,Campania,Campania,5801692,3207336,55.28,0.89
474,2021-04-26,CAM,34028,16647,17381,28405,5623,ITF,ITF3,15,Campania,Campania,5801692,3241364,55.87,0.59
475,2021-03-07,CAM,11973,5404,6569,8130,3843,ITF,ITF3,15,Campania,Campania,5801692,3253337,56.08,0.21
476,2021-05-03,CAM,40761,19889,20872,28911,11850,ITF,ITF3,15,Campania,Campania,5801692,3294098,56.78,0.7
477,2021-06-15,CAM,18053,8788,9265,10671,7382,ITF,ITF3,15,Campania,Campania,5801692,3312151,57.09,0.31
478,2021-01-21,CAM,2092,1115,977,676,1416,ITF,ITF3,15,Campania,Campania,5801692,3314243,57.13,0.04
479,2021-04-14,CAM,27641,13334,14307,19072,8569,ITF,ITF3,15,Campania,Campania,5801692,3341884,57.6,0.48
480,2021-05-01,CAM,46336,22660,23676,30234,16102,ITF,ITF3,15,Campania,Campania,5801692,3388220,58.4,0.8
481,2021-04-12,CAM,23301,10918,12383,20265,3036,ITF,ITF3,15,Campania,Campania,5801692,3411521,58.8,0.4
482,2021-01-02,CAM,3672,1962,1710,3672,0,ITF,ITF3,15,Campania,Campania,5801692,3415193,58.87,0.06
483,2021-05-11,CAM,39842,19231,20611,30462,9380,ITF,ITF3,15,Campania,Campania,5801692,3455035,59.55,0.69
484,2021-02-02,CAM,5724,2805,2919,444,5280,ITF,ITF3,15,Campania,Campania,5801692,3460759,59.65,0.1
485,2021-03-31,CAM,23175,11365,11810,19736,3439,ITF,ITF3,15,Campania,Campania,5801692,3483934,60.05,0.4
486,2021-04-07,CAM,24968,11982,12986,20244,4724,ITF,ITF3,15,Campania,Campania,5801692,3508902,60.48,0.43
487,2021-04-02,CAM,21843,10515,11328,19521,2322,ITF,ITF3,15,Campania,Campania,5801692,3530745,60.86,0.38
488,2021-03-12,CAM,14571,7408,7163,8488,6083,ITF,ITF3,15,Campania,Campania,5801692,3545316,61.11,0.25
489,2021-06-03,CAM,72490,35134,37356,61876,10614,ITF,ITF3,15,Campania,Campania,5801692,3617806,62.36,1.25
490,2021-02-23,CAM,11003,3388,7615,10477,526,ITF,ITF3,15,Campania,Campania,5801692,3628809,62.55,0.19
491,2021-02-21,CAM,5836,2241,3595,5611,225,ITF,ITF3,15,Campania,Campania,5801692,3634645,62.65,0.1
492,2021-06-17,CAM,57429,27521,29908,30769,26660,ITF,ITF3,15,Campania,Campania,5801692,3692074,63.64,0.99
493,2021-03-26,CAM,19853,9312,10541,16038,3815,ITF,ITF3,15,Campania,Campania,5801692,3711927,63.98,0.34
494,2021-05-25,CAM,46427,22313,24114,23063,23364,ITF,ITF3,15,Campania,Campania,5801692,3758354,64.78,0.8
495,2021-04-22,CAM,33941,16532,17409,21538,12403,ITF,ITF3,15,Campania,Campania,5801692,3792295,65.37,0.59
496,2021-01-12,CAM,5215,2564,2651,5215,0,ITF,ITF3,15,Campania,Campania,5801692,3797510,65.46,0.09
497,2021-05-06,CAM,57265,27899,29366,42822,14443,ITF,ITF3,15,Campania,Campania,5801692,3854775,66.44,0.99
498,2021-02-28,CAM,10411,3206,7205,8511,1900,ITF,ITF3,15,Campania,Campania,5801692,3865186,66.62,0.18
499,2021-02-14,CAM,3928,1923,2005,3894,34,ITF,ITF3,15,Campania,Campania,5801692,3869114,66.69,0.07
500,2021-01-26,CAM,7340,3726,3614,351,6989,ITF,ITF3,15,Campania,Campania,5801692,3876454,66.82,0.13
501,2021-04-19,CAM,30769,14829,15940,19199,11570,ITF,ITF3,15,Campania,Campania,5801692,3907223,67.35,0.53
502,2021-01-09,CAM,10567,5024,5543,10567,0,ITF,ITF3,15,Campania,Campania,5801692,3917790,67.53,0.18
503,2021-04-27,CAM,32154,15622,16532,24234,7920,ITF,ITF3,15,Campania,Campania,5801692,3949944,68.08,0.55
504,2021-01-15,CAM,4980,2381,2599,4980,0,ITF,ITF3,15,Campania,Campania,5801692,3954924,68.17,0.09
505,2021-03-13,CAM,14517,7038,7479,9235,5282,ITF,ITF3,15,Campania,Campania,5801692,3969441,68.42,0.25
506,2021-03-22,CAM,13180,6343,6837,11140,2040,ITF,ITF3,15,Campania,Campania,5801692,3982621,68.65,0.23
507,2021-02-07,CAM,2929,1382,1547,2158,771,ITF,ITF3,15,Campania,Campania,5801692,3985550,68.7,0.05
508,2021-01-17,CAM,1155,551,604,702,453,ITF,ITF3,15,Campania,Campania,5801692,3986705,68.72,0.02
509,2021-03-15,CAM,13337,6485,6852,8592,4745,ITF,ITF3,15,Campania,Campania,5801692,4000042,68.95,0.23
510,2021-05-27,CAM,72842,35293,37549,26361,46481,ITF,ITF3,15,Campania,Campania,5801692,4072884,70.2,1.26
511,2021-02-16,CAM,5440,2411,3029,4669,771,ITF,ITF3,15,Campania,Campania,5801692,4078324,70.3,0.09
512,2021-05-22,CAM,67879,32466,35413,46444,21435,ITF,ITF3,15,Campania,Campania,5801692,4146203,71.47,1.17
513,2021-03-24,CAM,17919,8368,9551,14962,2957,ITF,ITF3,15,Campania,Campania,5801692,4164122,71.77,0.31
514,2021-05-20,CAM,60707,28067,32640,43158,17549,ITF,ITF3,15,Campania,Campania,5801692,4224829,72.82,1.05
515,2021-02-09,CAM,4643,2202,2441,4391,252,ITF,ITF3,15,Campania,Campania,5801692,4229472,72.9,0.08
516,2021-05-29,CAM,67789,32247,35542,43936,23853,ITF,ITF3,15,Campania,Campania,5801692,4297261,74.07,1.17
517,2021-05-20,PAB,4720,2332,2388,3252,1468,ITH,ITH1,4,Provincia Autonoma Bolzano / Bozen,P.A. Bolzano,533050,4720,0.89,0.89
518,2021-03-31,PAB,1832,694,1138,821,1011,ITH,ITH1,4,Provincia Autonoma Bolzano / Bozen,P.A. Bolzano,533050,6552,1.23,0.34
519,2021-01-05,PAB,830,286,544,830,0,ITH,ITH1,4,Provincia Autonoma Bolzano / Bozen,P.A. Bolzano,533050,7382,1.38,0.16
520,2021-02-12,PAB,730,217,513,482,248,ITH,ITH1,4,Provincia Autonoma Bolzano / Bozen,P.A. Bolzano,533050,8112,1.52,0.14
521,2021-04-10,PAB,5391,2664,2727,4803,588,ITH,ITH1,4,Provincia Autonoma Bolzano / Bozen,P.A. Bolzano,533050,13503,2.53,1.01
522,2020-12-31,PAB,913,519,394,913,0,ITH,ITH1,4,Provincia Autonoma Bolzano / Bozen,P.A. Bolzano,533050,14416,2.7,0.17
523,2021-04-19,PAB,1871,858,1013,1689,182,ITH,ITH1,4,Provincia Autonoma Bolzano / Bozen,P.A. Bolzano,533050,16287,3.06,0.35
524,2021-06-15,PAB,1399,815,584,462,937,ITH,ITH1,4,Provincia Autonoma Bolzano / Bozen,P.A. Bolzano,533050,17686,3.32,0.26
525,2021-04-17,PAB,5233,2599,2634,5189,44,ITH,ITH1,4,Provincia Autonoma Bolzano / Bozen,P.A. Bolzano,533050,22919,4.3,0.98
526,2021-01-07,PAB,918,327,591,918,0,ITH,ITH1,4,Provincia Autonoma Bolzano / Bozen,P.A. Bolzano,533050,23837,4.47,0.17
527,2021-03-22,PAB,1144,523,621,1139,5,ITH,ITH1,4,Provincia Autonoma Bolzano / Bozen,P.A. Bolzano,533050,24981,4.69,0.21
528,2021-03-05,PAB,1839,625,1214,1397,442,ITH,ITH1,4,Provincia Autonoma Bolzano / Bozen,P.A. Bolzano,533050,26820,5.03,0.34
529,2021-05-27,PAB,6085,3200,2885,4075,2010,ITH,ITH1,4,Provincia Autonoma Bolzano / Bozen,P.A. Bolzano,533050,32905,6.17,1.14
530,2021-06-13,PAB,3617,2017,1600,427,3190,ITH,ITH1,4,Provincia Autonoma Bolzano / Bozen,P.A. Bolzano,533050,36522,6.85,0.68
531,2021-05-25,PAB,3835,1988,1847,2950,885,ITH,ITH1,4,Provincia Autonoma Bolzano / Bozen,P.A. Bolzano,533050,40357,7.57,0.72
532,2021-02-14,PAB,297,130,167,297,0,ITH,ITH1,4,Provincia Autonoma Bolzano / Bozen,P.A. Bolzano,533050,40654,7.63,0.06
533,2021-06-06,PAB,4529,2175,2354,854,3675,ITH,ITH1,4,Provincia Autonoma Bolzano / Bozen,P.A. Bolzano,533050,45183,8.48,0.85
534,2021-02-26,PAB,1526,551,975,1496,30,ITH,ITH1,4,Provincia Autonoma Bolzano / Bozen,P.A. Bolzano,533050,46709,8.76,0.29
535,2021-06-01,PAB,3556,2315,1241,2085,1471,ITH,ITH1,4,Provincia Autonoma Bolzano / Bozen,P.A. Bolzano,533050,50265,9.43,0.67
536,2021-02-19,PAB,2252,512,1740,2241,11,ITH,ITH1,4,Provincia Autonoma Bolzano / Bozen,P.A. Bolzano,533050,52517,9.85,0.42
537,2021-01-26,PAB,810,291,519,1,809,ITH,ITH1,4,Provincia Autonoma Bolzano / Bozen,P.A. Bolzano,533050,53327,10.0,0.15
538,2021-03-24,PAB,2062,998,1064,2049,13,ITH,ITH1,4,Provincia Autonoma Bolzano / Bozen,P.A. Bolzano,533050,55389,10.39,0.39
539,2021-03-10,PAB,1268,529,739,1125,143,ITH,ITH1,4,Provincia Autonoma Bolzano / Bozen,P.A. Bolzano,533050,56657,10.63,0.24
540,2021-05-06,PAB,5181,2747,2434,2613,2568,ITH,ITH1,4,Provincia Autonoma Bolzano / Bozen,P.A. Bolzano,533050,61838,11.6,0.97
541,2021-03-17,PAB,581,213,368,580,1,ITH,ITH1,4,Provincia Autonoma Bolzano / Bozen,P.A. Bolzano,533050,62419,11.71,0.11
542,2021-05-13,PAB,2994,1355,1639,1064,1930,ITH,ITH1,4,Provincia Autonoma Bolzano / Bozen,P.A. Bolzano,533050,65413,12.27,0.56
543,2021-01-24,PAB,12,10,2,0,12,ITH,ITH1,4,Provincia Autonoma Bolzano / Bozen,P.A. Bolzano,533050,65425,12.27,0.0
544,2021-04-24,PAB,5104,2449,2655,4619,485,ITH,ITH1,4,Provincia Autonoma Bolzano / Bozen,P.A. Bolzano,533050,70529,13.23,0.96
545,2021-04-05,PAB,301,144,157,23,278,ITH,ITH1,4,Provincia Autonoma Bolzano / Bozen,P.A. Bolzano,533050,70830,13.29,0.06
546,2021-01-12,PAB,1709,459,1250,1709,0,ITH,ITH1,4,Provincia Autonoma Bolzano / Bozen,P.A. Bolzano,533050,72539,13.61,0.32
547,2021-02-07,PAB,2362,1058,1304,14,2348,ITH,ITH1,4,Provincia Autonoma Bolzano / Bozen,P.A. Bolzano,533050,74901,14.05,0.44
548,2021-05-18,PAB,3340,1752,1588,2155,1185,ITH,ITH1,4,Provincia Autonoma Bolzano / Bozen,P.A. Bolzano,533050,78241,14.68,0.63
549,2021-05-01,PAB,2104,1067,1037,1944,160,ITH,ITH1,4,Provincia Autonoma Bolzano / Bozen,P.A. Bolzano,533050,80345,15.07,0.39
550,2021-01-23,PAB,197,117,80,0,197,ITH,ITH1,4,Provincia Autonoma Bolzano / Bozen,P.A. Bolzano,533050,80542,15.11,0.04
551,2021-05-03,PAB,1830,847,983,417,1413,ITH,ITH1,4,Provincia Autonoma Bolzano / Bozen,P.A. Bolzano,533050,82372,15.45,0.34
552,2021-02-23,PAB,769,324,445,763,6,ITH,ITH1,4,Provincia Autonoma Bolzano / Bozen,P.A. Bolzano,533050,83141,15.6,0.14
553,2021-05-17,PAB,3139,1516,1623,2445,694,ITH,ITH1,4,Provincia Autonoma Bolzano / Bozen,P.A. Bolzano,533050,86280,16.19,0.59
554,2021-06-03,PAB,4721,2565,2156,3775,946,ITH,ITH1,4,Provincia Autonoma Bolzano / Bozen,P.A. Bolzano,533050,91001,17.07,0.89
555,2021-03-14,PAB,758,336,422,25,733,ITH,ITH1,4,Provincia Autonoma Bolzano / Bozen,P.A. Bolzano,533050,91759,17.21,0.14
556,2021-04-14,PAB,3593,1645,1948,3502,91,ITH,ITH1,4,Provincia Autonoma Bolzano / Bozen,P.A. Bolzano,533050,95352,17.89,0.67
557,2021-01-04,PAB,508,201,307,508,0,ITH,ITH1,4,Provincia Autonoma Bolzano / Bozen,P.A. Bolzano,533050,95860,17.98,0.1
558,2021-04-12,PAB,2105,946,1159,2098,7,ITH,ITH1,4,Provincia Autonoma Bolzano / Bozen,P.A. Bolzano,533050,97965,18.38,0.39
559,2021-03-07,PAB,114,13,101,9,105,ITH,ITH1,4,Provincia Autonoma Bolzano / Bozen,P.A. Bolzano,533050,98079,18.4,0.02
560,2021-04-21,PAB,3012,1468,1544,2164,848,ITH,ITH1,4,Provincia Autonoma Bolzano / Bozen,P.A. Bolzano,533050,101091,18.96,0.57
561,2021-01-09,PAB,612,326,286,612,0,ITH,ITH1,4,Provincia Autonoma Bolzano / Bozen,P.A. Bolzano,533050,101703,19.08,0.11
562,2021-05-08,PAB,4428,2382,2046,3764,664,ITH,ITH1,4,Provincia Autonoma Bolzano / Bozen,P.A. Bolzano,533050,106131,19.91,0.83
563,2021-03-03,PAB,1179,393,786,1166,13,ITH,ITH1,4,Provincia Autonoma Bolzano / Bozen,P.A. Bolzano,533050,107310,20.13,0.22
564,2021-05-10,PAB,3018,1300,1718,1413,1605,ITH,ITH1,4,Provincia Autonoma Bolzano / Bozen,P.A. Bolzano,533050,110328,20.7,0.57
565,2021-02-16,PAB,530,205,325,530,0,ITH,ITH1,4,Provincia Autonoma Bolzano / Bozen,P.A. Bolzano,533050,110858,20.8,0.1
566,2021-05-15,PAB,6997,3685,3312,6702,295,ITH,ITH1,4,Provincia Autonoma Bolzano / Bozen,P.A. Bolzano,533050,117855,22.11,1.31
567,2021-02-04,PAB,1958,593,1365,8,1950,ITH,ITH1,4,Provincia Autonoma Bolzano / Bozen,P.A. Bolzano,533050,119813,22.48,0.37
568,2021-04-02,PAB,2077,837,1240,720,1357,ITH,ITH1,4,Provincia Autonoma Bolzano / Bozen,P.A. Bolzano,533050,121890,22.87,0.39
569,2021-05-29,PAB,7132,3767,3365,3994,3138,ITH,ITH1,4,Provincia Autonoma Bolzano / Bozen,P.A. Bolzano,533050,129022,24.2,1.34
570,2021-03-26,PAB,1656,732,924,523,1133,ITH,ITH1,4,Provincia Autonoma Bolzano / Bozen,P.A. Bolzano,533050,130678,24.52,0.31
571,2021-04-09,PAB,2937,1301,1636,2207,730,ITH,ITH1,4,Provincia Autonoma Bolzano / Bozen,P.A. Bolzano,533050,133615,25.07,0.55
572,2021-06-08,PAB,4143,2115,2028,828,3315,ITH,ITH1,4,Provincia Autonoma Bolzano / Bozen,P.A. Bolzano,533050,137758,25.84,0.78
573,2021-04-28,PAB,2464,1302,1162,2459,5,ITH,ITH1,4,Provincia Autonoma Bolzano / Bozen,P.A. Bolzano,533050,140222,26.31,0.46
574,2021-01-16,PAB,2840,1265,1575,2840,0,ITH,ITH1,4,Provincia Autonoma Bolzano / Bozen,P.A. Bolzano,533050,143062,26.84,0.53
575,2021-04-29,PAB,2630,1351,1279,1936,694,ITH,ITH1,4,Provincia Autonoma Bolzano / Bozen,P.A. Bolzano,533050,145692,27.33,0.49
576,2021-01-19,PAB,853,371,482,723,130,ITH,ITH1,4,Provincia Autonoma Bolzano / Bozen,P.A. Bolzano,533050,146545,27.49,0.16
577,2021-02-09,PAB,317,126,191,1,316,ITH,ITH1,4,Provincia Autonoma Bolzano / Bozen,P.A. Bolzano,533050,146862,27.55,0.06
578,2021-02-02,PAB,1745,506,1239,8,1737,ITH,ITH1,4,Provincia Autonoma Bolzano / Bozen,P.A. Bolzano,533050,148607,27.88,0.33
579,2021-03-21,PAB,768,285,483,14,754,ITH,ITH1,4,Provincia Autonoma Bolzano / Bozen,P.A. Bolzano,533050,149375,28.02,0.14
580,2021-06-12,PAB,4888,2651,2237,1602,3286,ITH,ITH1,4,Provincia Autonoma Bolzano / Bozen,P.A. Bolzano,533050,154263,28.94,0.92
581,2021-01-14,PAB,1946,575,1371,1946,0,ITH,ITH1,4,Provincia Autonoma Bolzano / Bozen,P.A. Bolzano,533050,156209,29.3,0.37
582,2021-04-07,PAB,1798,823,975,1258,540,ITH,ITH1,4,Provincia Autonoma Bolzano / Bozen,P.A. Bolzano,533050,158007,29.64,0.34
583,2021-03-02,PAB,695,200,495,693,2,ITH,ITH1,4,Provincia Autonoma Bolzano / Bozen,P.A. Bolzano,533050,158702,29.77,0.13
584,2021-03-19,PAB,1906,773,1133,799,1107,ITH,ITH1,4,Provincia Autonoma Bolzano / Bozen,P.A. Bolzano,533050,160608,30.13,0.36
585,2021-03-12,PAB,1664,734,930,1251,413,ITH,ITH1,4,Provincia Autonoma Bolzano / Bozen,P.A. Bolzano,533050,162272,30.44,0.31
586,2021-03-29,PAB,1171,499,672,412,759,ITH,ITH1,4,Provincia Autonoma Bolzano / Bozen,P.A. Bolzano,533050,163443,30.66,0.22
587,2021-01-21,PAB,953,442,511,139,814,ITH,ITH1,4,Provincia Autonoma Bolzano / Bozen,P.A. Bolzano,533050,164396,30.84,0.18
588,2021-02-06,PAB,2626,1171,1455,19,2607,ITH,ITH1,4,Provincia Autonoma Bolzano / Bozen,P.A. Bolzano,533050,167022,31.33,0.49
589,2021-03-28,PAB,569,212,357,11,558,ITH,ITH1,4,Provincia Autonoma Bolzano / Bozen,P.A. Bolzano,533050,167591,31.44,0.11
590,2021-06-17,PAB,1169,653,516,657,512,ITH,ITH1,4,Provincia Autonoma Bolzano / Bozen,P.A. Bolzano,533050,168760,31.66,0.22
591,2021-01-02,PAB,91,48,43,91,0,ITH,ITH1,4,Provincia Autonoma Bolzano / Bozen,P.A. Bolzano,533050,168851,31.68,0.02
592,2021-03-18,PAB,1302,531,771,226,1076,ITH,ITH1,4,Provincia Autonoma Bolzano / Bozen,P.A. Bolzano,533050,170153,31.92,0.24
593,2021-05-14,PAB,5133,2319,2814,3097,2036,ITH,ITH1,4,Provincia Autonoma Bolzano / Bozen,P.A. Bolzano,533050,175286,32.88,0.96
594,2021-03-16,PAB,1290,532,758,124,1166,ITH,ITH1,4,Provincia Autonoma Bolzano / Bozen,P.A. Bolzano,533050,176576,33.13,0.24
595,2021-05-12,PAB,3791,2058,1733,3638,153,ITH,ITH1,4,Provincia Autonoma Bolzano / Bozen,P.A. Bolzano,533050,180367,33.84,0.71
596,2021-02-01,PAB,1452,440,1012,12,1440,ITH,ITH1,4,Provincia Autonoma Bolzano / Bozen,P.A. Bolzano,533050,181819,34.11,0.27
597,2021-05-22,PAB,6821,3552,3269,4654,2167,ITH,ITH1,4,Provincia Autonoma Bolzano / Bozen,P.A. Bolzano,533050,188640,35.39,1.28
598,2021-02-11,PAB,1094,432,662,239,855,ITH,ITH1,4,Provincia Autonoma Bolzano / Bozen,P.A. Bolzano,533050,189734,35.59,0.21
599,2021-02-18,PAB,1839,457,1382,1832,7,ITH,ITH1,4,Provincia Autonoma Bolzano / Bozen,P.A. Bolzano,533050,191573,35.94,0.34
600,2021-01-28,PAB,871,308,563,9,862,ITH,ITH1,4,Provincia Autonoma Bolzano / Bozen,P.A. Bolzano,533050,192444,36.1,0.16
601,2021-04-25,PAB,3072,1497,1575,2401,671,ITH,ITH1,4,Provincia Autonoma Bolzano / Bozen,P.A. Bolzano,533050,195516,36.68,0.58
602,2021-01-13,PAB,1691,557,1134,1691,0,ITH,ITH1,4,Provincia Autonoma Bolzano / Bozen,P.A. Bolzano,533050,197207,37.0,0.32
603,2021-01-30,PAB,498,245,253,4,494,ITH,ITH1,4,Provincia Autonoma Bolzano / Bozen,P.A. Bolzano,533050,197705,37.09,0.09
604,2021-05-31,PAB,2987,1464,1523,2120,867,ITH,ITH1,4,Provincia Autonoma Bolzano / Bozen,P.A. Bolzano,533050,200692,37.65,0.56
605,2021-01-01,PAB,6,5,1,6,0,ITH,ITH1,4,Provincia Autonoma Bolzano / Bozen,P.A. Bolzano,533050,200698,37.65,0.0
606,2021-06-07,PAB,2901,1506,1395,2582,319,ITH,ITH1,4,Provincia Autonoma Bolzano / Bozen,P.A. Bolzano,533050,203599,38.2,0.54
607,2021-02-27,PAB,2458,759,1699,2448,10,ITH,ITH1,4,Provincia Autonoma Bolzano / Bozen,P.A. Bolzano,533050,206057,38.66,0.46
608,2021-02-13,PAB,318,79,239,312,6,ITH,ITH1,4,Provincia Autonoma Bolzano / Bozen,P.A. Bolzano,533050,206375,38.72,0.06
609,2021-04-11,PAB,2720,1291,1429,2543,177,ITH,ITH1,4,Provincia Autonoma Bolzano / Bozen,P.A. Bolzano,533050,209095,39.23,0.51
610,2021-05-24,PAB,1444,762,682,1110,334,ITH,ITH1,4,Provincia Autonoma Bolzano / Bozen,P.A. Bolzano,533050,210539,39.5,0.27
611,2021-02-20,PAB,1802,540,1262,1784,18,ITH,ITH1,4,Provincia Autonoma Bolzano / Bozen,P.A. Bolzano,533050,212341,39.84,0.34
612,2021-04-18,PAB,3110,1607,1503,2100,1010,ITH,ITH1,4,Provincia Autonoma Bolzano / Bozen,P.A. Bolzano,533050,215451,40.42,0.58
613,2021-01-15,PAB,3282,1228,2054,3282,0,ITH,ITH1,4,Provincia Autonoma Bolzano / Bozen,P.A. Bolzano,533050,218733,41.03,0.62
614,2021-03-04,PAB,1715,1005,710,1486,229,ITH,ITH1,4,Provincia Autonoma Bolzano / Bozen,P.A. Bolzano,533050,220448,41.36,0.32
615,2021-05-26,PAB,4935,2491,2444,2962,1973,ITH,ITH1,4,Provincia Autonoma Bolzano / Bozen,P.A. Bolzano,533050,225383,42.28,0.93
616,2021-06-05,PAB,6066,3022,3044,4972,1094,ITH,ITH1,4,Provincia Autonoma Bolzano / Bozen,P.A. Bolzano,533050,231449,43.42,1.14
617,2021-04-30,PAB,3337,1592,1745,1562,1775,ITH,ITH1,4,Provincia Autonoma Bolzano / Bozen,P.A. Bolzano,533050,234786,44.05,0.63
618,2021-01-20,PAB,617,252,365,409,208,ITH,ITH1,4,Provincia Autonoma Bolzano / Bozen,P.A. Bolzano,533050,235403,44.16,0.12
619,2021-01-06,PAB,59,18,41,59,0,ITH,ITH1,4,Provincia Autonoma Bolzano / Bozen,P.A. Bolzano,533050,235462,44.17,0.01
620,2021-03-30,PAB,1298,532,766,218,1080,ITH,ITH1,4,Provincia Autonoma Bolzano / Bozen,P.A. Bolzano,533050,236760,44.42,0.24
621,2021-04-16,PAB,2949,1418,1531,2438,511,ITH,ITH1,4,Provincia Autonoma Bolzano / Bozen,P.A. Bolzano,533050,239709,44.97,0.55
622,2021-04-23,PAB,4542,2151,2391,3251,1291,ITH,ITH1,4,Provincia Autonoma Bolzano / Bozen,P.A. Bolzano,533050,244251,45.82,0.85
623,2021-01-11,PAB,1571,513,1058,1571,0,ITH,ITH1,4,Provincia Autonoma Bolzano / Bozen,P.A. Bolzano,533050,245822,46.12,0.29
624,2021-04-06,PAB,2250,1118,1132,2147,103,ITH,ITH1,4,Provincia Autonoma Bolzano / Bozen,P.A. Bolzano,533050,248072,46.54,0.42
625,2021-04-08,PAB,2765,1346,1419,2562,203,ITH,ITH1,4,Provincia Autonoma Bolzano / Bozen,P.A. Bolzano,533050,250837,47.06,0.52
626,2021-06-18,PAB,1372,733,639,359,1013,ITH,ITH1,4,Provincia Autonoma Bolzano / Bozen,P.A. Bolzano,533050,252209,47.31,0.26
627,2021-01-08,PAB,1521,479,1042,1521,0,ITH,ITH1,4,Provincia Autonoma Bolzano / Bozen,P.A. Bolzano,533050,253730,47.6,0.29
628,2021-06-04,PAB,6457,3237,3220,4928,1529,ITH,ITH1,4,Provincia Autonoma Bolzano / Bozen,P.A. Bolzano,533050,260187,48.81,1.21
629,2021-02-24,PAB,1367,406,961,1355,12,ITH,ITH1,4,Provincia Autonoma Bolzano / Bozen,P.A. Bolzano,533050,261554,49.07,0.26
630,2021-03-27,PAB,3050,1553,1497,1543,1507,ITH,ITH1,4,Provincia Autonoma Bolzano / Bozen,P.A. Bolzano,533050,264604,49.64,0.57
631,2021-03-13,PAB,2885,1459,1426,2784,101,ITH,ITH1,4,Provincia Autonoma Bolzano / Bozen,P.A. Bolzano,533050,267489,50.18,0.54
632,2021-02-05,PAB,3195,1181,2014,8,3187,ITH,ITH1,4,Provincia Autonoma Bolzano / Bozen,P.A. Bolzano,533050,270684,50.78,0.6
633,2021-04-15,PAB,4399,2307,2092,4136,263,ITH,ITH1,4,Provincia Autonoma Bolzano / Bozen,P.A. Bolzano,533050,275083,51.61,0.83
634,2021-05-02,PAB,2457,1288,1169,1536,921,ITH,ITH1,4,Provincia Autonoma Bolzano / Bozen,P.A. Bolzano,533050,277540,52.07,0.46
635,2021-01-22,PAB,248,143,105,124,124,ITH,ITH1,4,Provincia Autonoma Bolzano / Bozen,P.A. Bolzano,533050,277788,52.11,0.05
636,2020-12-30,PAB,388,182,206,388,0,ITH,ITH1,4,Provincia Autonoma Bolzano / Bozen,P.A. Bolzano,533050,278176,52.19,0.07
637,2021-06-09,PAB,3784,1880,1904,1310,2474,ITH,ITH1,4,Provincia Autonoma Bolzano / Bozen,P.A. Bolzano,533050,281960,52.9,0.71
638,2021-03-01,PAB,922,221,701,921,1,ITH,ITH1,4,Provincia Autonoma Bolzano / Bozen,P.A. Bolzano,533050,282882,53.07,0.17
639,2021-03-15,PAB,1192,451,741,710,482,ITH,ITH1,4,Provincia Autonoma Bolzano / Bozen,P.A. Bolzano,533050,284074,53.29,0.22
640,2021-04-27,PAB,2226,1013,1213,1150,1076,ITH,ITH1,4,Provincia Autonoma Bolzano / Bozen,P.A. Bolzano,533050,286300,53.71,0.42
641,2021-01-17,PAB,2328,1044,1284,2317,11,ITH,ITH1,4,Provincia Autonoma Bolzano / Bozen,P.A. Bolzano,533050,288628,54.15,0.44
642,2021-04-20,PAB,1561,784,777,1560,1,ITH,ITH1,4,Provincia Autonoma Bolzano / Bozen,P.A. Bolzano,533050,290189,54.44,0.29
643,2021-01-10,PAB,2,2,0,2,0,ITH,ITH1,4,Provincia Autonoma Bolzano / Bozen,P.A. Bolzano,533050,290191,54.44,0.0
644,2021-06-16,PAB,3233,1760,1473,8,3225,ITH,ITH1,4,Provincia Autonoma Bolzano / Bozen,P.A. Bolzano,533050,293424,55.05,0.61
645,2021-03-08,PAB,1210,534,676,1183,27,ITH,ITH1,4,Provincia Autonoma Bolzano / Bozen,P.A. Bolzano,533050,294634,55.27,0.23
646,2021-05-04,PAB,3448,1843,1605,2411,1037,ITH,ITH1,4,Provincia Autonoma Bolzano / Bozen,P.A. Bolzano,533050,298082,55.92,0.65
647,2021-06-14,PAB,2324,1238,1086,547,1777,ITH,ITH1,4,Provincia Autonoma Bolzano / Bozen,P.A. Bolzano,533050,300406,56.36,0.44
648,2021-02-15,PAB,72,42,30,26,46,ITH,ITH1,4,Provincia Autonoma Bolzano / Bozen,P.A. Bolzano,533050,300478,56.37,0.01
649,2021-05-11,PAB,2843,1334,1509,1320,1523,ITH,ITH1,4,Provincia Autonoma Bolzano / Bozen,P.A. Bolzano,533050,303321,56.9,0.53
650,2021-01-29,PAB,1497,510,987,24,1473,ITH,ITH1,4,Provincia Autonoma Bolzano / Bozen,P.A. Bolzano,533050,304818,57.18,0.28
651,2021-04-22,PAB,2923,1500,1423,1981,942,ITH,ITH1,4,Provincia Autonoma Bolzano / Bozen,P.A. Bolzano,533050,307741,57.73,0.55
652,2021-03-09,PAB,1194,543,651,1192,2,ITH,ITH1,4,Provincia Autonoma Bolzano / Bozen,P.A. Bolzano,533050,308935,57.96,0.22
653,2021-05-23,PAB,4337,2303,2034,4329,8,ITH,ITH1,4,Provincia Autonoma Bolzano / Bozen,P.A. Bolzano,533050,313272,58.77,0.81
654,2021-02-03,PAB,1503,478,1025,5,1498,ITH,ITH1,4,Provincia Autonoma Bolzano / Bozen,P.A. Bolzano,533050,314775,59.05,0.28
655,2021-02-10,PAB,1635,604,1031,26,1609,ITH,ITH1,4,Provincia Autonoma Bolzano / Bozen,P.A. Bolzano,533050,316410,59.36,0.31
656,2021-05-21,PAB,6920,3802,3118,5076,1844,ITH,ITH1,4,Provincia Autonoma Bolzano / Bozen,P.A. Bolzano,533050,323330,60.66,1.3
657,2021-05-16,PAB,2025,932,1093,1331,694,ITH,ITH1,4,Provincia Autonoma Bolzano / Bozen,P.A. Bolzano,533050,325355,61.04,0.38
658,2020-12-27,PAB,144,65,79,144,0,ITH,ITH1,4,Provincia Autonoma Bolzano / Bozen,P.A. Bolzano,533050,325499,61.06,0.03
659,2021-06-11,PAB,5706,2927,2779,2237,3469,ITH,ITH1,4,Provincia Autonoma Bolzano / Bozen,P.A. Bolzano,533050,331205,62.13,1.07
660,2021-03-20,PAB,1758,849,909,1133,625,ITH,ITH1,4,Provincia Autonoma Bolzano / Bozen,P.A. Bolzano,533050,332963,62.46,0.33
661,2021-05-09,PAB,4242,2410,1832,3089,1153,ITH,ITH1,4,Provincia Autonoma Bolzano / Bozen,P.A. Bolzano,533050,337205,63.26,0.8
662,2021-03-06,PAB,3973,2081,1892,3762,211,ITH,ITH1,4,Provincia Autonoma Bolzano / Bozen,P.A. Bolzano,533050,341178,64.0,0.75
663,2021-05-28,PAB,5681,2895,2786,3791,1890,ITH,ITH1,4,Provincia Autonoma Bolzano / Bozen,P.A. Bolzano,533050,346859,65.07,1.07
664,2021-02-17,PAB,156,51,105,139,17,ITH,ITH1,4,Provincia Autonoma Bolzano / Bozen,P.A. Bolzano,533050,347015,65.1,0.03
665,2021-03-11,PAB,1684,825,859,1146,538,ITH,ITH1,4,Provincia Autonoma Bolzano / Bozen,P.A. Bolzano,533050,348699,65.42,0.32
666,2021-02-25,PAB,1498,549,949,1497,1,ITH,ITH1,4,Provincia Autonoma Bolzano / Bozen,P.A. Bolzano,533050,350197,65.7,0.28
667,2021-06-02,PAB,1444,809,635,987,457,ITH,ITH1,4,Provincia Autonoma Bolzano / Bozen,P.A. Bolzano,533050,351641,65.97,0.27
668,2021-02-08,PAB,2,1,1,1,1,ITH,ITH1,4,Provincia Autonoma Bolzano / Bozen,P.A. Bolzano,533050,351643,65.97,0.0
669,2021-05-19,PAB,3624,1847,1777,1840,1784,ITH,ITH1,4,Provincia Autonoma Bolzano / Bozen,P.A. Bolzano,533050,355267,66.65,0.68
670,2021-01-03,PAB,41,16,25,41,0,ITH,ITH1,4,Provincia Autonoma Bolzano / Bozen,P.A. Bolzano,533050,355308,66.66,0.01
671,2021-04-13,PAB,2391,1130,1261,2384,7,ITH,ITH1,4,Provincia Autonoma Bolzano / Bozen,P.A. Bolzano,533050,357699,67.1,0.45
672,2021-02-22,PAB,526,143,383,514,12,ITH,ITH1,4,Provincia Autonoma Bolzano / Bozen,P.A. Bolzano,533050,358225,67.2,0.1
673,2021-06-10,PAB,4438,2303,2135,1346,3092,ITH,ITH1,4,Provincia Autonoma Bolzano / Bozen,P.A. Bolzano,533050,362663,68.04,0.83
674,2021-04-26,PAB,1543,771,772,1538,5,ITH,ITH1,4,Provincia Autonoma Bolzano / Bozen,P.A. Bolzano,533050,364206,68.32,0.29
675,2021-01-18,PAB,1772,687,1085,1767,5,ITH,ITH1,4,Provincia Autonoma Bolzano / Bozen,P.A. Bolzano,533050,365978,68.66,0.33
676,2021-05-07,PAB,4193,2061,2132,3665,528,ITH,ITH1,4,Provincia Autonoma Bolzano / Bozen,P.A. Bolzano,533050,370171,69.44,0.79
677,2021-05-05,PAB,4154,1945,2209,2038,2116,ITH,ITH1,4,Provincia Autonoma Bolzano / Bozen,P.A. Bolzano,533050,374325,70.22,0.78
678,2021-01-25,PAB,487,183,304,3,484,ITH,ITH1,4,Provincia Autonoma Bolzano / Bozen,P.A. Bolzano,533050,374812,70.31,0.09
679,2021-03-23,PAB,1553,759,794,1552,1,ITH,ITH1,4,Provincia Autonoma Bolzano / Bozen,P.A. Bolzano,533050,376365,70.61,0.29
680,2021-04-01,PAB,2786,1407,1379,2642,144,ITH,ITH1,4,Provincia Autonoma Bolzano / Bozen,P.A. Bolzano,533050,379151,71.13,0.52
681,2021-05-30,PAB,4759,2514,2245,752,4007,ITH,ITH1,4,Provincia Autonoma Bolzano / Bozen,P.A. Bolzano,533050,383910,72.02,0.89
682,2021-04-03,PAB,831,364,467,22,809,ITH,ITH1,4,Provincia Autonoma Bolzano / Bozen,P.A. Bolzano,533050,384741,72.18,0.16
683,2021-03-25,PAB,2149,1063,1086,1706,443,ITH,ITH1,4,Provincia Autonoma Bolzano / Bozen,P.A. Bolzano,533050,386890,72.58,0.4
684,2021-01-27,PAB,84,28,56,1,83,ITH,ITH1,4,Provincia Autonoma Bolzano / Bozen,P.A. Bolzano,533050,386974,72.6,0.02
685,2021-01-11,CAL,2163,1045,1118,2163,0,ITF,ITF6,18,Calabria,Calabria,1947131,2163,0.11,0.11
686,2021-01-25,CAL,1074,516,558,147,927,ITF,ITF6,18,Calabria,Calabria,1947131,3237,0.17,0.06
687,2021-05-05,CAL,13600,6509,7091,8493,5107,ITF,ITF6,18,Calabria,Calabria,1947131,16837,0.86,0.7
688,2021-03-02,CAL,4365,2489,1876,3610,755,ITF,ITF6,18,Calabria,Calabria,1947131,21202,1.09,0.22
689,2021-03-16,CAL,3847,1888,1959,2187,1660,ITF,ITF6,18,Calabria,Calabria,1947131,25049,1.29,0.2
690,2021-02-11,CAL,2330,1042,1288,1082,1248,ITF,ITF6,18,Calabria,Calabria,1947131,27379,1.41,0.12
691,2021-06-14,CAL,13999,6338,7661,9357,4642,ITF,ITF6,18,Calabria,Calabria,1947131,41378,2.13,0.72
692,2021-03-04,CAL,5484,3191,2293,4687,797,ITF,ITF6,18,Calabria,Calabria,1947131,46862,2.41,0.28
693,2021-06-12,CAL,12887,6137,6750,10488,2399,ITF,ITF6,18,Calabria,Calabria,1947131,59749,3.07,0.66
694,2021-02-25,CAL,2883,1552,1331,2288,595,ITF,ITF6,18,Calabria,Calabria,1947131,62632,3.22,0.15
695,2021-04-30,CAL,14935,7327,7608,10603,4332,ITF,ITF6,18,Calabria,Calabria,1947131,77567,3.98,0.77
696,2021-01-18,CAL,1281,579,702,1050,231,ITF,ITF6,18,Calabria,Calabria,1947131,78848,4.05,0.07
697,2021-04-11,CAL,4170,1896,2274,2229,1941,ITF,ITF6,18,Calabria,Calabria,1947131,83018,4.26,0.21
698,2021-01-06,CAL,930,502,428,930,0,ITF,ITF6,18,Calabria,Calabria,1947131,83948,4.31,0.05
699,2021-04-16,CAL,10216,4975,5241,8628,1588,ITF,ITF6,18,Calabria,Calabria,1947131,94164,4.84,0.52
700,2021-02-18,CAL,1830,831,999,1604,226,ITF,ITF6,18,Calabria,Calabria,1947131,95994,4.93,0.09
701,2021-01-04,CAL,1065,527,538,1065,0,ITF,ITF6,18,Calabria,Calabria,1947131,97059,4.98,0.05
702,2021-04-23,CAL,12987,6371,6616,9449,3538,ITF,ITF6,18,Calabria,Calabria,1947131,110046,5.65,0.67
703,2021-01-13,CAL,2040,1027,1013,2040,0,ITF,ITF6,18,Calabria,Calabria,1947131,112086,5.76,0.1
704,2021-02-01,CAL,2509,1197,1312,244,2265,ITF,ITF6,18,Calabria,Calabria,1947131,114595,5.89,0.13
705,2021-05-12,CAL,16367,7972,8395,10891,5476,ITF,ITF6,18,Calabria,Calabria,1947131,130962,6.73,0.84
706,2021-05-26,CAL,18667,9268,9399,10399,8268,ITF,ITF6,18,Calabria,Calabria,1947131,149629,7.68,0.96
707,2021-03-30,CAL,6164,2647,3517,3442,2722,ITF,ITF6,18,Calabria,Calabria,1947131,155793,8.0,0.32
708,2021-02-06,CAL,2910,1341,1569,444,2466,ITF,ITF6,18,Calabria,Calabria,1947131,158703,8.15,0.15
709,2021-01-23,CAL,400,186,214,358,42,ITF,ITF6,18,Calabria,Calabria,1947131,159103,8.17,0.02
710,2021-03-28,CAL,2563,1185,1378,1509,1054,ITF,ITF6,18,Calabria,Calabria,1947131,161666,8.3,0.13
711,2021-01-30,CAL,2181,1149,1032,356,1825,ITF,ITF6,18,Calabria,Calabria,1947131,163847,8.41,0.11
712,2021-02-17,CAL,1845,808,1037,1634,211,ITF,ITF6,18,Calabria,Calabria,1947131,165692,8.51,0.09
713,2021-05-28,CAL,20965,10190,10775,11517,9448,ITF,ITF6,18,Calabria,Calabria,1947131,186657,9.59,1.08
714,2021-03-09,CAL,6343,3264,3079,5364,979,ITF,ITF6,18,Calabria,Calabria,1947131,193000,9.91,0.33
715,2021-02-20,CAL,1420,760,660,1102,318,ITF,ITF6,18,Calabria,Calabria,1947131,194420,9.98,0.07
716,2021-05-31,CAL,15254,7323,7931,7375,7879,ITF,ITF6,18,Calabria,Calabria,1947131,209674,10.77,0.78
717,2021-03-11,CAL,7281,3430,3851,6017,1264,ITF,ITF6,18,Calabria,Calabria,1947131,216955,11.14,0.37
718,2021-04-18,CAL,5842,2791,3051,4930,912,ITF,ITF6,18,Calabria,Calabria,1947131,222797,11.44,0.3
719,2021-04-04,CAL,1760,885,875,1261,499,ITF,ITF6,18,Calabria,Calabria,1947131,224557,11.53,0.09
720,2021-06-07,CAL,17006,7904,9102,13796,3210,ITF,ITF6,18,Calabria,Calabria,1947131,241563,12.41,0.87
721,2021-05-24,CAL,17683,8806,8877,10017,7666,ITF,ITF6,18,Calabria,Calabria,1947131,259246,13.31,0.91
722,2021-05-07,CAL,16100,7590,8510,9722,6378,ITF,ITF6,18,Calabria,Calabria,1947131,275346,14.14,0.83
723,2021-05-23,CAL,11383,5550,5833,7032,4351,ITF,ITF6,18,Calabria,Calabria,1947131,286729,14.73,0.58
724,2021-03-01,CAL,2724,1546,1178,2269,455,ITF,ITF6,18,Calabria,Calabria,1947131,289453,14.87,0.14
725,2021-06-09,CAL,17496,8212,9284,15267,2229,ITF,ITF6,18,Calabria,Calabria,1947131,306949,15.76,0.9
726,2021-03-06,CAL,8428,4340,4088,7636,792,ITF,ITF6,18,Calabria,Calabria,1947131,315377,16.2,0.43
727,2021-05-09,CAL,9616,4481,5135,6086,3530,ITF,ITF6,18,Calabria,Calabria,1947131,324993,16.69,0.49
728,2021-01-29,CAL,2051,989,1062,230,1821,ITF,ITF6,18,Calabria,Calabria,1947131,327044,16.8,0.11
729,2021-05-04,CAL,16354,7528,8826,11717,4637,ITF,ITF6,18,Calabria,Calabria,1947131,343398,17.64,0.84
730,2021-04-13,CAL,6760,3267,3493,5463,1297,ITF,ITF6,18,Calabria,Calabria,1947131,350158,17.98,0.35
731,2021-01-20,CAL,1400,626,774,1399,1,ITF,ITF6,18,Calabria,Calabria,1947131,351558,18.06,0.07
732,2021-01-03,CAL,6,3,3,6,0,ITF,ITF6,18,Calabria,Calabria,1947131,351564,18.06,0.0
733,2021-03-27,CAL,8597,3894,4703,4592,4005,ITF,ITF6,18,Calabria,Calabria,1947131,360161,18.5,0.44
734,2021-03-08,CAL,5419,2904,2515,4353,1066,ITF,ITF6,18,Calabria,Calabria,1947131,365580,18.78,0.28
735,2021-04-15,CAL,7687,3765,3922,5995,1692,ITF,ITF6,18,Calabria,Calabria,1947131,373267,19.17,0.39
736,2021-04-01,CAL,8490,3847,4643,3984,4506,ITF,ITF6,18,Calabria,Calabria,1947131,381757,19.61,0.44
737,2021-04-08,CAL,9384,4423,4961,5798,3586,ITF,ITF6,18,Calabria,Calabria,1947131,391141,20.09,0.48
738,2021-02-10,CAL,2511,1079,1432,884,1627,ITF,ITF6,18,Calabria,Calabria,1947131,393652,20.22,0.13
739,2021-06-04,CAL,17286,8031,9255,12754,4532,ITF,ITF6,18,Calabria,Calabria,1947131,410938,21.1,0.89
740,2021-05-21,CAL,21343,10864,10479,13974,7369,ITF,ITF6,18,Calabria,Calabria,1947131,432281,22.2,1.1
741,2021-03-13,CAL,6917,3010,3907,5947,970,ITF,ITF6,18,Calabria,Calabria,1947131,439198,22.56,0.36
742,2021-01-15,CAL,2799,1258,1541,2799,0,ITF,ITF6,18,Calabria,Calabria,1947131,441997,22.7,0.14
743,2021-04-25,CAL,15828,8033,7795,14695,1133,ITF,ITF6,18,Calabria,Calabria,1947131,457825,23.51,0.81
744,2021-05-19,CAL,18348,9086,9262,11360,6988,ITF,ITF6,18,Calabria,Calabria,1947131,476173,24.46,0.94
745,2021-03-23,CAL,5229,2449,2780,3421,1808,ITF,ITF6,18,Calabria,Calabria,1947131,481402,24.72,0.27
746,2021-02-15,CAL,1143,541,602,993,150,ITF,ITF6,18,Calabria,Calabria,1947131,482545,24.78,0.06
747,2021-05-14,CAL,19941,9586,10355,13067,6874,ITF,ITF6,18,Calabria,Calabria,1947131,502486,25.81,1.02
748,2021-04-27,CAL,9948,4891,5057,8002,1946,ITF,ITF6,18,Calabria,Calabria,1947131,512434,26.32,0.51
749,2021-02-03,CAL,2773,1432,1341,578,2195,ITF,ITF6,18,Calabria,Calabria,1947131,515207,26.46,0.14
750,2021-02-22,CAL,2041,1034,1007,1483,558,ITF,ITF6,18,Calabria,Calabria,1947131,517248,26.56,0.1
751,2021-06-02,CAL,12079,5795,6284,8814,3265,ITF,ITF6,18,Calabria,Calabria,1947131,529327,27.18,0.62
752,2021-02-13,CAL,1397,604,793,1032,365,ITF,ITF6,18,Calabria,Calabria,1947131,530724,27.26,0.07
753,2021-06-11,CAL,17338,8525,8813,14760,2578,ITF,ITF6,18,Calabria,Calabria,1947131,548062,28.15,0.89
754,2021-01-08,CAL,2138,1025,1113,2138,0,ITF,ITF6,18,Calabria,Calabria,1947131,550200,28.26,0.11
755,2021-03-18,CAL,4401,2055,2346,2345,2056,ITF,ITF6,18,Calabria,Calabria,1947131,554601,28.48,0.23
756,2021-02-27,CAL,3996,2057,1939,3615,381,ITF,ITF6,18,Calabria,Calabria,1947131,558597,28.69,0.21
757,2021-01-27,CAL,1461,735,726,397,1064,ITF,ITF6,18,Calabria,Calabria,1947131,560058,28.76,0.08
758,2021-01-10,CAL,931,525,406,931,0,ITF,ITF6,18,Calabria,Calabria,1947131,560989,28.81,0.05
759,2021-04-20,CAL,7839,3954,3885,6119,1720,ITF,ITF6,18,Calabria,Calabria,1947131,568828,29.21,0.4
760,2021-02-12,CAL,1710,668,1042,947,763,ITF,ITF6,18,Calabria,Calabria,1947131,570538,29.3,0.09
761,2021-01-22,CAL,658,274,384,656,2,ITF,ITF6,18,Calabria,Calabria,1947131,571196,29.34,0.03
762,2021-05-02,CAL,12507,5835,6672,10664,1843,ITF,ITF6,18,Calabria,Calabria,1947131,583703,29.98,0.64
763,2021-03-29,CAL,5613,2373,3240,3857,1756,ITF,ITF6,18,Calabria,Calabria,1947131,589316,30.27,0.29
764,2021-01-31,CAL,1111,555,556,154,957,ITF,ITF6,18,Calabria,Calabria,1947131,590427,30.32,0.06
765,2021-05-11,CAL,15050,7280,7770,10279,4771,ITF,ITF6,18,Calabria,Calabria,1947131,605477,31.1,0.77
766,2021-01-05,CAL,1507,705,802,1507,0,ITF,ITF6,18,Calabria,Calabria,1947131,606984,31.17,0.08
767,2021-01-12,CAL,2069,1022,1047,2069,0,ITF,ITF6,18,Calabria,Calabria,1947131,609053,31.28,0.11
768,2021-02-24,CAL,1915,976,939,1437,478,ITF,ITF6,18,Calabria,Calabria,1947131,610968,31.38,0.1
769,2021-03-25,CAL,7422,3480,3942,4572,2850,ITF,ITF6,18,Calabria,Calabria,1947131,618390,31.76,0.38
770,2021-06-16,CAL,17911,8255,9656,11802,6109,ITF,ITF6,18,Calabria,Calabria,1947131,636301,32.68,0.92
771,2021-06-18,CAL,5085,2323,2762,3094,1991,ITF,ITF6,18,Calabria,Calabria,1947131,641386,32.94,0.26
772,2021-03-10,CAL,6558,3316,3242,5276,1282,ITF,ITF6,18,Calabria,Calabria,1947131,647944,33.28,0.34
773,2021-06-01,CAL,12824,5945,6879,7918,4906,ITF,ITF6,18,Calabria,Calabria,1947131,660768,33.94,0.66
774,2020-12-27,CAL,311,170,141,311,0,ITF,ITF6,18,Calabria,Calabria,1947131,661079,33.95,0.02
775,2021-04-06,CAL,7436,3364,4072,4144,3292,ITF,ITF6,18,Calabria,Calabria,1947131,668515,34.33,0.38
776,2021-02-08,CAL,1854,736,1118,663,1191,ITF,ITF6,18,Calabria,Calabria,1947131,670369,34.43,0.1
777,2021-04-24,CAL,18999,9480,9519,15588,3411,ITF,ITF6,18,Calabria,Calabria,1947131,689368,35.4,0.98
778,2021-02-26,CAL,3067,1635,1432,2614,453,ITF,ITF6,18,Calabria,Calabria,1947131,692435,35.56,0.16
779,2021-06-06,CAL,13374,6433,6941,11681,1693,ITF,ITF6,18,Calabria,Calabria,1947131,705809,36.25,0.69
780,2021-01-07,CAL,2187,1067,1120,2187,0,ITF,ITF6,18,Calabria,Calabria,1947131,707996,36.36,0.11
781,2021-06-13,CAL,6587,3237,3350,5560,1027,ITF,ITF6,18,Calabria,Calabria,1947131,714583,36.7,0.34
782,2021-04-17,CAL,10821,5072,5749,9044,1777,ITF,ITF6,18,Calabria,Calabria,1947131,725404,37.26,0.56
783,2021-05-01,CAL,16628,7934,8694,12433,4195,ITF,ITF6,18,Calabria,Calabria,1947131,742032,38.11,0.85
784,2021-03-05,CAL,6232,3615,2617,5659,573,ITF,ITF6,18,Calabria,Calabria,1947131,748264,38.43,0.32
785,2021-03-12,CAL,5154,2468,2686,4089,1065,ITF,ITF6,18,Calabria,Calabria,1947131,753418,38.69,0.26
786,2021-01-14,CAL,2636,1249,1387,2636,0,ITF,ITF6,18,Calabria,Calabria,1947131,756054,38.83,0.14
787,2021-05-16,CAL,13769,6723,7046,9960,3809,ITF,ITF6,18,Calabria,Calabria,1947131,769823,39.54,0.71
788,2021-01-17,CAL,896,430,466,801,95,ITF,ITF6,18,Calabria,Calabria,1947131,770719,39.58,0.05
789,2021-03-24,CAL,7637,3486,4151,4379,3258,ITF,ITF6,18,Calabria,Calabria,1947131,778356,39.97,0.39
790,2021-04-10,CAL,11362,5125,6237,6574,4788,ITF,ITF6,18,Calabria,Calabria,1947131,789718,40.56,0.58
791,2021-02-14,CAL,465,212,253,435,30,ITF,ITF6,18,Calabria,Calabria,1947131,790183,40.58,0.02
792,2021-05-25,CAL,16353,7984,8369,10283,6070,ITF,ITF6,18,Calabria,Calabria,1947131,806536,41.42,0.84
793,2021-01-26,CAL,1819,868,951,277,1542,ITF,ITF6,18,Calabria,Calabria,1947131,808355,41.52,0.09
794,2021-04-22,CAL,9615,4794,4821,6776,2839,ITF,ITF6,18,Calabria,Calabria,1947131,817970,42.01,0.49
795,2021-05-06,CAL,13255,6275,6980,8992,4263,ITF,ITF6,18,Calabria,Calabria,1947131,831225,42.69,0.68
796,2021-05-13,CAL,15909,7647,8262,11217,4692,ITF,ITF6,18,Calabria,Calabria,1947131,847134,43.51,0.82
797,2021-02-19,CAL,1508,681,827,1247,261,ITF,ITF6,18,Calabria,Calabria,1947131,848642,43.58,0.08
798,2021-05-30,CAL,10937,5250,5687,6784,4153,ITF,ITF6,18,Calabria,Calabria,1947131,859579,44.15,0.56
799,2021-05-17,CAL,14896,7450,7446,10188,4708,ITF,ITF6,18,Calabria,Calabria,1947131,874475,44.91,0.77
800,2021-02-21,CAL,615,288,327,538,77,ITF,ITF6,18,Calabria,Calabria,1947131,875090,44.94,0.03
801,2021-01-21,CAL,962,447,515,932,30,ITF,ITF6,18,Calabria,Calabria,1947131,876052,44.99,0.05
802,2021-04-03,CAL,8910,3816,5094,4289,4621,ITF,ITF6,18,Calabria,Calabria,1947131,884962,45.45,0.46
803,2021-01-28,CAL,2237,1110,1127,83,2154,ITF,ITF6,18,Calabria,Calabria,1947131,887199,45.56,0.11
804,2021-05-08,CAL,18423,8382,10041,10608,7815,ITF,ITF6,18,Calabria,Calabria,1947131,905622,46.51,0.95
805,2021-05-22,CAL,22168,10550,11618,14319,7849,ITF,ITF6,18,Calabria,Calabria,1947131,927790,47.65,1.14
806,2021-04-21,CAL,11565,5807,5758,8630,2935,ITF,ITF6,18,Calabria,Calabria,1947131,939355,48.24,0.59
807,2021-04-02,CAL,8259,3762,4497,4384,3875,ITF,ITF6,18,Calabria,Calabria,1947131,947614,48.67,0.42
808,2021-03-19,CAL,4190,1950,2240,1900,2290,ITF,ITF6,18,Calabria,Calabria,1947131,951804,48.88,0.22
809,2021-06-10,CAL,15313,7039,8274,12538,2775,ITF,ITF6,18,Calabria,Calabria,1947131,967117,49.67,0.79
810,2021-03-03,CAL,5039,2752,2287,3959,1080,ITF,ITF6,18,Calabria,Calabria,1947131,972156,49.93,0.26
811,2021-05-03,CAL,14751,6762,7989,10542,4209,ITF,ITF6,18,Calabria,Calabria,1947131,986907,50.69,0.76
812,2021-03-21,CAL,4459,1927,2532,2737,1722,ITF,ITF6,18,Calabria,Calabria,1947131,991366,50.91,0.23
813,2021-03-07,CAL,3338,1703,1635,3247,91,ITF,ITF6,18,Calabria,Calabria,1947131,994704,51.09,0.17
814,2021-06-15,CAL,9563,4426,5137,6260,3303,ITF,ITF6,18,Calabria,Calabria,1947131,1004267,51.58,0.49
815,2021-03-14,CAL,2710,1053,1657,2291,419,ITF,ITF6,18,Calabria,Calabria,1947131,1006977,51.72,0.14
816,2021-05-10,CAL,13115,6087,7028,7720,5395,ITF,ITF6,18,Calabria,Calabria,1947131,1020092,52.39,0.67
817,2021-04-26,CAL,10194,5062,5132,7773,2421,ITF,ITF6,18,Calabria,Calabria,1947131,1030286,52.91,0.52
818,2021-02-05,CAL,3804,1714,2090,488,3316,ITF,ITF6,18,Calabria,Calabria,1947131,1034090,53.11,0.2
819,2021-04-29,CAL,11952,5813,6139,8389,3563,ITF,ITF6,18,Calabria,Calabria,1947131,1046042,53.72,0.61
820,2021-04-12,CAL,6907,3355,3552,5254,1653,ITF,ITF6,18,Calabria,Calabria,1947131,1052949,54.08,0.35
821,2021-01-19,CAL,1115,491,624,1104,11,ITF,ITF6,18,Calabria,Calabria,1947131,1054064,54.13,0.06
822,2021-06-17,CAL,15434,7041,8393,9327,6107,ITF,ITF6,18,Calabria,Calabria,1947131,1069498,54.93,0.79
823,2021-03-26,CAL,7975,3773,4202,4854,3121,ITF,ITF6,18,Calabria,Calabria,1947131,1077473,55.34,0.41
824,2021-01-24,CAL,44,18,26,39,5,ITF,ITF6,18,Calabria,Calabria,1947131,1077517,55.34,0.0
825,2020-12-28,CAL,6,2,4,6,0,ITF,ITF6,18,Calabria,Calabria,1947131,1077523,55.34,0.0
826,2021-06-03,CAL,14151,6623,7528,9579,4572,ITF,ITF6,18,Calabria,Calabria,1947131,1091674,56.07,0.73
827,2021-04-07,CAL,6545,2957,3588,3721,2824,ITF,ITF6,18,Calabria,Calabria,1947131,1098219,56.4,0.34
828,2021-02-23,CAL,1591,753,838,1476,115,ITF,ITF6,18,Calabria,Calabria,1947131,1099810,56.48,0.08
829,2021-03-31,CAL,8814,4004,4810,4855,3959,ITF,ITF6,18,Calabria,Calabria,1947131,1108624,56.94,0.45
830,2021-04-09,CAL,7901,3698,4203,5013,2888,ITF,ITF6,18,Calabria,Calabria,1947131,1116525,57.34,0.41
831,2021-06-05,CAL,20329,9524,10805,17366,2963,ITF,ITF6,18,Calabria,Calabria,1947131,1136854,58.39,1.04
832,2021-04-28,CAL,12521,6058,6463,9662,2859,ITF,ITF6,18,Calabria,Calabria,1947131,1149375,59.03,0.64
833,2021-02-04,CAL,3556,1695,1861,653,2903,ITF,ITF6,18,Calabria,Calabria,1947131,1152931,59.21,0.18
834,2021-05-15,CAL,27117,12982,14135,20338,6779,ITF,ITF6,18,Calabria,Calabria,1947131,1180048,60.6,1.39
835,2021-02-02,CAL,2342,1147,1195,177,2165,ITF,ITF6,18,Calabria,Calabria,1947131,1182390,60.72,0.12
836,2021-01-16,CAL,2396,1121,1275,2396,0,ITF,ITF6,18,Calabria,Calabria,1947131,1184786,60.85,0.12
837,2021-01-02,CAL,166,94,72,166,0,ITF,ITF6,18,Calabria,Calabria,1947131,1184952,60.86,0.01
838,2021-04-05,CAL,3415,1606,1809,2557,858,ITF,ITF6,18,Calabria,Calabria,1947131,1188367,61.03,0.18
839,2021-06-08,CAL,15854,7483,8371,13851,2003,ITF,ITF6,18,Calabria,Calabria,1947131,1204221,61.85,0.81
840,2021-03-17,CAL,4048,1804,2244,2138,1910,ITF,ITF6,18,Calabria,Calabria,1947131,1208269,62.05,0.21
841,2021-04-19,CAL,7846,3784,4062,6179,1667,ITF,ITF6,18,Calabria,Calabria,1947131,1216115,62.46,0.4
842,2021-01-09,CAL,1929,1041,888,1929,0,ITF,ITF6,18,Calabria,Calabria,1947131,1218044,62.56,0.1
843,2021-02-28,CAL,2328,1055,1273,2175,153,ITF,ITF6,18,Calabria,Calabria,1947131,1220372,62.68,0.12
844,2021-03-20,CAL,6704,3073,3631,4200,2504,ITF,ITF6,18,Calabria,Calabria,1947131,1227076,63.02,0.34
845,2021-03-15,CAL,3556,1688,1868,2112,1444,ITF,ITF6,18,Calabria,Calabria,1947131,1230632,63.2,0.18
846,2021-05-20,CAL,16892,8433,8459,11287,5605,ITF,ITF6,18,Calabria,Calabria,1947131,1247524,64.07,0.87
847,2021-02-07,CAL,859,428,431,148,711,ITF,ITF6,18,Calabria,Calabria,1947131,1248383,64.11,0.04
848,2021-05-18,CAL,15381,7682,7699,11918,3463,ITF,ITF6,18,Calabria,Calabria,1947131,1263764,64.9,0.79
849,2021-03-22,CAL,4928,2308,2620,3172,1756,ITF,ITF6,18,Calabria,Calabria,1947131,1268692,65.16,0.25
850,2021-02-09,CAL,2156,911,1245,956,1200,ITF,ITF6,18,Calabria,Calabria,1947131,1270848,65.27,0.11
851,2021-05-29,CAL,19223,8931,10292,9395,9828,ITF,ITF6,18,Calabria,Calabria,1947131,1290071,66.25,0.99
852,2021-04-14,CAL,8160,3926,4234,6713,1447,ITF,ITF6,18,Calabria,Calabria,1947131,1298231,66.67,0.42
853,2021-02-16,CAL,1738,734,1004,1460,278,ITF,ITF6,18,Calabria,Calabria,1947131,1299969,66.76,0.09
854,2021-05-27,CAL,17568,8672,8896,9816,7752,ITF,ITF6,18,Calabria,Calabria,1947131,1317537,67.67,0.9
855,2020-12-27,ABR,37,19,18,37,0,ITF,ITF1,13,Abruzzo,Abruzzo,1304970,37,0.0,0.0
856,2021-03-20,ABR,4791,2199,2592,2620,2171,ITF,ITF1,13,Abruzzo,Abruzzo,1304970,4828,0.37,0.37
857,2021-06-13,ABR,9691,4859,4832,7857,1834,ITF,ITF1,13,Abruzzo,Abruzzo,1304970,14519,1.11,0.74
858,2021-01-29,ABR,1387,449,938,74,1313,ITF,ITF1,13,Abruzzo,Abruzzo,1304970,15906,1.22,0.11
859,2021-01-10,ABR,1139,409,730,1139,0,ITF,ITF1,13,Abruzzo,Abruzzo,1304970,17045,1.31,0.09
860,2021-04-29,ABR,12670,5851,6819,9574,3096,ITF,ITF1,13,Abruzzo,Abruzzo,1304970,29715,2.28,0.97
861,2021-01-15,ABR,379,149,230,379,0,ITF,ITF1,13,Abruzzo,Abruzzo,1304970,30094,2.31,0.03
862,2021-04-27,ABR,9083,4368,4715,6616,2467,ITF,ITF1,13,Abruzzo,Abruzzo,1304970,39177,3.0,0.7
863,2021-03-15,ABR,3684,1448,2236,1876,1808,ITF,ITF1,13,Abruzzo,Abruzzo,1304970,42861,3.28,0.28
864,2021-01-17,ABR,188,59,129,181,7,ITF,ITF1,13,Abruzzo,Abruzzo,1304970,43049,3.3,0.01
865,2021-02-22,ABR,2642,1173,1469,2612,30,ITF,ITF1,13,Abruzzo,Abruzzo,1304970,45691,3.5,0.2
866,2021-02-05,ABR,1534,521,1013,788,746,ITF,ITF1,13,Abruzzo,Abruzzo,1304970,47225,3.62,0.12
867,2021-05-16,ABR,9577,4138,5439,5764,3813,ITF,ITF1,13,Abruzzo,Abruzzo,1304970,56802,4.35,0.73
868,2021-06-04,ABR,15589,7366,8223,10901,4688,ITF,ITF1,13,Abruzzo,Abruzzo,1304970,72391,5.55,1.19
869,2021-05-18,ABR,12115,5662,6453,7732,4383,ITF,ITF1,13,Abruzzo,Abruzzo,1304970,84506,6.48,0.93
870,2021-02-24,ABR,3305,1441,1864,3129,176,ITF,ITF1,13,Abruzzo,Abruzzo,1304970,87811,6.73,0.25
871,2021-05-04,ABR,10748,5049,5699,7132,3616,ITF,ITF1,13,Abruzzo,Abruzzo,1304970,98559,7.55,0.82
872,2021-03-08,ABR,5147,1693,3454,4177,970,ITF,ITF1,13,Abruzzo,Abruzzo,1304970,103706,7.95,0.39
873,2021-01-24,ABR,50,22,28,6,44,ITF,ITF1,13,Abruzzo,Abruzzo,1304970,103756,7.95,0.0
874,2021-03-01,ABR,3478,1385,2093,2727,751,ITF,ITF1,13,Abruzzo,Abruzzo,1304970,107234,8.22,0.27
875,2021-06-18,ABR,3129,1458,1671,2118,1011,ITF,ITF1,13,Abruzzo,Abruzzo,1304970,110363,8.46,0.24
876,2021-05-30,ABR,8561,4067,4494,5348,3213,ITF,ITF1,13,Abruzzo,Abruzzo,1304970,118924,9.11,0.66
877,2021-04-03,ABR,5114,2233,2881,3517,1597,ITF,ITF1,13,Abruzzo,Abruzzo,1304970,124038,9.51,0.39
878,2021-02-12,ABR,1229,568,661,1039,190,ITF,ITF1,13,Abruzzo,Abruzzo,1304970,125267,9.6,0.09
879,2021-05-23,ABR,9885,4699,5186,7187,2698,ITF,ITF1,13,Abruzzo,Abruzzo,1304970,135152,10.36,0.76
880,2021-06-06,ABR,11019,5254,5765,8829,2190,ITF,ITF1,13,Abruzzo,Abruzzo,1304970,146171,11.2,0.84
881,2021-04-10,ABR,8772,4057,4715,6264,2508,ITF,ITF1,13,Abruzzo,Abruzzo,1304970,154943,11.87,0.67
882,2021-02-10,ABR,947,312,635,503,444,ITF,ITF1,13,Abruzzo,Abruzzo,1304970,155890,11.95,0.07
883,2021-02-03,ABR,2062,717,1345,419,1643,ITF,ITF1,13,Abruzzo,Abruzzo,1304970,157952,12.1,0.16
884,2021-01-22,ABR,118,57,61,118,0,ITF,ITF1,13,Abruzzo,Abruzzo,1304970,158070,12.11,0.01
885,2021-01-03,ABR,471,185,286,471,0,ITF,ITF1,13,Abruzzo,Abruzzo,1304970,158541,12.15,0.04
886,2021-03-27,ABR,6121,2620,3501,3635,2486,ITF,ITF1,13,Abruzzo,Abruzzo,1304970,164662,12.62,0.47
887,2021-01-05,ABR,1615,604,1011,1615,0,ITF,ITF1,13,Abruzzo,Abruzzo,1304970,166277,12.74,0.12
888,2021-04-15,ABR,7819,3679,4140,5979,1840,ITF,ITF1,13,Abruzzo,Abruzzo,1304970,174096,13.34,0.6
889,2021-03-03,ABR,4623,1881,2742,3717,906,ITF,ITF1,13,Abruzzo,Abruzzo,1304970,178719,13.7,0.35
890,2021-04-08,ABR,7393,3336,4057,5064,2329,ITF,ITF1,13,Abruzzo,Abruzzo,1304970,186112,14.26,0.57
891,2021-04-22,ABR,6728,3249,3479,4999,1729,ITF,ITF1,13,Abruzzo,Abruzzo,1304970,192840,14.78,0.52
892,2021-03-22,ABR,4343,1907,2436,2373,1970,ITF,ITF1,13,Abruzzo,Abruzzo,1304970,197183,15.11,0.33
893,2021-05-27,ABR,12976,5913,7063,8295,4681,ITF,ITF1,13,Abruzzo,Abruzzo,1304970,210159,16.1,0.99
894,2021-03-19,ABR,5795,2584,3211,2775,3020,ITF,ITF1,13,Abruzzo,Abruzzo,1304970,215954,16.55,0.44
895,2021-03-05,ABR,5347,1958,3389,4650,697,ITF,ITF1,13,Abruzzo,Abruzzo,1304970,221301,16.96,0.41
896,2021-04-07,ABR,7225,3333,3892,4438,2787,ITF,ITF1,13,Abruzzo,Abruzzo,1304970,228526,17.51,0.55
897,2021-03-17,ABR,4539,1873,2666,2799,1740,ITF,ITF1,13,Abruzzo,Abruzzo,1304970,233065,17.86,0.35
898,2021-03-24,ABR,6384,2784,3600,4133,2251,ITF,ITF1,13,Abruzzo,Abruzzo,1304970,239449,18.35,0.49
899,2021-02-09,ABR,909,312,597,500,409,ITF,ITF1,13,Abruzzo,Abruzzo,1304970,240358,18.42,0.07
900,2021-01-19,ABR,111,55,56,91,20,ITF,ITF1,13,Abruzzo,Abruzzo,1304970,240469,18.43,0.01
901,2021-02-07,ABR,778,307,471,201,577,ITF,ITF1,13,Abruzzo,Abruzzo,1304970,241247,18.49,0.06
902,2021-01-21,ABR,157,47,110,157,0,ITF,ITF1,13,Abruzzo,Abruzzo,1304970,241404,18.5,0.01
903,2021-05-01,ABR,10746,5052,5694,5772,4974,ITF,ITF1,13,Abruzzo,Abruzzo,1304970,252150,19.32,0.82
904,2021-05-20,ABR,12592,5818,6774,7337,5255,ITF,ITF1,13,Abruzzo,Abruzzo,1304970,264742,20.29,0.96
905,2021-02-28,ABR,1702,508,1194,1700,2,ITF,ITF1,13,Abruzzo,Abruzzo,1304970,266444,20.42,0.13
906,2021-01-02,ABR,551,219,332,551,0,ITF,ITF1,13,Abruzzo,Abruzzo,1304970,266995,20.46,0.04
907,2021-06-08,ABR,12641,6499,6142,10444,2197,ITF,ITF1,13,Abruzzo,Abruzzo,1304970,279636,21.43,0.97
908,2021-04-26,ABR,8563,4066,4497,7349,1214,ITF,ITF1,13,Abruzzo,Abruzzo,1304970,288199,22.08,0.66
909,2021-06-01,ABR,10994,4879,6115,6628,4366,ITF,ITF1,13,Abruzzo,Abruzzo,1304970,299193,22.93,0.84
910,2021-04-19,ABR,6227,2858,3369,3855,2372,ITF,ITF1,13,Abruzzo,Abruzzo,1304970,305420,23.4,0.48
911,2021-02-21,ABR,1218,550,668,1217,1,ITF,ITF1,13,Abruzzo,Abruzzo,1304970,306638,23.5,0.09
912,2021-06-15,ABR,7075,3453,3622,5509,1566,ITF,ITF1,13,Abruzzo,Abruzzo,1304970,313713,24.04,0.54
913,2021-04-12,ABR,6223,2949,3274,5049,1174,ITF,ITF1,13,Abruzzo,Abruzzo,1304970,319936,24.52,0.48
914,2021-02-02,ABR,1763,668,1095,222,1541,ITF,ITF1,13,Abruzzo,Abruzzo,1304970,321699,24.65,0.14
915,2021-05-13,ABR,11149,5042,6107,7190,3959,ITF,ITF1,13,Abruzzo,Abruzzo,1304970,332848,25.51,0.85
916,2021-03-31,ABR,6712,2938,3774,4642,2070,ITF,ITF1,13,Abruzzo,Abruzzo,1304970,339560,26.02,0.51
917,2021-05-15,ABR,11427,5175,6252,6125,5302,ITF,ITF1,13,Abruzzo,Abruzzo,1304970,350987,26.9,0.88
918,2021-04-17,ABR,7346,3398,3948,4293,3053,ITF,ITF1,13,Abruzzo,Abruzzo,1304970,358333,27.46,0.56
919,2021-02-19,ABR,3300,1551,1749,3200,100,ITF,ITF1,13,Abruzzo,Abruzzo,1304970,361633,27.71,0.25
920,2021-01-07,ABR,1603,552,1051,1603,0,ITF,ITF1,13,Abruzzo,Abruzzo,1304970,363236,27.83,0.12
921,2021-03-29,ABR,5708,2600,3108,3069,2639,ITF,ITF1,13,Abruzzo,Abruzzo,1304970,368944,28.27,0.44
922,2021-02-17,ABR,2071,948,1123,1789,282,ITF,ITF1,13,Abruzzo,Abruzzo,1304970,371015,28.43,0.16
923,2021-06-11,ABR,11565,5761,5804,8821,2744,ITF,ITF1,13,Abruzzo,Abruzzo,1304970,382580,29.32,0.89
924,2021-05-11,ABR,10737,5097,5640,5907,4830,ITF,ITF1,13,Abruzzo,Abruzzo,1304970,393317,30.14,0.82
925,2021-04-05,ABR,2693,1147,1546,1813,880,ITF,ITF1,13,Abruzzo,Abruzzo,1304970,396010,30.35,0.21
926,2021-01-12,ABR,1805,667,1138,1805,0,ITF,ITF1,13,Abruzzo,Abruzzo,1304970,397815,30.48,0.14
927,2021-05-08,ABR,10292,4871,5421,6458,3834,ITF,ITF1,13,Abruzzo,Abruzzo,1304970,408107,31.27,0.79
928,2021-04-24,ABR,8717,3972,4745,7187,1530,ITF,ITF1,13,Abruzzo,Abruzzo,1304970,416824,31.94,0.67
929,2021-01-14,ABR,530,189,341,530,0,ITF,ITF1,13,Abruzzo,Abruzzo,1304970,417354,31.98,0.04
930,2021-02-16,ABR,1917,842,1075,1905,12,ITF,ITF1,13,Abruzzo,Abruzzo,1304970,419271,32.13,0.15
931,2021-03-02,ABR,3962,1675,2287,3278,684,ITF,ITF1,13,Abruzzo,Abruzzo,1304970,423233,32.43,0.3
932,2021-06-10,ABR,12366,6159,6207,10205,2161,ITF,ITF1,13,Abruzzo,Abruzzo,1304970,435599,33.38,0.95
933,2021-02-11,ABR,816,262,554,773,43,ITF,ITF1,13,Abruzzo,Abruzzo,1304970,436415,33.44,0.06
934,2021-05-24,ABR,12234,5836,6398,8881,3353,ITF,ITF1,13,Abruzzo,Abruzzo,1304970,448649,34.38,0.94
935,2021-01-16,ABR,933,430,503,933,0,ITF,ITF1,13,Abruzzo,Abruzzo,1304970,449582,34.45,0.07
936,2021-03-07,ABR,2522,630,1892,2522,0,ITF,ITF1,13,Abruzzo,Abruzzo,1304970,452104,34.64,0.19
937,2021-01-09,ABR,1484,566,918,1484,0,ITF,ITF1,13,Abruzzo,Abruzzo,1304970,453588,34.76,0.11
938,2021-03-28,ABR,2414,1016,1398,2043,371,ITF,ITF1,13,Abruzzo,Abruzzo,1304970,456002,34.94,0.18
939,2021-04-14,ABR,6616,2958,3658,4498,2118,ITF,ITF1,13,Abruzzo,Abruzzo,1304970,462618,35.45,0.51
940,2021-01-04,ABR,1403,576,827,1403,0,ITF,ITF1,13,Abruzzo,Abruzzo,1304970,464021,35.56,0.11
941,2021-01-23,ABR,264,115,149,57,207,ITF,ITF1,13,Abruzzo,Abruzzo,1304970,464285,35.58,0.02
942,2021-05-03,ABR,11110,5240,5870,7262,3848,ITF,ITF1,13,Abruzzo,Abruzzo,1304970,475395,36.43,0.85
943,2021-02-26,ABR,3914,1670,2244,2946,968,ITF,ITF1,13,Abruzzo,Abruzzo,1304970,479309,36.73,0.3
944,2021-01-18,ABR,123,49,74,46,77,ITF,ITF1,13,Abruzzo,Abruzzo,1304970,479432,36.74,0.01
945,2021-04-28,ABR,9508,4583,4925,7485,2023,ITF,ITF1,13,Abruzzo,Abruzzo,1304970,488940,37.47,0.73
946,2021-05-12,ABR,9610,4585,5025,6044,3566,ITF,ITF1,13,Abruzzo,Abruzzo,1304970,498550,38.2,0.74
947,2021-03-16,ABR,3484,1452,2032,1830,1654,ITF,ITF1,13,Abruzzo,Abruzzo,1304970,502034,38.47,0.27
948,2021-05-05,ABR,11655,5585,6070,6450,5205,ITF,ITF1,13,Abruzzo,Abruzzo,1304970,513689,39.36,0.89
949,2021-03-09,ABR,5168,1796,3372,4230,938,ITF,ITF1,13,Abruzzo,Abruzzo,1304970,518857,39.76,0.4
950,2021-06-17,ABR,10682,5352,5330,7310,3372,ITF,ITF1,13,Abruzzo,Abruzzo,1304970,529539,40.58,0.82
951,2021-06-03,ABR,13041,6216,6825,9269,3772,ITF,ITF1,13,Abruzzo,Abruzzo,1304970,542580,41.58,1.0
952,2021-03-12,ABR,6015,1987,4028,4433,1582,ITF,ITF1,13,Abruzzo,Abruzzo,1304970,548595,42.04,0.46
953,2021-03-14,ABR,1874,731,1143,1208,666,ITF,ITF1,13,Abruzzo,Abruzzo,1304970,550469,42.18,0.14
954,2021-02-25,ABR,3043,1331,1712,2514,529,ITF,ITF1,13,Abruzzo,Abruzzo,1304970,553512,42.42,0.23
955,2021-06-05,ABR,14603,6858,7745,10553,4050,ITF,ITF1,13,Abruzzo,Abruzzo,1304970,568115,43.53,1.12
956,2021-05-17,ABR,11033,5037,5996,6179,4854,ITF,ITF1,13,Abruzzo,Abruzzo,1304970,579148,44.38,0.85
957,2021-05-25,ABR,11397,5308,6089,8264,3133,ITF,ITF1,13,Abruzzo,Abruzzo,1304970,590545,45.25,0.87
958,2021-01-31,ABR,1521,493,1028,288,1233,ITF,ITF1,13,Abruzzo,Abruzzo,1304970,592066,45.37,0.12
959,2021-05-10,ABR,10102,4782,5320,5454,4648,ITF,ITF1,13,Abruzzo,Abruzzo,1304970,602168,46.14,0.77
960,2021-04-23,ABR,7382,3388,3994,5080,2302,ITF,ITF1,13,Abruzzo,Abruzzo,1304970,609550,46.71,0.57
961,2021-01-30,ABR,1511,568,943,69,1442,ITF,ITF1,13,Abruzzo,Abruzzo,1304970,611061,46.83,0.12
962,2021-04-16,ABR,7539,3489,4050,5622,1917,ITF,ITF1,13,Abruzzo,Abruzzo,1304970,618600,47.4,0.58
963,2021-03-11,ABR,5495,2220,3275,4357,1138,ITF,ITF1,13,Abruzzo,Abruzzo,1304970,624095,47.82,0.42
964,2021-06-02,ABR,9684,4693,4991,6873,2811,ITF,ITF1,13,Abruzzo,Abruzzo,1304970,633779,48.57,0.74
965,2021-03-13,ABR,4124,1420,2704,3081,1043,ITF,ITF1,13,Abruzzo,Abruzzo,1304970,637903,48.88,0.32
966,2021-02-01,ABR,1632,573,1059,271,1361,ITF,ITF1,13,Abruzzo,Abruzzo,1304970,639535,49.01,0.13
967,2021-03-23,ABR,4829,2186,2643,2263,2566,ITF,ITF1,13,Abruzzo,Abruzzo,1304970,644364,49.38,0.37
968,2021-01-25,ABR,1604,632,972,17,1587,ITF,ITF1,13,Abruzzo,Abruzzo,1304970,645968,49.5,0.12
969,2021-01-28,ABR,1433,495,938,12,1421,ITF,ITF1,13,Abruzzo,Abruzzo,1304970,647401,49.61,0.11
970,2021-01-11,ABR,1551,557,994,1551,0,ITF,ITF1,13,Abruzzo,Abruzzo,1304970,648952,49.73,0.12
971,2021-04-21,ABR,6388,3100,3288,4714,1674,ITF,ITF1,13,Abruzzo,Abruzzo,1304970,655340,50.22,0.49
972,2021-04-06,ABR,7681,3581,4100,5362,2319,ITF,ITF1,13,Abruzzo,Abruzzo,1304970,663021,50.81,0.59
973,2021-05-09,ABR,9152,4087,5065,4283,4869,ITF,ITF1,13,Abruzzo,Abruzzo,1304970,672173,51.51,0.7
974,2021-02-15,ABR,1794,831,963,1752,42,ITF,ITF1,13,Abruzzo,Abruzzo,1304970,673967,51.65,0.14
975,2021-05-26,ABR,13385,5943,7442,8389,4996,ITF,ITF1,13,Abruzzo,Abruzzo,1304970,687352,52.67,1.03
976,2021-06-14,ABR,10858,5370,5488,7490,3368,ITF,ITF1,13,Abruzzo,Abruzzo,1304970,698210,53.5,0.83
977,2021-05-07,ABR,12194,5706,6488,7776,4418,ITF,ITF1,13,Abruzzo,Abruzzo,1304970,710404,54.44,0.93
978,2021-03-25,ABR,5795,2663,3132,3179,2616,ITF,ITF1,13,Abruzzo,Abruzzo,1304970,716199,54.88,0.44
979,2021-01-27,ABR,1364,515,849,39,1325,ITF,ITF1,13,Abruzzo,Abruzzo,1304970,717563,54.99,0.1
980,2021-05-21,ABR,13012,6326,6686,8033,4979,ITF,ITF1,13,Abruzzo,Abruzzo,1304970,730575,55.98,1.0
981,2021-03-18,ABR,3896,1651,2245,2065,1831,ITF,ITF1,13,Abruzzo,Abruzzo,1304970,734471,56.28,0.3
982,2021-05-14,ABR,10605,5077,5528,5448,5157,ITF,ITF1,13,Abruzzo,Abruzzo,1304970,745076,57.1,0.81
983,2021-04-01,ABR,5593,2505,3088,3506,2087,ITF,ITF1,13,Abruzzo,Abruzzo,1304970,750669,57.52,0.43
984,2021-02-23,ABR,2783,1276,1507,2772,11,ITF,ITF1,13,Abruzzo,Abruzzo,1304970,753452,57.74,0.21
985,2021-02-06,ABR,1610,743,867,602,1008,ITF,ITF1,13,Abruzzo,Abruzzo,1304970,755062,57.86,0.12
986,2021-02-08,ABR,1196,395,801,486,710,ITF,ITF1,13,Abruzzo,Abruzzo,1304970,756258,57.95,0.09
987,2021-05-19,ABR,10694,5111,5583,7653,3041,ITF,ITF1,13,Abruzzo,Abruzzo,1304970,766952,58.77,0.82
988,2021-02-18,ABR,2288,933,1355,2158,130,ITF,ITF1,13,Abruzzo,Abruzzo,1304970,769240,58.95,0.18
989,2021-05-29,ABR,10317,4430,5887,4544,5773,ITF,ITF1,13,Abruzzo,Abruzzo,1304970,779557,59.74,0.79
990,2021-05-22,ABR,13097,6364,6733,8193,4904,ITF,ITF1,13,Abruzzo,Abruzzo,1304970,792654,60.74,1.0
991,2021-03-26,ABR,5356,2313,3043,3280,2076,ITF,ITF1,13,Abruzzo,Abruzzo,1304970,798010,61.15,0.41
992,2021-05-31,ABR,11298,5104,6194,6955,4343,ITF,ITF1,13,Abruzzo,Abruzzo,1304970,809308,62.02,0.87
993,2021-04-20,ABR,5589,2689,2900,4179,1410,ITF,ITF1,13,Abruzzo,Abruzzo,1304970,814897,62.45,0.43
994,2021-04-25,ABR,9065,4621,4444,8255,810,ITF,ITF1,13,Abruzzo,Abruzzo,1304970,823962,63.14,0.69
995,2021-01-08,ABR,1525,507,1018,1525,0,ITF,ITF1,13,Abruzzo,Abruzzo,1304970,825487,63.26,0.12
996,2021-04-18,ABR,5813,2727,3086,4870,943,ITF,ITF1,13,Abruzzo,Abruzzo,1304970,831300,63.7,0.45
997,2021-02-20,ABR,4775,1842,2933,4699,76,ITF,ITF1,13,Abruzzo,Abruzzo,1304970,836075,64.07,0.37
998,2021-03-30,ABR,5128,2262,2866,3304,1824,ITF,ITF1,13,Abruzzo,Abruzzo,1304970,841203,64.46,0.39
999,2021-01-06,ABR,1831,664,1167,1831,0,ITF,ITF1,13,Abruzzo,Abruzzo,1304970,843034,64.6,0.14
1000,2021-04-30,ABR,12392,5804,6588,6694,5698,ITF,ITF1,13,Abruzzo,Abruzzo,1304970,855426,65.55,0.95
1001,2021-04-13,ABR,5879,2752,3127,4679,1200,ITF,ITF1,13,Abruzzo,Abruzzo,1304970,861305,66.0,0.45
1002,2021-01-20,ABR,447,156,291,445,2,ITF,ITF1,13,Abruzzo,Abruzzo,1304970,861752,66.04,0.03
1003,2021-05-02,ABR,10424,5088,5336,5214,5210,ITF,ITF1,13,Abruzzo,Abruzzo,1304970,872176,66.83,0.8
1004,2021-03-21,ABR,2134,914,1220,844,1290,ITF,ITF1,13,Abruzzo,Abruzzo,1304970,874310,67.0,0.16
1005,2021-06-12,ABR,11247,5819,5428,9897,1350,ITF,ITF1,13,Abruzzo,Abruzzo,1304970,885557,67.86,0.86
1006,2021-01-13,ABR,1257,441,816,1257,0,ITF,ITF1,13,Abruzzo,Abruzzo,1304970,886814,67.96,0.1
1007,2021-02-13,ABR,854,385,469,438,416,ITF,ITF1,13,Abruzzo,Abruzzo,1304970,887668,68.02,0.07
1008,2021-03-04,ABR,5936,2360,3576,5014,922,ITF,ITF1,13,Abruzzo,Abruzzo,1304970,893604,68.48,0.45
1009,2021-05-28,ABR,13985,6293,7692,7632,6353,ITF,ITF1,13,Abruzzo,Abruzzo,1304970,907589,69.55,1.07
1010,2021-03-10,ABR,5048,1683,3365,4092,956,ITF,ITF1,13,Abruzzo,Abruzzo,1304970,912637,69.94,0.39
1011,2021-01-26,ABR,1542,567,975,30,1512,ITF,ITF1,13,Abruzzo,Abruzzo,1304970,914179,70.05,0.12
1012,2021-05-06,ABR,13003,6089,6914,7977,5026,ITF,ITF1,13,Abruzzo,Abruzzo,1304970,927182,71.05,1.0
1013,2021-04-09,ABR,8838,4180,4658,6299,2539,ITF,ITF1,13,Abruzzo,Abruzzo,1304970,936020,71.73,0.68
1014,2021-04-02,ABR,6682,3092,3590,5195,1487,ITF,ITF1,13,Abruzzo,Abruzzo,1304970,942702,72.24,0.51
1015,2021-02-04,ABR,1680,616,1064,610,1070,ITF,ITF1,13,Abruzzo,Abruzzo,1304970,944382,72.37,0.13
1016,2021-04-04,ABR,1636,771,865,1507,129,ITF,ITF1,13,Abruzzo,Abruzzo,1304970,946018,72.49,0.13
1017,2021-06-16,ABR,10712,5358,5354,8052,2660,ITF,ITF1,13,Abruzzo,Abruzzo,1304970,956730,73.31,0.82
1018,2021-02-27,ABR,2812,1338,1474,2546,266,ITF,ITF1,13,Abruzzo,Abruzzo,1304970,959542,73.53,0.22
1019,2021-06-07,ABR,11055,5281,5774,9239,1816,ITF,ITF1,13,Abruzzo,Abruzzo,1304970,970597,74.38,0.85
1020,2021-04-11,ABR,5330,2606,2724,4847,483,ITF,ITF1,13,Abruzzo,Abruzzo,1304970,975927,74.79,0.41
1021,2021-06-09,ABR,11390,6011,5379,9711,1679,ITF,ITF1,13,Abruzzo,Abruzzo,1304970,987317,75.66,0.87
1022,2021-03-06,ABR,4178,1358,2820,3608,570,ITF,ITF1,13,Abruzzo,Abruzzo,1304970,991495,75.98,0.32
1023,2021-01-15,BAS,813,350,463,813,0,ITF,ITF5,17,Basilicata,Basilicata,559084,813,0.15,0.15
1024,2020-12-27,BAS,106,41,65,106,0,ITF,ITF5,17,Basilicata,Basilicata,559084,919,0.16,0.02
1025,2021-03-20,BAS,1293,572,721,280,1013,ITF,ITF5,17,Basilicata,Basilicata,559084,2212,0.4,0.23
1026,2021-03-06,BAS,1356,536,820,759,597,ITF,ITF5,17,Basilicata,Basilicata,559084,3568,0.64,0.24
1027,2021-05-09,BAS,4685,2340,2345,2990,1695,ITF,ITF5,17,Basilicata,Basilicata,559084,8253,1.48,0.84
1028,2021-02-15,BAS,622,232,390,580,42,ITF,ITF5,17,Basilicata,Basilicata,559084,8875,1.59,0.11
1029,2021-01-29,BAS,616,231,385,63,553,ITF,ITF5,17,Basilicata,Basilicata,559084,9491,1.7,0.11
1030,2021-01-10,BAS,77,24,53,77,0,ITF,ITF5,17,Basilicata,Basilicata,559084,9568,1.71,0.01
1031,2021-04-20,BAS,4033,1920,2113,2202,1831,ITF,ITF5,17,Basilicata,Basilicata,559084,13601,2.43,0.72
1032,2021-01-08,BAS,554,219,335,554,0,ITF,ITF5,17,Basilicata,Basilicata,559084,14155,2.53,0.1
1033,2021-03-15,BAS,2356,983,1373,524,1832,ITF,ITF5,17,Basilicata,Basilicata,559084,16511,2.95,0.42
1034,2021-01-17,BAS,328,133,195,327,1,ITF,ITF5,17,Basilicata,Basilicata,559084,16839,3.01,0.06
1035,2021-04-27,BAS,4728,2243,2485,4403,325,ITF,ITF5,17,Basilicata,Basilicata,559084,21567,3.86,0.85
1036,2021-06-04,BAS,4829,2286,2543,3783,1046,ITF,ITF5,17,Basilicata,Basilicata,559084,26396,4.72,0.86
1037,2021-02-24,BAS,1803,743,1060,1734,69,ITF,ITF5,17,Basilicata,Basilicata,559084,28199,5.04,0.32
1038,2021-02-22,BAS,1790,773,1017,1737,53,ITF,ITF5,17,Basilicata,Basilicata,559084,29989,5.36,0.32
1039,2021-05-04,BAS,4137,1991,2146,3614,523,ITF,ITF5,17,Basilicata,Basilicata,559084,34126,6.1,0.74
1040,2021-03-08,BAS,1458,711,747,845,613,ITF,ITF5,17,Basilicata,Basilicata,559084,35584,6.36,0.26
1041,2021-06-16,BAS,4565,2074,2491,2127,2438,ITF,ITF5,17,Basilicata,Basilicata,559084,40149,7.18,0.82
1042,2021-06-09,BAS,4423,2072,2351,3999,424,ITF,ITF5,17,Basilicata,Basilicata,559084,44572,7.97,0.79
1043,2021-04-13,BAS,2113,1051,1062,1295,818,ITF,ITF5,17,Basilicata,Basilicata,559084,46685,8.35,0.38
1044,2021-03-01,BAS,548,284,264,382,166,ITF,ITF5,17,Basilicata,Basilicata,559084,47233,8.45,0.1
1045,2021-05-30,BAS,2773,1419,1354,922,1851,ITF,ITF5,17,Basilicata,Basilicata,559084,50006,8.94,0.5
1046,2021-04-03,BAS,1806,748,1058,1471,335,ITF,ITF5,17,Basilicata,Basilicata,559084,51812,9.27,0.32
1047,2021-02-05,BAS,986,443,543,64,922,ITF,ITF5,17,Basilicata,Basilicata,559084,52798,9.44,0.18
1048,2021-05-16,BAS,4972,2468,2504,2859,2113,ITF,ITF5,17,Basilicata,Basilicata,559084,57770,10.33,0.89
1049,2021-03-25,BAS,1884,604,1280,1539,345,ITF,ITF5,17,Basilicata,Basilicata,559084,59654,10.67,0.34
1050,2021-01-27,BAS,411,175,236,113,298,ITF,ITF5,17,Basilicata,Basilicata,559084,60065,10.74,0.07
1051,2021-02-10,BAS,548,238,310,496,52,ITF,ITF5,17,Basilicata,Basilicata,559084,60613,10.84,0.1
1052,2021-05-21,BAS,4574,2320,2254,1491,3083,ITF,ITF5,17,Basilicata,Basilicata,559084,65187,11.66,0.82
1053,2021-04-01,BAS,2718,1107,1611,1998,720,ITF,ITF5,17,Basilicata,Basilicata,559084,67905,12.15,0.49
1054,2021-02-03,BAS,669,301,368,32,637,ITF,ITF5,17,Basilicata,Basilicata,559084,68574,12.27,0.12
1055,2021-06-01,BAS,6135,2925,3210,3059,3076,ITF,ITF5,17,Basilicata,Basilicata,559084,74709,13.36,1.1
1056,2021-01-22,BAS,67,24,43,67,0,ITF,ITF5,17,Basilicata,Basilicata,559084,74776,13.37,0.01
1057,2021-05-02,BAS,4179,2000,2179,3551,628,ITF,ITF5,17,Basilicata,Basilicata,559084,78955,14.12,0.75
1058,2021-04-15,BAS,3386,1659,1727,2632,754,ITF,ITF5,17,Basilicata,Basilicata,559084,82341,14.73,0.61
1059,2021-01-03,BAS,901,344,557,901,0,ITF,ITF5,17,Basilicata,Basilicata,559084,83242,14.89,0.16
1060,2021-04-08,BAS,764,348,416,754,10,ITF,ITF5,17,Basilicata,Basilicata,559084,84006,15.03,0.14
1061,2021-04-22,BAS,5036,2346,2690,3433,1603,ITF,ITF5,17,Basilicata,Basilicata,559084,89042,15.93,0.9
1062,2021-02-17,BAS,1135,493,642,1059,76,ITF,ITF5,17,Basilicata,Basilicata,559084,90177,16.13,0.2
1063,2021-05-28,BAS,3612,1807,1805,949,2663,ITF,ITF5,17,Basilicata,Basilicata,559084,93789,16.78,0.65
1064,2021-06-11,BAS,4224,1975,2249,3195,1029,ITF,ITF5,17,Basilicata,Basilicata,559084,98013,17.53,0.76
1065,2021-03-05,BAS,1855,857,998,1109,746,ITF,ITF5,17,Basilicata,Basilicata,559084,99868,17.86,0.33
1066,2021-06-13,BAS,3012,1438,1574,2704,308,ITF,ITF5,17,Basilicata,Basilicata,559084,102880,18.4,0.54
1067,2021-05-27,BAS,3678,1892,1786,1072,2606,ITF,ITF5,17,Basilicata,Basilicata,559084,106558,19.06,0.66
1068,2021-04-24,BAS,4544,2197,2347,3531,1013,ITF,ITF5,17,Basilicata,Basilicata,559084,111102,19.87,0.81
1069,2021-04-29,BAS,4831,2385,2446,4410,421,ITF,ITF5,17,Basilicata,Basilicata,559084,115933,20.74,0.86
1070,2021-03-17,BAS,1453,609,844,28,1425,ITF,ITF5,17,Basilicata,Basilicata,559084,117386,21.0,0.26
1071,2021-01-19,BAS,199,84,115,199,0,ITF,ITF5,17,Basilicata,Basilicata,559084,117585,21.03,0.04
1072,2021-03-13,BAS,1798,890,908,753,1045,ITF,ITF5,17,Basilicata,Basilicata,559084,119383,21.35,0.32
1073,2021-02-07,BAS,374,159,215,49,325,ITF,ITF5,17,Basilicata,Basilicata,559084,119757,21.42,0.07
1074,2021-05-18,BAS,5896,2855,3041,3403,2493,ITF,ITF5,17,Basilicata,Basilicata,559084,125653,22.47,1.05
1075,2021-05-01,BAS,4703,2136,2567,3952,751,ITF,ITF5,17,Basilicata,Basilicata,559084,130356,23.32,0.84
1076,2021-02-26,BAS,2149,904,1245,2069,80,ITF,ITF5,17,Basilicata,Basilicata,559084,132505,23.7,0.38
1077,2021-06-08,BAS,4576,2186,2390,4219,357,ITF,ITF5,17,Basilicata,Basilicata,559084,137081,24.52,0.82
1078,2021-04-12,BAS,2169,1050,1119,1679,490,ITF,ITF5,17,Basilicata,Basilicata,559084,139250,24.91,0.39
1079,2021-06-18,BAS,1923,884,1039,809,1114,ITF,ITF5,17,Basilicata,Basilicata,559084,141173,25.25,0.34
1080,2021-01-24,BAS,837,300,537,58,779,ITF,ITF5,17,Basilicata,Basilicata,559084,142010,25.4,0.15
1081,2021-05-13,BAS,5988,2967,3021,3391,2597,ITF,ITF5,17,Basilicata,Basilicata,559084,147998,26.47,1.07
1082,2021-05-08,BAS,4835,2399,2436,3429,1406,ITF,ITF5,17,Basilicata,Basilicata,559084,152833,27.34,0.86
1083,2021-05-23,BAS,4517,2302,2215,1533,2984,ITF,ITF5,17,Basilicata,Basilicata,559084,157350,28.14,0.81
1084,2021-03-27,BAS,2241,858,1383,1818,423,ITF,ITF5,17,Basilicata,Basilicata,559084,159591,28.55,0.4
1085,2021-01-07,BAS,640,319,321,640,0,ITF,ITF5,17,Basilicata,Basilicata,559084,160231,28.66,0.11
1086,2021-02-19,BAS,1623,738,885,1561,62,ITF,ITF5,17,Basilicata,Basilicata,559084,161854,28.95,0.29
1087,2021-04-17,BAS,3461,1655,1806,2199,1262,ITF,ITF5,17,Basilicata,Basilicata,559084,165315,29.57,0.62
1088,2021-03-29,BAS,2434,880,1554,2147,287,ITF,ITF5,17,Basilicata,Basilicata,559084,167749,30.0,0.44
1089,2021-01-05,BAS,946,409,537,946,0,ITF,ITF5,17,Basilicata,Basilicata,559084,168695,30.17,0.17
1090,2021-05-11,BAS,2653,1352,1301,1620,1033,ITF,ITF5,17,Basilicata,Basilicata,559084,171348,30.65,0.47
1091,2021-04-05,BAS,723,233,490,421,302,ITF,ITF5,17,Basilicata,Basilicata,559084,172071,30.78,0.13
1092,2021-03-22,BAS,1187,535,652,639,548,ITF,ITF5,17,Basilicata,Basilicata,559084,173258,30.99,0.21
1093,2021-03-03,BAS,1746,816,930,1187,559,ITF,ITF5,17,Basilicata,Basilicata,559084,175004,31.3,0.31
1094,2021-05-25,BAS,4452,2221,2231,1068,3384,ITF,ITF5,17,Basilicata,Basilicata,559084,179456,32.1,0.8
1095,2021-02-14,BAS,151,48,103,151,0,ITF,ITF5,17,Basilicata,Basilicata,559084,179607,32.13,0.03
1096,2021-03-19,BAS,2292,994,1298,264,2028,ITF,ITF5,17,Basilicata,Basilicata,559084,181899,32.54,0.41
1097,2021-02-16,BAS,906,377,529,808,98,ITF,ITF5,17,Basilicata,Basilicata,559084,182805,32.7,0.16
1098,2021-01-28,BAS,904,402,502,119,785,ITF,ITF5,17,Basilicata,Basilicata,559084,183709,32.86,0.16
1099,2021-01-14,BAS,969,413,556,969,0,ITF,ITF5,17,Basilicata,Basilicata,559084,184678,33.03,0.17
1100,2021-03-24,BAS,1880,721,1159,1482,398,ITF,ITF5,17,Basilicata,Basilicata,559084,186558,33.37,0.34
1101,2021-02-11,BAS,952,401,551,869,83,ITF,ITF5,17,Basilicata,Basilicata,559084,187510,33.54,0.17
1102,2021-05-22,BAS,5488,2723,2765,1937,3551,ITF,ITF5,17,Basilicata,Basilicata,559084,192998,34.52,0.98
1103,2021-03-26,BAS,1957,704,1253,1696,261,ITF,ITF5,17,Basilicata,Basilicata,559084,194955,34.87,0.35
1104,2021-04-19,BAS,4166,1913,2253,2528,1638,ITF,ITF5,17,Basilicata,Basilicata,559084,199121,35.62,0.75
1105,2021-06-15,BAS,3206,1406,1800,2230,976,ITF,ITF5,17,Basilicata,Basilicata,559084,202327,36.19,0.57
1106,2021-02-28,BAS,804,343,461,775,29,ITF,ITF5,17,Basilicata,Basilicata,559084,203131,36.33,0.14
1107,2021-01-02,BAS,949,380,569,949,0,ITF,ITF5,17,Basilicata,Basilicata,559084,204080,36.5,0.17
1108,2021-01-16,BAS,722,304,418,722,0,ITF,ITF5,17,Basilicata,Basilicata,559084,204802,36.63,0.13
1109,2021-04-26,BAS,4465,2164,2301,4245,220,ITF,ITF5,17,Basilicata,Basilicata,559084,209267,37.43,0.8
1110,2021-05-20,BAS,5855,2964,2891,2890,2965,ITF,ITF5,17,Basilicata,Basilicata,559084,215122,38.48,1.05
1111,2021-06-06,BAS,4501,2069,2432,3722,779,ITF,ITF5,17,Basilicata,Basilicata,559084,219623,39.28,0.81
1112,2021-04-14,BAS,2042,998,1044,1368,674,ITF,ITF5,17,Basilicata,Basilicata,559084,221665,39.65,0.37
1113,2021-01-21,BAS,30,10,20,30,0,ITF,ITF5,17,Basilicata,Basilicata,559084,221695,39.65,0.01
1114,2021-01-04,BAS,607,271,336,607,0,ITF,ITF5,17,Basilicata,Basilicata,559084,222302,39.76,0.11
1115,2021-02-12,BAS,775,332,443,744,31,ITF,ITF5,17,Basilicata,Basilicata,559084,223077,39.9,0.14
1116,2021-04-10,BAS,1032,378,654,949,83,ITF,ITF5,17,Basilicata,Basilicata,559084,224109,40.09,0.18
1117,2021-04-28,BAS,4704,2158,2546,4263,441,ITF,ITF5,17,Basilicata,Basilicata,559084,228813,40.93,0.84
1118,2021-03-02,BAS,797,384,413,661,136,ITF,ITF5,17,Basilicata,Basilicata,559084,229610,41.07,0.14
1119,2021-06-10,BAS,4340,2099,2241,3899,441,ITF,ITF5,17,Basilicata,Basilicata,559084,233950,41.85,0.78
1120,2021-06-17,BAS,4419,2032,2387,2100,2319,ITF,ITF5,17,Basilicata,Basilicata,559084,238369,42.64,0.79
1121,2021-04-21,BAS,3922,1835,2087,2272,1650,ITF,ITF5,17,Basilicata,Basilicata,559084,242291,43.34,0.7
1122,2021-01-18,BAS,463,157,306,364,99,ITF,ITF5,17,Basilicata,Basilicata,559084,242754,43.42,0.08
1123,2021-03-16,BAS,1905,801,1104,229,1676,ITF,ITF5,17,Basilicata,Basilicata,559084,244659,43.76,0.34
1124,2021-03-14,BAS,1010,477,533,541,469,ITF,ITF5,17,Basilicata,Basilicata,559084,245669,43.94,0.18
1125,2021-03-31,BAS,3096,1259,1837,2314,782,ITF,ITF5,17,Basilicata,Basilicata,559084,248765,44.5,0.55
1126,2021-06-05,BAS,4796,2206,2590,3853,943,ITF,ITF5,17,Basilicata,Basilicata,559084,253561,45.35,0.86
1127,2021-02-23,BAS,1901,771,1130,1763,138,ITF,ITF5,17,Basilicata,Basilicata,559084,255462,45.69,0.34
1128,2021-01-31,BAS,77,24,53,0,77,ITF,ITF5,17,Basilicata,Basilicata,559084,255539,45.71,0.01
1129,2021-01-12,BAS,217,88,129,217,0,ITF,ITF5,17,Basilicata,Basilicata,559084,255756,45.75,0.04
1130,2021-05-10,BAS,4805,2383,2422,2763,2042,ITF,ITF5,17,Basilicata,Basilicata,559084,260561,46.6,0.86
1131,2021-01-23,BAS,720,303,417,33,687,ITF,ITF5,17,Basilicata,Basilicata,559084,261281,46.73,0.13
1132,2021-05-03,BAS,4514,2043,2471,3687,827,ITF,ITF5,17,Basilicata,Basilicata,559084,265795,47.54,0.81
1133,2021-02-09,BAS,491,213,278,316,175,ITF,ITF5,17,Basilicata,Basilicata,559084,266286,47.63,0.09
1134,2021-03-28,BAS,2144,743,1401,2127,17,ITF,ITF5,17,Basilicata,Basilicata,559084,268430,48.01,0.38
1135,2021-03-11,BAS,1794,928,866,835,959,ITF,ITF5,17,Basilicata,Basilicata,559084,270224,48.33,0.32
1136,2021-05-05,BAS,4334,2048,2286,3444,890,ITF,ITF5,17,Basilicata,Basilicata,559084,274558,49.11,0.78
1137,2021-03-09,BAS,1400,713,687,794,606,ITF,ITF5,17,Basilicata,Basilicata,559084,275958,49.36,0.25
1138,2021-01-25,BAS,1024,429,595,74,950,ITF,ITF5,17,Basilicata,Basilicata,559084,276982,49.54,0.18
1139,2021-01-11,BAS,183,66,117,183,0,ITF,ITF5,17,Basilicata,Basilicata,559084,277165,49.57,0.03
1140,2021-04-07,BAS,1210,550,660,1172,38,ITF,ITF5,17,Basilicata,Basilicata,559084,278375,49.79,0.22
1141,2021-04-25,BAS,2985,1457,1528,2933,52,ITF,ITF5,17,Basilicata,Basilicata,559084,281360,50.33,0.53
1142,2021-05-12,BAS,4724,2327,2397,2842,1882,ITF,ITF5,17,Basilicata,Basilicata,559084,286084,51.17,0.84
1143,2021-04-06,BAS,1267,461,806,1082,185,ITF,ITF5,17,Basilicata,Basilicata,559084,287351,51.4,0.23
1144,2021-06-14,BAS,4815,2151,2664,2104,2711,ITF,ITF5,17,Basilicata,Basilicata,559084,292166,52.26,0.86
1145,2021-03-23,BAS,1592,611,981,1422,170,ITF,ITF5,17,Basilicata,Basilicata,559084,293758,52.54,0.28
1146,2021-02-01,BAS,242,91,151,46,196,ITF,ITF5,17,Basilicata,Basilicata,559084,294000,52.59,0.04
1147,2021-05-26,BAS,4489,2260,2229,1707,2782,ITF,ITF5,17,Basilicata,Basilicata,559084,298489,53.39,0.8
1148,2021-02-21,BAS,284,113,171,284,0,ITF,ITF5,17,Basilicata,Basilicata,559084,298773,53.44,0.05
1149,2021-03-07,BAS,889,309,580,851,38,ITF,ITF5,17,Basilicata,Basilicata,559084,299662,53.6,0.16
1150,2021-01-09,BAS,557,160,397,557,0,ITF,ITF5,17,Basilicata,Basilicata,559084,300219,53.7,0.1
1151,2021-05-07,BAS,4649,2284,2365,3295,1354,ITF,ITF5,17,Basilicata,Basilicata,559084,304868,54.53,0.83
1152,2021-05-14,BAS,5909,2799,3110,3376,2533,ITF,ITF5,17,Basilicata,Basilicata,559084,310777,55.59,1.06
1153,2021-03-18,BAS,1350,564,786,25,1325,ITF,ITF5,17,Basilicata,Basilicata,559084,312127,55.83,0.24
1154,2021-06-03,BAS,4918,2255,2663,3737,1181,ITF,ITF5,17,Basilicata,Basilicata,559084,317045,56.71,0.88
1155,2021-03-12,BAS,1905,980,925,805,1100,ITF,ITF5,17,Basilicata,Basilicata,559084,318950,57.05,0.34
1156,2021-05-17,BAS,5539,2733,2806,3405,2134,ITF,ITF5,17,Basilicata,Basilicata,559084,324489,58.04,0.99
1157,2021-02-08,BAS,557,193,364,151,406,ITF,ITF5,17,Basilicata,Basilicata,559084,325046,58.14,0.1
1158,2021-05-19,BAS,2869,1497,1372,1193,1676,ITF,ITF5,17,Basilicata,Basilicata,559084,327915,58.65,0.51
1159,2021-02-25,BAS,1787,736,1051,1741,46,ITF,ITF5,17,Basilicata,Basilicata,559084,329702,58.97,0.32
1160,2021-02-13,BAS,799,313,486,738,61,ITF,ITF5,17,Basilicata,Basilicata,559084,330501,59.11,0.14
1161,2021-05-24,BAS,4907,2388,2519,1177,3730,ITF,ITF5,17,Basilicata,Basilicata,559084,335408,59.99,0.88
1162,2021-06-02,BAS,5959,2804,3155,4416,1543,ITF,ITF5,17,Basilicata,Basilicata,559084,341367,61.06,1.07
1163,2021-04-18,BAS,3719,1846,1873,2352,1367,ITF,ITF5,17,Basilicata,Basilicata,559084,345086,61.72,0.67
1164,2021-02-20,BAS,1163,532,631,1044,119,ITF,ITF5,17,Basilicata,Basilicata,559084,346249,61.93,0.21
1165,2021-05-31,BAS,4228,2009,2219,1721,2507,ITF,ITF5,17,Basilicata,Basilicata,559084,350477,62.69,0.76
1166,2021-02-18,BAS,1070,401,669,855,215,ITF,ITF5,17,Basilicata,Basilicata,559084,351547,62.88,0.19
1167,2021-03-30,BAS,2740,1157,1583,2395,345,ITF,ITF5,17,Basilicata,Basilicata,559084,354287,63.37,0.49
1168,2021-01-06,BAS,294,129,165,294,0,ITF,ITF5,17,Basilicata,Basilicata,559084,354581,63.42,0.05
1169,2021-04-16,BAS,3319,1632,1687,2421,898,ITF,ITF5,17,Basilicata,Basilicata,559084,357900,64.02,0.59
1170,2021-02-06,BAS,903,367,536,146,757,ITF,ITF5,17,Basilicata,Basilicata,559084,358803,64.18,0.16
1171,2021-04-30,BAS,5284,2373,2911,4122,1162,ITF,ITF5,17,Basilicata,Basilicata,559084,364087,65.12,0.95
1172,2021-01-20,BAS,84,22,62,84,0,ITF,ITF5,17,Basilicata,Basilicata,559084,364171,65.14,0.02
1173,2021-03-21,BAS,1053,485,568,359,694,ITF,ITF5,17,Basilicata,Basilicata,559084,365224,65.33,0.19
1174,2021-05-29,BAS,3059,1534,1525,834,2225,ITF,ITF5,17,Basilicata,Basilicata,559084,368283,65.87,0.55
1175,2021-01-13,BAS,916,387,529,916,0,ITF,ITF5,17,Basilicata,Basilicata,559084,369199,66.04,0.16
1176,2021-04-23,BAS,4536,2185,2351,3536,1000,ITF,ITF5,17,Basilicata,Basilicata,559084,373735,66.85,0.81
1177,2021-01-30,BAS,705,228,477,129,576,ITF,ITF5,17,Basilicata,Basilicata,559084,374440,66.97,0.13
1178,2021-03-04,BAS,1881,892,989,1085,796,ITF,ITF5,17,Basilicata,Basilicata,559084,376321,67.31,0.34
1179,2021-06-12,BAS,3675,1687,1988,2989,686,ITF,ITF5,17,Basilicata,Basilicata,559084,379996,67.97,0.66
1180,2021-03-10,BAS,1680,842,838,841,839,ITF,ITF5,17,Basilicata,Basilicata,559084,381676,68.27,0.3
1181,2021-01-26,BAS,798,352,446,101,697,ITF,ITF5,17,Basilicata,Basilicata,559084,382474,68.41,0.14
1182,2021-05-06,BAS,5052,2435,2617,3483,1569,ITF,ITF5,17,Basilicata,Basilicata,559084,387526,69.31,0.9
1183,2021-05-15,BAS,6529,3344,3185,3957,2572,ITF,ITF5,17,Basilicata,Basilicata,559084,394055,70.48,1.17
1184,2021-04-02,BAS,2317,1046,1271,1713,604,ITF,ITF5,17,Basilicata,Basilicata,559084,396372,70.9,0.41
1185,2021-02-04,BAS,1096,442,654,63,1033,ITF,ITF5,17,Basilicata,Basilicata,559084,397468,71.09,0.2
1186,2021-02-02,BAS,367,143,224,175,192,ITF,ITF5,17,Basilicata,Basilicata,559084,397835,71.16,0.07
1187,2021-04-09,BAS,1151,350,801,1088,63,ITF,ITF5,17,Basilicata,Basilicata,559084,398986,71.36,0.21
1188,2021-02-27,BAS,1993,861,1132,1829,164,ITF,ITF5,17,Basilicata,Basilicata,559084,400979,71.72,0.36
1189,2021-06-07,BAS,4220,1912,2308,3904,316,ITF,ITF5,17,Basilicata,Basilicata,559084,405199,72.48,0.75
1190,2021-04-11,BAS,848,330,518,785,63,ITF,ITF5,17,Basilicata,Basilicata,559084,406047,72.63,0.15
1191,2021-04-04,BAS,610,225,385,197,413,ITF,ITF5,17,Basilicata,Basilicata,559084,406657,72.74,0.11
1192,2021-02-11,LIG,1979,767,1212,1103,876,ITC,ITC3,7,Liguria,Liguria,1550640,1979,0.13,0.13
1193,2021-05-22,LIG,6638,3216,3422,4960,1678,ITC,ITC3,7,Liguria,Liguria,1550640,8617,0.56,0.43
1194,2021-06-10,LIG,18118,9358,8760,12522,5596,ITC,ITC3,7,Liguria,Liguria,1550640,26735,1.72,1.17
1195,2021-03-19,LIG,5296,2234,3062,2150,3146,ITC,ITC3,7,Liguria,Liguria,1550640,32031,2.07,0.34
1196,2021-03-02,LIG,4074,1689,2385,3764,310,ITC,ITC3,7,Liguria,Liguria,1550640,36105,2.33,0.26
1197,2021-04-02,LIG,11771,5210,6561,9285,2486,ITC,ITC3,7,Liguria,Liguria,1550640,47876,3.09,0.76
1198,2021-04-21,LIG,14247,6433,7814,8920,5327,ITC,ITC3,7,Liguria,Liguria,1550640,62123,4.01,0.92
1199,2021-05-08,LIG,7529,3334,4195,2316,5213,ITC,ITC3,7,Liguria,Liguria,1550640,69652,4.49,0.49
1200,2021-06-05,LIG,8089,4115,3974,4937,3152,ITC,ITC3,7,Liguria,Liguria,1550640,77741,5.01,0.52
1201,2021-04-09,LIG,12421,5554,6867,10682,1739,ITC,ITC3,7,Liguria,Liguria,1550640,90162,5.81,0.8
1202,2021-03-31,LIG,11919,5271,6648,9149,2770,ITC,ITC3,7,Liguria,Liguria,1550640,102081,6.58,0.77
1203,2020-12-28,LIG,80,30,50,80,0,ITC,ITC3,7,Liguria,Liguria,1550640,102161,6.59,0.01
1204,2021-06-03,LIG,15462,7666,7796,9123,6339,ITC,ITC3,7,Liguria,Liguria,1550640,117623,7.59,1.0
1205,2021-04-07,LIG,13634,6071,7563,11344,2290,ITC,ITC3,7,Liguria,Liguria,1550640,131257,8.46,0.88
1206,2021-02-23,LIG,3806,1559,2247,3697,109,ITC,ITC3,7,Liguria,Liguria,1550640,135063,8.71,0.25
1207,2021-04-26,LIG,10547,4980,5567,7911,2636,ITC,ITC3,7,Liguria,Liguria,1550640,145610,9.39,0.68
1208,2021-01-16,LIG,1278,557,721,1278,0,ITC,ITC3,7,Liguria,Liguria,1550640,146888,9.47,0.08
1209,2021-02-02,LIG,2669,1005,1664,134,2535,ITC,ITC3,7,Liguria,Liguria,1550640,149557,9.64,0.17
1210,2021-04-28,LIG,14443,6519,7924,6459,7984,ITC,ITC3,7,Liguria,Liguria,1550640,164000,10.58,0.93
1211,2021-02-04,LIG,2817,986,1831,179,2638,ITC,ITC3,7,Liguria,Liguria,1550640,166817,10.76,0.18
1212,2021-05-15,LIG,7252,3234,4018,4298,2954,ITC,ITC3,7,Liguria,Liguria,1550640,174069,11.23,0.47
1213,2021-02-21,LIG,869,491,378,865,4,ITC,ITC3,7,Liguria,Liguria,1550640,174938,11.28,0.06
1214,2021-02-16,LIG,2426,956,1470,2004,422,ITC,ITC3,7,Liguria,Liguria,1550640,177364,11.44,0.16
1215,2021-05-27,LIG,16833,8622,8211,12714,4119,ITC,ITC3,7,Liguria,Liguria,1550640,194197,12.52,1.09
1216,2021-04-14,LIG,13068,5666,7402,10865,2203,ITC,ITC3,7,Liguria,Liguria,1550640,207265,13.37,0.84
1217,2021-05-29,LIG,6842,3237,3605,3972,2870,ITC,ITC3,7,Liguria,Liguria,1550640,214107,13.81,0.44
1218,2021-02-09,LIG,1936,689,1247,256,1680,ITC,ITC3,7,Liguria,Liguria,1550640,216043,13.93,0.12
1219,2021-01-28,LIG,2847,971,1876,39,2808,ITC,ITC3,7,Liguria,Liguria,1550640,218890,14.12,0.18
1220,2021-01-21,LIG,1105,385,720,674,431,ITC,ITC3,7,Liguria,Liguria,1550640,219995,14.19,0.07
1221,2021-03-14,LIG,1659,752,907,1055,604,ITC,ITC3,7,Liguria,Liguria,1550640,221654,14.29,0.11
1222,2021-05-10,LIG,12648,5639,7009,6273,6375,ITC,ITC3,7,Liguria,Liguria,1550640,234302,15.11,0.82
1223,2021-05-03,LIG,13270,5918,7352,6458,6812,ITC,ITC3,7,Liguria,Liguria,1550640,247572,15.97,0.86
1224,2021-03-21,LIG,550,220,330,69,481,ITC,ITC3,7,Liguria,Liguria,1550640,248122,16.0,0.04
1225,2021-01-23,LIG,809,295,514,153,656,ITC,ITC3,7,Liguria,Liguria,1550640,248931,16.05,0.05
1226,2021-05-17,LIG,12027,5520,6507,8703,3324,ITC,ITC3,7,Liguria,Liguria,1550640,260958,16.83,0.78
1227,2021-03-26,LIG,9314,4015,5299,6159,3155,ITC,ITC3,7,Liguria,Liguria,1550640,270272,17.43,0.6
1228,2021-01-02,LIG,691,245,446,691,0,ITC,ITC3,7,Liguria,Liguria,1550640,270963,17.47,0.04
1229,2021-06-15,LIG,16958,8250,8708,10546,6412,ITC,ITC3,7,Liguria,Liguria,1550640,287921,18.57,1.09
1230,2021-03-07,LIG,1915,1138,777,1614,301,ITC,ITC3,7,Liguria,Liguria,1550640,289836,18.69,0.12
1231,2021-02-28,LIG,1058,580,478,1049,9,ITC,ITC3,7,Liguria,Liguria,1550640,290894,18.76,0.07
1232,2021-01-09,LIG,1335,481,854,1335,0,ITC,ITC3,7,Liguria,Liguria,1550640,292229,18.85,0.09
1233,2021-04-19,LIG,12807,5613,7194,8999,3808,ITC,ITC3,7,Liguria,Liguria,1550640,305036,19.67,0.83
1234,2021-01-25,LIG,2725,888,1837,478,2247,ITC,ITC3,7,Liguria,Liguria,1550640,307761,19.85,0.18
1235,2021-05-05,LIG,13717,6135,7582,5296,8421,ITC,ITC3,7,Liguria,Liguria,1550640,321478,20.73,0.88
1236,2021-03-16,LIG,6082,2731,3351,2349,3733,ITC,ITC3,7,Liguria,Liguria,1550640,327560,21.12,0.39
1237,2021-06-14,LIG,14612,7081,7531,9215,5397,ITC,ITC3,7,Liguria,Liguria,1550640,342172,22.07,0.94
1238,2021-02-25,LIG,3457,1349,2108,3327,130,ITC,ITC3,7,Liguria,Liguria,1550640,345629,22.29,0.22
1239,2021-03-04,LIG,4738,2118,2620,3891,847,ITC,ITC3,7,Liguria,Liguria,1550640,350367,22.59,0.31
1240,2020-12-30,LIG,12,5,7,12,0,ITC,ITC3,7,Liguria,Liguria,1550640,350379,22.6,0.0
1241,2021-04-11,LIG,4247,1929,2318,3998,249,ITC,ITC3,7,Liguria,Liguria,1550640,354626,22.87,0.27
1242,2021-01-18,LIG,2137,745,1392,1980,157,ITC,ITC3,7,Liguria,Liguria,1550640,356763,23.01,0.14
1243,2021-01-30,LIG,1660,566,1094,24,1636,ITC,ITC3,7,Liguria,Liguria,1550640,358423,23.11,0.11
1244,2021-03-28,LIG,1141,511,630,390,751,ITC,ITC3,7,Liguria,Liguria,1550640,359564,23.19,0.07
1245,2021-02-06,LIG,1892,768,1124,145,1747,ITC,ITC3,7,Liguria,Liguria,1550640,361456,23.31,0.12
1246,2021-04-23,LIG,14672,6637,8035,8552,6120,ITC,ITC3,7,Liguria,Liguria,1550640,376128,24.26,0.95
1247,2021-03-11,LIG,6393,3088,3305,4387,2006,ITC,ITC3,7,Liguria,Liguria,1550640,382521,24.67,0.41
1248,2021-01-13,LIG,2754,1013,1741,2754,0,ITC,ITC3,7,Liguria,Liguria,1550640,385275,24.85,0.18
1249,2021-01-04,LIG,2615,854,1761,2615,0,ITC,ITC3,7,Liguria,Liguria,1550640,387890,25.01,0.17
1250,2021-01-14,LIG,2981,1055,1926,2981,0,ITC,ITC3,7,Liguria,Liguria,1550640,390871,25.21,0.19
1251,2021-03-12,LIG,6215,2871,3344,3745,2470,ITC,ITC3,7,Liguria,Liguria,1550640,397086,25.61,0.4
1252,2021-05-19,LIG,13570,5962,7608,10451,3119,ITC,ITC3,7,Liguria,Liguria,1550640,410656,26.48,0.88
1253,2021-03-23,LIG,9266,4218,5048,6057,3209,ITC,ITC3,7,Liguria,Liguria,1550640,419922,27.08,0.6
1254,2021-02-01,LIG,2557,922,1635,90,2467,ITC,ITC3,7,Liguria,Liguria,1550640,422479,27.25,0.16
1255,2021-05-12,LIG,12015,5442,6573,6676,5339,ITC,ITC3,7,Liguria,Liguria,1550640,434494,28.02,0.77
1256,2021-05-26,LIG,16654,8407,8247,12281,4373,ITC,ITC3,7,Liguria,Liguria,1550640,451148,29.09,1.07
1257,2021-03-30,LIG,12188,5418,6770,8800,3388,ITC,ITC3,7,Liguria,Liguria,1550640,463336,29.88,0.79
1258,2021-06-17,LIG,16102,7647,8455,10415,5687,ITC,ITC3,7,Liguria,Liguria,1550640,479438,30.92,1.04
1259,2021-06-02,LIG,8530,4342,4188,5363,3167,ITC,ITC3,7,Liguria,Liguria,1550640,487968,31.47,0.55
1260,2021-02-18,LIG,2765,1126,1639,2431,334,ITC,ITC3,7,Liguria,Liguria,1550640,490733,31.65,0.18
1261,2021-05-24,LIG,11818,5558,6260,9334,2484,ITC,ITC3,7,Liguria,Liguria,1550640,502551,32.41,0.76
1262,2021-05-07,LIG,13590,6037,7553,5798,7792,ITC,ITC3,7,Liguria,Liguria,1550640,516141,33.29,0.88
1263,2021-02-13,LIG,1080,508,572,800,280,ITC,ITC3,7,Liguria,Liguria,1550640,517221,33.36,0.07
1264,2021-06-07,LIG,15652,7642,8010,8654,6998,ITC,ITC3,7,Liguria,Liguria,1550640,532873,34.36,1.01
1265,2021-01-11,LIG,2654,989,1665,2654,0,ITC,ITC3,7,Liguria,Liguria,1550640,535527,34.54,0.17
1266,2021-01-10,LIG,648,262,386,648,0,ITC,ITC3,7,Liguria,Liguria,1550640,536175,34.58,0.04
1267,2021-04-20,LIG,14215,6505,7710,9867,4348,ITC,ITC3,7,Liguria,Liguria,1550640,550390,35.49,0.92
1268,2021-05-23,LIG,2305,1119,1186,1182,1123,ITC,ITC3,7,Liguria,Liguria,1550640,552695,35.64,0.15
1269,2021-06-12,LIG,10027,4882,5145,7875,2152,ITC,ITC3,7,Liguria,Liguria,1550640,562722,36.29,0.65
1270,2021-04-30,LIG,14396,6436,7960,5828,8568,ITC,ITC3,7,Liguria,Liguria,1550640,577118,37.22,0.93
1271,2021-03-06,LIG,3304,1842,1462,2599,705,ITC,ITC3,7,Liguria,Liguria,1550640,580422,37.43,0.21
1272,2021-01-22,LIG,1819,604,1215,1333,486,ITC,ITC3,7,Liguria,Liguria,1550640,582241,37.55,0.12
1273,2021-05-02,LIG,3879,1768,2111,506,3373,ITC,ITC3,7,Liguria,Liguria,1550640,586120,37.8,0.25
1274,2021-05-04,LIG,13619,6084,7535,5392,8227,ITC,ITC3,7,Liguria,Liguria,1550640,599739,38.68,0.88
1275,2021-05-09,LIG,2823,1245,1578,1113,1710,ITC,ITC3,7,Liguria,Liguria,1550640,602562,38.86,0.18
1276,2021-06-11,LIG,17324,8835,8489,11296,6028,ITC,ITC3,7,Liguria,Liguria,1550640,619886,39.98,1.12
1277,2021-04-15,LIG,11819,5219,6600,9967,1852,ITC,ITC3,7,Liguria,Liguria,1550640,631705,40.74,0.76
1278,2021-04-08,LIG,13723,6156,7567,11680,2043,ITC,ITC3,7,Liguria,Liguria,1550640,645428,41.62,0.88
1279,2021-06-04,LIG,14708,7231,7477,9242,5466,ITC,ITC3,7,Liguria,Liguria,1550640,660136,42.57,0.95
1280,2021-06-16,LIG,15580,7494,8086,10123,5457,ITC,ITC3,7,Liguria,Liguria,1550640,675716,43.58,1.0
1281,2021-03-08,LIG,5623,2458,3165,3934,1689,ITC,ITC3,7,Liguria,Liguria,1550640,681339,43.94,0.36
1282,2021-03-25,LIG,9763,4229,5534,6370,3393,ITC,ITC3,7,Liguria,Liguria,1550640,691102,44.57,0.63
1283,2021-01-01,LIG,144,55,89,144,0,ITC,ITC3,7,Liguria,Liguria,1550640,691246,44.58,0.01
1284,2021-04-06,LIG,13213,5888,7325,10973,2240,ITC,ITC3,7,Liguria,Liguria,1550640,704459,45.43,0.85
1285,2021-02-08,LIG,1977,741,1236,306,1671,ITC,ITC3,7,Liguria,Liguria,1550640,706436,45.56,0.13
1286,2020-12-27,LIG,135,56,79,135,0,ITC,ITC3,7,Liguria,Liguria,1550640,706571,45.57,0.01
1287,2021-02-15,LIG,2262,839,1423,1865,397,ITC,ITC3,7,Liguria,Liguria,1550640,708833,45.71,0.15
1288,2021-01-03,LIG,734,230,504,734,0,ITC,ITC3,7,Liguria,Liguria,1550640,709567,45.76,0.05
1289,2021-05-14,LIG,13104,5833,7271,8778,4326,ITC,ITC3,7,Liguria,Liguria,1550640,722671,46.6,0.85
1290,2021-05-31,LIG,14634,7325,7309,9119,5515,ITC,ITC3,7,Liguria,Liguria,1550640,737305,47.55,0.94
1291,2021-03-09,LIG,5930,2753,3177,4499,1431,ITC,ITC3,7,Liguria,Liguria,1550640,743235,47.93,0.38
1292,2021-02-20,LIG,1335,637,698,1334,1,ITC,ITC3,7,Liguria,Liguria,1550640,744570,48.02,0.09
1293,2021-05-16,LIG,3704,1860,1844,2144,1560,ITC,ITC3,7,Liguria,Liguria,1550640,748274,48.26,0.24
1294,2021-02-22,LIG,3343,1476,1867,3201,142,ITC,ITC3,7,Liguria,Liguria,1550640,751617,48.47,0.22
1295,2021-04-04,LIG,756,366,390,507,249,ITC,ITC3,7,Liguria,Liguria,1550640,752373,48.52,0.05
1296,2021-04-18,LIG,2613,1164,1449,2145,468,ITC,ITC3,7,Liguria,Liguria,1550640,754986,48.69,0.17
1297,2021-01-08,LIG,2926,999,1927,2926,0,ITC,ITC3,7,Liguria,Liguria,1550640,757912,48.88,0.19
1298,2021-01-27,LIG,1744,603,1141,141,1603,ITC,ITC3,7,Liguria,Liguria,1550640,759656,48.99,0.11
1299,2021-05-21,LIG,12837,5952,6885,9713,3124,ITC,ITC3,7,Liguria,Liguria,1550640,772493,49.82,0.83
1300,2021-02-27,LIG,1888,921,967,1759,129,ITC,ITC3,7,Liguria,Liguria,1550640,774381,49.94,0.12
1301,2021-03-27,LIG,3932,1549,2383,2537,1395,ITC,ITC3,7,Liguria,Liguria,1550640,778313,50.19,0.25
1302,2021-04-13,LIG,13076,5866,7210,11052,2024,ITC,ITC3,7,Liguria,Liguria,1550640,791389,51.04,0.84
1303,2021-05-13,LIG,13264,6069,7195,9050,4214,ITC,ITC3,7,Liguria,Liguria,1550640,804653,51.89,0.86
1304,2021-02-19,LIG,3219,1306,1913,3043,176,ITC,ITC3,7,Liguria,Liguria,1550640,807872,52.1,0.21
1305,2021-05-30,LIG,3276,1604,1672,1364,1912,ITC,ITC3,7,Liguria,Liguria,1550640,811148,52.31,0.21
1306,2021-01-07,LIG,3229,1095,2134,3229,0,ITC,ITC3,7,Liguria,Liguria,1550640,814377,52.52,0.21
1307,2021-06-13,LIG,5616,2695,2921,5163,453,ITC,ITC3,7,Liguria,Liguria,1550640,819993,52.88,0.36
1308,2021-04-17,LIG,7382,3216,4166,6632,750,ITC,ITC3,7,Liguria,Liguria,1550640,827375,53.36,0.48
1309,2021-05-01,LIG,7142,3256,3886,1342,5800,ITC,ITC3,7,Liguria,Liguria,1550640,834517,53.82,0.46
1310,2021-03-05,LIG,4869,2150,2719,3737,1132,ITC,ITC3,7,Liguria,Liguria,1550640,839386,54.13,0.31
1311,2021-06-06,LIG,3818,2033,1785,2948,870,ITC,ITC3,7,Liguria,Liguria,1550640,843204,54.38,0.25
1312,2021-04-24,LIG,8212,3793,4419,5061,3151,ITC,ITC3,7,Liguria,Liguria,1550640,851416,54.91,0.53
1313,2021-02-26,LIG,3764,1523,2241,3436,328,ITC,ITC3,7,Liguria,Liguria,1550640,855180,55.15,0.24
1314,2021-03-01,LIG,3526,1444,2082,3404,122,ITC,ITC3,7,Liguria,Liguria,1550640,858706,55.38,0.23
1315,2021-06-09,LIG,18651,9361,9290,12095,6556,ITC,ITC3,7,Liguria,Liguria,1550640,877357,56.58,1.2
1316,2021-04-03,LIG,5404,2497,2907,4461,943,ITC,ITC3,7,Liguria,Liguria,1550640,882761,56.93,0.35
1317,2021-01-24,LIG,756,237,519,113,643,ITC,ITC3,7,Liguria,Liguria,1550640,883517,56.98,0.05
1318,2021-02-12,LIG,1928,689,1239,896,1032,ITC,ITC3,7,Liguria,Liguria,1550640,885445,57.1,0.12
1319,2021-03-15,LIG,7246,3097,4149,4540,2706,ITC,ITC3,7,Liguria,Liguria,1550640,892691,57.57,0.47
1320,2021-02-17,LIG,2689,1182,1507,2263,426,ITC,ITC3,7,Liguria,Liguria,1550640,895380,57.74,0.17
1321,2021-05-28,LIG,16281,8126,8155,11746,4535,ITC,ITC3,7,Liguria,Liguria,1550640,911661,58.79,1.05
1322,2021-01-05,LIG,2878,895,1983,2878,0,ITC,ITC3,7,Liguria,Liguria,1550640,914539,58.98,0.19
1323,2021-03-03,LIG,4580,1847,2733,3554,1026,ITC,ITC3,7,Liguria,Liguria,1550640,919119,59.27,0.3
1324,2021-02-24,LIG,3764,1560,2204,3506,258,ITC,ITC3,7,Liguria,Liguria,1550640,922883,59.52,0.24
1325,2020-12-29,LIG,125,33,92,125,0,ITC,ITC3,7,Liguria,Liguria,1550640,923008,59.52,0.01
1326,2021-01-12,LIG,2459,885,1574,2459,0,ITC,ITC3,7,Liguria,Liguria,1550640,925467,59.68,0.16
1327,2021-04-22,LIG,13819,6197,7622,8747,5072,ITC,ITC3,7,Liguria,Liguria,1550640,939286,60.57,0.89
1328,2021-04-27,LIG,14748,6677,8071,7168,7580,ITC,ITC3,7,Liguria,Liguria,1550640,954034,61.53,0.95
1329,2021-02-03,LIG,2314,790,1524,55,2259,ITC,ITC3,7,Liguria,Liguria,1550640,956348,61.67,0.15
1330,2021-04-29,LIG,15550,6973,8577,6733,8817,ITC,ITC3,7,Liguria,Liguria,1550640,971898,62.68,1.0
1331,2021-04-12,LIG,12383,5475,6908,10364,2019,ITC,ITC3,7,Liguria,Liguria,1550640,984281,63.48,0.8
1332,2021-01-19,LIG,1371,438,933,1281,90,ITC,ITC3,7,Liguria,Liguria,1550640,985652,63.56,0.09
1333,2021-02-05,LIG,2674,986,1688,304,2370,ITC,ITC3,7,Liguria,Liguria,1550640,988326,63.74,0.17
1334,2021-01-29,LIG,3079,1064,2015,67,3012,ITC,ITC3,7,Liguria,Liguria,1550640,991405,63.94,0.2
1335,2021-01-20,LIG,1551,555,996,1539,12,ITC,ITC3,7,Liguria,Liguria,1550640,992956,64.04,0.1
1336,2021-04-05,LIG,3976,1751,2225,2327,1649,ITC,ITC3,7,Liguria,Liguria,1550640,996932,64.29,0.26
1337,2021-05-11,LIG,13902,6384,7518,7298,6604,ITC,ITC3,7,Liguria,Liguria,1550640,1010834,65.19,0.9
1338,2021-03-29,LIG,10547,4611,5936,7415,3132,ITC,ITC3,7,Liguria,Liguria,1550640,1021381,65.87,0.68
1339,2021-01-31,LIG,624,270,354,9,615,ITC,ITC3,7,Liguria,Liguria,1550640,1022005,65.91,0.04
1340,2021-06-01,LIG,16147,8107,8040,10784,5363,ITC,ITC3,7,Liguria,Liguria,1550640,1038152,66.95,1.04
1341,2021-06-18,LIG,4862,2414,2448,2952,1910,ITC,ITC3,7,Liguria,Liguria,1550640,1043014,67.26,0.31
1342,2021-03-10,LIG,5899,2861,3038,3993,1906,ITC,ITC3,7,Liguria,Liguria,1550640,1048913,67.64,0.38
1343,2021-03-24,LIG,9176,4030,5146,5889,3287,ITC,ITC3,7,Liguria,Liguria,1550640,1058089,68.24,0.59
1344,2020-12-31,LIG,990,353,637,990,0,ITC,ITC3,7,Liguria,Liguria,1550640,1059079,68.3,0.06
1345,2021-04-10,LIG,7882,3556,4326,6968,914,ITC,ITC3,7,Liguria,Liguria,1550640,1066961,68.81,0.51
1346,2021-01-17,LIG,862,300,562,862,0,ITC,ITC3,7,Liguria,Liguria,1550640,1067823,68.86,0.06
1347,2021-02-10,LIG,2313,836,1477,1019,1294,ITC,ITC3,7,Liguria,Liguria,1550640,1070136,69.01,0.15
1348,2021-03-18,LIG,4986,2124,2862,2007,2979,ITC,ITC3,7,Liguria,Liguria,1550640,1075122,69.33,0.32
1349,2021-04-01,LIG,12417,5509,6908,9647,2770,ITC,ITC3,7,Liguria,Liguria,1550640,1087539,70.13,0.8
1350,2021-06-08,LIG,17813,8893,8920,11201,6612,ITC,ITC3,7,Liguria,Liguria,1550640,1105352,71.28,1.15
1351,2021-03-17,LIG,5552,2368,3184,2473,3079,ITC,ITC3,7,Liguria,Liguria,1550640,1110904,71.64,0.36
1352,2021-05-06,LIG,14472,6417,8055,6172,8300,ITC,ITC3,7,Liguria,Liguria,1550640,1125376,72.57,0.93
1353,2021-01-26,LIG,2490,807,1683,19,2471,ITC,ITC3,7,Liguria,Liguria,1550640,1127866,72.74,0.16
1354,2021-04-16,LIG,11968,5281,6687,10158,1810,ITC,ITC3,7,Liguria,Liguria,1550640,1139834,73.51,0.77
1355,2021-01-06,LIG,1660,616,1044,1660,0,ITC,ITC3,7,Liguria,Liguria,1550640,1141494,73.61,0.11
1356,2021-03-20,LIG,2316,995,1321,1142,1174,ITC,ITC3,7,Liguria,Liguria,1550640,1143810,73.76,0.15
1357,2021-01-15,LIG,2256,754,1502,2256,0,ITC,ITC3,7,Liguria,Liguria,1550640,1146066,73.91,0.15
1358,2021-04-25,LIG,1936,921,1015,1521,415,ITC,ITC3,7,Liguria,Liguria,1550640,1148002,74.03,0.12
1359,2021-03-13,LIG,3849,1637,2212,2994,855,ITC,ITC3,7,Liguria,Liguria,1550640,1151851,74.28,0.25
1360,2021-02-14,LIG,233,122,111,233,0,ITC,ITC3,7,Liguria,Liguria,1550640,1152084,74.3,0.02
1361,2021-05-25,LIG,14080,6863,7217,10928,3152,ITC,ITC3,7,Liguria,Liguria,1550640,1166164,75.21,0.91
1362,2021-03-22,LIG,7741,3466,4275,4804,2937,ITC,ITC3,7,Liguria,Liguria,1550640,1173905,75.7,0.5
1363,2021-02-07,LIG,407,153,254,2,405,ITC,ITC3,7,Liguria,Liguria,1550640,1174312,75.73,0.03
1364,2021-05-18,LIG,13452,6115,7337,10167,3285,ITC,ITC3,7,Liguria,Liguria,1550640,1187764,76.6,0.87
1365,2021-05-20,LIG,12848,5964,6884,8827,4021,ITC,ITC3,7,Liguria,Liguria,1550640,1200612,77.43,0.83
1366,2021-03-23,SAR,6412,2878,3534,5334,1078,ITG,ITG2,20,Sardegna,Sardegna,1639591,6412,0.39,0.39
1367,2021-05-12,SAR,10831,5083,5748,7753,3078,ITG,ITG2,20,Sardegna,Sardegna,1639591,17243,1.05,0.66
1368,2020-12-28,SAR,65,25,40,65,0,ITG,ITG2,20,Sardegna,Sardegna,1639591,17308,1.06,0.0
1369,2021-02-11,SAR,1315,490,825,1204,111,ITG,ITG2,20,Sardegna,Sardegna,1639591,18623,1.14,0.08
1370,2021-05-24,SAR,13860,6724,7136,8479,5381,ITG,ITG2,20,Sardegna,Sardegna,1639591,32483,1.98,0.85
1371,2021-02-13,SAR,1456,565,891,1454,2,ITG,ITG2,20,Sardegna,Sardegna,1639591,33939,2.07,0.09
1372,2021-05-29,SAR,17988,8644,9344,13396,4592,ITG,ITG2,20,Sardegna,Sardegna,1639591,51927,3.17,1.1
1373,2021-02-18,SAR,1878,732,1146,1814,64,ITG,ITG2,20,Sardegna,Sardegna,1639591,53805,3.28,0.11
1374,2021-03-28,SAR,4643,1838,2805,4564,79,ITG,ITG2,20,Sardegna,Sardegna,1639591,58448,3.56,0.28
1375,2021-01-04,SAR,592,217,375,592,0,ITG,ITG2,20,Sardegna,Sardegna,1639591,59040,3.6,0.04
1376,2021-04-16,SAR,14441,6488,7953,9098,5343,ITG,ITG2,20,Sardegna,Sardegna,1639591,73481,4.48,0.88
1377,2021-01-23,SAR,60,22,38,0,60,ITG,ITG2,20,Sardegna,Sardegna,1639591,73541,4.49,0.0
1378,2021-04-09,SAR,12302,5469,6833,7950,4352,ITG,ITG2,20,Sardegna,Sardegna,1639591,85843,5.24,0.75
1379,2021-04-11,SAR,5394,2443,2951,4274,1120,ITG,ITG2,20,Sardegna,Sardegna,1639591,91237,5.56,0.33
1380,2021-06-07,SAR,12552,6138,6414,9554,2998,ITG,ITG2,20,Sardegna,Sardegna,1639591,103789,6.33,0.77
1381,2021-02-04,SAR,2271,816,1455,916,1355,ITG,ITG2,20,Sardegna,Sardegna,1639591,106060,6.47,0.14
1382,2021-04-02,SAR,8991,3548,5443,5750,3241,ITG,ITG2,20,Sardegna,Sardegna,1639591,115051,7.02,0.55
1383,2021-03-09,SAR,5546,2741,2805,4817,729,ITG,ITG2,20,Sardegna,Sardegna,1639591,120597,7.36,0.34
1384,2021-05-05,SAR,10155,4644,5511,8146,2009,ITG,ITG2,20,Sardegna,Sardegna,1639591,130752,7.97,0.62
1385,2021-03-02,SAR,3060,1640,1420,1907,1153,ITG,ITG2,20,Sardegna,Sardegna,1639591,133812,8.16,0.19
1386,2021-04-28,SAR,9024,4281,4743,5321,3703,ITG,ITG2,20,Sardegna,Sardegna,1639591,142836,8.71,0.55
1387,2021-01-18,SAR,904,326,578,780,124,ITG,ITG2,20,Sardegna,Sardegna,1639591,143740,8.77,0.06
1388,2021-03-16,SAR,4374,1949,2425,3452,922,ITG,ITG2,20,Sardegna,Sardegna,1639591,148114,9.03,0.27
1389,2021-01-16,SAR,1492,525,967,1492,0,ITG,ITG2,20,Sardegna,Sardegna,1639591,149606,9.12,0.09
1390,2021-05-19,SAR,16393,8148,8245,12746,3647,ITG,ITG2,20,Sardegna,Sardegna,1639591,165999,10.12,1.0
1391,2021-06-05,SAR,17827,8413,9414,11377,6450,ITG,ITG2,20,Sardegna,Sardegna,1639591,183826,11.21,1.09
1392,2021-02-25,SAR,2899,1255,1644,2294,605,ITG,ITG2,20,Sardegna,Sardegna,1639591,186725,11.39,0.18
1393,2021-03-14,SAR,607,376,231,607,0,ITG,ITG2,20,Sardegna,Sardegna,1639591,187332,11.43,0.04
1394,2021-04-30,SAR,11134,5301,5833,6923,4211,ITG,ITG2,20,Sardegna,Sardegna,1639591,198466,12.1,0.68
1395,2021-05-17,SAR,12127,5694,6433,9237,2890,ITG,ITG2,20,Sardegna,Sardegna,1639591,210593,12.84,0.74
1396,2021-04-23,SAR,12860,5740,7120,7385,5475,ITG,ITG2,20,Sardegna,Sardegna,1639591,223453,13.63,0.78
1397,2021-05-10,SAR,9736,4338,5398,7199,2537,ITG,ITG2,20,Sardegna,Sardegna,1639591,233189,14.22,0.59
1398,2021-01-30,SAR,3863,1392,2471,362,3501,ITG,ITG2,20,Sardegna,Sardegna,1639591,237052,14.46,0.24
1399,2021-06-14,SAR,13733,6633,7100,10124,3609,ITG,ITG2,20,Sardegna,Sardegna,1639591,250785,15.3,0.84
1400,2021-03-06,SAR,2638,1079,1559,858,1780,ITG,ITG2,20,Sardegna,Sardegna,1639591,253423,15.46,0.16
1401,2021-04-06,SAR,7457,3122,4335,5028,2429,ITG,ITG2,20,Sardegna,Sardegna,1639591,260880,15.91,0.45
1402,2020-12-27,SAR,65,34,31,65,0,ITG,ITG2,20,Sardegna,Sardegna,1639591,260945,15.92,0.0
1403,2021-04-25,SAR,4497,2269,2228,3718,779,ITG,ITG2,20,Sardegna,Sardegna,1639591,265442,16.19,0.27
1404,2021-01-15,SAR,1563,573,990,1563,0,ITG,ITG2,20,Sardegna,Sardegna,1639591,267005,16.28,0.1
1405,2021-02-01,SAR,1524,605,919,225,1299,ITG,ITG2,20,Sardegna,Sardegna,1639591,268529,16.38,0.09
1406,2021-05-09,SAR,6129,2874,3255,5203,926,ITG,ITG2,20,Sardegna,Sardegna,1639591,274658,16.75,0.37
1407,2021-05-26,SAR,14911,7652,7259,9873,5038,ITG,ITG2,20,Sardegna,Sardegna,1639591,289569,17.66,0.91
1408,2021-02-15,SAR,958,349,609,927,31,ITG,ITG2,20,Sardegna,Sardegna,1639591,290527,17.72,0.06
1409,2021-05-31,SAR,11360,5405,5955,8253,3107,ITG,ITG2,20,Sardegna,Sardegna,1639591,301887,18.41,0.69
1410,2021-04-18,SAR,5127,2225,2902,2258,2869,ITG,ITG2,20,Sardegna,Sardegna,1639591,307014,18.73,0.31
1411,2021-01-08,SAR,3258,1184,2074,3258,0,ITG,ITG2,20,Sardegna,Sardegna,1639591,310272,18.92,0.2
1412,2021-06-02,SAR,9784,4690,5094,8143,1641,ITG,ITG2,20,Sardegna,Sardegna,1639591,320056,19.52,0.6
1413,2021-04-20,SAR,10994,4993,6001,7780,3214,ITG,ITG2,20,Sardegna,Sardegna,1639591,331050,20.19,0.67
1414,2021-02-22,SAR,1639,949,690,1411,228,ITG,ITG2,20,Sardegna,Sardegna,1639591,332689,20.29,0.1
1415,2021-03-11,SAR,6419,3084,3335,5217,1202,ITG,ITG2,20,Sardegna,Sardegna,1639591,339108,20.68,0.39
1416,2021-06-04,SAR,14370,6866,7504,9819,4551,ITG,ITG2,20,Sardegna,Sardegna,1639591,353478,21.56,0.88
1417,2021-03-13,SAR,2755,1076,1679,2474,281,ITG,ITG2,20,Sardegna,Sardegna,1639591,356233,21.73,0.17
1418,2021-03-30,SAR,8778,3591,5187,6502,2276,ITG,ITG2,20,Sardegna,Sardegna,1639591,365011,22.26,0.54
1419,2021-05-07,SAR,14446,6621,7825,9945,4501,ITG,ITG2,20,Sardegna,Sardegna,1639591,379457,23.14,0.88
1420,2021-01-27,SAR,1411,496,915,79,1332,ITG,ITG2,20,Sardegna,Sardegna,1639591,380868,23.23,0.09
1421,2021-03-25,SAR,9113,3971,5142,7807,1306,ITG,ITG2,20,Sardegna,Sardegna,1639591,389981,23.79,0.56
1422,2021-05-21,SAR,21142,10363,10779,15491,5651,ITG,ITG2,20,Sardegna,Sardegna,1639591,411123,25.07,1.29
1423,2021-03-18,SAR,7257,3071,4186,5652,1605,ITG,ITG2,20,Sardegna,Sardegna,1639591,418380,25.52,0.44
1424,2021-04-04,SAR,1,0,1,0,1,ITG,ITG2,20,Sardegna,Sardegna,1639591,418381,25.52,0.0
1425,2021-06-16,SAR,17635,8273,9362,12333,5302,ITG,ITG2,20,Sardegna,Sardegna,1639591,436016,26.59,1.08
1426,2021-01-01,SAR,32,17,15,32,0,ITG,ITG2,20,Sardegna,Sardegna,1639591,436048,26.59,0.0
1427,2021-02-27,SAR,1921,647,1274,1366,555,ITG,ITG2,20,Sardegna,Sardegna,1639591,437969,26.71,0.12
1428,2021-04-21,SAR,12074,5557,6517,6541,5533,ITG,ITG2,20,Sardegna,Sardegna,1639591,450043,27.45,0.74
1429,2021-01-11,SAR,1183,505,678,1183,0,ITG,ITG2,20,Sardegna,Sardegna,1639591,451226,27.52,0.07
1430,2021-06-17,SAR,18412,8513,9899,10026,8386,ITG,ITG2,20,Sardegna,Sardegna,1639591,469638,28.64,1.12
1431,2021-01-25,SAR,590,213,377,22,568,ITG,ITG2,20,Sardegna,Sardegna,1639591,470228,28.68,0.04
1432,2021-05-16,SAR,8165,3813,4352,6005,2160,ITG,ITG2,20,Sardegna,Sardegna,1639591,478393,29.18,0.5
1433,2021-02-06,SAR,1971,698,1273,569,1402,ITG,ITG2,20,Sardegna,Sardegna,1639591,480364,29.3,0.12
1434,2021-02-23,SAR,1537,1026,511,1285,252,ITG,ITG2,20,Sardegna,Sardegna,1639591,481901,29.39,0.09
1435,2021-05-02,SAR,5886,2669,3217,5305,581,ITG,ITG2,20,Sardegna,Sardegna,1639591,487787,29.75,0.36
1436,2021-02-08,SAR,1470,533,937,856,614,ITG,ITG2,20,Sardegna,Sardegna,1639591,489257,29.84,0.09
1437,2021-06-12,SAR,125,88,37,99,26,ITG,ITG2,20,Sardegna,Sardegna,1639591,489382,29.85,0.01
1438,2021-03-04,SAR,4363,2291,2072,3107,1256,ITG,ITG2,20,Sardegna,Sardegna,1639591,493745,30.11,0.27
1439,2021-03-21,SAR,4030,1809,2221,2590,1440,ITG,ITG2,20,Sardegna,Sardegna,1639591,497775,30.36,0.25
1440,2021-01-13,SAR,573,178,395,573,0,ITG,ITG2,20,Sardegna,Sardegna,1639591,498348,30.39,0.03
1441,2021-03-20,SAR,5194,2074,3120,2917,2277,ITG,ITG2,20,Sardegna,Sardegna,1639591,503542,30.71,0.32
1442,2021-06-13,SAR,9324,4578,4746,6121,3203,ITG,ITG2,20,Sardegna,Sardegna,1639591,512866,31.28,0.57
1443,2021-01-29,SAR,2955,1069,1886,48,2907,ITG,ITG2,20,Sardegna,Sardegna,1639591,515821,31.46,0.18
1444,2021-02-20,SAR,2041,855,1186,1707,334,ITG,ITG2,20,Sardegna,Sardegna,1639591,517862,31.58,0.12
1445,2021-04-29,SAR,11117,5110,6007,6762,4355,ITG,ITG2,20,Sardegna,Sardegna,1639591,528979,32.26,0.68
1446,2021-01-10,SAR,2183,750,1433,2183,0,ITG,ITG2,20,Sardegna,Sardegna,1639591,531162,32.4,0.13
1447,2021-05-14,SAR,14025,6497,7528,10738,3287,ITG,ITG2,20,Sardegna,Sardegna,1639591,545187,33.25,0.86
1448,2021-02-03,SAR,1119,419,700,426,693,ITG,ITG2,20,Sardegna,Sardegna,1639591,546306,33.32,0.07
1449,2021-04-01,SAR,10153,4062,6091,7139,3014,ITG,ITG2,20,Sardegna,Sardegna,1639591,556459,33.94,0.62
1450,2021-02-10,SAR,1959,765,1194,1441,518,ITG,ITG2,20,Sardegna,Sardegna,1639591,558418,34.06,0.12
1451,2021-01-06,SAR,1615,549,1066,1615,0,ITG,ITG2,20,Sardegna,Sardegna,1639591,560033,34.16,0.1
1452,2021-05-18,SAR,14038,6780,7258,9502,4536,ITG,ITG2,20,Sardegna,Sardegna,1639591,574071,35.01,0.86
1453,2021-02-24,SAR,2413,1294,1119,2223,190,ITG,ITG2,20,Sardegna,Sardegna,1639591,576484,35.16,0.15
1454,2021-02-05,SAR,1897,749,1148,433,1464,ITG,ITG2,20,Sardegna,Sardegna,1639591,578381,35.28,0.12
1455,2021-04-03,SAR,4663,1802,2861,2696,1967,ITG,ITG2,20,Sardegna,Sardegna,1639591,583044,35.56,0.28
1456,2021-05-30,SAR,9726,4836,4890,7369,2357,ITG,ITG2,20,Sardegna,Sardegna,1639591,592770,36.15,0.59
1457,2021-02-19,SAR,1499,473,1026,1443,56,ITG,ITG2,20,Sardegna,Sardegna,1639591,594269,36.24,0.09
1458,2021-03-27,SAR,5735,2192,3543,5313,422,ITG,ITG2,20,Sardegna,Sardegna,1639591,600004,36.59,0.35
1459,2021-05-23,SAR,9966,4806,5160,7721,2245,ITG,ITG2,20,Sardegna,Sardegna,1639591,609970,37.2,0.61
1460,2021-02-12,SAR,2237,933,1304,2178,59,ITG,ITG2,20,Sardegna,Sardegna,1639591,612207,37.34,0.14
1461,2021-04-10,SAR,10491,4748,5743,8555,1936,ITG,ITG2,20,Sardegna,Sardegna,1639591,622698,37.98,0.64
1462,2021-01-20,SAR,210,77,133,208,2,ITG,ITG2,20,Sardegna,Sardegna,1639591,622908,37.99,0.01
1463,2021-03-29,SAR,4721,1827,2894,4132,589,ITG,ITG2,20,Sardegna,Sardegna,1639591,627629,38.28,0.29
1464,2021-04-15,SAR,11844,5538,6306,6887,4957,ITG,ITG2,20,Sardegna,Sardegna,1639591,639473,39.0,0.72
1465,2021-01-05,SAR,1327,446,881,1327,0,ITG,ITG2,20,Sardegna,Sardegna,1639591,640800,39.08,0.08
1466,2021-01-22,SAR,83,47,36,55,28,ITG,ITG2,20,Sardegna,Sardegna,1639591,640883,39.09,0.01
1467,2021-04-17,SAR,10082,4502,5580,5483,4599,ITG,ITG2,20,Sardegna,Sardegna,1639591,650965,39.7,0.61
1468,2021-05-28,SAR,17934,8686,9248,13664,4270,ITG,ITG2,20,Sardegna,Sardegna,1639591,668899,40.8,1.09
1469,2021-02-17,SAR,1407,577,830,1333,74,ITG,ITG2,20,Sardegna,Sardegna,1639591,670306,40.88,0.09
1470,2021-05-25,SAR,14324,7024,7300,8592,5732,ITG,ITG2,20,Sardegna,Sardegna,1639591,684630,41.76,0.87
1471,2021-06-11,SAR,14757,7012,7745,9230,5527,ITG,ITG2,20,Sardegna,Sardegna,1639591,699387,42.66,0.9
1472,2021-03-03,SAR,4064,2265,1799,2815,1249,ITG,ITG2,20,Sardegna,Sardegna,1639591,703451,42.9,0.25
1473,2021-03-22,SAR,3696,1497,2199,3183,513,ITG,ITG2,20,Sardegna,Sardegna,1639591,707147,43.13,0.23
1474,2021-06-06,SAR,10027,4996,5031,6375,3652,ITG,ITG2,20,Sardegna,Sardegna,1639591,717174,43.74,0.61
1475,2021-04-14,SAR,8252,3903,4349,7014,1238,ITG,ITG2,20,Sardegna,Sardegna,1639591,725426,44.24,0.5
1476,2021-05-01,SAR,9908,4762,5146,5451,4457,ITG,ITG2,20,Sardegna,Sardegna,1639591,735334,44.85,0.6
1477,2021-01-07,SAR,3112,1077,2035,3112,0,ITG,ITG2,20,Sardegna,Sardegna,1639591,738446,45.04,0.19
1478,2021-06-10,SAR,17809,8478,9331,11774,6035,ITG,ITG2,20,Sardegna,Sardegna,1639591,756255,46.12,1.09
1479,2020-12-31,SAR,32,16,16,32,0,ITG,ITG2,20,Sardegna,Sardegna,1639591,756287,46.13,0.0
1480,2021-01-28,SAR,2971,1045,1926,69,2902,ITG,ITG2,20,Sardegna,Sardegna,1639591,759258,46.31,0.18
1481,2021-05-27,SAR,17454,8972,8482,12250,5204,ITG,ITG2,20,Sardegna,Sardegna,1639591,776712,47.37,1.06
1482,2021-02-16,SAR,700,289,411,673,27,ITG,ITG2,20,Sardegna,Sardegna,1639591,777412,47.41,0.04
1483,2021-03-05,SAR,5211,2605,2606,2857,2354,ITG,ITG2,20,Sardegna,Sardegna,1639591,782623,47.73,0.32
1484,2021-03-19,SAR,7271,3051,4220,5056,2215,ITG,ITG2,20,Sardegna,Sardegna,1639591,789894,48.18,0.44
1485,2021-04-07,SAR,13544,6052,7492,7896,5648,ITG,ITG2,20,Sardegna,Sardegna,1639591,803438,49.0,0.83
1486,2021-04-24,SAR,10366,4851,5515,8030,2336,ITG,ITG2,20,Sardegna,Sardegna,1639591,813804,49.63,0.63
1487,2021-01-14,SAR,1105,426,679,1105,0,ITG,ITG2,20,Sardegna,Sardegna,1639591,814909,49.7,0.07
1488,2021-04-12,SAR,6994,3182,3812,5276,1718,ITG,ITG2,20,Sardegna,Sardegna,1639591,821903,50.13,0.43
1489,2021-01-02,SAR,60,21,39,60,0,ITG,ITG2,20,Sardegna,Sardegna,1639591,821963,50.13,0.0
1490,2021-06-08,SAR,14811,7064,7747,11320,3491,ITG,ITG2,20,Sardegna,Sardegna,1639591,836774,51.04,0.9
1491,2021-02-28,SAR,368,169,199,142,226,ITG,ITG2,20,Sardegna,Sardegna,1639591,837142,51.06,0.02
1492,2021-04-26,SAR,6823,3265,3558,5947,876,ITG,ITG2,20,Sardegna,Sardegna,1639591,843965,51.47,0.42
1493,2021-06-01,SAR,14316,6652,7664,9728,4588,ITG,ITG2,20,Sardegna,Sardegna,1639591,858281,52.35,0.87
1494,2021-02-21,SAR,1589,710,879,1559,30,ITG,ITG2,20,Sardegna,Sardegna,1639591,859870,52.44,0.1
1495,2021-04-19,SAR,10192,4620,5572,8762,1430,ITG,ITG2,20,Sardegna,Sardegna,1639591,870062,53.07,0.62
1496,2021-01-09,SAR,4026,1417,2609,4026,0,ITG,ITG2,20,Sardegna,Sardegna,1639591,874088,53.31,0.25
1497,2021-06-15,SAR,10530,4869,5661,7316,3214,ITG,ITG2,20,Sardegna,Sardegna,1639591,884618,53.95,0.64
1498,2021-03-07,SAR,1657,750,907,1117,540,ITG,ITG2,20,Sardegna,Sardegna,1639591,886275,54.05,0.1
1499,2021-01-03,SAR,90,36,54,90,0,ITG,ITG2,20,Sardegna,Sardegna,1639591,886365,54.06,0.01
1500,2021-03-31,SAR,10272,4163,6109,7824,2448,ITG,ITG2,20,Sardegna,Sardegna,1639591,896637,54.69,0.63
1501,2021-04-27,SAR,7614,3550,4064,5572,2042,ITG,ITG2,20,Sardegna,Sardegna,1639591,904251,55.15,0.46
1502,2021-01-17,SAR,860,277,583,859,1,ITG,ITG2,20,Sardegna,Sardegna,1639591,905111,55.2,0.05
1503,2021-03-15,SAR,2798,1318,1480,2425,373,ITG,ITG2,20,Sardegna,Sardegna,1639591,907909,55.37,0.17
1504,2021-03-26,SAR,8434,3489,4945,6908,1526,ITG,ITG2,20,Sardegna,Sardegna,1639591,916343,55.89,0.51
1505,2021-05-22,SAR,24771,11927,12844,19674,5097,ITG,ITG2,20,Sardegna,Sardegna,1639591,941114,57.4,1.51
1506,2021-01-19,SAR,747,270,477,692,55,ITG,ITG2,20,Sardegna,Sardegna,1639591,941861,57.44,0.05
1507,2021-03-17,SAR,6559,2851,3708,4952,1607,ITG,ITG2,20,Sardegna,Sardegna,1639591,948420,57.84,0.4
1508,2021-03-24,SAR,7409,3108,4301,6050,1359,ITG,ITG2,20,Sardegna,Sardegna,1639591,955829,58.3,0.45
1509,2021-01-21,SAR,126,60,66,94,32,ITG,ITG2,20,Sardegna,Sardegna,1639591,955955,58.3,0.01
1510,2021-02-07,SAR,1117,395,722,228,889,ITG,ITG2,20,Sardegna,Sardegna,1639591,957072,58.37,0.07
1511,2021-05-03,SAR,8184,3819,4365,6588,1596,ITG,ITG2,20,Sardegna,Sardegna,1639591,965256,58.87,0.5
1512,2021-05-20,SAR,15927,7566,8361,11307,4620,ITG,ITG2,20,Sardegna,Sardegna,1639591,981183,59.84,0.97
1513,2021-02-09,SAR,2287,837,1450,1290,997,ITG,ITG2,20,Sardegna,Sardegna,1639591,983470,59.98,0.14
1514,2021-02-26,SAR,2801,1109,1692,2495,306,ITG,ITG2,20,Sardegna,Sardegna,1639591,986271,60.15,0.17
1515,2021-06-03,SAR,16344,7607,8737,10699,5645,ITG,ITG2,20,Sardegna,Sardegna,1639591,1002615,61.15,1.0
1516,2021-03-12,SAR,5979,2621,3358,4671,1308,ITG,ITG2,20,Sardegna,Sardegna,1639591,1008594,61.51,0.36
1517,2021-04-08,SAR,13441,5936,7505,8321,5120,ITG,ITG2,20,Sardegna,Sardegna,1639591,1022035,62.33,0.82
1518,2020-12-29,SAR,57,32,25,57,0,ITG,ITG2,20,Sardegna,Sardegna,1639591,1022092,62.34,0.0
1519,2021-04-22,SAR,10503,4659,5844,5584,4919,ITG,ITG2,20,Sardegna,Sardegna,1639591,1032595,62.98,0.64
1520,2021-01-12,SAR,865,408,457,865,0,ITG,ITG2,20,Sardegna,Sardegna,1639591,1033460,63.03,0.05
1521,2021-05-11,SAR,8786,4064,4722,6439,2347,ITG,ITG2,20,Sardegna,Sardegna,1639591,1042246,63.57,0.54
1522,2021-01-31,SAR,2121,750,1371,48,2073,ITG,ITG2,20,Sardegna,Sardegna,1639591,1044367,63.7,0.13
1523,2021-02-14,SAR,539,263,276,537,2,ITG,ITG2,20,Sardegna,Sardegna,1639591,1044906,63.73,0.03
1524,2021-04-05,SAR,2036,784,1252,2035,1,ITG,ITG2,20,Sardegna,Sardegna,1639591,1046942,63.85,0.12
1525,2021-04-13,SAR,7608,3594,4014,5781,1827,ITG,ITG2,20,Sardegna,Sardegna,1639591,1054550,64.32,0.46
1526,2021-06-09,SAR,15455,7360,8095,11719,3736,ITG,ITG2,20,Sardegna,Sardegna,1639591,1070005,65.26,0.94
1527,2021-03-08,SAR,4678,2424,2254,3458,1220,ITG,ITG2,20,Sardegna,Sardegna,1639591,1074683,65.55,0.29
1528,2021-05-04,SAR,9538,4386,5152,7685,1853,ITG,ITG2,20,Sardegna,Sardegna,1639591,1084221,66.13,0.58
1529,2021-01-24,SAR,90,34,56,5,85,ITG,ITG2,20,Sardegna,Sardegna,1639591,1084311,66.13,0.01
1530,2021-06-18,SAR,5170,2358,2812,2412,2758,ITG,ITG2,20,Sardegna,Sardegna,1639591,1089481,66.45,0.32
1531,2021-03-10,SAR,6049,2952,3097,5199,850,ITG,ITG2,20,Sardegna,Sardegna,1639591,1095530,66.82,0.37
1532,2021-05-06,SAR,12952,6011,6941,9806,3146,ITG,ITG2,20,Sardegna,Sardegna,1639591,1108482,67.61,0.79
1533,2021-03-01,SAR,2267,1155,1112,1608,659,ITG,ITG2,20,Sardegna,Sardegna,1639591,1110749,67.75,0.14
1534,2021-05-13,SAR,11583,5438,6145,8539,3044,ITG,ITG2,20,Sardegna,Sardegna,1639591,1122332,68.45,0.71
1535,2021-02-02,SAR,1498,669,829,257,1241,ITG,ITG2,20,Sardegna,Sardegna,1639591,1123830,68.54,0.09
1536,2021-05-15,SAR,13784,6425,7359,10351,3433,ITG,ITG2,20,Sardegna,Sardegna,1639591,1137614,69.38,0.84
1537,2021-01-26,SAR,1336,453,883,27,1309,ITG,ITG2,20,Sardegna,Sardegna,1639591,1138950,69.47,0.08
1538,2021-05-08,SAR,13087,5970,7117,10798,2289,ITG,ITG2,20,Sardegna,Sardegna,1639591,1152037,70.26,0.8
1539,2021-06-07,SIC,49491,23343,26148,41613,7878,ITG,ITG1,19,Sicilia,Sicilia,4999891,49491,0.99,0.99
1540,2021-01-25,SIC,7413,3672,3741,296,7117,ITG,ITG1,19,Sicilia,Sicilia,4999891,56904,1.14,0.15
1541,2021-05-05,SIC,26237,12183,14054,16671,9566,ITG,ITG1,19,Sicilia,Sicilia,4999891,83141,1.66,0.52
1542,2021-05-19,SIC,42615,20610,22005,28316,14299,ITG,ITG1,19,Sicilia,Sicilia,4999891,125756,2.52,0.85
1543,2021-03-16,SIC,9559,4277,5282,3623,5936,ITG,ITG1,19,Sicilia,Sicilia,4999891,135315,2.71,0.19
1544,2021-01-30,SIC,7626,3496,4130,167,7459,ITG,ITG1,19,Sicilia,Sicilia,4999891,142941,2.86,0.15
1545,2021-03-28,SIC,10953,5137,5816,6943,4010,ITG,ITG1,19,Sicilia,Sicilia,4999891,153894,3.08,0.22
1546,2021-04-04,SIC,6824,3325,3499,5532,1292,ITG,ITG1,19,Sicilia,Sicilia,4999891,160718,3.21,0.14
1547,2021-05-31,SIC,37850,17020,20830,21568,16282,ITG,ITG1,19,Sicilia,Sicilia,4999891,198568,3.97,0.76
1548,2021-02-18,SIC,5276,3100,2176,4847,429,ITG,ITG1,19,Sicilia,Sicilia,4999891,203844,4.08,0.11
1549,2021-02-13,SIC,2977,1122,1855,2722,255,ITG,ITG1,19,Sicilia,Sicilia,4999891,206821,4.14,0.06
1550,2021-05-24,SIC,35651,17263,18388,15702,19949,ITG,ITG1,19,Sicilia,Sicilia,4999891,242472,4.85,0.71
1551,2021-05-17,SIC,31905,15377,16528,19228,12677,ITG,ITG1,19,Sicilia,Sicilia,4999891,274377,5.49,0.64
1552,2021-03-21,SIC,15218,7341,7877,11248,3970,ITG,ITG1,19,Sicilia,Sicilia,4999891,289595,5.79,0.3
1553,2021-02-06,SIC,4688,2089,2599,1464,3224,ITG,ITG1,19,Sicilia,Sicilia,4999891,294283,5.89,0.09
1554,2021-02-04,SIC,6695,3047,3648,1452,5243,ITG,ITG1,19,Sicilia,Sicilia,4999891,300978,6.02,0.13
1555,2021-03-02,SIC,14664,6303,8361,11892,2772,ITG,ITG1,19,Sicilia,Sicilia,4999891,315642,6.31,0.29
1556,2021-01-04,SIC,8246,4118,4128,8246,0,ITG,ITG1,19,Sicilia,Sicilia,4999891,323888,6.48,0.16
1557,2021-01-18,SIC,1439,584,855,1289,150,ITG,ITG1,19,Sicilia,Sicilia,4999891,325327,6.51,0.03
1558,2021-04-28,SIC,29157,13678,15479,20130,9027,ITG,ITG1,19,Sicilia,Sicilia,4999891,354484,7.09,0.58
1559,2021-02-23,SIC,8737,4626,4111,8219,518,ITG,ITG1,19,Sicilia,Sicilia,4999891,363221,7.26,0.17
1560,2021-03-09,SIC,13082,5701,7381,10883,2199,ITG,ITG1,19,Sicilia,Sicilia,4999891,376303,7.53,0.26
1561,2021-01-11,SIC,5758,2534,3224,5758,0,ITG,ITG1,19,Sicilia,Sicilia,4999891,382061,7.64,0.12
1562,2021-04-23,SIC,28597,13702,14895,22783,5814,ITG,ITG1,19,Sicilia,Sicilia,4999891,410658,8.21,0.57
1563,2021-04-30,SIC,34915,16303,18612,23936,10979,ITG,ITG1,19,Sicilia,Sicilia,4999891,445573,8.91,0.7
1564,2021-03-04,SIC,15072,6570,8502,10954,4118,ITG,ITG1,19,Sicilia,Sicilia,4999891,460645,9.21,0.3
1565,2021-06-12,SIC,44298,21672,22626,38524,5774,ITG,ITG1,19,Sicilia,Sicilia,4999891,504943,10.1,0.89
1566,2021-04-11,SIC,15349,7580,7769,8319,7030,ITG,ITG1,19,Sicilia,Sicilia,4999891,520292,10.41,0.31
1567,2020-12-30,SIC,181,106,75,181,0,ITG,ITG1,19,Sicilia,Sicilia,4999891,520473,10.41,0.0
1568,2021-01-16,SIC,2462,1102,1360,2462,0,ITG,ITG1,19,Sicilia,Sicilia,4999891,522935,10.46,0.05
1569,2021-04-09,SIC,20267,9875,10392,11192,9075,ITG,ITG1,19,Sicilia,Sicilia,4999891,543202,10.86,0.41
1570,2021-03-23,SIC,20826,10005,10821,15312,5514,ITG,ITG1,19,Sicilia,Sicilia,4999891,564028,11.28,0.42
1571,2020-12-28,SIC,211,126,85,211,0,ITG,ITG1,19,Sicilia,Sicilia,4999891,564239,11.29,0.0
1572,2021-02-25,SIC,9866,5155,4711,8703,1163,ITG,ITG1,19,Sicilia,Sicilia,4999891,574105,11.48,0.2
1573,2021-06-05,SIC,59870,28460,31410,49299,10571,ITG,ITG1,19,Sicilia,Sicilia,4999891,633975,12.68,1.2
1574,2021-03-14,SIC,8773,3927,4846,4937,3836,ITG,ITG1,19,Sicilia,Sicilia,4999891,642748,12.86,0.18
1575,2021-02-11,SIC,5235,2060,3175,4774,461,ITG,ITG1,19,Sicilia,Sicilia,4999891,647983,12.96,0.1
1576,2021-02-27,SIC,12238,5502,6736,11034,1204,ITG,ITG1,19,Sicilia,Sicilia,4999891,660221,13.2,0.24
1577,2021-02-08,SIC,3882,1678,2204,2129,1753,ITG,ITG1,19,Sicilia,Sicilia,4999891,664103,13.28,0.08
1578,2021-01-22,SIC,1252,631,621,243,1009,ITG,ITG1,19,Sicilia,Sicilia,4999891,665355,13.31,0.03
1579,2021-01-08,SIC,8105,3776,4329,8105,0,ITG,ITG1,19,Sicilia,Sicilia,4999891,673460,13.47,0.16
1580,2021-04-18,SIC,19706,9849,9857,15346,4360,ITG,ITG1,19,Sicilia,Sicilia,4999891,693166,13.86,0.39
1581,2021-06-04,SIC,57587,26624,30963,45784,11803,ITG,ITG1,19,Sicilia,Sicilia,4999891,750753,15.02,1.15
1582,2021-04-06,SIC,17682,8462,9220,13400,4282,ITG,ITG1,19,Sicilia,Sicilia,4999891,768435,15.37,0.35
1583,2021-02-22,SIC,7888,4091,3797,7398,490,ITG,ITG1,19,Sicilia,Sicilia,4999891,776323,15.53,0.16
1584,2020-12-27,SIC,92,55,37,92,0,ITG,ITG1,19,Sicilia,Sicilia,4999891,776415,15.53,0.0
1585,2021-06-02,SIC,35246,16287,18959,27475,7771,ITG,ITG1,19,Sicilia,Sicilia,4999891,811661,16.23,0.7
1586,2021-03-01,SIC,12691,6012,6679,11037,1654,ITG,ITG1,19,Sicilia,Sicilia,4999891,824352,16.49,0.25
1587,2021-05-12,SIC,36736,17302,19434,21873,14863,ITG,ITG1,19,Sicilia,Sicilia,4999891,861088,17.22,0.73
1588,2021-04-08,SIC,16574,8208,8366,8121,8453,ITG,ITG1,19,Sicilia,Sicilia,4999891,877662,17.55,0.33
1589,2021-02-20,SIC,7140,3693,3447,6898,242,ITG,ITG1,19,Sicilia,Sicilia,4999891,884802,17.7,0.14
1590,2021-02-03,SIC,5920,2777,3143,721,5199,ITG,ITG1,19,Sicilia,Sicilia,4999891,890722,17.81,0.12
1591,2021-04-27,SIC,26249,12642,13607,15524,10725,ITG,ITG1,19,Sicilia,Sicilia,4999891,916971,18.34,0.52
1592,2021-05-14,SIC,52014,24374,27640,36321,15693,ITG,ITG1,19,Sicilia,Sicilia,4999891,968985,19.38,1.04
1593,2021-05-07,SIC,36520,17251,19269,24935,11585,ITG,ITG1,19,Sicilia,Sicilia,4999891,1005505,20.11,0.73
1594,2021-03-11,SIC,15339,6620,8719,12969,2370,ITG,ITG1,19,Sicilia,Sicilia,4999891,1020844,20.42,0.31
1595,2021-01-27,SIC,7280,3711,3569,178,7102,ITG,ITG1,19,Sicilia,Sicilia,4999891,1028124,20.56,0.15
1596,2021-01-13,SIC,5121,2422,2699,5121,0,ITG,ITG1,19,Sicilia,Sicilia,4999891,1033245,20.67,0.1
1597,2021-01-20,SIC,790,403,387,531,259,ITG,ITG1,19,Sicilia,Sicilia,4999891,1034035,20.68,0.02
1598,2021-03-18,SIC,15284,7664,7620,9788,5496,ITG,ITG1,19,Sicilia,Sicilia,4999891,1049319,20.99,0.31
1599,2021-01-01,SIC,817,437,380,817,0,ITG,ITG1,19,Sicilia,Sicilia,4999891,1050136,21.0,0.02
1600,2021-04-20,SIC,19063,9002,10061,13815,5248,ITG,ITG1,19,Sicilia,Sicilia,4999891,1069199,21.38,0.38
1601,2021-05-16,SIC,33132,16135,16997,21810,11322,ITG,ITG1,19,Sicilia,Sicilia,4999891,1102331,22.05,0.66
1602,2021-05-02,SIC,24601,11427,13174,18001,6600,ITG,ITG1,19,Sicilia,Sicilia,4999891,1126932,22.54,0.49
1603,2021-03-20,SIC,18573,8967,9606,13436,5137,ITG,ITG1,19,Sicilia,Sicilia,4999891,1145505,22.91,0.37
1604,2021-06-16,SIC,39378,18347,21031,20956,18422,ITG,ITG1,19,Sicilia,Sicilia,4999891,1184883,23.7,0.79
1605,2021-03-25,SIC,20339,9452,10887,14874,5465,ITG,ITG1,19,Sicilia,Sicilia,4999891,1205222,24.1,0.41
1606,2021-03-06,SIC,12638,5058,7580,9856,2782,ITG,ITG1,19,Sicilia,Sicilia,4999891,1217860,24.36,0.25
1607,2021-06-14,SIC,42264,20109,22155,27583,14681,ITG,ITG1,19,Sicilia,Sicilia,4999891,1260124,25.2,0.85
1608,2021-05-28,SIC,51188,22949,28239,24717,26471,ITG,ITG1,19,Sicilia,Sicilia,4999891,1311312,26.23,1.02
1609,2021-04-16,SIC,28554,14334,14220,20286,8268,ITG,ITG1,19,Sicilia,Sicilia,4999891,1339866,26.8,0.57
1610,2021-01-23,SIC,4408,2270,2138,209,4199,ITG,ITG1,19,Sicilia,Sicilia,4999891,1344274,26.89,0.09
1611,2021-01-06,SIC,6233,3281,2952,6233,0,ITG,ITG1,19,Sicilia,Sicilia,4999891,1350507,27.01,0.12
1612,2021-04-02,SIC,13852,6531,7321,9119,4733,ITG,ITG1,19,Sicilia,Sicilia,4999891,1364359,27.29,0.28
1613,2021-02-10,SIC,4355,1777,2578,3973,382,ITG,ITG1,19,Sicilia,Sicilia,4999891,1368714,27.37,0.09
1614,2021-05-21,SIC,45757,21572,24185,24373,21384,ITG,ITG1,19,Sicilia,Sicilia,4999891,1414471,28.29,0.92
1615,2021-04-01,SIC,14250,6613,7637,9586,4664,ITG,ITG1,19,Sicilia,Sicilia,4999891,1428721,28.58,0.29
1616,2021-03-30,SIC,14512,6750,7762,9749,4763,ITG,ITG1,19,Sicilia,Sicilia,4999891,1443233,28.87,0.29
1617,2021-03-13,SIC,12208,5386,6822,7717,4491,ITG,ITG1,19,Sicilia,Sicilia,4999891,1455441,29.11,0.24
1618,2021-04-17,SIC,26034,13154,12880,18968,7066,ITG,ITG1,19,Sicilia,Sicilia,4999891,1481475,29.63,0.52
1619,2021-03-17,SIC,14878,7353,7525,9187,5691,ITG,ITG1,19,Sicilia,Sicilia,4999891,1496353,29.93,0.3
1620,2021-06-06,SIC,49496,23905,25591,41676,7820,ITG,ITG1,19,Sicilia,Sicilia,4999891,1545849,30.92,0.99
1621,2021-02-26,SIC,11883,5811,6072,10202,1681,ITG,ITG1,19,Sicilia,Sicilia,4999891,1557732,31.16,0.24
1622,2021-06-09,SIC,48998,23317,25681,41920,7078,ITG,ITG1,19,Sicilia,Sicilia,4999891,1606730,32.14,0.98
1623,2021-01-19,SIC,1446,638,808,1227,219,ITG,ITG1,19,Sicilia,Sicilia,4999891,1608176,32.16,0.03
1624,2021-06-11,SIC,48001,22873,25128,40515,7486,ITG,ITG1,19,Sicilia,Sicilia,4999891,1656177,33.12,0.96
1625,2021-04-29,SIC,31570,14772,16798,22235,9335,ITG,ITG1,19,Sicilia,Sicilia,4999891,1687747,33.76,0.63
1626,2021-03-03,SIC,14419,6431,7988,11356,3063,ITG,ITG1,19,Sicilia,Sicilia,4999891,1702166,34.04,0.29
1627,2021-02-07,SIC,2327,984,1343,674,1653,ITG,ITG1,19,Sicilia,Sicilia,4999891,1704493,34.09,0.05
1628,2021-05-18,SIC,36069,17343,18726,23561,12508,ITG,ITG1,19,Sicilia,Sicilia,4999891,1740562,34.81,0.72
1629,2021-05-25,SIC,33397,15281,18116,14098,19299,ITG,ITG1,19,Sicilia,Sicilia,4999891,1773959,35.48,0.67
1630,2021-03-29,SIC,14978,7058,7920,10481,4497,ITG,ITG1,19,Sicilia,Sicilia,4999891,1788937,35.78,0.3
1631,2021-01-15,SIC,4729,2059,2670,4729,0,ITG,ITG1,19,Sicilia,Sicilia,4999891,1793666,35.87,0.09
1632,2021-04-25,SIC,21351,10183,11168,16375,4976,ITG,ITG1,19,Sicilia,Sicilia,4999891,1815017,36.3,0.43
1633,2021-02-01,SIC,5889,2615,3274,293,5596,ITG,ITG1,19,Sicilia,Sicilia,4999891,1820906,36.42,0.12
1634,2021-03-22,SIC,16569,7831,8738,11208,5361,ITG,ITG1,19,Sicilia,Sicilia,4999891,1837475,36.75,0.33
1635,2020-12-29,SIC,241,150,91,241,0,ITG,ITG1,19,Sicilia,Sicilia,4999891,1837716,36.76,0.0
1636,2021-06-13,SIC,33480,16638,16842,29995,3485,ITG,ITG1,19,Sicilia,Sicilia,4999891,1871196,37.42,0.67
1637,2021-05-09,SIC,28077,13136,14941,19808,8269,ITG,ITG1,19,Sicilia,Sicilia,4999891,1899273,37.99,0.56
1638,2021-02-05,SIC,6741,2979,3762,2125,4616,ITG,ITG1,19,Sicilia,Sicilia,4999891,1906014,38.12,0.13
1639,2021-04-03,SIC,16393,7803,8590,13557,2836,ITG,ITG1,19,Sicilia,Sicilia,4999891,1922407,38.45,0.33
1640,2021-03-27,SIC,15588,7352,8236,10736,4852,ITG,ITG1,19,Sicilia,Sicilia,4999891,1937995,38.76,0.31
1641,2021-01-29,SIC,9122,4228,4894,425,8697,ITG,ITG1,19,Sicilia,Sicilia,4999891,1947117,38.94,0.18
1642,2021-02-12,SIC,4585,1810,2775,4319,266,ITG,ITG1,19,Sicilia,Sicilia,4999891,1951702,39.03,0.09
1643,2021-05-23,SIC,34098,16595,17503,20071,14027,ITG,ITG1,19,Sicilia,Sicilia,4999891,1985800,39.72,0.68
1644,2021-06-10,SIC,50857,23884,26973,43807,7050,ITG,ITG1,19,Sicilia,Sicilia,4999891,2036657,40.73,1.02
1645,2021-05-27,SIC,47412,21764,25648,24856,22556,ITG,ITG1,19,Sicilia,Sicilia,4999891,2084069,41.68,0.95
1646,2021-04-14,SIC,20114,9722,10392,11418,8696,ITG,ITG1,19,Sicilia,Sicilia,4999891,2104183,42.08,0.4
1647,2021-02-19,SIC,4908,2649,2259,4343,565,ITG,ITG1,19,Sicilia,Sicilia,4999891,2109091,42.18,0.1
1648,2021-03-08,SIC,13394,5865,7529,10781,2613,ITG,ITG1,19,Sicilia,Sicilia,4999891,2122485,42.45,0.27
1649,2021-05-30,SIC,35766,16169,19597,17719,18047,ITG,ITG1,19,Sicilia,Sicilia,4999891,2158251,43.17,0.72
1650,2021-05-13,SIC,47228,22150,25078,30736,16492,ITG,ITG1,19,Sicilia,Sicilia,4999891,2205479,44.11,0.94
1651,2021-01-31,SIC,4031,1926,2105,112,3919,ITG,ITG1,19,Sicilia,Sicilia,4999891,2209510,44.19,0.08
1652,2021-05-11,SIC,32269,15355,16914,19796,12473,ITG,ITG1,19,Sicilia,Sicilia,4999891,2241779,44.84,0.65
1653,2021-02-17,SIC,5214,3203,2011,4547,667,ITG,ITG1,19,Sicilia,Sicilia,4999891,2246993,44.94,0.1
1654,2021-01-24,SIC,4313,2254,2059,136,4177,ITG,ITG1,19,Sicilia,Sicilia,4999891,2251306,45.03,0.09
1655,2021-05-04,SIC,26778,12466,14312,17534,9244,ITG,ITG1,19,Sicilia,Sicilia,4999891,2278084,45.56,0.54
1656,2021-04-10,SIC,20404,9960,10444,11441,8963,ITG,ITG1,19,Sicilia,Sicilia,4999891,2298488,45.97,0.41
1657,2021-01-17,SIC,1304,591,713,1245,59,ITG,ITG1,19,Sicilia,Sicilia,4999891,2299792,46.0,0.03
1658,2021-03-05,SIC,15664,6769,8895,11429,4235,ITG,ITG1,19,Sicilia,Sicilia,4999891,2315456,46.31,0.31
1659,2021-02-16,SIC,4146,2170,1976,3732,414,ITG,ITG1,19,Sicilia,Sicilia,4999891,2319602,46.39,0.08
1660,2021-04-21,SIC,22387,10742,11645,16279,6108,ITG,ITG1,19,Sicilia,Sicilia,4999891,2341989,46.84,0.45
1661,2021-04-07,SIC,15413,7598,7815,8303,7110,ITG,ITG1,19,Sicilia,Sicilia,4999891,2357402,47.15,0.31
1662,2021-06-03,SIC,45745,20972,24773,34249,11496,ITG,ITG1,19,Sicilia,Sicilia,4999891,2403147,48.06,0.91
1663,2021-05-06,SIC,29220,13925,15295,18504,10716,ITG,ITG1,19,Sicilia,Sicilia,4999891,2432367,48.65,0.58
1664,2021-03-31,SIC,14399,6673,7726,9467,4932,ITG,ITG1,19,Sicilia,Sicilia,4999891,2446766,48.94,0.29
1665,2021-01-07,SIC,8910,4122,4788,8910,0,ITG,ITG1,19,Sicilia,Sicilia,4999891,2455676,49.11,0.18
1666,2021-02-09,SIC,4351,1801,2550,3316,1035,ITG,ITG1,19,Sicilia,Sicilia,4999891,2460027,49.2,0.09
1667,2021-05-20,SIC,43466,20792,22674,27613,15853,ITG,ITG1,19,Sicilia,Sicilia,4999891,2503493,50.07,0.87
1668,2021-06-01,SIC,38727,17623,21104,24963,13764,ITG,ITG1,19,Sicilia,Sicilia,4999891,2542220,50.85,0.77
1669,2021-04-05,SIC,8023,3958,4065,6583,1440,ITG,ITG1,19,Sicilia,Sicilia,4999891,2550243,51.01,0.16
1670,2021-04-12,SIC,18786,9123,9663,11535,7251,ITG,ITG1,19,Sicilia,Sicilia,4999891,2569029,51.38,0.38
1671,2021-02-14,SIC,1055,402,653,915,140,ITG,ITG1,19,Sicilia,Sicilia,4999891,2570084,51.4,0.02
1672,2021-01-02,SIC,4840,2519,2321,4840,0,ITG,ITG1,19,Sicilia,Sicilia,4999891,2574924,51.5,0.1
1673,2021-02-21,SIC,5168,2501,2667,5062,106,ITG,ITG1,19,Sicilia,Sicilia,4999891,2580092,51.6,0.1
1674,2021-04-24,SIC,31111,14689,16422,23500,7611,ITG,ITG1,19,Sicilia,Sicilia,4999891,2611203,52.23,0.62
1675,2021-04-26,SIC,21727,10281,11446,13654,8073,ITG,ITG1,19,Sicilia,Sicilia,4999891,2632930,52.66,0.43
1676,2021-02-02,SIC,5272,2472,2800,629,4643,ITG,ITG1,19,Sicilia,Sicilia,4999891,2638202,52.77,0.11
1677,2021-02-24,SIC,9307,4760,4547,8747,560,ITG,ITG1,19,Sicilia,Sicilia,4999891,2647509,52.95,0.19
1678,2021-01-21,SIC,1429,701,728,501,928,ITG,ITG1,19,Sicilia,Sicilia,4999891,2648938,52.98,0.03
1679,2021-05-01,SIC,24430,11305,13125,19276,5154,ITG,ITG1,19,Sicilia,Sicilia,4999891,2673368,53.47,0.49
1680,2021-05-10,SIC,28248,13578,14670,16158,12090,ITG,ITG1,19,Sicilia,Sicilia,4999891,2701616,54.03,0.56
1681,2021-03-26,SIC,17805,8278,9527,12375,5430,ITG,ITG1,19,Sicilia,Sicilia,4999891,2719421,54.39,0.36
1682,2021-01-28,SIC,9038,4274,4764,394,8644,ITG,ITG1,19,Sicilia,Sicilia,4999891,2728459,54.57,0.18
1683,2021-05-08,SIC,35576,17008,18568,25319,10257,ITG,ITG1,19,Sicilia,Sicilia,4999891,2764035,55.28,0.71
1684,2021-01-26,SIC,9232,4559,4673,256,8976,ITG,ITG1,19,Sicilia,Sicilia,4999891,2773267,55.47,0.18
1685,2021-06-17,SIC,40970,19083,21887,20114,20856,ITG,ITG1,19,Sicilia,Sicilia,4999891,2814237,56.29,0.82
1686,2020-12-31,SIC,886,472,414,886,0,ITG,ITG1,19,Sicilia,Sicilia,4999891,2815123,56.3,0.02
1687,2021-03-07,SIC,9261,3454,5807,8178,1083,ITG,ITG1,19,Sicilia,Sicilia,4999891,2824384,56.49,0.19
1688,2021-06-15,SIC,44798,21122,23676,27718,17080,ITG,ITG1,19,Sicilia,Sicilia,4999891,2869182,57.38,0.9
1689,2021-03-24,SIC,20875,9801,11074,15214,5661,ITG,ITG1,19,Sicilia,Sicilia,4999891,2890057,57.8,0.42
1690,2021-05-29,SIC,47147,21454,25693,23957,23190,ITG,ITG1,19,Sicilia,Sicilia,4999891,2937204,58.75,0.94
1691,2021-01-14,SIC,5031,2388,2643,5031,0,ITG,ITG1,19,Sicilia,Sicilia,4999891,2942235,58.85,0.1
1692,2021-03-15,SIC,10612,4686,5926,5720,4892,ITG,ITG1,19,Sicilia,Sicilia,4999891,2952847,59.06,0.21
1693,2021-05-22,SIC,47980,22783,25197,28646,19334,ITG,ITG1,19,Sicilia,Sicilia,4999891,3000827,60.02,0.96
1694,2021-02-28,SIC,7163,3062,4101,6533,630,ITG,ITG1,19,Sicilia,Sicilia,4999891,3007990,60.16,0.14
1695,2021-06-08,SIC,47468,22303,25165,40951,6517,ITG,ITG1,19,Sicilia,Sicilia,4999891,3055458,61.11,0.95
1696,2021-01-09,SIC,7119,3350,3769,7119,0,ITG,ITG1,19,Sicilia,Sicilia,4999891,3062577,61.25,0.14
1697,2021-05-03,SIC,23328,10799,12529,13541,9787,ITG,ITG1,19,Sicilia,Sicilia,4999891,3085905,61.72,0.47
1698,2021-04-19,SIC,18242,8638,9604,12663,5579,ITG,ITG1,19,Sicilia,Sicilia,4999891,3104147,62.08,0.36
1699,2021-02-15,SIC,3730,1733,1997,3166,564,ITG,ITG1,19,Sicilia,Sicilia,4999891,3107877,62.16,0.07
1700,2021-05-26,SIC,44551,20855,23696,24077,20474,ITG,ITG1,19,Sicilia,Sicilia,4999891,3152428,63.05,0.89
1701,2021-01-03,SIC,4717,2467,2250,4717,0,ITG,ITG1,19,Sicilia,Sicilia,4999891,3157145,63.14,0.09
1702,2021-04-13,SIC,19684,9586,10098,10933,8751,ITG,ITG1,19,Sicilia,Sicilia,4999891,3176829,63.54,0.39
1703,2021-01-10,SIC,3533,1578,1955,3533,0,ITG,ITG1,19,Sicilia,Sicilia,4999891,3180362,63.61,0.07
1704,2021-01-05,SIC,10291,5055,5236,10291,0,ITG,ITG1,19,Sicilia,Sicilia,4999891,3190653,63.81,0.21
1705,2021-04-15,SIC,21053,10261,10792,11718,9335,ITG,ITG1,19,Sicilia,Sicilia,4999891,3211706,64.24,0.42
1706,2021-04-22,SIC,26861,12665,14196,20403,6458,ITG,ITG1,19,Sicilia,Sicilia,4999891,3238567,64.77,0.54
1707,2021-03-10,SIC,13860,6059,7801,11677,2183,ITG,ITG1,19,Sicilia,Sicilia,4999891,3252427,65.05,0.28
1708,2021-01-12,SIC,4298,2104,2194,4298,0,ITG,ITG1,19,Sicilia,Sicilia,4999891,3256725,65.14,0.09
1709,2021-06-18,SIC,16112,7321,8791,5457,10655,ITG,ITG1,19,Sicilia,Sicilia,4999891,3272837,65.46,0.32
1710,2021-05-15,SIC,56469,26387,30082,41224,15245,ITG,ITG1,19,Sicilia,Sicilia,4999891,3329306,66.59,1.13
1711,2021-03-19,SIC,16214,7984,8230,10733,5481,ITG,ITG1,19,Sicilia,Sicilia,4999891,3345520,66.91,0.32
1712,2021-03-12,SIC,12773,5491,7282,10778,1995,ITG,ITG1,19,Sicilia,Sicilia,4999891,3358293,67.17,0.26
1713,2021-01-16,TOS,3271,1046,2225,3271,0,ITI,ITI1,9,Toscana,Toscana,3729641,3271,0.09,0.09
1714,2021-04-26,TOS,10151,4943,5208,7598,2553,ITI,ITI1,9,Toscana,Toscana,3729641,13422,0.36,0.27
1715,2021-01-02,TOS,3497,1096,2401,3497,0,ITI,ITI1,9,Toscana,Toscana,3729641,16919,0.45,0.09
1716,2021-03-07,TOS,5647,2357,3290,2104,3543,ITI,ITI1,9,Toscana,Toscana,3729641,22566,0.61,0.15
1717,2021-06-05,TOS,28406,13588,14818,20797,7609,ITI,ITI1,9,Toscana,Toscana,3729641,50972,1.37,0.76
1718,2021-01-11,TOS,5094,1691,3403,5094,0,ITI,ITI1,9,Toscana,Toscana,3729641,56066,1.5,0.14
1719,2021-04-21,TOS,29603,12665,16938,17518,12085,ITI,ITI1,9,Toscana,Toscana,3729641,85669,2.3,0.79
1720,2021-02-23,TOS,7721,3324,4397,7560,161,ITI,ITI1,9,Toscana,Toscana,3729641,93390,2.5,0.21
1721,2021-06-03,TOS,31971,15403,16568,27432,4539,ITI,ITI1,9,Toscana,Toscana,3729641,125361,3.36,0.86
1722,2021-04-02,TOS,31968,13558,18410,23944,8024,ITI,ITI1,9,Toscana,Toscana,3729641,157329,4.22,0.86
1723,2021-01-09,TOS,4485,1596,2889,4485,0,ITI,ITI1,9,Toscana,Toscana,3729641,161814,4.34,0.12
1724,2021-04-07,TOS,35815,15455,20360,28567,7248,ITI,ITI1,9,Toscana,Toscana,3729641,197629,5.3,0.96
1725,2021-06-12,TOS,29308,15110,14198,24967,4341,ITI,ITI1,9,Toscana,Toscana,3729641,226937,6.08,0.79
1726,2021-04-16,TOS,28954,12888,16066,22047,6907,ITI,ITI1,9,Toscana,Toscana,3729641,255891,6.86,0.78
1727,2021-05-17,TOS,29676,14800,14876,20809,8867,ITI,ITI1,9,Toscana,Toscana,3729641,285567,7.66,0.8
1728,2021-03-21,TOS,3293,1627,1666,1860,1433,ITI,ITI1,9,Toscana,Toscana,3729641,288860,7.74,0.09
1729,2021-01-23,TOS,3966,1360,2606,640,3326,ITI,ITI1,9,Toscana,Toscana,3729641,292826,7.85,0.11
1730,2021-05-03,TOS,11933,5510,6423,10615,1318,ITI,ITI1,9,Toscana,Toscana,3729641,304759,8.17,0.32
1731,2021-01-28,TOS,6282,1882,4400,354,5928,ITI,ITI1,9,Toscana,Toscana,3729641,311041,8.34,0.17
1732,2021-03-19,TOS,10143,4460,5683,7275,2868,ITI,ITI1,9,Toscana,Toscana,3729641,321184,8.61,0.27
1733,2021-01-21,TOS,1589,686,903,867,722,ITI,ITI1,9,Toscana,Toscana,3729641,322773,8.65,0.04
1734,2021-05-22,TOS,26002,12651,13351,21724,4278,ITI,ITI1,9,Toscana,Toscana,3729641,348775,9.35,0.7
1735,2021-05-05,TOS,30119,13441,16678,15646,14473,ITI,ITI1,9,Toscana,Toscana,3729641,378894,10.16,0.81
1736,2021-02-28,TOS,1649,667,982,922,727,ITI,ITI1,9,Toscana,Toscana,3729641,380543,10.2,0.04
1737,2021-02-11,TOS,5383,2021,3362,5141,242,ITI,ITI1,9,Toscana,Toscana,3729641,385926,10.35,0.14
1738,2021-02-09,TOS,4488,1468,3020,3877,611,ITI,ITI1,9,Toscana,Toscana,3729641,390414,10.47,0.12
1739,2021-03-26,TOS,20667,9383,11284,14900,5767,ITI,ITI1,9,Toscana,Toscana,3729641,411081,11.02,0.55
1740,2021-03-09,TOS,11127,4565,6562,5575,5552,ITI,ITI1,9,Toscana,Toscana,3729641,422208,11.32,0.3
1741,2021-04-09,TOS,24594,10579,14015,21184,3410,ITI,ITI1,9,Toscana,Toscana,3729641,446802,11.98,0.66
1742,2021-06-17,TOS,32152,16449,15703,26834,5318,ITI,ITI1,9,Toscana,Toscana,3729641,478954,12.84,0.86
1743,2021-02-04,TOS,4253,1594,2659,961,3292,ITI,ITI1,9,Toscana,Toscana,3729641,483207,12.96,0.11
1744,2021-05-15,TOS,29336,13846,15490,23561,5775,ITI,ITI1,9,Toscana,Toscana,3729641,512543,13.74,0.79
1745,2021-04-28,TOS,19121,8182,10939,3831,15290,ITI,ITI1,9,Toscana,Toscana,3729641,531664,14.26,0.51
1746,2021-02-20,TOS,4640,1789,2851,4127,513,ITI,ITI1,9,Toscana,Toscana,3729641,536304,14.38,0.12
1747,2021-05-31,TOS,30258,14593,15665,19445,10813,ITI,ITI1,9,Toscana,Toscana,3729641,566562,15.19,0.81
1748,2021-05-14,TOS,33294,15393,17901,20644,12650,ITI,ITI1,9,Toscana,Toscana,3729641,599856,16.08,0.89
1749,2021-02-16,TOS,9280,3340,5940,8559,721,ITI,ITI1,9,Toscana,Toscana,3729641,609136,16.33,0.25
1750,2021-05-02,TOS,11167,4931,6236,9204,1963,ITI,ITI1,9,Toscana,Toscana,3729641,620303,16.63,0.3
1751,2021-02-25,TOS,10633,4306,6327,9635,998,ITI,ITI1,9,Toscana,Toscana,3729641,630936,16.92,0.29
1752,2021-01-20,TOS,1331,637,694,1083,248,ITI,ITI1,9,Toscana,Toscana,3729641,632267,16.95,0.04
1753,2021-04-30,TOS,40186,17778,22408,20333,19853,ITI,ITI1,9,Toscana,Toscana,3729641,672453,18.03,1.08
1754,2021-04-25,TOS,11054,5248,5806,8917,2137,ITI,ITI1,9,Toscana,Toscana,3729641,683507,18.33,0.3
1755,2021-03-18,TOS,9979,3984,5995,6007,3972,ITI,ITI1,9,Toscana,Toscana,3729641,693486,18.59,0.27
1756,2021-06-09,TOS,34694,17488,17206,34273,421,ITI,ITI1,9,Toscana,Toscana,3729641,728180,19.52,0.93
1757,2021-04-04,TOS,13914,6604,7310,13661,253,ITI,ITI1,9,Toscana,Toscana,3729641,742094,19.9,0.37
1758,2021-03-16,TOS,4899,1882,3017,2648,2251,ITI,ITI1,9,Toscana,Toscana,3729641,746993,20.03,0.13
1759,2021-02-27,TOS,1984,756,1228,1082,902,ITI,ITI1,9,Toscana,Toscana,3729641,748977,20.08,0.05
1760,2021-06-02,TOS,27568,13607,13961,22064,5504,ITI,ITI1,9,Toscana,Toscana,3729641,776545,20.82,0.74
1761,2021-04-06,TOS,22214,9815,12399,18500,3714,ITI,ITI1,9,Toscana,Toscana,3729641,798759,21.42,0.6
1762,2021-02-08,TOS,4097,1360,2737,3638,459,ITI,ITI1,9,Toscana,Toscana,3729641,802856,21.53,0.11
1763,2021-05-19,TOS,27915,13556,14359,18883,9032,ITI,ITI1,9,Toscana,Toscana,3729641,830771,22.27,0.75
1764,2021-04-13,TOS,8487,3506,4981,6030,2457,ITI,ITI1,9,Toscana,Toscana,3729641,839258,22.5,0.23
1765,2021-05-26,TOS,35533,17065,18468,20382,15151,ITI,ITI1,9,Toscana,Toscana,3729641,874791,23.46,0.95
1766,2021-03-30,TOS,17016,7640,9376,13453,3563,ITI,ITI1,9,Toscana,Toscana,3729641,891807,23.91,0.46
1767,2021-03-02,TOS,10599,3799,6800,7155,3444,ITI,ITI1,9,Toscana,Toscana,3729641,902406,24.2,0.28
1768,2021-01-04,TOS,5065,1894,3171,5065,0,ITI,ITI1,9,Toscana,Toscana,3729641,907471,24.33,0.14
1769,2021-04-14,TOS,20168,8336,11832,15061,5107,ITI,ITI1,9,Toscana,Toscana,3729641,927639,24.87,0.54
1770,2021-06-14,TOS,31759,16303,15456,27665,4094,ITI,ITI1,9,Toscana,Toscana,3729641,959398,25.72,0.85
1771,2021-03-04,TOS,17847,6950,10897,14765,3082,ITI,ITI1,9,Toscana,Toscana,3729641,977245,26.2,0.48
1772,2021-03-28,TOS,6212,2808,3404,5958,254,ITI,ITI1,9,Toscana,Toscana,3729641,983457,26.37,0.17
1773,2021-01-30,TOS,4622,1622,3000,198,4424,ITI,ITI1,9,Toscana,Toscana,3729641,988079,26.49,0.12
1774,2021-05-10,TOS,26184,12383,13801,15566,10618,ITI,ITI1,9,Toscana,Toscana,3729641,1014263,27.19,0.7
1775,2021-03-14,TOS,7174,2569,4605,3239,3935,ITI,ITI1,9,Toscana,Toscana,3729641,1021437,27.39,0.19
1776,2021-02-06,TOS,4527,1550,2977,1294,3233,ITI,ITI1,9,Toscana,Toscana,3729641,1025964,27.51,0.12
1777,2021-06-10,TOS,26299,13481,12818,25788,511,ITI,ITI1,9,Toscana,Toscana,3729641,1052263,28.21,0.71
1778,2021-05-24,TOS,33708,16696,17012,24140,9568,ITI,ITI1,9,Toscana,Toscana,3729641,1085971,29.12,0.9
1779,2021-01-25,TOS,5127,1896,3231,248,4879,ITI,ITI1,9,Toscana,Toscana,3729641,1091098,29.25,0.14
1780,2021-04-18,TOS,8357,4090,4267,7342,1015,ITI,ITI1,9,Toscana,Toscana,3729641,1099455,29.48,0.22
1781,2021-05-07,TOS,32112,14687,17425,12002,20110,ITI,ITI1,9,Toscana,Toscana,3729641,1131567,30.34,0.86
1782,2021-02-18,TOS,8822,3284,5538,7926,896,ITI,ITI1,9,Toscana,Toscana,3729641,1140389,30.58,0.24
1783,2021-05-29,TOS,31540,15249,16291,23389,8151,ITI,ITI1,9,Toscana,Toscana,3729641,1171929,31.42,0.85
1784,2021-03-23,TOS,9397,4375,5022,7122,2275,ITI,ITI1,9,Toscana,Toscana,3729641,1181326,31.67,0.25
1785,2020-12-30,TOS,327,104,223,327,0,ITI,ITI1,9,Toscana,Toscana,3729641,1181653,31.68,0.01
1786,2021-05-12,TOS,34175,15566,18609,14164,20011,ITI,ITI1,9,Toscana,Toscana,3729641,1215828,32.6,0.92
1787,2021-01-18,TOS,1119,636,483,1021,98,ITI,ITI1,9,Toscana,Toscana,3729641,1216947,32.63,0.03
1788,2021-01-01,TOS,2369,787,1582,2369,0,ITI,ITI1,9,Toscana,Toscana,3729641,1219316,32.69,0.06
1789,2021-04-11,TOS,3645,1680,1965,3490,155,ITI,ITI1,9,Toscana,Toscana,3729641,1222961,32.79,0.1
1790,2021-03-06,TOS,7107,2851,4256,2914,4193,ITI,ITI1,9,Toscana,Toscana,3729641,1230068,32.98,0.19
1791,2021-02-03,TOS,4221,1452,2769,241,3980,ITI,ITI1,9,Toscana,Toscana,3729641,1234289,33.09,0.11
1792,2021-01-15,TOS,3878,1347,2531,3878,0,ITI,ITI1,9,Toscana,Toscana,3729641,1238167,33.2,0.1
1793,2021-06-18,TOS,7553,4020,3533,6741,812,ITI,ITI1,9,Toscana,Toscana,3729641,1245720,33.4,0.2
1794,2021-01-13,TOS,4062,1398,2664,4062,0,ITI,ITI1,9,Toscana,Toscana,3729641,1249782,33.51,0.11
1795,2021-04-23,TOS,25682,11431,14251,9364,16318,ITI,ITI1,9,Toscana,Toscana,3729641,1275464,34.2,0.69
1796,2021-03-20,TOS,6585,2977,3608,5449,1136,ITI,ITI1,9,Toscana,Toscana,3729641,1282049,34.37,0.18
1797,2021-01-22,TOS,2866,1064,1802,528,2338,ITI,ITI1,9,Toscana,Toscana,3729641,1284915,34.45,0.08
1798,2020-12-27,TOS,620,267,353,620,0,ITI,ITI1,9,Toscana,Toscana,3729641,1285535,34.47,0.02
1799,2021-01-03,TOS,3336,1052,2284,3336,0,ITI,ITI1,9,Toscana,Toscana,3729641,1288871,34.56,0.09
1800,2021-02-15,TOS,8771,3376,5395,7945,826,ITI,ITI1,9,Toscana,Toscana,3729641,1297642,34.79,0.24
1801,2021-02-22,TOS,9817,4253,5564,9540,277,ITI,ITI1,9,Toscana,Toscana,3729641,1307459,35.06,0.26
1802,2021-06-07,TOS,34797,17042,17755,31190,3607,ITI,ITI1,9,Toscana,Toscana,3729641,1342256,35.99,0.93
1803,2021-05-21,TOS,28864,13442,15422,17461,11403,ITI,ITI1,9,Toscana,Toscana,3729641,1371120,36.76,0.77
1804,2021-03-01,TOS,4473,1733,2740,832,3641,ITI,ITI1,9,Toscana,Toscana,3729641,1375593,36.88,0.12
1805,2021-06-11,TOS,29626,15402,14224,25024,4602,ITI,ITI1,9,Toscana,Toscana,3729641,1405219,37.68,0.79
1806,2021-04-15,TOS,24401,10196,14205,15865,8536,ITI,ITI1,9,Toscana,Toscana,3729641,1429620,38.33,0.65
1807,2021-02-17,TOS,8175,3169,5006,7423,752,ITI,ITI1,9,Toscana,Toscana,3729641,1437795,38.55,0.22
1808,2021-05-28,TOS,30061,13905,16156,17622,12439,ITI,ITI1,9,Toscana,Toscana,3729641,1467856,39.36,0.81
1809,2021-04-22,TOS,35727,15304,20423,18287,17440,ITI,ITI1,9,Toscana,Toscana,3729641,1503583,40.31,0.96
1810,2021-02-24,TOS,10367,4465,5902,10170,197,ITI,ITI1,9,Toscana,Toscana,3729641,1513950,40.59,0.28
1811,2021-06-04,TOS,28234,13371,14863,20483,7751,ITI,ITI1,9,Toscana,Toscana,3729641,1542184,41.35,0.76
1812,2021-04-08,TOS,29681,12555,17126,23294,6387,ITI,ITI1,9,Toscana,Toscana,3729641,1571865,42.15,0.8
1813,2021-03-03,TOS,18227,6537,11690,14621,3606,ITI,ITI1,9,Toscana,Toscana,3729641,1590092,42.63,0.49
1814,2021-01-05,TOS,5249,1755,3494,5249,0,ITI,ITI1,9,Toscana,Toscana,3729641,1595341,42.77,0.14
1815,2021-01-19,TOS,1105,532,573,1105,0,ITI,ITI1,9,Toscana,Toscana,3729641,1596446,42.8,0.03
1816,2021-02-13,TOS,7786,2361,5425,7559,227,ITI,ITI1,9,Toscana,Toscana,3729641,1604232,43.01,0.21
1817,2021-01-08,TOS,5947,1643,4304,5947,0,ITI,ITI1,9,Toscana,Toscana,3729641,1610179,43.17,0.16
1818,2021-04-01,TOS,27024,11205,15819,16392,10632,ITI,ITI1,9,Toscana,Toscana,3729641,1637203,43.9,0.72
1819,2021-03-15,TOS,8696,3643,5053,4253,4443,ITI,ITI1,9,Toscana,Toscana,3729641,1645899,44.13,0.23
1820,2021-02-01,TOS,5509,1958,3551,521,4988,ITI,ITI1,9,Toscana,Toscana,3729641,1651408,44.28,0.15
1821,2021-04-27,TOS,10350,4912,5438,3866,6484,ITI,ITI1,9,Toscana,Toscana,3729641,1661758,44.56,0.28
1822,2021-05-23,TOS,28376,13646,14730,25811,2565,ITI,ITI1,9,Toscana,Toscana,3729641,1690134,45.32,0.76
1823,2021-02-10,TOS,4263,1281,2982,3740,523,ITI,ITI1,9,Toscana,Toscana,3729641,1694397,45.43,0.11
1824,2021-05-04,TOS,18302,8208,10094,12855,5447,ITI,ITI1,9,Toscana,Toscana,3729641,1712699,45.92,0.49
1825,2021-02-12,TOS,7606,2683,4923,7393,213,ITI,ITI1,9,Toscana,Toscana,3729641,1720305,46.13,0.2
1826,2021-01-12,TOS,3581,1398,2183,3581,0,ITI,ITI1,9,Toscana,Toscana,3729641,1723886,46.22,0.1
1827,2021-03-25,TOS,23890,10374,13516,15540,8350,ITI,ITI1,9,Toscana,Toscana,3729641,1747776,46.86,0.64
1828,2021-04-12,TOS,2612,1183,1429,1958,654,ITI,ITI1,9,Toscana,Toscana,3729641,1750388,46.93,0.07
1829,2021-05-13,TOS,35016,15441,19575,13838,21178,ITI,ITI1,9,Toscana,Toscana,3729641,1785404,47.87,0.94
1830,2021-04-29,TOS,39315,17706,21609,19246,20069,ITI,ITI1,9,Toscana,Toscana,3729641,1824719,48.92,1.05
1831,2021-03-24,TOS,20010,8299,11711,10554,9456,ITI,ITI1,9,Toscana,Toscana,3729641,1844729,49.46,0.54
1832,2021-02-21,TOS,5105,2089,3016,4935,170,ITI,ITI1,9,Toscana,Toscana,3729641,1849834,49.6,0.14
1833,2021-06-01,TOS,26877,13353,13524,23076,3801,ITI,ITI1,9,Toscana,Toscana,3729641,1876711,50.32,0.72
1834,2021-06-15,TOS,31101,16002,15099,26578,4523,ITI,ITI1,9,Toscana,Toscana,3729641,1907812,51.15,0.83
1835,2021-03-10,TOS,18366,7402,10964,14348,4018,ITI,ITI1,9,Toscana,Toscana,3729641,1926178,51.65,0.49
1836,2021-02-02,TOS,3743,1475,2268,196,3547,ITI,ITI1,9,Toscana,Toscana,3729641,1929921,51.75,0.1
1837,2021-05-08,TOS,29148,13114,16034,13693,15455,ITI,ITI1,9,Toscana,Toscana,3729641,1959069,52.53,0.78
1838,2021-03-12,TOS,16972,6611,10361,13444,3528,ITI,ITI1,9,Toscana,Toscana,3729641,1976041,52.98,0.46
1839,2021-01-14,TOS,3256,1180,2076,3256,0,ITI,ITI1,9,Toscana,Toscana,3729641,1979297,53.07,0.09
1840,2021-04-24,TOS,13437,6167,7270,5990,7447,ITI,ITI1,9,Toscana,Toscana,3729641,1992734,53.43,0.36
1841,2021-05-01,TOS,23314,10063,13251,14138,9176,ITI,ITI1,9,Toscana,Toscana,3729641,2016048,54.05,0.63
1842,2021-03-05,TOS,16873,6685,10188,12131,4742,ITI,ITI1,9,Toscana,Toscana,3729641,2032921,54.51,0.45
1843,2021-06-13,TOS,24455,12268,12187,22806,1649,ITI,ITI1,9,Toscana,Toscana,3729641,2057376,55.16,0.66
1844,2021-01-10,TOS,3001,1104,1897,3001,0,ITI,ITI1,9,Toscana,Toscana,3729641,2060377,55.24,0.08
1845,2021-04-20,TOS,18157,8110,10047,12601,5556,ITI,ITI1,9,Toscana,Toscana,3729641,2078534,55.73,0.49
1846,2021-04-03,TOS,15012,6646,8366,13886,1126,ITI,ITI1,9,Toscana,Toscana,3729641,2093546,56.13,0.4
1847,2021-01-27,TOS,4835,1573,3262,206,4629,ITI,ITI1,9,Toscana,Toscana,3729641,2098381,56.26,0.13
1848,2021-03-17,TOS,11420,4586,6834,6892,4528,ITI,ITI1,9,Toscana,Toscana,3729641,2109801,56.57,0.31
1849,2021-06-08,TOS,32462,16614,15848,32030,432,ITI,ITI1,9,Toscana,Toscana,3729641,2142263,57.44,0.87
1850,2021-02-26,TOS,10080,3834,6246,8874,1206,ITI,ITI1,9,Toscana,Toscana,3729641,2152343,57.71,0.27
1851,2021-06-06,TOS,28293,13648,14645,22938,5355,ITI,ITI1,9,Toscana,Toscana,3729641,2180636,58.47,0.76
1852,2021-03-27,TOS,8862,4152,4710,8647,215,ITI,ITI1,9,Toscana,Toscana,3729641,2189498,58.71,0.24
1853,2021-02-14,TOS,9000,2569,6431,8890,110,ITI,ITI1,9,Toscana,Toscana,3729641,2198498,58.95,0.24
1854,2021-05-25,TOS,34132,16462,17670,19532,14600,ITI,ITI1,9,Toscana,Toscana,3729641,2232630,59.86,0.92
1855,2021-03-29,TOS,9641,4812,4829,9317,324,ITI,ITI1,9,Toscana,Toscana,3729641,2242271,60.12,0.26
1856,2021-05-27,TOS,28292,13163,15129,13457,14835,ITI,ITI1,9,Toscana,Toscana,3729641,2270563,60.88,0.76
1857,2021-03-31,TOS,32698,13246,19452,20537,12161,ITI,ITI1,9,Toscana,Toscana,3729641,2303261,61.76,0.88
1858,2021-03-22,TOS,5249,2761,2488,4805,444,ITI,ITI1,9,Toscana,Toscana,3729641,2308510,61.9,0.14
1859,2021-01-26,TOS,5393,1792,3601,220,5173,ITI,ITI1,9,Toscana,Toscana,3729641,2313903,62.04,0.14
1860,2021-05-06,TOS,31326,13616,17710,14174,17152,ITI,ITI1,9,Toscana,Toscana,3729641,2345229,62.88,0.84
1861,2021-04-19,TOS,9090,4504,4586,8062,1028,ITI,ITI1,9,Toscana,Toscana,3729641,2354319,63.12,0.24
1862,2021-04-17,TOS,20532,9206,11326,18410,2122,ITI,ITI1,9,Toscana,Toscana,3729641,2374851,63.68,0.55
1863,2021-01-24,TOS,3349,1073,2276,201,3148,ITI,ITI1,9,Toscana,Toscana,3729641,2378200,63.76,0.09
1864,2021-01-07,TOS,6018,1751,4267,6018,0,ITI,ITI1,9,Toscana,Toscana,3729641,2384218,63.93,0.16
1865,2021-01-17,TOS,2536,871,1665,2022,514,ITI,ITI1,9,Toscana,Toscana,3729641,2386754,63.99,0.07
1866,2021-03-08,TOS,6705,2943,3762,1885,4820,ITI,ITI1,9,Toscana,Toscana,3729641,2393459,64.17,0.18
1867,2021-06-16,TOS,31617,16181,15436,26509,5108,ITI,ITI1,9,Toscana,Toscana,3729641,2425076,65.02,0.85
1868,2021-05-30,TOS,28669,13942,14727,21725,6944,ITI,ITI1,9,Toscana,Toscana,3729641,2453745,65.79,0.77
1869,2020-12-31,TOS,803,202,601,803,0,ITI,ITI1,9,Toscana,Toscana,3729641,2454548,65.81,0.02
1870,2021-04-10,TOS,11719,5347,6372,10976,743,ITI,ITI1,9,Toscana,Toscana,3729641,2466267,66.13,0.31
1871,2021-02-19,TOS,8294,2953,5341,7781,513,ITI,ITI1,9,Toscana,Toscana,3729641,2474561,66.35,0.22
1872,2021-01-06,TOS,4520,1460,3060,4520,0,ITI,ITI1,9,Toscana,Toscana,3729641,2479081,66.47,0.12
1873,2021-03-11,TOS,15882,6337,9545,12554,3328,ITI,ITI1,9,Toscana,Toscana,3729641,2494963,66.9,0.43
1874,2021-02-05,TOS,5750,2246,3504,1924,3826,ITI,ITI1,9,Toscana,Toscana,3729641,2500713,67.05,0.15
1875,2021-05-16,TOS,26663,12879,13784,24202,2461,ITI,ITI1,9,Toscana,Toscana,3729641,2527376,67.76,0.71
1876,2021-05-11,TOS,27941,12982,14959,12483,15458,ITI,ITI1,9,Toscana,Toscana,3729641,2555317,68.51,0.75
1877,2021-03-13,TOS,9285,3309,5976,5322,3963,ITI,ITI1,9,Toscana,Toscana,3729641,2564602,68.76,0.25
1878,2021-01-29,TOS,6144,1700,4444,304,5840,ITI,ITI1,9,Toscana,Toscana,3729641,2570746,68.93,0.16
1879,2021-05-09,TOS,22527,9765,12762,9668,12859,ITI,ITI1,9,Toscana,Toscana,3729641,2593273,69.53,0.6
1880,2021-05-20,TOS,29713,13872,15841,18906,10807,ITI,ITI1,9,Toscana,Toscana,3729641,2622986,70.33,0.8
1881,2021-01-31,TOS,3050,1129,1921,106,2944,ITI,ITI1,9,Toscana,Toscana,3729641,2626036,70.41,0.08
1882,2021-04-05,TOS,15280,6823,8457,14543,737,ITI,ITI1,9,Toscana,Toscana,3729641,2641316,70.82,0.41
1883,2021-02-07,TOS,2806,952,1854,886,1920,ITI,ITI1,9,Toscana,Toscana,3729641,2644122,70.89,0.08
1884,2021-05-18,TOS,28842,14269,14573,20016,8826,ITI,ITI1,9,Toscana,Toscana,3729641,2672964,71.67,0.77
1885,2021-04-16,EMR,29213,13756,15457,20377,8836,ITH,ITH5,8,Emilia-Romagna,Emilia-Romagna,4459477,29213,0.66,0.66
1886,2021-01-06,EMR,8287,2955,5332,8287,0,ITH,ITH5,8,Emilia-Romagna,Emilia-Romagna,4459477,37500,0.84,0.19
1887,2021-04-30,EMR,36582,16780,19802,21790,14792,ITH,ITH5,8,Emilia-Romagna,Emilia-Romagna,4459477,74082,1.66,0.82
1888,2021-03-28,EMR,13499,6024,7475,9635,3864,ITH,ITH5,8,Emilia-Romagna,Emilia-Romagna,4459477,87581,1.96,0.3
1889,2021-02-25,EMR,9250,3499,5751,8296,954,ITH,ITH5,8,Emilia-Romagna,Emilia-Romagna,4459477,96831,2.17,0.21
1890,2021-03-11,EMR,17456,7306,10150,11605,5851,ITH,ITH5,8,Emilia-Romagna,Emilia-Romagna,4459477,114287,2.56,0.39
1891,2021-02-06,EMR,7602,2407,5195,2131,5471,ITH,ITH5,8,Emilia-Romagna,Emilia-Romagna,4459477,121889,2.73,0.17
1892,2021-04-11,EMR,15277,6934,8343,12229,3048,ITH,ITH5,8,Emilia-Romagna,Emilia-Romagna,4459477,137166,3.08,0.34
1893,2021-02-11,EMR,4255,1415,2840,3414,841,ITH,ITH5,8,Emilia-Romagna,Emilia-Romagna,4459477,141421,3.17,0.1
1894,2021-04-18,EMR,17511,8401,9110,12583,4928,ITH,ITH5,8,Emilia-Romagna,Emilia-Romagna,4459477,158932,3.56,0.39
1895,2021-05-26,EMR,33191,14720,18471,10295,22896,ITH,ITH5,8,Emilia-Romagna,Emilia-Romagna,4459477,192123,4.31,0.74
1896,2021-06-12,EMR,40265,21295,18970,35377,4888,ITH,ITH5,8,Emilia-Romagna,Emilia-Romagna,4459477,232388,5.21,0.9
1897,2021-03-04,EMR,16452,5350,11102,13435,3017,ITH,ITH5,8,Emilia-Romagna,Emilia-Romagna,4459477,248840,5.58,0.37
1898,2021-05-24,EMR,29887,13684,16203,18430,11457,ITH,ITH5,8,Emilia-Romagna,Emilia-Romagna,4459477,278727,6.25,0.67
1899,2021-02-13,EMR,3628,1085,2543,3030,598,ITH,ITH5,8,Emilia-Romagna,Emilia-Romagna,4459477,282355,6.33,0.08
1900,2021-02-18,EMR,7039,2892,4147,6456,583,ITH,ITH5,8,Emilia-Romagna,Emilia-Romagna,4459477,289394,6.49,0.16
1901,2021-06-07,EMR,40317,20695,19622,34107,6210,ITH,ITH5,8,Emilia-Romagna,Emilia-Romagna,4459477,329711,7.39,0.9
1902,2021-05-31,EMR,29686,13719,15967,18246,11440,ITH,ITH5,8,Emilia-Romagna,Emilia-Romagna,4459477,359397,8.06,0.67
1903,2021-02-20,EMR,5318,2094,3224,5055,263,ITH,ITH5,8,Emilia-Romagna,Emilia-Romagna,4459477,364715,8.18,0.12
1904,2021-01-23,EMR,2448,871,1577,443,2005,ITH,ITH5,8,Emilia-Romagna,Emilia-Romagna,4459477,367163,8.23,0.05
1905,2021-05-07,EMR,35249,16955,18294,23402,11847,ITH,ITH5,8,Emilia-Romagna,Emilia-Romagna,4459477,402412,9.02,0.79
1906,2021-05-12,EMR,38857,18273,20584,29219,9638,ITH,ITH5,8,Emilia-Romagna,Emilia-Romagna,4459477,441269,9.9,0.87
1907,2021-02-01,EMR,10321,3611,6710,362,9959,ITH,ITH5,8,Emilia-Romagna,Emilia-Romagna,4459477,451590,10.13,0.23
1908,2021-01-18,EMR,3127,879,2248,2449,678,ITH,ITH5,8,Emilia-Romagna,Emilia-Romagna,4459477,454717,10.2,0.07
1909,2021-03-16,EMR,12245,5027,7218,4937,7308,ITH,ITH5,8,Emilia-Romagna,Emilia-Romagna,4459477,466962,10.47,0.27
1910,2021-01-25,EMR,6462,2146,4316,207,6255,ITH,ITH5,8,Emilia-Romagna,Emilia-Romagna,4459477,473424,10.62,0.14
1911,2021-03-23,EMR,18795,8144,10651,12108,6687,ITH,ITH5,8,Emilia-Romagna,Emilia-Romagna,4459477,492219,11.04,0.42
1912,2021-03-09,EMR,14754,6019,8735,10799,3955,ITH,ITH5,8,Emilia-Romagna,Emilia-Romagna,4459477,506973,11.37,0.33
1913,2021-05-05,EMR,30085,13981,16104,18836,11249,ITH,ITH5,8,Emilia-Romagna,Emilia-Romagna,4459477,537058,12.04,0.67
1914,2021-01-30,EMR,10078,3520,6558,141,9937,ITH,ITH5,8,Emilia-Romagna,Emilia-Romagna,4459477,547136,12.27,0.23
1915,2021-04-23,EMR,29557,13810,15747,14676,14881,ITH,ITH5,8,Emilia-Romagna,Emilia-Romagna,4459477,576693,12.93,0.66
1916,2021-01-13,EMR,9078,2942,6136,9078,0,ITH,ITH5,8,Emilia-Romagna,Emilia-Romagna,4459477,585771,13.14,0.2
1917,2021-04-04,EMR,9885,4718,5167,7616,2269,ITH,ITH5,8,Emilia-Romagna,Emilia-Romagna,4459477,595656,13.36,0.22
1918,2021-03-30,EMR,23353,10342,13011,18313,5040,ITH,ITH5,8,Emilia-Romagna,Emilia-Romagna,4459477,619009,13.88,0.52
1919,2021-01-04,EMR,7315,2527,4788,7315,0,ITH,ITH5,8,Emilia-Romagna,Emilia-Romagna,4459477,626324,14.04,0.16
1920,2021-05-19,EMR,33671,14941,18730,18515,15156,ITH,ITH5,8,Emilia-Romagna,Emilia-Romagna,4459477,659995,14.8,0.76
1921,2021-06-02,EMR,23924,11913,12011,19110,4814,ITH,ITH5,8,Emilia-Romagna,Emilia-Romagna,4459477,683919,15.34,0.54
1922,2021-06-04,EMR,45430,22886,22544,37358,8072,ITH,ITH5,8,Emilia-Romagna,Emilia-Romagna,4459477,729349,16.36,1.02
1923,2021-01-20,EMR,1325,270,1055,1324,1,ITH,ITH5,8,Emilia-Romagna,Emilia-Romagna,4459477,730674,16.38,0.03
1924,2021-06-14,EMR,40383,20835,19548,27386,12997,ITH,ITH5,8,Emilia-Romagna,Emilia-Romagna,4459477,771057,17.29,0.91
1925,2021-01-10,EMR,7171,2684,4487,7171,0,ITH,ITH5,8,Emilia-Romagna,Emilia-Romagna,4459477,778228,17.45,0.16
1926,2021-06-16,EMR,44818,22882,21936,25058,19760,ITH,ITH5,8,Emilia-Romagna,Emilia-Romagna,4459477,823046,18.46,1.01
1927,2021-03-08,EMR,12222,5097,7125,9546,2676,ITH,ITH5,8,Emilia-Romagna,Emilia-Romagna,4459477,835268,18.73,0.27
1928,2021-05-09,EMR,25609,12252,13357,18642,6967,ITH,ITH5,8,Emilia-Romagna,Emilia-Romagna,4459477,860877,19.3,0.57
1929,2021-01-29,EMR,10414,3496,6918,290,10124,ITH,ITH5,8,Emilia-Romagna,Emilia-Romagna,4459477,871291,19.54,0.23
1930,2021-02-15,EMR,2904,851,2053,2779,125,ITH,ITH5,8,Emilia-Romagna,Emilia-Romagna,4459477,874195,19.6,0.07
1931,2021-01-27,EMR,8361,2947,5414,462,7899,ITH,ITH5,8,Emilia-Romagna,Emilia-Romagna,4459477,882556,19.79,0.19
1932,2021-05-23,EMR,25452,11854,13598,13884,11568,ITH,ITH5,8,Emilia-Romagna,Emilia-Romagna,4459477,908008,20.36,0.57
1933,2021-01-15,EMR,7750,2404,5346,7750,0,ITH,ITH5,8,Emilia-Romagna,Emilia-Romagna,4459477,915758,20.54,0.17
1934,2021-06-09,EMR,42088,21408,20680,35938,6150,ITH,ITH5,8,Emilia-Romagna,Emilia-Romagna,4459477,957846,21.48,0.94
1935,2021-03-01,EMR,10098,3581,6517,7840,2258,ITH,ITH5,8,Emilia-Romagna,Emilia-Romagna,4459477,967944,21.71,0.23
1936,2021-05-04,EMR,29268,13703,15565,15608,13660,ITH,ITH5,8,Emilia-Romagna,Emilia-Romagna,4459477,997212,22.36,0.66
1937,2021-02-27,EMR,10966,3999,6967,9228,1738,ITH,ITH5,8,Emilia-Romagna,Emilia-Romagna,4459477,1008178,22.61,0.25
1938,2021-04-25,EMR,22348,10240,12108,14840,7508,ITH,ITH5,8,Emilia-Romagna,Emilia-Romagna,4459477,1030526,23.11,0.5
1939,2021-03-25,EMR,21470,9413,12057,14482,6988,ITH,ITH5,8,Emilia-Romagna,Emilia-Romagna,4459477,1051996,23.59,0.48
1940,2021-05-21,EMR,39169,17509,21660,22206,16963,ITH,ITH5,8,Emilia-Romagna,Emilia-Romagna,4459477,1091165,24.47,0.88
1941,2021-02-10,EMR,4022,1385,2637,2766,1256,ITH,ITH5,8,Emilia-Romagna,Emilia-Romagna,4459477,1095187,24.56,0.09
1942,2021-04-08,EMR,31208,14331,16877,25905,5303,ITH,ITH5,8,Emilia-Romagna,Emilia-Romagna,4459477,1126395,25.26,0.7
1943,2021-01-11,EMR,9348,3274,6074,9348,0,ITH,ITH5,8,Emilia-Romagna,Emilia-Romagna,4459477,1135743,25.47,0.21
1944,2021-06-11,EMR,44759,23254,21505,38289,6470,ITH,ITH5,8,Emilia-Romagna,Emilia-Romagna,4459477,1180502,26.47,1.0
1945,2021-03-20,EMR,16088,6831,9257,9124,6964,ITH,ITH5,8,Emilia-Romagna,Emilia-Romagna,4459477,1196590,26.83,0.36
1946,2021-04-06,EMR,24786,11195,13591,20044,4742,ITH,ITH5,8,Emilia-Romagna,Emilia-Romagna,4459477,1221376,27.39,0.56
1947,2020-12-27,EMR,971,373,598,971,0,ITH,ITH5,8,Emilia-Romagna,Emilia-Romagna,4459477,1222347,27.41,0.02
1948,2021-03-13,EMR,16136,6360,9776,10823,5313,ITH,ITH5,8,Emilia-Romagna,Emilia-Romagna,4459477,1238483,27.77,0.36
1949,2021-03-27,EMR,21664,9062,12602,14756,6908,ITH,ITH5,8,Emilia-Romagna,Emilia-Romagna,4459477,1260147,28.26,0.49
1950,2021-04-13,EMR,23681,11109,12572,19376,4305,ITH,ITH5,8,Emilia-Romagna,Emilia-Romagna,4459477,1283828,28.79,0.53
1951,2021-01-03,EMR,2763,943,1820,2763,0,ITH,ITH5,8,Emilia-Romagna,Emilia-Romagna,4459477,1286591,28.85,0.06
1952,2021-05-02,EMR,25576,11649,13927,13585,11991,ITH,ITH5,8,Emilia-Romagna,Emilia-Romagna,4459477,1312167,29.42,0.57
1953,2021-01-22,EMR,1829,477,1352,1088,741,ITH,ITH5,8,Emilia-Romagna,Emilia-Romagna,4459477,1313996,29.47,0.04
1954,2021-02-08,EMR,5231,1534,3697,2318,2913,ITH,ITH5,8,Emilia-Romagna,Emilia-Romagna,4459477,1319227,29.58,0.12
1955,2021-05-16,EMR,25842,12167,13675,18730,7112,ITH,ITH5,8,Emilia-Romagna,Emilia-Romagna,4459477,1345069,30.16,0.58
1956,2021-04-15,EMR,29335,13978,15357,19659,9676,ITH,ITH5,8,Emilia-Romagna,Emilia-Romagna,4459477,1374404,30.82,0.66
1957,2021-06-18,EMR,12160,6099,6061,4121,8039,ITH,ITH5,8,Emilia-Romagna,Emilia-Romagna,4459477,1386564,31.09,0.27
1958,2021-03-10,EMR,18798,7742,11056,13154,5644,ITH,ITH5,8,Emilia-Romagna,Emilia-Romagna,4459477,1405362,31.51,0.42
1959,2021-05-18,EMR,29073,13241,15832,18569,10504,ITH,ITH5,8,Emilia-Romagna,Emilia-Romagna,4459477,1434435,32.17,0.65
1960,2021-02-07,EMR,4795,1539,3256,1734,3061,ITH,ITH5,8,Emilia-Romagna,Emilia-Romagna,4459477,1439230,32.27,0.11
1961,2021-02-24,EMR,9351,3566,5785,8467,884,ITH,ITH5,8,Emilia-Romagna,Emilia-Romagna,4459477,1448581,32.48,0.21
1962,2021-01-05,EMR,9361,3170,6191,9361,0,ITH,ITH5,8,Emilia-Romagna,Emilia-Romagna,4459477,1457942,32.69,0.21
1963,2021-04-29,EMR,44948,21133,23815,27400,17548,ITH,ITH5,8,Emilia-Romagna,Emilia-Romagna,4459477,1502890,33.7,1.01
1964,2021-01-19,EMR,2045,505,1540,2028,17,ITH,ITH5,8,Emilia-Romagna,Emilia-Romagna,4459477,1504935,33.75,0.05
1965,2021-04-20,EMR,22617,10401,12216,14264,8353,ITH,ITH5,8,Emilia-Romagna,Emilia-Romagna,4459477,1527552,34.25,0.51
1966,2021-01-08,EMR,10865,3580,7285,10865,0,ITH,ITH5,8,Emilia-Romagna,Emilia-Romagna,4459477,1538417,34.5,0.24
1967,2021-03-06,EMR,20895,5935,14960,18163,2732,ITH,ITH5,8,Emilia-Romagna,Emilia-Romagna,4459477,1559312,34.97,0.47
1968,2021-05-20,EMR,40200,18296,21904,18859,21341,ITH,ITH5,8,Emilia-Romagna,Emilia-Romagna,4459477,1599512,35.87,0.9
1969,2021-02-12,EMR,5324,1679,3645,3921,1403,ITH,ITH5,8,Emilia-Romagna,Emilia-Romagna,4459477,1604836,35.99,0.12
1970,2021-04-10,EMR,20921,9300,11621,16776,4145,ITH,ITH5,8,Emilia-Romagna,Emilia-Romagna,4459477,1625757,36.46,0.47
1971,2021-04-17,EMR,27307,13078,14229,17956,9351,ITH,ITH5,8,Emilia-Romagna,Emilia-Romagna,4459477,1653064,37.07,0.61
1972,2021-01-07,EMR,10273,3406,6867,10273,0,ITH,ITH5,8,Emilia-Romagna,Emilia-Romagna,4459477,1663337,37.3,0.23
1973,2021-04-03,EMR,19939,8766,11173,16199,3740,ITH,ITH5,8,Emilia-Romagna,Emilia-Romagna,4459477,1683276,37.75,0.45
1974,2021-05-30,EMR,27066,12786,14280,13375,13691,ITH,ITH5,8,Emilia-Romagna,Emilia-Romagna,4459477,1710342,38.35,0.61
1975,2021-02-19,EMR,7327,3010,4317,6813,514,ITH,ITH5,8,Emilia-Romagna,Emilia-Romagna,4459477,1717669,38.52,0.16
1976,2020-12-31,EMR,2215,780,1435,2215,0,ITH,ITH5,8,Emilia-Romagna,Emilia-Romagna,4459477,1719884,38.57,0.05
1977,2021-06-06,EMR,36404,18911,17493,31998,4406,ITH,ITH5,8,Emilia-Romagna,Emilia-Romagna,4459477,1756288,39.38,0.82
1978,2021-02-26,EMR,9634,3673,5961,8586,1048,ITH,ITH5,8,Emilia-Romagna,Emilia-Romagna,4459477,1765922,39.6,0.22
1979,2021-05-28,EMR,41142,18921,22221,17842,23300,ITH,ITH5,8,Emilia-Romagna,Emilia-Romagna,4459477,1807064,40.52,0.92
1980,2021-04-22,EMR,29046,13447,15599,14968,14078,ITH,ITH5,8,Emilia-Romagna,Emilia-Romagna,4459477,1836110,41.17,0.65
1981,2021-01-12,EMR,9476,3124,6352,9476,0,ITH,ITH5,8,Emilia-Romagna,Emilia-Romagna,4459477,1845586,41.39,0.21
1982,2021-04-05,EMR,14863,6812,8051,11971,2892,ITH,ITH5,8,Emilia-Romagna,Emilia-Romagna,4459477,1860449,41.72,0.33
1983,2021-03-18,EMR,13676,5807,7869,5676,8000,ITH,ITH5,8,Emilia-Romagna,Emilia-Romagna,4459477,1874125,42.03,0.31
1984,2021-05-14,EMR,37226,17154,20072,27631,9595,ITH,ITH5,8,Emilia-Romagna,Emilia-Romagna,4459477,1911351,42.86,0.83
1985,2021-02-03,EMR,9357,2997,6360,984,8373,ITH,ITH5,8,Emilia-Romagna,Emilia-Romagna,4459477,1920708,43.07,0.21
1986,2021-04-01,EMR,23930,10770,13160,19383,4547,ITH,ITH5,8,Emilia-Romagna,Emilia-Romagna,4459477,1944638,43.61,0.54
1987,2021-02-17,EMR,6538,2764,3774,5766,772,ITH,ITH5,8,Emilia-Romagna,Emilia-Romagna,4459477,1951176,43.75,0.15
1988,2021-06-01,EMR,27117,13080,14037,17234,9883,ITH,ITH5,8,Emilia-Romagna,Emilia-Romagna,4459477,1978293,44.36,0.61
1989,2021-04-12,EMR,19242,9005,10237,14796,4446,ITH,ITH5,8,Emilia-Romagna,Emilia-Romagna,4459477,1997535,44.79,0.43
1990,2021-06-08,EMR,44546,22809,21737,37129,7417,ITH,ITH5,8,Emilia-Romagna,Emilia-Romagna,4459477,2042081,45.79,1.0
1991,2021-04-19,EMR,20897,9796,11101,14624,6273,ITH,ITH5,8,Emilia-Romagna,Emilia-Romagna,4459477,2062978,46.26,0.47
1992,2021-01-09,EMR,9986,3451,6535,9986,0,ITH,ITH5,8,Emilia-Romagna,Emilia-Romagna,4459477,2072964,46.48,0.22
1993,2021-06-15,EMR,42578,21876,20702,27753,14825,ITH,ITH5,8,Emilia-Romagna,Emilia-Romagna,4459477,2115542,47.44,0.95
1994,2021-03-07,EMR,7842,2958,4884,6322,1520,ITH,ITH5,8,Emilia-Romagna,Emilia-Romagna,4459477,2123384,47.62,0.18
1995,2021-05-03,EMR,28693,13553,15140,17816,10877,ITH,ITH5,8,Emilia-Romagna,Emilia-Romagna,4459477,2152077,48.26,0.64
1996,2021-06-13,EMR,27248,14234,13014,22994,4254,ITH,ITH5,8,Emilia-Romagna,Emilia-Romagna,4459477,2179325,48.87,0.61
1997,2021-03-05,EMR,17853,5841,12012,14399,3454,ITH,ITH5,8,Emilia-Romagna,Emilia-Romagna,4459477,2197178,49.27,0.4
1998,2021-03-22,EMR,17648,7812,9836,10784,6864,ITH,ITH5,8,Emilia-Romagna,Emilia-Romagna,4459477,2214826,49.67,0.4
1999,2021-03-03,EMR,15842,5254,10588,13365,2477,ITH,ITH5,8,Emilia-Romagna,Emilia-Romagna,4459477,2230668,50.02,0.36
2000,2021-02-22,EMR,7482,3091,4391,7210,272,ITH,ITH5,8,Emilia-Romagna,Emilia-Romagna,4459477,2238150,50.19,0.17
2001,2021-05-01,EMR,28402,12774,15628,15627,12775,ITH,ITH5,8,Emilia-Romagna,Emilia-Romagna,4459477,2266552,50.83,0.64
2002,2021-04-24,EMR,28612,13230,15382,14384,14228,ITH,ITH5,8,Emilia-Romagna,Emilia-Romagna,4459477,2295164,51.47,0.64
2003,2021-05-11,EMR,35782,16794,18988,28519,7263,ITH,ITH5,8,Emilia-Romagna,Emilia-Romagna,4459477,2330946,52.27,0.8
2004,2021-01-31,EMR,7698,2763,4935,241,7457,ITH,ITH5,8,Emilia-Romagna,Emilia-Romagna,4459477,2338644,52.44,0.17
2005,2021-03-21,EMR,11957,5296,6661,7352,4605,ITH,ITH5,8,Emilia-Romagna,Emilia-Romagna,4459477,2350601,52.71,0.27
2006,2021-06-10,EMR,43825,22517,21308,38500,5325,ITH,ITH5,8,Emilia-Romagna,Emilia-Romagna,4459477,2394426,53.69,0.98
2007,2021-03-02,EMR,12669,4272,8397,10580,2089,ITH,ITH5,8,Emilia-Romagna,Emilia-Romagna,4459477,2407095,53.98,0.28
2008,2021-03-19,EMR,15925,6973,8952,7956,7969,ITH,ITH5,8,Emilia-Romagna,Emilia-Romagna,4459477,2423020,54.33,0.36
2009,2021-02-28,EMR,6823,2527,4296,4977,1846,ITH,ITH5,8,Emilia-Romagna,Emilia-Romagna,4459477,2429843,54.49,0.15
2010,2021-04-26,EMR,27889,12932,14957,18576,9313,ITH,ITH5,8,Emilia-Romagna,Emilia-Romagna,4459477,2457732,55.11,0.63
2011,2021-01-16,EMR,5628,1718,3910,5628,0,ITH,ITH5,8,Emilia-Romagna,Emilia-Romagna,4459477,2463360,55.24,0.13
2012,2021-03-14,EMR,8800,3839,4961,5003,3797,ITH,ITH5,8,Emilia-Romagna,Emilia-Romagna,4459477,2472160,55.44,0.2
2013,2021-03-29,EMR,21416,9606,11810,16766,4650,ITH,ITH5,8,Emilia-Romagna,Emilia-Romagna,4459477,2493576,55.92,0.48
2014,2021-02-21,EMR,4450,1708,2742,4010,440,ITH,ITH5,8,Emilia-Romagna,Emilia-Romagna,4459477,2498026,56.02,0.1
2015,2021-01-02,EMR,2374,915,1459,2374,0,ITH,ITH5,8,Emilia-Romagna,Emilia-Romagna,4459477,2500400,56.07,0.05
2016,2021-06-05,EMR,43966,22230,21736,37113,6853,ITH,ITH5,8,Emilia-Romagna,Emilia-Romagna,4459477,2544366,57.06,0.99
2017,2021-05-17,EMR,32373,15386,16987,22892,9481,ITH,ITH5,8,Emilia-Romagna,Emilia-Romagna,4459477,2576739,57.78,0.73
2018,2021-04-28,EMR,33714,15586,18128,20826,12888,ITH,ITH5,8,Emilia-Romagna,Emilia-Romagna,4459477,2610453,58.54,0.76
2019,2021-06-17,EMR,44946,22727,22219,21125,23821,ITH,ITH5,8,Emilia-Romagna,Emilia-Romagna,4459477,2655399,59.55,1.01
2020,2021-05-25,EMR,25015,11176,13839,11708,13307,ITH,ITH5,8,Emilia-Romagna,Emilia-Romagna,4459477,2680414,60.11,0.56
2021,2021-02-14,EMR,1403,378,1025,1283,120,ITH,ITH5,8,Emilia-Romagna,Emilia-Romagna,4459477,2681817,60.14,0.03
2022,2021-05-27,EMR,42071,18652,23419,14008,28063,ITH,ITH5,8,Emilia-Romagna,Emilia-Romagna,4459477,2723888,61.08,0.94
2023,2021-02-16,EMR,5772,2446,3326,5241,531,ITH,ITH5,8,Emilia-Romagna,Emilia-Romagna,4459477,2729660,61.21,0.13
2024,2021-03-17,EMR,13721,5693,8028,5875,7846,ITH,ITH5,8,Emilia-Romagna,Emilia-Romagna,4459477,2743381,61.52,0.31
2025,2021-05-13,EMR,35711,16450,19261,27932,7779,ITH,ITH5,8,Emilia-Romagna,Emilia-Romagna,4459477,2779092,62.32,0.8
2026,2021-03-15,EMR,13446,6242,7204,6947,6499,ITH,ITH5,8,Emilia-Romagna,Emilia-Romagna,4459477,2792538,62.62,0.3
2027,2021-02-09,EMR,4156,1249,2907,2309,1847,ITH,ITH5,8,Emilia-Romagna,Emilia-Romagna,4459477,2796694,62.71,0.09
2028,2021-05-15,EMR,33221,14976,18245,22824,10397,ITH,ITH5,8,Emilia-Romagna,Emilia-Romagna,4459477,2829915,63.46,0.74
2029,2021-02-04,EMR,9940,3207,6733,1250,8690,ITH,ITH5,8,Emilia-Romagna,Emilia-Romagna,4459477,2839855,63.68,0.22
2030,2021-05-22,EMR,32955,14111,18844,16898,16057,ITH,ITH5,8,Emilia-Romagna,Emilia-Romagna,4459477,2872810,64.42,0.74
2031,2021-04-09,EMR,25724,11666,14058,20027,5697,ITH,ITH5,8,Emilia-Romagna,Emilia-Romagna,4459477,2898534,65.0,0.58
2032,2021-02-02,EMR,9485,3053,6432,527,8958,ITH,ITH5,8,Emilia-Romagna,Emilia-Romagna,4459477,2908019,65.21,0.21
2033,2021-04-07,EMR,26110,11889,14221,20098,6012,ITH,ITH5,8,Emilia-Romagna,Emilia-Romagna,4459477,2934129,65.8,0.59
2034,2021-01-14,EMR,8130,2593,5537,8130,0,ITH,ITH5,8,Emilia-Romagna,Emilia-Romagna,4459477,2942259,65.98,0.18
2035,2021-05-10,EMR,33840,16125,17715,26595,7245,ITH,ITH5,8,Emilia-Romagna,Emilia-Romagna,4459477,2976099,66.74,0.76
2036,2021-04-21,EMR,23953,10962,12991,14207,9746,ITH,ITH5,8,Emilia-Romagna,Emilia-Romagna,4459477,3000052,67.27,0.54
2037,2021-05-08,EMR,32332,15090,17242,20911,11421,ITH,ITH5,8,Emilia-Romagna,Emilia-Romagna,4459477,3032384,68.0,0.73
2038,2021-01-28,EMR,10254,3339,6915,349,9905,ITH,ITH5,8,Emilia-Romagna,Emilia-Romagna,4459477,3042638,68.23,0.23
2039,2021-02-05,EMR,9321,2967,6354,1638,7683,ITH,ITH5,8,Emilia-Romagna,Emilia-Romagna,4459477,3051959,68.44,0.21
2040,2021-04-14,EMR,27034,12836,14198,20929,6105,ITH,ITH5,8,Emilia-Romagna,Emilia-Romagna,4459477,3078993,69.04,0.61
2041,2021-01-21,EMR,2165,729,1436,819,1346,ITH,ITH5,8,Emilia-Romagna,Emilia-Romagna,4459477,3081158,69.09,0.05
2042,2021-06-03,EMR,37837,18412,19425,30342,7495,ITH,ITH5,8,Emilia-Romagna,Emilia-Romagna,4459477,3118995,69.94,0.85
2043,2021-02-23,EMR,8215,3219,4996,7829,386,ITH,ITH5,8,Emilia-Romagna,Emilia-Romagna,4459477,3127210,70.13,0.18
2044,2021-03-12,EMR,18303,7702,10601,11586,6717,ITH,ITH5,8,Emilia-Romagna,Emilia-Romagna,4459477,3145513,70.54,0.41
2045,2021-04-27,EMR,32098,14862,17236,19637,12461,ITH,ITH5,8,Emilia-Romagna,Emilia-Romagna,4459477,3177611,71.26,0.72
2046,2021-05-06,EMR,35925,16600,19325,22869,13056,ITH,ITH5,8,Emilia-Romagna,Emilia-Romagna,4459477,3213536,72.06,0.81
2047,2021-01-26,EMR,8334,3000,5334,214,8120,ITH,ITH5,8,Emilia-Romagna,Emilia-Romagna,4459477,3221870,72.25,0.19
2048,2021-03-24,EMR,21202,9399,11803,13819,7383,ITH,ITH5,8,Emilia-Romagna,Emilia-Romagna,4459477,3243072,72.72,0.48
2049,2021-01-24,EMR,2443,885,1558,298,2145,ITH,ITH5,8,Emilia-Romagna,Emilia-Romagna,4459477,3245515,72.78,0.05
2050,2021-01-17,EMR,2890,887,2003,2644,246,ITH,ITH5,8,Emilia-Romagna,Emilia-Romagna,4459477,3248405,72.84,0.06
2051,2021-04-02,EMR,23399,10556,12843,18918,4481,ITH,ITH5,8,Emilia-Romagna,Emilia-Romagna,4459477,3271804,73.37,0.52
2052,2021-05-29,EMR,37701,16469,21232,17150,20551,ITH,ITH5,8,Emilia-Romagna,Emilia-Romagna,4459477,3309505,74.21,0.85
2053,2021-03-31,EMR,25270,11045,14225,19813,5457,ITH,ITH5,8,Emilia-Romagna,Emilia-Romagna,4459477,3334775,74.78,0.57
2054,2021-03-26,EMR,23707,10116,13591,17271,6436,ITH,ITH5,8,Emilia-Romagna,Emilia-Romagna,4459477,3358482,75.31,0.53
2055,2021-04-03,VDA,676,341,335,661,15,ITC,ITC2,2,Valle d'Aosta / Vallée d'Aoste,Valle d'Aosta,125666,676,0.54,0.54
2056,2021-03-20,VDA,208,86,122,172,36,ITC,ITC2,2,Valle d'Aosta / Vallée d'Aoste,Valle d'Aosta,125666,884,0.7,0.17
2057,2021-06-11,VDA,1047,483,564,764,283,ITC,ITC2,2,Valle d'Aosta / Vallée d'Aoste,Valle d'Aosta,125666,1931,1.54,0.83
2058,2021-05-23,VDA,999,465,534,658,341,ITC,ITC2,2,Valle d'Aosta / Vallée d'Aoste,Valle d'Aosta,125666,2930,2.33,0.79
2059,2021-01-29,VDA,318,138,180,2,316,ITC,ITC2,2,Valle d'Aosta / Vallée d'Aoste,Valle d'Aosta,125666,3248,2.58,0.25
2060,2021-04-22,VDA,1067,449,618,684,383,ITC,ITC2,2,Valle d'Aosta / Vallée d'Aoste,Valle d'Aosta,125666,4315,3.43,0.85
2061,2021-05-09,VDA,574,287,287,444,130,ITC,ITC2,2,Valle d'Aosta / Vallée d'Aoste,Valle d'Aosta,125666,4889,3.89,0.46
2062,2021-05-30,VDA,865,429,436,694,171,ITC,ITC2,2,Valle d'Aosta / Vallée d'Aoste,Valle d'Aosta,125666,5754,4.58,0.69
2063,2021-05-28,VDA,975,414,561,563,412,ITC,ITC2,2,Valle d'Aosta / Vallée d'Aoste,Valle d'Aosta,125666,6729,5.35,0.78
2064,2021-02-17,VDA,327,144,183,227,100,ITC,ITC2,2,Valle d'Aosta / Vallée d'Aoste,Valle d'Aosta,125666,7056,5.61,0.26
2065,2021-02-10,VDA,248,77,171,141,107,ITC,ITC2,2,Valle d'Aosta / Vallée d'Aoste,Valle d'Aosta,125666,7304,5.81,0.2
2066,2021-04-15,VDA,810,377,433,671,139,ITC,ITC2,2,Valle d'Aosta / Vallée d'Aoste,Valle d'Aosta,125666,8114,6.46,0.64
2067,2021-04-13,VDA,373,171,202,329,44,ITC,ITC2,2,Valle d'Aosta / Vallée d'Aoste,Valle d'Aosta,125666,8487,6.75,0.3
2068,2021-03-27,VDA,333,164,169,302,31,ITC,ITC2,2,Valle d'Aosta / Vallée d'Aoste,Valle d'Aosta,125666,8820,7.02,0.26
2069,2021-06-18,VDA,262,78,184,1,261,ITC,ITC2,2,Valle d'Aosta / Vallée d'Aoste,Valle d'Aosta,125666,9082,7.23,0.21
2070,2021-02-03,VDA,351,114,237,14,337,ITC,ITC2,2,Valle d'Aosta / Vallée d'Aoste,Valle d'Aosta,125666,9433,7.51,0.28
2071,2021-04-01,VDA,776,394,382,764,12,ITC,ITC2,2,Valle d'Aosta / Vallée d'Aoste,Valle d'Aosta,125666,10209,8.12,0.62
2072,2021-02-24,VDA,183,82,101,164,19,ITC,ITC2,2,Valle d'Aosta / Vallée d'Aoste,Valle d'Aosta,125666,10392,8.27,0.15
2073,2021-05-02,VDA,765,345,420,605,160,ITC,ITC2,2,Valle d'Aosta / Vallée d'Aoste,Valle d'Aosta,125666,11157,8.88,0.61
2074,2021-01-22,VDA,56,21,35,20,36,ITC,ITC2,2,Valle d'Aosta / Vallée d'Aoste,Valle d'Aosta,125666,11213,8.92,0.04
2075,2021-01-08,VDA,299,130,169,299,0,ITC,ITC2,2,Valle d'Aosta / Vallée d'Aoste,Valle d'Aosta,125666,11512,9.16,0.24
2076,2021-03-06,VDA,22,4,18,22,0,ITC,ITC2,2,Valle d'Aosta / Vallée d'Aoste,Valle d'Aosta,125666,11534,9.18,0.02
2077,2021-03-08,VDA,482,231,251,237,245,ITC,ITC2,2,Valle d'Aosta / Vallée d'Aoste,Valle d'Aosta,125666,12016,9.56,0.38
2078,2021-05-04,VDA,1135,510,625,462,673,ITC,ITC2,2,Valle d'Aosta / Vallée d'Aoste,Valle d'Aosta,125666,13151,10.47,0.9
2079,2021-06-16,VDA,683,365,318,642,41,ITC,ITC2,2,Valle d'Aosta / Vallée d'Aoste,Valle d'Aosta,125666,13834,11.01,0.54
2080,2021-03-15,VDA,362,123,239,159,203,ITC,ITC2,2,Valle d'Aosta / Vallée d'Aoste,Valle d'Aosta,125666,14196,11.3,0.29
2081,2021-05-11,VDA,647,325,322,496,151,ITC,ITC2,2,Valle d'Aosta / Vallée d'Aoste,Valle d'Aosta,125666,14843,11.81,0.51
2082,2021-04-27,VDA,978,423,555,686,292,ITC,ITC2,2,Valle d'Aosta / Vallée d'Aoste,Valle d'Aosta,125666,15821,12.59,0.78
2083,2021-01-17,VDA,131,56,75,131,0,ITC,ITC2,2,Valle d'Aosta / Vallée d'Aoste,Valle d'Aosta,125666,15952,12.69,0.1
2084,2021-02-05,VDA,294,102,192,101,193,ITC,ITC2,2,Valle d'Aosta / Vallée d'Aoste,Valle d'Aosta,125666,16246,12.93,0.23
2085,2021-02-22,VDA,316,94,222,213,103,ITC,ITC2,2,Valle d'Aosta / Vallée d'Aoste,Valle d'Aosta,125666,16562,13.18,0.25
2086,2021-05-16,VDA,688,341,347,347,341,ITC,ITC2,2,Valle d'Aosta / Vallée d'Aoste,Valle d'Aosta,125666,17250,13.73,0.55
2087,2021-06-04,VDA,908,383,525,474,434,ITC,ITC2,2,Valle d'Aosta / Vallée d'Aoste,Valle d'Aosta,125666,18158,14.45,0.72
2088,2021-01-27,VDA,151,71,80,79,72,ITC,ITC2,2,Valle d'Aosta / Vallée d'Aoste,Valle d'Aosta,125666,18309,14.57,0.12
2089,2021-04-20,VDA,933,430,503,739,194,ITC,ITC2,2,Valle d'Aosta / Vallée d'Aoste,Valle d'Aosta,125666,19242,15.31,0.74
2090,2021-01-10,VDA,220,71,149,220,0,ITC,ITC2,2,Valle d'Aosta / Vallée d'Aoste,Valle d'Aosta,125666,19462,15.49,0.18
2091,2020-12-27,VDA,20,9,11,20,0,ITC,ITC2,2,Valle d'Aosta / Vallée d'Aoste,Valle d'Aosta,125666,19482,15.5,0.02
2092,2021-06-09,VDA,1027,535,492,991,36,ITC,ITC2,2,Valle d'Aosta / Vallée d'Aoste,Valle d'Aosta,125666,20509,16.32,0.82
2093,2021-03-01,VDA,181,66,115,147,34,ITC,ITC2,2,Valle d'Aosta / Vallée d'Aoste,Valle d'Aosta,125666,20690,16.46,0.14
2094,2021-02-15,VDA,264,136,128,229,35,ITC,ITC2,2,Valle d'Aosta / Vallée d'Aoste,Valle d'Aosta,125666,20954,16.67,0.21
2095,2021-03-17,VDA,433,185,248,273,160,ITC,ITC2,2,Valle d'Aosta / Vallée d'Aoste,Valle d'Aosta,125666,21387,17.02,0.34
2096,2021-03-03,VDA,255,118,137,187,68,ITC,ITC2,2,Valle d'Aosta / Vallée d'Aoste,Valle d'Aosta,125666,21642,17.22,0.2
2097,2021-01-26,VDA,139,48,91,0,139,ITC,ITC2,2,Valle d'Aosta / Vallée d'Aoste,Valle d'Aosta,125666,21781,17.33,0.11
2098,2021-02-12,VDA,263,96,167,217,46,ITC,ITC2,2,Valle d'Aosta / Vallée d'Aoste,Valle d'Aosta,125666,22044,17.54,0.21
2099,2021-01-12,VDA,302,72,230,302,0,ITC,ITC2,2,Valle d'Aosta / Vallée d'Aoste,Valle d'Aosta,125666,22346,17.78,0.24
2100,2021-03-25,VDA,389,154,235,379,10,ITC,ITC2,2,Valle d'Aosta / Vallée d'Aoste,Valle d'Aosta,125666,22735,18.09,0.31
2101,2021-05-21,VDA,917,433,484,531,386,ITC,ITC2,2,Valle d'Aosta / Vallée d'Aoste,Valle d'Aosta,125666,23652,18.82,0.73
2102,2021-04-17,VDA,638,407,231,636,2,ITC,ITC2,2,Valle d'Aosta / Vallée d'Aoste,Valle d'Aosta,125666,24290,19.33,0.51
2103,2021-01-07,VDA,276,111,165,276,0,ITC,ITC2,2,Valle d'Aosta / Vallée d'Aoste,Valle d'Aosta,125666,24566,19.55,0.22
2104,2021-02-19,VDA,292,102,190,268,24,ITC,ITC2,2,Valle d'Aosta / Vallée d'Aoste,Valle d'Aosta,125666,24858,19.78,0.23
2105,2021-01-05,VDA,150,54,96,150,0,ITC,ITC2,2,Valle d'Aosta / Vallée d'Aoste,Valle d'Aosta,125666,25008,19.9,0.12
2106,2021-01-14,VDA,237,69,168,237,0,ITC,ITC2,2,Valle d'Aosta / Vallée d'Aoste,Valle d'Aosta,125666,25245,20.09,0.19
2107,2021-04-24,VDA,722,400,322,555,167,ITC,ITC2,2,Valle d'Aosta / Vallée d'Aoste,Valle d'Aosta,125666,25967,20.66,0.57
2108,2021-03-29,VDA,493,233,260,453,40,ITC,ITC2,2,Valle d'Aosta / Vallée d'Aoste,Valle d'Aosta,125666,26460,21.06,0.39
2109,2021-03-12,VDA,531,175,356,305,226,ITC,ITC2,2,Valle d'Aosta / Vallée d'Aoste,Valle d'Aosta,125666,26991,21.48,0.42
2110,2021-03-10,VDA,438,183,255,225,213,ITC,ITC2,2,Valle d'Aosta / Vallée d'Aoste,Valle d'Aosta,125666,27429,21.83,0.35
2111,2021-01-31,VDA,291,91,200,58,233,ITC,ITC2,2,Valle d'Aosta / Vallée d'Aoste,Valle d'Aosta,125666,27720,22.06,0.23
2112,2021-04-08,VDA,584,282,302,441,143,ITC,ITC2,2,Valle d'Aosta / Vallée d'Aoste,Valle d'Aosta,125666,28304,22.52,0.46
2113,2021-06-13,VDA,851,399,452,373,478,ITC,ITC2,2,Valle d'Aosta / Vallée d'Aoste,Valle d'Aosta,125666,29155,23.2,0.68
2114,2021-06-08,VDA,712,356,356,679,33,ITC,ITC2,2,Valle d'Aosta / Vallée d'Aoste,Valle d'Aosta,125666,29867,23.77,0.57
2115,2021-02-26,VDA,207,58,149,122,85,ITC,ITC2,2,Valle d'Aosta / Vallée d'Aoste,Valle d'Aosta,125666,30074,23.93,0.16
2116,2021-04-10,VDA,404,190,214,399,5,ITC,ITC2,2,Valle d'Aosta / Vallée d'Aoste,Valle d'Aosta,125666,30478,24.25,0.32
2117,2020-12-31,VDA,18,4,14,18,0,ITC,ITC2,2,Valle d'Aosta / Vallée d'Aoste,Valle d'Aosta,125666,30496,24.27,0.01
2118,2021-06-06,VDA,1160,582,578,787,373,ITC,ITC2,2,Valle d'Aosta / Vallée d'Aoste,Valle d'Aosta,125666,31656,25.19,0.92
2119,2021-03-13,VDA,147,88,59,147,0,ITC,ITC2,2,Valle d'Aosta / Vallée d'Aoste,Valle d'Aosta,125666,31803,25.31,0.12
2120,2021-01-15,VDA,218,82,136,218,0,ITC,ITC2,2,Valle d'Aosta / Vallée d'Aoste,Valle d'Aosta,125666,32021,25.48,0.17
2121,2021-03-31,VDA,555,302,253,529,26,ITC,ITC2,2,Valle d'Aosta / Vallée d'Aoste,Valle d'Aosta,125666,32576,25.92,0.44
2122,2021-05-27,VDA,1089,497,592,586,503,ITC,ITC2,2,Valle d'Aosta / Vallée d'Aoste,Valle d'Aosta,125666,33665,26.79,0.87
2123,2021-05-13,VDA,1139,556,583,540,599,ITC,ITC2,2,Valle d'Aosta / Vallée d'Aoste,Valle d'Aosta,125666,34804,27.7,0.91
2124,2021-02-02,VDA,272,70,202,2,270,ITC,ITC2,2,Valle d'Aosta / Vallée d'Aoste,Valle d'Aosta,125666,35076,27.91,0.22
2125,2021-05-20,VDA,807,363,444,367,440,ITC,ITC2,2,Valle d'Aosta / Vallée d'Aoste,Valle d'Aosta,125666,35883,28.55,0.64
2126,2021-03-24,VDA,515,230,285,258,257,ITC,ITC2,2,Valle d'Aosta / Vallée d'Aoste,Valle d'Aosta,125666,36398,28.96,0.41
2127,2021-01-19,VDA,256,77,179,256,0,ITC,ITC2,2,Valle d'Aosta / Vallée d'Aoste,Valle d'Aosta,125666,36654,29.17,0.2
2128,2021-04-12,VDA,486,186,300,323,163,ITC,ITC2,2,Valle d'Aosta / Vallée d'Aoste,Valle d'Aosta,125666,37140,29.55,0.39
2129,2021-04-29,VDA,1291,634,657,757,534,ITC,ITC2,2,Valle d'Aosta / Vallée d'Aoste,Valle d'Aosta,125666,38431,30.58,1.03
2130,2021-05-25,VDA,1115,530,585,541,574,ITC,ITC2,2,Valle d'Aosta / Vallée d'Aoste,Valle d'Aosta,125666,39546,31.47,0.89
2131,2021-02-14,VDA,48,16,32,1,47,ITC,ITC2,2,Valle d'Aosta / Vallée d'Aoste,Valle d'Aosta,125666,39594,31.51,0.04
2132,2021-05-08,VDA,904,540,364,526,378,ITC,ITC2,2,Valle d'Aosta / Vallée d'Aoste,Valle d'Aosta,125666,40498,32.23,0.72
2133,2021-05-24,VDA,1136,516,620,689,447,ITC,ITC2,2,Valle d'Aosta / Vallée d'Aoste,Valle d'Aosta,125666,41634,33.13,0.9
2134,2021-05-10,VDA,782,381,401,547,235,ITC,ITC2,2,Valle d'Aosta / Vallée d'Aoste,Valle d'Aosta,125666,42416,33.75,0.62
2135,2021-04-21,VDA,868,410,458,620,248,ITC,ITC2,2,Valle d'Aosta / Vallée d'Aoste,Valle d'Aosta,125666,43284,34.44,0.69
2136,2021-03-21,VDA,355,165,190,355,0,ITC,ITC2,2,Valle d'Aosta / Vallée d'Aoste,Valle d'Aosta,125666,43639,34.73,0.28
2137,2021-04-19,VDA,751,325,426,542,209,ITC,ITC2,2,Valle d'Aosta / Vallée d'Aoste,Valle d'Aosta,125666,44390,35.32,0.6
2138,2021-01-16,VDA,237,80,157,237,0,ITC,ITC2,2,Valle d'Aosta / Vallée d'Aoste,Valle d'Aosta,125666,44627,35.51,0.19
2139,2021-03-14,VDA,392,200,192,392,0,ITC,ITC2,2,Valle d'Aosta / Vallée d'Aoste,Valle d'Aosta,125666,45019,35.82,0.31
2140,2021-04-26,VDA,715,327,388,545,170,ITC,ITC2,2,Valle d'Aosta / Vallée d'Aoste,Valle d'Aosta,125666,45734,36.39,0.57
2141,2021-03-22,VDA,560,205,355,333,227,ITC,ITC2,2,Valle d'Aosta / Vallée d'Aoste,Valle d'Aosta,125666,46294,36.84,0.45
2142,2021-06-05,VDA,925,476,449,737,188,ITC,ITC2,2,Valle d'Aosta / Vallée d'Aoste,Valle d'Aosta,125666,47219,37.58,0.74
2143,2021-02-11,VDA,231,107,124,222,9,ITC,ITC2,2,Valle d'Aosta / Vallée d'Aoste,Valle d'Aosta,125666,47450,37.76,0.18
2144,2021-04-09,VDA,237,111,126,204,33,ITC,ITC2,2,Valle d'Aosta / Vallée d'Aoste,Valle d'Aosta,125666,47687,37.95,0.19
2145,2021-05-22,VDA,940,494,446,540,400,ITC,ITC2,2,Valle d'Aosta / Vallée d'Aoste,Valle d'Aosta,125666,48627,38.7,0.75
2146,2021-04-16,VDA,599,261,338,597,2,ITC,ITC2,2,Valle d'Aosta / Vallée d'Aoste,Valle d'Aosta,125666,49226,39.17,0.48
2147,2021-04-02,VDA,873,344,529,648,225,ITC,ITC2,2,Valle d'Aosta / Vallée d'Aoste,Valle d'Aosta,125666,50099,39.87,0.69
2148,2021-05-29,VDA,798,434,364,561,237,ITC,ITC2,2,Valle d'Aosta / Vallée d'Aoste,Valle d'Aosta,125666,50897,40.5,0.64
2149,2021-02-21,VDA,18,3,15,0,18,ITC,ITC2,2,Valle d'Aosta / Vallée d'Aoste,Valle d'Aosta,125666,50915,40.52,0.01
2150,2021-06-01,VDA,871,469,402,518,353,ITC,ITC2,2,Valle d'Aosta / Vallée d'Aoste,Valle d'Aosta,125666,51786,41.21,0.69
2151,2021-02-23,VDA,216,123,93,216,0,ITC,ITC2,2,Valle d'Aosta / Vallée d'Aoste,Valle d'Aosta,125666,52002,41.38,0.17
2152,2021-06-03,VDA,1306,667,639,896,410,ITC,ITC2,2,Valle d'Aosta / Vallée d'Aoste,Valle d'Aosta,125666,53308,42.42,1.04
2153,2021-05-06,VDA,1063,509,554,679,384,ITC,ITC2,2,Valle d'Aosta / Vallée d'Aoste,Valle d'Aosta,125666,54371,43.27,0.85
2154,2021-02-16,VDA,326,53,273,320,6,ITC,ITC2,2,Valle d'Aosta / Vallée d'Aoste,Valle d'Aosta,125666,54697,43.53,0.26
2155,2021-04-07,VDA,910,474,436,681,229,ITC,ITC2,2,Valle d'Aosta / Vallée d'Aoste,Valle d'Aosta,125666,55607,44.25,0.72
2156,2021-02-09,VDA,251,84,167,68,183,ITC,ITC2,2,Valle d'Aosta / Vallée d'Aoste,Valle d'Aosta,125666,55858,44.45,0.2
2157,2021-05-18,VDA,970,484,486,353,617,ITC,ITC2,2,Valle d'Aosta / Vallée d'Aoste,Valle d'Aosta,125666,56828,45.22,0.77
2158,2021-02-07,VDA,292,120,172,190,102,ITC,ITC2,2,Valle d'Aosta / Vallée d'Aoste,Valle d'Aosta,125666,57120,45.45,0.23
2159,2021-05-01,VDA,940,563,377,456,484,ITC,ITC2,2,Valle d'Aosta / Vallée d'Aoste,Valle d'Aosta,125666,58060,46.2,0.75
2160,2021-04-14,VDA,941,430,511,717,224,ITC,ITC2,2,Valle d'Aosta / Vallée d'Aoste,Valle d'Aosta,125666,59001,46.95,0.75
2161,2021-01-02,VDA,6,5,1,6,0,ITC,ITC2,2,Valle d'Aosta / Vallée d'Aoste,Valle d'Aosta,125666,59007,46.96,0.0
2162,2021-03-26,VDA,498,204,294,491,7,ITC,ITC2,2,Valle d'Aosta / Vallée d'Aoste,Valle d'Aosta,125666,59505,47.35,0.4
2163,2021-06-17,VDA,775,422,353,626,149,ITC,ITC2,2,Valle d'Aosta / Vallée d'Aoste,Valle d'Aosta,125666,60280,47.97,0.62
2164,2021-04-05,VDA,462,222,240,458,4,ITC,ITC2,2,Valle d'Aosta / Vallée d'Aoste,Valle d'Aosta,125666,60742,48.34,0.37
2165,2021-01-28,VDA,291,123,168,56,235,ITC,ITC2,2,Valle d'Aosta / Vallée d'Aoste,Valle d'Aosta,125666,61033,48.57,0.23
2166,2021-05-17,VDA,809,417,392,375,434,ITC,ITC2,2,Valle d'Aosta / Vallée d'Aoste,Valle d'Aosta,125666,61842,49.21,0.64
2167,2021-05-15,VDA,1065,614,451,380,685,ITC,ITC2,2,Valle d'Aosta / Vallée d'Aoste,Valle d'Aosta,125666,62907,50.06,0.85
2168,2021-02-04,VDA,294,86,208,8,286,ITC,ITC2,2,Valle d'Aosta / Vallée d'Aoste,Valle d'Aosta,125666,63201,50.29,0.23
2169,2021-04-28,VDA,1218,632,586,715,503,ITC,ITC2,2,Valle d'Aosta / Vallée d'Aoste,Valle d'Aosta,125666,64419,51.26,0.97
2170,2021-04-18,VDA,522,254,268,518,4,ITC,ITC2,2,Valle d'Aosta / Vallée d'Aoste,Valle d'Aosta,125666,64941,51.68,0.42
2171,2021-06-14,VDA,306,163,143,12,294,ITC,ITC2,2,Valle d'Aosta / Vallée d'Aoste,Valle d'Aosta,125666,65247,51.92,0.24
2172,2021-05-31,VDA,879,395,484,500,379,ITC,ITC2,2,Valle d'Aosta / Vallée d'Aoste,Valle d'Aosta,125666,66126,52.62,0.7
2173,2021-04-25,VDA,849,408,441,710,139,ITC,ITC2,2,Valle d'Aosta / Vallée d'Aoste,Valle d'Aosta,125666,66975,53.3,0.68
2174,2021-06-07,VDA,710,347,363,649,61,ITC,ITC2,2,Valle d'Aosta / Vallée d'Aoste,Valle d'Aosta,125666,67685,53.86,0.56
2175,2021-02-27,VDA,231,85,146,124,107,ITC,ITC2,2,Valle d'Aosta / Vallée d'Aoste,Valle d'Aosta,125666,67916,54.04,0.18
2176,2021-06-10,VDA,1002,558,444,960,42,ITC,ITC2,2,Valle d'Aosta / Vallée d'Aoste,Valle d'Aosta,125666,68918,54.84,0.8
2177,2021-03-02,VDA,339,166,173,336,3,ITC,ITC2,2,Valle d'Aosta / Vallée d'Aoste,Valle d'Aosta,125666,69257,55.11,0.27
2178,2021-01-11,VDA,325,112,213,325,0,ITC,ITC2,2,Valle d'Aosta / Vallée d'Aoste,Valle d'Aosta,125666,69582,55.37,0.26
2179,2021-04-04,VDA,572,253,319,571,1,ITC,ITC2,2,Valle d'Aosta / Vallée d'Aoste,Valle d'Aosta,125666,70154,55.83,0.46
2180,2021-02-13,VDA,216,196,20,215,1,ITC,ITC2,2,Valle d'Aosta / Vallée d'Aoste,Valle d'Aosta,125666,70370,56.0,0.17
2181,2021-02-25,VDA,201,101,100,194,7,ITC,ITC2,2,Valle d'Aosta / Vallée d'Aoste,Valle d'Aosta,125666,70571,56.16,0.16
2182,2021-01-06,VDA,65,33,32,65,0,ITC,ITC2,2,Valle d'Aosta / Vallée d'Aoste,Valle d'Aosta,125666,70636,56.21,0.05
2183,2021-02-18,VDA,349,153,196,261,88,ITC,ITC2,2,Valle d'Aosta / Vallée d'Aoste,Valle d'Aosta,125666,70985,56.49,0.28
2184,2021-01-21,VDA,33,12,21,33,0,ITC,ITC2,2,Valle d'Aosta / Vallée d'Aoste,Valle d'Aosta,125666,71018,56.51,0.03
2185,2021-01-04,VDA,142,59,83,142,0,ITC,ITC2,2,Valle d'Aosta / Vallée d'Aoste,Valle d'Aosta,125666,71160,56.63,0.11
2186,2021-03-28,VDA,522,212,310,521,1,ITC,ITC2,2,Valle d'Aosta / Vallée d'Aoste,Valle d'Aosta,125666,71682,57.04,0.42
2187,2021-03-11,VDA,197,76,121,66,131,ITC,ITC2,2,Valle d'Aosta / Vallée d'Aoste,Valle d'Aosta,125666,71879,57.2,0.16
2188,2021-06-02,VDA,1215,688,527,814,401,ITC,ITC2,2,Valle d'Aosta / Vallée d'Aoste,Valle d'Aosta,125666,73094,58.17,0.97
2189,2021-03-09,VDA,206,96,110,174,32,ITC,ITC2,2,Valle d'Aosta / Vallée d'Aoste,Valle d'Aosta,125666,73300,58.33,0.16
2190,2021-02-20,VDA,251,210,41,241,10,ITC,ITC2,2,Valle d'Aosta / Vallée d'Aoste,Valle d'Aosta,125666,73551,58.53,0.2
2191,2021-01-09,VDA,443,199,244,443,0,ITC,ITC2,2,Valle d'Aosta / Vallée d'Aoste,Valle d'Aosta,125666,73994,58.88,0.35
2192,2021-02-08,VDA,223,83,140,25,198,ITC,ITC2,2,Valle d'Aosta / Vallée d'Aoste,Valle d'Aosta,125666,74217,59.06,0.18
2193,2021-03-23,VDA,379,150,229,245,134,ITC,ITC2,2,Valle d'Aosta / Vallée d'Aoste,Valle d'Aosta,125666,74596,59.36,0.3
2194,2021-05-19,VDA,993,498,495,418,575,ITC,ITC2,2,Valle d'Aosta / Vallée d'Aoste,Valle d'Aosta,125666,75589,60.15,0.79
2195,2021-03-16,VDA,182,37,145,118,64,ITC,ITC2,2,Valle d'Aosta / Vallée d'Aoste,Valle d'Aosta,125666,75771,60.3,0.14
2196,2021-02-06,VDA,289,104,185,92,197,ITC,ITC2,2,Valle d'Aosta / Vallée d'Aoste,Valle d'Aosta,125666,76060,60.53,0.23
2197,2021-04-30,VDA,831,355,476,485,346,ITC,ITC2,2,Valle d'Aosta / Vallée d'Aoste,Valle d'Aosta,125666,76891,61.19,0.66
2198,2021-01-20,VDA,23,8,15,23,0,ITC,ITC2,2,Valle d'Aosta / Vallée d'Aoste,Valle d'Aosta,125666,76914,61.21,0.02
2199,2021-01-18,VDA,213,74,139,213,0,ITC,ITC2,2,Valle d'Aosta / Vallée d'Aoste,Valle d'Aosta,125666,77127,61.37,0.17
2200,2021-04-11,VDA,479,208,271,479,0,ITC,ITC2,2,Valle d'Aosta / Vallée d'Aoste,Valle d'Aosta,125666,77606,61.76,0.38
2201,2021-06-12,VDA,1232,599,633,1066,166,ITC,ITC2,2,Valle d'Aosta / Vallée d'Aoste,Valle d'Aosta,125666,78838,62.74,0.98
2202,2021-03-19,VDA,322,85,237,287,35,ITC,ITC2,2,Valle d'Aosta / Vallée d'Aoste,Valle d'Aosta,125666,79160,62.99,0.26
2203,2021-05-07,VDA,564,245,319,533,31,ITC,ITC2,2,Valle d'Aosta / Vallée d'Aoste,Valle d'Aosta,125666,79724,63.44,0.45
2204,2021-04-23,VDA,921,443,478,538,383,ITC,ITC2,2,Valle d'Aosta / Vallée d'Aoste,Valle d'Aosta,125666,80645,64.17,0.73
2205,2021-01-13,VDA,337,110,227,337,0,ITC,ITC2,2,Valle d'Aosta / Vallée d'Aoste,Valle d'Aosta,125666,80982,64.44,0.27
2206,2021-04-06,VDA,741,381,360,629,112,ITC,ITC2,2,Valle d'Aosta / Vallée d'Aoste,Valle d'Aosta,125666,81723,65.03,0.59
2207,2021-03-18,VDA,136,43,93,99,37,ITC,ITC2,2,Valle d'Aosta / Vallée d'Aoste,Valle d'Aosta,125666,81859,65.14,0.11
2208,2021-03-04,VDA,291,139,152,42,249,ITC,ITC2,2,Valle d'Aosta / Vallée d'Aoste,Valle d'Aosta,125666,82150,65.37,0.23
2209,2021-05-26,VDA,1209,587,622,576,633,ITC,ITC2,2,Valle d'Aosta / Vallée d'Aoste,Valle d'Aosta,125666,83359,66.33,0.96
2210,2021-06-15,VDA,876,479,397,621,255,ITC,ITC2,2,Valle d'Aosta / Vallée d'Aoste,Valle d'Aosta,125666,84235,67.03,0.7
2211,2021-03-05,VDA,275,124,151,53,222,ITC,ITC2,2,Valle d'Aosta / Vallée d'Aoste,Valle d'Aosta,125666,84510,67.25,0.22
2212,2021-02-28,VDA,260,86,174,77,183,ITC,ITC2,2,Valle d'Aosta / Vallée d'Aoste,Valle d'Aosta,125666,84770,67.46,0.21
2213,2021-05-05,VDA,1038,566,472,456,582,ITC,ITC2,2,Valle d'Aosta / Vallée d'Aoste,Valle d'Aosta,125666,85808,68.28,0.83
2214,2021-05-03,VDA,839,400,439,488,351,ITC,ITC2,2,Valle d'Aosta / Vallée d'Aoste,Valle d'Aosta,125666,86647,68.95,0.67
2215,2021-03-07,VDA,64,30,34,11,53,ITC,ITC2,2,Valle d'Aosta / Vallée d'Aoste,Valle d'Aosta,125666,86711,69.0,0.05
2216,2021-01-30,VDA,439,202,237,14,425,ITC,ITC2,2,Valle d'Aosta / Vallée d'Aoste,Valle d'Aosta,125666,87150,69.35,0.35
2217,2021-01-25,VDA,147,65,82,0,147,ITC,ITC2,2,Valle d'Aosta / Vallée d'Aoste,Valle d'Aosta,125666,87297,69.47,0.12
2218,2021-05-14,VDA,960,442,518,291,669,ITC,ITC2,2,Valle d'Aosta / Vallée d'Aoste,Valle d'Aosta,125666,88257,70.23,0.76
2219,2021-02-01,VDA,404,127,277,87,317,ITC,ITC2,2,Valle d'Aosta / Vallée d'Aoste,Valle d'Aosta,125666,88661,70.55,0.32
2220,2021-03-30,VDA,402,223,179,382,20,ITC,ITC2,2,Valle d'Aosta / Vallée d'Aoste,Valle d'Aosta,125666,89063,70.87,0.32
2221,2021-05-12,VDA,1140,549,591,470,670,ITC,ITC2,2,Valle d'Aosta / Vallée d'Aoste,Valle d'Aosta,125666,90203,71.78,0.91
2222,2021-04-04,VEN,7776,3531,4245,6625,1151,ITH,ITH3,5,Veneto,Veneto,4905854,7776,0.16,0.16
2223,2021-05-24,VEN,33005,16397,16608,8011,24994,ITH,ITH3,5,Veneto,Veneto,4905854,40781,0.83,0.67
2224,2021-01-09,VEN,7927,2539,5388,7927,0,ITH,ITH3,5,Veneto,Veneto,4905854,48708,0.99,0.16
2225,2021-04-23,VEN,31180,13811,17369,22478,8702,ITH,ITH3,5,Veneto,Veneto,4905854,79888,1.63,0.64
2226,2021-02-16,VEN,6643,2871,3772,6466,177,ITH,ITH3,5,Veneto,Veneto,4905854,86531,1.76,0.14
2227,2021-05-29,VEN,32914,16631,16283,25306,7608,ITH,ITH3,5,Veneto,Veneto,4905854,119445,2.43,0.67
2228,2021-06-17,VEN,49631,24915,24716,25669,23962,ITH,ITH3,5,Veneto,Veneto,4905854,169076,3.45,1.01
2229,2021-03-09,VEN,16541,7446,9095,10218,6323,ITH,ITH3,5,Veneto,Veneto,4905854,185617,3.78,0.34
2230,2021-05-31,VEN,31559,16191,15368,21665,9894,ITH,ITH3,5,Veneto,Veneto,4905854,217176,4.43,0.64
2231,2021-03-26,VEN,29572,13138,16434,24104,5468,ITH,ITH3,5,Veneto,Veneto,4905854,246748,5.03,0.6
2232,2021-03-28,VEN,31243,13582,17661,27627,3616,ITH,ITH3,5,Veneto,Veneto,4905854,277991,5.67,0.64
2233,2021-04-14,VEN,15896,6889,9007,9270,6626,ITH,ITH3,5,Veneto,Veneto,4905854,293887,5.99,0.32
2234,2021-01-04,VEN,6735,2033,4702,6735,0,ITH,ITH3,5,Veneto,Veneto,4905854,300622,6.13,0.14
2235,2021-02-25,VEN,7898,3339,4559,7293,605,ITH,ITH3,5,Veneto,Veneto,4905854,308520,6.29,0.16
2236,2021-04-09,VEN,31166,13743,17423,22828,8338,ITH,ITH3,5,Veneto,Veneto,4905854,339686,6.92,0.64
2237,2021-06-05,VEN,46644,24027,22617,38637,8007,ITH,ITH3,5,Veneto,Veneto,4905854,386330,7.87,0.95
2238,2021-01-23,VEN,4051,1246,2805,31,4020,ITH,ITH3,5,Veneto,Veneto,4905854,390381,7.96,0.08
2239,2021-03-21,VEN,11980,4752,7228,8518,3462,ITH,ITH3,5,Veneto,Veneto,4905854,402361,8.2,0.24
2240,2021-01-16,VEN,4611,1542,3069,4611,0,ITH,ITH3,5,Veneto,Veneto,4905854,406972,8.3,0.09
2241,2021-03-14,VEN,15174,5940,9234,14280,894,ITH,ITH3,5,Veneto,Veneto,4905854,422146,8.6,0.31
2242,2021-05-10,VEN,36437,17031,19406,26568,9869,ITH,ITH3,5,Veneto,Veneto,4905854,458583,9.35,0.74
2243,2021-01-30,VEN,8747,2672,6075,693,8054,ITH,ITH3,5,Veneto,Veneto,4905854,467330,9.53,0.18
2244,2021-05-05,VEN,44304,21231,23073,37731,6573,ITH,ITH3,5,Veneto,Veneto,4905854,511634,10.43,0.9
2245,2021-05-12,VEN,36673,17751,18922,31554,5119,ITH,ITH3,5,Veneto,Veneto,4905854,548307,11.18,0.75
2246,2021-03-16,VEN,12518,5349,7169,6902,5616,ITH,ITH3,5,Veneto,Veneto,4905854,560825,11.43,0.26
2247,2021-05-17,VEN,26465,12968,13497,16445,10020,ITH,ITH3,5,Veneto,Veneto,4905854,587290,11.97,0.54
2248,2021-02-06,VEN,4095,1354,2741,709,3386,ITH,ITH3,5,Veneto,Veneto,4905854,591385,12.05,0.08
2249,2021-02-23,VEN,7378,3252,4126,7108,270,ITH,ITH3,5,Veneto,Veneto,4905854,598763,12.21,0.15
2250,2021-04-28,VEN,32385,15166,17219,23367,9018,ITH,ITH3,5,Veneto,Veneto,4905854,631148,12.87,0.66
2251,2021-01-18,VEN,2762,776,1986,2563,199,ITH,ITH3,5,Veneto,Veneto,4905854,633910,12.92,0.06
2252,2021-02-04,VEN,7385,2025,5360,552,6833,ITH,ITH3,5,Veneto,Veneto,4905854,641295,13.07,0.15
2253,2021-01-11,VEN,7240,2102,5138,7240,0,ITH,ITH3,5,Veneto,Veneto,4905854,648535,13.22,0.15
2254,2021-04-21,VEN,32316,13177,19139,16254,16062,ITH,ITH3,5,Veneto,Veneto,4905854,680851,13.88,0.66
2255,2021-05-22,VEN,34732,16661,18071,13337,21395,ITH,ITH3,5,Veneto,Veneto,4905854,715583,14.59,0.71
2256,2021-02-11,VEN,4012,1238,2774,3384,628,ITH,ITH3,5,Veneto,Veneto,4905854,719595,14.67,0.08
2257,2021-01-28,VEN,9209,2662,6547,173,9036,ITH,ITH3,5,Veneto,Veneto,4905854,728804,14.86,0.19
2258,2021-03-02,VEN,11483,4622,6861,8176,3307,ITH,ITH3,5,Veneto,Veneto,4905854,740287,15.09,0.23
2259,2021-03-18,VEN,12611,5137,7474,7385,5226,ITH,ITH3,5,Veneto,Veneto,4905854,752898,15.35,0.26
2260,2021-05-07,VEN,48401,23198,25203,39739,8662,ITH,ITH3,5,Veneto,Veneto,4905854,801299,16.33,0.99
2261,2021-01-27,VEN,7141,2064,5077,241,6900,ITH,ITH3,5,Veneto,Veneto,4905854,808440,16.48,0.15
2262,2021-02-13,VEN,3266,1473,1793,3246,20,ITH,ITH3,5,Veneto,Veneto,4905854,811706,16.55,0.07
2263,2021-02-18,VEN,5828,2455,3373,5764,64,ITH,ITH3,5,Veneto,Veneto,4905854,817534,16.66,0.12
2264,2021-04-16,VEN,24436,10486,13950,12555,11881,ITH,ITH3,5,Veneto,Veneto,4905854,841970,17.16,0.5
2265,2021-04-18,VEN,17514,7253,10261,9947,7567,ITH,ITH3,5,Veneto,Veneto,4905854,859484,17.52,0.36
2266,2021-01-08,VEN,9406,2835,6571,9406,0,ITH,ITH3,5,Veneto,Veneto,4905854,868890,17.71,0.19
2267,2021-01-13,VEN,5986,1607,4379,5986,0,ITH,ITH3,5,Veneto,Veneto,4905854,874876,17.83,0.12
2268,2021-05-14,VEN,46626,22177,24449,25793,20833,ITH,ITH3,5,Veneto,Veneto,4905854,921502,18.78,0.95
2269,2021-02-20,VEN,6424,2014,4410,6353,71,ITH,ITH3,5,Veneto,Veneto,4905854,927926,18.91,0.13
2270,2021-06-02,VEN,20304,10234,10070,15957,4347,ITH,ITH3,5,Veneto,Veneto,4905854,948230,19.33,0.41
2271,2021-03-11,VEN,19822,8884,10938,14253,5569,ITH,ITH3,5,Veneto,Veneto,4905854,968052,19.73,0.4
2272,2021-03-23,VEN,22202,10235,11967,17491,4711,ITH,ITH3,5,Veneto,Veneto,4905854,990254,20.19,0.45
2273,2021-05-19,VEN,32825,15033,17792,16922,15903,ITH,ITH3,5,Veneto,Veneto,4905854,1023079,20.85,0.67
2274,2021-02-08,VEN,4976,1541,3435,1929,3047,ITH,ITH3,5,Veneto,Veneto,4905854,1028055,20.96,0.1
2275,2021-04-06,VEN,28924,13311,15613,23871,5053,ITH,ITH3,5,Veneto,Veneto,4905854,1056979,21.55,0.59
2276,2021-02-01,VEN,8561,2502,6059,160,8401,ITH,ITH3,5,Veneto,Veneto,4905854,1065540,21.72,0.17
2277,2021-02-15,VEN,4389,1824,2565,4149,240,ITH,ITH3,5,Veneto,Veneto,4905854,1069929,21.81,0.09
2278,2021-06-12,VEN,47653,24016,23637,37011,10642,ITH,ITH3,5,Veneto,Veneto,4905854,1117582,22.78,0.97
2279,2021-05-02,VEN,37235,17263,19972,26905,10330,ITH,ITH3,5,Veneto,Veneto,4905854,1154817,23.54,0.76
2280,2021-06-14,VEN,42322,21393,20929,27091,15231,ITH,ITH3,5,Veneto,Veneto,4905854,1197139,24.4,0.86
2281,2021-03-06,VEN,10667,4356,6311,7405,3262,ITH,ITH3,5,Veneto,Veneto,4905854,1207806,24.62,0.22
2282,2020-12-30,VEN,699,245,454,699,0,ITH,ITH3,5,Veneto,Veneto,4905854,1208505,24.63,0.01
2283,2021-03-07,VEN,4485,1766,2719,3925,560,ITH,ITH3,5,Veneto,Veneto,4905854,1212990,24.73,0.09
2284,2021-05-03,VEN,40661,19789,20872,34226,6435,ITH,ITH3,5,Veneto,Veneto,4905854,1253651,25.55,0.83
2285,2021-05-28,VEN,46527,22790,23737,24807,21720,ITH,ITH3,5,Veneto,Veneto,4905854,1300178,26.5,0.95
2286,2021-04-30,VEN,49981,23473,26508,34320,15661,ITH,ITH3,5,Veneto,Veneto,4905854,1350159,27.52,1.02
2287,2021-01-20,VEN,1038,368,670,386,652,ITH,ITH3,5,Veneto,Veneto,4905854,1351197,27.54,0.02
2288,2021-06-16,VEN,46869,23100,23769,25783,21086,ITH,ITH3,5,Veneto,Veneto,4905854,1398066,28.5,0.96
2289,2021-01-01,VEN,1528,471,1057,1528,0,ITH,ITH3,5,Veneto,Veneto,4905854,1399594,28.53,0.03
2290,2021-03-25,VEN,25934,11046,14888,19835,6099,ITH,ITH3,5,Veneto,Veneto,4905854,1425528,29.06,0.53
2291,2021-04-11,VEN,21008,8876,12132,14701,6307,ITH,ITH3,5,Veneto,Veneto,4905854,1446536,29.49,0.43
2292,2021-06-10,VEN,51581,26652,24929,42434,9147,ITH,ITH3,5,Veneto,Veneto,4905854,1498117,30.54,1.05
2293,2021-04-02,VEN,24041,10597,13444,17710,6331,ITH,ITH3,5,Veneto,Veneto,4905854,1522158,31.03,0.49
2294,2021-06-09,VEN,42218,21676,20542,34863,7355,ITH,ITH3,5,Veneto,Veneto,4905854,1564376,31.89,0.86
2295,2021-01-25,VEN,6468,2075,4393,159,6309,ITH,ITH3,5,Veneto,Veneto,4905854,1570844,32.02,0.13
2296,2021-04-20,VEN,22428,9494,12934,8429,13999,ITH,ITH3,5,Veneto,Veneto,4905854,1593272,32.48,0.46
2297,2021-03-03,VEN,12093,4646,7447,8594,3499,ITH,ITH3,5,Veneto,Veneto,4905854,1605365,32.72,0.25
2298,2021-06-11,VEN,46588,24248,22340,35642,10946,ITH,ITH3,5,Veneto,Veneto,4905854,1651953,33.67,0.95
2299,2021-04-22,VEN,31977,13910,18067,16234,15743,ITH,ITH3,5,Veneto,Veneto,4905854,1683930,34.32,0.65
2300,2021-04-25,VEN,18318,8149,10169,13482,4836,ITH,ITH3,5,Veneto,Veneto,4905854,1702248,34.7,0.37
2301,2021-01-06,VEN,8135,2387,5748,8135,0,ITH,ITH3,5,Veneto,Veneto,4905854,1710383,34.86,0.17
2302,2021-03-15,VEN,16665,7326,9339,11457,5208,ITH,ITH3,5,Veneto,Veneto,4905854,1727048,35.2,0.34
2303,2021-03-30,VEN,35930,15280,20650,30679,5251,ITH,ITH3,5,Veneto,Veneto,4905854,1762978,35.94,0.73
2304,2021-04-10,VEN,27443,11969,15474,18964,8479,ITH,ITH3,5,Veneto,Veneto,4905854,1790421,36.5,0.56
2305,2021-06-06,VEN,37279,19098,18181,32559,4720,ITH,ITH3,5,Veneto,Veneto,4905854,1827700,37.26,0.76
2306,2020-12-27,VEN,880,395,485,880,0,ITH,ITH3,5,Veneto,Veneto,4905854,1828580,37.27,0.02
2307,2021-05-30,VEN,22534,11264,11270,15844,6690,ITH,ITH3,5,Veneto,Veneto,4905854,1851114,37.73,0.46
2308,2021-04-27,VEN,28122,12750,15372,21205,6917,ITH,ITH3,5,Veneto,Veneto,4905854,1879236,38.31,0.57
2309,2021-01-17,VEN,1933,781,1152,1584,349,ITH,ITH3,5,Veneto,Veneto,4905854,1881169,38.35,0.04
2310,2021-02-03,VEN,5945,1667,4278,479,5466,ITH,ITH3,5,Veneto,Veneto,4905854,1887114,38.47,0.12
2311,2021-04-29,VEN,50225,23363,26862,37042,13183,ITH,ITH3,5,Veneto,Veneto,4905854,1937339,39.49,1.02
2312,2021-02-05,VEN,8372,2534,5838,1415,6957,ITH,ITH3,5,Veneto,Veneto,4905854,1945711,39.66,0.17
2313,2021-02-22,VEN,7014,3041,3973,6627,387,ITH,ITH3,5,Veneto,Veneto,4905854,1952725,39.8,0.14
2314,2021-05-16,VEN,28411,14006,14405,21320,7091,ITH,ITH3,5,Veneto,Veneto,4905854,1981136,40.38,0.58
2315,2021-05-21,VEN,44710,21988,22722,20955,23755,ITH,ITH3,5,Veneto,Veneto,4905854,2025846,41.29,0.91
2316,2021-02-17,VEN,6022,2772,3250,5928,94,ITH,ITH3,5,Veneto,Veneto,4905854,2031868,41.42,0.12
2317,2021-04-01,VEN,25291,11142,14149,18885,6406,ITH,ITH3,5,Veneto,Veneto,4905854,2057159,41.93,0.52
2318,2021-04-15,VEN,20858,8612,12246,10047,10811,ITH,ITH3,5,Veneto,Veneto,4905854,2078017,42.36,0.43
2319,2021-01-05,VEN,7329,2182,5147,7329,0,ITH,ITH3,5,Veneto,Veneto,4905854,2085346,42.51,0.15
2320,2021-02-10,VEN,4751,1588,3163,3697,1054,ITH,ITH3,5,Veneto,Veneto,4905854,2090097,42.6,0.1
2321,2021-04-08,VEN,32324,14348,17976,24446,7878,ITH,ITH3,5,Veneto,Veneto,4905854,2122421,43.26,0.66
2322,2021-06-04,VEN,49335,25691,23644,41283,8052,ITH,ITH3,5,Veneto,Veneto,4905854,2171756,44.27,1.01
2323,2021-02-24,VEN,8614,3678,4936,8128,486,ITH,ITH3,5,Veneto,Veneto,4905854,2180370,44.44,0.18
2324,2021-04-13,VEN,14022,6321,7701,8536,5486,ITH,ITH3,5,Veneto,Veneto,4905854,2194392,44.73,0.29
2325,2021-01-03,VEN,5157,1562,3595,5157,0,ITH,ITH3,5,Veneto,Veneto,4905854,2199549,44.84,0.11
2326,2021-03-08,VEN,13629,6271,7358,9560,4069,ITH,ITH3,5,Veneto,Veneto,4905854,2213178,45.11,0.28
2327,2021-05-09,VEN,35017,16099,18918,24957,10060,ITH,ITH3,5,Veneto,Veneto,4905854,2248195,45.83,0.71
2328,2021-05-26,VEN,31022,15163,15859,14560,16462,ITH,ITH3,5,Veneto,Veneto,4905854,2279217,46.46,0.63
2329,2021-03-01,VEN,9394,3716,5678,7572,1822,ITH,ITH3,5,Veneto,Veneto,4905854,2288611,46.65,0.19
2330,2021-04-03,VEN,21942,9623,12319,14232,7710,ITH,ITH3,5,Veneto,Veneto,4905854,2310553,47.1,0.45
2331,2021-03-20,VEN,13007,5386,7621,10928,2079,ITH,ITH3,5,Veneto,Veneto,4905854,2323560,47.36,0.27
2332,2020-12-31,VEN,3220,1042,2178,3220,0,ITH,ITH3,5,Veneto,Veneto,4905854,2326780,47.43,0.07
2333,2021-04-12,VEN,14901,6333,8568,6684,8217,ITH,ITH3,5,Veneto,Veneto,4905854,2341681,47.73,0.3
2334,2021-01-02,VEN,5743,1766,3977,5743,0,ITH,ITH3,5,Veneto,Veneto,4905854,2347424,47.85,0.12
2335,2021-04-26,VEN,20714,9452,11262,15575,5139,ITH,ITH3,5,Veneto,Veneto,4905854,2368138,48.27,0.42
2336,2021-06-15,VEN,47282,24017,23265,29966,17316,ITH,ITH3,5,Veneto,Veneto,4905854,2415420,49.24,0.96
2337,2021-06-08,VEN,43335,22422,20913,37272,6063,ITH,ITH3,5,Veneto,Veneto,4905854,2458755,50.12,0.88
2338,2021-05-25,VEN,27712,13378,14334,11705,16007,ITH,ITH3,5,Veneto,Veneto,4905854,2486467,50.68,0.56
2339,2021-02-14,VEN,125,56,69,112,13,ITH,ITH3,5,Veneto,Veneto,4905854,2486592,50.69,0.0
2340,2021-02-28,VEN,4136,1389,2747,3299,837,ITH,ITH3,5,Veneto,Veneto,4905854,2490728,50.77,0.08
2341,2021-03-17,VEN,14645,5992,8653,7849,6796,ITH,ITH3,5,Veneto,Veneto,4905854,2505373,51.07,0.3
2342,2021-01-12,VEN,5230,1516,3714,5230,0,ITH,ITH3,5,Veneto,Veneto,4905854,2510603,51.18,0.11
2343,2021-04-19,VEN,21535,8918,12617,5125,16410,ITH,ITH3,5,Veneto,Veneto,4905854,2532138,51.61,0.44
2344,2021-04-05,VEN,19141,8367,10774,13701,5440,ITH,ITH3,5,Veneto,Veneto,4905854,2551279,52.0,0.39
2345,2021-01-26,VEN,6918,2091,4827,152,6766,ITH,ITH3,5,Veneto,Veneto,4905854,2558197,52.15,0.14
2346,2021-05-06,VEN,46898,22001,24897,38426,8472,ITH,ITH3,5,Veneto,Veneto,4905854,2605095,53.1,0.96
2347,2021-02-26,VEN,8295,3270,5025,7038,1257,ITH,ITH3,5,Veneto,Veneto,4905854,2613390,53.27,0.17
2348,2021-04-24,VEN,24747,10823,13924,15668,9079,ITH,ITH3,5,Veneto,Veneto,4905854,2638137,53.78,0.5
2349,2021-01-14,VEN,7063,1924,5139,7063,0,ITH,ITH3,5,Veneto,Veneto,4905854,2645200,53.92,0.14
2350,2021-03-12,VEN,18646,8189,10457,11903,6743,ITH,ITH3,5,Veneto,Veneto,4905854,2663846,54.3,0.38
2351,2021-04-17,VEN,22414,9083,13331,15134,7280,ITH,ITH3,5,Veneto,Veneto,4905854,2686260,54.76,0.46
2352,2021-01-07,VEN,8359,2317,6042,8359,0,ITH,ITH3,5,Veneto,Veneto,4905854,2694619,54.93,0.17
2353,2021-06-13,VEN,36872,19033,17839,29912,6960,ITH,ITH3,5,Veneto,Veneto,4905854,2731491,55.68,0.75
2354,2021-01-21,VEN,2293,719,1574,21,2272,ITH,ITH3,5,Veneto,Veneto,4905854,2733784,55.72,0.05
2355,2021-03-05,VEN,13336,5020,8316,9666,3670,ITH,ITH3,5,Veneto,Veneto,4905854,2747120,56.0,0.27
2356,2021-06-18,VEN,18415,9140,9275,7325,11090,ITH,ITH3,5,Veneto,Veneto,4905854,2765535,56.37,0.38
2357,2021-03-27,VEN,32083,14019,18064,26277,5806,ITH,ITH3,5,Veneto,Veneto,4905854,2797618,57.03,0.65
2358,2021-06-03,VEN,54178,27878,26300,42245,11933,ITH,ITH3,5,Veneto,Veneto,4905854,2851796,58.13,1.1
2359,2021-05-18,VEN,26855,12496,14359,13288,13567,ITH,ITH3,5,Veneto,Veneto,4905854,2878651,58.68,0.55
2360,2021-03-22,VEN,18136,8174,9962,13095,5041,ITH,ITH3,5,Veneto,Veneto,4905854,2896787,59.05,0.37
2361,2021-03-13,VEN,17228,7302,9926,14097,3131,ITH,ITH3,5,Veneto,Veneto,4905854,2914015,59.4,0.35
2362,2021-01-15,VEN,5875,1820,4055,5875,0,ITH,ITH3,5,Veneto,Veneto,4905854,2919890,59.52,0.12
2363,2021-05-20,VEN,44701,21195,23506,20396,24305,ITH,ITH3,5,Veneto,Veneto,4905854,2964591,60.43,0.91
2364,2021-02-09,VEN,5248,1890,3358,3446,1802,ITH,ITH3,5,Veneto,Veneto,4905854,2969839,60.54,0.11
2365,2021-05-27,VEN,46373,22793,23580,23279,23094,ITH,ITH3,5,Veneto,Veneto,4905854,3016212,61.48,0.95
2366,2021-02-07,VEN,2315,862,1453,714,1601,ITH,ITH3,5,Veneto,Veneto,4905854,3018527,61.53,0.05
2367,2021-03-24,VEN,22098,9565,12533,15296,6802,ITH,ITH3,5,Veneto,Veneto,4905854,3040625,61.98,0.45
2368,2021-01-19,VEN,1309,472,837,1159,150,ITH,ITH3,5,Veneto,Veneto,4905854,3041934,62.01,0.03
2369,2021-05-01,VEN,38841,18233,20608,29898,8943,ITH,ITH3,5,Veneto,Veneto,4905854,3080775,62.8,0.79
2370,2021-02-19,VEN,7322,3140,4182,7118,204,ITH,ITH3,5,Veneto,Veneto,4905854,3088097,62.95,0.15
2371,2021-02-21,VEN,4636,1210,3426,4631,5,ITH,ITH3,5,Veneto,Veneto,4905854,3092733,63.04,0.09
2372,2021-05-15,VEN,36174,17485,18689,26186,9988,ITH,ITH3,5,Veneto,Veneto,4905854,3128907,63.78,0.74
2373,2021-06-01,VEN,26897,13537,13360,16400,10497,ITH,ITH3,5,Veneto,Veneto,4905854,3155804,64.33,0.55
2374,2021-03-10,VEN,19033,8722,10311,13350,5683,ITH,ITH3,5,Veneto,Veneto,4905854,3174837,64.72,0.39
2375,2021-01-10,VEN,5032,1671,3361,5032,0,ITH,ITH3,5,Veneto,Veneto,4905854,3179869,64.82,0.1
2376,2021-05-23,VEN,34472,16457,18015,11065,23407,ITH,ITH3,5,Veneto,Veneto,4905854,3214341,65.52,0.7
2377,2021-02-12,VEN,4314,1447,2867,3742,572,ITH,ITH3,5,Veneto,Veneto,4905854,3218655,65.61,0.09
2378,2021-01-29,VEN,9021,2788,6233,367,8654,ITH,ITH3,5,Veneto,Veneto,4905854,3227676,65.79,0.18
2379,2021-05-08,VEN,41407,18726,22681,29601,11806,ITH,ITH3,5,Veneto,Veneto,4905854,3269083,66.64,0.84
2380,2021-03-19,VEN,13790,5668,8122,7696,6094,ITH,ITH3,5,Veneto,Veneto,4905854,3282873,66.92,0.28
2381,2021-06-07,VEN,44329,23142,21187,37337,6992,ITH,ITH3,5,Veneto,Veneto,4905854,3327202,67.82,0.9
2382,2021-02-27,VEN,8988,2691,6297,8141,847,ITH,ITH3,5,Veneto,Veneto,4905854,3336190,68.0,0.18
2383,2021-03-04,VEN,12980,4884,8096,9508,3472,ITH,ITH3,5,Veneto,Veneto,4905854,3349170,68.27,0.26
2384,2021-05-11,VEN,33102,16477,16625,28384,4718,ITH,ITH3,5,Veneto,Veneto,4905854,3382272,68.94,0.67
2385,2021-01-22,VEN,1080,332,748,25,1055,ITH,ITH3,5,Veneto,Veneto,4905854,3383352,68.97,0.02
2386,2021-05-04,VEN,42893,20316,22577,34866,8027,ITH,ITH3,5,Veneto,Veneto,4905854,3426245,69.84,0.87
2387,2021-01-24,VEN,4117,1219,2898,28,4089,ITH,ITH3,5,Veneto,Veneto,4905854,3430362,69.92,0.08
2388,2021-04-07,VEN,35950,16152,19798,28624,7326,ITH,ITH3,5,Veneto,Veneto,4905854,3466312,70.66,0.73
2389,2021-01-31,VEN,4769,1562,3207,392,4377,ITH,ITH3,5,Veneto,Veneto,4905854,3471081,70.75,0.1
2390,2021-03-29,VEN,31455,13690,17765,27622,3833,ITH,ITH3,5,Veneto,Veneto,4905854,3502536,71.4,0.64
2391,2021-05-13,VEN,44173,21799,22374,34278,9895,ITH,ITH3,5,Veneto,Veneto,4905854,3546709,72.3,0.9
2392,2021-02-02,VEN,6508,1878,4630,396,6112,ITH,ITH3,5,Veneto,Veneto,4905854,3553217,72.43,0.13
2393,2021-03-31,VEN,38787,16375,22412,31297,7490,ITH,ITH3,5,Veneto,Veneto,4905854,3592004,73.22,0.79
2394,2021-02-13,UMB,115,28,87,112,3,ITI,ITI2,10,Umbria,Umbria,882015,115,0.01,0.01
2395,2021-05-24,UMB,9046,4507,4539,8169,877,ITI,ITI2,10,Umbria,Umbria,882015,9161,1.04,1.03
2396,2021-04-18,UMB,1530,680,850,600,930,ITI,ITI2,10,Umbria,Umbria,882015,10691,1.21,0.17
2397,2021-01-11,UMB,1315,346,969,1315,0,ITI,ITI2,10,Umbria,Umbria,882015,12006,1.36,0.15
2398,2021-05-05,UMB,7202,3294,3908,3901,3301,ITI,ITI2,10,Umbria,Umbria,882015,19208,2.18,0.82
2399,2021-01-25,UMB,648,323,325,5,643,ITI,ITI2,10,Umbria,Umbria,882015,19856,2.25,0.07
2400,2021-04-04,UMB,59,20,39,23,36,ITI,ITI2,10,Umbria,Umbria,882015,19915,2.26,0.01
2401,2021-06-07,UMB,6907,3396,3511,6218,689,ITI,ITI2,10,Umbria,Umbria,882015,26822,3.04,0.78
2402,2021-03-16,UMB,3539,1454,2085,1912,1627,ITI,ITI2,10,Umbria,Umbria,882015,30361,3.44,0.4
2403,2021-02-27,UMB,1658,354,1304,1642,16,ITI,ITI2,10,Umbria,Umbria,882015,32019,3.63,0.19
2404,2021-04-06,UMB,5293,2170,3123,2904,2389,ITI,ITI2,10,Umbria,Umbria,882015,37312,4.23,0.6
2405,2021-03-28,UMB,1096,442,654,1072,24,ITI,ITI2,10,Umbria,Umbria,882015,38408,4.35,0.12
2406,2021-01-30,UMB,1590,490,1100,44,1546,ITI,ITI2,10,Umbria,Umbria,882015,39998,4.53,0.18
2407,2021-05-12,UMB,6492,3024,3468,4347,2145,ITI,ITI2,10,Umbria,Umbria,882015,46490,5.27,0.74
2408,2021-06-02,UMB,3944,1895,2049,3904,40,ITI,ITI2,10,Umbria,Umbria,882015,50434,5.72,0.45
2409,2021-02-20,UMB,282,100,182,258,24,ITI,ITI2,10,Umbria,Umbria,882015,50716,5.75,0.03
2410,2021-03-09,UMB,4092,2003,2089,2801,1291,ITI,ITI2,10,Umbria,Umbria,882015,54808,6.21,0.46
2411,2021-05-31,UMB,5803,2837,2966,4920,883,ITI,ITI2,10,Umbria,Umbria,882015,60611,6.87,0.66
2412,2021-05-14,UMB,5284,2463,2821,3469,1815,ITI,ITI2,10,Umbria,Umbria,882015,65895,7.47,0.6
2413,2021-03-23,UMB,3797,1685,2112,2168,1629,ITI,ITI2,10,Umbria,Umbria,882015,69692,7.9,0.43
2414,2021-02-08,UMB,637,203,434,88,549,ITI,ITI2,10,Umbria,Umbria,882015,70329,7.97,0.07
2415,2021-05-19,UMB,9419,4211,5208,5672,3747,ITI,ITI2,10,Umbria,Umbria,882015,79748,9.04,1.07
2416,2021-02-06,UMB,396,138,258,34,362,ITI,ITI2,10,Umbria,Umbria,882015,80144,9.09,0.04
2417,2021-06-14,UMB,5363,2743,2620,3363,2000,ITI,ITI2,10,Umbria,Umbria,882015,85507,9.69,0.61
2418,2021-04-23,UMB,6614,2788,3826,3493,3121,ITI,ITI2,10,Umbria,Umbria,882015,92121,10.44,0.75
2419,2021-02-25,UMB,1336,497,839,1284,52,ITI,ITI2,10,Umbria,Umbria,882015,93457,10.6,0.15
2420,2021-03-11,UMB,3595,1726,1869,2589,1006,ITI,ITI2,10,Umbria,Umbria,882015,97052,11.0,0.41
2421,2021-01-13,UMB,450,139,311,450,0,ITI,ITI2,10,Umbria,Umbria,882015,97502,11.05,0.05
2422,2021-01-06,UMB,846,325,521,846,0,ITI,ITI2,10,Umbria,Umbria,882015,98348,11.15,0.1
2423,2021-06-12,UMB,7686,3677,4009,6122,1564,ITI,ITI2,10,Umbria,Umbria,882015,106034,12.02,0.87
2424,2021-04-16,UMB,8113,3748,4365,6275,1838,ITI,ITI2,10,Umbria,Umbria,882015,114147,12.94,0.92
2425,2021-04-30,UMB,6255,2973,3282,2866,3389,ITI,ITI2,10,Umbria,Umbria,882015,120402,13.65,0.71
2426,2021-03-04,UMB,4487,1855,2632,3659,828,ITI,ITI2,10,Umbria,Umbria,882015,124889,14.16,0.51
2427,2021-01-20,UMB,613,222,391,613,0,ITI,ITI2,10,Umbria,Umbria,882015,125502,14.23,0.07
2428,2021-01-01,UMB,274,105,169,274,0,ITI,ITI2,10,Umbria,Umbria,882015,125776,14.26,0.03
2429,2021-04-11,UMB,3102,1503,1599,3053,49,ITI,ITI2,10,Umbria,Umbria,882015,128878,14.61,0.35
2430,2021-01-18,UMB,614,219,395,529,85,ITI,ITI2,10,Umbria,Umbria,882015,129492,14.68,0.07
2431,2021-05-07,UMB,10126,4706,5420,6914,3212,ITI,ITI2,10,Umbria,Umbria,882015,139618,15.83,1.15
2432,2021-03-18,UMB,2943,1164,1779,1705,1238,ITI,ITI2,10,Umbria,Umbria,882015,142561,16.16,0.33
2433,2021-04-03,UMB,2112,717,1395,1059,1053,ITI,ITI2,10,Umbria,Umbria,882015,144673,16.4,0.24
2434,2021-01-08,UMB,1190,345,845,1190,0,ITI,ITI2,10,Umbria,Umbria,882015,145863,16.54,0.13
2435,2021-05-23,UMB,5068,1855,3213,652,4416,ITI,ITI2,10,Umbria,Umbria,882015,150931,17.11,0.57
2436,2021-03-30,UMB,3970,1725,2245,2438,1532,ITI,ITI2,10,Umbria,Umbria,882015,154901,17.56,0.45
2437,2020-12-27,UMB,86,45,41,86,0,ITI,ITI2,10,Umbria,Umbria,882015,154987,17.57,0.01
2438,2021-02-22,UMB,1889,807,1082,1803,86,ITI,ITI2,10,Umbria,Umbria,882015,156876,17.79,0.21
2439,2021-06-11,UMB,6896,3461,3435,6131,765,ITI,ITI2,10,Umbria,Umbria,882015,163772,18.57,0.78
2440,2021-02-01,UMB,1285,342,943,48,1237,ITI,ITI2,10,Umbria,Umbria,882015,165057,18.71,0.15
2441,2021-02-18,UMB,1496,582,914,1030,466,ITI,ITI2,10,Umbria,Umbria,882015,166553,18.88,0.17
2442,2021-05-16,UMB,5319,2536,2783,5267,52,ITI,ITI2,10,Umbria,Umbria,882015,171872,19.49,0.6
2443,2021-04-27,UMB,5668,2404,3264,3090,2578,ITI,ITI2,10,Umbria,Umbria,882015,177540,20.13,0.64
2444,2021-02-03,UMB,725,174,551,67,658,ITI,ITI2,10,Umbria,Umbria,882015,178265,20.21,0.08
2445,2021-05-11,UMB,6240,2832,3408,4036,2204,ITI,ITI2,10,Umbria,Umbria,882015,184505,20.92,0.71
2446,2021-05-26,UMB,9646,4567,5079,8393,1253,ITI,ITI2,10,Umbria,Umbria,882015,194151,22.01,1.09
2447,2021-05-28,UMB,9569,4426,5143,7278,2291,ITI,ITI2,10,Umbria,Umbria,882015,203720,23.1,1.08
2448,2021-04-15,UMB,7634,3486,4148,5747,1887,ITI,ITI2,10,Umbria,Umbria,882015,211354,23.96,0.87
2449,2021-02-17,UMB,1618,748,870,1267,351,ITI,ITI2,10,Umbria,Umbria,882015,212972,24.15,0.18
2450,2021-04-13,UMB,7687,3403,4284,6017,1670,ITI,ITI2,10,Umbria,Umbria,882015,220659,25.02,0.87
2451,2021-02-15,UMB,1368,692,676,1367,1,ITI,ITI2,10,Umbria,Umbria,882015,222027,25.17,0.16
2452,2021-01-03,UMB,270,112,158,270,0,ITI,ITI2,10,Umbria,Umbria,882015,222297,25.2,0.03
2453,2021-04-25,UMB,4364,1685,2679,4282,82,ITI,ITI2,10,Umbria,Umbria,882015,226661,25.7,0.49
2454,2021-03-06,UMB,4317,1154,3163,4174,143,ITI,ITI2,10,Umbria,Umbria,882015,230978,26.19,0.49
2455,2021-01-22,UMB,276,105,171,32,244,ITI,ITI2,10,Umbria,Umbria,882015,231254,26.22,0.03
2456,2021-05-02,UMB,3787,1868,1919,1333,2454,ITI,ITI2,10,Umbria,Umbria,882015,235041,26.65,0.43
2457,2021-03-20,UMB,2308,842,1466,2283,25,ITI,ITI2,10,Umbria,Umbria,882015,237349,26.91,0.26
2458,2021-05-30,UMB,5981,2998,2983,5780,201,ITI,ITI2,10,Umbria,Umbria,882015,243330,27.59,0.68
2459,2021-03-08,UMB,3702,1829,1873,2339,1363,ITI,ITI2,10,Umbria,Umbria,882015,247032,28.01,0.42
2460,2021-06-16,UMB,6282,3077,3205,3215,3067,ITI,ITI2,10,Umbria,Umbria,882015,253314,28.72,0.71
2461,2021-03-25,UMB,3904,1699,2205,2840,1064,ITI,ITI2,10,Umbria,Umbria,882015,257218,29.16,0.44
2462,2021-03-27,UMB,4253,1512,2741,3913,340,ITI,ITI2,10,Umbria,Umbria,882015,261471,29.64,0.48
2463,2021-04-20,UMB,5442,2359,3083,3495,1947,ITI,ITI2,10,Umbria,Umbria,882015,266913,30.26,0.62
2464,2021-01-27,UMB,840,330,510,13,827,ITI,ITI2,10,Umbria,Umbria,882015,267753,30.36,0.1
2465,2021-01-10,UMB,1070,277,793,1070,0,ITI,ITI2,10,Umbria,Umbria,882015,268823,30.48,0.12
2466,2021-05-21,UMB,8972,3668,5304,4135,4837,ITI,ITI2,10,Umbria,Umbria,882015,277795,31.5,1.02
2467,2021-05-04,UMB,5535,2545,2990,2410,3125,ITI,ITI2,10,Umbria,Umbria,882015,283330,32.12,0.63
2468,2021-04-01,UMB,4376,1838,2538,2366,2010,ITI,ITI2,10,Umbria,Umbria,882015,287706,32.62,0.5
2469,2021-03-01,UMB,1503,774,729,1389,114,ITI,ITI2,10,Umbria,Umbria,882015,289209,32.79,0.17
2470,2021-06-09,UMB,8047,3896,4151,7325,722,ITI,ITI2,10,Umbria,Umbria,882015,297256,33.7,0.91
2471,2021-03-17,UMB,3331,1313,2018,1859,1472,ITI,ITI2,10,Umbria,Umbria,882015,300587,34.08,0.38
2472,2021-01-07,UMB,1301,387,914,1301,0,ITI,ITI2,10,Umbria,Umbria,882015,301888,34.23,0.15
2473,2021-01-26,UMB,816,390,426,18,798,ITI,ITI2,10,Umbria,Umbria,882015,302704,34.32,0.09
2474,2021-02-12,UMB,671,224,447,665,6,ITI,ITI2,10,Umbria,Umbria,882015,303375,34.4,0.08
2475,2021-02-26,UMB,660,253,407,652,8,ITI,ITI2,10,Umbria,Umbria,882015,304035,34.47,0.07
2476,2021-04-08,UMB,5892,2524,3368,4097,1795,ITI,ITI2,10,Umbria,Umbria,882015,309927,35.14,0.67
2477,2021-06-04,UMB,8895,4397,4498,7711,1184,ITI,ITI2,10,Umbria,Umbria,882015,318822,36.15,1.01
2478,2021-06-13,UMB,6754,3552,3202,6524,230,ITI,ITI2,10,Umbria,Umbria,882015,325576,36.91,0.77
2479,2021-05-01,UMB,5375,2640,2735,2147,3228,ITI,ITI2,10,Umbria,Umbria,882015,330951,37.52,0.61
2480,2021-03-05,UMB,4624,1403,3221,3968,656,ITI,ITI2,10,Umbria,Umbria,882015,335575,38.05,0.52
2481,2021-03-03,UMB,4438,1773,2665,3727,711,ITI,ITI2,10,Umbria,Umbria,882015,340013,38.55,0.5
2482,2021-03-29,UMB,3890,1731,2159,2411,1479,ITI,ITI2,10,Umbria,Umbria,882015,343903,38.99,0.44
2483,2021-01-31,UMB,1058,276,782,25,1033,ITI,ITI2,10,Umbria,Umbria,882015,344961,39.11,0.12
2484,2021-05-25,UMB,8811,4298,4513,7748,1063,ITI,ITI2,10,Umbria,Umbria,882015,353772,40.11,1.0
2485,2021-05-18,UMB,7732,3345,4387,3890,3842,ITI,ITI2,10,Umbria,Umbria,882015,361504,40.99,0.88
2486,2021-03-22,UMB,3560,1655,1905,2314,1246,ITI,ITI2,10,Umbria,Umbria,882015,365064,41.39,0.4
2487,2021-04-05,UMB,4250,1728,2522,2195,2055,ITI,ITI2,10,Umbria,Umbria,882015,369314,41.87,0.48
2488,2021-02-05,UMB,780,234,546,18,762,ITI,ITI2,10,Umbria,Umbria,882015,370094,41.96,0.09
2489,2021-04-12,UMB,7089,3079,4010,5371,1718,ITI,ITI2,10,Umbria,Umbria,882015,377183,42.76,0.8
2490,2021-01-19,UMB,103,23,80,103,0,ITI,ITI2,10,Umbria,Umbria,882015,377286,42.78,0.01
2491,2021-04-29,UMB,5215,2248,2967,2889,2326,ITI,ITI2,10,Umbria,Umbria,882015,382501,43.37,0.59
2492,2021-03-24,UMB,4106,1792,2314,2783,1323,ITI,ITI2,10,Umbria,Umbria,882015,386607,43.83,0.47
2493,2021-03-13,UMB,1731,524,1207,1486,245,ITI,ITI2,10,Umbria,Umbria,882015,388338,44.03,0.2
2494,2021-01-15,UMB,701,215,486,701,0,ITI,ITI2,10,Umbria,Umbria,882015,389039,44.11,0.08
2495,2021-01-29,UMB,1232,348,884,79,1153,ITI,ITI2,10,Umbria,Umbria,882015,390271,44.25,0.14
2496,2021-05-09,UMB,5767,2759,3008,5376,391,ITI,ITI2,10,Umbria,Umbria,882015,396038,44.9,0.65
2497,2021-05-20,UMB,9844,4591,5253,6198,3646,ITI,ITI2,10,Umbria,Umbria,882015,405882,46.02,1.12
2498,2021-03-31,UMB,3903,1733,2170,2216,1687,ITI,ITI2,10,Umbria,Umbria,882015,409785,46.46,0.44
2499,2021-02-16,UMB,1308,655,653,1299,9,ITI,ITI2,10,Umbria,Umbria,882015,411093,46.61,0.15
2500,2021-05-27,UMB,9970,4863,5107,8651,1319,ITI,ITI2,10,Umbria,Umbria,882015,421063,47.74,1.13
2501,2021-01-04,UMB,810,398,412,810,0,ITI,ITI2,10,Umbria,Umbria,882015,421873,47.83,0.09
2502,2021-04-14,UMB,8156,3677,4479,6177,1979,ITI,ITI2,10,Umbria,Umbria,882015,430029,48.76,0.92
2503,2021-06-18,UMB,44,36,8,34,10,ITI,ITI2,10,Umbria,Umbria,882015,430073,48.76,0.0
2504,2021-05-13,UMB,5918,2665,3253,3841,2077,ITI,ITI2,10,Umbria,Umbria,882015,435991,49.43,0.67
2505,2021-02-19,UMB,743,293,450,526,217,ITI,ITI2,10,Umbria,Umbria,882015,436734,49.52,0.08
2506,2021-03-15,UMB,4616,1950,2666,2848,1768,ITI,ITI2,10,Umbria,Umbria,882015,441350,50.04,0.52
2507,2021-02-10,UMB,715,349,366,700,15,ITI,ITI2,10,Umbria,Umbria,882015,442065,50.12,0.08
2508,2021-01-24,UMB,258,106,152,1,257,ITI,ITI2,10,Umbria,Umbria,882015,442323,50.15,0.03
2509,2021-06-08,UMB,7264,3584,3680,6743,521,ITI,ITI2,10,Umbria,Umbria,882015,449587,50.97,0.82
2510,2021-04-10,UMB,7474,3514,3960,7339,135,ITI,ITI2,10,Umbria,Umbria,882015,457061,51.82,0.85
2511,2021-01-17,UMB,54,17,37,54,0,ITI,ITI2,10,Umbria,Umbria,882015,457115,51.83,0.01
2512,2020-12-31,UMB,322,127,195,322,0,ITI,ITI2,10,Umbria,Umbria,882015,457437,51.86,0.04
2513,2021-06-15,UMB,5920,2996,2924,3898,2022,ITI,ITI2,10,Umbria,Umbria,882015,463357,52.53,0.67
2514,2021-06-17,UMB,6886,3491,3395,4873,2013,ITI,ITI2,10,Umbria,Umbria,882015,470243,53.31,0.78
2515,2021-03-26,UMB,4604,1716,2888,4432,172,ITI,ITI2,10,Umbria,Umbria,882015,474847,53.84,0.52
2516,2021-01-02,UMB,304,111,193,304,0,ITI,ITI2,10,Umbria,Umbria,882015,475151,53.87,0.03
2517,2021-06-03,UMB,9039,4469,4570,8761,278,ITI,ITI2,10,Umbria,Umbria,882015,484190,54.9,1.02
2518,2021-04-07,UMB,5573,2292,3281,3567,2006,ITI,ITI2,10,Umbria,Umbria,882015,489763,55.53,0.63
2519,2021-02-23,UMB,1693,658,1035,1651,42,ITI,ITI2,10,Umbria,Umbria,882015,491456,55.72,0.19
2520,2021-05-06,UMB,9474,4322,5152,6158,3316,ITI,ITI2,10,Umbria,Umbria,882015,500930,56.79,1.07
2521,2021-06-10,UMB,7437,3710,3727,6673,764,ITI,ITI2,10,Umbria,Umbria,882015,508367,57.64,0.84
2522,2021-04-21,UMB,5316,2312,3004,3090,2226,ITI,ITI2,10,Umbria,Umbria,882015,513683,58.24,0.6
2523,2021-03-02,UMB,3642,1346,2296,3638,4,ITI,ITI2,10,Umbria,Umbria,882015,517325,58.65,0.41
2524,2021-02-07,UMB,54,17,37,1,53,ITI,ITI2,10,Umbria,Umbria,882015,517379,58.66,0.01
2525,2021-06-05,UMB,8209,3769,4440,5558,2651,ITI,ITI2,10,Umbria,Umbria,882015,525588,59.59,0.93
2526,2021-06-01,UMB,4380,2089,2291,4225,155,ITI,ITI2,10,Umbria,Umbria,882015,529968,60.09,0.5
2527,2021-03-10,UMB,4033,1945,2088,2777,1256,ITI,ITI2,10,Umbria,Umbria,882015,534001,60.54,0.46
2528,2021-01-16,UMB,221,73,148,221,0,ITI,ITI2,10,Umbria,Umbria,882015,534222,60.57,0.03
2529,2021-02-02,UMB,944,274,670,32,912,ITI,ITI2,10,Umbria,Umbria,882015,535166,60.68,0.11
2530,2021-04-26,UMB,5377,2329,3048,3125,2252,ITI,ITI2,10,Umbria,Umbria,882015,540543,61.29,0.61
2531,2021-04-09,UMB,6799,3164,3635,6580,219,ITI,ITI2,10,Umbria,Umbria,882015,547342,62.06,0.77
2532,2021-06-06,UMB,7610,3903,3707,6917,693,ITI,ITI2,10,Umbria,Umbria,882015,554952,62.92,0.86
2533,2021-02-24,UMB,1520,565,955,1505,15,ITI,ITI2,10,Umbria,Umbria,882015,556472,63.09,0.17
2534,2021-05-10,UMB,5985,2801,3184,3832,2153,ITI,ITI2,10,Umbria,Umbria,882015,562457,63.77,0.68
2535,2021-05-08,UMB,8108,3733,4375,4907,3201,ITI,ITI2,10,Umbria,Umbria,882015,570565,64.69,0.92
2536,2021-01-28,UMB,1248,394,854,19,1229,ITI,ITI2,10,Umbria,Umbria,882015,571813,64.83,0.14
2537,2021-05-03,UMB,5092,2272,2820,2205,2887,ITI,ITI2,10,Umbria,Umbria,882015,576905,65.41,0.58
2538,2021-01-23,UMB,280,100,180,2,278,ITI,ITI2,10,Umbria,Umbria,882015,577185,65.44,0.03
2539,2021-01-21,UMB,610,202,408,341,269,ITI,ITI2,10,Umbria,Umbria,882015,577795,65.51,0.07
2540,2021-03-07,UMB,845,180,665,838,7,ITI,ITI2,10,Umbria,Umbria,882015,578640,65.6,0.1
2541,2021-05-29,UMB,7845,3606,4239,6283,1562,ITI,ITI2,10,Umbria,Umbria,882015,586485,66.49,0.89
2542,2021-04-28,UMB,5349,2317,3032,2966,2383,ITI,ITI2,10,Umbria,Umbria,882015,591834,67.1,0.61
2543,2021-02-04,UMB,733,226,507,25,708,ITI,ITI2,10,Umbria,Umbria,882015,592567,67.18,0.08
2544,2021-05-15,UMB,4991,1881,3110,1826,3165,ITI,ITI2,10,Umbria,Umbria,882015,597558,67.75,0.57
2545,2021-02-11,UMB,842,349,493,837,5,ITI,ITI2,10,Umbria,Umbria,882015,598400,67.84,0.1
2546,2021-05-22,UMB,6959,2751,4208,2641,4318,ITI,ITI2,10,Umbria,Umbria,882015,605359,68.63,0.79
2547,2021-04-02,UMB,4308,1746,2562,3551,757,ITI,ITI2,10,Umbria,Umbria,882015,609667,69.12,0.49
2548,2021-01-09,UMB,1745,499,1246,1745,0,ITI,ITI2,10,Umbria,Umbria,882015,611412,69.32,0.2
2549,2021-04-19,UMB,5019,2218,2801,2970,2049,ITI,ITI2,10,Umbria,Umbria,882015,616431,69.89,0.57
2550,2021-04-22,UMB,5437,2237,3200,2773,2664,ITI,ITI2,10,Umbria,Umbria,882015,621868,70.51,0.62
2551,2021-04-17,UMB,6666,3059,3607,5326,1340,ITI,ITI2,10,Umbria,Umbria,882015,628534,71.26,0.76
2552,2021-01-05,UMB,854,429,425,854,0,ITI,ITI2,10,Umbria,Umbria,882015,629388,71.36,0.1
2553,2021-04-24,UMB,4564,1963,2601,3386,1178,ITI,ITI2,10,Umbria,Umbria,882015,633952,71.88,0.52
2554,2021-01-12,UMB,838,248,590,838,0,ITI,ITI2,10,Umbria,Umbria,882015,634790,71.97,0.1
2555,2021-03-14,UMB,66,48,18,66,0,ITI,ITI2,10,Umbria,Umbria,882015,634856,71.98,0.01
2556,2021-03-12,UMB,2698,1082,1616,2202,496,ITI,ITI2,10,Umbria,Umbria,882015,637554,72.28,0.31
2557,2021-03-21,UMB,675,338,337,675,0,ITI,ITI2,10,Umbria,Umbria,882015,638229,72.36,0.08
2558,2021-05-17,UMB,6370,3062,3308,4192,2178,ITI,ITI2,10,Umbria,Umbria,882015,644599,73.08,0.72
2559,2021-01-14,UMB,752,201,551,752,0,ITI,ITI2,10,Umbria,Umbria,882015,645351,73.17,0.09
2560,2021-03-19,UMB,1743,565,1178,1087,656,ITI,ITI2,10,Umbria,Umbria,882015,647094,73.37,0.2
2561,2021-03-30,LAZ,26631,12832,13799,19482,7149,ITI,ITI4,12,Lazio,Lazio,5879082,26631,0.45,0.45
2562,2021-04-18,LAZ,23808,10577,13231,16158,7650,ITI,ITI4,12,Lazio,Lazio,5879082,50439,0.86,0.4
2563,2021-05-19,LAZ,46881,21538,25343,36818,10063,ITI,ITI4,12,Lazio,Lazio,5879082,97320,1.66,0.8
2564,2021-01-04,LAZ,7484,2909,4575,7484,0,ITI,ITI4,12,Lazio,Lazio,5879082,104804,1.78,0.13
2565,2021-06-07,LAZ,61853,28827,33026,32984,28869,ITI,ITI4,12,Lazio,Lazio,5879082,166657,2.83,1.05
2566,2021-02-20,LAZ,9208,4276,4932,8439,769,ITI,ITI4,12,Lazio,Lazio,5879082,175865,2.99,0.16
2567,2021-05-31,LAZ,51253,22713,28540,31764,19489,ITI,ITI4,12,Lazio,Lazio,5879082,227118,3.86,0.87
2568,2021-04-04,LAZ,17533,8105,9428,12267,5266,ITI,ITI4,12,Lazio,Lazio,5879082,244651,4.16,0.3
2569,2021-02-18,LAZ,10017,4975,5042,9208,809,ITI,ITI4,12,Lazio,Lazio,5879082,254668,4.33,0.17
2570,2021-05-12,LAZ,47483,21540,25943,30887,16596,ITI,ITI4,12,Lazio,Lazio,5879082,302151,5.14,0.81
2571,2021-02-01,LAZ,5675,2177,3498,354,5321,ITI,ITI4,12,Lazio,Lazio,5879082,307826,5.24,0.1
2572,2021-01-13,LAZ,5694,2151,3543,5694,0,ITI,ITI4,12,Lazio,Lazio,5879082,313520,5.33,0.1
2573,2021-04-23,LAZ,37677,18090,19587,22408,15269,ITI,ITI4,12,Lazio,Lazio,5879082,351197,5.97,0.64
2574,2021-05-17,LAZ,44175,20218,23957,35646,8529,ITI,ITI4,12,Lazio,Lazio,5879082,395372,6.73,0.75
2575,2021-02-06,LAZ,6137,2475,3662,817,5320,ITI,ITI4,12,Lazio,Lazio,5879082,401509,6.83,0.1
2576,2021-02-11,LAZ,7001,3013,3988,6467,534,ITI,ITI4,12,Lazio,Lazio,5879082,408510,6.95,0.12
2577,2021-04-11,LAZ,19154,8469,10685,13273,5881,ITI,ITI4,12,Lazio,Lazio,5879082,427664,7.27,0.33
2578,2021-02-13,LAZ,6609,2626,3983,6194,415,ITI,ITI4,12,Lazio,Lazio,5879082,434273,7.39,0.11
2579,2021-03-16,LAZ,13546,5740,7806,7102,6444,ITI,ITI4,12,Lazio,Lazio,5879082,447819,7.62,0.23
2580,2021-03-09,LAZ,21938,9896,12042,16740,5198,ITI,ITI4,12,Lazio,Lazio,5879082,469757,7.99,0.37
2581,2021-01-11,LAZ,5534,2106,3428,5534,0,ITI,ITI4,12,Lazio,Lazio,5879082,475291,8.08,0.09
2582,2021-01-25,LAZ,8111,3246,4865,770,7341,ITI,ITI4,12,Lazio,Lazio,5879082,483402,8.22,0.14
2583,2021-05-05,LAZ,46764,21455,25309,30943,15821,ITI,ITI4,12,Lazio,Lazio,5879082,530166,9.02,0.8
2584,2021-04-30,LAZ,41309,18293,23016,27117,14192,ITI,ITI4,12,Lazio,Lazio,5879082,571475,9.72,0.7
2585,2021-05-07,LAZ,48189,22590,25599,30453,17736,ITI,ITI4,12,Lazio,Lazio,5879082,619664,10.54,0.82
2586,2021-03-11,LAZ,25149,11784,13365,18919,6230,ITI,ITI4,12,Lazio,Lazio,5879082,644813,10.97,0.43
2587,2021-05-26,LAZ,47347,21726,25621,35343,12004,ITI,ITI4,12,Lazio,Lazio,5879082,692160,11.77,0.81
2588,2021-03-04,LAZ,19408,8714,10694,14391,5017,ITI,ITI4,12,Lazio,Lazio,5879082,711568,12.1,0.33
2589,2021-06-12,LAZ,63674,29002,34672,34347,29327,ITI,ITI4,12,Lazio,Lazio,5879082,775242,13.19,1.08
2590,2021-06-14,LAZ,62138,29067,33071,32345,29793,ITI,ITI4,12,Lazio,Lazio,5879082,837380,14.24,1.06
2591,2021-03-21,LAZ,18149,7087,11062,13098,5051,ITI,ITI4,12,Lazio,Lazio,5879082,855529,14.55,0.31
2592,2020-12-30,LAZ,1630,629,1001,1630,0,ITI,ITI4,12,Lazio,Lazio,5879082,857159,14.58,0.03
2593,2021-04-09,LAZ,27534,12473,15061,19283,8251,ITI,ITI4,12,Lazio,Lazio,5879082,884693,15.05,0.47
2594,2021-03-23,LAZ,25133,11703,13430,18543,6590,ITI,ITI4,12,Lazio,Lazio,5879082,909826,15.48,0.43
2595,2021-04-16,LAZ,34424,15689,18735,22339,12085,ITI,ITI4,12,Lazio,Lazio,5879082,944250,16.06,0.59
2596,2021-01-23,LAZ,7213,2869,4344,584,6629,ITI,ITI4,12,Lazio,Lazio,5879082,951463,16.18,0.12
2597,2021-01-06,LAZ,5123,1961,3162,5123,0,ITI,ITI4,12,Lazio,Lazio,5879082,956586,16.27,0.09
2598,2021-02-25,LAZ,12653,5518,7135,11603,1050,ITI,ITI4,12,Lazio,Lazio,5879082,969239,16.49,0.22
2599,2021-06-05,LAZ,65676,32349,33327,43171,22505,ITI,ITI4,12,Lazio,Lazio,5879082,1034915,17.6,1.12
2600,2021-03-13,LAZ,21701,8643,13058,15807,5894,ITI,ITI4,12,Lazio,Lazio,5879082,1056616,17.97,0.37
2601,2021-02-08,LAZ,9740,4153,5587,4508,5232,ITI,ITI4,12,Lazio,Lazio,5879082,1066356,18.14,0.17
2602,2021-05-02,LAZ,32632,14337,18295,23270,9362,ITI,ITI4,12,Lazio,Lazio,5879082,1098988,18.69,0.56
2603,2021-01-22,LAZ,4005,1635,2370,490,3515,ITI,ITI4,12,Lazio,Lazio,5879082,1102993,18.76,0.07
2604,2021-03-28,LAZ,18920,7617,11303,13610,5310,ITI,ITI4,12,Lazio,Lazio,5879082,1121913,19.08,0.32
2605,2021-06-09,LAZ,69631,32799,36832,36293,33338,ITI,ITI4,12,Lazio,Lazio,5879082,1191544,20.27,1.18
2606,2021-04-27,LAZ,30696,13856,16840,19850,10846,ITI,ITI4,12,Lazio,Lazio,5879082,1222240,20.79,0.52
2607,2021-03-01,LAZ,17109,7362,9747,13224,3885,ITI,ITI4,12,Lazio,Lazio,5879082,1239349,21.08,0.29
2608,2021-02-22,LAZ,11458,4992,6466,10956,502,ITI,ITI4,12,Lazio,Lazio,5879082,1250807,21.28,0.19
2609,2021-06-02,LAZ,43199,21452,21747,31735,11464,ITI,ITI4,12,Lazio,Lazio,5879082,1294006,22.01,0.73
2610,2021-06-11,LAZ,68663,32130,36533,36740,31923,ITI,ITI4,12,Lazio,Lazio,5879082,1362669,23.18,1.17
2611,2021-01-30,LAZ,7012,2894,4118,807,6205,ITI,ITI4,12,Lazio,Lazio,5879082,1369681,23.3,0.12
2612,2021-01-15,LAZ,6580,2706,3874,6580,0,ITI,ITI4,12,Lazio,Lazio,5879082,1376261,23.41,0.11
2613,2021-04-25,LAZ,24515,11244,13271,16703,7812,ITI,ITI4,12,Lazio,Lazio,5879082,1400776,23.83,0.42
2614,2021-04-06,LAZ,24360,11088,13272,17248,7112,ITI,ITI4,12,Lazio,Lazio,5879082,1425136,24.24,0.41
2615,2020-12-27,LAZ,274,132,142,274,0,ITI,ITI4,12,Lazio,Lazio,5879082,1425410,24.25,0.0
2616,2021-03-20,LAZ,18948,7442,11506,13064,5884,ITI,ITI4,12,Lazio,Lazio,5879082,1444358,24.57,0.32
2617,2021-02-03,LAZ,6488,2488,4000,964,5524,ITI,ITI4,12,Lazio,Lazio,5879082,1450846,24.68,0.11
2618,2021-01-20,LAZ,4807,1943,2864,3264,1543,ITI,ITI4,12,Lazio,Lazio,5879082,1455653,24.76,0.08
2619,2021-05-14,LAZ,51158,23370,27788,32882,18276,ITI,ITI4,12,Lazio,Lazio,5879082,1506811,25.63,0.87
2620,2021-03-18,LAZ,14226,6078,8148,7835,6391,ITI,ITI4,12,Lazio,Lazio,5879082,1521037,25.87,0.24
2621,2021-05-24,LAZ,43782,20041,23741,34113,9669,ITI,ITI4,12,Lazio,Lazio,5879082,1564819,26.62,0.74
2622,2021-01-03,LAZ,5251,1973,3278,5251,0,ITI,ITI4,12,Lazio,Lazio,5879082,1570070,26.71,0.09
2623,2021-04-13,LAZ,25733,11924,13809,18017,7716,ITI,ITI4,12,Lazio,Lazio,5879082,1595803,27.14,0.44
2624,2021-01-08,LAZ,7729,2895,4834,7729,0,ITI,ITI4,12,Lazio,Lazio,5879082,1603532,27.28,0.13
2625,2021-03-02,LAZ,17193,7609,9584,13259,3934,ITI,ITI4,12,Lazio,Lazio,5879082,1620725,27.57,0.29
2626,2021-01-18,LAZ,6267,2557,3710,5289,978,ITI,ITI4,12,Lazio,Lazio,5879082,1626992,27.67,0.11
2627,2021-04-28,LAZ,32911,15022,17889,21349,11562,ITI,ITI4,12,Lazio,Lazio,5879082,1659903,28.23,0.56
2628,2021-03-27,LAZ,26170,10532,15638,19697,6473,ITI,ITI4,12,Lazio,Lazio,5879082,1686073,28.68,0.45
2629,2021-05-23,LAZ,47076,22835,24241,39697,7379,ITI,ITI4,12,Lazio,Lazio,5879082,1733149,29.48,0.8
2630,2021-05-09,LAZ,37535,17255,20280,26265,11270,ITI,ITI4,12,Lazio,Lazio,5879082,1770684,30.12,0.64
2631,2021-05-16,LAZ,50903,24512,26391,37425,13478,ITI,ITI4,12,Lazio,Lazio,5879082,1821587,30.98,0.87
2632,2021-02-15,LAZ,8026,3540,4486,7395,631,ITI,ITI4,12,Lazio,Lazio,5879082,1829613,31.12,0.14
2633,2021-01-29,LAZ,8042,3079,4963,813,7229,ITI,ITI4,12,Lazio,Lazio,5879082,1837655,31.26,0.14
2634,2021-02-17,LAZ,9184,4605,4579,8310,874,ITI,ITI4,12,Lazio,Lazio,5879082,1846839,31.41,0.16
2635,2021-05-28,LAZ,56630,26202,30428,43635,12995,ITI,ITI4,12,Lazio,Lazio,5879082,1903469,32.38,0.96
2636,2021-03-06,LAZ,18354,7082,11272,14097,4257,ITI,ITI4,12,Lazio,Lazio,5879082,1921823,32.69,0.31
2637,2021-04-01,LAZ,29509,13949,15560,22368,7141,ITI,ITI4,12,Lazio,Lazio,5879082,1951332,33.19,0.5
2638,2021-02-27,LAZ,11425,4267,7158,10470,955,ITI,ITI4,12,Lazio,Lazio,5879082,1962757,33.39,0.19
2639,2021-05-20,LAZ,51172,24619,26553,37501,13671,ITI,ITI4,12,Lazio,Lazio,5879082,2013929,34.26,0.87
2640,2021-06-06,LAZ,57856,27876,29980,35406,22450,ITI,ITI4,12,Lazio,Lazio,5879082,2071785,35.24,0.98
2641,2021-02-26,LAZ,13084,5707,7377,11722,1362,ITI,ITI4,12,Lazio,Lazio,5879082,2084869,35.46,0.22
2642,2021-05-06,LAZ,48692,22661,26031,31161,17531,ITI,ITI4,12,Lazio,Lazio,5879082,2133561,36.29,0.83
2643,2021-01-17,LAZ,4894,2028,2866,4682,212,ITI,ITI4,12,Lazio,Lazio,5879082,2138455,36.37,0.08
2644,2021-01-19,LAZ,4769,1955,2814,4315,454,ITI,ITI4,12,Lazio,Lazio,5879082,2143224,36.46,0.08
2645,2021-03-25,LAZ,28771,13156,15615,22164,6607,ITI,ITI4,12,Lazio,Lazio,5879082,2171995,36.94,0.49
2646,2021-01-27,LAZ,6114,2387,3727,997,5117,ITI,ITI4,12,Lazio,Lazio,5879082,2178109,37.05,0.1
2647,2021-06-01,LAZ,48513,23378,25135,30240,18273,ITI,ITI4,12,Lazio,Lazio,5879082,2226622,37.87,0.83
2648,2021-04-05,LAZ,19841,9061,10780,13661,6180,ITI,ITI4,12,Lazio,Lazio,5879082,2246463,38.21,0.34
2649,2021-05-25,LAZ,47213,22116,25097,35624,11589,ITI,ITI4,12,Lazio,Lazio,5879082,2293676,39.01,0.8
2650,2021-04-12,LAZ,23818,10733,13085,16920,6898,ITI,ITI4,12,Lazio,Lazio,5879082,2317494,39.42,0.41
2651,2021-06-08,LAZ,65912,31301,34611,36435,29477,ITI,ITI4,12,Lazio,Lazio,5879082,2383406,40.54,1.12
2652,2021-04-08,LAZ,26717,12231,14486,19025,7692,ITI,ITI4,12,Lazio,Lazio,5879082,2410123,40.99,0.45
2653,2021-02-12,LAZ,6846,2847,3999,6431,415,ITI,ITI4,12,Lazio,Lazio,5879082,2416969,41.11,0.12
2654,2020-12-31,LAZ,5293,2121,3172,5293,0,ITI,ITI4,12,Lazio,Lazio,5879082,2422262,41.2,0.09
2655,2021-04-10,LAZ,23878,10378,13500,16689,7189,ITI,ITI4,12,Lazio,Lazio,5879082,2446140,41.61,0.41
2656,2021-02-05,LAZ,7281,2962,4319,1184,6097,ITI,ITI4,12,Lazio,Lazio,5879082,2453421,41.73,0.12
2657,2021-04-03,LAZ,24779,11178,13601,18079,6700,ITI,ITI4,12,Lazio,Lazio,5879082,2478200,42.15,0.42
2658,2021-02-19,LAZ,10045,5080,4965,9214,831,ITI,ITI4,12,Lazio,Lazio,5879082,2488245,42.32,0.17
2659,2021-06-17,LAZ,65243,31255,33988,31953,33290,ITI,ITI4,12,Lazio,Lazio,5879082,2553488,43.43,1.11
2660,2021-04-21,LAZ,33022,15005,18017,20654,12368,ITI,ITI4,12,Lazio,Lazio,5879082,2586510,44.0,0.56
2661,2021-01-31,LAZ,4460,1854,2606,477,3983,ITI,ITI4,12,Lazio,Lazio,5879082,2590970,44.07,0.08
2662,2021-05-11,LAZ,48192,22125,26067,31722,16470,ITI,ITI4,12,Lazio,Lazio,5879082,2639162,44.89,0.82
2663,2021-04-24,LAZ,33395,15061,18334,20624,12771,ITI,ITI4,12,Lazio,Lazio,5879082,2672557,45.46,0.57
2664,2021-05-30,LAZ,41123,17579,23544,33819,7304,ITI,ITI4,12,Lazio,Lazio,5879082,2713680,46.16,0.7
2665,2021-05-13,LAZ,49830,22378,27452,32089,17741,ITI,ITI4,12,Lazio,Lazio,5879082,2763510,47.01,0.85
2666,2021-04-15,LAZ,31916,14300,17616,21104,10812,ITI,ITI4,12,Lazio,Lazio,5879082,2795426,47.55,0.54
2667,2021-02-10,LAZ,8188,3399,4789,4849,3339,ITI,ITI4,12,Lazio,Lazio,5879082,2803614,47.69,0.14
2668,2021-05-21,LAZ,51361,24629,26732,37563,13798,ITI,ITI4,12,Lazio,Lazio,5879082,2854975,48.56,0.87
2669,2021-06-04,LAZ,61151,29770,31381,43694,17457,ITI,ITI4,12,Lazio,Lazio,5879082,2916126,49.6,1.04
2670,2021-05-04,LAZ,39822,18323,21499,26320,13502,ITI,ITI4,12,Lazio,Lazio,5879082,2955948,50.28,0.68
2671,2021-02-24,LAZ,12050,5209,6841,11056,994,ITI,ITI4,12,Lazio,Lazio,5879082,2967998,50.48,0.2
2672,2021-03-29,LAZ,25095,11792,13303,18057,7038,ITI,ITI4,12,Lazio,Lazio,5879082,2993093,50.91,0.43
2673,2021-03-15,LAZ,20666,9587,11079,13924,6742,ITI,ITI4,12,Lazio,Lazio,5879082,3013759,51.26,0.35
2674,2021-03-22,LAZ,23007,10259,12748,16334,6673,ITI,ITI4,12,Lazio,Lazio,5879082,3036766,51.65,0.39
2675,2020-12-29,LAZ,488,176,312,488,0,ITI,ITI4,12,Lazio,Lazio,5879082,3037254,51.66,0.01
2676,2021-06-13,LAZ,52540,23267,29273,27728,24812,ITI,ITI4,12,Lazio,Lazio,5879082,3089794,52.56,0.89
2677,2021-03-07,LAZ,14132,5464,8668,10539,3593,ITI,ITI4,12,Lazio,Lazio,5879082,3103926,52.8,0.24
2678,2021-06-15,LAZ,65002,31280,33722,33405,31597,ITI,ITI4,12,Lazio,Lazio,5879082,3168928,53.9,1.11
2679,2021-03-24,LAZ,27423,12701,14722,21183,6240,ITI,ITI4,12,Lazio,Lazio,5879082,3196351,54.37,0.47
2680,2021-05-29,LAZ,51623,23145,28478,40927,10696,ITI,ITI4,12,Lazio,Lazio,5879082,3247974,55.25,0.88
2681,2021-06-03,LAZ,56037,28308,27729,38559,17478,ITI,ITI4,12,Lazio,Lazio,5879082,3304011,56.2,0.95
2682,2021-06-10,LAZ,70881,33323,37558,37576,33305,ITI,ITI4,12,Lazio,Lazio,5879082,3374892,57.41,1.21
2683,2021-04-14,LAZ,29288,13272,16016,19165,10123,ITI,ITI4,12,Lazio,Lazio,5879082,3404180,57.9,0.5
2684,2021-05-01,LAZ,37949,17082,20867,25988,11961,ITI,ITI4,12,Lazio,Lazio,5879082,3442129,58.55,0.65
2685,2021-04-17,LAZ,32356,14202,18154,20386,11970,ITI,ITI4,12,Lazio,Lazio,5879082,3474485,59.1,0.55
2686,2021-03-12,LAZ,23753,10875,12878,17436,6317,ITI,ITI4,12,Lazio,Lazio,5879082,3498238,59.5,0.4
2687,2021-02-09,LAZ,8799,3769,5030,4580,4219,ITI,ITI4,12,Lazio,Lazio,5879082,3507037,59.65,0.15
2688,2021-02-23,LAZ,11093,4783,6310,10331,762,ITI,ITI4,12,Lazio,Lazio,5879082,3518130,59.84,0.19
2689,2021-01-21,LAZ,5603,2349,3254,550,5053,ITI,ITI4,12,Lazio,Lazio,5879082,3523733,59.94,0.1
2690,2021-03-31,LAZ,27450,13195,14255,20354,7096,ITI,ITI4,12,Lazio,Lazio,5879082,3551183,60.4,0.47
2691,2021-01-07,LAZ,7749,2904,4845,7749,0,ITI,ITI4,12,Lazio,Lazio,5879082,3558932,60.54,0.13
2692,2021-01-09,LAZ,6298,2562,3736,6298,0,ITI,ITI4,12,Lazio,Lazio,5879082,3565230,60.64,0.11
2693,2021-04-19,LAZ,30093,13675,16418,19414,10679,ITI,ITI4,12,Lazio,Lazio,5879082,3595323,61.15,0.51
2694,2021-02-21,LAZ,6989,3180,3809,6526,463,ITI,ITI4,12,Lazio,Lazio,5879082,3602312,61.27,0.12
2695,2021-02-14,LAZ,5777,2372,3405,5306,471,ITI,ITI4,12,Lazio,Lazio,5879082,3608089,61.37,0.1
2696,2021-02-28,LAZ,10257,4012,6245,9743,514,ITI,ITI4,12,Lazio,Lazio,5879082,3618346,61.55,0.17
2697,2021-01-02,LAZ,6707,2631,4076,6707,0,ITI,ITI4,12,Lazio,Lazio,5879082,3625053,61.66,0.11
2698,2021-01-14,LAZ,5487,2145,3342,5487,0,ITI,ITI4,12,Lazio,Lazio,5879082,3630540,61.75,0.09
2699,2021-04-07,LAZ,25638,11857,13781,18331,7307,ITI,ITI4,12,Lazio,Lazio,5879082,3656178,62.19,0.44
2700,2020-12-28,LAZ,959,412,547,959,0,ITI,ITI4,12,Lazio,Lazio,5879082,3657137,62.21,0.02
2701,2021-04-29,LAZ,38632,17239,21393,25400,13232,ITI,ITI4,12,Lazio,Lazio,5879082,3695769,62.86,0.66
2702,2021-03-03,LAZ,17833,7850,9983,13539,4294,ITI,ITI4,12,Lazio,Lazio,5879082,3713602,63.17,0.3
2703,2021-01-26,LAZ,7961,3127,4834,725,7236,ITI,ITI4,12,Lazio,Lazio,5879082,3721563,63.3,0.14
2704,2021-04-02,LAZ,29242,13960,15282,21905,7337,ITI,ITI4,12,Lazio,Lazio,5879082,3750805,63.8,0.5
2705,2021-01-28,LAZ,8279,3165,5114,782,7497,ITI,ITI4,12,Lazio,Lazio,5879082,3759084,63.94,0.14
2706,2021-05-08,LAZ,45264,20648,24616,29871,15393,ITI,ITI4,12,Lazio,Lazio,5879082,3804348,64.71,0.77
2707,2021-03-26,LAZ,29789,13635,16154,22942,6847,ITI,ITI4,12,Lazio,Lazio,5879082,3834137,65.22,0.51
2708,2021-05-10,LAZ,44390,20282,24108,31010,13380,ITI,ITI4,12,Lazio,Lazio,5879082,3878527,65.97,0.76
2709,2021-05-27,LAZ,57766,26772,30994,44214,13552,ITI,ITI4,12,Lazio,Lazio,5879082,3936293,66.95,0.98
2710,2021-03-05,LAZ,19560,8660,10900,14827,4733,ITI,ITI4,12,Lazio,Lazio,5879082,3955853,67.29,0.33
2711,2021-02-16,LAZ,8359,4034,4325,7753,606,ITI,ITI4,12,Lazio,Lazio,5879082,3964212,67.43,0.14
2712,2021-01-16,LAZ,5647,2282,3365,5647,0,ITI,ITI4,12,Lazio,Lazio,5879082,3969859,67.53,0.1
2713,2021-04-26,LAZ,29230,13456,15774,20028,9202,ITI,ITI4,12,Lazio,Lazio,5879082,3999089,68.02,0.5
2714,2021-02-02,LAZ,5910,2213,3697,638,5272,ITI,ITI4,12,Lazio,Lazio,5879082,4004999,68.12,0.1
2715,2021-01-05,LAZ,7375,2803,4572,7375,0,ITI,ITI4,12,Lazio,Lazio,5879082,4012374,68.25,0.13
2716,2021-01-24,LAZ,5694,2229,3465,612,5082,ITI,ITI4,12,Lazio,Lazio,5879082,4018068,68.35,0.1
2717,2021-02-07,LAZ,4944,2025,2919,387,4557,ITI,ITI4,12,Lazio,Lazio,5879082,4023012,68.43,0.08
2718,2021-05-18,LAZ,44599,20411,24188,35100,9499,ITI,ITI4,12,Lazio,Lazio,5879082,4067611,69.19,0.76
2719,2021-05-03,LAZ,39171,17685,21486,26588,12583,ITI,ITI4,12,Lazio,Lazio,5879082,4106782,69.85,0.67
2720,2021-03-14,LAZ,17200,6713,10487,12046,5154,ITI,ITI4,12,Lazio,Lazio,5879082,4123982,70.15,0.29
2721,2021-01-01,LAZ,3554,1382,2172,3554,0,ITI,ITI4,12,Lazio,Lazio,5879082,4127536,70.21,0.06
2722,2021-01-10,LAZ,4043,1702,2341,4043,0,ITI,ITI4,12,Lazio,Lazio,5879082,4131579,70.28,0.07
2723,2021-06-16,LAZ,63442,30298,33144,32078,31364,ITI,ITI4,12,Lazio,Lazio,5879082,4195021,71.36,1.08
2724,2021-04-20,LAZ,31063,14263,16800,19764,11299,ITI,ITI4,12,Lazio,Lazio,5879082,4226084,71.88,0.53
2725,2021-03-08,LAZ,20856,9041,11815,15583,5273,ITI,ITI4,12,Lazio,Lazio,5879082,4246940,72.24,0.35
2726,2021-04-22,LAZ,38853,19217,19636,24247,14606,ITI,ITI4,12,Lazio,Lazio,5879082,4285793,72.9,0.66
2727,2021-03-10,LAZ,23302,10633,12669,17655,5647,ITI,ITI4,12,Lazio,Lazio,5879082,4309095,73.3,0.4
2728,2021-01-12,LAZ,5413,1981,3432,5413,0,ITI,ITI4,12,Lazio,Lazio,5879082,4314508,73.39,0.09
2729,2021-06-18,LAZ,25918,12601,13317,12423,13495,ITI,ITI4,12,Lazio,Lazio,5879082,4340426,73.83,0.44
2730,2021-03-17,LAZ,13805,5910,7895,7549,6256,ITI,ITI4,12,Lazio,Lazio,5879082,4354231,74.06,0.23
2731,2021-02-04,LAZ,6302,2481,3821,987,5315,ITI,ITI4,12,Lazio,Lazio,5879082,4360533,74.17,0.11
2732,2021-05-22,LAZ,54965,26909,28056,44333,10632,ITI,ITI4,12,Lazio,Lazio,5879082,4415498,75.11,0.93
2733,2021-05-15,LAZ,57123,27287,29836,40632,16491,ITI,ITI4,12,Lazio,Lazio,5879082,4472621,76.08,0.97
2734,2021-03-19,LAZ,17297,7444,9853,10969,6328,ITI,ITI4,12,Lazio,Lazio,5879082,4489918,76.37,0.29
2735,2021-01-26,MOL,450,184,266,8,442,ITF,ITF2,14,Molise,Molise,305617,450,0.15,0.15
2736,2021-05-06,MOL,2679,1214,1465,2081,598,ITF,ITF2,14,Molise,Molise,305617,3129,1.02,0.88
2737,2021-03-17,MOL,908,385,523,576,332,ITF,ITF2,14,Molise,Molise,305617,4037,1.32,0.3
2738,2021-06-08,MOL,2885,1593,1292,2189,696,ITF,ITF2,14,Molise,Molise,305617,6922,2.26,0.94
2739,2021-04-05,MOL,391,189,202,292,99,ITF,ITF2,14,Molise,Molise,305617,7313,2.39,0.13
2740,2021-03-29,MOL,2033,835,1198,1547,486,ITF,ITF2,14,Molise,Molise,305617,9346,3.06,0.67
2741,2021-01-31,MOL,268,70,198,6,262,ITF,ITF2,14,Molise,Molise,305617,9614,3.15,0.09
2742,2021-02-19,MOL,169,93,76,167,2,ITF,ITF2,14,Molise,Molise,305617,9783,3.2,0.06
2743,2021-03-10,MOL,1737,720,1017,1687,50,ITF,ITF2,14,Molise,Molise,305617,11520,3.77,0.57
2744,2021-06-01,MOL,2597,1322,1275,2489,108,ITF,ITF2,14,Molise,Molise,305617,14117,4.62,0.85
2745,2021-05-13,MOL,3038,1410,1628,2581,457,ITF,ITF2,14,Molise,Molise,305617,17155,5.61,0.99
2746,2021-02-07,MOL,66,32,34,19,47,ITF,ITF2,14,Molise,Molise,305617,17221,5.63,0.02
2747,2021-05-18,MOL,1645,877,768,990,655,ITF,ITF2,14,Molise,Molise,305617,18866,6.17,0.54
2748,2021-03-22,MOL,1148,440,708,905,243,ITF,ITF2,14,Molise,Molise,305617,20014,6.55,0.38
2749,2021-05-20,MOL,2660,1370,1290,2474,186,ITF,ITF2,14,Molise,Molise,305617,22674,7.42,0.87
2750,2021-01-12,MOL,336,114,222,336,0,ITF,ITF2,14,Molise,Molise,305617,23010,7.53,0.11
2751,2021-02-24,MOL,666,278,388,333,333,ITF,ITF2,14,Molise,Molise,305617,23676,7.75,0.22
2752,2021-05-01,MOL,2647,1268,1379,424,2223,ITF,ITF2,14,Molise,Molise,305617,26323,8.61,0.87
2753,2021-03-05,MOL,1219,649,570,1015,204,ITF,ITF2,14,Molise,Molise,305617,27542,9.01,0.4
2754,2021-06-13,MOL,2450,1328,1122,2125,325,ITF,ITF2,14,Molise,Molise,305617,29992,9.81,0.8
2755,2021-04-17,MOL,3054,1501,1553,1568,1486,ITF,ITF2,14,Molise,Molise,305617,33046,10.81,1.0
2756,2021-04-24,MOL,2551,1202,1349,710,1841,ITF,ITF2,14,Molise,Molise,305617,35597,11.65,0.83
2757,2021-02-26,MOL,563,260,303,490,73,ITF,ITF2,14,Molise,Molise,305617,36160,11.83,0.18
2758,2021-06-06,MOL,2057,1057,1000,1734,323,ITF,ITF2,14,Molise,Molise,305617,38217,12.5,0.67
2759,2021-03-19,MOL,1184,482,702,757,427,ITF,ITF2,14,Molise,Molise,305617,39401,12.89,0.39
2760,2021-01-21,MOL,6,2,4,6,0,ITF,ITF2,14,Molise,Molise,305617,39407,12.89,0.0
2761,2021-03-24,MOL,1631,658,973,1229,402,ITF,ITF2,14,Molise,Molise,305617,41038,13.43,0.53
2762,2021-01-17,MOL,78,38,40,48,30,ITF,ITF2,14,Molise,Molise,305617,41116,13.45,0.03
2763,2021-04-10,MOL,2638,1261,1377,2486,152,ITF,ITF2,14,Molise,Molise,305617,43754,14.32,0.86
2764,2021-02-05,MOL,593,269,324,55,538,ITF,ITF2,14,Molise,Molise,305617,44347,14.51,0.19
2765,2021-01-19,MOL,173,63,110,162,11,ITF,ITF2,14,Molise,Molise,305617,44520,14.57,0.06
2766,2021-01-07,MOL,598,209,389,598,0,ITF,ITF2,14,Molise,Molise,305617,45118,14.76,0.2
2767,2021-02-12,MOL,332,150,182,208,124,ITF,ITF2,14,Molise,Molise,305617,45450,14.87,0.11
2768,2021-03-15,MOL,832,338,494,587,245,ITF,ITF2,14,Molise,Molise,305617,46282,15.14,0.27
2769,2021-01-09,MOL,450,152,298,450,0,ITF,ITF2,14,Molise,Molise,305617,46732,15.29,0.15
2770,2021-04-19,MOL,1827,842,985,1049,778,ITF,ITF2,14,Molise,Molise,305617,48559,15.89,0.6
2771,2021-03-31,MOL,2193,919,1274,1374,819,ITF,ITF2,14,Molise,Molise,305617,50752,16.61,0.72
2772,2021-02-23,MOL,582,223,359,363,219,ITF,ITF2,14,Molise,Molise,305617,51334,16.8,0.19
2773,2021-06-03,MOL,3290,1565,1725,2736,554,ITF,ITF2,14,Molise,Molise,305617,54624,17.87,1.08
2774,2021-04-07,MOL,1688,847,841,1413,275,ITF,ITF2,14,Molise,Molise,305617,56312,18.43,0.55
2775,2021-04-28,MOL,1693,923,770,476,1217,ITF,ITF2,14,Molise,Molise,305617,58005,18.98,0.55
2776,2021-02-21,MOL,574,227,347,572,2,ITF,ITF2,14,Molise,Molise,305617,58579,19.17,0.19
2777,2021-02-04,MOL,758,295,463,77,681,ITF,ITF2,14,Molise,Molise,305617,59337,19.42,0.25
2778,2021-05-15,MOL,2979,1398,1581,2595,384,ITF,ITF2,14,Molise,Molise,305617,62316,20.39,0.97
2779,2021-01-28,MOL,613,217,396,17,596,ITF,ITF2,14,Molise,Molise,305617,62929,20.59,0.2
2780,2021-03-12,MOL,1459,637,822,1423,36,ITF,ITF2,14,Molise,Molise,305617,64388,21.07,0.48
2781,2021-01-14,MOL,646,239,407,646,0,ITF,ITF2,14,Molise,Molise,305617,65034,21.28,0.21
2782,2021-05-25,MOL,1963,887,1076,1333,630,ITF,ITF2,14,Molise,Molise,305617,66997,21.92,0.64
2783,2021-01-04,MOL,314,131,183,314,0,ITF,ITF2,14,Molise,Molise,305617,67311,22.02,0.1
2784,2021-04-14,MOL,1806,767,1039,1145,661,ITF,ITF2,14,Molise,Molise,305617,69117,22.62,0.59
2785,2021-02-16,MOL,156,70,86,150,6,ITF,ITF2,14,Molise,Molise,305617,69273,22.67,0.05
2786,2021-05-27,MOL,2834,1348,1486,1998,836,ITF,ITF2,14,Molise,Molise,305617,72107,23.59,0.93
2787,2021-05-29,MOL,2344,1217,1127,1954,390,ITF,ITF2,14,Molise,Molise,305617,74451,24.36,0.77
2788,2021-03-03,MOL,672,316,356,590,82,ITF,ITF2,14,Molise,Molise,305617,75123,24.58,0.22
2789,2021-01-05,MOL,449,180,269,449,0,ITF,ITF2,14,Molise,Molise,305617,75572,24.73,0.15
2790,2021-05-10,MOL,2889,1285,1604,2516,373,ITF,ITF2,14,Molise,Molise,305617,78461,25.67,0.95
2791,2021-05-03,MOL,2484,1164,1320,2321,163,ITF,ITF2,14,Molise,Molise,305617,80945,26.49,0.81
2792,2021-05-17,MOL,2228,1092,1136,1732,496,ITF,ITF2,14,Molise,Molise,305617,83173,27.21,0.73
2793,2021-04-29,MOL,2237,1144,1093,890,1347,ITF,ITF2,14,Molise,Molise,305617,85410,27.95,0.73
2794,2021-04-12,MOL,1299,557,742,1048,251,ITF,ITF2,14,Molise,Molise,305617,86709,28.37,0.43
2795,2021-03-07,MOL,1132,501,631,1130,2,ITF,ITF2,14,Molise,Molise,305617,87841,28.74,0.37
2796,2021-06-15,MOL,1994,931,1063,638,1356,ITF,ITF2,14,Molise,Molise,305617,89835,29.39,0.65
2797,2021-06-17,MOL,2221,990,1231,932,1289,ITF,ITF2,14,Molise,Molise,305617,92056,30.12,0.73
2798,2021-03-02,MOL,667,383,284,509,158,ITF,ITF2,14,Molise,Molise,305617,92723,30.34,0.22
2799,2021-06-10,MOL,2555,1173,1382,1254,1301,ITF,ITF2,14,Molise,Molise,305617,95278,31.18,0.84
2800,2021-04-02,MOL,1453,708,745,676,777,ITF,ITF2,14,Molise,Molise,305617,96731,31.65,0.48
2801,2021-05-08,MOL,2973,1454,1519,1729,1244,ITF,ITF2,14,Molise,Molise,305617,99704,32.62,0.97
2802,2021-04-21,MOL,1863,789,1074,968,895,ITF,ITF2,14,Molise,Molise,305617,101567,33.23,0.61
2803,2021-02-28,MOL,832,334,498,790,42,ITF,ITF2,14,Molise,Molise,305617,102399,33.51,0.27
2804,2021-02-27,MOL,1366,568,798,1347,19,ITF,ITF2,14,Molise,Molise,305617,103765,33.95,0.45
2805,2021-06-07,MOL,1947,857,1090,1128,819,ITF,ITF2,14,Molise,Molise,305617,105712,34.59,0.64
2806,2021-02-13,MOL,132,80,52,132,0,ITF,ITF2,14,Molise,Molise,305617,105844,34.63,0.04
2807,2021-05-24,MOL,1960,852,1108,1294,666,ITF,ITF2,14,Molise,Molise,305617,107804,35.27,0.64
2808,2021-05-07,MOL,2642,1227,1415,2045,597,ITF,ITF2,14,Molise,Molise,305617,110446,36.14,0.86
2809,2021-04-18,MOL,1083,483,600,149,934,ITF,ITF2,14,Molise,Molise,305617,111529,36.49,0.35
2810,2021-04-04,MOL,253,141,112,238,15,ITF,ITF2,14,Molise,Molise,305617,111782,36.58,0.08
2811,2021-03-18,MOL,1156,476,680,692,464,ITF,ITF2,14,Molise,Molise,305617,112938,36.95,0.38
2812,2021-06-05,MOL,2876,1455,1421,2722,154,ITF,ITF2,14,Molise,Molise,305617,115814,37.9,0.94
2813,2021-03-04,MOL,850,417,433,526,324,ITF,ITF2,14,Molise,Molise,305617,116664,38.17,0.28
2814,2021-06-12,MOL,2959,1508,1451,2874,85,ITF,ITF2,14,Molise,Molise,305617,119623,39.14,0.97
2815,2021-06-14,MOL,1601,799,802,550,1051,ITF,ITF2,14,Molise,Molise,305617,121224,39.67,0.52
2816,2021-05-26,MOL,1548,697,851,794,754,ITF,ITF2,14,Molise,Molise,305617,122772,40.17,0.51
2817,2021-03-30,MOL,2003,857,1146,1491,512,ITF,ITF2,14,Molise,Molise,305617,124775,40.83,0.66
2818,2021-02-01,MOL,562,201,361,14,548,ITF,ITF2,14,Molise,Molise,305617,125337,41.01,0.18
2819,2021-05-12,MOL,2849,1292,1557,2753,96,ITF,ITF2,14,Molise,Molise,305617,128186,41.94,0.93
2820,2021-04-06,MOL,1494,701,793,1151,343,ITF,ITF2,14,Molise,Molise,305617,129680,42.43,0.49
2821,2021-02-02,MOL,539,176,363,216,323,ITF,ITF2,14,Molise,Molise,305617,130219,42.61,0.18
2822,2021-01-16,MOL,420,166,254,420,0,ITF,ITF2,14,Molise,Molise,305617,130639,42.75,0.14
2823,2021-04-26,MOL,1157,521,636,826,331,ITF,ITF2,14,Molise,Molise,305617,131796,43.12,0.38
2824,2021-04-09,MOL,2321,1249,1072,2130,191,ITF,ITF2,14,Molise,Molise,305617,134117,43.88,0.76
2825,2021-01-18,MOL,114,48,66,114,0,ITF,ITF2,14,Molise,Molise,305617,134231,43.92,0.04
2826,2021-04-11,MOL,1196,591,605,1182,14,ITF,ITF2,14,Molise,Molise,305617,135427,44.31,0.39
2827,2021-03-21,MOL,1246,542,704,479,767,ITF,ITF2,14,Molise,Molise,305617,136673,44.72,0.41
2828,2021-03-14,MOL,596,240,356,17,579,ITF,ITF2,14,Molise,Molise,305617,137269,44.92,0.2
2829,2021-03-28,MOL,1626,747,879,524,1102,ITF,ITF2,14,Molise,Molise,305617,138895,45.45,0.53
2830,2021-01-30,MOL,461,158,303,12,449,ITF,ITF2,14,Molise,Molise,305617,139356,45.6,0.15
2831,2021-02-06,MOL,429,179,250,29,400,ITF,ITF2,14,Molise,Molise,305617,139785,45.74,0.14
2832,2021-06-04,MOL,3010,1477,1533,2568,442,ITF,ITF2,14,Molise,Molise,305617,142795,46.72,0.98
2833,2021-04-08,MOL,1766,903,863,1564,202,ITF,ITF2,14,Molise,Molise,305617,144561,47.3,0.58
2834,2021-03-26,MOL,2575,1045,1530,1933,642,ITF,ITF2,14,Molise,Molise,305617,147136,48.14,0.84
2835,2021-02-18,MOL,319,74,245,306,13,ITF,ITF2,14,Molise,Molise,305617,147455,48.25,0.1
2836,2021-03-09,MOL,1329,579,750,1177,152,ITF,ITF2,14,Molise,Molise,305617,148784,48.68,0.43
2837,2021-02-20,MOL,1018,441,577,998,20,ITF,ITF2,14,Molise,Molise,305617,149802,49.02,0.33
2838,2021-05-31,MOL,2325,1114,1211,1925,400,ITF,ITF2,14,Molise,Molise,305617,152127,49.78,0.76
2839,2021-05-14,MOL,2644,1215,1429,1926,718,ITF,ITF2,14,Molise,Molise,305617,154771,50.64,0.87
2840,2021-02-11,MOL,293,133,160,257,36,ITF,ITF2,14,Molise,Molise,305617,155064,50.74,0.1
2841,2021-05-22,MOL,1312,710,602,1228,84,ITF,ITF2,14,Molise,Molise,305617,156376,51.17,0.43
2842,2021-03-16,MOL,614,230,384,267,347,ITF,ITF2,14,Molise,Molise,305617,156990,51.37,0.2
2843,2021-03-25,MOL,1806,730,1076,1309,497,ITF,ITF2,14,Molise,Molise,305617,158796,51.96,0.59
2844,2021-03-08,MOL,1379,522,857,1239,140,ITF,ITF2,14,Molise,Molise,305617,160175,52.41,0.45
2845,2021-06-16,MOL,1714,869,845,925,789,ITF,ITF2,14,Molise,Molise,305617,161889,52.97,0.56
2846,2021-04-13,MOL,1630,718,912,1043,587,ITF,ITF2,14,Molise,Molise,305617,163519,53.5,0.53
2847,2021-03-27,MOL,2743,1273,1470,1310,1433,ITF,ITF2,14,Molise,Molise,305617,166262,54.4,0.9
2848,2021-06-18,MOL,1285,578,707,591,694,ITF,ITF2,14,Molise,Molise,305617,167547,54.82,0.42
2849,2021-04-22,MOL,1845,864,981,1066,779,ITF,ITF2,14,Molise,Molise,305617,169392,55.43,0.6
2850,2021-02-17,MOL,72,32,40,57,15,ITF,ITF2,14,Molise,Molise,305617,169464,55.45,0.02
2851,2021-05-28,MOL,2644,1362,1282,2097,547,ITF,ITF2,14,Molise,Molise,305617,172108,56.31,0.87
2852,2021-06-11,MOL,3299,1586,1713,2001,1298,ITF,ITF2,14,Molise,Molise,305617,175407,57.39,1.08
2853,2021-04-15,MOL,1925,793,1132,1080,845,ITF,ITF2,14,Molise,Molise,305617,177332,58.02,0.63
2854,2021-02-10,MOL,151,79,72,131,20,ITF,ITF2,14,Molise,Molise,305617,177483,58.07,0.05
2855,2021-05-21,MOL,2096,1050,1046,1774,322,ITF,ITF2,14,Molise,Molise,305617,179579,58.76,0.69
2856,2021-01-27,MOL,674,251,423,8,666,ITF,ITF2,14,Molise,Molise,305617,180253,58.98,0.22
2857,2021-01-08,MOL,429,141,288,429,0,ITF,ITF2,14,Molise,Molise,305617,180682,59.12,0.14
2858,2021-04-01,MOL,1469,667,802,743,726,ITF,ITF2,14,Molise,Molise,305617,182151,59.6,0.48
2859,2021-02-08,MOL,334,141,193,216,118,ITF,ITF2,14,Molise,Molise,305617,182485,59.71,0.11
2860,2021-05-19,MOL,2340,1205,1135,1915,425,ITF,ITF2,14,Molise,Molise,305617,184825,60.48,0.77
2861,2021-03-23,MOL,1642,694,948,1435,207,ITF,ITF2,14,Molise,Molise,305617,186467,61.01,0.54
2862,2021-02-15,MOL,144,70,74,141,3,ITF,ITF2,14,Molise,Molise,305617,186611,61.06,0.05
2863,2021-02-22,MOL,265,129,136,250,15,ITF,ITF2,14,Molise,Molise,305617,186876,61.15,0.09
2864,2020-12-27,MOL,50,20,30,50,0,ITF,ITF2,14,Molise,Molise,305617,186926,61.16,0.02
2865,2021-06-02,MOL,2805,1355,1450,2706,99,ITF,ITF2,14,Molise,Molise,305617,189731,62.08,0.92
2866,2021-01-20,MOL,18,8,10,18,0,ITF,ITF2,14,Molise,Molise,305617,189749,62.09,0.01
2867,2021-04-30,MOL,2937,1556,1381,830,2107,ITF,ITF2,14,Molise,Molise,305617,192686,63.05,0.96
2868,2021-02-25,MOL,541,239,302,473,68,ITF,ITF2,14,Molise,Molise,305617,193227,63.23,0.18
2869,2021-01-29,MOL,421,136,285,6,415,ITF,ITF2,14,Molise,Molise,305617,193648,63.36,0.14
2870,2021-05-09,MOL,2051,932,1119,1955,96,ITF,ITF2,14,Molise,Molise,305617,195699,64.03,0.67
2871,2021-05-11,MOL,3206,1414,1792,2956,250,ITF,ITF2,14,Molise,Molise,305617,198905,65.08,1.05
2872,2021-01-22,MOL,128,36,92,128,0,ITF,ITF2,14,Molise,Molise,305617,199033,65.12,0.04
2873,2021-05-02,MOL,1893,932,961,588,1305,ITF,ITF2,14,Molise,Molise,305617,200926,65.74,0.62
2874,2021-03-06,MOL,1728,807,921,1569,159,ITF,ITF2,14,Molise,Molise,305617,202654,66.31,0.57
2875,2021-05-30,MOL,1828,908,920,1543,285,ITF,ITF2,14,Molise,Molise,305617,204482,66.91,0.6
2876,2021-02-03,MOL,731,249,482,338,393,ITF,ITF2,14,Molise,Molise,305617,205213,67.15,0.24
2877,2021-04-27,MOL,1593,767,826,465,1128,ITF,ITF2,14,Molise,Molise,305617,206806,67.67,0.52
2878,2021-05-16,MOL,1247,571,676,1065,182,ITF,ITF2,14,Molise,Molise,305617,208053,68.08,0.41
2879,2021-01-11,MOL,557,194,363,557,0,ITF,ITF2,14,Molise,Molise,305617,208610,68.26,0.18
2880,2021-01-25,MOL,319,130,189,3,316,ITF,ITF2,14,Molise,Molise,305617,208929,68.36,0.1
2881,2021-05-05,MOL,2413,1042,1371,2272,141,ITF,ITF2,14,Molise,Molise,305617,211342,69.15,0.79
2882,2021-05-04,MOL,2705,1181,1524,2577,128,ITF,ITF2,14,Molise,Molise,305617,214047,70.04,0.89
2883,2021-01-10,MOL,270,72,198,270,0,ITF,ITF2,14,Molise,Molise,305617,214317,70.13,0.09
2884,2021-04-20,MOL,2318,1025,1293,1220,1098,ITF,ITF2,14,Molise,Molise,305617,216635,70.88,0.76
2885,2021-06-09,MOL,1014,563,451,514,500,ITF,ITF2,14,Molise,Molise,305617,217649,71.22,0.33
2886,2021-05-23,MOL,1699,863,836,1694,5,ITF,ITF2,14,Molise,Molise,305617,219348,71.77,0.56
2887,2021-03-01,MOL,661,274,387,447,214,ITF,ITF2,14,Molise,Molise,305617,220009,71.99,0.22
2888,2021-04-03,MOL,1770,850,920,1735,35,ITF,ITF2,14,Molise,Molise,305617,221779,72.57,0.58
2889,2021-02-09,MOL,359,170,189,197,162,ITF,ITF2,14,Molise,Molise,305617,222138,72.69,0.12
2890,2021-03-11,MOL,1465,637,828,1459,6,ITF,ITF2,14,Molise,Molise,305617,223603,73.16,0.48
2891,2021-01-06,MOL,689,260,429,689,0,ITF,ITF2,14,Molise,Molise,305617,224292,73.39,0.23
2892,2021-04-16,MOL,2430,1033,1397,1198,1232,ITF,ITF2,14,Molise,Molise,305617,226722,74.19,0.8
2893,2021-04-25,MOL,792,395,397,559,233,ITF,ITF2,14,Molise,Molise,305617,227514,74.44,0.26
2894,2021-01-13,MOL,474,160,314,474,0,ITF,ITF2,14,Molise,Molise,305617,227988,74.6,0.16
2895,2021-04-23,MOL,2050,882,1168,1391,659,ITF,ITF2,14,Molise,Molise,305617,230038,75.27,0.67
2896,2021-03-13,MOL,1189,594,595,200,989,ITF,ITF2,14,Molise,Molise,305617,231227,75.66,0.39
2897,2021-01-15,MOL,538,242,296,538,0,ITF,ITF2,14,Molise,Molise,305617,231765,75.84,0.18
2898,2021-03-20,MOL,2321,968,1353,1000,1321,ITF,ITF2,14,Molise,Molise,305617,234086,76.59,0.76
2899,2021-02-04,FVG,2725,808,1917,35,2690,ITH,ITH4,6,Friuli-Venezia Giulia,Friuli Venezia Giulia,1215220,2725,0.22,0.22
2900,2021-04-30,FVG,7324,3231,4093,3693,3631,ITH,ITH4,6,Friuli-Venezia Giulia,Friuli Venezia Giulia,1215220,10049,0.83,0.6
2901,2021-04-28,FVG,7275,3211,4064,3796,3479,ITH,ITH4,6,Friuli-Venezia Giulia,Friuli Venezia Giulia,1215220,17324,1.43,0.6
2902,2021-01-23,FVG,816,324,492,4,812,ITH,ITH4,6,Friuli-Venezia Giulia,Friuli Venezia Giulia,1215220,18140,1.49,0.07
2903,2021-05-05,FVG,9748,4258,5490,6282,3466,ITH,ITH4,6,Friuli-Venezia Giulia,Friuli Venezia Giulia,1215220,27888,2.29,0.8
2904,2021-01-25,FVG,1583,567,1016,194,1389,ITH,ITH4,6,Friuli-Venezia Giulia,Friuli Venezia Giulia,1215220,29471,2.43,0.13
2905,2021-03-23,FVG,3886,1681,2205,1745,2141,ITH,ITH4,6,Friuli-Venezia Giulia,Friuli Venezia Giulia,1215220,33357,2.74,0.32
2906,2021-05-24,FVG,11390,5512,5878,7779,3611,ITH,ITH4,6,Friuli-Venezia Giulia,Friuli Venezia Giulia,1215220,44747,3.68,0.94
2907,2021-02-13,FVG,566,179,387,560,6,ITH,ITH4,6,Friuli-Venezia Giulia,Friuli Venezia Giulia,1215220,45313,3.73,0.05
2908,2021-03-02,FVG,4219,1519,2700,2720,1499,ITH,ITH4,6,Friuli-Venezia Giulia,Friuli Venezia Giulia,1215220,49532,4.08,0.35
2909,2021-03-04,FVG,3450,1596,1854,2791,659,ITH,ITH4,6,Friuli-Venezia Giulia,Friuli Venezia Giulia,1215220,52982,4.36,0.28
2910,2021-06-12,FVG,8020,4602,3418,6883,1137,ITH,ITH4,6,Friuli-Venezia Giulia,Friuli Venezia Giulia,1215220,61002,5.02,0.66
2911,2021-03-21,FVG,2672,1000,1672,2263,409,ITH,ITH4,6,Friuli-Venezia Giulia,Friuli Venezia Giulia,1215220,63674,5.24,0.22
2912,2021-03-16,FVG,3154,1288,1866,1073,2081,ITH,ITH4,6,Friuli-Venezia Giulia,Friuli Venezia Giulia,1215220,66828,5.5,0.26
2913,2021-05-12,FVG,10845,5021,5824,9444,1401,ITH,ITH4,6,Friuli-Venezia Giulia,Friuli Venezia Giulia,1215220,77673,6.39,0.89
2914,2021-05-19,FVG,11950,5878,6072,9611,2339,ITH,ITH4,6,Friuli-Venezia Giulia,Friuli Venezia Giulia,1215220,89623,7.38,0.98
2915,2021-03-14,FVG,1397,549,848,1145,252,ITH,ITH4,6,Friuli-Venezia Giulia,Friuli Venezia Giulia,1215220,91020,7.49,0.11
2916,2021-02-18,FVG,3218,1492,1726,2811,407,ITH,ITH4,6,Friuli-Venezia Giulia,Friuli Venezia Giulia,1215220,94238,7.75,0.26
2917,2021-04-02,FVG,6567,2915,3652,4734,1833,ITH,ITH4,6,Friuli-Venezia Giulia,Friuli Venezia Giulia,1215220,100805,8.3,0.54
2918,2021-04-16,FVG,6917,2997,3920,4993,1924,ITH,ITH4,6,Friuli-Venezia Giulia,Friuli Venezia Giulia,1215220,107722,8.86,0.57
2919,2021-01-06,FVG,710,264,446,710,0,ITH,ITH4,6,Friuli-Venezia Giulia,Friuli Venezia Giulia,1215220,108432,8.92,0.06
2920,2021-04-11,FVG,3433,1520,1913,2527,906,ITH,ITH4,6,Friuli-Venezia Giulia,Friuli Venezia Giulia,1215220,111865,9.21,0.28
2921,2021-06-07,FVG,9017,4676,4341,8097,920,ITH,ITH4,6,Friuli-Venezia Giulia,Friuli Venezia Giulia,1215220,120882,9.95,0.74
2922,2021-05-31,FVG,8869,4412,4457,6708,2161,ITH,ITH4,6,Friuli-Venezia Giulia,Friuli Venezia Giulia,1215220,129751,10.68,0.73
2923,2021-01-30,FVG,2276,745,1531,270,2006,ITH,ITH4,6,Friuli-Venezia Giulia,Friuli Venezia Giulia,1215220,132027,10.86,0.19
2924,2021-04-21,FVG,7751,3456,4295,4072,3679,ITH,ITH4,6,Friuli-Venezia Giulia,Friuli Venezia Giulia,1215220,139778,11.5,0.64
2925,2021-01-11,FVG,1882,608,1274,1882,0,ITH,ITH4,6,Friuli-Venezia Giulia,Friuli Venezia Giulia,1215220,141660,11.66,0.15
2926,2021-03-28,FVG,4935,2353,2582,4777,158,ITH,ITH4,6,Friuli-Venezia Giulia,Friuli Venezia Giulia,1215220,146595,12.06,0.41
2927,2021-01-18,FVG,1961,606,1355,1867,94,ITH,ITH4,6,Friuli-Venezia Giulia,Friuli Venezia Giulia,1215220,148556,12.22,0.16
2928,2021-01-04,FVG,1507,558,949,1507,0,ITH,ITH4,6,Friuli-Venezia Giulia,Friuli Venezia Giulia,1215220,150063,12.35,0.12
2929,2021-02-06,FVG,1154,338,816,22,1132,ITH,ITH4,6,Friuli-Venezia Giulia,Friuli Venezia Giulia,1215220,151217,12.44,0.09
2930,2021-02-23,FVG,2643,1277,1366,2463,180,ITH,ITH4,6,Friuli-Venezia Giulia,Friuli Venezia Giulia,1215220,153860,12.66,0.22
2931,2021-05-17,FVG,8783,4077,4706,6300,2483,ITH,ITH4,6,Friuli-Venezia Giulia,Friuli Venezia Giulia,1215220,162643,13.38,0.72
2932,2021-03-09,FVG,4009,1722,2287,1262,2747,ITH,ITH4,6,Friuli-Venezia Giulia,Friuli Venezia Giulia,1215220,166652,13.71,0.33
2933,2021-03-11,FVG,3474,1515,1959,1723,1751,ITH,ITH4,6,Friuli-Venezia Giulia,Friuli Venezia Giulia,1215220,170126,14.0,0.29
2934,2021-04-13,FVG,7366,3290,4076,5762,1604,ITH,ITH4,6,Friuli-Venezia Giulia,Friuli Venezia Giulia,1215220,177492,14.61,0.61
2935,2021-01-03,FVG,312,122,190,312,0,ITH,ITH4,6,Friuli-Venezia Giulia,Friuli Venezia Giulia,1215220,177804,14.63,0.03
2936,2021-01-20,FVG,748,320,428,13,735,ITH,ITH4,6,Friuli-Venezia Giulia,Friuli Venezia Giulia,1215220,178552,14.69,0.06
2937,2021-01-16,FVG,1230,360,870,1230,0,ITH,ITH4,6,Friuli-Venezia Giulia,Friuli Venezia Giulia,1215220,179782,14.79,0.1
2938,2021-03-25,FVG,5521,2415,3106,3387,2134,ITH,ITH4,6,Friuli-Venezia Giulia,Friuli Venezia Giulia,1215220,185303,15.25,0.45
2939,2021-03-30,FVG,7190,3226,3964,6267,923,ITH,ITH4,6,Friuli-Venezia Giulia,Friuli Venezia Giulia,1215220,192493,15.84,0.59
2940,2021-01-27,FVG,1272,425,847,450,822,ITH,ITH4,6,Friuli-Venezia Giulia,Friuli Venezia Giulia,1215220,193765,15.94,0.1
2941,2021-05-07,FVG,10591,4844,5747,7094,3497,ITH,ITH4,6,Friuli-Venezia Giulia,Friuli Venezia Giulia,1215220,204356,16.82,0.87
2942,2021-05-09,FVG,7355,3301,4054,3498,3857,ITH,ITH4,6,Friuli-Venezia Giulia,Friuli Venezia Giulia,1215220,211711,17.42,0.61
2943,2021-05-26,FVG,13220,6620,6600,9810,3410,ITH,ITH4,6,Friuli-Venezia Giulia,Friuli Venezia Giulia,1215220,224931,18.51,1.09
2944,2021-02-15,FVG,2454,912,1542,2201,253,ITH,ITH4,6,Friuli-Venezia Giulia,Friuli Venezia Giulia,1215220,227385,18.71,0.2
2945,2021-02-27,FVG,3530,1200,2330,3529,1,ITH,ITH4,6,Friuli-Venezia Giulia,Friuli Venezia Giulia,1215220,230915,19.0,0.29
2946,2021-04-25,FVG,2365,990,1375,2354,11,ITH,ITH4,6,Friuli-Venezia Giulia,Friuli Venezia Giulia,1215220,233280,19.2,0.19
2947,2021-01-15,FVG,2021,605,1416,2021,0,ITH,ITH4,6,Friuli-Venezia Giulia,Friuli Venezia Giulia,1215220,235301,19.36,0.17
2948,2021-04-18,FVG,6038,2800,3238,5631,407,ITH,ITH4,6,Friuli-Venezia Giulia,Friuli Venezia Giulia,1215220,241339,19.86,0.5
2949,2021-01-08,FVG,2320,746,1574,2320,0,ITH,ITH4,6,Friuli-Venezia Giulia,Friuli Venezia Giulia,1215220,243659,20.05,0.19
2950,2021-06-14,FVG,9959,4811,5148,5206,4753,ITH,ITH4,6,Friuli-Venezia Giulia,Friuli Venezia Giulia,1215220,253618,20.87,0.82
2951,2021-02-20,FVG,2068,933,1135,1924,144,ITH,ITH4,6,Friuli-Venezia Giulia,Friuli Venezia Giulia,1215220,255686,21.04,0.17
2952,2021-01-22,FVG,90,30,60,0,90,ITH,ITH4,6,Friuli-Venezia Giulia,Friuli Venezia Giulia,1215220,255776,21.05,0.01
2953,2021-03-06,FVG,3500,1196,2304,3175,325,ITH,ITH4,6,Friuli-Venezia Giulia,Friuli Venezia Giulia,1215220,259276,21.34,0.29
2954,2021-04-08,FVG,7378,3173,4205,5456,1922,ITH,ITH4,6,Friuli-Venezia Giulia,Friuli Venezia Giulia,1215220,266654,21.94,0.61
2955,2021-05-21,FVG,11148,4990,6158,8184,2964,ITH,ITH4,6,Friuli-Venezia Giulia,Friuli Venezia Giulia,1215220,277802,22.86,0.92
2956,2021-02-10,FVG,1352,496,856,1266,86,ITH,ITH4,6,Friuli-Venezia Giulia,Friuli Venezia Giulia,1215220,279154,22.97,0.11
2957,2021-02-01,FVG,2097,688,1409,16,2081,ITH,ITH4,6,Friuli-Venezia Giulia,Friuli Venezia Giulia,1215220,281251,23.14,0.17
2958,2021-05-14,FVG,10727,5345,5382,8145,2582,ITH,ITH4,6,Friuli-Venezia Giulia,Friuli Venezia Giulia,1215220,291978,24.03,0.88
2959,2021-02-03,FVG,2647,791,1856,23,2624,ITH,ITH4,6,Friuli-Venezia Giulia,Friuli Venezia Giulia,1215220,294625,24.24,0.22
2960,2021-02-11,FVG,1930,664,1266,1738,192,ITH,ITH4,6,Friuli-Venezia Giulia,Friuli Venezia Giulia,1215220,296555,24.4,0.16
2961,2021-04-09,FVG,7891,3646,4245,6647,1244,ITH,ITH4,6,Friuli-Venezia Giulia,Friuli Venezia Giulia,1215220,304446,25.05,0.65
2962,2020-12-30,FVG,626,244,382,626,0,ITH,ITH4,6,Friuli-Venezia Giulia,Friuli Venezia Giulia,1215220,305072,25.1,0.05
2963,2021-06-05,FVG,10286,5315,4971,8738,1548,ITH,ITH4,6,Friuli-Venezia Giulia,Friuli Venezia Giulia,1215220,315358,25.95,0.85
2964,2021-02-25,FVG,3164,1651,1513,3135,29,ITH,ITH4,6,Friuli-Venezia Giulia,Friuli Venezia Giulia,1215220,318522,26.21,0.26
2965,2021-06-16,FVG,11815,5757,6058,4019,7796,ITH,ITH4,6,Friuli-Venezia Giulia,Friuli Venezia Giulia,1215220,330337,27.18,0.97
2966,2021-04-27,FVG,8100,3718,4382,3625,4475,ITH,ITH4,6,Friuli-Venezia Giulia,Friuli Venezia Giulia,1215220,338437,27.85,0.67
2967,2021-04-23,FVG,7463,3377,4086,3602,3861,ITH,ITH4,6,Friuli-Venezia Giulia,Friuli Venezia Giulia,1215220,345900,28.46,0.61
2968,2021-06-09,FVG,10758,5631,5127,9483,1275,ITH,ITH4,6,Friuli-Venezia Giulia,Friuli Venezia Giulia,1215220,356658,29.35,0.89
2969,2021-03-01,FVG,2957,1041,1916,2905,52,ITH,ITH4,6,Friuli-Venezia Giulia,Friuli Venezia Giulia,1215220,359615,29.59,0.24
2970,2021-03-18,FVG,3372,1421,1951,1691,1681,ITH,ITH4,6,Friuli-Venezia Giulia,Friuli Venezia Giulia,1215220,362987,29.87,0.28
2971,2021-03-20,FVG,3399,1408,1991,1308,2091,ITH,ITH4,6,Friuli-Venezia Giulia,Friuli Venezia Giulia,1215220,366386,30.15,0.28
2972,2021-06-04,FVG,11954,6121,5833,10633,1321,ITH,ITH4,6,Friuli-Venezia Giulia,Friuli Venezia Giulia,1215220,378340,31.13,0.98
2973,2021-03-13,FVG,2939,1122,1817,1668,1271,ITH,ITH4,6,Friuli-Venezia Giulia,Friuli Venezia Giulia,1215220,381279,31.38,0.24
2974,2021-02-22,FVG,2485,1193,1292,2067,418,ITH,ITH4,6,Friuli-Venezia Giulia,Friuli Venezia Giulia,1215220,383764,31.58,0.2
2975,2021-06-02,FVG,9400,4948,4452,9122,278,ITH,ITH4,6,Friuli-Venezia Giulia,Friuli Venezia Giulia,1215220,393164,32.35,0.77
2976,2021-02-07,FVG,1563,482,1081,385,1178,ITH,ITH4,6,Friuli-Venezia Giulia,Friuli Venezia Giulia,1215220,394727,32.48,0.13
2977,2021-05-18,FVG,10733,5376,5357,8661,2072,ITH,ITH4,6,Friuli-Venezia Giulia,Friuli Venezia Giulia,1215220,405460,33.37,0.88
2978,2021-06-01,FVG,10068,5097,4971,7948,2120,ITH,ITH4,6,Friuli-Venezia Giulia,Friuli Venezia Giulia,1215220,415528,34.19,0.83
2979,2021-03-29,FVG,6987,3110,3877,5406,1581,ITH,ITH4,6,Friuli-Venezia Giulia,Friuli Venezia Giulia,1215220,422515,34.77,0.57
2980,2021-04-01,FVG,6375,3044,3331,5360,1015,ITH,ITH4,6,Friuli-Venezia Giulia,Friuli Venezia Giulia,1215220,428890,35.29,0.52
2981,2021-05-28,FVG,10490,5026,5464,6391,4099,ITH,ITH4,6,Friuli-Venezia Giulia,Friuli Venezia Giulia,1215220,439380,36.16,0.86
2982,2021-02-19,FVG,3252,1290,1962,2825,427,ITH,ITH4,6,Friuli-Venezia Giulia,Friuli Venezia Giulia,1215220,442632,36.42,0.27
2983,2021-04-24,FVG,6675,2946,3729,5432,1243,ITH,ITH4,6,Friuli-Venezia Giulia,Friuli Venezia Giulia,1215220,449307,36.97,0.55
2984,2021-06-06,FVG,9449,4614,4835,7906,1543,ITH,ITH4,6,Friuli-Venezia Giulia,Friuli Venezia Giulia,1215220,458756,37.75,0.78
2985,2021-02-26,FVG,3736,2093,1643,3588,148,ITH,ITH4,6,Friuli-Venezia Giulia,Friuli Venezia Giulia,1215220,462492,38.06,0.31
2986,2021-02-17,FVG,2354,999,1355,1874,480,ITH,ITH4,6,Friuli-Venezia Giulia,Friuli Venezia Giulia,1215220,464846,38.25,0.19
2987,2021-05-06,FVG,11875,5516,6359,7918,3957,ITH,ITH4,6,Friuli-Venezia Giulia,Friuli Venezia Giulia,1215220,476721,39.23,0.98
2988,2021-04-20,FVG,7111,3060,4051,3208,3903,ITH,ITH4,6,Friuli-Venezia Giulia,Friuli Venezia Giulia,1215220,483832,39.81,0.59
2989,2021-01-10,FVG,2939,918,2021,2939,0,ITH,ITH4,6,Friuli-Venezia Giulia,Friuli Venezia Giulia,1215220,486771,40.06,0.24
2990,2021-04-05,FVG,2870,1427,1443,2855,15,ITH,ITH4,6,Friuli-Venezia Giulia,Friuli Venezia Giulia,1215220,489641,40.29,0.24
2991,2021-01-12,FVG,2260,713,1547,2260,0,ITH,ITH4,6,Friuli-Venezia Giulia,Friuli Venezia Giulia,1215220,491901,40.48,0.19
2992,2021-01-29,FVG,2412,813,1599,264,2148,ITH,ITH4,6,Friuli-Venezia Giulia,Friuli Venezia Giulia,1215220,494313,40.68,0.2
2993,2021-04-22,FVG,6772,3080,3692,3085,3687,ITH,ITH4,6,Friuli-Venezia Giulia,Friuli Venezia Giulia,1215220,501085,41.23,0.56
2994,2021-05-04,FVG,9534,4297,5237,6180,3354,ITH,ITH4,6,Friuli-Venezia Giulia,Friuli Venezia Giulia,1215220,510619,42.02,0.78
2995,2021-01-24,FVG,305,119,186,1,304,ITH,ITH4,6,Friuli-Venezia Giulia,Friuli Venezia Giulia,1215220,510924,42.04,0.03
2996,2021-03-08,FVG,4119,1642,2477,2034,2085,ITH,ITH4,6,Friuli-Venezia Giulia,Friuli Venezia Giulia,1215220,515043,42.38,0.34
2997,2021-03-22,FVG,3657,1445,2212,1703,1954,ITH,ITH4,6,Friuli-Venezia Giulia,Friuli Venezia Giulia,1215220,518700,42.68,0.3
2998,2021-01-17,FVG,1716,523,1193,1716,0,ITH,ITH4,6,Friuli-Venezia Giulia,Friuli Venezia Giulia,1215220,520416,42.82,0.14
2999,2021-03-15,FVG,3952,1809,2143,1631,2321,ITH,ITH4,6,Friuli-Venezia Giulia,Friuli Venezia Giulia,1215220,524368,43.15,0.33
3000,2021-05-11,FVG,9019,4326,4693,7217,1802,ITH,ITH4,6,Friuli-Venezia Giulia,Friuli Venezia Giulia,1215220,533387,43.89,0.74
3001,2021-01-31,FVG,2716,837,1879,385,2331,ITH,ITH4,6,Friuli-Venezia Giulia,Friuli Venezia Giulia,1215220,536103,44.12,0.22
3002,2021-05-29,FVG,12008,5841,6167,7021,4987,ITH,ITH4,6,Friuli-Venezia Giulia,Friuli Venezia Giulia,1215220,548111,45.1,0.99
3003,2021-01-13,FVG,2650,834,1816,2650,0,ITH,ITH4,6,Friuli-Venezia Giulia,Friuli Venezia Giulia,1215220,550761,45.32,0.22
3004,2021-04-06,FVG,6651,3111,3540,5501,1150,ITH,ITH4,6,Friuli-Venezia Giulia,Friuli Venezia Giulia,1215220,557412,45.87,0.55
3005,2020-12-27,FVG,262,149,113,262,0,ITH,ITH4,6,Friuli-Venezia Giulia,Friuli Venezia Giulia,1215220,557674,45.89,0.02
3006,2021-02-12,FVG,1193,428,765,1146,47,ITH,ITH4,6,Friuli-Venezia Giulia,Friuli Venezia Giulia,1215220,558867,45.99,0.1
3007,2021-05-02,FVG,6840,3211,3629,3939,2901,ITH,ITH4,6,Friuli-Venezia Giulia,Friuli Venezia Giulia,1215220,565707,46.55,0.56
3008,2021-05-16,FVG,9969,4771,5198,8570,1399,ITH,ITH4,6,Friuli-Venezia Giulia,Friuli Venezia Giulia,1215220,575676,47.37,0.82
3009,2021-06-18,FVG,2058,1059,999,902,1156,ITH,ITH4,6,Friuli-Venezia Giulia,Friuli Venezia Giulia,1215220,577734,47.54,0.17
3010,2021-03-10,FVG,3579,1691,1888,1786,1793,ITH,ITH4,6,Friuli-Venezia Giulia,Friuli Venezia Giulia,1215220,581313,47.84,0.29
3011,2021-02-24,FVG,2522,1086,1436,2504,18,ITH,ITH4,6,Friuli-Venezia Giulia,Friuli Venezia Giulia,1215220,583835,48.04,0.21
3012,2021-03-27,FVG,5353,2899,2454,3942,1411,ITH,ITH4,6,Friuli-Venezia Giulia,Friuli Venezia Giulia,1215220,589188,48.48,0.44
3013,2021-04-03,FVG,3985,1970,2015,2656,1329,ITH,ITH4,6,Friuli-Venezia Giulia,Friuli Venezia Giulia,1215220,593173,48.81,0.33
3014,2021-06-10,FVG,10378,5443,4935,9461,917,ITH,ITH4,6,Friuli-Venezia Giulia,Friuli Venezia Giulia,1215220,603551,49.67,0.85
3015,2021-03-19,FVG,3248,1348,1900,1315,1933,ITH,ITH4,6,Friuli-Venezia Giulia,Friuli Venezia Giulia,1215220,606799,49.93,0.27
3016,2021-05-22,FVG,11537,5180,6357,7306,4231,ITH,ITH4,6,Friuli-Venezia Giulia,Friuli Venezia Giulia,1215220,618336,50.88,0.95
3017,2021-05-15,FVG,12631,6091,6540,7947,4684,ITH,ITH4,6,Friuli-Venezia Giulia,Friuli Venezia Giulia,1215220,630967,51.92,1.04
3018,2021-05-01,FVG,7189,3244,3945,6146,1043,ITH,ITH4,6,Friuli-Venezia Giulia,Friuli Venezia Giulia,1215220,638156,52.51,0.59
3019,2021-01-21,FVG,896,345,551,1,895,ITH,ITH4,6,Friuli-Venezia Giulia,Friuli Venezia Giulia,1215220,639052,52.59,0.07
3020,2021-02-21,FVG,801,281,520,423,378,ITH,ITH4,6,Friuli-Venezia Giulia,Friuli Venezia Giulia,1215220,639853,52.65,0.07
3021,2021-03-26,FVG,5991,2594,3397,3974,2017,ITH,ITH4,6,Friuli-Venezia Giulia,Friuli Venezia Giulia,1215220,645844,53.15,0.49
3022,2021-03-12,FVG,4098,1692,2406,2717,1381,ITH,ITH4,6,Friuli-Venezia Giulia,Friuli Venezia Giulia,1215220,649942,53.48,0.34
3023,2021-01-02,FVG,1216,470,746,1216,0,ITH,ITH4,6,Friuli-Venezia Giulia,Friuli Venezia Giulia,1215220,651158,53.58,0.1
3024,2021-04-12,FVG,7255,3181,4074,6124,1131,ITH,ITH4,6,Friuli-Venezia Giulia,Friuli Venezia Giulia,1215220,658413,54.18,0.6
3025,2021-03-17,FVG,3236,1267,1969,745,2491,ITH,ITH4,6,Friuli-Venezia Giulia,Friuli Venezia Giulia,1215220,661649,54.45,0.27
3026,2021-05-13,FVG,11129,5363,5766,9076,2053,ITH,ITH4,6,Friuli-Venezia Giulia,Friuli Venezia Giulia,1215220,672778,55.36,0.92
3027,2021-02-16,FVG,2516,1135,1381,2400,116,ITH,ITH4,6,Friuli-Venezia Giulia,Friuli Venezia Giulia,1215220,675294,55.57,0.21
3028,2021-03-24,FVG,3966,1711,2255,2485,1481,ITH,ITH4,6,Friuli-Venezia Giulia,Friuli Venezia Giulia,1215220,679260,55.9,0.33
3029,2021-05-20,FVG,12644,6279,6365,10133,2511,ITH,ITH4,6,Friuli-Venezia Giulia,Friuli Venezia Giulia,1215220,691904,56.94,1.04
3030,2021-01-26,FVG,1977,647,1330,217,1760,ITH,ITH4,6,Friuli-Venezia Giulia,Friuli Venezia Giulia,1215220,693881,57.1,0.16
3031,2021-02-09,FVG,1842,555,1287,1556,286,ITH,ITH4,6,Friuli-Venezia Giulia,Friuli Venezia Giulia,1215220,695723,57.25,0.15
3032,2021-02-02,FVG,2467,806,1661,217,2250,ITH,ITH4,6,Friuli-Venezia Giulia,Friuli Venezia Giulia,1215220,698190,57.45,0.2
3033,2021-03-31,FVG,8091,3550,4541,7245,846,ITH,ITH4,6,Friuli-Venezia Giulia,Friuli Venezia Giulia,1215220,706281,58.12,0.67
3034,2021-05-25,FVG,12863,6360,6503,9552,3311,ITH,ITH4,6,Friuli-Venezia Giulia,Friuli Venezia Giulia,1215220,719144,59.18,1.06
3035,2021-06-11,FVG,10415,5696,4719,9684,731,ITH,ITH4,6,Friuli-Venezia Giulia,Friuli Venezia Giulia,1215220,729559,60.04,0.86
3036,2021-03-03,FVG,3643,1631,2012,2370,1273,ITH,ITH4,6,Friuli-Venezia Giulia,Friuli Venezia Giulia,1215220,733202,60.33,0.3
3037,2021-05-27,FVG,12785,6119,6666,7570,5215,ITH,ITH4,6,Friuli-Venezia Giulia,Friuli Venezia Giulia,1215220,745987,61.39,1.05
3038,2021-05-30,FVG,11056,4986,6070,7472,3584,ITH,ITH4,6,Friuli-Venezia Giulia,Friuli Venezia Giulia,1215220,757043,62.3,0.91
3039,2021-05-03,FVG,7208,3285,3923,3429,3779,ITH,ITH4,6,Friuli-Venezia Giulia,Friuli Venezia Giulia,1215220,764251,62.89,0.59
3040,2021-01-14,FVG,2584,789,1795,2584,0,ITH,ITH4,6,Friuli-Venezia Giulia,Friuli Venezia Giulia,1215220,766835,63.1,0.21
3041,2021-06-08,FVG,10142,5295,4847,9783,359,ITH,ITH4,6,Friuli-Venezia Giulia,Friuli Venezia Giulia,1215220,776977,63.94,0.83
3042,2021-02-28,FVG,2685,1002,1683,2292,393,ITH,ITH4,6,Friuli-Venezia Giulia,Friuli Venezia Giulia,1215220,779662,64.16,0.22
3043,2021-04-26,FVG,5460,2451,3009,3811,1649,ITH,ITH4,6,Friuli-Venezia Giulia,Friuli Venezia Giulia,1215220,785122,64.61,0.45
3044,2021-04-07,FVG,7789,3594,4195,7007,782,ITH,ITH4,6,Friuli-Venezia Giulia,Friuli Venezia Giulia,1215220,792911,65.25,0.64
3045,2021-01-28,FVG,2239,794,1445,354,1885,ITH,ITH4,6,Friuli-Venezia Giulia,Friuli Venezia Giulia,1215220,795150,65.43,0.18
3046,2021-05-08,FVG,10265,4640,5625,5486,4779,ITH,ITH4,6,Friuli-Venezia Giulia,Friuli Venezia Giulia,1215220,805415,66.28,0.84
3047,2021-05-10,FVG,7937,3526,4411,6396,1541,ITH,ITH4,6,Friuli-Venezia Giulia,Friuli Venezia Giulia,1215220,813352,66.93,0.65
3048,2021-04-15,FVG,6490,2862,3628,5219,1271,ITH,ITH4,6,Friuli-Venezia Giulia,Friuli Venezia Giulia,1215220,819842,67.46,0.53
3049,2021-04-29,FVG,6697,2939,3758,4164,2533,ITH,ITH4,6,Friuli-Venezia Giulia,Friuli Venezia Giulia,1215220,826539,68.02,0.55
3050,2021-01-05,FVG,1678,551,1127,1678,0,ITH,ITH4,6,Friuli-Venezia Giulia,Friuli Venezia Giulia,1215220,828217,68.15,0.14
3051,2021-02-05,FVG,2609,784,1825,89,2520,ITH,ITH4,6,Friuli-Venezia Giulia,Friuli Venezia Giulia,1215220,830826,68.37,0.21
3052,2021-04-14,FVG,7217,3118,4099,5505,1712,ITH,ITH4,6,Friuli-Venezia Giulia,Friuli Venezia Giulia,1215220,838043,68.96,0.59
3053,2021-06-03,FVG,12221,6663,5558,10252,1969,ITH,ITH4,6,Friuli-Venezia Giulia,Friuli Venezia Giulia,1215220,850264,69.97,1.01
3054,2021-01-19,FVG,6,2,4,6,0,ITH,ITH4,6,Friuli-Venezia Giulia,Friuli Venezia Giulia,1215220,850270,69.97,0.0
3055,2021-02-08,FVG,2357,694,1663,92,2265,ITH,ITH4,6,Friuli-Venezia Giulia,Friuli Venezia Giulia,1215220,852627,70.16,0.19
3056,2021-06-13,FVG,8627,4490,4137,5316,3311,ITH,ITH4,6,Friuli-Venezia Giulia,Friuli Venezia Giulia,1215220,861254,70.87,0.71
3057,2021-04-17,FVG,7450,3232,4218,5967,1483,ITH,ITH4,6,Friuli-Venezia Giulia,Friuli Venezia Giulia,1215220,868704,71.49,0.61
3058,2021-04-10,FVG,5027,2202,2825,3802,1225,ITH,ITH4,6,Friuli-Venezia Giulia,Friuli Venezia Giulia,1215220,873731,71.9,0.41
3059,2021-05-23,FVG,10268,4853,5415,6120,4148,ITH,ITH4,6,Friuli-Venezia Giulia,Friuli Venezia Giulia,1215220,883999,72.74,0.84
3060,2021-01-07,FVG,2093,718,1375,2093,0,ITH,ITH4,6,Friuli-Venezia Giulia,Friuli Venezia Giulia,1215220,886092,72.92,0.17
3061,2021-03-05,FVG,3772,1511,2261,2698,1074,ITH,ITH4,6,Friuli-Venezia Giulia,Friuli Venezia Giulia,1215220,889864,73.23,0.31
3062,2021-04-19,FVG,6710,3133,3577,3295,3415,ITH,ITH4,6,Friuli-Venezia Giulia,Friuli Venezia Giulia,1215220,896574,73.78,0.55
3063,2021-01-09,FVG,2513,841,1672,2513,0,ITH,ITH4,6,Friuli-Venezia Giulia,Friuli Venezia Giulia,1215220,899087,73.99,0.21
3064,2021-06-15,FVG,11573,5852,5721,5278,6295,ITH,ITH4,6,Friuli-Venezia Giulia,Friuli Venezia Giulia,1215220,910660,74.94,0.95
3065,2021-03-07,FVG,2547,932,1615,2546,1,ITH,ITH4,6,Friuli-Venezia Giulia,Friuli Venezia Giulia,1215220,913207,75.15,0.21
3066,2020-12-31,FVG,1053,384,669,1053,0,ITH,ITH4,6,Friuli-Venezia Giulia,Friuli Venezia Giulia,1215220,914260,75.23,0.09
3067,2021-06-17,FVG,10917,5515,5402,2205,8712,ITH,ITH4,6,Friuli-Venezia Giulia,Friuli Venezia Giulia,1215220,925177,76.13,0.9
3068,2021-05-15,MAR,13965,6375,7590,8076,5889,ITI,ITI3,11,Marche,Marche,1525271,13965,0.92,0.92
3069,2021-02-19,MAR,1961,712,1249,1826,135,ITI,ITI3,11,Marche,Marche,1525271,15926,1.04,0.13
3070,2020-12-31,MAR,388,182,206,388,0,ITI,ITI3,11,Marche,Marche,1525271,16314,1.07,0.03
3071,2021-05-20,MAR,12363,5812,6551,7666,4697,ITI,ITI3,11,Marche,Marche,1525271,28677,1.88,0.81
3072,2021-02-07,MAR,1870,734,1136,344,1526,ITI,ITI3,11,Marche,Marche,1525271,30547,2.0,0.12
3073,2021-01-31,MAR,1918,769,1149,103,1815,ITI,ITI3,11,Marche,Marche,1525271,32465,2.13,0.13
3074,2021-04-07,MAR,7810,3435,4375,7475,335,ITI,ITI3,11,Marche,Marche,1525271,40275,2.64,0.51
3075,2021-02-09,MAR,124,42,82,46,78,ITI,ITI3,11,Marche,Marche,1525271,40399,2.65,0.01
3076,2021-04-05,MAR,5688,2355,3333,4419,1269,ITI,ITI3,11,Marche,Marche,1525271,46087,3.02,0.37
3077,2021-03-19,MAR,3835,1597,2238,339,3496,ITI,ITI3,11,Marche,Marche,1525271,49922,3.27,0.25
3078,2021-03-17,MAR,3428,1494,1934,107,3321,ITI,ITI3,11,Marche,Marche,1525271,53350,3.5,0.22
3079,2021-02-28,MAR,2836,1251,1585,2830,6,ITI,ITI3,11,Marche,Marche,1525271,56186,3.68,0.19
3080,2021-06-08,MAR,13914,7013,6901,11303,2611,ITI,ITI3,11,Marche,Marche,1525271,70100,4.6,0.91
3081,2021-05-27,MAR,13730,6816,6914,9429,4301,ITI,ITI3,11,Marche,Marche,1525271,83830,5.5,0.9
3082,2021-03-31,MAR,7377,3088,4289,4353,3024,ITI,ITI3,11,Marche,Marche,1525271,91207,5.98,0.48
3083,2021-03-29,MAR,5860,2567,3293,3435,2425,ITI,ITI3,11,Marche,Marche,1525271,97067,6.36,0.38
3084,2021-01-21,MAR,911,261,650,585,326,ITI,ITI3,11,Marche,Marche,1525271,97978,6.42,0.06
3085,2021-05-01,MAR,9318,3924,5394,3576,5742,ITI,ITI3,11,Marche,Marche,1525271,107296,7.03,0.61
3086,2021-03-05,MAR,6171,2856,3315,4703,1468,ITI,ITI3,11,Marche,Marche,1525271,113467,7.44,0.4
3087,2021-01-07,MAR,1808,636,1172,1808,0,ITI,ITI3,11,Marche,Marche,1525271,115275,7.56,0.12
3088,2021-06-15,MAR,12907,6416,6491,9852,3055,ITI,ITI3,11,Marche,Marche,1525271,128182,8.4,0.85
3089,2021-01-12,MAR,1227,413,814,1227,0,ITI,ITI3,11,Marche,Marche,1525271,129409,8.48,0.08
3090,2021-04-26,MAR,8980,3983,4997,5958,3022,ITI,ITI3,11,Marche,Marche,1525271,138389,9.07,0.59
3091,2021-01-23,MAR,557,190,367,123,434,ITI,ITI3,11,Marche,Marche,1525271,138946,9.11,0.04
3092,2021-01-26,MAR,2019,746,1273,91,1928,ITI,ITI3,11,Marche,Marche,1525271,140965,9.24,0.13
3093,2021-04-19,MAR,9601,4497,5104,8020,1581,ITI,ITI3,11,Marche,Marche,1525271,150566,9.87,0.63
3094,2021-02-14,MAR,738,301,437,738,0,ITI,ITI3,11,Marche,Marche,1525271,151304,9.92,0.05
3095,2021-05-08,MAR,12267,5476,6791,5021,7246,ITI,ITI3,11,Marche,Marche,1525271,163571,10.72,0.8
3096,2021-03-24,MAR,7032,2983,4049,3364,3668,ITI,ITI3,11,Marche,Marche,1525271,170603,11.19,0.46
3097,2021-06-01,MAR,12064,6158,5906,9969,2095,ITI,ITI3,11,Marche,Marche,1525271,182667,11.98,0.79
3098,2021-03-10,MAR,5666,2400,3266,4529,1137,ITI,ITI3,11,Marche,Marche,1525271,188333,12.35,0.37
3099,2021-02-21,MAR,376,141,235,375,1,ITI,ITI3,11,Marche,Marche,1525271,188709,12.37,0.02
3100,2021-01-19,MAR,228,83,145,142,86,ITI,ITI3,11,Marche,Marche,1525271,188937,12.39,0.01
3101,2021-02-02,MAR,1191,397,794,72,1119,ITI,ITI3,11,Marche,Marche,1525271,190128,12.47,0.08
3102,2021-05-13,MAR,12603,5695,6908,7103,5500,ITI,ITI3,11,Marche,Marche,1525271,202731,13.29,0.83
3103,2021-04-12,MAR,8567,3772,4795,8083,484,ITI,ITI3,11,Marche,Marche,1525271,211298,13.85,0.56
3104,2021-02-04,MAR,2383,841,1542,112,2271,ITI,ITI3,11,Marche,Marche,1525271,213681,14.01,0.16
3105,2021-01-18,MAR,698,238,460,547,151,ITI,ITI3,11,Marche,Marche,1525271,214379,14.06,0.05
3106,2021-04-28,MAR,10735,4891,5844,6003,4732,ITI,ITI3,11,Marche,Marche,1525271,225114,14.76,0.7
3107,2021-03-26,MAR,6332,2606,3726,3524,2808,ITI,ITI3,11,Marche,Marche,1525271,231446,15.17,0.42
3108,2021-06-17,MAR,14913,7424,7489,8854,6059,ITI,ITI3,11,Marche,Marche,1525271,246359,16.15,0.98
3109,2021-06-12,MAR,13405,7131,6274,12132,1273,ITI,ITI3,11,Marche,Marche,1525271,259764,17.03,0.88
3110,2021-04-16,MAR,10082,4702,5380,9557,525,ITI,ITI3,11,Marche,Marche,1525271,269846,17.69,0.66
3111,2021-01-04,MAR,1509,570,939,1509,0,ITI,ITI3,11,Marche,Marche,1525271,271355,17.79,0.1
3112,2021-04-14,MAR,10214,4563,5651,9842,372,ITI,ITI3,11,Marche,Marche,1525271,281569,18.46,0.67
3113,2020-12-30,MAR,17,5,12,17,0,ITI,ITI3,11,Marche,Marche,1525271,281586,18.46,0.0
3114,2021-03-02,MAR,4953,1941,3012,4387,566,ITI,ITI3,11,Marche,Marche,1525271,286539,18.79,0.32
3115,2021-06-10,MAR,14673,7564,7109,12660,2013,ITI,ITI3,11,Marche,Marche,1525271,301212,19.75,0.96
3116,2021-05-24,MAR,10796,5111,5685,8122,2674,ITI,ITI3,11,Marche,Marche,1525271,312008,20.46,0.71
3117,2021-05-22,MAR,11937,5719,6218,7489,4448,ITI,ITI3,11,Marche,Marche,1525271,323945,21.24,0.78
3118,2021-05-03,MAR,10197,4605,5592,4790,5407,ITI,ITI3,11,Marche,Marche,1525271,334142,21.91,0.67
3119,2021-03-28,MAR,4127,1740,2387,2436,1691,ITI,ITI3,11,Marche,Marche,1525271,338269,22.18,0.27
3120,2021-01-30,MAR,1905,668,1237,28,1877,ITI,ITI3,11,Marche,Marche,1525271,340174,22.3,0.12
3121,2021-05-10,MAR,9448,4336,5112,4897,4551,ITI,ITI3,11,Marche,Marche,1525271,349622,22.92,0.62
3122,2021-03-14,MAR,2499,1032,1467,1907,592,ITI,ITI3,11,Marche,Marche,1525271,352121,23.09,0.16
3123,2021-06-03,MAR,14645,7478,7167,12382,2263,ITI,ITI3,11,Marche,Marche,1525271,366766,24.05,0.96
3124,2021-02-18,MAR,2101,745,1356,1815,286,ITI,ITI3,11,Marche,Marche,1525271,368867,24.18,0.14
3125,2021-05-29,MAR,12788,6194,6594,8260,4528,ITI,ITI3,11,Marche,Marche,1525271,381655,25.02,0.84
3126,2021-02-16,MAR,1288,475,813,1258,30,ITI,ITI3,11,Marche,Marche,1525271,382943,25.11,0.08
3127,2021-02-25,MAR,3509,1434,2075,3330,179,ITI,ITI3,11,Marche,Marche,1525271,386452,25.34,0.23
3128,2021-06-05,MAR,13928,7004,6924,11869,2059,ITI,ITI3,11,Marche,Marche,1525271,400380,26.25,0.91
3129,2021-04-23,MAR,11159,5140,6019,8104,3055,ITI,ITI3,11,Marche,Marche,1525271,411539,26.98,0.73
3130,2021-03-12,MAR,4640,1972,2668,3402,1238,ITI,ITI3,11,Marche,Marche,1525271,416179,27.29,0.3
3131,2021-01-14,MAR,2010,692,1318,2010,0,ITI,ITI3,11,Marche,Marche,1525271,418189,27.42,0.13
3132,2021-04-24,MAR,12022,5303,6719,7558,4464,ITI,ITI3,11,Marche,Marche,1525271,430211,28.21,0.79
3133,2021-02-26,MAR,3628,1498,2130,3152,476,ITI,ITI3,11,Marche,Marche,1525271,433839,28.44,0.24
3134,2021-05-12,MAR,10425,4686,5739,4923,5502,ITI,ITI3,11,Marche,Marche,1525271,444264,29.13,0.68
3135,2021-01-09,MAR,1710,605,1105,1710,0,ITI,ITI3,11,Marche,Marche,1525271,445974,29.24,0.11
3136,2021-04-02,MAR,6887,2983,3904,6148,739,ITI,ITI3,11,Marche,Marche,1525271,452861,29.69,0.45
3137,2021-03-16,MAR,3471,1485,1986,290,3181,ITI,ITI3,11,Marche,Marche,1525271,456332,29.92,0.23
3138,2021-01-11,MAR,1176,411,765,1176,0,ITI,ITI3,11,Marche,Marche,1525271,457508,30.0,0.08
3139,2021-04-21,MAR,10781,4967,5814,9587,1194,ITI,ITI3,11,Marche,Marche,1525271,468289,30.7,0.71
3140,2021-01-02,MAR,455,140,315,455,0,ITI,ITI3,11,Marche,Marche,1525271,468744,30.73,0.03
3141,2021-03-07,MAR,5179,2106,3073,4425,754,ITI,ITI3,11,Marche,Marche,1525271,473923,31.07,0.34
3142,2021-01-16,MAR,2034,732,1302,2034,0,ITI,ITI3,11,Marche,Marche,1525271,475957,31.2,0.13
3143,2021-03-09,MAR,5428,2290,3138,4548,880,ITI,ITI3,11,Marche,Marche,1525271,481385,31.56,0.36
3144,2021-04-13,MAR,9838,4259,5579,9605,233,ITI,ITI3,11,Marche,Marche,1525271,491223,32.21,0.65
3145,2021-06-16,MAR,13522,6794,6728,9156,4366,ITI,ITI3,11,Marche,Marche,1525271,504745,33.09,0.89
3146,2021-06-02,MAR,11898,5937,5961,11221,677,ITI,ITI3,11,Marche,Marche,1525271,516643,33.87,0.78
3147,2021-02-22,MAR,3413,1499,1914,3338,75,ITI,ITI3,11,Marche,Marche,1525271,520056,34.1,0.22
3148,2021-04-09,MAR,9560,4189,5371,9360,200,ITI,ITI3,11,Marche,Marche,1525271,529616,34.72,0.63
3149,2021-01-06,MAR,2189,796,1393,2189,0,ITI,ITI3,11,Marche,Marche,1525271,531805,34.87,0.14
3150,2021-03-04,MAR,6486,2868,3618,5093,1393,ITI,ITI3,11,Marche,Marche,1525271,538291,35.29,0.43
3151,2021-03-13,MAR,5766,2656,3110,1809,3957,ITI,ITI3,11,Marche,Marche,1525271,544057,35.67,0.38
3152,2021-05-09,MAR,8769,3985,4784,3638,5131,ITI,ITI3,11,Marche,Marche,1525271,552826,36.24,0.57
3153,2021-03-21,MAR,4504,1873,2631,1629,2875,ITI,ITI3,11,Marche,Marche,1525271,557330,36.54,0.3
3154,2021-02-06,MAR,2463,902,1561,522,1941,ITI,ITI3,11,Marche,Marche,1525271,559793,36.7,0.16
3155,2021-05-21,MAR,12951,6113,6838,6695,6256,ITI,ITI3,11,Marche,Marche,1525271,572744,37.55,0.85
3156,2021-05-28,MAR,13956,6734,7222,9097,4859,ITI,ITI3,11,Marche,Marche,1525271,586700,38.47,0.91
3157,2021-04-01,MAR,7576,3182,4394,4160,3416,ITI,ITI3,11,Marche,Marche,1525271,594276,38.96,0.5
3158,2021-02-11,MAR,1987,657,1330,1598,389,ITI,ITI3,11,Marche,Marche,1525271,596263,39.09,0.13
3159,2021-05-05,MAR,11647,5300,6347,5218,6429,ITI,ITI3,11,Marche,Marche,1525271,607910,39.86,0.76
3160,2021-05-07,MAR,12836,5804,7032,3658,9178,ITI,ITI3,11,Marche,Marche,1525271,620746,40.7,0.84
3161,2021-02-13,MAR,1093,462,631,1011,82,ITI,ITI3,11,Marche,Marche,1525271,621839,40.77,0.07
3162,2021-01-27,MAR,2119,781,1338,122,1997,ITI,ITI3,11,Marche,Marche,1525271,623958,40.91,0.14
3163,2021-04-20,MAR,10696,4995,5701,9279,1417,ITI,ITI3,11,Marche,Marche,1525271,634654,41.61,0.7
3164,2021-02-15,MAR,967,412,555,954,13,ITI,ITI3,11,Marche,Marche,1525271,635621,41.67,0.06
3165,2021-05-26,MAR,11803,5916,5887,8620,3183,ITI,ITI3,11,Marche,Marche,1525271,647424,42.45,0.77
3166,2021-03-30,MAR,7420,3044,4376,4605,2815,ITI,ITI3,11,Marche,Marche,1525271,654844,42.93,0.49
3167,2021-02-01,MAR,1362,479,883,98,1264,ITI,ITI3,11,Marche,Marche,1525271,656206,43.02,0.09
3168,2021-04-06,MAR,8879,3693,5186,8066,813,ITI,ITI3,11,Marche,Marche,1525271,665085,43.6,0.58
3169,2021-03-23,MAR,5789,2529,3260,2262,3527,ITI,ITI3,11,Marche,Marche,1525271,670874,43.98,0.38
3170,2021-02-08,MAR,833,258,575,371,462,ITI,ITI3,11,Marche,Marche,1525271,671707,44.04,0.05
3171,2021-05-19,MAR,11469,5272,6197,8561,2908,ITI,ITI3,11,Marche,Marche,1525271,683176,44.79,0.75
3172,2021-01-28,MAR,2086,725,1361,165,1921,ITI,ITI3,11,Marche,Marche,1525271,685262,44.93,0.14
3173,2021-04-04,MAR,3824,1792,2032,2655,1169,ITI,ITI3,11,Marche,Marche,1525271,689086,45.18,0.25
3174,2021-06-09,MAR,14044,7304,6740,12174,1870,ITI,ITI3,11,Marche,Marche,1525271,703130,46.1,0.92
3175,2021-06-07,MAR,13157,6496,6661,10708,2449,ITI,ITI3,11,Marche,Marche,1525271,716287,46.96,0.86
3176,2021-02-27,MAR,3356,1435,1921,3147,209,ITI,ITI3,11,Marche,Marche,1525271,719643,47.18,0.22
3177,2021-05-31,MAR,11780,5941,5839,8851,2929,ITI,ITI3,11,Marche,Marche,1525271,731423,47.95,0.77
3178,2021-05-17,MAR,11853,5568,6285,7690,4163,ITI,ITI3,11,Marche,Marche,1525271,743276,48.73,0.78
3179,2021-04-30,MAR,13941,6101,7840,5398,8543,ITI,ITI3,11,Marche,Marche,1525271,757217,49.64,0.91
3180,2021-04-11,MAR,7117,3115,4002,6831,286,ITI,ITI3,11,Marche,Marche,1525271,764334,50.11,0.47
3181,2021-03-11,MAR,6591,2784,3807,5221,1370,ITI,ITI3,11,Marche,Marche,1525271,770925,50.54,0.43
3182,2021-03-25,MAR,6656,2772,3884,3248,3408,ITI,ITI3,11,Marche,Marche,1525271,777581,50.98,0.44
3183,2021-01-25,MAR,1595,558,1037,96,1499,ITI,ITI3,11,Marche,Marche,1525271,779176,51.08,0.1
3184,2021-01-08,MAR,1578,590,988,1578,0,ITI,ITI3,11,Marche,Marche,1525271,780754,51.19,0.1
3185,2021-04-18,MAR,8820,4131,4689,7899,921,ITI,ITI3,11,Marche,Marche,1525271,789574,51.77,0.58
3186,2021-01-10,MAR,1741,700,1041,1741,0,ITI,ITI3,11,Marche,Marche,1525271,791315,51.88,0.11
3187,2021-04-17,MAR,11700,5315,6385,10627,1073,ITI,ITI3,11,Marche,Marche,1525271,803015,52.65,0.77
3188,2021-06-13,MAR,10436,5414,5022,9200,1236,ITI,ITI3,11,Marche,Marche,1525271,813451,53.33,0.68
3189,2020-12-27,MAR,204,99,105,204,0,ITI,ITI3,11,Marche,Marche,1525271,813655,53.34,0.01
3190,2021-06-06,MAR,12299,6074,6225,10810,1489,ITI,ITI3,11,Marche,Marche,1525271,825954,54.15,0.81
3191,2021-03-27,MAR,7380,3074,4306,5022,2358,ITI,ITI3,11,Marche,Marche,1525271,833334,54.64,0.48
3192,2021-04-10,MAR,10915,4620,6295,10602,313,ITI,ITI3,11,Marche,Marche,1525271,844249,55.35,0.72
3193,2021-01-03,MAR,907,354,553,907,0,ITI,ITI3,11,Marche,Marche,1525271,845156,55.41,0.06
3194,2021-03-08,MAR,6263,2743,3520,5261,1002,ITI,ITI3,11,Marche,Marche,1525271,851419,55.82,0.41
3195,2021-02-05,MAR,2154,653,1501,439,1715,ITI,ITI3,11,Marche,Marche,1525271,853573,55.96,0.14
3196,2021-05-16,MAR,10898,4957,5941,6670,4228,ITI,ITI3,11,Marche,Marche,1525271,864471,56.68,0.71
3197,2021-05-30,MAR,9733,4690,5043,6744,2989,ITI,ITI3,11,Marche,Marche,1525271,874204,57.31,0.64
3198,2021-04-27,MAR,9399,4309,5090,5413,3986,ITI,ITI3,11,Marche,Marche,1525271,883603,57.93,0.62
3199,2021-01-17,MAR,1610,689,921,1550,60,ITI,ITI3,11,Marche,Marche,1525271,885213,58.04,0.11
3200,2021-04-22,MAR,10796,4931,5865,9218,1578,ITI,ITI3,11,Marche,Marche,1525271,896009,58.74,0.71
3201,2021-02-24,MAR,3486,1515,1971,3408,78,ITI,ITI3,11,Marche,Marche,1525271,899495,58.97,0.23
3202,2021-06-04,MAR,14335,7290,7045,11897,2438,ITI,ITI3,11,Marche,Marche,1525271,913830,59.91,0.94
3203,2021-04-08,MAR,7520,3285,4235,7193,327,ITI,ITI3,11,Marche,Marche,1525271,921350,60.41,0.49
3204,2021-03-03,MAR,6645,3046,3599,5761,884,ITI,ITI3,11,Marche,Marche,1525271,927995,60.84,0.44
3205,2021-01-05,MAR,1571,589,982,1571,0,ITI,ITI3,11,Marche,Marche,1525271,929566,60.94,0.1
3206,2021-04-15,MAR,10376,4674,5702,9811,565,ITI,ITI3,11,Marche,Marche,1525271,939942,61.62,0.68
3207,2021-02-17,MAR,1785,662,1123,1668,117,ITI,ITI3,11,Marche,Marche,1525271,941727,61.74,0.12
3208,2021-03-18,MAR,3389,1475,1914,162,3227,ITI,ITI3,11,Marche,Marche,1525271,945116,61.96,0.22
3209,2021-05-23,MAR,9208,4282,4926,7537,1671,ITI,ITI3,11,Marche,Marche,1525271,954324,62.57,0.6
3210,2021-05-06,MAR,12656,5822,6834,5584,7072,ITI,ITI3,11,Marche,Marche,1525271,966980,63.4,0.83
3211,2021-02-12,MAR,1582,618,964,1430,152,ITI,ITI3,11,Marche,Marche,1525271,968562,63.5,0.1
3212,2021-02-10,MAR,1439,452,987,1080,359,ITI,ITI3,11,Marche,Marche,1525271,970001,63.6,0.09
3213,2021-03-06,MAR,5699,2622,3077,4432,1267,ITI,ITI3,11,Marche,Marche,1525271,975700,63.97,0.37
3214,2021-06-14,MAR,12615,6377,6238,9307,3308,ITI,ITI3,11,Marche,Marche,1525271,988315,64.8,0.83
3215,2021-01-29,MAR,1991,730,1261,167,1824,ITI,ITI3,11,Marche,Marche,1525271,990306,64.93,0.13
3216,2021-05-18,MAR,11059,5257,5802,7655,3404,ITI,ITI3,11,Marche,Marche,1525271,1001365,65.65,0.73
3217,2021-05-11,MAR,10621,4832,5789,5677,4944,ITI,ITI3,11,Marche,Marche,1525271,1011986,66.35,0.7
3218,2021-03-15,MAR,4401,2026,2375,1311,3090,ITI,ITI3,11,Marche,Marche,1525271,1016387,66.64,0.29
3219,2021-04-03,MAR,7573,3204,4369,6903,670,ITI,ITI3,11,Marche,Marche,1525271,1023960,67.13,0.5
3220,2021-06-11,MAR,13689,6999,6690,11428,2261,ITI,ITI3,11,Marche,Marche,1525271,1037649,68.03,0.9
3221,2021-05-25,MAR,11647,5745,5902,8717,2930,ITI,ITI3,11,Marche,Marche,1525271,1049296,68.79,0.76
3222,2021-03-01,MAR,3724,1487,2237,3476,248,ITI,ITI3,11,Marche,Marche,1525271,1053020,69.04,0.24
3223,2021-02-20,MAR,4121,1705,2416,4010,111,ITI,ITI3,11,Marche,Marche,1525271,1057141,69.31,0.27
3224,2021-01-20,MAR,403,100,303,384,19,ITI,ITI3,11,Marche,Marche,1525271,1057544,69.33,0.03
3225,2021-02-03,MAR,2124,741,1383,119,2005,ITI,ITI3,11,Marche,Marche,1525271,1059668,69.47,0.14
3226,2021-05-14,MAR,13493,6218,7275,6720,6773,ITI,ITI3,11,Marche,Marche,1525271,1073161,70.36,0.88
3227,2021-06-18,MAR,5829,2937,2892,3085,2744,ITI,ITI3,11,Marche,Marche,1525271,1078990,70.74,0.38
3228,2021-04-29,MAR,13247,6062,7185,7150,6097,ITI,ITI3,11,Marche,Marche,1525271,1092237,71.61,0.87
3229,2021-02-23,MAR,3267,1397,1870,3211,56,ITI,ITI3,11,Marche,Marche,1525271,1095504,71.82,0.21
3230,2021-01-15,MAR,1771,500,1271,1771,0,ITI,ITI3,11,Marche,Marche,1525271,1097275,71.94,0.12
3231,2021-04-25,MAR,8599,3993,4606,7024,1575,ITI,ITI3,11,Marche,Marche,1525271,1105874,72.5,0.56
3232,2021-01-13,MAR,2105,746,1359,2105,0,ITI,ITI3,11,Marche,Marche,1525271,1107979,72.64,0.14
3233,2021-05-02,MAR,8899,3936,4963,3161,5738,ITI,ITI3,11,Marche,Marche,1525271,1116878,73.22,0.58
3234,2021-03-22,MAR,5653,2375,3278,2525,3128,ITI,ITI3,11,Marche,Marche,1525271,1122531,73.6,0.37
3235,2021-01-24,MAR,881,339,542,5,876,ITI,ITI3,11,Marche,Marche,1525271,1123412,73.65,0.06
3236,2021-05-04,MAR,10841,4788,6053,4949,5892,ITI,ITI3,11,Marche,Marche,1525271,1134253,74.36,0.71
3237,2021-03-20,MAR,4134,1739,2395,1048,3086,ITI,ITI3,11,Marche,Marche,1525271,1138387,74.64,0.27
3238,2021-01-22,MAR,487,167,320,194,293,ITI,ITI3,11,Marche,Marche,1525271,1138874,74.67,0.03
3239,2021-02-04,PIE,10205,3341,6864,588,9617,ITC,ITC1,1,Piemonte,Piemonte,4356406,10205,0.23,0.23
3240,2021-04-30,PIE,31811,14311,17500,18476,13335,ITC,ITC1,1,Piemonte,Piemonte,4356406,42016,0.96,0.73
3241,2021-03-23,PIE,13077,5451,7626,6832,6245,ITC,ITC1,1,Piemonte,Piemonte,4356406,55093,1.26,0.3
3242,2021-01-16,PIE,7771,2630,5141,7771,0,ITC,ITC1,1,Piemonte,Piemonte,4356406,62864,1.44,0.18
3243,2021-01-23,PIE,4257,1325,2932,879,3378,ITC,ITC1,1,Piemonte,Piemonte,4356406,67121,1.54,0.1
3244,2021-03-21,PIE,10727,4741,5986,4194,6533,ITC,ITC1,1,Piemonte,Piemonte,4356406,77848,1.79,0.25
3245,2021-05-24,PIE,28969,13419,15550,17019,11950,ITC,ITC1,1,Piemonte,Piemonte,4356406,106817,2.45,0.66
3246,2021-03-02,PIE,11202,4506,6696,10386,816,ITC,ITC1,1,Piemonte,Piemonte,4356406,118019,2.71,0.26
3247,2021-06-12,PIE,42317,22304,20013,39721,2596,ITC,ITC1,1,Piemonte,Piemonte,4356406,160336,3.68,0.97
3248,2021-05-19,PIE,33094,15271,17823,22009,11085,ITC,ITC1,1,Piemonte,Piemonte,4356406,193430,4.44,0.76
3249,2021-03-14,PIE,8205,3336,4869,5308,2897,ITC,ITC1,1,Piemonte,Piemonte,4356406,201635,4.63,0.19
3250,2021-05-10,PIE,28910,13947,14963,15811,13099,ITC,ITC1,1,Piemonte,Piemonte,4356406,230545,5.29,0.66
3251,2021-01-30,PIE,5980,2136,3844,218,5762,ITC,ITC1,1,Piemonte,Piemonte,4356406,236525,5.43,0.14
3252,2021-03-16,PIE,10523,4269,6254,4463,6060,ITC,ITC1,1,Piemonte,Piemonte,4356406,247048,5.67,0.24
3253,2021-05-12,PIE,31875,15188,16687,18989,12886,ITC,ITC1,1,Piemonte,Piemonte,4356406,278923,6.4,0.73
3254,2021-02-11,PIE,6764,2107,4657,3006,3758,ITC,ITC1,1,Piemonte,Piemonte,4356406,285687,6.56,0.16
3255,2021-04-09,PIE,25849,11387,14462,21340,4509,ITC,ITC1,1,Piemonte,Piemonte,4356406,311536,7.15,0.59
3256,2020-12-30,PIE,730,322,408,730,0,ITC,ITC1,1,Piemonte,Piemonte,4356406,312266,7.17,0.02
3257,2021-06-05,PIE,36849,18909,17940,32393,4456,ITC,ITC1,1,Piemonte,Piemonte,4356406,349115,8.01,0.85
3258,2021-02-25,PIE,12218,5252,6966,11671,547,ITC,ITC1,1,Piemonte,Piemonte,4356406,361333,8.29,0.28
3259,2021-04-02,PIE,20132,8298,11834,11705,8427,ITC,ITC1,1,Piemonte,Piemonte,4356406,381465,8.76,0.46
3260,2021-05-29,PIE,32769,15219,17550,20614,12155,ITC,ITC1,1,Piemonte,Piemonte,4356406,414234,9.51,0.75
3261,2021-02-18,PIE,4790,2093,2697,4360,430,ITC,ITC1,1,Piemonte,Piemonte,4356406,419024,9.62,0.11
3262,2021-04-16,PIE,28399,13211,15188,23413,4986,ITC,ITC1,1,Piemonte,Piemonte,4356406,447423,10.27,0.65
3263,2021-06-07,PIE,34794,17823,16971,30029,4765,ITC,ITC1,1,Piemonte,Piemonte,4356406,482217,11.07,0.8
3264,2020-12-28,PIE,1,1,0,1,0,ITC,ITC1,1,Piemonte,Piemonte,4356406,482218,11.07,0.0
3265,2021-05-02,PIE,25066,11266,13800,14321,10745,ITC,ITC1,1,Piemonte,Piemonte,4356406,507284,11.64,0.58
3266,2021-04-23,PIE,27446,12602,14844,20684,6762,ITC,ITC1,1,Piemonte,Piemonte,4356406,534730,12.27,0.63
3267,2021-04-04,PIE,9255,4060,5195,6541,2714,ITC,ITC1,1,Piemonte,Piemonte,4356406,543985,12.49,0.21
3268,2021-04-21,PIE,25754,11840,13914,20414,5340,ITC,ITC1,1,Piemonte,Piemonte,4356406,569739,13.08,0.59
3269,2021-03-28,PIE,16061,6900,9161,8439,7622,ITC,ITC1,1,Piemonte,Piemonte,4356406,585800,13.45,0.37
3270,2021-04-11,PIE,20824,9317,11507,18663,2161,ITC,ITC1,1,Piemonte,Piemonte,4356406,606624,13.92,0.48
3271,2021-01-04,PIE,5564,1679,3885,5564,0,ITC,ITC1,1,Piemonte,Piemonte,4356406,612188,14.05,0.13
3272,2021-04-28,PIE,26044,11737,14307,16011,10033,ITC,ITC1,1,Piemonte,Piemonte,4356406,638232,14.65,0.6
3273,2021-01-18,PIE,6166,2048,4118,5917,249,ITC,ITC1,1,Piemonte,Piemonte,4356406,644398,14.79,0.14
3274,2021-06-02,PIE,26530,12998,13532,22061,4469,ITC,ITC1,1,Piemonte,Piemonte,4356406,670928,15.4,0.61
3275,2021-02-22,PIE,8483,3472,5011,7893,590,ITC,ITC1,1,Piemonte,Piemonte,4356406,679411,15.6,0.19
3276,2021-03-11,PIE,13773,5074,8699,10676,3097,ITC,ITC1,1,Piemonte,Piemonte,4356406,693184,15.91,0.32
3277,2021-03-25,PIE,17062,7203,9859,8423,8639,ITC,ITC1,1,Piemonte,Piemonte,4356406,710246,16.3,0.39
3278,2021-04-13,PIE,25929,11608,14321,22469,3460,ITC,ITC1,1,Piemonte,Piemonte,4356406,736175,16.9,0.6
3279,2021-01-20,PIE,6617,2089,4528,5899,718,ITC,ITC1,1,Piemonte,Piemonte,4356406,742792,17.05,0.15
3280,2021-05-05,PIE,32195,15097,17098,19177,13018,ITC,ITC1,1,Piemonte,Piemonte,4356406,774987,17.79,0.74
3281,2021-03-30,PIE,16894,7035,9859,9021,7873,ITC,ITC1,1,Piemonte,Piemonte,4356406,791881,18.18,0.39
3282,2021-04-20,PIE,25472,11661,13811,19126,6346,ITC,ITC1,1,Piemonte,Piemonte,4356406,817353,18.76,0.58
3283,2021-05-07,PIE,33043,15621,17422,18926,14117,ITC,ITC1,1,Piemonte,Piemonte,4356406,850396,19.52,0.76
3284,2021-01-27,PIE,4196,1453,2743,999,3197,ITC,ITC1,1,Piemonte,Piemonte,4356406,854592,19.62,0.1
3285,2021-02-13,PIE,4153,1334,2819,2931,1222,ITC,ITC1,1,Piemonte,Piemonte,4356406,858745,19.71,0.1
3286,2021-05-09,PIE,27069,12906,14163,13450,13619,ITC,ITC1,1,Piemonte,Piemonte,4356406,885814,20.33,0.62
3287,2021-05-26,PIE,32701,15093,17608,15642,17059,ITC,ITC1,1,Piemonte,Piemonte,4356406,918515,21.08,0.75
3288,2021-02-15,PIE,4432,1597,2835,3227,1205,ITC,ITC1,1,Piemonte,Piemonte,4356406,922947,21.19,0.1
3289,2021-03-04,PIE,14535,5770,8765,11587,2948,ITC,ITC1,1,Piemonte,Piemonte,4356406,937482,21.52,0.33
3290,2021-02-27,PIE,12691,4851,7840,12346,345,ITC,ITC1,1,Piemonte,Piemonte,4356406,950173,21.81,0.29
3291,2021-04-25,PIE,20233,9305,10928,17732,2501,ITC,ITC1,1,Piemonte,Piemonte,4356406,970406,22.28,0.46
3292,2021-01-15,PIE,9114,3012,6102,9114,0,ITC,ITC1,1,Piemonte,Piemonte,4356406,979520,22.48,0.21
3293,2021-03-13,PIE,13046,4722,8324,11601,1445,ITC,ITC1,1,Piemonte,Piemonte,4356406,992566,22.78,0.3
3294,2021-02-08,PIE,6917,2356,4561,666,6251,ITC,ITC1,1,Piemonte,Piemonte,4356406,999483,22.94,0.16
3295,2021-05-21,PIE,36021,16739,19282,20386,15635,ITC,ITC1,1,Piemonte,Piemonte,4356406,1035504,23.77,0.83
3296,2021-02-01,PIE,8645,3055,5590,579,8066,ITC,ITC1,1,Piemonte,Piemonte,4356406,1044149,23.97,0.2
3297,2021-01-13,PIE,10085,3226,6859,10085,0,ITC,ITC1,1,Piemonte,Piemonte,4356406,1054234,24.2,0.23
3298,2021-06-16,PIE,39969,20049,19920,23802,16167,ITC,ITC1,1,Piemonte,Piemonte,4356406,1094203,25.12,0.92
3299,2021-01-06,PIE,3116,1111,2005,3116,0,ITC,ITC1,1,Piemonte,Piemonte,4356406,1097319,25.19,0.07
3300,2021-01-11,PIE,8744,2980,5764,8744,0,ITC,ITC1,1,Piemonte,Piemonte,4356406,1106063,25.39,0.2
3301,2021-04-06,PIE,20241,8810,11431,15045,5196,ITC,ITC1,1,Piemonte,Piemonte,4356406,1126304,25.85,0.46
3302,2020-12-27,PIE,913,369,544,913,0,ITC,ITC1,1,Piemonte,Piemonte,4356406,1127217,25.87,0.02
3303,2021-06-09,PIE,38460,20287,18173,35777,2683,ITC,ITC1,1,Piemonte,Piemonte,4356406,1165677,26.76,0.88
3304,2021-03-18,PIE,11759,4805,6954,4029,7730,ITC,ITC1,1,Piemonte,Piemonte,4356406,1177436,27.03,0.27
3305,2021-05-17,PIE,30858,14577,16281,17743,13115,ITC,ITC1,1,Piemonte,Piemonte,4356406,1208294,27.74,0.71
3306,2021-02-06,PIE,7995,2666,5329,400,7595,ITC,ITC1,1,Piemonte,Piemonte,4356406,1216289,27.92,0.18
3307,2021-02-23,PIE,9234,3713,5521,8653,581,ITC,ITC1,1,Piemonte,Piemonte,4356406,1225523,28.13,0.21
3308,2021-05-31,PIE,29014,13994,15020,20504,8510,ITC,ITC1,1,Piemonte,Piemonte,4356406,1254537,28.8,0.67
3309,2021-06-17,PIE,40476,20326,20150,24369,16107,ITC,ITC1,1,Piemonte,Piemonte,4356406,1295013,29.73,0.93
3310,2021-03-09,PIE,13967,5428,8539,11624,2343,ITC,ITC1,1,Piemonte,Piemonte,4356406,1308980,30.05,0.32
3311,2021-01-01,PIE,1038,395,643,1038,0,ITC,ITC1,1,Piemonte,Piemonte,4356406,1310018,30.07,0.02
3312,2021-02-03,PIE,10202,3304,6898,611,9591,ITC,ITC1,1,Piemonte,Piemonte,4356406,1320220,30.31,0.23
3313,2021-05-18,PIE,32031,14763,17268,19388,12643,ITC,ITC1,1,Piemonte,Piemonte,4356406,1352251,31.04,0.74
3314,2021-01-03,PIE,3063,967,2096,3063,0,ITC,ITC1,1,Piemonte,Piemonte,4356406,1355314,31.11,0.07
3315,2021-04-01,PIE,19331,8073,11258,11211,8120,ITC,ITC1,1,Piemonte,Piemonte,4356406,1374645,31.55,0.44
3316,2021-05-28,PIE,34922,16527,18395,19025,15897,ITC,ITC1,1,Piemonte,Piemonte,4356406,1409567,32.36,0.8
3317,2021-01-25,PIE,6215,1938,4277,983,5232,ITC,ITC1,1,Piemonte,Piemonte,4356406,1415782,32.5,0.14
3318,2021-05-30,PIE,27701,13186,14515,18377,9324,ITC,ITC1,1,Piemonte,Piemonte,4356406,1443483,33.13,0.64
3319,2021-02-19,PIE,5535,2175,3360,5034,501,ITC,ITC1,1,Piemonte,Piemonte,4356406,1449018,33.26,0.13
3320,2021-06-04,PIE,37449,19577,17872,34526,2923,ITC,ITC1,1,Piemonte,Piemonte,4356406,1486467,34.12,0.86
3321,2021-02-24,PIE,11409,4629,6780,10904,505,ITC,ITC1,1,Piemonte,Piemonte,4356406,1497876,34.38,0.26
3322,2021-04-18,PIE,22969,10821,12148,20213,2756,ITC,ITC1,1,Piemonte,Piemonte,4356406,1520845,34.91,0.53
3323,2021-01-08,PIE,5532,1762,3770,5532,0,ITC,ITC1,1,Piemonte,Piemonte,4356406,1526377,35.04,0.13
3324,2021-06-14,PIE,37770,19464,18306,30710,7060,ITC,ITC1,1,Piemonte,Piemonte,4356406,1564147,35.9,0.87
3325,2021-03-06,PIE,13994,5211,8783,11205,2789,ITC,ITC1,1,Piemonte,Piemonte,4356406,1578141,36.23,0.32
3326,2021-01-22,PIE,3867,1249,2618,2526,1341,ITC,ITC1,1,Piemonte,Piemonte,4356406,1582008,36.31,0.09
3327,2021-04-03,PIE,19431,8157,11274,10884,8547,ITC,ITC1,1,Piemonte,Piemonte,4356406,1601439,36.76,0.45
3328,2021-01-10,PIE,5214,2275,2939,5214,0,ITC,ITC1,1,Piemonte,Piemonte,4356406,1606653,36.88,0.12
3329,2021-04-22,PIE,27674,12744,14930,20975,6699,ITC,ITC1,1,Piemonte,Piemonte,4356406,1634327,37.52,0.64
3330,2021-01-12,PIE,10090,3415,6675,10090,0,ITC,ITC1,1,Piemonte,Piemonte,4356406,1644417,37.75,0.23
3331,2021-01-29,PIE,5944,1887,4057,455,5489,ITC,ITC1,1,Piemonte,Piemonte,4356406,1650361,37.88,0.14
3332,2021-03-08,PIE,13952,5297,8655,11238,2714,ITC,ITC1,1,Piemonte,Piemonte,4356406,1664313,38.2,0.32
3333,2021-05-04,PIE,28561,13136,15425,16405,12156,ITC,ITC1,1,Piemonte,Piemonte,4356406,1692874,38.86,0.66
3334,2021-01-24,PIE,3153,959,2194,434,2719,ITC,ITC1,1,Piemonte,Piemonte,4356406,1696027,38.93,0.07
3335,2021-03-22,PIE,11512,4882,6630,3906,7606,ITC,ITC1,1,Piemonte,Piemonte,4356406,1707539,39.2,0.26
3336,2021-04-27,PIE,22596,10212,12384,17451,5145,ITC,ITC1,1,Piemonte,Piemonte,4356406,1730135,39.71,0.52
3337,2021-01-17,PIE,3518,1168,2350,2870,648,ITC,ITC1,1,Piemonte,Piemonte,4356406,1733653,39.8,0.08
3338,2021-03-15,PIE,10661,4164,6497,5041,5620,ITC,ITC1,1,Piemonte,Piemonte,4356406,1744314,40.04,0.24
3339,2021-05-11,PIE,32048,15452,16596,18850,13198,ITC,ITC1,1,Piemonte,Piemonte,4356406,1776362,40.78,0.74
3340,2021-01-31,PIE,4113,1753,2360,112,4001,ITC,ITC1,1,Piemonte,Piemonte,4356406,1780475,40.87,0.09
3341,2021-03-03,PIE,12120,4644,7476,11301,819,ITC,ITC1,1,Piemonte,Piemonte,4356406,1792595,41.15,0.28
3342,2021-03-20,PIE,11922,4899,7023,6024,5898,ITC,ITC1,1,Piemonte,Piemonte,4356406,1804517,41.42,0.27
3343,2021-05-06,PIE,33464,15786,17678,19916,13548,ITC,ITC1,1,Piemonte,Piemonte,4356406,1837981,42.19,0.77
3344,2021-05-23,PIE,28700,13130,15570,15750,12950,ITC,ITC1,1,Piemonte,Piemonte,4356406,1866681,42.85,0.66
3345,2021-02-20,PIE,3834,1254,2580,3660,174,ITC,ITC1,1,Piemonte,Piemonte,4356406,1870515,42.94,0.09
3346,2021-04-29,PIE,48390,21913,26477,35772,12618,ITC,ITC1,1,Piemonte,Piemonte,4356406,1918905,44.05,1.11
3347,2021-05-16,PIE,28123,12766,15357,15057,13066,ITC,ITC1,1,Piemonte,Piemonte,4356406,1947028,44.69,0.65
3348,2021-02-05,PIE,9604,3139,6465,659,8945,ITC,ITC1,1,Piemonte,Piemonte,4356406,1956632,44.91,0.22
3349,2021-02-28,PIE,10816,4060,6756,10576,240,ITC,ITC1,1,Piemonte,Piemonte,4356406,1967448,45.16,0.25
3350,2021-03-17,PIE,12518,5055,7463,5224,7294,ITC,ITC1,1,Piemonte,Piemonte,4356406,1979966,45.45,0.29
3351,2021-06-10,PIE,40045,20915,19130,37533,2512,ITC,ITC1,1,Piemonte,Piemonte,4356406,2020011,46.37,0.92
3352,2021-03-19,PIE,11021,4512,6509,4415,6606,ITC,ITC1,1,Piemonte,Piemonte,4356406,2031032,46.62,0.25
3353,2021-04-05,PIE,14748,6234,8514,12191,2557,ITC,ITC1,1,Piemonte,Piemonte,4356406,2045780,46.96,0.34
3354,2021-02-07,PIE,3088,974,2114,445,2643,ITC,ITC1,1,Piemonte,Piemonte,4356406,2048868,47.03,0.07
3355,2021-05-22,PIE,33415,15091,18324,17247,16168,ITC,ITC1,1,Piemonte,Piemonte,4356406,2082283,47.8,0.77
3356,2021-03-29,PIE,15161,6385,8776,8549,6612,ITC,ITC1,1,Piemonte,Piemonte,4356406,2097444,48.15,0.35
3357,2021-04-12,PIE,22945,10364,12581,19955,2990,ITC,ITC1,1,Piemonte,Piemonte,4356406,2120389,48.67,0.53
3358,2021-01-02,PIE,3545,1134,2411,3545,0,ITC,ITC1,1,Piemonte,Piemonte,4356406,2123934,48.75,0.08
3359,2021-05-01,PIE,28532,12996,15536,16734,11798,ITC,ITC1,1,Piemonte,Piemonte,4356406,2152466,49.41,0.65
3360,2021-01-21,PIE,6923,2318,4605,3427,3496,ITC,ITC1,1,Piemonte,Piemonte,4356406,2159389,49.57,0.16
3361,2021-05-15,PIE,33737,15729,18008,20039,13698,ITC,ITC1,1,Piemonte,Piemonte,4356406,2193126,50.34,0.77
3362,2021-06-01,PIE,29178,14624,14554,24808,4370,ITC,ITC1,1,Piemonte,Piemonte,4356406,2222304,51.01,0.67
3363,2021-02-21,PIE,5090,2083,3007,4988,102,ITC,ITC1,1,Piemonte,Piemonte,4356406,2227394,51.13,0.12
3364,2021-03-12,PIE,13950,5184,8766,11015,2935,ITC,ITC1,1,Piemonte,Piemonte,4356406,2241344,51.45,0.32
3365,2021-03-26,PIE,17751,6982,10769,8844,8907,ITC,ITC1,1,Piemonte,Piemonte,4356406,2259095,51.86,0.41
3366,2021-05-13,PIE,35638,17509,18129,20547,15091,ITC,ITC1,1,Piemonte,Piemonte,4356406,2294733,52.67,0.82
3367,2021-02-02,PIE,10242,3509,6733,816,9426,ITC,ITC1,1,Piemonte,Piemonte,4356406,2304975,52.91,0.24
3368,2021-03-31,PIE,19110,8104,11006,10416,8694,ITC,ITC1,1,Piemonte,Piemonte,4356406,2324085,53.35,0.44
3369,2021-05-27,PIE,37242,17323,19919,19151,18091,ITC,ITC1,1,Piemonte,Piemonte,4356406,2361327,54.2,0.85
3370,2021-02-16,PIE,3967,1756,2211,3209,758,ITC,ITC1,1,Piemonte,Piemonte,4356406,2365294,54.29,0.09
3371,2021-03-24,PIE,15506,6342,9164,6379,9127,ITC,ITC1,1,Piemonte,Piemonte,4356406,2380800,54.65,0.36
3372,2021-05-20,PIE,38491,17844,20647,13615,24876,ITC,ITC1,1,Piemonte,Piemonte,4356406,2419291,55.53,0.88
3373,2021-02-09,PIE,7392,2316,5076,722,6670,ITC,ITC1,1,Piemonte,Piemonte,4356406,2426683,55.7,0.17
3374,2021-04-07,PIE,23608,9997,13611,18145,5463,ITC,ITC1,1,Piemonte,Piemonte,4356406,2450291,56.25,0.54
3375,2021-02-12,PIE,6891,2215,4676,3930,2961,ITC,ITC1,1,Piemonte,Piemonte,4356406,2457182,56.4,0.16
3376,2021-03-01,PIE,12043,4846,7197,11234,809,ITC,ITC1,1,Piemonte,Piemonte,4356406,2469225,56.68,0.28
3377,2021-05-25,PIE,31124,14442,16682,15988,15136,ITC,ITC1,1,Piemonte,Piemonte,4356406,2500349,57.39,0.71
3378,2021-06-11,PIE,43238,22879,20359,40460,2778,ITC,ITC1,1,Piemonte,Piemonte,4356406,2543587,58.39,0.99
3379,2021-06-06,PIE,34995,18289,16706,32566,2429,ITC,ITC1,1,Piemonte,Piemonte,4356406,2578582,59.19,0.8
3380,2021-02-17,PIE,4793,2156,2637,3803,990,ITC,ITC1,1,Piemonte,Piemonte,4356406,2583375,59.3,0.11
3381,2021-06-08,PIE,37429,19400,18029,34666,2763,ITC,ITC1,1,Piemonte,Piemonte,4356406,2620804,60.16,0.86
3382,2021-04-26,PIE,19771,8737,11034,15371,4400,ITC,ITC1,1,Piemonte,Piemonte,4356406,2640575,60.61,0.45
3383,2021-05-03,PIE,26663,12168,14495,12515,14148,ITC,ITC1,1,Piemonte,Piemonte,4356406,2667238,61.23,0.61
3384,2021-02-26,PIE,12293,4933,7360,11556,737,ITC,ITC1,1,Piemonte,Piemonte,4356406,2679531,61.51,0.28
3385,2021-04-24,PIE,27469,12422,15047,21817,5652,ITC,ITC1,1,Piemonte,Piemonte,4356406,2707000,62.14,0.63
3386,2021-01-14,PIE,9766,3152,6614,9766,0,ITC,ITC1,1,Piemonte,Piemonte,4356406,2716766,62.36,0.22
3387,2021-04-19,PIE,22542,10767,11775,18178,4364,ITC,ITC1,1,Piemonte,Piemonte,4356406,2739308,62.88,0.52
3388,2021-01-09,PIE,6184,2185,3999,6184,0,ITC,ITC1,1,Piemonte,Piemonte,4356406,2745492,63.02,0.14
3389,2021-01-26,PIE,6333,1880,4453,735,5598,ITC,ITC1,1,Piemonte,Piemonte,4356406,2751825,63.17,0.15
3390,2021-05-08,PIE,34260,16261,17999,18624,15636,ITC,ITC1,1,Piemonte,Piemonte,4356406,2786085,63.95,0.79
3391,2021-01-28,PIE,5591,1809,3782,384,5207,ITC,ITC1,1,Piemonte,Piemonte,4356406,2791676,64.08,0.13
3392,2021-02-14,PIE,1476,498,978,876,600,ITC,ITC1,1,Piemonte,Piemonte,4356406,2793152,64.12,0.03
3393,2021-06-18,PIE,17688,8730,8958,9726,7962,ITC,ITC1,1,Piemonte,Piemonte,4356406,2810840,64.52,0.41
3394,2021-03-10,PIE,13635,5170,8465,11341,2294,ITC,ITC1,1,Piemonte,Piemonte,4356406,2824475,64.83,0.31
3395,2021-03-27,PIE,18395,7828,10567,9568,8827,ITC,ITC1,1,Piemonte,Piemonte,4356406,2842870,65.26,0.42
3396,2021-01-19,PIE,6466,2105,4361,6454,12,ITC,ITC1,1,Piemonte,Piemonte,4356406,2849336,65.41,0.15
3397,2021-04-14,PIE,27711,12562,15149,23186,4525,ITC,ITC1,1,Piemonte,Piemonte,4356406,2877047,66.04,0.64
3398,2021-06-03,PIE,34328,17652,16676,30057,4271,ITC,ITC1,1,Piemonte,Piemonte,4356406,2911375,66.83,0.79
3399,2021-05-14,PIE,33365,16259,17106,17958,15407,ITC,ITC1,1,Piemonte,Piemonte,4356406,2944740,67.6,0.77
3400,2021-04-17,PIE,30455,14146,16309,27140,3315,ITC,ITC1,1,Piemonte,Piemonte,4356406,2975195,68.29,0.7
3401,2021-06-13,PIE,37817,19960,17857,33692,4125,ITC,ITC1,1,Piemonte,Piemonte,4356406,3013012,69.16,0.87
3402,2021-02-10,PIE,7535,2371,5164,1316,6219,ITC,ITC1,1,Piemonte,Piemonte,4356406,3020547,69.34,0.17
3403,2021-04-08,PIE,25146,10932,14214,20416,4730,ITC,ITC1,1,Piemonte,Piemonte,4356406,3045693,69.91,0.58
3404,2021-04-10,PIE,30165,13416,16749,25887,4278,ITC,ITC1,1,Piemonte,Piemonte,4356406,3075858,70.61,0.69
3405,2021-04-15,PIE,29643,13577,16066,24159,5484,ITC,ITC1,1,Piemonte,Piemonte,4356406,3105501,71.29,0.68
3406,2021-01-05,PIE,5381,1603,3778,5381,0,ITC,ITC1,1,Piemonte,Piemonte,4356406,3110882,71.41,0.12
3407,2021-01-07,PIE,5387,1739,3648,5387,0,ITC,ITC1,1,Piemonte,Piemonte,4356406,3116269,71.53,0.12
3408,2021-03-05,PIE,15375,6059,9316,11557,3818,ITC,ITC1,1,Piemonte,Piemonte,4356406,3131644,71.89,0.35
3409,2021-06-15,PIE,38726,19954,18772,26996,11730,ITC,ITC1,1,Piemonte,Piemonte,4356406,3170370,72.77,0.89
3410,2021-03-07,PIE,11977,4658,7319,11099,878,ITC,ITC1,1,Piemonte,Piemonte,4356406,3182347,73.05,0.27
3411,2020-12-31,PIE,3909,1334,2575,3909,0,ITC,ITC1,1,Piemonte,Piemonte,4356406,3186256,73.14,0.09
3412,2021-03-26,PAT,3221,1253,1968,2611,610,ITH,ITH2,4,Provincia Autonoma Trento,P.A. Trento,541380,3221,0.59,0.59
3413,2021-02-04,PAT,976,304,672,422,554,ITH,ITH2,4,Provincia Autonoma Trento,P.A. Trento,541380,4197,0.78,0.18
3414,2021-01-23,PAT,577,334,243,388,189,ITH,ITH2,4,Provincia Autonoma Trento,P.A. Trento,541380,4774,0.88,0.11
3415,2021-05-03,PAT,4257,2195,2062,4103,154,ITH,ITH2,4,Provincia Autonoma Trento,P.A. Trento,541380,9031,1.67,0.79
3416,2021-05-05,PAT,4986,2578,2408,4694,292,ITH,ITH2,4,Provincia Autonoma Trento,P.A. Trento,541380,14017,2.59,0.92
3417,2021-01-16,PAT,319,148,171,319,0,ITH,ITH2,4,Provincia Autonoma Trento,P.A. Trento,541380,14336,2.65,0.06
3418,2021-04-28,PAT,4247,1974,2273,4109,138,ITH,ITH2,4,Provincia Autonoma Trento,P.A. Trento,541380,18583,3.43,0.78
3419,2021-06-12,PAT,5353,2688,2665,471,4882,ITH,ITH2,4,Provincia Autonoma Trento,P.A. Trento,541380,23936,4.42,0.99
3420,2021-03-21,PAT,129,69,60,129,0,ITH,ITH2,4,Provincia Autonoma Trento,P.A. Trento,541380,24065,4.45,0.02
3421,2021-05-24,PAT,4383,2012,2371,1360,3023,ITH,ITH2,4,Provincia Autonoma Trento,P.A. Trento,541380,28448,5.25,0.81
3422,2021-03-02,PAT,1304,440,864,928,376,ITH,ITH2,4,Provincia Autonoma Trento,P.A. Trento,541380,29752,5.5,0.24
3423,2021-06-10,PAT,6103,2972,3131,1910,4193,ITH,ITH2,4,Provincia Autonoma Trento,P.A. Trento,541380,35855,6.62,1.13
3424,2021-03-09,PAT,1582,590,992,938,644,ITH,ITH2,4,Provincia Autonoma Trento,P.A. Trento,541380,37437,6.92,0.29
3425,2021-06-17,PAT,6359,3350,3009,2070,4289,ITH,ITH2,4,Provincia Autonoma Trento,P.A. Trento,541380,43796,8.09,1.17
3426,2021-03-14,PAT,107,65,42,20,87,ITH,ITH2,4,Provincia Autonoma Trento,P.A. Trento,541380,43903,8.11,0.02
3427,2021-03-07,PAT,22,6,16,22,0,ITH,ITH2,4,Provincia Autonoma Trento,P.A. Trento,541380,43925,8.11,0.0
3428,2021-01-09,PAT,190,40,150,190,0,ITH,ITH2,4,Provincia Autonoma Trento,P.A. Trento,541380,44115,8.15,0.04
3429,2021-04-09,PAT,2710,1146,1564,1510,1200,ITH,ITH2,4,Provincia Autonoma Trento,P.A. Trento,541380,46825,8.65,0.5
3430,2021-02-11,PAT,1132,365,767,796,336,ITH,ITH2,4,Provincia Autonoma Trento,P.A. Trento,541380,47957,8.86,0.21
3431,2021-02-25,PAT,1641,643,998,1200,441,ITH,ITH2,4,Provincia Autonoma Trento,P.A. Trento,541380,49598,9.16,0.3
3432,2020-12-30,PAT,7,3,4,7,0,ITH,ITH2,4,Provincia Autonoma Trento,P.A. Trento,541380,49605,9.16,0.0
3433,2021-06-05,PAT,4077,1915,2162,751,3326,ITH,ITH2,4,Provincia Autonoma Trento,P.A. Trento,541380,53682,9.92,0.75
3434,2021-05-22,PAT,3249,1594,1655,924,2325,ITH,ITH2,4,Provincia Autonoma Trento,P.A. Trento,541380,56931,10.52,0.6
3435,2021-05-31,PAT,4717,2172,2545,1676,3041,ITH,ITH2,4,Provincia Autonoma Trento,P.A. Trento,541380,61648,11.39,0.87
3436,2021-02-20,PAT,407,245,162,123,284,ITH,ITH2,4,Provincia Autonoma Trento,P.A. Trento,541380,62055,11.46,0.08
3437,2021-04-21,PAT,2894,1349,1545,2844,50,ITH,ITH2,4,Provincia Autonoma Trento,P.A. Trento,541380,64949,12.0,0.53
3438,2021-01-28,PAT,530,147,383,48,482,ITH,ITH2,4,Provincia Autonoma Trento,P.A. Trento,541380,65479,12.09,0.1
3439,2021-01-11,PAT,730,221,509,730,0,ITH,ITH2,4,Provincia Autonoma Trento,P.A. Trento,541380,66209,12.23,0.13
3440,2021-02-16,PAT,663,244,419,658,5,ITH,ITH2,4,Provincia Autonoma Trento,P.A. Trento,541380,66872,12.35,0.12
3441,2021-04-23,PAT,3609,1754,1855,3555,54,ITH,ITH2,4,Provincia Autonoma Trento,P.A. Trento,541380,70481,13.02,0.67
3442,2021-01-30,PAT,386,132,254,152,234,ITH,ITH2,4,Provincia Autonoma Trento,P.A. Trento,541380,70867,13.09,0.07
3443,2021-05-10,PAT,3208,1646,1562,2703,505,ITH,ITH2,4,Provincia Autonoma Trento,P.A. Trento,541380,74075,13.68,0.59
3444,2021-02-06,PAT,574,298,276,433,141,ITH,ITH2,4,Provincia Autonoma Trento,P.A. Trento,541380,74649,13.79,0.11
3445,2021-02-23,PAT,1110,395,715,897,213,ITH,ITH2,4,Provincia Autonoma Trento,P.A. Trento,541380,75759,13.99,0.21
3446,2021-05-17,PAT,4293,2122,2171,3942,351,ITH,ITH2,4,Provincia Autonoma Trento,P.A. Trento,541380,80052,14.79,0.79
3447,2021-04-14,PAT,3115,1464,1651,2379,736,ITH,ITH2,4,Provincia Autonoma Trento,P.A. Trento,541380,83167,15.36,0.58
3448,2021-03-28,PAT,751,294,457,749,2,ITH,ITH2,4,Provincia Autonoma Trento,P.A. Trento,541380,83918,15.5,0.14
3449,2021-01-04,PAT,870,227,643,870,0,ITH,ITH2,4,Provincia Autonoma Trento,P.A. Trento,541380,84788,15.66,0.16
3450,2021-04-13,PAT,2555,1058,1497,2048,507,ITH,ITH2,4,Provincia Autonoma Trento,P.A. Trento,541380,87343,16.13,0.47
3451,2021-01-20,PAT,291,73,218,279,12,ITH,ITH2,4,Provincia Autonoma Trento,P.A. Trento,541380,87634,16.19,0.05
3452,2021-04-30,PAT,4925,2401,2524,4774,151,ITH,ITH2,4,Provincia Autonoma Trento,P.A. Trento,541380,92559,17.1,0.91
3453,2021-05-19,PAT,5097,2455,2642,3842,1255,ITH,ITH2,4,Provincia Autonoma Trento,P.A. Trento,541380,97656,18.04,0.94
3454,2021-06-02,PAT,2838,1359,1479,944,1894,ITH,ITH2,4,Provincia Autonoma Trento,P.A. Trento,541380,100494,18.56,0.52
3455,2021-03-11,PAT,2298,851,1447,1474,824,ITH,ITH2,4,Provincia Autonoma Trento,P.A. Trento,541380,102792,18.99,0.42
3456,2021-04-01,PAT,2897,1230,1667,1803,1094,ITH,ITH2,4,Provincia Autonoma Trento,P.A. Trento,541380,105689,19.52,0.54
3457,2021-03-23,PAT,2446,944,1502,1706,740,ITH,ITH2,4,Provincia Autonoma Trento,P.A. Trento,541380,108135,19.97,0.45
3458,2021-05-28,PAT,3716,1735,1981,1492,2224,ITH,ITH2,4,Provincia Autonoma Trento,P.A. Trento,541380,111851,20.66,0.69
3459,2021-01-25,PAT,818,215,603,24,794,ITH,ITH2,4,Provincia Autonoma Trento,P.A. Trento,541380,112669,20.81,0.15
3460,2021-03-25,PAT,2874,1104,1770,1825,1049,ITH,ITH2,4,Provincia Autonoma Trento,P.A. Trento,541380,115543,21.34,0.53
3461,2021-03-04,PAT,2359,794,1565,1581,778,ITH,ITH2,4,Provincia Autonoma Trento,P.A. Trento,541380,117902,21.78,0.44
3462,2021-01-27,PAT,804,277,527,93,711,ITH,ITH2,4,Provincia Autonoma Trento,P.A. Trento,541380,118706,21.93,0.15
3463,2021-02-13,PAT,537,333,204,172,365,ITH,ITH2,4,Provincia Autonoma Trento,P.A. Trento,541380,119243,22.03,0.1
3464,2021-05-07,PAT,5989,3081,2908,5150,839,ITH,ITH2,4,Provincia Autonoma Trento,P.A. Trento,541380,125232,23.13,1.11
3465,2021-01-08,PAT,1449,313,1136,1449,0,ITH,ITH2,4,Provincia Autonoma Trento,P.A. Trento,541380,126681,23.4,0.27
3466,2021-06-14,PAT,5714,2959,2755,2110,3604,ITH,ITH2,4,Provincia Autonoma Trento,P.A. Trento,541380,132395,24.46,1.06
3467,2021-04-18,PAT,1855,845,1010,1846,9,ITH,ITH2,4,Provincia Autonoma Trento,P.A. Trento,541380,134250,24.8,0.34
3468,2021-03-06,PAT,786,277,509,635,151,ITH,ITH2,4,Provincia Autonoma Trento,P.A. Trento,541380,135036,24.94,0.15
3469,2021-04-11,PAT,2340,1135,1205,2249,91,ITH,ITH2,4,Provincia Autonoma Trento,P.A. Trento,541380,137376,25.38,0.43
3470,2021-02-27,PAT,1029,457,572,608,421,ITH,ITH2,4,Provincia Autonoma Trento,P.A. Trento,541380,138405,25.57,0.19
3471,2021-05-12,PAT,3299,1491,1808,2114,1185,ITH,ITH2,4,Provincia Autonoma Trento,P.A. Trento,541380,141704,26.17,0.61
3472,2021-03-16,PAT,1391,506,885,608,783,ITH,ITH2,4,Provincia Autonoma Trento,P.A. Trento,541380,143095,26.43,0.26
3473,2021-05-14,PAT,5312,2539,2773,3932,1380,ITH,ITH2,4,Provincia Autonoma Trento,P.A. Trento,541380,148407,27.41,0.98
3474,2021-02-08,PAT,1151,318,833,342,809,ITH,ITH2,4,Provincia Autonoma Trento,P.A. Trento,541380,149558,27.63,0.21
3475,2021-05-21,PAT,5043,2417,2626,3340,1703,ITH,ITH2,4,Provincia Autonoma Trento,P.A. Trento,541380,154601,28.56,0.93
3476,2021-05-29,PAT,2232,1164,1068,840,1392,ITH,ITH2,4,Provincia Autonoma Trento,P.A. Trento,541380,156833,28.97,0.41
3477,2021-04-02,PAT,2820,1153,1667,2145,675,ITH,ITH2,4,Provincia Autonoma Trento,P.A. Trento,541380,159653,29.49,0.52
3478,2021-04-16,PAT,2838,1344,1494,2693,145,ITH,ITH2,4,Provincia Autonoma Trento,P.A. Trento,541380,162491,30.01,0.52
3479,2021-02-18,PAT,1208,426,782,1146,62,ITH,ITH2,4,Provincia Autonoma Trento,P.A. Trento,541380,163699,30.24,0.22
3480,2021-01-06,PAT,42,13,29,42,0,ITH,ITH2,4,Provincia Autonoma Trento,P.A. Trento,541380,163741,30.25,0.01
3481,2021-06-16,PAT,6196,3341,2855,2042,4154,ITH,ITH2,4,Provincia Autonoma Trento,P.A. Trento,541380,169937,31.39,1.14
3482,2021-03-18,PAT,2320,957,1363,1240,1080,ITH,ITH2,4,Provincia Autonoma Trento,P.A. Trento,541380,172257,31.82,0.43
3483,2021-06-09,PAT,6230,3075,3155,2161,4069,ITH,ITH2,4,Provincia Autonoma Trento,P.A. Trento,541380,178487,32.97,1.15
3484,2021-04-06,PAT,2261,950,1311,1496,765,ITH,ITH2,4,Provincia Autonoma Trento,P.A. Trento,541380,180748,33.39,0.42
3485,2021-01-13,PAT,421,123,298,421,0,ITH,ITH2,4,Provincia Autonoma Trento,P.A. Trento,541380,181169,33.46,0.08
3486,2021-01-18,PAT,643,154,489,588,55,ITH,ITH2,4,Provincia Autonoma Trento,P.A. Trento,541380,181812,33.58,0.12
3487,2021-05-02,PAT,3514,1955,1559,3477,37,ITH,ITH2,4,Provincia Autonoma Trento,P.A. Trento,541380,185326,34.23,0.65
3488,2021-01-03,PAT,492,160,332,492,0,ITH,ITH2,4,Provincia Autonoma Trento,P.A. Trento,541380,185818,34.32,0.09
3489,2021-02-22,PAT,745,259,486,661,84,ITH,ITH2,4,Provincia Autonoma Trento,P.A. Trento,541380,186563,34.46,0.14
3490,2021-03-30,PAT,2387,973,1414,1750,637,ITH,ITH2,4,Provincia Autonoma Trento,P.A. Trento,541380,188950,34.9,0.44
3491,2021-06-06,PAT,2228,1061,1167,445,1783,ITH,ITH2,4,Provincia Autonoma Trento,P.A. Trento,541380,191178,35.31,0.41
3492,2021-02-17,PAT,1112,425,687,1021,91,ITH,ITH2,4,Provincia Autonoma Trento,P.A. Trento,541380,192290,35.52,0.21
3493,2021-01-01,PAT,213,50,163,213,0,ITH,ITH2,4,Provincia Autonoma Trento,P.A. Trento,541380,192503,35.56,0.04
3494,2021-06-07,PAT,5788,2880,2908,2805,2983,ITH,ITH2,4,Provincia Autonoma Trento,P.A. Trento,541380,198291,36.63,1.07
3495,2021-04-25,PAT,1971,940,1031,1964,7,ITH,ITH2,4,Provincia Autonoma Trento,P.A. Trento,541380,200262,36.99,0.36
3496,2021-04-20,PAT,2878,1376,1502,2842,36,ITH,ITH2,4,Provincia Autonoma Trento,P.A. Trento,541380,203140,37.52,0.53
3497,2021-05-09,PAT,2323,1210,1113,1979,344,ITH,ITH2,4,Provincia Autonoma Trento,P.A. Trento,541380,205463,37.95,0.43
3498,2021-02-15,PAT,534,188,346,420,114,ITH,ITH2,4,Provincia Autonoma Trento,P.A. Trento,541380,205997,38.05,0.1
3499,2021-05-26,PAT,3917,1843,2074,1225,2692,ITH,ITH2,4,Provincia Autonoma Trento,P.A. Trento,541380,209914,38.77,0.72
3500,2021-03-15,PAT,1411,545,866,947,464,ITH,ITH2,4,Provincia Autonoma Trento,P.A. Trento,541380,211325,39.03,0.26
3501,2021-01-17,PAT,251,195,56,251,0,ITH,ITH2,4,Provincia Autonoma Trento,P.A. Trento,541380,211576,39.08,0.05
3502,2021-05-11,PAT,3697,1749,1948,2849,848,ITH,ITH2,4,Provincia Autonoma Trento,P.A. Trento,541380,215273,39.76,0.68
3503,2021-04-27,PAT,3908,1877,2031,3840,68,ITH,ITH2,4,Provincia Autonoma Trento,P.A. Trento,541380,219181,40.49,0.72
3504,2021-05-04,PAT,4508,2447,2061,4414,94,ITH,ITH2,4,Provincia Autonoma Trento,P.A. Trento,541380,223689,41.32,0.83
3505,2021-03-08,PAT,1411,434,977,1057,354,ITH,ITH2,4,Provincia Autonoma Trento,P.A. Trento,541380,225100,41.58,0.26
3506,2021-03-22,PAT,2307,973,1334,1432,875,ITH,ITH2,4,Provincia Autonoma Trento,P.A. Trento,541380,227407,42.01,0.43
3507,2021-01-24,PAT,547,276,271,224,323,ITH,ITH2,4,Provincia Autonoma Trento,P.A. Trento,541380,227954,42.11,0.1
3508,2021-01-31,PAT,75,15,60,1,74,ITH,ITH2,4,Provincia Autonoma Trento,P.A. Trento,541380,228029,42.12,0.01
3509,2021-02-12,PAT,1010,340,670,589,421,ITH,ITH2,4,Provincia Autonoma Trento,P.A. Trento,541380,229039,42.31,0.19
3510,2021-03-01,PAT,1237,454,783,942,295,ITH,ITH2,4,Provincia Autonoma Trento,P.A. Trento,541380,230276,42.54,0.23
3511,2021-03-20,PAT,874,403,471,671,203,ITH,ITH2,4,Provincia Autonoma Trento,P.A. Trento,541380,231150,42.7,0.16
3512,2021-03-03,PAT,1659,622,1037,1141,518,ITH,ITH2,4,Provincia Autonoma Trento,P.A. Trento,541380,232809,43.0,0.31
3513,2021-06-11,PAT,7171,3412,3759,1562,5609,ITH,ITH2,4,Provincia Autonoma Trento,P.A. Trento,541380,239980,44.33,1.32
3514,2021-06-13,PAT,3683,2033,1650,295,3388,ITH,ITH2,4,Provincia Autonoma Trento,P.A. Trento,541380,243663,45.01,0.68
3515,2021-03-13,PAT,831,381,450,783,48,ITH,ITH2,4,Provincia Autonoma Trento,P.A. Trento,541380,244494,45.16,0.15
3516,2021-04-29,PAT,4639,2238,2401,4429,210,ITH,ITH2,4,Provincia Autonoma Trento,P.A. Trento,541380,249133,46.02,0.86
3517,2021-01-22,PAT,1668,433,1235,329,1339,ITH,ITH2,4,Provincia Autonoma Trento,P.A. Trento,541380,250801,46.33,0.31
3518,2021-02-05,PAT,802,272,530,283,519,ITH,ITH2,4,Provincia Autonoma Trento,P.A. Trento,541380,251603,46.47,0.15
3519,2021-05-16,PAT,1330,735,595,1091,239,ITH,ITH2,4,Provincia Autonoma Trento,P.A. Trento,541380,252933,46.72,0.25
3520,2021-01-05,PAT,709,232,477,709,0,ITH,ITH2,4,Provincia Autonoma Trento,P.A. Trento,541380,253642,46.85,0.13
3521,2021-01-10,PAT,84,19,65,84,0,ITH,ITH2,4,Provincia Autonoma Trento,P.A. Trento,541380,253726,46.87,0.02
3522,2021-01-29,PAT,1354,332,1022,55,1299,ITH,ITH2,4,Provincia Autonoma Trento,P.A. Trento,541380,255080,47.12,0.25
3523,2021-04-22,PAT,3151,1470,1681,3104,47,ITH,ITH2,4,Provincia Autonoma Trento,P.A. Trento,541380,258231,47.7,0.58
3524,2021-04-07,PAT,2610,1016,1594,1668,942,ITH,ITH2,4,Provincia Autonoma Trento,P.A. Trento,541380,260841,48.18,0.48
3525,2021-05-18,PAT,4247,2009,2238,3405,842,ITH,ITH2,4,Provincia Autonoma Trento,P.A. Trento,541380,265088,48.97,0.78
3526,2021-03-12,PAT,2511,938,1573,1705,806,ITH,ITH2,4,Provincia Autonoma Trento,P.A. Trento,541380,267599,49.43,0.46
3527,2021-01-02,PAT,502,143,359,502,0,ITH,ITH2,4,Provincia Autonoma Trento,P.A. Trento,541380,268101,49.52,0.09
3528,2021-03-29,PAT,2468,960,1508,1733,735,ITH,ITH2,4,Provincia Autonoma Trento,P.A. Trento,541380,270569,49.98,0.46
3529,2021-04-12,PAT,3093,1409,1684,2597,496,ITH,ITH2,4,Provincia Autonoma Trento,P.A. Trento,541380,273662,50.55,0.57
3530,2021-01-21,PAT,352,95,257,228,124,ITH,ITH2,4,Provincia Autonoma Trento,P.A. Trento,541380,274014,50.61,0.07
3531,2021-05-01,PAT,4848,2468,2380,4812,36,ITH,ITH2,4,Provincia Autonoma Trento,P.A. Trento,541380,278862,51.51,0.9
3532,2021-02-21,PAT,155,92,63,43,112,ITH,ITH2,4,Provincia Autonoma Trento,P.A. Trento,541380,279017,51.54,0.03
3533,2021-05-15,PAT,1567,815,752,679,888,ITH,ITH2,4,Provincia Autonoma Trento,P.A. Trento,541380,280584,51.83,0.29
3534,2021-06-01,PAT,4009,1873,2136,1157,2852,ITH,ITH2,4,Provincia Autonoma Trento,P.A. Trento,541380,284593,52.57,0.74
3535,2021-01-15,PAT,595,132,463,595,0,ITH,ITH2,4,Provincia Autonoma Trento,P.A. Trento,541380,285188,52.68,0.11
3536,2021-05-20,PAT,5010,2355,2655,3375,1635,ITH,ITH2,4,Provincia Autonoma Trento,P.A. Trento,541380,290198,53.6,0.93
3537,2021-03-24,PAT,2376,940,1436,1556,820,ITH,ITH2,4,Provincia Autonoma Trento,P.A. Trento,541380,292574,54.04,0.44
3538,2021-02-09,PAT,917,287,630,442,475,ITH,ITH2,4,Provincia Autonoma Trento,P.A. Trento,541380,293491,54.21,0.17
3539,2021-03-17,PAT,2070,792,1278,1200,870,ITH,ITH2,4,Provincia Autonoma Trento,P.A. Trento,541380,295561,54.59,0.38
3540,2021-02-02,PAT,908,240,668,191,717,ITH,ITH2,4,Provincia Autonoma Trento,P.A. Trento,541380,296469,54.76,0.17
3541,2021-05-13,PAT,3406,1579,1827,2305,1101,ITH,ITH2,4,Provincia Autonoma Trento,P.A. Trento,541380,299875,55.39,0.63
3542,2021-03-31,PAT,2569,983,1586,1712,857,ITH,ITH2,4,Provincia Autonoma Trento,P.A. Trento,541380,302444,55.87,0.47
3543,2021-01-26,PAT,542,154,388,27,515,ITH,ITH2,4,Provincia Autonoma Trento,P.A. Trento,541380,302986,55.97,0.1
3544,2021-05-06,PAT,5527,2738,2789,4748,779,ITH,ITH2,4,Provincia Autonoma Trento,P.A. Trento,541380,308513,56.99,1.02
3545,2020-12-27,PAT,103,40,63,103,0,ITH,ITH2,4,Provincia Autonoma Trento,P.A. Trento,541380,308616,57.01,0.02
3546,2021-05-25,PAT,4764,2266,2498,1866,2898,ITH,ITH2,4,Provincia Autonoma Trento,P.A. Trento,541380,313380,57.89,0.88
3547,2021-05-08,PAT,3160,1724,1436,2738,422,ITH,ITH2,4,Provincia Autonoma Trento,P.A. Trento,541380,316540,58.47,0.58
3548,2021-02-14,PAT,246,186,60,11,235,ITH,ITH2,4,Provincia Autonoma Trento,P.A. Trento,541380,316786,58.51,0.05
3549,2021-05-30,PAT,1770,872,898,930,840,ITH,ITH2,4,Provincia Autonoma Trento,P.A. Trento,541380,318556,58.84,0.33
3550,2021-04-03,PAT,1138,471,667,971,167,ITH,ITH2,4,Provincia Autonoma Trento,P.A. Trento,541380,319694,59.05,0.21
3551,2021-04-24,PAT,3513,1684,1829,3499,14,ITH,ITH2,4,Provincia Autonoma Trento,P.A. Trento,541380,323207,59.7,0.65
3552,2021-02-26,PAT,1218,435,783,923,295,ITH,ITH2,4,Provincia Autonoma Trento,P.A. Trento,541380,324425,59.93,0.22
3553,2021-01-14,PAT,700,203,497,700,0,ITH,ITH2,4,Provincia Autonoma Trento,P.A. Trento,541380,325125,60.05,0.13
3554,2021-02-28,PAT,242,121,121,242,0,ITH,ITH2,4,Provincia Autonoma Trento,P.A. Trento,541380,325367,60.1,0.04
3555,2021-06-08,PAT,5914,2863,3051,1870,4044,ITH,ITH2,4,Provincia Autonoma Trento,P.A. Trento,541380,331281,61.19,1.09
3556,2021-04-26,PAT,2652,1250,1402,2558,94,ITH,ITH2,4,Provincia Autonoma Trento,P.A. Trento,541380,333933,61.68,0.49
3557,2021-02-19,PAT,929,359,570,870,59,ITH,ITH2,4,Provincia Autonoma Trento,P.A. Trento,541380,334862,61.85,0.17
3558,2021-01-12,PAT,505,158,347,505,0,ITH,ITH2,4,Provincia Autonoma Trento,P.A. Trento,541380,335367,61.95,0.09
3559,2021-03-19,PAT,2423,915,1508,1571,852,ITH,ITH2,4,Provincia Autonoma Trento,P.A. Trento,541380,337790,62.39,0.45
3560,2021-04-05,PAT,35,17,18,33,2,ITH,ITH2,4,Provincia Autonoma Trento,P.A. Trento,541380,337825,62.4,0.01
3561,2021-05-27,PAT,4283,1988,2295,1253,3030,ITH,ITH2,4,Provincia Autonoma Trento,P.A. Trento,541380,342108,63.19,0.79
3562,2021-04-15,PAT,3186,1438,1748,3032,154,ITH,ITH2,4,Provincia Autonoma Trento,P.A. Trento,541380,345294,63.78,0.59
3563,2021-06-18,PAT,1690,887,803,321,1369,ITH,ITH2,4,Provincia Autonoma Trento,P.A. Trento,541380,346984,64.09,0.31
3564,2021-03-27,PAT,1620,710,910,1363,257,ITH,ITH2,4,Provincia Autonoma Trento,P.A. Trento,541380,348604,64.39,0.3
3565,2021-06-04,PAT,5817,2603,3214,1830,3987,ITH,ITH2,4,Provincia Autonoma Trento,P.A. Trento,541380,354421,65.47,1.07
3566,2021-02-24,PAT,1324,525,799,926,398,ITH,ITH2,4,Provincia Autonoma Trento,P.A. Trento,541380,355745,65.71,0.24
3567,2021-06-03,PAT,4762,2233,2529,1304,3458,ITH,ITH2,4,Provincia Autonoma Trento,P.A. Trento,541380,360507,66.59,0.88
3568,2021-01-19,PAT,406,77,329,406,0,ITH,ITH2,4,Provincia Autonoma Trento,P.A. Trento,541380,360913,66.67,0.07
3569,2021-03-10,PAT,2403,929,1474,1482,921,ITH,ITH2,4,Provincia Autonoma Trento,P.A. Trento,541380,363316,67.11,0.44
3570,2021-02-01,PAT,1221,335,886,92,1129,ITH,ITH2,4,Provincia Autonoma Trento,P.A. Trento,541380,364537,67.33,0.23
3571,2021-02-03,PAT,847,315,532,414,433,ITH,ITH2,4,Provincia Autonoma Trento,P.A. Trento,541380,365384,67.49,0.16
3572,2021-05-23,PAT,1955,993,962,447,1508,ITH,ITH2,4,Provincia Autonoma Trento,P.A. Trento,541380,367339,67.85,0.36
3573,2021-04-10,PAT,2799,1307,1492,2004,795,ITH,ITH2,4,Provincia Autonoma Trento,P.A. Trento,541380,370138,68.37,0.52
3574,2021-02-10,PAT,853,291,562,511,342,ITH,ITH2,4,Provincia Autonoma Trento,P.A. Trento,541380,370991,68.53,0.16
3575,2021-04-08,PAT,3116,1296,1820,1998,1118,ITH,ITH2,4,Provincia Autonoma Trento,P.A. Trento,541380,374107,69.1,0.58
3576,2020-12-31,PAT,1624,449,1175,1624,0,ITH,ITH2,4,Provincia Autonoma Trento,P.A. Trento,541380,375731,69.4,0.3
3577,2021-03-05,PAT,2246,703,1543,1679,567,ITH,ITH2,4,Provincia Autonoma Trento,P.A. Trento,541380,377977,69.82,0.41
3578,2021-01-07,PAT,1270,310,960,1270,0,ITH,ITH2,4,Provincia Autonoma Trento,P.A. Trento,541380,379247,70.05,0.23
3579,2021-04-17,PAT,2205,1122,1083,2148,57,ITH,ITH2,4,Provincia Autonoma Trento,P.A. Trento,541380,381452,70.46,0.41
3580,2021-04-19,PAT,2625,1235,1390,2603,22,ITH,ITH2,4,Provincia Autonoma Trento,P.A. Trento,541380,384077,70.94,0.48
3581,2021-06-15,PAT,6219,3271,2948,1713,4506,ITH,ITH2,4,Provincia Autonoma Trento,P.A. Trento,541380,390296,72.09,1.15
