,data,area,Vaccinazioni giornaliere,sesso_maschile,sesso_femminile,Operatori sanitari - sociosanitari,Personale non sanitario,Ospiti RSA,categoria_personale_scolastico,categoria_60_69,categoria_70_79,categoria_over80,categoria_soggetti_fragili,categoria_forze_armate,categoria_altro,prima_dose,seconda_dose,codice_NUTS1,codice_NUTS2,codice_regione_ISTAT,nome_area,Regione,popolazione,Totale vaccinazioni,Totale vaccinazioni ogni cento ab,Vaccinazioni giornaliere ogni cento ab
0,2021-02-01,PIE,8642,3053,5589,6177,1397,1068,0,0,0,0,0,0,0,578,8064,ITC,ITC1,1,Piemonte,Piemonte,4356406,8642,0.2,0.2
1,2021-02-05,PIE,9453,3080,6373,5766,2042,1643,0,0,0,1,0,0,1,657,8796,ITC,ITC1,1,Piemonte,Piemonte,4356406,18095,0.42,0.22
2,2021-02-20,PIE,3830,1253,2577,1100,1062,219,1416,0,0,30,0,3,0,3657,173,ITC,ITC1,1,Piemonte,Piemonte,4356406,21925,0.5,0.09
3,2021-04-28,PIE,25848,11645,14203,569,274,106,54,3524,4030,7873,9373,25,20,15890,9958,ITC,ITC1,1,Piemonte,Piemonte,4356406,47773,1.1,0.59
4,2021-03-26,PIE,17738,6979,10759,1166,744,529,2429,3,14,11529,608,710,6,8834,8904,ITC,ITC1,1,Piemonte,Piemonte,4356406,65511,1.5,0.41
5,2021-04-19,PIE,22320,10653,11667,304,159,213,28,786,5404,4780,10625,1,20,17983,4337,ITC,ITC1,1,Piemonte,Piemonte,4356406,87831,2.02,0.51
6,2021-02-19,PIE,5533,2175,3358,1990,1747,666,1078,0,1,34,0,8,9,5031,502,ITC,ITC1,1,Piemonte,Piemonte,4356406,93364,2.14,0.13
7,2021-04-25,PIE,20129,9270,10859,213,108,9,18,1418,6279,2509,9552,8,15,17619,2510,ITC,ITC1,1,Piemonte,Piemonte,4356406,113493,2.61,0.46
8,2021-04-05,PIE,14735,6232,8503,148,115,0,703,1,3904,7986,1844,33,1,12179,2556,ITC,ITC1,1,Piemonte,Piemonte,4356406,128228,2.94,0.34
9,2021-04-15,PIE,29482,13512,15970,899,399,422,53,1203,9650,6846,9975,7,28,24009,5473,ITC,ITC1,1,Piemonte,Piemonte,4356406,157710,3.62,0.68
10,2021-01-16,PIE,7771,2630,5141,4803,1596,1372,0,0,0,0,0,0,0,7771,0,ITC,ITC1,1,Piemonte,Piemonte,4356406,165481,3.8,0.18
11,2021-02-03,PIE,10197,3303,6894,6643,2299,1246,0,2,0,5,0,0,2,611,9586,ITC,ITC1,1,Piemonte,Piemonte,4356406,175678,4.03,0.23
12,2021-04-01,PIE,19308,8063,11245,672,371,289,914,6,1954,13846,961,261,34,11201,8107,ITC,ITC1,1,Piemonte,Piemonte,4356406,194986,4.48,0.44
13,2021-01-19,PIE,6423,2099,4324,3574,1301,1548,0,0,0,0,0,0,0,6414,9,ITC,ITC1,1,Piemonte,Piemonte,4356406,201409,4.62,0.15
14,2021-01-18,PIE,6164,2047,4117,3238,1403,1523,0,0,0,0,0,0,0,5916,248,ITC,ITC1,1,Piemonte,Piemonte,4356406,207573,4.76,0.14
15,2021-02-13,PIE,4152,1334,2818,2310,722,1114,5,0,0,1,0,0,0,2931,1221,ITC,ITC1,1,Piemonte,Piemonte,4356406,211725,4.86,0.1
16,2021-01-03,PIE,3063,967,2096,2715,295,52,0,0,0,0,0,0,1,3063,0,ITC,ITC1,1,Piemonte,Piemonte,4356406,214788,4.93,0.07
17,2021-01-04,PIE,5563,1679,3884,4590,736,235,0,0,0,0,0,0,2,5563,0,ITC,ITC1,1,Piemonte,Piemonte,4356406,220351,5.06,0.13
18,2021-02-12,PIE,6887,2213,4674,3527,1645,1707,2,1,0,4,0,0,1,3928,2959,ITC,ITC1,1,Piemonte,Piemonte,4356406,227238,5.22,0.16
19,2021-03-09,PIE,13939,5417,8522,1688,1543,356,2330,2,6,8007,1,6,0,11597,2342,ITC,ITC1,1,Piemonte,Piemonte,4356406,241177,5.54,0.32
20,2021-02-27,PIE,12678,4846,7832,885,963,232,3038,0,0,7558,1,0,1,12331,347,ITC,ITC1,1,Piemonte,Piemonte,4356406,253855,5.83,0.29
21,2021-02-17,PIE,4788,2154,2634,2245,2030,497,1,0,1,1,0,0,13,3799,989,ITC,ITC1,1,Piemonte,Piemonte,4356406,258643,5.94,0.11
22,2021-03-20,PIE,11912,4896,7016,882,1039,163,1937,20,17,7683,21,21,129,6016,5896,ITC,ITC1,1,Piemonte,Piemonte,4356406,270555,6.21,0.27
23,2021-03-08,PIE,13921,5284,8637,2035,1424,413,2628,1,1,7403,0,13,3,11208,2713,ITC,ITC1,1,Piemonte,Piemonte,4356406,284476,6.53,0.32
24,2021-03-27,PIE,18346,7814,10532,1215,1621,110,2109,13,939,11696,446,191,6,9533,8813,ITC,ITC1,1,Piemonte,Piemonte,4356406,302822,6.95,0.42
25,2021-03-01,PIE,12032,4840,7192,1157,1277,281,2430,0,4,6873,0,9,1,11223,809,ITC,ITC1,1,Piemonte,Piemonte,4356406,314854,7.23,0.28
26,2021-01-29,PIE,5943,1886,4057,4199,1067,673,0,0,0,2,0,0,2,455,5488,ITC,ITC1,1,Piemonte,Piemonte,4356406,320797,7.36,0.14
27,2021-05-04,PIE,28085,12880,15205,469,192,112,204,7523,5823,6167,7353,219,23,16249,11836,ITC,ITC1,1,Piemonte,Piemonte,4356406,348882,8.01,0.64
28,2021-02-16,PIE,3966,1755,2211,1815,1587,548,1,0,4,1,0,4,6,3208,758,ITC,ITC1,1,Piemonte,Piemonte,4356406,352848,8.1,0.09
29,2021-02-14,PIE,1476,498,978,796,381,285,14,0,0,0,0,0,0,876,600,ITC,ITC1,1,Piemonte,Piemonte,4356406,354324,8.13,0.03
30,2021-02-24,PIE,11406,4629,6777,1855,1290,408,2155,0,3,5684,0,6,5,10900,506,ITC,ITC1,1,Piemonte,Piemonte,4356406,365730,8.4,0.26
31,2021-03-31,PIE,19099,8100,10999,962,687,311,687,8,2527,13177,524,209,7,10409,8690,ITC,ITC1,1,Piemonte,Piemonte,4356406,384829,8.83,0.44
32,2021-01-09,PIE,6183,2185,3998,4499,1113,568,0,1,0,0,0,0,2,6183,0,ITC,ITC1,1,Piemonte,Piemonte,4356406,391012,8.98,0.14
33,2021-01-07,PIE,5387,1739,3648,4159,885,341,0,1,0,0,0,0,1,5387,0,ITC,ITC1,1,Piemonte,Piemonte,4356406,396399,9.1,0.12
34,2021-04-30,PIE,31426,14106,17320,720,429,317,122,4566,5523,8579,10991,119,60,18203,13223,ITC,ITC1,1,Piemonte,Piemonte,4356406,427825,9.82,0.72
35,2021-02-09,PIE,7351,2309,5042,4154,1367,1830,0,0,0,0,0,0,0,722,6629,ITC,ITC1,1,Piemonte,Piemonte,4356406,435176,9.99,0.17
36,2021-02-15,PIE,4431,1596,2835,2319,1144,962,1,0,2,2,0,1,0,3226,1205,ITC,ITC1,1,Piemonte,Piemonte,4356406,439607,10.09,0.1
37,2021-01-27,PIE,4196,1453,2743,2982,657,557,0,0,0,0,0,0,0,999,3197,ITC,ITC1,1,Piemonte,Piemonte,4356406,443803,10.19,0.1
38,2021-01-06,PIE,3116,1111,2005,2370,429,313,0,0,1,1,0,0,2,3116,0,ITC,ITC1,1,Piemonte,Piemonte,4356406,446919,10.26,0.07
39,2021-04-20,PIE,25352,11602,13750,707,271,241,35,1204,6122,6647,10110,2,13,19051,6301,ITC,ITC1,1,Piemonte,Piemonte,4356406,472271,10.84,0.58
40,2021-03-11,PIE,13746,5065,8681,2312,1415,381,2184,1,5,7371,0,71,6,10655,3091,ITC,ITC1,1,Piemonte,Piemonte,4356406,486017,11.16,0.32
41,2021-05-10,PIE,12292,6016,6276,146,56,30,418,2269,1398,842,6604,507,22,5079,7213,ITC,ITC1,1,Piemonte,Piemonte,4356406,498309,11.44,0.28
42,2021-01-20,PIE,6615,2089,4526,3618,1182,1813,0,0,0,0,0,0,2,5898,717,ITC,ITC1,1,Piemonte,Piemonte,4356406,504924,11.59,0.15
43,2021-01-05,PIE,5381,1603,3778,4368,721,285,0,0,2,1,0,0,4,5381,0,ITC,ITC1,1,Piemonte,Piemonte,4356406,510305,11.71,0.12
44,2021-05-09,PIE,26732,12767,13965,264,95,1,644,6759,3236,2638,12830,209,56,13220,13512,ITC,ITC1,1,Piemonte,Piemonte,4356406,537037,12.33,0.61
45,2021-04-02,PIE,20086,8269,11817,885,438,390,879,8,2690,13348,1260,153,35,11679,8407,ITC,ITC1,1,Piemonte,Piemonte,4356406,557123,12.79,0.46
46,2021-04-09,PIE,25804,11363,14441,1219,523,254,46,44,7392,11143,5133,35,15,21296,4508,ITC,ITC1,1,Piemonte,Piemonte,4356406,582927,13.38,0.59
47,2021-01-28,PIE,5589,1809,3780,4119,878,590,0,1,0,1,0,0,0,384,5205,ITC,ITC1,1,Piemonte,Piemonte,4356406,588516,13.51,0.13
48,2021-02-25,PIE,12213,5249,6964,1447,2064,405,1960,0,2,6329,0,1,5,11667,546,ITC,ITC1,1,Piemonte,Piemonte,4356406,600729,13.79,0.28
49,2021-05-02,PIE,25007,11242,13765,578,230,33,68,3026,7196,5653,8117,86,20,14272,10735,ITC,ITC1,1,Piemonte,Piemonte,4356406,625736,14.36,0.57
50,2021-01-15,PIE,8968,2955,6013,5499,1922,1546,0,0,0,0,0,0,1,8968,0,ITC,ITC1,1,Piemonte,Piemonte,4356406,634704,14.57,0.21
51,2021-04-07,PIE,23554,9968,13586,951,440,272,532,7,5786,12362,3072,66,66,18098,5456,ITC,ITC1,1,Piemonte,Piemonte,4356406,658258,15.11,0.54
52,2021-01-11,PIE,8741,2980,5761,6060,1553,1126,0,1,0,0,0,0,1,8741,0,ITC,ITC1,1,Piemonte,Piemonte,4356406,666999,15.31,0.2
53,2021-02-02,PIE,10237,3507,6730,6871,2048,1317,0,0,0,0,0,0,1,815,9422,ITC,ITC1,1,Piemonte,Piemonte,4356406,677236,15.55,0.23
54,2021-02-11,PIE,6764,2107,4657,3422,1328,2010,3,0,0,0,0,0,1,3006,3758,ITC,ITC1,1,Piemonte,Piemonte,4356406,684000,15.7,0.16
55,2021-03-02,PIE,11192,4502,6690,907,1122,215,2517,0,4,6416,0,9,2,10376,816,ITC,ITC1,1,Piemonte,Piemonte,4356406,695192,15.96,0.26
56,2021-03-07,PIE,11968,4656,7312,1322,1134,111,2050,0,5,7344,0,0,2,11088,880,ITC,ITC1,1,Piemonte,Piemonte,4356406,707160,16.23,0.27
57,2021-01-14,PIE,9764,3151,6613,6181,2097,1484,0,0,0,0,0,0,2,9764,0,ITC,ITC1,1,Piemonte,Piemonte,4356406,716924,16.46,0.22
58,2021-03-25,PIE,17083,7204,9879,1035,963,626,1375,4,25,12004,568,476,7,8448,8635,ITC,ITC1,1,Piemonte,Piemonte,4356406,734007,16.85,0.39
59,2021-01-23,PIE,4257,1325,2932,3212,524,520,0,0,0,1,0,0,0,879,3378,ITC,ITC1,1,Piemonte,Piemonte,4356406,738264,16.95,0.1
60,2021-03-13,PIE,13033,4717,8316,1169,996,158,2138,1,3,8559,0,4,5,11590,1443,ITC,ITC1,1,Piemonte,Piemonte,4356406,751297,17.25,0.3
61,2021-01-17,PIE,3517,1168,2349,2081,596,840,0,0,0,0,0,0,0,2870,647,ITC,ITC1,1,Piemonte,Piemonte,4356406,754814,17.33,0.08
62,2021-04-08,PIE,25066,10893,14173,1057,521,274,412,25,7377,11243,4034,117,6,20347,4719,ITC,ITC1,1,Piemonte,Piemonte,4356406,779880,17.9,0.58
63,2021-05-08,PIE,31880,15122,16758,218,198,21,1188,8134,4569,3649,13414,409,80,16470,15410,ITC,ITC1,1,Piemonte,Piemonte,4356406,811760,18.63,0.73
64,2021-03-14,PIE,8200,3331,4869,794,588,2,990,0,5,5815,0,1,5,5307,2893,ITC,ITC1,1,Piemonte,Piemonte,4356406,819960,18.82,0.19
65,2021-01-31,PIE,4106,1748,2358,3076,655,375,0,0,0,0,0,0,0,112,3994,ITC,ITC1,1,Piemonte,Piemonte,4356406,824066,18.92,0.09
66,2021-01-26,PIE,6330,1879,4451,4727,873,728,0,0,0,0,0,0,2,735,5595,ITC,ITC1,1,Piemonte,Piemonte,4356406,830396,19.06,0.15
67,2021-04-24,PIE,27341,12380,14961,461,169,21,23,2676,8334,5214,10365,48,30,21707,5634,ITC,ITC1,1,Piemonte,Piemonte,4356406,857737,19.69,0.63
68,2021-03-17,PIE,12510,5051,7459,2083,806,236,9,1,9,9100,10,250,6,5222,7288,ITC,ITC1,1,Piemonte,Piemonte,4356406,870247,19.98,0.29
69,2021-02-04,PIE,10199,3337,6862,6235,2199,1763,0,0,0,0,0,0,2,588,9611,ITC,ITC1,1,Piemonte,Piemonte,4356406,880446,20.21,0.23
70,2021-04-26,PIE,19645,8690,10955,306,100,84,44,1594,3369,4826,9298,11,13,15268,4377,ITC,ITC1,1,Piemonte,Piemonte,4356406,900091,20.66,0.45
71,2021-02-10,PIE,7533,2370,5163,3905,1530,2097,0,0,0,0,0,0,1,1316,6217,ITC,ITC1,1,Piemonte,Piemonte,4356406,907624,20.83,0.17
72,2021-02-18,PIE,4786,2091,2695,2254,1898,624,2,0,0,0,0,2,6,4356,430,ITC,ITC1,1,Piemonte,Piemonte,4356406,912410,20.94,0.11
73,2020-12-30,PIE,730,322,408,685,45,0,0,0,0,0,0,0,0,730,0,ITC,ITC1,1,Piemonte,Piemonte,4356406,913140,20.96,0.02
74,2021-03-19,PIE,11012,4508,6504,1126,650,432,271,3,19,8179,25,301,6,4413,6599,ITC,ITC1,1,Piemonte,Piemonte,4356406,924152,21.21,0.25
75,2021-03-28,PIE,16035,6892,9143,926,1914,34,2480,3,461,8926,1076,208,7,8427,7608,ITC,ITC1,1,Piemonte,Piemonte,4356406,940187,21.58,0.37
76,2020-12-31,PIE,3909,1334,2575,3415,356,134,0,0,0,0,0,0,4,3909,0,ITC,ITC1,1,Piemonte,Piemonte,4356406,944096,21.67,0.09
77,2021-04-06,PIE,20194,8786,11408,648,591,260,1319,16,5173,9644,2405,113,25,15016,5178,ITC,ITC1,1,Piemonte,Piemonte,4356406,964290,22.13,0.46
78,2021-02-07,PIE,3087,974,2113,1648,662,777,0,0,0,0,0,0,0,445,2642,ITC,ITC1,1,Piemonte,Piemonte,4356406,967377,22.21,0.07
79,2021-04-12,PIE,22899,10337,12562,612,296,245,60,242,7773,7332,6282,10,47,19916,2983,ITC,ITC1,1,Piemonte,Piemonte,4356406,990276,22.73,0.53
80,2021-01-08,PIE,5531,1761,3770,4078,1027,422,0,0,0,0,0,0,4,5531,0,ITC,ITC1,1,Piemonte,Piemonte,4356406,995807,22.86,0.13
81,2021-04-11,PIE,20806,9309,11497,401,231,68,254,217,7630,6876,5114,5,10,18645,2161,ITC,ITC1,1,Piemonte,Piemonte,4356406,1016613,23.34,0.48
82,2021-03-18,PIE,11740,4798,6942,1464,770,343,18,3,14,8871,10,235,12,4028,7712,ITC,ITC1,1,Piemonte,Piemonte,4356406,1028353,23.61,0.27
83,2021-01-21,PIE,6880,2314,4566,4707,840,1318,0,3,0,0,0,0,12,3385,3495,ITC,ITC1,1,Piemonte,Piemonte,4356406,1035233,23.76,0.16
84,2021-02-26,PIE,12286,4928,7358,843,1436,490,2900,0,1,6613,0,2,1,11549,737,ITC,ITC1,1,Piemonte,Piemonte,4356406,1047519,24.05,0.28
85,2021-03-03,PIE,12114,4640,7474,1103,1025,257,2665,0,2,7059,0,3,0,11295,819,ITC,ITC1,1,Piemonte,Piemonte,4356406,1059633,24.32,0.28
86,2021-03-05,PIE,15262,5957,9305,2540,2010,655,2371,1,5,7673,1,6,0,11445,3817,ITC,ITC1,1,Piemonte,Piemonte,4356406,1074895,24.67,0.35
87,2021-02-23,PIE,9231,3712,5519,2298,1346,389,1052,0,2,4106,0,33,5,8651,580,ITC,ITC1,1,Piemonte,Piemonte,4356406,1084126,24.89,0.21
88,2021-01-25,PIE,6213,1938,4275,4788,860,562,0,0,1,1,0,0,1,983,5230,ITC,ITC1,1,Piemonte,Piemonte,4356406,1090339,25.03,0.14
89,2021-01-01,PIE,1038,395,643,922,116,0,0,0,0,0,0,0,0,1038,0,ITC,ITC1,1,Piemonte,Piemonte,4356406,1091377,25.05,0.02
90,2021-03-06,PIE,13988,5209,8779,2262,1126,462,2697,1,2,7437,1,0,0,11199,2789,ITC,ITC1,1,Piemonte,Piemonte,4356406,1105365,25.37,0.32
91,2021-04-04,PIE,9242,4054,5188,196,302,0,294,0,2035,4226,2173,11,5,6530,2712,ITC,ITC1,1,Piemonte,Piemonte,4356406,1114607,25.59,0.21
92,2021-03-16,PIE,10517,4267,6250,2231,870,322,13,7,10,6798,65,162,39,4462,6055,ITC,ITC1,1,Piemonte,Piemonte,4356406,1125124,25.83,0.24
93,2021-04-22,PIE,27511,12660,14851,601,332,422,60,1654,5404,6529,12445,20,44,20845,6666,ITC,ITC1,1,Piemonte,Piemonte,4356406,1152635,26.46,0.63
94,2020-12-27,PIE,913,369,544,761,73,76,0,1,0,0,0,0,2,913,0,ITC,ITC1,1,Piemonte,Piemonte,4356406,1153548,26.48,0.02
95,2021-01-22,PIE,3866,1249,2617,2279,650,934,0,1,0,1,0,0,1,2525,1341,ITC,ITC1,1,Piemonte,Piemonte,4356406,1157414,26.57,0.09
96,2021-04-21,PIE,25606,11773,13833,798,357,264,45,1396,7165,6125,9425,11,20,20296,5310,ITC,ITC1,1,Piemonte,Piemonte,4356406,1183020,27.16,0.59
97,2021-03-12,PIE,13936,5179,8757,2143,1295,472,2274,0,4,7627,6,114,1,11001,2935,ITC,ITC1,1,Piemonte,Piemonte,4356406,1196956,27.48,0.32
98,2021-04-18,PIE,22928,10821,12107,341,241,24,46,912,5675,4373,11289,10,17,20176,2752,ITC,ITC1,1,Piemonte,Piemonte,4356406,1219884,28.0,0.53
99,2021-05-07,PIE,31789,15074,16715,506,183,223,411,9003,5370,3612,11974,464,43,18162,13627,ITC,ITC1,1,Piemonte,Piemonte,4356406,1251673,28.73,0.73
100,2021-04-17,PIE,30282,14075,16207,746,317,116,56,2804,9977,4898,11344,9,15,27005,3277,ITC,ITC1,1,Piemonte,Piemonte,4356406,1281955,29.43,0.7
101,2021-03-10,PIE,13624,5164,8460,1666,1339,280,2240,1,6,8017,1,73,1,11330,2294,ITC,ITC1,1,Piemonte,Piemonte,4356406,1295579,29.74,0.31
102,2021-02-08,PIE,6916,2355,4561,3786,1557,1572,0,0,0,0,0,0,1,666,6250,ITC,ITC1,1,Piemonte,Piemonte,4356406,1302495,29.9,0.16
103,2021-04-29,PIE,48118,21774,26344,1226,560,301,61,9538,11313,9152,15708,164,95,35570,12548,ITC,ITC1,1,Piemonte,Piemonte,4356406,1350613,31.0,1.1
104,2021-04-03,PIE,19389,8117,11272,309,237,76,540,15,2976,13412,1664,114,46,10842,8547,ITC,ITC1,1,Piemonte,Piemonte,4356406,1370002,31.45,0.45
105,2021-02-22,PIE,8467,3464,5003,1705,1398,512,920,2,4,3914,0,9,3,7877,590,ITC,ITC1,1,Piemonte,Piemonte,4356406,1378469,31.64,0.19
106,2021-02-28,PIE,10813,4059,6754,642,501,53,2791,1,1,6822,0,0,2,10573,240,ITC,ITC1,1,Piemonte,Piemonte,4356406,1389282,31.89,0.25
107,2021-05-06,PIE,32584,15413,17171,431,179,162,194,10208,5251,3701,11748,625,85,19409,13175,ITC,ITC1,1,Piemonte,Piemonte,4356406,1421866,32.64,0.75
108,2021-02-21,PIE,5086,2080,3006,685,263,47,737,0,0,3353,0,0,1,4984,102,ITC,ITC1,1,Piemonte,Piemonte,4356406,1426952,32.76,0.12
109,2021-01-10,PIE,5214,2275,2939,3910,783,519,0,0,0,0,0,0,2,5214,0,ITC,ITC1,1,Piemonte,Piemonte,4356406,1432166,32.87,0.12
110,2021-04-27,PIE,22508,10183,12325,356,212,156,80,3087,3890,4994,9684,31,18,17403,5105,ITC,ITC1,1,Piemonte,Piemonte,4356406,1454674,33.39,0.52
111,2021-04-14,PIE,27643,12538,15105,874,439,448,60,783,10250,7061,7700,9,19,23131,4512,ITC,ITC1,1,Piemonte,Piemonte,4356406,1482317,34.03,0.63
112,2021-01-12,PIE,10047,3404,6643,6863,2009,1170,0,2,0,0,0,0,3,10047,0,ITC,ITC1,1,Piemonte,Piemonte,4356406,1492364,34.26,0.23
113,2021-03-21,PIE,10706,4734,5972,585,1475,9,1318,2,165,7017,1,133,1,4183,6523,ITC,ITC1,1,Piemonte,Piemonte,4356406,1503070,34.5,0.25
114,2021-03-29,PIE,15133,6372,8761,415,543,137,1330,1,1259,10371,733,342,2,8522,6611,ITC,ITC1,1,Piemonte,Piemonte,4356406,1518203,34.85,0.35
115,2021-04-23,PIE,27287,12537,14750,701,274,273,30,1805,5268,6454,12419,41,22,20567,6720,ITC,ITC1,1,Piemonte,Piemonte,4356406,1545490,35.48,0.63
116,2021-03-15,PIE,10644,4155,6489,1716,1460,231,1469,2,5,5731,0,28,2,5028,5616,ITC,ITC1,1,Piemonte,Piemonte,4356406,1556134,35.72,0.24
117,2021-03-30,PIE,16885,7030,9855,783,436,287,994,7,1375,12121,580,297,5,9014,7871,ITC,ITC1,1,Piemonte,Piemonte,4356406,1573019,36.11,0.39
118,2021-01-30,PIE,5978,2135,3843,4375,1108,495,0,0,0,0,0,0,0,218,5760,ITC,ITC1,1,Piemonte,Piemonte,4356406,1578997,36.25,0.14
119,2021-04-16,PIE,28178,13134,15044,1044,468,450,77,1629,7590,5826,11057,5,32,23266,4912,ITC,ITC1,1,Piemonte,Piemonte,4356406,1607175,36.89,0.65
120,2021-05-05,PIE,31730,14877,16853,778,407,200,206,9640,5934,4938,9217,379,31,18886,12844,ITC,ITC1,1,Piemonte,Piemonte,4356406,1638905,37.62,0.73
121,2021-05-01,PIE,28400,12946,15454,439,275,58,88,3536,8843,6937,8126,74,24,16607,11793,ITC,ITC1,1,Piemonte,Piemonte,4356406,1667305,38.27,0.65
122,2020-12-28,PIE,1,1,0,1,0,0,0,0,0,0,0,0,0,1,0,ITC,ITC1,1,Piemonte,Piemonte,4356406,1667306,38.27,0.0
123,2021-01-13,PIE,10080,3223,6857,6488,2259,1329,0,0,0,0,0,0,4,10080,0,ITC,ITC1,1,Piemonte,Piemonte,4356406,1677386,38.5,0.23
124,2021-04-13,PIE,25856,11569,14287,666,266,261,121,899,10390,7021,6202,7,23,22417,3439,ITC,ITC1,1,Piemonte,Piemonte,4356406,1703242,39.1,0.59
125,2021-05-03,PIE,26476,12089,14387,677,290,56,96,3906,4657,7551,9100,104,39,12420,14056,ITC,ITC1,1,Piemonte,Piemonte,4356406,1729718,39.71,0.61
126,2021-02-06,PIE,7983,2664,5319,5101,1629,1251,0,0,0,1,0,0,1,400,7583,ITC,ITC1,1,Piemonte,Piemonte,4356406,1737701,39.89,0.18
127,2021-04-10,PIE,30124,13396,16728,901,456,138,134,359,11964,10227,5921,15,9,25845,4279,ITC,ITC1,1,Piemonte,Piemonte,4356406,1767825,40.58,0.69
128,2021-03-22,PIE,11448,4851,6597,880,909,191,1219,1,9,7914,74,249,2,3865,7583,ITC,ITC1,1,Piemonte,Piemonte,4356406,1779273,40.84,0.26
129,2021-03-04,PIE,14485,5729,8756,2185,1951,609,2195,0,2,7535,0,4,4,11536,2949,ITC,ITC1,1,Piemonte,Piemonte,4356406,1793758,41.18,0.33
130,2021-03-24,PIE,15473,6334,9139,1072,766,479,840,5,21,11510,394,376,10,6347,9126,ITC,ITC1,1,Piemonte,Piemonte,4356406,1809231,41.53,0.36
131,2021-03-23,PIE,13044,5442,7602,692,1020,260,1334,5,15,9239,286,178,15,6806,6238,ITC,ITC1,1,Piemonte,Piemonte,4356406,1822275,41.83,0.3
132,2021-01-02,PIE,3545,1134,2411,3081,407,53,0,1,0,1,0,0,2,3545,0,ITC,ITC1,1,Piemonte,Piemonte,4356406,1825820,41.91,0.08
133,2021-01-24,PIE,3153,959,2194,2636,370,146,0,0,0,0,0,0,1,434,2719,ITC,ITC1,1,Piemonte,Piemonte,4356406,1828973,41.98,0.07
134,2021-02-01,UMB,1285,342,943,877,35,373,0,0,0,0,0,0,0,48,1237,ITI,ITI2,10,Umbria,Umbria,882015,1285,0.15,0.15
135,2021-04-12,UMB,7082,3075,4007,204,17,0,17,30,2426,2910,1462,4,12,5365,1717,ITI,ITI2,10,Umbria,Umbria,882015,8367,0.95,0.8
136,2021-02-20,UMB,282,100,182,83,7,39,0,0,0,152,0,0,1,258,24,ITI,ITI2,10,Umbria,Umbria,882015,8649,0.98,0.03
137,2021-05-03,UMB,5074,2262,2812,189,22,12,12,16,106,1451,3230,35,1,2188,2886,ITI,ITI2,10,Umbria,Umbria,882015,13723,1.56,0.58
138,2021-01-02,UMB,304,111,193,304,0,0,0,0,0,0,0,0,0,304,0,ITI,ITI2,10,Umbria,Umbria,882015,14027,1.59,0.03
139,2021-01-11,UMB,1315,346,969,880,14,415,0,1,0,0,0,0,5,1315,0,ITI,ITI2,10,Umbria,Umbria,882015,15342,1.74,0.15
140,2021-03-09,UMB,4051,1971,2080,143,568,122,23,0,1,2915,7,217,55,2759,1292,ITI,ITI2,10,Umbria,Umbria,882015,19393,2.2,0.46
141,2021-01-25,UMB,648,323,325,646,2,0,0,0,0,0,0,0,0,5,643,ITI,ITI2,10,Umbria,Umbria,882015,20041,2.27,0.07
142,2021-01-19,UMB,103,23,80,21,2,80,0,0,0,0,0,0,0,103,0,ITI,ITI2,10,Umbria,Umbria,882015,20144,2.28,0.01
143,2021-02-06,UMB,396,138,258,333,47,16,0,0,0,0,0,0,0,34,362,ITI,ITI2,10,Umbria,Umbria,882015,20540,2.33,0.04
144,2021-01-04,UMB,810,398,412,810,0,0,0,0,0,0,0,0,0,810,0,ITI,ITI2,10,Umbria,Umbria,882015,21350,2.42,0.09
145,2021-04-10,UMB,7440,3498,3942,81,62,30,50,49,2473,691,3972,18,14,7327,113,ITI,ITI2,10,Umbria,Umbria,882015,28790,3.26,0.84
146,2021-02-05,UMB,780,234,546,645,51,84,0,0,0,0,0,0,0,18,762,ITI,ITI2,10,Umbria,Umbria,882015,29570,3.35,0.09
147,2021-02-03,UMB,725,174,551,560,34,131,0,0,0,0,0,0,0,67,658,ITI,ITI2,10,Umbria,Umbria,882015,30295,3.43,0.08
148,2021-02-26,UMB,660,253,407,386,73,40,3,0,0,154,0,4,0,652,8,ITI,ITI2,10,Umbria,Umbria,882015,30955,3.51,0.07
149,2021-01-07,UMB,1300,387,913,893,1,404,0,0,0,1,0,0,1,1300,0,ITI,ITI2,10,Umbria,Umbria,882015,32255,3.66,0.15
150,2021-03-11,UMB,3563,1695,1868,144,652,263,158,0,0,2018,1,291,36,2557,1006,ITI,ITI2,10,Umbria,Umbria,882015,35818,4.06,0.4
151,2021-03-14,UMB,66,48,18,0,6,1,4,6,2,0,0,0,47,66,0,ITI,ITI2,10,Umbria,Umbria,882015,35884,4.07,0.01
152,2021-04-27,UMB,5624,2390,3234,200,11,1,8,28,1143,2470,1731,8,24,3062,2562,ITI,ITI2,10,Umbria,Umbria,882015,41508,4.71,0.64
153,2021-04-24,UMB,4547,1958,2589,42,15,0,81,35,1121,1070,2178,3,2,3376,1171,ITI,ITI2,10,Umbria,Umbria,882015,46055,5.22,0.52
154,2021-04-30,UMB,6188,2952,3236,74,28,47,77,23,379,281,5263,8,8,2803,3385,ITI,ITI2,10,Umbria,Umbria,882015,52243,5.92,0.7
155,2021-04-22,UMB,5405,2223,3182,258,21,76,5,37,781,3013,1199,7,8,2749,2656,ITI,ITI2,10,Umbria,Umbria,882015,57648,6.54,0.61
156,2021-01-06,UMB,846,325,521,843,0,0,0,1,0,0,0,0,2,846,0,ITI,ITI2,10,Umbria,Umbria,882015,58494,6.63,0.1
157,2021-03-10,UMB,4012,1927,2085,123,785,180,75,3,3,2566,6,263,8,2756,1256,ITI,ITI2,10,Umbria,Umbria,882015,62506,7.09,0.45
158,2021-03-06,UMB,4267,1110,3157,422,186,26,2322,6,5,1128,0,125,47,4124,143,ITI,ITI2,10,Umbria,Umbria,882015,66773,7.57,0.48
159,2021-02-16,UMB,1308,655,653,34,4,0,0,2,1,1263,4,0,0,1299,9,ITI,ITI2,10,Umbria,Umbria,882015,68081,7.72,0.15
160,2021-04-21,UMB,5287,2300,2987,237,9,1,9,73,1052,2692,1201,5,8,3067,2220,ITI,ITI2,10,Umbria,Umbria,882015,73368,8.32,0.6
161,2021-02-17,UMB,1618,748,870,363,4,0,1,0,6,1240,1,0,3,1267,351,ITI,ITI2,10,Umbria,Umbria,882015,74986,8.5,0.18
162,2021-03-01,UMB,1503,774,729,110,10,0,1,0,0,1249,0,133,0,1389,114,ITI,ITI2,10,Umbria,Umbria,882015,76489,8.67,0.17
163,2021-01-05,UMB,854,429,425,851,0,0,0,1,0,0,0,0,2,854,0,ITI,ITI2,10,Umbria,Umbria,882015,77343,8.77,0.1
164,2021-04-03,UMB,2092,710,1382,143,208,30,216,5,32,1264,169,22,3,1056,1036,ITI,ITI2,10,Umbria,Umbria,882015,79435,9.01,0.24
165,2021-02-24,UMB,1520,565,955,1083,45,90,0,1,0,292,0,9,0,1505,15,ITI,ITI2,10,Umbria,Umbria,882015,80955,9.18,0.17
166,2021-01-16,UMB,221,73,148,146,32,43,0,0,0,0,0,0,0,221,0,ITI,ITI2,10,Umbria,Umbria,882015,81176,9.2,0.03
167,2021-04-01,UMB,4320,1788,2532,204,14,309,19,5,7,3258,452,5,47,2323,1997,ITI,ITI2,10,Umbria,Umbria,882015,85496,9.69,0.49
168,2021-03-20,UMB,2297,832,1465,317,682,21,1200,0,0,0,0,72,5,2272,25,ITI,ITI2,10,Umbria,Umbria,882015,87793,9.95,0.26
169,2021-02-08,UMB,637,203,434,368,111,154,0,0,0,0,0,4,0,88,549,ITI,ITI2,10,Umbria,Umbria,882015,88430,10.03,0.07
170,2021-01-15,UMB,701,215,486,590,44,67,0,0,0,0,0,0,0,701,0,ITI,ITI2,10,Umbria,Umbria,882015,89131,10.11,0.08
171,2021-01-09,UMB,1745,499,1246,894,7,844,0,0,0,0,0,0,0,1745,0,ITI,ITI2,10,Umbria,Umbria,882015,90876,10.3,0.2
172,2021-01-14,UMB,752,201,551,697,35,19,1,0,0,0,0,0,0,752,0,ITI,ITI2,10,Umbria,Umbria,882015,91628,10.39,0.09
173,2021-05-06,UMB,9344,4265,5079,215,33,27,4,205,3730,1558,3560,4,8,6056,3288,ITI,ITI2,10,Umbria,Umbria,882015,100972,11.45,1.06
174,2021-03-29,UMB,3799,1648,2151,247,42,58,26,9,11,2832,534,21,19,2320,1479,ITI,ITI2,10,Umbria,Umbria,882015,104771,11.88,0.43
175,2021-03-05,UMB,4591,1379,3212,604,320,7,2554,2,1,712,0,383,8,3935,656,ITI,ITI2,10,Umbria,Umbria,882015,109362,12.4,0.52
176,2021-02-02,UMB,944,274,670,714,17,212,0,0,0,0,0,0,1,32,912,ITI,ITI2,10,Umbria,Umbria,882015,110306,12.51,0.11
177,2021-04-18,UMB,1529,680,849,67,11,0,41,2,171,840,376,21,0,599,930,ITI,ITI2,10,Umbria,Umbria,882015,111835,12.68,0.17
178,2021-03-15,UMB,4596,1930,2666,1426,264,79,263,2,1,2343,7,206,5,2828,1768,ITI,ITI2,10,Umbria,Umbria,882015,116431,13.2,0.52
179,2021-02-10,UMB,715,349,366,606,106,3,0,0,0,0,0,0,0,700,15,ITI,ITI2,10,Umbria,Umbria,882015,117146,13.28,0.08
180,2021-04-14,UMB,8139,3670,4469,226,35,15,19,59,2923,3148,1695,12,7,6160,1979,ITI,ITI2,10,Umbria,Umbria,882015,125285,14.2,0.92
181,2021-03-07,UMB,845,180,665,17,82,25,676,0,0,45,0,0,0,838,7,ITI,ITI2,10,Umbria,Umbria,882015,126130,14.3,0.1
182,2021-01-13,UMB,450,139,311,379,29,42,0,0,0,0,0,0,0,450,0,ITI,ITI2,10,Umbria,Umbria,882015,126580,14.35,0.05
183,2021-04-07,UMB,5529,2280,3249,482,42,92,19,9,921,3183,759,18,4,3524,2005,ITI,ITI2,10,Umbria,Umbria,882015,132109,14.98,0.63
184,2021-03-13,UMB,1731,524,1207,120,154,49,1152,3,0,152,0,91,10,1486,245,ITI,ITI2,10,Umbria,Umbria,882015,133840,15.17,0.2
185,2021-01-18,UMB,614,219,395,348,114,144,0,2,1,0,0,0,5,529,85,ITI,ITI2,10,Umbria,Umbria,882015,134454,15.24,0.07
186,2021-02-15,UMB,1368,692,676,10,4,0,0,0,1,1351,2,0,0,1367,1,ITI,ITI2,10,Umbria,Umbria,882015,135822,15.4,0.16
187,2021-03-27,UMB,4252,1512,2740,752,595,1,576,4,7,2238,1,24,54,3912,340,ITI,ITI2,10,Umbria,Umbria,882015,140074,15.88,0.48
188,2021-03-04,UMB,4485,1853,2632,849,184,4,1466,2,0,1563,0,410,7,3657,828,ITI,ITI2,10,Umbria,Umbria,882015,144559,16.39,0.51
189,2021-04-02,UMB,4263,1708,2555,376,318,68,331,3,23,886,2155,35,68,3516,747,ITI,ITI2,10,Umbria,Umbria,882015,148822,16.87,0.48
190,2021-01-27,UMB,840,330,510,839,1,0,0,0,0,0,0,0,0,13,827,ITI,ITI2,10,Umbria,Umbria,882015,149662,16.97,0.1
191,2021-02-13,UMB,115,28,87,68,46,0,0,0,0,1,0,0,0,112,3,ITI,ITI2,10,Umbria,Umbria,882015,149777,16.98,0.01
192,2021-01-26,UMB,816,390,426,815,1,0,0,0,0,0,0,0,0,18,798,ITI,ITI2,10,Umbria,Umbria,882015,150593,17.07,0.09
193,2021-01-20,UMB,613,222,391,583,15,14,1,0,0,0,0,0,0,613,0,ITI,ITI2,10,Umbria,Umbria,882015,151206,17.14,0.07
194,2021-02-12,UMB,671,224,447,459,208,1,2,0,0,1,0,0,0,665,6,ITI,ITI2,10,Umbria,Umbria,882015,151877,17.22,0.08
195,2021-01-31,UMB,1058,276,782,767,10,281,0,0,0,0,0,0,0,25,1033,ITI,ITI2,10,Umbria,Umbria,882015,152935,17.34,0.12
196,2021-05-08,UMB,7970,3689,4281,52,35,1,113,212,2086,596,4844,11,20,4820,3150,ITI,ITI2,10,Umbria,Umbria,882015,160905,18.24,0.9
197,2021-04-13,UMB,7669,3396,4273,218,23,21,19,61,2861,2875,1573,8,10,6000,1669,ITI,ITI2,10,Umbria,Umbria,882015,168574,19.11,0.87
198,2021-03-30,UMB,3947,1705,2242,179,31,108,20,0,0,3074,432,15,88,2415,1532,ITI,ITI2,10,Umbria,Umbria,882015,172521,19.56,0.45
199,2021-01-03,UMB,270,112,158,270,0,0,0,0,0,0,0,0,0,270,0,ITI,ITI2,10,Umbria,Umbria,882015,172791,19.59,0.03
200,2021-01-22,UMB,276,105,171,273,1,2,0,0,0,0,0,0,0,32,244,ITI,ITI2,10,Umbria,Umbria,882015,173067,19.62,0.03
201,2021-05-07,UMB,9787,4566,5221,106,35,54,162,375,3131,680,5195,14,35,6619,3168,ITI,ITI2,10,Umbria,Umbria,882015,182854,20.73,1.11
202,2021-03-08,UMB,3668,1799,1869,141,289,46,42,0,1,2855,2,292,0,2305,1363,ITI,ITI2,10,Umbria,Umbria,882015,186522,21.15,0.42
203,2021-04-17,UMB,6660,3055,3605,164,31,23,127,39,1754,1443,3061,11,7,5320,1340,ITI,ITI2,10,Umbria,Umbria,882015,193182,21.9,0.76
204,2021-01-23,UMB,280,100,180,279,1,0,0,0,0,0,0,0,0,2,278,ITI,ITI2,10,Umbria,Umbria,882015,193462,21.93,0.03
205,2021-05-05,UMB,7107,3253,3854,185,32,22,11,67,1373,1563,3835,11,8,3822,3285,ITI,ITI2,10,Umbria,Umbria,882015,200569,22.74,0.81
206,2021-02-04,UMB,733,226,507,693,20,20,0,0,0,0,0,0,0,25,708,ITI,ITI2,10,Umbria,Umbria,882015,201302,22.82,0.08
207,2021-03-02,UMB,3640,1345,2295,318,234,55,1446,0,1,1303,0,283,0,3636,4,ITI,ITI2,10,Umbria,Umbria,882015,204942,23.24,0.41
208,2021-03-17,UMB,3331,1313,2018,1430,55,131,16,2,0,1684,1,8,4,1859,1472,ITI,ITI2,10,Umbria,Umbria,882015,208273,23.61,0.38
209,2021-04-08,UMB,5830,2464,3366,343,28,287,12,23,1401,2905,810,13,8,4035,1795,ITI,ITI2,10,Umbria,Umbria,882015,214103,24.27,0.66
210,2021-03-22,UMB,3559,1654,1905,163,235,0,147,3,2,2830,0,174,5,2313,1246,ITI,ITI2,10,Umbria,Umbria,882015,217662,24.68,0.4
211,2021-01-28,UMB,1247,394,853,898,4,345,0,0,0,0,0,0,0,19,1228,ITI,ITI2,10,Umbria,Umbria,882015,218909,24.82,0.14
212,2021-03-31,UMB,3901,1732,2169,178,39,183,23,1,5,2962,425,6,79,2214,1687,ITI,ITI2,10,Umbria,Umbria,882015,222810,25.26,0.44
213,2021-01-10,UMB,1070,277,793,745,3,318,0,1,1,1,0,0,1,1070,0,ITI,ITI2,10,Umbria,Umbria,882015,223880,25.38,0.12
214,2021-02-27,UMB,1658,354,1304,14,11,13,1560,0,0,0,0,60,0,1642,16,ITI,ITI2,10,Umbria,Umbria,882015,225538,25.57,0.19
215,2021-04-06,UMB,5288,2169,3119,599,56,113,29,16,378,3353,713,5,26,2901,2387,ITI,ITI2,10,Umbria,Umbria,882015,230826,26.17,0.6
216,2020-12-31,UMB,322,127,195,310,0,0,0,2,0,0,0,0,10,322,0,ITI,ITI2,10,Umbria,Umbria,882015,231148,26.21,0.04
217,2021-02-23,UMB,1693,658,1035,1187,95,17,0,0,0,394,0,0,0,1651,42,ITI,ITI2,10,Umbria,Umbria,882015,232841,26.4,0.19
218,2021-03-21,UMB,665,330,335,31,285,0,64,34,6,0,0,34,211,665,0,ITI,ITI2,10,Umbria,Umbria,882015,233506,26.47,0.08
219,2021-03-03,UMB,4437,1772,2665,720,247,86,1534,0,0,1519,0,329,2,3725,712,ITI,ITI2,10,Umbria,Umbria,882015,237943,26.98,0.5
220,2021-02-18,UMB,1496,582,914,325,14,170,0,0,0,985,1,0,1,1030,466,ITI,ITI2,10,Umbria,Umbria,882015,239439,27.15,0.17
221,2021-04-11,UMB,3102,1503,1599,30,1,2,4,23,924,137,1942,39,0,3053,49,ITI,ITI2,10,Umbria,Umbria,882015,242541,27.5,0.35
222,2021-01-08,UMB,1190,345,845,942,8,239,0,0,1,0,0,0,0,1190,0,ITI,ITI2,10,Umbria,Umbria,882015,243731,27.63,0.13
223,2021-04-05,UMB,4250,1728,2522,764,22,69,26,3,89,2653,615,6,3,2195,2055,ITI,ITI2,10,Umbria,Umbria,882015,247981,28.12,0.48
224,2021-04-25,UMB,4362,1685,2677,12,13,8,1,20,187,3996,124,1,0,4280,82,ITI,ITI2,10,Umbria,Umbria,882015,252343,28.61,0.49
225,2021-04-28,UMB,5319,2304,3015,183,37,15,4,28,1103,2167,1774,6,2,2937,2382,ITI,ITI2,10,Umbria,Umbria,882015,257662,29.21,0.6
226,2021-04-04,UMB,59,20,39,0,0,0,0,0,22,37,0,0,0,23,36,ITI,ITI2,10,Umbria,Umbria,882015,257721,29.22,0.01
227,2021-04-20,UMB,5430,2350,3080,203,18,27,16,37,1320,2525,1278,0,6,3483,1947,ITI,ITI2,10,Umbria,Umbria,882015,263151,29.84,0.62
228,2021-02-25,UMB,1336,497,839,827,96,99,6,1,0,305,0,0,2,1284,52,ITI,ITI2,10,Umbria,Umbria,882015,264487,29.99,0.15
229,2021-02-19,UMB,743,293,450,282,12,14,0,0,0,433,2,0,0,526,217,ITI,ITI2,10,Umbria,Umbria,882015,265230,30.07,0.08
230,2021-03-26,UMB,4570,1682,2888,570,496,91,738,2,4,2488,0,155,26,4398,172,ITI,ITI2,10,Umbria,Umbria,882015,269800,30.59,0.52
231,2021-04-23,UMB,6589,2780,3809,66,36,83,92,51,1135,1007,4097,8,14,3474,3115,ITI,ITI2,10,Umbria,Umbria,882015,276389,31.34,0.75
232,2021-01-29,UMB,1232,348,884,944,16,272,0,0,0,0,0,0,0,79,1153,ITI,ITI2,10,Umbria,Umbria,882015,277621,31.48,0.14
233,2021-02-07,UMB,54,17,37,46,8,0,0,0,0,0,0,0,0,1,53,ITI,ITI2,10,Umbria,Umbria,882015,277675,31.48,0.01
234,2021-03-16,UMB,3538,1454,2084,1634,79,98,11,0,2,1708,1,0,5,1911,1627,ITI,ITI2,10,Umbria,Umbria,882015,281213,31.88,0.4
235,2021-03-12,UMB,2652,1039,1613,113,454,59,1194,2,0,465,2,309,54,2154,498,ITI,ITI2,10,Umbria,Umbria,882015,283865,32.18,0.3
236,2021-04-09,UMB,6787,3160,3627,105,62,66,86,35,1801,709,3890,10,23,6571,216,ITI,ITI2,10,Umbria,Umbria,882015,290652,32.95,0.77
237,2021-01-30,UMB,1590,490,1100,852,18,719,0,0,0,1,0,0,0,44,1546,ITI,ITI2,10,Umbria,Umbria,882015,292242,33.13,0.18
238,2021-03-25,UMB,3903,1699,2204,260,72,80,32,5,9,3271,1,123,50,2839,1064,ITI,ITI2,10,Umbria,Umbria,882015,296145,33.58,0.44
239,2021-01-24,UMB,258,106,152,258,0,0,0,0,0,0,0,0,0,1,257,ITI,ITI2,10,Umbria,Umbria,882015,296403,33.61,0.03
240,2020-12-27,UMB,86,45,41,68,2,16,0,0,0,0,0,0,0,86,0,ITI,ITI2,10,Umbria,Umbria,882015,296489,33.61,0.01
241,2021-05-10,UMB,2266,1109,1157,85,7,18,4,58,278,138,1663,15,0,1749,517,ITI,ITI2,10,Umbria,Umbria,882015,298755,33.87,0.26
242,2021-03-24,UMB,4072,1760,2312,215,165,1,42,3,2,3531,0,111,2,2749,1323,ITI,ITI2,10,Umbria,Umbria,882015,302827,34.33,0.46
243,2021-03-23,UMB,3796,1685,2111,396,237,12,60,4,3,2854,0,175,55,2167,1629,ITI,ITI2,10,Umbria,Umbria,882015,306623,34.76,0.43
244,2021-05-04,UMB,5519,2539,2980,202,22,13,7,28,177,1522,3493,42,13,2400,3119,ITI,ITI2,10,Umbria,Umbria,882015,312142,35.39,0.63
245,2021-05-01,UMB,5369,2639,2730,50,19,0,62,13,97,227,4876,23,2,2142,3227,ITI,ITI2,10,Umbria,Umbria,882015,317511,36.0,0.61
246,2021-05-09,UMB,5622,2694,2928,17,15,0,10,37,408,93,5038,1,3,5233,389,ITI,ITI2,10,Umbria,Umbria,882015,323133,36.64,0.64
247,2021-01-21,UMB,610,202,408,428,13,169,0,0,0,0,0,0,0,341,269,ITI,ITI2,10,Umbria,Umbria,882015,323743,36.7,0.07
248,2021-04-26,UMB,5329,2301,3028,202,20,0,8,13,1254,2330,1494,2,6,3086,2243,ITI,ITI2,10,Umbria,Umbria,882015,329072,37.31,0.6
249,2021-04-16,UMB,8083,3733,4350,166,34,96,180,90,2591,1903,2977,18,28,6246,1837,ITI,ITI2,10,Umbria,Umbria,882015,337155,38.23,0.92
250,2021-04-19,UMB,4993,2205,2788,205,44,34,23,46,787,2514,1322,5,13,2944,2049,ITI,ITI2,10,Umbria,Umbria,882015,342148,38.79,0.57
251,2021-02-22,UMB,1859,778,1081,736,89,1,0,1,2,1007,5,0,18,1773,86,ITI,ITI2,10,Umbria,Umbria,882015,344007,39.0,0.21
252,2021-05-02,UMB,3787,1868,1919,36,31,0,19,9,40,67,3575,9,1,1333,2454,ITI,ITI2,10,Umbria,Umbria,882015,347794,39.43,0.43
253,2021-01-17,UMB,54,17,37,47,7,0,0,0,0,0,0,0,0,54,0,ITI,ITI2,10,Umbria,Umbria,882015,347848,39.44,0.01
254,2021-03-19,UMB,1743,565,1178,462,237,74,724,4,0,192,0,27,23,1087,656,ITI,ITI2,10,Umbria,Umbria,882015,349591,39.64,0.2
255,2021-03-28,UMB,1096,442,654,65,15,5,37,5,7,938,0,24,0,1072,24,ITI,ITI2,10,Umbria,Umbria,882015,350687,39.76,0.12
256,2021-02-11,UMB,842,349,493,735,98,5,3,1,0,0,0,0,0,837,5,ITI,ITI2,10,Umbria,Umbria,882015,351529,39.86,0.1
257,2021-01-12,UMB,838,248,590,677,15,146,0,0,0,0,0,0,0,838,0,ITI,ITI2,10,Umbria,Umbria,882015,352367,39.95,0.1
258,2021-04-29,UMB,5152,2224,2928,204,26,32,8,32,989,2059,1790,6,6,2835,2317,ITI,ITI2,10,Umbria,Umbria,882015,357519,40.53,0.58
259,2021-03-18,UMB,2942,1164,1778,975,124,350,12,3,5,1463,0,3,7,1704,1238,ITI,ITI2,10,Umbria,Umbria,882015,360461,40.87,0.33
260,2021-04-15,UMB,7618,3479,4139,261,34,55,25,76,2572,2865,1668,44,18,5732,1886,ITI,ITI2,10,Umbria,Umbria,882015,368079,41.73,0.86
261,2021-01-01,UMB,274,105,169,273,0,0,0,0,0,0,0,0,1,274,0,ITI,ITI2,10,Umbria,Umbria,882015,368353,41.76,0.03
262,2021-03-21,MOL,1246,542,704,14,1,0,0,0,2,1090,133,0,6,479,767,ITF,ITF2,14,Molise,Molise,305617,1246,0.41,0.41
263,2021-03-07,MOL,1131,501,630,2,16,0,0,0,0,1113,0,0,0,1129,2,ITF,ITF2,14,Molise,Molise,305617,2377,0.78,0.37
264,2021-02-23,MOL,581,223,358,136,39,61,1,0,0,340,0,0,4,362,219,ITF,ITF2,14,Molise,Molise,305617,2958,0.97,0.19
265,2021-01-13,MOL,474,160,314,256,69,144,1,1,1,0,0,0,2,474,0,ITF,ITF2,14,Molise,Molise,305617,3432,1.12,0.16
266,2021-02-02,MOL,539,176,363,295,64,180,0,0,0,0,0,0,0,216,323,ITF,ITF2,14,Molise,Molise,305617,3971,1.3,0.18
267,2021-05-01,MOL,2628,1262,1366,9,3,2,7,28,186,140,2157,4,92,408,2220,ITF,ITF2,14,Molise,Molise,305617,6599,2.16,0.86
268,2021-03-12,MOL,1459,637,822,42,33,0,505,0,1,719,35,116,8,1423,36,ITF,ITF2,14,Molise,Molise,305617,8058,2.64,0.48
269,2021-04-21,MOL,1860,787,1073,19,5,1,26,19,712,420,635,6,17,965,895,ITF,ITF2,14,Molise,Molise,305617,9918,3.25,0.61
270,2021-03-24,MOL,1630,658,972,77,57,0,450,2,3,707,275,48,11,1228,402,ITF,ITF2,14,Molise,Molise,305617,11548,3.78,0.53
271,2021-03-23,MOL,1642,694,948,76,8,6,454,2,4,606,367,97,22,1435,207,ITF,ITF2,14,Molise,Molise,305617,13190,4.32,0.54
272,2021-05-09,MOL,2009,916,1093,5,4,0,15,818,742,26,373,11,15,1938,71,ITF,ITF2,14,Molise,Molise,305617,15199,4.97,0.66
273,2021-04-18,MOL,611,264,347,0,0,0,1,1,87,326,191,0,5,104,507,ITF,ITF2,14,Molise,Molise,305617,15810,5.17,0.2
274,2020-12-27,MOL,50,20,30,29,4,17,0,0,0,0,0,0,0,50,0,ITF,ITF2,14,Molise,Molise,305617,15860,5.19,0.02
275,2021-04-06,MOL,1493,700,793,33,9,9,1,2,5,254,1160,18,2,1150,343,ITF,ITF2,14,Molise,Molise,305617,17353,5.68,0.49
276,2021-01-08,MOL,429,141,288,244,7,120,0,13,0,0,0,0,45,429,0,ITF,ITF2,14,Molise,Molise,305617,17782,5.82,0.14
277,2021-02-21,MOL,573,227,346,1,1,0,0,0,1,570,0,0,0,571,2,ITF,ITF2,14,Molise,Molise,305617,18355,6.01,0.19
278,2021-03-14,MOL,595,239,356,2,0,0,0,1,1,582,7,0,2,17,578,ITF,ITF2,14,Molise,Molise,305617,18950,6.2,0.19
279,2021-04-24,MOL,2079,975,1104,11,3,0,17,4,220,354,1463,3,4,606,1473,ITF,ITF2,14,Molise,Molise,305617,21029,6.88,0.68
280,2021-02-28,MOL,829,331,498,38,3,27,0,0,0,761,0,0,0,787,42,ITF,ITF2,14,Molise,Molise,305617,21858,7.15,0.27
281,2021-02-18,MOL,319,74,245,296,8,0,0,0,0,0,0,0,15,306,13,ITF,ITF2,14,Molise,Molise,305617,22177,7.26,0.1
282,2021-01-10,MOL,270,72,198,82,19,169,0,0,0,0,0,0,0,270,0,ITF,ITF2,14,Molise,Molise,305617,22447,7.34,0.09
283,2021-01-31,MOL,268,70,198,85,18,164,1,0,0,0,0,0,0,6,262,ITF,ITF2,14,Molise,Molise,305617,22715,7.43,0.09
284,2021-02-09,MOL,359,170,189,161,83,110,0,0,0,0,0,0,5,197,162,ITF,ITF2,14,Molise,Molise,305617,23074,7.55,0.12
285,2021-04-27,MOL,1590,765,825,29,8,17,1,3,121,247,1128,1,35,462,1128,ITF,ITF2,14,Molise,Molise,305617,24664,8.07,0.52
286,2021-01-26,MOL,450,184,266,444,0,0,1,2,0,0,0,0,3,8,442,ITF,ITF2,14,Molise,Molise,305617,25114,8.22,0.15
287,2021-02-19,MOL,169,93,76,95,70,1,3,0,0,0,0,0,0,167,2,ITF,ITF2,14,Molise,Molise,305617,25283,8.27,0.06
288,2021-04-20,MOL,2311,1020,1291,23,7,1,23,11,740,420,1052,18,16,1219,1092,ITF,ITF2,14,Molise,Molise,305617,27594,9.03,0.76
289,2021-04-28,MOL,1668,901,767,10,4,5,34,128,171,130,1108,4,74,451,1217,ITF,ITF2,14,Molise,Molise,305617,29262,9.57,0.55
290,2021-05-05,MOL,1484,627,857,36,7,2,0,436,349,108,544,1,1,1352,132,ITF,ITF2,14,Molise,Molise,305617,30746,10.06,0.49
291,2021-01-28,MOL,613,217,396,430,9,154,1,4,1,0,0,0,14,17,596,ITF,ITF2,14,Molise,Molise,305617,31359,10.26,0.2
292,2021-03-15,MOL,832,338,494,137,43,67,297,24,4,118,31,61,50,587,245,ITF,ITF2,14,Molise,Molise,305617,32191,10.53,0.27
293,2021-03-10,MOL,1737,720,1017,188,7,1,509,2,5,757,54,187,27,1687,50,ITF,ITF2,14,Molise,Molise,305617,33928,11.1,0.57
294,2021-04-17,MOL,1690,825,865,5,3,0,3,1,170,553,916,34,5,962,728,ITF,ITF2,14,Molise,Molise,305617,35618,11.65,0.55
295,2021-02-27,MOL,1366,568,798,25,29,14,1,1,0,1290,0,0,6,1347,19,ITF,ITF2,14,Molise,Molise,305617,36984,12.1,0.45
296,2021-03-30,MOL,2002,857,1145,46,1,1,424,4,6,591,823,82,24,1490,512,ITF,ITF2,14,Molise,Molise,305617,38986,12.76,0.66
297,2021-05-03,MOL,1804,856,948,2,1,0,1,145,762,83,735,30,45,1672,132,ITF,ITF2,14,Molise,Molise,305617,40790,13.35,0.59
298,2021-01-22,MOL,126,35,91,21,32,73,0,0,0,0,0,0,0,126,0,ITF,ITF2,14,Molise,Molise,305617,40916,13.39,0.04
299,2021-04-13,MOL,1615,710,905,7,4,1,1,12,910,322,350,1,7,1028,587,ITF,ITF2,14,Molise,Molise,305617,42531,13.92,0.53
300,2021-03-22,MOL,1146,439,707,106,5,2,458,7,3,255,216,59,35,903,243,ITF,ITF2,14,Molise,Molise,305617,43677,14.29,0.37
301,2021-04-10,MOL,2561,1233,1328,10,4,0,19,1,12,239,2265,9,2,2410,151,ITF,ITF2,14,Molise,Molise,305617,46238,15.13,0.84
302,2021-03-16,MOL,614,230,384,13,4,11,0,3,7,395,173,4,4,267,347,ITF,ITF2,14,Molise,Molise,305617,46852,15.33,0.2
303,2021-02-05,MOL,593,269,324,460,22,63,0,13,0,0,0,0,35,55,538,ITF,ITF2,14,Molise,Molise,305617,47445,15.52,0.19
304,2021-03-17,MOL,908,385,523,48,25,42,1,8,4,573,176,13,18,576,332,ITF,ITF2,14,Molise,Molise,305617,48353,15.82,0.3
305,2021-04-26,MOL,1146,515,631,7,0,0,1,3,108,215,800,10,2,817,329,ITF,ITF2,14,Molise,Molise,305617,49499,16.2,0.37
306,2021-02-08,MOL,334,141,193,206,39,85,0,3,0,0,0,0,1,216,118,ITF,ITF2,14,Molise,Molise,305617,49833,16.31,0.11
307,2021-05-08,MOL,2939,1435,1504,55,4,0,35,692,253,76,1767,42,15,1722,1217,ITF,ITF2,14,Molise,Molise,305617,52772,17.27,0.96
308,2021-02-01,MOL,562,201,361,301,144,111,1,1,0,0,0,0,4,14,548,ITF,ITF2,14,Molise,Molise,305617,53334,17.45,0.18
309,2021-03-28,MOL,1592,741,851,155,15,0,1,0,1,1185,233,1,1,490,1102,ITF,ITF2,14,Molise,Molise,305617,54926,17.97,0.52
310,2021-02-22,MOL,265,129,136,56,65,62,0,27,0,8,0,0,47,250,15,ITF,ITF2,14,Molise,Molise,305617,55191,18.06,0.09
311,2021-04-19,MOL,1824,842,982,18,5,51,7,16,663,254,764,24,22,1047,777,ITF,ITF2,14,Molise,Molise,305617,57015,18.66,0.6
312,2021-01-17,MOL,78,38,40,78,0,0,0,0,0,0,0,0,0,48,30,ITF,ITF2,14,Molise,Molise,305617,57093,18.68,0.03
313,2021-03-19,MOL,1184,482,702,32,1,9,248,2,4,727,155,2,4,757,427,ITF,ITF2,14,Molise,Molise,305617,58277,19.07,0.39
314,2021-01-29,MOL,421,136,285,227,23,109,3,12,0,0,0,0,47,6,415,ITF,ITF2,14,Molise,Molise,305617,58698,19.21,0.14
315,2021-03-29,MOL,2033,835,1198,108,8,5,525,4,55,514,775,22,17,1547,486,ITF,ITF2,14,Molise,Molise,305617,60731,19.87,0.67
316,2021-04-15,MOL,1896,777,1119,3,3,0,27,7,692,649,497,4,14,1058,838,ITF,ITF2,14,Molise,Molise,305617,62627,20.49,0.62
317,2021-03-18,MOL,1156,476,680,73,10,45,0,2,3,855,157,0,11,692,464,ITF,ITF2,14,Molise,Molise,305617,63783,20.87,0.38
318,2021-01-12,MOL,336,114,222,132,74,129,0,0,0,0,0,0,1,336,0,ITF,ITF2,14,Molise,Molise,305617,64119,20.98,0.11
319,2021-03-05,MOL,1219,649,570,322,5,0,73,9,2,618,0,151,39,1015,204,ITF,ITF2,14,Molise,Molise,305617,65338,21.38,0.4
320,2021-02-24,MOL,666,278,388,242,66,44,1,6,7,274,0,0,26,333,333,ITF,ITF2,14,Molise,Molise,305617,66004,21.6,0.22
321,2021-01-09,MOL,450,152,298,221,27,178,0,5,0,0,0,0,19,450,0,ITF,ITF2,14,Molise,Molise,305617,66454,21.74,0.15
322,2021-02-16,MOL,156,70,86,148,5,0,0,2,0,0,0,0,1,150,6,ITF,ITF2,14,Molise,Molise,305617,66610,21.8,0.05
323,2021-03-20,MOL,2320,968,1352,28,23,0,222,1,6,1857,147,21,15,999,1321,ITF,ITF2,14,Molise,Molise,305617,68930,22.55,0.76
324,2021-02-17,MOL,72,32,40,47,10,6,0,0,0,1,0,0,8,57,15,ITF,ITF2,14,Molise,Molise,305617,69002,22.58,0.02
325,2021-02-07,MOL,66,32,34,49,1,16,0,0,0,0,0,0,0,19,47,ITF,ITF2,14,Molise,Molise,305617,69068,22.6,0.02
326,2021-04-29,MOL,2225,1140,1085,108,2,2,7,8,148,158,1715,31,46,881,1344,ITF,ITF2,14,Molise,Molise,305617,71293,23.33,0.73
327,2021-03-25,MOL,1806,730,1076,53,4,18,493,3,10,832,269,107,17,1309,497,ITF,ITF2,14,Molise,Molise,305617,73099,23.92,0.59
328,2021-05-06,MOL,2552,1134,1418,245,35,29,26,962,351,141,696,28,39,1988,564,ITF,ITF2,14,Molise,Molise,305617,75651,24.75,0.84
329,2021-01-30,MOL,461,158,303,189,52,180,0,6,0,0,0,0,34,12,449,ITF,ITF2,14,Molise,Molise,305617,76112,24.9,0.15
330,2021-03-04,MOL,850,417,433,252,20,69,0,0,1,469,0,36,3,526,324,ITF,ITF2,14,Molise,Molise,305617,76962,25.18,0.28
331,2021-01-14,MOL,646,239,407,418,102,115,0,2,0,0,0,0,9,646,0,ITF,ITF2,14,Molise,Molise,305617,77608,25.39,0.21
332,2021-04-01,MOL,1454,662,792,27,18,21,20,0,2,720,578,62,6,729,725,ITF,ITF2,14,Molise,Molise,305617,79062,25.87,0.48
333,2021-04-25,MOL,787,393,394,2,1,0,0,0,218,62,504,0,0,558,229,ITF,ITF2,14,Molise,Molise,305617,79849,26.13,0.26
334,2021-01-16,MOL,420,166,254,270,16,127,0,1,0,0,0,0,6,420,0,ITF,ITF2,14,Molise,Molise,305617,80269,26.26,0.14
335,2021-04-03,MOL,1766,848,918,28,74,0,26,13,16,267,1323,7,12,1732,34,ITF,ITF2,14,Molise,Molise,305617,82035,26.84,0.58
336,2021-04-05,MOL,389,188,201,1,0,0,0,1,1,113,273,0,0,290,99,ITF,ITF2,14,Molise,Molise,305617,82424,26.97,0.13
337,2021-03-06,MOL,1728,807,921,156,18,0,0,2,4,1395,0,152,1,1569,159,ITF,ITF2,14,Molise,Molise,305617,84152,27.54,0.57
338,2021-03-03,MOL,672,316,356,63,4,48,127,0,0,385,0,45,0,590,82,ITF,ITF2,14,Molise,Molise,305617,84824,27.76,0.22
339,2021-01-06,MOL,689,260,429,456,26,171,0,1,2,21,0,0,12,689,0,ITF,ITF2,14,Molise,Molise,305617,85513,27.98,0.23
340,2021-04-30,MOL,2914,1542,1372,28,0,2,2,8,272,122,2466,0,14,828,2086,ITF,ITF2,14,Molise,Molise,305617,88427,28.93,0.95
341,2021-04-23,MOL,2047,880,1167,50,18,0,20,7,605,226,1106,11,4,1388,659,ITF,ITF2,14,Molise,Molise,305617,90474,29.6,0.67
342,2021-01-05,MOL,449,180,269,441,0,0,0,1,0,0,0,0,7,449,0,ITF,ITF2,14,Molise,Molise,305617,90923,29.75,0.15
343,2021-02-03,MOL,731,249,482,391,112,180,1,4,3,0,0,0,40,338,393,ITF,ITF2,14,Molise,Molise,305617,91654,29.99,0.24
344,2021-01-19,MOL,173,63,110,90,57,22,2,0,0,0,0,0,2,162,11,ITF,ITF2,14,Molise,Molise,305617,91827,30.05,0.06
345,2021-01-15,MOL,538,242,296,398,17,81,0,8,0,0,0,0,34,538,0,ITF,ITF2,14,Molise,Molise,305617,92365,30.22,0.18
346,2021-01-04,MOL,314,131,183,301,0,0,0,2,0,0,0,0,11,314,0,ITF,ITF2,14,Molise,Molise,305617,92679,30.33,0.1
347,2021-02-06,MOL,429,179,250,276,14,130,1,2,0,0,0,0,6,29,400,ITF,ITF2,14,Molise,Molise,305617,93108,30.47,0.14
348,2021-04-16,MOL,2411,1027,1384,56,5,11,8,7,693,738,880,7,6,1184,1227,ITF,ITF2,14,Molise,Molise,305617,95519,31.25,0.79
349,2021-04-09,MOL,2296,1240,1056,33,10,1,1,93,10,136,2004,2,6,2105,191,ITF,ITF2,14,Molise,Molise,305617,97815,32.01,0.75
350,2021-02-25,MOL,541,239,302,68,3,28,0,6,0,434,0,0,2,473,68,ITF,ITF2,14,Molise,Molise,305617,98356,32.18,0.18
351,2021-05-07,MOL,2445,1145,1300,97,28,4,23,602,434,66,1158,23,10,1932,513,ITF,ITF2,14,Molise,Molise,305617,100801,32.98,0.8
352,2021-03-08,MOL,1378,522,856,359,51,23,404,2,1,411,36,76,15,1238,140,ITF,ITF2,14,Molise,Molise,305617,102179,33.43,0.45
353,2021-05-02,MOL,1860,918,942,1,3,0,0,113,23,30,1649,1,40,565,1295,ITF,ITF2,14,Molise,Molise,305617,104039,34.04,0.61
354,2021-02-12,MOL,330,149,181,224,13,72,2,7,1,0,0,0,11,208,122,ITF,ITF2,14,Molise,Molise,305617,104369,34.15,0.11
355,2021-01-07,MOL,598,209,389,414,2,145,0,5,1,4,0,0,27,598,0,ITF,ITF2,14,Molise,Molise,305617,104967,34.35,0.2
356,2021-04-22,MOL,1834,858,976,12,2,6,5,19,753,338,681,8,10,1063,771,ITF,ITF2,14,Molise,Molise,305617,106801,34.95,0.6
357,2021-01-20,MOL,18,8,10,14,4,0,0,0,0,0,0,0,0,18,0,ITF,ITF2,14,Molise,Molise,305617,106819,34.95,0.01
358,2021-03-11,MOL,1463,636,827,42,2,14,499,4,2,699,12,185,4,1457,6,ITF,ITF2,14,Molise,Molise,305617,108282,35.43,0.48
359,2021-01-25,MOL,319,130,189,317,0,0,2,0,0,0,0,0,0,3,316,ITF,ITF2,14,Molise,Molise,305617,108601,35.53,0.1
360,2021-04-11,MOL,1149,581,568,0,5,0,0,1,1,48,1090,0,4,1136,13,ITF,ITF2,14,Molise,Molise,305617,109750,35.91,0.38
361,2021-01-11,MOL,557,194,363,196,243,111,0,1,0,0,0,0,6,557,0,ITF,ITF2,14,Molise,Molise,305617,110307,36.09,0.18
362,2021-02-04,MOL,758,295,463,502,95,141,1,3,0,0,0,0,16,77,681,ITF,ITF2,14,Molise,Molise,305617,111065,36.34,0.25
363,2021-04-07,MOL,1687,847,840,36,12,63,80,10,3,133,1315,29,6,1412,275,ITF,ITF2,14,Molise,Molise,305617,112752,36.89,0.55
364,2021-03-02,MOL,667,383,284,98,106,51,151,0,0,139,0,113,9,509,158,ITF,ITF2,14,Molise,Molise,305617,113419,37.11,0.22
365,2021-04-08,MOL,1754,900,854,105,15,8,35,5,3,195,1369,8,11,1553,201,ITF,ITF2,14,Molise,Molise,305617,115173,37.69,0.57
366,2021-03-31,MOL,2192,918,1274,202,13,32,263,10,18,826,707,96,25,1373,819,ITF,ITF2,14,Molise,Molise,305617,117365,38.4,0.72
367,2021-04-04,MOL,253,141,112,1,0,0,0,0,0,3,248,0,1,238,15,ITF,ITF2,14,Molise,Molise,305617,117618,38.49,0.08
368,2021-02-11,MOL,293,133,160,225,19,45,1,0,0,0,0,3,0,257,36,ITF,ITF2,14,Molise,Molise,305617,117911,38.58,0.1
369,2021-03-01,MOL,661,274,387,200,36,108,147,8,1,135,0,2,24,447,214,ITF,ITF2,14,Molise,Molise,305617,118572,38.8,0.22
370,2021-03-13,MOL,1189,594,595,29,5,6,0,5,4,981,6,151,2,200,989,ITF,ITF2,14,Molise,Molise,305617,119761,39.19,0.39
371,2021-03-26,MOL,2574,1045,1529,72,64,23,548,7,16,1014,747,70,13,1932,642,ITF,ITF2,14,Molise,Molise,305617,122335,40.03,0.84
372,2021-02-10,MOL,150,78,72,91,6,53,0,0,0,0,0,0,0,130,20,ITF,ITF2,14,Molise,Molise,305617,122485,40.08,0.05
373,2021-04-14,MOL,1785,760,1025,44,1,11,3,5,974,431,307,5,4,1133,652,ITF,ITF2,14,Molise,Molise,305617,124270,40.66,0.58
374,2021-02-15,MOL,144,70,74,117,10,15,0,0,0,0,0,0,2,141,3,ITF,ITF2,14,Molise,Molise,305617,124414,40.71,0.05
375,2021-02-20,MOL,1018,441,577,20,5,8,0,0,1,983,0,0,1,998,20,ITF,ITF2,14,Molise,Molise,305617,125432,41.04,0.33
376,2021-01-18,MOL,114,48,66,97,14,0,0,1,0,0,0,0,2,114,0,ITF,ITF2,14,Molise,Molise,305617,125546,41.08,0.04
377,2021-04-12,MOL,1259,547,712,17,2,1,0,12,945,88,188,1,5,1017,242,ITF,ITF2,14,Molise,Molise,305617,126805,41.49,0.41
378,2021-05-04,MOL,2697,1179,1518,17,4,1,2,863,494,121,1193,0,2,2570,127,ITF,ITF2,14,Molise,Molise,305617,129502,42.37,0.88
379,2021-02-13,MOL,132,80,52,129,3,0,0,0,0,0,0,0,0,132,0,ITF,ITF2,14,Molise,Molise,305617,129634,42.42,0.04
380,2021-05-10,MOL,785,365,420,14,0,0,3,421,146,33,162,5,1,735,50,ITF,ITF2,14,Molise,Molise,305617,130419,42.67,0.26
381,2021-01-27,MOL,674,251,423,436,12,209,1,10,0,0,0,1,5,8,666,ITF,ITF2,14,Molise,Molise,305617,131093,42.89,0.22
382,2021-02-26,MOL,563,260,303,42,7,3,55,9,1,406,1,0,39,490,73,ITF,ITF2,14,Molise,Molise,305617,131656,43.08,0.18
383,2021-03-09,MOL,1329,579,750,199,6,0,393,4,1,409,76,218,23,1177,152,ITF,ITF2,14,Molise,Molise,305617,132985,43.51,0.43
384,2021-03-27,MOL,2738,1272,1466,18,58,0,1,6,4,1908,717,23,3,1305,1433,ITF,ITF2,14,Molise,Molise,305617,135723,44.41,0.9
385,2021-04-02,MOL,1405,691,714,47,77,0,2,8,8,663,477,105,18,644,761,ITF,ITF2,14,Molise,Molise,305617,137128,44.87,0.46
386,2021-01-21,MOL,6,2,4,0,6,0,0,0,0,0,0,0,0,6,0,ITF,ITF2,14,Molise,Molise,305617,137134,44.87,0.0
387,2021-03-21,PUG,2689,1224,1465,462,32,13,285,0,5,1792,15,38,47,585,2104,ITF,ITF4,16,Puglia,Puglia,4029053,2689,0.07,0.07
388,2021-01-30,PUG,5526,2514,3012,4750,325,419,6,0,2,3,5,4,12,411,5115,ITF,ITF4,16,Puglia,Puglia,4029053,8215,0.2,0.14
389,2021-01-14,PUG,4067,1588,2479,3185,377,499,2,1,0,0,0,0,3,4067,0,ITF,ITF4,16,Puglia,Puglia,4029053,12282,0.3,0.1
390,2021-04-20,PUG,20771,9623,11148,493,208,121,92,1401,8981,3372,5809,76,218,17321,3450,ITF,ITF4,16,Puglia,Puglia,4029053,33053,0.82,0.52
391,2021-01-24,PUG,1669,749,920,1286,231,150,0,0,0,1,1,0,0,153,1516,ITF,ITF4,16,Puglia,Puglia,4029053,34722,0.86,0.04
392,2021-05-10,PUG,8464,3824,4640,63,60,19,609,2773,2066,393,2344,84,53,4296,4168,ITF,ITF4,16,Puglia,Puglia,4029053,43186,1.07,0.21
393,2021-03-05,PUG,17046,6789,10257,2311,827,274,7012,34,23,5336,18,1175,36,14882,2164,ITF,ITF4,16,Puglia,Puglia,4029053,60232,1.49,0.42
394,2021-03-15,PUG,11758,5615,6143,2091,647,116,682,24,30,7671,23,461,13,5262,6496,ITF,ITF4,16,Puglia,Puglia,4029053,71990,1.79,0.29
395,2021-05-06,PUG,37842,16491,21351,570,425,45,3815,6446,7084,3252,15069,625,511,18708,19134,ITF,ITF4,16,Puglia,Puglia,4029053,109832,2.73,0.94
396,2021-03-03,PUG,16613,6677,9936,2035,636,286,6710,5,6,5987,2,943,3,14722,1891,ITF,ITF4,16,Puglia,Puglia,4029053,126445,3.14,0.41
397,2021-03-07,PUG,4915,1940,2975,930,101,3,1853,4,4,1681,7,326,6,4344,571,ITF,ITF4,16,Puglia,Puglia,4029053,131360,3.26,0.12
398,2021-04-14,PUG,31672,14931,16741,626,219,39,83,4657,15209,4921,5485,123,310,28362,3310,ITF,ITF4,16,Puglia,Puglia,4029053,163032,4.05,0.79
399,2021-04-25,PUG,10921,5056,5865,184,87,43,145,919,3183,1119,5042,11,188,9770,1151,ITF,ITF4,16,Puglia,Puglia,4029053,173953,4.32,0.27
400,2021-01-13,PUG,4538,1730,2808,3973,329,231,2,1,0,0,0,0,2,4538,0,ITF,ITF4,16,Puglia,Puglia,4029053,178491,4.43,0.11
401,2021-04-19,PUG,27333,12683,14650,547,143,76,57,1994,14650,3257,6384,49,176,24292,3041,ITF,ITF4,16,Puglia,Puglia,4029053,205824,5.11,0.68
402,2021-02-23,PUG,9339,4416,4923,1789,362,168,1020,11,15,5554,1,400,19,8864,475,ITF,ITF4,16,Puglia,Puglia,4029053,215163,5.34,0.23
403,2021-04-26,PUG,25853,11834,14019,423,232,102,126,6470,8067,2756,7467,34,176,22588,3265,ITF,ITF4,16,Puglia,Puglia,4029053,241016,5.98,0.64
404,2021-02-12,PUG,4099,1629,2470,2938,443,690,5,0,0,5,5,10,3,3008,1091,ITF,ITF4,16,Puglia,Puglia,4029053,245115,6.08,0.1
405,2021-03-20,PUG,8237,3724,4513,1428,87,54,811,23,51,5649,43,70,21,3654,4583,ITF,ITF4,16,Puglia,Puglia,4029053,253352,6.29,0.2
406,2021-01-27,PUG,4576,1928,2648,3932,239,396,2,1,3,0,0,0,3,610,3966,ITF,ITF4,16,Puglia,Puglia,4029053,257928,6.4,0.11
407,2021-03-18,PUG,9396,4250,5146,1755,488,225,90,17,27,6690,44,40,20,3281,6115,ITF,ITF4,16,Puglia,Puglia,4029053,267324,6.63,0.23
408,2021-01-29,PUG,6192,2659,3533,5516,376,288,3,3,0,1,0,0,5,436,5756,ITF,ITF4,16,Puglia,Puglia,4029053,273516,6.79,0.15
409,2021-02-24,PUG,10026,4699,5327,1925,601,117,560,9,12,6410,0,375,17,9437,589,ITF,ITF4,16,Puglia,Puglia,4029053,283542,7.04,0.25
410,2021-02-13,PUG,3724,1454,2270,2885,517,290,7,0,2,5,0,18,0,3030,694,ITF,ITF4,16,Puglia,Puglia,4029053,287266,7.13,0.09
411,2021-05-08,PUG,50416,21280,29136,628,308,186,6122,10804,5668,4061,21340,521,778,22509,27907,ITF,ITF4,16,Puglia,Puglia,4029053,337682,8.38,1.25
412,2021-01-22,PUG,1409,578,831,878,154,373,1,0,0,1,1,0,1,991,418,ITF,ITF4,16,Puglia,Puglia,4029053,339091,8.42,0.03
413,2021-02-10,PUG,3641,1434,2207,2517,254,869,1,0,0,0,0,0,0,2131,1510,ITF,ITF4,16,Puglia,Puglia,4029053,342732,8.51,0.09
414,2021-05-07,PUG,46585,20803,25782,600,401,66,3287,12004,8106,3224,17573,681,643,24538,22047,ITF,ITF4,16,Puglia,Puglia,4029053,389317,9.66,1.16
415,2021-03-08,PUG,14663,6075,8588,2141,840,224,3944,13,9,6829,6,635,22,12268,2395,ITF,ITF4,16,Puglia,Puglia,4029053,403980,10.03,0.36
416,2021-01-09,PUG,4876,2247,2629,4322,255,247,1,5,1,4,5,0,36,4876,0,ITF,ITF4,16,Puglia,Puglia,4029053,408856,10.15,0.12
417,2021-01-21,PUG,2131,903,1228,1431,167,528,0,0,1,2,0,0,2,1271,860,ITF,ITF4,16,Puglia,Puglia,4029053,410987,10.2,0.05
418,2021-02-15,PUG,3254,1268,1986,2249,527,454,3,0,1,1,1,7,11,2634,620,ITF,ITF4,16,Puglia,Puglia,4029053,414241,10.28,0.08
419,2021-03-19,PUG,7947,3646,4301,1761,279,70,260,13,20,5382,74,66,22,3406,4541,ITF,ITF4,16,Puglia,Puglia,4029053,422188,10.48,0.2
420,2021-03-29,PUG,12838,5987,6851,1595,587,241,1129,35,140,7961,672,409,69,6119,6719,ITF,ITF4,16,Puglia,Puglia,4029053,435026,10.8,0.32
421,2021-03-13,PUG,10370,4094,6276,2157,279,131,3322,7,12,4129,46,255,32,8641,1729,ITF,ITF4,16,Puglia,Puglia,4029053,445396,11.05,0.26
422,2021-03-17,PUG,10277,4683,5594,1793,464,64,70,29,39,7682,39,51,46,4174,6103,ITF,ITF4,16,Puglia,Puglia,4029053,455673,11.31,0.26
423,2021-01-28,PUG,5465,2271,3194,4782,339,327,3,3,0,0,0,6,5,472,4993,ITF,ITF4,16,Puglia,Puglia,4029053,461138,11.45,0.14
424,2021-04-11,PUG,16376,7223,9153,331,87,14,119,368,1015,5456,8868,17,101,14720,1656,ITF,ITF4,16,Puglia,Puglia,4029053,477514,11.85,0.41
425,2021-02-26,PUG,13679,5016,8663,2128,681,298,4670,10,9,5228,18,614,23,12650,1029,ITF,ITF4,16,Puglia,Puglia,4029053,491193,12.19,0.34
426,2021-01-04,PUG,4503,2012,2491,4397,88,11,1,0,0,0,0,0,6,4503,0,ITF,ITF4,16,Puglia,Puglia,4029053,495696,12.3,0.11
427,2021-03-02,PUG,16295,6048,10247,1399,665,113,8175,17,17,4352,5,1539,13,14989,1306,ITF,ITF4,16,Puglia,Puglia,4029053,511991,12.71,0.4
428,2021-01-19,PUG,1221,452,769,531,113,577,0,0,0,0,0,0,0,1211,10,ITF,ITF4,16,Puglia,Puglia,4029053,513212,12.74,0.03
429,2021-04-07,PUG,15075,6654,8421,1083,440,129,363,184,560,8682,3245,145,244,8464,6611,ITF,ITF4,16,Puglia,Puglia,4029053,528287,13.11,0.37
430,2021-01-23,PUG,3038,1293,1745,2524,176,309,1,3,6,14,0,0,5,886,2152,ITF,ITF4,16,Puglia,Puglia,4029053,531325,13.19,0.08
431,2021-02-03,PUG,5032,2003,3029,4366,476,185,3,2,0,0,0,0,0,730,4302,ITF,ITF4,16,Puglia,Puglia,4029053,536357,13.31,0.12
432,2021-04-08,PUG,17333,7524,9809,1030,329,181,506,217,817,9700,4305,88,160,11208,6125,ITF,ITF4,16,Puglia,Puglia,4029053,553690,13.74,0.43
433,2021-01-18,PUG,1846,770,1076,1183,215,445,0,0,0,1,0,1,1,1497,349,ITF,ITF4,16,Puglia,Puglia,4029053,555536,13.79,0.05
434,2021-01-06,PUG,3942,1664,2278,3313,224,372,0,11,1,0,0,0,21,3942,0,ITF,ITF4,16,Puglia,Puglia,4029053,559478,13.89,0.1
435,2021-03-06,PUG,15902,5941,9961,2176,472,99,7049,16,14,5469,25,567,15,13834,2068,ITF,ITF4,16,Puglia,Puglia,4029053,575380,14.28,0.39
436,2021-01-08,PUG,5586,2342,3244,4874,373,328,3,0,0,0,3,4,1,5586,0,ITF,ITF4,16,Puglia,Puglia,4029053,580966,14.42,0.14
437,2021-03-01,PUG,15050,5842,9208,1974,724,83,5148,7,15,6182,4,891,22,13680,1370,ITF,ITF4,16,Puglia,Puglia,4029053,596016,14.79,0.37
438,2021-04-30,PUG,33844,15108,18736,805,419,194,160,4028,8129,6986,12545,120,458,22133,11711,ITF,ITF4,16,Puglia,Puglia,4029053,629860,15.63,0.84
439,2020-12-31,PUG,1635,782,853,1549,38,44,3,0,1,0,0,0,0,1635,0,ITF,ITF4,16,Puglia,Puglia,4029053,631495,15.67,0.04
440,2021-04-22,PUG,22621,10328,12293,779,279,215,115,1825,9121,4155,5801,56,275,17767,4854,ITF,ITF4,16,Puglia,Puglia,4029053,654116,16.23,0.56
441,2021-02-09,PUG,3839,1569,2270,2533,661,622,6,2,3,9,1,0,2,2167,1672,ITF,ITF4,16,Puglia,Puglia,4029053,657955,16.33,0.1
442,2021-03-27,PUG,12097,5675,6422,970,592,71,1372,35,90,7561,1114,216,76,6953,5144,ITF,ITF4,16,Puglia,Puglia,4029053,670052,16.63,0.3
443,2021-02-28,PUG,5960,1796,4164,559,136,26,3489,6,3,1543,1,194,3,5774,186,ITF,ITF4,16,Puglia,Puglia,4029053,676012,16.78,0.15
444,2021-03-26,PUG,11437,5336,6101,1612,919,287,1340,38,119,6465,98,442,117,6793,4644,ITF,ITF4,16,Puglia,Puglia,4029053,687449,17.06,0.28
445,2021-01-31,PUG,1808,825,983,1502,103,198,2,1,0,2,0,0,0,73,1735,ITF,ITF4,16,Puglia,Puglia,4029053,689257,17.11,0.04
446,2021-04-04,PUG,5937,2953,2984,98,25,7,48,29,46,285,5323,26,50,5931,6,ITF,ITF4,16,Puglia,Puglia,4029053,695194,17.25,0.15
447,2021-04-05,PUG,12681,6164,6517,57,59,4,30,59,240,943,11207,12,70,12147,534,ITF,ITF4,16,Puglia,Puglia,4029053,707875,17.57,0.31
448,2021-01-11,PUG,3751,1588,2163,3223,336,175,2,4,0,0,0,6,5,3751,0,ITF,ITF4,16,Puglia,Puglia,4029053,711626,17.66,0.09
449,2021-01-20,PUG,1546,541,1005,781,125,627,0,0,3,9,0,0,1,1538,8,ITF,ITF4,16,Puglia,Puglia,4029053,713172,17.7,0.04
450,2021-01-02,PUG,2948,1300,1648,2829,91,23,4,0,0,0,0,0,1,2948,0,ITF,ITF4,16,Puglia,Puglia,4029053,716120,17.77,0.07
451,2021-02-21,PUG,2176,472,1704,537,73,49,1460,1,5,32,0,12,7,2115,61,ITF,ITF4,16,Puglia,Puglia,4029053,718296,17.83,0.05
452,2021-01-16,PUG,2507,1033,1474,1682,300,518,1,1,1,0,0,0,4,2507,0,ITF,ITF4,16,Puglia,Puglia,4029053,720803,17.89,0.06
453,2021-02-02,PUG,4339,1843,2496,3629,389,317,3,1,0,0,0,0,0,593,3746,ITF,ITF4,16,Puglia,Puglia,4029053,725142,18.0,0.11
454,2021-03-11,PUG,14348,6181,8167,2914,933,515,3678,5,7,5277,8,991,20,11243,3105,ITF,ITF4,16,Puglia,Puglia,4029053,739490,18.35,0.36
455,2021-01-15,PUG,4552,1866,2686,3599,369,558,4,2,0,1,1,13,5,4552,0,ITF,ITF4,16,Puglia,Puglia,4029053,744042,18.47,0.11
456,2021-04-01,PUG,13476,6147,7329,1246,453,221,1037,86,329,8073,1576,320,135,7137,6339,ITF,ITF4,16,Puglia,Puglia,4029053,757518,18.8,0.33
457,2021-04-18,PUG,22448,10734,11714,81,39,4,9,4046,9380,1438,7233,12,206,21379,1069,ITF,ITF4,16,Puglia,Puglia,4029053,779966,19.36,0.56
458,2020-12-27,PUG,509,252,257,440,6,63,0,0,0,0,0,0,0,509,0,ITF,ITF4,16,Puglia,Puglia,4029053,780475,19.37,0.01
459,2021-02-17,PUG,4270,1745,2525,2479,1182,598,1,0,1,2,1,1,5,3669,601,ITF,ITF4,16,Puglia,Puglia,4029053,784745,19.48,0.11
460,2021-04-21,PUG,22947,10592,12355,681,241,60,377,1968,12324,2779,4265,115,137,19200,3747,ITF,ITF4,16,Puglia,Puglia,4029053,807692,20.05,0.57
461,2021-05-04,PUG,34122,14383,19739,610,226,61,3969,5330,9266,3159,10873,312,316,17954,16168,ITF,ITF4,16,Puglia,Puglia,4029053,841814,20.89,0.85
462,2021-05-09,PUG,28095,11395,16700,134,196,17,5720,7077,2886,1880,9571,97,517,13382,14713,ITF,ITF4,16,Puglia,Puglia,4029053,869909,21.59,0.7
463,2021-03-23,PUG,10396,4990,5406,1851,414,51,991,29,44,6095,52,744,125,3934,6462,ITF,ITF4,16,Puglia,Puglia,4029053,880305,21.85,0.26
464,2021-03-24,PUG,12965,5975,6990,1908,628,192,1544,29,58,7921,84,497,104,5713,7252,ITF,ITF4,16,Puglia,Puglia,4029053,893270,22.17,0.32
465,2021-04-27,PUG,26228,11860,14368,653,262,232,237,5228,7459,4191,7622,64,280,20732,5496,ITF,ITF4,16,Puglia,Puglia,4029053,919498,22.82,0.65
466,2021-04-24,PUG,28805,13116,15689,551,292,91,74,2477,11229,3601,10012,33,445,24861,3944,ITF,ITF4,16,Puglia,Puglia,4029053,948303,23.54,0.71
467,2021-02-16,PUG,3378,1451,1927,2154,740,412,2,7,0,5,0,16,42,2734,644,ITF,ITF4,16,Puglia,Puglia,4029053,951681,23.62,0.08
468,2021-03-14,PUG,3313,1428,1885,957,89,107,1001,28,10,976,9,43,93,2503,810,ITF,ITF4,16,Puglia,Puglia,4029053,954994,23.7,0.08
469,2021-04-02,PUG,12532,5739,6793,894,398,298,695,121,647,7485,1489,193,312,8013,4519,ITF,ITF4,16,Puglia,Puglia,4029053,967526,24.01,0.31
470,2021-01-12,PUG,4209,1769,2440,3636,343,218,5,2,3,1,0,0,1,4209,0,ITF,ITF4,16,Puglia,Puglia,4029053,971735,24.12,0.1
471,2021-01-25,PUG,3821,1678,2143,3471,170,169,1,1,0,2,1,0,6,423,3398,ITF,ITF4,16,Puglia,Puglia,4029053,975556,24.21,0.09
472,2021-04-12,PUG,28921,13623,15298,504,239,29,158,2184,14784,4843,5815,152,213,26096,2825,ITF,ITF4,16,Puglia,Puglia,4029053,1004477,24.93,0.72
473,2021-01-01,PUG,146,60,86,145,1,0,0,0,0,0,0,0,0,146,0,ITF,ITF4,16,Puglia,Puglia,4029053,1004623,24.93,0.0
474,2021-03-04,PUG,15044,5869,9175,1536,589,325,6296,20,15,4777,5,1452,29,13656,1388,ITF,ITF4,16,Puglia,Puglia,4029053,1019667,25.31,0.37
475,2021-02-11,PUG,3699,1402,2297,2577,391,725,2,0,0,0,0,0,4,2422,1277,ITF,ITF4,16,Puglia,Puglia,4029053,1023366,25.4,0.09
476,2021-04-29,PUG,25424,11745,13679,549,383,127,71,3011,9055,4109,7772,33,314,18826,6598,ITF,ITF4,16,Puglia,Puglia,4029053,1048790,26.03,0.63
477,2021-03-09,PUG,13157,5742,7415,1870,713,225,3543,16,10,5628,7,1090,55,11159,1998,ITF,ITF4,16,Puglia,Puglia,4029053,1061947,26.36,0.33
478,2021-03-12,PUG,13914,6103,7811,3282,1136,432,3026,9,16,5006,9,986,12,9990,3924,ITF,ITF4,16,Puglia,Puglia,4029053,1075861,26.7,0.35
479,2021-01-07,PUG,5714,2455,3259,5218,263,217,3,4,0,0,2,7,0,5714,0,ITF,ITF4,16,Puglia,Puglia,4029053,1081575,26.84,0.14
480,2021-02-22,PUG,9621,4527,5094,1440,650,140,318,14,19,6809,5,215,11,9289,332,ITF,ITF4,16,Puglia,Puglia,4029053,1091196,27.08,0.24
481,2021-02-08,PUG,3993,1611,2382,2966,605,389,1,1,0,1,1,26,3,1598,2395,ITF,ITF4,16,Puglia,Puglia,4029053,1095189,27.18,0.1
482,2021-02-01,PUG,3963,1658,2305,3445,287,208,5,4,0,0,0,6,8,375,3588,ITF,ITF4,16,Puglia,Puglia,4029053,1099152,27.28,0.1
483,2021-02-20,PUG,2968,1079,1889,2113,236,168,426,0,1,9,1,4,10,2712,256,ITF,ITF4,16,Puglia,Puglia,4029053,1102120,27.35,0.07
484,2021-04-10,PUG,30490,12953,17537,635,236,122,282,618,1594,11802,14808,149,244,26323,4167,ITF,ITF4,16,Puglia,Puglia,4029053,1132610,28.11,0.76
485,2021-02-05,PUG,5633,2272,3361,4571,512,526,6,0,0,0,0,14,4,1331,4302,ITF,ITF4,16,Puglia,Puglia,4029053,1138243,28.25,0.14
486,2021-03-22,PUG,9345,4550,4795,614,368,12,1071,12,38,6753,49,362,66,3700,5645,ITF,ITF4,16,Puglia,Puglia,4029053,1147588,28.48,0.23
487,2021-02-27,PUG,14131,4786,9345,1587,656,181,6185,14,8,5120,17,350,13,12951,1180,ITF,ITF4,16,Puglia,Puglia,4029053,1161719,28.83,0.35
488,2021-05-05,PUG,37679,16480,21199,456,215,98,3679,11585,5911,3179,11523,711,322,23891,13788,ITF,ITF4,16,Puglia,Puglia,4029053,1199398,29.77,0.94
489,2021-01-17,PUG,1308,590,718,818,154,336,0,0,0,0,0,0,0,1239,69,ITF,ITF4,16,Puglia,Puglia,4029053,1200706,29.8,0.03
490,2021-03-31,PUG,14028,6346,7682,1789,564,177,811,30,189,8642,1346,371,109,8475,5553,ITF,ITF4,16,Puglia,Puglia,4029053,1214734,30.15,0.35
491,2021-02-04,PUG,5897,2357,3540,4444,792,653,6,0,0,0,1,0,1,1167,4730,ITF,ITF4,16,Puglia,Puglia,4029053,1220631,30.3,0.15
492,2021-02-06,PUG,4510,1916,2594,3493,484,527,3,0,1,0,0,0,2,1589,2921,ITF,ITF4,16,Puglia,Puglia,4029053,1225141,30.41,0.11
493,2021-04-16,PUG,35484,16673,18811,694,285,135,211,4926,14893,4588,9325,100,327,32196,3288,ITF,ITF4,16,Puglia,Puglia,4029053,1260625,31.29,0.88
494,2021-02-18,PUG,4375,1845,2530,2712,961,680,2,1,1,5,1,11,1,3772,603,ITF,ITF4,16,Puglia,Puglia,4029053,1265000,31.4,0.11
495,2021-05-02,PUG,21009,9536,11473,94,93,17,39,3928,4803,3487,8222,20,306,13833,7176,ITF,ITF4,16,Puglia,Puglia,4029053,1286009,31.92,0.52
496,2021-04-03,PUG,10468,4589,5879,919,236,135,541,121,364,5418,2429,18,287,6922,3546,ITF,ITF4,16,Puglia,Puglia,4029053,1296477,32.18,0.26
497,2021-03-28,PUG,3523,1650,1873,638,151,47,119,6,11,2016,520,3,12,1198,2325,ITF,ITF4,16,Puglia,Puglia,4029053,1300000,32.27,0.09
498,2021-04-06,PUG,13362,5908,7454,749,378,162,221,88,507,8458,2579,131,89,6741,6621,ITF,ITF4,16,Puglia,Puglia,4029053,1313362,32.6,0.33
499,2021-04-15,PUG,32053,14946,17107,558,225,77,121,4285,13222,5124,8009,96,336,28559,3494,ITF,ITF4,16,Puglia,Puglia,4029053,1345415,33.39,0.8
500,2021-03-10,PUG,14378,6234,8144,2592,1081,355,3083,6,33,6545,7,655,21,11262,3116,ITF,ITF4,16,Puglia,Puglia,4029053,1359793,33.75,0.36
501,2021-04-17,PUG,39427,18669,20758,523,170,87,181,4759,13020,5045,15084,84,474,35844,3583,ITF,ITF4,16,Puglia,Puglia,4029053,1399220,34.73,0.98
502,2021-04-28,PUG,19477,8722,10755,334,164,93,85,2241,7629,3216,5551,56,108,14779,4698,ITF,ITF4,16,Puglia,Puglia,4029053,1418697,35.21,0.48
503,2021-02-19,PUG,4729,2010,2719,3065,1189,389,7,2,1,2,0,49,25,4338,391,ITF,ITF4,16,Puglia,Puglia,4029053,1423426,35.33,0.12
504,2021-02-14,PUG,785,348,437,682,32,70,1,0,0,0,0,0,0,662,123,ITF,ITF4,16,Puglia,Puglia,4029053,1424211,35.35,0.02
505,2021-04-09,PUG,21725,9323,12402,1113,546,170,418,474,1165,9781,7587,146,325,17109,4616,ITF,ITF4,16,Puglia,Puglia,4029053,1445936,35.89,0.54
506,2021-03-16,PUG,9859,4682,5177,2200,554,91,40,21,23,6634,130,143,23,3502,6357,ITF,ITF4,16,Puglia,Puglia,4029053,1455795,36.13,0.24
507,2021-01-03,PUG,2007,943,1064,1818,38,145,1,1,1,0,3,0,0,2007,0,ITF,ITF4,16,Puglia,Puglia,4029053,1457802,36.18,0.05
508,2021-02-25,PUG,11928,5042,6886,1746,763,420,2418,19,15,5784,2,727,34,10771,1157,ITF,ITF4,16,Puglia,Puglia,4029053,1469730,36.48,0.3
509,2021-05-03,PUG,32867,14681,18186,471,321,188,1450,11357,6033,3479,9234,80,254,22258,10609,ITF,ITF4,16,Puglia,Puglia,4029053,1502597,37.29,0.82
510,2021-04-13,PUG,28478,13508,14970,659,251,58,118,4551,10815,5319,6227,122,358,25085,3393,ITF,ITF4,16,Puglia,Puglia,4029053,1531075,38.0,0.71
511,2021-01-26,PUG,5359,2396,2963,4851,269,232,0,2,1,1,0,0,3,571,4788,ITF,ITF4,16,Puglia,Puglia,4029053,1536434,38.13,0.13
512,2021-01-05,PUG,5101,2248,2853,4785,178,98,4,9,9,5,0,0,13,5101,0,ITF,ITF4,16,Puglia,Puglia,4029053,1541535,38.26,0.13
513,2021-01-10,PUG,2349,1061,1288,2038,106,202,0,2,0,0,1,0,0,2349,0,ITF,ITF4,16,Puglia,Puglia,4029053,1543884,38.32,0.06
514,2021-03-30,PUG,11835,5487,6348,1333,493,266,960,47,166,7130,1013,372,55,5969,5866,ITF,ITF4,16,Puglia,Puglia,4029053,1555719,38.61,0.29
515,2020-12-30,PUG,1,0,1,1,0,0,0,0,0,0,0,0,0,1,0,ITF,ITF4,16,Puglia,Puglia,4029053,1555720,38.61,0.0
516,2021-03-25,PUG,10872,5277,5595,1270,671,184,658,22,50,7197,59,675,86,4648,6224,ITF,ITF4,16,Puglia,Puglia,4029053,1566592,38.88,0.27
517,2021-04-23,PUG,28742,13355,15387,644,241,190,104,2451,12953,4501,7060,196,402,23738,5004,ITF,ITF4,16,Puglia,Puglia,4029053,1595334,39.6,0.71
518,2021-02-07,PUG,1578,669,909,1039,227,309,1,0,2,0,0,0,0,253,1325,ITF,ITF4,16,Puglia,Puglia,4029053,1596912,39.63,0.04
519,2021-05-01,PUG,27009,12393,14616,175,160,95,27,3356,5449,3954,13391,15,387,16462,10547,ITF,ITF4,16,Puglia,Puglia,4029053,1623921,40.31,0.67
520,2021-02-28,LOM,7884,3255,4629,1106,761,76,31,594,199,4343,0,88,686,7668,216,ITC,ITC4,3,Lombardia,Lombardia,10060574,7884,0.08,0.08
521,2021-03-19,LOM,32394,12896,19498,2748,1934,1418,3009,69,115,22451,350,158,142,19215,13179,ITC,ITC4,3,Lombardia,Lombardia,10060574,40278,0.4,0.32
522,2021-02-15,LOM,8913,3119,5794,6034,1677,1071,9,12,9,29,4,31,37,8492,421,ITC,ITC4,3,Lombardia,Lombardia,10060574,49191,0.49,0.09
523,2021-02-18,LOM,14039,4926,9113,6164,1880,1593,28,13,18,3438,3,859,43,13012,1027,ITC,ITC4,3,Lombardia,Lombardia,10060574,63230,0.63,0.14
524,2021-01-08,LOM,12664,3910,8754,9964,2236,376,0,17,9,6,1,0,55,12664,0,ITC,ITC4,3,Lombardia,Lombardia,10060574,75894,0.75,0.13
525,2021-04-06,LOM,42991,17541,25450,2178,1931,685,4532,281,557,27994,4393,128,312,25042,17949,ITC,ITC4,3,Lombardia,Lombardia,10060574,118885,1.18,0.43
526,2020-12-30,LOM,114,42,72,106,7,0,0,0,0,0,0,0,1,114,0,ITC,ITC4,3,Lombardia,Lombardia,10060574,118999,1.18,0.0
527,2021-03-28,LOM,20418,7782,12636,2017,1291,115,3875,197,427,11349,1008,34,105,14255,6163,ITC,ITC4,3,Lombardia,Lombardia,10060574,139417,1.39,0.2
528,2020-12-31,LOM,713,300,413,657,56,0,0,0,0,0,0,0,0,713,0,ITC,ITC4,3,Lombardia,Lombardia,10060574,140130,1.39,0.01
529,2021-02-09,LOM,12285,3344,8941,5753,2258,4128,4,16,5,79,4,2,36,4113,8172,ITC,ITC4,3,Lombardia,Lombardia,10060574,152415,1.51,0.12
530,2021-02-21,LOM,5052,1862,3190,1766,910,57,3,2,14,2234,2,42,22,5034,18,ITC,ITC4,3,Lombardia,Lombardia,10060574,157467,1.57,0.05
531,2021-04-02,LOM,41025,16787,24238,2553,1825,1166,4639,539,2172,24629,3026,130,346,26638,14387,ITC,ITC4,3,Lombardia,Lombardia,10060574,198492,1.97,0.41
532,2021-01-12,LOM,19859,6616,13243,13439,4542,1631,0,20,13,102,2,1,109,19859,0,ITC,ITC4,3,Lombardia,Lombardia,10060574,218351,2.17,0.2
533,2021-01-01,LOM,24,7,17,24,0,0,0,0,0,0,0,0,0,24,0,ITC,ITC4,3,Lombardia,Lombardia,10060574,218375,2.17,0.0
534,2021-03-16,LOM,25473,10111,15362,3316,1463,1459,76,311,249,18138,28,17,416,16417,9056,ITC,ITC4,3,Lombardia,Lombardia,10060574,243848,2.42,0.25
535,2021-04-20,LOM,67552,30791,36761,1158,587,744,568,8885,34196,11039,9578,232,565,57244,10308,ITC,ITC4,3,Lombardia,Lombardia,10060574,311400,3.1,0.67
536,2021-01-21,LOM,5341,1569,3772,3024,1211,1025,0,8,4,7,1,0,61,4652,689,ITC,ITC4,3,Lombardia,Lombardia,10060574,316741,3.15,0.05
537,2021-03-15,LOM,31568,11333,20235,4691,2871,882,8319,273,376,13103,8,637,408,23050,8518,ITC,ITC4,3,Lombardia,Lombardia,10060574,348309,3.46,0.31
538,2021-02-19,LOM,14112,5368,8744,5572,1752,1153,16,22,42,4543,2,929,81,13433,679,ITC,ITC4,3,Lombardia,Lombardia,10060574,362421,3.6,0.14
539,2021-05-10,LOM,30543,14919,15624,979,267,76,91,9526,7504,820,9579,563,1138,19449,11094,ITC,ITC4,3,Lombardia,Lombardia,10060574,392964,3.91,0.3
540,2021-04-28,LOM,95240,43502,51738,1406,654,781,315,23421,28632,23139,15882,310,700,68555,26685,ITC,ITC4,3,Lombardia,Lombardia,10060574,488204,4.85,0.95
541,2021-01-22,LOM,3098,864,2234,1582,619,874,0,2,3,13,0,0,5,3028,70,ITC,ITC4,3,Lombardia,Lombardia,10060574,491302,4.88,0.03
542,2021-03-12,LOM,35232,12947,22285,5134,3225,1507,7381,184,278,16072,10,1114,327,25027,10205,ITC,ITC4,3,Lombardia,Lombardia,10060574,526534,5.23,0.35
543,2021-02-08,LOM,10079,2918,7161,5324,2252,2405,4,5,2,53,4,0,30,2139,7940,ITC,ITC4,3,Lombardia,Lombardia,10060574,536613,5.33,0.1
544,2021-04-22,LOM,73405,33189,40216,1190,704,1140,438,11023,31867,15470,10851,185,537,57170,16235,ITC,ITC4,3,Lombardia,Lombardia,10060574,610018,6.06,0.73
545,2021-03-10,LOM,33220,12724,20496,6907,3854,2102,5479,429,302,12092,9,1608,438,25369,7851,ITC,ITC4,3,Lombardia,Lombardia,10060574,643238,6.39,0.33
546,2021-05-07,LOM,90252,42931,47321,3359,890,624,475,31871,18579,5017,24839,1103,3495,69215,21037,ITC,ITC4,3,Lombardia,Lombardia,10060574,733490,7.29,0.9
547,2021-03-08,LOM,29734,11168,18566,6595,2985,1160,4622,423,212,11767,10,1613,347,22671,7063,ITC,ITC4,3,Lombardia,Lombardia,10060574,763224,7.59,0.3
548,2021-04-17,LOM,48070,21137,26933,521,203,287,383,426,28583,11609,5793,125,140,37304,10766,ITC,ITC4,3,Lombardia,Lombardia,10060574,811294,8.06,0.48
549,2021-04-18,LOM,36300,16200,20100,262,115,72,142,235,25855,5661,3745,99,114,31073,5227,ITC,ITC4,3,Lombardia,Lombardia,10060574,847594,8.42,0.36
550,2021-03-17,LOM,26206,10469,15737,2533,1418,1969,44,73,110,19588,175,45,251,15242,10964,ITC,ITC4,3,Lombardia,Lombardia,10060574,873800,8.69,0.26
551,2021-02-04,LOM,27644,8069,19575,15831,5866,5659,0,11,1,199,4,7,66,1963,25681,ITC,ITC4,3,Lombardia,Lombardia,10060574,901444,8.96,0.27
552,2021-03-31,LOM,41865,16945,24920,2598,1888,1472,6195,403,1820,24079,2833,150,427,26722,15143,ITC,ITC4,3,Lombardia,Lombardia,10060574,943309,9.38,0.42
553,2021-04-21,LOM,71498,32451,39047,1051,482,722,346,10506,32413,14578,10799,178,423,56931,14567,ITC,ITC4,3,Lombardia,Lombardia,10060574,1014807,10.09,0.71
554,2021-02-17,LOM,11966,3744,8222,7641,2229,1950,10,7,9,40,6,38,36,10577,1389,ITC,ITC4,3,Lombardia,Lombardia,10060574,1026773,10.21,0.12
555,2020-12-27,LOM,717,413,304,615,46,14,0,13,7,1,1,0,20,717,0,ITC,ITC4,3,Lombardia,Lombardia,10060574,1027490,10.21,0.01
556,2021-04-19,LOM,60084,27342,32742,1168,445,447,480,3372,34727,9988,8798,177,482,50675,9409,ITC,ITC4,3,Lombardia,Lombardia,10060574,1087574,10.81,0.6
557,2021-04-24,LOM,75305,33396,41909,669,368,88,166,12523,29504,21286,10014,278,409,54356,20949,ITC,ITC4,3,Lombardia,Lombardia,10060574,1162879,11.56,0.75
558,2021-05-08,LOM,84742,39595,45147,1701,514,58,597,29818,17680,5046,24119,1082,4127,65197,19545,ITC,ITC4,3,Lombardia,Lombardia,10060574,1247621,12.4,0.84
559,2021-04-05,LOM,27379,11693,15686,545,572,70,703,196,326,23744,1105,28,90,19270,8109,ITC,ITC4,3,Lombardia,Lombardia,10060574,1275000,12.67,0.27
560,2021-02-01,LOM,16054,5316,10738,11676,3377,903,1,3,3,45,3,1,42,305,15749,ITC,ITC4,3,Lombardia,Lombardia,10060574,1291054,12.83,0.16
561,2021-01-31,LOM,9746,3763,5983,7577,2043,87,0,2,2,7,3,2,23,34,9712,ITC,ITC4,3,Lombardia,Lombardia,10060574,1300800,12.93,0.1
562,2021-01-28,LOM,12192,3693,8499,9203,1859,971,1,11,5,29,2,1,110,780,11412,ITC,ITC4,3,Lombardia,Lombardia,10060574,1312992,13.05,0.12
563,2021-01-03,LOM,853,316,537,744,89,4,0,0,0,1,1,0,14,853,0,ITC,ITC4,3,Lombardia,Lombardia,10060574,1313845,13.06,0.01
564,2021-01-04,LOM,6075,2097,3978,4993,736,173,0,22,4,11,0,0,136,6075,0,ITC,ITC4,3,Lombardia,Lombardia,10060574,1319920,13.12,0.06
565,2021-01-19,LOM,8102,2348,5754,4045,1773,2169,0,9,5,67,4,1,29,7628,474,ITC,ITC4,3,Lombardia,Lombardia,10060574,1328022,13.2,0.08
566,2021-02-25,LOM,15187,6296,8891,2981,1339,1294,10,39,86,8100,4,1251,83,13640,1547,ITC,ITC4,3,Lombardia,Lombardia,10060574,1343209,13.35,0.15
567,2021-02-03,LOM,25577,7908,17669,15603,5634,4100,1,17,9,144,6,8,55,1153,24424,ITC,ITC4,3,Lombardia,Lombardia,10060574,1368786,13.61,0.25
568,2021-02-14,LOM,3578,1546,2032,2750,623,42,10,5,1,3,2,0,142,2944,634,ITC,ITC4,3,Lombardia,Lombardia,10060574,1372364,13.64,0.04
569,2021-02-27,LOM,13944,5868,8076,2090,1235,568,48,208,309,8312,7,1124,43,13302,642,ITC,ITC4,3,Lombardia,Lombardia,10060574,1386308,13.78,0.14
570,2021-03-18,LOM,27416,10954,16462,2205,1209,1547,100,65,161,21448,503,50,128,16189,11227,ITC,ITC4,3,Lombardia,Lombardia,10060574,1413724,14.05,0.27
571,2021-05-03,LOM,83388,39639,43749,1742,494,297,746,31546,23726,4304,19017,284,1232,71417,11971,ITC,ITC4,3,Lombardia,Lombardia,10060574,1497112,14.88,0.83
572,2021-05-01,LOM,95210,43367,51843,685,513,72,308,28099,24008,24917,14358,336,1914,66595,28615,ITC,ITC4,3,Lombardia,Lombardia,10060574,1592322,15.83,0.95
573,2021-02-07,LOM,7251,2805,4446,5584,1320,293,5,5,2,18,0,3,21,340,6911,ITC,ITC4,3,Lombardia,Lombardia,10060574,1599573,15.9,0.07
574,2021-04-13,LOM,47853,21378,26475,947,646,706,956,538,25216,13451,4964,129,300,33788,14065,ITC,ITC4,3,Lombardia,Lombardia,10060574,1647426,16.38,0.48
575,2020-12-28,LOM,107,47,60,105,2,0,0,0,0,0,0,0,0,107,0,ITC,ITC4,3,Lombardia,Lombardia,10060574,1647533,16.38,0.0
576,2021-03-07,LOM,12005,5342,6663,3012,2099,82,707,261,333,4628,2,672,209,9446,2559,ITC,ITC4,3,Lombardia,Lombardia,10060574,1659538,16.5,0.12
577,2021-03-25,LOM,42517,15872,26645,3457,2237,1428,10845,231,769,21231,1665,318,336,30008,12509,ITC,ITC4,3,Lombardia,Lombardia,10060574,1702055,16.92,0.42
578,2021-03-30,LOM,39436,15461,23975,2777,1928,1167,6914,262,414,22342,2866,223,543,24684,14752,ITC,ITC4,3,Lombardia,Lombardia,10060574,1741491,17.31,0.39
579,2021-01-26,LOM,8338,2711,5627,6651,1337,223,0,22,4,27,0,0,74,336,8002,ITC,ITC4,3,Lombardia,Lombardia,10060574,1749829,17.39,0.08
580,2021-03-04,LOM,29384,12136,17248,7056,2497,2142,376,1623,1848,11148,6,2052,636,20256,9128,ITC,ITC4,3,Lombardia,Lombardia,10060574,1779213,17.69,0.29
581,2021-01-17,LOM,8292,3329,4963,5555,750,244,0,169,55,72,6,5,1436,8091,201,ITC,ITC4,3,Lombardia,Lombardia,10060574,1787505,17.77,0.08
582,2021-02-05,LOM,25587,7429,18158,14466,6215,4524,7,19,11,260,2,2,81,2382,23205,ITC,ITC4,3,Lombardia,Lombardia,10060574,1813092,18.02,0.25
583,2021-03-24,LOM,43263,15605,27658,2985,2447,1502,12497,413,750,20417,1264,563,425,31423,11840,ITC,ITC4,3,Lombardia,Lombardia,10060574,1856355,18.45,0.43
584,2021-04-10,LOM,51967,21522,30445,874,858,315,1465,509,2951,38749,5932,61,253,40173,11794,ITC,ITC4,3,Lombardia,Lombardia,10060574,1908322,18.97,0.52
585,2021-03-22,LOM,40271,14278,25993,2520,2361,896,12170,255,193,20486,542,533,315,29747,10524,ITC,ITC4,3,Lombardia,Lombardia,10060574,1948593,19.37,0.4
586,2021-03-23,LOM,42417,15371,27046,2254,2329,1310,12510,430,584,21316,770,405,509,29635,12782,ITC,ITC4,3,Lombardia,Lombardia,10060574,1991010,19.79,0.42
587,2021-01-24,LOM,1201,459,742,832,136,36,0,8,2,1,1,0,185,537,664,ITC,ITC4,3,Lombardia,Lombardia,10060574,1992211,19.8,0.01
588,2021-05-09,LOM,68887,32582,36305,1727,729,18,359,28221,12503,1042,20431,144,3713,56309,12578,ITC,ITC4,3,Lombardia,Lombardia,10060574,2061098,20.49,0.68
589,2021-01-30,LOM,12323,4570,7753,9911,2119,161,1,18,2,8,1,1,101,174,12149,ITC,ITC4,3,Lombardia,Lombardia,10060574,2073421,20.61,0.12
590,2021-04-26,LOM,87765,40865,46900,623,363,319,383,22158,30873,18517,13703,205,621,68661,19104,ITC,ITC4,3,Lombardia,Lombardia,10060574,2161186,21.48,0.87
591,2021-04-01,LOM,42693,17123,25570,2719,2085,1277,5749,823,1630,25106,2761,135,408,26689,16004,ITC,ITC4,3,Lombardia,Lombardia,10060574,2203879,21.91,0.42
592,2021-01-05,LOM,7817,2565,5252,6271,1207,173,0,29,4,8,0,0,125,7817,0,ITC,ITC4,3,Lombardia,Lombardia,10060574,2211696,21.98,0.08
593,2021-04-15,LOM,49222,21786,27436,1109,640,1073,653,278,25698,12754,6708,97,212,35423,13799,ITC,ITC4,3,Lombardia,Lombardia,10060574,2260918,22.47,0.49
594,2021-03-27,LOM,32278,12302,19976,1973,2424,323,6664,406,610,18266,1186,71,355,23675,8603,ITC,ITC4,3,Lombardia,Lombardia,10060574,2293196,22.79,0.32
595,2021-03-01,LOM,18778,8224,10554,2719,1182,930,29,554,321,10845,3,1656,539,17073,1705,ITC,ITC4,3,Lombardia,Lombardia,10060574,2311974,22.98,0.19
596,2021-02-22,LOM,11892,4807,7085,4235,1468,1027,28,13,22,4066,4,966,63,11584,308,ITC,ITC4,3,Lombardia,Lombardia,10060574,2323866,23.1,0.12
597,2021-01-18,LOM,9156,2968,6188,5197,1962,1852,0,16,13,54,5,2,55,8175,981,ITC,ITC4,3,Lombardia,Lombardia,10060574,2333022,23.19,0.09
598,2021-04-03,LOM,36170,14838,21332,961,963,86,2241,1004,1547,27490,1654,80,144,26113,10057,ITC,ITC4,3,Lombardia,Lombardia,10060574,2369192,23.55,0.36
599,2021-01-16,LOM,15359,5706,9653,8617,1384,1505,0,556,211,227,5,3,2851,15359,0,ITC,ITC4,3,Lombardia,Lombardia,10060574,2384551,23.7,0.15
600,2021-03-06,LOM,21313,9085,12228,4764,2181,451,1357,1898,1306,7524,7,1147,678,16800,4513,ITC,ITC4,3,Lombardia,Lombardia,10060574,2405864,23.91,0.21
601,2021-01-06,LOM,7059,2490,4569,5848,1106,38,2,24,1,0,0,0,40,7059,0,ITC,ITC4,3,Lombardia,Lombardia,10060574,2412923,23.98,0.07
602,2021-04-30,LOM,116426,54475,61951,1725,731,774,1094,32504,27538,20744,28410,455,2451,89435,26991,ITC,ITC4,3,Lombardia,Lombardia,10060574,2529349,25.14,1.16
603,2021-03-20,LOM,32509,12150,20359,1991,2349,524,7861,155,140,18459,544,322,164,22658,9851,ITC,ITC4,3,Lombardia,Lombardia,10060574,2561858,25.46,0.32
604,2021-04-09,LOM,52101,22255,29846,2237,1906,1257,3038,261,2336,34076,6446,97,447,36119,15982,ITC,ITC4,3,Lombardia,Lombardia,10060574,2613959,25.98,0.52
605,2021-01-29,LOM,13438,4114,9324,10487,2325,573,0,5,3,9,1,0,35,655,12783,ITC,ITC4,3,Lombardia,Lombardia,10060574,2627397,26.12,0.13
606,2021-05-04,LOM,86284,40890,45394,1891,539,336,362,34157,21525,4406,21155,258,1655,72283,14001,ITC,ITC4,3,Lombardia,Lombardia,10060574,2713681,26.97,0.86
607,2021-02-24,LOM,14668,5924,8744,3595,1500,1787,24,36,44,6321,0,1203,158,13744,924,ITC,ITC4,3,Lombardia,Lombardia,10060574,2728349,27.12,0.15
608,2021-02-16,LOM,9539,3085,6454,5848,2209,1395,19,13,4,10,7,8,26,9084,455,ITC,ITC4,3,Lombardia,Lombardia,10060574,2737888,27.21,0.09
609,2021-01-09,LOM,12409,4572,7837,9526,2122,196,0,60,12,6,0,1,486,12409,0,ITC,ITC4,3,Lombardia,Lombardia,10060574,2750297,27.34,0.12
610,2021-01-07,LOM,11714,3622,8092,8964,1794,786,1,14,8,34,2,1,110,11714,0,ITC,ITC4,3,Lombardia,Lombardia,10060574,2762011,27.45,0.12
611,2021-03-29,LOM,40001,15508,24493,2997,2154,455,8608,221,471,21747,2708,209,431,25181,14820,ITC,ITC4,3,Lombardia,Lombardia,10060574,2802012,27.85,0.4
612,2021-02-20,LOM,9431,3895,5536,4299,1020,225,4,24,37,2919,2,864,37,9132,299,ITC,ITC4,3,Lombardia,Lombardia,10060574,2811443,27.95,0.09
613,2021-04-11,LOM,32144,13925,18219,967,543,437,1215,230,714,23142,4018,795,83,24758,7386,ITC,ITC4,3,Lombardia,Lombardia,10060574,2843587,28.26,0.32
614,2021-03-21,LOM,23575,8549,15026,1086,1632,441,9131,114,207,9738,198,756,272,18314,5261,ITC,ITC4,3,Lombardia,Lombardia,10060574,2867162,28.5,0.23
615,2021-04-04,LOM,7616,3231,4385,204,263,68,206,199,347,5879,361,9,80,3718,3898,ITC,ITC4,3,Lombardia,Lombardia,10060574,2874778,28.57,0.08
616,2020-12-29,LOM,104,44,60,103,1,0,0,0,0,0,0,0,0,104,0,ITC,ITC4,3,Lombardia,Lombardia,10060574,2874882,28.58,0.0
617,2021-03-05,LOM,28981,11943,17038,7242,3081,1556,424,1294,2142,11074,16,1980,172,20580,8401,ITC,ITC4,3,Lombardia,Lombardia,10060574,2903863,28.86,0.29
618,2021-02-26,LOM,18354,7549,10805,3331,1716,1183,24,66,40,10579,7,1339,69,16506,1848,ITC,ITC4,3,Lombardia,Lombardia,10060574,2922217,29.05,0.18
619,2021-03-26,LOM,41105,15590,25515,2730,2218,834,8659,252,552,22708,2464,256,432,28090,13015,ITC,ITC4,3,Lombardia,Lombardia,10060574,2963322,29.45,0.41
620,2021-04-25,LOM,51204,23513,27691,422,143,12,287,10015,26869,4701,8311,154,290,46703,4501,ITC,ITC4,3,Lombardia,Lombardia,10060574,3014526,29.96,0.51
621,2021-02-10,LOM,14390,4503,9887,8534,2364,3336,6,25,17,79,1,3,25,7572,6818,ITC,ITC4,3,Lombardia,Lombardia,10060574,3028916,30.11,0.14
622,2021-04-27,LOM,85632,39866,45766,1095,457,288,356,22994,29393,14582,15556,308,603,69185,16447,ITC,ITC4,3,Lombardia,Lombardia,10060574,3114548,30.96,0.85
623,2021-01-10,LOM,10518,3957,6561,8175,2197,85,1,4,1,12,5,2,36,10518,0,ITC,ITC4,3,Lombardia,Lombardia,10060574,3125066,31.06,0.1
624,2021-03-03,LOM,26903,11491,15412,6404,1783,1799,471,1269,1901,10199,11,2031,1035,19630,7273,ITC,ITC4,3,Lombardia,Lombardia,10060574,3151969,31.33,0.27
625,2021-02-23,LOM,11772,4791,6981,3960,1411,877,3,20,31,4312,1,991,166,11464,308,ITC,ITC4,3,Lombardia,Lombardia,10060574,3163741,31.45,0.12
626,2021-01-13,LOM,26216,8009,18207,15798,5796,4193,1,28,14,197,4,3,182,26216,0,ITC,ITC4,3,Lombardia,Lombardia,10060574,3189957,31.71,0.26
627,2021-03-14,LOM,14875,5348,9527,1520,1746,80,5450,99,117,5274,2,413,174,11589,3286,ITC,ITC4,3,Lombardia,Lombardia,10060574,3204832,31.86,0.15
628,2021-04-23,LOM,73324,33263,40061,1402,607,710,348,12270,30461,15361,11461,237,467,56829,16495,ITC,ITC4,3,Lombardia,Lombardia,10060574,3278156,32.58,0.73
629,2021-04-14,LOM,47037,20981,26056,931,742,671,786,295,24959,12435,5921,86,211,34080,12957,ITC,ITC4,3,Lombardia,Lombardia,10060574,3325193,33.05,0.47
630,2021-01-25,LOM,7024,2372,4652,5632,941,218,0,26,3,15,0,0,189,489,6535,ITC,ITC4,3,Lombardia,Lombardia,10060574,3332217,33.12,0.07
631,2021-02-12,LOM,13946,4355,9591,8116,2724,2957,3,7,8,102,3,5,21,9028,4918,ITC,ITC4,3,Lombardia,Lombardia,10060574,3346163,33.26,0.14
632,2021-01-27,LOM,8045,2677,5368,6205,1338,434,2,22,3,1,0,0,40,821,7224,ITC,ITC4,3,Lombardia,Lombardia,10060574,3354208,33.34,0.08
633,2021-03-09,LOM,33231,12845,20386,6078,4095,2389,5482,434,352,12531,10,1464,396,25809,7422,ITC,ITC4,3,Lombardia,Lombardia,10060574,3387439,33.67,0.33
634,2021-02-06,LOM,15251,5527,9724,9855,3034,1897,3,42,13,75,2,1,329,1068,14183,ITC,ITC4,3,Lombardia,Lombardia,10060574,3402690,33.82,0.15
635,2021-05-05,LOM,87221,41684,45537,2314,574,398,343,33920,17993,4195,22308,232,4944,72490,14731,ITC,ITC4,3,Lombardia,Lombardia,10060574,3489911,34.69,0.87
636,2021-02-13,LOM,6414,2441,3973,4178,1466,709,4,7,6,17,3,4,20,4937,1477,ITC,ITC4,3,Lombardia,Lombardia,10060574,3496325,34.75,0.06
637,2021-04-16,LOM,53548,23880,29668,1745,723,1021,463,385,28452,13459,6979,114,207,39262,14286,ITC,ITC4,3,Lombardia,Lombardia,10060574,3549873,35.28,0.53
638,2021-04-12,LOM,47167,20549,26618,1147,903,504,1678,312,24482,13782,4085,76,198,32858,14309,ITC,ITC4,3,Lombardia,Lombardia,10060574,3597040,35.75,0.47
639,2021-01-02,LOM,199,72,127,178,16,0,0,1,0,0,0,0,4,199,0,ITC,ITC4,3,Lombardia,Lombardia,10060574,3597239,35.76,0.0
640,2021-02-02,LOM,19848,6583,13265,13499,4508,1687,1,6,4,76,0,7,60,491,19357,ITC,ITC4,3,Lombardia,Lombardia,10060574,3617087,35.95,0.2
641,2021-01-20,LOM,5581,1365,4216,2744,1177,1558,0,14,6,61,0,0,21,5466,115,ITC,ITC4,3,Lombardia,Lombardia,10060574,3622668,36.01,0.06
642,2021-05-02,LOM,83447,38318,45129,779,368,36,468,23645,19769,18583,17782,288,1729,61050,22397,ITC,ITC4,3,Lombardia,Lombardia,10060574,3706115,36.84,0.83
643,2021-01-15,LOM,25134,7419,17715,13799,5912,4737,9,54,24,316,3,2,278,25134,0,ITC,ITC4,3,Lombardia,Lombardia,10060574,3731249,37.09,0.25
644,2021-03-11,LOM,36191,13460,22731,5875,3536,2192,6670,225,298,15633,9,1295,458,26294,9897,ITC,ITC4,3,Lombardia,Lombardia,10060574,3767440,37.45,0.36
645,2021-01-11,LOM,16036,5329,10707,11823,3367,701,2,9,5,44,1,1,83,16036,0,ITC,ITC4,3,Lombardia,Lombardia,10060574,3783476,37.61,0.16
646,2021-05-06,LOM,88337,41705,46632,2283,725,374,346,33147,17873,4177,24350,244,4818,72792,15545,ITC,ITC4,3,Lombardia,Lombardia,10060574,3871813,38.49,0.88
647,2021-03-02,LOM,22814,9692,13122,3193,1454,2200,130,1113,378,11264,8,1843,1231,19780,3034,ITC,ITC4,3,Lombardia,Lombardia,10060574,3894627,38.71,0.23
648,2021-04-07,LOM,50464,20854,29610,1738,1437,1187,2473,280,1911,36793,4201,69,375,34692,15772,ITC,ITC4,3,Lombardia,Lombardia,10060574,3945091,39.21,0.5
649,2021-01-23,LOM,1114,357,757,644,259,138,0,8,6,1,0,0,58,916,198,ITC,ITC4,3,Lombardia,Lombardia,10060574,3946205,39.22,0.01
650,2021-04-08,LOM,52160,21689,30471,2249,1365,921,1565,285,2255,37513,5441,69,497,35712,16448,ITC,ITC4,3,Lombardia,Lombardia,10060574,3998365,39.74,0.52
651,2021-02-11,LOM,17042,5002,12040,9764,3335,3872,6,3,2,33,1,4,22,9698,7344,ITC,ITC4,3,Lombardia,Lombardia,10060574,4015407,39.91,0.17
652,2021-04-29,LOM,114885,53390,61495,2096,748,629,413,30922,28543,24529,24649,306,2050,85389,29496,ITC,ITC4,3,Lombardia,Lombardia,10060574,4130292,41.05,1.14
653,2021-01-14,LOM,26727,7770,18957,15204,5577,5458,2,34,14,249,3,1,185,26727,0,ITC,ITC4,3,Lombardia,Lombardia,10060574,4157019,41.32,0.27
654,2021-03-13,LOM,27118,9753,17365,3751,2789,264,8141,222,682,10340,15,639,275,21061,6057,ITC,ITC4,3,Lombardia,Lombardia,10060574,4184137,41.59,0.27
655,2021-01-04,TOS,5065,1894,3171,4100,29,933,0,0,0,0,0,0,3,5065,0,ITI,ITI1,9,Toscana,Toscana,3729641,5065,0.14,0.14
656,2021-03-11,TOS,15488,5990,9498,2440,907,270,12,0,7,10325,1293,217,17,12168,3320,ITI,ITI1,9,Toscana,Toscana,3729641,20553,0.55,0.42
657,2021-03-03,TOS,18189,6507,11682,3324,1083,135,3446,2,0,9186,1,1002,10,14583,3606,ITI,ITI1,9,Toscana,Toscana,3729641,38742,1.04,0.49
658,2021-02-20,TOS,4641,1790,2851,3350,1038,203,18,0,0,17,0,15,0,4128,513,ITI,ITI1,9,Toscana,Toscana,3729641,43383,1.16,0.12
659,2021-01-19,TOS,1104,531,573,392,220,491,0,0,0,0,0,0,1,1104,0,ITI,ITI1,9,Toscana,Toscana,3729641,44487,1.19,0.03
660,2021-03-18,TOS,9967,3980,5987,438,562,280,3,2,3,7795,871,7,6,6005,3962,ITI,ITI1,9,Toscana,Toscana,3729641,54454,1.46,0.27
661,2021-04-25,TOS,11041,5244,5797,242,101,61,15,32,6267,389,3923,5,6,8904,2137,ITI,ITI1,9,Toscana,Toscana,3729641,65495,1.76,0.3
662,2021-02-13,TOS,7782,2359,5423,3667,574,163,2,0,2,0,0,186,3188,7555,227,ITI,ITI1,9,Toscana,Toscana,3729641,73277,1.96,0.21
663,2021-04-05,TOS,15279,6823,8456,27,52,0,35,12,13541,257,1328,4,23,14542,737,ITI,ITI1,9,Toscana,Toscana,3729641,88556,2.37,0.41
664,2021-04-23,TOS,25547,11378,14169,347,245,113,6,167,485,16472,7551,13,148,9257,16290,ITI,ITI1,9,Toscana,Toscana,3729641,114103,3.06,0.68
665,2021-02-01,TOS,5508,1958,3550,4485,403,616,0,0,0,0,0,0,4,520,4988,ITI,ITI1,9,Toscana,Toscana,3729641,119611,3.21,0.15
666,2021-02-25,TOS,10632,4304,6328,1078,1634,259,3199,0,1,3232,5,1220,4,9634,998,ITI,ITI1,9,Toscana,Toscana,3729641,130243,3.49,0.29
667,2021-01-03,TOS,3335,1051,2284,2564,9,762,0,0,0,0,0,0,0,3335,0,ITI,ITI1,9,Toscana,Toscana,3729641,133578,3.58,0.09
668,2021-02-06,TOS,4527,1550,2977,3725,574,227,0,0,0,0,0,0,1,1294,3233,ITI,ITI1,9,Toscana,Toscana,3729641,138105,3.7,0.12
669,2021-01-22,TOS,2866,1064,1802,2026,81,758,0,0,0,0,1,0,0,528,2338,ITI,ITI1,9,Toscana,Toscana,3729641,140971,3.78,0.08
670,2021-02-12,TOS,7606,2683,4923,3742,380,188,0,0,1,3,0,402,2890,7393,213,ITI,ITI1,9,Toscana,Toscana,3729641,148577,3.98,0.2
671,2021-05-07,TOS,30322,13925,16397,507,330,103,2806,2855,1994,7954,12919,474,380,11715,18607,ITI,ITI1,9,Toscana,Toscana,3729641,178899,4.8,0.81
672,2021-04-17,TOS,20488,9186,11302,601,388,83,1,22,7391,5920,6052,8,22,18367,2121,ITI,ITI1,9,Toscana,Toscana,3729641,199387,5.35,0.55
673,2021-03-08,TOS,6368,2629,3739,4062,747,191,8,0,0,66,965,327,2,1550,4818,ITI,ITI1,9,Toscana,Toscana,3729641,205755,5.52,0.17
674,2021-04-13,TOS,8484,3504,4980,251,462,265,5,35,54,5548,1822,30,12,6027,2457,ITI,ITI1,9,Toscana,Toscana,3729641,214239,5.74,0.23
675,2021-02-26,TOS,10075,3832,6243,1556,1653,298,3562,0,0,1816,2,1188,0,8869,1206,ITI,ITI1,9,Toscana,Toscana,3729641,224314,6.01,0.27
676,2021-04-22,TOS,35656,15274,20382,317,500,139,6,123,7342,20431,6660,15,123,18229,17427,ITI,ITI1,9,Toscana,Toscana,3729641,259970,6.97,0.96
677,2021-05-02,TOS,11146,4917,6229,38,21,2,2,56,6821,1720,2448,12,26,9195,1951,ITI,ITI1,9,Toscana,Toscana,3729641,271116,7.27,0.3
678,2021-02-03,TOS,4221,1452,2769,3475,239,505,0,0,0,1,0,0,1,241,3980,ITI,ITI1,9,Toscana,Toscana,3729641,275337,7.38,0.11
679,2021-04-16,TOS,28901,12865,16036,523,523,92,2,65,6606,15188,5830,22,50,22012,6889,ITI,ITI1,9,Toscana,Toscana,3729641,304238,8.16,0.77
680,2021-01-23,TOS,3949,1354,2595,2936,170,841,0,0,0,0,0,0,2,640,3309,ITI,ITI1,9,Toscana,Toscana,3729641,308187,8.26,0.11
681,2021-03-22,TOS,4881,2443,2438,221,367,380,314,27,2418,474,466,139,75,4438,443,ITI,ITI1,9,Toscana,Toscana,3729641,313068,8.39,0.13
682,2021-04-08,TOS,29640,12526,17114,264,319,206,5,63,1784,23689,3234,17,59,23266,6374,ITI,ITI1,9,Toscana,Toscana,3729641,342708,9.19,0.79
683,2021-03-30,TOS,16853,7490,9363,212,168,250,113,13,4545,8532,2736,219,65,13290,3563,ITI,ITI1,9,Toscana,Toscana,3729641,359561,9.64,0.45
684,2021-01-24,TOS,3349,1073,2276,2602,35,709,0,0,0,1,0,0,2,201,3148,ITI,ITI1,9,Toscana,Toscana,3729641,362910,9.73,0.09
685,2021-03-25,TOS,23597,10120,13477,225,313,406,711,46,2777,16114,2662,268,75,15274,8323,ITI,ITI1,9,Toscana,Toscana,3729641,386507,10.36,0.63
686,2021-03-02,TOS,10600,3799,6801,3171,986,154,3512,0,0,1851,0,922,4,7156,3444,ITI,ITI1,9,Toscana,Toscana,3729641,397107,10.65,0.28
687,2021-01-14,TOS,3254,1179,2075,2459,475,320,0,0,0,0,0,0,0,3254,0,ITI,ITI1,9,Toscana,Toscana,3729641,400361,10.73,0.09
688,2021-05-06,TOS,30616,13341,17275,309,510,40,1715,332,3841,12078,11299,116,376,14062,16554,ITI,ITI1,9,Toscana,Toscana,3729641,430977,11.56,0.82
689,2021-04-19,TOS,9084,4500,4584,636,245,74,7,24,378,509,7206,2,3,8057,1027,ITI,ITI1,9,Toscana,Toscana,3729641,440061,11.8,0.24
690,2021-02-15,TOS,8770,3375,5395,4538,922,216,1138,0,0,56,0,801,1099,7945,825,ITI,ITI1,9,Toscana,Toscana,3729641,448831,12.03,0.24
691,2021-03-19,TOS,10136,4456,5680,641,442,303,35,22,2644,5283,712,13,41,7274,2862,ITI,ITI1,9,Toscana,Toscana,3729641,458967,12.31,0.27
692,2021-03-04,TOS,17561,6708,10853,2816,953,274,3694,2,8,8237,597,976,4,14479,3082,ITI,ITI1,9,Toscana,Toscana,3729641,476528,12.78,0.47
693,2021-01-17,TOS,2535,871,1664,2002,293,240,0,0,0,0,0,0,0,2022,513,ITI,ITI1,9,Toscana,Toscana,3729641,479063,12.84,0.07
694,2021-04-26,TOS,10117,4925,5192,117,272,72,4,47,4250,205,5102,7,41,7576,2541,ITI,ITI1,9,Toscana,Toscana,3729641,489180,13.12,0.27
695,2021-04-14,TOS,20111,8309,11802,398,406,122,1,34,146,16663,2290,10,41,15021,5090,ITI,ITI1,9,Toscana,Toscana,3729641,509291,13.66,0.54
696,2021-04-29,TOS,39303,17698,21605,304,330,150,14,97,13130,19425,5735,19,99,19214,20089,ITI,ITI1,9,Toscana,Toscana,3729641,548594,14.71,1.05
697,2021-03-28,TOS,6198,2800,3398,37,26,145,89,22,2401,893,2545,22,18,5944,254,ITI,ITI1,9,Toscana,Toscana,3729641,554792,14.88,0.17
698,2021-04-02,TOS,31914,13515,18399,298,65,370,6,15,8605,19834,2554,117,50,23896,8018,ITI,ITI1,9,Toscana,Toscana,3729641,586706,15.73,0.86
699,2021-04-03,TOS,15009,6643,8366,101,64,99,13,16,6585,4914,3181,10,26,13883,1126,ITI,ITI1,9,Toscana,Toscana,3729641,601715,16.13,0.4
700,2021-02-18,TOS,8817,3285,5532,2924,1447,230,3142,0,0,214,0,860,0,7923,894,ITI,ITI1,9,Toscana,Toscana,3729641,610532,16.37,0.24
701,2021-03-15,TOS,8356,3331,5025,3214,1609,404,2281,0,2,36,325,482,3,3914,4442,ITI,ITI1,9,Toscana,Toscana,3729641,618888,16.59,0.22
702,2021-01-15,TOS,3878,1347,2531,2758,674,444,0,0,0,0,0,0,2,3878,0,ITI,ITI1,9,Toscana,Toscana,3729641,622766,16.7,0.1
703,2021-05-10,TOS,7890,3828,4062,140,72,10,86,2229,1231,310,3680,94,38,4603,3287,ITI,ITI1,9,Toscana,Toscana,3729641,630656,16.91,0.21
704,2021-05-04,TOS,18170,8158,10012,370,424,60,11,125,3755,3804,9414,89,118,12812,5358,ITI,ITI1,9,Toscana,Toscana,3729641,648826,17.4,0.49
705,2021-01-21,TOS,1589,686,903,579,220,790,0,0,0,0,0,0,0,867,722,ITI,ITI1,9,Toscana,Toscana,3729641,650415,17.44,0.04
706,2021-03-27,TOS,8825,4122,4703,114,71,243,198,17,3197,2074,2840,51,20,8610,215,ITI,ITI1,9,Toscana,Toscana,3729641,659240,17.68,0.24
707,2021-03-20,TOS,6489,2882,3607,914,563,165,34,4,3576,773,423,27,10,5354,1135,ITI,ITI1,9,Toscana,Toscana,3729641,665729,17.85,0.17
708,2021-02-17,TOS,8173,3168,5005,3464,1122,249,2485,0,0,218,0,635,0,7422,751,ITI,ITI1,9,Toscana,Toscana,3729641,673902,18.07,0.22
709,2021-04-09,TOS,24506,10536,13970,242,121,220,3,42,94,20292,3437,17,38,21108,3398,ITI,ITI1,9,Toscana,Toscana,3729641,698408,18.73,0.66
710,2021-02-23,TOS,7720,3324,4396,1490,1512,204,2831,0,0,510,1,1170,2,7559,161,ITI,ITI1,9,Toscana,Toscana,3729641,706128,18.93,0.21
711,2021-02-24,TOS,10371,4466,5905,81,1513,301,2947,0,0,4141,0,1383,5,10170,201,ITI,ITI1,9,Toscana,Toscana,3729641,716499,19.21,0.28
712,2021-03-07,TOS,5647,2356,3291,3103,642,123,774,0,0,15,417,573,0,2105,3542,ITI,ITI1,9,Toscana,Toscana,3729641,722146,19.36,0.15
713,2021-01-13,TOS,4062,1398,2664,3308,348,404,0,0,0,0,0,0,2,4062,0,ITI,ITI1,9,Toscana,Toscana,3729641,726208,19.47,0.11
714,2021-02-16,TOS,9278,3339,5939,5084,952,188,2323,0,0,10,0,720,1,8557,721,ITI,ITI1,9,Toscana,Toscana,3729641,735486,19.72,0.25
715,2021-04-04,TOS,13910,6601,7309,17,20,1,52,14,12885,173,723,5,20,13657,253,ITI,ITI1,9,Toscana,Toscana,3729641,749396,20.09,0.37
716,2021-03-01,TOS,4472,1733,2739,3192,597,137,25,0,0,9,1,509,2,832,3640,ITI,ITI1,9,Toscana,Toscana,3729641,753868,20.21,0.12
717,2021-04-18,TOS,8324,4079,4245,427,217,68,2,25,678,1412,5464,4,27,7328,996,ITI,ITI1,9,Toscana,Toscana,3729641,762192,20.44,0.22
718,2021-01-07,TOS,6018,1751,4267,5308,29,680,0,0,0,0,0,0,1,6018,0,ITI,ITI1,9,Toscana,Toscana,3729641,768210,20.6,0.16
719,2021-03-31,TOS,32564,13126,19438,279,111,277,3699,64,2643,23405,1481,451,154,20409,12155,ITI,ITI1,9,Toscana,Toscana,3729641,800774,21.47,0.87
720,2021-01-09,TOS,4485,1596,2889,3780,143,560,0,0,0,1,0,0,1,4485,0,ITI,ITI1,9,Toscana,Toscana,3729641,805259,21.59,0.12
721,2021-02-28,TOS,1649,667,982,1111,202,78,9,0,0,0,0,249,0,922,727,ITI,ITI1,9,Toscana,Toscana,3729641,806908,21.64,0.04
722,2021-04-24,TOS,13203,6054,7149,123,129,84,4,77,309,6597,5806,2,72,5789,7414,ITI,ITI1,9,Toscana,Toscana,3729641,820111,21.99,0.35
723,2021-01-31,TOS,3049,1129,1920,2465,133,448,0,0,0,1,0,0,2,106,2943,ITI,ITI1,9,Toscana,Toscana,3729641,823160,22.07,0.08
724,2021-04-01,TOS,26884,11097,15787,248,114,304,6,5,30,24562,1402,159,54,16284,10600,ITI,ITI1,9,Toscana,Toscana,3729641,850044,22.79,0.72
725,2021-02-21,TOS,5105,2089,3016,3666,1220,195,9,0,0,2,0,13,0,4935,170,ITI,ITI1,9,Toscana,Toscana,3729641,855149,22.93,0.14
726,2021-01-16,TOS,3271,1046,2225,2493,538,240,0,0,0,0,0,0,0,3271,0,ITI,ITI1,9,Toscana,Toscana,3729641,858420,23.02,0.09
727,2021-02-04,TOS,4253,1594,2659,3168,623,456,0,0,0,5,0,0,1,961,3292,ITI,ITI1,9,Toscana,Toscana,3729641,862673,23.13,0.11
728,2021-03-26,TOS,20382,9148,11234,251,326,214,333,27,3493,11884,3664,145,45,14637,5745,ITI,ITI1,9,Toscana,Toscana,3729641,883055,23.68,0.55
729,2021-04-06,TOS,22164,9770,12394,806,405,136,1626,124,10038,5663,2912,175,279,18451,3713,ITI,ITI1,9,Toscana,Toscana,3729641,905219,24.27,0.59
730,2021-01-28,TOS,6282,1883,4399,5427,64,788,0,0,0,1,0,0,2,354,5928,ITI,ITI1,9,Toscana,Toscana,3729641,911501,24.44,0.17
731,2021-01-10,TOS,3001,1104,1897,2432,134,431,0,1,0,0,0,0,3,3001,0,ITI,ITI1,9,Toscana,Toscana,3729641,914502,24.52,0.08
732,2021-01-20,TOS,1331,637,694,435,255,640,0,0,0,0,0,0,1,1083,248,ITI,ITI1,9,Toscana,Toscana,3729641,915833,24.56,0.04
733,2021-04-07,TOS,35621,15292,20329,310,595,98,20,57,11343,19889,3102,81,126,28387,7234,ITI,ITI1,9,Toscana,Toscana,3729641,951454,25.51,0.96
734,2021-01-11,TOS,5094,1691,3403,4362,209,522,0,0,0,0,0,0,1,5094,0,ITI,ITI1,9,Toscana,Toscana,3729641,956548,25.65,0.14
735,2021-04-12,TOS,2608,1180,1428,168,440,225,6,4,13,381,1365,4,2,1955,653,ITI,ITI1,9,Toscana,Toscana,3729641,959156,25.72,0.07
736,2021-01-25,TOS,5126,1896,3230,4160,54,909,0,0,0,1,0,0,2,249,4877,ITI,ITI1,9,Toscana,Toscana,3729641,964282,25.85,0.14
737,2021-04-11,TOS,3639,1677,1962,62,87,99,4,7,67,1671,1638,0,4,3484,155,ITI,ITI1,9,Toscana,Toscana,3729641,967921,25.95,0.1
738,2021-03-09,TOS,10599,4096,6503,4806,907,180,11,2,3,3302,1163,222,3,5047,5552,ITI,ITI1,9,Toscana,Toscana,3729641,978520,26.24,0.28
739,2021-02-27,TOS,1951,729,1222,1352,311,132,19,0,0,1,0,135,1,1049,902,ITI,ITI1,9,Toscana,Toscana,3729641,980471,26.29,0.05
740,2021-01-02,TOS,3497,1096,2401,2681,15,801,0,0,0,0,0,0,0,3497,0,ITI,ITI1,9,Toscana,Toscana,3729641,983968,26.38,0.09
741,2021-05-03,TOS,11888,5489,6399,158,96,41,3,141,3856,683,6840,14,56,10600,1288,ITI,ITI1,9,Toscana,Toscana,3729641,995856,26.7,0.32
742,2021-05-05,TOS,29607,13198,16409,317,504,178,8,360,3719,11646,12585,18,272,15575,14032,ITI,ITI1,9,Toscana,Toscana,3729641,1025463,27.49,0.79
743,2021-05-01,TOS,23263,10038,13225,75,169,123,2,113,10226,7482,5024,8,41,14116,9147,ITI,ITI1,9,Toscana,Toscana,3729641,1048726,28.12,0.62
744,2021-03-24,TOS,19652,7971,11681,222,385,195,773,51,2845,13976,872,255,78,10198,9454,ITI,ITI1,9,Toscana,Toscana,3729641,1068378,28.65,0.53
745,2021-03-23,TOS,9064,4088,4976,310,312,328,338,52,2819,4030,659,148,68,6816,2248,ITI,ITI1,9,Toscana,Toscana,3729641,1077442,28.89,0.24
746,2021-02-05,TOS,5749,2245,3504,4122,1180,442,0,0,0,1,0,0,4,1924,3825,ITI,ITI1,9,Toscana,Toscana,3729641,1083191,29.04,0.15
747,2021-02-02,TOS,3742,1475,2267,3021,283,422,0,0,0,6,0,6,4,195,3547,ITI,ITI1,9,Toscana,Toscana,3729641,1086933,29.14,0.1
748,2021-02-11,TOS,5380,2021,3359,2809,284,323,13,0,0,12,0,10,1929,5138,242,ITI,ITI1,9,Toscana,Toscana,3729641,1092313,29.29,0.14
749,2021-04-10,TOS,11722,5349,6373,290,195,117,3,26,79,8131,2853,10,18,10976,746,ITI,ITI1,9,Toscana,Toscana,3729641,1104035,29.6,0.31
750,2021-03-13,TOS,9274,3300,5974,2835,1697,68,3740,0,2,178,384,369,1,5312,3962,ITI,ITI1,9,Toscana,Toscana,3729641,1113309,29.85,0.25
751,2021-01-18,TOS,1119,636,483,430,313,375,0,0,0,0,0,0,1,1021,98,ITI,ITI1,9,Toscana,Toscana,3729641,1114428,29.88,0.03
752,2021-02-10,TOS,4263,1281,2982,3535,239,485,0,1,1,1,0,1,0,3740,523,ITI,ITI1,9,Toscana,Toscana,3729641,1118691,29.99,0.11
753,2021-01-27,TOS,4834,1572,3262,4018,73,742,0,0,0,0,0,0,1,207,4627,ITI,ITI1,9,Toscana,Toscana,3729641,1123525,30.12,0.13
754,2021-05-08,TOS,27351,12324,15027,454,356,6,2942,4939,1233,3084,13932,189,216,13379,13972,ITI,ITI1,9,Toscana,Toscana,3729641,1150876,30.86,0.73
755,2021-02-22,TOS,9818,4254,5564,3483,2235,316,2703,0,0,22,0,1058,1,9541,277,ITI,ITI1,9,Toscana,Toscana,3729641,1160694,31.12,0.26
756,2021-03-29,TOS,9377,4579,4798,227,140,244,200,15,4855,774,2709,197,16,9053,324,ITI,ITI1,9,Toscana,Toscana,3729641,1170071,31.37,0.25
757,2021-02-07,TOS,2806,953,1853,2349,299,157,0,0,0,0,0,0,1,885,1921,ITI,ITI1,9,Toscana,Toscana,3729641,1172877,31.45,0.08
758,2021-01-08,TOS,5945,1642,4303,5361,36,545,0,0,0,0,0,0,3,5945,0,ITI,ITI1,9,Toscana,Toscana,3729641,1178822,31.61,0.16
759,2021-01-12,TOS,3581,1398,2183,2944,282,354,0,0,0,0,0,0,1,3581,0,ITI,ITI1,9,Toscana,Toscana,3729641,1182403,31.7,0.1
760,2021-04-15,TOS,24347,10172,14175,359,300,174,6,37,149,20281,2981,11,49,15831,8516,ITI,ITI1,9,Toscana,Toscana,3729641,1206750,32.36,0.65
761,2021-01-06,TOS,4519,1459,3060,3984,9,525,0,0,0,0,0,0,1,4519,0,ITI,ITI1,9,Toscana,Toscana,3729641,1211269,32.48,0.12
762,2021-01-01,TOS,2369,787,1582,1715,2,650,0,0,0,2,0,0,0,2369,0,ITI,ITI1,9,Toscana,Toscana,3729641,1213638,32.54,0.06
763,2021-03-05,TOS,16491,6337,10154,3922,1684,170,3871,0,2,5297,656,885,4,11750,4741,ITI,ITI1,9,Toscana,Toscana,3729641,1230129,32.98,0.44
764,2021-01-05,TOS,5249,1755,3494,4354,15,878,0,0,0,0,0,0,2,5249,0,ITI,ITI1,9,Toscana,Toscana,3729641,1235378,33.12,0.14
765,2021-02-08,TOS,4097,1360,2737,3373,343,377,0,0,0,2,0,0,2,3638,459,ITI,ITI1,9,Toscana,Toscana,3729641,1239475,33.23,0.11
766,2021-01-30,TOS,4622,1622,3000,3765,218,638,0,0,0,0,0,0,1,198,4424,ITI,ITI1,9,Toscana,Toscana,3729641,1244097,33.36,0.12
767,2021-04-20,TOS,18131,8099,10032,225,295,70,3,36,7071,6509,3898,3,21,12575,5556,ITI,ITI1,9,Toscana,Toscana,3729641,1262228,33.84,0.49
768,2021-01-29,TOS,6136,1698,4438,5375,138,622,0,0,0,0,0,0,1,302,5834,ITI,ITI1,9,Toscana,Toscana,3729641,1268364,34.01,0.16
769,2021-03-12,TOS,16509,6217,10292,2612,1587,303,3922,3,4,7033,303,728,14,12981,3528,ITI,ITI1,9,Toscana,Toscana,3729641,1284873,34.45,0.44
770,2021-03-21,TOS,3232,1574,1658,660,796,77,12,0,1245,274,160,6,2,1799,1433,ITI,ITI1,9,Toscana,Toscana,3729641,1288105,34.54,0.09
771,2021-05-09,TOS,22032,9573,12459,397,224,7,4905,3294,1453,910,10486,255,101,9425,12607,ITI,ITI1,9,Toscana,Toscana,3729641,1310137,35.13,0.59
772,2021-04-28,TOS,19064,8171,10893,413,362,19,6,57,159,14008,3924,30,86,3814,15250,ITI,ITI1,9,Toscana,Toscana,3729641,1329201,35.64,0.51
773,2021-03-10,TOS,18012,7073,10939,3006,851,271,14,3,3,12283,1317,253,11,13995,4017,ITI,ITI1,9,Toscana,Toscana,3729641,1347213,36.12,0.48
774,2021-02-19,TOS,8286,2947,5339,2967,1207,245,3105,0,0,154,1,605,2,7779,507,ITI,ITI1,9,Toscana,Toscana,3729641,1355499,36.34,0.22
775,2020-12-27,TOS,620,267,353,460,10,13,0,23,4,5,0,0,105,620,0,ITI,ITI1,9,Toscana,Toscana,3729641,1356119,36.36,0.02
776,2020-12-30,TOS,327,104,223,34,10,283,0,0,0,0,0,0,0,327,0,ITI,ITI1,9,Toscana,Toscana,3729641,1356446,36.37,0.01
777,2021-03-16,TOS,4898,1880,3018,1551,427,124,16,1,5,2115,643,13,3,2655,2243,ITI,ITI1,9,Toscana,Toscana,3729641,1361344,36.5,0.13
778,2021-03-06,TOS,7095,2838,4257,3803,657,145,1146,0,2,30,918,394,0,2904,4191,ITI,ITI1,9,Toscana,Toscana,3729641,1368439,36.69,0.19
779,2021-04-30,TOS,39841,17603,22238,280,101,163,2,117,13621,18068,7327,47,115,20058,19783,ITI,ITI1,9,Toscana,Toscana,3729641,1408280,37.76,1.07
780,2021-04-21,TOS,29531,12635,16896,297,283,76,2,131,7377,16762,4469,16,118,17457,12074,ITI,ITI1,9,Toscana,Toscana,3729641,1437811,38.55,0.79
781,2021-03-14,TOS,7207,2574,4633,3104,1195,122,2476,0,1,44,26,239,0,3272,3935,ITI,ITI1,9,Toscana,Toscana,3729641,1445018,38.74,0.19
782,2021-02-09,TOS,4488,1468,3020,3582,386,514,0,0,0,4,0,0,2,3877,611,ITI,ITI1,9,Toscana,Toscana,3729641,1449506,38.86,0.12
783,2021-03-17,TOS,11413,4584,6829,364,327,189,2,5,8,9764,740,2,12,6885,4528,ITI,ITI1,9,Toscana,Toscana,3729641,1460919,39.17,0.31
784,2021-02-14,TOS,8998,2569,6429,3033,549,81,10,2,1,0,0,261,5061,8888,110,ITI,ITI1,9,Toscana,Toscana,3729641,1469917,39.41,0.24
785,2021-04-27,TOS,10335,4906,5429,332,346,39,1,47,347,3956,5210,2,55,3858,6477,ITI,ITI1,9,Toscana,Toscana,3729641,1480252,39.69,0.28
786,2021-01-26,TOS,5393,1792,3601,4358,81,951,0,0,0,0,0,0,3,220,5173,ITI,ITI1,9,Toscana,Toscana,3729641,1485645,39.83,0.14
787,2020-12-31,TOS,805,202,603,97,10,698,0,0,0,0,0,0,0,805,0,ITI,ITI1,9,Toscana,Toscana,3729641,1486450,39.86,0.02
788,2021-05-03,PAB,1829,846,983,21,8,0,1,313,1166,72,231,4,13,417,1412,ITH,ITH1,4,Provincia Autonoma Bolzano / Bozen,P.A. Bolzano,533050,1829,0.34,0.34
789,2021-01-07,PAB,917,327,590,617,107,0,0,25,16,61,0,0,91,917,0,ITH,ITH1,4,Provincia Autonoma Bolzano / Bozen,P.A. Bolzano,533050,2746,0.52,0.17
790,2021-04-23,PAB,4539,2148,2391,230,109,22,15,1791,718,489,1114,27,24,3250,1289,ITH,ITH1,4,Provincia Autonoma Bolzano / Bozen,P.A. Bolzano,533050,7285,1.37,0.85
791,2021-01-04,PAB,508,201,307,420,49,4,0,6,6,0,0,0,23,508,0,ITH,ITH1,4,Provincia Autonoma Bolzano / Bozen,P.A. Bolzano,533050,7793,1.46,0.1
792,2021-02-20,PAB,1802,540,1262,196,53,24,1009,5,6,477,0,1,31,1784,18,ITH,ITH1,4,Provincia Autonoma Bolzano / Bozen,P.A. Bolzano,533050,9595,1.8,0.34
793,2021-03-11,PAB,1681,823,858,89,309,79,335,3,14,371,87,379,15,1143,538,ITH,ITH1,4,Provincia Autonoma Bolzano / Bozen,P.A. Bolzano,533050,11276,2.12,0.32
794,2021-02-01,PAB,1450,440,1010,773,314,295,1,6,0,2,1,1,57,12,1438,ITH,ITH1,4,Provincia Autonoma Bolzano / Bozen,P.A. Bolzano,533050,12726,2.39,0.27
795,2021-04-05,PAB,301,144,157,4,3,0,1,6,16,62,201,7,1,23,278,ITH,ITH1,4,Provincia Autonoma Bolzano / Bozen,P.A. Bolzano,533050,13027,2.44,0.06
796,2021-05-02,PAB,2456,1287,1169,81,22,3,60,212,227,49,1501,278,23,1535,921,ITH,ITH1,4,Provincia Autonoma Bolzano / Bozen,P.A. Bolzano,533050,15483,2.9,0.46
797,2021-02-05,PAB,3195,1181,2014,762,505,440,0,21,12,1381,0,0,74,8,3187,ITH,ITH1,4,Provincia Autonoma Bolzano / Bozen,P.A. Bolzano,533050,18678,3.5,0.6
798,2021-04-10,PAB,5390,2664,2726,146,54,3,22,183,3270,552,942,200,18,4802,588,ITH,ITH1,4,Provincia Autonoma Bolzano / Bozen,P.A. Bolzano,533050,24068,4.52,1.01
799,2021-02-06,PAB,2626,1171,1455,452,43,6,1,28,76,1932,0,0,88,19,2607,ITH,ITH1,4,Provincia Autonoma Bolzano / Bozen,P.A. Bolzano,533050,26694,5.01,0.49
800,2021-04-30,PAB,3336,1591,1745,182,97,44,16,648,616,143,1366,44,180,1560,1776,ITH,ITH1,4,Provincia Autonoma Bolzano / Bozen,P.A. Bolzano,533050,30030,5.63,0.63
801,2021-02-26,PAB,1525,550,975,62,32,2,333,4,1,1051,2,0,38,1495,30,ITH,ITH1,4,Provincia Autonoma Bolzano / Bozen,P.A. Bolzano,533050,31555,5.92,0.29
802,2021-01-22,PAB,248,143,105,136,8,84,1,4,0,3,1,0,11,124,124,ITH,ITH1,4,Provincia Autonoma Bolzano / Bozen,P.A. Bolzano,533050,31803,5.97,0.05
803,2021-03-06,PAB,3969,2079,1890,479,164,7,381,10,19,1981,48,859,21,3758,211,ITH,ITH1,4,Provincia Autonoma Bolzano / Bozen,P.A. Bolzano,533050,35772,6.71,0.74
804,2021-04-17,PAB,5230,2598,2632,69,12,36,76,2791,1237,99,734,161,15,5186,44,ITH,ITH1,4,Provincia Autonoma Bolzano / Bozen,P.A. Bolzano,533050,41002,7.69,0.98
805,2021-02-03,PAB,1503,478,1025,666,341,321,0,12,5,72,1,0,85,5,1498,ITH,ITH1,4,Provincia Autonoma Bolzano / Bozen,P.A. Bolzano,533050,42505,7.97,0.28
806,2021-04-16,PAB,2949,1418,1531,194,36,5,38,1422,616,115,419,98,6,2438,511,ITH,ITH1,4,Provincia Autonoma Bolzano / Bozen,P.A. Bolzano,533050,45454,8.53,0.55
807,2021-03-13,PAB,2885,1459,1426,168,59,1,20,11,879,1295,58,381,13,2784,101,ITH,ITH1,4,Provincia Autonoma Bolzano / Bozen,P.A. Bolzano,533050,48339,9.07,0.54
808,2021-01-19,PAB,853,371,482,174,55,0,0,7,6,578,3,0,30,723,130,ITH,ITH1,4,Provincia Autonoma Bolzano / Bozen,P.A. Bolzano,533050,49192,9.23,0.16
809,2021-04-03,PAB,831,364,467,9,6,0,0,1,12,799,0,4,0,22,809,ITH,ITH1,4,Provincia Autonoma Bolzano / Bozen,P.A. Bolzano,533050,50023,9.38,0.16
810,2021-04-22,PAB,2921,1499,1422,66,29,16,88,728,614,165,844,350,21,1979,942,ITH,ITH1,4,Provincia Autonoma Bolzano / Bozen,P.A. Bolzano,533050,52944,9.93,0.55
811,2021-03-01,PAB,917,220,697,18,2,5,735,18,0,0,0,0,139,917,0,ITH,ITH1,4,Provincia Autonoma Bolzano / Bozen,P.A. Bolzano,533050,53861,10.1,0.17
812,2021-02-16,PAB,529,205,324,10,1,0,0,0,0,517,1,0,0,529,0,ITH,ITH1,4,Provincia Autonoma Bolzano / Bozen,P.A. Bolzano,533050,54390,10.2,0.1
813,2021-01-06,PAB,59,18,41,57,2,0,0,0,0,0,0,0,0,59,0,ITH,ITH1,4,Provincia Autonoma Bolzano / Bozen,P.A. Bolzano,533050,54449,10.21,0.01
814,2021-03-10,PAB,1261,524,737,660,102,0,118,4,9,134,10,133,91,1118,143,ITH,ITH1,4,Provincia Autonoma Bolzano / Bozen,P.A. Bolzano,533050,55710,10.45,0.24
815,2021-02-14,PAB,297,130,167,0,0,0,0,0,1,296,0,0,0,297,0,ITH,ITH1,4,Provincia Autonoma Bolzano / Bozen,P.A. Bolzano,533050,56007,10.51,0.06
816,2021-01-02,PAB,91,48,43,69,1,0,0,5,1,0,0,0,15,91,0,ITH,ITH1,4,Provincia Autonoma Bolzano / Bozen,P.A. Bolzano,533050,56098,10.52,0.02
817,2020-12-30,PAB,388,182,206,343,41,0,0,0,0,0,0,0,4,388,0,ITH,ITH1,4,Provincia Autonoma Bolzano / Bozen,P.A. Bolzano,533050,56486,10.6,0.07
818,2021-01-11,PAB,1569,513,1056,586,284,175,0,54,41,161,1,0,267,1569,0,ITH,ITH1,4,Provincia Autonoma Bolzano / Bozen,P.A. Bolzano,533050,58055,10.89,0.29
819,2021-04-09,PAB,2926,1292,1634,336,113,102,14,47,634,280,1363,13,24,2196,730,ITH,ITH1,4,Provincia Autonoma Bolzano / Bozen,P.A. Bolzano,533050,60981,11.44,0.55
820,2021-02-08,PAB,2,1,1,0,0,0,0,0,0,1,0,0,1,1,1,ITH,ITH1,4,Provincia Autonoma Bolzano / Bozen,P.A. Bolzano,533050,60983,11.44,0.0
821,2021-02-02,PAB,1745,506,1239,630,370,605,0,9,10,11,0,0,110,8,1737,ITH,ITH1,4,Provincia Autonoma Bolzano / Bozen,P.A. Bolzano,533050,62728,11.77,0.33
822,2021-01-14,PAB,1946,575,1371,521,441,313,0,63,43,329,0,0,236,1946,0,ITH,ITH1,4,Provincia Autonoma Bolzano / Bozen,P.A. Bolzano,533050,64674,12.13,0.37
823,2021-01-15,PAB,3282,1228,2054,608,307,342,0,81,29,1447,0,0,468,3282,0,ITH,ITH1,4,Provincia Autonoma Bolzano / Bozen,P.A. Bolzano,533050,67956,12.75,0.62
824,2021-01-09,PAB,612,326,286,76,28,75,0,66,19,13,0,0,335,612,0,ITH,ITH1,4,Provincia Autonoma Bolzano / Bozen,P.A. Bolzano,533050,68568,12.86,0.11
825,2021-03-29,PAB,1170,499,671,14,2,0,13,1,184,842,85,26,3,411,759,ITH,ITH1,4,Provincia Autonoma Bolzano / Bozen,P.A. Bolzano,533050,69738,13.08,0.22
826,2021-03-15,PAB,1192,451,741,294,97,13,4,15,533,93,66,4,73,710,482,ITH,ITH1,4,Provincia Autonoma Bolzano / Bozen,P.A. Bolzano,533050,70930,13.31,0.22
827,2021-03-19,PAB,1906,773,1133,158,59,15,14,11,138,1182,310,1,18,799,1107,ITH,ITH1,4,Provincia Autonoma Bolzano / Bozen,P.A. Bolzano,533050,72836,13.66,0.36
828,2021-04-24,PAB,5101,2448,2653,294,197,2,7,2727,762,184,858,54,16,4617,484,ITH,ITH1,4,Provincia Autonoma Bolzano / Bozen,P.A. Bolzano,533050,77937,14.62,0.96
829,2021-03-05,PAB,1839,625,1214,337,98,59,240,8,2,896,125,9,65,1397,442,ITH,ITH1,4,Provincia Autonoma Bolzano / Bozen,P.A. Bolzano,533050,79776,14.97,0.34
830,2021-05-06,PAB,5177,2746,2431,190,74,16,197,983,671,148,1928,642,328,2609,2568,ITH,ITH1,4,Provincia Autonoma Bolzano / Bozen,P.A. Bolzano,533050,84953,15.94,0.97
831,2021-04-18,PAB,3110,1607,1503,28,14,2,27,1916,524,134,188,273,4,2100,1010,ITH,ITH1,4,Provincia Autonoma Bolzano / Bozen,P.A. Bolzano,533050,88063,16.52,0.58
832,2021-03-21,PAB,768,285,483,165,17,1,3,3,9,568,0,0,2,14,754,ITH,ITH1,4,Provincia Autonoma Bolzano / Bozen,P.A. Bolzano,533050,88831,16.66,0.14
833,2021-01-13,PAB,1691,557,1134,446,310,270,0,66,30,175,0,0,394,1691,0,ITH,ITH1,4,Provincia Autonoma Bolzano / Bozen,P.A. Bolzano,533050,90522,16.98,0.32
834,2021-03-30,PAB,1298,532,766,51,7,153,27,0,121,924,1,11,3,218,1080,ITH,ITH1,4,Provincia Autonoma Bolzano / Bozen,P.A. Bolzano,533050,91820,17.23,0.24
835,2021-01-18,PAB,1772,687,1085,391,102,8,0,32,56,1019,0,0,164,1767,5,ITH,ITH1,4,Provincia Autonoma Bolzano / Bozen,P.A. Bolzano,533050,93592,17.56,0.33
836,2021-03-27,PAB,3047,1552,1495,320,36,0,46,31,484,1441,358,305,26,1541,1506,ITH,ITH1,4,Provincia Autonoma Bolzano / Bozen,P.A. Bolzano,533050,96639,18.13,0.57
837,2021-03-07,PAB,114,13,101,59,50,0,1,0,0,3,0,0,1,9,105,ITH,ITH1,4,Provincia Autonoma Bolzano / Bozen,P.A. Bolzano,533050,96753,18.15,0.02
838,2021-04-14,PAB,3592,1644,1948,419,139,20,30,1096,829,124,844,80,11,3500,92,ITH,ITH1,4,Provincia Autonoma Bolzano / Bozen,P.A. Bolzano,533050,100345,18.82,0.67
839,2021-04-02,PAB,2077,837,1240,189,66,60,17,5,253,935,532,11,9,720,1357,ITH,ITH1,4,Provincia Autonoma Bolzano / Bozen,P.A. Bolzano,533050,102422,19.21,0.39
840,2021-04-12,PAB,2104,946,1158,33,11,1,2,159,1653,93,143,3,6,2098,6,ITH,ITH1,4,Provincia Autonoma Bolzano / Bozen,P.A. Bolzano,533050,104526,19.61,0.39
841,2021-03-20,PAB,1757,848,909,115,48,9,1,7,265,967,238,99,8,1132,625,ITH,ITH1,4,Provincia Autonoma Bolzano / Bozen,P.A. Bolzano,533050,106283,19.94,0.33
842,2021-04-26,PAB,1540,770,770,24,36,0,56,918,285,31,101,85,4,1535,5,ITH,ITH1,4,Provincia Autonoma Bolzano / Bozen,P.A. Bolzano,533050,107823,20.23,0.29
843,2021-02-12,PAB,730,217,513,322,71,106,0,10,6,141,0,2,72,482,248,ITH,ITH1,4,Provincia Autonoma Bolzano / Bozen,P.A. Bolzano,533050,108553,20.36,0.14
844,2021-02-22,PAB,526,143,383,342,68,0,10,15,4,5,0,1,81,514,12,ITH,ITH1,4,Provincia Autonoma Bolzano / Bozen,P.A. Bolzano,533050,109079,20.46,0.1
845,2021-03-04,PAB,1709,1000,709,307,80,39,262,12,5,171,74,710,49,1480,229,ITH,ITH1,4,Provincia Autonoma Bolzano / Bozen,P.A. Bolzano,533050,110788,20.78,0.32
846,2021-02-13,PAB,318,79,239,126,57,7,0,0,0,126,0,0,2,312,6,ITH,ITH1,4,Provincia Autonoma Bolzano / Bozen,P.A. Bolzano,533050,111106,20.84,0.06
847,2021-02-24,PAB,1366,405,961,10,3,0,1345,0,0,0,0,8,0,1354,12,ITH,ITH1,4,Provincia Autonoma Bolzano / Bozen,P.A. Bolzano,533050,112472,21.1,0.26
848,2021-03-09,PAB,1194,543,651,29,81,22,47,0,1,930,0,80,4,1192,2,ITH,ITH1,4,Provincia Autonoma Bolzano / Bozen,P.A. Bolzano,533050,113666,21.32,0.22
849,2021-05-08,PAB,4414,2377,2037,63,11,2,8,343,137,41,1045,40,2724,3757,657,ITH,ITH1,4,Provincia Autonoma Bolzano / Bozen,P.A. Bolzano,533050,118080,22.15,0.83
850,2021-01-27,PAB,84,28,56,54,26,0,0,1,0,0,0,0,3,1,83,ITH,ITH1,4,Provincia Autonoma Bolzano / Bozen,P.A. Bolzano,533050,118164,22.17,0.02
851,2021-03-31,PAB,1831,693,1138,419,304,22,16,15,160,430,425,20,20,820,1011,ITH,ITH1,4,Provincia Autonoma Bolzano / Bozen,P.A. Bolzano,533050,119995,22.51,0.34
852,2021-01-10,PAB,2,2,0,1,0,0,0,0,0,0,0,0,1,2,0,ITH,ITH1,4,Provincia Autonoma Bolzano / Bozen,P.A. Bolzano,533050,119997,22.51,0.0
853,2021-04-08,PAB,2753,1336,1417,47,34,121,2,17,2011,83,310,91,37,2550,203,ITH,ITH1,4,Provincia Autonoma Bolzano / Bozen,P.A. Bolzano,533050,122750,23.03,0.52
854,2021-01-20,PAB,617,252,365,287,51,0,0,6,3,257,0,0,13,409,208,ITH,ITH1,4,Provincia Autonoma Bolzano / Bozen,P.A. Bolzano,533050,123367,23.14,0.12
855,2021-05-07,PAB,4172,2048,2124,221,49,16,42,710,299,61,1466,129,1179,3655,517,ITH,ITH1,4,Provincia Autonoma Bolzano / Bozen,P.A. Bolzano,533050,127539,23.93,0.78
856,2021-03-08,PAB,1200,526,674,23,10,166,3,30,47,755,147,0,19,1173,27,ITH,ITH1,4,Provincia Autonoma Bolzano / Bozen,P.A. Bolzano,533050,128739,24.15,0.23
857,2021-03-02,PAB,695,200,495,11,1,0,676,0,0,0,0,7,0,693,2,ITH,ITH1,4,Provincia Autonoma Bolzano / Bozen,P.A. Bolzano,533050,129434,24.28,0.13
858,2021-01-23,PAB,197,117,80,191,0,0,0,2,0,0,0,0,4,0,197,ITH,ITH1,4,Provincia Autonoma Bolzano / Bozen,P.A. Bolzano,533050,129631,24.32,0.04
859,2021-04-06,PAB,2249,1117,1132,131,46,130,3,10,988,91,818,16,16,2146,103,ITH,ITH1,4,Provincia Autonoma Bolzano / Bozen,P.A. Bolzano,533050,131880,24.74,0.42
860,2021-01-17,PAB,2328,1044,1284,56,38,37,0,57,46,1989,0,0,105,2317,11,ITH,ITH1,4,Provincia Autonoma Bolzano / Bozen,P.A. Bolzano,533050,134208,25.18,0.44
861,2021-02-04,PAB,1958,593,1365,650,507,458,0,23,26,233,0,0,61,8,1950,ITH,ITH1,4,Provincia Autonoma Bolzano / Bozen,P.A. Bolzano,533050,136166,25.54,0.37
862,2021-04-11,PAB,2720,1291,1429,46,17,3,63,350,1672,84,222,258,5,2543,177,ITH,ITH1,4,Provincia Autonoma Bolzano / Bozen,P.A. Bolzano,533050,138886,26.05,0.51
863,2021-01-28,PAB,869,307,562,584,187,69,0,8,0,0,0,2,19,10,859,ITH,ITH1,4,Provincia Autonoma Bolzano / Bozen,P.A. Bolzano,533050,139755,26.22,0.16
864,2021-03-22,PAB,1133,514,619,2,0,0,0,6,900,192,13,15,5,1129,4,ITH,ITH1,4,Provincia Autonoma Bolzano / Bozen,P.A. Bolzano,533050,140888,26.43,0.21
865,2021-05-05,PAB,4152,1945,2207,275,126,39,73,929,549,156,1730,138,137,2037,2115,ITH,ITH1,4,Provincia Autonoma Bolzano / Bozen,P.A. Bolzano,533050,145040,27.21,0.78
866,2021-02-27,PAB,2457,759,1698,202,87,8,1233,8,13,885,0,3,18,2447,10,ITH,ITH1,4,Provincia Autonoma Bolzano / Bozen,P.A. Bolzano,533050,147497,27.67,0.46
867,2021-01-25,PAB,487,183,304,401,68,0,1,4,0,1,0,2,10,3,484,ITH,ITH1,4,Provincia Autonoma Bolzano / Bozen,P.A. Bolzano,533050,147984,27.76,0.09
868,2021-04-07,PAB,1777,802,975,128,81,57,2,6,908,459,26,100,10,1238,539,ITH,ITH1,4,Provincia Autonoma Bolzano / Bozen,P.A. Bolzano,533050,149761,28.1,0.33
869,2021-02-09,PAB,317,126,191,64,17,2,2,1,0,228,0,0,3,1,316,ITH,ITH1,4,Provincia Autonoma Bolzano / Bozen,P.A. Bolzano,533050,150078,28.15,0.06
870,2021-03-17,PAB,581,213,368,12,6,46,0,0,16,491,0,0,10,580,1,ITH,ITH1,4,Provincia Autonoma Bolzano / Bozen,P.A. Bolzano,533050,150659,28.26,0.11
871,2021-04-25,PAB,3069,1496,1573,53,24,0,24,1445,736,156,442,180,9,2398,671,ITH,ITH1,4,Provincia Autonoma Bolzano / Bozen,P.A. Bolzano,533050,153728,28.84,0.58
872,2021-03-03,PAB,1178,393,785,24,5,6,738,3,0,349,0,51,2,1165,13,ITH,ITH1,4,Provincia Autonoma Bolzano / Bozen,P.A. Bolzano,533050,154906,29.06,0.22
873,2021-01-08,PAB,1521,479,1042,790,170,168,0,51,29,104,0,0,209,1521,0,ITH,ITH1,4,Provincia Autonoma Bolzano / Bozen,P.A. Bolzano,533050,156427,29.35,0.29
874,2021-02-19,PAB,2249,512,1737,122,143,84,1782,3,3,86,6,0,20,2238,11,ITH,ITH1,4,Provincia Autonoma Bolzano / Bozen,P.A. Bolzano,533050,158676,29.77,0.42
875,2021-02-18,PAB,1839,457,1382,76,78,21,1286,3,2,353,4,0,16,1832,7,ITH,ITH1,4,Provincia Autonoma Bolzano / Bozen,P.A. Bolzano,533050,160515,30.11,0.34
876,2021-02-25,PAB,1498,549,949,22,5,0,405,2,1,1041,0,0,22,1497,1,ITH,ITH1,4,Provincia Autonoma Bolzano / Bozen,P.A. Bolzano,533050,162013,30.39,0.28
877,2020-12-31,PAB,911,518,393,478,61,0,0,47,9,1,0,0,315,911,0,ITH,ITH1,4,Provincia Autonoma Bolzano / Bozen,P.A. Bolzano,533050,162924,30.56,0.17
878,2021-01-03,PAB,41,16,25,33,5,0,0,0,0,1,0,0,2,41,0,ITH,ITH1,4,Provincia Autonoma Bolzano / Bozen,P.A. Bolzano,533050,162965,30.57,0.01
879,2021-01-26,PAB,810,291,519,673,129,0,0,3,1,0,0,0,4,1,809,ITH,ITH1,4,Provincia Autonoma Bolzano / Bozen,P.A. Bolzano,533050,163775,30.72,0.15
880,2021-03-26,PAB,1644,721,923,30,16,68,1,8,132,917,424,0,48,511,1133,ITH,ITH1,4,Provincia Autonoma Bolzano / Bozen,P.A. Bolzano,533050,165419,31.03,0.31
881,2021-03-16,PAB,1289,532,757,26,31,48,0,4,14,1159,4,2,1,124,1165,ITH,ITH1,4,Provincia Autonoma Bolzano / Bozen,P.A. Bolzano,533050,166708,31.27,0.24
882,2021-04-01,PAB,2786,1407,1379,238,104,44,65,22,512,607,731,446,17,2642,144,ITH,ITH1,4,Provincia Autonoma Bolzano / Bozen,P.A. Bolzano,533050,169494,31.8,0.52
883,2021-04-13,PAB,2391,1130,1261,23,4,1,6,1246,932,30,93,55,1,2383,8,ITH,ITH1,4,Provincia Autonoma Bolzano / Bozen,P.A. Bolzano,533050,171885,32.25,0.45
884,2021-01-16,PAB,2840,1265,1575,435,93,77,1,54,98,1976,0,0,106,2840,0,ITH,ITH1,4,Provincia Autonoma Bolzano / Bozen,P.A. Bolzano,533050,174725,32.78,0.53
885,2021-04-28,PAB,2458,1300,1158,78,56,10,59,1156,464,76,472,74,13,2455,3,ITH,ITH1,4,Provincia Autonoma Bolzano / Bozen,P.A. Bolzano,533050,177183,33.24,0.46
886,2021-02-07,PAB,2361,1057,1304,102,75,68,0,51,44,1951,0,0,70,14,2347,ITH,ITH1,4,Provincia Autonoma Bolzano / Bozen,P.A. Bolzano,533050,179544,33.68,0.44
887,2021-05-04,PAB,3443,1840,1603,48,38,9,78,499,388,77,2058,176,72,2408,1035,ITH,ITH1,4,Provincia Autonoma Bolzano / Bozen,P.A. Bolzano,533050,182987,34.33,0.65
888,2021-05-01,PAB,2103,1066,1037,121,30,0,90,772,308,62,480,217,23,1943,160,ITH,ITH1,4,Provincia Autonoma Bolzano / Bozen,P.A. Bolzano,533050,185090,34.72,0.39
889,2021-01-21,PAB,952,442,510,750,88,68,0,1,0,28,0,5,12,139,813,ITH,ITH1,4,Provincia Autonoma Bolzano / Bozen,P.A. Bolzano,533050,186042,34.9,0.18
890,2021-03-25,PAB,2139,1058,1081,230,72,27,46,24,843,305,297,268,27,1697,442,ITH,ITH1,4,Provincia Autonoma Bolzano / Bozen,P.A. Bolzano,533050,188181,35.3,0.4
891,2020-12-27,PAB,144,65,79,139,2,0,0,0,0,1,0,0,2,144,0,ITH,ITH1,4,Provincia Autonoma Bolzano / Bozen,P.A. Bolzano,533050,188325,35.33,0.03
892,2021-03-23,PAB,1552,759,793,0,1,0,34,5,1156,215,58,69,14,1551,1,ITH,ITH1,4,Provincia Autonoma Bolzano / Bozen,P.A. Bolzano,533050,189877,35.62,0.29
893,2021-03-24,PAB,2040,977,1063,13,16,7,29,6,1361,248,278,61,21,2027,13,ITH,ITH1,4,Provincia Autonoma Bolzano / Bozen,P.A. Bolzano,533050,191917,36.0,0.38
894,2021-01-05,PAB,830,286,544,734,62,0,0,8,2,0,0,0,24,830,0,ITH,ITH1,4,Provincia Autonoma Bolzano / Bozen,P.A. Bolzano,533050,192747,36.16,0.16
895,2021-03-14,PAB,758,336,422,130,11,33,0,3,7,562,1,2,9,25,733,ITH,ITH1,4,Provincia Autonoma Bolzano / Bozen,P.A. Bolzano,533050,193505,36.3,0.14
896,2021-01-30,PAB,498,245,253,217,46,101,0,29,2,0,0,0,103,4,494,ITH,ITH1,4,Provincia Autonoma Bolzano / Bozen,P.A. Bolzano,533050,194003,36.39,0.09
897,2021-04-20,PAB,1558,781,777,10,13,12,8,619,364,46,474,9,3,1557,1,ITH,ITH1,4,Provincia Autonoma Bolzano / Bozen,P.A. Bolzano,533050,195561,36.69,0.29
898,2021-01-24,PAB,12,10,2,1,0,0,0,2,1,0,0,0,8,0,12,ITH,ITH1,4,Provincia Autonoma Bolzano / Bozen,P.A. Bolzano,533050,195573,36.69,0.0
899,2021-04-21,PAB,3009,1467,1542,112,12,2,11,1727,490,88,541,17,9,2161,848,ITH,ITH1,4,Provincia Autonoma Bolzano / Bozen,P.A. Bolzano,533050,198582,37.25,0.56
900,2021-02-17,PAB,156,51,105,18,7,0,0,0,2,128,1,0,0,139,17,ITH,ITH1,4,Provincia Autonoma Bolzano / Bozen,P.A. Bolzano,533050,198738,37.28,0.03
901,2021-05-09,PAB,4227,2401,1826,36,9,1,71,186,163,47,624,318,2772,3078,1149,ITH,ITH1,4,Provincia Autonoma Bolzano / Bozen,P.A. Bolzano,533050,202965,38.08,0.79
902,2021-02-23,PAB,769,324,445,0,0,0,85,2,1,673,0,0,8,763,6,ITH,ITH1,4,Provincia Autonoma Bolzano / Bozen,P.A. Bolzano,533050,203734,38.22,0.14
903,2021-04-19,PAB,1870,857,1013,44,22,1,11,1039,301,166,269,8,9,1688,182,ITH,ITH1,4,Provincia Autonoma Bolzano / Bozen,P.A. Bolzano,533050,205604,38.57,0.35
904,2021-04-27,PAB,2224,1011,1213,109,58,21,53,589,1115,78,118,76,7,1148,1076,ITH,ITH1,4,Provincia Autonoma Bolzano / Bozen,P.A. Bolzano,533050,207828,38.99,0.42
905,2021-05-10,PAB,1648,716,932,19,12,6,492,179,227,36,187,5,485,635,1013,ITH,ITH1,4,Provincia Autonoma Bolzano / Bozen,P.A. Bolzano,533050,209476,39.3,0.31
906,2021-04-15,PAB,4398,2306,2092,121,47,39,118,1385,736,174,1262,493,23,4135,263,ITH,ITH1,4,Provincia Autonoma Bolzano / Bozen,P.A. Bolzano,533050,213874,40.12,0.83
907,2021-03-28,PAB,569,212,357,45,38,0,2,6,5,470,2,0,1,11,558,ITH,ITH1,4,Provincia Autonoma Bolzano / Bozen,P.A. Bolzano,533050,214443,40.23,0.11
908,2021-01-12,PAB,1709,459,1250,369,228,479,0,54,43,134,0,0,402,1709,0,ITH,ITH1,4,Provincia Autonoma Bolzano / Bozen,P.A. Bolzano,533050,216152,40.55,0.32
909,2021-02-11,PAB,1092,431,661,215,92,104,0,4,2,589,57,0,29,239,853,ITH,ITH1,4,Provincia Autonoma Bolzano / Bozen,P.A. Bolzano,533050,217244,40.75,0.2
910,2021-04-29,PAB,2630,1351,1279,127,117,71,74,600,541,124,509,245,222,1936,694,ITH,ITH1,4,Provincia Autonoma Bolzano / Bozen,P.A. Bolzano,533050,219874,41.25,0.49
911,2021-02-10,PAB,1635,604,1031,489,166,1,0,18,5,872,0,1,83,26,1609,ITH,ITH1,4,Provincia Autonoma Bolzano / Bozen,P.A. Bolzano,533050,221509,41.56,0.31
912,2021-01-01,PAB,6,5,1,6,0,0,0,0,0,0,0,0,0,6,0,ITH,ITH1,4,Provincia Autonoma Bolzano / Bozen,P.A. Bolzano,533050,221515,41.56,0.0
913,2021-01-29,PAB,1497,510,987,882,282,295,4,7,1,4,0,0,22,24,1473,ITH,ITH1,4,Provincia Autonoma Bolzano / Bozen,P.A. Bolzano,533050,223012,41.84,0.28
914,2021-03-18,PAB,1302,531,771,50,16,51,0,10,15,1056,69,0,35,226,1076,ITH,ITH1,4,Provincia Autonoma Bolzano / Bozen,P.A. Bolzano,533050,224314,42.08,0.24
915,2021-03-12,PAB,1664,734,930,150,173,82,101,9,268,524,134,204,19,1251,413,ITH,ITH1,4,Provincia Autonoma Bolzano / Bozen,P.A. Bolzano,533050,225978,42.39,0.31
916,2021-02-15,PAB,72,42,30,17,2,40,0,0,1,7,0,0,5,26,46,ITH,ITH1,4,Provincia Autonoma Bolzano / Bozen,P.A. Bolzano,533050,226050,42.41,0.01
917,2021-05-06,PAT,5377,2658,2719,107,137,17,51,1562,530,363,384,171,2055,4594,783,ITH,ITH2,4,Provincia Autonoma Trento,P.A. Trento,541380,5377,0.99,0.99
918,2021-01-30,PAT,386,132,254,346,7,32,1,0,0,0,0,0,0,152,234,ITH,ITH2,4,Provincia Autonoma Trento,P.A. Trento,541380,5763,1.06,0.07
919,2021-03-05,PAT,2241,701,1540,126,70,102,787,5,24,957,2,158,10,1675,566,ITH,ITH2,4,Provincia Autonoma Trento,P.A. Trento,541380,8004,1.48,0.41
920,2021-01-14,PAT,699,203,496,482,6,208,0,0,0,0,0,0,3,699,0,ITH,ITH2,4,Provincia Autonoma Trento,P.A. Trento,541380,8703,1.61,0.13
921,2021-01-24,PAT,547,276,271,535,12,0,0,0,0,0,0,0,0,224,323,ITH,ITH2,4,Provincia Autonoma Trento,P.A. Trento,541380,9250,1.71,0.1
922,2021-05-10,PAT,1054,549,505,6,10,0,2,270,68,76,108,38,476,962,92,ITH,ITH2,4,Provincia Autonoma Trento,P.A. Trento,541380,10304,1.9,0.19
923,2021-03-15,PAT,1410,545,865,58,130,26,175,3,285,624,15,54,40,946,464,ITH,ITH2,4,Provincia Autonoma Trento,P.A. Trento,541380,11714,2.16,0.26
924,2021-01-21,PAT,351,94,257,320,13,16,0,0,0,0,0,0,2,228,123,ITH,ITH2,4,Provincia Autonoma Trento,P.A. Trento,541380,12065,2.23,0.06
925,2021-04-29,PAT,4573,2207,2366,81,86,11,22,2485,1203,187,463,2,33,4373,200,ITH,ITH2,4,Provincia Autonoma Trento,P.A. Trento,541380,16638,3.07,0.84
926,2021-03-04,PAT,2351,790,1561,161,26,23,347,14,12,1727,0,19,22,1572,779,ITH,ITH2,4,Provincia Autonoma Trento,P.A. Trento,541380,18989,3.51,0.43
927,2021-03-21,PAT,129,69,60,34,1,0,18,2,18,0,56,0,0,129,0,ITH,ITH2,4,Provincia Autonoma Trento,P.A. Trento,541380,19118,3.53,0.02
928,2021-04-25,PAT,1969,938,1031,9,4,0,0,1304,215,31,384,0,22,1960,9,ITH,ITH2,4,Provincia Autonoma Trento,P.A. Trento,541380,21087,3.9,0.36
929,2021-04-14,PAT,3111,1463,1648,116,51,7,7,98,1486,1019,311,2,14,2375,736,ITH,ITH2,4,Provincia Autonoma Trento,P.A. Trento,541380,24198,4.47,0.57
930,2021-03-03,PAT,1653,621,1032,74,11,60,203,4,5,1267,3,19,7,1136,517,ITH,ITH2,4,Provincia Autonoma Trento,P.A. Trento,541380,25851,4.78,0.31
931,2021-04-05,PAT,33,16,17,0,0,0,1,21,11,0,0,0,0,33,0,ITH,ITH2,4,Provincia Autonoma Trento,P.A. Trento,541380,25884,4.78,0.01
932,2021-04-19,PAT,2620,1234,1386,41,12,0,6,592,905,314,679,2,69,2594,26,ITH,ITH2,4,Provincia Autonoma Trento,P.A. Trento,541380,28504,5.27,0.48
933,2021-02-23,PAT,1108,395,713,272,13,17,50,1,0,751,0,3,1,897,211,ITH,ITH2,4,Provincia Autonoma Trento,P.A. Trento,541380,29612,5.47,0.2
934,2021-01-13,PAT,421,123,298,392,6,23,0,0,0,0,0,0,0,421,0,ITH,ITH2,4,Provincia Autonoma Trento,P.A. Trento,541380,30033,5.55,0.08
935,2021-03-07,PAT,22,6,16,0,0,0,22,0,0,0,0,0,0,22,0,ITH,ITH2,4,Provincia Autonoma Trento,P.A. Trento,541380,30055,5.55,0.0
936,2021-01-27,PAT,802,277,525,463,33,304,0,0,0,1,0,0,1,91,711,ITH,ITH2,4,Provincia Autonoma Trento,P.A. Trento,541380,30857,5.7,0.15
937,2021-04-15,PAT,3178,1436,1742,181,112,16,3,129,1514,527,683,1,12,3026,152,ITH,ITH2,4,Provincia Autonoma Trento,P.A. Trento,541380,34035,6.29,0.59
938,2021-01-29,PAT,1352,331,1021,724,74,542,0,0,0,3,0,0,9,55,1297,ITH,ITH2,4,Provincia Autonoma Trento,P.A. Trento,541380,35387,6.54,0.25
939,2021-03-18,PAT,2316,956,1360,64,1,2,3,9,536,1674,16,2,9,1228,1088,ITH,ITH2,4,Provincia Autonoma Trento,P.A. Trento,541380,37703,6.96,0.43
940,2021-02-13,PAT,536,333,203,373,4,0,0,1,0,158,0,0,0,171,365,ITH,ITH2,4,Provincia Autonoma Trento,P.A. Trento,541380,38239,7.06,0.1
941,2021-03-27,PAT,1614,708,906,271,363,0,165,12,352,61,228,135,27,1362,252,ITH,ITH2,4,Provincia Autonoma Trento,P.A. Trento,541380,39853,7.36,0.3
942,2021-02-12,PAT,1010,340,670,335,54,55,0,2,9,553,0,0,2,589,421,ITH,ITH2,4,Provincia Autonoma Trento,P.A. Trento,541380,40863,7.55,0.19
943,2021-03-20,PAT,871,402,469,154,97,0,69,0,343,78,127,0,3,670,201,ITH,ITH2,4,Provincia Autonoma Trento,P.A. Trento,541380,41734,7.71,0.16
944,2021-03-10,PAT,2398,925,1473,356,36,25,316,4,10,1421,2,221,7,1477,921,ITH,ITH2,4,Provincia Autonoma Trento,P.A. Trento,541380,44132,8.15,0.44
945,2021-05-07,PAT,5398,2754,2644,73,93,12,123,1033,468,498,434,189,2475,4608,790,ITH,ITH2,4,Provincia Autonoma Trento,P.A. Trento,541380,49530,9.15,1.0
946,2021-01-09,PAT,190,40,150,146,13,31,0,0,0,0,0,0,0,190,0,ITH,ITH2,4,Provincia Autonoma Trento,P.A. Trento,541380,49720,9.18,0.04
947,2021-03-08,PAT,1398,433,965,65,15,0,277,2,6,1017,1,7,8,1045,353,ITH,ITH2,4,Provincia Autonoma Trento,P.A. Trento,541380,51118,9.44,0.26
948,2021-03-29,PAT,2452,957,1495,98,30,5,91,33,802,1003,100,4,286,1717,735,ITH,ITH2,4,Provincia Autonoma Trento,P.A. Trento,541380,53570,9.9,0.45
949,2021-04-17,PAT,2201,1119,1082,13,2,0,0,146,1503,77,451,0,9,2144,57,ITH,ITH2,4,Provincia Autonoma Trento,P.A. Trento,541380,55771,10.3,0.41
950,2021-01-22,PAT,1668,433,1235,904,121,631,3,3,5,1,0,0,0,329,1339,ITH,ITH2,4,Provincia Autonoma Trento,P.A. Trento,541380,57439,10.61,0.31
951,2021-02-16,PAT,663,244,419,73,2,3,10,0,8,563,0,0,4,658,5,ITH,ITH2,4,Provincia Autonoma Trento,P.A. Trento,541380,58102,10.73,0.12
952,2021-02-24,PAT,1318,523,795,236,5,29,66,4,2,974,1,1,0,922,396,ITH,ITH2,4,Provincia Autonoma Trento,P.A. Trento,541380,59420,10.98,0.24
953,2021-01-23,PAT,577,334,243,487,2,88,0,0,0,0,0,0,0,388,189,ITH,ITH2,4,Provincia Autonoma Trento,P.A. Trento,541380,59997,11.08,0.11
954,2021-03-17,PAT,2068,791,1277,398,15,55,10,4,277,1266,23,1,19,1200,868,ITH,ITH2,4,Provincia Autonoma Trento,P.A. Trento,541380,62065,11.46,0.38
955,2021-03-02,PAT,1302,440,862,138,16,55,146,4,9,925,1,1,7,926,376,ITH,ITH2,4,Provincia Autonoma Trento,P.A. Trento,541380,63367,11.7,0.24
956,2021-02-26,PAT,1218,435,783,250,12,19,105,3,2,823,0,1,3,923,295,ITH,ITH2,4,Provincia Autonoma Trento,P.A. Trento,541380,64585,11.93,0.22
957,2021-04-07,PAT,2590,1008,1582,264,27,29,101,19,630,1364,131,10,15,1650,940,ITH,ITH2,4,Provincia Autonoma Trento,P.A. Trento,541380,67175,12.41,0.48
958,2021-04-08,PAT,3112,1293,1819,184,25,46,38,57,1023,1414,307,3,15,1994,1118,ITH,ITH2,4,Provincia Autonoma Trento,P.A. Trento,541380,70287,12.98,0.57
959,2021-03-13,PAT,830,380,450,203,16,30,259,0,0,44,0,278,0,782,48,ITH,ITH2,4,Provincia Autonoma Trento,P.A. Trento,541380,71117,13.14,0.15
960,2021-01-08,PAT,1449,313,1136,775,128,530,0,0,7,7,0,0,2,1449,0,ITH,ITH2,4,Provincia Autonoma Trento,P.A. Trento,541380,72566,13.4,0.27
961,2021-04-11,PAT,2335,1133,1202,45,57,8,177,26,1754,21,235,7,5,2244,91,ITH,ITH2,4,Provincia Autonoma Trento,P.A. Trento,541380,74901,13.84,0.43
962,2020-12-31,PAT,1624,449,1175,841,105,676,0,0,1,1,0,0,0,1624,0,ITH,ITH2,4,Provincia Autonoma Trento,P.A. Trento,541380,76525,14.14,0.3
963,2021-02-15,PAT,533,187,346,145,21,27,11,1,1,322,0,0,5,419,114,ITH,ITH2,4,Provincia Autonoma Trento,P.A. Trento,541380,77058,14.23,0.1
964,2021-03-01,PAT,1237,454,783,74,1,10,95,5,8,1037,0,3,4,942,295,ITH,ITH2,4,Provincia Autonoma Trento,P.A. Trento,541380,78295,14.46,0.23
965,2021-02-09,PAT,914,287,627,447,8,73,0,2,1,381,0,0,2,441,473,ITH,ITH2,4,Provincia Autonoma Trento,P.A. Trento,541380,79209,14.63,0.17
966,2021-04-22,PAT,3127,1459,1668,74,49,8,0,1318,900,242,519,2,15,3081,46,ITH,ITH2,4,Provincia Autonoma Trento,P.A. Trento,541380,82336,15.21,0.58
967,2021-03-06,PAT,773,277,496,362,11,0,195,3,0,195,0,5,2,622,151,ITH,ITH2,4,Provincia Autonoma Trento,P.A. Trento,541380,83109,15.35,0.14
968,2021-04-30,PAT,4834,2357,2477,61,126,14,30,2795,892,172,580,3,161,4679,155,ITH,ITH2,4,Provincia Autonoma Trento,P.A. Trento,541380,87943,16.24,0.89
969,2021-01-06,PAT,42,13,29,42,0,0,0,0,0,0,0,0,0,42,0,ITH,ITH2,4,Provincia Autonoma Trento,P.A. Trento,541380,87985,16.25,0.01
970,2021-01-18,PAT,643,154,489,529,35,73,0,1,0,1,0,0,4,588,55,ITH,ITH2,4,Provincia Autonoma Trento,P.A. Trento,541380,88628,16.37,0.12
971,2021-01-05,PAT,709,232,477,495,46,162,0,1,1,0,0,0,4,709,0,ITH,ITH2,4,Provincia Autonoma Trento,P.A. Trento,541380,89337,16.5,0.13
972,2021-05-05,PAT,4887,2536,2351,137,133,11,87,1710,680,88,241,222,1578,4600,287,ITH,ITH2,4,Provincia Autonoma Trento,P.A. Trento,541380,94224,17.4,0.9
973,2021-04-20,PAT,2860,1369,1491,40,20,0,4,942,1274,175,388,2,15,2820,40,ITH,ITH2,4,Provincia Autonoma Trento,P.A. Trento,541380,97084,17.93,0.53
974,2021-03-26,PAT,3150,1226,1924,136,178,108,554,30,1096,901,63,46,38,2551,599,ITH,ITH2,4,Provincia Autonoma Trento,P.A. Trento,541380,100234,18.51,0.58
975,2021-04-23,PAT,3580,1740,1840,33,16,20,9,1590,798,200,886,1,27,3522,58,ITH,ITH2,4,Provincia Autonoma Trento,P.A. Trento,541380,103814,19.18,0.66
976,2021-02-06,PAT,574,298,276,179,0,0,0,1,0,391,0,0,3,433,141,ITH,ITH2,4,Provincia Autonoma Trento,P.A. Trento,541380,104388,19.28,0.11
977,2021-02-21,PAT,155,92,63,154,0,0,1,0,0,0,0,0,0,43,112,ITH,ITH2,4,Provincia Autonoma Trento,P.A. Trento,541380,104543,19.31,0.03
978,2021-01-20,PAT,291,73,218,232,10,48,0,0,0,0,0,0,1,279,12,ITH,ITH2,4,Provincia Autonoma Trento,P.A. Trento,541380,104834,19.36,0.05
979,2021-01-02,PAT,502,143,359,336,21,141,0,0,0,3,0,0,1,502,0,ITH,ITH2,4,Provincia Autonoma Trento,P.A. Trento,541380,105336,19.46,0.09
980,2021-04-01,PAT,2893,1228,1665,192,137,8,125,33,503,1644,122,24,105,1798,1095,ITH,ITH2,4,Provincia Autonoma Trento,P.A. Trento,541380,108229,19.99,0.53
981,2021-03-11,PAT,2293,851,1442,105,50,41,391,8,13,1587,22,59,17,1471,822,ITH,ITH2,4,Provincia Autonoma Trento,P.A. Trento,541380,110522,20.41,0.42
982,2021-02-02,PAT,907,240,667,507,33,189,0,2,5,170,0,0,1,190,717,ITH,ITH2,4,Provincia Autonoma Trento,P.A. Trento,541380,111429,20.58,0.17
983,2021-01-11,PAT,730,221,509,523,49,153,0,1,0,0,0,0,4,730,0,ITH,ITH2,4,Provincia Autonoma Trento,P.A. Trento,541380,112159,20.72,0.13
984,2021-04-18,PAT,1853,844,1009,10,54,4,3,1025,509,23,219,0,6,1845,8,ITH,ITH2,4,Provincia Autonoma Trento,P.A. Trento,541380,114012,21.06,0.34
985,2021-01-15,PAT,594,131,463,463,18,111,0,0,1,0,0,0,1,594,0,ITH,ITH2,4,Provincia Autonoma Trento,P.A. Trento,541380,114606,21.17,0.11
986,2021-05-04,PAT,4457,2416,2041,38,65,27,26,1575,441,81,365,182,1657,4368,89,ITH,ITH2,4,Provincia Autonoma Trento,P.A. Trento,541380,119063,21.99,0.82
987,2021-03-23,PAT,2439,941,1498,146,111,71,163,7,845,1011,35,34,16,1699,740,ITH,ITH2,4,Provincia Autonoma Trento,P.A. Trento,541380,121502,22.44,0.45
988,2021-03-24,PAT,2374,940,1434,206,90,42,225,6,237,1450,66,42,10,1554,820,ITH,ITH2,4,Provincia Autonoma Trento,P.A. Trento,541380,123876,22.88,0.44
989,2021-05-09,PAT,2322,1210,1112,11,219,0,23,330,84,34,282,65,1274,1974,348,ITH,ITH2,4,Provincia Autonoma Trento,P.A. Trento,541380,126198,23.31,0.43
990,2021-04-21,PAT,2892,1348,1544,47,12,3,1,1176,920,195,532,0,6,2837,55,ITH,ITH2,4,Provincia Autonoma Trento,P.A. Trento,541380,129090,23.84,0.53
991,2021-02-17,PAT,1110,425,685,326,9,35,12,3,11,709,0,3,2,1020,90,ITH,ITH2,4,Provincia Autonoma Trento,P.A. Trento,541380,130200,24.05,0.21
992,2020-12-27,PAT,103,40,63,76,4,21,0,0,0,0,0,0,2,103,0,ITH,ITH2,4,Provincia Autonoma Trento,P.A. Trento,541380,130303,24.07,0.02
993,2021-05-08,PAT,3126,1709,1417,15,270,0,29,418,90,34,332,157,1781,2708,418,ITH,ITH2,4,Provincia Autonoma Trento,P.A. Trento,541380,133429,24.65,0.58
994,2021-03-14,PAT,107,65,42,102,0,0,5,0,0,0,0,0,0,20,87,ITH,ITH2,4,Provincia Autonoma Trento,P.A. Trento,541380,133536,24.67,0.02
995,2021-04-24,PAT,3441,1654,1787,3,30,3,2,2125,338,43,885,0,12,3422,19,ITH,ITH2,4,Provincia Autonoma Trento,P.A. Trento,541380,136977,25.3,0.64
996,2021-04-27,PAT,3863,1861,2002,27,104,1,5,2093,902,147,529,16,39,3797,66,ITH,ITH2,4,Provincia Autonoma Trento,P.A. Trento,541380,140840,26.01,0.71
997,2021-01-10,PAT,84,19,65,54,18,12,0,0,0,0,0,0,0,84,0,ITH,ITH2,4,Provincia Autonoma Trento,P.A. Trento,541380,140924,26.03,0.02
998,2021-01-31,PAT,75,15,60,55,13,6,0,1,0,0,0,0,0,1,74,ITH,ITH2,4,Provincia Autonoma Trento,P.A. Trento,541380,140999,26.04,0.01
999,2021-02-10,PAT,851,291,560,311,7,51,0,1,0,481,0,0,0,509,342,ITH,ITH2,4,Provincia Autonoma Trento,P.A. Trento,541380,141850,26.2,0.16
1000,2021-04-02,PAT,2774,1140,1634,152,65,44,298,58,1168,689,133,15,152,2110,664,ITH,ITH2,4,Provincia Autonoma Trento,P.A. Trento,541380,144624,26.71,0.51
1001,2021-01-12,PAT,505,158,347,418,25,61,0,0,0,0,0,0,1,505,0,ITH,ITH2,4,Provincia Autonoma Trento,P.A. Trento,541380,145129,26.81,0.09
1002,2021-01-01,PAT,213,50,163,114,11,88,0,0,0,0,0,0,0,213,0,ITH,ITH2,4,Provincia Autonoma Trento,P.A. Trento,541380,145342,26.85,0.04
1003,2021-02-11,PAT,1132,365,767,332,3,48,0,0,5,739,0,0,5,796,336,ITH,ITH2,4,Provincia Autonoma Trento,P.A. Trento,541380,146474,27.06,0.21
1004,2021-03-09,PAT,1579,588,991,98,44,31,199,2,8,1102,1,92,2,936,643,ITH,ITH2,4,Provincia Autonoma Trento,P.A. Trento,541380,148053,27.35,0.29
1005,2021-04-12,PAT,3077,1401,1676,136,35,31,365,76,1319,754,318,12,31,2582,495,ITH,ITH2,4,Provincia Autonoma Trento,P.A. Trento,541380,151130,27.92,0.57
1006,2021-02-01,PAT,1220,335,885,767,70,375,0,1,1,0,0,0,6,92,1128,ITH,ITH2,4,Provincia Autonoma Trento,P.A. Trento,541380,152350,28.14,0.23
1007,2021-03-12,PAT,2493,931,1562,207,254,106,557,9,26,1120,5,203,6,1688,805,ITH,ITH2,4,Provincia Autonoma Trento,P.A. Trento,541380,154843,28.6,0.46
1008,2021-01-07,PAT,1270,310,960,649,46,557,0,1,4,13,0,0,0,1270,0,ITH,ITH2,4,Provincia Autonoma Trento,P.A. Trento,541380,156113,28.84,0.23
1009,2021-02-27,PAT,1025,456,569,459,5,2,113,0,2,435,0,4,5,604,421,ITH,ITH2,4,Provincia Autonoma Trento,P.A. Trento,541380,157138,29.03,0.19
1010,2021-02-20,PAT,406,245,161,330,10,30,31,0,0,1,0,3,1,122,284,ITH,ITH2,4,Provincia Autonoma Trento,P.A. Trento,541380,157544,29.1,0.07
1011,2021-01-25,PAT,817,215,602,524,27,263,0,0,0,2,0,0,1,23,794,ITH,ITH2,4,Provincia Autonoma Trento,P.A. Trento,541380,158361,29.25,0.15
1012,2021-02-08,PAT,1151,318,833,551,53,237,1,1,4,303,0,0,1,342,809,ITH,ITH2,4,Provincia Autonoma Trento,P.A. Trento,541380,159512,29.46,0.21
1013,2021-03-31,PAT,2552,983,1569,147,34,5,227,26,480,1474,101,6,52,1695,857,ITH,ITH2,4,Provincia Autonoma Trento,P.A. Trento,541380,162064,29.94,0.47
1014,2021-02-05,PAT,801,271,530,466,19,66,0,1,0,248,0,0,1,283,518,ITH,ITH2,4,Provincia Autonoma Trento,P.A. Trento,541380,162865,30.08,0.15
1015,2021-04-10,PAT,2790,1306,1484,21,8,1,188,42,2183,67,257,11,12,1996,794,ITH,ITH2,4,Provincia Autonoma Trento,P.A. Trento,541380,165655,30.6,0.52
1016,2021-04-16,PAT,2828,1340,1488,84,28,25,8,224,1244,389,801,2,23,2683,145,ITH,ITH2,4,Provincia Autonoma Trento,P.A. Trento,541380,168483,31.12,0.52
1017,2021-02-04,PAT,973,304,669,544,10,89,0,1,2,325,0,0,2,420,553,ITH,ITH2,4,Provincia Autonoma Trento,P.A. Trento,541380,169456,31.3,0.18
1018,2021-03-22,PAT,2304,972,1332,82,132,8,103,11,849,994,61,38,26,1429,875,ITH,ITH2,4,Provincia Autonoma Trento,P.A. Trento,541380,171760,31.73,0.43
1019,2021-01-17,PAT,251,195,56,251,0,0,0,0,0,0,0,0,0,251,0,ITH,ITH2,4,Provincia Autonoma Trento,P.A. Trento,541380,172011,31.77,0.05
1020,2021-01-16,PAT,319,148,171,304,0,15,0,0,0,0,0,0,0,319,0,ITH,ITH2,4,Provincia Autonoma Trento,P.A. Trento,541380,172330,31.83,0.06
1021,2021-02-18,PAT,1205,426,779,300,25,35,55,2,3,782,0,3,0,1143,62,ITH,ITH2,4,Provincia Autonoma Trento,P.A. Trento,541380,173535,32.05,0.22
1022,2021-05-02,PAT,3512,1955,1557,18,137,0,3,1509,150,21,252,128,1294,3472,40,ITH,ITH2,4,Provincia Autonoma Trento,P.A. Trento,541380,177047,32.7,0.65
1023,2021-02-28,PAT,242,121,121,231,0,0,11,0,0,0,0,0,0,242,0,ITH,ITH2,4,Provincia Autonoma Trento,P.A. Trento,541380,177289,32.75,0.04
1024,2021-04-06,PAT,2257,949,1308,40,6,9,101,11,850,1069,141,18,12,1489,768,ITH,ITH2,4,Provincia Autonoma Trento,P.A. Trento,541380,179546,33.16,0.42
1025,2021-03-28,PAT,748,292,456,18,414,0,2,9,18,8,168,107,4,745,3,ITH,ITH2,4,Provincia Autonoma Trento,P.A. Trento,541380,180294,33.3,0.14
1026,2021-04-03,PAT,1137,471,666,143,268,0,31,10,146,61,366,107,5,970,167,ITH,ITH2,4,Provincia Autonoma Trento,P.A. Trento,541380,181431,33.51,0.21
1027,2021-02-22,PAT,745,259,486,119,4,70,45,1,4,501,0,0,1,661,84,ITH,ITH2,4,Provincia Autonoma Trento,P.A. Trento,541380,182176,33.65,0.14
1028,2021-04-26,PAT,2636,1243,1393,18,12,0,10,667,1147,148,618,1,15,2545,91,ITH,ITH2,4,Provincia Autonoma Trento,P.A. Trento,541380,184812,34.14,0.49
1029,2021-03-19,PAT,2423,915,1508,321,70,53,68,17,758,1065,50,2,19,1571,852,ITH,ITH2,4,Provincia Autonoma Trento,P.A. Trento,541380,187235,34.58,0.45
1030,2021-02-19,PAT,927,358,569,169,38,93,28,5,11,582,0,1,0,869,58,ITH,ITH2,4,Provincia Autonoma Trento,P.A. Trento,541380,188162,34.76,0.17
1031,2021-01-28,PAT,530,147,383,390,29,107,0,1,1,2,0,0,0,48,482,ITH,ITH2,4,Provincia Autonoma Trento,P.A. Trento,541380,188692,34.85,0.1
1032,2021-03-16,PAT,1391,506,885,221,7,36,5,1,24,1073,11,0,13,608,783,ITH,ITH2,4,Provincia Autonoma Trento,P.A. Trento,541380,190083,35.11,0.26
1033,2021-01-04,PAT,870,227,643,486,41,336,0,2,4,1,0,0,0,870,0,ITH,ITH2,4,Provincia Autonoma Trento,P.A. Trento,541380,190953,35.27,0.16
1034,2021-04-09,PAT,2705,1143,1562,86,27,27,196,60,1290,897,111,4,7,1506,1199,ITH,ITH2,4,Provincia Autonoma Trento,P.A. Trento,541380,193658,35.77,0.5
1035,2021-02-25,PAT,1640,643,997,120,9,32,93,2,3,1377,0,1,3,1200,440,ITH,ITH2,4,Provincia Autonoma Trento,P.A. Trento,541380,195298,36.07,0.3
1036,2021-01-03,PAT,492,160,332,419,9,63,0,0,0,0,0,0,1,492,0,ITH,ITH2,4,Provincia Autonoma Trento,P.A. Trento,541380,195790,36.16,0.09
1037,2021-04-28,PAT,4218,1961,2257,99,43,5,23,2399,905,168,532,3,41,4071,147,ITH,ITH2,4,Provincia Autonoma Trento,P.A. Trento,541380,200008,36.94,0.78
1038,2021-01-19,PAT,405,77,328,365,3,36,0,0,0,0,0,0,1,405,0,ITH,ITH2,4,Provincia Autonoma Trento,P.A. Trento,541380,200413,37.02,0.07
1039,2021-02-03,PAT,846,314,532,356,13,73,0,1,2,400,0,0,1,414,432,ITH,ITH2,4,Provincia Autonoma Trento,P.A. Trento,541380,201259,37.18,0.16
1040,2021-02-14,PAT,246,186,60,246,0,0,0,0,0,0,0,0,0,11,235,ITH,ITH2,4,Provincia Autonoma Trento,P.A. Trento,541380,201505,37.22,0.05
1041,2021-04-13,PAT,2546,1054,1492,25,12,3,389,40,1218,693,144,2,20,2039,507,ITH,ITH2,4,Provincia Autonoma Trento,P.A. Trento,541380,204051,37.69,0.47
1042,2020-12-30,PAT,7,3,4,4,1,2,0,0,0,0,0,0,0,7,0,ITH,ITH2,4,Provincia Autonoma Trento,P.A. Trento,541380,204058,37.69,0.0
1043,2021-05-03,PAT,4230,2175,2055,90,80,3,7,2061,444,115,513,135,782,4059,171,ITH,ITH2,4,Provincia Autonoma Trento,P.A. Trento,541380,208288,38.47,0.78
1044,2021-05-01,PAT,4815,2454,2361,25,71,0,4,2906,175,44,564,81,945,4777,38,ITH,ITH2,4,Provincia Autonoma Trento,P.A. Trento,541380,213103,39.36,0.89
1045,2021-03-25,PAT,2872,1103,1769,184,141,28,359,32,631,1326,83,25,63,1823,1049,ITH,ITH2,4,Provincia Autonoma Trento,P.A. Trento,541380,215975,39.89,0.53
1046,2021-03-30,PAT,2380,970,1410,71,60,53,177,18,792,1048,95,9,57,1743,637,ITH,ITH2,4,Provincia Autonoma Trento,P.A. Trento,541380,218355,40.33,0.44
1047,2021-01-26,PAT,542,154,388,441,16,84,0,0,0,0,0,0,1,27,515,ITH,ITH2,4,Provincia Autonoma Trento,P.A. Trento,541380,218897,40.43,0.1
1048,2021-01-07,LIG,3229,1095,2134,2340,316,465,4,18,5,0,0,1,80,3229,0,ITC,ITC3,7,Liguria,Liguria,1550640,3229,0.21,0.21
1049,2021-01-08,LIG,2926,999,1927,2083,343,431,4,12,0,0,0,1,52,2926,0,ITC,ITC3,7,Liguria,Liguria,1550640,6155,0.4,0.19
1050,2021-02-18,LIG,2762,1126,1636,958,195,350,2,22,7,1006,35,0,187,2431,331,ITC,ITC3,7,Liguria,Liguria,1550640,8917,0.58,0.18
1051,2021-02-19,LIG,3103,1283,1820,994,246,97,3,39,22,1450,0,4,248,2927,176,ITC,ITC3,7,Liguria,Liguria,1550640,12020,0.78,0.2
1052,2021-04-28,LIG,14443,6519,7924,276,181,85,333,3102,4046,3120,2889,59,352,6456,7987,ITC,ITC3,7,Liguria,Liguria,1550640,26463,1.71,0.93
1053,2021-04-10,LIG,7877,3556,4321,216,90,34,9,172,3954,1578,1612,6,206,6963,914,ITC,ITC3,7,Liguria,Liguria,1550640,34340,2.21,0.51
1054,2021-02-11,LIG,1972,765,1207,1249,230,456,6,3,1,0,4,0,23,1102,870,ITC,ITC3,7,Liguria,Liguria,1550640,36312,2.34,0.13
1055,2021-03-13,LIG,3826,1615,2211,332,120,72,790,100,45,1782,11,179,395,2971,855,ITC,ITC3,7,Liguria,Liguria,1550640,40138,2.59,0.25
1056,2021-01-18,LIG,2134,744,1390,1252,384,438,10,12,5,1,0,0,32,1977,157,ITC,ITC3,7,Liguria,Liguria,1550640,42272,2.73,0.14
1057,2021-02-22,LIG,3331,1464,1867,713,104,236,2,2,13,2237,0,7,17,3193,138,ITC,ITC3,7,Liguria,Liguria,1550640,45603,2.94,0.21
1058,2021-03-16,LIG,6073,2722,3351,939,176,324,6,35,77,4275,142,14,85,2349,3724,ITC,ITC3,7,Liguria,Liguria,1550640,51676,3.33,0.39
1059,2020-12-29,LIG,125,33,92,93,11,21,0,0,0,0,0,0,0,125,0,ITC,ITC3,7,Liguria,Liguria,1550640,51801,3.34,0.01
1060,2021-03-26,LIG,9122,3854,5268,602,325,65,1297,221,265,3896,1840,377,234,5968,3154,ITC,ITC3,7,Liguria,Liguria,1550640,60923,3.93,0.59
1061,2021-03-12,LIG,6152,2815,3337,1208,459,84,4,77,79,3504,53,590,94,3683,2469,ITC,ITC3,7,Liguria,Liguria,1550640,67075,4.33,0.4
1062,2021-04-02,LIG,11669,5116,6553,435,225,40,910,356,3180,3623,2465,139,296,9183,2486,ITC,ITC3,7,Liguria,Liguria,1550640,78744,5.08,0.75
1063,2021-01-16,LIG,1278,557,721,753,196,299,1,4,2,0,1,0,22,1278,0,ITC,ITC3,7,Liguria,Liguria,1550640,80022,5.16,0.08
1064,2021-04-04,LIG,756,366,390,30,0,0,0,36,64,325,222,0,79,507,249,ITC,ITC3,7,Liguria,Liguria,1550640,80778,5.21,0.05
1065,2021-01-01,LIG,144,55,89,139,5,0,0,0,0,0,0,0,0,144,0,ITC,ITC3,7,Liguria,Liguria,1550640,80922,5.22,0.01
1066,2021-01-05,LIG,2879,896,1983,2308,240,261,7,7,1,17,0,0,38,2879,0,ITC,ITC3,7,Liguria,Liguria,1550640,83801,5.4,0.19
1067,2021-04-01,LIG,12378,5468,6910,437,239,142,939,345,3490,3710,2546,188,342,9608,2770,ITC,ITC3,7,Liguria,Liguria,1550640,96179,6.2,0.8
1068,2021-01-20,LIG,1549,554,995,727,332,480,2,0,2,0,0,0,6,1537,12,ITC,ITC3,7,Liguria,Liguria,1550640,97728,6.3,0.1
1069,2021-04-03,LIG,5406,2498,2908,117,79,3,19,136,2420,1395,1125,9,103,4463,943,ITC,ITC3,7,Liguria,Liguria,1550640,103134,6.65,0.35
1070,2021-01-15,LIG,2254,753,1501,1326,349,517,2,8,1,2,1,0,48,2254,0,ITC,ITC3,7,Liguria,Liguria,1550640,105388,6.8,0.15
1071,2021-01-06,LIG,1660,616,1044,1230,142,113,3,36,10,65,0,0,61,1660,0,ITC,ITC3,7,Liguria,Liguria,1550640,107048,6.9,0.11
1072,2021-01-10,LIG,648,262,386,369,101,176,0,1,0,0,0,0,1,648,0,ITC,ITC3,7,Liguria,Liguria,1550640,107696,6.95,0.04
1073,2021-02-02,LIG,2668,1005,1663,1974,216,464,2,2,0,0,0,0,10,134,2534,ITC,ITC3,7,Liguria,Liguria,1550640,110364,7.12,0.17
1074,2021-04-07,LIG,13586,6032,7554,443,287,108,574,491,4246,4295,2631,150,361,11297,2289,ITC,ITC3,7,Liguria,Liguria,1550640,123950,7.99,0.88
1075,2021-01-28,LIG,2847,971,1876,2239,270,310,5,0,1,1,0,1,20,39,2808,ITC,ITC3,7,Liguria,Liguria,1550640,126797,8.18,0.18
1076,2021-05-09,LIG,2821,1241,1580,123,61,4,70,111,1016,429,788,16,203,1110,1711,ITC,ITC3,7,Liguria,Liguria,1550640,129618,8.36,0.18
1077,2021-01-02,LIG,691,245,446,595,95,0,0,0,0,0,0,0,1,691,0,ITC,ITC3,7,Liguria,Liguria,1550640,130309,8.4,0.04
1078,2021-05-05,LIG,13552,6080,7472,534,201,90,18,2571,4610,2957,2123,132,316,5166,8386,ITC,ITC3,7,Liguria,Liguria,1550640,143861,9.28,0.87
1079,2021-04-09,LIG,12404,5549,6855,544,354,110,582,442,4131,3625,2243,61,312,10676,1728,ITC,ITC3,7,Liguria,Liguria,1550640,156265,10.08,0.8
1080,2021-01-11,LIG,2654,990,1664,1992,314,315,1,7,0,0,1,0,24,2654,0,ITC,ITC3,7,Liguria,Liguria,1550640,158919,10.25,0.17
1081,2021-01-14,LIG,2982,1056,1926,1872,524,553,1,5,0,0,0,2,25,2982,0,ITC,ITC3,7,Liguria,Liguria,1550640,161901,10.44,0.19
1082,2021-03-03,LIG,4579,1846,2733,1039,202,308,4,4,5,2982,0,4,31,3554,1025,ITC,ITC3,7,Liguria,Liguria,1550640,166480,10.74,0.3
1083,2021-01-09,LIG,1335,481,854,999,131,188,2,4,0,0,0,1,10,1335,0,ITC,ITC3,7,Liguria,Liguria,1550640,167815,10.82,0.09
1084,2021-02-16,LIG,2397,954,1443,984,238,283,2,19,4,704,12,0,151,2004,393,ITC,ITC3,7,Liguria,Liguria,1550640,170212,10.98,0.15
1085,2021-04-18,LIG,2604,1160,1444,216,93,44,1,20,825,520,879,0,6,2135,469,ITC,ITC3,7,Liguria,Liguria,1550640,172816,11.14,0.17
1086,2021-05-06,LIG,14283,6322,7961,653,339,114,50,3114,4332,2829,2396,155,301,6012,8271,ITC,ITC3,7,Liguria,Liguria,1550640,187099,12.07,0.92
1087,2021-04-24,LIG,8168,3784,4384,137,116,58,4,1872,2563,1293,1900,8,217,5016,3152,ITC,ITC3,7,Liguria,Liguria,1550640,195267,12.59,0.53
1088,2021-04-29,LIG,15535,6964,8571,553,228,140,527,3459,4704,2931,2631,82,280,6722,8813,ITC,ITC3,7,Liguria,Liguria,1550640,210802,13.59,1.0
1089,2021-02-10,LIG,2300,834,1466,1357,391,513,5,6,2,5,0,0,21,1017,1283,ITC,ITC3,7,Liguria,Liguria,1550640,213102,13.74,0.15
1090,2021-01-31,LIG,624,270,354,418,71,135,0,0,0,0,0,0,0,9,615,ITC,ITC3,7,Liguria,Liguria,1550640,213726,13.78,0.04
1091,2021-02-20,LIG,1336,637,699,160,107,123,0,34,5,589,0,4,314,1335,1,ITC,ITC3,7,Liguria,Liguria,1550640,215062,13.87,0.09
1092,2021-01-21,LIG,1102,385,717,584,159,332,0,2,2,1,0,0,22,672,430,ITC,ITC3,7,Liguria,Liguria,1550640,216164,13.94,0.07
1093,2021-05-04,LIG,13527,6057,7470,476,99,107,17,2806,4454,3025,2151,89,303,5324,8203,ITC,ITC3,7,Liguria,Liguria,1550640,229691,14.81,0.87
1094,2021-02-23,LIG,3805,1559,2246,687,163,116,1,5,5,2749,42,4,33,3696,109,ITC,ITC3,7,Liguria,Liguria,1550640,233496,15.06,0.25
1095,2021-02-26,LIG,3763,1523,2240,782,147,168,2,16,26,2607,0,0,15,3435,328,ITC,ITC3,7,Liguria,Liguria,1550640,237259,15.3,0.24
1096,2021-04-30,LIG,14290,6374,7916,346,172,76,513,2957,4281,2923,2692,57,273,5722,8568,ITC,ITC3,7,Liguria,Liguria,1550640,251549,16.22,0.92
1097,2021-05-10,LIG,1997,901,1096,80,18,0,1,294,750,530,278,1,45,620,1377,ITC,ITC3,7,Liguria,Liguria,1550640,253546,16.35,0.13
1098,2021-04-11,LIG,4248,1931,2317,67,55,24,73,66,2116,627,1175,10,35,3999,249,ITC,ITC3,7,Liguria,Liguria,1550640,257794,16.63,0.27
1099,2021-02-13,LIG,1080,508,572,543,80,148,0,0,0,257,0,2,50,800,280,ITC,ITC3,7,Liguria,Liguria,1550640,258874,16.69,0.07
1100,2021-02-24,LIG,3763,1560,2203,806,193,153,1,2,6,2583,1,0,18,3505,258,ITC,ITC3,7,Liguria,Liguria,1550640,262637,16.94,0.24
1101,2021-03-20,LIG,2316,995,1321,224,81,0,0,12,44,1857,12,67,19,1142,1174,ITC,ITC3,7,Liguria,Liguria,1550640,264953,17.09,0.15
1102,2021-02-17,LIG,2632,1167,1465,892,202,261,1,15,8,1121,0,8,124,2262,370,ITC,ITC3,7,Liguria,Liguria,1550640,267585,17.26,0.17
1103,2021-03-06,LIG,3301,1841,1460,377,150,120,1,58,6,1537,0,559,493,2597,704,ITC,ITC3,7,Liguria,Liguria,1550640,270886,17.47,0.21
1104,2021-01-25,LIG,2717,888,1829,2208,175,317,2,5,1,0,0,0,9,471,2246,ITC,ITC3,7,Liguria,Liguria,1550640,273603,17.64,0.18
1105,2021-04-12,LIG,12374,5469,6905,529,227,112,45,540,4163,4211,2154,68,325,10356,2018,ITC,ITC3,7,Liguria,Liguria,1550640,285977,18.44,0.8
1106,2021-02-12,LIG,1921,687,1234,872,203,394,1,2,1,431,0,7,10,896,1025,ITC,ITC3,7,Liguria,Liguria,1550640,287898,18.57,0.12
1107,2021-03-10,LIG,5879,2840,3039,826,352,95,1,23,28,3752,43,610,149,3973,1906,ITC,ITC3,7,Liguria,Liguria,1550640,293777,18.95,0.38
1108,2021-04-22,LIG,13801,6188,7613,530,166,50,534,2709,3374,3002,2957,135,344,8737,5064,ITC,ITC3,7,Liguria,Liguria,1550640,307578,19.84,0.89
1109,2021-03-27,LIG,3920,1538,2382,176,175,36,706,26,89,2057,502,92,61,2525,1395,ITC,ITC3,7,Liguria,Liguria,1550640,311498,20.09,0.25
1110,2021-03-31,LIG,11844,5207,6637,527,179,103,879,352,2612,4217,2444,219,312,9074,2770,ITC,ITC3,7,Liguria,Liguria,1550640,323342,20.85,0.76
1111,2021-04-08,LIG,13718,6152,7566,685,322,109,651,461,4357,3929,2791,76,337,11674,2044,ITC,ITC3,7,Liguria,Liguria,1550640,337060,21.74,0.88
1112,2021-03-02,LIG,4074,1689,2385,727,93,76,4,8,16,3089,42,3,16,3764,310,ITC,ITC3,7,Liguria,Liguria,1550640,341134,22.0,0.26
1113,2021-03-30,LIG,12143,5377,6766,484,255,152,850,317,2406,4296,2815,279,289,8754,3389,ITC,ITC3,7,Liguria,Liguria,1550640,353277,22.78,0.78
1114,2021-05-02,LIG,3872,1768,2104,51,20,2,1,275,2277,402,786,2,56,500,3372,ITC,ITC3,7,Liguria,Liguria,1550640,357149,23.03,0.25
1115,2021-03-01,LIG,3500,1427,2073,528,81,106,1,4,6,2751,0,0,23,3378,122,ITC,ITC3,7,Liguria,Liguria,1550640,360649,23.26,0.23
1116,2021-03-08,LIG,5622,2456,3166,1124,319,80,7,35,15,3570,11,384,77,3933,1689,ITC,ITC3,7,Liguria,Liguria,1550640,366271,23.62,0.36
1117,2021-05-07,LIG,13395,5953,7442,586,380,43,35,2504,4091,2606,2477,141,532,5651,7744,ITC,ITC3,7,Liguria,Liguria,1550640,379666,24.48,0.86
1118,2021-04-17,LIG,7256,3178,4078,177,153,106,4,1206,2589,1494,1357,8,162,6524,732,ITC,ITC3,7,Liguria,Liguria,1550640,386922,24.95,0.47
1119,2021-03-17,LIG,5553,2369,3184,782,156,93,8,20,74,4260,109,4,47,2474,3079,ITC,ITC3,7,Liguria,Liguria,1550640,392475,25.31,0.36
1120,2021-02-04,LIG,2815,985,1830,1866,461,471,8,0,0,0,0,1,8,179,2636,ITC,ITC3,7,Liguria,Liguria,1550640,395290,25.49,0.18
1121,2021-01-23,LIG,809,295,514,633,129,43,1,2,1,0,0,0,0,153,656,ITC,ITC3,7,Liguria,Liguria,1550640,396099,25.54,0.05
1122,2021-04-06,LIG,13170,5856,7314,543,269,208,553,373,4063,4151,2496,134,380,10930,2240,ITC,ITC3,7,Liguria,Liguria,1550640,409269,26.39,0.85
1123,2021-02-15,LIG,2264,839,1425,1091,217,241,2,12,1,664,0,1,35,1867,397,ITC,ITC3,7,Liguria,Liguria,1550640,411533,26.54,0.15
1124,2021-02-28,LIG,1060,581,479,12,2,4,0,63,7,474,0,0,498,1051,9,ITC,ITC3,7,Liguria,Liguria,1550640,412593,26.61,0.07
1125,2020-12-30,LIG,12,5,7,12,0,0,0,0,0,0,0,0,0,12,0,ITC,ITC3,7,Liguria,Liguria,1550640,412605,26.61,0.0
1126,2021-02-09,LIG,1934,687,1247,1099,325,473,22,2,0,0,0,0,13,256,1678,ITC,ITC3,7,Liguria,Liguria,1550640,414539,26.73,0.12
1127,2021-03-22,LIG,7653,3394,4259,579,192,83,877,122,96,4086,1107,370,141,4720,2933,ITC,ITC3,7,Liguria,Liguria,1550640,422192,27.23,0.49
1128,2021-01-17,LIG,861,300,561,516,30,262,1,4,2,0,0,0,46,861,0,ITC,ITC3,7,Liguria,Liguria,1550640,423053,27.28,0.06
1129,2021-04-26,LIG,10404,4890,5514,350,111,123,3,3401,2500,1362,2338,58,158,7790,2614,ITC,ITC3,7,Liguria,Liguria,1550640,433457,27.95,0.67
1130,2021-02-07,LIG,407,153,254,191,18,187,0,0,0,0,9,0,2,2,405,ITC,ITC3,7,Liguria,Liguria,1550640,433864,27.98,0.03
1131,2021-03-11,LIG,6348,3053,3295,1146,170,262,2,42,39,3800,90,720,77,4342,2006,ITC,ITC3,7,Liguria,Liguria,1550640,440212,28.39,0.41
1132,2021-04-05,LIG,3976,1751,2225,188,44,10,10,141,921,2211,338,5,108,2327,1649,ITC,ITC3,7,Liguria,Liguria,1550640,444188,28.65,0.26
1133,2021-01-04,LIG,2616,854,1762,2198,158,176,3,22,3,0,1,0,55,2616,0,ITC,ITC3,7,Liguria,Liguria,1550640,446804,28.81,0.17
1134,2021-05-03,LIG,13213,5903,7310,338,192,90,24,3650,3299,2936,2327,92,265,6426,6787,ITC,ITC3,7,Liguria,Liguria,1550640,460017,29.67,0.85
1135,2021-04-25,LIG,1936,921,1015,12,2,0,0,676,739,162,340,0,5,1521,415,ITC,ITC3,7,Liguria,Liguria,1550640,461953,29.79,0.12
1136,2021-04-23,LIG,14618,6623,7995,352,221,72,544,3310,3463,3261,3016,90,289,8523,6095,ITC,ITC3,7,Liguria,Liguria,1550640,476571,30.73,0.94
1137,2020-12-31,LIG,989,354,635,751,34,155,0,4,10,28,0,0,7,989,0,ITC,ITC3,7,Liguria,Liguria,1550640,477560,30.8,0.06
1138,2021-03-15,LIG,7301,3075,4226,819,338,106,962,126,83,3782,628,304,153,4597,2704,ITC,ITC3,7,Liguria,Liguria,1550640,484861,31.27,0.47
1139,2021-02-21,LIG,869,491,378,183,21,102,0,38,4,267,0,0,254,865,4,ITC,ITC3,7,Liguria,Liguria,1550640,485730,31.32,0.06
1140,2021-02-06,LIG,1891,767,1124,1309,186,375,1,0,1,0,0,0,19,145,1746,ITC,ITC3,7,Liguria,Liguria,1550640,487621,31.45,0.12
1141,2021-01-13,LIG,2756,1014,1742,1914,307,487,4,8,7,1,0,0,28,2756,0,ITC,ITC3,7,Liguria,Liguria,1550640,490377,31.62,0.18
1142,2021-04-13,LIG,13047,5857,7190,515,227,112,103,593,4633,4364,2139,88,273,11028,2019,ITC,ITC3,7,Liguria,Liguria,1550640,503424,32.47,0.84
1143,2021-01-03,LIG,734,230,504,658,62,0,1,2,0,0,0,0,11,734,0,ITC,ITC3,7,Liguria,Liguria,1550640,504158,32.51,0.05
1144,2021-04-16,LIG,11921,5257,6664,490,249,113,43,1841,3397,3459,2035,77,217,10110,1811,ITC,ITC3,7,Liguria,Liguria,1550640,516079,33.28,0.77
1145,2021-01-19,LIG,1370,437,933,718,313,329,3,1,0,0,0,0,6,1280,90,ITC,ITC3,7,Liguria,Liguria,1550640,517449,33.37,0.09
1146,2021-01-30,LIG,1661,567,1094,1261,121,257,2,6,0,0,0,0,14,25,1636,ITC,ITC3,7,Liguria,Liguria,1550640,519110,33.48,0.11
1147,2021-04-20,LIG,14209,6503,7706,460,131,171,378,3169,3309,3466,2790,18,317,9860,4349,ITC,ITC3,7,Liguria,Liguria,1550640,533319,34.39,0.92
1148,2021-02-05,LIG,2674,986,1688,1744,417,494,4,1,1,0,0,0,13,304,2370,ITC,ITC3,7,Liguria,Liguria,1550640,535993,34.57,0.17
1149,2021-02-03,LIG,2316,792,1524,1628,224,416,1,7,4,0,0,0,36,55,2261,ITC,ITC3,7,Liguria,Liguria,1550640,538309,34.72,0.15
1150,2020-12-28,LIG,80,30,50,77,0,0,0,1,0,1,0,0,1,80,0,ITC,ITC3,7,Liguria,Liguria,1550640,538389,34.72,0.01
1151,2021-05-01,LIG,7134,3255,3879,167,63,24,3,693,3865,926,1236,6,151,1332,5802,ITC,ITC3,7,Liguria,Liguria,1550640,545523,35.18,0.46
1152,2021-03-24,LIG,8925,3829,5096,524,236,103,1337,154,140,4342,1378,556,155,5636,3289,ITC,ITC3,7,Liguria,Liguria,1550640,554448,35.76,0.58
1153,2021-03-23,LIG,9029,4080,4949,662,222,126,1311,150,103,4052,1657,583,163,5820,3209,ITC,ITC3,7,Liguria,Liguria,1550640,563477,36.34,0.58
1154,2021-02-25,LIG,3453,1349,2104,555,138,92,1,7,2,2586,42,2,28,3323,130,ITC,ITC3,7,Liguria,Liguria,1550640,566930,36.56,0.22
1155,2021-01-24,LIG,756,237,519,632,61,60,0,0,0,0,0,0,3,113,643,ITC,ITC3,7,Liguria,Liguria,1550640,567686,36.61,0.05
1156,2021-03-25,LIG,9586,4077,5509,660,265,172,1614,151,259,3733,2060,524,148,6195,3391,ITC,ITC3,7,Liguria,Liguria,1550640,577272,37.23,0.62
1157,2021-03-07,LIG,1857,1084,773,184,200,258,1,29,3,509,0,404,269,1556,301,ITC,ITC3,7,Liguria,Liguria,1550640,579129,37.35,0.12
1158,2021-04-14,LIG,13009,5650,7359,461,291,125,61,566,4738,4359,2128,38,242,10808,2201,ITC,ITC3,7,Liguria,Liguria,1550640,592138,38.19,0.84
1159,2020-12-27,LIG,135,56,79,88,0,45,0,0,0,0,0,0,2,135,0,ITC,ITC3,7,Liguria,Liguria,1550640,592273,38.2,0.01
1160,2021-01-27,LIG,1744,603,1141,1337,169,226,1,0,0,0,0,0,11,141,1603,ITC,ITC3,7,Liguria,Liguria,1550640,594017,38.31,0.11
1161,2021-04-19,LIG,12789,5610,7179,551,168,101,247,2647,2919,3339,2559,35,223,8981,3808,ITC,ITC3,7,Liguria,Liguria,1550640,606806,39.13,0.82
1162,2021-03-04,LIG,4736,2117,2619,922,171,289,4,3,8,2922,42,327,48,3891,845,ITC,ITC3,7,Liguria,Liguria,1550640,611542,39.44,0.31
1163,2021-03-09,LIG,5931,2753,3178,1034,324,132,1,51,45,3586,42,630,86,4502,1429,ITC,ITC3,7,Liguria,Liguria,1550640,617473,39.82,0.38
1164,2021-05-08,LIG,7085,3210,3875,88,101,23,4,973,2965,1210,1515,13,193,2143,4942,ITC,ITC3,7,Liguria,Liguria,1550640,624558,40.28,0.46
1165,2021-03-14,LIG,1658,752,906,66,68,176,431,70,13,577,3,52,202,1054,604,ITC,ITC3,7,Liguria,Liguria,1550640,626216,40.38,0.11
1166,2021-04-21,LIG,14221,6421,7800,518,195,61,498,2661,3510,3661,2753,78,286,8898,5323,ITC,ITC3,7,Liguria,Liguria,1550640,640437,41.3,0.92
1167,2021-02-14,LIG,233,122,111,31,0,112,0,0,0,60,0,0,30,233,0,ITC,ITC3,7,Liguria,Liguria,1550640,640670,41.32,0.02
1168,2021-04-27,LIG,14723,6671,8052,324,171,103,320,3771,3740,3273,2729,42,250,7145,7578,ITC,ITC3,7,Liguria,Liguria,1550640,655393,42.27,0.95
1169,2021-01-26,LIG,2484,803,1681,1965,253,252,5,1,0,0,1,0,7,13,2471,ITC,ITC3,7,Liguria,Liguria,1550640,657877,42.43,0.16
1170,2021-03-29,LIG,10442,4511,5931,467,259,119,884,255,1567,3962,2396,205,328,7312,3130,ITC,ITC3,7,Liguria,Liguria,1550640,668319,43.1,0.67
1171,2021-01-12,LIG,2460,886,1574,1750,250,439,2,2,1,0,0,1,15,2460,0,ITC,ITC3,7,Liguria,Liguria,1550640,670779,43.26,0.16
1172,2021-03-28,LIG,1142,511,631,135,92,145,0,25,86,532,86,2,39,391,751,ITC,ITC3,7,Liguria,Liguria,1550640,671921,43.33,0.07
1173,2021-02-01,LIG,2554,919,1635,1947,202,381,1,6,0,0,1,0,16,86,2468,ITC,ITC3,7,Liguria,Liguria,1550640,674475,43.5,0.16
1174,2021-04-15,LIG,11797,5210,6587,486,257,137,58,485,3982,3708,2405,76,203,9946,1851,ITC,ITC3,7,Liguria,Liguria,1550640,686272,44.26,0.76
1175,2021-02-08,LIG,1977,742,1235,1255,367,311,7,11,4,1,0,0,21,306,1671,ITC,ITC3,7,Liguria,Liguria,1550640,688249,44.38,0.13
1176,2021-03-19,LIG,5294,2234,3060,735,202,137,83,54,80,3701,165,88,49,2149,3145,ITC,ITC3,7,Liguria,Liguria,1550640,693543,44.73,0.34
1177,2021-03-21,LIG,552,221,331,7,3,0,0,0,13,525,1,0,3,69,483,ITC,ITC3,7,Liguria,Liguria,1550640,694095,44.76,0.04
1178,2021-01-29,LIG,3079,1064,2015,2312,300,441,2,4,0,0,0,0,20,67,3012,ITC,ITC3,7,Liguria,Liguria,1550640,697174,44.96,0.2
1179,2021-02-27,LIG,1888,921,967,139,18,5,0,61,0,1205,0,0,460,1759,129,ITC,ITC3,7,Liguria,Liguria,1550640,699062,45.08,0.12
1180,2021-01-22,LIG,1814,603,1211,1065,175,565,0,2,0,1,1,0,5,1328,486,ITC,ITC3,7,Liguria,Liguria,1550640,700876,45.2,0.12
1181,2021-03-18,LIG,4982,2124,2858,636,87,98,5,63,80,3691,219,6,97,2009,2973,ITC,ITC3,7,Liguria,Liguria,1550640,705858,45.52,0.32
1182,2021-03-05,LIG,4869,2150,2719,801,221,81,5,5,8,3339,6,365,38,3737,1132,ITC,ITC3,7,Liguria,Liguria,1550640,710727,45.83,0.31
1183,2020-12-31,EMR,2207,777,1430,1676,96,330,0,9,5,13,0,0,78,2207,0,ITH,ITH5,8,Emilia-Romagna,Emilia-Romagna,4459477,2207,0.05,0.05
1184,2021-04-12,EMR,19174,8977,10197,440,170,313,62,392,4520,6699,6445,95,38,14745,4429,ITH,ITH5,8,Emilia-Romagna,Emilia-Romagna,4459477,21381,0.48,0.43
1185,2021-02-07,EMR,4793,1537,3256,3689,565,447,3,8,1,10,0,0,70,1732,3061,ITH,ITH5,8,Emilia-Romagna,Emilia-Romagna,4459477,26174,0.59,0.11
1186,2021-03-28,EMR,12798,5705,7093,290,140,50,326,60,4002,4915,2683,258,74,9245,3553,ITH,ITH5,8,Emilia-Romagna,Emilia-Romagna,4459477,38972,0.87,0.29
1187,2021-01-17,EMR,2890,887,2003,1914,378,547,4,14,5,2,0,0,26,2644,246,ITH,ITH5,8,Emilia-Romagna,Emilia-Romagna,4459477,41862,0.94,0.06
1188,2021-03-19,EMR,15502,6753,8749,1132,565,118,342,79,847,10562,960,763,134,7673,7829,ITH,ITH5,8,Emilia-Romagna,Emilia-Romagna,4459477,57364,1.29,0.35
1189,2021-04-26,EMR,27747,12873,14874,890,245,138,17,1275,8842,5588,10466,136,150,18503,9244,ITH,ITH5,8,Emilia-Romagna,Emilia-Romagna,4459477,85111,1.91,0.62
1190,2021-03-20,EMR,16073,6827,9246,702,385,98,832,57,2957,9369,941,578,154,9109,6964,ITH,ITH5,8,Emilia-Romagna,Emilia-Romagna,4459477,101184,2.27,0.36
1191,2021-04-06,EMR,24596,11101,13495,639,207,187,410,238,5965,11504,5212,86,148,19866,4730,ITH,ITH5,8,Emilia-Romagna,Emilia-Romagna,4459477,125780,2.82,0.55
1192,2021-03-05,EMR,17644,5737,11907,3087,855,272,5959,59,40,6396,109,544,323,14207,3437,ITH,ITH5,8,Emilia-Romagna,Emilia-Romagna,4459477,143424,3.22,0.4
1193,2021-01-11,EMR,9333,3269,6064,6581,1347,1267,0,25,5,4,0,0,104,9333,0,ITH,ITH5,8,Emilia-Romagna,Emilia-Romagna,4459477,152757,3.43,0.21
1194,2021-01-25,EMR,6436,2137,4299,5253,317,679,0,21,2,3,0,0,161,201,6235,ITH,ITH5,8,Emilia-Romagna,Emilia-Romagna,4459477,159193,3.57,0.14
1195,2021-04-11,EMR,15219,6907,8312,413,141,104,59,359,2376,6873,4701,77,116,12188,3031,ITH,ITH5,8,Emilia-Romagna,Emilia-Romagna,4459477,174412,3.91,0.34
1196,2021-01-30,EMR,10075,3518,6557,7566,1400,801,0,45,5,2,0,0,256,142,9933,ITH,ITH5,8,Emilia-Romagna,Emilia-Romagna,4459477,184487,4.14,0.23
1197,2021-01-21,EMR,2156,727,1429,1287,156,653,0,9,1,0,0,0,50,811,1345,ITH,ITH5,8,Emilia-Romagna,Emilia-Romagna,4459477,186643,4.19,0.05
1198,2021-04-17,EMR,26961,12896,14065,393,148,66,57,356,8434,4214,13206,24,63,17690,9271,ITH,ITH5,8,Emilia-Romagna,Emilia-Romagna,4459477,213604,4.79,0.6
1199,2021-05-07,EMR,33434,16011,17423,679,177,189,230,7526,3993,2320,18033,53,234,21776,11658,ITH,ITH5,8,Emilia-Romagna,Emilia-Romagna,4459477,247038,5.54,0.75
1200,2021-03-10,EMR,18670,7649,11021,1315,586,143,4540,28,66,10045,285,1594,68,13031,5639,ITH,ITH5,8,Emilia-Romagna,Emilia-Romagna,4459477,265708,5.96,0.42
1201,2021-04-18,EMR,17436,8368,9068,265,164,152,26,216,6265,2349,7963,15,21,12528,4908,ITH,ITH5,8,Emilia-Romagna,Emilia-Romagna,4459477,283144,6.35,0.39
1202,2021-03-06,EMR,20554,5870,14684,2717,412,49,10398,66,46,5920,111,565,270,17828,2726,ITH,ITH5,8,Emilia-Romagna,Emilia-Romagna,4459477,303698,6.81,0.46
1203,2021-04-22,EMR,28933,13394,15539,563,134,146,41,290,8356,8358,10995,13,37,14918,14015,ITH,ITH5,8,Emilia-Romagna,Emilia-Romagna,4459477,332631,7.46,0.65
1204,2021-04-04,EMR,9884,4718,5166,187,113,0,58,145,1630,4658,2876,54,163,7615,2269,ITH,ITH5,8,Emilia-Romagna,Emilia-Romagna,4459477,342515,7.68,0.22
1205,2021-03-16,EMR,12241,5025,7216,418,93,116,123,34,113,10914,391,9,30,4934,7307,ITH,ITH5,8,Emilia-Romagna,Emilia-Romagna,4459477,354756,7.96,0.27
1206,2021-01-22,EMR,1828,477,1351,942,66,722,0,19,1,10,0,0,68,1088,740,ITH,ITH5,8,Emilia-Romagna,Emilia-Romagna,4459477,356584,8.0,0.04
1207,2021-04-21,EMR,23823,10914,12909,384,89,79,48,203,7839,6765,8391,7,18,14113,9710,ITH,ITH5,8,Emilia-Romagna,Emilia-Romagna,4459477,380407,8.53,0.53
1208,2021-04-13,EMR,23552,11034,12518,480,145,186,51,346,10341,6152,5727,50,74,19269,4283,ITH,ITH5,8,Emilia-Romagna,Emilia-Romagna,4459477,403959,9.06,0.53
1209,2021-02-02,EMR,9476,3047,6429,6241,1347,1633,1,27,4,127,6,0,90,526,8950,ITH,ITH5,8,Emilia-Romagna,Emilia-Romagna,4459477,413435,9.27,0.21
1210,2021-03-14,EMR,8692,3744,4948,728,212,69,926,16,66,5531,650,407,87,4896,3796,ITH,ITH5,8,Emilia-Romagna,Emilia-Romagna,4459477,422127,9.47,0.19
1211,2021-01-31,EMR,7695,2761,4934,6174,1124,263,0,16,12,32,0,0,74,241,7454,ITH,ITH5,8,Emilia-Romagna,Emilia-Romagna,4459477,429822,9.64,0.17
1212,2021-03-17,EMR,13704,5689,8015,361,137,108,19,52,399,11882,669,1,76,5865,7839,ITH,ITH5,8,Emilia-Romagna,Emilia-Romagna,4459477,443526,9.95,0.31
1213,2021-01-06,EMR,8264,2943,5321,6853,641,649,0,13,9,44,0,1,54,8264,0,ITH,ITH5,8,Emilia-Romagna,Emilia-Romagna,4459477,451790,10.13,0.19
1214,2021-04-03,EMR,19925,8760,11165,376,192,39,428,194,2855,10578,5082,76,105,16187,3738,ITH,ITH5,8,Emilia-Romagna,Emilia-Romagna,4459477,471715,10.58,0.45
1215,2021-02-25,EMR,9228,3497,5731,799,187,157,95,47,41,7673,30,0,199,8273,955,ITH,ITH5,8,Emilia-Romagna,Emilia-Romagna,4459477,480943,10.78,0.21
1216,2021-04-24,EMR,28540,13200,15340,498,249,37,37,383,7208,8586,11417,33,92,14341,14199,ITH,ITH5,8,Emilia-Romagna,Emilia-Romagna,4459477,509483,11.42,0.64
1217,2021-01-26,EMR,8334,3000,5334,6609,537,1031,0,22,2,5,0,0,128,215,8119,ITH,ITH5,8,Emilia-Romagna,Emilia-Romagna,4459477,517817,11.61,0.19
1218,2021-02-04,EMR,9931,3203,6728,6436,1465,1675,0,39,11,160,5,0,140,1251,8680,ITH,ITH5,8,Emilia-Romagna,Emilia-Romagna,4459477,527748,11.83,0.22
1219,2021-04-27,EMR,29755,13769,15986,816,158,120,26,3364,7729,7159,9988,181,214,17335,12420,ITH,ITH5,8,Emilia-Romagna,Emilia-Romagna,4459477,557503,12.5,0.67
1220,2021-03-15,EMR,13229,6061,7168,812,461,190,537,25,101,9158,810,1075,60,6734,6495,ITH,ITH5,8,Emilia-Romagna,Emilia-Romagna,4459477,570732,12.8,0.3
1221,2021-03-29,EMR,21152,9416,11736,696,204,118,640,127,5517,9293,4248,204,105,16528,4624,ITH,ITH5,8,Emilia-Romagna,Emilia-Romagna,4459477,591884,13.27,0.47
1222,2021-01-12,EMR,9410,3111,6299,6377,1182,1690,0,31,2,33,0,0,95,9410,0,ITH,ITH5,8,Emilia-Romagna,Emilia-Romagna,4459477,601294,13.48,0.21
1223,2021-01-10,EMR,7130,2665,4465,5648,951,499,1,4,1,7,0,0,19,7130,0,ITH,ITH5,8,Emilia-Romagna,Emilia-Romagna,4459477,608424,13.64,0.16
1224,2021-03-21,EMR,11914,5269,6645,567,357,114,587,31,2734,6116,803,501,104,7310,4604,ITH,ITH5,8,Emilia-Romagna,Emilia-Romagna,4459477,620338,13.91,0.27
1225,2021-01-13,EMR,9070,2939,6131,6008,916,1745,1,39,12,91,0,0,258,9070,0,ITH,ITH5,8,Emilia-Romagna,Emilia-Romagna,4459477,629408,14.11,0.2
1226,2021-04-23,EMR,29442,13748,15694,501,114,112,54,298,7169,9009,12132,21,32,14641,14801,ITH,ITH5,8,Emilia-Romagna,Emilia-Romagna,4459477,658850,14.77,0.66
1227,2021-02-06,EMR,7598,2405,5193,5379,862,1221,0,13,4,51,0,1,67,2130,5468,ITH,ITH5,8,Emilia-Romagna,Emilia-Romagna,4459477,666448,14.94,0.17
1228,2021-02-26,EMR,7851,2989,4862,1060,360,258,312,24,28,5595,60,0,154,6805,1046,ITH,ITH5,8,Emilia-Romagna,Emilia-Romagna,4459477,674299,15.12,0.18
1229,2021-04-16,EMR,28723,13515,15208,615,153,90,71,375,10521,5829,10923,37,109,19920,8803,ITH,ITH5,8,Emilia-Romagna,Emilia-Romagna,4459477,703022,15.76,0.64
1230,2021-05-05,EMR,28687,13300,15387,1232,134,68,198,6866,4346,4168,11431,74,170,17504,11183,ITH,ITH5,8,Emilia-Romagna,Emilia-Romagna,4459477,731709,16.41,0.64
1231,2021-05-01,EMR,28356,12752,15604,597,137,9,52,4467,5016,6095,11938,19,26,15592,12764,ITH,ITH5,8,Emilia-Romagna,Emilia-Romagna,4459477,760065,17.04,0.64
1232,2021-02-05,EMR,9313,2966,6347,6217,1148,1611,1,19,9,223,3,0,82,1637,7676,ITH,ITH5,8,Emilia-Romagna,Emilia-Romagna,4459477,769378,17.25,0.21
1233,2021-01-24,EMR,2443,885,1558,2080,93,249,0,5,1,0,0,0,15,299,2144,ITH,ITH5,8,Emilia-Romagna,Emilia-Romagna,4459477,771821,17.31,0.05
1234,2021-04-02,EMR,23259,10475,12784,733,312,104,944,341,3821,10965,5729,227,83,18802,4457,ITH,ITH5,8,Emilia-Romagna,Emilia-Romagna,4459477,795080,17.83,0.52
1235,2021-02-13,EMR,3624,1085,2539,2790,382,144,0,8,7,244,0,0,49,3026,598,ITH,ITH5,8,Emilia-Romagna,Emilia-Romagna,4459477,798704,17.91,0.08
1236,2021-03-23,EMR,18691,8063,10628,1126,486,196,1362,80,3703,9340,1867,438,93,12005,6686,ITH,ITH5,8,Emilia-Romagna,Emilia-Romagna,4459477,817395,18.33,0.42
1237,2021-03-04,EMR,16409,5342,11067,2611,604,254,5453,50,55,6405,163,512,302,13406,3003,ITH,ITH5,8,Emilia-Romagna,Emilia-Romagna,4459477,833804,18.7,0.37
1238,2021-03-22,EMR,17451,7644,9807,1135,425,169,600,50,3598,9567,1242,587,78,10588,6863,ITH,ITH5,8,Emilia-Romagna,Emilia-Romagna,4459477,851255,19.09,0.39
1239,2021-04-10,EMR,20806,9244,11562,515,209,88,188,193,4088,8929,6501,24,71,16678,4128,ITH,ITH5,8,Emilia-Romagna,Emilia-Romagna,4459477,872061,19.56,0.47
1240,2021-03-24,EMR,21045,9288,11757,1214,377,124,1730,269,3449,10636,2702,394,150,13674,7371,ITH,ITH5,8,Emilia-Romagna,Emilia-Romagna,4459477,893106,20.03,0.47
1241,2021-05-08,EMR,30060,14112,15948,460,116,51,325,7303,3512,1658,16460,37,138,19032,11028,ITH,ITH5,8,Emilia-Romagna,Emilia-Romagna,4459477,923166,20.7,0.67
1242,2021-04-29,EMR,44563,20954,23609,1393,255,82,64,7176,7526,8728,18898,70,371,27088,17475,ITH,ITH5,8,Emilia-Romagna,Emilia-Romagna,4459477,967729,21.7,1.0
1243,2021-02-08,EMR,5227,1532,3695,2840,577,1485,1,10,8,247,0,0,59,2313,2914,ITH,ITH5,8,Emilia-Romagna,Emilia-Romagna,4459477,972956,21.82,0.12
1244,2021-04-08,EMR,30661,14055,16606,2479,574,222,312,401,6639,11049,8616,135,234,25387,5274,ITH,ITH5,8,Emilia-Romagna,Emilia-Romagna,4459477,1003617,22.51,0.69
1245,2021-02-22,EMR,7481,3091,4390,389,110,130,0,12,25,6797,9,0,9,7206,275,ITH,ITH5,8,Emilia-Romagna,Emilia-Romagna,4459477,1011098,22.67,0.17
1246,2021-04-19,EMR,20804,9744,11060,329,108,164,25,172,8519,3395,8031,21,40,14555,6249,ITH,ITH5,8,Emilia-Romagna,Emilia-Romagna,4459477,1031902,23.14,0.47
1247,2021-02-01,EMR,10318,3609,6709,7472,1502,1260,0,13,7,0,0,0,64,363,9955,ITH,ITH5,8,Emilia-Romagna,Emilia-Romagna,4459477,1042220,23.37,0.23
1248,2021-05-06,EMR,34323,15756,18567,1763,439,108,217,7018,5193,3895,15546,64,80,21373,12950,ITH,ITH5,8,Emilia-Romagna,Emilia-Romagna,4459477,1076543,24.14,0.77
1249,2021-01-16,EMR,5625,1718,3907,3689,694,1136,1,18,2,0,0,3,82,5625,0,ITH,ITH5,8,Emilia-Romagna,Emilia-Romagna,4459477,1082168,24.27,0.13
1250,2021-03-12,EMR,18071,7527,10544,1584,898,311,3028,47,73,9902,461,1554,213,11354,6717,ITH,ITH5,8,Emilia-Romagna,Emilia-Romagna,4459477,1100239,24.67,0.41
1251,2021-04-01,EMR,23845,10723,13122,1024,268,135,994,217,4249,11359,5329,171,99,19328,4517,ITH,ITH5,8,Emilia-Romagna,Emilia-Romagna,4459477,1124084,25.21,0.53
1252,2021-01-19,EMR,2045,505,1540,747,133,1161,0,0,0,0,0,0,4,2028,17,ITH,ITH5,8,Emilia-Romagna,Emilia-Romagna,4459477,1126129,25.25,0.05
1253,2021-02-03,EMR,9338,2991,6347,6239,1177,1653,0,29,15,126,7,1,91,972,8366,ITH,ITH5,8,Emilia-Romagna,Emilia-Romagna,4459477,1135467,25.46,0.21
1254,2021-01-18,EMR,3126,879,2247,1681,239,1129,0,12,0,3,0,0,62,2449,677,ITH,ITH5,8,Emilia-Romagna,Emilia-Romagna,4459477,1138593,25.53,0.07
1255,2021-01-03,EMR,2754,941,1813,2504,61,170,0,3,0,0,0,0,16,2754,0,ITH,ITH5,8,Emilia-Romagna,Emilia-Romagna,4459477,1141347,25.59,0.06
1256,2021-01-04,EMR,7270,2514,4756,6173,350,578,0,16,9,43,0,1,100,7270,0,ITH,ITH5,8,Emilia-Romagna,Emilia-Romagna,4459477,1148617,25.76,0.16
1257,2021-03-08,EMR,12064,4973,7091,2308,614,324,2384,19,39,4340,82,1810,144,9393,2671,ITH,ITH5,8,Emilia-Romagna,Emilia-Romagna,4459477,1160681,26.03,0.27
1258,2021-01-15,EMR,7743,2403,5340,5303,946,1319,1,15,11,61,0,0,87,7743,0,ITH,ITH5,8,Emilia-Romagna,Emilia-Romagna,4459477,1168424,26.2,0.17
1259,2021-03-30,EMR,23269,10285,12984,870,246,164,1187,125,5417,10713,4290,140,117,18238,5031,ITH,ITH5,8,Emilia-Romagna,Emilia-Romagna,4459477,1191693,26.72,0.52
1260,2021-05-04,EMR,28336,13273,15063,655,134,94,57,5995,4911,6475,9896,38,81,14702,13634,ITH,ITH5,8,Emilia-Romagna,Emilia-Romagna,4459477,1220029,27.36,0.64
1261,2021-01-29,EMR,10409,3496,6913,8107,1084,1060,1,32,7,11,0,0,107,289,10120,ITH,ITH5,8,Emilia-Romagna,Emilia-Romagna,4459477,1230438,27.59,0.23
1262,2021-05-02,EMR,25298,11523,13775,575,123,63,58,5154,4477,6011,8700,98,39,13433,11865,ITH,ITH5,8,Emilia-Romagna,Emilia-Romagna,4459477,1255736,28.16,0.57
1263,2021-02-12,EMR,5320,1679,3641,3399,772,705,0,10,19,359,11,0,45,3917,1403,ITH,ITH5,8,Emilia-Romagna,Emilia-Romagna,4459477,1261056,28.28,0.12
1264,2021-04-09,EMR,25381,11517,13864,1372,276,196,433,263,4866,10679,7182,83,31,19735,5646,ITH,ITH5,8,Emilia-Romagna,Emilia-Romagna,4459477,1286437,28.85,0.57
1265,2021-04-15,EMR,28885,13762,15123,942,208,142,50,300,10050,5813,11219,34,127,19255,9630,ITH,ITH5,8,Emilia-Romagna,Emilia-Romagna,4459477,1315322,29.49,0.65
1266,2021-03-01,EMR,10084,3573,6511,1835,340,434,1254,25,37,5619,65,311,164,7831,2253,ITH,ITH5,8,Emilia-Romagna,Emilia-Romagna,4459477,1325406,29.72,0.23
1267,2021-04-30,EMR,36369,16672,19697,1254,256,118,100,5616,7378,7514,13760,79,294,21661,14708,ITH,ITH5,8,Emilia-Romagna,Emilia-Romagna,4459477,1361775,30.54,0.82
1268,2021-02-18,EMR,7039,2892,4147,894,180,236,0,4,13,5672,26,1,13,6456,583,ITH,ITH5,8,Emilia-Romagna,Emilia-Romagna,4459477,1368814,30.69,0.16
1269,2021-03-31,EMR,25123,10946,14177,1171,287,123,1286,188,4696,12487,4587,160,138,19666,5457,ITH,ITH5,8,Emilia-Romagna,Emilia-Romagna,4459477,1393937,31.26,0.56
1270,2021-01-09,EMR,9941,3439,6502,7865,1067,889,0,18,2,2,0,0,98,9941,0,ITH,ITH5,8,Emilia-Romagna,Emilia-Romagna,4459477,1403878,31.48,0.22
1271,2021-02-17,EMR,6538,2764,3774,804,258,404,0,10,15,4989,25,0,33,5765,773,ITH,ITH5,8,Emilia-Romagna,Emilia-Romagna,4459477,1410416,31.63,0.15
1272,2021-02-16,EMR,5766,2443,3323,745,339,437,0,8,7,4207,8,2,13,5235,531,ITH,ITH5,8,Emilia-Romagna,Emilia-Romagna,4459477,1416182,31.76,0.13
1273,2021-01-08,EMR,10835,3569,7266,8466,1135,1089,1,25,3,5,0,1,110,10835,0,ITH,ITH5,8,Emilia-Romagna,Emilia-Romagna,4459477,1427017,32.0,0.24
1274,2021-02-24,EMR,9320,3555,5765,651,156,228,63,50,29,7854,19,0,270,8443,877,ITH,ITH5,8,Emilia-Romagna,Emilia-Romagna,4459477,1436337,32.21,0.21
1275,2021-02-27,EMR,10959,3996,6963,1731,245,116,941,37,30,7755,8,0,96,9221,1738,ITH,ITH5,8,Emilia-Romagna,Emilia-Romagna,4459477,1447296,32.45,0.25
1276,2021-02-19,EMR,7327,3010,4317,821,214,257,0,4,18,5959,33,0,21,6813,514,ITH,ITH5,8,Emilia-Romagna,Emilia-Romagna,4459477,1454623,32.62,0.16
1277,2021-04-25,EMR,22302,10211,12091,776,129,6,32,254,6807,4121,9854,160,163,14801,7501,ITH,ITH5,8,Emilia-Romagna,Emilia-Romagna,4459477,1476925,33.12,0.5
1278,2021-05-03,EMR,27657,13037,14620,471,111,57,93,8652,5132,4698,8344,24,75,16811,10846,ITH,ITH5,8,Emilia-Romagna,Emilia-Romagna,4459477,1504582,33.74,0.62
1279,2021-04-05,EMR,14854,6807,8047,283,89,6,243,74,2914,7583,3593,30,39,11961,2893,ITH,ITH5,8,Emilia-Romagna,Emilia-Romagna,4459477,1519436,34.07,0.33
1280,2021-02-21,EMR,4450,1708,2742,396,108,190,0,4,11,3708,18,0,15,4010,440,ITH,ITH5,8,Emilia-Romagna,Emilia-Romagna,4459477,1523886,34.17,0.1
1281,2021-04-28,EMR,32573,15044,17529,858,144,118,148,5251,7215,6785,11726,45,283,19733,12840,ITH,ITH5,8,Emilia-Romagna,Emilia-Romagna,4459477,1556459,34.9,0.73
1282,2021-02-14,EMR,1401,378,1023,860,363,39,0,19,5,19,1,0,95,1281,120,ITH,ITH5,8,Emilia-Romagna,Emilia-Romagna,4459477,1557860,34.93,0.03
1283,2021-02-28,EMR,6822,2527,4295,1775,248,53,304,29,17,4251,8,4,133,4976,1846,ITH,ITH5,8,Emilia-Romagna,Emilia-Romagna,4459477,1564682,35.09,0.15
1284,2021-03-26,EMR,23399,9894,13505,1421,600,233,2643,174,4779,9348,3787,278,136,16966,6433,ITH,ITH5,8,Emilia-Romagna,Emilia-Romagna,4459477,1588081,35.61,0.52
1285,2021-02-09,EMR,4151,1246,2905,2219,376,1198,0,2,15,278,0,0,63,2306,1845,ITH,ITH5,8,Emilia-Romagna,Emilia-Romagna,4459477,1592232,35.7,0.09
1286,2021-05-10,EMR,8716,4101,4615,100,24,4,18,3685,1049,368,2947,31,490,6819,1897,ITH,ITH5,8,Emilia-Romagna,Emilia-Romagna,4459477,1600948,35.9,0.2
1287,2021-01-05,EMR,9347,3167,6180,7929,552,769,0,18,4,0,1,0,74,9347,0,ITH,ITH5,8,Emilia-Romagna,Emilia-Romagna,4459477,1610295,36.11,0.21
1288,2021-05-09,EMR,23891,11433,12458,212,64,13,62,7748,2593,721,11863,23,592,16993,6898,ITH,ITH5,8,Emilia-Romagna,Emilia-Romagna,4459477,1634186,36.65,0.54
1289,2021-01-20,EMR,1322,269,1053,392,131,787,0,0,0,1,0,0,11,1321,1,ITH,ITH5,8,Emilia-Romagna,Emilia-Romagna,4459477,1635508,36.67,0.03
1290,2021-01-02,EMR,2352,905,1447,2074,57,198,0,3,0,2,0,0,18,2352,0,ITH,ITH5,8,Emilia-Romagna,Emilia-Romagna,4459477,1637860,36.73,0.05
1291,2020-12-27,EMR,969,372,597,824,5,26,0,24,1,0,0,0,89,969,0,ITH,ITH5,8,Emilia-Romagna,Emilia-Romagna,4459477,1638829,36.75,0.02
1292,2021-04-20,EMR,22510,10352,12158,302,83,58,30,212,7740,5585,8458,21,21,14183,8327,ITH,ITH5,8,Emilia-Romagna,Emilia-Romagna,4459477,1661339,37.25,0.5
1293,2021-03-11,EMR,17215,7113,10102,1138,838,319,3835,34,52,8852,425,1532,190,11364,5851,ITH,ITH5,8,Emilia-Romagna,Emilia-Romagna,4459477,1678554,37.64,0.39
1294,2021-03-18,EMR,13672,5807,7865,449,150,94,49,47,474,10853,1358,5,193,5674,7998,ITH,ITH5,8,Emilia-Romagna,Emilia-Romagna,4459477,1692226,37.95,0.31
1295,2021-01-07,EMR,10217,3385,6832,8189,855,1068,0,20,5,3,0,0,77,10217,0,ITH,ITH5,8,Emilia-Romagna,Emilia-Romagna,4459477,1702443,38.18,0.23
1296,2021-02-23,EMR,8214,3218,4996,408,147,113,1,24,22,7456,23,0,20,7828,386,ITH,ITH5,8,Emilia-Romagna,Emilia-Romagna,4459477,1710657,38.36,0.18
1297,2021-04-07,EMR,25726,11688,14038,665,188,157,360,370,5591,12977,5240,78,100,19726,6000,ITH,ITH5,8,Emilia-Romagna,Emilia-Romagna,4459477,1736383,38.94,0.58
1298,2021-01-28,EMR,10242,3336,6906,8076,860,1126,0,28,10,0,0,0,142,351,9891,ITH,ITH5,8,Emilia-Romagna,Emilia-Romagna,4459477,1746625,39.17,0.23
1299,2021-03-03,EMR,15799,5237,10562,2533,524,154,4851,50,48,6848,95,342,354,13339,2460,ITH,ITH5,8,Emilia-Romagna,Emilia-Romagna,4459477,1762424,39.52,0.35
1300,2021-03-07,EMR,6852,2636,4216,1458,338,22,1251,10,14,2598,565,560,36,5335,1517,ITH,ITH5,8,Emilia-Romagna,Emilia-Romagna,4459477,1769276,39.67,0.15
1301,2021-01-23,EMR,2446,870,1576,1902,86,430,0,5,1,2,0,0,20,443,2003,ITH,ITH5,8,Emilia-Romagna,Emilia-Romagna,4459477,1771722,39.73,0.05
1302,2021-03-02,EMR,11812,3889,7923,1974,409,229,3047,42,40,5419,41,373,238,9791,2021,ITH,ITH5,8,Emilia-Romagna,Emilia-Romagna,4459477,1783534,39.99,0.26
1303,2021-01-14,EMR,8098,2578,5520,5400,920,1607,0,39,7,5,1,1,118,8098,0,ITH,ITH5,8,Emilia-Romagna,Emilia-Romagna,4459477,1791632,40.18,0.18
1304,2021-02-11,EMR,4247,1414,2833,2530,528,719,2,15,18,374,3,0,58,3407,840,ITH,ITH5,8,Emilia-Romagna,Emilia-Romagna,4459477,1795879,40.27,0.1
1305,2021-04-14,EMR,26878,12759,14119,674,193,138,71,529,10065,7423,7703,59,23,20818,6060,ITH,ITH5,8,Emilia-Romagna,Emilia-Romagna,4459477,1822757,40.87,0.6
1306,2021-03-13,EMR,16045,6299,9746,1251,479,81,3991,52,55,8277,566,1124,169,10733,5312,ITH,ITH5,8,Emilia-Romagna,Emilia-Romagna,4459477,1838802,41.23,0.36
1307,2021-03-25,EMR,21362,9333,12029,1103,351,165,2089,156,3063,9932,3623,725,155,14375,6987,ITH,ITH5,8,Emilia-Romagna,Emilia-Romagna,4459477,1860164,41.71,0.48
1308,2021-03-27,EMR,21530,9010,12520,756,295,48,2338,118,4190,9568,3820,242,155,14637,6893,ITH,ITH5,8,Emilia-Romagna,Emilia-Romagna,4459477,1881694,42.2,0.48
1309,2021-03-09,EMR,14633,5947,8686,1029,456,228,3582,21,56,7701,185,1332,43,10679,3954,ITH,ITH5,8,Emilia-Romagna,Emilia-Romagna,4459477,1896327,42.52,0.33
1310,2021-02-10,EMR,4012,1378,2634,2396,357,779,0,23,15,317,9,0,116,2759,1253,ITH,ITH5,8,Emilia-Romagna,Emilia-Romagna,4459477,1900339,42.61,0.09
1311,2021-01-27,EMR,8359,2947,5412,6907,653,672,0,26,4,2,0,1,94,464,7895,ITH,ITH5,8,Emilia-Romagna,Emilia-Romagna,4459477,1908698,42.8,0.19
1312,2021-02-20,EMR,5317,2094,3223,408,116,155,0,7,21,4591,5,0,14,5053,264,ITH,ITH5,8,Emilia-Romagna,Emilia-Romagna,4459477,1914015,42.92,0.12
1313,2021-02-15,EMR,2900,849,2051,1985,369,160,0,3,9,326,18,0,30,2774,126,ITH,ITH5,8,Emilia-Romagna,Emilia-Romagna,4459477,1916915,42.99,0.07
1314,2021-01-17,ABR,187,59,128,136,44,0,0,0,0,0,0,0,7,180,7,ITF,ITF1,13,Abruzzo,Abruzzo,1304970,187,0.01,0.01
1315,2021-03-17,ABR,4545,1876,2669,285,102,144,11,19,33,3876,16,36,23,2802,1743,ITF,ITF1,13,Abruzzo,Abruzzo,1304970,4732,0.36,0.35
1316,2021-02-28,ABR,1709,511,1198,23,6,0,1424,8,1,79,0,149,19,1707,2,ITF,ITF1,13,Abruzzo,Abruzzo,1304970,6441,0.49,0.13
1317,2021-02-09,ABR,908,311,597,612,161,131,0,1,1,1,0,0,1,499,409,ITF,ITF1,13,Abruzzo,Abruzzo,1304970,7349,0.56,0.07
1318,2021-02-04,ABR,1682,617,1065,1168,415,57,0,5,0,0,0,0,37,609,1073,ITF,ITF1,13,Abruzzo,Abruzzo,1304970,9031,0.69,0.13
1319,2021-04-06,ABR,7689,3583,4106,433,98,44,54,115,499,2350,3944,46,106,5369,2320,ITF,ITF1,13,Abruzzo,Abruzzo,1304970,16720,1.28,0.59
1320,2021-01-23,ABR,264,114,150,224,14,26,0,0,0,0,0,0,0,57,207,ITF,ITF1,13,Abruzzo,Abruzzo,1304970,16984,1.3,0.02
1321,2021-04-26,ABR,8569,4070,4499,138,104,131,20,1663,2915,1078,2329,38,153,7350,1219,ITF,ITF1,13,Abruzzo,Abruzzo,1304970,25553,1.96,0.66
1322,2021-03-22,ABR,4289,1853,2436,385,389,56,442,32,19,2578,10,234,144,2319,1970,ITF,ITF1,13,Abruzzo,Abruzzo,1304970,29842,2.29,0.33
1323,2021-01-21,ABR,157,47,110,10,6,141,0,0,0,0,0,0,0,157,0,ITF,ITF1,13,Abruzzo,Abruzzo,1304970,29999,2.3,0.01
1324,2021-03-28,ABR,2422,1021,1401,247,132,1,175,106,54,896,422,242,147,2050,372,ITF,ITF1,13,Abruzzo,Abruzzo,1304970,32421,2.48,0.19
1325,2021-02-07,ABR,777,307,470,646,111,1,0,3,0,0,0,0,16,201,576,ITF,ITF1,13,Abruzzo,Abruzzo,1304970,33198,2.54,0.06
1326,2021-03-29,ABR,5627,2525,3102,463,54,49,195,71,73,3616,907,63,136,2987,2640,ITF,ITF1,13,Abruzzo,Abruzzo,1304970,38825,2.98,0.43
1327,2021-03-19,ABR,5797,2584,3213,756,280,118,13,14,42,4400,19,103,52,2776,3021,ITF,ITF1,13,Abruzzo,Abruzzo,1304970,44622,3.42,0.44
1328,2021-02-15,ABR,1796,831,965,625,258,221,0,0,10,395,0,261,26,1754,42,ITF,ITF1,13,Abruzzo,Abruzzo,1304970,46418,3.56,0.14
1329,2021-02-21,ABR,1221,551,670,2,0,3,0,0,2,1210,0,2,2,1220,1,ITF,ITF1,13,Abruzzo,Abruzzo,1304970,47639,3.65,0.09
1330,2021-01-22,ABR,118,57,61,2,1,112,0,1,0,0,0,0,2,118,0,ITF,ITF1,13,Abruzzo,Abruzzo,1304970,47757,3.66,0.01
1331,2021-02-26,ABR,3920,1671,2249,1025,336,160,262,64,11,1651,6,270,135,2951,969,ITF,ITF1,13,Abruzzo,Abruzzo,1304970,51677,3.96,0.3
1332,2021-04-30,ABR,12206,5717,6489,345,140,74,99,1997,2804,1099,5375,33,240,6636,5570,ITF,ITF1,13,Abruzzo,Abruzzo,1304970,63883,4.9,0.94
1333,2021-02-12,ABR,1229,568,661,438,151,310,0,1,0,66,0,261,2,1040,189,ITF,ITF1,13,Abruzzo,Abruzzo,1304970,65112,4.99,0.09
1334,2021-03-06,ABR,4175,1354,2821,433,187,52,1559,29,8,1748,0,15,144,3605,570,ITF,ITF1,13,Abruzzo,Abruzzo,1304970,69287,5.31,0.32
1335,2021-01-12,ABR,1804,666,1138,1470,190,0,0,23,33,28,0,0,60,1804,0,ITF,ITF1,13,Abruzzo,Abruzzo,1304970,71091,5.45,0.14
1336,2021-03-21,ABR,2136,914,1222,9,0,1,130,7,9,1924,13,34,9,844,1292,ITF,ITF1,13,Abruzzo,Abruzzo,1304970,73227,5.61,0.16
1337,2021-03-05,ABR,5284,1944,3340,562,218,108,1368,77,4,2587,2,232,126,4586,698,ITF,ITF1,13,Abruzzo,Abruzzo,1304970,78511,6.02,0.4
1338,2021-03-18,ABR,3896,1651,2245,281,135,20,7,21,33,3297,4,68,30,2065,1831,ITF,ITF1,13,Abruzzo,Abruzzo,1304970,82407,6.31,0.3
1339,2021-02-13,ABR,851,384,467,554,207,72,0,1,1,8,0,0,8,437,414,ITF,ITF1,13,Abruzzo,Abruzzo,1304970,83258,6.38,0.07
1340,2021-05-10,ABR,3054,1455,1599,60,9,2,15,181,870,63,1649,121,84,1455,1599,ITF,ITF1,13,Abruzzo,Abruzzo,1304970,86312,6.61,0.23
1341,2021-03-01,ABR,3490,1393,2097,698,176,174,282,18,10,1915,2,131,84,2725,765,ITF,ITF1,13,Abruzzo,Abruzzo,1304970,89802,6.88,0.27
1342,2021-04-22,ABR,6668,3193,3475,83,46,116,28,313,2116,921,2870,37,138,4984,1684,ITF,ITF1,13,Abruzzo,Abruzzo,1304970,96470,7.39,0.51
1343,2021-03-03,ABR,4629,1883,2746,1222,211,105,855,28,0,1587,3,385,233,3723,906,ITF,ITF1,13,Abruzzo,Abruzzo,1304970,101099,7.75,0.35
1344,2021-04-17,ABR,7349,3399,3950,349,251,23,65,192,454,2264,3667,32,52,4296,3053,ITF,ITF1,13,Abruzzo,Abruzzo,1304970,108448,8.31,0.56
1345,2020-12-27,ABR,37,19,18,34,1,2,0,0,0,0,0,0,0,37,0,ITF,ITF1,13,Abruzzo,Abruzzo,1304970,108485,8.31,0.0
1346,2021-05-07,ABR,12203,5707,6496,126,117,33,40,1579,2009,569,7175,85,470,7772,4431,ITF,ITF1,13,Abruzzo,Abruzzo,1304970,120688,9.25,0.94
1347,2021-03-08,ABR,5128,1670,3458,1190,280,116,2195,51,3,1032,0,105,156,4153,975,ITF,ITF1,13,Abruzzo,Abruzzo,1304970,125816,9.64,0.39
1348,2021-03-31,ABR,6657,2884,3773,446,279,80,245,54,83,3259,2048,30,133,4589,2068,ITF,ITF1,13,Abruzzo,Abruzzo,1304970,132473,10.15,0.51
1349,2021-03-10,ABR,4951,1640,3311,736,300,248,1872,27,4,1520,11,130,103,3994,957,ITF,ITF1,13,Abruzzo,Abruzzo,1304970,137424,10.53,0.38
1350,2021-02-23,ABR,2784,1274,1510,324,184,217,100,4,8,1491,2,287,167,2773,11,ITF,ITF1,13,Abruzzo,Abruzzo,1304970,140208,10.74,0.21
1351,2021-04-19,ABR,6231,2860,3371,76,74,36,22,148,2251,1259,2221,26,118,3858,2373,ITF,ITF1,13,Abruzzo,Abruzzo,1304970,146439,11.22,0.48
1352,2021-04-18,ABR,5817,2727,3090,149,71,25,19,76,169,964,4306,13,25,4875,942,ITF,ITF1,13,Abruzzo,Abruzzo,1304970,152256,11.67,0.45
1353,2021-03-04,ABR,5937,2359,3578,1171,322,93,818,39,12,2992,5,329,156,5015,922,ITF,ITF1,13,Abruzzo,Abruzzo,1304970,158193,12.12,0.45
1354,2021-04-24,ABR,8717,3974,4743,85,138,137,23,324,1368,1227,5318,21,76,7184,1533,ITF,ITF1,13,Abruzzo,Abruzzo,1304970,166910,12.79,0.67
1355,2021-03-23,ABR,4786,2145,2641,180,183,183,400,14,23,3356,13,356,78,2217,2569,ITF,ITF1,13,Abruzzo,Abruzzo,1304970,171696,13.16,0.37
1356,2021-01-24,ABR,50,22,28,49,1,0,0,0,0,0,0,0,0,6,44,ITF,ITF1,13,Abruzzo,Abruzzo,1304970,171746,13.16,0.0
1357,2021-01-31,ABR,1502,488,1014,1154,236,103,0,1,0,0,0,0,8,287,1215,ITF,ITF1,13,Abruzzo,Abruzzo,1304970,173248,13.28,0.12
1358,2021-01-27,ABR,1364,515,849,1301,61,0,0,1,0,0,0,0,1,39,1325,ITF,ITF1,13,Abruzzo,Abruzzo,1304970,174612,13.38,0.1
1359,2021-03-09,ABR,5173,1796,3377,991,311,86,2046,31,3,1320,69,214,102,4234,939,ITF,ITF1,13,Abruzzo,Abruzzo,1304970,179785,13.78,0.4
1360,2021-01-04,ABR,1401,575,826,1396,5,0,0,0,0,0,0,0,0,1401,0,ITF,ITF1,13,Abruzzo,Abruzzo,1304970,181186,13.88,0.11
1361,2021-03-11,ABR,5430,2191,3239,1328,265,241,1565,50,20,1539,16,247,159,4291,1139,ITF,ITF1,13,Abruzzo,Abruzzo,1304970,186616,14.3,0.42
1362,2021-05-08,ABR,10292,4871,5421,137,120,46,31,1460,1587,744,5350,227,590,6455,3837,ITF,ITF1,13,Abruzzo,Abruzzo,1304970,196908,15.09,0.79
1363,2021-02-01,ABR,1632,573,1059,1384,228,1,0,3,0,0,0,0,16,271,1361,ITF,ITF1,13,Abruzzo,Abruzzo,1304970,198540,15.21,0.13
1364,2021-01-20,ABR,447,156,291,147,73,204,0,12,0,0,0,0,11,445,2,ITF,ITF1,13,Abruzzo,Abruzzo,1304970,198987,15.25,0.03
1365,2021-04-05,ABR,2698,1151,1547,137,205,4,16,31,41,1372,846,11,35,1818,880,ITF,ITF1,13,Abruzzo,Abruzzo,1304970,201685,15.46,0.21
1366,2021-01-03,ABR,471,185,286,464,7,0,0,0,0,0,0,0,0,471,0,ITF,ITF1,13,Abruzzo,Abruzzo,1304970,202156,15.49,0.04
1367,2021-03-15,ABR,3640,1399,2241,657,358,79,330,27,41,1964,2,55,127,1824,1816,ITF,ITF1,13,Abruzzo,Abruzzo,1304970,205796,15.77,0.28
1368,2021-04-13,ABR,5892,2757,3135,94,63,78,150,86,410,1261,3671,31,48,4691,1201,ITF,ITF1,13,Abruzzo,Abruzzo,1304970,211688,16.22,0.45
1369,2021-04-09,ABR,8746,4114,4632,313,121,32,45,101,807,3287,3904,40,96,6204,2542,ITF,ITF1,13,Abruzzo,Abruzzo,1304970,220434,16.89,0.67
1370,2021-04-07,ABR,7123,3284,3839,187,214,82,15,69,106,3220,3057,96,77,4397,2726,ITF,ITF1,13,Abruzzo,Abruzzo,1304970,227557,17.44,0.55
1371,2021-01-28,ABR,1433,495,938,1370,61,1,0,0,1,0,0,0,0,12,1421,ITF,ITF1,13,Abruzzo,Abruzzo,1304970,228990,17.55,0.11
1372,2021-02-03,ABR,2061,717,1344,1541,362,118,0,4,0,0,0,0,36,419,1642,ITF,ITF1,13,Abruzzo,Abruzzo,1304970,231051,17.71,0.16
1373,2021-01-19,ABR,111,55,56,27,3,50,0,8,0,0,0,0,23,91,20,ITF,ITF1,13,Abruzzo,Abruzzo,1304970,231162,17.71,0.01
1374,2021-03-27,ABR,6120,2620,3500,189,229,48,216,87,157,4264,736,77,117,3641,2479,ITF,ITF1,13,Abruzzo,Abruzzo,1304970,237282,18.18,0.47
1375,2021-05-01,ABR,10734,5046,5688,114,61,41,39,1235,1709,1133,6243,23,136,5757,4977,ITF,ITF1,13,Abruzzo,Abruzzo,1304970,248016,19.01,0.82
1376,2021-01-13,ABR,1253,440,813,1103,99,0,0,7,1,7,0,0,36,1253,0,ITF,ITF1,13,Abruzzo,Abruzzo,1304970,249269,19.1,0.1
1377,2021-03-07,ABR,2523,630,1893,28,99,4,1823,68,10,463,0,1,27,2523,0,ITF,ITF1,13,Abruzzo,Abruzzo,1304970,251792,19.29,0.19
1378,2021-03-24,ABR,6353,2766,3587,485,300,231,430,108,230,3409,541,344,275,4097,2256,ITF,ITF1,13,Abruzzo,Abruzzo,1304970,258145,19.78,0.49
1379,2021-03-30,ABR,5061,2199,2862,211,205,38,286,52,57,2745,1328,51,88,3236,1825,ITF,ITF1,13,Abruzzo,Abruzzo,1304970,263206,20.17,0.39
1380,2021-03-25,ABR,5691,2565,3126,249,211,40,448,59,102,3825,239,311,207,3074,2617,ITF,ITF1,13,Abruzzo,Abruzzo,1304970,268897,20.61,0.44
1381,2021-04-14,ABR,6509,2898,3611,336,94,119,61,85,434,1467,3849,18,46,4431,2078,ITF,ITF1,13,Abruzzo,Abruzzo,1304970,275406,21.1,0.5
1382,2021-03-13,ABR,4254,1460,2794,539,624,138,1061,82,36,1468,6,106,194,3178,1076,ITF,ITF1,13,Abruzzo,Abruzzo,1304970,279660,21.43,0.33
1383,2021-04-28,ABR,9505,4583,4922,162,149,74,20,2353,1816,848,3888,35,160,7480,2025,ITF,ITF1,13,Abruzzo,Abruzzo,1304970,289165,22.16,0.73
1384,2021-04-02,ABR,6689,3097,3592,184,611,26,94,77,215,3308,2044,79,51,5202,1487,ITF,ITF1,13,Abruzzo,Abruzzo,1304970,295854,22.67,0.51
1385,2021-01-16,ABR,928,428,500,711,188,15,0,4,0,0,0,0,10,928,0,ITF,ITF1,13,Abruzzo,Abruzzo,1304970,296782,22.74,0.07
1386,2021-04-04,ABR,1626,766,860,94,57,2,4,8,280,446,718,2,15,1497,129,ITF,ITF1,13,Abruzzo,Abruzzo,1304970,298408,22.87,0.12
1387,2021-03-26,ABR,5297,2259,3038,264,213,37,449,75,122,3394,357,241,145,3231,2066,ITF,ITF1,13,Abruzzo,Abruzzo,1304970,303705,23.27,0.41
1388,2021-02-22,ABR,2644,1175,1469,477,275,46,251,4,4,1094,0,419,74,2614,30,ITF,ITF1,13,Abruzzo,Abruzzo,1304970,306349,23.48,0.2
1389,2021-03-12,ABR,6024,1990,4034,1006,593,138,2189,46,11,1727,1,144,169,4441,1583,ITF,ITF1,13,Abruzzo,Abruzzo,1304970,312373,23.94,0.46
1390,2021-04-10,ABR,8774,4059,4715,390,302,13,147,224,1133,2931,3458,32,144,6266,2508,ITF,ITF1,13,Abruzzo,Abruzzo,1304970,321147,24.61,0.67
1391,2021-02-11,ABR,816,262,554,473,184,154,0,0,0,0,0,0,5,773,43,ITF,ITF1,13,Abruzzo,Abruzzo,1304970,321963,24.67,0.06
1392,2021-03-16,ABR,3486,1453,2033,284,74,169,12,19,44,2850,6,8,20,1831,1655,ITF,ITF1,13,Abruzzo,Abruzzo,1304970,325449,24.94,0.27
1393,2021-04-15,ABR,7762,3618,4144,209,100,92,53,87,331,1567,5245,22,56,5917,1845,ITF,ITF1,13,Abruzzo,Abruzzo,1304970,333211,25.53,0.59
1394,2021-01-06,ABR,1830,664,1166,1546,148,133,0,0,0,0,0,0,3,1830,0,ITF,ITF1,13,Abruzzo,Abruzzo,1304970,335041,25.67,0.14
1395,2021-04-03,ABR,5073,2213,2860,174,91,28,84,73,112,2401,1958,62,90,3479,1594,ITF,ITF1,13,Abruzzo,Abruzzo,1304970,340114,26.06,0.39
1396,2021-01-05,ABR,1614,604,1010,1604,10,0,0,0,0,0,0,0,0,1614,0,ITF,ITF1,13,Abruzzo,Abruzzo,1304970,341728,26.19,0.12
1397,2021-02-08,ABR,1201,398,803,710,218,264,0,1,0,0,0,0,8,491,710,ITF,ITF1,13,Abruzzo,Abruzzo,1304970,342929,26.28,0.09
1398,2021-05-04,ABR,10694,5038,5656,176,116,17,36,1762,2522,358,5312,45,350,7075,3619,ITF,ITF1,13,Abruzzo,Abruzzo,1304970,353623,27.1,0.82
1399,2021-01-18,ABR,122,48,74,106,8,2,0,3,0,0,0,0,3,46,76,ITF,ITF1,13,Abruzzo,Abruzzo,1304970,353745,27.11,0.01
1400,2021-04-01,ABR,5535,2451,3084,274,117,57,153,153,156,2915,1529,48,133,3446,2089,ITF,ITF1,13,Abruzzo,Abruzzo,1304970,359280,27.53,0.42
1401,2021-01-15,ABR,379,149,230,223,79,35,0,7,2,0,0,0,33,379,0,ITF,ITF1,13,Abruzzo,Abruzzo,1304970,359659,27.56,0.03
1402,2021-02-27,ABR,2810,1337,1473,253,84,125,875,17,6,732,1,656,61,2544,266,ITF,ITF1,13,Abruzzo,Abruzzo,1304970,362469,27.78,0.22
1403,2021-02-24,ABR,3304,1440,1864,391,180,248,131,13,12,1969,4,247,109,3128,176,ITF,ITF1,13,Abruzzo,Abruzzo,1304970,365773,28.03,0.25
1404,2021-01-29,ABR,1386,449,937,1290,95,0,0,1,0,0,0,0,0,74,1312,ITF,ITF1,13,Abruzzo,Abruzzo,1304970,367159,28.14,0.11
1405,2021-04-11,ABR,5333,2607,2726,15,8,7,6,93,628,784,3735,6,51,4850,483,ITF,ITF1,13,Abruzzo,Abruzzo,1304970,372492,28.54,0.41
1406,2021-01-25,ABR,1604,633,971,1584,19,0,0,0,0,0,0,0,1,20,1584,ITF,ITF1,13,Abruzzo,Abruzzo,1304970,374096,28.67,0.12
1407,2021-02-17,ABR,2077,952,1125,512,144,394,1,0,22,718,0,210,76,1794,283,ITF,ITF1,13,Abruzzo,Abruzzo,1304970,376173,28.83,0.16
1408,2021-03-20,ABR,4733,2159,2574,318,206,63,97,50,99,3653,45,99,103,2569,2164,ITF,ITF1,13,Abruzzo,Abruzzo,1304970,380906,29.19,0.36
1409,2021-04-12,ABR,6229,2951,3278,217,66,50,36,194,505,1300,3760,20,81,5057,1172,ITF,ITF1,13,Abruzzo,Abruzzo,1304970,387135,29.67,0.48
1410,2021-01-07,ABR,1603,552,1051,1566,37,0,0,0,0,0,0,0,0,1603,0,ITF,ITF1,13,Abruzzo,Abruzzo,1304970,388738,29.79,0.12
1411,2021-01-09,ABR,1483,565,918,1430,50,0,0,1,0,0,0,0,2,1483,0,ITF,ITF1,13,Abruzzo,Abruzzo,1304970,390221,29.9,0.11
1412,2021-01-08,ABR,1525,507,1018,1487,36,0,0,1,1,0,0,0,0,1525,0,ITF,ITF1,13,Abruzzo,Abruzzo,1304970,391746,30.02,0.12
1413,2021-02-18,ABR,2291,934,1357,670,297,417,0,3,5,612,0,215,72,2161,130,ITF,ITF1,13,Abruzzo,Abruzzo,1304970,394037,30.2,0.18
1414,2021-02-19,ABR,3301,1552,1749,990,346,371,8,10,9,1113,1,402,51,3201,100,ITF,ITF1,13,Abruzzo,Abruzzo,1304970,397338,30.45,0.25
1415,2021-02-16,ABR,1978,869,1109,841,278,139,0,4,2,561,0,75,78,1966,12,ITF,ITF1,13,Abruzzo,Abruzzo,1304970,399316,30.6,0.15
1416,2021-04-29,ABR,12655,5843,6812,286,87,85,109,2847,3182,817,4968,57,217,9557,3098,ITF,ITF1,13,Abruzzo,Abruzzo,1304970,411971,31.57,0.97
1417,2021-01-14,ABR,530,189,341,364,114,0,0,4,5,34,0,0,9,530,0,ITF,ITF1,13,Abruzzo,Abruzzo,1304970,412501,31.61,0.04
1418,2021-05-06,ABR,12910,5995,6915,252,123,53,29,1635,2298,504,7188,90,738,7906,5004,ITF,ITF1,13,Abruzzo,Abruzzo,1304970,425411,32.6,0.99
1419,2021-01-26,ABR,1542,567,975,1513,29,0,0,0,0,0,0,0,0,29,1513,ITF,ITF1,13,Abruzzo,Abruzzo,1304970,426953,32.72,0.12
1420,2021-04-21,ABR,6386,3101,3285,63,53,13,14,990,1514,1020,2597,9,113,4711,1675,ITF,ITF1,13,Abruzzo,Abruzzo,1304970,433339,33.21,0.49
1421,2021-02-25,ABR,3086,1347,1739,615,398,57,126,28,6,1508,2,262,84,2558,528,ITF,ITF1,13,Abruzzo,Abruzzo,1304970,436425,33.44,0.24
1422,2021-02-10,ABR,948,313,635,622,182,116,0,5,0,0,0,0,23,504,444,ITF,ITF1,13,Abruzzo,Abruzzo,1304970,437373,33.52,0.07
1423,2021-02-20,ABR,4784,1843,2941,310,444,193,1889,5,12,1417,1,406,107,4708,76,ITF,ITF1,13,Abruzzo,Abruzzo,1304970,442157,33.88,0.37
1424,2021-04-25,ABR,9067,4617,4450,67,54,22,5,4353,1779,589,2069,19,110,8256,811,ITF,ITF1,13,Abruzzo,Abruzzo,1304970,451224,34.58,0.69
1425,2021-01-10,ABR,1139,409,730,1091,44,0,0,0,0,0,0,0,4,1139,0,ITF,ITF1,13,Abruzzo,Abruzzo,1304970,452363,34.66,0.09
1426,2021-04-27,ABR,9096,4378,4718,115,101,22,34,1768,2361,959,3558,27,151,6624,2472,ITF,ITF1,13,Abruzzo,Abruzzo,1304970,461459,35.36,0.7
1427,2021-05-03,ABR,11106,5240,5866,279,119,65,93,1668,2763,490,5371,21,237,7257,3849,ITF,ITF1,13,Abruzzo,Abruzzo,1304970,472565,36.21,0.85
1428,2021-03-14,ABR,1895,733,1162,8,3,0,249,20,7,1489,0,2,117,1228,667,ITF,ITF1,13,Abruzzo,Abruzzo,1304970,474460,36.36,0.15
1429,2021-04-23,ABR,7354,3376,3978,158,67,122,27,533,1641,1521,3173,14,98,5068,2286,ITF,ITF1,13,Abruzzo,Abruzzo,1304970,481814,36.92,0.56
1430,2021-02-05,ABR,1536,521,1015,1188,188,107,0,9,0,0,0,0,44,789,747,ITF,ITF1,13,Abruzzo,Abruzzo,1304970,483350,37.04,0.12
1431,2021-04-20,ABR,5592,2691,2901,39,83,1,20,326,2182,920,1948,18,55,4181,1411,ITF,ITF1,13,Abruzzo,Abruzzo,1304970,488942,37.47,0.43
1432,2021-04-16,ABR,7544,3493,4051,157,79,46,33,168,271,1685,5050,12,43,5624,1920,ITF,ITF1,13,Abruzzo,Abruzzo,1304970,496486,38.05,0.58
1433,2021-05-05,ABR,11577,5542,6035,160,194,49,31,1228,2111,476,6691,29,608,6448,5129,ITF,ITF1,13,Abruzzo,Abruzzo,1304970,508063,38.93,0.89
1434,2021-01-30,ABR,1510,567,943,1349,112,47,0,0,0,0,0,0,2,69,1441,ITF,ITF1,13,Abruzzo,Abruzzo,1304970,509573,39.05,0.12
1435,2021-01-02,ABR,548,218,330,540,5,0,0,0,0,0,0,0,3,548,0,ITF,ITF1,13,Abruzzo,Abruzzo,1304970,510121,39.09,0.04
1436,2021-05-09,ABR,9155,4088,5067,74,59,55,959,958,1400,407,4638,133,472,4281,4874,ITF,ITF1,13,Abruzzo,Abruzzo,1304970,519276,39.79,0.7
1437,2021-02-06,ABR,1611,742,869,1168,278,72,0,14,7,2,0,0,70,602,1009,ITF,ITF1,13,Abruzzo,Abruzzo,1304970,520887,39.92,0.12
1438,2021-01-11,ABR,1551,557,994,1337,152,48,0,3,0,0,0,0,11,1551,0,ITF,ITF1,13,Abruzzo,Abruzzo,1304970,522438,40.03,0.12
1439,2021-05-02,ABR,10424,5087,5337,149,78,4,20,1155,1683,336,6831,23,145,5216,5208,ITF,ITF1,13,Abruzzo,Abruzzo,1304970,532862,40.83,0.8
1440,2021-03-02,ABR,3964,1676,2288,934,220,53,405,82,3,1857,2,299,109,3280,684,ITF,ITF1,13,Abruzzo,Abruzzo,1304970,536826,41.14,0.3
1441,2021-04-08,ABR,7356,3323,4033,156,85,73,204,70,409,2634,3629,45,51,5075,2281,ITF,ITF1,13,Abruzzo,Abruzzo,1304970,544182,41.7,0.56
1442,2021-02-02,ABR,1798,677,1121,1243,404,142,0,1,0,0,0,0,8,241,1557,ITF,ITF1,13,Abruzzo,Abruzzo,1304970,545980,41.84,0.14
1443,2021-04-10,CAM,28342,13487,14855,259,61,90,735,333,7069,6314,12857,213,411,23427,4915,ITF,ITF3,15,Campania,Campania,5801692,28342,0.49,0.49
1444,2021-04-04,CAM,7956,4009,3947,177,28,6,73,50,1217,1996,4045,63,301,6913,1043,ITF,ITF3,15,Campania,Campania,5801692,36298,0.63,0.14
1445,2021-04-28,CAM,36392,17611,18781,168,46,52,226,7009,6957,3708,15799,335,2092,26655,9737,ITF,ITF3,15,Campania,Campania,5801692,72690,1.25,0.63
1446,2021-01-12,CAM,5214,2563,2651,3439,722,340,0,104,29,7,0,0,573,5214,0,ITF,ITF3,15,Campania,Campania,5801692,77904,1.34,0.09
1447,2021-04-02,CAM,21729,10409,11320,263,48,108,1063,138,6337,3966,8559,514,733,19411,2318,ITF,ITF3,15,Campania,Campania,5801692,99633,1.72,0.37
1448,2021-02-19,CAM,9570,3558,6012,1663,169,161,2207,103,35,4457,0,0,775,8920,650,ITF,ITF3,15,Campania,Campania,5801692,109203,1.88,0.16
1449,2021-01-01,CAM,919,506,413,831,85,0,0,2,0,0,0,0,1,919,0,ITF,ITF3,15,Campania,Campania,5801692,110122,1.9,0.02
1450,2021-03-26,CAM,19454,8927,10527,363,40,142,1634,100,3151,7624,5467,464,469,15644,3810,ITF,ITF3,15,Campania,Campania,5801692,129576,2.23,0.34
1451,2021-02-11,CAM,6278,2704,3574,1861,279,129,0,238,90,2410,0,0,1271,6212,66,ITF,ITF3,15,Campania,Campania,5801692,135854,2.34,0.11
1452,2021-01-18,CAM,957,399,558,576,93,187,0,12,4,17,0,0,68,713,244,ITF,ITF3,15,Campania,Campania,5801692,136811,2.36,0.02
1453,2021-02-22,CAM,10675,3295,7380,545,60,143,5552,63,38,3899,0,0,375,10412,263,ITF,ITF3,15,Campania,Campania,5801692,147486,2.54,0.18
1454,2021-04-03,CAM,21104,10309,10795,203,50,185,558,106,5968,4524,8849,207,454,18728,2376,ITF,ITF3,15,Campania,Campania,5801692,168590,2.91,0.36
1455,2021-02-08,CAM,5112,2449,2663,1387,320,226,0,327,180,1436,0,0,1236,4310,802,ITF,ITF3,15,Campania,Campania,5801692,173702,2.99,0.09
1456,2021-01-16,CAM,3369,1675,1694,1355,230,373,0,231,63,32,0,0,1085,3369,0,ITF,ITF3,15,Campania,Campania,5801692,177071,3.05,0.06
1457,2021-04-01,CAM,24304,11666,12638,415,63,83,1626,170,4314,7021,9397,572,643,20173,4131,ITF,ITF3,15,Campania,Campania,5801692,201375,3.47,0.42
1458,2021-03-13,CAM,14252,6793,7459,404,136,193,3685,84,27,6717,0,2322,684,8967,5285,ITF,ITF3,15,Campania,Campania,5801692,215627,3.72,0.25
1459,2021-01-06,CAM,7653,3750,3903,5781,838,300,0,116,29,4,0,0,585,7653,0,ITF,ITF3,15,Campania,Campania,5801692,223280,3.85,0.13
1460,2021-03-16,CAM,8088,3519,4569,289,61,60,114,47,85,6876,235,29,292,3774,4314,ITF,ITF3,15,Campania,Campania,5801692,231368,3.99,0.14
1461,2021-03-12,CAM,14248,7096,7152,1022,156,82,2803,114,56,6606,0,2438,971,8165,6083,ITF,ITF3,15,Campania,Campania,5801692,245616,4.23,0.25
1462,2021-04-15,CAM,34315,16650,17665,313,46,21,318,4261,7019,6162,15619,121,435,24429,9886,ITF,ITF3,15,Campania,Campania,5801692,279931,4.82,0.59
1463,2020-12-27,CAM,720,422,298,703,14,0,0,0,1,0,0,0,2,720,0,ITF,ITF3,15,Campania,Campania,5801692,280651,4.84,0.01
1464,2021-05-04,CAM,48363,23313,25050,201,117,106,235,11780,7374,2088,17169,517,8776,39498,8865,ITF,ITF3,15,Campania,Campania,5801692,329014,5.67,0.83
1465,2021-04-18,CAM,27209,13278,13931,108,23,7,240,3940,5519,5396,11734,84,158,18315,8894,ITF,ITF3,15,Campania,Campania,5801692,356223,6.14,0.47
1466,2021-01-29,CAM,10052,4812,5240,6405,1052,259,0,307,75,19,0,0,1935,47,10005,ITF,ITF3,15,Campania,Campania,5801692,366275,6.31,0.17
1467,2021-04-12,CAM,23301,10919,12382,149,64,70,218,1027,10305,3271,7757,129,311,20264,3037,ITF,ITF3,15,Campania,Campania,5801692,389576,6.71,0.4
1468,2021-02-17,CAM,7388,3210,4178,1013,208,38,362,129,70,4913,0,0,655,6328,1060,ITF,ITF3,15,Campania,Campania,5801692,396964,6.84,0.13
1469,2021-02-16,CAM,5435,2410,3025,983,276,169,1,118,43,3189,0,0,656,4664,771,ITF,ITF3,15,Campania,Campania,5801692,402399,6.94,0.09
1470,2021-04-21,CAM,30208,14719,15489,103,43,6,264,5932,7879,3719,11921,103,238,17985,12223,ITF,ITF3,15,Campania,Campania,5801692,432607,7.46,0.52
1471,2021-01-25,CAM,5744,2926,2818,4743,644,56,0,46,13,2,0,0,240,164,5580,ITF,ITF3,15,Campania,Campania,5801692,438351,7.56,0.1
1472,2021-02-27,CAM,13942,4471,9471,825,290,82,8310,245,112,3184,0,0,894,12300,1642,ITF,ITF3,15,Campania,Campania,5801692,452293,7.8,0.24
1473,2021-01-09,CAM,10566,5024,5542,6759,1256,269,0,253,64,21,0,0,1944,10566,0,ITF,ITF3,15,Campania,Campania,5801692,462859,7.98,0.18
1474,2021-04-24,CAM,36285,17506,18779,147,36,7,371,4560,8220,4163,18175,142,464,25053,11232,ITF,ITF3,15,Campania,Campania,5801692,499144,8.6,0.63
1475,2021-02-18,CAM,9080,3812,5268,1752,241,89,438,142,57,5562,0,1,798,8372,708,ITF,ITF3,15,Campania,Campania,5801692,508224,8.76,0.16
1476,2021-01-08,CAM,10455,4968,5487,6714,1147,212,0,309,80,18,0,0,1975,10455,0,ITF,ITF3,15,Campania,Campania,5801692,518679,8.94,0.18
1477,2021-04-11,CAM,17523,8607,8916,116,34,2,203,313,5113,1835,9599,82,226,15442,2081,ITF,ITF3,15,Campania,Campania,5801692,536202,9.24,0.3
1478,2021-05-06,CAM,57143,27836,29307,221,128,94,293,8744,5739,3130,20051,362,18381,42725,14418,ITF,ITF3,15,Campania,Campania,5801692,593345,10.23,0.98
1479,2021-04-29,CAM,41253,19996,21257,267,106,76,674,7034,7486,3608,19966,344,1692,24795,16458,ITF,ITF3,15,Campania,Campania,5801692,634598,10.94,0.71
1480,2021-02-25,CAM,12427,4479,7948,803,119,124,4809,144,81,5692,1,0,654,11239,1188,ITF,ITF3,15,Campania,Campania,5801692,647025,11.15,0.21
1481,2021-01-14,CAM,7073,2977,4096,3707,1264,350,0,206,61,14,0,0,1471,7073,0,ITF,ITF3,15,Campania,Campania,5801692,654098,11.27,0.12
1482,2021-02-20,CAM,8572,3081,5491,1023,158,145,1974,57,13,4588,0,0,614,8269,303,ITF,ITF3,15,Campania,Campania,5801692,662670,11.42,0.15
1483,2021-04-27,CAM,32075,15578,16497,228,270,36,456,6665,6226,2852,14056,279,1007,24165,7910,ITF,ITF3,15,Campania,Campania,5801692,694745,11.97,0.55
1484,2021-01-26,CAM,7341,3726,3615,5776,847,231,0,87,27,5,0,0,368,353,6988,ITF,ITF3,15,Campania,Campania,5801692,702086,12.1,0.13
1485,2021-02-14,CAM,3924,1921,2003,626,102,15,0,130,122,2472,0,0,457,3890,34,ITF,ITF3,15,Campania,Campania,5801692,706010,12.17,0.07
1486,2021-04-13,CAM,26595,12676,13919,226,69,97,243,2699,11286,4204,7136,135,500,21067,5528,ITF,ITF3,15,Campania,Campania,5801692,732605,12.63,0.46
1487,2021-03-14,CAM,8505,3721,4784,328,115,2,2018,56,27,4563,0,975,421,4367,4138,ITF,ITF3,15,Campania,Campania,5801692,741110,12.77,0.15
1488,2021-02-10,CAM,6904,3413,3491,1945,284,98,0,448,235,2218,0,0,1676,6728,176,ITF,ITF3,15,Campania,Campania,5801692,748014,12.89,0.12
1489,2021-05-03,CAM,40727,19875,20852,158,69,74,272,6905,8088,2216,14036,371,8538,28886,11841,ITF,ITF3,15,Campania,Campania,5801692,788741,13.6,0.7
1490,2021-02-06,CAM,5340,2665,2675,1990,520,458,0,427,176,58,0,0,1711,2102,3238,ITF,ITF3,15,Campania,Campania,5801692,794081,13.69,0.09
1491,2021-05-05,CAM,51073,24814,26259,219,106,241,254,13165,8036,1815,14230,412,12595,44718,6355,ITF,ITF3,15,Campania,Campania,5801692,845154,14.57,0.88
1492,2021-01-10,CAM,8165,3736,4429,5179,1010,97,0,232,62,13,0,0,1572,8165,0,ITF,ITF3,15,Campania,Campania,5801692,853319,14.71,0.14
1493,2021-04-20,CAM,32067,15538,16529,152,40,199,332,7680,7197,4693,11291,141,342,20744,11323,ITF,ITF3,15,Campania,Campania,5801692,885386,15.26,0.55
1494,2021-01-05,CAM,7237,3637,3600,5810,923,106,0,68,20,4,0,0,306,7237,0,ITF,ITF3,15,Campania,Campania,5801692,892623,15.39,0.12
1495,2021-01-30,CAM,10721,5079,5642,6930,1278,227,0,251,68,18,0,0,1949,39,10682,ITF,ITF3,15,Campania,Campania,5801692,903344,15.57,0.18
1496,2021-04-25,CAM,30701,15167,15534,343,104,5,200,8494,5525,2257,13358,89,326,25315,5386,ITF,ITF3,15,Campania,Campania,5801692,934045,16.1,0.53
1497,2021-05-09,CAM,42883,20111,22772,162,65,25,821,6720,5856,1742,13111,136,14245,31800,11083,ITF,ITF3,15,Campania,Campania,5801692,976928,16.84,0.74
1498,2021-04-23,CAM,32289,15504,16785,161,42,69,320,5739,6224,3764,15465,182,323,23153,9136,ITF,ITF3,15,Campania,Campania,5801692,1009217,17.4,0.56
1499,2021-02-05,CAM,7261,3463,3798,3447,995,308,0,348,140,35,0,0,1988,2133,5128,ITF,ITF3,15,Campania,Campania,5801692,1016478,17.52,0.13
1500,2021-01-11,CAM,4072,1871,2201,2386,681,252,0,111,28,14,0,0,600,4072,0,ITF,ITF3,15,Campania,Campania,5801692,1020550,17.59,0.07
1501,2021-04-16,CAM,34294,16549,17745,236,50,108,314,3196,6274,6631,16839,277,369,23637,10657,ITF,ITF3,15,Campania,Campania,5801692,1054844,18.18,0.59
1502,2021-05-02,CAM,43467,21528,21939,130,37,5,305,7582,6673,1834,17104,213,9584,32137,11330,ITF,ITF3,15,Campania,Campania,5801692,1098311,18.93,0.75
1503,2021-03-17,CAM,11586,5096,6490,490,134,49,137,55,158,10009,141,43,370,5007,6579,ITF,ITF3,15,Campania,Campania,5801692,1109897,19.13,0.2
1504,2021-03-01,CAM,12125,4246,7879,1153,319,147,5788,304,181,3104,0,0,1129,8014,4111,ITF,ITF3,15,Campania,Campania,5801692,1122022,19.34,0.21
1505,2021-02-04,CAM,7943,3429,4514,3965,1245,292,0,328,140,25,0,0,1948,1308,6635,ITF,ITF3,15,Campania,Campania,5801692,1129965,19.48,0.14
1506,2021-03-02,CAM,12746,4551,8195,1294,197,147,5899,366,225,3279,0,2,1337,8403,4343,ITF,ITF3,15,Campania,Campania,5801692,1142711,19.7,0.22
1507,2021-01-23,CAM,3838,2028,1810,3161,343,69,0,40,8,0,0,0,217,273,3565,ITF,ITF3,15,Campania,Campania,5801692,1146549,19.76,0.07
1508,2021-03-27,CAM,21268,10029,11239,356,39,63,1951,88,4052,7143,6935,210,431,17405,3863,ITF,ITF3,15,Campania,Campania,5801692,1167817,20.13,0.37
1509,2021-03-22,CAM,12740,5921,6819,308,762,72,2467,80,3639,3502,588,922,400,10702,2038,ITF,ITF3,15,Campania,Campania,5801692,1180557,20.35,0.22
1510,2021-03-31,CAM,22671,10899,11772,340,85,111,1164,143,7470,5173,7332,307,546,19233,3438,ITF,ITF3,15,Campania,Campania,5801692,1203228,20.74,0.39
1511,2021-02-09,CAM,4643,2202,2441,1148,178,6,0,356,211,1381,0,0,1363,4391,252,ITF,ITF3,15,Campania,Campania,5801692,1207871,20.82,0.08
1512,2021-02-15,CAM,5470,2516,2954,987,238,94,1,98,64,3403,1,1,583,5297,173,ITF,ITF3,15,Campania,Campania,5801692,1213341,20.91,0.09
1513,2021-03-28,CAM,15551,7499,8052,79,156,18,679,55,3592,5103,5532,165,172,13928,1623,ITF,ITF3,15,Campania,Campania,5801692,1228892,21.18,0.27
1514,2021-02-24,CAM,11773,4147,7626,845,194,145,4193,45,24,5964,1,0,362,11085,688,ITF,ITF3,15,Campania,Campania,5801692,1240665,21.38,0.2
1515,2021-04-06,CAM,24380,11422,12958,306,116,141,1553,102,10169,5375,5996,210,412,19860,4520,ITF,ITF3,15,Campania,Campania,5801692,1265045,21.8,0.42
1516,2021-02-28,CAM,10411,3206,7205,496,116,22,5495,303,139,2261,0,0,1579,8511,1900,ITF,ITF3,15,Campania,Campania,5801692,1275456,21.98,0.18
1517,2021-02-07,CAM,2929,1382,1547,706,189,225,0,260,155,342,0,0,1052,2158,771,ITF,ITF3,15,Campania,Campania,5801692,1278385,22.03,0.05
1518,2020-12-31,CAM,1490,811,679,1273,150,1,0,11,2,0,0,0,53,1490,0,ITF,ITF3,15,Campania,Campania,5801692,1279875,22.06,0.03
1519,2021-03-20,CAM,13882,6429,7453,295,43,35,2881,76,1677,6505,772,1021,577,10143,3739,ITF,ITF3,15,Campania,Campania,5801692,1293757,22.3,0.24
1520,2021-04-26,CAM,33976,16624,17352,216,141,4,165,8370,4157,2346,18104,148,325,28360,5616,ITF,ITF3,15,Campania,Campania,5801692,1327733,22.89,0.59
1521,2021-01-17,CAM,1155,551,604,718,54,151,0,22,7,3,0,0,200,702,453,ITF,ITF3,15,Campania,Campania,5801692,1328888,22.91,0.02
1522,2021-02-21,CAM,5833,2239,3594,780,45,22,508,56,14,3871,0,0,537,5608,225,ITF,ITF3,15,Campania,Campania,5801692,1334721,23.01,0.1
1523,2021-03-19,CAM,11033,4868,6165,392,68,21,853,70,134,8444,474,138,439,7164,3869,ITF,ITF3,15,Campania,Campania,5801692,1345754,23.2,0.19
1524,2021-01-21,CAM,2093,1116,977,1379,153,75,0,95,32,22,0,0,337,677,1416,ITF,ITF3,15,Campania,Campania,5801692,1347847,23.23,0.04
1525,2021-03-29,CAM,18943,9132,9811,362,51,129,1197,83,4475,5048,6844,304,450,17399,1544,ITF,ITF3,15,Campania,Campania,5801692,1366790,23.56,0.33
1526,2021-05-10,CAM,13898,6323,7575,113,33,14,1354,2555,2067,571,5132,73,1986,8127,5771,ITF,ITF3,15,Campania,Campania,5801692,1380688,23.8,0.24
1527,2021-02-26,CAM,13331,4228,9103,951,127,220,7832,130,65,3422,0,1,583,11996,1335,ITF,ITF3,15,Campania,Campania,5801692,1394019,24.03,0.23
1528,2021-03-18,CAM,12171,5377,6794,460,79,34,459,72,260,9981,231,99,496,5983,6188,ITF,ITF3,15,Campania,Campania,5801692,1406190,24.24,0.21
1529,2021-03-05,CAM,16476,6347,10129,1683,243,64,5788,320,141,6364,0,4,1869,9816,6660,ITF,ITF3,15,Campania,Campania,5801692,1422666,24.52,0.28
1530,2021-01-07,CAM,8910,4166,4744,6313,1087,332,0,193,29,11,0,0,945,8910,0,ITF,ITF3,15,Campania,Campania,5801692,1431576,24.68,0.15
1531,2021-03-06,CAM,16306,6751,9555,993,135,173,5486,250,170,7147,0,1105,847,10639,5667,ITF,ITF3,15,Campania,Campania,5801692,1447882,24.96,0.28
1532,2021-04-22,CAM,33925,16523,17402,226,53,22,306,5245,6686,5072,15846,141,328,21529,12396,ITF,ITF3,15,Campania,Campania,5801692,1481807,25.54,0.58
1533,2021-04-30,CAM,42163,20096,22067,314,67,68,1044,6345,8480,3502,19049,529,2765,25767,16396,ITF,ITF3,15,Campania,Campania,5801692,1523970,26.27,0.73
1534,2021-03-03,CAM,13916,5492,8424,2088,240,156,4232,469,251,4809,0,4,1667,7287,6629,ITF,ITF3,15,Campania,Campania,5801692,1537886,26.51,0.24
1535,2021-04-17,CAM,36167,17500,18667,217,41,7,433,4710,6962,6358,16959,140,340,24655,11512,ITF,ITF3,15,Campania,Campania,5801692,1574053,27.13,0.62
1536,2021-03-10,CAM,15242,7376,7866,705,246,26,2469,121,44,8441,1,2345,844,8412,6830,ITF,ITF3,15,Campania,Campania,5801692,1589295,27.39,0.26
1537,2021-05-07,CAM,59525,29078,30447,301,168,103,331,7553,5401,2621,19962,498,22587,43619,15906,ITF,ITF3,15,Campania,Campania,5801692,1648820,28.42,1.03
1538,2021-03-21,CAM,9983,4592,5391,168,28,17,1678,46,3788,2935,762,382,179,7594,2389,ITF,ITF3,15,Campania,Campania,5801692,1658803,28.59,0.17
1539,2021-03-08,CAM,14536,6715,7821,888,248,70,4958,156,78,4873,0,2275,990,9761,4775,ITF,ITF3,15,Campania,Campania,5801692,1673339,28.84,0.25
1540,2021-02-23,CAM,10998,3385,7613,520,87,294,5943,57,30,3760,0,0,307,10473,525,ITF,ITF3,15,Campania,Campania,5801692,1684337,29.03,0.19
1541,2021-01-22,CAM,1523,775,748,970,120,209,0,28,6,4,0,0,186,673,850,ITF,ITF3,15,Campania,Campania,5801692,1685860,29.06,0.03
1542,2021-02-12,CAM,6527,2859,3668,1885,306,208,4,160,69,3061,0,0,834,6341,186,ITF,ITF3,15,Campania,Campania,5801692,1692387,29.17,0.11
1543,2021-02-13,CAM,5509,2550,2959,960,114,131,2,160,127,3622,0,0,393,5292,217,ITF,ITF3,15,Campania,Campania,5801692,1697896,29.27,0.09
1544,2021-03-04,CAM,14651,5349,9302,1901,305,136,4838,302,98,5595,0,1,1475,8758,5893,ITF,ITF3,15,Campania,Campania,5801692,1712547,29.52,0.25
1545,2021-03-23,CAM,15326,7054,8272,359,491,181,3287,160,2743,4739,2113,577,676,12821,2505,ITF,ITF3,15,Campania,Campania,5801692,1727873,29.78,0.26
1546,2021-03-24,CAM,17612,8079,9533,410,99,70,2437,111,1942,6725,4802,621,395,14661,2951,ITF,ITF3,15,Campania,Campania,5801692,1745485,30.09,0.3
1547,2021-01-24,CAM,4128,2123,2005,3140,410,166,0,46,10,0,0,0,356,383,3745,ITF,ITF3,15,Campania,Campania,5801692,1749613,30.16,0.07
1548,2021-03-25,CAM,19993,9337,10656,308,52,8,2482,124,2561,7454,6030,395,579,16491,3502,ITF,ITF3,15,Campania,Campania,5801692,1769606,30.5,0.34
1549,2021-04-19,CAM,30696,14811,15885,177,51,91,242,7794,5423,5313,11221,121,263,19132,11564,ITF,ITF3,15,Campania,Campania,5801692,1800302,31.03,0.53
1550,2021-05-08,CAM,56192,27025,29167,191,123,5,720,7918,6664,3103,20390,256,16822,40407,15785,ITF,ITF3,15,Campania,Campania,5801692,1856494,32.0,0.97
1551,2021-02-01,CAM,3985,1813,2172,2504,656,152,0,102,26,14,0,0,531,110,3875,ITF,ITF3,15,Campania,Campania,5801692,1860479,32.07,0.07
1552,2021-01-02,CAM,3673,1962,1711,3167,340,0,0,22,8,0,0,0,136,3673,0,ITF,ITF3,15,Campania,Campania,5801692,1864152,32.13,0.06
1553,2021-01-20,CAM,1257,650,607,395,146,101,0,101,100,17,0,0,397,1257,0,ITF,ITF3,15,Campania,Campania,5801692,1865409,32.15,0.02
1554,2021-03-09,CAM,13838,6619,7219,797,276,184,4187,177,49,4512,1,2515,1140,10057,3781,ITF,ITF3,15,Campania,Campania,5801692,1879247,32.39,0.24
1555,2021-04-05,CAM,11635,5543,6092,141,23,6,432,31,2455,2878,5307,110,252,9213,2422,ITF,ITF3,15,Campania,Campania,5801692,1890882,32.59,0.2
1556,2021-01-27,CAM,7738,3820,3918,5839,875,270,0,118,32,4,0,0,600,163,7575,ITF,ITF3,15,Campania,Campania,5801692,1898620,32.73,0.13
1557,2021-01-31,CAM,8067,3711,4356,5107,1012,67,0,238,61,12,0,0,1570,23,8044,ITF,ITF3,15,Campania,Campania,5801692,1906687,32.86,0.14
1558,2021-01-19,CAM,1095,474,621,534,129,171,0,36,7,1,0,0,217,1092,3,ITF,ITF3,15,Campania,Campania,5801692,1907782,32.88,0.02
1559,2021-03-11,CAM,17574,8666,8908,1049,296,105,2833,180,87,8955,0,2957,1112,10296,7278,ITF,ITF3,15,Campania,Campania,5801692,1925356,33.19,0.3
1560,2021-01-28,CAM,8832,4121,4711,6216,1094,347,0,190,32,12,0,0,941,134,8698,ITF,ITF3,15,Campania,Campania,5801692,1934188,33.34,0.15
1561,2021-01-04,CAM,5826,2963,2863,4850,679,0,0,45,5,1,0,0,246,5826,0,ITF,ITF3,15,Campania,Campania,5801692,1940014,33.44,0.1
1562,2021-04-09,CAM,29816,13948,15868,261,74,39,958,183,9293,7326,10728,353,601,23700,6116,ITF,ITF3,15,Campania,Campania,5801692,1969830,33.95,0.51
1563,2021-02-02,CAM,5722,2804,2918,3640,828,354,0,140,50,22,0,0,688,443,5279,ITF,ITF3,15,Campania,Campania,5801692,1975552,34.05,0.1
1564,2021-03-15,CAM,12934,6088,6846,820,142,78,2558,82,1445,6288,12,1066,443,8190,4744,ITF,ITF3,15,Campania,Campania,5801692,1988486,34.27,0.22
1565,2021-02-03,CAM,8902,4002,4900,4736,1101,714,0,295,74,34,0,0,1948,878,8024,ITF,ITF3,15,Campania,Campania,5801692,1997388,34.43,0.15
1566,2021-04-08,CAM,28261,13636,14625,283,131,58,1040,135,6666,7226,11876,401,445,22427,5834,ITF,ITF3,15,Campania,Campania,5801692,2025649,34.91,0.49
1567,2021-01-15,CAM,4980,2381,2599,2740,832,191,0,159,72,22,0,0,964,4980,0,ITF,ITF3,15,Campania,Campania,5801692,2030629,35.0,0.09
1568,2021-04-14,CAM,27636,13328,14308,268,55,22,268,3203,11171,5110,7057,133,349,19073,8563,ITF,ITF3,15,Campania,Campania,5801692,2058265,35.48,0.48
1569,2021-01-03,CAM,3837,2009,1828,3191,401,0,0,31,6,0,0,0,208,3837,0,ITF,ITF3,15,Campania,Campania,5801692,2062102,35.54,0.07
1570,2021-05-01,CAM,46279,22642,23637,161,60,1,636,6332,6258,3650,22213,319,6649,30185,16094,ITF,ITF3,15,Campania,Campania,5801692,2108381,36.34,0.8
1571,2021-03-07,CAM,11911,5344,6567,533,110,85,4351,158,134,4030,0,1953,557,8070,3841,ITF,ITF3,15,Campania,Campania,5801692,2120292,36.55,0.21
1572,2021-03-30,CAM,21722,10270,11452,278,47,182,1833,155,5858,5686,6766,284,633,18766,2956,ITF,ITF3,15,Campania,Campania,5801692,2142014,36.92,0.37
1573,2021-01-13,CAM,8019,3665,4354,4350,1031,587,0,267,65,30,0,0,1689,8019,0,ITF,ITF3,15,Campania,Campania,5801692,2150033,37.06,0.14
1574,2021-04-07,CAM,24736,11769,12967,347,206,62,1043,135,7508,6622,7999,274,540,20014,4722,ITF,ITF3,15,Campania,Campania,5801692,2174769,37.49,0.43
1575,2021-01-31,LAZ,4458,1853,2605,3572,142,244,0,58,44,154,0,0,244,475,3983,ITI,ITI4,12,Lazio,Lazio,5879082,4458,0.08,0.08
1576,2021-01-26,LAZ,7956,3125,4831,6594,219,631,0,86,47,162,0,0,217,724,7232,ITI,ITI4,12,Lazio,Lazio,5879082,12414,0.21,0.14
1577,2021-02-13,LAZ,6607,2624,3983,2125,100,280,0,63,70,3721,0,2,246,6197,410,ITI,ITI4,12,Lazio,Lazio,5879082,19021,0.32,0.11
1578,2021-03-18,LAZ,14217,6073,8144,1025,94,330,6,378,1038,9671,1285,15,375,7828,6389,ITI,ITI4,12,Lazio,Lazio,5879082,33238,0.57,0.24
1579,2021-04-13,LAZ,25493,11815,13678,752,109,296,57,4923,8120,7827,2928,23,458,17800,7693,ITI,ITI4,12,Lazio,Lazio,5879082,58731,1.0,0.43
1580,2021-01-27,LAZ,6113,2386,3727,4797,228,457,0,106,50,150,0,0,325,996,5117,ITI,ITI4,12,Lazio,Lazio,5879082,64844,1.1,0.1
1581,2021-02-10,LAZ,8167,3388,4779,2647,278,634,0,96,80,4057,0,0,375,4850,3317,ITI,ITI4,12,Lazio,Lazio,5879082,73011,1.24,0.14
1582,2021-02-25,LAZ,12654,5517,7137,1754,440,489,2611,139,117,5236,1,1423,444,11604,1050,ITI,ITI4,12,Lazio,Lazio,5879082,85665,1.46,0.22
1583,2021-05-07,LAZ,47529,22329,25200,1515,143,202,103,11489,12135,5029,6087,1545,9281,30234,17295,ITI,ITI4,12,Lazio,Lazio,5879082,133194,2.27,0.81
1584,2021-03-08,LAZ,20059,8310,11749,1580,135,380,4725,937,274,9236,906,1104,782,14786,5273,ITI,ITI4,12,Lazio,Lazio,5879082,153253,2.61,0.34
1585,2021-04-08,LAZ,26611,12151,14460,1233,94,187,59,3609,9056,8457,2522,184,1210,18938,7673,ITI,ITI4,12,Lazio,Lazio,5879082,179864,3.06,0.45
1586,2021-03-02,LAZ,16974,7416,9558,1478,362,229,3767,465,96,8231,328,1280,738,13040,3934,ITI,ITI4,12,Lazio,Lazio,5879082,196838,3.35,0.29
1587,2021-01-10,LAZ,4039,1700,2339,3424,160,252,0,35,27,24,0,0,117,4039,0,ITI,ITI4,12,Lazio,Lazio,5879082,200877,3.42,0.07
1588,2021-05-08,LAZ,44902,20495,24407,1228,111,136,67,11229,11013,4886,5148,1362,9722,29706,15196,ITI,ITI4,12,Lazio,Lazio,5879082,245779,4.18,0.76
1589,2021-01-20,LAZ,4802,1939,2863,3282,233,427,0,91,59,380,0,0,330,3259,1543,ITI,ITI4,12,Lazio,Lazio,5879082,250581,4.26,0.08
1590,2021-05-05,LAZ,46351,21309,25042,1714,163,103,65,10893,12540,4804,5471,951,9647,30794,15557,ITI,ITI4,12,Lazio,Lazio,5879082,296932,5.05,0.79
1591,2021-04-20,LAZ,30856,14162,16694,701,143,230,75,7361,10158,8001,3727,35,425,19610,11246,ITI,ITI4,12,Lazio,Lazio,5879082,327788,5.58,0.52
1592,2021-01-24,LAZ,5694,2229,3465,4945,132,134,0,56,107,170,0,0,150,612,5082,ITI,ITI4,12,Lazio,Lazio,5879082,333482,5.67,0.1
1593,2021-03-15,LAZ,19277,8331,10946,1606,136,411,2535,710,1680,9760,813,967,659,12541,6736,ITI,ITI4,12,Lazio,Lazio,5879082,352759,6.0,0.33
1594,2021-01-28,LAZ,8276,3164,5112,6811,381,514,0,112,39,150,0,0,269,780,7496,ITI,ITI4,12,Lazio,Lazio,5879082,361035,6.14,0.14
1595,2021-04-07,LAZ,24957,11318,13639,1150,89,190,94,2830,8843,8433,2082,139,1107,17656,7301,ITI,ITI4,12,Lazio,Lazio,5879082,385992,6.57,0.42
1596,2021-01-30,LAZ,7009,2891,4118,5299,283,651,0,114,70,187,0,0,405,807,6202,ITI,ITI4,12,Lazio,Lazio,5879082,393001,6.68,0.12
1597,2021-04-14,LAZ,29118,13220,15898,672,87,152,82,5056,9719,9107,3756,19,468,19001,10117,ITI,ITI4,12,Lazio,Lazio,5879082,422119,7.18,0.5
1598,2021-01-11,LAZ,5528,2104,3424,4554,312,569,0,12,9,14,0,0,58,5528,0,ITI,ITI4,12,Lazio,Lazio,5879082,427647,7.27,0.09
1599,2021-03-07,LAZ,14094,5429,8665,1002,27,148,3542,311,137,7469,405,701,352,10501,3593,ITI,ITI4,12,Lazio,Lazio,5879082,441741,7.51,0.24
1600,2021-04-19,LAZ,29969,13628,16341,644,108,157,38,6885,9940,8288,3387,45,477,19348,10621,ITI,ITI4,12,Lazio,Lazio,5879082,471710,8.02,0.51
1601,2021-01-13,LAZ,5669,2145,3524,4147,273,1009,0,39,12,28,0,0,161,5669,0,ITI,ITI4,12,Lazio,Lazio,5879082,477379,8.12,0.1
1602,2021-02-22,LAZ,11441,4982,6459,1780,130,473,2226,36,30,5276,1,1392,97,10939,502,ITI,ITI4,12,Lazio,Lazio,5879082,488820,8.31,0.19
1603,2021-02-24,LAZ,12041,5199,6842,1799,435,337,2404,75,64,5246,0,1329,352,11047,994,ITI,ITI4,12,Lazio,Lazio,5879082,500861,8.52,0.2
1604,2021-04-10,LAZ,23796,10310,13486,678,60,111,87,3956,7288,7864,3221,33,498,16623,7173,ITI,ITI4,12,Lazio,Lazio,5879082,524657,8.92,0.4
1605,2021-03-22,LAZ,21693,9062,12631,885,80,245,3878,424,4388,9342,1380,579,492,15032,6661,ITI,ITI4,12,Lazio,Lazio,5879082,546350,9.29,0.37
1606,2021-03-16,LAZ,13537,5731,7806,1194,70,280,6,215,849,9689,860,9,365,7095,6442,ITI,ITI4,12,Lazio,Lazio,5879082,559887,9.52,0.23
1607,2020-12-30,LAZ,1630,629,1001,1603,0,27,0,0,0,0,0,0,0,1630,0,ITI,ITI4,12,Lazio,Lazio,5879082,561517,9.55,0.03
1608,2021-01-17,LAZ,4893,2027,2866,3271,149,200,0,54,81,915,0,0,223,4681,212,ITI,ITI4,12,Lazio,Lazio,5879082,566410,9.63,0.08
1609,2021-04-26,LAZ,29113,13377,15736,980,83,349,57,7381,11285,5657,2670,431,220,19929,9184,ITI,ITI4,12,Lazio,Lazio,5879082,595523,10.13,0.5
1610,2021-04-09,LAZ,27183,12207,14976,853,150,163,70,4185,8876,8617,2911,178,1180,18976,8207,ITI,ITI4,12,Lazio,Lazio,5879082,622706,10.59,0.46
1611,2021-04-02,LAZ,28517,13363,15154,1174,114,166,197,3350,9055,9407,3368,295,1391,21201,7316,ITI,ITI4,12,Lazio,Lazio,5879082,651223,11.08,0.49
1612,2021-03-20,LAZ,18224,6810,11414,910,148,360,3054,398,2120,9118,1479,215,422,12341,5883,ITI,ITI4,12,Lazio,Lazio,5879082,669447,11.39,0.31
1613,2021-04-28,LAZ,32733,14964,17769,2032,167,68,94,8057,11205,5915,4262,329,604,21244,11489,ITI,ITI4,12,Lazio,Lazio,5879082,702180,11.94,0.56
1614,2020-12-29,LAZ,488,176,312,486,2,0,0,0,0,0,0,0,0,488,0,ITI,ITI4,12,Lazio,Lazio,5879082,702668,11.95,0.01
1615,2021-03-28,LAZ,18838,7542,11296,550,22,77,2617,1393,4242,8572,961,140,264,13528,5310,ITI,ITI4,12,Lazio,Lazio,5879082,721506,12.27,0.32
1616,2021-01-09,LAZ,6294,2561,3733,5116,240,620,0,61,41,39,0,0,177,6294,0,ITI,ITI4,12,Lazio,Lazio,5879082,727800,12.38,0.11
1617,2021-01-05,LAZ,7371,2802,4569,6691,98,577,0,1,1,1,0,1,1,7371,0,ITI,ITI4,12,Lazio,Lazio,5879082,735171,12.5,0.13
1618,2021-03-19,LAZ,17213,7362,9851,1161,149,389,1011,399,2081,9700,1489,288,546,10886,6327,ITI,ITI4,12,Lazio,Lazio,5879082,752384,12.8,0.29
1619,2020-12-28,LAZ,959,412,547,957,2,0,0,0,0,0,0,0,0,959,0,ITI,ITI4,12,Lazio,Lazio,5879082,753343,12.81,0.02
1620,2021-05-01,LAZ,37806,17028,20778,1634,251,44,51,10764,11593,3875,3693,74,5827,25920,11886,ITI,ITI4,12,Lazio,Lazio,5879082,791149,13.46,0.64
1621,2021-02-07,LAZ,4941,2022,2919,3252,139,218,1,84,96,912,0,0,239,387,4554,ITI,ITI4,12,Lazio,Lazio,5879082,796090,13.54,0.08
1622,2021-02-08,LAZ,9739,4153,5586,3789,430,918,0,134,101,3832,0,0,535,4508,5231,ITI,ITI4,12,Lazio,Lazio,5879082,805829,13.71,0.17
1623,2021-03-29,LAZ,23939,10750,13189,771,94,143,805,1560,7503,9781,2417,369,496,16911,7028,ITI,ITI4,12,Lazio,Lazio,5879082,829768,14.11,0.41
1624,2021-02-27,LAZ,11410,4261,7149,1361,403,516,2710,83,103,4901,12,1122,199,10455,955,ITI,ITI4,12,Lazio,Lazio,5879082,841178,14.31,0.19
1625,2021-01-22,LAZ,4002,1633,2369,3380,76,70,0,54,23,177,0,0,222,487,3515,ITI,ITI4,12,Lazio,Lazio,5879082,845180,14.38,0.07
1626,2021-03-05,LAZ,18769,7943,10826,1787,180,256,3975,1080,188,8585,562,1323,833,14037,4732,ITI,ITI4,12,Lazio,Lazio,5879082,863949,14.7,0.32
1627,2021-04-18,LAZ,23761,10552,13209,449,23,37,27,6152,7911,7112,1863,12,175,16128,7633,ITI,ITI4,12,Lazio,Lazio,5879082,887710,15.1,0.4
1628,2021-03-21,LAZ,17860,6828,11032,1148,33,111,3449,115,3168,8281,1233,118,204,12811,5049,ITI,ITI4,12,Lazio,Lazio,5879082,905570,15.4,0.3
1629,2021-02-04,LAZ,6301,2480,3821,4460,358,892,0,105,70,123,0,0,293,989,5312,ITI,ITI4,12,Lazio,Lazio,5879082,911871,15.51,0.11
1630,2021-04-06,LAZ,23864,10648,13216,1125,88,94,167,2641,8584,8202,1925,235,803,16774,7090,ITI,ITI4,12,Lazio,Lazio,5879082,935735,15.92,0.41
1631,2021-03-10,LAZ,21977,9466,12511,1890,177,452,4622,2218,547,9061,913,1180,917,16333,5644,ITI,ITI4,12,Lazio,Lazio,5879082,957712,16.29,0.37
1632,2021-04-24,LAZ,33187,14934,18253,703,97,155,93,8599,11041,7236,3909,553,801,20475,12712,ITI,ITI4,12,Lazio,Lazio,5879082,990899,16.85,0.56
1633,2021-02-18,LAZ,10022,4977,5045,2169,111,473,1,168,63,4988,0,1679,370,9214,808,ITI,ITI4,12,Lazio,Lazio,5879082,1000921,17.03,0.17
1634,2021-02-19,LAZ,10049,5081,4968,2174,105,408,34,94,94,5138,0,1646,356,9219,830,ITI,ITI4,12,Lazio,Lazio,5879082,1010970,17.2,0.17
1635,2021-04-17,LAZ,32279,14162,18117,834,102,219,55,7187,9308,9347,4414,10,803,20341,11938,ITI,ITI4,12,Lazio,Lazio,5879082,1043249,17.75,0.55
1636,2021-02-14,LAZ,5773,2370,3403,1647,38,127,0,74,131,3503,0,0,253,5303,470,ITI,ITI4,12,Lazio,Lazio,5879082,1049022,17.84,0.1
1637,2021-01-14,LAZ,5454,2134,3320,3890,306,811,0,63,38,109,0,0,237,5454,0,ITI,ITI4,12,Lazio,Lazio,5879082,1054476,17.94,0.09
1638,2021-01-02,LAZ,6705,2630,4075,6269,77,358,0,0,0,0,0,0,1,6705,0,ITI,ITI4,12,Lazio,Lazio,5879082,1061181,18.05,0.11
1639,2021-03-04,LAZ,18598,7957,10641,2014,216,506,3906,927,134,8283,429,1322,861,13582,5016,ITI,ITI4,12,Lazio,Lazio,5879082,1079779,18.37,0.32
1640,2021-05-06,LAZ,48085,22416,25669,1634,155,152,104,11363,12726,5306,6178,1369,9098,30927,17158,ITI,ITI4,12,Lazio,Lazio,5879082,1127864,19.18,0.82
1641,2021-04-29,LAZ,38369,17122,21247,3407,439,218,127,9498,11885,6052,5238,315,1190,25243,13126,ITI,ITI4,12,Lazio,Lazio,5879082,1166233,19.84,0.65
1642,2021-03-09,LAZ,20869,8939,11930,1906,113,338,4636,1509,333,9103,1061,1234,636,15674,5195,ITI,ITI4,12,Lazio,Lazio,5879082,1187102,20.19,0.35
1643,2021-01-04,LAZ,7480,2908,4572,7077,86,316,1,0,0,0,0,0,0,7480,0,ITI,ITI4,12,Lazio,Lazio,5879082,1194582,20.32,0.13
1644,2021-02-01,LAZ,5673,2175,3498,4785,193,559,0,17,27,30,1,0,61,354,5319,ITI,ITI4,12,Lazio,Lazio,5879082,1200255,20.42,0.1
1645,2021-03-11,LAZ,23772,10568,13204,1996,134,440,4459,2785,736,9466,1073,1896,787,17544,6228,ITI,ITI4,12,Lazio,Lazio,5879082,1224027,20.82,0.4
1646,2021-04-23,LAZ,37406,17960,19446,771,156,176,88,8167,12133,7794,5593,690,1838,22216,15190,ITI,ITI4,12,Lazio,Lazio,5879082,1261433,21.46,0.64
1647,2021-01-07,LAZ,7743,2901,4842,6898,182,566,0,16,10,9,0,0,62,7743,0,ITI,ITI4,12,Lazio,Lazio,5879082,1269176,21.59,0.13
1648,2021-02-20,LAZ,9204,4273,4931,1945,123,298,22,114,116,4857,0,1320,409,8437,767,ITI,ITI4,12,Lazio,Lazio,5879082,1278380,21.74,0.16
1649,2021-04-05,LAZ,19770,8991,10779,504,36,29,63,1815,8173,7595,1250,20,285,13593,6177,ITI,ITI4,12,Lazio,Lazio,5879082,1298150,22.08,0.34
1650,2021-05-03,LAZ,38860,17557,21303,2240,93,74,48,10445,12521,4076,3965,99,5299,26490,12370,ITI,ITI4,12,Lazio,Lazio,5879082,1337010,22.74,0.66
1651,2021-01-03,LAZ,5250,1972,3278,5125,50,65,0,1,4,1,0,0,4,5250,0,ITI,ITI4,12,Lazio,Lazio,5879082,1342260,22.83,0.09
1652,2021-02-06,LAZ,6134,2473,3661,3697,272,946,0,140,159,610,0,0,310,817,5317,ITI,ITI4,12,Lazio,Lazio,5879082,1348394,22.94,0.1
1653,2021-04-16,LAZ,34278,15627,18651,711,141,335,86,6830,10445,9675,5033,53,969,22234,12044,ITI,ITI4,12,Lazio,Lazio,5879082,1382672,23.52,0.58
1654,2021-02-05,LAZ,7277,2962,4315,5096,380,995,0,120,95,257,0,0,334,1185,6092,ITI,ITI4,12,Lazio,Lazio,5879082,1389949,23.64,0.12
1655,2021-03-13,LAZ,21399,8397,13002,1377,120,330,3751,3194,1278,9185,722,860,582,15505,5894,ITI,ITI4,12,Lazio,Lazio,5879082,1411348,24.01,0.36
1656,2021-02-03,LAZ,6489,2488,4001,4651,342,1078,0,65,38,86,0,0,229,965,5524,ITI,ITI4,12,Lazio,Lazio,5879082,1417837,24.12,0.11
1657,2021-03-24,LAZ,25884,11299,14585,1030,103,107,3624,1745,6517,9669,1820,301,968,19648,6236,ITI,ITI4,12,Lazio,Lazio,5879082,1443721,24.56,0.44
1658,2021-03-23,LAZ,23494,10225,13269,1036,101,181,3863,1058,4934,9333,1411,661,916,16919,6575,ITI,ITI4,12,Lazio,Lazio,5879082,1467215,24.96,0.4
1659,2021-05-09,LAZ,37380,17194,20186,1081,77,10,17,9757,9252,3275,3857,1068,8986,26189,11191,ITI,ITI4,12,Lazio,Lazio,5879082,1504595,25.59,0.64
1660,2021-01-19,LAZ,4767,1954,2813,2968,223,424,0,115,123,463,0,0,451,4313,454,ITI,ITI4,12,Lazio,Lazio,5879082,1509362,25.67,0.08
1661,2021-01-18,LAZ,6264,2555,3709,3925,388,736,0,114,77,520,0,0,504,5286,978,ITI,ITI4,12,Lazio,Lazio,5879082,1515626,25.78,0.11
1662,2021-03-30,LAZ,25238,11574,13664,1241,97,249,296,2461,7847,9620,2345,400,682,18103,7135,ITI,ITI4,12,Lazio,Lazio,5879082,1540864,26.21,0.43
1663,2021-04-15,LAZ,31773,14251,17522,702,121,333,87,5426,10370,9683,4165,45,841,20984,10789,ITI,ITI4,12,Lazio,Lazio,5879082,1572637,26.75,0.54
1664,2021-03-25,LAZ,26911,11508,15403,936,95,318,3522,2240,6679,9906,1961,255,999,20312,6599,ITI,ITI4,12,Lazio,Lazio,5879082,1599548,27.21,0.46
1665,2021-03-27,LAZ,26005,10391,15614,1316,127,290,3480,2067,5487,9662,2257,205,1114,19538,6467,ITI,ITI4,12,Lazio,Lazio,5879082,1625553,27.65,0.44
1666,2021-05-02,LAZ,32582,14317,18265,1627,142,34,30,9434,10347,3040,2728,45,5155,23237,9345,ITI,ITI4,12,Lazio,Lazio,5879082,1658135,28.2,0.55
1667,2021-01-29,LAZ,8041,3078,4963,6391,283,776,0,89,47,135,0,0,320,812,7229,ITI,ITI4,12,Lazio,Lazio,5879082,1666176,28.34,0.14
1668,2021-02-11,LAZ,6979,2993,3986,2197,179,499,0,80,41,3685,0,0,298,6467,512,ITI,ITI4,12,Lazio,Lazio,5879082,1673155,28.46,0.12
1669,2021-02-28,LAZ,10232,3998,6234,1601,265,77,2599,88,45,4677,5,682,193,9718,514,ITI,ITI4,12,Lazio,Lazio,5879082,1683387,28.63,0.17
1670,2021-03-26,LAZ,28217,12244,15973,1018,119,332,3294,1992,6728,10288,2601,310,1535,21374,6843,ITI,ITI4,12,Lazio,Lazio,5879082,1711604,29.11,0.48
1671,2021-03-12,LAZ,22864,10111,12753,2005,188,401,3964,2404,1173,9645,916,1198,970,16552,6312,ITI,ITI4,12,Lazio,Lazio,5879082,1734468,29.5,0.39
1672,2021-04-04,LAZ,17464,8036,9428,307,40,11,42,1821,7370,6805,877,17,174,12198,5266,ITI,ITI4,12,Lazio,Lazio,5879082,1751932,29.8,0.3
1673,2021-01-12,LAZ,5391,1974,3417,4343,344,584,0,21,11,10,0,0,78,5391,0,ITI,ITI4,12,Lazio,Lazio,5879082,1757323,29.89,0.09
1674,2021-01-01,LAZ,3554,1382,2172,3483,2,68,0,0,0,0,0,0,1,3554,0,ITI,ITI4,12,Lazio,Lazio,5879082,1760877,29.95,0.06
1675,2021-01-23,LAZ,7210,2867,4343,6064,255,417,0,45,48,182,0,0,199,581,6629,ITI,ITI4,12,Lazio,Lazio,5879082,1768087,30.07,0.12
1676,2021-01-16,LAZ,5637,2277,3360,3358,246,1066,0,73,93,549,0,0,252,5637,0,ITI,ITI4,12,Lazio,Lazio,5879082,1773724,30.17,0.1
1677,2021-01-15,LAZ,6561,2698,3863,4499,423,988,0,96,66,196,0,0,293,6561,0,ITI,ITI4,12,Lazio,Lazio,5879082,1780285,30.28,0.11
1678,2021-01-21,LAZ,5592,2340,3252,4781,92,232,0,60,18,178,0,0,231,540,5052,ITI,ITI4,12,Lazio,Lazio,5879082,1785877,30.38,0.1
1679,2021-02-02,LAZ,5908,2212,3696,4712,368,571,0,57,39,37,0,0,124,637,5271,ITI,ITI4,12,Lazio,Lazio,5879082,1791785,30.48,0.1
1680,2021-05-04,LAZ,39495,18177,21318,2215,168,103,55,10173,12320,3993,4322,554,5592,26208,13287,ITI,ITI4,12,Lazio,Lazio,5879082,1831280,31.15,0.67
1681,2021-02-21,LAZ,6985,3176,3809,1245,65,51,16,88,94,4580,0,609,237,6524,461,ITI,ITI4,12,Lazio,Lazio,5879082,1838265,31.27,0.12
1682,2021-04-01,LAZ,28385,13038,15347,1141,112,284,256,3042,9003,9725,3292,371,1159,21249,7136,ITI,ITI4,12,Lazio,Lazio,5879082,1866650,31.75,0.48
1683,2020-12-27,LAZ,272,131,141,272,0,0,0,0,0,0,0,0,0,272,0,ITI,ITI4,12,Lazio,Lazio,5879082,1866922,31.76,0.0
1684,2021-02-15,LAZ,8074,3587,4487,2447,378,379,0,89,88,4292,0,11,390,7443,631,ITI,ITI4,12,Lazio,Lazio,5879082,1874996,31.89,0.14
1685,2021-04-03,LAZ,24650,11083,13567,844,72,111,214,3160,8261,8597,2200,44,1147,17966,6684,ITI,ITI4,12,Lazio,Lazio,5879082,1899646,32.31,0.42
1686,2021-04-30,LAZ,40929,18125,22804,4563,581,80,203,9360,11905,6147,6254,343,1493,26951,13978,ITI,ITI4,12,Lazio,Lazio,5879082,1940575,33.01,0.7
1687,2021-02-26,LAZ,13070,5698,7372,1913,542,352,2744,118,96,5269,4,1385,647,11708,1362,ITI,ITI4,12,Lazio,Lazio,5879082,1953645,33.23,0.22
1688,2021-02-17,LAZ,9180,4601,4579,2285,247,499,1,124,62,4278,0,1349,335,8308,872,ITI,ITI4,12,Lazio,Lazio,5879082,1962825,33.39,0.16
1689,2021-02-12,LAZ,6843,2845,3998,1997,183,302,0,85,43,3844,0,1,388,6433,410,ITI,ITI4,12,Lazio,Lazio,5879082,1969668,33.5,0.12
1690,2021-04-21,LAZ,32864,14929,17935,699,122,135,70,7636,10792,8277,4455,50,628,20527,12337,ITI,ITI4,12,Lazio,Lazio,5879082,2002532,34.06,0.56
1691,2021-01-25,LAZ,8111,3246,4865,7006,218,363,0,66,73,143,0,0,242,771,7340,ITI,ITI4,12,Lazio,Lazio,5879082,2010643,34.2,0.14
1692,2021-03-06,LAZ,18261,7030,11231,1508,119,327,3783,2227,143,8032,583,934,605,14005,4256,ITI,ITI4,12,Lazio,Lazio,5879082,2028904,34.51,0.31
1693,2021-04-11,LAZ,19116,8432,10684,392,30,50,31,3821,6136,6542,2003,14,97,13235,5881,ITI,ITI4,12,Lazio,Lazio,5879082,2048020,34.84,0.33
1694,2021-04-12,LAZ,23602,10615,12987,653,73,101,72,4148,7672,7745,2647,108,383,16710,6892,ITI,ITI4,12,Lazio,Lazio,5879082,2071622,35.24,0.4
1695,2021-03-17,LAZ,13789,5898,7891,1046,100,255,14,291,938,9700,967,7,471,7534,6255,ITI,ITI4,12,Lazio,Lazio,5879082,2085411,35.47,0.23
1696,2021-05-10,LAZ,19124,8770,10354,553,74,43,12,4746,5189,1928,1642,488,4449,13338,5786,ITI,ITI4,12,Lazio,Lazio,5879082,2104535,35.8,0.33
1697,2021-03-14,LAZ,17087,6609,10478,1163,96,81,3466,453,1103,8439,543,567,1176,11933,5154,ITI,ITI4,12,Lazio,Lazio,5879082,2121622,36.09,0.29
1698,2021-03-01,LAZ,17053,7322,9731,1326,531,385,3580,389,145,8190,391,1406,710,13168,3885,ITI,ITI4,12,Lazio,Lazio,5879082,2138675,36.38,0.29
1699,2021-02-16,LAZ,8410,4089,4321,2064,125,261,1,137,94,4266,0,956,506,7805,605,ITI,ITI4,12,Lazio,Lazio,5879082,2147085,36.52,0.14
1700,2021-01-08,LAZ,7726,2894,4832,6519,196,798,0,36,32,32,0,0,113,7726,0,ITI,ITI4,12,Lazio,Lazio,5879082,2154811,36.65,0.13
1701,2021-03-03,LAZ,17288,7332,9956,1561,211,380,3943,697,117,8196,259,1251,673,12994,4294,ITI,ITI4,12,Lazio,Lazio,5879082,2172099,36.95,0.29
1702,2021-01-06,LAZ,5119,1960,3159,4619,154,320,1,1,4,8,5,1,6,5119,0,ITI,ITI4,12,Lazio,Lazio,5879082,2177218,37.03,0.09
1703,2021-04-25,LAZ,24405,11181,13224,794,23,10,21,7122,9687,5211,1118,152,267,16602,7803,ITI,ITI4,12,Lazio,Lazio,5879082,2201623,37.45,0.42
1704,2021-02-23,LAZ,11089,4779,6310,1898,119,309,1913,68,61,5226,0,1015,480,10328,761,ITI,ITI4,12,Lazio,Lazio,5879082,2212712,37.64,0.19
1705,2021-03-31,LAZ,26070,12025,14045,1021,96,135,255,2521,8152,9629,2835,391,1035,18986,7084,ITI,ITI4,12,Lazio,Lazio,5879082,2238782,38.08,0.44
1706,2021-04-27,LAZ,30474,13751,16723,1478,163,44,79,7604,11125,5826,3346,386,423,19687,10787,ITI,ITI4,12,Lazio,Lazio,5879082,2269256,38.6,0.52
1707,2021-02-09,LAZ,8797,3768,5029,3258,246,548,0,115,124,4068,0,0,438,4580,4217,ITI,ITI4,12,Lazio,Lazio,5879082,2278053,38.75,0.15
1708,2020-12-31,LAZ,5291,2121,3170,4987,20,279,0,1,0,0,0,0,4,5291,0,ITI,ITI4,12,Lazio,Lazio,5879082,2283344,38.84,0.09
1709,2021-04-22,LAZ,38293,18824,19469,873,114,296,78,7984,11754,8249,5109,478,3358,23814,14479,ITI,ITI4,12,Lazio,Lazio,5879082,2321637,39.49,0.65
1710,2021-03-29,VEN,31425,13650,17775,634,429,514,447,979,5761,16997,3660,932,1072,27554,3871,ITH,ITH3,5,Veneto,Veneto,4905854,31425,0.64,0.64
1711,2021-01-02,VEN,5742,1765,3977,4820,233,544,3,24,2,3,0,0,113,5742,0,ITH,ITH3,5,Veneto,Veneto,4905854,37167,0.76,0.12
1712,2021-03-15,VEN,16594,7259,9335,1390,772,430,1969,145,599,9248,1061,709,271,11378,5216,ITH,ITH3,5,Veneto,Veneto,4905854,53761,1.1,0.34
1713,2021-03-09,VEN,16456,7377,9079,1354,347,749,2948,108,60,8546,686,1116,542,10142,6314,ITH,ITH3,5,Veneto,Veneto,4905854,70217,1.43,0.34
1714,2021-04-20,VEN,22315,9454,12861,549,121,519,155,833,4573,9793,5314,31,427,8321,13994,ITH,ITH3,5,Veneto,Veneto,4905854,92532,1.89,0.45
1715,2021-05-10,VEN,14116,6716,7400,194,284,41,1177,7068,1266,650,1584,268,1584,10151,3965,ITH,ITH3,5,Veneto,Veneto,4905854,106648,2.17,0.29
1716,2021-02-05,VEN,8369,2535,5834,4450,1466,2164,14,66,21,8,1,6,173,1425,6944,ITH,ITH3,5,Veneto,Veneto,4905854,115017,2.34,0.17
1717,2021-04-23,VEN,30907,13720,17187,646,320,313,116,1027,13515,7067,7097,38,768,22236,8671,ITH,ITH3,5,Veneto,Veneto,4905854,145924,2.97,0.63
1718,2021-01-07,VEN,8358,2318,6040,5565,858,1802,2,41,18,35,0,0,37,8358,0,ITH,ITH3,5,Veneto,Veneto,4905854,154282,3.14,0.17
1719,2021-03-18,VEN,12599,5133,7466,1685,482,495,856,105,140,7504,1055,36,241,7373,5226,ITH,ITH3,5,Veneto,Veneto,4905854,166881,3.4,0.26
1720,2021-02-26,VEN,8288,3266,5022,1803,544,747,315,64,30,4380,145,91,169,7036,1252,ITH,ITH3,5,Veneto,Veneto,4905854,175169,3.57,0.17
1721,2021-01-13,VEN,5986,1607,4379,2889,1128,1889,2,21,6,3,2,1,45,5986,0,ITH,ITH3,5,Veneto,Veneto,4905854,181155,3.69,0.12
1722,2021-03-21,VEN,11984,4755,7229,1602,1131,42,2532,130,201,4244,1639,180,283,8522,3462,ITH,ITH3,5,Veneto,Veneto,4905854,193139,3.94,0.24
1723,2021-03-11,VEN,19693,8766,10927,1839,958,889,3690,191,72,9321,728,1287,718,14110,5583,ITH,ITH3,5,Veneto,Veneto,4905854,212832,4.34,0.4
1724,2021-02-23,VEN,7368,3245,4123,1102,205,245,190,50,21,5342,49,69,95,7106,262,ITH,ITH3,5,Veneto,Veneto,4905854,220200,4.49,0.15
1725,2021-03-01,VEN,9388,3711,5677,2146,421,954,2520,107,21,2607,165,272,175,7567,1821,ITH,ITH3,5,Veneto,Veneto,4905854,229588,4.68,0.19
1726,2021-02-16,VEN,6635,2869,3766,728,241,479,3,18,14,5020,35,2,95,6458,177,ITH,ITH3,5,Veneto,Veneto,4905854,236223,4.82,0.14
1727,2021-02-17,VEN,6022,2772,3250,424,158,361,4,23,11,4946,26,5,64,5928,94,ITH,ITH3,5,Veneto,Veneto,4905854,242245,4.94,0.12
1728,2021-03-06,VEN,10637,4320,6317,3561,566,1491,1329,63,26,1971,1274,168,188,7366,3271,ITH,ITH3,5,Veneto,Veneto,4905854,252882,5.15,0.22
1729,2021-01-22,VEN,1080,332,748,962,52,57,3,1,0,0,0,0,5,25,1055,ITH,ITH3,5,Veneto,Veneto,4905854,253962,5.18,0.02
1730,2021-04-17,VEN,22294,9036,13258,820,217,129,86,500,3425,10292,6543,16,266,15008,7286,ITH,ITH3,5,Veneto,Veneto,4905854,276256,5.63,0.45
1731,2021-05-07,VEN,46710,22420,24290,1389,687,264,286,22729,8397,2402,7354,90,3112,38294,8416,ITH,ITH3,5,Veneto,Veneto,4905854,322966,6.58,0.95
1732,2021-01-29,VEN,9014,2785,6229,6198,1230,1437,6,64,18,4,0,2,55,368,8646,ITH,ITH3,5,Veneto,Veneto,4905854,331980,6.77,0.18
1733,2021-03-03,VEN,12032,4591,7441,3356,661,1239,2342,101,41,3377,145,442,328,8538,3494,ITH,ITH3,5,Veneto,Veneto,4905854,344012,7.01,0.25
1734,2021-03-31,VEN,38449,16160,22289,1898,664,811,414,1253,9240,18495,4131,482,1061,31009,7440,ITH,ITH3,5,Veneto,Veneto,4905854,382461,7.8,0.78
1735,2021-04-22,VEN,31588,13747,17841,674,296,378,110,1041,13085,9222,5922,45,815,15930,15658,ITH,ITH3,5,Veneto,Veneto,4905854,414049,8.44,0.64
1736,2021-02-28,VEN,4136,1389,2747,1741,942,15,15,22,1,992,301,76,31,3299,837,ITH,ITH3,5,Veneto,Veneto,4905854,418185,8.52,0.08
1737,2021-02-04,VEN,7321,2016,5305,3585,1102,2381,6,34,15,21,1,0,176,553,6768,ITH,ITH3,5,Veneto,Veneto,4905854,425506,8.67,0.15
1738,2021-03-10,VEN,18930,8634,10296,1566,791,561,4150,189,86,9048,652,1318,569,13245,5685,ITH,ITH3,5,Veneto,Veneto,4905854,444436,9.06,0.39
1739,2021-01-31,VEN,4768,1563,3205,3753,562,377,4,16,2,5,2,13,34,394,4374,ITH,ITH3,5,Veneto,Veneto,4905854,449204,9.16,0.1
1740,2021-02-09,VEN,5244,1890,3354,3099,643,1269,6,41,10,21,1,1,153,3445,1799,ITH,ITH3,5,Veneto,Veneto,4905854,454448,9.26,0.11
1741,2021-02-21,VEN,4632,1208,3424,495,1,18,3695,0,0,417,0,2,4,4628,4,ITH,ITH3,5,Veneto,Veneto,4905854,459080,9.36,0.09
1742,2021-01-26,VEN,6916,2090,4826,5363,522,977,5,9,3,0,0,1,36,154,6762,ITH,ITH3,5,Veneto,Veneto,4905854,465996,9.5,0.14
1743,2021-03-17,VEN,14640,5990,8650,2253,500,317,700,126,192,8777,1428,26,321,7846,6794,ITH,ITH3,5,Veneto,Veneto,4905854,480636,9.8,0.3
1744,2021-01-09,VEN,7928,2538,5390,5245,975,1573,6,37,4,3,22,12,51,7928,0,ITH,ITH3,5,Veneto,Veneto,4905854,488564,9.96,0.16
1745,2021-04-13,VEN,13994,6312,7682,746,175,300,66,341,2271,5163,4534,26,372,8516,5478,ITH,ITH3,5,Veneto,Veneto,4905854,502558,10.24,0.29
1746,2021-03-14,VEN,15162,5931,9231,3409,1056,100,3661,154,1440,3750,996,275,321,14268,894,ITH,ITH3,5,Veneto,Veneto,4905854,517720,10.55,0.31
1747,2021-02-07,VEN,2315,862,1453,1974,238,50,2,14,3,2,0,7,25,714,1601,ITH,ITH3,5,Veneto,Veneto,4905854,520035,10.6,0.05
1748,2021-01-04,VEN,6734,2033,4701,5341,426,912,6,14,2,1,0,0,32,6734,0,ITH,ITH3,5,Veneto,Veneto,4905854,526769,10.74,0.14
1749,2021-01-18,VEN,2763,777,1986,1224,478,992,1,11,4,8,0,1,44,2564,199,ITH,ITH3,5,Veneto,Veneto,4905854,529532,10.79,0.06
1750,2020-12-30,VEN,699,245,454,598,52,39,2,0,0,0,0,0,8,699,0,ITH,ITH3,5,Veneto,Veneto,4905854,530231,10.81,0.01
1751,2021-02-01,VEN,8557,2500,6057,4422,1543,2136,10,69,25,267,0,0,85,161,8396,ITH,ITH3,5,Veneto,Veneto,4905854,538788,10.98,0.17
1752,2021-01-19,VEN,1309,472,837,726,218,326,0,6,3,7,1,0,22,1159,150,ITH,ITH3,5,Veneto,Veneto,4905854,540097,11.01,0.03
1753,2021-03-12,VEN,18552,8114,10438,2137,1193,755,3511,210,117,8048,861,1009,711,11807,6745,ITH,ITH3,5,Veneto,Veneto,4905854,558649,11.39,0.38
1754,2020-12-31,VEN,3219,1042,2177,2765,94,252,2,23,0,0,0,0,83,3219,0,ITH,ITH3,5,Veneto,Veneto,4905854,561868,11.45,0.07
1755,2021-04-05,VEN,19133,8365,10768,661,392,327,176,335,9868,5510,1712,22,130,13692,5441,ITH,ITH3,5,Veneto,Veneto,4905854,581001,11.84,0.39
1756,2021-01-03,VEN,5158,1563,3595,4607,255,249,2,13,1,0,0,0,31,5158,0,ITH,ITH3,5,Veneto,Veneto,4905854,586159,11.95,0.11
1757,2021-05-04,VEN,42287,20023,22264,518,142,105,2369,22999,6819,1547,6498,47,1243,34338,7949,ITH,ITH3,5,Veneto,Veneto,4905854,628446,12.81,0.86
1758,2021-01-21,VEN,2291,719,1572,2052,74,141,3,11,0,0,0,0,10,21,2270,ITH,ITH3,5,Veneto,Veneto,4905854,630737,12.86,0.05
1759,2021-03-30,VEN,35856,15216,20640,869,406,589,478,1509,8618,16801,4768,563,1255,30607,5249,ITH,ITH3,5,Veneto,Veneto,4905854,666593,13.59,0.73
1760,2021-02-03,VEN,5935,1662,4273,2948,1141,1750,6,23,7,3,3,0,54,480,5455,ITH,ITH3,5,Veneto,Veneto,4905854,672528,13.71,0.12
1761,2021-01-30,VEN,8745,2671,6074,6335,1026,1235,9,53,4,4,2,13,64,692,8053,ITH,ITH3,5,Veneto,Veneto,4905854,681273,13.89,0.18
1762,2021-02-13,VEN,3267,1474,1793,1592,198,1438,1,11,2,3,1,1,20,3247,20,ITH,ITH3,5,Veneto,Veneto,4905854,684540,13.95,0.07
1763,2021-05-01,VEN,38639,18144,20495,491,179,42,274,19845,6450,4341,6046,36,935,29749,8890,ITH,ITH3,5,Veneto,Veneto,4905854,723179,14.74,0.79
1764,2021-02-06,VEN,4093,1353,2740,3098,542,367,4,19,5,3,0,1,54,709,3384,ITH,ITH3,5,Veneto,Veneto,4905854,727272,14.82,0.08
1765,2021-01-24,VEN,4117,1219,2898,3763,94,222,4,5,1,1,1,0,26,28,4089,ITH,ITH3,5,Veneto,Veneto,4905854,731389,14.91,0.08
1766,2021-04-16,VEN,24375,10465,13910,745,304,442,125,535,5883,10004,5804,35,498,12465,11910,ITH,ITH3,5,Veneto,Veneto,4905854,755764,15.41,0.5
1767,2021-03-22,VEN,18086,8131,9955,1478,1154,549,2495,212,2765,6700,1615,783,335,13044,5042,ITH,ITH3,5,Veneto,Veneto,4905854,773850,15.77,0.37
1768,2021-03-23,VEN,22140,10185,11955,1303,1131,678,2868,284,5281,6686,2362,1046,501,17422,4718,ITH,ITH3,5,Veneto,Veneto,4905854,795990,16.23,0.45
1769,2021-03-24,VEN,22019,9503,12516,1215,1051,807,3108,263,1505,10424,2228,970,448,15211,6808,ITH,ITH3,5,Veneto,Veneto,4905854,818009,16.67,0.45
1770,2021-04-10,VEN,27396,11948,15448,592,314,407,115,425,9463,10752,5011,15,302,18918,8478,ITH,ITH3,5,Veneto,Veneto,4905854,845405,17.23,0.56
1771,2021-04-02,VEN,23954,10547,13407,1214,510,382,299,497,7235,9630,3575,210,402,17624,6330,ITH,ITH3,5,Veneto,Veneto,4905854,869359,17.72,0.49
1772,2021-03-04,VEN,12905,4819,8086,3218,844,1422,2833,90,56,3415,318,471,238,9439,3466,ITH,ITH3,5,Veneto,Veneto,4905854,882264,17.98,0.26
1773,2021-04-19,VEN,21501,8907,12594,966,186,287,202,545,3105,11450,4418,22,320,5087,16414,ITH,ITH3,5,Veneto,Veneto,4905854,903765,18.42,0.44
1774,2021-05-06,VEN,45808,21500,24308,622,212,286,1859,26434,6462,2371,6145,117,1300,37509,8299,ITH,ITH3,5,Veneto,Veneto,4905854,949573,19.36,0.93
1775,2021-04-29,VEN,50033,23289,26744,654,218,438,217,22926,10623,5646,7932,161,1218,36852,13181,ITH,ITH3,5,Veneto,Veneto,4905854,999606,20.38,1.02
1776,2021-02-22,VEN,7013,3041,3972,758,138,362,244,26,15,5401,40,1,28,6626,387,ITH,ITH3,5,Veneto,Veneto,4905854,1006619,20.52,0.14
1777,2021-02-08,VEN,4974,1540,3434,2822,785,1178,4,37,8,12,1,0,127,1929,3045,ITH,ITH3,5,Veneto,Veneto,4905854,1011593,20.62,0.1
1778,2021-01-01,VEN,1527,471,1056,1513,7,1,3,0,0,0,0,0,3,1527,0,ITH,ITH3,5,Veneto,Veneto,4905854,1013120,20.65,0.03
1779,2021-05-08,VEN,40142,18154,21988,875,220,18,2410,19048,3874,4744,5192,148,3613,28611,11531,ITH,ITH3,5,Veneto,Veneto,4905854,1053262,21.47,0.82
1780,2021-01-27,VEN,7140,2065,5075,5406,723,879,9,89,23,2,0,0,9,245,6895,ITH,ITH3,5,Veneto,Veneto,4905854,1060402,21.62,0.15
1781,2021-04-18,VEN,17513,7254,10259,521,157,69,110,381,2319,7345,6374,14,223,9933,7580,ITH,ITH3,5,Veneto,Veneto,4905854,1077915,21.97,0.36
1782,2021-04-27,VEN,28019,12716,15303,864,224,286,75,3081,13386,4548,4979,47,529,21092,6927,ITH,ITH3,5,Veneto,Veneto,4905854,1105934,22.54,0.57
1783,2020-12-27,VEN,880,395,485,875,1,0,1,0,1,0,0,0,2,880,0,ITH,ITH3,5,Veneto,Veneto,4905854,1106814,22.56,0.02
1784,2021-01-05,VEN,7329,2182,5147,5447,662,1122,5,23,2,1,0,2,65,7329,0,ITH,ITH3,5,Veneto,Veneto,4905854,1114143,22.71,0.15
1785,2021-01-20,VEN,1038,368,670,695,116,213,1,5,1,2,0,0,5,386,652,ITH,ITH3,5,Veneto,Veneto,4905854,1115181,22.73,0.02
1786,2021-02-02,VEN,6411,1847,4564,2999,1135,2000,3,27,6,153,6,0,82,392,6019,ITH,ITH3,5,Veneto,Veneto,4905854,1121592,22.86,0.13
1787,2021-04-03,VEN,21874,9592,12282,1870,299,150,130,384,6141,8255,4136,31,478,14157,7717,ITH,ITH3,5,Veneto,Veneto,4905854,1143466,23.31,0.45
1788,2021-01-28,VEN,9208,2662,6546,6585,1080,1451,5,40,2,7,2,0,36,173,9035,ITH,ITH3,5,Veneto,Veneto,4905854,1152674,23.5,0.19
1789,2021-04-21,VEN,32024,13055,18969,997,304,395,120,663,10455,13351,5228,16,495,16009,16015,ITH,ITH3,5,Veneto,Veneto,4905854,1184698,24.15,0.65
1790,2021-05-09,VEN,34579,15904,18675,424,496,14,1889,15719,2927,3080,6158,88,3784,24654,9925,ITH,ITH3,5,Veneto,Veneto,4905854,1219277,24.85,0.7
1791,2021-04-08,VEN,32233,14304,17929,1159,389,592,443,858,11105,10110,6993,120,464,24355,7878,ITH,ITH3,5,Veneto,Veneto,4905854,1251510,25.51,0.66
1792,2021-01-10,VEN,5032,1671,3361,3893,565,462,1,10,2,4,0,2,93,5032,0,ITH,ITH3,5,Veneto,Veneto,4905854,1256542,25.61,0.1
1793,2021-04-24,VEN,24626,10779,13847,606,262,106,61,639,10455,7060,4854,17,566,15562,9064,ITH,ITH3,5,Veneto,Veneto,4905854,1281168,26.12,0.5
1794,2021-05-05,VEN,43176,20730,22446,444,188,130,852,22476,10124,1483,6036,45,1398,36751,6425,ITH,ITH3,5,Veneto,Veneto,4905854,1324344,27.0,0.88
1795,2021-02-18,VEN,5828,2455,3373,976,265,667,8,34,15,3797,4,1,61,5764,64,ITH,ITH3,5,Veneto,Veneto,4905854,1330172,27.11,0.12
1796,2021-02-27,VEN,8989,2693,6296,2322,180,65,4149,42,14,1964,32,86,135,8138,851,ITH,ITH3,5,Veneto,Veneto,4905854,1339161,27.3,0.18
1797,2021-04-04,VEN,7776,3531,4245,24,40,1,13,128,4953,1318,1258,2,39,6625,1151,ITH,ITH3,5,Veneto,Veneto,4905854,1346937,27.46,0.16
1798,2021-03-16,VEN,12486,5345,7141,1479,384,486,129,125,112,7720,1770,21,260,6874,5612,ITH,ITH3,5,Veneto,Veneto,4905854,1359423,27.71,0.25
1799,2021-02-25,VEN,7899,3339,4560,1548,342,476,297,34,35,4936,21,109,101,7294,605,ITH,ITH3,5,Veneto,Veneto,4905854,1367322,27.87,0.16
1800,2021-03-26,VEN,29495,13074,16421,1296,1752,1233,1922,467,8141,9812,3174,986,712,24028,5467,ITH,ITH3,5,Veneto,Veneto,4905854,1396817,28.47,0.6
1801,2021-02-19,VEN,7322,3140,4182,1561,573,665,9,35,16,4367,5,4,87,7118,204,ITH,ITH3,5,Veneto,Veneto,4905854,1404139,28.62,0.15
1802,2021-01-06,VEN,8131,2385,5746,6514,672,808,10,83,24,2,2,2,14,8131,0,ITH,ITH3,5,Veneto,Veneto,4905854,1412270,28.79,0.17
1803,2021-02-14,VEN,125,56,69,97,22,0,0,2,0,0,0,0,4,112,13,ITH,ITH3,5,Veneto,Veneto,4905854,1412395,28.79,0.0
1804,2021-01-08,VEN,9404,2835,6569,6132,1323,1807,12,65,18,4,1,1,41,9404,0,ITH,ITH3,5,Veneto,Veneto,4905854,1421799,28.98,0.19
1805,2021-04-28,VEN,32121,15054,17067,694,243,587,92,4665,15630,2777,6442,36,955,23121,9000,ITH,ITH3,5,Veneto,Veneto,4905854,1453920,29.64,0.65
1806,2021-05-03,VEN,40298,19632,20666,320,128,100,712,23143,6054,1647,6865,27,1302,33893,6405,ITH,ITH3,5,Veneto,Veneto,4905854,1494218,30.46,0.82
1807,2021-01-16,VEN,4607,1541,3066,3196,670,657,0,14,6,0,0,1,63,4607,0,ITH,ITH3,5,Veneto,Veneto,4905854,1498825,30.55,0.09
1808,2021-03-20,VEN,12941,5341,7600,710,269,320,2412,152,1615,4728,2100,219,416,10843,2098,ITH,ITH3,5,Veneto,Veneto,4905854,1511766,30.82,0.26
1809,2021-03-19,VEN,13790,5668,8122,2161,862,516,727,157,127,7564,1254,55,367,7696,6094,ITH,ITH3,5,Veneto,Veneto,4905854,1525556,31.1,0.28
1810,2021-04-26,VEN,20639,9422,11217,463,156,122,87,911,10630,2999,4643,49,579,15487,5152,ITH,ITH3,5,Veneto,Veneto,4905854,1546195,31.52,0.42
1811,2021-04-06,VEN,28728,13206,15522,443,202,388,106,523,16667,5359,4755,69,216,23654,5074,ITH,ITH3,5,Veneto,Veneto,4905854,1574923,32.1,0.59
1812,2021-04-01,VEN,24925,10933,13992,1055,604,587,162,668,7089,9824,4153,291,492,18554,6371,ITH,ITH3,5,Veneto,Veneto,4905854,1599848,32.61,0.51
1813,2021-01-17,VEN,1933,781,1152,1589,193,120,2,3,1,3,0,0,22,1584,349,ITH,ITH3,5,Veneto,Veneto,4905854,1601781,32.65,0.04
1814,2021-04-25,VEN,18278,8138,10140,354,94,112,59,417,9071,4036,3908,4,223,13447,4831,ITH,ITH3,5,Veneto,Veneto,4905854,1620059,33.02,0.37
1815,2021-02-24,VEN,8612,3678,4934,1592,411,521,14,35,28,5591,39,273,108,8128,484,ITH,ITH3,5,Veneto,Veneto,4905854,1628671,33.2,0.18
1816,2021-03-28,VEN,31275,13595,17680,1467,1447,172,2445,1170,8594,9243,3871,56,2810,27614,3661,ITH,ITH3,5,Veneto,Veneto,4905854,1659946,33.84,0.64
1817,2021-02-12,VEN,4313,1447,2866,2769,441,692,8,43,14,6,0,4,336,3741,572,ITH,ITH3,5,Veneto,Veneto,4905854,1664259,33.92,0.09
1818,2021-01-25,VEN,6467,2075,4392,5137,377,904,2,13,2,6,0,0,26,160,6307,ITH,ITH3,5,Veneto,Veneto,4905854,1670726,34.06,0.13
1819,2021-04-30,VEN,49607,23323,26284,644,316,460,242,21198,10563,5569,9202,102,1311,33990,15617,ITH,ITH3,5,Veneto,Veneto,4905854,1720333,35.07,1.01
1820,2021-03-05,VEN,13283,4978,8305,3643,692,1468,2979,109,50,3091,474,353,424,9623,3660,ITH,ITH3,5,Veneto,Veneto,4905854,1733616,35.34,0.27
1821,2021-01-11,VEN,7239,2101,5138,3688,1161,1958,8,58,22,254,6,0,84,7239,0,ITH,ITH3,5,Veneto,Veneto,4905854,1740855,35.49,0.15
1822,2021-01-15,VEN,5865,1820,4045,3124,992,1569,4,46,18,9,0,5,98,5865,0,ITH,ITH3,5,Veneto,Veneto,4905854,1746720,35.6,0.12
1823,2021-04-11,VEN,20977,8863,12114,1896,137,83,345,321,4325,8116,5483,11,260,14670,6307,ITH,ITH3,5,Veneto,Veneto,4905854,1767697,36.03,0.43
1824,2021-04-12,VEN,14871,6317,8554,698,121,122,940,277,2072,6049,4310,19,263,6652,8219,ITH,ITH3,5,Veneto,Veneto,4905854,1782568,36.34,0.3
1825,2021-03-08,VEN,13529,6188,7341,717,203,391,2947,84,54,7165,475,1149,344,9462,4067,ITH,ITH3,5,Veneto,Veneto,4905854,1796097,36.61,0.28
1826,2021-04-15,VEN,20787,8580,12207,762,255,493,688,430,3894,8826,4997,8,434,9987,10800,ITH,ITH3,5,Veneto,Veneto,4905854,1816884,37.04,0.42
1827,2021-05-02,VEN,37109,17199,19910,696,174,21,534,18911,4826,4507,6529,21,890,26777,10332,ITH,ITH3,5,Veneto,Veneto,4905854,1853993,37.79,0.76
1828,2021-01-14,VEN,7062,1924,5138,3349,1066,2491,4,26,7,17,1,0,101,7062,0,ITH,ITH3,5,Veneto,Veneto,4905854,1861055,37.94,0.14
1829,2021-04-07,VEN,35709,16028,19681,2016,688,757,358,953,18120,5565,6046,118,1088,28379,7330,ITH,ITH3,5,Veneto,Veneto,4905854,1896764,38.66,0.73
1830,2021-04-14,VEN,15794,6855,8939,816,266,184,137,396,3638,5537,4422,24,374,9170,6624,ITH,ITH3,5,Veneto,Veneto,4905854,1912558,38.99,0.32
1831,2021-02-11,VEN,4013,1239,2774,2661,390,804,8,20,8,10,6,2,104,3385,628,ITH,ITH3,5,Veneto,Veneto,4905854,1916571,39.07,0.08
1832,2021-01-12,VEN,5230,1516,3714,2275,855,1753,5,29,16,176,0,0,121,5230,0,ITH,ITH3,5,Veneto,Veneto,4905854,1921801,39.17,0.11
1833,2021-03-07,VEN,4470,1754,2716,1911,196,26,832,24,4,982,388,49,58,3911,559,ITH,ITH3,5,Veneto,Veneto,4905854,1926271,39.26,0.09
1834,2021-03-02,VEN,11449,4614,6835,2930,775,1197,1869,95,33,3290,465,468,327,8171,3278,ITH,ITH3,5,Veneto,Veneto,4905854,1937720,39.5,0.23
1835,2021-01-23,VEN,4051,1246,2805,3424,173,436,3,3,2,1,1,0,8,33,4018,ITH,ITH3,5,Veneto,Veneto,4905854,1941771,39.58,0.08
1836,2021-04-09,VEN,31073,13685,17388,1752,913,609,199,925,8487,9863,7300,97,928,22746,8327,ITH,ITH3,5,Veneto,Veneto,4905854,1972844,40.21,0.63
1837,2021-03-27,VEN,32015,13970,18045,2285,1677,197,1581,667,6999,12302,4040,222,2045,26207,5808,ITH,ITH3,5,Veneto,Veneto,4905854,2004859,40.87,0.65
1838,2021-03-13,VEN,17175,7256,9919,2682,1659,109,4041,273,210,4814,2103,462,822,14041,3134,ITH,ITH3,5,Veneto,Veneto,4905854,2022034,41.22,0.35
1839,2021-02-10,VEN,4751,1588,3163,3175,552,783,2,50,19,6,1,0,163,3697,1054,ITH,ITH3,5,Veneto,Veneto,4905854,2026785,41.31,0.1
1840,2021-02-15,VEN,4386,1821,2565,486,84,383,2,19,9,3272,55,14,62,4146,240,ITH,ITH3,5,Veneto,Veneto,4905854,2031171,41.4,0.09
1841,2021-03-25,VEN,25826,10948,14878,1536,1437,1020,2263,348,5620,9923,2252,842,585,19705,6121,ITH,ITH3,5,Veneto,Veneto,4905854,2056997,41.93,0.53
1842,2021-02-20,VEN,6422,2015,4407,1905,114,100,3244,31,10,968,3,6,41,6353,69,ITH,ITH3,5,Veneto,Veneto,4905854,2063419,42.06,0.13
1843,2021-04-07,FVG,7504,3326,4178,340,299,114,34,5,2713,2098,1881,13,7,6719,785,ITH,ITH4,6,Friuli-Venezia Giulia,Friuli Venezia Giulia,1215220,7504,0.62,0.62
1844,2021-02-27,FVG,3426,1178,2248,203,140,4,1503,1,0,1523,27,25,0,3425,1,ITH,ITH4,6,Friuli-Venezia Giulia,Friuli Venezia Giulia,1215220,10930,0.9,0.28
1845,2021-01-02,FVG,1217,471,746,1150,67,0,0,0,0,0,0,0,0,1217,0,ITH,ITH4,6,Friuli-Venezia Giulia,Friuli Venezia Giulia,1215220,12147,1.0,0.1
1846,2021-01-24,FVG,305,119,186,277,27,1,0,0,0,0,0,0,0,1,304,ITH,ITH4,6,Friuli-Venezia Giulia,Friuli Venezia Giulia,1215220,12452,1.02,0.03
1847,2021-01-14,FVG,2588,789,1799,1608,550,430,0,0,0,0,0,0,0,2588,0,ITH,ITH4,6,Friuli-Venezia Giulia,Friuli Venezia Giulia,1215220,15040,1.24,0.21
1848,2021-01-07,FVG,2092,718,1374,1760,222,110,0,0,0,0,0,0,0,2092,0,ITH,ITH4,6,Friuli-Venezia Giulia,Friuli Venezia Giulia,1215220,17132,1.41,0.17
1849,2021-04-28,FVG,7217,3189,4028,256,131,39,4,357,2051,1825,2511,3,40,3745,3472,ITH,ITH4,6,Friuli-Venezia Giulia,Friuli Venezia Giulia,1215220,24349,2.0,0.59
1850,2021-03-04,FVG,3428,1591,1837,360,216,96,402,1,1,1815,33,504,0,2785,643,ITH,ITH4,6,Friuli-Venezia Giulia,Friuli Venezia Giulia,1215220,27777,2.29,0.28
1851,2021-01-08,FVG,2322,747,1575,1680,242,396,0,1,0,0,0,0,3,2322,0,ITH,ITH4,6,Friuli-Venezia Giulia,Friuli Venezia Giulia,1215220,30099,2.48,0.19
1852,2021-03-26,FVG,5806,2429,3377,500,212,234,754,22,650,2050,1264,88,32,3791,2015,ITH,ITH4,6,Friuli-Venezia Giulia,Friuli Venezia Giulia,1215220,35905,2.95,0.48
1853,2021-04-19,FVG,6696,3128,3568,192,155,39,29,263,1103,1762,3141,2,10,3284,3412,ITH,ITH4,6,Friuli-Venezia Giulia,Friuli Venezia Giulia,1215220,42601,3.51,0.55
1854,2021-02-18,FVG,3217,1492,1725,229,122,331,983,0,0,1502,16,34,0,2811,406,ITH,ITH4,6,Friuli-Venezia Giulia,Friuli Venezia Giulia,1215220,45818,3.77,0.26
1855,2021-02-19,FVG,3254,1290,1964,568,309,315,426,0,0,1589,11,35,1,2825,429,ITH,ITH4,6,Friuli-Venezia Giulia,Friuli Venezia Giulia,1215220,49072,4.04,0.27
1856,2021-02-20,FVG,2068,933,1135,11,1,148,306,0,2,1584,16,0,0,1924,144,ITH,ITH4,6,Friuli-Venezia Giulia,Friuli Venezia Giulia,1215220,51140,4.21,0.17
1857,2021-03-12,FVG,3942,1545,2397,178,63,47,589,1,5,2865,92,101,1,2562,1380,ITH,ITH4,6,Friuli-Venezia Giulia,Friuli Venezia Giulia,1215220,55082,4.53,0.32
1858,2021-02-01,FVG,2097,688,1409,1590,372,135,0,0,0,0,0,0,0,16,2081,ITH,ITH4,6,Friuli-Venezia Giulia,Friuli Venezia Giulia,1215220,57179,4.71,0.17
1859,2021-02-13,FVG,567,179,388,337,230,0,0,0,0,0,0,0,0,561,6,ITH,ITH4,6,Friuli-Venezia Giulia,Friuli Venezia Giulia,1215220,57746,4.75,0.05
1860,2021-02-08,FVG,2357,694,1663,1401,521,435,0,0,0,0,0,0,0,92,2265,ITH,ITH4,6,Friuli-Venezia Giulia,Friuli Venezia Giulia,1215220,60103,4.95,0.19
1861,2021-01-18,FVG,1962,607,1355,1360,492,110,0,0,0,0,0,0,0,1868,94,ITH,ITH4,6,Friuli-Venezia Giulia,Friuli Venezia Giulia,1215220,62065,5.11,0.16
1862,2021-01-27,FVG,1272,425,847,851,357,64,0,0,0,0,0,0,0,450,822,ITH,ITH4,6,Friuli-Venezia Giulia,Friuli Venezia Giulia,1215220,63337,5.21,0.1
1863,2021-02-12,FVG,1200,428,772,674,392,128,1,0,1,2,1,0,1,1150,50,ITH,ITH4,6,Friuli-Venezia Giulia,Friuli Venezia Giulia,1215220,64537,5.31,0.1
1864,2021-04-30,FVG,7239,3184,4055,336,238,64,8,324,1141,1732,3350,2,44,3631,3608,ITH,ITH4,6,Friuli-Venezia Giulia,Friuli Venezia Giulia,1215220,71776,5.91,0.6
1865,2021-04-15,FVG,6490,2860,3630,220,66,83,6,250,1119,1957,2767,1,21,5217,1273,ITH,ITH4,6,Friuli-Venezia Giulia,Friuli Venezia Giulia,1215220,78266,6.44,0.53
1866,2021-03-08,FVG,4065,1594,2471,694,513,140,436,0,7,2190,22,63,0,1977,2088,ITH,ITH4,6,Friuli-Venezia Giulia,Friuli Venezia Giulia,1215220,82331,6.77,0.33
1867,2021-05-04,FVG,9099,4100,4999,254,97,25,13,509,1596,1537,5056,6,6,5773,3326,ITH,ITH4,6,Friuli-Venezia Giulia,Friuli Venezia Giulia,1215220,91430,7.52,0.75
1868,2021-04-10,FVG,4988,2160,2828,157,187,82,77,28,732,2085,1603,15,22,3763,1225,ITH,ITH4,6,Friuli-Venezia Giulia,Friuli Venezia Giulia,1215220,96418,7.93,0.41
1869,2021-03-01,FVG,2958,1042,1916,93,81,176,949,1,1,1636,17,4,0,2905,53,ITH,ITH4,6,Friuli-Venezia Giulia,Friuli Venezia Giulia,1215220,99376,8.18,0.24
1870,2021-01-29,FVG,2414,814,1600,1856,321,237,0,0,0,0,0,0,0,264,2150,ITH,ITH4,6,Friuli-Venezia Giulia,Friuli Venezia Giulia,1215220,101790,8.38,0.2
1871,2021-03-22,FVG,3544,1344,2200,150,88,206,464,0,1,2471,155,6,3,1589,1955,ITH,ITH4,6,Friuli-Venezia Giulia,Friuli Venezia Giulia,1215220,105334,8.67,0.29
1872,2021-03-31,FVG,8039,3503,4536,170,108,296,878,5,2336,2163,1969,112,2,7190,849,ITH,ITH4,6,Friuli-Venezia Giulia,Friuli Venezia Giulia,1215220,113373,9.33,0.66
1873,2021-04-02,FVG,6580,2918,3662,370,243,84,3,1,609,3137,2093,15,25,4744,1836,ITH,ITH4,6,Friuli-Venezia Giulia,Friuli Venezia Giulia,1215220,119953,9.87,0.54
1874,2021-02-22,FVG,2493,1196,1297,431,312,115,5,1,0,1369,14,246,0,2075,418,ITH,ITH4,6,Friuli-Venezia Giulia,Friuli Venezia Giulia,1215220,122446,10.08,0.21
1875,2021-05-06,FVG,9993,4590,5403,242,135,41,420,879,1461,1563,5234,13,5,6146,3847,ITH,ITH4,6,Friuli-Venezia Giulia,Friuli Venezia Giulia,1215220,132439,10.9,0.82
1876,2021-02-28,FVG,2670,989,1681,234,162,0,1488,0,0,405,1,380,0,2275,395,ITH,ITH4,6,Friuli-Venezia Giulia,Friuli Venezia Giulia,1215220,135109,11.12,0.22
1877,2021-02-25,FVG,3076,1608,1468,22,5,299,744,0,1,1557,12,436,0,3051,25,ITH,ITH4,6,Friuli-Venezia Giulia,Friuli Venezia Giulia,1215220,138185,11.37,0.25
1878,2021-02-21,FVG,800,281,519,213,166,27,1,0,0,382,10,1,0,423,377,ITH,ITH4,6,Friuli-Venezia Giulia,Friuli Venezia Giulia,1215220,138985,11.44,0.07
1879,2021-04-29,FVG,6605,2906,3699,350,146,6,7,391,1206,1466,2951,25,57,4103,2502,ITH,ITH4,6,Friuli-Venezia Giulia,Friuli Venezia Giulia,1215220,145590,11.98,0.54
1880,2021-03-15,FVG,3765,1637,2128,329,256,180,234,1,1,2426,101,237,0,1445,2320,ITH,ITH4,6,Friuli-Venezia Giulia,Friuli Venezia Giulia,1215220,149355,12.29,0.31
1881,2021-04-03,FVG,3983,1970,2013,36,580,4,149,3,3,2249,919,36,4,2654,1329,ITH,ITH4,6,Friuli-Venezia Giulia,Friuli Venezia Giulia,1215220,153338,12.62,0.33
1882,2021-01-04,FVG,1510,559,951,1392,118,0,0,0,0,0,0,0,0,1510,0,ITH,ITH4,6,Friuli-Venezia Giulia,Friuli Venezia Giulia,1215220,154848,12.74,0.12
1883,2021-01-19,FVG,7,2,5,5,0,2,0,0,0,0,0,0,0,7,0,ITH,ITH4,6,Friuli-Venezia Giulia,Friuli Venezia Giulia,1215220,154855,12.74,0.0
1884,2021-04-05,FVG,2869,1427,1442,34,222,13,121,3,607,468,1374,27,0,2853,16,ITH,ITH4,6,Friuli-Venezia Giulia,Friuli Venezia Giulia,1215220,157724,12.98,0.24
1885,2020-12-30,FVG,630,246,384,601,29,0,0,0,0,0,0,0,0,630,0,ITH,ITH4,6,Friuli-Venezia Giulia,Friuli Venezia Giulia,1215220,158354,13.03,0.05
1886,2021-04-27,FVG,8038,3687,4351,295,287,29,2,575,1893,2113,2803,1,40,3579,4459,ITH,ITH4,6,Friuli-Venezia Giulia,Friuli Venezia Giulia,1215220,166392,13.69,0.66
1887,2020-12-31,FVG,1053,384,669,1011,42,0,0,0,0,0,0,0,0,1053,0,ITH,ITH4,6,Friuli-Venezia Giulia,Friuli Venezia Giulia,1215220,167445,13.78,0.09
1888,2021-02-07,FVG,1562,483,1079,867,693,2,0,0,0,0,0,0,0,386,1176,ITH,ITH4,6,Friuli-Venezia Giulia,Friuli Venezia Giulia,1215220,169007,13.91,0.13
1889,2021-01-03,FVG,312,122,190,285,26,1,0,0,0,0,0,0,0,312,0,ITH,ITH4,6,Friuli-Venezia Giulia,Friuli Venezia Giulia,1215220,169319,13.93,0.03
1890,2021-02-05,FVG,2614,785,1829,1613,511,490,0,0,0,0,0,0,0,90,2524,ITH,ITH4,6,Friuli-Venezia Giulia,Friuli Venezia Giulia,1215220,171933,14.15,0.22
1891,2021-04-13,FVG,7369,3291,4078,349,308,189,23,245,2202,2236,1790,12,15,5762,1607,ITH,ITH4,6,Friuli-Venezia Giulia,Friuli Venezia Giulia,1215220,179302,14.75,0.61
1892,2021-05-05,FVG,9072,3950,5122,294,171,36,12,948,1676,1228,4697,2,8,5647,3425,ITH,ITH4,6,Friuli-Venezia Giulia,Friuli Venezia Giulia,1215220,188374,15.5,0.75
1893,2021-03-30,FVG,7097,3145,3952,422,335,405,139,14,2004,1937,1785,53,3,6175,922,ITH,ITH4,6,Friuli-Venezia Giulia,Friuli Venezia Giulia,1215220,195471,16.09,0.58
1894,2021-01-30,FVG,2272,744,1528,1475,355,442,0,0,0,0,0,0,0,270,2002,ITH,ITH4,6,Friuli-Venezia Giulia,Friuli Venezia Giulia,1215220,197743,16.27,0.19
1895,2021-02-03,FVG,2647,791,1856,1702,558,386,0,0,0,1,0,0,0,23,2624,ITH,ITH4,6,Friuli-Venezia Giulia,Friuli Venezia Giulia,1215220,200390,16.49,0.22
1896,2021-05-03,FVG,7133,3243,3890,217,185,58,11,316,1354,1254,3703,10,25,3364,3769,ITH,ITH4,6,Friuli-Venezia Giulia,Friuli Venezia Giulia,1215220,207523,17.08,0.59
1897,2021-04-23,FVG,7421,3358,4063,300,138,53,8,419,1197,2202,3071,4,29,3574,3847,ITH,ITH4,6,Friuli-Venezia Giulia,Friuli Venezia Giulia,1215220,214944,17.69,0.61
1898,2021-01-10,FVG,2941,919,2022,1745,951,245,0,0,0,0,0,0,0,2941,0,ITH,ITH4,6,Friuli-Venezia Giulia,Friuli Venezia Giulia,1215220,217885,17.93,0.24
1899,2021-01-13,FVG,2651,834,1817,1822,599,230,0,0,0,0,0,0,0,2651,0,ITH,ITH4,6,Friuli-Venezia Giulia,Friuli Venezia Giulia,1215220,220536,18.15,0.22
1900,2021-04-22,FVG,6745,3073,3672,122,110,34,2,329,1560,2118,2453,1,16,3063,3682,ITH,ITH4,6,Friuli-Venezia Giulia,Friuli Venezia Giulia,1215220,227281,18.7,0.56
1901,2021-05-01,FVG,7158,3233,3925,216,36,0,2,216,107,579,5941,3,58,6111,1047,ITH,ITH4,6,Friuli-Venezia Giulia,Friuli Venezia Giulia,1215220,234439,19.29,0.59
1902,2021-03-24,FVG,3772,1530,2242,183,183,148,427,1,21,2324,419,62,4,2290,1482,ITH,ITH4,6,Friuli-Venezia Giulia,Friuli Venezia Giulia,1215220,238211,19.6,0.31
1903,2021-04-18,FVG,5984,2771,3213,320,76,81,2,396,1484,728,2869,0,28,5578,406,ITH,ITH4,6,Friuli-Venezia Giulia,Friuli Venezia Giulia,1215220,244195,20.09,0.49
1904,2021-03-23,FVG,3761,1561,2200,321,303,245,241,0,3,2449,169,29,1,1618,2143,ITH,ITH4,6,Friuli-Venezia Giulia,Friuli Venezia Giulia,1215220,247956,20.4,0.31
1905,2021-05-07,FVG,8808,3908,4900,269,98,23,32,1340,1683,1571,3764,22,6,5455,3353,ITH,ITH4,6,Friuli-Venezia Giulia,Friuli Venezia Giulia,1215220,256764,21.13,0.72
1906,2021-03-03,FVG,3643,1629,2014,750,546,104,427,0,0,1331,15,470,0,2365,1278,ITH,ITH4,6,Friuli-Venezia Giulia,Friuli Venezia Giulia,1215220,260407,21.43,0.3
1907,2020-12-27,FVG,262,149,113,259,3,0,0,0,0,0,0,0,0,262,0,ITH,ITH4,6,Friuli-Venezia Giulia,Friuli Venezia Giulia,1215220,260669,21.45,0.02
1908,2021-04-17,FVG,7444,3232,4212,319,117,1,3,624,592,2453,3309,3,23,5962,1482,ITH,ITH4,6,Friuli-Venezia Giulia,Friuli Venezia Giulia,1215220,268113,22.06,0.61
1909,2021-02-06,FVG,1154,338,816,755,208,191,0,0,0,0,0,0,0,22,1132,ITH,ITH4,6,Friuli-Venezia Giulia,Friuli Venezia Giulia,1215220,269267,22.16,0.09
1910,2021-01-22,FVG,90,30,60,89,1,0,0,0,0,0,0,0,0,0,90,ITH,ITH4,6,Friuli-Venezia Giulia,Friuli Venezia Giulia,1215220,269357,22.17,0.01
1911,2021-02-02,FVG,2467,806,1661,1658,393,416,0,0,0,0,0,0,0,217,2250,ITH,ITH4,6,Friuli-Venezia Giulia,Friuli Venezia Giulia,1215220,271824,22.37,0.2
1912,2021-03-06,FVG,3492,1194,2298,182,249,5,1465,0,0,1565,6,20,0,3166,326,ITH,ITH4,6,Friuli-Venezia Giulia,Friuli Venezia Giulia,1215220,275316,22.66,0.29
1913,2021-04-16,FVG,6911,2994,3917,290,184,171,16,311,977,2035,2906,1,20,4988,1923,ITH,ITH4,6,Friuli-Venezia Giulia,Friuli Venezia Giulia,1215220,282227,23.22,0.57
1914,2021-04-24,FVG,6647,2927,3720,430,55,0,1,522,281,1988,3313,1,56,5402,1245,ITH,ITH4,6,Friuli-Venezia Giulia,Friuli Venezia Giulia,1215220,288874,23.77,0.55
1915,2021-01-31,FVG,2715,836,1879,1693,1004,18,0,0,0,0,0,0,0,385,2330,ITH,ITH4,6,Friuli-Venezia Giulia,Friuli Venezia Giulia,1215220,291589,23.99,0.22
1916,2021-03-17,FVG,3237,1268,1969,430,219,199,6,0,1,2247,132,3,0,744,2493,ITH,ITH4,6,Friuli-Venezia Giulia,Friuli Venezia Giulia,1215220,294826,24.26,0.27
1917,2021-03-10,FVG,3362,1494,1868,306,301,209,195,0,1,1973,67,309,1,1570,1792,ITH,ITH4,6,Friuli-Venezia Giulia,Friuli Venezia Giulia,1215220,298188,24.54,0.28
1918,2021-03-27,FVG,4983,2560,2423,60,811,1,98,3,906,1990,1096,16,2,3572,1411,ITH,ITH4,6,Friuli-Venezia Giulia,Friuli Venezia Giulia,1215220,303171,24.95,0.41
1919,2021-05-08,FVG,8210,3667,4543,294,134,5,12,1118,655,1832,4140,16,4,3736,4474,ITH,ITH4,6,Friuli-Venezia Giulia,Friuli Venezia Giulia,1215220,311381,25.62,0.68
1920,2021-04-21,FVG,7697,3440,4257,108,73,30,9,547,2446,2057,2417,4,6,4015,3682,ITH,ITH4,6,Friuli-Venezia Giulia,Friuli Venezia Giulia,1215220,319078,26.26,0.63
1921,2021-03-14,FVG,1397,548,849,0,1,0,797,0,0,248,16,335,0,1144,253,ITH,ITH4,6,Friuli-Venezia Giulia,Friuli Venezia Giulia,1215220,320475,26.37,0.11
1922,2021-02-10,FVG,1352,496,856,745,487,119,1,0,0,0,0,0,0,1266,86,ITH,ITH4,6,Friuli-Venezia Giulia,Friuli Venezia Giulia,1215220,321827,26.48,0.11
1923,2021-04-08,FVG,7189,3013,4176,261,147,237,34,4,1532,2974,1986,4,10,5265,1924,ITH,ITH4,6,Friuli-Venezia Giulia,Friuli Venezia Giulia,1215220,329016,27.07,0.59
1924,2021-01-26,FVG,1975,647,1328,1442,152,381,0,0,0,0,0,0,0,214,1761,ITH,ITH4,6,Friuli-Venezia Giulia,Friuli Venezia Giulia,1215220,330991,27.24,0.16
1925,2021-03-29,FVG,6879,3003,3876,241,211,160,316,10,2110,2418,1358,47,8,5299,1580,ITH,ITH4,6,Friuli-Venezia Giulia,Friuli Venezia Giulia,1215220,337870,27.8,0.57
1926,2021-01-12,FVG,2260,713,1547,1529,370,361,0,0,0,0,0,0,0,2260,0,ITH,ITH4,6,Friuli-Venezia Giulia,Friuli Venezia Giulia,1215220,340130,27.99,0.19
1927,2021-03-09,FVG,3863,1590,2273,657,480,200,424,2,4,2005,28,60,3,1110,2753,ITH,ITH4,6,Friuli-Venezia Giulia,Friuli Venezia Giulia,1215220,343993,28.31,0.32
1928,2021-03-28,FVG,4809,2273,2536,13,746,5,1306,8,1526,425,662,111,7,4669,140,ITH,ITH4,6,Friuli-Venezia Giulia,Friuli Venezia Giulia,1215220,348802,28.7,0.4
1929,2021-05-10,FVG,1506,683,823,64,7,4,6,228,397,125,672,2,1,1276,230,ITH,ITH4,6,Friuli-Venezia Giulia,Friuli Venezia Giulia,1215220,350308,28.83,0.12
1930,2021-03-19,FVG,3236,1341,1895,107,47,296,134,0,0,2513,139,0,0,1302,1934,ITH,ITH4,6,Friuli-Venezia Giulia,Friuli Venezia Giulia,1215220,353544,29.09,0.27
1931,2021-01-17,FVG,1720,524,1196,674,560,486,0,0,0,0,0,0,0,1720,0,ITH,ITH4,6,Friuli-Venezia Giulia,Friuli Venezia Giulia,1215220,355264,29.23,0.14
1932,2021-04-26,FVG,5436,2446,2990,186,147,16,14,328,2094,701,1897,5,48,3796,1640,ITH,ITH4,6,Friuli-Venezia Giulia,Friuli Venezia Giulia,1215220,360700,29.68,0.45
1933,2021-01-25,FVG,1584,568,1016,1371,141,72,0,0,0,0,0,0,0,194,1390,ITH,ITH4,6,Friuli-Venezia Giulia,Friuli Venezia Giulia,1215220,362284,29.81,0.13
1934,2021-02-23,FVG,2615,1252,1363,104,44,247,1,0,2,1943,19,255,0,2437,178,ITH,ITH4,6,Friuli-Venezia Giulia,Friuli Venezia Giulia,1215220,364899,30.03,0.22
1935,2021-02-26,FVG,3740,2094,1646,75,26,561,299,0,2,1739,5,1033,0,3593,147,ITH,ITH4,6,Friuli-Venezia Giulia,Friuli Venezia Giulia,1215220,368639,30.34,0.31
1936,2021-04-12,FVG,7256,3184,4072,283,183,230,22,97,1740,2083,2593,4,21,6125,1131,ITH,ITH4,6,Friuli-Venezia Giulia,Friuli Venezia Giulia,1215220,375895,30.93,0.6
1937,2021-03-21,FVG,2600,937,1663,6,9,88,1119,0,0,1333,3,27,15,2192,408,ITH,ITH4,6,Friuli-Venezia Giulia,Friuli Venezia Giulia,1215220,378495,31.15,0.21
1938,2021-01-21,FVG,895,345,550,864,31,0,0,0,0,0,0,0,0,1,894,ITH,ITH4,6,Friuli-Venezia Giulia,Friuli Venezia Giulia,1215220,379390,31.22,0.07
1939,2021-04-11,FVG,3436,1521,1915,233,100,7,27,13,535,1225,1270,7,19,2530,906,ITH,ITH4,6,Friuli-Venezia Giulia,Friuli Venezia Giulia,1215220,382826,31.5,0.28
1940,2021-03-18,FVG,3375,1423,1952,60,23,168,4,1,1,2865,253,0,0,1693,1682,ITH,ITH4,6,Friuli-Venezia Giulia,Friuli Venezia Giulia,1215220,386201,31.78,0.28
1941,2021-03-05,FVG,3742,1481,2261,1050,654,77,146,0,8,1733,26,46,2,2669,1073,ITH,ITH4,6,Friuli-Venezia Giulia,Friuli Venezia Giulia,1215220,389943,32.09,0.31
1942,2021-01-23,FVG,816,324,492,768,48,0,0,0,0,0,0,0,0,4,812,ITH,ITH4,6,Friuli-Venezia Giulia,Friuli Venezia Giulia,1215220,390759,32.16,0.07
1943,2021-04-14,FVG,7200,3113,4087,335,224,78,3,281,1560,2158,2551,2,8,5483,1717,ITH,ITH4,6,Friuli-Venezia Giulia,Friuli Venezia Giulia,1215220,397959,32.75,0.59
1944,2021-03-20,FVG,3347,1353,1994,415,279,10,66,2,1,2382,13,179,0,1252,2095,ITH,ITH4,6,Friuli-Venezia Giulia,Friuli Venezia Giulia,1215220,401306,33.02,0.28
1945,2021-02-17,FVG,2352,998,1354,329,178,230,0,0,0,1555,14,46,0,1873,479,ITH,ITH4,6,Friuli-Venezia Giulia,Friuli Venezia Giulia,1215220,403658,33.22,0.19
1946,2021-02-16,FVG,2516,1135,1381,260,244,221,0,0,3,1760,28,0,0,2400,116,ITH,ITH4,6,Friuli-Venezia Giulia,Friuli Venezia Giulia,1215220,406174,33.42,0.21
1947,2021-03-07,FVG,2537,926,1611,1,5,153,1782,0,0,143,0,453,0,2536,1,ITH,ITH4,6,Friuli-Venezia Giulia,Friuli Venezia Giulia,1215220,408711,33.63,0.21
1948,2021-03-02,FVG,4220,1518,2702,1163,659,203,634,0,1,1538,17,5,0,2717,1503,ITH,ITH4,6,Friuli-Venezia Giulia,Friuli Venezia Giulia,1215220,412931,33.98,0.35
1949,2021-04-09,FVG,7702,3502,4200,298,172,77,23,56,1280,2623,3165,0,8,6482,1220,ITH,ITH4,6,Friuli-Venezia Giulia,Friuli Venezia Giulia,1215220,420633,34.61,0.63
1950,2021-02-24,FVG,2518,1082,1436,23,5,312,297,1,0,1835,15,0,30,2500,18,ITH,ITH4,6,Friuli-Venezia Giulia,Friuli Venezia Giulia,1215220,423151,34.82,0.21
1951,2021-02-11,FVG,1935,665,1270,1134,566,230,0,0,1,3,0,1,0,1742,193,ITH,ITH4,6,Friuli-Venezia Giulia,Friuli Venezia Giulia,1215220,425086,34.98,0.16
1952,2021-03-16,FVG,3156,1288,1868,330,256,245,1,0,3,2204,117,0,0,1076,2080,ITH,ITH4,6,Friuli-Venezia Giulia,Friuli Venezia Giulia,1215220,428242,35.24,0.26
1953,2021-02-09,FVG,1848,556,1292,1053,509,286,0,0,0,0,0,0,0,1559,289,ITH,ITH4,6,Friuli-Venezia Giulia,Friuli Venezia Giulia,1215220,430090,35.39,0.15
1954,2021-03-25,FVG,5313,2261,3052,55,57,303,835,3,956,2059,980,63,2,3178,2135,ITH,ITH4,6,Friuli-Venezia Giulia,Friuli Venezia Giulia,1215220,435403,35.83,0.44
1955,2021-02-15,FVG,2454,909,1545,700,390,316,0,0,4,1034,10,0,0,2204,250,ITH,ITH4,6,Friuli-Venezia Giulia,Friuli Venezia Giulia,1215220,437857,36.03,0.2
1956,2021-01-09,FVG,2518,841,1677,1519,406,593,0,0,0,0,0,0,0,2518,0,ITH,ITH4,6,Friuli-Venezia Giulia,Friuli Venezia Giulia,1215220,440375,36.24,0.21
1957,2021-03-13,FVG,2935,1119,1816,12,4,86,723,1,2,2058,9,40,0,1662,1273,ITH,ITH4,6,Friuli-Venezia Giulia,Friuli Venezia Giulia,1215220,443310,36.48,0.24
1958,2021-01-20,FVG,751,323,428,719,32,0,0,0,0,0,0,0,0,12,739,ITH,ITH4,6,Friuli-Venezia Giulia,Friuli Venezia Giulia,1215220,444061,36.54,0.06
1959,2021-01-05,FVG,1680,551,1129,1350,133,197,0,0,0,0,0,0,0,1680,0,ITH,ITH4,6,Friuli-Venezia Giulia,Friuli Venezia Giulia,1215220,445741,36.68,0.14
1960,2021-02-04,FVG,2731,807,1924,1723,543,465,0,0,0,0,0,0,0,36,2695,ITH,ITH4,6,Friuli-Venezia Giulia,Friuli Venezia Giulia,1215220,448472,36.9,0.22
1961,2021-04-06,FVG,6284,2774,3510,256,205,132,29,5,1099,2696,1839,19,4,5132,1152,ITH,ITH4,6,Friuli-Venezia Giulia,Friuli Venezia Giulia,1215220,454756,37.42,0.52
1962,2021-04-25,FVG,2360,988,1372,331,50,0,1,733,478,66,684,0,17,2349,11,ITH,ITH4,6,Friuli-Venezia Giulia,Friuli Venezia Giulia,1215220,457116,37.62,0.19
1963,2021-01-16,FVG,1231,360,871,771,212,248,0,0,0,0,0,0,0,1231,0,ITH,ITH4,6,Friuli-Venezia Giulia,Friuli Venezia Giulia,1215220,458347,37.72,0.1
1964,2021-04-01,FVG,6327,3000,3327,172,118,208,94,2,1171,2058,2436,57,11,5312,1015,ITH,ITH4,6,Friuli-Venezia Giulia,Friuli Venezia Giulia,1215220,464674,38.24,0.52
1965,2021-04-20,FVG,7104,3057,4047,499,313,38,8,429,1150,2362,2298,1,6,3199,3905,ITH,ITH4,6,Friuli-Venezia Giulia,Friuli Venezia Giulia,1215220,471778,38.82,0.58
1966,2021-01-06,FVG,710,264,446,515,195,0,0,0,0,0,0,0,0,710,0,ITH,ITH4,6,Friuli-Venezia Giulia,Friuli Venezia Giulia,1215220,472488,38.88,0.06
1967,2021-03-11,FVG,3351,1413,1938,263,114,290,504,1,2,2014,35,126,2,1602,1749,ITH,ITH4,6,Friuli-Venezia Giulia,Friuli Venezia Giulia,1215220,475839,39.16,0.28
1968,2021-01-28,FVG,2237,793,1444,1756,287,194,0,0,0,0,0,0,0,354,1883,ITH,ITH4,6,Friuli-Venezia Giulia,Friuli Venezia Giulia,1215220,478076,39.34,0.18
1969,2021-05-09,FVG,4688,2079,2609,219,84,0,5,252,259,540,3310,2,17,1645,3043,ITH,ITH4,6,Friuli-Venezia Giulia,Friuli Venezia Giulia,1215220,482764,39.73,0.39
1970,2021-05-02,FVG,6780,3190,3590,262,104,1,6,442,441,1133,4349,2,40,3882,2898,ITH,ITH4,6,Friuli-Venezia Giulia,Friuli Venezia Giulia,1215220,489544,40.28,0.56
1971,2021-01-15,FVG,2028,606,1422,1283,370,375,0,0,0,0,0,0,0,2028,0,ITH,ITH4,6,Friuli-Venezia Giulia,Friuli Venezia Giulia,1215220,491572,40.45,0.17
1972,2021-01-11,FVG,1884,609,1275,1502,336,46,0,0,0,0,0,0,0,1884,0,ITH,ITH4,6,Friuli-Venezia Giulia,Friuli Venezia Giulia,1215220,493456,40.61,0.16
1973,2021-04-18,SIC,19807,9898,9909,243,84,105,95,6005,1815,2687,8675,15,83,15418,4389,ITG,ITG1,19,Sicilia,Sicilia,4999891,19807,0.4,0.4
1974,2021-04-24,SIC,31402,14824,16578,444,177,386,136,4690,2834,5674,16666,99,296,23664,7738,ITG,ITG1,19,Sicilia,Sicilia,4999891,51209,1.02,0.63
1975,2021-01-31,SIC,4113,1959,2154,2602,835,295,0,61,26,26,0,0,268,114,3999,ITG,ITG1,19,Sicilia,Sicilia,4999891,55322,1.11,0.08
1976,2021-02-10,SIC,4434,1819,2615,1975,1154,741,0,59,33,18,0,0,454,4009,425,ITG,ITG1,19,Sicilia,Sicilia,4999891,59756,1.2,0.09
1977,2021-05-09,SIC,28214,13188,15026,392,221,88,592,2628,1373,2033,17655,335,2897,19955,8259,ITG,ITG1,19,Sicilia,Sicilia,4999891,87970,1.76,0.56
1978,2021-02-17,SIC,5435,3295,2140,1531,719,887,2,39,8,10,0,2000,239,4761,674,ITG,ITG1,19,Sicilia,Sicilia,4999891,93405,1.87,0.11
1979,2021-04-21,SIC,22680,10886,11794,552,232,363,121,1670,1616,3738,14108,29,251,16457,6223,ITG,ITG1,19,Sicilia,Sicilia,4999891,116085,2.32,0.45
1980,2021-03-23,SIC,21146,10117,11029,886,434,433,1648,185,3540,5914,7399,405,302,15490,5656,ITG,ITG1,19,Sicilia,Sicilia,4999891,137231,2.74,0.42
1981,2021-03-14,SIC,8837,3951,4886,571,416,180,678,146,1692,4351,148,67,588,4978,3859,ITG,ITG1,19,Sicilia,Sicilia,4999891,146068,2.92,0.18
1982,2021-04-27,SIC,26440,12719,13721,618,224,408,103,1794,1786,4435,16764,97,211,15611,10829,ITG,ITG1,19,Sicilia,Sicilia,4999891,172508,3.45,0.53
1983,2021-05-08,SIC,35777,17099,18678,523,198,145,453,3206,2006,3049,21988,1064,3145,25467,10310,ITG,ITG1,19,Sicilia,Sicilia,4999891,208285,4.17,0.72
1984,2021-01-10,SIC,3619,1615,2004,2127,552,464,0,42,22,92,0,0,320,3619,0,ITG,ITG1,19,Sicilia,Sicilia,4999891,211904,4.24,0.07
1985,2021-01-28,SIC,9335,4404,4931,7470,1372,295,0,35,11,4,0,0,148,414,8921,ITG,ITG1,19,Sicilia,Sicilia,4999891,221239,4.42,0.19
1986,2021-03-15,SIC,10876,4736,6140,1255,496,731,1155,60,1533,4920,134,308,284,5803,5073,ITG,ITG1,19,Sicilia,Sicilia,4999891,232115,4.64,0.22
1987,2021-02-14,SIC,1058,403,655,433,301,236,0,9,3,4,0,0,72,918,140,ITG,ITG1,19,Sicilia,Sicilia,4999891,233173,4.66,0.02
1988,2021-03-16,SIC,10177,4467,5710,1665,549,852,218,60,128,5733,621,75,276,4025,6152,ITG,ITG1,19,Sicilia,Sicilia,4999891,243350,4.87,0.2
1989,2021-05-05,SIC,26415,12221,14194,679,327,330,89,2436,1889,3478,15924,458,805,16801,9614,ITG,ITG1,19,Sicilia,Sicilia,4999891,269765,5.4,0.53
1990,2021-04-20,SIC,19366,9117,10249,476,281,458,59,1477,1443,3615,11412,22,123,14004,5362,ITG,ITG1,19,Sicilia,Sicilia,4999891,289131,5.78,0.39
1991,2021-01-02,SIC,4877,2537,2340,4316,144,0,0,87,7,2,0,0,321,4877,0,ITG,ITG1,19,Sicilia,Sicilia,4999891,294008,5.88,0.1
1992,2021-04-28,SIC,29599,13885,15714,654,238,450,96,2464,2178,4549,18442,170,358,20373,9226,ITG,ITG1,19,Sicilia,Sicilia,4999891,323607,6.47,0.59
1993,2021-02-02,SIC,5543,2624,2919,3157,1563,429,0,50,7,21,0,0,316,634,4909,ITG,ITG1,19,Sicilia,Sicilia,4999891,329150,6.58,0.11
1994,2021-05-03,SIC,23610,10880,12730,613,268,284,88,1701,1785,3100,15467,128,176,13707,9903,ITG,ITG1,19,Sicilia,Sicilia,4999891,352760,7.06,0.47
1995,2021-05-01,SIC,24432,11315,13117,439,163,146,105,2722,2076,2534,15980,78,189,19238,5194,ITG,ITG1,19,Sicilia,Sicilia,4999891,377192,7.54,0.49
1996,2020-12-28,SIC,207,124,83,205,2,0,0,0,0,0,0,0,0,207,0,ITG,ITG1,19,Sicilia,Sicilia,4999891,377399,7.55,0.0
1997,2021-01-15,SIC,5083,2234,2849,2826,1047,479,0,67,19,2,0,0,643,5083,0,ITG,ITG1,19,Sicilia,Sicilia,4999891,382482,7.65,0.1
1998,2021-03-11,SIC,15506,6547,8959,1611,1276,1026,3325,200,2112,4052,158,993,753,12932,2574,ITG,ITG1,19,Sicilia,Sicilia,4999891,397988,7.96,0.31
1999,2021-01-11,SIC,5906,2592,3314,3923,1015,382,0,83,17,89,0,0,397,5906,0,ITG,ITG1,19,Sicilia,Sicilia,4999891,403894,8.08,0.12
2000,2021-03-24,SIC,21239,9932,11307,960,500,648,1463,347,3222,5953,7634,200,312,15350,5889,ITG,ITG1,19,Sicilia,Sicilia,4999891,425133,8.5,0.42
2001,2021-03-07,SIC,9300,3471,5829,968,561,479,3299,88,12,3462,18,227,186,8216,1084,ITG,ITG1,19,Sicilia,Sicilia,4999891,434433,8.69,0.19
2002,2021-03-26,SIC,18014,8380,9634,1074,590,382,1312,225,2839,5599,5626,125,242,12475,5539,ITG,ITG1,19,Sicilia,Sicilia,4999891,452447,9.05,0.36
2003,2021-02-28,SIC,7181,3072,4109,871,410,112,1359,90,7,3359,2,268,703,6551,630,ITG,ITG1,19,Sicilia,Sicilia,4999891,459628,9.19,0.14
2004,2021-04-07,SIC,15810,7777,8033,764,386,474,182,246,1685,4479,7174,81,339,8639,7171,ITG,ITG1,19,Sicilia,Sicilia,4999891,475438,9.51,0.32
2005,2021-01-16,SIC,2776,1195,1581,1329,561,298,0,24,15,6,0,0,543,2776,0,ITG,ITG1,19,Sicilia,Sicilia,4999891,478214,9.56,0.06
2006,2021-04-04,SIC,6989,3384,3605,192,106,184,44,114,855,2489,2896,17,92,5696,1293,ITG,ITG1,19,Sicilia,Sicilia,4999891,485203,9.7,0.14
2007,2021-01-23,SIC,4207,2172,2035,3968,200,16,0,1,2,0,0,0,20,225,3982,ITG,ITG1,19,Sicilia,Sicilia,4999891,489410,9.79,0.08
2008,2021-02-11,SIC,5336,2103,3233,2459,1444,891,0,77,25,7,0,0,433,4869,467,ITG,ITG1,19,Sicilia,Sicilia,4999891,494746,9.9,0.11
2009,2021-04-06,SIC,18216,8736,9480,808,279,609,188,280,1951,5500,8042,105,454,13886,4330,ITG,ITG1,19,Sicilia,Sicilia,4999891,512962,10.26,0.36
2010,2021-03-13,SIC,12467,5493,6974,1174,771,513,1768,210,2143,4708,133,203,844,7859,4608,ITG,ITG1,19,Sicilia,Sicilia,4999891,525429,10.51,0.25
2011,2021-02-04,SIC,6971,3200,3771,4431,1465,574,0,49,13,18,0,0,421,1460,5511,ITG,ITG1,19,Sicilia,Sicilia,4999891,532400,10.65,0.14
2012,2021-02-15,SIC,3987,1884,2103,1704,1004,636,26,28,10,14,11,352,202,3418,569,ITG,ITG1,19,Sicilia,Sicilia,4999891,536387,10.73,0.08
2013,2021-04-01,SIC,14518,6715,7803,625,239,520,191,129,2244,5126,4898,405,141,9789,4729,ITG,ITG1,19,Sicilia,Sicilia,4999891,550905,11.02,0.29
2014,2021-02-19,SIC,5179,2763,2416,1488,854,610,239,31,13,83,2,1541,318,4608,571,ITG,ITG1,19,Sicilia,Sicilia,4999891,556084,11.12,0.1
2015,2021-02-18,SIC,5511,3178,2333,1636,886,842,96,21,8,11,5,1839,167,5078,433,ITG,ITG1,19,Sicilia,Sicilia,4999891,561595,11.23,0.11
2016,2021-02-21,SIC,5179,2509,2670,379,165,174,153,38,6,3920,3,175,166,5071,108,ITG,ITG1,19,Sicilia,Sicilia,4999891,566774,11.34,0.1
2017,2021-05-04,SIC,26930,12515,14415,594,279,353,98,2273,2284,3336,17059,274,380,17748,9182,ITG,ITG1,19,Sicilia,Sicilia,4999891,593704,11.87,0.54
2018,2021-01-18,SIC,1640,660,980,723,189,268,0,22,11,0,0,0,427,1494,146,ITG,ITG1,19,Sicilia,Sicilia,4999891,595344,11.91,0.03
2019,2021-04-03,SIC,16455,7820,8635,439,168,327,199,1008,4322,4992,4566,36,398,13612,2843,ITG,ITG1,19,Sicilia,Sicilia,4999891,611799,12.24,0.33
2020,2021-03-27,SIC,15836,7473,8363,652,417,378,742,248,1826,5663,5581,56,273,10915,4921,ITG,ITG1,19,Sicilia,Sicilia,4999891,627635,12.55,0.32
2021,2021-02-12,SIC,4747,1853,2894,2301,1398,644,0,45,17,10,0,0,332,4416,331,ITG,ITG1,19,Sicilia,Sicilia,4999891,632382,12.65,0.09
2022,2021-01-27,SIC,7539,3843,3696,6334,819,152,0,44,11,7,0,0,172,189,7350,ITG,ITG1,19,Sicilia,Sicilia,4999891,639921,12.8,0.15
2023,2021-04-02,SIC,14084,6627,7457,633,224,377,205,131,2133,5235,4906,79,161,9291,4793,ITG,ITG1,19,Sicilia,Sicilia,4999891,654005,13.08,0.28
2024,2021-02-13,SIC,3108,1169,1939,1296,921,570,0,36,19,13,0,1,252,2850,258,ITG,ITG1,19,Sicilia,Sicilia,4999891,657113,13.14,0.06
2025,2021-01-25,SIC,7520,3704,3816,6641,577,70,0,21,7,44,0,0,160,322,7198,ITG,ITG1,19,Sicilia,Sicilia,4999891,664633,13.29,0.15
2026,2021-04-12,SIC,19114,9306,9808,428,153,399,118,1396,1675,3668,11056,27,194,11756,7358,ITG,ITG1,19,Sicilia,Sicilia,4999891,683747,13.68,0.38
2027,2021-03-20,SIC,18944,9094,9850,836,316,434,1221,191,2527,5565,7308,113,433,13554,5390,ITG,ITG1,19,Sicilia,Sicilia,4999891,702691,14.05,0.38
2028,2021-05-10,SIC,10448,5159,5289,188,84,83,69,646,551,1269,6209,743,606,4873,5575,ITG,ITG1,19,Sicilia,Sicilia,4999891,713139,14.26,0.21
2029,2021-04-11,SIC,15514,7633,7881,220,102,188,97,795,1033,3252,9695,15,117,8484,7030,ITG,ITG1,19,Sicilia,Sicilia,4999891,728653,14.57,0.31
2030,2021-03-09,SIC,13247,5635,7612,1595,1210,713,3699,112,19,4036,218,1138,507,10871,2376,ITG,ITG1,19,Sicilia,Sicilia,4999891,741900,14.84,0.26
2031,2021-02-24,SIC,9602,4871,4731,1424,755,504,923,25,23,4101,1,1618,228,9006,596,ITG,ITG1,19,Sicilia,Sicilia,4999891,751502,15.03,0.19
2032,2021-04-22,SIC,27119,12813,14306,631,170,390,98,3052,2046,4404,16084,36,208,20577,6542,ITG,ITG1,19,Sicilia,Sicilia,4999891,778621,15.57,0.54
2033,2021-02-08,SIC,4086,1759,2327,2346,1028,397,0,37,5,16,0,0,257,2128,1958,ITG,ITG1,19,Sicilia,Sicilia,4999891,782707,15.65,0.08
2034,2021-01-07,SIC,9175,4241,4934,7696,974,210,0,64,8,2,0,0,221,9175,0,ITG,ITG1,19,Sicilia,Sicilia,4999891,791882,15.84,0.18
2035,2021-02-16,SIC,4415,2301,2114,1466,976,818,1,35,9,27,8,878,197,3948,467,ITG,ITG1,19,Sicilia,Sicilia,4999891,796297,15.93,0.09
2036,2021-01-09,SIC,7326,3424,3902,5034,1070,456,0,117,36,41,0,0,572,7326,0,ITG,ITG1,19,Sicilia,Sicilia,4999891,803623,16.07,0.15
2037,2021-03-31,SIC,14679,6777,7902,649,299,539,190,140,2230,5251,5098,108,175,9651,5028,ITG,ITG1,19,Sicilia,Sicilia,4999891,818302,16.37,0.29
2038,2021-05-07,SIC,36647,17329,19318,580,319,294,261,2880,2231,3445,22825,1403,2409,25024,11623,ITG,ITG1,19,Sicilia,Sicilia,4999891,854949,17.1,0.73
2039,2021-03-08,SIC,13588,5851,7737,2015,1127,715,4001,135,24,3936,73,1025,537,10774,2814,ITG,ITG1,19,Sicilia,Sicilia,4999891,868537,17.37,0.27
2040,2021-03-29,SIC,15064,7058,8006,878,349,342,304,130,2532,5053,5193,104,179,10543,4521,ITG,ITG1,19,Sicilia,Sicilia,4999891,883601,17.67,0.3
2041,2021-01-30,SIC,7841,3571,4270,5454,1611,475,0,47,12,4,0,0,238,175,7666,ITG,ITG1,19,Sicilia,Sicilia,4999891,891442,17.83,0.16
2042,2021-01-14,SIC,5260,2519,2741,3053,1281,259,0,106,34,90,0,0,437,5260,0,ITG,ITG1,19,Sicilia,Sicilia,4999891,896702,17.93,0.11
2043,2021-03-21,SIC,15228,7338,7890,489,228,75,958,161,2142,4573,6221,112,269,11253,3975,ITG,ITG1,19,Sicilia,Sicilia,4999891,911930,18.24,0.3
2044,2021-01-13,SIC,5266,2491,2775,3046,1192,461,0,92,28,27,0,1,419,5266,0,ITG,ITG1,19,Sicilia,Sicilia,4999891,917196,18.34,0.11
2045,2021-01-24,SIC,4344,2266,2078,3999,265,3,0,12,6,37,0,0,22,148,4196,ITG,ITG1,19,Sicilia,Sicilia,4999891,921540,18.43,0.09
2046,2021-04-19,SIC,18595,8799,9796,671,435,387,80,917,1255,3505,11184,24,137,12867,5728,ITG,ITG1,19,Sicilia,Sicilia,4999891,940135,18.8,0.37
2047,2021-03-04,SIC,15217,6561,8656,2812,1839,750,3832,117,36,4034,27,1207,563,11012,4205,ITG,ITG1,19,Sicilia,Sicilia,4999891,955352,19.11,0.3
2048,2021-03-05,SIC,15951,6879,9072,3194,1697,757,4085,94,30,4081,108,1489,416,11625,4326,ITG,ITG1,19,Sicilia,Sicilia,4999891,971303,19.43,0.32
2049,2021-04-29,SIC,31932,14885,17047,913,290,429,108,2663,2221,4668,20208,152,280,22477,9455,ITG,ITG1,19,Sicilia,Sicilia,4999891,1003235,20.07,0.64
2050,2021-02-23,SIC,8952,4690,4262,1268,736,535,582,16,9,4077,2,1486,241,8462,490,ITG,ITG1,19,Sicilia,Sicilia,4999891,1012187,20.24,0.18
2051,2021-05-06,SIC,28982,13719,15263,629,271,342,138,2474,1921,3604,17763,935,905,18412,10570,ITG,ITG1,19,Sicilia,Sicilia,4999891,1041169,20.82,0.58
2052,2021-04-25,SIC,21382,10198,11184,253,145,165,51,3358,1751,3634,11825,54,146,16415,4967,ITG,ITG1,19,Sicilia,Sicilia,4999891,1062551,21.25,0.43
2053,2021-01-04,SIC,8375,4172,4203,7597,547,6,0,26,8,2,0,0,189,8375,0,ITG,ITG1,19,Sicilia,Sicilia,4999891,1070926,21.42,0.17
2054,2021-03-03,SIC,14722,6548,8174,2409,1522,527,3833,68,15,4374,44,1427,503,11622,3100,ITG,ITG1,19,Sicilia,Sicilia,4999891,1085648,21.71,0.29
2055,2021-04-23,SIC,28962,13863,15099,642,230,427,109,4086,2412,4349,16435,64,208,22994,5968,ITG,ITG1,19,Sicilia,Sicilia,4999891,1114610,22.29,0.58
2056,2021-04-05,SIC,8195,4035,4160,232,72,177,56,116,964,2926,3585,5,62,6754,1441,ITG,ITG1,19,Sicilia,Sicilia,4999891,1122805,22.46,0.16
2057,2021-02-25,SIC,10175,5279,4896,1772,927,527,672,30,7,4058,26,1743,413,8995,1180,ITG,ITG1,19,Sicilia,Sicilia,4999891,1132980,22.66,0.2
2058,2021-02-01,SIC,6080,2685,3395,4168,1239,318,0,47,13,44,0,0,251,304,5776,ITG,ITG1,19,Sicilia,Sicilia,4999891,1139060,22.78,0.12
2059,2021-04-14,SIC,20680,9946,10734,602,191,395,100,1634,1626,4180,11766,29,157,11842,8838,ITG,ITG1,19,Sicilia,Sicilia,4999891,1159740,23.2,0.41
2060,2021-01-26,SIC,9531,4686,4845,8394,768,254,0,21,7,2,0,0,85,265,9266,ITG,ITG1,19,Sicilia,Sicilia,4999891,1169271,23.39,0.19
2061,2021-04-09,SIC,20720,10104,10616,740,355,385,285,916,1937,4417,11355,89,241,11526,9194,ITG,ITG1,19,Sicilia,Sicilia,4999891,1189991,23.8,0.41
2062,2021-01-03,SIC,4698,2457,2241,4366,206,0,0,34,3,1,0,0,88,4698,0,ITG,ITG1,19,Sicilia,Sicilia,4999891,1194689,23.89,0.09
2063,2021-02-06,SIC,5071,2229,2842,2537,1496,592,0,36,12,5,0,0,393,1488,3583,ITG,ITG1,19,Sicilia,Sicilia,4999891,1199760,24.0,0.1
2064,2021-01-19,SIC,1277,524,753,526,125,238,0,20,13,18,0,0,337,1095,182,ITG,ITG1,19,Sicilia,Sicilia,4999891,1201037,24.02,0.03
2065,2021-02-03,SIC,6107,2860,3247,3360,1499,624,0,91,20,11,0,0,502,756,5351,ITG,ITG1,19,Sicilia,Sicilia,4999891,1207144,24.14,0.12
2066,2021-04-13,SIC,20167,9804,10363,674,217,330,127,1599,1867,3813,11362,41,137,11305,8862,ITG,ITG1,19,Sicilia,Sicilia,4999891,1227311,24.55,0.4
2067,2021-04-16,SIC,28854,14482,14372,746,332,661,107,8351,2388,4283,11774,33,179,20467,8387,ITG,ITG1,19,Sicilia,Sicilia,4999891,1256165,25.12,0.58
2068,2021-02-07,SIC,2349,997,1352,1611,435,157,0,16,9,1,0,0,120,675,1674,ITG,ITG1,19,Sicilia,Sicilia,4999891,1258514,25.17,0.05
2069,2021-04-08,SIC,17084,8417,8667,702,432,487,159,235,1588,3902,9167,132,280,8560,8524,ITG,ITG1,19,Sicilia,Sicilia,4999891,1275598,25.51,0.34
2070,2021-03-02,SIC,14961,6391,8570,2384,1212,525,4336,50,5,4535,57,1411,446,12135,2826,ITG,ITG1,19,Sicilia,Sicilia,4999891,1290559,25.81,0.3
2071,2021-05-02,SIC,24778,11491,13287,469,152,113,102,2785,1832,2255,16694,62,314,18136,6642,ITG,ITG1,19,Sicilia,Sicilia,4999891,1315337,26.31,0.5
2072,2021-03-25,SIC,20588,9562,11026,1336,546,646,1381,256,3206,5614,7180,195,228,15044,5544,ITG,ITG1,19,Sicilia,Sicilia,4999891,1335925,26.72,0.41
2073,2021-03-30,SIC,14651,6777,7874,717,411,402,255,149,2531,5128,4721,171,166,9823,4828,ITG,ITG1,19,Sicilia,Sicilia,4999891,1350576,27.01,0.29
2074,2021-01-20,SIC,810,412,398,424,59,192,0,20,2,0,0,0,113,573,237,ITG,ITG1,19,Sicilia,Sicilia,4999891,1351386,27.03,0.02
2075,2021-04-26,SIC,22036,10432,11604,490,236,491,73,1392,1356,3698,14091,51,158,13852,8184,ITG,ITG1,19,Sicilia,Sicilia,4999891,1373422,27.47,0.44
2076,2020-12-29,SIC,235,146,89,235,0,0,0,0,0,0,0,0,0,235,0,ITG,ITG1,19,Sicilia,Sicilia,4999891,1373657,27.47,0.0
2077,2021-04-30,SIC,35118,16424,18694,954,364,294,183,2964,2643,5080,22085,203,348,23894,11224,ITG,ITG1,19,Sicilia,Sicilia,4999891,1408775,28.18,0.7
2078,2021-02-26,SIC,12250,5978,6272,1837,1124,399,2455,47,18,3954,1,1854,561,10560,1690,ITG,ITG1,19,Sicilia,Sicilia,4999891,1421025,28.42,0.25
2079,2021-02-09,SIC,4434,1832,2602,2241,894,680,0,59,27,15,0,0,518,3366,1068,ITG,ITG1,19,Sicilia,Sicilia,4999891,1425459,28.51,0.09
2080,2021-01-17,SIC,1299,587,712,621,319,160,0,12,8,3,0,0,176,1245,54,ITG,ITG1,19,Sicilia,Sicilia,4999891,1426758,28.54,0.03
2081,2021-03-06,SIC,12957,5185,7772,2003,1212,878,3652,106,20,3963,66,704,353,10050,2907,ITG,ITG1,19,Sicilia,Sicilia,4999891,1439715,28.79,0.26
2082,2021-03-22,SIC,16893,7958,8935,916,365,385,1231,151,2166,5647,5683,121,228,11339,5554,ITG,ITG1,19,Sicilia,Sicilia,4999891,1456608,29.13,0.34
2083,2021-04-10,SIC,20693,10105,10588,487,196,367,240,1395,1768,4248,11741,44,207,11634,9059,ITG,ITG1,19,Sicilia,Sicilia,4999891,1477301,29.55,0.41
2084,2021-02-05,SIC,7217,3232,3985,3618,1903,856,0,74,32,109,0,0,625,2132,5085,ITG,ITG1,19,Sicilia,Sicilia,4999891,1484518,29.69,0.14
2085,2020-12-30,SIC,173,101,72,156,11,0,0,0,0,0,0,0,6,173,0,ITG,ITG1,19,Sicilia,Sicilia,4999891,1484691,29.69,0.0
2086,2021-03-17,SIC,15485,7586,7899,1406,557,703,306,158,206,5779,6051,73,246,9538,5947,ITG,ITG1,19,Sicilia,Sicilia,4999891,1500176,30.0,0.31
2087,2021-02-22,SIC,8044,4165,3879,1110,452,561,322,30,10,4149,0,1155,255,7550,494,ITG,ITG1,19,Sicilia,Sicilia,4999891,1508220,30.17,0.16
2088,2021-03-19,SIC,16558,8146,8412,1266,590,622,456,149,579,5436,7125,52,283,10813,5745,ITG,ITG1,19,Sicilia,Sicilia,4999891,1524778,30.5,0.33
2089,2021-01-06,SIC,6472,3403,3069,5718,434,2,0,51,31,15,0,0,221,6472,0,ITG,ITG1,19,Sicilia,Sicilia,4999891,1531250,30.63,0.13
2090,2021-04-15,SIC,21427,10415,11012,801,448,345,112,1746,1532,4209,12000,35,199,11837,9590,ITG,ITG1,19,Sicilia,Sicilia,4999891,1552677,31.05,0.43
2091,2021-01-08,SIC,8328,3864,4464,6591,942,213,0,78,33,23,0,0,448,8328,0,ITG,ITG1,19,Sicilia,Sicilia,4999891,1561005,31.22,0.17
2092,2021-03-01,SIC,12987,6132,6855,1559,1043,395,3154,58,18,4377,34,1859,490,11328,1659,ITG,ITG1,19,Sicilia,Sicilia,4999891,1573992,31.48,0.26
2093,2021-03-28,SIC,11043,5186,5857,536,303,171,187,90,948,4521,4117,28,142,7026,4017,ITG,ITG1,19,Sicilia,Sicilia,4999891,1585035,31.7,0.22
2094,2021-01-12,SIC,4544,2235,2309,2863,1178,195,0,61,14,29,0,0,204,4544,0,ITG,ITG1,19,Sicilia,Sicilia,4999891,1589579,31.79,0.09
2095,2020-12-31,SIC,878,470,408,828,6,0,0,4,0,0,0,0,40,878,0,ITG,ITG1,19,Sicilia,Sicilia,4999891,1590457,31.81,0.02
2096,2021-01-05,SIC,10528,5160,5368,9075,915,207,0,47,7,4,0,0,273,10528,0,ITG,ITG1,19,Sicilia,Sicilia,4999891,1600985,32.02,0.21
2097,2021-01-22,SIC,1243,629,614,1043,59,118,0,3,0,0,0,0,20,242,1001,ITG,ITG1,19,Sicilia,Sicilia,4999891,1602228,32.05,0.02
2098,2021-01-01,SIC,815,437,378,740,29,0,0,10,0,0,0,0,36,815,0,ITG,ITG1,19,Sicilia,Sicilia,4999891,1603043,32.06,0.02
2099,2021-01-29,SIC,9365,4323,5042,7155,1601,305,0,27,8,79,1,0,189,433,8932,ITG,ITG1,19,Sicilia,Sicilia,4999891,1612408,32.25,0.19
2100,2021-03-18,SIC,15647,7796,7851,1285,500,617,37,162,191,5468,7023,73,291,9920,5727,ITG,ITG1,19,Sicilia,Sicilia,4999891,1628055,32.56,0.31
2101,2021-03-12,SIC,13146,5622,7524,1391,873,751,2407,238,1989,3885,158,627,827,10922,2224,ITG,ITG1,19,Sicilia,Sicilia,4999891,1641201,32.82,0.26
2102,2021-02-27,SIC,12450,5570,6880,1515,777,280,3371,149,11,3976,2,1146,1223,11239,1211,ITG,ITG1,19,Sicilia,Sicilia,4999891,1653651,33.07,0.25
2103,2021-03-10,SIC,13991,5977,8014,1481,1362,983,3767,148,24,4189,154,1120,763,11600,2391,ITG,ITG1,19,Sicilia,Sicilia,4999891,1667642,33.35,0.28
2104,2021-01-21,SIC,1346,656,690,1016,126,138,0,11,4,0,0,0,51,501,845,ITG,ITG1,19,Sicilia,Sicilia,4999891,1668988,33.38,0.03
2105,2021-04-17,SIC,26224,13249,12975,324,118,249,89,7814,2371,3877,11192,32,158,19066,7158,ITG,ITG1,19,Sicilia,Sicilia,4999891,1695212,33.9,0.52
2106,2020-12-27,SIC,90,54,36,62,1,26,0,0,0,0,0,0,1,90,0,ITG,ITG1,19,Sicilia,Sicilia,4999891,1695302,33.91,0.0
2107,2021-02-20,SIC,7286,3738,3548,848,712,561,175,39,14,3987,9,731,210,7034,252,ITG,ITG1,19,Sicilia,Sicilia,4999891,1702588,34.05,0.15
2108,2021-01-26,BAS,793,350,443,622,70,35,0,18,0,0,0,0,48,101,692,ITF,ITF5,17,Basilicata,Basilicata,559084,793,0.14,0.14
2109,2021-05-08,BAS,4840,2401,2439,47,19,3,17,727,894,25,2888,18,202,3432,1408,ITF,ITF5,17,Basilicata,Basilicata,559084,5633,1.01,0.87
2110,2021-01-31,BAS,77,24,53,75,2,0,0,0,0,0,0,0,0,0,77,ITF,ITF5,17,Basilicata,Basilicata,559084,5710,1.02,0.01
2111,2021-02-10,BAS,547,237,310,176,153,127,1,0,0,90,0,0,0,495,52,ITF,ITF5,17,Basilicata,Basilicata,559084,6257,1.12,0.1
2112,2021-04-13,BAS,2149,1064,1085,149,15,1,73,425,443,824,181,7,31,1314,835,ITF,ITF5,17,Basilicata,Basilicata,559084,8406,1.5,0.38
2113,2021-03-27,BAS,2146,805,1341,21,41,0,383,14,25,1607,30,5,20,1829,317,ITF,ITF5,17,Basilicata,Basilicata,559084,10552,1.89,0.38
2114,2021-04-15,BAS,3461,1679,1782,115,37,1,35,244,207,739,2043,6,34,2650,811,ITF,ITF5,17,Basilicata,Basilicata,559084,14013,2.51,0.62
2115,2021-03-10,BAS,1650,814,836,101,57,33,273,1,4,877,2,300,2,811,839,ITF,ITF5,17,Basilicata,Basilicata,559084,15663,2.8,0.3
2116,2021-03-08,BAS,1451,708,743,222,158,38,273,7,12,410,2,299,30,840,611,ITF,ITF5,17,Basilicata,Basilicata,559084,17114,3.06,0.26
2117,2021-03-28,BAS,2149,746,1403,92,6,8,714,3,8,1279,7,2,30,2126,23,ITF,ITF5,17,Basilicata,Basilicata,559084,19263,3.45,0.38
2118,2021-03-20,BAS,1286,566,720,45,69,0,178,0,8,950,30,5,1,275,1011,ITF,ITF5,17,Basilicata,Basilicata,559084,20549,3.68,0.23
2119,2021-04-06,BAS,1321,478,843,278,74,7,436,26,8,348,61,27,56,1125,196,ITF,ITF5,17,Basilicata,Basilicata,559084,21870,3.91,0.24
2120,2021-04-26,BAS,4467,2163,2304,24,12,0,74,440,1008,180,2636,17,76,4245,222,ITF,ITF5,17,Basilicata,Basilicata,559084,26337,4.71,0.8
2121,2021-03-19,BAS,2285,989,1296,58,96,0,142,1,8,1950,3,22,5,261,2024,ITF,ITF5,17,Basilicata,Basilicata,559084,28622,5.12,0.41
2122,2021-01-29,BAS,613,229,384,398,38,70,0,41,2,16,0,0,48,63,550,ITF,ITF5,17,Basilicata,Basilicata,559084,29235,5.23,0.11
2123,2021-02-24,BAS,1803,743,1060,85,14,2,0,4,8,1686,0,1,3,1734,69,ITF,ITF5,17,Basilicata,Basilicata,559084,31038,5.55,0.32
2124,2021-02-07,BAS,373,159,214,259,74,40,0,0,0,0,0,0,0,49,324,ITF,ITF5,17,Basilicata,Basilicata,559084,31411,5.62,0.07
2125,2021-01-17,BAS,328,133,195,233,12,54,0,5,1,0,0,0,23,327,1,ITF,ITF5,17,Basilicata,Basilicata,559084,31739,5.68,0.06
2126,2021-04-11,BAS,849,330,519,74,3,9,225,3,5,47,475,3,5,788,61,ITF,ITF5,17,Basilicata,Basilicata,559084,32588,5.83,0.15
2127,2021-01-21,BAS,30,10,20,0,0,0,0,2,0,4,0,0,24,30,0,ITF,ITF5,17,Basilicata,Basilicata,559084,32618,5.83,0.01
2128,2021-04-12,BAS,2278,1100,1178,230,24,31,102,731,443,523,167,14,13,1702,576,ITF,ITF5,17,Basilicata,Basilicata,559084,34896,6.24,0.41
2129,2021-02-23,BAS,1901,771,1130,159,24,35,0,4,15,1658,0,0,6,1763,138,ITF,ITF5,17,Basilicata,Basilicata,559084,36797,6.58,0.34
2130,2021-02-26,BAS,2148,904,1244,88,94,1,0,2,6,1954,0,0,3,2069,79,ITF,ITF5,17,Basilicata,Basilicata,559084,38945,6.97,0.38
2131,2021-01-25,BAS,1022,429,593,830,80,1,0,33,2,0,0,0,76,74,948,ITF,ITF5,17,Basilicata,Basilicata,559084,39967,7.15,0.18
2132,2021-03-21,BAS,1047,482,565,32,1,0,159,2,9,805,0,0,39,352,695,ITF,ITF5,17,Basilicata,Basilicata,559084,41014,7.34,0.19
2133,2021-03-05,BAS,1851,855,996,298,158,72,309,6,12,690,2,296,8,1105,746,ITF,ITF5,17,Basilicata,Basilicata,559084,42865,7.67,0.33
2134,2021-01-07,BAS,640,319,321,556,8,29,0,16,0,0,0,0,31,640,0,ITF,ITF5,17,Basilicata,Basilicata,559084,43505,7.78,0.11
2135,2021-04-04,BAS,622,229,393,16,8,0,158,8,0,406,20,4,2,209,413,ITF,ITF5,17,Basilicata,Basilicata,559084,44127,7.89,0.11
2136,2021-05-07,BAS,4636,2277,2359,56,14,15,14,417,922,104,2902,30,162,3284,1352,ITF,ITF5,17,Basilicata,Basilicata,559084,48763,8.72,0.83
2137,2021-04-17,BAS,3460,1657,1803,53,7,0,10,13,18,1235,2107,12,5,2195,1265,ITF,ITF5,17,Basilicata,Basilicata,559084,52223,9.34,0.62
2138,2021-04-22,BAS,5037,2346,2691,61,17,23,85,273,903,1451,2080,61,83,3434,1603,ITF,ITF5,17,Basilicata,Basilicata,559084,57260,10.24,0.9
2139,2021-03-03,BAS,1741,813,928,192,298,99,244,3,3,590,58,253,1,1184,557,ITF,ITF5,17,Basilicata,Basilicata,559084,59001,10.55,0.31
2140,2021-03-06,BAS,1352,535,817,296,140,57,259,0,2,383,0,212,3,757,595,ITF,ITF5,17,Basilicata,Basilicata,559084,60353,10.79,0.24
2141,2021-01-22,BAS,67,24,43,6,0,0,0,13,10,19,0,0,19,67,0,ITF,ITF5,17,Basilicata,Basilicata,559084,60420,10.81,0.01
2142,2021-03-25,BAS,1780,585,1195,38,53,11,688,4,12,918,29,24,3,1465,315,ITF,ITF5,17,Basilicata,Basilicata,559084,62200,11.13,0.32
2143,2021-03-16,BAS,1900,799,1101,103,30,0,62,4,13,1672,2,6,8,228,1672,ITF,ITF5,17,Basilicata,Basilicata,559084,64100,11.47,0.34
2144,2021-01-09,BAS,557,160,397,386,55,67,1,7,0,0,0,0,41,557,0,ITF,ITF5,17,Basilicata,Basilicata,559084,64657,11.56,0.1
2145,2021-02-15,BAS,621,232,389,191,134,46,0,0,3,246,0,1,0,580,41,ITF,ITF5,17,Basilicata,Basilicata,559084,65278,11.68,0.11
2146,2021-03-13,BAS,1794,888,906,82,325,46,213,2,6,864,1,245,10,749,1045,ITF,ITF5,17,Basilicata,Basilicata,559084,67072,12.0,0.32
2147,2021-02-09,BAS,491,213,278,200,237,54,0,0,0,0,0,0,0,316,175,ITF,ITF5,17,Basilicata,Basilicata,559084,67563,12.08,0.09
2148,2020-12-27,BAS,106,41,65,104,0,0,0,0,0,0,0,0,2,106,0,ITF,ITF5,17,Basilicata,Basilicata,559084,67669,12.1,0.02
2149,2021-05-01,BAS,4706,2135,2571,78,23,9,339,432,704,95,2709,33,284,3955,751,ITF,ITF5,17,Basilicata,Basilicata,559084,72375,12.95,0.84
2150,2021-05-10,BAS,1621,811,810,17,1,0,4,105,214,27,1207,3,43,799,822,ITF,ITF5,17,Basilicata,Basilicata,559084,73996,13.24,0.29
2151,2021-01-27,BAS,411,175,236,299,17,26,0,12,9,25,0,0,23,113,298,ITF,ITF5,17,Basilicata,Basilicata,559084,74407,13.31,0.07
2152,2021-01-02,BAS,949,380,569,855,43,0,3,9,0,0,0,0,39,949,0,ITF,ITF5,17,Basilicata,Basilicata,559084,75356,13.48,0.17
2153,2021-01-05,BAS,945,409,536,861,44,0,0,12,0,0,0,0,28,945,0,ITF,ITF5,17,Basilicata,Basilicata,559084,76301,13.65,0.17
2154,2021-01-20,BAS,84,22,62,0,0,0,0,10,8,43,0,0,23,84,0,ITF,ITF5,17,Basilicata,Basilicata,559084,76385,13.66,0.02
2155,2021-03-09,BAS,1391,706,685,222,51,33,238,2,2,545,0,292,6,787,604,ITF,ITF5,17,Basilicata,Basilicata,559084,77776,13.91,0.25
2156,2021-03-23,BAS,1616,624,992,55,7,2,600,7,2,913,5,21,4,1429,187,ITF,ITF5,17,Basilicata,Basilicata,559084,79392,14.2,0.29
2157,2021-04-20,BAS,4034,1917,2117,32,13,10,60,57,213,1699,1924,10,16,2197,1837,ITF,ITF5,17,Basilicata,Basilicata,559084,83426,14.92,0.72
2158,2021-01-15,BAS,813,350,463,578,21,174,0,5,1,1,0,0,33,813,0,ITF,ITF5,17,Basilicata,Basilicata,559084,84239,15.07,0.15
2159,2021-05-02,BAS,4188,2004,2184,54,8,0,175,296,766,24,2730,10,125,3559,629,ITF,ITF5,17,Basilicata,Basilicata,559084,88427,15.82,0.75
2160,2021-04-19,BAS,4217,1926,2291,79,21,58,125,30,103,1590,2161,11,39,2555,1662,ITF,ITF5,17,Basilicata,Basilicata,559084,92644,16.57,0.75
2161,2021-05-09,BAS,4675,2335,2340,19,21,1,4,604,710,15,3051,24,226,2985,1690,ITF,ITF5,17,Basilicata,Basilicata,559084,97319,17.41,0.84
2162,2021-04-08,BAS,777,356,421,186,53,0,187,14,9,83,183,35,27,768,9,ITF,ITF5,17,Basilicata,Basilicata,559084,98096,17.55,0.14
2163,2021-01-11,BAS,183,66,117,107,21,41,0,4,0,0,0,0,10,183,0,ITF,ITF5,17,Basilicata,Basilicata,559084,98279,17.58,0.03
2164,2021-01-28,BAS,903,401,502,717,24,81,0,30,0,1,0,0,50,119,784,ITF,ITF5,17,Basilicata,Basilicata,559084,99182,17.74,0.16
2165,2021-03-11,BAS,1783,919,864,163,83,77,223,5,5,905,3,289,30,824,959,ITF,ITF5,17,Basilicata,Basilicata,559084,100965,18.06,0.32
2166,2021-03-02,BAS,791,381,410,110,33,5,213,5,4,184,0,237,0,656,135,ITF,ITF5,17,Basilicata,Basilicata,559084,101756,18.2,0.14
2167,2021-02-11,BAS,951,401,550,200,158,107,0,0,6,472,0,4,4,868,83,ITF,ITF5,17,Basilicata,Basilicata,559084,102707,18.37,0.17
2168,2021-04-14,BAS,2084,1012,1072,34,4,2,92,297,603,676,337,14,25,1393,691,ITF,ITF5,17,Basilicata,Basilicata,559084,104791,18.74,0.37
2169,2021-01-12,BAS,217,88,129,87,22,99,0,1,0,0,0,0,8,217,0,ITF,ITF5,17,Basilicata,Basilicata,559084,105008,18.78,0.04
2170,2021-01-23,BAS,712,301,411,597,38,1,0,18,2,8,0,0,48,33,679,ITF,ITF5,17,Basilicata,Basilicata,559084,105720,18.91,0.13
2171,2021-04-09,BAS,1158,354,804,142,16,1,625,13,13,138,128,50,32,1090,68,ITF,ITF5,17,Basilicata,Basilicata,559084,106878,19.12,0.21
2172,2021-01-14,BAS,969,413,556,504,112,323,0,6,0,0,0,0,24,969,0,ITF,ITF5,17,Basilicata,Basilicata,559084,107847,19.29,0.17
2173,2021-03-07,BAS,882,308,574,39,12,4,471,2,0,328,0,22,4,844,38,ITF,ITF5,17,Basilicata,Basilicata,559084,108729,19.45,0.16
2174,2021-01-18,BAS,463,157,306,364,52,45,0,0,0,0,0,0,2,364,99,ITF,ITF5,17,Basilicata,Basilicata,559084,109192,19.53,0.08
2175,2021-04-07,BAS,1251,555,696,279,23,18,402,8,10,111,356,25,19,1214,37,ITF,ITF5,17,Basilicata,Basilicata,559084,110443,19.75,0.22
2176,2021-05-03,BAS,4522,2048,2474,233,21,27,286,278,714,187,2637,16,123,3695,827,ITF,ITF5,17,Basilicata,Basilicata,559084,114965,20.56,0.81
2177,2021-03-04,BAS,1873,889,984,217,151,66,242,1,5,843,41,302,5,1080,793,ITF,ITF5,17,Basilicata,Basilicata,559084,116838,20.9,0.34
2178,2021-04-28,BAS,4714,2162,2552,117,51,11,41,335,1156,135,2736,11,121,4272,442,ITF,ITF5,17,Basilicata,Basilicata,559084,121552,21.74,0.84
2179,2021-02-20,BAS,1161,531,630,77,171,80,0,0,9,810,11,0,3,1043,118,ITF,ITF5,17,Basilicata,Basilicata,559084,122713,21.95,0.21
2180,2021-04-05,BAS,721,233,488,3,3,2,339,5,1,338,18,4,8,419,302,ITF,ITF5,17,Basilicata,Basilicata,559084,123434,22.08,0.13
2181,2021-02-19,BAS,1622,737,885,219,360,66,0,1,13,962,0,0,1,1560,62,ITF,ITF5,17,Basilicata,Basilicata,559084,125056,22.37,0.29
2182,2021-02-14,BAS,151,48,103,55,12,65,0,0,1,18,0,0,0,151,0,ITF,ITF5,17,Basilicata,Basilicata,559084,125207,22.4,0.03
2183,2021-03-26,BAS,1971,709,1262,196,8,3,475,13,9,1221,22,8,16,1709,262,ITF,ITF5,17,Basilicata,Basilicata,559084,127178,22.75,0.35
2184,2021-01-08,BAS,554,219,335,383,33,59,0,36,0,0,0,0,43,554,0,ITF,ITF5,17,Basilicata,Basilicata,559084,127732,22.85,0.1
2185,2021-02-01,BAS,242,91,151,156,24,48,0,4,1,0,0,0,9,46,196,ITF,ITF5,17,Basilicata,Basilicata,559084,127974,22.89,0.04
2186,2021-01-16,BAS,721,304,417,466,17,161,2,17,0,1,0,0,57,721,0,ITF,ITF5,17,Basilicata,Basilicata,559084,128695,23.02,0.13
2187,2021-03-12,BAS,1896,975,921,266,64,37,258,1,8,985,0,274,3,798,1098,ITF,ITF5,17,Basilicata,Basilicata,559084,130591,23.36,0.34
2188,2021-01-19,BAS,199,84,115,78,48,44,0,3,6,8,0,0,12,199,0,ITF,ITF5,17,Basilicata,Basilicata,559084,130790,23.39,0.04
2189,2021-04-25,BAS,2988,1460,1528,18,10,12,85,184,649,33,1947,10,40,2932,56,ITF,ITF5,17,Basilicata,Basilicata,559084,133778,23.93,0.53
2190,2021-01-04,BAS,607,271,336,550,49,0,2,1,0,0,0,0,5,607,0,ITF,ITF5,17,Basilicata,Basilicata,559084,134385,24.04,0.11
2191,2021-04-01,BAS,2847,1153,1694,79,33,24,289,15,23,2193,104,18,69,2132,715,ITF,ITF5,17,Basilicata,Basilicata,559084,137232,24.55,0.51
2192,2021-03-14,BAS,1008,477,531,41,110,8,249,0,3,516,0,79,2,539,469,ITF,ITF5,17,Basilicata,Basilicata,559084,138240,24.73,0.18
2193,2021-04-24,BAS,4587,2218,2369,56,18,2,103,371,879,788,2262,15,93,3560,1027,ITF,ITF5,17,Basilicata,Basilicata,559084,142827,25.55,0.82
2194,2021-03-17,BAS,1449,606,843,22,12,0,2,6,9,1391,0,5,2,27,1422,ITF,ITF5,17,Basilicata,Basilicata,559084,144276,25.81,0.26
2195,2021-04-21,BAS,3946,1851,2095,20,6,0,66,116,232,1500,1963,21,22,2270,1676,ITF,ITF5,17,Basilicata,Basilicata,559084,148222,26.51,0.71
2196,2021-04-30,BAS,5296,2378,2918,133,58,2,382,350,895,479,2809,58,130,4128,1168,ITF,ITF5,17,Basilicata,Basilicata,559084,153518,27.46,0.95
2197,2021-05-04,BAS,4134,1990,2144,60,12,0,89,370,765,190,2438,10,200,3610,524,ITF,ITF5,17,Basilicata,Basilicata,559084,157652,28.2,0.74
2198,2021-02-12,BAS,775,332,443,288,192,90,0,3,4,192,0,6,0,744,31,ITF,ITF5,17,Basilicata,Basilicata,559084,158427,28.34,0.14
2199,2021-02-16,BAS,905,377,528,250,93,67,0,1,1,492,0,1,0,807,98,ITF,ITF5,17,Basilicata,Basilicata,559084,159332,28.5,0.16
2200,2021-02-27,BAS,1986,856,1130,103,123,21,0,16,6,1678,4,0,35,1822,164,ITF,ITF5,17,Basilicata,Basilicata,559084,161318,28.85,0.36
2201,2021-02-17,BAS,1135,493,642,123,53,57,1,0,12,885,0,1,3,1059,76,ITF,ITF5,17,Basilicata,Basilicata,559084,162453,29.06,0.2
2202,2021-02-04,BAS,1096,443,653,639,106,281,0,26,1,3,0,0,40,63,1033,ITF,ITF5,17,Basilicata,Basilicata,559084,163549,29.25,0.2
2203,2021-03-31,BAS,3121,1271,1850,69,46,0,129,20,13,2646,131,21,46,2337,784,ITF,ITF5,17,Basilicata,Basilicata,559084,166670,29.81,0.56
2204,2021-04-27,BAS,4727,2243,2484,81,21,5,23,340,1159,215,2794,18,71,4399,328,ITF,ITF5,17,Basilicata,Basilicata,559084,171397,30.66,0.85
2205,2021-01-06,BAS,294,129,165,229,9,36,0,6,0,0,0,0,14,294,0,ITF,ITF5,17,Basilicata,Basilicata,559084,171691,30.71,0.05
2206,2021-03-01,BAS,542,279,263,122,107,4,50,1,1,169,0,86,2,376,166,ITF,ITF5,17,Basilicata,Basilicata,559084,172233,30.81,0.1
2207,2021-02-18,BAS,1070,401,669,270,59,150,0,0,0,588,0,0,3,855,215,ITF,ITF5,17,Basilicata,Basilicata,559084,173303,31.0,0.19
2208,2021-05-06,BAS,5048,2433,2615,68,23,2,64,418,935,85,3191,11,251,3478,1570,ITF,ITF5,17,Basilicata,Basilicata,559084,178351,31.9,0.9
2209,2021-02-21,BAS,284,113,171,16,1,11,1,0,1,254,0,0,0,284,0,ITF,ITF5,17,Basilicata,Basilicata,559084,178635,31.95,0.05
2210,2021-02-25,BAS,1787,736,1051,67,3,0,0,1,6,1705,0,1,4,1741,46,ITF,ITF5,17,Basilicata,Basilicata,559084,180422,32.27,0.32
2211,2021-02-22,BAS,1790,773,1017,125,23,2,0,2,7,1627,0,0,4,1737,53,ITF,ITF5,17,Basilicata,Basilicata,559084,182212,32.59,0.32
2212,2021-03-18,BAS,1348,562,786,32,0,0,0,1,7,1306,0,0,2,24,1324,ITF,ITF5,17,Basilicata,Basilicata,559084,183560,32.83,0.24
2213,2021-02-28,BAS,803,342,461,33,29,0,0,0,0,740,0,0,1,775,28,ITF,ITF5,17,Basilicata,Basilicata,559084,184363,32.98,0.14
2214,2021-04-29,BAS,4853,2394,2459,191,62,1,13,550,836,76,2966,33,125,4430,423,ITF,ITF5,17,Basilicata,Basilicata,559084,189216,33.84,0.87
2215,2021-02-08,BAS,557,193,364,436,72,49,0,0,0,0,0,0,0,151,406,ITF,ITF5,17,Basilicata,Basilicata,559084,189773,33.94,0.1
2216,2021-04-18,BAS,3725,1847,1878,30,6,0,17,44,214,1343,2053,15,3,2355,1370,ITF,ITF5,17,Basilicata,Basilicata,559084,193498,34.61,0.67
2217,2021-04-03,BAS,1836,764,1072,45,3,0,314,12,8,1114,304,14,22,1492,344,ITF,ITF5,17,Basilicata,Basilicata,559084,195334,34.94,0.33
2218,2021-03-29,BAS,2437,884,1553,66,16,1,537,15,10,1679,63,8,42,2178,259,ITF,ITF5,17,Basilicata,Basilicata,559084,197771,35.37,0.44
2219,2021-03-15,BAS,2348,982,1366,78,30,0,266,3,6,1935,1,23,6,520,1828,ITF,ITF5,17,Basilicata,Basilicata,559084,200119,35.79,0.42
2220,2021-02-02,BAS,367,143,224,212,15,102,0,9,1,0,0,2,26,175,192,ITF,ITF5,17,Basilicata,Basilicata,559084,200486,35.86,0.07
2221,2021-01-30,BAS,704,227,477,424,82,126,0,20,0,0,0,0,52,128,576,ITF,ITF5,17,Basilicata,Basilicata,559084,201190,35.99,0.13
2222,2021-02-03,BAS,666,300,366,425,15,172,0,40,1,0,0,0,13,32,634,ITF,ITF5,17,Basilicata,Basilicata,559084,201856,36.1,0.12
2223,2021-05-05,BAS,4334,2048,2286,73,43,21,119,554,688,177,2429,20,210,3444,890,ITF,ITF5,17,Basilicata,Basilicata,559084,206190,36.88,0.78
2224,2021-04-23,BAS,4548,2186,2362,76,29,6,46,233,997,768,2250,22,121,3538,1010,ITF,ITF5,17,Basilicata,Basilicata,559084,210738,37.69,0.81
2225,2021-01-03,BAS,900,344,556,790,53,0,2,7,0,0,0,0,48,900,0,ITF,ITF5,17,Basilicata,Basilicata,559084,211638,37.85,0.16
2226,2021-01-10,BAS,77,24,53,9,2,0,0,7,4,0,0,0,55,77,0,ITF,ITF5,17,Basilicata,Basilicata,559084,211715,37.87,0.01
2227,2021-03-30,BAS,2769,1168,1601,36,13,0,359,8,15,2200,100,13,25,2424,345,ITF,ITF5,17,Basilicata,Basilicata,559084,214484,38.36,0.5
2228,2021-02-05,BAS,984,443,541,611,38,191,0,23,8,5,0,0,108,64,920,ITF,ITF5,17,Basilicata,Basilicata,559084,215468,38.54,0.18
2229,2021-01-13,BAS,916,387,529,699,11,148,1,37,1,1,0,0,18,916,0,ITF,ITF5,17,Basilicata,Basilicata,559084,216384,38.7,0.16
2230,2021-03-24,BAS,1709,673,1036,70,24,0,527,7,8,984,6,52,31,1353,356,ITF,ITF5,17,Basilicata,Basilicata,559084,218093,39.01,0.31
2231,2021-04-02,BAS,2332,1052,1280,99,35,2,25,19,33,1747,271,42,59,1724,608,ITF,ITF5,17,Basilicata,Basilicata,559084,220425,39.43,0.42
2232,2021-01-24,BAS,836,300,536,708,46,1,0,13,0,0,0,0,68,58,778,ITF,ITF5,17,Basilicata,Basilicata,559084,221261,39.58,0.15
2233,2021-02-06,BAS,902,367,535,546,186,168,1,1,0,0,0,0,0,146,756,ITF,ITF5,17,Basilicata,Basilicata,559084,222163,39.74,0.16
2234,2021-04-16,BAS,3361,1650,1711,32,21,1,71,19,35,889,2272,6,15,2443,918,ITF,ITF5,17,Basilicata,Basilicata,559084,225524,40.34,0.6
2235,2021-03-22,BAS,1175,531,644,47,68,0,385,2,5,642,8,16,2,628,547,ITF,ITF5,17,Basilicata,Basilicata,559084,226699,40.55,0.21
2236,2021-04-10,BAS,1045,387,658,65,12,8,491,5,4,148,284,21,7,963,82,ITF,ITF5,17,Basilicata,Basilicata,559084,227744,40.74,0.19
2237,2021-02-13,BAS,799,313,486,279,155,115,0,5,14,201,0,2,28,738,61,ITF,ITF5,17,Basilicata,Basilicata,559084,228543,40.88,0.14
2238,2021-04-27,MAR,9416,4316,5100,146,58,37,290,1368,3923,1045,2468,37,44,5415,4001,ITI,ITI3,11,Marche,Marche,1525271,9416,0.62,0.62
2239,2021-02-16,MAR,1306,482,824,750,435,92,0,3,2,0,0,0,24,1276,30,ITI,ITI3,11,Marche,Marche,1525271,10722,0.7,0.09
2240,2021-02-28,MAR,2841,1251,1590,19,6,0,2,2,3,2800,0,2,7,2835,6,ITI,ITI3,11,Marche,Marche,1525271,13563,0.89,0.19
2241,2021-03-25,MAR,6657,2774,3883,464,148,373,519,95,27,4383,258,122,268,3247,3410,ITI,ITI3,11,Marche,Marche,1525271,20220,1.33,0.44
2242,2021-01-23,MAR,560,190,370,441,55,63,0,0,0,0,0,0,1,123,437,ITI,ITI3,11,Marche,Marche,1525271,20780,1.36,0.04
2243,2021-03-22,MAR,5661,2378,3283,408,232,70,433,14,14,4183,19,238,50,2532,3129,ITI,ITI3,11,Marche,Marche,1525271,26441,1.73,0.37
2244,2021-04-29,MAR,13252,6067,7185,264,136,92,636,1909,3647,1415,4965,90,98,7159,6093,ITI,ITI3,11,Marche,Marche,1525271,39693,2.6,0.87
2245,2021-02-21,MAR,377,142,235,204,62,57,1,11,1,0,0,0,41,376,1,ITI,ITI3,11,Marche,Marche,1525271,40070,2.63,0.02
2246,2021-03-29,MAR,5898,2587,3311,228,147,39,215,34,67,4280,732,75,81,3446,2452,ITI,ITI3,11,Marche,Marche,1525271,45968,3.01,0.39
2247,2021-05-06,MAR,12678,5831,6847,310,202,135,428,1450,3169,1045,5436,169,334,5605,7073,ITI,ITI3,11,Marche,Marche,1525271,58646,3.84,0.83
2248,2021-03-09,MAR,5534,2377,3157,755,226,41,1070,20,4,2588,124,652,54,4645,889,ITI,ITI3,11,Marche,Marche,1525271,64180,4.21,0.36
2249,2021-01-02,MAR,453,139,314,444,9,0,0,0,0,0,0,0,0,453,0,ITI,ITI3,11,Marche,Marche,1525271,64633,4.24,0.03
2250,2021-02-15,MAR,973,413,560,544,390,1,0,4,1,1,12,0,20,960,13,ITI,ITI3,11,Marche,Marche,1525271,65606,4.3,0.06
2251,2021-02-03,MAR,2125,742,1383,1344,569,166,0,4,5,2,0,0,35,119,2006,ITI,ITI3,11,Marche,Marche,1525271,67731,4.44,0.14
2252,2021-01-15,MAR,1772,500,1272,985,358,366,0,9,3,0,0,0,51,1772,0,ITI,ITI3,11,Marche,Marche,1525271,69503,4.56,0.12
2253,2021-04-23,MAR,11164,5141,6023,182,84,73,53,2841,3419,1686,2723,45,58,8108,3056,ITI,ITI3,11,Marche,Marche,1525271,80667,5.29,0.73
2254,2021-01-24,MAR,894,344,550,775,118,0,0,0,0,0,0,0,1,17,877,ITI,ITI3,11,Marche,Marche,1525271,81561,5.35,0.06
2255,2021-04-20,MAR,10726,5007,5719,181,74,101,87,1953,4637,594,3053,21,25,9301,1425,ITI,ITI3,11,Marche,Marche,1525271,92287,6.05,0.7
2256,2021-03-15,MAR,4513,2120,2393,300,81,11,242,38,8,3478,27,217,111,1423,3090,ITI,ITI3,11,Marche,Marche,1525271,96800,6.35,0.3
2257,2021-04-01,MAR,7606,3195,4411,391,239,46,284,37,159,4615,1692,70,73,4180,3426,ITI,ITI3,11,Marche,Marche,1525271,104406,6.85,0.5
2258,2021-01-03,MAR,896,348,548,759,130,0,0,1,0,0,0,0,6,896,0,ITI,ITI3,11,Marche,Marche,1525271,105302,6.9,0.06
2259,2021-01-04,MAR,1502,564,938,1291,195,11,0,1,0,0,0,0,4,1502,0,ITI,ITI3,11,Marche,Marche,1525271,106804,7.0,0.1
2260,2021-01-19,MAR,226,82,144,121,20,85,0,0,0,0,0,0,0,141,85,ITI,ITI3,11,Marche,Marche,1525271,107030,7.02,0.01
2261,2021-03-11,MAR,6833,2930,3903,1095,386,52,1148,25,9,3227,86,700,105,5462,1371,ITI,ITI3,11,Marche,Marche,1525271,113863,7.47,0.45
2262,2021-03-13,MAR,5877,2708,3169,664,168,58,237,26,10,4248,13,353,100,1916,3961,ITI,ITI3,11,Marche,Marche,1525271,119740,7.85,0.39
2263,2021-05-02,MAR,8905,3939,4966,275,116,4,936,1937,2169,745,2641,39,43,3163,5742,ITI,ITI3,11,Marche,Marche,1525271,128645,8.43,0.58
2264,2021-04-16,MAR,10173,4748,5425,325,155,76,513,228,3854,697,4095,21,209,9636,537,ITI,ITI3,11,Marche,Marche,1525271,138818,9.1,0.67
2265,2021-03-30,MAR,7449,3057,4392,524,321,277,367,44,113,4273,1385,80,65,4610,2839,ITI,ITI3,11,Marche,Marche,1525271,146267,9.59,0.49
2266,2021-01-13,MAR,2105,746,1359,1408,578,76,0,6,5,15,0,0,17,2105,0,ITI,ITI3,11,Marche,Marche,1525271,148372,9.73,0.14
2267,2021-02-06,MAR,2460,900,1560,1402,536,415,0,21,8,4,0,0,74,523,1937,ITI,ITI3,11,Marche,Marche,1525271,150832,9.89,0.16
2268,2021-02-05,MAR,2158,653,1505,1318,348,419,0,6,8,2,0,0,57,440,1718,ITI,ITI3,11,Marche,Marche,1525271,152990,10.03,0.14
2269,2021-04-19,MAR,9615,4501,5114,245,124,13,64,1479,4118,975,2418,36,143,8031,1584,ITI,ITI3,11,Marche,Marche,1525271,162605,10.66,0.63
2270,2021-02-19,MAR,1971,716,1255,1273,405,203,2,7,4,2,13,0,62,1836,135,ITI,ITI3,11,Marche,Marche,1525271,164576,10.79,0.13
2271,2021-02-18,MAR,2105,746,1359,1150,502,402,1,14,4,1,0,0,31,1817,288,ITI,ITI3,11,Marche,Marche,1525271,166681,10.93,0.14
2272,2021-03-27,MAR,7421,3084,4337,278,170,144,711,77,107,4087,1536,133,178,5052,2369,ITI,ITI3,11,Marche,Marche,1525271,174102,11.41,0.49
2273,2021-01-31,MAR,1929,773,1156,1533,392,0,0,1,0,0,0,0,3,105,1824,ITI,ITI3,11,Marche,Marche,1525271,176031,11.54,0.13
2274,2021-01-14,MAR,2010,692,1318,1112,558,298,0,4,1,0,0,0,37,2010,0,ITI,ITI3,11,Marche,Marche,1525271,178041,11.67,0.13
2275,2021-02-10,MAR,1439,452,987,881,292,215,0,6,1,0,0,0,44,1080,359,ITI,ITI3,11,Marche,Marche,1525271,179480,11.77,0.09
2276,2021-04-17,MAR,11758,5334,6424,204,152,130,614,326,4109,925,5168,14,116,10683,1075,ITI,ITI3,11,Marche,Marche,1525271,191238,12.54,0.77
2277,2021-03-10,MAR,5784,2490,3294,721,411,114,1042,12,11,2675,100,652,46,4647,1137,ITI,ITI3,11,Marche,Marche,1525271,197022,12.92,0.38
2278,2021-01-18,MAR,673,230,443,370,116,132,0,5,8,30,0,0,12,547,126,ITI,ITI3,11,Marche,Marche,1525271,197695,12.96,0.04
2279,2020-12-30,MAR,17,5,12,14,3,0,0,0,0,0,0,0,0,17,0,ITI,ITI3,11,Marche,Marche,1525271,197712,12.96,0.0
2280,2021-02-24,MAR,3497,1518,1979,229,192,214,1,5,4,2823,22,3,4,3417,80,ITI,ITI3,11,Marche,Marche,1525271,201209,13.19,0.23
2281,2021-01-17,MAR,1604,685,919,969,367,46,0,50,30,4,0,0,138,1550,54,ITI,ITI3,11,Marche,Marche,1525271,202813,13.3,0.11
2282,2021-03-02,MAR,4968,1944,3024,590,184,260,538,12,3,3320,4,3,54,4402,566,ITI,ITI3,11,Marche,Marche,1525271,207781,13.62,0.33
2283,2021-02-20,MAR,4127,1708,2419,118,118,261,0,17,13,3581,0,3,16,4016,111,ITI,ITI3,11,Marche,Marche,1525271,211908,13.89,0.27
2284,2021-04-28,MAR,10736,4891,5845,217,60,85,322,1631,3739,991,3401,42,248,6003,4733,ITI,ITI3,11,Marche,Marche,1525271,222644,14.6,0.7
2285,2021-04-09,MAR,9690,4264,5426,274,74,104,1321,108,2334,1619,3693,70,93,9488,202,ITI,ITI3,11,Marche,Marche,1525271,232334,15.23,0.64
2286,2021-04-26,MAR,8995,3988,5007,158,70,30,179,1740,4042,899,1776,42,59,5969,3026,ITI,ITI3,11,Marche,Marche,1525271,241329,15.82,0.59
2287,2021-03-20,MAR,4146,1745,2401,181,63,114,89,10,4,3641,14,12,18,1054,3092,ITI,ITI3,11,Marche,Marche,1525271,245475,16.09,0.27
2288,2021-04-05,MAR,5696,2359,3337,253,84,103,758,54,1005,2268,1112,28,31,4427,1269,ITI,ITI3,11,Marche,Marche,1525271,251171,16.47,0.37
2289,2021-04-11,MAR,7137,3126,4011,282,97,10,783,47,2168,1233,2453,44,20,6851,286,ITI,ITI3,11,Marche,Marche,1525271,258308,16.94,0.47
2290,2021-03-28,MAR,4134,1744,2390,45,45,6,396,17,32,2667,873,11,42,2439,1695,ITI,ITI3,11,Marche,Marche,1525271,262442,17.21,0.27
2291,2021-01-09,MAR,1709,605,1104,1406,238,0,0,17,2,0,0,0,46,1709,0,ITI,ITI3,11,Marche,Marche,1525271,264151,17.32,0.11
2292,2021-04-12,MAR,8599,3788,4811,179,83,88,1157,107,2848,1324,2616,79,118,8112,487,ITI,ITI3,11,Marche,Marche,1525271,272750,17.88,0.56
2293,2021-05-07,MAR,12836,5803,7033,308,158,96,951,1423,3770,869,4796,18,447,3660,9176,ITI,ITI3,11,Marche,Marche,1525271,285586,18.72,0.84
2294,2021-01-25,MAR,1597,560,1037,1426,111,56,0,0,0,2,0,0,2,97,1500,ITI,ITI3,11,Marche,Marche,1525271,287183,18.83,0.1
2295,2021-01-07,MAR,1802,633,1169,1480,279,0,0,8,0,0,0,0,35,1802,0,ITI,ITI3,11,Marche,Marche,1525271,288985,18.95,0.12
2296,2021-03-19,MAR,3872,1605,2267,495,135,295,6,5,7,2838,63,13,15,345,3527,ITI,ITI3,11,Marche,Marche,1525271,292857,19.2,0.25
2297,2021-02-12,MAR,1583,618,965,815,423,88,0,32,14,3,0,0,208,1431,152,ITI,ITI3,11,Marche,Marche,1525271,294440,19.3,0.1
2298,2021-04-21,MAR,10811,4978,5833,273,111,46,81,2394,4300,557,2874,43,132,9612,1199,ITI,ITI3,11,Marche,Marche,1525271,305251,20.01,0.71
2299,2021-05-10,MAR,3582,1655,1927,109,47,20,95,574,1489,216,893,24,115,1756,1826,ITI,ITI3,11,Marche,Marche,1525271,308833,20.25,0.23
2300,2021-02-04,MAR,2342,810,1532,1406,602,275,0,11,3,1,0,0,44,112,2230,ITI,ITI3,11,Marche,Marche,1525271,311175,20.4,0.15
2301,2021-04-06,MAR,8891,3699,5192,310,185,161,1729,97,1740,1891,2584,98,96,8076,815,ITI,ITI3,11,Marche,Marche,1525271,320066,20.98,0.58
2302,2021-04-25,MAR,8856,4120,4736,207,37,1,20,4116,2158,677,1603,22,15,7214,1642,ITI,ITI3,11,Marche,Marche,1525271,328922,21.56,0.58
2303,2021-01-22,MAR,487,167,320,315,74,87,0,1,0,0,0,0,10,194,293,ITI,ITI3,11,Marche,Marche,1525271,329409,21.6,0.03
2304,2021-03-14,MAR,2517,1036,1481,442,58,1,456,4,3,1537,5,2,9,1919,598,ITI,ITI3,11,Marche,Marche,1525271,331926,21.76,0.17
2305,2021-03-05,MAR,6297,2960,3337,1131,324,144,803,52,27,2389,185,1116,126,4830,1467,ITI,ITI3,11,Marche,Marche,1525271,338223,22.17,0.41
2306,2021-02-09,MAR,125,42,83,78,21,26,0,0,0,0,0,0,0,47,78,ITI,ITI3,11,Marche,Marche,1525271,338348,22.18,0.01
2307,2021-03-01,MAR,3728,1489,2239,388,138,87,286,4,1,2793,4,5,22,3480,248,ITI,ITI3,11,Marche,Marche,1525271,342076,22.43,0.24
2308,2021-04-30,MAR,13945,6103,7842,343,78,92,1476,1652,3683,1646,4815,55,105,5404,8541,ITI,ITI3,11,Marche,Marche,1525271,356021,23.34,0.91
2309,2021-03-03,MAR,6767,3097,3670,820,375,257,783,36,12,3134,195,1057,98,5886,881,ITI,ITI3,11,Marche,Marche,1525271,362788,23.79,0.44
2310,2021-02-27,MAR,3374,1440,1934,186,142,161,1,6,1,2848,17,6,6,3165,209,ITI,ITI3,11,Marche,Marche,1525271,366162,24.01,0.22
2311,2021-01-06,MAR,2181,792,1389,1738,261,147,0,5,1,0,0,0,29,2181,0,ITI,ITI3,11,Marche,Marche,1525271,368343,24.15,0.14
2312,2021-02-23,MAR,3274,1400,1874,219,57,118,0,7,4,2826,0,8,35,3218,56,ITI,ITI3,11,Marche,Marche,1525271,371617,24.36,0.21
2313,2021-03-31,MAR,7387,3088,4299,478,327,163,257,31,103,4560,1303,87,78,4359,3028,ITI,ITI3,11,Marche,Marche,1525271,379004,24.85,0.48
2314,2021-02-11,MAR,1988,658,1330,1155,370,212,0,32,22,32,0,0,165,1599,389,ITI,ITI3,11,Marche,Marche,1525271,380992,24.98,0.13
2315,2021-02-22,MAR,3414,1499,1915,326,89,77,2,7,0,2869,1,5,38,3339,75,ITI,ITI3,11,Marche,Marche,1525271,384406,25.2,0.22
2316,2021-03-07,MAR,5183,2108,3075,607,167,32,896,13,2,3007,76,336,47,4430,753,ITI,ITI3,11,Marche,Marche,1525271,389589,25.54,0.34
2317,2021-04-02,MAR,7004,3033,3971,391,210,112,424,47,735,2701,2129,213,42,6261,743,ITI,ITI3,11,Marche,Marche,1525271,396593,26.0,0.46
2318,2021-04-14,MAR,10286,4599,5687,419,161,80,1013,182,3553,902,3799,41,136,9912,374,ITI,ITI3,11,Marche,Marche,1525271,406879,26.68,0.67
2319,2021-04-10,MAR,11115,4717,6398,313,170,80,1112,210,2823,2242,4036,53,76,10796,319,ITI,ITI3,11,Marche,Marche,1525271,417994,27.4,0.73
2320,2021-03-16,MAR,3577,1549,2028,317,71,56,5,7,6,2931,46,111,27,394,3183,ITI,ITI3,11,Marche,Marche,1525271,421571,27.64,0.23
2321,2021-04-04,MAR,3828,1793,2035,189,117,7,84,10,633,2010,755,10,13,2657,1171,ITI,ITI3,11,Marche,Marche,1525271,425399,27.89,0.25
2322,2021-01-12,MAR,1226,413,813,912,255,50,0,2,0,0,0,0,7,1226,0,ITI,ITI3,11,Marche,Marche,1525271,426625,27.97,0.08
2323,2021-02-02,MAR,1193,397,796,804,265,93,0,5,0,5,0,0,21,73,1120,ITI,ITI3,11,Marche,Marche,1525271,427818,28.05,0.08
2324,2021-05-01,MAR,9319,3923,5396,186,138,15,1281,2036,1825,875,2892,14,57,3577,5742,ITI,ITI3,11,Marche,Marche,1525271,437137,28.66,0.61
2325,2021-02-08,MAR,833,258,575,408,133,262,0,6,3,4,0,0,17,371,462,ITI,ITI3,11,Marche,Marche,1525271,437970,28.71,0.05
2326,2021-02-25,MAR,3563,1447,2116,432,137,423,1,8,5,2493,27,3,34,3384,179,ITI,ITI3,11,Marche,Marche,1525271,441533,28.95,0.23
2327,2021-01-05,MAR,1562,586,976,1436,112,0,0,3,2,0,0,0,9,1562,0,ITI,ITI3,11,Marche,Marche,1525271,443095,29.05,0.1
2328,2021-01-27,MAR,2122,780,1342,1754,156,140,0,13,10,8,0,0,41,122,2000,ITI,ITI3,11,Marche,Marche,1525271,445217,29.19,0.14
2329,2021-04-03,MAR,7597,3217,4380,322,152,60,293,76,827,2954,2820,20,73,6925,672,ITI,ITI3,11,Marche,Marche,1525271,452814,29.69,0.5
2330,2020-12-27,MAR,200,97,103,184,12,4,0,0,0,0,0,0,0,200,0,ITI,ITI3,11,Marche,Marche,1525271,453014,29.7,0.01
2331,2021-03-18,MAR,3445,1514,1931,326,188,125,3,7,8,2653,23,98,14,216,3229,ITI,ITI3,11,Marche,Marche,1525271,456459,29.93,0.23
2332,2021-01-10,MAR,1737,699,1038,1462,253,0,0,5,1,0,0,0,16,1737,0,ITI,ITI3,11,Marche,Marche,1525271,458196,30.04,0.11
2333,2021-02-07,MAR,1873,735,1138,1156,482,46,0,41,20,4,0,0,124,344,1529,ITI,ITI3,11,Marche,Marche,1525271,460069,30.16,0.12
2334,2021-04-08,MAR,7543,3291,4252,276,96,97,715,82,2073,1334,2805,26,39,7212,331,ITI,ITI3,11,Marche,Marche,1525271,467612,30.66,0.49
2335,2021-03-23,MAR,5819,2538,3281,260,104,139,328,23,7,4639,27,220,72,2272,3547,ITI,ITI3,11,Marche,Marche,1525271,473431,31.04,0.38
2336,2021-03-24,MAR,7039,2984,4055,485,152,202,592,40,25,4814,321,161,247,3370,3669,ITI,ITI3,11,Marche,Marche,1525271,480470,31.5,0.46
2337,2021-01-20,MAR,400,100,300,148,56,190,0,2,0,1,0,0,3,386,14,ITI,ITI3,11,Marche,Marche,1525271,480870,31.53,0.03
2338,2021-05-09,MAR,8766,3983,4783,200,81,6,715,2332,1639,421,2971,21,380,3641,5125,ITI,ITI3,11,Marche,Marche,1525271,489636,32.1,0.57
2339,2021-04-07,MAR,7823,3443,4380,189,143,177,973,75,1889,1335,2904,30,108,7487,336,ITI,ITI3,11,Marche,Marche,1525271,497459,32.61,0.51
2340,2021-01-11,MAR,1176,411,765,1021,155,0,0,0,0,0,0,0,0,1176,0,ITI,ITI3,11,Marche,Marche,1525271,498635,32.69,0.08
2341,2021-01-28,MAR,1975,661,1314,1583,238,101,0,9,1,0,0,0,43,167,1808,ITI,ITI3,11,Marche,Marche,1525271,500610,32.82,0.13
2342,2021-01-30,MAR,1908,669,1239,1566,293,0,0,12,0,0,0,0,37,29,1879,ITI,ITI3,11,Marche,Marche,1525271,502518,32.95,0.13
2343,2021-05-05,MAR,11638,5296,6342,269,162,123,645,1281,3596,900,4326,64,272,5224,6414,ITI,ITI3,11,Marche,Marche,1525271,514156,33.71,0.76
2344,2021-02-14,MAR,738,301,437,578,109,0,0,10,0,0,0,0,41,738,0,ITI,ITI3,11,Marche,Marche,1525271,514894,33.76,0.05
2345,2021-01-08,MAR,1576,588,988,1227,324,0,0,5,0,0,0,0,20,1576,0,ITI,ITI3,11,Marche,Marche,1525271,516470,33.86,0.1
2346,2021-01-26,MAR,2017,746,1271,1736,153,86,0,15,4,1,0,0,22,92,1925,ITI,ITI3,11,Marche,Marche,1525271,518487,33.99,0.13
2347,2021-02-13,MAR,1064,455,609,457,311,90,0,25,10,16,0,0,155,1012,52,ITI,ITI3,11,Marche,Marche,1525271,519551,34.06,0.07
2348,2020-12-31,MAR,385,180,205,371,14,0,0,0,0,0,0,0,0,385,0,ITI,ITI3,11,Marche,Marche,1525271,519936,34.09,0.03
2349,2021-04-15,MAR,10392,4679,5713,503,138,128,933,192,3639,780,3843,55,181,9827,565,ITI,ITI3,11,Marche,Marche,1525271,530328,34.77,0.68
2350,2021-04-22,MAR,10805,4942,5863,236,84,30,58,2750,3928,688,2953,37,41,9224,1581,ITI,ITI3,11,Marche,Marche,1525271,541133,35.48,0.71
2351,2021-03-04,MAR,6627,2978,3649,1064,375,115,769,53,18,2806,222,1041,164,5233,1394,ITI,ITI3,11,Marche,Marche,1525271,547760,35.91,0.43
2352,2021-03-08,MAR,6368,2809,3559,768,228,220,1015,8,2,3102,147,830,48,5366,1002,ITI,ITI3,11,Marche,Marche,1525271,554128,36.33,0.42
2353,2021-01-29,MAR,1992,730,1262,1480,404,74,0,6,0,3,0,0,25,168,1824,ITI,ITI3,11,Marche,Marche,1525271,556120,36.46,0.13
2354,2021-01-16,MAR,2006,723,1283,1059,415,285,0,53,42,21,0,0,131,2006,0,ITI,ITI3,11,Marche,Marche,1525271,558126,36.59,0.13
2355,2021-03-12,MAR,4718,2020,2698,821,445,17,929,20,11,1907,3,487,78,3472,1246,ITI,ITI3,11,Marche,Marche,1525271,562844,36.9,0.31
2356,2021-03-26,MAR,6347,2614,3733,336,222,191,501,58,31,4092,396,204,316,3536,2811,ITI,ITI3,11,Marche,Marche,1525271,569191,37.32,0.42
2357,2021-05-08,MAR,12268,5475,6793,193,164,94,457,1541,2812,1160,5557,24,266,5021,7247,ITI,ITI3,11,Marche,Marche,1525271,581459,38.12,0.8
2358,2021-02-01,MAR,1365,480,885,1057,200,81,0,5,0,0,0,0,22,98,1267,ITI,ITI3,11,Marche,Marche,1525271,582824,38.21,0.09
2359,2021-04-13,MAR,9868,4278,5590,205,105,61,1076,163,3749,956,3471,32,50,9627,241,ITI,ITI3,11,Marche,Marche,1525271,592692,38.86,0.65
2360,2021-05-03,MAR,10203,4607,5596,247,77,33,812,1004,3632,964,3261,75,98,4789,5414,ITI,ITI3,11,Marche,Marche,1525271,602895,39.53,0.67
2361,2021-03-21,MAR,4512,1878,2634,87,42,57,205,19,7,4047,9,13,26,1632,2880,ITI,ITI3,11,Marche,Marche,1525271,607407,39.82,0.3
2362,2021-01-21,MAR,899,255,644,461,85,336,0,1,0,3,0,0,13,585,314,ITI,ITI3,11,Marche,Marche,1525271,608306,39.88,0.06
2363,2021-04-18,MAR,8849,4144,4705,261,67,2,455,1077,2952,377,3624,11,23,7928,921,ITI,ITI3,11,Marche,Marche,1525271,617155,40.46,0.58
2364,2021-05-04,MAR,10848,4788,6060,205,116,63,658,1101,3919,1045,3670,28,43,4954,5894,ITI,ITI3,11,Marche,Marche,1525271,628003,41.17,0.71
2365,2021-04-24,MAR,12034,5311,6723,132,134,46,78,2369,3734,1675,3744,33,89,7565,4469,ITI,ITI3,11,Marche,Marche,1525271,640037,41.96,0.79
2366,2021-02-17,MAR,1791,664,1127,968,472,309,0,6,1,1,22,0,12,1672,119,ITI,ITI3,11,Marche,Marche,1525271,641828,42.08,0.12
2367,2021-03-06,MAR,5735,2650,3085,973,225,172,747,37,7,2400,221,867,86,4467,1268,ITI,ITI3,11,Marche,Marche,1525271,647563,42.46,0.38
2368,2021-03-17,MAR,3435,1497,1938,301,79,117,5,10,10,2822,61,7,23,111,3324,ITI,ITI3,11,Marche,Marche,1525271,650998,42.68,0.23
2369,2021-02-26,MAR,3636,1503,2133,449,178,389,39,8,4,2521,31,4,13,3160,476,ITI,ITI3,11,Marche,Marche,1525271,654634,42.92,0.24
2370,2021-04-09,VDA,237,111,126,0,1,7,0,155,32,30,8,0,4,204,33,ITC,ITC2,2,Valle d'Aosta / Vallée d'Aoste,Valle d'Aosta,125666,237,0.19,0.19
2371,2021-01-29,VDA,316,138,178,259,32,16,0,6,3,0,0,0,0,2,314,ITC,ITC2,2,Valle d'Aosta / Vallée d'Aoste,Valle d'Aosta,125666,553,0.44,0.25
2372,2021-03-20,VDA,208,86,122,5,5,15,2,87,46,14,1,27,6,172,36,ITC,ITC2,2,Valle d'Aosta / Vallée d'Aoste,Valle d'Aosta,125666,761,0.61,0.17
2373,2021-02-24,VDA,183,82,101,30,9,13,7,0,4,66,0,54,0,164,19,ITC,ITC2,2,Valle d'Aosta / Vallée d'Aoste,Valle d'Aosta,125666,944,0.75,0.15
2374,2021-01-09,VDA,443,199,244,225,183,22,0,7,6,0,0,0,0,443,0,ITC,ITC2,2,Valle d'Aosta / Vallée d'Aoste,Valle d'Aosta,125666,1387,1.1,0.35
2375,2021-02-07,VDA,292,120,172,110,63,0,3,1,1,105,7,2,0,190,102,ITC,ITC2,2,Valle d'Aosta / Vallée d'Aoste,Valle d'Aosta,125666,1679,1.34,0.23
2376,2021-03-29,VDA,493,233,260,7,5,18,2,50,172,209,23,1,6,453,40,ITC,ITC2,2,Valle d'Aosta / Vallée d'Aoste,Valle d'Aosta,125666,2172,1.73,0.39
2377,2021-02-16,VDA,325,53,272,10,0,14,236,11,8,32,0,4,10,320,5,ITC,ITC2,2,Valle d'Aosta / Vallée d'Aoste,Valle d'Aosta,125666,2497,1.99,0.26
2378,2021-01-21,VDA,33,12,21,0,0,33,0,0,0,0,0,0,0,33,0,ITC,ITC2,2,Valle d'Aosta / Vallée d'Aoste,Valle d'Aosta,125666,2530,2.01,0.03
2379,2021-02-21,VDA,18,3,15,0,0,18,0,0,0,0,0,0,0,0,18,ITC,ITC2,2,Valle d'Aosta / Vallée d'Aoste,Valle d'Aosta,125666,2548,2.03,0.01
2380,2021-03-25,VDA,389,154,235,13,0,1,1,8,57,287,14,0,8,379,10,ITC,ITC2,2,Valle d'Aosta / Vallée d'Aoste,Valle d'Aosta,125666,2937,2.34,0.31
2381,2021-03-15,VDA,362,123,239,21,4,10,65,8,16,217,14,7,0,159,203,ITC,ITC2,2,Valle d'Aosta / Vallée d'Aoste,Valle d'Aosta,125666,3299,2.63,0.29
2382,2021-01-30,VDA,437,202,235,232,181,12,0,7,4,0,0,0,1,14,423,ITC,ITC2,2,Valle d'Aosta / Vallée d'Aoste,Valle d'Aosta,125666,3736,2.97,0.35
2383,2021-01-14,VDA,237,69,168,151,62,0,0,16,6,2,0,0,0,237,0,ITC,ITC2,2,Valle d'Aosta / Vallée d'Aoste,Valle d'Aosta,125666,3973,3.16,0.19
2384,2021-05-06,VDA,1062,509,553,11,4,4,5,279,344,178,209,5,23,679,383,ITC,ITC2,2,Valle d'Aosta / Vallée d'Aoste,Valle d'Aosta,125666,5035,4.01,0.85
2385,2021-04-19,VDA,751,325,426,12,5,2,1,105,132,311,175,1,7,542,209,ITC,ITC2,2,Valle d'Aosta / Vallée d'Aoste,Valle d'Aosta,125666,5786,4.6,0.6
2386,2021-02-22,VDA,316,94,222,62,10,39,67,0,15,111,0,6,6,213,103,ITC,ITC2,2,Valle d'Aosta / Vallée d'Aoste,Valle d'Aosta,125666,6102,4.86,0.25
2387,2021-03-04,VDA,291,139,152,56,19,2,2,3,10,160,2,14,23,42,249,ITC,ITC2,2,Valle d'Aosta / Vallée d'Aoste,Valle d'Aosta,125666,6393,5.09,0.23
2388,2021-01-13,VDA,337,110,227,166,138,28,0,3,2,0,0,0,0,337,0,ITC,ITC2,2,Valle d'Aosta / Vallée d'Aoste,Valle d'Aosta,125666,6730,5.36,0.27
2389,2021-04-10,VDA,404,190,214,2,3,1,0,109,223,22,32,0,12,399,5,ITC,ITC2,2,Valle d'Aosta / Vallée d'Aoste,Valle d'Aosta,125666,7134,5.68,0.32
2390,2021-02-05,VDA,294,102,192,159,52,0,0,14,16,53,0,0,0,101,193,ITC,ITC2,2,Valle d'Aosta / Vallée d'Aoste,Valle d'Aosta,125666,7428,5.91,0.23
2391,2021-04-29,VDA,1291,634,657,9,3,39,0,242,506,243,223,6,20,757,534,ITC,ITC2,2,Valle d'Aosta / Vallée d'Aoste,Valle d'Aosta,125666,8719,6.94,1.03
2392,2021-04-16,VDA,599,261,338,63,10,2,0,235,81,26,172,0,10,597,2,ITC,ITC2,2,Valle d'Aosta / Vallée d'Aoste,Valle d'Aosta,125666,9318,7.41,0.48
2393,2021-03-13,VDA,145,86,59,3,11,0,3,82,0,0,0,24,22,145,0,ITC,ITC2,2,Valle d'Aosta / Vallée d'Aoste,Valle d'Aosta,125666,9463,7.53,0.12
2394,2021-05-02,VDA,765,345,420,3,4,0,1,353,277,35,82,1,9,605,160,ITC,ITC2,2,Valle d'Aosta / Vallée d'Aoste,Valle d'Aosta,125666,10228,8.14,0.61
2395,2021-04-14,VDA,935,425,510,16,3,0,1,83,257,405,150,3,17,712,223,ITC,ITC2,2,Valle d'Aosta / Vallée d'Aoste,Valle d'Aosta,125666,11163,8.88,0.74
2396,2021-04-15,VDA,809,377,432,30,1,0,1,232,135,241,155,2,12,670,139,ITC,ITC2,2,Valle d'Aosta / Vallée d'Aoste,Valle d'Aosta,125666,11972,9.53,0.64
2397,2021-03-27,VDA,333,164,169,24,12,14,1,111,72,66,4,21,8,302,31,ITC,ITC2,2,Valle d'Aosta / Vallée d'Aoste,Valle d'Aosta,125666,12305,9.79,0.26
2398,2021-03-07,VDA,64,30,34,16,3,0,1,1,4,26,0,2,11,11,53,ITC,ITC2,2,Valle d'Aosta / Vallée d'Aoste,Valle d'Aosta,125666,12369,9.84,0.05
2399,2021-01-18,VDA,213,74,139,29,7,27,0,104,0,46,0,0,0,213,0,ITC,ITC2,2,Valle d'Aosta / Vallée d'Aoste,Valle d'Aosta,125666,12582,10.01,0.17
2400,2021-02-27,VDA,230,84,146,69,8,2,0,10,4,128,0,4,5,124,106,ITC,ITC2,2,Valle d'Aosta / Vallée d'Aoste,Valle d'Aosta,125666,12812,10.2,0.18
2401,2021-05-05,VDA,1034,564,470,11,1,9,3,91,402,220,267,2,28,456,578,ITC,ITC2,2,Valle d'Aosta / Vallée d'Aoste,Valle d'Aosta,125666,13846,11.02,0.82
2402,2021-01-02,VDA,6,5,1,0,0,6,0,0,0,0,0,0,0,6,0,ITC,ITC2,2,Valle d'Aosta / Vallée d'Aoste,Valle d'Aosta,125666,13852,11.02,0.0
2403,2021-03-18,VDA,136,43,93,4,0,26,0,0,2,102,1,1,0,99,37,ITC,ITC2,2,Valle d'Aosta / Vallée d'Aoste,Valle d'Aosta,125666,13988,11.13,0.11
2404,2021-01-22,VDA,56,21,35,36,0,20,0,0,0,0,0,0,0,20,36,ITC,ITC2,2,Valle d'Aosta / Vallée d'Aoste,Valle d'Aosta,125666,14044,11.18,0.04
2405,2021-02-06,VDA,289,104,185,170,36,0,0,1,2,74,5,1,0,92,197,ITC,ITC2,2,Valle d'Aosta / Vallée d'Aoste,Valle d'Aosta,125666,14333,11.41,0.23
2406,2021-03-10,VDA,437,182,255,9,0,17,0,1,19,362,20,7,2,225,212,ITC,ITC2,2,Valle d'Aosta / Vallée d'Aoste,Valle d'Aosta,125666,14770,11.75,0.35
2407,2021-03-02,VDA,339,166,173,17,9,39,5,34,1,145,0,65,24,336,3,ITC,ITC2,2,Valle d'Aosta / Vallée d'Aoste,Valle d'Aosta,125666,15109,12.02,0.27
2408,2021-01-20,VDA,23,8,15,0,0,6,0,0,0,17,0,0,0,23,0,ITC,ITC2,2,Valle d'Aosta / Vallée d'Aoste,Valle d'Aosta,125666,15132,12.04,0.02
2409,2021-03-11,VDA,195,74,121,4,0,8,2,1,10,167,1,1,1,65,130,ITC,ITC2,2,Valle d'Aosta / Vallée d'Aoste,Valle d'Aosta,125666,15327,12.2,0.16
2410,2021-02-20,VDA,251,210,41,6,17,11,9,3,2,8,0,183,12,241,10,ITC,ITC2,2,Valle d'Aosta / Vallée d'Aoste,Valle d'Aosta,125666,15578,12.4,0.2
2411,2021-04-08,VDA,584,282,302,6,0,4,2,50,146,281,82,0,13,441,143,ITC,ITC2,2,Valle d'Aosta / Vallée d'Aoste,Valle d'Aosta,125666,16162,12.86,0.46
2412,2021-01-11,VDA,325,112,213,238,50,30,0,3,3,0,0,0,1,325,0,ITC,ITC2,2,Valle d'Aosta / Vallée d'Aoste,Valle d'Aosta,125666,16487,13.12,0.26
2413,2021-04-17,VDA,638,407,231,8,8,0,2,158,199,46,207,0,10,636,2,ITC,ITC2,2,Valle d'Aosta / Vallée d'Aoste,Valle d'Aosta,125666,17125,13.63,0.51
2414,2021-04-11,VDA,479,208,271,3,4,0,3,265,142,6,47,0,9,479,0,ITC,ITC2,2,Valle d'Aosta / Vallée d'Aoste,Valle d'Aosta,125666,17604,14.01,0.38
2415,2021-02-23,VDA,216,123,93,0,1,0,16,0,0,0,0,46,153,216,0,ITC,ITC2,2,Valle d'Aosta / Vallée d'Aoste,Valle d'Aosta,125666,17820,14.18,0.17
2416,2021-03-17,VDA,433,185,248,36,4,16,7,14,23,254,9,42,28,273,160,ITC,ITC2,2,Valle d'Aosta / Vallée d'Aoste,Valle d'Aosta,125666,18253,14.53,0.34
2417,2021-05-10,VDA,225,104,121,1,0,12,1,57,27,98,26,0,3,42,183,ITC,ITC2,2,Valle d'Aosta / Vallée d'Aoste,Valle d'Aosta,125666,18478,14.7,0.18
2418,2021-02-09,VDA,251,84,167,78,16,14,53,8,3,75,2,1,1,68,183,ITC,ITC2,2,Valle d'Aosta / Vallée d'Aoste,Valle d'Aosta,125666,18729,14.9,0.2
2419,2021-02-17,VDA,327,144,183,25,1,30,0,0,16,237,0,17,1,227,100,ITC,ITC2,2,Valle d'Aosta / Vallée d'Aoste,Valle d'Aosta,125666,19056,15.16,0.26
2420,2021-03-06,VDA,22,4,18,13,0,5,0,0,0,4,0,0,0,22,0,ITC,ITC2,2,Valle d'Aosta / Vallée d'Aoste,Valle d'Aosta,125666,19078,15.18,0.02
2421,2021-02-26,VDA,206,57,149,67,8,6,1,6,6,102,1,4,5,122,84,ITC,ITC2,2,Valle d'Aosta / Vallée d'Aoste,Valle d'Aosta,125666,19284,15.35,0.16
2422,2021-04-30,VDA,831,355,476,65,9,5,2,227,233,28,212,14,36,485,346,ITC,ITC2,2,Valle d'Aosta / Vallée d'Aoste,Valle d'Aosta,125666,20115,16.01,0.66
2423,2021-04-21,VDA,868,410,458,24,16,1,5,66,152,285,259,10,50,619,249,ITC,ITC2,2,Valle d'Aosta / Vallée d'Aoste,Valle d'Aosta,125666,20983,16.7,0.69
2424,2021-01-05,VDA,150,54,96,127,11,11,0,0,1,0,0,0,0,150,0,ITC,ITC2,2,Valle d'Aosta / Vallée d'Aoste,Valle d'Aosta,125666,21133,16.82,0.12
2425,2021-01-08,VDA,299,130,169,240,35,16,0,5,3,0,0,0,0,299,0,ITC,ITC2,2,Valle d'Aosta / Vallée d'Aoste,Valle d'Aosta,125666,21432,17.05,0.24
2426,2021-04-25,VDA,848,408,440,3,7,0,1,299,334,55,127,1,21,709,139,ITC,ITC2,2,Valle d'Aosta / Vallée d'Aoste,Valle d'Aosta,125666,22280,17.73,0.67
2427,2020-12-31,VDA,18,4,14,16,2,0,0,0,0,0,0,0,0,18,0,ITC,ITC2,2,Valle d'Aosta / Vallée d'Aoste,Valle d'Aosta,125666,22298,17.74,0.01
2428,2021-03-14,VDA,392,200,192,8,21,0,52,205,1,0,0,34,71,392,0,ITC,ITC2,2,Valle d'Aosta / Vallée d'Aoste,Valle d'Aosta,125666,22690,18.06,0.31
2429,2021-03-01,VDA,181,66,115,19,8,29,0,0,3,116,2,2,2,147,34,ITC,ITC2,2,Valle d'Aosta / Vallée d'Aoste,Valle d'Aosta,125666,22871,18.2,0.14
2430,2021-04-22,VDA,1065,447,618,9,3,3,3,182,249,465,128,2,21,684,381,ITC,ITC2,2,Valle d'Aosta / Vallée d'Aoste,Valle d'Aosta,125666,23936,19.05,0.85
2431,2021-04-27,VDA,977,423,554,41,13,4,1,129,278,231,227,3,50,685,292,ITC,ITC2,2,Valle d'Aosta / Vallée d'Aoste,Valle d'Aosta,125666,24913,19.82,0.78
2432,2021-01-10,VDA,220,71,149,172,25,19,0,4,0,0,0,0,0,220,0,ITC,ITC2,2,Valle d'Aosta / Vallée d'Aoste,Valle d'Aosta,125666,25133,20.0,0.18
2433,2021-03-03,VDA,255,118,137,9,11,1,4,4,9,208,6,1,2,186,69,ITC,ITC2,2,Valle d'Aosta / Vallée d'Aoste,Valle d'Aosta,125666,25388,20.2,0.2
2434,2021-01-06,VDA,65,33,32,29,8,18,0,7,3,0,0,0,0,65,0,ITC,ITC2,2,Valle d'Aosta / Vallée d'Aoste,Valle d'Aosta,125666,25453,20.25,0.05
2435,2021-04-23,VDA,921,443,478,40,7,29,0,165,277,252,139,0,12,538,383,ITC,ITC2,2,Valle d'Aosta / Vallée d'Aoste,Valle d'Aosta,125666,26374,20.99,0.73
2436,2021-04-02,VDA,872,344,528,63,9,12,178,89,167,195,74,11,74,648,224,ITC,ITC2,2,Valle d'Aosta / Vallée d'Aoste,Valle d'Aosta,125666,27246,21.68,0.69
2437,2021-03-12,VDA,531,175,356,15,8,8,255,44,21,148,8,2,22,305,226,ITC,ITC2,2,Valle d'Aosta / Vallée d'Aoste,Valle d'Aosta,125666,27777,22.1,0.42
2438,2021-01-12,VDA,302,72,230,242,34,11,0,14,1,0,0,0,0,302,0,ITC,ITC2,2,Valle d'Aosta / Vallée d'Aoste,Valle d'Aosta,125666,28079,22.34,0.24
2439,2021-03-16,VDA,180,37,143,4,0,13,0,15,14,121,0,0,13,118,62,ITC,ITC2,2,Valle d'Aosta / Vallée d'Aoste,Valle d'Aosta,125666,28259,22.49,0.14
2440,2021-04-28,VDA,1216,631,585,24,7,30,0,81,597,235,212,1,29,713,503,ITC,ITC2,2,Valle d'Aosta / Vallée d'Aoste,Valle d'Aosta,125666,29475,23.46,0.97
2441,2021-04-04,VDA,571,252,319,1,8,0,96,270,155,22,5,4,10,570,1,ITC,ITC2,2,Valle d'Aosta / Vallée d'Aoste,Valle d'Aosta,125666,30046,23.91,0.45
2442,2021-02-11,VDA,231,107,124,53,21,0,0,2,10,128,1,13,3,222,9,ITC,ITC2,2,Valle d'Aosta / Vallée d'Aoste,Valle d'Aosta,125666,30277,24.09,0.18
2443,2021-04-20,VDA,931,430,501,25,9,8,2,152,174,278,253,1,29,738,193,ITC,ITC2,2,Valle d'Aosta / Vallée d'Aoste,Valle d'Aosta,125666,31208,24.83,0.74
2444,2021-03-26,VDA,498,204,294,4,2,0,227,54,79,100,3,3,26,491,7,ITC,ITC2,2,Valle d'Aosta / Vallée d'Aoste,Valle d'Aosta,125666,31706,25.23,0.4
2445,2021-01-15,VDA,218,82,136,116,32,28,0,18,17,6,0,0,1,218,0,ITC,ITC2,2,Valle d'Aosta / Vallée d'Aoste,Valle d'Aosta,125666,31924,25.4,0.17
2446,2021-03-24,VDA,515,230,285,11,5,0,1,16,34,420,18,3,7,258,257,ITC,ITC2,2,Valle d'Aosta / Vallée d'Aoste,Valle d'Aosta,125666,32439,25.81,0.41
2447,2021-05-01,VDA,937,561,376,15,1,0,1,230,287,56,140,184,23,454,483,ITC,ITC2,2,Valle d'Aosta / Vallée d'Aoste,Valle d'Aosta,125666,33376,26.56,0.75
2448,2021-05-04,VDA,1135,510,625,18,4,2,201,153,255,158,282,13,49,462,673,ITC,ITC2,2,Valle d'Aosta / Vallée d'Aoste,Valle d'Aosta,125666,34511,27.46,0.9
2449,2020-12-27,VDA,20,9,11,20,0,0,0,0,0,0,0,0,0,20,0,ITC,ITC2,2,Valle d'Aosta / Vallée d'Aoste,Valle d'Aosta,125666,34531,27.48,0.02
2450,2021-04-01,VDA,776,394,382,1,1,0,0,205,306,201,55,0,7,764,12,ITC,ITC2,2,Valle d'Aosta / Vallée d'Aoste,Valle d'Aosta,125666,35307,28.1,0.62
2451,2021-02-08,VDA,223,83,140,28,19,3,25,82,0,64,0,0,2,25,198,ITC,ITC2,2,Valle d'Aosta / Vallée d'Aoste,Valle d'Aosta,125666,35530,28.27,0.18
2452,2021-02-02,VDA,271,70,201,225,34,3,0,8,1,0,0,0,0,2,269,ITC,ITC2,2,Valle d'Aosta / Vallée d'Aoste,Valle d'Aosta,125666,35801,28.49,0.22
2453,2021-03-23,VDA,378,150,228,14,2,7,9,37,18,279,0,9,3,244,134,ITC,ITC2,2,Valle d'Aosta / Vallée d'Aoste,Valle d'Aosta,125666,36179,28.79,0.3
2454,2021-04-07,VDA,907,473,434,16,0,0,1,84,271,390,92,0,53,679,228,ITC,ITC2,2,Valle d'Aosta / Vallée d'Aoste,Valle d'Aosta,125666,37086,29.51,0.72
2455,2021-03-22,VDA,560,205,355,37,5,18,19,54,37,340,29,11,10,333,227,ITC,ITC2,2,Valle d'Aosta / Vallée d'Aoste,Valle d'Aosta,125666,37646,29.96,0.45
2456,2021-02-10,VDA,248,77,171,51,14,26,18,4,3,128,0,1,3,141,107,ITC,ITC2,2,Valle d'Aosta / Vallée d'Aoste,Valle d'Aosta,125666,37894,30.15,0.2
2457,2021-01-17,VDA,131,56,75,49,2,20,0,1,0,59,0,0,0,131,0,ITC,ITC2,2,Valle d'Aosta / Vallée d'Aoste,Valle d'Aosta,125666,38025,30.26,0.1
2458,2021-04-26,VDA,715,327,388,13,2,0,2,80,246,213,126,7,26,545,170,ITC,ITC2,2,Valle d'Aosta / Vallée d'Aoste,Valle d'Aosta,125666,38740,30.83,0.57
2459,2021-05-09,VDA,565,284,281,5,1,0,1,367,107,8,64,4,8,444,121,ITC,ITC2,2,Valle d'Aosta / Vallée d'Aoste,Valle d'Aosta,125666,39305,31.28,0.45
2460,2021-02-15,VDA,264,136,128,24,2,25,2,0,6,173,2,29,1,229,35,ITC,ITC2,2,Valle d'Aosta / Vallée d'Aoste,Valle d'Aosta,125666,39569,31.49,0.21
2461,2021-05-08,VDA,902,540,362,14,25,0,8,300,227,46,97,168,17,526,376,ITC,ITC2,2,Valle d'Aosta / Vallée d'Aoste,Valle d'Aosta,125666,40471,32.21,0.72
2462,2021-03-28,VDA,522,212,310,52,10,0,47,168,99,53,18,55,20,521,1,ITC,ITC2,2,Valle d'Aosta / Vallée d'Aoste,Valle d'Aosta,125666,40993,32.62,0.42
2463,2021-03-19,VDA,322,85,237,9,1,21,211,42,1,9,0,1,27,286,36,ITC,ITC2,2,Valle d'Aosta / Vallée d'Aoste,Valle d'Aosta,125666,41315,32.88,0.26
2464,2021-04-13,VDA,373,171,202,2,1,8,0,69,108,120,56,0,9,329,44,ITC,ITC2,2,Valle d'Aosta / Vallée d'Aoste,Valle d'Aosta,125666,41688,33.17,0.3
2465,2021-01-27,VDA,151,71,80,55,8,18,0,10,3,53,0,0,4,79,72,ITC,ITC2,2,Valle d'Aosta / Vallée d'Aoste,Valle d'Aosta,125666,41839,33.29,0.12
2466,2021-01-26,VDA,139,48,91,115,11,12,0,0,1,0,0,0,0,0,139,ITC,ITC2,2,Valle d'Aosta / Vallée d'Aoste,Valle d'Aosta,125666,41978,33.4,0.11
2467,2021-02-03,VDA,351,114,237,157,136,52,0,4,1,1,0,0,0,14,337,ITC,ITC2,2,Valle d'Aosta / Vallée d'Aoste,Valle d'Aosta,125666,42329,33.68,0.28
2468,2021-01-25,VDA,147,65,82,125,13,6,0,3,0,0,0,0,0,0,147,ITC,ITC2,2,Valle d'Aosta / Vallée d'Aoste,Valle d'Aosta,125666,42476,33.8,0.12
2469,2021-04-12,VDA,483,185,298,8,9,22,2,89,60,229,61,0,3,321,162,ITC,ITC2,2,Valle d'Aosta / Vallée d'Aoste,Valle d'Aosta,125666,42959,34.19,0.38
2470,2021-01-28,VDA,290,123,167,202,35,6,0,12,7,2,0,0,26,56,234,ITC,ITC2,2,Valle d'Aosta / Vallée d'Aoste,Valle d'Aosta,125666,43249,34.42,0.23
2471,2021-03-09,VDA,206,96,110,3,0,23,26,56,5,36,0,39,18,174,32,ITC,ITC2,2,Valle d'Aosta / Vallée d'Aoste,Valle d'Aosta,125666,43455,34.58,0.16
2472,2021-02-13,VDA,216,196,20,0,0,0,0,0,0,0,0,216,0,215,1,ITC,ITC2,2,Valle d'Aosta / Vallée d'Aoste,Valle d'Aosta,125666,43671,34.75,0.17
2473,2021-01-19,VDA,256,77,179,160,10,15,0,10,3,57,0,0,1,256,0,ITC,ITC2,2,Valle d'Aosta / Vallée d'Aoste,Valle d'Aosta,125666,43927,34.96,0.2
2474,2021-02-14,VDA,48,16,32,6,0,42,0,0,0,0,0,0,0,1,47,ITC,ITC2,2,Valle d'Aosta / Vallée d'Aoste,Valle d'Aosta,125666,43975,34.99,0.04
2475,2021-02-12,VDA,263,96,167,51,13,28,5,2,10,133,18,0,3,217,46,ITC,ITC2,2,Valle d'Aosta / Vallée d'Aoste,Valle d'Aosta,125666,44238,35.2,0.21
2476,2021-02-01,VDA,403,127,276,268,56,70,0,2,2,3,0,0,2,87,316,ITC,ITC2,2,Valle d'Aosta / Vallée d'Aoste,Valle d'Aosta,125666,44641,35.52,0.32
2477,2021-05-03,VDA,839,400,439,16,5,1,24,201,331,50,191,3,17,488,351,ITC,ITC2,2,Valle d'Aosta / Vallée d'Aoste,Valle d'Aosta,125666,45480,36.19,0.67
2478,2021-03-31,VDA,555,302,253,7,1,0,0,22,309,203,6,0,7,529,26,ITC,ITC2,2,Valle d'Aosta / Vallée d'Aoste,Valle d'Aosta,125666,46035,36.63,0.44
2479,2021-01-07,VDA,275,111,164,224,38,5,0,3,2,0,0,0,3,275,0,ITC,ITC2,2,Valle d'Aosta / Vallée d'Aoste,Valle d'Aosta,125666,46310,36.85,0.22
2480,2021-05-07,VDA,563,244,319,51,3,2,1,385,21,24,39,11,26,532,31,ITC,ITC2,2,Valle d'Aosta / Vallée d'Aoste,Valle d'Aosta,125666,46873,37.3,0.45
2481,2021-03-08,VDA,482,231,251,29,1,13,1,6,25,365,7,28,7,237,245,ITC,ITC2,2,Valle d'Aosta / Vallée d'Aoste,Valle d'Aosta,125666,47355,37.68,0.38
2482,2021-03-30,VDA,402,223,179,11,2,5,5,32,180,124,28,9,6,382,20,ITC,ITC2,2,Valle d'Aosta / Vallée d'Aoste,Valle d'Aosta,125666,47757,38.0,0.32
2483,2021-04-18,VDA,520,253,267,11,6,4,4,203,82,13,183,0,14,516,4,ITC,ITC2,2,Valle d'Aosta / Vallée d'Aoste,Valle d'Aosta,125666,48277,38.42,0.41
2484,2021-03-05,VDA,275,124,151,51,10,13,5,4,10,138,18,0,26,53,222,ITC,ITC2,2,Valle d'Aosta / Vallée d'Aoste,Valle d'Aosta,125666,48552,38.64,0.22
2485,2021-01-16,VDA,236,80,156,127,32,22,0,2,2,51,0,0,0,236,0,ITC,ITC2,2,Valle d'Aosta / Vallée d'Aoste,Valle d'Aosta,125666,48788,38.82,0.19
2486,2021-04-06,VDA,741,381,360,24,4,1,0,55,192,239,160,14,52,629,112,ITC,ITC2,2,Valle d'Aosta / Vallée d'Aoste,Valle d'Aosta,125666,49529,39.41,0.59
2487,2021-04-24,VDA,722,400,322,14,7,7,1,131,174,96,238,4,50,555,167,ITC,ITC2,2,Valle d'Aosta / Vallée d'Aoste,Valle d'Aosta,125666,50251,39.99,0.57
2488,2021-02-04,VDA,294,86,208,168,76,34,0,12,3,1,0,0,0,8,286,ITC,ITC2,2,Valle d'Aosta / Vallée d'Aoste,Valle d'Aosta,125666,50545,40.22,0.23
2489,2021-02-28,VDA,260,86,174,78,36,24,4,7,10,94,0,3,4,77,183,ITC,ITC2,2,Valle d'Aosta / Vallée d'Aoste,Valle d'Aosta,125666,50805,40.43,0.21
2490,2021-03-21,VDA,355,165,190,2,5,0,30,208,57,1,0,27,25,355,0,ITC,ITC2,2,Valle d'Aosta / Vallée d'Aoste,Valle d'Aosta,125666,51160,40.71,0.28
2491,2021-01-31,VDA,290,90,200,231,33,18,0,5,0,0,0,0,3,58,232,ITC,ITC2,2,Valle d'Aosta / Vallée d'Aoste,Valle d'Aosta,125666,51450,40.94,0.23
2492,2021-04-05,VDA,461,222,239,18,4,0,35,186,118,8,84,0,8,457,4,ITC,ITC2,2,Valle d'Aosta / Vallée d'Aoste,Valle d'Aosta,125666,51911,41.31,0.37
2493,2021-02-18,VDA,349,153,196,61,9,45,8,6,17,184,0,16,3,261,88,ITC,ITC2,2,Valle d'Aosta / Vallée d'Aoste,Valle d'Aosta,125666,52260,41.59,0.28
2494,2021-02-19,VDA,292,102,190,17,1,35,65,3,16,154,0,0,1,268,24,ITC,ITC2,2,Valle d'Aosta / Vallée d'Aoste,Valle d'Aosta,125666,52552,41.82,0.23
2495,2021-01-04,VDA,142,59,83,126,14,0,0,2,0,0,0,0,0,142,0,ITC,ITC2,2,Valle d'Aosta / Vallée d'Aoste,Valle d'Aosta,125666,52694,41.93,0.11
2496,2021-02-25,VDA,201,101,100,6,4,12,2,84,1,0,0,27,65,194,7,ITC,ITC2,2,Valle d'Aosta / Vallée d'Aoste,Valle d'Aosta,125666,52895,42.09,0.16
2497,2021-04-03,VDA,676,341,335,13,11,4,1,117,333,58,72,5,62,661,15,ITC,ITC2,2,Valle d'Aosta / Vallée d'Aoste,Valle d'Aosta,125666,53571,42.63,0.54
2498,2021-04-14,CAL,8008,3874,4134,172,185,141,175,208,1539,1570,3831,74,113,6541,1467,ITF,ITF6,18,Calabria,Calabria,1947131,8008,0.41,0.41
2499,2021-01-30,CAL,2175,1148,1027,1976,189,0,0,3,0,1,0,0,6,358,1817,ITF,ITF6,18,Calabria,Calabria,1947131,10183,0.52,0.11
2500,2021-01-12,CAL,2061,1019,1042,1709,237,29,0,21,1,19,0,0,45,2061,0,ITF,ITF6,18,Calabria,Calabria,1947131,12244,0.63,0.11
2501,2021-04-02,CAL,8081,3690,4391,362,135,605,1154,115,177,2800,2248,198,287,4218,3863,ITF,ITF6,18,Calabria,Calabria,1947131,20325,1.04,0.42
2502,2021-05-06,CAL,13200,6239,6961,322,307,143,465,2333,2019,837,6166,74,534,8936,4264,ITF,ITF6,18,Calabria,Calabria,1947131,33525,1.72,0.68
2503,2021-04-04,CAL,1741,877,864,34,23,23,67,249,266,508,516,2,53,1237,504,ITF,ITF6,18,Calabria,Calabria,1947131,35266,1.81,0.09
2504,2021-02-25,CAL,2821,1519,1302,736,228,235,4,41,15,971,36,425,130,2242,579,ITF,ITF6,18,Calabria,Calabria,1947131,38087,1.96,0.14
2505,2021-02-11,CAL,2342,1044,1298,1465,372,241,0,25,18,156,0,0,65,1081,1261,ITF,ITF6,18,Calabria,Calabria,1947131,40429,2.08,0.12
2506,2021-03-07,CAL,3132,1561,1571,106,33,348,2,10,31,1741,474,363,24,3042,90,ITF,ITF6,18,Calabria,Calabria,1947131,43561,2.24,0.16
2507,2021-03-16,CAL,3778,1851,1927,460,203,22,30,49,79,2138,594,68,135,2180,1598,ITF,ITF6,18,Calabria,Calabria,1947131,47339,2.43,0.19
2508,2020-12-27,CAL,279,154,125,278,1,0,0,0,0,0,0,0,0,279,0,ITF,ITF6,18,Calabria,Calabria,1947131,47618,2.45,0.01
2509,2021-03-18,CAL,4248,1979,2269,360,210,232,45,65,115,2312,753,60,96,2278,1970,ITF,ITF6,18,Calabria,Calabria,1947131,51866,2.66,0.22
2510,2021-03-19,CAL,4188,1949,2239,486,121,295,102,64,114,2010,883,12,101,1900,2288,ITF,ITF6,18,Calabria,Calabria,1947131,56054,2.88,0.22
2511,2021-03-08,CAL,5323,2822,2501,708,245,453,3,49,65,1553,1138,849,260,4265,1058,ITF,ITF6,18,Calabria,Calabria,1947131,61377,3.15,0.27
2512,2021-01-29,CAL,2055,989,1066,1756,234,49,0,3,3,1,0,0,9,234,1821,ITF,ITF6,18,Calabria,Calabria,1947131,63432,3.26,0.11
2513,2021-01-27,CAL,1459,735,724,1228,201,23,0,4,0,0,0,0,3,396,1063,ITF,ITF6,18,Calabria,Calabria,1947131,64891,3.33,0.07
2514,2021-03-31,CAL,8830,4008,4822,378,283,653,2053,145,193,2693,1992,118,322,4890,3940,ITF,ITF6,18,Calabria,Calabria,1947131,73721,3.79,0.45
2515,2021-02-08,CAL,1847,733,1114,1214,406,121,0,14,1,0,0,0,91,661,1186,ITF,ITF6,18,Calabria,Calabria,1947131,75568,3.88,0.09
2516,2021-03-20,CAL,6484,2983,3501,432,100,408,467,72,124,3574,1022,75,210,4095,2389,ITF,ITF6,18,Calabria,Calabria,1947131,82052,4.21,0.33
2517,2021-02-24,CAL,1844,940,904,658,108,115,4,16,10,754,84,47,48,1369,475,ITF,ITF6,18,Calabria,Calabria,1947131,83896,4.31,0.09
2518,2021-01-22,CAL,658,274,384,298,146,112,0,37,29,4,0,0,32,656,2,ITF,ITF6,18,Calabria,Calabria,1947131,84554,4.34,0.03
2519,2021-04-21,CAL,11483,5782,5701,260,200,196,238,1608,2286,1124,5162,187,222,8571,2912,ITF,ITF6,18,Calabria,Calabria,1947131,96037,4.93,0.59
2520,2021-01-09,CAL,1917,1036,881,1530,315,0,0,26,2,1,0,0,43,1917,0,ITF,ITF6,18,Calabria,Calabria,1947131,97954,5.03,0.1
2521,2021-01-21,CAL,958,444,514,735,82,115,0,4,2,0,0,0,20,929,29,ITF,ITF6,18,Calabria,Calabria,1947131,98912,5.08,0.05
2522,2021-03-14,CAL,2543,1018,1525,322,103,312,722,15,30,811,128,30,70,2143,400,ITF,ITF6,18,Calabria,Calabria,1947131,101455,5.21,0.13
2523,2021-05-07,CAL,15892,7492,8400,353,343,286,539,2359,2115,1183,7883,137,694,9691,6201,ITF,ITF6,18,Calabria,Calabria,1947131,117347,6.03,0.82
2524,2021-04-11,CAL,4086,1861,2225,136,49,51,167,59,209,1726,1621,12,56,2145,1941,ITF,ITF6,18,Calabria,Calabria,1947131,121433,6.24,0.21
2525,2021-04-24,CAL,18944,9455,9489,288,229,146,113,6014,3565,1945,6098,230,316,15546,3398,ITF,ITF6,18,Calabria,Calabria,1947131,140377,7.21,0.97
2526,2021-03-05,CAL,6175,3567,2608,698,257,712,5,46,61,2014,880,1405,97,5597,578,ITF,ITF6,18,Calabria,Calabria,1947131,146552,7.53,0.32
2527,2021-04-18,CAL,5778,2763,3015,150,89,102,79,130,1437,1202,2530,12,47,4898,880,ITF,ITF6,18,Calabria,Calabria,1947131,152330,7.82,0.3
2528,2021-02-28,CAL,2169,983,1186,114,39,190,0,10,24,1707,28,6,51,2017,152,ITF,ITF6,18,Calabria,Calabria,1947131,154499,7.93,0.11
2529,2021-02-09,CAL,2148,904,1244,1423,394,231,0,20,5,0,0,0,75,948,1200,ITF,ITF6,18,Calabria,Calabria,1947131,156647,8.05,0.11
2530,2021-02-06,CAL,2910,1338,1572,2095,368,248,0,45,9,10,0,0,135,442,2468,ITF,ITF6,18,Calabria,Calabria,1947131,159557,8.19,0.15
2531,2021-04-25,CAL,15822,8029,7793,150,314,121,122,5767,2982,746,4585,273,762,14701,1121,ITF,ITF6,18,Calabria,Calabria,1947131,175379,9.01,0.81
2532,2021-02-05,CAL,3800,1709,2091,2331,745,554,0,41,8,3,0,0,118,491,3309,ITF,ITF6,18,Calabria,Calabria,1947131,179179,9.2,0.2
2533,2021-03-03,CAL,4871,2655,2216,631,351,917,4,38,43,1408,462,935,82,3808,1063,ITF,ITF6,18,Calabria,Calabria,1947131,184050,9.45,0.25
2534,2021-04-26,CAL,10316,5184,5132,224,145,409,112,1388,1669,977,4864,401,127,7913,2403,ITF,ITF6,18,Calabria,Calabria,1947131,194366,9.98,0.53
2535,2021-04-06,CAL,7226,3237,3989,377,163,453,804,103,244,2469,2372,51,190,4147,3079,ITF,ITF6,18,Calabria,Calabria,1947131,201592,10.35,0.37
2536,2021-02-04,CAL,3392,1623,1769,2561,505,222,0,23,6,7,0,0,68,644,2748,ITF,ITF6,18,Calabria,Calabria,1947131,204984,10.53,0.17
2537,2021-04-17,CAL,10654,5001,5653,211,138,218,118,302,2656,2181,4534,98,198,8937,1717,ITF,ITF6,18,Calabria,Calabria,1947131,215638,11.07,0.55
2538,2021-01-17,CAL,867,418,449,527,121,48,0,17,4,33,0,0,117,801,66,ITF,ITF6,18,Calabria,Calabria,1947131,216505,11.12,0.04
2539,2021-05-05,CAL,13593,6515,7078,382,171,198,235,1916,1769,1205,6791,108,818,8482,5111,ITF,ITF6,18,Calabria,Calabria,1947131,230098,11.82,0.7
2540,2021-04-16,CAL,10133,4956,5177,332,214,288,233,254,2333,1094,5021,133,231,8533,1600,ITF,ITF6,18,Calabria,Calabria,1947131,240231,12.34,0.52
2541,2021-02-27,CAL,3681,1913,1768,422,193,396,2,24,41,2075,96,348,84,3302,379,ITF,ITF6,18,Calabria,Calabria,1947131,243912,12.53,0.19
2542,2021-03-04,CAL,5391,3112,2279,646,252,744,2,63,46,1636,632,1237,133,4595,796,ITF,ITF6,18,Calabria,Calabria,1947131,249303,12.8,0.28
2543,2021-01-31,CAL,1109,555,554,766,282,58,0,1,0,0,0,0,2,155,954,ITF,ITF6,18,Calabria,Calabria,1947131,250412,12.86,0.06
2544,2021-03-28,CAL,2535,1172,1363,127,109,31,412,74,67,785,739,15,176,1405,1130,ITF,ITF6,18,Calabria,Calabria,1947131,252947,12.99,0.13
2545,2021-04-28,CAL,12488,6034,6454,174,152,237,167,2323,2219,630,6259,91,236,9686,2802,ITF,ITF6,18,Calabria,Calabria,1947131,265435,13.63,0.64
2546,2021-02-13,CAL,1331,583,748,731,144,111,0,31,9,167,0,0,138,968,363,ITF,ITF6,18,Calabria,Calabria,1947131,266766,13.7,0.07
2547,2021-02-18,CAL,1801,804,997,586,369,299,61,7,6,388,11,0,74,1578,223,ITF,ITF6,18,Calabria,Calabria,1947131,268567,13.79,0.09
2548,2021-01-25,CAL,1090,526,564,1045,35,0,0,0,1,0,0,0,9,156,934,ITF,ITF6,18,Calabria,Calabria,1947131,269657,13.85,0.06
2549,2021-03-10,CAL,6446,3281,3165,744,516,586,64,79,53,2233,1023,797,351,5252,1194,ITF,ITF6,18,Calabria,Calabria,1947131,276103,14.18,0.33
2550,2021-04-15,CAL,7405,3632,3773,162,153,163,199,144,1668,1068,3697,35,116,5800,1605,ITF,ITF6,18,Calabria,Calabria,1947131,283508,14.56,0.38
2551,2021-02-19,CAL,1461,652,809,544,208,195,0,9,9,422,57,1,16,1200,261,ITF,ITF6,18,Calabria,Calabria,1947131,284969,14.64,0.08
2552,2021-04-12,CAL,6703,3269,3434,219,136,277,104,105,858,1439,3435,37,93,5101,1602,ITF,ITF6,18,Calabria,Calabria,1947131,291672,14.98,0.34
2553,2021-05-08,CAL,18133,8263,9870,287,326,70,295,1945,2516,2701,8880,227,886,10443,7690,ITF,ITF6,18,Calabria,Calabria,1947131,309805,15.91,0.93
2554,2021-02-12,CAL,1713,669,1044,816,301,136,0,64,32,210,0,0,154,945,768,ITF,ITF6,18,Calabria,Calabria,1947131,311518,16.0,0.09
2555,2021-01-11,CAL,2155,1041,1114,1760,301,3,0,17,4,39,0,0,31,2155,0,ITF,ITF6,18,Calabria,Calabria,1947131,313673,16.11,0.11
2556,2021-03-02,CAL,4137,2396,1741,705,202,430,2,26,24,1451,222,1003,72,3428,709,ITF,ITF6,18,Calabria,Calabria,1947131,317810,16.32,0.21
2557,2021-01-04,CAL,1016,502,514,988,28,0,0,0,0,0,0,0,0,1016,0,ITF,ITF6,18,Calabria,Calabria,1947131,318826,16.37,0.05
2558,2021-04-09,CAL,7827,3669,4158,343,140,471,306,151,506,2172,3498,31,209,4913,2914,ITF,ITF6,18,Calabria,Calabria,1947131,326653,16.78,0.4
2559,2021-03-15,CAL,3508,1675,1833,542,166,140,587,56,81,1183,431,177,145,2079,1429,ITF,ITF6,18,Calabria,Calabria,1947131,330161,16.96,0.18
2560,2021-02-02,CAL,2296,1116,1180,1870,341,75,0,1,1,1,0,0,7,177,2119,ITF,ITF6,18,Calabria,Calabria,1947131,332457,17.07,0.12
2561,2021-01-14,CAL,2557,1214,1343,1962,349,3,0,61,24,47,0,0,111,2557,0,ITF,ITF6,18,Calabria,Calabria,1947131,335014,17.21,0.13
2562,2021-04-05,CAL,3459,1634,1825,134,22,149,134,286,439,1181,1042,18,54,2558,901,ITF,ITF6,18,Calabria,Calabria,1947131,338473,17.38,0.18
2563,2021-01-10,CAL,929,524,405,830,99,0,0,0,0,0,0,0,0,929,0,ITF,ITF6,18,Calabria,Calabria,1947131,339402,17.43,0.05
2564,2021-02-07,CAL,860,428,432,567,121,81,0,10,0,0,0,0,81,147,713,ITF,ITF6,18,Calabria,Calabria,1947131,340262,17.48,0.04
2565,2021-01-23,CAL,400,186,214,325,25,23,0,2,0,1,0,0,24,358,42,ITF,ITF6,18,Calabria,Calabria,1947131,340662,17.5,0.02
2566,2021-03-25,CAL,7006,3317,3689,294,362,564,1100,112,124,2270,1840,80,260,4487,2519,ITF,ITF6,18,Calabria,Calabria,1947131,347668,17.86,0.36
2567,2021-02-10,CAL,2463,1074,1389,1469,340,357,0,56,25,72,0,0,144,839,1624,ITF,ITF6,18,Calabria,Calabria,1947131,350131,17.98,0.13
2568,2021-02-15,CAL,1137,538,599,499,121,164,1,11,20,294,4,0,23,989,148,ITF,ITF6,18,Calabria,Calabria,1947131,351268,18.04,0.06
2569,2021-04-23,CAL,12615,6268,6347,302,189,226,205,1709,2409,1203,5884,180,308,9372,3243,ITF,ITF6,18,Calabria,Calabria,1947131,363883,18.69,0.65
2570,2021-02-03,CAL,2767,1432,1335,2173,394,103,0,18,4,2,0,0,73,583,2184,ITF,ITF6,18,Calabria,Calabria,1947131,366650,18.83,0.14
2571,2021-01-13,CAL,2028,1022,1006,1800,152,34,0,14,4,4,0,0,20,2028,0,ITF,ITF6,18,Calabria,Calabria,1947131,368678,18.93,0.1
2572,2021-03-13,CAL,6677,2946,3731,425,159,356,685,95,43,3806,749,123,236,5684,993,ITF,ITF6,18,Calabria,Calabria,1947131,375355,19.28,0.34
2573,2021-01-19,CAL,1109,488,621,853,105,76,0,11,11,14,0,0,39,1098,11,ITF,ITF6,18,Calabria,Calabria,1947131,376464,19.33,0.06
2574,2021-04-27,CAL,9977,4896,5081,167,161,173,85,1993,2005,675,4507,75,136,8069,1908,ITF,ITF6,18,Calabria,Calabria,1947131,386441,19.85,0.51
2575,2021-03-01,CAL,2690,1534,1156,400,156,258,3,10,11,1053,71,656,72,2240,450,ITF,ITF6,18,Calabria,Calabria,1947131,389131,19.98,0.14
2576,2021-02-17,CAL,1683,673,1010,675,239,285,81,7,6,354,2,0,34,1472,211,ITF,ITF6,18,Calabria,Calabria,1947131,390814,20.07,0.09
2577,2021-01-06,CAL,926,500,426,822,90,0,0,5,0,0,0,0,9,926,0,ITF,ITF6,18,Calabria,Calabria,1947131,391740,20.12,0.05
2578,2021-04-03,CAL,8841,3796,5045,363,127,359,622,88,215,4984,1913,57,113,4220,4621,ITF,ITF6,18,Calabria,Calabria,1947131,400581,20.57,0.45
2579,2021-02-16,CAL,1534,643,891,659,191,265,0,14,23,334,1,0,47,1255,279,ITF,ITF6,18,Calabria,Calabria,1947131,402115,20.65,0.08
2580,2021-02-21,CAL,608,286,322,36,46,48,0,2,2,374,28,30,42,531,77,ITF,ITF6,18,Calabria,Calabria,1947131,402723,20.68,0.03
2581,2021-03-29,CAL,5638,2385,3253,207,320,134,1580,134,162,1130,1673,71,227,3883,1755,ITF,ITF6,18,Calabria,Calabria,1947131,408361,20.97,0.29
2582,2021-03-09,CAL,5831,3035,2796,803,267,461,18,65,71,1929,1125,934,158,4854,977,ITF,ITF6,18,Calabria,Calabria,1947131,414192,21.27,0.3
2583,2021-04-29,CAL,11656,5663,5993,288,216,208,170,2086,1943,939,5572,49,185,8316,3340,ITF,ITF6,18,Calabria,Calabria,1947131,425848,21.87,0.6
2584,2021-03-12,CAL,5095,2438,2657,469,397,220,787,61,38,2148,412,403,160,4051,1044,ITF,ITF6,18,Calabria,Calabria,1947131,430943,22.13,0.26
2585,2021-02-20,CAL,1359,735,624,439,185,55,2,13,5,490,54,19,97,1044,315,ITF,ITF6,18,Calabria,Calabria,1947131,432302,22.2,0.07
2586,2021-02-01,CAL,2504,1196,1308,2051,359,43,0,14,2,1,0,0,34,248,2256,ITF,ITF6,18,Calabria,Calabria,1947131,434806,22.33,0.13
2587,2021-04-30,CAL,14672,7212,7460,311,303,335,283,2533,2421,872,7275,104,235,10572,4100,ITF,ITF6,18,Calabria,Calabria,1947131,449478,23.08,0.75
2588,2021-05-04,CAL,16350,7508,8842,302,244,184,531,3082,2125,1455,7989,91,347,11721,4629,ITF,ITF6,18,Calabria,Calabria,1947131,465828,23.92,0.84
2589,2021-01-07,CAL,2183,1063,1120,1885,212,0,0,20,4,0,0,0,62,2183,0,ITF,ITF6,18,Calabria,Calabria,1947131,468011,24.04,0.11
2590,2021-03-21,CAL,4366,1883,2483,135,38,200,745,80,92,2129,695,83,169,2663,1703,ITF,ITF6,18,Calabria,Calabria,1947131,472377,24.26,0.22
2591,2021-02-23,CAL,1549,728,821,437,177,206,1,13,10,583,63,2,57,1434,115,ITF,ITF6,18,Calabria,Calabria,1947131,473926,24.34,0.08
2592,2021-05-10,CAL,3811,1799,2012,86,34,24,74,701,720,260,1633,49,230,1932,1879,ITF,ITF6,18,Calabria,Calabria,1947131,477737,24.54,0.2
2593,2021-03-06,CAL,7958,4063,3895,703,225,760,6,41,97,4059,1136,840,91,7202,756,ITF,ITF6,18,Calabria,Calabria,1947131,485695,24.94,0.41
2594,2021-01-28,CAL,2236,1110,1126,1924,284,0,0,2,1,0,0,0,25,84,2152,ITF,ITF6,18,Calabria,Calabria,1947131,487931,25.06,0.11
2595,2021-04-07,CAL,6251,2827,3424,193,70,399,539,113,181,2146,2446,33,131,3642,2609,ITF,ITF6,18,Calabria,Calabria,1947131,494182,25.38,0.32
2596,2021-02-26,CAL,3082,1632,1450,540,193,408,4,21,18,1362,85,370,81,2611,471,ITF,ITF6,18,Calabria,Calabria,1947131,497264,25.54,0.16
2597,2021-01-18,CAL,1242,556,686,993,138,11,0,25,3,6,0,0,66,1040,202,ITF,ITF6,18,Calabria,Calabria,1947131,498506,25.6,0.06
2598,2021-03-17,CAL,3723,1652,2071,282,149,165,95,46,91,2227,594,31,43,2024,1699,ITF,ITF6,18,Calabria,Calabria,1947131,502229,25.79,0.19
2599,2021-02-14,CAL,371,145,226,146,31,83,0,2,2,95,0,0,12,341,30,ITF,ITF6,18,Calabria,Calabria,1947131,502600,25.81,0.02
2600,2021-03-27,CAL,8323,3779,4544,306,389,149,1400,125,179,3416,1872,66,421,4461,3862,ITF,ITF6,18,Calabria,Calabria,1947131,510923,26.24,0.43
2601,2021-04-22,CAL,9354,4670,4684,236,170,274,96,1451,1801,966,4105,41,214,6666,2688,ITF,ITF6,18,Calabria,Calabria,1947131,520277,26.72,0.48
2602,2021-01-08,CAL,2113,1016,1097,1899,203,0,0,3,0,0,0,0,8,2113,0,ITF,ITF6,18,Calabria,Calabria,1947131,522390,26.83,0.11
2603,2021-01-26,CAL,1903,917,986,1615,203,70,0,1,0,0,0,0,14,285,1618,ITF,ITF6,18,Calabria,Calabria,1947131,524293,26.93,0.1
2604,2021-01-03,CAL,6,3,3,4,2,0,0,0,0,0,0,0,0,6,0,ITF,ITF6,18,Calabria,Calabria,1947131,524299,26.93,0.0
2605,2021-04-13,CAL,6492,3198,3294,245,92,40,106,103,1275,1273,3086,153,119,5234,1258,ITF,ITF6,18,Calabria,Calabria,1947131,530791,27.26,0.33
2606,2021-03-26,CAL,7649,3628,4021,511,371,218,1039,151,231,2562,2060,135,371,4533,3116,ITF,ITF6,18,Calabria,Calabria,1947131,538440,27.65,0.39
2607,2021-01-02,CAL,165,94,71,165,0,0,0,0,0,0,0,0,0,165,0,ITF,ITF6,18,Calabria,Calabria,1947131,538605,27.66,0.01
2608,2021-01-24,CAL,44,18,26,15,3,26,0,0,0,0,0,0,0,39,5,ITF,ITF6,18,Calabria,Calabria,1947131,538649,27.66,0.0
2609,2020-12-28,CAL,6,2,4,6,0,0,0,0,0,0,0,0,0,6,0,ITF,ITF6,18,Calabria,Calabria,1947131,538655,27.66,0.0
2610,2021-04-01,CAL,8356,3776,4580,455,247,680,1116,122,218,3070,1992,113,343,3852,4504,ITF,ITF6,18,Calabria,Calabria,1947131,547011,28.09,0.43
2611,2021-03-24,CAL,7392,3368,4024,386,289,700,1495,151,147,2605,1295,105,219,4213,3179,ITF,ITF6,18,Calabria,Calabria,1947131,554403,28.47,0.38
2612,2021-05-01,CAL,16451,7850,8601,174,277,48,326,2337,3051,2072,7740,108,318,12390,4061,ITF,ITF6,18,Calabria,Calabria,1947131,570854,29.32,0.84
2613,2021-03-23,CAL,5207,2442,2765,280,145,55,1083,98,74,2046,1078,102,246,3409,1798,ITF,ITF6,18,Calabria,Calabria,1947131,576061,29.59,0.27
2614,2021-01-05,CAL,1451,677,774,1316,122,0,0,2,0,0,0,0,11,1451,0,ITF,ITF6,18,Calabria,Calabria,1947131,577512,29.66,0.07
2615,2021-01-16,CAL,2394,1120,1274,1664,264,241,0,49,12,9,0,0,155,2394,0,ITF,ITF6,18,Calabria,Calabria,1947131,579906,29.78,0.12
2616,2021-03-30,CAL,5793,2490,3303,166,103,213,1122,154,196,1991,1473,89,286,3200,2593,ITF,ITF6,18,Calabria,Calabria,1947131,585699,30.08,0.3
2617,2021-05-03,CAL,14665,6717,7948,317,217,335,545,2713,2113,771,7080,114,460,10537,4128,ITF,ITF6,18,Calabria,Calabria,1947131,600364,30.83,0.75
2618,2021-03-11,CAL,6888,3283,3605,936,474,574,600,122,88,2560,873,412,249,5630,1258,ITF,ITF6,18,Calabria,Calabria,1947131,607252,31.19,0.35
2619,2021-04-08,CAL,9383,4413,4970,453,178,537,304,216,581,3377,3464,44,229,5704,3679,ITF,ITF6,18,Calabria,Calabria,1947131,616635,31.67,0.48
2620,2021-04-10,CAL,11192,5040,6152,424,161,463,303,145,705,5609,3150,49,183,6359,4833,ITF,ITF6,18,Calabria,Calabria,1947131,627827,32.24,0.57
2621,2021-03-22,CAL,4710,2203,2507,196,125,148,1125,49,50,1994,804,77,142,3041,1669,ITF,ITF6,18,Calabria,Calabria,1947131,632537,32.49,0.24
2622,2021-04-20,CAL,7647,3842,3805,295,301,137,165,420,1716,1066,3151,115,281,6024,1623,ITF,ITF6,18,Calabria,Calabria,1947131,640184,32.88,0.39
2623,2021-01-15,CAL,2795,1258,1537,1692,349,412,0,54,19,44,0,0,225,2795,0,ITF,ITF6,18,Calabria,Calabria,1947131,642979,33.02,0.14
2624,2021-01-20,CAL,1397,624,773,866,127,179,0,41,14,25,0,0,145,1396,1,ITF,ITF6,18,Calabria,Calabria,1947131,644376,33.09,0.07
2625,2021-05-09,CAL,9603,4487,5116,148,316,67,185,1179,1359,598,5175,47,529,6122,3481,ITF,ITF6,18,Calabria,Calabria,1947131,653979,33.59,0.49
2626,2021-02-22,CAL,1998,1014,984,729,231,166,5,32,7,678,33,3,114,1441,557,ITF,ITF6,18,Calabria,Calabria,1947131,655977,33.69,0.1
2627,2021-04-19,CAL,7702,3708,3994,291,132,64,156,244,1972,1172,3484,92,95,6084,1618,ITF,ITF6,18,Calabria,Calabria,1947131,663679,34.08,0.4
2628,2021-05-02,CAL,12431,5803,6628,146,177,26,261,2530,1902,829,6216,69,275,10655,1776,ITF,ITF6,18,Calabria,Calabria,1947131,676110,34.72,0.64
2629,2021-04-20,SAR,10794,4916,5878,144,97,75,31,3944,2527,2007,1901,6,62,7628,3166,ITG,ITG2,20,Sardegna,Sardegna,1639591,10794,0.66,0.66
2630,2021-05-10,SAR,2855,1344,1511,59,37,6,29,241,678,478,1235,62,30,1876,979,ITG,ITG2,20,Sardegna,Sardegna,1639591,13649,0.83,0.17
2631,2021-03-29,SAR,4379,1546,2833,624,490,182,1411,22,117,1022,312,98,101,3791,588,ITG,ITG2,20,Sardegna,Sardegna,1639591,18028,1.1,0.27
2632,2021-01-02,SAR,60,21,39,60,0,0,0,0,0,0,0,0,0,60,0,ITG,ITG2,20,Sardegna,Sardegna,1639591,18088,1.1,0.0
2633,2021-03-09,SAR,5150,2371,2779,1057,567,287,310,9,32,2278,16,561,33,4421,729,ITG,ITG2,20,Sardegna,Sardegna,1639591,23238,1.42,0.31
2634,2021-03-15,SAR,2685,1216,1469,458,591,86,1019,7,10,325,8,170,11,2312,373,ITG,ITG2,20,Sardegna,Sardegna,1639591,25923,1.58,0.16
2635,2021-01-07,SAR,3111,1077,2034,2720,373,0,0,1,2,0,0,11,4,3111,0,ITG,ITG2,20,Sardegna,Sardegna,1639591,29034,1.77,0.19
2636,2021-04-23,SAR,12742,5683,7059,396,189,71,129,2322,2042,3609,3670,8,306,7356,5386,ITG,ITG2,20,Sardegna,Sardegna,1639591,41776,2.55,0.78
2637,2021-02-26,SAR,2800,1108,1692,1224,878,221,7,20,16,289,5,98,42,2494,306,ITG,ITG2,20,Sardegna,Sardegna,1639591,44576,2.72,0.17
2638,2021-02-05,SAR,1897,749,1148,1214,511,164,0,0,0,1,1,3,3,433,1464,ITG,ITG2,20,Sardegna,Sardegna,1639591,46473,2.83,0.12
2639,2021-02-23,SAR,1519,1010,509,602,387,89,0,7,6,16,0,374,38,1285,234,ITG,ITG2,20,Sardegna,Sardegna,1639591,47992,2.93,0.09
2640,2020-12-28,SAR,65,25,40,65,0,0,0,0,0,0,0,0,0,65,0,ITG,ITG2,20,Sardegna,Sardegna,1639591,48057,2.93,0.0
2641,2021-01-13,SAR,573,178,395,494,79,0,0,0,0,0,0,0,0,573,0,ITG,ITG2,20,Sardegna,Sardegna,1639591,48630,2.97,0.03
2642,2021-03-21,SAR,4030,1809,2221,64,240,1,575,14,56,2890,17,107,66,2590,1440,ITG,ITG2,20,Sardegna,Sardegna,1639591,52660,3.21,0.25
2643,2021-03-11,SAR,6035,2725,3310,1011,567,418,102,52,98,2957,120,643,67,4834,1201,ITG,ITG2,20,Sardegna,Sardegna,1639591,58695,3.58,0.37
2644,2021-03-18,SAR,7253,3069,4184,1078,315,354,63,55,639,4243,431,12,63,5650,1603,ITG,ITG2,20,Sardegna,Sardegna,1639591,65948,4.02,0.44
2645,2021-05-07,SAR,13177,6051,7126,238,123,34,207,2269,2174,1517,6471,14,130,8940,4237,ITG,ITG2,20,Sardegna,Sardegna,1639591,79125,4.83,0.8
2646,2021-03-31,SAR,10142,4045,6097,396,575,230,1379,148,701,5008,1487,33,185,7695,2447,ITG,ITG2,20,Sardegna,Sardegna,1639591,89267,5.44,0.62
2647,2021-04-17,SAR,10057,4491,5566,299,90,109,24,1698,2720,3717,1225,3,172,5461,4596,ITG,ITG2,20,Sardegna,Sardegna,1639591,99324,6.06,0.61
2648,2021-01-29,SAR,2952,1067,1885,2581,366,3,0,0,0,0,0,0,2,48,2904,ITG,ITG2,20,Sardegna,Sardegna,1639591,102276,6.24,0.18
2649,2021-03-03,SAR,3854,2068,1786,1070,554,620,1,5,5,704,1,857,37,2607,1247,ITG,ITG2,20,Sardegna,Sardegna,1639591,106130,6.47,0.24
2650,2021-01-09,SAR,4026,1417,2609,3182,832,0,0,3,1,1,0,0,7,4026,0,ITG,ITG2,20,Sardegna,Sardegna,1639591,110156,6.72,0.25
2651,2021-03-01,SAR,2162,1055,1107,1137,341,141,1,8,19,104,10,391,10,1503,659,ITG,ITG2,20,Sardegna,Sardegna,1639591,112318,6.85,0.13
2652,2021-01-22,SAR,83,47,36,45,38,0,0,0,0,0,0,0,0,55,28,ITG,ITG2,20,Sardegna,Sardegna,1639591,112401,6.86,0.01
2653,2021-02-17,SAR,1407,577,830,690,338,313,0,1,0,0,1,33,31,1333,74,ITG,ITG2,20,Sardegna,Sardegna,1639591,113808,6.94,0.09
2654,2021-03-06,SAR,2639,1079,1560,1108,886,469,36,3,10,24,2,79,22,858,1781,ITG,ITG2,20,Sardegna,Sardegna,1639591,116447,7.1,0.16
2655,2021-02-16,SAR,700,289,411,376,211,112,0,0,0,0,0,0,1,673,27,ITG,ITG2,20,Sardegna,Sardegna,1639591,117147,7.14,0.04
2656,2021-04-22,SAR,10318,4569,5749,218,121,76,36,2641,1572,2895,2526,6,227,5473,4845,ITG,ITG2,20,Sardegna,Sardegna,1639591,127465,7.77,0.63
2657,2021-04-27,SAR,7592,3540,4052,164,68,51,42,532,891,1607,4097,2,138,5553,2039,ITG,ITG2,20,Sardegna,Sardegna,1639591,135057,8.24,0.46
2658,2021-03-10,SAR,6009,2917,3092,719,497,414,335,14,85,2986,29,902,28,5159,850,ITG,ITG2,20,Sardegna,Sardegna,1639591,141066,8.6,0.37
2659,2021-04-13,SAR,7592,3587,4005,216,62,45,15,486,3658,1493,1437,144,36,5769,1823,ITG,ITG2,20,Sardegna,Sardegna,1639591,148658,9.07,0.46
2660,2021-02-21,SAR,1589,710,879,67,28,59,0,0,7,1422,0,6,0,1559,30,ITG,ITG2,20,Sardegna,Sardegna,1639591,150247,9.16,0.1
2661,2021-02-28,SAR,368,169,199,245,76,47,0,0,0,0,0,0,0,142,226,ITG,ITG2,20,Sardegna,Sardegna,1639591,150615,9.19,0.02
2662,2021-01-26,SAR,1336,453,883,1296,39,0,1,0,0,0,0,0,0,27,1309,ITG,ITG2,20,Sardegna,Sardegna,1639591,151951,9.27,0.08
2663,2021-02-09,SAR,2286,837,1449,1308,471,497,1,4,0,1,2,0,2,1290,996,ITG,ITG2,20,Sardegna,Sardegna,1639591,154237,9.41,0.14
2664,2021-01-31,SAR,2121,750,1371,1544,555,0,0,6,0,1,1,0,14,48,2073,ITG,ITG2,20,Sardegna,Sardegna,1639591,156358,9.54,0.13
2665,2021-01-16,SAR,1492,525,967,1282,207,0,1,1,1,0,0,0,0,1492,0,ITG,ITG2,20,Sardegna,Sardegna,1639591,157850,9.63,0.09
2666,2021-04-25,SAR,4127,2112,2015,41,4,0,3,1322,894,599,1250,1,13,3612,515,ITG,ITG2,20,Sardegna,Sardegna,1639591,161977,9.88,0.25
2667,2021-02-24,SAR,2410,1292,1118,1193,521,301,0,6,2,7,0,366,14,2221,189,ITG,ITG2,20,Sardegna,Sardegna,1639591,164387,10.03,0.15
2668,2021-03-20,SAR,5193,2073,3120,692,307,127,855,20,91,2744,206,105,46,2916,2277,ITG,ITG2,20,Sardegna,Sardegna,1639591,169580,10.34,0.32
2669,2021-04-06,SAR,7445,3113,4332,657,252,226,456,102,1847,2833,597,35,440,5018,2427,ITG,ITG2,20,Sardegna,Sardegna,1639591,177025,10.8,0.45
2670,2021-03-28,SAR,4619,1814,2805,83,42,23,681,49,131,3276,216,13,105,4540,79,ITG,ITG2,20,Sardegna,Sardegna,1639591,181644,11.08,0.28
2671,2021-01-17,SAR,860,277,583,747,113,0,0,0,0,0,0,0,0,859,1,ITG,ITG2,20,Sardegna,Sardegna,1639591,182504,11.13,0.05
2672,2021-03-19,SAR,7264,3046,4218,1315,773,222,10,141,581,3509,325,247,141,5052,2212,ITG,ITG2,20,Sardegna,Sardegna,1639591,189768,11.57,0.44
2673,2021-04-01,SAR,10099,4025,6074,461,377,210,1257,169,896,4690,1536,203,300,7086,3013,ITG,ITG2,20,Sardegna,Sardegna,1639591,199867,12.19,0.62
2674,2021-04-26,SAR,6807,3258,3549,57,84,24,7,2321,1340,822,2112,4,36,5931,876,ITG,ITG2,20,Sardegna,Sardegna,1639591,206674,12.61,0.42
2675,2021-04-12,SAR,6986,3178,3808,89,83,44,11,599,2825,2205,1004,30,96,5271,1715,ITG,ITG2,20,Sardegna,Sardegna,1639591,213660,13.03,0.43
2676,2021-03-05,SAR,5033,2443,2590,1694,1153,669,10,29,14,647,14,747,56,2681,2352,ITG,ITG2,20,Sardegna,Sardegna,1639591,218693,13.34,0.31
2677,2021-04-30,SAR,10591,5053,5538,383,163,18,207,782,956,1379,6220,334,149,6665,3926,ITG,ITG2,20,Sardegna,Sardegna,1639591,229284,13.98,0.65
2678,2021-03-08,SAR,4004,1786,2218,740,1027,650,153,8,8,854,46,505,13,2784,1220,ITG,ITG2,20,Sardegna,Sardegna,1639591,233288,14.23,0.24
2679,2021-05-02,SAR,5568,2529,3039,78,58,1,54,668,919,406,3237,13,134,5113,455,ITG,ITG2,20,Sardegna,Sardegna,1639591,238856,14.57,0.34
2680,2021-01-11,SAR,1183,505,678,656,525,0,0,0,0,1,0,0,1,1183,0,ITG,ITG2,20,Sardegna,Sardegna,1639591,240039,14.64,0.07
2681,2021-01-25,SAR,588,212,376,553,34,0,0,0,0,0,0,0,1,22,566,ITG,ITG2,20,Sardegna,Sardegna,1639591,240627,14.68,0.04
2682,2021-04-09,SAR,12181,5399,6782,437,257,39,163,442,3512,4893,2183,37,218,7830,4351,ITG,ITG2,20,Sardegna,Sardegna,1639591,252808,15.42,0.74
2683,2021-02-12,SAR,2237,933,1304,986,720,501,0,4,0,1,4,0,21,2178,59,ITG,ITG2,20,Sardegna,Sardegna,1639591,255045,15.56,0.14
2684,2021-04-11,SAR,5392,2442,2950,62,16,1,20,26,3235,1861,150,9,12,4272,1120,ITG,ITG2,20,Sardegna,Sardegna,1639591,260437,15.88,0.33
2685,2021-01-15,SAR,1563,573,990,1170,384,0,0,0,0,0,6,3,0,1563,0,ITG,ITG2,20,Sardegna,Sardegna,1639591,262000,15.98,0.1
2686,2021-01-23,SAR,60,22,38,60,0,0,0,0,0,0,0,0,0,0,60,ITG,ITG2,20,Sardegna,Sardegna,1639591,262060,15.98,0.0
2687,2021-01-12,SAR,865,408,457,504,361,0,0,0,0,0,0,0,0,865,0,ITG,ITG2,20,Sardegna,Sardegna,1639591,262925,16.04,0.05
2688,2021-01-14,SAR,1105,426,679,885,220,0,0,0,0,0,0,0,0,1105,0,ITG,ITG2,20,Sardegna,Sardegna,1639591,264030,16.1,0.07
2689,2021-03-07,SAR,1657,750,907,321,230,78,2,5,1,1012,1,0,7,1117,540,ITG,ITG2,20,Sardegna,Sardegna,1639591,265687,16.2,0.1
2690,2021-03-02,SAR,2865,1459,1406,1067,608,381,2,8,10,324,1,461,3,1712,1153,ITG,ITG2,20,Sardegna,Sardegna,1639591,268552,16.38,0.17
2691,2021-02-11,SAR,1315,490,825,588,266,369,0,31,1,3,0,0,57,1204,111,ITG,ITG2,20,Sardegna,Sardegna,1639591,269867,16.46,0.08
2692,2021-04-07,SAR,13468,5981,7487,673,443,257,352,188,3338,5607,2365,72,173,7819,5649,ITG,ITG2,20,Sardegna,Sardegna,1639591,283335,17.28,0.82
2693,2021-04-14,SAR,8175,3864,4311,145,34,96,17,477,4876,845,1629,1,55,6940,1235,ITG,ITG2,20,Sardegna,Sardegna,1639591,291510,17.78,0.5
2694,2021-02-10,SAR,1959,765,1194,1169,299,488,1,0,1,0,0,0,1,1441,518,ITG,ITG2,20,Sardegna,Sardegna,1639591,293469,17.9,0.12
2695,2021-03-25,SAR,8791,3702,5089,815,312,189,1562,157,455,3870,947,343,141,7487,1304,ITG,ITG2,20,Sardegna,Sardegna,1639591,302260,18.44,0.54
2696,2021-02-20,SAR,2041,855,1186,484,150,195,1,2,4,1204,0,0,1,1707,334,ITG,ITG2,20,Sardegna,Sardegna,1639591,304301,18.56,0.12
2697,2021-02-15,SAR,958,349,609,440,231,279,0,2,0,0,3,0,3,927,31,ITG,ITG2,20,Sardegna,Sardegna,1639591,305259,18.62,0.06
2698,2021-03-13,SAR,2751,1072,1679,274,142,240,132,13,101,1765,22,44,18,2470,281,ITG,ITG2,20,Sardegna,Sardegna,1639591,308010,18.79,0.17
2699,2021-03-27,SAR,5712,2174,3538,331,322,217,1309,31,188,2635,507,83,89,5290,422,ITG,ITG2,20,Sardegna,Sardegna,1639591,313722,19.13,0.35
2700,2021-03-23,SAR,6150,2636,3514,1109,317,283,1140,34,166,2312,614,95,80,5072,1078,ITG,ITG2,20,Sardegna,Sardegna,1639591,319872,19.51,0.38
2701,2020-12-27,SAR,65,34,31,65,0,0,0,0,0,0,0,0,0,65,0,ITG,ITG2,20,Sardegna,Sardegna,1639591,319937,19.51,0.0
2702,2021-01-27,SAR,1409,494,915,1304,103,0,0,0,0,0,0,0,2,79,1330,ITG,ITG2,20,Sardegna,Sardegna,1639591,321346,19.6,0.09
2703,2021-02-02,SAR,1482,655,827,988,475,0,0,0,0,0,0,0,19,241,1241,ITG,ITG2,20,Sardegna,Sardegna,1639591,322828,19.69,0.09
2704,2021-01-20,SAR,210,77,133,154,56,0,0,0,0,0,0,0,0,208,2,ITG,ITG2,20,Sardegna,Sardegna,1639591,323038,19.7,0.01
2705,2021-01-05,SAR,1327,446,881,1283,40,0,0,1,0,0,0,0,3,1327,0,ITG,ITG2,20,Sardegna,Sardegna,1639591,324365,19.78,0.08
2706,2021-05-09,SAR,6119,2869,3250,55,43,13,55,1608,932,630,2595,6,182,5189,930,ITG,ITG2,20,Sardegna,Sardegna,1639591,330484,20.16,0.37
2707,2021-04-03,SAR,4531,1744,2787,181,275,153,425,54,431,2684,209,23,96,2694,1837,ITG,ITG2,20,Sardegna,Sardegna,1639591,335015,20.43,0.28
2708,2021-04-18,SAR,5155,2239,2916,48,6,0,3,863,323,3472,418,11,11,2287,2868,ITG,ITG2,20,Sardegna,Sardegna,1639591,340170,20.75,0.31
2709,2021-03-17,SAR,6556,2849,3707,1077,529,528,128,80,443,3343,369,5,54,4949,1607,ITG,ITG2,20,Sardegna,Sardegna,1639591,346726,21.15,0.4
2710,2021-04-24,SAR,10338,4842,5496,110,55,58,41,1958,1938,2266,3732,2,178,8009,2329,ITG,ITG2,20,Sardegna,Sardegna,1639591,357064,21.78,0.63
2711,2021-05-05,SAR,9664,4413,5251,242,192,77,12,729,3370,702,4104,17,219,7716,1948,ITG,ITG2,20,Sardegna,Sardegna,1639591,366728,22.37,0.59
2712,2021-01-28,SAR,2968,1044,1924,2554,400,0,0,1,0,0,0,11,2,69,2899,ITG,ITG2,20,Sardegna,Sardegna,1639591,369696,22.55,0.18
2713,2021-01-10,SAR,2183,750,1433,1632,548,0,0,0,0,0,0,0,3,2183,0,ITG,ITG2,20,Sardegna,Sardegna,1639591,371879,22.68,0.13
2714,2021-03-14,SAR,606,376,230,34,210,0,12,2,1,251,0,87,9,606,0,ITG,ITG2,20,Sardegna,Sardegna,1639591,372485,22.72,0.04
2715,2021-04-21,SAR,12045,5543,6502,151,63,101,41,2752,1974,4295,2534,8,126,6532,5513,ITG,ITG2,20,Sardegna,Sardegna,1639591,384530,23.45,0.73
2716,2021-04-08,SAR,13424,5922,7502,715,198,77,288,393,2924,4981,3634,41,173,8307,5117,ITG,ITG2,20,Sardegna,Sardegna,1639591,397954,24.27,0.82
2717,2021-01-08,SAR,3258,1184,2074,2930,323,0,0,0,0,2,1,0,2,3258,0,ITG,ITG2,20,Sardegna,Sardegna,1639591,401212,24.47,0.2
2718,2021-02-18,SAR,1878,732,1146,1074,344,298,110,4,0,1,1,33,13,1814,64,ITG,ITG2,20,Sardegna,Sardegna,1639591,403090,24.58,0.11
2719,2021-02-27,SAR,1921,647,1274,1055,316,306,0,15,2,178,3,0,46,1366,555,ITG,ITG2,20,Sardegna,Sardegna,1639591,405011,24.7,0.12
2720,2021-04-04,SAR,1,0,1,0,0,0,0,0,0,1,0,0,0,0,1,ITG,ITG2,20,Sardegna,Sardegna,1639591,405012,24.7,0.0
2721,2021-02-04,SAR,2271,816,1455,1737,360,170,0,1,1,1,1,0,0,916,1355,ITG,ITG2,20,Sardegna,Sardegna,1639591,407283,24.84,0.14
2722,2021-02-19,SAR,1498,472,1026,677,390,388,0,4,4,1,13,1,20,1442,56,ITG,ITG2,20,Sardegna,Sardegna,1639591,408781,24.93,0.09
2723,2021-04-05,SAR,2036,784,1252,55,150,0,694,93,395,150,123,22,354,2035,1,ITG,ITG2,20,Sardegna,Sardegna,1639591,410817,25.06,0.12
2724,2021-05-03,SAR,8145,3807,4338,215,124,26,16,933,1254,716,4723,78,60,6577,1568,ITG,ITG2,20,Sardegna,Sardegna,1639591,418962,25.55,0.5
2725,2020-12-29,SAR,57,32,25,56,1,0,0,0,0,0,0,0,0,57,0,ITG,ITG2,20,Sardegna,Sardegna,1639591,419019,25.56,0.0
2726,2021-03-16,SAR,4374,1949,2425,663,224,352,8,36,163,2549,337,1,41,3452,922,ITG,ITG2,20,Sardegna,Sardegna,1639591,423393,25.82,0.27
2727,2021-03-26,SAR,8087,3178,4909,845,567,414,1523,140,466,2761,1002,227,142,6562,1525,ITG,ITG2,20,Sardegna,Sardegna,1639591,431480,26.32,0.49
2728,2021-04-28,SAR,8722,4117,4605,111,89,48,11,1014,1415,2159,3787,4,84,5032,3690,ITG,ITG2,20,Sardegna,Sardegna,1639591,440202,26.85,0.53
2729,2021-02-14,SAR,539,263,276,284,188,57,0,2,0,3,1,0,4,537,2,ITG,ITG2,20,Sardegna,Sardegna,1639591,440741,26.88,0.03
2730,2021-01-06,SAR,1615,549,1066,1510,99,0,0,0,0,1,0,0,5,1615,0,ITG,ITG2,20,Sardegna,Sardegna,1639591,442356,26.98,0.1
2731,2021-02-25,SAR,2898,1254,1644,1474,611,466,9,6,2,241,2,74,13,2293,605,ITG,ITG2,20,Sardegna,Sardegna,1639591,445254,27.16,0.18
2732,2021-03-12,SAR,5756,2408,3348,1048,766,464,159,33,56,2573,84,468,105,4448,1308,ITG,ITG2,20,Sardegna,Sardegna,1639591,451010,27.51,0.35
2733,2021-01-04,SAR,592,217,375,565,20,0,0,0,0,1,1,0,5,592,0,ITG,ITG2,20,Sardegna,Sardegna,1639591,451602,27.54,0.04
2734,2021-02-07,SAR,1116,394,722,975,141,0,0,0,0,0,0,0,0,228,888,ITG,ITG2,20,Sardegna,Sardegna,1639591,452718,27.61,0.07
2735,2020-12-31,SAR,32,16,16,28,4,0,0,0,0,0,0,0,0,32,0,ITG,ITG2,20,Sardegna,Sardegna,1639591,452750,27.61,0.0
2736,2021-02-01,SAR,1524,605,919,896,551,77,0,0,0,0,0,0,0,225,1299,ITG,ITG2,20,Sardegna,Sardegna,1639591,454274,27.71,0.09
2737,2021-01-19,SAR,747,270,477,423,163,160,1,0,0,0,0,0,0,692,55,ITG,ITG2,20,Sardegna,Sardegna,1639591,455021,27.75,0.05
2738,2021-01-18,SAR,904,326,578,714,188,0,0,0,0,0,0,1,1,780,124,ITG,ITG2,20,Sardegna,Sardegna,1639591,455925,27.81,0.06
2739,2021-03-30,SAR,8582,3436,5146,651,514,237,1453,104,894,3361,1211,60,97,6310,2272,ITG,ITG2,20,Sardegna,Sardegna,1639591,464507,28.33,0.52
2740,2021-01-03,SAR,90,36,54,89,1,0,0,0,0,0,0,0,0,90,0,ITG,ITG2,20,Sardegna,Sardegna,1639591,464597,28.34,0.01
2741,2021-01-30,SAR,3862,1392,2470,2987,873,0,0,0,0,1,0,0,1,362,3500,ITG,ITG2,20,Sardegna,Sardegna,1639591,468459,28.57,0.24
2742,2021-01-21,SAR,126,60,66,60,66,0,0,0,0,0,0,0,0,94,32,ITG,ITG2,20,Sardegna,Sardegna,1639591,468585,28.58,0.01
2743,2021-05-04,SAR,9464,4347,5117,344,182,13,14,1553,2048,552,4645,22,91,7640,1824,ITG,ITG2,20,Sardegna,Sardegna,1639591,478049,29.16,0.58
2744,2021-02-03,SAR,1119,419,700,920,169,19,0,1,0,0,0,0,10,426,693,ITG,ITG2,20,Sardegna,Sardegna,1639591,479168,29.22,0.07
2745,2021-04-02,SAR,8986,3546,5440,533,693,177,1309,96,803,4222,920,71,162,5744,3242,ITG,ITG2,20,Sardegna,Sardegna,1639591,488154,29.77,0.55
2746,2021-04-16,SAR,14434,6488,7946,477,159,107,27,2161,4365,4312,2688,19,119,9091,5343,ITG,ITG2,20,Sardegna,Sardegna,1639591,502588,30.65,0.88
2747,2021-01-24,SAR,90,34,56,89,1,0,0,0,0,0,0,0,0,5,85,ITG,ITG2,20,Sardegna,Sardegna,1639591,502678,30.66,0.01
2748,2021-03-24,SAR,7285,2997,4288,739,254,397,1059,58,400,3165,788,330,95,5926,1359,ITG,ITG2,20,Sardegna,Sardegna,1639591,509963,31.1,0.44
2749,2021-05-01,SAR,9263,4460,4803,116,39,10,5,495,1190,2581,4728,8,91,5268,3995,ITG,ITG2,20,Sardegna,Sardegna,1639591,519226,31.67,0.56
2750,2021-03-22,SAR,3548,1362,2186,838,344,109,1136,15,42,784,153,105,22,3035,513,ITG,ITG2,20,Sardegna,Sardegna,1639591,522774,31.88,0.22
2751,2021-04-10,SAR,10323,4654,5669,153,110,11,218,590,4668,3601,804,11,157,8388,1935,ITG,ITG2,20,Sardegna,Sardegna,1639591,533097,32.51,0.63
2752,2021-02-06,SAR,1970,697,1273,1544,284,139,1,0,1,0,0,0,1,569,1401,ITG,ITG2,20,Sardegna,Sardegna,1639591,535067,32.63,0.12
2753,2021-02-13,SAR,1456,565,891,732,433,256,5,4,3,1,1,0,21,1454,2,ITG,ITG2,20,Sardegna,Sardegna,1639591,536523,32.72,0.09
2754,2021-02-08,SAR,1470,533,937,998,337,126,0,1,0,1,1,1,5,856,614,ITG,ITG2,20,Sardegna,Sardegna,1639591,537993,32.81,0.09
2755,2021-01-01,SAR,32,17,15,30,0,0,0,0,0,0,2,0,0,32,0,ITG,ITG2,20,Sardegna,Sardegna,1639591,538025,32.81,0.0
2756,2021-05-08,SAR,12013,5532,6481,104,84,8,237,2543,1807,1038,5943,12,237,9881,2132,ITG,ITG2,20,Sardegna,Sardegna,1639591,550038,33.55,0.73
2757,2021-05-06,SAR,11877,5500,6377,261,121,69,113,2702,1302,1215,5892,48,154,8879,2998,ITG,ITG2,20,Sardegna,Sardegna,1639591,561915,34.27,0.72
2758,2021-04-19,SAR,10107,4589,5518,186,75,88,43,3704,3199,1398,1377,6,31,8752,1355,ITG,ITG2,20,Sardegna,Sardegna,1639591,572022,34.89,0.62
2759,2021-03-04,SAR,4002,1953,2049,987,552,542,42,44,18,1153,1,581,82,2747,1255,ITG,ITG2,20,Sardegna,Sardegna,1639591,576024,35.13,0.24
2760,2021-02-22,SAR,1638,948,690,606,294,190,0,6,3,5,11,516,7,1410,228,ITG,ITG2,20,Sardegna,Sardegna,1639591,577662,35.23,0.1
2761,2021-04-15,SAR,11784,5509,6275,271,93,135,20,1055,4003,3897,2147,29,134,6835,4949,ITG,ITG2,20,Sardegna,Sardegna,1639591,589446,35.95,0.72
2762,2021-04-29,SAR,10279,4774,5505,237,94,57,21,955,1181,1272,6308,5,149,6355,3924,ITG,ITG2,20,Sardegna,Sardegna,1639591,599725,36.58,0.63
