,data,area,Vaccinazioni giornaliere,sesso_maschile,sesso_femminile,Operatori sanitari - sociosanitari,Personale non sanitario,Ospiti RSA,categoria_over80,prima_dose,seconda_dose,codice_NUTS1,codice_NUTS2,codice_regione_ISTAT,nome_area,Regione,popolazione,Totale vaccinazioni,Totale vaccinazioni ogni cento ab,Vaccinazioni giornaliere ogni cento ab
0,2021-01-17,ABR,187,59,128,136,51,0,0,180,7,ITF,ITF1,13,Abruzzo,Abruzzo,1304970,187,0.01,0.01
1,2021-02-04,ABR,1681,616,1065,1168,456,57,0,609,1072,ITF,ITF1,13,Abruzzo,Abruzzo,1304970,1868,0.14,0.13
2,2021-01-23,ABR,263,114,149,223,14,26,0,57,206,ITF,ITF1,13,Abruzzo,Abruzzo,1304970,2131,0.16,0.02
3,2021-02-09,ABR,908,311,597,612,165,131,0,499,409,ITF,ITF1,13,Abruzzo,Abruzzo,1304970,3039,0.23,0.07
4,2021-01-21,ABR,157,47,110,10,6,141,0,157,0,ITF,ITF1,13,Abruzzo,Abruzzo,1304970,3196,0.24,0.01
5,2021-02-15,ABR,1793,830,963,625,733,221,214,1751,42,ITF,ITF1,13,Abruzzo,Abruzzo,1304970,4989,0.38,0.14
6,2021-02-12,ABR,968,319,649,438,220,310,0,779,189,ITF,ITF1,13,Abruzzo,Abruzzo,1304970,5957,0.46,0.07
7,2021-01-22,ABR,118,57,61,2,4,112,0,118,0,ITF,ITF1,13,Abruzzo,Abruzzo,1304970,6075,0.47,0.01
8,2021-02-13,ABR,840,380,460,545,223,72,0,437,403,ITF,ITF1,13,Abruzzo,Abruzzo,1304970,6915,0.53,0.06
9,2021-01-12,ABR,1804,666,1138,1470,334,0,0,1804,0,ITF,ITF1,13,Abruzzo,Abruzzo,1304970,8719,0.67,0.14
10,2020-12-27,ABR,37,19,18,34,1,2,0,37,0,ITF,ITF1,13,Abruzzo,Abruzzo,1304970,8756,0.67,0.0
11,2021-01-31,ABR,1502,488,1014,1154,245,103,0,287,1215,ITF,ITF1,13,Abruzzo,Abruzzo,1304970,10258,0.79,0.12
12,2021-01-24,ABR,50,22,28,49,1,0,0,6,44,ITF,ITF1,13,Abruzzo,Abruzzo,1304970,10308,0.79,0.0
13,2021-01-27,ABR,1364,515,849,1301,63,0,0,39,1325,ITF,ITF1,13,Abruzzo,Abruzzo,1304970,11672,0.89,0.1
14,2021-01-20,ABR,447,156,291,147,96,204,0,445,2,ITF,ITF1,13,Abruzzo,Abruzzo,1304970,12119,0.93,0.03
15,2021-02-01,ABR,1632,573,1059,1384,247,1,0,271,1361,ITF,ITF1,13,Abruzzo,Abruzzo,1304970,13751,1.05,0.13
16,2021-01-04,ABR,1401,575,826,1396,5,0,0,1401,0,ITF,ITF1,13,Abruzzo,Abruzzo,1304970,15152,1.16,0.11
17,2021-02-03,ABR,2061,717,1344,1541,402,118,0,419,1642,ITF,ITF1,13,Abruzzo,Abruzzo,1304970,17213,1.32,0.16
18,2021-01-03,ABR,471,185,286,464,7,0,0,471,0,ITF,ITF1,13,Abruzzo,Abruzzo,1304970,17684,1.36,0.04
19,2021-01-19,ABR,111,55,56,27,34,50,0,91,20,ITF,ITF1,13,Abruzzo,Abruzzo,1304970,17795,1.36,0.01
20,2021-01-28,ABR,1432,494,938,1369,62,1,0,12,1420,ITF,ITF1,13,Abruzzo,Abruzzo,1304970,19227,1.47,0.11
21,2021-01-13,ABR,1253,440,813,1103,150,0,0,1253,0,ITF,ITF1,13,Abruzzo,Abruzzo,1304970,20480,1.57,0.1
22,2021-02-11,ABR,816,262,554,473,189,154,0,773,43,ITF,ITF1,13,Abruzzo,Abruzzo,1304970,21296,1.63,0.06
23,2021-01-16,ABR,927,428,499,710,202,15,0,927,0,ITF,ITF1,13,Abruzzo,Abruzzo,1304970,22223,1.7,0.07
24,2021-01-18,ABR,122,48,74,106,14,2,0,46,76,ITF,ITF1,13,Abruzzo,Abruzzo,1304970,22345,1.71,0.01
25,2021-01-05,ABR,1614,604,1010,1604,10,0,0,1614,0,ITF,ITF1,13,Abruzzo,Abruzzo,1304970,23959,1.84,0.12
26,2021-01-06,ABR,1830,664,1166,1546,151,133,0,1830,0,ITF,ITF1,13,Abruzzo,Abruzzo,1304970,25789,1.98,0.14
27,2021-01-15,ABR,379,149,230,223,121,35,0,379,0,ITF,ITF1,13,Abruzzo,Abruzzo,1304970,26168,2.01,0.03
28,2021-02-08,ABR,1197,396,801,710,223,264,0,491,706,ITF,ITF1,13,Abruzzo,Abruzzo,1304970,27365,2.1,0.09
29,2021-01-29,ABR,1386,449,937,1290,96,0,0,74,1312,ITF,ITF1,13,Abruzzo,Abruzzo,1304970,28751,2.2,0.11
30,2021-02-17,ABR,2071,947,1124,511,452,394,714,1789,282,ITF,ITF1,13,Abruzzo,Abruzzo,1304970,30822,2.36,0.16
31,2021-01-25,ABR,1603,632,971,1583,20,0,0,20,1583,ITF,ITF1,13,Abruzzo,Abruzzo,1304970,32425,2.48,0.12
32,2021-01-09,ABR,1483,565,918,1430,53,0,0,1483,0,ITF,ITF1,13,Abruzzo,Abruzzo,1304970,33908,2.6,0.11
33,2021-02-19,ABR,918,459,459,276,264,158,220,910,8,ITF,ITF1,13,Abruzzo,Abruzzo,1304970,34826,2.67,0.07
34,2021-01-08,ABR,1525,507,1018,1487,38,0,0,1525,0,ITF,ITF1,13,Abruzzo,Abruzzo,1304970,36351,2.79,0.12
35,2021-02-16,ABR,1918,842,1076,841,588,139,350,1906,12,ITF,ITF1,13,Abruzzo,Abruzzo,1304970,38269,2.93,0.15
36,2021-01-07,ABR,1603,552,1051,1566,37,0,0,1603,0,ITF,ITF1,13,Abruzzo,Abruzzo,1304970,39872,3.06,0.12
37,2021-02-18,ABR,2288,933,1355,670,595,413,610,2158,130,ITF,ITF1,13,Abruzzo,Abruzzo,1304970,42160,3.23,0.18
38,2021-01-14,ABR,530,189,341,364,166,0,0,530,0,ITF,ITF1,13,Abruzzo,Abruzzo,1304970,42690,3.27,0.04
39,2021-02-10,ABR,947,312,635,621,210,116,0,503,444,ITF,ITF1,13,Abruzzo,Abruzzo,1304970,43637,3.34,0.07
40,2021-01-26,ABR,1542,567,975,1513,29,0,0,29,1513,ITF,ITF1,13,Abruzzo,Abruzzo,1304970,45179,3.46,0.12
41,2021-01-10,ABR,1139,409,730,1091,48,0,0,1139,0,ITF,ITF1,13,Abruzzo,Abruzzo,1304970,46318,3.55,0.09
42,2021-01-30,ABR,1509,566,943,1348,114,47,0,69,1440,ITF,ITF1,13,Abruzzo,Abruzzo,1304970,47827,3.66,0.12
43,2021-01-02,ABR,548,218,330,540,8,0,0,548,0,ITF,ITF1,13,Abruzzo,Abruzzo,1304970,48375,3.71,0.04
44,2021-02-05,ABR,1534,520,1014,1187,241,106,0,787,747,ITF,ITF1,13,Abruzzo,Abruzzo,1304970,49909,3.82,0.12
45,2021-02-06,ABR,1611,742,869,1168,371,72,0,602,1009,ITF,ITF1,13,Abruzzo,Abruzzo,1304970,51520,3.95,0.12
46,2021-02-02,ABR,1778,672,1106,1235,404,139,0,241,1537,ITF,ITF1,13,Abruzzo,Abruzzo,1304970,53298,4.08,0.14
47,2021-01-11,ABR,1551,557,994,1337,166,48,0,1551,0,ITF,ITF1,13,Abruzzo,Abruzzo,1304970,54849,4.2,0.12
48,2021-01-08,LIG,2685,927,1758,1911,429,345,0,2685,0,ITC,ITC3,7,Liguria,Liguria,1550640,2685,0.17,0.17
49,2021-01-07,LIG,2936,1015,1921,2144,434,358,0,2936,0,ITC,ITC3,7,Liguria,Liguria,1550640,5621,0.36,0.19
50,2021-02-19,LIG,481,200,281,248,115,2,116,371,110,ITC,ITC3,7,Liguria,Liguria,1550640,6102,0.39,0.03
51,2021-02-18,LIG,2047,917,1130,740,365,76,866,1924,123,ITC,ITC3,7,Liguria,Liguria,1550640,8149,0.53,0.13
52,2021-02-11,LIG,1510,629,881,938,254,318,0,1108,402,ITC,ITC3,7,Liguria,Liguria,1550640,9659,0.62,0.1
53,2021-01-01,LIG,144,55,89,139,5,0,0,144,0,ITC,ITC3,7,Liguria,Liguria,1550640,9803,0.63,0.01
54,2021-01-18,LIG,1632,624,1008,1004,409,219,0,1483,149,ITC,ITC3,7,Liguria,Liguria,1550640,11435,0.74,0.11
55,2021-01-16,LIG,1254,544,710,687,268,299,0,1254,0,ITC,ITC3,7,Liguria,Liguria,1550640,12689,0.82,0.08
56,2020-12-29,LIG,118,32,86,87,10,21,0,118,0,ITC,ITC3,7,Liguria,Liguria,1550640,12807,0.83,0.01
57,2021-02-02,LIG,2535,953,1582,1832,265,438,0,223,2312,ITC,ITC3,7,Liguria,Liguria,1550640,15342,0.99,0.16
58,2021-01-05,LIG,2754,860,1894,2217,306,231,0,2754,0,ITC,ITC3,7,Liguria,Liguria,1550640,18096,1.17,0.18
59,2021-01-15,LIG,2166,727,1439,1227,430,509,0,2166,0,ITC,ITC3,7,Liguria,Liguria,1550640,20262,1.31,0.14
60,2021-01-06,LIG,1628,601,1027,1197,254,113,64,1628,0,ITC,ITC3,7,Liguria,Liguria,1550640,21890,1.41,0.1
61,2021-01-10,LIG,643,258,385,327,140,176,0,643,0,ITC,ITC3,7,Liguria,Liguria,1550640,22533,1.45,0.04
62,2021-01-20,LIG,1184,449,735,535,330,319,0,1173,11,ITC,ITC3,7,Liguria,Liguria,1550640,23717,1.53,0.08
63,2021-01-28,LIG,2743,935,1808,2127,310,306,0,34,2709,ITC,ITC3,7,Liguria,Liguria,1550640,26460,1.71,0.18
64,2021-01-02,LIG,686,245,441,590,96,0,0,686,0,ITC,ITC3,7,Liguria,Liguria,1550640,27146,1.75,0.04
65,2021-01-11,LIG,2467,910,1557,1869,326,272,0,2467,0,ITC,ITC3,7,Liguria,Liguria,1550640,29613,1.91,0.16
66,2021-02-16,LIG,1921,823,1098,660,422,128,711,1848,73,ITC,ITC3,7,Liguria,Liguria,1550640,31534,2.03,0.12
67,2021-01-14,LIG,2613,926,1687,1609,573,431,0,2613,0,ITC,ITC3,7,Liguria,Liguria,1550640,34147,2.2,0.17
68,2021-01-09,LIG,1309,467,842,948,173,188,0,1309,0,ITC,ITC3,7,Liguria,Liguria,1550640,35456,2.29,0.08
69,2021-02-10,LIG,2116,777,1339,1187,448,481,0,1099,1017,ITC,ITC3,7,Liguria,Liguria,1550640,37572,2.42,0.14
70,2021-01-31,LIG,617,264,353,382,101,134,0,7,610,ITC,ITC3,7,Liguria,Liguria,1550640,38189,2.46,0.04
71,2021-01-21,LIG,831,308,523,440,193,197,1,460,371,ITC,ITC3,7,Liguria,Liguria,1550640,39020,2.52,0.05
72,2021-01-25,LIG,2572,835,1737,2068,221,283,0,462,2110,ITC,ITC3,7,Liguria,Liguria,1550640,41592,2.68,0.17
73,2021-02-12,LIG,1578,626,952,718,203,228,429,1005,573,ITC,ITC3,7,Liguria,Liguria,1550640,43170,2.78,0.1
74,2021-02-13,LIG,1052,494,558,501,157,140,254,781,271,ITC,ITC3,7,Liguria,Liguria,1550640,44222,2.85,0.07
75,2021-02-17,LIG,2104,970,1134,694,355,107,948,1999,105,ITC,ITC3,7,Liguria,Liguria,1550640,46326,2.99,0.14
76,2021-01-17,LIG,856,298,558,458,137,261,0,856,0,ITC,ITC3,7,Liguria,Liguria,1550640,47182,3.04,0.06
77,2021-02-15,LIG,1877,736,1141,813,265,150,649,1670,207,ITC,ITC3,7,Liguria,Liguria,1550640,49059,3.16,0.12
78,2020-12-30,LIG,9,3,6,9,0,0,0,9,0,ITC,ITC3,7,Liguria,Liguria,1550640,49068,3.16,0.0
79,2021-02-09,LIG,1690,629,1061,929,384,377,0,366,1324,ITC,ITC3,7,Liguria,Liguria,1550640,50758,3.27,0.11
80,2021-01-23,LIG,799,289,510,630,126,43,0,145,654,ITC,ITC3,7,Liguria,Liguria,1550640,51557,3.32,0.05
81,2021-02-04,LIG,2749,960,1789,1789,492,468,0,237,2512,ITC,ITC3,7,Liguria,Liguria,1550640,54306,3.5,0.18
82,2021-02-07,LIG,399,150,249,146,70,183,0,3,396,ITC,ITC3,7,Liguria,Liguria,1550640,54705,3.53,0.03
83,2021-01-04,LIG,2370,782,1588,2053,226,91,0,2370,0,ITC,ITC3,7,Liguria,Liguria,1550640,57075,3.68,0.15
84,2020-12-31,LIG,948,334,614,713,54,153,28,948,0,ITC,ITC3,7,Liguria,Liguria,1550640,58023,3.74,0.06
85,2021-01-13,LIG,2635,964,1671,1811,372,452,0,2635,0,ITC,ITC3,7,Liguria,Liguria,1550640,60658,3.91,0.17
86,2021-02-03,LIG,2176,741,1435,1519,288,369,0,240,1936,ITC,ITC3,7,Liguria,Liguria,1550640,62834,4.05,0.14
87,2021-01-03,LIG,727,226,501,651,76,0,0,727,0,ITC,ITC3,7,Liguria,Liguria,1550640,63561,4.1,0.05
88,2021-01-30,LIG,1624,548,1076,1208,166,250,0,21,1603,ITC,ITC3,7,Liguria,Liguria,1550640,65185,4.2,0.1
89,2021-01-19,LIG,1175,398,777,573,349,253,0,1090,85,ITC,ITC3,7,Liguria,Liguria,1550640,66360,4.28,0.08
90,2021-02-05,LIG,2408,881,1527,1530,445,433,0,331,2077,ITC,ITC3,7,Liguria,Liguria,1550640,68768,4.43,0.16
91,2021-02-06,LIG,1869,756,1113,1252,242,375,0,145,1724,ITC,ITC3,7,Liguria,Liguria,1550640,70637,4.56,0.12
92,2020-12-28,LIG,75,26,49,72,3,0,0,75,0,ITC,ITC3,7,Liguria,Liguria,1550640,70712,4.56,0.0
93,2021-01-24,LIG,749,232,517,626,63,60,0,113,636,ITC,ITC3,7,Liguria,Liguria,1550640,71461,4.61,0.05
94,2020-12-27,LIG,132,54,78,85,2,45,0,132,0,ITC,ITC3,7,Liguria,Liguria,1550640,71593,4.62,0.01
95,2021-01-26,LIG,2393,775,1618,1880,262,251,0,153,2240,ITC,ITC3,7,Liguria,Liguria,1550640,73986,4.77,0.15
96,2021-02-14,LIG,224,119,105,29,30,105,60,224,0,ITC,ITC3,7,Liguria,Liguria,1550640,74210,4.79,0.01
97,2021-01-27,LIG,1613,576,1037,1264,174,175,0,180,1433,ITC,ITC3,7,Liguria,Liguria,1550640,75823,4.89,0.1
98,2021-01-12,LIG,2237,823,1414,1570,291,376,0,2237,0,ITC,ITC3,7,Liguria,Liguria,1550640,78060,5.03,0.14
99,2021-02-01,LIG,2317,841,1476,1795,210,312,0,68,2249,ITC,ITC3,7,Liguria,Liguria,1550640,80377,5.18,0.15
100,2021-02-08,LIG,1728,678,1050,1143,387,198,0,292,1436,ITC,ITC3,7,Liguria,Liguria,1550640,82105,5.29,0.11
101,2021-01-29,LIG,2801,977,1824,2115,330,356,0,40,2761,ITC,ITC3,7,Liguria,Liguria,1550640,84906,5.48,0.18
102,2021-01-22,LIG,1623,545,1078,863,267,493,0,1150,473,ITC,ITC3,7,Liguria,Liguria,1550640,86529,5.58,0.1
103,2021-02-01,UMB,1260,333,927,876,32,352,0,47,1213,ITI,ITI2,10,Umbria,Umbria,882015,1260,0.14,0.14
104,2021-01-02,UMB,301,110,191,301,0,0,0,301,0,ITI,ITI2,10,Umbria,Umbria,882015,1561,0.18,0.03
105,2021-01-11,UMB,1271,336,935,878,20,373,0,1271,0,ITI,ITI2,10,Umbria,Umbria,882015,2832,0.32,0.14
106,2021-01-25,UMB,647,322,325,645,2,0,0,5,642,ITI,ITI2,10,Umbria,Umbria,882015,3479,0.39,0.07
107,2021-02-05,UMB,780,234,546,645,51,84,0,18,762,ITI,ITI2,10,Umbria,Umbria,882015,4259,0.48,0.09
108,2021-01-19,UMB,103,23,80,21,2,80,0,103,0,ITI,ITI2,10,Umbria,Umbria,882015,4362,0.49,0.01
109,2021-01-07,UMB,1291,383,908,883,4,404,0,1291,0,ITI,ITI2,10,Umbria,Umbria,882015,5653,0.64,0.15
110,2021-02-06,UMB,396,138,258,333,47,16,0,34,362,ITI,ITI2,10,Umbria,Umbria,882015,6049,0.69,0.04
111,2021-02-03,UMB,725,174,551,560,37,128,0,67,658,ITI,ITI2,10,Umbria,Umbria,882015,6774,0.77,0.08
112,2021-01-04,UMB,809,397,412,808,1,0,0,809,0,ITI,ITI2,10,Umbria,Umbria,882015,7583,0.86,0.09
113,2021-01-06,UMB,843,323,520,840,3,0,0,843,0,ITI,ITI2,10,Umbria,Umbria,882015,8426,0.96,0.1
114,2021-02-16,UMB,1307,655,652,33,12,0,1262,1298,9,ITI,ITI2,10,Umbria,Umbria,882015,9733,1.1,0.15
115,2021-02-17,UMB,1618,748,870,363,15,0,1240,1267,351,ITI,ITI2,10,Umbria,Umbria,882015,11351,1.29,0.18
116,2021-01-05,UMB,850,428,422,845,5,0,0,850,0,ITI,ITI2,10,Umbria,Umbria,882015,12201,1.38,0.1
117,2021-02-08,UMB,637,203,434,368,116,153,0,88,549,ITI,ITI2,10,Umbria,Umbria,882015,12838,1.46,0.07
118,2021-01-16,UMB,221,73,148,146,32,43,0,221,0,ITI,ITI2,10,Umbria,Umbria,882015,13059,1.48,0.03
119,2021-01-15,UMB,692,212,480,588,44,60,0,692,0,ITI,ITI2,10,Umbria,Umbria,882015,13751,1.56,0.08
120,2021-01-14,UMB,749,200,549,696,36,17,0,749,0,ITI,ITI2,10,Umbria,Umbria,882015,14500,1.64,0.08
121,2021-01-09,UMB,1719,492,1227,888,10,821,0,1719,0,ITI,ITI2,10,Umbria,Umbria,882015,16219,1.84,0.19
122,2021-02-02,UMB,942,274,668,713,17,212,0,32,910,ITI,ITI2,10,Umbria,Umbria,882015,17161,1.95,0.11
123,2021-02-10,UMB,715,349,366,606,106,3,0,700,15,ITI,ITI2,10,Umbria,Umbria,882015,17876,2.03,0.08
124,2021-01-13,UMB,450,139,311,379,29,42,0,450,0,ITI,ITI2,10,Umbria,Umbria,882015,18326,2.08,0.05
125,2021-01-18,UMB,588,215,373,315,149,124,0,504,84,ITI,ITI2,10,Umbria,Umbria,882015,18914,2.14,0.07
126,2021-02-15,UMB,1367,692,675,10,8,0,1349,1366,1,ITI,ITI2,10,Umbria,Umbria,882015,20281,2.3,0.15
127,2021-01-27,UMB,838,329,509,837,1,0,0,13,825,ITI,ITI2,10,Umbria,Umbria,882015,21119,2.39,0.1
128,2021-02-13,UMB,115,28,87,68,46,0,1,112,3,ITI,ITI2,10,Umbria,Umbria,882015,21234,2.41,0.01
129,2021-01-26,UMB,814,390,424,813,1,0,0,18,796,ITI,ITI2,10,Umbria,Umbria,882015,22048,2.5,0.09
130,2021-01-22,UMB,276,105,171,273,1,2,0,32,244,ITI,ITI2,10,Umbria,Umbria,882015,22324,2.53,0.03
131,2021-02-12,UMB,671,224,447,459,210,1,1,664,7,ITI,ITI2,10,Umbria,Umbria,882015,22995,2.61,0.08
132,2021-01-31,UMB,1056,276,780,765,10,281,0,25,1031,ITI,ITI2,10,Umbria,Umbria,882015,24051,2.73,0.12
133,2021-01-20,UMB,613,222,391,583,16,14,0,613,0,ITI,ITI2,10,Umbria,Umbria,882015,24664,2.8,0.07
134,2021-01-03,UMB,267,111,156,267,0,0,0,267,0,ITI,ITI2,10,Umbria,Umbria,882015,24931,2.83,0.03
135,2021-01-23,UMB,277,100,177,276,1,0,0,2,275,ITI,ITI2,10,Umbria,Umbria,882015,25208,2.86,0.03
136,2021-01-28,UMB,1240,392,848,891,4,345,0,19,1221,ITI,ITI2,10,Umbria,Umbria,882015,26448,3.0,0.14
137,2021-01-10,UMB,1056,275,781,740,9,307,0,1056,0,ITI,ITI2,10,Umbria,Umbria,882015,27504,3.12,0.12
138,2021-02-04,UMB,732,226,506,692,20,20,0,25,707,ITI,ITI2,10,Umbria,Umbria,882015,28236,3.2,0.08
139,2021-02-18,UMB,1424,567,857,317,15,108,984,1028,396,ITI,ITI2,10,Umbria,Umbria,882015,29660,3.36,0.16
140,2021-01-08,UMB,1173,337,836,926,9,238,0,1173,0,ITI,ITI2,10,Umbria,Umbria,882015,30833,3.5,0.13
141,2020-12-31,UMB,322,127,195,310,12,0,0,322,0,ITI,ITI2,10,Umbria,Umbria,882015,31155,3.53,0.04
142,2021-02-19,UMB,658,263,395,233,12,12,401,469,189,ITI,ITI2,10,Umbria,Umbria,882015,31813,3.61,0.07
143,2021-02-07,UMB,54,17,37,46,8,0,0,1,53,ITI,ITI2,10,Umbria,Umbria,882015,31867,3.61,0.01
144,2021-01-29,UMB,1221,343,878,934,16,271,0,79,1142,ITI,ITI2,10,Umbria,Umbria,882015,33088,3.75,0.14
145,2021-01-24,UMB,254,104,150,254,0,0,0,1,253,ITI,ITI2,10,Umbria,Umbria,882015,33342,3.78,0.03
146,2020-12-27,UMB,85,45,40,67,2,16,0,85,0,ITI,ITI2,10,Umbria,Umbria,882015,33427,3.79,0.01
147,2021-01-30,UMB,1576,483,1093,841,18,716,1,43,1533,ITI,ITI2,10,Umbria,Umbria,882015,35003,3.97,0.18
148,2021-01-21,UMB,608,201,407,427,13,168,0,339,269,ITI,ITI2,10,Umbria,Umbria,882015,35611,4.04,0.07
149,2021-01-17,UMB,54,17,37,47,7,0,0,54,0,ITI,ITI2,10,Umbria,Umbria,882015,35665,4.04,0.01
150,2021-01-12,UMB,784,247,537,665,14,105,0,784,0,ITI,ITI2,10,Umbria,Umbria,882015,36449,4.13,0.09
151,2021-02-11,UMB,841,349,492,734,102,5,0,834,7,ITI,ITI2,10,Umbria,Umbria,882015,37290,4.23,0.1
152,2021-01-01,UMB,269,102,167,268,1,0,0,269,0,ITI,ITI2,10,Umbria,Umbria,882015,37559,4.26,0.03
153,2021-02-01,PIE,8638,3052,5586,6162,1402,1074,0,578,8060,ITC,ITC1,1,Piemonte,Piemonte,4356406,8638,0.2,0.2
154,2021-02-05,PIE,9444,3073,6371,5757,2043,1644,0,654,8790,ITC,ITC1,1,Piemonte,Piemonte,4356406,18082,0.42,0.22
155,2021-02-19,PIE,1243,469,774,755,332,155,1,1081,162,ITC,ITC1,1,Piemonte,Piemonte,4356406,19325,0.44,0.03
156,2021-01-19,PIE,6310,2075,4235,3573,1291,1446,0,6297,13,ITC,ITC1,1,Piemonte,Piemonte,4356406,25635,0.59,0.14
157,2021-02-03,PIE,10145,3292,6853,6613,2299,1233,0,609,9536,ITC,ITC1,1,Piemonte,Piemonte,4356406,35780,0.82,0.23
158,2021-02-12,PIE,6785,2161,4624,3512,1613,1660,0,3874,2911,ITC,ITC1,1,Piemonte,Piemonte,4356406,42565,0.98,0.16
159,2021-01-16,PIE,7753,2631,5122,4796,1589,1368,0,7753,0,ITC,ITC1,1,Piemonte,Piemonte,4356406,50318,1.16,0.18
160,2021-02-13,PIE,4084,1284,2800,2304,669,1110,1,2860,1224,ITC,ITC1,1,Piemonte,Piemonte,4356406,54402,1.25,0.09
161,2021-01-04,PIE,5559,1676,3883,4587,737,235,0,5559,0,ITC,ITC1,1,Piemonte,Piemonte,4356406,59961,1.38,0.13
162,2021-01-03,PIE,3061,966,2095,2714,295,52,0,3061,0,ITC,ITC1,1,Piemonte,Piemonte,4356406,63022,1.45,0.07
163,2021-01-18,PIE,6092,2037,4055,3221,1401,1470,0,5844,248,ITC,ITC1,1,Piemonte,Piemonte,4356406,69114,1.59,0.14
164,2021-02-17,PIE,3609,1188,2421,2155,1012,441,1,2621,988,ITC,ITC1,1,Piemonte,Piemonte,4356406,72723,1.67,0.08
165,2021-01-29,PIE,5847,1853,3994,4117,1058,672,0,454,5393,ITC,ITC1,1,Piemonte,Piemonte,4356406,78570,1.8,0.13
166,2021-01-07,PIE,5370,1731,3639,4145,884,341,0,5370,0,ITC,ITC1,1,Piemonte,Piemonte,4356406,83940,1.93,0.12
167,2021-02-16,PIE,3212,1076,2136,1804,857,551,0,2456,756,ITC,ITC1,1,Piemonte,Piemonte,4356406,87152,2.0,0.07
168,2021-01-09,PIE,6182,2185,3997,4486,1128,568,0,6182,0,ITC,ITC1,1,Piemonte,Piemonte,4356406,93334,2.14,0.14
169,2021-02-14,PIE,1410,456,954,793,332,285,0,812,598,ITC,ITC1,1,Piemonte,Piemonte,4356406,94744,2.17,0.03
170,2021-01-06,PIE,3114,1110,2004,2368,433,313,0,3114,0,ITC,ITC1,1,Piemonte,Piemonte,4356406,97858,2.25,0.07
171,2021-01-27,PIE,4193,1452,2741,2981,655,557,0,999,3194,ITC,ITC1,1,Piemonte,Piemonte,4356406,102051,2.34,0.1
172,2021-02-09,PIE,7263,2293,4970,4138,1365,1760,0,717,6546,ITC,ITC1,1,Piemonte,Piemonte,4356406,109314,2.51,0.17
173,2021-02-15,PIE,4048,1292,2756,2298,843,906,1,2844,1204,ITC,ITC1,1,Piemonte,Piemonte,4356406,113362,2.6,0.09
174,2021-01-20,PIE,6373,2033,4340,3560,1153,1660,0,5647,726,ITC,ITC1,1,Piemonte,Piemonte,4356406,119735,2.75,0.15
175,2021-01-05,PIE,5376,1602,3774,4362,729,285,0,5376,0,ITC,ITC1,1,Piemonte,Piemonte,4356406,125111,2.87,0.12
176,2021-01-15,PIE,8958,2951,6007,5492,1925,1541,0,8958,0,ITC,ITC1,1,Piemonte,Piemonte,4356406,134069,3.08,0.21
177,2021-01-28,PIE,5442,1770,3672,4019,852,571,0,349,5093,ITC,ITC1,1,Piemonte,Piemonte,4356406,139511,3.2,0.12
178,2021-01-11,PIE,8739,2979,5760,6052,1561,1126,0,8739,0,ITC,ITC1,1,Piemonte,Piemonte,4356406,148250,3.4,0.2
179,2021-02-02,PIE,10159,3484,6675,6825,2034,1300,0,795,9364,ITC,ITC1,1,Piemonte,Piemonte,4356406,158409,3.64,0.23
180,2021-01-14,PIE,9761,3150,6611,6175,2102,1484,0,9761,0,ITC,ITC1,1,Piemonte,Piemonte,4356406,168170,3.86,0.22
181,2021-01-23,PIE,4217,1321,2896,3189,522,506,0,877,3340,ITC,ITC1,1,Piemonte,Piemonte,4356406,172387,3.96,0.1
182,2021-02-11,PIE,6509,2012,4497,3392,1280,1837,0,2913,3596,ITC,ITC1,1,Piemonte,Piemonte,4356406,178896,4.11,0.15
183,2021-02-10,PIE,7285,2310,4975,3834,1495,1956,0,1309,5976,ITC,ITC1,1,Piemonte,Piemonte,4356406,186181,4.27,0.17
184,2021-01-17,PIE,3518,1168,2350,2083,595,840,0,2870,648,ITC,ITC1,1,Piemonte,Piemonte,4356406,189699,4.35,0.08
185,2021-01-26,PIE,6323,1875,4448,4720,875,728,0,734,5589,ITC,ITC1,1,Piemonte,Piemonte,4356406,196022,4.5,0.15
186,2021-02-04,PIE,10187,3335,6852,6232,2199,1756,0,581,9606,ITC,ITC1,1,Piemonte,Piemonte,4356406,206209,4.73,0.23
187,2021-01-31,PIE,4105,1748,2357,3076,654,375,0,112,3993,ITC,ITC1,1,Piemonte,Piemonte,4356406,210314,4.83,0.09
188,2021-02-18,PIE,3676,1191,2485,2211,923,541,1,3339,337,ITC,ITC1,1,Piemonte,Piemonte,4356406,213990,4.91,0.08
189,2020-12-30,PIE,730,322,408,685,45,0,0,730,0,ITC,ITC1,1,Piemonte,Piemonte,4356406,214720,4.93,0.02
190,2021-02-07,PIE,3087,974,2113,1649,662,776,0,445,2642,ITC,ITC1,1,Piemonte,Piemonte,4356406,217807,5.0,0.07
191,2021-01-08,PIE,5528,1761,3767,4078,1029,421,0,5528,0,ITC,ITC1,1,Piemonte,Piemonte,4356406,223335,5.13,0.13
192,2020-12-31,PIE,3879,1318,2561,3387,358,134,0,3879,0,ITC,ITC1,1,Piemonte,Piemonte,4356406,227214,5.22,0.09
193,2021-01-25,PIE,6209,1938,4271,4782,865,562,0,980,5229,ITC,ITC1,1,Piemonte,Piemonte,4356406,233423,5.36,0.14
194,2021-01-21,PIE,6706,2257,4449,4677,858,1171,0,3220,3486,ITC,ITC1,1,Piemonte,Piemonte,4356406,240129,5.51,0.15
195,2021-01-01,PIE,1038,395,643,922,116,0,0,1038,0,ITC,ITC1,1,Piemonte,Piemonte,4356406,241167,5.54,0.02
196,2020-12-27,PIE,912,368,544,760,76,76,0,912,0,ITC,ITC1,1,Piemonte,Piemonte,4356406,242079,5.56,0.02
197,2021-01-22,PIE,3817,1234,2583,2273,649,895,0,2475,1342,ITC,ITC1,1,Piemonte,Piemonte,4356406,245896,5.64,0.09
198,2021-02-08,PIE,6878,2350,4528,3776,1553,1549,0,664,6214,ITC,ITC1,1,Piemonte,Piemonte,4356406,252774,5.8,0.16
199,2021-01-12,PIE,9989,3387,6602,6821,1996,1172,0,9989,0,ITC,ITC1,1,Piemonte,Piemonte,4356406,262763,6.03,0.23
200,2021-01-10,PIE,5207,2273,2934,3904,784,519,0,5207,0,ITC,ITC1,1,Piemonte,Piemonte,4356406,267970,6.15,0.12
201,2021-02-06,PIE,7978,2663,5315,5097,1628,1253,0,400,7578,ITC,ITC1,1,Piemonte,Piemonte,4356406,275948,6.33,0.18
202,2021-01-13,PIE,10040,3214,6826,6457,2256,1327,0,10040,0,ITC,ITC1,1,Piemonte,Piemonte,4356406,285988,6.56,0.23
203,2021-01-30,PIE,5976,2134,3842,4365,1116,495,0,217,5759,ITC,ITC1,1,Piemonte,Piemonte,4356406,291964,6.7,0.14
204,2021-01-02,PIE,3539,1134,2405,3072,414,53,0,3539,0,ITC,ITC1,1,Piemonte,Piemonte,4356406,295503,6.78,0.08
205,2021-01-24,PIE,3150,957,2193,2632,372,146,0,434,2716,ITC,ITC1,1,Piemonte,Piemonte,4356406,298653,6.86,0.07
206,2021-01-21,PAT,349,93,256,318,15,16,0,227,122,ITH,ITH2,4,Provincia Autonoma Trento,P.A. Trento,541380,349,0.06,0.06
207,2021-01-30,PAT,383,130,253,345,7,31,0,151,232,ITH,ITH2,4,Provincia Autonoma Trento,P.A. Trento,541380,732,0.14,0.07
208,2021-01-14,PAT,696,201,495,477,11,208,0,696,0,ITH,ITH2,4,Provincia Autonoma Trento,P.A. Trento,541380,1428,0.26,0.13
209,2021-01-24,PAT,545,274,271,533,12,0,0,222,323,ITH,ITH2,4,Provincia Autonoma Trento,P.A. Trento,541380,1973,0.36,0.1
210,2021-01-13,PAT,420,123,297,391,6,23,0,420,0,ITH,ITH2,4,Provincia Autonoma Trento,P.A. Trento,541380,2393,0.44,0.08
211,2021-01-29,PAT,1349,331,1018,722,86,541,0,54,1295,ITH,ITH2,4,Provincia Autonoma Trento,P.A. Trento,541380,3742,0.69,0.25
212,2021-02-12,PAT,986,333,653,332,70,55,529,565,421,ITH,ITH2,4,Provincia Autonoma Trento,P.A. Trento,541380,4728,0.87,0.18
213,2021-02-13,PAT,536,333,203,370,11,0,155,171,365,ITH,ITH2,4,Provincia Autonoma Trento,P.A. Trento,541380,5264,0.97,0.1
214,2021-01-27,PAT,732,257,475,395,34,303,0,72,660,ITH,ITH2,4,Provincia Autonoma Trento,P.A. Trento,541380,5996,1.11,0.14
215,2021-01-09,PAT,184,40,144,139,14,31,0,184,0,ITH,ITH2,4,Provincia Autonoma Trento,P.A. Trento,541380,6180,1.14,0.03
216,2021-01-22,PAT,1623,419,1204,872,128,623,0,313,1310,ITH,ITH2,4,Provincia Autonoma Trento,P.A. Trento,541380,7803,1.44,0.3
217,2021-02-16,PAT,633,238,395,71,85,3,474,628,5,ITH,ITH2,4,Provincia Autonoma Trento,P.A. Trento,541380,8436,1.56,0.12
218,2021-01-23,PAT,570,330,240,480,2,88,0,384,186,ITH,ITH2,4,Provincia Autonoma Trento,P.A. Trento,541380,9006,1.66,0.11
219,2020-12-31,PAT,1595,438,1157,817,108,670,0,1595,0,ITH,ITH2,4,Provincia Autonoma Trento,P.A. Trento,541380,10601,1.96,0.29
220,2021-01-08,PAT,1442,312,1130,764,152,526,0,1442,0,ITH,ITH2,4,Provincia Autonoma Trento,P.A. Trento,541380,12043,2.22,0.27
221,2021-01-18,PAT,640,154,486,527,40,73,0,586,54,ITH,ITH2,4,Provincia Autonoma Trento,P.A. Trento,541380,12683,2.34,0.12
222,2021-02-15,PAT,508,181,327,143,31,27,307,395,113,ITH,ITH2,4,Provincia Autonoma Trento,P.A. Trento,541380,13191,2.44,0.09
223,2021-01-06,PAT,42,13,29,42,0,0,0,42,0,ITH,ITH2,4,Provincia Autonoma Trento,P.A. Trento,541380,13233,2.44,0.01
224,2021-02-09,PAT,911,285,626,441,50,73,347,439,472,ITH,ITH2,4,Provincia Autonoma Trento,P.A. Trento,541380,14144,2.61,0.17
225,2021-01-05,PAT,707,231,476,494,52,161,0,707,0,ITH,ITH2,4,Provincia Autonoma Trento,P.A. Trento,541380,14851,2.74,0.13
226,2021-02-06,PAT,572,296,276,178,21,0,373,432,140,ITH,ITH2,4,Provincia Autonoma Trento,P.A. Trento,541380,15423,2.85,0.11
227,2021-02-02,PAT,889,237,652,462,92,171,164,190,699,ITH,ITH2,4,Provincia Autonoma Trento,P.A. Trento,541380,16312,3.01,0.16
228,2021-01-20,PAT,288,71,217,229,11,48,0,276,12,ITH,ITH2,4,Provincia Autonoma Trento,P.A. Trento,541380,16600,3.07,0.05
229,2021-01-02,PAT,498,142,356,334,25,139,0,498,0,ITH,ITH2,4,Provincia Autonoma Trento,P.A. Trento,541380,17098,3.16,0.09
230,2021-01-11,PAT,724,220,504,516,58,150,0,724,0,ITH,ITH2,4,Provincia Autonoma Trento,P.A. Trento,541380,17822,3.29,0.13
231,2020-12-27,PAT,103,40,63,76,6,21,0,103,0,ITH,ITH2,4,Provincia Autonoma Trento,P.A. Trento,541380,17925,3.31,0.02
232,2021-02-17,PAT,1052,404,648,319,76,35,622,961,91,ITH,ITH2,4,Provincia Autonoma Trento,P.A. Trento,541380,18977,3.51,0.19
233,2021-01-15,PAT,590,130,460,459,21,110,0,590,0,ITH,ITH2,4,Provincia Autonoma Trento,P.A. Trento,541380,19567,3.61,0.11
234,2021-01-31,PAT,74,15,59,55,13,6,0,0,74,ITH,ITH2,4,Provincia Autonoma Trento,P.A. Trento,541380,19641,3.63,0.01
235,2021-02-10,PAT,827,282,545,302,109,51,365,489,338,ITH,ITH2,4,Provincia Autonoma Trento,P.A. Trento,541380,20468,3.78,0.15
236,2021-01-10,PAT,84,19,65,53,19,12,0,84,0,ITH,ITH2,4,Provincia Autonoma Trento,P.A. Trento,541380,20552,3.8,0.02
237,2021-02-11,PAT,1119,360,759,322,64,48,685,784,335,ITH,ITH2,4,Provincia Autonoma Trento,P.A. Trento,541380,21671,4.0,0.21
238,2021-01-01,PAT,206,48,158,109,11,86,0,206,0,ITH,ITH2,4,Provincia Autonoma Trento,P.A. Trento,541380,21877,4.04,0.04
239,2021-01-12,PAT,501,158,343,410,32,59,0,501,0,ITH,ITH2,4,Provincia Autonoma Trento,P.A. Trento,541380,22378,4.13,0.09
240,2021-02-01,PAT,1217,333,884,765,83,369,0,92,1125,ITH,ITH2,4,Provincia Autonoma Trento,P.A. Trento,541380,23595,4.36,0.22
241,2021-01-07,PAT,1269,310,959,649,64,556,0,1269,0,ITH,ITH2,4,Provincia Autonoma Trento,P.A. Trento,541380,24864,4.59,0.23
242,2021-01-25,PAT,774,205,569,482,30,262,0,23,751,ITH,ITH2,4,Provincia Autonoma Trento,P.A. Trento,541380,25638,4.74,0.14
243,2021-02-08,PAT,1148,318,830,545,65,237,301,340,808,ITH,ITH2,4,Provincia Autonoma Trento,P.A. Trento,541380,26786,4.95,0.21
244,2021-01-17,PAT,251,195,56,251,0,0,0,251,0,ITH,ITH2,4,Provincia Autonoma Trento,P.A. Trento,541380,27037,4.99,0.05
245,2021-02-04,PAT,969,302,667,542,15,88,324,418,551,ITH,ITH2,4,Provincia Autonoma Trento,P.A. Trento,541380,28006,5.17,0.18
246,2021-02-05,PAT,796,269,527,466,22,65,243,279,517,ITH,ITH2,4,Provincia Autonoma Trento,P.A. Trento,541380,28802,5.32,0.15
247,2021-01-16,PAT,318,147,171,303,1,14,0,318,0,ITH,ITH2,4,Provincia Autonoma Trento,P.A. Trento,541380,29120,5.38,0.06
248,2021-02-18,PAT,1130,411,719,304,77,35,714,1067,63,ITH,ITH2,4,Provincia Autonoma Trento,P.A. Trento,541380,30250,5.59,0.21
249,2021-02-03,PAT,844,312,532,318,62,74,390,414,430,ITH,ITH2,4,Provincia Autonoma Trento,P.A. Trento,541380,31094,5.74,0.16
250,2021-02-19,PAT,260,106,154,43,3,0,214,253,7,ITH,ITH2,4,Provincia Autonoma Trento,P.A. Trento,541380,31354,5.79,0.05
251,2021-01-03,PAT,483,158,325,409,12,62,0,483,0,ITH,ITH2,4,Provincia Autonoma Trento,P.A. Trento,541380,31837,5.88,0.09
252,2021-02-14,PAT,246,186,60,240,6,0,0,11,235,ITH,ITH2,4,Provincia Autonoma Trento,P.A. Trento,541380,32083,5.93,0.05
253,2021-01-04,PAT,852,223,629,481,49,322,0,852,0,ITH,ITH2,4,Provincia Autonoma Trento,P.A. Trento,541380,32935,6.08,0.16
254,2021-01-19,PAT,403,77,326,361,6,36,0,403,0,ITH,ITH2,4,Provincia Autonoma Trento,P.A. Trento,541380,33338,6.16,0.07
255,2021-01-28,PAT,530,147,383,351,72,107,0,48,482,ITH,ITH2,4,Provincia Autonoma Trento,P.A. Trento,541380,33868,6.26,0.1
256,2020-12-30,PAT,6,2,4,4,1,1,0,6,0,ITH,ITH2,4,Provincia Autonoma Trento,P.A. Trento,541380,33874,6.26,0.0
257,2021-01-26,PAT,497,138,359,397,16,84,0,25,472,ITH,ITH2,4,Provincia Autonoma Trento,P.A. Trento,541380,34371,6.35,0.09
258,2020-12-31,LOM,713,300,413,656,57,0,0,713,0,ITC,ITC4,3,Lombardia,Lombardia,10060574,713,0.01,0.01
259,2021-01-08,LOM,12588,3893,8695,8633,3705,218,32,12588,0,ITC,ITC4,3,Lombardia,Lombardia,10060574,13301,0.13,0.13
260,2020-12-30,LOM,113,42,71,105,8,0,0,113,0,ITC,ITC4,3,Lombardia,Lombardia,10060574,13414,0.13,0.0
261,2021-02-09,LOM,11662,3206,8456,5513,2278,3796,75,3763,7899,ITC,ITC4,3,Lombardia,Lombardia,10060574,25076,0.25,0.12
262,2021-02-18,LOM,12555,4481,8074,5745,2754,1049,3007,11810,745,ITC,ITC4,3,Lombardia,Lombardia,10060574,37631,0.37,0.12
263,2021-02-15,LOM,8231,2916,5315,5544,1888,795,4,7815,416,ITC,ITC4,3,Lombardia,Lombardia,10060574,45862,0.46,0.08
264,2021-01-21,LOM,5234,1542,3692,1812,3180,240,2,4548,686,ITC,ITC4,3,Lombardia,Lombardia,10060574,51096,0.51,0.05
265,2021-01-12,LOM,19648,6551,13097,10921,7211,1358,158,19648,0,ITC,ITC4,3,Lombardia,Lombardia,10060574,70744,0.7,0.2
266,2021-01-01,LOM,24,7,17,21,3,0,0,24,0,ITC,ITC4,3,Lombardia,Lombardia,10060574,70768,0.7,0.0
267,2021-02-19,LOM,4863,1975,2888,1677,1098,267,1821,4645,218,ITC,ITC4,3,Lombardia,Lombardia,10060574,75631,0.75,0.05
268,2021-02-08,LOM,9526,2793,6733,5103,2183,2187,53,1984,7542,ITC,ITC4,3,Lombardia,Lombardia,10060574,85157,0.85,0.09
269,2021-01-22,LOM,2823,797,2026,1016,1660,141,6,2771,52,ITC,ITC4,3,Lombardia,Lombardia,10060574,87980,0.87,0.03
270,2020-12-27,LOM,702,407,295,551,137,13,1,702,0,ITC,ITC4,3,Lombardia,Lombardia,10060574,88682,0.88,0.01
271,2021-02-04,LOM,26434,7758,18676,14979,5933,5330,192,1830,24604,ITC,ITC4,3,Lombardia,Lombardia,10060574,115116,1.14,0.26
272,2021-02-17,LOM,11145,3530,7615,7242,2225,1643,35,9873,1272,ITC,ITC4,3,Lombardia,Lombardia,10060574,126261,1.26,0.11
273,2021-02-01,LOM,15735,5203,10532,11353,3448,891,43,312,15423,ITC,ITC4,3,Lombardia,Lombardia,10060574,141996,1.41,0.16
274,2021-01-31,LOM,9508,3641,5867,7273,2141,87,7,32,9476,ITC,ITC4,3,Lombardia,Lombardia,10060574,151504,1.51,0.09
275,2021-02-03,LOM,24627,7659,16968,14887,5783,3818,139,906,23721,ITC,ITC4,3,Lombardia,Lombardia,10060574,176131,1.75,0.24
276,2021-01-04,LOM,5976,2058,3918,4598,1197,166,15,5976,0,ITC,ITC4,3,Lombardia,Lombardia,10060574,182107,1.81,0.06
277,2021-01-28,LOM,11939,3618,8321,8785,2286,838,30,768,11171,ITC,ITC4,3,Lombardia,Lombardia,10060574,194046,1.93,0.12
278,2021-01-19,LOM,7899,2300,5599,3092,2926,1768,113,7423,476,ITC,ITC4,3,Lombardia,Lombardia,10060574,201945,2.01,0.08
279,2021-02-14,LOM,3499,1514,1985,2600,875,24,0,2936,563,ITC,ITC4,3,Lombardia,Lombardia,10060574,205444,2.04,0.03
280,2021-01-03,LOM,852,316,536,710,137,4,1,852,0,ITC,ITC4,3,Lombardia,Lombardia,10060574,206296,2.05,0.01
281,2021-02-07,LOM,7042,2749,4293,5019,1773,233,17,339,6703,ITC,ITC4,3,Lombardia,Lombardia,10060574,213338,2.12,0.07
282,2020-12-28,LOM,103,44,59,102,1,0,0,103,0,ITC,ITC4,3,Lombardia,Lombardia,10060574,213441,2.12,0.0
283,2021-01-26,LOM,8312,2697,5615,6559,1543,203,7,322,7990,ITC,ITC4,3,Lombardia,Lombardia,10060574,221753,2.2,0.08
284,2021-01-17,LOM,8042,3258,4784,5099,2776,122,45,7844,198,ITC,ITC4,3,Lombardia,Lombardia,10060574,229795,2.28,0.08
285,2021-01-30,LOM,12068,4451,7617,9661,2240,159,8,191,11877,ITC,ITC4,3,Lombardia,Lombardia,10060574,241863,2.4,0.12
286,2021-02-05,LOM,24273,7067,17206,13552,6331,4134,256,2030,22243,ITC,ITC4,3,Lombardia,Lombardia,10060574,266136,2.65,0.24
287,2021-01-24,LOM,1184,453,731,798,361,24,1,522,662,ITC,ITC4,3,Lombardia,Lombardia,10060574,267320,2.66,0.01
288,2021-01-16,LOM,15255,5687,9568,8147,5655,1274,179,15255,0,ITC,ITC4,3,Lombardia,Lombardia,10060574,282575,2.81,0.15
289,2021-01-18,LOM,8918,2910,6008,4077,3283,1442,116,7936,982,ITC,ITC4,3,Lombardia,Lombardia,10060574,291493,2.9,0.09
290,2021-01-05,LOM,7672,2513,5159,5711,1786,167,8,7672,0,ITC,ITC4,3,Lombardia,Lombardia,10060574,299165,2.97,0.08
291,2021-01-06,LOM,7042,2486,4556,5262,1742,35,3,7042,0,ITC,ITC4,3,Lombardia,Lombardia,10060574,306207,3.04,0.07
292,2021-01-29,LOM,13226,4064,9162,10288,2373,556,9,593,12633,ITC,ITC4,3,Lombardia,Lombardia,10060574,319433,3.18,0.13
293,2021-01-09,LOM,12375,4558,7817,8133,4040,192,10,12375,0,ITC,ITC4,3,Lombardia,Lombardia,10060574,331808,3.3,0.12
294,2021-01-07,LOM,11555,3593,7962,8085,2804,594,72,11555,0,ITC,ITC4,3,Lombardia,Lombardia,10060574,343363,3.41,0.11
295,2021-02-16,LOM,8766,2869,5897,5441,2153,1164,8,8323,443,ITC,ITC4,3,Lombardia,Lombardia,10060574,352129,3.5,0.09
296,2020-12-29,LOM,100,43,57,100,0,0,0,100,0,ITC,ITC4,3,Lombardia,Lombardia,10060574,352229,3.5,0.0
297,2021-01-13,LOM,25489,7861,17628,11965,9674,3543,307,25489,0,ITC,ITC4,3,Lombardia,Lombardia,10060574,377718,3.75,0.25
298,2021-02-10,LOM,13471,4291,9180,7972,2613,2791,95,7112,6359,ITC,ITC4,3,Lombardia,Lombardia,10060574,391189,3.89,0.13
299,2021-01-10,LOM,10510,3955,6555,6864,3621,8,17,10510,0,ITC,ITC4,3,Lombardia,Lombardia,10060574,401699,3.99,0.1
300,2021-01-25,LOM,7007,2363,4644,5499,1318,180,10,477,6530,ITC,ITC4,3,Lombardia,Lombardia,10060574,408706,4.06,0.07
301,2021-02-12,LOM,12622,4003,8619,7107,3018,2455,42,8386,4236,ITC,ITC4,3,Lombardia,Lombardia,10060574,421328,4.19,0.13
302,2021-01-27,LOM,7989,2665,5324,6074,1711,202,2,816,7173,ITC,ITC4,3,Lombardia,Lombardia,10060574,429317,4.27,0.08
303,2021-02-13,LOM,6188,2378,3810,3824,1736,612,16,4895,1293,ITC,ITC4,3,Lombardia,Lombardia,10060574,435505,4.33,0.06
304,2021-02-06,LOM,14592,5356,9236,9240,3495,1787,70,880,13712,ITC,ITC4,3,Lombardia,Lombardia,10060574,450097,4.47,0.15
305,2021-01-02,LOM,199,72,127,177,22,0,0,199,0,ITC,ITC4,3,Lombardia,Lombardia,10060574,450296,4.48,0.0
306,2021-01-15,LOM,24340,7167,17173,10191,9918,3826,405,24340,0,ITC,ITC4,3,Lombardia,Lombardia,10060574,474636,4.72,0.24
307,2021-01-11,LOM,15976,5309,10667,10161,5163,552,100,15976,0,ITC,ITC4,3,Lombardia,Lombardia,10060574,490612,4.88,0.16
308,2021-02-02,LOM,19404,6439,12965,13125,4574,1627,78,478,18926,ITC,ITC4,3,Lombardia,Lombardia,10060574,510016,5.07,0.19
309,2021-01-20,LOM,5445,1338,4107,1971,2175,1209,90,5330,115,ITC,ITC4,3,Lombardia,Lombardia,10060574,515461,5.12,0.05
310,2021-01-14,LOM,25963,7592,18371,11323,9520,4661,459,25963,0,ITC,ITC4,3,Lombardia,Lombardia,10060574,541424,5.38,0.26
311,2021-02-11,LOM,15889,4754,11135,8872,3573,3414,30,8988,6901,ITC,ITC4,3,Lombardia,Lombardia,10060574,557313,5.54,0.16
312,2021-01-23,LOM,1095,351,744,481,578,36,0,897,198,ITC,ITC4,3,Lombardia,Lombardia,10060574,558408,5.55,0.01
313,2021-01-04,PAB,469,191,278,397,72,0,0,469,0,ITH,ITH1,4,Provincia Autonoma Bolzano / Bozen,P.A. Bolzano,533050,469,0.09,0.09
314,2021-01-07,PAB,892,317,575,613,227,0,52,892,0,ITH,ITH1,4,Provincia Autonoma Bolzano / Bozen,P.A. Bolzano,533050,1361,0.26,0.17
315,2021-02-01,PAB,1381,403,978,703,382,296,0,10,1371,ITH,ITH1,4,Provincia Autonoma Bolzano / Bozen,P.A. Bolzano,533050,2742,0.51,0.26
316,2021-02-06,PAB,2276,1018,1258,435,371,0,1470,18,2258,ITH,ITH1,4,Provincia Autonoma Bolzano / Bozen,P.A. Bolzano,533050,5018,0.94,0.43
317,2021-02-05,PAB,2788,1035,1753,640,677,394,1077,6,2782,ITH,ITH1,4,Provincia Autonoma Bolzano / Bozen,P.A. Bolzano,533050,7806,1.46,0.52
318,2021-01-22,PAB,241,138,103,129,24,85,3,124,117,ITH,ITH1,4,Provincia Autonoma Bolzano / Bozen,P.A. Bolzano,533050,8047,1.51,0.05
319,2021-02-03,PAB,1445,457,988,615,441,321,68,5,1440,ITH,ITH1,4,Provincia Autonoma Bolzano / Bozen,P.A. Bolzano,533050,9492,1.78,0.27
320,2021-01-19,PAB,810,349,461,170,65,0,575,680,130,ITH,ITH1,4,Provincia Autonoma Bolzano / Bozen,P.A. Bolzano,533050,10302,1.93,0.15
321,2021-01-06,PAB,59,18,41,59,0,0,0,59,0,ITH,ITH1,4,Provincia Autonoma Bolzano / Bozen,P.A. Bolzano,533050,10361,1.94,0.01
322,2021-02-16,PAB,528,205,323,10,7,0,511,528,0,ITH,ITH1,4,Provincia Autonoma Bolzano / Bozen,P.A. Bolzano,533050,10889,2.04,0.1
323,2021-01-11,PAB,1501,476,1025,532,645,174,150,1501,0,ITH,ITH1,4,Provincia Autonoma Bolzano / Bozen,P.A. Bolzano,533050,12390,2.32,0.28
324,2020-12-30,PAB,362,168,194,321,41,0,0,362,0,ITH,ITH1,4,Provincia Autonoma Bolzano / Bozen,P.A. Bolzano,533050,12752,2.39,0.07
325,2021-01-02,PAB,91,48,43,69,22,0,0,91,0,ITH,ITH1,4,Provincia Autonoma Bolzano / Bozen,P.A. Bolzano,533050,12843,2.41,0.02
326,2021-01-09,PAB,600,317,283,75,439,74,12,600,0,ITH,ITH1,4,Provincia Autonoma Bolzano / Bozen,P.A. Bolzano,533050,13443,2.52,0.11
327,2021-02-08,PAB,1,1,0,0,1,0,0,1,0,ITH,ITH1,4,Provincia Autonoma Bolzano / Bozen,P.A. Bolzano,533050,13444,2.52,0.0
328,2021-01-14,PAB,1807,539,1268,476,760,285,286,1807,0,ITH,ITH1,4,Provincia Autonoma Bolzano / Bozen,P.A. Bolzano,533050,15251,2.86,0.34
329,2021-01-15,PAB,3026,1119,1907,532,898,336,1260,3026,0,ITH,ITH1,4,Provincia Autonoma Bolzano / Bozen,P.A. Bolzano,533050,18277,3.43,0.57
330,2021-02-02,PAB,1730,499,1231,617,499,605,9,7,1723,ITH,ITH1,4,Provincia Autonoma Bolzano / Bozen,P.A. Bolzano,533050,20007,3.75,0.32
331,2021-01-13,PAB,1316,409,907,367,588,255,106,1316,0,ITH,ITH1,4,Provincia Autonoma Bolzano / Bozen,P.A. Bolzano,533050,21323,4.0,0.25
332,2021-01-18,PAB,1656,638,1018,369,299,7,981,1651,5,ITH,ITH1,4,Provincia Autonoma Bolzano / Bozen,P.A. Bolzano,533050,22979,4.31,0.31
333,2021-02-12,PAB,691,208,483,301,281,102,7,446,245,ITH,ITH1,4,Provincia Autonoma Bolzano / Bozen,P.A. Bolzano,533050,23670,4.44,0.13
334,2021-01-27,PAB,84,28,56,54,30,0,0,1,83,ITH,ITH1,4,Provincia Autonoma Bolzano / Bozen,P.A. Bolzano,533050,23754,4.46,0.02
335,2021-02-13,PAB,318,79,239,126,184,7,1,312,6,ITH,ITH1,4,Provincia Autonoma Bolzano / Bozen,P.A. Bolzano,533050,24072,4.52,0.06
336,2021-01-10,PAB,2,2,0,1,1,0,0,2,0,ITH,ITH1,4,Provincia Autonoma Bolzano / Bozen,P.A. Bolzano,533050,24074,4.52,0.0
337,2021-01-20,PAB,608,247,361,282,76,0,250,401,207,ITH,ITH1,4,Provincia Autonoma Bolzano / Bozen,P.A. Bolzano,533050,24682,4.63,0.11
338,2021-01-25,PAB,461,176,285,379,81,0,1,3,458,ITH,ITH1,4,Provincia Autonoma Bolzano / Bozen,P.A. Bolzano,533050,25143,4.72,0.09
339,2021-01-17,PAB,2269,1024,1245,54,236,19,1960,2257,12,ITH,ITH1,4,Provincia Autonoma Bolzano / Bozen,P.A. Bolzano,533050,27412,5.14,0.43
340,2021-01-28,PAB,867,307,560,584,214,69,0,10,857,ITH,ITH1,4,Provincia Autonoma Bolzano / Bozen,P.A. Bolzano,533050,28279,5.31,0.16
341,2021-01-23,PAB,195,115,80,183,12,0,0,0,195,ITH,ITH1,4,Provincia Autonoma Bolzano / Bozen,P.A. Bolzano,533050,28474,5.34,0.04
342,2021-02-09,PAB,317,126,191,64,24,2,227,1,316,ITH,ITH1,4,Provincia Autonoma Bolzano / Bozen,P.A. Bolzano,533050,28791,5.4,0.06
343,2021-02-04,PAB,1839,556,1283,623,598,404,214,8,1831,ITH,ITH1,4,Provincia Autonoma Bolzano / Bozen,P.A. Bolzano,533050,30630,5.75,0.34
344,2021-01-08,PAB,1486,469,1017,758,466,166,96,1486,0,ITH,ITH1,4,Provincia Autonoma Bolzano / Bozen,P.A. Bolzano,533050,32116,6.02,0.28
345,2020-12-31,PAB,867,497,370,439,428,0,0,867,0,ITH,ITH1,4,Provincia Autonoma Bolzano / Bozen,P.A. Bolzano,533050,32983,6.19,0.16
346,2021-02-18,PAB,1592,388,1204,14,1567,11,0,1589,3,ITH,ITH1,4,Provincia Autonoma Bolzano / Bozen,P.A. Bolzano,533050,34575,6.49,0.3
347,2021-01-16,PAB,2748,1229,1519,450,360,77,1861,2748,0,ITH,ITH1,4,Provincia Autonoma Bolzano / Bozen,P.A. Bolzano,533050,37323,7.0,0.52
348,2021-01-26,PAB,809,291,518,670,139,0,0,1,808,ITH,ITH1,4,Provincia Autonoma Bolzano / Bozen,P.A. Bolzano,533050,38132,7.15,0.15
349,2021-01-03,PAB,34,12,22,26,7,0,1,34,0,ITH,ITH1,4,Provincia Autonoma Bolzano / Bozen,P.A. Bolzano,533050,38166,7.16,0.01
350,2021-02-07,PAB,2162,973,1189,99,397,1,1665,10,2152,ITH,ITH1,4,Provincia Autonoma Bolzano / Bozen,P.A. Bolzano,533050,40328,7.57,0.41
351,2021-01-21,PAB,915,426,489,719,101,68,27,138,777,ITH,ITH1,4,Provincia Autonoma Bolzano / Bozen,P.A. Bolzano,533050,41243,7.74,0.17
352,2020-12-27,PAB,143,65,78,136,6,0,1,143,0,ITH,ITH1,4,Provincia Autonoma Bolzano / Bozen,P.A. Bolzano,533050,41386,7.76,0.03
353,2021-01-05,PAB,820,283,537,718,102,0,0,820,0,ITH,ITH1,4,Provincia Autonoma Bolzano / Bozen,P.A. Bolzano,533050,42206,7.92,0.15
354,2021-01-30,PAB,422,212,210,146,175,101,0,4,418,ITH,ITH1,4,Provincia Autonoma Bolzano / Bozen,P.A. Bolzano,533050,42628,8.0,0.08
355,2021-01-24,PAB,12,10,2,1,11,0,0,0,12,ITH,ITH1,4,Provincia Autonoma Bolzano / Bozen,P.A. Bolzano,533050,42640,8.0,0.0
356,2021-02-17,PAB,4,1,3,1,2,0,1,2,2,ITH,ITH1,4,Provincia Autonoma Bolzano / Bozen,P.A. Bolzano,533050,42644,8.0,0.0
357,2021-01-12,PAB,1527,398,1129,299,680,475,73,1527,0,ITH,ITH1,4,Provincia Autonoma Bolzano / Bozen,P.A. Bolzano,533050,44171,8.29,0.29
358,2021-02-11,PAB,1016,398,618,208,362,104,342,235,781,ITH,ITH1,4,Provincia Autonoma Bolzano / Bozen,P.A. Bolzano,533050,45187,8.48,0.19
359,2021-02-15,PAB,72,42,30,17,10,40,5,26,46,ITH,ITH1,4,Provincia Autonoma Bolzano / Bozen,P.A. Bolzano,533050,45259,8.49,0.01
360,2021-01-29,PAB,1487,508,979,855,335,295,2,23,1464,ITH,ITH1,4,Provincia Autonoma Bolzano / Bozen,P.A. Bolzano,533050,46746,8.77,0.28
361,2021-02-10,PAB,1622,600,1022,484,556,1,581,26,1596,ITH,ITH1,4,Provincia Autonoma Bolzano / Bozen,P.A. Bolzano,533050,48368,9.07,0.3
362,2021-01-01,PAB,1,1,0,1,0,0,0,1,0,ITH,ITH1,4,Provincia Autonoma Bolzano / Bozen,P.A. Bolzano,533050,48369,9.07,0.0
363,2021-01-24,FVG,305,119,186,277,27,1,0,1,304,ITH,ITH4,6,Friuli-Venezia Giulia,Friuli Venezia Giulia,1215220,305,0.03,0.03
364,2021-01-14,FVG,2587,788,1799,1607,550,430,0,2587,0,ITH,ITH4,6,Friuli-Venezia Giulia,Friuli Venezia Giulia,1215220,2892,0.24,0.21
365,2021-01-02,FVG,1217,471,746,1150,67,0,0,1217,0,ITH,ITH4,6,Friuli-Venezia Giulia,Friuli Venezia Giulia,1215220,4109,0.34,0.1
366,2021-01-07,FVG,2090,718,1372,1759,221,110,0,2090,0,ITH,ITH4,6,Friuli-Venezia Giulia,Friuli Venezia Giulia,1215220,6199,0.51,0.17
367,2021-02-18,FVG,2682,1199,1483,225,735,331,1391,2279,403,ITH,ITH4,6,Friuli-Venezia Giulia,Friuli Venezia Giulia,1215220,8881,0.73,0.22
368,2021-01-08,FVG,2322,747,1575,1680,246,396,0,2322,0,ITH,ITH4,6,Friuli-Venezia Giulia,Friuli Venezia Giulia,1215220,11203,0.92,0.19
369,2021-02-19,FVG,244,114,130,7,2,32,203,222,22,ITH,ITH4,6,Friuli-Venezia Giulia,Friuli Venezia Giulia,1215220,11447,0.94,0.02
370,2021-01-27,FVG,1269,425,844,849,356,64,0,447,822,ITH,ITH4,6,Friuli-Venezia Giulia,Friuli Venezia Giulia,1215220,12716,1.05,0.1
371,2021-02-08,FVG,2354,693,1661,1399,521,434,0,91,2263,ITH,ITH4,6,Friuli-Venezia Giulia,Friuli Venezia Giulia,1215220,15070,1.24,0.19
372,2021-01-18,FVG,1959,606,1353,1358,491,110,0,1865,94,ITH,ITH4,6,Friuli-Venezia Giulia,Friuli Venezia Giulia,1215220,17029,1.4,0.16
373,2021-02-13,FVG,563,175,388,335,228,0,0,557,6,ITH,ITH4,6,Friuli-Venezia Giulia,Friuli Venezia Giulia,1215220,17592,1.45,0.05
374,2021-02-01,FVG,2252,741,1511,1670,409,173,0,170,2082,ITH,ITH4,6,Friuli-Venezia Giulia,Friuli Venezia Giulia,1215220,19844,1.63,0.19
375,2021-02-12,FVG,1195,424,771,673,394,126,2,1145,50,ITH,ITH4,6,Friuli-Venezia Giulia,Friuli Venezia Giulia,1215220,21039,1.73,0.1
376,2021-01-29,FVG,2411,813,1598,1855,321,235,0,262,2149,ITH,ITH4,6,Friuli-Venezia Giulia,Friuli Venezia Giulia,1215220,23450,1.93,0.2
377,2020-12-30,FVG,630,246,384,601,29,0,0,630,0,ITH,ITH4,6,Friuli-Venezia Giulia,Friuli Venezia Giulia,1215220,24080,1.98,0.05
378,2021-02-07,FVG,1558,483,1075,863,693,2,0,384,1174,ITH,ITH4,6,Friuli-Venezia Giulia,Friuli Venezia Giulia,1215220,25638,2.11,0.13
379,2020-12-31,FVG,1053,384,669,1011,42,0,0,1053,0,ITH,ITH4,6,Friuli-Venezia Giulia,Friuli Venezia Giulia,1215220,26691,2.2,0.09
380,2021-01-04,FVG,1510,559,951,1392,118,0,0,1510,0,ITH,ITH4,6,Friuli-Venezia Giulia,Friuli Venezia Giulia,1215220,28201,2.32,0.12
381,2021-01-19,FVG,4,1,3,4,0,0,0,4,0,ITH,ITH4,6,Friuli-Venezia Giulia,Friuli Venezia Giulia,1215220,28205,2.32,0.0
382,2021-01-03,FVG,312,122,190,285,26,1,0,312,0,ITH,ITH4,6,Friuli-Venezia Giulia,Friuli Venezia Giulia,1215220,28517,2.35,0.03
383,2021-02-05,FVG,2613,784,1829,1613,510,490,0,90,2523,ITH,ITH4,6,Friuli-Venezia Giulia,Friuli Venezia Giulia,1215220,31130,2.56,0.22
384,2021-01-10,FVG,2940,919,2021,1745,950,245,0,2940,0,ITH,ITH4,6,Friuli-Venezia Giulia,Friuli Venezia Giulia,1215220,34070,2.8,0.24
385,2021-01-13,FVG,2651,834,1817,1822,599,230,0,2651,0,ITH,ITH4,6,Friuli-Venezia Giulia,Friuli Venezia Giulia,1215220,36721,3.02,0.22
386,2021-01-30,FVG,2270,744,1526,1475,354,441,0,269,2001,ITH,ITH4,6,Friuli-Venezia Giulia,Friuli Venezia Giulia,1215220,38991,3.21,0.19
387,2021-02-03,FVG,2644,789,1855,1700,558,386,0,22,2622,ITH,ITH4,6,Friuli-Venezia Giulia,Friuli Venezia Giulia,1215220,41635,3.43,0.22
388,2021-02-06,FVG,1152,337,815,755,207,190,0,21,1131,ITH,ITH4,6,Friuli-Venezia Giulia,Friuli Venezia Giulia,1215220,42787,3.52,0.09
389,2021-01-22,FVG,90,30,60,89,1,0,0,0,90,ITH,ITH4,6,Friuli-Venezia Giulia,Friuli Venezia Giulia,1215220,42877,3.53,0.01
390,2020-12-27,FVG,262,149,113,259,3,0,0,262,0,ITH,ITH4,6,Friuli-Venezia Giulia,Friuli Venezia Giulia,1215220,43139,3.55,0.02
391,2021-02-02,FVG,2460,806,1654,1650,394,416,0,216,2244,ITH,ITH4,6,Friuli-Venezia Giulia,Friuli Venezia Giulia,1215220,45599,3.75,0.2
392,2021-02-10,FVG,1353,495,858,747,487,119,0,1267,86,ITH,ITH4,6,Friuli-Venezia Giulia,Friuli Venezia Giulia,1215220,46952,3.86,0.11
393,2021-01-26,FVG,1971,647,1324,1438,152,381,0,213,1758,ITH,ITH4,6,Friuli-Venezia Giulia,Friuli Venezia Giulia,1215220,48923,4.03,0.16
394,2021-01-31,FVG,2712,836,1876,1692,1002,18,0,385,2327,ITH,ITH4,6,Friuli-Venezia Giulia,Friuli Venezia Giulia,1215220,51635,4.25,0.22
395,2021-01-12,FVG,2256,712,1544,1522,373,361,0,2256,0,ITH,ITH4,6,Friuli-Venezia Giulia,Friuli Venezia Giulia,1215220,53891,4.43,0.19
396,2021-01-17,FVG,1720,524,1196,674,560,486,0,1720,0,ITH,ITH4,6,Friuli-Venezia Giulia,Friuli Venezia Giulia,1215220,55611,4.58,0.14
397,2021-01-25,FVG,1582,567,1015,1369,141,72,0,194,1388,ITH,ITH4,6,Friuli-Venezia Giulia,Friuli Venezia Giulia,1215220,57193,4.71,0.13
398,2021-01-21,FVG,894,345,549,863,31,0,0,1,893,ITH,ITH4,6,Friuli-Venezia Giulia,Friuli Venezia Giulia,1215220,58087,4.78,0.07
399,2021-01-23,FVG,816,324,492,768,48,0,0,4,812,ITH,ITH4,6,Friuli-Venezia Giulia,Friuli Venezia Giulia,1215220,58903,4.85,0.07
400,2021-02-11,FVG,1915,660,1255,1128,562,222,3,1723,192,ITH,ITH4,6,Friuli-Venezia Giulia,Friuli Venezia Giulia,1215220,60818,5.0,0.16
401,2021-02-17,FVG,1888,781,1107,251,123,228,1286,1554,334,ITH,ITH4,6,Friuli-Venezia Giulia,Friuli Venezia Giulia,1215220,62706,5.16,0.16
402,2021-02-16,FVG,2470,1116,1354,261,271,220,1718,2354,116,ITH,ITH4,6,Friuli-Venezia Giulia,Friuli Venezia Giulia,1215220,65176,5.36,0.2
403,2021-02-09,FVG,1839,550,1289,1046,507,286,0,1552,287,ITH,ITH4,6,Friuli-Venezia Giulia,Friuli Venezia Giulia,1215220,67015,5.51,0.15
404,2021-01-09,FVG,2517,841,1676,1519,405,593,0,2517,0,ITH,ITH4,6,Friuli-Venezia Giulia,Friuli Venezia Giulia,1215220,69532,5.72,0.21
405,2021-02-15,FVG,2441,908,1533,695,401,314,1031,2192,249,ITH,ITH4,6,Friuli-Venezia Giulia,Friuli Venezia Giulia,1215220,71973,5.92,0.2
406,2021-01-20,FVG,750,323,427,719,31,0,0,12,738,ITH,ITH4,6,Friuli-Venezia Giulia,Friuli Venezia Giulia,1215220,72723,5.98,0.06
407,2021-01-16,FVG,1231,360,871,771,212,248,0,1231,0,ITH,ITH4,6,Friuli-Venezia Giulia,Friuli Venezia Giulia,1215220,73954,6.09,0.1
408,2021-02-04,FVG,2730,807,1923,1722,543,465,0,36,2694,ITH,ITH4,6,Friuli-Venezia Giulia,Friuli Venezia Giulia,1215220,76684,6.31,0.22
409,2021-01-06,FVG,709,264,445,514,195,0,0,709,0,ITH,ITH4,6,Friuli-Venezia Giulia,Friuli Venezia Giulia,1215220,77393,6.37,0.06
410,2021-01-05,FVG,1679,550,1129,1349,133,197,0,1679,0,ITH,ITH4,6,Friuli-Venezia Giulia,Friuli Venezia Giulia,1215220,79072,6.51,0.14
411,2021-01-28,FVG,2232,792,1440,1754,287,191,0,351,1881,ITH,ITH4,6,Friuli-Venezia Giulia,Friuli Venezia Giulia,1215220,81304,6.69,0.18
412,2021-01-15,FVG,2028,606,1422,1283,370,375,0,2028,0,ITH,ITH4,6,Friuli-Venezia Giulia,Friuli Venezia Giulia,1215220,83332,6.86,0.17
413,2021-01-11,FVG,1881,609,1272,1499,336,46,0,1881,0,ITH,ITH4,6,Friuli-Venezia Giulia,Friuli Venezia Giulia,1215220,85213,7.01,0.15
414,2021-02-10,LAZ,7770,3112,4658,2645,580,633,3912,4836,2934,ITI,ITI4,12,Lazio,Lazio,5879082,7770,0.13,0.13
415,2021-01-27,LAZ,5767,2169,3598,4796,385,457,129,651,5116,ITI,ITI4,12,Lazio,Lazio,5879082,13537,0.23,0.1
416,2021-01-31,LAZ,4279,1783,2496,3572,339,244,124,296,3983,ITI,ITI4,12,Lazio,Lazio,5879082,17816,0.3,0.07
417,2021-02-13,LAZ,6240,2427,3813,2092,213,279,3656,6152,88,ITI,ITI4,12,Lazio,Lazio,5879082,24056,0.41,0.11
418,2021-01-26,LAZ,7602,2907,4695,6590,256,631,125,372,7230,ITI,ITI4,12,Lazio,Lazio,5879082,31658,0.54,0.13
419,2021-01-20,LAZ,4360,1648,2712,3251,398,425,286,2848,1512,ITI,ITI4,12,Lazio,Lazio,5879082,36018,0.61,0.07
420,2021-01-10,LAZ,4036,1700,2336,3421,363,252,0,4036,0,ITI,ITI4,12,Lazio,Lazio,5879082,40054,0.68,0.07
421,2021-01-28,LAZ,7954,2998,4956,6810,496,514,134,459,7495,ITI,ITI4,12,Lazio,Lazio,5879082,48008,0.82,0.14
422,2021-01-30,LAZ,6637,2726,3911,5286,574,651,126,436,6201,ITI,ITI4,12,Lazio,Lazio,5879082,54645,0.93,0.11
423,2021-01-24,LAZ,5467,2109,3358,4945,262,134,126,385,5082,ITI,ITI4,12,Lazio,Lazio,5879082,60112,1.02,0.09
424,2021-01-11,LAZ,5525,2103,3422,4553,403,569,0,5525,0,ITI,ITI4,12,Lazio,Lazio,5879082,65637,1.12,0.09
425,2021-01-13,LAZ,5559,2063,3496,4145,402,1009,3,5559,0,ITI,ITI4,12,Lazio,Lazio,5879082,71196,1.21,0.09
426,2020-12-29,LAZ,418,150,268,418,0,0,0,418,0,ITI,ITI4,12,Lazio,Lazio,5879082,71614,1.22,0.01
427,2020-12-30,LAZ,1601,621,980,1575,0,26,0,1601,0,ITI,ITI4,12,Lazio,Lazio,5879082,73215,1.25,0.03
428,2021-01-17,LAZ,4443,1784,2659,3120,335,177,811,4337,106,ITI,ITI4,12,Lazio,Lazio,5879082,77658,1.32,0.08
429,2021-01-05,LAZ,7370,2802,4568,6690,103,577,0,7370,0,ITI,ITI4,12,Lazio,Lazio,5879082,85028,1.45,0.13
430,2021-02-08,LAZ,9332,3867,5465,3787,873,918,3754,4485,4847,ITI,ITI4,12,Lazio,Lazio,5879082,94360,1.61,0.16
431,2020-12-28,LAZ,516,228,288,515,1,0,0,516,0,ITI,ITI4,12,Lazio,Lazio,5879082,94876,1.61,0.01
432,2021-02-07,LAZ,4667,1865,2802,3251,385,218,813,381,4286,ITI,ITI4,12,Lazio,Lazio,5879082,99543,1.69,0.08
433,2021-01-09,LAZ,6286,2556,3730,5108,558,620,0,6286,0,ITI,ITI4,12,Lazio,Lazio,5879082,105829,1.8,0.11
434,2021-02-04,LAZ,6043,2280,3763,4460,619,892,72,940,5103,ITI,ITI4,12,Lazio,Lazio,5879082,111872,1.9,0.1
435,2021-01-22,LAZ,3662,1442,2220,3379,90,70,123,148,3514,ITI,ITI4,12,Lazio,Lazio,5879082,115534,1.97,0.06
436,2021-02-18,LAZ,9558,4764,4794,2155,2081,428,4894,9060,498,ITI,ITI4,12,Lazio,Lazio,5879082,125092,2.13,0.16
437,2021-02-19,LAZ,5179,2685,2494,1099,1097,182,2801,4823,356,ITI,ITI4,12,Lazio,Lazio,5879082,130271,2.22,0.09
438,2021-02-14,LAZ,5534,2244,3290,1644,318,127,3445,5285,249,ITI,ITI4,12,Lazio,Lazio,5879082,135805,2.31,0.09
439,2021-01-14,LAZ,5217,1960,3257,3872,450,811,84,5217,0,ITI,ITI4,12,Lazio,Lazio,5879082,141022,2.4,0.09
440,2021-01-02,LAZ,6703,2629,4074,6267,78,358,0,6703,0,ITI,ITI4,12,Lazio,Lazio,5879082,147725,2.51,0.11
441,2021-02-01,LAZ,5667,2172,3495,4782,319,559,7,351,5316,ITI,ITI4,12,Lazio,Lazio,5879082,153392,2.61,0.1
442,2021-01-07,LAZ,7719,2891,4828,6877,276,566,0,7719,0,ITI,ITI4,12,Lazio,Lazio,5879082,161111,2.74,0.13
443,2021-01-04,LAZ,7477,2907,4570,7074,87,316,0,7477,0,ITI,ITI4,12,Lazio,Lazio,5879082,168588,2.87,0.13
444,2021-01-19,LAZ,4360,1671,2689,2967,561,424,408,3907,453,ITI,ITI4,12,Lazio,Lazio,5879082,172948,2.94,0.07
445,2021-01-03,LAZ,5250,1972,3278,5125,60,65,0,5250,0,ITI,ITI4,12,Lazio,Lazio,5879082,178198,3.03,0.09
446,2021-02-03,LAZ,6274,2345,3929,4617,550,1072,35,887,5387,ITI,ITI4,12,Lazio,Lazio,5879082,184472,3.14,0.11
447,2021-02-06,LAZ,5068,2015,3053,3269,630,660,509,768,4300,ITI,ITI4,12,Lazio,Lazio,5879082,189540,3.22,0.09
448,2021-02-05,LAZ,6905,2721,4184,5092,630,994,189,1128,5777,ITI,ITI4,12,Lazio,Lazio,5879082,196445,3.34,0.12
449,2021-01-18,LAZ,5345,2069,3276,3411,756,725,453,4856,489,ITI,ITI4,12,Lazio,Lazio,5879082,201790,3.43,0.09
450,2021-01-29,LAZ,7416,2805,4611,6203,419,704,90,472,6944,ITI,ITI4,12,Lazio,Lazio,5879082,209206,3.56,0.13
451,2021-02-11,LAZ,6626,2775,3851,2166,333,500,3627,6428,198,ITI,ITI4,12,Lazio,Lazio,5879082,215832,3.67,0.11
452,2021-01-01,LAZ,3553,1381,2172,3483,2,68,0,3553,0,ITI,ITI4,12,Lazio,Lazio,5879082,219385,3.73,0.06
453,2021-01-16,LAZ,5339,2069,3270,3347,460,1062,470,5339,0,ITI,ITI4,12,Lazio,Lazio,5879082,224724,3.82,0.09
454,2021-01-12,LAZ,5391,1974,3417,4343,464,584,0,5391,0,ITI,ITI4,12,Lazio,Lazio,5879082,230115,3.91,0.09
455,2021-01-23,LAZ,6883,2682,4201,6063,278,417,125,255,6628,ITI,ITI4,12,Lazio,Lazio,5879082,236998,4.03,0.12
456,2021-01-15,LAZ,6223,2465,3758,4476,604,988,155,6223,0,ITI,ITI4,12,Lazio,Lazio,5879082,243221,4.14,0.11
457,2021-02-02,LAZ,5772,2133,3639,4712,486,571,3,501,5271,ITI,ITI4,12,Lazio,Lazio,5879082,248993,4.24,0.1
458,2021-02-15,LAZ,7666,3351,4315,2412,669,378,4207,7369,297,ITI,ITI4,12,Lazio,Lazio,5879082,256659,4.37,0.13
459,2020-12-27,LAZ,139,66,73,139,0,0,0,139,0,ITI,ITI4,12,Lazio,Lazio,5879082,256798,4.37,0.0
460,2021-01-21,LAZ,5223,2099,3124,4758,108,232,125,196,5027,ITI,ITI4,12,Lazio,Lazio,5879082,262021,4.46,0.09
461,2021-02-12,LAZ,6419,2622,3797,1961,423,261,3774,6342,77,ITI,ITI4,12,Lazio,Lazio,5879082,268440,4.57,0.11
462,2021-02-17,LAZ,8804,4368,4436,2281,1777,499,4247,8277,527,ITI,ITI4,12,Lazio,Lazio,5879082,277244,4.72,0.15
463,2021-01-25,LAZ,7761,3041,4720,7006,270,363,122,421,7340,ITI,ITI4,12,Lazio,Lazio,5879082,285005,4.85,0.13
464,2021-01-06,LAZ,5095,1950,3145,4618,157,320,0,5095,0,ITI,ITI4,12,Lazio,Lazio,5879082,290100,4.93,0.09
465,2021-02-09,LAZ,8391,3483,4908,3258,581,548,4004,4570,3821,ITI,ITI4,12,Lazio,Lazio,5879082,298491,5.08,0.14
466,2020-12-31,LAZ,5218,2095,3123,4927,12,279,0,5218,0,ITI,ITI4,12,Lazio,Lazio,5879082,303709,5.17,0.09
467,2021-02-16,LAZ,8007,3851,4156,2025,1528,260,4194,7750,257,ITI,ITI4,12,Lazio,Lazio,5879082,311716,5.3,0.14
468,2021-01-08,LAZ,7706,2886,4820,6516,392,798,0,7706,0,ITI,ITI4,12,Lazio,Lazio,5879082,319422,5.43,0.13
469,2021-02-19,CAM,3739,1558,2181,546,959,73,2161,3388,351,ITF,ITF3,15,Campania,Campania,5801692,3739,0.06,0.06
470,2021-01-01,CAM,919,506,413,831,88,0,0,919,0,ITF,ITF3,15,Campania,Campania,5801692,4658,0.08,0.02
471,2021-02-11,CAM,6275,2703,3572,1861,1922,129,2363,6209,66,ITF,ITF3,15,Campania,Campania,5801692,10933,0.19,0.11
472,2021-01-12,CAM,5214,2563,2651,3439,1435,340,0,5214,0,ITF,ITF3,15,Campania,Campania,5801692,16147,0.28,0.09
473,2021-01-16,CAM,3370,1675,1695,1356,1641,373,0,3370,0,ITF,ITF3,15,Campania,Campania,5801692,19517,0.34,0.06
474,2021-01-06,CAM,7651,3748,3903,5780,1571,300,0,7651,0,ITF,ITF3,15,Campania,Campania,5801692,27168,0.47,0.13
475,2021-02-08,CAM,5109,2448,2661,1386,2119,226,1378,4307,802,ITF,ITF3,15,Campania,Campania,5801692,32277,0.56,0.09
476,2021-01-18,CAM,956,399,557,576,194,186,0,712,244,ITF,ITF3,15,Campania,Campania,5801692,33233,0.57,0.02
477,2021-01-29,CAM,10051,4812,5239,6405,3387,259,0,47,10004,ITF,ITF3,15,Campania,Campania,5801692,43284,0.75,0.17
478,2020-12-27,CAM,720,422,298,703,17,0,0,720,0,ITF,ITF3,15,Campania,Campania,5801692,44004,0.76,0.01
479,2021-02-18,CAM,9046,3800,5246,1707,1751,69,5519,8364,682,ITF,ITF3,15,Campania,Campania,5801692,53050,0.91,0.16
480,2021-01-08,CAM,10454,4969,5485,6713,3529,212,0,10454,0,ITF,ITF3,15,Campania,Campania,5801692,63504,1.09,0.18
481,2021-02-17,CAM,7385,3207,4178,997,1444,38,4906,6325,1060,ITF,ITF3,15,Campania,Campania,5801692,70889,1.22,0.13
482,2021-02-16,CAM,5430,2408,3022,909,1184,168,3169,4658,772,ITF,ITF3,15,Campania,Campania,5801692,76319,1.32,0.09
483,2021-01-09,CAM,10563,5024,5539,6756,3538,269,0,10563,0,ITF,ITF3,15,Campania,Campania,5801692,86882,1.5,0.18
484,2021-01-25,CAM,5744,2926,2818,4743,945,56,0,164,5580,ITF,ITF3,15,Campania,Campania,5801692,92626,1.6,0.1
485,2021-01-14,CAM,7073,2977,4096,3707,3016,350,0,7073,0,ITF,ITF3,15,Campania,Campania,5801692,99699,1.72,0.12
486,2021-02-10,CAM,6903,3421,3482,1944,2714,88,2157,6738,165,ITF,ITF3,15,Campania,Campania,5801692,106602,1.84,0.12
487,2021-02-14,CAM,3931,1924,2007,550,905,17,2459,3888,43,ITF,ITF3,15,Campania,Campania,5801692,110533,1.91,0.07
488,2021-01-26,CAM,7296,3701,3595,5741,1333,222,0,352,6944,ITF,ITF3,15,Campania,Campania,5801692,117829,2.03,0.13
489,2021-02-05,CAM,7254,3460,3794,3445,3496,304,9,2128,5126,ITF,ITF3,15,Campania,Campania,5801692,125083,2.16,0.13
490,2021-02-06,CAM,5340,2665,2675,1990,2877,458,15,2102,3238,ITF,ITF3,15,Campania,Campania,5801692,130423,2.25,0.09
491,2021-01-05,CAM,7239,3640,3599,5812,1321,106,0,7239,0,ITF,ITF3,15,Campania,Campania,5801692,137662,2.37,0.12
492,2021-01-30,CAM,10721,5079,5642,6930,3564,227,0,39,10682,ITF,ITF3,15,Campania,Campania,5801692,148383,2.56,0.18
493,2021-01-10,CAM,8166,3738,4428,5180,2889,97,0,8166,0,ITF,ITF3,15,Campania,Campania,5801692,156549,2.7,0.14
494,2021-01-11,CAM,4069,1869,2200,2383,1434,252,0,4069,0,ITF,ITF3,15,Campania,Campania,5801692,160618,2.77,0.07
495,2021-01-23,CAM,3838,2029,1809,3161,609,68,0,272,3566,ITF,ITF3,15,Campania,Campania,5801692,164456,2.83,0.07
496,2021-02-04,CAM,7941,3427,4514,3964,3684,292,1,1308,6633,ITF,ITF3,15,Campania,Campania,5801692,172397,2.97,0.14
497,2021-02-15,CAM,5465,2512,2953,976,1004,94,3391,5292,173,ITF,ITF3,15,Campania,Campania,5801692,177862,3.07,0.09
498,2021-01-17,CAM,1155,551,604,718,286,151,0,702,453,ITF,ITF3,15,Campania,Campania,5801692,179017,3.09,0.02
499,2021-02-09,CAM,4627,2192,2435,1148,2137,6,1336,4375,252,ITF,ITF3,15,Campania,Campania,5801692,183644,3.17,0.08
500,2021-02-07,CAM,2934,1385,1549,710,1708,226,290,2156,778,ITF,ITF3,15,Campania,Campania,5801692,186578,3.22,0.05
501,2020-12-31,CAM,1490,811,679,1273,216,1,0,1490,0,ITF,ITF3,15,Campania,Campania,5801692,188068,3.24,0.03
502,2021-01-07,CAM,8906,4162,4744,6311,2263,332,0,8906,0,ITF,ITF3,15,Campania,Campania,5801692,196974,3.4,0.15
503,2021-01-21,CAM,2092,1115,977,1378,639,75,0,677,1415,ITF,ITF3,15,Campania,Campania,5801692,199066,3.43,0.04
504,2021-02-12,CAM,6549,2872,3677,1808,1472,214,3055,6336,213,ITF,ITF3,15,Campania,Campania,5801692,205615,3.54,0.11
505,2021-01-22,CAM,1522,774,748,970,344,208,0,672,850,ITF,ITF3,15,Campania,Campania,5801692,207137,3.57,0.03
506,2021-01-24,CAM,4128,2123,2005,3140,822,166,0,383,3745,ITF,ITF3,15,Campania,Campania,5801692,211265,3.64,0.07
507,2021-02-13,CAM,5498,2543,2955,948,809,131,3610,5280,218,ITF,ITF3,15,Campania,Campania,5801692,216763,3.74,0.09
508,2021-01-02,CAM,3674,1963,1711,3167,507,0,0,3674,0,ITF,ITF3,15,Campania,Campania,5801692,220437,3.8,0.06
509,2021-02-01,CAM,3985,1813,2172,2504,1329,152,0,110,3875,ITF,ITF3,15,Campania,Campania,5801692,224422,3.87,0.07
510,2021-01-20,CAM,1257,650,607,395,761,101,0,1257,0,ITF,ITF3,15,Campania,Campania,5801692,225679,3.89,0.02
511,2021-01-31,CAM,8067,3711,4356,5107,2893,67,0,23,8044,ITF,ITF3,15,Campania,Campania,5801692,233746,4.03,0.14
512,2021-01-27,CAM,7731,3816,3915,5832,1629,270,0,161,7570,ITF,ITF3,15,Campania,Campania,5801692,241477,4.16,0.13
513,2021-01-28,CAM,8829,4122,4707,6213,2269,347,0,133,8696,ITF,ITF3,15,Campania,Campania,5801692,250306,4.31,0.15
514,2021-01-15,CAM,4981,2381,2600,2740,2050,191,0,4981,0,ITF,ITF3,15,Campania,Campania,5801692,255287,4.4,0.09
515,2021-01-04,CAM,5823,2961,2862,4848,975,0,0,5823,0,ITF,ITF3,15,Campania,Campania,5801692,261110,4.5,0.1
516,2021-02-02,CAM,5722,2804,2918,3640,1728,354,0,443,5279,ITF,ITF3,15,Campania,Campania,5801692,266832,4.6,0.1
517,2021-02-03,CAM,8896,3999,4897,4733,3448,714,1,877,8019,ITF,ITF3,15,Campania,Campania,5801692,275728,4.75,0.15
518,2021-01-19,CAM,1095,474,621,534,390,171,0,1092,3,ITF,ITF3,15,Campania,Campania,5801692,276823,4.77,0.02
519,2021-01-03,CAM,3836,2009,1827,3191,645,0,0,3836,0,ITF,ITF3,15,Campania,Campania,5801692,280659,4.84,0.07
520,2021-01-13,CAM,8018,3665,4353,4352,3080,586,0,8018,0,ITF,ITF3,15,Campania,Campania,5801692,288677,4.98,0.14
521,2021-02-01,TOS,5465,1942,3523,4441,407,617,0,521,4944,ITI,ITI1,9,Toscana,Toscana,3729641,5465,0.15,0.15
522,2021-01-04,TOS,5063,1893,3170,4099,32,932,0,5063,0,ITI,ITI1,9,Toscana,Toscana,3729641,10528,0.28,0.14
523,2021-01-19,TOS,1104,531,573,392,221,491,0,1104,0,ITI,ITI1,9,Toscana,Toscana,3729641,11632,0.31,0.03
524,2021-02-13,TOS,7781,2358,5423,3664,3954,163,0,7555,226,ITI,ITI1,9,Toscana,Toscana,3729641,19413,0.52,0.21
525,2021-02-06,TOS,4527,1550,2977,3725,575,227,0,1294,3233,ITI,ITI1,9,Toscana,Toscana,3729641,23940,0.64,0.12
526,2021-01-03,TOS,3336,1052,2284,2565,9,762,0,3336,0,ITI,ITI1,9,Toscana,Toscana,3729641,27276,0.73,0.09
527,2021-02-03,TOS,4220,1453,2767,3475,240,505,0,240,3980,ITI,ITI1,9,Toscana,Toscana,3729641,31496,0.84,0.11
528,2021-01-22,TOS,2861,1063,1798,2022,81,758,0,525,2336,ITI,ITI1,9,Toscana,Toscana,3729641,34357,0.92,0.08
529,2021-02-12,TOS,7604,2682,4922,3740,3675,189,0,7391,213,ITI,ITI1,9,Toscana,Toscana,3729641,41961,1.13,0.2
530,2021-01-24,TOS,3347,1072,2275,2601,37,709,0,199,3148,ITI,ITI1,9,Toscana,Toscana,3729641,45308,1.21,0.09
531,2021-01-23,TOS,3949,1354,2595,2936,172,841,0,640,3309,ITI,ITI1,9,Toscana,Toscana,3729641,49257,1.32,0.11
532,2021-01-14,TOS,3254,1179,2075,2459,475,320,0,3254,0,ITI,ITI1,9,Toscana,Toscana,3729641,52511,1.41,0.09
533,2021-02-15,TOS,8753,3366,5387,4528,3960,212,53,7939,814,ITI,ITI1,9,Toscana,Toscana,3729641,61264,1.64,0.23
534,2021-01-17,TOS,2531,868,1663,2002,293,236,0,2018,513,ITI,ITI1,9,Toscana,Toscana,3729641,63795,1.71,0.07
535,2021-01-21,TOS,1589,686,903,579,220,790,0,867,722,ITI,ITI1,9,Toscana,Toscana,3729641,65384,1.75,0.04
536,2021-02-18,TOS,8677,3234,5443,2909,5444,146,178,7858,819,ITI,ITI1,9,Toscana,Toscana,3729641,74061,1.99,0.23
537,2021-01-15,TOS,3878,1347,2531,2758,676,444,0,3878,0,ITI,ITI1,9,Toscana,Toscana,3729641,77939,2.09,0.1
538,2021-02-17,TOS,8122,3152,4970,3458,4241,238,185,7383,739,ITI,ITI1,9,Toscana,Toscana,3729641,86061,2.31,0.22
539,2021-01-13,TOS,4063,1398,2665,3308,350,405,0,4063,0,ITI,ITI1,9,Toscana,Toscana,3729641,90124,2.42,0.11
540,2021-02-16,TOS,9243,3332,5911,5075,3995,166,7,8541,702,ITI,ITI1,9,Toscana,Toscana,3729641,99367,2.66,0.25
541,2021-01-07,TOS,6018,1751,4267,5308,30,680,0,6018,0,ITI,ITI1,9,Toscana,Toscana,3729641,105385,2.83,0.16
542,2021-01-09,TOS,4483,1596,2887,3779,144,560,0,4483,0,ITI,ITI1,9,Toscana,Toscana,3729641,109868,2.95,0.12
543,2021-01-16,TOS,3271,1046,2225,2493,538,240,0,3271,0,ITI,ITI1,9,Toscana,Toscana,3729641,113139,3.03,0.09
544,2021-02-04,TOS,4245,1590,2655,3166,624,455,0,955,3290,ITI,ITI1,9,Toscana,Toscana,3729641,117384,3.15,0.11
545,2021-01-31,TOS,2964,1090,1874,2381,135,448,0,103,2861,ITI,ITI1,9,Toscana,Toscana,3729641,120348,3.23,0.08
546,2021-01-20,TOS,1313,634,679,431,256,626,0,1076,237,ITI,ITI1,9,Toscana,Toscana,3729641,121661,3.26,0.04
547,2021-01-10,TOS,3001,1104,1897,2432,138,431,0,3001,0,ITI,ITI1,9,Toscana,Toscana,3729641,124662,3.34,0.08
548,2021-01-28,TOS,6275,1880,4395,5421,66,788,0,349,5926,ITI,ITI1,9,Toscana,Toscana,3729641,130937,3.51,0.17
549,2021-01-11,TOS,5092,1689,3403,4360,210,522,0,5092,0,ITI,ITI1,9,Toscana,Toscana,3729641,136029,3.65,0.14
550,2021-01-25,TOS,5121,1895,3226,4157,56,908,0,247,4874,ITI,ITI1,9,Toscana,Toscana,3729641,141150,3.78,0.14
551,2021-01-02,TOS,3497,1097,2400,2682,15,800,0,3497,0,ITI,ITI1,9,Toscana,Toscana,3729641,144647,3.88,0.09
552,2021-02-02,TOS,3730,1470,2260,3020,289,421,0,184,3546,ITI,ITI1,9,Toscana,Toscana,3729641,148377,3.98,0.1
553,2021-02-05,TOS,5746,2243,3503,4120,1184,442,0,1922,3824,ITI,ITI1,9,Toscana,Toscana,3729641,154123,4.13,0.15
554,2021-02-11,TOS,5328,1992,3336,2806,2239,283,0,5086,242,ITI,ITI1,9,Toscana,Toscana,3729641,159451,4.28,0.14
555,2021-02-10,TOS,4259,1279,2980,3533,242,484,0,3737,522,ITI,ITI1,9,Toscana,Toscana,3729641,163710,4.39,0.11
556,2021-01-18,TOS,1119,636,483,430,314,375,0,1021,98,ITI,ITI1,9,Toscana,Toscana,3729641,164829,4.42,0.03
557,2021-01-27,TOS,4835,1572,3263,4019,74,742,0,208,4627,ITI,ITI1,9,Toscana,Toscana,3729641,169664,4.55,0.13
558,2021-01-12,TOS,3581,1398,2183,2944,283,354,0,3581,0,ITI,ITI1,9,Toscana,Toscana,3729641,173245,4.65,0.1
559,2021-02-07,TOS,2806,953,1853,2349,300,157,0,885,1921,ITI,ITI1,9,Toscana,Toscana,3729641,176051,4.72,0.08
560,2021-01-06,TOS,4519,1459,3060,3984,10,525,0,4519,0,ITI,ITI1,9,Toscana,Toscana,3729641,180570,4.84,0.12
561,2021-01-08,TOS,5944,1641,4303,5360,39,545,0,5944,0,ITI,ITI1,9,Toscana,Toscana,3729641,186514,5.0,0.16
562,2021-02-08,TOS,4094,1358,2736,3372,345,377,0,3635,459,ITI,ITI1,9,Toscana,Toscana,3729641,190608,5.11,0.11
563,2021-01-01,TOS,2368,786,1582,1716,2,650,0,2368,0,ITI,ITI1,9,Toscana,Toscana,3729641,192976,5.17,0.06
564,2021-01-05,TOS,5244,1755,3489,4354,11,879,0,5244,0,ITI,ITI1,9,Toscana,Toscana,3729641,198220,5.31,0.14
565,2021-01-30,TOS,4548,1600,2948,3749,199,600,0,172,4376,ITI,ITI1,9,Toscana,Toscana,3729641,202768,5.44,0.12
566,2021-01-29,TOS,6136,1698,4438,5375,139,622,0,302,5834,ITI,ITI1,9,Toscana,Toscana,3729641,208904,5.6,0.16
567,2021-02-19,TOS,1678,683,995,1086,516,7,69,1538,140,ITI,ITI1,9,Toscana,Toscana,3729641,210582,5.65,0.04
568,2020-12-27,TOS,620,267,353,460,147,13,0,620,0,ITI,ITI1,9,Toscana,Toscana,3729641,211202,5.66,0.02
569,2020-12-30,TOS,327,104,223,34,10,283,0,327,0,ITI,ITI1,9,Toscana,Toscana,3729641,211529,5.67,0.01
570,2021-02-14,TOS,8993,2567,6426,3031,5881,81,0,8883,110,ITI,ITI1,9,Toscana,Toscana,3729641,220522,5.91,0.24
571,2021-01-26,TOS,5392,1791,3601,4357,84,951,0,219,5173,ITI,ITI1,9,Toscana,Toscana,3729641,225914,6.06,0.14
572,2021-02-09,TOS,4472,1461,3011,3580,388,504,0,3864,608,ITI,ITI1,9,Toscana,Toscana,3729641,230386,6.18,0.12
573,2020-12-31,TOS,805,202,603,97,10,698,0,805,0,ITI,ITI1,9,Toscana,Toscana,3729641,231191,6.2,0.02
574,2021-01-30,CAL,2173,1147,1026,1974,199,0,0,358,1815,ITF,ITF6,18,Calabria,Calabria,1947131,2173,0.11,0.11
575,2021-01-12,CAL,2058,1017,1041,1706,323,29,0,2058,0,ITF,ITF6,18,Calabria,Calabria,1947131,4231,0.22,0.11
576,2021-02-11,CAL,2118,931,1187,1281,597,240,0,1014,1104,ITF,ITF6,18,Calabria,Calabria,1947131,6349,0.33,0.11
577,2021-01-29,CAL,2046,984,1062,1751,247,48,0,233,1813,ITF,ITF6,18,Calabria,Calabria,1947131,8395,0.43,0.11
578,2020-12-27,CAL,275,150,125,274,1,0,0,275,0,ITF,ITF6,18,Calabria,Calabria,1947131,8670,0.45,0.01
579,2021-01-22,CAL,656,274,382,298,248,110,0,654,2,ITF,ITF6,18,Calabria,Calabria,1947131,9326,0.48,0.03
580,2021-02-08,CAL,1641,650,991,1040,480,121,0,459,1182,ITF,ITF6,18,Calabria,Calabria,1947131,10967,0.56,0.08
581,2021-01-27,CAL,1457,734,723,1226,208,23,0,396,1061,ITF,ITF6,18,Calabria,Calabria,1947131,12424,0.64,0.07
582,2021-01-21,CAL,958,444,514,735,108,115,0,929,29,ITF,ITF6,18,Calabria,Calabria,1947131,13382,0.69,0.05
583,2021-01-09,CAL,1916,1036,880,1529,387,0,0,1916,0,ITF,ITF6,18,Calabria,Calabria,1947131,15298,0.79,0.1
584,2021-02-09,CAL,2091,886,1205,1377,483,231,0,941,1150,ITF,ITF6,18,Calabria,Calabria,1947131,17389,0.89,0.11
585,2021-01-17,CAL,867,418,449,527,292,48,0,801,66,ITF,ITF6,18,Calabria,Calabria,1947131,18256,0.94,0.04
586,2021-02-04,CAL,3108,1506,1602,2407,479,222,0,644,2464,ITF,ITF6,18,Calabria,Calabria,1947131,21364,1.1,0.16
587,2021-02-05,CAL,3530,1594,1936,2190,808,532,0,456,3074,ITF,ITF6,18,Calabria,Calabria,1947131,24894,1.28,0.18
588,2021-02-06,CAL,2908,1337,1571,2094,567,247,0,442,2466,ITF,ITF6,18,Calabria,Calabria,1947131,27802,1.43,0.15
589,2021-01-25,CAL,1064,512,552,1021,43,0,0,156,908,ITF,ITF6,18,Calabria,Calabria,1947131,28866,1.48,0.05
590,2021-02-19,CAL,423,196,227,173,86,14,150,336,87,ITF,ITF6,18,Calabria,Calabria,1947131,29289,1.5,0.02
591,2021-02-12,CAL,1711,669,1042,815,760,136,0,943,768,ITF,ITF6,18,Calabria,Calabria,1947131,31000,1.59,0.09
592,2021-01-31,CAL,1107,554,553,764,285,58,0,155,952,ITF,ITF6,18,Calabria,Calabria,1947131,32107,1.65,0.06
593,2021-02-13,CAL,1330,582,748,731,488,111,0,967,363,ITF,ITF6,18,Calabria,Calabria,1947131,33437,1.72,0.07
594,2021-02-18,CAL,1797,802,995,585,570,299,343,1574,223,ITF,ITF6,18,Calabria,Calabria,1947131,35234,1.81,0.09
595,2021-01-11,CAL,2154,1040,1114,1759,392,3,0,2154,0,ITF,ITF6,18,Calabria,Calabria,1947131,37388,1.92,0.11
596,2021-01-04,CAL,996,492,504,969,27,0,0,996,0,ITF,ITF6,18,Calabria,Calabria,1947131,38384,1.97,0.05
597,2021-02-02,CAL,2008,993,1015,1625,308,75,0,170,1838,ITF,ITF6,18,Calabria,Calabria,1947131,40392,2.07,0.1
598,2021-01-14,CAL,2556,1214,1342,1962,591,3,0,2556,0,ITF,ITF6,18,Calabria,Calabria,1947131,42948,2.21,0.13
599,2021-02-07,CAL,858,427,431,565,212,81,0,146,712,ITF,ITF6,18,Calabria,Calabria,1947131,43806,2.25,0.04
600,2021-02-03,CAL,2518,1313,1205,2054,361,103,0,577,1941,ITF,ITF6,18,Calabria,Calabria,1947131,46324,2.38,0.13
601,2021-02-15,CAL,994,467,527,489,280,159,66,849,145,ITF,ITF6,18,Calabria,Calabria,1947131,47318,2.43,0.05
602,2021-01-19,CAL,1108,488,620,852,180,76,0,1098,10,ITF,ITF6,18,Calabria,Calabria,1947131,48426,2.49,0.06
603,2021-01-23,CAL,400,186,214,325,52,23,0,358,42,ITF,ITF6,18,Calabria,Calabria,1947131,48826,2.51,0.02
604,2021-01-10,CAL,929,524,405,830,99,0,0,929,0,ITF,ITF6,18,Calabria,Calabria,1947131,49755,2.56,0.05
605,2021-02-10,CAL,2450,1067,1383,1469,624,357,0,827,1623,ITF,ITF6,18,Calabria,Calabria,1947131,52205,2.68,0.13
606,2021-01-13,CAL,2028,1022,1006,1800,194,34,0,2028,0,ITF,ITF6,18,Calabria,Calabria,1947131,54233,2.79,0.1
607,2021-02-17,CAL,1681,672,1009,673,424,285,299,1471,210,ITF,ITF6,18,Calabria,Calabria,1947131,55914,2.87,0.09
608,2021-01-06,CAL,926,500,426,822,104,0,0,926,0,ITF,ITF6,18,Calabria,Calabria,1947131,56840,2.92,0.05
609,2021-02-16,CAL,1439,605,834,651,430,240,118,1160,279,ITF,ITF6,18,Calabria,Calabria,1947131,58279,2.99,0.07
610,2021-02-01,CAL,2495,1191,1304,2044,408,43,0,247,2248,ITF,ITF6,18,Calabria,Calabria,1947131,60774,3.12,0.13
611,2021-01-07,CAL,2179,1061,1118,1882,297,0,0,2179,0,ITF,ITF6,18,Calabria,Calabria,1947131,62953,3.23,0.11
612,2021-01-18,CAL,1230,550,680,982,237,11,0,1040,190,ITF,ITF6,18,Calabria,Calabria,1947131,64183,3.3,0.06
613,2021-01-28,CAL,2232,1107,1125,1920,312,0,0,84,2148,ITF,ITF6,18,Calabria,Calabria,1947131,66415,3.41,0.11
614,2021-01-08,CAL,2109,1014,1095,1898,211,0,0,2109,0,ITF,ITF6,18,Calabria,Calabria,1947131,68524,3.52,0.11
615,2021-01-03,CAL,6,3,3,4,2,0,0,6,0,ITF,ITF6,18,Calabria,Calabria,1947131,68530,3.52,0.0
616,2021-02-14,CAL,371,145,226,146,142,83,0,341,30,ITF,ITF6,18,Calabria,Calabria,1947131,68901,3.54,0.02
617,2021-01-26,CAL,1805,861,944,1571,164,70,0,285,1520,ITF,ITF6,18,Calabria,Calabria,1947131,70706,3.63,0.09
618,2021-01-16,CAL,2394,1120,1274,1664,489,241,0,2394,0,ITF,ITF6,18,Calabria,Calabria,1947131,73100,3.75,0.12
619,2021-01-05,CAL,1350,618,732,1256,94,0,0,1350,0,ITF,ITF6,18,Calabria,Calabria,1947131,74450,3.82,0.07
620,2021-01-02,CAL,165,94,71,165,0,0,0,165,0,ITF,ITF6,18,Calabria,Calabria,1947131,74615,3.83,0.01
621,2021-01-24,CAL,44,18,26,15,3,26,0,39,5,ITF,ITF6,18,Calabria,Calabria,1947131,74659,3.83,0.0
622,2020-12-28,CAL,6,2,4,6,0,0,0,6,0,ITF,ITF6,18,Calabria,Calabria,1947131,74665,3.83,0.0
623,2021-01-20,CAL,1395,622,773,864,352,179,0,1394,1,ITF,ITF6,18,Calabria,Calabria,1947131,76060,3.91,0.07
624,2021-01-15,CAL,2793,1258,1535,1690,691,412,0,2793,0,ITF,ITF6,18,Calabria,Calabria,1947131,78853,4.05,0.14
625,2021-02-02,MOL,486,155,331,295,63,128,0,163,323,ITF,ITF2,14,Molise,Molise,305617,486,0.16,0.16
626,2021-01-13,MOL,474,160,314,256,74,144,0,474,0,ITF,ITF2,14,Molise,Molise,305617,960,0.31,0.16
627,2020-12-27,MOL,50,20,30,29,4,17,0,50,0,ITF,ITF2,14,Molise,Molise,305617,1010,0.33,0.02
628,2021-01-08,MOL,429,141,288,244,65,120,0,429,0,ITF,ITF2,14,Molise,Molise,305617,1439,0.47,0.14
629,2021-02-18,MOL,319,74,245,296,23,0,0,306,13,ITF,ITF2,14,Molise,Molise,305617,1758,0.58,0.1
630,2021-02-09,MOL,359,170,189,161,88,110,0,197,162,ITF,ITF2,14,Molise,Molise,305617,2117,0.69,0.12
631,2021-01-10,MOL,270,72,198,82,19,169,0,270,0,ITF,ITF2,14,Molise,Molise,305617,2387,0.78,0.09
632,2021-01-31,MOL,268,70,198,85,19,164,0,6,262,ITF,ITF2,14,Molise,Molise,305617,2655,0.87,0.09
633,2021-01-26,MOL,450,184,266,444,6,0,0,8,442,ITF,ITF2,14,Molise,Molise,305617,3105,1.02,0.15
634,2021-02-19,MOL,80,52,28,25,54,1,0,80,0,ITF,ITF2,14,Molise,Molise,305617,3185,1.04,0.03
635,2021-01-28,MOL,613,217,396,430,29,154,0,17,596,ITF,ITF2,14,Molise,Molise,305617,3798,1.24,0.2
636,2021-01-22,MOL,126,35,91,21,32,73,0,126,0,ITF,ITF2,14,Molise,Molise,305617,3924,1.28,0.04
637,2021-02-05,MOL,593,269,324,460,70,63,0,55,538,ITF,ITF2,14,Molise,Molise,305617,4517,1.48,0.19
638,2021-01-17,MOL,78,38,40,78,0,0,0,48,30,ITF,ITF2,14,Molise,Molise,305617,4595,1.5,0.03
639,2021-02-08,MOL,334,141,193,206,43,85,0,216,118,ITF,ITF2,14,Molise,Molise,305617,4929,1.61,0.11
640,2021-02-01,MOL,562,201,361,301,150,111,0,14,548,ITF,ITF2,14,Molise,Molise,305617,5491,1.8,0.18
641,2021-01-12,MOL,336,114,222,132,75,129,0,336,0,ITF,ITF2,14,Molise,Molise,305617,5827,1.91,0.11
642,2021-01-29,MOL,421,136,285,227,85,109,0,6,415,ITF,ITF2,14,Molise,Molise,305617,6248,2.04,0.14
643,2021-02-07,MOL,66,32,34,49,1,16,0,19,47,ITF,ITF2,14,Molise,Molise,305617,6314,2.07,0.02
644,2021-01-09,MOL,450,152,298,221,51,178,0,450,0,ITF,ITF2,14,Molise,Molise,305617,6764,2.21,0.15
645,2021-02-16,MOL,156,70,86,148,8,0,0,150,6,ITF,ITF2,14,Molise,Molise,305617,6920,2.26,0.05
646,2021-02-17,MOL,72,32,40,47,19,6,0,57,15,ITF,ITF2,14,Molise,Molise,305617,6992,2.29,0.02
647,2021-01-30,MOL,460,158,302,189,92,179,0,12,448,ITF,ITF2,14,Molise,Molise,305617,7452,2.44,0.15
648,2021-01-14,MOL,646,239,407,418,113,115,0,646,0,ITF,ITF2,14,Molise,Molise,305617,8098,2.65,0.21
649,2021-01-06,MOL,689,260,429,456,62,171,0,689,0,ITF,ITF2,14,Molise,Molise,305617,8787,2.88,0.23
650,2021-01-16,MOL,420,166,254,270,23,127,0,420,0,ITF,ITF2,14,Molise,Molise,305617,9207,3.01,0.14
651,2021-01-04,MOL,314,131,183,301,13,0,0,314,0,ITF,ITF2,14,Molise,Molise,305617,9521,3.12,0.1
652,2021-01-05,MOL,449,180,269,441,8,0,0,449,0,ITF,ITF2,14,Molise,Molise,305617,9970,3.26,0.15
653,2021-02-06,MOL,428,178,250,275,23,130,0,28,400,ITF,ITF2,14,Molise,Molise,305617,10398,3.4,0.14
654,2021-02-03,MOL,731,249,482,391,160,180,0,338,393,ITF,ITF2,14,Molise,Molise,305617,11129,3.64,0.24
655,2021-01-19,MOL,173,63,110,90,61,22,0,162,11,ITF,ITF2,14,Molise,Molise,305617,11302,3.7,0.06
656,2021-01-15,MOL,538,242,296,398,59,81,0,538,0,ITF,ITF2,14,Molise,Molise,305617,11840,3.87,0.18
657,2021-01-25,MOL,319,130,189,317,2,0,0,3,316,ITF,ITF2,14,Molise,Molise,305617,12159,3.98,0.1
658,2021-01-07,MOL,598,209,389,414,39,145,0,598,0,ITF,ITF2,14,Molise,Molise,305617,12757,4.17,0.2
659,2021-01-20,MOL,18,8,10,14,4,0,0,18,0,ITF,ITF2,14,Molise,Molise,305617,12775,4.18,0.01
660,2021-01-11,MOL,557,194,363,196,250,111,0,557,0,ITF,ITF2,14,Molise,Molise,305617,13332,4.36,0.18
661,2021-02-12,MOL,329,149,180,223,34,72,0,207,122,ITF,ITF2,14,Molise,Molise,305617,13661,4.47,0.11
662,2021-02-11,MOL,293,133,160,225,23,45,0,257,36,ITF,ITF2,14,Molise,Molise,305617,13954,4.57,0.1
663,2021-02-04,MOL,757,295,462,501,115,141,0,76,681,ITF,ITF2,14,Molise,Molise,305617,14711,4.81,0.25
664,2021-02-15,MOL,144,70,74,117,12,15,0,141,3,ITF,ITF2,14,Molise,Molise,305617,14855,4.86,0.05
665,2021-01-18,MOL,114,48,66,97,17,0,0,114,0,ITF,ITF2,14,Molise,Molise,305617,14969,4.9,0.04
666,2021-02-10,MOL,150,78,72,91,6,53,0,130,20,ITF,ITF2,14,Molise,Molise,305617,15119,4.95,0.05
667,2021-01-21,MOL,6,2,4,0,6,0,0,6,0,ITF,ITF2,14,Molise,Molise,305617,15125,4.95,0.0
668,2021-02-13,MOL,132,80,52,129,3,0,0,132,0,ITF,ITF2,14,Molise,Molise,305617,15257,4.99,0.04
669,2021-01-27,MOL,674,251,423,436,29,209,0,8,666,ITF,ITF2,14,Molise,Molise,305617,15931,5.21,0.22
670,2021-01-30,PUG,5409,2454,2955,4646,342,418,3,367,5042,ITF,ITF4,16,Puglia,Puglia,4029053,5409,0.13,0.13
671,2021-01-24,PUG,1666,747,919,1285,231,150,0,151,1515,ITF,ITF4,16,Puglia,Puglia,4029053,7075,0.18,0.04
672,2021-01-14,PUG,4053,1581,2472,3159,398,496,0,4053,0,ITF,ITF4,16,Puglia,Puglia,4029053,11128,0.28,0.1
673,2021-01-13,PUG,4524,1722,2802,3958,336,230,0,4524,0,ITF,ITF4,16,Puglia,Puglia,4029053,15652,0.39,0.11
674,2021-01-29,PUG,6160,2646,3514,5437,435,288,0,431,5729,ITF,ITF4,16,Puglia,Puglia,4029053,21812,0.54,0.15
675,2021-02-13,PUG,3769,1478,2291,2892,542,331,4,3010,759,ITF,ITF4,16,Puglia,Puglia,4029053,25581,0.63,0.09
676,2021-02-12,PUG,4046,1609,2437,2889,467,689,1,2958,1088,ITF,ITF4,16,Puglia,Puglia,4029053,29627,0.74,0.1
677,2021-01-27,PUG,4568,1925,2643,3909,263,396,0,607,3961,ITF,ITF4,16,Puglia,Puglia,4029053,34195,0.85,0.11
678,2021-02-15,PUG,3116,1212,1904,2184,480,452,0,2498,618,ITF,ITF4,16,Puglia,Puglia,4029053,37311,0.93,0.08
679,2021-01-21,PUG,2129,904,1225,1430,173,526,0,1270,859,ITF,ITF4,16,Puglia,Puglia,4029053,39440,0.98,0.05
680,2021-01-09,PUG,4861,2244,2617,4308,303,246,4,4861,0,ITF,ITF4,16,Puglia,Puglia,4029053,44301,1.1,0.12
681,2021-01-22,PUG,1405,575,830,874,158,373,0,989,416,ITF,ITF4,16,Puglia,Puglia,4029053,45706,1.13,0.03
682,2021-02-10,PUG,3620,1425,2195,2501,252,867,0,2112,1508,ITF,ITF4,16,Puglia,Puglia,4029053,49326,1.22,0.09
683,2021-01-04,PUG,4502,2012,2490,4366,125,11,0,4502,0,ITF,ITF4,16,Puglia,Puglia,4029053,53828,1.34,0.11
684,2021-02-03,PUG,5019,1995,3024,4356,479,184,0,726,4293,ITF,ITF4,16,Puglia,Puglia,4029053,58847,1.46,0.12
685,2021-01-19,PUG,1221,451,770,526,117,578,0,1211,10,ITF,ITF4,16,Puglia,Puglia,4029053,60068,1.49,0.03
686,2021-01-23,PUG,3030,1288,1742,2516,207,307,0,884,2146,ITF,ITF4,16,Puglia,Puglia,4029053,63098,1.57,0.08
687,2021-01-28,PUG,5463,2270,3193,4758,378,327,0,474,4989,ITF,ITF4,16,Puglia,Puglia,4029053,68561,1.7,0.14
688,2021-01-08,PUG,5570,2335,3235,4840,405,325,0,5570,0,ITF,ITF4,16,Puglia,Puglia,4029053,74131,1.84,0.14
689,2020-12-31,PUG,1635,783,852,1550,41,44,0,1635,0,ITF,ITF4,16,Puglia,Puglia,4029053,75766,1.88,0.04
690,2021-01-18,PUG,1844,770,1074,1181,217,446,0,1495,349,ITF,ITF4,16,Puglia,Puglia,4029053,77610,1.93,0.05
691,2021-02-09,PUG,3770,1544,2226,2497,659,614,0,2111,1659,ITF,ITF4,16,Puglia,Puglia,4029053,81380,2.02,0.09
692,2021-01-06,PUG,3943,1664,2279,3221,349,373,0,3943,0,ITF,ITF4,16,Puglia,Puglia,4029053,85323,2.12,0.1
693,2021-01-31,PUG,1799,821,978,1493,106,198,2,67,1732,ITF,ITF4,16,Puglia,Puglia,4029053,87122,2.16,0.04
694,2021-01-16,PUG,2501,1032,1469,1680,306,515,0,2501,0,ITF,ITF4,16,Puglia,Puglia,4029053,89623,2.22,0.06
695,2021-02-02,PUG,4266,1802,2464,3569,381,316,0,580,3686,ITF,ITF4,16,Puglia,Puglia,4029053,93889,2.33,0.11
696,2021-01-20,PUG,1551,544,1007,785,165,601,0,1543,8,ITF,ITF4,16,Puglia,Puglia,4029053,95440,2.37,0.04
697,2021-01-15,PUG,4544,1860,2684,3593,393,558,0,4544,0,ITF,ITF4,16,Puglia,Puglia,4029053,99984,2.48,0.11
698,2021-01-02,PUG,2943,1295,1648,2824,96,23,0,2943,0,ITF,ITF4,16,Puglia,Puglia,4029053,102927,2.55,0.07
699,2021-01-11,PUG,3739,1580,2159,3202,362,175,0,3739,0,ITF,ITF4,16,Puglia,Puglia,4029053,106666,2.65,0.09
700,2020-12-27,PUG,506,249,257,401,42,63,0,506,0,ITF,ITF4,16,Puglia,Puglia,4029053,107172,2.66,0.01
701,2021-02-17,PUG,4110,1678,2432,2430,1112,567,1,3566,544,ITF,ITF4,16,Puglia,Puglia,4029053,111282,2.76,0.1
702,2021-02-16,PUG,3298,1418,1880,2081,826,388,3,2714,584,ITF,ITF4,16,Puglia,Puglia,4029053,114580,2.84,0.08
703,2021-01-25,PUG,3818,1675,2143,3470,180,168,0,421,3397,ITF,ITF4,16,Puglia,Puglia,4029053,118398,2.94,0.09
704,2021-02-11,PUG,3655,1388,2267,2538,393,724,0,2384,1271,ITF,ITF4,16,Puglia,Puglia,4029053,122053,3.03,0.09
705,2021-01-01,PUG,146,60,86,145,1,0,0,146,0,ITF,ITF4,16,Puglia,Puglia,4029053,122199,3.03,0.0
706,2021-01-12,PUG,4199,1762,2437,3625,355,218,1,4199,0,ITF,ITF4,16,Puglia,Puglia,4029053,126398,3.14,0.1
707,2021-01-07,PUG,5706,2449,3257,5210,281,215,0,5706,0,ITF,ITF4,16,Puglia,Puglia,4029053,132104,3.28,0.14
708,2021-02-01,PUG,3948,1651,2297,3429,311,208,0,374,3574,ITF,ITF4,16,Puglia,Puglia,4029053,136052,3.38,0.1
709,2021-02-08,PUG,3890,1565,2325,2892,609,389,0,1532,2358,ITF,ITF4,16,Puglia,Puglia,4029053,139942,3.47,0.1
710,2021-01-17,PUG,1295,586,709,819,147,329,0,1226,69,ITF,ITF4,16,Puglia,Puglia,4029053,141237,3.51,0.03
711,2021-02-06,PUG,4394,1882,2512,3429,487,478,0,1559,2835,ITF,ITF4,16,Puglia,Puglia,4029053,145631,3.61,0.11
712,2021-02-04,PUG,5731,2293,3438,4356,768,607,0,1129,4602,ITF,ITF4,16,Puglia,Puglia,4029053,151362,3.76,0.14
713,2021-02-05,PUG,5602,2261,3341,4547,529,526,0,1314,4288,ITF,ITF4,16,Puglia,Puglia,4029053,156964,3.9,0.14
714,2021-02-18,PUG,3822,1637,2185,2366,848,608,0,3278,544,ITF,ITF4,16,Puglia,Puglia,4029053,160786,3.99,0.09
715,2021-02-19,PUG,871,328,543,543,263,65,0,701,170,ITF,ITF4,16,Puglia,Puglia,4029053,161657,4.01,0.02
716,2021-01-03,PUG,2003,941,1062,1813,45,145,0,2003,0,ITF,ITF4,16,Puglia,Puglia,4029053,163660,4.06,0.05
717,2021-02-14,PUG,753,337,416,658,33,62,0,631,122,ITF,ITF4,16,Puglia,Puglia,4029053,164413,4.08,0.02
718,2021-02-07,PUG,1323,596,727,945,217,161,0,244,1079,ITF,ITF4,16,Puglia,Puglia,4029053,165736,4.11,0.03
719,2021-01-05,PUG,5097,2244,2853,4738,256,98,5,5097,0,ITF,ITF4,16,Puglia,Puglia,4029053,170833,4.24,0.13
720,2021-01-10,PUG,2344,1058,1286,2033,110,201,0,2344,0,ITF,ITF4,16,Puglia,Puglia,4029053,173177,4.3,0.06
721,2021-01-26,PUG,5359,2397,2962,4845,283,231,0,574,4785,ITF,ITF4,16,Puglia,Puglia,4029053,178536,4.43,0.13
722,2020-12-30,PUG,1,0,1,1,0,0,0,1,0,ITF,ITF4,16,Puglia,Puglia,4029053,178537,4.43,0.0
723,2021-02-16,MAR,1288,475,813,734,462,92,0,1258,30,ITI,ITI3,11,Marche,Marche,1525271,1288,0.08,0.08
724,2021-01-23,MAR,557,190,367,440,54,63,0,123,434,ITI,ITI3,11,Marche,Marche,1525271,1845,0.12,0.04
725,2021-02-15,MAR,970,412,558,542,427,1,0,957,13,ITI,ITI3,11,Marche,Marche,1525271,2815,0.18,0.06
726,2021-01-02,MAR,453,139,314,444,9,0,0,453,0,ITI,ITI3,11,Marche,Marche,1525271,3268,0.21,0.03
727,2021-01-04,MAR,1500,563,937,1290,199,11,0,1500,0,ITI,ITI3,11,Marche,Marche,1525271,4768,0.31,0.1
728,2021-01-03,MAR,896,348,548,759,137,0,0,896,0,ITI,ITI3,11,Marche,Marche,1525271,5664,0.37,0.06
729,2021-01-24,MAR,890,341,549,772,118,0,0,17,873,ITI,ITI3,11,Marche,Marche,1525271,6554,0.43,0.06
730,2021-01-19,MAR,225,81,144,120,20,85,0,141,84,ITI,ITI3,11,Marche,Marche,1525271,6779,0.44,0.01
731,2021-02-03,MAR,2124,741,1383,1344,614,166,0,119,2005,ITI,ITI3,11,Marche,Marche,1525271,8903,0.58,0.14
732,2021-01-15,MAR,1771,500,1271,985,420,366,0,1771,0,ITI,ITI3,11,Marche,Marche,1525271,10674,0.7,0.12
733,2021-02-06,MAR,2431,889,1542,1396,639,396,0,521,1910,ITI,ITI3,11,Marche,Marche,1525271,13105,0.86,0.16
734,2021-02-05,MAR,2133,650,1483,1309,418,406,0,440,1693,ITI,ITI3,11,Marche,Marche,1525271,15238,1.0,0.14
735,2021-01-13,MAR,2105,746,1359,1408,621,76,0,2105,0,ITI,ITI3,11,Marche,Marche,1525271,17343,1.14,0.14
736,2021-02-19,MAR,604,201,403,351,118,135,0,496,108,ITI,ITI3,11,Marche,Marche,1525271,17947,1.18,0.04
737,2021-02-18,MAR,2102,745,1357,1149,550,402,1,1815,287,ITI,ITI3,11,Marche,Marche,1525271,20049,1.31,0.14
738,2021-01-18,MAR,673,230,443,370,171,132,0,547,126,ITI,ITI3,11,Marche,Marche,1525271,20722,1.36,0.04
739,2021-01-31,MAR,1920,769,1151,1528,392,0,0,105,1815,ITI,ITI3,11,Marche,Marche,1525271,22642,1.48,0.13
740,2021-02-10,MAR,1439,452,987,881,343,215,0,1080,359,ITI,ITI3,11,Marche,Marche,1525271,24081,1.58,0.09
741,2021-01-14,MAR,2010,692,1318,1112,600,298,0,2010,0,ITI,ITI3,11,Marche,Marche,1525271,26091,1.71,0.13
742,2020-12-30,MAR,17,5,12,14,3,0,0,17,0,ITI,ITI3,11,Marche,Marche,1525271,26108,1.71,0.0
743,2021-01-17,MAR,1598,682,916,964,588,46,0,1549,49,ITI,ITI3,11,Marche,Marche,1525271,27706,1.82,0.1
744,2021-01-25,MAR,1595,558,1037,1425,114,56,0,97,1498,ITI,ITI3,11,Marche,Marche,1525271,29301,1.92,0.1
745,2021-01-09,MAR,1709,605,1104,1406,303,0,0,1709,0,ITI,ITI3,11,Marche,Marche,1525271,31010,2.03,0.11
746,2021-01-07,MAR,1802,633,1169,1480,322,0,0,1802,0,ITI,ITI3,11,Marche,Marche,1525271,32812,2.15,0.12
747,2021-02-12,MAR,1583,618,965,815,680,88,0,1431,152,ITI,ITI3,11,Marche,Marche,1525271,34395,2.26,0.1
748,2021-01-06,MAR,2181,792,1389,1738,296,147,0,2181,0,ITI,ITI3,11,Marche,Marche,1525271,36576,2.4,0.14
749,2021-01-22,MAR,487,167,320,315,85,87,0,194,293,ITI,ITI3,11,Marche,Marche,1525271,37063,2.43,0.03
750,2021-02-04,MAR,2337,806,1531,1405,657,275,0,112,2225,ITI,ITI3,11,Marche,Marche,1525271,39400,2.58,0.15
751,2021-02-09,MAR,125,42,83,78,21,26,0,47,78,ITI,ITI3,11,Marche,Marche,1525271,39525,2.59,0.01
752,2021-01-12,MAR,1226,413,813,912,264,50,0,1226,0,ITI,ITI3,11,Marche,Marche,1525271,40751,2.67,0.08
753,2021-02-11,MAR,1987,657,1330,1155,620,212,0,1598,389,ITI,ITI3,11,Marche,Marche,1525271,42738,2.8,0.13
754,2021-02-02,MAR,1193,397,796,804,296,93,0,73,1120,ITI,ITI3,11,Marche,Marche,1525271,43931,2.88,0.08
755,2020-12-27,MAR,200,97,103,184,12,4,0,200,0,ITI,ITI3,11,Marche,Marche,1525271,44131,2.89,0.01
756,2021-01-05,MAR,1562,586,976,1436,126,0,0,1562,0,ITI,ITI3,11,Marche,Marche,1525271,45693,3.0,0.1
757,2021-01-27,MAR,2118,780,1338,1752,226,140,0,122,1996,ITI,ITI3,11,Marche,Marche,1525271,47811,3.13,0.14
758,2021-02-08,MAR,833,258,575,408,163,262,0,371,462,ITI,ITI3,11,Marche,Marche,1525271,48644,3.19,0.05
759,2021-02-07,MAR,1867,734,1133,1155,666,46,0,344,1523,ITI,ITI3,11,Marche,Marche,1525271,50511,3.31,0.12
760,2021-01-20,MAR,398,99,299,146,62,190,0,386,12,ITI,ITI3,11,Marche,Marche,1525271,50909,3.34,0.03
761,2021-01-10,MAR,1737,699,1038,1462,275,0,0,1737,0,ITI,ITI3,11,Marche,Marche,1525271,52646,3.45,0.11
762,2021-01-11,MAR,1176,411,765,1021,155,0,0,1176,0,ITI,ITI3,11,Marche,Marche,1525271,53822,3.53,0.08
763,2021-01-30,MAR,1906,668,1238,1566,340,0,0,29,1877,ITI,ITI3,11,Marche,Marche,1525271,55728,3.65,0.12
764,2021-01-28,MAR,1972,659,1313,1581,290,101,0,167,1805,ITI,ITI3,11,Marche,Marche,1525271,57700,3.78,0.13
765,2021-01-08,MAR,1574,588,986,1226,348,0,0,1574,0,ITI,ITI3,11,Marche,Marche,1525271,59274,3.89,0.1
766,2021-02-14,MAR,738,301,437,578,160,0,0,738,0,ITI,ITI3,11,Marche,Marche,1525271,60012,3.93,0.05
767,2021-02-13,MAR,1062,453,609,457,515,90,0,1010,52,ITI,ITI3,11,Marche,Marche,1525271,61074,4.0,0.07
768,2021-01-26,MAR,2016,746,1270,1736,194,86,0,92,1924,ITI,ITI3,11,Marche,Marche,1525271,63090,4.14,0.13
769,2020-12-31,MAR,383,178,205,370,13,0,0,383,0,ITI,ITI3,11,Marche,Marche,1525271,63473,4.16,0.03
770,2021-01-29,MAR,1991,730,1261,1479,438,74,0,168,1823,ITI,ITI3,11,Marche,Marche,1525271,65464,4.29,0.13
771,2021-01-16,MAR,2006,723,1283,1059,662,285,0,2006,0,ITI,ITI3,11,Marche,Marche,1525271,67470,4.42,0.13
772,2021-02-01,MAR,1360,479,881,1053,226,81,0,98,1262,ITI,ITI3,11,Marche,Marche,1525271,68830,4.51,0.09
773,2021-01-21,MAR,895,252,643,459,100,336,0,585,310,ITI,ITI3,11,Marche,Marche,1525271,69725,4.57,0.06
774,2021-02-17,MAR,1787,663,1124,965,521,300,1,1668,119,ITI,ITI3,11,Marche,Marche,1525271,71512,4.69,0.12
775,2021-02-10,SIC,4426,1816,2610,1975,1711,740,0,4001,425,ITG,ITG1,19,Sicilia,Sicilia,4999891,4426,0.09,0.09
776,2021-01-31,SIC,4109,1958,2151,2599,1216,294,0,112,3997,ITG,ITG1,19,Sicilia,Sicilia,4999891,8535,0.17,0.08
777,2021-02-17,SIC,5425,3289,2136,1527,3010,880,8,4753,672,ITG,ITG1,19,Sicilia,Sicilia,4999891,13960,0.28,0.11
778,2021-01-10,SIC,3618,1615,2003,2126,1028,464,0,3618,0,ITG,ITG1,19,Sicilia,Sicilia,4999891,17578,0.35,0.07
779,2021-01-02,SIC,4872,2533,2339,4311,561,0,0,4872,0,ITG,ITG1,19,Sicilia,Sicilia,4999891,22450,0.45,0.1
780,2021-01-28,SIC,9315,4394,4921,7452,1568,295,0,412,8903,ITG,ITG1,19,Sicilia,Sicilia,4999891,31765,0.64,0.19
781,2021-02-14,SIC,1057,402,655,433,388,236,0,917,140,ITG,ITG1,19,Sicilia,Sicilia,4999891,32822,0.66,0.02
782,2020-12-28,SIC,207,124,83,205,2,0,0,207,0,ITG,ITG1,19,Sicilia,Sicilia,4999891,33029,0.66,0.0
783,2021-01-11,SIC,5903,2590,3313,3923,1598,382,0,5903,0,ITG,ITG1,19,Sicilia,Sicilia,4999891,38932,0.78,0.12
784,2021-01-15,SIC,5078,2233,2845,2824,1775,479,0,5078,0,ITG,ITG1,19,Sicilia,Sicilia,4999891,44010,0.88,0.1
785,2021-02-02,SIC,5536,2621,2915,3151,1956,429,0,632,4904,ITG,ITG1,19,Sicilia,Sicilia,4999891,49546,0.99,0.11
786,2021-02-11,SIC,5329,2102,3227,2457,1984,888,0,4865,464,ITG,ITG1,19,Sicilia,Sicilia,4999891,54875,1.1,0.11
787,2021-01-23,SIC,4146,2147,1999,3909,221,16,0,225,3921,ITG,ITG1,19,Sicilia,Sicilia,4999891,59021,1.18,0.08
788,2021-01-16,SIC,2776,1195,1581,1329,1149,298,0,2776,0,ITG,ITG1,19,Sicilia,Sicilia,4999891,61797,1.24,0.06
789,2021-02-04,SIC,6872,3157,3715,4413,1919,540,0,1458,5414,ITG,ITG1,19,Sicilia,Sicilia,4999891,68669,1.37,0.14
790,2021-02-19,SIC,2150,1243,907,525,1473,151,1,1978,172,ITG,ITG1,19,Sicilia,Sicilia,4999891,70819,1.42,0.04
791,2021-02-18,SIC,5482,3163,2319,1635,3026,812,9,5051,431,ITG,ITG1,19,Sicilia,Sicilia,4999891,76301,1.53,0.11
792,2021-01-18,SIC,1548,646,902,721,619,208,0,1432,116,ITG,ITG1,19,Sicilia,Sicilia,4999891,77849,1.56,0.03
793,2021-02-15,SIC,3944,1859,2085,1695,1676,563,10,3380,564,ITG,ITG1,19,Sicilia,Sicilia,4999891,81793,1.64,0.08
794,2021-02-12,SIC,4740,1850,2890,2296,1801,643,0,4409,331,ITG,ITG1,19,Sicilia,Sicilia,4999891,86533,1.73,0.09
795,2021-01-27,SIC,7527,3832,3695,6325,1050,152,0,189,7338,ITG,ITG1,19,Sicilia,Sicilia,4999891,94060,1.88,0.15
796,2021-01-25,SIC,7508,3693,3815,6631,807,70,0,322,7186,ITG,ITG1,19,Sicilia,Sicilia,4999891,101568,2.03,0.15
797,2021-02-13,SIC,3105,1167,1938,1295,1241,569,0,2848,257,ITG,ITG1,19,Sicilia,Sicilia,4999891,104673,2.09,0.06
798,2021-02-16,SIC,4405,2295,2110,1462,2143,775,25,3938,467,ITG,ITG1,19,Sicilia,Sicilia,4999891,109078,2.18,0.09
799,2021-01-09,SIC,7325,3424,3901,5034,1835,456,0,7325,0,ITG,ITG1,19,Sicilia,Sicilia,4999891,116403,2.33,0.15
800,2021-02-08,SIC,4085,1758,2327,2345,1343,397,0,2127,1958,ITG,ITG1,19,Sicilia,Sicilia,4999891,120488,2.41,0.08
801,2021-01-07,SIC,9173,4239,4934,7694,1269,210,0,9173,0,ITG,ITG1,19,Sicilia,Sicilia,4999891,129661,2.59,0.18
802,2021-01-13,SIC,5204,2462,2742,3033,1730,441,0,5204,0,ITG,ITG1,19,Sicilia,Sicilia,4999891,134865,2.7,0.1
803,2021-01-30,SIC,7834,3569,4265,5447,1912,475,0,172,7662,ITG,ITG1,19,Sicilia,Sicilia,4999891,142699,2.85,0.16
804,2021-01-14,SIC,5250,2514,2736,3046,1945,259,0,5250,0,ITG,ITG1,19,Sicilia,Sicilia,4999891,147949,2.96,0.11
805,2021-01-24,SIC,4332,2260,2072,3987,342,3,0,148,4184,ITG,ITG1,19,Sicilia,Sicilia,4999891,152281,3.05,0.09
806,2021-02-01,SIC,6074,2682,3392,4165,1591,318,0,301,5773,ITG,ITG1,19,Sicilia,Sicilia,4999891,158355,3.17,0.12
807,2021-01-04,SIC,8371,4171,4200,7593,772,6,0,8371,0,ITG,ITG1,19,Sicilia,Sicilia,4999891,166726,3.33,0.17
808,2021-02-03,SIC,6098,2855,3243,3354,2120,624,0,755,5343,ITG,ITG1,19,Sicilia,Sicilia,4999891,172824,3.46,0.12
809,2021-02-06,SIC,5013,2189,2824,2519,1924,570,0,1461,3552,ITG,ITG1,19,Sicilia,Sicilia,4999891,177837,3.56,0.1
810,2021-01-26,SIC,9484,4666,4818,8356,874,254,0,236,9248,ITG,ITG1,19,Sicilia,Sicilia,4999891,187321,3.75,0.19
811,2021-01-19,SIC,1270,521,749,520,512,238,0,1092,178,ITG,ITG1,19,Sicilia,Sicilia,4999891,188591,3.77,0.03
812,2021-01-03,SIC,4693,2454,2239,4361,332,0,0,4693,0,ITG,ITG1,19,Sicilia,Sicilia,4999891,193284,3.87,0.09
813,2021-02-07,SIC,2345,995,1350,1609,581,155,0,672,1673,ITG,ITG1,19,Sicilia,Sicilia,4999891,195629,3.91,0.05
814,2021-01-20,SIC,808,410,398,422,194,192,0,573,235,ITG,ITG1,19,Sicilia,Sicilia,4999891,196437,3.93,0.02
815,2021-01-17,SIC,1295,584,711,619,516,160,0,1245,50,ITG,ITG1,19,Sicilia,Sicilia,4999891,197732,3.95,0.03
816,2020-12-30,SIC,173,101,72,156,17,0,0,173,0,ITG,ITG1,19,Sicilia,Sicilia,4999891,197905,3.96,0.0
817,2021-02-09,SIC,4363,1829,2534,2234,1489,640,0,3359,1004,ITG,ITG1,19,Sicilia,Sicilia,4999891,202268,4.05,0.09
818,2021-02-05,SIC,7100,3155,3945,3528,2720,852,0,2126,4974,ITG,ITG1,19,Sicilia,Sicilia,4999891,209368,4.19,0.14
819,2020-12-29,SIC,235,146,89,235,0,0,0,235,0,ITG,ITG1,19,Sicilia,Sicilia,4999891,209603,4.19,0.0
820,2020-12-31,SIC,877,469,408,827,50,0,0,877,0,ITG,ITG1,19,Sicilia,Sicilia,4999891,210480,4.21,0.02
821,2021-01-08,SIC,8328,3864,4464,6591,1524,213,0,8328,0,ITG,ITG1,19,Sicilia,Sicilia,4999891,218808,4.38,0.17
822,2021-01-12,SIC,4542,2234,2308,2863,1484,195,0,4542,0,ITG,ITG1,19,Sicilia,Sicilia,4999891,223350,4.47,0.09
823,2021-01-06,SIC,6471,3402,3069,5717,752,2,0,6471,0,ITG,ITG1,19,Sicilia,Sicilia,4999891,229821,4.6,0.13
824,2021-01-05,SIC,10526,5159,5367,9073,1246,207,0,10526,0,ITG,ITG1,19,Sicilia,Sicilia,4999891,240347,4.81,0.21
825,2021-01-01,SIC,815,437,378,740,75,0,0,815,0,ITG,ITG1,19,Sicilia,Sicilia,4999891,241162,4.82,0.02
826,2021-01-29,SIC,9356,4318,5038,7147,1904,305,0,431,8925,ITG,ITG1,19,Sicilia,Sicilia,4999891,250518,5.01,0.19
827,2021-01-22,SIC,1235,625,610,1035,82,118,0,242,993,ITG,ITG1,19,Sicilia,Sicilia,4999891,251753,5.04,0.02
828,2020-12-27,SIC,89,54,35,62,2,25,0,89,0,ITG,ITG1,19,Sicilia,Sicilia,4999891,251842,5.04,0.0
829,2021-01-21,SIC,1327,646,681,1000,190,137,0,498,829,ITG,ITG1,19,Sicilia,Sicilia,4999891,253169,5.06,0.03
830,2021-01-31,BAS,77,24,53,75,2,0,0,0,77,ITF,ITF5,17,Basilicata,Basilicata,559084,77,0.01,0.01
831,2021-02-10,BAS,536,239,297,172,147,127,90,484,52,ITF,ITF5,17,Basilicata,Basilicata,559084,613,0.11,0.1
832,2021-01-26,BAS,794,350,444,481,278,35,0,102,692,ITF,ITF5,17,Basilicata,Basilicata,559084,1407,0.25,0.14
833,2021-01-29,BAS,611,228,383,274,267,70,0,62,549,ITF,ITF5,17,Basilicata,Basilicata,559084,2018,0.36,0.11
834,2021-02-07,BAS,372,158,214,257,75,40,0,49,323,ITF,ITF5,17,Basilicata,Basilicata,559084,2390,0.43,0.07
835,2021-01-17,BAS,327,132,195,95,178,54,0,326,1,ITF,ITF5,17,Basilicata,Basilicata,559084,2717,0.49,0.06
836,2021-01-25,BAS,1019,426,593,660,358,1,0,74,945,ITF,ITF5,17,Basilicata,Basilicata,559084,3736,0.67,0.18
837,2021-01-07,BAS,640,319,321,306,305,29,0,640,0,ITF,ITF5,17,Basilicata,Basilicata,559084,4376,0.78,0.11
838,2021-01-21,BAS,30,10,20,0,30,0,0,30,0,ITF,ITF5,17,Basilicata,Basilicata,559084,4406,0.79,0.01
839,2021-01-22,BAS,66,24,42,6,60,0,0,66,0,ITF,ITF5,17,Basilicata,Basilicata,559084,4472,0.8,0.01
840,2021-02-15,BAS,597,225,372,185,139,35,238,556,41,ITF,ITF5,17,Basilicata,Basilicata,559084,5069,0.91,0.11
841,2021-01-09,BAS,558,161,397,281,210,67,0,558,0,ITF,ITF5,17,Basilicata,Basilicata,559084,5627,1.01,0.1
842,2021-02-09,BAS,488,212,276,199,235,54,0,314,174,ITF,ITF5,17,Basilicata,Basilicata,559084,6115,1.09,0.09
843,2021-01-05,BAS,945,409,536,709,236,0,0,945,0,ITF,ITF5,17,Basilicata,Basilicata,559084,7060,1.26,0.17
844,2021-01-20,BAS,84,22,62,0,84,0,0,84,0,ITF,ITF5,17,Basilicata,Basilicata,559084,7144,1.28,0.02
845,2021-01-27,BAS,410,174,236,151,233,26,0,113,297,ITF,ITF5,17,Basilicata,Basilicata,559084,7554,1.35,0.07
846,2021-01-02,BAS,948,379,569,848,100,0,0,948,0,ITF,ITF5,17,Basilicata,Basilicata,559084,8502,1.52,0.17
847,2020-12-27,BAS,106,41,65,104,2,0,0,106,0,ITF,ITF5,17,Basilicata,Basilicata,559084,8608,1.54,0.02
848,2021-01-11,BAS,183,66,117,78,64,41,0,183,0,ITF,ITF5,17,Basilicata,Basilicata,559084,8791,1.57,0.03
849,2021-01-15,BAS,812,349,463,449,190,173,0,812,0,ITF,ITF5,17,Basilicata,Basilicata,559084,9603,1.72,0.15
850,2021-01-28,BAS,903,401,502,440,387,76,0,119,784,ITF,ITF5,17,Basilicata,Basilicata,559084,10506,1.88,0.16
851,2021-01-12,BAS,216,87,129,39,79,98,0,216,0,ITF,ITF5,17,Basilicata,Basilicata,559084,10722,1.92,0.04
852,2021-02-11,BAS,760,320,440,200,172,97,291,677,83,ITF,ITF5,17,Basilicata,Basilicata,559084,11482,2.05,0.14
853,2021-01-14,BAS,969,413,556,402,244,323,0,969,0,ITF,ITF5,17,Basilicata,Basilicata,559084,12451,2.23,0.17
854,2021-01-18,BAS,462,157,305,361,57,44,0,363,99,ITF,ITF5,17,Basilicata,Basilicata,559084,12913,2.31,0.08
855,2021-01-23,BAS,705,298,407,479,225,1,0,33,672,ITF,ITF5,17,Basilicata,Basilicata,559084,13618,2.44,0.13
856,2021-02-19,BAS,283,169,114,90,99,0,94,280,3,ITF,ITF5,17,Basilicata,Basilicata,559084,13901,2.49,0.05
857,2021-01-08,BAS,557,220,337,262,234,61,0,557,0,ITF,ITF5,17,Basilicata,Basilicata,559084,14458,2.59,0.1
858,2021-02-14,BAS,130,39,91,55,12,63,0,130,0,ITF,ITF5,17,Basilicata,Basilicata,559084,14588,2.61,0.02
859,2021-01-16,BAS,721,304,417,265,295,161,0,721,0,ITF,ITF5,17,Basilicata,Basilicata,559084,15309,2.74,0.13
860,2021-02-01,BAS,242,91,151,89,105,48,0,46,196,ITF,ITF5,17,Basilicata,Basilicata,559084,15551,2.78,0.04
861,2021-01-04,BAS,607,271,336,527,80,0,0,607,0,ITF,ITF5,17,Basilicata,Basilicata,559084,16158,2.89,0.11
862,2021-01-19,BAS,199,84,115,79,76,44,0,199,0,ITF,ITF5,17,Basilicata,Basilicata,559084,16357,2.93,0.04
863,2021-02-12,BAS,561,249,312,270,203,86,2,530,31,ITF,ITF5,17,Basilicata,Basilicata,559084,16918,3.03,0.1
864,2021-02-18,BAS,840,305,535,238,67,85,450,626,214,ITF,ITF5,17,Basilicata,Basilicata,559084,17758,3.18,0.15
865,2021-01-06,BAS,294,129,165,144,114,36,0,294,0,ITF,ITF5,17,Basilicata,Basilicata,559084,18052,3.23,0.05
866,2021-02-16,BAS,753,316,437,234,98,56,365,655,98,ITF,ITF5,17,Basilicata,Basilicata,559084,18805,3.36,0.13
867,2021-02-17,BAS,755,330,425,98,67,20,570,686,69,ITF,ITF5,17,Basilicata,Basilicata,559084,19560,3.5,0.14
868,2021-02-04,BAS,1089,438,651,551,259,279,0,63,1026,ITF,ITF5,17,Basilicata,Basilicata,559084,20649,3.69,0.19
869,2021-02-08,BAS,552,190,362,431,74,47,0,148,404,ITF,ITF5,17,Basilicata,Basilicata,559084,21201,3.79,0.1
870,2021-02-02,BAS,363,141,222,132,130,101,0,175,188,ITF,ITF5,17,Basilicata,Basilicata,559084,21564,3.86,0.06
871,2021-01-03,BAS,900,344,556,789,111,0,0,900,0,ITF,ITF5,17,Basilicata,Basilicata,559084,22464,4.02,0.16
872,2021-02-03,BAS,666,300,366,305,189,172,0,32,634,ITF,ITF5,17,Basilicata,Basilicata,559084,23130,4.14,0.12
873,2021-01-30,BAS,699,226,473,299,274,126,0,127,572,ITF,ITF5,17,Basilicata,Basilicata,559084,23829,4.26,0.13
874,2021-01-10,BAS,77,24,53,9,68,0,0,77,0,ITF,ITF5,17,Basilicata,Basilicata,559084,23906,4.28,0.01
875,2021-02-05,BAS,980,440,540,509,281,190,0,62,918,ITF,ITF5,17,Basilicata,Basilicata,559084,24886,4.45,0.18
876,2021-01-13,BAS,915,386,529,573,194,148,0,915,0,ITF,ITF5,17,Basilicata,Basilicata,559084,25801,4.61,0.16
877,2021-02-06,BAS,900,366,534,544,188,168,0,144,756,ITF,ITF5,17,Basilicata,Basilicata,559084,26701,4.78,0.16
878,2021-02-13,BAS,636,238,398,277,191,97,71,595,41,ITF,ITF5,17,Basilicata,Basilicata,559084,27337,4.89,0.11
879,2021-01-24,BAS,834,299,535,602,231,1,0,58,776,ITF,ITF5,17,Basilicata,Basilicata,559084,28171,5.04,0.15
880,2021-02-07,EMR,4785,1534,3251,3643,689,443,10,1726,3059,ITH,ITH5,8,Emilia-Romagna,Emilia-Romagna,4459477,4785,0.11,0.11
881,2021-01-17,EMR,2889,887,2002,1911,431,547,0,2643,246,ITH,ITH5,8,Emilia-Romagna,Emilia-Romagna,4459477,7674,0.17,0.06
882,2020-12-31,EMR,2205,776,1429,1672,206,327,0,2205,0,ITH,ITH5,8,Emilia-Romagna,Emilia-Romagna,4459477,9879,0.22,0.05
883,2021-01-11,EMR,9322,3266,6056,6529,1527,1266,0,9322,0,ITH,ITH5,8,Emilia-Romagna,Emilia-Romagna,4459477,19201,0.43,0.21
884,2021-01-21,EMR,2148,724,1424,1278,219,651,0,807,1341,ITH,ITH5,8,Emilia-Romagna,Emilia-Romagna,4459477,21349,0.48,0.05
885,2021-01-25,EMR,6411,2127,4284,5224,509,678,0,220,6191,ITH,ITH5,8,Emilia-Romagna,Emilia-Romagna,4459477,27760,0.62,0.14
886,2021-01-30,EMR,10035,3507,6528,7560,1706,769,0,143,9892,ITH,ITH5,8,Emilia-Romagna,Emilia-Romagna,4459477,37795,0.85,0.23
887,2021-01-22,EMR,1827,476,1351,941,164,722,0,1088,739,ITH,ITH5,8,Emilia-Romagna,Emilia-Romagna,4459477,39622,0.89,0.04
888,2021-01-06,EMR,8256,2938,5318,6822,784,650,0,8256,0,ITH,ITH5,8,Emilia-Romagna,Emilia-Romagna,4459477,47878,1.07,0.19
889,2021-01-31,EMR,7692,2758,4934,6172,1259,261,0,242,7450,ITH,ITH5,8,Emilia-Romagna,Emilia-Romagna,4459477,55570,1.25,0.17
890,2021-02-04,EMR,9836,3172,6664,6354,1736,1629,117,1178,8658,ITH,ITH5,8,Emilia-Romagna,Emilia-Romagna,4459477,65406,1.47,0.22
891,2021-02-02,EMR,9420,3028,6392,6202,1523,1625,70,488,8932,ITH,ITH5,8,Emilia-Romagna,Emilia-Romagna,4459477,74826,1.68,0.21
892,2021-01-26,EMR,8324,3000,5324,6595,697,1032,0,218,8106,ITH,ITH5,8,Emilia-Romagna,Emilia-Romagna,4459477,83150,1.86,0.19
893,2021-01-10,EMR,7121,2660,4461,5514,1108,499,0,7121,0,ITH,ITH5,8,Emilia-Romagna,Emilia-Romagna,4459477,90271,2.02,0.16
894,2021-01-12,EMR,9314,3084,6230,6316,1367,1631,0,9314,0,ITH,ITH5,8,Emilia-Romagna,Emilia-Romagna,4459477,99585,2.23,0.21
895,2021-02-06,EMR,7509,2370,5139,5279,1021,1170,39,2106,5403,ITH,ITH5,8,Emilia-Romagna,Emilia-Romagna,4459477,107094,2.4,0.17
896,2021-02-05,EMR,9280,2954,6326,6171,1334,1605,170,1615,7665,ITH,ITH5,8,Emilia-Romagna,Emilia-Romagna,4459477,116374,2.61,0.21
897,2021-01-13,EMR,9063,2939,6124,5860,1458,1745,0,9063,0,ITH,ITH5,8,Emilia-Romagna,Emilia-Romagna,4459477,125437,2.81,0.2
898,2021-02-13,EMR,3588,1073,2515,2765,522,144,157,2992,596,ITH,ITH5,8,Emilia-Romagna,Emilia-Romagna,4459477,129025,2.89,0.08
899,2021-01-24,EMR,2442,882,1560,2072,120,250,0,301,2141,ITH,ITH5,8,Emilia-Romagna,Emilia-Romagna,4459477,131467,2.95,0.05
900,2021-02-01,EMR,10285,3593,6692,7425,1603,1257,0,365,9920,ITH,ITH5,8,Emilia-Romagna,Emilia-Romagna,4459477,141752,3.18,0.23
901,2021-02-08,EMR,5157,1511,3646,2810,730,1478,139,2263,2894,ITH,ITH5,8,Emilia-Romagna,Emilia-Romagna,4459477,146909,3.29,0.12
902,2021-01-19,EMR,2039,502,1537,745,135,1159,0,2022,17,ITH,ITH5,8,Emilia-Romagna,Emilia-Romagna,4459477,148948,3.34,0.05
903,2021-01-18,EMR,3125,879,2246,1671,326,1128,0,2448,677,ITH,ITH5,8,Emilia-Romagna,Emilia-Romagna,4459477,152073,3.41,0.07
904,2021-02-03,EMR,9265,2969,6296,6136,1427,1617,85,949,8316,ITH,ITH5,8,Emilia-Romagna,Emilia-Romagna,4459477,161338,3.62,0.21
905,2021-01-04,EMR,7254,2509,4745,6151,526,577,0,7254,0,ITH,ITH5,8,Emilia-Romagna,Emilia-Romagna,4459477,168592,3.78,0.16
906,2021-01-03,EMR,2730,934,1796,2480,80,170,0,2730,0,ITH,ITH5,8,Emilia-Romagna,Emilia-Romagna,4459477,171322,3.84,0.06
907,2021-01-16,EMR,5591,1716,3875,3653,830,1108,0,5591,0,ITH,ITH5,8,Emilia-Romagna,Emilia-Romagna,4459477,176913,3.97,0.13
908,2021-02-12,EMR,5215,1646,3569,3381,921,646,267,3819,1396,ITH,ITH5,8,Emilia-Romagna,Emilia-Romagna,4459477,182128,4.08,0.12
909,2021-01-15,EMR,7699,2392,5307,5255,1126,1318,0,7699,0,ITH,ITH5,8,Emilia-Romagna,Emilia-Romagna,4459477,189827,4.26,0.17
910,2021-01-29,EMR,10321,3475,6846,8074,1230,1017,0,285,10036,ITH,ITH5,8,Emilia-Romagna,Emilia-Romagna,4459477,200148,4.49,0.23
911,2021-02-17,EMR,6273,2640,3633,796,1299,403,3775,5499,774,ITH,ITH5,8,Emilia-Romagna,Emilia-Romagna,4459477,206421,4.63,0.14
912,2021-01-09,EMR,9872,3425,6447,7669,1323,880,0,9872,0,ITH,ITH5,8,Emilia-Romagna,Emilia-Romagna,4459477,216293,4.85,0.22
913,2021-02-16,EMR,5431,2302,3129,721,1060,424,3226,4905,526,ITH,ITH5,8,Emilia-Romagna,Emilia-Romagna,4459477,221724,4.97,0.12
914,2021-02-18,EMR,6892,2839,4053,880,536,236,5240,6318,574,ITH,ITH5,8,Emilia-Romagna,Emilia-Romagna,4459477,228616,5.13,0.15
915,2021-01-08,EMR,10804,3554,7250,8339,1388,1077,0,10804,0,ITH,ITH5,8,Emilia-Romagna,Emilia-Romagna,4459477,239420,5.37,0.24
916,2021-02-09,EMR,4126,1236,2890,2213,488,1196,229,2280,1846,ITH,ITH5,8,Emilia-Romagna,Emilia-Romagna,4459477,243546,5.46,0.09
917,2021-02-19,EMR,2246,925,1321,390,161,25,1670,2170,76,ITH,ITH5,8,Emilia-Romagna,Emilia-Romagna,4459477,245792,5.51,0.05
918,2021-02-14,EMR,1396,377,1019,851,487,39,19,1276,120,ITH,ITH5,8,Emilia-Romagna,Emilia-Romagna,4459477,247188,5.54,0.03
919,2021-01-02,EMR,2347,903,1444,2071,79,197,0,2347,0,ITH,ITH5,8,Emilia-Romagna,Emilia-Romagna,4459477,249535,5.6,0.05
920,2021-01-05,EMR,9325,3163,6162,7868,693,764,0,9325,0,ITH,ITH5,8,Emilia-Romagna,Emilia-Romagna,4459477,258860,5.8,0.21
921,2021-01-20,EMR,1321,269,1052,391,143,787,0,1320,1,ITH,ITH5,8,Emilia-Romagna,Emilia-Romagna,4459477,260181,5.83,0.03
922,2020-12-27,EMR,968,372,596,824,118,26,0,968,0,ITH,ITH5,8,Emilia-Romagna,Emilia-Romagna,4459477,261149,5.86,0.02
923,2021-01-07,EMR,10204,3381,6823,8168,968,1068,0,10204,0,ITH,ITH5,8,Emilia-Romagna,Emilia-Romagna,4459477,271353,6.08,0.23
924,2021-01-28,EMR,10219,3333,6886,8060,1036,1123,0,351,9868,ITH,ITH5,8,Emilia-Romagna,Emilia-Romagna,4459477,281572,6.31,0.23
925,2021-01-23,EMR,2443,868,1575,1899,114,430,0,441,2002,ITH,ITH5,8,Emilia-Romagna,Emilia-Romagna,4459477,284015,6.37,0.05
926,2021-02-11,EMR,4233,1411,2822,2460,741,718,314,3400,833,ITH,ITH5,8,Emilia-Romagna,Emilia-Romagna,4459477,288248,6.46,0.09
927,2021-01-14,EMR,8085,2572,5513,5329,1151,1605,0,8085,0,ITH,ITH5,8,Emilia-Romagna,Emilia-Romagna,4459477,296333,6.65,0.18
928,2021-01-27,EMR,8314,2933,5381,6848,812,654,0,463,7851,ITH,ITH5,8,Emilia-Romagna,Emilia-Romagna,4459477,304647,6.83,0.19
929,2021-02-15,EMR,2856,834,2022,1977,464,157,258,2731,125,ITH,ITH5,8,Emilia-Romagna,Emilia-Romagna,4459477,307503,6.9,0.06
930,2021-02-10,EMR,3924,1350,2574,2304,589,775,256,2727,1197,ITH,ITH5,8,Emilia-Romagna,Emilia-Romagna,4459477,311427,6.98,0.09
931,2021-01-02,VEN,5740,1765,3975,4796,398,544,2,5740,0,ITH,ITH3,5,Veneto,Veneto,4905854,5740,0.12,0.12
932,2021-01-13,VEN,5975,1600,4375,2790,1302,1880,3,5975,0,ITH,ITH3,5,Veneto,Veneto,4905854,11715,0.24,0.12
933,2021-02-05,VEN,8350,2529,5821,4252,1934,2159,5,1415,6935,ITH,ITH3,5,Veneto,Veneto,4905854,20065,0.41,0.17
934,2021-01-07,VEN,8360,2321,6039,5467,1086,1807,0,8360,0,ITH,ITH3,5,Veneto,Veneto,4905854,28425,0.58,0.17
935,2021-02-16,VEN,6431,2810,3621,637,348,421,5025,6257,174,ITH,ITH3,5,Veneto,Veneto,4905854,34856,0.71,0.13
936,2021-01-22,VEN,1080,332,748,946,77,57,0,26,1054,ITH,ITH3,5,Veneto,Veneto,4905854,35936,0.73,0.02
937,2021-02-17,VEN,5964,2746,3218,394,276,341,4953,5870,94,ITH,ITH3,5,Veneto,Veneto,4905854,41900,0.85,0.12
938,2021-01-29,VEN,8991,2780,6211,6030,1524,1434,3,366,8625,ITH,ITH3,5,Veneto,Veneto,4905854,50891,1.04,0.18
939,2021-01-26,VEN,6900,2080,4820,5307,632,961,0,155,6745,ITH,ITH3,5,Veneto,Veneto,4905854,57791,1.18,0.14
940,2021-01-09,VEN,7924,2535,5389,5170,1178,1573,3,7924,0,ITH,ITH3,5,Veneto,Veneto,4905854,65715,1.34,0.16
941,2021-02-04,VEN,7279,2009,5270,3427,1468,2372,12,550,6729,ITH,ITH3,5,Veneto,Veneto,4905854,72994,1.49,0.15
942,2021-02-09,VEN,5073,1833,3240,3061,866,1126,20,3383,1690,ITH,ITH3,5,Veneto,Veneto,4905854,78067,1.59,0.1
943,2021-01-31,VEN,4688,1541,3147,3648,676,360,4,385,4303,ITH,ITH3,5,Veneto,Veneto,4905854,82755,1.69,0.1
944,2020-12-31,VEN,3218,1044,2174,2699,267,252,0,3218,0,ITH,ITH3,5,Veneto,Veneto,4905854,85973,1.75,0.07
945,2021-02-07,VEN,2312,860,1452,1924,336,50,2,713,1599,ITH,ITH3,5,Veneto,Veneto,4905854,88285,1.8,0.05
946,2021-02-01,VEN,8168,2426,5742,4204,1824,1895,245,160,8008,ITH,ITH3,5,Veneto,Veneto,4905854,96453,1.97,0.17
947,2020-12-30,VEN,699,245,454,598,62,39,0,699,0,ITH,ITH3,5,Veneto,Veneto,4905854,97152,1.98,0.01
948,2021-01-19,VEN,1309,472,837,726,253,324,6,1160,149,ITH,ITH3,5,Veneto,Veneto,4905854,98461,2.01,0.03
949,2021-01-04,VEN,6725,2029,4696,5238,573,913,1,6725,0,ITH,ITH3,5,Veneto,Veneto,4905854,105186,2.14,0.14
950,2021-01-18,VEN,2759,782,1977,1215,537,999,8,2560,199,ITH,ITH3,5,Veneto,Veneto,4905854,107945,2.2,0.06
951,2021-01-30,VEN,8715,2662,6053,6200,1305,1206,4,674,8041,ITH,ITH3,5,Veneto,Veneto,4905854,116660,2.38,0.18
952,2021-01-21,VEN,2292,719,1573,1987,164,141,0,23,2269,ITH,ITH3,5,Veneto,Veneto,4905854,118952,2.42,0.05
953,2021-02-03,VEN,5923,1657,4266,2849,1339,1734,1,474,5449,ITH,ITH3,5,Veneto,Veneto,4905854,124875,2.55,0.12
954,2021-01-03,VEN,5157,1563,3594,4596,312,249,0,5157,0,ITH,ITH3,5,Veneto,Veneto,4905854,130032,2.65,0.11
955,2021-02-06,VEN,4083,1349,2734,3015,698,367,3,705,3378,ITH,ITH3,5,Veneto,Veneto,4905854,134115,2.73,0.08
956,2021-01-24,VEN,4116,1219,2897,3750,143,222,1,28,4088,ITH,ITH3,5,Veneto,Veneto,4905854,138231,2.82,0.08
957,2021-02-13,VEN,2945,1328,1617,1523,605,816,1,2929,16,ITH,ITH3,5,Veneto,Veneto,4905854,141176,2.88,0.06
958,2021-02-08,VEN,4919,1533,3386,2740,999,1168,12,1918,3001,ITH,ITH3,5,Veneto,Veneto,4905854,146095,2.98,0.1
959,2021-01-01,VEN,1525,470,1055,1494,30,1,0,1525,0,ITH,ITH3,5,Veneto,Veneto,4905854,147620,3.01,0.03
960,2021-01-05,VEN,7326,2182,5144,5409,795,1122,0,7326,0,ITH,ITH3,5,Veneto,Veneto,4905854,154946,3.16,0.15
961,2021-01-27,VEN,7142,2065,5077,5203,1060,879,0,248,6894,ITH,ITH3,5,Veneto,Veneto,4905854,162088,3.3,0.15
962,2020-12-27,VEN,880,395,485,875,5,0,0,880,0,ITH,ITH3,5,Veneto,Veneto,4905854,162968,3.32,0.02
963,2021-01-20,VEN,1038,368,670,695,130,213,0,386,652,ITH,ITH3,5,Veneto,Veneto,4905854,164006,3.34,0.02
964,2021-02-02,VEN,6390,1835,4555,2966,1288,1984,152,382,6008,ITH,ITH3,5,Veneto,Veneto,4905854,170396,3.47,0.13
965,2021-01-10,VEN,5019,1661,3358,3838,717,462,2,5019,0,ITH,ITH3,5,Veneto,Veneto,4905854,175415,3.58,0.1
966,2021-01-28,VEN,9176,2651,6525,6456,1290,1430,0,170,9006,ITH,ITH3,5,Veneto,Veneto,4905854,184591,3.76,0.19
967,2021-02-18,VEN,5150,2231,2919,659,338,349,3804,5083,67,ITH,ITH3,5,Veneto,Veneto,4905854,189741,3.87,0.1
968,2021-01-08,VEN,9397,2831,6566,5976,1611,1807,3,9397,0,ITH,ITH3,5,Veneto,Veneto,4905854,199138,4.06,0.19
969,2021-02-19,VEN,3584,1577,2007,609,292,78,2605,3521,63,ITH,ITH3,5,Veneto,Veneto,4905854,202722,4.13,0.07
970,2021-02-14,VEN,120,54,66,90,30,0,0,107,13,ITH,ITH3,5,Veneto,Veneto,4905854,202842,4.13,0.0
971,2021-01-06,VEN,8124,2379,5745,6302,1014,807,1,8124,0,ITH,ITH3,5,Veneto,Veneto,4905854,210966,4.3,0.17
972,2021-01-16,VEN,4564,1530,3034,3164,750,650,0,4564,0,ITH,ITH3,5,Veneto,Veneto,4905854,215530,4.39,0.09
973,2021-01-17,VEN,1931,780,1151,1586,222,120,3,1582,349,ITH,ITH3,5,Veneto,Veneto,4905854,217461,4.43,0.04
974,2021-02-12,VEN,4272,1416,2856,2690,900,676,6,3696,576,ITH,ITH3,5,Veneto,Veneto,4905854,221733,4.52,0.09
975,2021-01-25,VEN,6465,2074,4391,5059,502,903,1,169,6296,ITH,ITH3,5,Veneto,Veneto,4905854,228198,4.65,0.13
976,2021-01-11,VEN,7236,2100,5136,3499,1534,1956,247,7236,0,ITH,ITH3,5,Veneto,Veneto,4905854,235434,4.8,0.15
977,2021-01-15,VEN,5867,1817,4050,2989,1305,1564,9,5867,0,ITH,ITH3,5,Veneto,Veneto,4905854,241301,4.92,0.12
978,2021-01-14,VEN,7052,1924,5128,3228,1335,2472,17,7052,0,ITH,ITH3,5,Veneto,Veneto,4905854,248353,5.06,0.14
979,2021-01-12,VEN,5229,1516,3713,2249,1060,1752,168,5229,0,ITH,ITH3,5,Veneto,Veneto,4905854,253582,5.17,0.11
980,2021-01-23,VEN,4060,1253,2807,3403,206,450,1,34,4026,ITH,ITH3,5,Veneto,Veneto,4905854,257642,5.25,0.08
981,2021-02-11,VEN,3762,1144,2618,2464,626,663,9,3136,626,ITH,ITH3,5,Veneto,Veneto,4905854,261404,5.33,0.08
982,2021-02-10,VEN,4674,1560,3114,3061,870,743,0,3640,1034,ITH,ITH3,5,Veneto,Veneto,4905854,266078,5.42,0.1
983,2021-02-15,VEN,4240,1772,2468,409,198,337,3296,4002,238,ITH,ITH3,5,Veneto,Veneto,4905854,270318,5.51,0.09
984,2021-01-02,SAR,60,21,39,60,0,0,0,60,0,ITG,ITG2,20,Sardegna,Sardegna,1639591,60,0.0,0.0
985,2020-12-28,SAR,65,25,40,65,0,0,0,65,0,ITG,ITG2,20,Sardegna,Sardegna,1639591,125,0.01,0.0
986,2021-01-13,SAR,573,178,395,494,79,0,0,573,0,ITG,ITG2,20,Sardegna,Sardegna,1639591,698,0.04,0.03
987,2021-02-05,SAR,1897,749,1148,1214,518,164,1,433,1464,ITG,ITG2,20,Sardegna,Sardegna,1639591,2595,0.16,0.12
988,2021-01-07,SAR,3111,1077,2034,2720,391,0,0,3111,0,ITG,ITG2,20,Sardegna,Sardegna,1639591,5706,0.35,0.19
989,2021-02-17,SAR,1383,563,820,679,394,310,0,1309,74,ITG,ITG2,20,Sardegna,Sardegna,1639591,7089,0.43,0.08
990,2021-01-22,SAR,83,47,36,45,38,0,0,55,28,ITG,ITG2,20,Sardegna,Sardegna,1639591,7172,0.44,0.01
991,2021-01-09,SAR,4025,1416,2609,3180,845,0,0,4025,0,ITG,ITG2,20,Sardegna,Sardegna,1639591,11197,0.68,0.25
992,2021-01-29,SAR,2951,1067,1884,2580,368,3,0,48,2903,ITG,ITG2,20,Sardegna,Sardegna,1639591,14148,0.86,0.18
993,2021-02-16,SAR,700,288,412,373,213,114,0,671,29,ITG,ITG2,20,Sardegna,Sardegna,1639591,14848,0.91,0.04
994,2021-02-09,SAR,2283,836,1447,1306,479,497,1,1287,996,ITG,ITG2,20,Sardegna,Sardegna,1639591,17131,1.04,0.14
995,2021-01-26,SAR,1336,453,883,1296,40,0,0,27,1309,ITG,ITG2,20,Sardegna,Sardegna,1639591,18467,1.13,0.08
996,2021-01-31,SAR,2121,750,1371,1544,576,0,1,48,2073,ITG,ITG2,20,Sardegna,Sardegna,1639591,20588,1.26,0.13
997,2021-01-16,SAR,1492,525,967,1282,210,0,0,1492,0,ITG,ITG2,20,Sardegna,Sardegna,1639591,22080,1.35,0.09
998,2021-01-17,SAR,860,277,583,747,113,0,0,859,1,ITG,ITG2,20,Sardegna,Sardegna,1639591,22940,1.4,0.05
999,2021-01-11,SAR,1182,505,677,656,526,0,0,1182,0,ITG,ITG2,20,Sardegna,Sardegna,1639591,24122,1.47,0.07
1000,2021-01-25,SAR,588,212,376,553,35,0,0,22,566,ITG,ITG2,20,Sardegna,Sardegna,1639591,24710,1.51,0.04
1001,2021-02-12,SAR,2214,915,1299,973,743,497,1,2150,64,ITG,ITG2,20,Sardegna,Sardegna,1639591,26924,1.64,0.14
1002,2021-01-15,SAR,1563,573,990,1170,393,0,0,1563,0,ITG,ITG2,20,Sardegna,Sardegna,1639591,28487,1.74,0.1
1003,2021-01-14,SAR,1105,426,679,885,220,0,0,1105,0,ITG,ITG2,20,Sardegna,Sardegna,1639591,29592,1.8,0.07
1004,2021-01-23,SAR,60,22,38,60,0,0,0,0,60,ITG,ITG2,20,Sardegna,Sardegna,1639591,29652,1.81,0.0
1005,2021-01-12,SAR,865,408,457,504,361,0,0,865,0,ITG,ITG2,20,Sardegna,Sardegna,1639591,30517,1.86,0.05
1006,2021-02-11,SAR,1311,489,822,588,354,368,1,1200,111,ITG,ITG2,20,Sardegna,Sardegna,1639591,31828,1.94,0.08
1007,2021-02-15,SAR,940,338,602,429,232,279,0,909,31,ITG,ITG2,20,Sardegna,Sardegna,1639591,32768,2.0,0.06
1008,2021-02-10,SAR,1955,764,1191,1165,302,488,0,1436,519,ITG,ITG2,20,Sardegna,Sardegna,1639591,34723,2.12,0.12
1009,2021-01-27,SAR,1408,494,914,1303,105,0,0,79,1329,ITG,ITG2,20,Sardegna,Sardegna,1639591,36131,2.2,0.09
1010,2020-12-27,SAR,65,34,31,65,0,0,0,65,0,ITG,ITG2,20,Sardegna,Sardegna,1639591,36196,2.21,0.0
1011,2021-02-02,SAR,1482,655,827,988,494,0,0,241,1241,ITG,ITG2,20,Sardegna,Sardegna,1639591,37678,2.3,0.09
1012,2021-01-20,SAR,210,77,133,154,56,0,0,208,2,ITG,ITG2,20,Sardegna,Sardegna,1639591,37888,2.31,0.01
1013,2021-01-05,SAR,1327,446,881,1283,44,0,0,1327,0,ITG,ITG2,20,Sardegna,Sardegna,1639591,39215,2.39,0.08
1014,2021-01-10,SAR,2183,750,1433,1632,551,0,0,2183,0,ITG,ITG2,20,Sardegna,Sardegna,1639591,41398,2.52,0.13
1015,2021-01-28,SAR,2968,1044,1924,2554,414,0,0,69,2899,ITG,ITG2,20,Sardegna,Sardegna,1639591,44366,2.71,0.18
1016,2021-02-04,SAR,2269,815,1454,1736,363,169,1,913,1356,ITG,ITG2,20,Sardegna,Sardegna,1639591,46635,2.84,0.14
1017,2021-02-18,SAR,1868,731,1137,1067,504,296,1,1806,62,ITG,ITG2,20,Sardegna,Sardegna,1639591,48503,2.96,0.11
1018,2021-01-08,SAR,3257,1184,2073,2929,328,0,0,3257,0,ITG,ITG2,20,Sardegna,Sardegna,1639591,51760,3.16,0.2
1019,2021-01-06,SAR,1615,549,1066,1510,105,0,0,1615,0,ITG,ITG2,20,Sardegna,Sardegna,1639591,53375,3.26,0.1
1020,2020-12-29,SAR,57,32,25,56,1,0,0,57,0,ITG,ITG2,20,Sardegna,Sardegna,1639591,53432,3.26,0.0
1021,2021-02-19,SAR,603,208,395,358,145,100,0,561,42,ITG,ITG2,20,Sardegna,Sardegna,1639591,54035,3.3,0.04
1022,2021-02-14,SAR,538,262,276,288,193,57,0,536,2,ITG,ITG2,20,Sardegna,Sardegna,1639591,54573,3.33,0.03
1023,2021-02-07,SAR,1116,394,722,975,141,0,0,227,889,ITG,ITG2,20,Sardegna,Sardegna,1639591,55689,3.4,0.07
1024,2020-12-31,SAR,32,16,16,28,4,0,0,32,0,ITG,ITG2,20,Sardegna,Sardegna,1639591,55721,3.4,0.0
1025,2021-02-01,SAR,1521,603,918,891,553,77,0,223,1298,ITG,ITG2,20,Sardegna,Sardegna,1639591,57242,3.49,0.09
1026,2021-01-19,SAR,747,270,477,423,164,160,0,692,55,ITG,ITG2,20,Sardegna,Sardegna,1639591,57989,3.54,0.05
1027,2021-01-18,SAR,904,326,578,714,190,0,0,780,124,ITG,ITG2,20,Sardegna,Sardegna,1639591,58893,3.59,0.06
1028,2021-01-04,SAR,591,217,374,565,26,0,0,591,0,ITG,ITG2,20,Sardegna,Sardegna,1639591,59484,3.63,0.04
1029,2021-01-21,SAR,126,60,66,60,66,0,0,94,32,ITG,ITG2,20,Sardegna,Sardegna,1639591,59610,3.64,0.01
1030,2021-02-03,SAR,1117,417,700,918,180,19,0,425,692,ITG,ITG2,20,Sardegna,Sardegna,1639591,60727,3.7,0.07
1031,2021-01-30,SAR,3862,1392,2470,2987,874,0,1,362,3500,ITG,ITG2,20,Sardegna,Sardegna,1639591,64589,3.94,0.24
1032,2021-01-03,SAR,90,36,54,89,1,0,0,90,0,ITG,ITG2,20,Sardegna,Sardegna,1639591,64679,3.94,0.01
1033,2021-02-13,SAR,1451,561,890,732,467,252,0,1449,2,ITG,ITG2,20,Sardegna,Sardegna,1639591,66130,4.03,0.09
1034,2021-02-06,SAR,1969,697,1272,1543,287,139,0,568,1401,ITG,ITG2,20,Sardegna,Sardegna,1639591,68099,4.15,0.12
1035,2021-01-24,SAR,90,34,56,89,1,0,0,5,85,ITG,ITG2,20,Sardegna,Sardegna,1639591,68189,4.16,0.01
1036,2021-01-01,SAR,30,16,14,30,0,0,0,30,0,ITG,ITG2,20,Sardegna,Sardegna,1639591,68219,4.16,0.0
1037,2021-02-08,SAR,1470,533,937,998,345,126,1,855,615,ITG,ITG2,20,Sardegna,Sardegna,1639591,69689,4.25,0.09
1038,2021-01-29,VDA,316,138,178,259,41,16,0,2,314,ITC,ITC2,2,Valle d'Aosta / Vallée d'Aoste,Valle d'Aosta,125666,316,0.25,0.25
1039,2021-01-09,VDA,443,199,244,225,196,22,0,443,0,ITC,ITC2,2,Valle d'Aosta / Vallée d'Aoste,Valle d'Aosta,125666,759,0.6,0.35
1040,2021-01-21,VDA,33,12,21,0,0,33,0,33,0,ITC,ITC2,2,Valle d'Aosta / Vallée d'Aoste,Valle d'Aosta,125666,792,0.63,0.03
1041,2021-02-07,VDA,292,120,172,110,77,0,105,190,102,ITC,ITC2,2,Valle d'Aosta / Vallée d'Aoste,Valle d'Aosta,125666,1084,0.86,0.23
1042,2021-02-16,VDA,325,53,272,10,298,12,5,320,5,ITC,ITC2,2,Valle d'Aosta / Vallée d'Aoste,Valle d'Aosta,125666,1409,1.12,0.26
1043,2021-02-05,VDA,294,102,192,159,82,0,53,101,193,ITC,ITC2,2,Valle d'Aosta / Vallée d'Aoste,Valle d'Aosta,125666,1703,1.36,0.23
1044,2021-01-13,VDA,337,110,227,166,143,28,0,337,0,ITC,ITC2,2,Valle d'Aosta / Vallée d'Aoste,Valle d'Aosta,125666,2040,1.62,0.27
1045,2021-01-14,VDA,237,69,168,151,84,0,2,237,0,ITC,ITC2,2,Valle d'Aosta / Vallée d'Aoste,Valle d'Aosta,125666,2277,1.81,0.19
1046,2021-01-30,VDA,436,202,234,232,192,12,0,13,423,ITC,ITC2,2,Valle d'Aosta / Vallée d'Aoste,Valle d'Aosta,125666,2713,2.16,0.35
1047,2021-01-18,VDA,213,74,139,29,111,27,46,213,0,ITC,ITC2,2,Valle d'Aosta / Vallée d'Aoste,Valle d'Aosta,125666,2926,2.33,0.17
1048,2021-01-02,VDA,6,5,1,0,0,6,0,6,0,ITC,ITC2,2,Valle d'Aosta / Vallée d'Aoste,Valle d'Aosta,125666,2932,2.33,0.0
1049,2021-02-06,VDA,288,103,185,169,45,0,74,91,197,ITC,ITC2,2,Valle d'Aosta / Vallée d'Aoste,Valle d'Aosta,125666,3220,2.56,0.23
1050,2021-01-22,VDA,56,21,35,36,0,20,0,20,36,ITC,ITC2,2,Valle d'Aosta / Vallée d'Aoste,Valle d'Aosta,125666,3276,2.61,0.04
1051,2021-01-11,VDA,325,112,213,238,57,30,0,325,0,ITC,ITC2,2,Valle d'Aosta / Vallée d'Aoste,Valle d'Aosta,125666,3601,2.87,0.26
1052,2021-01-20,VDA,23,8,15,0,0,6,17,23,0,ITC,ITC2,2,Valle d'Aosta / Vallée d'Aoste,Valle d'Aosta,125666,3624,2.88,0.02
1053,2021-02-09,VDA,251,84,167,78,84,14,75,68,183,ITC,ITC2,2,Valle d'Aosta / Vallée d'Aoste,Valle d'Aosta,125666,3875,3.08,0.2
1054,2021-02-17,VDA,327,144,183,25,35,30,237,227,100,ITC,ITC2,2,Valle d'Aosta / Vallée d'Aoste,Valle d'Aosta,125666,4202,3.34,0.26
1055,2021-01-06,VDA,65,33,32,29,18,18,0,65,0,ITC,ITC2,2,Valle d'Aosta / Vallée d'Aoste,Valle d'Aosta,125666,4267,3.4,0.05
1056,2021-01-10,VDA,220,71,149,172,29,19,0,220,0,ITC,ITC2,2,Valle d'Aosta / Vallée d'Aoste,Valle d'Aosta,125666,4487,3.57,0.18
1057,2021-01-08,VDA,299,130,169,240,43,16,0,299,0,ITC,ITC2,2,Valle d'Aosta / Vallée d'Aoste,Valle d'Aosta,125666,4786,3.81,0.24
1058,2020-12-31,VDA,18,4,14,16,2,0,0,18,0,ITC,ITC2,2,Valle d'Aosta / Vallée d'Aoste,Valle d'Aosta,125666,4804,3.82,0.01
1059,2021-01-05,VDA,150,54,96,127,12,11,0,150,0,ITC,ITC2,2,Valle d'Aosta / Vallée d'Aoste,Valle d'Aosta,125666,4954,3.94,0.12
1060,2021-01-12,VDA,302,72,230,242,49,11,0,302,0,ITC,ITC2,2,Valle d'Aosta / Vallée d'Aoste,Valle d'Aosta,125666,5256,4.18,0.24
1061,2021-02-11,VDA,231,107,124,53,51,0,127,222,9,ITC,ITC2,2,Valle d'Aosta / Vallée d'Aoste,Valle d'Aosta,125666,5487,4.37,0.18
1062,2020-12-27,VDA,20,9,11,20,0,0,0,20,0,ITC,ITC2,2,Valle d'Aosta / Vallée d'Aoste,Valle d'Aosta,125666,5507,4.38,0.02
1063,2021-02-02,VDA,270,70,200,225,43,2,0,2,268,ITC,ITC2,2,Valle d'Aosta / Vallée d'Aoste,Valle d'Aosta,125666,5777,4.6,0.21
1064,2021-02-08,VDA,223,83,140,28,128,3,64,25,198,ITC,ITC2,2,Valle d'Aosta / Vallée d'Aoste,Valle d'Aosta,125666,6000,4.77,0.18
1065,2021-01-15,VDA,218,82,136,116,68,28,6,218,0,ITC,ITC2,2,Valle d'Aosta / Vallée d'Aoste,Valle d'Aosta,125666,6218,4.95,0.17
1066,2021-01-17,VDA,131,56,75,49,3,20,59,131,0,ITC,ITC2,2,Valle d'Aosta / Vallée d'Aoste,Valle d'Aosta,125666,6349,5.05,0.1
1067,2021-02-10,VDA,227,75,152,48,43,10,126,131,96,ITC,ITC2,2,Valle d'Aosta / Vallée d'Aoste,Valle d'Aosta,125666,6576,5.23,0.18
1068,2021-02-15,VDA,264,136,128,24,46,24,170,229,35,ITC,ITC2,2,Valle d'Aosta / Vallée d'Aoste,Valle d'Aosta,125666,6840,5.44,0.21
1069,2021-01-19,VDA,256,77,179,160,24,15,57,256,0,ITC,ITC2,2,Valle d'Aosta / Vallée d'Aoste,Valle d'Aosta,125666,7096,5.65,0.2
1070,2021-02-14,VDA,48,16,32,6,0,42,0,1,47,ITC,ITC2,2,Valle d'Aosta / Vallée d'Aoste,Valle d'Aosta,125666,7144,5.68,0.04
1071,2021-01-27,VDA,151,71,80,53,27,18,53,79,72,ITC,ITC2,2,Valle d'Aosta / Vallée d'Aoste,Valle d'Aosta,125666,7295,5.81,0.12
1072,2021-02-03,VDA,348,114,234,157,141,49,1,13,335,ITC,ITC2,2,Valle d'Aosta / Vallée d'Aoste,Valle d'Aosta,125666,7643,6.08,0.28
1073,2021-01-25,VDA,147,65,82,125,16,6,0,0,147,ITC,ITC2,2,Valle d'Aosta / Vallée d'Aoste,Valle d'Aosta,125666,7790,6.2,0.12
1074,2021-01-26,VDA,139,48,91,115,12,12,0,0,139,ITC,ITC2,2,Valle d'Aosta / Vallée d'Aoste,Valle d'Aosta,125666,7929,6.31,0.11
1075,2021-02-13,VDA,215,195,20,0,215,0,0,215,0,ITC,ITC2,2,Valle d'Aosta / Vallée d'Aoste,Valle d'Aosta,125666,8144,6.48,0.17
1076,2021-01-28,VDA,290,123,167,194,88,6,2,56,234,ITC,ITC2,2,Valle d'Aosta / Vallée d'Aoste,Valle d'Aosta,125666,8434,6.71,0.23
1077,2021-02-12,VDA,245,94,151,51,50,13,131,215,30,ITC,ITC2,2,Valle d'Aosta / Vallée d'Aoste,Valle d'Aosta,125666,8679,6.91,0.19
1078,2021-02-01,VDA,397,124,273,268,60,69,0,81,316,ITC,ITC2,2,Valle d'Aosta / Vallée d'Aoste,Valle d'Aosta,125666,9076,7.22,0.32
1079,2021-01-07,VDA,275,111,164,224,46,5,0,275,0,ITC,ITC2,2,Valle d'Aosta / Vallée d'Aoste,Valle d'Aosta,125666,9351,7.44,0.22
1080,2021-02-04,VDA,293,85,208,167,91,34,1,7,286,ITC,ITC2,2,Valle d'Aosta / Vallée d'Aoste,Valle d'Aosta,125666,9644,7.67,0.23
1081,2021-01-16,VDA,236,80,156,127,36,22,51,236,0,ITC,ITC2,2,Valle d'Aosta / Vallée d'Aoste,Valle d'Aosta,125666,9880,7.86,0.19
1082,2021-01-31,VDA,290,90,200,231,41,18,0,58,232,ITC,ITC2,2,Valle d'Aosta / Vallée d'Aoste,Valle d'Aosta,125666,10170,8.09,0.23
1083,2021-02-18,VDA,348,153,195,61,62,45,180,260,88,ITC,ITC2,2,Valle d'Aosta / Vallée d'Aoste,Valle d'Aosta,125666,10518,8.37,0.28
1084,2021-02-19,VDA,22,7,15,1,6,15,0,22,0,ITC,ITC2,2,Valle d'Aosta / Vallée d'Aoste,Valle d'Aosta,125666,10540,8.39,0.02
1085,2021-01-04,VDA,142,59,83,126,16,0,0,142,0,ITC,ITC2,2,Valle d'Aosta / Vallée d'Aoste,Valle d'Aosta,125666,10682,8.5,0.11
