,data,area,Vaccinazioni giornaliere,sesso_maschile,sesso_femminile,prima_dose,seconda_dose,codice_NUTS1,codice_NUTS2,codice_regione_ISTAT,nome_area,Regione,popolazione,Totale vaccinazioni,Totale vaccinazioni ogni cento ab,Vaccinazioni giornaliere ogni cento ab
0,2020-12-31,LOM,714,301,413,714,0,ITC,ITC4,3,Lombardia,Lombardia,10060574,714,0.01,0.01
1,2021-02-28,LOM,7890,3257,4633,7674,216,ITC,ITC4,3,Lombardia,Lombardia,10060574,8604,0.09,0.08
2,2021-03-19,LOM,32421,12908,19513,19216,13205,ITC,ITC4,3,Lombardia,Lombardia,10060574,41025,0.41,0.32
3,2021-02-15,LOM,8916,3120,5796,8495,421,ITC,ITC4,3,Lombardia,Lombardia,10060574,49941,0.5,0.09
4,2021-02-18,LOM,14042,4927,9115,13014,1028,ITC,ITC4,3,Lombardia,Lombardia,10060574,63983,0.64,0.14
5,2021-05-13,LOM,86852,41650,45202,58211,28641,ITC,ITC4,3,Lombardia,Lombardia,10060574,150835,1.5,0.86
6,2021-01-08,LOM,12698,3916,8782,12698,0,ITC,ITC4,3,Lombardia,Lombardia,10060574,163533,1.63,0.13
7,2020-12-30,LOM,114,42,72,114,0,ITC,ITC4,3,Lombardia,Lombardia,10060574,163647,1.63,0.0
8,2021-02-21,LOM,5052,1862,3190,5034,18,ITC,ITC4,3,Lombardia,Lombardia,10060574,168699,1.68,0.05
9,2021-03-28,LOM,20474,7807,12667,14310,6164,ITC,ITC4,3,Lombardia,Lombardia,10060574,189173,1.88,0.2
10,2021-05-19,LOM,82610,39491,43119,33779,48831,ITC,ITC4,3,Lombardia,Lombardia,10060574,271783,2.7,0.82
11,2021-02-09,LOM,12285,3344,8941,4113,8172,ITC,ITC4,3,Lombardia,Lombardia,10060574,284068,2.82,0.12
12,2021-04-06,LOM,43045,17563,25482,25092,17953,ITC,ITC4,3,Lombardia,Lombardia,10060574,327113,3.25,0.43
13,2021-03-15,LOM,31570,11333,20237,23052,8518,ITC,ITC4,3,Lombardia,Lombardia,10060574,358683,3.57,0.31
14,2021-05-27,LOM,93974,45087,48887,41180,52794,ITC,ITC4,3,Lombardia,Lombardia,10060574,452657,4.5,0.93
15,2021-02-19,LOM,14115,5369,8746,13435,680,ITC,ITC4,3,Lombardia,Lombardia,10060574,466772,4.64,0.14
16,2021-01-12,LOM,20220,6698,13522,20220,0,ITC,ITC4,3,Lombardia,Lombardia,10060574,486992,4.84,0.2
17,2021-04-02,LOM,41138,16828,24310,26692,14446,ITC,ITC4,3,Lombardia,Lombardia,10060574,528130,5.25,0.41
18,2021-03-16,LOM,25476,10112,15364,16418,9058,ITC,ITC4,3,Lombardia,Lombardia,10060574,553606,5.5,0.25
19,2021-01-01,LOM,24,7,17,24,0,ITC,ITC4,3,Lombardia,Lombardia,10060574,553630,5.5,0.0
20,2021-05-31,LOM,94519,46949,47570,79169,15350,ITC,ITC4,3,Lombardia,Lombardia,10060574,648149,6.44,0.94
21,2021-04-20,LOM,67619,30815,36804,57290,10329,ITC,ITC4,3,Lombardia,Lombardia,10060574,715768,7.11,0.67
22,2021-05-10,LOM,85183,40857,44326,63679,21504,ITC,ITC4,3,Lombardia,Lombardia,10060574,800951,7.96,0.85
23,2021-01-21,LOM,5342,1569,3773,4653,689,ITC,ITC4,3,Lombardia,Lombardia,10060574,806293,8.01,0.05
24,2021-04-28,LOM,95579,43602,51977,68729,26850,ITC,ITC4,3,Lombardia,Lombardia,10060574,901872,8.96,0.95
25,2021-05-07,LOM,92040,43578,48462,69871,22169,ITC,ITC4,3,Lombardia,Lombardia,10060574,993912,9.88,0.91
26,2021-03-08,LOM,29766,11186,18580,22695,7071,ITC,ITC4,3,Lombardia,Lombardia,10060574,1023678,10.18,0.3
27,2021-01-22,LOM,3105,866,2239,3035,70,ITC,ITC4,3,Lombardia,Lombardia,10060574,1026783,10.21,0.03
28,2021-04-17,LOM,48395,21260,27135,37626,10769,ITC,ITC4,3,Lombardia,Lombardia,10060574,1075178,10.69,0.48
29,2021-03-12,LOM,35249,12955,22294,25044,10205,ITC,ITC4,3,Lombardia,Lombardia,10060574,1110427,11.04,0.35
30,2021-02-08,LOM,10081,2918,7163,2139,7942,ITC,ITC4,3,Lombardia,Lombardia,10060574,1120508,11.14,0.1
31,2021-05-30,LOM,73961,35447,38514,34306,39655,ITC,ITC4,3,Lombardia,Lombardia,10060574,1194469,11.87,0.74
32,2021-04-22,LOM,73780,33333,40447,57486,16294,ITC,ITC4,3,Lombardia,Lombardia,10060574,1268249,12.61,0.73
33,2021-05-26,LOM,92956,44314,48642,43459,49497,ITC,ITC4,3,Lombardia,Lombardia,10060574,1361205,13.53,0.92
34,2021-03-10,LOM,33244,12731,20513,25386,7858,ITC,ITC4,3,Lombardia,Lombardia,10060574,1394449,13.86,0.33
35,2021-05-21,LOM,93472,45094,48378,29047,64425,ITC,ITC4,3,Lombardia,Lombardia,10060574,1487921,14.79,0.93
36,2021-05-17,LOM,94499,45265,49234,30197,64302,ITC,ITC4,3,Lombardia,Lombardia,10060574,1582420,15.73,0.94
37,2021-04-21,LOM,71657,32505,39152,57067,14590,ITC,ITC4,3,Lombardia,Lombardia,10060574,1654077,16.44,0.71
38,2021-04-18,LOM,36343,16203,20140,31116,5227,ITC,ITC4,3,Lombardia,Lombardia,10060574,1690420,16.8,0.36
39,2021-03-17,LOM,26256,10492,15764,15245,11011,ITC,ITC4,3,Lombardia,Lombardia,10060574,1716676,17.06,0.26
40,2021-02-17,LOM,11969,3746,8223,10579,1390,ITC,ITC4,3,Lombardia,Lombardia,10060574,1728645,17.18,0.12
41,2020-12-27,LOM,717,413,304,717,0,ITC,ITC4,3,Lombardia,Lombardia,10060574,1729362,17.19,0.01
42,2021-02-04,LOM,27681,8076,19605,1998,25683,ITC,ITC4,3,Lombardia,Lombardia,10060574,1757043,17.46,0.28
43,2021-03-31,LOM,41974,16988,24986,26739,15235,ITC,ITC4,3,Lombardia,Lombardia,10060574,1799017,17.88,0.42
44,2021-04-19,LOM,60097,27341,32756,50691,9406,ITC,ITC4,3,Lombardia,Lombardia,10060574,1859114,18.48,0.6
45,2021-04-24,LOM,75677,33539,42138,54614,21063,ITC,ITC4,3,Lombardia,Lombardia,10060574,1934791,19.23,0.75
46,2021-05-08,LOM,87338,40584,46754,65654,21684,ITC,ITC4,3,Lombardia,Lombardia,10060574,2022129,20.1,0.87
47,2021-04-05,LOM,27387,11697,15690,19277,8110,ITC,ITC4,3,Lombardia,Lombardia,10060574,2049516,20.37,0.27
48,2021-01-31,LOM,9747,3763,5984,34,9713,ITC,ITC4,3,Lombardia,Lombardia,10060574,2059263,20.47,0.1
49,2021-02-01,LOM,16056,5317,10739,304,15752,ITC,ITC4,3,Lombardia,Lombardia,10060574,2075319,20.63,0.16
50,2021-02-03,LOM,25577,7908,17669,1151,24426,ITC,ITC4,3,Lombardia,Lombardia,10060574,2100896,20.88,0.25
51,2021-01-03,LOM,854,316,538,854,0,ITC,ITC4,3,Lombardia,Lombardia,10060574,2101750,20.89,0.01
52,2021-01-04,LOM,6080,2098,3982,6080,0,ITC,ITC4,3,Lombardia,Lombardia,10060574,2107830,20.95,0.06
53,2021-01-28,LOM,12196,3693,8503,777,11419,ITC,ITC4,3,Lombardia,Lombardia,10060574,2120026,21.07,0.12
54,2021-05-18,LOM,88002,42050,45952,32577,55425,ITC,ITC4,3,Lombardia,Lombardia,10060574,2208028,21.95,0.87
55,2021-02-25,LOM,15223,6307,8916,13645,1578,ITC,ITC4,3,Lombardia,Lombardia,10060574,2223251,22.1,0.15
56,2021-01-19,LOM,8125,2348,5777,7651,474,ITC,ITC4,3,Lombardia,Lombardia,10060574,2231376,22.18,0.08
57,2021-02-14,LOM,3578,1546,2032,2944,634,ITC,ITC4,3,Lombardia,Lombardia,10060574,2234954,22.21,0.04
58,2021-02-27,LOM,13950,5872,8078,13308,642,ITC,ITC4,3,Lombardia,Lombardia,10060574,2248904,22.35,0.14
59,2021-03-18,LOM,27428,10960,16468,16196,11232,ITC,ITC4,3,Lombardia,Lombardia,10060574,2276332,22.63,0.27
60,2021-03-25,LOM,42654,15932,26722,30074,12580,ITC,ITC4,3,Lombardia,Lombardia,10060574,2318986,23.05,0.42
61,2021-05-01,LOM,95875,43645,52230,66744,29131,ITC,ITC4,3,Lombardia,Lombardia,10060574,2414861,24.0,0.95
62,2021-03-30,LOM,39491,15488,24003,24704,14787,ITC,ITC4,3,Lombardia,Lombardia,10060574,2454352,24.4,0.39
63,2021-05-03,LOM,83637,39729,43908,71521,12116,ITC,ITC4,3,Lombardia,Lombardia,10060574,2537989,25.23,0.83
64,2021-05-29,LOM,87609,42085,45524,41987,45622,ITC,ITC4,3,Lombardia,Lombardia,10060574,2625598,26.1,0.87
65,2021-02-07,LOM,7308,2821,4487,340,6968,ITC,ITC4,3,Lombardia,Lombardia,10060574,2632906,26.17,0.07
66,2021-04-13,LOM,47579,21239,26340,33511,14068,ITC,ITC4,3,Lombardia,Lombardia,10060574,2680485,26.64,0.47
67,2021-01-26,LOM,8376,2721,5655,371,8005,ITC,ITC4,3,Lombardia,Lombardia,10060574,2688861,26.73,0.08
68,2020-12-28,LOM,107,47,60,107,0,ITC,ITC4,3,Lombardia,Lombardia,10060574,2688968,26.73,0.0
69,2021-03-07,LOM,12039,5350,6689,9480,2559,ITC,ITC4,3,Lombardia,Lombardia,10060574,2701007,26.85,0.12
70,2021-01-17,LOM,8348,3347,5001,8147,201,ITC,ITC4,3,Lombardia,Lombardia,10060574,2709355,26.93,0.08
71,2021-01-24,LOM,1201,459,742,537,664,ITC,ITC4,3,Lombardia,Lombardia,10060574,2710556,26.94,0.01
72,2021-03-04,LOM,29418,12149,17269,20287,9131,ITC,ITC4,3,Lombardia,Lombardia,10060574,2739974,27.23,0.29
73,2021-05-23,LOM,60725,28915,31810,26787,33938,ITC,ITC4,3,Lombardia,Lombardia,10060574,2800699,27.84,0.6
74,2021-03-24,LOM,43326,15629,27697,31439,11887,ITC,ITC4,3,Lombardia,Lombardia,10060574,2844025,28.27,0.43
75,2021-04-10,LOM,52374,21699,30675,40581,11793,ITC,ITC4,3,Lombardia,Lombardia,10060574,2896399,28.79,0.52
76,2021-03-22,LOM,40305,14291,26014,29761,10544,ITC,ITC4,3,Lombardia,Lombardia,10060574,2936704,29.19,0.4
77,2021-01-30,LOM,12323,4570,7753,173,12150,ITC,ITC4,3,Lombardia,Lombardia,10060574,2949027,29.31,0.12
78,2021-03-23,LOM,42516,15403,27113,29639,12877,ITC,ITC4,3,Lombardia,Lombardia,10060574,2991543,29.74,0.42
79,2021-02-05,LOM,25616,7442,18174,2397,23219,ITC,ITC4,3,Lombardia,Lombardia,10060574,3017159,29.99,0.25
80,2021-05-09,LOM,69527,32818,36709,56440,13087,ITC,ITC4,3,Lombardia,Lombardia,10060574,3086686,30.68,0.69
81,2021-04-26,LOM,87925,40915,47010,68766,19159,ITC,ITC4,3,Lombardia,Lombardia,10060574,3174611,31.55,0.87
82,2021-04-01,LOM,42934,17218,25716,26741,16193,ITC,ITC4,3,Lombardia,Lombardia,10060574,3217545,31.98,0.43
83,2021-03-06,LOM,21317,9087,12230,16801,4516,ITC,ITC4,3,Lombardia,Lombardia,10060574,3238862,32.19,0.21
84,2021-01-18,LOM,9156,2968,6188,8175,981,ITC,ITC4,3,Lombardia,Lombardia,10060574,3248018,32.28,0.09
85,2021-01-05,LOM,7821,2566,5255,7821,0,ITC,ITC4,3,Lombardia,Lombardia,10060574,3255839,32.36,0.08
86,2021-02-22,LOM,11894,4808,7086,11586,308,ITC,ITC4,3,Lombardia,Lombardia,10060574,3267733,32.48,0.12
87,2021-03-27,LOM,32425,12368,20057,23717,8708,ITC,ITC4,3,Lombardia,Lombardia,10060574,3300158,32.8,0.32
88,2021-04-03,LOM,36240,14861,21379,26160,10080,ITC,ITC4,3,Lombardia,Lombardia,10060574,3336398,33.16,0.36
89,2021-01-16,LOM,15417,5725,9692,15417,0,ITC,ITC4,3,Lombardia,Lombardia,10060574,3351815,33.32,0.15
90,2021-04-30,LOM,116894,54639,62255,89700,27194,ITC,ITC4,3,Lombardia,Lombardia,10060574,3468709,34.48,1.16
91,2021-03-01,LOM,18797,8232,10565,17092,1705,ITC,ITC4,3,Lombardia,Lombardia,10060574,3487506,34.67,0.19
92,2021-04-15,LOM,49396,21840,27556,35584,13812,ITC,ITC4,3,Lombardia,Lombardia,10060574,3536902,35.16,0.49
93,2021-01-06,LOM,7061,2492,4569,7061,0,ITC,ITC4,3,Lombardia,Lombardia,10060574,3543963,35.23,0.07
94,2021-05-04,LOM,86763,41049,45714,72400,14363,ITC,ITC4,3,Lombardia,Lombardia,10060574,3630726,36.09,0.86
95,2021-04-09,LOM,52222,22289,29933,36225,15997,ITC,ITC4,3,Lombardia,Lombardia,10060574,3682948,36.61,0.52
96,2021-03-20,LOM,32512,12152,20360,22660,9852,ITC,ITC4,3,Lombardia,Lombardia,10060574,3715460,36.93,0.32
97,2021-05-16,LOM,68484,32408,36076,36483,32001,ITC,ITC4,3,Lombardia,Lombardia,10060574,3783944,37.61,0.68
98,2021-01-29,LOM,13439,4115,9324,654,12785,ITC,ITC4,3,Lombardia,Lombardia,10060574,3797383,37.75,0.13
99,2021-02-24,LOM,14677,5928,8749,13749,928,ITC,ITC4,3,Lombardia,Lombardia,10060574,3812060,37.89,0.15
100,2021-02-20,LOM,9474,3905,5569,9175,299,ITC,ITC4,3,Lombardia,Lombardia,10060574,3821534,37.99,0.09
101,2021-03-29,LOM,40014,15513,24501,25181,14833,ITC,ITC4,3,Lombardia,Lombardia,10060574,3861548,38.38,0.4
102,2021-02-16,LOM,9544,3086,6458,9088,456,ITC,ITC4,3,Lombardia,Lombardia,10060574,3871092,38.48,0.09
103,2021-01-09,LOM,12410,4573,7837,12410,0,ITC,ITC4,3,Lombardia,Lombardia,10060574,3883502,38.6,0.12
104,2021-01-07,LOM,11761,3636,8125,11761,0,ITC,ITC4,3,Lombardia,Lombardia,10060574,3895263,38.72,0.12
105,2021-05-28,LOM,92596,44431,48165,42700,49896,ITC,ITC4,3,Lombardia,Lombardia,10060574,3987859,39.64,0.92
106,2021-04-11,LOM,32187,13937,18250,24795,7392,ITC,ITC4,3,Lombardia,Lombardia,10060574,4020046,39.96,0.32
107,2021-05-11,LOM,86681,41355,45326,60581,26100,ITC,ITC4,3,Lombardia,Lombardia,10060574,4106727,40.82,0.86
108,2021-05-20,LOM,94134,45489,48645,31771,62363,ITC,ITC4,3,Lombardia,Lombardia,10060574,4200861,41.76,0.94
109,2021-03-21,LOM,23577,8549,15028,18316,5261,ITC,ITC4,3,Lombardia,Lombardia,10060574,4224438,41.99,0.23
110,2021-03-26,LOM,41176,15616,25560,28107,13069,ITC,ITC4,3,Lombardia,Lombardia,10060574,4265614,42.4,0.41
111,2021-04-04,LOM,7617,3232,4385,3718,3899,ITC,ITC4,3,Lombardia,Lombardia,10060574,4273231,42.48,0.08
112,2020-12-29,LOM,104,44,60,104,0,ITC,ITC4,3,Lombardia,Lombardia,10060574,4273335,42.48,0.0
113,2021-02-26,LOM,18382,7557,10825,16516,1866,ITC,ITC4,3,Lombardia,Lombardia,10060574,4291717,42.66,0.18
114,2021-03-05,LOM,28993,11949,17044,20586,8407,ITC,ITC4,3,Lombardia,Lombardia,10060574,4320710,42.95,0.29
115,2021-02-10,LOM,14392,4504,9888,7572,6820,ITC,ITC4,3,Lombardia,Lombardia,10060574,4335102,43.09,0.14
116,2021-04-14,LOM,47139,21018,26121,34172,12967,ITC,ITC4,3,Lombardia,Lombardia,10060574,4382241,43.56,0.47
117,2021-04-23,LOM,73367,33271,40096,56857,16510,ITC,ITC4,3,Lombardia,Lombardia,10060574,4455608,44.29,0.73
118,2021-04-27,LOM,85904,39948,45956,69368,16536,ITC,ITC4,3,Lombardia,Lombardia,10060574,4541512,45.14,0.85
119,2021-02-23,LOM,11773,4792,6981,11465,308,ITC,ITC4,3,Lombardia,Lombardia,10060574,4553285,45.26,0.12
120,2021-01-13,LOM,26378,8053,18325,26378,0,ITC,ITC4,3,Lombardia,Lombardia,10060574,4579663,45.52,0.26
121,2021-04-25,LOM,51451,23600,27851,46735,4716,ITC,ITC4,3,Lombardia,Lombardia,10060574,4631114,46.03,0.51
122,2021-01-10,LOM,10519,3957,6562,10519,0,ITC,ITC4,3,Lombardia,Lombardia,10060574,4641633,46.14,0.1
123,2021-03-14,LOM,14876,5349,9527,11590,3286,ITC,ITC4,3,Lombardia,Lombardia,10060574,4656509,46.28,0.15
124,2021-03-03,LOM,26944,11505,15439,19671,7273,ITC,ITC4,3,Lombardia,Lombardia,10060574,4683453,46.55,0.27
125,2021-03-09,LOM,33243,12854,20389,25817,7426,ITC,ITC4,3,Lombardia,Lombardia,10060574,4716696,46.88,0.33
126,2021-04-12,LOM,47226,20573,26653,32893,14333,ITC,ITC4,3,Lombardia,Lombardia,10060574,4763922,47.35,0.47
127,2021-05-24,LOM,89110,43240,45870,49423,39687,ITC,ITC4,3,Lombardia,Lombardia,10060574,4853032,48.24,0.89
128,2021-01-25,LOM,7025,2372,4653,487,6538,ITC,ITC4,3,Lombardia,Lombardia,10060574,4860057,48.31,0.07
129,2021-02-12,LOM,13946,4355,9591,9027,4919,ITC,ITC4,3,Lombardia,Lombardia,10060574,4874003,48.45,0.14
130,2021-05-15,LOM,80438,38610,41828,47323,33115,ITC,ITC4,3,Lombardia,Lombardia,10060574,4954441,49.25,0.8
131,2021-01-27,LOM,8045,2677,5368,821,7224,ITC,ITC4,3,Lombardia,Lombardia,10060574,4962486,49.33,0.08
132,2021-02-06,LOM,15260,5534,9726,1038,14222,ITC,ITC4,3,Lombardia,Lombardia,10060574,4977746,49.48,0.15
133,2021-04-16,LOM,53615,23899,29716,39276,14339,ITC,ITC4,3,Lombardia,Lombardia,10060574,5031361,50.01,0.53
134,2021-05-05,LOM,87771,41861,45910,72543,15228,ITC,ITC4,3,Lombardia,Lombardia,10060574,5119132,50.88,0.87
135,2021-02-13,LOM,6416,2443,3973,4939,1477,ITC,ITC4,3,Lombardia,Lombardia,10060574,5125548,50.95,0.06
136,2021-03-11,LOM,36238,13479,22759,26323,9915,ITC,ITC4,3,Lombardia,Lombardia,10060574,5161786,51.31,0.36
137,2021-02-02,LOM,19850,6584,13266,491,19359,ITC,ITC4,3,Lombardia,Lombardia,10060574,5181636,51.5,0.2
138,2021-01-20,LOM,5608,1373,4235,5493,115,ITC,ITC4,3,Lombardia,Lombardia,10060574,5187244,51.56,0.06
139,2021-01-02,LOM,199,72,127,199,0,ITC,ITC4,3,Lombardia,Lombardia,10060574,5187443,51.56,0.0
140,2021-01-11,LOM,16174,5362,10812,16174,0,ITC,ITC4,3,Lombardia,Lombardia,10060574,5203617,51.72,0.16
141,2021-05-14,LOM,85501,41182,44319,55478,30023,ITC,ITC4,3,Lombardia,Lombardia,10060574,5289118,52.57,0.85
142,2021-05-25,LOM,90697,43393,47304,44571,46126,ITC,ITC4,3,Lombardia,Lombardia,10060574,5379815,53.47,0.9
143,2021-05-02,LOM,83498,38332,45166,61038,22460,ITC,ITC4,3,Lombardia,Lombardia,10060574,5463313,54.3,0.83
144,2021-05-22,LOM,70242,33689,36553,32345,37897,ITC,ITC4,3,Lombardia,Lombardia,10060574,5533555,55.0,0.7
145,2021-01-15,LOM,25207,7431,17776,25207,0,ITC,ITC4,3,Lombardia,Lombardia,10060574,5558762,55.25,0.25
146,2021-04-29,LOM,115375,53539,61836,85583,29792,ITC,ITC4,3,Lombardia,Lombardia,10060574,5674137,56.4,1.15
147,2021-05-06,LOM,89714,42155,47559,73291,16423,ITC,ITC4,3,Lombardia,Lombardia,10060574,5763851,57.29,0.89
148,2021-02-11,LOM,17045,5004,12041,9700,7345,ITC,ITC4,3,Lombardia,Lombardia,10060574,5780896,57.46,0.17
149,2021-03-02,LOM,22850,9713,13137,19815,3035,ITC,ITC4,3,Lombardia,Lombardia,10060574,5803746,57.69,0.23
150,2021-05-12,LOM,87137,41591,45546,59745,27392,ITC,ITC4,3,Lombardia,Lombardia,10060574,5890883,58.55,0.87
151,2021-04-08,LOM,52328,21754,30574,35873,16455,ITC,ITC4,3,Lombardia,Lombardia,10060574,5943211,59.07,0.52
152,2021-03-13,LOM,27175,9767,17408,21079,6096,ITC,ITC4,3,Lombardia,Lombardia,10060574,5970386,59.34,0.27
153,2021-01-14,LOM,26801,7782,19019,26801,0,ITC,ITC4,3,Lombardia,Lombardia,10060574,5997187,59.61,0.27
154,2021-04-07,LOM,50524,20876,29648,34711,15813,ITC,ITC4,3,Lombardia,Lombardia,10060574,6047711,60.11,0.5
155,2021-01-23,LOM,1114,357,757,916,198,ITC,ITC4,3,Lombardia,Lombardia,10060574,6048825,60.12,0.01
156,2021-02-01,PIE,8643,3054,5589,578,8065,ITC,ITC1,1,Piemonte,Piemonte,4356406,8643,0.2,0.2
157,2021-02-19,PIE,5535,2175,3360,5034,501,ITC,ITC1,1,Piemonte,Piemonte,4356406,14178,0.33,0.13
158,2021-02-05,PIE,9601,3138,6463,659,8942,ITC,ITC1,1,Piemonte,Piemonte,4356406,23779,0.55,0.22
159,2021-04-05,PIE,14746,6233,8513,12189,2557,ITC,ITC1,1,Piemonte,Piemonte,4356406,38525,0.88,0.34
160,2021-05-12,PIE,31622,15034,16588,18932,12690,ITC,ITC1,1,Piemonte,Piemonte,4356406,70147,1.61,0.73
161,2021-04-25,PIE,20223,9303,10920,17722,2501,ITC,ITC1,1,Piemonte,Piemonte,4356406,90370,2.07,0.46
162,2021-04-19,PIE,22532,10762,11770,18168,4364,ITC,ITC1,1,Piemonte,Piemonte,4356406,112902,2.59,0.52
163,2021-02-20,PIE,3833,1253,2580,3659,174,ITC,ITC1,1,Piemonte,Piemonte,4356406,116735,2.68,0.09
164,2021-04-28,PIE,25958,11691,14267,15954,10004,ITC,ITC1,1,Piemonte,Piemonte,4356406,142693,3.28,0.6
165,2021-03-26,PIE,17748,6982,10766,8840,8908,ITC,ITC1,1,Piemonte,Piemonte,4356406,160441,3.68,0.41
166,2021-05-24,PIE,28459,13027,15432,16950,11509,ITC,ITC1,1,Piemonte,Piemonte,4356406,188900,4.34,0.65
167,2021-01-19,PIE,6466,2105,4361,6454,12,ITC,ITC1,1,Piemonte,Piemonte,4356406,195366,4.48,0.15
168,2021-04-15,PIE,29623,13569,16054,24147,5476,ITC,ITC1,1,Piemonte,Piemonte,4356406,224989,5.16,0.68
169,2021-01-16,PIE,7771,2630,5141,7771,0,ITC,ITC1,1,Piemonte,Piemonte,4356406,232760,5.34,0.18
170,2021-02-13,PIE,4153,1334,2819,2931,1222,ITC,ITC1,1,Piemonte,Piemonte,4356406,236913,5.44,0.1
171,2021-01-18,PIE,6166,2048,4118,5917,249,ITC,ITC1,1,Piemonte,Piemonte,4356406,243079,5.58,0.14
172,2021-04-01,PIE,19329,8073,11256,11209,8120,ITC,ITC1,1,Piemonte,Piemonte,4356406,262408,6.02,0.44
173,2021-02-03,PIE,10199,3303,6896,611,9588,ITC,ITC1,1,Piemonte,Piemonte,4356406,272607,6.26,0.23
174,2021-02-12,PIE,6891,2215,4676,3930,2961,ITC,ITC1,1,Piemonte,Piemonte,4356406,279498,6.42,0.16
175,2021-01-04,PIE,5564,1679,3885,5564,0,ITC,ITC1,1,Piemonte,Piemonte,4356406,285062,6.54,0.13
176,2021-01-03,PIE,3063,967,2096,3063,0,ITC,ITC1,1,Piemonte,Piemonte,4356406,288125,6.61,0.07
177,2021-05-04,PIE,28466,13067,15399,16391,12075,ITC,ITC1,1,Piemonte,Piemonte,4356406,316591,7.27,0.65
178,2021-05-16,PIE,28110,12762,15348,15054,13056,ITC,ITC1,1,Piemonte,Piemonte,4356406,344701,7.91,0.65
179,2021-02-27,PIE,12691,4851,7840,12346,345,ITC,ITC1,1,Piemonte,Piemonte,4356406,357392,8.2,0.29
180,2021-03-20,PIE,11921,4898,7023,6023,5898,ITC,ITC1,1,Piemonte,Piemonte,4356406,369313,8.48,0.27
181,2021-03-09,PIE,13964,5429,8535,11622,2342,ITC,ITC1,1,Piemonte,Piemonte,4356406,383277,8.8,0.32
182,2021-01-29,PIE,5943,1886,4057,455,5488,ITC,ITC1,1,Piemonte,Piemonte,4356406,389220,8.93,0.14
183,2021-02-17,PIE,4793,2156,2637,3803,990,ITC,ITC1,1,Piemonte,Piemonte,4356406,394013,9.04,0.11
184,2021-03-08,PIE,13945,5292,8653,11232,2713,ITC,ITC1,1,Piemonte,Piemonte,4356406,407958,9.36,0.32
185,2021-03-27,PIE,18384,7827,10557,9553,8831,ITC,ITC1,1,Piemonte,Piemonte,4356406,426342,9.79,0.42
186,2021-03-01,PIE,12041,4845,7196,11232,809,ITC,ITC1,1,Piemonte,Piemonte,4356406,438383,10.06,0.28
187,2021-02-16,PIE,3967,1756,2211,3209,758,ITC,ITC1,1,Piemonte,Piemonte,4356406,442350,10.15,0.09
188,2021-03-31,PIE,19106,8102,11004,10413,8693,ITC,ITC1,1,Piemonte,Piemonte,4356406,461456,10.59,0.44
189,2021-05-11,PIE,31953,15390,16563,18831,13122,ITC,ITC1,1,Piemonte,Piemonte,4356406,493409,11.33,0.73
190,2021-02-14,PIE,1476,498,978,876,600,ITC,ITC1,1,Piemonte,Piemonte,4356406,494885,11.36,0.03
191,2021-05-28,PIE,34392,16173,18219,18792,15600,ITC,ITC1,1,Piemonte,Piemonte,4356406,529277,12.15,0.79
192,2021-01-09,PIE,6184,2185,3999,6184,0,ITC,ITC1,1,Piemonte,Piemonte,4356406,535461,12.29,0.14
193,2021-02-24,PIE,11409,4629,6780,10904,505,ITC,ITC1,1,Piemonte,Piemonte,4356406,546870,12.55,0.26
194,2021-01-07,PIE,5387,1739,3648,5387,0,ITC,ITC1,1,Piemonte,Piemonte,4356406,552257,12.68,0.12
195,2021-05-17,PIE,30612,14371,16241,17674,12938,ITC,ITC1,1,Piemonte,Piemonte,4356406,582869,13.38,0.7
196,2021-05-15,PIE,33567,15658,17909,19953,13614,ITC,ITC1,1,Piemonte,Piemonte,4356406,616436,14.15,0.77
197,2021-02-09,PIE,7392,2316,5076,722,6670,ITC,ITC1,1,Piemonte,Piemonte,4356406,623828,14.32,0.17
198,2021-05-20,PIE,38252,17693,20559,13543,24709,ITC,ITC1,1,Piemonte,Piemonte,4356406,662080,15.2,0.88
199,2021-01-27,PIE,4196,1453,2743,999,3197,ITC,ITC1,1,Piemonte,Piemonte,4356406,666276,15.29,0.1
200,2021-04-30,PIE,31754,14261,17493,18428,13326,ITC,ITC1,1,Piemonte,Piemonte,4356406,698030,16.02,0.73
201,2021-01-06,PIE,3116,1111,2005,3116,0,ITC,ITC1,1,Piemonte,Piemonte,4356406,701146,16.09,0.07
202,2021-05-30,PIE,27637,13160,14477,18349,9288,ITC,ITC1,1,Piemonte,Piemonte,4356406,728783,16.73,0.63
203,2021-02-15,PIE,4432,1597,2835,3227,1205,ITC,ITC1,1,Piemonte,Piemonte,4356406,733215,16.83,0.1
204,2021-04-20,PIE,25453,11655,13798,19109,6344,ITC,ITC1,1,Piemonte,Piemonte,4356406,758668,17.41,0.58
205,2021-05-09,PIE,27049,12897,14152,13442,13607,ITC,ITC1,1,Piemonte,Piemonte,4356406,785717,18.04,0.62
206,2021-01-20,PIE,6615,2089,4526,5898,717,ITC,ITC1,1,Piemonte,Piemonte,4356406,792332,18.19,0.15
207,2021-03-11,PIE,13771,5075,8696,10675,3096,ITC,ITC1,1,Piemonte,Piemonte,4356406,806103,18.5,0.32
208,2021-05-21,PIE,35746,16540,19206,20328,15418,ITC,ITC1,1,Piemonte,Piemonte,4356406,841849,19.32,0.82
209,2021-01-05,PIE,5381,1603,3778,5381,0,ITC,ITC1,1,Piemonte,Piemonte,4356406,847230,19.45,0.12
210,2021-05-10,PIE,28664,13736,14928,15650,13014,ITC,ITC1,1,Piemonte,Piemonte,4356406,875894,20.11,0.66
211,2021-04-02,PIE,20130,8298,11832,11703,8427,ITC,ITC1,1,Piemonte,Piemonte,4356406,896024,20.57,0.46
212,2021-04-09,PIE,25847,11387,14460,21338,4509,ITC,ITC1,1,Piemonte,Piemonte,4356406,921871,21.16,0.59
213,2021-05-22,PIE,33218,14990,18228,17165,16053,ITC,ITC1,1,Piemonte,Piemonte,4356406,955089,21.92,0.76
214,2021-01-15,PIE,9113,3011,6102,9113,0,ITC,ITC1,1,Piemonte,Piemonte,4356406,964202,22.13,0.21
215,2021-02-25,PIE,12218,5252,6966,11671,547,ITC,ITC1,1,Piemonte,Piemonte,4356406,976420,22.41,0.28
216,2021-04-07,PIE,23605,9994,13611,18141,5464,ITC,ITC1,1,Piemonte,Piemonte,4356406,1000025,22.96,0.54
217,2021-01-28,PIE,5591,1809,3782,384,5207,ITC,ITC1,1,Piemonte,Piemonte,4356406,1005616,23.08,0.13
218,2021-01-11,PIE,8744,2980,5764,8744,0,ITC,ITC1,1,Piemonte,Piemonte,4356406,1014360,23.28,0.2
219,2021-05-02,PIE,25043,11261,13782,14298,10745,ITC,ITC1,1,Piemonte,Piemonte,4356406,1039403,23.86,0.57
220,2021-02-02,PIE,10241,3509,6732,816,9425,ITC,ITC1,1,Piemonte,Piemonte,4356406,1049644,24.09,0.24
221,2021-03-07,PIE,11976,4658,7318,11099,877,ITC,ITC1,1,Piemonte,Piemonte,4356406,1061620,24.37,0.27
222,2021-01-14,PIE,9766,3152,6614,9766,0,ITC,ITC1,1,Piemonte,Piemonte,4356406,1071386,24.59,0.22
223,2021-01-23,PIE,4257,1325,2932,879,3378,ITC,ITC1,1,Piemonte,Piemonte,4356406,1075643,24.69,0.1
224,2021-03-25,PIE,17062,7203,9859,8423,8639,ITC,ITC1,1,Piemonte,Piemonte,4356406,1092705,25.08,0.39
225,2021-02-11,PIE,6764,2107,4657,3006,3758,ITC,ITC1,1,Piemonte,Piemonte,4356406,1099469,25.24,0.16
226,2021-03-13,PIE,13044,4720,8324,11600,1444,ITC,ITC1,1,Piemonte,Piemonte,4356406,1112513,25.54,0.3
227,2021-03-02,PIE,11202,4506,6696,10386,816,ITC,ITC1,1,Piemonte,Piemonte,4356406,1123715,25.79,0.26
228,2021-01-17,PIE,3518,1168,2350,2870,648,ITC,ITC1,1,Piemonte,Piemonte,4356406,1127233,25.88,0.08
229,2021-01-26,PIE,6331,1879,4452,735,5596,ITC,ITC1,1,Piemonte,Piemonte,4356406,1133564,26.02,0.15
230,2021-04-26,PIE,19750,8731,11019,15351,4399,ITC,ITC1,1,Piemonte,Piemonte,4356406,1153314,26.47,0.45
231,2021-04-08,PIE,25142,10929,14213,20412,4730,ITC,ITC1,1,Piemonte,Piemonte,4356406,1178456,27.05,0.58
232,2021-02-10,PIE,7534,2371,5163,1316,6218,ITC,ITC1,1,Piemonte,Piemonte,4356406,1185990,27.22,0.17
233,2021-04-24,PIE,27441,12418,15023,21802,5639,ITC,ITC1,1,Piemonte,Piemonte,4356406,1213431,27.85,0.63
234,2021-03-14,PIE,8204,3335,4869,5308,2896,ITC,ITC1,1,Piemonte,Piemonte,4356406,1221635,28.04,0.19
235,2021-03-17,PIE,12518,5055,7463,5224,7294,ITC,ITC1,1,Piemonte,Piemonte,4356406,1234153,28.33,0.29
236,2021-02-04,PIE,10203,3339,6864,588,9615,ITC,ITC1,1,Piemonte,Piemonte,4356406,1244356,28.56,0.23
237,2021-01-31,PIE,4113,1753,2360,112,4001,ITC,ITC1,1,Piemonte,Piemonte,4356406,1248469,28.66,0.09
238,2021-05-08,PIE,34112,16182,17930,18486,15626,ITC,ITC1,1,Piemonte,Piemonte,4356406,1282581,29.44,0.78
239,2021-02-18,PIE,4789,2093,2696,4359,430,ITC,ITC1,1,Piemonte,Piemonte,4356406,1287370,29.55,0.11
240,2020-12-30,PIE,730,322,408,730,0,ITC,ITC1,1,Piemonte,Piemonte,4356406,1288100,29.57,0.02
241,2021-03-19,PIE,11019,4511,6508,4414,6605,ITC,ITC1,1,Piemonte,Piemonte,4356406,1299119,29.82,0.25
242,2021-03-28,PIE,16054,6899,9155,8433,7621,ITC,ITC1,1,Piemonte,Piemonte,4356406,1315173,30.19,0.37
243,2021-05-13,PIE,35376,17285,18091,20518,14858,ITC,ITC1,1,Piemonte,Piemonte,4356406,1350549,31.0,0.81
244,2021-01-08,PIE,5531,1761,3770,5531,0,ITC,ITC1,1,Piemonte,Piemonte,4356406,1356080,31.13,0.13
245,2020-12-31,PIE,3909,1334,2575,3909,0,ITC,ITC1,1,Piemonte,Piemonte,4356406,1359989,31.22,0.09
246,2021-04-06,PIE,20238,8809,11429,15042,5196,ITC,ITC1,1,Piemonte,Piemonte,4356406,1380227,31.68,0.46
247,2021-05-19,PIE,32863,15115,17748,21948,10915,ITC,ITC1,1,Piemonte,Piemonte,4356406,1413090,32.44,0.75
248,2021-02-07,PIE,3088,974,2114,445,2643,ITC,ITC1,1,Piemonte,Piemonte,4356406,1416178,32.51,0.07
249,2021-04-12,PIE,22923,10352,12571,19933,2990,ITC,ITC1,1,Piemonte,Piemonte,4356406,1439101,33.03,0.53
250,2021-03-05,PIE,15267,5960,9307,11450,3817,ITC,ITC1,1,Piemonte,Piemonte,4356406,1454368,33.38,0.35
251,2021-03-18,PIE,11756,4803,6953,4029,7727,ITC,ITC1,1,Piemonte,Piemonte,4356406,1466124,33.65,0.27
252,2021-01-21,PIE,6923,2318,4605,3427,3496,ITC,ITC1,1,Piemonte,Piemonte,4356406,1473047,33.81,0.16
253,2021-04-11,PIE,20824,9317,11507,18663,2161,ITC,ITC1,1,Piemonte,Piemonte,4356406,1493871,34.29,0.48
254,2021-02-23,PIE,9233,3713,5520,8653,580,ITC,ITC1,1,Piemonte,Piemonte,4356406,1503104,34.5,0.21
255,2021-02-26,PIE,12293,4933,7360,11556,737,ITC,ITC1,1,Piemonte,Piemonte,4356406,1515397,34.79,0.28
256,2021-01-25,PIE,6215,1938,4277,983,5232,ITC,ITC1,1,Piemonte,Piemonte,4356406,1521612,34.93,0.14
257,2021-05-27,PIE,36835,17057,19778,19023,17812,ITC,ITC1,1,Piemonte,Piemonte,4356406,1558447,35.77,0.85
258,2021-03-03,PIE,12120,4644,7476,11301,819,ITC,ITC1,1,Piemonte,Piemonte,4356406,1570567,36.05,0.28
259,2021-01-01,PIE,1038,395,643,1038,0,ITC,ITC1,1,Piemonte,Piemonte,4356406,1571605,36.08,0.02
260,2021-03-16,PIE,10520,4268,6252,4463,6057,ITC,ITC1,1,Piemonte,Piemonte,4356406,1582125,36.32,0.24
261,2021-03-06,PIE,13994,5211,8783,11205,2789,ITC,ITC1,1,Piemonte,Piemonte,4356406,1596119,36.64,0.32
262,2021-04-18,PIE,22951,10817,12134,20197,2754,ITC,ITC1,1,Piemonte,Piemonte,4356406,1619070,37.17,0.53
263,2021-05-07,PIE,32943,15548,17395,18900,14043,ITC,ITC1,1,Piemonte,Piemonte,4356406,1652013,37.92,0.76
264,2021-04-22,PIE,27621,12708,14913,20928,6693,ITC,ITC1,1,Piemonte,Piemonte,4356406,1679634,38.56,0.63
265,2021-05-26,PIE,32052,14608,17444,15558,16494,ITC,ITC1,1,Piemonte,Piemonte,4356406,1711686,39.29,0.74
266,2021-04-04,PIE,9254,4059,5195,6541,2713,ITC,ITC1,1,Piemonte,Piemonte,4356406,1720940,39.5,0.21
267,2020-12-27,PIE,913,369,544,913,0,ITC,ITC1,1,Piemonte,Piemonte,4356406,1721853,39.52,0.02
268,2021-01-22,PIE,3867,1249,2618,2526,1341,ITC,ITC1,1,Piemonte,Piemonte,4356406,1725720,39.61,0.09
269,2021-04-17,PIE,30422,14130,16292,27109,3313,ITC,ITC1,1,Piemonte,Piemonte,4356406,1756142,40.31,0.7
270,2021-03-12,PIE,13949,5184,8765,11014,2935,ITC,ITC1,1,Piemonte,Piemonte,4356406,1770091,40.63,0.32
271,2021-03-10,PIE,13633,5169,8464,11339,2294,ITC,ITC1,1,Piemonte,Piemonte,4356406,1783724,40.94,0.31
272,2021-04-21,PIE,25704,11816,13888,20371,5333,ITC,ITC1,1,Piemonte,Piemonte,4356406,1809428,41.53,0.59
273,2021-02-08,PIE,6916,2355,4561,666,6250,ITC,ITC1,1,Piemonte,Piemonte,4356406,1816344,41.69,0.16
274,2021-04-03,PIE,19430,8156,11274,10883,8547,ITC,ITC1,1,Piemonte,Piemonte,4356406,1835774,42.14,0.45
275,2021-05-18,PIE,31759,14573,17186,19309,12450,ITC,ITC1,1,Piemonte,Piemonte,4356406,1867533,42.87,0.73
276,2021-02-22,PIE,8482,3472,5010,7892,590,ITC,ITC1,1,Piemonte,Piemonte,4356406,1876015,43.06,0.19
277,2021-05-06,PIE,33170,15628,17542,19749,13421,ITC,ITC1,1,Piemonte,Piemonte,4356406,1909185,43.82,0.76
278,2021-02-21,PIE,5090,2083,3007,4988,102,ITC,ITC1,1,Piemonte,Piemonte,4356406,1914275,43.94,0.12
279,2021-04-29,PIE,48268,21836,26432,35667,12601,ITC,ITC1,1,Piemonte,Piemonte,4356406,1962543,45.05,1.11
280,2021-02-28,PIE,10816,4060,6756,10576,240,ITC,ITC1,1,Piemonte,Piemonte,4356406,1973359,45.3,0.25
281,2021-05-31,PIE,28559,13728,14831,20284,8275,ITC,ITC1,1,Piemonte,Piemonte,4356406,2001918,45.95,0.66
282,2021-03-29,PIE,15161,6385,8776,8549,6612,ITC,ITC1,1,Piemonte,Piemonte,4356406,2017079,46.3,0.35
283,2021-01-12,PIE,10089,3415,6674,10089,0,ITC,ITC1,1,Piemonte,Piemonte,4356406,2027168,46.53,0.23
284,2021-01-10,PIE,5214,2275,2939,5214,0,ITC,ITC1,1,Piemonte,Piemonte,4356406,2032382,46.65,0.12
285,2021-03-21,PIE,10723,4738,5985,4189,6534,ITC,ITC1,1,Piemonte,Piemonte,4356406,2043105,46.9,0.25
286,2021-04-27,PIE,22571,10203,12368,17436,5135,ITC,ITC1,1,Piemonte,Piemonte,4356406,2065676,47.42,0.52
287,2021-04-23,PIE,27432,12596,14836,20670,6762,ITC,ITC1,1,Piemonte,Piemonte,4356406,2093108,48.05,0.63
288,2021-04-14,PIE,27702,12558,15144,23181,4521,ITC,ITC1,1,Piemonte,Piemonte,4356406,2120810,48.68,0.64
289,2021-03-15,PIE,10658,4162,6496,5037,5621,ITC,ITC1,1,Piemonte,Piemonte,4356406,2131468,48.93,0.24
290,2020-12-28,PIE,1,1,0,1,0,ITC,ITC1,1,Piemonte,Piemonte,4356406,2131469,48.93,0.0
291,2021-05-29,PIE,32567,15127,17440,20446,12121,ITC,ITC1,1,Piemonte,Piemonte,4356406,2164036,49.67,0.75
292,2021-01-13,PIE,10080,3223,6857,10080,0,ITC,ITC1,1,Piemonte,Piemonte,4356406,2174116,49.91,0.23
293,2021-05-03,PIE,26636,12156,14480,12504,14132,ITC,ITC1,1,Piemonte,Piemonte,4356406,2200752,50.52,0.61
294,2021-04-13,PIE,25929,11608,14321,22469,3460,ITC,ITC1,1,Piemonte,Piemonte,4356406,2226681,51.11,0.6
295,2021-03-30,PIE,16891,7033,9858,9020,7871,ITC,ITC1,1,Piemonte,Piemonte,4356406,2243572,51.5,0.39
296,2021-05-05,PIE,32101,15023,17078,19092,13009,ITC,ITC1,1,Piemonte,Piemonte,4356406,2275673,52.24,0.74
297,2021-01-30,PIE,5980,2136,3844,218,5762,ITC,ITC1,1,Piemonte,Piemonte,4356406,2281653,52.37,0.14
298,2021-05-01,PIE,28526,12993,15533,16728,11798,ITC,ITC1,1,Piemonte,Piemonte,4356406,2310179,53.03,0.65
299,2021-02-06,PIE,7995,2666,5329,400,7595,ITC,ITC1,1,Piemonte,Piemonte,4356406,2318174,53.21,0.18
300,2021-04-16,PIE,28385,13204,15181,23403,4982,ITC,ITC1,1,Piemonte,Piemonte,4356406,2346559,53.86,0.65
301,2021-04-10,PIE,30163,13416,16747,25884,4279,ITC,ITC1,1,Piemonte,Piemonte,4356406,2376722,54.56,0.69
302,2021-05-14,PIE,33256,16189,17067,17912,15344,ITC,ITC1,1,Piemonte,Piemonte,4356406,2409978,55.32,0.76
303,2021-03-22,PIE,11510,4880,6630,3904,7606,ITC,ITC1,1,Piemonte,Piemonte,4356406,2421488,55.58,0.26
304,2021-05-25,PIE,30923,14333,16590,15905,15018,ITC,ITC1,1,Piemonte,Piemonte,4356406,2452411,56.29,0.71
305,2021-03-04,PIE,14494,5733,8761,11547,2947,ITC,ITC1,1,Piemonte,Piemonte,4356406,2466905,56.63,0.33
306,2021-05-23,PIE,28666,13122,15544,15745,12921,ITC,ITC1,1,Piemonte,Piemonte,4356406,2495571,57.29,0.66
307,2021-03-24,PIE,15505,6341,9164,6378,9127,ITC,ITC1,1,Piemonte,Piemonte,4356406,2511076,57.64,0.36
308,2021-03-23,PIE,13070,5447,7623,6825,6245,ITC,ITC1,1,Piemonte,Piemonte,4356406,2524146,57.94,0.3
309,2021-01-24,PIE,3153,959,2194,434,2719,ITC,ITC1,1,Piemonte,Piemonte,4356406,2527299,58.01,0.07
310,2021-01-02,PIE,3545,1134,2411,3545,0,ITC,ITC1,1,Piemonte,Piemonte,4356406,2530844,58.09,0.08
311,2021-02-01,UMB,1285,342,943,48,1237,ITI,ITI2,10,Umbria,Umbria,882015,1285,0.15,0.15
312,2021-01-25,UMB,648,323,325,5,643,ITI,ITI2,10,Umbria,Umbria,882015,1933,0.22,0.07
313,2021-01-02,UMB,304,111,193,304,0,ITI,ITI2,10,Umbria,Umbria,882015,2237,0.25,0.03
314,2021-01-11,UMB,1315,346,969,1315,0,ITI,ITI2,10,Umbria,Umbria,882015,3552,0.4,0.15
315,2021-03-09,UMB,4051,1971,2080,2760,1291,ITI,ITI2,10,Umbria,Umbria,882015,7603,0.86,0.46
316,2021-04-12,UMB,7086,3076,4010,5369,1717,ITI,ITI2,10,Umbria,Umbria,882015,14689,1.67,0.8
317,2021-05-03,UMB,5091,2271,2820,2204,2887,ITI,ITI2,10,Umbria,Umbria,882015,19780,2.24,0.58
318,2021-02-20,UMB,282,100,182,258,24,ITI,ITI2,10,Umbria,Umbria,882015,20062,2.27,0.03
319,2021-04-10,UMB,7467,3512,3955,7332,135,ITI,ITI2,10,Umbria,Umbria,882015,27529,3.12,0.85
320,2021-05-24,UMB,9015,4480,4535,8169,846,ITI,ITI2,10,Umbria,Umbria,882015,36544,4.14,1.02
321,2021-02-05,UMB,780,234,546,18,762,ITI,ITI2,10,Umbria,Umbria,882015,37324,4.23,0.09
322,2021-01-19,UMB,103,23,80,103,0,ITI,ITI2,10,Umbria,Umbria,882015,37427,4.24,0.01
323,2021-05-12,UMB,6441,3004,3437,4301,2140,ITI,ITI2,10,Umbria,Umbria,882015,43868,4.97,0.73
324,2021-01-07,UMB,1300,387,913,1300,0,ITI,ITI2,10,Umbria,Umbria,882015,45168,5.12,0.15
325,2021-02-26,UMB,660,253,407,652,8,ITI,ITI2,10,Umbria,Umbria,882015,45828,5.2,0.07
326,2021-02-03,UMB,725,174,551,67,658,ITI,ITI2,10,Umbria,Umbria,882015,46553,5.28,0.08
327,2021-01-04,UMB,810,398,412,810,0,ITI,ITI2,10,Umbria,Umbria,882015,47363,5.37,0.09
328,2021-03-11,UMB,3565,1697,1868,2559,1006,ITI,ITI2,10,Umbria,Umbria,882015,50928,5.77,0.4
329,2021-02-06,UMB,396,138,258,34,362,ITI,ITI2,10,Umbria,Umbria,882015,51324,5.82,0.04
330,2021-01-06,UMB,846,325,521,846,0,ITI,ITI2,10,Umbria,Umbria,882015,52170,5.91,0.1
331,2021-03-14,UMB,66,48,18,66,0,ITI,ITI2,10,Umbria,Umbria,882015,52236,5.92,0.01
332,2021-03-10,UMB,4013,1927,2086,2757,1256,ITI,ITI2,10,Umbria,Umbria,882015,56249,6.38,0.45
333,2021-04-27,UMB,5664,2403,3261,3088,2576,ITI,ITI2,10,Umbria,Umbria,882015,61913,7.02,0.64
334,2021-03-06,UMB,4267,1110,3157,4124,143,ITI,ITI2,10,Umbria,Umbria,882015,66180,7.5,0.48
335,2021-02-16,UMB,1308,655,653,1299,9,ITI,ITI2,10,Umbria,Umbria,882015,67488,7.65,0.15
336,2021-04-24,UMB,4562,1963,2599,3384,1178,ITI,ITI2,10,Umbria,Umbria,882015,72050,8.17,0.52
337,2021-04-22,UMB,5427,2230,3197,2766,2661,ITI,ITI2,10,Umbria,Umbria,882015,77477,8.78,0.62
338,2021-04-30,UMB,6232,2962,3270,2843,3389,ITI,ITI2,10,Umbria,Umbria,882015,83709,9.49,0.71
339,2021-04-21,UMB,5310,2308,3002,3084,2226,ITI,ITI2,10,Umbria,Umbria,882015,89019,10.09,0.6
340,2021-02-17,UMB,1618,748,870,1267,351,ITI,ITI2,10,Umbria,Umbria,882015,90637,10.28,0.18
341,2021-04-03,UMB,2111,716,1395,1058,1053,ITI,ITI2,10,Umbria,Umbria,882015,92748,10.52,0.24
342,2021-03-01,UMB,1503,774,729,1389,114,ITI,ITI2,10,Umbria,Umbria,882015,94251,10.69,0.17
343,2021-01-05,UMB,854,429,425,854,0,ITI,ITI2,10,Umbria,Umbria,882015,95105,10.78,0.1
344,2021-04-01,UMB,4374,1836,2538,2366,2008,ITI,ITI2,10,Umbria,Umbria,882015,99479,11.28,0.5
345,2021-03-20,UMB,2298,833,1465,2273,25,ITI,ITI2,10,Umbria,Umbria,882015,101777,11.54,0.26
346,2021-05-28,UMB,9455,4348,5107,7243,2212,ITI,ITI2,10,Umbria,Umbria,882015,111232,12.61,1.07
347,2021-02-24,UMB,1520,565,955,1505,15,ITI,ITI2,10,Umbria,Umbria,882015,112752,12.78,0.17
348,2021-05-14,UMB,5238,2435,2803,3433,1805,ITI,ITI2,10,Umbria,Umbria,882015,117990,13.38,0.59
349,2021-05-13,UMB,5896,2655,3241,3823,2073,ITI,ITI2,10,Umbria,Umbria,882015,123886,14.05,0.67
350,2021-02-08,UMB,637,203,434,88,549,ITI,ITI2,10,Umbria,Umbria,882015,124523,14.12,0.07
351,2021-01-16,UMB,221,73,148,221,0,ITI,ITI2,10,Umbria,Umbria,882015,124744,14.14,0.03
352,2021-01-15,UMB,701,215,486,701,0,ITI,ITI2,10,Umbria,Umbria,882015,125445,14.22,0.08
353,2021-05-20,UMB,9820,4581,5239,6183,3637,ITI,ITI2,10,Umbria,Umbria,882015,135265,15.34,1.11
354,2021-01-09,UMB,1745,499,1246,1745,0,ITI,ITI2,10,Umbria,Umbria,882015,137010,15.53,0.2
355,2021-05-06,UMB,9452,4309,5143,6146,3306,ITI,ITI2,10,Umbria,Umbria,882015,146462,16.61,1.07
356,2021-01-14,UMB,752,201,551,752,0,ITI,ITI2,10,Umbria,Umbria,882015,147214,16.69,0.09
357,2021-04-18,UMB,1530,680,850,600,930,ITI,ITI2,10,Umbria,Umbria,882015,148744,16.86,0.17
358,2021-03-05,UMB,4592,1379,3213,3936,656,ITI,ITI2,10,Umbria,Umbria,882015,153336,17.38,0.52
359,2021-03-29,UMB,3844,1692,2152,2365,1479,ITI,ITI2,10,Umbria,Umbria,882015,157180,17.82,0.44
360,2021-05-25,UMB,8753,4258,4495,7735,1018,ITI,ITI2,10,Umbria,Umbria,882015,165933,18.81,0.99
361,2021-02-02,UMB,944,274,670,32,912,ITI,ITI2,10,Umbria,Umbria,882015,166877,18.92,0.11
362,2021-03-15,UMB,4596,1930,2666,2828,1768,ITI,ITI2,10,Umbria,Umbria,882015,171473,19.44,0.52
363,2021-03-07,UMB,845,180,665,838,7,ITI,ITI2,10,Umbria,Umbria,882015,172318,19.54,0.1
364,2021-02-10,UMB,715,349,366,700,15,ITI,ITI2,10,Umbria,Umbria,882015,173033,19.62,0.08
365,2021-01-13,UMB,450,139,311,450,0,ITI,ITI2,10,Umbria,Umbria,882015,173483,19.67,0.05
366,2021-04-07,UMB,5568,2289,3279,3562,2006,ITI,ITI2,10,Umbria,Umbria,882015,179051,20.3,0.63
367,2021-04-14,UMB,8147,3673,4474,6168,1979,ITI,ITI2,10,Umbria,Umbria,882015,187198,21.22,0.92
368,2021-03-13,UMB,1731,524,1207,1486,245,ITI,ITI2,10,Umbria,Umbria,882015,188929,21.42,0.2
369,2021-01-18,UMB,614,219,395,529,85,ITI,ITI2,10,Umbria,Umbria,882015,189543,21.49,0.07
370,2021-05-29,UMB,7823,3593,4230,6268,1555,ITI,ITI2,10,Umbria,Umbria,882015,197366,22.38,0.89
371,2021-02-15,UMB,1368,692,676,1367,1,ITI,ITI2,10,Umbria,Umbria,882015,198734,22.53,0.16
372,2021-05-15,UMB,4977,1872,3105,1812,3165,ITI,ITI2,10,Umbria,Umbria,882015,203711,23.1,0.56
373,2021-01-27,UMB,840,330,510,13,827,ITI,ITI2,10,Umbria,Umbria,882015,204551,23.19,0.1
374,2021-04-02,UMB,4308,1746,2562,3551,757,ITI,ITI2,10,Umbria,Umbria,882015,208859,23.68,0.49
375,2021-03-27,UMB,4253,1512,2741,3913,340,ITI,ITI2,10,Umbria,Umbria,882015,213112,24.16,0.48
376,2021-03-04,UMB,4485,1853,2632,3657,828,ITI,ITI2,10,Umbria,Umbria,882015,217597,24.67,0.51
377,2021-02-13,UMB,115,28,87,112,3,ITI,ITI2,10,Umbria,Umbria,882015,217712,24.68,0.01
378,2021-02-12,UMB,671,224,447,665,6,ITI,ITI2,10,Umbria,Umbria,882015,218383,24.76,0.08
379,2021-05-26,UMB,9607,4545,5062,8378,1229,ITI,ITI2,10,Umbria,Umbria,882015,227990,25.85,1.09
380,2021-01-26,UMB,816,390,426,18,798,ITI,ITI2,10,Umbria,Umbria,882015,228806,25.94,0.09
381,2021-01-22,UMB,276,105,171,32,244,ITI,ITI2,10,Umbria,Umbria,882015,229082,25.97,0.03
382,2021-01-31,UMB,1058,276,782,25,1033,ITI,ITI2,10,Umbria,Umbria,882015,230140,26.09,0.12
383,2021-01-03,UMB,270,112,158,270,0,ITI,ITI2,10,Umbria,Umbria,882015,230410,26.12,0.03
384,2021-05-23,UMB,5068,1855,3213,652,4416,ITI,ITI2,10,Umbria,Umbria,882015,235478,26.7,0.57
385,2021-03-08,UMB,3672,1801,1871,2309,1363,ITI,ITI2,10,Umbria,Umbria,882015,239150,27.11,0.42
386,2021-04-17,UMB,6665,3059,3606,5325,1340,ITI,ITI2,10,Umbria,Umbria,882015,245815,27.87,0.76
387,2021-05-07,UMB,10097,4692,5405,6898,3199,ITI,ITI2,10,Umbria,Umbria,882015,255912,29.01,1.14
388,2021-04-13,UMB,7676,3398,4278,6007,1669,ITI,ITI2,10,Umbria,Umbria,882015,263588,29.88,0.87
389,2021-03-30,UMB,3948,1705,2243,2416,1532,ITI,ITI2,10,Umbria,Umbria,882015,267536,30.33,0.45
390,2021-01-20,UMB,613,222,391,613,0,ITI,ITI2,10,Umbria,Umbria,882015,268149,30.4,0.07
391,2021-05-08,UMB,8100,3730,4370,4904,3196,ITI,ITI2,10,Umbria,Umbria,882015,276249,31.32,0.92
392,2021-01-23,UMB,280,100,180,2,278,ITI,ITI2,10,Umbria,Umbria,882015,276529,31.35,0.03
393,2021-05-05,UMB,7173,3284,3889,3877,3296,ITI,ITI2,10,Umbria,Umbria,882015,283702,32.17,0.81
394,2021-02-04,UMB,733,226,507,25,708,ITI,ITI2,10,Umbria,Umbria,882015,284435,32.25,0.08
395,2021-04-08,UMB,5832,2465,3367,4037,1795,ITI,ITI2,10,Umbria,Umbria,882015,290267,32.91,0.66
396,2021-03-02,UMB,3642,1346,2296,3638,4,ITI,ITI2,10,Umbria,Umbria,882015,293909,33.32,0.41
397,2021-03-22,UMB,3559,1654,1905,2313,1246,ITI,ITI2,10,Umbria,Umbria,882015,297468,33.73,0.4
398,2021-03-31,UMB,3903,1733,2170,2216,1687,ITI,ITI2,10,Umbria,Umbria,882015,301371,34.17,0.44
399,2021-01-28,UMB,1247,394,853,19,1228,ITI,ITI2,10,Umbria,Umbria,882015,302618,34.31,0.14
400,2021-01-10,UMB,1070,277,793,1070,0,ITI,ITI2,10,Umbria,Umbria,882015,303688,34.43,0.12
401,2021-03-17,UMB,3331,1313,2018,1859,1472,ITI,ITI2,10,Umbria,Umbria,882015,307019,34.81,0.38
402,2021-02-27,UMB,1658,354,1304,1642,16,ITI,ITI2,10,Umbria,Umbria,882015,308677,35.0,0.19
403,2021-04-06,UMB,5290,2169,3121,2901,2389,ITI,ITI2,10,Umbria,Umbria,882015,313967,35.6,0.6
404,2021-03-03,UMB,4438,1773,2665,3727,711,ITI,ITI2,10,Umbria,Umbria,882015,318405,36.1,0.5
405,2021-05-27,UMB,9930,4828,5102,8647,1283,ITI,ITI2,10,Umbria,Umbria,882015,328335,37.23,1.13
406,2021-05-17,UMB,6360,3058,3302,4187,2173,ITI,ITI2,10,Umbria,Umbria,882015,334695,37.95,0.72
407,2021-03-21,UMB,665,330,335,665,0,ITI,ITI2,10,Umbria,Umbria,882015,335360,38.02,0.08
408,2021-02-18,UMB,1496,582,914,1030,466,ITI,ITI2,10,Umbria,Umbria,882015,336856,38.19,0.17
409,2021-01-08,UMB,1190,345,845,1190,0,ITI,ITI2,10,Umbria,Umbria,882015,338046,38.33,0.13
410,2020-12-31,UMB,322,127,195,322,0,ITI,ITI2,10,Umbria,Umbria,882015,338368,38.36,0.04
411,2021-04-11,UMB,3102,1503,1599,3053,49,ITI,ITI2,10,Umbria,Umbria,882015,341470,38.71,0.35
412,2021-02-23,UMB,1693,658,1035,1651,42,ITI,ITI2,10,Umbria,Umbria,882015,343163,38.91,0.19
413,2021-04-05,UMB,4250,1728,2522,2195,2055,ITI,ITI2,10,Umbria,Umbria,882015,347413,39.39,0.48
414,2021-04-20,UMB,5439,2356,3083,3492,1947,ITI,ITI2,10,Umbria,Umbria,882015,352852,40.01,0.62
415,2021-02-25,UMB,1336,497,839,1284,52,ITI,ITI2,10,Umbria,Umbria,882015,354188,40.16,0.15
416,2021-04-25,UMB,4364,1685,2679,4282,82,ITI,ITI2,10,Umbria,Umbria,882015,358552,40.65,0.49
417,2021-02-19,UMB,743,293,450,526,217,ITI,ITI2,10,Umbria,Umbria,882015,359295,40.74,0.08
418,2021-04-28,UMB,5346,2317,3029,2964,2382,ITI,ITI2,10,Umbria,Umbria,882015,364641,41.34,0.61
419,2021-04-23,UMB,6607,2786,3821,3488,3119,ITI,ITI2,10,Umbria,Umbria,882015,371248,42.09,0.75
420,2021-04-04,UMB,59,20,39,23,36,ITI,ITI2,10,Umbria,Umbria,882015,371307,42.1,0.01
421,2021-03-26,UMB,4570,1682,2888,4398,172,ITI,ITI2,10,Umbria,Umbria,882015,375877,42.62,0.52
422,2021-03-16,UMB,3538,1454,2084,1911,1627,ITI,ITI2,10,Umbria,Umbria,882015,379415,43.02,0.4
423,2021-04-09,UMB,6791,3162,3629,6572,219,ITI,ITI2,10,Umbria,Umbria,882015,386206,43.79,0.77
424,2021-02-07,UMB,54,17,37,1,53,ITI,ITI2,10,Umbria,Umbria,882015,386260,43.79,0.01
425,2021-01-29,UMB,1232,348,884,79,1153,ITI,ITI2,10,Umbria,Umbria,882015,387492,43.93,0.14
426,2021-05-31,UMB,5725,2795,2930,4880,845,ITI,ITI2,10,Umbria,Umbria,882015,393217,44.58,0.65
427,2021-05-30,UMB,5971,2992,2979,5780,191,ITI,ITI2,10,Umbria,Umbria,882015,399188,45.26,0.68
428,2021-03-12,UMB,2653,1040,1613,2157,496,ITI,ITI2,10,Umbria,Umbria,882015,401841,45.56,0.3
429,2021-03-24,UMB,4073,1760,2313,2750,1323,ITI,ITI2,10,Umbria,Umbria,882015,405914,46.02,0.46
430,2021-03-23,UMB,3797,1685,2112,2168,1629,ITI,ITI2,10,Umbria,Umbria,882015,409711,46.45,0.43
431,2021-05-04,UMB,5531,2543,2988,2410,3121,ITI,ITI2,10,Umbria,Umbria,882015,415242,47.08,0.63
432,2021-01-24,UMB,258,106,152,1,257,ITI,ITI2,10,Umbria,Umbria,882015,415500,47.11,0.03
433,2021-01-30,UMB,1590,490,1100,44,1546,ITI,ITI2,10,Umbria,Umbria,882015,417090,47.29,0.18
434,2021-03-25,UMB,3904,1699,2205,2840,1064,ITI,ITI2,10,Umbria,Umbria,882015,420994,47.73,0.44
435,2021-05-11,UMB,6222,2826,3396,4023,2199,ITI,ITI2,10,Umbria,Umbria,882015,427216,48.44,0.71
436,2021-05-09,UMB,5765,2757,3008,5374,391,ITI,ITI2,10,Umbria,Umbria,882015,432981,49.09,0.65
437,2021-05-01,UMB,5373,2640,2733,2146,3227,ITI,ITI2,10,Umbria,Umbria,882015,438354,49.7,0.61
438,2021-01-21,UMB,610,202,408,341,269,ITI,ITI2,10,Umbria,Umbria,882015,438964,49.77,0.07
439,2020-12-27,UMB,86,45,41,86,0,ITI,ITI2,10,Umbria,Umbria,882015,439050,49.78,0.01
440,2021-05-21,UMB,8918,3635,5283,4115,4803,ITI,ITI2,10,Umbria,Umbria,882015,447968,50.79,1.01
441,2021-05-10,UMB,5982,2799,3183,3830,2152,ITI,ITI2,10,Umbria,Umbria,882015,453950,51.47,0.68
442,2021-01-17,UMB,54,17,37,54,0,ITI,ITI2,10,Umbria,Umbria,882015,454004,51.47,0.01
443,2021-04-26,UMB,5374,2328,3046,3122,2252,ITI,ITI2,10,Umbria,Umbria,882015,459378,52.08,0.61
444,2021-03-19,UMB,1743,565,1178,1087,656,ITI,ITI2,10,Umbria,Umbria,882015,461121,52.28,0.2
445,2021-04-16,UMB,8100,3742,4358,6263,1837,ITI,ITI2,10,Umbria,Umbria,882015,469221,53.2,0.92
446,2021-03-28,UMB,1096,442,654,1072,24,ITI,ITI2,10,Umbria,Umbria,882015,470317,53.32,0.12
447,2021-04-19,UMB,5015,2216,2799,2966,2049,ITI,ITI2,10,Umbria,Umbria,882015,475332,53.89,0.57
448,2021-05-22,UMB,6909,2712,4197,2640,4269,ITI,ITI2,10,Umbria,Umbria,882015,482241,54.67,0.78
449,2021-05-19,UMB,9390,4197,5193,5651,3739,ITI,ITI2,10,Umbria,Umbria,882015,491631,55.74,1.06
450,2021-02-22,UMB,1859,778,1081,1773,86,ITI,ITI2,10,Umbria,Umbria,882015,493490,55.95,0.21
451,2021-05-02,UMB,3787,1868,1919,1333,2454,ITI,ITI2,10,Umbria,Umbria,882015,497277,56.38,0.43
452,2021-03-18,UMB,2942,1164,1778,1704,1238,ITI,ITI2,10,Umbria,Umbria,882015,500219,56.71,0.33
453,2021-04-15,UMB,7628,3483,4145,5742,1886,ITI,ITI2,10,Umbria,Umbria,882015,507847,57.58,0.86
454,2021-05-16,UMB,5317,2534,2783,5265,52,ITI,ITI2,10,Umbria,Umbria,882015,513164,58.18,0.6
455,2021-04-29,UMB,5209,2245,2964,2883,2326,ITI,ITI2,10,Umbria,Umbria,882015,518373,58.77,0.59
456,2021-02-11,UMB,842,349,493,837,5,ITI,ITI2,10,Umbria,Umbria,882015,519215,58.87,0.1
457,2021-05-18,UMB,7721,3341,4380,3883,3838,ITI,ITI2,10,Umbria,Umbria,882015,526936,59.74,0.88
458,2021-01-12,UMB,838,248,590,838,0,ITI,ITI2,10,Umbria,Umbria,882015,527774,59.84,0.1
459,2021-01-01,UMB,274,105,169,274,0,ITI,ITI2,10,Umbria,Umbria,882015,528048,59.87,0.03
460,2021-03-21,MOL,1246,542,704,479,767,ITF,ITF2,14,Molise,Molise,305617,1246,0.41,0.41
461,2021-02-23,MOL,582,223,359,363,219,ITF,ITF2,14,Molise,Molise,305617,1828,0.6,0.19
462,2021-03-07,MOL,1132,501,631,1130,2,ITF,ITF2,14,Molise,Molise,305617,2960,0.97,0.37
463,2021-01-13,MOL,474,160,314,474,0,ITF,ITF2,14,Molise,Molise,305617,3434,1.12,0.16
464,2021-05-30,MOL,1807,897,910,1523,284,ITF,ITF2,14,Molise,Molise,305617,5241,1.71,0.59
465,2021-02-02,MOL,539,176,363,216,323,ITF,ITF2,14,Molise,Molise,305617,5780,1.89,0.18
466,2021-05-01,MOL,2641,1266,1375,420,2221,ITF,ITF2,14,Molise,Molise,305617,8421,2.76,0.86
467,2021-03-12,MOL,1459,637,822,1423,36,ITF,ITF2,14,Molise,Molise,305617,9880,3.23,0.48
468,2021-03-24,MOL,1631,658,973,1229,402,ITF,ITF2,14,Molise,Molise,305617,11511,3.77,0.53
469,2021-05-21,MOL,2018,1011,1007,1707,311,ITF,ITF2,14,Molise,Molise,305617,13529,4.43,0.66
470,2021-03-23,MOL,1642,694,948,1435,207,ITF,ITF2,14,Molise,Molise,305617,15171,4.96,0.54
471,2021-05-09,MOL,2051,932,1119,1955,96,ITF,ITF2,14,Molise,Molise,305617,17222,5.64,0.67
472,2020-12-27,MOL,50,20,30,50,0,ITF,ITF2,14,Molise,Molise,305617,17272,5.65,0.02
473,2021-04-21,MOL,1862,788,1074,967,895,ITF,ITF2,14,Molise,Molise,305617,19134,6.26,0.61
474,2021-05-25,MOL,1960,885,1075,1330,630,ITF,ITF2,14,Molise,Molise,305617,21094,6.9,0.64
475,2021-04-18,MOL,1083,483,600,149,934,ITF,ITF2,14,Molise,Molise,305617,22177,7.26,0.35
476,2021-01-10,MOL,270,72,198,270,0,ITF,ITF2,14,Molise,Molise,305617,22447,7.34,0.09
477,2021-02-09,MOL,359,170,189,197,162,ITF,ITF2,14,Molise,Molise,305617,22806,7.46,0.12
478,2021-01-31,MOL,268,70,198,6,262,ITF,ITF2,14,Molise,Molise,305617,23074,7.55,0.09
479,2021-04-06,MOL,1494,701,793,1151,343,ITF,ITF2,14,Molise,Molise,305617,24568,8.04,0.49
480,2021-01-08,MOL,429,141,288,429,0,ITF,ITF2,14,Molise,Molise,305617,24997,8.18,0.14
481,2021-02-21,MOL,573,227,346,571,2,ITF,ITF2,14,Molise,Molise,305617,25570,8.37,0.19
482,2021-03-14,MOL,595,239,356,17,578,ITF,ITF2,14,Molise,Molise,305617,26165,8.56,0.19
483,2021-04-24,MOL,2540,1197,1343,699,1841,ITF,ITF2,14,Molise,Molise,305617,28705,9.39,0.83
484,2021-02-28,MOL,829,331,498,787,42,ITF,ITF2,14,Molise,Molise,305617,29534,9.66,0.27
485,2021-04-27,MOL,1593,767,826,465,1128,ITF,ITF2,14,Molise,Molise,305617,31127,10.18,0.52
486,2021-02-18,MOL,319,74,245,306,13,ITF,ITF2,14,Molise,Molise,305617,31446,10.29,0.1
487,2021-01-26,MOL,450,184,266,8,442,ITF,ITF2,14,Molise,Molise,305617,31896,10.44,0.15
488,2021-04-20,MOL,2318,1025,1293,1220,1098,ITF,ITF2,14,Molise,Molise,305617,34214,11.2,0.76
489,2021-04-28,MOL,1683,913,770,466,1217,ITF,ITF2,14,Molise,Molise,305617,35897,11.75,0.55
490,2021-05-31,MOL,2228,1066,1162,1910,318,ITF,ITF2,14,Molise,Molise,305617,38125,12.47,0.73
491,2021-05-05,MOL,2413,1042,1371,2272,141,ITF,ITF2,14,Molise,Molise,305617,40538,13.26,0.79
492,2021-03-15,MOL,832,338,494,587,245,ITF,ITF2,14,Molise,Molise,305617,41370,13.54,0.27
493,2021-02-19,MOL,169,93,76,167,2,ITF,ITF2,14,Molise,Molise,305617,41539,13.59,0.06
494,2021-01-28,MOL,613,217,396,17,596,ITF,ITF2,14,Molise,Molise,305617,42152,13.79,0.2
495,2021-02-27,MOL,1366,568,798,1347,19,ITF,ITF2,14,Molise,Molise,305617,43518,14.24,0.45
496,2021-03-10,MOL,1737,720,1017,1687,50,ITF,ITF2,14,Molise,Molise,305617,45255,14.81,0.57
497,2021-03-30,MOL,2003,857,1146,1491,512,ITF,ITF2,14,Molise,Molise,305617,47258,15.46,0.66
498,2021-05-03,MOL,2483,1164,1319,2320,163,ITF,ITF2,14,Molise,Molise,305617,49741,16.28,0.81
499,2021-05-29,MOL,2289,1194,1095,1935,354,ITF,ITF2,14,Molise,Molise,305617,52030,17.02,0.75
500,2021-04-17,MOL,3051,1500,1551,1565,1486,ITF,ITF2,14,Molise,Molise,305617,55081,18.02,1.0
501,2021-01-22,MOL,126,35,91,126,0,ITF,ITF2,14,Molise,Molise,305617,55207,18.06,0.04
502,2021-05-26,MOL,1528,684,844,783,745,ITF,ITF2,14,Molise,Molise,305617,56735,18.56,0.5
503,2021-04-13,MOL,1630,718,912,1043,587,ITF,ITF2,14,Molise,Molise,305617,58365,19.1,0.53
504,2021-03-22,MOL,1146,439,707,903,243,ITF,ITF2,14,Molise,Molise,305617,59511,19.47,0.37
505,2021-02-05,MOL,593,269,324,55,538,ITF,ITF2,14,Molise,Molise,305617,60104,19.67,0.19
506,2021-04-10,MOL,2635,1259,1376,2483,152,ITF,ITF2,14,Molise,Molise,305617,62739,20.53,0.86
507,2021-03-16,MOL,614,230,384,267,347,ITF,ITF2,14,Molise,Molise,305617,63353,20.73,0.2
508,2021-03-17,MOL,908,385,523,576,332,ITF,ITF2,14,Molise,Molise,305617,64261,21.03,0.3
509,2021-03-28,MOL,1626,747,879,524,1102,ITF,ITF2,14,Molise,Molise,305617,65887,21.56,0.53
510,2021-02-22,MOL,265,129,136,250,15,ITF,ITF2,14,Molise,Molise,305617,66152,21.65,0.09
511,2021-05-08,MOL,2972,1453,1519,1728,1244,ITF,ITF2,14,Molise,Molise,305617,69124,22.62,0.97
512,2021-05-19,MOL,2335,1205,1130,1912,423,ITF,ITF2,14,Molise,Molise,305617,71459,23.38,0.76
513,2021-04-26,MOL,1157,521,636,826,331,ITF,ITF2,14,Molise,Molise,305617,72616,23.76,0.38
514,2021-02-01,MOL,562,201,361,14,548,ITF,ITF2,14,Molise,Molise,305617,73178,23.94,0.18
515,2021-02-08,MOL,334,141,193,216,118,ITF,ITF2,14,Molise,Molise,305617,73512,24.05,0.11
516,2021-05-13,MOL,3037,1409,1628,2580,457,ITF,ITF2,14,Molise,Molise,305617,76549,25.05,0.99
517,2021-01-17,MOL,78,38,40,48,30,ITF,ITF2,14,Molise,Molise,305617,76627,25.07,0.03
518,2021-04-19,MOL,1827,842,985,1049,778,ITF,ITF2,14,Molise,Molise,305617,78454,25.67,0.6
519,2021-05-23,MOL,1698,863,835,1693,5,ITF,ITF2,14,Molise,Molise,305617,80152,26.23,0.56
520,2021-03-19,MOL,1184,482,702,757,427,ITF,ITF2,14,Molise,Molise,305617,81336,26.61,0.39
521,2021-04-15,MOL,1923,793,1130,1079,844,ITF,ITF2,14,Molise,Molise,305617,83259,27.24,0.63
522,2021-01-29,MOL,421,136,285,6,415,ITF,ITF2,14,Molise,Molise,305617,83680,27.38,0.14
523,2021-05-16,MOL,1246,570,676,1064,182,ITF,ITF2,14,Molise,Molise,305617,84926,27.79,0.41
524,2021-03-18,MOL,1156,476,680,692,464,ITF,ITF2,14,Molise,Molise,305617,86082,28.17,0.38
525,2021-03-29,MOL,2033,835,1198,1547,486,ITF,ITF2,14,Molise,Molise,305617,88115,28.83,0.67
526,2021-01-12,MOL,336,114,222,336,0,ITF,ITF2,14,Molise,Molise,305617,88451,28.94,0.11
527,2021-05-27,MOL,2825,1342,1483,1991,834,ITF,ITF2,14,Molise,Molise,305617,91276,29.87,0.92
528,2021-03-05,MOL,1219,649,570,1015,204,ITF,ITF2,14,Molise,Molise,305617,92495,30.27,0.4
529,2021-05-18,MOL,1645,877,768,990,655,ITF,ITF2,14,Molise,Molise,305617,94140,30.8,0.54
530,2021-02-07,MOL,66,32,34,19,47,ITF,ITF2,14,Molise,Molise,305617,94206,30.82,0.02
531,2021-02-16,MOL,156,70,86,150,6,ITF,ITF2,14,Molise,Molise,305617,94362,30.88,0.05
532,2021-03-20,MOL,2321,968,1353,1000,1321,ITF,ITF2,14,Molise,Molise,305617,96683,31.64,0.76
533,2021-02-17,MOL,72,32,40,57,15,ITF,ITF2,14,Molise,Molise,305617,96755,31.66,0.02
534,2021-05-28,MOL,2464,1288,1176,1955,509,ITF,ITF2,14,Molise,Molise,305617,99219,32.47,0.81
535,2021-02-24,MOL,666,278,388,333,333,ITF,ITF2,14,Molise,Molise,305617,99885,32.68,0.22
536,2021-01-09,MOL,450,152,298,450,0,ITF,ITF2,14,Molise,Molise,305617,100335,32.83,0.15
537,2021-05-14,MOL,2644,1215,1429,1926,718,ITF,ITF2,14,Molise,Molise,305617,102979,33.7,0.87
538,2021-05-06,MOL,2679,1214,1465,2081,598,ITF,ITF2,14,Molise,Molise,305617,105658,34.57,0.88
539,2021-04-29,MOL,2237,1144,1093,890,1347,ITF,ITF2,14,Molise,Molise,305617,107895,35.3,0.73
540,2021-01-30,MOL,461,158,303,12,449,ITF,ITF2,14,Molise,Molise,305617,108356,35.45,0.15
541,2021-05-20,MOL,2572,1325,1247,2397,175,ITF,ITF2,14,Molise,Molise,305617,110928,36.3,0.84
542,2021-03-25,MOL,1806,730,1076,1309,497,ITF,ITF2,14,Molise,Molise,305617,112734,36.89,0.59
543,2021-05-11,MOL,3205,1413,1792,2955,250,ITF,ITF2,14,Molise,Molise,305617,115939,37.94,1.05
544,2021-03-04,MOL,850,417,433,526,324,ITF,ITF2,14,Molise,Molise,305617,116789,38.21,0.28
545,2021-01-14,MOL,646,239,407,646,0,ITF,ITF2,14,Molise,Molise,305617,117435,38.43,0.21
546,2021-04-01,MOL,1469,667,802,743,726,ITF,ITF2,14,Molise,Molise,305617,118904,38.91,0.48
547,2021-03-06,MOL,1728,807,921,1569,159,ITF,ITF2,14,Molise,Molise,305617,120632,39.47,0.57
548,2021-04-25,MOL,792,395,397,559,233,ITF,ITF2,14,Molise,Molise,305617,121424,39.73,0.26
549,2021-03-03,MOL,672,316,356,590,82,ITF,ITF2,14,Molise,Molise,305617,122096,39.95,0.22
550,2021-01-16,MOL,420,166,254,420,0,ITF,ITF2,14,Molise,Molise,305617,122516,40.09,0.14
551,2021-04-03,MOL,1770,850,920,1735,35,ITF,ITF2,14,Molise,Molise,305617,124286,40.67,0.58
552,2021-04-30,MOL,2935,1554,1381,829,2106,ITF,ITF2,14,Molise,Molise,305617,127221,41.63,0.96
553,2021-04-05,MOL,391,189,202,292,99,ITF,ITF2,14,Molise,Molise,305617,127612,41.76,0.13
554,2021-01-06,MOL,689,260,429,689,0,ITF,ITF2,14,Molise,Molise,305617,128301,41.98,0.23
555,2021-01-04,MOL,314,131,183,314,0,ITF,ITF2,14,Molise,Molise,305617,128615,42.08,0.1
556,2021-01-05,MOL,449,180,269,449,0,ITF,ITF2,14,Molise,Molise,305617,129064,42.23,0.15
557,2021-02-06,MOL,429,179,250,29,400,ITF,ITF2,14,Molise,Molise,305617,129493,42.37,0.14
558,2021-04-16,MOL,2430,1033,1397,1198,1232,ITF,ITF2,14,Molise,Molise,305617,131923,43.17,0.8
559,2021-04-23,MOL,2049,882,1167,1390,659,ITF,ITF2,14,Molise,Molise,305617,133972,43.84,0.67
560,2021-02-03,MOL,731,249,482,338,393,ITF,ITF2,14,Molise,Molise,305617,134703,44.08,0.24
561,2021-04-09,MOL,2318,1248,1070,2127,191,ITF,ITF2,14,Molise,Molise,305617,137021,44.83,0.76
562,2021-01-15,MOL,538,242,296,538,0,ITF,ITF2,14,Molise,Molise,305617,137559,45.01,0.18
563,2021-02-25,MOL,541,239,302,473,68,ITF,ITF2,14,Molise,Molise,305617,138100,45.19,0.18
564,2021-01-19,MOL,173,63,110,162,11,ITF,ITF2,14,Molise,Molise,305617,138273,45.24,0.06
565,2021-01-20,MOL,18,8,10,18,0,ITF,ITF2,14,Molise,Molise,305617,138291,45.25,0.01
566,2021-03-11,MOL,1463,636,827,1457,6,ITF,ITF2,14,Molise,Molise,305617,139754,45.73,0.48
567,2021-01-25,MOL,319,130,189,3,316,ITF,ITF2,14,Molise,Molise,305617,140073,45.83,0.1
568,2021-02-12,MOL,330,149,181,208,122,ITF,ITF2,14,Molise,Molise,305617,140403,45.94,0.11
569,2021-05-02,MOL,1890,930,960,587,1303,ITF,ITF2,14,Molise,Molise,305617,142293,46.56,0.62
570,2021-05-07,MOL,2641,1226,1415,2044,597,ITF,ITF2,14,Molise,Molise,305617,144934,47.42,0.86
571,2021-03-08,MOL,1379,522,857,1239,140,ITF,ITF2,14,Molise,Molise,305617,146313,47.87,0.45
572,2021-04-11,MOL,1196,591,605,1182,14,ITF,ITF2,14,Molise,Molise,305617,147509,48.27,0.39
573,2021-01-07,MOL,598,209,389,598,0,ITF,ITF2,14,Molise,Molise,305617,148107,48.46,0.2
574,2021-05-22,MOL,1307,706,601,1225,82,ITF,ITF2,14,Molise,Molise,305617,149414,48.89,0.43
575,2021-01-11,MOL,557,194,363,557,0,ITF,ITF2,14,Molise,Molise,305617,149971,49.07,0.18
576,2021-04-22,MOL,1844,863,981,1065,779,ITF,ITF2,14,Molise,Molise,305617,151815,49.67,0.6
577,2021-05-17,MOL,2228,1092,1136,1732,496,ITF,ITF2,14,Molise,Molise,305617,154043,50.4,0.73
578,2021-02-11,MOL,293,133,160,257,36,ITF,ITF2,14,Molise,Molise,305617,154336,50.5,0.1
579,2021-03-01,MOL,661,274,387,447,214,ITF,ITF2,14,Molise,Molise,305617,154997,50.72,0.22
580,2021-02-04,MOL,758,295,463,77,681,ITF,ITF2,14,Molise,Molise,305617,155755,50.96,0.25
581,2021-04-07,MOL,1688,847,841,1413,275,ITF,ITF2,14,Molise,Molise,305617,157443,51.52,0.55
582,2021-03-13,MOL,1189,594,595,200,989,ITF,ITF2,14,Molise,Molise,305617,158632,51.91,0.39
583,2021-05-12,MOL,2847,1291,1556,2751,96,ITF,ITF2,14,Molise,Molise,305617,161479,52.84,0.93
584,2021-03-31,MOL,2193,919,1274,1374,819,ITF,ITF2,14,Molise,Molise,305617,163672,53.55,0.72
585,2021-03-02,MOL,667,383,284,509,158,ITF,ITF2,14,Molise,Molise,305617,164339,53.77,0.22
586,2021-03-26,MOL,2575,1045,1530,1933,642,ITF,ITF2,14,Molise,Molise,305617,166914,54.62,0.84
587,2021-04-08,MOL,1766,903,863,1564,202,ITF,ITF2,14,Molise,Molise,305617,168680,55.19,0.58
588,2021-04-04,MOL,253,141,112,238,15,ITF,ITF2,14,Molise,Molise,305617,168933,55.28,0.08
589,2021-04-14,MOL,1806,767,1039,1145,661,ITF,ITF2,14,Molise,Molise,305617,170739,55.87,0.59
590,2021-01-18,MOL,114,48,66,114,0,ITF,ITF2,14,Molise,Molise,305617,170853,55.9,0.04
591,2021-02-10,MOL,150,78,72,130,20,ITF,ITF2,14,Molise,Molise,305617,171003,55.95,0.05
592,2021-02-15,MOL,144,70,74,141,3,ITF,ITF2,14,Molise,Molise,305617,171147,56.0,0.05
593,2021-02-20,MOL,1018,441,577,998,20,ITF,ITF2,14,Molise,Molise,305617,172165,56.33,0.33
594,2021-01-27,MOL,674,251,423,8,666,ITF,ITF2,14,Molise,Molise,305617,172839,56.55,0.22
595,2021-05-04,MOL,2704,1181,1523,2576,128,ITF,ITF2,14,Molise,Molise,305617,175543,57.44,0.88
596,2021-02-26,MOL,563,260,303,490,73,ITF,ITF2,14,Molise,Molise,305617,176106,57.62,0.18
597,2021-05-24,MOL,1951,847,1104,1285,666,ITF,ITF2,14,Molise,Molise,305617,178057,58.26,0.64
598,2021-05-15,MOL,2979,1398,1581,2595,384,ITF,ITF2,14,Molise,Molise,305617,181036,59.24,0.97
599,2021-03-09,MOL,1329,579,750,1177,152,ITF,ITF2,14,Molise,Molise,305617,182365,59.67,0.43
600,2021-04-12,MOL,1299,557,742,1048,251,ITF,ITF2,14,Molise,Molise,305617,183664,60.1,0.43
601,2021-03-27,MOL,2743,1273,1470,1310,1433,ITF,ITF2,14,Molise,Molise,305617,186407,60.99,0.9
602,2021-05-10,MOL,2889,1285,1604,2516,373,ITF,ITF2,14,Molise,Molise,305617,189296,61.94,0.95
603,2021-01-21,MOL,6,2,4,6,0,ITF,ITF2,14,Molise,Molise,305617,189302,61.94,0.0
604,2021-02-13,MOL,132,80,52,132,0,ITF,ITF2,14,Molise,Molise,305617,189434,61.98,0.04
605,2021-04-02,MOL,1453,708,745,676,777,ITF,ITF2,14,Molise,Molise,305617,190887,62.46,0.48
606,2021-05-18,LAZ,44134,20123,24011,34810,9324,ITI,ITI4,12,Lazio,Lazio,5879082,44134,0.75,0.75
607,2021-01-27,LAZ,6114,2387,3727,997,5117,ITI,ITI4,12,Lazio,Lazio,5879082,50248,0.85,0.1
608,2021-04-13,LAZ,25660,11868,13792,17954,7706,ITI,ITI4,12,Lazio,Lazio,5879082,75908,1.29,0.44
609,2021-05-15,LAZ,57037,27245,29792,40612,16425,ITI,ITI4,12,Lazio,Lazio,5879082,132945,2.26,0.97
610,2021-02-10,LAZ,8187,3398,4789,4850,3337,ITI,ITI4,12,Lazio,Lazio,5879082,141132,2.4,0.14
611,2021-01-31,LAZ,4459,1854,2605,476,3983,ITI,ITI4,12,Lazio,Lazio,5879082,145591,2.48,0.08
612,2021-02-13,LAZ,6608,2626,3982,6194,414,ITI,ITI4,12,Lazio,Lazio,5879082,152199,2.59,0.11
613,2021-03-18,LAZ,14225,6077,8148,7835,6390,ITI,ITI4,12,Lazio,Lazio,5879082,166424,2.83,0.24
614,2021-05-23,LAZ,47005,22766,24239,39683,7322,ITI,ITI4,12,Lazio,Lazio,5879082,213429,3.63,0.8
615,2021-02-25,LAZ,12654,5518,7136,11604,1050,ITI,ITI4,12,Lazio,Lazio,5879082,226083,3.85,0.22
616,2021-01-26,LAZ,7958,3125,4833,724,7234,ITI,ITI4,12,Lazio,Lazio,5879082,234041,3.98,0.14
617,2021-01-20,LAZ,4806,1942,2864,3263,1543,ITI,ITI4,12,Lazio,Lazio,5879082,238847,4.06,0.08
618,2021-03-02,LAZ,16987,7429,9558,13053,3934,ITI,ITI4,12,Lazio,Lazio,5879082,255834,4.35,0.29
619,2021-05-08,LAZ,45169,20609,24560,29811,15358,ITI,ITI4,12,Lazio,Lazio,5879082,301003,5.12,0.77
620,2021-01-10,LAZ,4039,1700,2339,4039,0,ITI,ITI4,12,Lazio,Lazio,5879082,305042,5.19,0.07
621,2021-05-26,LAZ,46056,20585,25471,34916,11140,ITI,ITI4,12,Lazio,Lazio,5879082,351098,5.97,0.78
622,2021-05-07,LAZ,48139,22565,25574,30427,17712,ITI,ITI4,12,Lazio,Lazio,5879082,399237,6.79,0.82
623,2021-03-08,LAZ,20062,8313,11749,14789,5273,ITI,ITI4,12,Lazio,Lazio,5879082,419299,7.13,0.34
624,2021-04-08,LAZ,26648,12173,14475,18966,7682,ITI,ITI4,12,Lazio,Lazio,5879082,445947,7.59,0.45
625,2021-05-05,LAZ,46704,21424,25280,30900,15804,ITI,ITI4,12,Lazio,Lazio,5879082,492651,8.38,0.79
626,2021-04-20,LAZ,30996,14226,16770,19715,11281,ITI,ITI4,12,Lazio,Lazio,5879082,523647,8.91,0.53
627,2021-01-24,LAZ,5694,2229,3465,612,5082,ITI,ITI4,12,Lazio,Lazio,5879082,529341,9.0,0.1
628,2021-01-28,LAZ,8279,3165,5114,782,7497,ITI,ITI4,12,Lazio,Lazio,5879082,537620,9.14,0.14
629,2021-04-07,LAZ,24958,11320,13638,17654,7304,ITI,ITI4,12,Lazio,Lazio,5879082,562578,9.57,0.42
630,2021-01-30,LAZ,7009,2891,4118,807,6202,ITI,ITI4,12,Lazio,Lazio,5879082,569587,9.69,0.12
631,2021-03-15,LAZ,19275,8332,10943,12536,6739,ITI,ITI4,12,Lazio,Lazio,5879082,588862,10.02,0.33
632,2021-01-11,LAZ,5531,2105,3426,5531,0,ITI,ITI4,12,Lazio,Lazio,5879082,594393,10.11,0.09
633,2021-04-14,LAZ,29271,13262,16009,19150,10121,ITI,ITI4,12,Lazio,Lazio,5879082,623664,10.61,0.5
634,2021-03-07,LAZ,14110,5442,8668,10517,3593,ITI,ITI4,12,Lazio,Lazio,5879082,637774,10.85,0.24
635,2021-04-19,LAZ,30059,13661,16398,19383,10676,ITI,ITI4,12,Lazio,Lazio,5879082,667833,11.36,0.51
636,2021-01-13,LAZ,5691,2150,3541,5691,0,ITI,ITI4,12,Lazio,Lazio,5879082,673524,11.46,0.1
637,2021-05-19,LAZ,46443,21207,25236,36635,9808,ITI,ITI4,12,Lazio,Lazio,5879082,719967,12.25,0.79
638,2021-05-22,LAZ,54593,26578,28015,44250,10343,ITI,ITI4,12,Lazio,Lazio,5879082,774560,13.17,0.93
639,2021-02-22,LAZ,11456,4990,6466,10954,502,ITI,ITI4,12,Lazio,Lazio,5879082,786016,13.37,0.19
640,2021-03-22,LAZ,21696,9064,12632,15035,6661,ITI,ITI4,12,Lazio,Lazio,5879082,807712,13.74,0.37
641,2021-02-24,LAZ,12047,5204,6843,11053,994,ITI,ITI4,12,Lazio,Lazio,5879082,819759,13.94,0.2
642,2021-04-02,LAZ,28532,13368,15164,21204,7328,ITI,ITI4,12,Lazio,Lazio,5879082,848291,14.43,0.49
643,2021-03-20,LAZ,18224,6810,11414,12340,5884,ITI,ITI4,12,Lazio,Lazio,5879082,866515,14.74,0.31
644,2021-04-10,LAZ,23807,10314,13493,16625,7182,ITI,ITI4,12,Lazio,Lazio,5879082,890322,15.14,0.4
645,2021-03-16,LAZ,13538,5732,7806,7094,6444,ITI,ITI4,12,Lazio,Lazio,5879082,903860,15.37,0.23
646,2020-12-30,LAZ,1630,629,1001,1630,0,ITI,ITI4,12,Lazio,Lazio,5879082,905490,15.4,0.03
647,2021-04-26,LAZ,29174,13428,15746,19972,9202,ITI,ITI4,12,Lazio,Lazio,5879082,934664,15.9,0.5
648,2021-04-09,LAZ,27298,12267,15031,19076,8222,ITI,ITI4,12,Lazio,Lazio,5879082,961962,16.36,0.46
649,2021-01-17,LAZ,4894,2028,2866,4682,212,ITI,ITI4,12,Lazio,Lazio,5879082,966856,16.45,0.08
650,2021-04-28,LAZ,32840,14992,17848,21294,11546,ITI,ITI4,12,Lazio,Lazio,5879082,999696,17.0,0.56
651,2021-05-13,LAZ,49499,22177,27322,31858,17641,ITI,ITI4,12,Lazio,Lazio,5879082,1049195,17.85,0.84
652,2020-12-29,LAZ,488,176,312,488,0,ITI,ITI4,12,Lazio,Lazio,5879082,1049683,17.85,0.01
653,2021-05-31,LAZ,48164,20601,27563,30643,17521,ITI,ITI4,12,Lazio,Lazio,5879082,1097847,18.67,0.82
654,2021-05-01,LAZ,37910,17062,20848,25966,11944,ITI,ITI4,12,Lazio,Lazio,5879082,1135757,19.32,0.64
655,2021-03-28,LAZ,18838,7541,11297,13528,5310,ITI,ITI4,12,Lazio,Lazio,5879082,1154595,19.64,0.32
656,2021-02-07,LAZ,4942,2023,2919,387,4555,ITI,ITI4,12,Lazio,Lazio,5879082,1159537,19.72,0.08
657,2021-02-08,LAZ,9739,4153,5586,4508,5231,ITI,ITI4,12,Lazio,Lazio,5879082,1169276,19.89,0.17
658,2021-01-09,LAZ,6296,2561,3735,6296,0,ITI,ITI4,12,Lazio,Lazio,5879082,1175572,20.0,0.11
659,2021-03-29,LAZ,23956,10756,13200,16923,7033,ITI,ITI4,12,Lazio,Lazio,5879082,1199528,20.4,0.41
660,2020-12-28,LAZ,959,412,547,959,0,ITI,ITI4,12,Lazio,Lazio,5879082,1200487,20.42,0.02
661,2021-01-05,LAZ,7374,2802,4572,7374,0,ITI,ITI4,12,Lazio,Lazio,5879082,1207861,20.55,0.13
662,2021-03-19,LAZ,17215,7364,9851,10887,6328,ITI,ITI4,12,Lazio,Lazio,5879082,1225076,20.84,0.29
663,2021-04-18,LAZ,23773,10556,13217,16139,7634,ITI,ITI4,12,Lazio,Lazio,5879082,1248849,21.24,0.4
664,2021-02-27,LAZ,11427,4268,7159,10472,955,ITI,ITI4,12,Lazio,Lazio,5879082,1260276,21.44,0.19
665,2021-05-20,LAZ,50663,24174,26489,37407,13256,ITI,ITI4,12,Lazio,Lazio,5879082,1310939,22.3,0.86
666,2021-03-21,LAZ,17858,6826,11032,12807,5051,ITI,ITI4,12,Lazio,Lazio,5879082,1328797,22.6,0.3
667,2021-04-06,LAZ,23879,10653,13226,16776,7103,ITI,ITI4,12,Lazio,Lazio,5879082,1352676,23.01,0.41
668,2021-03-05,LAZ,18792,7961,10831,14059,4733,ITI,ITI4,12,Lazio,Lazio,5879082,1371468,23.33,0.32
669,2021-02-04,LAZ,6302,2481,3821,987,5315,ITI,ITI4,12,Lazio,Lazio,5879082,1377770,23.44,0.11
670,2021-01-22,LAZ,4002,1633,2369,487,3515,ITI,ITI4,12,Lazio,Lazio,5879082,1381772,23.5,0.07
671,2021-05-27,LAZ,56156,25363,30793,43794,12362,ITI,ITI4,12,Lazio,Lazio,5879082,1437928,24.46,0.96
672,2021-03-10,LAZ,22023,9489,12534,16377,5646,ITI,ITI4,12,Lazio,Lazio,5879082,1459951,24.83,0.37
673,2021-04-24,LAZ,33285,14979,18306,20538,12747,ITI,ITI4,12,Lazio,Lazio,5879082,1493236,25.4,0.57
674,2021-02-18,LAZ,10017,4976,5041,9208,809,ITI,ITI4,12,Lazio,Lazio,5879082,1503253,25.57,0.17
675,2021-02-19,LAZ,10048,5082,4966,9217,831,ITI,ITI4,12,Lazio,Lazio,5879082,1513301,25.74,0.17
676,2021-04-17,LAZ,32304,14175,18129,20357,11947,ITI,ITI4,12,Lazio,Lazio,5879082,1545605,26.29,0.55
677,2021-02-14,LAZ,5772,2370,3402,5302,470,ITI,ITI4,12,Lazio,Lazio,5879082,1551377,26.39,0.1
678,2021-05-06,LAZ,48623,22614,26009,31101,17522,ITI,ITI4,12,Lazio,Lazio,5879082,1600000,27.22,0.83
679,2021-04-29,LAZ,38557,17206,21351,25337,13220,ITI,ITI4,12,Lazio,Lazio,5879082,1638557,27.87,0.66
680,2021-01-02,LAZ,6707,2631,4076,6707,0,ITI,ITI4,12,Lazio,Lazio,5879082,1645264,27.99,0.11
681,2021-03-09,LAZ,20869,8938,11931,15672,5197,ITI,ITI4,12,Lazio,Lazio,5879082,1666133,28.34,0.35
682,2021-01-14,LAZ,5473,2142,3331,5473,0,ITI,ITI4,12,Lazio,Lazio,5879082,1671606,28.43,0.09
683,2021-03-04,LAZ,18653,8014,10639,13637,5016,ITI,ITI4,12,Lazio,Lazio,5879082,1690259,28.75,0.32
684,2021-04-23,LAZ,37639,18072,19567,22404,15235,ITI,ITI4,12,Lazio,Lazio,5879082,1727898,29.39,0.64
685,2021-01-04,LAZ,7481,2908,4573,7481,0,ITI,ITI4,12,Lazio,Lazio,5879082,1735379,29.52,0.13
686,2021-05-24,LAZ,42785,19157,23628,34001,8784,ITI,ITI4,12,Lazio,Lazio,5879082,1778164,30.25,0.73
687,2021-02-01,LAZ,5675,2177,3498,354,5321,ITI,ITI4,12,Lazio,Lazio,5879082,1783839,30.34,0.1
688,2021-01-07,LAZ,7747,2902,4845,7747,0,ITI,ITI4,12,Lazio,Lazio,5879082,1791586,30.47,0.13
689,2021-03-11,LAZ,23793,10582,13211,17564,6229,ITI,ITI4,12,Lazio,Lazio,5879082,1815379,30.88,0.4
690,2021-04-05,LAZ,19769,8992,10777,13591,6178,ITI,ITI4,12,Lazio,Lazio,5879082,1835148,31.21,0.34
691,2021-02-20,LAZ,9204,4273,4931,8437,767,ITI,ITI4,12,Lazio,Lazio,5879082,1844352,31.37,0.16
692,2021-05-03,LAZ,39101,17638,21463,26532,12569,ITI,ITI4,12,Lazio,Lazio,5879082,1883453,32.04,0.67
693,2021-05-09,LAZ,37523,17248,20275,26257,11266,ITI,ITI4,12,Lazio,Lazio,5879082,1920976,32.67,0.64
694,2021-01-03,LAZ,5250,1972,3278,5250,0,ITI,ITI4,12,Lazio,Lazio,5879082,1926226,32.76,0.09
695,2021-03-13,LAZ,21444,8427,13017,15550,5894,ITI,ITI4,12,Lazio,Lazio,5879082,1947670,33.13,0.36
696,2021-02-03,LAZ,6488,2488,4000,964,5524,ITI,ITI4,12,Lazio,Lazio,5879082,1954158,33.24,0.11
697,2021-03-24,LAZ,25877,11298,14579,19640,6237,ITI,ITI4,12,Lazio,Lazio,5879082,1980035,33.68,0.44
698,2021-03-23,LAZ,23495,10224,13271,16918,6577,ITI,ITI4,12,Lazio,Lazio,5879082,2003530,34.08,0.4
699,2021-02-06,LAZ,6136,2474,3662,817,5319,ITI,ITI4,12,Lazio,Lazio,5879082,2009666,34.18,0.1
700,2021-04-16,LAZ,34392,15674,18718,22333,12059,ITI,ITI4,12,Lazio,Lazio,5879082,2044058,34.77,0.58
701,2021-01-19,LAZ,4768,1954,2814,4314,454,ITI,ITI4,12,Lazio,Lazio,5879082,2048826,34.85,0.08
702,2021-02-05,LAZ,7278,2960,4318,1183,6095,ITI,ITI4,12,Lazio,Lazio,5879082,2056104,34.97,0.12
703,2021-04-15,LAZ,31907,14300,17607,21103,10804,ITI,ITI4,12,Lazio,Lazio,5879082,2088011,35.52,0.54
704,2021-03-25,LAZ,26914,11511,15403,20312,6602,ITI,ITI4,12,Lazio,Lazio,5879082,2114925,35.97,0.46
705,2021-03-27,LAZ,26009,10395,15614,19539,6470,ITI,ITI4,12,Lazio,Lazio,5879082,2140934,36.42,0.44
706,2021-01-18,LAZ,6267,2557,3710,5289,978,ITI,ITI4,12,Lazio,Lazio,5879082,2147201,36.52,0.11
707,2021-05-02,LAZ,32620,14333,18287,23259,9361,ITI,ITI4,12,Lazio,Lazio,5879082,2179821,37.08,0.55
708,2021-05-29,LAZ,51017,22748,28269,40707,10310,ITI,ITI4,12,Lazio,Lazio,5879082,2230838,37.95,0.87
709,2021-03-30,LAZ,25256,11584,13672,18108,7148,ITI,ITI4,12,Lazio,Lazio,5879082,2256094,38.37,0.43
710,2021-01-29,LAZ,8042,3079,4963,813,7229,ITI,ITI4,12,Lazio,Lazio,5879082,2264136,38.51,0.14
711,2021-05-17,LAZ,43773,19988,23785,35335,8438,ITI,ITI4,12,Lazio,Lazio,5879082,2307909,39.26,0.74
712,2021-02-11,LAZ,6998,3012,3986,6467,531,ITI,ITI4,12,Lazio,Lazio,5879082,2314907,39.38,0.12
713,2021-02-28,LAZ,10248,4007,6241,9734,514,ITI,ITI4,12,Lazio,Lazio,5879082,2325155,39.55,0.17
714,2021-05-16,LAZ,50893,24505,26388,37419,13474,ITI,ITI4,12,Lazio,Lazio,5879082,2376048,40.42,0.87
715,2021-01-01,LAZ,3554,1382,2172,3554,0,ITI,ITI4,12,Lazio,Lazio,5879082,2379602,40.48,0.06
716,2021-03-12,LAZ,22903,10130,12773,16589,6314,ITI,ITI4,12,Lazio,Lazio,5879082,2402505,40.87,0.39
717,2021-03-26,LAZ,28226,12252,15974,21383,6843,ITI,ITI4,12,Lazio,Lazio,5879082,2430731,41.35,0.48
718,2021-04-04,LAZ,17463,8036,9427,12197,5266,ITI,ITI4,12,Lazio,Lazio,5879082,2448194,41.64,0.3
719,2021-01-12,LAZ,5412,1981,3431,5412,0,ITI,ITI4,12,Lazio,Lazio,5879082,2453606,41.73,0.09
720,2021-01-23,LAZ,7212,2869,4343,583,6629,ITI,ITI4,12,Lazio,Lazio,5879082,2460818,41.86,0.12
721,2021-01-16,LAZ,5645,2280,3365,5645,0,ITI,ITI4,12,Lazio,Lazio,5879082,2466463,41.95,0.1
722,2021-05-12,LAZ,47395,21471,25924,30877,16518,ITI,ITI4,12,Lazio,Lazio,5879082,2513858,42.76,0.81
723,2021-05-04,LAZ,39752,18280,21472,26276,13476,ITI,ITI4,12,Lazio,Lazio,5879082,2553610,43.44,0.68
724,2021-05-11,LAZ,47900,21959,25941,31511,16389,ITI,ITI4,12,Lazio,Lazio,5879082,2601510,44.25,0.81
725,2021-01-15,LAZ,6573,2704,3869,6573,0,ITI,ITI4,12,Lazio,Lazio,5879082,2608083,44.36,0.11
726,2021-05-25,LAZ,46174,21179,24995,35418,10756,ITI,ITI4,12,Lazio,Lazio,5879082,2654257,45.15,0.79
727,2021-02-21,LAZ,6987,3179,3808,6525,462,ITI,ITI4,12,Lazio,Lazio,5879082,2661244,45.27,0.12
728,2021-04-01,LAZ,28404,13047,15357,21264,7140,ITI,ITI4,12,Lazio,Lazio,5879082,2689648,45.75,0.48
729,2021-05-14,LAZ,50728,23153,27575,32519,18209,ITI,ITI4,12,Lazio,Lazio,5879082,2740376,46.61,0.86
730,2021-02-15,LAZ,8024,3540,4484,7393,631,ITI,ITI4,12,Lazio,Lazio,5879082,2748400,46.75,0.14
731,2021-01-21,LAZ,5600,2348,3252,548,5052,ITI,ITI4,12,Lazio,Lazio,5879082,2754000,46.84,0.1
732,2021-05-30,LAZ,40996,17496,23500,33777,7219,ITI,ITI4,12,Lazio,Lazio,5879082,2794996,47.54,0.7
733,2021-02-02,LAZ,5909,2213,3696,637,5272,ITI,ITI4,12,Lazio,Lazio,5879082,2800905,47.64,0.1
734,2021-05-21,LAZ,50246,23622,26624,37391,12855,ITI,ITI4,12,Lazio,Lazio,5879082,2851151,48.5,0.85
735,2020-12-27,LAZ,274,132,142,274,0,ITI,ITI4,12,Lazio,Lazio,5879082,2851425,48.5,0.0
736,2021-04-03,LAZ,24687,11094,13593,17988,6699,ITI,ITI4,12,Lazio,Lazio,5879082,2876112,48.92,0.42
737,2021-02-12,LAZ,6843,2845,3998,6432,411,ITI,ITI4,12,Lazio,Lazio,5879082,2882955,49.04,0.12
738,2021-04-21,LAZ,32975,14973,18002,20613,12362,ITI,ITI4,12,Lazio,Lazio,5879082,2915930,49.6,0.56
739,2021-01-25,LAZ,8111,3246,4865,770,7341,ITI,ITI4,12,Lazio,Lazio,5879082,2924041,49.74,0.14
740,2021-04-30,LAZ,41232,18255,22977,27060,14172,ITI,ITI4,12,Lazio,Lazio,5879082,2965273,50.44,0.7
741,2021-02-26,LAZ,13075,5700,7375,11713,1362,ITI,ITI4,12,Lazio,Lazio,5879082,2978348,50.66,0.22
742,2021-04-12,LAZ,23758,10677,13081,16861,6897,ITI,ITI4,12,Lazio,Lazio,5879082,3002106,51.06,0.4
743,2021-02-17,LAZ,9181,4603,4578,8307,874,ITI,ITI4,12,Lazio,Lazio,5879082,3011287,51.22,0.16
744,2021-05-10,LAZ,44121,20108,24013,30750,13371,ITI,ITI4,12,Lazio,Lazio,5879082,3055408,51.97,0.75
745,2021-04-11,LAZ,19115,8431,10684,13234,5881,ITI,ITI4,12,Lazio,Lazio,5879082,3074523,52.3,0.33
746,2021-03-17,LAZ,13786,5896,7890,7531,6255,ITI,ITI4,12,Lazio,Lazio,5879082,3088309,52.53,0.23
747,2021-03-06,LAZ,18299,7049,11250,14042,4257,ITI,ITI4,12,Lazio,Lazio,5879082,3106608,52.84,0.31
748,2021-03-03,LAZ,17394,7437,9957,13100,4294,ITI,ITI4,12,Lazio,Lazio,5879082,3124002,53.14,0.3
749,2021-03-01,LAZ,17084,7344,9740,13199,3885,ITI,ITI4,12,Lazio,Lazio,5879082,3141086,53.43,0.29
750,2021-02-16,LAZ,8354,4033,4321,7749,605,ITI,ITI4,12,Lazio,Lazio,5879082,3149440,53.57,0.14
751,2021-01-06,LAZ,5122,1961,3161,5122,0,ITI,ITI4,12,Lazio,Lazio,5879082,3154562,53.66,0.09
752,2021-03-14,LAZ,17099,6612,10487,11945,5154,ITI,ITI4,12,Lazio,Lazio,5879082,3171661,53.95,0.29
753,2021-04-25,LAZ,24509,11238,13271,16699,7810,ITI,ITI4,12,Lazio,Lazio,5879082,3196170,54.37,0.42
754,2021-02-23,LAZ,11087,4780,6307,10326,761,ITI,ITI4,12,Lazio,Lazio,5879082,3207257,54.55,0.19
755,2021-04-22,LAZ,38527,18929,19598,23951,14576,ITI,ITI4,12,Lazio,Lazio,5879082,3245784,55.21,0.66
756,2021-03-31,LAZ,26108,12046,14062,19015,7093,ITI,ITI4,12,Lazio,Lazio,5879082,3271892,55.65,0.44
757,2021-01-08,LAZ,7728,2894,4834,7728,0,ITI,ITI4,12,Lazio,Lazio,5879082,3279620,55.78,0.13
758,2021-05-28,LAZ,55689,25483,30206,43248,12441,ITI,ITI4,12,Lazio,Lazio,5879082,3335309,56.73,0.95
759,2021-04-27,LAZ,30621,13817,16804,19778,10843,ITI,ITI4,12,Lazio,Lazio,5879082,3365930,57.25,0.52
760,2021-02-09,LAZ,8797,3768,5029,4580,4217,ITI,ITI4,12,Lazio,Lazio,5879082,3374727,57.4,0.15
761,2020-12-31,LAZ,5293,2121,3172,5293,0,ITI,ITI4,12,Lazio,Lazio,5879082,3380020,57.49,0.09
762,2021-01-04,PAB,508,201,307,508,0,ITH,ITH1,4,Provincia Autonoma Bolzano / Bozen,P.A. Bolzano,533050,508,0.1,0.1
763,2021-05-03,PAB,1829,846,983,417,1412,ITH,ITH1,4,Provincia Autonoma Bolzano / Bozen,P.A. Bolzano,533050,2337,0.44,0.34
764,2021-02-20,PAB,1802,540,1262,1784,18,ITH,ITH1,4,Provincia Autonoma Bolzano / Bozen,P.A. Bolzano,533050,4139,0.78,0.34
765,2021-03-11,PAB,1681,823,858,1143,538,ITH,ITH1,4,Provincia Autonoma Bolzano / Bozen,P.A. Bolzano,533050,5820,1.09,0.32
766,2021-04-23,PAB,4542,2151,2391,3251,1291,ITH,ITH1,4,Provincia Autonoma Bolzano / Bozen,P.A. Bolzano,533050,10362,1.94,0.85
767,2021-01-07,PAB,917,327,590,917,0,ITH,ITH1,4,Provincia Autonoma Bolzano / Bozen,P.A. Bolzano,533050,11279,2.12,0.17
768,2021-02-01,PAB,1452,440,1012,12,1440,ITH,ITH1,4,Provincia Autonoma Bolzano / Bozen,P.A. Bolzano,533050,12731,2.39,0.27
769,2021-05-24,PAB,1442,761,681,1109,333,ITH,ITH1,4,Provincia Autonoma Bolzano / Bozen,P.A. Bolzano,533050,14173,2.66,0.27
770,2021-04-05,PAB,301,144,157,23,278,ITH,ITH1,4,Provincia Autonoma Bolzano / Bozen,P.A. Bolzano,533050,14474,2.72,0.06
771,2021-02-06,PAB,2626,1171,1455,19,2607,ITH,ITH1,4,Provincia Autonoma Bolzano / Bozen,P.A. Bolzano,533050,17100,3.21,0.49
772,2021-04-17,PAB,5232,2598,2634,5188,44,ITH,ITH1,4,Provincia Autonoma Bolzano / Bozen,P.A. Bolzano,533050,22332,4.19,0.98
773,2021-05-02,PAB,2457,1288,1169,1536,921,ITH,ITH1,4,Provincia Autonoma Bolzano / Bozen,P.A. Bolzano,533050,24789,4.65,0.46
774,2021-04-30,PAB,3337,1592,1745,1562,1775,ITH,ITH1,4,Provincia Autonoma Bolzano / Bozen,P.A. Bolzano,533050,28126,5.28,0.63
775,2021-02-03,PAB,1503,478,1025,5,1498,ITH,ITH1,4,Provincia Autonoma Bolzano / Bozen,P.A. Bolzano,533050,29629,5.56,0.28
776,2021-02-26,PAB,1526,551,975,1496,30,ITH,ITH1,4,Provincia Autonoma Bolzano / Bozen,P.A. Bolzano,533050,31155,5.84,0.29
777,2021-03-06,PAB,3969,2079,1890,3758,211,ITH,ITH1,4,Provincia Autonoma Bolzano / Bozen,P.A. Bolzano,533050,35124,6.59,0.74
778,2021-01-22,PAB,248,143,105,124,124,ITH,ITH1,4,Provincia Autonoma Bolzano / Bozen,P.A. Bolzano,533050,35372,6.64,0.05
779,2021-03-13,PAB,2885,1459,1426,2784,101,ITH,ITH1,4,Provincia Autonoma Bolzano / Bozen,P.A. Bolzano,533050,38257,7.18,0.54
780,2021-04-16,PAB,2949,1418,1531,2438,511,ITH,ITH1,4,Provincia Autonoma Bolzano / Bozen,P.A. Bolzano,533050,41206,7.73,0.55
781,2021-02-05,PAB,3195,1181,2014,8,3187,ITH,ITH1,4,Provincia Autonoma Bolzano / Bozen,P.A. Bolzano,533050,44401,8.33,0.6
782,2021-01-19,PAB,853,371,482,723,130,ITH,ITH1,4,Provincia Autonoma Bolzano / Bozen,P.A. Bolzano,533050,45254,8.49,0.16
783,2021-04-10,PAB,5390,2664,2726,4802,588,ITH,ITH1,4,Provincia Autonoma Bolzano / Bozen,P.A. Bolzano,533050,50644,9.5,1.01
784,2021-04-22,PAB,2923,1500,1423,1981,942,ITH,ITH1,4,Provincia Autonoma Bolzano / Bozen,P.A. Bolzano,533050,53567,10.05,0.55
785,2021-03-01,PAB,922,221,701,921,1,ITH,ITH1,4,Provincia Autonoma Bolzano / Bozen,P.A. Bolzano,533050,54489,10.22,0.17
786,2021-02-16,PAB,530,205,325,530,0,ITH,ITH1,4,Provincia Autonoma Bolzano / Bozen,P.A. Bolzano,533050,55019,10.32,0.1
787,2021-01-06,PAB,59,18,41,59,0,ITH,ITH1,4,Provincia Autonoma Bolzano / Bozen,P.A. Bolzano,533050,55078,10.33,0.01
788,2021-04-03,PAB,831,364,467,22,809,ITH,ITH1,4,Provincia Autonoma Bolzano / Bozen,P.A. Bolzano,533050,55909,10.49,0.16
789,2021-03-10,PAB,1261,524,737,1118,143,ITH,ITH1,4,Provincia Autonoma Bolzano / Bozen,P.A. Bolzano,533050,57170,10.73,0.24
790,2021-05-17,PAB,3109,1499,1610,2425,684,ITH,ITH1,4,Provincia Autonoma Bolzano / Bozen,P.A. Bolzano,533050,60279,11.31,0.58
791,2021-05-14,PAB,5087,2290,2797,3071,2016,ITH,ITH1,4,Provincia Autonoma Bolzano / Bozen,P.A. Bolzano,533050,65366,12.26,0.95
792,2021-01-11,PAB,1570,513,1057,1570,0,ITH,ITH1,4,Provincia Autonoma Bolzano / Bozen,P.A. Bolzano,533050,66936,12.56,0.29
793,2021-01-02,PAB,91,48,43,91,0,ITH,ITH1,4,Provincia Autonoma Bolzano / Bozen,P.A. Bolzano,533050,67027,12.57,0.02
794,2021-04-09,PAB,2926,1292,1634,2196,730,ITH,ITH1,4,Provincia Autonoma Bolzano / Bozen,P.A. Bolzano,533050,69953,13.12,0.55
795,2021-02-14,PAB,297,130,167,297,0,ITH,ITH1,4,Provincia Autonoma Bolzano / Bozen,P.A. Bolzano,533050,70250,13.18,0.06
796,2020-12-30,PAB,388,182,206,388,0,ITH,ITH1,4,Provincia Autonoma Bolzano / Bozen,P.A. Bolzano,533050,70638,13.25,0.07
797,2021-02-08,PAB,2,1,1,1,1,ITH,ITH1,4,Provincia Autonoma Bolzano / Bozen,P.A. Bolzano,533050,70640,13.25,0.0
798,2021-01-14,PAB,1946,575,1371,1946,0,ITH,ITH1,4,Provincia Autonoma Bolzano / Bozen,P.A. Bolzano,533050,72586,13.62,0.37
799,2021-03-29,PAB,1171,499,672,412,759,ITH,ITH1,4,Provincia Autonoma Bolzano / Bozen,P.A. Bolzano,533050,73757,13.84,0.22
800,2021-03-15,PAB,1192,451,741,710,482,ITH,ITH1,4,Provincia Autonoma Bolzano / Bozen,P.A. Bolzano,533050,74949,14.06,0.22
801,2021-03-19,PAB,1906,773,1133,799,1107,ITH,ITH1,4,Provincia Autonoma Bolzano / Bozen,P.A. Bolzano,533050,76855,14.42,0.36
802,2021-05-25,PAB,3808,1967,1841,2935,873,ITH,ITH1,4,Provincia Autonoma Bolzano / Bozen,P.A. Bolzano,533050,80663,15.13,0.71
803,2021-02-02,PAB,1745,506,1239,8,1737,ITH,ITH1,4,Provincia Autonoma Bolzano / Bozen,P.A. Bolzano,533050,82408,15.46,0.33
804,2021-01-15,PAB,3282,1228,2054,3282,0,ITH,ITH1,4,Provincia Autonoma Bolzano / Bozen,P.A. Bolzano,533050,85690,16.08,0.62
805,2021-01-09,PAB,612,326,286,612,0,ITH,ITH1,4,Provincia Autonoma Bolzano / Bozen,P.A. Bolzano,533050,86302,16.19,0.11
806,2021-04-24,PAB,5104,2449,2655,4619,485,ITH,ITH1,4,Provincia Autonoma Bolzano / Bozen,P.A. Bolzano,533050,91406,17.15,0.96
807,2021-03-05,PAB,1839,625,1214,1397,442,ITH,ITH1,4,Provincia Autonoma Bolzano / Bozen,P.A. Bolzano,533050,93245,17.49,0.34
808,2021-05-06,PAB,5181,2747,2434,2612,2569,ITH,ITH1,4,Provincia Autonoma Bolzano / Bozen,P.A. Bolzano,533050,98426,18.46,0.97
809,2021-04-18,PAB,3110,1607,1503,2100,1010,ITH,ITH1,4,Provincia Autonoma Bolzano / Bozen,P.A. Bolzano,533050,101536,19.05,0.58
810,2021-05-27,PAB,6020,3161,2859,4016,2004,ITH,ITH1,4,Provincia Autonoma Bolzano / Bozen,P.A. Bolzano,533050,107556,20.18,1.13
811,2021-03-21,PAB,768,285,483,14,754,ITH,ITH1,4,Provincia Autonoma Bolzano / Bozen,P.A. Bolzano,533050,108324,20.32,0.14
812,2021-05-20,PAB,4678,2303,2375,3222,1456,ITH,ITH1,4,Provincia Autonoma Bolzano / Bozen,P.A. Bolzano,533050,113002,21.2,0.88
813,2021-01-13,PAB,1691,557,1134,1691,0,ITH,ITH1,4,Provincia Autonoma Bolzano / Bozen,P.A. Bolzano,533050,114693,21.52,0.32
814,2021-05-29,PAB,7123,3762,3361,3991,3132,ITH,ITH1,4,Provincia Autonoma Bolzano / Bozen,P.A. Bolzano,533050,121816,22.85,1.34
815,2021-03-27,PAB,3049,1553,1496,1543,1506,ITH,ITH1,4,Provincia Autonoma Bolzano / Bozen,P.A. Bolzano,533050,124865,23.42,0.57
816,2021-03-30,PAB,1298,532,766,218,1080,ITH,ITH1,4,Provincia Autonoma Bolzano / Bozen,P.A. Bolzano,533050,126163,23.67,0.24
817,2021-03-07,PAB,114,13,101,9,105,ITH,ITH1,4,Provincia Autonoma Bolzano / Bozen,P.A. Bolzano,533050,126277,23.69,0.02
818,2021-01-18,PAB,1772,687,1085,1767,5,ITH,ITH1,4,Provincia Autonoma Bolzano / Bozen,P.A. Bolzano,533050,128049,24.02,0.33
819,2021-04-14,PAB,3593,1645,1948,3502,91,ITH,ITH1,4,Provincia Autonoma Bolzano / Bozen,P.A. Bolzano,533050,131642,24.7,0.67
820,2021-03-04,PAB,1711,1001,710,1482,229,ITH,ITH1,4,Provincia Autonoma Bolzano / Bozen,P.A. Bolzano,533050,133353,25.02,0.32
821,2021-02-22,PAB,526,143,383,514,12,ITH,ITH1,4,Provincia Autonoma Bolzano / Bozen,P.A. Bolzano,533050,133879,25.12,0.1
822,2021-05-13,PAB,2980,1347,1633,1050,1930,ITH,ITH1,4,Provincia Autonoma Bolzano / Bozen,P.A. Bolzano,533050,136859,25.67,0.56
823,2021-04-02,PAB,2077,837,1240,720,1357,ITH,ITH1,4,Provincia Autonoma Bolzano / Bozen,P.A. Bolzano,533050,138936,26.06,0.39
824,2021-02-13,PAB,318,79,239,312,6,ITH,ITH1,4,Provincia Autonoma Bolzano / Bozen,P.A. Bolzano,533050,139254,26.12,0.06
825,2021-05-23,PAB,4332,2302,2030,4324,8,ITH,ITH1,4,Provincia Autonoma Bolzano / Bozen,P.A. Bolzano,533050,143586,26.94,0.81
826,2021-02-24,PAB,1367,406,961,1355,12,ITH,ITH1,4,Provincia Autonoma Bolzano / Bozen,P.A. Bolzano,533050,144953,27.19,0.26
827,2021-03-20,PAB,1757,848,909,1132,625,ITH,ITH1,4,Provincia Autonoma Bolzano / Bozen,P.A. Bolzano,533050,146710,27.52,0.33
828,2021-04-26,PAB,1543,771,772,1538,5,ITH,ITH1,4,Provincia Autonoma Bolzano / Bozen,P.A. Bolzano,533050,148253,27.81,0.29
829,2021-05-15,PAB,6995,3683,3312,6700,295,ITH,ITH1,4,Provincia Autonoma Bolzano / Bozen,P.A. Bolzano,533050,155248,29.12,1.31
830,2021-02-12,PAB,730,217,513,482,248,ITH,ITH1,4,Provincia Autonoma Bolzano / Bozen,P.A. Bolzano,533050,155978,29.26,0.14
831,2021-01-27,PAB,84,28,56,1,83,ITH,ITH1,4,Provincia Autonoma Bolzano / Bozen,P.A. Bolzano,533050,156062,29.28,0.02
832,2021-03-09,PAB,1194,543,651,1192,2,ITH,ITH1,4,Provincia Autonoma Bolzano / Bozen,P.A. Bolzano,533050,157256,29.5,0.22
833,2021-05-08,PAB,4426,2381,2045,3762,664,ITH,ITH1,4,Provincia Autonoma Bolzano / Bozen,P.A. Bolzano,533050,161682,30.33,0.83
834,2021-04-12,PAB,2105,946,1159,2098,7,ITH,ITH1,4,Provincia Autonoma Bolzano / Bozen,P.A. Bolzano,533050,163787,30.73,0.39
835,2021-04-08,PAB,2754,1336,1418,2551,203,ITH,ITH1,4,Provincia Autonoma Bolzano / Bozen,P.A. Bolzano,533050,166541,31.24,0.52
836,2021-03-02,PAB,695,200,495,693,2,ITH,ITH1,4,Provincia Autonoma Bolzano / Bozen,P.A. Bolzano,533050,167236,31.37,0.13
837,2021-01-10,PAB,2,2,0,2,0,ITH,ITH1,4,Provincia Autonoma Bolzano / Bozen,P.A. Bolzano,533050,167238,31.37,0.0
838,2021-03-31,PAB,1831,693,1138,820,1011,ITH,ITH1,4,Provincia Autonoma Bolzano / Bozen,P.A. Bolzano,533050,169069,31.72,0.34
839,2021-05-07,PAB,4181,2055,2126,3663,518,ITH,ITH1,4,Provincia Autonoma Bolzano / Bozen,P.A. Bolzano,533050,173250,32.5,0.78
840,2021-03-08,PAB,1200,526,674,1173,27,ITH,ITH1,4,Provincia Autonoma Bolzano / Bozen,P.A. Bolzano,533050,174450,32.73,0.23
841,2021-01-20,PAB,617,252,365,409,208,ITH,ITH1,4,Provincia Autonoma Bolzano / Bozen,P.A. Bolzano,533050,175067,32.84,0.12
842,2021-04-07,PAB,1777,802,975,1238,539,ITH,ITH1,4,Provincia Autonoma Bolzano / Bozen,P.A. Bolzano,533050,176844,33.18,0.33
843,2021-04-06,PAB,2249,1117,1132,2146,103,ITH,ITH1,4,Provincia Autonoma Bolzano / Bozen,P.A. Bolzano,533050,179093,33.6,0.42
844,2021-01-23,PAB,197,117,80,0,197,ITH,ITH1,4,Provincia Autonoma Bolzano / Bozen,P.A. Bolzano,533050,179290,33.63,0.04
845,2021-05-05,PAB,4154,1945,2209,2038,2116,ITH,ITH1,4,Provincia Autonoma Bolzano / Bozen,P.A. Bolzano,533050,183444,34.41,0.78
846,2021-02-27,PAB,2458,759,1699,2448,10,ITH,ITH1,4,Provincia Autonoma Bolzano / Bozen,P.A. Bolzano,533050,185902,34.88,0.46
847,2021-01-25,PAB,487,183,304,3,484,ITH,ITH1,4,Provincia Autonoma Bolzano / Bozen,P.A. Bolzano,533050,186389,34.97,0.09
848,2021-01-17,PAB,2328,1044,1284,2317,11,ITH,ITH1,4,Provincia Autonoma Bolzano / Bozen,P.A. Bolzano,533050,188717,35.4,0.44
849,2021-02-04,PAB,1958,593,1365,8,1950,ITH,ITH1,4,Provincia Autonoma Bolzano / Bozen,P.A. Bolzano,533050,190675,35.77,0.37
850,2021-01-28,PAB,871,308,563,10,861,ITH,ITH1,4,Provincia Autonoma Bolzano / Bozen,P.A. Bolzano,533050,191546,35.93,0.16
851,2021-03-22,PAB,1133,514,619,1129,4,ITH,ITH1,4,Provincia Autonoma Bolzano / Bozen,P.A. Bolzano,533050,192679,36.15,0.21
852,2021-02-09,PAB,317,126,191,1,316,ITH,ITH1,4,Provincia Autonoma Bolzano / Bozen,P.A. Bolzano,533050,192996,36.21,0.06
853,2021-03-17,PAB,581,213,368,580,1,ITH,ITH1,4,Provincia Autonoma Bolzano / Bozen,P.A. Bolzano,533050,193577,36.31,0.11
854,2021-04-11,PAB,2720,1291,1429,2543,177,ITH,ITH1,4,Provincia Autonoma Bolzano / Bozen,P.A. Bolzano,533050,196297,36.83,0.51
855,2021-02-25,PAB,1498,549,949,1497,1,ITH,ITH1,4,Provincia Autonoma Bolzano / Bozen,P.A. Bolzano,533050,197795,37.11,0.28
856,2021-03-03,PAB,1179,393,786,1166,13,ITH,ITH1,4,Provincia Autonoma Bolzano / Bozen,P.A. Bolzano,533050,198974,37.33,0.22
857,2021-04-25,PAB,3071,1496,1575,2400,671,ITH,ITH1,4,Provincia Autonoma Bolzano / Bozen,P.A. Bolzano,533050,202045,37.9,0.58
858,2021-02-18,PAB,1839,457,1382,1832,7,ITH,ITH1,4,Provincia Autonoma Bolzano / Bozen,P.A. Bolzano,533050,203884,38.25,0.34
859,2021-01-08,PAB,1521,479,1042,1521,0,ITH,ITH1,4,Provincia Autonoma Bolzano / Bozen,P.A. Bolzano,533050,205405,38.53,0.29
860,2020-12-31,PAB,912,518,394,912,0,ITH,ITH1,4,Provincia Autonoma Bolzano / Bozen,P.A. Bolzano,533050,206317,38.7,0.17
861,2021-02-19,PAB,2252,512,1740,2241,11,ITH,ITH1,4,Provincia Autonoma Bolzano / Bozen,P.A. Bolzano,533050,208569,39.13,0.42
862,2021-03-16,PAB,1290,532,758,124,1166,ITH,ITH1,4,Provincia Autonoma Bolzano / Bozen,P.A. Bolzano,533050,209859,39.37,0.24
863,2021-01-26,PAB,810,291,519,1,809,ITH,ITH1,4,Provincia Autonoma Bolzano / Bozen,P.A. Bolzano,533050,210669,39.52,0.15
864,2021-04-01,PAB,2786,1407,1379,2642,144,ITH,ITH1,4,Provincia Autonoma Bolzano / Bozen,P.A. Bolzano,533050,213455,40.04,0.52
865,2021-01-03,PAB,41,16,25,41,0,ITH,ITH1,4,Provincia Autonoma Bolzano / Bozen,P.A. Bolzano,533050,213496,40.05,0.01
866,2021-04-13,PAB,2391,1130,1261,2384,7,ITH,ITH1,4,Provincia Autonoma Bolzano / Bozen,P.A. Bolzano,533050,215887,40.5,0.45
867,2021-04-28,PAB,2460,1301,1159,2455,5,ITH,ITH1,4,Provincia Autonoma Bolzano / Bozen,P.A. Bolzano,533050,218347,40.96,0.46
868,2021-03-26,PAB,1644,721,923,511,1133,ITH,ITH1,4,Provincia Autonoma Bolzano / Bozen,P.A. Bolzano,533050,219991,41.27,0.31
869,2021-01-16,PAB,2840,1265,1575,2840,0,ITH,ITH1,4,Provincia Autonoma Bolzano / Bozen,P.A. Bolzano,533050,222831,41.8,0.53
870,2021-05-31,PAB,2982,1460,1522,2115,867,ITH,ITH1,4,Provincia Autonoma Bolzano / Bozen,P.A. Bolzano,533050,225813,42.36,0.56
871,2021-02-07,PAB,2361,1057,1304,14,2347,ITH,ITH1,4,Provincia Autonoma Bolzano / Bozen,P.A. Bolzano,533050,228174,42.81,0.44
872,2021-03-23,PAB,1552,759,793,1551,1,ITH,ITH1,4,Provincia Autonoma Bolzano / Bozen,P.A. Bolzano,533050,229726,43.1,0.29
873,2021-05-04,PAB,3447,1843,1604,2410,1037,ITH,ITH1,4,Provincia Autonoma Bolzano / Bozen,P.A. Bolzano,533050,233173,43.74,0.65
874,2021-05-11,PAB,2842,1334,1508,1320,1522,ITH,ITH1,4,Provincia Autonoma Bolzano / Bozen,P.A. Bolzano,533050,236015,44.28,0.53
875,2021-03-25,PAB,2141,1059,1082,1698,443,ITH,ITH1,4,Provincia Autonoma Bolzano / Bozen,P.A. Bolzano,533050,238156,44.68,0.4
876,2021-03-24,PAB,2041,978,1063,2028,13,ITH,ITH1,4,Provincia Autonoma Bolzano / Bozen,P.A. Bolzano,533050,240197,45.06,0.38
877,2021-05-01,PAB,2104,1067,1037,1944,160,ITH,ITH1,4,Provincia Autonoma Bolzano / Bozen,P.A. Bolzano,533050,242301,45.46,0.39
878,2021-01-05,PAB,830,286,544,830,0,ITH,ITH1,4,Provincia Autonoma Bolzano / Bozen,P.A. Bolzano,533050,243131,45.61,0.16
879,2021-01-21,PAB,953,442,511,139,814,ITH,ITH1,4,Provincia Autonoma Bolzano / Bozen,P.A. Bolzano,533050,244084,45.79,0.18
880,2020-12-27,PAB,144,65,79,144,0,ITH,ITH1,4,Provincia Autonoma Bolzano / Bozen,P.A. Bolzano,533050,244228,45.82,0.03
881,2021-05-30,PAB,4756,2513,2243,752,4004,ITH,ITH1,4,Provincia Autonoma Bolzano / Bozen,P.A. Bolzano,533050,248984,46.71,0.89
882,2021-05-21,PAB,6833,3730,3103,5056,1777,ITH,ITH1,4,Provincia Autonoma Bolzano / Bozen,P.A. Bolzano,533050,255817,47.99,1.28
883,2021-01-30,PAB,498,245,253,4,494,ITH,ITH1,4,Provincia Autonoma Bolzano / Bozen,P.A. Bolzano,533050,256315,48.08,0.09
884,2021-05-09,PAB,4234,2405,1829,3081,1153,ITH,ITH1,4,Provincia Autonoma Bolzano / Bozen,P.A. Bolzano,533050,260549,48.88,0.79
885,2021-03-14,PAB,758,336,422,25,733,ITH,ITH1,4,Provincia Autonoma Bolzano / Bozen,P.A. Bolzano,533050,261307,49.02,0.14
886,2021-01-24,PAB,12,10,2,0,12,ITH,ITH1,4,Provincia Autonoma Bolzano / Bozen,P.A. Bolzano,533050,261319,49.02,0.0
887,2021-04-21,PAB,3012,1468,1544,2164,848,ITH,ITH1,4,Provincia Autonoma Bolzano / Bozen,P.A. Bolzano,533050,264331,49.59,0.57
888,2021-02-17,PAB,156,51,105,139,17,ITH,ITH1,4,Provincia Autonoma Bolzano / Bozen,P.A. Bolzano,533050,264487,49.62,0.03
889,2021-05-28,PAB,5553,2818,2735,3707,1846,ITH,ITH1,4,Provincia Autonoma Bolzano / Bozen,P.A. Bolzano,533050,270040,50.66,1.04
890,2021-02-23,PAB,769,324,445,763,6,ITH,ITH1,4,Provincia Autonoma Bolzano / Bozen,P.A. Bolzano,533050,270809,50.8,0.14
891,2021-04-20,PAB,1560,783,777,1559,1,ITH,ITH1,4,Provincia Autonoma Bolzano / Bozen,P.A. Bolzano,533050,272369,51.1,0.29
892,2021-04-19,PAB,1871,858,1013,1689,182,ITH,ITH1,4,Provincia Autonoma Bolzano / Bozen,P.A. Bolzano,533050,274240,51.45,0.35
893,2021-05-10,PAB,3018,1300,1718,1413,1605,ITH,ITH1,4,Provincia Autonoma Bolzano / Bozen,P.A. Bolzano,533050,277258,52.01,0.57
894,2021-04-27,PAB,2226,1013,1213,1150,1076,ITH,ITH1,4,Provincia Autonoma Bolzano / Bozen,P.A. Bolzano,533050,279484,52.43,0.42
895,2021-04-15,PAB,4399,2307,2092,4136,263,ITH,ITH1,4,Provincia Autonoma Bolzano / Bozen,P.A. Bolzano,533050,283883,53.26,0.83
896,2021-03-28,PAB,569,212,357,11,558,ITH,ITH1,4,Provincia Autonoma Bolzano / Bozen,P.A. Bolzano,533050,284452,53.36,0.11
897,2021-05-19,PAB,3570,1816,1754,1807,1763,ITH,ITH1,4,Provincia Autonoma Bolzano / Bozen,P.A. Bolzano,533050,288022,54.03,0.67
898,2021-01-12,PAB,1709,459,1250,1709,0,ITH,ITH1,4,Provincia Autonoma Bolzano / Bozen,P.A. Bolzano,533050,289731,54.35,0.32
899,2021-05-22,PAB,6821,3552,3269,4654,2167,ITH,ITH1,4,Provincia Autonoma Bolzano / Bozen,P.A. Bolzano,533050,296552,55.63,1.28
900,2021-01-29,PAB,1497,510,987,24,1473,ITH,ITH1,4,Provincia Autonoma Bolzano / Bozen,P.A. Bolzano,533050,298049,55.91,0.28
901,2021-05-26,PAB,4798,2422,2376,2846,1952,ITH,ITH1,4,Provincia Autonoma Bolzano / Bozen,P.A. Bolzano,533050,302847,56.81,0.9
902,2021-03-18,PAB,1302,531,771,226,1076,ITH,ITH1,4,Provincia Autonoma Bolzano / Bozen,P.A. Bolzano,533050,304149,57.06,0.24
903,2021-02-11,PAB,1093,431,662,239,854,ITH,ITH1,4,Provincia Autonoma Bolzano / Bozen,P.A. Bolzano,533050,305242,57.26,0.21
904,2021-04-29,PAB,2630,1351,1279,1936,694,ITH,ITH1,4,Provincia Autonoma Bolzano / Bozen,P.A. Bolzano,533050,307872,57.76,0.49
905,2021-02-10,PAB,1635,604,1031,26,1609,ITH,ITH1,4,Provincia Autonoma Bolzano / Bozen,P.A. Bolzano,533050,309507,58.06,0.31
906,2021-05-16,PAB,2024,931,1093,1330,694,ITH,ITH1,4,Provincia Autonoma Bolzano / Bozen,P.A. Bolzano,533050,311531,58.44,0.38
907,2021-02-15,PAB,72,42,30,26,46,ITH,ITH1,4,Provincia Autonoma Bolzano / Bozen,P.A. Bolzano,533050,311603,58.46,0.01
908,2021-03-12,PAB,1664,734,930,1251,413,ITH,ITH1,4,Provincia Autonoma Bolzano / Bozen,P.A. Bolzano,533050,313267,58.77,0.31
909,2021-05-18,PAB,3304,1728,1576,2140,1164,ITH,ITH1,4,Provincia Autonoma Bolzano / Bozen,P.A. Bolzano,533050,316571,59.39,0.62
910,2021-01-01,PAB,6,5,1,6,0,ITH,ITH1,4,Provincia Autonoma Bolzano / Bozen,P.A. Bolzano,533050,316577,59.39,0.0
911,2021-05-12,PAB,3776,2048,1728,3623,153,ITH,ITH1,4,Provincia Autonoma Bolzano / Bozen,P.A. Bolzano,533050,320353,60.1,0.71
912,2021-03-21,PUG,2692,1226,1466,588,2104,ITF,ITF4,16,Puglia,Puglia,4029053,2692,0.07,0.07
913,2021-05-20,PUG,32562,14489,18073,20606,11956,ITF,ITF4,16,Puglia,Puglia,4029053,35254,0.87,0.81
914,2021-05-10,PUG,37302,16451,20851,19458,17844,ITF,ITF4,16,Puglia,Puglia,4029053,72556,1.8,0.93
915,2021-01-24,PUG,1669,749,920,153,1516,ITF,ITF4,16,Puglia,Puglia,4029053,74225,1.84,0.04
916,2021-04-20,PUG,21054,9771,11283,17611,3443,ITF,ITF4,16,Puglia,Puglia,4029053,95279,2.36,0.52
917,2021-03-05,PUG,17309,6865,10444,15070,2239,ITF,ITF4,16,Puglia,Puglia,4029053,112588,2.79,0.43
918,2021-01-30,PUG,5528,2515,3013,411,5117,ITF,ITF4,16,Puglia,Puglia,4029053,118116,2.93,0.14
919,2021-05-27,PUG,38412,17673,20739,22315,16097,ITF,ITF4,16,Puglia,Puglia,4029053,156528,3.88,0.95
920,2021-03-15,PUG,11781,5622,6159,5280,6501,ITF,ITF4,16,Puglia,Puglia,4029053,168309,4.18,0.29
921,2021-05-06,PUG,39240,17129,22111,19605,19635,ITF,ITF4,16,Puglia,Puglia,4029053,207549,5.15,0.97
922,2021-01-14,PUG,4069,1589,2480,4069,0,ITF,ITF4,16,Puglia,Puglia,4029053,211618,5.25,0.1
923,2021-03-03,PUG,16669,6705,9964,14757,1912,ITF,ITF4,16,Puglia,Puglia,4029053,228287,5.67,0.41
924,2021-04-14,PUG,31793,15011,16782,28487,3306,ITF,ITF4,16,Puglia,Puglia,4029053,260080,6.46,0.79
925,2021-01-13,PUG,4541,1731,2810,4541,0,ITF,ITF4,16,Puglia,Puglia,4029053,264621,6.57,0.11
926,2021-02-23,PUG,9349,4422,4927,8874,475,ITF,ITF4,16,Puglia,Puglia,4029053,273970,6.8,0.23
927,2021-03-07,PUG,4921,1943,2978,4350,571,ITF,ITF4,16,Puglia,Puglia,4029053,278891,6.92,0.12
928,2021-04-19,PUG,27533,12774,14759,24487,3046,ITF,ITF4,16,Puglia,Puglia,4029053,306424,7.61,0.68
929,2021-04-25,PUG,11188,5190,5998,10031,1157,ITF,ITF4,16,Puglia,Puglia,4029053,317612,7.88,0.28
930,2021-02-24,PUG,10034,4703,5331,9445,589,ITF,ITF4,16,Puglia,Puglia,4029053,327646,8.13,0.25
931,2021-01-29,PUG,6195,2661,3534,436,5759,ITF,ITF4,16,Puglia,Puglia,4029053,333841,8.29,0.15
932,2021-04-26,PUG,26063,11936,14127,22832,3231,ITF,ITF4,16,Puglia,Puglia,4029053,359904,8.93,0.65
933,2021-02-12,PUG,4164,1659,2505,3072,1092,ITF,ITF4,16,Puglia,Puglia,4029053,364068,9.04,0.1
934,2021-05-16,PUG,24327,10971,13356,12565,11762,ITF,ITF4,16,Puglia,Puglia,4029053,388395,9.64,0.6
935,2021-05-18,PUG,28163,12911,15252,15616,12547,ITF,ITF4,16,Puglia,Puglia,4029053,416558,10.34,0.7
936,2021-05-15,PUG,42872,18679,24193,23290,19582,ITF,ITF4,16,Puglia,Puglia,4029053,459430,11.4,1.06
937,2021-03-20,PUG,8255,3734,4521,3666,4589,ITF,ITF4,16,Puglia,Puglia,4029053,467685,11.61,0.2
938,2021-01-27,PUG,4580,1931,2649,611,3969,ITF,ITF4,16,Puglia,Puglia,4029053,472265,11.72,0.11
939,2021-03-18,PUG,9401,4254,5147,3284,6117,ITF,ITF4,16,Puglia,Puglia,4029053,481666,11.95,0.23
940,2021-05-23,PUG,17688,8275,9413,13891,3797,ITF,ITF4,16,Puglia,Puglia,4029053,499354,12.39,0.44
941,2021-05-13,PUG,38280,17027,21253,21248,17032,ITF,ITF4,16,Puglia,Puglia,4029053,537634,13.34,0.95
942,2021-02-13,PUG,3726,1455,2271,3031,695,ITF,ITF4,16,Puglia,Puglia,4029053,541360,13.44,0.09
943,2021-01-21,PUG,2132,904,1228,1271,861,ITF,ITF4,16,Puglia,Puglia,4029053,543492,13.49,0.05
944,2021-01-22,PUG,1409,578,831,991,418,ITF,ITF4,16,Puglia,Puglia,4029053,544901,13.52,0.03
945,2021-02-10,PUG,3643,1435,2208,2133,1510,ITF,ITF4,16,Puglia,Puglia,4029053,548544,13.61,0.09
946,2021-03-08,PUG,14604,6086,8518,12205,2399,ITF,ITF4,16,Puglia,Puglia,4029053,563148,13.98,0.36
947,2021-01-09,PUG,4885,2250,2635,4885,0,ITF,ITF4,16,Puglia,Puglia,4029053,568033,14.1,0.12
948,2021-05-07,PUG,49318,21993,27325,26080,23238,ITF,ITF4,16,Puglia,Puglia,4029053,617351,15.32,1.22
949,2021-05-08,PUG,53885,22789,31096,24280,29605,ITF,ITF4,16,Puglia,Puglia,4029053,671236,16.66,1.34
950,2021-05-26,PUG,37066,17411,19655,26040,11026,ITF,ITF4,16,Puglia,Puglia,4029053,708302,17.58,0.92
951,2021-02-15,PUG,3252,1268,1984,2632,620,ITF,ITF4,16,Puglia,Puglia,4029053,711554,17.66,0.08
952,2021-03-29,PUG,12881,6005,6876,6150,6731,ITF,ITF4,16,Puglia,Puglia,4029053,724435,17.98,0.32
953,2021-05-11,PUG,32211,14171,18040,13890,18321,ITF,ITF4,16,Puglia,Puglia,4029053,756646,18.78,0.8
954,2021-03-19,PUG,7953,3650,4303,3408,4545,ITF,ITF4,16,Puglia,Puglia,4029053,764599,18.98,0.2
955,2021-03-13,PUG,10383,4103,6280,8651,1732,ITF,ITF4,16,Puglia,Puglia,4029053,774982,19.23,0.26
956,2021-01-19,PUG,1221,452,769,1211,10,ITF,ITF4,16,Puglia,Puglia,4029053,776203,19.27,0.03
957,2021-03-17,PUG,10345,4702,5643,4171,6174,ITF,ITF4,16,Puglia,Puglia,4029053,786548,19.52,0.26
958,2021-05-24,PUG,34745,16097,18648,24292,10453,ITF,ITF4,16,Puglia,Puglia,4029053,821293,20.38,0.86
959,2021-03-02,PUG,16341,6068,10273,15041,1300,ITF,ITF4,16,Puglia,Puglia,4029053,837634,20.79,0.41
960,2021-01-04,PUG,4506,2015,2491,4506,0,ITF,ITF4,16,Puglia,Puglia,4029053,842140,20.9,0.11
961,2021-04-07,PUG,15327,6790,8537,8657,6670,ITF,ITF4,16,Puglia,Puglia,4029053,857467,21.28,0.38
962,2021-01-28,PUG,5472,2277,3195,471,5001,ITF,ITF4,16,Puglia,Puglia,4029053,862939,21.42,0.14
963,2021-04-11,PUG,16443,7240,9203,14787,1656,ITF,ITF4,16,Puglia,Puglia,4029053,879382,21.83,0.41
964,2021-02-03,PUG,5036,2005,3031,730,4306,ITF,ITF4,16,Puglia,Puglia,4029053,884418,21.95,0.12
965,2021-01-23,PUG,3040,1294,1746,886,2154,ITF,ITF4,16,Puglia,Puglia,4029053,887458,22.03,0.08
966,2021-02-26,PUG,13715,5027,8688,12681,1034,ITF,ITF4,16,Puglia,Puglia,4029053,901173,22.37,0.34
967,2021-04-08,PUG,17443,7569,9874,11270,6173,ITF,ITF4,16,Puglia,Puglia,4029053,918616,22.8,0.43
968,2020-12-31,PUG,1634,782,852,1634,0,ITF,ITF4,16,Puglia,Puglia,4029053,920250,22.84,0.04
969,2021-01-18,PUG,1845,770,1075,1496,349,ITF,ITF4,16,Puglia,Puglia,4029053,922095,22.89,0.05
970,2021-01-06,PUG,3946,1669,2277,3946,0,ITF,ITF4,16,Puglia,Puglia,4029053,926041,22.98,0.1
971,2021-04-22,PUG,22894,10460,12434,18028,4866,ITF,ITF4,16,Puglia,Puglia,4029053,948935,23.55,0.57
972,2021-03-06,PUG,15974,5967,10007,13887,2087,ITF,ITF4,16,Puglia,Puglia,4029053,964909,23.95,0.4
973,2021-03-27,PUG,12138,5702,6436,6977,5161,ITF,ITF4,16,Puglia,Puglia,4029053,977047,24.25,0.3
974,2021-05-29,PUG,28808,13582,15226,19985,8823,ITF,ITF4,16,Puglia,Puglia,4029053,1005855,24.97,0.72
975,2021-01-08,PUG,5597,2347,3250,5597,0,ITF,ITF4,16,Puglia,Puglia,4029053,1011452,25.1,0.14
976,2021-03-01,PUG,15090,5861,9229,13720,1370,ITF,ITF4,16,Puglia,Puglia,4029053,1026542,25.48,0.37
977,2021-02-09,PUG,3840,1570,2270,2168,1672,ITF,ITF4,16,Puglia,Puglia,4029053,1030382,25.57,0.1
978,2021-04-30,PUG,34613,15477,19136,22678,11935,ITF,ITF4,16,Puglia,Puglia,4029053,1064995,26.43,0.86
979,2021-01-31,PUG,1812,827,985,74,1738,ITF,ITF4,16,Puglia,Puglia,4029053,1066807,26.48,0.04
980,2021-04-04,PUG,5942,2951,2991,5937,5,ITF,ITF4,16,Puglia,Puglia,4029053,1072749,26.63,0.15
981,2021-02-28,PUG,6045,1806,4239,5859,186,ITF,ITF4,16,Puglia,Puglia,4029053,1078794,26.78,0.15
982,2021-03-26,PUG,11538,5420,6118,6893,4645,ITF,ITF4,16,Puglia,Puglia,4029053,1090332,27.06,0.29
983,2021-01-20,PUG,1545,540,1005,1537,8,ITF,ITF4,16,Puglia,Puglia,4029053,1091877,27.1,0.04
984,2021-04-05,PUG,12687,6164,6523,12153,534,ITF,ITF4,16,Puglia,Puglia,4029053,1104564,27.41,0.31
985,2021-01-02,PUG,2949,1301,1648,2949,0,ITF,ITF4,16,Puglia,Puglia,4029053,1107513,27.49,0.07
986,2021-01-11,PUG,3753,1588,2165,3753,0,ITF,ITF4,16,Puglia,Puglia,4029053,1111266,27.58,0.09
987,2021-02-21,PUG,2175,472,1703,2114,61,ITF,ITF4,16,Puglia,Puglia,4029053,1113441,27.64,0.05
988,2021-01-16,PUG,2507,1033,1474,2507,0,ITF,ITF4,16,Puglia,Puglia,4029053,1115948,27.7,0.06
989,2021-05-25,PUG,33370,15177,18193,20381,12989,ITF,ITF4,16,Puglia,Puglia,4029053,1149318,28.53,0.83
990,2021-02-02,PUG,4343,1845,2498,593,3750,ITF,ITF4,16,Puglia,Puglia,4029053,1153661,28.63,0.11
991,2021-04-01,PUG,13504,6158,7346,7161,6343,ITF,ITF4,16,Puglia,Puglia,4029053,1167165,28.97,0.34
992,2021-01-15,PUG,4552,1866,2686,4552,0,ITF,ITF4,16,Puglia,Puglia,4029053,1171717,29.08,0.11
993,2021-05-14,PUG,44557,20318,24239,28507,16050,ITF,ITF4,16,Puglia,Puglia,4029053,1216274,30.19,1.11
994,2021-03-11,PUG,14381,6195,8186,11273,3108,ITF,ITF4,16,Puglia,Puglia,4029053,1230655,30.54,0.36
995,2020-12-27,PUG,509,252,257,509,0,ITF,ITF4,16,Puglia,Puglia,4029053,1231164,30.56,0.01
996,2021-04-18,PUG,22532,10773,11759,21467,1065,ITF,ITF4,16,Puglia,Puglia,4029053,1253696,31.12,0.56
997,2021-02-17,PUG,4272,1744,2528,3670,602,ITF,ITF4,16,Puglia,Puglia,4029053,1257968,31.22,0.11
998,2021-05-09,PUG,30462,12477,17985,14920,15542,ITF,ITF4,16,Puglia,Puglia,4029053,1288430,31.98,0.76
999,2021-03-23,PUG,10411,4999,5412,3941,6470,ITF,ITF4,16,Puglia,Puglia,4029053,1298841,32.24,0.26
1000,2021-04-21,PUG,23051,10635,12416,19318,3733,ITF,ITF4,16,Puglia,Puglia,4029053,1321892,32.81,0.57
1001,2021-03-24,PUG,12976,5983,6993,5719,7257,ITF,ITF4,16,Puglia,Puglia,4029053,1334868,33.13,0.32
1002,2021-05-04,PUG,34762,14662,20100,18374,16388,ITF,ITF4,16,Puglia,Puglia,4029053,1369630,33.99,0.86
1003,2021-05-28,PUG,41320,19247,22073,26688,14632,ITF,ITF4,16,Puglia,Puglia,4029053,1410950,35.02,1.03
1004,2021-04-27,PUG,26510,12000,14510,20925,5585,ITF,ITF4,16,Puglia,Puglia,4029053,1437460,35.68,0.66
1005,2021-04-24,PUG,29228,13302,15926,25285,3943,ITF,ITF4,16,Puglia,Puglia,4029053,1466688,36.4,0.73
1006,2021-03-14,PUG,3319,1429,1890,2508,811,ITF,ITF4,16,Puglia,Puglia,4029053,1470007,36.49,0.08
1007,2021-02-16,PUG,3379,1452,1927,2735,644,ITF,ITF4,16,Puglia,Puglia,4029053,1473386,36.57,0.08
1008,2021-05-12,PUG,36154,16067,20087,23785,12369,ITF,ITF4,16,Puglia,Puglia,4029053,1509540,37.47,0.9
1009,2021-04-02,PUG,12589,5764,6825,8070,4519,ITF,ITF4,16,Puglia,Puglia,4029053,1522129,37.78,0.31
1010,2021-01-01,PUG,148,61,87,148,0,ITF,ITF4,16,Puglia,Puglia,4029053,1522277,37.78,0.0
1011,2021-01-12,PUG,4212,1772,2440,4212,0,ITF,ITF4,16,Puglia,Puglia,4029053,1526489,37.89,0.1
1012,2021-03-04,PUG,15113,5903,9210,13715,1398,ITF,ITF4,16,Puglia,Puglia,4029053,1541602,38.26,0.38
1013,2021-01-25,PUG,3823,1680,2143,423,3400,ITF,ITF4,16,Puglia,Puglia,4029053,1545425,38.36,0.09
1014,2021-02-11,PUG,3701,1402,2299,2423,1278,ITF,ITF4,16,Puglia,Puglia,4029053,1549126,38.45,0.09
1015,2021-04-29,PUG,25920,11997,13923,19265,6655,ITF,ITF4,16,Puglia,Puglia,4029053,1575046,39.09,0.64
1016,2021-04-12,PUG,29086,13700,15386,26261,2825,ITF,ITF4,16,Puglia,Puglia,4029053,1604132,39.81,0.72
1017,2021-03-09,PUG,13291,5790,7501,11283,2008,ITF,ITF4,16,Puglia,Puglia,4029053,1617423,40.14,0.33
1018,2021-03-12,PUG,13929,6107,7822,10004,3925,ITF,ITF4,16,Puglia,Puglia,4029053,1631352,40.49,0.35
1019,2021-02-20,PUG,2969,1080,1889,2713,256,ITF,ITF4,16,Puglia,Puglia,4029053,1634321,40.56,0.07
1020,2021-01-07,PUG,5717,2457,3260,5717,0,ITF,ITF4,16,Puglia,Puglia,4029053,1640038,40.71,0.14
1021,2021-02-01,PUG,3965,1659,2306,375,3590,ITF,ITF4,16,Puglia,Puglia,4029053,1644003,40.8,0.1
1022,2021-05-30,PUG,19907,9520,10387,15147,4760,ITF,ITF4,16,Puglia,Puglia,4029053,1663910,41.3,0.49
1023,2021-05-21,PUG,37705,17645,20060,28086,9619,ITF,ITF4,16,Puglia,Puglia,4029053,1701615,42.23,0.94
1024,2021-02-08,PUG,3992,1610,2382,1597,2395,ITF,ITF4,16,Puglia,Puglia,4029053,1705607,42.33,0.1
1025,2021-02-22,PUG,9629,4536,5093,9297,332,ITF,ITF4,16,Puglia,Puglia,4029053,1715236,42.57,0.24
1026,2021-03-31,PUG,14048,6357,7691,8493,5555,ITF,ITF4,16,Puglia,Puglia,4029053,1729284,42.92,0.35
1027,2021-04-10,PUG,30717,13027,17690,26494,4223,ITF,ITF4,16,Puglia,Puglia,4029053,1760001,43.68,0.76
1028,2021-02-05,PUG,5635,2273,3362,1333,4302,ITF,ITF4,16,Puglia,Puglia,4029053,1765636,43.82,0.14
1029,2021-03-22,PUG,9349,4554,4795,3705,5644,ITF,ITF4,16,Puglia,Puglia,4029053,1774985,44.05,0.23
1030,2021-02-06,PUG,4546,1928,2618,1590,2956,ITF,ITF4,16,Puglia,Puglia,4029053,1779531,44.17,0.11
1031,2021-04-16,PUG,35829,16833,18996,32548,3281,ITF,ITF4,16,Puglia,Puglia,4029053,1815360,45.06,0.89
1032,2021-05-05,PUG,38789,16950,21839,24664,14125,ITF,ITF4,16,Puglia,Puglia,4029053,1854149,46.02,0.96
1033,2021-01-17,PUG,1308,590,718,1239,69,ITF,ITF4,16,Puglia,Puglia,4029053,1855457,46.05,0.03
1034,2021-02-27,PUG,14212,4812,9400,12987,1225,ITF,ITF4,16,Puglia,Puglia,4029053,1869669,46.4,0.35
1035,2021-02-04,PUG,5926,2366,3560,1195,4731,ITF,ITF4,16,Puglia,Puglia,4029053,1875595,46.55,0.15
1036,2021-05-17,PUG,32184,14744,17440,20555,11629,ITF,ITF4,16,Puglia,Puglia,4029053,1907779,47.35,0.8
1037,2021-05-22,PUG,33985,15571,18414,23792,10193,ITF,ITF4,16,Puglia,Puglia,4029053,1941764,48.19,0.84
1038,2021-04-03,PUG,10542,4634,5908,6988,3554,ITF,ITF4,16,Puglia,Puglia,4029053,1952306,48.46,0.26
1039,2021-02-18,PUG,4378,1846,2532,3774,604,ITF,ITF4,16,Puglia,Puglia,4029053,1956684,48.56,0.11
1040,2021-05-02,PUG,21250,9639,11611,14001,7249,ITF,ITF4,16,Puglia,Puglia,4029053,1977934,49.09,0.53
1041,2021-05-19,PUG,25605,12139,13466,19315,6290,ITF,ITF4,16,Puglia,Puglia,4029053,2003539,49.73,0.64
1042,2021-04-15,PUG,32368,15094,17274,28869,3499,ITF,ITF4,16,Puglia,Puglia,4029053,2035907,50.53,0.8
1043,2021-03-10,PUG,14407,6248,8159,11289,3118,ITF,ITF4,16,Puglia,Puglia,4029053,2050314,50.89,0.36
1044,2021-03-28,PUG,3527,1650,1877,1202,2325,ITF,ITF4,16,Puglia,Puglia,4029053,2053841,50.98,0.09
1045,2021-04-17,PUG,39821,18866,20955,36255,3566,ITF,ITF4,16,Puglia,Puglia,4029053,2093662,51.96,0.99
1046,2021-04-06,PUG,13578,6025,7553,6828,6750,ITF,ITF4,16,Puglia,Puglia,4029053,2107240,52.3,0.34
1047,2021-05-31,PUG,32474,15324,17150,20661,11813,ITF,ITF4,16,Puglia,Puglia,4029053,2139714,53.11,0.81
1048,2021-02-19,PUG,4730,2009,2721,4338,392,ITF,ITF4,16,Puglia,Puglia,4029053,2144444,53.22,0.12
1049,2021-04-28,PUG,19681,8812,10869,14931,4750,ITF,ITF4,16,Puglia,Puglia,4029053,2164125,53.71,0.49
1050,2021-01-03,PUG,2007,943,1064,2007,0,ITF,ITF4,16,Puglia,Puglia,4029053,2166132,53.76,0.05
1051,2021-02-14,PUG,787,348,439,663,124,ITF,ITF4,16,Puglia,Puglia,4029053,2166919,53.78,0.02
1052,2021-04-09,PUG,21838,9390,12448,17217,4621,ITF,ITF4,16,Puglia,Puglia,4029053,2188757,54.32,0.54
1053,2021-02-25,PUG,11956,5052,6904,10792,1164,ITF,ITF4,16,Puglia,Puglia,4029053,2200713,54.62,0.3
1054,2021-03-16,PUG,9866,4684,5182,3509,6357,ITF,ITF4,16,Puglia,Puglia,4029053,2210579,54.87,0.24
1055,2021-03-30,PUG,11869,5493,6376,5974,5895,ITF,ITF4,16,Puglia,Puglia,4029053,2222448,55.16,0.29
1056,2021-05-03,PUG,33074,14759,18315,22460,10614,ITF,ITF4,16,Puglia,Puglia,4029053,2255522,55.98,0.82
1057,2021-04-13,PUG,28615,13561,15054,25218,3397,ITF,ITF4,16,Puglia,Puglia,4029053,2284137,56.69,0.71
1058,2021-01-10,PUG,2348,1061,1287,2348,0,ITF,ITF4,16,Puglia,Puglia,4029053,2286485,56.75,0.06
1059,2020-12-30,PUG,1,0,1,1,0,ITF,ITF4,16,Puglia,Puglia,4029053,2286486,56.75,0.0
1060,2021-02-07,PUG,1579,669,910,253,1326,ITF,ITF4,16,Puglia,Puglia,4029053,2288065,56.79,0.04
1061,2021-01-05,PUG,5104,2249,2855,5104,0,ITF,ITF4,16,Puglia,Puglia,4029053,2293169,56.92,0.13
1062,2021-05-01,PUG,27447,12573,14874,16803,10644,ITF,ITF4,16,Puglia,Puglia,4029053,2320616,57.6,0.68
1063,2021-01-26,PUG,5359,2397,2962,570,4789,ITF,ITF4,16,Puglia,Puglia,4029053,2325975,57.73,0.13
1064,2021-03-25,PUG,10889,5291,5598,4655,6234,ITF,ITF4,16,Puglia,Puglia,4029053,2336864,58.0,0.27
1065,2021-04-23,PUG,29292,13609,15683,24087,5205,ITF,ITF4,16,Puglia,Puglia,4029053,2366156,58.73,0.73
1066,2021-04-15,BAS,3386,1659,1727,2632,754,ITF,ITF5,17,Basilicata,Basilicata,559084,3386,0.61,0.61
1067,2021-05-23,BAS,4605,2324,2281,1551,3054,ITF,ITF5,17,Basilicata,Basilicata,559084,7991,1.43,0.82
1068,2021-03-10,BAS,1676,839,837,837,839,ITF,ITF5,17,Basilicata,Basilicata,559084,9667,1.73,0.3
1069,2021-05-16,BAS,4969,2466,2503,2858,2111,ITF,ITF5,17,Basilicata,Basilicata,559084,14636,2.62,0.89
1070,2021-01-26,BAS,797,352,445,101,696,ITF,ITF5,17,Basilicata,Basilicata,559084,15433,2.76,0.14
1071,2021-01-31,BAS,77,24,53,0,77,ITF,ITF5,17,Basilicata,Basilicata,559084,15510,2.77,0.01
1072,2021-04-13,BAS,2115,1053,1062,1295,820,ITF,ITF5,17,Basilicata,Basilicata,559084,17625,3.15,0.38
1073,2021-05-08,BAS,4838,2399,2439,3431,1407,ITF,ITF5,17,Basilicata,Basilicata,559084,22463,4.02,0.87
1074,2021-03-08,BAS,1454,709,745,843,611,ITF,ITF5,17,Basilicata,Basilicata,559084,23917,4.28,0.26
1075,2021-03-27,BAS,2229,851,1378,1816,413,ITF,ITF5,17,Basilicata,Basilicata,559084,26146,4.68,0.4
1076,2021-02-10,BAS,547,237,310,495,52,ITF,ITF5,17,Basilicata,Basilicata,559084,26693,4.77,0.1
1077,2021-01-29,BAS,615,230,385,63,552,ITF,ITF5,17,Basilicata,Basilicata,559084,27308,4.88,0.11
1078,2021-05-19,BAS,2870,1498,1372,1194,1676,ITF,ITF5,17,Basilicata,Basilicata,559084,30178,5.4,0.51
1079,2021-02-07,BAS,373,159,214,49,324,ITF,ITF5,17,Basilicata,Basilicata,559084,30551,5.46,0.07
1080,2021-03-28,BAS,2139,741,1398,2122,17,ITF,ITF5,17,Basilicata,Basilicata,559084,32690,5.85,0.38
1081,2021-03-20,BAS,1287,567,720,275,1012,ITF,ITF5,17,Basilicata,Basilicata,559084,33977,6.08,0.23
1082,2021-02-24,BAS,1803,743,1060,1734,69,ITF,ITF5,17,Basilicata,Basilicata,559084,35780,6.4,0.32
1083,2021-04-06,BAS,1267,462,805,1083,184,ITF,ITF5,17,Basilicata,Basilicata,559084,37047,6.63,0.23
1084,2021-04-26,BAS,4465,2164,2301,4245,220,ITF,ITF5,17,Basilicata,Basilicata,559084,41512,7.43,0.8
1085,2021-05-13,BAS,5982,2966,3016,3385,2597,ITF,ITF5,17,Basilicata,Basilicata,559084,47494,8.49,1.07
1086,2021-05-14,BAS,5906,2797,3109,3374,2532,ITF,ITF5,17,Basilicata,Basilicata,559084,53400,9.55,1.06
1087,2021-01-17,BAS,328,133,195,327,1,ITF,ITF5,17,Basilicata,Basilicata,559084,53728,9.61,0.06
1088,2021-03-19,BAS,2290,992,1298,262,2028,ITF,ITF5,17,Basilicata,Basilicata,559084,56018,10.02,0.41
1089,2021-05-20,BAS,5856,2965,2891,2891,2965,ITF,ITF5,17,Basilicata,Basilicata,559084,61874,11.07,1.05
1090,2021-01-21,BAS,30,10,20,30,0,ITF,ITF5,17,Basilicata,Basilicata,559084,61904,11.07,0.01
1091,2021-04-11,BAS,867,339,528,805,62,ITF,ITF5,17,Basilicata,Basilicata,559084,62771,11.23,0.16
1092,2021-03-21,BAS,1046,481,565,352,694,ITF,ITF5,17,Basilicata,Basilicata,559084,63817,11.41,0.19
1093,2021-03-05,BAS,1855,857,998,1109,746,ITF,ITF5,17,Basilicata,Basilicata,559084,65672,11.75,0.33
1094,2021-02-26,BAS,2149,904,1245,2069,80,ITF,ITF5,17,Basilicata,Basilicata,559084,67821,12.13,0.38
1095,2021-01-25,BAS,1023,429,594,74,949,ITF,ITF5,17,Basilicata,Basilicata,559084,68844,12.31,0.18
1096,2021-04-12,BAS,2207,1056,1151,1715,492,ITF,ITF5,17,Basilicata,Basilicata,559084,71051,12.71,0.39
1097,2021-01-07,BAS,640,319,321,640,0,ITF,ITF5,17,Basilicata,Basilicata,559084,71691,12.82,0.11
1098,2021-02-23,BAS,1901,771,1130,1763,138,ITF,ITF5,17,Basilicata,Basilicata,559084,73592,13.16,0.34
1099,2021-05-27,BAS,3601,1855,1746,1077,2524,ITF,ITF5,17,Basilicata,Basilicata,559084,77193,13.81,0.64
1100,2021-03-03,BAS,1744,814,930,1186,558,ITF,ITF5,17,Basilicata,Basilicata,559084,78937,14.12,0.31
1101,2021-04-17,BAS,3461,1655,1806,2199,1262,ITF,ITF5,17,Basilicata,Basilicata,559084,82398,14.74,0.62
1102,2021-04-04,BAS,610,225,385,197,413,ITF,ITF5,17,Basilicata,Basilicata,559084,83008,14.85,0.11
1103,2021-05-07,BAS,4645,2283,2362,3289,1356,ITF,ITF5,17,Basilicata,Basilicata,559084,87653,15.68,0.83
1104,2021-03-06,BAS,1353,535,818,758,595,ITF,ITF5,17,Basilicata,Basilicata,559084,89006,15.92,0.24
1105,2021-01-22,BAS,67,24,43,67,0,ITF,ITF5,17,Basilicata,Basilicata,559084,89073,15.93,0.01
1106,2021-04-22,BAS,5035,2345,2690,3433,1602,ITF,ITF5,17,Basilicata,Basilicata,559084,94108,16.83,0.9
1107,2021-02-15,BAS,622,232,390,580,42,ITF,ITF5,17,Basilicata,Basilicata,559084,94730,16.94,0.11
1108,2021-05-15,BAS,6527,3341,3186,3955,2572,ITF,ITF5,17,Basilicata,Basilicata,559084,101257,18.11,1.17
1109,2021-05-31,BAS,4037,1921,2116,1676,2361,ITF,ITF5,17,Basilicata,Basilicata,559084,105294,18.83,0.72
1110,2021-03-13,BAS,1796,889,907,751,1045,ITF,ITF5,17,Basilicata,Basilicata,559084,107090,19.15,0.32
1111,2021-05-30,BAS,2773,1421,1352,923,1850,ITF,ITF5,17,Basilicata,Basilicata,559084,109863,19.65,0.5
1112,2021-02-09,BAS,491,213,278,316,175,ITF,ITF5,17,Basilicata,Basilicata,559084,110354,19.74,0.09
1113,2021-03-25,BAS,1879,601,1278,1533,346,ITF,ITF5,17,Basilicata,Basilicata,559084,112233,20.07,0.34
1114,2021-03-16,BAS,1903,801,1102,228,1675,ITF,ITF5,17,Basilicata,Basilicata,559084,114136,20.41,0.34
1115,2021-01-09,BAS,557,160,397,557,0,ITF,ITF5,17,Basilicata,Basilicata,559084,114693,20.51,0.1
1116,2021-01-05,BAS,946,409,537,946,0,ITF,ITF5,17,Basilicata,Basilicata,559084,115639,20.68,0.17
1117,2021-01-20,BAS,84,22,62,84,0,ITF,ITF5,17,Basilicata,Basilicata,559084,115723,20.7,0.02
1118,2021-01-27,BAS,411,175,236,113,298,ITF,ITF5,17,Basilicata,Basilicata,559084,116134,20.77,0.07
1119,2021-05-21,BAS,4579,2324,2255,1498,3081,ITF,ITF5,17,Basilicata,Basilicata,559084,120713,21.59,0.82
1120,2021-03-09,BAS,1393,708,685,789,604,ITF,ITF5,17,Basilicata,Basilicata,559084,122106,21.84,0.25
1121,2021-03-23,BAS,1584,608,976,1409,175,ITF,ITF5,17,Basilicata,Basilicata,559084,123690,22.12,0.28
1122,2021-01-02,BAS,949,380,569,949,0,ITF,ITF5,17,Basilicata,Basilicata,559084,124639,22.29,0.17
1123,2021-05-10,BAS,4806,2383,2423,2766,2040,ITF,ITF5,17,Basilicata,Basilicata,559084,129445,23.15,0.86
1124,2020-12-27,BAS,106,41,65,106,0,ITF,ITF5,17,Basilicata,Basilicata,559084,129551,23.17,0.02
1125,2021-05-01,BAS,4703,2135,2568,3952,751,ITF,ITF5,17,Basilicata,Basilicata,559084,134254,24.01,0.84
1126,2021-04-20,BAS,4033,1920,2113,2202,1831,ITF,ITF5,17,Basilicata,Basilicata,559084,138287,24.73,0.72
1127,2021-05-02,BAS,4180,2001,2179,3552,628,ITF,ITF5,17,Basilicata,Basilicata,559084,142467,25.48,0.75
1128,2021-05-09,BAS,4687,2342,2345,2992,1695,ITF,ITF5,17,Basilicata,Basilicata,559084,147154,26.32,0.84
1129,2021-05-22,BAS,5556,2761,2795,2005,3551,ITF,ITF5,17,Basilicata,Basilicata,559084,152710,27.31,0.99
1130,2021-01-15,BAS,813,350,463,813,0,ITF,ITF5,17,Basilicata,Basilicata,559084,153523,27.46,0.15
1131,2021-04-08,BAS,764,348,416,754,10,ITF,ITF5,17,Basilicata,Basilicata,559084,154287,27.6,0.14
1132,2021-03-11,BAS,1789,923,866,830,959,ITF,ITF5,17,Basilicata,Basilicata,559084,156076,27.92,0.32
1133,2021-04-19,BAS,4164,1910,2254,2527,1637,ITF,ITF5,17,Basilicata,Basilicata,559084,160240,28.66,0.74
1134,2021-05-25,BAS,4191,2107,2084,873,3318,ITF,ITF5,17,Basilicata,Basilicata,559084,164431,29.41,0.75
1135,2021-01-11,BAS,183,66,117,183,0,ITF,ITF5,17,Basilicata,Basilicata,559084,164614,29.44,0.03
1136,2021-01-28,BAS,903,401,502,119,784,ITF,ITF5,17,Basilicata,Basilicata,559084,165517,29.61,0.16
1137,2021-04-14,BAS,2055,998,1057,1381,674,ITF,ITF5,17,Basilicata,Basilicata,559084,167572,29.97,0.37
1138,2021-03-02,BAS,794,383,411,659,135,ITF,ITF5,17,Basilicata,Basilicata,559084,168366,30.11,0.14
1139,2021-01-14,BAS,969,413,556,969,0,ITF,ITF5,17,Basilicata,Basilicata,559084,169335,30.29,0.17
1140,2021-01-18,BAS,463,157,306,364,99,ITF,ITF5,17,Basilicata,Basilicata,559084,169798,30.37,0.08
1141,2021-03-07,BAS,887,309,578,849,38,ITF,ITF5,17,Basilicata,Basilicata,559084,170685,30.53,0.16
1142,2021-02-11,BAS,951,401,550,868,83,ITF,ITF5,17,Basilicata,Basilicata,559084,171636,30.7,0.17
1143,2021-01-12,BAS,217,88,129,217,0,ITF,ITF5,17,Basilicata,Basilicata,559084,171853,30.74,0.04
1144,2021-04-07,BAS,1218,549,669,1181,37,ITF,ITF5,17,Basilicata,Basilicata,559084,173071,30.96,0.22
1145,2021-01-23,BAS,719,303,416,33,686,ITF,ITF5,17,Basilicata,Basilicata,559084,173790,31.08,0.13
1146,2021-04-09,BAS,1152,350,802,1089,63,ITF,ITF5,17,Basilicata,Basilicata,559084,174942,31.29,0.21
1147,2021-05-03,BAS,4513,2043,2470,3686,827,ITF,ITF5,17,Basilicata,Basilicata,559084,179455,32.1,0.81
1148,2021-03-04,BAS,1879,892,987,1084,795,ITF,ITF5,17,Basilicata,Basilicata,559084,181334,32.43,0.34
1149,2021-02-14,BAS,151,48,103,151,0,ITF,ITF5,17,Basilicata,Basilicata,559084,181485,32.46,0.03
1150,2021-05-12,BAS,4722,2324,2398,2839,1883,ITF,ITF5,17,Basilicata,Basilicata,559084,186207,33.31,0.84
1151,2021-02-19,BAS,1622,737,885,1560,62,ITF,ITF5,17,Basilicata,Basilicata,559084,187829,33.6,0.29
1152,2021-04-28,BAS,4704,2158,2546,4263,441,ITF,ITF5,17,Basilicata,Basilicata,559084,192533,34.44,0.84
1153,2021-01-08,BAS,554,219,335,554,0,ITF,ITF5,17,Basilicata,Basilicata,559084,193087,34.54,0.1
1154,2021-02-20,BAS,1161,531,630,1043,118,ITF,ITF5,17,Basilicata,Basilicata,559084,194248,34.74,0.21
1155,2021-03-26,BAS,1957,703,1254,1696,261,ITF,ITF5,17,Basilicata,Basilicata,559084,196205,35.09,0.35
1156,2021-04-05,BAS,723,233,490,421,302,ITF,ITF5,17,Basilicata,Basilicata,559084,196928,35.22,0.13
1157,2021-04-25,BAS,2985,1458,1527,2932,53,ITF,ITF5,17,Basilicata,Basilicata,559084,199913,35.76,0.53
1158,2021-01-04,BAS,607,271,336,607,0,ITF,ITF5,17,Basilicata,Basilicata,559084,200520,35.87,0.11
1159,2021-02-01,BAS,242,91,151,46,196,ITF,ITF5,17,Basilicata,Basilicata,559084,200762,35.91,0.04
1160,2021-05-24,BAS,4825,2340,2485,1103,3722,ITF,ITF5,17,Basilicata,Basilicata,559084,205587,36.77,0.86
1161,2021-04-01,BAS,2808,1134,1674,2091,717,ITF,ITF5,17,Basilicata,Basilicata,559084,208395,37.27,0.5
1162,2021-03-12,BAS,1901,978,923,802,1099,ITF,ITF5,17,Basilicata,Basilicata,559084,210296,37.61,0.34
1163,2021-01-19,BAS,199,84,115,199,0,ITF,ITF5,17,Basilicata,Basilicata,559084,210495,37.65,0.04
1164,2021-01-16,BAS,721,304,417,721,0,ITF,ITF5,17,Basilicata,Basilicata,559084,211216,37.78,0.13
1165,2021-04-30,BAS,5284,2373,2911,4121,1163,ITF,ITF5,17,Basilicata,Basilicata,559084,216500,38.72,0.95
1166,2021-04-21,BAS,3921,1835,2086,2271,1650,ITF,ITF5,17,Basilicata,Basilicata,559084,220421,39.43,0.7
1167,2021-05-04,BAS,4132,1989,2143,3609,523,ITF,ITF5,17,Basilicata,Basilicata,559084,224553,40.16,0.74
1168,2021-03-14,BAS,1008,477,531,539,469,ITF,ITF5,17,Basilicata,Basilicata,559084,225561,40.34,0.18
1169,2021-02-12,BAS,775,332,443,744,31,ITF,ITF5,17,Basilicata,Basilicata,559084,226336,40.48,0.14
1170,2021-04-24,BAS,4544,2197,2347,3532,1012,ITF,ITF5,17,Basilicata,Basilicata,559084,230880,41.3,0.81
1171,2021-03-17,BAS,1452,609,843,27,1425,ITF,ITF5,17,Basilicata,Basilicata,559084,232332,41.56,0.26
1172,2021-02-16,BAS,905,377,528,807,98,ITF,ITF5,17,Basilicata,Basilicata,559084,233237,41.72,0.16
1173,2021-05-11,BAS,2654,1353,1301,1621,1033,ITF,ITF5,17,Basilicata,Basilicata,559084,235891,42.19,0.47
1174,2021-02-27,BAS,1992,860,1132,1828,164,ITF,ITF5,17,Basilicata,Basilicata,559084,237883,42.55,0.36
1175,2021-01-06,BAS,294,129,165,294,0,ITF,ITF5,17,Basilicata,Basilicata,559084,238177,42.6,0.05
1176,2021-03-01,BAS,547,284,263,381,166,ITF,ITF5,17,Basilicata,Basilicata,559084,238724,42.7,0.1
1177,2021-02-17,BAS,1135,493,642,1059,76,ITF,ITF5,17,Basilicata,Basilicata,559084,239859,42.9,0.2
1178,2021-02-04,BAS,1096,442,654,63,1033,ITF,ITF5,17,Basilicata,Basilicata,559084,240955,43.1,0.2
1179,2021-05-28,BAS,3610,1805,1805,950,2660,ITF,ITF5,17,Basilicata,Basilicata,559084,244565,43.74,0.65
1180,2021-03-31,BAS,3095,1258,1837,2313,782,ITF,ITF5,17,Basilicata,Basilicata,559084,247660,44.3,0.55
1181,2021-02-18,BAS,1070,401,669,855,215,ITF,ITF5,17,Basilicata,Basilicata,559084,248730,44.49,0.19
1182,2021-04-27,BAS,4725,2242,2483,4400,325,ITF,ITF5,17,Basilicata,Basilicata,559084,253455,45.33,0.85
1183,2021-03-18,BAS,1349,563,786,25,1324,ITF,ITF5,17,Basilicata,Basilicata,559084,254804,45.58,0.24
1184,2021-05-17,BAS,5542,2735,2807,3409,2133,ITF,ITF5,17,Basilicata,Basilicata,559084,260346,46.57,0.99
1185,2021-02-28,BAS,804,343,461,775,29,ITF,ITF5,17,Basilicata,Basilicata,559084,261150,46.71,0.14
1186,2021-05-06,BAS,5053,2435,2618,3484,1569,ITF,ITF5,17,Basilicata,Basilicata,559084,266203,47.61,0.9
1187,2021-04-29,BAS,4830,2384,2446,4409,421,ITF,ITF5,17,Basilicata,Basilicata,559084,271033,48.48,0.86
1188,2021-02-21,BAS,284,113,171,284,0,ITF,ITF5,17,Basilicata,Basilicata,559084,271317,48.53,0.05
1189,2021-02-25,BAS,1787,736,1051,1741,46,ITF,ITF5,17,Basilicata,Basilicata,559084,273104,48.85,0.32
1190,2021-02-22,BAS,1790,773,1017,1737,53,ITF,ITF5,17,Basilicata,Basilicata,559084,274894,49.17,0.32
1191,2021-02-08,BAS,557,193,364,151,406,ITF,ITF5,17,Basilicata,Basilicata,559084,275451,49.27,0.1
1192,2021-05-26,BAS,4470,2246,2224,1706,2764,ITF,ITF5,17,Basilicata,Basilicata,559084,279921,50.07,0.8
1193,2021-03-15,BAS,2352,983,1369,521,1831,ITF,ITF5,17,Basilicata,Basilicata,559084,282273,50.49,0.42
1194,2021-04-18,BAS,3720,1847,1873,2353,1367,ITF,ITF5,17,Basilicata,Basilicata,559084,285993,51.15,0.67
1195,2021-03-29,BAS,2435,881,1554,2149,286,ITF,ITF5,17,Basilicata,Basilicata,559084,288428,51.59,0.44
1196,2021-04-03,BAS,1807,749,1058,1472,335,ITF,ITF5,17,Basilicata,Basilicata,559084,290235,51.91,0.32
1197,2021-02-02,BAS,367,143,224,175,192,ITF,ITF5,17,Basilicata,Basilicata,559084,290602,51.98,0.07
1198,2021-05-18,BAS,5897,2856,3041,3403,2494,ITF,ITF5,17,Basilicata,Basilicata,559084,296499,53.03,1.05
1199,2021-01-03,BAS,901,344,557,901,0,ITF,ITF5,17,Basilicata,Basilicata,559084,297400,53.19,0.16
1200,2021-04-23,BAS,4536,2185,2351,3536,1000,ITF,ITF5,17,Basilicata,Basilicata,559084,301936,54.01,0.81
1201,2021-01-30,BAS,704,227,477,128,576,ITF,ITF5,17,Basilicata,Basilicata,559084,302640,54.13,0.13
1202,2021-02-03,BAS,666,300,366,32,634,ITF,ITF5,17,Basilicata,Basilicata,559084,303306,54.25,0.12
1203,2021-05-05,BAS,4333,2048,2285,3443,890,ITF,ITF5,17,Basilicata,Basilicata,559084,307639,55.03,0.78
1204,2021-03-30,BAS,2739,1156,1583,2394,345,ITF,ITF5,17,Basilicata,Basilicata,559084,310378,55.52,0.49
1205,2021-01-10,BAS,77,24,53,77,0,ITF,ITF5,17,Basilicata,Basilicata,559084,310455,55.53,0.01
1206,2021-02-05,BAS,984,443,541,64,920,ITF,ITF5,17,Basilicata,Basilicata,559084,311439,55.71,0.18
1207,2021-01-13,BAS,916,387,529,916,0,ITF,ITF5,17,Basilicata,Basilicata,559084,312355,55.87,0.16
1208,2021-05-29,BAS,3012,1511,1501,831,2181,ITF,ITF5,17,Basilicata,Basilicata,559084,315367,56.41,0.54
1209,2021-02-06,BAS,902,367,535,146,756,ITF,ITF5,17,Basilicata,Basilicata,559084,316269,56.57,0.16
1210,2021-04-16,BAS,3319,1632,1687,2421,898,ITF,ITF5,17,Basilicata,Basilicata,559084,319588,57.16,0.59
1211,2021-02-13,BAS,799,313,486,738,61,ITF,ITF5,17,Basilicata,Basilicata,559084,320387,57.31,0.14
1212,2021-03-24,BAS,1745,680,1065,1350,395,ITF,ITF5,17,Basilicata,Basilicata,559084,322132,57.62,0.31
1213,2021-04-02,BAS,2318,1046,1272,1714,604,ITF,ITF5,17,Basilicata,Basilicata,559084,324450,58.03,0.41
1214,2021-01-24,BAS,837,300,537,58,779,ITF,ITF5,17,Basilicata,Basilicata,559084,325287,58.18,0.15
1215,2021-03-22,BAS,1175,531,644,628,547,ITF,ITF5,17,Basilicata,Basilicata,559084,326462,58.39,0.21
1216,2021-04-10,BAS,1032,378,654,950,82,ITF,ITF5,17,Basilicata,Basilicata,559084,327494,58.58,0.18
1217,2021-04-23,TOS,25675,11428,14247,9361,16314,ITI,ITI1,9,Toscana,Toscana,3729641,25675,0.69,0.69
1218,2021-01-04,TOS,5065,1894,3171,5065,0,ITI,ITI1,9,Toscana,Toscana,3729641,30740,0.82,0.14
1219,2021-03-03,TOS,18192,6509,11683,14586,3606,ITI,ITI1,9,Toscana,Toscana,3729641,48932,1.31,0.49
1220,2021-03-11,TOS,15495,5993,9502,12169,3326,ITI,ITI1,9,Toscana,Toscana,3729641,64427,1.73,0.42
1221,2021-02-20,TOS,4640,1789,2851,4127,513,ITI,ITI1,9,Toscana,Toscana,3729641,69067,1.85,0.12
1222,2021-01-19,TOS,1104,531,573,1104,0,ITI,ITI1,9,Toscana,Toscana,3729641,70171,1.88,0.03
1223,2021-03-18,TOS,9970,3981,5989,6005,3965,ITI,ITI1,9,Toscana,Toscana,3729641,80141,2.15,0.27
1224,2021-04-25,TOS,11054,5248,5806,8917,2137,ITI,ITI1,9,Toscana,Toscana,3729641,91195,2.45,0.3
1225,2021-02-13,TOS,7785,2360,5425,7558,227,ITI,ITI1,9,Toscana,Toscana,3729641,98980,2.65,0.21
1226,2021-02-01,TOS,5509,1958,3551,521,4988,ITI,ITI1,9,Toscana,Toscana,3729641,104489,2.8,0.15
1227,2021-05-24,TOS,33367,16400,16967,24090,9277,ITI,ITI1,9,Toscana,Toscana,3729641,137856,3.7,0.89
1228,2021-02-25,TOS,10635,4306,6329,9636,999,ITI,ITI1,9,Toscana,Toscana,3729641,148491,3.98,0.29
1229,2021-04-05,TOS,15279,6823,8456,14542,737,ITI,ITI1,9,Toscana,Toscana,3729641,163770,4.39,0.41
1230,2021-01-03,TOS,3335,1051,2284,3335,0,ITI,ITI1,9,Toscana,Toscana,3729641,167105,4.48,0.09
1231,2021-02-06,TOS,4527,1550,2977,1294,3233,ITI,ITI1,9,Toscana,Toscana,3729641,171632,4.6,0.12
1232,2021-05-02,TOS,11167,4931,6236,9204,1963,ITI,ITI1,9,Toscana,Toscana,3729641,182799,4.9,0.3
1233,2021-04-13,TOS,8490,3508,4982,6032,2458,ITI,ITI1,9,Toscana,Toscana,3729641,191289,5.13,0.23
1234,2021-05-26,TOS,35171,16770,18401,20167,15004,ITI,ITI1,9,Toscana,Toscana,3729641,226460,6.07,0.94
1235,2021-04-17,TOS,20533,9206,11327,18411,2122,ITI,ITI1,9,Toscana,Toscana,3729641,246993,6.62,0.55
1236,2021-02-26,TOS,10076,3833,6243,8870,1206,ITI,ITI1,9,Toscana,Toscana,3729641,257069,6.89,0.27
1237,2021-03-08,TOS,6371,2630,3741,1551,4820,ITI,ITI1,9,Toscana,Toscana,3729641,263440,7.06,0.17
1238,2021-02-03,TOS,4221,1452,2769,241,3980,ITI,ITI1,9,Toscana,Toscana,3729641,267661,7.18,0.11
1239,2021-01-22,TOS,2866,1064,1802,528,2338,ITI,ITI1,9,Toscana,Toscana,3729641,270527,7.25,0.08
1240,2021-02-12,TOS,7606,2683,4923,7393,213,ITI,ITI1,9,Toscana,Toscana,3729641,278133,7.46,0.2
1241,2021-05-29,TOS,31208,15086,16122,23271,7937,ITI,ITI1,9,Toscana,Toscana,3729641,309341,8.29,0.84
1242,2021-04-22,TOS,35720,15302,20418,18280,17440,ITI,ITI1,9,Toscana,Toscana,3729641,345061,9.25,0.96
1243,2021-05-07,TOS,32056,14668,17388,11986,20070,ITI,ITI1,9,Toscana,Toscana,3729641,377117,10.11,0.86
1244,2021-04-16,TOS,28950,12887,16063,22045,6905,ITI,ITI1,9,Toscana,Toscana,3729641,406067,10.89,0.78
1245,2021-03-30,TOS,16861,7498,9363,13297,3564,ITI,ITI1,9,Toscana,Toscana,3729641,422928,11.34,0.45
1246,2021-03-02,TOS,10598,3798,6800,7154,3444,ITI,ITI1,9,Toscana,Toscana,3729641,433526,11.62,0.28
1247,2021-01-24,TOS,3349,1073,2276,201,3148,ITI,ITI1,9,Toscana,Toscana,3729641,436875,11.71,0.09
1248,2021-03-25,TOS,23613,10124,13489,15275,8338,ITI,ITI1,9,Toscana,Toscana,3729641,460488,12.35,0.63
1249,2021-03-22,TOS,4890,2451,2439,4446,444,ITI,ITI1,9,Toscana,Toscana,3729641,465378,12.48,0.13
1250,2021-04-08,TOS,29655,12538,17117,23275,6380,ITI,ITI1,9,Toscana,Toscana,3729641,495033,13.27,0.8
1251,2021-01-14,TOS,3255,1179,2076,3255,0,ITI,ITI1,9,Toscana,Toscana,3729641,498288,13.36,0.09
1252,2021-05-06,TOS,31291,13599,17692,14171,17120,ITI,ITI1,9,Toscana,Toscana,3729641,529579,14.2,0.84
1253,2021-01-23,TOS,3949,1354,2595,640,3309,ITI,ITI1,9,Toscana,Toscana,3729641,533528,14.31,0.11
1254,2021-02-15,TOS,8771,3375,5396,7946,825,ITI,ITI1,9,Toscana,Toscana,3729641,542299,14.54,0.24
1255,2021-03-19,TOS,10136,4457,5679,7271,2865,ITI,ITI1,9,Toscana,Toscana,3729641,552435,14.81,0.27
1256,2021-03-04,TOS,17625,6759,10866,14543,3082,ITI,ITI1,9,Toscana,Toscana,3729641,570060,15.28,0.47
1257,2021-04-14,TOS,20156,8334,11822,15048,5108,ITI,ITI1,9,Toscana,Toscana,3729641,590216,15.83,0.54
1258,2021-04-19,TOS,9097,4506,4591,8069,1028,ITI,ITI1,9,Toscana,Toscana,3729641,599313,16.07,0.24
1259,2021-04-29,TOS,39341,17711,21630,19237,20104,ITI,ITI1,9,Toscana,Toscana,3729641,638654,17.12,1.05
1260,2021-05-13,TOS,34803,15293,19510,13720,21083,ITI,ITI1,9,Toscana,Toscana,3729641,673457,18.06,0.93
1261,2021-01-17,TOS,2536,871,1665,2023,513,ITI,ITI1,9,Toscana,Toscana,3729641,675993,18.12,0.07
1262,2021-03-28,TOS,6212,2808,3404,5958,254,ITI,ITI1,9,Toscana,Toscana,3729641,682205,18.29,0.17
1263,2021-05-19,TOS,27755,13434,14321,18865,8890,ITI,ITI1,9,Toscana,Toscana,3729641,709960,19.04,0.74
1264,2021-04-26,TOS,10153,4943,5210,7598,2555,ITI,ITI1,9,Toscana,Toscana,3729641,720113,19.31,0.27
1265,2021-05-04,TOS,18300,8207,10093,12853,5447,ITI,ITI1,9,Toscana,Toscana,3729641,738413,19.8,0.49
1266,2021-05-30,TOS,28429,13832,14597,21609,6820,ITI,ITI1,9,Toscana,Toscana,3729641,766842,20.56,0.76
1267,2021-04-02,TOS,31944,13534,18410,23921,8023,ITI,ITI1,9,Toscana,Toscana,3729641,798786,21.42,0.86
1268,2021-03-15,TOS,8356,3332,5024,3914,4442,ITI,ITI1,9,Toscana,Toscana,3729641,807142,21.64,0.22
1269,2021-04-03,TOS,15013,6646,8367,13887,1126,ITI,ITI1,9,Toscana,Toscana,3729641,822155,22.04,0.4
1270,2021-02-18,TOS,8819,3284,5535,7924,895,ITI,ITI1,9,Toscana,Toscana,3729641,830974,22.28,0.24
1271,2021-05-10,TOS,26137,12350,13787,15521,10616,ITI,ITI1,9,Toscana,Toscana,3729641,857111,22.98,0.7
1272,2021-01-21,TOS,1589,686,903,867,722,ITI,ITI1,9,Toscana,Toscana,3729641,858700,23.02,0.04
1273,2021-05-21,TOS,28598,13225,15373,17445,11153,ITI,ITI1,9,Toscana,Toscana,3729641,887298,23.79,0.77
1274,2021-03-27,TOS,8860,4150,4710,8645,215,ITI,ITI1,9,Toscana,Toscana,3729641,896158,24.03,0.24
1275,2021-01-15,TOS,3878,1347,2531,3878,0,ITI,ITI1,9,Toscana,Toscana,3729641,900036,24.13,0.1
1276,2021-03-20,TOS,6489,2883,3606,5353,1136,ITI,ITI1,9,Toscana,Toscana,3729641,906525,24.31,0.17
1277,2021-05-28,TOS,29732,13663,16069,17461,12271,ITI,ITI1,9,Toscana,Toscana,3729641,936257,25.1,0.8
1278,2021-02-24,TOS,10372,4467,5905,10171,201,ITI,ITI1,9,Toscana,Toscana,3729641,946629,25.38,0.28
1279,2021-02-17,TOS,8175,3169,5006,7423,752,ITI,ITI1,9,Toscana,Toscana,3729641,954804,25.6,0.22
1280,2021-04-09,TOS,24531,10545,13986,21122,3409,ITI,ITI1,9,Toscana,Toscana,3729641,979335,26.26,0.66
1281,2021-02-23,TOS,7721,3324,4397,7560,161,ITI,ITI1,9,Toscana,Toscana,3729641,987056,26.47,0.21
1282,2021-05-31,TOS,29226,13990,15236,18905,10321,ITI,ITI1,9,Toscana,Toscana,3729641,1016282,27.25,0.78
1283,2021-03-07,TOS,5647,2357,3290,2105,3542,ITI,ITI1,9,Toscana,Toscana,3729641,1021929,27.4,0.15
1284,2021-01-13,TOS,4062,1398,2664,4062,0,ITI,ITI1,9,Toscana,Toscana,3729641,1025991,27.51,0.11
1285,2021-02-16,TOS,9279,3339,5940,8558,721,ITI,ITI1,9,Toscana,Toscana,3729641,1035270,27.76,0.25
1286,2021-04-04,TOS,13910,6601,7309,13657,253,ITI,ITI1,9,Toscana,Toscana,3729641,1049180,28.13,0.37
1287,2021-01-09,TOS,4485,1596,2889,4485,0,ITI,ITI1,9,Toscana,Toscana,3729641,1053665,28.25,0.12
1288,2021-03-01,TOS,4472,1733,2739,832,3640,ITI,ITI1,9,Toscana,Toscana,3729641,1058137,28.37,0.12
1289,2021-04-18,TOS,8338,4083,4255,7342,996,ITI,ITI1,9,Toscana,Toscana,3729641,1066475,28.59,0.22
1290,2021-05-20,TOS,29445,13649,15796,18896,10549,ITI,ITI1,9,Toscana,Toscana,3729641,1095920,29.38,0.79
1291,2021-01-07,TOS,6018,1751,4267,6018,0,ITI,ITI1,9,Toscana,Toscana,3729641,1101938,29.55,0.16
1292,2021-03-31,TOS,32574,13135,19439,20418,12156,ITI,ITI1,9,Toscana,Toscana,3729641,1134512,30.42,0.87
1293,2021-04-24,TOS,13433,6163,7270,5989,7444,ITI,ITI1,9,Toscana,Toscana,3729641,1147945,30.78,0.36
1294,2021-05-17,TOS,29477,14631,14846,20806,8671,ITI,ITI1,9,Toscana,Toscana,3729641,1177422,31.57,0.79
1295,2021-01-16,TOS,3271,1046,2225,3271,0,ITI,ITI1,9,Toscana,Toscana,3729641,1180693,31.66,0.09
1296,2021-02-28,TOS,1649,667,982,922,727,ITI,ITI1,9,Toscana,Toscana,3729641,1182342,31.7,0.04
1297,2021-04-06,TOS,22169,9773,12396,18455,3714,ITI,ITI1,9,Toscana,Toscana,3729641,1204511,32.3,0.59
1298,2021-02-04,TOS,4253,1594,2659,961,3292,ITI,ITI1,9,Toscana,Toscana,3729641,1208764,32.41,0.11
1299,2021-01-31,TOS,3050,1129,1921,106,2944,ITI,ITI1,9,Toscana,Toscana,3729641,1211814,32.49,0.08
1300,2021-03-26,TOS,20404,9160,11244,14644,5760,ITI,ITI1,9,Toscana,Toscana,3729641,1232218,33.04,0.55
1301,2021-04-01,TOS,26904,11107,15797,16301,10603,ITI,ITI1,9,Toscana,Toscana,3729641,1259122,33.76,0.72
1302,2021-02-21,TOS,5105,2089,3016,4935,170,ITI,ITI1,9,Toscana,Toscana,3729641,1264227,33.9,0.14
1303,2021-01-10,TOS,3001,1104,1897,3001,0,ITI,ITI1,9,Toscana,Toscana,3729641,1267228,33.98,0.08
1304,2021-01-20,TOS,1331,637,694,1083,248,ITI,ITI1,9,Toscana,Toscana,3729641,1268559,34.01,0.04
1305,2021-01-28,TOS,6282,1882,4400,354,5928,ITI,ITI1,9,Toscana,Toscana,3729641,1274841,34.18,0.17
1306,2021-01-11,TOS,5094,1691,3403,5094,0,ITI,ITI1,9,Toscana,Toscana,3729641,1279935,34.32,0.14
1307,2021-04-11,TOS,3642,1679,1963,3487,155,ITI,ITI1,9,Toscana,Toscana,3729641,1283577,34.42,0.1
1308,2021-04-07,TOS,35635,15293,20342,28387,7248,ITI,ITI1,9,Toscana,Toscana,3729641,1319212,35.37,0.96
1309,2021-03-09,TOS,10674,4152,6522,5122,5552,ITI,ITI1,9,Toscana,Toscana,3729641,1329886,35.66,0.29
1310,2021-02-27,TOS,1982,755,1227,1080,902,ITI,ITI1,9,Toscana,Toscana,3729641,1331868,35.71,0.05
1311,2021-01-25,TOS,5127,1896,3231,248,4879,ITI,ITI1,9,Toscana,Toscana,3729641,1336995,35.85,0.14
1312,2021-04-12,TOS,2612,1183,1429,1958,654,ITI,ITI1,9,Toscana,Toscana,3729641,1339607,35.92,0.07
1313,2021-01-02,TOS,3497,1096,2401,3497,0,ITI,ITI1,9,Toscana,Toscana,3729641,1343104,36.01,0.09
1314,2021-05-03,TOS,11932,5509,6423,10614,1318,ITI,ITI1,9,Toscana,Toscana,3729641,1355036,36.33,0.32
1315,2021-05-05,TOS,30016,13368,16648,15644,14372,ITI,ITI1,9,Toscana,Toscana,3729641,1385052,37.14,0.8
1316,2021-05-01,TOS,23305,10059,13246,14132,9173,ITI,ITI1,9,Toscana,Toscana,3729641,1408357,37.76,0.62
1317,2021-05-12,TOS,34123,15545,18578,14160,19963,ITI,ITI1,9,Toscana,Toscana,3729641,1442480,38.68,0.91
1318,2021-05-25,TOS,33814,16216,17598,19336,14478,ITI,ITI1,9,Toscana,Toscana,3729641,1476294,39.58,0.91
1319,2021-03-24,TOS,19683,8001,11682,10227,9456,ITI,ITI1,9,Toscana,Toscana,3729641,1495977,40.11,0.53
1320,2021-05-22,TOS,25954,12623,13331,21699,4255,ITI,ITI1,9,Toscana,Toscana,3729641,1521931,40.81,0.7
1321,2021-03-23,TOS,9093,4102,4991,6819,2274,ITI,ITI1,9,Toscana,Toscana,3729641,1531024,41.05,0.24
1322,2021-02-05,TOS,5749,2245,3504,1924,3825,ITI,ITI1,9,Toscana,Toscana,3729641,1536773,41.2,0.15
1323,2021-02-11,TOS,5383,2021,3362,5141,242,ITI,ITI1,9,Toscana,Toscana,3729641,1542156,41.35,0.14
1324,2021-02-02,TOS,3742,1475,2267,195,3547,ITI,ITI1,9,Toscana,Toscana,3729641,1545898,41.45,0.1
1325,2021-04-10,TOS,11722,5348,6374,10977,745,ITI,ITI1,9,Toscana,Toscana,3729641,1557620,41.76,0.31
1326,2021-05-15,TOS,29295,13829,15466,23559,5736,ITI,ITI1,9,Toscana,Toscana,3729641,1586915,42.55,0.79
1327,2021-05-08,TOS,29123,13104,16019,13693,15430,ITI,ITI1,9,Toscana,Toscana,3729641,1616038,43.33,0.78
1328,2021-03-13,TOS,9275,3301,5974,5312,3963,ITI,ITI1,9,Toscana,Toscana,3729641,1625313,43.58,0.25
1329,2021-05-18,TOS,28689,14133,14556,19976,8713,ITI,ITI1,9,Toscana,Toscana,3729641,1654002,44.35,0.77
1330,2021-01-18,TOS,1119,636,483,1021,98,ITI,ITI1,9,Toscana,Toscana,3729641,1655121,44.38,0.03
1331,2021-02-22,TOS,9818,4254,5564,9541,277,ITI,ITI1,9,Toscana,Toscana,3729641,1664939,44.64,0.26
1332,2021-01-27,TOS,4835,1573,3262,206,4629,ITI,ITI1,9,Toscana,Toscana,3729641,1669774,44.77,0.13
1333,2021-02-10,TOS,4263,1281,2982,3740,523,ITI,ITI1,9,Toscana,Toscana,3729641,1674037,44.88,0.11
1334,2021-05-23,TOS,28368,13642,14726,25804,2564,ITI,ITI1,9,Toscana,Toscana,3729641,1702405,45.65,0.76
1335,2021-04-15,TOS,24384,10189,14195,15863,8521,ITI,ITI1,9,Toscana,Toscana,3729641,1726789,46.3,0.65
1336,2021-03-05,TOS,16494,6336,10158,11752,4742,ITI,ITI1,9,Toscana,Toscana,3729641,1743283,46.74,0.44
1337,2021-01-06,TOS,4520,1460,3060,4520,0,ITI,ITI1,9,Toscana,Toscana,3729641,1747803,46.86,0.12
1338,2021-05-16,TOS,26659,12879,13780,24200,2459,ITI,ITI1,9,Toscana,Toscana,3729641,1774462,47.58,0.71
1339,2021-03-29,TOS,9391,4588,4803,9067,324,ITI,ITI1,9,Toscana,Toscana,3729641,1783853,47.83,0.25
1340,2021-01-12,TOS,3581,1398,2183,3581,0,ITI,ITI1,9,Toscana,Toscana,3729641,1787434,47.93,0.1
1341,2021-02-07,TOS,2805,952,1853,885,1920,ITI,ITI1,9,Toscana,Toscana,3729641,1790239,48.0,0.08
1342,2021-01-01,TOS,2369,787,1582,2369,0,ITI,ITI1,9,Toscana,Toscana,3729641,1792608,48.06,0.06
1343,2021-01-05,TOS,5249,1755,3494,5249,0,ITI,ITI1,9,Toscana,Toscana,3729641,1797857,48.2,0.14
1344,2021-01-08,TOS,5946,1642,4304,5946,0,ITI,ITI1,9,Toscana,Toscana,3729641,1803803,48.36,0.16
1345,2021-02-08,TOS,4097,1360,2737,3638,459,ITI,ITI1,9,Toscana,Toscana,3729641,1807900,48.47,0.11
1346,2021-01-30,TOS,4622,1622,3000,198,4424,ITI,ITI1,9,Toscana,Toscana,3729641,1812522,48.6,0.12
1347,2021-01-29,TOS,6144,1700,4444,304,5840,ITI,ITI1,9,Toscana,Toscana,3729641,1818666,48.76,0.16
1348,2021-05-14,TOS,33252,15381,17871,20634,12618,ITI,ITI1,9,Toscana,Toscana,3729641,1851918,49.65,0.89
1349,2021-04-20,TOS,18157,8111,10046,12599,5558,ITI,ITI1,9,Toscana,Toscana,3729641,1870075,50.14,0.49
1350,2021-03-12,TOS,16521,6220,10301,12993,3528,ITI,ITI1,9,Toscana,Toscana,3729641,1886596,50.58,0.44
1351,2021-05-27,TOS,27863,12807,15056,13247,14616,ITI,ITI1,9,Toscana,Toscana,3729641,1914459,51.33,0.75
1352,2021-03-21,TOS,3231,1573,1658,1798,1433,ITI,ITI1,9,Toscana,Toscana,3729641,1917690,51.42,0.09
1353,2021-05-09,TOS,22515,9760,12755,9656,12859,ITI,ITI1,9,Toscana,Toscana,3729641,1940205,52.02,0.6
1354,2021-05-11,TOS,27935,12978,14957,12478,15457,ITI,ITI1,9,Toscana,Toscana,3729641,1968140,52.77,0.75
1355,2021-02-19,TOS,8291,2952,5339,7781,510,ITI,ITI1,9,Toscana,Toscana,3729641,1976431,52.99,0.22
1356,2021-04-28,TOS,19120,8188,10932,3831,15289,ITI,ITI1,9,Toscana,Toscana,3729641,1995551,53.51,0.51
1357,2020-12-27,TOS,620,267,353,620,0,ITI,ITI1,9,Toscana,Toscana,3729641,1996171,53.52,0.02
1358,2021-03-10,TOS,18013,7073,10940,13996,4017,ITI,ITI1,9,Toscana,Toscana,3729641,2014184,54.0,0.48
1359,2021-04-30,TOS,39998,17685,22313,20143,19855,ITI,ITI1,9,Toscana,Toscana,3729641,2054182,55.08,1.07
1360,2021-04-21,TOS,29599,12663,16936,17515,12084,ITI,ITI1,9,Toscana,Toscana,3729641,2083781,55.87,0.79
1361,2020-12-30,TOS,327,104,223,327,0,ITI,ITI1,9,Toscana,Toscana,3729641,2084108,55.88,0.01
1362,2021-03-14,TOS,7207,2574,4633,3272,3935,ITI,ITI1,9,Toscana,Toscana,3729641,2091315,56.07,0.19
1363,2021-02-14,TOS,9000,2569,6431,8890,110,ITI,ITI1,9,Toscana,Toscana,3729641,2100315,56.31,0.24
1364,2021-02-09,TOS,4488,1468,3020,3877,611,ITI,ITI1,9,Toscana,Toscana,3729641,2104803,56.43,0.12
1365,2021-03-16,TOS,4903,1884,3019,2653,2250,ITI,ITI1,9,Toscana,Toscana,3729641,2109706,56.57,0.13
1366,2021-04-27,TOS,10346,4909,5437,3866,6480,ITI,ITI1,9,Toscana,Toscana,3729641,2120052,56.84,0.28
1367,2021-03-17,TOS,11421,4586,6835,6893,4528,ITI,ITI1,9,Toscana,Toscana,3729641,2131473,57.15,0.31
1368,2021-01-26,TOS,5393,1792,3601,220,5173,ITI,ITI1,9,Toscana,Toscana,3729641,2136866,57.29,0.14
1369,2021-03-06,TOS,7094,2838,4256,2901,4193,ITI,ITI1,9,Toscana,Toscana,3729641,2143960,57.48,0.19
1370,2020-12-31,TOS,804,202,602,804,0,ITI,ITI1,9,Toscana,Toscana,3729641,2144764,57.51,0.02
1371,2021-01-30,CAL,2178,1149,1029,358,1820,ITF,ITF6,18,Calabria,Calabria,1947131,2178,0.11,0.11
1372,2021-04-02,CAL,8126,3700,4426,4331,3795,ITF,ITF6,18,Calabria,Calabria,1947131,10304,0.53,0.42
1373,2021-05-06,CAL,13264,6274,6990,8993,4271,ITF,ITF6,18,Calabria,Calabria,1947131,23568,1.21,0.68
1374,2021-01-12,CAL,2063,1020,1043,2063,0,ITF,ITF6,18,Calabria,Calabria,1947131,25631,1.32,0.11
1375,2021-05-27,CAL,17438,8585,8853,9731,7707,ITF,ITF6,18,Calabria,Calabria,1947131,43069,2.21,0.9
1376,2021-05-20,CAL,16896,8437,8459,11291,5605,ITF,ITF6,18,Calabria,Calabria,1947131,59965,3.08,0.87
1377,2021-04-14,CAL,8136,3913,4223,6683,1453,ITF,ITF6,18,Calabria,Calabria,1947131,68101,3.5,0.42
1378,2021-05-22,CAL,22044,10503,11541,14220,7824,ITF,ITF6,18,Calabria,Calabria,1947131,90145,4.63,1.13
1379,2021-04-04,CAL,1763,887,876,1262,501,ITF,ITF6,18,Calabria,Calabria,1947131,91908,4.72,0.09
1380,2021-03-16,CAL,3835,1883,1952,2175,1660,ITF,ITF6,18,Calabria,Calabria,1947131,95743,4.92,0.2
1381,2021-02-25,CAL,2866,1545,1321,2280,586,ITF,ITF6,18,Calabria,Calabria,1947131,98609,5.06,0.15
1382,2021-03-07,CAL,3330,1701,1629,3241,89,ITF,ITF6,18,Calabria,Calabria,1947131,101939,5.24,0.17
1383,2021-02-11,CAL,2329,1040,1289,1082,1247,ITF,ITF6,18,Calabria,Calabria,1947131,104268,5.35,0.12
1384,2021-05-15,CAL,26698,12767,13931,19925,6773,ITF,ITF6,18,Calabria,Calabria,1947131,130966,6.73,1.37
1385,2021-05-31,CAL,15156,7249,7907,7318,7838,ITF,ITF6,18,Calabria,Calabria,1947131,146122,7.5,0.78
1386,2020-12-27,CAL,281,156,125,281,0,ITF,ITF6,18,Calabria,Calabria,1947131,146403,7.52,0.01
1387,2021-05-13,CAL,15871,7612,8259,11212,4659,ITF,ITF6,18,Calabria,Calabria,1947131,162274,8.33,0.82
1388,2021-05-30,CAL,11140,5363,5777,6983,4157,ITF,ITF6,18,Calabria,Calabria,1947131,173414,8.91,0.57
1389,2021-03-18,CAL,4368,2037,2331,2342,2026,ITF,ITF6,18,Calabria,Calabria,1947131,177782,9.13,0.22
1390,2021-03-19,CAL,4186,1947,2239,1900,2286,ITF,ITF6,18,Calabria,Calabria,1947131,181968,9.35,0.21
1391,2021-02-08,CAL,1850,735,1115,662,1188,ITF,ITF6,18,Calabria,Calabria,1947131,183818,9.44,0.1
1392,2021-03-08,CAL,5403,2896,2507,4342,1061,ITF,ITF6,18,Calabria,Calabria,1947131,189221,9.72,0.28
1393,2021-02-24,CAL,1847,942,905,1372,475,ITF,ITF6,18,Calabria,Calabria,1947131,191068,9.81,0.09
1394,2021-01-29,CAL,2046,985,1061,230,1816,ITF,ITF6,18,Calabria,Calabria,1947131,193114,9.92,0.11
1395,2021-05-28,CAL,20958,10162,10796,11476,9482,ITF,ITF6,18,Calabria,Calabria,1947131,214072,10.99,1.08
1396,2021-01-22,CAL,658,274,384,656,2,ITF,ITF6,18,Calabria,Calabria,1947131,214730,11.03,0.03
1397,2021-05-21,CAL,21310,10847,10463,13950,7360,ITF,ITF6,18,Calabria,Calabria,1947131,236040,12.12,1.09
1398,2021-03-31,CAL,8862,4025,4837,4905,3957,ITF,ITF6,18,Calabria,Calabria,1947131,244902,12.58,0.46
1399,2021-05-26,CAL,18488,9139,9349,10282,8206,ITF,ITF6,18,Calabria,Calabria,1947131,263390,13.53,0.95
1400,2021-03-20,CAL,6693,3068,3625,4196,2497,ITF,ITF6,18,Calabria,Calabria,1947131,270083,13.87,0.34
1401,2021-01-27,CAL,1457,733,724,396,1061,ITF,ITF6,18,Calabria,Calabria,1947131,271540,13.95,0.07
1402,2021-05-16,CAL,13774,6725,7049,9960,3814,ITF,ITF6,18,Calabria,Calabria,1947131,285314,14.65,0.71
1403,2021-05-18,CAL,15546,7785,7761,12083,3463,ITF,ITF6,18,Calabria,Calabria,1947131,300860,15.45,0.8
1404,2021-04-24,CAL,18997,9476,9521,15587,3410,ITF,ITF6,18,Calabria,Calabria,1947131,319857,16.43,0.98
1405,2021-03-05,CAL,6219,3610,2609,5646,573,ITF,ITF6,18,Calabria,Calabria,1947131,326076,16.75,0.32
1406,2021-04-21,CAL,11573,5815,5758,8639,2934,ITF,ITF6,18,Calabria,Calabria,1947131,337649,17.34,0.59
1407,2021-05-17,CAL,15070,7530,7540,10357,4713,ITF,ITF6,18,Calabria,Calabria,1947131,352719,18.11,0.77
1408,2021-02-28,CAL,2268,1032,1236,2116,152,ITF,ITF6,18,Calabria,Calabria,1947131,354987,18.23,0.12
1409,2021-04-18,CAL,5839,2789,3050,4931,908,ITF,ITF6,18,Calabria,Calabria,1947131,360826,18.53,0.3
1410,2021-01-21,CAL,960,445,515,930,30,ITF,ITF6,18,Calabria,Calabria,1947131,361786,18.58,0.05
1411,2021-03-14,CAL,2690,1062,1628,2275,415,ITF,ITF6,18,Calabria,Calabria,1947131,364476,18.72,0.14
1412,2021-02-09,CAL,2147,905,1242,947,1200,ITF,ITF6,18,Calabria,Calabria,1947131,366623,18.83,0.11
1413,2021-05-07,CAL,16064,7573,8491,9701,6363,ITF,ITF6,18,Calabria,Calabria,1947131,382687,19.65,0.83
1414,2021-01-09,CAL,1924,1040,884,1924,0,ITF,ITF6,18,Calabria,Calabria,1947131,384611,19.75,0.1
1415,2021-04-11,CAL,4166,1895,2271,2223,1943,ITF,ITF6,18,Calabria,Calabria,1947131,388777,19.97,0.21
1416,2021-03-03,CAL,5000,2730,2270,3928,1072,ITF,ITF6,18,Calabria,Calabria,1947131,393777,20.22,0.26
1417,2021-04-26,CAL,10199,5067,5132,7778,2421,ITF,ITF6,18,Calabria,Calabria,1947131,403976,20.75,0.52
1418,2021-04-17,CAL,10919,5116,5803,9047,1872,ITF,ITF6,18,Calabria,Calabria,1947131,414895,21.31,0.56
1419,2021-04-06,CAL,7526,3392,4134,4195,3331,ITF,ITF6,18,Calabria,Calabria,1947131,422421,21.69,0.39
1420,2021-02-04,CAL,3475,1659,1816,652,2823,ITF,ITF6,18,Calabria,Calabria,1947131,425896,21.87,0.18
1421,2021-02-06,CAL,2906,1337,1569,442,2464,ITF,ITF6,18,Calabria,Calabria,1947131,428802,22.02,0.15
1422,2021-04-16,CAL,10315,5026,5289,8663,1652,ITF,ITF6,18,Calabria,Calabria,1947131,439117,22.55,0.53
1423,2021-04-25,CAL,15833,8033,7800,14696,1137,ITF,ITF6,18,Calabria,Calabria,1947131,454950,23.37,0.81
1424,2021-02-05,CAL,3800,1710,2090,490,3310,ITF,ITF6,18,Calabria,Calabria,1947131,458750,23.56,0.2
1425,2021-01-17,CAL,867,418,449,801,66,ITF,ITF6,18,Calabria,Calabria,1947131,459617,23.6,0.04
1426,2021-02-27,CAL,3984,2051,1933,3605,379,ITF,ITF6,18,Calabria,Calabria,1947131,463601,23.81,0.2
1427,2021-05-05,CAL,13598,6508,7090,8489,5109,ITF,ITF6,18,Calabria,Calabria,1947131,477199,24.51,0.7
1428,2021-03-04,CAL,5456,3179,2277,4659,797,ITF,ITF6,18,Calabria,Calabria,1947131,482655,24.79,0.28
1429,2021-01-31,CAL,1108,555,553,154,954,ITF,ITF6,18,Calabria,Calabria,1947131,483763,24.84,0.06
1430,2021-03-28,CAL,2566,1183,1383,1433,1133,ITF,ITF6,18,Calabria,Calabria,1947131,486329,24.98,0.13
1431,2021-05-19,CAL,18447,9138,9309,11430,7017,ITF,ITF6,18,Calabria,Calabria,1947131,504776,25.92,0.95
1432,2021-02-12,CAL,1710,667,1043,945,765,ITF,ITF6,18,Calabria,Calabria,1947131,506486,26.01,0.09
1433,2021-04-28,CAL,12533,6062,6471,9675,2858,ITF,ITF6,18,Calabria,Calabria,1947131,519019,26.66,0.64
1434,2021-05-08,CAL,18275,8327,9948,10469,7806,ITF,ITF6,18,Calabria,Calabria,1947131,537294,27.59,0.94
1435,2021-04-15,CAL,7604,3725,3879,5980,1624,ITF,ITF6,18,Calabria,Calabria,1947131,544898,27.98,0.39
1436,2021-02-13,CAL,1395,603,792,1031,364,ITF,ITF6,18,Calabria,Calabria,1947131,546293,28.06,0.07
1437,2021-02-18,CAL,1822,825,997,1596,226,ITF,ITF6,18,Calabria,Calabria,1947131,548115,28.15,0.09
1438,2021-01-25,CAL,1068,514,554,148,920,ITF,ITF6,18,Calabria,Calabria,1947131,549183,28.2,0.05
1439,2021-02-19,CAL,1508,681,827,1247,261,ITF,ITF6,18,Calabria,Calabria,1947131,550691,28.28,0.08
1440,2021-05-23,CAL,11368,5551,5817,7037,4331,ITF,ITF6,18,Calabria,Calabria,1947131,562059,28.87,0.58
1441,2021-04-12,CAL,6901,3349,3552,5248,1653,ITF,ITF6,18,Calabria,Calabria,1947131,568960,29.22,0.35
1442,2021-03-10,CAL,6552,3314,3238,5273,1279,ITF,ITF6,18,Calabria,Calabria,1947131,575512,29.56,0.34
1443,2021-01-11,CAL,2155,1041,1114,2155,0,ITF,ITF6,18,Calabria,Calabria,1947131,577667,29.67,0.11
1444,2021-01-04,CAL,1051,517,534,1051,0,ITF,ITF6,18,Calabria,Calabria,1947131,578718,29.72,0.05
1445,2021-02-02,CAL,2287,1114,1173,177,2110,ITF,ITF6,18,Calabria,Calabria,1947131,581005,29.84,0.12
1446,2021-03-02,CAL,4367,2489,1878,3611,756,ITF,ITF6,18,Calabria,Calabria,1947131,585372,30.06,0.22
1447,2021-03-15,CAL,3542,1682,1860,2107,1435,ITF,ITF6,18,Calabria,Calabria,1947131,588914,30.25,0.18
1448,2021-01-14,CAL,2634,1248,1386,2634,0,ITF,ITF6,18,Calabria,Calabria,1947131,591548,30.38,0.14
1449,2021-04-09,CAL,7933,3714,4219,5009,2924,ITF,ITF6,18,Calabria,Calabria,1947131,599481,30.79,0.41
1450,2021-04-05,CAL,3501,1648,1853,2602,899,ITF,ITF6,18,Calabria,Calabria,1947131,602982,30.97,0.18
1451,2021-02-15,CAL,1140,539,601,991,149,ITF,ITF6,18,Calabria,Calabria,1947131,604122,31.03,0.06
1452,2021-04-23,CAL,12853,6320,6533,9444,3409,ITF,ITF6,18,Calabria,Calabria,1947131,616975,31.69,0.66
1453,2021-02-03,CAL,2764,1429,1335,581,2183,ITF,ITF6,18,Calabria,Calabria,1947131,619739,31.83,0.14
1454,2021-01-13,CAL,2031,1023,1008,2031,0,ITF,ITF6,18,Calabria,Calabria,1947131,621770,31.93,0.1
1455,2021-02-07,CAL,859,427,432,147,712,ITF,ITF6,18,Calabria,Calabria,1947131,622629,31.98,0.04
1456,2021-03-13,CAL,6834,2982,3852,5866,968,ITF,ITF6,18,Calabria,Calabria,1947131,629463,32.33,0.35
1457,2021-01-19,CAL,1111,490,621,1101,10,ITF,ITF6,18,Calabria,Calabria,1947131,630574,32.38,0.06
1458,2021-01-23,CAL,400,186,214,358,42,ITF,ITF6,18,Calabria,Calabria,1947131,630974,32.41,0.02
1459,2021-01-10,CAL,929,524,405,929,0,ITF,ITF6,18,Calabria,Calabria,1947131,631903,32.45,0.05
1460,2021-03-25,CAL,7386,3463,3923,4547,2839,ITF,ITF6,18,Calabria,Calabria,1947131,639289,32.83,0.38
1461,2021-02-10,CAL,2509,1078,1431,884,1625,ITF,ITF6,18,Calabria,Calabria,1947131,641798,32.96,0.13
1462,2021-01-06,CAL,928,501,427,928,0,ITF,ITF6,18,Calabria,Calabria,1947131,642726,33.01,0.05
1463,2021-04-27,CAL,9946,4889,5057,8004,1942,ITF,ITF6,18,Calabria,Calabria,1947131,652672,33.52,0.51
1464,2021-03-01,CAL,2723,1545,1178,2269,454,ITF,ITF6,18,Calabria,Calabria,1947131,655395,33.66,0.14
1465,2021-05-29,CAL,19011,8825,10186,9195,9816,ITF,ITF6,18,Calabria,Calabria,1947131,674406,34.64,0.98
1466,2021-02-17,CAL,1832,797,1035,1621,211,ITF,ITF6,18,Calabria,Calabria,1947131,676238,34.73,0.09
1467,2021-04-03,CAL,8900,3820,5080,4282,4618,ITF,ITF6,18,Calabria,Calabria,1947131,685138,35.19,0.46
1468,2021-02-21,CAL,609,286,323,532,77,ITF,ITF6,18,Calabria,Calabria,1947131,685747,35.22,0.03
1469,2021-02-16,CAL,1735,732,1003,1456,279,ITF,ITF6,18,Calabria,Calabria,1947131,687482,35.31,0.09
1470,2021-03-12,CAL,5110,2451,2659,4040,1070,ITF,ITF6,18,Calabria,Calabria,1947131,692592,35.57,0.26
1471,2021-05-11,CAL,15128,7315,7813,10351,4777,ITF,ITF6,18,Calabria,Calabria,1947131,707720,36.35,0.78
1472,2021-03-29,CAL,5687,2405,3282,3931,1756,ITF,ITF6,18,Calabria,Calabria,1947131,713407,36.64,0.29
1473,2021-03-09,CAL,6248,3227,3021,5269,979,ITF,ITF6,18,Calabria,Calabria,1947131,719655,36.96,0.32
1474,2021-05-24,CAL,17624,8777,8847,9958,7666,ITF,ITF6,18,Calabria,Calabria,1947131,737279,37.86,0.91
1475,2021-04-29,CAL,11826,5744,6082,8308,3518,ITF,ITF6,18,Calabria,Calabria,1947131,749105,38.47,0.61
1476,2021-02-20,CAL,1415,758,657,1097,318,ITF,ITF6,18,Calabria,Calabria,1947131,750520,38.54,0.07
1477,2021-02-01,CAL,2494,1191,1303,243,2251,ITF,ITF6,18,Calabria,Calabria,1947131,753014,38.67,0.13
1478,2021-03-21,CAL,4455,1925,2530,2730,1725,ITF,ITF6,18,Calabria,Calabria,1947131,757469,38.9,0.23
1479,2021-04-30,CAL,14904,7315,7589,10597,4307,ITF,ITF6,18,Calabria,Calabria,1947131,772373,39.67,0.77
1480,2021-05-10,CAL,13138,6094,7044,7736,5402,ITF,ITF6,18,Calabria,Calabria,1947131,785511,40.34,0.67
1481,2021-05-04,CAL,16318,7517,8801,11692,4626,ITF,ITF6,18,Calabria,Calabria,1947131,801829,41.18,0.84
1482,2021-01-07,CAL,2185,1065,1120,2185,0,ITF,ITF6,18,Calabria,Calabria,1947131,804014,41.29,0.11
1483,2021-02-23,CAL,1590,753,837,1475,115,ITF,ITF6,18,Calabria,Calabria,1947131,805604,41.37,0.08
1484,2021-03-17,CAL,3977,1768,2209,2138,1839,ITF,ITF6,18,Calabria,Calabria,1947131,809581,41.58,0.2
1485,2021-01-18,CAL,1262,568,694,1043,219,ITF,ITF6,18,Calabria,Calabria,1947131,810843,41.64,0.06
1486,2021-01-28,CAL,2235,1109,1126,83,2152,ITF,ITF6,18,Calabria,Calabria,1947131,813078,41.76,0.11
1487,2021-03-06,CAL,8408,4330,4078,7616,792,ITF,ITF6,18,Calabria,Calabria,1947131,821486,42.19,0.43
1488,2021-04-07,CAL,6514,2942,3572,3716,2798,ITF,ITF6,18,Calabria,Calabria,1947131,828000,42.52,0.33
1489,2021-05-12,CAL,16379,7955,8424,10953,5426,ITF,ITF6,18,Calabria,Calabria,1947131,844379,43.37,0.84
1490,2021-02-26,CAL,3062,1631,1431,2609,453,ITF,ITF6,18,Calabria,Calabria,1947131,847441,43.52,0.16
1491,2021-01-03,CAL,6,3,3,6,0,ITF,ITF6,18,Calabria,Calabria,1947131,847447,43.52,0.0
1492,2021-02-14,CAL,462,210,252,432,30,ITF,ITF6,18,Calabria,Calabria,1947131,847909,43.55,0.02
1493,2021-01-08,CAL,2134,1022,1112,2134,0,ITF,ITF6,18,Calabria,Calabria,1947131,850043,43.66,0.11
1494,2021-03-27,CAL,8600,3905,4695,4588,4012,ITF,ITF6,18,Calabria,Calabria,1947131,858643,44.1,0.44
1495,2021-04-22,CAL,9619,4796,4823,6778,2841,ITF,ITF6,18,Calabria,Calabria,1947131,868262,44.59,0.49
1496,2021-01-26,CAL,1808,861,947,278,1530,ITF,ITF6,18,Calabria,Calabria,1947131,870070,44.68,0.09
1497,2021-04-13,CAL,6790,3280,3510,5481,1309,ITF,ITF6,18,Calabria,Calabria,1947131,876860,45.03,0.35
1498,2021-01-05,CAL,1463,683,780,1463,0,ITF,ITF6,18,Calabria,Calabria,1947131,878323,45.11,0.08
1499,2021-03-24,CAL,7603,3460,4143,4366,3237,ITF,ITF6,18,Calabria,Calabria,1947131,885926,45.5,0.39
1500,2021-01-16,CAL,2394,1120,1274,2394,0,ITF,ITF6,18,Calabria,Calabria,1947131,888320,45.62,0.12
1501,2021-03-26,CAL,7821,3707,4114,4703,3118,ITF,ITF6,18,Calabria,Calabria,1947131,896141,46.02,0.4
1502,2021-01-02,CAL,166,94,72,166,0,ITF,ITF6,18,Calabria,Calabria,1947131,896307,46.03,0.01
1503,2021-05-01,CAL,16618,7924,8694,12422,4196,ITF,ITF6,18,Calabria,Calabria,1947131,912925,46.89,0.85
1504,2021-01-24,CAL,44,18,26,39,5,ITF,ITF6,18,Calabria,Calabria,1947131,912969,46.89,0.0
1505,2021-03-23,CAL,5252,2459,2793,3443,1809,ITF,ITF6,18,Calabria,Calabria,1947131,918221,47.16,0.27
1506,2021-03-30,CAL,6188,2657,3531,3485,2703,ITF,ITF6,18,Calabria,Calabria,1947131,924409,47.48,0.32
1507,2020-12-28,CAL,6,2,4,6,0,ITF,ITF6,18,Calabria,Calabria,1947131,924415,47.48,0.0
1508,2021-04-01,CAL,8514,3854,4660,3979,4535,ITF,ITF6,18,Calabria,Calabria,1947131,932929,47.91,0.44
1509,2021-05-14,CAL,19943,9588,10355,13073,6870,ITF,ITF6,18,Calabria,Calabria,1947131,952872,48.94,1.02
1510,2021-05-03,CAL,14741,6756,7985,10536,4205,ITF,ITF6,18,Calabria,Calabria,1947131,967613,49.69,0.76
1511,2021-01-20,CAL,1399,626,773,1398,1,ITF,ITF6,18,Calabria,Calabria,1947131,969012,49.77,0.07
1512,2021-03-11,CAL,7247,3417,3830,5985,1262,ITF,ITF6,18,Calabria,Calabria,1947131,976259,50.14,0.37
1513,2021-05-09,CAL,9668,4499,5169,6139,3529,ITF,ITF6,18,Calabria,Calabria,1947131,985927,50.63,0.5
1514,2021-04-08,CAL,9403,4430,4973,5808,3595,ITF,ITF6,18,Calabria,Calabria,1947131,995330,51.12,0.48
1515,2021-02-22,CAL,2031,1028,1003,1475,556,ITF,ITF6,18,Calabria,Calabria,1947131,997361,51.22,0.1
1516,2021-04-10,CAL,11372,5126,6246,6559,4813,ITF,ITF6,18,Calabria,Calabria,1947131,1008733,51.81,0.58
1517,2021-04-19,CAL,7822,3773,4049,6174,1648,ITF,ITF6,18,Calabria,Calabria,1947131,1016555,52.21,0.4
1518,2021-05-02,CAL,12503,5836,6667,10665,1838,ITF,ITF6,18,Calabria,Calabria,1947131,1029058,52.85,0.64
1519,2021-03-22,CAL,4880,2289,2591,3129,1751,ITF,ITF6,18,Calabria,Calabria,1947131,1033938,53.1,0.25
1520,2021-04-20,CAL,7834,3946,3888,6108,1726,ITF,ITF6,18,Calabria,Calabria,1947131,1041772,53.5,0.4
1521,2021-05-25,CAL,16398,7989,8409,10298,6100,ITF,ITF6,18,Calabria,Calabria,1947131,1058170,54.35,0.84
1522,2021-01-15,CAL,2795,1258,1537,2795,0,ITF,ITF6,18,Calabria,Calabria,1947131,1060965,54.49,0.14
1523,2021-02-28,MAR,2836,1251,1585,2830,6,ITI,ITI3,11,Marche,Marche,1525271,2836,0.19,0.19
1524,2021-05-17,MAR,11853,5568,6285,7690,4163,ITI,ITI3,11,Marche,Marche,1525271,14689,0.96,0.78
1525,2021-03-25,MAR,6656,2772,3884,3247,3409,ITI,ITI3,11,Marche,Marche,1525271,21345,1.4,0.44
1526,2021-04-27,MAR,9400,4309,5091,5413,3987,ITI,ITI3,11,Marche,Marche,1525271,30745,2.02,0.62
1527,2021-05-28,MAR,13959,6735,7224,9098,4861,ITI,ITI3,11,Marche,Marche,1525271,44704,2.93,0.92
1528,2021-02-16,MAR,1287,475,812,1257,30,ITI,ITI3,11,Marche,Marche,1525271,45991,3.02,0.08
1529,2021-01-23,MAR,557,190,367,123,434,ITI,ITI3,11,Marche,Marche,1525271,46548,3.05,0.04
1530,2021-03-22,MAR,5655,2376,3279,2527,3128,ITI,ITI3,11,Marche,Marche,1525271,52203,3.42,0.37
1531,2021-01-02,MAR,453,139,314,453,0,ITI,ITI3,11,Marche,Marche,1525271,52656,3.45,0.03
1532,2021-02-15,MAR,967,412,555,954,13,ITI,ITI3,11,Marche,Marche,1525271,53623,3.52,0.06
1533,2021-05-11,MAR,10623,4832,5791,5678,4945,ITI,ITI3,11,Marche,Marche,1525271,64246,4.21,0.7
1534,2021-03-29,MAR,5860,2567,3293,3435,2425,ITI,ITI3,11,Marche,Marche,1525271,70106,4.6,0.38
1535,2021-03-09,MAR,5428,2290,3138,4548,880,ITI,ITI3,11,Marche,Marche,1525271,75534,4.95,0.36
1536,2021-05-06,MAR,12655,5820,6835,5582,7073,ITI,ITI3,11,Marche,Marche,1525271,88189,5.78,0.83
1537,2021-04-29,MAR,13246,6061,7185,7149,6097,ITI,ITI3,11,Marche,Marche,1525271,101435,6.65,0.87
1538,2021-02-21,MAR,376,141,235,375,1,ITI,ITI3,11,Marche,Marche,1525271,101811,6.67,0.02
1539,2021-04-01,MAR,7577,3182,4395,4161,3416,ITI,ITI3,11,Marche,Marche,1525271,109388,7.17,0.5
1540,2021-02-03,MAR,2124,741,1383,119,2005,ITI,ITI3,11,Marche,Marche,1525271,111512,7.31,0.14
1541,2021-01-15,MAR,1771,500,1271,1771,0,ITI,ITI3,11,Marche,Marche,1525271,113283,7.43,0.12
1542,2021-01-03,MAR,897,349,548,897,0,ITI,ITI3,11,Marche,Marche,1525271,114180,7.49,0.06
1543,2021-01-04,MAR,1503,565,938,1503,0,ITI,ITI3,11,Marche,Marche,1525271,115683,7.58,0.1
1544,2021-03-15,MAR,4402,2027,2375,1312,3090,ITI,ITI3,11,Marche,Marche,1525271,120085,7.87,0.29
1545,2021-01-24,MAR,880,339,541,5,875,ITI,ITI3,11,Marche,Marche,1525271,120965,7.93,0.06
1546,2021-05-25,MAR,11646,5744,5902,8717,2929,ITI,ITI3,11,Marche,Marche,1525271,132611,8.69,0.76
1547,2021-04-20,MAR,10698,4996,5702,9281,1417,ITI,ITI3,11,Marche,Marche,1525271,143309,9.4,0.7
1548,2021-03-13,MAR,5764,2652,3112,1807,3957,ITI,ITI3,11,Marche,Marche,1525271,149073,9.77,0.38
1549,2021-01-19,MAR,228,83,145,142,86,ITI,ITI3,11,Marche,Marche,1525271,149301,9.79,0.01
1550,2021-04-23,MAR,11159,5140,6019,8104,3055,ITI,ITI3,11,Marche,Marche,1525271,160460,10.52,0.73
1551,2021-03-11,MAR,6592,2784,3808,5222,1370,ITI,ITI3,11,Marche,Marche,1525271,167052,10.95,0.43
1552,2021-05-29,MAR,12689,6097,6592,8260,4429,ITI,ITI3,11,Marche,Marche,1525271,179741,11.78,0.83
1553,2021-05-02,MAR,8898,3936,4962,3160,5738,ITI,ITI3,11,Marche,Marche,1525271,188639,12.37,0.58
1554,2021-02-05,MAR,2155,653,1502,440,1715,ITI,ITI3,11,Marche,Marche,1525271,190794,12.51,0.14
1555,2021-04-16,MAR,10081,4702,5379,9556,525,ITI,ITI3,11,Marche,Marche,1525271,200875,13.17,0.66
1556,2021-03-30,MAR,7418,3044,4374,4603,2815,ITI,ITI3,11,Marche,Marche,1525271,208293,13.66,0.49
1557,2021-04-19,MAR,9603,4498,5105,8022,1581,ITI,ITI3,11,Marche,Marche,1525271,217896,14.29,0.63
1558,2021-01-13,MAR,2105,746,1359,2105,0,ITI,ITI3,11,Marche,Marche,1525271,220001,14.42,0.14
1559,2021-02-06,MAR,2460,900,1560,522,1938,ITI,ITI3,11,Marche,Marche,1525271,222461,14.59,0.16
1560,2021-03-10,MAR,5667,2401,3266,4530,1137,ITI,ITI3,11,Marche,Marche,1525271,228128,14.96,0.37
1561,2021-01-18,MAR,673,230,443,547,126,ITI,ITI3,11,Marche,Marche,1525271,228801,15.0,0.04
1562,2021-02-19,MAR,1962,712,1250,1827,135,ITI,ITI3,11,Marche,Marche,1525271,230763,15.13,0.13
1563,2021-02-18,MAR,2101,745,1356,1815,286,ITI,ITI3,11,Marche,Marche,1525271,232864,15.27,0.14
1564,2021-03-27,MAR,7377,3072,4305,5019,2358,ITI,ITI3,11,Marche,Marche,1525271,240241,15.75,0.48
1565,2021-02-10,MAR,1439,452,987,1080,359,ITI,ITI3,11,Marche,Marche,1525271,241680,15.85,0.09
1566,2021-04-17,MAR,11699,5315,6384,10626,1073,ITI,ITI3,11,Marche,Marche,1525271,253379,16.61,0.77
1567,2021-01-31,MAR,1920,770,1150,105,1815,ITI,ITI3,11,Marche,Marche,1525271,255299,16.74,0.13
1568,2021-01-14,MAR,2010,692,1318,2010,0,ITI,ITI3,11,Marche,Marche,1525271,257309,16.87,0.13
1569,2020-12-30,MAR,17,5,12,17,0,ITI,ITI3,11,Marche,Marche,1525271,257326,16.87,0.0
1570,2021-02-20,MAR,4121,1705,2416,4010,111,ITI,ITI3,11,Marche,Marche,1525271,261447,17.14,0.27
1571,2021-04-28,MAR,10734,4890,5844,6003,4731,ITI,ITI3,11,Marche,Marche,1525271,272181,17.84,0.7
1572,2021-04-09,MAR,9560,4189,5371,9360,200,ITI,ITI3,11,Marche,Marche,1525271,281741,18.47,0.63
1573,2021-04-26,MAR,8980,3983,4997,5958,3022,ITI,ITI3,11,Marche,Marche,1525271,290721,19.06,0.59
1574,2021-03-20,MAR,4135,1740,2395,1049,3086,ITI,ITI3,11,Marche,Marche,1525271,294856,19.33,0.27
1575,2021-02-24,MAR,3486,1515,1971,3408,78,ITI,ITI3,11,Marche,Marche,1525271,298342,19.56,0.23
1576,2021-05-24,MAR,10797,5112,5685,8123,2674,ITI,ITI3,11,Marche,Marche,1525271,309139,20.27,0.71
1577,2021-01-17,MAR,1607,687,920,1550,57,ITI,ITI3,11,Marche,Marche,1525271,310746,20.37,0.11
1578,2021-04-05,MAR,5688,2355,3333,4419,1269,ITI,ITI3,11,Marche,Marche,1525271,316434,20.75,0.37
1579,2021-05-13,MAR,12601,5694,6907,7102,5499,ITI,ITI3,11,Marche,Marche,1525271,329035,21.57,0.83
1580,2021-03-02,MAR,4953,1941,3012,4387,566,ITI,ITI3,11,Marche,Marche,1525271,333988,21.9,0.32
1581,2021-04-11,MAR,7116,3115,4001,6830,286,ITI,ITI3,11,Marche,Marche,1525271,341104,22.36,0.47
1582,2021-01-09,MAR,1709,605,1104,1709,0,ITI,ITI3,11,Marche,Marche,1525271,342813,22.48,0.11
1583,2021-02-12,MAR,1582,618,964,1430,152,ITI,ITI3,11,Marche,Marche,1525271,344395,22.58,0.1
1584,2021-03-28,MAR,4126,1739,2387,2435,1691,ITI,ITI3,11,Marche,Marche,1525271,348521,22.85,0.27
1585,2021-04-21,MAR,10781,4967,5814,9587,1194,ITI,ITI3,11,Marche,Marche,1525271,359302,23.56,0.71
1586,2021-05-07,MAR,12837,5805,7032,3660,9177,ITI,ITI3,11,Marche,Marche,1525271,372139,24.4,0.84
1587,2021-01-25,MAR,1596,559,1037,97,1499,ITI,ITI3,11,Marche,Marche,1525271,373735,24.5,0.1
1588,2021-04-12,MAR,8567,3772,4795,8083,484,ITI,ITI3,11,Marche,Marche,1525271,382302,25.06,0.56
1589,2021-01-07,MAR,1807,636,1171,1807,0,ITI,ITI3,11,Marche,Marche,1525271,384109,25.18,0.12
1590,2021-03-19,MAR,3835,1597,2238,339,3496,ITI,ITI3,11,Marche,Marche,1525271,387944,25.43,0.25
1591,2021-05-10,MAR,9447,4336,5111,4895,4552,ITI,ITI3,11,Marche,Marche,1525271,397391,26.05,0.62
1592,2021-03-01,MAR,3724,1487,2237,3476,248,ITI,ITI3,11,Marche,Marche,1525271,401115,26.3,0.24
1593,2021-02-04,MAR,2341,809,1532,112,2229,ITI,ITI3,11,Marche,Marche,1525271,403456,26.45,0.15
1594,2021-05-20,MAR,12365,5814,6551,7666,4699,ITI,ITI3,11,Marche,Marche,1525271,415821,27.26,0.81
1595,2021-04-25,MAR,8600,3994,4606,7025,1575,ITI,ITI3,11,Marche,Marche,1525271,424421,27.83,0.56
1596,2021-02-09,MAR,124,42,82,46,78,ITI,ITI3,11,Marche,Marche,1525271,424545,27.83,0.01
1597,2021-04-30,MAR,13940,6100,7840,5398,8542,ITI,ITI3,11,Marche,Marche,1525271,438485,28.75,0.91
1598,2021-04-06,MAR,8879,3693,5186,8066,813,ITI,ITI3,11,Marche,Marche,1525271,447364,29.33,0.58
1599,2021-02-27,MAR,3356,1435,1921,3147,209,ITI,ITI3,11,Marche,Marche,1525271,450720,29.55,0.22
1600,2021-01-06,MAR,2181,792,1389,2181,0,ITI,ITI3,11,Marche,Marche,1525271,452901,29.69,0.14
1601,2021-03-14,MAR,2499,1031,1468,1906,593,ITI,ITI3,11,Marche,Marche,1525271,455400,29.86,0.16
1602,2021-02-23,MAR,3267,1397,1870,3211,56,ITI,ITI3,11,Marche,Marche,1525271,458667,30.07,0.21
1603,2021-03-05,MAR,6171,2856,3315,4703,1468,ITI,ITI3,11,Marche,Marche,1525271,464838,30.48,0.4
1604,2021-05-27,MAR,13730,6817,6913,9430,4300,ITI,ITI3,11,Marche,Marche,1525271,478568,31.38,0.9
1605,2021-01-22,MAR,487,167,320,194,293,ITI,ITI3,11,Marche,Marche,1525271,479055,31.41,0.03
1606,2021-03-03,MAR,6643,3046,3597,5761,882,ITI,ITI3,11,Marche,Marche,1525271,485698,31.84,0.44
1607,2021-03-31,MAR,7373,3086,4287,4349,3024,ITI,ITI3,11,Marche,Marche,1525271,493071,32.33,0.48
1608,2021-03-16,MAR,3471,1485,1986,290,3181,ITI,ITI3,11,Marche,Marche,1525271,496542,32.55,0.23
1609,2021-04-14,MAR,10215,4564,5651,9843,372,ITI,ITI3,11,Marche,Marche,1525271,506757,33.22,0.67
1610,2021-02-22,MAR,3413,1499,1914,3338,75,ITI,ITI3,11,Marche,Marche,1525271,510170,33.45,0.22
1611,2021-04-04,MAR,3824,1792,2032,2655,1169,ITI,ITI3,11,Marche,Marche,1525271,513994,33.7,0.25
1612,2021-04-10,MAR,10917,4620,6297,10603,314,ITI,ITI3,11,Marche,Marche,1525271,524911,34.41,0.72
1613,2021-02-11,MAR,1987,657,1330,1598,389,ITI,ITI3,11,Marche,Marche,1525271,526898,34.54,0.13
1614,2021-04-02,MAR,6875,2973,3902,6135,740,ITI,ITI3,11,Marche,Marche,1525271,533773,35.0,0.45
1615,2021-05-31,MAR,11762,5939,5823,8837,2925,ITI,ITI3,11,Marche,Marche,1525271,545535,35.77,0.77
1616,2021-01-12,MAR,1227,413,814,1227,0,ITI,ITI3,11,Marche,Marche,1525271,546762,35.85,0.08
1617,2021-03-07,MAR,5182,2108,3074,4428,754,ITI,ITI3,11,Marche,Marche,1525271,551944,36.19,0.34
1618,2021-05-15,MAR,13966,6376,7590,8076,5890,ITI,ITI3,11,Marche,Marche,1525271,565910,37.1,0.92
1619,2021-02-02,MAR,1191,397,794,72,1119,ITI,ITI3,11,Marche,Marche,1525271,567101,37.18,0.08
1620,2021-04-03,MAR,7573,3204,4369,6903,670,ITI,ITI3,11,Marche,Marche,1525271,574674,37.68,0.5
1621,2021-02-08,MAR,833,258,575,371,462,ITI,ITI3,11,Marche,Marche,1525271,575507,37.73,0.05
1622,2021-05-01,MAR,9318,3924,5394,3576,5742,ITI,ITI3,11,Marche,Marche,1525271,584825,38.34,0.61
1623,2021-05-18,MAR,11061,5257,5804,7657,3404,ITI,ITI3,11,Marche,Marche,1525271,595886,39.07,0.73
1624,2021-01-05,MAR,1562,586,976,1562,0,ITI,ITI3,11,Marche,Marche,1525271,597448,39.17,0.1
1625,2021-01-27,MAR,2118,780,1338,122,1996,ITI,ITI3,11,Marche,Marche,1525271,599566,39.31,0.14
1626,2021-03-18,MAR,3389,1475,1914,162,3227,ITI,ITI3,11,Marche,Marche,1525271,602955,39.53,0.22
1627,2021-02-25,MAR,3510,1434,2076,3331,179,ITI,ITI3,11,Marche,Marche,1525271,606465,39.76,0.23
1628,2020-12-27,MAR,200,97,103,200,0,ITI,ITI3,11,Marche,Marche,1525271,606665,39.77,0.01
1629,2021-05-30,MAR,9744,4695,5049,6752,2992,ITI,ITI3,11,Marche,Marche,1525271,616409,40.41,0.64
1630,2021-05-21,MAR,12951,6113,6838,6695,6256,ITI,ITI3,11,Marche,Marche,1525271,629360,41.26,0.85
1631,2021-03-23,MAR,5789,2529,3260,2262,3527,ITI,ITI3,11,Marche,Marche,1525271,635149,41.64,0.38
1632,2021-05-09,MAR,8770,3986,4784,3639,5131,ITI,ITI3,11,Marche,Marche,1525271,643919,42.22,0.57
1633,2021-01-20,MAR,401,100,301,384,17,ITI,ITI3,11,Marche,Marche,1525271,644320,42.24,0.03
1634,2021-01-10,MAR,1737,699,1038,1737,0,ITI,ITI3,11,Marche,Marche,1525271,646057,42.36,0.11
1635,2021-03-24,MAR,7032,2983,4049,3364,3668,ITI,ITI3,11,Marche,Marche,1525271,653089,42.82,0.46
1636,2021-05-14,MAR,13492,6217,7275,6720,6772,ITI,ITI3,11,Marche,Marche,1525271,666581,43.7,0.88
1637,2021-02-07,MAR,1868,734,1134,344,1524,ITI,ITI3,11,Marche,Marche,1525271,668449,43.82,0.12
1638,2021-04-08,MAR,7522,3285,4237,7195,327,ITI,ITI3,11,Marche,Marche,1525271,675971,44.32,0.49
1639,2021-01-28,MAR,2086,725,1361,165,1921,ITI,ITI3,11,Marche,Marche,1525271,678057,44.45,0.14
1640,2021-05-22,MAR,11933,5718,6215,7485,4448,ITI,ITI3,11,Marche,Marche,1525271,689990,45.24,0.78
1641,2021-01-11,MAR,1176,411,765,1176,0,ITI,ITI3,11,Marche,Marche,1525271,691166,45.31,0.08
1642,2021-01-30,MAR,1905,668,1237,29,1876,ITI,ITI3,11,Marche,Marche,1525271,693071,45.44,0.12
1643,2021-04-07,MAR,7810,3435,4375,7475,335,ITI,ITI3,11,Marche,Marche,1525271,700881,45.95,0.51
1644,2021-05-05,MAR,11645,5299,6346,5217,6428,ITI,ITI3,11,Marche,Marche,1525271,712526,46.71,0.76
1645,2021-01-08,MAR,1576,588,988,1576,0,ITI,ITI3,11,Marche,Marche,1525271,714102,46.82,0.1
1646,2021-05-23,MAR,9208,4282,4926,7537,1671,ITI,ITI3,11,Marche,Marche,1525271,723310,47.42,0.6
1647,2021-01-26,MAR,2016,746,1270,92,1924,ITI,ITI3,11,Marche,Marche,1525271,725326,47.55,0.13
1648,2021-04-22,MAR,10795,4931,5864,9217,1578,ITI,ITI3,11,Marche,Marche,1525271,736121,48.26,0.71
1649,2020-12-31,MAR,385,180,205,385,0,ITI,ITI3,11,Marche,Marche,1525271,736506,48.29,0.03
1650,2021-03-04,MAR,6486,2868,3618,5093,1393,ITI,ITI3,11,Marche,Marche,1525271,742992,48.71,0.43
1651,2021-02-14,MAR,738,301,437,738,0,ITI,ITI3,11,Marche,Marche,1525271,743730,48.76,0.05
1652,2021-05-19,MAR,11471,5272,6199,8562,2909,ITI,ITI3,11,Marche,Marche,1525271,755201,49.51,0.75
1653,2021-04-15,MAR,10376,4674,5702,9811,565,ITI,ITI3,11,Marche,Marche,1525271,765577,50.19,0.68
1654,2021-02-13,MAR,1063,453,610,1011,52,ITI,ITI3,11,Marche,Marche,1525271,766640,50.26,0.07
1655,2021-01-16,MAR,2005,723,1282,2005,0,ITI,ITI3,11,Marche,Marche,1525271,768645,50.39,0.13
1656,2021-03-12,MAR,4640,1972,2668,3402,1238,ITI,ITI3,11,Marche,Marche,1525271,773285,50.7,0.3
1657,2021-05-12,MAR,10422,4684,5738,4921,5501,ITI,ITI3,11,Marche,Marche,1525271,783707,51.38,0.68
1658,2021-03-26,MAR,6331,2606,3725,3523,2808,ITI,ITI3,11,Marche,Marche,1525271,790038,51.8,0.42
1659,2021-03-08,MAR,6263,2743,3520,5261,1002,ITI,ITI3,11,Marche,Marche,1525271,796301,52.21,0.41
1660,2021-02-01,MAR,1362,479,883,98,1264,ITI,ITI3,11,Marche,Marche,1525271,797663,52.3,0.09
1661,2021-04-13,MAR,9838,4259,5579,9605,233,ITI,ITI3,11,Marche,Marche,1525271,807501,52.94,0.65
1662,2021-05-16,MAR,10898,4957,5941,6670,4228,ITI,ITI3,11,Marche,Marche,1525271,818399,53.66,0.71
1663,2021-05-03,MAR,10196,4605,5591,4789,5407,ITI,ITI3,11,Marche,Marche,1525271,828595,54.32,0.67
1664,2021-01-29,MAR,1991,730,1261,167,1824,ITI,ITI3,11,Marche,Marche,1525271,830586,54.45,0.13
1665,2021-05-08,MAR,12270,5477,6793,5022,7248,ITI,ITI3,11,Marche,Marche,1525271,842856,55.26,0.8
1666,2021-03-21,MAR,4505,1873,2632,1629,2876,ITI,ITI3,11,Marche,Marche,1525271,847361,55.55,0.3
1667,2021-01-21,MAR,899,255,644,585,314,ITI,ITI3,11,Marche,Marche,1525271,848260,55.61,0.06
1668,2021-04-18,MAR,8820,4131,4689,7899,921,ITI,ITI3,11,Marche,Marche,1525271,857080,56.19,0.58
1669,2021-05-26,MAR,11805,5916,5889,8620,3185,ITI,ITI3,11,Marche,Marche,1525271,868885,56.97,0.77
1670,2021-05-04,MAR,10844,4789,6055,4949,5895,ITI,ITI3,11,Marche,Marche,1525271,879729,57.68,0.71
1671,2021-03-17,MAR,3428,1494,1934,107,3321,ITI,ITI3,11,Marche,Marche,1525271,883157,57.9,0.22
1672,2021-03-06,MAR,5701,2624,3077,4434,1267,ITI,ITI3,11,Marche,Marche,1525271,888858,58.28,0.37
1673,2021-04-24,MAR,12026,5304,6722,7560,4466,ITI,ITI3,11,Marche,Marche,1525271,900884,59.06,0.79
1674,2021-02-17,MAR,1785,662,1123,1668,117,ITI,ITI3,11,Marche,Marche,1525271,902669,59.18,0.12
1675,2021-02-26,MAR,3630,1499,2131,3154,476,ITI,ITI3,11,Marche,Marche,1525271,906299,59.42,0.24
1676,2021-04-07,FVG,7494,3321,4173,6713,781,ITH,ITH4,6,Friuli-Venezia Giulia,Friuli Venezia Giulia,1215220,7494,0.62,0.62
1677,2021-01-24,FVG,305,119,186,1,304,ITH,ITH4,6,Friuli-Venezia Giulia,Friuli Venezia Giulia,1215220,7799,0.64,0.03
1678,2021-01-14,FVG,2584,789,1795,2584,0,ITH,ITH4,6,Friuli-Venezia Giulia,Friuli Venezia Giulia,1215220,10383,0.85,0.21
1679,2021-02-27,FVG,3528,1200,2328,3527,1,ITH,ITH4,6,Friuli-Venezia Giulia,Friuli Venezia Giulia,1215220,13911,1.14,0.29
1680,2021-01-02,FVG,1216,470,746,1216,0,ITH,ITH4,6,Friuli-Venezia Giulia,Friuli Venezia Giulia,1215220,15127,1.24,0.1
1681,2021-05-11,FVG,8910,4267,4643,7122,1788,ITH,ITH4,6,Friuli-Venezia Giulia,Friuli Venezia Giulia,1215220,24037,1.98,0.73
1682,2021-03-04,FVG,3445,1595,1850,2787,658,ITH,ITH4,6,Friuli-Venezia Giulia,Friuli Venezia Giulia,1215220,27482,2.26,0.28
1683,2021-03-26,FVG,5801,2425,3376,3789,2012,ITH,ITH4,6,Friuli-Venezia Giulia,Friuli Venezia Giulia,1215220,33283,2.74,0.48
1684,2021-04-19,FVG,6705,3131,3574,3293,3412,ITH,ITH4,6,Friuli-Venezia Giulia,Friuli Venezia Giulia,1215220,39988,3.29,0.55
1685,2021-01-07,FVG,2090,717,1373,2090,0,ITH,ITH4,6,Friuli-Venezia Giulia,Friuli Venezia Giulia,1215220,42078,3.46,0.17
1686,2021-04-28,FVG,7246,3194,4052,3782,3464,ITH,ITH4,6,Friuli-Venezia Giulia,Friuli Venezia Giulia,1215220,49324,4.06,0.6
1687,2021-01-08,FVG,2322,747,1575,2322,0,ITH,ITH4,6,Friuli-Venezia Giulia,Friuli Venezia Giulia,1215220,51646,4.25,0.19
1688,2021-05-12,FVG,10669,4937,5732,9314,1355,ITH,ITH4,6,Friuli-Venezia Giulia,Friuli Venezia Giulia,1215220,62315,5.13,0.88
1689,2021-02-18,FVG,3218,1492,1726,2811,407,ITH,ITH4,6,Friuli-Venezia Giulia,Friuli Venezia Giulia,1215220,65533,5.39,0.26
1690,2021-02-19,FVG,3251,1289,1962,2824,427,ITH,ITH4,6,Friuli-Venezia Giulia,Friuli Venezia Giulia,1215220,68784,5.66,0.27
1691,2021-02-08,FVG,2357,694,1663,92,2265,ITH,ITH4,6,Friuli-Venezia Giulia,Friuli Venezia Giulia,1215220,71141,5.85,0.19
1692,2021-02-20,FVG,2068,933,1135,1924,144,ITH,ITH4,6,Friuli-Venezia Giulia,Friuli Venezia Giulia,1215220,73209,6.02,0.17
1693,2021-03-12,FVG,3938,1544,2394,2557,1381,ITH,ITH4,6,Friuli-Venezia Giulia,Friuli Venezia Giulia,1215220,77147,6.35,0.32
1694,2021-01-27,FVG,1272,425,847,450,822,ITH,ITH4,6,Friuli-Venezia Giulia,Friuli Venezia Giulia,1215220,78419,6.45,0.1
1695,2021-05-18,FVG,10555,5266,5289,8539,2016,ITH,ITH4,6,Friuli-Venezia Giulia,Friuli Venezia Giulia,1215220,88974,7.32,0.87
1696,2021-01-18,FVG,1961,606,1355,1867,94,ITH,ITH4,6,Friuli-Venezia Giulia,Friuli Venezia Giulia,1215220,90935,7.48,0.16
1697,2021-05-21,FVG,11011,4898,6113,8136,2875,ITH,ITH4,6,Friuli-Venezia Giulia,Friuli Venezia Giulia,1215220,101946,8.39,0.91
1698,2021-02-13,FVG,566,179,387,560,6,ITH,ITH4,6,Friuli-Venezia Giulia,Friuli Venezia Giulia,1215220,102512,8.44,0.05
1699,2021-02-01,FVG,2097,688,1409,16,2081,ITH,ITH4,6,Friuli-Venezia Giulia,Friuli Venezia Giulia,1215220,104609,8.61,0.17
1700,2021-05-24,FVG,10957,5252,5705,7496,3461,ITH,ITH4,6,Friuli-Venezia Giulia,Friuli Venezia Giulia,1215220,115566,9.51,0.9
1701,2021-03-08,FVG,4063,1593,2470,1978,2085,ITH,ITH4,6,Friuli-Venezia Giulia,Friuli Venezia Giulia,1215220,119629,9.84,0.33
1702,2021-02-12,FVG,1193,428,765,1146,47,ITH,ITH4,6,Friuli-Venezia Giulia,Friuli Venezia Giulia,1215220,120822,9.94,0.1
1703,2021-04-30,FVG,7304,3217,4087,3691,3613,ITH,ITH4,6,Friuli-Venezia Giulia,Friuli Venezia Giulia,1215220,128126,10.54,0.6
1704,2021-04-15,FVG,6487,2859,3628,5216,1271,ITH,ITH4,6,Friuli-Venezia Giulia,Friuli Venezia Giulia,1215220,134613,11.08,0.53
1705,2021-05-04,FVG,9502,4284,5218,6150,3352,ITH,ITH4,6,Friuli-Venezia Giulia,Friuli Venezia Giulia,1215220,144115,11.86,0.78
1706,2021-05-16,FVG,9939,4759,5180,8545,1394,ITH,ITH4,6,Friuli-Venezia Giulia,Friuli Venezia Giulia,1215220,154054,12.68,0.82
1707,2021-05-27,FVG,12158,5746,6412,7152,5006,ITH,ITH4,6,Friuli-Venezia Giulia,Friuli Venezia Giulia,1215220,166212,13.68,1.0
1708,2021-04-10,FVG,4985,2164,2821,3760,1225,ITH,ITH4,6,Friuli-Venezia Giulia,Friuli Venezia Giulia,1215220,171197,14.09,0.41
1709,2021-04-02,FVG,6566,2915,3651,4733,1833,ITH,ITH4,6,Friuli-Venezia Giulia,Friuli Venezia Giulia,1215220,177763,14.63,0.54
1710,2021-03-01,FVG,2957,1041,1916,2905,52,ITH,ITH4,6,Friuli-Venezia Giulia,Friuli Venezia Giulia,1215220,180720,14.87,0.24
1711,2021-01-29,FVG,2414,814,1600,264,2150,ITH,ITH4,6,Friuli-Venezia Giulia,Friuli Venezia Giulia,1215220,183134,15.07,0.2
1712,2021-03-22,FVG,3541,1343,2198,1586,1955,ITH,ITH4,6,Friuli-Venezia Giulia,Friuli Venezia Giulia,1215220,186675,15.36,0.29
1713,2021-03-31,FVG,8030,3500,4530,7185,845,ITH,ITH4,6,Friuli-Venezia Giulia,Friuli Venezia Giulia,1215220,194705,16.02,0.66
1714,2021-02-22,FVG,2485,1193,1292,2067,418,ITH,ITH4,6,Friuli-Venezia Giulia,Friuli Venezia Giulia,1215220,197190,16.23,0.2
1715,2021-05-17,FVG,8767,4073,4694,6290,2477,ITH,ITH4,6,Friuli-Venezia Giulia,Friuli Venezia Giulia,1215220,205957,16.95,0.72
1716,2021-02-28,FVG,2685,1002,1683,2292,393,ITH,ITH4,6,Friuli-Venezia Giulia,Friuli Venezia Giulia,1215220,208642,17.17,0.22
1717,2021-05-06,FVG,11863,5512,6351,7910,3953,ITH,ITH4,6,Friuli-Venezia Giulia,Friuli Venezia Giulia,1215220,220505,18.15,0.98
1718,2021-02-25,FVG,3160,1651,1509,3135,25,ITH,ITH4,6,Friuli-Venezia Giulia,Friuli Venezia Giulia,1215220,223665,18.41,0.26
1719,2021-02-21,FVG,801,281,520,423,378,ITH,ITH4,6,Friuli-Venezia Giulia,Friuli Venezia Giulia,1215220,224466,18.47,0.07
1720,2021-04-29,FVG,6683,2932,3751,4162,2521,ITH,ITH4,6,Friuli-Venezia Giulia,Friuli Venezia Giulia,1215220,231149,19.02,0.55
1721,2021-03-15,FVG,3765,1636,2129,1446,2319,ITH,ITH4,6,Friuli-Venezia Giulia,Friuli Venezia Giulia,1215220,234914,19.33,0.31
1722,2021-04-27,FVG,8077,3703,4374,3619,4458,ITH,ITH4,6,Friuli-Venezia Giulia,Friuli Venezia Giulia,1215220,242991,20.0,0.66
1723,2021-04-03,FVG,3982,1968,2014,2654,1328,ITH,ITH4,6,Friuli-Venezia Giulia,Friuli Venezia Giulia,1215220,246973,20.32,0.33
1724,2020-12-31,FVG,1053,384,669,1053,0,ITH,ITH4,6,Friuli-Venezia Giulia,Friuli Venezia Giulia,1215220,248026,20.41,0.09
1725,2021-01-04,FVG,1507,558,949,1507,0,ITH,ITH4,6,Friuli-Venezia Giulia,Friuli Venezia Giulia,1215220,249533,20.53,0.12
1726,2021-02-07,FVG,1561,483,1078,386,1175,ITH,ITH4,6,Friuli-Venezia Giulia,Friuli Venezia Giulia,1215220,251094,20.66,0.13
1727,2021-04-05,FVG,2868,1425,1443,2853,15,ITH,ITH4,6,Friuli-Venezia Giulia,Friuli Venezia Giulia,1215220,253962,20.9,0.24
1728,2020-12-30,FVG,626,244,382,626,0,ITH,ITH4,6,Friuli-Venezia Giulia,Friuli Venezia Giulia,1215220,254588,20.95,0.05
1729,2021-01-19,FVG,6,2,4,6,0,ITH,ITH4,6,Friuli-Venezia Giulia,Friuli Venezia Giulia,1215220,254594,20.95,0.0
1730,2021-01-03,FVG,312,122,190,312,0,ITH,ITH4,6,Friuli-Venezia Giulia,Friuli Venezia Giulia,1215220,254906,20.98,0.03
1731,2021-02-05,FVG,2614,785,1829,90,2524,ITH,ITH4,6,Friuli-Venezia Giulia,Friuli Venezia Giulia,1215220,257520,21.19,0.22
1732,2021-05-29,FVG,11856,5765,6091,6956,4900,ITH,ITH4,6,Friuli-Venezia Giulia,Friuli Venezia Giulia,1215220,269376,22.17,0.98
1733,2021-03-30,FVG,7094,3142,3952,6172,922,ITH,ITH4,6,Friuli-Venezia Giulia,Friuli Venezia Giulia,1215220,276470,22.75,0.58
1734,2021-01-30,FVG,2275,745,1530,270,2005,ITH,ITH4,6,Friuli-Venezia Giulia,Friuli Venezia Giulia,1215220,278745,22.94,0.19
1735,2021-02-03,FVG,2647,791,1856,23,2624,ITH,ITH4,6,Friuli-Venezia Giulia,Friuli Venezia Giulia,1215220,281392,23.16,0.22
1736,2021-04-13,FVG,7362,3289,4073,5758,1604,ITH,ITH4,6,Friuli-Venezia Giulia,Friuli Venezia Giulia,1215220,288754,23.76,0.61
1737,2021-04-23,FVG,7455,3375,4080,3599,3856,ITH,ITH4,6,Friuli-Venezia Giulia,Friuli Venezia Giulia,1215220,296209,24.37,0.61
1738,2021-01-10,FVG,2939,918,2021,2939,0,ITH,ITH4,6,Friuli-Venezia Giulia,Friuli Venezia Giulia,1215220,299148,24.62,0.24
1739,2021-01-13,FVG,2650,834,1816,2650,0,ITH,ITH4,6,Friuli-Venezia Giulia,Friuli Venezia Giulia,1215220,301798,24.83,0.22
1740,2021-05-03,FVG,7178,3270,3908,3404,3774,ITH,ITH4,6,Friuli-Venezia Giulia,Friuli Venezia Giulia,1215220,308976,25.43,0.59
1741,2021-05-05,FVG,9707,4230,5477,6266,3441,ITH,ITH4,6,Friuli-Venezia Giulia,Friuli Venezia Giulia,1215220,318683,26.22,0.8
1742,2021-03-03,FVG,3639,1627,2012,2365,1274,ITH,ITH4,6,Friuli-Venezia Giulia,Friuli Venezia Giulia,1215220,322322,26.52,0.3
1743,2020-12-27,FVG,262,149,113,262,0,ITH,ITH4,6,Friuli-Venezia Giulia,Friuli Venezia Giulia,1215220,322584,26.55,0.02
1744,2021-03-06,FVG,3499,1196,2303,3174,325,ITH,ITH4,6,Friuli-Venezia Giulia,Friuli Venezia Giulia,1215220,326083,26.83,0.29
1745,2021-02-02,FVG,2467,806,1661,217,2250,ITH,ITH4,6,Friuli-Venezia Giulia,Friuli Venezia Giulia,1215220,328550,27.04,0.2
1746,2021-04-17,FVG,7447,3232,4215,5965,1482,ITH,ITH4,6,Friuli-Venezia Giulia,Friuli Venezia Giulia,1215220,335997,27.65,0.61
1747,2021-04-22,FVG,6755,3073,3682,3079,3676,ITH,ITH4,6,Friuli-Venezia Giulia,Friuli Venezia Giulia,1215220,342752,28.2,0.56
1748,2021-05-07,FVG,10537,4815,5722,7070,3467,ITH,ITH4,6,Friuli-Venezia Giulia,Friuli Venezia Giulia,1215220,353289,29.07,0.87
1749,2021-02-06,FVG,1154,338,816,22,1132,ITH,ITH4,6,Friuli-Venezia Giulia,Friuli Venezia Giulia,1215220,354443,29.17,0.09
1750,2021-05-01,FVG,7185,3244,3941,6142,1043,ITH,ITH4,6,Friuli-Venezia Giulia,Friuli Venezia Giulia,1215220,361628,29.76,0.59
1751,2021-01-22,FVG,90,30,60,0,90,ITH,ITH4,6,Friuli-Venezia Giulia,Friuli Venezia Giulia,1215220,361718,29.77,0.01
1752,2021-04-16,FVG,6910,2995,3915,4987,1923,ITH,ITH4,6,Friuli-Venezia Giulia,Friuli Venezia Giulia,1215220,368628,30.33,0.57
1753,2021-04-18,FVG,6037,2799,3238,5630,407,ITH,ITH4,6,Friuli-Venezia Giulia,Friuli Venezia Giulia,1215220,374665,30.83,0.5
1754,2021-03-23,FVG,3753,1558,2195,1613,2140,ITH,ITH4,6,Friuli-Venezia Giulia,Friuli Venezia Giulia,1215220,378418,31.14,0.31
1755,2021-03-24,FVG,3766,1530,2236,2286,1480,ITH,ITH4,6,Friuli-Venezia Giulia,Friuli Venezia Giulia,1215220,382184,31.45,0.31
1756,2021-05-26,FVG,12656,6283,6373,9413,3243,ITH,ITH4,6,Friuli-Venezia Giulia,Friuli Venezia Giulia,1215220,394840,32.49,1.04
1757,2021-01-31,FVG,2715,836,1879,385,2330,ITH,ITH4,6,Friuli-Venezia Giulia,Friuli Venezia Giulia,1215220,397555,32.71,0.22
1758,2021-04-08,FVG,7207,3014,4193,5287,1920,ITH,ITH4,6,Friuli-Venezia Giulia,Friuli Venezia Giulia,1215220,404762,33.31,0.59
1759,2021-03-17,FVG,3231,1265,1966,743,2488,ITH,ITH4,6,Friuli-Venezia Giulia,Friuli Venezia Giulia,1215220,407993,33.57,0.27
1760,2021-05-23,FVG,10249,4843,5406,6110,4139,ITH,ITH4,6,Friuli-Venezia Giulia,Friuli Venezia Giulia,1215220,418242,34.42,0.84
1761,2021-02-10,FVG,1352,496,856,1266,86,ITH,ITH4,6,Friuli-Venezia Giulia,Friuli Venezia Giulia,1215220,419594,34.53,0.11
1762,2021-01-26,FVG,1977,647,1330,217,1760,ITH,ITH4,6,Friuli-Venezia Giulia,Friuli Venezia Giulia,1215220,421571,34.69,0.16
1763,2021-03-10,FVG,3358,1493,1865,1566,1792,ITH,ITH4,6,Friuli-Venezia Giulia,Friuli Venezia Giulia,1215220,424929,34.97,0.28
1764,2021-03-27,FVG,4985,2560,2425,3574,1411,ITH,ITH4,6,Friuli-Venezia Giulia,Friuli Venezia Giulia,1215220,429914,35.38,0.41
1765,2021-04-24,FVG,6674,2945,3729,5432,1242,ITH,ITH4,6,Friuli-Venezia Giulia,Friuli Venezia Giulia,1215220,436588,35.93,0.55
1766,2021-04-21,FVG,7702,3439,4263,4022,3680,ITH,ITH4,6,Friuli-Venezia Giulia,Friuli Venezia Giulia,1215220,444290,36.56,0.63
1767,2021-05-08,FVG,10248,4631,5617,5470,4778,ITH,ITH4,6,Friuli-Venezia Giulia,Friuli Venezia Giulia,1215220,454538,37.4,0.84
1768,2021-03-14,FVG,1395,547,848,1143,252,ITH,ITH4,6,Friuli-Venezia Giulia,Friuli Venezia Giulia,1215220,455933,37.52,0.11
1769,2021-05-19,FVG,11693,5737,5956,9467,2226,ITH,ITH4,6,Friuli-Venezia Giulia,Friuli Venezia Giulia,1215220,467626,38.48,0.96
1770,2021-01-12,FVG,2260,713,1547,2260,0,ITH,ITH4,6,Friuli-Venezia Giulia,Friuli Venezia Giulia,1215220,469886,38.67,0.19
1771,2021-03-09,FVG,3855,1589,2266,1108,2747,ITH,ITH4,6,Friuli-Venezia Giulia,Friuli Venezia Giulia,1215220,473741,38.98,0.32
1772,2021-05-13,FVG,10994,5282,5712,8995,1999,ITH,ITH4,6,Friuli-Venezia Giulia,Friuli Venezia Giulia,1215220,484735,39.89,0.9
1773,2021-03-29,FVG,6873,3000,3873,5294,1579,ITH,ITH4,6,Friuli-Venezia Giulia,Friuli Venezia Giulia,1215220,491608,40.45,0.57
1774,2021-03-19,FVG,3234,1339,1895,1301,1933,ITH,ITH4,6,Friuli-Venezia Giulia,Friuli Venezia Giulia,1215220,494842,40.72,0.27
1775,2021-03-28,FVG,4810,2274,2536,4670,140,ITH,ITH4,6,Friuli-Venezia Giulia,Friuli Venezia Giulia,1215220,499652,41.12,0.4
1776,2021-05-10,FVG,7911,3514,4397,6372,1539,ITH,ITH4,6,Friuli-Venezia Giulia,Friuli Venezia Giulia,1215220,507563,41.77,0.65
1777,2021-01-17,FVG,1716,523,1193,1716,0,ITH,ITH4,6,Friuli-Venezia Giulia,Friuli Venezia Giulia,1215220,509279,41.91,0.14
1778,2021-04-26,FVG,5444,2445,2999,3796,1648,ITH,ITH4,6,Friuli-Venezia Giulia,Friuli Venezia Giulia,1215220,514723,42.36,0.45
1779,2021-03-21,FVG,2602,937,1665,2193,409,ITH,ITH4,6,Friuli-Venezia Giulia,Friuli Venezia Giulia,1215220,517325,42.57,0.21
1780,2021-04-12,FVG,7253,3181,4072,6122,1131,ITH,ITH4,6,Friuli-Venezia Giulia,Friuli Venezia Giulia,1215220,524578,43.17,0.6
1781,2021-01-25,FVG,1582,567,1015,194,1388,ITH,ITH4,6,Friuli-Venezia Giulia,Friuli Venezia Giulia,1215220,526160,43.3,0.13
1782,2021-05-20,FVG,12364,6069,6295,9949,2415,ITH,ITH4,6,Friuli-Venezia Giulia,Friuli Venezia Giulia,1215220,538524,44.31,1.02
1783,2021-01-21,FVG,896,345,551,1,895,ITH,ITH4,6,Friuli-Venezia Giulia,Friuli Venezia Giulia,1215220,539420,44.39,0.07
1784,2021-02-23,FVG,2617,1252,1365,2437,180,ITH,ITH4,6,Friuli-Venezia Giulia,Friuli Venezia Giulia,1215220,542037,44.6,0.22
1785,2021-02-26,FVG,3734,2092,1642,3586,148,ITH,ITH4,6,Friuli-Venezia Giulia,Friuli Venezia Giulia,1215220,545771,44.91,0.31
1786,2021-03-18,FVG,3371,1421,1950,1690,1681,ITH,ITH4,6,Friuli-Venezia Giulia,Friuli Venezia Giulia,1215220,549142,45.19,0.28
1787,2021-03-05,FVG,3736,1478,2258,2663,1073,ITH,ITH4,6,Friuli-Venezia Giulia,Friuli Venezia Giulia,1215220,552878,45.5,0.31
1788,2021-04-11,FVG,3433,1520,1913,2527,906,ITH,ITH4,6,Friuli-Venezia Giulia,Friuli Venezia Giulia,1215220,556311,45.78,0.28
1789,2021-05-28,FVG,9651,4453,5198,5813,3838,ITH,ITH4,6,Friuli-Venezia Giulia,Friuli Venezia Giulia,1215220,565962,46.57,0.79
1790,2021-02-24,FVG,2520,1084,1436,2502,18,ITH,ITH4,6,Friuli-Venezia Giulia,Friuli Venezia Giulia,1215220,568482,46.78,0.21
1791,2021-04-14,FVG,7216,3119,4097,5504,1712,ITH,ITH4,6,Friuli-Venezia Giulia,Friuli Venezia Giulia,1215220,575698,47.37,0.59
1792,2021-02-11,FVG,1930,664,1266,1738,192,ITH,ITH4,6,Friuli-Venezia Giulia,Friuli Venezia Giulia,1215220,577628,47.53,0.16
1793,2021-03-20,FVG,3340,1351,1989,1249,2091,ITH,ITH4,6,Friuli-Venezia Giulia,Friuli Venezia Giulia,1215220,580968,47.81,0.27
1794,2021-02-17,FVG,2353,999,1354,1873,480,ITH,ITH4,6,Friuli-Venezia Giulia,Friuli Venezia Giulia,1215220,583321,48.0,0.19
1795,2021-03-02,FVG,4219,1519,2700,2720,1499,ITH,ITH4,6,Friuli-Venezia Giulia,Friuli Venezia Giulia,1215220,587540,48.35,0.35
1796,2021-01-23,FVG,816,324,492,4,812,ITH,ITH4,6,Friuli-Venezia Giulia,Friuli Venezia Giulia,1215220,588356,48.42,0.07
1797,2021-03-07,FVG,2547,932,1615,2546,1,ITH,ITH4,6,Friuli-Venezia Giulia,Friuli Venezia Giulia,1215220,590903,48.63,0.21
1798,2021-04-09,FVG,7762,3528,4234,6518,1244,ITH,ITH4,6,Friuli-Venezia Giulia,Friuli Venezia Giulia,1215220,598665,49.26,0.64
1799,2021-05-22,FVG,11470,5150,6320,7263,4207,ITH,ITH4,6,Friuli-Venezia Giulia,Friuli Venezia Giulia,1215220,610135,50.21,0.94
1800,2021-02-16,FVG,2516,1135,1381,2400,116,ITH,ITH4,6,Friuli-Venezia Giulia,Friuli Venezia Giulia,1215220,612651,50.41,0.21
1801,2021-01-09,FVG,2513,841,1672,2513,0,ITH,ITH4,6,Friuli-Venezia Giulia,Friuli Venezia Giulia,1215220,615164,50.62,0.21
1802,2021-03-16,FVG,3153,1287,1866,1073,2080,ITH,ITH4,6,Friuli-Venezia Giulia,Friuli Venezia Giulia,1215220,618317,50.88,0.26
1803,2021-05-15,FVG,12590,6069,6521,7913,4677,ITH,ITH4,6,Friuli-Venezia Giulia,Friuli Venezia Giulia,1215220,630907,51.92,1.04
1804,2021-02-09,FVG,1842,555,1287,1556,286,ITH,ITH4,6,Friuli-Venezia Giulia,Friuli Venezia Giulia,1215220,632749,52.07,0.15
1805,2021-03-13,FVG,2935,1120,1815,1664,1271,ITH,ITH4,6,Friuli-Venezia Giulia,Friuli Venezia Giulia,1215220,635684,52.31,0.24
1806,2021-02-15,FVG,2453,911,1542,2201,252,ITH,ITH4,6,Friuli-Venezia Giulia,Friuli Venezia Giulia,1215220,638137,52.51,0.2
1807,2021-03-25,FVG,5309,2261,3048,3176,2133,ITH,ITH4,6,Friuli-Venezia Giulia,Friuli Venezia Giulia,1215220,643446,52.95,0.44
1808,2021-05-30,FVG,11034,4977,6057,7457,3577,ITH,ITH4,6,Friuli-Venezia Giulia,Friuli Venezia Giulia,1215220,654480,53.86,0.91
1809,2021-05-31,FVG,7938,3855,4083,6156,1782,ITH,ITH4,6,Friuli-Venezia Giulia,Friuli Venezia Giulia,1215220,662418,54.51,0.65
1810,2021-01-20,FVG,748,320,428,13,735,ITH,ITH4,6,Friuli-Venezia Giulia,Friuli Venezia Giulia,1215220,663166,54.57,0.06
1811,2021-01-05,FVG,1678,551,1127,1678,0,ITH,ITH4,6,Friuli-Venezia Giulia,Friuli Venezia Giulia,1215220,664844,54.71,0.14
1812,2021-01-16,FVG,1230,360,870,1230,0,ITH,ITH4,6,Friuli-Venezia Giulia,Friuli Venezia Giulia,1215220,666074,54.81,0.1
1813,2021-04-06,FVG,6276,2771,3505,5126,1150,ITH,ITH4,6,Friuli-Venezia Giulia,Friuli Venezia Giulia,1215220,672350,55.33,0.52
1814,2021-02-04,FVG,2725,808,1917,35,2690,ITH,ITH4,6,Friuli-Venezia Giulia,Friuli Venezia Giulia,1215220,675075,55.55,0.22
1815,2021-04-01,FVG,6315,2993,3322,5300,1015,ITH,ITH4,6,Friuli-Venezia Giulia,Friuli Venezia Giulia,1215220,681390,56.07,0.52
1816,2021-04-25,FVG,2363,990,1373,2352,11,ITH,ITH4,6,Friuli-Venezia Giulia,Friuli Venezia Giulia,1215220,683753,56.27,0.19
1817,2021-05-14,FVG,10555,5228,5327,8083,2472,ITH,ITH4,6,Friuli-Venezia Giulia,Friuli Venezia Giulia,1215220,694308,57.13,0.87
1818,2021-04-20,FVG,7106,3059,4047,3203,3903,ITH,ITH4,6,Friuli-Venezia Giulia,Friuli Venezia Giulia,1215220,701414,57.72,0.58
1819,2021-01-06,FVG,710,264,446,710,0,ITH,ITH4,6,Friuli-Venezia Giulia,Friuli Venezia Giulia,1215220,702124,57.78,0.06
1820,2021-01-28,FVG,2239,794,1445,354,1885,ITH,ITH4,6,Friuli-Venezia Giulia,Friuli Venezia Giulia,1215220,704363,57.96,0.18
1821,2021-03-11,FVG,3355,1413,1942,1605,1750,ITH,ITH4,6,Friuli-Venezia Giulia,Friuli Venezia Giulia,1215220,707718,58.24,0.28
1822,2021-05-09,FVG,7338,3295,4043,3484,3854,ITH,ITH4,6,Friuli-Venezia Giulia,Friuli Venezia Giulia,1215220,715056,58.84,0.6
1823,2021-05-02,FVG,6838,3210,3628,3939,2899,ITH,ITH4,6,Friuli-Venezia Giulia,Friuli Venezia Giulia,1215220,721894,59.4,0.56
1824,2021-01-11,FVG,1882,608,1274,1882,0,ITH,ITH4,6,Friuli-Venezia Giulia,Friuli Venezia Giulia,1215220,723776,59.56,0.15
1825,2021-05-25,FVG,12372,6037,6335,9204,3168,ITH,ITH4,6,Friuli-Venezia Giulia,Friuli Venezia Giulia,1215220,736148,60.58,1.02
1826,2021-01-15,FVG,2021,605,1416,2021,0,ITH,ITH4,6,Friuli-Venezia Giulia,Friuli Venezia Giulia,1215220,738169,60.74,0.17
1827,2021-05-14,EMR,36952,17018,19934,27383,9569,ITH,ITH5,8,Emilia-Romagna,Emilia-Romagna,4459477,36952,0.83,0.83
1828,2021-05-13,EMR,35500,16345,19155,27735,7765,ITH,ITH5,8,Emilia-Romagna,Emilia-Romagna,4459477,72452,1.62,0.8
1829,2021-01-17,EMR,2890,887,2003,2644,246,ITH,ITH5,8,Emilia-Romagna,Emilia-Romagna,4459477,75342,1.69,0.06
1830,2020-12-31,EMR,2213,779,1434,2213,0,ITH,ITH5,8,Emilia-Romagna,Emilia-Romagna,4459477,77555,1.74,0.05
1831,2021-03-19,EMR,15843,6915,8928,7876,7967,ITH,ITH5,8,Emilia-Romagna,Emilia-Romagna,4459477,93398,2.09,0.36
1832,2021-04-12,EMR,19217,8993,10224,14775,4442,ITH,ITH5,8,Emilia-Romagna,Emilia-Romagna,4459477,112615,2.53,0.43
1833,2021-04-26,EMR,27856,12912,14944,18550,9306,ITH,ITH5,8,Emilia-Romagna,Emilia-Romagna,4459477,140471,3.15,0.62
1834,2021-03-28,EMR,13456,6001,7455,9592,3864,ITH,ITH5,8,Emilia-Romagna,Emilia-Romagna,4459477,153927,3.45,0.3
1835,2021-03-20,EMR,16086,6831,9255,9122,6964,ITH,ITH5,8,Emilia-Romagna,Emilia-Romagna,4459477,170013,3.81,0.36
1836,2021-02-07,EMR,4793,1537,3256,1732,3061,ITH,ITH5,8,Emilia-Romagna,Emilia-Romagna,4459477,174806,3.92,0.11
1837,2021-04-06,EMR,24620,11113,13507,19883,4737,ITH,ITH5,8,Emilia-Romagna,Emilia-Romagna,4459477,199426,4.47,0.55
1838,2021-05-19,EMR,33495,14885,18610,18475,15020,ITH,ITH5,8,Emilia-Romagna,Emilia-Romagna,4459477,232921,5.22,0.75
1839,2021-03-05,EMR,17684,5752,11932,14234,3450,ITH,ITH5,8,Emilia-Romagna,Emilia-Romagna,4459477,250605,5.62,0.4
1840,2021-01-30,EMR,10077,3519,6558,141,9936,ITH,ITH5,8,Emilia-Romagna,Emilia-Romagna,4459477,260682,5.85,0.23
1841,2021-01-11,EMR,9349,3273,6076,9349,0,ITH,ITH5,8,Emilia-Romagna,Emilia-Romagna,4459477,270031,6.06,0.21
1842,2021-05-27,EMR,36243,15912,20331,8579,27664,ITH,ITH5,8,Emilia-Romagna,Emilia-Romagna,4459477,306274,6.87,0.81
1843,2021-01-25,EMR,6456,2145,4311,207,6249,ITH,ITH5,8,Emilia-Romagna,Emilia-Romagna,4459477,312730,7.01,0.14
1844,2021-05-22,EMR,32814,14070,18744,16852,15962,ITH,ITH5,8,Emilia-Romagna,Emilia-Romagna,4459477,345544,7.75,0.74
1845,2021-01-21,EMR,2164,729,1435,819,1345,ITH,ITH5,8,Emilia-Romagna,Emilia-Romagna,4459477,347708,7.8,0.05
1846,2021-04-11,EMR,15259,6926,8333,12214,3045,ITH,ITH5,8,Emilia-Romagna,Emilia-Romagna,4459477,362967,8.14,0.34
1847,2021-05-20,EMR,39804,18120,21684,18742,21062,ITH,ITH5,8,Emilia-Romagna,Emilia-Romagna,4459477,402771,9.03,0.89
1848,2021-03-06,EMR,20636,5884,14752,17906,2730,ITH,ITH5,8,Emilia-Romagna,Emilia-Romagna,4459477,423407,9.49,0.46
1849,2021-03-16,EMR,12241,5026,7215,4933,7308,ITH,ITH5,8,Emilia-Romagna,Emilia-Romagna,4459477,435648,9.77,0.27
1850,2021-04-17,EMR,27027,12931,14096,17731,9296,ITH,ITH5,8,Emilia-Romagna,Emilia-Romagna,4459477,462675,10.38,0.61
1851,2021-01-22,EMR,1829,477,1352,1088,741,ITH,ITH5,8,Emilia-Romagna,Emilia-Romagna,4459477,464504,10.42,0.04
1852,2021-05-07,EMR,34521,16604,17917,22718,11803,ITH,ITH5,8,Emilia-Romagna,Emilia-Romagna,4459477,499025,11.19,0.77
1853,2021-04-22,EMR,29026,13433,15593,14952,14074,ITH,ITH5,8,Emilia-Romagna,Emilia-Romagna,4459477,528051,11.84,0.65
1854,2021-04-04,EMR,9885,4718,5167,7616,2269,ITH,ITH5,8,Emilia-Romagna,Emilia-Romagna,4459477,537936,12.06,0.22
1855,2021-04-18,EMR,17494,8392,9102,12568,4926,ITH,ITH5,8,Emilia-Romagna,Emilia-Romagna,4459477,555430,12.46,0.39
1856,2021-03-10,EMR,18727,7683,11044,13084,5643,ITH,ITH5,8,Emilia-Romagna,Emilia-Romagna,4459477,574157,12.87,0.42
1857,2021-04-21,EMR,23919,10952,12967,14184,9735,ITH,ITH5,8,Emilia-Romagna,Emilia-Romagna,4459477,598076,13.41,0.54
1858,2021-01-06,EMR,8285,2954,5331,8285,0,ITH,ITH5,8,Emilia-Romagna,Emilia-Romagna,4459477,606361,13.6,0.19
1859,2021-01-31,EMR,7696,2762,4934,241,7455,ITH,ITH5,8,Emilia-Romagna,Emilia-Romagna,4459477,614057,13.77,0.17
1860,2021-03-14,EMR,8696,3744,4952,4899,3797,ITH,ITH5,8,Emilia-Romagna,Emilia-Romagna,4459477,622753,13.96,0.2
1861,2021-04-03,EMR,19936,8766,11170,16196,3740,ITH,ITH5,8,Emilia-Romagna,Emilia-Romagna,4459477,642689,14.41,0.45
1862,2021-02-25,EMR,9228,3497,5731,8274,954,ITH,ITH5,8,Emilia-Romagna,Emilia-Romagna,4459477,651917,14.62,0.21
1863,2021-04-13,EMR,23644,11086,12558,19343,4301,ITH,ITH5,8,Emilia-Romagna,Emilia-Romagna,4459477,675561,15.15,0.53
1864,2021-03-17,EMR,13720,5693,8027,5875,7845,ITH,ITH5,8,Emilia-Romagna,Emilia-Romagna,4459477,689281,15.46,0.31
1865,2021-02-02,EMR,9484,3053,6431,527,8957,ITH,ITH5,8,Emilia-Romagna,Emilia-Romagna,4459477,698765,15.67,0.21
1866,2021-04-24,EMR,28573,13213,15360,14360,14213,ITH,ITH5,8,Emilia-Romagna,Emilia-Romagna,4459477,727338,16.31,0.64
1867,2021-01-26,EMR,8334,3000,5334,215,8119,ITH,ITH5,8,Emilia-Romagna,Emilia-Romagna,4459477,735672,16.5,0.19
1868,2021-05-31,EMR,27496,12622,14874,16684,10812,ITH,ITH5,8,Emilia-Romagna,Emilia-Romagna,4459477,763168,17.11,0.62
1869,2021-02-04,EMR,9938,3207,6731,1250,8688,ITH,ITH5,8,Emilia-Romagna,Emilia-Romagna,4459477,773106,17.34,0.22
1870,2021-04-27,EMR,29859,13806,16053,17398,12461,ITH,ITH5,8,Emilia-Romagna,Emilia-Romagna,4459477,802965,18.01,0.67
1871,2021-03-15,EMR,13268,6091,7177,6769,6499,ITH,ITH5,8,Emilia-Romagna,Emilia-Romagna,4459477,816233,18.3,0.3
1872,2021-03-29,EMR,21200,9442,11758,16549,4651,ITH,ITH5,8,Emilia-Romagna,Emilia-Romagna,4459477,837433,18.78,0.48
1873,2021-01-10,EMR,7168,2683,4485,7168,0,ITH,ITH5,8,Emilia-Romagna,Emilia-Romagna,4459477,844601,18.94,0.16
1874,2021-05-26,EMR,32790,14515,18275,10146,22644,ITH,ITH5,8,Emilia-Romagna,Emilia-Romagna,4459477,877391,19.67,0.74
1875,2021-01-12,EMR,9475,3124,6351,9475,0,ITH,ITH5,8,Emilia-Romagna,Emilia-Romagna,4459477,886866,19.89,0.21
1876,2021-02-26,EMR,7866,2996,4870,6821,1045,ITH,ITH5,8,Emilia-Romagna,Emilia-Romagna,4459477,894732,20.06,0.18
1877,2021-03-21,EMR,11920,5273,6647,7316,4604,ITH,ITH5,8,Emilia-Romagna,Emilia-Romagna,4459477,906652,20.33,0.27
1878,2021-01-13,EMR,9074,2940,6134,9074,0,ITH,ITH5,8,Emilia-Romagna,Emilia-Romagna,4459477,915726,20.53,0.2
1879,2021-02-06,EMR,7600,2406,5194,2131,5469,ITH,ITH5,8,Emilia-Romagna,Emilia-Romagna,4459477,923326,20.7,0.17
1880,2021-04-23,EMR,29551,13807,15744,14672,14879,ITH,ITH5,8,Emilia-Romagna,Emilia-Romagna,4459477,952877,21.37,0.66
1881,2021-04-16,EMR,28857,13565,15292,20023,8834,ITH,ITH5,8,Emilia-Romagna,Emilia-Romagna,4459477,981734,22.01,0.65
1882,2021-05-05,EMR,29367,13656,15711,18130,11237,ITH,ITH5,8,Emilia-Romagna,Emilia-Romagna,4459477,1011101,22.67,0.66
1883,2021-05-01,EMR,28380,12764,15616,15611,12769,ITH,ITH5,8,Emilia-Romagna,Emilia-Romagna,4459477,1039481,23.31,0.64
1884,2021-02-05,EMR,9316,2966,6350,1637,7679,ITH,ITH5,8,Emilia-Romagna,Emilia-Romagna,4459477,1048797,23.52,0.21
1885,2021-03-23,EMR,18698,8069,10629,12011,6687,ITH,ITH5,8,Emilia-Romagna,Emilia-Romagna,4459477,1067495,23.94,0.42
1886,2021-01-24,EMR,2443,885,1558,298,2145,ITH,ITH5,8,Emilia-Romagna,Emilia-Romagna,4459477,1069938,23.99,0.05
1887,2021-04-02,EMR,23304,10493,12811,18842,4462,ITH,ITH5,8,Emilia-Romagna,Emilia-Romagna,4459477,1093242,24.52,0.52
1888,2021-03-04,EMR,16434,5345,11089,13422,3012,ITH,ITH5,8,Emilia-Romagna,Emilia-Romagna,4459477,1109676,24.88,0.37
1889,2021-03-22,EMR,17464,7652,9812,10599,6865,ITH,ITH5,8,Emilia-Romagna,Emilia-Romagna,4459477,1127140,25.28,0.39
1890,2021-04-10,EMR,20906,9291,11615,16763,4143,ITH,ITH5,8,Emilia-Romagna,Emilia-Romagna,4459477,1148046,25.74,0.47
1891,2021-03-24,EMR,21076,9301,11775,13694,7382,ITH,ITH5,8,Emilia-Romagna,Emilia-Romagna,4459477,1169122,26.22,0.47
1892,2021-02-13,EMR,3627,1085,2542,3029,598,ITH,ITH5,8,Emilia-Romagna,Emilia-Romagna,4459477,1172749,26.3,0.08
1893,2021-02-08,EMR,5227,1532,3695,2315,2912,ITH,ITH5,8,Emilia-Romagna,Emilia-Romagna,4459477,1177976,26.42,0.12
1894,2021-02-22,EMR,7481,3091,4390,7209,272,ITH,ITH5,8,Emilia-Romagna,Emilia-Romagna,4459477,1185457,26.58,0.17
1895,2021-04-29,EMR,44721,21013,23708,27179,17542,ITH,ITH5,8,Emilia-Romagna,Emilia-Romagna,4459477,1230178,27.59,1.0
1896,2021-04-19,EMR,20882,9788,11094,14610,6272,ITH,ITH5,8,Emilia-Romagna,Emilia-Romagna,4459477,1251060,28.05,0.47
1897,2021-05-08,EMR,31171,14569,16602,19760,11411,ITH,ITH5,8,Emilia-Romagna,Emilia-Romagna,4459477,1282231,28.75,0.7
1898,2021-02-01,EMR,10320,3610,6710,362,9958,ITH,ITH5,8,Emilia-Romagna,Emilia-Romagna,4459477,1292551,28.98,0.23
1899,2021-05-12,EMR,38155,17943,20212,28551,9604,ITH,ITH5,8,Emilia-Romagna,Emilia-Romagna,4459477,1330706,29.84,0.86
1900,2021-05-18,EMR,28444,12952,15492,17993,10451,ITH,ITH5,8,Emilia-Romagna,Emilia-Romagna,4459477,1359150,30.48,0.64
1901,2021-05-23,EMR,25398,11821,13577,13852,11546,ITH,ITH5,8,Emilia-Romagna,Emilia-Romagna,4459477,1384548,31.05,0.57
1902,2021-04-08,EMR,30824,14130,16694,25524,5300,ITH,ITH5,8,Emilia-Romagna,Emilia-Romagna,4459477,1415372,31.74,0.69
1903,2021-05-06,EMR,35456,16385,19071,22415,13041,ITH,ITH5,8,Emilia-Romagna,Emilia-Romagna,4459477,1450828,32.53,0.8
1904,2021-04-01,EMR,23880,10732,13148,19339,4541,ITH,ITH5,8,Emilia-Romagna,Emilia-Romagna,4459477,1474708,33.07,0.54
1905,2021-01-19,EMR,2045,505,1540,2028,17,ITH,ITH5,8,Emilia-Romagna,Emilia-Romagna,4459477,1476753,33.11,0.05
1906,2021-01-18,EMR,3127,879,2248,2449,678,ITH,ITH5,8,Emilia-Romagna,Emilia-Romagna,4459477,1479880,33.19,0.07
1907,2021-05-24,EMR,27686,12595,15091,16478,11208,ITH,ITH5,8,Emilia-Romagna,Emilia-Romagna,4459477,1507566,33.81,0.62
1908,2021-01-04,EMR,7310,2526,4784,7310,0,ITH,ITH5,8,Emilia-Romagna,Emilia-Romagna,4459477,1514876,33.97,0.16
1909,2021-03-12,EMR,18116,7552,10564,11399,6717,ITH,ITH5,8,Emilia-Romagna,Emilia-Romagna,4459477,1532992,34.38,0.41
1910,2021-02-03,EMR,9355,2995,6360,984,8371,ITH,ITH5,8,Emilia-Romagna,Emilia-Romagna,4459477,1542347,34.59,0.21
1911,2021-01-03,EMR,2762,943,1819,2762,0,ITH,ITH5,8,Emilia-Romagna,Emilia-Romagna,4459477,1545109,34.65,0.06
1912,2021-01-16,EMR,5626,1718,3908,5626,0,ITH,ITH5,8,Emilia-Romagna,Emilia-Romagna,4459477,1550735,34.77,0.13
1913,2021-04-09,EMR,25505,11567,13938,19814,5691,ITH,ITH5,8,Emilia-Romagna,Emilia-Romagna,4459477,1576240,35.35,0.57
1914,2021-05-29,EMR,36958,16143,20815,16660,20298,ITH,ITH5,8,Emilia-Romagna,Emilia-Romagna,4459477,1613198,36.17,0.83
1915,2021-03-08,EMR,12177,5063,7114,9502,2675,ITH,ITH5,8,Emilia-Romagna,Emilia-Romagna,4459477,1625375,36.45,0.27
1916,2021-05-16,EMR,25807,12152,13655,18703,7104,ITH,ITH5,8,Emilia-Romagna,Emilia-Romagna,4459477,1651182,37.03,0.58
1917,2021-01-15,EMR,7746,2403,5343,7746,0,ITH,ITH5,8,Emilia-Romagna,Emilia-Romagna,4459477,1658928,37.2,0.17
1918,2021-05-25,EMR,24718,11024,13694,11550,13168,ITH,ITH5,8,Emilia-Romagna,Emilia-Romagna,4459477,1683646,37.75,0.55
1919,2021-04-15,EMR,29017,13807,15210,19347,9670,ITH,ITH5,8,Emilia-Romagna,Emilia-Romagna,4459477,1712663,38.41,0.65
1920,2021-03-30,EMR,23286,10292,12994,18249,5037,ITH,ITH5,8,Emilia-Romagna,Emilia-Romagna,4459477,1735949,38.93,0.52
1921,2021-05-02,EMR,25452,11593,13859,13465,11987,ITH,ITH5,8,Emilia-Romagna,Emilia-Romagna,4459477,1761401,39.5,0.57
1922,2021-05-04,EMR,28570,13380,15190,14917,13653,ITH,ITH5,8,Emilia-Romagna,Emilia-Romagna,4459477,1789971,40.14,0.64
1923,2021-01-29,EMR,10414,3497,6917,290,10124,ITH,ITH5,8,Emilia-Romagna,Emilia-Romagna,4459477,1800385,40.37,0.23
1924,2021-02-12,EMR,5321,1679,3642,3918,1403,ITH,ITH5,8,Emilia-Romagna,Emilia-Romagna,4459477,1805706,40.49,0.12
1925,2021-03-01,EMR,10092,3578,6514,7836,2256,ITH,ITH5,8,Emilia-Romagna,Emilia-Romagna,4459477,1815798,40.72,0.23
1926,2021-04-30,EMR,36520,16741,19779,21735,14785,ITH,ITH5,8,Emilia-Romagna,Emilia-Romagna,4459477,1852318,41.54,0.82
1927,2021-02-17,EMR,6538,2764,3774,5766,772,ITH,ITH5,8,Emilia-Romagna,Emilia-Romagna,4459477,1858856,41.68,0.15
1928,2021-02-16,EMR,5768,2444,3324,5237,531,ITH,ITH5,8,Emilia-Romagna,Emilia-Romagna,4459477,1864624,41.81,0.13
1929,2021-03-31,EMR,25131,10949,14182,19675,5456,ITH,ITH5,8,Emilia-Romagna,Emilia-Romagna,4459477,1889755,42.38,0.56
1930,2021-02-18,EMR,7039,2892,4147,6456,583,ITH,ITH5,8,Emilia-Romagna,Emilia-Romagna,4459477,1896794,42.53,0.16
1931,2021-05-11,EMR,35184,16499,18685,27929,7255,ITH,ITH5,8,Emilia-Romagna,Emilia-Romagna,4459477,1931978,43.32,0.79
1932,2021-02-27,EMR,10967,3999,6968,9229,1738,ITH,ITH5,8,Emilia-Romagna,Emilia-Romagna,4459477,1942945,43.57,0.25
1933,2021-05-17,EMR,31014,14729,16285,21582,9432,ITH,ITH5,8,Emilia-Romagna,Emilia-Romagna,4459477,1973959,44.26,0.7
1934,2021-01-09,EMR,9984,3450,6534,9984,0,ITH,ITH5,8,Emilia-Romagna,Emilia-Romagna,4459477,1983943,44.49,0.22
1935,2021-01-08,EMR,10865,3580,7285,10865,0,ITH,ITH5,8,Emilia-Romagna,Emilia-Romagna,4459477,1994808,44.73,0.24
1936,2021-05-28,EMR,40438,18566,21872,17685,22753,ITH,ITH5,8,Emilia-Romagna,Emilia-Romagna,4459477,2035246,45.64,0.91
1937,2021-02-24,EMR,9327,3558,5769,8443,884,ITH,ITH5,8,Emilia-Romagna,Emilia-Romagna,4459477,2044573,45.85,0.21
1938,2021-02-19,EMR,7327,3010,4317,6813,514,ITH,ITH5,8,Emilia-Romagna,Emilia-Romagna,4459477,2051900,46.01,0.16
1939,2021-04-28,EMR,32652,15078,17574,19766,12886,ITH,ITH5,8,Emilia-Romagna,Emilia-Romagna,4459477,2084552,46.74,0.73
1940,2021-05-03,EMR,27859,13167,14692,16983,10876,ITH,ITH5,8,Emilia-Romagna,Emilia-Romagna,4459477,2112411,47.37,0.62
1941,2021-04-05,EMR,14860,6809,8051,11969,2891,ITH,ITH5,8,Emilia-Romagna,Emilia-Romagna,4459477,2127271,47.7,0.33
1942,2021-04-25,EMR,22324,10222,12102,14816,7508,ITH,ITH5,8,Emilia-Romagna,Emilia-Romagna,4459477,2149595,48.2,0.5
1943,2021-02-09,EMR,4153,1248,2905,2307,1846,ITH,ITH5,8,Emilia-Romagna,Emilia-Romagna,4459477,2153748,48.3,0.09
1944,2021-02-14,EMR,1401,378,1023,1281,120,ITH,ITH5,8,Emilia-Romagna,Emilia-Romagna,4459477,2155149,48.33,0.03
1945,2021-02-21,EMR,4450,1708,2742,4010,440,ITH,ITH5,8,Emilia-Romagna,Emilia-Romagna,4459477,2159599,48.43,0.1
1946,2021-02-28,EMR,6823,2527,4296,4977,1846,ITH,ITH5,8,Emilia-Romagna,Emilia-Romagna,4459477,2166422,48.58,0.15
1947,2021-03-26,EMR,23414,9899,13515,16980,6434,ITH,ITH5,8,Emilia-Romagna,Emilia-Romagna,4459477,2189836,49.11,0.53
1948,2020-12-27,EMR,970,372,598,970,0,ITH,ITH5,8,Emilia-Romagna,Emilia-Romagna,4459477,2190806,49.13,0.02
1949,2021-04-20,EMR,22593,10392,12201,14242,8351,ITH,ITH5,8,Emilia-Romagna,Emilia-Romagna,4459477,2213399,49.63,0.51
1950,2021-05-10,EMR,33538,15965,17573,26310,7228,ITH,ITH5,8,Emilia-Romagna,Emilia-Romagna,4459477,2246937,50.39,0.75
1951,2021-05-21,EMR,37689,16815,20874,20938,16751,ITH,ITH5,8,Emilia-Romagna,Emilia-Romagna,4459477,2284626,51.23,0.85
1952,2021-01-05,EMR,9362,3170,6192,9362,0,ITH,ITH5,8,Emilia-Romagna,Emilia-Romagna,4459477,2293988,51.44,0.21
1953,2021-01-02,EMR,2372,913,1459,2372,0,ITH,ITH5,8,Emilia-Romagna,Emilia-Romagna,4459477,2296360,51.49,0.05
1954,2021-05-09,EMR,24218,11596,12622,17255,6963,ITH,ITH5,8,Emilia-Romagna,Emilia-Romagna,4459477,2320578,52.04,0.54
1955,2021-01-20,EMR,1325,270,1055,1324,1,ITH,ITH5,8,Emilia-Romagna,Emilia-Romagna,4459477,2321903,52.07,0.03
1956,2021-03-11,EMR,17255,7136,10119,11405,5850,ITH,ITH5,8,Emilia-Romagna,Emilia-Romagna,4459477,2339158,52.45,0.39
1957,2021-01-07,EMR,10271,3406,6865,10271,0,ITH,ITH5,8,Emilia-Romagna,Emilia-Romagna,4459477,2349429,52.68,0.23
1958,2021-04-07,EMR,25804,11735,14069,19793,6011,ITH,ITH5,8,Emilia-Romagna,Emilia-Romagna,4459477,2375233,53.26,0.58
1959,2021-02-23,EMR,8215,3219,4996,7829,386,ITH,ITH5,8,Emilia-Romagna,Emilia-Romagna,4459477,2383448,53.45,0.18
1960,2021-03-18,EMR,13673,5806,7867,5673,8000,ITH,ITH5,8,Emilia-Romagna,Emilia-Romagna,4459477,2397121,53.75,0.31
1961,2021-01-28,EMR,10250,3339,6911,349,9901,ITH,ITH5,8,Emilia-Romagna,Emilia-Romagna,4459477,2407371,53.98,0.23
1962,2021-03-03,EMR,15829,5250,10579,13353,2476,ITH,ITH5,8,Emilia-Romagna,Emilia-Romagna,4459477,2423200,54.34,0.35
1963,2021-01-23,EMR,2447,870,1577,443,2004,ITH,ITH5,8,Emilia-Romagna,Emilia-Romagna,4459477,2425647,54.39,0.05
1964,2021-03-07,EMR,6861,2640,4221,5344,1517,ITH,ITH5,8,Emilia-Romagna,Emilia-Romagna,4459477,2432508,54.55,0.15
1965,2021-03-02,EMR,11859,3906,7953,9830,2029,ITH,ITH5,8,Emilia-Romagna,Emilia-Romagna,4459477,2444367,54.81,0.27
1966,2021-03-13,EMR,16076,6307,9769,10762,5314,ITH,ITH5,8,Emilia-Romagna,Emilia-Romagna,4459477,2460443,55.17,0.36
1967,2021-01-14,EMR,8128,2593,5535,8128,0,ITH,ITH5,8,Emilia-Romagna,Emilia-Romagna,4459477,2468571,55.36,0.18
1968,2021-04-14,EMR,27006,12825,14181,20902,6104,ITH,ITH5,8,Emilia-Romagna,Emilia-Romagna,4459477,2495577,55.96,0.61
1969,2021-02-11,EMR,4250,1416,2834,3410,840,ITH,ITH5,8,Emilia-Romagna,Emilia-Romagna,4459477,2499827,56.06,0.1
1970,2021-05-30,EMR,26326,12412,13914,12771,13555,ITH,ITH5,8,Emilia-Romagna,Emilia-Romagna,4459477,2526153,56.65,0.59
1971,2021-03-25,EMR,21390,9347,12043,14402,6988,ITH,ITH5,8,Emilia-Romagna,Emilia-Romagna,4459477,2547543,57.13,0.48
1972,2021-02-20,EMR,5317,2094,3223,5054,263,ITH,ITH5,8,Emilia-Romagna,Emilia-Romagna,4459477,2552860,57.25,0.12
1973,2021-02-15,EMR,2903,850,2053,2778,125,ITH,ITH5,8,Emilia-Romagna,Emilia-Romagna,4459477,2555763,57.31,0.07
1974,2021-02-10,EMR,4019,1383,2636,2764,1255,ITH,ITH5,8,Emilia-Romagna,Emilia-Romagna,4459477,2559782,57.4,0.09
1975,2021-01-27,EMR,8362,2947,5415,463,7899,ITH,ITH5,8,Emilia-Romagna,Emilia-Romagna,4459477,2568144,57.59,0.19
1976,2021-03-27,EMR,21600,9045,12555,14695,6905,ITH,ITH5,8,Emilia-Romagna,Emilia-Romagna,4459477,2589744,58.07,0.48
1977,2021-05-15,EMR,33123,14944,18179,22770,10353,ITH,ITH5,8,Emilia-Romagna,Emilia-Romagna,4459477,2622867,58.82,0.74
1978,2021-03-09,EMR,14703,5983,8720,10747,3956,ITH,ITH5,8,Emilia-Romagna,Emilia-Romagna,4459477,2637570,59.15,0.33
1979,2021-04-18,SIC,19725,9863,9862,15359,4366,ITG,ITG1,19,Sicilia,Sicilia,4999891,19725,0.39,0.39
1980,2021-02-17,SIC,5414,3278,2136,4746,668,ITG,ITG1,19,Sicilia,Sicilia,4999891,25139,0.5,0.11
1981,2021-05-23,SIC,34137,16614,17523,20110,14027,ITG,ITG1,19,Sicilia,Sicilia,4999891,59276,1.19,0.68
1982,2021-04-21,SIC,22684,10884,11800,16457,6227,ITG,ITG1,19,Sicilia,Sicilia,4999891,81960,1.64,0.45
1983,2021-04-24,SIC,31354,14804,16550,23614,7740,ITG,ITG1,19,Sicilia,Sicilia,4999891,113314,2.27,0.63
1984,2021-03-23,SIC,21065,10076,10989,15411,5654,ITG,ITG1,19,Sicilia,Sicilia,4999891,134379,2.69,0.42
1985,2021-01-31,SIC,4109,1959,2150,113,3996,ITG,ITG1,19,Sicilia,Sicilia,4999891,138488,2.77,0.08
1986,2021-02-10,SIC,4420,1813,2607,3999,421,ITG,ITG1,19,Sicilia,Sicilia,4999891,142908,2.86,0.09
1987,2021-05-09,SIC,28138,13164,14974,19867,8271,ITG,ITG1,19,Sicilia,Sicilia,4999891,171046,3.42,0.56
1988,2021-04-27,SIC,26385,12713,13672,15592,10793,ITG,ITG1,19,Sicilia,Sicilia,4999891,197431,3.95,0.53
1989,2021-05-08,SIC,35760,17079,18681,25433,10327,ITG,ITG1,19,Sicilia,Sicilia,4999891,233191,4.66,0.72
1990,2021-01-10,SIC,3622,1616,2006,3622,0,ITG,ITG1,19,Sicilia,Sicilia,4999891,236813,4.74,0.07
1991,2021-03-14,SIC,8778,3928,4850,4943,3835,ITG,ITG1,19,Sicilia,Sicilia,4999891,245591,4.91,0.18
1992,2021-03-15,SIC,10817,4716,6101,5752,5065,ITG,ITG1,19,Sicilia,Sicilia,4999891,256408,5.13,0.22
1993,2021-01-28,SIC,9313,4394,4919,398,8915,ITG,ITG1,19,Sicilia,Sicilia,4999891,265721,5.31,0.19
1994,2021-03-16,SIC,9780,4363,5417,3662,6118,ITG,ITG1,19,Sicilia,Sicilia,4999891,275501,5.51,0.2
1995,2021-04-20,SIC,19269,9079,10190,13930,5339,ITG,ITG1,19,Sicilia,Sicilia,4999891,294770,5.9,0.39
1996,2021-05-31,SIC,36719,16363,20356,20662,16057,ITG,ITG1,19,Sicilia,Sicilia,4999891,331489,6.63,0.73
1997,2021-05-05,SIC,26301,12175,14126,16706,9595,ITG,ITG1,19,Sicilia,Sicilia,4999891,357790,7.16,0.53
1998,2021-01-02,SIC,4885,2541,2344,4885,0,ITG,ITG1,19,Sicilia,Sicilia,4999891,362675,7.25,0.1
1999,2021-04-28,SIC,29350,13767,15583,20268,9082,ITG,ITG1,19,Sicilia,Sicilia,4999891,392025,7.84,0.59
2000,2021-02-14,SIC,1058,403,655,918,140,ITG,ITG1,19,Sicilia,Sicilia,4999891,393083,7.86,0.02
2001,2021-05-03,SIC,23467,10823,12644,13583,9884,ITG,ITG1,19,Sicilia,Sicilia,4999891,416550,8.33,0.47
2002,2021-03-11,SIC,15462,6521,8941,12897,2565,ITG,ITG1,19,Sicilia,Sicilia,4999891,432012,8.64,0.31
2003,2021-05-01,SIC,24474,11325,13149,19316,5158,ITG,ITG1,19,Sicilia,Sicilia,4999891,456486,9.13,0.49
2004,2021-02-02,SIC,5534,2620,2914,629,4905,ITG,ITG1,19,Sicilia,Sicilia,4999891,462020,9.24,0.11
2005,2021-05-25,SIC,33128,15003,18125,13959,19169,ITG,ITG1,19,Sicilia,Sicilia,4999891,495148,9.9,0.66
2006,2021-05-22,SIC,48201,22879,25322,28711,19490,ITG,ITG1,19,Sicilia,Sicilia,4999891,543349,10.87,0.96
2007,2020-12-28,SIC,211,126,85,211,0,ITG,ITG1,19,Sicilia,Sicilia,4999891,543560,10.87,0.0
2008,2021-01-11,SIC,5916,2597,3319,5916,0,ITG,ITG1,19,Sicilia,Sicilia,4999891,549476,10.99,0.12
2009,2021-03-24,SIC,21145,9908,11237,15308,5837,ITG,ITG1,19,Sicilia,Sicilia,4999891,570621,11.41,0.42
2010,2021-01-15,SIC,5088,2236,2852,5088,0,ITG,ITG1,19,Sicilia,Sicilia,4999891,575709,11.51,0.1
2011,2021-03-07,SIC,9264,3455,5809,8181,1083,ITG,ITG1,19,Sicilia,Sicilia,4999891,584973,11.7,0.19
2012,2021-02-28,SIC,7165,3063,4102,6535,630,ITG,ITG1,19,Sicilia,Sicilia,4999891,592138,11.84,0.14
2013,2021-03-26,SIC,18024,8373,9651,12493,5531,ITG,ITG1,19,Sicilia,Sicilia,4999891,610162,12.2,0.36
2014,2021-02-11,SIC,5321,2097,3224,4859,462,ITG,ITG1,19,Sicilia,Sicilia,4999891,615483,12.31,0.11
2015,2021-05-17,SIC,32123,15460,16663,19345,12778,ITG,ITG1,19,Sicilia,Sicilia,4999891,647606,12.95,0.64
2016,2021-03-13,SIC,12416,5476,6940,7833,4583,ITG,ITG1,19,Sicilia,Sicilia,4999891,660022,13.2,0.25
2017,2021-04-07,SIC,15528,7632,7896,8364,7164,ITG,ITG1,19,Sicilia,Sicilia,4999891,675550,13.51,0.31
2018,2021-05-12,SIC,36856,17348,19508,21914,14942,ITG,ITG1,19,Sicilia,Sicilia,4999891,712406,14.25,0.74
2019,2021-04-06,SIC,17851,8537,9314,13525,4326,ITG,ITG1,19,Sicilia,Sicilia,4999891,730257,14.61,0.36
2020,2021-01-16,SIC,2781,1198,1583,2781,0,ITG,ITG1,19,Sicilia,Sicilia,4999891,733038,14.66,0.06
2021,2021-02-04,SIC,6932,3187,3745,1455,5477,ITG,ITG1,19,Sicilia,Sicilia,4999891,739970,14.8,0.14
2022,2021-04-04,SIC,6826,3326,3500,5534,1292,ITG,ITG1,19,Sicilia,Sicilia,4999891,746796,14.94,0.14
2023,2021-01-23,SIC,4329,2232,2097,216,4113,ITG,ITG1,19,Sicilia,Sicilia,4999891,751125,15.02,0.09
2024,2021-04-01,SIC,14398,6674,7724,9684,4714,ITG,ITG1,19,Sicilia,Sicilia,4999891,765523,15.31,0.29
2025,2021-02-15,SIC,3927,1818,2109,3362,565,ITG,ITG1,19,Sicilia,Sicilia,4999891,769450,15.39,0.08
2026,2021-02-19,SIC,5129,2732,2397,4562,567,ITG,ITG1,19,Sicilia,Sicilia,4999891,774579,15.49,0.1
2027,2021-02-18,SIC,5473,3152,2321,5044,429,ITG,ITG1,19,Sicilia,Sicilia,4999891,780052,15.6,0.11
2028,2021-03-27,SIC,15750,7437,8313,10837,4913,ITG,ITG1,19,Sicilia,Sicilia,4999891,795802,15.92,0.32
2029,2021-05-04,SIC,26822,12462,14360,17636,9186,ITG,ITG1,19,Sicilia,Sicilia,4999891,822624,16.45,0.54
2030,2021-01-18,SIC,1650,670,980,1495,155,ITG,ITG1,19,Sicilia,Sicilia,4999891,824274,16.49,0.03
2031,2021-04-03,SIC,16363,7781,8582,13527,2836,ITG,ITG1,19,Sicilia,Sicilia,4999891,840637,16.81,0.33
2032,2021-02-21,SIC,5168,2501,2667,5062,106,ITG,ITG1,19,Sicilia,Sicilia,4999891,845805,16.92,0.1
2033,2021-02-12,SIC,4674,1847,2827,4406,268,ITG,ITG1,19,Sicilia,Sicilia,4999891,850479,17.01,0.09
2034,2021-01-27,SIC,7526,3836,3690,183,7343,ITG,ITG1,19,Sicilia,Sicilia,4999891,858005,17.16,0.15
2035,2021-05-15,SIC,57074,26664,30410,41704,15370,ITG,ITG1,19,Sicilia,Sicilia,4999891,915079,18.3,1.14
2036,2021-04-02,SIC,14012,6596,7416,9225,4787,ITG,ITG1,19,Sicilia,Sicilia,4999891,929091,18.58,0.28
2037,2021-04-11,SIC,15336,7575,7761,8307,7029,ITG,ITG1,19,Sicilia,Sicilia,4999891,944427,18.89,0.31
2038,2021-02-24,SIC,9561,4850,4711,8971,590,ITG,ITG1,19,Sicilia,Sicilia,4999891,953988,19.08,0.19
2039,2021-02-13,SIC,3097,1164,1933,2841,256,ITG,ITG1,19,Sicilia,Sicilia,4999891,957085,19.14,0.06
2040,2021-05-10,SIC,28304,13595,14709,16187,12117,ITG,ITG1,19,Sicilia,Sicilia,4999891,985389,19.71,0.57
2041,2021-03-09,SIC,13148,5586,7562,10775,2373,ITG,ITG1,19,Sicilia,Sicilia,4999891,998537,19.97,0.26
2042,2021-04-12,SIC,18959,9204,9755,11619,7340,ITG,ITG1,19,Sicilia,Sicilia,4999891,1017496,20.35,0.38
2043,2021-01-25,SIC,7514,3697,3817,308,7206,ITG,ITG1,19,Sicilia,Sicilia,4999891,1025010,20.5,0.15
2044,2021-03-20,SIC,18813,9030,9783,13488,5325,ITG,ITG1,19,Sicilia,Sicilia,4999891,1043823,20.88,0.38
2045,2021-02-08,SIC,4086,1760,2326,2129,1957,ITG,ITG1,19,Sicilia,Sicilia,4999891,1047909,20.96,0.08
2046,2021-01-07,SIC,9190,4250,4940,9190,0,ITG,ITG1,19,Sicilia,Sicilia,4999891,1057099,21.14,0.18
2047,2021-05-07,SIC,36658,17315,19343,25029,11629,ITG,ITG1,19,Sicilia,Sicilia,4999891,1093757,21.88,0.73
2048,2021-03-08,SIC,13535,5825,7710,10728,2807,ITG,ITG1,19,Sicilia,Sicilia,4999891,1107292,22.15,0.27
2049,2021-04-22,SIC,27164,12821,14343,20574,6590,ITG,ITG1,19,Sicilia,Sicilia,4999891,1134456,22.69,0.54
2050,2021-03-29,SIC,15004,7036,7968,10488,4516,ITG,ITG1,19,Sicilia,Sicilia,4999891,1149460,22.99,0.3
2051,2021-02-16,SIC,4370,2282,2088,3905,465,ITG,ITG1,19,Sicilia,Sicilia,4999891,1153830,23.08,0.09
2052,2021-05-28,SIC,51011,22774,28237,24783,26228,ITG,ITG1,19,Sicilia,Sicilia,4999891,1204841,24.1,1.02
2053,2021-01-09,SIC,7328,3425,3903,7328,0,ITG,ITG1,19,Sicilia,Sicilia,4999891,1212169,24.24,0.15
2054,2021-03-31,SIC,14606,6750,7856,9578,5028,ITG,ITG1,19,Sicilia,Sicilia,4999891,1226775,24.54,0.29
2055,2021-05-20,SIC,43484,20769,22715,27624,15860,ITG,ITG1,19,Sicilia,Sicilia,4999891,1270259,25.41,0.87
2056,2021-01-30,SIC,7837,3569,4268,172,7665,ITG,ITG1,19,Sicilia,Sicilia,4999891,1278096,25.56,0.16
2057,2021-01-14,SIC,5263,2521,2742,5263,0,ITG,ITG1,19,Sicilia,Sicilia,4999891,1283359,25.67,0.11
2058,2021-03-21,SIC,15207,7330,7877,11236,3971,ITG,ITG1,19,Sicilia,Sicilia,4999891,1298566,25.97,0.3
2059,2021-01-24,SIC,4310,2254,2056,141,4169,ITG,ITG1,19,Sicilia,Sicilia,4999891,1302876,26.06,0.09
2060,2021-01-13,SIC,5269,2494,2775,5269,0,ITG,ITG1,19,Sicilia,Sicilia,4999891,1308145,26.16,0.11
2061,2021-03-04,SIC,15184,6544,8640,10986,4198,ITG,ITG1,19,Sicilia,Sicilia,4999891,1323329,26.47,0.3
2062,2021-03-05,SIC,15875,6837,9038,11558,4317,ITG,ITG1,19,Sicilia,Sicilia,4999891,1339204,26.78,0.32
2063,2021-02-23,SIC,8909,4670,4239,8446,463,ITG,ITG1,19,Sicilia,Sicilia,4999891,1348113,26.96,0.18
2064,2021-05-06,SIC,29066,13771,15295,18436,10630,ITG,ITG1,19,Sicilia,Sicilia,4999891,1377179,27.54,0.58
2065,2021-04-29,SIC,31674,14761,16913,22328,9346,ITG,ITG1,19,Sicilia,Sicilia,4999891,1408853,28.18,0.63
2066,2021-04-19,SIC,18471,8735,9736,12764,5707,ITG,ITG1,19,Sicilia,Sicilia,4999891,1427324,28.55,0.37
2067,2021-02-25,SIC,10121,5247,4874,8955,1166,ITG,ITG1,19,Sicilia,Sicilia,4999891,1437445,28.75,0.2
2068,2021-04-25,SIC,21350,10183,11167,16373,4977,ITG,ITG1,19,Sicilia,Sicilia,4999891,1458795,29.18,0.43
2069,2021-03-03,SIC,14666,6522,8144,11578,3088,ITG,ITG1,19,Sicilia,Sicilia,4999891,1473461,29.47,0.29
2070,2021-01-04,SIC,8404,4191,4213,8404,0,ITG,ITG1,19,Sicilia,Sicilia,4999891,1481865,29.64,0.17
2071,2021-02-01,SIC,6070,2681,3389,298,5772,ITG,ITG1,19,Sicilia,Sicilia,4999891,1487935,29.76,0.12
2072,2021-04-14,SIC,20291,9798,10493,11507,8784,ITG,ITG1,19,Sicilia,Sicilia,4999891,1508226,30.17,0.41
2073,2021-04-23,SIC,28884,13844,15040,22937,5947,ITG,ITG1,19,Sicilia,Sicilia,4999891,1537110,30.74,0.58
2074,2021-04-05,SIC,8024,3959,4065,6584,1440,ITG,ITG1,19,Sicilia,Sicilia,4999891,1545134,30.9,0.16
2075,2021-05-24,SIC,35519,17107,18412,15710,19809,ITG,ITG1,19,Sicilia,Sicilia,4999891,1580653,31.61,0.71
2076,2021-05-14,SIC,52243,24468,27775,36395,15848,ITG,ITG1,19,Sicilia,Sicilia,4999891,1632896,32.66,1.04
2077,2021-01-03,SIC,4705,2461,2244,4705,0,ITG,ITG1,19,Sicilia,Sicilia,4999891,1637601,32.75,0.09
2078,2021-02-03,SIC,6095,2854,3241,752,5343,ITG,ITG1,19,Sicilia,Sicilia,4999891,1643696,32.87,0.12
2079,2021-01-26,SIC,9481,4667,4814,260,9221,ITG,ITG1,19,Sicilia,Sicilia,4999891,1653177,33.06,0.19
2080,2021-04-09,SIC,20538,10003,10535,11389,9149,ITG,ITG1,19,Sicilia,Sicilia,4999891,1673715,33.48,0.41
2081,2021-04-16,SIC,28740,14421,14319,20364,8376,ITG,ITG1,19,Sicilia,Sicilia,4999891,1702455,34.05,0.57
2082,2021-02-06,SIC,5015,2189,2826,1462,3553,ITG,ITG1,19,Sicilia,Sicilia,4999891,1707470,34.15,0.1
2083,2021-01-19,SIC,1301,539,762,1096,205,ITG,ITG1,19,Sicilia,Sicilia,4999891,1708771,34.18,0.03
2084,2021-04-13,SIC,19914,9688,10226,11079,8835,ITG,ITG1,19,Sicilia,Sicilia,4999891,1728685,34.57,0.4
2085,2021-02-07,SIC,2338,991,1347,674,1664,ITG,ITG1,19,Sicilia,Sicilia,4999891,1731023,34.62,0.05
2086,2021-04-08,SIC,16796,8287,8509,8312,8484,ITG,ITG1,19,Sicilia,Sicilia,4999891,1747819,34.96,0.34
2087,2021-05-02,SIC,24658,11445,13213,18057,6601,ITG,ITG1,19,Sicilia,Sicilia,4999891,1772477,35.45,0.49
2088,2021-03-02,SIC,14869,6360,8509,12060,2809,ITG,ITG1,19,Sicilia,Sicilia,4999891,1787346,35.75,0.3
2089,2021-03-25,SIC,20634,9556,11078,15095,5539,ITG,ITG1,19,Sicilia,Sicilia,4999891,1807980,36.16,0.41
2090,2021-03-30,SIC,14595,6759,7836,9770,4825,ITG,ITG1,19,Sicilia,Sicilia,4999891,1822575,36.45,0.29
2091,2021-05-29,SIC,47146,21433,25713,23926,23220,ITG,ITG1,19,Sicilia,Sicilia,4999891,1869721,37.4,0.94
2092,2021-01-20,SIC,836,427,409,574,262,ITG,ITG1,19,Sicilia,Sicilia,4999891,1870557,37.41,0.02
2093,2021-02-26,SIC,12208,5967,6241,10524,1684,ITG,ITG1,19,Sicilia,Sicilia,4999891,1882765,37.66,0.24
2094,2021-01-17,SIC,1302,589,713,1245,57,ITG,ITG1,19,Sicilia,Sicilia,4999891,1884067,37.68,0.03
2095,2020-12-30,SIC,175,102,73,175,0,ITG,ITG1,19,Sicilia,Sicilia,4999891,1884242,37.69,0.0
2096,2021-04-30,SIC,35213,16456,18757,24009,11204,ITG,ITG1,19,Sicilia,Sicilia,4999891,1919455,38.39,0.7
2097,2020-12-29,SIC,238,148,90,238,0,ITG,ITG1,19,Sicilia,Sicilia,4999891,1919693,38.39,0.0
2098,2021-04-26,SIC,21935,10376,11559,13797,8138,ITG,ITG1,19,Sicilia,Sicilia,4999891,1941628,38.83,0.44
2099,2021-03-06,SIC,12916,5167,7749,10013,2903,ITG,ITG1,19,Sicilia,Sicilia,4999891,1954544,39.09,0.26
2100,2021-02-09,SIC,4411,1823,2588,3356,1055,ITG,ITG1,19,Sicilia,Sicilia,4999891,1958955,39.18,0.09
2101,2021-03-22,SIC,16817,7915,8902,11274,5543,ITG,ITG1,19,Sicilia,Sicilia,4999891,1975772,39.52,0.34
2102,2021-04-10,SIC,20662,10083,10579,11620,9042,ITG,ITG1,19,Sicilia,Sicilia,4999891,1996434,39.93,0.41
2103,2021-03-17,SIC,15170,7462,7708,9258,5912,ITG,ITG1,19,Sicilia,Sicilia,4999891,2011604,40.23,0.3
2104,2021-02-22,SIC,8014,4146,3868,7523,491,ITG,ITG1,19,Sicilia,Sicilia,4999891,2019618,40.39,0.16
2105,2021-02-05,SIC,7103,3158,3945,2128,4975,ITG,ITG1,19,Sicilia,Sicilia,4999891,2026721,40.54,0.14
2106,2021-05-13,SIC,47386,22235,25151,30785,16601,ITG,ITG1,19,Sicilia,Sicilia,4999891,2074107,41.48,0.95
2107,2021-03-28,SIC,10892,5126,5766,6881,4011,ITG,ITG1,19,Sicilia,Sicilia,4999891,2084999,41.7,0.22
2108,2021-03-19,SIC,16518,8113,8405,10787,5731,ITG,ITG1,19,Sicilia,Sicilia,4999891,2101517,42.03,0.33
2109,2021-01-06,SIC,6484,3410,3074,6484,0,ITG,ITG1,19,Sicilia,Sicilia,4999891,2108001,42.16,0.13
2110,2021-04-15,SIC,21356,10387,10969,11799,9557,ITG,ITG1,19,Sicilia,Sicilia,4999891,2129357,42.59,0.43
2111,2021-03-01,SIC,12958,6118,6840,11303,1655,ITG,ITG1,19,Sicilia,Sicilia,4999891,2142315,42.85,0.26
2112,2021-05-19,SIC,42680,20579,22101,28380,14300,ITG,ITG1,19,Sicilia,Sicilia,4999891,2184995,43.7,0.85
2113,2021-01-12,SIC,4547,2236,2311,4547,0,ITG,ITG1,19,Sicilia,Sicilia,4999891,2189542,43.79,0.09
2114,2021-01-05,SIC,10538,5163,5375,10538,0,ITG,ITG1,19,Sicilia,Sicilia,4999891,2200080,44.0,0.21
2115,2020-12-31,SIC,879,470,409,879,0,ITG,ITG1,19,Sicilia,Sicilia,4999891,2200959,44.02,0.02
2116,2021-01-08,SIC,8335,3868,4467,8335,0,ITG,ITG1,19,Sicilia,Sicilia,4999891,2209294,44.19,0.17
2117,2021-01-22,SIC,1253,634,619,243,1010,ITG,ITG1,19,Sicilia,Sicilia,4999891,2210547,44.21,0.03
2118,2021-01-29,SIC,9354,4317,5037,425,8929,ITG,ITG1,19,Sicilia,Sicilia,4999891,2219901,44.4,0.19
2119,2021-03-18,SIC,15603,7783,7820,9865,5738,ITG,ITG1,19,Sicilia,Sicilia,4999891,2235504,44.71,0.31
2120,2021-05-16,SIC,33110,16124,16986,21784,11326,ITG,ITG1,19,Sicilia,Sicilia,4999891,2268614,45.37,0.66
2121,2021-05-26,SIC,44226,20624,23602,23786,20440,ITG,ITG1,19,Sicilia,Sicilia,4999891,2312840,46.26,0.88
2122,2021-05-27,SIC,47170,21537,25633,24908,22262,ITG,ITG1,19,Sicilia,Sicilia,4999891,2360010,47.2,0.94
2123,2021-01-01,SIC,815,437,378,815,0,ITG,ITG1,19,Sicilia,Sicilia,4999891,2360825,47.22,0.02
2124,2021-05-18,SIC,36133,17306,18827,23555,12578,ITG,ITG1,19,Sicilia,Sicilia,4999891,2396958,47.94,0.72
2125,2021-03-12,SIC,13118,5615,7503,10902,2216,ITG,ITG1,19,Sicilia,Sicilia,4999891,2410076,48.2,0.26
2126,2021-02-27,SIC,12425,5556,6869,11221,1204,ITG,ITG1,19,Sicilia,Sicilia,4999891,2422501,48.45,0.25
2127,2021-05-11,SIC,32429,15424,17005,19887,12542,ITG,ITG1,19,Sicilia,Sicilia,4999891,2454930,49.1,0.65
2128,2020-12-27,SIC,92,55,37,92,0,ITG,ITG1,19,Sicilia,Sicilia,4999891,2455022,49.1,0.0
2129,2021-01-21,SIC,1386,679,707,500,886,ITG,ITG1,19,Sicilia,Sicilia,4999891,2456408,49.13,0.03
2130,2021-04-17,SIC,26189,13226,12963,19037,7152,ITG,ITG1,19,Sicilia,Sicilia,4999891,2482597,49.65,0.52
2131,2021-05-30,SIC,35546,16089,19457,17478,18068,ITG,ITG1,19,Sicilia,Sicilia,4999891,2518143,50.36,0.71
2132,2021-05-21,SIC,45814,21558,24256,24350,21464,ITG,ITG1,19,Sicilia,Sicilia,4999891,2563957,51.28,0.92
2133,2021-02-20,SIC,7242,3726,3516,7000,242,ITG,ITG1,19,Sicilia,Sicilia,4999891,2571199,51.43,0.14
2134,2021-03-10,SIC,13934,5955,7979,11549,2385,ITG,ITG1,19,Sicilia,Sicilia,4999891,2585133,51.7,0.28
2135,2021-04-04,CAM,7958,4012,3946,6914,1044,ITF,ITF3,15,Campania,Campania,5801692,7958,0.14,0.14
2136,2021-01-12,CAM,5214,2563,2651,5214,0,ITF,ITF3,15,Campania,Campania,5801692,13172,0.23,0.09
2137,2021-04-02,CAM,21730,10410,11320,19409,2321,ITF,ITF3,15,Campania,Campania,5801692,34902,0.6,0.37
2138,2021-02-19,CAM,9570,3559,6011,8920,650,ITF,ITF3,15,Campania,Campania,5801692,44472,0.77,0.16
2139,2021-04-10,CAM,28341,13486,14855,23428,4913,ITF,ITF3,15,Campania,Campania,5801692,72813,1.26,0.49
2140,2021-05-12,CAM,40792,19912,20880,31655,9137,ITF,ITF3,15,Campania,Campania,5801692,113605,1.96,0.7
2141,2021-01-01,CAM,919,506,413,919,0,ITF,ITF3,15,Campania,Campania,5801692,114524,1.97,0.02
2142,2021-03-26,CAM,19457,8928,10529,15643,3814,ITF,ITF3,15,Campania,Campania,5801692,133981,2.31,0.34
2143,2021-02-11,CAM,6278,2704,3574,6212,66,ITF,ITF3,15,Campania,Campania,5801692,140259,2.42,0.11
2144,2021-04-28,CAM,36393,17613,18780,26643,9750,ITF,ITF3,15,Campania,Campania,5801692,176652,3.04,0.63
2145,2021-03-12,CAM,14247,7096,7151,8165,6082,ITF,ITF3,15,Campania,Campania,5801692,190899,3.29,0.25
2146,2021-01-18,CAM,957,399,558,713,244,ITF,ITF3,15,Campania,Campania,5801692,191856,3.31,0.02
2147,2021-03-13,CAM,14250,6796,7454,8968,5282,ITF,ITF3,15,Campania,Campania,5801692,206106,3.55,0.25
2148,2021-02-22,CAM,10680,3294,7386,10417,263,ITF,ITF3,15,Campania,Campania,5801692,216786,3.74,0.18
2149,2021-05-30,CAM,47804,23313,24491,38810,8994,ITF,ITF3,15,Campania,Campania,5801692,264590,4.56,0.82
2150,2021-01-16,CAM,3369,1675,1694,3369,0,ITF,ITF3,15,Campania,Campania,5801692,267959,4.62,0.06
2151,2021-01-06,CAM,7652,3749,3903,7652,0,ITF,ITF3,15,Campania,Campania,5801692,275611,4.75,0.13
2152,2021-03-16,CAM,8086,3519,4567,3772,4314,ITF,ITF3,15,Campania,Campania,5801692,283697,4.89,0.14
2153,2021-02-08,CAM,5113,2449,2664,4310,803,ITF,ITF3,15,Campania,Campania,5801692,288810,4.98,0.09
2154,2021-04-03,CAM,21115,10315,10800,18735,2380,ITF,ITF3,15,Campania,Campania,5801692,309925,5.34,0.36
2155,2021-04-01,CAM,24338,11687,12651,20205,4133,ITF,ITF3,15,Campania,Campania,5801692,334263,5.76,0.42
2156,2021-05-31,CAM,39929,20007,19922,29962,9967,ITF,ITF3,15,Campania,Campania,5801692,374192,6.45,0.69
2157,2021-04-15,CAM,34337,16658,17679,24440,9897,ITF,ITF3,15,Campania,Campania,5801692,408529,7.04,0.59
2158,2021-01-29,CAM,10052,4812,5240,47,10005,ITF,ITF3,15,Campania,Campania,5801692,418581,7.21,0.17
2159,2021-05-04,CAM,48432,23330,25102,39544,8888,ITF,ITF3,15,Campania,Campania,5801692,467013,8.05,0.83
2160,2021-04-12,CAM,23301,10916,12385,20265,3036,ITF,ITF3,15,Campania,Campania,5801692,490314,8.45,0.4
2161,2021-05-16,CAM,51098,23191,27907,33567,17531,ITF,ITF3,15,Campania,Campania,5801692,541412,9.33,0.88
2162,2020-12-27,CAM,720,422,298,720,0,ITF,ITF3,15,Campania,Campania,5801692,542132,9.34,0.01
2163,2021-04-18,CAM,27214,13281,13933,18316,8898,ITF,ITF3,15,Campania,Campania,5801692,569346,9.81,0.47
2164,2021-05-21,CAM,63378,29336,34042,43178,20200,ITF,ITF3,15,Campania,Campania,5801692,632724,10.91,1.09
2165,2021-05-28,CAM,71156,34094,37062,26759,44397,ITF,ITF3,15,Campania,Campania,5801692,703880,12.13,1.23
2166,2021-04-24,CAM,36328,17519,18809,25082,11246,ITF,ITF3,15,Campania,Campania,5801692,740208,12.76,0.63
2167,2021-02-16,CAM,5440,2411,3029,4669,771,ITF,ITF3,15,Campania,Campania,5801692,745648,12.85,0.09
2168,2021-04-21,CAM,30220,14723,15497,17993,12227,ITF,ITF3,15,Campania,Campania,5801692,775868,13.37,0.52
2169,2021-01-25,CAM,5744,2926,2818,164,5580,ITF,ITF3,15,Campania,Campania,5801692,781612,13.47,0.1
2170,2021-02-27,CAM,13950,4473,9477,12308,1642,ITF,ITF3,15,Campania,Campania,5801692,795562,13.71,0.24
2171,2021-02-18,CAM,9080,3812,5268,8372,708,ITF,ITF3,15,Campania,Campania,5801692,804642,13.87,0.16
2172,2021-02-17,CAM,7388,3210,4178,6328,1060,ITF,ITF3,15,Campania,Campania,5801692,812030,14.0,0.13
2173,2021-01-09,CAM,10567,5024,5543,10567,0,ITF,ITF3,15,Campania,Campania,5801692,822597,14.18,0.18
2174,2021-01-08,CAM,10455,4968,5487,10455,0,ITF,ITF3,15,Campania,Campania,5801692,833052,14.36,0.18
2175,2021-04-11,CAM,17522,8605,8917,15440,2082,ITF,ITF3,15,Campania,Campania,5801692,850574,14.66,0.3
2176,2021-04-29,CAM,41283,20007,21276,24818,16465,ITF,ITF3,15,Campania,Campania,5801692,891857,15.37,0.71
2177,2021-05-18,CAM,52047,23142,28905,32506,19541,ITF,ITF3,15,Campania,Campania,5801692,943904,16.27,0.9
2178,2021-05-11,CAM,39835,19231,20604,30466,9369,ITF,ITF3,15,Campania,Campania,5801692,983739,16.96,0.69
2179,2021-01-14,CAM,7073,2977,4096,7073,0,ITF,ITF3,15,Campania,Campania,5801692,990812,17.08,0.12
2180,2021-05-06,CAM,57250,27890,29360,42810,14440,ITF,ITF3,15,Campania,Campania,5801692,1048062,18.06,0.99
2181,2021-02-25,CAM,12425,4478,7947,11237,1188,ITF,ITF3,15,Campania,Campania,5801692,1060487,18.28,0.21
2182,2021-05-26,CAM,51996,25381,26615,21129,30867,ITF,ITF3,15,Campania,Campania,5801692,1112483,19.18,0.9
2183,2021-04-13,CAM,26599,12682,13917,21069,5530,ITF,ITF3,15,Campania,Campania,5801692,1139082,19.63,0.46
2184,2021-02-20,CAM,8573,3080,5493,8270,303,ITF,ITF3,15,Campania,Campania,5801692,1147655,19.78,0.15
2185,2021-02-10,CAM,6904,3413,3491,6728,176,ITF,ITF3,15,Campania,Campania,5801692,1154559,19.9,0.12
2186,2021-03-14,CAM,8502,3721,4781,4363,4139,ITF,ITF3,15,Campania,Campania,5801692,1163061,20.05,0.15
2187,2021-05-03,CAM,40745,19884,20861,28899,11846,ITF,ITF3,15,Campania,Campania,5801692,1203806,20.75,0.7
2188,2021-02-14,CAM,3928,1923,2005,3894,34,ITF,ITF3,15,Campania,Campania,5801692,1207734,20.82,0.07
2189,2021-04-27,CAM,32116,15593,16523,24197,7919,ITF,ITF3,15,Campania,Campania,5801692,1239850,21.37,0.55
2190,2021-01-26,CAM,7340,3726,3614,351,6989,ITF,ITF3,15,Campania,Campania,5801692,1247190,21.5,0.13
2191,2021-02-06,CAM,5340,2665,2675,2102,3238,ITF,ITF3,15,Campania,Campania,5801692,1252530,21.59,0.09
2192,2021-04-23,CAM,32298,15507,16791,23162,9136,ITF,ITF3,15,Campania,Campania,5801692,1284828,22.15,0.56
2193,2021-01-10,CAM,8165,3736,4429,8165,0,ITF,ITF3,15,Campania,Campania,5801692,1292993,22.29,0.14
2194,2021-04-20,CAM,32010,15490,16520,20704,11306,ITF,ITF3,15,Campania,Campania,5801692,1325003,22.84,0.55
2195,2021-05-05,CAM,51124,24836,26288,44748,6376,ITF,ITF3,15,Campania,Campania,5801692,1376127,23.72,0.88
2196,2021-02-05,CAM,7260,3463,3797,2133,5127,ITF,ITF3,15,Campania,Campania,5801692,1383387,23.84,0.13
2197,2021-05-09,CAM,43170,20273,22897,32080,11090,ITF,ITF3,15,Campania,Campania,5801692,1426557,24.59,0.74
2198,2021-01-05,CAM,7238,3637,3601,7238,0,ITF,ITF3,15,Campania,Campania,5801692,1433795,24.71,0.12
2199,2021-04-25,CAM,30722,15172,15550,25330,5392,ITF,ITF3,15,Campania,Campania,5801692,1464517,25.24,0.53
2200,2021-01-30,CAM,10721,5079,5642,38,10683,ITF,ITF3,15,Campania,Campania,5801692,1475238,25.43,0.18
2201,2021-01-11,CAM,4072,1871,2201,4072,0,ITF,ITF3,15,Campania,Campania,5801692,1479310,25.5,0.07
2202,2021-05-02,CAM,43482,21537,21945,32132,11350,ITF,ITF3,15,Campania,Campania,5801692,1522792,26.25,0.75
2203,2021-05-22,CAM,67835,32439,35396,46439,21396,ITF,ITF3,15,Campania,Campania,5801692,1590627,27.42,1.17
2204,2021-04-16,CAM,34301,16552,17749,23643,10658,ITF,ITF3,15,Campania,Campania,5801692,1624928,28.01,0.59
2205,2021-03-02,CAM,12756,4554,8202,8411,4345,ITF,ITF3,15,Campania,Campania,5801692,1637684,28.23,0.22
2206,2021-03-22,CAM,12740,5921,6819,10700,2040,ITF,ITF3,15,Campania,Campania,5801692,1650424,28.45,0.22
2207,2021-03-31,CAM,22685,10906,11779,19246,3439,ITF,ITF3,15,Campania,Campania,5801692,1673109,28.84,0.39
2208,2021-01-23,CAM,3838,2028,1810,273,3565,ITF,ITF3,15,Campania,Campania,5801692,1676947,28.9,0.07
2209,2021-03-17,CAM,11588,5099,6489,5008,6580,ITF,ITF3,15,Campania,Campania,5801692,1688535,29.1,0.2
2210,2021-03-27,CAM,21279,10032,11247,17415,3864,ITF,ITF3,15,Campania,Campania,5801692,1709814,29.47,0.37
2211,2021-05-17,CAM,49217,21604,27613,24078,25139,ITF,ITF3,15,Campania,Campania,5801692,1759031,30.32,0.85
2212,2021-03-01,CAM,12130,4247,7883,8017,4113,ITF,ITF3,15,Campania,Campania,5801692,1771161,30.53,0.21
2213,2021-02-04,CAM,7943,3429,4514,1308,6635,ITF,ITF3,15,Campania,Campania,5801692,1779104,30.67,0.14
2214,2021-05-19,CAM,51008,22492,28516,34511,16497,ITF,ITF3,15,Campania,Campania,5801692,1830112,31.54,0.88
2215,2021-03-20,CAM,13881,6429,7452,10142,3739,ITF,ITF3,15,Campania,Campania,5801692,1843993,31.78,0.24
2216,2021-02-15,CAM,5470,2516,2954,5297,173,ITF,ITF3,15,Campania,Campania,5801692,1849463,31.88,0.09
2217,2021-02-07,CAM,2929,1382,1547,2158,771,ITF,ITF3,15,Campania,Campania,5801692,1852392,31.93,0.05
2218,2021-02-09,CAM,4643,2202,2441,4391,252,ITF,ITF3,15,Campania,Campania,5801692,1857035,32.01,0.08
2219,2021-05-13,CAM,55378,24808,30570,39388,15990,ITF,ITF3,15,Campania,Campania,5801692,1912413,32.96,0.95
2220,2020-12-31,CAM,1490,811,679,1490,0,ITF,ITF3,15,Campania,Campania,5801692,1913903,32.99,0.03
2221,2021-03-19,CAM,11037,4870,6167,7165,3872,ITF,ITF3,15,Campania,Campania,5801692,1924940,33.18,0.19
2222,2021-03-28,CAM,15552,7501,8051,13927,1625,ITF,ITF3,15,Campania,Campania,5801692,1940492,33.45,0.27
2223,2021-02-24,CAM,11786,4149,7637,11098,688,ITF,ITF3,15,Campania,Campania,5801692,1952278,33.65,0.2
2224,2021-04-06,CAM,24371,11420,12951,19849,4522,ITF,ITF3,15,Campania,Campania,5801692,1976649,34.07,0.42
2225,2021-05-14,CAM,60793,27462,33331,36305,24488,ITF,ITF3,15,Campania,Campania,5801692,2037442,35.12,1.05
2226,2021-02-28,CAM,10412,3206,7206,8512,1900,ITF,ITF3,15,Campania,Campania,5801692,2047854,35.3,0.18
2227,2021-04-26,CAM,33999,16635,17364,28377,5622,ITF,ITF3,15,Campania,Campania,5801692,2081853,35.88,0.59
2228,2021-01-17,CAM,1155,551,604,702,453,ITF,ITF3,15,Campania,Campania,5801692,2083008,35.9,0.02
2229,2021-02-21,CAM,5834,2239,3595,5609,225,ITF,ITF3,15,Campania,Campania,5801692,2088842,36.0,0.1
2230,2021-05-10,CAM,35400,16370,19030,25492,9908,ITF,ITF3,15,Campania,Campania,5801692,2124242,36.61,0.61
2231,2021-01-21,CAM,2092,1115,977,676,1416,ITF,ITF3,15,Campania,Campania,5801692,2126334,36.65,0.04
2232,2021-03-29,CAM,18947,9134,9813,17401,1546,ITF,ITF3,15,Campania,Campania,5801692,2145281,36.98,0.33
2233,2021-05-20,CAM,60452,27827,32625,43082,17370,ITF,ITF3,15,Campania,Campania,5801692,2205733,38.02,1.04
2234,2021-03-18,CAM,12172,5378,6794,5984,6188,ITF,ITF3,15,Campania,Campania,5801692,2217905,38.23,0.21
2235,2021-03-05,CAM,16483,6348,10135,9820,6663,ITF,ITF3,15,Campania,Campania,5801692,2234388,38.51,0.28
2236,2021-02-26,CAM,13339,4230,9109,12004,1335,ITF,ITF3,15,Campania,Campania,5801692,2247727,38.74,0.23
2237,2021-01-07,CAM,8910,4166,4744,8910,0,ITF,ITF3,15,Campania,Campania,5801692,2256637,38.9,0.15
2238,2021-05-24,CAM,31061,14890,16171,16173,14888,ITF,ITF3,15,Campania,Campania,5801692,2287698,39.43,0.54
2239,2021-05-27,CAM,72301,34763,37538,26219,46082,ITF,ITF3,15,Campania,Campania,5801692,2359999,40.68,1.25
2240,2021-04-17,CAM,36172,17506,18666,24666,11506,ITF,ITF3,15,Campania,Campania,5801692,2396171,41.3,0.62
2241,2021-03-06,CAM,16308,6753,9555,10639,5669,ITF,ITF3,15,Campania,Campania,5801692,2412479,41.58,0.28
2242,2021-05-07,CAM,59707,29179,30528,43765,15942,ITF,ITF3,15,Campania,Campania,5801692,2472186,42.61,1.03
2243,2021-04-22,CAM,33941,16530,17411,21539,12402,ITF,ITF3,15,Campania,Campania,5801692,2506127,43.2,0.59
2244,2021-03-21,CAM,9983,4592,5391,7593,2390,ITF,ITF3,15,Campania,Campania,5801692,2516110,43.37,0.17
2245,2021-03-08,CAM,14540,6716,7824,9764,4776,ITF,ITF3,15,Campania,Campania,5801692,2530650,43.62,0.25
2246,2021-03-10,CAM,15252,7381,7871,8418,6834,ITF,ITF3,15,Campania,Campania,5801692,2545902,43.88,0.26
2247,2021-02-23,CAM,11003,3388,7615,10477,526,ITF,ITF3,15,Campania,Campania,5801692,2556905,44.07,0.19
2248,2021-03-03,CAM,13921,5494,8427,7291,6630,ITF,ITF3,15,Campania,Campania,5801692,2570826,44.31,0.24
2249,2021-04-30,CAM,42231,20132,22099,25783,16448,ITF,ITF3,15,Campania,Campania,5801692,2613057,45.04,0.73
2250,2021-01-22,CAM,1524,776,748,673,851,ITF,ITF3,15,Campania,Campania,5801692,2614581,45.07,0.03
2251,2021-02-12,CAM,6529,2861,3668,6343,186,ITF,ITF3,15,Campania,Campania,5801692,2621110,45.18,0.11
2252,2021-03-04,CAM,14659,5352,9307,8766,5893,ITF,ITF3,15,Campania,Campania,5801692,2635769,45.43,0.25
2253,2021-05-15,CAM,62601,29025,33576,43936,18665,ITF,ITF3,15,Campania,Campania,5801692,2698370,46.51,1.08
2254,2021-02-13,CAM,5508,2550,2958,5291,217,ITF,ITF3,15,Campania,Campania,5801692,2703878,46.6,0.09
2255,2021-03-24,CAM,17620,8082,9538,14663,2957,ITF,ITF3,15,Campania,Campania,5801692,2721498,46.91,0.3
2256,2021-01-24,CAM,4128,2123,2005,383,3745,ITF,ITF3,15,Campania,Campania,5801692,2725626,46.98,0.07
2257,2021-03-25,CAM,19991,9335,10656,16488,3503,ITF,ITF3,15,Campania,Campania,5801692,2745617,47.32,0.34
2258,2021-03-23,CAM,15335,7055,8280,12822,2513,ITF,ITF3,15,Campania,Campania,5801692,2760952,47.59,0.26
2259,2021-01-02,CAM,3673,1962,1711,3673,0,ITF,ITF3,15,Campania,Campania,5801692,2764625,47.65,0.06
2260,2021-01-20,CAM,1257,650,607,1257,0,ITF,ITF3,15,Campania,Campania,5801692,2765882,47.67,0.02
2261,2021-01-27,CAM,7738,3820,3918,162,7576,ITF,ITF3,15,Campania,Campania,5801692,2773620,47.81,0.13
2262,2021-03-09,CAM,13880,6637,7243,10095,3785,ITF,ITF3,15,Campania,Campania,5801692,2787500,48.05,0.24
2263,2021-04-19,CAM,30731,14819,15912,19164,11567,ITF,ITF3,15,Campania,Campania,5801692,2818231,48.58,0.53
2264,2021-05-23,CAM,58717,28617,30100,37840,20877,ITF,ITF3,15,Campania,Campania,5801692,2876948,49.59,1.01
2265,2021-04-05,CAM,11638,5543,6095,9215,2423,ITF,ITF3,15,Campania,Campania,5801692,2888586,49.79,0.2
2266,2021-05-08,CAM,56343,27099,29244,40524,15819,ITF,ITF3,15,Campania,Campania,5801692,2944929,50.76,0.97
2267,2021-01-31,CAM,8067,3711,4356,23,8044,ITF,ITF3,15,Campania,Campania,5801692,2952996,50.9,0.14
2268,2021-02-01,CAM,3985,1813,2172,110,3875,ITF,ITF3,15,Campania,Campania,5801692,2956981,50.97,0.07
2269,2021-01-28,CAM,8832,4121,4711,134,8698,ITF,ITF3,15,Campania,Campania,5801692,2965813,51.12,0.15
2270,2021-01-19,CAM,1095,474,621,1092,3,ITF,ITF3,15,Campania,Campania,5801692,2966908,51.14,0.02
2271,2021-03-11,CAM,17584,8672,8912,10306,7278,ITF,ITF3,15,Campania,Campania,5801692,2984492,51.44,0.3
2272,2021-02-02,CAM,5723,2804,2919,444,5279,ITF,ITF3,15,Campania,Campania,5801692,2990215,51.54,0.1
2273,2021-01-04,CAM,5825,2962,2863,5825,0,ITF,ITF3,15,Campania,Campania,5801692,2996040,51.64,0.1
2274,2021-04-08,CAM,28269,13639,14630,22433,5836,ITF,ITF3,15,Campania,Campania,5801692,3024309,52.13,0.49
2275,2021-01-15,CAM,4980,2381,2599,4980,0,ITF,ITF3,15,Campania,Campania,5801692,3029289,52.21,0.09
2276,2021-03-15,CAM,12932,6088,6844,8187,4745,ITF,ITF3,15,Campania,Campania,5801692,3042221,52.44,0.22
2277,2021-02-03,CAM,8903,4003,4900,878,8025,ITF,ITF3,15,Campania,Campania,5801692,3051124,52.59,0.15
2278,2021-05-25,CAM,45950,21931,24019,22885,23065,ITF,ITF3,15,Campania,Campania,5801692,3097074,53.38,0.79
2279,2021-04-09,CAM,29844,13964,15880,23717,6127,ITF,ITF3,15,Campania,Campania,5801692,3126918,53.9,0.51
2280,2021-04-14,CAM,27639,13330,14309,19073,8566,ITF,ITF3,15,Campania,Campania,5801692,3154557,54.37,0.48
2281,2021-03-30,CAM,21729,10272,11457,18771,2958,ITF,ITF3,15,Campania,Campania,5801692,3176286,54.75,0.37
2282,2021-05-29,CAM,63224,30030,33194,43934,19290,ITF,ITF3,15,Campania,Campania,5801692,3239510,55.84,1.09
2283,2021-01-13,CAM,8020,3666,4354,8020,0,ITF,ITF3,15,Campania,Campania,5801692,3247530,55.98,0.14
2284,2021-01-03,CAM,3837,2009,1828,3837,0,ITF,ITF3,15,Campania,Campania,5801692,3251367,56.04,0.07
2285,2021-05-01,CAM,46319,22654,23665,30221,16098,ITF,ITF3,15,Campania,Campania,5801692,3297686,56.84,0.8
2286,2021-03-07,CAM,11911,5344,6567,8068,3843,ITF,ITF3,15,Campania,Campania,5801692,3309597,57.05,0.21
2287,2021-04-07,CAM,24753,11780,12973,20031,4722,ITF,ITF3,15,Campania,Campania,5801692,3334350,57.47,0.43
2288,2021-04-20,SAR,10992,4992,6000,7778,3214,ITG,ITG2,20,Sardegna,Sardegna,1639591,10992,0.67,0.67
2289,2021-05-10,SAR,9732,4336,5396,7195,2537,ITG,ITG2,20,Sardegna,Sardegna,1639591,20724,1.26,0.59
2290,2021-03-29,SAR,4425,1559,2866,3837,588,ITG,ITG2,20,Sardegna,Sardegna,1639591,25149,1.53,0.27
2291,2021-01-02,SAR,60,21,39,60,0,ITG,ITG2,20,Sardegna,Sardegna,1639591,25209,1.54,0.0
2292,2021-03-09,SAR,5152,2373,2779,4423,729,ITG,ITG2,20,Sardegna,Sardegna,1639591,30361,1.85,0.31
2293,2021-03-15,SAR,2688,1219,1469,2315,373,ITG,ITG2,20,Sardegna,Sardegna,1639591,33049,2.02,0.16
2294,2020-12-28,SAR,65,25,40,65,0,ITG,ITG2,20,Sardegna,Sardegna,1639591,33114,2.02,0.0
2295,2021-02-26,SAR,2800,1108,1692,2494,306,ITG,ITG2,20,Sardegna,Sardegna,1639591,35914,2.19,0.17
2296,2021-01-13,SAR,573,178,395,573,0,ITG,ITG2,20,Sardegna,Sardegna,1639591,36487,2.23,0.03
2297,2021-03-21,SAR,4030,1809,2221,2590,1440,ITG,ITG2,20,Sardegna,Sardegna,1639591,40517,2.47,0.25
2298,2021-02-23,SAR,1519,1010,509,1285,234,ITG,ITG2,20,Sardegna,Sardegna,1639591,42036,2.56,0.09
2299,2021-03-11,SAR,6036,2726,3310,4835,1201,ITG,ITG2,20,Sardegna,Sardegna,1639591,48072,2.93,0.37
2300,2021-01-07,SAR,3112,1077,2035,3112,0,ITG,ITG2,20,Sardegna,Sardegna,1639591,51184,3.12,0.19
2301,2021-04-23,SAR,12844,5734,7110,7383,5461,ITG,ITG2,20,Sardegna,Sardegna,1639591,64028,3.91,0.78
2302,2021-03-18,SAR,7255,3070,4185,5652,1603,ITG,ITG2,20,Sardegna,Sardegna,1639591,71283,4.35,0.44
2303,2021-02-05,SAR,1897,749,1148,433,1464,ITG,ITG2,20,Sardegna,Sardegna,1639591,73180,4.46,0.12
2304,2021-02-17,SAR,1407,577,830,1333,74,ITG,ITG2,20,Sardegna,Sardegna,1639591,74587,4.55,0.09
2305,2021-03-06,SAR,2639,1079,1560,858,1781,ITG,ITG2,20,Sardegna,Sardegna,1639591,77226,4.71,0.16
2306,2021-01-22,SAR,83,47,36,55,28,ITG,ITG2,20,Sardegna,Sardegna,1639591,77309,4.72,0.01
2307,2021-03-31,SAR,10154,4050,6104,7707,2447,ITG,ITG2,20,Sardegna,Sardegna,1639591,87463,5.33,0.62
2308,2021-04-17,SAR,10078,4500,5578,5481,4597,ITG,ITG2,20,Sardegna,Sardegna,1639591,97541,5.95,0.61
2309,2021-05-28,SAR,17303,8259,9044,13438,3865,ITG,ITG2,20,Sardegna,Sardegna,1639591,114844,7.0,1.06
2310,2021-03-03,SAR,3858,2072,1786,2610,1248,ITG,ITG2,20,Sardegna,Sardegna,1639591,118702,7.24,0.24
2311,2021-02-16,SAR,700,289,411,673,27,ITG,ITG2,20,Sardegna,Sardegna,1639591,119402,7.28,0.04
2312,2021-05-07,SAR,14124,6456,7668,9624,4500,ITG,ITG2,20,Sardegna,Sardegna,1639591,133526,8.14,0.86
2313,2021-04-22,SAR,10468,4635,5833,5549,4919,ITG,ITG2,20,Sardegna,Sardegna,1639591,143994,8.78,0.64
2314,2021-01-09,SAR,4026,1417,2609,4026,0,ITG,ITG2,20,Sardegna,Sardegna,1639591,148020,9.03,0.25
2315,2021-01-29,SAR,2954,1068,1886,48,2906,ITG,ITG2,20,Sardegna,Sardegna,1639591,150974,9.21,0.18
2316,2021-04-27,SAR,7606,3547,4059,5565,2041,ITG,ITG2,20,Sardegna,Sardegna,1639591,158580,9.67,0.46
2317,2021-03-01,SAR,2162,1055,1107,1503,659,ITG,ITG2,20,Sardegna,Sardegna,1639591,160742,9.8,0.13
2318,2021-03-10,SAR,6011,2918,3093,5161,850,ITG,ITG2,20,Sardegna,Sardegna,1639591,166753,10.17,0.37
2319,2021-02-09,SAR,2287,837,1450,1290,997,ITG,ITG2,20,Sardegna,Sardegna,1639591,169040,10.31,0.14
2320,2021-04-13,SAR,7605,3592,4013,5780,1825,ITG,ITG2,20,Sardegna,Sardegna,1639591,176645,10.77,0.46
2321,2021-02-21,SAR,1589,710,879,1559,30,ITG,ITG2,20,Sardegna,Sardegna,1639591,178234,10.87,0.1
2322,2021-01-31,SAR,2121,750,1371,48,2073,ITG,ITG2,20,Sardegna,Sardegna,1639591,180355,11.0,0.13
2323,2021-05-17,SAR,12112,5686,6426,9222,2890,ITG,ITG2,20,Sardegna,Sardegna,1639591,192467,11.74,0.74
2324,2021-01-26,SAR,1336,453,883,27,1309,ITG,ITG2,20,Sardegna,Sardegna,1639591,193803,11.82,0.08
2325,2021-02-28,SAR,368,169,199,142,226,ITG,ITG2,20,Sardegna,Sardegna,1639591,194171,11.84,0.02
2326,2021-05-13,SAR,11396,5281,6115,8423,2973,ITG,ITG2,20,Sardegna,Sardegna,1639591,205567,12.54,0.7
2327,2021-05-14,SAR,13881,6368,7513,10697,3184,ITG,ITG2,20,Sardegna,Sardegna,1639591,219448,13.38,0.85
2328,2021-05-24,SAR,13582,6503,7079,8420,5162,ITG,ITG2,20,Sardegna,Sardegna,1639591,233030,14.21,0.83
2329,2021-01-17,SAR,860,277,583,859,1,ITG,ITG2,20,Sardegna,Sardegna,1639591,233890,14.27,0.05
2330,2021-03-19,SAR,7269,3049,4220,5054,2215,ITG,ITG2,20,Sardegna,Sardegna,1639591,241159,14.71,0.44
2331,2021-01-16,SAR,1492,525,967,1492,0,ITG,ITG2,20,Sardegna,Sardegna,1639591,242651,14.8,0.09
2332,2021-04-25,SAR,4497,2269,2228,3718,779,ITG,ITG2,20,Sardegna,Sardegna,1639591,247148,15.07,0.27
2333,2021-04-26,SAR,6820,3263,3557,5945,875,ITG,ITG2,20,Sardegna,Sardegna,1639591,253968,15.49,0.42
2334,2021-04-01,SAR,10101,4026,6075,7088,3013,ITG,ITG2,20,Sardegna,Sardegna,1639591,264069,16.11,0.62
2335,2021-03-20,SAR,5193,2073,3120,2916,2277,ITG,ITG2,20,Sardegna,Sardegna,1639591,269262,16.42,0.32
2336,2021-04-06,SAR,7446,3113,4333,5018,2428,ITG,ITG2,20,Sardegna,Sardegna,1639591,276708,16.88,0.45
2337,2021-02-24,SAR,2412,1293,1119,2223,189,ITG,ITG2,20,Sardegna,Sardegna,1639591,279120,17.02,0.15
2338,2021-05-19,SAR,14845,7282,7563,11381,3464,ITG,ITG2,20,Sardegna,Sardegna,1639591,293965,17.93,0.91
2339,2021-03-28,SAR,4619,1814,2805,4540,79,ITG,ITG2,20,Sardegna,Sardegna,1639591,298584,18.21,0.28
2340,2021-04-09,SAR,12261,5436,6825,7909,4352,ITG,ITG2,20,Sardegna,Sardegna,1639591,310845,18.96,0.75
2341,2021-03-05,SAR,5036,2445,2591,2682,2354,ITG,ITG2,20,Sardegna,Sardegna,1639591,315881,19.27,0.31
2342,2021-05-25,SAR,13590,6640,6950,8264,5326,ITG,ITG2,20,Sardegna,Sardegna,1639591,329471,20.09,0.83
2343,2021-01-11,SAR,1183,505,678,1183,0,ITG,ITG2,20,Sardegna,Sardegna,1639591,330654,20.17,0.07
2344,2021-05-16,SAR,8176,3812,4364,6016,2160,ITG,ITG2,20,Sardegna,Sardegna,1639591,338830,20.67,0.5
2345,2021-01-25,SAR,588,212,376,22,566,ITG,ITG2,20,Sardegna,Sardegna,1639591,339418,20.7,0.04
2346,2021-04-12,SAR,6990,3179,3811,5276,1714,ITG,ITG2,20,Sardegna,Sardegna,1639591,346408,21.13,0.43
2347,2021-04-11,SAR,5393,2442,2951,4273,1120,ITG,ITG2,20,Sardegna,Sardegna,1639591,351801,21.46,0.33
2348,2021-03-08,SAR,4008,1790,2218,2788,1220,ITG,ITG2,20,Sardegna,Sardegna,1639591,355809,21.7,0.24
2349,2021-01-15,SAR,1563,573,990,1563,0,ITG,ITG2,20,Sardegna,Sardegna,1639591,357372,21.8,0.1
2350,2021-02-12,SAR,2237,933,1304,2178,59,ITG,ITG2,20,Sardegna,Sardegna,1639591,359609,21.93,0.14
2351,2021-05-20,SAR,15843,7496,8347,11295,4548,ITG,ITG2,20,Sardegna,Sardegna,1639591,375452,22.9,0.97
2352,2021-05-22,SAR,24256,11606,12650,19326,4930,ITG,ITG2,20,Sardegna,Sardegna,1639591,399708,24.38,1.48
2353,2021-04-30,SAR,11127,5296,5831,6918,4209,ITG,ITG2,20,Sardegna,Sardegna,1639591,410835,25.06,0.68
2354,2021-05-02,SAR,5883,2669,3214,5302,581,ITG,ITG2,20,Sardegna,Sardegna,1639591,416718,25.42,0.36
2355,2021-01-14,SAR,1105,426,679,1105,0,ITG,ITG2,20,Sardegna,Sardegna,1639591,417823,25.48,0.07
2356,2021-01-23,SAR,60,22,38,0,60,ITG,ITG2,20,Sardegna,Sardegna,1639591,417883,25.49,0.0
2357,2021-01-12,SAR,865,408,457,865,0,ITG,ITG2,20,Sardegna,Sardegna,1639591,418748,25.54,0.05
2358,2021-03-07,SAR,1657,750,907,1117,540,ITG,ITG2,20,Sardegna,Sardegna,1639591,420405,25.64,0.1
2359,2021-04-07,SAR,13477,5985,7492,7829,5648,ITG,ITG2,20,Sardegna,Sardegna,1639591,433882,26.46,0.82
2360,2021-03-02,SAR,2865,1459,1406,1712,1153,ITG,ITG2,20,Sardegna,Sardegna,1639591,436747,26.64,0.17
2361,2021-04-14,SAR,8250,3902,4348,7013,1237,ITG,ITG2,20,Sardegna,Sardegna,1639591,444997,27.14,0.5
2362,2021-02-11,SAR,1315,490,825,1204,111,ITG,ITG2,20,Sardegna,Sardegna,1639591,446312,27.22,0.08
2363,2021-05-30,SAR,9726,4835,4891,7369,2357,ITG,ITG2,20,Sardegna,Sardegna,1639591,456038,27.81,0.59
2364,2021-03-25,SAR,8795,3704,5091,7490,1305,ITG,ITG2,20,Sardegna,Sardegna,1639591,464833,28.35,0.54
2365,2021-02-10,SAR,1959,765,1194,1441,518,ITG,ITG2,20,Sardegna,Sardegna,1639591,466792,28.47,0.12
2366,2021-03-27,SAR,5717,2177,3540,5295,422,ITG,ITG2,20,Sardegna,Sardegna,1639591,472509,28.82,0.35
2367,2021-03-13,SAR,2754,1075,1679,2473,281,ITG,ITG2,20,Sardegna,Sardegna,1639591,475263,28.99,0.17
2368,2021-05-15,SAR,13754,6416,7338,10325,3429,ITG,ITG2,20,Sardegna,Sardegna,1639591,489017,29.83,0.84
2369,2021-02-20,SAR,2041,855,1186,1707,334,ITG,ITG2,20,Sardegna,Sardegna,1639591,491058,29.95,0.12
2370,2021-02-15,SAR,958,349,609,927,31,ITG,ITG2,20,Sardegna,Sardegna,1639591,492016,30.01,0.06
2371,2021-03-23,SAR,6157,2640,3517,5079,1078,ITG,ITG2,20,Sardegna,Sardegna,1639591,498173,30.38,0.38
2372,2020-12-27,SAR,65,34,31,65,0,ITG,ITG2,20,Sardegna,Sardegna,1639591,498238,30.39,0.0
2373,2021-05-09,SAR,6128,2874,3254,5202,926,ITG,ITG2,20,Sardegna,Sardegna,1639591,504366,30.76,0.37
2374,2021-04-03,SAR,4663,1802,2861,2696,1967,ITG,ITG2,20,Sardegna,Sardegna,1639591,509029,31.05,0.28
2375,2021-02-02,SAR,1482,655,827,241,1241,ITG,ITG2,20,Sardegna,Sardegna,1639591,510511,31.14,0.09
2376,2021-01-20,SAR,210,77,133,208,2,ITG,ITG2,20,Sardegna,Sardegna,1639591,510721,31.15,0.01
2377,2021-01-05,SAR,1327,446,881,1327,0,ITG,ITG2,20,Sardegna,Sardegna,1639591,512048,31.23,0.08
2378,2021-05-21,SAR,20557,10034,10523,15062,5495,ITG,ITG2,20,Sardegna,Sardegna,1639591,532605,32.48,1.25
2379,2021-04-18,SAR,5127,2225,2902,2258,2869,ITG,ITG2,20,Sardegna,Sardegna,1639591,537732,32.8,0.31
2380,2021-01-27,SAR,1409,494,915,79,1330,ITG,ITG2,20,Sardegna,Sardegna,1639591,539141,32.88,0.09
2381,2021-05-26,SAR,14258,7082,7176,9781,4477,ITG,ITG2,20,Sardegna,Sardegna,1639591,553399,33.75,0.87
2382,2021-01-28,SAR,2970,1045,1925,69,2901,ITG,ITG2,20,Sardegna,Sardegna,1639591,556369,33.93,0.18
2383,2021-04-24,SAR,10367,4851,5516,8028,2339,ITG,ITG2,20,Sardegna,Sardegna,1639591,566736,34.57,0.63
2384,2021-01-10,SAR,2183,750,1433,2183,0,ITG,ITG2,20,Sardegna,Sardegna,1639591,568919,34.7,0.13
2385,2021-03-17,SAR,6556,2849,3707,4949,1607,ITG,ITG2,20,Sardegna,Sardegna,1639591,575475,35.1,0.4
2386,2021-05-05,SAR,10093,4616,5477,8083,2010,ITG,ITG2,20,Sardegna,Sardegna,1639591,585568,35.71,0.62
2387,2021-03-14,SAR,607,376,231,607,0,ITG,ITG2,20,Sardegna,Sardegna,1639591,586175,35.75,0.04
2388,2021-04-21,SAR,12071,5557,6514,6539,5532,ITG,ITG2,20,Sardegna,Sardegna,1639591,598246,36.49,0.74
2389,2021-04-08,SAR,13426,5924,7502,8307,5119,ITG,ITG2,20,Sardegna,Sardegna,1639591,611672,37.31,0.82
2390,2021-02-18,SAR,1878,732,1146,1814,64,ITG,ITG2,20,Sardegna,Sardegna,1639591,613550,37.42,0.11
2391,2021-01-08,SAR,3258,1184,2074,3258,0,ITG,ITG2,20,Sardegna,Sardegna,1639591,616808,37.62,0.2
2392,2021-04-04,SAR,1,0,1,0,1,ITG,ITG2,20,Sardegna,Sardegna,1639591,616809,37.62,0.0
2393,2021-05-11,SAR,8648,3989,4659,6317,2331,ITG,ITG2,20,Sardegna,Sardegna,1639591,625457,38.15,0.53
2394,2021-02-27,SAR,1921,647,1274,1366,555,ITG,ITG2,20,Sardegna,Sardegna,1639591,627378,38.26,0.12
2395,2021-02-04,SAR,2271,816,1455,916,1355,ITG,ITG2,20,Sardegna,Sardegna,1639591,629649,38.4,0.14
2396,2021-05-27,SAR,16233,8170,8063,11527,4706,ITG,ITG2,20,Sardegna,Sardegna,1639591,645882,39.39,0.99
2397,2021-03-16,SAR,4374,1949,2425,3452,922,ITG,ITG2,20,Sardegna,Sardegna,1639591,650256,39.66,0.27
2398,2021-04-28,SAR,9011,4271,4740,5314,3697,ITG,ITG2,20,Sardegna,Sardegna,1639591,659267,40.21,0.55
2399,2021-02-14,SAR,539,263,276,537,2,ITG,ITG2,20,Sardegna,Sardegna,1639591,659806,40.24,0.03
2400,2021-04-05,SAR,2036,784,1252,2035,1,ITG,ITG2,20,Sardegna,Sardegna,1639591,661842,40.37,0.12
2401,2021-02-19,SAR,1499,473,1026,1443,56,ITG,ITG2,20,Sardegna,Sardegna,1639591,663341,40.46,0.09
2402,2021-03-26,SAR,8091,3180,4911,6566,1525,ITG,ITG2,20,Sardegna,Sardegna,1639591,671432,40.95,0.49
2403,2021-01-06,SAR,1615,549,1066,1615,0,ITG,ITG2,20,Sardegna,Sardegna,1639591,673047,41.05,0.1
2404,2021-02-25,SAR,2899,1255,1644,2294,605,ITG,ITG2,20,Sardegna,Sardegna,1639591,675946,41.23,0.18
2405,2021-05-31,SAR,11039,5177,5862,8219,2820,ITG,ITG2,20,Sardegna,Sardegna,1639591,686985,41.9,0.67
2406,2020-12-29,SAR,57,32,25,57,0,ITG,ITG2,20,Sardegna,Sardegna,1639591,687042,41.9,0.0
2407,2021-05-03,SAR,8180,3817,4363,6584,1596,ITG,ITG2,20,Sardegna,Sardegna,1639591,695222,42.4,0.5
2408,2021-03-12,SAR,6699,2796,3903,5342,1357,ITG,ITG2,20,Sardegna,Sardegna,1639591,701921,42.81,0.41
2409,2021-01-19,SAR,747,270,477,692,55,ITG,ITG2,20,Sardegna,Sardegna,1639591,702668,42.86,0.05
2410,2021-02-07,SAR,1116,394,722,228,888,ITG,ITG2,20,Sardegna,Sardegna,1639591,703784,42.92,0.07
2411,2020-12-31,SAR,32,16,16,32,0,ITG,ITG2,20,Sardegna,Sardegna,1639591,703816,42.93,0.0
2412,2021-02-01,SAR,1524,605,919,225,1299,ITG,ITG2,20,Sardegna,Sardegna,1639591,705340,43.02,0.09
2413,2021-01-04,SAR,592,217,375,592,0,ITG,ITG2,20,Sardegna,Sardegna,1639591,705932,43.06,0.04
2414,2021-01-18,SAR,904,326,578,780,124,ITG,ITG2,20,Sardegna,Sardegna,1639591,706836,43.11,0.06
2415,2021-05-29,SAR,17685,8494,9191,13290,4395,ITG,ITG2,20,Sardegna,Sardegna,1639591,724521,44.19,1.08
2416,2021-01-21,SAR,126,60,66,94,32,ITG,ITG2,20,Sardegna,Sardegna,1639591,724647,44.2,0.01
2417,2021-03-30,SAR,8641,3462,5179,6367,2274,ITG,ITG2,20,Sardegna,Sardegna,1639591,733288,44.72,0.53
2418,2021-05-04,SAR,9535,4385,5150,7683,1852,ITG,ITG2,20,Sardegna,Sardegna,1639591,742823,45.31,0.58
2419,2021-02-03,SAR,1119,419,700,426,693,ITG,ITG2,20,Sardegna,Sardegna,1639591,743942,45.37,0.07
2420,2021-01-30,SAR,3863,1392,2471,362,3501,ITG,ITG2,20,Sardegna,Sardegna,1639591,747805,45.61,0.24
2421,2021-01-03,SAR,90,36,54,90,0,ITG,ITG2,20,Sardegna,Sardegna,1639591,747895,45.61,0.01
2422,2021-03-22,SAR,3550,1363,2187,3037,513,ITG,ITG2,20,Sardegna,Sardegna,1639591,751445,45.83,0.22
2423,2021-04-10,SAR,10489,4748,5741,8554,1935,ITG,ITG2,20,Sardegna,Sardegna,1639591,761934,46.47,0.64
2424,2021-03-24,SAR,7287,2998,4289,5928,1359,ITG,ITG2,20,Sardegna,Sardegna,1639591,769221,46.92,0.44
2425,2021-04-02,SAR,8987,3547,5440,5745,3242,ITG,ITG2,20,Sardegna,Sardegna,1639591,778208,47.46,0.55
2426,2021-04-16,SAR,14441,6488,7953,9098,5343,ITG,ITG2,20,Sardegna,Sardegna,1639591,792649,48.34,0.88
2427,2021-01-24,SAR,90,34,56,5,85,ITG,ITG2,20,Sardegna,Sardegna,1639591,792739,48.35,0.01
2428,2021-02-13,SAR,1456,565,891,1454,2,ITG,ITG2,20,Sardegna,Sardegna,1639591,794195,48.44,0.09
2429,2021-02-06,SAR,1970,697,1273,569,1401,ITG,ITG2,20,Sardegna,Sardegna,1639591,796165,48.56,0.12
2430,2021-05-01,SAR,9900,4759,5141,5445,4455,ITG,ITG2,20,Sardegna,Sardegna,1639591,806065,49.16,0.6
2431,2021-05-12,SAR,10733,5017,5716,7654,3079,ITG,ITG2,20,Sardegna,Sardegna,1639591,816798,49.82,0.65
2432,2021-04-19,SAR,10181,4617,5564,8762,1419,ITG,ITG2,20,Sardegna,Sardegna,1639591,826979,50.44,0.62
2433,2021-02-08,SAR,1470,533,937,856,614,ITG,ITG2,20,Sardegna,Sardegna,1639591,828449,50.53,0.09
2434,2021-01-01,SAR,32,17,15,32,0,ITG,ITG2,20,Sardegna,Sardegna,1639591,828481,50.53,0.0
2435,2021-05-18,SAR,13750,6639,7111,9290,4460,ITG,ITG2,20,Sardegna,Sardegna,1639591,842231,51.37,0.84
2436,2021-02-22,SAR,1639,949,690,1411,228,ITG,ITG2,20,Sardegna,Sardegna,1639591,843870,51.47,0.1
2437,2021-03-04,SAR,4002,1953,2049,2747,1255,ITG,ITG2,20,Sardegna,Sardegna,1639591,847872,51.71,0.24
2438,2021-05-23,SAR,9964,4805,5159,7720,2244,ITG,ITG2,20,Sardegna,Sardegna,1639591,857836,52.32,0.61
2439,2021-04-15,SAR,11820,5525,6295,6865,4955,ITG,ITG2,20,Sardegna,Sardegna,1639591,869656,53.04,0.72
2440,2021-04-29,SAR,11104,5104,6000,6751,4353,ITG,ITG2,20,Sardegna,Sardegna,1639591,880760,53.72,0.68
2441,2021-05-06,SAR,12942,6007,6935,9797,3145,ITG,ITG2,20,Sardegna,Sardegna,1639591,893702,54.51,0.79
2442,2021-05-08,SAR,13068,5958,7110,10783,2285,ITG,ITG2,20,Sardegna,Sardegna,1639591,906770,55.3,0.8
2443,2021-05-06,PAT,5505,2726,2779,4726,779,ITH,ITH2,4,Provincia Autonoma Trento,P.A. Trento,541380,5505,1.02,1.02
2444,2021-01-14,PAT,700,203,497,700,0,ITH,ITH2,4,Provincia Autonoma Trento,P.A. Trento,541380,6205,1.15,0.13
2445,2021-01-30,PAT,386,132,254,152,234,ITH,ITH2,4,Provincia Autonoma Trento,P.A. Trento,541380,6591,1.22,0.07
2446,2021-03-05,PAT,2244,703,1541,1678,566,ITH,ITH2,4,Provincia Autonoma Trento,P.A. Trento,541380,8835,1.63,0.41
2447,2021-05-11,PAT,3688,1744,1944,2845,843,ITH,ITH2,4,Provincia Autonoma Trento,P.A. Trento,541380,12523,2.31,0.68
2448,2021-03-15,PAT,1410,545,865,946,464,ITH,ITH2,4,Provincia Autonoma Trento,P.A. Trento,541380,13933,2.57,0.26
2449,2021-05-27,PAT,3841,1790,2051,1098,2743,ITH,ITH2,4,Provincia Autonoma Trento,P.A. Trento,541380,17774,3.28,0.71
2450,2021-04-29,PAT,4621,2232,2389,4412,209,ITH,ITH2,4,Provincia Autonoma Trento,P.A. Trento,541380,22395,4.14,0.85
2451,2021-01-21,PAT,352,95,257,228,124,ITH,ITH2,4,Provincia Autonoma Trento,P.A. Trento,541380,22747,4.2,0.07
2452,2021-03-04,PAT,2358,793,1565,1580,778,ITH,ITH2,4,Provincia Autonoma Trento,P.A. Trento,541380,25105,4.64,0.44
2453,2021-05-20,PAT,4997,2353,2644,3373,1624,ITH,ITH2,4,Provincia Autonoma Trento,P.A. Trento,541380,30102,5.56,0.92
2454,2021-05-10,PAT,3205,1644,1561,2701,504,ITH,ITH2,4,Provincia Autonoma Trento,P.A. Trento,541380,33307,6.15,0.59
2455,2021-01-24,PAT,547,276,271,224,323,ITH,ITH2,4,Provincia Autonoma Trento,P.A. Trento,541380,33854,6.25,0.1
2456,2021-03-21,PAT,129,69,60,129,0,ITH,ITH2,4,Provincia Autonoma Trento,P.A. Trento,541380,33983,6.28,0.02
2457,2021-04-25,PAT,1970,939,1031,1963,7,ITH,ITH2,4,Provincia Autonoma Trento,P.A. Trento,541380,35953,6.64,0.36
2458,2021-04-05,PAT,35,17,18,33,2,ITH,ITH2,4,Provincia Autonoma Trento,P.A. Trento,541380,35988,6.65,0.01
2459,2021-03-07,PAT,22,6,16,22,0,ITH,ITH2,4,Provincia Autonoma Trento,P.A. Trento,541380,36010,6.65,0.0
2460,2021-03-03,PAT,1656,622,1034,1139,517,ITH,ITH2,4,Provincia Autonoma Trento,P.A. Trento,541380,37666,6.96,0.31
2461,2021-04-19,PAT,2622,1235,1387,2600,22,ITH,ITH2,4,Provincia Autonoma Trento,P.A. Trento,541380,40288,7.44,0.48
2462,2021-01-13,PAT,421,123,298,421,0,ITH,ITH2,4,Provincia Autonoma Trento,P.A. Trento,541380,40709,7.52,0.08
2463,2021-04-14,PAT,3115,1464,1651,2379,736,ITH,ITH2,4,Provincia Autonoma Trento,P.A. Trento,541380,43824,8.09,0.58
2464,2021-02-23,PAT,1108,395,713,897,211,ITH,ITH2,4,Provincia Autonoma Trento,P.A. Trento,541380,44932,8.3,0.2
2465,2021-03-18,PAT,2318,957,1361,1238,1080,ITH,ITH2,4,Provincia Autonoma Trento,P.A. Trento,541380,47250,8.73,0.43
2466,2021-05-23,PAT,1952,993,959,447,1505,ITH,ITH2,4,Provincia Autonoma Trento,P.A. Trento,541380,49202,9.09,0.36
2467,2021-03-27,PAT,1615,709,906,1362,253,ITH,ITH2,4,Provincia Autonoma Trento,P.A. Trento,541380,50817,9.39,0.3
2468,2021-02-13,PAT,537,333,204,172,365,ITH,ITH2,4,Provincia Autonoma Trento,P.A. Trento,541380,51354,9.49,0.1
2469,2021-02-12,PAT,1010,340,670,589,421,ITH,ITH2,4,Provincia Autonoma Trento,P.A. Trento,541380,52364,9.67,0.19
2470,2021-03-20,PAT,872,402,470,670,202,ITH,ITH2,4,Provincia Autonoma Trento,P.A. Trento,541380,53236,9.83,0.16
2471,2021-05-15,PAT,1567,815,752,679,888,ITH,ITH2,4,Provincia Autonoma Trento,P.A. Trento,541380,54803,10.12,0.29
2472,2021-01-27,PAT,802,277,525,91,711,ITH,ITH2,4,Provincia Autonoma Trento,P.A. Trento,541380,55605,10.27,0.15
2473,2021-01-29,PAT,1353,331,1022,55,1298,ITH,ITH2,4,Provincia Autonoma Trento,P.A. Trento,541380,56958,10.52,0.25
2474,2021-04-15,PAT,3182,1437,1745,3028,154,ITH,ITH2,4,Provincia Autonoma Trento,P.A. Trento,541380,60140,11.11,0.59
2475,2021-05-18,PAT,4245,2008,2237,3403,842,ITH,ITH2,4,Provincia Autonoma Trento,P.A. Trento,541380,64385,11.89,0.78
2476,2021-05-16,PAT,1321,729,592,1083,238,ITH,ITH2,4,Provincia Autonoma Trento,P.A. Trento,541380,65706,12.14,0.24
2477,2021-05-13,PAT,3405,1579,1826,2304,1101,ITH,ITH2,4,Provincia Autonoma Trento,P.A. Trento,541380,69111,12.77,0.63
2478,2021-03-29,PAT,2461,958,1503,1726,735,ITH,ITH2,4,Provincia Autonoma Trento,P.A. Trento,541380,71572,13.22,0.45
2479,2021-03-10,PAT,2411,928,1483,1490,921,ITH,ITH2,4,Provincia Autonoma Trento,P.A. Trento,541380,73983,13.67,0.45
2480,2021-05-07,PAT,5985,3078,2907,5148,837,ITH,ITH2,4,Provincia Autonoma Trento,P.A. Trento,541380,79968,14.77,1.11
2481,2021-01-09,PAT,190,40,150,190,0,ITH,ITH2,4,Provincia Autonoma Trento,P.A. Trento,541380,80158,14.81,0.04
2482,2021-05-26,PAT,3725,1752,1973,1143,2582,ITH,ITH2,4,Provincia Autonoma Trento,P.A. Trento,541380,83883,15.49,0.69
2483,2021-04-17,PAT,2203,1120,1083,2146,57,ITH,ITH2,4,Provincia Autonoma Trento,P.A. Trento,541380,86086,15.9,0.41
2484,2021-02-24,PAT,1318,523,795,922,396,ITH,ITH2,4,Provincia Autonoma Trento,P.A. Trento,541380,87404,16.14,0.24
2485,2021-05-28,PAT,3337,1566,1771,1331,2006,ITH,ITH2,4,Provincia Autonoma Trento,P.A. Trento,541380,90741,16.76,0.62
2486,2021-01-22,PAT,1668,433,1235,329,1339,ITH,ITH2,4,Provincia Autonoma Trento,P.A. Trento,541380,92409,17.07,0.31
2487,2021-02-16,PAT,663,244,419,658,5,ITH,ITH2,4,Provincia Autonoma Trento,P.A. Trento,541380,93072,17.19,0.12
2488,2021-03-08,PAT,1398,433,965,1045,353,ITH,ITH2,4,Provincia Autonoma Trento,P.A. Trento,541380,94470,17.45,0.26
2489,2021-01-23,PAT,577,334,243,388,189,ITH,ITH2,4,Provincia Autonoma Trento,P.A. Trento,541380,95047,17.56,0.11
2490,2021-02-26,PAT,1218,435,783,923,295,ITH,ITH2,4,Provincia Autonoma Trento,P.A. Trento,541380,96265,17.78,0.22
2491,2021-04-07,PAT,2599,1012,1587,1658,941,ITH,ITH2,4,Provincia Autonoma Trento,P.A. Trento,541380,98864,18.26,0.48
2492,2021-04-08,PAT,3114,1294,1820,1996,1118,ITH,ITH2,4,Provincia Autonoma Trento,P.A. Trento,541380,101978,18.84,0.58
2493,2021-03-17,PAT,2067,790,1277,1199,868,ITH,ITH2,4,Provincia Autonoma Trento,P.A. Trento,541380,104045,19.22,0.38
2494,2021-03-02,PAT,1304,440,864,928,376,ITH,ITH2,4,Provincia Autonoma Trento,P.A. Trento,541380,105349,19.46,0.24
2495,2021-05-24,PAT,4370,2006,2364,1340,3030,ITH,ITH2,4,Provincia Autonoma Trento,P.A. Trento,541380,109719,20.27,0.81
2496,2021-03-13,PAT,830,380,450,782,48,ITH,ITH2,4,Provincia Autonoma Trento,P.A. Trento,541380,110549,20.42,0.15
2497,2021-05-12,PAT,3297,1491,1806,2114,1183,ITH,ITH2,4,Provincia Autonoma Trento,P.A. Trento,541380,113846,21.03,0.61
2498,2021-01-08,PAT,1449,313,1136,1449,0,ITH,ITH2,4,Provincia Autonoma Trento,P.A. Trento,541380,115295,21.3,0.27
2499,2021-04-11,PAT,2340,1135,1205,2248,92,ITH,ITH2,4,Provincia Autonoma Trento,P.A. Trento,541380,117635,21.73,0.43
2500,2021-03-01,PAT,1237,454,783,942,295,ITH,ITH2,4,Provincia Autonoma Trento,P.A. Trento,541380,118872,21.96,0.23
2501,2021-04-30,PAT,4910,2396,2514,4765,145,ITH,ITH2,4,Provincia Autonoma Trento,P.A. Trento,541380,123782,22.86,0.91
2502,2021-02-09,PAT,915,287,628,442,473,ITH,ITH2,4,Provincia Autonoma Trento,P.A. Trento,541380,124697,23.03,0.17
2503,2021-04-22,PAT,3146,1468,1678,3102,44,ITH,ITH2,4,Provincia Autonoma Trento,P.A. Trento,541380,127843,23.61,0.58
2504,2021-03-06,PAT,783,277,506,632,151,ITH,ITH2,4,Provincia Autonoma Trento,P.A. Trento,541380,128626,23.76,0.14
2505,2020-12-31,PAT,1624,449,1175,1624,0,ITH,ITH2,4,Provincia Autonoma Trento,P.A. Trento,541380,130250,24.06,0.3
2506,2021-01-18,PAT,643,154,489,588,55,ITH,ITH2,4,Provincia Autonoma Trento,P.A. Trento,541380,130893,24.18,0.12
2507,2021-01-06,PAT,42,13,29,42,0,ITH,ITH2,4,Provincia Autonoma Trento,P.A. Trento,541380,130935,24.19,0.01
2508,2021-02-15,PAT,533,187,346,419,114,ITH,ITH2,4,Provincia Autonoma Trento,P.A. Trento,541380,131468,24.28,0.1
2509,2021-04-20,PAT,2872,1372,1500,2836,36,ITH,ITH2,4,Provincia Autonoma Trento,P.A. Trento,541380,134340,24.81,0.53
2510,2021-03-26,PAT,3155,1226,1929,2556,599,ITH,ITH2,4,Provincia Autonoma Trento,P.A. Trento,541380,137495,25.4,0.58
2511,2021-01-05,PAT,709,232,477,709,0,ITH,ITH2,4,Provincia Autonoma Trento,P.A. Trento,541380,138204,25.53,0.13
2512,2021-04-23,PAT,3600,1749,1851,3546,54,ITH,ITH2,4,Provincia Autonoma Trento,P.A. Trento,541380,141804,26.19,0.66
2513,2021-05-05,PAT,4972,2575,2397,4689,283,ITH,ITH2,4,Provincia Autonoma Trento,P.A. Trento,541380,146776,27.11,0.92
2514,2021-02-06,PAT,574,298,276,433,141,ITH,ITH2,4,Provincia Autonoma Trento,P.A. Trento,541380,147350,27.22,0.11
2515,2021-03-11,PAT,2295,851,1444,1473,822,ITH,ITH2,4,Provincia Autonoma Trento,P.A. Trento,541380,149645,27.64,0.42
2516,2021-05-22,PAT,3239,1589,1650,919,2320,ITH,ITH2,4,Provincia Autonoma Trento,P.A. Trento,541380,152884,28.24,0.6
2517,2021-05-14,PAT,5300,2535,2765,3931,1369,ITH,ITH2,4,Provincia Autonoma Trento,P.A. Trento,541380,158184,29.22,0.98
2518,2021-04-01,PAT,2893,1227,1666,1800,1093,ITH,ITH2,4,Provincia Autonoma Trento,P.A. Trento,541380,161077,29.75,0.53
2519,2021-02-02,PAT,907,240,667,190,717,ITH,ITH2,4,Provincia Autonoma Trento,P.A. Trento,541380,161984,29.92,0.17
2520,2021-05-25,PAT,4741,2258,2483,1851,2890,ITH,ITH2,4,Provincia Autonoma Trento,P.A. Trento,541380,166725,30.8,0.88
2521,2021-01-20,PAT,291,73,218,279,12,ITH,ITH2,4,Provincia Autonoma Trento,P.A. Trento,541380,167016,30.85,0.05
2522,2021-01-02,PAT,502,143,359,502,0,ITH,ITH2,4,Provincia Autonoma Trento,P.A. Trento,541380,167518,30.94,0.09
2523,2021-02-21,PAT,155,92,63,43,112,ITH,ITH2,4,Provincia Autonoma Trento,P.A. Trento,541380,167673,30.97,0.03
2524,2021-01-11,PAT,730,221,509,730,0,ITH,ITH2,4,Provincia Autonoma Trento,P.A. Trento,541380,168403,31.11,0.13
2525,2020-12-27,PAT,103,40,63,103,0,ITH,ITH2,4,Provincia Autonoma Trento,P.A. Trento,541380,168506,31.13,0.02
2526,2021-04-18,PAT,1855,845,1010,1846,9,ITH,ITH2,4,Provincia Autonoma Trento,P.A. Trento,541380,170361,31.47,0.34
2527,2021-01-15,PAT,595,132,463,595,0,ITH,ITH2,4,Provincia Autonoma Trento,P.A. Trento,541380,170956,31.58,0.11
2528,2021-05-09,PAT,2322,1210,1112,1978,344,ITH,ITH2,4,Provincia Autonoma Trento,P.A. Trento,541380,173278,32.01,0.43
2529,2021-03-24,PAT,2376,940,1436,1556,820,ITH,ITH2,4,Provincia Autonoma Trento,P.A. Trento,541380,175654,32.45,0.44
2530,2021-05-04,PAT,4475,2422,2053,4385,90,ITH,ITH2,4,Provincia Autonoma Trento,P.A. Trento,541380,180129,33.27,0.83
2531,2021-04-21,PAT,2893,1349,1544,2843,50,ITH,ITH2,4,Provincia Autonoma Trento,P.A. Trento,541380,183022,33.81,0.53
2532,2021-02-17,PAT,1110,425,685,1020,90,ITH,ITH2,4,Provincia Autonoma Trento,P.A. Trento,541380,184132,34.01,0.21
2533,2021-03-23,PAT,2444,943,1501,1704,740,ITH,ITH2,4,Provincia Autonoma Trento,P.A. Trento,541380,186576,34.46,0.45
2534,2021-04-27,PAT,3879,1865,2014,3812,67,ITH,ITH2,4,Provincia Autonoma Trento,P.A. Trento,541380,190455,35.18,0.72
2535,2021-05-08,PAT,3151,1721,1430,2734,417,ITH,ITH2,4,Provincia Autonoma Trento,P.A. Trento,541380,193606,35.76,0.58
2536,2021-01-10,PAT,84,19,65,84,0,ITH,ITH2,4,Provincia Autonoma Trento,P.A. Trento,541380,193690,35.78,0.02
2537,2021-04-24,PAT,3507,1682,1825,3494,13,ITH,ITH2,4,Provincia Autonoma Trento,P.A. Trento,541380,197197,36.42,0.65
2538,2021-03-14,PAT,107,65,42,20,87,ITH,ITH2,4,Provincia Autonoma Trento,P.A. Trento,541380,197304,36.44,0.02
2539,2021-01-31,PAT,75,15,60,1,74,ITH,ITH2,4,Provincia Autonoma Trento,P.A. Trento,541380,197379,36.46,0.01
2540,2021-02-10,PAT,851,291,560,509,342,ITH,ITH2,4,Provincia Autonoma Trento,P.A. Trento,541380,198230,36.62,0.16
2541,2021-04-02,PAT,2801,1146,1655,2126,675,ITH,ITH2,4,Provincia Autonoma Trento,P.A. Trento,541380,201031,37.13,0.52
2542,2021-01-01,PAT,213,50,163,213,0,ITH,ITH2,4,Provincia Autonoma Trento,P.A. Trento,541380,201244,37.17,0.04
2543,2021-01-12,PAT,505,158,347,505,0,ITH,ITH2,4,Provincia Autonoma Trento,P.A. Trento,541380,201749,37.27,0.09
2544,2021-03-09,PAT,1581,589,992,938,643,ITH,ITH2,4,Provincia Autonoma Trento,P.A. Trento,541380,203330,37.56,0.29
2545,2021-02-11,PAT,1132,365,767,796,336,ITH,ITH2,4,Provincia Autonoma Trento,P.A. Trento,541380,204462,37.77,0.21
2546,2021-04-12,PAT,3087,1408,1679,2591,496,ITH,ITH2,4,Provincia Autonoma Trento,P.A. Trento,541380,207549,38.34,0.57
2547,2021-02-20,PAT,407,245,162,123,284,ITH,ITH2,4,Provincia Autonoma Trento,P.A. Trento,541380,207956,38.41,0.08
2548,2021-02-27,PAT,1027,456,571,606,421,ITH,ITH2,4,Provincia Autonoma Trento,P.A. Trento,541380,208983,38.6,0.19
2549,2021-02-01,PAT,1220,335,885,92,1128,ITH,ITH2,4,Provincia Autonoma Trento,P.A. Trento,541380,210203,38.83,0.23
2550,2021-05-30,PAT,1769,871,898,927,842,ITH,ITH2,4,Provincia Autonoma Trento,P.A. Trento,541380,211972,39.15,0.33
2551,2021-03-12,PAT,2506,936,1570,1701,805,ITH,ITH2,4,Provincia Autonoma Trento,P.A. Trento,541380,214478,39.62,0.46
2552,2021-05-21,PAT,5023,2410,2613,3325,1698,ITH,ITH2,4,Provincia Autonoma Trento,P.A. Trento,541380,219501,40.54,0.93
2553,2021-01-07,PAT,1270,310,960,1270,0,ITH,ITH2,4,Provincia Autonoma Trento,P.A. Trento,541380,220771,40.78,0.23
2554,2021-01-25,PAT,817,215,602,23,794,ITH,ITH2,4,Provincia Autonoma Trento,P.A. Trento,541380,221588,40.93,0.15
2555,2021-02-08,PAT,1151,318,833,342,809,ITH,ITH2,4,Provincia Autonoma Trento,P.A. Trento,541380,222739,41.14,0.21
2556,2021-02-05,PAT,802,272,530,283,519,ITH,ITH2,4,Provincia Autonoma Trento,P.A. Trento,541380,223541,41.29,0.15
2557,2021-04-10,PAT,2796,1307,1489,2003,793,ITH,ITH2,4,Provincia Autonoma Trento,P.A. Trento,541380,226337,41.81,0.52
2558,2021-03-22,PAT,2305,973,1332,1430,875,ITH,ITH2,4,Provincia Autonoma Trento,P.A. Trento,541380,228642,42.23,0.43
2559,2021-03-31,PAT,2567,983,1584,1710,857,ITH,ITH2,4,Provincia Autonoma Trento,P.A. Trento,541380,231209,42.71,0.47
2560,2021-01-17,PAT,251,195,56,251,0,ITH,ITH2,4,Provincia Autonoma Trento,P.A. Trento,541380,231460,42.75,0.05
2561,2021-02-04,PAT,974,304,670,421,553,ITH,ITH2,4,Provincia Autonoma Trento,P.A. Trento,541380,232434,42.93,0.18
2562,2021-05-17,PAT,4292,2121,2171,3942,350,ITH,ITH2,4,Provincia Autonoma Trento,P.A. Trento,541380,236726,43.73,0.79
2563,2021-04-16,PAT,2837,1344,1493,2692,145,ITH,ITH2,4,Provincia Autonoma Trento,P.A. Trento,541380,239563,44.25,0.52
2564,2021-04-03,PAT,1138,471,667,971,167,ITH,ITH2,4,Provincia Autonoma Trento,P.A. Trento,541380,240701,44.46,0.21
2565,2021-01-16,PAT,319,148,171,319,0,ITH,ITH2,4,Provincia Autonoma Trento,P.A. Trento,541380,241020,44.52,0.06
2566,2021-02-22,PAT,745,259,486,661,84,ITH,ITH2,4,Provincia Autonoma Trento,P.A. Trento,541380,241765,44.66,0.14
2567,2021-02-18,PAT,1205,426,779,1143,62,ITH,ITH2,4,Provincia Autonoma Trento,P.A. Trento,541380,242970,44.88,0.22
2568,2021-05-02,PAT,3512,1955,1557,3475,37,ITH,ITH2,4,Provincia Autonoma Trento,P.A. Trento,541380,246482,45.53,0.65
2569,2021-05-19,PAT,5088,2451,2637,3839,1249,ITH,ITH2,4,Provincia Autonoma Trento,P.A. Trento,541380,251570,46.47,0.94
2570,2021-02-28,PAT,242,121,121,242,0,ITH,ITH2,4,Provincia Autonoma Trento,P.A. Trento,541380,251812,46.51,0.04
2571,2021-03-28,PAT,748,292,456,745,3,ITH,ITH2,4,Provincia Autonoma Trento,P.A. Trento,541380,252560,46.65,0.14
2572,2021-04-06,PAT,2258,949,1309,1493,765,ITH,ITH2,4,Provincia Autonoma Trento,P.A. Trento,541380,254818,47.07,0.42
2573,2021-04-26,PAT,2647,1245,1402,2553,94,ITH,ITH2,4,Provincia Autonoma Trento,P.A. Trento,541380,257465,47.56,0.49
2574,2021-03-19,PAT,2423,915,1508,1571,852,ITH,ITH2,4,Provincia Autonoma Trento,P.A. Trento,541380,259888,48.0,0.45
2575,2021-02-19,PAT,928,358,570,869,59,ITH,ITH2,4,Provincia Autonoma Trento,P.A. Trento,541380,260816,48.18,0.17
2576,2021-04-28,PAT,4241,1972,2269,4103,138,ITH,ITH2,4,Provincia Autonoma Trento,P.A. Trento,541380,265057,48.96,0.78
2577,2021-01-19,PAT,405,77,328,405,0,ITH,ITH2,4,Provincia Autonoma Trento,P.A. Trento,541380,265462,49.03,0.07
2578,2021-01-28,PAT,530,147,383,48,482,ITH,ITH2,4,Provincia Autonoma Trento,P.A. Trento,541380,265992,49.13,0.1
2579,2021-05-31,PAT,3953,1866,2087,1378,2575,ITH,ITH2,4,Provincia Autonoma Trento,P.A. Trento,541380,269945,49.86,0.73
2580,2021-02-03,PAT,846,314,532,414,432,ITH,ITH2,4,Provincia Autonoma Trento,P.A. Trento,541380,270791,50.02,0.16
2581,2021-03-16,PAT,1391,506,885,608,783,ITH,ITH2,4,Provincia Autonoma Trento,P.A. Trento,541380,272182,50.28,0.26
2582,2021-01-03,PAT,492,160,332,492,0,ITH,ITH2,4,Provincia Autonoma Trento,P.A. Trento,541380,272674,50.37,0.09
2583,2021-02-14,PAT,246,186,60,11,235,ITH,ITH2,4,Provincia Autonoma Trento,P.A. Trento,541380,272920,50.41,0.05
2584,2021-01-04,PAT,870,227,643,870,0,ITH,ITH2,4,Provincia Autonoma Trento,P.A. Trento,541380,273790,50.57,0.16
2585,2021-04-09,PAT,2706,1144,1562,1507,1199,ITH,ITH2,4,Provincia Autonoma Trento,P.A. Trento,541380,276496,51.07,0.5
2586,2021-02-25,PAT,1641,643,998,1200,441,ITH,ITH2,4,Provincia Autonoma Trento,P.A. Trento,541380,278137,51.38,0.3
2587,2021-04-13,PAT,2553,1058,1495,2046,507,ITH,ITH2,4,Provincia Autonoma Trento,P.A. Trento,541380,280690,51.85,0.47
2588,2020-12-30,PAT,7,3,4,7,0,ITH,ITH2,4,Provincia Autonoma Trento,P.A. Trento,541380,280697,51.85,0.0
2589,2021-03-30,PAT,2387,973,1414,1750,637,ITH,ITH2,4,Provincia Autonoma Trento,P.A. Trento,541380,283084,52.29,0.44
2590,2021-05-03,PAT,4234,2178,2056,4081,153,ITH,ITH2,4,Provincia Autonoma Trento,P.A. Trento,541380,287318,53.07,0.78
2591,2021-05-29,PAT,2216,1155,1061,815,1401,ITH,ITH2,4,Provincia Autonoma Trento,P.A. Trento,541380,289534,53.48,0.41
2592,2021-03-25,PAT,2874,1103,1771,1824,1050,ITH,ITH2,4,Provincia Autonoma Trento,P.A. Trento,541380,292408,54.01,0.53
2593,2021-05-01,PAT,4837,2463,2374,4802,35,ITH,ITH2,4,Provincia Autonoma Trento,P.A. Trento,541380,297245,54.91,0.89
2594,2021-01-26,PAT,542,154,388,27,515,ITH,ITH2,4,Provincia Autonoma Trento,P.A. Trento,541380,297787,55.01,0.1
2595,2021-05-13,ABR,11148,5042,6106,7187,3961,ITF,ITF1,13,Abruzzo,Abruzzo,1304970,11148,0.85,0.85
2596,2021-05-17,ABR,11025,5039,5986,6166,4859,ITF,ITF1,13,Abruzzo,Abruzzo,1304970,22173,1.7,0.84
2597,2021-01-17,ABR,187,59,128,180,7,ITF,ITF1,13,Abruzzo,Abruzzo,1304970,22360,1.71,0.01
2598,2021-03-17,ABR,4539,1873,2666,2799,1740,ITF,ITF1,13,Abruzzo,Abruzzo,1304970,26899,2.06,0.35
2599,2021-02-28,ABR,1704,510,1194,1702,2,ITF,ITF1,13,Abruzzo,Abruzzo,1304970,28603,2.19,0.13
2600,2021-04-26,ABR,8563,4066,4497,7349,1214,ITF,ITF1,13,Abruzzo,Abruzzo,1304970,37166,2.85,0.66
2601,2021-01-23,ABR,263,114,149,57,206,ITF,ITF1,13,Abruzzo,Abruzzo,1304970,37429,2.87,0.02
2602,2021-04-06,ABR,7681,3581,4100,5362,2319,ITF,ITF1,13,Abruzzo,Abruzzo,1304970,45110,3.46,0.59
2603,2021-02-09,ABR,908,311,597,499,409,ITF,ITF1,13,Abruzzo,Abruzzo,1304970,46018,3.53,0.07
2604,2021-03-22,ABR,4281,1852,2429,2311,1970,ITF,ITF1,13,Abruzzo,Abruzzo,1304970,50299,3.85,0.33
2605,2021-02-04,ABR,1679,615,1064,609,1070,ITF,ITF1,13,Abruzzo,Abruzzo,1304970,51978,3.98,0.13
2606,2021-03-29,ABR,5624,2524,3100,2985,2639,ITF,ITF1,13,Abruzzo,Abruzzo,1304970,57602,4.41,0.43
2607,2021-02-15,ABR,1794,831,963,1752,42,ITF,ITF1,13,Abruzzo,Abruzzo,1304970,59396,4.55,0.14
2608,2021-03-19,ABR,5794,2584,3210,2774,3020,ITF,ITF1,13,Abruzzo,Abruzzo,1304970,65190,5.0,0.44
2609,2021-05-14,ABR,10601,5076,5525,5443,5158,ITF,ITF1,13,Abruzzo,Abruzzo,1304970,75791,5.81,0.81
2610,2021-01-21,ABR,157,47,110,157,0,ITF,ITF1,13,Abruzzo,Abruzzo,1304970,75948,5.82,0.01
2611,2021-02-07,ABR,777,307,470,201,576,ITF,ITF1,13,Abruzzo,Abruzzo,1304970,76725,5.88,0.06
2612,2021-03-28,ABR,2415,1017,1398,2044,371,ITF,ITF1,13,Abruzzo,Abruzzo,1304970,79140,6.06,0.19
2613,2021-05-19,ABR,10693,5109,5584,7654,3039,ITF,ITF1,13,Abruzzo,Abruzzo,1304970,89833,6.88,0.82
2614,2021-02-21,ABR,1218,550,668,1217,1,ITF,ITF1,13,Abruzzo,Abruzzo,1304970,91051,6.98,0.09
2615,2021-01-22,ABR,118,57,61,118,0,ITF,ITF1,13,Abruzzo,Abruzzo,1304970,91169,6.99,0.01
2616,2021-03-05,ABR,5343,1956,3387,4646,697,ITF,ITF1,13,Abruzzo,Abruzzo,1304970,96512,7.4,0.41
2617,2021-05-26,ABR,13308,5905,7403,8381,4927,ITF,ITF1,13,Abruzzo,Abruzzo,1304970,109820,8.42,1.02
2618,2021-02-26,ABR,3914,1670,2244,2946,968,ITF,ITF1,13,Abruzzo,Abruzzo,1304970,113734,8.72,0.3
2619,2021-04-30,ABR,12392,5803,6589,6702,5690,ITF,ITF1,13,Abruzzo,Abruzzo,1304970,126126,9.67,0.95
2620,2021-01-12,ABR,1804,666,1138,1804,0,ITF,ITF1,13,Abruzzo,Abruzzo,1304970,127930,9.8,0.14
2621,2021-02-12,ABR,1228,567,661,1039,189,ITF,ITF1,13,Abruzzo,Abruzzo,1304970,129158,9.9,0.09
2622,2021-05-27,ABR,12928,5876,7052,8239,4689,ITF,ITF1,13,Abruzzo,Abruzzo,1304970,142086,10.89,0.99
2623,2021-03-06,ABR,4176,1357,2819,3606,570,ITF,ITF1,13,Abruzzo,Abruzzo,1304970,146262,11.21,0.32
2624,2021-05-20,ABR,12548,5786,6762,7330,5218,ITF,ITF1,13,Abruzzo,Abruzzo,1304970,158810,12.17,0.96
2625,2021-05-10,ABR,10107,4784,5323,5456,4651,ITF,ITF1,13,Abruzzo,Abruzzo,1304970,168917,12.94,0.77
2626,2021-02-13,ABR,849,383,466,437,412,ITF,ITF1,13,Abruzzo,Abruzzo,1304970,169766,13.01,0.07
2627,2021-03-18,ABR,3896,1651,2245,2065,1831,ITF,ITF1,13,Abruzzo,Abruzzo,1304970,173662,13.31,0.3
2628,2021-03-21,ABR,2134,913,1221,843,1291,ITF,ITF1,13,Abruzzo,Abruzzo,1304970,175796,13.47,0.16
2629,2020-12-27,ABR,37,19,18,37,0,ITF,ITF1,13,Abruzzo,Abruzzo,1304970,175833,13.47,0.0
2630,2021-04-17,ABR,7346,3398,3948,4293,3053,ITF,ITF1,13,Abruzzo,Abruzzo,1304970,183179,14.04,0.56
2631,2021-05-07,ABR,12191,5700,6491,7762,4429,ITF,ITF1,13,Abruzzo,Abruzzo,1304970,195370,14.97,0.93
2632,2021-03-01,ABR,3477,1384,2093,2725,752,ITF,ITF1,13,Abruzzo,Abruzzo,1304970,198847,15.24,0.27
2633,2021-04-22,ABR,6662,3193,3469,4981,1681,ITF,ITF1,13,Abruzzo,Abruzzo,1304970,205509,15.75,0.51
2634,2021-03-08,ABR,5123,1666,3457,4151,972,ITF,ITF1,13,Abruzzo,Abruzzo,1304970,210632,16.14,0.39
2635,2021-03-31,ABR,6649,2880,3769,4581,2068,ITF,ITF1,13,Abruzzo,Abruzzo,1304970,217281,16.65,0.51
2636,2021-03-03,ABR,4622,1879,2743,3716,906,ITF,ITF1,13,Abruzzo,Abruzzo,1304970,221903,17.0,0.35
2637,2021-02-23,ABR,2782,1275,1507,2771,11,ITF,ITF1,13,Abruzzo,Abruzzo,1304970,224685,17.22,0.21
2638,2021-03-10,ABR,4951,1642,3309,3996,955,ITF,ITF1,13,Abruzzo,Abruzzo,1304970,229636,17.6,0.38
2639,2021-03-04,ABR,5935,2359,3576,5013,922,ITF,ITF1,13,Abruzzo,Abruzzo,1304970,235571,18.05,0.45
2640,2021-04-24,ABR,8710,3970,4740,7179,1531,ITF,ITF1,13,Abruzzo,Abruzzo,1304970,244281,18.72,0.67
2641,2021-04-19,ABR,6225,2856,3369,3854,2371,ITF,ITF1,13,Abruzzo,Abruzzo,1304970,250506,19.2,0.48
2642,2021-05-23,ABR,9884,4700,5184,7191,2693,ITF,ITF1,13,Abruzzo,Abruzzo,1304970,260390,19.95,0.76
2643,2021-04-18,ABR,5811,2726,3085,4869,942,ITF,ITF1,13,Abruzzo,Abruzzo,1304970,266201,20.4,0.45
2644,2021-01-24,ABR,50,22,28,6,44,ITF,ITF1,13,Abruzzo,Abruzzo,1304970,266251,20.4,0.0
2645,2021-01-31,ABR,1501,487,1014,286,1215,ITF,ITF1,13,Abruzzo,Abruzzo,1304970,267752,20.52,0.12
2646,2021-05-15,ABR,11421,5174,6247,6126,5295,ITF,ITF1,13,Abruzzo,Abruzzo,1304970,279173,21.39,0.88
2647,2021-01-27,ABR,1364,515,849,39,1325,ITF,ITF1,13,Abruzzo,Abruzzo,1304970,280537,21.5,0.1
2648,2021-03-09,ABR,5168,1795,3373,4229,939,ITF,ITF1,13,Abruzzo,Abruzzo,1304970,285705,21.89,0.4
2649,2021-03-23,ABR,4782,2143,2639,2216,2566,ITF,ITF1,13,Abruzzo,Abruzzo,1304970,290487,22.26,0.37
2650,2021-01-04,ABR,1401,575,826,1401,0,ITF,ITF1,13,Abruzzo,Abruzzo,1304970,291888,22.37,0.11
2651,2021-03-11,ABR,5453,2193,3260,4314,1139,ITF,ITF1,13,Abruzzo,Abruzzo,1304970,297341,22.79,0.42
2652,2021-01-20,ABR,447,156,291,445,2,ITF,ITF1,13,Abruzzo,Abruzzo,1304970,297788,22.82,0.03
2653,2021-05-08,ABR,10303,4877,5426,6468,3835,ITF,ITF1,13,Abruzzo,Abruzzo,1304970,308091,23.61,0.79
2654,2021-02-01,ABR,1632,573,1059,271,1361,ITF,ITF1,13,Abruzzo,Abruzzo,1304970,309723,23.73,0.13
2655,2021-04-05,ABR,2693,1147,1546,1813,880,ITF,ITF1,13,Abruzzo,Abruzzo,1304970,312416,23.94,0.21
2656,2021-04-07,ABR,7129,3282,3847,4404,2725,ITF,ITF1,13,Abruzzo,Abruzzo,1304970,319545,24.49,0.55
2657,2021-01-03,ABR,471,185,286,471,0,ITF,ITF1,13,Abruzzo,Abruzzo,1304970,320016,24.52,0.04
2658,2021-03-15,ABR,3627,1392,2235,1819,1808,ITF,ITF1,13,Abruzzo,Abruzzo,1304970,323643,24.8,0.28
2659,2021-02-03,ABR,2061,717,1344,419,1642,ITF,ITF1,13,Abruzzo,Abruzzo,1304970,325704,24.96,0.16
2660,2021-04-13,ABR,5879,2752,3127,4679,1200,ITF,ITF1,13,Abruzzo,Abruzzo,1304970,331583,25.41,0.45
2661,2021-01-28,ABR,1433,495,938,12,1421,ITF,ITF1,13,Abruzzo,Abruzzo,1304970,333016,25.52,0.11
2662,2021-04-09,ABR,8791,4139,4652,6252,2539,ITF,ITF1,13,Abruzzo,Abruzzo,1304970,341807,26.19,0.67
2663,2021-01-19,ABR,111,55,56,91,20,ITF,ITF1,13,Abruzzo,Abruzzo,1304970,341918,26.2,0.01
2664,2021-03-30,ABR,5056,2197,2859,3232,1824,ITF,ITF1,13,Abruzzo,Abruzzo,1304970,346974,26.59,0.39
2665,2021-03-25,ABR,5686,2561,3125,3070,2616,ITF,ITF1,13,Abruzzo,Abruzzo,1304970,352660,27.02,0.44
2666,2021-03-27,ABR,6121,2620,3501,3636,2485,ITF,ITF1,13,Abruzzo,Abruzzo,1304970,358781,27.49,0.47
2667,2021-05-01,ABR,10744,5052,5692,5770,4974,ITF,ITF1,13,Abruzzo,Abruzzo,1304970,369525,28.32,0.82
2668,2021-05-29,ABR,10180,4412,5768,4544,5636,ITF,ITF1,13,Abruzzo,Abruzzo,1304970,379705,29.1,0.78
2669,2021-01-13,ABR,1253,440,813,1253,0,ITF,ITF1,13,Abruzzo,Abruzzo,1304970,380958,29.19,0.1
2670,2021-03-07,ABR,2520,629,1891,2520,0,ITF,ITF1,13,Abruzzo,Abruzzo,1304970,383478,29.39,0.19
2671,2021-03-24,ABR,6386,2785,3601,4134,2252,ITF,ITF1,13,Abruzzo,Abruzzo,1304970,389864,29.88,0.49
2672,2021-04-14,ABR,6502,2896,3606,4423,2079,ITF,ITF1,13,Abruzzo,Abruzzo,1304970,396366,30.37,0.5
2673,2021-03-13,ABR,4127,1421,2706,3084,1043,ITF,ITF1,13,Abruzzo,Abruzzo,1304970,400493,30.69,0.32
2674,2021-05-12,ABR,9616,4586,5030,6046,3570,ITF,ITF1,13,Abruzzo,Abruzzo,1304970,410109,31.43,0.74
2675,2021-03-12,ABR,6016,1986,4030,4434,1582,ITF,ITF1,13,Abruzzo,Abruzzo,1304970,416125,31.89,0.46
2676,2021-04-02,ABR,6684,3093,3591,5197,1487,ITF,ITF1,13,Abruzzo,Abruzzo,1304970,422809,32.4,0.51
2677,2021-04-04,ABR,1630,767,863,1501,129,ITF,ITF1,13,Abruzzo,Abruzzo,1304970,424439,32.52,0.12
2678,2021-03-26,ABR,5305,2263,3042,3231,2074,ITF,ITF1,13,Abruzzo,Abruzzo,1304970,429744,32.93,0.41
2679,2021-01-16,ABR,928,428,500,928,0,ITF,ITF1,13,Abruzzo,Abruzzo,1304970,430672,33.0,0.07
2680,2021-04-28,ABR,9510,4585,4925,7486,2024,ITF,ITF1,13,Abruzzo,Abruzzo,1304970,440182,33.73,0.73
2681,2021-05-31,ABR,11208,5037,6171,6904,4304,ITF,ITF1,13,Abruzzo,Abruzzo,1304970,451390,34.59,0.86
2682,2021-02-22,ABR,2643,1173,1470,2613,30,ITF,ITF1,13,Abruzzo,Abruzzo,1304970,454033,34.79,0.2
2683,2021-04-10,ABR,8772,4057,4715,6264,2508,ITF,ITF1,13,Abruzzo,Abruzzo,1304970,462805,35.46,0.67
2684,2021-02-11,ABR,816,262,554,773,43,ITF,ITF1,13,Abruzzo,Abruzzo,1304970,463621,35.53,0.06
2685,2021-03-16,ABR,3484,1452,2032,1830,1654,ITF,ITF1,13,Abruzzo,Abruzzo,1304970,467105,35.79,0.27
2686,2021-04-15,ABR,7799,3662,4137,5959,1840,ITF,ITF1,13,Abruzzo,Abruzzo,1304970,474904,36.39,0.6
2687,2021-05-21,ABR,13004,6328,6676,8028,4976,ITF,ITF1,13,Abruzzo,Abruzzo,1304970,487908,37.39,1.0
2688,2021-01-06,ABR,1830,664,1166,1830,0,ITF,ITF1,13,Abruzzo,Abruzzo,1304970,489738,37.53,0.14
2689,2021-05-30,ABR,8569,4070,4499,5356,3213,ITF,ITF1,13,Abruzzo,Abruzzo,1304970,498307,38.19,0.66
2690,2021-04-03,ABR,5085,2221,2864,3489,1596,ITF,ITF1,13,Abruzzo,Abruzzo,1304970,503392,38.57,0.39
2691,2021-01-05,ABR,1614,604,1010,1614,0,ITF,ITF1,13,Abruzzo,Abruzzo,1304970,505006,38.7,0.12
2692,2021-05-04,ABR,10698,5033,5665,7081,3617,ITF,ITF1,13,Abruzzo,Abruzzo,1304970,515704,39.52,0.82
2693,2021-01-18,ABR,122,48,74,46,76,ITF,ITF1,13,Abruzzo,Abruzzo,1304970,515826,39.53,0.01
2694,2021-05-25,ABR,11214,5196,6018,8091,3123,ITF,ITF1,13,Abruzzo,Abruzzo,1304970,527040,40.39,0.86
2695,2021-01-15,ABR,379,149,230,379,0,ITF,ITF1,13,Abruzzo,Abruzzo,1304970,527419,40.42,0.03
2696,2021-04-01,ABR,5521,2442,3079,3434,2087,ITF,ITF1,13,Abruzzo,Abruzzo,1304970,532940,40.84,0.42
2697,2021-02-08,ABR,1197,396,801,487,710,ITF,ITF1,13,Abruzzo,Abruzzo,1304970,534137,40.93,0.09
2698,2021-02-24,ABR,3305,1441,1864,3129,176,ITF,ITF1,13,Abruzzo,Abruzzo,1304970,537442,41.18,0.25
2699,2021-01-29,ABR,1387,449,938,74,1313,ITF,ITF1,13,Abruzzo,Abruzzo,1304970,538829,41.29,0.11
2700,2021-04-11,ABR,5330,2606,2724,4847,483,ITF,ITF1,13,Abruzzo,Abruzzo,1304970,544159,41.7,0.41
2701,2021-05-16,ABR,9581,4140,5441,5765,3816,ITF,ITF1,13,Abruzzo,Abruzzo,1304970,553740,42.43,0.73
2702,2021-02-17,ABR,2071,948,1123,1789,282,ITF,ITF1,13,Abruzzo,Abruzzo,1304970,555811,42.59,0.16
2703,2021-03-20,ABR,4787,2197,2590,2618,2169,ITF,ITF1,13,Abruzzo,Abruzzo,1304970,560598,42.96,0.37
2704,2021-01-25,ABR,1603,632,971,19,1584,ITF,ITF1,13,Abruzzo,Abruzzo,1304970,562201,43.08,0.12
2705,2021-02-27,ABR,2811,1338,1473,2546,265,ITF,ITF1,13,Abruzzo,Abruzzo,1304970,565012,43.3,0.22
2706,2021-04-12,ABR,6223,2949,3274,5049,1174,ITF,ITF1,13,Abruzzo,Abruzzo,1304970,571235,43.77,0.48
2707,2021-05-28,ABR,13969,6278,7691,7618,6351,ITF,ITF1,13,Abruzzo,Abruzzo,1304970,585204,44.84,1.07
2708,2021-05-11,ABR,10737,5097,5640,5909,4828,ITF,ITF1,13,Abruzzo,Abruzzo,1304970,595941,45.67,0.82
2709,2021-02-18,ABR,2288,933,1355,2158,130,ITF,ITF1,13,Abruzzo,Abruzzo,1304970,598229,45.84,0.18
2710,2021-01-09,ABR,1483,565,918,1483,0,ITF,ITF1,13,Abruzzo,Abruzzo,1304970,599712,45.96,0.11
2711,2021-01-08,ABR,1525,507,1018,1525,0,ITF,ITF1,13,Abruzzo,Abruzzo,1304970,601237,46.07,0.12
2712,2021-02-19,ABR,3300,1551,1749,3200,100,ITF,ITF1,13,Abruzzo,Abruzzo,1304970,604537,46.33,0.25
2713,2021-01-07,ABR,1603,552,1051,1603,0,ITF,ITF1,13,Abruzzo,Abruzzo,1304970,606140,46.45,0.12
2714,2021-02-16,ABR,1918,842,1076,1906,12,ITF,ITF1,13,Abruzzo,Abruzzo,1304970,608058,46.6,0.15
2715,2021-01-14,ABR,530,189,341,530,0,ITF,ITF1,13,Abruzzo,Abruzzo,1304970,608588,46.64,0.04
2716,2021-04-21,ABR,6384,3100,3284,4710,1674,ITF,ITF1,13,Abruzzo,Abruzzo,1304970,614972,47.13,0.49
2717,2021-05-18,ABR,12120,5663,6457,7737,4383,ITF,ITF1,13,Abruzzo,Abruzzo,1304970,627092,48.05,0.93
2718,2021-05-06,ABR,13037,6097,6940,7996,5041,ITF,ITF1,13,Abruzzo,Abruzzo,1304970,640129,49.05,1.0
2719,2021-04-29,ABR,12669,5850,6819,9574,3095,ITF,ITF1,13,Abruzzo,Abruzzo,1304970,652798,50.02,0.97
2720,2021-02-25,ABR,3042,1330,1712,2514,528,ITF,ITF1,13,Abruzzo,Abruzzo,1304970,655840,50.26,0.23
2721,2021-02-10,ABR,947,312,635,503,444,ITF,ITF1,13,Abruzzo,Abruzzo,1304970,656787,50.33,0.07
2722,2021-01-26,ABR,1542,567,975,30,1512,ITF,ITF1,13,Abruzzo,Abruzzo,1304970,658329,50.45,0.12
2723,2021-05-03,ABR,11110,5241,5869,7260,3850,ITF,ITF1,13,Abruzzo,Abruzzo,1304970,669439,51.3,0.85
2724,2021-03-14,ABR,1883,731,1152,1216,667,ITF,ITF1,13,Abruzzo,Abruzzo,1304970,671322,51.44,0.14
2725,2021-04-25,ABR,9067,4621,4446,8257,810,ITF,ITF1,13,Abruzzo,Abruzzo,1304970,680389,52.14,0.69
2726,2021-01-10,ABR,1139,409,730,1139,0,ITF,ITF1,13,Abruzzo,Abruzzo,1304970,681528,52.23,0.09
2727,2021-02-20,ABR,4777,1842,2935,4701,76,ITF,ITF1,13,Abruzzo,Abruzzo,1304970,686305,52.59,0.37
2728,2021-04-23,ABR,7369,3382,3987,5067,2302,ITF,ITF1,13,Abruzzo,Abruzzo,1304970,693674,53.16,0.56
2729,2021-05-24,ABR,12184,5787,6397,8878,3306,ITF,ITF1,13,Abruzzo,Abruzzo,1304970,705858,54.09,0.93
2730,2021-04-27,ABR,9086,4372,4714,6618,2468,ITF,ITF1,13,Abruzzo,Abruzzo,1304970,714944,54.79,0.7
2731,2021-02-05,ABR,1534,521,1013,788,746,ITF,ITF1,13,Abruzzo,Abruzzo,1304970,716478,54.9,0.12
2732,2021-04-20,ABR,5589,2689,2900,4179,1410,ITF,ITF1,13,Abruzzo,Abruzzo,1304970,722067,55.33,0.43
2733,2021-04-16,ABR,7535,3488,4047,5618,1917,ITF,ITF1,13,Abruzzo,Abruzzo,1304970,729602,55.91,0.58
2734,2021-01-30,ABR,1510,567,943,69,1441,ITF,ITF1,13,Abruzzo,Abruzzo,1304970,731112,56.03,0.12
2735,2021-05-09,ABR,9155,4090,5065,4283,4872,ITF,ITF1,13,Abruzzo,Abruzzo,1304970,740267,56.73,0.7
2736,2021-01-02,ABR,548,218,330,548,0,ITF,ITF1,13,Abruzzo,Abruzzo,1304970,740815,56.77,0.04
2737,2021-05-05,ABR,11581,5546,6035,6451,5130,ITF,ITF1,13,Abruzzo,Abruzzo,1304970,752396,57.66,0.89
2738,2021-02-06,ABR,1610,742,868,602,1008,ITF,ITF1,13,Abruzzo,Abruzzo,1304970,754006,57.78,0.12
2739,2021-04-08,ABR,7367,3329,4038,5065,2302,ITF,ITF1,13,Abruzzo,Abruzzo,1304970,761373,58.34,0.56
2740,2021-05-02,ABR,10423,5087,5336,5213,5210,ITF,ITF1,13,Abruzzo,Abruzzo,1304970,771796,59.14,0.8
2741,2021-03-02,ABR,3963,1676,2287,3279,684,ITF,ITF1,13,Abruzzo,Abruzzo,1304970,775759,59.45,0.3
2742,2021-05-22,ABR,13069,6351,6718,8168,4901,ITF,ITF1,13,Abruzzo,Abruzzo,1304970,788828,60.45,1.0
2743,2021-01-11,ABR,1551,557,994,1551,0,ITF,ITF1,13,Abruzzo,Abruzzo,1304970,790379,60.57,0.12
2744,2021-02-02,ABR,1778,672,1106,222,1556,ITF,ITF1,13,Abruzzo,Abruzzo,1304970,792157,60.7,0.14
2745,2021-01-07,LIG,3229,1095,2134,3229,0,ITC,ITC3,7,Liguria,Liguria,1550640,3229,0.21,0.21
2746,2021-01-08,LIG,2926,999,1927,2926,0,ITC,ITC3,7,Liguria,Liguria,1550640,6155,0.4,0.19
2747,2021-05-22,LIG,6551,3195,3356,4943,1608,ITC,ITC3,7,Liguria,Liguria,1550640,12706,0.82,0.42
2748,2021-02-19,LIG,3213,1305,1908,3037,176,ITC,ITC3,7,Liguria,Liguria,1550640,15919,1.03,0.21
2749,2021-02-18,LIG,2762,1126,1636,2431,331,ITC,ITC3,7,Liguria,Liguria,1550640,18681,1.2,0.18
2750,2020-12-29,LIG,125,33,92,125,0,ITC,ITC3,7,Liguria,Liguria,1550640,18806,1.21,0.01
2751,2021-05-31,LIG,13950,6953,6997,8735,5215,ITC,ITC3,7,Liguria,Liguria,1550640,32756,2.11,0.9
2752,2021-02-11,LIG,1979,767,1212,1103,876,ITC,ITC3,7,Liguria,Liguria,1550640,34735,2.24,0.13
2753,2021-04-28,LIG,14448,6520,7928,6460,7988,ITC,ITC3,7,Liguria,Liguria,1550640,49183,3.17,0.93
2754,2021-01-01,LIG,144,55,89,144,0,ITC,ITC3,7,Liguria,Liguria,1550640,49327,3.18,0.01
2755,2021-03-26,LIG,9123,3855,5268,5969,3154,ITC,ITC3,7,Liguria,Liguria,1550640,58450,3.77,0.59
2756,2021-03-13,LIG,3827,1616,2211,2972,855,ITC,ITC3,7,Liguria,Liguria,1550640,62277,4.02,0.25
2757,2021-03-12,LIG,6150,2814,3336,3681,2469,ITC,ITC3,7,Liguria,Liguria,1550640,68427,4.41,0.4
2758,2021-05-12,LIG,11884,5327,6557,6544,5340,ITC,ITC3,7,Liguria,Liguria,1550640,80311,5.18,0.77
2759,2021-01-18,LIG,2138,746,1392,1981,157,ITC,ITC3,7,Liguria,Liguria,1550640,82449,5.32,0.14
2760,2021-04-10,LIG,7887,3558,4329,6973,914,ITC,ITC3,7,Liguria,Liguria,1550640,90336,5.83,0.51
2761,2021-01-16,LIG,1278,557,721,1278,0,ITC,ITC3,7,Liguria,Liguria,1550640,91614,5.91,0.08
2762,2021-02-22,LIG,3334,1467,1867,3192,142,ITC,ITC3,7,Liguria,Liguria,1550640,94948,6.12,0.22
2763,2021-03-16,LIG,6073,2722,3351,2349,3724,ITC,ITC3,7,Liguria,Liguria,1550640,101021,6.51,0.39
2764,2021-04-02,LIG,11671,5117,6554,9185,2486,ITC,ITC3,7,Liguria,Liguria,1550640,112692,7.27,0.75
2765,2021-04-04,LIG,756,366,390,507,249,ITC,ITC3,7,Liguria,Liguria,1550640,113448,7.32,0.05
2766,2021-01-05,LIG,2879,896,1983,2879,0,ITC,ITC3,7,Liguria,Liguria,1550640,116327,7.5,0.19
2767,2021-04-01,LIG,12378,5468,6910,9608,2770,ITC,ITC3,7,Liguria,Liguria,1550640,128705,8.3,0.8
2768,2021-01-15,LIG,2256,754,1502,2256,0,ITC,ITC3,7,Liguria,Liguria,1550640,130961,8.45,0.15
2769,2021-01-20,LIG,1550,555,995,1538,12,ITC,ITC3,7,Liguria,Liguria,1550640,132511,8.55,0.1
2770,2021-05-25,LIG,13720,6599,7121,10731,2989,ITC,ITC3,7,Liguria,Liguria,1550640,146231,9.43,0.88
2771,2021-04-03,LIG,5406,2498,2908,4463,943,ITC,ITC3,7,Liguria,Liguria,1550640,151637,9.78,0.35
2772,2021-02-02,LIG,2668,1005,1663,134,2534,ITC,ITC3,7,Liguria,Liguria,1550640,154305,9.95,0.17
2773,2021-01-06,LIG,1660,616,1044,1660,0,ITC,ITC3,7,Liguria,Liguria,1550640,155965,10.06,0.11
2774,2021-01-10,LIG,648,262,386,648,0,ITC,ITC3,7,Liguria,Liguria,1550640,156613,10.1,0.04
2775,2021-04-07,LIG,13586,6032,7554,11297,2289,ITC,ITC3,7,Liguria,Liguria,1550640,170199,10.98,0.88
2776,2021-01-28,LIG,2847,971,1876,39,2808,ITC,ITC3,7,Liguria,Liguria,1550640,173046,11.16,0.18
2777,2021-05-09,LIG,2826,1245,1581,1116,1710,ITC,ITC3,7,Liguria,Liguria,1550640,175872,11.34,0.18
2778,2021-01-02,LIG,691,245,446,691,0,ITC,ITC3,7,Liguria,Liguria,1550640,176563,11.39,0.04
2779,2021-04-09,LIG,12424,5556,6868,10685,1739,ITC,ITC3,7,Liguria,Liguria,1550640,188987,12.19,0.8
2780,2021-05-05,LIG,13669,6124,7545,5251,8418,ITC,ITC3,7,Liguria,Liguria,1550640,202656,13.07,0.88
2781,2021-01-11,LIG,2654,990,1664,2654,0,ITC,ITC3,7,Liguria,Liguria,1550640,205310,13.24,0.17
2782,2021-01-14,LIG,2981,1055,1926,2981,0,ITC,ITC3,7,Liguria,Liguria,1550640,208291,13.43,0.19
2783,2021-02-16,LIG,2397,954,1443,2004,393,ITC,ITC3,7,Liguria,Liguria,1550640,210688,13.59,0.15
2784,2021-01-09,LIG,1335,481,854,1335,0,ITC,ITC3,7,Liguria,Liguria,1550640,212023,13.67,0.09
2785,2021-03-03,LIG,4581,1847,2734,3555,1026,ITC,ITC3,7,Liguria,Liguria,1550640,216604,13.97,0.3
2786,2021-04-24,LIG,8170,3785,4385,5018,3152,ITC,ITC3,7,Liguria,Liguria,1550640,224774,14.5,0.53
2787,2021-04-18,LIG,2584,1151,1433,2115,469,ITC,ITC3,7,Liguria,Liguria,1550640,227358,14.66,0.17
2788,2021-05-06,LIG,14467,6406,8061,6166,8301,ITC,ITC3,7,Liguria,Liguria,1550640,241825,15.6,0.93
2789,2021-01-31,LIG,624,270,354,9,615,ITC,ITC3,7,Liguria,Liguria,1550640,242449,15.64,0.04
2790,2021-05-18,LIG,13323,6012,7311,10037,3286,ITC,ITC3,7,Liguria,Liguria,1550640,255772,16.49,0.86
2791,2021-04-29,LIG,15551,6975,8576,6732,8819,ITC,ITC3,7,Liguria,Liguria,1550640,271323,17.5,1.0
2792,2021-02-10,LIG,2314,837,1477,1019,1295,ITC,ITC3,7,Liguria,Liguria,1550640,273637,17.65,0.15
2793,2021-05-21,LIG,12835,5950,6885,9710,3125,ITC,ITC3,7,Liguria,Liguria,1550640,286472,18.47,0.83
2794,2021-05-24,LIG,11655,5422,6233,9175,2480,ITC,ITC3,7,Liguria,Liguria,1550640,298127,19.23,0.75
2795,2021-01-21,LIG,1103,385,718,672,431,ITC,ITC3,7,Liguria,Liguria,1550640,299230,19.3,0.07
2796,2021-05-30,LIG,3275,1603,1672,1364,1911,ITC,ITC3,7,Liguria,Liguria,1550640,302505,19.51,0.21
2797,2021-05-04,LIG,13603,6081,7522,5376,8227,ITC,ITC3,7,Liguria,Liguria,1550640,316108,20.39,0.88
2798,2021-02-20,LIG,1336,637,699,1335,1,ITC,ITC3,7,Liguria,Liguria,1550640,317444,20.47,0.09
2799,2021-04-11,LIG,4249,1931,2318,4000,249,ITC,ITC3,7,Liguria,Liguria,1550640,321693,20.75,0.27
2800,2021-02-13,LIG,1080,508,572,800,280,ITC,ITC3,7,Liguria,Liguria,1550640,322773,20.82,0.07
2801,2021-02-24,LIG,3763,1560,2203,3505,258,ITC,ITC3,7,Liguria,Liguria,1550640,326536,21.06,0.24
2802,2021-02-23,LIG,3806,1559,2247,3697,109,ITC,ITC3,7,Liguria,Liguria,1550640,330342,21.3,0.25
2803,2021-02-17,LIG,2689,1181,1508,2263,426,ITC,ITC3,7,Liguria,Liguria,1550640,333031,21.48,0.17
2804,2021-05-10,LIG,12507,5506,7001,6133,6374,ITC,ITC3,7,Liguria,Liguria,1550640,345538,22.28,0.81
2805,2021-03-06,LIG,3304,1842,1462,2599,705,ITC,ITC3,7,Liguria,Liguria,1550640,348842,22.5,0.21
2806,2021-01-25,LIG,2725,889,1836,478,2247,ITC,ITC3,7,Liguria,Liguria,1550640,351567,22.67,0.18
2807,2021-04-12,LIG,12383,5475,6908,10364,2019,ITC,ITC3,7,Liguria,Liguria,1550640,363950,23.47,0.8
2808,2021-02-12,LIG,1927,689,1238,895,1032,ITC,ITC3,7,Liguria,Liguria,1550640,365877,23.6,0.12
2809,2021-02-26,LIG,3767,1524,2243,3439,328,ITC,ITC3,7,Liguria,Liguria,1550640,369644,23.84,0.24
2810,2021-03-20,LIG,2316,995,1321,1142,1174,ITC,ITC3,7,Liguria,Liguria,1550640,371960,23.99,0.15
2811,2021-04-30,LIG,14350,6392,7958,5780,8570,ITC,ITC3,7,Liguria,Liguria,1550640,386310,24.91,0.93
2812,2021-05-28,LIG,15896,7875,8021,11515,4381,ITC,ITC3,7,Liguria,Liguria,1550640,402206,25.94,1.03
2813,2021-03-30,LIG,12148,5381,6767,8759,3389,ITC,ITC3,7,Liguria,Liguria,1550640,414354,26.72,0.78
2814,2021-04-22,LIG,13823,6196,7627,8749,5074,ITC,ITC3,7,Liguria,Liguria,1550640,428177,27.61,0.89
2815,2021-03-10,LIG,5877,2839,3038,3971,1906,ITC,ITC3,7,Liguria,Liguria,1550640,434054,27.99,0.38
2816,2021-05-29,LIG,6786,3221,3565,3947,2839,ITC,ITC3,7,Liguria,Liguria,1550640,440840,28.43,0.44
2817,2021-03-08,LIG,5630,2460,3170,3941,1689,ITC,ITC3,7,Liguria,Liguria,1550640,446470,28.79,0.36
2818,2021-03-27,LIG,3921,1538,2383,2525,1396,ITC,ITC3,7,Liguria,Liguria,1550640,450391,29.05,0.25
2819,2021-05-07,LIG,13546,6015,7531,5781,7765,ITC,ITC3,7,Liguria,Liguria,1550640,463937,29.92,0.87
2820,2021-04-17,LIG,7383,3217,4166,6633,750,ITC,ITC3,7,Liguria,Liguria,1550640,471320,30.4,0.48
2821,2021-03-31,LIG,11844,5207,6637,9074,2770,ITC,ITC3,7,Liguria,Liguria,1550640,483164,31.16,0.76
2822,2021-04-08,LIG,13727,6157,7570,11683,2044,ITC,ITC3,7,Liguria,Liguria,1550640,496891,32.04,0.89
2823,2021-03-02,LIG,4074,1689,2385,3764,310,ITC,ITC3,7,Liguria,Liguria,1550640,500965,32.31,0.26
2824,2021-03-01,LIG,3507,1430,2077,3385,122,ITC,ITC3,7,Liguria,Liguria,1550640,504472,32.53,0.23
2825,2021-05-02,LIG,3878,1769,2109,506,3372,ITC,ITC3,7,Liguria,Liguria,1550640,508350,32.78,0.25
2826,2021-03-22,LIG,7663,3399,4264,4727,2936,ITC,ITC3,7,Liguria,Liguria,1550640,516013,33.28,0.49
2827,2021-03-17,LIG,5552,2368,3184,2473,3079,ITC,ITC3,7,Liguria,Liguria,1550640,521565,33.64,0.36
2828,2021-02-09,LIG,1936,689,1247,256,1680,ITC,ITC3,7,Liguria,Liguria,1550640,523501,33.76,0.12
2829,2021-05-13,LIG,13023,5845,7178,8808,4215,ITC,ITC3,7,Liguria,Liguria,1550640,536524,34.6,0.84
2830,2021-02-15,LIG,2262,839,1423,1865,397,ITC,ITC3,7,Liguria,Liguria,1550640,538786,34.75,0.15
2831,2021-02-04,LIG,2817,986,1831,179,2638,ITC,ITC3,7,Liguria,Liguria,1550640,541603,34.93,0.18
2832,2021-05-14,LIG,12877,5647,7230,8579,4298,ITC,ITC3,7,Liguria,Liguria,1550640,554480,35.76,0.83
2833,2021-01-17,LIG,862,300,562,862,0,ITC,ITC3,7,Liguria,Liguria,1550640,555342,35.81,0.06
2834,2021-02-28,LIG,1060,581,479,1051,9,ITC,ITC3,7,Liguria,Liguria,1550640,556402,35.88,0.07
2835,2020-12-30,LIG,12,5,7,12,0,ITC,ITC3,7,Liguria,Liguria,1550640,556414,35.88,0.0
2836,2021-01-23,LIG,809,295,514,153,656,ITC,ITC3,7,Liguria,Liguria,1550640,557223,35.94,0.05
2837,2021-05-17,LIG,11832,5360,6472,8530,3302,ITC,ITC3,7,Liguria,Liguria,1550640,569055,36.7,0.76
2838,2021-04-06,LIG,13171,5857,7314,10931,2240,ITC,ITC3,7,Liguria,Liguria,1550640,582226,37.55,0.85
2839,2021-04-26,LIG,10449,4915,5534,7823,2626,ITC,ITC3,7,Liguria,Liguria,1550640,592675,38.22,0.67
2840,2021-02-07,LIG,407,153,254,2,405,ITC,ITC3,7,Liguria,Liguria,1550640,593082,38.25,0.03
2841,2021-04-23,LIG,14675,6639,8036,8555,6120,ITC,ITC3,7,Liguria,Liguria,1550640,607757,39.19,0.95
2842,2021-04-05,LIG,3976,1751,2225,2327,1649,ITC,ITC3,7,Liguria,Liguria,1550640,611733,39.45,0.26
2843,2020-12-31,LIG,989,354,635,989,0,ITC,ITC3,7,Liguria,Liguria,1550640,612722,39.51,0.06
2844,2021-03-11,LIG,6352,3054,3298,4346,2006,ITC,ITC3,7,Liguria,Liguria,1550640,619074,39.92,0.41
2845,2021-01-04,LIG,2617,855,1762,2617,0,ITC,ITC3,7,Liguria,Liguria,1550640,621691,40.09,0.17
2846,2021-05-03,LIG,13269,5920,7349,6457,6812,ITC,ITC3,7,Liguria,Liguria,1550640,634960,40.95,0.86
2847,2021-04-25,LIG,1936,921,1015,1521,415,ITC,ITC3,7,Liguria,Liguria,1550640,636896,41.07,0.12
2848,2021-03-15,LIG,7193,3056,4137,4492,2701,ITC,ITC3,7,Liguria,Liguria,1550640,644089,41.54,0.46
2849,2021-02-21,LIG,869,491,378,865,4,ITC,ITC3,7,Liguria,Liguria,1550640,644958,41.59,0.06
2850,2021-01-13,LIG,2754,1013,1741,2754,0,ITC,ITC3,7,Liguria,Liguria,1550640,647712,41.77,0.18
2851,2021-01-30,LIG,1661,567,1094,25,1636,ITC,ITC3,7,Liguria,Liguria,1550640,649373,41.88,0.11
2852,2021-02-06,LIG,1892,768,1124,145,1747,ITC,ITC3,7,Liguria,Liguria,1550640,651265,42.0,0.12
2853,2021-04-16,LIG,11972,5280,6692,10161,1811,ITC,ITC3,7,Liguria,Liguria,1550640,663237,42.77,0.77
2854,2021-04-13,LIG,13052,5860,7192,11031,2021,ITC,ITC3,7,Liguria,Liguria,1550640,676289,43.61,0.84
2855,2021-01-19,LIG,1371,438,933,1281,90,ITC,ITC3,7,Liguria,Liguria,1550640,677660,43.7,0.09
2856,2021-01-03,LIG,734,230,504,734,0,ITC,ITC3,7,Liguria,Liguria,1550640,678394,43.75,0.05
2857,2021-04-20,LIG,14214,6505,7709,9865,4349,ITC,ITC3,7,Liguria,Liguria,1550640,692608,44.67,0.92
2858,2021-02-03,LIG,2315,791,1524,55,2260,ITC,ITC3,7,Liguria,Liguria,1550640,694923,44.82,0.15
2859,2021-02-05,LIG,2675,986,1689,304,2371,ITC,ITC3,7,Liguria,Liguria,1550640,697598,44.99,0.17
2860,2021-02-25,LIG,3455,1349,2106,3325,130,ITC,ITC3,7,Liguria,Liguria,1550640,701053,45.21,0.22
2861,2021-04-14,LIG,13029,5659,7370,10827,2202,ITC,ITC3,7,Liguria,Liguria,1550640,714082,46.05,0.84
2862,2020-12-27,LIG,135,56,79,135,0,ITC,ITC3,7,Liguria,Liguria,1550640,714217,46.06,0.01
2863,2020-12-28,LIG,80,30,50,80,0,ITC,ITC3,7,Liguria,Liguria,1550640,714297,46.06,0.01
2864,2021-05-11,LIG,13659,6172,7487,7066,6593,ITC,ITC3,7,Liguria,Liguria,1550640,727956,46.95,0.88
2865,2021-03-23,LIG,9036,4082,4954,5827,3209,ITC,ITC3,7,Liguria,Liguria,1550640,736992,47.53,0.58
2866,2021-01-24,LIG,756,237,519,113,643,ITC,ITC3,7,Liguria,Liguria,1550640,737748,47.58,0.05
2867,2021-05-01,LIG,7134,3255,3879,1332,5802,ITC,ITC3,7,Liguria,Liguria,1550640,744882,48.04,0.46
2868,2021-03-25,LIG,9595,4081,5514,6202,3393,ITC,ITC3,7,Liguria,Liguria,1550640,754477,48.66,0.62
2869,2021-03-24,LIG,8943,3834,5109,5655,3288,ITC,ITC3,7,Liguria,Liguria,1550640,763420,49.23,0.58
2870,2021-03-07,LIG,1858,1085,773,1557,301,ITC,ITC3,7,Liguria,Liguria,1550640,765278,49.35,0.12
2871,2021-03-04,LIG,4738,2118,2620,3891,847,ITC,ITC3,7,Liguria,Liguria,1550640,770016,49.66,0.31
2872,2021-02-14,LIG,233,122,111,233,0,ITC,ITC3,7,Liguria,Liguria,1550640,770249,49.67,0.02
2873,2021-04-27,LIG,14737,6676,8061,7158,7579,ITC,ITC3,7,Liguria,Liguria,1550640,784986,50.62,0.95
2874,2021-01-26,LIG,2484,803,1681,13,2471,ITC,ITC3,7,Liguria,Liguria,1550640,787470,50.78,0.16
2875,2021-03-09,LIG,5932,2754,3178,4502,1430,ITC,ITC3,7,Liguria,Liguria,1550640,793402,51.17,0.38
2876,2021-05-23,LIG,2305,1119,1186,1182,1123,ITC,ITC3,7,Liguria,Liguria,1550640,795707,51.31,0.15
2877,2021-01-27,LIG,1744,603,1141,141,1603,ITC,ITC3,7,Liguria,Liguria,1550640,797451,51.43,0.11
2878,2021-04-19,LIG,12810,5616,7194,9001,3809,ITC,ITC3,7,Liguria,Liguria,1550640,810261,52.25,0.83
2879,2021-05-15,LIG,7183,3195,3988,4296,2887,ITC,ITC3,7,Liguria,Liguria,1550640,817444,52.72,0.46
2880,2021-03-14,LIG,1659,752,907,1055,604,ITC,ITC3,7,Liguria,Liguria,1550640,819103,52.82,0.11
2881,2021-04-21,LIG,14246,6432,7814,8923,5323,ITC,ITC3,7,Liguria,Liguria,1550640,833349,53.74,0.92
2882,2021-05-08,LIG,7529,3332,4197,2315,5214,ITC,ITC3,7,Liguria,Liguria,1550640,840878,54.23,0.49
2883,2021-01-12,LIG,2460,886,1574,2460,0,ITC,ITC3,7,Liguria,Liguria,1550640,843338,54.39,0.16
2884,2021-03-29,LIG,10440,4511,5929,7310,3130,ITC,ITC3,7,Liguria,Liguria,1550640,853778,55.06,0.67
2885,2021-05-19,LIG,13516,5944,7572,10408,3108,ITC,ITC3,7,Liguria,Liguria,1550640,867294,55.93,0.87
2886,2021-02-08,LIG,1977,742,1235,306,1671,ITC,ITC3,7,Liguria,Liguria,1550640,869271,56.06,0.13
2887,2021-03-28,LIG,1142,511,631,391,751,ITC,ITC3,7,Liguria,Liguria,1550640,870413,56.13,0.07
2888,2021-03-19,LIG,5296,2235,3061,2149,3147,ITC,ITC3,7,Liguria,Liguria,1550640,875709,56.47,0.34
2889,2021-02-01,LIG,2558,923,1635,90,2468,ITC,ITC3,7,Liguria,Liguria,1550640,878267,56.64,0.16
2890,2021-04-15,LIG,11820,5221,6599,9968,1852,ITC,ITC3,7,Liguria,Liguria,1550640,890087,57.4,0.76
2891,2021-03-21,LIG,552,221,331,69,483,ITC,ITC3,7,Liguria,Liguria,1550640,890639,57.44,0.04
2892,2021-05-20,LIG,12807,5939,6868,8790,4017,ITC,ITC3,7,Liguria,Liguria,1550640,903446,58.26,0.83
2893,2021-05-27,LIG,16300,8218,8082,12389,3911,ITC,ITC3,7,Liguria,Liguria,1550640,919746,59.31,1.05
2894,2021-02-27,LIG,1888,921,967,1759,129,ITC,ITC3,7,Liguria,Liguria,1550640,921634,59.44,0.12
2895,2021-01-29,LIG,3079,1064,2015,67,3012,ITC,ITC3,7,Liguria,Liguria,1550640,924713,59.63,0.2
2896,2021-01-22,LIG,1818,604,1214,1332,486,ITC,ITC3,7,Liguria,Liguria,1550640,926531,59.75,0.12
2897,2021-05-16,LIG,3694,1855,1839,2134,1560,ITC,ITC3,7,Liguria,Liguria,1550640,930225,59.99,0.24
2898,2021-05-26,LIG,16128,7999,8129,11975,4153,ITC,ITC3,7,Liguria,Liguria,1550640,946353,61.03,1.04
2899,2021-03-18,LIG,4982,2124,2858,2009,2973,ITC,ITC3,7,Liguria,Liguria,1550640,951335,61.35,0.32
2900,2021-03-05,LIG,4869,2150,2719,3737,1132,ITC,ITC3,7,Liguria,Liguria,1550640,956204,61.67,0.31
2901,2021-03-15,VEN,16599,7264,9335,11382,5217,ITH,ITH3,5,Veneto,Veneto,4905854,16599,0.34,0.34
2902,2021-03-09,VEN,16464,7382,9082,10144,6320,ITH,ITH3,5,Veneto,Veneto,4905854,33063,0.67,0.34
2903,2021-03-29,VEN,31393,13631,17762,27559,3834,ITH,ITH3,5,Veneto,Veneto,4905854,64456,1.31,0.64
2904,2021-01-02,VEN,5743,1766,3977,5743,0,ITH,ITH3,5,Veneto,Veneto,4905854,70199,1.43,0.12
2905,2021-05-10,VEN,36335,16991,19344,26505,9830,ITH,ITH3,5,Veneto,Veneto,4905854,106534,2.17,0.74
2906,2021-04-20,VEN,22404,9486,12918,8405,13999,ITH,ITH3,5,Veneto,Veneto,4905854,128938,2.63,0.46
2907,2021-03-18,VEN,12608,5136,7472,7382,5226,ITH,ITH3,5,Veneto,Veneto,4905854,141546,2.89,0.26
2908,2021-02-05,VEN,8371,2534,5837,1413,6958,ITH,ITH3,5,Veneto,Veneto,4905854,149917,3.06,0.17
2909,2021-01-13,VEN,5985,1606,4379,5985,0,ITH,ITH3,5,Veneto,Veneto,4905854,155902,3.18,0.12
2910,2021-03-21,VEN,11983,4754,7229,8521,3462,ITH,ITH3,5,Veneto,Veneto,4905854,167885,3.42,0.24
2911,2021-04-23,VEN,31149,13800,17349,22448,8701,ITH,ITH3,5,Veneto,Veneto,4905854,199034,4.06,0.63
2912,2021-03-11,VEN,19707,8774,10933,14127,5580,ITH,ITH3,5,Veneto,Veneto,4905854,218741,4.46,0.4
2913,2021-01-07,VEN,8358,2318,6040,8358,0,ITH,ITH3,5,Veneto,Veneto,4905854,227099,4.63,0.17
2914,2021-02-26,VEN,8292,3270,5022,7036,1256,ITH,ITH3,5,Veneto,Veneto,4905854,235391,4.8,0.17
2915,2021-02-23,VEN,7375,3250,4125,7105,270,ITH,ITH3,5,Veneto,Veneto,4905854,242766,4.95,0.15
2916,2021-03-01,VEN,9394,3716,5678,7572,1822,ITH,ITH3,5,Veneto,Veneto,4905854,252160,5.14,0.19
2917,2021-02-16,VEN,6639,2870,3769,6462,177,ITH,ITH3,5,Veneto,Veneto,4905854,258799,5.28,0.14
2918,2021-01-22,VEN,1080,332,748,25,1055,ITH,ITH3,5,Veneto,Veneto,4905854,259879,5.3,0.02
2919,2021-03-31,VEN,38607,16238,22369,31113,7494,ITH,ITH3,5,Veneto,Veneto,4905854,298486,6.08,0.79
2920,2021-02-17,VEN,6022,2772,3250,5928,94,ITH,ITH3,5,Veneto,Veneto,4905854,304508,6.21,0.12
2921,2021-05-28,VEN,44152,21685,22467,24482,19670,ITH,ITH3,5,Veneto,Veneto,4905854,348660,7.11,0.9
2922,2021-03-06,VEN,10627,4316,6311,7365,3262,ITH,ITH3,5,Veneto,Veneto,4905854,359287,7.32,0.22
2923,2021-04-17,VEN,22403,9078,13325,15121,7282,ITH,ITH3,5,Veneto,Veneto,4905854,381690,7.78,0.46
2924,2021-01-29,VEN,9019,2788,6231,367,8652,ITH,ITH3,5,Veneto,Veneto,4905854,390709,7.96,0.18
2925,2021-03-03,VEN,12044,4597,7447,8546,3498,ITH,ITH3,5,Veneto,Veneto,4905854,402753,8.21,0.25
2926,2021-04-22,VEN,31900,13887,18013,16154,15746,ITH,ITH3,5,Veneto,Veneto,4905854,434653,8.86,0.65
2927,2021-05-07,VEN,47985,23010,24975,39387,8598,ITH,ITH3,5,Veneto,Veneto,4905854,482638,9.84,0.98
2928,2021-02-28,VEN,4136,1389,2747,3299,837,ITH,ITH3,5,Veneto,Veneto,4905854,486774,9.92,0.08
2929,2021-01-26,VEN,6917,2091,4826,152,6765,ITH,ITH3,5,Veneto,Veneto,4905854,493691,10.06,0.14
2930,2021-02-04,VEN,7388,2024,5364,553,6835,ITH,ITH3,5,Veneto,Veneto,4905854,501079,10.21,0.15
2931,2021-03-10,VEN,18938,8638,10300,13255,5683,ITH,ITH3,5,Veneto,Veneto,4905854,520017,10.6,0.39
2932,2021-05-17,VEN,26350,12927,13423,16426,9924,ITH,ITH3,5,Veneto,Veneto,4905854,546367,11.14,0.54
2933,2021-02-09,VEN,5246,1889,3357,3446,1800,ITH,ITH3,5,Veneto,Veneto,4905854,551613,11.24,0.11
2934,2021-01-31,VEN,4769,1562,3207,392,4377,ITH,ITH3,5,Veneto,Veneto,4905854,556382,11.34,0.1
2935,2021-01-09,VEN,7927,2539,5388,7927,0,ITH,ITH3,5,Veneto,Veneto,4905854,564309,11.5,0.16
2936,2021-03-17,VEN,14643,5991,8652,7849,6794,ITH,ITH3,5,Veneto,Veneto,4905854,578952,11.8,0.3
2937,2021-04-13,VEN,14020,6319,7701,8534,5486,ITH,ITH3,5,Veneto,Veneto,4905854,592972,12.09,0.29
2938,2021-02-21,VEN,4633,1209,3424,4628,5,ITH,ITH3,5,Veneto,Veneto,4905854,597605,12.18,0.09
2939,2021-03-14,VEN,15165,5934,9231,14271,894,ITH,ITH3,5,Veneto,Veneto,4905854,612770,12.49,0.31
2940,2021-02-07,VEN,2315,862,1453,714,1601,ITH,ITH3,5,Veneto,Veneto,4905854,615085,12.54,0.05
2941,2020-12-30,VEN,699,245,454,699,0,ITH,ITH3,5,Veneto,Veneto,4905854,615784,12.55,0.01
2942,2021-01-04,VEN,6736,2033,4703,6736,0,ITH,ITH3,5,Veneto,Veneto,4905854,622520,12.69,0.14
2943,2021-01-18,VEN,2762,776,1986,2563,199,ITH,ITH3,5,Veneto,Veneto,4905854,625282,12.75,0.06
2944,2020-12-31,VEN,3219,1042,2177,3219,0,ITH,ITH3,5,Veneto,Veneto,4905854,628501,12.81,0.07
2945,2021-04-05,VEN,19137,8367,10770,13697,5440,ITH,ITH3,5,Veneto,Veneto,4905854,647638,13.2,0.39
2946,2021-02-01,VEN,8557,2500,6057,161,8396,ITH,ITH3,5,Veneto,Veneto,4905854,656195,13.38,0.17
2947,2021-01-19,VEN,1309,472,837,1159,150,ITH,ITH3,5,Veneto,Veneto,4905854,657504,13.4,0.03
2948,2021-03-12,VEN,18571,8124,10447,11825,6746,ITH,ITH3,5,Veneto,Veneto,4905854,676075,13.78,0.38
2949,2021-01-21,VEN,2292,719,1573,21,2271,ITH,ITH3,5,Veneto,Veneto,4905854,678367,13.83,0.05
2950,2021-03-30,VEN,35883,15235,20648,30634,5249,ITH,ITH3,5,Veneto,Veneto,4905854,714250,14.56,0.73
2951,2021-05-29,VEN,31843,16135,15708,25185,6658,ITH,ITH3,5,Veneto,Veneto,4905854,746093,15.21,0.65
2952,2021-01-03,VEN,5157,1562,3595,5157,0,ITH,ITH3,5,Veneto,Veneto,4905854,751250,15.31,0.11
2953,2021-02-03,VEN,5938,1664,4274,480,5458,ITH,ITH3,5,Veneto,Veneto,4905854,757188,15.43,0.12
2954,2021-01-30,VEN,8747,2672,6075,693,8054,ITH,ITH3,5,Veneto,Veneto,4905854,765935,15.61,0.18
2955,2021-05-04,VEN,42762,20252,22510,34767,7995,ITH,ITH3,5,Veneto,Veneto,4905854,808697,16.48,0.87
2956,2021-04-16,VEN,24420,10480,13940,12537,11883,ITH,ITH3,5,Veneto,Veneto,4905854,833117,16.98,0.5
2957,2021-02-13,VEN,3267,1474,1793,3247,20,ITH,ITH3,5,Veneto,Veneto,4905854,836384,17.05,0.07
2958,2021-01-24,VEN,4117,1219,2898,28,4089,ITH,ITH3,5,Veneto,Veneto,4905854,840501,17.13,0.08
2959,2021-05-01,VEN,38757,18197,20560,29846,8911,ITH,ITH3,5,Veneto,Veneto,4905854,879258,17.92,0.79
2960,2021-03-22,VEN,18092,8133,9959,13049,5043,ITH,ITH3,5,Veneto,Veneto,4905854,897350,18.29,0.37
2961,2021-03-23,VEN,22149,10187,11962,17430,4719,ITH,ITH3,5,Veneto,Veneto,4905854,919499,18.74,0.45
2962,2021-02-06,VEN,4095,1354,2741,709,3386,ITH,ITH3,5,Veneto,Veneto,4905854,923594,18.83,0.08
2963,2021-03-24,VEN,22020,9504,12516,15212,6808,ITH,ITH3,5,Veneto,Veneto,4905854,945614,19.28,0.45
2964,2021-04-10,VEN,27444,11971,15473,18963,8481,ITH,ITH3,5,Veneto,Veneto,4905854,973058,19.83,0.56
2965,2021-04-02,VEN,23974,10549,13425,17643,6331,ITH,ITH3,5,Veneto,Veneto,4905854,997032,20.32,0.49
2966,2021-03-04,VEN,12920,4829,8091,9449,3471,ITH,ITH3,5,Veneto,Veneto,4905854,1009952,20.59,0.26
2967,2021-04-19,VEN,21528,8917,12611,5118,16410,ITH,ITH3,5,Veneto,Veneto,4905854,1031480,21.03,0.44
2968,2021-05-06,VEN,46467,21797,24670,38051,8416,ITH,ITH3,5,Veneto,Veneto,4905854,1077947,21.97,0.95
2969,2021-05-23,VEN,34403,16428,17975,11067,23336,ITH,ITH3,5,Veneto,Veneto,4905854,1112350,22.67,0.7
2970,2021-01-01,VEN,1528,471,1057,1528,0,ITH,ITH3,5,Veneto,Veneto,4905854,1113878,22.71,0.03
2971,2021-05-12,VEN,36166,17493,18673,31116,5050,ITH,ITH3,5,Veneto,Veneto,4905854,1150044,23.44,0.74
2972,2021-02-08,VEN,4976,1541,3435,1929,3047,ITH,ITH3,5,Veneto,Veneto,4905854,1155020,23.54,0.1
2973,2021-05-08,VEN,41152,18622,22530,29369,11783,ITH,ITH3,5,Veneto,Veneto,4905854,1196172,24.38,0.84
2974,2021-04-29,VEN,50211,23356,26855,37026,13185,ITH,ITH3,5,Veneto,Veneto,4905854,1246383,25.41,1.02
2975,2021-02-22,VEN,7013,3040,3973,6626,387,ITH,ITH3,5,Veneto,Veneto,4905854,1253396,25.55,0.14
2976,2021-01-05,VEN,7329,2182,5147,7329,0,ITH,ITH3,5,Veneto,Veneto,4905854,1260725,25.7,0.15
2977,2021-04-27,VEN,28105,12747,15358,21188,6917,ITH,ITH3,5,Veneto,Veneto,4905854,1288830,26.27,0.57
2978,2021-01-20,VEN,1038,368,670,386,652,ITH,ITH3,5,Veneto,Veneto,4905854,1289868,26.29,0.02
2979,2021-01-27,VEN,7138,2062,5076,241,6897,ITH,ITH3,5,Veneto,Veneto,4905854,1297006,26.44,0.15
2980,2021-05-18,VEN,26609,12404,14205,13208,13401,ITH,ITH3,5,Veneto,Veneto,4905854,1323615,26.98,0.54
2981,2021-04-18,VEN,17518,7255,10263,9946,7572,ITH,ITH3,5,Veneto,Veneto,4905854,1341133,27.34,0.36
2982,2020-12-27,VEN,880,395,485,880,0,ITH,ITH3,5,Veneto,Veneto,4905854,1342013,27.36,0.02
2983,2021-02-02,VEN,6508,1878,4630,396,6112,ITH,ITH3,5,Veneto,Veneto,4905854,1348521,27.49,0.13
2984,2021-05-21,VEN,44383,21804,22579,20815,23568,ITH,ITH3,5,Veneto,Veneto,4905854,1392904,28.39,0.9
2985,2021-04-03,VEN,21941,9626,12315,14225,7716,ITH,ITH3,5,Veneto,Veneto,4905854,1414845,28.84,0.45
2986,2021-05-26,VEN,29401,14341,15060,13515,15886,ITH,ITH3,5,Veneto,Veneto,4905854,1444246,29.44,0.6
2987,2021-04-21,VEN,32315,13176,19139,16249,16066,ITH,ITH3,5,Veneto,Veneto,4905854,1476561,30.1,0.66
2988,2021-01-28,VEN,9209,2662,6547,173,9036,ITH,ITH3,5,Veneto,Veneto,4905854,1485770,30.29,0.19
2989,2021-05-05,VEN,43904,21061,22843,37394,6510,ITH,ITH3,5,Veneto,Veneto,4905854,1529674,31.18,0.89
2990,2021-05-09,VEN,34923,16055,18868,24866,10057,ITH,ITH3,5,Veneto,Veneto,4905854,1564597,31.89,0.71
2991,2021-04-24,VEN,24730,10819,13911,15652,9078,ITH,ITH3,5,Veneto,Veneto,4905854,1589327,32.4,0.5
2992,2021-04-08,VEN,32313,14345,17968,24440,7873,ITH,ITH3,5,Veneto,Veneto,4905854,1621640,33.06,0.66
2993,2021-01-10,VEN,5032,1671,3361,5032,0,ITH,ITH3,5,Veneto,Veneto,4905854,1626672,33.16,0.1
2994,2021-05-27,VEN,45194,22197,22997,22818,22376,ITH,ITH3,5,Veneto,Veneto,4905854,1671866,34.08,0.92
2995,2021-02-27,VEN,8987,2691,6296,8140,847,ITH,ITH3,5,Veneto,Veneto,4905854,1680853,34.26,0.18
2996,2021-04-04,VEN,7775,3531,4244,6624,1151,ITH,ITH3,5,Veneto,Veneto,4905854,1688628,34.42,0.16
2997,2021-02-18,VEN,5828,2455,3373,5764,64,ITH,ITH3,5,Veneto,Veneto,4905854,1694456,34.54,0.12
2998,2021-05-11,VEN,32887,16402,16485,28211,4676,ITH,ITH3,5,Veneto,Veneto,4905854,1727343,35.21,0.67
2999,2021-02-25,VEN,7899,3339,4560,7294,605,ITH,ITH3,5,Veneto,Veneto,4905854,1735242,35.37,0.16
3000,2021-03-26,VEN,29541,13117,16424,24074,5467,ITH,ITH3,5,Veneto,Veneto,4905854,1764783,35.97,0.6
3001,2021-01-08,VEN,9404,2835,6569,9404,0,ITH,ITH3,5,Veneto,Veneto,4905854,1774187,36.16,0.19
3002,2021-02-14,VEN,125,56,69,112,13,ITH,ITH3,5,Veneto,Veneto,4905854,1774312,36.17,0.0
3003,2021-03-16,VEN,12516,5347,7169,6902,5614,ITH,ITH3,5,Veneto,Veneto,4905854,1786828,36.42,0.26
3004,2021-05-03,VEN,40582,19763,20819,34159,6423,ITH,ITH3,5,Veneto,Veneto,4905854,1827410,37.25,0.83
3005,2021-02-19,VEN,7322,3140,4182,7118,204,ITH,ITH3,5,Veneto,Veneto,4905854,1834732,37.4,0.15
3006,2021-05-31,VEN,30826,15764,15062,21551,9275,ITH,ITH3,5,Veneto,Veneto,4905854,1865558,38.03,0.63
3007,2021-01-06,VEN,8132,2385,5747,8132,0,ITH,ITH3,5,Veneto,Veneto,4905854,1873690,38.19,0.17
3008,2021-04-28,VEN,32373,15157,17216,23352,9021,ITH,ITH3,5,Veneto,Veneto,4905854,1906063,38.85,0.66
3009,2021-05-13,VEN,43757,21611,22146,33911,9846,ITH,ITH3,5,Veneto,Veneto,4905854,1949820,39.74,0.89
3010,2021-05-19,VEN,32292,14817,17475,16605,15687,ITH,ITH3,5,Veneto,Veneto,4905854,1982112,40.4,0.66
3011,2021-01-16,VEN,4611,1542,3069,4611,0,ITH,ITH3,5,Veneto,Veneto,4905854,1986723,40.5,0.09
3012,2021-03-20,VEN,12943,5340,7603,10848,2095,ITH,ITH3,5,Veneto,Veneto,4905854,1999666,40.76,0.26
3013,2021-05-24,VEN,32549,16087,16462,7711,24838,ITH,ITH3,5,Veneto,Veneto,4905854,2032215,41.42,0.66
3014,2021-04-25,VEN,18310,8146,10164,13477,4833,ITH,ITH3,5,Veneto,Veneto,4905854,2050525,41.8,0.37
3015,2021-02-24,VEN,8614,3678,4936,8128,486,ITH,ITH3,5,Veneto,Veneto,4905854,2059139,41.97,0.18
3016,2021-04-06,VEN,28872,13273,15599,23798,5074,ITH,ITH3,5,Veneto,Veneto,4905854,2088011,42.56,0.59
3017,2021-05-14,VEN,46263,22012,24251,25639,20624,ITH,ITH3,5,Veneto,Veneto,4905854,2134274,43.5,0.94
3018,2021-04-01,VEN,25197,11052,14145,18786,6411,ITH,ITH3,5,Veneto,Veneto,4905854,2159471,44.02,0.51
3019,2021-03-28,VEN,31249,13586,17663,27613,3636,ITH,ITH3,5,Veneto,Veneto,4905854,2190720,44.66,0.64
3020,2021-03-19,VEN,13790,5668,8122,7697,6093,ITH,ITH3,5,Veneto,Veneto,4905854,2204510,44.94,0.28
3021,2021-04-26,VEN,20707,9449,11258,15564,5143,ITH,ITH3,5,Veneto,Veneto,4905854,2225217,45.36,0.42
3022,2021-01-17,VEN,1933,781,1152,1584,349,ITH,ITH3,5,Veneto,Veneto,4905854,2227150,45.4,0.04
3023,2021-05-20,VEN,44199,20999,23200,20094,24105,ITH,ITH3,5,Veneto,Veneto,4905854,2271349,46.3,0.9
3024,2021-02-12,VEN,4314,1447,2867,3742,572,ITH,ITH3,5,Veneto,Veneto,4905854,2275663,46.39,0.09
3025,2021-04-12,VEN,14903,6335,8568,6684,8219,ITH,ITH3,5,Veneto,Veneto,4905854,2290566,46.69,0.3
3026,2021-01-25,VEN,6468,2075,4393,159,6309,ITH,ITH3,5,Veneto,Veneto,4905854,2297034,46.82,0.13
3027,2021-04-30,VEN,49919,23440,26479,34266,15653,ITH,ITH3,5,Veneto,Veneto,4905854,2346953,47.84,1.02
3028,2021-03-05,VEN,13286,4978,8308,9625,3661,ITH,ITH3,5,Veneto,Veneto,4905854,2360239,48.11,0.27
3029,2021-05-02,VEN,37211,17251,19960,26886,10325,ITH,ITH3,5,Veneto,Veneto,4905854,2397450,48.87,0.76
3030,2021-05-16,VEN,28397,14002,14395,21319,7078,ITH,ITH3,5,Veneto,Veneto,4905854,2425847,49.45,0.58
3031,2021-05-25,VEN,27045,12984,14061,11454,15591,ITH,ITH3,5,Veneto,Veneto,4905854,2452892,50.0,0.55
3032,2021-03-08,VEN,13549,6195,7354,9480,4069,ITH,ITH3,5,Veneto,Veneto,4905854,2466441,50.28,0.28
3033,2021-01-11,VEN,7238,2101,5137,7238,0,ITH,ITH3,5,Veneto,Veneto,4905854,2473679,50.42,0.15
3034,2021-01-15,VEN,5874,1819,4055,5874,0,ITH,ITH3,5,Veneto,Veneto,4905854,2479553,50.54,0.12
3035,2021-04-15,VEN,20824,8596,12228,10018,10806,ITH,ITH3,5,Veneto,Veneto,4905854,2500377,50.97,0.42
3036,2021-04-11,VEN,21002,8873,12129,14695,6307,ITH,ITH3,5,Veneto,Veneto,4905854,2521379,51.4,0.43
3037,2021-05-22,VEN,34601,16608,17993,13279,21322,ITH,ITH3,5,Veneto,Veneto,4905854,2555980,52.1,0.71
3038,2021-04-14,VEN,15869,6879,8990,9243,6626,ITH,ITH3,5,Veneto,Veneto,4905854,2571849,52.42,0.32
3039,2021-02-11,VEN,4013,1238,2775,3385,628,ITH,ITH3,5,Veneto,Veneto,4905854,2575862,52.51,0.08
3040,2021-01-14,VEN,7062,1924,5138,7062,0,ITH,ITH3,5,Veneto,Veneto,4905854,2582924,52.65,0.14
3041,2021-01-12,VEN,5230,1516,3714,5230,0,ITH,ITH3,5,Veneto,Veneto,4905854,2588154,52.76,0.11
3042,2021-01-23,VEN,4050,1246,2804,31,4019,ITH,ITH3,5,Veneto,Veneto,4905854,2592204,52.84,0.08
3043,2021-03-07,VEN,4475,1756,2719,3914,561,ITH,ITH3,5,Veneto,Veneto,4905854,2596679,52.93,0.09
3044,2021-03-02,VEN,11483,4622,6861,8175,3308,ITH,ITH3,5,Veneto,Veneto,4905854,2608162,53.16,0.23
3045,2021-04-07,VEN,35891,16110,19781,28561,7330,ITH,ITH3,5,Veneto,Veneto,4905854,2644053,53.9,0.73
3046,2021-04-09,VEN,31096,13692,17404,22759,8337,ITH,ITH3,5,Veneto,Veneto,4905854,2675149,54.53,0.63
3047,2021-05-15,VEN,36033,17425,18608,26121,9912,ITH,ITH3,5,Veneto,Veneto,4905854,2711182,55.26,0.73
3048,2021-02-10,VEN,4751,1588,3163,3697,1054,ITH,ITH3,5,Veneto,Veneto,4905854,2715933,55.36,0.1
3049,2021-03-27,VEN,32049,13988,18061,26243,5806,ITH,ITH3,5,Veneto,Veneto,4905854,2747982,56.01,0.65
3050,2021-05-30,VEN,22436,11220,11216,15813,6623,ITH,ITH3,5,Veneto,Veneto,4905854,2770418,56.47,0.46
3051,2021-02-15,VEN,4386,1821,2565,4146,240,ITH,ITH3,5,Veneto,Veneto,4905854,2774804,56.56,0.09
3052,2021-03-13,VEN,17177,7258,9919,14044,3133,ITH,ITH3,5,Veneto,Veneto,4905854,2791981,56.91,0.35
3053,2021-02-20,VEN,6424,2014,4410,6353,71,ITH,ITH3,5,Veneto,Veneto,4905854,2798405,57.04,0.13
3054,2021-03-25,VEN,25835,10950,14885,19715,6120,ITH,ITH3,5,Veneto,Veneto,4905854,2824240,57.57,0.53
3055,2021-05-13,VDA,1139,556,583,540,599,ITC,ITC2,2,Valle d'Aosta / Vallée d'Aoste,Valle d'Aosta,125666,1139,0.91,0.91
3056,2021-05-14,VDA,960,442,518,291,669,ITC,ITC2,2,Valle d'Aosta / Vallée d'Aoste,Valle d'Aosta,125666,2099,1.67,0.76
3057,2021-03-20,VDA,208,86,122,172,36,ITC,ITC2,2,Valle d'Aosta / Vallée d'Aoste,Valle d'Aosta,125666,2307,1.84,0.17
3058,2021-05-16,VDA,688,341,347,347,341,ITC,ITC2,2,Valle d'Aosta / Vallée d'Aoste,Valle d'Aosta,125666,2995,2.38,0.55
3059,2021-04-09,VDA,237,111,126,204,33,ITC,ITC2,2,Valle d'Aosta / Vallée d'Aoste,Valle d'Aosta,125666,3232,2.57,0.19
3060,2021-02-24,VDA,183,82,101,164,19,ITC,ITC2,2,Valle d'Aosta / Vallée d'Aoste,Valle d'Aosta,125666,3415,2.72,0.15
3061,2021-01-29,VDA,318,138,180,2,316,ITC,ITC2,2,Valle d'Aosta / Vallée d'Aoste,Valle d'Aosta,125666,3733,2.97,0.25
3062,2021-05-11,VDA,645,325,320,494,151,ITC,ITC2,2,Valle d'Aosta / Vallée d'Aoste,Valle d'Aosta,125666,4378,3.48,0.51
3063,2021-03-29,VDA,493,233,260,453,40,ITC,ITC2,2,Valle d'Aosta / Vallée d'Aoste,Valle d'Aosta,125666,4871,3.88,0.39
3064,2021-03-15,VDA,362,123,239,159,203,ITC,ITC2,2,Valle d'Aosta / Vallée d'Aoste,Valle d'Aosta,125666,5233,4.16,0.29
3065,2021-02-21,VDA,18,3,15,0,18,ITC,ITC2,2,Valle d'Aosta / Vallée d'Aoste,Valle d'Aosta,125666,5251,4.18,0.01
3066,2021-01-09,VDA,443,199,244,443,0,ITC,ITC2,2,Valle d'Aosta / Vallée d'Aoste,Valle d'Aosta,125666,5694,4.53,0.35
3067,2021-05-28,VDA,975,414,561,563,412,ITC,ITC2,2,Valle d'Aosta / Vallée d'Aoste,Valle d'Aosta,125666,6669,5.31,0.78
3068,2021-01-21,VDA,33,12,21,33,0,ITC,ITC2,2,Valle d'Aosta / Vallée d'Aoste,Valle d'Aosta,125666,6702,5.33,0.03
3069,2021-02-16,VDA,325,53,272,320,5,ITC,ITC2,2,Valle d'Aosta / Vallée d'Aoste,Valle d'Aosta,125666,7027,5.59,0.26
3070,2021-03-25,VDA,389,154,235,379,10,ITC,ITC2,2,Valle d'Aosta / Vallée d'Aoste,Valle d'Aosta,125666,7416,5.9,0.31
3071,2021-02-07,VDA,292,120,172,190,102,ITC,ITC2,2,Valle d'Aosta / Vallée d'Aoste,Valle d'Aosta,125666,7708,6.13,0.23
3072,2021-01-30,VDA,439,202,237,14,425,ITC,ITC2,2,Valle d'Aosta / Vallée d'Aoste,Valle d'Aosta,125666,8147,6.48,0.35
3073,2021-01-14,VDA,237,69,168,237,0,ITC,ITC2,2,Valle d'Aosta / Vallée d'Aoste,Valle d'Aosta,125666,8384,6.67,0.19
3074,2021-05-06,VDA,1063,509,554,679,384,ITC,ITC2,2,Valle d'Aosta / Vallée d'Aoste,Valle d'Aosta,125666,9447,7.52,0.85
3075,2021-02-22,VDA,316,94,222,213,103,ITC,ITC2,2,Valle d'Aosta / Vallée d'Aoste,Valle d'Aosta,125666,9763,7.77,0.25
3076,2021-03-04,VDA,291,139,152,42,249,ITC,ITC2,2,Valle d'Aosta / Vallée d'Aoste,Valle d'Aosta,125666,10054,8.0,0.23
3077,2021-02-05,VDA,294,102,192,101,193,ITC,ITC2,2,Valle d'Aosta / Vallée d'Aoste,Valle d'Aosta,125666,10348,8.23,0.23
3078,2021-04-29,VDA,1291,634,657,757,534,ITC,ITC2,2,Valle d'Aosta / Vallée d'Aoste,Valle d'Aosta,125666,11639,9.26,1.03
3079,2021-04-16,VDA,599,261,338,597,2,ITC,ITC2,2,Valle d'Aosta / Vallée d'Aoste,Valle d'Aosta,125666,12238,9.74,0.48
3080,2021-01-13,VDA,337,110,227,337,0,ITC,ITC2,2,Valle d'Aosta / Vallée d'Aoste,Valle d'Aosta,125666,12575,10.01,0.27
3081,2021-04-10,VDA,404,190,214,399,5,ITC,ITC2,2,Valle d'Aosta / Vallée d'Aoste,Valle d'Aosta,125666,12979,10.33,0.32
3082,2021-04-19,VDA,751,325,426,542,209,ITC,ITC2,2,Valle d'Aosta / Vallée d'Aoste,Valle d'Aosta,125666,13730,10.93,0.6
3083,2021-05-12,VDA,1138,549,589,468,670,ITC,ITC2,2,Valle d'Aosta / Vallée d'Aoste,Valle d'Aosta,125666,14868,11.83,0.91
3084,2021-03-13,VDA,145,86,59,145,0,ITC,ITC2,2,Valle d'Aosta / Vallée d'Aoste,Valle d'Aosta,125666,15013,11.95,0.12
3085,2021-05-02,VDA,765,345,420,605,160,ITC,ITC2,2,Valle d'Aosta / Vallée d'Aoste,Valle d'Aosta,125666,15778,12.56,0.61
3086,2021-03-27,VDA,333,164,169,302,31,ITC,ITC2,2,Valle d'Aosta / Vallée d'Aoste,Valle d'Aosta,125666,16111,12.82,0.26
3087,2021-04-14,VDA,941,430,511,717,224,ITC,ITC2,2,Valle d'Aosta / Vallée d'Aoste,Valle d'Aosta,125666,17052,13.57,0.75
3088,2021-04-15,VDA,810,377,433,671,139,ITC,ITC2,2,Valle d'Aosta / Vallée d'Aoste,Valle d'Aosta,125666,17862,14.21,0.64
3089,2021-03-07,VDA,64,30,34,11,53,ITC,ITC2,2,Valle d'Aosta / Vallée d'Aoste,Valle d'Aosta,125666,17926,14.26,0.05
3090,2021-01-18,VDA,213,74,139,213,0,ITC,ITC2,2,Valle d'Aosta / Vallée d'Aoste,Valle d'Aosta,125666,18139,14.43,0.17
3091,2021-03-18,VDA,136,43,93,99,37,ITC,ITC2,2,Valle d'Aosta / Vallée d'Aoste,Valle d'Aosta,125666,18275,14.54,0.11
3092,2021-01-02,VDA,6,5,1,6,0,ITC,ITC2,2,Valle d'Aosta / Vallée d'Aoste,Valle d'Aosta,125666,18281,14.55,0.0
3093,2021-05-18,VDA,969,484,485,353,616,ITC,ITC2,2,Valle d'Aosta / Vallée d'Aoste,Valle d'Aosta,125666,19250,15.32,0.77
3094,2021-05-26,VDA,1209,587,622,576,633,ITC,ITC2,2,Valle d'Aosta / Vallée d'Aoste,Valle d'Aosta,125666,20459,16.28,0.96
3095,2021-02-06,VDA,289,104,185,92,197,ITC,ITC2,2,Valle d'Aosta / Vallée d'Aoste,Valle d'Aosta,125666,20748,16.51,0.23
3096,2021-02-27,VDA,231,85,146,124,107,ITC,ITC2,2,Valle d'Aosta / Vallée d'Aoste,Valle d'Aosta,125666,20979,16.69,0.18
3097,2021-05-05,VDA,1038,566,472,456,582,ITC,ITC2,2,Valle d'Aosta / Vallée d'Aoste,Valle d'Aosta,125666,22017,17.52,0.83
3098,2021-01-22,VDA,56,21,35,20,36,ITC,ITC2,2,Valle d'Aosta / Vallée d'Aoste,Valle d'Aosta,125666,22073,17.56,0.04
3099,2021-03-11,VDA,197,76,121,66,131,ITC,ITC2,2,Valle d'Aosta / Vallée d'Aoste,Valle d'Aosta,125666,22270,17.72,0.16
3100,2021-03-10,VDA,438,183,255,225,213,ITC,ITC2,2,Valle d'Aosta / Vallée d'Aoste,Valle d'Aosta,125666,22708,18.07,0.35
3101,2021-05-22,VDA,940,494,446,540,400,ITC,ITC2,2,Valle d'Aosta / Vallée d'Aoste,Valle d'Aosta,125666,23648,18.82,0.75
3102,2021-02-20,VDA,251,210,41,241,10,ITC,ITC2,2,Valle d'Aosta / Vallée d'Aoste,Valle d'Aosta,125666,23899,19.02,0.2
3103,2021-04-08,VDA,584,282,302,441,143,ITC,ITC2,2,Valle d'Aosta / Vallée d'Aoste,Valle d'Aosta,125666,24483,19.48,0.46
3104,2021-01-11,VDA,325,112,213,325,0,ITC,ITC2,2,Valle d'Aosta / Vallée d'Aoste,Valle d'Aosta,125666,24808,19.74,0.26
3105,2021-03-02,VDA,339,166,173,336,3,ITC,ITC2,2,Valle d'Aosta / Vallée d'Aoste,Valle d'Aosta,125666,25147,20.01,0.27
3106,2021-01-20,VDA,23,8,15,23,0,ITC,ITC2,2,Valle d'Aosta / Vallée d'Aoste,Valle d'Aosta,125666,25170,20.03,0.02
3107,2021-05-24,VDA,1135,516,619,688,447,ITC,ITC2,2,Valle d'Aosta / Vallée d'Aoste,Valle d'Aosta,125666,26305,20.93,0.9
3108,2021-04-17,VDA,638,407,231,636,2,ITC,ITC2,2,Valle d'Aosta / Vallée d'Aoste,Valle d'Aosta,125666,26943,21.44,0.51
3109,2021-04-30,VDA,831,355,476,485,346,ITC,ITC2,2,Valle d'Aosta / Vallée d'Aoste,Valle d'Aosta,125666,27774,22.1,0.66
3110,2021-04-11,VDA,479,208,271,479,0,ITC,ITC2,2,Valle d'Aosta / Vallée d'Aoste,Valle d'Aosta,125666,28253,22.48,0.38
3111,2021-02-09,VDA,251,84,167,68,183,ITC,ITC2,2,Valle d'Aosta / Vallée d'Aoste,Valle d'Aosta,125666,28504,22.68,0.2
3112,2021-02-17,VDA,327,144,183,227,100,ITC,ITC2,2,Valle d'Aosta / Vallée d'Aoste,Valle d'Aosta,125666,28831,22.94,0.26
3113,2021-03-06,VDA,22,4,18,22,0,ITC,ITC2,2,Valle d'Aosta / Vallée d'Aoste,Valle d'Aosta,125666,28853,22.96,0.02
3114,2021-04-21,VDA,868,410,458,620,248,ITC,ITC2,2,Valle d'Aosta / Vallée d'Aoste,Valle d'Aosta,125666,29721,23.65,0.69
3115,2021-02-26,VDA,207,58,149,122,85,ITC,ITC2,2,Valle d'Aosta / Vallée d'Aoste,Valle d'Aosta,125666,29928,23.82,0.16
3116,2021-05-10,VDA,782,381,401,547,235,ITC,ITC2,2,Valle d'Aosta / Vallée d'Aoste,Valle d'Aosta,125666,30710,24.44,0.62
3117,2021-02-23,VDA,216,123,93,216,0,ITC,ITC2,2,Valle d'Aosta / Vallée d'Aoste,Valle d'Aosta,125666,30926,24.61,0.17
3118,2021-03-17,VDA,433,185,248,273,160,ITC,ITC2,2,Valle d'Aosta / Vallée d'Aoste,Valle d'Aosta,125666,31359,24.95,0.34
3119,2021-03-01,VDA,181,66,115,147,34,ITC,ITC2,2,Valle d'Aosta / Vallée d'Aoste,Valle d'Aosta,125666,31540,25.1,0.14
3120,2021-04-22,VDA,1067,449,618,684,383,ITC,ITC2,2,Valle d'Aosta / Vallée d'Aoste,Valle d'Aosta,125666,32607,25.95,0.85
3121,2021-04-27,VDA,978,423,555,686,292,ITC,ITC2,2,Valle d'Aosta / Vallée d'Aoste,Valle d'Aosta,125666,33585,26.73,0.78
3122,2021-01-08,VDA,299,130,169,299,0,ITC,ITC2,2,Valle d'Aosta / Vallée d'Aoste,Valle d'Aosta,125666,33884,26.96,0.24
3123,2021-04-25,VDA,849,408,441,710,139,ITC,ITC2,2,Valle d'Aosta / Vallée d'Aoste,Valle d'Aosta,125666,34733,27.64,0.68
3124,2021-01-05,VDA,150,54,96,150,0,ITC,ITC2,2,Valle d'Aosta / Vallée d'Aoste,Valle d'Aosta,125666,34883,27.76,0.12
3125,2021-01-10,VDA,220,71,149,220,0,ITC,ITC2,2,Valle d'Aosta / Vallée d'Aoste,Valle d'Aosta,125666,35103,27.93,0.18
3126,2021-03-03,VDA,255,118,137,187,68,ITC,ITC2,2,Valle d'Aosta / Vallée d'Aoste,Valle d'Aosta,125666,35358,28.14,0.2
3127,2020-12-31,VDA,18,4,14,18,0,ITC,ITC2,2,Valle d'Aosta / Vallée d'Aoste,Valle d'Aosta,125666,35376,28.15,0.01
3128,2021-03-14,VDA,392,200,192,392,0,ITC,ITC2,2,Valle d'Aosta / Vallée d'Aoste,Valle d'Aosta,125666,35768,28.46,0.31
3129,2021-01-06,VDA,65,33,32,65,0,ITC,ITC2,2,Valle d'Aosta / Vallée d'Aoste,Valle d'Aosta,125666,35833,28.51,0.05
3130,2021-04-23,VDA,921,443,478,538,383,ITC,ITC2,2,Valle d'Aosta / Vallée d'Aoste,Valle d'Aosta,125666,36754,29.25,0.73
3131,2021-04-20,VDA,932,430,502,738,194,ITC,ITC2,2,Valle d'Aosta / Vallée d'Aoste,Valle d'Aosta,125666,37686,29.99,0.74
3132,2021-03-12,VDA,531,175,356,305,226,ITC,ITC2,2,Valle d'Aosta / Vallée d'Aoste,Valle d'Aosta,125666,38217,30.41,0.42
3133,2021-05-31,VDA,879,395,484,500,379,ITC,ITC2,2,Valle d'Aosta / Vallée d'Aoste,Valle d'Aosta,125666,39096,31.11,0.7
3134,2021-04-28,VDA,1218,632,586,715,503,ITC,ITC2,2,Valle d'Aosta / Vallée d'Aoste,Valle d'Aosta,125666,40314,32.08,0.97
3135,2021-04-02,VDA,873,344,529,648,225,ITC,ITC2,2,Valle d'Aosta / Vallée d'Aoste,Valle d'Aosta,125666,41187,32.77,0.69
3136,2021-01-12,VDA,302,72,230,302,0,ITC,ITC2,2,Valle d'Aosta / Vallée d'Aoste,Valle d'Aosta,125666,41489,33.02,0.24
3137,2021-03-16,VDA,180,37,143,118,62,ITC,ITC2,2,Valle d'Aosta / Vallée d'Aoste,Valle d'Aosta,125666,41669,33.16,0.14
3138,2021-04-04,VDA,572,253,319,571,1,ITC,ITC2,2,Valle d'Aosta / Vallée d'Aoste,Valle d'Aosta,125666,42241,33.61,0.46
3139,2021-02-11,VDA,231,107,124,222,9,ITC,ITC2,2,Valle d'Aosta / Vallée d'Aoste,Valle d'Aosta,125666,42472,33.8,0.18
3140,2021-03-26,VDA,498,204,294,491,7,ITC,ITC2,2,Valle d'Aosta / Vallée d'Aoste,Valle d'Aosta,125666,42970,34.19,0.4
3141,2021-05-25,VDA,1115,530,585,541,574,ITC,ITC2,2,Valle d'Aosta / Vallée d'Aoste,Valle d'Aosta,125666,44085,35.08,0.89
3142,2020-12-27,VDA,20,9,11,20,0,ITC,ITC2,2,Valle d'Aosta / Vallée d'Aoste,Valle d'Aosta,125666,44105,35.1,0.02
3143,2021-01-15,VDA,218,82,136,218,0,ITC,ITC2,2,Valle d'Aosta / Vallée d'Aoste,Valle d'Aosta,125666,44323,35.27,0.17
3144,2021-04-01,VDA,776,394,382,764,12,ITC,ITC2,2,Valle d'Aosta / Vallée d'Aoste,Valle d'Aosta,125666,45099,35.89,0.62
3145,2021-05-30,VDA,865,429,436,694,171,ITC,ITC2,2,Valle d'Aosta / Vallée d'Aoste,Valle d'Aosta,125666,45964,36.58,0.69
3146,2021-05-21,VDA,917,433,484,531,386,ITC,ITC2,2,Valle d'Aosta / Vallée d'Aoste,Valle d'Aosta,125666,46881,37.31,0.73
3147,2021-05-01,VDA,940,563,377,456,484,ITC,ITC2,2,Valle d'Aosta / Vallée d'Aoste,Valle d'Aosta,125666,47821,38.05,0.75
3148,2021-02-08,VDA,223,83,140,25,198,ITC,ITC2,2,Valle d'Aosta / Vallée d'Aoste,Valle d'Aosta,125666,48044,38.23,0.18
3149,2021-03-24,VDA,515,230,285,258,257,ITC,ITC2,2,Valle d'Aosta / Vallée d'Aoste,Valle d'Aosta,125666,48559,38.64,0.41
3150,2021-02-02,VDA,272,70,202,2,270,ITC,ITC2,2,Valle d'Aosta / Vallée d'Aoste,Valle d'Aosta,125666,48831,38.86,0.22
3151,2021-05-04,VDA,1135,510,625,462,673,ITC,ITC2,2,Valle d'Aosta / Vallée d'Aoste,Valle d'Aosta,125666,49966,39.76,0.9
3152,2021-04-07,VDA,910,474,436,681,229,ITC,ITC2,2,Valle d'Aosta / Vallée d'Aoste,Valle d'Aosta,125666,50876,40.49,0.72
3153,2021-03-22,VDA,560,205,355,333,227,ITC,ITC2,2,Valle d'Aosta / Vallée d'Aoste,Valle d'Aosta,125666,51436,40.93,0.45
3154,2021-05-09,VDA,574,287,287,444,130,ITC,ITC2,2,Valle d'Aosta / Vallée d'Aoste,Valle d'Aosta,125666,52010,41.39,0.46
3155,2021-01-17,VDA,131,56,75,131,0,ITC,ITC2,2,Valle d'Aosta / Vallée d'Aoste,Valle d'Aosta,125666,52141,41.49,0.1
3156,2021-02-10,VDA,248,77,171,141,107,ITC,ITC2,2,Valle d'Aosta / Vallée d'Aoste,Valle d'Aosta,125666,52389,41.69,0.2
3157,2021-03-23,VDA,379,150,229,245,134,ITC,ITC2,2,Valle d'Aosta / Vallée d'Aoste,Valle d'Aosta,125666,52768,41.99,0.3
3158,2021-04-26,VDA,715,327,388,545,170,ITC,ITC2,2,Valle d'Aosta / Vallée d'Aoste,Valle d'Aosta,125666,53483,42.56,0.57
3159,2021-02-15,VDA,264,136,128,229,35,ITC,ITC2,2,Valle d'Aosta / Vallée d'Aoste,Valle d'Aosta,125666,53747,42.77,0.21
3160,2021-05-19,VDA,993,498,495,418,575,ITC,ITC2,2,Valle d'Aosta / Vallée d'Aoste,Valle d'Aosta,125666,54740,43.56,0.79
3161,2021-03-28,VDA,522,212,310,521,1,ITC,ITC2,2,Valle d'Aosta / Vallée d'Aoste,Valle d'Aosta,125666,55262,43.98,0.42
3162,2021-03-19,VDA,322,85,237,286,36,ITC,ITC2,2,Valle d'Aosta / Vallée d'Aoste,Valle d'Aosta,125666,55584,44.23,0.26
3163,2021-05-08,VDA,904,540,364,526,378,ITC,ITC2,2,Valle d'Aosta / Vallée d'Aoste,Valle d'Aosta,125666,56488,44.95,0.72
3164,2021-01-19,VDA,256,77,179,256,0,ITC,ITC2,2,Valle d'Aosta / Vallée d'Aoste,Valle d'Aosta,125666,56744,45.15,0.2
3165,2021-04-13,VDA,373,171,202,329,44,ITC,ITC2,2,Valle d'Aosta / Vallée d'Aoste,Valle d'Aosta,125666,57117,45.45,0.3
3166,2021-01-28,VDA,290,123,167,56,234,ITC,ITC2,2,Valle d'Aosta / Vallée d'Aoste,Valle d'Aosta,125666,57407,45.68,0.23
3167,2021-02-13,VDA,216,196,20,215,1,ITC,ITC2,2,Valle d'Aosta / Vallée d'Aoste,Valle d'Aosta,125666,57623,45.85,0.17
3168,2021-01-27,VDA,151,71,80,79,72,ITC,ITC2,2,Valle d'Aosta / Vallée d'Aoste,Valle d'Aosta,125666,57774,45.97,0.12
3169,2021-02-14,VDA,48,16,32,1,47,ITC,ITC2,2,Valle d'Aosta / Vallée d'Aoste,Valle d'Aosta,125666,57822,46.01,0.04
3170,2021-02-03,VDA,351,114,237,14,337,ITC,ITC2,2,Valle d'Aosta / Vallée d'Aoste,Valle d'Aosta,125666,58173,46.29,0.28
3171,2021-01-26,VDA,139,48,91,0,139,ITC,ITC2,2,Valle d'Aosta / Vallée d'Aoste,Valle d'Aosta,125666,58312,46.4,0.11
3172,2021-02-12,VDA,263,96,167,217,46,ITC,ITC2,2,Valle d'Aosta / Vallée d'Aoste,Valle d'Aosta,125666,58575,46.61,0.21
3173,2021-05-15,VDA,1065,614,451,380,685,ITC,ITC2,2,Valle d'Aosta / Vallée d'Aoste,Valle d'Aosta,125666,59640,47.46,0.85
3174,2021-03-09,VDA,206,96,110,174,32,ITC,ITC2,2,Valle d'Aosta / Vallée d'Aoste,Valle d'Aosta,125666,59846,47.62,0.16
3175,2021-01-25,VDA,147,65,82,0,147,ITC,ITC2,2,Valle d'Aosta / Vallée d'Aoste,Valle d'Aosta,125666,59993,47.74,0.12
3176,2021-04-12,VDA,486,186,300,323,163,ITC,ITC2,2,Valle d'Aosta / Vallée d'Aoste,Valle d'Aosta,125666,60479,48.13,0.39
3177,2021-05-23,VDA,999,465,534,658,341,ITC,ITC2,2,Valle d'Aosta / Vallée d'Aoste,Valle d'Aosta,125666,61478,48.92,0.79
3178,2021-05-03,VDA,839,400,439,488,351,ITC,ITC2,2,Valle d'Aosta / Vallée d'Aoste,Valle d'Aosta,125666,62317,49.59,0.67
3179,2021-05-07,VDA,564,245,319,533,31,ITC,ITC2,2,Valle d'Aosta / Vallée d'Aoste,Valle d'Aosta,125666,62881,50.04,0.45
3180,2021-03-08,VDA,482,231,251,237,245,ITC,ITC2,2,Valle d'Aosta / Vallée d'Aoste,Valle d'Aosta,125666,63363,50.42,0.38
3181,2021-02-01,VDA,404,127,277,87,317,ITC,ITC2,2,Valle d'Aosta / Vallée d'Aoste,Valle d'Aosta,125666,63767,50.74,0.32
3182,2021-03-31,VDA,555,302,253,529,26,ITC,ITC2,2,Valle d'Aosta / Vallée d'Aoste,Valle d'Aosta,125666,64322,51.18,0.44
3183,2021-01-07,VDA,275,111,164,275,0,ITC,ITC2,2,Valle d'Aosta / Vallée d'Aoste,Valle d'Aosta,125666,64597,51.4,0.22
3184,2021-05-29,VDA,798,434,364,561,237,ITC,ITC2,2,Valle d'Aosta / Vallée d'Aoste,Valle d'Aosta,125666,65395,52.04,0.64
3185,2021-03-30,VDA,402,223,179,382,20,ITC,ITC2,2,Valle d'Aosta / Vallée d'Aoste,Valle d'Aosta,125666,65797,52.36,0.32
3186,2021-04-18,VDA,522,254,268,518,4,ITC,ITC2,2,Valle d'Aosta / Vallée d'Aoste,Valle d'Aosta,125666,66319,52.77,0.42
3187,2021-03-05,VDA,275,124,151,53,222,ITC,ITC2,2,Valle d'Aosta / Vallée d'Aoste,Valle d'Aosta,125666,66594,52.99,0.22
3188,2021-01-16,VDA,236,80,156,236,0,ITC,ITC2,2,Valle d'Aosta / Vallée d'Aoste,Valle d'Aosta,125666,66830,53.18,0.19
3189,2021-04-06,VDA,741,381,360,629,112,ITC,ITC2,2,Valle d'Aosta / Vallée d'Aoste,Valle d'Aosta,125666,67571,53.77,0.59
3190,2021-05-17,VDA,809,417,392,375,434,ITC,ITC2,2,Valle d'Aosta / Vallée d'Aoste,Valle d'Aosta,125666,68380,54.41,0.64
3191,2021-02-04,VDA,294,86,208,8,286,ITC,ITC2,2,Valle d'Aosta / Vallée d'Aoste,Valle d'Aosta,125666,68674,54.65,0.23
3192,2021-05-27,VDA,1089,497,592,586,503,ITC,ITC2,2,Valle d'Aosta / Vallée d'Aoste,Valle d'Aosta,125666,69763,55.51,0.87
3193,2021-04-24,VDA,722,400,322,555,167,ITC,ITC2,2,Valle d'Aosta / Vallée d'Aoste,Valle d'Aosta,125666,70485,56.09,0.57
3194,2021-03-21,VDA,355,165,190,355,0,ITC,ITC2,2,Valle d'Aosta / Vallée d'Aoste,Valle d'Aosta,125666,70840,56.37,0.28
3195,2021-05-20,VDA,807,363,444,367,440,ITC,ITC2,2,Valle d'Aosta / Vallée d'Aoste,Valle d'Aosta,125666,71647,57.01,0.64
3196,2021-02-28,VDA,260,86,174,77,183,ITC,ITC2,2,Valle d'Aosta / Vallée d'Aoste,Valle d'Aosta,125666,71907,57.22,0.21
3197,2021-01-31,VDA,291,91,200,58,233,ITC,ITC2,2,Valle d'Aosta / Vallée d'Aoste,Valle d'Aosta,125666,72198,57.45,0.23
3198,2021-04-05,VDA,461,222,239,457,4,ITC,ITC2,2,Valle d'Aosta / Vallée d'Aoste,Valle d'Aosta,125666,72659,57.82,0.37
3199,2021-04-03,VDA,676,341,335,661,15,ITC,ITC2,2,Valle d'Aosta / Vallée d'Aoste,Valle d'Aosta,125666,73335,58.36,0.54
3200,2021-02-18,VDA,349,153,196,261,88,ITC,ITC2,2,Valle d'Aosta / Vallée d'Aoste,Valle d'Aosta,125666,73684,58.63,0.28
3201,2021-02-19,VDA,292,102,190,268,24,ITC,ITC2,2,Valle d'Aosta / Vallée d'Aoste,Valle d'Aosta,125666,73976,58.87,0.23
3202,2021-01-04,VDA,142,59,83,142,0,ITC,ITC2,2,Valle d'Aosta / Vallée d'Aoste,Valle d'Aosta,125666,74118,58.98,0.11
3203,2021-02-25,VDA,201,101,100,194,7,ITC,ITC2,2,Valle d'Aosta / Vallée d'Aoste,Valle d'Aosta,125666,74319,59.14,0.16
