,data,area,Vaccinazioni giornaliere,sesso_maschile,sesso_femminile,prima_dose,seconda_dose,codice_NUTS1,codice_NUTS2,codice_regione_ISTAT,nome_area,Regione,popolazione,Totale vaccinazioni,Totale vaccinazioni ogni cento ab,Vaccinazioni giornaliere ogni cento ab
0,2021-01-18,CAM,957,399,558,713,244,ITF,ITF3,15,Campania,Campania,5801692,957,0.02,0.02
1,2021-04-30,CAM,42228,20131,22097,25782,16446,ITF,ITF3,15,Campania,Campania,5801692,43185,0.74,0.73
2,2021-05-17,CAM,49216,21605,27611,24077,25139,ITF,ITF3,15,Campania,Campania,5801692,92401,1.59,0.85
3,2021-02-04,CAM,7943,3429,4514,1308,6635,ITF,ITF3,15,Campania,Campania,5801692,100344,1.73,0.14
4,2021-01-01,CAM,919,506,413,919,0,ITF,ITF3,15,Campania,Campania,5801692,101263,1.75,0.02
5,2021-04-13,CAM,26599,12682,13917,21069,5530,ITF,ITF3,15,Campania,Campania,5801692,127862,2.2,0.46
6,2021-03-28,CAM,15551,7499,8052,13928,1623,ITF,ITF3,15,Campania,Campania,5801692,143413,2.47,0.27
7,2021-05-16,CAM,51082,23175,27907,33551,17531,ITF,ITF3,15,Campania,Campania,5801692,194495,3.35,0.88
8,2021-02-03,CAM,8903,4003,4900,878,8025,ITF,ITF3,15,Campania,Campania,5801692,203398,3.51,0.15
9,2021-03-11,CAM,17577,8669,8908,10299,7278,ITF,ITF3,15,Campania,Campania,5801692,220975,3.81,0.3
10,2021-02-20,CAM,8573,3080,5493,8270,303,ITF,ITF3,15,Campania,Campania,5801692,229548,3.96,0.15
11,2021-01-30,CAM,10721,5079,5642,38,10683,ITF,ITF3,15,Campania,Campania,5801692,240269,4.14,0.18
12,2021-01-23,CAM,3838,2028,1810,273,3565,ITF,ITF3,15,Campania,Campania,5801692,244107,4.21,0.07
13,2021-04-08,CAM,28264,13637,14627,22430,5834,ITF,ITF3,15,Campania,Campania,5801692,272371,4.69,0.49
14,2021-04-01,CAM,24337,11685,12652,20204,4133,ITF,ITF3,15,Campania,Campania,5801692,296708,5.11,0.42
15,2021-05-21,CAM,63368,29334,34034,43175,20193,ITF,ITF3,15,Campania,Campania,5801692,360076,6.21,1.09
16,2021-04-11,CAM,17521,8604,8917,15439,2082,ITF,ITF3,15,Campania,Campania,5801692,377597,6.51,0.3
17,2021-02-06,CAM,5340,2665,2675,2102,3238,ITF,ITF3,15,Campania,Campania,5801692,382937,6.6,0.09
18,2021-04-28,CAM,36394,17614,18780,26645,9749,ITF,ITF3,15,Campania,Campania,5801692,419331,7.23,0.63
19,2021-01-03,CAM,3837,2009,1828,3837,0,ITF,ITF3,15,Campania,Campania,5801692,423168,7.29,0.07
20,2021-03-25,CAM,19991,9335,10656,16488,3503,ITF,ITF3,15,Campania,Campania,5801692,443159,7.64,0.34
21,2021-01-20,CAM,1257,650,607,1257,0,ITF,ITF3,15,Campania,Campania,5801692,444416,7.66,0.02
22,2021-02-13,CAM,5507,2550,2957,5290,217,ITF,ITF3,15,Campania,Campania,5801692,449923,7.76,0.09
23,2021-04-04,CAM,7958,4012,3946,6914,1044,ITF,ITF3,15,Campania,Campania,5801692,457881,7.89,0.14
24,2021-01-27,CAM,7738,3820,3918,162,7576,ITF,ITF3,15,Campania,Campania,5801692,465619,8.03,0.13
25,2021-03-18,CAM,12172,5378,6794,5984,6188,ITF,ITF3,15,Campania,Campania,5801692,477791,8.24,0.21
26,2021-01-06,CAM,7652,3749,3903,7652,0,ITF,ITF3,15,Campania,Campania,5801692,485443,8.37,0.13
27,2021-02-11,CAM,6278,2704,3574,6212,66,ITF,ITF3,15,Campania,Campania,5801692,491721,8.48,0.11
28,2021-04-16,CAM,34301,16552,17749,23643,10658,ITF,ITF3,15,Campania,Campania,5801692,526022,9.07,0.59
29,2021-02-18,CAM,9080,3812,5268,8372,708,ITF,ITF3,15,Campania,Campania,5801692,535102,9.22,0.16
30,2021-01-15,CAM,4980,2381,2599,4980,0,ITF,ITF3,15,Campania,Campania,5801692,540082,9.31,0.09
31,2021-03-13,CAM,14249,6795,7454,8967,5282,ITF,ITF3,15,Campania,Campania,5801692,554331,9.55,0.25
32,2021-04-25,CAM,30698,15164,15534,25309,5389,ITF,ITF3,15,Campania,Campania,5801692,585029,10.08,0.53
33,2021-01-13,CAM,8020,3666,4354,8020,0,ITF,ITF3,15,Campania,Campania,5801692,593049,10.22,0.14
34,2021-04-18,CAM,27214,13281,13933,18316,8898,ITF,ITF3,15,Campania,Campania,5801692,620263,10.69,0.47
35,2021-01-08,CAM,10455,4968,5487,10455,0,ITF,ITF3,15,Campania,Campania,5801692,630718,10.87,0.18
36,2021-02-27,CAM,13950,4473,9477,12308,1642,ITF,ITF3,15,Campania,Campania,5801692,644668,11.11,0.24
37,2021-05-02,CAM,43472,21532,21940,32133,11339,ITF,ITF3,15,Campania,Campania,5801692,688140,11.86,0.75
38,2021-01-04,CAM,5825,2962,2863,5825,0,ITF,ITF3,15,Campania,Campania,5801692,693965,11.96,0.1
39,2021-03-09,CAM,13878,6636,7242,10095,3783,ITF,ITF3,15,Campania,Campania,5801692,707843,12.2,0.24
40,2021-02-22,CAM,10680,3294,7386,10417,263,ITF,ITF3,15,Campania,Campania,5801692,718523,12.38,0.18
41,2021-04-23,CAM,32296,15506,16790,23161,9135,ITF,ITF3,15,Campania,Campania,5801692,750819,12.94,0.56
42,2021-03-04,CAM,14659,5352,9307,8766,5893,ITF,ITF3,15,Campania,Campania,5801692,765478,13.19,0.25
43,2021-05-24,CAM,31061,14888,16173,16175,14886,ITF,ITF3,15,Campania,Campania,5801692,796539,13.73,0.54
44,2021-05-07,CAM,59697,29176,30521,43763,15934,ITF,ITF3,15,Campania,Campania,5801692,856236,14.76,1.03
45,2021-03-16,CAM,8086,3519,4567,3772,4314,ITF,ITF3,15,Campania,Campania,5801692,864322,14.9,0.14
46,2021-01-25,CAM,5744,2926,2818,164,5580,ITF,ITF3,15,Campania,Campania,5801692,870066,15.0,0.1
47,2021-03-23,CAM,15336,7055,8281,12823,2513,ITF,ITF3,15,Campania,Campania,5801692,885402,15.26,0.26
48,2021-05-19,CAM,51007,22493,28514,34513,16494,ITF,ITF3,15,Campania,Campania,5801692,936409,16.14,0.88
49,2021-05-12,CAM,40790,19909,20881,31656,9134,ITF,ITF3,15,Campania,Campania,5801692,977199,16.84,0.7
50,2021-05-05,CAM,51069,24815,26254,44693,6376,ITF,ITF3,15,Campania,Campania,5801692,1028268,17.72,0.88
51,2021-02-08,CAM,5113,2449,2664,4310,803,ITF,ITF3,15,Campania,Campania,5801692,1033381,17.81,0.09
52,2021-02-01,CAM,3985,1813,2172,110,3875,ITF,ITF3,15,Campania,Campania,5801692,1037366,17.88,0.07
53,2021-03-30,CAM,21729,10272,11457,18771,2958,ITF,ITF3,15,Campania,Campania,5801692,1059095,18.25,0.37
54,2021-01-16,CAM,3369,1675,1694,3369,0,ITF,ITF3,15,Campania,Campania,5801692,1062464,18.31,0.06
55,2021-03-21,CAM,9983,4592,5391,7593,2390,ITF,ITF3,15,Campania,Campania,5801692,1072447,18.49,0.17
56,2021-02-10,CAM,6904,3413,3491,6728,176,ITF,ITF3,15,Campania,Campania,5801692,1079351,18.6,0.12
57,2021-05-28,CAM,23721,11554,12167,7165,16556,ITF,ITF3,15,Campania,Campania,5801692,1103072,19.01,0.41
58,2021-05-14,CAM,60814,27471,33343,36326,24488,ITF,ITF3,15,Campania,Campania,5801692,1163886,20.06,1.05
59,2021-03-20,CAM,13880,6428,7452,10141,3739,ITF,ITF3,15,Campania,Campania,5801692,1177766,20.3,0.24
60,2021-05-09,CAM,43173,20276,22897,32084,11089,ITF,ITF3,15,Campania,Campania,5801692,1220939,21.04,0.74
61,2021-04-27,CAM,32096,15586,16510,24179,7917,ITF,ITF3,15,Campania,Campania,5801692,1253035,21.6,0.55
62,2021-03-22,CAM,12741,5921,6820,10701,2040,ITF,ITF3,15,Campania,Campania,5801692,1265776,21.82,0.22
63,2021-02-07,CAM,2929,1382,1547,2158,771,ITF,ITF3,15,Campania,Campania,5801692,1268705,21.87,0.05
64,2021-05-26,CAM,51966,25355,26611,21106,30860,ITF,ITF3,15,Campania,Campania,5801692,1320671,22.76,0.9
65,2021-03-02,CAM,12756,4554,8202,8411,4345,ITF,ITF3,15,Campania,Campania,5801692,1333427,22.98,0.22
66,2021-01-11,CAM,4072,1871,2201,4072,0,ITF,ITF3,15,Campania,Campania,5801692,1337499,23.05,0.07
67,2020-12-27,CAM,720,422,298,720,0,ITF,ITF3,15,Campania,Campania,5801692,1338219,23.07,0.01
68,2021-04-20,CAM,31987,15488,16499,20682,11305,ITF,ITF3,15,Campania,Campania,5801692,1370206,23.62,0.55
69,2021-03-01,CAM,12130,4247,7883,8017,4113,ITF,ITF3,15,Campania,Campania,5801692,1382336,23.83,0.21
70,2021-04-06,CAM,24372,11421,12951,19851,4521,ITF,ITF3,15,Campania,Campania,5801692,1406708,24.25,0.42
71,2021-02-25,CAM,12425,4478,7947,11237,1188,ITF,ITF3,15,Campania,Campania,5801692,1419133,24.46,0.21
72,2021-04-09,CAM,29844,13965,15879,23717,6127,ITF,ITF3,15,Campania,Campania,5801692,1448977,24.98,0.51
73,2021-01-22,CAM,1524,776,748,673,851,ITF,ITF3,15,Campania,Campania,5801692,1450501,25.0,0.03
74,2021-03-06,CAM,16307,6752,9555,10639,5668,ITF,ITF3,15,Campania,Campania,5801692,1466808,25.28,0.28
75,2021-03-10,CAM,15248,7378,7870,8415,6833,ITF,ITF3,15,Campania,Campania,5801692,1482056,25.55,0.26
76,2021-03-27,CAM,21271,10030,11241,17407,3864,ITF,ITF3,15,Campania,Campania,5801692,1503327,25.91,0.37
77,2021-02-21,CAM,5834,2239,3595,5609,225,ITF,ITF3,15,Campania,Campania,5801692,1509161,26.01,0.1
78,2021-01-05,CAM,7238,3637,3601,7238,0,ITF,ITF3,15,Campania,Campania,5801692,1516399,26.14,0.12
79,2021-02-17,CAM,7388,3210,4178,6328,1060,ITF,ITF3,15,Campania,Campania,5801692,1523787,26.26,0.13
80,2021-03-14,CAM,8502,3721,4781,4363,4139,ITF,ITF3,15,Campania,Campania,5801692,1532289,26.41,0.15
81,2021-04-26,CAM,33992,16632,17360,28369,5623,ITF,ITF3,15,Campania,Campania,5801692,1566281,27.0,0.59
82,2021-03-29,CAM,18947,9134,9813,17401,1546,ITF,ITF3,15,Campania,Campania,5801692,1585228,27.32,0.33
83,2021-05-15,CAM,62583,29006,33577,43918,18665,ITF,ITF3,15,Campania,Campania,5801692,1647811,28.4,1.08
84,2021-02-23,CAM,11003,3388,7615,10477,526,ITF,ITF3,15,Campania,Campania,5801692,1658814,28.59,0.19
85,2021-03-12,CAM,14247,7096,7151,8165,6082,ITF,ITF3,15,Campania,Campania,5801692,1673061,28.84,0.25
86,2021-04-05,CAM,11637,5543,6094,9214,2423,ITF,ITF3,15,Campania,Campania,5801692,1684698,29.04,0.2
87,2021-05-25,CAM,45946,21929,24017,22884,23062,ITF,ITF3,15,Campania,Campania,5801692,1730644,29.83,0.79
88,2021-04-22,CAM,33934,16526,17408,21533,12401,ITF,ITF3,15,Campania,Campania,5801692,1764578,30.41,0.58
89,2021-01-09,CAM,10567,5024,5543,10567,0,ITF,ITF3,15,Campania,Campania,5801692,1775145,30.6,0.18
90,2021-04-17,CAM,36171,17506,18665,24665,11506,ITF,ITF3,15,Campania,Campania,5801692,1811316,31.22,0.62
91,2021-02-19,CAM,9570,3559,6011,8920,650,ITF,ITF3,15,Campania,Campania,5801692,1820886,31.39,0.16
92,2020-12-31,CAM,1490,811,679,1490,0,ITF,ITF3,15,Campania,Campania,5801692,1822376,31.41,0.03
93,2021-02-26,CAM,13339,4230,9109,12004,1335,ITF,ITF3,15,Campania,Campania,5801692,1835715,31.64,0.23
94,2021-04-24,CAM,36313,17511,18802,25073,11240,ITF,ITF3,15,Campania,Campania,5801692,1872028,32.27,0.63
95,2021-04-10,CAM,28341,13486,14855,23427,4914,ITF,ITF3,15,Campania,Campania,5801692,1900369,32.76,0.49
96,2021-01-07,CAM,8910,4166,4744,8910,0,ITF,ITF3,15,Campania,Campania,5801692,1909279,32.91,0.15
97,2021-03-05,CAM,16480,6347,10133,9819,6661,ITF,ITF3,15,Campania,Campania,5801692,1925759,33.19,0.28
98,2021-01-14,CAM,7073,2977,4096,7073,0,ITF,ITF3,15,Campania,Campania,5801692,1932832,33.31,0.12
99,2021-05-22,CAM,67828,32437,35391,46439,21389,ITF,ITF3,15,Campania,Campania,5801692,2000660,34.48,1.17
100,2021-01-19,CAM,1095,474,621,1092,3,ITF,ITF3,15,Campania,Campania,5801692,2001755,34.5,0.02
101,2021-05-18,CAM,52046,23141,28905,32506,19540,ITF,ITF3,15,Campania,Campania,5801692,2053801,35.4,0.9
102,2021-04-29,CAM,41281,20005,21276,24817,16464,ITF,ITF3,15,Campania,Campania,5801692,2095082,36.11,0.71
103,2021-04-14,CAM,27638,13330,14308,19073,8565,ITF,ITF3,15,Campania,Campania,5801692,2122720,36.59,0.48
104,2021-01-02,CAM,3673,1962,1711,3673,0,ITF,ITF3,15,Campania,Campania,5801692,2126393,36.65,0.06
105,2021-04-12,CAM,23304,10917,12387,20266,3038,ITF,ITF3,15,Campania,Campania,5801692,2149697,37.05,0.4
106,2021-02-12,CAM,6529,2861,3668,6343,186,ITF,ITF3,15,Campania,Campania,5801692,2156226,37.17,0.11
107,2021-04-03,CAM,21112,10314,10798,18734,2378,ITF,ITF3,15,Campania,Campania,5801692,2177338,37.53,0.36
108,2021-05-23,CAM,58714,28615,30099,37838,20876,ITF,ITF3,15,Campania,Campania,5801692,2236052,38.54,1.01
109,2021-01-29,CAM,10052,4812,5240,47,10005,ITF,ITF3,15,Campania,Campania,5801692,2246104,38.71,0.17
110,2021-03-19,CAM,11036,4870,6166,7165,3871,ITF,ITF3,15,Campania,Campania,5801692,2257140,38.9,0.19
111,2021-01-28,CAM,8832,4121,4711,134,8698,ITF,ITF3,15,Campania,Campania,5801692,2265972,39.06,0.15
112,2021-05-08,CAM,56332,27094,29238,40525,15807,ITF,ITF3,15,Campania,Campania,5801692,2322304,40.03,0.97
113,2021-02-05,CAM,7260,3463,3797,2133,5127,ITF,ITF3,15,Campania,Campania,5801692,2329564,40.15,0.13
114,2021-01-21,CAM,2092,1115,977,676,1416,ITF,ITF3,15,Campania,Campania,5801692,2331656,40.19,0.04
115,2021-03-26,CAM,19455,8927,10528,15642,3813,ITF,ITF3,15,Campania,Campania,5801692,2351111,40.52,0.34
116,2021-05-01,CAM,46320,22653,23667,30222,16098,ITF,ITF3,15,Campania,Campania,5801692,2397431,41.32,0.8
117,2021-02-15,CAM,5470,2516,2954,5297,173,ITF,ITF3,15,Campania,Campania,5801692,2402901,41.42,0.09
118,2021-01-10,CAM,8165,3736,4429,8165,0,ITF,ITF3,15,Campania,Campania,5801692,2411066,41.56,0.14
119,2021-04-21,CAM,30215,14720,15495,17990,12225,ITF,ITF3,15,Campania,Campania,5801692,2441281,42.08,0.52
120,2021-05-13,CAM,55381,24808,30573,39392,15989,ITF,ITF3,15,Campania,Campania,5801692,2496662,43.03,0.95
121,2021-01-31,CAM,8067,3711,4356,23,8044,ITF,ITF3,15,Campania,Campania,5801692,2504729,43.17,0.14
122,2021-05-04,CAM,48431,23331,25100,39543,8888,ITF,ITF3,15,Campania,Campania,5801692,2553160,44.01,0.83
123,2021-03-31,CAM,22682,10906,11776,19243,3439,ITF,ITF3,15,Campania,Campania,5801692,2575842,44.4,0.39
124,2021-01-24,CAM,4128,2123,2005,383,3745,ITF,ITF3,15,Campania,Campania,5801692,2579970,44.47,0.07
125,2021-03-08,CAM,14539,6715,7824,9763,4776,ITF,ITF3,15,Campania,Campania,5801692,2594509,44.72,0.25
126,2021-05-11,CAM,39867,19243,20624,30499,9368,ITF,ITF3,15,Campania,Campania,5801692,2634376,45.41,0.69
127,2021-04-07,CAM,24756,11782,12974,20033,4723,ITF,ITF3,15,Campania,Campania,5801692,2659132,45.83,0.43
128,2021-04-02,CAM,21730,10409,11321,19409,2321,ITF,ITF3,15,Campania,Campania,5801692,2680862,46.21,0.37
129,2021-02-02,CAM,5723,2804,2919,444,5279,ITF,ITF3,15,Campania,Campania,5801692,2686585,46.31,0.1
130,2021-03-17,CAM,11588,5099,6489,5008,6580,ITF,ITF3,15,Campania,Campania,5801692,2698173,46.51,0.2
131,2021-03-03,CAM,13921,5494,8427,7291,6630,ITF,ITF3,15,Campania,Campania,5801692,2712094,46.75,0.24
132,2021-01-12,CAM,5214,2563,2651,5214,0,ITF,ITF3,15,Campania,Campania,5801692,2717308,46.84,0.09
133,2021-05-06,CAM,57247,27889,29358,42806,14441,ITF,ITF3,15,Campania,Campania,5801692,2774555,47.82,0.99
134,2021-02-28,CAM,10412,3206,7206,8512,1900,ITF,ITF3,15,Campania,Campania,5801692,2784967,48.0,0.18
135,2021-02-14,CAM,3928,1923,2005,3894,34,ITF,ITF3,15,Campania,Campania,5801692,2788895,48.07,0.07
136,2021-04-19,CAM,30718,14816,15902,19151,11567,ITF,ITF3,15,Campania,Campania,5801692,2819613,48.6,0.53
137,2021-02-24,CAM,11787,4149,7638,11099,688,ITF,ITF3,15,Campania,Campania,5801692,2831400,48.8,0.2
138,2021-04-15,CAM,34337,16658,17679,24440,9897,ITF,ITF3,15,Campania,Campania,5801692,2865737,49.39,0.59
139,2021-05-10,CAM,35405,16373,19032,25497,9908,ITF,ITF3,15,Campania,Campania,5801692,2901142,50.01,0.61
140,2021-03-07,CAM,11912,5344,6568,8069,3843,ITF,ITF3,15,Campania,Campania,5801692,2913054,50.21,0.21
141,2021-05-03,CAM,40742,19882,20860,28897,11845,ITF,ITF3,15,Campania,Campania,5801692,2953796,50.91,0.7
142,2021-01-17,CAM,1155,551,604,702,453,ITF,ITF3,15,Campania,Campania,5801692,2954951,50.93,0.02
143,2021-03-15,CAM,12932,6089,6843,8188,4744,ITF,ITF3,15,Campania,Campania,5801692,2967883,51.16,0.22
144,2021-02-16,CAM,5438,2411,3027,4667,771,ITF,ITF3,15,Campania,Campania,5801692,2973321,51.25,0.09
145,2021-02-09,CAM,4643,2202,2441,4391,252,ITF,ITF3,15,Campania,Campania,5801692,2977964,51.33,0.08
146,2021-05-27,CAM,72237,34730,37507,26185,46052,ITF,ITF3,15,Campania,Campania,5801692,3050201,52.57,1.25
147,2021-03-24,CAM,17618,8082,9536,14661,2957,ITF,ITF3,15,Campania,Campania,5801692,3067819,52.88,0.3
148,2021-05-20,CAM,60440,27823,32617,43081,17359,ITF,ITF3,15,Campania,Campania,5801692,3128259,53.92,1.04
149,2021-01-26,CAM,7340,3726,3614,351,6989,ITF,ITF3,15,Campania,Campania,5801692,3135599,54.05,0.13
150,2021-02-24,BAS,1803,743,1060,1734,69,ITF,ITF5,17,Basilicata,Basilicata,559084,1803,0.32,0.32
151,2021-03-13,BAS,1794,888,906,749,1045,ITF,ITF5,17,Basilicata,Basilicata,559084,3597,0.64,0.32
152,2021-02-07,BAS,373,159,214,49,324,ITF,ITF5,17,Basilicata,Basilicata,559084,3970,0.71,0.07
153,2021-05-20,BAS,5855,2965,2890,2891,2964,ITF,ITF5,17,Basilicata,Basilicata,559084,9825,1.76,1.05
154,2021-04-15,BAS,3386,1659,1727,2632,754,ITF,ITF5,17,Basilicata,Basilicata,559084,13211,2.36,0.61
155,2021-01-03,BAS,901,344,557,901,0,ITF,ITF5,17,Basilicata,Basilicata,559084,14112,2.52,0.16
156,2021-03-29,BAS,2435,881,1554,2149,286,ITF,ITF5,17,Basilicata,Basilicata,559084,16547,2.96,0.44
157,2021-01-05,BAS,946,409,537,946,0,ITF,ITF5,17,Basilicata,Basilicata,559084,17493,3.13,0.17
158,2021-03-25,BAS,1879,601,1278,1533,346,ITF,ITF5,17,Basilicata,Basilicata,559084,19372,3.46,0.34
159,2021-05-21,BAS,4647,2353,2294,1546,3101,ITF,ITF5,17,Basilicata,Basilicata,559084,24019,4.3,0.83
160,2021-02-03,BAS,666,300,366,32,634,ITF,ITF5,17,Basilicata,Basilicata,559084,24685,4.42,0.12
161,2021-04-12,BAS,2173,1052,1121,1680,493,ITF,ITF5,17,Basilicata,Basilicata,559084,26858,4.8,0.39
162,2021-02-22,BAS,1790,773,1017,1737,53,ITF,ITF5,17,Basilicata,Basilicata,559084,28648,5.12,0.32
163,2021-05-01,BAS,4701,2135,2566,3950,751,ITF,ITF5,17,Basilicata,Basilicata,559084,33349,5.96,0.84
164,2021-02-26,BAS,2149,904,1245,2069,80,ITF,ITF5,17,Basilicata,Basilicata,559084,35498,6.35,0.38
165,2021-05-18,BAS,5897,2856,3041,3403,2494,ITF,ITF5,17,Basilicata,Basilicata,559084,41395,7.4,1.05
166,2021-04-08,BAS,764,348,416,754,10,ITF,ITF5,17,Basilicata,Basilicata,559084,42159,7.54,0.14
167,2021-05-11,BAS,2655,1353,1302,1621,1034,ITF,ITF5,17,Basilicata,Basilicata,559084,44814,8.02,0.47
168,2021-05-28,BAS,1517,789,728,425,1092,ITF,ITF5,17,Basilicata,Basilicata,559084,46331,8.29,0.27
169,2021-03-22,BAS,1175,531,644,628,547,ITF,ITF5,17,Basilicata,Basilicata,559084,47506,8.5,0.21
170,2021-05-25,BAS,4192,2108,2084,873,3319,ITF,ITF5,17,Basilicata,Basilicata,559084,51698,9.25,0.75
171,2021-05-04,BAS,4134,1990,2144,3611,523,ITF,ITF5,17,Basilicata,Basilicata,559084,55832,9.99,0.74
172,2021-03-08,BAS,1454,709,745,843,611,ITF,ITF5,17,Basilicata,Basilicata,559084,57286,10.25,0.26
173,2021-03-01,BAS,547,284,263,381,166,ITF,ITF5,17,Basilicata,Basilicata,559084,57833,10.34,0.1
174,2021-04-13,BAS,2117,1055,1062,1297,820,ITF,ITF5,17,Basilicata,Basilicata,559084,59950,10.72,0.38
175,2021-05-13,BAS,5982,2966,3016,3385,2597,ITF,ITF5,17,Basilicata,Basilicata,559084,65932,11.79,1.07
176,2021-01-26,BAS,796,352,444,101,695,ITF,ITF5,17,Basilicata,Basilicata,559084,66728,11.94,0.14
177,2021-01-24,BAS,837,300,537,58,779,ITF,ITF5,17,Basilicata,Basilicata,559084,67565,12.08,0.15
178,2021-01-10,BAS,77,24,53,77,0,ITF,ITF5,17,Basilicata,Basilicata,559084,67642,12.1,0.01
179,2021-03-15,BAS,2351,983,1368,521,1830,ITF,ITF5,17,Basilicata,Basilicata,559084,69993,12.52,0.42
180,2021-04-27,BAS,4724,2242,2482,4399,325,ITF,ITF5,17,Basilicata,Basilicata,559084,74717,13.36,0.84
181,2021-01-19,BAS,199,84,115,199,0,ITF,ITF5,17,Basilicata,Basilicata,559084,74916,13.4,0.04
182,2021-03-24,BAS,1745,680,1065,1350,395,ITF,ITF5,17,Basilicata,Basilicata,559084,76661,13.71,0.31
183,2021-01-22,BAS,67,24,43,67,0,ITF,ITF5,17,Basilicata,Basilicata,559084,76728,13.72,0.01
184,2021-05-02,BAS,4180,2000,2180,3552,628,ITF,ITF5,17,Basilicata,Basilicata,559084,80908,14.47,0.75
185,2021-04-17,BAS,3461,1655,1806,2199,1262,ITF,ITF5,17,Basilicata,Basilicata,559084,84369,15.09,0.62
186,2021-04-22,BAS,5037,2346,2691,3434,1603,ITF,ITF5,17,Basilicata,Basilicata,559084,89406,15.99,0.9
187,2021-02-17,BAS,1135,493,642,1059,76,ITF,ITF5,17,Basilicata,Basilicata,559084,90541,16.19,0.2
188,2021-04-05,BAS,723,233,490,421,302,ITF,ITF5,17,Basilicata,Basilicata,559084,91264,16.32,0.13
189,2021-02-14,BAS,151,48,103,151,0,ITF,ITF5,17,Basilicata,Basilicata,559084,91415,16.35,0.03
190,2021-03-03,BAS,1744,814,930,1186,558,ITF,ITF5,17,Basilicata,Basilicata,559084,93159,16.66,0.31
191,2021-01-31,BAS,77,24,53,0,77,ITF,ITF5,17,Basilicata,Basilicata,559084,93236,16.68,0.01
192,2021-04-03,BAS,1807,749,1058,1472,335,ITF,ITF5,17,Basilicata,Basilicata,559084,95043,17.0,0.32
193,2021-02-05,BAS,984,443,541,64,920,ITF,ITF5,17,Basilicata,Basilicata,559084,96027,17.18,0.18
194,2021-05-16,BAS,4969,2466,2503,2858,2111,ITF,ITF5,17,Basilicata,Basilicata,559084,100996,18.06,0.89
195,2021-05-23,BAS,4515,2300,2215,1534,2981,ITF,ITF5,17,Basilicata,Basilicata,559084,105511,18.87,0.81
196,2021-03-27,BAS,2225,849,1376,1816,409,ITF,ITF5,17,Basilicata,Basilicata,559084,107736,19.27,0.4
197,2021-01-07,BAS,640,319,321,640,0,ITF,ITF5,17,Basilicata,Basilicata,559084,108376,19.38,0.11
198,2021-02-19,BAS,1622,737,885,1560,62,ITF,ITF5,17,Basilicata,Basilicata,559084,109998,19.67,0.29
199,2021-02-12,BAS,775,332,443,744,31,ITF,ITF5,17,Basilicata,Basilicata,559084,110773,19.81,0.14
200,2021-04-10,BAS,1032,378,654,950,82,ITF,ITF5,17,Basilicata,Basilicata,559084,111805,20.0,0.18
201,2021-02-10,BAS,547,237,310,495,52,ITF,ITF5,17,Basilicata,Basilicata,559084,112352,20.1,0.1
202,2021-01-27,BAS,411,175,236,113,298,ITF,ITF5,17,Basilicata,Basilicata,559084,112763,20.17,0.07
203,2021-04-01,BAS,2808,1134,1674,2091,717,ITF,ITF5,17,Basilicata,Basilicata,559084,115571,20.67,0.5
204,2021-04-19,BAS,4163,1910,2253,2526,1637,ITF,ITF5,17,Basilicata,Basilicata,559084,119734,21.42,0.74
205,2020-12-27,BAS,106,41,65,106,0,ITF,ITF5,17,Basilicata,Basilicata,559084,119840,21.44,0.02
206,2021-02-15,BAS,622,232,390,580,42,ITF,ITF5,17,Basilicata,Basilicata,559084,120462,21.55,0.11
207,2021-05-27,BAS,3601,1853,1748,1078,2523,ITF,ITF5,17,Basilicata,Basilicata,559084,124063,22.19,0.64
208,2021-05-08,BAS,4837,2399,2438,3430,1407,ITF,ITF5,17,Basilicata,Basilicata,559084,128900,23.06,0.87
209,2021-04-02,BAS,2319,1046,1273,1714,605,ITF,ITF5,17,Basilicata,Basilicata,559084,131219,23.47,0.41
210,2021-03-20,BAS,1287,567,720,275,1012,ITF,ITF5,17,Basilicata,Basilicata,559084,132506,23.7,0.23
211,2021-01-29,BAS,614,229,385,63,551,ITF,ITF5,17,Basilicata,Basilicata,559084,133120,23.81,0.11
212,2021-01-15,BAS,813,350,463,813,0,ITF,ITF5,17,Basilicata,Basilicata,559084,133933,23.96,0.15
213,2021-03-06,BAS,1353,535,818,758,595,ITF,ITF5,17,Basilicata,Basilicata,559084,135286,24.2,0.24
214,2021-05-09,BAS,4686,2341,2345,2991,1695,ITF,ITF5,17,Basilicata,Basilicata,559084,139972,25.04,0.84
215,2021-03-05,BAS,1855,857,998,1109,746,ITF,ITF5,17,Basilicata,Basilicata,559084,141827,25.37,0.33
216,2021-04-24,BAS,4544,2197,2347,3532,1012,ITF,ITF5,17,Basilicata,Basilicata,559084,146371,26.18,0.81
217,2021-01-17,BAS,328,133,195,327,1,ITF,ITF5,17,Basilicata,Basilicata,559084,146699,26.24,0.06
218,2021-04-20,BAS,4034,1921,2113,2203,1831,ITF,ITF5,17,Basilicata,Basilicata,559084,150733,26.96,0.72
219,2021-01-08,BAS,554,219,335,554,0,ITF,ITF5,17,Basilicata,Basilicata,559084,151287,27.06,0.1
220,2021-03-17,BAS,1452,609,843,27,1425,ITF,ITF5,17,Basilicata,Basilicata,559084,152739,27.32,0.26
221,2021-04-29,BAS,4833,2385,2448,4411,422,ITF,ITF5,17,Basilicata,Basilicata,559084,157572,28.18,0.86
222,2021-01-04,BAS,607,271,336,607,0,ITF,ITF5,17,Basilicata,Basilicata,559084,158179,28.29,0.11
223,2021-01-21,BAS,30,10,20,30,0,ITF,ITF5,17,Basilicata,Basilicata,559084,158209,28.3,0.01
224,2021-05-03,BAS,4514,2044,2470,3687,827,ITF,ITF5,17,Basilicata,Basilicata,559084,162723,29.11,0.81
225,2021-03-30,BAS,2739,1156,1583,2394,345,ITF,ITF5,17,Basilicata,Basilicata,559084,165462,29.6,0.49
226,2021-01-16,BAS,721,304,417,721,0,ITF,ITF5,17,Basilicata,Basilicata,559084,166183,29.72,0.13
227,2021-02-28,BAS,804,343,461,775,29,ITF,ITF5,17,Basilicata,Basilicata,559084,166987,29.87,0.14
228,2021-01-09,BAS,557,160,397,557,0,ITF,ITF5,17,Basilicata,Basilicata,559084,167544,29.97,0.1
229,2021-05-07,BAS,4641,2280,2361,3285,1356,ITF,ITF5,17,Basilicata,Basilicata,559084,172185,30.8,0.83
230,2021-03-18,BAS,1349,563,786,25,1324,ITF,ITF5,17,Basilicata,Basilicata,559084,173534,31.04,0.24
231,2021-01-23,BAS,718,303,415,33,685,ITF,ITF5,17,Basilicata,Basilicata,559084,174252,31.17,0.13
232,2021-04-14,BAS,2042,998,1044,1368,674,ITF,ITF5,17,Basilicata,Basilicata,559084,176294,31.53,0.37
233,2021-02-09,BAS,491,213,278,316,175,ITF,ITF5,17,Basilicata,Basilicata,559084,176785,31.62,0.09
234,2021-03-11,BAS,1787,921,866,828,959,ITF,ITF5,17,Basilicata,Basilicata,559084,178572,31.94,0.32
235,2021-01-06,BAS,294,129,165,294,0,ITF,ITF5,17,Basilicata,Basilicata,559084,178866,31.99,0.05
236,2021-03-28,BAS,2139,741,1398,2122,17,ITF,ITF5,17,Basilicata,Basilicata,559084,181005,32.38,0.38
237,2021-01-12,BAS,217,88,129,217,0,ITF,ITF5,17,Basilicata,Basilicata,559084,181222,32.41,0.04
238,2021-03-21,BAS,1046,481,565,352,694,ITF,ITF5,17,Basilicata,Basilicata,559084,182268,32.6,0.19
239,2021-01-13,BAS,916,387,529,916,0,ITF,ITF5,17,Basilicata,Basilicata,559084,183184,32.77,0.16
240,2021-01-30,BAS,704,227,477,128,576,ITF,ITF5,17,Basilicata,Basilicata,559084,183888,32.89,0.13
241,2021-04-28,BAS,4704,2158,2546,4263,441,ITF,ITF5,17,Basilicata,Basilicata,559084,188592,33.73,0.84
242,2021-03-02,BAS,803,389,414,658,145,ITF,ITF5,17,Basilicata,Basilicata,559084,189395,33.88,0.14
243,2021-04-21,BAS,3921,1835,2086,2271,1650,ITF,ITF5,17,Basilicata,Basilicata,559084,193316,34.58,0.7
244,2021-01-25,BAS,1023,429,594,74,949,ITF,ITF5,17,Basilicata,Basilicata,559084,194339,34.76,0.18
245,2021-01-18,BAS,463,157,306,364,99,ITF,ITF5,17,Basilicata,Basilicata,559084,194802,34.84,0.08
246,2021-03-16,BAS,1901,800,1101,228,1673,ITF,ITF5,17,Basilicata,Basilicata,559084,196703,35.18,0.34
247,2021-05-05,BAS,4334,2047,2287,3444,890,ITF,ITF5,17,Basilicata,Basilicata,559084,201037,35.96,0.78
248,2021-03-09,BAS,1392,707,685,788,604,ITF,ITF5,17,Basilicata,Basilicata,559084,202429,36.21,0.25
249,2021-01-11,BAS,183,66,117,183,0,ITF,ITF5,17,Basilicata,Basilicata,559084,202612,36.24,0.03
250,2021-03-10,BAS,1674,837,837,835,839,ITF,ITF5,17,Basilicata,Basilicata,559084,204286,36.54,0.3
251,2021-05-06,BAS,5053,2435,2618,3484,1569,ITF,ITF5,17,Basilicata,Basilicata,559084,209339,37.44,0.9
252,2021-02-02,BAS,367,143,224,175,192,ITF,ITF5,17,Basilicata,Basilicata,559084,209706,37.51,0.07
253,2021-03-14,BAS,1008,477,531,539,469,ITF,ITF5,17,Basilicata,Basilicata,559084,210714,37.69,0.18
254,2021-05-17,BAS,5542,2735,2807,3409,2133,ITF,ITF5,17,Basilicata,Basilicata,559084,216256,38.68,0.99
255,2021-03-12,BAS,1899,976,923,800,1099,ITF,ITF5,17,Basilicata,Basilicata,559084,218155,39.02,0.34
256,2021-01-20,BAS,84,22,62,84,0,ITF,ITF5,17,Basilicata,Basilicata,559084,218239,39.04,0.02
257,2021-02-25,BAS,1787,736,1051,1741,46,ITF,ITF5,17,Basilicata,Basilicata,559084,220026,39.35,0.32
258,2021-02-06,BAS,902,367,535,146,756,ITF,ITF5,17,Basilicata,Basilicata,559084,220928,39.52,0.16
259,2021-04-30,BAS,5284,2373,2911,4121,1163,ITF,ITF5,17,Basilicata,Basilicata,559084,226212,40.46,0.95
260,2021-02-16,BAS,905,377,528,807,98,ITF,ITF5,17,Basilicata,Basilicata,559084,227117,40.62,0.16
261,2021-04-07,BAS,1218,549,669,1181,37,ITF,ITF5,17,Basilicata,Basilicata,559084,228335,40.84,0.22
262,2021-04-06,BAS,1267,461,806,1083,184,ITF,ITF5,17,Basilicata,Basilicata,559084,229602,41.07,0.23
263,2021-02-01,BAS,242,91,151,46,196,ITF,ITF5,17,Basilicata,Basilicata,559084,229844,41.11,0.04
264,2021-05-26,BAS,4474,2248,2226,1707,2767,ITF,ITF5,17,Basilicata,Basilicata,559084,234318,41.91,0.8
265,2021-05-12,BAS,4722,2324,2398,2839,1883,ITF,ITF5,17,Basilicata,Basilicata,559084,239040,42.76,0.84
266,2021-03-23,BAS,1584,608,976,1409,175,ITF,ITF5,17,Basilicata,Basilicata,559084,240624,43.04,0.28
267,2021-02-23,BAS,1901,771,1130,1763,138,ITF,ITF5,17,Basilicata,Basilicata,559084,242525,43.38,0.34
268,2021-03-31,BAS,3095,1258,1837,2313,782,ITF,ITF5,17,Basilicata,Basilicata,559084,245620,43.93,0.55
269,2021-02-08,BAS,557,193,364,151,406,ITF,ITF5,17,Basilicata,Basilicata,559084,246177,44.03,0.1
270,2021-05-19,BAS,2870,1498,1372,1194,1676,ITF,ITF5,17,Basilicata,Basilicata,559084,249047,44.55,0.51
271,2021-04-16,BAS,3320,1633,1687,2421,899,ITF,ITF5,17,Basilicata,Basilicata,559084,252367,45.14,0.59
272,2021-03-19,BAS,2290,992,1298,262,2028,ITF,ITF5,17,Basilicata,Basilicata,559084,254657,45.55,0.41
273,2021-01-28,BAS,903,401,502,119,784,ITF,ITF5,17,Basilicata,Basilicata,559084,255560,45.71,0.16
274,2021-01-14,BAS,969,413,556,969,0,ITF,ITF5,17,Basilicata,Basilicata,559084,256529,45.88,0.17
275,2021-04-25,BAS,2985,1458,1527,2932,53,ITF,ITF5,17,Basilicata,Basilicata,559084,259514,46.42,0.53
276,2021-02-11,BAS,951,401,550,868,83,ITF,ITF5,17,Basilicata,Basilicata,559084,260465,46.59,0.17
277,2021-03-26,BAS,1957,703,1254,1696,261,ITF,ITF5,17,Basilicata,Basilicata,559084,262422,46.94,0.35
278,2021-02-20,BAS,1161,531,630,1043,118,ITF,ITF5,17,Basilicata,Basilicata,559084,263583,47.15,0.21
279,2021-05-24,BAS,4824,2340,2484,1103,3721,ITF,ITF5,17,Basilicata,Basilicata,559084,268407,48.01,0.86
280,2021-05-22,BAS,5506,2730,2776,1954,3552,ITF,ITF5,17,Basilicata,Basilicata,559084,273913,48.99,0.98
281,2021-02-13,BAS,799,313,486,738,61,ITF,ITF5,17,Basilicata,Basilicata,559084,274712,49.14,0.14
282,2021-04-18,BAS,3720,1847,1873,2353,1367,ITF,ITF5,17,Basilicata,Basilicata,559084,278432,49.8,0.67
283,2021-02-18,BAS,1070,401,669,855,215,ITF,ITF5,17,Basilicata,Basilicata,559084,279502,49.99,0.19
284,2021-05-10,BAS,4806,2383,2423,2766,2040,ITF,ITF5,17,Basilicata,Basilicata,559084,284308,50.85,0.86
285,2021-04-23,BAS,4530,2179,2351,3530,1000,ITF,ITF5,17,Basilicata,Basilicata,559084,288838,51.66,0.81
286,2021-01-02,BAS,949,380,569,949,0,ITF,ITF5,17,Basilicata,Basilicata,559084,289787,51.83,0.17
287,2021-04-26,BAS,4464,2164,2300,4244,220,ITF,ITF5,17,Basilicata,Basilicata,559084,294251,52.63,0.8
288,2021-02-21,BAS,284,113,171,284,0,ITF,ITF5,17,Basilicata,Basilicata,559084,294535,52.68,0.05
289,2021-03-07,BAS,887,309,578,849,38,ITF,ITF5,17,Basilicata,Basilicata,559084,295422,52.84,0.16
290,2021-05-14,BAS,5906,2797,3109,3374,2532,ITF,ITF5,17,Basilicata,Basilicata,559084,301328,53.9,1.06
291,2021-02-04,BAS,1095,442,653,63,1032,ITF,ITF5,17,Basilicata,Basilicata,559084,302423,54.09,0.2
292,2021-04-09,BAS,1152,350,802,1089,63,ITF,ITF5,17,Basilicata,Basilicata,559084,303575,54.3,0.21
293,2021-05-15,BAS,6527,3341,3186,3955,2572,ITF,ITF5,17,Basilicata,Basilicata,559084,310102,55.47,1.17
294,2021-02-27,BAS,1991,859,1132,1827,164,ITF,ITF5,17,Basilicata,Basilicata,559084,312093,55.82,0.36
295,2021-04-11,BAS,848,330,518,786,62,ITF,ITF5,17,Basilicata,Basilicata,559084,312941,55.97,0.15
296,2021-04-04,BAS,610,225,385,197,413,ITF,ITF5,17,Basilicata,Basilicata,559084,313551,56.08,0.11
297,2021-03-04,BAS,1877,892,985,1082,795,ITF,ITF5,17,Basilicata,Basilicata,559084,315428,56.42,0.34
298,2021-04-26,LIG,10450,4916,5534,7824,2626,ITC,ITC3,7,Liguria,Liguria,1550640,10450,0.67,0.67
299,2021-02-21,LIG,869,491,378,865,4,ITC,ITC3,7,Liguria,Liguria,1550640,11319,0.73,0.06
300,2021-02-04,LIG,2817,986,1831,179,2638,ITC,ITC3,7,Liguria,Liguria,1550640,14136,0.91,0.18
301,2021-01-18,LIG,2135,745,1390,1978,157,ITC,ITC3,7,Liguria,Liguria,1550640,16271,1.05,0.14
302,2021-03-26,LIG,9122,3854,5268,5968,3154,ITC,ITC3,7,Liguria,Liguria,1550640,25393,1.64,0.59
303,2021-02-18,LIG,2762,1126,1636,2431,331,ITC,ITC3,7,Liguria,Liguria,1550640,28155,1.82,0.18
304,2021-05-14,LIG,12881,5649,7232,8583,4298,ITC,ITC3,7,Liguria,Liguria,1550640,41036,2.65,0.83
305,2021-02-20,LIG,1336,637,699,1335,1,ITC,ITC3,7,Liguria,Liguria,1550640,42372,2.73,0.09
306,2021-03-14,LIG,1658,752,906,1054,604,ITC,ITC3,7,Liguria,Liguria,1550640,44030,2.84,0.11
307,2021-01-23,LIG,809,295,514,153,656,ITC,ITC3,7,Liguria,Liguria,1550640,44839,2.89,0.05
308,2021-05-17,LIG,11805,5356,6449,8514,3291,ITC,ITC3,7,Liguria,Liguria,1550640,56644,3.65,0.76
309,2021-01-30,LIG,1661,567,1094,25,1636,ITC,ITC3,7,Liguria,Liguria,1550640,58305,3.76,0.11
310,2021-03-28,LIG,1142,511,631,391,751,ITC,ITC3,7,Liguria,Liguria,1550640,59447,3.83,0.07
311,2021-02-02,LIG,2668,1005,1663,134,2534,ITC,ITC3,7,Liguria,Liguria,1550640,62115,4.01,0.17
312,2021-05-15,LIG,7151,3180,3971,4298,2853,ITC,ITC3,7,Liguria,Liguria,1550640,69266,4.47,0.46
313,2021-01-16,LIG,1278,557,721,1278,0,ITC,ITC3,7,Liguria,Liguria,1550640,70544,4.55,0.08
314,2021-04-28,LIG,14448,6520,7928,6460,7988,ITC,ITC3,7,Liguria,Liguria,1550640,84992,5.48,0.93
315,2020-12-30,LIG,12,5,7,12,0,ITC,ITC3,7,Liguria,Liguria,1550640,85004,5.48,0.0
316,2021-04-11,LIG,4249,1931,2318,4000,249,ITC,ITC3,7,Liguria,Liguria,1550640,89253,5.76,0.27
317,2021-01-09,LIG,1335,481,854,1335,0,ITC,ITC3,7,Liguria,Liguria,1550640,90588,5.84,0.09
318,2021-04-04,LIG,756,366,390,507,249,ITC,ITC3,7,Liguria,Liguria,1550640,91344,5.89,0.05
319,2021-02-13,LIG,1080,508,572,800,280,ITC,ITC3,7,Liguria,Liguria,1550640,92424,5.96,0.07
320,2021-01-21,LIG,1103,385,718,672,431,ITC,ITC3,7,Liguria,Liguria,1550640,93527,6.03,0.07
321,2021-01-14,LIG,2981,1055,1926,2981,0,ITC,ITC3,7,Liguria,Liguria,1550640,96508,6.22,0.19
322,2021-03-12,LIG,6150,2814,3336,3681,2469,ITC,ITC3,7,Liguria,Liguria,1550640,102658,6.62,0.4
323,2021-01-28,LIG,2847,971,1876,39,2808,ITC,ITC3,7,Liguria,Liguria,1550640,105505,6.8,0.18
324,2021-04-23,LIG,14675,6639,8036,8555,6120,ITC,ITC3,7,Liguria,Liguria,1550640,120180,7.75,0.95
325,2021-04-16,LIG,11973,5281,6692,10162,1811,ITC,ITC3,7,Liguria,Liguria,1550640,132153,8.52,0.77
326,2021-03-11,LIG,6352,3054,3298,4346,2006,ITC,ITC3,7,Liguria,Liguria,1550640,138505,8.93,0.41
327,2021-01-13,LIG,2754,1013,1741,2754,0,ITC,ITC3,7,Liguria,Liguria,1550640,141259,9.11,0.18
328,2021-04-07,LIG,13585,6032,7553,11296,2289,ITC,ITC3,7,Liguria,Liguria,1550640,154844,9.99,0.88
329,2021-02-23,LIG,3806,1559,2247,3697,109,ITC,ITC3,7,Liguria,Liguria,1550640,158650,10.23,0.25
330,2021-03-04,LIG,4738,2118,2620,3891,847,ITC,ITC3,7,Liguria,Liguria,1550640,163388,10.54,0.31
331,2021-05-02,LIG,3872,1768,2104,500,3372,ITC,ITC3,7,Liguria,Liguria,1550640,167260,10.79,0.25
332,2021-01-02,LIG,691,245,446,691,0,ITC,ITC3,7,Liguria,Liguria,1550640,167951,10.83,0.04
333,2021-03-07,LIG,1857,1084,773,1556,301,ITC,ITC3,7,Liguria,Liguria,1550640,169808,10.95,0.12
334,2021-03-09,LIG,5932,2754,3178,4502,1430,ITC,ITC3,7,Liguria,Liguria,1550640,175740,11.33,0.38
335,2021-02-28,LIG,1060,581,479,1051,9,ITC,ITC3,7,Liguria,Liguria,1550640,176800,11.4,0.07
336,2021-04-19,LIG,12812,5617,7195,9003,3809,ITC,ITC3,7,Liguria,Liguria,1550640,189612,12.23,0.83
337,2021-05-24,LIG,11655,5423,6232,9175,2480,ITC,ITC3,7,Liguria,Liguria,1550640,201267,12.98,0.75
338,2021-05-07,LIG,13567,6025,7542,5802,7765,ITC,ITC3,7,Liguria,Liguria,1550640,214834,13.85,0.87
339,2021-05-12,LIG,11938,5353,6585,6598,5340,ITC,ITC3,7,Liguria,Liguria,1550640,226772,14.62,0.77
340,2021-05-19,LIG,13517,5944,7573,10410,3107,ITC,ITC3,7,Liguria,Liguria,1550640,240289,15.5,0.87
341,2021-03-23,LIG,9036,4082,4954,5827,3209,ITC,ITC3,7,Liguria,Liguria,1550640,249325,16.08,0.58
342,2021-02-01,LIG,2558,923,1635,90,2468,ITC,ITC3,7,Liguria,Liguria,1550640,251883,16.24,0.16
343,2021-05-26,LIG,16070,7982,8088,11954,4116,ITC,ITC3,7,Liguria,Liguria,1550640,267953,17.28,1.04
344,2021-03-30,LIG,12147,5379,6768,8758,3389,ITC,ITC3,7,Liguria,Liguria,1550640,280100,18.06,0.78
345,2021-05-10,LIG,12506,5505,7001,6132,6374,ITC,ITC3,7,Liguria,Liguria,1550640,292606,18.87,0.81
346,2021-05-03,LIG,13269,5920,7349,6457,6812,ITC,ITC3,7,Liguria,Liguria,1550640,305875,19.73,0.86
347,2021-03-21,LIG,552,221,331,69,483,ITC,ITC3,7,Liguria,Liguria,1550640,306427,19.76,0.04
348,2021-02-06,LIG,1892,768,1124,145,1747,ITC,ITC3,7,Liguria,Liguria,1550640,308319,19.88,0.12
349,2021-03-19,LIG,5296,2235,3061,2149,3147,ITC,ITC3,7,Liguria,Liguria,1550640,313615,20.22,0.34
350,2021-05-08,LIG,7537,3332,4205,2323,5214,ITC,ITC3,7,Liguria,Liguria,1550640,321152,20.71,0.49
351,2021-02-11,LIG,1974,767,1207,1103,871,ITC,ITC3,7,Liguria,Liguria,1550640,323126,20.84,0.13
352,2021-05-22,LIG,6529,3186,3343,4921,1608,ITC,ITC3,7,Liguria,Liguria,1550640,329655,21.26,0.42
353,2021-04-02,LIG,11671,5117,6554,9185,2486,ITC,ITC3,7,Liguria,Liguria,1550640,341326,22.01,0.75
354,2021-05-27,LIG,16158,8170,7988,12288,3870,ITC,ITC3,7,Liguria,Liguria,1550640,357484,23.05,1.04
355,2021-02-09,LIG,1937,690,1247,257,1680,ITC,ITC3,7,Liguria,Liguria,1550640,359421,23.18,0.12
356,2021-02-16,LIG,2397,954,1443,2004,393,ITC,ITC3,7,Liguria,Liguria,1550640,361818,23.33,0.15
357,2021-04-14,LIG,13029,5659,7370,10826,2203,ITC,ITC3,7,Liguria,Liguria,1550640,374847,24.17,0.84
358,2021-01-04,LIG,2617,855,1762,2617,0,ITC,ITC3,7,Liguria,Liguria,1550640,377464,24.34,0.17
359,2021-03-02,LIG,4074,1689,2385,3764,310,ITC,ITC3,7,Liguria,Liguria,1550640,381538,24.61,0.26
360,2021-04-21,LIG,14245,6432,7813,8922,5323,ITC,ITC3,7,Liguria,Liguria,1550640,395783,25.52,0.92
361,2021-05-05,LIG,13710,6138,7572,5292,8418,ITC,ITC3,7,Liguria,Liguria,1550640,409493,26.41,0.88
362,2021-03-16,LIG,6073,2722,3351,2349,3724,ITC,ITC3,7,Liguria,Liguria,1550640,415566,26.8,0.39
363,2021-01-11,LIG,2654,990,1664,2654,0,ITC,ITC3,7,Liguria,Liguria,1550640,418220,26.97,0.17
364,2021-01-25,LIG,2725,889,1836,478,2247,ITC,ITC3,7,Liguria,Liguria,1550640,420945,27.15,0.18
365,2021-03-31,LIG,11844,5207,6637,9074,2770,ITC,ITC3,7,Liguria,Liguria,1550640,432789,27.91,0.76
366,2021-04-09,LIG,12423,5556,6867,10684,1739,ITC,ITC3,7,Liguria,Liguria,1550640,445212,28.71,0.8
367,2020-12-28,LIG,80,30,50,80,0,ITC,ITC3,7,Liguria,Liguria,1550640,445292,28.72,0.01
368,2021-02-25,LIG,3455,1349,2106,3325,130,ITC,ITC3,7,Liguria,Liguria,1550640,448747,28.94,0.22
369,2021-04-30,LIG,14331,6385,7946,5762,8569,ITC,ITC3,7,Liguria,Liguria,1550640,463078,29.86,0.92
370,2021-03-06,LIG,3304,1842,1462,2599,705,ITC,ITC3,7,Liguria,Liguria,1550640,466382,30.08,0.21
371,2021-01-01,LIG,144,55,89,144,0,ITC,ITC3,7,Liguria,Liguria,1550640,466526,30.09,0.01
372,2021-04-13,LIG,13052,5860,7192,11031,2021,ITC,ITC3,7,Liguria,Liguria,1550640,479578,30.93,0.84
373,2021-03-27,LIG,3921,1538,2383,2525,1396,ITC,ITC3,7,Liguria,Liguria,1550640,483499,31.18,0.25
374,2021-05-13,LIG,13038,5850,7188,8823,4215,ITC,ITC3,7,Liguria,Liguria,1550640,496537,32.02,0.84
375,2021-03-10,LIG,5878,2840,3038,3972,1906,ITC,ITC3,7,Liguria,Liguria,1550640,502415,32.4,0.38
376,2021-04-08,LIG,13727,6157,7570,11683,2044,ITC,ITC3,7,Liguria,Liguria,1550640,516142,33.29,0.89
377,2021-02-17,LIG,2689,1181,1508,2263,426,ITC,ITC3,7,Liguria,Liguria,1550640,518831,33.46,0.17
378,2021-01-05,LIG,2879,896,1983,2879,0,ITC,ITC3,7,Liguria,Liguria,1550640,521710,33.64,0.19
379,2021-04-22,LIG,13823,6196,7627,8749,5074,ITC,ITC3,7,Liguria,Liguria,1550640,535533,34.54,0.89
380,2021-03-25,LIG,9594,4080,5514,6201,3393,ITC,ITC3,7,Liguria,Liguria,1550640,545127,35.15,0.62
381,2021-03-08,LIG,5622,2456,3166,3933,1689,ITC,ITC3,7,Liguria,Liguria,1550640,550749,35.52,0.36
382,2021-02-19,LIG,3213,1305,1908,3037,176,ITC,ITC3,7,Liguria,Liguria,1550640,553962,35.72,0.21
383,2021-04-18,LIG,2584,1151,1433,2115,469,ITC,ITC3,7,Liguria,Liguria,1550640,556546,35.89,0.17
384,2021-01-27,LIG,1744,603,1141,141,1603,ITC,ITC3,7,Liguria,Liguria,1550640,558290,36.0,0.11
385,2021-05-21,LIG,12839,5952,6887,9714,3125,ITC,ITC3,7,Liguria,Liguria,1550640,571129,36.83,0.83
386,2021-03-18,LIG,4982,2124,2858,2009,2973,ITC,ITC3,7,Liguria,Liguria,1550640,576111,37.15,0.32
387,2021-04-01,LIG,12378,5468,6910,9608,2770,ITC,ITC3,7,Liguria,Liguria,1550640,588489,37.95,0.8
388,2021-01-26,LIG,2484,803,1681,13,2471,ITC,ITC3,7,Liguria,Liguria,1550640,590973,38.11,0.16
389,2021-04-17,LIG,7383,3217,4166,6633,750,ITC,ITC3,7,Liguria,Liguria,1550640,598356,38.59,0.48
390,2021-01-07,LIG,3229,1095,2134,3229,0,ITC,ITC3,7,Liguria,Liguria,1550640,601585,38.8,0.21
391,2021-05-01,LIG,7134,3255,3879,1332,5802,ITC,ITC3,7,Liguria,Liguria,1550640,608719,39.26,0.46
392,2021-03-05,LIG,4869,2150,2719,3737,1132,ITC,ITC3,7,Liguria,Liguria,1550640,613588,39.57,0.31
393,2021-04-24,LIG,8170,3785,4385,5018,3152,ITC,ITC3,7,Liguria,Liguria,1550640,621758,40.1,0.53
394,2021-02-26,LIG,3767,1524,2243,3439,328,ITC,ITC3,7,Liguria,Liguria,1550640,625525,40.34,0.24
395,2021-01-06,LIG,1660,616,1044,1660,0,ITC,ITC3,7,Liguria,Liguria,1550640,627185,40.45,0.11
396,2021-01-15,LIG,2256,754,1502,2256,0,ITC,ITC3,7,Liguria,Liguria,1550640,629441,40.59,0.15
397,2021-04-25,LIG,1936,921,1015,1521,415,ITC,ITC3,7,Liguria,Liguria,1550640,631377,40.72,0.12
398,2021-03-13,LIG,3826,1616,2210,2971,855,ITC,ITC3,7,Liguria,Liguria,1550640,635203,40.96,0.25
399,2021-03-20,LIG,2316,995,1321,1142,1174,ITC,ITC3,7,Liguria,Liguria,1550640,637519,41.11,0.15
400,2021-02-22,LIG,3334,1467,1867,3192,142,ITC,ITC3,7,Liguria,Liguria,1550640,640853,41.33,0.22
401,2021-04-27,LIG,14739,6677,8062,7160,7579,ITC,ITC3,7,Liguria,Liguria,1550640,655592,42.28,0.95
402,2021-04-29,LIG,15551,6975,8576,6732,8819,ITC,ITC3,7,Liguria,Liguria,1550640,671143,43.28,1.0
403,2021-01-17,LIG,862,300,562,862,0,ITC,ITC3,7,Liguria,Liguria,1550640,672005,43.34,0.06
404,2021-04-12,LIG,12383,5475,6908,10364,2019,ITC,ITC3,7,Liguria,Liguria,1550640,684388,44.14,0.8
405,2021-01-19,LIG,1371,438,933,1281,90,ITC,ITC3,7,Liguria,Liguria,1550640,685759,44.22,0.09
406,2021-03-24,LIG,8942,3834,5108,5654,3288,ITC,ITC3,7,Liguria,Liguria,1550640,694701,44.8,0.58
407,2021-04-06,LIG,13171,5857,7314,10931,2240,ITC,ITC3,7,Liguria,Liguria,1550640,707872,45.65,0.85
408,2021-02-08,LIG,1977,742,1235,306,1671,ITC,ITC3,7,Liguria,Liguria,1550640,709849,45.78,0.13
409,2020-12-27,LIG,135,56,79,135,0,ITC,ITC3,7,Liguria,Liguria,1550640,709984,45.79,0.01
410,2021-02-15,LIG,2263,839,1424,1866,397,ITC,ITC3,7,Liguria,Liguria,1550640,712247,45.93,0.15
411,2021-01-03,LIG,734,230,504,734,0,ITC,ITC3,7,Liguria,Liguria,1550640,712981,45.98,0.05
412,2021-05-23,LIG,2305,1119,1186,1182,1123,ITC,ITC3,7,Liguria,Liguria,1550640,715286,46.13,0.15
413,2021-04-03,LIG,5406,2498,2908,4463,943,ITC,ITC3,7,Liguria,Liguria,1550640,720692,46.48,0.35
414,2021-02-12,LIG,1931,691,1240,899,1032,ITC,ITC3,7,Liguria,Liguria,1550640,722623,46.6,0.12
415,2021-02-03,LIG,2315,791,1524,55,2260,ITC,ITC3,7,Liguria,Liguria,1550640,724938,46.75,0.15
416,2021-05-16,LIG,3684,1851,1833,2133,1551,ITC,ITC3,7,Liguria,Liguria,1550640,728622,46.99,0.24
417,2021-02-05,LIG,2675,986,1689,304,2371,ITC,ITC3,7,Liguria,Liguria,1550640,731297,47.16,0.17
418,2021-04-10,LIG,7887,3558,4329,6973,914,ITC,ITC3,7,Liguria,Liguria,1550640,739184,47.67,0.51
419,2020-12-31,LIG,989,354,635,989,0,ITC,ITC3,7,Liguria,Liguria,1550640,740173,47.73,0.06
420,2021-04-20,LIG,13775,6304,7471,9426,4349,ITC,ITC3,7,Liguria,Liguria,1550640,753948,48.62,0.89
421,2021-01-10,LIG,648,262,386,648,0,ITC,ITC3,7,Liguria,Liguria,1550640,754596,48.66,0.04
422,2021-03-01,LIG,3507,1430,2077,3385,122,ITC,ITC3,7,Liguria,Liguria,1550640,758103,48.89,0.23
423,2021-01-24,LIG,756,237,519,113,643,ITC,ITC3,7,Liguria,Liguria,1550640,758859,48.94,0.05
424,2021-03-15,LIG,7299,3075,4224,4598,2701,ITC,ITC3,7,Liguria,Liguria,1550640,766158,49.41,0.47
425,2021-05-09,LIG,2822,1242,1580,1112,1710,ITC,ITC3,7,Liguria,Liguria,1550640,768980,49.59,0.18
426,2021-01-22,LIG,1818,604,1214,1332,486,ITC,ITC3,7,Liguria,Liguria,1550640,770798,49.71,0.12
427,2021-05-04,LIG,13603,6081,7522,5376,8227,ITC,ITC3,7,Liguria,Liguria,1550640,784401,50.59,0.88
428,2021-04-05,LIG,3976,1751,2225,2327,1649,ITC,ITC3,7,Liguria,Liguria,1550640,788377,50.84,0.26
429,2021-01-20,LIG,1550,555,995,1538,12,ITC,ITC3,7,Liguria,Liguria,1550640,789927,50.94,0.1
430,2021-01-29,LIG,3079,1064,2015,67,3012,ITC,ITC3,7,Liguria,Liguria,1550640,793006,51.14,0.2
431,2021-05-11,LIG,13659,6173,7486,7068,6591,ITC,ITC3,7,Liguria,Liguria,1550640,806665,52.02,0.88
432,2021-03-29,LIG,10440,4511,5929,7310,3130,ITC,ITC3,7,Liguria,Liguria,1550640,817105,52.69,0.67
433,2021-01-08,LIG,2926,999,1927,2926,0,ITC,ITC3,7,Liguria,Liguria,1550640,820031,52.88,0.19
434,2021-02-27,LIG,1888,921,967,1759,129,ITC,ITC3,7,Liguria,Liguria,1550640,821919,53.01,0.12
435,2021-02-10,LIG,2312,837,1475,1020,1292,ITC,ITC3,7,Liguria,Liguria,1550640,824231,53.15,0.15
436,2021-05-06,LIG,14475,6408,8067,6174,8301,ITC,ITC3,7,Liguria,Liguria,1550640,838706,54.09,0.93
437,2021-03-17,LIG,5553,2369,3184,2474,3079,ITC,ITC3,7,Liguria,Liguria,1550640,844259,54.45,0.36
438,2021-05-28,LIG,4770,2436,2334,3231,1539,ITC,ITC3,7,Liguria,Liguria,1550640,849029,54.75,0.31
439,2021-04-15,LIG,11819,5220,6599,9967,1852,ITC,ITC3,7,Liguria,Liguria,1550640,860848,55.52,0.76
440,2021-03-03,LIG,4582,1847,2735,3556,1026,ITC,ITC3,7,Liguria,Liguria,1550640,865430,55.81,0.3
441,2021-02-24,LIG,3763,1560,2203,3505,258,ITC,ITC3,7,Liguria,Liguria,1550640,869193,56.05,0.24
442,2020-12-29,LIG,125,33,92,125,0,ITC,ITC3,7,Liguria,Liguria,1550640,869318,56.06,0.01
443,2021-01-12,LIG,2460,886,1574,2460,0,ITC,ITC3,7,Liguria,Liguria,1550640,871778,56.22,0.16
444,2021-05-25,LIG,13691,6589,7102,10721,2970,ITC,ITC3,7,Liguria,Liguria,1550640,885469,57.1,0.88
445,2021-03-22,LIG,7666,3401,4265,4730,2936,ITC,ITC3,7,Liguria,Liguria,1550640,893135,57.6,0.49
446,2021-05-18,LIG,13331,6016,7315,10045,3286,ITC,ITC3,7,Liguria,Liguria,1550640,906466,58.46,0.86
447,2021-02-14,LIG,233,122,111,233,0,ITC,ITC3,7,Liguria,Liguria,1550640,906699,58.47,0.02
448,2021-02-07,LIG,407,153,254,2,405,ITC,ITC3,7,Liguria,Liguria,1550640,907106,58.5,0.03
449,2021-05-20,LIG,12808,5939,6869,8791,4017,ITC,ITC3,7,Liguria,Liguria,1550640,919914,59.32,0.83
450,2021-01-31,LIG,624,270,354,9,615,ITC,ITC3,7,Liguria,Liguria,1550640,920538,59.37,0.04
451,2021-05-12,LAZ,47390,21469,25921,30877,16513,ITI,ITI4,12,Lazio,Lazio,5879082,47390,0.81,0.81
452,2021-01-30,LAZ,7009,2891,4118,807,6202,ITI,ITI4,12,Lazio,Lazio,5879082,54399,0.93,0.12
453,2021-01-13,LAZ,5671,2145,3526,5671,0,ITI,ITI4,12,Lazio,Lazio,5879082,60070,1.02,0.1
454,2021-04-25,LAZ,24470,11198,13272,16660,7810,ITI,ITI4,12,Lazio,Lazio,5879082,84540,1.44,0.42
455,2020-12-27,LAZ,273,131,142,273,0,ITI,ITI4,12,Lazio,Lazio,5879082,84813,1.44,0.0
456,2021-04-08,LAZ,26647,12172,14475,18965,7682,ITI,ITI4,12,Lazio,Lazio,5879082,111460,1.9,0.45
457,2021-03-21,LAZ,17857,6826,11031,12807,5050,ITI,ITI4,12,Lazio,Lazio,5879082,129317,2.2,0.3
458,2021-04-09,LAZ,27295,12266,15029,19074,8221,ITI,ITI4,12,Lazio,Lazio,5879082,156612,2.66,0.46
459,2021-03-04,LAZ,18653,8014,10639,13637,5016,ITI,ITI4,12,Lazio,Lazio,5879082,175265,2.98,0.32
460,2020-12-30,LAZ,1630,629,1001,1630,0,ITI,ITI4,12,Lazio,Lazio,5879082,176895,3.01,0.03
461,2021-03-06,LAZ,18291,7047,11244,14034,4257,ITI,ITI4,12,Lazio,Lazio,5879082,195186,3.32,0.31
462,2021-01-29,LAZ,8042,3079,4963,813,7229,ITI,ITI4,12,Lazio,Lazio,5879082,203228,3.46,0.14
463,2021-04-30,LAZ,41224,18256,22968,27057,14167,ITI,ITI4,12,Lazio,Lazio,5879082,244452,4.16,0.7
464,2021-05-07,LAZ,48106,22552,25554,30406,17700,ITI,ITI4,12,Lazio,Lazio,5879082,292558,4.98,0.82
465,2021-03-18,LAZ,14224,6077,8147,7834,6390,ITI,ITI4,12,Lazio,Lazio,5879082,306782,5.22,0.24
466,2021-02-03,LAZ,6488,2488,4000,964,5524,ITI,ITI4,12,Lazio,Lazio,5879082,313270,5.33,0.11
467,2021-02-18,LAZ,10017,4976,5041,9208,809,ITI,ITI4,12,Lazio,Lazio,5879082,323287,5.5,0.17
468,2021-04-23,LAZ,37619,18054,19565,22385,15234,ITI,ITI4,12,Lazio,Lazio,5879082,360906,6.14,0.64
469,2021-02-01,LAZ,5675,2177,3498,354,5321,ITI,ITI4,12,Lazio,Lazio,5879082,366581,6.24,0.1
470,2021-04-06,LAZ,23876,10652,13224,16774,7102,ITI,ITI4,12,Lazio,Lazio,5879082,390457,6.64,0.41
471,2021-01-15,LAZ,6572,2704,3868,6572,0,ITI,ITI4,12,Lazio,Lazio,5879082,397029,6.75,0.11
472,2021-03-20,LAZ,18223,6810,11413,12339,5884,ITI,ITI4,12,Lazio,Lazio,5879082,415252,7.06,0.31
473,2021-04-16,LAZ,34391,15674,18717,22332,12059,ITI,ITI4,12,Lazio,Lazio,5879082,449643,7.65,0.58
474,2021-02-25,LAZ,12655,5518,7137,11605,1050,ITI,ITI4,12,Lazio,Lazio,5879082,462298,7.86,0.22
475,2021-05-21,LAZ,50199,23584,26615,37378,12821,ITI,ITI4,12,Lazio,Lazio,5879082,512497,8.72,0.85
476,2021-03-27,LAZ,26009,10395,15614,19539,6470,ITI,ITI4,12,Lazio,Lazio,5879082,538506,9.16,0.44
477,2021-05-23,LAZ,46945,22707,24238,39683,7262,ITI,ITI4,12,Lazio,Lazio,5879082,585451,9.96,0.8
478,2021-05-09,LAZ,37521,17248,20273,26256,11265,ITI,ITI4,12,Lazio,Lazio,5879082,622972,10.6,0.64
479,2021-05-16,LAZ,50893,24505,26388,37419,13474,ITI,ITI4,12,Lazio,Lazio,5879082,673865,11.46,0.87
480,2021-05-17,LAZ,43762,19981,23781,35327,8435,ITI,ITI4,12,Lazio,Lazio,5879082,717627,12.21,0.74
481,2021-02-11,LAZ,6999,3013,3986,6468,531,ITI,ITI4,12,Lazio,Lazio,5879082,724626,12.33,0.12
482,2021-05-24,LAZ,42717,19112,23605,33980,8737,ITI,ITI4,12,Lazio,Lazio,5879082,767343,13.05,0.73
483,2021-02-06,LAZ,6136,2474,3662,817,5319,ITI,ITI4,12,Lazio,Lazio,5879082,773479,13.16,0.1
484,2021-04-11,LAZ,19115,8431,10684,13234,5881,ITI,ITI4,12,Lazio,Lazio,5879082,792594,13.48,0.33
485,2021-02-13,LAZ,6608,2626,3982,6194,414,ITI,ITI4,12,Lazio,Lazio,5879082,799202,13.59,0.11
486,2021-01-08,LAZ,7727,2894,4833,7727,0,ITI,ITI4,12,Lazio,Lazio,5879082,806929,13.73,0.13
487,2021-01-01,LAZ,3554,1382,2172,3554,0,ITI,ITI4,12,Lazio,Lazio,5879082,810483,13.79,0.06
488,2021-03-28,LAZ,18837,7541,11296,13527,5310,ITI,ITI4,12,Lazio,Lazio,5879082,829320,14.11,0.32
489,2021-04-27,LAZ,30608,13808,16800,19771,10837,ITI,ITI4,12,Lazio,Lazio,5879082,859928,14.63,0.52
490,2021-02-22,LAZ,11457,4990,6467,10955,502,ITI,ITI4,12,Lazio,Lazio,5879082,871385,14.82,0.19
491,2021-05-26,LAZ,45738,20395,25343,34860,10878,ITI,ITI4,12,Lazio,Lazio,5879082,917123,15.6,0.78
492,2021-03-23,LAZ,23496,10225,13271,16919,6577,ITI,ITI4,12,Lazio,Lazio,5879082,940619,16.0,0.4
493,2021-02-15,LAZ,8024,3540,4484,7393,631,ITI,ITI4,12,Lazio,Lazio,5879082,948643,16.14,0.14
494,2021-05-28,LAZ,22003,10146,11857,17223,4780,ITI,ITI4,12,Lazio,Lazio,5879082,970646,16.51,0.37
495,2021-02-17,LAZ,9181,4603,4578,8307,874,ITI,ITI4,12,Lazio,Lazio,5879082,979827,16.67,0.16
496,2021-01-23,LAZ,7212,2869,4343,583,6629,ITI,ITI4,12,Lazio,Lazio,5879082,987039,16.79,0.12
497,2021-01-06,LAZ,5122,1961,3161,5122,0,ITI,ITI4,12,Lazio,Lazio,5879082,992161,16.88,0.09
498,2021-04-01,LAZ,28404,13047,15357,21264,7140,ITI,ITI4,12,Lazio,Lazio,5879082,1020565,17.36,0.48
499,2021-04-15,LAZ,31909,14301,17608,21105,10804,ITI,ITI4,12,Lazio,Lazio,5879082,1052474,17.9,0.54
500,2021-02-10,LAZ,8187,3398,4789,4850,3337,ITI,ITI4,12,Lazio,Lazio,5879082,1060661,18.04,0.14
501,2021-03-16,LAZ,13538,5732,7806,7094,6444,ITI,ITI4,12,Lazio,Lazio,5879082,1074199,18.27,0.23
502,2021-03-09,LAZ,20870,8938,11932,15673,5197,ITI,ITI4,12,Lazio,Lazio,5879082,1095069,18.63,0.35
503,2021-01-11,LAZ,5529,2104,3425,5529,0,ITI,ITI4,12,Lazio,Lazio,5879082,1100598,18.72,0.09
504,2021-05-05,LAZ,46702,21424,25278,30898,15804,ITI,ITI4,12,Lazio,Lazio,5879082,1147300,19.51,0.79
505,2021-03-02,LAZ,16989,7431,9558,13055,3934,ITI,ITI4,12,Lazio,Lazio,5879082,1164289,19.8,0.29
506,2021-04-28,LAZ,32836,14989,17847,21292,11544,ITI,ITI4,12,Lazio,Lazio,5879082,1197125,20.36,0.56
507,2021-01-25,LAZ,8111,3246,4865,770,7341,ITI,ITI4,12,Lazio,Lazio,5879082,1205236,20.5,0.14
508,2021-01-18,LAZ,6265,2556,3709,5287,978,ITI,ITI4,12,Lazio,Lazio,5879082,1211501,20.61,0.11
509,2021-03-11,LAZ,23786,10574,13212,17557,6229,ITI,ITI4,12,Lazio,Lazio,5879082,1235287,21.01,0.4
510,2021-01-20,LAZ,4806,1942,2864,3263,1543,ITI,ITI4,12,Lazio,Lazio,5879082,1240093,21.09,0.08
511,2021-05-14,LAZ,50715,23146,27569,32511,18204,ITI,ITI4,12,Lazio,Lazio,5879082,1290808,21.96,0.86
512,2021-03-25,LAZ,26912,11510,15402,20311,6601,ITI,ITI4,12,Lazio,Lazio,5879082,1317720,22.41,0.46
513,2021-01-27,LAZ,6114,2387,3727,997,5117,ITI,ITI4,12,Lazio,Lazio,5879082,1323834,22.52,0.1
514,2021-04-18,LAZ,23772,10556,13216,16138,7634,ITI,ITI4,12,Lazio,Lazio,5879082,1347606,22.92,0.4
515,2021-05-02,LAZ,32620,14333,18287,23259,9361,ITI,ITI4,12,Lazio,Lazio,5879082,1380226,23.48,0.55
516,2021-02-27,LAZ,11427,4268,7159,10472,955,ITI,ITI4,12,Lazio,Lazio,5879082,1391653,23.67,0.19
517,2021-03-13,LAZ,21417,8410,13007,15523,5894,ITI,ITI4,12,Lazio,Lazio,5879082,1413070,24.04,0.36
518,2021-01-22,LAZ,4002,1633,2369,487,3515,ITI,ITI4,12,Lazio,Lazio,5879082,1417072,24.1,0.07
519,2021-04-13,LAZ,25657,11868,13789,17953,7704,ITI,ITI4,12,Lazio,Lazio,5879082,1442729,24.54,0.44
520,2021-01-03,LAZ,5250,1972,3278,5250,0,ITI,ITI4,12,Lazio,Lazio,5879082,1447979,24.63,0.09
521,2021-01-10,LAZ,4039,1700,2339,4039,0,ITI,ITI4,12,Lazio,Lazio,5879082,1452018,24.7,0.07
522,2021-04-20,LAZ,30990,14225,16765,19710,11280,ITI,ITI4,12,Lazio,Lazio,5879082,1483008,25.23,0.53
523,2021-03-08,LAZ,20062,8314,11748,14789,5273,ITI,ITI4,12,Lazio,Lazio,5879082,1503070,25.57,0.34
524,2021-01-04,LAZ,7481,2908,4573,7481,0,ITI,ITI4,12,Lazio,Lazio,5879082,1510551,25.69,0.13
525,2021-03-30,LAZ,25256,11584,13672,18108,7148,ITI,ITI4,12,Lazio,Lazio,5879082,1535807,26.12,0.43
526,2021-05-19,LAZ,46428,21199,25229,36627,9801,ITI,ITI4,12,Lazio,Lazio,5879082,1582235,26.91,0.79
527,2021-02-08,LAZ,9739,4153,5586,4508,5231,ITI,ITI4,12,Lazio,Lazio,5879082,1591974,27.08,0.17
528,2021-04-04,LAZ,17463,8036,9427,12197,5266,ITI,ITI4,12,Lazio,Lazio,5879082,1609437,27.38,0.3
529,2021-02-20,LAZ,9203,4272,4931,8436,767,ITI,ITI4,12,Lazio,Lazio,5879082,1618640,27.53,0.16
530,2021-03-01,LAZ,17086,7345,9741,13201,3885,ITI,ITI4,12,Lazio,Lazio,5879082,1635726,27.82,0.29
531,2021-03-22,LAZ,21695,9064,12631,15034,6661,ITI,ITI4,12,Lazio,Lazio,5879082,1657421,28.19,0.37
532,2021-03-05,LAZ,18792,7962,10830,14060,4732,ITI,ITI4,12,Lazio,Lazio,5879082,1676213,28.51,0.32
533,2021-05-25,LAZ,46063,21132,24931,35363,10700,ITI,ITI4,12,Lazio,Lazio,5879082,1722276,29.29,0.78
534,2021-04-12,LAZ,23756,10676,13080,16859,6897,ITI,ITI4,12,Lazio,Lazio,5879082,1746032,29.7,0.4
535,2021-02-21,LAZ,6986,3178,3808,6525,461,ITI,ITI4,12,Lazio,Lazio,5879082,1753018,29.82,0.12
536,2021-02-28,LAZ,10248,4007,6241,9734,514,ITI,ITI4,12,Lazio,Lazio,5879082,1763266,29.99,0.17
537,2021-01-09,LAZ,6294,2561,3733,6294,0,ITI,ITI4,12,Lazio,Lazio,5879082,1769560,30.1,0.11
538,2020-12-29,LAZ,488,176,312,488,0,ITI,ITI4,12,Lazio,Lazio,5879082,1770048,30.11,0.01
539,2021-03-24,LAZ,25878,11298,14580,19641,6237,ITI,ITI4,12,Lazio,Lazio,5879082,1795926,30.55,0.44
540,2021-05-27,LAZ,55659,25088,30571,43552,12107,ITI,ITI4,12,Lazio,Lazio,5879082,1851585,31.49,0.95
541,2021-03-07,LAZ,14099,5435,8664,10506,3593,ITI,ITI4,12,Lazio,Lazio,5879082,1865684,31.73,0.24
542,2021-05-10,LAZ,44118,20107,24011,30748,13370,ITI,ITI4,12,Lazio,Lazio,5879082,1909802,32.48,0.75
543,2021-05-04,LAZ,39746,18278,21468,26272,13474,ITI,ITI4,12,Lazio,Lazio,5879082,1949548,33.16,0.68
544,2021-02-24,LAZ,12047,5204,6843,11053,994,ITI,ITI4,12,Lazio,Lazio,5879082,1961595,33.37,0.2
545,2021-01-05,LAZ,7374,2802,4572,7374,0,ITI,ITI4,12,Lazio,Lazio,5879082,1968969,33.49,0.13
546,2021-02-07,LAZ,4942,2023,2919,387,4555,ITI,ITI4,12,Lazio,Lazio,5879082,1973911,33.58,0.08
547,2021-05-03,LAZ,39092,17637,21455,26527,12565,ITI,ITI4,12,Lazio,Lazio,5879082,2013003,34.24,0.66
548,2021-03-14,LAZ,17084,6606,10478,11930,5154,ITI,ITI4,12,Lazio,Lazio,5879082,2030087,34.53,0.29
549,2021-02-12,LAZ,6843,2845,3998,6432,411,ITI,ITI4,12,Lazio,Lazio,5879082,2036930,34.65,0.12
550,2021-04-10,LAZ,23808,10314,13494,16626,7182,ITI,ITI4,12,Lazio,Lazio,5879082,2060738,35.05,0.4
551,2021-02-05,LAZ,7276,2960,4316,1182,6094,ITI,ITI4,12,Lazio,Lazio,5879082,2068014,35.18,0.12
552,2021-04-03,LAZ,24687,11094,13593,17988,6699,ITI,ITI4,12,Lazio,Lazio,5879082,2092701,35.6,0.42
553,2020-12-31,LAZ,5293,2121,3172,5293,0,ITI,ITI4,12,Lazio,Lazio,5879082,2097994,35.69,0.09
554,2021-02-19,LAZ,10312,5198,5114,9463,849,ITI,ITI4,12,Lazio,Lazio,5879082,2108306,35.86,0.18
555,2021-05-15,LAZ,57034,27242,29792,40611,16423,ITI,ITI4,12,Lazio,Lazio,5879082,2165340,36.83,0.97
556,2021-03-19,LAZ,17214,7363,9851,10887,6327,ITI,ITI4,12,Lazio,Lazio,5879082,2182554,37.12,0.29
557,2021-02-04,LAZ,6302,2481,3821,987,5315,ITI,ITI4,12,Lazio,Lazio,5879082,2188856,37.23,0.11
558,2021-05-11,LAZ,47894,21958,25936,31511,16383,ITI,ITI4,12,Lazio,Lazio,5879082,2236750,38.05,0.81
559,2021-01-31,LAZ,4458,1853,2605,475,3983,ITI,ITI4,12,Lazio,Lazio,5879082,2241208,38.12,0.08
560,2021-05-13,LAZ,49482,22169,27313,31853,17629,ITI,ITI4,12,Lazio,Lazio,5879082,2290690,38.96,0.84
561,2021-04-07,LAZ,24957,11318,13639,17653,7304,ITI,ITI4,12,Lazio,Lazio,5879082,2315647,39.39,0.42
562,2021-02-02,LAZ,5909,2213,3696,637,5272,ITI,ITI4,12,Lazio,Lazio,5879082,2321556,39.49,0.1
563,2020-12-28,LAZ,959,412,547,959,0,ITI,ITI4,12,Lazio,Lazio,5879082,2322515,39.5,0.02
564,2021-04-21,LAZ,32973,14973,18000,20611,12362,ITI,ITI4,12,Lazio,Lazio,5879082,2355488,40.07,0.56
565,2021-02-26,LAZ,13076,5700,7376,11714,1362,ITI,ITI4,12,Lazio,Lazio,5879082,2368564,40.29,0.22
566,2021-05-01,LAZ,37910,17063,20847,25967,11943,ITI,ITI4,12,Lazio,Lazio,5879082,2406474,40.93,0.64
567,2021-04-17,LAZ,32302,14175,18127,20357,11945,ITI,ITI4,12,Lazio,Lazio,5879082,2438776,41.48,0.55
568,2021-03-12,LAZ,22892,10126,12766,16578,6314,ITI,ITI4,12,Lazio,Lazio,5879082,2461668,41.87,0.39
569,2021-01-21,LAZ,5600,2348,3252,548,5052,ITI,ITI4,12,Lazio,Lazio,5879082,2467268,41.97,0.1
570,2021-01-07,LAZ,7746,2902,4844,7746,0,ITI,ITI4,12,Lazio,Lazio,5879082,2475014,42.1,0.13
571,2021-04-24,LAZ,33268,14965,18303,20522,12746,ITI,ITI4,12,Lazio,Lazio,5879082,2508282,42.66,0.57
572,2021-01-14,LAZ,5456,2136,3320,5456,0,ITI,ITI4,12,Lazio,Lazio,5879082,2513738,42.76,0.09
573,2021-04-26,LAZ,29135,13401,15734,19933,9202,ITI,ITI4,12,Lazio,Lazio,5879082,2542873,43.25,0.5
574,2021-01-16,LAZ,5642,2280,3362,5642,0,ITI,ITI4,12,Lazio,Lazio,5879082,2548515,43.35,0.1
575,2021-02-16,LAZ,8354,4033,4321,7749,605,ITI,ITI4,12,Lazio,Lazio,5879082,2556869,43.49,0.14
576,2021-05-20,LAZ,50641,24160,26481,37404,13237,ITI,ITI4,12,Lazio,Lazio,5879082,2607510,44.35,0.86
577,2021-02-09,LAZ,8797,3768,5029,4580,4217,ITI,ITI4,12,Lazio,Lazio,5879082,2616307,44.5,0.15
578,2021-03-31,LAZ,26107,12045,14062,19015,7092,ITI,ITI4,12,Lazio,Lazio,5879082,2642414,44.95,0.44
579,2021-02-23,LAZ,11087,4780,6307,10326,761,ITI,ITI4,12,Lazio,Lazio,5879082,2653501,45.13,0.19
580,2021-01-17,LAZ,4894,2028,2866,4682,212,ITI,ITI4,12,Lazio,Lazio,5879082,2658395,45.22,0.08
581,2021-04-29,LAZ,38535,17195,21340,25321,13214,ITI,ITI4,12,Lazio,Lazio,5879082,2696930,45.87,0.66
582,2021-01-26,LAZ,7958,3125,4833,724,7234,ITI,ITI4,12,Lazio,Lazio,5879082,2704888,46.01,0.14
583,2021-05-08,LAZ,45161,20604,24557,29803,15358,ITI,ITI4,12,Lazio,Lazio,5879082,2750049,46.78,0.77
584,2021-03-26,LAZ,28225,12251,15974,21382,6843,ITI,ITI4,12,Lazio,Lazio,5879082,2778274,47.26,0.48
585,2021-03-03,LAZ,17391,7434,9957,13097,4294,ITI,ITI4,12,Lazio,Lazio,5879082,2795665,47.55,0.3
586,2021-05-06,LAZ,48617,22612,26005,31097,17520,ITI,ITI4,12,Lazio,Lazio,5879082,2844282,48.38,0.83
587,2021-01-19,LAZ,4768,1954,2814,4314,454,ITI,ITI4,12,Lazio,Lazio,5879082,2849050,48.46,0.08
588,2021-04-02,LAZ,28532,13368,15164,21204,7328,ITI,ITI4,12,Lazio,Lazio,5879082,2877582,48.95,0.49
589,2021-01-28,LAZ,8279,3165,5114,782,7497,ITI,ITI4,12,Lazio,Lazio,5879082,2885861,49.09,0.14
590,2021-03-15,LAZ,19273,8330,10943,12534,6739,ITI,ITI4,12,Lazio,Lazio,5879082,2905134,49.41,0.33
591,2021-01-24,LAZ,5694,2229,3465,612,5082,ITI,ITI4,12,Lazio,Lazio,5879082,2910828,49.51,0.1
592,2021-05-18,LAZ,44109,20110,23999,34794,9315,ITI,ITI4,12,Lazio,Lazio,5879082,2954937,50.26,0.75
593,2021-03-29,LAZ,23956,10756,13200,16923,7033,ITI,ITI4,12,Lazio,Lazio,5879082,2978893,50.67,0.41
594,2021-04-05,LAZ,19889,9047,10842,13670,6219,ITI,ITI4,12,Lazio,Lazio,5879082,2998782,51.01,0.34
595,2021-04-19,LAZ,30059,13661,16398,19383,10676,ITI,ITI4,12,Lazio,Lazio,5879082,3028841,51.52,0.51
596,2021-02-14,LAZ,5773,2370,3403,5303,470,ITI,ITI4,12,Lazio,Lazio,5879082,3034614,51.62,0.1
597,2021-01-02,LAZ,6707,2631,4076,6707,0,ITI,ITI4,12,Lazio,Lazio,5879082,3041321,51.73,0.11
598,2021-04-22,LAZ,38486,18911,19575,23944,14542,ITI,ITI4,12,Lazio,Lazio,5879082,3079807,52.39,0.65
599,2021-03-10,LAZ,22010,9482,12528,16364,5646,ITI,ITI4,12,Lazio,Lazio,5879082,3101817,52.76,0.37
600,2021-01-12,LAZ,5395,1976,3419,5395,0,ITI,ITI4,12,Lazio,Lazio,5879082,3107212,52.85,0.09
601,2021-03-17,LAZ,13786,5896,7890,7531,6255,ITI,ITI4,12,Lazio,Lazio,5879082,3120998,53.09,0.23
602,2021-05-22,LAZ,54530,26539,27991,44206,10324,ITI,ITI4,12,Lazio,Lazio,5879082,3175528,54.01,0.93
603,2021-04-14,LAZ,29270,13262,16008,19149,10121,ITI,ITI4,12,Lazio,Lazio,5879082,3204798,54.51,0.5
604,2021-04-05,MAR,5688,2355,3333,4419,1269,ITI,ITI3,11,Marche,Marche,1525271,5688,0.37,0.37
605,2021-03-19,MAR,3835,1597,2238,339,3496,ITI,ITI3,11,Marche,Marche,1525271,9523,0.62,0.25
606,2021-03-02,MAR,4953,1941,3012,4387,566,ITI,ITI3,11,Marche,Marche,1525271,14476,0.95,0.32
607,2021-05-22,MAR,11933,5718,6215,7485,4448,ITI,ITI3,11,Marche,Marche,1525271,26409,1.73,0.78
608,2021-05-05,MAR,11643,5298,6345,5215,6428,ITI,ITI3,11,Marche,Marche,1525271,38052,2.49,0.76
609,2021-05-08,MAR,12269,5476,6793,5021,7248,ITI,ITI3,11,Marche,Marche,1525271,50321,3.3,0.8
610,2021-04-02,MAR,6875,2973,3902,6135,740,ITI,ITI3,11,Marche,Marche,1525271,57196,3.75,0.45
611,2021-01-28,MAR,2086,725,1361,165,1921,ITI,ITI3,11,Marche,Marche,1525271,59282,3.89,0.14
612,2021-04-04,MAR,3824,1792,2032,2655,1169,ITI,ITI3,11,Marche,Marche,1525271,63106,4.14,0.25
613,2021-04-26,MAR,8980,3983,4997,5958,3022,ITI,ITI3,11,Marche,Marche,1525271,72086,4.73,0.59
614,2021-05-10,MAR,9447,4336,5111,4895,4552,ITI,ITI3,11,Marche,Marche,1525271,81533,5.35,0.62
615,2021-03-14,MAR,2499,1031,1468,1906,593,ITI,ITI3,11,Marche,Marche,1525271,84032,5.51,0.16
616,2021-01-23,MAR,557,190,367,123,434,ITI,ITI3,11,Marche,Marche,1525271,84589,5.55,0.04
617,2021-03-28,MAR,4126,1739,2387,2435,1691,ITI,ITI3,11,Marche,Marche,1525271,88715,5.82,0.27
618,2021-03-17,MAR,3428,1494,1934,107,3321,ITI,ITI3,11,Marche,Marche,1525271,92143,6.04,0.22
619,2021-02-28,MAR,2836,1251,1585,2830,6,ITI,ITI3,11,Marche,Marche,1525271,94979,6.23,0.19
620,2021-05-24,MAR,10795,5111,5684,8121,2674,ITI,ITI3,11,Marche,Marche,1525271,105774,6.93,0.71
621,2021-02-11,MAR,1987,657,1330,1598,389,ITI,ITI3,11,Marche,Marche,1525271,107761,7.07,0.13
622,2021-03-24,MAR,7033,2984,4049,3365,3668,ITI,ITI3,11,Marche,Marche,1525271,114794,7.53,0.46
623,2021-03-10,MAR,5668,2401,3267,4531,1137,ITI,ITI3,11,Marche,Marche,1525271,120462,7.9,0.37
624,2021-01-19,MAR,228,83,145,142,86,ITI,ITI3,11,Marche,Marche,1525271,120690,7.91,0.01
625,2021-05-13,MAR,12601,5694,6907,7102,5499,ITI,ITI3,11,Marche,Marche,1525271,133291,8.74,0.83
626,2021-02-21,MAR,376,141,235,375,1,ITI,ITI3,11,Marche,Marche,1525271,133667,8.76,0.02
627,2021-01-02,MAR,453,139,314,453,0,ITI,ITI3,11,Marche,Marche,1525271,134120,8.79,0.03
628,2021-03-07,MAR,5182,2108,3074,4428,754,ITI,ITI3,11,Marche,Marche,1525271,139302,9.13,0.34
629,2021-05-17,MAR,11854,5568,6286,7691,4163,ITI,ITI3,11,Marche,Marche,1525271,151156,9.91,0.78
630,2021-05-01,MAR,9318,3924,5394,3576,5742,ITI,ITI3,11,Marche,Marche,1525271,160474,10.52,0.61
631,2021-03-05,MAR,6178,2859,3319,4709,1469,ITI,ITI3,11,Marche,Marche,1525271,166652,10.93,0.41
632,2021-01-07,MAR,1807,636,1171,1807,0,ITI,ITI3,11,Marche,Marche,1525271,168459,11.04,0.12
633,2021-04-24,MAR,12026,5304,6722,7560,4466,ITI,ITI3,11,Marche,Marche,1525271,180485,11.83,0.79
634,2021-02-26,MAR,3630,1499,2131,3154,476,ITI,ITI3,11,Marche,Marche,1525271,184115,12.07,0.24
635,2021-01-21,MAR,898,254,644,585,313,ITI,ITI3,11,Marche,Marche,1525271,185013,12.13,0.06
636,2021-03-12,MAR,4641,1972,2669,3403,1238,ITI,ITI3,11,Marche,Marche,1525271,189654,12.43,0.3
637,2021-01-14,MAR,2010,692,1318,2010,0,ITI,ITI3,11,Marche,Marche,1525271,191664,12.57,0.13
638,2021-02-18,MAR,2101,745,1356,1815,286,ITI,ITI3,11,Marche,Marche,1525271,193765,12.7,0.14
639,2021-02-25,MAR,3510,1434,2076,3331,179,ITI,ITI3,11,Marche,Marche,1525271,197275,12.93,0.23
640,2021-04-23,MAR,11159,5140,6019,8104,3055,ITI,ITI3,11,Marche,Marche,1525271,208434,13.67,0.73
641,2021-05-20,MAR,12367,5816,6551,7668,4699,ITI,ITI3,11,Marche,Marche,1525271,220801,14.48,0.81
642,2021-02-07,MAR,1868,734,1134,344,1524,ITI,ITI3,11,Marche,Marche,1525271,222669,14.6,0.12
643,2021-04-07,MAR,7810,3435,4375,7475,335,ITI,ITI3,11,Marche,Marche,1525271,230479,15.11,0.51
644,2021-04-16,MAR,10081,4702,5379,9556,525,ITI,ITI3,11,Marche,Marche,1525271,240560,15.77,0.66
645,2021-01-04,MAR,1503,565,938,1503,0,ITI,ITI3,11,Marche,Marche,1525271,242063,15.87,0.1
646,2020-12-30,MAR,17,5,12,17,0,ITI,ITI3,11,Marche,Marche,1525271,242080,15.87,0.0
647,2021-03-04,MAR,6486,2869,3617,5093,1393,ITI,ITI3,11,Marche,Marche,1525271,248566,16.3,0.43
648,2021-01-26,MAR,2016,746,1270,92,1924,ITI,ITI3,11,Marche,Marche,1525271,250582,16.43,0.13
649,2021-02-14,MAR,738,301,437,738,0,ITI,ITI3,11,Marche,Marche,1525271,251320,16.48,0.05
650,2021-04-19,MAR,9603,4498,5105,8022,1581,ITI,ITI3,11,Marche,Marche,1525271,260923,17.11,0.63
651,2021-01-09,MAR,1709,605,1104,1709,0,ITI,ITI3,11,Marche,Marche,1525271,262632,17.22,0.11
652,2021-04-21,MAR,10781,4967,5814,9587,1194,ITI,ITI3,11,Marche,Marche,1525271,273413,17.93,0.71
653,2021-03-16,MAR,3471,1485,1986,290,3181,ITI,ITI3,11,Marche,Marche,1525271,276884,18.15,0.23
654,2021-01-11,MAR,1176,411,765,1176,0,ITI,ITI3,11,Marche,Marche,1525271,278060,18.23,0.08
655,2021-04-12,MAR,8567,3772,4795,8083,484,ITI,ITI3,11,Marche,Marche,1525271,286627,18.79,0.56
656,2021-02-02,MAR,1193,397,796,73,1120,ITI,ITI3,11,Marche,Marche,1525271,287820,18.87,0.08
657,2021-01-16,MAR,2005,723,1282,2005,0,ITI,ITI3,11,Marche,Marche,1525271,289825,19.0,0.13
658,2021-05-12,MAR,10422,4684,5738,4921,5501,ITI,ITI3,11,Marche,Marche,1525271,300247,19.68,0.68
659,2021-01-12,MAR,1227,413,814,1227,0,ITI,ITI3,11,Marche,Marche,1525271,301474,19.77,0.08
660,2021-05-03,MAR,10193,4602,5591,4786,5407,ITI,ITI3,11,Marche,Marche,1525271,311667,20.43,0.67
661,2021-03-21,MAR,4505,1873,2632,1629,2876,ITI,ITI3,11,Marche,Marche,1525271,316172,20.73,0.3
662,2021-01-30,MAR,1905,668,1237,29,1876,ITI,ITI3,11,Marche,Marche,1525271,318077,20.85,0.12
663,2021-02-06,MAR,2460,900,1560,522,1938,ITI,ITI3,11,Marche,Marche,1525271,320537,21.02,0.16
664,2021-02-19,MAR,1962,712,1250,1827,135,ITI,ITI3,11,Marche,Marche,1525271,322499,21.14,0.13
665,2020-12-31,MAR,385,180,205,385,0,ITI,ITI3,11,Marche,Marche,1525271,322884,21.17,0.03
666,2021-05-15,MAR,13967,6376,7591,8076,5891,ITI,ITI3,11,Marche,Marche,1525271,336851,22.08,0.92
667,2021-02-04,MAR,2341,809,1532,112,2229,ITI,ITI3,11,Marche,Marche,1525271,339192,22.24,0.15
668,2021-03-26,MAR,6331,2606,3725,3523,2808,ITI,ITI3,11,Marche,Marche,1525271,345523,22.65,0.42
669,2021-03-29,MAR,5860,2567,3293,3435,2425,ITI,ITI3,11,Marche,Marche,1525271,351383,23.04,0.38
670,2021-05-27,MAR,13735,6820,6915,9434,4301,ITI,ITI3,11,Marche,Marche,1525271,365118,23.94,0.9
671,2021-03-31,MAR,7374,3087,4287,4350,3024,ITI,ITI3,11,Marche,Marche,1525271,372492,24.42,0.48
672,2021-02-16,MAR,1287,475,812,1257,30,ITI,ITI3,11,Marche,Marche,1525271,373779,24.51,0.08
673,2021-02-23,MAR,3267,1397,1870,3211,56,ITI,ITI3,11,Marche,Marche,1525271,377046,24.72,0.21
674,2021-04-28,MAR,10734,4890,5844,6003,4731,ITI,ITI3,11,Marche,Marche,1525271,387780,25.42,0.7
675,2021-01-18,MAR,673,230,443,547,126,ITI,ITI3,11,Marche,Marche,1525271,388453,25.47,0.04
676,2021-01-31,MAR,1920,770,1150,105,1815,ITI,ITI3,11,Marche,Marche,1525271,390373,25.59,0.13
677,2021-02-09,MAR,124,42,82,46,78,ITI,ITI3,11,Marche,Marche,1525271,390497,25.6,0.01
678,2021-04-14,MAR,10215,4564,5651,9843,372,ITI,ITI3,11,Marche,Marche,1525271,400712,26.27,0.67
679,2021-04-09,MAR,9559,4189,5370,9358,201,ITI,ITI3,11,Marche,Marche,1525271,410271,26.9,0.63
680,2021-01-06,MAR,2181,792,1389,2181,0,ITI,ITI3,11,Marche,Marche,1525271,412452,27.04,0.14
681,2021-02-13,MAR,1063,453,610,1011,52,ITI,ITI3,11,Marche,Marche,1525271,413515,27.11,0.07
682,2021-04-18,MAR,8820,4131,4689,7899,921,ITI,ITI3,11,Marche,Marche,1525271,422335,27.69,0.58
683,2021-01-27,MAR,2118,780,1338,122,1996,ITI,ITI3,11,Marche,Marche,1525271,424453,27.83,0.14
684,2021-01-10,MAR,1737,699,1038,1737,0,ITI,ITI3,11,Marche,Marche,1525271,426190,27.94,0.11
685,2021-05-21,MAR,12951,6113,6838,6695,6256,ITI,ITI3,11,Marche,Marche,1525271,439141,28.79,0.85
686,2021-04-01,MAR,7578,3183,4395,4162,3416,ITI,ITI3,11,Marche,Marche,1525271,446719,29.29,0.5
687,2021-02-17,MAR,1786,663,1123,1669,117,ITI,ITI3,11,Marche,Marche,1525271,448505,29.4,0.12
688,2021-04-22,MAR,10795,4931,5864,9217,1578,ITI,ITI3,11,Marche,Marche,1525271,459300,30.11,0.71
689,2021-03-03,MAR,6644,3047,3597,5762,882,ITI,ITI3,11,Marche,Marche,1525271,465944,30.55,0.44
690,2021-01-05,MAR,1562,586,976,1562,0,ITI,ITI3,11,Marche,Marche,1525271,467506,30.65,0.1
691,2021-05-07,MAR,12836,5805,7031,3659,9177,ITI,ITI3,11,Marche,Marche,1525271,480342,31.49,0.84
692,2021-01-25,MAR,1595,558,1037,97,1498,ITI,ITI3,11,Marche,Marche,1525271,481937,31.6,0.1
693,2021-04-20,MAR,10699,4996,5703,9282,1417,ITI,ITI3,11,Marche,Marche,1525271,492636,32.3,0.7
694,2021-01-08,MAR,1576,588,988,1576,0,ITI,ITI3,11,Marche,Marche,1525271,494212,32.4,0.1
695,2021-04-03,MAR,7573,3204,4369,6903,670,ITI,ITI3,11,Marche,Marche,1525271,501785,32.9,0.5
696,2021-04-30,MAR,13939,6100,7839,5398,8541,ITI,ITI3,11,Marche,Marche,1525271,515724,33.81,0.91
697,2021-03-11,MAR,6594,2784,3810,5224,1370,ITI,ITI3,11,Marche,Marche,1525271,522318,34.24,0.43
698,2021-05-14,MAR,13492,6217,7275,6720,6772,ITI,ITI3,11,Marche,Marche,1525271,535810,35.13,0.88
699,2021-04-17,MAR,11699,5315,6384,10626,1073,ITI,ITI3,11,Marche,Marche,1525271,547509,35.9,0.77
700,2021-01-13,MAR,2105,746,1359,2105,0,ITI,ITI3,11,Marche,Marche,1525271,549614,36.03,0.14
701,2021-01-15,MAR,1771,500,1271,1771,0,ITI,ITI3,11,Marche,Marche,1525271,551385,36.15,0.12
702,2021-04-25,MAR,8600,3994,4606,7025,1575,ITI,ITI3,11,Marche,Marche,1525271,559985,36.71,0.56
703,2021-05-02,MAR,8898,3936,4962,3160,5738,ITI,ITI3,11,Marche,Marche,1525271,568883,37.3,0.58
704,2021-03-20,MAR,4135,1740,2395,1049,3086,ITI,ITI3,11,Marche,Marche,1525271,573018,37.57,0.27
705,2021-01-22,MAR,487,167,320,194,293,ITI,ITI3,11,Marche,Marche,1525271,573505,37.6,0.03
706,2021-03-01,MAR,3724,1487,2237,3476,248,ITI,ITI3,11,Marche,Marche,1525271,577229,37.84,0.24
707,2021-05-06,MAR,12655,5820,6835,5582,7073,ITI,ITI3,11,Marche,Marche,1525271,589884,38.67,0.83
708,2021-05-26,MAR,11809,5916,5893,8625,3184,ITI,ITI3,11,Marche,Marche,1525271,601693,39.45,0.77
709,2021-03-30,MAR,7418,3044,4374,4603,2815,ITI,ITI3,11,Marche,Marche,1525271,609111,39.93,0.49
710,2021-02-01,MAR,1362,479,883,98,1264,ITI,ITI3,11,Marche,Marche,1525271,610473,40.02,0.09
711,2021-03-23,MAR,5789,2529,3260,2262,3527,ITI,ITI3,11,Marche,Marche,1525271,616262,40.4,0.38
712,2021-05-19,MAR,11471,5272,6199,8562,2909,ITI,ITI3,11,Marche,Marche,1525271,627733,41.16,0.75
713,2021-02-15,MAR,967,412,555,954,13,ITI,ITI3,11,Marche,Marche,1525271,628700,41.22,0.06
714,2021-04-06,MAR,8879,3693,5186,8066,813,ITI,ITI3,11,Marche,Marche,1525271,637579,41.8,0.58
715,2021-02-08,MAR,833,258,575,371,462,ITI,ITI3,11,Marche,Marche,1525271,638412,41.86,0.05
716,2020-12-27,MAR,200,97,103,200,0,ITI,ITI3,11,Marche,Marche,1525271,638612,41.87,0.01
717,2021-03-27,MAR,7377,3072,4305,5019,2358,ITI,ITI3,11,Marche,Marche,1525271,645989,42.35,0.48
718,2021-05-16,MAR,10897,4957,5940,6670,4227,ITI,ITI3,11,Marche,Marche,1525271,656886,43.07,0.71
719,2021-04-10,MAR,10917,4620,6297,10603,314,ITI,ITI3,11,Marche,Marche,1525271,667803,43.78,0.72
720,2021-02-05,MAR,2155,653,1502,440,1715,ITI,ITI3,11,Marche,Marche,1525271,669958,43.92,0.14
721,2021-02-27,MAR,3357,1435,1922,3147,210,ITI,ITI3,11,Marche,Marche,1525271,673315,44.14,0.22
722,2021-03-18,MAR,3389,1475,1914,162,3227,ITI,ITI3,11,Marche,Marche,1525271,676704,44.37,0.22
723,2021-05-23,MAR,9208,4282,4926,7537,1671,ITI,ITI3,11,Marche,Marche,1525271,685912,44.97,0.6
724,2021-02-10,MAR,1439,452,987,1080,359,ITI,ITI3,11,Marche,Marche,1525271,687351,45.06,0.09
725,2021-02-12,MAR,1582,618,964,1430,152,ITI,ITI3,11,Marche,Marche,1525271,688933,45.17,0.1
726,2021-03-09,MAR,5429,2293,3136,4549,880,ITI,ITI3,11,Marche,Marche,1525271,694362,45.52,0.36
727,2021-04-13,MAR,9838,4259,5579,9605,233,ITI,ITI3,11,Marche,Marche,1525271,704200,46.17,0.65
728,2021-02-22,MAR,3414,1500,1914,3338,76,ITI,ITI3,11,Marche,Marche,1525271,707614,46.39,0.22
729,2021-01-03,MAR,896,348,548,896,0,ITI,ITI3,11,Marche,Marche,1525271,708510,46.45,0.06
730,2021-03-08,MAR,6265,2745,3520,5263,1002,ITI,ITI3,11,Marche,Marche,1525271,714775,46.86,0.41
731,2021-04-27,MAR,9401,4309,5092,5413,3988,ITI,ITI3,11,Marche,Marche,1525271,724176,47.48,0.62
732,2021-05-09,MAR,8770,3986,4784,3639,5131,ITI,ITI3,11,Marche,Marche,1525271,732946,48.05,0.57
733,2021-03-06,MAR,5701,2623,3078,4434,1267,ITI,ITI3,11,Marche,Marche,1525271,738647,48.43,0.37
734,2021-05-18,MAR,11062,5257,5805,7658,3404,ITI,ITI3,11,Marche,Marche,1525271,749709,49.15,0.73
735,2021-03-13,MAR,5763,2653,3110,1806,3957,ITI,ITI3,11,Marche,Marche,1525271,755472,49.53,0.38
736,2021-01-29,MAR,1991,730,1261,167,1824,ITI,ITI3,11,Marche,Marche,1525271,757463,49.66,0.13
737,2021-05-11,MAR,10623,4832,5791,5678,4945,ITI,ITI3,11,Marche,Marche,1525271,768086,50.36,0.7
738,2021-04-11,MAR,7117,3115,4002,6831,286,ITI,ITI3,11,Marche,Marche,1525271,775203,50.82,0.47
739,2021-02-20,MAR,4121,1705,2416,4010,111,ITI,ITI3,11,Marche,Marche,1525271,779324,51.09,0.27
740,2021-03-25,MAR,6656,2772,3884,3247,3409,ITI,ITI3,11,Marche,Marche,1525271,785980,51.53,0.44
741,2021-01-20,MAR,398,100,298,384,14,ITI,ITI3,11,Marche,Marche,1525271,786378,51.56,0.03
742,2021-02-03,MAR,2124,741,1383,119,2005,ITI,ITI3,11,Marche,Marche,1525271,788502,51.7,0.14
743,2021-04-29,MAR,13246,6061,7185,7149,6097,ITI,ITI3,11,Marche,Marche,1525271,801748,52.56,0.87
744,2021-05-28,MAR,5087,2508,2579,3084,2003,ITI,ITI3,11,Marche,Marche,1525271,806835,52.9,0.33
745,2021-04-08,MAR,7522,3285,4237,7195,327,ITI,ITI3,11,Marche,Marche,1525271,814357,53.39,0.49
746,2021-04-15,MAR,10377,4674,5703,9812,565,ITI,ITI3,11,Marche,Marche,1525271,824734,54.07,0.68
747,2021-02-24,MAR,3486,1515,1971,3408,78,ITI,ITI3,11,Marche,Marche,1525271,828220,54.3,0.23
748,2021-05-04,MAR,10844,4789,6055,4949,5895,ITI,ITI3,11,Marche,Marche,1525271,839064,55.01,0.71
749,2021-03-22,MAR,5655,2376,3279,2527,3128,ITI,ITI3,11,Marche,Marche,1525271,844719,55.38,0.37
750,2021-01-24,MAR,880,339,541,5,875,ITI,ITI3,11,Marche,Marche,1525271,845599,55.44,0.06
751,2021-05-25,MAR,11666,5755,5911,8718,2948,ITI,ITI3,11,Marche,Marche,1525271,857265,56.2,0.76
752,2021-03-15,MAR,4401,2026,2375,1311,3090,ITI,ITI3,11,Marche,Marche,1525271,861666,56.49,0.29
753,2021-01-17,MAR,1606,687,919,1550,56,ITI,ITI3,11,Marche,Marche,1525271,863272,56.6,0.11
754,2021-03-04,EMR,16433,5345,11088,13421,3012,ITH,ITH5,8,Emilia-Romagna,Emilia-Romagna,4459477,16433,0.37,0.37
755,2021-05-24,EMR,27555,12528,15027,16388,11167,ITH,ITH5,8,Emilia-Romagna,Emilia-Romagna,4459477,43988,0.99,0.62
756,2021-01-29,EMR,10414,3497,6917,290,10124,ITH,ITH5,8,Emilia-Romagna,Emilia-Romagna,4459477,54402,1.22,0.23
757,2021-02-15,EMR,2903,850,2053,2778,125,ITH,ITH5,8,Emilia-Romagna,Emilia-Romagna,4459477,57305,1.29,0.07
758,2021-01-13,EMR,9074,2940,6134,9074,0,ITH,ITH5,8,Emilia-Romagna,Emilia-Romagna,4459477,66379,1.49,0.2
759,2021-04-23,EMR,29547,13807,15740,14670,14877,ITH,ITH5,8,Emilia-Romagna,Emilia-Romagna,4459477,95926,2.15,0.66
760,2021-01-11,EMR,9349,3273,6076,9349,0,ITH,ITH5,8,Emilia-Romagna,Emilia-Romagna,4459477,105275,2.36,0.21
761,2021-01-25,EMR,6456,2145,4311,207,6249,ITH,ITH5,8,Emilia-Romagna,Emilia-Romagna,4459477,111731,2.51,0.14
762,2021-05-12,EMR,38145,17941,20204,28544,9601,ITH,ITH5,8,Emilia-Romagna,Emilia-Romagna,4459477,149876,3.36,0.86
763,2021-03-16,EMR,12240,5026,7214,4932,7308,ITH,ITH5,8,Emilia-Romagna,Emilia-Romagna,4459477,162116,3.64,0.27
764,2021-03-09,EMR,14702,5983,8719,10746,3956,ITH,ITH5,8,Emilia-Romagna,Emilia-Romagna,4459477,176818,3.96,0.33
765,2021-05-23,EMR,25308,11776,13532,13772,11536,ITH,ITH5,8,Emilia-Romagna,Emilia-Romagna,4459477,202126,4.53,0.57
766,2021-05-26,EMR,32497,14353,18144,10127,22370,ITH,ITH5,8,Emilia-Romagna,Emilia-Romagna,4459477,234623,5.26,0.73
767,2021-02-13,EMR,3627,1085,2542,3029,598,ITH,ITH5,8,Emilia-Romagna,Emilia-Romagna,4459477,238250,5.34,0.08
768,2021-05-09,EMR,24210,11591,12619,17249,6961,ITH,ITH5,8,Emilia-Romagna,Emilia-Romagna,4459477,262460,5.89,0.54
769,2021-01-27,EMR,8362,2947,5415,463,7899,ITH,ITH5,8,Emilia-Romagna,Emilia-Romagna,4459477,270822,6.07,0.19
770,2021-03-30,EMR,23286,10292,12994,18249,5037,ITH,ITH5,8,Emilia-Romagna,Emilia-Romagna,4459477,294108,6.6,0.52
771,2021-05-19,EMR,33200,14750,18450,18202,14998,ITH,ITH5,8,Emilia-Romagna,Emilia-Romagna,4459477,327308,7.34,0.74
772,2021-01-04,EMR,7310,2526,4784,7310,0,ITH,ITH5,8,Emilia-Romagna,Emilia-Romagna,4459477,334618,7.5,0.16
773,2021-01-03,EMR,2762,943,1819,2762,0,ITH,ITH5,8,Emilia-Romagna,Emilia-Romagna,4459477,337380,7.57,0.06
774,2021-05-16,EMR,25644,12079,13565,18547,7097,ITH,ITH5,8,Emilia-Romagna,Emilia-Romagna,4459477,363024,8.14,0.58
775,2021-03-13,EMR,16074,6307,9767,10761,5313,ITH,ITH5,8,Emilia-Romagna,Emilia-Romagna,4459477,379098,8.5,0.36
776,2021-05-02,EMR,25446,11591,13855,13459,11987,ITH,ITH5,8,Emilia-Romagna,Emilia-Romagna,4459477,404544,9.07,0.57
777,2021-05-07,EMR,34511,16597,17914,22710,11801,ITH,ITH5,8,Emilia-Romagna,Emilia-Romagna,4459477,439055,9.85,0.77
778,2021-02-10,EMR,4019,1383,2636,2764,1255,ITH,ITH5,8,Emilia-Romagna,Emilia-Romagna,4459477,443074,9.94,0.09
779,2021-04-08,EMR,30825,14130,16695,25525,5300,ITH,ITH5,8,Emilia-Romagna,Emilia-Romagna,4459477,473899,10.63,0.69
780,2021-02-17,EMR,6538,2764,3774,5766,772,ITH,ITH5,8,Emilia-Romagna,Emilia-Romagna,4459477,480437,10.77,0.15
781,2021-03-25,EMR,21388,9346,12042,14400,6988,ITH,ITH5,8,Emilia-Romagna,Emilia-Romagna,4459477,501825,11.25,0.48
782,2021-05-21,EMR,37460,16728,20732,20796,16664,ITH,ITH5,8,Emilia-Romagna,Emilia-Romagna,4459477,539285,12.09,0.84
783,2021-02-18,EMR,7039,2892,4147,6456,583,ITH,ITH5,8,Emilia-Romagna,Emilia-Romagna,4459477,546324,12.25,0.16
784,2021-04-18,EMR,17494,8392,9102,12568,4926,ITH,ITH5,8,Emilia-Romagna,Emilia-Romagna,4459477,563818,12.64,0.39
785,2021-01-10,EMR,7168,2683,4485,7168,0,ITH,ITH5,8,Emilia-Romagna,Emilia-Romagna,4459477,570986,12.8,0.16
786,2021-03-06,EMR,20623,5882,14741,17893,2730,ITH,ITH5,8,Emilia-Romagna,Emilia-Romagna,4459477,591609,13.27,0.46
787,2021-01-30,EMR,10077,3519,6558,141,9936,ITH,ITH5,8,Emilia-Romagna,Emilia-Romagna,4459477,601686,13.49,0.23
788,2021-04-04,EMR,9885,4718,5167,7616,2269,ITH,ITH5,8,Emilia-Romagna,Emilia-Romagna,4459477,611571,13.71,0.22
789,2021-03-20,EMR,16086,6831,9255,9122,6964,ITH,ITH5,8,Emilia-Romagna,Emilia-Romagna,4459477,627657,14.07,0.36
790,2020-12-27,EMR,970,372,598,970,0,ITH,ITH5,8,Emilia-Romagna,Emilia-Romagna,4459477,628627,14.1,0.02
791,2021-04-06,EMR,24617,11110,13507,19880,4737,ITH,ITH5,8,Emilia-Romagna,Emilia-Romagna,4459477,653244,14.65,0.55
792,2021-03-27,EMR,21600,9045,12555,14695,6905,ITH,ITH5,8,Emilia-Romagna,Emilia-Romagna,4459477,674844,15.13,0.48
793,2021-01-22,EMR,1829,477,1352,1088,741,ITH,ITH5,8,Emilia-Romagna,Emilia-Romagna,4459477,676673,15.17,0.04
794,2021-04-13,EMR,23641,11086,12555,19343,4298,ITH,ITH5,8,Emilia-Romagna,Emilia-Romagna,4459477,700314,15.7,0.53
795,2021-02-08,EMR,5227,1532,3695,2315,2912,ITH,ITH5,8,Emilia-Romagna,Emilia-Romagna,4459477,705541,15.82,0.12
796,2021-02-22,EMR,7481,3091,4390,7209,272,ITH,ITH5,8,Emilia-Romagna,Emilia-Romagna,4459477,713022,15.99,0.17
797,2021-01-23,EMR,2447,870,1577,443,2004,ITH,ITH5,8,Emilia-Romagna,Emilia-Romagna,4459477,715469,16.04,0.05
798,2021-02-01,EMR,10320,3610,6710,362,9958,ITH,ITH5,8,Emilia-Romagna,Emilia-Romagna,4459477,725789,16.28,0.23
799,2021-03-23,EMR,18698,8069,10629,12011,6687,ITH,ITH5,8,Emilia-Romagna,Emilia-Romagna,4459477,744487,16.69,0.42
800,2021-01-18,EMR,3127,879,2248,2449,678,ITH,ITH5,8,Emilia-Romagna,Emilia-Romagna,4459477,747614,16.76,0.07
801,2021-05-05,EMR,29362,13653,15709,18126,11236,ITH,ITH5,8,Emilia-Romagna,Emilia-Romagna,4459477,776976,17.42,0.66
802,2021-01-06,EMR,8285,2954,5331,8285,0,ITH,ITH5,8,Emilia-Romagna,Emilia-Romagna,4459477,785261,17.61,0.19
803,2021-04-30,EMR,36504,16733,19771,21722,14782,ITH,ITH5,8,Emilia-Romagna,Emilia-Romagna,4459477,821765,18.43,0.82
804,2021-03-11,EMR,17250,7135,10115,11400,5850,ITH,ITH5,8,Emilia-Romagna,Emilia-Romagna,4459477,839015,18.81,0.39
805,2021-04-16,EMR,28837,13560,15277,20002,8835,ITH,ITH5,8,Emilia-Romagna,Emilia-Romagna,4459477,867852,19.46,0.65
806,2021-02-25,EMR,9228,3497,5731,8274,954,ITH,ITH5,8,Emilia-Romagna,Emilia-Romagna,4459477,877080,19.67,0.21
807,2021-04-15,EMR,29016,13807,15209,19346,9670,ITH,ITH5,8,Emilia-Romagna,Emilia-Romagna,4459477,906096,20.32,0.65
808,2021-01-20,EMR,1325,270,1055,1324,1,ITH,ITH5,8,Emilia-Romagna,Emilia-Romagna,4459477,907421,20.35,0.03
809,2021-03-10,EMR,18724,7683,11041,13081,5643,ITH,ITH5,8,Emilia-Romagna,Emilia-Romagna,4459477,926145,20.77,0.42
810,2021-02-20,EMR,5317,2094,3223,5054,263,ITH,ITH5,8,Emilia-Romagna,Emilia-Romagna,4459477,931462,20.89,0.12
811,2021-03-01,EMR,10092,3578,6514,7836,2256,ITH,ITH5,8,Emilia-Romagna,Emilia-Romagna,4459477,941554,21.11,0.23
812,2021-05-04,EMR,28553,13376,15177,14900,13653,ITH,ITH5,8,Emilia-Romagna,Emilia-Romagna,4459477,970107,21.75,0.64
813,2021-04-27,EMR,29857,13805,16052,17397,12460,ITH,ITH5,8,Emilia-Romagna,Emilia-Romagna,4459477,999964,22.42,0.67
814,2021-01-15,EMR,7746,2403,5343,7746,0,ITH,ITH5,8,Emilia-Romagna,Emilia-Romagna,4459477,1007710,22.6,0.17
815,2021-02-27,EMR,10967,3999,6968,9229,1738,ITH,ITH5,8,Emilia-Romagna,Emilia-Romagna,4459477,1018677,22.84,0.25
816,2021-04-25,EMR,22324,10222,12102,14816,7508,ITH,ITH5,8,Emilia-Romagna,Emilia-Romagna,4459477,1041001,23.34,0.5
817,2021-03-28,EMR,13455,6001,7454,9591,3864,ITH,ITH5,8,Emilia-Romagna,Emilia-Romagna,4459477,1054456,23.65,0.3
818,2021-02-06,EMR,7600,2406,5194,2131,5469,ITH,ITH5,8,Emilia-Romagna,Emilia-Romagna,4459477,1062056,23.82,0.17
819,2021-04-11,EMR,15259,6926,8333,12214,3045,ITH,ITH5,8,Emilia-Romagna,Emilia-Romagna,4459477,1077315,24.16,0.34
820,2021-02-11,EMR,4250,1416,2834,3410,840,ITH,ITH5,8,Emilia-Romagna,Emilia-Romagna,4459477,1081565,24.25,0.1
821,2021-03-08,EMR,12173,5062,7111,9500,2673,ITH,ITH5,8,Emilia-Romagna,Emilia-Romagna,4459477,1093738,24.53,0.27
822,2021-04-20,EMR,22593,10392,12201,14243,8350,ITH,ITH5,8,Emilia-Romagna,Emilia-Romagna,4459477,1116331,25.03,0.51
823,2021-01-08,EMR,10865,3580,7285,10865,0,ITH,ITH5,8,Emilia-Romagna,Emilia-Romagna,4459477,1127196,25.28,0.24
824,2021-05-28,EMR,11164,5571,5593,5224,5940,ITH,ITH5,8,Emilia-Romagna,Emilia-Romagna,4459477,1138360,25.53,0.25
825,2021-01-12,EMR,9475,3124,6351,9475,0,ITH,ITH5,8,Emilia-Romagna,Emilia-Romagna,4459477,1147835,25.74,0.21
826,2021-04-24,EMR,28572,13212,15360,14361,14211,ITH,ITH5,8,Emilia-Romagna,Emilia-Romagna,4459477,1176407,26.38,0.64
827,2021-05-11,EMR,35182,16498,18684,27929,7253,ITH,ITH5,8,Emilia-Romagna,Emilia-Romagna,4459477,1211589,27.17,0.79
828,2021-03-21,EMR,11919,5273,6646,7315,4604,ITH,ITH5,8,Emilia-Romagna,Emilia-Romagna,4459477,1223508,27.44,0.27
829,2021-04-07,EMR,25801,11733,14068,19790,6011,ITH,ITH5,8,Emilia-Romagna,Emilia-Romagna,4459477,1249309,28.01,0.58
830,2021-01-07,EMR,10272,3406,6866,10272,0,ITH,ITH5,8,Emilia-Romagna,Emilia-Romagna,4459477,1259581,28.25,0.23
831,2021-02-19,EMR,7327,3010,4317,6813,514,ITH,ITH5,8,Emilia-Romagna,Emilia-Romagna,4459477,1266908,28.41,0.16
832,2020-12-31,EMR,2213,779,1434,2213,0,ITH,ITH5,8,Emilia-Romagna,Emilia-Romagna,4459477,1269121,28.46,0.05
833,2021-04-03,EMR,19935,8765,11170,16195,3740,ITH,ITH5,8,Emilia-Romagna,Emilia-Romagna,4459477,1289056,28.91,0.45
834,2021-04-28,EMR,32648,15076,17572,19763,12885,ITH,ITH5,8,Emilia-Romagna,Emilia-Romagna,4459477,1321704,29.64,0.73
835,2021-04-05,EMR,14859,6809,8050,11968,2891,ITH,ITH5,8,Emilia-Romagna,Emilia-Romagna,4459477,1336563,29.97,0.33
836,2021-01-31,EMR,7696,2762,4934,241,7455,ITH,ITH5,8,Emilia-Romagna,Emilia-Romagna,4459477,1344259,30.14,0.17
837,2021-04-22,EMR,29003,13420,15583,14952,14051,ITH,ITH5,8,Emilia-Romagna,Emilia-Romagna,4459477,1373262,30.79,0.65
838,2021-03-02,EMR,11858,3906,7952,9829,2029,ITH,ITH5,8,Emilia-Romagna,Emilia-Romagna,4459477,1385120,31.06,0.27
839,2021-03-19,EMR,15843,6915,8928,7876,7967,ITH,ITH5,8,Emilia-Romagna,Emilia-Romagna,4459477,1400963,31.42,0.36
840,2021-02-23,EMR,8215,3219,4996,7829,386,ITH,ITH5,8,Emilia-Romagna,Emilia-Romagna,4459477,1409178,31.6,0.18
841,2021-01-21,EMR,2164,729,1435,819,1345,ITH,ITH5,8,Emilia-Romagna,Emilia-Romagna,4459477,1411342,31.65,0.05
842,2021-03-18,EMR,13673,5806,7867,5673,8000,ITH,ITH5,8,Emilia-Romagna,Emilia-Romagna,4459477,1425015,31.95,0.31
843,2021-05-14,EMR,36665,16879,19786,27119,9546,ITH,ITH5,8,Emilia-Romagna,Emilia-Romagna,4459477,1461680,32.78,0.82
844,2021-02-03,EMR,9355,2995,6360,984,8371,ITH,ITH5,8,Emilia-Romagna,Emilia-Romagna,4459477,1471035,32.99,0.21
845,2021-04-01,EMR,23875,10729,13146,19339,4536,ITH,ITH5,8,Emilia-Romagna,Emilia-Romagna,4459477,1494910,33.52,0.54
846,2021-01-26,EMR,8334,3000,5334,215,8119,ITH,ITH5,8,Emilia-Romagna,Emilia-Romagna,4459477,1503244,33.71,0.19
847,2021-03-24,EMR,21061,9295,11766,13691,7370,ITH,ITH5,8,Emilia-Romagna,Emilia-Romagna,4459477,1524305,34.18,0.47
848,2021-05-06,EMR,35429,16373,19056,22403,13026,ITH,ITH5,8,Emilia-Romagna,Emilia-Romagna,4459477,1559734,34.98,0.79
849,2021-04-02,EMR,23294,10491,12803,18832,4462,ITH,ITH5,8,Emilia-Romagna,Emilia-Romagna,4459477,1583028,35.5,0.52
850,2021-03-26,EMR,23412,9900,13512,16977,6435,ITH,ITH5,8,Emilia-Romagna,Emilia-Romagna,4459477,1606440,36.02,0.52
851,2021-02-14,EMR,1401,378,1023,1281,120,ITH,ITH5,8,Emilia-Romagna,Emilia-Romagna,4459477,1607841,36.05,0.03
852,2021-03-22,EMR,17462,7651,9811,10598,6864,ITH,ITH5,8,Emilia-Romagna,Emilia-Romagna,4459477,1625303,36.45,0.39
853,2021-05-25,EMR,24629,10995,13634,11505,13124,ITH,ITH5,8,Emilia-Romagna,Emilia-Romagna,4459477,1649932,37.0,0.55
854,2021-05-10,EMR,33536,15964,17572,26308,7228,ITH,ITH5,8,Emilia-Romagna,Emilia-Romagna,4459477,1683468,37.75,0.75
855,2021-04-12,EMR,19216,8993,10223,14773,4443,ITH,ITH5,8,Emilia-Romagna,Emilia-Romagna,4459477,1702684,38.18,0.43
856,2021-01-09,EMR,9984,3450,6534,9984,0,ITH,ITH5,8,Emilia-Romagna,Emilia-Romagna,4459477,1712668,38.41,0.22
857,2021-03-07,EMR,6860,2640,4220,5343,1517,ITH,ITH5,8,Emilia-Romagna,Emilia-Romagna,4459477,1719528,38.56,0.15
858,2021-05-03,EMR,27846,13162,14684,16975,10871,ITH,ITH5,8,Emilia-Romagna,Emilia-Romagna,4459477,1747374,39.18,0.62
859,2021-01-16,EMR,5626,1718,3908,5626,0,ITH,ITH5,8,Emilia-Romagna,Emilia-Romagna,4459477,1753000,39.31,0.13
860,2021-03-14,EMR,8696,3744,4952,4899,3797,ITH,ITH5,8,Emilia-Romagna,Emilia-Romagna,4459477,1761696,39.5,0.2
861,2021-04-19,EMR,20883,9789,11094,14612,6271,ITH,ITH5,8,Emilia-Romagna,Emilia-Romagna,4459477,1782579,39.97,0.47
862,2021-02-28,EMR,6823,2527,4296,4977,1846,ITH,ITH5,8,Emilia-Romagna,Emilia-Romagna,4459477,1789402,40.13,0.15
863,2021-04-26,EMR,27846,12907,14939,18541,9305,ITH,ITH5,8,Emilia-Romagna,Emilia-Romagna,4459477,1817248,40.75,0.62
864,2021-01-19,EMR,2045,505,1540,2028,17,ITH,ITH5,8,Emilia-Romagna,Emilia-Romagna,4459477,1819293,40.8,0.05
865,2021-02-24,EMR,9327,3558,5769,8443,884,ITH,ITH5,8,Emilia-Romagna,Emilia-Romagna,4459477,1828620,41.01,0.21
866,2021-01-05,EMR,9362,3170,6192,9362,0,ITH,ITH5,8,Emilia-Romagna,Emilia-Romagna,4459477,1837982,41.22,0.21
867,2021-04-29,EMR,44720,21012,23708,27177,17543,ITH,ITH5,8,Emilia-Romagna,Emilia-Romagna,4459477,1882702,42.22,1.0
868,2021-03-05,EMR,17679,5752,11927,14230,3449,ITH,ITH5,8,Emilia-Romagna,Emilia-Romagna,4459477,1900381,42.61,0.4
869,2021-03-03,EMR,15828,5249,10579,13352,2476,ITH,ITH5,8,Emilia-Romagna,Emilia-Romagna,4459477,1916209,42.97,0.35
870,2021-02-16,EMR,5768,2444,3324,5237,531,ITH,ITH5,8,Emilia-Romagna,Emilia-Romagna,4459477,1921977,43.1,0.13
871,2021-04-21,EMR,23919,10952,12967,14184,9735,ITH,ITH5,8,Emilia-Romagna,Emilia-Romagna,4459477,1945896,43.64,0.54
872,2021-01-28,EMR,10249,3339,6910,349,9900,ITH,ITH5,8,Emilia-Romagna,Emilia-Romagna,4459477,1956145,43.86,0.23
873,2021-05-27,EMR,35840,15768,20072,8463,27377,ITH,ITH5,8,Emilia-Romagna,Emilia-Romagna,4459477,1991985,44.67,0.8
874,2021-05-08,EMR,31156,14567,16589,19754,11402,ITH,ITH5,8,Emilia-Romagna,Emilia-Romagna,4459477,2023141,45.37,0.7
875,2021-02-07,EMR,4793,1537,3256,1732,3061,ITH,ITH5,8,Emilia-Romagna,Emilia-Romagna,4459477,2027934,45.47,0.11
876,2021-03-29,EMR,21196,9441,11755,16545,4651,ITH,ITH5,8,Emilia-Romagna,Emilia-Romagna,4459477,2049130,45.95,0.48
877,2021-05-18,EMR,28100,12793,15307,17743,10357,ITH,ITH5,8,Emilia-Romagna,Emilia-Romagna,4459477,2077230,46.58,0.63
878,2021-05-17,EMR,30727,14575,16152,21312,9415,ITH,ITH5,8,Emilia-Romagna,Emilia-Romagna,4459477,2107957,47.27,0.69
879,2021-02-21,EMR,4450,1708,2742,4010,440,ITH,ITH5,8,Emilia-Romagna,Emilia-Romagna,4459477,2112407,47.37,0.1
880,2021-01-02,EMR,2372,913,1459,2372,0,ITH,ITH5,8,Emilia-Romagna,Emilia-Romagna,4459477,2114779,47.42,0.05
881,2021-05-20,EMR,39562,17994,21568,18550,21012,ITH,ITH5,8,Emilia-Romagna,Emilia-Romagna,4459477,2154341,48.31,0.89
882,2021-03-17,EMR,13714,5690,8024,5869,7845,ITH,ITH5,8,Emilia-Romagna,Emilia-Romagna,4459477,2168055,48.62,0.31
883,2021-05-15,EMR,32940,14851,18089,22598,10342,ITH,ITH5,8,Emilia-Romagna,Emilia-Romagna,4459477,2200995,49.36,0.74
884,2021-02-02,EMR,9484,3053,6431,527,8957,ITH,ITH5,8,Emilia-Romagna,Emilia-Romagna,4459477,2210479,49.57,0.21
885,2021-05-13,EMR,35474,16333,19141,27721,7753,ITH,ITH5,8,Emilia-Romagna,Emilia-Romagna,4459477,2245953,50.36,0.8
886,2021-03-15,EMR,13267,6090,7177,6768,6499,ITH,ITH5,8,Emilia-Romagna,Emilia-Romagna,4459477,2259220,50.66,0.3
887,2021-02-04,EMR,9938,3207,6731,1250,8688,ITH,ITH5,8,Emilia-Romagna,Emilia-Romagna,4459477,2269158,50.88,0.22
888,2021-05-22,EMR,32672,14017,18655,16740,15932,ITH,ITH5,8,Emilia-Romagna,Emilia-Romagna,4459477,2301830,51.62,0.73
889,2021-04-09,EMR,25504,11566,13938,19813,5691,ITH,ITH5,8,Emilia-Romagna,Emilia-Romagna,4459477,2327334,52.19,0.57
890,2021-02-09,EMR,4153,1248,2905,2307,1846,ITH,ITH5,8,Emilia-Romagna,Emilia-Romagna,4459477,2331487,52.28,0.09
891,2021-05-01,EMR,28377,12763,15614,15608,12769,ITH,ITH5,8,Emilia-Romagna,Emilia-Romagna,4459477,2359864,52.92,0.64
892,2021-02-05,EMR,9316,2966,6350,1637,7679,ITH,ITH5,8,Emilia-Romagna,Emilia-Romagna,4459477,2369180,53.13,0.21
893,2021-04-14,EMR,27005,12824,14181,20907,6098,ITH,ITH5,8,Emilia-Romagna,Emilia-Romagna,4459477,2396185,53.73,0.61
894,2021-02-26,EMR,7866,2996,4870,6821,1045,ITH,ITH5,8,Emilia-Romagna,Emilia-Romagna,4459477,2404051,53.91,0.18
895,2021-02-12,EMR,5321,1679,3642,3918,1403,ITH,ITH5,8,Emilia-Romagna,Emilia-Romagna,4459477,2409372,54.03,0.12
896,2021-04-10,EMR,20904,9291,11613,16761,4143,ITH,ITH5,8,Emilia-Romagna,Emilia-Romagna,4459477,2430276,54.5,0.47
897,2021-04-17,EMR,27027,12931,14096,17731,9296,ITH,ITH5,8,Emilia-Romagna,Emilia-Romagna,4459477,2457303,55.1,0.61
898,2021-01-24,EMR,2443,885,1558,298,2145,ITH,ITH5,8,Emilia-Romagna,Emilia-Romagna,4459477,2459746,55.16,0.05
899,2021-01-17,EMR,2890,887,2003,2644,246,ITH,ITH5,8,Emilia-Romagna,Emilia-Romagna,4459477,2462636,55.22,0.06
900,2021-01-14,EMR,8128,2593,5535,8128,0,ITH,ITH5,8,Emilia-Romagna,Emilia-Romagna,4459477,2470764,55.4,0.18
901,2021-03-12,EMR,18110,7550,10560,11394,6716,ITH,ITH5,8,Emilia-Romagna,Emilia-Romagna,4459477,2488874,55.81,0.41
902,2021-03-31,EMR,25130,10949,14181,19674,5456,ITH,ITH5,8,Emilia-Romagna,Emilia-Romagna,4459477,2514004,56.37,0.56
903,2021-04-30,CAL,14908,7317,7591,10601,4307,ITF,ITF6,18,Calabria,Calabria,1947131,14908,0.77,0.77
904,2021-01-18,CAL,1262,568,694,1043,219,ITF,ITF6,18,Calabria,Calabria,1947131,16170,0.83,0.06
905,2021-03-27,CAL,8592,3900,4692,4585,4007,ITF,ITF6,18,Calabria,Calabria,1947131,24762,1.27,0.44
906,2021-04-13,CAL,6850,3338,3512,5541,1309,ITF,ITF6,18,Calabria,Calabria,1947131,31612,1.62,0.35
907,2021-02-20,CAL,1415,758,657,1097,318,ITF,ITF6,18,Calabria,Calabria,1947131,33027,1.7,0.07
908,2021-03-11,CAL,7237,3413,3824,5975,1262,ITF,ITF6,18,Calabria,Calabria,1947131,40264,2.07,0.37
909,2021-05-16,CAL,13774,6725,7049,9960,3814,ITF,ITF6,18,Calabria,Calabria,1947131,54038,2.78,0.71
910,2021-05-14,CAL,19943,9588,10355,13073,6870,ITF,ITF6,18,Calabria,Calabria,1947131,73981,3.8,1.02
911,2021-02-03,CAL,2764,1429,1335,581,2183,ITF,ITF6,18,Calabria,Calabria,1947131,76745,3.94,0.14
912,2021-01-23,CAL,400,186,214,358,42,ITF,ITF6,18,Calabria,Calabria,1947131,77145,3.96,0.02
913,2021-03-28,CAL,2567,1183,1384,1433,1134,ITF,ITF6,18,Calabria,Calabria,1947131,79712,4.09,0.13
914,2021-01-30,CAL,2178,1149,1029,358,1820,ITF,ITF6,18,Calabria,Calabria,1947131,81890,4.21,0.11
915,2021-02-17,CAL,1831,796,1035,1620,211,ITF,ITF6,18,Calabria,Calabria,1947131,83721,4.3,0.09
916,2021-04-08,CAL,9474,4462,5012,5835,3639,ITF,ITF6,18,Calabria,Calabria,1947131,93195,4.79,0.49
917,2021-04-01,CAL,8546,3870,4676,3979,4567,ITF,ITF6,18,Calabria,Calabria,1947131,101741,5.23,0.44
918,2021-05-21,CAL,21314,10848,10466,13955,7359,ITF,ITF6,18,Calabria,Calabria,1947131,123055,6.32,1.09
919,2021-04-11,CAL,4165,1894,2271,2223,1942,ITF,ITF6,18,Calabria,Calabria,1947131,127220,6.53,0.21
920,2021-01-03,CAL,6,3,3,6,0,ITF,ITF6,18,Calabria,Calabria,1947131,127226,6.53,0.0
921,2021-03-08,CAL,5386,2878,2508,4324,1062,ITF,ITF6,18,Calabria,Calabria,1947131,132612,6.81,0.28
922,2021-01-20,CAL,1397,624,773,1396,1,ITF,ITF6,18,Calabria,Calabria,1947131,134009,6.88,0.07
923,2021-03-25,CAL,7380,3459,3921,4547,2833,ITF,ITF6,18,Calabria,Calabria,1947131,141389,7.26,0.38
924,2021-04-18,CAL,5837,2788,3049,4930,907,ITF,ITF6,18,Calabria,Calabria,1947131,147226,7.56,0.3
925,2021-02-13,CAL,1394,603,791,1031,363,ITF,ITF6,18,Calabria,Calabria,1947131,148620,7.63,0.07
926,2021-04-04,CAL,1763,887,876,1262,501,ITF,ITF6,18,Calabria,Calabria,1947131,150383,7.72,0.09
927,2021-03-18,CAL,4368,2037,2331,2342,2026,ITF,ITF6,18,Calabria,Calabria,1947131,154751,7.95,0.22
928,2021-01-27,CAL,1456,733,723,396,1060,ITF,ITF6,18,Calabria,Calabria,1947131,156207,8.02,0.07
929,2021-01-06,CAL,928,501,427,928,0,ITF,ITF6,18,Calabria,Calabria,1947131,157135,8.07,0.05
930,2021-01-13,CAL,2031,1023,1008,2031,0,ITF,ITF6,18,Calabria,Calabria,1947131,159166,8.17,0.1
931,2021-04-16,CAL,10350,5058,5292,8698,1652,ITF,ITF6,18,Calabria,Calabria,1947131,169516,8.71,0.53
932,2021-02-18,CAL,1822,825,997,1596,226,ITF,ITF6,18,Calabria,Calabria,1947131,171338,8.8,0.09
933,2021-04-23,CAL,12849,6330,6519,9453,3396,ITF,ITF6,18,Calabria,Calabria,1947131,184187,9.46,0.66
934,2021-01-15,CAL,2795,1258,1537,2795,0,ITF,ITF6,18,Calabria,Calabria,1947131,186982,9.6,0.14
935,2021-03-20,CAL,6688,3065,3623,4196,2492,ITF,ITF6,18,Calabria,Calabria,1947131,193670,9.95,0.34
936,2021-03-13,CAL,6825,2980,3845,5857,968,ITF,ITF6,18,Calabria,Calabria,1947131,200495,10.3,0.35
937,2021-04-25,CAL,15835,8033,7802,14698,1137,ITF,ITF6,18,Calabria,Calabria,1947131,216330,11.11,0.81
938,2021-03-04,CAL,5453,3176,2277,4657,796,ITF,ITF6,18,Calabria,Calabria,1947131,221783,11.39,0.28
939,2021-01-29,CAL,2043,984,1059,230,1813,ITF,ITF6,18,Calabria,Calabria,1947131,223826,11.5,0.1
940,2021-05-02,CAL,12490,5828,6662,10650,1840,ITF,ITF6,18,Calabria,Calabria,1947131,236316,12.14,0.64
941,2021-03-29,CAL,5687,2405,3282,3931,1756,ITF,ITF6,18,Calabria,Calabria,1947131,242003,12.43,0.29
942,2021-03-09,CAL,6242,3224,3018,5263,979,ITF,ITF6,18,Calabria,Calabria,1947131,248245,12.75,0.32
943,2021-04-27,CAL,9930,4885,5045,7989,1941,ITF,ITF6,18,Calabria,Calabria,1947131,258175,13.26,0.51
944,2021-02-22,CAL,2031,1028,1003,1475,556,ITF,ITF6,18,Calabria,Calabria,1947131,260206,13.36,0.1
945,2021-05-07,CAL,16063,7572,8491,9696,6367,ITF,ITF6,18,Calabria,Calabria,1947131,276269,14.19,0.82
946,2021-05-24,CAL,17675,8804,8871,10003,7672,ITF,ITF6,18,Calabria,Calabria,1947131,293944,15.1,0.91
947,2021-01-08,CAL,2134,1022,1112,2134,0,ITF,ITF6,18,Calabria,Calabria,1947131,296078,15.21,0.11
948,2021-02-27,CAL,3898,2009,1889,3519,379,ITF,ITF6,18,Calabria,Calabria,1947131,299976,15.41,0.2
949,2021-02-01,CAL,2494,1191,1303,243,2251,ITF,ITF6,18,Calabria,Calabria,1947131,302470,15.53,0.13
950,2021-05-26,CAL,18478,9130,9348,10289,8189,ITF,ITF6,18,Calabria,Calabria,1947131,320948,16.48,0.95
951,2021-03-30,CAL,6182,2653,3529,3485,2697,ITF,ITF6,18,Calabria,Calabria,1947131,327130,16.8,0.32
952,2021-05-19,CAL,18441,9136,9305,11422,7019,ITF,ITF6,18,Calabria,Calabria,1947131,345571,17.75,0.95
953,2021-03-23,CAL,5252,2459,2793,3443,1809,ITF,ITF6,18,Calabria,Calabria,1947131,350823,18.02,0.27
954,2021-05-12,CAL,16310,7918,8392,10886,5424,ITF,ITF6,18,Calabria,Calabria,1947131,367133,18.86,0.84
955,2020-12-27,CAL,281,156,125,281,0,ITF,ITF6,18,Calabria,Calabria,1947131,367414,18.87,0.01
956,2021-02-15,CAL,1139,539,600,990,149,ITF,ITF6,18,Calabria,Calabria,1947131,368553,18.93,0.06
957,2021-04-06,CAL,7526,3395,4131,4197,3329,ITF,ITF6,18,Calabria,Calabria,1947131,376079,19.31,0.39
958,2021-02-06,CAL,2906,1337,1569,442,2464,ITF,ITF6,18,Calabria,Calabria,1947131,378985,19.46,0.15
959,2021-04-15,CAL,7605,3725,3880,5981,1624,ITF,ITF6,18,Calabria,Calabria,1947131,386590,19.85,0.39
960,2021-02-10,CAL,2508,1077,1431,884,1624,ITF,ITF6,18,Calabria,Calabria,1947131,389098,19.98,0.13
961,2021-05-28,CAL,5534,2791,2743,2707,2827,ITF,ITF6,18,Calabria,Calabria,1947131,394632,20.27,0.28
962,2021-02-11,CAL,2331,1041,1290,1082,1249,ITF,ITF6,18,Calabria,Calabria,1947131,396963,20.39,0.12
963,2021-05-23,CAL,11370,5553,5817,7038,4332,ITF,ITF6,18,Calabria,Calabria,1947131,408333,20.97,0.58
964,2021-01-04,CAL,1051,517,534,1051,0,ITF,ITF6,18,Calabria,Calabria,1947131,409384,21.02,0.05
965,2021-01-25,CAL,1066,513,553,148,918,ITF,ITF6,18,Calabria,Calabria,1947131,410450,21.08,0.05
966,2021-01-11,CAL,2155,1041,1114,2155,0,ITF,ITF6,18,Calabria,Calabria,1947131,412605,21.19,0.11
967,2021-05-05,CAL,13613,6517,7096,8487,5126,ITF,ITF6,18,Calabria,Calabria,1947131,426218,21.89,0.7
968,2021-03-02,CAL,4367,2489,1878,3611,756,ITF,ITF6,18,Calabria,Calabria,1947131,430585,22.11,0.22
969,2021-03-16,CAL,3833,1882,1951,2174,1659,ITF,ITF6,18,Calabria,Calabria,1947131,434418,22.31,0.2
970,2021-03-01,CAL,2723,1545,1178,2269,454,ITF,ITF6,18,Calabria,Calabria,1947131,437141,22.45,0.14
971,2021-01-10,CAL,929,524,405,929,0,ITF,ITF6,18,Calabria,Calabria,1947131,438070,22.5,0.05
972,2021-02-25,CAL,2866,1545,1321,2280,586,ITF,ITF6,18,Calabria,Calabria,1947131,440936,22.65,0.15
973,2021-05-04,CAL,16283,7481,8802,11655,4628,ITF,ITF6,18,Calabria,Calabria,1947131,457219,23.48,0.84
974,2021-01-22,CAL,658,274,384,656,2,ITF,ITF6,18,Calabria,Calabria,1947131,457877,23.52,0.03
975,2021-03-06,CAL,8310,4288,4022,7518,792,ITF,ITF6,18,Calabria,Calabria,1947131,466187,23.94,0.43
976,2021-05-09,CAL,9669,4499,5170,6137,3532,ITF,ITF6,18,Calabria,Calabria,1947131,475856,24.44,0.5
977,2021-03-10,CAL,6547,3309,3238,5268,1279,ITF,ITF6,18,Calabria,Calabria,1947131,482403,24.78,0.34
978,2021-05-13,CAL,15871,7612,8259,11213,4658,ITF,ITF6,18,Calabria,Calabria,1947131,498274,25.59,0.82
979,2021-05-17,CAL,15078,7534,7544,10356,4722,ITF,ITF6,18,Calabria,Calabria,1947131,513352,26.36,0.77
980,2021-02-04,CAL,3475,1659,1816,652,2823,ITF,ITF6,18,Calabria,Calabria,1947131,516827,26.54,0.18
981,2021-02-21,CAL,609,286,323,532,77,ITF,ITF6,18,Calabria,Calabria,1947131,517436,26.57,0.03
982,2021-01-05,CAL,1460,681,779,1460,0,ITF,ITF6,18,Calabria,Calabria,1947131,518896,26.65,0.07
983,2021-03-14,CAL,2687,1060,1627,2274,413,ITF,ITF6,18,Calabria,Calabria,1947131,521583,26.79,0.14
984,2021-02-19,CAL,1508,681,827,1247,261,ITF,ITF6,18,Calabria,Calabria,1947131,523091,26.86,0.08
985,2021-04-28,CAL,12531,6060,6471,9673,2858,ITF,ITF6,18,Calabria,Calabria,1947131,535622,27.51,0.64
986,2021-01-16,CAL,2394,1120,1274,2394,0,ITF,ITF6,18,Calabria,Calabria,1947131,538016,27.63,0.12
987,2021-05-15,CAL,26668,12748,13920,19897,6771,ITF,ITF6,18,Calabria,Calabria,1947131,564684,29.0,1.37
988,2021-02-02,CAL,2288,1114,1174,177,2111,ITF,ITF6,18,Calabria,Calabria,1947131,566972,29.12,0.12
989,2021-01-26,CAL,1804,858,946,278,1526,ITF,ITF6,18,Calabria,Calabria,1947131,568776,29.21,0.09
990,2021-04-05,CAL,3501,1648,1853,2602,899,ITF,ITF6,18,Calabria,Calabria,1947131,572277,29.39,0.18
991,2021-05-25,CAL,16428,8003,8425,10330,6098,ITF,ITF6,18,Calabria,Calabria,1947131,588705,30.23,0.84
992,2021-04-22,CAL,9614,4794,4820,6777,2837,ITF,ITF6,18,Calabria,Calabria,1947131,598319,30.73,0.49
993,2021-01-09,CAL,1923,1040,883,1923,0,ITF,ITF6,18,Calabria,Calabria,1947131,600242,30.83,0.1
994,2021-04-24,CAL,19017,9487,9530,15591,3426,ITF,ITF6,18,Calabria,Calabria,1947131,619259,31.8,0.98
995,2021-02-26,CAL,3061,1631,1430,2609,452,ITF,ITF6,18,Calabria,Calabria,1947131,622320,31.96,0.16
996,2021-01-07,CAL,2183,1064,1119,2183,0,ITF,ITF6,18,Calabria,Calabria,1947131,624503,32.07,0.11
997,2021-04-17,CAL,10846,5083,5763,9047,1799,ITF,ITF6,18,Calabria,Calabria,1947131,635349,32.63,0.56
998,2021-05-01,CAL,16611,7919,8692,12414,4197,ITF,ITF6,18,Calabria,Calabria,1947131,651960,33.48,0.85
999,2021-03-05,CAL,6212,3607,2605,5639,573,ITF,ITF6,18,Calabria,Calabria,1947131,658172,33.8,0.32
1000,2021-03-12,CAL,5110,2451,2659,4040,1070,ITF,ITF6,18,Calabria,Calabria,1947131,663282,34.06,0.26
1001,2021-01-14,CAL,2634,1248,1386,2634,0,ITF,ITF6,18,Calabria,Calabria,1947131,665916,34.2,0.14
1002,2021-01-21,CAL,960,445,515,930,30,ITF,ITF6,18,Calabria,Calabria,1947131,666876,34.25,0.05
1003,2021-03-24,CAL,7590,3454,4136,4357,3233,ITF,ITF6,18,Calabria,Calabria,1947131,674466,34.64,0.39
1004,2021-04-12,CAL,6901,3349,3552,5248,1653,ITF,ITF6,18,Calabria,Calabria,1947131,681367,34.99,0.35
1005,2021-01-19,CAL,1111,490,621,1101,10,ITF,ITF6,18,Calabria,Calabria,1947131,682478,35.05,0.06
1006,2021-01-17,CAL,867,418,449,801,66,ITF,ITF6,18,Calabria,Calabria,1947131,683345,35.09,0.04
1007,2021-04-29,CAL,11792,5734,6058,8286,3506,ITF,ITF6,18,Calabria,Calabria,1947131,695137,35.7,0.61
1008,2021-02-08,CAL,1847,733,1114,661,1186,ITF,ITF6,18,Calabria,Calabria,1947131,696984,35.8,0.09
1009,2021-02-12,CAL,1710,667,1043,945,765,ITF,ITF6,18,Calabria,Calabria,1947131,698694,35.88,0.09
1010,2021-04-03,CAL,8858,3800,5058,4239,4619,ITF,ITF6,18,Calabria,Calabria,1947131,707552,36.34,0.45
1011,2021-01-28,CAL,2234,1108,1126,83,2151,ITF,ITF6,18,Calabria,Calabria,1947131,709786,36.45,0.11
1012,2021-05-22,CAL,22069,10519,11550,14222,7847,ITF,ITF6,18,Calabria,Calabria,1947131,731855,37.59,1.13
1013,2021-04-02,CAL,8153,3712,4441,4329,3824,ITF,ITF6,18,Calabria,Calabria,1947131,740008,38.01,0.42
1014,2021-05-08,CAL,18265,8321,9944,10454,7811,ITF,ITF6,18,Calabria,Calabria,1947131,758273,38.94,0.94
1015,2021-03-19,CAL,4186,1947,2239,1900,2286,ITF,ITF6,18,Calabria,Calabria,1947131,762459,39.16,0.21
1016,2021-04-10,CAL,11372,5125,6247,6558,4814,ITF,ITF6,18,Calabria,Calabria,1947131,773831,39.74,0.58
1017,2021-02-05,CAL,3799,1710,2089,490,3309,ITF,ITF6,18,Calabria,Calabria,1947131,777630,39.94,0.2
1018,2021-03-26,CAL,7744,3674,4070,4626,3118,ITF,ITF6,18,Calabria,Calabria,1947131,785374,40.33,0.4
1019,2021-04-20,CAL,7837,3947,3890,6109,1728,ITF,ITF6,18,Calabria,Calabria,1947131,793211,40.74,0.4
1020,2021-04-21,CAL,11562,5811,5751,8638,2924,ITF,ITF6,18,Calabria,Calabria,1947131,804773,41.33,0.59
1021,2021-01-31,CAL,1108,555,553,154,954,ITF,ITF6,18,Calabria,Calabria,1947131,805881,41.39,0.06
1022,2020-12-28,CAL,6,2,4,6,0,ITF,ITF6,18,Calabria,Calabria,1947131,805887,41.39,0.0
1023,2021-04-09,CAL,7935,3716,4219,5009,2926,ITF,ITF6,18,Calabria,Calabria,1947131,813822,41.8,0.41
1024,2021-03-31,CAL,8871,4027,4844,4916,3955,ITF,ITF6,18,Calabria,Calabria,1947131,822693,42.25,0.46
1025,2021-05-11,CAL,15125,7313,7812,10351,4774,ITF,ITF6,18,Calabria,Calabria,1947131,837818,43.03,0.78
1026,2021-01-24,CAL,44,18,26,39,5,ITF,ITF6,18,Calabria,Calabria,1947131,837862,43.03,0.0
1027,2021-02-23,CAL,1590,753,837,1475,115,ITF,ITF6,18,Calabria,Calabria,1947131,839452,43.11,0.08
1028,2021-04-07,CAL,6435,2905,3530,3714,2721,ITF,ITF6,18,Calabria,Calabria,1947131,845887,43.44,0.33
1029,2021-02-14,CAL,460,209,251,430,30,ITF,ITF6,18,Calabria,Calabria,1947131,846347,43.47,0.02
1030,2021-03-17,CAL,3938,1753,2185,2102,1836,ITF,ITF6,18,Calabria,Calabria,1947131,850285,43.67,0.2
1031,2021-05-06,CAL,13271,6275,6996,8985,4286,ITF,ITF6,18,Calabria,Calabria,1947131,863556,44.35,0.68
1032,2021-04-19,CAL,7822,3773,4049,6174,1648,ITF,ITF6,18,Calabria,Calabria,1947131,871378,44.75,0.4
1033,2021-02-28,CAL,2253,1026,1227,2101,152,ITF,ITF6,18,Calabria,Calabria,1947131,873631,44.87,0.12
1034,2021-01-12,CAL,2063,1020,1043,2063,0,ITF,ITF6,18,Calabria,Calabria,1947131,875694,44.97,0.11
1035,2021-02-24,CAL,1847,942,905,1372,475,ITF,ITF6,18,Calabria,Calabria,1947131,877541,45.07,0.09
1036,2021-03-03,CAL,4999,2729,2270,3928,1071,ITF,ITF6,18,Calabria,Calabria,1947131,882540,45.33,0.26
1037,2021-05-03,CAL,14739,6754,7985,10533,4206,ITF,ITF6,18,Calabria,Calabria,1947131,897279,46.08,0.76
1038,2021-03-21,CAL,4452,1924,2528,2727,1725,ITF,ITF6,18,Calabria,Calabria,1947131,901731,46.31,0.23
1039,2021-03-07,CAL,3313,1682,1631,3224,89,ITF,ITF6,18,Calabria,Calabria,1947131,905044,46.48,0.17
1040,2021-05-10,CAL,13138,6094,7044,7736,5402,ITF,ITF6,18,Calabria,Calabria,1947131,918182,47.16,0.67
1041,2021-05-20,CAL,16898,8438,8460,11293,5605,ITF,ITF6,18,Calabria,Calabria,1947131,935080,48.02,0.87
1042,2021-02-07,CAL,859,427,432,147,712,ITF,ITF6,18,Calabria,Calabria,1947131,935939,48.07,0.04
1043,2021-03-15,CAL,3542,1682,1860,2107,1435,ITF,ITF6,18,Calabria,Calabria,1947131,939481,48.25,0.18
1044,2021-05-18,CAL,15545,7785,7760,12079,3466,ITF,ITF6,18,Calabria,Calabria,1947131,955026,49.05,0.8
1045,2021-03-22,CAL,4880,2289,2591,3129,1751,ITF,ITF6,18,Calabria,Calabria,1947131,959906,49.3,0.25
1046,2021-04-14,CAL,8155,3928,4227,6701,1454,ITF,ITF6,18,Calabria,Calabria,1947131,968061,49.72,0.42
1047,2021-02-16,CAL,1733,732,1001,1455,278,ITF,ITF6,18,Calabria,Calabria,1947131,969794,49.81,0.09
1048,2021-02-09,CAL,2147,905,1242,948,1199,ITF,ITF6,18,Calabria,Calabria,1947131,971941,49.92,0.11
1049,2021-05-27,CAL,17442,8587,8855,9740,7702,ITF,ITF6,18,Calabria,Calabria,1947131,989383,50.81,0.9
1050,2021-04-26,CAL,10207,5075,5132,7786,2421,ITF,ITF6,18,Calabria,Calabria,1947131,999590,51.34,0.52
1051,2021-01-02,CAL,165,94,71,165,0,ITF,ITF6,18,Calabria,Calabria,1947131,999755,51.35,0.01
1052,2021-02-24,ABR,3305,1441,1864,3129,176,ITF,ITF1,13,Abruzzo,Abruzzo,1304970,3305,0.25,0.25
1053,2021-05-16,ABR,9580,4139,5441,5764,3816,ITF,ITF1,13,Abruzzo,Abruzzo,1304970,12885,0.99,0.73
1054,2021-01-21,ABR,157,47,110,157,0,ITF,ITF1,13,Abruzzo,Abruzzo,1304970,13042,1.0,0.01
1055,2021-02-07,ABR,777,307,470,201,576,ITF,ITF1,13,Abruzzo,Abruzzo,1304970,13819,1.06,0.06
1056,2021-05-20,ABR,12546,5784,6762,7330,5216,ITF,ITF1,13,Abruzzo,Abruzzo,1304970,26365,2.02,0.96
1057,2021-01-22,ABR,118,57,61,118,0,ITF,ITF1,13,Abruzzo,Abruzzo,1304970,26483,2.03,0.01
1058,2021-03-27,ABR,6121,2620,3501,3636,2485,ITF,ITF1,13,Abruzzo,Abruzzo,1304970,32604,2.5,0.47
1059,2021-03-12,ABR,6014,1985,4029,4432,1582,ITF,ITF1,13,Abruzzo,Abruzzo,1304970,38618,2.96,0.46
1060,2021-02-25,ABR,3042,1330,1712,2514,528,ITF,ITF1,13,Abruzzo,Abruzzo,1304970,41660,3.19,0.23
1061,2021-02-03,ABR,2061,717,1344,419,1642,ITF,ITF1,13,Abruzzo,Abruzzo,1304970,43721,3.35,0.16
1062,2021-02-28,ABR,1704,510,1194,1702,2,ITF,ITF1,13,Abruzzo,Abruzzo,1304970,45425,3.48,0.13
1063,2021-04-12,ABR,6223,2949,3274,5049,1174,ITF,ITF1,13,Abruzzo,Abruzzo,1304970,51648,3.96,0.48
1064,2021-02-05,ABR,1534,521,1013,788,746,ITF,ITF1,13,Abruzzo,Abruzzo,1304970,53182,4.08,0.12
1065,2021-05-18,ABR,12119,5664,6455,7736,4383,ITF,ITF1,13,Abruzzo,Abruzzo,1304970,65301,5.0,0.93
1066,2021-02-22,ABR,2642,1173,1469,2612,30,ITF,ITF1,13,Abruzzo,Abruzzo,1304970,67943,5.21,0.2
1067,2021-01-19,ABR,111,55,56,91,20,ITF,ITF1,13,Abruzzo,Abruzzo,1304970,68054,5.21,0.01
1068,2021-05-01,ABR,10744,5051,5693,5769,4975,ITF,ITF1,13,Abruzzo,Abruzzo,1304970,78798,6.04,0.82
1069,2021-03-22,ABR,4281,1852,2429,2311,1970,ITF,ITF1,13,Abruzzo,Abruzzo,1304970,83079,6.37,0.33
1070,2021-05-11,ABR,10737,5097,5640,5909,4828,ITF,ITF1,13,Abruzzo,Abruzzo,1304970,93816,7.19,0.82
1071,2021-04-08,ABR,7338,3317,4021,5060,2278,ITF,ITF1,13,Abruzzo,Abruzzo,1304970,101154,7.75,0.56
1072,2021-01-12,ABR,1804,666,1138,1804,0,ITF,ITF1,13,Abruzzo,Abruzzo,1304970,102958,7.89,0.14
1073,2021-05-25,ABR,11214,5196,6018,8092,3122,ITF,ITF1,13,Abruzzo,Abruzzo,1304970,114172,8.75,0.86
1074,2021-04-03,ABR,5084,2220,2864,3488,1596,ITF,ITF1,13,Abruzzo,Abruzzo,1304970,119256,9.14,0.39
1075,2021-02-12,ABR,1228,567,661,1039,189,ITF,ITF1,13,Abruzzo,Abruzzo,1304970,120484,9.23,0.09
1076,2021-04-10,ABR,8771,4057,4714,6263,2508,ITF,ITF1,13,Abruzzo,Abruzzo,1304970,129255,9.9,0.67
1077,2021-05-23,ABR,9875,4696,5179,7189,2686,ITF,ITF1,13,Abruzzo,Abruzzo,1304970,139130,10.66,0.76
1078,2021-01-07,ABR,1603,552,1051,1603,0,ITF,ITF1,13,Abruzzo,Abruzzo,1304970,140733,10.78,0.12
1079,2021-04-17,ABR,7346,3398,3948,4293,3053,ITF,ITF1,13,Abruzzo,Abruzzo,1304970,148079,11.35,0.56
1080,2021-02-19,ABR,3300,1551,1749,3200,100,ITF,ITF1,13,Abruzzo,Abruzzo,1304970,151379,11.6,0.25
1081,2021-05-15,ABR,11423,5174,6249,6127,5296,ITF,ITF1,13,Abruzzo,Abruzzo,1304970,162802,12.48,0.88
1082,2021-03-15,ABR,3628,1393,2235,1820,1808,ITF,ITF1,13,Abruzzo,Abruzzo,1304970,166430,12.75,0.28
1083,2021-01-10,ABR,1139,409,730,1139,0,ITF,ITF1,13,Abruzzo,Abruzzo,1304970,167569,12.84,0.09
1084,2021-01-15,ABR,379,149,230,379,0,ITF,ITF1,13,Abruzzo,Abruzzo,1304970,167948,12.87,0.03
1085,2021-04-27,ABR,9084,4370,4714,6616,2468,ITF,ITF1,13,Abruzzo,Abruzzo,1304970,177032,13.57,0.7
1086,2021-02-09,ABR,908,311,597,499,409,ITF,ITF1,13,Abruzzo,Abruzzo,1304970,177940,13.64,0.07
1087,2021-03-24,ABR,6386,2785,3601,4134,2252,ITF,ITF1,13,Abruzzo,Abruzzo,1304970,184326,14.12,0.49
1088,2021-01-05,ABR,1614,604,1010,1614,0,ITF,ITF1,13,Abruzzo,Abruzzo,1304970,185940,14.25,0.12
1089,2021-01-03,ABR,471,185,286,471,0,ITF,ITF1,13,Abruzzo,Abruzzo,1304970,186411,14.28,0.04
1090,2021-04-15,ABR,7781,3647,4134,5941,1840,ITF,ITF1,13,Abruzzo,Abruzzo,1304970,194192,14.88,0.6
1091,2021-03-29,ABR,5624,2524,3100,2985,2639,ITF,ITF1,13,Abruzzo,Abruzzo,1304970,199816,15.31,0.43
1092,2021-03-03,ABR,4621,1879,2742,3715,906,ITF,ITF1,13,Abruzzo,Abruzzo,1304970,204437,15.67,0.35
1093,2021-04-22,ABR,6662,3193,3469,4981,1681,ITF,ITF1,13,Abruzzo,Abruzzo,1304970,211099,16.18,0.51
1094,2021-02-17,ABR,2071,948,1123,1789,282,ITF,ITF1,13,Abruzzo,Abruzzo,1304970,213170,16.34,0.16
1095,2021-04-05,ABR,2693,1147,1546,1813,880,ITF,ITF1,13,Abruzzo,Abruzzo,1304970,215863,16.54,0.21
1096,2021-01-31,ABR,1501,487,1014,286,1215,ITF,ITF1,13,Abruzzo,Abruzzo,1304970,217364,16.66,0.12
1097,2021-02-10,ABR,947,312,635,503,444,ITF,ITF1,13,Abruzzo,Abruzzo,1304970,218311,16.73,0.07
1098,2021-01-02,ABR,548,218,330,548,0,ITF,ITF1,13,Abruzzo,Abruzzo,1304970,218859,16.77,0.04
1099,2021-04-26,ABR,8564,4067,4497,7349,1215,ITF,ITF1,13,Abruzzo,Abruzzo,1304970,227423,17.43,0.66
1100,2021-04-19,ABR,6227,2857,3370,3856,2371,ITF,ITF1,13,Abruzzo,Abruzzo,1304970,233650,17.9,0.48
1101,2021-02-21,ABR,1218,550,668,1217,1,ITF,ITF1,13,Abruzzo,Abruzzo,1304970,234868,18.0,0.09
1102,2021-03-20,ABR,4787,2197,2590,2618,2169,ITF,ITF1,13,Abruzzo,Abruzzo,1304970,239655,18.36,0.37
1103,2021-01-29,ABR,1386,449,937,74,1312,ITF,ITF1,13,Abruzzo,Abruzzo,1304970,241041,18.47,0.11
1104,2021-03-19,ABR,5794,2584,3210,2774,3020,ITF,ITF1,13,Abruzzo,Abruzzo,1304970,246835,18.91,0.44
1105,2021-05-08,ABR,10302,4876,5426,6466,3836,ITF,ITF1,13,Abruzzo,Abruzzo,1304970,257137,19.7,0.79
1106,2021-01-14,ABR,530,189,341,530,0,ITF,ITF1,13,Abruzzo,Abruzzo,1304970,257667,19.75,0.04
1107,2021-03-05,ABR,5346,1957,3389,4649,697,ITF,ITF1,13,Abruzzo,Abruzzo,1304970,263013,20.15,0.41
1108,2021-04-24,ABR,8710,3970,4740,7179,1531,ITF,ITF1,13,Abruzzo,Abruzzo,1304970,271723,20.82,0.67
1109,2021-01-24,ABR,50,22,28,6,44,ITF,ITF1,13,Abruzzo,Abruzzo,1304970,271773,20.83,0.0
1110,2021-05-04,ABR,10719,5050,5669,7102,3617,ITF,ITF1,13,Abruzzo,Abruzzo,1304970,282492,21.65,0.82
1111,2021-03-08,ABR,5121,1666,3455,4149,972,ITF,ITF1,13,Abruzzo,Abruzzo,1304970,287613,22.04,0.39
1112,2021-03-01,ABR,3477,1384,2093,2725,752,ITF,ITF1,13,Abruzzo,Abruzzo,1304970,291090,22.31,0.27
1113,2021-02-02,ABR,1778,672,1106,222,1556,ITF,ITF1,13,Abruzzo,Abruzzo,1304970,292868,22.44,0.14
1114,2021-03-31,ABR,6648,2879,3769,4581,2067,ITF,ITF1,13,Abruzzo,Abruzzo,1304970,299516,22.95,0.51
1115,2021-05-13,ABR,11149,5043,6106,7188,3961,ITF,ITF1,13,Abruzzo,Abruzzo,1304970,310665,23.81,0.85
1116,2021-03-10,ABR,4947,1638,3309,3991,956,ITF,ITF1,13,Abruzzo,Abruzzo,1304970,315612,24.19,0.38
1117,2021-01-26,ABR,1542,567,975,30,1512,ITF,ITF1,13,Abruzzo,Abruzzo,1304970,317154,24.3,0.12
1118,2021-05-06,ABR,13007,6066,6941,7983,5024,ITF,ITF1,13,Abruzzo,Abruzzo,1304970,330161,25.3,1.0
1119,2020-12-27,ABR,37,19,18,37,0,ITF,ITF1,13,Abruzzo,Abruzzo,1304970,330198,25.3,0.0
1120,2021-05-27,ABR,12937,5880,7057,8241,4696,ITF,ITF1,13,Abruzzo,Abruzzo,1304970,343135,26.29,0.99
1121,2021-04-07,ABR,7130,3283,3847,4405,2725,ITF,ITF1,13,Abruzzo,Abruzzo,1304970,350265,26.84,0.55
1122,2021-04-29,ABR,12669,5850,6819,9574,3095,ITF,ITF1,13,Abruzzo,Abruzzo,1304970,362934,27.81,0.97
1123,2021-01-17,ABR,187,59,128,180,7,ITF,ITF1,13,Abruzzo,Abruzzo,1304970,363121,27.83,0.01
1124,2021-03-17,ABR,4540,1873,2667,2800,1740,ITF,ITF1,13,Abruzzo,Abruzzo,1304970,367661,28.17,0.35
1125,2021-01-04,ABR,1401,575,826,1401,0,ITF,ITF1,13,Abruzzo,Abruzzo,1304970,369062,28.28,0.11
1126,2021-04-16,ABR,7535,3488,4047,5618,1917,ITF,ITF1,13,Abruzzo,Abruzzo,1304970,376597,28.86,0.58
1127,2021-05-03,ABR,11110,5241,5869,7260,3850,ITF,ITF1,13,Abruzzo,Abruzzo,1304970,387707,29.71,0.85
1128,2021-03-13,ABR,4124,1420,2704,3082,1042,ITF,ITF1,13,Abruzzo,Abruzzo,1304970,391831,30.03,0.32
1129,2021-03-30,ABR,5056,2197,2859,3232,1824,ITF,ITF1,13,Abruzzo,Abruzzo,1304970,396887,30.41,0.39
1130,2021-01-16,ABR,928,428,500,928,0,ITF,ITF1,13,Abruzzo,Abruzzo,1304970,397815,30.48,0.07
1131,2021-01-09,ABR,1483,565,918,1483,0,ITF,ITF1,13,Abruzzo,Abruzzo,1304970,399298,30.6,0.11
1132,2021-03-25,ABR,5686,2561,3125,3070,2616,ITF,ITF1,13,Abruzzo,Abruzzo,1304970,404984,31.03,0.44
1133,2021-05-21,ABR,13004,6328,6676,8028,4976,ITF,ITF1,13,Abruzzo,Abruzzo,1304970,417988,32.03,1.0
1134,2021-03-18,ABR,3896,1651,2245,2065,1831,ITF,ITF1,13,Abruzzo,Abruzzo,1304970,421884,32.33,0.3
1135,2021-05-07,ABR,12203,5707,6496,7772,4431,ITF,ITF1,13,Abruzzo,Abruzzo,1304970,434087,33.26,0.94
1136,2021-03-28,ABR,2415,1017,1398,2044,371,ITF,ITF1,13,Abruzzo,Abruzzo,1304970,436502,33.45,0.19
1137,2021-01-23,ABR,263,114,149,57,206,ITF,ITF1,13,Abruzzo,Abruzzo,1304970,436765,33.47,0.02
1138,2021-04-14,ABR,6502,2896,3606,4423,2079,ITF,ITF1,13,Abruzzo,Abruzzo,1304970,443267,33.97,0.5
1139,2021-03-11,ABR,5435,2192,3243,4296,1139,ITF,ITF1,13,Abruzzo,Abruzzo,1304970,448702,34.38,0.42
1140,2021-01-06,ABR,1830,664,1166,1830,0,ITF,ITF1,13,Abruzzo,Abruzzo,1304970,450532,34.52,0.14
1141,2021-01-30,ABR,1510,567,943,69,1441,ITF,ITF1,13,Abruzzo,Abruzzo,1304970,452042,34.64,0.12
1142,2021-03-21,ABR,2134,913,1221,843,1291,ITF,ITF1,13,Abruzzo,Abruzzo,1304970,454176,34.8,0.16
1143,2021-05-28,ABR,3585,1711,1874,2233,1352,ITF,ITF1,13,Abruzzo,Abruzzo,1304970,457761,35.08,0.27
1144,2021-01-13,ABR,1253,440,813,1253,0,ITF,ITF1,13,Abruzzo,Abruzzo,1304970,459014,35.17,0.1
1145,2021-03-04,ABR,5937,2358,3579,5016,921,ITF,ITF1,13,Abruzzo,Abruzzo,1304970,464951,35.63,0.45
1146,2021-02-26,ABR,3914,1670,2244,2946,968,ITF,ITF1,13,Abruzzo,Abruzzo,1304970,468865,35.93,0.3
1147,2021-04-09,ABR,8791,4139,4652,6252,2539,ITF,ITF1,13,Abruzzo,Abruzzo,1304970,477656,36.6,0.67
1148,2021-04-04,ABR,1630,767,863,1501,129,ITF,ITF1,13,Abruzzo,Abruzzo,1304970,479286,36.73,0.12
1149,2021-04-02,ABR,6684,3093,3591,5197,1487,ITF,ITF1,13,Abruzzo,Abruzzo,1304970,485970,37.24,0.51
1150,2021-02-04,ABR,1679,615,1064,609,1070,ITF,ITF1,13,Abruzzo,Abruzzo,1304970,487649,37.37,0.13
1151,2021-02-27,ABR,2812,1338,1474,2546,266,ITF,ITF1,13,Abruzzo,Abruzzo,1304970,490461,37.58,0.22
1152,2021-03-06,ABR,4176,1357,2819,3606,570,ITF,ITF1,13,Abruzzo,Abruzzo,1304970,494637,37.9,0.32
1153,2021-02-23,ABR,2782,1275,1507,2771,11,ITF,ITF1,13,Abruzzo,Abruzzo,1304970,497419,38.12,0.21
1154,2021-02-08,ABR,1197,396,801,487,710,ITF,ITF1,13,Abruzzo,Abruzzo,1304970,498616,38.21,0.09
1155,2021-04-13,ABR,5880,2753,3127,4680,1200,ITF,ITF1,13,Abruzzo,Abruzzo,1304970,504496,38.66,0.45
1156,2021-05-19,ABR,10694,5110,5584,7655,3039,ITF,ITF1,13,Abruzzo,Abruzzo,1304970,515190,39.48,0.82
1157,2021-01-18,ABR,122,48,74,46,76,ITF,ITF1,13,Abruzzo,Abruzzo,1304970,515312,39.49,0.01
1158,2021-05-12,ABR,9616,4586,5030,6046,3570,ITF,ITF1,13,Abruzzo,Abruzzo,1304970,524928,40.23,0.74
1159,2021-03-16,ABR,3484,1452,2032,1830,1654,ITF,ITF1,13,Abruzzo,Abruzzo,1304970,528412,40.49,0.27
1160,2021-05-05,ABR,11571,5540,6031,6442,5129,ITF,ITF1,13,Abruzzo,Abruzzo,1304970,539983,41.38,0.89
1161,2021-03-09,ABR,5168,1795,3373,4229,939,ITF,ITF1,13,Abruzzo,Abruzzo,1304970,545151,41.77,0.4
1162,2021-04-28,ABR,9510,4585,4925,7486,2024,ITF,ITF1,13,Abruzzo,Abruzzo,1304970,554661,42.5,0.73
1163,2021-02-01,ABR,1632,573,1059,271,1361,ITF,ITF1,13,Abruzzo,Abruzzo,1304970,556293,42.63,0.13
1164,2021-03-23,ABR,4782,2143,2639,2216,2566,ITF,ITF1,13,Abruzzo,Abruzzo,1304970,561075,43.0,0.37
1165,2021-01-28,ABR,1433,495,938,12,1421,ITF,ITF1,13,Abruzzo,Abruzzo,1304970,562508,43.11,0.11
1166,2021-05-09,ABR,9154,4090,5064,4282,4872,ITF,ITF1,13,Abruzzo,Abruzzo,1304970,571662,43.81,0.7
1167,2021-02-06,ABR,1610,742,868,602,1008,ITF,ITF1,13,Abruzzo,Abruzzo,1304970,573272,43.93,0.12
1168,2021-03-14,ABR,1883,731,1152,1216,667,ITF,ITF1,13,Abruzzo,Abruzzo,1304970,575155,44.07,0.14
1169,2021-05-17,ABR,11025,5039,5986,6166,4859,ITF,ITF1,13,Abruzzo,Abruzzo,1304970,586180,44.92,0.84
1170,2021-01-20,ABR,447,156,291,445,2,ITF,ITF1,13,Abruzzo,Abruzzo,1304970,586627,44.95,0.03
1171,2021-05-02,ABR,10422,5087,5335,5212,5210,ITF,ITF1,13,Abruzzo,Abruzzo,1304970,597049,45.75,0.8
1172,2021-04-30,ABR,12391,5803,6588,6702,5689,ITF,ITF1,13,Abruzzo,Abruzzo,1304970,609440,46.7,0.95
1173,2021-03-02,ABR,3963,1676,2287,3279,684,ITF,ITF1,13,Abruzzo,Abruzzo,1304970,613403,47.01,0.3
1174,2021-01-11,ABR,1551,557,994,1551,0,ITF,ITF1,13,Abruzzo,Abruzzo,1304970,614954,47.12,0.12
1175,2021-02-16,ABR,1918,842,1076,1906,12,ITF,ITF1,13,Abruzzo,Abruzzo,1304970,616872,47.27,0.15
1176,2021-04-21,ABR,6384,3100,3284,4710,1674,ITF,ITF1,13,Abruzzo,Abruzzo,1304970,623256,47.76,0.49
1177,2021-04-06,ABR,7681,3581,4100,5362,2319,ITF,ITF1,13,Abruzzo,Abruzzo,1304970,630937,48.35,0.59
1178,2021-02-15,ABR,1794,831,963,1752,42,ITF,ITF1,13,Abruzzo,Abruzzo,1304970,632731,48.49,0.14
1179,2021-02-11,ABR,815,261,554,772,43,ITF,ITF1,13,Abruzzo,Abruzzo,1304970,633546,48.55,0.06
1180,2021-05-24,ABR,12182,5786,6396,8877,3305,ITF,ITF1,13,Abruzzo,Abruzzo,1304970,645728,49.48,0.93
1181,2021-03-26,ABR,5305,2263,3042,3231,2074,ITF,ITF1,13,Abruzzo,Abruzzo,1304970,651033,49.89,0.41
1182,2021-04-20,ABR,5589,2689,2900,4179,1410,ITF,ITF1,13,Abruzzo,Abruzzo,1304970,656622,50.32,0.43
1183,2021-04-25,ABR,9067,4621,4446,8257,810,ITF,ITF1,13,Abruzzo,Abruzzo,1304970,665689,51.01,0.69
1184,2021-01-08,ABR,1525,507,1018,1525,0,ITF,ITF1,13,Abruzzo,Abruzzo,1304970,667214,51.13,0.12
1185,2021-02-18,ABR,2288,933,1355,2158,130,ITF,ITF1,13,Abruzzo,Abruzzo,1304970,669502,51.3,0.18
1186,2021-05-22,ABR,13059,6348,6711,8168,4891,ITF,ITF1,13,Abruzzo,Abruzzo,1304970,682561,52.3,1.0
1187,2021-04-18,ABR,5812,2727,3085,4870,942,ITF,ITF1,13,Abruzzo,Abruzzo,1304970,688373,52.75,0.45
1188,2021-04-23,ABR,7369,3382,3987,5067,2302,ITF,ITF1,13,Abruzzo,Abruzzo,1304970,695742,53.31,0.56
1189,2021-05-10,ABR,10109,4786,5323,5458,4651,ITF,ITF1,13,Abruzzo,Abruzzo,1304970,705851,54.09,0.77
1190,2021-02-13,ABR,848,383,465,436,412,ITF,ITF1,13,Abruzzo,Abruzzo,1304970,706699,54.15,0.06
1191,2021-03-07,ABR,2516,628,1888,2516,0,ITF,ITF1,13,Abruzzo,Abruzzo,1304970,709215,54.35,0.19
1192,2021-01-27,ABR,1364,515,849,39,1325,ITF,ITF1,13,Abruzzo,Abruzzo,1304970,710579,54.45,0.1
1193,2021-05-14,ABR,10601,5076,5525,5443,5158,ITF,ITF1,13,Abruzzo,Abruzzo,1304970,721180,55.26,0.81
1194,2021-04-01,ABR,5521,2442,3079,3434,2087,ITF,ITF1,13,Abruzzo,Abruzzo,1304970,726701,55.69,0.42
1195,2021-04-11,ABR,5330,2606,2724,4847,483,ITF,ITF1,13,Abruzzo,Abruzzo,1304970,732031,56.1,0.41
1196,2021-02-20,ABR,4777,1842,2935,4701,76,ITF,ITF1,13,Abruzzo,Abruzzo,1304970,736808,56.46,0.37
1197,2021-01-25,ABR,1603,632,971,19,1584,ITF,ITF1,13,Abruzzo,Abruzzo,1304970,738411,56.58,0.12
1198,2021-05-26,ABR,13306,5904,7402,8379,4927,ITF,ITF1,13,Abruzzo,Abruzzo,1304970,751717,57.6,1.02
1199,2021-03-10,MOL,1737,720,1017,1687,50,ITF,ITF2,14,Molise,Molise,305617,1737,0.57,0.57
1200,2021-05-13,MOL,3037,1409,1628,2580,457,ITF,ITF2,14,Molise,Molise,305617,4774,1.56,0.99
1201,2021-02-21,MOL,573,227,346,571,2,ITF,ITF2,14,Molise,Molise,305617,5347,1.75,0.19
1202,2021-04-26,MOL,1157,521,636,826,331,ITF,ITF2,14,Molise,Molise,305617,6504,2.13,0.38
1203,2021-02-04,MOL,758,295,463,77,681,ITF,ITF2,14,Molise,Molise,305617,7262,2.38,0.25
1204,2021-01-17,MOL,78,38,40,48,30,ITF,ITF2,14,Molise,Molise,305617,7340,2.4,0.03
1205,2021-04-10,MOL,2635,1259,1376,2483,152,ITF,ITF2,14,Molise,Molise,305617,9975,3.26,0.86
1206,2021-02-05,MOL,593,269,324,55,538,ITF,ITF2,14,Molise,Molise,305617,10568,3.46,0.19
1207,2021-04-12,MOL,1299,557,742,1048,251,ITF,ITF2,14,Molise,Molise,305617,11867,3.88,0.43
1208,2021-03-07,MOL,1132,501,631,1130,2,ITF,ITF2,14,Molise,Molise,305617,12999,4.25,0.37
1209,2021-04-17,MOL,3051,1500,1551,1565,1486,ITF,ITF2,14,Molise,Molise,305617,16050,5.25,1.0
1210,2021-05-01,MOL,2640,1265,1375,419,2221,ITF,ITF2,14,Molise,Molise,305617,18690,6.12,0.86
1211,2021-03-05,MOL,1219,649,570,1015,204,ITF,ITF2,14,Molise,Molise,305617,19909,6.51,0.4
1212,2021-02-26,MOL,563,260,303,490,73,ITF,ITF2,14,Molise,Molise,305617,20472,6.7,0.18
1213,2021-03-19,MOL,1184,482,702,757,427,ITF,ITF2,14,Molise,Molise,305617,21656,7.09,0.39
1214,2021-01-14,MOL,646,239,407,646,0,ITF,ITF2,14,Molise,Molise,305617,22302,7.3,0.21
1215,2021-02-19,MOL,169,93,76,167,2,ITF,ITF2,14,Molise,Molise,305617,22471,7.35,0.06
1216,2021-05-15,MOL,2979,1398,1581,2595,384,ITF,ITF2,14,Molise,Molise,305617,25450,8.33,0.97
1217,2021-02-02,MOL,539,176,363,216,323,ITF,ITF2,14,Molise,Molise,305617,25989,8.5,0.18
1218,2021-04-28,MOL,1683,913,770,466,1217,ITF,ITF2,14,Molise,Molise,305617,27672,9.05,0.55
1219,2021-01-16,MOL,420,166,254,420,0,ITF,ITF2,14,Molise,Molise,305617,28092,9.19,0.14
1220,2021-02-12,MOL,330,149,181,208,122,ITF,ITF2,14,Molise,Molise,305617,28422,9.3,0.11
1221,2021-03-15,MOL,832,338,494,587,245,ITF,ITF2,14,Molise,Molise,305617,29254,9.57,0.27
1222,2021-05-08,MOL,2972,1453,1519,1728,1244,ITF,ITF2,14,Molise,Molise,305617,32226,10.54,0.97
1223,2021-05-22,MOL,1307,706,601,1225,82,ITF,ITF2,14,Molise,Molise,305617,33533,10.97,0.43
1224,2021-03-02,MOL,667,383,284,509,158,ITF,ITF2,14,Molise,Molise,305617,34200,11.19,0.22
1225,2021-04-21,MOL,1862,788,1074,967,895,ITF,ITF2,14,Molise,Molise,305617,36062,11.8,0.61
1226,2021-05-03,MOL,2480,1162,1318,2317,163,ITF,ITF2,14,Molise,Molise,305617,38542,12.61,0.81
1227,2021-05-10,MOL,2888,1285,1603,2515,373,ITF,ITF2,14,Molise,Molise,305617,41430,13.56,0.94
1228,2021-05-18,MOL,1645,877,768,990,655,ITF,ITF2,14,Molise,Molise,305617,43075,14.09,0.54
1229,2021-03-22,MOL,1146,439,707,903,243,ITF,ITF2,14,Molise,Molise,305617,44221,14.47,0.37
1230,2021-05-25,MOL,1959,885,1074,1329,630,ITF,ITF2,14,Molise,Molise,305617,46180,15.11,0.64
1231,2021-02-07,MOL,66,32,34,19,47,ITF,ITF2,14,Molise,Molise,305617,46246,15.13,0.02
1232,2021-03-29,MOL,2033,835,1198,1547,486,ITF,ITF2,14,Molise,Molise,305617,48279,15.8,0.67
1233,2021-04-07,MOL,1688,847,841,1413,275,ITF,ITF2,14,Molise,Molise,305617,49967,16.35,0.55
1234,2021-02-23,MOL,582,223,359,363,219,ITF,ITF2,14,Molise,Molise,305617,50549,16.54,0.19
1235,2021-04-29,MOL,2237,1144,1093,890,1347,ITF,ITF2,14,Molise,Molise,305617,52786,17.27,0.73
1236,2021-03-24,MOL,1631,658,973,1229,402,ITF,ITF2,14,Molise,Molise,305617,54417,17.81,0.53
1237,2021-01-19,MOL,173,63,110,162,11,ITF,ITF2,14,Molise,Molise,305617,54590,17.86,0.06
1238,2021-03-26,MOL,2575,1045,1530,1933,642,ITF,ITF2,14,Molise,Molise,305617,57165,18.7,0.84
1239,2021-01-07,MOL,598,209,389,598,0,ITF,ITF2,14,Molise,Molise,305617,57763,18.9,0.2
1240,2021-04-02,MOL,1452,708,744,675,777,ITF,ITF2,14,Molise,Molise,305617,59215,19.38,0.48
1241,2021-02-11,MOL,293,133,160,257,36,ITF,ITF2,14,Molise,Molise,305617,59508,19.47,0.1
1242,2021-01-12,MOL,336,114,222,336,0,ITF,ITF2,14,Molise,Molise,305617,59844,19.58,0.11
1243,2021-02-24,MOL,666,278,388,333,333,ITF,ITF2,14,Molise,Molise,305617,60510,19.8,0.22
1244,2021-03-03,MOL,672,316,356,590,82,ITF,ITF2,14,Molise,Molise,305617,61182,20.02,0.22
1245,2021-01-05,MOL,449,180,269,449,0,ITF,ITF2,14,Molise,Molise,305617,61631,20.17,0.15
1246,2021-04-24,MOL,2540,1197,1343,699,1841,ITF,ITF2,14,Molise,Molise,305617,64171,21.0,0.83
1247,2021-01-21,MOL,6,2,4,6,0,ITF,ITF2,14,Molise,Molise,305617,64177,21.0,0.0
1248,2021-03-12,MOL,1459,637,822,1423,36,ITF,ITF2,14,Molise,Molise,305617,65636,21.48,0.48
1249,2021-01-28,MOL,613,217,396,17,596,ITF,ITF2,14,Molise,Molise,305617,66249,21.68,0.2
1250,2021-04-19,MOL,1827,842,985,1049,778,ITF,ITF2,14,Molise,Molise,305617,68076,22.27,0.6
1251,2021-02-28,MOL,829,331,498,787,42,ITF,ITF2,14,Molise,Molise,305617,68905,22.55,0.27
1252,2021-01-09,MOL,450,152,298,450,0,ITF,ITF2,14,Molise,Molise,305617,69355,22.69,0.15
1253,2021-05-24,MOL,1951,847,1104,1285,666,ITF,ITF2,14,Molise,Molise,305617,71306,23.33,0.64
1254,2021-05-20,MOL,2528,1284,1244,2397,131,ITF,ITF2,14,Molise,Molise,305617,73834,24.16,0.83
1255,2021-04-14,MOL,1806,767,1039,1145,661,ITF,ITF2,14,Molise,Molise,305617,75640,24.75,0.59
1256,2021-02-16,MOL,156,70,86,150,6,ITF,ITF2,14,Molise,Molise,305617,75796,24.8,0.05
1257,2021-05-27,MOL,2825,1342,1483,1991,834,ITF,ITF2,14,Molise,Molise,305617,78621,25.73,0.92
1258,2021-02-09,MOL,359,170,189,197,162,ITF,ITF2,14,Molise,Molise,305617,78980,25.84,0.12
1259,2021-01-04,MOL,314,131,183,314,0,ITF,ITF2,14,Molise,Molise,305617,79294,25.95,0.1
1260,2021-05-06,MOL,2679,1214,1465,2081,598,ITF,ITF2,14,Molise,Molise,305617,81973,26.82,0.88
1261,2021-01-26,MOL,450,184,266,8,442,ITF,ITF2,14,Molise,Molise,305617,82423,26.97,0.15
1262,2021-03-17,MOL,908,385,523,576,332,ITF,ITF2,14,Molise,Molise,305617,83331,27.27,0.3
1263,2021-01-31,MOL,268,70,198,6,262,ITF,ITF2,14,Molise,Molise,305617,83599,27.35,0.09
1264,2021-04-05,MOL,391,189,202,292,99,ITF,ITF2,14,Molise,Molise,305617,83990,27.48,0.13
1265,2021-03-31,MOL,2193,919,1274,1374,819,ITF,ITF2,14,Molise,Molise,305617,86183,28.2,0.72
1266,2021-04-09,MOL,2318,1248,1070,2127,191,ITF,ITF2,14,Molise,Molise,305617,88501,28.96,0.76
1267,2021-01-18,MOL,114,48,66,114,0,ITF,ITF2,14,Molise,Molise,305617,88615,29.0,0.04
1268,2021-04-13,MOL,1630,718,912,1043,587,ITF,ITF2,14,Molise,Molise,305617,90245,29.53,0.53
1269,2021-03-27,MOL,2743,1273,1470,1310,1433,ITF,ITF2,14,Molise,Molise,305617,92988,30.43,0.9
1270,2021-05-12,MOL,2846,1291,1555,2750,96,ITF,ITF2,14,Molise,Molise,305617,95834,31.36,0.93
1271,2021-05-26,MOL,1497,675,822,783,714,ITF,ITF2,14,Molise,Molise,305617,97331,31.85,0.49
1272,2021-02-08,MOL,334,141,193,216,118,ITF,ITF2,14,Molise,Molise,305617,97665,31.96,0.11
1273,2021-03-23,MOL,1642,694,948,1435,207,ITF,ITF2,14,Molise,Molise,305617,99307,32.49,0.54
1274,2021-02-22,MOL,265,129,136,250,15,ITF,ITF2,14,Molise,Molise,305617,99572,32.58,0.09
1275,2020-12-27,MOL,50,20,30,50,0,ITF,ITF2,14,Molise,Molise,305617,99622,32.6,0.02
1276,2021-04-11,MOL,1196,591,605,1182,14,ITF,ITF2,14,Molise,Molise,305617,100818,32.99,0.39
1277,2021-03-25,MOL,1806,730,1076,1309,497,ITF,ITF2,14,Molise,Molise,305617,102624,33.58,0.59
1278,2021-03-08,MOL,1379,522,857,1239,140,ITF,ITF2,14,Molise,Molise,305617,104003,34.03,0.45
1279,2021-05-05,MOL,2413,1042,1371,2272,141,ITF,ITF2,14,Molise,Molise,305617,106416,34.82,0.79
1280,2021-05-04,MOL,2703,1180,1523,2575,128,ITF,ITF2,14,Molise,Molise,305617,109119,35.7,0.88
1281,2021-01-10,MOL,270,72,198,270,0,ITF,ITF2,14,Molise,Molise,305617,109389,35.79,0.09
1282,2021-03-01,MOL,661,274,387,447,214,ITF,ITF2,14,Molise,Molise,305617,110050,36.01,0.22
1283,2021-05-17,MOL,2228,1092,1136,1732,496,ITF,ITF2,14,Molise,Molise,305617,112278,36.74,0.73
1284,2021-03-21,MOL,1246,542,704,479,767,ITF,ITF2,14,Molise,Molise,305617,113524,37.15,0.41
1285,2021-03-14,MOL,595,239,356,17,578,ITF,ITF2,14,Molise,Molise,305617,114119,37.34,0.19
1286,2021-03-28,MOL,1626,747,879,524,1102,ITF,ITF2,14,Molise,Molise,305617,115745,37.87,0.53
1287,2021-01-30,MOL,461,158,303,12,449,ITF,ITF2,14,Molise,Molise,305617,116206,38.02,0.15
1288,2021-02-06,MOL,429,179,250,29,400,ITF,ITF2,14,Molise,Molise,305617,116635,38.16,0.14
1289,2021-04-25,MOL,792,395,397,559,233,ITF,ITF2,14,Molise,Molise,305617,117427,38.42,0.26
1290,2021-03-13,MOL,1189,594,595,200,989,ITF,ITF2,14,Molise,Molise,305617,118616,38.81,0.39
1291,2021-01-15,MOL,538,242,296,538,0,ITF,ITF2,14,Molise,Molise,305617,119154,38.99,0.18
1292,2021-02-18,MOL,319,74,245,306,13,ITF,ITF2,14,Molise,Molise,305617,119473,39.09,0.1
1293,2021-03-09,MOL,1329,579,750,1177,152,ITF,ITF2,14,Molise,Molise,305617,120802,39.53,0.43
1294,2021-05-14,MOL,2643,1214,1429,1925,718,ITF,ITF2,14,Molise,Molise,305617,123445,40.39,0.86
1295,2021-02-03,MOL,731,249,482,338,393,ITF,ITF2,14,Molise,Molise,305617,124176,40.63,0.24
1296,2021-05-28,MOL,878,468,410,675,203,ITF,ITF2,14,Molise,Molise,305617,125054,40.92,0.29
1297,2021-04-08,MOL,1766,903,863,1564,202,ITF,ITF2,14,Molise,Molise,305617,126820,41.5,0.58
1298,2021-04-22,MOL,1844,863,981,1065,779,ITF,ITF2,14,Molise,Molise,305617,128664,42.1,0.6
1299,2021-02-17,MOL,72,32,40,57,15,ITF,ITF2,14,Molise,Molise,305617,128736,42.12,0.02
1300,2021-04-04,MOL,253,141,112,238,15,ITF,ITF2,14,Molise,Molise,305617,128989,42.21,0.08
1301,2021-02-27,MOL,1366,568,798,1347,19,ITF,ITF2,14,Molise,Molise,305617,130355,42.65,0.45
1302,2021-02-13,MOL,132,80,52,132,0,ITF,ITF2,14,Molise,Molise,305617,130487,42.7,0.04
1303,2021-04-18,MOL,1083,483,600,149,934,ITF,ITF2,14,Molise,Molise,305617,131570,43.05,0.35
1304,2021-01-08,MOL,429,141,288,429,0,ITF,ITF2,14,Molise,Molise,305617,131999,43.19,0.14
1305,2021-02-20,MOL,1018,441,577,998,20,ITF,ITF2,14,Molise,Molise,305617,133017,43.52,0.33
1306,2021-04-27,MOL,1593,767,826,465,1128,ITF,ITF2,14,Molise,Molise,305617,134610,44.05,0.52
1307,2021-05-16,MOL,1246,570,676,1064,182,ITF,ITF2,14,Molise,Molise,305617,135856,44.45,0.41
1308,2021-05-07,MOL,2641,1226,1415,2044,597,ITF,ITF2,14,Molise,Molise,305617,138497,45.32,0.86
1309,2021-03-18,MOL,1156,476,680,692,464,ITF,ITF2,14,Molise,Molise,305617,139653,45.7,0.38
1310,2021-05-21,MOL,2018,1011,1007,1707,311,ITF,ITF2,14,Molise,Molise,305617,141671,46.36,0.66
1311,2021-01-27,MOL,674,251,423,8,666,ITF,ITF2,14,Molise,Molise,305617,142345,46.58,0.22
1312,2021-04-01,MOL,1469,667,802,743,726,ITF,ITF2,14,Molise,Molise,305617,143814,47.06,0.48
1313,2021-02-10,MOL,150,78,72,130,20,ITF,ITF2,14,Molise,Molise,305617,143964,47.11,0.05
1314,2021-02-25,MOL,541,239,302,473,68,ITF,ITF2,14,Molise,Molise,305617,144505,47.28,0.18
1315,2021-04-30,MOL,2935,1554,1381,829,2106,ITF,ITF2,14,Molise,Molise,305617,147440,48.24,0.96
1316,2021-05-09,MOL,2051,932,1119,1955,96,ITF,ITF2,14,Molise,Molise,305617,149491,48.91,0.67
1317,2021-03-06,MOL,1728,807,921,1569,159,ITF,ITF2,14,Molise,Molise,305617,151219,49.48,0.57
1318,2021-03-04,MOL,850,417,433,526,324,ITF,ITF2,14,Molise,Molise,305617,152069,49.76,0.28
1319,2021-01-20,MOL,18,8,10,18,0,ITF,ITF2,14,Molise,Molise,305617,152087,49.76,0.01
1320,2021-05-02,MOL,1889,930,959,586,1303,ITF,ITF2,14,Molise,Molise,305617,153976,50.38,0.62
1321,2021-01-29,MOL,421,136,285,6,415,ITF,ITF2,14,Molise,Molise,305617,154397,50.52,0.14
1322,2021-05-11,MOL,3205,1413,1792,2955,250,ITF,ITF2,14,Molise,Molise,305617,157602,51.57,1.05
1323,2021-03-16,MOL,614,230,384,267,347,ITF,ITF2,14,Molise,Molise,305617,158216,51.77,0.2
1324,2021-01-11,MOL,557,194,363,557,0,ITF,ITF2,14,Molise,Molise,305617,158773,51.95,0.18
1325,2021-01-25,MOL,319,130,189,3,316,ITF,ITF2,14,Molise,Molise,305617,159092,52.06,0.1
1326,2021-04-20,MOL,2318,1025,1293,1220,1098,ITF,ITF2,14,Molise,Molise,305617,161410,52.81,0.76
1327,2021-05-23,MOL,1698,863,835,1693,5,ITF,ITF2,14,Molise,Molise,305617,163108,53.37,0.56
1328,2021-04-03,MOL,1770,850,920,1735,35,ITF,ITF2,14,Molise,Molise,305617,164878,53.95,0.58
1329,2021-05-19,MOL,2335,1205,1130,1912,423,ITF,ITF2,14,Molise,Molise,305617,167213,54.71,0.76
1330,2021-03-30,MOL,2003,857,1146,1491,512,ITF,ITF2,14,Molise,Molise,305617,169216,55.37,0.66
1331,2021-02-01,MOL,562,201,361,14,548,ITF,ITF2,14,Molise,Molise,305617,169778,55.55,0.18
1332,2021-04-06,MOL,1494,701,793,1151,343,ITF,ITF2,14,Molise,Molise,305617,171272,56.04,0.49
1333,2021-02-15,MOL,144,70,74,141,3,ITF,ITF2,14,Molise,Molise,305617,171416,56.09,0.05
1334,2021-04-16,MOL,2430,1033,1397,1198,1232,ITF,ITF2,14,Molise,Molise,305617,173846,56.88,0.8
1335,2021-04-23,MOL,2049,882,1167,1390,659,ITF,ITF2,14,Molise,Molise,305617,175895,57.55,0.67
1336,2021-03-11,MOL,1463,636,827,1457,6,ITF,ITF2,14,Molise,Molise,305617,177358,58.03,0.48
1337,2021-01-06,MOL,689,260,429,689,0,ITF,ITF2,14,Molise,Molise,305617,178047,58.26,0.23
1338,2021-01-13,MOL,474,160,314,474,0,ITF,ITF2,14,Molise,Molise,305617,178521,58.41,0.16
1339,2021-03-20,MOL,2321,968,1353,1000,1321,ITF,ITF2,14,Molise,Molise,305617,180842,59.17,0.76
1340,2021-01-22,MOL,126,35,91,126,0,ITF,ITF2,14,Molise,Molise,305617,180968,59.21,0.04
1341,2021-04-15,MOL,1923,793,1130,1079,844,ITF,ITF2,14,Molise,Molise,305617,182891,59.84,0.63
1342,2021-03-04,FVG,3445,1595,1850,2787,658,ITH,ITH4,6,Friuli-Venezia Giulia,Friuli Venezia Giulia,1215220,3445,0.28,0.28
1343,2021-05-24,FVG,10948,5248,5700,7492,3456,ITH,ITH4,6,Friuli-Venezia Giulia,Friuli Venezia Giulia,1215220,14393,1.18,0.9
1344,2021-03-21,FVG,2602,937,1665,2193,409,ITH,ITH4,6,Friuli-Venezia Giulia,Friuli Venezia Giulia,1215220,16995,1.4,0.21
1345,2021-02-15,FVG,2452,911,1541,2201,251,ITH,ITH4,6,Friuli-Venezia Giulia,Friuli Venezia Giulia,1215220,19447,1.6,0.2
1346,2021-04-20,FVG,7105,3058,4047,3203,3902,ITH,ITH4,6,Friuli-Venezia Giulia,Friuli Venezia Giulia,1215220,26552,2.18,0.58
1347,2021-05-07,FVG,10522,4807,5715,7055,3467,ITH,ITH4,6,Friuli-Venezia Giulia,Friuli Venezia Giulia,1215220,37074,3.05,0.87
1348,2021-04-23,FVG,7454,3375,4079,3598,3856,ITH,ITH4,6,Friuli-Venezia Giulia,Friuli Venezia Giulia,1215220,44528,3.66,0.61
1349,2021-03-20,FVG,3340,1351,1989,1249,2091,ITH,ITH4,6,Friuli-Venezia Giulia,Friuli Venezia Giulia,1215220,47868,3.94,0.27
1350,2021-03-18,FVG,3371,1421,1950,1690,1681,ITH,ITH4,6,Friuli-Venezia Giulia,Friuli Venezia Giulia,1215220,51239,4.22,0.28
1351,2021-01-13,FVG,2650,834,1816,2650,0,ITH,ITH4,6,Friuli-Venezia Giulia,Friuli Venezia Giulia,1215220,53889,4.43,0.22
1352,2021-04-11,FVG,3433,1520,1913,2527,906,ITH,ITH4,6,Friuli-Venezia Giulia,Friuli Venezia Giulia,1215220,57322,4.72,0.28
1353,2021-01-08,FVG,2322,747,1575,2322,0,ITH,ITH4,6,Friuli-Venezia Giulia,Friuli Venezia Giulia,1215220,59644,4.91,0.19
1354,2021-02-27,FVG,3527,1200,2327,3526,1,ITH,ITH4,6,Friuli-Venezia Giulia,Friuli Venezia Giulia,1215220,63171,5.2,0.29
1355,2021-04-25,FVG,2362,990,1372,2351,11,ITH,ITH4,6,Friuli-Venezia Giulia,Friuli Venezia Giulia,1215220,65533,5.39,0.19
1356,2021-02-20,FVG,2068,933,1135,1924,144,ITH,ITH4,6,Friuli-Venezia Giulia,Friuli Venezia Giulia,1215220,67601,5.56,0.17
1357,2021-02-13,FVG,567,179,388,561,6,ITH,ITH4,6,Friuli-Venezia Giulia,Friuli Venezia Giulia,1215220,68168,5.61,0.05
1358,2021-03-02,FVG,4220,1519,2701,2721,1499,ITH,ITH4,6,Friuli-Venezia Giulia,Friuli Venezia Giulia,1215220,72388,5.96,0.35
1359,2021-01-27,FVG,1272,425,847,450,822,ITH,ITH4,6,Friuli-Venezia Giulia,Friuli Venezia Giulia,1215220,73660,6.06,0.1
1360,2021-05-09,FVG,7327,3291,4036,3474,3853,ITH,ITH4,6,Friuli-Venezia Giulia,Friuli Venezia Giulia,1215220,80987,6.66,0.6
1361,2021-05-26,FVG,12421,6166,6255,9238,3183,ITH,ITH4,6,Friuli-Venezia Giulia,Friuli Venezia Giulia,1215220,93408,7.69,1.02
1362,2021-02-06,FVG,1154,338,816,22,1132,ITH,ITH4,6,Friuli-Venezia Giulia,Friuli Venezia Giulia,1215220,94562,7.78,0.09
1363,2021-01-04,FVG,1507,558,949,1507,0,ITH,ITH4,6,Friuli-Venezia Giulia,Friuli Venezia Giulia,1215220,96069,7.91,0.12
1364,2021-02-23,FVG,2617,1252,1365,2437,180,ITH,ITH4,6,Friuli-Venezia Giulia,Friuli Venezia Giulia,1215220,98686,8.12,0.22
1365,2021-03-09,FVG,3855,1589,2266,1108,2747,ITH,ITH4,6,Friuli-Venezia Giulia,Friuli Venezia Giulia,1215220,102541,8.44,0.32
1366,2021-03-13,FVG,2934,1119,1815,1663,1271,ITH,ITH4,6,Friuli-Venezia Giulia,Friuli Venezia Giulia,1215220,105475,8.68,0.24
1367,2021-05-16,FVG,9935,4756,5179,8544,1391,ITH,ITH4,6,Friuli-Venezia Giulia,Friuli Venezia Giulia,1215220,115410,9.5,0.82
1368,2021-01-06,FVG,710,264,446,710,0,ITH,ITH4,6,Friuli-Venezia Giulia,Friuli Venezia Giulia,1215220,116120,9.56,0.06
1369,2020-12-30,FVG,626,244,382,626,0,ITH,ITH4,6,Friuli-Venezia Giulia,Friuli Venezia Giulia,1215220,116746,9.61,0.05
1370,2021-02-25,FVG,3160,1651,1509,3135,25,ITH,ITH4,6,Friuli-Venezia Giulia,Friuli Venezia Giulia,1215220,119906,9.87,0.26
1371,2021-02-18,FVG,3217,1492,1725,2811,406,ITH,ITH4,6,Friuli-Venezia Giulia,Friuli Venezia Giulia,1215220,123123,10.13,0.26
1372,2021-04-02,FVG,6566,2915,3651,4733,1833,ITH,ITH4,6,Friuli-Venezia Giulia,Friuli Venezia Giulia,1215220,129689,10.67,0.54
1373,2021-04-16,FVG,6910,2995,3915,4987,1923,ITH,ITH4,6,Friuli-Venezia Giulia,Friuli Venezia Giulia,1215220,136599,11.24,0.57
1374,2021-02-11,FVG,1930,664,1266,1738,192,ITH,ITH4,6,Friuli-Venezia Giulia,Friuli Venezia Giulia,1215220,138529,11.4,0.16
1375,2021-04-09,FVG,7762,3528,4234,6518,1244,ITH,ITH4,6,Friuli-Venezia Giulia,Friuli Venezia Giulia,1215220,146291,12.04,0.64
1376,2021-04-08,FVG,7207,3014,4193,5287,1920,ITH,ITH4,6,Friuli-Venezia Giulia,Friuli Venezia Giulia,1215220,153498,12.63,0.59
1377,2021-02-10,FVG,1352,496,856,1266,86,ITH,ITH4,6,Friuli-Venezia Giulia,Friuli Venezia Giulia,1215220,154850,12.74,0.11
1378,2021-02-03,FVG,2647,791,1856,23,2624,ITH,ITH4,6,Friuli-Venezia Giulia,Friuli Venezia Giulia,1215220,157497,12.96,0.22
1379,2021-05-21,FVG,10969,4886,6083,8104,2865,ITH,ITH4,6,Friuli-Venezia Giulia,Friuli Venezia Giulia,1215220,168466,13.86,0.9
1380,2021-05-14,FVG,10549,5226,5323,8079,2470,ITH,ITH4,6,Friuli-Venezia Giulia,Friuli Venezia Giulia,1215220,179015,14.73,0.87
1381,2021-03-23,FVG,3753,1558,2195,1613,2140,ITH,ITH4,6,Friuli-Venezia Giulia,Friuli Venezia Giulia,1215220,182768,15.04,0.31
1382,2021-01-23,FVG,816,324,492,4,812,ITH,ITH4,6,Friuli-Venezia Giulia,Friuli Venezia Giulia,1215220,183584,15.11,0.07
1383,2021-05-05,FVG,9705,4230,5475,6264,3441,ITH,ITH4,6,Friuli-Venezia Giulia,Friuli Venezia Giulia,1215220,193289,15.91,0.8
1384,2021-04-01,FVG,6315,2993,3322,5300,1015,ITH,ITH4,6,Friuli-Venezia Giulia,Friuli Venezia Giulia,1215220,199604,16.43,0.52
1385,2021-01-30,FVG,2274,745,1529,270,2004,ITH,ITH4,6,Friuli-Venezia Giulia,Friuli Venezia Giulia,1215220,201878,16.61,0.19
1386,2021-04-21,FVG,7702,3439,4263,4022,3680,ITH,ITH4,6,Friuli-Venezia Giulia,Friuli Venezia Giulia,1215220,209580,17.25,0.63
1387,2021-01-11,FVG,1882,608,1274,1882,0,ITH,ITH4,6,Friuli-Venezia Giulia,Friuli Venezia Giulia,1215220,211462,17.4,0.15
1388,2021-03-01,FVG,2957,1041,1916,2905,52,ITH,ITH4,6,Friuli-Venezia Giulia,Friuli Venezia Giulia,1215220,214419,17.64,0.24
1389,2020-12-27,FVG,262,149,113,262,0,ITH,ITH4,6,Friuli-Venezia Giulia,Friuli Venezia Giulia,1215220,214681,17.67,0.02
1390,2021-04-06,FVG,6275,2771,3504,5126,1149,ITH,ITH4,6,Friuli-Venezia Giulia,Friuli Venezia Giulia,1215220,220956,18.18,0.52
1391,2021-01-18,FVG,1961,606,1355,1867,94,ITH,ITH4,6,Friuli-Venezia Giulia,Friuli Venezia Giulia,1215220,222917,18.34,0.16
1392,2021-03-28,FVG,4809,2273,2536,4669,140,ITH,ITH4,6,Friuli-Venezia Giulia,Friuli Venezia Giulia,1215220,227726,18.74,0.4
1393,2021-05-17,FVG,8583,3976,4607,6286,2297,ITH,ITH4,6,Friuli-Venezia Giulia,Friuli Venezia Giulia,1215220,236309,19.45,0.71
1394,2021-04-27,FVG,8076,3703,4373,3619,4457,ITH,ITH4,6,Friuli-Venezia Giulia,Friuli Venezia Giulia,1215220,244385,20.11,0.66
1395,2021-01-15,FVG,2021,605,1416,2021,0,ITH,ITH4,6,Friuli-Venezia Giulia,Friuli Venezia Giulia,1215220,246406,20.28,0.17
1396,2021-01-22,FVG,90,30,60,0,90,ITH,ITH4,6,Friuli-Venezia Giulia,Friuli Venezia Giulia,1215220,246496,20.28,0.01
1397,2021-03-06,FVG,3497,1195,2302,3172,325,ITH,ITH4,6,Friuli-Venezia Giulia,Friuli Venezia Giulia,1215220,249993,20.57,0.29
1398,2021-04-18,FVG,6038,2799,3239,5631,407,ITH,ITH4,6,Friuli-Venezia Giulia,Friuli Venezia Giulia,1215220,256031,21.07,0.5
1399,2021-04-30,FVG,7298,3216,4082,3685,3613,ITH,ITH4,6,Friuli-Venezia Giulia,Friuli Venezia Giulia,1215220,263329,21.67,0.6
1400,2021-02-04,FVG,2725,807,1918,36,2689,ITH,ITH4,6,Friuli-Venezia Giulia,Friuli Venezia Giulia,1215220,266054,21.89,0.22
1401,2021-03-11,FVG,3355,1413,1942,1605,1750,ITH,ITH4,6,Friuli-Venezia Giulia,Friuli Venezia Giulia,1215220,269409,22.17,0.28
1402,2021-01-20,FVG,748,320,428,13,735,ITH,ITH4,6,Friuli-Venezia Giulia,Friuli Venezia Giulia,1215220,270157,22.23,0.06
1403,2021-03-16,FVG,3153,1287,1866,1073,2080,ITH,ITH4,6,Friuli-Venezia Giulia,Friuli Venezia Giulia,1215220,273310,22.49,0.26
1404,2021-05-12,FVG,10663,4934,5729,9308,1355,ITH,ITH4,6,Friuli-Venezia Giulia,Friuli Venezia Giulia,1215220,283973,23.37,0.88
1405,2021-05-19,FVG,11677,5731,5946,9451,2226,ITH,ITH4,6,Friuli-Venezia Giulia,Friuli Venezia Giulia,1215220,295650,24.33,0.96
1406,2021-03-14,FVG,1395,547,848,1143,252,ITH,ITH4,6,Friuli-Venezia Giulia,Friuli Venezia Giulia,1215220,297045,24.44,0.11
1407,2021-02-01,FVG,2097,688,1409,16,2081,ITH,ITH4,6,Friuli-Venezia Giulia,Friuli Venezia Giulia,1215220,299142,24.62,0.17
1408,2021-02-08,FVG,2357,694,1663,92,2265,ITH,ITH4,6,Friuli-Venezia Giulia,Friuli Venezia Giulia,1215220,301499,24.81,0.19
1409,2021-01-03,FVG,312,122,190,312,0,ITH,ITH4,6,Friuli-Venezia Giulia,Friuli Venezia Giulia,1215220,301811,24.84,0.03
1410,2021-02-22,FVG,2484,1193,1291,2067,417,ITH,ITH4,6,Friuli-Venezia Giulia,Friuli Venezia Giulia,1215220,304295,25.04,0.2
1411,2021-04-13,FVG,7362,3289,4073,5758,1604,ITH,ITH4,6,Friuli-Venezia Giulia,Friuli Venezia Giulia,1215220,311657,25.65,0.61
1412,2021-01-25,FVG,1582,567,1015,194,1388,ITH,ITH4,6,Friuli-Venezia Giulia,Friuli Venezia Giulia,1215220,313239,25.78,0.13
1413,2021-04-28,FVG,7246,3194,4052,3782,3464,ITH,ITH4,6,Friuli-Venezia Giulia,Friuli Venezia Giulia,1215220,320485,26.37,0.6
1414,2021-01-16,FVG,1230,360,870,1230,0,ITH,ITH4,6,Friuli-Venezia Giulia,Friuli Venezia Giulia,1215220,321715,26.47,0.1
1415,2021-05-28,FVG,1809,844,965,887,922,ITH,ITH4,6,Friuli-Venezia Giulia,Friuli Venezia Giulia,1215220,323524,26.62,0.15
1416,2021-03-25,FVG,5309,2261,3048,3176,2133,ITH,ITH4,6,Friuli-Venezia Giulia,Friuli Venezia Giulia,1215220,328833,27.06,0.44
1417,2021-03-30,FVG,7094,3142,3952,6172,922,ITH,ITH4,6,Friuli-Venezia Giulia,Friuli Venezia Giulia,1215220,335927,27.64,0.58
1418,2021-01-12,FVG,2260,713,1547,2260,0,ITH,ITH4,6,Friuli-Venezia Giulia,Friuli Venezia Giulia,1215220,338187,27.83,0.19
1419,2021-01-29,FVG,2414,814,1600,264,2150,ITH,ITH4,6,Friuli-Venezia Giulia,Friuli Venezia Giulia,1215220,340601,28.03,0.2
1420,2021-04-03,FVG,3983,1969,2014,2655,1328,ITH,ITH4,6,Friuli-Venezia Giulia,Friuli Venezia Giulia,1215220,344584,28.36,0.33
1421,2021-04-07,FVG,7494,3321,4173,6713,781,ITH,ITH4,6,Friuli-Venezia Giulia,Friuli Venezia Giulia,1215220,352078,28.97,0.62
1422,2021-05-06,FVG,11834,5499,6335,7883,3951,ITH,ITH4,6,Friuli-Venezia Giulia,Friuli Venezia Giulia,1215220,363912,29.95,0.97
1423,2021-03-17,FVG,3231,1265,1966,743,2488,ITH,ITH4,6,Friuli-Venezia Giulia,Friuli Venezia Giulia,1215220,367143,30.21,0.27
1424,2021-02-16,FVG,2516,1135,1381,2400,116,ITH,ITH4,6,Friuli-Venezia Giulia,Friuli Venezia Giulia,1215220,369659,30.42,0.21
1425,2021-05-20,FVG,12350,6062,6288,9939,2411,ITH,ITH4,6,Friuli-Venezia Giulia,Friuli Venezia Giulia,1215220,382009,31.44,1.02
1426,2021-04-05,FVG,2868,1425,1443,2853,15,ITH,ITH4,6,Friuli-Venezia Giulia,Friuli Venezia Giulia,1215220,384877,31.67,0.24
1427,2021-01-10,FVG,2939,918,2021,2939,0,ITH,ITH4,6,Friuli-Venezia Giulia,Friuli Venezia Giulia,1215220,387816,31.91,0.24
1428,2021-04-22,FVG,6755,3073,3682,3079,3676,ITH,ITH4,6,Friuli-Venezia Giulia,Friuli Venezia Giulia,1215220,394571,32.47,0.56
1429,2021-03-19,FVG,3233,1339,1894,1301,1932,ITH,ITH4,6,Friuli-Venezia Giulia,Friuli Venezia Giulia,1215220,397804,32.74,0.27
1430,2021-05-02,FVG,6824,3207,3617,3925,2899,ITH,ITH4,6,Friuli-Venezia Giulia,Friuli Venezia Giulia,1215220,404628,33.3,0.56
1431,2021-04-29,FVG,6683,2932,3751,4162,2521,ITH,ITH4,6,Friuli-Venezia Giulia,Friuli Venezia Giulia,1215220,411311,33.85,0.55
1432,2021-02-24,FVG,2519,1083,1436,2501,18,ITH,ITH4,6,Friuli-Venezia Giulia,Friuli Venezia Giulia,1215220,413830,34.05,0.21
1433,2021-04-15,FVG,6486,2859,3627,5216,1270,ITH,ITH4,6,Friuli-Venezia Giulia,Friuli Venezia Giulia,1215220,420316,34.59,0.53
1434,2021-05-22,FVG,11466,5148,6318,7262,4204,ITH,ITH4,6,Friuli-Venezia Giulia,Friuli Venezia Giulia,1215220,431782,35.53,0.94
1435,2021-04-17,FVG,7447,3232,4215,5965,1482,ITH,ITH4,6,Friuli-Venezia Giulia,Friuli Venezia Giulia,1215220,439229,36.14,0.61
1436,2021-04-10,FVG,4985,2164,2821,3760,1225,ITH,ITH4,6,Friuli-Venezia Giulia,Friuli Venezia Giulia,1215220,444214,36.55,0.41
1437,2021-05-23,FVG,10242,4840,5402,6109,4133,ITH,ITH4,6,Friuli-Venezia Giulia,Friuli Venezia Giulia,1215220,454456,37.4,0.84
1438,2021-01-07,FVG,2090,717,1373,2090,0,ITH,ITH4,6,Friuli-Venezia Giulia,Friuli Venezia Giulia,1215220,456546,37.57,0.17
1439,2021-03-05,FVG,3736,1478,2258,2663,1073,ITH,ITH4,6,Friuli-Venezia Giulia,Friuli Venezia Giulia,1215220,460282,37.88,0.31
1440,2021-05-25,FVG,12285,5993,6292,9122,3163,ITH,ITH4,6,Friuli-Venezia Giulia,Friuli Venezia Giulia,1215220,472567,38.89,1.01
1441,2021-05-10,FVG,7910,3514,4396,6371,1539,ITH,ITH4,6,Friuli-Venezia Giulia,Friuli Venezia Giulia,1215220,480477,39.54,0.65
1442,2021-05-27,FVG,11793,5549,6244,6840,4953,ITH,ITH4,6,Friuli-Venezia Giulia,Friuli Venezia Giulia,1215220,492270,40.51,0.97
1443,2021-01-24,FVG,305,119,186,1,304,ITH,ITH4,6,Friuli-Venezia Giulia,Friuli Venezia Giulia,1215220,492575,40.53,0.03
1444,2021-03-22,FVG,3541,1343,2198,1586,1955,ITH,ITH4,6,Friuli-Venezia Giulia,Friuli Venezia Giulia,1215220,496116,40.83,0.29
1445,2021-01-31,FVG,2715,836,1879,385,2330,ITH,ITH4,6,Friuli-Venezia Giulia,Friuli Venezia Giulia,1215220,498831,41.05,0.22
1446,2021-05-04,FVG,9500,4282,5218,6149,3351,ITH,ITH4,6,Friuli-Venezia Giulia,Friuli Venezia Giulia,1215220,508331,41.83,0.78
1447,2021-03-08,FVG,4065,1594,2471,1977,2088,ITH,ITH4,6,Friuli-Venezia Giulia,Friuli Venezia Giulia,1215220,512396,42.16,0.33
1448,2021-01-17,FVG,1716,523,1193,1716,0,ITH,ITH4,6,Friuli-Venezia Giulia,Friuli Venezia Giulia,1215220,514112,42.31,0.14
1449,2021-03-15,FVG,3765,1636,2129,1446,2319,ITH,ITH4,6,Friuli-Venezia Giulia,Friuli Venezia Giulia,1215220,517877,42.62,0.31
1450,2021-05-11,FVG,8909,4266,4643,7121,1788,ITH,ITH4,6,Friuli-Venezia Giulia,Friuli Venezia Giulia,1215220,526786,43.35,0.73
1451,2021-05-15,FVG,12580,6063,6517,7904,4676,ITH,ITH4,6,Friuli-Venezia Giulia,Friuli Venezia Giulia,1215220,539366,44.38,1.04
1452,2021-01-21,FVG,896,345,551,1,895,ITH,ITH4,6,Friuli-Venezia Giulia,Friuli Venezia Giulia,1215220,540262,44.46,0.07
1453,2021-03-26,FVG,5799,2424,3375,3787,2012,ITH,ITH4,6,Friuli-Venezia Giulia,Friuli Venezia Giulia,1215220,546061,44.94,0.48
1454,2021-05-01,FVG,7183,3243,3940,6140,1043,ITH,ITH4,6,Friuli-Venezia Giulia,Friuli Venezia Giulia,1215220,553244,45.53,0.59
1455,2021-03-12,FVG,3938,1544,2394,2557,1381,ITH,ITH4,6,Friuli-Venezia Giulia,Friuli Venezia Giulia,1215220,557182,45.85,0.32
1456,2021-02-12,FVG,1193,428,765,1146,47,ITH,ITH4,6,Friuli-Venezia Giulia,Friuli Venezia Giulia,1215220,558375,45.95,0.1
1457,2021-03-03,FVG,3639,1627,2012,2365,1274,ITH,ITH4,6,Friuli-Venezia Giulia,Friuli Venezia Giulia,1215220,562014,46.25,0.3
1458,2021-01-28,FVG,2239,794,1445,354,1885,ITH,ITH4,6,Friuli-Venezia Giulia,Friuli Venezia Giulia,1215220,564253,46.43,0.18
1459,2021-05-08,FVG,10243,4629,5614,5465,4778,ITH,ITH4,6,Friuli-Venezia Giulia,Friuli Venezia Giulia,1215220,574496,47.28,0.84
1460,2021-02-07,FVG,1561,483,1078,386,1175,ITH,ITH4,6,Friuli-Venezia Giulia,Friuli Venezia Giulia,1215220,576057,47.4,0.13
1461,2021-05-18,FVG,10507,5246,5261,8509,1998,ITH,ITH4,6,Friuli-Venezia Giulia,Friuli Venezia Giulia,1215220,586564,48.27,0.86
1462,2021-03-29,FVG,6874,3001,3873,5294,1580,ITH,ITH4,6,Friuli-Venezia Giulia,Friuli Venezia Giulia,1215220,593438,48.83,0.57
1463,2021-01-02,FVG,1216,470,746,1216,0,ITH,ITH4,6,Friuli-Venezia Giulia,Friuli Venezia Giulia,1215220,594654,48.93,0.1
1464,2021-02-21,FVG,801,281,520,423,378,ITH,ITH4,6,Friuli-Venezia Giulia,Friuli Venezia Giulia,1215220,595455,49.0,0.07
1465,2021-02-19,FVG,3251,1289,1962,2824,427,ITH,ITH4,6,Friuli-Venezia Giulia,Friuli Venezia Giulia,1215220,598706,49.27,0.27
1466,2021-04-24,FVG,6674,2945,3729,5432,1242,ITH,ITH4,6,Friuli-Venezia Giulia,Friuli Venezia Giulia,1215220,605380,49.82,0.55
1467,2021-05-03,FVG,7178,3270,3908,3404,3774,ITH,ITH4,6,Friuli-Venezia Giulia,Friuli Venezia Giulia,1215220,612558,50.41,0.59
1468,2021-02-28,FVG,2684,1002,1682,2291,393,ITH,ITH4,6,Friuli-Venezia Giulia,Friuli Venezia Giulia,1215220,615242,50.63,0.22
1469,2021-02-26,FVG,3734,2092,1642,3586,148,ITH,ITH4,6,Friuli-Venezia Giulia,Friuli Venezia Giulia,1215220,618976,50.94,0.31
1470,2021-02-17,FVG,2353,999,1354,1873,480,ITH,ITH4,6,Friuli-Venezia Giulia,Friuli Venezia Giulia,1215220,621329,51.13,0.19
1471,2021-04-26,FVG,5444,2445,2999,3796,1648,ITH,ITH4,6,Friuli-Venezia Giulia,Friuli Venezia Giulia,1215220,626773,51.58,0.45
1472,2021-01-14,FVG,2584,789,1795,2584,0,ITH,ITH4,6,Friuli-Venezia Giulia,Friuli Venezia Giulia,1215220,629357,51.79,0.21
1473,2021-03-10,FVG,3358,1493,1865,1566,1792,ITH,ITH4,6,Friuli-Venezia Giulia,Friuli Venezia Giulia,1215220,632715,52.07,0.28
1474,2021-01-05,FVG,1678,551,1127,1678,0,ITH,ITH4,6,Friuli-Venezia Giulia,Friuli Venezia Giulia,1215220,634393,52.2,0.14
1475,2021-03-27,FVG,4984,2560,2424,3573,1411,ITH,ITH4,6,Friuli-Venezia Giulia,Friuli Venezia Giulia,1215220,639377,52.61,0.41
1476,2021-02-05,FVG,2614,785,1829,90,2524,ITH,ITH4,6,Friuli-Venezia Giulia,Friuli Venezia Giulia,1215220,641991,52.83,0.22
1477,2021-04-14,FVG,7214,3117,4097,5502,1712,ITH,ITH4,6,Friuli-Venezia Giulia,Friuli Venezia Giulia,1215220,649205,53.42,0.59
1478,2021-01-19,FVG,6,2,4,6,0,ITH,ITH4,6,Friuli-Venezia Giulia,Friuli Venezia Giulia,1215220,649211,53.42,0.0
1479,2021-05-13,FVG,10988,5278,5710,8994,1994,ITH,ITH4,6,Friuli-Venezia Giulia,Friuli Venezia Giulia,1215220,660199,54.33,0.9
1480,2021-02-09,FVG,1842,555,1287,1556,286,ITH,ITH4,6,Friuli-Venezia Giulia,Friuli Venezia Giulia,1215220,662041,54.48,0.15
1481,2021-03-24,FVG,3766,1530,2236,2286,1480,ITH,ITH4,6,Friuli-Venezia Giulia,Friuli Venezia Giulia,1215220,665807,54.79,0.31
1482,2021-01-26,FVG,1977,647,1330,217,1760,ITH,ITH4,6,Friuli-Venezia Giulia,Friuli Venezia Giulia,1215220,667784,54.95,0.16
1483,2021-03-31,FVG,8030,3500,4530,7185,845,ITH,ITH4,6,Friuli-Venezia Giulia,Friuli Venezia Giulia,1215220,675814,55.61,0.66
1484,2021-01-09,FVG,2513,841,1672,2513,0,ITH,ITH4,6,Friuli-Venezia Giulia,Friuli Venezia Giulia,1215220,678327,55.82,0.21
1485,2021-03-07,FVG,2547,932,1615,2546,1,ITH,ITH4,6,Friuli-Venezia Giulia,Friuli Venezia Giulia,1215220,680874,56.03,0.21
1486,2021-04-19,FVG,6705,3131,3574,3293,3412,ITH,ITH4,6,Friuli-Venezia Giulia,Friuli Venezia Giulia,1215220,687579,56.58,0.55
1487,2021-02-02,FVG,2467,806,1661,217,2250,ITH,ITH4,6,Friuli-Venezia Giulia,Friuli Venezia Giulia,1215220,690046,56.78,0.2
1488,2020-12-31,FVG,1053,384,669,1053,0,ITH,ITH4,6,Friuli-Venezia Giulia,Friuli Venezia Giulia,1215220,691099,56.87,0.09
1489,2021-04-12,FVG,7253,3181,4072,6122,1131,ITH,ITH4,6,Friuli-Venezia Giulia,Friuli Venezia Giulia,1215220,698352,57.47,0.6
1490,2021-03-02,PIE,11200,4505,6695,10384,816,ITC,ITC1,1,Piemonte,Piemonte,4356406,11200,0.26,0.26
1491,2021-02-13,PIE,4153,1334,2819,2931,1222,ITC,ITC1,1,Piemonte,Piemonte,4356406,15353,0.35,0.1
1492,2021-05-26,PIE,31847,14519,17328,15439,16408,ITC,ITC1,1,Piemonte,Piemonte,4356406,47200,1.08,0.73
1493,2021-01-27,PIE,4196,1453,2743,999,3197,ITC,ITC1,1,Piemonte,Piemonte,4356406,51396,1.18,0.1
1494,2021-05-09,PIE,26986,12857,14129,13380,13606,ITC,ITC1,1,Piemonte,Piemonte,4356406,78382,1.8,0.62
1495,2021-04-23,PIE,27430,12594,14836,20670,6760,ITC,ITC1,1,Piemonte,Piemonte,4356406,105812,2.43,0.63
1496,2021-03-18,PIE,11756,4803,6953,4029,7727,ITC,ITC1,1,Piemonte,Piemonte,4356406,117568,2.7,0.27
1497,2021-03-20,PIE,11919,4898,7021,6021,5898,ITC,ITC1,1,Piemonte,Piemonte,4356406,129487,2.97,0.27
1498,2020-12-28,PIE,1,1,0,1,0,ITC,ITC1,1,Piemonte,Piemonte,4356406,129488,2.97,0.0
1499,2021-04-18,PIE,22950,10817,12133,20196,2754,ITC,ITC1,1,Piemonte,Piemonte,4356406,152438,3.5,0.53
1500,2021-01-15,PIE,8970,2955,6015,8970,0,ITC,ITC1,1,Piemonte,Piemonte,4356406,161408,3.71,0.21
1501,2021-03-06,PIE,13994,5211,8783,11205,2789,ITC,ITC1,1,Piemonte,Piemonte,4356406,175402,4.03,0.32
1502,2021-01-22,PIE,3867,1249,2618,2526,1341,ITC,ITC1,1,Piemonte,Piemonte,4356406,179269,4.12,0.09
1503,2021-05-24,PIE,28420,13018,15402,16936,11484,ITC,ITC1,1,Piemonte,Piemonte,4356406,207689,4.77,0.65
1504,2021-05-07,PIE,32875,15519,17356,18846,14029,ITC,ITC1,1,Piemonte,Piemonte,4356406,240564,5.52,0.75
1505,2021-03-04,PIE,14494,5733,8761,11547,2947,ITC,ITC1,1,Piemonte,Piemonte,4356406,255058,5.85,0.33
1506,2021-04-20,PIE,25450,11653,13797,19106,6344,ITC,ITC1,1,Piemonte,Piemonte,4356406,280508,6.44,0.58
1507,2021-02-15,PIE,4432,1597,2835,3227,1205,ITC,ITC1,1,Piemonte,Piemonte,4356406,284940,6.54,0.1
1508,2021-05-17,PIE,30604,14369,16235,17666,12938,ITC,ITC1,1,Piemonte,Piemonte,4356406,315544,7.24,0.7
1509,2021-03-28,PIE,16053,6899,9154,8433,7620,ITC,ITC1,1,Piemonte,Piemonte,4356406,331597,7.61,0.37
1510,2021-01-18,PIE,6165,2047,4118,5916,249,ITC,ITC1,1,Piemonte,Piemonte,4356406,337762,7.75,0.14
1511,2021-01-01,PIE,1038,395,643,1038,0,ITC,ITC1,1,Piemonte,Piemonte,4356406,338800,7.78,0.02
1512,2021-02-11,PIE,6764,2107,4657,3006,3758,ITC,ITC1,1,Piemonte,Piemonte,4356406,345564,7.93,0.16
1513,2021-04-09,PIE,25844,11385,14459,21336,4508,ITC,ITC1,1,Piemonte,Piemonte,4356406,371408,8.53,0.59
1514,2021-04-02,PIE,20129,8298,11831,11702,8427,ITC,ITC1,1,Piemonte,Piemonte,4356406,391537,8.99,0.46
1515,2020-12-30,PIE,730,322,408,730,0,ITC,ITC1,1,Piemonte,Piemonte,4356406,392267,9.0,0.02
1516,2021-02-25,PIE,12218,5252,6966,11671,547,ITC,ITC1,1,Piemonte,Piemonte,4356406,404485,9.28,0.28
1517,2021-02-18,PIE,4789,2093,2696,4359,430,ITC,ITC1,1,Piemonte,Piemonte,4356406,409274,9.39,0.11
1518,2021-04-16,PIE,28345,13189,15156,23402,4943,ITC,ITC1,1,Piemonte,Piemonte,4356406,437619,10.05,0.65
1519,2021-01-13,PIE,10080,3223,6857,10080,0,ITC,ITC1,1,Piemonte,Piemonte,4356406,447699,10.28,0.23
1520,2021-01-06,PIE,3116,1111,2005,3116,0,ITC,ITC1,1,Piemonte,Piemonte,4356406,450815,10.35,0.07
1521,2021-05-14,PIE,33212,16162,17050,17885,15327,ITC,ITC1,1,Piemonte,Piemonte,4356406,484027,11.11,0.76
1522,2021-05-21,PIE,35713,16528,19185,20314,15399,ITC,ITC1,1,Piemonte,Piemonte,4356406,519740,11.93,0.82
1523,2021-01-16,PIE,7771,2630,5141,7771,0,ITC,ITC1,1,Piemonte,Piemonte,4356406,527511,12.11,0.18
1524,2021-03-21,PIE,10723,4738,5985,4189,6534,ITC,ITC1,1,Piemonte,Piemonte,4356406,538234,12.36,0.25
1525,2021-03-30,PIE,16891,7033,9858,9020,7871,ITC,ITC1,1,Piemonte,Piemonte,4356406,555125,12.74,0.39
1526,2021-01-25,PIE,6215,1938,4277,983,5232,ITC,ITC1,1,Piemonte,Piemonte,4356406,561340,12.89,0.14
1527,2021-05-28,PIE,15276,7228,8048,7236,8040,ITC,ITC1,1,Piemonte,Piemonte,4356406,576616,13.24,0.35
1528,2021-04-21,PIE,25700,11812,13888,20369,5331,ITC,ITC1,1,Piemonte,Piemonte,4356406,602316,13.83,0.59
1529,2021-04-04,PIE,9254,4059,5195,6541,2713,ITC,ITC1,1,Piemonte,Piemonte,4356406,611570,14.04,0.21
1530,2021-01-11,PIE,8742,2980,5762,8742,0,ITC,ITC1,1,Piemonte,Piemonte,4356406,620312,14.24,0.2
1531,2021-04-06,PIE,20238,8809,11429,15042,5196,ITC,ITC1,1,Piemonte,Piemonte,4356406,640550,14.7,0.46
1532,2020-12-27,PIE,913,369,544,913,0,ITC,ITC1,1,Piemonte,Piemonte,4356406,641463,14.72,0.02
1533,2021-01-04,PIE,5564,1679,3885,5564,0,ITC,ITC1,1,Piemonte,Piemonte,4356406,647027,14.85,0.13
1534,2021-04-28,PIE,25958,11691,14267,15954,10004,ITC,ITC1,1,Piemonte,Piemonte,4356406,672985,15.45,0.6
1535,2021-02-23,PIE,9233,3713,5520,8653,580,ITC,ITC1,1,Piemonte,Piemonte,4356406,682218,15.66,0.21
1536,2021-04-11,PIE,20822,9315,11507,18661,2161,ITC,ITC1,1,Piemonte,Piemonte,4356406,703040,16.14,0.48
1537,2021-02-06,PIE,7992,2666,5326,400,7592,ITC,ITC1,1,Piemonte,Piemonte,4356406,711032,16.32,0.18
1538,2021-03-09,PIE,13964,5429,8535,11622,2342,ITC,ITC1,1,Piemonte,Piemonte,4356406,724996,16.64,0.32
1539,2021-02-20,PIE,3833,1253,2580,3659,174,ITC,ITC1,1,Piemonte,Piemonte,4356406,728829,16.73,0.09
1540,2021-02-27,PIE,12691,4851,7840,12346,345,ITC,ITC1,1,Piemonte,Piemonte,4356406,741520,17.02,0.29
1541,2021-04-25,PIE,20223,9303,10920,17722,2501,ITC,ITC1,1,Piemonte,Piemonte,4356406,761743,17.49,0.46
1542,2021-05-02,PIE,25039,11258,13781,14294,10745,ITC,ITC1,1,Piemonte,Piemonte,4356406,786782,18.06,0.57
1543,2021-03-13,PIE,13042,4720,8322,11598,1444,ITC,ITC1,1,Piemonte,Piemonte,4356406,799824,18.36,0.3
1544,2021-01-08,PIE,5531,1761,3770,5531,0,ITC,ITC1,1,Piemonte,Piemonte,4356406,805355,18.49,0.13
1545,2021-02-04,PIE,10203,3339,6864,588,9615,ITC,ITC1,1,Piemonte,Piemonte,4356406,815558,18.72,0.23
1546,2021-04-30,PIE,31753,14261,17492,18427,13326,ITC,ITC1,1,Piemonte,Piemonte,4356406,847311,19.45,0.73
1547,2021-03-11,PIE,13773,5077,8696,10677,3096,ITC,ITC1,1,Piemonte,Piemonte,4356406,861084,19.77,0.32
1548,2021-01-20,PIE,6615,2089,4526,5898,717,ITC,ITC1,1,Piemonte,Piemonte,4356406,867699,19.92,0.15
1549,2021-03-25,PIE,17062,7203,9859,8423,8639,ITC,ITC1,1,Piemonte,Piemonte,4356406,884761,20.31,0.39
1550,2021-02-03,PIE,10198,3303,6895,611,9587,ITC,ITC1,1,Piemonte,Piemonte,4356406,894959,20.54,0.23
1551,2021-03-14,PIE,8204,3335,4869,5308,2896,ITC,ITC1,1,Piemonte,Piemonte,4356406,903163,20.73,0.19
1552,2021-05-10,PIE,28540,13680,14860,15526,13014,ITC,ITC1,1,Piemonte,Piemonte,4356406,931703,21.39,0.66
1553,2021-05-19,PIE,32832,15098,17734,21930,10902,ITC,ITC1,1,Piemonte,Piemonte,4356406,964535,22.14,0.75
1554,2021-01-30,PIE,5979,2135,3844,218,5761,ITC,ITC1,1,Piemonte,Piemonte,4356406,970514,22.28,0.14
1555,2021-03-16,PIE,10519,4268,6251,4463,6056,ITC,ITC1,1,Piemonte,Piemonte,4356406,981033,22.52,0.24
1556,2021-05-12,PIE,31612,15031,16581,18923,12689,ITC,ITC1,1,Piemonte,Piemonte,4356406,1012645,23.24,0.73
1557,2021-02-08,PIE,6916,2355,4561,666,6250,ITC,ITC1,1,Piemonte,Piemonte,4356406,1019561,23.4,0.16
1558,2021-02-01,PIE,8642,3053,5589,578,8064,ITC,ITC1,1,Piemonte,Piemonte,4356406,1028203,23.6,0.2
1559,2021-02-22,PIE,8480,3471,5009,7890,590,ITC,ITC1,1,Piemonte,Piemonte,4356406,1036683,23.8,0.19
1560,2021-04-13,PIE,25924,11605,14319,22466,3458,ITC,ITC1,1,Piemonte,Piemonte,4356406,1062607,24.39,0.6
1561,2021-01-23,PIE,4257,1325,2932,879,3378,ITC,ITC1,1,Piemonte,Piemonte,4356406,1066864,24.49,0.1
1562,2021-03-23,PIE,13066,5447,7619,6823,6243,ITC,ITC1,1,Piemonte,Piemonte,4356406,1079930,24.79,0.3
1563,2021-05-05,PIE,32095,15020,17075,19088,13007,ITC,ITC1,1,Piemonte,Piemonte,4356406,1112025,25.53,0.74
1564,2021-04-01,PIE,19329,8073,11256,11209,8120,ITC,ITC1,1,Piemonte,Piemonte,4356406,1131354,25.97,0.44
1565,2021-01-10,PIE,5214,2275,2939,5214,0,ITC,ITC1,1,Piemonte,Piemonte,4356406,1136568,26.09,0.12
1566,2021-04-22,PIE,27618,12706,14912,20928,6690,ITC,ITC1,1,Piemonte,Piemonte,4356406,1164186,26.72,0.63
1567,2021-04-05,PIE,14746,6233,8513,12189,2557,ITC,ITC1,1,Piemonte,Piemonte,4356406,1178932,27.06,0.34
1568,2021-03-19,PIE,11019,4511,6508,4414,6605,ITC,ITC1,1,Piemonte,Piemonte,4356406,1189951,27.31,0.25
1569,2021-05-13,PIE,35349,17261,18088,20519,14830,ITC,ITC1,1,Piemonte,Piemonte,4356406,1225300,28.13,0.81
1570,2021-05-27,PIE,36565,16960,19605,18888,17677,ITC,ITC1,1,Piemonte,Piemonte,4356406,1261865,28.97,0.84
1571,2021-03-24,PIE,15505,6341,9164,6378,9127,ITC,ITC1,1,Piemonte,Piemonte,4356406,1277370,29.32,0.36
1572,2021-03-31,PIE,19105,8102,11003,10413,8692,ITC,ITC1,1,Piemonte,Piemonte,4356406,1296475,29.76,0.44
1573,2021-04-03,PIE,19430,8156,11274,10883,8547,ITC,ITC1,1,Piemonte,Piemonte,4356406,1315905,30.21,0.45
1574,2021-01-29,PIE,5943,1886,4057,455,5488,ITC,ITC1,1,Piemonte,Piemonte,4356406,1321848,30.34,0.14
1575,2021-01-12,PIE,10089,3415,6674,10089,0,ITC,ITC1,1,Piemonte,Piemonte,4356406,1331937,30.57,0.23
1576,2021-03-17,PIE,12518,5055,7463,5224,7294,ITC,ITC1,1,Piemonte,Piemonte,4356406,1344455,30.86,0.29
1577,2021-02-28,PIE,10816,4060,6756,10576,240,ITC,ITC1,1,Piemonte,Piemonte,4356406,1355271,31.11,0.25
1578,2021-02-05,PIE,9455,3080,6375,657,8798,ITC,ITC1,1,Piemonte,Piemonte,4356406,1364726,31.33,0.22
1579,2021-03-27,PIE,18383,7827,10556,9552,8831,ITC,ITC1,1,Piemonte,Piemonte,4356406,1383109,31.75,0.42
1580,2021-03-10,PIE,13631,5167,8464,11337,2294,ITC,ITC1,1,Piemonte,Piemonte,4356406,1396740,32.06,0.31
1581,2021-01-19,PIE,6462,2105,4357,6450,12,ITC,ITC1,1,Piemonte,Piemonte,4356406,1403202,32.21,0.15
1582,2021-04-14,PIE,27700,12558,15142,23179,4521,ITC,ITC1,1,Piemonte,Piemonte,4356406,1430902,32.85,0.64
1583,2021-02-10,PIE,7534,2371,5163,1316,6218,ITC,ITC1,1,Piemonte,Piemonte,4356406,1438436,33.02,0.17
1584,2021-04-08,PIE,25142,10929,14213,20412,4730,ITC,ITC1,1,Piemonte,Piemonte,4356406,1463578,33.6,0.58
1585,2021-04-15,PIE,29587,13566,16021,24109,5478,ITC,ITC1,1,Piemonte,Piemonte,4356406,1493165,34.28,0.68
1586,2021-04-17,PIE,30361,14101,16260,27049,3312,ITC,ITC1,1,Piemonte,Piemonte,4356406,1523526,34.97,0.7
1587,2021-04-10,PIE,30161,13415,16746,25883,4278,ITC,ITC1,1,Piemonte,Piemonte,4356406,1553687,35.66,0.69
1588,2021-01-05,PIE,5381,1603,3778,5381,0,ITC,ITC1,1,Piemonte,Piemonte,4356406,1559068,35.79,0.12
1589,2021-01-07,PIE,5387,1739,3648,5387,0,ITC,ITC1,1,Piemonte,Piemonte,4356406,1564455,35.91,0.12
1590,2021-03-05,PIE,15267,5960,9307,11450,3817,ITC,ITC1,1,Piemonte,Piemonte,4356406,1579722,36.26,0.35
1591,2020-12-31,PIE,3909,1334,2575,3909,0,ITC,ITC1,1,Piemonte,Piemonte,4356406,1583631,36.35,0.09
1592,2021-03-01,PIE,12041,4845,7196,11232,809,ITC,ITC1,1,Piemonte,Piemonte,4356406,1595672,36.63,0.28
1593,2021-05-25,PIE,30806,14268,16538,15872,14934,ITC,ITC1,1,Piemonte,Piemonte,4356406,1626478,37.34,0.71
1594,2021-02-14,PIE,1476,498,978,876,600,ITC,ITC1,1,Piemonte,Piemonte,4356406,1627954,37.37,0.03
1595,2021-04-19,PIE,22531,10762,11769,18167,4364,ITC,ITC1,1,Piemonte,Piemonte,4356406,1650485,37.89,0.52
1596,2021-01-09,PIE,6184,2185,3999,6184,0,ITC,ITC1,1,Piemonte,Piemonte,4356406,1656669,38.03,0.14
1597,2021-03-08,PIE,13945,5292,8653,11232,2713,ITC,ITC1,1,Piemonte,Piemonte,4356406,1670614,38.35,0.32
1598,2021-05-04,PIE,28437,13053,15384,16384,12053,ITC,ITC1,1,Piemonte,Piemonte,4356406,1699051,39.0,0.65
1599,2021-04-27,PIE,22563,10201,12362,17435,5128,ITC,ITC1,1,Piemonte,Piemonte,4356406,1721614,39.52,0.52
1600,2021-01-17,PIE,3518,1168,2350,2870,648,ITC,ITC1,1,Piemonte,Piemonte,4356406,1725132,39.6,0.08
1601,2021-03-15,PIE,10655,4161,6494,5036,5619,ITC,ITC1,1,Piemonte,Piemonte,4356406,1735787,39.84,0.24
1602,2021-05-11,PIE,31940,15387,16553,18821,13119,ITC,ITC1,1,Piemonte,Piemonte,4356406,1767727,40.58,0.73
1603,2021-01-24,PIE,3153,959,2194,434,2719,ITC,ITC1,1,Piemonte,Piemonte,4356406,1770880,40.65,0.07
1604,2021-03-22,PIE,11477,4864,6613,3871,7606,ITC,ITC1,1,Piemonte,Piemonte,4356406,1782357,40.91,0.26
1605,2021-01-31,PIE,4113,1753,2360,112,4001,ITC,ITC1,1,Piemonte,Piemonte,4356406,1786470,41.01,0.09
1606,2021-02-07,PIE,3088,974,2114,445,2643,ITC,ITC1,1,Piemonte,Piemonte,4356406,1789558,41.08,0.07
1607,2021-05-01,PIE,28524,12991,15533,16726,11798,ITC,ITC1,1,Piemonte,Piemonte,4356406,1818082,41.73,0.65
1608,2021-01-21,PIE,6923,2318,4605,3427,3496,ITC,ITC1,1,Piemonte,Piemonte,4356406,1825005,41.89,0.16
1609,2021-05-15,PIE,33543,15649,17894,19937,13606,ITC,ITC1,1,Piemonte,Piemonte,4356406,1858548,42.66,0.77
1610,2021-05-23,PIE,28629,13086,15543,15744,12885,ITC,ITC1,1,Piemonte,Piemonte,4356406,1887177,43.32,0.66
1611,2021-03-03,PIE,12120,4644,7476,11301,819,ITC,ITC1,1,Piemonte,Piemonte,4356406,1899297,43.6,0.28
1612,2021-05-06,PIE,33164,15626,17538,19745,13419,ITC,ITC1,1,Piemonte,Piemonte,4356406,1932461,44.36,0.76
1613,2021-02-12,PIE,6890,2214,4676,3930,2960,ITC,ITC1,1,Piemonte,Piemonte,4356406,1939351,44.52,0.16
1614,2021-01-26,PIE,6331,1879,4452,735,5596,ITC,ITC1,1,Piemonte,Piemonte,4356406,1945682,44.66,0.15
1615,2021-05-08,PIE,33840,16055,17785,18214,15626,ITC,ITC1,1,Piemonte,Piemonte,4356406,1979522,45.44,0.78
1616,2021-01-28,PIE,5590,1809,3781,384,5206,ITC,ITC1,1,Piemonte,Piemonte,4356406,1985112,45.57,0.13
1617,2021-01-03,PIE,3063,967,2096,3063,0,ITC,ITC1,1,Piemonte,Piemonte,4356406,1988175,45.64,0.07
1618,2021-05-18,PIE,31753,14570,17183,19306,12447,ITC,ITC1,1,Piemonte,Piemonte,4356406,2019928,46.37,0.73
1619,2021-03-29,PIE,15160,6384,8776,8547,6613,ITC,ITC1,1,Piemonte,Piemonte,4356406,2035088,46.71,0.35
1620,2021-04-12,PIE,22921,10351,12570,19931,2990,ITC,ITC1,1,Piemonte,Piemonte,4356406,2058009,47.24,0.53
1621,2021-01-02,PIE,3545,1134,2411,3545,0,ITC,ITC1,1,Piemonte,Piemonte,4356406,2061554,47.32,0.08
1622,2021-02-21,PIE,5090,2083,3007,4988,102,ITC,ITC1,1,Piemonte,Piemonte,4356406,2066644,47.44,0.12
1623,2021-02-17,PIE,4792,2155,2637,3803,989,ITC,ITC1,1,Piemonte,Piemonte,4356406,2071436,47.55,0.11
1624,2021-02-26,PIE,12293,4933,7360,11556,737,ITC,ITC1,1,Piemonte,Piemonte,4356406,2083729,47.83,0.28
1625,2021-04-26,PIE,19746,8729,11017,15351,4395,ITC,ITC1,1,Piemonte,Piemonte,4356406,2103475,48.28,0.45
1626,2021-01-14,PIE,9766,3152,6614,9766,0,ITC,ITC1,1,Piemonte,Piemonte,4356406,2113241,48.51,0.22
1627,2021-02-24,PIE,11409,4629,6780,10904,505,ITC,ITC1,1,Piemonte,Piemonte,4356406,2124650,48.77,0.26
1628,2021-02-19,PIE,5535,2175,3360,5034,501,ITC,ITC1,1,Piemonte,Piemonte,4356406,2130185,48.9,0.13
1629,2021-04-24,PIE,27427,12411,15016,21795,5632,ITC,ITC1,1,Piemonte,Piemonte,4356406,2157612,49.53,0.63
1630,2021-05-03,PIE,26624,12152,14472,12492,14132,ITC,ITC1,1,Piemonte,Piemonte,4356406,2184236,50.14,0.61
1631,2021-05-16,PIE,28099,12757,15342,15053,13046,ITC,ITC1,1,Piemonte,Piemonte,4356406,2212335,50.78,0.65
1632,2021-04-29,PIE,48267,21836,26431,35666,12601,ITC,ITC1,1,Piemonte,Piemonte,4356406,2260602,51.89,1.11
1633,2021-05-20,PIE,38150,17622,20528,13494,24656,ITC,ITC1,1,Piemonte,Piemonte,4356406,2298752,52.77,0.88
1634,2021-02-02,PIE,10241,3509,6732,816,9425,ITC,ITC1,1,Piemonte,Piemonte,4356406,2308993,53.0,0.24
1635,2021-02-16,PIE,3967,1756,2211,3209,758,ITC,ITC1,1,Piemonte,Piemonte,4356406,2312960,53.09,0.09
1636,2021-04-07,PIE,23605,9994,13611,18141,5464,ITC,ITC1,1,Piemonte,Piemonte,4356406,2336565,53.64,0.54
1637,2021-03-07,PIE,11974,4657,7317,11097,877,ITC,ITC1,1,Piemonte,Piemonte,4356406,2348539,53.91,0.27
1638,2021-02-09,PIE,7378,2314,5064,722,6656,ITC,ITC1,1,Piemonte,Piemonte,4356406,2355917,54.08,0.17
1639,2021-05-22,PIE,33218,14990,18228,17165,16053,ITC,ITC1,1,Piemonte,Piemonte,4356406,2389135,54.84,0.76
1640,2021-03-12,PIE,13949,5184,8765,11014,2935,ITC,ITC1,1,Piemonte,Piemonte,4356406,2403084,55.16,0.32
1641,2021-03-26,PIE,17748,6982,10766,8840,8908,ITC,ITC1,1,Piemonte,Piemonte,4356406,2420832,55.57,0.41
1642,2021-03-14,LOM,14876,5349,9527,11590,3286,ITC,ITC4,3,Lombardia,Lombardia,10060574,14876,0.15,0.15
1643,2021-05-17,LOM,94475,45256,49219,30194,64281,ITC,ITC4,3,Lombardia,Lombardia,10060574,109351,1.09,0.94
1644,2021-02-25,LOM,15198,6303,8895,13645,1553,ITC,ITC4,3,Lombardia,Lombardia,10060574,124549,1.24,0.15
1645,2021-04-30,LOM,116882,54634,62248,89691,27191,ITC,ITC4,3,Lombardia,Lombardia,10060574,241431,2.4,1.16
1646,2021-02-08,LOM,10081,2918,7163,2139,7942,ITC,ITC4,3,Lombardia,Lombardia,10060574,251512,2.5,0.1
1647,2021-05-03,LOM,83633,39728,43905,71519,12114,ITC,ITC4,3,Lombardia,Lombardia,10060574,335145,3.33,0.83
1648,2021-03-28,LOM,20474,7807,12667,14310,6164,ITC,ITC4,3,Lombardia,Lombardia,10060574,355619,3.53,0.2
1649,2021-04-16,LOM,53587,23889,29698,39273,14314,ITC,ITC4,3,Lombardia,Lombardia,10060574,409206,4.07,0.53
1650,2021-01-23,LOM,1114,357,757,916,198,ITC,ITC4,3,Lombardia,Lombardia,10060574,410320,4.08,0.01
1651,2021-03-11,LOM,36218,13473,22745,26320,9898,ITC,ITC4,3,Lombardia,Lombardia,10060574,446538,4.44,0.36
1652,2021-01-06,LOM,7061,2492,4569,7061,0,ITC,ITC4,3,Lombardia,Lombardia,10060574,453599,4.51,0.07
1653,2021-01-09,LOM,12410,4573,7837,12410,0,ITC,ITC4,3,Lombardia,Lombardia,10060574,466009,4.63,0.12
1654,2021-01-27,LOM,8045,2677,5368,821,7224,ITC,ITC4,3,Lombardia,Lombardia,10060574,474054,4.71,0.08
1655,2021-05-21,LOM,93405,45066,48339,29027,64378,ITC,ITC4,3,Lombardia,Lombardia,10060574,567459,5.64,0.93
1656,2021-03-18,LOM,27425,10957,16468,16196,11229,ITC,ITC4,3,Lombardia,Lombardia,10060574,594884,5.91,0.27
1657,2021-02-23,LOM,11773,4792,6981,11465,308,ITC,ITC4,3,Lombardia,Lombardia,10060574,606657,6.03,0.12
1658,2021-05-19,LOM,82588,39482,43106,33764,48824,ITC,ITC4,3,Lombardia,Lombardia,10060574,689245,6.85,0.82
1659,2021-02-06,LOM,15256,5532,9724,1038,14218,ITC,ITC4,3,Lombardia,Lombardia,10060574,704501,7.0,0.15
1660,2021-05-02,LOM,83495,38330,45165,61035,22460,ITC,ITC4,3,Lombardia,Lombardia,10060574,787996,7.83,0.83
1661,2021-01-30,LOM,12323,4570,7753,173,12150,ITC,ITC4,3,Lombardia,Lombardia,10060574,800319,7.96,0.12
1662,2021-02-13,LOM,6416,2443,3973,4939,1477,ITC,ITC4,3,Lombardia,Lombardia,10060574,806735,8.02,0.06
1663,2021-01-13,LOM,26378,8053,18325,26378,0,ITC,ITC4,3,Lombardia,Lombardia,10060574,833113,8.28,0.26
1664,2021-03-26,LOM,41176,15616,25560,28107,13069,ITC,ITC4,3,Lombardia,Lombardia,10060574,874289,8.69,0.41
1665,2021-05-22,LOM,70101,33628,36473,32335,37766,ITC,ITC4,3,Lombardia,Lombardia,10060574,944390,9.39,0.7
1666,2021-05-24,LOM,88911,43160,45751,49296,39615,ITC,ITC4,3,Lombardia,Lombardia,10060574,1033301,10.27,0.88
1667,2021-02-11,LOM,17044,5003,12041,9700,7344,ITC,ITC4,3,Lombardia,Lombardia,10060574,1050345,10.44,0.17
1668,2021-02-18,LOM,14041,4926,9115,13013,1028,ITC,ITC4,3,Lombardia,Lombardia,10060574,1064386,10.58,0.14
1669,2021-02-20,LOM,9474,3905,5569,9175,299,ITC,ITC4,3,Lombardia,Lombardia,10060574,1073860,10.67,0.09
1670,2021-04-18,LOM,36343,16203,20140,31116,5227,ITC,ITC4,3,Lombardia,Lombardia,10060574,1110203,11.04,0.36
1671,2021-04-02,LOM,41138,16828,24310,26692,14446,ITC,ITC4,3,Lombardia,Lombardia,10060574,1151341,11.44,0.41
1672,2021-04-11,LOM,32186,13937,18249,24794,7392,ITC,ITC4,3,Lombardia,Lombardia,10060574,1183527,11.76,0.32
1673,2020-12-30,LOM,114,42,72,114,0,ITC,ITC4,3,Lombardia,Lombardia,10060574,1183641,11.77,0.0
1674,2021-02-27,LOM,13950,5872,8078,13308,642,ITC,ITC4,3,Lombardia,Lombardia,10060574,1197591,11.9,0.14
1675,2021-03-08,LOM,29765,11185,18580,22694,7071,ITC,ITC4,3,Lombardia,Lombardia,10060574,1227356,12.2,0.3
1676,2021-04-14,LOM,47139,21018,26121,34172,12967,ITC,ITC4,3,Lombardia,Lombardia,10060574,1274495,12.67,0.47
1677,2021-01-04,LOM,6080,2098,3982,6080,0,ITC,ITC4,3,Lombardia,Lombardia,10060574,1280575,12.73,0.06
1678,2021-03-30,LOM,39491,15488,24003,24704,14787,ITC,ITC4,3,Lombardia,Lombardia,10060574,1320066,13.12,0.39
1679,2021-05-10,LOM,85181,40855,44326,63677,21504,ITC,ITC4,3,Lombardia,Lombardia,10060574,1405247,13.97,0.85
1680,2021-04-23,LOM,73364,33270,40094,56854,16510,ITC,ITC4,3,Lombardia,Lombardia,10060574,1478611,14.7,0.73
1681,2021-03-21,LOM,23577,8549,15028,18316,5261,ITC,ITC4,3,Lombardia,Lombardia,10060574,1502188,14.93,0.23
1682,2021-03-04,LOM,29418,12149,17269,20287,9131,ITC,ITC4,3,Lombardia,Lombardia,10060574,1531606,15.22,0.29
1683,2021-04-28,LOM,95574,43599,51975,68723,26851,ITC,ITC4,3,Lombardia,Lombardia,10060574,1627180,16.17,0.95
1684,2021-03-16,LOM,25476,10112,15364,16418,9058,ITC,ITC4,3,Lombardia,Lombardia,10060574,1652656,16.43,0.25
1685,2021-05-12,LOM,87086,41575,45511,59733,27353,ITC,ITC4,3,Lombardia,Lombardia,10060574,1739742,17.29,0.87
1686,2021-03-09,LOM,33242,12853,20389,25817,7425,ITC,ITC4,3,Lombardia,Lombardia,10060574,1772984,17.62,0.33
1687,2021-05-05,LOM,87755,41852,45903,72546,15209,ITC,ITC4,3,Lombardia,Lombardia,10060574,1860739,18.5,0.87
1688,2021-01-18,LOM,9156,2968,6188,8175,981,ITC,ITC4,3,Lombardia,Lombardia,10060574,1869895,18.59,0.09
1689,2021-03-23,LOM,42516,15403,27113,29639,12877,ITC,ITC4,3,Lombardia,Lombardia,10060574,1912411,19.01,0.42
1690,2021-01-25,LOM,7025,2372,4653,487,6538,ITC,ITC4,3,Lombardia,Lombardia,10060574,1919436,19.08,0.07
1691,2021-02-01,LOM,16056,5317,10739,304,15752,ITC,ITC4,3,Lombardia,Lombardia,10060574,1935492,19.24,0.16
1692,2021-01-16,LOM,15417,5725,9692,15417,0,ITC,ITC4,3,Lombardia,Lombardia,10060574,1950909,19.39,0.15
1693,2021-03-07,LOM,12019,5347,6672,9460,2559,ITC,ITC4,3,Lombardia,Lombardia,10060574,1962928,19.51,0.12
1694,2021-05-07,LOM,92045,43577,48468,69878,22167,ITC,ITC4,3,Lombardia,Lombardia,10060574,2054973,20.43,0.91
1695,2021-03-25,LOM,42653,15932,26721,30074,12579,ITC,ITC4,3,Lombardia,Lombardia,10060574,2097626,20.85,0.42
1696,2021-05-14,LOM,85433,41151,44282,55477,29956,ITC,ITC4,3,Lombardia,Lombardia,10060574,2183059,21.7,0.85
1697,2021-02-10,LOM,14392,4504,9888,7572,6820,ITC,ITC4,3,Lombardia,Lombardia,10060574,2197451,21.84,0.14
1698,2021-01-28,LOM,12196,3693,8503,777,11419,ITC,ITC4,3,Lombardia,Lombardia,10060574,2209647,21.96,0.12
1699,2021-04-25,LOM,51445,23598,27847,46729,4716,ITC,ITC4,3,Lombardia,Lombardia,10060574,2261092,22.47,0.51
1700,2021-02-16,LOM,9544,3086,6458,9088,456,ITC,ITC4,3,Lombardia,Lombardia,10060574,2270636,22.57,0.09
1701,2020-12-28,LOM,107,47,60,107,0,ITC,ITC4,3,Lombardia,Lombardia,10060574,2270743,22.57,0.0
1702,2021-04-21,LOM,71645,32503,39142,57055,14590,ITC,ITC4,3,Lombardia,Lombardia,10060574,2342388,23.28,0.71
1703,2021-03-02,LOM,22850,9713,13137,19815,3035,ITC,ITC4,3,Lombardia,Lombardia,10060574,2365238,23.51,0.23
1704,2021-01-11,LOM,16174,5362,10812,16174,0,ITC,ITC4,3,Lombardia,Lombardia,10060574,2381412,23.67,0.16
1705,2021-05-26,LOM,92768,44243,48525,43386,49382,ITC,ITC4,3,Lombardia,Lombardia,10060574,2474180,24.59,0.92
1706,2021-04-06,LOM,43045,17563,25482,25092,17953,ITC,ITC4,3,Lombardia,Lombardia,10060574,2517225,25.02,0.43
1707,2021-02-04,LOM,27654,8072,19582,1971,25683,ITC,ITC4,3,Lombardia,Lombardia,10060574,2544879,25.3,0.27
1708,2021-04-09,LOM,52218,22287,29931,36222,15996,ITC,ITC4,3,Lombardia,Lombardia,10060574,2597097,25.81,0.52
1709,2021-04-04,LOM,7617,3232,4385,3718,3899,ITC,ITC4,3,Lombardia,Lombardia,10060574,2604714,25.89,0.08
1710,2021-01-01,LOM,24,7,17,24,0,ITC,ITC4,3,Lombardia,Lombardia,10060574,2604738,25.89,0.0
1711,2021-03-06,LOM,21317,9087,12230,16801,4516,ITC,ITC4,3,Lombardia,Lombardia,10060574,2626055,26.1,0.21
1712,2021-04-13,LOM,47574,21237,26337,33508,14066,ITC,ITC4,3,Lombardia,Lombardia,10060574,2673629,26.58,0.47
1713,2021-01-22,LOM,3105,866,2239,3035,70,ITC,ITC4,3,Lombardia,Lombardia,10060574,2676734,26.61,0.03
1714,2021-03-27,LOM,32348,12325,20023,23717,8631,ITC,ITC4,3,Lombardia,Lombardia,10060574,2709082,26.93,0.32
1715,2021-01-05,LOM,7821,2566,5255,7821,0,ITC,ITC4,3,Lombardia,Lombardia,10060574,2716903,27.01,0.08
1716,2021-02-03,LOM,25577,7908,17669,1151,24426,ITC,ITC4,3,Lombardia,Lombardia,10060574,2742480,27.26,0.25
1717,2021-04-01,LOM,42905,17206,25699,26741,16164,ITC,ITC4,3,Lombardia,Lombardia,10060574,2785385,27.69,0.43
1718,2021-04-26,LOM,87923,40915,47008,68764,19159,ITC,ITC4,3,Lombardia,Lombardia,10060574,2873308,28.56,0.87
1719,2021-04-12,LOM,47223,20570,26653,32892,14331,ITC,ITC4,3,Lombardia,Lombardia,10060574,2920531,29.03,0.47
1720,2021-01-20,LOM,5608,1373,4235,5493,115,ITC,ITC4,3,Lombardia,Lombardia,10060574,2926139,29.09,0.06
1721,2021-04-15,LOM,49375,21834,27541,35565,13810,ITC,ITC4,3,Lombardia,Lombardia,10060574,2975514,29.58,0.49
1722,2021-01-03,LOM,854,316,538,854,0,ITC,ITC4,3,Lombardia,Lombardia,10060574,2976368,29.58,0.01
1723,2021-03-29,LOM,40013,15512,24501,25181,14832,ITC,ITC4,3,Lombardia,Lombardia,10060574,3016381,29.98,0.4
1724,2021-03-12,LOM,35244,12952,22292,25039,10205,ITC,ITC4,3,Lombardia,Lombardia,10060574,3051625,30.33,0.35
1725,2021-04-08,LOM,52327,21754,30573,35872,16455,ITC,ITC4,3,Lombardia,Lombardia,10060574,3103952,30.85,0.52
1726,2021-02-17,LOM,11969,3746,8223,10579,1390,ITC,ITC4,3,Lombardia,Lombardia,10060574,3115921,30.97,0.12
1727,2021-03-22,LOM,40304,14291,26013,29760,10544,ITC,ITC4,3,Lombardia,Lombardia,10060574,3156225,31.37,0.4
1728,2021-04-22,LOM,73759,33323,40436,57466,16293,ITC,ITC4,3,Lombardia,Lombardia,10060574,3229984,32.11,0.73
1729,2021-04-05,LOM,27387,11697,15690,19277,8110,ITC,ITC4,3,Lombardia,Lombardia,10060574,3257371,32.38,0.27
1730,2021-01-31,LOM,9747,3763,5984,34,9713,ITC,ITC4,3,Lombardia,Lombardia,10060574,3267118,32.47,0.1
1731,2021-05-25,LOM,90430,43263,47167,44474,45956,ITC,ITC4,3,Lombardia,Lombardia,10060574,3357548,33.37,0.9
1732,2021-05-23,LOM,60718,28912,31806,26787,33931,ITC,ITC4,3,Lombardia,Lombardia,10060574,3418266,33.98,0.6
1733,2021-04-03,LOM,36236,14858,21378,26159,10077,ITC,ITC4,3,Lombardia,Lombardia,10060574,3454502,34.34,0.36
1734,2021-02-12,LOM,13946,4355,9591,9027,4919,ITC,ITC4,3,Lombardia,Lombardia,10060574,3468448,34.48,0.14
1735,2021-04-10,LOM,52373,21698,30675,40580,11793,ITC,ITC4,3,Lombardia,Lombardia,10060574,3520821,35.0,0.52
1736,2021-02-19,LOM,14115,5369,8746,13435,680,ITC,ITC4,3,Lombardia,Lombardia,10060574,3534936,35.14,0.14
1737,2021-04-17,LOM,48360,21248,27112,37591,10769,ITC,ITC4,3,Lombardia,Lombardia,10060574,3583296,35.62,0.48
1738,2021-02-26,LOM,18367,7553,10814,16516,1851,ITC,ITC4,3,Lombardia,Lombardia,10060574,3601663,35.8,0.18
1739,2020-12-31,LOM,714,301,413,714,0,ITC,ITC4,3,Lombardia,Lombardia,10060574,3602377,35.81,0.01
1740,2021-01-07,LOM,11761,3636,8125,11761,0,ITC,ITC4,3,Lombardia,Lombardia,10060574,3614138,35.92,0.12
1741,2021-01-08,LOM,12698,3916,8782,12698,0,ITC,ITC4,3,Lombardia,Lombardia,10060574,3626836,36.05,0.13
1742,2021-01-15,LOM,25206,7430,17776,25206,0,ITC,ITC4,3,Lombardia,Lombardia,10060574,3652042,36.3,0.25
1743,2021-02-22,LOM,11894,4808,7086,11586,308,ITC,ITC4,3,Lombardia,Lombardia,10060574,3663936,36.42,0.12
1744,2021-05-18,LOM,87917,41997,45920,32533,55384,ITC,ITC4,3,Lombardia,Lombardia,10060574,3751853,37.29,0.87
1745,2021-02-24,LOM,14676,5928,8748,13748,928,ITC,ITC4,3,Lombardia,Lombardia,10060574,3766529,37.44,0.15
1746,2021-02-07,LOM,7308,2821,4487,340,6968,ITC,ITC4,3,Lombardia,Lombardia,10060574,3773837,37.51,0.07
1747,2021-01-19,LOM,8125,2348,5777,7651,474,ITC,ITC4,3,Lombardia,Lombardia,10060574,3781962,37.59,0.08
1748,2021-05-20,LOM,94069,45456,48613,31738,62331,ITC,ITC4,3,Lombardia,Lombardia,10060574,3876031,38.53,0.94
1749,2021-03-20,LOM,32512,12152,20360,22660,9852,ITC,ITC4,3,Lombardia,Lombardia,10060574,3908543,38.85,0.32
1750,2021-05-09,LOM,69511,32809,36702,56427,13084,ITC,ITC4,3,Lombardia,Lombardia,10060574,3978054,39.54,0.69
1751,2021-01-29,LOM,13439,4115,9324,654,12785,ITC,ITC4,3,Lombardia,Lombardia,10060574,3991493,39.67,0.13
1752,2021-04-24,LOM,75650,33527,42123,54589,21061,ITC,ITC4,3,Lombardia,Lombardia,10060574,4067143,40.43,0.75
1753,2021-03-05,LOM,28992,11948,17044,20585,8407,ITC,ITC4,3,Lombardia,Lombardia,10060574,4096135,40.71,0.29
1754,2021-03-19,LOM,32420,12907,19513,19216,13204,ITC,ITC4,3,Lombardia,Lombardia,10060574,4128555,41.04,0.32
1755,2021-01-14,LOM,26801,7782,19019,26801,0,ITC,ITC4,3,Lombardia,Lombardia,10060574,4155356,41.3,0.27
1756,2021-05-08,LOM,87339,40585,46754,65656,21683,ITC,ITC4,3,Lombardia,Lombardia,10060574,4242695,42.17,0.87
1757,2021-05-16,LOM,68448,32390,36058,36484,31964,ITC,ITC4,3,Lombardia,Lombardia,10060574,4311143,42.85,0.68
1758,2021-03-13,LOM,27170,9765,17405,21076,6094,ITC,ITC4,3,Lombardia,Lombardia,10060574,4338313,43.12,0.27
1759,2021-02-05,LOM,25601,7437,18164,2383,23218,ITC,ITC4,3,Lombardia,Lombardia,10060574,4363914,43.38,0.25
1760,2021-05-01,LOM,95870,43642,52228,66745,29125,ITC,ITC4,3,Lombardia,Lombardia,10060574,4459784,44.33,0.95
1761,2021-01-21,LOM,5342,1569,3773,4653,689,ITC,ITC4,3,Lombardia,Lombardia,10060574,4465126,44.38,0.05
1762,2021-02-15,LOM,8916,3120,5796,8495,421,ITC,ITC4,3,Lombardia,Lombardia,10060574,4474042,44.47,0.09
1763,2020-12-27,LOM,717,413,304,717,0,ITC,ITC4,3,Lombardia,Lombardia,10060574,4474759,44.48,0.01
1764,2021-05-27,LOM,93213,44801,48412,41006,52207,ITC,ITC4,3,Lombardia,Lombardia,10060574,4567972,45.4,0.93
1765,2021-05-04,LOM,86763,41049,45714,72400,14363,ITC,ITC4,3,Lombardia,Lombardia,10060574,4654735,46.27,0.86
1766,2021-03-01,LOM,18797,8232,10565,17092,1705,ITC,ITC4,3,Lombardia,Lombardia,10060574,4673532,46.45,0.19
1767,2021-05-13,LOM,86734,41600,45134,58186,28548,ITC,ITC4,3,Lombardia,Lombardia,10060574,4760266,47.32,0.86
1768,2021-03-10,LOM,33239,12729,20510,25384,7855,ITC,ITC4,3,Lombardia,Lombardia,10060574,4793505,47.65,0.33
1769,2021-03-31,LOM,41962,16983,24979,26739,15223,ITC,ITC4,3,Lombardia,Lombardia,10060574,4835467,48.06,0.42
1770,2021-01-26,LOM,8376,2721,5655,371,8005,ITC,ITC4,3,Lombardia,Lombardia,10060574,4843843,48.15,0.08
1771,2021-01-24,LOM,1201,459,742,537,664,ITC,ITC4,3,Lombardia,Lombardia,10060574,4845044,48.16,0.01
1772,2021-05-06,LOM,89727,42162,47565,73310,16417,ITC,ITC4,3,Lombardia,Lombardia,10060574,4934771,49.05,0.89
1773,2021-05-15,LOM,80388,38590,41798,47317,33071,ITC,ITC4,3,Lombardia,Lombardia,10060574,5015159,49.85,0.8
1774,2021-02-02,LOM,19850,6584,13266,491,19359,ITC,ITC4,3,Lombardia,Lombardia,10060574,5035009,50.05,0.2
1775,2021-05-28,LOM,35855,17074,18781,12248,23607,ITC,ITC4,3,Lombardia,Lombardia,10060574,5070864,50.4,0.36
1776,2020-12-29,LOM,104,44,60,104,0,ITC,ITC4,3,Lombardia,Lombardia,10060574,5070968,50.4,0.0
1777,2021-03-03,LOM,26944,11505,15439,19671,7273,ITC,ITC4,3,Lombardia,Lombardia,10060574,5097912,50.67,0.27
1778,2021-05-11,LOM,86650,41346,45304,60581,26069,ITC,ITC4,3,Lombardia,Lombardia,10060574,5184562,51.53,0.86
1779,2021-01-12,LOM,20220,6698,13522,20220,0,ITC,ITC4,3,Lombardia,Lombardia,10060574,5204782,51.73,0.2
1780,2021-02-14,LOM,3578,1546,2032,2944,634,ITC,ITC4,3,Lombardia,Lombardia,10060574,5208360,51.77,0.04
1781,2021-01-02,LOM,199,72,127,199,0,ITC,ITC4,3,Lombardia,Lombardia,10060574,5208559,51.77,0.0
1782,2021-02-28,LOM,7890,3257,4633,7674,216,ITC,ITC4,3,Lombardia,Lombardia,10060574,5216449,51.85,0.08
1783,2021-04-19,LOM,60079,27335,32744,50672,9407,ITC,ITC4,3,Lombardia,Lombardia,10060574,5276528,52.45,0.6
1784,2021-04-20,LOM,67613,30813,36800,57284,10329,ITC,ITC4,3,Lombardia,Lombardia,10060574,5344141,53.12,0.67
1785,2021-01-10,LOM,10519,3957,6562,10519,0,ITC,ITC4,3,Lombardia,Lombardia,10060574,5354660,53.22,0.1
1786,2021-04-27,LOM,85893,39944,45949,69367,16526,ITC,ITC4,3,Lombardia,Lombardia,10060574,5440553,54.08,0.85
1787,2021-04-29,LOM,115359,53533,61826,85567,29792,ITC,ITC4,3,Lombardia,Lombardia,10060574,5555912,55.22,1.15
1788,2021-01-17,LOM,8348,3347,5001,8147,201,ITC,ITC4,3,Lombardia,Lombardia,10060574,5564260,55.31,0.08
1789,2021-03-15,LOM,31570,11333,20237,23052,8518,ITC,ITC4,3,Lombardia,Lombardia,10060574,5595830,55.62,0.31
1790,2021-03-17,LOM,26235,10483,15752,15245,10990,ITC,ITC4,3,Lombardia,Lombardia,10060574,5622065,55.88,0.26
1791,2021-03-24,LOM,43306,15625,27681,31438,11868,ITC,ITC4,3,Lombardia,Lombardia,10060574,5665371,56.31,0.43
1792,2021-02-09,LOM,12285,3344,8941,4113,8172,ITC,ITC4,3,Lombardia,Lombardia,10060574,5677656,56.43,0.12
1793,2021-02-21,LOM,5052,1862,3190,5034,18,ITC,ITC4,3,Lombardia,Lombardia,10060574,5682708,56.48,0.05
1794,2021-04-07,LOM,50523,20876,29647,34711,15812,ITC,ITC4,3,Lombardia,Lombardia,10060574,5733231,56.99,0.5
1795,2021-03-29,PUG,12870,6001,6869,6139,6731,ITF,ITF4,16,Puglia,Puglia,4029053,12870,0.32,0.32
1796,2021-05-15,PUG,42780,18640,24140,23240,19540,ITF,ITF4,16,Puglia,Puglia,4029053,55650,1.38,1.06
1797,2021-03-12,PUG,13931,6108,7823,10005,3926,ITF,ITF4,16,Puglia,Puglia,4029053,69581,1.73,0.35
1798,2021-02-23,PUG,9349,4422,4927,8874,475,ITF,ITF4,16,Puglia,Puglia,4029053,78930,1.96,0.23
1799,2021-02-07,PUG,1578,669,909,253,1325,ITF,ITF4,16,Puglia,Puglia,4029053,80508,2.0,0.04
1800,2021-05-01,PUG,27373,12543,14830,16734,10639,ITF,ITF4,16,Puglia,Puglia,4029053,107881,2.68,0.68
1801,2021-04-12,PUG,29073,13695,15378,26249,2824,ITF,ITF4,16,Puglia,Puglia,4029053,136954,3.4,0.72
1802,2021-01-21,PUG,2132,904,1228,1271,861,ITF,ITF4,16,Puglia,Puglia,4029053,139086,3.45,0.05
1803,2021-01-02,PUG,2949,1301,1648,2949,0,ITF,ITF4,16,Puglia,Puglia,4029053,142035,3.53,0.07
1804,2021-03-26,PUG,11535,5419,6116,6890,4645,ITF,ITF4,16,Puglia,Puglia,4029053,153570,3.81,0.29
1805,2021-03-28,PUG,3527,1650,1877,1202,2325,ITF,ITF4,16,Puglia,Puglia,4029053,157097,3.9,0.09
1806,2021-04-02,PUG,12584,5762,6822,8066,4518,ITF,ITF4,16,Puglia,Puglia,4029053,169681,4.21,0.31
1807,2021-04-16,PUG,35820,16827,18993,32539,3281,ITF,ITF4,16,Puglia,Puglia,4029053,205501,5.1,0.89
1808,2021-02-18,PUG,4378,1846,2532,3774,604,ITF,ITF4,16,Puglia,Puglia,4029053,209879,5.21,0.11
1809,2021-02-11,PUG,3700,1402,2298,2423,1277,ITF,ITF4,16,Puglia,Puglia,4029053,213579,5.3,0.09
1810,2021-03-10,PUG,14402,6245,8157,11284,3118,ITF,ITF4,16,Puglia,Puglia,4029053,227981,5.66,0.36
1811,2021-02-21,PUG,2175,472,1703,2114,61,ITF,ITF4,16,Puglia,Puglia,4029053,230156,5.71,0.05
1812,2021-02-04,PUG,5926,2366,3560,1195,4731,ITF,ITF4,16,Puglia,Puglia,4029053,236082,5.86,0.15
1813,2021-05-17,PUG,32139,14732,17407,20547,11592,ITF,ITF4,16,Puglia,Puglia,4029053,268221,6.66,0.8
1814,2021-02-14,PUG,787,348,439,663,124,ITF,ITF4,16,Puglia,Puglia,4029053,269008,6.68,0.02
1815,2021-01-28,PUG,5471,2276,3195,471,5000,ITF,ITF4,16,Puglia,Puglia,4029053,274479,6.81,0.14
1816,2021-02-26,PUG,13713,5027,8686,12679,1034,ITF,ITF4,16,Puglia,Puglia,4029053,288192,7.15,0.34
1817,2020-12-31,PUG,1634,782,852,1634,0,ITF,ITF4,16,Puglia,Puglia,4029053,289826,7.19,0.04
1818,2021-03-05,PUG,17227,6825,10402,15063,2164,ITF,ITF4,16,Puglia,Puglia,4029053,307053,7.62,0.43
1819,2021-02-28,PUG,6046,1806,4240,5860,186,ITF,ITF4,16,Puglia,Puglia,4029053,313099,7.77,0.15
1820,2021-05-03,PUG,33062,14755,18307,22447,10615,ITF,ITF4,16,Puglia,Puglia,4029053,346161,8.59,0.82
1821,2021-03-07,PUG,4919,1943,2976,4348,571,ITF,ITF4,16,Puglia,Puglia,4029053,351080,8.71,0.12
1822,2021-01-23,PUG,3040,1294,1746,886,2154,ITF,ITF4,16,Puglia,Puglia,4029053,354120,8.79,0.08
1823,2021-04-17,PUG,39750,18818,20932,36184,3566,ITF,ITF4,16,Puglia,Puglia,4029053,393870,9.78,0.99
1824,2021-01-14,PUG,4069,1589,2480,4069,0,ITF,ITF4,16,Puglia,Puglia,4029053,397939,9.88,0.1
1825,2021-04-26,PUG,26032,11920,14112,22795,3237,ITF,ITF4,16,Puglia,Puglia,4029053,423971,10.52,0.65
1826,2021-01-09,PUG,4885,2250,2635,4885,0,ITF,ITF4,16,Puglia,Puglia,4029053,428856,10.64,0.12
1827,2021-03-14,PUG,3318,1429,1889,2507,811,ITF,ITF4,16,Puglia,Puglia,4029053,432174,10.73,0.08
1828,2021-01-19,PUG,1221,452,769,1211,10,ITF,ITF4,16,Puglia,Puglia,4029053,433395,10.76,0.03
1829,2021-04-14,PUG,31785,15003,16782,28479,3306,ITF,ITF4,16,Puglia,Puglia,4029053,465180,11.55,0.79
1830,2021-01-04,PUG,4505,2014,2491,4505,0,ITF,ITF4,16,Puglia,Puglia,4029053,469685,11.66,0.11
1831,2021-03-09,PUG,13287,5789,7498,11279,2008,ITF,ITF4,16,Puglia,Puglia,4029053,482972,11.99,0.33
1832,2021-04-05,PUG,12682,6162,6520,12148,534,ITF,ITF4,16,Puglia,Puglia,4029053,495654,12.3,0.31
1833,2021-05-25,PUG,32927,14974,17953,20166,12761,ITF,ITF4,16,Puglia,Puglia,4029053,528581,13.12,0.82
1834,2021-03-19,PUG,7951,3648,4303,3407,4544,ITF,ITF4,16,Puglia,Puglia,4029053,536532,13.32,0.2
1835,2021-05-08,PUG,53808,22755,31053,24203,29605,ITF,ITF4,16,Puglia,Puglia,4029053,590340,14.65,1.34
1836,2021-05-20,PUG,32523,14473,18050,20590,11933,ITF,ITF4,16,Puglia,Puglia,4029053,622863,15.46,0.81
1837,2021-05-06,PUG,39208,17111,22097,19587,19621,ITF,ITF4,16,Puglia,Puglia,4029053,662071,16.43,0.97
1838,2021-05-13,PUG,38242,17011,21231,21233,17009,ITF,ITF4,16,Puglia,Puglia,4029053,700313,17.38,0.95
1839,2021-03-17,PUG,10345,4702,5643,4171,6174,ITF,ITF4,16,Puglia,Puglia,4029053,710658,17.64,0.26
1840,2021-02-09,PUG,3840,1570,2270,2168,1672,ITF,ITF4,16,Puglia,Puglia,4029053,714498,17.73,0.1
1841,2021-03-24,PUG,12975,5982,6993,5719,7256,ITF,ITF4,16,Puglia,Puglia,4029053,727473,18.06,0.32
1842,2021-01-26,PUG,5359,2397,2962,570,4789,ITF,ITF4,16,Puglia,Puglia,4029053,732832,18.19,0.13
1843,2021-03-31,PUG,14046,6355,7691,8491,5555,ITF,ITF4,16,Puglia,Puglia,4029053,746878,18.54,0.35
1844,2021-02-02,PUG,4343,1845,2498,593,3750,ITF,ITF4,16,Puglia,Puglia,4029053,751221,18.65,0.11
1845,2021-01-31,PUG,1812,827,985,74,1738,ITF,ITF4,16,Puglia,Puglia,4029053,753033,18.69,0.04
1846,2021-05-22,PUG,33857,15522,18335,23715,10142,ITF,ITF4,16,Puglia,Puglia,4029053,786890,19.53,0.84
1847,2021-04-09,PUG,21833,9386,12447,17212,4621,ITF,ITF4,16,Puglia,Puglia,4029053,808723,20.07,0.54
1848,2021-02-25,PUG,11954,5052,6902,10791,1163,ITF,ITF4,16,Puglia,Puglia,4029053,820677,20.37,0.3
1849,2021-05-10,PUG,37240,16425,20815,19421,17819,ITF,ITF4,16,Puglia,Puglia,4029053,857917,21.29,0.92
1850,2021-04-04,PUG,5939,2951,2988,5934,5,ITF,ITF4,16,Puglia,Puglia,4029053,863856,21.44,0.15
1851,2021-03-21,PUG,2692,1226,1466,588,2104,ITF,ITF4,16,Puglia,Puglia,4029053,866548,21.51,0.07
1852,2021-05-24,PUG,34426,15952,18474,24089,10337,ITF,ITF4,16,Puglia,Puglia,4029053,900974,22.36,0.85
1853,2021-01-30,PUG,5528,2515,3013,411,5117,ITF,ITF4,16,Puglia,Puglia,4029053,906502,22.5,0.14
1854,2021-05-12,PUG,36059,16007,20052,23692,12367,ITF,ITF4,16,Puglia,Puglia,4029053,942561,23.39,0.89
1855,2021-05-05,PUG,38773,16940,21833,24649,14124,ITF,ITF4,16,Puglia,Puglia,4029053,981334,24.36,0.96
1856,2021-03-30,PUG,11867,5492,6375,5973,5894,ITF,ITF4,16,Puglia,Puglia,4029053,993201,24.65,0.29
1857,2021-02-01,PUG,3965,1659,2306,375,3590,ITF,ITF4,16,Puglia,Puglia,4029053,997166,24.75,0.1
1858,2021-01-12,PUG,4212,1772,2440,4212,0,ITF,ITF4,16,Puglia,Puglia,4029053,1001378,24.85,0.1
1859,2021-04-07,PUG,15325,6789,8536,8655,6670,ITF,ITF4,16,Puglia,Puglia,4029053,1016703,25.23,0.38
1860,2021-05-27,PUG,36247,16751,19496,21561,14686,ITF,ITF4,16,Puglia,Puglia,4029053,1052950,26.13,0.9
1861,2021-04-21,PUG,23041,10630,12411,19308,3733,ITF,ITF4,16,Puglia,Puglia,4029053,1075991,26.71,0.57
1862,2021-02-16,PUG,3379,1452,1927,2735,644,ITF,ITF4,16,Puglia,Puglia,4029053,1079370,26.79,0.08
1863,2021-03-02,PUG,16333,6061,10272,15035,1298,ITF,ITF4,16,Puglia,Puglia,4029053,1095703,27.2,0.41
1864,2021-01-11,PUG,3753,1588,2165,3753,0,ITF,ITF4,16,Puglia,Puglia,4029053,1099456,27.29,0.09
1865,2021-04-24,PUG,29211,13299,15912,25261,3950,ITF,ITF4,16,Puglia,Puglia,4029053,1128667,28.01,0.73
1866,2021-02-19,PUG,4731,2010,2721,4339,392,ITF,ITF4,16,Puglia,Puglia,4029053,1133398,28.13,0.12
1867,2021-04-19,PUG,27500,12761,14739,24467,3033,ITF,ITF4,16,Puglia,Puglia,4029053,1160898,28.81,0.68
1868,2021-01-07,PUG,5717,2457,3260,5717,0,ITF,ITF4,16,Puglia,Puglia,4029053,1166615,28.96,0.14
1869,2021-01-16,PUG,2507,1033,1474,2507,0,ITF,ITF4,16,Puglia,Puglia,4029053,1169122,29.02,0.06
1870,2021-03-16,PUG,9866,4684,5182,3509,6357,ITF,ITF4,16,Puglia,Puglia,4029053,1178988,29.26,0.24
1871,2021-04-28,PUG,19602,8769,10833,14869,4733,ITF,ITF4,16,Puglia,Puglia,4029053,1198590,29.75,0.49
1872,2021-02-06,PUG,4546,1928,2618,1590,2956,ITF,ITF4,16,Puglia,Puglia,4029053,1203136,29.86,0.11
1873,2021-01-20,PUG,1545,540,1005,1537,8,ITF,ITF4,16,Puglia,Puglia,4029053,1204681,29.9,0.04
1874,2021-05-02,PUG,21208,9616,11592,13959,7249,ITF,ITF4,16,Puglia,Puglia,4029053,1225889,30.43,0.53
1875,2021-01-03,PUG,2007,943,1064,2007,0,ITF,ITF4,16,Puglia,Puglia,4029053,1227896,30.48,0.05
1876,2021-04-15,PUG,32351,15085,17266,28852,3499,ITF,ITF4,16,Puglia,Puglia,4029053,1260247,31.28,0.8
1877,2020-12-30,PUG,1,0,1,1,0,ITF,ITF4,16,Puglia,Puglia,4029053,1260248,31.28,0.0
1878,2021-04-27,PUG,26493,11996,14497,20906,5587,ITF,ITF4,16,Puglia,Puglia,4029053,1286741,31.94,0.66
1879,2021-03-08,PUG,14598,6084,8514,12199,2399,ITF,ITF4,16,Puglia,Puglia,4029053,1301339,32.3,0.36
1880,2021-01-24,PUG,1669,749,920,153,1516,ITF,ITF4,16,Puglia,Puglia,4029053,1303008,32.34,0.04
1881,2021-05-11,PUG,32169,14153,18016,13855,18314,ITF,ITF4,16,Puglia,Puglia,4029053,1335177,33.14,0.8
1882,2021-01-18,PUG,1845,770,1075,1496,349,ITF,ITF4,16,Puglia,Puglia,4029053,1337022,33.18,0.05
1883,2021-04-30,PUG,34536,15440,19096,22604,11932,ITF,ITF4,16,Puglia,Puglia,4029053,1371558,34.04,0.86
1884,2021-04-13,PUG,28596,13556,15040,25199,3397,ITF,ITF4,16,Puglia,Puglia,4029053,1400154,34.75,0.71
1885,2021-03-27,PUG,12136,5701,6435,6976,5160,ITF,ITF4,16,Puglia,Puglia,4029053,1412290,35.05,0.3
1886,2021-01-05,PUG,5104,2249,2855,5104,0,ITF,ITF4,16,Puglia,Puglia,4029053,1417394,35.18,0.13
1887,2021-04-23,PUG,29255,13590,15665,24048,5207,ITF,ITF4,16,Puglia,Puglia,4029053,1446649,35.91,0.73
1888,2021-03-04,PUG,15102,5899,9203,13713,1389,ITF,ITF4,16,Puglia,Puglia,4029053,1461751,36.28,0.37
1889,2021-05-07,PUG,49235,21950,27285,26002,23233,ITF,ITF4,16,Puglia,Puglia,4029053,1510986,37.5,1.22
1890,2021-02-15,PUG,3252,1268,1984,2632,620,ITF,ITF4,16,Puglia,Puglia,4029053,1514238,37.58,0.08
1891,2021-04-06,PUG,13577,6024,7553,6828,6749,ITF,ITF4,16,Puglia,Puglia,4029053,1527815,37.92,0.34
1892,2021-04-20,PUG,21039,9766,11273,17597,3442,ITF,ITF4,16,Puglia,Puglia,4029053,1548854,38.44,0.52
1893,2021-04-11,PUG,16439,7238,9201,14783,1656,ITF,ITF4,16,Puglia,Puglia,4029053,1565293,38.85,0.41
1894,2021-04-18,PUG,22527,10770,11757,21464,1063,ITF,ITF4,16,Puglia,Puglia,4029053,1587820,39.41,0.56
1895,2021-02-20,PUG,2969,1080,1889,2713,256,ITF,ITF4,16,Puglia,Puglia,4029053,1590789,39.48,0.07
1896,2021-04-25,PUG,11173,5182,5991,10016,1157,ITF,ITF4,16,Puglia,Puglia,4029053,1601962,39.76,0.28
1897,2021-02-27,PUG,14213,4812,9401,12988,1225,ITF,ITF4,16,Puglia,Puglia,4029053,1616175,40.11,0.35
1898,2021-01-01,PUG,147,60,87,147,0,ITF,ITF4,16,Puglia,Puglia,4029053,1616322,40.12,0.0
1899,2021-03-06,PUG,15968,5965,10003,13882,2086,ITF,ITF4,16,Puglia,Puglia,4029053,1632290,40.51,0.4
1900,2021-01-08,PUG,5592,2346,3246,5592,0,ITF,ITF4,16,Puglia,Puglia,4029053,1637882,40.65,0.14
1901,2021-01-15,PUG,4552,1866,2686,4552,0,ITF,ITF4,16,Puglia,Puglia,4029053,1642434,40.76,0.11
1902,2021-01-22,PUG,1409,578,831,991,418,ITF,ITF4,16,Puglia,Puglia,4029053,1643843,40.8,0.03
1903,2021-03-11,PUG,14377,6192,8185,11269,3108,ITF,ITF4,16,Puglia,Puglia,4029053,1658220,41.16,0.36
1904,2021-02-22,PUG,9629,4536,5093,9297,332,ITF,ITF4,16,Puglia,Puglia,4029053,1667849,41.4,0.24
1905,2021-02-24,PUG,10035,4703,5332,9446,589,ITF,ITF4,16,Puglia,Puglia,4029053,1677884,41.64,0.25
1906,2021-04-29,PUG,25864,11965,13899,19207,6657,ITF,ITF4,16,Puglia,Puglia,4029053,1703748,42.29,0.64
1907,2021-02-13,PUG,3726,1455,2271,3031,695,ITF,ITF4,16,Puglia,Puglia,4029053,1707474,42.38,0.09
1908,2021-05-09,PUG,30429,12466,17963,14900,15529,ITF,ITF4,16,Puglia,Puglia,4029053,1737903,43.13,0.76
1909,2021-01-29,PUG,6193,2660,3533,436,5757,ITF,ITF4,16,Puglia,Puglia,4029053,1744096,43.29,0.15
1910,2021-03-20,PUG,8255,3734,4521,3666,4589,ITF,ITF4,16,Puglia,Puglia,4029053,1752351,43.49,0.2
1911,2021-02-12,PUG,4100,1628,2472,3009,1091,ITF,ITF4,16,Puglia,Puglia,4029053,1756451,43.59,0.1
1912,2021-03-13,PUG,10380,4103,6277,8648,1732,ITF,ITF4,16,Puglia,Puglia,4029053,1766831,43.85,0.26
1913,2021-05-16,PUG,24269,10943,13326,12512,11757,ITF,ITF4,16,Puglia,Puglia,4029053,1791100,44.45,0.6
1914,2021-05-18,PUG,28090,12887,15203,15559,12531,ITF,ITF4,16,Puglia,Puglia,4029053,1819190,45.15,0.7
1915,2021-02-05,PUG,5634,2273,3361,1332,4302,ITF,ITF4,16,Puglia,Puglia,4029053,1824824,45.29,0.14
1916,2021-04-22,PUG,22887,10459,12428,18021,4866,ITF,ITF4,16,Puglia,Puglia,4029053,1847711,45.86,0.57
1917,2021-03-03,PUG,16666,6703,9963,14754,1912,ITF,ITF4,16,Puglia,Puglia,4029053,1864377,46.27,0.41
1918,2021-05-19,PUG,25469,12053,13416,19285,6184,ITF,ITF4,16,Puglia,Puglia,4029053,1889846,46.91,0.63
1919,2021-03-25,PUG,10889,5291,5598,4655,6234,ITF,ITF4,16,Puglia,Puglia,4029053,1900735,47.18,0.27
1920,2021-02-10,PUG,3643,1435,2208,2133,1510,ITF,ITF4,16,Puglia,Puglia,4029053,1904378,47.27,0.09
1921,2021-05-23,PUG,17635,8245,9390,13868,3767,ITF,ITF4,16,Puglia,Puglia,4029053,1922013,47.7,0.44
1922,2021-05-28,PUG,9602,4665,4937,5555,4047,ITF,ITF4,16,Puglia,Puglia,4029053,1931615,47.94,0.24
1923,2021-03-23,PUG,10411,4999,5412,3941,6470,ITF,ITF4,16,Puglia,Puglia,4029053,1942026,48.2,0.26
1924,2021-05-21,PUG,37480,17530,19950,27926,9554,ITF,ITF4,16,Puglia,Puglia,4029053,1979506,49.13,0.93
1925,2021-02-08,PUG,3992,1610,2382,1597,2395,ITF,ITF4,16,Puglia,Puglia,4029053,1983498,49.23,0.1
1926,2021-02-17,PUG,4271,1743,2528,3670,601,ITF,ITF4,16,Puglia,Puglia,4029053,1987769,49.34,0.11
1927,2021-05-26,PUG,36041,16947,19094,25283,10758,ITF,ITF4,16,Puglia,Puglia,4029053,2023810,50.23,0.89
1928,2021-01-13,PUG,4541,1731,2810,4541,0,ITF,ITF4,16,Puglia,Puglia,4029053,2028351,50.34,0.11
1929,2021-03-18,PUG,9401,4254,5147,3284,6117,ITF,ITF4,16,Puglia,Puglia,4029053,2037752,50.58,0.23
1930,2021-01-27,PUG,4576,1927,2649,609,3967,ITF,ITF4,16,Puglia,Puglia,4029053,2042328,50.69,0.11
1931,2021-03-01,PUG,15090,5861,9229,13720,1370,ITF,ITF4,16,Puglia,Puglia,4029053,2057418,51.06,0.37
1932,2021-01-10,PUG,2348,1061,1287,2348,0,ITF,ITF4,16,Puglia,Puglia,4029053,2059766,51.12,0.06
1933,2020-12-27,PUG,509,252,257,509,0,ITF,ITF4,16,Puglia,Puglia,4029053,2060275,51.14,0.01
1934,2021-01-06,PUG,3945,1668,2277,3945,0,ITF,ITF4,16,Puglia,Puglia,4029053,2064220,51.23,0.1
1935,2021-05-04,PUG,34756,14658,20098,18369,16387,ITF,ITF4,16,Puglia,Puglia,4029053,2098976,52.1,0.86
1936,2021-03-22,PUG,9350,4554,4796,3706,5644,ITF,ITF4,16,Puglia,Puglia,4029053,2108326,52.33,0.23
1937,2021-03-15,PUG,11780,5622,6158,5280,6500,ITF,ITF4,16,Puglia,Puglia,4029053,2120106,52.62,0.29
1938,2021-01-17,PUG,1308,590,718,1239,69,ITF,ITF4,16,Puglia,Puglia,4029053,2121414,52.65,0.03
1939,2021-01-25,PUG,3823,1680,2143,423,3400,ITF,ITF4,16,Puglia,Puglia,4029053,2125237,52.75,0.09
1940,2021-05-14,PUG,44414,20240,24174,28467,15947,ITF,ITF4,16,Puglia,Puglia,4029053,2169651,53.85,1.1
1941,2021-04-08,PUG,17435,7565,9870,11262,6173,ITF,ITF4,16,Puglia,Puglia,4029053,2187086,54.28,0.43
1942,2021-04-01,PUG,13496,6151,7345,7154,6342,ITF,ITF4,16,Puglia,Puglia,4029053,2200582,54.62,0.33
1943,2021-02-03,PUG,5036,2005,3031,730,4306,ITF,ITF4,16,Puglia,Puglia,4029053,2205618,54.74,0.12
1944,2021-04-10,PUG,30715,13026,17689,26492,4223,ITF,ITF4,16,Puglia,Puglia,4029053,2236333,55.51,0.76
1945,2021-04-03,PUG,10541,4632,5909,6987,3554,ITF,ITF4,16,Puglia,Puglia,4029053,2246874,55.77,0.26
1946,2021-01-09,TOS,4485,1596,2889,4485,0,ITI,ITI1,9,Toscana,Toscana,3729641,4485,0.12,0.12
1947,2021-04-04,TOS,13910,6601,7309,13657,253,ITI,ITI1,9,Toscana,Toscana,3729641,18395,0.49,0.37
1948,2021-03-18,TOS,9970,3981,5989,6005,3965,ITI,ITI1,9,Toscana,Toscana,3729641,28365,0.76,0.27
1949,2021-05-22,TOS,25879,12596,13283,21664,4215,ITI,ITI1,9,Toscana,Toscana,3729641,54244,1.45,0.69
1950,2021-02-09,TOS,4488,1468,3020,3877,611,ITI,ITI1,9,Toscana,Toscana,3729641,58732,1.57,0.12
1951,2021-05-05,TOS,30015,13368,16647,15644,14371,ITI,ITI1,9,Toscana,Toscana,3729641,88747,2.38,0.8
1952,2021-02-11,TOS,5383,2021,3362,5141,242,ITI,ITI1,9,Toscana,Toscana,3729641,94130,2.52,0.14
1953,2021-01-25,TOS,5127,1896,3231,248,4879,ITI,ITI1,9,Toscana,Toscana,3729641,99257,2.66,0.14
1954,2021-05-07,TOS,32055,14668,17387,11983,20072,ITI,ITI1,9,Toscana,Toscana,3729641,131312,3.52,0.86
1955,2021-03-19,TOS,10136,4457,5679,7271,2865,ITI,ITI1,9,Toscana,Toscana,3729641,141448,3.79,0.27
1956,2021-01-21,TOS,1589,686,903,867,722,ITI,ITI1,9,Toscana,Toscana,3729641,143037,3.84,0.04
1957,2021-02-08,TOS,4097,1360,2737,3638,459,ITI,ITI1,9,Toscana,Toscana,3729641,147134,3.94,0.11
1958,2021-04-13,TOS,8490,3508,4982,6032,2458,ITI,ITI1,9,Toscana,Toscana,3729641,155624,4.17,0.23
1959,2021-05-26,TOS,34855,16604,18251,19891,14964,ITI,ITI1,9,Toscana,Toscana,3729641,190479,5.11,0.93
1960,2021-03-30,TOS,16861,7498,9363,13297,3564,ITI,ITI1,9,Toscana,Toscana,3729641,207340,5.56,0.45
1961,2020-12-27,TOS,620,267,353,620,0,ITI,ITI1,9,Toscana,Toscana,3729641,207960,5.58,0.02
1962,2021-04-02,TOS,31944,13533,18411,23920,8024,ITI,ITI1,9,Toscana,Toscana,3729641,239904,6.43,0.86
1963,2021-03-16,TOS,4897,1882,3015,2652,2245,ITI,ITI1,9,Toscana,Toscana,3729641,244801,6.56,0.13
1964,2021-02-27,TOS,1981,754,1227,1079,902,ITI,ITI1,9,Toscana,Toscana,3729641,246782,6.62,0.05
1965,2021-03-26,TOS,20404,9160,11244,14644,5760,ITI,ITI1,9,Toscana,Toscana,3729641,267186,7.16,0.55
1966,2021-03-09,TOS,10674,4152,6522,5122,5552,ITI,ITI1,9,Toscana,Toscana,3729641,277860,7.45,0.29
1967,2021-04-09,TOS,24532,10546,13986,21123,3409,ITI,ITI1,9,Toscana,Toscana,3729641,302392,8.11,0.66
1968,2021-02-04,TOS,4253,1594,2659,961,3292,ITI,ITI1,9,Toscana,Toscana,3729641,306645,8.22,0.11
1969,2021-03-23,TOS,9093,4102,4991,6819,2274,ITI,ITI1,9,Toscana,Toscana,3729641,315738,8.47,0.24
1970,2021-05-12,TOS,34105,15537,18568,14154,19951,ITI,ITI1,9,Toscana,Toscana,3729641,349843,9.38,0.91
1971,2021-01-18,TOS,1119,636,483,1021,98,ITI,ITI1,9,Toscana,Toscana,3729641,350962,9.41,0.03
1972,2021-04-07,TOS,35635,15293,20342,28387,7248,ITI,ITI1,9,Toscana,Toscana,3729641,386597,10.37,0.96
1973,2021-04-14,TOS,20155,8334,11821,15048,5107,ITI,ITI1,9,Toscana,Toscana,3729641,406752,10.91,0.54
1974,2021-04-16,TOS,28949,12887,16062,22045,6904,ITI,ITI1,9,Toscana,Toscana,3729641,435701,11.68,0.78
1975,2021-03-02,TOS,10599,3798,6801,7155,3444,ITI,ITI1,9,Toscana,Toscana,3729641,446300,11.97,0.28
1976,2021-01-04,TOS,5065,1894,3171,5065,0,ITI,ITI1,9,Toscana,Toscana,3729641,451365,12.1,0.14
1977,2021-03-04,TOS,17625,6759,10866,14543,3082,ITI,ITI1,9,Toscana,Toscana,3729641,468990,12.57,0.47
1978,2021-01-06,TOS,4520,1460,3060,4520,0,ITI,ITI1,9,Toscana,Toscana,3729641,473510,12.7,0.12
1979,2021-01-11,TOS,5094,1691,3403,5094,0,ITI,ITI1,9,Toscana,Toscana,3729641,478604,12.83,0.14
1980,2021-02-23,TOS,7721,3324,4397,7560,161,ITI,ITI1,9,Toscana,Toscana,3729641,486325,13.04,0.21
1981,2021-04-23,TOS,25667,11425,14242,9353,16314,ITI,ITI1,9,Toscana,Toscana,3729641,511992,13.73,0.69
1982,2021-05-02,TOS,11168,4931,6237,9205,1963,ITI,ITI1,9,Toscana,Toscana,3729641,523160,14.03,0.3
1983,2021-01-20,TOS,1331,637,694,1083,248,ITI,ITI1,9,Toscana,Toscana,3729641,524491,14.06,0.04
1984,2021-02-28,TOS,1649,667,982,922,727,ITI,ITI1,9,Toscana,Toscana,3729641,526140,14.11,0.04
1985,2021-05-24,TOS,33329,16383,16946,24068,9261,ITI,ITI1,9,Toscana,Toscana,3729641,559469,15.0,0.89
1986,2021-02-13,TOS,7785,2360,5425,7558,227,ITI,ITI1,9,Toscana,Toscana,3729641,567254,15.21,0.21
1987,2021-04-18,TOS,8333,4081,4252,7337,996,ITI,ITI1,9,Toscana,Toscana,3729641,575587,15.43,0.22
1988,2021-05-15,TOS,29287,13824,15463,23553,5734,ITI,ITI1,9,Toscana,Toscana,3729641,604874,16.22,0.79
1989,2021-04-28,TOS,19119,8187,10932,3831,15288,ITI,ITI1,9,Toscana,Toscana,3729641,623993,16.73,0.51
1990,2021-02-18,TOS,8819,3284,5535,7924,895,ITI,ITI1,9,Toscana,Toscana,3729641,632812,16.97,0.24
1991,2020-12-30,TOS,327,104,223,327,0,ITI,ITI1,9,Toscana,Toscana,3729641,633139,16.98,0.01
1992,2021-02-01,TOS,5509,1958,3551,521,4988,ITI,ITI1,9,Toscana,Toscana,3729641,638648,17.12,0.15
1993,2021-05-03,TOS,11932,5509,6423,10614,1318,ITI,ITI1,9,Toscana,Toscana,3729641,650580,17.44,0.32
1994,2021-05-17,TOS,29477,14631,14846,20806,8671,ITI,ITI1,9,Toscana,Toscana,3729641,680057,18.23,0.79
1995,2021-03-21,TOS,3231,1573,1658,1798,1433,ITI,ITI1,9,Toscana,Toscana,3729641,683288,18.32,0.09
1996,2021-01-23,TOS,3949,1354,2595,640,3309,ITI,ITI1,9,Toscana,Toscana,3729641,687237,18.43,0.11
1997,2021-03-28,TOS,6212,2808,3404,5958,254,ITI,ITI1,9,Toscana,Toscana,3729641,693449,18.59,0.17
1998,2021-01-30,TOS,4622,1622,3000,198,4424,ITI,ITI1,9,Toscana,Toscana,3729641,698071,18.72,0.12
1999,2021-05-10,TOS,26096,12332,13764,15486,10610,ITI,ITI1,9,Toscana,Toscana,3729641,724167,19.42,0.7
2000,2021-03-14,TOS,7207,2574,4633,3272,3935,ITI,ITI1,9,Toscana,Toscana,3729641,731374,19.61,0.19
2001,2021-02-06,TOS,4527,1550,2977,1294,3233,ITI,ITI1,9,Toscana,Toscana,3729641,735901,19.73,0.12
2002,2021-01-28,TOS,6282,1882,4400,354,5928,ITI,ITI1,9,Toscana,Toscana,3729641,742183,19.9,0.17
2003,2021-05-19,TOS,27701,13413,14288,18860,8841,ITI,ITI1,9,Toscana,Toscana,3729641,769884,20.64,0.74
2004,2021-04-06,TOS,22170,9774,12396,18456,3714,ITI,ITI1,9,Toscana,Toscana,3729641,792054,21.24,0.59
2005,2021-01-03,TOS,3335,1051,2284,3335,0,ITI,ITI1,9,Toscana,Toscana,3729641,795389,21.33,0.09
2006,2021-05-14,TOS,33168,15335,17833,20572,12596,ITI,ITI1,9,Toscana,Toscana,3729641,828557,22.22,0.89
2007,2021-04-26,TOS,10152,4943,5209,7597,2555,ITI,ITI1,9,Toscana,Toscana,3729641,838709,22.49,0.27
2008,2021-01-02,TOS,3497,1096,2401,3497,0,ITI,ITI1,9,Toscana,Toscana,3729641,842206,22.58,0.09
2009,2021-03-07,TOS,5647,2356,3291,2105,3542,ITI,ITI1,9,Toscana,Toscana,3729641,847853,22.73,0.15
2010,2021-01-16,TOS,3271,1046,2225,3271,0,ITI,ITI1,9,Toscana,Toscana,3729641,851124,22.82,0.09
2011,2021-04-11,TOS,3642,1679,1963,3487,155,ITI,ITI1,9,Toscana,Toscana,3729641,854766,22.92,0.1
2012,2021-02-20,TOS,4641,1790,2851,4128,513,ITI,ITI1,9,Toscana,Toscana,3729641,859407,23.04,0.12
2013,2021-02-16,TOS,9279,3339,5940,8558,721,ITI,ITI1,9,Toscana,Toscana,3729641,868686,23.29,0.25
2014,2021-04-21,TOS,29597,12662,16935,17513,12084,ITI,ITI1,9,Toscana,Toscana,3729641,898283,24.08,0.79
2015,2021-02-25,TOS,10635,4306,6329,9636,999,ITI,ITI1,9,Toscana,Toscana,3729641,908918,24.37,0.29
2016,2021-04-30,TOS,39983,17677,22306,20127,19856,ITI,ITI1,9,Toscana,Toscana,3729641,948901,25.44,1.07
2017,2021-04-25,TOS,11054,5248,5806,8917,2137,ITI,ITI1,9,Toscana,Toscana,3729641,959955,25.74,0.3
2018,2021-01-13,TOS,4062,1398,2664,4062,0,ITI,ITI1,9,Toscana,Toscana,3729641,964017,25.85,0.11
2019,2021-05-21,TOS,28535,13204,15331,17400,11135,ITI,ITI1,9,Toscana,Toscana,3729641,992552,26.61,0.77
2020,2021-03-01,TOS,4472,1733,2739,832,3640,ITI,ITI1,9,Toscana,Toscana,3729641,997024,26.73,0.12
2021,2021-05-04,TOS,18299,8207,10092,12852,5447,ITI,ITI1,9,Toscana,Toscana,3729641,1015323,27.22,0.49
2022,2021-02-12,TOS,7606,2683,4923,7393,213,ITI,ITI1,9,Toscana,Toscana,3729641,1022929,27.43,0.2
2023,2021-04-17,TOS,20533,9206,11327,18411,2122,ITI,ITI1,9,Toscana,Toscana,3729641,1043462,27.98,0.55
2024,2021-01-26,TOS,5393,1792,3601,220,5173,ITI,ITI1,9,Toscana,Toscana,3729641,1048855,28.12,0.14
2025,2021-05-08,TOS,29111,13099,16012,13689,15422,ITI,ITI1,9,Toscana,Toscana,3729641,1077966,28.9,0.78
2026,2021-01-14,TOS,3255,1179,2076,3255,0,ITI,ITI1,9,Toscana,Toscana,3729641,1081221,28.99,0.09
2027,2021-02-10,TOS,4263,1281,2982,3740,523,ITI,ITI1,9,Toscana,Toscana,3729641,1085484,29.1,0.11
2028,2021-05-23,TOS,28258,13591,14667,25704,2554,ITI,ITI1,9,Toscana,Toscana,3729641,1113742,29.86,0.76
2029,2021-05-06,TOS,31263,13590,17673,14145,17118,ITI,ITI1,9,Toscana,Toscana,3729641,1145005,30.7,0.84
2030,2021-01-24,TOS,3349,1073,2276,201,3148,ITI,ITI1,9,Toscana,Toscana,3729641,1148354,30.79,0.09
2031,2021-04-19,TOS,9097,4506,4591,8069,1028,ITI,ITI1,9,Toscana,Toscana,3729641,1157451,31.03,0.24
2032,2021-01-17,TOS,2536,871,1665,2023,513,ITI,ITI1,9,Toscana,Toscana,3729641,1159987,31.1,0.07
2033,2020-12-31,TOS,804,202,602,804,0,ITI,ITI1,9,Toscana,Toscana,3729641,1160791,31.12,0.02
2034,2021-04-08,TOS,29651,12535,17116,23276,6375,ITI,ITI1,9,Toscana,Toscana,3729641,1190442,31.92,0.8
2035,2021-04-15,TOS,24382,10188,14194,15861,8521,ITI,ITI1,9,Toscana,Toscana,3729641,1214824,32.57,0.65
2036,2021-02-17,TOS,8175,3169,5006,7423,752,ITI,ITI1,9,Toscana,Toscana,3729641,1222999,32.79,0.22
2037,2021-04-22,TOS,35718,15302,20416,18279,17439,ITI,ITI1,9,Toscana,Toscana,3729641,1258717,33.75,0.96
2038,2021-02-24,TOS,10372,4467,5905,10171,201,ITI,ITI1,9,Toscana,Toscana,3729641,1269089,34.03,0.28
2039,2021-03-03,TOS,18192,6509,11683,14586,3606,ITI,ITI1,9,Toscana,Toscana,3729641,1287281,34.51,0.49
2040,2021-01-05,TOS,5249,1755,3494,5249,0,ITI,ITI1,9,Toscana,Toscana,3729641,1292530,34.66,0.14
2041,2021-01-12,TOS,3581,1398,2183,3581,0,ITI,ITI1,9,Toscana,Toscana,3729641,1296111,34.75,0.1
2042,2021-01-19,TOS,1104,531,573,1104,0,ITI,ITI1,9,Toscana,Toscana,3729641,1297215,34.78,0.03
2043,2021-03-11,TOS,15495,5993,9502,12169,3326,ITI,ITI1,9,Toscana,Toscana,3729641,1312710,35.2,0.42
2044,2021-05-20,TOS,29337,13610,15727,18859,10478,ITI,ITI1,9,Toscana,Toscana,3729641,1342047,35.98,0.79
2045,2021-01-08,TOS,5946,1642,4304,5946,0,ITI,ITI1,9,Toscana,Toscana,3729641,1347993,36.14,0.16
2046,2021-04-20,TOS,18156,8111,10045,12599,5557,ITI,ITI1,9,Toscana,Toscana,3729641,1366149,36.63,0.49
2047,2021-03-15,TOS,8356,3331,5025,3914,4442,ITI,ITI1,9,Toscana,Toscana,3729641,1374505,36.85,0.22
2048,2021-01-10,TOS,3001,1104,1897,3001,0,ITI,ITI1,9,Toscana,Toscana,3729641,1377506,36.93,0.08
2049,2021-04-03,TOS,15013,6646,8367,13887,1126,ITI,ITI1,9,Toscana,Toscana,3729641,1392519,37.34,0.4
2050,2021-02-26,TOS,10076,3833,6243,8870,1206,ITI,ITI1,9,Toscana,Toscana,3729641,1402595,37.61,0.27
2051,2021-02-03,TOS,4221,1452,2769,241,3980,ITI,ITI1,9,Toscana,Toscana,3729641,1406816,37.72,0.11
2052,2021-03-25,TOS,23613,10124,13489,15275,8338,ITI,ITI1,9,Toscana,Toscana,3729641,1430429,38.35,0.63
2053,2021-05-13,TOS,34757,15264,19493,13718,21039,ITI,ITI1,9,Toscana,Toscana,3729641,1465186,39.28,0.93
2054,2021-04-29,TOS,39337,17711,21626,19233,20104,ITI,ITI1,9,Toscana,Toscana,3729641,1504523,40.34,1.05
2055,2021-03-10,TOS,18012,7073,10939,13995,4017,ITI,ITI1,9,Toscana,Toscana,3729641,1522535,40.82,0.48
2056,2021-03-24,TOS,19655,7973,11682,10199,9456,ITI,ITI1,9,Toscana,Toscana,3729641,1542190,41.35,0.53
2057,2021-04-01,TOS,26901,11106,15795,16299,10602,ITI,ITI1,9,Toscana,Toscana,3729641,1569091,42.07,0.72
2058,2021-01-27,TOS,4834,1572,3262,206,4628,ITI,ITI1,9,Toscana,Toscana,3729641,1573925,42.2,0.13
2059,2021-03-17,TOS,11421,4586,6835,6893,4528,ITI,ITI1,9,Toscana,Toscana,3729641,1585346,42.51,0.31
2060,2021-01-01,TOS,2369,787,1582,2369,0,ITI,ITI1,9,Toscana,Toscana,3729641,1587715,42.57,0.06
2061,2021-03-06,TOS,7094,2838,4256,2901,4193,ITI,ITI1,9,Toscana,Toscana,3729641,1594809,42.76,0.19
2062,2021-01-15,TOS,3878,1347,2531,3878,0,ITI,ITI1,9,Toscana,Toscana,3729641,1598687,42.86,0.1
2063,2021-04-12,TOS,2612,1183,1429,1958,654,ITI,ITI1,9,Toscana,Toscana,3729641,1601299,42.93,0.07
2064,2021-02-21,TOS,5105,2089,3016,4935,170,ITI,ITI1,9,Toscana,Toscana,3729641,1606404,43.07,0.14
2065,2021-01-22,TOS,2866,1064,1802,528,2338,ITI,ITI1,9,Toscana,Toscana,3729641,1609270,43.15,0.08
2066,2021-03-27,TOS,8860,4150,4710,8645,215,ITI,ITI1,9,Toscana,Toscana,3729641,1618130,43.39,0.24
2067,2021-05-25,TOS,33753,16195,17558,19295,14458,ITI,ITI1,9,Toscana,Toscana,3729641,1651883,44.29,0.9
2068,2021-03-22,TOS,4890,2451,2439,4446,444,ITI,ITI1,9,Toscana,Toscana,3729641,1656773,44.42,0.13
2069,2021-03-31,TOS,32575,13136,19439,20419,12156,ITI,ITI1,9,Toscana,Toscana,3729641,1689348,45.3,0.87
2070,2021-03-20,TOS,6489,2882,3607,5354,1135,ITI,ITI1,9,Toscana,Toscana,3729641,1695837,45.47,0.17
2071,2021-03-29,TOS,9391,4588,4803,9067,324,ITI,ITI1,9,Toscana,Toscana,3729641,1705228,45.72,0.25
2072,2021-02-14,TOS,9000,2569,6431,8890,110,ITI,ITI1,9,Toscana,Toscana,3729641,1714228,45.96,0.24
2073,2021-05-27,TOS,15035,7149,7886,7134,7901,ITI,ITI1,9,Toscana,Toscana,3729641,1729263,46.37,0.4
2074,2021-04-27,TOS,10345,4909,5436,3865,6480,ITI,ITI1,9,Toscana,Toscana,3729641,1739608,46.64,0.28
2075,2021-03-08,TOS,6370,2630,3740,1551,4819,ITI,ITI1,9,Toscana,Toscana,3729641,1745978,46.81,0.17
2076,2021-04-10,TOS,11722,5348,6374,10977,745,ITI,ITI1,9,Toscana,Toscana,3729641,1757700,47.13,0.31
2077,2021-02-19,TOS,8290,2951,5339,7780,510,ITI,ITI1,9,Toscana,Toscana,3729641,1765990,47.35,0.22
2078,2021-02-15,TOS,8770,3375,5395,7945,825,ITI,ITI1,9,Toscana,Toscana,3729641,1774760,47.59,0.24
2079,2021-02-22,TOS,9818,4254,5564,9541,277,ITI,ITI1,9,Toscana,Toscana,3729641,1784578,47.85,0.26
2080,2021-04-24,TOS,13432,6163,7269,5989,7443,ITI,ITI1,9,Toscana,Toscana,3729641,1798010,48.21,0.36
2081,2021-03-12,TOS,16521,6220,10301,12993,3528,ITI,ITI1,9,Toscana,Toscana,3729641,1814531,48.65,0.44
2082,2021-05-01,TOS,23306,10059,13247,14132,9174,ITI,ITI1,9,Toscana,Toscana,3729641,1837837,49.28,0.62
2083,2021-05-16,TOS,26658,12878,13780,24199,2459,ITI,ITI1,9,Toscana,Toscana,3729641,1864495,49.99,0.71
2084,2021-03-13,TOS,9275,3301,5974,5312,3963,ITI,ITI1,9,Toscana,Toscana,3729641,1873770,50.24,0.25
2085,2021-05-09,TOS,22511,9757,12754,9652,12859,ITI,ITI1,9,Toscana,Toscana,3729641,1896281,50.84,0.6
2086,2021-02-05,TOS,5749,2245,3504,1924,3825,ITI,ITI1,9,Toscana,Toscana,3729641,1902030,51.0,0.15
2087,2021-05-11,TOS,27935,12978,14957,12478,15457,ITI,ITI1,9,Toscana,Toscana,3729641,1929965,51.75,0.75
2088,2021-01-29,TOS,6144,1700,4444,304,5840,ITI,ITI1,9,Toscana,Toscana,3729641,1936109,51.91,0.16
2089,2021-01-31,TOS,3050,1129,1921,106,2944,ITI,ITI1,9,Toscana,Toscana,3729641,1939159,51.99,0.08
2090,2021-04-05,TOS,15279,6823,8456,14542,737,ITI,ITI1,9,Toscana,Toscana,3729641,1954438,52.4,0.41
2091,2021-05-18,TOS,28624,14095,14529,19976,8648,ITI,ITI1,9,Toscana,Toscana,3729641,1983062,53.17,0.77
2092,2021-02-07,TOS,2806,953,1853,885,1921,ITI,ITI1,9,Toscana,Toscana,3729641,1985868,53.25,0.08
2093,2021-03-05,TOS,16492,6336,10156,11751,4741,ITI,ITI1,9,Toscana,Toscana,3729641,2002360,53.69,0.44
2094,2021-01-07,TOS,6018,1751,4267,6018,0,ITI,ITI1,9,Toscana,Toscana,3729641,2008378,53.85,0.16
2095,2021-02-02,TOS,3742,1475,2267,195,3547,ITI,ITI1,9,Toscana,Toscana,3729641,2012120,53.95,0.1
2096,2021-04-14,VEN,15869,6879,8990,9242,6627,ITH,ITH3,5,Veneto,Veneto,4905854,15869,0.32,0.32
2097,2021-03-28,VEN,31249,13586,17663,27613,3636,ITH,ITH3,5,Veneto,Veneto,4905854,47118,0.96,0.64
2098,2021-03-11,VEN,19705,8773,10932,14124,5581,ITH,ITH3,5,Veneto,Veneto,4905854,66823,1.36,0.4
2099,2021-05-14,VEN,46233,21999,24234,25617,20616,ITH,ITH3,5,Veneto,Veneto,4905854,113056,2.3,0.94
2100,2021-05-17,VEN,26322,12914,13408,16420,9902,ITH,ITH3,5,Veneto,Veneto,4905854,139378,2.84,0.54
2101,2021-02-06,VEN,4094,1354,2740,708,3386,ITH,ITH3,5,Veneto,Veneto,4905854,143472,2.92,0.08
2102,2021-04-11,VEN,21002,8873,12129,14695,6307,ITH,ITH3,5,Veneto,Veneto,4905854,164474,3.35,0.43
2103,2021-01-01,VEN,1528,471,1057,1528,0,ITH,ITH3,5,Veneto,Veneto,4905854,166002,3.38,0.03
2104,2021-04-13,VEN,14013,6317,7696,8527,5486,ITH,ITH3,5,Veneto,Veneto,4905854,180015,3.67,0.29
2105,2021-01-03,VEN,5157,1562,3595,5157,0,ITH,ITH3,5,Veneto,Veneto,4905854,185172,3.77,0.11
2106,2021-05-05,VEN,43854,21041,22813,37343,6511,ITH,ITH3,5,Veneto,Veneto,4905854,229026,4.67,0.89
2107,2021-03-16,VEN,12516,5347,7169,6902,5614,ITH,ITH3,5,Veneto,Veneto,4905854,241542,4.92,0.26
2108,2021-03-23,VEN,22149,10187,11962,17429,4720,ITH,ITH3,5,Veneto,Veneto,4905854,263691,5.38,0.45
2109,2021-05-19,VEN,32178,14773,17405,16551,15627,ITH,ITH3,5,Veneto,Veneto,4905854,295869,6.03,0.66
2110,2021-02-01,VEN,8557,2500,6057,161,8396,ITH,ITH3,5,Veneto,Veneto,4905854,304426,6.21,0.17
2111,2021-04-06,VEN,28870,13271,15599,23796,5074,ITH,ITH3,5,Veneto,Veneto,4905854,333296,6.79,0.59
2112,2021-03-26,VEN,29540,13116,16424,24073,5467,ITH,ITH3,5,Veneto,Veneto,4905854,362836,7.4,0.6
2113,2021-03-09,VEN,16464,7382,9082,10144,6320,ITH,ITH3,5,Veneto,Veneto,4905854,379300,7.73,0.34
2114,2021-01-04,VEN,6736,2033,4703,6736,0,ITH,ITH3,5,Veneto,Veneto,4905854,386036,7.87,0.14
2115,2021-02-20,VEN,6424,2014,4410,6353,71,ITH,ITH3,5,Veneto,Veneto,4905854,392460,8.0,0.13
2116,2021-05-22,VEN,34554,16589,17965,13265,21289,ITH,ITH3,5,Veneto,Veneto,4905854,427014,8.7,0.7
2117,2021-01-28,VEN,9209,2662,6547,173,9036,ITH,ITH3,5,Veneto,Veneto,4905854,436223,8.89,0.19
2118,2021-04-02,VEN,23974,10549,13425,17643,6331,ITH,ITH3,5,Veneto,Veneto,4905854,460197,9.38,0.49
2119,2021-01-11,VEN,7238,2101,5137,7238,0,ITH,ITH3,5,Veneto,Veneto,4905854,467435,9.53,0.15
2120,2021-03-02,VEN,11483,4622,6861,8175,3308,ITH,ITH3,5,Veneto,Veneto,4905854,478918,9.76,0.23
2121,2021-05-26,VEN,29165,14217,14948,13411,15754,ITH,ITH3,5,Veneto,Veneto,4905854,508083,10.36,0.59
2122,2021-01-16,VEN,4611,1542,3069,4611,0,ITH,ITH3,5,Veneto,Veneto,4905854,512694,10.45,0.09
2123,2021-03-14,VEN,15165,5934,9231,14271,894,ITH,ITH3,5,Veneto,Veneto,4905854,527859,10.76,0.31
2124,2021-05-10,VEN,36322,16982,19340,26493,9829,ITH,ITH3,5,Veneto,Veneto,4905854,564181,11.5,0.74
2125,2021-03-07,VEN,4475,1756,2719,3914,561,ITH,ITH3,5,Veneto,Veneto,4905854,568656,11.59,0.09
2126,2021-05-03,VEN,40563,19754,20809,34146,6417,ITH,ITH3,5,Veneto,Veneto,4905854,609219,12.42,0.83
2127,2021-01-23,VEN,4050,1246,2804,31,4019,ITH,ITH3,5,Veneto,Veneto,4905854,613269,12.5,0.08
2128,2021-03-21,VEN,11983,4754,7229,8521,3462,ITH,ITH3,5,Veneto,Veneto,4905854,625252,12.75,0.24
2129,2021-01-30,VEN,8747,2672,6075,693,8054,ITH,ITH3,5,Veneto,Veneto,4905854,633999,12.92,0.18
2130,2021-05-02,VEN,37175,17235,19940,26851,10324,ITH,ITH3,5,Veneto,Veneto,4905854,671174,13.68,0.76
2131,2021-03-06,VEN,10633,4320,6313,7365,3268,ITH,ITH3,5,Veneto,Veneto,4905854,681807,13.9,0.22
2132,2021-02-16,VEN,6639,2870,3769,6462,177,ITH,ITH3,5,Veneto,Veneto,4905854,688446,14.03,0.14
2133,2021-04-16,VEN,24417,10479,13938,12534,11883,ITH,ITH3,5,Veneto,Veneto,4905854,712863,14.53,0.5
2134,2021-01-13,VEN,5985,1606,4379,5985,0,ITH,ITH3,5,Veneto,Veneto,4905854,718848,14.65,0.12
2135,2021-01-08,VEN,9403,2835,6568,9403,0,ITH,ITH3,5,Veneto,Veneto,4905854,728251,14.84,0.19
2136,2021-04-25,VEN,18310,8146,10164,13477,4833,ITH,ITH3,5,Veneto,Veneto,4905854,746561,15.22,0.37
2137,2021-02-23,VEN,7375,3250,4125,7105,270,ITH,ITH3,5,Veneto,Veneto,4905854,753936,15.37,0.15
2138,2021-02-04,VEN,7326,2017,5309,553,6773,ITH,ITH3,5,Veneto,Veneto,4905854,761262,15.52,0.15
2139,2021-04-28,VEN,32364,15155,17209,23344,9020,ITH,ITH3,5,Veneto,Veneto,4905854,793626,16.18,0.66
2140,2021-01-18,VEN,2762,776,1986,2563,199,ITH,ITH3,5,Veneto,Veneto,4905854,796388,16.23,0.06
2141,2021-04-30,VEN,49920,23440,26480,34264,15656,ITH,ITH3,5,Veneto,Veneto,4905854,846308,17.25,1.02
2142,2021-01-20,VEN,1038,368,670,386,652,ITH,ITH3,5,Veneto,Veneto,4905854,847346,17.27,0.02
2143,2021-03-25,VEN,25833,10950,14883,19713,6120,ITH,ITH3,5,Veneto,Veneto,4905854,873179,17.8,0.53
2144,2021-04-21,VEN,32299,13172,19127,16229,16070,ITH,ITH3,5,Veneto,Veneto,4905854,905478,18.46,0.66
2145,2021-02-11,VEN,4013,1238,2775,3385,628,ITH,ITH3,5,Veneto,Veneto,4905854,909491,18.54,0.08
2146,2021-01-25,VEN,6468,2075,4393,159,6309,ITH,ITH3,5,Veneto,Veneto,4905854,915959,18.67,0.13
2147,2021-04-20,VEN,22406,9487,12919,8407,13999,ITH,ITH3,5,Veneto,Veneto,4905854,938365,19.13,0.46
2148,2021-05-28,VEN,17501,8967,8534,9478,8023,ITH,ITH3,5,Veneto,Veneto,4905854,955866,19.48,0.36
2149,2021-05-21,VEN,44290,21732,22558,20806,23484,ITH,ITH3,5,Veneto,Veneto,4905854,1000156,20.39,0.9
2150,2021-05-12,VEN,36132,17481,18651,31093,5039,ITH,ITH3,5,Veneto,Veneto,4905854,1036288,21.12,0.74
2151,2021-03-30,VEN,35883,15235,20648,30634,5249,ITH,ITH3,5,Veneto,Veneto,4905854,1072171,21.85,0.73
2152,2021-02-08,VEN,4976,1541,3435,1929,3047,ITH,ITH3,5,Veneto,Veneto,4905854,1077147,21.96,0.1
2153,2021-02-15,VEN,4386,1821,2565,4146,240,ITH,ITH3,5,Veneto,Veneto,4905854,1081533,22.05,0.09
2154,2021-01-09,VEN,7927,2539,5388,7927,0,ITH,ITH3,5,Veneto,Veneto,4905854,1089460,22.21,0.16
2155,2021-04-04,VEN,7775,3531,4244,6624,1151,ITH,ITH3,5,Veneto,Veneto,4905854,1097235,22.37,0.16
2156,2021-05-24,VEN,32488,16067,16421,7688,24800,ITH,ITH3,5,Veneto,Veneto,4905854,1129723,23.03,0.66
2157,2021-02-13,VEN,3267,1474,1793,3247,20,ITH,ITH3,5,Veneto,Veneto,4905854,1132990,23.09,0.07
2158,2021-02-25,VEN,7899,3339,4560,7294,605,ITH,ITH3,5,Veneto,Veneto,4905854,1140889,23.26,0.16
2159,2021-04-09,VEN,31096,13692,17404,22759,8337,ITH,ITH3,5,Veneto,Veneto,4905854,1171985,23.89,0.63
2160,2020-12-30,VEN,699,245,454,699,0,ITH,ITH3,5,Veneto,Veneto,4905854,1172684,23.9,0.01
2161,2021-03-04,VEN,12918,4828,8090,9448,3470,ITH,ITH3,5,Veneto,Veneto,4905854,1185602,24.17,0.26
2162,2021-05-07,VEN,47928,22986,24942,39337,8591,ITH,ITH3,5,Veneto,Veneto,4905854,1233530,25.14,0.98
2163,2021-03-18,VEN,12608,5136,7472,7382,5226,ITH,ITH3,5,Veneto,Veneto,4905854,1246138,25.4,0.26
2164,2021-01-27,VEN,7138,2062,5076,241,6897,ITH,ITH3,5,Veneto,Veneto,4905854,1253276,25.55,0.15
2165,2021-04-23,VEN,31140,13796,17344,22441,8699,ITH,ITH3,5,Veneto,Veneto,4905854,1284416,26.18,0.63
2166,2021-02-18,VEN,5828,2455,3373,5764,64,ITH,ITH3,5,Veneto,Veneto,4905854,1290244,26.3,0.12
2167,2021-04-18,VEN,17518,7255,10263,9946,7572,ITH,ITH3,5,Veneto,Veneto,4905854,1307762,26.66,0.36
2168,2021-01-06,VEN,8132,2385,5747,8132,0,ITH,ITH3,5,Veneto,Veneto,4905854,1315894,26.82,0.17
2169,2021-04-27,VEN,28097,12745,15352,21179,6918,ITH,ITH3,5,Veneto,Veneto,4905854,1343991,27.4,0.57
2170,2021-02-22,VEN,7013,3040,3973,6626,387,ITH,ITH3,5,Veneto,Veneto,4905854,1351004,27.54,0.14
2171,2021-02-05,VEN,8371,2534,5837,1413,6958,ITH,ITH3,5,Veneto,Veneto,4905854,1359375,27.71,0.17
2172,2021-01-19,VEN,1309,472,837,1159,150,ITH,ITH3,5,Veneto,Veneto,4905854,1360684,27.74,0.03
2173,2021-05-01,VEN,38715,18180,20535,29795,8920,ITH,ITH3,5,Veneto,Veneto,4905854,1399399,28.53,0.79
2174,2021-01-02,VEN,5743,1766,3977,5743,0,ITH,ITH3,5,Veneto,Veneto,4905854,1405142,28.64,0.12
2175,2021-04-10,VEN,27444,11971,15473,18963,8481,ITH,ITH3,5,Veneto,Veneto,4905854,1432586,29.2,0.56
2176,2021-02-26,VEN,8292,3270,5022,7036,1256,ITH,ITH3,5,Veneto,Veneto,4905854,1440878,29.37,0.17
2177,2021-01-14,VEN,7062,1924,5138,7062,0,ITH,ITH3,5,Veneto,Veneto,4905854,1447940,29.51,0.14
2178,2021-03-12,VEN,18570,8123,10447,11824,6746,ITH,ITH3,5,Veneto,Veneto,4905854,1466510,29.89,0.38
2179,2021-01-07,VEN,8358,2318,6040,8358,0,ITH,ITH3,5,Veneto,Veneto,4905854,1474868,30.06,0.17
2180,2021-02-03,VEN,5938,1664,4274,480,5458,ITH,ITH3,5,Veneto,Veneto,4905854,1480806,30.18,0.12
2181,2021-05-16,VEN,28397,14002,14395,21320,7077,ITH,ITH3,5,Veneto,Veneto,4905854,1509203,30.76,0.58
2182,2021-01-17,VEN,1933,781,1152,1584,349,ITH,ITH3,5,Veneto,Veneto,4905854,1511136,30.8,0.04
2183,2021-04-29,VEN,50224,23362,26862,37027,13197,ITH,ITH3,5,Veneto,Veneto,4905854,1561360,31.83,1.02
2184,2020-12-31,VEN,3219,1042,2177,3219,0,ITH,ITH3,5,Veneto,Veneto,4905854,1564579,31.89,0.07
2185,2021-04-12,VEN,14902,6335,8567,6684,8218,ITH,ITH3,5,Veneto,Veneto,4905854,1579481,32.2,0.3
2186,2021-05-09,VEN,34912,16050,18862,24857,10055,ITH,ITH3,5,Veneto,Veneto,4905854,1614393,32.91,0.71
2187,2021-03-20,VEN,12943,5340,7603,10848,2095,ITH,ITH3,5,Veneto,Veneto,4905854,1627336,33.17,0.26
2188,2021-01-10,VEN,5032,1671,3361,5032,0,ITH,ITH3,5,Veneto,Veneto,4905854,1632368,33.27,0.1
2189,2021-05-23,VEN,34394,16425,17969,11076,23318,ITH,ITH3,5,Veneto,Veneto,4905854,1666762,33.97,0.7
2190,2021-03-19,VEN,13790,5668,8122,7697,6093,ITH,ITH3,5,Veneto,Veneto,4905854,1680552,34.26,0.28
2191,2021-04-26,VEN,20704,9447,11257,15560,5144,ITH,ITH3,5,Veneto,Veneto,4905854,1701256,34.68,0.42
2192,2021-02-27,VEN,8987,2691,6296,8140,847,ITH,ITH3,5,Veneto,Veneto,4905854,1710243,34.86,0.18
2193,2021-01-22,VEN,1080,332,748,25,1055,ITH,ITH3,5,Veneto,Veneto,4905854,1711323,34.88,0.02
2194,2021-05-04,VEN,42681,20216,22465,34700,7981,ITH,ITH3,5,Veneto,Veneto,4905854,1754004,35.75,0.87
2195,2021-05-11,VEN,32845,16386,16459,28171,4674,ITH,ITH3,5,Veneto,Veneto,4905854,1786849,36.42,0.67
2196,2021-01-24,VEN,4117,1219,2898,28,4089,ITH,ITH3,5,Veneto,Veneto,4905854,1790966,36.51,0.08
2197,2021-01-31,VEN,4769,1562,3207,392,4377,ITH,ITH3,5,Veneto,Veneto,4905854,1795735,36.6,0.1
2198,2021-03-29,VEN,31393,13631,17762,27559,3834,ITH,ITH3,5,Veneto,Veneto,4905854,1827128,37.24,0.64
2199,2021-03-10,VEN,18937,8638,10299,13254,5683,ITH,ITH3,5,Veneto,Veneto,4905854,1846065,37.63,0.39
2200,2021-05-15,VEN,36007,17410,18597,26098,9909,ITH,ITH3,5,Veneto,Veneto,4905854,1882072,38.36,0.73
2201,2021-02-17,VEN,6022,2772,3250,5928,94,ITH,ITH3,5,Veneto,Veneto,4905854,1888094,38.49,0.12
2202,2021-04-01,VEN,25162,11043,14119,18762,6400,ITH,ITH3,5,Veneto,Veneto,4905854,1913256,39.0,0.51
2203,2021-04-15,VEN,20823,8595,12228,10017,10806,ITH,ITH3,5,Veneto,Veneto,4905854,1934079,39.42,0.42
2204,2021-02-10,VEN,4751,1588,3163,3697,1054,ITH,ITH3,5,Veneto,Veneto,4905854,1938830,39.52,0.1
2205,2021-04-08,VEN,32310,14344,17966,24437,7873,ITH,ITH3,5,Veneto,Veneto,4905854,1971140,40.18,0.66
2206,2021-01-05,VEN,7329,2182,5147,7329,0,ITH,ITH3,5,Veneto,Veneto,4905854,1978469,40.33,0.15
2207,2021-02-24,VEN,8614,3678,4936,8128,486,ITH,ITH3,5,Veneto,Veneto,4905854,1987083,40.5,0.18
2208,2021-05-25,VEN,26737,12801,13936,11410,15327,ITH,ITH3,5,Veneto,Veneto,4905854,2013820,41.05,0.55
2209,2021-04-05,VEN,19137,8367,10770,13697,5440,ITH,ITH3,5,Veneto,Veneto,4905854,2032957,41.44,0.39
2210,2021-02-14,VEN,125,56,69,112,13,ITH,ITH3,5,Veneto,Veneto,4905854,2033082,41.44,0.0
2211,2021-02-28,VEN,4136,1389,2747,3299,837,ITH,ITH3,5,Veneto,Veneto,4905854,2037218,41.53,0.08
2212,2021-04-19,VEN,21526,8917,12609,5116,16410,ITH,ITH3,5,Veneto,Veneto,4905854,2058744,41.97,0.44
2213,2021-03-08,VEN,13549,6195,7354,9480,4069,ITH,ITH3,5,Veneto,Veneto,4905854,2072293,42.24,0.28
2214,2021-03-27,VEN,32049,13988,18061,26243,5806,ITH,ITH3,5,Veneto,Veneto,4905854,2104342,42.89,0.65
2215,2021-02-19,VEN,7322,3140,4182,7118,204,ITH,ITH3,5,Veneto,Veneto,4905854,2111664,43.04,0.15
2216,2021-02-21,VEN,4633,1209,3424,4628,5,ITH,ITH3,5,Veneto,Veneto,4905854,2116297,43.14,0.09
2217,2021-03-03,VEN,12044,4597,7447,8546,3498,ITH,ITH3,5,Veneto,Veneto,4905854,2128341,43.38,0.25
2218,2021-04-22,VEN,31882,13878,18004,16136,15746,ITH,ITH3,5,Veneto,Veneto,4905854,2160223,44.03,0.65
2219,2021-03-17,VEN,14643,5991,8652,7849,6794,ITH,ITH3,5,Veneto,Veneto,4905854,2174866,44.33,0.3
2220,2021-01-12,VEN,5230,1516,3714,5230,0,ITH,ITH3,5,Veneto,Veneto,4905854,2180096,44.44,0.11
2221,2021-05-06,VEN,46460,21796,24664,38045,8415,ITH,ITH3,5,Veneto,Veneto,4905854,2226556,45.39,0.95
2222,2021-01-15,VEN,5874,1819,4055,5874,0,ITH,ITH3,5,Veneto,Veneto,4905854,2232430,45.51,0.12
2223,2021-03-15,VEN,16598,7263,9335,11381,5217,ITH,ITH3,5,Veneto,Veneto,4905854,2249028,45.84,0.34
2224,2021-05-18,VEN,26567,12386,14181,13204,13363,ITH,ITH3,5,Veneto,Veneto,4905854,2275595,46.39,0.54
2225,2021-03-24,VEN,22020,9504,12516,15212,6808,ITH,ITH3,5,Veneto,Veneto,4905854,2297615,46.83,0.45
2226,2021-02-09,VEN,5246,1889,3357,3446,1800,ITH,ITH3,5,Veneto,Veneto,4905854,2302861,46.94,0.11
2227,2021-05-27,VEN,44850,22047,22803,22633,22217,ITH,ITH3,5,Veneto,Veneto,4905854,2347711,47.86,0.91
2228,2021-03-13,VEN,17177,7258,9919,14044,3133,ITH,ITH3,5,Veneto,Veneto,4905854,2364888,48.21,0.35
2229,2021-03-22,VEN,18089,8133,9956,13046,5043,ITH,ITH3,5,Veneto,Veneto,4905854,2382977,48.57,0.37
2230,2021-05-20,VEN,44149,20979,23170,20058,24091,ITH,ITH3,5,Veneto,Veneto,4905854,2427126,49.47,0.9
2231,2021-02-07,VEN,2315,862,1453,714,1601,ITH,ITH3,5,Veneto,Veneto,4905854,2429441,49.52,0.05
2232,2021-03-01,VEN,9392,3714,5678,7572,1820,ITH,ITH3,5,Veneto,Veneto,4905854,2438833,49.71,0.19
2233,2021-01-29,VEN,9019,2788,6231,368,8651,ITH,ITH3,5,Veneto,Veneto,4905854,2447852,49.9,0.18
2234,2021-04-03,VEN,21907,9612,12295,14191,7716,ITH,ITH3,5,Veneto,Veneto,4905854,2469759,50.34,0.45
2235,2021-02-12,VEN,4314,1447,2867,3742,572,ITH,ITH3,5,Veneto,Veneto,4905854,2474073,50.43,0.09
2236,2021-05-08,VEN,41108,18610,22498,29331,11777,ITH,ITH3,5,Veneto,Veneto,4905854,2515181,51.27,0.84
2237,2020-12-27,VEN,880,395,485,880,0,ITH,ITH3,5,Veneto,Veneto,4905854,2516061,51.29,0.02
2238,2021-04-24,VEN,24731,10819,13912,15652,9079,ITH,ITH3,5,Veneto,Veneto,4905854,2540792,51.79,0.5
2239,2021-04-17,VEN,22404,9079,13325,15122,7282,ITH,ITH3,5,Veneto,Veneto,4905854,2563196,52.25,0.46
2240,2021-03-05,VEN,13285,4978,8307,9624,3661,ITH,ITH3,5,Veneto,Veneto,4905854,2576481,52.52,0.27
2241,2021-01-21,VEN,2291,719,1572,21,2270,ITH,ITH3,5,Veneto,Veneto,4905854,2578772,52.57,0.05
2242,2021-05-13,VEN,43744,21603,22141,33909,9835,ITH,ITH3,5,Veneto,Veneto,4905854,2622516,53.46,0.89
2243,2021-04-07,VEN,35865,16096,19769,28534,7331,ITH,ITH3,5,Veneto,Veneto,4905854,2658381,54.19,0.73
2244,2021-02-02,VEN,6508,1878,4630,396,6112,ITH,ITH3,5,Veneto,Veneto,4905854,2664889,54.32,0.13
2245,2021-03-31,VEN,38569,16218,22351,31076,7493,ITH,ITH3,5,Veneto,Veneto,4905854,2703458,55.11,0.79
2246,2021-01-26,VEN,6918,2091,4827,153,6765,ITH,ITH3,5,Veneto,Veneto,4905854,2710376,55.25,0.14
2247,2021-01-23,SAR,60,22,38,0,60,ITG,ITG2,20,Sardegna,Sardegna,1639591,60,0.0,0.0
2248,2021-03-28,SAR,4619,1814,2805,4540,79,ITG,ITG2,20,Sardegna,Sardegna,1639591,4679,0.29,0.28
2249,2021-03-11,SAR,6035,2725,3310,4834,1201,ITG,ITG2,20,Sardegna,Sardegna,1639591,10714,0.65,0.37
2250,2021-01-06,SAR,1615,549,1066,1615,0,ITG,ITG2,20,Sardegna,Sardegna,1639591,12329,0.75,0.1
2251,2021-02-22,SAR,1639,949,690,1411,228,ITG,ITG2,20,Sardegna,Sardegna,1639591,13968,0.85,0.1
2252,2021-02-23,SAR,1519,1010,509,1285,234,ITG,ITG2,20,Sardegna,Sardegna,1639591,15487,0.94,0.09
2253,2021-05-19,SAR,14825,7272,7553,11361,3464,ITG,ITG2,20,Sardegna,Sardegna,1639591,30312,1.85,0.9
2254,2021-02-08,SAR,1470,533,937,856,614,ITG,ITG2,20,Sardegna,Sardegna,1639591,31782,1.94,0.09
2255,2021-04-15,SAR,11815,5523,6292,6861,4954,ITG,ITG2,20,Sardegna,Sardegna,1639591,43597,2.66,0.72
2256,2021-05-14,SAR,13735,6286,7449,10625,3110,ITG,ITG2,20,Sardegna,Sardegna,1639591,57332,3.5,0.84
2257,2021-01-27,SAR,1409,494,915,79,1330,ITG,ITG2,20,Sardegna,Sardegna,1639591,58741,3.58,0.09
2258,2021-04-01,SAR,10101,4026,6075,7088,3013,ITG,ITG2,20,Sardegna,Sardegna,1639591,68842,4.2,0.62
2259,2021-01-04,SAR,592,217,375,592,0,ITG,ITG2,20,Sardegna,Sardegna,1639591,69434,4.23,0.04
2260,2021-04-16,SAR,14441,6488,7953,9098,5343,ITG,ITG2,20,Sardegna,Sardegna,1639591,83875,5.12,0.88
2261,2021-03-30,SAR,8641,3462,5179,6367,2274,ITG,ITG2,20,Sardegna,Sardegna,1639591,92516,5.64,0.53
2262,2021-03-13,SAR,2754,1075,1679,2473,281,ITG,ITG2,20,Sardegna,Sardegna,1639591,95270,5.81,0.17
2263,2021-05-10,SAR,9732,4336,5396,7195,2537,ITG,ITG2,20,Sardegna,Sardegna,1639591,105002,6.4,0.59
2264,2021-04-23,SAR,12837,5730,7107,7376,5461,ITG,ITG2,20,Sardegna,Sardegna,1639591,117839,7.19,0.78
2265,2021-03-02,SAR,2865,1459,1406,1712,1153,ITG,ITG2,20,Sardegna,Sardegna,1639591,120704,7.36,0.17
2266,2021-04-28,SAR,9009,4270,4739,5312,3697,ITG,ITG2,20,Sardegna,Sardegna,1639591,129713,7.91,0.55
2267,2021-04-21,SAR,12069,5555,6514,6537,5532,ITG,ITG2,20,Sardegna,Sardegna,1639591,141782,8.65,0.74
2268,2021-03-09,SAR,5645,2629,3016,4916,729,ITG,ITG2,20,Sardegna,Sardegna,1639591,147427,8.99,0.34
2269,2021-05-05,SAR,10053,4598,5455,8045,2008,ITG,ITG2,20,Sardegna,Sardegna,1639591,157480,9.6,0.61
2270,2021-01-18,SAR,904,326,578,780,124,ITG,ITG2,20,Sardegna,Sardegna,1639591,158384,9.66,0.06
2271,2021-03-16,SAR,4374,1949,2425,3452,922,ITG,ITG2,20,Sardegna,Sardegna,1639591,162758,9.93,0.27
2272,2021-01-11,SAR,1183,505,678,1183,0,ITG,ITG2,20,Sardegna,Sardegna,1639591,163941,10.0,0.07
2273,2021-01-25,SAR,588,212,376,22,566,ITG,ITG2,20,Sardegna,Sardegna,1639591,164529,10.03,0.04
2274,2021-02-11,SAR,1315,490,825,1204,111,ITG,ITG2,20,Sardegna,Sardegna,1639591,165844,10.11,0.08
2275,2021-05-24,SAR,13581,6501,7080,8419,5162,ITG,ITG2,20,Sardegna,Sardegna,1639591,179425,10.94,0.83
2276,2021-02-20,SAR,2041,855,1186,1707,334,ITG,ITG2,20,Sardegna,Sardegna,1639591,181466,11.07,0.12
2277,2021-01-08,SAR,3258,1184,2074,3258,0,ITG,ITG2,20,Sardegna,Sardegna,1639591,184724,11.27,0.2
2278,2021-04-20,SAR,10939,4969,5970,7725,3214,ITG,ITG2,20,Sardegna,Sardegna,1639591,195663,11.93,0.67
2279,2021-03-14,SAR,607,376,231,607,0,ITG,ITG2,20,Sardegna,Sardegna,1639591,196270,11.97,0.04
2280,2021-05-17,SAR,12091,5665,6426,9202,2889,ITG,ITG2,20,Sardegna,Sardegna,1639591,208361,12.71,0.74
2281,2021-02-25,SAR,2899,1255,1644,2294,605,ITG,ITG2,20,Sardegna,Sardegna,1639591,211260,12.88,0.18
2282,2021-04-30,SAR,11086,5274,5812,6877,4209,ITG,ITG2,20,Sardegna,Sardegna,1639591,222346,13.56,0.68
2283,2021-02-06,SAR,1970,697,1273,569,1401,ITG,ITG2,20,Sardegna,Sardegna,1639591,224316,13.68,0.12
2284,2021-01-20,SAR,210,77,133,208,2,ITG,ITG2,20,Sardegna,Sardegna,1639591,224526,13.69,0.01
2285,2021-05-02,SAR,5881,2669,3212,5300,581,ITG,ITG2,20,Sardegna,Sardegna,1639591,230407,14.05,0.36
2286,2021-03-21,SAR,4030,1809,2221,2590,1440,ITG,ITG2,20,Sardegna,Sardegna,1639591,234437,14.3,0.25
2287,2021-01-30,SAR,3863,1392,2471,362,3501,ITG,ITG2,20,Sardegna,Sardegna,1639591,238300,14.53,0.24
2288,2021-03-04,SAR,4002,1953,2049,2747,1255,ITG,ITG2,20,Sardegna,Sardegna,1639591,242302,14.78,0.24
2289,2021-01-13,SAR,573,178,395,573,0,ITG,ITG2,20,Sardegna,Sardegna,1639591,242875,14.81,0.03
2290,2021-05-28,SAR,5226,2553,2673,3893,1333,ITG,ITG2,20,Sardegna,Sardegna,1639591,248101,15.13,0.32
2291,2021-05-16,SAR,8176,3812,4364,6016,2160,ITG,ITG2,20,Sardegna,Sardegna,1639591,256277,15.63,0.5
2292,2021-01-16,SAR,1492,525,967,1492,0,ITG,ITG2,20,Sardegna,Sardegna,1639591,257769,15.72,0.09
2293,2021-05-07,SAR,14068,6422,7646,9622,4446,ITG,ITG2,20,Sardegna,Sardegna,1639591,271837,16.58,0.86
2294,2021-03-18,SAR,7255,3070,4185,5652,1603,ITG,ITG2,20,Sardegna,Sardegna,1639591,279092,17.02,0.44
2295,2021-03-25,SAR,8795,3704,5091,7490,1305,ITG,ITG2,20,Sardegna,Sardegna,1639591,287887,17.56,0.54
2296,2021-05-21,SAR,20291,9893,10398,14845,5446,ITG,ITG2,20,Sardegna,Sardegna,1639591,308178,18.8,1.24
2297,2021-02-03,SAR,1119,419,700,426,693,ITG,ITG2,20,Sardegna,Sardegna,1639591,309297,18.86,0.07
2298,2020-12-28,SAR,65,25,40,65,0,ITG,ITG2,20,Sardegna,Sardegna,1639591,309362,18.87,0.0
2299,2021-03-23,SAR,6156,2639,3517,5078,1078,ITG,ITG2,20,Sardegna,Sardegna,1639591,315518,19.24,0.38
2300,2021-05-12,SAR,10625,4920,5705,7546,3079,ITG,ITG2,20,Sardegna,Sardegna,1639591,326143,19.89,0.65
2301,2021-04-06,SAR,7446,3113,4333,5018,2428,ITG,ITG2,20,Sardegna,Sardegna,1639591,333589,20.35,0.45
2302,2021-02-01,SAR,1524,605,919,225,1299,ITG,ITG2,20,Sardegna,Sardegna,1639591,335113,20.44,0.09
2303,2021-05-26,SAR,14203,7060,7143,9743,4460,ITG,ITG2,20,Sardegna,Sardegna,1639591,349316,21.31,0.87
2304,2020-12-27,SAR,65,34,31,65,0,ITG,ITG2,20,Sardegna,Sardegna,1639591,349381,21.31,0.0
2305,2021-02-15,SAR,958,349,609,927,31,ITG,ITG2,20,Sardegna,Sardegna,1639591,350339,21.37,0.06
2306,2021-04-09,SAR,12261,5436,6825,7909,4352,ITG,ITG2,20,Sardegna,Sardegna,1639591,362600,22.12,0.75
2307,2021-02-04,SAR,2271,816,1455,916,1355,ITG,ITG2,20,Sardegna,Sardegna,1639591,364871,22.25,0.14
2308,2021-04-02,SAR,8987,3547,5440,5745,3242,ITG,ITG2,20,Sardegna,Sardegna,1639591,373858,22.8,0.55
2309,2021-04-11,SAR,5393,2442,2951,4273,1120,ITG,ITG2,20,Sardegna,Sardegna,1639591,379251,23.13,0.33
2310,2021-04-04,SAR,1,0,1,0,1,ITG,ITG2,20,Sardegna,Sardegna,1639591,379252,23.13,0.0
2311,2021-01-01,SAR,32,17,15,32,0,ITG,ITG2,20,Sardegna,Sardegna,1639591,379284,23.13,0.0
2312,2021-02-27,SAR,1921,647,1274,1366,555,ITG,ITG2,20,Sardegna,Sardegna,1639591,381205,23.25,0.12
2313,2021-04-25,SAR,4495,2269,2226,3716,779,ITG,ITG2,20,Sardegna,Sardegna,1639591,385700,23.52,0.27
2314,2021-03-06,SAR,2639,1079,1560,858,1781,ITG,ITG2,20,Sardegna,Sardegna,1639591,388339,23.69,0.16
2315,2021-01-15,SAR,1563,573,990,1563,0,ITG,ITG2,20,Sardegna,Sardegna,1639591,389902,23.78,0.1
2316,2021-05-09,SAR,6125,2873,3252,5195,930,ITG,ITG2,20,Sardegna,Sardegna,1639591,396027,24.15,0.37
2317,2021-02-13,SAR,1456,565,891,1454,2,ITG,ITG2,20,Sardegna,Sardegna,1639591,397483,24.24,0.09
2318,2021-02-18,SAR,1878,732,1146,1814,64,ITG,ITG2,20,Sardegna,Sardegna,1639591,399361,24.36,0.11
2319,2021-04-18,SAR,5155,2239,2916,2287,2868,ITG,ITG2,20,Sardegna,Sardegna,1639591,404516,24.67,0.31
2320,2021-05-18,SAR,13614,6570,7044,9279,4335,ITG,ITG2,20,Sardegna,Sardegna,1639591,418130,25.5,0.83
2321,2021-05-01,SAR,9898,4758,5140,5443,4455,ITG,ITG2,20,Sardegna,Sardegna,1639591,428028,26.11,0.6
2322,2021-02-26,SAR,2800,1108,1692,2494,306,ITG,ITG2,20,Sardegna,Sardegna,1639591,430828,26.28,0.17
2323,2021-04-14,SAR,8250,3902,4348,7013,1237,ITG,ITG2,20,Sardegna,Sardegna,1639591,439078,26.78,0.5
2324,2021-02-09,SAR,2287,837,1450,1290,997,ITG,ITG2,20,Sardegna,Sardegna,1639591,441365,26.92,0.14
2325,2021-02-10,SAR,1959,765,1194,1441,518,ITG,ITG2,20,Sardegna,Sardegna,1639591,443324,27.04,0.12
2326,2021-04-19,SAR,10179,4615,5564,8760,1419,ITG,ITG2,20,Sardegna,Sardegna,1639591,453503,27.66,0.62
2327,2021-01-02,SAR,60,21,39,60,0,ITG,ITG2,20,Sardegna,Sardegna,1639591,453563,27.66,0.0
2328,2021-04-26,SAR,6820,3263,3557,5945,875,ITG,ITG2,20,Sardegna,Sardegna,1639591,460383,28.08,0.42
2329,2021-02-21,SAR,1589,710,879,1559,30,ITG,ITG2,20,Sardegna,Sardegna,1639591,461972,28.18,0.1
2330,2021-03-07,SAR,1657,750,907,1117,540,ITG,ITG2,20,Sardegna,Sardegna,1639591,463629,28.28,0.1
2331,2021-02-24,SAR,2412,1293,1119,2223,189,ITG,ITG2,20,Sardegna,Sardegna,1639591,466041,28.42,0.15
2332,2021-02-07,SAR,1116,394,722,228,888,ITG,ITG2,20,Sardegna,Sardegna,1639591,467157,28.49,0.07
2333,2021-05-20,SAR,15206,7247,7959,10894,4312,ITG,ITG2,20,Sardegna,Sardegna,1639591,482363,29.42,0.93
2334,2021-01-21,SAR,126,60,66,94,32,ITG,ITG2,20,Sardegna,Sardegna,1639591,482489,29.43,0.01
2335,2021-05-03,SAR,8176,3815,4361,6580,1596,ITG,ITG2,20,Sardegna,Sardegna,1639591,490665,29.93,0.5
2336,2021-02-17,SAR,1407,577,830,1333,74,ITG,ITG2,20,Sardegna,Sardegna,1639591,492072,30.01,0.09
2337,2020-12-29,SAR,57,32,25,57,0,ITG,ITG2,20,Sardegna,Sardegna,1639591,492129,30.02,0.0
2338,2021-04-22,SAR,10463,4632,5831,5545,4918,ITG,ITG2,20,Sardegna,Sardegna,1639591,502592,30.65,0.64
2339,2021-03-03,SAR,3858,2072,1786,2610,1248,ITG,ITG2,20,Sardegna,Sardegna,1639591,506450,30.89,0.24
2340,2021-01-31,SAR,2121,750,1371,48,2073,ITG,ITG2,20,Sardegna,Sardegna,1639591,508571,31.02,0.13
2341,2021-02-14,SAR,539,263,276,537,2,ITG,ITG2,20,Sardegna,Sardegna,1639591,509110,31.05,0.03
2342,2021-04-05,SAR,2036,784,1252,2035,1,ITG,ITG2,20,Sardegna,Sardegna,1639591,511146,31.18,0.12
2343,2021-04-13,SAR,7603,3592,4011,5778,1825,ITG,ITG2,20,Sardegna,Sardegna,1639591,518749,31.64,0.46
2344,2021-03-08,SAR,4008,1790,2218,2788,1220,ITG,ITG2,20,Sardegna,Sardegna,1639591,522757,31.88,0.24
2345,2021-05-04,SAR,9533,4385,5148,7681,1852,ITG,ITG2,20,Sardegna,Sardegna,1639591,532290,32.46,0.58
2346,2021-03-01,SAR,2162,1055,1107,1503,659,ITG,ITG2,20,Sardegna,Sardegna,1639591,534452,32.6,0.13
2347,2021-01-24,SAR,90,34,56,5,85,ITG,ITG2,20,Sardegna,Sardegna,1639591,534542,32.6,0.01
2348,2021-03-10,SAR,6011,2918,3093,5161,850,ITG,ITG2,20,Sardegna,Sardegna,1639591,540553,32.97,0.37
2349,2021-05-06,SAR,12709,5886,6823,9648,3061,ITG,ITG2,20,Sardegna,Sardegna,1639591,553262,33.74,0.78
2350,2021-05-13,SAR,11233,5189,6044,8283,2950,ITG,ITG2,20,Sardegna,Sardegna,1639591,564495,34.43,0.69
2351,2021-01-26,SAR,1336,453,883,27,1309,ITG,ITG2,20,Sardegna,Sardegna,1639591,565831,34.51,0.08
2352,2021-02-02,SAR,1482,655,827,241,1241,ITG,ITG2,20,Sardegna,Sardegna,1639591,567313,34.6,0.09
2353,2021-01-22,SAR,83,47,36,55,28,ITG,ITG2,20,Sardegna,Sardegna,1639591,567396,34.61,0.01
2354,2021-04-17,SAR,10049,4486,5563,5452,4597,ITG,ITG2,20,Sardegna,Sardegna,1639591,577445,35.22,0.61
2355,2021-02-05,SAR,1897,749,1148,433,1464,ITG,ITG2,20,Sardegna,Sardegna,1639591,579342,35.33,0.12
2356,2021-04-03,SAR,4662,1801,2861,2695,1967,ITG,ITG2,20,Sardegna,Sardegna,1639591,584004,35.62,0.28
2357,2021-03-27,SAR,5716,2176,3540,5294,422,ITG,ITG2,20,Sardegna,Sardegna,1639591,589720,35.97,0.35
2358,2021-05-23,SAR,9940,4795,5145,7720,2220,ITG,ITG2,20,Sardegna,Sardegna,1639591,599660,36.57,0.61
2359,2021-02-19,SAR,1499,473,1026,1443,56,ITG,ITG2,20,Sardegna,Sardegna,1639591,601159,36.67,0.09
2360,2021-02-12,SAR,2237,933,1304,2178,59,ITG,ITG2,20,Sardegna,Sardegna,1639591,603396,36.8,0.14
2361,2021-04-10,SAR,10489,4748,5741,8554,1935,ITG,ITG2,20,Sardegna,Sardegna,1639591,613885,37.44,0.64
2362,2021-01-07,SAR,3112,1077,2035,3112,0,ITG,ITG2,20,Sardegna,Sardegna,1639591,616997,37.63,0.19
2363,2020-12-31,SAR,32,16,16,32,0,ITG,ITG2,20,Sardegna,Sardegna,1639591,617029,37.63,0.0
2364,2021-05-27,SAR,15740,7938,7802,11097,4643,ITG,ITG2,20,Sardegna,Sardegna,1639591,632769,38.59,0.96
2365,2021-02-16,SAR,700,289,411,673,27,ITG,ITG2,20,Sardegna,Sardegna,1639591,633469,38.64,0.04
2366,2021-01-03,SAR,90,36,54,90,0,ITG,ITG2,20,Sardegna,Sardegna,1639591,633559,38.64,0.01
2367,2021-03-29,SAR,4425,1559,2866,3837,588,ITG,ITG2,20,Sardegna,Sardegna,1639591,637984,38.91,0.27
2368,2021-01-05,SAR,1327,446,881,1327,0,ITG,ITG2,20,Sardegna,Sardegna,1639591,639311,38.99,0.08
2369,2021-03-31,SAR,10152,4049,6103,7705,2447,ITG,ITG2,20,Sardegna,Sardegna,1639591,649463,39.61,0.62
2370,2021-03-20,SAR,5193,2073,3120,2916,2277,ITG,ITG2,20,Sardegna,Sardegna,1639591,654656,39.93,0.32
2371,2021-01-29,SAR,2953,1068,1885,48,2905,ITG,ITG2,20,Sardegna,Sardegna,1639591,657609,40.11,0.18
2372,2021-03-05,SAR,5036,2445,2591,2682,2354,ITG,ITG2,20,Sardegna,Sardegna,1639591,662645,40.42,0.31
2373,2021-04-24,SAR,10367,4851,5516,8028,2339,ITG,ITG2,20,Sardegna,Sardegna,1639591,673012,41.05,0.63
2374,2021-01-28,SAR,2970,1045,1925,69,2901,ITG,ITG2,20,Sardegna,Sardegna,1639591,675982,41.23,0.18
2375,2021-03-19,SAR,7268,3048,4220,5054,2214,ITG,ITG2,20,Sardegna,Sardegna,1639591,683250,41.67,0.44
2376,2021-01-10,SAR,2183,750,1433,2183,0,ITG,ITG2,20,Sardegna,Sardegna,1639591,685433,41.81,0.13
2377,2021-04-27,SAR,7605,3547,4058,5564,2041,ITG,ITG2,20,Sardegna,Sardegna,1639591,693038,42.27,0.46
2378,2021-03-15,SAR,2688,1219,1469,2315,373,ITG,ITG2,20,Sardegna,Sardegna,1639591,695726,42.43,0.16
2379,2021-01-19,SAR,747,270,477,692,55,ITG,ITG2,20,Sardegna,Sardegna,1639591,696473,42.48,0.05
2380,2021-03-24,SAR,7286,2998,4288,5927,1359,ITG,ITG2,20,Sardegna,Sardegna,1639591,703759,42.92,0.44
2381,2021-05-22,SAR,24239,11598,12641,19294,4945,ITG,ITG2,20,Sardegna,Sardegna,1639591,727998,44.4,1.48
2382,2021-01-17,SAR,860,277,583,859,1,ITG,ITG2,20,Sardegna,Sardegna,1639591,728858,44.45,0.05
2383,2021-04-29,SAR,11089,5097,5992,6736,4353,ITG,ITG2,20,Sardegna,Sardegna,1639591,739947,45.13,0.68
2384,2021-03-17,SAR,6556,2849,3707,4949,1607,ITG,ITG2,20,Sardegna,Sardegna,1639591,746503,45.53,0.4
2385,2021-03-26,SAR,8091,3180,4911,6566,1525,ITG,ITG2,20,Sardegna,Sardegna,1639591,754594,46.02,0.49
2386,2021-04-08,SAR,13426,5924,7502,8307,5119,ITG,ITG2,20,Sardegna,Sardegna,1639591,768020,46.84,0.82
2387,2021-05-11,SAR,8648,3989,4659,6317,2331,ITG,ITG2,20,Sardegna,Sardegna,1639591,776668,47.37,0.53
2388,2021-05-25,SAR,13538,6614,6924,8252,5286,ITG,ITG2,20,Sardegna,Sardegna,1639591,790206,48.2,0.83
2389,2021-03-22,SAR,3550,1363,2187,3037,513,ITG,ITG2,20,Sardegna,Sardegna,1639591,793756,48.41,0.22
2390,2021-01-12,SAR,865,408,457,865,0,ITG,ITG2,20,Sardegna,Sardegna,1639591,794621,48.46,0.05
2391,2021-04-12,SAR,6990,3179,3811,5276,1714,ITG,ITG2,20,Sardegna,Sardegna,1639591,801611,48.89,0.43
2392,2021-02-28,SAR,368,169,199,142,226,ITG,ITG2,20,Sardegna,Sardegna,1639591,801979,48.91,0.02
2393,2021-01-09,SAR,4026,1417,2609,4026,0,ITG,ITG2,20,Sardegna,Sardegna,1639591,806005,49.16,0.25
2394,2021-05-08,SAR,12890,5895,6995,10738,2152,ITG,ITG2,20,Sardegna,Sardegna,1639591,818895,49.95,0.79
2395,2021-05-15,SAR,13687,6385,7302,10260,3427,ITG,ITG2,20,Sardegna,Sardegna,1639591,832582,50.78,0.83
2396,2021-03-12,SAR,6699,2796,3903,5342,1357,ITG,ITG2,20,Sardegna,Sardegna,1639591,839281,51.19,0.41
2397,2021-04-07,SAR,13476,5985,7491,7828,5648,ITG,ITG2,20,Sardegna,Sardegna,1639591,852757,52.01,0.82
2398,2021-01-14,SAR,1105,426,679,1105,0,ITG,ITG2,20,Sardegna,Sardegna,1639591,853862,52.08,0.07
2399,2021-02-18,UMB,1496,582,914,1030,466,ITI,ITI2,10,Umbria,Umbria,882015,1496,0.17,0.17
2400,2021-05-14,UMB,5237,2435,2802,3432,1805,ITI,ITI2,10,Umbria,Umbria,882015,6733,0.76,0.59
2401,2021-02-01,UMB,1285,342,943,48,1237,ITI,ITI2,10,Umbria,Umbria,882015,8018,0.91,0.15
2402,2021-04-27,UMB,5664,2403,3261,3088,2576,ITI,ITI2,10,Umbria,Umbria,882015,13682,1.55,0.64
2403,2021-01-18,UMB,614,219,395,529,85,ITI,ITI2,10,Umbria,Umbria,882015,14296,1.62,0.07
2404,2021-03-25,UMB,3904,1699,2205,2840,1064,ITI,ITI2,10,Umbria,Umbria,882015,18200,2.06,0.44
2405,2021-03-08,UMB,3672,1801,1871,2309,1363,ITI,ITI2,10,Umbria,Umbria,882015,21872,2.48,0.42
2406,2021-04-23,UMB,6607,2786,3821,3488,3119,ITI,ITI2,10,Umbria,Umbria,882015,28479,3.23,0.75
2407,2021-03-11,UMB,3565,1697,1868,2559,1006,ITI,ITI2,10,Umbria,Umbria,882015,32044,3.63,0.4
2408,2021-01-06,UMB,846,325,521,846,0,ITI,ITI2,10,Umbria,Umbria,882015,32890,3.73,0.1
2409,2021-01-20,UMB,613,222,391,613,0,ITI,ITI2,10,Umbria,Umbria,882015,33503,3.8,0.07
2410,2021-03-09,UMB,4051,1971,2080,2760,1291,ITI,ITI2,10,Umbria,Umbria,882015,37554,4.26,0.46
2411,2021-02-20,UMB,282,100,182,258,24,ITI,ITI2,10,Umbria,Umbria,882015,37836,4.29,0.03
2412,2021-02-03,UMB,725,174,551,67,658,ITI,ITI2,10,Umbria,Umbria,882015,38561,4.37,0.08
2413,2021-05-16,UMB,5317,2534,2783,5265,52,ITI,ITI2,10,Umbria,Umbria,882015,43878,4.97,0.6
2414,2021-01-27,UMB,840,330,510,13,827,ITI,ITI2,10,Umbria,Umbria,882015,44718,5.07,0.1
2415,2021-04-01,UMB,4374,1836,2538,2366,2008,ITI,ITI2,10,Umbria,Umbria,882015,49092,5.57,0.5
2416,2021-01-10,UMB,1070,277,793,1070,0,ITI,ITI2,10,Umbria,Umbria,882015,50162,5.69,0.12
2417,2021-03-15,UMB,4596,1930,2666,2828,1768,ITI,ITI2,10,Umbria,Umbria,882015,54758,6.21,0.52
2418,2021-02-10,UMB,715,349,366,700,15,ITI,ITI2,10,Umbria,Umbria,882015,55473,6.29,0.08
2419,2021-05-19,UMB,9381,4195,5186,5647,3734,ITI,ITI2,10,Umbria,Umbria,882015,64854,7.35,1.06
2420,2021-03-23,UMB,3797,1685,2112,2168,1629,ITI,ITI2,10,Umbria,Umbria,882015,68651,7.78,0.43
2421,2021-02-08,UMB,637,203,434,88,549,ITI,ITI2,10,Umbria,Umbria,882015,69288,7.86,0.07
2422,2021-05-26,UMB,9564,4525,5039,8354,1210,ITI,ITI2,10,Umbria,Umbria,882015,78852,8.94,1.08
2423,2021-05-28,UMB,4139,1902,2237,2641,1498,ITI,ITI2,10,Umbria,Umbria,882015,82991,9.41,0.47
2424,2021-04-13,UMB,7676,3398,4278,6007,1669,ITI,ITI2,10,Umbria,Umbria,882015,90667,10.28,0.87
2425,2021-02-15,UMB,1368,692,676,1367,1,ITI,ITI2,10,Umbria,Umbria,882015,92035,10.43,0.16
2426,2021-04-15,UMB,7628,3483,4145,5742,1886,ITI,ITI2,10,Umbria,Umbria,882015,99663,11.3,0.86
2427,2021-02-17,UMB,1618,748,870,1267,351,ITI,ITI2,10,Umbria,Umbria,882015,101281,11.48,0.18
2428,2021-01-03,UMB,270,112,158,270,0,ITI,ITI2,10,Umbria,Umbria,882015,101551,11.51,0.03
2429,2021-01-30,UMB,1590,490,1100,44,1546,ITI,ITI2,10,Umbria,Umbria,882015,103141,11.69,0.18
2430,2021-05-12,UMB,6440,3004,3436,4300,2140,ITI,ITI2,10,Umbria,Umbria,882015,109581,12.42,0.73
2431,2021-03-30,UMB,3948,1705,2243,2416,1532,ITI,ITI2,10,Umbria,Umbria,882015,113529,12.87,0.45
2432,2020-12-27,UMB,86,45,41,86,0,ITI,ITI2,10,Umbria,Umbria,882015,113615,12.88,0.01
2433,2021-04-08,UMB,5832,2465,3367,4037,1795,ITI,ITI2,10,Umbria,Umbria,882015,119447,13.54,0.66
2434,2021-01-01,UMB,274,105,169,274,0,ITI,ITI2,10,Umbria,Umbria,882015,119721,13.57,0.03
2435,2021-04-11,UMB,3102,1503,1599,3053,49,ITI,ITI2,10,Umbria,Umbria,882015,122823,13.93,0.35
2436,2021-03-27,UMB,4253,1512,2741,3913,340,ITI,ITI2,10,Umbria,Umbria,882015,127076,14.41,0.48
2437,2021-05-07,UMB,10097,4692,5405,6898,3199,ITI,ITI2,10,Umbria,Umbria,882015,137173,15.55,1.14
2438,2021-03-18,UMB,2942,1164,1778,1704,1238,ITI,ITI2,10,Umbria,Umbria,882015,140115,15.89,0.33
2439,2021-04-20,UMB,5439,2356,3083,3492,1947,ITI,ITI2,10,Umbria,Umbria,882015,145554,16.5,0.62
2440,2021-05-21,UMB,8917,3634,5283,4114,4803,ITI,ITI2,10,Umbria,Umbria,882015,154471,17.51,1.01
2441,2021-05-04,UMB,5531,2543,2988,2410,3121,ITI,ITI2,10,Umbria,Umbria,882015,160002,18.14,0.63
2442,2021-03-01,UMB,1503,774,729,1389,114,ITI,ITI2,10,Umbria,Umbria,882015,161505,18.31,0.17
2443,2021-04-25,UMB,4364,1685,2679,4282,82,ITI,ITI2,10,Umbria,Umbria,882015,165869,18.81,0.49
2444,2021-03-06,UMB,4267,1110,3157,4124,143,ITI,ITI2,10,Umbria,Umbria,882015,170136,19.29,0.48
2445,2021-05-02,UMB,3787,1868,1919,1333,2454,ITI,ITI2,10,Umbria,Umbria,882015,173923,19.72,0.43
2446,2021-03-13,UMB,1731,524,1207,1486,245,ITI,ITI2,10,Umbria,Umbria,882015,175654,19.92,0.2
2447,2021-01-15,UMB,701,215,486,701,0,ITI,ITI2,10,Umbria,Umbria,882015,176355,19.99,0.08
2448,2021-05-09,UMB,5764,2757,3007,5373,391,ITI,ITI2,10,Umbria,Umbria,882015,182119,20.65,0.65
2449,2021-01-22,UMB,276,105,171,32,244,ITI,ITI2,10,Umbria,Umbria,882015,182395,20.68,0.03
2450,2021-03-20,UMB,2298,833,1465,2273,25,ITI,ITI2,10,Umbria,Umbria,882015,184693,20.94,0.26
2451,2021-01-29,UMB,1232,348,884,79,1153,ITI,ITI2,10,Umbria,Umbria,882015,185925,21.08,0.14
2452,2021-02-25,UMB,1336,497,839,1284,52,ITI,ITI2,10,Umbria,Umbria,882015,187261,21.23,0.15
2453,2021-04-16,UMB,8100,3742,4358,6263,1837,ITI,ITI2,10,Umbria,Umbria,882015,195361,22.15,0.92
2454,2021-04-30,UMB,6232,2962,3270,2843,3389,ITI,ITI2,10,Umbria,Umbria,882015,201593,22.86,0.71
2455,2021-01-13,UMB,450,139,311,450,0,ITI,ITI2,10,Umbria,Umbria,882015,202043,22.91,0.05
2456,2021-03-04,UMB,4485,1853,2632,3657,828,ITI,ITI2,10,Umbria,Umbria,882015,206528,23.42,0.51
2457,2021-05-11,UMB,6220,2825,3395,4021,2199,ITI,ITI2,10,Umbria,Umbria,882015,212748,24.12,0.71
2458,2021-01-11,UMB,1315,346,969,1315,0,ITI,ITI2,10,Umbria,Umbria,882015,214063,24.27,0.15
2459,2021-05-05,UMB,7173,3284,3889,3877,3296,ITI,ITI2,10,Umbria,Umbria,882015,221236,25.08,0.81
2460,2021-03-16,UMB,3538,1454,2084,1911,1627,ITI,ITI2,10,Umbria,Umbria,882015,224774,25.48,0.4
2461,2021-01-25,UMB,648,323,325,5,643,ITI,ITI2,10,Umbria,Umbria,882015,225422,25.56,0.07
2462,2021-02-06,UMB,396,138,258,34,362,ITI,ITI2,10,Umbria,Umbria,882015,225818,25.6,0.04
2463,2021-05-24,UMB,9014,4479,4535,8168,846,ITI,ITI2,10,Umbria,Umbria,882015,234832,26.62,1.02
2464,2021-04-04,UMB,59,20,39,23,36,ITI,ITI2,10,Umbria,Umbria,882015,234891,26.63,0.01
2465,2021-02-13,UMB,115,28,87,112,3,ITI,ITI2,10,Umbria,Umbria,882015,235006,26.64,0.01
2466,2021-04-18,UMB,1530,680,850,600,930,ITI,ITI2,10,Umbria,Umbria,882015,236536,26.82,0.17
2467,2021-02-27,UMB,1658,354,1304,1642,16,ITI,ITI2,10,Umbria,Umbria,882015,238194,27.01,0.19
2468,2021-01-08,UMB,1190,345,845,1190,0,ITI,ITI2,10,Umbria,Umbria,882015,239384,27.14,0.13
2469,2021-04-03,UMB,2111,716,1395,1058,1053,ITI,ITI2,10,Umbria,Umbria,882015,241495,27.38,0.24
2470,2021-05-23,UMB,5067,1855,3212,652,4415,ITI,ITI2,10,Umbria,Umbria,882015,246562,27.95,0.57
2471,2021-03-28,UMB,1096,442,654,1072,24,ITI,ITI2,10,Umbria,Umbria,882015,247658,28.08,0.12
2472,2021-04-06,UMB,5290,2169,3121,2901,2389,ITI,ITI2,10,Umbria,Umbria,882015,252948,28.68,0.6
2473,2021-02-22,UMB,1859,778,1081,1773,86,ITI,ITI2,10,Umbria,Umbria,882015,254807,28.89,0.21
2474,2021-02-05,UMB,780,234,546,18,762,ITI,ITI2,10,Umbria,Umbria,882015,255587,28.98,0.09
2475,2021-04-10,UMB,7466,3512,3954,7331,135,ITI,ITI2,10,Umbria,Umbria,882015,263053,29.82,0.85
2476,2021-01-19,UMB,103,23,80,103,0,ITI,ITI2,10,Umbria,Umbria,882015,263156,29.84,0.01
2477,2021-03-24,UMB,4072,1760,2312,2749,1323,ITI,ITI2,10,Umbria,Umbria,882015,267228,30.3,0.46
2478,2021-01-02,UMB,304,111,193,304,0,ITI,ITI2,10,Umbria,Umbria,882015,267532,30.33,0.03
2479,2021-03-07,UMB,845,180,665,838,7,ITI,ITI2,10,Umbria,Umbria,882015,268377,30.43,0.1
2480,2021-03-29,UMB,3844,1692,2152,2365,1479,ITI,ITI2,10,Umbria,Umbria,882015,272221,30.86,0.44
2481,2021-01-31,UMB,1058,276,782,25,1033,ITI,ITI2,10,Umbria,Umbria,882015,273279,30.98,0.12
2482,2021-05-18,UMB,7705,3335,4370,3867,3838,ITI,ITI2,10,Umbria,Umbria,882015,280984,31.86,0.87
2483,2021-04-05,UMB,4250,1728,2522,2195,2055,ITI,ITI2,10,Umbria,Umbria,882015,285234,32.34,0.48
2484,2021-04-29,UMB,5209,2245,2964,2883,2326,ITI,ITI2,10,Umbria,Umbria,882015,290443,32.93,0.59
2485,2021-01-17,UMB,54,17,37,54,0,ITI,ITI2,10,Umbria,Umbria,882015,290497,32.94,0.01
2486,2021-04-12,UMB,7086,3076,4010,5369,1717,ITI,ITI2,10,Umbria,Umbria,882015,297583,33.74,0.8
2487,2020-12-31,UMB,322,127,195,322,0,ITI,ITI2,10,Umbria,Umbria,882015,297905,33.78,0.04
2488,2021-03-26,UMB,4570,1682,2888,4398,172,ITI,ITI2,10,Umbria,Umbria,882015,302475,34.29,0.52
2489,2021-01-24,UMB,258,106,152,1,257,ITI,ITI2,10,Umbria,Umbria,882015,302733,34.32,0.03
2490,2021-05-22,UMB,6894,2704,4190,2625,4269,ITI,ITI2,10,Umbria,Umbria,882015,309627,35.1,0.78
2491,2021-04-19,UMB,5015,2216,2799,2966,2049,ITI,ITI2,10,Umbria,Umbria,882015,314642,35.67,0.57
2492,2021-05-20,UMB,9820,4581,5239,6183,3637,ITI,ITI2,10,Umbria,Umbria,882015,324462,36.79,1.11
2493,2021-03-31,UMB,3903,1733,2170,2216,1687,ITI,ITI2,10,Umbria,Umbria,882015,328365,37.23,0.44
2494,2021-02-16,UMB,1308,655,653,1299,9,ITI,ITI2,10,Umbria,Umbria,882015,329673,37.38,0.15
2495,2021-05-27,UMB,9826,4764,5062,8597,1229,ITI,ITI2,10,Umbria,Umbria,882015,339499,38.49,1.11
2496,2021-04-14,UMB,8147,3673,4474,6168,1979,ITI,ITI2,10,Umbria,Umbria,882015,347646,39.41,0.92
2497,2021-04-07,UMB,5568,2289,3279,3562,2006,ITI,ITI2,10,Umbria,Umbria,882015,353214,40.05,0.63
2498,2021-01-04,UMB,810,398,412,810,0,ITI,ITI2,10,Umbria,Umbria,882015,354024,40.14,0.09
2499,2021-02-23,UMB,1693,658,1035,1651,42,ITI,ITI2,10,Umbria,Umbria,882015,355717,40.33,0.19
2500,2021-04-22,UMB,5427,2230,3197,2766,2661,ITI,ITI2,10,Umbria,Umbria,882015,361144,40.95,0.62
2501,2021-01-05,UMB,854,429,425,854,0,ITI,ITI2,10,Umbria,Umbria,882015,361998,41.04,0.1
2502,2021-01-12,UMB,838,248,590,838,0,ITI,ITI2,10,Umbria,Umbria,882015,362836,41.14,0.1
2503,2021-02-19,UMB,743,293,450,526,217,ITI,ITI2,10,Umbria,Umbria,882015,363579,41.22,0.08
2504,2021-04-26,UMB,5374,2328,3046,3122,2252,ITI,ITI2,10,Umbria,Umbria,882015,368953,41.83,0.61
2505,2021-05-15,UMB,4975,1872,3103,1810,3165,ITI,ITI2,10,Umbria,Umbria,882015,373928,42.39,0.56
2506,2021-01-16,UMB,221,73,148,221,0,ITI,ITI2,10,Umbria,Umbria,882015,374149,42.42,0.03
2507,2021-04-09,UMB,6791,3162,3629,6572,219,ITI,ITI2,10,Umbria,Umbria,882015,380940,43.19,0.77
2508,2021-05-06,UMB,9451,4309,5142,6145,3306,ITI,ITI2,10,Umbria,Umbria,882015,390391,44.26,1.07
2509,2021-03-17,UMB,3331,1313,2018,1859,1472,ITI,ITI2,10,Umbria,Umbria,882015,393722,44.64,0.38
2510,2021-01-26,UMB,816,390,426,18,798,ITI,ITI2,10,Umbria,Umbria,882015,394538,44.73,0.09
2511,2021-04-21,UMB,5310,2308,3002,3084,2226,ITI,ITI2,10,Umbria,Umbria,882015,399848,45.33,0.6
2512,2021-03-02,UMB,3642,1346,2296,3638,4,ITI,ITI2,10,Umbria,Umbria,882015,403490,45.75,0.41
2513,2021-03-10,UMB,4013,1927,2086,2757,1256,ITI,ITI2,10,Umbria,Umbria,882015,407503,46.2,0.45
2514,2021-05-13,UMB,5896,2655,3241,3823,2073,ITI,ITI2,10,Umbria,Umbria,882015,413399,46.87,0.67
2515,2021-02-02,UMB,944,274,670,32,912,ITI,ITI2,10,Umbria,Umbria,882015,414343,46.98,0.11
2516,2021-04-28,UMB,5344,2316,3028,2962,2382,ITI,ITI2,10,Umbria,Umbria,882015,419687,47.58,0.61
2517,2021-02-12,UMB,671,224,447,665,6,ITI,ITI2,10,Umbria,Umbria,882015,420358,47.66,0.08
2518,2021-01-07,UMB,1300,387,913,1300,0,ITI,ITI2,10,Umbria,Umbria,882015,421658,47.81,0.15
2519,2021-02-26,UMB,660,253,407,652,8,ITI,ITI2,10,Umbria,Umbria,882015,422318,47.88,0.07
2520,2021-03-03,UMB,4438,1773,2665,3727,711,ITI,ITI2,10,Umbria,Umbria,882015,426756,48.38,0.5
2521,2021-05-01,UMB,5373,2640,2733,2146,3227,ITI,ITI2,10,Umbria,Umbria,882015,432129,48.99,0.61
2522,2021-01-28,UMB,1247,394,853,19,1228,ITI,ITI2,10,Umbria,Umbria,882015,433376,49.13,0.14
2523,2021-05-10,UMB,5982,2799,3183,3830,2152,ITI,ITI2,10,Umbria,Umbria,882015,439358,49.81,0.68
2524,2021-01-23,UMB,280,100,180,2,278,ITI,ITI2,10,Umbria,Umbria,882015,439638,49.84,0.03
2525,2021-02-24,UMB,1520,565,955,1505,15,ITI,ITI2,10,Umbria,Umbria,882015,441158,50.02,0.17
2526,2021-03-05,UMB,4592,1379,3213,3936,656,ITI,ITI2,10,Umbria,Umbria,882015,445750,50.54,0.52
2527,2021-05-08,UMB,8099,3729,4370,4904,3195,ITI,ITI2,10,Umbria,Umbria,882015,453849,51.46,0.92
2528,2021-05-03,UMB,5091,2271,2820,2204,2887,ITI,ITI2,10,Umbria,Umbria,882015,458940,52.03,0.58
2529,2021-01-21,UMB,610,202,408,341,269,ITI,ITI2,10,Umbria,Umbria,882015,459550,52.1,0.07
2530,2021-02-11,UMB,842,349,493,837,5,ITI,ITI2,10,Umbria,Umbria,882015,460392,52.2,0.1
2531,2021-01-09,UMB,1745,499,1246,1745,0,ITI,ITI2,10,Umbria,Umbria,882015,462137,52.4,0.2
2532,2021-05-25,UMB,8751,4258,4493,7734,1017,ITI,ITI2,10,Umbria,Umbria,882015,470888,53.39,0.99
2533,2021-03-22,UMB,3559,1654,1905,2313,1246,ITI,ITI2,10,Umbria,Umbria,882015,474447,53.79,0.4
2534,2021-02-07,UMB,54,17,37,1,53,ITI,ITI2,10,Umbria,Umbria,882015,474501,53.8,0.01
2535,2021-04-17,UMB,6664,3058,3606,5324,1340,ITI,ITI2,10,Umbria,Umbria,882015,481165,54.55,0.76
2536,2021-04-24,UMB,4562,1963,2599,3384,1178,ITI,ITI2,10,Umbria,Umbria,882015,485727,55.07,0.52
2537,2021-03-12,UMB,2653,1040,1613,2157,496,ITI,ITI2,10,Umbria,Umbria,882015,488380,55.37,0.3
2538,2021-01-14,UMB,752,201,551,752,0,ITI,ITI2,10,Umbria,Umbria,882015,489132,55.46,0.09
2539,2021-03-19,UMB,1743,565,1178,1087,656,ITI,ITI2,10,Umbria,Umbria,882015,490875,55.65,0.2
2540,2021-03-14,UMB,66,48,18,66,0,ITI,ITI2,10,Umbria,Umbria,882015,490941,55.66,0.01
2541,2021-03-21,UMB,665,330,335,665,0,ITI,ITI2,10,Umbria,Umbria,882015,491606,55.74,0.08
2542,2021-05-17,UMB,6358,3057,3301,4185,2173,ITI,ITI2,10,Umbria,Umbria,882015,497964,56.46,0.72
2543,2021-04-02,UMB,4274,1712,2562,3517,757,ITI,ITI2,10,Umbria,Umbria,882015,502238,56.94,0.48
2544,2021-02-04,UMB,733,226,507,25,708,ITI,ITI2,10,Umbria,Umbria,882015,502971,57.03,0.08
2545,2021-03-03,PAB,1179,393,786,1166,13,ITH,ITH1,4,Provincia Autonoma Bolzano / Bozen,P.A. Bolzano,533050,1179,0.22,0.22
2546,2021-05-27,PAB,5982,3146,2836,3986,1996,ITH,ITH1,4,Provincia Autonoma Bolzano / Bozen,P.A. Bolzano,533050,7161,1.34,1.12
2547,2021-02-14,PAB,297,130,167,297,0,ITH,ITH1,4,Provincia Autonoma Bolzano / Bozen,P.A. Bolzano,533050,7458,1.4,0.06
2548,2021-01-28,PAB,871,308,563,10,861,ITH,ITH1,4,Provincia Autonoma Bolzano / Bozen,P.A. Bolzano,533050,8329,1.56,0.16
2549,2021-05-10,PAB,3018,1300,1718,1413,1605,ITH,ITH1,4,Provincia Autonoma Bolzano / Bozen,P.A. Bolzano,533050,11347,2.13,0.57
2550,2021-01-12,PAB,1709,459,1250,1709,0,ITH,ITH1,4,Provincia Autonoma Bolzano / Bozen,P.A. Bolzano,533050,13056,2.45,0.32
2551,2021-04-07,PAB,1777,802,975,1238,539,ITH,ITH1,4,Provincia Autonoma Bolzano / Bozen,P.A. Bolzano,533050,14833,2.78,0.33
2552,2021-03-02,PAB,695,200,495,693,2,ITH,ITH1,4,Provincia Autonoma Bolzano / Bozen,P.A. Bolzano,533050,15528,2.91,0.13
2553,2021-03-04,PAB,1711,1001,710,1482,229,ITH,ITH1,4,Provincia Autonoma Bolzano / Bozen,P.A. Bolzano,533050,17239,3.23,0.32
2554,2021-01-24,PAB,12,10,2,0,12,ITH,ITH1,4,Provincia Autonoma Bolzano / Bozen,P.A. Bolzano,533050,17251,3.24,0.0
2555,2021-05-15,PAB,6995,3683,3312,6700,295,ITH,ITH1,4,Provincia Autonoma Bolzano / Bozen,P.A. Bolzano,533050,24246,4.55,1.31
2556,2021-05-22,PAB,6821,3552,3269,4654,2167,ITH,ITH1,4,Provincia Autonoma Bolzano / Bozen,P.A. Bolzano,533050,31067,5.83,1.28
2557,2021-04-02,PAB,2077,837,1240,720,1357,ITH,ITH1,4,Provincia Autonoma Bolzano / Bozen,P.A. Bolzano,533050,33144,6.22,0.39
2558,2021-03-22,PAB,1133,514,619,1129,4,ITH,ITH1,4,Provincia Autonoma Bolzano / Bozen,P.A. Bolzano,533050,34277,6.43,0.21
2559,2021-05-25,PAB,3808,1967,1841,2935,873,ITH,ITH1,4,Provincia Autonoma Bolzano / Bozen,P.A. Bolzano,533050,38085,7.14,0.71
2560,2021-03-05,PAB,1839,625,1214,1397,442,ITH,ITH1,4,Provincia Autonoma Bolzano / Bozen,P.A. Bolzano,533050,39924,7.49,0.34
2561,2021-05-08,PAB,4416,2379,2037,3758,658,ITH,ITH1,4,Provincia Autonoma Bolzano / Bozen,P.A. Bolzano,533050,44340,8.32,0.83
2562,2021-02-16,PAB,530,205,325,530,0,ITH,ITH1,4,Provincia Autonoma Bolzano / Bozen,P.A. Bolzano,533050,44870,8.42,0.1
2563,2021-05-18,PAB,3286,1717,1569,2122,1164,ITH,ITH1,4,Provincia Autonoma Bolzano / Bozen,P.A. Bolzano,533050,48156,9.03,0.62
2564,2021-03-29,PAB,1171,499,672,412,759,ITH,ITH1,4,Provincia Autonoma Bolzano / Bozen,P.A. Bolzano,533050,49327,9.25,0.22
2565,2021-05-01,PAB,2104,1067,1037,1944,160,ITH,ITH1,4,Provincia Autonoma Bolzano / Bozen,P.A. Bolzano,533050,51431,9.65,0.39
2566,2021-03-12,PAB,1664,734,930,1251,413,ITH,ITH1,4,Provincia Autonoma Bolzano / Bozen,P.A. Bolzano,533050,53095,9.96,0.31
2567,2021-03-10,PAB,1261,524,737,1118,143,ITH,ITH1,4,Provincia Autonoma Bolzano / Bozen,P.A. Bolzano,533050,54356,10.2,0.24
2568,2021-05-06,PAB,5181,2747,2434,2612,2569,ITH,ITH1,4,Provincia Autonoma Bolzano / Bozen,P.A. Bolzano,533050,59537,11.17,0.97
2569,2021-04-29,PAB,2630,1351,1279,1936,694,ITH,ITH1,4,Provincia Autonoma Bolzano / Bozen,P.A. Bolzano,533050,62167,11.66,0.49
2570,2021-01-26,PAB,810,291,519,1,809,ITH,ITH1,4,Provincia Autonoma Bolzano / Bozen,P.A. Bolzano,533050,62977,11.81,0.15
2571,2021-03-24,PAB,2040,977,1063,2027,13,ITH,ITH1,4,Provincia Autonoma Bolzano / Bozen,P.A. Bolzano,533050,65017,12.2,0.38
2572,2021-03-17,PAB,581,213,368,580,1,ITH,ITH1,4,Provincia Autonoma Bolzano / Bozen,P.A. Bolzano,533050,65598,12.31,0.11
2573,2021-05-13,PAB,2980,1347,1633,1050,1930,ITH,ITH1,4,Provincia Autonoma Bolzano / Bozen,P.A. Bolzano,533050,68578,12.87,0.56
2574,2021-01-19,PAB,853,371,482,723,130,ITH,ITH1,4,Provincia Autonoma Bolzano / Bozen,P.A. Bolzano,533050,69431,13.03,0.16
2575,2021-02-09,PAB,317,126,191,1,316,ITH,ITH1,4,Provincia Autonoma Bolzano / Bozen,P.A. Bolzano,533050,69748,13.08,0.06
2576,2021-02-02,PAB,1745,506,1239,8,1737,ITH,ITH1,4,Provincia Autonoma Bolzano / Bozen,P.A. Bolzano,533050,71493,13.41,0.33
2577,2021-04-28,PAB,2460,1301,1159,2455,5,ITH,ITH1,4,Provincia Autonoma Bolzano / Bozen,P.A. Bolzano,533050,73953,13.87,0.46
2578,2021-02-12,PAB,730,217,513,482,248,ITH,ITH1,4,Provincia Autonoma Bolzano / Bozen,P.A. Bolzano,533050,74683,14.01,0.14
2579,2021-04-17,PAB,5232,2598,2634,5188,44,ITH,ITH1,4,Provincia Autonoma Bolzano / Bozen,P.A. Bolzano,533050,79915,14.99,0.98
2580,2020-12-31,PAB,912,518,394,912,0,ITH,ITH1,4,Provincia Autonoma Bolzano / Bozen,P.A. Bolzano,533050,80827,15.16,0.17
2581,2021-04-12,PAB,2105,946,1159,2098,7,ITH,ITH1,4,Provincia Autonoma Bolzano / Bozen,P.A. Bolzano,533050,82932,15.56,0.39
2582,2021-01-09,PAB,612,326,286,612,0,ITH,ITH1,4,Provincia Autonoma Bolzano / Bozen,P.A. Bolzano,533050,83544,15.67,0.11
2583,2021-04-21,PAB,3009,1467,1542,2161,848,ITH,ITH1,4,Provincia Autonoma Bolzano / Bozen,P.A. Bolzano,533050,86553,16.24,0.56
2584,2021-04-24,PAB,5103,2449,2654,4618,485,ITH,ITH1,4,Provincia Autonoma Bolzano / Bozen,P.A. Bolzano,533050,91656,17.19,0.96
2585,2021-04-05,PAB,301,144,157,23,278,ITH,ITH1,4,Provincia Autonoma Bolzano / Bozen,P.A. Bolzano,533050,91957,17.25,0.06
2586,2021-01-14,PAB,1946,575,1371,1946,0,ITH,ITH1,4,Provincia Autonoma Bolzano / Bozen,P.A. Bolzano,533050,93903,17.62,0.37
2587,2021-03-19,PAB,1906,773,1133,799,1107,ITH,ITH1,4,Provincia Autonoma Bolzano / Bozen,P.A. Bolzano,533050,95809,17.97,0.36
2588,2021-03-21,PAB,768,285,483,14,754,ITH,ITH1,4,Provincia Autonoma Bolzano / Bozen,P.A. Bolzano,533050,96577,18.12,0.14
2589,2021-02-07,PAB,2361,1057,1304,14,2347,ITH,ITH1,4,Provincia Autonoma Bolzano / Bozen,P.A. Bolzano,533050,98938,18.56,0.44
2590,2021-01-21,PAB,952,442,510,139,813,ITH,ITH1,4,Provincia Autonoma Bolzano / Bozen,P.A. Bolzano,533050,99890,18.74,0.18
2591,2021-04-30,PAB,3337,1592,1745,1561,1776,ITH,ITH1,4,Provincia Autonoma Bolzano / Bozen,P.A. Bolzano,533050,103227,19.37,0.63
2592,2021-03-26,PAB,1644,721,923,511,1133,ITH,ITH1,4,Provincia Autonoma Bolzano / Bozen,P.A. Bolzano,533050,104871,19.67,0.31
2593,2021-02-04,PAB,1958,593,1365,8,1950,ITH,ITH1,4,Provincia Autonoma Bolzano / Bozen,P.A. Bolzano,533050,106829,20.04,0.37
2594,2021-04-09,PAB,2926,1292,1634,2196,730,ITH,ITH1,4,Provincia Autonoma Bolzano / Bozen,P.A. Bolzano,533050,109755,20.59,0.55
2595,2021-02-11,PAB,1093,431,662,239,854,ITH,ITH1,4,Provincia Autonoma Bolzano / Bozen,P.A. Bolzano,533050,110848,20.8,0.21
2596,2021-01-05,PAB,830,286,544,830,0,ITH,ITH1,4,Provincia Autonoma Bolzano / Bozen,P.A. Bolzano,533050,111678,20.95,0.16
2597,2021-05-20,PAB,4662,2294,2368,3206,1456,ITH,ITH1,4,Provincia Autonoma Bolzano / Bozen,P.A. Bolzano,533050,116340,21.83,0.87
2598,2021-03-31,PAB,1831,693,1138,820,1011,ITH,ITH1,4,Provincia Autonoma Bolzano / Bozen,P.A. Bolzano,533050,118171,22.17,0.34
2599,2021-04-14,PAB,3593,1645,1948,3502,91,ITH,ITH1,4,Provincia Autonoma Bolzano / Bozen,P.A. Bolzano,533050,121764,22.84,0.67
2600,2021-02-23,PAB,769,324,445,763,6,ITH,ITH1,4,Provincia Autonoma Bolzano / Bozen,P.A. Bolzano,533050,122533,22.99,0.14
2601,2021-01-04,PAB,508,201,307,508,0,ITH,ITH1,4,Provincia Autonoma Bolzano / Bozen,P.A. Bolzano,533050,123041,23.08,0.1
2602,2021-02-19,PAB,2252,512,1740,2241,11,ITH,ITH1,4,Provincia Autonoma Bolzano / Bozen,P.A. Bolzano,533050,125293,23.5,0.42
2603,2021-02-26,PAB,1526,551,975,1496,30,ITH,ITH1,4,Provincia Autonoma Bolzano / Bozen,P.A. Bolzano,533050,126819,23.79,0.29
2604,2021-04-26,PAB,1541,771,770,1536,5,ITH,ITH1,4,Provincia Autonoma Bolzano / Bozen,P.A. Bolzano,533050,128360,24.08,0.29
2605,2021-01-16,PAB,2840,1265,1575,2840,0,ITH,ITH1,4,Provincia Autonoma Bolzano / Bozen,P.A. Bolzano,533050,131200,24.61,0.53
2606,2021-05-03,PAB,1829,846,983,417,1412,ITH,ITH1,4,Provincia Autonoma Bolzano / Bozen,P.A. Bolzano,533050,133029,24.96,0.34
2607,2021-01-23,PAB,197,117,80,0,197,ITH,ITH1,4,Provincia Autonoma Bolzano / Bozen,P.A. Bolzano,533050,133226,24.99,0.04
2608,2021-05-17,PAB,3109,1499,1610,2425,684,ITH,ITH1,4,Provincia Autonoma Bolzano / Bozen,P.A. Bolzano,533050,136335,25.58,0.58
2609,2021-03-14,PAB,758,336,422,25,733,ITH,ITH1,4,Provincia Autonoma Bolzano / Bozen,P.A. Bolzano,533050,137093,25.72,0.14
2610,2021-04-10,PAB,5390,2664,2726,4802,588,ITH,ITH1,4,Provincia Autonoma Bolzano / Bozen,P.A. Bolzano,533050,142483,26.73,1.01
2611,2021-04-19,PAB,1871,858,1013,1689,182,ITH,ITH1,4,Provincia Autonoma Bolzano / Bozen,P.A. Bolzano,533050,144354,27.08,0.35
2612,2021-01-07,PAB,917,327,590,917,0,ITH,ITH1,4,Provincia Autonoma Bolzano / Bozen,P.A. Bolzano,533050,145271,27.25,0.17
2613,2021-03-07,PAB,114,13,101,9,105,ITH,ITH1,4,Provincia Autonoma Bolzano / Bozen,P.A. Bolzano,533050,145385,27.27,0.02
2614,2021-01-02,PAB,91,48,43,91,0,ITH,ITH1,4,Provincia Autonoma Bolzano / Bozen,P.A. Bolzano,533050,145476,27.29,0.02
2615,2021-04-23,PAB,4540,2149,2391,3249,1291,ITH,ITH1,4,Provincia Autonoma Bolzano / Bozen,P.A. Bolzano,533050,150016,28.14,0.85
2616,2021-01-11,PAB,1569,513,1056,1569,0,ITH,ITH1,4,Provincia Autonoma Bolzano / Bozen,P.A. Bolzano,533050,151585,28.44,0.29
2617,2021-04-06,PAB,2249,1117,1132,2146,103,ITH,ITH1,4,Provincia Autonoma Bolzano / Bozen,P.A. Bolzano,533050,153834,28.86,0.42
2618,2021-03-20,PAB,1757,848,909,1132,625,ITH,ITH1,4,Provincia Autonoma Bolzano / Bozen,P.A. Bolzano,533050,155591,29.19,0.33
2619,2021-02-18,PAB,1839,457,1382,1832,7,ITH,ITH1,4,Provincia Autonoma Bolzano / Bozen,P.A. Bolzano,533050,157430,29.53,0.34
2620,2020-12-30,PAB,388,182,206,388,0,ITH,ITH1,4,Provincia Autonoma Bolzano / Bozen,P.A. Bolzano,533050,157818,29.61,0.07
2621,2021-04-27,PAB,2226,1013,1213,1150,1076,ITH,ITH1,4,Provincia Autonoma Bolzano / Bozen,P.A. Bolzano,533050,160044,30.02,0.42
2622,2021-03-15,PAB,1192,451,741,710,482,ITH,ITH1,4,Provincia Autonoma Bolzano / Bozen,P.A. Bolzano,533050,161236,30.25,0.22
2623,2021-01-10,PAB,2,2,0,2,0,ITH,ITH1,4,Provincia Autonoma Bolzano / Bozen,P.A. Bolzano,533050,161238,30.25,0.0
2624,2021-03-08,PAB,1200,526,674,1173,27,ITH,ITH1,4,Provincia Autonoma Bolzano / Bozen,P.A. Bolzano,533050,162438,30.47,0.23
2625,2021-01-30,PAB,498,245,253,4,494,ITH,ITH1,4,Provincia Autonoma Bolzano / Bozen,P.A. Bolzano,533050,162936,30.57,0.09
2626,2021-04-25,PAB,3069,1496,1573,2398,671,ITH,ITH1,4,Provincia Autonoma Bolzano / Bozen,P.A. Bolzano,533050,166005,31.14,0.58
2627,2021-01-13,PAB,1691,557,1134,1691,0,ITH,ITH1,4,Provincia Autonoma Bolzano / Bozen,P.A. Bolzano,533050,167696,31.46,0.32
2628,2021-04-08,PAB,2754,1336,1418,2551,203,ITH,ITH1,4,Provincia Autonoma Bolzano / Bozen,P.A. Bolzano,533050,170450,31.98,0.52
2629,2020-12-27,PAB,144,65,79,144,0,ITH,ITH1,4,Provincia Autonoma Bolzano / Bozen,P.A. Bolzano,533050,170594,32.0,0.03
2630,2021-01-06,PAB,59,18,41,59,0,ITH,ITH1,4,Provincia Autonoma Bolzano / Bozen,P.A. Bolzano,533050,170653,32.01,0.01
2631,2021-05-19,PAB,3561,1815,1746,1798,1763,ITH,ITH1,4,Provincia Autonoma Bolzano / Bozen,P.A. Bolzano,533050,174214,32.68,0.67
2632,2021-01-20,PAB,617,252,365,409,208,ITH,ITH1,4,Provincia Autonoma Bolzano / Bozen,P.A. Bolzano,533050,174831,32.8,0.12
2633,2021-03-11,PAB,1681,823,858,1143,538,ITH,ITH1,4,Provincia Autonoma Bolzano / Bozen,P.A. Bolzano,533050,176512,33.11,0.32
2634,2021-02-22,PAB,526,143,383,514,12,ITH,ITH1,4,Provincia Autonoma Bolzano / Bozen,P.A. Bolzano,533050,177038,33.21,0.1
2635,2021-01-03,PAB,41,16,25,41,0,ITH,ITH1,4,Provincia Autonoma Bolzano / Bozen,P.A. Bolzano,533050,177079,33.22,0.01
2636,2021-01-18,PAB,1772,687,1085,1767,5,ITH,ITH1,4,Provincia Autonoma Bolzano / Bozen,P.A. Bolzano,533050,178851,33.55,0.33
2637,2021-05-05,PAB,4154,1945,2209,2038,2116,ITH,ITH1,4,Provincia Autonoma Bolzano / Bozen,P.A. Bolzano,533050,183005,34.33,0.78
2638,2021-01-25,PAB,487,183,304,3,484,ITH,ITH1,4,Provincia Autonoma Bolzano / Bozen,P.A. Bolzano,533050,183492,34.42,0.09
2639,2021-03-23,PAB,1552,759,793,1551,1,ITH,ITH1,4,Provincia Autonoma Bolzano / Bozen,P.A. Bolzano,533050,185044,34.71,0.29
2640,2021-05-07,PAB,4180,2055,2125,3662,518,ITH,ITH1,4,Provincia Autonoma Bolzano / Bozen,P.A. Bolzano,533050,189224,35.5,0.78
2641,2021-04-01,PAB,2786,1407,1379,2642,144,ITH,ITH1,4,Provincia Autonoma Bolzano / Bozen,P.A. Bolzano,533050,192010,36.02,0.52
2642,2021-03-25,PAB,2141,1059,1082,1698,443,ITH,ITH1,4,Provincia Autonoma Bolzano / Bozen,P.A. Bolzano,533050,194151,36.42,0.4
2643,2021-01-27,PAB,84,28,56,1,83,ITH,ITH1,4,Provincia Autonoma Bolzano / Bozen,P.A. Bolzano,533050,194235,36.44,0.02
2644,2021-05-09,PAB,4233,2404,1829,3080,1153,ITH,ITH1,4,Provincia Autonoma Bolzano / Bozen,P.A. Bolzano,533050,198468,37.23,0.79
2645,2021-03-06,PAB,3969,2079,1890,3758,211,ITH,ITH1,4,Provincia Autonoma Bolzano / Bozen,P.A. Bolzano,533050,202437,37.98,0.74
2646,2021-05-11,PAB,2842,1334,1508,1320,1522,ITH,ITH1,4,Provincia Autonoma Bolzano / Bozen,P.A. Bolzano,533050,205279,38.51,0.53
2647,2021-01-29,PAB,1497,510,987,24,1473,ITH,ITH1,4,Provincia Autonoma Bolzano / Bozen,P.A. Bolzano,533050,206776,38.79,0.28
2648,2021-02-13,PAB,318,79,239,312,6,ITH,ITH1,4,Provincia Autonoma Bolzano / Bozen,P.A. Bolzano,533050,207094,38.85,0.06
2649,2021-04-11,PAB,2720,1291,1429,2543,177,ITH,ITH1,4,Provincia Autonoma Bolzano / Bozen,P.A. Bolzano,533050,209814,39.36,0.51
2650,2021-05-24,PAB,1442,761,681,1109,333,ITH,ITH1,4,Provincia Autonoma Bolzano / Bozen,P.A. Bolzano,533050,211256,39.63,0.27
2651,2021-01-01,PAB,6,5,1,6,0,ITH,ITH1,4,Provincia Autonoma Bolzano / Bozen,P.A. Bolzano,533050,211262,39.63,0.0
2652,2021-02-27,PAB,2458,759,1699,2448,10,ITH,ITH1,4,Provincia Autonoma Bolzano / Bozen,P.A. Bolzano,533050,213720,40.09,0.46
2653,2021-02-20,PAB,1802,540,1262,1784,18,ITH,ITH1,4,Provincia Autonoma Bolzano / Bozen,P.A. Bolzano,533050,215522,40.43,0.34
2654,2021-04-18,PAB,3110,1607,1503,2100,1010,ITH,ITH1,4,Provincia Autonoma Bolzano / Bozen,P.A. Bolzano,533050,218632,41.02,0.58
2655,2021-01-15,PAB,3282,1228,2054,3282,0,ITH,ITH1,4,Provincia Autonoma Bolzano / Bozen,P.A. Bolzano,533050,221914,41.63,0.62
2656,2021-01-08,PAB,1521,479,1042,1521,0,ITH,ITH1,4,Provincia Autonoma Bolzano / Bozen,P.A. Bolzano,533050,223435,41.92,0.29
2657,2021-02-24,PAB,1367,406,961,1355,12,ITH,ITH1,4,Provincia Autonoma Bolzano / Bozen,P.A. Bolzano,533050,224802,42.17,0.26
2658,2021-04-15,PAB,4399,2307,2092,4136,263,ITH,ITH1,4,Provincia Autonoma Bolzano / Bozen,P.A. Bolzano,533050,229201,43.0,0.83
2659,2021-05-26,PAB,4730,2384,2346,2807,1923,ITH,ITH1,4,Provincia Autonoma Bolzano / Bozen,P.A. Bolzano,533050,233931,43.89,0.89
2660,2021-02-15,PAB,72,42,30,26,46,ITH,ITH1,4,Provincia Autonoma Bolzano / Bozen,P.A. Bolzano,533050,234003,43.9,0.01
2661,2021-05-28,PAB,2045,998,1047,1222,823,ITH,ITH1,4,Provincia Autonoma Bolzano / Bozen,P.A. Bolzano,533050,236048,44.28,0.38
2662,2021-04-22,PAB,2923,1500,1423,1981,942,ITH,ITH1,4,Provincia Autonoma Bolzano / Bozen,P.A. Bolzano,533050,238971,44.83,0.55
2663,2021-02-17,PAB,156,51,105,139,17,ITH,ITH1,4,Provincia Autonoma Bolzano / Bozen,P.A. Bolzano,533050,239127,44.86,0.03
2664,2021-02-06,PAB,2626,1171,1455,19,2607,ITH,ITH1,4,Provincia Autonoma Bolzano / Bozen,P.A. Bolzano,533050,241753,45.35,0.49
2665,2021-03-28,PAB,569,212,357,11,558,ITH,ITH1,4,Provincia Autonoma Bolzano / Bozen,P.A. Bolzano,533050,242322,45.46,0.11
2666,2021-03-13,PAB,2885,1459,1426,2784,101,ITH,ITH1,4,Provincia Autonoma Bolzano / Bozen,P.A. Bolzano,533050,245207,46.0,0.54
2667,2021-05-02,PAB,2457,1288,1169,1536,921,ITH,ITH1,4,Provincia Autonoma Bolzano / Bozen,P.A. Bolzano,533050,247664,46.46,0.46
2668,2021-03-27,PAB,3049,1553,1496,1543,1506,ITH,ITH1,4,Provincia Autonoma Bolzano / Bozen,P.A. Bolzano,533050,250713,47.03,0.57
2669,2021-03-16,PAB,1290,532,758,124,1166,ITH,ITH1,4,Provincia Autonoma Bolzano / Bozen,P.A. Bolzano,533050,252003,47.28,0.24
2670,2021-05-14,PAB,5087,2290,2797,3071,2016,ITH,ITH1,4,Provincia Autonoma Bolzano / Bozen,P.A. Bolzano,533050,257090,48.23,0.95
2671,2021-02-01,PAB,1451,440,1011,12,1439,ITH,ITH1,4,Provincia Autonoma Bolzano / Bozen,P.A. Bolzano,533050,258541,48.5,0.27
2672,2021-05-23,PAB,4332,2302,2030,4324,8,ITH,ITH1,4,Provincia Autonoma Bolzano / Bozen,P.A. Bolzano,533050,262873,49.31,0.81
2673,2021-02-10,PAB,1635,604,1031,26,1609,ITH,ITH1,4,Provincia Autonoma Bolzano / Bozen,P.A. Bolzano,533050,264508,49.62,0.31
2674,2021-05-12,PAB,3776,2048,1728,3623,153,ITH,ITH1,4,Provincia Autonoma Bolzano / Bozen,P.A. Bolzano,533050,268284,50.33,0.71
2675,2021-03-09,PAB,1194,543,651,1192,2,ITH,ITH1,4,Provincia Autonoma Bolzano / Bozen,P.A. Bolzano,533050,269478,50.55,0.22
2676,2021-03-18,PAB,1302,531,771,226,1076,ITH,ITH1,4,Provincia Autonoma Bolzano / Bozen,P.A. Bolzano,533050,270780,50.8,0.24
2677,2021-02-03,PAB,1503,478,1025,5,1498,ITH,ITH1,4,Provincia Autonoma Bolzano / Bozen,P.A. Bolzano,533050,272283,51.08,0.28
2678,2021-05-21,PAB,6830,3729,3101,5056,1774,ITH,ITH1,4,Provincia Autonoma Bolzano / Bozen,P.A. Bolzano,533050,279113,52.36,1.28
2679,2021-05-16,PAB,2024,931,1093,1330,694,ITH,ITH1,4,Provincia Autonoma Bolzano / Bozen,P.A. Bolzano,533050,281137,52.74,0.38
2680,2021-04-16,PAB,2949,1418,1531,2438,511,ITH,ITH1,4,Provincia Autonoma Bolzano / Bozen,P.A. Bolzano,533050,284086,53.29,0.55
2681,2021-02-25,PAB,1498,549,949,1497,1,ITH,ITH1,4,Provincia Autonoma Bolzano / Bozen,P.A. Bolzano,533050,285584,53.58,0.28
2682,2021-03-30,PAB,1298,532,766,218,1080,ITH,ITH1,4,Provincia Autonoma Bolzano / Bozen,P.A. Bolzano,533050,286882,53.82,0.24
2683,2021-02-08,PAB,2,1,1,1,1,ITH,ITH1,4,Provincia Autonoma Bolzano / Bozen,P.A. Bolzano,533050,286884,53.82,0.0
2684,2021-04-13,PAB,2391,1130,1261,2384,7,ITH,ITH1,4,Provincia Autonoma Bolzano / Bozen,P.A. Bolzano,533050,289275,54.27,0.45
2685,2021-04-20,PAB,1560,783,777,1559,1,ITH,ITH1,4,Provincia Autonoma Bolzano / Bozen,P.A. Bolzano,533050,290835,54.56,0.29
2686,2021-03-01,PAB,922,221,701,921,1,ITH,ITH1,4,Provincia Autonoma Bolzano / Bozen,P.A. Bolzano,533050,291757,54.73,0.17
2687,2021-01-17,PAB,2328,1044,1284,2317,11,ITH,ITH1,4,Provincia Autonoma Bolzano / Bozen,P.A. Bolzano,533050,294085,55.17,0.44
2688,2021-05-04,PAB,3447,1843,1604,2410,1037,ITH,ITH1,4,Provincia Autonoma Bolzano / Bozen,P.A. Bolzano,533050,297532,55.82,0.65
2689,2021-04-03,PAB,831,364,467,22,809,ITH,ITH1,4,Provincia Autonoma Bolzano / Bozen,P.A. Bolzano,533050,298363,55.97,0.16
2690,2021-02-05,PAB,3195,1181,2014,8,3187,ITH,ITH1,4,Provincia Autonoma Bolzano / Bozen,P.A. Bolzano,533050,301558,56.57,0.6
2691,2021-01-22,PAB,248,143,105,124,124,ITH,ITH1,4,Provincia Autonoma Bolzano / Bozen,P.A. Bolzano,533050,301806,56.62,0.05
2692,2021-04-15,VDA,810,377,433,671,139,ITC,ITC2,2,Valle d'Aosta / Vallée d'Aoste,Valle d'Aosta,125666,810,0.64,0.64
2693,2021-03-29,VDA,493,233,260,453,40,ITC,ITC2,2,Valle d'Aosta / Vallée d'Aoste,Valle d'Aosta,125666,1303,1.04,0.39
2694,2021-03-12,VDA,531,175,356,305,226,ITC,ITC2,2,Valle d'Aosta / Vallée d'Aoste,Valle d'Aosta,125666,1834,1.46,0.42
2695,2021-02-22,VDA,316,94,222,213,103,ITC,ITC2,2,Valle d'Aosta / Vallée d'Aoste,Valle d'Aosta,125666,2150,1.71,0.25
2696,2021-04-29,VDA,1291,634,657,757,534,ITC,ITC2,2,Valle d'Aosta / Vallée d'Aoste,Valle d'Aosta,125666,3441,2.74,1.03
2697,2021-01-19,VDA,256,77,179,256,0,ITC,ITC2,2,Valle d'Aosta / Vallée d'Aoste,Valle d'Aosta,125666,3697,2.94,0.2
2698,2021-04-14,VDA,941,430,511,717,224,ITC,ITC2,2,Valle d'Aosta / Vallée d'Aoste,Valle d'Aosta,125666,4638,3.69,0.75
2699,2021-04-27,VDA,978,423,555,686,292,ITC,ITC2,2,Valle d'Aosta / Vallée d'Aoste,Valle d'Aosta,125666,5616,4.47,0.78
2700,2021-03-08,VDA,482,231,251,237,245,ITC,ITC2,2,Valle d'Aosta / Vallée d'Aoste,Valle d'Aosta,125666,6098,4.85,0.38
2701,2021-05-11,VDA,645,325,320,494,151,ITC,ITC2,2,Valle d'Aosta / Vallée d'Aoste,Valle d'Aosta,125666,6743,5.37,0.51
2702,2021-04-13,VDA,373,171,202,329,44,ITC,ITC2,2,Valle d'Aosta / Vallée d'Aoste,Valle d'Aosta,125666,7116,5.66,0.3
2703,2021-03-27,VDA,333,164,169,302,31,ITC,ITC2,2,Valle d'Aosta / Vallée d'Aoste,Valle d'Aosta,125666,7449,5.93,0.26
2704,2021-03-10,VDA,438,183,255,225,213,ITC,ITC2,2,Valle d'Aosta / Vallée d'Aoste,Valle d'Aosta,125666,7887,6.28,0.35
2705,2021-02-21,VDA,18,3,15,0,18,ITC,ITC2,2,Valle d'Aosta / Vallée d'Aoste,Valle d'Aosta,125666,7905,6.29,0.01
2706,2021-04-20,VDA,932,430,502,738,194,ITC,ITC2,2,Valle d'Aosta / Vallée d'Aoste,Valle d'Aosta,125666,8837,7.03,0.74
2707,2021-02-15,VDA,264,136,128,229,35,ITC,ITC2,2,Valle d'Aosta / Vallée d'Aoste,Valle d'Aosta,125666,9101,7.24,0.21
2708,2021-02-14,VDA,48,16,32,1,47,ITC,ITC2,2,Valle d'Aosta / Vallée d'Aoste,Valle d'Aosta,125666,9149,7.28,0.04
2709,2021-05-06,VDA,1063,509,554,679,384,ITC,ITC2,2,Valle d'Aosta / Vallée d'Aoste,Valle d'Aosta,125666,10212,8.13,0.85
2710,2021-03-31,VDA,555,302,253,529,26,ITC,ITC2,2,Valle d'Aosta / Vallée d'Aoste,Valle d'Aosta,125666,10767,8.57,0.44
2711,2021-05-27,VDA,1089,497,592,586,503,ITC,ITC2,2,Valle d'Aosta / Vallée d'Aoste,Valle d'Aosta,125666,11856,9.43,0.87
2712,2021-05-13,VDA,1139,556,583,540,599,ITC,ITC2,2,Valle d'Aosta / Vallée d'Aoste,Valle d'Aosta,125666,12995,10.34,0.91
2713,2021-02-02,VDA,272,70,202,2,270,ITC,ITC2,2,Valle d'Aosta / Vallée d'Aoste,Valle d'Aosta,125666,13267,10.56,0.22
2714,2021-05-20,VDA,807,363,444,367,440,ITC,ITC2,2,Valle d'Aosta / Vallée d'Aoste,Valle d'Aosta,125666,14074,11.2,0.64
2715,2021-02-03,VDA,351,114,237,14,337,ITC,ITC2,2,Valle d'Aosta / Vallée d'Aoste,Valle d'Aosta,125666,14425,11.48,0.28
2716,2021-04-01,VDA,776,394,382,764,12,ITC,ITC2,2,Valle d'Aosta / Vallée d'Aoste,Valle d'Aosta,125666,15201,12.1,0.62
2717,2021-04-08,VDA,584,282,302,441,143,ITC,ITC2,2,Valle d'Aosta / Vallée d'Aoste,Valle d'Aosta,125666,15785,12.56,0.46
2718,2021-02-24,VDA,183,82,101,164,19,ITC,ITC2,2,Valle d'Aosta / Vallée d'Aoste,Valle d'Aosta,125666,15968,12.71,0.15
2719,2021-05-21,VDA,917,433,484,531,386,ITC,ITC2,2,Valle d'Aosta / Vallée d'Aoste,Valle d'Aosta,125666,16885,13.44,0.73
2720,2021-02-17,VDA,327,144,183,227,100,ITC,ITC2,2,Valle d'Aosta / Vallée d'Aoste,Valle d'Aosta,125666,17212,13.7,0.26
2721,2021-04-17,VDA,638,407,231,636,2,ITC,ITC2,2,Valle d'Aosta / Vallée d'Aoste,Valle d'Aosta,125666,17850,14.2,0.51
2722,2021-01-05,VDA,150,54,96,150,0,ITC,ITC2,2,Valle d'Aosta / Vallée d'Aoste,Valle d'Aosta,125666,18000,14.32,0.12
2723,2021-01-14,VDA,237,69,168,237,0,ITC,ITC2,2,Valle d'Aosta / Vallée d'Aoste,Valle d'Aosta,125666,18237,14.51,0.19
2724,2021-05-16,VDA,688,341,347,347,341,ITC,ITC2,2,Valle d'Aosta / Vallée d'Aoste,Valle d'Aosta,125666,18925,15.06,0.55
2725,2021-02-05,VDA,294,102,192,101,193,ITC,ITC2,2,Valle d'Aosta / Vallée d'Aoste,Valle d'Aosta,125666,19219,15.29,0.23
2726,2021-05-18,VDA,969,484,485,353,616,ITC,ITC2,2,Valle d'Aosta / Vallée d'Aoste,Valle d'Aosta,125666,20188,16.06,0.77
2727,2021-04-12,VDA,486,186,300,323,163,ITC,ITC2,2,Valle d'Aosta / Vallée d'Aoste,Valle d'Aosta,125666,20674,16.45,0.39
2728,2021-02-07,VDA,292,120,172,190,102,ITC,ITC2,2,Valle d'Aosta / Vallée d'Aoste,Valle d'Aosta,125666,20966,16.68,0.23
2729,2021-01-27,VDA,151,71,80,79,72,ITC,ITC2,2,Valle d'Aosta / Vallée d'Aoste,Valle d'Aosta,125666,21117,16.8,0.12
2730,2020-12-27,VDA,20,9,11,20,0,ITC,ITC2,2,Valle d'Aosta / Vallée d'Aoste,Valle d'Aosta,125666,21137,16.82,0.02
2731,2021-03-01,VDA,181,66,115,147,34,ITC,ITC2,2,Valle d'Aosta / Vallée d'Aoste,Valle d'Aosta,125666,21318,16.96,0.14
2732,2021-01-10,VDA,220,71,149,220,0,ITC,ITC2,2,Valle d'Aosta / Vallée d'Aoste,Valle d'Aosta,125666,21538,17.14,0.18
2733,2021-05-25,VDA,1115,530,585,541,574,ITC,ITC2,2,Valle d'Aosta / Vallée d'Aoste,Valle d'Aosta,125666,22653,18.03,0.89
2734,2021-05-08,VDA,904,540,364,526,378,ITC,ITC2,2,Valle d'Aosta / Vallée d'Aoste,Valle d'Aosta,125666,23557,18.75,0.72
2735,2021-04-05,VDA,461,222,239,457,4,ITC,ITC2,2,Valle d'Aosta / Vallée d'Aoste,Valle d'Aosta,125666,24018,19.11,0.37
2736,2021-05-02,VDA,765,345,420,605,160,ITC,ITC2,2,Valle d'Aosta / Vallée d'Aoste,Valle d'Aosta,125666,24783,19.72,0.61
2737,2021-01-08,VDA,299,130,169,299,0,ITC,ITC2,2,Valle d'Aosta / Vallée d'Aoste,Valle d'Aosta,125666,25082,19.96,0.24
2738,2021-03-06,VDA,22,4,18,22,0,ITC,ITC2,2,Valle d'Aosta / Vallée d'Aoste,Valle d'Aosta,125666,25104,19.98,0.02
2739,2021-03-13,VDA,145,86,59,145,0,ITC,ITC2,2,Valle d'Aosta / Vallée d'Aoste,Valle d'Aosta,125666,25249,20.09,0.12
2740,2021-01-15,VDA,218,82,136,218,0,ITC,ITC2,2,Valle d'Aosta / Vallée d'Aoste,Valle d'Aosta,125666,25467,20.27,0.17
2741,2021-01-22,VDA,56,21,35,20,36,ITC,ITC2,2,Valle d'Aosta / Vallée d'Aoste,Valle d'Aosta,125666,25523,20.31,0.04
2742,2021-05-04,VDA,1135,510,625,462,673,ITC,ITC2,2,Valle d'Aosta / Vallée d'Aoste,Valle d'Aosta,125666,26658,21.21,0.9
2743,2021-03-15,VDA,362,123,239,159,203,ITC,ITC2,2,Valle d'Aosta / Vallée d'Aoste,Valle d'Aosta,125666,27020,21.5,0.29
2744,2021-01-17,VDA,131,56,75,131,0,ITC,ITC2,2,Valle d'Aosta / Vallée d'Aoste,Valle d'Aosta,125666,27151,21.61,0.1
2745,2021-01-31,VDA,291,91,200,58,233,ITC,ITC2,2,Valle d'Aosta / Vallée d'Aoste,Valle d'Aosta,125666,27442,21.84,0.23
2746,2021-03-22,VDA,560,205,355,333,227,ITC,ITC2,2,Valle d'Aosta / Vallée d'Aoste,Valle d'Aosta,125666,28002,22.28,0.45
2747,2021-04-22,VDA,1067,449,618,684,383,ITC,ITC2,2,Valle d'Aosta / Vallée d'Aoste,Valle d'Aosta,125666,29069,23.13,0.85
2748,2021-03-03,VDA,255,118,137,186,69,ITC,ITC2,2,Valle d'Aosta / Vallée d'Aoste,Valle d'Aosta,125666,29324,23.33,0.2
2749,2021-01-12,VDA,302,72,230,302,0,ITC,ITC2,2,Valle d'Aosta / Vallée d'Aoste,Valle d'Aosta,125666,29626,23.58,0.24
2750,2021-03-17,VDA,433,185,248,273,160,ITC,ITC2,2,Valle d'Aosta / Vallée d'Aoste,Valle d'Aosta,125666,30059,23.92,0.34
2751,2021-01-26,VDA,139,48,91,0,139,ITC,ITC2,2,Valle d'Aosta / Vallée d'Aoste,Valle d'Aosta,125666,30198,24.03,0.11
2752,2021-04-10,VDA,404,190,214,399,5,ITC,ITC2,2,Valle d'Aosta / Vallée d'Aoste,Valle d'Aosta,125666,30602,24.35,0.32
2753,2021-02-26,VDA,207,58,149,122,85,ITC,ITC2,2,Valle d'Aosta / Vallée d'Aoste,Valle d'Aosta,125666,30809,24.52,0.16
2754,2020-12-31,VDA,18,4,14,18,0,ITC,ITC2,2,Valle d'Aosta / Vallée d'Aoste,Valle d'Aosta,125666,30827,24.53,0.01
2755,2021-03-05,VDA,275,124,151,53,222,ITC,ITC2,2,Valle d'Aosta / Vallée d'Aoste,Valle d'Aosta,125666,31102,24.75,0.22
2756,2021-03-20,VDA,208,86,122,172,36,ITC,ITC2,2,Valle d'Aosta / Vallée d'Aoste,Valle d'Aosta,125666,31310,24.92,0.17
2757,2021-05-09,VDA,574,287,287,444,130,ITC,ITC2,2,Valle d'Aosta / Vallée d'Aoste,Valle d'Aosta,125666,31884,25.37,0.46
2758,2021-04-03,VDA,676,341,335,661,15,ITC,ITC2,2,Valle d'Aosta / Vallée d'Aoste,Valle d'Aosta,125666,32560,25.91,0.54
2759,2021-05-23,VDA,999,465,534,658,341,ITC,ITC2,2,Valle d'Aosta / Vallée d'Aoste,Valle d'Aosta,125666,33559,26.7,0.79
2760,2021-01-29,VDA,318,138,180,2,316,ITC,ITC2,2,Valle d'Aosta / Vallée d'Aoste,Valle d'Aosta,125666,33877,26.96,0.25
2761,2021-02-12,VDA,263,96,167,217,46,ITC,ITC2,2,Valle d'Aosta / Vallée d'Aoste,Valle d'Aosta,125666,34140,27.17,0.21
2762,2021-05-28,VDA,351,166,185,32,319,ITC,ITC2,2,Valle d'Aosta / Vallée d'Aoste,Valle d'Aosta,125666,34491,27.45,0.28
2763,2021-03-25,VDA,389,154,235,379,10,ITC,ITC2,2,Valle d'Aosta / Vallée d'Aoste,Valle d'Aosta,125666,34880,27.76,0.31
2764,2021-02-10,VDA,248,77,171,141,107,ITC,ITC2,2,Valle d'Aosta / Vallée d'Aoste,Valle d'Aosta,125666,35128,27.95,0.2
2765,2021-02-19,VDA,292,102,190,268,24,ITC,ITC2,2,Valle d'Aosta / Vallée d'Aoste,Valle d'Aosta,125666,35420,28.19,0.23
2766,2021-01-07,VDA,275,111,164,275,0,ITC,ITC2,2,Valle d'Aosta / Vallée d'Aoste,Valle d'Aosta,125666,35695,28.4,0.22
2767,2021-04-24,VDA,722,400,322,555,167,ITC,ITC2,2,Valle d'Aosta / Vallée d'Aoste,Valle d'Aosta,125666,36417,28.98,0.57
2768,2021-04-19,VDA,751,325,426,542,209,ITC,ITC2,2,Valle d'Aosta / Vallée d'Aoste,Valle d'Aosta,125666,37168,29.58,0.6
2769,2021-05-15,VDA,1065,614,451,380,685,ITC,ITC2,2,Valle d'Aosta / Vallée d'Aoste,Valle d'Aosta,125666,38233,30.42,0.85
2770,2021-02-23,VDA,216,123,93,216,0,ITC,ITC2,2,Valle d'Aosta / Vallée d'Aoste,Valle d'Aosta,125666,38449,30.6,0.17
2771,2021-04-28,VDA,1218,632,586,715,503,ITC,ITC2,2,Valle d'Aosta / Vallée d'Aoste,Valle d'Aosta,125666,39667,31.57,0.97
2772,2021-02-06,VDA,289,104,185,92,197,ITC,ITC2,2,Valle d'Aosta / Vallée d'Aoste,Valle d'Aosta,125666,39956,31.8,0.23
2773,2021-04-11,VDA,479,208,271,479,0,ITC,ITC2,2,Valle d'Aosta / Vallée d'Aoste,Valle d'Aosta,125666,40435,32.18,0.38
2774,2021-01-20,VDA,23,8,15,23,0,ITC,ITC2,2,Valle d'Aosta / Vallée d'Aoste,Valle d'Aosta,125666,40458,32.19,0.02
2775,2021-02-11,VDA,231,107,124,222,9,ITC,ITC2,2,Valle d'Aosta / Vallée d'Aoste,Valle d'Aosta,125666,40689,32.38,0.18
2776,2021-04-16,VDA,599,261,338,597,2,ITC,ITC2,2,Valle d'Aosta / Vallée d'Aoste,Valle d'Aosta,125666,41288,32.86,0.48
2777,2021-04-02,VDA,873,344,529,648,225,ITC,ITC2,2,Valle d'Aosta / Vallée d'Aoste,Valle d'Aosta,125666,42161,33.55,0.69
2778,2021-02-18,VDA,349,153,196,261,88,ITC,ITC2,2,Valle d'Aosta / Vallée d'Aoste,Valle d'Aosta,125666,42510,33.83,0.28
2779,2021-05-17,VDA,809,417,392,375,434,ITC,ITC2,2,Valle d'Aosta / Vallée d'Aoste,Valle d'Aosta,125666,43319,34.47,0.64
2780,2021-02-04,VDA,294,86,208,8,286,ITC,ITC2,2,Valle d'Aosta / Vallée d'Aoste,Valle d'Aosta,125666,43613,34.71,0.23
2781,2021-04-30,VDA,831,355,476,485,346,ITC,ITC2,2,Valle d'Aosta / Vallée d'Aoste,Valle d'Aosta,125666,44444,35.37,0.66
2782,2021-01-18,VDA,213,74,139,213,0,ITC,ITC2,2,Valle d'Aosta / Vallée d'Aoste,Valle d'Aosta,125666,44657,35.54,0.17
2783,2021-01-28,VDA,290,123,167,56,234,ITC,ITC2,2,Valle d'Aosta / Vallée d'Aoste,Valle d'Aosta,125666,44947,35.77,0.23
2784,2021-04-23,VDA,921,443,478,538,383,ITC,ITC2,2,Valle d'Aosta / Vallée d'Aoste,Valle d'Aosta,125666,45868,36.5,0.73
2785,2021-03-04,VDA,291,139,152,42,249,ITC,ITC2,2,Valle d'Aosta / Vallée d'Aoste,Valle d'Aosta,125666,46159,36.73,0.23
2786,2021-05-07,VDA,564,245,319,533,31,ITC,ITC2,2,Valle d'Aosta / Vallée d'Aoste,Valle d'Aosta,125666,46723,37.18,0.45
2787,2021-04-06,VDA,741,381,360,629,112,ITC,ITC2,2,Valle d'Aosta / Vallée d'Aoste,Valle d'Aosta,125666,47464,37.77,0.59
2788,2021-03-24,VDA,515,230,285,258,257,ITC,ITC2,2,Valle d'Aosta / Vallée d'Aoste,Valle d'Aosta,125666,47979,38.18,0.41
2789,2021-02-16,VDA,325,53,272,320,5,ITC,ITC2,2,Valle d'Aosta / Vallée d'Aoste,Valle d'Aosta,125666,48304,38.44,0.26
2790,2021-04-07,VDA,910,474,436,681,229,ITC,ITC2,2,Valle d'Aosta / Vallée d'Aoste,Valle d'Aosta,125666,49214,39.16,0.72
2791,2021-02-09,VDA,251,84,167,68,183,ITC,ITC2,2,Valle d'Aosta / Vallée d'Aoste,Valle d'Aosta,125666,49465,39.36,0.2
2792,2021-05-05,VDA,1038,566,472,456,582,ITC,ITC2,2,Valle d'Aosta / Vallée d'Aoste,Valle d'Aosta,125666,50503,40.19,0.83
2793,2021-01-25,VDA,147,65,82,0,147,ITC,ITC2,2,Valle d'Aosta / Vallée d'Aoste,Valle d'Aosta,125666,50650,40.31,0.12
2794,2021-05-12,VDA,1137,549,588,467,670,ITC,ITC2,2,Valle d'Aosta / Vallée d'Aoste,Valle d'Aosta,125666,51787,41.21,0.9
2795,2021-05-01,VDA,938,562,376,454,484,ITC,ITC2,2,Valle d'Aosta / Vallée d'Aoste,Valle d'Aosta,125666,52725,41.96,0.75
2796,2021-01-02,VDA,6,5,1,6,0,ITC,ITC2,2,Valle d'Aosta / Vallée d'Aoste,Valle d'Aosta,125666,52731,41.96,0.0
2797,2021-03-26,VDA,498,204,294,491,7,ITC,ITC2,2,Valle d'Aosta / Vallée d'Aoste,Valle d'Aosta,125666,53229,42.36,0.4
2798,2021-01-21,VDA,33,12,21,33,0,ITC,ITC2,2,Valle d'Aosta / Vallée d'Aoste,Valle d'Aosta,125666,53262,42.38,0.03
2799,2021-03-28,VDA,522,212,310,521,1,ITC,ITC2,2,Valle d'Aosta / Vallée d'Aoste,Valle d'Aosta,125666,53784,42.8,0.42
2800,2021-02-20,VDA,251,210,41,241,10,ITC,ITC2,2,Valle d'Aosta / Vallée d'Aoste,Valle d'Aosta,125666,54035,43.0,0.2
2801,2021-04-18,VDA,522,254,268,518,4,ITC,ITC2,2,Valle d'Aosta / Vallée d'Aoste,Valle d'Aosta,125666,54557,43.41,0.42
2802,2021-04-25,VDA,849,408,441,710,139,ITC,ITC2,2,Valle d'Aosta / Vallée d'Aoste,Valle d'Aosta,125666,55406,44.09,0.68
2803,2021-04-21,VDA,868,410,458,620,248,ITC,ITC2,2,Valle d'Aosta / Vallée d'Aoste,Valle d'Aosta,125666,56274,44.78,0.69
2804,2021-03-02,VDA,339,166,173,336,3,ITC,ITC2,2,Valle d'Aosta / Vallée d'Aoste,Valle d'Aosta,125666,56613,45.05,0.27
2805,2021-01-11,VDA,325,112,213,325,0,ITC,ITC2,2,Valle d'Aosta / Vallée d'Aoste,Valle d'Aosta,125666,56938,45.31,0.26
2806,2021-01-04,VDA,142,59,83,142,0,ITC,ITC2,2,Valle d'Aosta / Vallée d'Aoste,Valle d'Aosta,125666,57080,45.42,0.11
2807,2021-03-09,VDA,206,96,110,174,32,ITC,ITC2,2,Valle d'Aosta / Vallée d'Aoste,Valle d'Aosta,125666,57286,45.59,0.16
2808,2021-03-11,VDA,197,76,121,66,131,ITC,ITC2,2,Valle d'Aosta / Vallée d'Aoste,Valle d'Aosta,125666,57483,45.74,0.16
2809,2021-05-24,VDA,1135,516,619,688,447,ITC,ITC2,2,Valle d'Aosta / Vallée d'Aoste,Valle d'Aosta,125666,58618,46.65,0.9
2810,2021-05-10,VDA,782,381,401,547,235,ITC,ITC2,2,Valle d'Aosta / Vallée d'Aoste,Valle d'Aosta,125666,59400,47.27,0.62
2811,2021-03-21,VDA,355,165,190,355,0,ITC,ITC2,2,Valle d'Aosta / Vallée d'Aoste,Valle d'Aosta,125666,59755,47.55,0.28
2812,2021-04-04,VDA,572,253,319,571,1,ITC,ITC2,2,Valle d'Aosta / Vallée d'Aoste,Valle d'Aosta,125666,60327,48.01,0.46
2813,2021-02-13,VDA,216,196,20,215,1,ITC,ITC2,2,Valle d'Aosta / Vallée d'Aoste,Valle d'Aosta,125666,60543,48.18,0.17
2814,2021-01-16,VDA,236,80,156,236,0,ITC,ITC2,2,Valle d'Aosta / Vallée d'Aoste,Valle d'Aosta,125666,60779,48.37,0.19
2815,2021-05-19,VDA,993,498,495,418,575,ITC,ITC2,2,Valle d'Aosta / Vallée d'Aoste,Valle d'Aosta,125666,61772,49.16,0.79
2816,2021-03-16,VDA,180,37,143,118,62,ITC,ITC2,2,Valle d'Aosta / Vallée d'Aoste,Valle d'Aosta,125666,61952,49.3,0.14
2817,2021-04-26,VDA,715,327,388,545,170,ITC,ITC2,2,Valle d'Aosta / Vallée d'Aoste,Valle d'Aosta,125666,62667,49.87,0.57
2818,2021-01-09,VDA,443,199,244,443,0,ITC,ITC2,2,Valle d'Aosta / Vallée d'Aoste,Valle d'Aosta,125666,63110,50.22,0.35
2819,2021-03-14,VDA,392,200,192,392,0,ITC,ITC2,2,Valle d'Aosta / Vallée d'Aoste,Valle d'Aosta,125666,63502,50.53,0.31
2820,2021-03-23,VDA,379,150,229,245,134,ITC,ITC2,2,Valle d'Aosta / Vallée d'Aoste,Valle d'Aosta,125666,63881,50.83,0.3
2821,2021-02-08,VDA,223,83,140,25,198,ITC,ITC2,2,Valle d'Aosta / Vallée d'Aoste,Valle d'Aosta,125666,64104,51.01,0.18
2822,2021-03-19,VDA,322,85,237,286,36,ITC,ITC2,2,Valle d'Aosta / Vallée d'Aoste,Valle d'Aosta,125666,64426,51.27,0.26
2823,2021-01-13,VDA,337,110,227,337,0,ITC,ITC2,2,Valle d'Aosta / Vallée d'Aoste,Valle d'Aosta,125666,64763,51.54,0.27
2824,2021-03-18,VDA,136,43,93,99,37,ITC,ITC2,2,Valle d'Aosta / Vallée d'Aoste,Valle d'Aosta,125666,64899,51.64,0.11
2825,2021-05-26,VDA,1208,586,622,575,633,ITC,ITC2,2,Valle d'Aosta / Vallée d'Aoste,Valle d'Aosta,125666,66107,52.61,0.96
2826,2021-05-22,VDA,940,494,446,540,400,ITC,ITC2,2,Valle d'Aosta / Vallée d'Aoste,Valle d'Aosta,125666,67047,53.35,0.75
2827,2021-04-09,VDA,237,111,126,204,33,ITC,ITC2,2,Valle d'Aosta / Vallée d'Aoste,Valle d'Aosta,125666,67284,53.54,0.19
2828,2021-02-25,VDA,201,101,100,194,7,ITC,ITC2,2,Valle d'Aosta / Vallée d'Aoste,Valle d'Aosta,125666,67485,53.7,0.16
2829,2021-01-06,VDA,65,33,32,65,0,ITC,ITC2,2,Valle d'Aosta / Vallée d'Aoste,Valle d'Aosta,125666,67550,53.75,0.05
2830,2021-02-28,VDA,260,86,174,77,183,ITC,ITC2,2,Valle d'Aosta / Vallée d'Aoste,Valle d'Aosta,125666,67810,53.96,0.21
2831,2021-05-03,VDA,839,400,439,488,351,ITC,ITC2,2,Valle d'Aosta / Vallée d'Aoste,Valle d'Aosta,125666,68649,54.63,0.67
2832,2021-03-07,VDA,64,30,34,11,53,ITC,ITC2,2,Valle d'Aosta / Vallée d'Aoste,Valle d'Aosta,125666,68713,54.68,0.05
2833,2021-01-30,VDA,439,202,237,14,425,ITC,ITC2,2,Valle d'Aosta / Vallée d'Aoste,Valle d'Aosta,125666,69152,55.03,0.35
2834,2021-05-14,VDA,960,442,518,291,669,ITC,ITC2,2,Valle d'Aosta / Vallée d'Aoste,Valle d'Aosta,125666,70112,55.79,0.76
2835,2021-02-01,VDA,404,127,277,87,317,ITC,ITC2,2,Valle d'Aosta / Vallée d'Aoste,Valle d'Aosta,125666,70516,56.11,0.32
2836,2021-03-30,VDA,402,223,179,382,20,ITC,ITC2,2,Valle d'Aosta / Vallée d'Aoste,Valle d'Aosta,125666,70918,56.43,0.32
2837,2021-02-27,VDA,231,85,146,124,107,ITC,ITC2,2,Valle d'Aosta / Vallée d'Aoste,Valle d'Aosta,125666,71149,56.62,0.18
2838,2021-03-02,PAT,1304,440,864,928,376,ITH,ITH2,4,Provincia Autonoma Trento,P.A. Trento,541380,1304,0.24,0.24
2839,2021-02-13,PAT,537,333,204,172,365,ITH,ITH2,4,Provincia Autonoma Trento,P.A. Trento,541380,1841,0.34,0.1
2840,2021-05-26,PAT,3598,1686,1912,1025,2573,ITH,ITH2,4,Provincia Autonoma Trento,P.A. Trento,541380,5439,1.0,0.66
2841,2021-01-27,PAT,802,277,525,91,711,ITH,ITH2,4,Provincia Autonoma Trento,P.A. Trento,541380,6241,1.15,0.15
2842,2021-05-09,PAT,2322,1210,1112,1978,344,ITH,ITH2,4,Provincia Autonoma Trento,P.A. Trento,541380,8563,1.58,0.43
2843,2021-01-28,PAT,530,147,383,48,482,ITH,ITH2,4,Provincia Autonoma Trento,P.A. Trento,541380,9093,1.68,0.1
2844,2021-04-23,PAT,3599,1749,1850,3545,54,ITH,ITH2,4,Provincia Autonoma Trento,P.A. Trento,541380,12692,2.34,0.66
2845,2021-01-13,PAT,421,123,298,421,0,ITH,ITH2,4,Provincia Autonoma Trento,P.A. Trento,541380,13113,2.42,0.08
2846,2021-03-18,PAT,2318,957,1361,1238,1080,ITH,ITH2,4,Provincia Autonoma Trento,P.A. Trento,541380,15431,2.85,0.43
2847,2021-03-20,PAT,872,402,470,670,202,ITH,ITH2,4,Provincia Autonoma Trento,P.A. Trento,541380,16303,3.01,0.16
2848,2021-04-18,PAT,1854,844,1010,1845,9,ITH,ITH2,4,Provincia Autonoma Trento,P.A. Trento,541380,18157,3.35,0.34
2849,2021-03-06,PAT,783,277,506,632,151,ITH,ITH2,4,Provincia Autonoma Trento,P.A. Trento,541380,18940,3.5,0.14
2850,2021-01-01,PAT,213,50,163,213,0,ITH,ITH2,4,Provincia Autonoma Trento,P.A. Trento,541380,19153,3.54,0.04
2851,2021-03-21,PAT,129,69,60,129,0,ITH,ITH2,4,Provincia Autonoma Trento,P.A. Trento,541380,19282,3.56,0.02
2852,2021-05-24,PAT,4355,2002,2353,1325,3030,ITH,ITH2,4,Provincia Autonoma Trento,P.A. Trento,541380,23637,4.37,0.8
2853,2021-03-04,PAT,2358,793,1565,1580,778,ITH,ITH2,4,Provincia Autonoma Trento,P.A. Trento,541380,25995,4.8,0.44
2854,2021-05-07,PAT,5984,3077,2907,5147,837,ITH,ITH2,4,Provincia Autonoma Trento,P.A. Trento,541380,31979,5.91,1.11
2855,2021-04-20,PAT,2872,1372,1500,2836,36,ITH,ITH2,4,Provincia Autonoma Trento,P.A. Trento,541380,34851,6.44,0.53
2856,2021-02-15,PAT,533,187,346,419,114,ITH,ITH2,4,Provincia Autonoma Trento,P.A. Trento,541380,35384,6.54,0.1
2857,2021-05-17,PAT,4292,2121,2171,3942,350,ITH,ITH2,4,Provincia Autonoma Trento,P.A. Trento,541380,39676,7.33,0.79
2858,2021-04-14,PAT,3115,1464,1651,2379,736,ITH,ITH2,4,Provincia Autonoma Trento,P.A. Trento,541380,42791,7.9,0.58
2859,2021-03-28,PAT,748,292,456,745,3,ITH,ITH2,4,Provincia Autonoma Trento,P.A. Trento,541380,43539,8.04,0.14
2860,2021-01-18,PAT,643,154,489,588,55,ITH,ITH2,4,Provincia Autonoma Trento,P.A. Trento,541380,44182,8.16,0.12
2861,2021-05-22,PAT,3236,1588,1648,919,2317,ITH,ITH2,4,Provincia Autonoma Trento,P.A. Trento,541380,47418,8.76,0.6
2862,2021-04-02,PAT,2801,1146,1655,2126,675,ITH,ITH2,4,Provincia Autonoma Trento,P.A. Trento,541380,50219,9.28,0.52
2863,2021-04-09,PAT,2706,1144,1562,1507,1199,ITH,ITH2,4,Provincia Autonoma Trento,P.A. Trento,541380,52925,9.78,0.5
2864,2021-02-11,PAT,1132,365,767,796,336,ITH,ITH2,4,Provincia Autonoma Trento,P.A. Trento,541380,54057,9.99,0.21
2865,2021-02-25,PAT,1641,643,998,1200,441,ITH,ITH2,4,Provincia Autonoma Trento,P.A. Trento,541380,55698,10.29,0.3
2866,2020-12-30,PAT,7,3,4,7,0,ITH,ITH2,4,Provincia Autonoma Trento,P.A. Trento,541380,55705,10.29,0.0
2867,2021-04-16,PAT,2836,1344,1492,2691,145,ITH,ITH2,4,Provincia Autonoma Trento,P.A. Trento,541380,58541,10.81,0.52
2868,2021-02-18,PAT,1205,426,779,1143,62,ITH,ITH2,4,Provincia Autonoma Trento,P.A. Trento,541380,59746,11.04,0.22
2869,2021-01-06,PAT,42,13,29,42,0,ITH,ITH2,4,Provincia Autonoma Trento,P.A. Trento,541380,59788,11.04,0.01
2870,2021-05-14,PAT,5285,2528,2757,3926,1359,ITH,ITH2,4,Provincia Autonoma Trento,P.A. Trento,541380,65073,12.02,0.98
2871,2021-05-21,PAT,5016,2407,2609,3325,1691,ITH,ITH2,4,Provincia Autonoma Trento,P.A. Trento,541380,70089,12.95,0.93
2872,2021-05-03,PAT,4234,2178,2056,4081,153,ITH,ITH2,4,Provincia Autonoma Trento,P.A. Trento,541380,74323,13.73,0.78
2873,2021-01-16,PAT,319,148,171,319,0,ITH,ITH2,4,Provincia Autonoma Trento,P.A. Trento,541380,74642,13.79,0.06
2874,2021-04-28,PAT,4241,1972,2269,4103,138,ITH,ITH2,4,Provincia Autonoma Trento,P.A. Trento,541380,78883,14.57,0.78
2875,2021-01-25,PAT,817,215,602,23,794,ITH,ITH2,4,Provincia Autonoma Trento,P.A. Trento,541380,79700,14.72,0.15
2876,2021-03-30,PAT,2387,973,1414,1750,637,ITH,ITH2,4,Provincia Autonoma Trento,P.A. Trento,541380,82087,15.16,0.44
2877,2021-05-28,PAT,1394,669,725,469,925,ITH,ITH2,4,Provincia Autonoma Trento,P.A. Trento,541380,83481,15.42,0.26
2878,2021-03-25,PAT,2874,1103,1771,1824,1050,ITH,ITH2,4,Provincia Autonoma Trento,P.A. Trento,541380,86355,15.95,0.53
2879,2021-04-21,PAT,2893,1349,1544,2843,50,ITH,ITH2,4,Provincia Autonoma Trento,P.A. Trento,541380,89248,16.49,0.53
2880,2021-02-16,PAT,663,244,419,658,5,ITH,ITH2,4,Provincia Autonoma Trento,P.A. Trento,541380,89911,16.61,0.12
2881,2021-05-10,PAT,3205,1644,1561,2701,504,ITH,ITH2,4,Provincia Autonoma Trento,P.A. Trento,541380,93116,17.2,0.59
2882,2021-01-11,PAT,730,221,509,730,0,ITH,ITH2,4,Provincia Autonoma Trento,P.A. Trento,541380,93846,17.33,0.13
2883,2021-01-30,PAT,386,132,254,152,234,ITH,ITH2,4,Provincia Autonoma Trento,P.A. Trento,541380,94232,17.41,0.07
2884,2021-04-06,PAT,2258,949,1309,1493,765,ITH,ITH2,4,Provincia Autonoma Trento,P.A. Trento,541380,96490,17.82,0.42
2885,2021-02-23,PAT,1108,395,713,897,211,ITH,ITH2,4,Provincia Autonoma Trento,P.A. Trento,541380,97598,18.03,0.2
2886,2021-02-06,PAT,574,298,276,433,141,ITH,ITH2,4,Provincia Autonoma Trento,P.A. Trento,541380,98172,18.13,0.11
2887,2021-01-04,PAT,870,227,643,870,0,ITH,ITH2,4,Provincia Autonoma Trento,P.A. Trento,541380,99042,18.29,0.16
2888,2021-05-02,PAT,3512,1955,1557,3475,37,ITH,ITH2,4,Provincia Autonoma Trento,P.A. Trento,541380,102554,18.94,0.65
2889,2021-03-13,PAT,830,380,450,782,48,ITH,ITH2,4,Provincia Autonoma Trento,P.A. Trento,541380,103384,19.1,0.15
2890,2021-02-20,PAT,407,245,162,123,284,ITH,ITH2,4,Provincia Autonoma Trento,P.A. Trento,541380,103791,19.17,0.08
2891,2021-04-11,PAT,2340,1135,1205,2248,92,ITH,ITH2,4,Provincia Autonoma Trento,P.A. Trento,541380,106131,19.6,0.43
2892,2021-01-08,PAT,1449,313,1136,1449,0,ITH,ITH2,4,Provincia Autonoma Trento,P.A. Trento,541380,107580,19.87,0.27
2893,2021-02-27,PAT,1027,456,571,606,421,ITH,ITH2,4,Provincia Autonoma Trento,P.A. Trento,541380,108607,20.06,0.19
2894,2021-04-25,PAT,1970,939,1031,1963,7,ITH,ITH2,4,Provincia Autonoma Trento,P.A. Trento,541380,110577,20.43,0.36
2895,2021-03-26,PAT,3154,1226,1928,2555,599,ITH,ITH2,4,Provincia Autonoma Trento,P.A. Trento,541380,113731,21.01,0.58
2896,2021-02-04,PAT,974,304,670,421,553,ITH,ITH2,4,Provincia Autonoma Trento,P.A. Trento,541380,114705,21.19,0.18
2897,2021-04-30,PAT,4910,2396,2514,4765,145,ITH,ITH2,4,Provincia Autonoma Trento,P.A. Trento,541380,119615,22.09,0.91
2898,2021-03-11,PAT,2295,851,1444,1473,822,ITH,ITH2,4,Provincia Autonoma Trento,P.A. Trento,541380,121910,22.52,0.42
2899,2021-01-20,PAT,291,73,218,279,12,ITH,ITH2,4,Provincia Autonoma Trento,P.A. Trento,541380,122201,22.57,0.05
2900,2021-03-14,PAT,107,65,42,20,87,ITH,ITH2,4,Provincia Autonoma Trento,P.A. Trento,541380,122308,22.59,0.02
2901,2021-03-07,PAT,22,6,16,22,0,ITH,ITH2,4,Provincia Autonoma Trento,P.A. Trento,541380,122330,22.6,0.0
2902,2021-01-09,PAT,190,40,150,190,0,ITH,ITH2,4,Provincia Autonoma Trento,P.A. Trento,541380,122520,22.63,0.04
2903,2021-03-09,PAT,1581,589,992,938,643,ITH,ITH2,4,Provincia Autonoma Trento,P.A. Trento,541380,124101,22.92,0.29
2904,2021-05-12,PAT,3296,1490,1806,2113,1183,ITH,ITH2,4,Provincia Autonoma Trento,P.A. Trento,541380,127397,23.53,0.61
2905,2021-03-16,PAT,1391,506,885,608,783,ITH,ITH2,4,Provincia Autonoma Trento,P.A. Trento,541380,128788,23.79,0.26
2906,2021-02-01,PAT,1220,335,885,92,1128,ITH,ITH2,4,Provincia Autonoma Trento,P.A. Trento,541380,130008,24.01,0.23
2907,2021-02-08,PAT,1151,318,833,342,809,ITH,ITH2,4,Provincia Autonoma Trento,P.A. Trento,541380,131159,24.23,0.21
2908,2021-05-19,PAT,5087,2451,2636,3839,1248,ITH,ITH2,4,Provincia Autonoma Trento,P.A. Trento,541380,136246,25.17,0.94
2909,2021-04-13,PAT,2552,1057,1495,2045,507,ITH,ITH2,4,Provincia Autonoma Trento,P.A. Trento,541380,138798,25.64,0.47
2910,2021-01-23,PAT,577,334,243,388,189,ITH,ITH2,4,Provincia Autonoma Trento,P.A. Trento,541380,139375,25.74,0.11
2911,2021-05-05,PAT,4972,2575,2397,4689,283,ITH,ITH2,4,Provincia Autonoma Trento,P.A. Trento,541380,144347,26.66,0.92
2912,2021-03-23,PAT,2444,943,1501,1704,740,ITH,ITH2,4,Provincia Autonoma Trento,P.A. Trento,541380,146791,27.11,0.45
2913,2021-04-01,PAT,2893,1227,1666,1800,1093,ITH,ITH2,4,Provincia Autonoma Trento,P.A. Trento,541380,149684,27.65,0.53
2914,2021-01-10,PAT,84,19,65,84,0,ITH,ITH2,4,Provincia Autonoma Trento,P.A. Trento,541380,149768,27.66,0.02
2915,2021-04-22,PAT,3146,1468,1678,3102,44,ITH,ITH2,4,Provincia Autonoma Trento,P.A. Trento,541380,152914,28.25,0.58
2916,2021-04-05,PAT,35,17,18,33,2,ITH,ITH2,4,Provincia Autonoma Trento,P.A. Trento,541380,152949,28.25,0.01
2917,2021-03-19,PAT,2423,915,1508,1571,852,ITH,ITH2,4,Provincia Autonoma Trento,P.A. Trento,541380,155372,28.7,0.45
2918,2021-01-15,PAT,595,132,463,595,0,ITH,ITH2,4,Provincia Autonoma Trento,P.A. Trento,541380,155967,28.81,0.11
2919,2021-03-24,PAT,2376,940,1436,1556,820,ITH,ITH2,4,Provincia Autonoma Trento,P.A. Trento,541380,158343,29.25,0.44
2920,2021-05-13,PAT,3405,1579,1826,2304,1101,ITH,ITH2,4,Provincia Autonoma Trento,P.A. Trento,541380,161748,29.88,0.63
2921,2021-01-26,PAT,542,154,388,27,515,ITH,ITH2,4,Provincia Autonoma Trento,P.A. Trento,541380,162290,29.98,0.1
2922,2021-02-09,PAT,915,287,628,442,473,ITH,ITH2,4,Provincia Autonoma Trento,P.A. Trento,541380,163205,30.15,0.17
2923,2021-03-31,PAT,2567,983,1584,1710,857,ITH,ITH2,4,Provincia Autonoma Trento,P.A. Trento,541380,165772,30.62,0.47
2924,2021-01-29,PAT,1353,331,1022,55,1298,ITH,ITH2,4,Provincia Autonoma Trento,P.A. Trento,541380,167125,30.87,0.25
2925,2021-01-12,PAT,505,158,347,505,0,ITH,ITH2,4,Provincia Autonoma Trento,P.A. Trento,541380,167630,30.96,0.09
2926,2021-04-07,PAT,2599,1012,1587,1658,941,ITH,ITH2,4,Provincia Autonoma Trento,P.A. Trento,541380,170229,31.44,0.48
2927,2021-01-22,PAT,1668,433,1235,329,1339,ITH,ITH2,4,Provincia Autonoma Trento,P.A. Trento,541380,171897,31.75,0.31
2928,2021-03-27,PAT,1615,709,906,1363,252,ITH,ITH2,4,Provincia Autonoma Trento,P.A. Trento,541380,173512,32.05,0.3
2929,2021-02-05,PAT,802,272,530,283,519,ITH,ITH2,4,Provincia Autonoma Trento,P.A. Trento,541380,174314,32.2,0.15
2930,2021-01-05,PAT,709,232,477,709,0,ITH,ITH2,4,Provincia Autonoma Trento,P.A. Trento,541380,175023,32.33,0.13
2931,2021-01-19,PAT,405,77,328,405,0,ITH,ITH2,4,Provincia Autonoma Trento,P.A. Trento,541380,175428,32.4,0.07
2932,2021-03-10,PAT,2411,928,1483,1490,921,ITH,ITH2,4,Provincia Autonoma Trento,P.A. Trento,541380,177839,32.85,0.45
2933,2021-02-03,PAT,846,314,532,414,432,ITH,ITH2,4,Provincia Autonoma Trento,P.A. Trento,541380,178685,33.01,0.16
2934,2021-05-23,PAT,1952,993,959,447,1505,ITH,ITH2,4,Provincia Autonoma Trento,P.A. Trento,541380,180637,33.37,0.36
2935,2021-02-10,PAT,851,291,560,509,342,ITH,ITH2,4,Provincia Autonoma Trento,P.A. Trento,541380,181488,33.52,0.16
2936,2021-04-08,PAT,3114,1294,1820,1996,1118,ITH,ITH2,4,Provincia Autonoma Trento,P.A. Trento,541380,184602,34.1,0.58
2937,2021-04-10,PAT,2796,1307,1489,2003,793,ITH,ITH2,4,Provincia Autonoma Trento,P.A. Trento,541380,187398,34.61,0.52
2938,2020-12-31,PAT,1624,449,1175,1624,0,ITH,ITH2,4,Provincia Autonoma Trento,P.A. Trento,541380,189022,34.91,0.3
2939,2021-03-05,PAT,2244,703,1541,1678,566,ITH,ITH2,4,Provincia Autonoma Trento,P.A. Trento,541380,191266,35.33,0.41
2940,2021-04-17,PAT,2203,1120,1083,2146,57,ITH,ITH2,4,Provincia Autonoma Trento,P.A. Trento,541380,193469,35.74,0.41
2941,2021-03-01,PAT,1237,454,783,942,295,ITH,ITH2,4,Provincia Autonoma Trento,P.A. Trento,541380,194706,35.96,0.23
2942,2020-12-27,PAT,103,40,63,103,0,ITH,ITH2,4,Provincia Autonoma Trento,P.A. Trento,541380,194809,35.98,0.02
2943,2021-05-25,PAT,4409,2128,2281,1722,2687,ITH,ITH2,4,Provincia Autonoma Trento,P.A. Trento,541380,199218,36.8,0.81
2944,2021-02-14,PAT,246,186,60,11,235,ITH,ITH2,4,Provincia Autonoma Trento,P.A. Trento,541380,199464,36.84,0.05
2945,2021-05-27,PAT,3787,1761,2026,1083,2704,ITH,ITH2,4,Provincia Autonoma Trento,P.A. Trento,541380,203251,37.54,0.7
2946,2021-04-27,PAT,3879,1865,2014,3812,67,ITH,ITH2,4,Provincia Autonoma Trento,P.A. Trento,541380,207130,38.26,0.72
2947,2021-05-04,PAT,4474,2422,2052,4384,90,ITH,ITH2,4,Provincia Autonoma Trento,P.A. Trento,541380,211604,39.09,0.83
2948,2021-03-08,PAT,1398,433,965,1045,353,ITH,ITH2,4,Provincia Autonoma Trento,P.A. Trento,541380,213002,39.34,0.26
2949,2021-03-15,PAT,1410,545,865,946,464,ITH,ITH2,4,Provincia Autonoma Trento,P.A. Trento,541380,214412,39.6,0.26
2950,2021-01-17,PAT,251,195,56,251,0,ITH,ITH2,4,Provincia Autonoma Trento,P.A. Trento,541380,214663,39.65,0.05
2951,2021-05-11,PAT,3688,1744,1944,2845,843,ITH,ITH2,4,Provincia Autonoma Trento,P.A. Trento,541380,218351,40.33,0.68
2952,2021-03-22,PAT,2305,973,1332,1430,875,ITH,ITH2,4,Provincia Autonoma Trento,P.A. Trento,541380,220656,40.76,0.43
2953,2021-01-24,PAT,547,276,271,224,323,ITH,ITH2,4,Provincia Autonoma Trento,P.A. Trento,541380,221203,40.86,0.1
2954,2021-01-31,PAT,75,15,60,1,74,ITH,ITH2,4,Provincia Autonoma Trento,P.A. Trento,541380,221278,40.87,0.01
2955,2021-05-01,PAT,4837,2463,2374,4802,35,ITH,ITH2,4,Provincia Autonoma Trento,P.A. Trento,541380,226115,41.77,0.89
2956,2021-03-12,PAT,2506,936,1570,1701,805,ITH,ITH2,4,Provincia Autonoma Trento,P.A. Trento,541380,228621,42.23,0.46
2957,2021-01-21,PAT,352,95,257,228,124,ITH,ITH2,4,Provincia Autonoma Trento,P.A. Trento,541380,228973,42.29,0.07
2958,2021-02-12,PAT,1010,340,670,589,421,ITH,ITH2,4,Provincia Autonoma Trento,P.A. Trento,541380,229983,42.48,0.19
2959,2021-03-03,PAT,1656,622,1034,1139,517,ITH,ITH2,4,Provincia Autonoma Trento,P.A. Trento,541380,231639,42.79,0.31
2960,2021-05-08,PAT,3151,1721,1430,2734,417,ITH,ITH2,4,Provincia Autonoma Trento,P.A. Trento,541380,234790,43.37,0.58
2961,2021-01-03,PAT,492,160,332,492,0,ITH,ITH2,4,Provincia Autonoma Trento,P.A. Trento,541380,235282,43.46,0.09
2962,2021-02-22,PAT,745,259,486,661,84,ITH,ITH2,4,Provincia Autonoma Trento,P.A. Trento,541380,236027,43.6,0.14
2963,2021-05-18,PAT,4245,2008,2237,3403,842,ITH,ITH2,4,Provincia Autonoma Trento,P.A. Trento,541380,240272,44.38,0.78
2964,2021-03-29,PAT,2461,958,1503,1726,735,ITH,ITH2,4,Provincia Autonoma Trento,P.A. Trento,541380,242733,44.84,0.45
2965,2021-04-12,PAT,3087,1408,1679,2591,496,ITH,ITH2,4,Provincia Autonoma Trento,P.A. Trento,541380,245820,45.41,0.57
2966,2021-01-02,PAT,502,143,359,502,0,ITH,ITH2,4,Provincia Autonoma Trento,P.A. Trento,541380,246322,45.5,0.09
2967,2021-02-17,PAT,1110,425,685,1020,90,ITH,ITH2,4,Provincia Autonoma Trento,P.A. Trento,541380,247432,45.7,0.21
2968,2021-02-26,PAT,1218,435,783,923,295,ITH,ITH2,4,Provincia Autonoma Trento,P.A. Trento,541380,248650,45.93,0.22
2969,2021-01-14,PAT,700,203,497,700,0,ITH,ITH2,4,Provincia Autonoma Trento,P.A. Trento,541380,249350,46.06,0.13
2970,2021-04-26,PAT,2646,1244,1402,2552,94,ITH,ITH2,4,Provincia Autonoma Trento,P.A. Trento,541380,251996,46.55,0.49
2971,2021-04-03,PAT,1138,471,667,971,167,ITH,ITH2,4,Provincia Autonoma Trento,P.A. Trento,541380,253134,46.76,0.21
2972,2021-04-24,PAT,3507,1682,1825,3494,13,ITH,ITH2,4,Provincia Autonoma Trento,P.A. Trento,541380,256641,47.4,0.65
2973,2021-02-19,PAT,928,358,570,869,59,ITH,ITH2,4,Provincia Autonoma Trento,P.A. Trento,541380,257569,47.58,0.17
2974,2021-02-28,PAT,242,121,121,242,0,ITH,ITH2,4,Provincia Autonoma Trento,P.A. Trento,541380,257811,47.62,0.04
2975,2021-05-16,PAT,1321,729,592,1083,238,ITH,ITH2,4,Provincia Autonoma Trento,P.A. Trento,541380,259132,47.87,0.24
2976,2021-04-15,PAT,3182,1437,1745,3028,154,ITH,ITH2,4,Provincia Autonoma Trento,P.A. Trento,541380,262314,48.45,0.59
2977,2021-04-29,PAT,4621,2232,2389,4412,209,ITH,ITH2,4,Provincia Autonoma Trento,P.A. Trento,541380,266935,49.31,0.85
2978,2021-02-24,PAT,1318,523,795,922,396,ITH,ITH2,4,Provincia Autonoma Trento,P.A. Trento,541380,268253,49.55,0.24
2979,2021-05-20,PAT,4979,2353,2626,3373,1606,ITH,ITH2,4,Provincia Autonoma Trento,P.A. Trento,541380,273232,50.47,0.92
2980,2021-03-17,PAT,2067,790,1277,1199,868,ITH,ITH2,4,Provincia Autonoma Trento,P.A. Trento,541380,275299,50.85,0.38
2981,2021-05-06,PAT,5504,2725,2779,4725,779,ITH,ITH2,4,Provincia Autonoma Trento,P.A. Trento,541380,280803,51.87,1.02
2982,2021-02-02,PAT,907,240,667,190,717,ITH,ITH2,4,Provincia Autonoma Trento,P.A. Trento,541380,281710,52.04,0.17
2983,2021-04-19,PAT,2622,1235,1387,2599,23,ITH,ITH2,4,Provincia Autonoma Trento,P.A. Trento,541380,284332,52.52,0.48
2984,2021-01-07,PAT,1270,310,960,1270,0,ITH,ITH2,4,Provincia Autonoma Trento,P.A. Trento,541380,285602,52.75,0.23
2985,2021-05-15,PAT,1567,815,752,679,888,ITH,ITH2,4,Provincia Autonoma Trento,P.A. Trento,541380,287169,53.04,0.29
2986,2021-02-21,PAT,155,92,63,43,112,ITH,ITH2,4,Provincia Autonoma Trento,P.A. Trento,541380,287324,53.07,0.03
2987,2021-05-12,SIC,36867,17353,19514,21924,14943,ITG,ITG1,19,Sicilia,Sicilia,4999891,36867,0.74,0.74
2988,2021-02-20,SIC,7242,3726,3516,7000,242,ITG,ITG1,19,Sicilia,Sicilia,4999891,44109,0.88,0.14
2989,2021-04-25,SIC,21347,10181,11166,16371,4976,ITG,ITG1,19,Sicilia,Sicilia,4999891,65456,1.31,0.43
2990,2021-04-08,SIC,16795,8287,8508,8312,8483,ITG,ITG1,19,Sicilia,Sicilia,4999891,82251,1.65,0.34
2991,2021-02-03,SIC,6096,2853,3243,753,5343,ITG,ITG1,19,Sicilia,Sicilia,4999891,88347,1.77,0.12
2992,2020-12-28,SIC,211,126,85,211,0,ITG,ITG1,19,Sicilia,Sicilia,4999891,88558,1.77,0.0
2993,2021-03-23,SIC,21064,10076,10988,15410,5654,ITG,ITG1,19,Sicilia,Sicilia,4999891,109622,2.19,0.42
2994,2021-03-25,SIC,20580,9549,11031,15041,5539,ITG,ITG1,19,Sicilia,Sicilia,4999891,130202,2.6,0.41
2995,2021-05-28,SIC,16437,7466,8971,6472,9965,ITG,ITG1,19,Sicilia,Sicilia,4999891,146639,2.93,0.33
2996,2021-03-08,SIC,13550,5832,7718,10742,2808,ITG,ITG1,19,Sicilia,Sicilia,4999891,160189,3.2,0.27
2997,2021-04-30,SIC,35212,16455,18757,24012,11200,ITG,ITG1,19,Sicilia,Sicilia,4999891,195401,3.91,0.7
2998,2021-03-04,SIC,15197,6553,8644,10999,4198,ITG,ITG1,19,Sicilia,Sicilia,4999891,210598,4.21,0.3
2999,2021-05-07,SIC,36651,17311,19340,25021,11630,ITG,ITG1,19,Sicilia,Sicilia,4999891,247249,4.95,0.73
3000,2021-01-13,SIC,5266,2492,2774,5266,0,ITG,ITG1,19,Sicilia,Sicilia,4999891,252515,5.05,0.11
3001,2021-03-18,SIC,15602,7783,7819,9864,5738,ITG,ITG1,19,Sicilia,Sicilia,4999891,268117,5.36,0.31
3002,2021-02-18,SIC,5472,3152,2320,5044,428,ITG,ITG1,19,Sicilia,Sicilia,4999891,273589,5.47,0.11
3003,2021-05-14,SIC,52228,24464,27764,36382,15846,ITG,ITG1,19,Sicilia,Sicilia,4999891,325817,6.52,1.04
3004,2021-02-01,SIC,6071,2681,3390,301,5770,ITG,ITG1,19,Sicilia,Sicilia,4999891,331888,6.64,0.12
3005,2021-04-27,SIC,26418,12720,13698,15589,10829,ITG,ITG1,19,Sicilia,Sicilia,4999891,358306,7.17,0.53
3006,2021-03-14,SIC,8776,3928,4848,4942,3834,ITG,ITG1,19,Sicilia,Sicilia,4999891,367082,7.34,0.18
3007,2021-02-11,SIC,5322,2098,3224,4859,463,ITG,ITG1,19,Sicilia,Sicilia,4999891,372404,7.45,0.11
3008,2021-04-16,SIC,28747,14425,14322,20371,8376,ITG,ITG1,19,Sicilia,Sicilia,4999891,401151,8.02,0.57
3009,2021-02-25,SIC,10122,5249,4873,8956,1166,ITG,ITG1,19,Sicilia,Sicilia,4999891,411273,8.23,0.2
3010,2021-05-21,SIC,45729,21531,24198,24321,21408,ITG,ITG1,19,Sicilia,Sicilia,4999891,457002,9.14,0.91
3011,2021-03-02,SIC,14870,6361,8509,12061,2809,ITG,ITG1,19,Sicilia,Sicilia,4999891,471872,9.44,0.3
3012,2021-01-04,SIC,8399,4188,4211,8399,0,ITG,ITG1,19,Sicilia,Sicilia,4999891,480271,9.61,0.17
3013,2021-04-28,SIC,29348,13766,15582,20267,9081,ITG,ITG1,19,Sicilia,Sicilia,4999891,509619,10.19,0.59
3014,2021-02-23,SIC,8911,4672,4239,8448,463,ITG,ITG1,19,Sicilia,Sicilia,4999891,518530,10.37,0.18
3015,2021-03-09,SIC,13156,5589,7567,10784,2372,ITG,ITG1,19,Sicilia,Sicilia,4999891,531686,10.63,0.26
3016,2021-01-11,SIC,5913,2597,3316,5913,0,ITG,ITG1,19,Sicilia,Sicilia,4999891,537599,10.75,0.12
3017,2021-01-18,SIC,1649,669,980,1495,154,ITG,ITG1,19,Sicilia,Sicilia,4999891,539248,10.79,0.03
3018,2021-05-26,SIC,44327,20671,23656,23864,20463,ITG,ITG1,19,Sicilia,Sicilia,4999891,583575,11.67,0.89
3019,2021-04-13,SIC,19917,9689,10228,11082,8835,ITG,ITG1,19,Sicilia,Sicilia,4999891,603492,12.07,0.4
3020,2021-04-20,SIC,19270,9078,10192,13931,5339,ITG,ITG1,19,Sicilia,Sicilia,4999891,622762,12.46,0.39
3021,2021-03-28,SIC,10931,5136,5795,6920,4011,ITG,ITG1,19,Sicilia,Sicilia,4999891,633693,12.67,0.22
3022,2021-04-06,SIC,17869,8541,9328,13544,4325,ITG,ITG1,19,Sicilia,Sicilia,4999891,651562,13.03,0.36
3023,2021-02-22,SIC,8013,4146,3867,7522,491,ITG,ITG1,19,Sicilia,Sicilia,4999891,659575,13.19,0.16
3024,2021-01-16,SIC,2781,1198,1583,2781,0,ITG,ITG1,19,Sicilia,Sicilia,4999891,662356,13.25,0.06
3025,2021-04-09,SIC,20537,10002,10535,11389,9148,ITG,ITG1,19,Sicilia,Sicilia,4999891,682893,13.66,0.41
3026,2021-04-11,SIC,15341,7577,7764,8312,7029,ITG,ITG1,19,Sicilia,Sicilia,4999891,698234,13.96,0.31
3027,2020-12-30,SIC,175,102,73,175,0,ITG,ITG1,19,Sicilia,Sicilia,4999891,698409,13.97,0.0
3028,2021-03-06,SIC,12917,5166,7751,10014,2903,ITG,ITG1,19,Sicilia,Sicilia,4999891,711326,14.23,0.26
3029,2021-01-23,SIC,4296,2215,2081,217,4079,ITG,ITG1,19,Sicilia,Sicilia,4999891,715622,14.31,0.09
3030,2021-04-02,SIC,14008,6595,7413,9221,4787,ITG,ITG1,19,Sicilia,Sicilia,4999891,729630,14.59,0.28
3031,2021-01-06,SIC,6482,3409,3073,6482,0,ITG,ITG1,19,Sicilia,Sicilia,4999891,736112,14.72,0.13
3032,2021-02-10,SIC,4420,1813,2607,3999,421,ITG,ITG1,19,Sicilia,Sicilia,4999891,740532,14.81,0.09
3033,2021-04-01,SIC,14400,6675,7725,9684,4716,ITG,ITG1,19,Sicilia,Sicilia,4999891,754932,15.1,0.29
3034,2021-05-02,SIC,24658,11447,13211,18057,6601,ITG,ITG1,19,Sicilia,Sicilia,4999891,779590,15.59,0.49
3035,2021-05-16,SIC,33104,16121,16983,21777,11327,ITG,ITG1,19,Sicilia,Sicilia,4999891,812694,16.25,0.66
3036,2021-03-20,SIC,18814,9031,9783,13489,5325,ITG,ITG1,19,Sicilia,Sicilia,4999891,831508,16.63,0.38
3037,2021-05-09,SIC,28133,13159,14974,19862,8271,ITG,ITG1,19,Sicilia,Sicilia,4999891,859641,17.19,0.56
3038,2021-04-23,SIC,28881,13844,15037,22934,5947,ITG,ITG1,19,Sicilia,Sicilia,4999891,888522,17.77,0.58
3039,2021-03-11,SIC,15454,6520,8934,12889,2565,ITG,ITG1,19,Sicilia,Sicilia,4999891,903976,18.08,0.31
3040,2021-01-20,SIC,833,425,408,573,260,ITG,ITG1,19,Sicilia,Sicilia,4999891,904809,18.1,0.02
3041,2021-01-27,SIC,7529,3837,3692,187,7342,ITG,ITG1,19,Sicilia,Sicilia,4999891,912338,18.25,0.15
3042,2021-05-05,SIC,26304,12178,14126,16709,9595,ITG,ITG1,19,Sicilia,Sicilia,4999891,938642,18.77,0.53
3043,2021-01-25,SIC,7516,3696,3820,313,7203,ITG,ITG1,19,Sicilia,Sicilia,4999891,946158,18.92,0.15
3044,2021-05-19,SIC,42689,20583,22106,28406,14283,ITG,ITG1,19,Sicilia,Sicilia,4999891,988847,19.78,0.85
3045,2021-03-16,SIC,9788,4365,5423,3670,6118,ITG,ITG1,19,Sicilia,Sicilia,4999891,998635,19.97,0.2
3046,2021-02-08,SIC,4086,1760,2326,2129,1957,ITG,ITG1,19,Sicilia,Sicilia,4999891,1002721,20.05,0.08
3047,2021-03-30,SIC,14595,6759,7836,9770,4825,ITG,ITG1,19,Sicilia,Sicilia,4999891,1017316,20.35,0.29
3048,2021-05-24,SIC,35365,17033,18332,15687,19678,ITG,ITG1,19,Sicilia,Sicilia,4999891,1052681,21.05,0.71
3049,2021-05-17,SIC,32144,15467,16677,19347,12797,ITG,ITG1,19,Sicilia,Sicilia,4999891,1084825,21.7,0.64
3050,2021-03-21,SIC,15207,7330,7877,11236,3971,ITG,ITG1,19,Sicilia,Sicilia,4999891,1100032,22.0,0.3
3051,2021-02-04,SIC,6932,3187,3745,1455,5477,ITG,ITG1,19,Sicilia,Sicilia,4999891,1106964,22.14,0.14
3052,2021-02-13,SIC,3097,1164,1933,2841,256,ITG,ITG1,19,Sicilia,Sicilia,4999891,1110061,22.2,0.06
3053,2021-02-06,SIC,5015,2189,2826,1462,3553,ITG,ITG1,19,Sicilia,Sicilia,4999891,1115076,22.3,0.1
3054,2021-01-01,SIC,815,437,378,815,0,ITG,ITG1,19,Sicilia,Sicilia,4999891,1115891,22.32,0.02
3055,2021-02-27,SIC,12430,5561,6869,11226,1204,ITG,ITG1,19,Sicilia,Sicilia,4999891,1128321,22.57,0.25
3056,2021-04-18,SIC,19724,9863,9861,15358,4366,ITG,ITG1,19,Sicilia,Sicilia,4999891,1148045,22.96,0.39
3057,2021-01-22,SIC,1253,634,619,243,1010,ITG,ITG1,19,Sicilia,Sicilia,4999891,1149298,22.99,0.03
3058,2021-01-08,SIC,8334,3867,4467,8334,0,ITG,ITG1,19,Sicilia,Sicilia,4999891,1157632,23.15,0.17
3059,2021-01-30,SIC,7838,3571,4267,174,7664,ITG,ITG1,19,Sicilia,Sicilia,4999891,1165470,23.31,0.16
3060,2021-04-04,SIC,6831,3329,3502,5539,1292,ITG,ITG1,19,Sicilia,Sicilia,4999891,1172301,23.45,0.14
3061,2020-12-27,SIC,91,55,36,91,0,ITG,ITG1,19,Sicilia,Sicilia,4999891,1172392,23.45,0.0
3062,2021-03-01,SIC,12958,6118,6840,11303,1655,ITG,ITG1,19,Sicilia,Sicilia,4999891,1185350,23.71,0.26
3063,2021-01-17,SIC,1302,589,713,1245,57,ITG,ITG1,19,Sicilia,Sicilia,4999891,1186652,23.73,0.03
3064,2021-03-22,SIC,16817,7915,8902,11274,5543,ITG,ITG1,19,Sicilia,Sicilia,4999891,1203469,24.07,0.34
3065,2021-03-05,SIC,15881,6840,9041,11563,4318,ITG,ITG1,19,Sicilia,Sicilia,4999891,1219350,24.39,0.32
3066,2020-12-31,SIC,879,470,409,879,0,ITG,ITG1,19,Sicilia,Sicilia,4999891,1220229,24.41,0.02
3067,2021-02-16,SIC,4370,2282,2088,3905,465,ITG,ITG1,19,Sicilia,Sicilia,4999891,1224599,24.49,0.09
3068,2021-02-07,SIC,2342,994,1348,674,1668,ITG,ITG1,19,Sicilia,Sicilia,4999891,1226941,24.54,0.05
3069,2021-05-25,SIC,33090,14989,18101,13955,19135,ITG,ITG1,19,Sicilia,Sicilia,4999891,1260031,25.2,0.66
3070,2021-04-12,SIC,18951,9204,9747,11611,7340,ITG,ITG1,19,Sicilia,Sicilia,4999891,1278982,25.58,0.38
3071,2021-02-21,SIC,5168,2501,2667,5062,106,ITG,ITG1,19,Sicilia,Sicilia,4999891,1284150,25.68,0.1
3072,2021-01-15,SIC,5088,2236,2852,5088,0,ITG,ITG1,19,Sicilia,Sicilia,4999891,1289238,25.79,0.1
3073,2020-12-29,SIC,238,148,90,238,0,ITG,ITG1,19,Sicilia,Sicilia,4999891,1289476,25.79,0.0
3074,2021-04-10,SIC,20662,10083,10579,11620,9042,ITG,ITG1,19,Sicilia,Sicilia,4999891,1310138,26.2,0.41
3075,2021-03-24,SIC,21144,9907,11237,15307,5837,ITG,ITG1,19,Sicilia,Sicilia,4999891,1331282,26.63,0.42
3076,2021-05-04,SIC,26819,12462,14357,17633,9186,ITG,ITG1,19,Sicilia,Sicilia,4999891,1358101,27.16,0.54
3077,2021-02-28,SIC,7167,3064,4103,6537,630,ITG,ITG1,19,Sicilia,Sicilia,4999891,1365268,27.31,0.14
3078,2021-05-27,SIC,47279,21544,25735,24897,22382,ITG,ITG1,19,Sicilia,Sicilia,4999891,1412547,28.25,0.95
3079,2021-04-14,SIC,20291,9798,10493,11507,8784,ITG,ITG1,19,Sicilia,Sicilia,4999891,1432838,28.66,0.41
3080,2021-04-21,SIC,22676,10882,11794,16460,6216,ITG,ITG1,19,Sicilia,Sicilia,4999891,1455514,29.11,0.45
3081,2021-04-07,SIC,15559,7636,7923,8395,7164,ITG,ITG1,19,Sicilia,Sicilia,4999891,1471073,29.42,0.31
3082,2021-02-15,SIC,3927,1818,2109,3362,565,ITG,ITG1,19,Sicilia,Sicilia,4999891,1475000,29.5,0.08
3083,2021-01-03,SIC,4703,2459,2244,4703,0,ITG,ITG1,19,Sicilia,Sicilia,4999891,1479703,29.59,0.09
3084,2021-01-10,SIC,3622,1616,2006,3622,0,ITG,ITG1,19,Sicilia,Sicilia,4999891,1483325,29.67,0.07
3085,2021-04-15,SIC,21356,10387,10969,11799,9557,ITG,ITG1,19,Sicilia,Sicilia,4999891,1504681,30.09,0.43
3086,2021-04-22,SIC,27112,12809,14303,20571,6541,ITG,ITG1,19,Sicilia,Sicilia,4999891,1531793,30.64,0.54
3087,2021-01-05,SIC,10537,5162,5375,10537,0,ITG,ITG1,19,Sicilia,Sicilia,4999891,1542330,30.85,0.21
3088,2021-03-10,SIC,13941,5954,7987,11556,2385,ITG,ITG1,19,Sicilia,Sicilia,4999891,1556271,31.13,0.28
3089,2021-01-12,SIC,4546,2235,2311,4546,0,ITG,ITG1,19,Sicilia,Sicilia,4999891,1560817,31.22,0.09
3090,2021-02-19,SIC,5129,2732,2397,4562,567,ITG,ITG1,19,Sicilia,Sicilia,4999891,1565946,31.32,0.1
3091,2021-04-24,SIC,31334,14797,16537,23594,7740,ITG,ITG1,19,Sicilia,Sicilia,4999891,1597280,31.95,0.63
3092,2021-01-14,SIC,5261,2521,2740,5261,0,ITG,ITG1,19,Sicilia,Sicilia,4999891,1602541,32.05,0.11
3093,2021-04-26,SIC,21921,10375,11546,13783,8138,ITG,ITG1,19,Sicilia,Sicilia,4999891,1624462,32.49,0.44
3094,2021-02-05,SIC,7102,3158,3944,2128,4974,ITG,ITG1,19,Sicilia,Sicilia,4999891,1631564,32.63,0.14
3095,2021-04-03,SIC,16364,7782,8582,13528,2836,ITG,ITG1,19,Sicilia,Sicilia,4999891,1647928,32.96,0.33
3096,2021-03-27,SIC,15751,7437,8314,10838,4913,ITG,ITG1,19,Sicilia,Sicilia,4999891,1663679,33.27,0.32
3097,2021-01-29,SIC,9354,4316,5038,425,8929,ITG,ITG1,19,Sicilia,Sicilia,4999891,1673033,33.46,0.19
3098,2021-05-23,SIC,34138,16614,17524,20110,14028,ITG,ITG1,19,Sicilia,Sicilia,4999891,1707171,34.14,0.68
3099,2021-02-12,SIC,4676,1849,2827,4408,268,ITG,ITG1,19,Sicilia,Sicilia,4999891,1711847,34.24,0.09
3100,2021-03-17,SIC,15161,7459,7702,9249,5912,ITG,ITG1,19,Sicilia,Sicilia,4999891,1727008,34.54,0.3
3101,2021-05-06,SIC,29003,13726,15277,18421,10582,ITG,ITG1,19,Sicilia,Sicilia,4999891,1756011,35.12,0.58
3102,2021-03-31,SIC,14606,6750,7856,9578,5028,ITG,ITG1,19,Sicilia,Sicilia,4999891,1770617,35.41,0.29
3103,2021-05-20,SIC,43476,20765,22711,27636,15840,ITG,ITG1,19,Sicilia,Sicilia,4999891,1814093,36.28,0.87
3104,2021-02-09,SIC,4412,1823,2589,3357,1055,ITG,ITG1,19,Sicilia,Sicilia,4999891,1818505,36.37,0.09
3105,2021-05-11,SIC,32439,15427,17012,19897,12542,ITG,ITG1,19,Sicilia,Sicilia,4999891,1850944,37.02,0.65
3106,2021-02-17,SIC,5413,3278,2135,4745,668,ITG,ITG1,19,Sicilia,Sicilia,4999891,1856357,37.13,0.11
3107,2021-05-13,SIC,47390,22237,25153,30793,16597,ITG,ITG1,19,Sicilia,Sicilia,4999891,1903747,38.08,0.95
3108,2021-01-31,SIC,4109,1959,2150,113,3996,ITG,ITG1,19,Sicilia,Sicilia,4999891,1907856,38.16,0.08
3109,2021-02-02,SIC,5534,2620,2914,629,4905,ITG,ITG1,19,Sicilia,Sicilia,4999891,1913390,38.27,0.11
3110,2021-03-13,SIC,12416,5475,6941,7833,4583,ITG,ITG1,19,Sicilia,Sicilia,4999891,1925806,38.52,0.25
3111,2021-04-17,SIC,26189,13226,12963,19037,7152,ITG,ITG1,19,Sicilia,Sicilia,4999891,1951995,39.04,0.52
3112,2021-02-26,SIC,12207,5966,6241,10523,1684,ITG,ITG1,19,Sicilia,Sicilia,4999891,1964202,39.28,0.24
3113,2021-01-07,SIC,9188,4249,4939,9188,0,ITG,ITG1,19,Sicilia,Sicilia,4999891,1973390,39.47,0.18
3114,2021-02-24,SIC,9561,4850,4711,8971,590,ITG,ITG1,19,Sicilia,Sicilia,4999891,1982951,39.66,0.19
3115,2021-04-29,SIC,31673,14760,16913,22328,9345,ITG,ITG1,19,Sicilia,Sicilia,4999891,2014624,40.29,0.63
3116,2021-05-08,SIC,35748,17073,18675,25432,10316,ITG,ITG1,19,Sicilia,Sicilia,4999891,2050372,41.01,0.71
3117,2021-01-26,SIC,9482,4667,4815,261,9221,ITG,ITG1,19,Sicilia,Sicilia,4999891,2059854,41.2,0.19
3118,2021-01-21,SIC,1369,668,701,500,869,ITG,ITG1,19,Sicilia,Sicilia,4999891,2061223,41.23,0.03
3119,2021-03-26,SIC,18021,8372,9649,12490,5531,ITG,ITG1,19,Sicilia,Sicilia,4999891,2079244,41.59,0.36
3120,2021-01-19,SIC,1298,539,759,1096,202,ITG,ITG1,19,Sicilia,Sicilia,4999891,2080542,41.61,0.03
3121,2021-03-03,SIC,14668,6524,8144,11580,3088,ITG,ITG1,19,Sicilia,Sicilia,4999891,2095210,41.91,0.29
3122,2021-05-01,SIC,24474,11326,13148,19316,5158,ITG,ITG1,19,Sicilia,Sicilia,4999891,2119684,42.39,0.49
3123,2021-05-10,SIC,28305,13596,14709,16187,12118,ITG,ITG1,19,Sicilia,Sicilia,4999891,2147989,42.96,0.57
3124,2021-01-28,SIC,9317,4396,4921,405,8912,ITG,ITG1,19,Sicilia,Sicilia,4999891,2157306,43.15,0.19
3125,2021-03-15,SIC,10817,4715,6102,5752,5065,ITG,ITG1,19,Sicilia,Sicilia,4999891,2168123,43.36,0.22
3126,2021-01-24,SIC,4307,2251,2056,142,4165,ITG,ITG1,19,Sicilia,Sicilia,4999891,2172430,43.45,0.09
3127,2021-04-19,SIC,18473,8737,9736,12766,5707,ITG,ITG1,19,Sicilia,Sicilia,4999891,2190903,43.82,0.37
3128,2021-05-22,SIC,48199,22881,25318,28699,19500,ITG,ITG1,19,Sicilia,Sicilia,4999891,2239102,44.78,0.96
3129,2021-05-18,SIC,36137,17306,18831,23555,12582,ITG,ITG1,19,Sicilia,Sicilia,4999891,2275239,45.51,0.72
3130,2021-03-29,SIC,15003,7036,7967,10487,4516,ITG,ITG1,19,Sicilia,Sicilia,4999891,2290242,45.81,0.3
3131,2021-04-05,SIC,8024,3959,4065,6584,1440,ITG,ITG1,19,Sicilia,Sicilia,4999891,2298266,45.97,0.16
3132,2021-02-14,SIC,1058,403,655,918,140,ITG,ITG1,19,Sicilia,Sicilia,4999891,2299324,45.99,0.02
3133,2021-01-02,SIC,4882,2539,2343,4882,0,ITG,ITG1,19,Sicilia,Sicilia,4999891,2304206,46.09,0.1
3134,2021-03-12,SIC,13110,5610,7500,10894,2216,ITG,ITG1,19,Sicilia,Sicilia,4999891,2317316,46.35,0.26
3135,2021-05-15,SIC,57100,26671,30429,41721,15379,ITG,ITG1,19,Sicilia,Sicilia,4999891,2374416,47.49,1.14
3136,2021-03-19,SIC,16517,8114,8403,10786,5731,ITG,ITG1,19,Sicilia,Sicilia,4999891,2390933,47.82,0.33
3137,2021-03-07,SIC,9267,3456,5811,8184,1083,ITG,ITG1,19,Sicilia,Sicilia,4999891,2400200,48.01,0.19
3138,2021-01-09,SIC,7327,3425,3902,7327,0,ITG,ITG1,19,Sicilia,Sicilia,4999891,2407527,48.15,0.15
3139,2021-05-03,SIC,23460,10821,12639,13576,9884,ITG,ITG1,19,Sicilia,Sicilia,4999891,2430987,48.62,0.47
