,data,area,Vaccinazioni giornaliere,sesso_maschile,sesso_femminile,Operatori sanitari - sociosanitari,Personale non sanitario,Ospiti RSA,categoria_personale_scolastico,categoria_60_69,categoria_70_79,categoria_over80,categoria_soggetti_fragili,categoria_forze_armate,categoria_altro,prima_dose,seconda_dose,codice_NUTS1,codice_NUTS2,codice_regione_ISTAT,nome_area,Regione,popolazione,Totale vaccinazioni,Totale vaccinazioni ogni cento ab,Vaccinazioni giornaliere ogni cento ab
0,2021-02-01,PIE,8642,3053,5589,6177,1397,1068,0,0,0,0,0,0,0,578,8064,ITC,ITC1,1,Piemonte,Piemonte,4356406,8642,0.2,0.2
1,2021-05-12,PIE,28275,13459,14816,362,208,75,1366,9991,2730,2431,9414,1077,621,15911,12364,ITC,ITC1,1,Piemonte,Piemonte,4356406,36917,0.85,0.65
2,2021-02-05,PIE,9453,3080,6373,5766,2042,1643,0,0,0,1,0,0,1,657,8796,ITC,ITC1,1,Piemonte,Piemonte,4356406,46370,1.06,0.22
3,2021-02-20,PIE,3830,1253,2577,1100,1062,219,1416,0,0,30,0,3,0,3657,173,ITC,ITC1,1,Piemonte,Piemonte,4356406,50200,1.15,0.09
4,2021-03-26,PIE,17740,6980,10760,1166,744,529,2429,3,14,11531,608,710,6,8834,8906,ITC,ITC1,1,Piemonte,Piemonte,4356406,67940,1.56,0.41
5,2021-04-28,PIE,25878,11659,14219,576,274,106,54,3524,4031,7874,9394,25,20,15896,9982,ITC,ITC1,1,Piemonte,Piemonte,4356406,93818,2.15,0.59
6,2021-04-19,PIE,22396,10693,11703,304,159,213,28,786,5473,4781,10631,1,20,18062,4334,ITC,ITC1,1,Piemonte,Piemonte,4356406,116214,2.67,0.51
7,2021-04-25,PIE,20135,9272,10863,213,108,9,18,1418,6279,2514,9553,8,15,17625,2510,ITC,ITC1,1,Piemonte,Piemonte,4356406,136349,3.13,0.46
8,2021-04-05,PIE,14735,6232,8503,148,115,0,703,1,3904,7986,1844,33,1,12179,2556,ITC,ITC1,1,Piemonte,Piemonte,4356406,151084,3.47,0.34
9,2021-02-19,PIE,5533,2175,3358,1990,1746,666,1078,0,1,34,0,9,9,5031,502,ITC,ITC1,1,Piemonte,Piemonte,4356406,156617,3.6,0.13
10,2021-04-15,PIE,29512,13528,15984,899,400,431,53,1203,9651,6846,9994,7,28,24039,5473,ITC,ITC1,1,Piemonte,Piemonte,4356406,186129,4.27,0.68
11,2021-01-16,PIE,7771,2630,5141,4803,1596,1372,0,0,0,0,0,0,0,7771,0,ITC,ITC1,1,Piemonte,Piemonte,4356406,193900,4.45,0.18
12,2021-02-03,PIE,10197,3303,6894,6643,2299,1246,0,2,0,5,0,0,2,611,9586,ITC,ITC1,1,Piemonte,Piemonte,4356406,204097,4.68,0.23
13,2021-04-01,PIE,19314,8066,11248,672,371,289,914,6,1954,13847,966,261,34,11202,8112,ITC,ITC1,1,Piemonte,Piemonte,4356406,223411,5.13,0.44
14,2021-01-19,PIE,6423,2099,4324,3574,1301,1548,0,0,0,0,0,0,0,6414,9,ITC,ITC1,1,Piemonte,Piemonte,4356406,229834,5.28,0.15
15,2021-02-13,PIE,4152,1334,2818,2310,722,1114,5,0,0,1,0,0,0,2931,1221,ITC,ITC1,1,Piemonte,Piemonte,4356406,233986,5.37,0.1
16,2021-01-18,PIE,6164,2047,4117,3238,1403,1523,0,0,0,0,0,0,0,5916,248,ITC,ITC1,1,Piemonte,Piemonte,4356406,240150,5.51,0.14
17,2021-01-04,PIE,5563,1679,3884,4590,736,235,0,0,0,0,0,0,2,5563,0,ITC,ITC1,1,Piemonte,Piemonte,4356406,245713,5.64,0.13
18,2021-01-03,PIE,3063,967,2096,2715,295,52,0,0,0,0,0,0,1,3063,0,ITC,ITC1,1,Piemonte,Piemonte,4356406,248776,5.71,0.07
19,2021-02-12,PIE,6887,2213,4674,3527,1645,1707,2,1,0,4,0,0,1,3928,2959,ITC,ITC1,1,Piemonte,Piemonte,4356406,255663,5.87,0.16
20,2021-03-09,PIE,13939,5417,8522,1688,1543,356,2330,2,6,8007,1,6,0,11597,2342,ITC,ITC1,1,Piemonte,Piemonte,4356406,269602,6.19,0.32
21,2021-02-27,PIE,12678,4846,7832,885,963,232,3038,0,0,7558,1,0,1,12333,345,ITC,ITC1,1,Piemonte,Piemonte,4356406,282280,6.48,0.29
22,2021-03-20,PIE,11913,4896,7017,882,1039,163,1937,20,17,7684,21,21,129,6016,5897,ITC,ITC1,1,Piemonte,Piemonte,4356406,294193,6.75,0.27
23,2021-02-17,PIE,4789,2155,2634,2245,2030,497,1,0,1,1,0,1,13,3800,989,ITC,ITC1,1,Piemonte,Piemonte,4356406,298982,6.86,0.11
24,2021-03-08,PIE,13921,5284,8637,2035,1424,413,2628,1,1,7403,0,13,3,11208,2713,ITC,ITC1,1,Piemonte,Piemonte,4356406,312903,7.18,0.32
25,2021-03-27,PIE,18348,7816,10532,1215,1621,110,2109,13,939,11698,446,191,6,9533,8815,ITC,ITC1,1,Piemonte,Piemonte,4356406,331251,7.6,0.42
26,2021-03-01,PIE,12033,4841,7192,1157,1277,281,2430,0,4,6873,0,10,1,11224,809,ITC,ITC1,1,Piemonte,Piemonte,4356406,343284,7.88,0.28
27,2021-05-04,PIE,28259,12968,15291,482,192,112,204,7535,5827,6183,7418,219,87,16285,11974,ITC,ITC1,1,Piemonte,Piemonte,4356406,371543,8.53,0.65
28,2021-01-29,PIE,5943,1886,4057,4199,1067,673,0,0,0,2,0,0,2,455,5488,ITC,ITC1,1,Piemonte,Piemonte,4356406,377486,8.67,0.14
29,2021-02-16,PIE,3966,1755,2211,1815,1586,548,1,0,4,1,0,5,6,3208,758,ITC,ITC1,1,Piemonte,Piemonte,4356406,381452,8.76,0.09
30,2021-02-14,PIE,1476,498,978,796,381,285,14,0,0,0,0,0,0,876,600,ITC,ITC1,1,Piemonte,Piemonte,4356406,382928,8.79,0.03
31,2021-05-11,PIE,31440,15161,16279,304,113,76,935,11375,3262,1905,12265,801,404,18501,12939,ITC,ITC1,1,Piemonte,Piemonte,4356406,414368,9.51,0.72
32,2021-02-24,PIE,11406,4629,6777,1855,1290,408,2155,0,3,5684,0,6,5,10900,506,ITC,ITC1,1,Piemonte,Piemonte,4356406,425774,9.77,0.26
33,2021-03-31,PIE,19099,8100,10999,962,687,311,687,8,2527,13177,524,209,7,10409,8690,ITC,ITC1,1,Piemonte,Piemonte,4356406,444873,10.21,0.44
34,2021-01-09,PIE,6183,2185,3998,4499,1113,568,0,1,0,0,0,0,2,6183,0,ITC,ITC1,1,Piemonte,Piemonte,4356406,451056,10.35,0.14
35,2021-01-07,PIE,5387,1739,3648,4159,885,341,0,1,0,0,0,0,1,5387,0,ITC,ITC1,1,Piemonte,Piemonte,4356406,456443,10.48,0.12
36,2021-02-09,PIE,7351,2309,5042,4154,1367,1830,0,0,0,0,0,0,0,722,6629,ITC,ITC1,1,Piemonte,Piemonte,4356406,463794,10.65,0.17
37,2021-04-30,PIE,31551,14159,17392,725,429,376,122,4596,5530,8586,10994,119,74,18305,13246,ITC,ITC1,1,Piemonte,Piemonte,4356406,495345,11.37,0.72
38,2021-02-15,PIE,4431,1596,2835,2319,1144,962,1,0,2,2,0,1,0,3226,1205,ITC,ITC1,1,Piemonte,Piemonte,4356406,499776,11.47,0.1
39,2021-01-27,PIE,4196,1453,2743,2982,657,557,0,0,0,0,0,0,0,999,3197,ITC,ITC1,1,Piemonte,Piemonte,4356406,503972,11.57,0.1
40,2021-01-06,PIE,3116,1111,2005,2370,429,313,0,0,1,1,0,0,2,3116,0,ITC,ITC1,1,Piemonte,Piemonte,4356406,507088,11.64,0.07
41,2021-04-20,PIE,25368,11611,13757,708,273,241,35,1204,6123,6649,10120,2,13,19067,6301,ITC,ITC1,1,Piemonte,Piemonte,4356406,532456,12.22,0.58
42,2021-03-11,PIE,13751,5067,8684,2312,1415,382,2184,1,5,7371,4,71,6,10660,3091,ITC,ITC1,1,Piemonte,Piemonte,4356406,546207,12.54,0.32
43,2021-05-10,PIE,28262,13582,14680,273,121,88,1128,7331,3219,1688,13508,739,167,15394,12868,ITC,ITC1,1,Piemonte,Piemonte,4356406,574469,13.19,0.65
44,2021-05-09,PIE,26905,12831,14074,284,95,17,644,6826,3257,2682,12835,209,56,13314,13591,ITC,ITC1,1,Piemonte,Piemonte,4356406,601374,13.8,0.62
45,2021-01-20,PIE,6615,2089,4526,3618,1182,1813,0,0,0,0,0,0,2,5898,717,ITC,ITC1,1,Piemonte,Piemonte,4356406,607989,13.96,0.15
46,2021-01-05,PIE,5381,1603,3778,4368,721,285,0,0,2,1,0,0,4,5381,0,ITC,ITC1,1,Piemonte,Piemonte,4356406,613370,14.08,0.12
47,2021-04-02,PIE,20105,8282,11823,885,438,390,879,8,2690,13348,1271,153,43,11689,8416,ITC,ITC1,1,Piemonte,Piemonte,4356406,633475,14.54,0.46
48,2021-04-09,PIE,25808,11366,14442,1219,523,254,46,44,7393,11146,5133,35,15,21300,4508,ITC,ITC1,1,Piemonte,Piemonte,4356406,659283,15.13,0.59
49,2021-01-28,PIE,5589,1809,3780,4119,878,590,0,1,0,1,0,0,0,384,5205,ITC,ITC1,1,Piemonte,Piemonte,4356406,664872,15.26,0.13
50,2021-02-25,PIE,12213,5249,6964,1447,2064,405,1960,0,2,6329,0,1,5,11667,546,ITC,ITC1,1,Piemonte,Piemonte,4356406,677085,15.54,0.28
51,2021-05-02,PIE,25015,11244,13771,578,230,33,69,3026,7197,5658,8118,86,20,14279,10736,ITC,ITC1,1,Piemonte,Piemonte,4356406,702100,16.12,0.57
52,2021-01-15,PIE,8968,2955,6013,5499,1922,1546,0,0,0,0,0,0,1,8968,0,ITC,ITC1,1,Piemonte,Piemonte,4356406,711068,16.32,0.21
53,2021-01-11,PIE,8741,2980,5761,6060,1553,1126,0,1,0,0,0,0,1,8741,0,ITC,ITC1,1,Piemonte,Piemonte,4356406,719809,16.52,0.2
54,2021-04-07,PIE,23586,9984,13602,951,440,272,532,7,5786,12373,3092,66,67,18130,5456,ITC,ITC1,1,Piemonte,Piemonte,4356406,743395,17.06,0.54
55,2021-02-02,PIE,10237,3507,6730,6871,2048,1317,0,0,0,0,0,0,1,815,9422,ITC,ITC1,1,Piemonte,Piemonte,4356406,753632,17.3,0.23
56,2021-02-11,PIE,6764,2107,4657,3422,1328,2010,3,0,0,0,0,0,1,3006,3758,ITC,ITC1,1,Piemonte,Piemonte,4356406,760396,17.45,0.16
57,2021-03-02,PIE,11191,4502,6689,907,1122,215,2516,0,4,6416,0,9,2,10375,816,ITC,ITC1,1,Piemonte,Piemonte,4356406,771587,17.71,0.26
58,2021-03-07,PIE,11968,4656,7312,1322,1134,111,2050,0,5,7344,0,0,2,11088,880,ITC,ITC1,1,Piemonte,Piemonte,4356406,783555,17.99,0.27
59,2021-01-14,PIE,9764,3151,6613,6181,2097,1484,0,0,0,0,0,0,2,9764,0,ITC,ITC1,1,Piemonte,Piemonte,4356406,793319,18.21,0.22
60,2021-03-25,PIE,17056,7200,9856,1035,963,599,1375,4,25,12004,568,476,7,8421,8635,ITC,ITC1,1,Piemonte,Piemonte,4356406,810375,18.6,0.39
61,2021-01-23,PIE,4257,1325,2932,3212,524,520,0,0,0,1,0,0,0,879,3378,ITC,ITC1,1,Piemonte,Piemonte,4356406,814632,18.7,0.1
62,2021-03-13,PIE,13033,4717,8316,1169,996,158,2138,1,3,8559,0,4,5,11590,1443,ITC,ITC1,1,Piemonte,Piemonte,4356406,827665,19.0,0.3
63,2021-01-17,PIE,3517,1168,2349,2081,596,840,0,0,0,0,0,0,0,2870,647,ITC,ITC1,1,Piemonte,Piemonte,4356406,831182,19.08,0.08
64,2021-04-08,PIE,25072,10894,14178,1057,521,274,412,25,7377,11249,4034,117,6,20353,4719,ITC,ITC1,1,Piemonte,Piemonte,4356406,856254,19.66,0.58
65,2021-05-08,PIE,33550,15930,17620,234,200,29,1188,9296,4815,3793,13504,409,82,18017,15533,ITC,ITC1,1,Piemonte,Piemonte,4356406,889804,20.43,0.77
66,2021-03-14,PIE,8200,3331,4869,794,588,2,990,0,5,5815,0,1,5,5307,2893,ITC,ITC1,1,Piemonte,Piemonte,4356406,898004,20.61,0.19
67,2021-01-31,PIE,4106,1748,2358,3076,655,375,0,0,0,0,0,0,0,112,3994,ITC,ITC1,1,Piemonte,Piemonte,4356406,902110,20.71,0.09
68,2021-01-26,PIE,6330,1879,4451,4727,873,728,0,0,0,0,0,0,2,735,5595,ITC,ITC1,1,Piemonte,Piemonte,4356406,908440,20.85,0.15
69,2021-02-04,PIE,10200,3337,6863,6236,2199,1763,0,0,0,0,0,0,2,588,9612,ITC,ITC1,1,Piemonte,Piemonte,4356406,918640,21.09,0.23
70,2021-04-24,PIE,27347,12383,14964,461,169,21,23,2677,8339,5214,10365,48,30,21713,5634,ITC,ITC1,1,Piemonte,Piemonte,4356406,945987,21.71,0.63
71,2021-03-17,PIE,12510,5051,7459,2083,806,236,9,1,9,9100,10,250,6,5222,7288,ITC,ITC1,1,Piemonte,Piemonte,4356406,958497,22.0,0.29
72,2021-04-26,PIE,19662,8700,10962,306,100,84,44,1594,3371,4828,9311,11,13,15285,4377,ITC,ITC1,1,Piemonte,Piemonte,4356406,978159,22.45,0.45
73,2021-02-10,PIE,7533,2370,5163,3905,1530,2097,0,0,0,0,0,0,1,1316,6217,ITC,ITC1,1,Piemonte,Piemonte,4356406,985692,22.63,0.17
74,2021-02-18,PIE,4787,2092,2695,2254,1898,624,2,0,0,0,0,2,7,4357,430,ITC,ITC1,1,Piemonte,Piemonte,4356406,990479,22.74,0.11
75,2021-03-28,PIE,16035,6892,9143,926,1914,34,2480,3,461,8926,1076,208,7,8427,7608,ITC,ITC1,1,Piemonte,Piemonte,4356406,1006514,23.1,0.37
76,2020-12-30,PIE,730,322,408,685,45,0,0,0,0,0,0,0,0,730,0,ITC,ITC1,1,Piemonte,Piemonte,4356406,1007244,23.12,0.02
77,2021-03-19,PIE,11014,4509,6505,1127,650,432,271,3,19,8180,25,301,6,4413,6601,ITC,ITC1,1,Piemonte,Piemonte,4356406,1018258,23.37,0.25
78,2020-12-31,PIE,3909,1334,2575,3415,356,134,0,0,0,0,0,0,4,3909,0,ITC,ITC1,1,Piemonte,Piemonte,4356406,1022167,23.46,0.09
79,2021-04-06,PIE,20207,8789,11418,648,591,260,1319,16,5173,9652,2410,113,25,15029,5178,ITC,ITC1,1,Piemonte,Piemonte,4356406,1042374,23.93,0.46
80,2021-02-07,PIE,3087,974,2113,1648,662,777,0,0,0,0,0,0,0,445,2642,ITC,ITC1,1,Piemonte,Piemonte,4356406,1045461,24.0,0.07
81,2021-04-12,PIE,22905,10342,12563,612,296,245,60,242,7776,7335,6282,10,47,19922,2983,ITC,ITC1,1,Piemonte,Piemonte,4356406,1068366,24.52,0.53
82,2021-01-08,PIE,5531,1761,3770,4078,1027,422,0,0,0,0,0,0,4,5531,0,ITC,ITC1,1,Piemonte,Piemonte,4356406,1073897,24.65,0.13
83,2021-03-18,PIE,11741,4798,6943,1464,770,343,18,3,14,8872,10,235,12,4028,7713,ITC,ITC1,1,Piemonte,Piemonte,4356406,1085638,24.92,0.27
84,2021-04-11,PIE,20817,9314,11503,401,231,69,254,217,7639,6876,5115,5,10,18656,2161,ITC,ITC1,1,Piemonte,Piemonte,4356406,1106455,25.4,0.48
85,2021-01-21,PIE,6881,2314,4567,4707,840,1319,0,3,0,0,0,0,12,3385,3496,ITC,ITC1,1,Piemonte,Piemonte,4356406,1113336,25.56,0.16
86,2021-02-26,PIE,12287,4929,7358,843,1436,490,2900,0,1,6614,0,2,1,11551,736,ITC,ITC1,1,Piemonte,Piemonte,4356406,1125623,25.84,0.28
87,2021-03-03,PIE,12116,4642,7474,1103,1025,257,2665,0,2,7059,0,5,0,11297,819,ITC,ITC1,1,Piemonte,Piemonte,4356406,1137739,26.12,0.28
88,2021-03-05,PIE,15262,5957,9305,2540,2010,655,2371,1,5,7673,1,6,0,11446,3816,ITC,ITC1,1,Piemonte,Piemonte,4356406,1153001,26.47,0.35
89,2021-02-23,PIE,9232,3713,5519,2298,1346,389,1052,0,2,4107,0,33,5,8652,580,ITC,ITC1,1,Piemonte,Piemonte,4356406,1162233,26.68,0.21
90,2021-01-25,PIE,6213,1938,4275,4788,860,562,0,0,1,1,0,0,1,983,5230,ITC,ITC1,1,Piemonte,Piemonte,4356406,1168446,26.82,0.14
91,2021-01-01,PIE,1038,395,643,922,116,0,0,0,0,0,0,0,0,1038,0,ITC,ITC1,1,Piemonte,Piemonte,4356406,1169484,26.85,0.02
92,2021-04-04,PIE,9247,4055,5192,196,302,0,294,0,2040,4226,2173,11,5,6535,2712,ITC,ITC1,1,Piemonte,Piemonte,4356406,1178731,27.06,0.21
93,2020-12-27,PIE,913,369,544,761,73,76,0,1,0,0,0,0,2,913,0,ITC,ITC1,1,Piemonte,Piemonte,4356406,1179644,27.08,0.02
94,2021-01-22,PIE,3866,1249,2617,2279,650,934,0,1,0,1,0,0,1,2525,1341,ITC,ITC1,1,Piemonte,Piemonte,4356406,1183510,27.17,0.09
95,2021-03-06,PIE,13988,5209,8779,2262,1126,462,2697,1,2,7437,1,0,0,11199,2789,ITC,ITC1,1,Piemonte,Piemonte,4356406,1197498,27.49,0.32
96,2021-03-16,PIE,10517,4267,6250,2231,870,322,13,7,10,6798,65,162,39,4462,6055,ITC,ITC1,1,Piemonte,Piemonte,4356406,1208015,27.73,0.24
97,2021-04-22,PIE,27532,12674,14858,601,332,422,60,1654,5404,6533,12462,20,44,20849,6683,ITC,ITC1,1,Piemonte,Piemonte,4356406,1235547,28.36,0.63
98,2021-04-21,PIE,25624,11780,13844,798,357,264,45,1397,7165,6136,9431,11,20,20314,5310,ITC,ITC1,1,Piemonte,Piemonte,4356406,1261171,28.95,0.59
99,2021-03-12,PIE,13935,5180,8755,2143,1295,471,2274,0,4,7628,13,106,1,11000,2935,ITC,ITC1,1,Piemonte,Piemonte,4356406,1275106,29.27,0.32
100,2021-04-18,PIE,22894,10802,12092,341,241,24,46,912,5630,4381,11292,10,17,20142,2752,ITC,ITC1,1,Piemonte,Piemonte,4356406,1298000,29.8,0.53
101,2021-05-07,PIE,32594,15429,17165,543,194,268,411,9282,5563,3748,12076,464,45,18718,13876,ITC,ITC1,1,Piemonte,Piemonte,4356406,1330594,30.54,0.75
102,2021-03-10,PIE,13625,5164,8461,1666,1339,280,2240,1,7,8017,1,73,1,11331,2294,ITC,ITC1,1,Piemonte,Piemonte,4356406,1344219,30.86,0.31
103,2021-04-17,PIE,30290,14077,16213,746,318,116,56,2804,9980,4899,11347,9,15,27013,3277,ITC,ITC1,1,Piemonte,Piemonte,4356406,1374509,31.55,0.7
104,2021-02-08,PIE,6916,2355,4561,3786,1557,1572,0,0,0,0,0,0,1,666,6250,ITC,ITC1,1,Piemonte,Piemonte,4356406,1381425,31.71,0.16
105,2021-04-29,PIE,48129,21782,26347,1226,560,301,62,9545,11316,9152,15708,164,95,35581,12548,ITC,ITC1,1,Piemonte,Piemonte,4356406,1429554,32.81,1.1
106,2021-02-22,PIE,8467,3464,5003,1705,1397,512,920,2,4,3914,0,10,3,7877,590,ITC,ITC1,1,Piemonte,Piemonte,4356406,1438021,33.01,0.19
107,2021-04-03,PIE,19390,8118,11272,309,237,76,540,15,2976,13412,1664,114,47,10843,8547,ITC,ITC1,1,Piemonte,Piemonte,4356406,1457411,33.45,0.45
108,2021-05-06,PIE,32981,15554,17427,479,183,270,194,10251,5290,3792,11804,625,93,19634,13347,ITC,ITC1,1,Piemonte,Piemonte,4356406,1490392,34.21,0.76
109,2021-02-28,PIE,10813,4059,6754,642,501,53,2791,1,1,6822,0,0,2,10573,240,ITC,ITC1,1,Piemonte,Piemonte,4356406,1501205,34.46,0.25
110,2021-02-21,PIE,5086,2080,3006,685,263,47,737,0,0,3353,0,0,1,4984,102,ITC,ITC1,1,Piemonte,Piemonte,4356406,1506291,34.58,0.12
111,2021-01-10,PIE,5214,2275,2939,3910,783,519,0,0,0,0,0,0,2,5214,0,ITC,ITC1,1,Piemonte,Piemonte,4356406,1511505,34.7,0.12
112,2021-04-27,PIE,22508,10183,12325,356,212,156,80,3087,3890,4994,9684,31,18,17403,5105,ITC,ITC1,1,Piemonte,Piemonte,4356406,1534013,35.21,0.52
113,2021-04-14,PIE,27657,12543,15114,874,439,448,60,784,10251,7070,7703,9,19,23145,4512,ITC,ITC1,1,Piemonte,Piemonte,4356406,1561670,35.85,0.63
114,2021-01-12,PIE,10047,3404,6643,6863,2009,1170,0,2,0,0,0,0,3,10047,0,ITC,ITC1,1,Piemonte,Piemonte,4356406,1571717,36.08,0.23
115,2021-03-21,PIE,10706,4734,5972,585,1475,9,1318,2,165,7017,1,133,1,4183,6523,ITC,ITC1,1,Piemonte,Piemonte,4356406,1582423,36.32,0.25
116,2021-03-29,PIE,15133,6372,8761,415,543,137,1330,1,1259,10371,733,342,2,8522,6611,ITC,ITC1,1,Piemonte,Piemonte,4356406,1597556,36.67,0.35
117,2021-04-23,PIE,27331,12563,14768,701,274,273,30,1805,5269,6455,12461,41,22,20578,6753,ITC,ITC1,1,Piemonte,Piemonte,4356406,1624887,37.3,0.63
118,2021-03-15,PIE,10645,4155,6490,1716,1460,231,1470,2,5,5731,0,28,2,5029,5616,ITC,ITC1,1,Piemonte,Piemonte,4356406,1635532,37.54,0.24
119,2021-03-30,PIE,16886,7030,9856,783,436,287,994,7,1375,12122,580,297,5,9015,7871,ITC,ITC1,1,Piemonte,Piemonte,4356406,1652418,37.93,0.39
120,2021-01-30,PIE,5978,2135,3843,4375,1108,495,0,0,0,0,0,0,0,218,5760,ITC,ITC1,1,Piemonte,Piemonte,4356406,1658396,38.07,0.14
121,2021-04-16,PIE,28210,13152,15058,1045,469,450,77,1629,7591,5836,11076,5,32,23296,4914,ITC,ITC1,1,Piemonte,Piemonte,4356406,1686606,38.72,0.65
122,2021-05-01,PIE,28484,12972,15512,439,275,58,88,3536,8847,6948,8195,74,24,16691,11793,ITC,ITC1,1,Piemonte,Piemonte,4356406,1715090,39.37,0.65
123,2021-05-05,PIE,31884,14922,16962,787,408,221,206,9654,5939,5005,9254,379,31,18953,12931,ITC,ITC1,1,Piemonte,Piemonte,4356406,1746974,40.1,0.73
124,2021-01-13,PIE,10080,3223,6857,6488,2259,1329,0,0,0,0,0,0,4,10080,0,ITC,ITC1,1,Piemonte,Piemonte,4356406,1757054,40.33,0.23
125,2021-05-03,PIE,26549,12120,14429,689,303,65,96,3906,4658,7562,9127,104,39,12424,14125,ITC,ITC1,1,Piemonte,Piemonte,4356406,1783603,40.94,0.61
126,2020-12-28,PIE,1,1,0,1,0,0,0,0,0,0,0,0,0,1,0,ITC,ITC1,1,Piemonte,Piemonte,4356406,1783604,40.94,0.0
127,2021-04-13,PIE,25873,11576,14297,666,266,261,121,900,10392,7025,6212,7,23,22434,3439,ITC,ITC1,1,Piemonte,Piemonte,4356406,1809477,41.54,0.59
128,2021-02-06,PIE,7983,2664,5319,5101,1629,1251,0,0,0,1,0,0,1,400,7583,ITC,ITC1,1,Piemonte,Piemonte,4356406,1817460,41.72,0.18
129,2021-04-10,PIE,30127,13399,16728,902,456,138,134,359,11967,10226,5921,15,9,25848,4279,ITC,ITC1,1,Piemonte,Piemonte,4356406,1847587,42.41,0.69
130,2021-03-22,PIE,11448,4851,6597,880,909,191,1219,1,9,7914,74,249,2,3865,7583,ITC,ITC1,1,Piemonte,Piemonte,4356406,1859035,42.67,0.26
131,2021-03-04,PIE,14485,5729,8756,2185,1951,609,2195,0,2,7535,0,4,4,11536,2949,ITC,ITC1,1,Piemonte,Piemonte,4356406,1873520,43.01,0.33
132,2021-03-24,PIE,15500,6338,9162,1072,766,506,840,5,21,11510,394,376,10,6374,9126,ITC,ITC1,1,Piemonte,Piemonte,4356406,1889020,43.36,0.36
133,2021-01-02,PIE,3545,1134,2411,3081,407,53,0,1,0,1,0,0,2,3545,0,ITC,ITC1,1,Piemonte,Piemonte,4356406,1892565,43.44,0.08
134,2021-01-24,PIE,3153,959,2194,2636,370,146,0,0,0,0,0,0,1,434,2719,ITC,ITC1,1,Piemonte,Piemonte,4356406,1895718,43.52,0.07
135,2021-03-23,PIE,13046,5444,7602,692,1020,260,1334,5,15,9241,286,178,15,6806,6240,ITC,ITC1,1,Piemonte,Piemonte,4356406,1908764,43.82,0.3
136,2021-02-01,UMB,1285,342,943,877,35,373,0,0,0,0,0,0,0,48,1237,ITI,ITI2,10,Umbria,Umbria,882015,1285,0.15,0.15
137,2021-04-12,UMB,7082,3075,4007,204,17,0,17,30,2426,2910,1462,4,12,5365,1717,ITI,ITI2,10,Umbria,Umbria,882015,8367,0.95,0.8
138,2021-02-20,UMB,282,100,182,83,7,39,0,0,0,152,0,0,1,258,24,ITI,ITI2,10,Umbria,Umbria,882015,8649,0.98,0.03
139,2021-05-03,UMB,5074,2262,2812,189,22,12,12,16,106,1451,3230,35,1,2188,2886,ITI,ITI2,10,Umbria,Umbria,882015,13723,1.56,0.58
140,2021-01-02,UMB,304,111,193,304,0,0,0,0,0,0,0,0,0,304,0,ITI,ITI2,10,Umbria,Umbria,882015,14027,1.59,0.03
141,2021-01-11,UMB,1315,346,969,880,14,415,0,1,0,0,0,0,5,1315,0,ITI,ITI2,10,Umbria,Umbria,882015,15342,1.74,0.15
142,2021-03-09,UMB,4051,1971,2080,143,568,122,23,0,1,2915,7,217,55,2759,1292,ITI,ITI2,10,Umbria,Umbria,882015,19393,2.2,0.46
143,2021-01-25,UMB,648,323,325,646,2,0,0,0,0,0,0,0,0,5,643,ITI,ITI2,10,Umbria,Umbria,882015,20041,2.27,0.07
144,2021-01-19,UMB,103,23,80,21,2,80,0,0,0,0,0,0,0,103,0,ITI,ITI2,10,Umbria,Umbria,882015,20144,2.28,0.01
145,2021-02-06,UMB,396,138,258,333,47,16,0,0,0,0,0,0,0,34,362,ITI,ITI2,10,Umbria,Umbria,882015,20540,2.33,0.04
146,2021-01-04,UMB,810,398,412,810,0,0,0,0,0,0,0,0,0,810,0,ITI,ITI2,10,Umbria,Umbria,882015,21350,2.42,0.09
147,2021-04-10,UMB,7442,3499,3943,81,62,30,50,49,2475,691,3972,18,14,7329,113,ITI,ITI2,10,Umbria,Umbria,882015,28792,3.26,0.84
148,2021-05-12,UMB,4383,2072,2311,199,11,18,1,30,53,996,3071,0,4,2534,1849,ITI,ITI2,10,Umbria,Umbria,882015,33175,3.76,0.5
149,2021-02-05,UMB,780,234,546,645,51,84,0,0,0,0,0,0,0,18,762,ITI,ITI2,10,Umbria,Umbria,882015,33955,3.85,0.09
150,2021-02-03,UMB,725,174,551,560,34,131,0,0,0,0,0,0,0,67,658,ITI,ITI2,10,Umbria,Umbria,882015,34680,3.93,0.08
151,2021-02-26,UMB,660,253,407,386,73,40,3,0,0,154,0,4,0,652,8,ITI,ITI2,10,Umbria,Umbria,882015,35340,4.01,0.07
152,2021-01-07,UMB,1300,387,913,893,1,404,0,0,0,1,0,0,1,1300,0,ITI,ITI2,10,Umbria,Umbria,882015,36640,4.15,0.15
153,2021-03-11,UMB,3565,1697,1868,144,652,263,158,0,0,2018,1,291,38,2559,1006,ITI,ITI2,10,Umbria,Umbria,882015,40205,4.56,0.4
154,2021-03-14,UMB,66,48,18,0,6,1,4,6,2,0,0,0,47,66,0,ITI,ITI2,10,Umbria,Umbria,882015,40271,4.57,0.01
155,2021-04-27,UMB,5627,2391,3236,200,11,1,8,28,1145,2471,1731,8,24,3064,2563,ITI,ITI2,10,Umbria,Umbria,882015,45898,5.2,0.64
156,2021-04-22,UMB,5405,2223,3182,258,21,76,5,37,781,3013,1199,7,8,2749,2656,ITI,ITI2,10,Umbria,Umbria,882015,51303,5.82,0.61
157,2021-04-24,UMB,4547,1958,2589,42,15,0,81,35,1121,1070,2178,3,2,3376,1171,ITI,ITI2,10,Umbria,Umbria,882015,55850,6.33,0.52
158,2021-04-30,UMB,6188,2952,3236,74,28,47,77,23,379,281,5263,8,8,2803,3385,ITI,ITI2,10,Umbria,Umbria,882015,62038,7.03,0.7
159,2021-01-06,UMB,846,325,521,843,0,0,0,1,0,0,0,0,2,846,0,ITI,ITI2,10,Umbria,Umbria,882015,62884,7.13,0.1
160,2021-03-10,UMB,4012,1927,2085,123,785,180,75,3,3,2566,6,263,8,2756,1256,ITI,ITI2,10,Umbria,Umbria,882015,66896,7.58,0.45
161,2021-02-16,UMB,1308,655,653,34,4,0,0,2,1,1263,4,0,0,1299,9,ITI,ITI2,10,Umbria,Umbria,882015,68204,7.73,0.15
162,2021-04-21,UMB,5288,2300,2988,237,9,1,9,74,1052,2692,1201,5,8,3068,2220,ITI,ITI2,10,Umbria,Umbria,882015,73492,8.33,0.6
163,2021-03-06,UMB,4267,1110,3157,422,186,26,2322,6,5,1128,0,125,47,4124,143,ITI,ITI2,10,Umbria,Umbria,882015,77759,8.82,0.48
164,2021-02-17,UMB,1618,748,870,363,4,0,1,0,6,1240,1,0,3,1267,351,ITI,ITI2,10,Umbria,Umbria,882015,79377,9.0,0.18
165,2021-03-01,UMB,1503,774,729,110,10,0,1,0,0,1249,0,133,0,1389,114,ITI,ITI2,10,Umbria,Umbria,882015,80880,9.17,0.17
166,2021-01-05,UMB,854,429,425,851,0,0,0,1,0,0,0,0,2,854,0,ITI,ITI2,10,Umbria,Umbria,882015,81734,9.27,0.1
167,2021-04-03,UMB,2108,716,1392,143,208,30,216,5,32,1280,169,22,3,1057,1051,ITI,ITI2,10,Umbria,Umbria,882015,83842,9.51,0.24
168,2021-02-24,UMB,1520,565,955,1083,45,90,0,1,0,292,0,9,0,1505,15,ITI,ITI2,10,Umbria,Umbria,882015,85362,9.68,0.17
169,2021-01-16,UMB,221,73,148,146,32,43,0,0,0,0,0,0,0,221,0,ITI,ITI2,10,Umbria,Umbria,882015,85583,9.7,0.03
170,2021-04-01,UMB,4320,1788,2532,204,14,309,19,5,7,3258,452,5,47,2323,1997,ITI,ITI2,10,Umbria,Umbria,882015,89903,10.19,0.49
171,2021-03-20,UMB,2297,832,1465,317,682,21,1200,0,0,0,0,72,5,2272,25,ITI,ITI2,10,Umbria,Umbria,882015,92200,10.45,0.26
172,2021-02-08,UMB,637,203,434,368,111,154,0,0,0,0,0,4,0,88,549,ITI,ITI2,10,Umbria,Umbria,882015,92837,10.53,0.07
173,2021-01-15,UMB,701,215,486,590,44,67,0,0,0,0,0,0,0,701,0,ITI,ITI2,10,Umbria,Umbria,882015,93538,10.61,0.08
174,2021-01-09,UMB,1745,499,1246,894,7,844,0,0,0,0,0,0,0,1745,0,ITI,ITI2,10,Umbria,Umbria,882015,95283,10.8,0.2
175,2021-03-29,UMB,3799,1648,2151,247,42,58,26,9,11,2832,534,21,19,2320,1479,ITI,ITI2,10,Umbria,Umbria,882015,99082,11.23,0.43
176,2021-01-14,UMB,752,201,551,697,35,19,1,0,0,0,0,0,0,752,0,ITI,ITI2,10,Umbria,Umbria,882015,99834,11.32,0.09
177,2021-05-06,UMB,9372,4274,5098,216,33,27,4,205,3755,1560,3560,4,8,6083,3289,ITI,ITI2,10,Umbria,Umbria,882015,109206,12.38,1.06
178,2021-03-05,UMB,4591,1379,3212,604,320,7,2554,2,1,712,0,383,8,3935,656,ITI,ITI2,10,Umbria,Umbria,882015,113797,12.9,0.52
179,2021-02-02,UMB,944,274,670,714,17,212,0,0,0,0,0,0,1,32,912,ITI,ITI2,10,Umbria,Umbria,882015,114741,13.01,0.11
180,2021-04-18,UMB,1529,680,849,67,11,0,41,2,171,840,376,21,0,599,930,ITI,ITI2,10,Umbria,Umbria,882015,116270,13.18,0.17
181,2021-03-15,UMB,4596,1930,2666,1426,264,79,263,2,1,2343,7,206,5,2828,1768,ITI,ITI2,10,Umbria,Umbria,882015,120866,13.7,0.52
182,2021-02-10,UMB,715,349,366,606,106,3,0,0,0,0,0,0,0,700,15,ITI,ITI2,10,Umbria,Umbria,882015,121581,13.78,0.08
183,2021-04-14,UMB,8141,3670,4471,226,35,15,19,59,2924,3149,1695,12,7,6162,1979,ITI,ITI2,10,Umbria,Umbria,882015,129722,14.71,0.92
184,2021-03-07,UMB,845,180,665,17,82,25,676,0,0,45,0,0,0,838,7,ITI,ITI2,10,Umbria,Umbria,882015,130567,14.8,0.1
185,2021-01-13,UMB,450,139,311,379,29,42,0,0,0,0,0,0,0,450,0,ITI,ITI2,10,Umbria,Umbria,882015,131017,14.85,0.05
186,2021-03-13,UMB,1731,524,1207,120,154,49,1152,3,0,152,0,91,10,1486,245,ITI,ITI2,10,Umbria,Umbria,882015,132748,15.05,0.2
187,2021-01-18,UMB,614,219,395,348,114,144,0,2,1,0,0,0,5,529,85,ITI,ITI2,10,Umbria,Umbria,882015,133362,15.12,0.07
188,2021-04-07,UMB,5530,2280,3250,482,42,92,19,9,922,3183,759,18,4,3525,2005,ITI,ITI2,10,Umbria,Umbria,882015,138892,15.75,0.63
189,2021-02-15,UMB,1368,692,676,10,4,0,0,0,1,1351,2,0,0,1367,1,ITI,ITI2,10,Umbria,Umbria,882015,140260,15.9,0.16
190,2021-03-27,UMB,4252,1512,2740,752,595,1,576,4,7,2238,1,24,54,3912,340,ITI,ITI2,10,Umbria,Umbria,882015,144512,16.38,0.48
191,2021-03-04,UMB,4485,1853,2632,849,184,4,1466,2,0,1563,0,410,7,3657,828,ITI,ITI2,10,Umbria,Umbria,882015,148997,16.89,0.51
192,2021-04-02,UMB,4263,1708,2555,376,318,68,331,3,23,886,2155,35,68,3516,747,ITI,ITI2,10,Umbria,Umbria,882015,153260,17.38,0.48
193,2021-01-27,UMB,840,330,510,839,1,0,0,0,0,0,0,0,0,13,827,ITI,ITI2,10,Umbria,Umbria,882015,154100,17.47,0.1
194,2021-02-13,UMB,115,28,87,68,46,0,0,0,0,1,0,0,0,112,3,ITI,ITI2,10,Umbria,Umbria,882015,154215,17.48,0.01
195,2021-01-26,UMB,816,390,426,815,1,0,0,0,0,0,0,0,0,18,798,ITI,ITI2,10,Umbria,Umbria,882015,155031,17.58,0.09
196,2021-01-20,UMB,613,222,391,583,15,14,1,0,0,0,0,0,0,613,0,ITI,ITI2,10,Umbria,Umbria,882015,155644,17.65,0.07
197,2021-02-12,UMB,671,224,447,459,208,1,2,0,0,1,0,0,0,665,6,ITI,ITI2,10,Umbria,Umbria,882015,156315,17.72,0.08
198,2021-01-31,UMB,1058,276,782,767,10,281,0,0,0,0,0,0,0,25,1033,ITI,ITI2,10,Umbria,Umbria,882015,157373,17.84,0.12
199,2021-03-30,UMB,3947,1705,2242,179,31,108,20,0,0,3074,432,15,88,2415,1532,ITI,ITI2,10,Umbria,Umbria,882015,161320,18.29,0.45
200,2021-05-08,UMB,8039,3708,4331,52,35,1,113,221,2125,617,4844,11,20,4866,3173,ITI,ITI2,10,Umbria,Umbria,882015,169359,19.2,0.91
201,2021-04-13,UMB,7670,3396,4274,218,23,21,19,61,2862,2875,1573,8,10,6001,1669,ITI,ITI2,10,Umbria,Umbria,882015,177029,20.07,0.87
202,2021-01-03,UMB,270,112,158,270,0,0,0,0,0,0,0,0,0,270,0,ITI,ITI2,10,Umbria,Umbria,882015,177299,20.1,0.03
203,2021-01-22,UMB,276,105,171,273,1,2,0,0,0,0,0,0,0,32,244,ITI,ITI2,10,Umbria,Umbria,882015,177575,20.13,0.03
204,2021-04-17,UMB,6661,3056,3605,164,31,23,127,39,1754,1444,3061,11,7,5321,1340,ITI,ITI2,10,Umbria,Umbria,882015,184236,20.89,0.76
205,2021-05-07,UMB,9937,4611,5326,120,43,106,162,379,3172,707,5197,14,37,6746,3191,ITI,ITI2,10,Umbria,Umbria,882015,194173,22.01,1.13
206,2021-03-08,UMB,3668,1799,1869,141,289,46,42,0,1,2855,2,292,0,2305,1363,ITI,ITI2,10,Umbria,Umbria,882015,197841,22.43,0.42
207,2021-01-23,UMB,280,100,180,279,1,0,0,0,0,0,0,0,0,2,278,ITI,ITI2,10,Umbria,Umbria,882015,198121,22.46,0.03
208,2021-05-05,UMB,7141,3266,3875,185,32,22,11,71,1397,1569,3835,11,8,3850,3291,ITI,ITI2,10,Umbria,Umbria,882015,205262,23.27,0.81
209,2021-02-04,UMB,733,226,507,693,20,20,0,0,0,0,0,0,0,25,708,ITI,ITI2,10,Umbria,Umbria,882015,205995,23.36,0.08
210,2021-03-02,UMB,3640,1345,2295,318,234,55,1446,0,1,1303,0,283,0,3636,4,ITI,ITI2,10,Umbria,Umbria,882015,209635,23.77,0.41
211,2021-03-17,UMB,3331,1313,2018,1430,55,131,16,2,0,1684,1,8,4,1859,1472,ITI,ITI2,10,Umbria,Umbria,882015,212966,24.15,0.38
212,2021-04-08,UMB,5830,2464,3366,343,28,287,12,23,1401,2905,810,13,8,4035,1795,ITI,ITI2,10,Umbria,Umbria,882015,218796,24.81,0.66
213,2021-03-22,UMB,3559,1654,1905,163,235,0,147,3,2,2830,0,174,5,2313,1246,ITI,ITI2,10,Umbria,Umbria,882015,222355,25.21,0.4
214,2021-01-28,UMB,1247,394,853,898,4,345,0,0,0,0,0,0,0,19,1228,ITI,ITI2,10,Umbria,Umbria,882015,223602,25.35,0.14
215,2021-01-10,UMB,1070,277,793,745,3,318,0,1,1,1,0,0,1,1070,0,ITI,ITI2,10,Umbria,Umbria,882015,224672,25.47,0.12
216,2021-03-31,UMB,3902,1733,2169,178,39,183,23,1,5,2962,425,6,80,2215,1687,ITI,ITI2,10,Umbria,Umbria,882015,228574,25.91,0.44
217,2021-04-06,UMB,5290,2169,3121,599,56,113,29,16,378,3355,713,5,26,2901,2389,ITI,ITI2,10,Umbria,Umbria,882015,233864,26.51,0.6
218,2021-02-27,UMB,1658,354,1304,14,11,13,1560,0,0,0,0,60,0,1642,16,ITI,ITI2,10,Umbria,Umbria,882015,235522,26.7,0.19
219,2020-12-31,UMB,322,127,195,310,0,0,0,2,0,0,0,0,10,322,0,ITI,ITI2,10,Umbria,Umbria,882015,235844,26.74,0.04
220,2021-02-23,UMB,1693,658,1035,1187,95,17,0,0,0,394,0,0,0,1651,42,ITI,ITI2,10,Umbria,Umbria,882015,237537,26.93,0.19
221,2021-03-03,UMB,4437,1772,2665,720,247,86,1534,0,0,1519,0,329,2,3725,712,ITI,ITI2,10,Umbria,Umbria,882015,241974,27.43,0.5
222,2021-03-21,UMB,665,330,335,31,285,0,64,34,6,0,0,34,211,665,0,ITI,ITI2,10,Umbria,Umbria,882015,242639,27.51,0.08
223,2021-02-18,UMB,1496,582,914,325,14,170,0,0,0,985,1,0,1,1030,466,ITI,ITI2,10,Umbria,Umbria,882015,244135,27.68,0.17
224,2021-01-08,UMB,1190,345,845,942,8,239,0,0,1,0,0,0,0,1190,0,ITI,ITI2,10,Umbria,Umbria,882015,245325,27.81,0.13
225,2021-04-11,UMB,3102,1503,1599,30,1,2,4,23,924,137,1942,39,0,3053,49,ITI,ITI2,10,Umbria,Umbria,882015,248427,28.17,0.35
226,2021-04-05,UMB,4250,1728,2522,764,22,69,26,3,89,2653,615,6,3,2195,2055,ITI,ITI2,10,Umbria,Umbria,882015,252677,28.65,0.48
227,2021-04-25,UMB,4362,1685,2677,12,13,8,1,20,187,3996,124,1,0,4280,82,ITI,ITI2,10,Umbria,Umbria,882015,257039,29.14,0.49
228,2021-04-04,UMB,59,20,39,0,0,0,0,0,22,37,0,0,0,23,36,ITI,ITI2,10,Umbria,Umbria,882015,257098,29.15,0.01
229,2021-04-28,UMB,5320,2305,3015,183,37,15,4,28,1104,2167,1774,6,2,2938,2382,ITI,ITI2,10,Umbria,Umbria,882015,262418,29.75,0.6
230,2021-04-20,UMB,5432,2352,3080,203,18,27,16,37,1322,2525,1278,0,6,3485,1947,ITI,ITI2,10,Umbria,Umbria,882015,267850,30.37,0.62
231,2021-02-25,UMB,1336,497,839,827,96,99,6,1,0,305,0,0,2,1284,52,ITI,ITI2,10,Umbria,Umbria,882015,269186,30.52,0.15
232,2021-03-26,UMB,4570,1682,2888,570,496,91,738,2,4,2488,0,155,26,4398,172,ITI,ITI2,10,Umbria,Umbria,882015,273756,31.04,0.52
233,2021-02-19,UMB,743,293,450,282,12,14,0,0,0,433,2,0,0,526,217,ITI,ITI2,10,Umbria,Umbria,882015,274499,31.12,0.08
234,2021-04-23,UMB,6590,2780,3810,66,36,83,92,51,1136,1007,4097,8,14,3475,3115,ITI,ITI2,10,Umbria,Umbria,882015,281089,31.87,0.75
235,2021-01-29,UMB,1232,348,884,944,16,272,0,0,0,0,0,0,0,79,1153,ITI,ITI2,10,Umbria,Umbria,882015,282321,32.01,0.14
236,2021-02-07,UMB,54,17,37,46,8,0,0,0,0,0,0,0,0,1,53,ITI,ITI2,10,Umbria,Umbria,882015,282375,32.01,0.01
237,2021-03-16,UMB,3538,1454,2084,1634,79,98,11,0,2,1708,1,0,5,1911,1627,ITI,ITI2,10,Umbria,Umbria,882015,285913,32.42,0.4
238,2021-03-12,UMB,2652,1039,1613,113,454,59,1194,2,0,465,2,309,54,2154,498,ITI,ITI2,10,Umbria,Umbria,882015,288565,32.72,0.3
239,2021-04-09,UMB,6787,3160,3627,105,62,66,86,35,1801,709,3890,10,23,6571,216,ITI,ITI2,10,Umbria,Umbria,882015,295352,33.49,0.77
240,2021-01-30,UMB,1590,490,1100,852,18,719,0,0,0,1,0,0,0,44,1546,ITI,ITI2,10,Umbria,Umbria,882015,296942,33.67,0.18
241,2021-03-25,UMB,3903,1699,2204,260,72,80,32,5,9,3271,1,123,50,2839,1064,ITI,ITI2,10,Umbria,Umbria,882015,300845,34.11,0.44
242,2021-01-24,UMB,258,106,152,258,0,0,0,0,0,0,0,0,0,1,257,ITI,ITI2,10,Umbria,Umbria,882015,301103,34.14,0.03
243,2021-05-10,UMB,5901,2755,3146,173,30,18,5,226,1125,1233,3037,37,17,3749,2152,ITI,ITI2,10,Umbria,Umbria,882015,307004,34.81,0.67
244,2020-12-27,UMB,86,45,41,68,2,16,0,0,0,0,0,0,0,86,0,ITI,ITI2,10,Umbria,Umbria,882015,307090,34.82,0.01
245,2021-03-24,UMB,4072,1760,2312,215,165,1,42,3,2,3531,0,111,2,2749,1323,ITI,ITI2,10,Umbria,Umbria,882015,311162,35.28,0.46
246,2021-03-23,UMB,3796,1685,2111,396,237,12,60,4,3,2854,0,175,55,2167,1629,ITI,ITI2,10,Umbria,Umbria,882015,314958,35.71,0.43
247,2021-05-11,UMB,6065,2752,3313,163,14,21,2,264,1419,1274,2875,9,24,3884,2181,ITI,ITI2,10,Umbria,Umbria,882015,321023,36.4,0.69
248,2021-05-04,UMB,5525,2541,2984,202,22,13,7,28,183,1522,3493,42,13,2406,3119,ITI,ITI2,10,Umbria,Umbria,882015,326548,37.02,0.63
249,2021-05-09,UMB,5747,2748,2999,17,15,0,10,37,530,95,5039,1,3,5357,390,ITI,ITI2,10,Umbria,Umbria,882015,332295,37.67,0.65
250,2021-05-01,UMB,5371,2639,2732,50,19,0,62,13,99,227,4876,23,2,2144,3227,ITI,ITI2,10,Umbria,Umbria,882015,337666,38.28,0.61
251,2021-01-21,UMB,610,202,408,428,13,169,0,0,0,0,0,0,0,341,269,ITI,ITI2,10,Umbria,Umbria,882015,338276,38.35,0.07
252,2021-04-16,UMB,8089,3736,4353,166,34,96,180,90,2596,1903,2978,18,28,6252,1837,ITI,ITI2,10,Umbria,Umbria,882015,346365,39.27,0.92
253,2021-04-26,UMB,5332,2302,3030,202,20,0,8,13,1257,2330,1494,2,6,3089,2243,ITI,ITI2,10,Umbria,Umbria,882015,351697,39.87,0.6
254,2021-04-19,UMB,4993,2205,2788,205,44,34,23,46,787,2514,1322,5,13,2944,2049,ITI,ITI2,10,Umbria,Umbria,882015,356690,40.44,0.57
255,2021-05-02,UMB,3787,1868,1919,36,31,0,19,9,40,67,3575,9,1,1333,2454,ITI,ITI2,10,Umbria,Umbria,882015,360477,40.87,0.43
256,2021-02-22,UMB,1859,778,1081,736,89,1,0,1,2,1007,5,0,18,1773,86,ITI,ITI2,10,Umbria,Umbria,882015,362336,41.08,0.21
257,2021-01-17,UMB,54,17,37,47,7,0,0,0,0,0,0,0,0,54,0,ITI,ITI2,10,Umbria,Umbria,882015,362390,41.09,0.01
258,2021-03-19,UMB,1743,565,1178,462,237,74,724,4,0,192,0,27,23,1087,656,ITI,ITI2,10,Umbria,Umbria,882015,364133,41.28,0.2
259,2021-03-28,UMB,1096,442,654,65,15,5,37,5,7,938,0,24,0,1072,24,ITI,ITI2,10,Umbria,Umbria,882015,365229,41.41,0.12
260,2021-02-11,UMB,842,349,493,735,98,5,3,1,0,0,0,0,0,837,5,ITI,ITI2,10,Umbria,Umbria,882015,366071,41.5,0.1
261,2021-01-12,UMB,838,248,590,677,15,146,0,0,0,0,0,0,0,838,0,ITI,ITI2,10,Umbria,Umbria,882015,366909,41.6,0.1
262,2021-04-29,UMB,5158,2226,2932,204,26,32,8,32,990,2064,1790,6,6,2836,2322,ITI,ITI2,10,Umbria,Umbria,882015,372067,42.18,0.58
263,2021-03-18,UMB,2942,1164,1778,975,124,350,12,3,5,1463,0,3,7,1704,1238,ITI,ITI2,10,Umbria,Umbria,882015,375009,42.52,0.33
264,2021-04-15,UMB,7618,3479,4139,261,34,55,25,76,2572,2865,1668,44,18,5732,1886,ITI,ITI2,10,Umbria,Umbria,882015,382627,43.38,0.86
265,2021-01-01,UMB,274,105,169,273,0,0,0,0,0,0,0,0,1,274,0,ITI,ITI2,10,Umbria,Umbria,882015,382901,43.41,0.03
266,2021-05-03,PAB,1829,846,983,21,8,0,1,313,1166,72,231,4,13,417,1412,ITH,ITH1,4,Provincia Autonoma Bolzano / Bozen,P.A. Bolzano,533050,1829,0.34,0.34
267,2021-01-07,PAB,917,327,590,617,107,0,0,25,16,61,0,0,91,917,0,ITH,ITH1,4,Provincia Autonoma Bolzano / Bozen,P.A. Bolzano,533050,2746,0.52,0.17
268,2021-04-23,PAB,4539,2148,2391,230,109,22,15,1791,718,489,1114,27,24,3249,1290,ITH,ITH1,4,Provincia Autonoma Bolzano / Bozen,P.A. Bolzano,533050,7285,1.37,0.85
269,2021-01-04,PAB,508,201,307,420,49,4,0,6,6,0,0,0,23,508,0,ITH,ITH1,4,Provincia Autonoma Bolzano / Bozen,P.A. Bolzano,533050,7793,1.46,0.1
270,2021-02-20,PAB,1802,540,1262,196,53,24,1009,5,6,477,0,1,31,1784,18,ITH,ITH1,4,Provincia Autonoma Bolzano / Bozen,P.A. Bolzano,533050,9595,1.8,0.34
271,2021-03-11,PAB,1681,823,858,89,309,79,335,3,14,371,87,379,15,1143,538,ITH,ITH1,4,Provincia Autonoma Bolzano / Bozen,P.A. Bolzano,533050,11276,2.12,0.32
272,2021-02-01,PAB,1450,440,1010,773,314,295,1,6,0,2,1,1,57,12,1438,ITH,ITH1,4,Provincia Autonoma Bolzano / Bozen,P.A. Bolzano,533050,12726,2.39,0.27
273,2021-04-05,PAB,301,144,157,4,3,0,1,6,16,62,201,7,1,23,278,ITH,ITH1,4,Provincia Autonoma Bolzano / Bozen,P.A. Bolzano,533050,13027,2.44,0.06
274,2021-05-02,PAB,2457,1288,1169,81,22,3,60,212,227,49,1501,278,24,1536,921,ITH,ITH1,4,Provincia Autonoma Bolzano / Bozen,P.A. Bolzano,533050,15484,2.9,0.46
275,2021-02-05,PAB,3195,1181,2014,762,505,440,0,21,12,1381,0,0,74,8,3187,ITH,ITH1,4,Provincia Autonoma Bolzano / Bozen,P.A. Bolzano,533050,18679,3.5,0.6
276,2021-04-10,PAB,5390,2664,2726,146,54,3,22,183,3270,552,942,200,18,4802,588,ITH,ITH1,4,Provincia Autonoma Bolzano / Bozen,P.A. Bolzano,533050,24069,4.52,1.01
277,2021-02-26,PAB,1525,550,975,62,32,2,333,4,1,1051,2,0,38,1495,30,ITH,ITH1,4,Provincia Autonoma Bolzano / Bozen,P.A. Bolzano,533050,25594,4.8,0.29
278,2021-03-06,PAB,3969,2079,1890,479,164,7,381,10,19,1981,48,859,21,3758,211,ITH,ITH1,4,Provincia Autonoma Bolzano / Bozen,P.A. Bolzano,533050,29563,5.55,0.74
279,2021-02-06,PAB,2626,1171,1455,452,43,6,1,28,76,1932,0,0,88,19,2607,ITH,ITH1,4,Provincia Autonoma Bolzano / Bozen,P.A. Bolzano,533050,32189,6.04,0.49
280,2021-04-30,PAB,3336,1591,1745,182,97,44,16,648,616,143,1366,44,180,1560,1776,ITH,ITH1,4,Provincia Autonoma Bolzano / Bozen,P.A. Bolzano,533050,35525,6.66,0.63
281,2021-01-22,PAB,248,143,105,136,8,84,1,4,0,3,1,0,11,124,124,ITH,ITH1,4,Provincia Autonoma Bolzano / Bozen,P.A. Bolzano,533050,35773,6.71,0.05
282,2021-02-03,PAB,1503,478,1025,666,341,321,0,12,5,72,1,0,85,5,1498,ITH,ITH1,4,Provincia Autonoma Bolzano / Bozen,P.A. Bolzano,533050,37276,6.99,0.28
283,2021-04-17,PAB,5230,2598,2632,69,12,36,76,2791,1237,99,734,161,15,5186,44,ITH,ITH1,4,Provincia Autonoma Bolzano / Bozen,P.A. Bolzano,533050,42506,7.97,0.98
284,2021-04-16,PAB,2949,1418,1531,194,36,5,38,1422,616,115,419,98,6,2438,511,ITH,ITH1,4,Provincia Autonoma Bolzano / Bozen,P.A. Bolzano,533050,45455,8.53,0.55
285,2021-03-13,PAB,2885,1459,1426,168,59,1,20,11,879,1295,58,381,13,2784,101,ITH,ITH1,4,Provincia Autonoma Bolzano / Bozen,P.A. Bolzano,533050,48340,9.07,0.54
286,2021-01-19,PAB,853,371,482,174,55,0,0,7,6,578,3,0,30,723,130,ITH,ITH1,4,Provincia Autonoma Bolzano / Bozen,P.A. Bolzano,533050,49193,9.23,0.16
287,2021-04-03,PAB,831,364,467,9,6,0,0,1,12,799,0,4,0,22,809,ITH,ITH1,4,Provincia Autonoma Bolzano / Bozen,P.A. Bolzano,533050,50024,9.38,0.16
288,2021-04-22,PAB,2921,1499,1422,66,29,16,88,728,614,165,844,350,21,1979,942,ITH,ITH1,4,Provincia Autonoma Bolzano / Bozen,P.A. Bolzano,533050,52945,9.93,0.55
289,2021-03-01,PAB,917,220,697,18,2,5,735,18,0,0,0,0,139,917,0,ITH,ITH1,4,Provincia Autonoma Bolzano / Bozen,P.A. Bolzano,533050,53862,10.1,0.17
290,2021-02-16,PAB,529,205,324,10,1,0,0,0,0,517,1,0,0,529,0,ITH,ITH1,4,Provincia Autonoma Bolzano / Bozen,P.A. Bolzano,533050,54391,10.2,0.1
291,2021-01-06,PAB,59,18,41,57,2,0,0,0,0,0,0,0,0,59,0,ITH,ITH1,4,Provincia Autonoma Bolzano / Bozen,P.A. Bolzano,533050,54450,10.21,0.01
292,2021-03-10,PAB,1261,524,737,660,102,0,118,4,9,134,10,133,91,1118,143,ITH,ITH1,4,Provincia Autonoma Bolzano / Bozen,P.A. Bolzano,533050,55711,10.45,0.24
293,2021-02-14,PAB,297,130,167,0,0,0,0,0,1,296,0,0,0,297,0,ITH,ITH1,4,Provincia Autonoma Bolzano / Bozen,P.A. Bolzano,533050,56008,10.51,0.06
294,2021-01-02,PAB,91,48,43,69,1,0,0,5,1,0,0,0,15,91,0,ITH,ITH1,4,Provincia Autonoma Bolzano / Bozen,P.A. Bolzano,533050,56099,10.52,0.02
295,2021-04-09,PAB,2926,1292,1634,336,113,102,14,47,634,280,1363,13,24,2196,730,ITH,ITH1,4,Provincia Autonoma Bolzano / Bozen,P.A. Bolzano,533050,59025,11.07,0.55
296,2020-12-30,PAB,388,182,206,343,41,0,0,0,0,0,0,0,4,388,0,ITH,ITH1,4,Provincia Autonoma Bolzano / Bozen,P.A. Bolzano,533050,59413,11.15,0.07
297,2021-01-11,PAB,1569,513,1056,586,284,175,0,54,41,161,1,0,267,1569,0,ITH,ITH1,4,Provincia Autonoma Bolzano / Bozen,P.A. Bolzano,533050,60982,11.44,0.29
298,2021-02-08,PAB,2,1,1,0,0,0,0,0,0,1,0,0,1,1,1,ITH,ITH1,4,Provincia Autonoma Bolzano / Bozen,P.A. Bolzano,533050,60984,11.44,0.0
299,2021-02-02,PAB,1745,506,1239,630,370,605,0,9,10,11,0,0,110,8,1737,ITH,ITH1,4,Provincia Autonoma Bolzano / Bozen,P.A. Bolzano,533050,62729,11.77,0.33
300,2021-01-14,PAB,1946,575,1371,521,441,313,0,63,43,329,0,0,236,1946,0,ITH,ITH1,4,Provincia Autonoma Bolzano / Bozen,P.A. Bolzano,533050,64675,12.13,0.37
301,2021-01-15,PAB,3282,1228,2054,608,307,342,0,81,29,1447,0,0,468,3282,0,ITH,ITH1,4,Provincia Autonoma Bolzano / Bozen,P.A. Bolzano,533050,67957,12.75,0.62
302,2021-01-09,PAB,612,326,286,76,28,75,0,66,19,13,0,0,335,612,0,ITH,ITH1,4,Provincia Autonoma Bolzano / Bozen,P.A. Bolzano,533050,68569,12.86,0.11
303,2021-03-19,PAB,1906,773,1133,158,59,15,14,11,138,1182,310,1,18,799,1107,ITH,ITH1,4,Provincia Autonoma Bolzano / Bozen,P.A. Bolzano,533050,70475,13.22,0.36
304,2021-03-29,PAB,1170,499,671,14,2,0,13,1,184,842,85,26,3,411,759,ITH,ITH1,4,Provincia Autonoma Bolzano / Bozen,P.A. Bolzano,533050,71645,13.44,0.22
305,2021-03-15,PAB,1192,451,741,294,97,13,4,15,533,93,66,4,73,710,482,ITH,ITH1,4,Provincia Autonoma Bolzano / Bozen,P.A. Bolzano,533050,72837,13.66,0.22
306,2021-04-24,PAB,5101,2448,2653,294,197,2,7,2727,762,184,859,54,15,4617,484,ITH,ITH1,4,Provincia Autonoma Bolzano / Bozen,P.A. Bolzano,533050,77938,14.62,0.96
307,2021-03-05,PAB,1839,625,1214,337,98,59,240,8,2,896,125,9,65,1397,442,ITH,ITH1,4,Provincia Autonoma Bolzano / Bozen,P.A. Bolzano,533050,79777,14.97,0.34
308,2021-05-06,PAB,5182,2748,2434,190,75,16,197,985,671,148,1930,642,328,2614,2568,ITH,ITH1,4,Provincia Autonoma Bolzano / Bozen,P.A. Bolzano,533050,84959,15.94,0.97
309,2021-04-18,PAB,3110,1607,1503,28,14,2,27,1916,524,134,188,273,4,2100,1010,ITH,ITH1,4,Provincia Autonoma Bolzano / Bozen,P.A. Bolzano,533050,88069,16.52,0.58
310,2021-03-21,PAB,768,285,483,165,17,1,3,3,9,568,0,0,2,14,754,ITH,ITH1,4,Provincia Autonoma Bolzano / Bozen,P.A. Bolzano,533050,88837,16.67,0.14
311,2021-01-13,PAB,1691,557,1134,446,310,270,0,66,30,175,0,0,394,1691,0,ITH,ITH1,4,Provincia Autonoma Bolzano / Bozen,P.A. Bolzano,533050,90528,16.98,0.32
312,2021-03-30,PAB,1298,532,766,51,7,153,27,0,121,924,1,11,3,218,1080,ITH,ITH1,4,Provincia Autonoma Bolzano / Bozen,P.A. Bolzano,533050,91826,17.23,0.24
313,2021-01-18,PAB,1772,687,1085,391,102,8,0,32,56,1019,0,0,164,1767,5,ITH,ITH1,4,Provincia Autonoma Bolzano / Bozen,P.A. Bolzano,533050,93598,17.56,0.33
314,2021-03-27,PAB,3047,1552,1495,320,36,0,46,31,484,1441,358,305,26,1541,1506,ITH,ITH1,4,Provincia Autonoma Bolzano / Bozen,P.A. Bolzano,533050,96645,18.13,0.57
315,2021-04-14,PAB,3593,1645,1948,419,140,20,30,1096,829,124,844,80,11,3501,92,ITH,ITH1,4,Provincia Autonoma Bolzano / Bozen,P.A. Bolzano,533050,100238,18.8,0.67
316,2021-03-07,PAB,114,13,101,59,50,0,1,0,0,3,0,0,1,9,105,ITH,ITH1,4,Provincia Autonoma Bolzano / Bozen,P.A. Bolzano,533050,100352,18.83,0.02
317,2021-04-02,PAB,2077,837,1240,189,66,60,17,5,253,935,532,11,9,720,1357,ITH,ITH1,4,Provincia Autonoma Bolzano / Bozen,P.A. Bolzano,533050,102429,19.22,0.39
318,2021-04-12,PAB,2105,946,1159,33,11,1,2,159,1654,93,143,3,6,2098,7,ITH,ITH1,4,Provincia Autonoma Bolzano / Bozen,P.A. Bolzano,533050,104534,19.61,0.39
319,2021-03-20,PAB,1757,848,909,115,48,9,1,7,265,967,238,99,8,1132,625,ITH,ITH1,4,Provincia Autonoma Bolzano / Bozen,P.A. Bolzano,533050,106291,19.94,0.33
320,2021-04-26,PAB,1541,771,770,24,36,0,56,919,285,31,101,85,4,1536,5,ITH,ITH1,4,Provincia Autonoma Bolzano / Bozen,P.A. Bolzano,533050,107832,20.23,0.29
321,2021-02-12,PAB,730,217,513,322,71,106,0,10,6,141,0,2,72,482,248,ITH,ITH1,4,Provincia Autonoma Bolzano / Bozen,P.A. Bolzano,533050,108562,20.37,0.14
322,2021-02-22,PAB,526,143,383,342,68,0,10,15,4,5,0,1,81,514,12,ITH,ITH1,4,Provincia Autonoma Bolzano / Bozen,P.A. Bolzano,533050,109088,20.46,0.1
323,2021-02-13,PAB,318,79,239,126,57,7,0,0,0,126,0,0,2,312,6,ITH,ITH1,4,Provincia Autonoma Bolzano / Bozen,P.A. Bolzano,533050,109406,20.52,0.06
324,2021-03-04,PAB,1709,1000,709,307,80,39,262,12,5,171,74,710,49,1480,229,ITH,ITH1,4,Provincia Autonoma Bolzano / Bozen,P.A. Bolzano,533050,111115,20.85,0.32
325,2021-02-24,PAB,1366,405,961,10,3,0,1345,0,0,0,0,8,0,1354,12,ITH,ITH1,4,Provincia Autonoma Bolzano / Bozen,P.A. Bolzano,533050,112481,21.1,0.26
326,2021-03-09,PAB,1194,543,651,29,81,22,47,0,1,930,0,80,4,1192,2,ITH,ITH1,4,Provincia Autonoma Bolzano / Bozen,P.A. Bolzano,533050,113675,21.33,0.22
327,2021-05-08,PAB,4415,2378,2037,63,11,2,8,343,137,41,1046,40,2724,3757,658,ITH,ITH1,4,Provincia Autonoma Bolzano / Bozen,P.A. Bolzano,533050,118090,22.15,0.83
328,2021-01-27,PAB,84,28,56,54,26,0,0,1,0,0,0,0,3,1,83,ITH,ITH1,4,Provincia Autonoma Bolzano / Bozen,P.A. Bolzano,533050,118174,22.17,0.02
329,2021-01-10,PAB,2,2,0,1,0,0,0,0,0,0,0,0,1,2,0,ITH,ITH1,4,Provincia Autonoma Bolzano / Bozen,P.A. Bolzano,533050,118176,22.17,0.0
330,2021-03-31,PAB,1831,693,1138,419,304,22,16,15,160,430,426,20,19,820,1011,ITH,ITH1,4,Provincia Autonoma Bolzano / Bozen,P.A. Bolzano,533050,120007,22.51,0.34
331,2021-04-08,PAB,2754,1336,1418,47,34,121,2,17,2011,83,310,91,38,2551,203,ITH,ITH1,4,Provincia Autonoma Bolzano / Bozen,P.A. Bolzano,533050,122761,23.03,0.52
332,2021-01-20,PAB,617,252,365,287,51,0,0,6,3,257,0,0,13,409,208,ITH,ITH1,4,Provincia Autonoma Bolzano / Bozen,P.A. Bolzano,533050,123378,23.15,0.12
333,2021-05-07,PAB,4180,2055,2125,221,50,16,42,710,299,61,1466,135,1180,3662,518,ITH,ITH1,4,Provincia Autonoma Bolzano / Bozen,P.A. Bolzano,533050,127558,23.93,0.78
334,2021-03-08,PAB,1200,526,674,23,10,166,3,30,47,755,147,0,19,1173,27,ITH,ITH1,4,Provincia Autonoma Bolzano / Bozen,P.A. Bolzano,533050,128758,24.15,0.23
335,2021-03-02,PAB,695,200,495,11,1,0,676,0,0,0,0,7,0,693,2,ITH,ITH1,4,Provincia Autonoma Bolzano / Bozen,P.A. Bolzano,533050,129453,24.29,0.13
336,2021-01-23,PAB,197,117,80,191,0,0,0,2,0,0,0,0,4,0,197,ITH,ITH1,4,Provincia Autonoma Bolzano / Bozen,P.A. Bolzano,533050,129650,24.32,0.04
337,2021-04-06,PAB,2249,1117,1132,131,46,130,3,10,988,91,818,16,16,2146,103,ITH,ITH1,4,Provincia Autonoma Bolzano / Bozen,P.A. Bolzano,533050,131899,24.74,0.42
338,2021-01-17,PAB,2328,1044,1284,56,38,37,0,57,46,1989,0,0,105,2317,11,ITH,ITH1,4,Provincia Autonoma Bolzano / Bozen,P.A. Bolzano,533050,134227,25.18,0.44
339,2021-02-04,PAB,1958,593,1365,650,507,458,0,23,26,233,0,0,61,8,1950,ITH,ITH1,4,Provincia Autonoma Bolzano / Bozen,P.A. Bolzano,533050,136185,25.55,0.37
340,2021-01-28,PAB,869,307,562,584,187,69,0,8,0,0,0,2,19,10,859,ITH,ITH1,4,Provincia Autonoma Bolzano / Bozen,P.A. Bolzano,533050,137054,25.71,0.16
341,2021-03-22,PAB,1133,514,619,2,0,0,0,6,900,192,13,15,5,1129,4,ITH,ITH1,4,Provincia Autonoma Bolzano / Bozen,P.A. Bolzano,533050,138187,25.92,0.21
342,2021-04-11,PAB,2720,1291,1429,46,17,3,63,350,1672,84,222,258,5,2543,177,ITH,ITH1,4,Provincia Autonoma Bolzano / Bozen,P.A. Bolzano,533050,140907,26.43,0.51
343,2021-05-05,PAB,4152,1945,2207,275,126,39,73,929,549,156,1730,138,137,2037,2115,ITH,ITH1,4,Provincia Autonoma Bolzano / Bozen,P.A. Bolzano,533050,145059,27.21,0.78
344,2021-01-25,PAB,487,183,304,401,68,0,1,4,0,1,0,2,10,3,484,ITH,ITH1,4,Provincia Autonoma Bolzano / Bozen,P.A. Bolzano,533050,145546,27.3,0.09
345,2021-02-27,PAB,2457,759,1698,202,87,8,1233,8,13,885,0,3,18,2447,10,ITH,ITH1,4,Provincia Autonoma Bolzano / Bozen,P.A. Bolzano,533050,148003,27.77,0.46
346,2021-04-07,PAB,1777,802,975,128,81,57,2,6,908,459,26,100,10,1238,539,ITH,ITH1,4,Provincia Autonoma Bolzano / Bozen,P.A. Bolzano,533050,149780,28.1,0.33
347,2021-02-09,PAB,317,126,191,64,17,2,2,1,0,228,0,0,3,1,316,ITH,ITH1,4,Provincia Autonoma Bolzano / Bozen,P.A. Bolzano,533050,150097,28.16,0.06
348,2021-03-17,PAB,581,213,368,12,6,46,0,0,16,491,0,0,10,580,1,ITH,ITH1,4,Provincia Autonoma Bolzano / Bozen,P.A. Bolzano,533050,150678,28.27,0.11
349,2021-04-25,PAB,3069,1496,1573,53,24,0,24,1445,736,156,442,180,9,2398,671,ITH,ITH1,4,Provincia Autonoma Bolzano / Bozen,P.A. Bolzano,533050,153747,28.84,0.58
350,2021-03-03,PAB,1178,393,785,24,5,6,738,3,0,349,0,51,2,1165,13,ITH,ITH1,4,Provincia Autonoma Bolzano / Bozen,P.A. Bolzano,533050,154925,29.06,0.22
351,2021-01-08,PAB,1521,479,1042,790,170,168,0,51,29,104,0,0,209,1521,0,ITH,ITH1,4,Provincia Autonoma Bolzano / Bozen,P.A. Bolzano,533050,156446,29.35,0.29
352,2021-02-18,PAB,1839,457,1382,76,78,21,1286,3,2,353,4,0,16,1832,7,ITH,ITH1,4,Provincia Autonoma Bolzano / Bozen,P.A. Bolzano,533050,158285,29.69,0.34
353,2021-02-19,PAB,2252,512,1740,123,143,84,1784,3,3,86,6,0,20,2241,11,ITH,ITH1,4,Provincia Autonoma Bolzano / Bozen,P.A. Bolzano,533050,160537,30.12,0.42
354,2021-02-25,PAB,1498,549,949,22,5,0,405,2,1,1041,0,0,22,1497,1,ITH,ITH1,4,Provincia Autonoma Bolzano / Bozen,P.A. Bolzano,533050,162035,30.4,0.28
355,2020-12-31,PAB,912,518,394,478,61,0,0,47,9,1,0,0,316,912,0,ITH,ITH1,4,Provincia Autonoma Bolzano / Bozen,P.A. Bolzano,533050,162947,30.57,0.17
356,2021-01-26,PAB,810,291,519,673,129,0,0,3,1,0,0,0,4,1,809,ITH,ITH1,4,Provincia Autonoma Bolzano / Bozen,P.A. Bolzano,533050,163757,30.72,0.15
357,2021-01-03,PAB,41,16,25,33,5,0,0,0,0,1,0,0,2,41,0,ITH,ITH1,4,Provincia Autonoma Bolzano / Bozen,P.A. Bolzano,533050,163798,30.73,0.01
358,2021-03-26,PAB,1644,721,923,30,16,68,1,8,132,917,424,0,48,511,1133,ITH,ITH1,4,Provincia Autonoma Bolzano / Bozen,P.A. Bolzano,533050,165442,31.04,0.31
359,2021-04-01,PAB,2786,1407,1379,238,104,44,65,22,512,607,731,446,17,2642,144,ITH,ITH1,4,Provincia Autonoma Bolzano / Bozen,P.A. Bolzano,533050,168228,31.56,0.52
360,2021-03-16,PAB,1289,532,757,26,31,48,0,4,14,1159,4,2,1,124,1165,ITH,ITH1,4,Provincia Autonoma Bolzano / Bozen,P.A. Bolzano,533050,169517,31.8,0.24
361,2021-04-13,PAB,2391,1130,1261,23,4,1,6,1246,932,30,93,55,1,2384,7,ITH,ITH1,4,Provincia Autonoma Bolzano / Bozen,P.A. Bolzano,533050,171908,32.25,0.45
362,2021-01-16,PAB,2840,1265,1575,435,93,77,1,54,98,1976,0,0,106,2840,0,ITH,ITH1,4,Provincia Autonoma Bolzano / Bozen,P.A. Bolzano,533050,174748,32.78,0.53
363,2021-04-28,PAB,2458,1300,1158,78,56,10,59,1156,464,76,472,74,13,2455,3,ITH,ITH1,4,Provincia Autonoma Bolzano / Bozen,P.A. Bolzano,533050,177206,33.24,0.46
364,2021-02-07,PAB,2361,1057,1304,102,75,68,0,51,44,1951,0,0,70,14,2347,ITH,ITH1,4,Provincia Autonoma Bolzano / Bozen,P.A. Bolzano,533050,179567,33.69,0.44
365,2021-05-04,PAB,3447,1843,1604,48,38,11,78,499,388,77,2060,176,72,2410,1037,ITH,ITH1,4,Provincia Autonoma Bolzano / Bozen,P.A. Bolzano,533050,183014,34.33,0.65
366,2021-05-01,PAB,2104,1067,1037,121,30,0,90,773,308,62,480,217,23,1944,160,ITH,ITH1,4,Provincia Autonoma Bolzano / Bozen,P.A. Bolzano,533050,185118,34.73,0.39
367,2021-01-21,PAB,952,442,510,750,88,68,0,1,0,28,0,5,12,139,813,ITH,ITH1,4,Provincia Autonoma Bolzano / Bozen,P.A. Bolzano,533050,186070,34.91,0.18
368,2021-03-25,PAB,2140,1058,1082,230,72,27,47,24,843,305,297,268,27,1698,442,ITH,ITH1,4,Provincia Autonoma Bolzano / Bozen,P.A. Bolzano,533050,188210,35.31,0.4
369,2020-12-27,PAB,144,65,79,139,2,0,0,0,0,1,0,0,2,144,0,ITH,ITH1,4,Provincia Autonoma Bolzano / Bozen,P.A. Bolzano,533050,188354,35.34,0.03
370,2021-03-24,PAB,2040,977,1063,13,16,7,29,6,1361,248,278,61,21,2027,13,ITH,ITH1,4,Provincia Autonoma Bolzano / Bozen,P.A. Bolzano,533050,190394,35.72,0.38
371,2021-01-05,PAB,830,286,544,734,62,0,0,8,2,0,0,0,24,830,0,ITH,ITH1,4,Provincia Autonoma Bolzano / Bozen,P.A. Bolzano,533050,191224,35.87,0.16
372,2021-03-23,PAB,1552,759,793,0,1,0,34,5,1156,215,58,69,14,1551,1,ITH,ITH1,4,Provincia Autonoma Bolzano / Bozen,P.A. Bolzano,533050,192776,36.16,0.29
373,2021-05-11,PAB,2834,1331,1503,10,5,8,823,178,165,21,482,19,1123,1317,1517,ITH,ITH1,4,Provincia Autonoma Bolzano / Bozen,P.A. Bolzano,533050,195610,36.7,0.53
374,2021-03-14,PAB,758,336,422,130,11,33,0,3,7,562,1,2,9,25,733,ITH,ITH1,4,Provincia Autonoma Bolzano / Bozen,P.A. Bolzano,533050,196368,36.84,0.14
375,2021-01-30,PAB,498,245,253,217,46,101,0,29,2,0,0,0,103,4,494,ITH,ITH1,4,Provincia Autonoma Bolzano / Bozen,P.A. Bolzano,533050,196866,36.93,0.09
376,2021-04-20,PAB,1559,782,777,10,13,12,8,617,364,46,477,9,3,1558,1,ITH,ITH1,4,Provincia Autonoma Bolzano / Bozen,P.A. Bolzano,533050,198425,37.22,0.29
377,2021-01-24,PAB,12,10,2,1,0,0,0,2,1,0,0,0,8,0,12,ITH,ITH1,4,Provincia Autonoma Bolzano / Bozen,P.A. Bolzano,533050,198437,37.23,0.0
378,2021-04-21,PAB,3009,1467,1542,112,12,2,11,1727,490,88,541,17,9,2161,848,ITH,ITH1,4,Provincia Autonoma Bolzano / Bozen,P.A. Bolzano,533050,201446,37.79,0.56
379,2021-05-09,PAB,4232,2403,1829,36,9,1,71,186,163,47,624,318,2777,3079,1153,ITH,ITH1,4,Provincia Autonoma Bolzano / Bozen,P.A. Bolzano,533050,205678,38.59,0.79
380,2021-02-17,PAB,156,51,105,18,7,0,0,0,2,128,1,0,0,139,17,ITH,ITH1,4,Provincia Autonoma Bolzano / Bozen,P.A. Bolzano,533050,205834,38.61,0.03
381,2021-04-19,PAB,1870,857,1013,44,22,1,11,1039,301,166,269,8,9,1688,182,ITH,ITH1,4,Provincia Autonoma Bolzano / Bozen,P.A. Bolzano,533050,207704,38.97,0.35
382,2021-05-10,PAB,3018,1300,1718,27,14,17,868,266,328,54,319,19,1106,1413,1605,ITH,ITH1,4,Provincia Autonoma Bolzano / Bozen,P.A. Bolzano,533050,210722,39.53,0.57
383,2021-04-27,PAB,2224,1011,1213,109,58,21,53,589,1115,78,118,76,7,1148,1076,ITH,ITH1,4,Provincia Autonoma Bolzano / Bozen,P.A. Bolzano,533050,212946,39.95,0.42
384,2021-02-23,PAB,769,324,445,0,0,0,85,2,1,673,0,0,8,763,6,ITH,ITH1,4,Provincia Autonoma Bolzano / Bozen,P.A. Bolzano,533050,213715,40.09,0.14
385,2021-04-15,PAB,4398,2306,2092,121,47,39,118,1385,736,174,1262,493,23,4135,263,ITH,ITH1,4,Provincia Autonoma Bolzano / Bozen,P.A. Bolzano,533050,218113,40.92,0.83
386,2021-03-28,PAB,569,212,357,45,38,0,2,6,5,470,2,0,1,11,558,ITH,ITH1,4,Provincia Autonoma Bolzano / Bozen,P.A. Bolzano,533050,218682,41.02,0.11
387,2021-01-12,PAB,1709,459,1250,369,228,479,0,54,43,134,0,0,402,1709,0,ITH,ITH1,4,Provincia Autonoma Bolzano / Bozen,P.A. Bolzano,533050,220391,41.35,0.32
388,2021-02-11,PAB,1092,431,661,215,92,104,0,4,2,589,57,0,29,239,853,ITH,ITH1,4,Provincia Autonoma Bolzano / Bozen,P.A. Bolzano,533050,221483,41.55,0.2
389,2021-04-29,PAB,2630,1351,1279,127,117,71,74,600,541,124,509,245,222,1936,694,ITH,ITH1,4,Provincia Autonoma Bolzano / Bozen,P.A. Bolzano,533050,224113,42.04,0.49
390,2021-02-10,PAB,1635,604,1031,489,166,1,0,18,5,872,0,1,83,26,1609,ITH,ITH1,4,Provincia Autonoma Bolzano / Bozen,P.A. Bolzano,533050,225748,42.35,0.31
391,2021-05-12,PAB,3764,2043,1721,64,31,3,63,291,69,27,573,74,2569,3611,153,ITH,ITH1,4,Provincia Autonoma Bolzano / Bozen,P.A. Bolzano,533050,229512,43.06,0.71
392,2021-01-01,PAB,6,5,1,6,0,0,0,0,0,0,0,0,0,6,0,ITH,ITH1,4,Provincia Autonoma Bolzano / Bozen,P.A. Bolzano,533050,229518,43.06,0.0
393,2021-01-29,PAB,1497,510,987,882,282,295,4,7,1,4,0,0,22,24,1473,ITH,ITH1,4,Provincia Autonoma Bolzano / Bozen,P.A. Bolzano,533050,231015,43.34,0.28
394,2021-03-18,PAB,1302,531,771,50,16,51,0,10,15,1056,69,0,35,226,1076,ITH,ITH1,4,Provincia Autonoma Bolzano / Bozen,P.A. Bolzano,533050,232317,43.58,0.24
395,2021-03-12,PAB,1664,734,930,150,173,82,101,9,268,524,134,204,19,1251,413,ITH,ITH1,4,Provincia Autonoma Bolzano / Bozen,P.A. Bolzano,533050,233981,43.89,0.31
396,2021-02-15,PAB,72,42,30,17,2,40,0,0,1,7,0,0,5,26,46,ITH,ITH1,4,Provincia Autonoma Bolzano / Bozen,P.A. Bolzano,533050,234053,43.91,0.01
397,2021-03-07,MOL,1131,501,630,2,16,0,0,0,0,1113,0,0,0,1129,2,ITF,ITF2,14,Molise,Molise,305617,1131,0.37,0.37
398,2021-02-23,MOL,581,223,358,136,39,61,1,0,0,340,0,0,4,362,219,ITF,ITF2,14,Molise,Molise,305617,1712,0.56,0.19
399,2021-03-21,MOL,1246,542,704,14,1,0,0,0,2,1090,133,0,6,479,767,ITF,ITF2,14,Molise,Molise,305617,2958,0.97,0.41
400,2021-01-13,MOL,474,160,314,256,69,144,1,1,1,0,0,0,2,474,0,ITF,ITF2,14,Molise,Molise,305617,3432,1.12,0.16
401,2021-05-01,MOL,2628,1262,1366,9,3,2,7,28,186,140,2157,4,92,408,2220,ITF,ITF2,14,Molise,Molise,305617,6060,1.98,0.86
402,2021-02-02,MOL,539,176,363,295,64,180,0,0,0,0,0,0,0,216,323,ITF,ITF2,14,Molise,Molise,305617,6599,2.16,0.18
403,2021-03-12,MOL,1459,637,822,42,33,0,505,0,1,719,35,116,8,1423,36,ITF,ITF2,14,Molise,Molise,305617,8058,2.64,0.48
404,2021-04-21,MOL,1860,787,1073,19,5,1,26,19,712,420,635,6,17,965,895,ITF,ITF2,14,Molise,Molise,305617,9918,3.25,0.61
405,2021-03-24,MOL,1630,658,972,77,57,0,450,2,3,707,275,48,11,1228,402,ITF,ITF2,14,Molise,Molise,305617,11548,3.78,0.53
406,2021-03-23,MOL,1642,694,948,76,8,6,454,2,4,606,367,97,22,1435,207,ITF,ITF2,14,Molise,Molise,305617,13190,4.32,0.54
407,2021-05-09,MOL,2037,925,1112,5,4,0,15,819,742,26,400,11,15,1942,95,ITF,ITF2,14,Molise,Molise,305617,15227,4.98,0.67
408,2021-04-18,MOL,611,264,347,0,0,0,1,1,87,326,191,0,5,104,507,ITF,ITF2,14,Molise,Molise,305617,15838,5.18,0.2
409,2020-12-27,MOL,50,20,30,29,4,17,0,0,0,0,0,0,0,50,0,ITF,ITF2,14,Molise,Molise,305617,15888,5.2,0.02
410,2021-04-06,MOL,1493,700,793,33,9,9,1,2,5,254,1160,18,2,1150,343,ITF,ITF2,14,Molise,Molise,305617,17381,5.69,0.49
411,2021-01-08,MOL,429,141,288,244,7,120,0,13,0,0,0,0,45,429,0,ITF,ITF2,14,Molise,Molise,305617,17810,5.83,0.14
412,2021-02-21,MOL,573,227,346,1,1,0,0,0,1,570,0,0,0,571,2,ITF,ITF2,14,Molise,Molise,305617,18383,6.02,0.19
413,2021-03-14,MOL,595,239,356,2,0,0,0,1,1,582,7,0,2,17,578,ITF,ITF2,14,Molise,Molise,305617,18978,6.21,0.19
414,2021-02-18,MOL,319,74,245,296,8,0,0,0,0,0,0,0,15,306,13,ITF,ITF2,14,Molise,Molise,305617,19297,6.31,0.1
415,2021-04-24,MOL,2079,975,1104,11,3,0,17,4,220,354,1463,3,4,606,1473,ITF,ITF2,14,Molise,Molise,305617,21376,6.99,0.68
416,2021-02-28,MOL,829,331,498,38,3,27,0,0,0,761,0,0,0,787,42,ITF,ITF2,14,Molise,Molise,305617,22205,7.27,0.27
417,2021-02-09,MOL,359,170,189,161,83,110,0,0,0,0,0,0,5,197,162,ITF,ITF2,14,Molise,Molise,305617,22564,7.38,0.12
418,2021-01-10,MOL,270,72,198,82,19,169,0,0,0,0,0,0,0,270,0,ITF,ITF2,14,Molise,Molise,305617,22834,7.47,0.09
419,2021-01-31,MOL,268,70,198,85,18,164,1,0,0,0,0,0,0,6,262,ITF,ITF2,14,Molise,Molise,305617,23102,7.56,0.09
420,2021-04-27,MOL,1590,765,825,29,8,17,1,3,121,247,1128,1,35,462,1128,ITF,ITF2,14,Molise,Molise,305617,24692,8.08,0.52
421,2021-01-26,MOL,450,184,266,444,0,0,1,2,0,0,0,0,3,8,442,ITF,ITF2,14,Molise,Molise,305617,25142,8.23,0.15
422,2021-02-19,MOL,169,93,76,95,70,1,3,0,0,0,0,0,0,167,2,ITF,ITF2,14,Molise,Molise,305617,25311,8.28,0.06
423,2021-04-20,MOL,2311,1020,1291,23,7,1,23,11,740,420,1052,18,16,1219,1092,ITF,ITF2,14,Molise,Molise,305617,27622,9.04,0.76
424,2021-04-28,MOL,1670,902,768,10,4,5,34,128,171,130,1110,4,74,453,1217,ITF,ITF2,14,Molise,Molise,305617,29292,9.58,0.55
425,2021-05-05,MOL,1484,627,857,36,7,2,0,436,349,108,544,1,1,1352,132,ITF,ITF2,14,Molise,Molise,305617,30776,10.07,0.49
426,2021-01-28,MOL,613,217,396,430,9,154,1,4,1,0,0,0,14,17,596,ITF,ITF2,14,Molise,Molise,305617,31389,10.27,0.2
427,2021-03-15,MOL,832,338,494,137,43,67,297,24,4,118,31,61,50,587,245,ITF,ITF2,14,Molise,Molise,305617,32221,10.54,0.27
428,2021-03-10,MOL,1737,720,1017,188,7,1,509,2,5,757,54,187,27,1687,50,ITF,ITF2,14,Molise,Molise,305617,33958,11.11,0.57
429,2021-04-17,MOL,1690,825,865,5,3,0,3,1,170,553,916,34,5,962,728,ITF,ITF2,14,Molise,Molise,305617,35648,11.66,0.55
430,2021-02-27,MOL,1366,568,798,25,29,14,1,1,0,1290,0,0,6,1347,19,ITF,ITF2,14,Molise,Molise,305617,37014,12.11,0.45
431,2021-01-22,MOL,126,35,91,21,32,73,0,0,0,0,0,0,0,126,0,ITF,ITF2,14,Molise,Molise,305617,37140,12.15,0.04
432,2021-04-13,MOL,1615,710,905,7,4,1,1,12,910,322,350,1,7,1028,587,ITF,ITF2,14,Molise,Molise,305617,38755,12.68,0.53
433,2021-03-30,MOL,2002,857,1145,46,1,1,424,4,6,591,823,82,24,1490,512,ITF,ITF2,14,Molise,Molise,305617,40757,13.34,0.66
434,2021-05-03,MOL,1816,859,957,2,1,0,1,145,762,83,747,30,45,1684,132,ITF,ITF2,14,Molise,Molise,305617,42573,13.93,0.59
435,2021-03-22,MOL,1146,439,707,106,5,2,458,7,3,255,216,59,35,903,243,ITF,ITF2,14,Molise,Molise,305617,43719,14.31,0.37
436,2021-04-10,MOL,2562,1234,1328,10,4,0,19,1,12,239,2266,9,2,2411,151,ITF,ITF2,14,Molise,Molise,305617,46281,15.14,0.84
437,2021-03-16,MOL,614,230,384,13,4,11,0,3,7,395,173,4,4,267,347,ITF,ITF2,14,Molise,Molise,305617,46895,15.34,0.2
438,2021-02-05,MOL,593,269,324,460,22,63,0,13,0,0,0,0,35,55,538,ITF,ITF2,14,Molise,Molise,305617,47488,15.54,0.19
439,2021-03-17,MOL,908,385,523,48,25,42,1,8,4,573,176,13,18,576,332,ITF,ITF2,14,Molise,Molise,305617,48396,15.84,0.3
440,2021-05-08,MOL,2945,1439,1506,55,4,0,35,692,253,76,1771,44,15,1724,1221,ITF,ITF2,14,Molise,Molise,305617,51341,16.8,0.96
441,2021-04-26,MOL,1150,517,633,7,0,0,1,3,108,215,804,10,2,821,329,ITF,ITF2,14,Molise,Molise,305617,52491,17.18,0.38
442,2021-02-08,MOL,334,141,193,206,39,85,0,3,0,0,0,0,1,216,118,ITF,ITF2,14,Molise,Molise,305617,52825,17.28,0.11
443,2021-02-01,MOL,562,201,361,301,144,111,1,1,0,0,0,0,4,14,548,ITF,ITF2,14,Molise,Molise,305617,53387,17.47,0.18
444,2021-03-28,MOL,1592,741,851,155,15,0,1,0,1,1185,233,1,1,490,1102,ITF,ITF2,14,Molise,Molise,305617,54979,17.99,0.52
445,2021-02-22,MOL,265,129,136,56,65,62,0,27,0,8,0,0,47,250,15,ITF,ITF2,14,Molise,Molise,305617,55244,18.08,0.09
446,2021-04-19,MOL,1824,842,982,18,5,51,7,16,663,254,764,24,22,1047,777,ITF,ITF2,14,Molise,Molise,305617,57068,18.67,0.6
447,2021-01-17,MOL,78,38,40,78,0,0,0,0,0,0,0,0,0,48,30,ITF,ITF2,14,Molise,Molise,305617,57146,18.7,0.03
448,2021-03-19,MOL,1184,482,702,32,1,9,248,2,4,727,155,2,4,757,427,ITF,ITF2,14,Molise,Molise,305617,58330,19.09,0.39
449,2021-01-29,MOL,421,136,285,227,23,109,3,12,0,0,0,0,47,6,415,ITF,ITF2,14,Molise,Molise,305617,58751,19.22,0.14
450,2021-03-29,MOL,2033,835,1198,108,8,5,525,4,55,514,775,22,17,1547,486,ITF,ITF2,14,Molise,Molise,305617,60784,19.89,0.67
451,2021-04-15,MOL,1899,779,1120,3,3,0,27,7,692,649,500,4,14,1061,838,ITF,ITF2,14,Molise,Molise,305617,62683,20.51,0.62
452,2021-03-18,MOL,1156,476,680,73,10,45,0,2,3,855,157,0,11,692,464,ITF,ITF2,14,Molise,Molise,305617,63839,20.89,0.38
453,2021-03-05,MOL,1219,649,570,322,5,0,73,9,2,618,0,151,39,1015,204,ITF,ITF2,14,Molise,Molise,305617,65058,21.29,0.4
454,2021-01-12,MOL,336,114,222,132,74,129,0,0,0,0,0,0,1,336,0,ITF,ITF2,14,Molise,Molise,305617,65394,21.4,0.11
455,2021-02-24,MOL,666,278,388,242,66,44,1,6,7,274,0,0,26,333,333,ITF,ITF2,14,Molise,Molise,305617,66060,21.62,0.22
456,2021-01-09,MOL,450,152,298,221,27,178,0,5,0,0,0,0,19,450,0,ITF,ITF2,14,Molise,Molise,305617,66510,21.76,0.15
457,2021-02-16,MOL,156,70,86,148,5,0,0,2,0,0,0,0,1,150,6,ITF,ITF2,14,Molise,Molise,305617,66666,21.81,0.05
458,2021-03-20,MOL,2320,968,1352,28,23,0,222,1,6,1857,147,21,15,999,1321,ITF,ITF2,14,Molise,Molise,305617,68986,22.57,0.76
459,2021-02-07,MOL,66,32,34,49,1,16,0,0,0,0,0,0,0,19,47,ITF,ITF2,14,Molise,Molise,305617,69052,22.59,0.02
460,2021-02-17,MOL,72,32,40,47,10,6,0,0,0,1,0,0,8,57,15,ITF,ITF2,14,Molise,Molise,305617,69124,22.62,0.02
461,2021-04-29,MOL,2231,1140,1091,108,2,2,7,8,148,164,1715,31,46,887,1344,ITF,ITF2,14,Molise,Molise,305617,71355,23.35,0.73
462,2021-05-06,MOL,2569,1139,1430,245,35,29,26,962,351,141,713,28,39,1993,576,ITF,ITF2,14,Molise,Molise,305617,73924,24.19,0.84
463,2021-01-30,MOL,461,158,303,189,52,180,0,6,0,0,0,0,34,12,449,ITF,ITF2,14,Molise,Molise,305617,74385,24.34,0.15
464,2021-03-25,MOL,1806,730,1076,53,4,18,493,3,10,832,269,107,17,1309,497,ITF,ITF2,14,Molise,Molise,305617,76191,24.93,0.59
465,2021-05-11,MOL,1858,829,1029,103,1,0,48,925,207,79,448,7,40,1721,137,ITF,ITF2,14,Molise,Molise,305617,78049,25.54,0.61
466,2021-03-04,MOL,850,417,433,252,20,69,0,0,1,469,0,36,3,526,324,ITF,ITF2,14,Molise,Molise,305617,78899,25.82,0.28
467,2021-01-14,MOL,646,239,407,418,102,115,0,2,0,0,0,0,9,646,0,ITF,ITF2,14,Molise,Molise,305617,79545,26.03,0.21
468,2021-04-01,MOL,1454,662,792,27,18,21,20,0,2,720,578,62,6,729,725,ITF,ITF2,14,Molise,Molise,305617,80999,26.5,0.48
469,2021-04-25,MOL,787,393,394,2,1,0,0,0,218,62,504,0,0,558,229,ITF,ITF2,14,Molise,Molise,305617,81786,26.76,0.26
470,2021-04-05,MOL,389,188,201,1,0,0,0,1,1,113,273,0,0,290,99,ITF,ITF2,14,Molise,Molise,305617,82175,26.89,0.13
471,2021-01-16,MOL,420,166,254,270,16,127,0,1,0,0,0,0,6,420,0,ITF,ITF2,14,Molise,Molise,305617,82595,27.03,0.14
472,2021-04-03,MOL,1766,848,918,28,74,0,26,13,16,267,1323,7,12,1732,34,ITF,ITF2,14,Molise,Molise,305617,84361,27.6,0.58
473,2021-03-06,MOL,1728,807,921,156,18,0,0,2,4,1395,0,152,1,1569,159,ITF,ITF2,14,Molise,Molise,305617,86089,28.17,0.57
474,2021-03-03,MOL,672,316,356,63,4,48,127,0,0,385,0,45,0,590,82,ITF,ITF2,14,Molise,Molise,305617,86761,28.39,0.22
475,2021-01-06,MOL,689,260,429,456,26,171,0,1,2,21,0,0,12,689,0,ITF,ITF2,14,Molise,Molise,305617,87450,28.61,0.23
476,2021-04-30,MOL,2914,1542,1372,28,0,2,2,8,272,122,2466,0,14,828,2086,ITF,ITF2,14,Molise,Molise,305617,90364,29.57,0.95
477,2021-04-23,MOL,2047,880,1167,50,18,0,20,7,605,226,1106,11,4,1388,659,ITF,ITF2,14,Molise,Molise,305617,92411,30.24,0.67
478,2021-01-05,MOL,449,180,269,441,0,0,0,1,0,0,0,0,7,449,0,ITF,ITF2,14,Molise,Molise,305617,92860,30.38,0.15
479,2021-02-03,MOL,731,249,482,391,112,180,1,4,3,0,0,0,40,338,393,ITF,ITF2,14,Molise,Molise,305617,93591,30.62,0.24
480,2021-01-19,MOL,173,63,110,90,57,22,2,0,0,0,0,0,2,162,11,ITF,ITF2,14,Molise,Molise,305617,93764,30.68,0.06
481,2021-01-15,MOL,538,242,296,398,17,81,0,8,0,0,0,0,34,538,0,ITF,ITF2,14,Molise,Molise,305617,94302,30.86,0.18
482,2021-01-04,MOL,314,131,183,301,0,0,0,2,0,0,0,0,11,314,0,ITF,ITF2,14,Molise,Molise,305617,94616,30.96,0.1
483,2021-04-16,MOL,2411,1027,1384,56,5,11,8,7,693,738,880,7,6,1184,1227,ITF,ITF2,14,Molise,Molise,305617,97027,31.75,0.79
484,2021-02-25,MOL,541,239,302,68,3,28,0,6,0,434,0,0,2,473,68,ITF,ITF2,14,Molise,Molise,305617,97568,31.92,0.18
485,2021-02-06,MOL,429,179,250,276,14,130,1,2,0,0,0,0,6,29,400,ITF,ITF2,14,Molise,Molise,305617,97997,32.07,0.14
486,2021-04-09,MOL,2296,1240,1056,33,10,1,1,93,10,136,2004,2,6,2105,191,ITF,ITF2,14,Molise,Molise,305617,100293,32.82,0.75
487,2021-05-07,MOL,2573,1202,1371,97,28,4,23,602,436,67,1283,23,10,1994,579,ITF,ITF2,14,Molise,Molise,305617,102866,33.66,0.84
488,2021-03-08,MOL,1378,522,856,359,51,23,404,2,1,411,36,76,15,1238,140,ITF,ITF2,14,Molise,Molise,305617,104244,34.11,0.45
489,2021-05-02,MOL,1860,918,942,1,3,0,0,113,23,30,1649,1,40,565,1295,ITF,ITF2,14,Molise,Molise,305617,106104,34.72,0.61
490,2021-02-12,MOL,330,149,181,224,13,72,2,7,1,0,0,0,11,208,122,ITF,ITF2,14,Molise,Molise,305617,106434,34.83,0.11
491,2021-01-07,MOL,598,209,389,414,2,145,0,5,1,4,0,0,27,598,0,ITF,ITF2,14,Molise,Molise,305617,107032,35.02,0.2
492,2021-04-22,MOL,1834,858,976,12,2,6,5,19,753,338,681,8,10,1063,771,ITF,ITF2,14,Molise,Molise,305617,108866,35.62,0.6
493,2021-01-20,MOL,18,8,10,14,4,0,0,0,0,0,0,0,0,18,0,ITF,ITF2,14,Molise,Molise,305617,108884,35.63,0.01
494,2021-01-25,MOL,319,130,189,317,0,0,2,0,0,0,0,0,0,3,316,ITF,ITF2,14,Molise,Molise,305617,109203,35.73,0.1
495,2021-03-11,MOL,1463,636,827,42,2,14,499,4,2,699,12,185,4,1457,6,ITF,ITF2,14,Molise,Molise,305617,110666,36.21,0.48
496,2021-01-11,MOL,557,194,363,196,243,111,0,1,0,0,0,0,6,557,0,ITF,ITF2,14,Molise,Molise,305617,111223,36.39,0.18
497,2021-04-11,MOL,1151,581,570,0,5,0,0,1,1,48,1092,0,4,1138,13,ITF,ITF2,14,Molise,Molise,305617,112374,36.77,0.38
498,2021-02-04,MOL,758,295,463,502,95,141,1,3,0,0,0,0,16,77,681,ITF,ITF2,14,Molise,Molise,305617,113132,37.02,0.25
499,2021-04-08,MOL,1754,900,854,105,15,8,35,5,3,195,1369,8,11,1553,201,ITF,ITF2,14,Molise,Molise,305617,114886,37.59,0.57
500,2021-03-31,MOL,2192,918,1274,202,13,32,263,10,18,826,707,96,25,1373,819,ITF,ITF2,14,Molise,Molise,305617,117078,38.31,0.72
501,2021-04-07,MOL,1687,847,840,36,12,63,80,10,3,133,1315,29,6,1412,275,ITF,ITF2,14,Molise,Molise,305617,118765,38.86,0.55
502,2021-03-02,MOL,667,383,284,98,106,51,151,0,0,139,0,113,9,509,158,ITF,ITF2,14,Molise,Molise,305617,119432,39.08,0.22
503,2021-04-04,MOL,253,141,112,1,0,0,0,0,0,3,248,0,1,238,15,ITF,ITF2,14,Molise,Molise,305617,119685,39.16,0.08
504,2021-02-11,MOL,293,133,160,225,19,45,1,0,0,0,0,3,0,257,36,ITF,ITF2,14,Molise,Molise,305617,119978,39.26,0.1
505,2021-03-01,MOL,661,274,387,200,36,108,147,8,1,135,0,2,24,447,214,ITF,ITF2,14,Molise,Molise,305617,120639,39.47,0.22
506,2021-05-12,MOL,2700,1230,1470,60,22,1,18,1697,366,28,445,19,44,2646,54,ITF,ITF2,14,Molise,Molise,305617,123339,40.36,0.88
507,2021-03-13,MOL,1189,594,595,29,5,6,0,5,4,981,6,151,2,200,989,ITF,ITF2,14,Molise,Molise,305617,124528,40.75,0.39
508,2021-03-26,MOL,2574,1045,1529,72,64,23,548,7,16,1014,747,70,13,1932,642,ITF,ITF2,14,Molise,Molise,305617,127102,41.59,0.84
509,2021-02-10,MOL,150,78,72,91,6,53,0,0,0,0,0,0,0,130,20,ITF,ITF2,14,Molise,Molise,305617,127252,41.64,0.05
510,2021-04-14,MOL,1787,761,1026,44,1,11,3,5,974,431,309,5,4,1135,652,ITF,ITF2,14,Molise,Molise,305617,129039,42.22,0.58
511,2021-02-20,MOL,1018,441,577,20,5,8,0,0,1,983,0,0,1,998,20,ITF,ITF2,14,Molise,Molise,305617,130057,42.56,0.33
512,2021-02-15,MOL,144,70,74,117,10,15,0,0,0,0,0,0,2,141,3,ITF,ITF2,14,Molise,Molise,305617,130201,42.6,0.05
513,2021-01-18,MOL,114,48,66,97,14,0,0,1,0,0,0,0,2,114,0,ITF,ITF2,14,Molise,Molise,305617,130315,42.64,0.04
514,2021-04-12,MOL,1260,547,713,17,2,1,0,12,945,88,189,1,5,1018,242,ITF,ITF2,14,Molise,Molise,305617,131575,43.05,0.41
515,2021-05-04,MOL,2697,1179,1518,17,4,1,2,863,494,121,1193,0,2,2570,127,ITF,ITF2,14,Molise,Molise,305617,134272,43.93,0.88
516,2021-05-10,MOL,2873,1277,1596,30,3,1,12,980,895,69,851,18,14,2513,360,ITF,ITF2,14,Molise,Molise,305617,137145,44.87,0.94
517,2021-02-13,MOL,132,80,52,129,3,0,0,0,0,0,0,0,0,132,0,ITF,ITF2,14,Molise,Molise,305617,137277,44.92,0.04
518,2021-01-27,MOL,674,251,423,436,12,209,1,10,0,0,0,1,5,8,666,ITF,ITF2,14,Molise,Molise,305617,137951,45.14,0.22
519,2021-02-26,MOL,563,260,303,42,7,3,55,9,1,406,1,0,39,490,73,ITF,ITF2,14,Molise,Molise,305617,138514,45.32,0.18
520,2021-03-09,MOL,1329,579,750,199,6,0,393,4,1,409,76,218,23,1177,152,ITF,ITF2,14,Molise,Molise,305617,139843,45.76,0.43
521,2021-03-27,MOL,2738,1272,1466,18,58,0,1,6,4,1908,717,23,3,1305,1433,ITF,ITF2,14,Molise,Molise,305617,142581,46.65,0.9
522,2021-04-02,MOL,1405,691,714,47,77,0,2,8,8,663,477,105,18,644,761,ITF,ITF2,14,Molise,Molise,305617,143986,47.11,0.46
523,2021-01-21,MOL,6,2,4,0,6,0,0,0,0,0,0,0,0,6,0,ITF,ITF2,14,Molise,Molise,305617,143992,47.12,0.0
524,2021-05-06,PAT,5467,2707,2760,107,137,17,51,1565,535,371,389,195,2100,4690,777,ITH,ITH2,4,Provincia Autonoma Trento,P.A. Trento,541380,5467,1.01,1.01
525,2021-01-30,PAT,386,132,254,346,7,32,1,0,0,0,0,0,0,152,234,ITH,ITH2,4,Provincia Autonoma Trento,P.A. Trento,541380,5853,1.08,0.07
526,2021-03-05,PAT,2241,702,1539,126,70,102,788,5,24,957,1,158,10,1675,566,ITH,ITH2,4,Provincia Autonoma Trento,P.A. Trento,541380,8094,1.5,0.41
527,2021-01-14,PAT,699,203,496,482,6,208,0,0,0,0,0,0,3,699,0,ITH,ITH2,4,Provincia Autonoma Trento,P.A. Trento,541380,8793,1.62,0.13
528,2021-05-10,PAT,3168,1635,1533,46,34,2,21,781,231,364,329,101,1259,2693,475,ITH,ITH2,4,Provincia Autonoma Trento,P.A. Trento,541380,11961,2.21,0.59
529,2021-01-24,PAT,547,276,271,535,12,0,0,0,0,0,0,0,0,224,323,ITH,ITH2,4,Provincia Autonoma Trento,P.A. Trento,541380,12508,2.31,0.1
530,2021-03-15,PAT,1410,545,865,58,130,26,175,3,285,624,15,55,39,946,464,ITH,ITH2,4,Provincia Autonoma Trento,P.A. Trento,541380,13918,2.57,0.26
531,2021-05-11,PAT,3636,1738,1898,51,103,6,147,571,189,462,227,60,1820,2813,823,ITH,ITH2,4,Provincia Autonoma Trento,P.A. Trento,541380,17554,3.24,0.67
532,2021-04-29,PAT,4578,2209,2369,82,86,10,25,2485,1204,188,463,2,33,4382,196,ITH,ITH2,4,Provincia Autonoma Trento,P.A. Trento,541380,22132,4.09,0.85
533,2021-03-21,PAT,129,69,60,34,1,0,18,2,18,0,56,0,0,129,0,ITH,ITH2,4,Provincia Autonoma Trento,P.A. Trento,541380,22261,4.11,0.02
534,2021-01-21,PAT,351,94,257,320,13,16,0,0,0,0,0,0,2,228,123,ITH,ITH2,4,Provincia Autonoma Trento,P.A. Trento,541380,22612,4.18,0.06
535,2021-03-04,PAT,2351,790,1561,161,26,23,347,14,12,1727,0,19,22,1572,779,ITH,ITH2,4,Provincia Autonoma Trento,P.A. Trento,541380,24963,4.61,0.43
536,2021-04-25,PAT,1969,938,1031,9,4,0,0,1304,215,31,384,0,22,1963,6,ITH,ITH2,4,Provincia Autonoma Trento,P.A. Trento,541380,26932,4.97,0.36
537,2021-04-14,PAT,3112,1463,1649,116,51,7,7,98,1487,1019,311,2,14,2376,736,ITH,ITH2,4,Provincia Autonoma Trento,P.A. Trento,541380,30044,5.55,0.57
538,2021-03-03,PAT,1653,621,1032,74,11,60,203,4,5,1267,3,19,7,1136,517,ITH,ITH2,4,Provincia Autonoma Trento,P.A. Trento,541380,31697,5.85,0.31
539,2021-04-05,PAT,33,16,17,0,0,0,1,21,11,0,0,0,0,33,0,ITH,ITH2,4,Provincia Autonoma Trento,P.A. Trento,541380,31730,5.86,0.01
540,2021-04-19,PAT,2620,1234,1386,41,12,0,6,592,905,314,682,2,66,2597,23,ITH,ITH2,4,Provincia Autonoma Trento,P.A. Trento,541380,34350,6.34,0.48
541,2021-02-23,PAT,1108,395,713,272,13,17,50,1,0,751,0,3,1,897,211,ITH,ITH2,4,Provincia Autonoma Trento,P.A. Trento,541380,35458,6.55,0.2
542,2021-01-13,PAT,421,123,298,392,6,23,0,0,0,0,0,0,0,421,0,ITH,ITH2,4,Provincia Autonoma Trento,P.A. Trento,541380,35879,6.63,0.08
543,2021-03-07,PAT,22,6,16,0,0,0,22,0,0,0,0,0,0,22,0,ITH,ITH2,4,Provincia Autonoma Trento,P.A. Trento,541380,35901,6.63,0.0
544,2021-01-27,PAT,802,277,525,463,33,304,0,0,0,1,0,0,1,91,711,ITH,ITH2,4,Provincia Autonoma Trento,P.A. Trento,541380,36703,6.78,0.15
545,2021-01-29,PAT,1352,331,1021,724,74,542,0,0,0,3,0,0,9,55,1297,ITH,ITH2,4,Provincia Autonoma Trento,P.A. Trento,541380,38055,7.03,0.25
546,2021-04-15,PAT,3178,1436,1742,181,112,16,3,129,1514,527,685,1,10,3027,151,ITH,ITH2,4,Provincia Autonoma Trento,P.A. Trento,541380,41233,7.62,0.59
547,2021-03-18,PAT,2317,957,1360,64,1,2,3,9,536,1674,17,2,9,1238,1079,ITH,ITH2,4,Provincia Autonoma Trento,P.A. Trento,541380,43550,8.04,0.43
548,2021-02-13,PAT,536,333,203,373,4,0,0,1,0,158,0,0,0,171,365,ITH,ITH2,4,Provincia Autonoma Trento,P.A. Trento,541380,44086,8.14,0.1
549,2021-03-27,PAT,1615,709,906,271,363,0,166,12,352,61,228,135,27,1363,252,ITH,ITH2,4,Provincia Autonoma Trento,P.A. Trento,541380,45701,8.44,0.3
550,2021-02-12,PAT,1010,340,670,335,54,55,0,2,9,553,0,0,2,589,421,ITH,ITH2,4,Provincia Autonoma Trento,P.A. Trento,541380,46711,8.63,0.19
551,2021-03-20,PAT,871,402,469,154,97,0,69,0,343,78,127,0,3,670,201,ITH,ITH2,4,Provincia Autonoma Trento,P.A. Trento,541380,47582,8.79,0.16
552,2021-03-10,PAT,2398,925,1473,356,36,25,316,4,10,1421,2,221,7,1477,921,ITH,ITH2,4,Provincia Autonoma Trento,P.A. Trento,541380,49980,9.23,0.44
553,2021-01-09,PAT,190,40,150,146,13,31,0,0,0,0,0,0,0,190,0,ITH,ITH2,4,Provincia Autonoma Trento,P.A. Trento,541380,50170,9.27,0.04
554,2021-03-08,PAT,1398,433,965,65,15,0,277,2,6,1017,1,7,8,1045,353,ITH,ITH2,4,Provincia Autonoma Trento,P.A. Trento,541380,51568,9.53,0.26
555,2021-05-07,PAT,5918,3047,2871,76,126,12,138,1151,500,521,459,215,2720,5095,823,ITH,ITH2,4,Provincia Autonoma Trento,P.A. Trento,541380,57486,10.62,1.09
556,2021-03-29,PAT,2452,957,1495,98,29,5,92,33,802,1003,100,4,286,1717,735,ITH,ITH2,4,Provincia Autonoma Trento,P.A. Trento,541380,59938,11.07,0.45
557,2021-04-17,PAT,2201,1119,1082,13,2,0,0,146,1503,77,453,0,7,2144,57,ITH,ITH2,4,Provincia Autonoma Trento,P.A. Trento,541380,62139,11.48,0.41
558,2021-01-22,PAT,1668,433,1235,904,121,631,3,3,5,1,0,0,0,329,1339,ITH,ITH2,4,Provincia Autonoma Trento,P.A. Trento,541380,63807,11.79,0.31
559,2021-02-16,PAT,663,244,419,73,2,3,10,0,8,563,0,0,4,658,5,ITH,ITH2,4,Provincia Autonoma Trento,P.A. Trento,541380,64470,11.91,0.12
560,2021-02-24,PAT,1318,523,795,236,5,29,66,4,2,974,1,1,0,922,396,ITH,ITH2,4,Provincia Autonoma Trento,P.A. Trento,541380,65788,12.15,0.24
561,2021-01-23,PAT,577,334,243,487,2,88,0,0,0,0,0,0,0,388,189,ITH,ITH2,4,Provincia Autonoma Trento,P.A. Trento,541380,66365,12.26,0.11
562,2021-03-17,PAT,2067,790,1277,398,15,55,10,4,276,1266,23,1,19,1199,868,ITH,ITH2,4,Provincia Autonoma Trento,P.A. Trento,541380,68432,12.64,0.38
563,2021-03-02,PAT,1302,440,862,138,16,55,146,4,9,925,1,1,7,926,376,ITH,ITH2,4,Provincia Autonoma Trento,P.A. Trento,541380,69734,12.88,0.24
564,2021-04-08,PAT,3112,1293,1819,185,25,46,39,57,1023,1414,308,3,12,1994,1118,ITH,ITH2,4,Provincia Autonoma Trento,P.A. Trento,541380,72846,13.46,0.57
565,2021-02-26,PAT,1218,435,783,250,12,19,105,3,2,823,0,1,3,923,295,ITH,ITH2,4,Provincia Autonoma Trento,P.A. Trento,541380,74064,13.68,0.22
566,2021-04-07,PAT,2590,1008,1582,264,26,29,102,19,630,1364,132,10,14,1650,940,ITH,ITH2,4,Provincia Autonoma Trento,P.A. Trento,541380,76654,14.16,0.48
567,2021-03-13,PAT,830,380,450,203,16,30,259,0,0,44,0,278,0,782,48,ITH,ITH2,4,Provincia Autonoma Trento,P.A. Trento,541380,77484,14.31,0.15
568,2021-05-12,PAT,2222,1046,1176,21,23,0,101,459,127,542,137,26,786,1435,787,ITH,ITH2,4,Provincia Autonoma Trento,P.A. Trento,541380,79706,14.72,0.41
569,2021-04-11,PAT,2335,1133,1202,45,57,8,177,26,1754,21,235,7,5,2244,91,ITH,ITH2,4,Provincia Autonoma Trento,P.A. Trento,541380,82041,15.15,0.43
570,2021-01-08,PAT,1449,313,1136,775,128,530,0,0,7,7,0,0,2,1449,0,ITH,ITH2,4,Provincia Autonoma Trento,P.A. Trento,541380,83490,15.42,0.27
571,2021-02-15,PAT,533,187,346,145,21,27,11,1,1,322,0,0,5,419,114,ITH,ITH2,4,Provincia Autonoma Trento,P.A. Trento,541380,84023,15.52,0.1
572,2020-12-31,PAT,1624,449,1175,841,105,676,0,0,1,1,0,0,0,1624,0,ITH,ITH2,4,Provincia Autonoma Trento,P.A. Trento,541380,85647,15.82,0.3
573,2021-03-01,PAT,1237,454,783,74,1,10,95,5,8,1037,0,3,4,942,295,ITH,ITH2,4,Provincia Autonoma Trento,P.A. Trento,541380,86884,16.05,0.23
574,2021-02-09,PAT,914,287,627,447,8,73,0,2,1,381,0,0,2,441,473,ITH,ITH2,4,Provincia Autonoma Trento,P.A. Trento,541380,87798,16.22,0.17
575,2021-04-22,PAT,3129,1461,1668,74,49,8,0,1319,900,242,525,2,10,3085,44,ITH,ITH2,4,Provincia Autonoma Trento,P.A. Trento,541380,90927,16.8,0.58
576,2021-03-06,PAT,773,277,496,362,11,0,195,3,0,195,0,5,2,622,151,ITH,ITH2,4,Provincia Autonoma Trento,P.A. Trento,541380,91700,16.94,0.14
577,2021-04-30,PAT,4847,2365,2482,61,126,14,30,2807,892,172,582,3,160,4709,138,ITH,ITH2,4,Provincia Autonoma Trento,P.A. Trento,541380,96547,17.83,0.9
578,2021-01-18,PAT,643,154,489,529,35,73,0,1,0,1,0,0,4,588,55,ITH,ITH2,4,Provincia Autonoma Trento,P.A. Trento,541380,97190,17.95,0.12
579,2021-01-06,PAT,42,13,29,42,0,0,0,0,0,0,0,0,0,42,0,ITH,ITH2,4,Provincia Autonoma Trento,P.A. Trento,541380,97232,17.96,0.01
580,2021-01-05,PAT,709,232,477,495,46,162,0,1,1,0,0,0,4,709,0,ITH,ITH2,4,Provincia Autonoma Trento,P.A. Trento,541380,97941,18.09,0.13
581,2021-05-05,PAT,4907,2545,2362,137,133,11,88,1721,685,88,241,224,1579,4633,274,ITH,ITH2,4,Provincia Autonoma Trento,P.A. Trento,541380,102848,19.0,0.91
582,2021-03-26,PAT,3150,1226,1924,136,178,108,554,30,1097,901,62,46,38,2551,599,ITH,ITH2,4,Provincia Autonoma Trento,P.A. Trento,541380,105998,19.58,0.58
583,2021-04-20,PAT,2860,1369,1491,40,20,0,4,941,1274,175,388,2,16,2824,36,ITH,ITH2,4,Provincia Autonoma Trento,P.A. Trento,541380,108858,20.11,0.53
584,2021-04-23,PAT,3580,1740,1840,33,16,20,9,1590,798,200,896,1,17,3526,54,ITH,ITH2,4,Provincia Autonoma Trento,P.A. Trento,541380,112438,20.77,0.66
585,2021-02-06,PAT,574,298,276,179,0,0,0,1,0,391,0,0,3,433,141,ITH,ITH2,4,Provincia Autonoma Trento,P.A. Trento,541380,113012,20.87,0.11
586,2021-02-21,PAT,155,92,63,154,0,0,1,0,0,0,0,0,0,43,112,ITH,ITH2,4,Provincia Autonoma Trento,P.A. Trento,541380,113167,20.9,0.03
587,2021-01-20,PAT,291,73,218,232,10,48,0,0,0,0,0,0,1,279,12,ITH,ITH2,4,Provincia Autonoma Trento,P.A. Trento,541380,113458,20.96,0.05
588,2021-01-02,PAT,502,143,359,336,21,141,0,0,0,3,0,0,1,502,0,ITH,ITH2,4,Provincia Autonoma Trento,P.A. Trento,541380,113960,21.05,0.09
589,2021-03-11,PAT,2293,851,1442,105,50,41,391,8,13,1587,23,59,16,1471,822,ITH,ITH2,4,Provincia Autonoma Trento,P.A. Trento,541380,116253,21.47,0.42
590,2021-04-01,PAT,2891,1227,1664,194,137,8,125,33,501,1644,123,24,102,1798,1093,ITH,ITH2,4,Provincia Autonoma Trento,P.A. Trento,541380,119144,22.01,0.53
591,2021-02-02,PAT,907,240,667,507,33,189,0,2,5,170,0,0,1,190,717,ITH,ITH2,4,Provincia Autonoma Trento,P.A. Trento,541380,120051,22.17,0.17
592,2021-01-11,PAT,730,221,509,523,49,153,0,1,0,0,0,0,4,730,0,ITH,ITH2,4,Provincia Autonoma Trento,P.A. Trento,541380,120781,22.31,0.13
593,2021-01-15,PAT,594,131,463,463,18,111,0,0,1,0,0,0,1,594,0,ITH,ITH2,4,Provincia Autonoma Trento,P.A. Trento,541380,121375,22.42,0.11
594,2021-04-18,PAT,1853,844,1009,10,54,4,3,1025,509,23,219,0,6,1845,8,ITH,ITH2,4,Provincia Autonoma Trento,P.A. Trento,541380,123228,22.76,0.34
595,2021-05-04,PAT,4468,2420,2048,39,65,27,26,1575,441,92,366,182,1655,4378,90,ITH,ITH2,4,Provincia Autonoma Trento,P.A. Trento,541380,127696,23.59,0.83
596,2021-03-24,PAT,2375,940,1435,206,90,42,225,6,238,1450,66,42,10,1555,820,ITH,ITH2,4,Provincia Autonoma Trento,P.A. Trento,541380,130071,24.03,0.44
597,2021-03-23,PAT,2439,941,1498,146,111,71,163,7,845,1011,35,34,16,1699,740,ITH,ITH2,4,Provincia Autonoma Trento,P.A. Trento,541380,132510,24.48,0.45
598,2021-05-09,PAT,2322,1210,1112,12,219,0,23,330,84,33,284,65,1272,1978,344,ITH,ITH2,4,Provincia Autonoma Trento,P.A. Trento,541380,134832,24.91,0.43
599,2021-04-21,PAT,2892,1348,1544,47,12,3,1,1176,920,195,534,0,4,2842,50,ITH,ITH2,4,Provincia Autonoma Trento,P.A. Trento,541380,137724,25.44,0.53
600,2021-02-17,PAT,1110,425,685,326,9,35,12,3,11,709,0,3,2,1020,90,ITH,ITH2,4,Provincia Autonoma Trento,P.A. Trento,541380,138834,25.64,0.21
601,2020-12-27,PAT,103,40,63,76,4,21,0,0,0,0,0,0,2,103,0,ITH,ITH2,4,Provincia Autonoma Trento,P.A. Trento,541380,138937,25.66,0.02
602,2021-05-08,PAT,3141,1715,1426,16,270,0,29,427,91,34,334,157,1783,2724,417,ITH,ITH2,4,Provincia Autonoma Trento,P.A. Trento,541380,142078,26.24,0.58
603,2021-03-14,PAT,107,65,42,102,0,0,5,0,0,0,0,0,0,20,87,ITH,ITH2,4,Provincia Autonoma Trento,P.A. Trento,541380,142185,26.26,0.02
604,2021-04-24,PAT,3507,1682,1825,3,30,3,2,2175,354,43,885,0,12,3494,13,ITH,ITH2,4,Provincia Autonoma Trento,P.A. Trento,541380,145692,26.91,0.65
605,2021-04-27,PAT,3874,1863,2011,27,104,1,5,2093,903,157,529,16,39,3808,66,ITH,ITH2,4,Provincia Autonoma Trento,P.A. Trento,541380,149566,27.63,0.72
606,2021-02-10,PAT,851,291,560,311,7,51,0,1,0,481,0,0,0,509,342,ITH,ITH2,4,Provincia Autonoma Trento,P.A. Trento,541380,150417,27.78,0.16
607,2021-01-10,PAT,84,19,65,54,18,12,0,0,0,0,0,0,0,84,0,ITH,ITH2,4,Provincia Autonoma Trento,P.A. Trento,541380,150501,27.8,0.02
608,2021-01-31,PAT,75,15,60,55,13,6,0,1,0,0,0,0,0,1,74,ITH,ITH2,4,Provincia Autonoma Trento,P.A. Trento,541380,150576,27.81,0.01
609,2021-04-02,PAT,2785,1143,1642,152,65,44,298,58,1168,699,133,15,153,2111,674,ITH,ITH2,4,Provincia Autonoma Trento,P.A. Trento,541380,153361,28.33,0.51
610,2021-01-12,PAT,505,158,347,419,25,61,0,0,0,0,0,0,0,505,0,ITH,ITH2,4,Provincia Autonoma Trento,P.A. Trento,541380,153866,28.42,0.09
611,2021-01-01,PAT,213,50,163,114,11,88,0,0,0,0,0,0,0,213,0,ITH,ITH2,4,Provincia Autonoma Trento,P.A. Trento,541380,154079,28.46,0.04
612,2021-02-11,PAT,1132,365,767,332,3,48,0,0,5,739,0,0,5,796,336,ITH,ITH2,4,Provincia Autonoma Trento,P.A. Trento,541380,155211,28.67,0.21
613,2021-03-09,PAT,1579,588,991,98,44,31,199,2,8,1102,1,92,2,936,643,ITH,ITH2,4,Provincia Autonoma Trento,P.A. Trento,541380,156790,28.96,0.29
614,2021-04-12,PAT,3077,1401,1676,137,37,31,365,76,1319,754,319,12,27,2581,496,ITH,ITH2,4,Provincia Autonoma Trento,P.A. Trento,541380,159867,29.53,0.57
615,2021-01-07,PAT,1270,310,960,649,46,557,0,1,4,13,0,0,0,1270,0,ITH,ITH2,4,Provincia Autonoma Trento,P.A. Trento,541380,161137,29.76,0.23
616,2021-02-01,PAT,1220,335,885,767,70,375,0,1,1,0,0,0,6,92,1128,ITH,ITH2,4,Provincia Autonoma Trento,P.A. Trento,541380,162357,29.99,0.23
617,2021-03-12,PAT,2493,931,1562,207,254,106,557,9,26,1120,5,203,6,1688,805,ITH,ITH2,4,Provincia Autonoma Trento,P.A. Trento,541380,164850,30.45,0.46
618,2021-02-27,PAT,1026,456,570,460,5,2,113,0,2,435,0,4,5,605,421,ITH,ITH2,4,Provincia Autonoma Trento,P.A. Trento,541380,165876,30.64,0.19
619,2021-02-20,PAT,406,245,161,330,10,30,31,0,0,1,0,3,1,122,284,ITH,ITH2,4,Provincia Autonoma Trento,P.A. Trento,541380,166282,30.71,0.07
620,2021-02-08,PAT,1151,318,833,551,53,237,1,1,4,303,0,0,1,342,809,ITH,ITH2,4,Provincia Autonoma Trento,P.A. Trento,541380,167433,30.93,0.21
621,2021-01-25,PAT,817,215,602,524,27,263,0,0,0,2,0,0,1,23,794,ITH,ITH2,4,Provincia Autonoma Trento,P.A. Trento,541380,168250,31.08,0.15
622,2021-03-31,PAT,2552,983,1569,146,35,5,227,26,480,1474,103,6,50,1695,857,ITH,ITH2,4,Provincia Autonoma Trento,P.A. Trento,541380,170802,31.55,0.47
623,2021-02-05,PAT,801,271,530,466,19,66,0,1,0,248,0,0,1,283,518,ITH,ITH2,4,Provincia Autonoma Trento,P.A. Trento,541380,171603,31.7,0.15
624,2021-04-10,PAT,2790,1306,1484,21,8,1,188,42,2183,67,258,11,11,1996,794,ITH,ITH2,4,Provincia Autonoma Trento,P.A. Trento,541380,174393,32.21,0.52
625,2021-04-16,PAT,2829,1340,1489,84,28,25,8,224,1245,389,803,2,21,2684,145,ITH,ITH2,4,Provincia Autonoma Trento,P.A. Trento,541380,177222,32.74,0.52
626,2021-02-04,PAT,973,304,669,544,10,89,0,1,2,325,0,0,2,420,553,ITH,ITH2,4,Provincia Autonoma Trento,P.A. Trento,541380,178195,32.91,0.18
627,2021-03-22,PAT,2304,972,1332,83,134,8,103,11,848,994,62,38,23,1429,875,ITH,ITH2,4,Provincia Autonoma Trento,P.A. Trento,541380,180499,33.34,0.43
628,2021-01-17,PAT,251,195,56,251,0,0,0,0,0,0,0,0,0,251,0,ITH,ITH2,4,Provincia Autonoma Trento,P.A. Trento,541380,180750,33.39,0.05
629,2021-02-18,PAT,1205,426,779,300,25,35,55,2,3,782,0,3,0,1143,62,ITH,ITH2,4,Provincia Autonoma Trento,P.A. Trento,541380,181955,33.61,0.22
630,2021-05-02,PAT,3512,1955,1557,18,137,0,3,1507,150,21,253,128,1295,3474,38,ITH,ITH2,4,Provincia Autonoma Trento,P.A. Trento,541380,185467,34.26,0.65
631,2021-01-16,PAT,319,148,171,304,0,15,0,0,0,0,0,0,0,319,0,ITH,ITH2,4,Provincia Autonoma Trento,P.A. Trento,541380,185786,34.32,0.06
632,2021-04-06,PAT,2257,949,1308,40,6,9,101,11,850,1069,141,18,12,1489,768,ITH,ITH2,4,Provincia Autonoma Trento,P.A. Trento,541380,188043,34.73,0.42
633,2021-02-28,PAT,242,121,121,231,0,0,11,0,0,0,0,0,0,242,0,ITH,ITH2,4,Provincia Autonoma Trento,P.A. Trento,541380,188285,34.78,0.04
634,2021-03-28,PAT,748,292,456,19,414,0,2,9,18,8,168,107,3,745,3,ITH,ITH2,4,Provincia Autonoma Trento,P.A. Trento,541380,189033,34.92,0.14
635,2021-04-03,PAT,1137,471,666,143,269,0,31,10,146,61,366,108,3,970,167,ITH,ITH2,4,Provincia Autonoma Trento,P.A. Trento,541380,190170,35.13,0.21
636,2021-02-22,PAT,745,259,486,119,4,70,45,1,4,501,0,0,1,661,84,ITH,ITH2,4,Provincia Autonoma Trento,P.A. Trento,541380,190915,35.26,0.14
637,2021-04-26,PAT,2644,1243,1401,18,12,0,10,667,1149,154,620,1,13,2550,94,ITH,ITH2,4,Provincia Autonoma Trento,P.A. Trento,541380,193559,35.75,0.49
638,2021-03-19,PAT,2423,915,1508,321,74,53,68,17,758,1065,50,2,15,1571,852,ITH,ITH2,4,Provincia Autonoma Trento,P.A. Trento,541380,195982,36.2,0.45
639,2021-01-28,PAT,530,147,383,390,29,107,0,1,1,2,0,0,0,48,482,ITH,ITH2,4,Provincia Autonoma Trento,P.A. Trento,541380,196512,36.3,0.1
640,2021-02-19,PAT,927,358,569,169,38,93,28,5,11,582,0,1,0,869,58,ITH,ITH2,4,Provincia Autonoma Trento,P.A. Trento,541380,197439,36.47,0.17
641,2021-03-16,PAT,1391,506,885,221,7,36,5,1,24,1073,11,0,13,608,783,ITH,ITH2,4,Provincia Autonoma Trento,P.A. Trento,541380,198830,36.73,0.26
642,2021-02-25,PAT,1640,643,997,120,9,32,93,2,3,1377,0,1,3,1200,440,ITH,ITH2,4,Provincia Autonoma Trento,P.A. Trento,541380,200470,37.03,0.3
643,2021-01-04,PAT,870,227,643,486,41,336,0,2,4,1,0,0,0,870,0,ITH,ITH2,4,Provincia Autonoma Trento,P.A. Trento,541380,201340,37.19,0.16
644,2021-04-09,PAT,2705,1143,1562,86,27,27,196,60,1290,897,112,4,6,1506,1199,ITH,ITH2,4,Provincia Autonoma Trento,P.A. Trento,541380,204045,37.69,0.5
645,2021-01-03,PAT,492,160,332,419,9,63,0,0,0,0,0,0,1,492,0,ITH,ITH2,4,Provincia Autonoma Trento,P.A. Trento,541380,204537,37.78,0.09
646,2021-04-28,PAT,4219,1961,2258,99,43,5,24,2398,905,168,534,3,40,4081,138,ITH,ITH2,4,Provincia Autonoma Trento,P.A. Trento,541380,208756,38.56,0.78
647,2021-01-19,PAT,405,77,328,365,3,36,0,0,0,0,0,0,1,405,0,ITH,ITH2,4,Provincia Autonoma Trento,P.A. Trento,541380,209161,38.63,0.07
648,2021-02-03,PAT,846,314,532,356,13,73,0,1,2,400,0,0,1,414,432,ITH,ITH2,4,Provincia Autonoma Trento,P.A. Trento,541380,210007,38.79,0.16
649,2021-02-14,PAT,246,186,60,246,0,0,0,0,0,0,0,0,0,11,235,ITH,ITH2,4,Provincia Autonoma Trento,P.A. Trento,541380,210253,38.84,0.05
650,2021-04-13,PAT,2546,1054,1492,25,12,3,389,40,1218,693,144,2,20,2039,507,ITH,ITH2,4,Provincia Autonoma Trento,P.A. Trento,541380,212799,39.31,0.47
651,2020-12-30,PAT,7,3,4,4,1,2,0,0,0,0,0,0,0,7,0,ITH,ITH2,4,Provincia Autonoma Trento,P.A. Trento,541380,212806,39.31,0.0
652,2021-05-03,PAT,4233,2177,2056,90,80,3,7,2064,444,115,514,135,781,4080,153,ITH,ITH2,4,Provincia Autonoma Trento,P.A. Trento,541380,217039,40.09,0.78
653,2021-05-01,PAT,4834,2463,2371,25,71,0,4,2921,179,44,564,81,945,4799,35,ITH,ITH2,4,Provincia Autonoma Trento,P.A. Trento,541380,221873,40.98,0.89
654,2021-03-25,PAT,2873,1103,1770,184,141,28,360,32,631,1326,84,25,62,1824,1049,ITH,ITH2,4,Provincia Autonoma Trento,P.A. Trento,541380,224746,41.51,0.53
655,2021-03-30,PAT,2381,970,1411,71,60,53,177,17,792,1049,96,9,57,1744,637,ITH,ITH2,4,Provincia Autonoma Trento,P.A. Trento,541380,227127,41.95,0.44
656,2021-01-26,PAT,542,154,388,441,16,84,0,0,0,0,0,0,1,27,515,ITH,ITH2,4,Provincia Autonoma Trento,P.A. Trento,541380,227669,42.05,0.1
657,2021-01-07,LIG,3229,1095,2134,2340,315,465,4,18,5,0,0,1,81,3229,0,ITC,ITC3,7,Liguria,Liguria,1550640,3229,0.21,0.21
658,2021-01-08,LIG,2926,999,1927,2083,343,431,4,12,0,0,0,1,52,2926,0,ITC,ITC3,7,Liguria,Liguria,1550640,6155,0.4,0.19
659,2021-02-18,LIG,2762,1126,1636,958,195,350,2,22,7,1006,35,0,187,2431,331,ITC,ITC3,7,Liguria,Liguria,1550640,8917,0.58,0.18
660,2021-02-19,LIG,3104,1284,1820,994,246,97,3,39,22,1450,0,4,249,2928,176,ITC,ITC3,7,Liguria,Liguria,1550640,12021,0.78,0.2
661,2021-04-28,LIG,14445,6519,7926,276,181,85,333,3102,4047,3120,2890,59,352,6457,7988,ITC,ITC3,7,Liguria,Liguria,1550640,26466,1.71,0.93
662,2021-04-10,LIG,7877,3556,4321,216,90,34,9,172,3954,1578,1612,6,206,6963,914,ITC,ITC3,7,Liguria,Liguria,1550640,34343,2.21,0.51
663,2021-02-11,LIG,1975,767,1208,1250,231,457,6,3,1,0,4,0,23,1104,871,ITC,ITC3,7,Liguria,Liguria,1550640,36318,2.34,0.13
664,2021-01-18,LIG,2134,744,1390,1252,384,438,10,12,5,1,0,0,32,1977,157,ITC,ITC3,7,Liguria,Liguria,1550640,38452,2.48,0.14
665,2021-03-16,LIG,6073,2722,3351,939,176,324,6,35,77,4275,142,14,85,2349,3724,ITC,ITC3,7,Liguria,Liguria,1550640,44525,2.87,0.39
666,2021-05-12,LIG,11512,5186,6326,492,161,44,91,2826,2963,2122,2046,30,737,6302,5210,ITC,ITC3,7,Liguria,Liguria,1550640,56037,3.61,0.74
667,2021-03-13,LIG,3827,1616,2211,332,120,72,790,100,45,1782,11,180,395,2972,855,ITC,ITC3,7,Liguria,Liguria,1550640,59864,3.86,0.25
668,2021-02-22,LIG,3335,1468,1867,714,104,239,2,2,13,2237,0,7,17,3193,142,ITC,ITC3,7,Liguria,Liguria,1550640,63199,4.08,0.22
669,2021-03-26,LIG,9122,3854,5268,602,325,65,1297,221,265,3896,1840,377,234,5968,3154,ITC,ITC3,7,Liguria,Liguria,1550640,72321,4.66,0.59
670,2020-12-29,LIG,125,33,92,93,11,21,0,0,0,0,0,0,0,125,0,ITC,ITC3,7,Liguria,Liguria,1550640,72446,4.67,0.01
671,2021-03-12,LIG,6153,2815,3338,1208,460,84,4,77,79,3504,53,590,94,3684,2469,ITC,ITC3,7,Liguria,Liguria,1550640,78599,5.07,0.4
672,2021-04-02,LIG,11670,5117,6553,435,225,40,910,356,3181,3623,2465,139,296,9184,2486,ITC,ITC3,7,Liguria,Liguria,1550640,90269,5.82,0.75
673,2021-01-16,LIG,1278,557,721,753,196,299,1,4,2,0,1,0,22,1278,0,ITC,ITC3,7,Liguria,Liguria,1550640,91547,5.9,0.08
674,2021-04-04,LIG,756,366,390,30,0,0,0,36,64,325,222,0,79,507,249,ITC,ITC3,7,Liguria,Liguria,1550640,92303,5.95,0.05
675,2021-01-01,LIG,144,55,89,139,5,0,0,0,0,0,0,0,0,144,0,ITC,ITC3,7,Liguria,Liguria,1550640,92447,5.96,0.01
676,2021-01-05,LIG,2879,896,1983,2308,240,261,7,7,1,17,0,0,38,2879,0,ITC,ITC3,7,Liguria,Liguria,1550640,95326,6.15,0.19
677,2021-04-01,LIG,12378,5468,6910,437,239,142,939,345,3490,3710,2546,188,342,9608,2770,ITC,ITC3,7,Liguria,Liguria,1550640,107704,6.95,0.8
678,2021-01-20,LIG,1550,555,995,728,332,480,2,0,2,0,0,0,6,1538,12,ITC,ITC3,7,Liguria,Liguria,1550640,109254,7.05,0.1
679,2021-04-03,LIG,5406,2498,2908,117,79,3,19,136,2420,1395,1125,9,103,4463,943,ITC,ITC3,7,Liguria,Liguria,1550640,114660,7.39,0.35
680,2021-01-15,LIG,2257,754,1503,1328,350,517,2,8,1,2,1,0,48,2257,0,ITC,ITC3,7,Liguria,Liguria,1550640,116917,7.54,0.15
681,2021-02-02,LIG,2668,1005,1663,1974,216,464,2,2,0,0,0,0,10,134,2534,ITC,ITC3,7,Liguria,Liguria,1550640,119585,7.71,0.17
682,2021-01-06,LIG,1660,616,1044,1230,142,113,3,36,10,65,0,0,61,1660,0,ITC,ITC3,7,Liguria,Liguria,1550640,121245,7.82,0.11
683,2021-01-10,LIG,648,262,386,369,101,176,0,1,0,0,0,0,1,648,0,ITC,ITC3,7,Liguria,Liguria,1550640,121893,7.86,0.04
684,2021-01-28,LIG,2847,971,1876,2239,270,310,5,0,1,1,0,1,20,39,2808,ITC,ITC3,7,Liguria,Liguria,1550640,124740,8.04,0.18
685,2021-05-09,LIG,2820,1242,1578,123,61,4,70,111,1014,428,790,16,203,1110,1710,ITC,ITC3,7,Liguria,Liguria,1550640,127560,8.23,0.18
686,2021-04-07,LIG,13586,6032,7554,442,288,108,574,491,4246,4295,2631,150,361,11297,2289,ITC,ITC3,7,Liguria,Liguria,1550640,141146,9.1,0.88
687,2021-01-02,LIG,691,245,446,595,95,0,0,0,0,0,0,0,1,691,0,ITC,ITC3,7,Liguria,Liguria,1550640,141837,9.15,0.04
688,2021-05-05,LIG,13645,6109,7536,534,202,118,18,2572,4620,2989,2139,132,321,5247,8398,ITC,ITC3,7,Liguria,Liguria,1550640,155482,10.03,0.88
689,2021-04-09,LIG,12405,5550,6855,545,354,110,582,442,4131,3625,2243,61,312,10677,1728,ITC,ITC3,7,Liguria,Liguria,1550640,167887,10.83,0.8
690,2021-01-11,LIG,2654,990,1664,1992,314,315,1,7,0,0,1,0,24,2654,0,ITC,ITC3,7,Liguria,Liguria,1550640,170541,11.0,0.17
691,2021-01-14,LIG,2982,1056,1926,1872,524,553,1,5,0,0,0,2,25,2982,0,ITC,ITC3,7,Liguria,Liguria,1550640,173523,11.19,0.19
692,2021-03-03,LIG,4581,1846,2735,1040,203,308,4,4,5,2982,0,4,31,3555,1026,ITC,ITC3,7,Liguria,Liguria,1550640,178104,11.49,0.3
693,2021-01-09,LIG,1335,481,854,999,131,188,2,4,0,0,0,1,10,1335,0,ITC,ITC3,7,Liguria,Liguria,1550640,179439,11.57,0.09
694,2021-02-16,LIG,2397,954,1443,984,238,283,2,19,4,704,12,0,151,2004,393,ITC,ITC3,7,Liguria,Liguria,1550640,181836,11.73,0.15
695,2021-05-06,LIG,14376,6351,8025,654,339,114,51,3126,4349,2876,2408,155,304,6082,8294,ITC,ITC3,7,Liguria,Liguria,1550640,196212,12.65,0.93
696,2021-04-24,LIG,8168,3784,4384,137,116,58,4,1872,2563,1293,1900,8,217,5016,3152,ITC,ITC3,7,Liguria,Liguria,1550640,204380,13.18,0.53
697,2021-04-18,LIG,2604,1160,1444,216,93,44,1,20,825,520,879,0,6,2135,469,ITC,ITC3,7,Liguria,Liguria,1550640,206984,13.35,0.17
698,2021-02-10,LIG,2312,837,1475,1365,395,513,5,6,2,5,0,0,21,1020,1292,ITC,ITC3,7,Liguria,Liguria,1550640,209296,13.5,0.15
699,2021-04-29,LIG,15547,6971,8576,554,228,142,527,3462,4706,2934,2632,82,280,6728,8819,ITC,ITC3,7,Liguria,Liguria,1550640,224843,14.5,1.0
700,2021-01-31,LIG,624,270,354,418,71,135,0,0,0,0,0,0,0,9,615,ITC,ITC3,7,Liguria,Liguria,1550640,225467,14.54,0.04
701,2021-02-20,LIG,1336,637,699,160,107,123,0,34,5,589,0,4,314,1335,1,ITC,ITC3,7,Liguria,Liguria,1550640,226803,14.63,0.09
702,2021-05-04,LIG,13549,6065,7484,487,101,113,17,2807,4455,3026,2151,89,303,5330,8219,ITC,ITC3,7,Liguria,Liguria,1550640,240352,15.5,0.87
703,2021-01-21,LIG,1102,385,717,584,159,332,0,2,2,1,0,0,22,672,430,ITC,ITC3,7,Liguria,Liguria,1550640,241454,15.57,0.07
704,2021-02-23,LIG,3805,1559,2246,687,163,116,1,5,5,2749,42,4,33,3696,109,ITC,ITC3,7,Liguria,Liguria,1550640,245259,15.82,0.25
705,2021-02-26,LIG,3765,1524,2241,782,147,168,2,16,26,2609,0,0,15,3437,328,ITC,ITC3,7,Liguria,Liguria,1550640,249024,16.06,0.24
706,2021-05-10,LIG,12455,5491,6964,528,180,43,13,2722,3649,2666,2241,30,383,6094,6361,ITC,ITC3,7,Liguria,Liguria,1550640,261479,16.86,0.8
707,2021-04-30,LIG,14317,6381,7936,347,172,76,513,2958,4281,2923,2717,57,273,5748,8569,ITC,ITC3,7,Liguria,Liguria,1550640,275796,17.79,0.92
708,2021-04-11,LIG,4249,1931,2318,67,55,25,73,66,2116,627,1175,10,35,4000,249,ITC,ITC3,7,Liguria,Liguria,1550640,280045,18.06,0.27
709,2021-02-13,LIG,1080,508,572,543,80,148,0,0,0,257,0,2,50,800,280,ITC,ITC3,7,Liguria,Liguria,1550640,281125,18.13,0.07
710,2021-03-20,LIG,2316,995,1321,224,81,0,0,12,44,1857,12,67,19,1142,1174,ITC,ITC3,7,Liguria,Liguria,1550640,283441,18.28,0.15
711,2021-02-17,LIG,2647,1172,1475,905,203,261,2,15,8,1121,0,8,124,2262,385,ITC,ITC3,7,Liguria,Liguria,1550640,286088,18.45,0.17
712,2021-01-25,LIG,2720,889,1831,2211,175,317,2,5,1,0,0,0,9,473,2247,ITC,ITC3,7,Liguria,Liguria,1550640,288808,18.63,0.18
713,2021-02-12,LIG,1924,689,1235,873,204,395,1,2,1,431,0,7,10,899,1025,ITC,ITC3,7,Liguria,Liguria,1550640,290732,18.75,0.12
714,2021-02-24,LIG,3763,1560,2203,806,193,153,1,2,6,2583,1,0,18,3505,258,ITC,ITC3,7,Liguria,Liguria,1550640,294495,18.99,0.24
715,2021-03-06,LIG,3303,1841,1462,377,151,120,1,58,6,1538,0,559,493,2598,705,ITC,ITC3,7,Liguria,Liguria,1550640,297798,19.2,0.21
716,2021-04-12,LIG,12377,5471,6906,530,228,111,45,540,4166,4211,2155,68,323,10359,2018,ITC,ITC3,7,Liguria,Liguria,1550640,310175,20.0,0.8
717,2021-03-10,LIG,5879,2840,3039,826,352,95,1,23,28,3752,43,610,149,3973,1906,ITC,ITC3,7,Liguria,Liguria,1550640,316054,20.38,0.38
718,2021-03-31,LIG,11844,5207,6637,527,179,103,879,352,2612,4217,2444,219,312,9074,2770,ITC,ITC3,7,Liguria,Liguria,1550640,327898,21.15,0.76
719,2021-04-22,LIG,13803,6190,7613,530,166,50,534,2711,3374,3002,2957,135,344,8739,5064,ITC,ITC3,7,Liguria,Liguria,1550640,341701,22.04,0.89
720,2021-03-27,LIG,3921,1538,2383,176,175,36,706,26,89,2058,502,92,61,2525,1396,ITC,ITC3,7,Liguria,Liguria,1550640,345622,22.29,0.25
721,2021-04-08,LIG,13725,6156,7569,685,322,110,651,461,4357,3932,2794,76,337,11681,2044,ITC,ITC3,7,Liguria,Liguria,1550640,359347,23.17,0.89
722,2021-03-02,LIG,4074,1689,2385,728,92,76,4,8,16,3089,42,3,16,3764,310,ITC,ITC3,7,Liguria,Liguria,1550640,363421,23.44,0.26
723,2021-03-30,LIG,12149,5380,6769,485,255,152,850,317,2410,4296,2815,279,290,8760,3389,ITC,ITC3,7,Liguria,Liguria,1550640,375570,24.22,0.78
724,2021-05-02,LIG,3872,1768,2104,51,20,2,1,275,2277,402,786,2,56,500,3372,ITC,ITC3,7,Liguria,Liguria,1550640,379442,24.47,0.25
725,2021-03-01,LIG,3500,1427,2073,528,81,106,1,4,6,2751,0,0,23,3378,122,ITC,ITC3,7,Liguria,Liguria,1550640,382942,24.7,0.23
726,2021-03-08,LIG,5622,2456,3166,1124,319,80,7,35,15,3570,11,384,77,3933,1689,ITC,ITC3,7,Liguria,Liguria,1550640,388564,25.06,0.36
727,2021-05-07,LIG,13499,6000,7499,595,380,52,35,2518,4102,2651,2490,141,535,5734,7765,ITC,ITC3,7,Liguria,Liguria,1550640,402063,25.93,0.87
728,2021-04-17,LIG,7351,3207,4144,196,168,154,3,1206,2594,1494,1365,8,163,6619,732,ITC,ITC3,7,Liguria,Liguria,1550640,409414,26.4,0.47
729,2021-03-17,LIG,5553,2369,3184,782,156,93,8,20,74,4260,109,4,47,2474,3079,ITC,ITC3,7,Liguria,Liguria,1550640,414967,26.76,0.36
730,2021-02-04,LIG,2816,985,1831,1866,462,471,8,0,0,0,0,1,8,179,2637,ITC,ITC3,7,Liguria,Liguria,1550640,417783,26.94,0.18
731,2021-04-06,LIG,13170,5856,7314,543,269,208,553,374,4064,4151,2494,134,380,10930,2240,ITC,ITC3,7,Liguria,Liguria,1550640,430953,27.79,0.85
732,2021-02-15,LIG,2264,839,1425,1091,217,241,2,12,1,664,0,1,35,1867,397,ITC,ITC3,7,Liguria,Liguria,1550640,433217,27.94,0.15
733,2021-02-28,LIG,1060,581,479,12,2,4,0,63,7,474,0,0,498,1051,9,ITC,ITC3,7,Liguria,Liguria,1550640,434277,28.01,0.07
734,2020-12-30,LIG,12,5,7,12,0,0,0,0,0,0,0,0,0,12,0,ITC,ITC3,7,Liguria,Liguria,1550640,434289,28.01,0.0
735,2021-01-23,LIG,809,295,514,633,129,43,1,2,1,0,0,0,0,153,656,ITC,ITC3,7,Liguria,Liguria,1550640,435098,28.06,0.05
736,2021-02-09,LIG,1936,689,1247,1099,325,475,22,2,0,0,0,0,13,257,1679,ITC,ITC3,7,Liguria,Liguria,1550640,437034,28.18,0.12
737,2021-03-22,LIG,7656,3396,4260,580,192,83,877,123,96,4086,1107,371,141,4723,2933,ITC,ITC3,7,Liguria,Liguria,1550640,444690,28.68,0.49
738,2021-01-17,LIG,861,300,561,516,30,262,1,4,2,0,0,0,46,861,0,ITC,ITC3,7,Liguria,Liguria,1550640,445551,28.73,0.06
739,2021-04-26,LIG,10406,4892,5514,350,111,123,3,3402,2501,1363,2337,58,158,7791,2615,ITC,ITC3,7,Liguria,Liguria,1550640,455957,29.4,0.67
740,2021-04-05,LIG,3976,1751,2225,188,44,10,10,141,921,2211,338,5,108,2327,1649,ITC,ITC3,7,Liguria,Liguria,1550640,459933,29.66,0.26
741,2021-02-07,LIG,407,153,254,191,18,187,0,0,0,0,9,0,2,2,405,ITC,ITC3,7,Liguria,Liguria,1550640,460340,29.69,0.03
742,2021-03-11,LIG,6349,3053,3296,1146,170,262,2,42,39,3800,90,721,77,4343,2006,ITC,ITC3,7,Liguria,Liguria,1550640,466689,30.1,0.41
743,2021-01-04,LIG,2617,855,1762,2199,158,176,3,22,3,0,1,0,55,2617,0,ITC,ITC3,7,Liguria,Liguria,1550640,469306,30.27,0.17
744,2021-05-03,LIG,13253,5916,7337,349,192,94,24,3651,3300,2936,2349,93,265,6453,6800,ITC,ITC3,7,Liguria,Liguria,1550640,482559,31.12,0.85
745,2021-04-25,LIG,1936,921,1015,12,2,0,0,676,739,162,340,0,5,1521,415,ITC,ITC3,7,Liguria,Liguria,1550640,484495,31.24,0.12
746,2021-04-23,LIG,14622,6625,7997,352,221,72,544,3312,3463,3261,3018,90,289,8527,6095,ITC,ITC3,7,Liguria,Liguria,1550640,499117,32.19,0.94
747,2020-12-31,LIG,989,354,635,751,34,155,0,4,10,28,0,0,7,989,0,ITC,ITC3,7,Liguria,Liguria,1550640,500106,32.25,0.06
748,2021-02-21,LIG,869,491,378,183,21,102,0,38,4,267,0,0,254,865,4,ITC,ITC3,7,Liguria,Liguria,1550640,500975,32.31,0.06
749,2021-03-15,LIG,7301,3075,4226,819,338,106,962,126,83,3782,628,304,153,4597,2704,ITC,ITC3,7,Liguria,Liguria,1550640,508276,32.78,0.47
750,2021-02-06,LIG,1892,768,1124,1310,186,375,1,0,1,0,0,0,19,145,1747,ITC,ITC3,7,Liguria,Liguria,1550640,510168,32.9,0.12
751,2021-04-13,LIG,13053,5860,7193,514,228,112,103,594,4635,4365,2141,88,273,11034,2019,ITC,ITC3,7,Liguria,Liguria,1550640,523221,33.74,0.84
752,2021-01-13,LIG,2756,1014,1742,1914,307,487,4,8,7,1,0,0,28,2756,0,ITC,ITC3,7,Liguria,Liguria,1550640,525977,33.92,0.18
753,2021-01-03,LIG,734,230,504,658,62,0,1,2,0,0,0,0,11,734,0,ITC,ITC3,7,Liguria,Liguria,1550640,526711,33.97,0.05
754,2021-01-30,LIG,1661,567,1094,1261,121,257,2,6,0,0,0,0,14,25,1636,ITC,ITC3,7,Liguria,Liguria,1550640,528372,34.07,0.11
755,2021-04-16,LIG,11922,5257,6665,490,249,113,43,1841,3398,3459,2035,77,217,10111,1811,ITC,ITC3,7,Liguria,Liguria,1550640,540294,34.84,0.77
756,2021-01-19,LIG,1371,438,933,718,313,330,3,1,0,0,0,0,6,1281,90,ITC,ITC3,7,Liguria,Liguria,1550640,541665,34.93,0.09
757,2021-04-20,LIG,14213,6505,7708,460,131,171,378,3170,3311,3468,2789,18,317,9864,4349,ITC,ITC3,7,Liguria,Liguria,1550640,555878,35.85,0.92
758,2021-02-05,LIG,2675,986,1689,1744,418,494,4,1,1,0,0,0,13,304,2371,ITC,ITC3,7,Liguria,Liguria,1550640,558553,36.02,0.17
759,2021-02-03,LIG,2316,792,1524,1628,224,416,1,7,4,0,0,0,36,55,2261,ITC,ITC3,7,Liguria,Liguria,1550640,560869,36.17,0.15
760,2020-12-28,LIG,80,30,50,77,0,0,0,1,0,1,0,0,1,80,0,ITC,ITC3,7,Liguria,Liguria,1550640,560949,36.18,0.01
761,2021-03-23,LIG,9033,4081,4952,662,222,126,1311,150,104,4053,1659,583,163,5824,3209,ITC,ITC3,7,Liguria,Liguria,1550640,569982,36.76,0.58
762,2021-05-01,LIG,7134,3255,3879,167,63,24,3,693,3865,926,1236,6,151,1332,5802,ITC,ITC3,7,Liguria,Liguria,1550640,577116,37.22,0.46
763,2021-03-24,LIG,8945,3836,5109,524,236,103,1344,154,140,4342,1391,556,155,5656,3289,ITC,ITC3,7,Liguria,Liguria,1550640,586061,37.79,0.58
764,2021-05-11,LIG,13533,6129,7404,438,135,65,66,3037,4279,2462,2195,20,836,6977,6556,ITC,ITC3,7,Liguria,Liguria,1550640,599594,38.67,0.87
765,2021-02-25,LIG,3453,1349,2104,555,138,92,1,7,2,2586,42,2,28,3323,130,ITC,ITC3,7,Liguria,Liguria,1550640,603047,38.89,0.22
766,2021-01-24,LIG,756,237,519,632,61,60,0,0,0,0,0,0,3,113,643,ITC,ITC3,7,Liguria,Liguria,1550640,603803,38.94,0.05
767,2021-03-25,LIG,9593,4080,5513,660,265,172,1614,151,259,3736,2064,524,148,6201,3392,ITC,ITC3,7,Liguria,Liguria,1550640,613396,39.56,0.62
768,2021-03-07,LIG,1857,1084,773,184,200,258,1,29,3,509,0,404,269,1556,301,ITC,ITC3,7,Liguria,Liguria,1550640,615253,39.68,0.12
769,2020-12-27,LIG,135,56,79,88,0,45,0,0,0,0,0,0,2,135,0,ITC,ITC3,7,Liguria,Liguria,1550640,615388,39.69,0.01
770,2021-04-14,LIG,13019,5655,7364,461,291,125,61,566,4742,4363,2130,38,242,10816,2203,ITC,ITC3,7,Liguria,Liguria,1550640,628407,40.53,0.84
771,2021-04-19,LIG,12799,5614,7185,552,168,101,247,2647,2920,3345,2561,35,223,8990,3809,ITC,ITC3,7,Liguria,Liguria,1550640,641206,41.35,0.83
772,2021-01-27,LIG,1744,603,1141,1337,169,226,1,0,0,0,0,0,11,141,1603,ITC,ITC3,7,Liguria,Liguria,1550640,642950,41.46,0.11
773,2021-03-04,LIG,4738,2118,2620,923,171,290,4,3,8,2922,42,327,48,3891,847,ITC,ITC3,7,Liguria,Liguria,1550640,647688,41.77,0.31
774,2021-03-09,LIG,5932,2754,3178,1035,324,132,1,51,45,3586,42,630,86,4503,1429,ITC,ITC3,7,Liguria,Liguria,1550640,653620,42.15,0.38
775,2021-03-14,LIG,1658,752,906,66,68,176,431,70,13,577,3,52,202,1054,604,ITC,ITC3,7,Liguria,Liguria,1550640,655278,42.26,0.11
776,2021-04-21,LIG,14236,6428,7808,518,195,61,498,2660,3511,3672,2756,78,287,8913,5323,ITC,ITC3,7,Liguria,Liguria,1550640,669514,43.18,0.92
777,2021-05-08,LIG,7464,3311,4153,127,139,100,4,982,3001,1331,1561,13,206,2322,5142,ITC,ITC3,7,Liguria,Liguria,1550640,676978,43.66,0.48
778,2021-02-14,LIG,233,122,111,31,0,112,0,0,0,60,0,0,30,233,0,ITC,ITC3,7,Liguria,Liguria,1550640,677211,43.67,0.02
779,2021-04-27,LIG,14731,6674,8057,324,171,103,320,3772,3740,3273,2736,42,250,7153,7578,ITC,ITC3,7,Liguria,Liguria,1550640,691942,44.62,0.95
780,2021-01-26,LIG,2484,803,1681,1965,253,252,5,1,0,0,1,0,7,13,2471,ITC,ITC3,7,Liguria,Liguria,1550640,694426,44.78,0.16
781,2021-03-29,LIG,10442,4511,5931,467,259,119,884,255,1567,3962,2396,205,328,7312,3130,ITC,ITC3,7,Liguria,Liguria,1550640,704868,45.46,0.67
782,2021-01-12,LIG,2460,886,1574,1750,250,439,2,2,1,0,0,1,15,2460,0,ITC,ITC3,7,Liguria,Liguria,1550640,707328,45.62,0.16
783,2021-04-15,LIG,11806,5213,6593,490,257,140,58,485,3983,3708,2406,76,203,9955,1851,ITC,ITC3,7,Liguria,Liguria,1550640,719134,46.38,0.76
784,2021-03-28,LIG,1142,511,631,135,92,145,0,25,86,532,86,2,39,391,751,ITC,ITC3,7,Liguria,Liguria,1550640,720276,46.45,0.07
785,2021-02-01,LIG,2558,923,1635,1948,203,383,1,6,0,0,1,0,16,90,2468,ITC,ITC3,7,Liguria,Liguria,1550640,722834,46.62,0.16
786,2021-02-08,LIG,1977,742,1235,1255,367,311,7,11,4,1,0,0,21,306,1671,ITC,ITC3,7,Liguria,Liguria,1550640,724811,46.74,0.13
787,2021-03-19,LIG,5296,2235,3061,735,202,137,83,54,80,3703,165,88,49,2149,3147,ITC,ITC3,7,Liguria,Liguria,1550640,730107,47.08,0.34
788,2021-03-21,LIG,552,221,331,7,3,0,0,0,13,525,1,0,3,69,483,ITC,ITC3,7,Liguria,Liguria,1550640,730659,47.12,0.04
789,2021-01-29,LIG,3079,1064,2015,2312,300,441,2,4,0,0,0,0,20,67,3012,ITC,ITC3,7,Liguria,Liguria,1550640,733738,47.32,0.2
790,2021-02-27,LIG,1888,921,967,139,18,5,0,61,0,1205,0,0,460,1759,129,ITC,ITC3,7,Liguria,Liguria,1550640,735626,47.44,0.12
791,2021-01-22,LIG,1816,604,1212,1066,175,565,0,2,0,2,1,0,5,1330,486,ITC,ITC3,7,Liguria,Liguria,1550640,737442,47.56,0.12
792,2021-03-18,LIG,4982,2124,2858,636,87,98,5,63,80,3691,219,6,97,2009,2973,ITC,ITC3,7,Liguria,Liguria,1550640,742424,47.88,0.32
793,2021-03-05,LIG,4869,2150,2719,801,221,81,5,5,8,3339,6,365,38,3737,1132,ITC,ITC3,7,Liguria,Liguria,1550640,747293,48.19,0.31
794,2020-12-31,EMR,2207,777,1430,1676,96,330,0,9,5,13,0,0,78,2207,0,ITH,ITH5,8,Emilia-Romagna,Emilia-Romagna,4459477,2207,0.05,0.05
795,2021-04-12,EMR,19175,8978,10197,440,170,313,62,388,4519,6699,6451,95,38,14746,4429,ITH,ITH5,8,Emilia-Romagna,Emilia-Romagna,4459477,21382,0.48,0.43
796,2021-02-07,EMR,4793,1537,3256,3689,565,447,3,8,1,10,0,0,70,1732,3061,ITH,ITH5,8,Emilia-Romagna,Emilia-Romagna,4459477,26175,0.59,0.11
797,2021-03-28,EMR,12805,5706,7099,290,140,50,326,61,4002,4920,2684,258,74,9251,3554,ITH,ITH5,8,Emilia-Romagna,Emilia-Romagna,4459477,38980,0.87,0.29
798,2021-01-17,EMR,2890,887,2003,1914,378,547,4,14,5,2,0,0,26,2644,246,ITH,ITH5,8,Emilia-Romagna,Emilia-Romagna,4459477,41870,0.94,0.06
799,2021-03-19,EMR,15503,6754,8749,1132,565,118,343,79,847,10562,960,763,134,7674,7829,ITH,ITH5,8,Emilia-Romagna,Emilia-Romagna,4459477,57373,1.29,0.35
800,2021-04-06,EMR,24609,11105,13504,639,207,197,410,239,5966,11505,5212,86,148,19873,4736,ITH,ITH5,8,Emilia-Romagna,Emilia-Romagna,4459477,81982,1.84,0.55
801,2021-04-26,EMR,27750,12876,14874,891,245,138,17,1275,8842,5588,10467,136,151,18505,9245,ITH,ITH5,8,Emilia-Romagna,Emilia-Romagna,4459477,109732,2.46,0.62
802,2021-03-20,EMR,16071,6825,9246,702,385,98,832,57,2957,9369,939,578,154,9107,6964,ITH,ITH5,8,Emilia-Romagna,Emilia-Romagna,4459477,125803,2.82,0.36
803,2021-03-05,EMR,17644,5737,11907,3087,855,272,5959,59,40,6396,109,544,323,14207,3437,ITH,ITH5,8,Emilia-Romagna,Emilia-Romagna,4459477,143447,3.22,0.4
804,2021-01-11,EMR,9334,3269,6065,6582,1347,1267,0,25,5,4,0,0,104,9334,0,ITH,ITH5,8,Emilia-Romagna,Emilia-Romagna,4459477,152781,3.43,0.21
805,2021-01-25,EMR,6436,2137,4299,5253,317,679,0,21,2,3,0,0,161,201,6235,ITH,ITH5,8,Emilia-Romagna,Emilia-Romagna,4459477,159217,3.57,0.14
806,2021-04-11,EMR,15219,6907,8312,413,141,104,59,359,2376,6873,4701,77,116,12188,3031,ITH,ITH5,8,Emilia-Romagna,Emilia-Romagna,4459477,174436,3.91,0.34
807,2021-01-30,EMR,10076,3519,6557,7567,1400,801,0,45,5,2,0,0,256,141,9935,ITH,ITH5,8,Emilia-Romagna,Emilia-Romagna,4459477,184512,4.14,0.23
808,2021-01-21,EMR,2156,727,1429,1287,156,653,0,9,1,0,0,0,50,811,1345,ITH,ITH5,8,Emilia-Romagna,Emilia-Romagna,4459477,186668,4.19,0.05
809,2021-04-17,EMR,26961,12896,14065,393,148,66,57,356,8435,4213,13206,24,63,17691,9270,ITH,ITH5,8,Emilia-Romagna,Emilia-Romagna,4459477,213629,4.79,0.6
810,2021-05-07,EMR,34248,16409,17839,683,178,201,240,7546,3999,2386,18085,53,877,22478,11770,ITH,ITH5,8,Emilia-Romagna,Emilia-Romagna,4459477,247877,5.56,0.77
811,2021-03-10,EMR,18671,7649,11022,1315,586,143,4540,28,66,10046,285,1594,68,13031,5640,ITH,ITH5,8,Emilia-Romagna,Emilia-Romagna,4459477,266548,5.98,0.42
812,2021-04-18,EMR,17437,8369,9068,265,164,152,26,216,6265,2348,7965,15,21,12529,4908,ITH,ITH5,8,Emilia-Romagna,Emilia-Romagna,4459477,283985,6.37,0.39
813,2021-04-04,EMR,9884,4718,5166,187,113,0,58,145,1630,4658,2876,54,163,7615,2269,ITH,ITH5,8,Emilia-Romagna,Emilia-Romagna,4459477,293869,6.59,0.22
814,2021-03-16,EMR,12239,5025,7214,418,93,116,123,34,113,10914,389,9,30,4932,7307,ITH,ITH5,8,Emilia-Romagna,Emilia-Romagna,4459477,306108,6.86,0.27
815,2021-03-06,EMR,20567,5872,14695,2719,412,49,10409,66,46,5920,111,565,270,17840,2727,ITH,ITH5,8,Emilia-Romagna,Emilia-Romagna,4459477,326675,7.33,0.46
816,2021-04-22,EMR,28944,13398,15546,569,134,146,41,290,8356,8358,11000,13,37,14925,14019,ITH,ITH5,8,Emilia-Romagna,Emilia-Romagna,4459477,355619,7.97,0.65
817,2021-01-22,EMR,1828,477,1351,937,66,727,0,19,1,10,0,0,68,1088,740,ITH,ITH5,8,Emilia-Romagna,Emilia-Romagna,4459477,357447,8.02,0.04
818,2021-04-21,EMR,23827,10917,12910,384,89,79,48,203,7831,6766,8402,7,18,14118,9709,ITH,ITH5,8,Emilia-Romagna,Emilia-Romagna,4459477,381274,8.55,0.53
819,2021-03-14,EMR,8693,3744,4949,728,212,69,927,16,66,5531,650,407,87,4897,3796,ITH,ITH5,8,Emilia-Romagna,Emilia-Romagna,4459477,389967,8.74,0.19
820,2021-04-13,EMR,23560,11034,12526,487,145,186,51,346,10341,6152,5726,51,75,19275,4285,ITH,ITH5,8,Emilia-Romagna,Emilia-Romagna,4459477,413527,9.27,0.53
821,2021-02-02,EMR,9476,3047,6429,6241,1347,1633,1,27,4,127,6,0,90,526,8950,ITH,ITH5,8,Emilia-Romagna,Emilia-Romagna,4459477,423003,9.49,0.21
822,2021-04-03,EMR,19927,8760,11167,376,192,39,429,194,2855,10579,5082,76,105,16189,3738,ITH,ITH5,8,Emilia-Romagna,Emilia-Romagna,4459477,442930,9.93,0.45
823,2021-01-31,EMR,7695,2761,4934,6174,1124,263,0,16,12,32,0,0,74,241,7454,ITH,ITH5,8,Emilia-Romagna,Emilia-Romagna,4459477,450625,10.1,0.17
824,2021-03-17,EMR,13712,5690,8022,366,137,108,19,52,399,11882,672,1,76,5868,7844,ITH,ITH5,8,Emilia-Romagna,Emilia-Romagna,4459477,464337,10.41,0.31
825,2021-01-06,EMR,8265,2943,5322,6854,641,649,0,13,9,44,0,1,54,8265,0,ITH,ITH5,8,Emilia-Romagna,Emilia-Romagna,4459477,472602,10.6,0.19
826,2021-02-25,EMR,9228,3497,5731,799,187,157,95,47,41,7673,30,0,199,8274,954,ITH,ITH5,8,Emilia-Romagna,Emilia-Romagna,4459477,481830,10.8,0.21
827,2021-01-26,EMR,8334,3000,5334,6609,537,1031,0,22,2,5,0,0,128,215,8119,ITH,ITH5,8,Emilia-Romagna,Emilia-Romagna,4459477,490164,10.99,0.19
828,2021-04-24,EMR,28543,13202,15341,498,249,37,37,383,7208,8587,11419,33,92,14342,14201,ITH,ITH5,8,Emilia-Romagna,Emilia-Romagna,4459477,518707,11.63,0.64
829,2021-02-04,EMR,9932,3203,6729,6437,1465,1675,0,39,11,160,5,0,140,1251,8681,ITH,ITH5,8,Emilia-Romagna,Emilia-Romagna,4459477,528639,11.85,0.22
830,2021-04-27,EMR,29778,13778,16000,823,158,132,26,3364,7729,7159,9991,181,215,17354,12424,ITH,ITH5,8,Emilia-Romagna,Emilia-Romagna,4459477,558417,12.52,0.67
831,2021-03-29,EMR,21152,9416,11736,696,204,118,640,129,5519,9295,4242,204,105,16528,4624,ITH,ITH5,8,Emilia-Romagna,Emilia-Romagna,4459477,579569,13.0,0.47
832,2021-03-15,EMR,13229,6061,7168,812,461,190,537,25,101,9158,810,1075,60,6734,6495,ITH,ITH5,8,Emilia-Romagna,Emilia-Romagna,4459477,592798,13.29,0.3
833,2021-01-10,EMR,7130,2665,4465,5648,951,499,1,4,1,7,0,0,19,7130,0,ITH,ITH5,8,Emilia-Romagna,Emilia-Romagna,4459477,599928,13.45,0.16
834,2021-01-12,EMR,9410,3111,6299,6377,1182,1690,0,31,2,33,0,0,95,9410,0,ITH,ITH5,8,Emilia-Romagna,Emilia-Romagna,4459477,609338,13.66,0.21
835,2021-01-13,EMR,9070,2939,6131,6008,916,1745,1,39,12,91,0,0,258,9070,0,ITH,ITH5,8,Emilia-Romagna,Emilia-Romagna,4459477,618408,13.87,0.2
836,2021-03-21,EMR,11916,5270,6646,567,357,114,587,32,2734,6116,804,501,104,7312,4604,ITH,ITH5,8,Emilia-Romagna,Emilia-Romagna,4459477,630324,14.13,0.27
837,2021-04-23,EMR,29489,13782,15707,507,126,136,54,298,7170,9010,12134,21,33,14655,14834,ITH,ITH5,8,Emilia-Romagna,Emilia-Romagna,4459477,659813,14.8,0.66
838,2021-02-26,EMR,7854,2990,4864,1060,360,258,312,24,28,5595,60,0,157,6808,1046,ITH,ITH5,8,Emilia-Romagna,Emilia-Romagna,4459477,667667,14.97,0.18
839,2021-02-06,EMR,7599,2405,5194,5380,862,1221,0,13,4,51,0,1,67,2130,5469,ITH,ITH5,8,Emilia-Romagna,Emilia-Romagna,4459477,675266,15.14,0.17
840,2021-04-16,EMR,28738,13522,15216,616,153,92,71,376,10521,5830,10927,37,115,19929,8809,ITH,ITH5,8,Emilia-Romagna,Emilia-Romagna,4459477,704004,15.79,0.64
841,2021-05-05,EMR,29117,13513,15604,1233,134,69,198,7048,4366,4179,11453,74,363,17905,11212,ITH,ITH5,8,Emilia-Romagna,Emilia-Romagna,4459477,733121,16.44,0.65
842,2021-02-05,EMR,9314,2966,6348,6218,1148,1611,1,19,9,223,3,0,82,1637,7677,ITH,ITH5,8,Emilia-Romagna,Emilia-Romagna,4459477,742435,16.65,0.21
843,2021-05-01,EMR,28371,12760,15611,600,139,10,53,4468,5016,6095,11942,19,29,15603,12768,ITH,ITH5,8,Emilia-Romagna,Emilia-Romagna,4459477,770806,17.28,0.64
844,2021-01-24,EMR,2443,885,1558,2080,93,249,0,5,1,0,0,0,15,299,2144,ITH,ITH5,8,Emilia-Romagna,Emilia-Romagna,4459477,773249,17.34,0.05
845,2021-04-02,EMR,23265,10476,12789,733,312,110,945,341,3821,10965,5728,227,83,18808,4457,ITH,ITH5,8,Emilia-Romagna,Emilia-Romagna,4459477,796514,17.86,0.52
846,2021-02-13,EMR,3624,1085,2539,2790,382,144,0,8,7,244,0,0,49,3026,598,ITH,ITH5,8,Emilia-Romagna,Emilia-Romagna,4459477,800138,17.94,0.08
847,2021-03-22,EMR,17451,7644,9807,1135,425,169,600,50,3598,9567,1241,587,79,10588,6863,ITH,ITH5,8,Emilia-Romagna,Emilia-Romagna,4459477,817589,18.33,0.39
848,2021-03-24,EMR,21045,9288,11757,1214,377,124,1730,269,3449,10636,2702,394,150,13674,7371,ITH,ITH5,8,Emilia-Romagna,Emilia-Romagna,4459477,838634,18.81,0.47
849,2021-03-23,EMR,18692,8064,10628,1126,486,196,1362,80,3703,9340,1868,438,93,12006,6686,ITH,ITH5,8,Emilia-Romagna,Emilia-Romagna,4459477,857326,19.22,0.42
850,2021-03-04,EMR,16411,5342,11069,2613,604,254,5454,50,55,6405,163,512,301,13406,3005,ITH,ITH5,8,Emilia-Romagna,Emilia-Romagna,4459477,873737,19.59,0.37
851,2021-04-10,EMR,20813,9245,11568,515,209,88,188,193,4089,8934,6502,24,71,16685,4128,ITH,ITH5,8,Emilia-Romagna,Emilia-Romagna,4459477,894550,20.06,0.47
852,2021-04-29,EMR,44644,20986,23658,1410,264,84,64,7182,7531,8733,18908,70,398,27139,17505,ITH,ITH5,8,Emilia-Romagna,Emilia-Romagna,4459477,939194,21.06,1.0
853,2021-05-08,EMR,30875,14452,16423,461,118,60,338,7356,3538,1844,16669,37,454,19590,11285,ITH,ITH5,8,Emilia-Romagna,Emilia-Romagna,4459477,970069,21.75,0.69
854,2021-02-08,EMR,5227,1532,3695,2840,577,1485,1,10,8,247,0,0,59,2313,2914,ITH,ITH5,8,Emilia-Romagna,Emilia-Romagna,4459477,975296,21.87,0.12
855,2021-04-08,EMR,30662,14055,16607,2479,574,222,312,401,6639,11049,8617,135,234,25388,5274,ITH,ITH5,8,Emilia-Romagna,Emilia-Romagna,4459477,1005958,22.56,0.69
856,2021-04-19,EMR,20809,9746,11063,329,108,164,25,172,8518,3395,8035,22,41,14555,6254,ITH,ITH5,8,Emilia-Romagna,Emilia-Romagna,4459477,1026767,23.02,0.47
857,2021-02-22,EMR,7481,3091,4390,389,110,130,0,12,25,6797,9,0,9,7206,275,ITH,ITH5,8,Emilia-Romagna,Emilia-Romagna,4459477,1034248,23.19,0.17
858,2021-02-01,EMR,10318,3609,6709,7472,1502,1260,0,13,7,0,0,0,64,363,9955,ITH,ITH5,8,Emilia-Romagna,Emilia-Romagna,4459477,1044566,23.42,0.23
859,2021-05-12,EMR,36461,17240,19221,356,105,78,987,12273,3092,1840,12454,58,5218,27455,9006,ITH,ITH5,8,Emilia-Romagna,Emilia-Romagna,4459477,1081027,24.24,0.82
860,2021-05-06,EMR,34773,15979,18794,1763,440,108,217,7035,5199,3903,15590,64,454,21803,12970,ITH,ITH5,8,Emilia-Romagna,Emilia-Romagna,4459477,1115800,25.02,0.78
861,2021-01-16,EMR,5626,1718,3908,3690,694,1136,1,18,2,0,0,3,82,5626,0,ITH,ITH5,8,Emilia-Romagna,Emilia-Romagna,4459477,1121426,25.15,0.13
862,2021-03-12,EMR,18071,7527,10544,1584,898,311,3028,47,73,9902,461,1554,213,11354,6717,ITH,ITH5,8,Emilia-Romagna,Emilia-Romagna,4459477,1139497,25.55,0.41
863,2021-04-01,EMR,23845,10723,13122,1024,268,135,994,217,4249,11359,5330,171,98,19328,4517,ITH,ITH5,8,Emilia-Romagna,Emilia-Romagna,4459477,1163342,26.09,0.53
864,2021-01-19,EMR,2045,505,1540,747,133,1161,0,0,0,0,0,0,4,2028,17,ITH,ITH5,8,Emilia-Romagna,Emilia-Romagna,4459477,1165387,26.13,0.05
865,2021-02-03,EMR,9338,2991,6347,6233,1177,1659,0,29,15,126,7,1,91,972,8366,ITH,ITH5,8,Emilia-Romagna,Emilia-Romagna,4459477,1174725,26.34,0.21
866,2021-01-18,EMR,3127,879,2248,1682,239,1129,0,12,0,3,0,0,62,2449,678,ITH,ITH5,8,Emilia-Romagna,Emilia-Romagna,4459477,1177852,26.41,0.07
867,2021-01-03,EMR,2754,941,1813,2504,61,170,0,3,0,0,0,0,16,2754,0,ITH,ITH5,8,Emilia-Romagna,Emilia-Romagna,4459477,1180606,26.47,0.06
868,2021-01-04,EMR,7270,2514,4756,6173,350,578,0,16,9,43,0,1,100,7270,0,ITH,ITH5,8,Emilia-Romagna,Emilia-Romagna,4459477,1187876,26.64,0.16
869,2021-01-15,EMR,7744,2403,5341,5304,946,1319,1,15,11,61,0,0,87,7744,0,ITH,ITH5,8,Emilia-Romagna,Emilia-Romagna,4459477,1195620,26.81,0.17
870,2021-03-30,EMR,23269,10285,12984,870,246,164,1187,125,5418,10713,4290,140,116,18238,5031,ITH,ITH5,8,Emilia-Romagna,Emilia-Romagna,4459477,1218889,27.33,0.52
871,2021-05-02,EMR,25431,11585,13846,578,123,63,58,5157,4477,6122,8706,98,49,13449,11982,ITH,ITH5,8,Emilia-Romagna,Emilia-Romagna,4459477,1244320,27.9,0.57
872,2021-03-08,EMR,12064,4973,7091,2308,614,324,2384,19,39,4340,82,1810,144,9393,2671,ITH,ITH5,8,Emilia-Romagna,Emilia-Romagna,4459477,1256384,28.17,0.27
873,2021-05-04,EMR,28467,13325,15142,655,134,95,57,5988,4895,6518,9928,38,159,14826,13641,ITH,ITH5,8,Emilia-Romagna,Emilia-Romagna,4459477,1284851,28.81,0.64
874,2021-01-29,EMR,10410,3497,6913,8108,1084,1060,1,32,7,11,0,0,107,289,10121,ITH,ITH5,8,Emilia-Romagna,Emilia-Romagna,4459477,1295261,29.05,0.23
875,2021-02-12,EMR,5320,1679,3641,3399,772,706,0,10,19,358,11,0,45,3917,1403,ITH,ITH5,8,Emilia-Romagna,Emilia-Romagna,4459477,1300581,29.16,0.12
876,2021-04-09,EMR,25394,11522,13872,1372,276,207,433,263,4866,10679,7184,83,31,19747,5647,ITH,ITH5,8,Emilia-Romagna,Emilia-Romagna,4459477,1325975,29.73,0.57
877,2021-04-15,EMR,28905,13769,15136,942,208,142,50,301,10058,5815,11223,34,132,19265,9640,ITH,ITH5,8,Emilia-Romagna,Emilia-Romagna,4459477,1354880,30.38,0.65
878,2021-03-01,EMR,10084,3573,6511,1835,340,434,1254,25,37,5619,65,311,164,7831,2253,ITH,ITH5,8,Emilia-Romagna,Emilia-Romagna,4459477,1364964,30.61,0.23
879,2021-04-30,EMR,36440,16706,19734,1257,259,119,100,5623,7395,7532,13777,79,299,21677,14763,ITH,ITH5,8,Emilia-Romagna,Emilia-Romagna,4459477,1401404,31.43,0.82
880,2021-02-18,EMR,7039,2892,4147,894,180,236,0,4,13,5672,26,1,13,6456,583,ITH,ITH5,8,Emilia-Romagna,Emilia-Romagna,4459477,1408443,31.58,0.16
881,2021-03-31,EMR,25123,10946,14177,1172,288,123,1287,188,4696,12487,4587,160,135,19666,5457,ITH,ITH5,8,Emilia-Romagna,Emilia-Romagna,4459477,1433566,32.15,0.56
882,2021-01-09,EMR,9945,3440,6505,7868,1067,889,0,18,2,2,0,0,99,9945,0,ITH,ITH5,8,Emilia-Romagna,Emilia-Romagna,4459477,1443511,32.37,0.22
883,2021-02-16,EMR,5766,2443,3323,745,339,437,0,8,7,4207,8,2,13,5235,531,ITH,ITH5,8,Emilia-Romagna,Emilia-Romagna,4459477,1449277,32.5,0.13
884,2021-02-17,EMR,6538,2764,3774,804,258,404,0,10,15,4989,25,0,33,5765,773,ITH,ITH5,8,Emilia-Romagna,Emilia-Romagna,4459477,1455815,32.65,0.15
885,2021-05-11,EMR,34421,16182,18239,344,56,89,751,13810,2917,1518,10218,67,4651,27527,6894,ITH,ITH5,8,Emilia-Romagna,Emilia-Romagna,4459477,1490236,33.42,0.77
886,2021-02-24,EMR,9322,3556,5766,651,156,228,65,50,29,7854,19,0,270,8443,879,ITH,ITH5,8,Emilia-Romagna,Emilia-Romagna,4459477,1499558,33.63,0.21
887,2021-01-08,EMR,10836,3570,7266,8467,1135,1089,1,25,3,5,0,1,110,10836,0,ITH,ITH5,8,Emilia-Romagna,Emilia-Romagna,4459477,1510394,33.87,0.24
888,2021-02-27,EMR,10959,3996,6963,1731,245,116,941,37,30,7755,8,0,96,9221,1738,ITH,ITH5,8,Emilia-Romagna,Emilia-Romagna,4459477,1521353,34.12,0.25
889,2021-04-25,EMR,22303,10212,12091,776,129,6,32,254,6808,4121,9854,160,163,14802,7501,ITH,ITH5,8,Emilia-Romagna,Emilia-Romagna,4459477,1543656,34.62,0.5
890,2021-02-19,EMR,7327,3010,4317,821,214,257,0,4,18,5959,33,0,21,6813,514,ITH,ITH5,8,Emilia-Romagna,Emilia-Romagna,4459477,1550983,34.78,0.16
891,2021-05-03,EMR,27678,13044,14634,471,111,58,93,8654,5135,4704,8347,24,81,16828,10850,ITH,ITH5,8,Emilia-Romagna,Emilia-Romagna,4459477,1578661,35.4,0.62
892,2021-04-05,EMR,14854,6807,8047,283,89,6,243,74,2914,7583,3593,30,39,11961,2893,ITH,ITH5,8,Emilia-Romagna,Emilia-Romagna,4459477,1593515,35.73,0.33
893,2021-02-21,EMR,4450,1708,2742,396,108,190,0,4,11,3708,18,0,15,4010,440,ITH,ITH5,8,Emilia-Romagna,Emilia-Romagna,4459477,1597965,35.83,0.1
894,2021-04-28,EMR,32615,15061,17554,860,144,118,148,5255,7233,6787,11731,45,294,19745,12870,ITH,ITH5,8,Emilia-Romagna,Emilia-Romagna,4459477,1630580,36.56,0.73
895,2021-02-14,EMR,1401,378,1023,860,363,39,0,19,5,19,1,0,95,1281,120,ITH,ITH5,8,Emilia-Romagna,Emilia-Romagna,4459477,1631981,36.6,0.03
896,2021-03-26,EMR,23406,9897,13509,1421,600,233,2650,174,4779,9348,3788,278,135,16973,6433,ITH,ITH5,8,Emilia-Romagna,Emilia-Romagna,4459477,1655387,37.12,0.52
897,2021-02-28,EMR,6822,2527,4295,1775,248,53,304,29,17,4251,8,4,133,4976,1846,ITH,ITH5,8,Emilia-Romagna,Emilia-Romagna,4459477,1662209,37.27,0.15
898,2021-02-09,EMR,4151,1246,2905,2219,376,1198,0,2,15,278,0,0,63,2306,1845,ITH,ITH5,8,Emilia-Romagna,Emilia-Romagna,4459477,1666360,37.37,0.09
899,2021-05-10,EMR,33139,15764,17375,356,120,83,182,14006,3190,1484,10779,53,2886,25968,7171,ITH,ITH5,8,Emilia-Romagna,Emilia-Romagna,4459477,1699499,38.11,0.74
900,2021-01-05,EMR,9347,3167,6180,7929,552,769,0,18,4,0,1,0,74,9347,0,ITH,ITH5,8,Emilia-Romagna,Emilia-Romagna,4459477,1708846,38.32,0.21
901,2021-05-09,EMR,24070,11518,12552,213,65,13,62,7792,2598,751,11898,23,655,17133,6937,ITH,ITH5,8,Emilia-Romagna,Emilia-Romagna,4459477,1732916,38.86,0.54
902,2021-01-02,EMR,2353,905,1448,2075,57,198,0,3,0,2,0,0,18,2353,0,ITH,ITH5,8,Emilia-Romagna,Emilia-Romagna,4459477,1735269,38.91,0.05
903,2021-01-20,EMR,1323,270,1053,393,131,787,0,0,0,1,0,0,11,1322,1,ITH,ITH5,8,Emilia-Romagna,Emilia-Romagna,4459477,1736592,38.94,0.03
904,2020-12-27,EMR,970,372,598,825,5,26,0,24,1,0,0,0,89,970,0,ITH,ITH5,8,Emilia-Romagna,Emilia-Romagna,4459477,1737562,38.96,0.02
905,2021-04-20,EMR,22528,10363,12165,302,84,58,30,212,7741,5586,8470,21,24,14199,8329,ITH,ITH5,8,Emilia-Romagna,Emilia-Romagna,4459477,1760090,39.47,0.51
906,2021-03-11,EMR,17217,7114,10103,1138,839,319,3836,34,52,8852,425,1532,190,11366,5851,ITH,ITH5,8,Emilia-Romagna,Emilia-Romagna,4459477,1777307,39.85,0.39
907,2021-03-18,EMR,13672,5806,7866,449,150,94,49,47,474,10854,1357,5,193,5673,7999,ITH,ITH5,8,Emilia-Romagna,Emilia-Romagna,4459477,1790979,40.16,0.31
908,2021-01-07,EMR,10219,3385,6834,8191,855,1068,0,20,5,3,0,0,77,10219,0,ITH,ITH5,8,Emilia-Romagna,Emilia-Romagna,4459477,1801198,40.39,0.23
909,2021-02-23,EMR,8214,3218,4996,408,147,113,1,24,22,7456,23,0,20,7828,386,ITH,ITH5,8,Emilia-Romagna,Emilia-Romagna,4459477,1809412,40.57,0.18
910,2021-04-07,EMR,25739,11695,14044,665,188,157,360,370,5596,12978,5247,78,100,19737,6002,ITH,ITH5,8,Emilia-Romagna,Emilia-Romagna,4459477,1835151,41.15,0.58
911,2021-01-28,EMR,10243,3336,6907,8076,860,1127,0,28,10,0,0,0,142,350,9893,ITH,ITH5,8,Emilia-Romagna,Emilia-Romagna,4459477,1845394,41.38,0.23
912,2021-03-03,EMR,15800,5238,10562,2534,524,154,4851,50,48,6848,95,342,354,13339,2461,ITH,ITH5,8,Emilia-Romagna,Emilia-Romagna,4459477,1861194,41.74,0.35
913,2021-03-07,EMR,6853,2636,4217,1458,338,22,1251,10,14,2599,565,560,36,5336,1517,ITH,ITH5,8,Emilia-Romagna,Emilia-Romagna,4459477,1868047,41.89,0.15
914,2021-01-23,EMR,2447,870,1577,1900,86,433,0,5,1,2,0,0,20,443,2004,ITH,ITH5,8,Emilia-Romagna,Emilia-Romagna,4459477,1870494,41.94,0.05
915,2021-03-02,EMR,11815,3892,7923,1974,409,232,3047,42,40,5419,41,373,238,9794,2021,ITH,ITH5,8,Emilia-Romagna,Emilia-Romagna,4459477,1882309,42.21,0.26
916,2021-01-14,EMR,8099,2578,5521,5401,920,1607,0,39,7,5,1,1,118,8099,0,ITH,ITH5,8,Emilia-Romagna,Emilia-Romagna,4459477,1890408,42.39,0.18
917,2021-04-14,EMR,26889,12766,14123,674,193,138,71,529,10066,7425,7705,59,29,20824,6065,ITH,ITH5,8,Emilia-Romagna,Emilia-Romagna,4459477,1917297,42.99,0.6
918,2021-02-11,EMR,4250,1416,2834,2533,528,719,2,15,18,374,3,0,58,3410,840,ITH,ITH5,8,Emilia-Romagna,Emilia-Romagna,4459477,1921547,43.09,0.1
919,2021-03-13,EMR,16045,6299,9746,1251,479,81,3991,52,55,8277,566,1124,169,10733,5312,ITH,ITH5,8,Emilia-Romagna,Emilia-Romagna,4459477,1937592,43.45,0.36
920,2021-03-25,EMR,21364,9334,12030,1103,351,165,2089,157,3063,9933,3623,725,155,14377,6987,ITH,ITH5,8,Emilia-Romagna,Emilia-Romagna,4459477,1958956,43.93,0.48
921,2021-03-09,EMR,14634,5948,8686,1029,456,228,3582,21,56,7702,185,1332,43,10679,3955,ITH,ITH5,8,Emilia-Romagna,Emilia-Romagna,4459477,1973590,44.26,0.33
922,2021-02-10,EMR,4014,1380,2634,2398,357,779,0,23,15,317,9,0,116,2760,1254,ITH,ITH5,8,Emilia-Romagna,Emilia-Romagna,4459477,1977604,44.35,0.09
923,2021-03-27,EMR,21533,9011,12522,756,295,48,2338,118,4190,9569,3822,242,155,14640,6893,ITH,ITH5,8,Emilia-Romagna,Emilia-Romagna,4459477,1999137,44.83,0.48
924,2021-01-27,EMR,8359,2947,5412,6907,653,672,0,26,4,2,0,1,94,464,7895,ITH,ITH5,8,Emilia-Romagna,Emilia-Romagna,4459477,2007496,45.02,0.19
925,2021-02-20,EMR,5317,2094,3223,408,116,155,0,7,21,4591,5,0,14,5053,264,ITH,ITH5,8,Emilia-Romagna,Emilia-Romagna,4459477,2012813,45.14,0.12
926,2021-02-15,EMR,2900,849,2051,1985,369,160,0,3,9,326,18,0,30,2774,126,ITH,ITH5,8,Emilia-Romagna,Emilia-Romagna,4459477,2015713,45.2,0.07
927,2021-04-10,CAM,28342,13486,14856,259,61,90,735,334,7069,6313,12857,213,411,23427,4915,ITF,ITF3,15,Campania,Campania,5801692,28342,0.49,0.49
928,2021-04-04,CAM,7956,4009,3947,177,28,6,73,50,1217,1996,4045,63,301,6913,1043,ITF,ITF3,15,Campania,Campania,5801692,36298,0.63,0.14
929,2021-05-12,CAM,40520,19782,20738,107,265,7,945,6820,4144,1645,11862,637,14088,31446,9074,ITF,ITF3,15,Campania,Campania,5801692,76818,1.32,0.7
930,2021-04-28,CAM,36392,17612,18780,168,46,52,226,7009,6955,3708,15800,335,2093,26654,9738,ITF,ITF3,15,Campania,Campania,5801692,113210,1.95,0.63
931,2021-04-02,CAM,21731,10410,11321,263,48,108,1064,138,6337,3966,8559,515,733,19412,2319,ITF,ITF3,15,Campania,Campania,5801692,134941,2.33,0.37
932,2021-02-19,CAM,9570,3559,6011,1663,169,161,2207,103,35,4457,0,0,775,8920,650,ITF,ITF3,15,Campania,Campania,5801692,144511,2.49,0.16
933,2021-01-12,CAM,5214,2563,2651,3439,722,340,0,104,29,7,0,0,573,5214,0,ITF,ITF3,15,Campania,Campania,5801692,149725,2.58,0.09
934,2021-03-26,CAM,19454,8927,10527,363,40,142,1634,100,3151,7624,5467,464,469,15644,3810,ITF,ITF3,15,Campania,Campania,5801692,169179,2.92,0.34
935,2021-02-11,CAM,6278,2704,3574,1861,279,129,0,238,90,2410,0,0,1271,6212,66,ITF,ITF3,15,Campania,Campania,5801692,175457,3.02,0.11
936,2021-01-01,CAM,919,506,413,831,85,0,0,2,0,0,0,0,1,919,0,ITF,ITF3,15,Campania,Campania,5801692,176376,3.04,0.02
937,2021-02-22,CAM,10677,3295,7382,545,60,143,5554,63,38,3899,0,0,375,10414,263,ITF,ITF3,15,Campania,Campania,5801692,187053,3.22,0.18
938,2021-01-18,CAM,957,399,558,576,93,187,0,12,4,17,0,0,68,713,244,ITF,ITF3,15,Campania,Campania,5801692,188010,3.24,0.02
939,2021-04-03,CAM,21104,10309,10795,203,50,185,558,106,5968,4524,8849,207,454,18728,2376,ITF,ITF3,15,Campania,Campania,5801692,209114,3.6,0.36
940,2021-01-16,CAM,3369,1675,1694,1355,230,373,0,231,63,32,0,0,1085,3369,0,ITF,ITF3,15,Campania,Campania,5801692,212483,3.66,0.06
941,2021-02-08,CAM,5112,2449,2663,1387,320,226,0,327,180,1436,0,0,1236,4310,802,ITF,ITF3,15,Campania,Campania,5801692,217595,3.75,0.09
942,2021-04-01,CAM,24312,11669,12643,415,63,83,1626,171,4313,7031,9396,571,643,20181,4131,ITF,ITF3,15,Campania,Campania,5801692,241907,4.17,0.42
943,2021-03-13,CAM,14252,6793,7459,404,136,193,3685,84,27,6717,0,2322,684,8967,5285,ITF,ITF3,15,Campania,Campania,5801692,256159,4.42,0.25
944,2021-01-06,CAM,7652,3750,3902,5780,838,300,0,116,29,4,0,0,585,7652,0,ITF,ITF3,15,Campania,Campania,5801692,263811,4.55,0.13
945,2021-03-16,CAM,8087,3519,4568,289,61,60,113,47,85,6876,235,29,292,3773,4314,ITF,ITF3,15,Campania,Campania,5801692,271898,4.69,0.14
946,2021-03-12,CAM,14248,7096,7152,1022,156,82,2803,114,56,6606,0,2438,971,8165,6083,ITF,ITF3,15,Campania,Campania,5801692,286146,4.93,0.25
947,2020-12-27,CAM,720,422,298,703,14,0,0,0,1,0,0,0,2,720,0,ITF,ITF3,15,Campania,Campania,5801692,286866,4.94,0.01
948,2021-04-15,CAM,34321,16652,17669,313,46,21,319,4261,7018,6163,15624,121,435,24435,9886,ITF,ITF3,15,Campania,Campania,5801692,321187,5.54,0.59
949,2021-04-18,CAM,27210,13279,13931,108,23,7,240,3940,5520,5396,11734,84,158,18316,8894,ITF,ITF3,15,Campania,Campania,5801692,348397,6.01,0.47
950,2021-01-29,CAM,10052,4812,5240,6405,1052,259,0,307,75,19,0,0,1935,47,10005,ITF,ITF3,15,Campania,Campania,5801692,358449,6.18,0.17
951,2021-04-12,CAM,23303,10919,12384,149,64,70,218,1028,10306,3271,7757,129,311,20266,3037,ITF,ITF3,15,Campania,Campania,5801692,381752,6.58,0.4
952,2021-05-04,CAM,48385,23318,25067,201,117,106,235,11780,7377,2105,17172,517,8775,39508,8877,ITF,ITF3,15,Campania,Campania,5801692,430137,7.41,0.83
953,2021-02-16,CAM,5435,2410,3025,983,276,169,1,118,43,3189,0,0,656,4664,771,ITF,ITF3,15,Campania,Campania,5801692,435572,7.51,0.09
954,2021-02-27,CAM,13944,4471,9473,825,290,82,8312,245,112,3184,0,0,894,12302,1642,ITF,ITF3,15,Campania,Campania,5801692,449516,7.75,0.24
955,2021-02-17,CAM,7388,3210,4178,1013,208,38,362,129,70,4913,0,0,655,6328,1060,ITF,ITF3,15,Campania,Campania,5801692,456904,7.88,0.13
956,2021-04-21,CAM,30204,14716,15488,103,43,6,264,5932,7879,3717,11919,103,238,17981,12223,ITF,ITF3,15,Campania,Campania,5801692,487108,8.4,0.52
957,2021-01-25,CAM,5744,2926,2818,4743,644,56,0,46,13,2,0,0,240,164,5580,ITF,ITF3,15,Campania,Campania,5801692,492852,8.49,0.1
958,2021-01-09,CAM,10566,5024,5542,6759,1256,269,0,253,64,21,0,0,1944,10566,0,ITF,ITF3,15,Campania,Campania,5801692,503418,8.68,0.18
959,2021-04-24,CAM,36287,17507,18780,147,36,7,371,4560,8220,4163,18176,142,465,25055,11232,ITF,ITF3,15,Campania,Campania,5801692,539705,9.3,0.63
960,2021-02-18,CAM,9080,3812,5268,1752,241,89,438,142,57,5562,0,1,798,8372,708,ITF,ITF3,15,Campania,Campania,5801692,548785,9.46,0.16
961,2021-01-08,CAM,10455,4968,5487,6714,1147,212,0,309,80,18,0,0,1975,10455,0,ITF,ITF3,15,Campania,Campania,5801692,559240,9.64,0.18
962,2021-04-11,CAM,17523,8607,8916,116,34,2,203,313,5113,1835,9599,82,226,15442,2081,ITF,ITF3,15,Campania,Campania,5801692,576763,9.94,0.3
963,2021-05-11,CAM,39807,19230,20577,142,225,21,2190,6483,3767,1598,10988,480,13913,30491,9316,ITF,ITF3,15,Campania,Campania,5801692,616570,10.63,0.69
964,2021-05-06,CAM,57176,27850,29326,241,129,94,293,8744,5739,3138,20054,362,18382,42757,14419,ITF,ITF3,15,Campania,Campania,5801692,673746,11.61,0.99
965,2021-04-29,CAM,41251,19996,21255,267,106,76,674,7034,7485,3608,19966,344,1691,24793,16458,ITF,ITF3,15,Campania,Campania,5801692,714997,12.32,0.71
966,2021-01-14,CAM,7073,2977,4096,3707,1264,350,0,206,61,14,0,0,1471,7073,0,ITF,ITF3,15,Campania,Campania,5801692,722070,12.45,0.12
967,2021-02-25,CAM,12426,4479,7947,803,119,124,4809,144,81,5691,1,0,654,11238,1188,ITF,ITF3,15,Campania,Campania,5801692,734496,12.66,0.21
968,2021-02-20,CAM,8571,3080,5491,1023,158,145,1974,57,13,4588,0,0,613,8268,303,ITF,ITF3,15,Campania,Campania,5801692,743067,12.81,0.15
969,2021-04-27,CAM,32075,15579,16496,228,270,36,456,6666,6225,2852,14056,279,1007,24165,7910,ITF,ITF3,15,Campania,Campania,5801692,775142,13.36,0.55
970,2021-02-14,CAM,3924,1921,2003,626,102,15,0,130,122,2472,0,0,457,3890,34,ITF,ITF3,15,Campania,Campania,5801692,779066,13.43,0.07
971,2021-01-26,CAM,7341,3726,3615,5776,847,231,0,87,27,5,0,0,368,352,6989,ITF,ITF3,15,Campania,Campania,5801692,786407,13.55,0.13
972,2021-05-03,CAM,40727,19875,20852,158,69,74,272,6905,8088,2216,14036,371,8538,28886,11841,ITF,ITF3,15,Campania,Campania,5801692,827134,14.26,0.7
973,2021-04-13,CAM,26598,12679,13919,226,69,97,243,2699,11286,4204,7139,135,500,21070,5528,ITF,ITF3,15,Campania,Campania,5801692,853732,14.72,0.46
974,2021-03-14,CAM,8503,3720,4783,328,115,2,2016,56,27,4563,0,975,421,4365,4138,ITF,ITF3,15,Campania,Campania,5801692,862235,14.86,0.15
975,2021-02-10,CAM,6904,3413,3491,1945,284,98,0,448,235,2218,0,0,1676,6728,176,ITF,ITF3,15,Campania,Campania,5801692,869139,14.98,0.12
976,2021-05-05,CAM,51070,24814,26256,219,106,241,254,13165,8034,1815,14229,412,12595,44715,6355,ITF,ITF3,15,Campania,Campania,5801692,920209,15.86,0.88
977,2021-04-20,CAM,32065,15539,16526,152,40,199,332,7678,7196,4693,11292,141,342,20742,11323,ITF,ITF3,15,Campania,Campania,5801692,952274,16.41,0.55
978,2021-02-06,CAM,5340,2665,2675,1990,520,458,0,427,176,58,0,0,1711,2102,3238,ITF,ITF3,15,Campania,Campania,5801692,957614,16.51,0.09
979,2021-01-10,CAM,8165,3736,4429,5179,1010,97,0,232,62,13,0,0,1572,8165,0,ITF,ITF3,15,Campania,Campania,5801692,965779,16.65,0.14
980,2021-01-30,CAM,10721,5079,5642,6930,1278,227,0,251,68,18,0,0,1949,39,10682,ITF,ITF3,15,Campania,Campania,5801692,976500,16.83,0.18
981,2021-04-25,CAM,30700,15166,15534,343,104,5,200,8494,5524,2257,13358,89,326,25314,5386,ITF,ITF3,15,Campania,Campania,5801692,1007200,17.36,0.53
982,2021-01-05,CAM,7238,3637,3601,5811,923,106,0,68,20,4,0,0,306,7238,0,ITF,ITF3,15,Campania,Campania,5801692,1014438,17.49,0.12
983,2021-05-09,CAM,43175,20279,22896,162,65,25,822,6763,5863,1744,13199,151,14381,32090,11085,ITF,ITF3,15,Campania,Campania,5801692,1057613,18.23,0.74
984,2021-04-23,CAM,32287,15503,16784,161,42,69,320,5739,6223,3765,15464,182,322,23151,9136,ITF,ITF3,15,Campania,Campania,5801692,1089900,18.79,0.56
985,2021-02-05,CAM,7261,3463,3798,3447,995,308,0,348,140,35,0,0,1988,2133,5128,ITF,ITF3,15,Campania,Campania,5801692,1097161,18.91,0.13
986,2021-01-11,CAM,4072,1871,2201,2386,681,252,0,111,28,14,0,0,600,4072,0,ITF,ITF3,15,Campania,Campania,5801692,1101233,18.98,0.07
987,2021-04-16,CAM,34294,16548,17746,236,50,108,314,3196,6273,6632,16839,277,369,23637,10657,ITF,ITF3,15,Campania,Campania,5801692,1135527,19.57,0.59
988,2021-05-02,CAM,43465,21527,21938,130,37,5,305,7582,6671,1834,17104,213,9584,32135,11330,ITF,ITF3,15,Campania,Campania,5801692,1178992,20.32,0.75
989,2021-03-17,CAM,11587,5097,6490,490,134,49,136,55,158,10011,141,43,370,5008,6579,ITF,ITF3,15,Campania,Campania,5801692,1190579,20.52,0.2
990,2021-03-01,CAM,12126,4246,7880,1153,319,147,5789,304,181,3104,0,0,1129,8015,4111,ITF,ITF3,15,Campania,Campania,5801692,1202705,20.73,0.21
991,2021-02-04,CAM,7943,3429,4514,3965,1245,292,0,328,140,25,0,0,1948,1308,6635,ITF,ITF3,15,Campania,Campania,5801692,1210648,20.87,0.14
992,2021-03-02,CAM,12748,4552,8196,1294,197,147,5901,366,225,3279,0,2,1337,8405,4343,ITF,ITF3,15,Campania,Campania,5801692,1223396,21.09,0.22
993,2021-01-23,CAM,3838,2028,1810,3161,343,69,0,40,8,0,0,0,217,273,3565,ITF,ITF3,15,Campania,Campania,5801692,1227234,21.15,0.07
994,2021-03-22,CAM,12738,5920,6818,308,762,72,2466,80,3639,3501,588,922,400,10700,2038,ITF,ITF3,15,Campania,Campania,5801692,1239972,21.37,0.22
995,2021-03-27,CAM,21268,10029,11239,356,39,63,1951,88,4052,7143,6935,210,431,17405,3863,ITF,ITF3,15,Campania,Campania,5801692,1261240,21.74,0.37
996,2021-03-31,CAM,22671,10898,11773,340,85,111,1164,143,7470,5173,7333,306,546,19233,3438,ITF,ITF3,15,Campania,Campania,5801692,1283911,22.13,0.39
997,2021-02-09,CAM,4643,2202,2441,1148,178,6,0,356,211,1381,0,0,1363,4391,252,ITF,ITF3,15,Campania,Campania,5801692,1288554,22.21,0.08
998,2021-02-15,CAM,5470,2516,2954,987,238,94,1,98,64,3403,1,1,583,5297,173,ITF,ITF3,15,Campania,Campania,5801692,1294024,22.3,0.09
999,2021-03-28,CAM,15551,7499,8052,79,156,18,679,55,3592,5103,5532,165,172,13928,1623,ITF,ITF3,15,Campania,Campania,5801692,1309575,22.57,0.27
1000,2021-02-24,CAM,11773,4147,7626,845,194,145,4193,45,24,5964,1,0,362,11085,688,ITF,ITF3,15,Campania,Campania,5801692,1321348,22.78,0.2
1001,2021-04-06,CAM,24380,11423,12957,306,116,142,1552,102,10169,5375,5996,210,412,19859,4521,ITF,ITF3,15,Campania,Campania,5801692,1345728,23.2,0.42
1002,2021-02-28,CAM,10412,3206,7206,496,116,22,5496,303,139,2261,0,0,1579,8512,1900,ITF,ITF3,15,Campania,Campania,5801692,1356140,23.37,0.18
1003,2021-02-07,CAM,2929,1382,1547,706,189,225,0,260,155,342,0,0,1052,2158,771,ITF,ITF3,15,Campania,Campania,5801692,1359069,23.43,0.05
1004,2020-12-31,CAM,1490,811,679,1273,150,1,0,11,2,0,0,0,53,1490,0,ITF,ITF3,15,Campania,Campania,5801692,1360559,23.45,0.03
1005,2021-03-20,CAM,13882,6429,7453,295,43,35,2881,76,1677,6505,772,1021,577,10143,3739,ITF,ITF3,15,Campania,Campania,5801692,1374441,23.69,0.24
1006,2021-01-17,CAM,1155,551,604,718,54,151,0,22,7,3,0,0,200,702,453,ITF,ITF3,15,Campania,Campania,5801692,1375596,23.71,0.02
1007,2021-04-26,CAM,33977,16626,17351,216,141,4,165,8370,4156,2349,18103,148,325,28359,5618,ITF,ITF3,15,Campania,Campania,5801692,1409573,24.3,0.59
1008,2021-02-21,CAM,5834,2239,3595,780,45,22,509,56,14,3871,0,0,537,5609,225,ITF,ITF3,15,Campania,Campania,5801692,1415407,24.4,0.1
1009,2021-03-19,CAM,11035,4869,6166,392,68,21,854,70,134,8445,474,138,439,7165,3870,ITF,ITF3,15,Campania,Campania,5801692,1426442,24.59,0.19
1010,2021-01-21,CAM,2092,1115,977,1379,153,74,0,95,32,22,0,0,337,676,1416,ITF,ITF3,15,Campania,Campania,5801692,1428534,24.62,0.04
1011,2021-03-29,CAM,18943,9132,9811,362,51,129,1197,83,4475,5048,6844,304,450,17399,1544,ITF,ITF3,15,Campania,Campania,5801692,1447477,24.95,0.33
1012,2021-05-10,CAM,35351,16356,18995,185,211,67,2790,6594,4374,1476,13052,250,6352,25481,9870,ITF,ITF3,15,Campania,Campania,5801692,1482828,25.56,0.61
1013,2021-02-26,CAM,13332,4228,9104,951,127,220,7833,130,65,3422,0,1,583,11997,1335,ITF,ITF3,15,Campania,Campania,5801692,1496160,25.79,0.23
1014,2021-03-18,CAM,12171,5377,6794,460,79,34,459,72,260,9981,231,99,496,5983,6188,ITF,ITF3,15,Campania,Campania,5801692,1508331,26.0,0.21
1015,2021-03-05,CAM,16476,6347,10129,1683,243,64,5788,320,141,6364,0,4,1869,9816,6660,ITF,ITF3,15,Campania,Campania,5801692,1524807,26.28,0.28
1016,2021-01-07,CAM,8910,4166,4744,6313,1087,332,0,193,29,11,0,0,945,8910,0,ITF,ITF3,15,Campania,Campania,5801692,1533717,26.44,0.15
1017,2021-04-22,CAM,33924,16523,17401,226,53,22,306,5245,6686,5072,15845,141,328,21528,12396,ITF,ITF3,15,Campania,Campania,5801692,1567641,27.02,0.58
1018,2021-03-06,CAM,16306,6751,9555,993,135,173,5486,250,170,7147,0,1105,847,10639,5667,ITF,ITF3,15,Campania,Campania,5801692,1583947,27.3,0.28
1019,2021-04-30,CAM,42187,20099,22088,314,68,69,1044,6344,8481,3524,19049,529,2765,25789,16398,ITF,ITF3,15,Campania,Campania,5801692,1626134,28.03,0.73
1020,2021-03-03,CAM,13916,5492,8424,2088,240,156,4232,469,251,4809,0,4,1667,7287,6629,ITF,ITF3,15,Campania,Campania,5801692,1640050,28.27,0.24
1021,2021-04-17,CAM,36169,17501,18668,217,41,7,433,4710,6962,6358,16961,140,340,24657,11512,ITF,ITF3,15,Campania,Campania,5801692,1676219,28.89,0.62
1022,2021-03-10,CAM,15242,7376,7866,705,246,26,2469,121,44,8441,1,2345,844,8412,6830,ITF,ITF3,15,Campania,Campania,5801692,1691461,29.15,0.26
1023,2021-05-07,CAM,59654,29156,30498,301,168,104,331,7563,5402,2625,19974,498,22688,43740,15914,ITF,ITF3,15,Campania,Campania,5801692,1751115,30.18,1.03
1024,2021-03-21,CAM,9983,4592,5391,168,28,17,1678,46,3788,2935,762,382,179,7594,2389,ITF,ITF3,15,Campania,Campania,5801692,1761098,30.35,0.17
1025,2021-03-08,CAM,14536,6715,7821,888,248,70,4958,156,78,4873,0,2275,990,9761,4775,ITF,ITF3,15,Campania,Campania,5801692,1775634,30.61,0.25
1026,2021-02-23,CAM,10999,3386,7613,520,87,294,5944,57,30,3760,0,0,307,10474,525,ITF,ITF3,15,Campania,Campania,5801692,1786633,30.8,0.19
1027,2021-01-22,CAM,1523,775,748,970,120,209,0,28,6,4,0,0,186,673,850,ITF,ITF3,15,Campania,Campania,5801692,1788156,30.82,0.03
1028,2021-02-12,CAM,6527,2859,3668,1885,306,208,4,160,69,3061,0,0,834,6341,186,ITF,ITF3,15,Campania,Campania,5801692,1794683,30.93,0.11
1029,2021-02-13,CAM,5508,2550,2958,960,114,131,2,160,127,3621,0,0,393,5291,217,ITF,ITF3,15,Campania,Campania,5801692,1800191,31.03,0.09
1030,2021-03-04,CAM,14652,5349,9303,1901,305,136,4839,302,98,5595,0,1,1475,8759,5893,ITF,ITF3,15,Campania,Campania,5801692,1814843,31.28,0.25
1031,2021-01-24,CAM,4128,2123,2005,3140,410,166,0,46,10,0,0,0,356,383,3745,ITF,ITF3,15,Campania,Campania,5801692,1818971,31.35,0.07
1032,2021-03-25,CAM,19991,9335,10656,308,52,8,2480,124,2560,7455,6030,395,579,16489,3502,ITF,ITF3,15,Campania,Campania,5801692,1838962,31.7,0.34
1033,2021-03-23,CAM,15326,7053,8273,359,491,181,3286,160,2744,4739,2113,577,676,12821,2505,ITF,ITF3,15,Campania,Campania,5801692,1854288,31.96,0.26
1034,2021-03-24,CAM,17611,8078,9533,410,99,70,2437,111,1941,6725,4802,621,395,14660,2951,ITF,ITF3,15,Campania,Campania,5801692,1871899,32.26,0.3
1035,2021-04-19,CAM,30703,14814,15889,177,51,91,243,7793,5424,5314,11224,122,264,19140,11563,ITF,ITF3,15,Campania,Campania,5801692,1902602,32.79,0.53
1036,2021-05-08,CAM,56314,27085,29229,191,124,5,720,7975,6699,3112,20398,256,16834,40517,15797,ITF,ITF3,15,Campania,Campania,5801692,1958916,33.76,0.97
1037,2021-02-01,CAM,3985,1813,2172,2504,656,152,0,102,26,14,0,0,531,110,3875,ITF,ITF3,15,Campania,Campania,5801692,1962901,33.83,0.07
1038,2021-01-02,CAM,3673,1962,1711,3167,340,0,0,22,8,0,0,0,136,3673,0,ITF,ITF3,15,Campania,Campania,5801692,1966574,33.9,0.06
1039,2021-03-09,CAM,13838,6619,7219,797,276,184,4187,177,49,4512,1,2515,1140,10057,3781,ITF,ITF3,15,Campania,Campania,5801692,1980412,34.14,0.24
1040,2021-04-05,CAM,11635,5543,6092,141,23,6,432,31,2455,2878,5307,110,252,9213,2422,ITF,ITF3,15,Campania,Campania,5801692,1992047,34.34,0.2
1041,2021-01-27,CAM,7738,3820,3918,5839,875,270,0,118,32,4,0,0,600,163,7575,ITF,ITF3,15,Campania,Campania,5801692,1999785,34.47,0.13
1042,2021-01-20,CAM,1257,650,607,395,146,101,0,101,100,17,0,0,397,1257,0,ITF,ITF3,15,Campania,Campania,5801692,2001042,34.49,0.02
1043,2021-01-31,CAM,8067,3711,4356,5107,1012,67,0,238,61,12,0,0,1570,23,8044,ITF,ITF3,15,Campania,Campania,5801692,2009109,34.63,0.14
1044,2021-01-19,CAM,1095,474,621,534,129,171,0,36,7,1,0,0,217,1092,3,ITF,ITF3,15,Campania,Campania,5801692,2010204,34.65,0.02
1045,2021-03-11,CAM,17574,8666,8908,1049,296,105,2833,180,87,8955,0,2957,1112,10296,7278,ITF,ITF3,15,Campania,Campania,5801692,2027778,34.95,0.3
1046,2021-01-28,CAM,8832,4121,4711,6216,1094,347,0,190,32,12,0,0,941,134,8698,ITF,ITF3,15,Campania,Campania,5801692,2036610,35.1,0.15
1047,2021-01-04,CAM,5826,2963,2863,4850,679,0,0,45,5,1,0,0,246,5826,0,ITF,ITF3,15,Campania,Campania,5801692,2042436,35.2,0.1
1048,2021-04-09,CAM,29815,13948,15867,261,74,39,957,183,9293,7326,10728,353,601,23699,6116,ITF,ITF3,15,Campania,Campania,5801692,2072251,35.72,0.51
1049,2021-02-02,CAM,5722,2804,2918,3640,828,354,0,140,50,22,0,0,688,443,5279,ITF,ITF3,15,Campania,Campania,5801692,2077973,35.82,0.1
1050,2021-03-15,CAM,12934,6088,6846,820,142,78,2558,82,1445,6288,12,1066,443,8190,4744,ITF,ITF3,15,Campania,Campania,5801692,2090907,36.04,0.22
1051,2021-02-03,CAM,8902,4002,4900,4736,1101,714,0,295,74,34,0,0,1948,878,8024,ITF,ITF3,15,Campania,Campania,5801692,2099809,36.19,0.15
1052,2021-04-08,CAM,28262,13637,14625,283,131,58,1040,135,6668,7226,11875,401,445,22428,5834,ITF,ITF3,15,Campania,Campania,5801692,2128071,36.68,0.49
1053,2021-01-15,CAM,4980,2381,2599,2740,832,191,0,159,72,22,0,0,964,4980,0,ITF,ITF3,15,Campania,Campania,5801692,2133051,36.77,0.09
1054,2021-04-14,CAM,27634,13327,14307,268,55,22,268,3203,11171,5108,7057,133,349,19071,8563,ITF,ITF3,15,Campania,Campania,5801692,2160685,37.24,0.48
1055,2021-05-01,CAM,46309,22649,23660,161,60,1,636,6333,6260,3670,22220,319,6649,30216,16093,ITF,ITF3,15,Campania,Campania,5801692,2206994,38.04,0.8
1056,2021-03-07,CAM,11911,5344,6567,533,110,85,4351,158,134,4030,0,1953,557,8070,3841,ITF,ITF3,15,Campania,Campania,5801692,2218905,38.25,0.21
1057,2021-01-03,CAM,3837,2009,1828,3191,401,0,0,31,6,0,0,0,208,3837,0,ITF,ITF3,15,Campania,Campania,5801692,2222742,38.31,0.07
1058,2021-03-30,CAM,21724,10271,11453,278,47,182,1833,155,5859,5686,6767,284,633,18768,2956,ITF,ITF3,15,Campania,Campania,5801692,2244466,38.69,0.37
1059,2021-01-13,CAM,8019,3665,4354,4350,1031,587,0,267,65,30,0,0,1689,8019,0,ITF,ITF3,15,Campania,Campania,5801692,2252485,38.82,0.14
1060,2021-04-07,CAM,24737,11770,12967,347,206,62,1044,135,7508,6622,7999,274,540,20015,4722,ITF,ITF3,15,Campania,Campania,5801692,2277222,39.25,0.43
1061,2021-02-18,LOM,14039,4926,9113,6164,1880,1593,28,13,18,3438,3,859,43,13012,1027,ITC,ITC4,3,Lombardia,Lombardia,10060574,14039,0.14,0.14
1062,2021-02-28,LOM,7885,3255,4630,1106,762,76,31,594,199,4343,0,88,686,7669,216,ITC,ITC4,3,Lombardia,Lombardia,10060574,21924,0.22,0.08
1063,2021-03-19,LOM,32394,12896,19498,2748,1934,1418,3009,69,115,22451,350,158,142,19215,13179,ITC,ITC4,3,Lombardia,Lombardia,10060574,54318,0.54,0.32
1064,2021-02-15,LOM,8914,3119,5795,6034,1677,1071,9,12,10,29,4,31,37,8493,421,ITC,ITC4,3,Lombardia,Lombardia,10060574,63232,0.63,0.09
1065,2021-04-06,LOM,43005,17547,25458,2180,1932,685,4532,281,557,27994,4404,128,312,25053,17952,ITC,ITC4,3,Lombardia,Lombardia,10060574,106237,1.06,0.43
1066,2021-01-08,LOM,12664,3910,8754,9964,2236,376,0,17,9,6,1,0,55,12664,0,ITC,ITC4,3,Lombardia,Lombardia,10060574,118901,1.18,0.13
1067,2020-12-30,LOM,114,42,72,106,7,0,0,0,0,0,0,0,1,114,0,ITC,ITC4,3,Lombardia,Lombardia,10060574,119015,1.18,0.0
1068,2021-03-28,LOM,20418,7782,12636,2017,1291,115,3875,197,427,11349,1008,34,105,14255,6163,ITC,ITC4,3,Lombardia,Lombardia,10060574,139433,1.39,0.2
1069,2020-12-31,LOM,713,300,413,657,56,0,0,0,0,0,0,0,0,713,0,ITC,ITC4,3,Lombardia,Lombardia,10060574,140146,1.39,0.01
1070,2021-02-21,LOM,5052,1862,3190,1766,910,57,3,2,14,2234,2,42,22,5034,18,ITC,ITC4,3,Lombardia,Lombardia,10060574,145198,1.44,0.05
1071,2021-02-09,LOM,12285,3344,8941,5753,2258,4128,4,16,5,79,4,2,36,4113,8172,ITC,ITC4,3,Lombardia,Lombardia,10060574,157483,1.57,0.12
1072,2021-04-02,LOM,41046,16793,24253,2553,1826,1166,4640,539,2173,24646,3027,130,346,26652,14394,ITC,ITC4,3,Lombardia,Lombardia,10060574,198529,1.97,0.41
1073,2021-01-12,LOM,19859,6616,13243,13439,4542,1631,0,20,13,102,2,1,109,19859,0,ITC,ITC4,3,Lombardia,Lombardia,10060574,218388,2.17,0.2
1074,2021-01-01,LOM,24,7,17,24,0,0,0,0,0,0,0,0,0,24,0,ITC,ITC4,3,Lombardia,Lombardia,10060574,218412,2.17,0.0
1075,2021-03-16,LOM,25473,10111,15362,3316,1463,1459,76,311,249,18138,28,17,416,16417,9056,ITC,ITC4,3,Lombardia,Lombardia,10060574,243885,2.42,0.25
1076,2021-01-21,LOM,5341,1569,3772,3024,1211,1025,0,8,4,7,1,0,61,4652,689,ITC,ITC4,3,Lombardia,Lombardia,10060574,249226,2.48,0.05
1077,2021-04-20,LOM,67585,30797,36788,1159,587,744,569,8885,34187,11077,9581,232,564,57268,10317,ITC,ITC4,3,Lombardia,Lombardia,10060574,316811,3.15,0.67
1078,2021-02-19,LOM,14114,5369,8745,5572,1752,1154,16,22,42,4543,2,930,81,13434,680,ITC,ITC4,3,Lombardia,Lombardia,10060574,330925,3.29,0.14
1079,2021-03-15,LOM,31568,11333,20235,4691,2871,882,8319,273,376,13103,8,637,408,23050,8518,ITC,ITC4,3,Lombardia,Lombardia,10060574,362493,3.6,0.31
1080,2021-05-10,LOM,84755,40713,44042,2611,631,318,455,29371,14256,2185,28902,1252,4774,63538,21217,ITC,ITC4,3,Lombardia,Lombardia,10060574,447248,4.45,0.84
1081,2021-04-28,LOM,95351,43524,51827,1406,657,781,315,23419,28618,23255,15891,310,699,68576,26775,ITC,ITC4,3,Lombardia,Lombardia,10060574,542599,5.39,0.95
1082,2021-01-22,LOM,3098,864,2234,1582,619,874,0,2,3,13,0,0,5,3028,70,ITC,ITC4,3,Lombardia,Lombardia,10060574,545697,5.42,0.03
1083,2021-03-12,LOM,35233,12947,22286,5134,3226,1507,7381,184,278,16072,10,1114,327,25028,10205,ITC,ITC4,3,Lombardia,Lombardia,10060574,580930,5.77,0.35
1084,2021-02-08,LOM,10079,2918,7161,5324,2252,2405,4,5,2,53,4,0,30,2139,7940,ITC,ITC4,3,Lombardia,Lombardia,10060574,591009,5.87,0.1
1085,2021-04-22,LOM,73631,33287,40344,1191,704,1331,440,11021,31854,15512,10847,185,546,57381,16250,ITC,ITC4,3,Lombardia,Lombardia,10060574,664640,6.61,0.73
1086,2021-03-10,LOM,33223,12725,20498,6908,3855,2102,5480,429,302,12092,9,1608,438,25370,7853,ITC,ITC4,3,Lombardia,Lombardia,10060574,697863,6.94,0.33
1087,2021-04-17,LOM,48141,21170,26971,521,203,287,385,440,28561,11618,5855,125,146,37375,10766,ITC,ITC4,3,Lombardia,Lombardia,10060574,746004,7.42,0.48
1088,2021-05-07,LOM,91119,43266,47853,3386,896,646,509,31891,18660,5354,25143,1147,3487,69612,21507,ITC,ITC4,3,Lombardia,Lombardia,10060574,837123,8.32,0.91
1089,2021-03-08,LOM,29743,11173,18570,6598,2986,1160,4626,423,212,11768,10,1613,347,22676,7067,ITC,ITC4,3,Lombardia,Lombardia,10060574,866866,8.62,0.3
1090,2021-04-18,LOM,36329,16214,20115,262,115,72,142,235,25855,5661,3774,99,114,31102,5227,ITC,ITC4,3,Lombardia,Lombardia,10060574,903195,8.98,0.36
1091,2021-03-17,LOM,26207,10469,15738,2533,1418,1969,44,73,110,19589,175,45,251,15242,10965,ITC,ITC4,3,Lombardia,Lombardia,10060574,929402,9.24,0.26
1092,2021-02-04,LOM,27649,8072,19577,15835,5867,5659,0,11,1,199,4,7,66,1968,25681,ITC,ITC4,3,Lombardia,Lombardia,10060574,957051,9.51,0.27
1093,2021-03-31,LOM,41866,16945,24921,2598,1888,1472,6195,403,1820,24080,2833,150,427,26723,15143,ITC,ITC4,3,Lombardia,Lombardia,10060574,998917,9.93,0.42
1094,2021-04-21,LOM,71560,32464,39096,1051,482,722,345,10512,32410,14615,10822,178,423,56988,14572,ITC,ITC4,3,Lombardia,Lombardia,10060574,1070477,10.64,0.71
1095,2021-02-17,LOM,11967,3745,8222,7642,2229,1950,10,7,9,40,6,38,36,10578,1389,ITC,ITC4,3,Lombardia,Lombardia,10060574,1082444,10.76,0.12
1096,2020-12-27,LOM,717,413,304,615,46,14,0,13,7,1,1,0,20,717,0,ITC,ITC4,3,Lombardia,Lombardia,10060574,1083161,10.77,0.01
1097,2021-04-19,LOM,60062,27326,32736,1171,444,461,478,3372,34701,9982,8794,177,482,50657,9405,ITC,ITC4,3,Lombardia,Lombardia,10060574,1143223,11.36,0.6
1098,2021-04-24,LOM,75477,33457,42020,668,368,88,166,12522,29550,21398,10025,278,414,54452,21025,ITC,ITC4,3,Lombardia,Lombardia,10060574,1218700,12.11,0.75
1099,2021-05-08,LOM,86240,40192,46048,1746,518,65,599,29863,17817,5688,24723,1082,4139,65455,20785,ITC,ITC4,3,Lombardia,Lombardia,10060574,1304940,12.97,0.86
1100,2021-02-01,LOM,16054,5316,10738,11676,3377,903,1,3,3,45,3,1,42,305,15749,ITC,ITC4,3,Lombardia,Lombardia,10060574,1320994,13.13,0.16
1101,2021-04-05,LOM,27379,11693,15686,545,572,70,703,196,326,23744,1105,28,90,19270,8109,ITC,ITC4,3,Lombardia,Lombardia,10060574,1348373,13.4,0.27
1102,2021-01-31,LOM,9746,3763,5983,7577,2043,87,0,2,2,7,3,2,23,34,9712,ITC,ITC4,3,Lombardia,Lombardia,10060574,1358119,13.5,0.1
1103,2021-01-28,LOM,12192,3693,8499,9203,1859,971,1,11,5,29,2,1,110,780,11412,ITC,ITC4,3,Lombardia,Lombardia,10060574,1370311,13.62,0.12
1104,2021-01-03,LOM,853,316,537,744,89,4,0,0,0,1,1,0,14,853,0,ITC,ITC4,3,Lombardia,Lombardia,10060574,1371164,13.63,0.01
1105,2021-01-04,LOM,6075,2097,3978,4993,736,173,0,22,4,11,0,0,136,6075,0,ITC,ITC4,3,Lombardia,Lombardia,10060574,1377239,13.69,0.06
1106,2021-01-19,LOM,8102,2348,5754,4045,1773,2169,0,9,5,67,4,1,29,7628,474,ITC,ITC4,3,Lombardia,Lombardia,10060574,1385341,13.77,0.08
1107,2021-02-25,LOM,15195,6303,8892,2985,1339,1294,10,39,86,8101,4,1254,83,13644,1551,ITC,ITC4,3,Lombardia,Lombardia,10060574,1400536,13.92,0.15
1108,2021-02-03,LOM,25577,7908,17669,15603,5634,4100,1,17,9,144,6,8,55,1153,24424,ITC,ITC4,3,Lombardia,Lombardia,10060574,1426113,14.18,0.25
1109,2021-02-14,LOM,3578,1546,2032,2750,623,42,10,5,1,3,2,0,142,2944,634,ITC,ITC4,3,Lombardia,Lombardia,10060574,1429691,14.21,0.04
1110,2021-02-27,LOM,13946,5870,8076,2090,1235,568,48,208,309,8312,7,1126,43,13304,642,ITC,ITC4,3,Lombardia,Lombardia,10060574,1443637,14.35,0.14
1111,2021-03-18,LOM,27420,10955,16465,2206,1209,1547,100,65,161,21448,506,50,128,16192,11228,ITC,ITC4,3,Lombardia,Lombardia,10060574,1471057,14.62,0.27
1112,2021-05-03,LOM,83432,39653,43779,1749,478,325,746,31549,23729,4308,19032,283,1233,71419,12013,ITC,ITC4,3,Lombardia,Lombardia,10060574,1554489,15.45,0.83
1113,2021-05-01,LOM,95437,43457,51980,685,514,72,309,28091,24047,25088,14382,336,1913,66606,28831,ITC,ITC4,3,Lombardia,Lombardia,10060574,1649926,16.4,0.95
1114,2021-02-07,LOM,7305,2819,4486,5635,1321,293,5,5,2,18,0,3,23,340,6965,ITC,ITC4,3,Lombardia,Lombardia,10060574,1657231,16.47,0.07
1115,2021-04-13,LOM,47552,21231,26321,945,643,706,957,525,24934,13478,4963,101,300,33489,14063,ITC,ITC4,3,Lombardia,Lombardia,10060574,1704783,16.95,0.47
1116,2021-03-07,LOM,12014,5346,6668,3012,2101,82,713,261,333,4629,2,672,209,9455,2559,ITC,ITC4,3,Lombardia,Lombardia,10060574,1716797,17.06,0.12
1117,2020-12-28,LOM,107,47,60,105,2,0,0,0,0,0,0,0,0,107,0,ITC,ITC4,3,Lombardia,Lombardia,10060574,1716904,17.07,0.0
1118,2021-03-25,LOM,42521,15873,26648,3457,2237,1431,10845,231,769,21232,1665,318,336,30010,12511,ITC,ITC4,3,Lombardia,Lombardia,10060574,1759425,17.49,0.42
1119,2021-03-30,LOM,39451,15467,23984,2778,1928,1168,6914,262,414,22355,2866,223,543,24698,14753,ITC,ITC4,3,Lombardia,Lombardia,10060574,1798876,17.88,0.39
1120,2021-01-26,LOM,8338,2711,5627,6651,1337,223,0,22,4,27,0,0,74,336,8002,ITC,ITC4,3,Lombardia,Lombardia,10060574,1807214,17.96,0.08
1121,2021-03-04,LOM,29384,12136,17248,7056,2497,2142,376,1623,1848,11148,6,2052,636,20256,9128,ITC,ITC4,3,Lombardia,Lombardia,10060574,1836598,18.26,0.29
1122,2021-01-17,LOM,8342,3343,4999,5603,750,244,0,169,55,72,6,5,1438,8141,201,ITC,ITC4,3,Lombardia,Lombardia,10060574,1844940,18.34,0.08
1123,2021-03-24,LOM,43293,15621,27672,2985,2448,1503,12497,416,751,20440,1265,563,425,31429,11864,ITC,ITC4,3,Lombardia,Lombardia,10060574,1888233,18.77,0.43
1124,2021-03-22,LOM,40281,14282,25999,2520,2361,896,12170,255,193,20496,542,533,315,29757,10524,ITC,ITC4,3,Lombardia,Lombardia,10060574,1928514,19.17,0.4
1125,2021-02-05,LOM,25587,7429,18158,14466,6215,4524,7,19,11,260,2,2,81,2382,23205,ITC,ITC4,3,Lombardia,Lombardia,10060574,1954101,19.42,0.25
1126,2021-04-10,LOM,52101,21595,30506,875,858,315,1465,510,2954,38780,6030,61,253,40308,11793,ITC,ITC4,3,Lombardia,Lombardia,10060574,2006202,19.94,0.52
1127,2021-03-23,LOM,42448,15376,27072,2266,2337,1321,12510,430,584,21316,770,405,509,29637,12811,ITC,ITC4,3,Lombardia,Lombardia,10060574,2048650,20.36,0.42
1128,2021-01-24,LOM,1201,459,742,832,136,36,0,8,2,1,1,0,185,537,664,ITC,ITC4,3,Lombardia,Lombardia,10060574,2049851,20.38,0.01
1129,2021-01-30,LOM,12323,4570,7753,9911,2119,161,1,18,2,8,1,1,101,174,12149,ITC,ITC4,3,Lombardia,Lombardia,10060574,2062174,20.5,0.12
1130,2021-05-09,LOM,69127,32658,36469,1727,730,18,359,28232,12525,1207,20470,144,3715,56355,12772,ITC,ITC4,3,Lombardia,Lombardia,10060574,2131301,21.18,0.69
1131,2021-04-26,LOM,87792,40865,46927,624,363,319,383,22155,30872,18548,13699,205,624,68688,19104,ITC,ITC4,3,Lombardia,Lombardia,10060574,2219093,22.06,0.87
1132,2021-01-05,LOM,7817,2565,5252,6271,1207,173,0,29,4,8,0,0,125,7817,0,ITC,ITC4,3,Lombardia,Lombardia,10060574,2226910,22.14,0.08
1133,2021-04-01,LOM,42706,17128,25578,2719,2085,1283,5749,823,1630,25111,2763,135,408,26702,16004,ITC,ITC4,3,Lombardia,Lombardia,10060574,2269616,22.56,0.42
1134,2021-04-15,LOM,49259,21790,27469,1108,640,1075,653,281,25695,12785,6711,97,214,35459,13800,ITC,ITC4,3,Lombardia,Lombardia,10060574,2318875,23.05,0.49
1135,2021-03-27,LOM,32300,12312,19988,1973,2424,323,6664,406,611,18282,1189,71,357,23697,8603,ITC,ITC4,3,Lombardia,Lombardia,10060574,2351175,23.37,0.32
1136,2021-03-01,LOM,18796,8231,10565,2719,1182,930,29,554,321,10863,3,1656,539,17091,1705,ITC,ITC4,3,Lombardia,Lombardia,10060574,2369971,23.56,0.19
1137,2021-01-18,LOM,9156,2968,6188,5197,1962,1852,0,16,13,54,5,2,55,8175,981,ITC,ITC4,3,Lombardia,Lombardia,10060574,2379127,23.65,0.09
1138,2021-02-22,LOM,11893,4808,7085,4235,1468,1027,28,13,22,4066,4,967,63,11585,308,ITC,ITC4,3,Lombardia,Lombardia,10060574,2391020,23.77,0.12
1139,2021-01-16,LOM,15361,5707,9654,8619,1384,1505,0,556,211,227,5,3,2851,15361,0,ITC,ITC4,3,Lombardia,Lombardia,10060574,2406381,23.92,0.15
1140,2021-04-03,LOM,36174,14840,21334,961,963,86,2241,1004,1547,27492,1656,80,144,26116,10058,ITC,ITC4,3,Lombardia,Lombardia,10060574,2442555,24.28,0.36
1141,2021-03-06,LOM,21313,9085,12228,4764,2181,451,1357,1898,1306,7524,7,1147,678,16800,4513,ITC,ITC4,3,Lombardia,Lombardia,10060574,2463868,24.49,0.21
1142,2021-04-30,LOM,116559,54508,62051,1727,731,774,1096,32508,27550,20854,28418,447,2454,89493,27066,ITC,ITC4,3,Lombardia,Lombardia,10060574,2580427,25.65,1.16
1143,2021-01-06,LOM,7059,2490,4569,5848,1106,38,2,24,1,0,0,0,40,7059,0,ITC,ITC4,3,Lombardia,Lombardia,10060574,2587486,25.72,0.07
1144,2021-03-20,LOM,32509,12150,20359,1991,2349,524,7861,155,140,18459,544,322,164,22658,9851,ITC,ITC4,3,Lombardia,Lombardia,10060574,2619995,26.04,0.32
1145,2021-04-09,LOM,52123,22260,29863,2237,1906,1257,3038,262,2338,34090,6450,97,448,36139,15984,ITC,ITC4,3,Lombardia,Lombardia,10060574,2672118,26.56,0.52
1146,2021-01-29,LOM,13438,4114,9324,10487,2325,573,0,5,3,9,1,0,35,655,12783,ITC,ITC4,3,Lombardia,Lombardia,10060574,2685556,26.69,0.13
1147,2021-05-04,LOM,86457,40937,45520,1894,544,336,365,34147,21533,4528,21196,257,1657,72315,14142,ITC,ITC4,3,Lombardia,Lombardia,10060574,2772013,27.55,0.86
1148,2021-02-24,LOM,14672,5926,8746,3595,1503,1787,24,36,44,6322,0,1203,158,13745,927,ITC,ITC4,3,Lombardia,Lombardia,10060574,2786685,27.7,0.15
1149,2021-02-16,LOM,9541,3085,6456,5850,2209,1395,19,13,4,10,7,8,26,9086,455,ITC,ITC4,3,Lombardia,Lombardia,10060574,2796226,27.79,0.09
1150,2021-01-09,LOM,12409,4572,7837,9526,2122,196,0,60,12,6,0,1,486,12409,0,ITC,ITC4,3,Lombardia,Lombardia,10060574,2808635,27.92,0.12
1151,2021-01-07,LOM,11716,3622,8094,8966,1794,786,1,14,8,34,2,1,110,11716,0,ITC,ITC4,3,Lombardia,Lombardia,10060574,2820351,28.03,0.12
1152,2021-05-11,LOM,85787,41062,44725,2722,727,405,531,29088,12729,2564,28985,1328,6708,60220,25567,ITC,ITC4,3,Lombardia,Lombardia,10060574,2906138,28.89,0.85
1153,2021-03-29,LOM,40001,15508,24493,2997,2154,455,8608,221,471,21747,2708,209,431,25181,14820,ITC,ITC4,3,Lombardia,Lombardia,10060574,2946139,29.28,0.4
1154,2021-02-20,LOM,9438,3901,5537,4299,1020,225,4,24,37,2919,2,871,37,9139,299,ITC,ITC4,3,Lombardia,Lombardia,10060574,2955577,29.38,0.09
1155,2021-04-11,LOM,32160,13930,18230,967,543,437,1215,231,714,23157,4018,795,83,24774,7386,ITC,ITC4,3,Lombardia,Lombardia,10060574,2987737,29.7,0.32
1156,2021-03-21,LOM,23575,8549,15026,1086,1632,441,9131,114,207,9738,198,756,272,18314,5261,ITC,ITC4,3,Lombardia,Lombardia,10060574,3011312,29.93,0.23
1157,2021-04-04,LOM,7617,3232,4385,204,263,68,206,199,347,5880,361,9,80,3718,3899,ITC,ITC4,3,Lombardia,Lombardia,10060574,3018929,30.01,0.08
1158,2020-12-29,LOM,104,44,60,103,1,0,0,0,0,0,0,0,0,104,0,ITC,ITC4,3,Lombardia,Lombardia,10060574,3019033,30.01,0.0
1159,2021-03-05,LOM,28983,11945,17038,7242,3081,1556,426,1294,2142,11074,16,1980,172,20582,8401,ITC,ITC4,3,Lombardia,Lombardia,10060574,3048016,30.3,0.29
1160,2021-02-26,LOM,18362,7550,10812,3332,1716,1183,24,66,40,10585,7,1340,69,16513,1849,ITC,ITC4,3,Lombardia,Lombardia,10060574,3066378,30.48,0.18
1161,2021-03-26,LOM,41109,15590,25519,2731,2221,834,8659,252,552,22708,2464,256,432,28090,13019,ITC,ITC4,3,Lombardia,Lombardia,10060574,3107487,30.89,0.41
1162,2021-04-25,LOM,51242,23528,27714,422,143,12,287,10015,26875,4733,8311,154,290,46703,4539,ITC,ITC4,3,Lombardia,Lombardia,10060574,3158729,31.4,0.51
1163,2021-02-10,LOM,14392,4504,9888,8535,2365,3336,6,25,17,79,1,3,25,7572,6820,ITC,ITC4,3,Lombardia,Lombardia,10060574,3173121,31.54,0.14
1164,2021-04-27,LOM,85689,39872,45817,1094,457,288,356,22979,29393,14662,15552,308,600,69247,16442,ITC,ITC4,3,Lombardia,Lombardia,10060574,3258810,32.39,0.85
1165,2021-03-03,LOM,26915,11494,15421,6404,1783,1799,471,1269,1902,10209,12,2031,1035,19642,7273,ITC,ITC4,3,Lombardia,Lombardia,10060574,3285725,32.66,0.27
1166,2021-01-10,LOM,10518,3957,6561,8175,2197,85,1,4,1,12,5,2,36,10518,0,ITC,ITC4,3,Lombardia,Lombardia,10060574,3296243,32.76,0.1
1167,2021-02-23,LOM,11772,4791,6981,3960,1411,877,3,20,31,4312,1,991,166,11464,308,ITC,ITC4,3,Lombardia,Lombardia,10060574,3308015,32.88,0.12
1168,2021-01-13,LOM,26216,8009,18207,15798,5796,4193,1,28,14,197,4,3,182,26216,0,ITC,ITC4,3,Lombardia,Lombardia,10060574,3334231,33.14,0.26
1169,2021-03-14,LOM,14876,5349,9527,1520,1746,80,5450,99,117,5275,2,413,174,11590,3286,ITC,ITC4,3,Lombardia,Lombardia,10060574,3349107,33.29,0.15
1170,2021-04-23,LOM,73274,33244,40030,1402,607,710,348,12210,30430,15399,11464,237,467,56775,16499,ITC,ITC4,3,Lombardia,Lombardia,10060574,3422381,34.02,0.73
1171,2021-04-14,LOM,47060,20991,26069,933,744,675,786,295,24955,12451,5922,86,213,34103,12957,ITC,ITC4,3,Lombardia,Lombardia,10060574,3469441,34.49,0.47
1172,2021-02-12,LOM,13946,4355,9591,8116,2724,2957,3,7,8,102,3,5,21,9028,4918,ITC,ITC4,3,Lombardia,Lombardia,10060574,3483387,34.62,0.14
1173,2021-03-09,LOM,33232,12845,20387,6079,4095,2389,5482,434,352,12531,10,1464,396,25809,7423,ITC,ITC4,3,Lombardia,Lombardia,10060574,3516619,34.95,0.33
1174,2021-02-06,LOM,15255,5529,9726,9859,3034,1897,3,42,13,75,2,1,329,1068,14187,ITC,ITC4,3,Lombardia,Lombardia,10060574,3531874,35.11,0.15
1175,2021-05-05,LOM,87313,41687,45626,2329,575,427,354,33933,18027,4386,22416,232,4634,72376,14937,ITC,ITC4,3,Lombardia,Lombardia,10060574,3619187,35.97,0.87
1176,2021-01-25,LOM,7024,2372,4652,5632,941,218,0,26,3,15,0,0,189,489,6535,ITC,ITC4,3,Lombardia,Lombardia,10060574,3626211,36.04,0.07
1177,2021-01-27,LOM,8045,2677,5368,6205,1338,434,2,22,3,1,0,0,40,821,7224,ITC,ITC4,3,Lombardia,Lombardia,10060574,3634256,36.12,0.08
1178,2021-02-13,LOM,6414,2441,3973,4178,1466,709,4,7,6,17,3,4,20,4937,1477,ITC,ITC4,3,Lombardia,Lombardia,10060574,3640670,36.19,0.06
1179,2021-04-12,LOM,47202,20562,26640,1147,903,504,1678,312,24475,13815,4094,76,198,32872,14330,ITC,ITC4,3,Lombardia,Lombardia,10060574,3687872,36.66,0.47
1180,2021-04-16,LOM,53497,23846,29651,1736,722,1023,463,384,28376,13493,6980,113,207,39190,14307,ITC,ITC4,3,Lombardia,Lombardia,10060574,3741369,37.19,0.53
1181,2021-01-02,LOM,199,72,127,178,16,0,0,1,0,0,0,0,4,199,0,ITC,ITC4,3,Lombardia,Lombardia,10060574,3741568,37.19,0.0
1182,2021-02-02,LOM,19849,6584,13265,13500,4508,1687,1,6,4,76,0,7,60,491,19358,ITC,ITC4,3,Lombardia,Lombardia,10060574,3761417,37.39,0.2
1183,2021-01-20,LOM,5581,1365,4216,2744,1177,1558,0,14,6,61,0,0,21,5466,115,ITC,ITC4,3,Lombardia,Lombardia,10060574,3766998,37.44,0.06
1184,2021-05-02,LOM,83451,38320,45131,779,368,35,467,23641,19767,18586,17793,288,1727,61038,22413,ITC,ITC4,3,Lombardia,Lombardia,10060574,3850449,38.27,0.83
1185,2021-01-15,LOM,25135,7419,17716,13800,5912,4737,9,54,24,316,3,2,278,25135,0,ITC,ITC4,3,Lombardia,Lombardia,10060574,3875584,38.52,0.25
1186,2021-03-11,LOM,36192,13460,22732,5875,3536,2192,6670,225,298,15634,9,1295,458,26295,9897,ITC,ITC4,3,Lombardia,Lombardia,10060574,3911776,38.88,0.36
1187,2021-01-11,LOM,16036,5329,10707,11823,3367,701,2,9,5,44,1,1,83,16036,0,ITC,ITC4,3,Lombardia,Lombardia,10060574,3927812,39.04,0.16
1188,2021-05-06,LOM,89054,41945,47109,2303,744,423,346,33156,17914,4584,24547,244,4793,73089,15965,ITC,ITC4,3,Lombardia,Lombardia,10060574,4016866,39.93,0.89
1189,2021-03-02,LOM,22822,9699,13123,3193,1455,2200,132,1113,378,11264,8,1848,1231,19788,3034,ITC,ITC4,3,Lombardia,Lombardia,10060574,4039688,40.15,0.23
1190,2021-04-07,LOM,50469,20854,29615,1738,1438,1187,2473,280,1911,36797,4201,69,375,34695,15774,ITC,ITC4,3,Lombardia,Lombardia,10060574,4090157,40.66,0.5
1191,2021-01-23,LOM,1114,357,757,644,259,138,0,8,6,1,0,0,58,916,198,ITC,ITC4,3,Lombardia,Lombardia,10060574,4091271,40.67,0.01
1192,2021-04-08,LOM,52191,21699,30492,2249,1365,924,1565,285,2256,37529,5452,69,497,35740,16451,ITC,ITC4,3,Lombardia,Lombardia,10060574,4143462,41.19,0.52
1193,2021-02-11,LOM,17042,5002,12040,9764,3335,3872,6,3,2,33,1,4,22,9698,7344,ITC,ITC4,3,Lombardia,Lombardia,10060574,4160504,41.35,0.17
1194,2021-04-29,LOM,115054,53438,61616,2098,756,629,413,30888,28546,24686,24684,303,2051,85430,29624,ITC,ITC4,3,Lombardia,Lombardia,10060574,4275558,42.5,1.14
1195,2021-01-14,LOM,26727,7770,18957,15204,5577,5458,2,34,14,249,3,1,185,26727,0,ITC,ITC4,3,Lombardia,Lombardia,10060574,4302285,42.76,0.27
1196,2021-05-12,LOM,85376,40922,44454,2359,732,384,364,30189,12271,2294,28938,1313,6532,59225,26151,ITC,ITC4,3,Lombardia,Lombardia,10060574,4387661,43.61,0.85
1197,2021-03-13,LOM,27118,9753,17365,3751,2789,264,8141,222,682,10340,15,639,275,21061,6057,ITC,ITC4,3,Lombardia,Lombardia,10060574,4414779,43.88,0.27
1198,2021-03-29,VEN,31419,13649,17770,634,429,518,447,960,5759,16997,3659,932,1084,27556,3863,ITH,ITH3,5,Veneto,Veneto,4905854,31419,0.64,0.64
1199,2021-03-09,VEN,16455,7377,9078,1354,351,749,2948,101,60,8545,687,1116,544,10140,6315,ITH,ITH3,5,Veneto,Veneto,4905854,47874,0.98,0.34
1200,2021-01-02,VEN,5742,1765,3977,4842,233,544,3,23,2,3,0,0,92,5742,0,ITH,ITH3,5,Veneto,Veneto,4905854,53616,1.09,0.12
1201,2021-03-15,VEN,16595,7260,9335,1390,772,430,1969,140,599,9249,1061,709,276,11379,5216,ITH,ITH3,5,Veneto,Veneto,4905854,70211,1.43,0.34
1202,2021-04-20,VEN,22370,9476,12894,551,119,519,155,823,4587,9820,5323,31,442,8374,13996,ITH,ITH3,5,Veneto,Veneto,4905854,92581,1.89,0.46
1203,2021-05-10,VEN,35954,16760,19194,553,872,108,4341,14360,2534,1069,3920,479,7718,26372,9582,ITH,ITH3,5,Veneto,Veneto,4905854,128535,2.62,0.73
1204,2021-02-05,VEN,8369,2534,5835,4451,1466,2163,14,64,21,8,1,6,175,1425,6944,ITH,ITH3,5,Veneto,Veneto,4905854,136904,2.79,0.17
1205,2021-04-23,VEN,31015,13755,17260,647,325,313,116,1015,13533,7103,7139,38,786,22309,8706,ITH,ITH3,5,Veneto,Veneto,4905854,167919,3.42,0.63
1206,2021-01-07,VEN,8358,2318,6040,5565,858,1802,2,38,18,35,0,0,40,8358,0,ITH,ITH3,5,Veneto,Veneto,4905854,176277,3.59,0.17
1207,2021-03-18,VEN,12599,5133,7466,1685,482,495,856,102,140,7504,1056,36,243,7373,5226,ITH,ITH3,5,Veneto,Veneto,4905854,188876,3.85,0.26
1208,2021-02-26,VEN,8288,3266,5022,1803,547,747,315,61,30,4380,145,91,169,7036,1252,ITH,ITH3,5,Veneto,Veneto,4905854,197164,4.02,0.17
1209,2021-03-21,VEN,11984,4755,7229,1602,1131,42,2532,125,201,4244,1639,180,288,8522,3462,ITH,ITH3,5,Veneto,Veneto,4905854,209148,4.26,0.24
1210,2021-03-11,VEN,19694,8766,10928,1839,975,889,3689,177,72,9323,728,1287,715,14110,5584,ITH,ITH3,5,Veneto,Veneto,4905854,228842,4.66,0.4
1211,2021-01-13,VEN,5986,1607,4379,2889,1129,1889,2,19,6,3,2,1,46,5986,0,ITH,ITH3,5,Veneto,Veneto,4905854,234828,4.79,0.12
1212,2021-02-23,VEN,7369,3245,4124,1103,205,245,190,49,21,5342,49,69,96,7107,262,ITH,ITH3,5,Veneto,Veneto,4905854,242197,4.94,0.15
1213,2021-03-01,VEN,9388,3711,5677,2146,429,954,2526,101,21,2607,165,272,167,7567,1821,ITH,ITH3,5,Veneto,Veneto,4905854,251585,5.13,0.19
1214,2021-02-17,VEN,6022,2772,3250,424,158,361,4,20,11,4946,26,5,67,5928,94,ITH,ITH3,5,Veneto,Veneto,4905854,257607,5.25,0.12
1215,2021-03-06,VEN,10636,4320,6316,3561,566,1491,1329,61,26,1971,1274,168,189,7365,3271,ITH,ITH3,5,Veneto,Veneto,4905854,268243,5.47,0.22
1216,2021-04-17,VEN,22332,9055,13277,821,217,129,86,490,3445,10306,6547,16,275,15044,7288,ITH,ITH3,5,Veneto,Veneto,4905854,290575,5.92,0.46
1217,2021-02-16,VEN,6637,2870,3767,729,242,479,3,17,14,5020,35,2,96,6460,177,ITH,ITH3,5,Veneto,Veneto,4905854,297212,6.06,0.14
1218,2021-01-22,VEN,1080,332,748,962,52,57,3,1,0,0,0,0,5,25,1055,ITH,ITH3,5,Veneto,Veneto,4905854,298292,6.08,0.02
1219,2021-01-29,VEN,9015,2786,6229,6199,1230,1437,6,57,18,4,0,2,62,368,8647,ITH,ITH3,5,Veneto,Veneto,4905854,307307,6.26,0.18
1220,2021-05-07,VEN,47204,22623,24581,1409,697,277,288,22294,8538,2475,7416,90,3720,38747,8457,ITH,ITH3,5,Veneto,Veneto,4905854,354511,7.23,0.96
1221,2021-04-22,VEN,31748,13828,17920,674,296,378,111,1014,13088,9281,6017,46,843,15985,15763,ITH,ITH3,5,Veneto,Veneto,4905854,386259,7.87,0.65
1222,2021-03-03,VEN,12031,4591,7440,3356,664,1239,2342,101,41,3377,145,442,324,8537,3494,ITH,ITH3,5,Veneto,Veneto,4905854,398290,8.12,0.25
1223,2021-03-31,VEN,38511,16192,22319,1898,664,811,413,1227,9239,18496,4193,482,1088,31011,7500,ITH,ITH3,5,Veneto,Veneto,4905854,436801,8.9,0.79
1224,2021-02-28,VEN,4136,1389,2747,1741,942,15,15,22,1,992,301,76,31,3299,837,ITH,ITH3,5,Veneto,Veneto,4905854,440937,8.99,0.08
1225,2021-02-04,VEN,7321,2016,5305,3585,1102,2381,6,33,15,21,2,0,176,553,6768,ITH,ITH3,5,Veneto,Veneto,4905854,448258,9.14,0.15
1226,2021-03-10,VEN,18929,8633,10296,1566,793,561,4150,178,86,9047,653,1318,577,13245,5684,ITH,ITH3,5,Veneto,Veneto,4905854,467187,9.52,0.39
1227,2021-01-31,VEN,4768,1563,3205,3753,562,377,4,15,2,5,2,13,35,394,4374,ITH,ITH3,5,Veneto,Veneto,4905854,471955,9.62,0.1
1228,2021-02-21,VEN,4632,1208,3424,495,1,18,3695,0,0,417,0,2,4,4628,4,ITH,ITH3,5,Veneto,Veneto,4905854,476587,9.71,0.09
1229,2021-02-09,VEN,5245,1890,3355,3099,644,1269,6,40,10,21,1,1,154,3445,1800,ITH,ITH3,5,Veneto,Veneto,4905854,481832,9.82,0.11
1230,2021-01-26,VEN,6916,2090,4826,5363,522,977,5,7,3,0,0,1,38,154,6762,ITH,ITH3,5,Veneto,Veneto,4905854,488748,9.96,0.14
1231,2021-03-17,VEN,14641,5990,8651,2253,505,318,700,124,192,8777,1430,26,316,7847,6794,ITH,ITH3,5,Veneto,Veneto,4905854,503389,10.26,0.3
1232,2021-03-14,VEN,15163,5932,9231,3409,1075,100,3661,152,1440,3750,996,276,304,14269,894,ITH,ITH3,5,Veneto,Veneto,4905854,518552,10.57,0.31
1233,2021-01-09,VEN,7928,2538,5390,5245,978,1573,6,36,4,3,23,12,48,7928,0,ITH,ITH3,5,Veneto,Veneto,4905854,526480,10.73,0.16
1234,2021-04-13,VEN,13989,6306,7683,747,175,300,66,333,2266,5163,4534,26,379,8511,5478,ITH,ITH3,5,Veneto,Veneto,4905854,540469,11.02,0.29
1235,2021-02-07,VEN,2315,862,1453,1974,238,50,2,14,3,2,0,7,25,714,1601,ITH,ITH3,5,Veneto,Veneto,4905854,542784,11.06,0.05
1236,2021-01-04,VEN,6735,2033,4702,5341,426,912,6,13,2,1,0,0,34,6735,0,ITH,ITH3,5,Veneto,Veneto,4905854,549519,11.2,0.14
1237,2021-01-18,VEN,2763,777,1986,1224,478,992,1,11,4,8,0,1,44,2564,199,ITH,ITH3,5,Veneto,Veneto,4905854,552282,11.26,0.06
1238,2020-12-30,VEN,699,245,454,598,52,39,2,0,0,0,0,0,8,699,0,ITH,ITH3,5,Veneto,Veneto,4905854,552981,11.27,0.01
1239,2021-03-12,VEN,18552,8114,10438,2137,1256,755,3511,195,117,8048,861,1009,663,11807,6745,ITH,ITH3,5,Veneto,Veneto,4905854,571533,11.65,0.38
1240,2020-12-31,VEN,3219,1042,2177,2784,94,252,2,23,0,0,0,0,64,3219,0,ITH,ITH3,5,Veneto,Veneto,4905854,574752,11.72,0.07
1241,2021-02-01,VEN,8557,2500,6057,4422,1543,2136,10,66,25,267,0,0,88,161,8396,ITH,ITH3,5,Veneto,Veneto,4905854,583309,11.89,0.17
1242,2021-01-19,VEN,1309,472,837,726,218,326,0,5,3,7,1,0,23,1159,150,ITH,ITH3,5,Veneto,Veneto,4905854,584618,11.92,0.03
1243,2021-04-05,VEN,19133,8365,10768,661,392,327,176,331,9868,5510,1712,22,134,13692,5441,ITH,ITH3,5,Veneto,Veneto,4905854,603751,12.31,0.39
1244,2021-01-03,VEN,5158,1563,3595,4608,255,249,2,10,1,0,0,0,33,5158,0,ITH,ITH3,5,Veneto,Veneto,4905854,608909,12.41,0.11
1245,2021-05-04,VEN,42461,20117,22344,521,145,106,2368,22577,6857,1557,6498,47,1785,34507,7954,ITH,ITH3,5,Veneto,Veneto,4905854,651370,13.28,0.87
1246,2021-01-21,VEN,2291,719,1572,2052,74,141,3,10,0,0,0,0,11,21,2270,ITH,ITH3,5,Veneto,Veneto,4905854,653661,13.32,0.05
1247,2021-03-30,VEN,35856,15216,20640,869,406,589,478,1493,8618,16801,4768,563,1271,30607,5249,ITH,ITH3,5,Veneto,Veneto,4905854,689517,14.05,0.73
1248,2021-02-03,VEN,5935,1662,4273,2948,1142,1750,6,21,7,3,4,0,54,480,5455,ITH,ITH3,5,Veneto,Veneto,4905854,695452,14.18,0.12
1249,2021-01-30,VEN,8745,2671,6074,6335,1029,1235,9,49,4,4,3,13,64,692,8053,ITH,ITH3,5,Veneto,Veneto,4905854,704197,14.35,0.18
1250,2021-02-13,VEN,3267,1474,1793,1592,198,1438,1,11,2,3,1,1,20,3247,20,ITH,ITH3,5,Veneto,Veneto,4905854,707464,14.42,0.07
1251,2021-05-01,VEN,38638,18144,20494,490,179,42,274,19493,6450,4341,6051,36,1282,29748,8890,ITH,ITH3,5,Veneto,Veneto,4905854,746102,15.21,0.79
1252,2021-02-06,VEN,4093,1353,2740,3098,542,367,4,17,5,3,0,1,56,709,3384,ITH,ITH3,5,Veneto,Veneto,4905854,750195,15.29,0.08
1253,2021-01-24,VEN,4117,1219,2898,3764,94,222,4,4,1,1,1,0,26,28,4089,ITH,ITH3,5,Veneto,Veneto,4905854,754312,15.38,0.08
1254,2021-04-16,VEN,24390,10473,13917,745,305,442,125,516,5885,10013,5808,35,516,12474,11916,ITH,ITH3,5,Veneto,Veneto,4905854,778702,15.87,0.5
1255,2021-03-23,VEN,22140,10185,11955,1303,1131,678,2867,268,5281,6685,2363,1046,518,17422,4718,ITH,ITH3,5,Veneto,Veneto,4905854,800842,16.32,0.45
1256,2021-03-22,VEN,18087,8132,9955,1478,1154,549,2495,209,2766,6699,1616,783,338,13045,5042,ITH,ITH3,5,Veneto,Veneto,4905854,818929,16.69,0.37
1257,2021-03-24,VEN,22019,9504,12515,1215,1051,807,3108,256,1506,10423,2228,970,455,15211,6808,ITH,ITH3,5,Veneto,Veneto,4905854,840948,17.14,0.45
1258,2021-04-10,VEN,27405,11954,15451,592,315,407,115,415,9472,10751,5013,15,310,18927,8478,ITH,ITH3,5,Veneto,Veneto,4905854,868353,17.7,0.56
1259,2021-04-02,VEN,23961,10548,13413,1214,510,382,299,489,7242,9630,3575,210,410,17631,6330,ITH,ITH3,5,Veneto,Veneto,4905854,892314,18.19,0.49
1260,2021-03-04,VEN,12907,4821,8086,3218,847,1422,2833,89,56,3415,318,472,237,9441,3466,ITH,ITH3,5,Veneto,Veneto,4905854,905221,18.45,0.26
1261,2021-04-19,VEN,21521,8913,12608,967,186,287,202,538,3098,11463,4438,22,320,5101,16420,ITH,ITH3,5,Veneto,Veneto,4905854,926742,18.89,0.44
1262,2021-05-06,VEN,46112,21633,24479,638,221,305,1860,25973,6502,2397,6157,117,1942,37790,8322,ITH,ITH3,5,Veneto,Veneto,4905854,972854,19.83,0.94
1263,2021-02-08,VEN,4974,1540,3434,2822,785,1178,4,37,8,12,1,0,127,1929,3045,ITH,ITH3,5,Veneto,Veneto,4905854,977828,19.93,0.1
1264,2021-05-12,VEN,33586,16201,17385,534,164,131,439,11223,3525,998,3141,130,13301,28927,4659,ITH,ITH3,5,Veneto,Veneto,4905854,1011414,20.62,0.68
1265,2021-04-29,VEN,50076,23305,26771,655,217,438,217,22624,10639,5657,7933,161,1535,36886,13190,ITH,ITH3,5,Veneto,Veneto,4905854,1061490,21.64,1.02
1266,2021-02-22,VEN,7013,3041,3972,758,138,362,244,24,15,5401,40,1,30,6626,387,ITH,ITH3,5,Veneto,Veneto,4905854,1068503,21.78,0.14
1267,2021-01-01,VEN,1527,471,1056,1513,7,1,3,0,0,0,0,0,3,1527,0,ITH,ITH3,5,Veneto,Veneto,4905854,1070030,21.81,0.03
1268,2021-05-08,VEN,40784,18433,22351,876,223,18,2411,18648,4159,4796,5266,148,4239,29174,11610,ITH,ITH3,5,Veneto,Veneto,4905854,1110814,22.64,0.83
1269,2021-01-27,VEN,7140,2065,5075,5406,723,879,9,81,23,2,0,0,17,245,6895,ITH,ITH3,5,Veneto,Veneto,4905854,1117954,22.79,0.15
1270,2021-04-18,VEN,17523,7256,10267,521,157,69,109,370,2320,7351,6377,14,235,9943,7580,ITH,ITH3,5,Veneto,Veneto,4905854,1135477,23.15,0.36
1271,2021-04-27,VEN,28052,12729,15323,864,224,286,75,3048,13407,4553,4986,47,562,21123,6929,ITH,ITH3,5,Veneto,Veneto,4905854,1163529,23.72,0.57
1272,2020-12-27,VEN,880,395,485,875,1,0,1,0,1,0,0,0,2,880,0,ITH,ITH3,5,Veneto,Veneto,4905854,1164409,23.74,0.02
1273,2021-01-05,VEN,7329,2182,5147,5451,662,1122,5,21,2,1,0,2,63,7329,0,ITH,ITH3,5,Veneto,Veneto,4905854,1171738,23.88,0.15
1274,2021-01-20,VEN,1038,368,670,695,116,213,1,4,1,2,0,0,6,386,652,ITH,ITH3,5,Veneto,Veneto,4905854,1172776,23.91,0.02
1275,2021-02-02,VEN,6411,1847,4564,2999,1136,2000,3,22,6,153,6,0,86,392,6019,ITH,ITH3,5,Veneto,Veneto,4905854,1179187,24.04,0.13
1276,2021-04-03,VEN,21874,9593,12281,1871,299,150,130,377,6140,8255,4136,31,485,14157,7717,ITH,ITH3,5,Veneto,Veneto,4905854,1201061,24.48,0.45
1277,2021-01-28,VEN,9208,2662,6546,6585,1080,1451,5,38,2,7,2,0,38,173,9035,ITH,ITH3,5,Veneto,Veneto,4905854,1210269,24.67,0.19
1278,2021-04-21,VEN,32211,13133,19078,997,304,394,123,660,10525,13395,5287,16,510,16139,16072,ITH,ITH3,5,Veneto,Veneto,4905854,1242480,25.33,0.66
1279,2021-05-09,VEN,34731,15963,18768,425,497,15,1890,15253,2981,3093,6192,88,4297,24770,9961,ITH,ITH3,5,Veneto,Veneto,4905854,1277211,26.03,0.71
1280,2021-01-10,VEN,5032,1671,3361,3893,565,462,1,9,2,4,0,2,94,5032,0,ITH,ITH3,5,Veneto,Veneto,4905854,1282243,26.14,0.1
1281,2021-04-08,VEN,32253,14316,17937,1159,389,592,443,844,11121,10110,6995,120,480,24375,7878,ITH,ITH3,5,Veneto,Veneto,4905854,1314496,26.79,0.66
1282,2021-04-24,VEN,24651,10790,13861,606,263,106,61,633,10464,7073,4854,17,574,15584,9067,ITH,ITH3,5,Veneto,Veneto,4905854,1339147,27.3,0.5
1283,2021-05-05,VEN,43451,20852,22599,458,191,136,853,22044,10148,1497,6039,45,2040,37007,6444,ITH,ITH3,5,Veneto,Veneto,4905854,1382598,28.18,0.89
1284,2021-02-18,VEN,5828,2455,3373,976,265,667,8,33,15,3797,4,1,62,5764,64,ITH,ITH3,5,Veneto,Veneto,4905854,1388426,28.3,0.12
1285,2021-02-27,VEN,8990,2693,6297,2322,180,65,4150,39,14,1964,32,86,138,8139,851,ITH,ITH3,5,Veneto,Veneto,4905854,1397416,28.48,0.18
1286,2021-05-11,VEN,32370,16137,16233,286,164,82,424,12011,3550,842,3764,105,11142,27913,4457,ITH,ITH3,5,Veneto,Veneto,4905854,1429786,29.14,0.66
1287,2021-04-04,VEN,7776,3531,4245,24,40,1,13,128,4953,1318,1258,2,39,6625,1151,ITH,ITH3,5,Veneto,Veneto,4905854,1437562,29.3,0.16
1288,2021-03-16,VEN,12489,5346,7143,1481,385,486,129,125,112,7720,1770,21,260,6874,5615,ITH,ITH3,5,Veneto,Veneto,4905854,1450051,29.56,0.25
1289,2021-02-25,VEN,7899,3339,4560,1548,342,476,297,33,35,4936,21,109,102,7294,605,ITH,ITH3,5,Veneto,Veneto,4905854,1457950,29.72,0.16
1290,2021-03-26,VEN,29494,13074,16420,1296,1753,1233,1922,456,8141,9811,3174,986,722,24028,5466,ITH,ITH3,5,Veneto,Veneto,4905854,1487444,30.32,0.6
1291,2021-02-19,VEN,7322,3140,4182,1561,573,665,9,33,16,4367,5,4,89,7118,204,ITH,ITH3,5,Veneto,Veneto,4905854,1494766,30.47,0.15
1292,2021-01-06,VEN,8131,2385,5746,6514,672,808,10,76,24,2,2,2,21,8131,0,ITH,ITH3,5,Veneto,Veneto,4905854,1502897,30.63,0.17
1293,2021-01-08,VEN,9405,2836,6569,6133,1323,1807,12,59,18,4,1,1,47,9405,0,ITH,ITH3,5,Veneto,Veneto,4905854,1512302,30.83,0.19
1294,2021-02-14,VEN,125,56,69,97,22,0,0,1,0,0,0,0,5,112,13,ITH,ITH3,5,Veneto,Veneto,4905854,1512427,30.83,0.0
1295,2021-04-28,VEN,32305,15127,17178,695,244,598,95,4600,15698,2793,6493,36,1053,23283,9022,ITH,ITH3,5,Veneto,Veneto,4905854,1544732,31.49,0.66
1296,2021-05-03,VEN,40382,19662,20720,320,128,100,714,22687,6070,1647,6867,28,1821,33977,6405,ITH,ITH3,5,Veneto,Veneto,4905854,1585114,32.31,0.82
1297,2021-01-16,VEN,4607,1541,3066,3196,670,657,0,14,6,0,0,1,63,4607,0,ITH,ITH3,5,Veneto,Veneto,4905854,1589721,32.4,0.09
1298,2021-03-20,VEN,12940,5341,7599,710,269,320,2412,143,1615,4728,2100,219,424,10843,2097,ITH,ITH3,5,Veneto,Veneto,4905854,1602661,32.67,0.26
1299,2021-03-19,VEN,13790,5668,8122,2161,862,516,727,151,127,7564,1254,55,373,7697,6093,ITH,ITH3,5,Veneto,Veneto,4905854,1616451,32.95,0.28
1300,2021-04-26,VEN,20651,9425,11226,463,156,122,87,894,10635,3006,4645,49,594,15496,5155,ITH,ITH3,5,Veneto,Veneto,4905854,1637102,33.37,0.42
1301,2021-04-06,VEN,28841,13254,15587,443,203,388,106,517,16776,5361,4755,69,223,23767,5074,ITH,ITH3,5,Veneto,Veneto,4905854,1665943,33.96,0.59
1302,2021-04-01,VEN,25008,10973,14035,1055,604,591,162,645,7167,9822,4156,291,515,18632,6376,ITH,ITH3,5,Veneto,Veneto,4905854,1690951,34.47,0.51
1303,2021-01-17,VEN,1933,781,1152,1589,193,120,2,3,1,3,0,0,22,1584,349,ITH,ITH3,5,Veneto,Veneto,4905854,1692884,34.51,0.04
1304,2021-02-24,VEN,8612,3678,4934,1591,417,521,14,35,28,5591,41,273,101,8129,483,ITH,ITH3,5,Veneto,Veneto,4905854,1701496,34.68,0.18
1305,2021-04-25,VEN,18293,8139,10154,354,94,112,59,412,9072,4043,3914,4,229,13461,4832,ITH,ITH3,5,Veneto,Veneto,4905854,1719789,35.06,0.37
1306,2021-03-28,VEN,31260,13590,17670,1467,1447,172,2445,1143,8579,9243,3871,56,2837,27613,3647,ITH,ITH3,5,Veneto,Veneto,4905854,1751049,35.69,0.64
1307,2021-04-30,VEN,49640,23334,26306,645,318,465,243,20900,10571,5576,9206,102,1614,34008,15632,ITH,ITH3,5,Veneto,Veneto,4905854,1800689,36.7,1.01
1308,2021-02-12,VEN,4313,1447,2866,2769,441,692,8,40,14,6,0,4,339,3741,572,ITH,ITH3,5,Veneto,Veneto,4905854,1805002,36.79,0.09
1309,2021-01-25,VEN,6468,2075,4393,5136,377,904,2,11,2,6,0,0,30,160,6308,ITH,ITH3,5,Veneto,Veneto,4905854,1811470,36.92,0.13
1310,2021-04-11,VEN,20981,8865,12116,1896,137,83,345,318,4327,8116,5483,11,265,14672,6309,ITH,ITH3,5,Veneto,Veneto,4905854,1832451,37.35,0.43
1311,2021-03-05,VEN,13283,4978,8305,3643,691,1468,2979,102,50,3090,475,353,432,9623,3660,ITH,ITH3,5,Veneto,Veneto,4905854,1845734,37.62,0.27
1312,2021-01-11,VEN,7238,2101,5137,3687,1161,1958,8,55,22,254,6,0,87,7238,0,ITH,ITH3,5,Veneto,Veneto,4905854,1852972,37.77,0.15
1313,2021-01-15,VEN,5865,1820,4045,3124,992,1569,4,46,18,9,0,5,98,5865,0,ITH,ITH3,5,Veneto,Veneto,4905854,1858837,37.89,0.12
1314,2021-04-12,VEN,14888,6325,8563,698,121,122,940,278,2087,6049,4311,19,263,6671,8217,ITH,ITH3,5,Veneto,Veneto,4905854,1873725,38.19,0.3
1315,2021-03-08,VEN,13533,6189,7344,717,231,392,2948,75,54,7167,475,1149,325,9464,4069,ITH,ITH3,5,Veneto,Veneto,4905854,1887258,38.47,0.28
1316,2021-04-15,VEN,20793,8581,12212,767,255,493,688,421,3895,8823,5001,8,442,9992,10801,ITH,ITH3,5,Veneto,Veneto,4905854,1908051,38.89,0.42
1317,2021-05-02,VEN,37111,17200,19911,696,174,21,534,18448,4827,4508,6536,21,1346,26780,10331,ITH,ITH3,5,Veneto,Veneto,4905854,1945162,39.65,0.76
1318,2021-01-14,VEN,7060,1923,5137,3349,1066,2489,4,25,7,17,1,0,102,7060,0,ITH,ITH3,5,Veneto,Veneto,4905854,1952222,39.79,0.14
1319,2021-04-07,VEN,35804,16071,19733,2016,688,757,358,948,18212,5566,6047,118,1094,28474,7330,ITH,ITH3,5,Veneto,Veneto,4905854,1988026,40.52,0.73
1320,2021-04-14,VEN,15841,6870,8971,816,266,184,138,391,3679,5538,4422,24,383,9215,6626,ITH,ITH3,5,Veneto,Veneto,4905854,2003867,40.85,0.32
1321,2021-02-11,VEN,4013,1239,2774,2661,390,804,8,18,8,10,6,2,106,3385,628,ITH,ITH3,5,Veneto,Veneto,4905854,2007880,40.93,0.08
1322,2021-01-12,VEN,5230,1516,3714,2275,856,1753,5,25,16,176,2,0,122,5230,0,ITH,ITH3,5,Veneto,Veneto,4905854,2013110,41.03,0.11
1323,2021-03-02,VEN,11468,4617,6851,2936,790,1197,1869,92,33,3290,465,468,328,8171,3297,ITH,ITH3,5,Veneto,Veneto,4905854,2024578,41.27,0.23
1324,2021-01-23,VEN,4051,1246,2805,3424,173,436,3,3,2,1,1,0,8,33,4018,ITH,ITH3,5,Veneto,Veneto,4905854,2028629,41.35,0.08
1325,2021-04-09,VEN,31088,13690,17398,1754,915,609,199,906,8496,9863,7302,97,947,22750,8338,ITH,ITH3,5,Veneto,Veneto,4905854,2059717,41.98,0.63
1326,2021-03-07,VEN,4470,1754,2716,1911,196,26,832,23,4,982,388,49,59,3911,559,ITH,ITH3,5,Veneto,Veneto,4905854,2064187,42.08,0.09
1327,2021-03-27,VEN,32037,13985,18052,2285,1677,197,1581,649,7021,12302,4041,222,2062,26230,5807,ITH,ITH3,5,Veneto,Veneto,4905854,2096224,42.73,0.65
1328,2021-03-13,VEN,17175,7256,9919,2682,1676,109,4041,266,210,4814,2103,462,812,14041,3134,ITH,ITH3,5,Veneto,Veneto,4905854,2113399,43.08,0.35
1329,2021-02-10,VEN,4751,1588,3163,3175,552,783,2,50,19,6,1,0,163,3697,1054,ITH,ITH3,5,Veneto,Veneto,4905854,2118150,43.18,0.1
1330,2021-02-15,VEN,4386,1821,2565,486,84,383,2,19,9,3272,55,14,62,4146,240,ITH,ITH3,5,Veneto,Veneto,4905854,2122536,43.27,0.09
1331,2021-03-25,VEN,25827,10948,14879,1536,1437,1020,2263,339,5620,9923,2252,842,595,19705,6122,ITH,ITH3,5,Veneto,Veneto,4905854,2148363,43.79,0.53
1332,2021-02-20,VEN,6423,2015,4408,1905,114,100,3244,31,11,968,3,6,41,6353,70,ITH,ITH3,5,Veneto,Veneto,4905854,2154786,43.92,0.13
1333,2021-04-07,FVG,7504,3326,4178,340,299,114,34,5,2713,2098,1881,13,7,6719,785,ITH,ITH4,6,Friuli-Venezia Giulia,Friuli Venezia Giulia,1215220,7504,0.62,0.62
1334,2021-02-27,FVG,3426,1178,2248,203,140,4,1503,1,0,1523,27,25,0,3425,1,ITH,ITH4,6,Friuli-Venezia Giulia,Friuli Venezia Giulia,1215220,10930,0.9,0.28
1335,2021-05-11,FVG,7855,3760,4095,107,65,7,482,2771,940,684,2167,43,589,6465,1390,ITH,ITH4,6,Friuli-Venezia Giulia,Friuli Venezia Giulia,1215220,18785,1.55,0.65
1336,2021-01-02,FVG,1217,471,746,1150,67,0,0,0,0,0,0,0,0,1217,0,ITH,ITH4,6,Friuli-Venezia Giulia,Friuli Venezia Giulia,1215220,20002,1.65,0.1
1337,2021-01-24,FVG,305,119,186,277,27,1,0,0,0,0,0,0,0,1,304,ITH,ITH4,6,Friuli-Venezia Giulia,Friuli Venezia Giulia,1215220,20307,1.67,0.03
1338,2021-01-14,FVG,2588,789,1799,1608,550,430,0,0,0,0,0,0,0,2588,0,ITH,ITH4,6,Friuli-Venezia Giulia,Friuli Venezia Giulia,1215220,22895,1.88,0.21
1339,2021-01-07,FVG,2092,718,1374,1760,222,110,0,0,0,0,0,0,0,2092,0,ITH,ITH4,6,Friuli-Venezia Giulia,Friuli Venezia Giulia,1215220,24987,2.06,0.17
1340,2021-04-28,FVG,7218,3189,4029,256,131,39,4,357,2051,1826,2511,3,40,3746,3472,ITH,ITH4,6,Friuli-Venezia Giulia,Friuli Venezia Giulia,1215220,32205,2.65,0.59
1341,2021-03-04,FVG,3428,1591,1837,360,216,96,402,1,1,1815,33,504,0,2785,643,ITH,ITH4,6,Friuli-Venezia Giulia,Friuli Venezia Giulia,1215220,35633,2.93,0.28
1342,2021-01-08,FVG,2322,747,1575,1680,242,396,0,1,0,0,0,0,3,2322,0,ITH,ITH4,6,Friuli-Venezia Giulia,Friuli Venezia Giulia,1215220,37955,3.12,0.19
1343,2021-04-19,FVG,6696,3128,3568,192,155,39,29,263,1099,1762,3145,2,10,3284,3412,ITH,ITH4,6,Friuli-Venezia Giulia,Friuli Venezia Giulia,1215220,44651,3.67,0.55
1344,2021-03-26,FVG,5807,2429,3378,500,212,234,754,22,651,2050,1264,88,32,3792,2015,ITH,ITH4,6,Friuli-Venezia Giulia,Friuli Venezia Giulia,1215220,50458,4.15,0.48
1345,2021-02-19,FVG,3255,1290,1965,568,309,316,426,0,0,1589,11,35,1,2826,429,ITH,ITH4,6,Friuli-Venezia Giulia,Friuli Venezia Giulia,1215220,53713,4.42,0.27
1346,2021-02-18,FVG,3217,1492,1725,229,122,331,983,0,0,1502,16,34,0,2811,406,ITH,ITH4,6,Friuli-Venezia Giulia,Friuli Venezia Giulia,1215220,56930,4.68,0.26
1347,2021-05-12,FVG,7409,3440,3969,103,43,1,339,2230,1369,185,2813,20,306,6749,660,ITH,ITH4,6,Friuli-Venezia Giulia,Friuli Venezia Giulia,1215220,64339,5.29,0.61
1348,2021-02-20,FVG,2068,933,1135,11,1,148,306,0,2,1584,16,0,0,1924,144,ITH,ITH4,6,Friuli-Venezia Giulia,Friuli Venezia Giulia,1215220,66407,5.46,0.17
1349,2021-03-12,FVG,3943,1545,2398,178,63,47,589,1,5,2865,93,101,1,2562,1381,ITH,ITH4,6,Friuli-Venezia Giulia,Friuli Venezia Giulia,1215220,70350,5.79,0.32
1350,2021-02-13,FVG,567,179,388,337,230,0,0,0,0,0,0,0,0,561,6,ITH,ITH4,6,Friuli-Venezia Giulia,Friuli Venezia Giulia,1215220,70917,5.84,0.05
1351,2021-02-01,FVG,2097,688,1409,1590,372,135,0,0,0,0,0,0,0,16,2081,ITH,ITH4,6,Friuli-Venezia Giulia,Friuli Venezia Giulia,1215220,73014,6.01,0.17
1352,2021-02-08,FVG,2357,694,1663,1401,521,435,0,0,0,0,0,0,0,92,2265,ITH,ITH4,6,Friuli-Venezia Giulia,Friuli Venezia Giulia,1215220,75371,6.2,0.19
1353,2021-01-18,FVG,1962,607,1355,1360,492,110,0,0,0,0,0,0,0,1868,94,ITH,ITH4,6,Friuli-Venezia Giulia,Friuli Venezia Giulia,1215220,77333,6.36,0.16
1354,2021-01-27,FVG,1272,425,847,851,357,64,0,0,0,0,0,0,0,450,822,ITH,ITH4,6,Friuli-Venezia Giulia,Friuli Venezia Giulia,1215220,78605,6.47,0.1
1355,2021-04-30,FVG,7240,3184,4056,336,238,65,8,324,1141,1732,3350,2,44,3631,3609,ITH,ITH4,6,Friuli-Venezia Giulia,Friuli Venezia Giulia,1215220,85845,7.06,0.6
1356,2021-02-12,FVG,1200,428,772,674,392,128,1,0,1,2,1,0,1,1150,50,ITH,ITH4,6,Friuli-Venezia Giulia,Friuli Venezia Giulia,1215220,87045,7.16,0.1
1357,2021-04-15,FVG,6491,2860,3631,221,66,83,6,250,1119,1957,2767,1,21,5218,1273,ITH,ITH4,6,Friuli-Venezia Giulia,Friuli Venezia Giulia,1215220,93536,7.7,0.53
1358,2021-03-08,FVG,4065,1594,2471,694,513,140,436,0,7,2190,22,63,0,1977,2088,ITH,ITH4,6,Friuli-Venezia Giulia,Friuli Venezia Giulia,1215220,97601,8.03,0.33
1359,2021-05-04,FVG,9449,4260,5189,262,97,25,13,513,1597,1549,5380,6,7,6118,3331,ITH,ITH4,6,Friuli-Venezia Giulia,Friuli Venezia Giulia,1215220,107050,8.81,0.78
1360,2021-03-01,FVG,2958,1042,1916,93,81,176,949,1,1,1636,17,4,0,2905,53,ITH,ITH4,6,Friuli-Venezia Giulia,Friuli Venezia Giulia,1215220,110008,9.05,0.24
1361,2021-04-10,FVG,4990,2162,2828,157,187,82,77,28,732,2087,1603,15,22,3765,1225,ITH,ITH4,6,Friuli-Venezia Giulia,Friuli Venezia Giulia,1215220,114998,9.46,0.41
1362,2021-01-29,FVG,2414,814,1600,1856,321,237,0,0,0,0,0,0,0,264,2150,ITH,ITH4,6,Friuli-Venezia Giulia,Friuli Venezia Giulia,1215220,117412,9.66,0.2
1363,2021-03-22,FVG,3545,1345,2200,151,88,206,464,0,1,2471,155,6,3,1589,1956,ITH,ITH4,6,Friuli-Venezia Giulia,Friuli Venezia Giulia,1215220,120957,9.95,0.29
1364,2021-03-31,FVG,8039,3503,4536,170,108,296,878,5,2336,2163,1969,112,2,7190,849,ITH,ITH4,6,Friuli-Venezia Giulia,Friuli Venezia Giulia,1215220,128996,10.62,0.66
1365,2021-04-02,FVG,6580,2918,3662,370,243,84,3,1,609,3137,2093,15,25,4744,1836,ITH,ITH4,6,Friuli-Venezia Giulia,Friuli Venezia Giulia,1215220,135576,11.16,0.54
1366,2021-05-06,FVG,11125,5150,5975,261,138,41,420,1334,1540,1591,5781,14,5,7248,3877,ITH,ITH4,6,Friuli-Venezia Giulia,Friuli Venezia Giulia,1215220,146701,12.07,0.92
1367,2021-02-22,FVG,2493,1196,1297,431,312,115,5,1,0,1369,14,246,0,2075,418,ITH,ITH4,6,Friuli-Venezia Giulia,Friuli Venezia Giulia,1215220,149194,12.28,0.21
1368,2021-02-28,FVG,2671,990,1681,234,162,0,1489,0,0,405,1,380,0,2276,395,ITH,ITH4,6,Friuli-Venezia Giulia,Friuli Venezia Giulia,1215220,151865,12.5,0.22
1369,2021-02-25,FVG,3077,1609,1468,23,5,299,744,0,1,1557,12,436,0,3052,25,ITH,ITH4,6,Friuli-Venezia Giulia,Friuli Venezia Giulia,1215220,154942,12.75,0.25
1370,2021-02-21,FVG,800,281,519,213,166,27,1,0,0,382,10,1,0,423,377,ITH,ITH4,6,Friuli-Venezia Giulia,Friuli Venezia Giulia,1215220,155742,12.82,0.07
1371,2021-04-29,FVG,6621,2911,3710,350,146,6,7,391,1207,1467,2965,25,57,4105,2516,ITH,ITH4,6,Friuli-Venezia Giulia,Friuli Venezia Giulia,1215220,162363,13.36,0.54
1372,2021-03-15,FVG,3765,1637,2128,329,256,180,234,1,1,2426,101,237,0,1445,2320,ITH,ITH4,6,Friuli-Venezia Giulia,Friuli Venezia Giulia,1215220,166128,13.67,0.31
1373,2021-04-03,FVG,3983,1970,2013,36,580,4,149,3,3,2249,919,36,4,2654,1329,ITH,ITH4,6,Friuli-Venezia Giulia,Friuli Venezia Giulia,1215220,170111,14.0,0.33
1374,2021-01-04,FVG,1510,559,951,1392,118,0,0,0,0,0,0,0,0,1510,0,ITH,ITH4,6,Friuli-Venezia Giulia,Friuli Venezia Giulia,1215220,171621,14.12,0.12
1375,2021-01-19,FVG,7,2,5,5,0,2,0,0,0,0,0,0,0,7,0,ITH,ITH4,6,Friuli-Venezia Giulia,Friuli Venezia Giulia,1215220,171628,14.12,0.0
1376,2021-04-05,FVG,2869,1427,1442,34,222,13,121,3,607,468,1374,27,0,2853,16,ITH,ITH4,6,Friuli-Venezia Giulia,Friuli Venezia Giulia,1215220,174497,14.36,0.24
1377,2020-12-30,FVG,630,246,384,601,29,0,0,0,0,0,0,0,0,630,0,ITH,ITH4,6,Friuli-Venezia Giulia,Friuli Venezia Giulia,1215220,175127,14.41,0.05
1378,2021-04-27,FVG,8064,3697,4367,295,287,29,2,584,1901,2116,2809,1,40,3601,4463,ITH,ITH4,6,Friuli-Venezia Giulia,Friuli Venezia Giulia,1215220,183191,15.07,0.66
1379,2020-12-31,FVG,1053,384,669,1011,42,0,0,0,0,0,0,0,0,1053,0,ITH,ITH4,6,Friuli-Venezia Giulia,Friuli Venezia Giulia,1215220,184244,15.16,0.09
1380,2021-02-07,FVG,1562,483,1079,867,693,2,0,0,0,0,0,0,0,386,1176,ITH,ITH4,6,Friuli-Venezia Giulia,Friuli Venezia Giulia,1215220,185806,15.29,0.13
1381,2021-01-03,FVG,312,122,190,285,26,1,0,0,0,0,0,0,0,312,0,ITH,ITH4,6,Friuli-Venezia Giulia,Friuli Venezia Giulia,1215220,186118,15.32,0.03
1382,2021-02-05,FVG,2614,785,1829,1613,511,490,0,0,0,0,0,0,0,90,2524,ITH,ITH4,6,Friuli-Venezia Giulia,Friuli Venezia Giulia,1215220,188732,15.53,0.22
1383,2021-04-13,FVG,7371,3292,4079,349,308,189,23,245,2203,2235,1792,12,15,5764,1607,ITH,ITH4,6,Friuli-Venezia Giulia,Friuli Venezia Giulia,1215220,196103,16.14,0.61
1384,2021-05-05,FVG,9382,4095,5287,294,171,40,14,1194,1727,1228,4704,2,8,5951,3431,ITH,ITH4,6,Friuli-Venezia Giulia,Friuli Venezia Giulia,1215220,205485,16.91,0.77
1385,2021-02-03,FVG,2647,791,1856,1702,558,386,0,0,0,1,0,0,0,23,2624,ITH,ITH4,6,Friuli-Venezia Giulia,Friuli Venezia Giulia,1215220,208132,17.13,0.22
1386,2021-03-30,FVG,7097,3145,3952,422,335,405,139,14,2004,1937,1785,53,3,6175,922,ITH,ITH4,6,Friuli-Venezia Giulia,Friuli Venezia Giulia,1215220,215229,17.71,0.58
1387,2021-01-30,FVG,2273,744,1529,1476,355,442,0,0,0,0,0,0,0,270,2003,ITH,ITH4,6,Friuli-Venezia Giulia,Friuli Venezia Giulia,1215220,217502,17.9,0.19
1388,2021-01-10,FVG,2941,919,2022,1745,951,245,0,0,0,0,0,0,0,2941,0,ITH,ITH4,6,Friuli-Venezia Giulia,Friuli Venezia Giulia,1215220,220443,18.14,0.24
1389,2021-01-13,FVG,2651,834,1817,1822,599,230,0,0,0,0,0,0,0,2651,0,ITH,ITH4,6,Friuli-Venezia Giulia,Friuli Venezia Giulia,1215220,223094,18.36,0.22
1390,2021-05-03,FVG,7133,3243,3890,217,185,58,11,316,1354,1254,3703,10,25,3364,3769,ITH,ITH4,6,Friuli-Venezia Giulia,Friuli Venezia Giulia,1215220,230227,18.95,0.59
1391,2021-04-23,FVG,7450,3365,4085,300,138,53,8,419,1198,2202,3099,4,29,3593,3857,ITH,ITH4,6,Friuli-Venezia Giulia,Friuli Venezia Giulia,1215220,237677,19.56,0.61
1392,2021-04-22,FVG,6763,3077,3686,122,110,34,2,329,1560,2118,2471,1,16,3080,3683,ITH,ITH4,6,Friuli-Venezia Giulia,Friuli Venezia Giulia,1215220,244440,20.11,0.56
1393,2021-05-01,FVG,7168,3235,3933,216,36,0,2,216,107,579,5950,4,58,6120,1048,ITH,ITH4,6,Friuli-Venezia Giulia,Friuli Venezia Giulia,1215220,251608,20.7,0.59
1394,2021-03-24,FVG,3772,1530,2242,183,183,148,427,1,21,2324,419,62,4,2290,1482,ITH,ITH4,6,Friuli-Venezia Giulia,Friuli Venezia Giulia,1215220,255380,21.02,0.31
1395,2021-04-18,FVG,5985,2771,3214,320,76,81,2,394,1433,728,2923,0,28,5579,406,ITH,ITH4,6,Friuli-Venezia Giulia,Friuli Venezia Giulia,1215220,261365,21.51,0.49
1396,2021-03-23,FVG,3761,1561,2200,321,303,245,241,0,3,2449,169,29,1,1618,2143,ITH,ITH4,6,Friuli-Venezia Giulia,Friuli Venezia Giulia,1215220,265126,21.82,0.31
1397,2021-03-03,FVG,3643,1629,2014,750,546,104,427,0,0,1331,15,470,0,2365,1278,ITH,ITH4,6,Friuli-Venezia Giulia,Friuli Venezia Giulia,1215220,268769,22.12,0.3
1398,2021-04-17,FVG,7447,3232,4215,320,117,1,3,624,592,2455,3309,3,23,5965,1482,ITH,ITH4,6,Friuli-Venezia Giulia,Friuli Venezia Giulia,1215220,276216,22.73,0.61
1399,2021-05-07,FVG,9827,4436,5391,270,108,24,33,2007,1855,1573,3864,24,69,6452,3375,ITH,ITH4,6,Friuli-Venezia Giulia,Friuli Venezia Giulia,1215220,286043,23.54,0.81
1400,2020-12-27,FVG,262,149,113,259,3,0,0,0,0,0,0,0,0,262,0,ITH,ITH4,6,Friuli-Venezia Giulia,Friuli Venezia Giulia,1215220,286305,23.56,0.02
1401,2021-02-06,FVG,1154,338,816,755,208,191,0,0,0,0,0,0,0,22,1132,ITH,ITH4,6,Friuli-Venezia Giulia,Friuli Venezia Giulia,1215220,287459,23.65,0.09
1402,2021-01-22,FVG,90,30,60,89,1,0,0,0,0,0,0,0,0,0,90,ITH,ITH4,6,Friuli-Venezia Giulia,Friuli Venezia Giulia,1215220,287549,23.66,0.01
1403,2021-02-02,FVG,2467,806,1661,1658,393,416,0,0,0,0,0,0,0,217,2250,ITH,ITH4,6,Friuli-Venezia Giulia,Friuli Venezia Giulia,1215220,290016,23.87,0.2
1404,2021-03-06,FVG,3492,1194,2298,182,249,5,1465,0,0,1565,6,20,0,3166,326,ITH,ITH4,6,Friuli-Venezia Giulia,Friuli Venezia Giulia,1215220,293508,24.15,0.29
1405,2021-04-16,FVG,6912,2995,3917,290,184,171,16,311,977,2035,2907,1,20,4988,1924,ITH,ITH4,6,Friuli-Venezia Giulia,Friuli Venezia Giulia,1215220,300420,24.72,0.57
1406,2021-04-24,FVG,6647,2927,3720,430,55,0,1,522,281,1988,3313,1,56,5402,1245,ITH,ITH4,6,Friuli-Venezia Giulia,Friuli Venezia Giulia,1215220,307067,25.27,0.55
1407,2021-01-31,FVG,2715,836,1879,1693,1004,18,0,0,0,0,0,0,0,385,2330,ITH,ITH4,6,Friuli-Venezia Giulia,Friuli Venezia Giulia,1215220,309782,25.49,0.22
1408,2021-03-17,FVG,3237,1268,1969,430,219,199,6,0,1,2247,132,3,0,744,2493,ITH,ITH4,6,Friuli-Venezia Giulia,Friuli Venezia Giulia,1215220,313019,25.76,0.27
1409,2021-03-27,FVG,4983,2560,2423,60,811,1,98,3,906,1990,1096,16,2,3572,1411,ITH,ITH4,6,Friuli-Venezia Giulia,Friuli Venezia Giulia,1215220,318002,26.17,0.41
1410,2021-03-10,FVG,3362,1494,1868,306,301,209,195,0,1,1973,67,309,1,1570,1792,ITH,ITH4,6,Friuli-Venezia Giulia,Friuli Venezia Giulia,1215220,321364,26.44,0.28
1411,2021-05-08,FVG,9808,4412,5396,340,181,11,13,2021,886,1902,4425,25,4,5048,4760,ITH,ITH4,6,Friuli-Venezia Giulia,Friuli Venezia Giulia,1215220,331172,27.25,0.81
1412,2021-03-14,FVG,1397,548,849,0,1,0,797,0,0,248,16,335,0,1144,253,ITH,ITH4,6,Friuli-Venezia Giulia,Friuli Venezia Giulia,1215220,332569,27.37,0.11
1413,2021-04-21,FVG,7698,3440,4258,109,73,30,9,546,2430,2057,2434,4,6,4015,3683,ITH,ITH4,6,Friuli-Venezia Giulia,Friuli Venezia Giulia,1215220,340267,28.0,0.63
1414,2021-02-10,FVG,1352,496,856,745,487,119,1,0,0,0,0,0,0,1266,86,ITH,ITH4,6,Friuli-Venezia Giulia,Friuli Venezia Giulia,1215220,341619,28.11,0.11
1415,2021-01-26,FVG,1975,647,1328,1442,152,381,0,0,0,0,0,0,0,214,1761,ITH,ITH4,6,Friuli-Venezia Giulia,Friuli Venezia Giulia,1215220,343594,28.27,0.16
1416,2021-04-08,FVG,7215,3016,4199,261,147,237,34,5,1532,2975,2010,4,10,5291,1924,ITH,ITH4,6,Friuli-Venezia Giulia,Friuli Venezia Giulia,1215220,350809,28.87,0.59
1417,2021-03-29,FVG,6879,3003,3876,241,211,160,316,10,2110,2418,1358,47,8,5299,1580,ITH,ITH4,6,Friuli-Venezia Giulia,Friuli Venezia Giulia,1215220,357688,29.43,0.57
1418,2021-03-09,FVG,3863,1590,2273,657,480,200,424,2,4,2005,28,60,3,1110,2753,ITH,ITH4,6,Friuli-Venezia Giulia,Friuli Venezia Giulia,1215220,361551,29.75,0.32
1419,2021-01-12,FVG,2260,713,1547,1529,370,361,0,0,0,0,0,0,0,2260,0,ITH,ITH4,6,Friuli-Venezia Giulia,Friuli Venezia Giulia,1215220,363811,29.94,0.19
1420,2021-05-10,FVG,7241,3220,4021,172,71,57,27,1852,1781,785,2473,17,6,5792,1449,ITH,ITH4,6,Friuli-Venezia Giulia,Friuli Venezia Giulia,1215220,371052,30.53,0.6
1421,2021-03-28,FVG,4809,2273,2536,13,746,5,1306,8,1526,425,662,111,7,4669,140,ITH,ITH4,6,Friuli-Venezia Giulia,Friuli Venezia Giulia,1215220,375861,30.93,0.4
1422,2021-03-19,FVG,3236,1341,1895,107,47,297,134,0,0,2513,138,0,0,1302,1934,ITH,ITH4,6,Friuli-Venezia Giulia,Friuli Venezia Giulia,1215220,379097,31.2,0.27
1423,2021-01-17,FVG,1720,524,1196,674,560,486,0,0,0,0,0,0,0,1720,0,ITH,ITH4,6,Friuli-Venezia Giulia,Friuli Venezia Giulia,1215220,380817,31.34,0.14
1424,2021-04-26,FVG,5447,2449,2998,186,147,16,14,328,2094,701,1908,5,48,3797,1650,ITH,ITH4,6,Friuli-Venezia Giulia,Friuli Venezia Giulia,1215220,386264,31.79,0.45
1425,2021-01-25,FVG,1584,568,1016,1371,141,72,0,0,0,0,0,0,0,194,1390,ITH,ITH4,6,Friuli-Venezia Giulia,Friuli Venezia Giulia,1215220,387848,31.92,0.13
1426,2021-02-23,FVG,2615,1252,1363,104,44,247,1,0,2,1943,19,255,0,2437,178,ITH,ITH4,6,Friuli-Venezia Giulia,Friuli Venezia Giulia,1215220,390463,32.13,0.22
1427,2021-02-26,FVG,3740,2094,1646,75,26,561,299,0,2,1739,5,1033,0,3593,147,ITH,ITH4,6,Friuli-Venezia Giulia,Friuli Venezia Giulia,1215220,394203,32.44,0.31
1428,2021-01-21,FVG,895,345,550,864,31,0,0,0,0,0,0,0,0,1,894,ITH,ITH4,6,Friuli-Venezia Giulia,Friuli Venezia Giulia,1215220,395098,32.51,0.07
1429,2021-04-12,FVG,7261,3185,4076,283,183,230,22,97,1740,2086,2595,4,21,6130,1131,ITH,ITH4,6,Friuli-Venezia Giulia,Friuli Venezia Giulia,1215220,402359,33.11,0.6
1430,2021-03-21,FVG,2601,937,1664,6,9,88,1120,0,0,1333,3,27,15,2193,408,ITH,ITH4,6,Friuli-Venezia Giulia,Friuli Venezia Giulia,1215220,404960,33.32,0.21
1431,2021-04-11,FVG,3436,1521,1915,233,100,7,27,13,535,1225,1270,7,19,2530,906,ITH,ITH4,6,Friuli-Venezia Giulia,Friuli Venezia Giulia,1215220,408396,33.61,0.28
1432,2021-03-18,FVG,3375,1423,1952,60,23,168,4,1,1,2865,253,0,0,1693,1682,ITH,ITH4,6,Friuli-Venezia Giulia,Friuli Venezia Giulia,1215220,411771,33.88,0.28
1433,2021-03-05,FVG,3742,1481,2261,1050,654,77,146,0,8,1733,26,46,2,2669,1073,ITH,ITH4,6,Friuli-Venezia Giulia,Friuli Venezia Giulia,1215220,415513,34.19,0.31
1434,2021-01-23,FVG,816,324,492,768,48,0,0,0,0,0,0,0,0,4,812,ITH,ITH4,6,Friuli-Venezia Giulia,Friuli Venezia Giulia,1215220,416329,34.26,0.07
1435,2021-04-14,FVG,7222,3118,4104,338,224,96,3,281,1560,2158,2552,2,8,5505,1717,ITH,ITH4,6,Friuli-Venezia Giulia,Friuli Venezia Giulia,1215220,423551,34.85,0.59
1436,2021-02-16,FVG,2516,1135,1381,260,244,221,0,0,3,1760,28,0,0,2400,116,ITH,ITH4,6,Friuli-Venezia Giulia,Friuli Venezia Giulia,1215220,426067,35.06,0.21
1437,2021-03-20,FVG,3348,1353,1995,415,279,10,66,2,1,2383,13,179,0,1253,2095,ITH,ITH4,6,Friuli-Venezia Giulia,Friuli Venezia Giulia,1215220,429415,35.34,0.28
1438,2021-02-17,FVG,2352,998,1354,329,178,230,0,0,0,1555,14,46,0,1873,479,ITH,ITH4,6,Friuli-Venezia Giulia,Friuli Venezia Giulia,1215220,431767,35.53,0.19
1439,2021-04-09,FVG,7709,3503,4206,299,172,82,23,56,1281,2623,3165,0,8,6484,1225,ITH,ITH4,6,Friuli-Venezia Giulia,Friuli Venezia Giulia,1215220,439476,36.16,0.63
1440,2021-03-07,FVG,2537,926,1611,1,5,153,1782,0,0,143,0,453,0,2536,1,ITH,ITH4,6,Friuli-Venezia Giulia,Friuli Venezia Giulia,1215220,442013,36.37,0.21
1441,2021-03-02,FVG,4220,1518,2702,1163,659,203,634,0,1,1538,17,5,0,2717,1503,ITH,ITH4,6,Friuli-Venezia Giulia,Friuli Venezia Giulia,1215220,446233,36.72,0.35
1442,2021-02-11,FVG,1935,665,1270,1134,566,230,0,0,1,3,0,1,0,1742,193,ITH,ITH4,6,Friuli-Venezia Giulia,Friuli Venezia Giulia,1215220,448168,36.88,0.16
1443,2021-02-24,FVG,2518,1082,1436,23,5,312,297,1,0,1835,15,0,30,2500,18,ITH,ITH4,6,Friuli-Venezia Giulia,Friuli Venezia Giulia,1215220,450686,37.09,0.21
1444,2021-03-16,FVG,3156,1288,1868,330,256,245,1,0,3,2204,117,0,0,1076,2080,ITH,ITH4,6,Friuli-Venezia Giulia,Friuli Venezia Giulia,1215220,453842,37.35,0.26
1445,2021-02-09,FVG,1848,556,1292,1053,509,286,0,0,0,0,0,0,0,1559,289,ITH,ITH4,6,Friuli-Venezia Giulia,Friuli Venezia Giulia,1215220,455690,37.5,0.15
1446,2021-03-25,FVG,5313,2261,3052,55,57,303,835,3,956,2059,980,63,2,3178,2135,ITH,ITH4,6,Friuli-Venezia Giulia,Friuli Venezia Giulia,1215220,461003,37.94,0.44
1447,2021-02-15,FVG,2454,909,1545,700,390,316,0,0,4,1034,10,0,0,2204,250,ITH,ITH4,6,Friuli-Venezia Giulia,Friuli Venezia Giulia,1215220,463457,38.14,0.2
1448,2021-01-09,FVG,2518,841,1677,1519,406,593,0,0,0,0,0,0,0,2518,0,ITH,ITH4,6,Friuli-Venezia Giulia,Friuli Venezia Giulia,1215220,465975,38.34,0.21
1449,2021-03-13,FVG,2935,1119,1816,12,4,86,723,1,2,2058,9,40,0,1662,1273,ITH,ITH4,6,Friuli-Venezia Giulia,Friuli Venezia Giulia,1215220,468910,38.59,0.24
1450,2021-01-20,FVG,752,323,429,720,32,0,0,0,0,0,0,0,0,13,739,ITH,ITH4,6,Friuli-Venezia Giulia,Friuli Venezia Giulia,1215220,469662,38.65,0.06
1451,2021-01-05,FVG,1680,551,1129,1350,133,197,0,0,0,0,0,0,0,1680,0,ITH,ITH4,6,Friuli-Venezia Giulia,Friuli Venezia Giulia,1215220,471342,38.79,0.14
1452,2021-02-04,FVG,2731,807,1924,1723,543,465,0,0,0,0,0,0,0,36,2695,ITH,ITH4,6,Friuli-Venezia Giulia,Friuli Venezia Giulia,1215220,474073,39.01,0.22
1453,2021-04-06,FVG,6284,2774,3510,256,205,132,29,5,1099,2696,1839,19,4,5132,1152,ITH,ITH4,6,Friuli-Venezia Giulia,Friuli Venezia Giulia,1215220,480357,39.53,0.52
1454,2021-04-25,FVG,2360,988,1372,331,50,0,1,733,478,66,684,0,17,2349,11,ITH,ITH4,6,Friuli-Venezia Giulia,Friuli Venezia Giulia,1215220,482717,39.72,0.19
1455,2021-01-16,FVG,1231,360,871,771,212,248,0,0,0,0,0,0,0,1231,0,ITH,ITH4,6,Friuli-Venezia Giulia,Friuli Venezia Giulia,1215220,483948,39.82,0.1
1456,2021-04-01,FVG,6327,3000,3327,172,118,208,94,2,1171,2058,2436,57,11,5312,1015,ITH,ITH4,6,Friuli-Venezia Giulia,Friuli Venezia Giulia,1215220,490275,40.34,0.52
1457,2021-04-20,FVG,7104,3057,4047,499,313,38,8,429,1150,2362,2298,1,6,3199,3905,ITH,ITH4,6,Friuli-Venezia Giulia,Friuli Venezia Giulia,1215220,497379,40.93,0.58
1458,2021-01-06,FVG,710,264,446,515,195,0,0,0,0,0,0,0,0,710,0,ITH,ITH4,6,Friuli-Venezia Giulia,Friuli Venezia Giulia,1215220,498089,40.99,0.06
1459,2021-03-11,FVG,3351,1413,1938,263,114,290,504,1,2,2014,35,126,2,1602,1749,ITH,ITH4,6,Friuli-Venezia Giulia,Friuli Venezia Giulia,1215220,501440,41.26,0.28
1460,2021-01-28,FVG,2237,793,1444,1756,287,194,0,0,0,0,0,0,0,354,1883,ITH,ITH4,6,Friuli-Venezia Giulia,Friuli Venezia Giulia,1215220,503677,41.45,0.18
1461,2021-05-09,FVG,7233,3237,3996,302,99,0,9,1006,457,629,4701,9,21,3386,3847,ITH,ITH4,6,Friuli-Venezia Giulia,Friuli Venezia Giulia,1215220,510910,42.04,0.6
1462,2021-05-02,FVG,6780,3190,3590,262,104,1,6,442,441,1133,4349,2,40,3882,2898,ITH,ITH4,6,Friuli-Venezia Giulia,Friuli Venezia Giulia,1215220,517690,42.6,0.56
1463,2021-01-11,FVG,1884,609,1275,1502,336,46,0,0,0,0,0,0,0,1884,0,ITH,ITH4,6,Friuli-Venezia Giulia,Friuli Venezia Giulia,1215220,519574,42.76,0.16
1464,2021-01-15,FVG,2028,606,1422,1283,370,375,0,0,0,0,0,0,0,2028,0,ITH,ITH4,6,Friuli-Venezia Giulia,Friuli Venezia Giulia,1215220,521602,42.92,0.17
1465,2021-03-03,TOS,18190,6508,11682,3324,1083,135,3446,2,0,9186,2,1002,10,14584,3606,ITI,ITI1,9,Toscana,Toscana,3729641,18190,0.49,0.49
1466,2021-01-04,TOS,5065,1894,3171,4100,29,933,0,0,0,0,0,0,3,5065,0,ITI,ITI1,9,Toscana,Toscana,3729641,23255,0.62,0.14
1467,2021-03-11,TOS,15488,5990,9498,2440,907,270,12,0,7,10325,1293,217,17,12168,3320,ITI,ITI1,9,Toscana,Toscana,3729641,38743,1.04,0.42
1468,2021-02-20,TOS,4641,1790,2851,3350,1038,203,18,0,0,17,0,15,0,4128,513,ITI,ITI1,9,Toscana,Toscana,3729641,43384,1.16,0.12
1469,2021-04-25,TOS,11040,5243,5797,242,101,61,15,32,6266,389,3923,5,6,8903,2137,ITI,ITI1,9,Toscana,Toscana,3729641,54424,1.46,0.3
1470,2021-02-13,TOS,7785,2360,5425,3667,574,163,5,0,2,0,0,186,3188,7558,227,ITI,ITI1,9,Toscana,Toscana,3729641,62209,1.67,0.21
1471,2021-01-19,TOS,1104,531,573,392,220,491,0,0,0,0,0,0,1,1104,0,ITI,ITI1,9,Toscana,Toscana,3729641,63313,1.7,0.03
1472,2021-03-18,TOS,9967,3980,5987,438,562,280,3,2,3,7795,871,7,6,6005,3962,ITI,ITI1,9,Toscana,Toscana,3729641,73280,1.96,0.27
1473,2021-04-05,TOS,15279,6823,8456,27,52,0,35,12,13541,257,1328,4,23,14542,737,ITI,ITI1,9,Toscana,Toscana,3729641,88559,2.37,0.41
1474,2021-04-23,TOS,25599,11397,14202,349,245,153,6,167,484,16480,7553,13,149,9305,16294,ITI,ITI1,9,Toscana,Toscana,3729641,114158,3.06,0.69
1475,2021-02-01,TOS,5509,1958,3551,4486,403,616,0,0,0,0,0,0,4,521,4988,ITI,ITI1,9,Toscana,Toscana,3729641,119667,3.21,0.15
1476,2021-02-25,TOS,10632,4304,6328,1078,1634,259,3199,0,1,3232,5,1220,4,9634,998,ITI,ITI1,9,Toscana,Toscana,3729641,130299,3.49,0.29
1477,2021-01-03,TOS,3335,1051,2284,2564,9,762,0,0,0,0,0,0,0,3335,0,ITI,ITI1,9,Toscana,Toscana,3729641,133634,3.58,0.09
1478,2021-02-06,TOS,4527,1550,2977,3725,574,227,0,0,0,0,0,0,1,1294,3233,ITI,ITI1,9,Toscana,Toscana,3729641,138161,3.7,0.12
1479,2021-01-22,TOS,2866,1064,1802,2026,81,758,0,0,0,0,1,0,0,528,2338,ITI,ITI1,9,Toscana,Toscana,3729641,141027,3.78,0.08
1480,2021-02-12,TOS,7606,2683,4923,3742,380,188,0,0,1,3,0,402,2890,7393,213,ITI,ITI1,9,Toscana,Toscana,3729641,148633,3.99,0.2
1481,2021-04-17,TOS,20498,9191,11307,601,389,83,1,22,7391,5927,6054,8,22,18376,2122,ITI,ITI1,9,Toscana,Toscana,3729641,169131,4.53,0.55
1482,2021-03-08,TOS,6368,2629,3739,4062,747,191,8,0,0,66,965,327,2,1550,4818,ITI,ITI1,9,Toscana,Toscana,3729641,175499,4.71,0.17
1483,2021-05-07,TOS,31801,14559,17242,507,355,103,2806,2906,2089,9102,12995,523,415,11906,19895,ITI,ITI1,9,Toscana,Toscana,3729641,207300,5.56,0.85
1484,2021-04-13,TOS,8489,3506,4983,251,462,265,5,35,54,5548,1827,30,12,6032,2457,ITI,ITI1,9,Toscana,Toscana,3729641,215789,5.79,0.23
1485,2021-04-22,TOS,35668,15278,20390,317,500,139,6,123,7342,20435,6668,15,123,18242,17426,ITI,ITI1,9,Toscana,Toscana,3729641,251457,6.74,0.96
1486,2021-02-26,TOS,10075,3832,6243,1556,1653,298,3562,0,0,1816,2,1188,0,8869,1206,ITI,ITI1,9,Toscana,Toscana,3729641,261532,7.01,0.27
1487,2021-05-02,TOS,11156,4921,6235,38,21,2,2,56,6822,1724,2453,12,26,9199,1957,ITI,ITI1,9,Toscana,Toscana,3729641,272688,7.31,0.3
1488,2021-02-03,TOS,4221,1452,2769,3475,239,505,0,0,0,1,0,0,1,241,3980,ITI,ITI1,9,Toscana,Toscana,3729641,276909,7.42,0.11
1489,2021-04-16,TOS,28913,12870,16043,523,523,92,2,67,6607,15192,5833,22,52,22020,6893,ITI,ITI1,9,Toscana,Toscana,3729641,305822,8.2,0.78
1490,2021-03-22,TOS,4881,2443,2438,221,367,380,314,27,2418,474,466,139,75,4438,443,ITI,ITI1,9,Toscana,Toscana,3729641,310703,8.33,0.13
1491,2021-01-23,TOS,3949,1354,2595,2936,170,841,0,0,0,0,0,0,2,640,3309,ITI,ITI1,9,Toscana,Toscana,3729641,314652,8.44,0.11
1492,2021-04-08,TOS,29640,12527,17113,264,319,206,5,62,1784,23690,3234,17,59,23266,6374,ITI,ITI1,9,Toscana,Toscana,3729641,344292,9.23,0.79
1493,2021-01-24,TOS,3349,1073,2276,2602,35,709,0,0,0,1,0,0,2,201,3148,ITI,ITI1,9,Toscana,Toscana,3729641,347641,9.32,0.09
1494,2021-03-25,TOS,23598,10121,13477,225,313,406,711,46,2777,16114,2662,268,76,15275,8323,ITI,ITI1,9,Toscana,Toscana,3729641,371239,9.95,0.63
1495,2021-03-30,TOS,16853,7491,9362,212,168,250,113,13,4545,8533,2736,219,64,13290,3563,ITI,ITI1,9,Toscana,Toscana,3729641,388092,10.41,0.45
1496,2021-03-02,TOS,10600,3799,6801,3171,986,154,3512,0,0,1851,0,922,4,7156,3444,ITI,ITI1,9,Toscana,Toscana,3729641,398692,10.69,0.28
1497,2021-01-14,TOS,3254,1179,2075,2459,475,320,0,0,0,0,0,0,0,3254,0,ITI,ITI1,9,Toscana,Toscana,3729641,401946,10.78,0.09
1498,2021-05-06,TOS,31052,13504,17548,309,510,40,1715,338,3860,12445,11333,116,386,14084,16968,ITI,ITI1,9,Toscana,Toscana,3729641,432998,11.61,0.83
1499,2021-04-19,TOS,9085,4500,4585,637,245,74,7,24,378,509,7206,2,3,8058,1027,ITI,ITI1,9,Toscana,Toscana,3729641,442083,11.85,0.24
1500,2021-03-19,TOS,10136,4456,5680,641,442,303,35,21,2644,5285,712,13,40,7271,2865,ITI,ITI1,9,Toscana,Toscana,3729641,452219,12.13,0.27
1501,2021-03-04,TOS,17609,6746,10863,2816,953,274,3695,2,8,8237,597,1023,4,14527,3082,ITI,ITI1,9,Toscana,Toscana,3729641,469828,12.6,0.47
1502,2021-02-15,TOS,8770,3375,5395,4538,922,216,1138,0,0,56,0,801,1099,7945,825,ITI,ITI1,9,Toscana,Toscana,3729641,478598,12.83,0.24
1503,2021-01-17,TOS,2535,871,1664,2002,293,240,0,0,0,0,0,0,0,2022,513,ITI,ITI1,9,Toscana,Toscana,3729641,481133,12.9,0.07
1504,2021-04-26,TOS,10120,4926,5194,117,272,72,4,47,4251,207,5102,7,41,7579,2541,ITI,ITI1,9,Toscana,Toscana,3729641,491253,13.17,0.27
1505,2021-04-14,TOS,20112,8310,11802,399,406,122,1,34,146,16664,2289,10,41,15021,5091,ITI,ITI1,9,Toscana,Toscana,3729641,511365,13.71,0.54
1506,2021-04-29,TOS,39318,17703,21615,304,330,150,14,97,13130,19440,5735,19,99,19216,20102,ITI,ITI1,9,Toscana,Toscana,3729641,550683,14.77,1.05
1507,2021-03-28,TOS,6199,2801,3398,37,26,145,89,22,2402,893,2545,22,18,5945,254,ITI,ITI1,9,Toscana,Toscana,3729641,556882,14.93,0.17
1508,2021-04-02,TOS,31920,13517,18403,298,65,370,6,15,8605,19838,2556,117,50,23901,8019,ITI,ITI1,9,Toscana,Toscana,3729641,588802,15.79,0.86
1509,2021-04-03,TOS,15009,6643,8366,101,64,99,13,16,6585,4914,3181,10,26,13883,1126,ITI,ITI1,9,Toscana,Toscana,3729641,603811,16.19,0.4
1510,2021-02-18,TOS,8817,3285,5532,2924,1447,230,3142,0,0,214,0,860,0,7923,894,ITI,ITI1,9,Toscana,Toscana,3729641,612628,16.43,0.24
1511,2021-03-15,TOS,8356,3331,5025,3214,1609,404,2281,0,2,36,325,482,3,3914,4442,ITI,ITI1,9,Toscana,Toscana,3729641,620984,16.65,0.22
1512,2021-05-10,TOS,25944,12276,13668,486,264,32,2026,7608,3695,590,10101,926,216,15450,10494,ITI,ITI1,9,Toscana,Toscana,3729641,646928,17.35,0.7
1513,2021-01-15,TOS,3878,1347,2531,2758,674,444,0,0,0,0,0,0,2,3878,0,ITI,ITI1,9,Toscana,Toscana,3729641,650806,17.45,0.1
1514,2021-05-04,TOS,18218,8177,10041,370,424,60,11,127,3757,3842,9419,89,119,12820,5398,ITI,ITI1,9,Toscana,Toscana,3729641,669024,17.94,0.49
1515,2021-03-27,TOS,8844,4138,4706,115,71,243,198,17,3197,2074,2841,57,31,8629,215,ITI,ITI1,9,Toscana,Toscana,3729641,677868,18.18,0.24
1516,2021-01-21,TOS,1589,686,903,579,220,790,0,0,0,0,0,0,0,867,722,ITI,ITI1,9,Toscana,Toscana,3729641,679457,18.22,0.04
1517,2021-04-09,TOS,24513,10536,13977,242,121,220,3,42,94,20299,3437,17,38,21109,3404,ITI,ITI1,9,Toscana,Toscana,3729641,703970,18.88,0.66
1518,2021-03-20,TOS,6489,2882,3607,914,563,165,34,4,3576,773,423,27,10,5354,1135,ITI,ITI1,9,Toscana,Toscana,3729641,710459,19.05,0.17
1519,2021-02-17,TOS,8173,3168,5005,3464,1122,249,2485,0,0,218,0,635,0,7422,751,ITI,ITI1,9,Toscana,Toscana,3729641,718632,19.27,0.22
1520,2021-02-23,TOS,7720,3324,4396,1490,1512,204,2831,0,0,510,1,1170,2,7559,161,ITI,ITI1,9,Toscana,Toscana,3729641,726352,19.48,0.21
1521,2021-02-24,TOS,10371,4466,5905,81,1513,301,2947,0,0,4141,0,1383,5,10170,201,ITI,ITI1,9,Toscana,Toscana,3729641,736723,19.75,0.28
1522,2021-01-13,TOS,4062,1398,2664,3308,348,404,0,0,0,0,0,0,2,4062,0,ITI,ITI1,9,Toscana,Toscana,3729641,740785,19.86,0.11
1523,2021-03-07,TOS,5647,2356,3291,3103,642,123,774,0,0,15,417,573,0,2105,3542,ITI,ITI1,9,Toscana,Toscana,3729641,746432,20.01,0.15
1524,2021-02-16,TOS,9279,3339,5940,5084,952,188,2324,0,0,10,0,720,1,8558,721,ITI,ITI1,9,Toscana,Toscana,3729641,755711,20.26,0.25
1525,2021-04-04,TOS,13910,6601,7309,17,20,1,52,14,12885,173,723,5,20,13657,253,ITI,ITI1,9,Toscana,Toscana,3729641,769621,20.64,0.37
1526,2021-03-01,TOS,4472,1733,2739,3192,597,137,25,0,0,9,1,509,2,832,3640,ITI,ITI1,9,Toscana,Toscana,3729641,774093,20.76,0.12
1527,2021-04-18,TOS,8324,4079,4245,427,217,68,2,25,678,1412,5464,4,27,7328,996,ITI,ITI1,9,Toscana,Toscana,3729641,782417,20.98,0.22
1528,2021-01-07,TOS,6018,1751,4267,5308,29,680,0,0,0,0,0,0,1,6018,0,ITI,ITI1,9,Toscana,Toscana,3729641,788435,21.14,0.16
1529,2021-03-31,TOS,32565,13126,19439,279,111,277,3699,64,2643,23406,1481,451,154,20410,12155,ITI,ITI1,9,Toscana,Toscana,3729641,821000,22.01,0.87
1530,2021-01-09,TOS,4485,1596,2889,3780,143,560,0,0,0,1,0,0,1,4485,0,ITI,ITI1,9,Toscana,Toscana,3729641,825485,22.13,0.12
1531,2021-04-24,TOS,13281,6082,7199,128,129,139,4,77,309,6614,5807,2,72,5850,7431,ITI,ITI1,9,Toscana,Toscana,3729641,838766,22.49,0.36
1532,2021-02-28,TOS,1649,667,982,1111,202,78,9,0,0,0,0,249,0,922,727,ITI,ITI1,9,Toscana,Toscana,3729641,840415,22.53,0.04
1533,2021-01-31,TOS,3049,1129,1920,2465,133,448,0,0,0,1,0,0,2,106,2943,ITI,ITI1,9,Toscana,Toscana,3729641,843464,22.62,0.08
1534,2021-04-01,TOS,26884,11097,15787,248,114,304,6,5,30,24562,1402,159,54,16284,10600,ITI,ITI1,9,Toscana,Toscana,3729641,870348,23.34,0.72
1535,2021-02-21,TOS,5105,2089,3016,3666,1220,195,9,0,0,2,0,13,0,4935,170,ITI,ITI1,9,Toscana,Toscana,3729641,875453,23.47,0.14
1536,2021-01-16,TOS,3271,1046,2225,2493,538,240,0,0,0,0,0,0,0,3271,0,ITI,ITI1,9,Toscana,Toscana,3729641,878724,23.56,0.09
1537,2021-02-04,TOS,4253,1594,2659,3168,623,456,0,0,0,5,0,0,1,961,3292,ITI,ITI1,9,Toscana,Toscana,3729641,882977,23.67,0.11
1538,2021-04-06,TOS,22165,9770,12395,806,405,136,1626,124,10038,5663,2913,175,279,18452,3713,ITI,ITI1,9,Toscana,Toscana,3729641,905142,24.27,0.59
1539,2021-03-26,TOS,20388,9150,11238,251,327,214,333,28,3493,11888,3664,145,45,14637,5751,ITI,ITI1,9,Toscana,Toscana,3729641,925530,24.82,0.55
1540,2021-01-28,TOS,6282,1883,4399,5427,64,788,0,0,0,1,0,0,2,354,5928,ITI,ITI1,9,Toscana,Toscana,3729641,931812,24.98,0.17
1541,2021-01-10,TOS,3001,1104,1897,2432,134,431,0,1,0,0,0,0,3,3001,0,ITI,ITI1,9,Toscana,Toscana,3729641,934813,25.06,0.08
1542,2021-01-20,TOS,1331,637,694,435,255,640,0,0,0,0,0,0,1,1083,248,ITI,ITI1,9,Toscana,Toscana,3729641,936144,25.1,0.04
1543,2021-04-07,TOS,35619,15289,20330,310,595,98,20,57,11343,19885,3104,81,126,28385,7234,ITI,ITI1,9,Toscana,Toscana,3729641,971763,26.06,0.96
1544,2021-01-11,TOS,5094,1691,3403,4362,209,522,0,0,0,0,0,0,1,5094,0,ITI,ITI1,9,Toscana,Toscana,3729641,976857,26.19,0.14
1545,2021-04-12,TOS,2609,1181,1428,168,440,225,6,4,13,381,1365,4,3,1955,654,ITI,ITI1,9,Toscana,Toscana,3729641,979466,26.26,0.07
1546,2021-01-25,TOS,5126,1896,3230,4160,54,909,0,0,0,1,0,0,2,249,4877,ITI,ITI1,9,Toscana,Toscana,3729641,984592,26.4,0.14
1547,2021-04-11,TOS,3639,1677,1962,62,87,99,4,7,67,1671,1638,0,4,3484,155,ITI,ITI1,9,Toscana,Toscana,3729641,988231,26.5,0.1
1548,2021-02-27,TOS,1974,748,1226,1352,311,132,19,0,0,1,0,158,1,1072,902,ITI,ITI1,9,Toscana,Toscana,3729641,990205,26.55,0.05
1549,2021-05-05,TOS,29826,13294,16532,317,513,196,8,367,3726,11820,12585,18,276,15603,14223,ITI,ITI1,9,Toscana,Toscana,3729641,1020031,27.35,0.8
1550,2021-03-09,TOS,10623,4113,6510,4806,907,180,11,2,3,3302,1163,246,3,5071,5552,ITI,ITI1,9,Toscana,Toscana,3729641,1030654,27.63,0.28
1551,2021-01-02,TOS,3497,1096,2401,2681,15,801,0,0,0,0,0,0,0,3497,0,ITI,ITI1,9,Toscana,Toscana,3729641,1034151,27.73,0.09
1552,2021-05-03,TOS,11894,5490,6404,159,96,43,3,141,3856,686,6840,14,56,10600,1294,ITI,ITI1,9,Toscana,Toscana,3729641,1046045,28.05,0.32
1553,2021-03-24,TOS,19653,7971,11682,222,385,195,773,51,2845,13976,872,255,79,10199,9454,ITI,ITI1,9,Toscana,Toscana,3729641,1065698,28.57,0.53
1554,2021-05-01,TOS,23281,10046,13235,75,169,124,2,113,10226,7498,5025,8,41,14117,9164,ITI,ITI1,9,Toscana,Toscana,3729641,1088979,29.2,0.62
1555,2021-05-12,TOS,31165,14308,16857,584,460,30,2189,6846,8593,4242,6887,864,470,13337,17828,ITI,ITI1,9,Toscana,Toscana,3729641,1120144,30.03,0.84
1556,2021-03-23,TOS,9088,4099,4989,310,313,351,338,52,2819,4030,659,148,68,6816,2272,ITI,ITI1,9,Toscana,Toscana,3729641,1129232,30.28,0.24
1557,2021-02-02,TOS,3742,1475,2267,3021,283,422,0,0,0,6,0,6,4,195,3547,ITI,ITI1,9,Toscana,Toscana,3729641,1132974,30.38,0.1
1558,2021-02-11,TOS,5381,2021,3360,2809,284,323,14,0,0,12,0,10,1929,5139,242,ITI,ITI1,9,Toscana,Toscana,3729641,1138355,30.52,0.14
1559,2021-02-05,TOS,5749,2245,3504,4122,1180,442,0,0,0,1,0,0,4,1924,3825,ITI,ITI1,9,Toscana,Toscana,3729641,1144104,30.68,0.15
1560,2021-04-10,TOS,11722,5349,6373,290,195,117,3,26,79,8131,2853,10,18,10976,746,ITI,ITI1,9,Toscana,Toscana,3729641,1155826,30.99,0.31
1561,2021-03-13,TOS,9274,3300,5974,2835,1697,68,3740,0,2,178,384,369,1,5312,3962,ITI,ITI1,9,Toscana,Toscana,3729641,1165100,31.24,0.25
1562,2021-01-18,TOS,1119,636,483,430,313,375,0,0,0,0,0,0,1,1021,98,ITI,ITI1,9,Toscana,Toscana,3729641,1166219,31.27,0.03
1563,2021-02-10,TOS,4263,1281,2982,3535,239,485,0,1,1,1,0,1,0,3740,523,ITI,ITI1,9,Toscana,Toscana,3729641,1170482,31.38,0.11
1564,2021-01-27,TOS,4834,1572,3262,4018,73,742,0,0,0,0,0,0,1,207,4627,ITI,ITI1,9,Toscana,Toscana,3729641,1175316,31.51,0.13
1565,2021-05-08,TOS,28871,12976,15895,455,374,23,2942,5006,1288,4318,14030,189,246,13600,15271,ITI,ITI1,9,Toscana,Toscana,3729641,1204187,32.29,0.77
1566,2021-02-22,TOS,9818,4254,5564,3483,2235,316,2703,0,0,22,0,1058,1,9541,277,ITI,ITI1,9,Toscana,Toscana,3729641,1214005,32.55,0.26
1567,2021-03-29,TOS,9377,4579,4798,227,140,244,200,15,4855,774,2709,197,16,9053,324,ITI,ITI1,9,Toscana,Toscana,3729641,1223382,32.8,0.25
1568,2021-01-08,TOS,5945,1642,4303,5361,36,545,0,0,0,0,0,0,3,5945,0,ITI,ITI1,9,Toscana,Toscana,3729641,1229327,32.96,0.16
1569,2021-02-07,TOS,2806,953,1853,2349,299,157,0,0,0,0,0,0,1,885,1921,ITI,ITI1,9,Toscana,Toscana,3729641,1232133,33.04,0.08
1570,2021-01-12,TOS,3581,1398,2183,2944,282,354,0,0,0,0,0,0,1,3581,0,ITI,ITI1,9,Toscana,Toscana,3729641,1235714,33.13,0.1
1571,2021-04-15,TOS,24353,10175,14178,359,300,174,6,37,150,20284,2983,11,49,15834,8519,ITI,ITI1,9,Toscana,Toscana,3729641,1260067,33.79,0.65
1572,2021-01-06,TOS,4519,1459,3060,3984,9,525,0,0,0,0,0,0,1,4519,0,ITI,ITI1,9,Toscana,Toscana,3729641,1264586,33.91,0.12
1573,2021-01-01,TOS,2369,787,1582,1715,2,650,0,0,0,2,0,0,0,2369,0,ITI,ITI1,9,Toscana,Toscana,3729641,1266955,33.97,0.06
1574,2021-03-05,TOS,16493,6337,10156,3922,1685,170,3871,0,2,5298,656,885,4,11752,4741,ITI,ITI1,9,Toscana,Toscana,3729641,1283448,34.41,0.44
1575,2021-01-05,TOS,5249,1755,3494,4354,15,878,0,0,0,0,0,0,2,5249,0,ITI,ITI1,9,Toscana,Toscana,3729641,1288697,34.55,0.14
1576,2021-02-08,TOS,4097,1360,2737,3373,343,377,0,0,0,2,0,0,2,3638,459,ITI,ITI1,9,Toscana,Toscana,3729641,1292794,34.66,0.11
1577,2021-01-30,TOS,4622,1622,3000,3765,218,638,0,0,0,0,0,0,1,198,4424,ITI,ITI1,9,Toscana,Toscana,3729641,1297416,34.79,0.12
1578,2021-04-20,TOS,18133,8100,10033,225,295,70,3,37,7071,6507,3901,3,21,12577,5556,ITI,ITI1,9,Toscana,Toscana,3729641,1315549,35.27,0.49
1579,2021-01-29,TOS,6136,1698,4438,5375,138,622,0,0,0,0,0,0,1,302,5834,ITI,ITI1,9,Toscana,Toscana,3729641,1321685,35.44,0.16
1580,2021-03-12,TOS,16513,6218,10295,2612,1587,303,3922,3,4,7037,303,728,14,12985,3528,ITI,ITI1,9,Toscana,Toscana,3729641,1338198,35.88,0.44
1581,2021-03-21,TOS,3232,1574,1658,660,796,77,12,0,1245,274,160,6,2,1799,1433,ITI,ITI1,9,Toscana,Toscana,3729641,1341430,35.97,0.09
1582,2021-05-09,TOS,22441,9724,12717,400,226,7,4905,3303,1510,1085,10636,255,114,9614,12827,ITI,ITI1,9,Toscana,Toscana,3729641,1363871,36.57,0.6
1583,2021-04-28,TOS,19076,8173,10903,413,362,19,6,57,160,14017,3925,30,87,3814,15262,ITI,ITI1,9,Toscana,Toscana,3729641,1382947,37.08,0.51
1584,2021-03-10,TOS,18012,7073,10939,3006,851,271,14,3,3,12283,1317,253,11,13995,4017,ITI,ITI1,9,Toscana,Toscana,3729641,1400959,37.56,0.48
1585,2021-02-19,TOS,8286,2947,5339,2967,1207,245,3105,0,0,154,1,605,2,7779,507,ITI,ITI1,9,Toscana,Toscana,3729641,1409245,37.79,0.22
1586,2021-05-11,TOS,27674,12881,14793,406,682,59,2079,5830,9246,1673,6667,885,147,12416,15258,ITI,ITI1,9,Toscana,Toscana,3729641,1436919,38.53,0.74
1587,2020-12-27,TOS,620,267,353,460,10,13,0,23,4,5,0,0,105,620,0,ITI,ITI1,9,Toscana,Toscana,3729641,1437539,38.54,0.02
1588,2020-12-30,TOS,327,104,223,34,10,283,0,0,0,0,0,0,0,327,0,ITI,ITI1,9,Toscana,Toscana,3729641,1437866,38.55,0.01
1589,2021-03-16,TOS,4898,1880,3018,1551,427,124,16,1,5,2115,643,13,3,2655,2243,ITI,ITI1,9,Toscana,Toscana,3729641,1442764,38.68,0.13
1590,2021-03-06,TOS,7094,2838,4256,3803,657,145,1145,0,2,30,918,394,0,2903,4191,ITI,ITI1,9,Toscana,Toscana,3729641,1449858,38.87,0.19
1591,2021-04-30,TOS,39858,17608,22250,280,101,163,2,117,13622,18084,7327,47,115,20059,19799,ITI,ITI1,9,Toscana,Toscana,3729641,1489716,39.94,1.07
1592,2021-03-14,TOS,7207,2574,4633,3104,1195,122,2476,0,1,44,26,239,0,3272,3935,ITI,ITI1,9,Toscana,Toscana,3729641,1496923,40.14,0.19
1593,2021-04-21,TOS,29557,12646,16911,297,283,76,2,131,7378,16777,4479,16,118,17480,12077,ITI,ITI1,9,Toscana,Toscana,3729641,1526480,40.93,0.79
1594,2021-04-27,TOS,10336,4905,5431,332,346,39,1,47,347,3957,5210,2,55,3858,6478,ITI,ITI1,9,Toscana,Toscana,3729641,1536816,41.21,0.28
1595,2021-01-26,TOS,5393,1792,3601,4358,81,951,0,0,0,0,0,0,3,220,5173,ITI,ITI1,9,Toscana,Toscana,3729641,1542209,41.35,0.14
1596,2020-12-31,TOS,805,202,603,97,10,698,0,0,0,0,0,0,0,805,0,ITI,ITI1,9,Toscana,Toscana,3729641,1543014,41.37,0.02
1597,2021-02-09,TOS,4488,1468,3020,3582,386,514,0,0,0,4,0,0,2,3877,611,ITI,ITI1,9,Toscana,Toscana,3729641,1547502,41.49,0.12
1598,2021-03-17,TOS,11416,4585,6831,365,327,189,2,5,8,9766,740,2,12,6888,4528,ITI,ITI1,9,Toscana,Toscana,3729641,1558918,41.8,0.31
1599,2021-02-14,TOS,8998,2569,6429,3033,549,81,10,2,1,0,0,261,5061,8888,110,ITI,ITI1,9,Toscana,Toscana,3729641,1567916,42.04,0.24
1600,2021-04-18,SIC,19726,9863,9863,243,84,104,94,5979,1808,2681,8636,15,82,15360,4366,ITG,ITG1,19,Sicilia,Sicilia,4999891,19726,0.39,0.39
1601,2021-04-24,SIC,31335,14797,16538,443,181,393,136,4684,2828,5652,16644,98,276,23595,7740,ITG,ITG1,19,Sicilia,Sicilia,4999891,51061,1.02,0.63
1602,2021-01-31,SIC,4113,1959,2154,2602,835,295,0,61,26,26,0,0,268,114,3999,ITG,ITG1,19,Sicilia,Sicilia,4999891,55174,1.1,0.08
1603,2021-05-09,SIC,28143,13163,14980,392,221,92,592,2600,1365,2025,17627,334,2895,19876,8267,ITG,ITG1,19,Sicilia,Sicilia,4999891,83317,1.67,0.56
1604,2021-02-10,SIC,4434,1819,2615,1975,1154,741,0,59,33,18,0,0,454,4009,425,ITG,ITG1,19,Sicilia,Sicilia,4999891,87751,1.76,0.09
1605,2021-04-21,SIC,22667,10877,11790,549,232,371,121,1668,1612,3738,14096,29,251,16444,6223,ITG,ITG1,19,Sicilia,Sicilia,4999891,110418,2.21,0.45
1606,2021-02-17,SIC,5418,3283,2135,1526,717,885,2,39,8,10,0,1992,239,4748,670,ITG,ITG1,19,Sicilia,Sicilia,4999891,115836,2.32,0.11
1607,2021-03-23,SIC,21064,10076,10988,886,436,441,1645,182,3526,5910,7353,403,282,15410,5654,ITG,ITG1,19,Sicilia,Sicilia,4999891,136900,2.74,0.42
1608,2021-03-14,SIC,8837,3951,4886,571,416,180,678,146,1692,4351,148,67,588,4978,3859,ITG,ITG1,19,Sicilia,Sicilia,4999891,145737,2.91,0.18
1609,2021-04-27,SIC,26335,12691,13644,616,206,373,103,1794,1786,4403,16744,97,213,15560,10775,ITG,ITG1,19,Sicilia,Sicilia,4999891,172072,3.44,0.53
1610,2021-05-08,SIC,35745,17075,18670,524,194,149,452,3201,2002,3046,21975,1064,3138,25433,10312,ITG,ITG1,19,Sicilia,Sicilia,4999891,207817,4.16,0.71
1611,2021-01-10,SIC,3619,1615,2004,2127,552,464,0,42,22,92,0,0,320,3619,0,ITG,ITG1,19,Sicilia,Sicilia,4999891,211436,4.23,0.07
1612,2021-03-15,SIC,10813,4713,6100,1250,494,729,1118,60,1526,4915,132,306,283,5747,5066,ITG,ITG1,19,Sicilia,Sicilia,4999891,222249,4.45,0.22
1613,2021-01-28,SIC,9310,4391,4919,7450,1367,295,0,35,11,4,0,0,148,408,8902,ITG,ITG1,19,Sicilia,Sicilia,4999891,231559,4.63,0.19
1614,2021-02-14,SIC,1058,403,655,433,301,236,0,9,3,4,0,0,72,918,140,ITG,ITG1,19,Sicilia,Sicilia,4999891,232617,4.65,0.02
1615,2021-03-16,SIC,10177,4467,5710,1665,549,852,218,60,128,5733,621,75,276,4025,6152,ITG,ITG1,19,Sicilia,Sicilia,4999891,242794,4.86,0.2
1616,2021-04-20,SIC,19280,9081,10199,474,275,456,58,1468,1428,3595,11383,22,121,13939,5341,ITG,ITG1,19,Sicilia,Sicilia,4999891,262074,5.24,0.39
1617,2021-04-28,SIC,29295,13750,15545,650,228,418,96,2462,2173,4476,18266,170,356,20224,9071,ITG,ITG1,19,Sicilia,Sicilia,4999891,291369,5.83,0.59
1618,2021-05-05,SIC,26289,12170,14119,676,327,328,89,2428,1871,3431,15879,458,802,16701,9588,ITG,ITG1,19,Sicilia,Sicilia,4999891,317658,6.35,0.53
1619,2021-01-02,SIC,4877,2537,2340,4316,144,0,0,87,7,2,0,0,321,4877,0,ITG,ITG1,19,Sicilia,Sicilia,4999891,322535,6.45,0.1
1620,2021-05-03,SIC,23610,10880,12730,613,268,284,88,1701,1785,3100,15467,128,176,13707,9903,ITG,ITG1,19,Sicilia,Sicilia,4999891,346145,6.92,0.47
1621,2021-05-01,SIC,24435,11316,13119,439,163,146,105,2722,2076,2534,15983,78,189,19241,5194,ITG,ITG1,19,Sicilia,Sicilia,4999891,370580,7.41,0.49
1622,2021-02-02,SIC,5544,2624,2920,3157,1563,429,0,50,7,21,1,0,316,634,4910,ITG,ITG1,19,Sicilia,Sicilia,4999891,376124,7.52,0.11
1623,2020-12-28,SIC,207,124,83,205,2,0,0,0,0,0,0,0,0,207,0,ITG,ITG1,19,Sicilia,Sicilia,4999891,376331,7.53,0.0
1624,2021-01-15,SIC,5083,2233,2850,2827,1046,479,0,67,19,2,0,0,643,5083,0,ITG,ITG1,19,Sicilia,Sicilia,4999891,381414,7.63,0.1
1625,2021-03-11,SIC,15506,6547,8959,1611,1276,1026,3325,200,2112,4052,158,993,753,12932,2574,ITG,ITG1,19,Sicilia,Sicilia,4999891,396920,7.94,0.31
1626,2021-01-11,SIC,5906,2592,3314,3923,1015,382,0,83,17,89,0,0,397,5906,0,ITG,ITG1,19,Sicilia,Sicilia,4999891,402826,8.06,0.12
1627,2021-03-24,SIC,21119,9900,11219,954,478,610,1461,343,3215,5943,7606,200,309,15282,5837,ITG,ITG1,19,Sicilia,Sicilia,4999891,423945,8.48,0.42
1628,2021-03-07,SIC,9300,3471,5829,968,561,479,3299,88,12,3462,18,227,186,8216,1084,ITG,ITG1,19,Sicilia,Sicilia,4999891,433245,8.67,0.19
1629,2021-03-26,SIC,17995,8362,9633,1072,593,402,1309,225,2829,5597,5602,124,242,12464,5531,ITG,ITG1,19,Sicilia,Sicilia,4999891,451240,9.02,0.36
1630,2021-02-28,SIC,7181,3072,4109,871,410,112,1359,90,7,3359,2,268,703,6551,630,ITG,ITG1,19,Sicilia,Sicilia,4999891,458421,9.17,0.14
1631,2021-04-04,SIC,6832,3330,3502,190,98,120,44,107,852,2464,2851,17,89,5540,1292,ITG,ITG1,19,Sicilia,Sicilia,4999891,465253,9.31,0.14
1632,2021-04-07,SIC,15574,7643,7931,763,380,447,159,211,1631,4466,7156,52,309,8410,7164,ITG,ITG1,19,Sicilia,Sicilia,4999891,480827,9.62,0.31
1633,2021-01-16,SIC,2776,1195,1581,1329,561,298,0,24,15,6,0,0,543,2776,0,ITG,ITG1,19,Sicilia,Sicilia,4999891,483603,9.67,0.06
1634,2021-01-23,SIC,4187,2161,2026,3964,184,16,0,1,2,0,0,0,20,217,3970,ITG,ITG1,19,Sicilia,Sicilia,4999891,487790,9.76,0.08
1635,2021-02-11,SIC,5336,2103,3233,2459,1444,891,0,77,25,7,0,0,433,4869,467,ITG,ITG1,19,Sicilia,Sicilia,4999891,493126,9.86,0.11
1636,2021-05-12,SIC,35778,16850,18928,694,372,451,815,1825,1585,3036,22646,1393,2961,21131,14647,ITG,ITG1,19,Sicilia,Sicilia,4999891,528904,10.58,0.72
1637,2021-04-06,SIC,18235,8741,9494,808,279,609,188,280,1952,5512,8048,105,454,13905,4330,ITG,ITG1,19,Sicilia,Sicilia,4999891,547139,10.94,0.36
1638,2021-02-04,SIC,6971,3200,3771,4431,1465,574,0,49,13,18,0,0,421,1460,5511,ITG,ITG1,19,Sicilia,Sicilia,4999891,554110,11.08,0.14
1639,2021-03-13,SIC,12467,5493,6974,1174,771,513,1768,210,2143,4708,133,203,844,7859,4608,ITG,ITG1,19,Sicilia,Sicilia,4999891,566577,11.33,0.25
1640,2021-02-19,SIC,5179,2763,2416,1488,854,610,239,31,13,83,2,1541,318,4608,571,ITG,ITG1,19,Sicilia,Sicilia,4999891,571756,11.44,0.1
1641,2021-02-15,SIC,3914,1811,2103,1696,1001,645,26,28,10,14,11,281,202,3349,565,ITG,ITG1,19,Sicilia,Sicilia,4999891,575670,11.51,0.08
1642,2021-04-01,SIC,14404,6675,7729,620,217,492,191,127,2239,5110,4862,405,141,9689,4715,ITG,ITG1,19,Sicilia,Sicilia,4999891,590074,11.8,0.29
1643,2021-02-18,SIC,5474,3153,2321,1633,880,835,96,21,8,11,5,1818,167,5046,428,ITG,ITG1,19,Sicilia,Sicilia,4999891,595548,11.91,0.11
1644,2021-02-21,SIC,5179,2509,2670,379,165,174,153,38,6,3920,3,175,166,5071,108,ITG,ITG1,19,Sicilia,Sicilia,4999891,600727,12.01,0.1
1645,2021-05-04,SIC,26805,12460,14345,591,276,348,98,2268,2279,3285,17006,274,380,17629,9176,ITG,ITG1,19,Sicilia,Sicilia,4999891,627532,12.55,0.54
1646,2021-01-18,SIC,1640,660,980,723,189,268,0,22,11,0,0,0,427,1494,146,ITG,ITG1,19,Sicilia,Sicilia,4999891,629172,12.58,0.03
1647,2021-04-03,SIC,16233,7732,8501,437,167,292,198,989,4279,4944,4495,35,397,13397,2836,ITG,ITG1,19,Sicilia,Sicilia,4999891,645405,12.91,0.32
1648,2021-03-27,SIC,15837,7473,8364,652,418,378,742,248,1826,5663,5581,56,273,10916,4921,ITG,ITG1,19,Sicilia,Sicilia,4999891,661242,13.23,0.32
1649,2021-02-12,SIC,4676,1847,2829,2293,1375,604,0,45,17,10,0,0,332,4408,268,ITG,ITG1,19,Sicilia,Sicilia,4999891,665918,13.32,0.09
1650,2021-01-27,SIC,7539,3843,3696,6334,819,152,0,44,11,7,0,0,172,189,7350,ITG,ITG1,19,Sicilia,Sicilia,4999891,673457,13.47,0.15
1651,2021-04-02,SIC,14084,6627,7457,633,224,377,205,131,2133,5235,4906,79,161,9291,4793,ITG,ITG1,19,Sicilia,Sicilia,4999891,687541,13.75,0.28
1652,2021-05-10,SIC,28311,13600,14711,593,277,233,431,1814,1368,2683,17036,1403,2473,16193,12118,ITG,ITG1,19,Sicilia,Sicilia,4999891,715852,14.32,0.57
1653,2021-04-12,SIC,18941,9198,9743,424,150,397,118,1352,1569,3669,11036,27,199,11601,7340,ITG,ITG1,19,Sicilia,Sicilia,4999891,734793,14.7,0.38
1654,2021-03-20,SIC,18944,9094,9850,836,316,434,1221,191,2527,5565,7308,113,433,13554,5390,ITG,ITG1,19,Sicilia,Sicilia,4999891,753737,15.08,0.38
1655,2021-02-13,SIC,3108,1169,1939,1296,921,570,0,36,19,13,0,1,252,2850,258,ITG,ITG1,19,Sicilia,Sicilia,4999891,756845,15.14,0.06
1656,2021-01-25,SIC,7506,3693,3813,6630,574,70,0,21,7,44,0,0,160,315,7191,ITG,ITG1,19,Sicilia,Sicilia,4999891,764351,15.29,0.15
1657,2021-04-11,SIC,15349,7580,7769,220,100,183,97,782,1024,3171,9641,15,116,8320,7029,ITG,ITG1,19,Sicilia,Sicilia,4999891,779700,15.59,0.31
1658,2021-03-09,SIC,13247,5635,7612,1595,1210,713,3699,112,19,4036,218,1138,507,10871,2376,ITG,ITG1,19,Sicilia,Sicilia,4999891,792947,15.86,0.26
1659,2021-02-24,SIC,9602,4871,4731,1424,755,504,923,25,23,4101,1,1618,228,9006,596,ITG,ITG1,19,Sicilia,Sicilia,4999891,802549,16.05,0.19
1660,2021-04-22,SIC,27081,12799,14282,632,169,400,98,3049,2041,4404,16044,36,208,20540,6541,ITG,ITG1,19,Sicilia,Sicilia,4999891,829630,16.59,0.54
1661,2021-02-08,SIC,4086,1759,2327,2346,1028,397,0,37,5,16,0,0,257,2128,1958,ITG,ITG1,19,Sicilia,Sicilia,4999891,833716,16.67,0.08
1662,2021-01-07,SIC,9175,4241,4934,7696,974,210,0,64,8,2,0,0,221,9175,0,ITG,ITG1,19,Sicilia,Sicilia,4999891,842891,16.86,0.18
1663,2021-02-16,SIC,4385,2283,2102,1461,965,805,1,35,9,27,8,877,197,3920,465,ITG,ITG1,19,Sicilia,Sicilia,4999891,847276,16.95,0.09
1664,2021-01-09,SIC,7326,3424,3902,5034,1070,456,0,117,36,41,0,0,572,7326,0,ITG,ITG1,19,Sicilia,Sicilia,4999891,854602,17.09,0.15
1665,2021-03-31,SIC,14680,6777,7903,650,299,539,190,140,2230,5251,5098,108,175,9651,5029,ITG,ITG1,19,Sicilia,Sicilia,4999891,869282,17.39,0.29
1666,2021-05-07,SIC,36627,17297,19330,578,319,295,261,2828,2214,3459,22871,1393,2409,24996,11631,ITG,ITG1,19,Sicilia,Sicilia,4999891,905909,18.12,0.73
1667,2021-03-08,SIC,13533,5821,7712,2010,1116,713,3995,134,24,3926,65,1013,537,10725,2808,ITG,ITG1,19,Sicilia,Sicilia,4999891,919442,18.39,0.27
1668,2021-03-29,SIC,15001,7035,7966,874,350,338,304,129,2529,5040,5156,104,177,10484,4517,ITG,ITG1,19,Sicilia,Sicilia,4999891,934443,18.69,0.3
1669,2021-01-30,SIC,7841,3571,4270,5454,1611,475,0,47,12,4,0,0,238,175,7666,ITG,ITG1,19,Sicilia,Sicilia,4999891,942284,18.85,0.16
1670,2021-01-14,SIC,5260,2519,2741,3053,1281,259,0,106,34,90,0,0,437,5260,0,ITG,ITG1,19,Sicilia,Sicilia,4999891,947544,18.95,0.11
1671,2021-03-21,SIC,15228,7338,7890,489,228,75,958,161,2142,4573,6221,112,269,11253,3975,ITG,ITG1,19,Sicilia,Sicilia,4999891,962772,19.26,0.3
1672,2021-01-13,SIC,5266,2491,2775,3046,1192,461,0,92,28,27,0,1,419,5266,0,ITG,ITG1,19,Sicilia,Sicilia,4999891,968038,19.36,0.11
1673,2021-01-24,SIC,4344,2266,2078,3999,265,3,0,12,6,37,0,0,22,148,4196,ITG,ITG1,19,Sicilia,Sicilia,4999891,972382,19.45,0.09
1674,2021-04-19,SIC,18516,8761,9755,666,416,386,80,909,1252,3490,11158,24,135,12808,5708,ITG,ITG1,19,Sicilia,Sicilia,4999891,990898,19.82,0.37
1675,2021-03-05,SIC,15881,6839,9042,3187,1668,747,4081,94,30,4081,104,1475,414,11560,4321,ITG,ITG1,19,Sicilia,Sicilia,4999891,1006779,20.14,0.32
1676,2021-03-04,SIC,15217,6561,8656,2812,1839,750,3832,117,36,4034,27,1207,563,11012,4205,ITG,ITG1,19,Sicilia,Sicilia,4999891,1021996,20.44,0.3
1677,2021-04-29,SIC,31609,14741,16868,906,288,427,107,2657,2210,4626,19958,150,280,22274,9335,ITG,ITG1,19,Sicilia,Sicilia,4999891,1053605,21.07,0.63
1678,2021-05-06,SIC,28969,13710,15259,628,272,337,138,2464,1918,3628,17762,932,890,18405,10564,ITG,ITG1,19,Sicilia,Sicilia,4999891,1082574,21.65,0.58
1679,2021-02-23,SIC,8952,4690,4262,1268,736,535,582,16,9,4077,2,1486,241,8462,490,ITG,ITG1,19,Sicilia,Sicilia,4999891,1091526,21.83,0.18
1680,2021-04-25,SIC,21350,10179,11171,250,146,177,50,3350,1748,3633,11796,54,146,16373,4977,ITG,ITG1,19,Sicilia,Sicilia,4999891,1112876,22.26,0.43
1681,2021-01-04,SIC,8377,4173,4204,7598,548,6,0,26,8,2,0,0,189,8377,0,ITG,ITG1,19,Sicilia,Sicilia,4999891,1121253,22.43,0.17
1682,2021-03-03,SIC,14723,6548,8175,2409,1522,527,3833,68,15,4374,45,1427,503,11623,3100,ITG,ITG1,19,Sicilia,Sicilia,4999891,1135976,22.72,0.29
1683,2021-04-23,SIC,28867,13833,15034,640,224,389,109,4080,2407,4335,16411,64,208,22921,5946,ITG,ITG1,19,Sicilia,Sicilia,4999891,1164843,23.3,0.58
1684,2021-04-05,SIC,8195,4035,4160,232,72,177,56,116,964,2926,3585,5,62,6754,1441,ITG,ITG1,19,Sicilia,Sicilia,4999891,1173038,23.46,0.16
1685,2021-02-25,SIC,10175,5279,4896,1772,927,527,672,30,7,4058,26,1743,413,8995,1180,ITG,ITG1,19,Sicilia,Sicilia,4999891,1183213,23.66,0.2
1686,2021-02-01,SIC,6075,2683,3392,4165,1237,318,0,47,13,44,0,0,251,303,5772,ITG,ITG1,19,Sicilia,Sicilia,4999891,1189288,23.79,0.12
1687,2021-04-14,SIC,20427,9837,10590,591,184,385,97,1614,1563,4103,11711,29,150,11640,8787,ITG,ITG1,19,Sicilia,Sicilia,4999891,1209715,24.19,0.41
1688,2021-01-26,SIC,9474,4662,4812,8348,757,254,0,21,7,2,0,0,85,263,9211,ITG,ITG1,19,Sicilia,Sicilia,4999891,1219189,24.38,0.19
1689,2021-01-03,SIC,4698,2457,2241,4366,206,0,0,34,3,1,0,0,88,4698,0,ITG,ITG1,19,Sicilia,Sicilia,4999891,1223887,24.48,0.09
1690,2021-04-09,SIC,20565,10018,10547,734,319,365,281,914,1933,4411,11316,62,230,11405,9160,ITG,ITG1,19,Sicilia,Sicilia,4999891,1244452,24.89,0.41
1691,2021-02-06,SIC,5071,2229,2842,2537,1496,592,0,36,12,5,0,0,393,1488,3583,ITG,ITG1,19,Sicilia,Sicilia,4999891,1249523,24.99,0.1
1692,2021-01-19,SIC,1277,524,753,526,125,238,0,20,13,18,0,0,337,1095,182,ITG,ITG1,19,Sicilia,Sicilia,4999891,1250800,25.02,0.03
1693,2021-02-03,SIC,6107,2860,3247,3360,1499,624,0,91,20,11,0,0,502,756,5351,ITG,ITG1,19,Sicilia,Sicilia,4999891,1256907,25.14,0.12
1694,2021-04-13,SIC,19841,9662,10179,657,216,330,127,1527,1703,3788,11319,40,134,11006,8835,ITG,ITG1,19,Sicilia,Sicilia,4999891,1276748,25.54,0.4
1695,2021-04-16,SIC,28726,14411,14315,745,323,657,107,8279,2364,4287,11754,33,177,20348,8378,ITG,ITG1,19,Sicilia,Sicilia,4999891,1305474,26.11,0.57
1696,2021-02-07,SIC,2349,997,1352,1611,435,157,0,16,9,1,0,0,120,675,1674,ITG,ITG1,19,Sicilia,Sicilia,4999891,1307823,26.16,0.05
1697,2021-04-08,SIC,16819,8293,8526,664,377,445,142,233,1585,3862,9144,106,261,8336,8483,ITG,ITG1,19,Sicilia,Sicilia,4999891,1324642,26.49,0.34
1698,2021-03-25,SIC,20522,9536,10986,1331,544,629,1381,255,3198,5610,7151,195,228,14983,5539,ITG,ITG1,19,Sicilia,Sicilia,4999891,1345164,26.9,0.41
1699,2021-03-02,SIC,14961,6391,8570,2384,1212,525,4336,50,5,4535,57,1411,446,12135,2826,ITG,ITG1,19,Sicilia,Sicilia,4999891,1360125,27.2,0.3
1700,2021-05-02,SIC,24779,11491,13288,469,152,113,102,2785,1832,2255,16695,62,314,18137,6642,ITG,ITG1,19,Sicilia,Sicilia,4999891,1384904,27.7,0.5
1701,2021-03-30,SIC,14659,6779,7880,717,411,402,255,149,2531,5129,4728,171,166,9831,4828,ITG,ITG1,19,Sicilia,Sicilia,4999891,1399563,27.99,0.29
1702,2021-01-20,SIC,810,412,398,424,59,192,0,20,2,0,0,0,113,573,237,ITG,ITG1,19,Sicilia,Sicilia,4999891,1400373,28.01,0.02
1703,2020-12-29,SIC,235,146,89,235,0,0,0,0,0,0,0,0,0,235,0,ITG,ITG1,19,Sicilia,Sicilia,4999891,1400608,28.01,0.0
1704,2021-04-26,SIC,21893,10365,11528,482,216,439,73,1388,1348,3693,14043,51,160,13769,8124,ITG,ITG1,19,Sicilia,Sicilia,4999891,1422501,28.45,0.44
1705,2021-04-30,SIC,35111,16417,18694,953,361,292,181,2966,2645,5117,22045,201,350,23910,11201,ITG,ITG1,19,Sicilia,Sicilia,4999891,1457612,29.15,0.7
1706,2021-02-26,SIC,12211,5968,6243,1833,1118,387,2443,47,18,3950,1,1853,561,10527,1684,ITG,ITG1,19,Sicilia,Sicilia,4999891,1469823,29.4,0.24
1707,2021-02-09,SIC,4434,1832,2602,2241,894,680,0,59,27,15,0,0,518,3366,1068,ITG,ITG1,19,Sicilia,Sicilia,4999891,1474257,29.49,0.09
1708,2021-01-17,SIC,1301,589,712,623,319,160,0,12,8,3,0,0,176,1245,56,ITG,ITG1,19,Sicilia,Sicilia,4999891,1475558,29.51,0.03
1709,2021-03-22,SIC,16893,7958,8935,916,365,385,1231,151,2166,5647,5683,121,228,11339,5554,ITG,ITG1,19,Sicilia,Sicilia,4999891,1492451,29.85,0.34
1710,2021-04-10,SIC,20661,10084,10577,486,196,367,239,1387,1763,4240,11732,44,207,11619,9042,ITG,ITG1,19,Sicilia,Sicilia,4999891,1513112,30.26,0.41
1711,2021-03-06,SIC,12958,5186,7772,2004,1212,878,3652,106,20,3963,66,704,353,10051,2907,ITG,ITG1,19,Sicilia,Sicilia,4999891,1526070,30.52,0.26
1712,2021-02-05,SIC,7217,3232,3985,3618,1903,856,0,74,32,109,0,0,625,2132,5085,ITG,ITG1,19,Sicilia,Sicilia,4999891,1533287,30.67,0.14
1713,2020-12-30,SIC,173,101,72,156,11,0,0,0,0,0,0,0,6,173,0,ITG,ITG1,19,Sicilia,Sicilia,4999891,1533460,30.67,0.0
1714,2021-03-17,SIC,15162,7460,7702,1403,561,701,62,157,204,5747,6039,43,245,9249,5913,ITG,ITG1,19,Sicilia,Sicilia,4999891,1548622,30.97,0.3
1715,2021-02-22,SIC,8017,4150,3867,1108,449,561,320,30,10,4133,0,1152,254,7526,491,ITG,ITG1,19,Sicilia,Sicilia,4999891,1556639,31.13,0.16
1716,2021-01-06,SIC,6472,3403,3069,5718,434,2,0,51,31,15,0,0,221,6472,0,ITG,ITG1,19,Sicilia,Sicilia,4999891,1563111,31.26,0.13
1717,2021-04-15,SIC,21321,10371,10950,799,446,340,112,1742,1528,4164,11959,35,196,11765,9556,ITG,ITG1,19,Sicilia,Sicilia,4999891,1584432,31.69,0.43
1718,2021-03-19,SIC,16509,8112,8397,1259,580,644,454,148,579,5428,7083,52,282,10781,5728,ITG,ITG1,19,Sicilia,Sicilia,4999891,1600941,32.02,0.33
1719,2021-01-08,SIC,8328,3864,4464,6591,942,213,0,78,33,23,0,0,448,8328,0,ITG,ITG1,19,Sicilia,Sicilia,4999891,1609269,32.19,0.17
1720,2021-03-01,SIC,12987,6132,6855,1559,1043,395,3154,58,18,4377,34,1859,490,11328,1659,ITG,ITG1,19,Sicilia,Sicilia,4999891,1622256,32.45,0.26
1721,2021-03-28,SIC,10933,5137,5796,536,287,161,186,88,941,4513,4074,28,119,6922,4011,ITG,ITG1,19,Sicilia,Sicilia,4999891,1633189,32.66,0.22
1722,2020-12-31,SIC,878,470,408,828,6,0,0,4,0,0,0,0,40,878,0,ITG,ITG1,19,Sicilia,Sicilia,4999891,1634067,32.68,0.02
1723,2021-01-12,SIC,4545,2235,2310,2863,1179,195,0,61,14,29,0,0,204,4545,0,ITG,ITG1,19,Sicilia,Sicilia,4999891,1638612,32.77,0.09
1724,2021-01-05,SIC,10531,5160,5371,9078,915,207,0,47,7,4,0,0,273,10531,0,ITG,ITG1,19,Sicilia,Sicilia,4999891,1649143,32.98,0.21
1725,2021-01-22,SIC,1244,630,614,1044,59,118,0,3,0,0,0,0,20,242,1002,ITG,ITG1,19,Sicilia,Sicilia,4999891,1650387,33.01,0.02
1726,2021-01-01,SIC,815,437,378,740,29,0,0,10,0,0,0,0,36,815,0,ITG,ITG1,19,Sicilia,Sicilia,4999891,1651202,33.02,0.02
1727,2021-03-18,SIC,15647,7796,7851,1285,500,617,37,162,191,5468,7023,73,291,9920,5727,ITG,ITG1,19,Sicilia,Sicilia,4999891,1666849,33.34,0.31
1728,2021-01-29,SIC,9365,4323,5042,7155,1601,305,0,27,8,79,1,0,189,433,8932,ITG,ITG1,19,Sicilia,Sicilia,4999891,1676214,33.53,0.19
1729,2021-03-12,SIC,13147,5623,7524,1391,873,751,2407,238,1990,3885,158,627,827,10923,2224,ITG,ITG1,19,Sicilia,Sicilia,4999891,1689361,33.79,0.26
1730,2021-02-27,SIC,12432,5564,6868,1511,775,280,3367,149,11,3969,2,1145,1223,11225,1207,ITG,ITG1,19,Sicilia,Sicilia,4999891,1701793,34.04,0.25
1731,2021-01-21,SIC,1347,657,690,1017,126,138,0,11,4,0,0,0,51,501,846,ITG,ITG1,19,Sicilia,Sicilia,4999891,1703140,34.06,0.03
1732,2021-04-17,SIC,26163,13217,12946,324,118,246,89,7791,2359,3874,11173,31,158,19012,7151,ITG,ITG1,19,Sicilia,Sicilia,4999891,1729303,34.59,0.52
1733,2021-03-10,SIC,13938,5952,7986,1479,1357,979,3758,148,23,4184,139,1105,766,11553,2385,ITG,ITG1,19,Sicilia,Sicilia,4999891,1743241,34.87,0.28
1734,2021-05-11,SIC,32425,15421,17004,613,273,204,760,1667,1505,2829,20007,1448,3119,19894,12531,ITG,ITG1,19,Sicilia,Sicilia,4999891,1775666,35.51,0.65
1735,2020-12-27,SIC,91,55,36,63,1,26,0,0,0,0,0,0,1,91,0,ITG,ITG1,19,Sicilia,Sicilia,4999891,1775757,35.52,0.0
1736,2021-02-20,SIC,7241,3725,3516,829,709,549,176,39,14,3978,9,729,209,6999,242,ITG,ITG1,19,Sicilia,Sicilia,4999891,1782998,35.66,0.14
1737,2021-02-28,ABR,1704,510,1194,23,6,0,1419,8,1,79,0,149,19,1702,2,ITF,ITF1,13,Abruzzo,Abruzzo,1304970,1704,0.13,0.13
1738,2021-01-17,ABR,187,59,128,136,44,0,0,0,0,0,0,0,7,180,7,ITF,ITF1,13,Abruzzo,Abruzzo,1304970,1891,0.14,0.01
1739,2021-03-17,ABR,4539,1873,2666,285,102,144,11,18,33,3873,16,36,21,2800,1739,ITF,ITF1,13,Abruzzo,Abruzzo,1304970,6430,0.49,0.35
1740,2021-02-04,ABR,1680,615,1065,1168,413,57,0,5,0,0,0,0,37,609,1071,ITF,ITF1,13,Abruzzo,Abruzzo,1304970,8110,0.62,0.13
1741,2021-04-06,ABR,7680,3579,4101,432,98,44,54,114,499,2349,3939,46,105,5362,2318,ITF,ITF1,13,Abruzzo,Abruzzo,1304970,15790,1.21,0.59
1742,2021-02-09,ABR,908,311,597,612,161,131,0,1,1,1,0,0,1,499,409,ITF,ITF1,13,Abruzzo,Abruzzo,1304970,16698,1.28,0.07
1743,2021-04-26,ABR,8565,4068,4497,138,104,131,20,1663,2914,1077,2329,38,151,7348,1217,ITF,ITF1,13,Abruzzo,Abruzzo,1304970,25263,1.94,0.66
1744,2021-01-23,ABR,263,114,149,223,14,26,0,0,0,0,0,0,0,57,206,ITF,ITF1,13,Abruzzo,Abruzzo,1304970,25526,1.96,0.02
1745,2021-03-22,ABR,4281,1852,2429,384,388,56,441,31,19,2575,10,234,143,2311,1970,ITF,ITF1,13,Abruzzo,Abruzzo,1304970,29807,2.28,0.33
1746,2021-01-21,ABR,157,47,110,10,6,141,0,0,0,0,0,0,0,157,0,ITF,ITF1,13,Abruzzo,Abruzzo,1304970,29964,2.3,0.01
1747,2021-03-28,ABR,2415,1017,1398,247,129,1,175,105,54,895,421,242,146,2044,371,ITF,ITF1,13,Abruzzo,Abruzzo,1304970,32379,2.48,0.19
1748,2021-02-07,ABR,777,307,470,646,111,1,0,3,0,0,0,0,16,201,576,ITF,ITF1,13,Abruzzo,Abruzzo,1304970,33156,2.54,0.06
1749,2021-03-29,ABR,5625,2524,3101,463,54,49,195,71,73,3615,907,63,135,2986,2639,ITF,ITF1,13,Abruzzo,Abruzzo,1304970,38781,2.97,0.43
1750,2021-02-15,ABR,1793,830,963,625,258,221,0,0,10,392,0,261,26,1751,42,ITF,ITF1,13,Abruzzo,Abruzzo,1304970,40574,3.11,0.14
1751,2021-03-19,ABR,5793,2584,3209,755,280,118,13,14,42,4397,19,103,52,2774,3019,ITF,ITF1,13,Abruzzo,Abruzzo,1304970,46367,3.55,0.44
1752,2021-02-21,ABR,1218,550,668,2,0,3,0,0,2,1209,0,2,0,1217,1,ITF,ITF1,13,Abruzzo,Abruzzo,1304970,47585,3.65,0.09
1753,2021-01-22,ABR,118,57,61,2,1,112,0,1,0,0,0,0,2,118,0,ITF,ITF1,13,Abruzzo,Abruzzo,1304970,47703,3.66,0.01
1754,2021-04-30,ABR,12259,5739,6520,345,140,74,99,2009,2822,1099,5394,33,244,6646,5613,ITF,ITF1,13,Abruzzo,Abruzzo,1304970,59962,4.59,0.94
1755,2021-02-12,ABR,1228,567,661,438,151,310,0,1,0,66,0,260,2,1039,189,ITF,ITF1,13,Abruzzo,Abruzzo,1304970,61190,4.69,0.09
1756,2021-03-06,ABR,4170,1353,2817,433,187,52,1555,29,8,1747,0,15,144,3600,570,ITF,ITF1,13,Abruzzo,Abruzzo,1304970,65360,5.01,0.32
1757,2021-01-12,ABR,1804,666,1138,1470,190,0,0,23,33,28,0,0,60,1804,0,ITF,ITF1,13,Abruzzo,Abruzzo,1304970,67164,5.15,0.14
1758,2021-02-26,ABR,3916,1670,2246,1025,336,160,261,64,11,1649,6,270,134,2948,968,ITF,ITF1,13,Abruzzo,Abruzzo,1304970,71080,5.45,0.3
1759,2021-03-21,ABR,2134,913,1221,9,0,1,130,7,9,1922,13,34,9,843,1291,ITF,ITF1,13,Abruzzo,Abruzzo,1304970,73214,5.61,0.16
1760,2021-03-05,ABR,5309,1948,3361,562,218,108,1393,77,4,2587,2,232,126,4611,698,ITF,ITF1,13,Abruzzo,Abruzzo,1304970,78523,6.02,0.41
1761,2021-03-18,ABR,3896,1651,2245,281,135,20,7,21,33,3297,4,68,30,2065,1831,ITF,ITF1,13,Abruzzo,Abruzzo,1304970,82419,6.32,0.3
1762,2021-05-10,ABR,10132,4795,5337,147,80,27,77,866,1940,351,5906,285,453,5483,4649,ITF,ITF1,13,Abruzzo,Abruzzo,1304970,92551,7.09,0.78
1763,2021-02-13,ABR,847,383,464,551,206,72,0,1,1,8,0,0,8,436,411,ITF,ITF1,13,Abruzzo,Abruzzo,1304970,93398,7.16,0.06
1764,2021-03-01,ABR,3477,1385,2092,689,174,174,282,18,10,1913,2,131,84,2724,753,ITF,ITF1,13,Abruzzo,Abruzzo,1304970,96875,7.42,0.27
1765,2021-04-22,ABR,6664,3193,3471,82,45,116,28,312,2116,921,2869,37,138,4983,1681,ITF,ITF1,13,Abruzzo,Abruzzo,1304970,103539,7.93,0.51
1766,2021-03-03,ABR,4619,1878,2741,1222,211,97,855,28,0,1585,3,385,233,3713,906,ITF,ITF1,13,Abruzzo,Abruzzo,1304970,108158,8.29,0.35
1767,2021-04-17,ABR,7346,3399,3947,349,251,23,65,192,454,2263,3666,32,51,4292,3054,ITF,ITF1,13,Abruzzo,Abruzzo,1304970,115504,8.85,0.56
1768,2021-05-07,ABR,12203,5707,6496,127,117,33,40,1578,2009,569,7175,85,470,7771,4432,ITF,ITF1,13,Abruzzo,Abruzzo,1304970,127707,9.79,0.94
1769,2021-03-08,ABR,5123,1666,3457,1188,280,115,2193,51,3,1032,0,105,156,4151,972,ITF,ITF1,13,Abruzzo,Abruzzo,1304970,132830,10.18,0.39
1770,2020-12-27,ABR,37,19,18,34,1,2,0,0,0,0,0,0,0,37,0,ITF,ITF1,13,Abruzzo,Abruzzo,1304970,132867,10.18,0.0
1771,2021-03-31,ABR,6648,2878,3770,446,279,80,245,53,83,3258,2042,30,132,4581,2067,ITF,ITF1,13,Abruzzo,Abruzzo,1304970,139515,10.69,0.51
1772,2021-03-10,ABR,4947,1638,3309,736,300,248,1870,27,4,1520,11,128,103,3990,957,ITF,ITF1,13,Abruzzo,Abruzzo,1304970,144462,11.07,0.38
1773,2021-02-23,ABR,2781,1274,1507,324,184,217,100,4,8,1490,2,286,166,2770,11,ITF,ITF1,13,Abruzzo,Abruzzo,1304970,147243,11.28,0.21
1774,2021-04-19,ABR,6225,2855,3370,76,74,36,22,149,2247,1258,2220,26,117,3855,2370,ITF,ITF1,13,Abruzzo,Abruzzo,1304970,153468,11.76,0.48
1775,2021-04-24,ABR,8709,3970,4739,84,137,137,23,324,1367,1227,5313,21,76,7176,1533,ITF,ITF1,13,Abruzzo,Abruzzo,1304970,162177,12.43,0.67
1776,2021-04-18,ABR,5812,2726,3086,149,71,25,19,75,168,964,4303,13,25,4870,942,ITF,ITF1,13,Abruzzo,Abruzzo,1304970,167989,12.87,0.45
1777,2021-03-04,ABR,5935,2358,3577,1170,322,92,818,39,12,2992,5,329,156,5013,922,ITF,ITF1,13,Abruzzo,Abruzzo,1304970,173924,13.33,0.45
1778,2021-03-23,ABR,4782,2143,2639,177,183,183,400,14,23,3356,13,355,78,2216,2566,ITF,ITF1,13,Abruzzo,Abruzzo,1304970,178706,13.69,0.37
1779,2021-01-24,ABR,50,22,28,49,1,0,0,0,0,0,0,0,0,6,44,ITF,ITF1,13,Abruzzo,Abruzzo,1304970,178756,13.7,0.0
1780,2021-01-31,ABR,1501,487,1014,1154,236,102,0,1,0,0,0,0,8,286,1215,ITF,ITF1,13,Abruzzo,Abruzzo,1304970,180257,13.81,0.12
1781,2021-01-27,ABR,1364,515,849,1301,61,0,0,1,0,0,0,0,1,39,1325,ITF,ITF1,13,Abruzzo,Abruzzo,1304970,181621,13.92,0.1
1782,2021-03-09,ABR,5168,1795,3373,986,311,86,2046,31,3,1320,69,214,102,4229,939,ITF,ITF1,13,Abruzzo,Abruzzo,1304970,186789,14.31,0.4
1783,2021-01-04,ABR,1401,575,826,1396,5,0,0,0,0,0,0,0,0,1401,0,ITF,ITF1,13,Abruzzo,Abruzzo,1304970,188190,14.42,0.11
1784,2021-03-11,ABR,5422,2185,3237,1321,265,241,1565,50,20,1538,16,247,159,4283,1139,ITF,ITF1,13,Abruzzo,Abruzzo,1304970,193612,14.84,0.42
1785,2021-05-08,ABR,10287,4868,5419,137,120,46,31,1462,1586,744,5346,227,588,6451,3836,ITF,ITF1,13,Abruzzo,Abruzzo,1304970,203899,15.62,0.79
1786,2021-02-01,ABR,1632,573,1059,1384,228,1,0,3,0,0,0,0,16,271,1361,ITF,ITF1,13,Abruzzo,Abruzzo,1304970,205531,15.75,0.13
1787,2021-01-20,ABR,447,156,291,147,73,204,0,12,0,0,0,0,11,445,2,ITF,ITF1,13,Abruzzo,Abruzzo,1304970,205978,15.78,0.03
1788,2021-04-05,ABR,2693,1147,1546,136,205,4,16,31,41,1371,844,11,34,1813,880,ITF,ITF1,13,Abruzzo,Abruzzo,1304970,208671,15.99,0.21
1789,2021-01-03,ABR,471,185,286,464,7,0,0,0,0,0,0,0,0,471,0,ITF,ITF1,13,Abruzzo,Abruzzo,1304970,209142,16.03,0.04
1790,2021-04-13,ABR,5882,2754,3128,94,62,78,150,85,407,1261,3666,31,48,4682,1200,ITF,ITF1,13,Abruzzo,Abruzzo,1304970,215024,16.48,0.45
1791,2021-04-09,ABR,8740,4114,4626,311,121,32,44,102,807,3286,3902,40,95,6201,2539,ITF,ITF1,13,Abruzzo,Abruzzo,1304970,223764,17.15,0.67
1792,2021-01-28,ABR,1433,495,938,1370,61,1,0,0,1,0,0,0,0,12,1421,ITF,ITF1,13,Abruzzo,Abruzzo,1304970,225197,17.26,0.11
1793,2021-03-15,ABR,3630,1395,2235,657,358,79,330,27,40,1957,2,54,126,1822,1808,ITF,ITF1,13,Abruzzo,Abruzzo,1304970,228827,17.54,0.28
1794,2021-04-07,ABR,7119,3282,3837,187,214,82,15,69,106,3219,3054,96,77,4394,2725,ITF,ITF1,13,Abruzzo,Abruzzo,1304970,235946,18.08,0.55
1795,2021-02-03,ABR,2061,717,1344,1541,362,118,0,4,0,0,0,0,36,419,1642,ITF,ITF1,13,Abruzzo,Abruzzo,1304970,238007,18.24,0.16
1796,2021-01-19,ABR,111,55,56,27,3,50,0,8,0,0,0,0,23,91,20,ITF,ITF1,13,Abruzzo,Abruzzo,1304970,238118,18.25,0.01
1797,2021-03-27,ABR,6118,2618,3500,189,228,48,216,86,156,4265,736,77,117,3637,2481,ITF,ITF1,13,Abruzzo,Abruzzo,1304970,244236,18.72,0.47
1798,2021-05-01,ABR,10738,5049,5689,114,61,41,39,1236,1710,1134,6244,23,136,5760,4978,ITF,ITF1,13,Abruzzo,Abruzzo,1304970,254974,19.54,0.82
1799,2021-03-24,ABR,6363,2770,3593,484,299,231,430,107,229,3423,541,344,275,4110,2253,ITF,ITF1,13,Abruzzo,Abruzzo,1304970,261337,20.03,0.49
1800,2021-01-13,ABR,1253,440,813,1103,99,0,0,7,1,7,0,0,36,1253,0,ITF,ITF1,13,Abruzzo,Abruzzo,1304970,262590,20.12,0.1
1801,2021-03-07,ABR,2515,628,1887,28,99,4,1815,68,10,463,0,1,27,2515,0,ITF,ITF1,13,Abruzzo,Abruzzo,1304970,265105,20.32,0.19
1802,2021-03-30,ABR,5057,2198,2859,211,204,38,286,52,57,2743,1327,51,88,3233,1824,ITF,ITF1,13,Abruzzo,Abruzzo,1304970,270162,20.7,0.39
1803,2021-03-25,ABR,5685,2560,3125,249,211,40,448,58,102,3820,239,311,207,3070,2615,ITF,ITF1,13,Abruzzo,Abruzzo,1304970,275847,21.14,0.44
1804,2021-04-14,ABR,6505,2896,3609,336,94,119,61,85,434,1467,3845,18,46,4427,2078,ITF,ITF1,13,Abruzzo,Abruzzo,1304970,282352,21.64,0.5
1805,2021-05-12,ABR,9435,4494,4941,157,114,111,182,817,1336,247,5243,418,810,6014,3421,ITF,ITF1,13,Abruzzo,Abruzzo,1304970,291787,22.36,0.72
1806,2021-03-13,ABR,4123,1420,2703,518,606,138,1057,77,36,1400,6,105,180,3081,1042,ITF,ITF1,13,Abruzzo,Abruzzo,1304970,295910,22.68,0.32
1807,2021-04-28,ABR,9499,4580,4919,161,148,74,20,2353,1815,848,3885,35,160,7477,2022,ITF,ITF1,13,Abruzzo,Abruzzo,1304970,305409,23.4,0.73
1808,2021-04-02,ABR,6681,3093,3588,184,609,26,94,76,215,3304,2043,79,51,5196,1485,ITF,ITF1,13,Abruzzo,Abruzzo,1304970,312090,23.92,0.51
1809,2021-01-16,ABR,928,428,500,711,188,15,0,4,0,0,0,0,10,928,0,ITF,ITF1,13,Abruzzo,Abruzzo,1304970,313018,23.99,0.07
1810,2021-03-26,ABR,5301,2260,3041,264,213,37,449,75,122,3398,357,241,145,3231,2070,ITF,ITF1,13,Abruzzo,Abruzzo,1304970,318319,24.39,0.41
1811,2021-04-04,ABR,1627,766,861,94,57,2,4,9,281,446,717,2,15,1498,129,ITF,ITF1,13,Abruzzo,Abruzzo,1304970,319946,24.52,0.12
1812,2021-02-22,ABR,2643,1174,1469,477,275,46,251,4,4,1094,0,418,74,2613,30,ITF,ITF1,13,Abruzzo,Abruzzo,1304970,322589,24.72,0.2
1813,2021-03-12,ABR,6014,1984,4030,1003,592,138,2187,46,11,1726,1,141,169,4432,1582,ITF,ITF1,13,Abruzzo,Abruzzo,1304970,328603,25.18,0.46
1814,2021-03-16,ABR,3484,1452,2032,284,74,168,12,19,44,2849,6,8,20,1830,1654,ITF,ITF1,13,Abruzzo,Abruzzo,1304970,332087,25.45,0.27
1815,2021-04-10,ABR,8772,4058,4714,390,302,13,147,224,1133,2931,3456,32,144,6264,2508,ITF,ITF1,13,Abruzzo,Abruzzo,1304970,340859,26.12,0.67
1816,2021-02-11,ABR,816,262,554,473,184,154,0,0,0,0,0,0,5,773,43,ITF,ITF1,13,Abruzzo,Abruzzo,1304970,341675,26.18,0.06
1817,2021-04-15,ABR,7744,3609,4135,201,97,92,53,87,330,1567,5239,22,56,5905,1839,ITF,ITF1,13,Abruzzo,Abruzzo,1304970,349419,26.78,0.59
1818,2021-04-03,ABR,5071,2211,2860,174,91,27,84,73,112,2401,1957,62,90,3477,1594,ITF,ITF1,13,Abruzzo,Abruzzo,1304970,354490,27.16,0.39
1819,2021-01-06,ABR,1830,664,1166,1546,148,133,0,0,0,0,0,0,3,1830,0,ITF,ITF1,13,Abruzzo,Abruzzo,1304970,356320,27.3,0.14
1820,2021-01-05,ABR,1614,604,1010,1604,10,0,0,0,0,0,0,0,0,1614,0,ITF,ITF1,13,Abruzzo,Abruzzo,1304970,357934,27.43,0.12
1821,2021-02-08,ABR,1197,396,801,710,214,264,0,1,0,0,0,0,8,487,710,ITF,ITF1,13,Abruzzo,Abruzzo,1304970,359131,27.52,0.09
1822,2021-05-04,ABR,10694,5039,5655,176,116,17,36,1764,2522,358,5310,45,350,7076,3618,ITF,ITF1,13,Abruzzo,Abruzzo,1304970,369825,28.34,0.82
1823,2021-01-18,ABR,122,48,74,106,8,2,0,3,0,0,0,0,3,46,76,ITF,ITF1,13,Abruzzo,Abruzzo,1304970,369947,28.35,0.01
1824,2021-01-15,ABR,379,149,230,223,79,35,0,7,2,0,0,0,33,379,0,ITF,ITF1,13,Abruzzo,Abruzzo,1304970,370326,28.38,0.03
1825,2021-04-01,ABR,5528,2450,3078,273,117,56,153,153,156,2912,1527,48,133,3441,2087,ITF,ITF1,13,Abruzzo,Abruzzo,1304970,375854,28.8,0.42
1826,2021-02-27,ABR,2809,1337,1472,253,84,125,874,17,6,732,1,656,61,2543,266,ITF,ITF1,13,Abruzzo,Abruzzo,1304970,378663,29.02,0.22
1827,2021-04-11,ABR,5330,2606,2724,15,8,7,6,93,628,784,3732,6,51,4847,483,ITF,ITF1,13,Abruzzo,Abruzzo,1304970,383993,29.43,0.41
1828,2021-02-24,ABR,3302,1439,1863,391,180,248,131,12,12,1968,4,247,109,3126,176,ITF,ITF1,13,Abruzzo,Abruzzo,1304970,387295,29.68,0.25
1829,2021-01-29,ABR,1386,449,937,1290,95,0,0,1,0,0,0,0,0,74,1312,ITF,ITF1,13,Abruzzo,Abruzzo,1304970,388681,29.78,0.11
1830,2021-01-25,ABR,1603,632,971,1583,19,0,0,0,0,0,0,0,1,19,1584,ITF,ITF1,13,Abruzzo,Abruzzo,1304970,390284,29.91,0.12
1831,2021-02-17,ABR,2071,948,1123,512,144,393,1,0,21,714,0,210,76,1789,282,ITF,ITF1,13,Abruzzo,Abruzzo,1304970,392355,30.07,0.16
1832,2021-03-20,ABR,4722,2152,2570,318,205,63,95,50,99,3645,45,99,103,2559,2163,ITF,ITF1,13,Abruzzo,Abruzzo,1304970,397077,30.43,0.36
1833,2021-04-12,ABR,6224,2950,3274,217,66,50,36,193,504,1300,3757,20,81,5053,1171,ITF,ITF1,13,Abruzzo,Abruzzo,1304970,403301,30.91,0.48
1834,2021-01-07,ABR,1603,552,1051,1566,37,0,0,0,0,0,0,0,0,1603,0,ITF,ITF1,13,Abruzzo,Abruzzo,1304970,404904,31.03,0.12
1835,2021-01-09,ABR,1483,565,918,1430,50,0,0,1,0,0,0,0,2,1483,0,ITF,ITF1,13,Abruzzo,Abruzzo,1304970,406387,31.14,0.11
1836,2021-02-18,ABR,2288,933,1355,670,297,414,0,3,5,612,0,215,72,2158,130,ITF,ITF1,13,Abruzzo,Abruzzo,1304970,408675,31.32,0.18
1837,2021-01-08,ABR,1525,507,1018,1487,36,0,0,1,1,0,0,0,0,1525,0,ITF,ITF1,13,Abruzzo,Abruzzo,1304970,410200,31.43,0.12
1838,2021-05-11,ABR,10656,5059,5597,191,185,24,61,626,1507,341,6551,487,683,5828,4828,ITF,ITF1,13,Abruzzo,Abruzzo,1304970,420856,32.25,0.82
1839,2021-02-19,ABR,3300,1551,1749,990,346,371,8,10,9,1113,1,402,50,3200,100,ITF,ITF1,13,Abruzzo,Abruzzo,1304970,424156,32.5,0.25
1840,2021-02-16,ABR,1918,842,1076,841,278,139,0,4,2,501,0,75,78,1906,12,ITF,ITF1,13,Abruzzo,Abruzzo,1304970,426074,32.65,0.15
1841,2021-04-29,ABR,12654,5843,6811,286,87,85,109,2847,3181,817,4968,57,217,9556,3098,ITF,ITF1,13,Abruzzo,Abruzzo,1304970,438728,33.62,0.97
1842,2021-01-14,ABR,530,189,341,364,114,0,0,4,5,34,0,0,9,530,0,ITF,ITF1,13,Abruzzo,Abruzzo,1304970,439258,33.66,0.04
1843,2021-05-06,ABR,12904,5992,6912,251,123,53,29,1635,2298,502,7186,90,737,7903,5001,ITF,ITF1,13,Abruzzo,Abruzzo,1304970,452162,34.65,0.99
1844,2021-01-26,ABR,1542,567,975,1513,29,0,0,0,0,0,0,0,0,29,1513,ITF,ITF1,13,Abruzzo,Abruzzo,1304970,453704,34.77,0.12
1845,2021-04-21,ABR,6384,3100,3284,63,53,13,14,989,1513,1020,2597,9,113,4709,1675,ITF,ITF1,13,Abruzzo,Abruzzo,1304970,460088,35.26,0.49
1846,2021-02-25,ABR,3042,1330,1712,615,398,57,126,28,6,1465,2,262,83,2514,528,ITF,ITF1,13,Abruzzo,Abruzzo,1304970,463130,35.49,0.23
1847,2021-02-10,ABR,947,312,635,621,182,116,0,5,0,0,0,0,23,503,444,ITF,ITF1,13,Abruzzo,Abruzzo,1304970,464077,35.56,0.07
1848,2021-01-10,ABR,1139,409,730,1091,44,0,0,0,0,0,0,0,4,1139,0,ITF,ITF1,13,Abruzzo,Abruzzo,1304970,465216,35.65,0.09
1849,2021-02-20,ABR,4778,1842,2936,310,443,193,1886,5,12,1416,1,405,107,4702,76,ITF,ITF1,13,Abruzzo,Abruzzo,1304970,469994,36.02,0.37
1850,2021-04-25,ABR,9069,4620,4449,67,54,22,5,4356,1781,589,2065,19,111,8260,809,ITF,ITF1,13,Abruzzo,Abruzzo,1304970,479063,36.71,0.69
1851,2021-04-27,ABR,9085,4370,4715,115,101,22,34,1767,2361,959,3548,27,151,6613,2472,ITF,ITF1,13,Abruzzo,Abruzzo,1304970,488148,37.41,0.7
1852,2021-03-14,ABR,1883,731,1152,8,3,0,249,20,7,1477,0,2,117,1216,667,ITF,ITF1,13,Abruzzo,Abruzzo,1304970,490031,37.55,0.14
1853,2021-05-03,ABR,11105,5238,5867,279,119,65,93,1669,2762,490,5370,21,237,7256,3849,ITF,ITF1,13,Abruzzo,Abruzzo,1304970,501136,38.4,0.85
1854,2021-04-23,ABR,7348,3372,3976,157,67,122,27,533,1639,1521,3170,14,98,5063,2285,ITF,ITF1,13,Abruzzo,Abruzzo,1304970,508484,38.97,0.56
1855,2021-02-05,ABR,1534,521,1013,1187,188,106,0,9,0,0,0,0,44,788,746,ITF,ITF1,13,Abruzzo,Abruzzo,1304970,510018,39.08,0.12
1856,2021-04-20,ABR,5590,2690,2900,39,82,1,20,326,2181,920,1948,18,55,4180,1410,ITF,ITF1,13,Abruzzo,Abruzzo,1304970,515608,39.51,0.43
1857,2021-01-30,ABR,1510,567,943,1349,112,47,0,0,0,0,0,0,2,69,1441,ITF,ITF1,13,Abruzzo,Abruzzo,1304970,517118,39.63,0.12
1858,2021-01-02,ABR,548,218,330,540,5,0,0,0,0,0,0,0,3,548,0,ITF,ITF1,13,Abruzzo,Abruzzo,1304970,517666,39.67,0.04
1859,2021-04-16,ABR,7537,3488,4049,157,79,46,33,168,271,1685,5043,12,43,5618,1919,ITF,ITF1,13,Abruzzo,Abruzzo,1304970,525203,40.25,0.58
1860,2021-05-09,ABR,9152,4088,5064,74,59,55,959,958,1399,407,4636,133,472,4280,4872,ITF,ITF1,13,Abruzzo,Abruzzo,1304970,534355,40.95,0.7
1861,2021-05-05,ABR,11575,5542,6033,160,194,49,31,1228,2110,476,6690,29,608,6447,5128,ITF,ITF1,13,Abruzzo,Abruzzo,1304970,545930,41.83,0.89
1862,2021-02-06,ABR,1610,742,868,1167,278,72,0,14,7,2,0,0,70,602,1008,ITF,ITF1,13,Abruzzo,Abruzzo,1304970,547540,41.96,0.12
1863,2021-01-11,ABR,1551,557,994,1337,152,48,0,3,0,0,0,0,11,1551,0,ITF,ITF1,13,Abruzzo,Abruzzo,1304970,549091,42.08,0.12
1864,2021-05-02,ABR,10419,5085,5334,148,78,4,20,1155,1684,336,6826,23,145,5212,5207,ITF,ITF1,13,Abruzzo,Abruzzo,1304970,559510,42.88,0.8
1865,2021-04-08,ABR,7336,3317,4019,156,84,73,203,70,404,2632,3618,45,51,5058,2278,ITF,ITF1,13,Abruzzo,Abruzzo,1304970,566846,43.44,0.56
1866,2021-03-02,ABR,3963,1676,2287,934,220,53,405,82,3,1856,2,299,109,3279,684,ITF,ITF1,13,Abruzzo,Abruzzo,1304970,570809,43.74,0.3
1867,2021-02-02,ABR,1778,672,1106,1235,395,139,0,1,0,0,0,0,8,222,1556,ITF,ITF1,13,Abruzzo,Abruzzo,1304970,572587,43.88,0.14
1868,2021-01-26,BAS,793,350,443,622,70,35,0,18,0,0,0,0,48,101,692,ITF,ITF5,17,Basilicata,Basilicata,559084,793,0.14,0.14
1869,2021-01-31,BAS,77,24,53,75,2,0,0,0,0,0,0,0,0,0,77,ITF,ITF5,17,Basilicata,Basilicata,559084,870,0.16,0.01
1870,2021-03-27,BAS,2148,809,1339,21,41,0,383,14,24,1610,30,5,20,1816,332,ITF,ITF5,17,Basilicata,Basilicata,559084,3018,0.54,0.38
1871,2021-05-08,BAS,4838,2400,2438,47,19,3,17,728,893,25,2886,18,202,3431,1407,ITF,ITF5,17,Basilicata,Basilicata,559084,7856,1.41,0.87
1872,2021-02-10,BAS,547,237,310,176,153,127,1,0,0,90,0,0,0,495,52,ITF,ITF5,17,Basilicata,Basilicata,559084,8403,1.5,0.1
1873,2021-04-13,BAS,2119,1054,1065,147,15,1,64,423,439,818,177,7,28,1293,826,ITF,ITF5,17,Basilicata,Basilicata,559084,10522,1.88,0.38
1874,2021-04-15,BAS,3444,1673,1771,113,36,1,25,244,207,738,2040,6,34,2635,809,ITF,ITF5,17,Basilicata,Basilicata,559084,13966,2.5,0.62
1875,2021-03-10,BAS,1650,814,836,101,57,33,273,1,4,877,2,300,2,811,839,ITF,ITF5,17,Basilicata,Basilicata,559084,15616,2.79,0.3
1876,2021-03-08,BAS,1451,708,743,222,158,38,273,7,12,410,2,299,30,840,611,ITF,ITF5,17,Basilicata,Basilicata,559084,17067,3.05,0.26
1877,2021-03-28,BAS,2139,741,1398,92,6,8,710,3,8,1276,7,0,29,2122,17,ITF,ITF5,17,Basilicata,Basilicata,559084,19206,3.44,0.38
1878,2021-03-20,BAS,1286,566,720,45,69,0,178,0,8,950,30,5,1,275,1011,ITF,ITF5,17,Basilicata,Basilicata,559084,20492,3.67,0.23
1879,2021-04-06,BAS,1266,461,805,274,72,7,412,25,8,346,41,27,54,1082,184,ITF,ITF5,17,Basilicata,Basilicata,559084,21758,3.89,0.23
1880,2021-04-26,BAS,4460,2163,2297,24,12,0,73,438,1006,180,2634,17,76,4240,220,ITF,ITF5,17,Basilicata,Basilicata,559084,26218,4.69,0.8
1881,2021-03-19,BAS,2289,992,1297,58,96,0,142,1,8,1955,2,22,5,261,2028,ITF,ITF5,17,Basilicata,Basilicata,559084,28507,5.1,0.41
1882,2021-01-29,BAS,613,229,384,398,38,70,0,41,2,16,0,0,48,63,550,ITF,ITF5,17,Basilicata,Basilicata,559084,29120,5.21,0.11
1883,2021-02-24,BAS,1803,743,1060,85,14,2,0,4,8,1686,0,1,3,1734,69,ITF,ITF5,17,Basilicata,Basilicata,559084,30923,5.53,0.32
1884,2021-02-07,BAS,373,159,214,259,74,40,0,0,0,0,0,0,0,49,324,ITF,ITF5,17,Basilicata,Basilicata,559084,31296,5.6,0.07
1885,2021-01-17,BAS,328,133,195,233,12,54,0,5,1,0,0,0,23,327,1,ITF,ITF5,17,Basilicata,Basilicata,559084,31624,5.66,0.06
1886,2021-04-11,BAS,848,330,518,75,3,9,225,3,5,46,474,3,5,786,62,ITF,ITF5,17,Basilicata,Basilicata,559084,32472,5.81,0.15
1887,2021-01-21,BAS,30,10,20,0,0,0,0,2,0,4,0,0,24,30,0,ITF,ITF5,17,Basilicata,Basilicata,559084,32502,5.81,0.01
1888,2021-02-23,BAS,1901,771,1130,159,24,35,0,4,15,1658,0,0,6,1763,138,ITF,ITF5,17,Basilicata,Basilicata,559084,34403,6.15,0.34
1889,2021-02-26,BAS,2149,904,1245,89,94,1,0,2,6,1954,0,0,3,2069,80,ITF,ITF5,17,Basilicata,Basilicata,559084,36552,6.54,0.38
1890,2021-04-12,BAS,2178,1056,1122,230,24,31,92,721,441,451,164,11,13,1678,500,ITF,ITF5,17,Basilicata,Basilicata,559084,38730,6.93,0.39
1891,2021-01-25,BAS,1022,429,593,830,80,1,0,33,2,0,0,0,76,74,948,ITF,ITF5,17,Basilicata,Basilicata,559084,39752,7.11,0.18
1892,2021-03-21,BAS,1046,481,565,32,1,0,159,2,9,804,0,0,39,352,694,ITF,ITF5,17,Basilicata,Basilicata,559084,40798,7.3,0.19
1893,2021-03-05,BAS,1851,855,996,298,158,72,309,6,12,690,2,296,8,1105,746,ITF,ITF5,17,Basilicata,Basilicata,559084,42649,7.63,0.33
1894,2021-01-07,BAS,640,319,321,556,8,29,0,16,0,0,0,0,31,640,0,ITF,ITF5,17,Basilicata,Basilicata,559084,43289,7.74,0.11
1895,2021-05-07,BAS,4633,2276,2357,56,14,15,14,415,922,104,2902,30,161,3281,1352,ITF,ITF5,17,Basilicata,Basilicata,559084,47922,8.57,0.83
1896,2021-04-17,BAS,3457,1655,1802,53,7,0,10,13,18,1232,2108,11,5,2196,1261,ITF,ITF5,17,Basilicata,Basilicata,559084,51379,9.19,0.62
1897,2021-04-22,BAS,5034,2344,2690,61,17,23,85,272,903,1451,2078,61,83,3431,1603,ITF,ITF5,17,Basilicata,Basilicata,559084,56413,10.09,0.9
1898,2021-04-04,BAS,610,225,385,14,8,0,158,8,0,406,10,4,2,197,413,ITF,ITF5,17,Basilicata,Basilicata,559084,57023,10.2,0.11
1899,2021-03-06,BAS,1352,535,817,296,140,57,259,0,2,383,0,212,3,757,595,ITF,ITF5,17,Basilicata,Basilicata,559084,58375,10.44,0.24
1900,2021-03-03,BAS,1741,813,928,192,298,99,244,3,3,590,58,253,1,1184,557,ITF,ITF5,17,Basilicata,Basilicata,559084,60116,10.75,0.31
1901,2021-01-22,BAS,67,24,43,6,0,0,0,13,10,19,0,0,19,67,0,ITF,ITF5,17,Basilicata,Basilicata,559084,60183,10.76,0.01
1902,2021-03-25,BAS,1874,598,1276,41,55,11,762,5,13,931,28,25,3,1534,340,ITF,ITF5,17,Basilicata,Basilicata,559084,62057,11.1,0.34
1903,2021-03-16,BAS,1900,799,1101,103,30,0,62,4,13,1672,2,6,8,228,1672,ITF,ITF5,17,Basilicata,Basilicata,559084,63957,11.44,0.34
1904,2021-01-09,BAS,557,160,397,386,55,67,1,7,0,0,0,0,41,557,0,ITF,ITF5,17,Basilicata,Basilicata,559084,64514,11.54,0.1
1905,2021-02-15,BAS,621,232,389,191,134,46,0,0,3,246,0,1,0,580,41,ITF,ITF5,17,Basilicata,Basilicata,559084,65135,11.65,0.11
1906,2021-03-13,BAS,1794,888,906,82,325,46,213,2,6,864,1,245,10,749,1045,ITF,ITF5,17,Basilicata,Basilicata,559084,66929,11.97,0.32
1907,2021-02-09,BAS,491,213,278,200,237,54,0,0,0,0,0,0,0,316,175,ITF,ITF5,17,Basilicata,Basilicata,559084,67420,12.06,0.09
1908,2021-05-10,BAS,4778,2369,2409,46,24,0,9,326,639,76,3427,12,219,2738,2040,ITF,ITF5,17,Basilicata,Basilicata,559084,72198,12.91,0.85
1909,2020-12-27,BAS,106,41,65,104,0,0,0,0,0,0,0,0,2,106,0,ITF,ITF5,17,Basilicata,Basilicata,559084,72304,12.93,0.02
1910,2021-05-01,BAS,4701,2135,2566,78,23,9,335,432,704,95,2708,33,284,3951,750,ITF,ITF5,17,Basilicata,Basilicata,559084,77005,13.77,0.84
1911,2021-01-27,BAS,411,175,236,299,17,26,0,12,9,25,0,0,23,113,298,ITF,ITF5,17,Basilicata,Basilicata,559084,77416,13.85,0.07
1912,2021-01-05,BAS,945,409,536,861,44,0,0,12,0,0,0,0,28,945,0,ITF,ITF5,17,Basilicata,Basilicata,559084,78361,14.02,0.17
1913,2021-03-09,BAS,1391,706,685,222,51,33,238,2,2,545,0,292,6,787,604,ITF,ITF5,17,Basilicata,Basilicata,559084,79752,14.26,0.25
1914,2021-01-02,BAS,949,380,569,855,43,0,3,9,0,0,0,0,39,949,0,ITF,ITF5,17,Basilicata,Basilicata,559084,80701,14.43,0.17
1915,2021-01-20,BAS,84,22,62,0,0,0,0,10,8,43,0,0,23,84,0,ITF,ITF5,17,Basilicata,Basilicata,559084,80785,14.45,0.02
1916,2021-03-23,BAS,1590,613,977,55,7,0,598,7,2,892,5,20,4,1409,181,ITF,ITF5,17,Basilicata,Basilicata,559084,82375,14.73,0.28
1917,2021-04-20,BAS,4022,1914,2108,31,13,10,60,57,213,1689,1923,10,16,2196,1826,ITF,ITF5,17,Basilicata,Basilicata,559084,86397,15.45,0.72
1918,2021-05-02,BAS,4183,2001,2182,54,8,0,175,296,764,24,2728,10,124,3554,629,ITF,ITF5,17,Basilicata,Basilicata,559084,90580,16.2,0.75
1919,2021-01-15,BAS,813,350,463,578,21,174,0,5,1,1,0,0,33,813,0,ITF,ITF5,17,Basilicata,Basilicata,559084,91393,16.35,0.15
1920,2021-04-19,BAS,4170,1912,2258,77,20,58,95,29,101,1583,2158,11,38,2518,1652,ITF,ITF5,17,Basilicata,Basilicata,559084,95563,17.09,0.75
1921,2021-05-09,BAS,4674,2337,2337,19,21,1,4,604,709,15,3051,24,226,2984,1690,ITF,ITF5,17,Basilicata,Basilicata,559084,100237,17.93,0.84
1922,2021-03-11,BAS,1783,919,864,163,83,77,223,5,5,905,3,289,30,824,959,ITF,ITF5,17,Basilicata,Basilicata,559084,102020,18.25,0.32
1923,2021-04-08,BAS,764,349,415,181,53,0,187,13,9,84,177,35,25,755,9,ITF,ITF5,17,Basilicata,Basilicata,559084,102784,18.38,0.14
1924,2021-01-11,BAS,183,66,117,107,21,41,0,4,0,0,0,0,10,183,0,ITF,ITF5,17,Basilicata,Basilicata,559084,102967,18.42,0.03
1925,2021-01-28,BAS,903,401,502,717,24,81,0,30,0,1,0,0,50,119,784,ITF,ITF5,17,Basilicata,Basilicata,559084,103870,18.58,0.16
1926,2021-03-02,BAS,791,381,410,110,33,5,213,5,4,184,0,237,0,656,135,ITF,ITF5,17,Basilicata,Basilicata,559084,104661,18.72,0.14
1927,2021-02-11,BAS,951,401,550,200,158,107,0,0,6,472,0,4,4,868,83,ITF,ITF5,17,Basilicata,Basilicata,559084,105612,18.89,0.17
1928,2021-04-14,BAS,2049,1005,1044,34,4,2,67,297,602,670,335,13,25,1364,685,ITF,ITF5,17,Basilicata,Basilicata,559084,107661,19.26,0.37
1929,2021-01-12,BAS,217,88,129,87,22,99,0,1,0,0,0,0,8,217,0,ITF,ITF5,17,Basilicata,Basilicata,559084,107878,19.3,0.04
1930,2021-01-23,BAS,713,301,412,598,38,1,0,18,2,8,0,0,48,33,680,ITF,ITF5,17,Basilicata,Basilicata,559084,108591,19.42,0.13
1931,2021-04-09,BAS,1149,350,799,141,16,1,622,12,12,136,128,49,32,1086,63,ITF,ITF5,17,Basilicata,Basilicata,559084,109740,19.63,0.21
1932,2021-01-14,BAS,969,413,556,504,112,323,0,6,0,0,0,0,24,969,0,ITF,ITF5,17,Basilicata,Basilicata,559084,110709,19.8,0.17
1933,2021-01-18,BAS,463,157,306,364,52,45,0,0,0,0,0,0,2,364,99,ITF,ITF5,17,Basilicata,Basilicata,559084,111172,19.88,0.08
1934,2021-03-07,BAS,882,308,574,39,12,4,471,2,0,328,0,22,4,844,38,ITF,ITF5,17,Basilicata,Basilicata,559084,112054,20.04,0.16
1935,2021-04-07,BAS,1219,549,670,272,23,18,385,8,10,107,355,23,18,1182,37,ITF,ITF5,17,Basilicata,Basilicata,559084,113273,20.26,0.22
1936,2021-05-03,BAS,4515,2045,2470,231,21,27,286,278,714,187,2632,16,123,3688,827,ITF,ITF5,17,Basilicata,Basilicata,559084,117788,21.07,0.81
1937,2021-03-04,BAS,1874,889,985,217,151,66,242,1,5,844,41,302,5,1081,793,ITF,ITF5,17,Basilicata,Basilicata,559084,119662,21.4,0.34
1938,2021-04-28,BAS,4699,2156,2543,117,51,11,41,334,1146,135,2732,11,121,4258,441,ITF,ITF5,17,Basilicata,Basilicata,559084,124361,22.24,0.84
1939,2021-02-20,BAS,1161,531,630,77,171,80,0,0,9,810,11,0,3,1043,118,ITF,ITF5,17,Basilicata,Basilicata,559084,125522,22.45,0.21
1940,2021-04-05,BAS,722,233,489,3,3,2,340,5,1,338,18,4,8,420,302,ITF,ITF5,17,Basilicata,Basilicata,559084,126244,22.58,0.13
1941,2021-02-19,BAS,1622,737,885,219,360,66,0,1,13,962,0,0,1,1560,62,ITF,ITF5,17,Basilicata,Basilicata,559084,127866,22.87,0.29
1942,2021-05-12,BAS,4709,2320,2389,22,30,0,30,429,681,100,3094,14,309,2839,1870,ITF,ITF5,17,Basilicata,Basilicata,559084,132575,23.71,0.84
1943,2021-01-08,BAS,554,219,335,383,33,59,0,36,0,0,0,0,43,554,0,ITF,ITF5,17,Basilicata,Basilicata,559084,133129,23.81,0.1
1944,2021-02-14,BAS,151,48,103,55,12,65,0,0,1,18,0,0,0,151,0,ITF,ITF5,17,Basilicata,Basilicata,559084,133280,23.84,0.03
1945,2021-03-26,BAS,1956,703,1253,195,8,3,473,13,9,1210,22,8,15,1695,261,ITF,ITF5,17,Basilicata,Basilicata,559084,135236,24.19,0.35
1946,2021-02-01,BAS,242,91,151,156,24,48,0,4,1,0,0,0,9,46,196,ITF,ITF5,17,Basilicata,Basilicata,559084,135478,24.23,0.04
1947,2021-01-16,BAS,721,304,417,466,17,161,2,17,0,1,0,0,57,721,0,ITF,ITF5,17,Basilicata,Basilicata,559084,136199,24.36,0.13
1948,2021-03-12,BAS,1896,975,921,266,64,37,258,1,8,985,0,274,3,798,1098,ITF,ITF5,17,Basilicata,Basilicata,559084,138095,24.7,0.34
1949,2021-01-19,BAS,199,84,115,78,48,44,0,3,6,8,0,0,12,199,0,ITF,ITF5,17,Basilicata,Basilicata,559084,138294,24.74,0.04
1950,2021-04-01,BAS,2807,1134,1673,78,33,24,279,14,23,2178,103,10,65,2092,715,ITF,ITF5,17,Basilicata,Basilicata,559084,141101,25.24,0.5
1951,2021-04-25,BAS,2985,1458,1527,18,10,12,85,183,648,33,1946,10,40,2930,55,ITF,ITF5,17,Basilicata,Basilicata,559084,144086,25.77,0.53
1952,2021-01-04,BAS,607,271,336,550,49,0,2,1,0,0,0,0,5,607,0,ITF,ITF5,17,Basilicata,Basilicata,559084,144693,25.88,0.11
1953,2021-03-14,BAS,1008,477,531,41,110,8,249,0,3,516,0,79,2,539,469,ITF,ITF5,17,Basilicata,Basilicata,559084,145701,26.06,0.18
1954,2021-04-24,BAS,4545,2197,2348,54,17,1,98,368,873,772,2260,13,89,3532,1013,ITF,ITF5,17,Basilicata,Basilicata,559084,150246,26.87,0.81
1955,2021-03-17,BAS,1450,607,843,22,12,0,2,6,9,1392,0,5,2,27,1423,ITF,ITF5,17,Basilicata,Basilicata,559084,151696,27.13,0.26
1956,2021-04-30,BAS,5283,2373,2910,133,58,2,381,350,886,478,2807,58,130,4117,1166,ITF,ITF5,17,Basilicata,Basilicata,559084,156979,28.08,0.94
1957,2021-04-21,BAS,3917,1834,2083,20,6,0,60,113,230,1492,1960,15,21,2267,1650,ITF,ITF5,17,Basilicata,Basilicata,559084,160896,28.78,0.7
1958,2021-05-04,BAS,4132,1989,2143,60,12,0,89,370,763,190,2438,10,200,3609,523,ITF,ITF5,17,Basilicata,Basilicata,559084,165028,29.52,0.74
1959,2021-02-12,BAS,775,332,443,288,192,90,0,3,4,192,0,6,0,744,31,ITF,ITF5,17,Basilicata,Basilicata,559084,165803,29.66,0.14
1960,2021-05-11,BAS,2650,1350,1300,38,13,11,21,402,422,38,1266,7,432,1617,1033,ITF,ITF5,17,Basilicata,Basilicata,559084,168453,30.13,0.47
1961,2021-02-16,BAS,905,377,528,250,93,67,0,1,1,492,0,1,0,807,98,ITF,ITF5,17,Basilicata,Basilicata,559084,169358,30.29,0.16
1962,2021-02-27,BAS,1990,858,1132,103,123,21,0,16,6,1682,4,0,35,1826,164,ITF,ITF5,17,Basilicata,Basilicata,559084,171348,30.65,0.36
1963,2021-02-17,BAS,1135,493,642,123,53,57,1,0,12,885,0,1,3,1059,76,ITF,ITF5,17,Basilicata,Basilicata,559084,172483,30.85,0.2
1964,2021-02-04,BAS,1095,442,653,639,106,281,0,26,0,3,0,0,40,63,1032,ITF,ITF5,17,Basilicata,Basilicata,559084,173578,31.05,0.2
1965,2021-04-27,BAS,4724,2242,2482,81,21,5,23,340,1158,214,2793,18,71,4399,325,ITF,ITF5,17,Basilicata,Basilicata,559084,178302,31.89,0.84
1966,2021-03-31,BAS,3095,1258,1837,69,46,0,127,20,13,2624,131,20,45,2313,782,ITF,ITF5,17,Basilicata,Basilicata,559084,181397,32.45,0.55
1967,2021-01-06,BAS,294,129,165,229,9,36,0,6,0,0,0,0,14,294,0,ITF,ITF5,17,Basilicata,Basilicata,559084,181691,32.5,0.05
1968,2021-03-01,BAS,542,279,263,122,107,4,50,1,1,169,0,86,2,376,166,ITF,ITF5,17,Basilicata,Basilicata,559084,182233,32.59,0.1
1969,2021-02-18,BAS,1070,401,669,270,59,150,0,0,0,588,0,0,3,855,215,ITF,ITF5,17,Basilicata,Basilicata,559084,183303,32.79,0.19
1970,2021-02-21,BAS,284,113,171,16,1,11,1,0,1,254,0,0,0,284,0,ITF,ITF5,17,Basilicata,Basilicata,559084,183587,32.84,0.05
1971,2021-05-06,BAS,5034,2429,2605,68,23,2,64,418,931,84,3184,11,249,3473,1561,ITF,ITF5,17,Basilicata,Basilicata,559084,188621,33.74,0.9
1972,2021-02-25,BAS,1787,736,1051,67,3,0,0,1,6,1705,0,1,4,1741,46,ITF,ITF5,17,Basilicata,Basilicata,559084,190408,34.06,0.32
1973,2021-02-22,BAS,1790,773,1017,125,23,2,0,2,7,1627,0,0,4,1737,53,ITF,ITF5,17,Basilicata,Basilicata,559084,192198,34.38,0.32
1974,2021-02-28,BAS,803,342,461,33,29,0,0,0,0,740,0,0,1,775,28,ITF,ITF5,17,Basilicata,Basilicata,559084,193001,34.52,0.14
1975,2021-03-18,BAS,1348,562,786,32,0,0,0,1,7,1306,0,0,2,24,1324,ITF,ITF5,17,Basilicata,Basilicata,559084,194349,34.76,0.24
1976,2021-04-29,BAS,4832,2385,2447,190,62,1,13,549,833,76,2950,33,125,4409,423,ITF,ITF5,17,Basilicata,Basilicata,559084,199181,35.63,0.86
1977,2021-02-08,BAS,557,193,364,436,72,49,0,0,0,0,0,0,0,151,406,ITF,ITF5,17,Basilicata,Basilicata,559084,199738,35.73,0.1
1978,2021-04-18,BAS,3719,1845,1874,28,6,0,17,44,214,1342,2050,15,3,2351,1368,ITF,ITF5,17,Basilicata,Basilicata,559084,203457,36.39,0.67
1979,2021-04-03,BAS,1807,749,1058,38,3,0,314,12,7,1102,295,14,22,1472,335,ITF,ITF5,17,Basilicata,Basilicata,559084,205264,36.71,0.32
1980,2021-03-29,BAS,2404,869,1535,65,13,1,532,14,9,1667,63,8,32,2147,257,ITF,ITF5,17,Basilicata,Basilicata,559084,207668,37.14,0.43
1981,2021-03-15,BAS,2349,982,1367,78,30,0,266,3,6,1935,1,23,7,520,1829,ITF,ITF5,17,Basilicata,Basilicata,559084,210017,37.56,0.42
1982,2021-02-02,BAS,367,143,224,212,15,102,0,9,1,0,0,2,26,175,192,ITF,ITF5,17,Basilicata,Basilicata,559084,210384,37.63,0.07
1983,2021-02-03,BAS,666,300,366,425,15,172,0,40,1,0,0,0,13,32,634,ITF,ITF5,17,Basilicata,Basilicata,559084,211050,37.75,0.12
1984,2021-05-05,BAS,4331,2046,2285,72,43,21,119,554,687,176,2429,20,210,3441,890,ITF,ITF5,17,Basilicata,Basilicata,559084,215381,38.52,0.77
1985,2021-01-30,BAS,704,227,477,424,82,126,0,20,0,0,0,0,52,128,576,ITF,ITF5,17,Basilicata,Basilicata,559084,216085,38.65,0.13
1986,2021-01-03,BAS,900,344,556,790,53,0,2,7,0,0,0,0,48,900,0,ITF,ITF5,17,Basilicata,Basilicata,559084,216985,38.81,0.16
1987,2021-04-23,BAS,4531,2179,2352,75,29,3,46,233,996,759,2247,22,121,3528,1003,ITF,ITF5,17,Basilicata,Basilicata,559084,221516,39.62,0.81
1988,2021-01-10,BAS,77,24,53,9,2,0,0,7,4,0,0,0,55,77,0,ITF,ITF5,17,Basilicata,Basilicata,559084,221593,39.64,0.01
1989,2021-03-30,BAS,2735,1154,1581,36,13,0,355,4,13,2181,100,13,20,2390,345,ITF,ITF5,17,Basilicata,Basilicata,559084,224328,40.12,0.49
1990,2021-02-05,BAS,984,443,541,611,38,191,0,23,8,5,0,0,108,64,920,ITF,ITF5,17,Basilicata,Basilicata,559084,225312,40.3,0.18
1991,2021-01-13,BAS,916,387,529,699,11,148,1,37,1,1,0,0,18,916,0,ITF,ITF5,17,Basilicata,Basilicata,559084,226228,40.46,0.16
1992,2021-02-06,BAS,902,367,535,546,186,168,1,1,0,0,0,0,0,146,756,ITF,ITF5,17,Basilicata,Basilicata,559084,227130,40.63,0.16
1993,2021-03-24,BAS,1704,671,1033,70,24,0,527,6,8,980,6,52,31,1349,355,ITF,ITF5,17,Basilicata,Basilicata,559084,228834,40.93,0.3
1994,2021-04-02,BAS,2319,1046,1273,98,35,2,25,18,32,1736,274,42,57,1714,605,ITF,ITF5,17,Basilicata,Basilicata,559084,231153,41.34,0.41
1995,2021-01-24,BAS,836,300,536,708,46,1,0,13,0,0,0,0,68,58,778,ITF,ITF5,17,Basilicata,Basilicata,559084,231989,41.49,0.15
1996,2021-04-16,BAS,3338,1642,1696,31,21,1,54,19,35,889,2268,6,14,2421,917,ITF,ITF5,17,Basilicata,Basilicata,559084,235327,42.09,0.6
1997,2021-03-22,BAS,1175,531,644,47,68,0,385,2,5,642,8,16,2,628,547,ITF,ITF5,17,Basilicata,Basilicata,559084,236502,42.3,0.21
1998,2021-04-10,BAS,1031,377,654,64,11,8,483,5,4,147,281,21,7,950,81,ITF,ITF5,17,Basilicata,Basilicata,559084,237533,42.49,0.18
1999,2021-02-13,BAS,799,313,486,279,155,115,0,5,14,201,0,2,28,738,61,ITF,ITF5,17,Basilicata,Basilicata,559084,238332,42.63,0.14
2000,2021-03-21,PUG,2689,1224,1465,462,32,13,285,0,5,1792,15,38,47,585,2104,ITF,ITF4,16,Puglia,Puglia,4029053,2689,0.07,0.07
2001,2021-01-30,PUG,5527,2515,3012,4751,325,419,6,0,2,3,5,4,12,411,5116,ITF,ITF4,16,Puglia,Puglia,4029053,8216,0.2,0.14
2002,2021-01-14,PUG,4067,1588,2479,3185,377,499,2,1,0,0,0,0,3,4067,0,ITF,ITF4,16,Puglia,Puglia,4029053,12283,0.3,0.1
2003,2021-05-10,PUG,36258,15991,20267,431,364,55,3519,10926,5546,2257,12394,390,376,18865,17393,ITF,ITF4,16,Puglia,Puglia,4029053,48541,1.2,0.9
2004,2021-01-24,PUG,1669,749,920,1286,231,150,0,0,0,1,1,0,0,153,1516,ITF,ITF4,16,Puglia,Puglia,4029053,50210,1.25,0.04
2005,2021-04-20,PUG,20849,9677,11172,494,210,121,92,1403,8988,3365,5881,76,219,17407,3442,ITF,ITF4,16,Puglia,Puglia,4029053,71059,1.76,0.52
2006,2021-03-05,PUG,17100,6796,10304,2310,828,274,7065,34,23,5336,18,1176,36,14936,2164,ITF,ITF4,16,Puglia,Puglia,4029053,88159,2.19,0.42
2007,2021-05-06,PUG,38309,16732,21577,581,452,106,3821,6510,7118,3319,15251,625,526,19010,19299,ITF,ITF4,16,Puglia,Puglia,4029053,126468,3.14,0.95
2008,2021-03-15,PUG,11761,5616,6145,2091,647,116,685,24,30,7671,23,461,13,5265,6496,ITF,ITF4,16,Puglia,Puglia,4029053,138229,3.43,0.29
2009,2021-03-03,PUG,16627,6682,9945,2043,639,287,6712,5,6,5987,2,943,3,14728,1899,ITF,ITF4,16,Puglia,Puglia,4029053,154856,3.84,0.41
2010,2021-03-07,PUG,4915,1940,2975,930,101,3,1853,4,4,1681,7,326,6,4344,571,ITF,ITF4,16,Puglia,Puglia,4029053,159771,3.97,0.12
2011,2021-04-14,PUG,31721,14964,16757,626,219,40,83,4651,15239,4925,5503,123,312,28413,3308,ITF,ITF4,16,Puglia,Puglia,4029053,191492,4.75,0.79
2012,2021-04-25,PUG,10947,5066,5881,184,89,43,145,928,3187,1119,5049,11,192,9796,1151,ITF,ITF4,16,Puglia,Puglia,4029053,202439,5.02,0.27
2013,2021-01-13,PUG,4538,1730,2808,3973,329,231,2,1,0,0,0,0,2,4538,0,ITF,ITF4,16,Puglia,Puglia,4029053,206977,5.14,0.11
2014,2021-04-19,PUG,27386,12714,14672,547,142,76,57,1993,14659,3259,6427,50,176,24356,3030,ITF,ITF4,16,Puglia,Puglia,4029053,234363,5.82,0.68
2015,2021-02-23,PUG,9343,4420,4923,1789,362,168,1019,11,15,5554,1,405,19,8868,475,ITF,ITF4,16,Puglia,Puglia,4029053,243706,6.05,0.23
2016,2021-02-12,PUG,4099,1629,2470,2939,443,689,5,0,0,5,5,10,3,3008,1091,ITF,ITF4,16,Puglia,Puglia,4029053,247805,6.15,0.1
2017,2021-03-20,PUG,8239,3725,4514,1430,87,54,811,23,51,5649,43,70,21,3656,4583,ITF,ITF4,16,Puglia,Puglia,4029053,256044,6.35,0.2
2018,2021-04-26,PUG,25901,11854,14047,423,232,102,126,6475,8074,2760,7489,34,186,22621,3280,ITF,ITF4,16,Puglia,Puglia,4029053,281945,7.0,0.64
2019,2021-01-27,PUG,4576,1928,2648,3932,239,396,2,1,3,0,0,0,3,610,3966,ITF,ITF4,16,Puglia,Puglia,4029053,286521,7.11,0.11
2020,2021-03-18,PUG,9396,4250,5146,1755,488,225,90,17,27,6690,44,40,20,3281,6115,ITF,ITF4,16,Puglia,Puglia,4029053,295917,7.34,0.23
2021,2021-02-24,PUG,10026,4699,5327,1925,601,117,560,9,12,6410,0,375,17,9437,589,ITF,ITF4,16,Puglia,Puglia,4029053,305943,7.59,0.25
2022,2021-01-29,PUG,6192,2659,3533,5516,376,288,3,3,0,1,0,0,5,436,5756,ITF,ITF4,16,Puglia,Puglia,4029053,312135,7.75,0.15
2023,2021-02-13,PUG,3725,1455,2270,2886,517,290,7,0,2,5,0,18,0,3030,695,ITF,ITF4,16,Puglia,Puglia,4029053,315860,7.84,0.09
2024,2021-05-08,PUG,52587,22230,30357,634,348,190,6135,11267,5907,4284,22439,532,851,23639,28948,ITF,ITF4,16,Puglia,Puglia,4029053,368447,9.14,1.31
2025,2021-01-22,PUG,1409,578,831,878,154,373,1,0,0,1,1,0,1,991,418,ITF,ITF4,16,Puglia,Puglia,4029053,369856,9.18,0.03
2026,2021-02-10,PUG,3642,1435,2207,2518,254,869,1,0,0,0,0,0,0,2132,1510,ITF,ITF4,16,Puglia,Puglia,4029053,373498,9.27,0.09
2027,2021-01-09,PUG,4876,2247,2629,4322,255,247,1,5,1,4,5,0,36,4876,0,ITF,ITF4,16,Puglia,Puglia,4029053,378374,9.39,0.12
2028,2021-01-21,PUG,2131,903,1228,1431,167,528,0,0,1,2,0,0,2,1271,860,ITF,ITF4,16,Puglia,Puglia,4029053,380505,9.44,0.05
2029,2021-03-08,PUG,14641,6073,8568,2142,840,224,3920,13,9,6829,7,635,22,12244,2397,ITF,ITF4,16,Puglia,Puglia,4029053,395146,9.81,0.36
2030,2021-05-07,PUG,48154,21481,26673,620,418,70,3349,12467,8290,3376,18200,683,681,25360,22794,ITF,ITF4,16,Puglia,Puglia,4029053,443300,11.0,1.2
2031,2021-02-15,PUG,3253,1268,1985,2248,527,454,3,0,1,1,1,7,11,2633,620,ITF,ITF4,16,Puglia,Puglia,4029053,446553,11.08,0.08
2032,2021-05-11,PUG,29902,13139,16763,350,307,39,3491,4596,5911,2064,12149,488,507,12839,17063,ITF,ITF4,16,Puglia,Puglia,4029053,476455,11.83,0.74
2033,2021-03-19,PUG,7948,3646,4302,1762,279,70,260,13,20,5382,74,66,22,3406,4542,ITF,ITF4,16,Puglia,Puglia,4029053,484403,12.02,0.2
2034,2021-03-29,PUG,12838,5987,6851,1595,587,241,1129,35,140,7961,672,409,69,6119,6719,ITF,ITF4,16,Puglia,Puglia,4029053,497241,12.34,0.32
2035,2021-03-17,PUG,10274,4682,5592,1793,464,64,70,29,37,7681,39,51,46,4171,6103,ITF,ITF4,16,Puglia,Puglia,4029053,507515,12.6,0.25
2036,2021-03-13,PUG,10372,4093,6279,2159,279,131,3322,7,12,4129,46,255,32,8642,1730,ITF,ITF4,16,Puglia,Puglia,4029053,517887,12.85,0.26
2037,2021-01-28,PUG,5465,2271,3194,4782,339,327,3,3,0,0,0,6,5,472,4993,ITF,ITF4,16,Puglia,Puglia,4029053,523352,12.99,0.14
2038,2021-04-11,PUG,16402,7229,9173,330,87,14,119,361,1006,5445,8922,17,101,14747,1655,ITF,ITF4,16,Puglia,Puglia,4029053,539754,13.4,0.41
2039,2021-02-26,PUG,13693,5019,8674,2129,681,298,4681,10,9,5228,18,616,23,12663,1030,ITF,ITF4,16,Puglia,Puglia,4029053,553447,13.74,0.34
2040,2021-01-04,PUG,4504,2013,2491,4398,88,11,1,0,0,0,0,0,6,4504,0,ITF,ITF4,16,Puglia,Puglia,4029053,557951,13.85,0.11
2041,2021-01-19,PUG,1221,452,769,531,113,577,0,0,0,0,0,0,0,1211,10,ITF,ITF4,16,Puglia,Puglia,4029053,559172,13.88,0.03
2042,2021-03-02,PUG,16298,6048,10250,1399,665,113,8177,17,17,4352,5,1540,13,14992,1306,ITF,ITF4,16,Puglia,Puglia,4029053,575470,14.28,0.4
2043,2021-02-03,PUG,5032,2003,3029,4366,476,185,3,2,0,0,0,0,0,730,4302,ITF,ITF4,16,Puglia,Puglia,4029053,580502,14.41,0.12
2044,2021-04-07,PUG,15181,6718,8463,1143,445,167,363,184,559,8682,3249,145,244,8571,6610,ITF,ITF4,16,Puglia,Puglia,4029053,595683,14.78,0.38
2045,2021-01-23,PUG,3039,1293,1746,2525,176,309,1,3,6,14,0,0,5,886,2153,ITF,ITF4,16,Puglia,Puglia,4029053,598722,14.86,0.08
2046,2021-04-08,PUG,17353,7529,9824,1030,329,181,506,216,832,9699,4312,88,160,11229,6124,ITF,ITF4,16,Puglia,Puglia,4029053,616075,15.29,0.43
2047,2021-01-18,PUG,1845,770,1075,1183,215,444,0,0,0,1,0,1,1,1496,349,ITF,ITF4,16,Puglia,Puglia,4029053,617920,15.34,0.05
2048,2021-01-06,PUG,3943,1665,2278,3314,224,372,0,11,1,0,0,0,21,3943,0,ITF,ITF4,16,Puglia,Puglia,4029053,621863,15.43,0.1
2049,2021-01-08,PUG,5587,2343,3244,4875,373,328,3,0,0,0,3,4,1,5587,0,ITF,ITF4,16,Puglia,Puglia,4029053,627450,15.57,0.14
2050,2021-03-01,PUG,15052,5841,9211,1974,724,83,5150,7,15,6182,4,891,22,13682,1370,ITF,ITF4,16,Puglia,Puglia,4029053,642502,15.95,0.37
2051,2021-04-30,PUG,34152,15262,18890,806,424,194,163,4086,8209,7003,12670,121,476,22328,11824,ITF,ITF4,16,Puglia,Puglia,4029053,676654,16.79,0.85
2052,2021-03-06,PUG,15913,5947,9966,2176,472,99,7061,16,14,5468,25,567,15,13845,2068,ITF,ITF4,16,Puglia,Puglia,4029053,692567,17.19,0.39
2053,2020-12-31,PUG,1635,782,853,1549,38,44,3,0,1,0,0,0,0,1635,0,ITF,ITF4,16,Puglia,Puglia,4029053,694202,17.23,0.04
2054,2021-03-27,PUG,12095,5675,6420,971,592,71,1372,35,90,7557,1115,216,76,6950,5145,ITF,ITF4,16,Puglia,Puglia,4029053,706297,17.53,0.3
2055,2021-04-22,PUG,22662,10354,12308,779,280,215,115,1829,9127,4174,5810,56,277,17809,4853,ITF,ITF4,16,Puglia,Puglia,4029053,728959,18.09,0.56
2056,2021-02-09,PUG,3839,1569,2270,2533,661,622,6,2,3,9,1,0,2,2167,1672,ITF,ITF4,16,Puglia,Puglia,4029053,732798,18.19,0.1
2057,2021-02-28,PUG,6005,1798,4207,560,136,26,3533,6,3,1543,1,194,3,5819,186,ITF,ITF4,16,Puglia,Puglia,4029053,738803,18.34,0.15
2058,2021-03-26,PUG,11437,5336,6101,1611,919,287,1341,38,119,6465,98,442,117,6794,4643,ITF,ITF4,16,Puglia,Puglia,4029053,750240,18.62,0.28
2059,2021-04-04,PUG,5937,2953,2984,98,25,7,48,29,46,285,5323,26,50,5931,6,ITF,ITF4,16,Puglia,Puglia,4029053,756177,18.77,0.15
2060,2021-01-31,PUG,1808,825,983,1502,103,198,2,1,0,2,0,0,0,73,1735,ITF,ITF4,16,Puglia,Puglia,4029053,757985,18.81,0.04
2061,2021-01-11,PUG,3751,1588,2163,3223,336,175,2,4,0,0,0,6,5,3751,0,ITF,ITF4,16,Puglia,Puglia,4029053,761736,18.91,0.09
2062,2021-02-21,PUG,2176,472,1704,537,73,49,1460,1,5,32,0,12,7,2115,61,ITF,ITF4,16,Puglia,Puglia,4029053,763912,18.96,0.05
2063,2021-01-16,PUG,2507,1033,1474,1682,300,518,1,1,1,0,0,0,4,2507,0,ITF,ITF4,16,Puglia,Puglia,4029053,766419,19.02,0.06
2064,2021-04-05,PUG,12681,6164,6517,57,59,4,30,59,240,943,11207,12,70,12147,534,ITF,ITF4,16,Puglia,Puglia,4029053,779100,19.34,0.31
2065,2021-01-20,PUG,1546,541,1005,781,125,627,0,0,3,9,0,0,1,1538,8,ITF,ITF4,16,Puglia,Puglia,4029053,780646,19.38,0.04
2066,2021-01-02,PUG,2948,1300,1648,2829,91,23,4,0,0,0,0,0,1,2948,0,ITF,ITF4,16,Puglia,Puglia,4029053,783594,19.45,0.07
2067,2021-02-02,PUG,4339,1843,2496,3629,389,317,3,1,0,0,0,0,0,593,3746,ITF,ITF4,16,Puglia,Puglia,4029053,787933,19.56,0.11
2068,2021-03-11,PUG,14356,6186,8170,2918,934,515,3679,6,8,5277,8,991,20,11249,3107,ITF,ITF4,16,Puglia,Puglia,4029053,802289,19.91,0.36
2069,2021-01-15,PUG,4552,1866,2686,3599,369,558,4,2,0,1,1,13,5,4552,0,ITF,ITF4,16,Puglia,Puglia,4029053,806841,20.03,0.11
2070,2021-04-01,PUG,13476,6147,7329,1246,453,221,1037,86,329,8073,1576,320,135,7137,6339,ITF,ITF4,16,Puglia,Puglia,4029053,820317,20.36,0.33
2071,2021-04-18,PUG,22447,10736,11711,81,39,4,9,4047,9381,1435,7232,12,207,21380,1067,ITF,ITF4,16,Puglia,Puglia,4029053,842764,20.92,0.56
2072,2020-12-27,PUG,509,252,257,440,6,63,0,0,0,0,0,0,0,509,0,ITF,ITF4,16,Puglia,Puglia,4029053,843273,20.93,0.01
2073,2021-02-17,PUG,4270,1745,2525,2479,1182,598,1,0,1,2,1,1,5,3669,601,ITF,ITF4,16,Puglia,Puglia,4029053,847543,21.04,0.11
2074,2021-04-21,PUG,22941,10588,12353,680,243,60,377,1964,12320,2777,4269,115,136,19208,3733,ITF,ITF4,16,Puglia,Puglia,4029053,870484,21.61,0.57
2075,2021-05-04,PUG,34314,14461,19853,610,227,61,3969,5358,9305,3189,10954,324,317,18092,16222,ITF,ITF4,16,Puglia,Puglia,4029053,904798,22.46,0.85
2076,2021-05-09,PUG,29795,12176,17619,140,204,18,5725,7606,3070,1954,10401,100,577,14544,15251,ITF,ITF4,16,Puglia,Puglia,4029053,934593,23.2,0.74
2077,2021-03-24,PUG,12966,5976,6990,1908,628,192,1544,29,58,7921,85,497,104,5714,7252,ITF,ITF4,16,Puglia,Puglia,4029053,947559,23.52,0.32
2078,2021-03-23,PUG,10398,4991,5407,1851,414,51,991,29,44,6097,52,744,125,3936,6462,ITF,ITF4,16,Puglia,Puglia,4029053,957957,23.78,0.26
2079,2021-04-27,PUG,26264,11876,14388,653,262,232,237,5227,7462,4193,7651,64,283,20758,5506,ITF,ITF4,16,Puglia,Puglia,4029053,984221,24.43,0.65
2080,2021-02-16,PUG,3378,1451,1927,2154,740,412,2,7,0,5,0,16,42,2734,644,ITF,ITF4,16,Puglia,Puglia,4029053,987599,24.51,0.08
2081,2021-03-14,PUG,3314,1428,1886,958,89,107,1001,28,10,976,9,43,93,2503,811,ITF,ITF4,16,Puglia,Puglia,4029053,990913,24.59,0.08
2082,2021-04-24,PUG,28942,13164,15778,552,291,91,74,2499,11254,3606,10092,33,450,24978,3964,ITF,ITF4,16,Puglia,Puglia,4029053,1019855,25.31,0.72
2083,2021-04-02,PUG,12533,5739,6794,894,398,298,695,121,648,7483,1492,193,311,8014,4519,ITF,ITF4,16,Puglia,Puglia,4029053,1032388,25.62,0.31
2084,2021-01-12,PUG,4208,1769,2439,3635,343,218,5,2,3,1,0,0,1,4208,0,ITF,ITF4,16,Puglia,Puglia,4029053,1036596,25.73,0.1
2085,2021-04-12,PUG,28986,13656,15330,504,240,29,158,2195,14827,4849,5818,152,214,26162,2824,ITF,ITF4,16,Puglia,Puglia,4029053,1065582,26.45,0.72
2086,2021-01-25,PUG,3822,1679,2143,3472,170,169,1,1,0,2,1,0,6,423,3399,ITF,ITF4,16,Puglia,Puglia,4029053,1069404,26.54,0.09
2087,2021-05-12,PUG,32246,14461,17785,170,371,202,3248,11659,3587,1469,8824,517,2199,21293,10953,ITF,ITF4,16,Puglia,Puglia,4029053,1101650,27.34,0.8
2088,2021-01-01,PUG,146,60,86,145,1,0,0,0,0,0,0,0,0,146,0,ITF,ITF4,16,Puglia,Puglia,4029053,1101796,27.35,0.0
2089,2021-02-11,PUG,3699,1402,2297,2577,391,725,2,0,0,0,0,0,4,2422,1277,ITF,ITF4,16,Puglia,Puglia,4029053,1105495,27.44,0.09
2090,2021-03-09,PUG,13163,5742,7421,1871,714,225,3548,16,9,5628,7,1090,55,11164,1999,ITF,ITF4,16,Puglia,Puglia,4029053,1118658,27.76,0.33
2091,2021-03-04,PUG,15050,5870,9180,1536,590,325,6301,20,15,4777,5,1452,29,13662,1388,ITF,ITF4,16,Puglia,Puglia,4029053,1133708,28.14,0.37
2092,2021-04-29,PUG,25509,11781,13728,550,386,128,70,3014,9063,4111,7839,33,315,18904,6605,ITF,ITF4,16,Puglia,Puglia,4029053,1159217,28.77,0.63
2093,2021-03-12,PUG,13914,6103,7811,3282,1136,432,3026,9,16,5006,9,986,12,9990,3924,ITF,ITF4,16,Puglia,Puglia,4029053,1173131,29.12,0.35
2094,2021-01-07,PUG,5714,2455,3259,5218,263,217,3,4,0,0,2,7,0,5714,0,ITF,ITF4,16,Puglia,Puglia,4029053,1178845,29.26,0.14
2095,2021-02-22,PUG,9624,4529,5095,1441,650,140,318,14,19,6809,5,217,11,9292,332,ITF,ITF4,16,Puglia,Puglia,4029053,1188469,29.5,0.24
2096,2021-02-08,PUG,3993,1611,2382,2966,605,389,1,1,0,1,1,26,3,1598,2395,ITF,ITF4,16,Puglia,Puglia,4029053,1192462,29.6,0.1
2097,2021-02-01,PUG,3964,1659,2305,3446,287,208,5,4,0,0,0,6,8,375,3589,ITF,ITF4,16,Puglia,Puglia,4029053,1196426,29.69,0.1
2098,2021-02-20,PUG,2968,1079,1889,2113,236,168,426,0,1,9,1,4,10,2712,256,ITF,ITF4,16,Puglia,Puglia,4029053,1199394,29.77,0.07
2099,2021-04-10,PUG,30540,12971,17569,637,236,122,282,616,1594,11792,14869,149,243,26372,4168,ITF,ITF4,16,Puglia,Puglia,4029053,1229934,30.53,0.76
2100,2021-02-05,PUG,5633,2272,3361,4571,512,526,6,0,0,0,0,14,4,1331,4302,ITF,ITF4,16,Puglia,Puglia,4029053,1235567,30.67,0.14
2101,2021-03-22,PUG,9345,4550,4795,614,368,12,1071,12,38,6753,49,362,66,3700,5645,ITF,ITF4,16,Puglia,Puglia,4029053,1244912,30.9,0.23
2102,2021-02-27,PUG,14136,4787,9349,1589,656,181,6188,14,8,5120,17,350,13,12956,1180,ITF,ITF4,16,Puglia,Puglia,4029053,1259048,31.25,0.35
2103,2021-05-05,PUG,37954,16602,21352,549,221,135,3679,11603,5921,3204,11606,711,325,23985,13969,ITF,ITF4,16,Puglia,Puglia,4029053,1297002,32.19,0.94
2104,2021-01-17,PUG,1308,590,718,818,154,336,0,0,0,0,0,0,0,1239,69,ITF,ITF4,16,Puglia,Puglia,4029053,1298310,32.22,0.03
2105,2021-03-31,PUG,14029,6346,7683,1790,564,177,811,30,189,8642,1346,371,109,8476,5553,ITF,ITF4,16,Puglia,Puglia,4029053,1312339,32.57,0.35
2106,2021-02-06,PUG,4510,1916,2594,3493,484,527,3,0,1,0,0,0,2,1589,2921,ITF,ITF4,16,Puglia,Puglia,4029053,1316849,32.68,0.11
2107,2021-02-04,PUG,5897,2357,3540,4444,792,653,6,0,0,0,1,0,1,1167,4730,ITF,ITF4,16,Puglia,Puglia,4029053,1322746,32.83,0.15
2108,2021-04-16,PUG,35557,16709,18848,694,283,135,212,4926,14889,4594,9397,100,327,32270,3287,ITF,ITF4,16,Puglia,Puglia,4029053,1358303,33.71,0.88
2109,2021-02-18,PUG,4377,1847,2530,2715,960,680,2,1,1,5,1,11,1,3773,604,ITF,ITF4,16,Puglia,Puglia,4029053,1362680,33.82,0.11
2110,2021-05-02,PUG,21118,9579,11539,94,92,17,39,3955,4831,3489,8266,20,315,13882,7236,ITF,ITF4,16,Puglia,Puglia,4029053,1383798,34.35,0.52
2111,2021-04-03,PUG,10471,4592,5879,919,238,135,541,122,364,5417,2430,18,287,6925,3546,ITF,ITF4,16,Puglia,Puglia,4029053,1394269,34.61,0.26
2112,2021-03-28,PUG,3523,1650,1873,638,151,47,119,6,11,2016,520,3,12,1198,2325,ITF,ITF4,16,Puglia,Puglia,4029053,1397792,34.69,0.09
2113,2021-04-06,PUG,13361,5908,7453,747,379,162,221,88,505,8458,2581,131,89,6740,6621,ITF,ITF4,16,Puglia,Puglia,4029053,1411153,35.02,0.33
2114,2021-04-15,PUG,32125,14973,17152,558,224,77,121,4283,13216,5137,8075,96,338,28631,3494,ITF,ITF4,16,Puglia,Puglia,4029053,1443278,35.82,0.8
2115,2021-04-17,PUG,39551,18719,20832,529,171,87,183,4783,13035,5034,15168,84,477,35978,3573,ITF,ITF4,16,Puglia,Puglia,4029053,1482829,36.8,0.98
2116,2021-03-10,PUG,14378,6234,8144,2592,1081,355,3083,6,33,6545,7,655,21,11262,3116,ITF,ITF4,16,Puglia,Puglia,4029053,1497207,37.16,0.36
2117,2021-02-19,PUG,4730,2010,2720,3065,1190,389,7,2,1,2,0,49,25,4339,391,ITF,ITF4,16,Puglia,Puglia,4029053,1501937,37.28,0.12
2118,2021-04-28,PUG,19516,8735,10781,334,163,93,85,2238,7626,3234,5579,56,108,14797,4719,ITF,ITF4,16,Puglia,Puglia,4029053,1521453,37.76,0.48
2119,2021-02-14,PUG,786,348,438,683,32,70,1,0,0,0,0,0,0,663,123,ITF,ITF4,16,Puglia,Puglia,4029053,1522239,37.78,0.02
2120,2021-03-16,PUG,9859,4682,5177,2200,554,91,40,21,23,6634,130,143,23,3502,6357,ITF,ITF4,16,Puglia,Puglia,4029053,1532098,38.03,0.24
2121,2021-01-03,PUG,2007,943,1064,1818,38,145,1,1,1,0,3,0,0,2007,0,ITF,ITF4,16,Puglia,Puglia,4029053,1534105,38.08,0.05
2122,2021-04-09,PUG,21773,9346,12427,1114,547,169,418,475,1165,9781,7633,146,325,17154,4619,ITF,ITF4,16,Puglia,Puglia,4029053,1555878,38.62,0.54
2123,2021-02-25,PUG,11936,5047,6889,1747,764,420,2422,19,15,5784,2,729,34,10778,1158,ITF,ITF4,16,Puglia,Puglia,4029053,1567814,38.91,0.3
2124,2021-05-03,PUG,32921,14700,18221,471,321,188,1451,11365,6037,3483,9270,80,255,22303,10618,ITF,ITF4,16,Puglia,Puglia,4029053,1600735,39.73,0.82
2125,2021-04-13,PUG,28518,13525,14993,661,251,60,118,4554,10819,5307,6269,122,357,25126,3392,ITF,ITF4,16,Puglia,Puglia,4029053,1629253,40.44,0.71
2126,2021-01-26,PUG,5359,2396,2963,4851,269,232,0,2,1,1,0,0,3,571,4788,ITF,ITF4,16,Puglia,Puglia,4029053,1634612,40.57,0.13
2127,2021-01-05,PUG,5101,2248,2853,4785,178,98,4,9,9,5,0,0,13,5101,0,ITF,ITF4,16,Puglia,Puglia,4029053,1639713,40.7,0.13
2128,2021-03-30,PUG,11837,5487,6350,1332,494,266,960,48,166,7130,1014,372,55,5970,5867,ITF,ITF4,16,Puglia,Puglia,4029053,1651550,40.99,0.29
2129,2021-01-10,PUG,2349,1061,1288,2038,106,202,0,2,0,0,1,0,0,2349,0,ITF,ITF4,16,Puglia,Puglia,4029053,1653899,41.05,0.06
2130,2020-12-30,PUG,1,0,1,1,0,0,0,0,0,0,0,0,0,1,0,ITF,ITF4,16,Puglia,Puglia,4029053,1653900,41.05,0.0
2131,2021-04-23,PUG,28818,13388,15430,644,241,190,104,2456,12974,4508,7102,196,403,23816,5002,ITF,ITF4,16,Puglia,Puglia,4029053,1682718,41.76,0.72
2132,2021-03-25,PUG,10871,5277,5594,1271,671,184,657,22,50,7196,59,675,86,4647,6224,ITF,ITF4,16,Puglia,Puglia,4029053,1693589,42.03,0.27
2133,2021-02-07,PUG,1578,669,909,1039,227,309,1,0,2,0,0,0,0,253,1325,ITF,ITF4,16,Puglia,Puglia,4029053,1695167,42.07,0.04
2134,2021-05-01,PUG,27111,12433,14678,174,163,95,27,3363,5467,3954,13440,15,413,16512,10599,ITF,ITF4,16,Puglia,Puglia,4029053,1722278,42.75,0.67
2135,2021-01-31,LAZ,4458,1853,2605,3572,142,244,0,58,44,154,0,0,244,475,3983,ITI,ITI4,12,Lazio,Lazio,5879082,4458,0.08,0.08
2136,2021-01-26,LAZ,7956,3125,4831,6594,219,631,0,86,47,162,0,0,217,724,7232,ITI,ITI4,12,Lazio,Lazio,5879082,12414,0.21,0.14
2137,2021-02-13,LAZ,6608,2624,3984,2125,100,280,0,63,70,3721,0,2,247,6197,411,ITI,ITI4,12,Lazio,Lazio,5879082,19022,0.32,0.11
2138,2021-03-18,LAZ,14218,6074,8144,1025,94,330,6,378,1038,9671,1286,15,375,7829,6389,ITI,ITI4,12,Lazio,Lazio,5879082,33240,0.57,0.24
2139,2021-01-27,LAZ,6113,2386,3727,4797,228,457,0,106,50,150,0,0,325,996,5117,ITI,ITI4,12,Lazio,Lazio,5879082,39353,0.67,0.1
2140,2021-04-13,LAZ,25509,11820,13689,753,109,296,57,4923,8120,7830,2928,23,470,17815,7694,ITI,ITI4,12,Lazio,Lazio,5879082,64862,1.1,0.43
2141,2021-02-10,LAZ,8167,3388,4779,2647,278,634,0,96,80,4057,0,0,375,4850,3317,ITI,ITI4,12,Lazio,Lazio,5879082,73029,1.24,0.14
2142,2021-02-25,LAZ,12654,5517,7137,1754,440,489,2611,139,117,5236,1,1423,444,11604,1050,ITI,ITI4,12,Lazio,Lazio,5879082,85683,1.46,0.22
2143,2021-05-07,LAZ,47843,22445,25398,1522,144,202,104,11504,12188,5155,6193,1545,9286,30336,17507,ITI,ITI4,12,Lazio,Lazio,5879082,133526,2.27,0.81
2144,2021-03-08,LAZ,20061,8311,11750,1580,135,380,4725,937,274,9238,906,1104,782,14788,5273,ITI,ITI4,12,Lazio,Lazio,5879082,153587,2.61,0.34
2145,2021-04-08,LAZ,26626,12159,14467,1233,94,187,59,3609,9056,8458,2535,184,1211,18953,7673,ITI,ITI4,12,Lazio,Lazio,5879082,180213,3.07,0.45
2146,2021-03-02,LAZ,16974,7416,9558,1478,362,229,3767,465,96,8231,328,1280,738,13040,3934,ITI,ITI4,12,Lazio,Lazio,5879082,197187,3.35,0.29
2147,2021-01-10,LAZ,4039,1700,2339,3424,160,252,0,35,27,24,0,0,117,4039,0,ITI,ITI4,12,Lazio,Lazio,5879082,201226,3.42,0.07
2148,2021-05-08,LAZ,45054,20561,24493,1244,111,139,67,11245,11026,4940,5188,1362,9732,29767,15287,ITI,ITI4,12,Lazio,Lazio,5879082,246280,4.19,0.77
2149,2021-01-20,LAZ,4802,1939,2863,3282,233,427,0,91,59,380,0,0,330,3259,1543,ITI,ITI4,12,Lazio,Lazio,5879082,251082,4.27,0.08
2150,2021-05-05,LAZ,46484,21366,25118,1715,164,103,66,10910,12555,4856,5494,951,9670,30863,15621,ITI,ITI4,12,Lazio,Lazio,5879082,297566,5.06,0.79
2151,2021-04-20,LAZ,30926,14189,16737,704,143,230,75,7378,10168,8017,3746,35,430,19663,11263,ITI,ITI4,12,Lazio,Lazio,5879082,328492,5.59,0.53
2152,2021-01-24,LAZ,5694,2229,3465,4945,132,134,0,56,107,170,0,0,150,612,5082,ITI,ITI4,12,Lazio,Lazio,5879082,334186,5.68,0.1
2153,2021-03-15,LAZ,19277,8331,10946,1606,136,411,2535,710,1680,9760,813,967,659,12541,6736,ITI,ITI4,12,Lazio,Lazio,5879082,353463,6.01,0.33
2154,2021-04-07,LAZ,24958,11319,13639,1150,89,190,94,2830,8843,8433,2083,139,1107,17657,7301,ITI,ITI4,12,Lazio,Lazio,5879082,378421,6.44,0.42
2155,2021-01-28,LAZ,8276,3164,5112,6811,381,514,0,112,39,150,0,0,269,780,7496,ITI,ITI4,12,Lazio,Lazio,5879082,386697,6.58,0.14
2156,2021-01-30,LAZ,7009,2891,4118,5299,283,651,0,114,70,187,0,0,405,807,6202,ITI,ITI4,12,Lazio,Lazio,5879082,393706,6.7,0.12
2157,2021-04-14,LAZ,29121,13222,15899,672,87,152,82,5056,9719,9107,3757,19,470,19004,10117,ITI,ITI4,12,Lazio,Lazio,5879082,422827,7.19,0.5
2158,2021-01-11,LAZ,5528,2104,3424,4554,312,569,0,12,9,14,0,0,58,5528,0,ITI,ITI4,12,Lazio,Lazio,5879082,428355,7.29,0.09
2159,2021-03-07,LAZ,14094,5429,8665,1002,27,148,3542,311,137,7469,405,701,352,10501,3593,ITI,ITI4,12,Lazio,Lazio,5879082,442449,7.53,0.24
2160,2021-01-13,LAZ,5669,2145,3524,4147,273,1009,0,39,12,28,0,0,161,5669,0,ITI,ITI4,12,Lazio,Lazio,5879082,448118,7.62,0.1
2161,2021-04-19,LAZ,30008,13640,16368,649,108,157,38,6885,9944,8304,3395,46,482,19381,10627,ITI,ITI4,12,Lazio,Lazio,5879082,478126,8.13,0.51
2162,2021-02-22,LAZ,11454,4990,6464,1780,130,473,2232,36,30,5276,1,1399,97,10952,502,ITI,ITI4,12,Lazio,Lazio,5879082,489580,8.33,0.19
2163,2021-02-24,LAZ,12042,5200,6842,1799,435,337,2404,75,64,5247,0,1329,352,11048,994,ITI,ITI4,12,Lazio,Lazio,5879082,501622,8.53,0.2
2164,2021-04-10,LAZ,23798,10310,13488,678,60,111,87,3956,7288,7864,3223,33,498,16624,7174,ITI,ITI4,12,Lazio,Lazio,5879082,525420,8.94,0.4
2165,2021-03-22,LAZ,21693,9062,12631,885,80,245,3878,424,4388,9342,1380,579,492,15032,6661,ITI,ITI4,12,Lazio,Lazio,5879082,547113,9.31,0.37
2166,2021-03-16,LAZ,13537,5731,7806,1194,70,280,6,215,849,9689,860,9,365,7095,6442,ITI,ITI4,12,Lazio,Lazio,5879082,560650,9.54,0.23
2167,2020-12-30,LAZ,1630,629,1001,1603,0,27,0,0,0,0,0,0,0,1630,0,ITI,ITI4,12,Lazio,Lazio,5879082,562280,9.56,0.03
2168,2021-01-17,LAZ,4894,2028,2866,3271,149,200,0,54,81,915,0,0,224,4682,212,ITI,ITI4,12,Lazio,Lazio,5879082,567174,9.65,0.08
2169,2021-04-02,LAZ,28519,13363,15156,1174,114,166,197,3350,9056,9407,3368,295,1392,21202,7317,ITI,ITI4,12,Lazio,Lazio,5879082,595693,10.13,0.49
2170,2021-03-20,LAZ,18225,6810,11415,910,148,360,3054,398,2120,9119,1479,215,422,12341,5884,ITI,ITI4,12,Lazio,Lazio,5879082,613918,10.44,0.31
2171,2021-04-26,LAZ,29135,13387,15748,981,83,349,57,7382,11287,5673,2670,431,222,19942,9193,ITI,ITI4,12,Lazio,Lazio,5879082,643053,10.94,0.5
2172,2021-04-09,LAZ,27187,12210,14977,854,150,163,70,4185,8877,8617,2913,178,1180,18977,8210,ITI,ITI4,12,Lazio,Lazio,5879082,670240,11.4,0.46
2173,2020-12-29,LAZ,488,176,312,486,2,0,0,0,0,0,0,0,0,488,0,ITI,ITI4,12,Lazio,Lazio,5879082,670728,11.41,0.01
2174,2021-04-28,LAZ,32754,14967,17787,2032,167,68,94,8058,11206,5934,4262,329,604,21245,11509,ITI,ITI4,12,Lazio,Lazio,5879082,703482,11.97,0.56
2175,2021-03-28,LAZ,18838,7542,11296,550,22,77,2617,1393,4242,8572,961,140,264,13528,5310,ITI,ITI4,12,Lazio,Lazio,5879082,722320,12.29,0.32
2176,2021-01-09,LAZ,6294,2561,3733,5116,240,620,0,61,41,39,0,0,177,6294,0,ITI,ITI4,12,Lazio,Lazio,5879082,728614,12.39,0.11
2177,2021-03-19,LAZ,17213,7362,9851,1161,149,389,1011,399,2081,9700,1489,288,546,10886,6327,ITI,ITI4,12,Lazio,Lazio,5879082,745827,12.69,0.29
2178,2021-01-05,LAZ,7371,2802,4569,6691,98,577,0,1,1,1,0,1,1,7371,0,ITI,ITI4,12,Lazio,Lazio,5879082,753198,12.81,0.13
2179,2020-12-28,LAZ,959,412,547,957,2,0,0,0,0,0,0,0,0,959,0,ITI,ITI4,12,Lazio,Lazio,5879082,754157,12.83,0.02
2180,2021-05-01,LAZ,37872,17048,20824,1634,251,44,51,10767,11602,3914,3707,74,5828,25948,11924,ITI,ITI4,12,Lazio,Lazio,5879082,792029,13.47,0.64
2181,2021-02-07,LAZ,4942,2023,2919,3252,139,218,1,84,96,912,0,0,240,387,4555,ITI,ITI4,12,Lazio,Lazio,5879082,796971,13.56,0.08
2182,2021-02-08,LAZ,9739,4153,5586,3789,430,918,0,134,101,3832,0,0,535,4508,5231,ITI,ITI4,12,Lazio,Lazio,5879082,806710,13.72,0.17
2183,2021-03-29,LAZ,23943,10752,13191,774,94,143,805,1560,7503,9781,2417,369,497,16915,7028,ITI,ITI4,12,Lazio,Lazio,5879082,830653,14.13,0.41
2184,2021-02-27,LAZ,11410,4261,7149,1361,403,516,2710,83,103,4901,12,1122,199,10455,955,ITI,ITI4,12,Lazio,Lazio,5879082,842063,14.32,0.19
2185,2021-01-22,LAZ,4002,1633,2369,3380,76,70,0,54,23,177,0,0,222,487,3515,ITI,ITI4,12,Lazio,Lazio,5879082,846065,14.39,0.07
2186,2021-03-05,LAZ,18776,7948,10828,1787,180,256,3975,1080,188,8585,569,1323,833,14044,4732,ITI,ITI4,12,Lazio,Lazio,5879082,864841,14.71,0.32
2187,2021-04-18,LAZ,23763,10553,13210,449,23,37,27,6152,7911,7113,1864,12,175,16130,7633,ITI,ITI4,12,Lazio,Lazio,5879082,888604,15.11,0.4
2188,2021-03-21,LAZ,17861,6829,11032,1148,33,111,3449,115,3168,8282,1233,118,204,12811,5050,ITI,ITI4,12,Lazio,Lazio,5879082,906465,15.42,0.3
2189,2021-02-04,LAZ,6301,2480,3821,4460,358,892,0,105,70,123,0,0,293,989,5312,ITI,ITI4,12,Lazio,Lazio,5879082,912766,15.53,0.11
2190,2021-04-06,LAZ,23865,10649,13216,1125,88,94,167,2641,8585,8202,1925,235,803,16774,7091,ITI,ITI4,12,Lazio,Lazio,5879082,936631,15.93,0.41
2191,2021-02-19,LAZ,10050,5082,4968,2174,105,408,34,94,94,5139,0,1646,356,9220,830,ITI,ITI4,12,Lazio,Lazio,5879082,946681,16.1,0.17
2192,2021-03-10,LAZ,21980,9466,12514,1890,177,452,4622,2218,548,9063,913,1180,917,16335,5645,ITI,ITI4,12,Lazio,Lazio,5879082,968661,16.48,0.37
2193,2021-04-24,LAZ,33241,14952,18289,703,97,155,93,8603,11045,7263,3922,553,807,20506,12735,ITI,ITI4,12,Lazio,Lazio,5879082,1001902,17.04,0.57
2194,2021-02-18,LAZ,10023,4978,5045,2169,111,473,1,168,63,4988,0,1680,370,9215,808,ITI,ITI4,12,Lazio,Lazio,5879082,1011925,17.21,0.17
2195,2021-04-17,LAZ,32295,14171,18124,834,102,220,55,7193,9309,9350,4415,10,807,20351,11944,ITI,ITI4,12,Lazio,Lazio,5879082,1044220,17.76,0.55
2196,2021-02-14,LAZ,5773,2370,3403,1647,38,127,0,74,131,3503,0,0,253,5303,470,ITI,ITI4,12,Lazio,Lazio,5879082,1049993,17.86,0.1
2197,2021-01-14,LAZ,5454,2134,3320,3890,306,811,0,63,38,109,0,0,237,5454,0,ITI,ITI4,12,Lazio,Lazio,5879082,1055447,17.95,0.09
2198,2021-01-02,LAZ,6705,2630,4075,6269,77,358,0,0,0,0,0,0,1,6705,0,ITI,ITI4,12,Lazio,Lazio,5879082,1062152,18.07,0.11
2199,2021-03-04,LAZ,18600,7958,10642,2014,216,506,3906,928,134,8284,429,1322,861,13584,5016,ITI,ITI4,12,Lazio,Lazio,5879082,1080752,18.38,0.32
2200,2021-05-06,LAZ,48385,22532,25853,1641,161,153,106,11376,12776,5405,6293,1369,9105,31052,17333,ITI,ITI4,12,Lazio,Lazio,5879082,1129137,19.21,0.82
2201,2021-04-29,LAZ,38451,17152,21299,3407,439,218,128,9501,11891,6091,5263,315,1198,25269,13182,ITI,ITI4,12,Lazio,Lazio,5879082,1167588,19.86,0.65
2202,2021-03-09,LAZ,20871,8939,11932,1906,113,338,4636,1509,333,9105,1061,1234,636,15674,5197,ITI,ITI4,12,Lazio,Lazio,5879082,1188459,20.22,0.36
2203,2021-01-04,LAZ,7480,2908,4572,7077,86,316,1,0,0,0,0,0,0,7480,0,ITI,ITI4,12,Lazio,Lazio,5879082,1195939,20.34,0.13
2204,2021-02-01,LAZ,5673,2175,3498,4785,193,559,0,17,27,30,1,0,61,354,5319,ITI,ITI4,12,Lazio,Lazio,5879082,1201612,20.44,0.1
2205,2021-03-11,LAZ,23775,10569,13206,1998,134,440,4459,2785,736,9466,1073,1896,788,17546,6229,ITI,ITI4,12,Lazio,Lazio,5879082,1225387,20.84,0.4
2206,2021-04-23,LAZ,37491,17990,19501,781,157,176,88,8170,12136,7834,5612,690,1847,22269,15222,ITI,ITI4,12,Lazio,Lazio,5879082,1262878,21.48,0.64
2207,2021-01-07,LAZ,7743,2901,4842,6898,182,566,0,16,10,9,0,0,62,7743,0,ITI,ITI4,12,Lazio,Lazio,5879082,1270621,21.61,0.13
2208,2021-02-20,LAZ,9204,4273,4931,1945,123,298,22,114,116,4857,0,1320,409,8437,767,ITI,ITI4,12,Lazio,Lazio,5879082,1279825,21.77,0.16
2209,2021-05-03,LAZ,38921,17574,21347,2242,97,74,48,10448,12528,4112,3972,99,5301,26508,12413,ITI,ITI4,12,Lazio,Lazio,5879082,1318746,22.43,0.66
2210,2021-04-05,LAZ,19770,8991,10779,504,36,29,63,1815,8173,7595,1250,20,285,13593,6177,ITI,ITI4,12,Lazio,Lazio,5879082,1338516,22.77,0.34
2211,2021-02-06,LAZ,6134,2473,3661,3697,272,946,0,140,159,610,0,0,310,817,5317,ITI,ITI4,12,Lazio,Lazio,5879082,1344650,22.87,0.1
2212,2021-01-03,LAZ,5250,1972,3278,5125,50,65,0,1,4,1,0,0,4,5250,0,ITI,ITI4,12,Lazio,Lazio,5879082,1349900,22.96,0.09
2213,2021-04-16,LAZ,34285,15630,18655,711,141,335,86,6831,10445,9677,5036,53,970,22238,12047,ITI,ITI4,12,Lazio,Lazio,5879082,1384185,23.54,0.58
2214,2021-02-05,LAZ,7277,2962,4315,5096,380,995,0,120,95,257,0,0,334,1185,6092,ITI,ITI4,12,Lazio,Lazio,5879082,1391462,23.67,0.12
2215,2021-03-13,LAZ,21411,8407,13004,1377,120,330,3751,3206,1278,9185,722,860,582,15517,5894,ITI,ITI4,12,Lazio,Lazio,5879082,1412873,24.03,0.36
2216,2021-02-03,LAZ,6489,2488,4001,4651,342,1078,0,65,38,86,0,0,229,965,5524,ITI,ITI4,12,Lazio,Lazio,5879082,1419362,24.14,0.11
2217,2021-03-24,LAZ,25885,11299,14586,1030,103,107,3624,1745,6517,9669,1821,301,968,19648,6237,ITI,ITI4,12,Lazio,Lazio,5879082,1445247,24.58,0.44
2218,2021-03-23,LAZ,23495,10225,13270,1036,101,181,3863,1058,4934,9333,1412,661,916,16919,6576,ITI,ITI4,12,Lazio,Lazio,5879082,1468742,24.98,0.4
2219,2021-05-09,LAZ,37462,17230,20232,1081,77,10,17,9757,9256,3336,3874,1068,8986,26227,11235,ITI,ITI4,12,Lazio,Lazio,5879082,1506204,25.62,0.64
2220,2021-01-19,LAZ,4768,1954,2814,2969,223,424,0,115,123,463,0,0,451,4314,454,ITI,ITI4,12,Lazio,Lazio,5879082,1510972,25.7,0.08
2221,2021-03-30,LAZ,25255,11583,13672,1241,97,249,296,2462,7847,9621,2360,400,682,18108,7147,ITI,ITI4,12,Lazio,Lazio,5879082,1536227,26.13,0.43
2222,2021-01-18,LAZ,6264,2555,3709,3925,388,736,0,114,77,520,0,0,504,5286,978,ITI,ITI4,12,Lazio,Lazio,5879082,1542491,26.24,0.11
2223,2021-03-25,LAZ,26912,11509,15403,936,95,318,3522,2241,6679,9906,1961,255,999,20313,6599,ITI,ITI4,12,Lazio,Lazio,5879082,1569403,26.69,0.46
2224,2021-04-15,LAZ,31805,14269,17536,704,121,333,87,5431,10370,9685,4188,45,841,21015,10790,ITI,ITI4,12,Lazio,Lazio,5879082,1601208,27.24,0.54
2225,2021-03-27,LAZ,26011,10396,15615,1316,127,290,3480,2071,5487,9663,2257,205,1115,19544,6467,ITI,ITI4,12,Lazio,Lazio,5879082,1627219,27.68,0.44
2226,2021-05-02,LAZ,32612,14326,18286,1627,142,34,30,9435,10354,3059,2730,45,5156,23251,9361,ITI,ITI4,12,Lazio,Lazio,5879082,1659831,28.23,0.55
2227,2021-01-29,LAZ,8041,3078,4963,6391,283,776,0,89,47,135,0,0,320,812,7229,ITI,ITI4,12,Lazio,Lazio,5879082,1667872,28.37,0.14
2228,2021-02-11,LAZ,6979,2993,3986,2197,179,499,0,80,41,3685,0,0,298,6467,512,ITI,ITI4,12,Lazio,Lazio,5879082,1674851,28.49,0.12
2229,2021-02-28,LAZ,10234,3999,6235,1601,265,77,2599,89,45,4678,5,682,193,9720,514,ITI,ITI4,12,Lazio,Lazio,5879082,1685085,28.66,0.17
2230,2021-03-26,LAZ,28231,12251,15980,1018,119,332,3294,1992,6728,10289,2614,310,1535,21388,6843,ITI,ITI4,12,Lazio,Lazio,5879082,1713316,29.14,0.48
2231,2021-04-04,LAZ,17464,8036,9428,307,40,11,42,1821,7370,6805,877,17,174,12198,5266,ITI,ITI4,12,Lazio,Lazio,5879082,1730780,29.44,0.3
2232,2021-03-12,LAZ,22886,10122,12764,2006,188,401,3964,2411,1173,9646,927,1199,971,16573,6313,ITI,ITI4,12,Lazio,Lazio,5879082,1753666,29.83,0.39
2233,2021-01-12,LAZ,5391,1974,3417,4343,344,584,0,21,11,10,0,0,78,5391,0,ITI,ITI4,12,Lazio,Lazio,5879082,1759057,29.92,0.09
2234,2021-01-01,LAZ,3554,1382,2172,3483,2,68,0,0,0,0,0,0,1,3554,0,ITI,ITI4,12,Lazio,Lazio,5879082,1762611,29.98,0.06
2235,2021-05-12,LAZ,46617,21186,25431,1109,114,97,1758,11235,10670,4043,5175,1336,11080,30495,16122,ITI,ITI4,12,Lazio,Lazio,5879082,1809228,30.77,0.79
2236,2021-01-23,LAZ,7210,2867,4343,6064,255,417,0,45,48,182,0,0,199,581,6629,ITI,ITI4,12,Lazio,Lazio,5879082,1816438,30.9,0.12
2237,2021-01-16,LAZ,5637,2277,3360,3358,246,1066,0,73,93,549,0,0,252,5637,0,ITI,ITI4,12,Lazio,Lazio,5879082,1822075,30.99,0.1
2238,2021-05-11,LAZ,47507,21814,25693,1259,123,99,1854,11319,11011,3894,5330,1324,11294,31406,16101,ITI,ITI4,12,Lazio,Lazio,5879082,1869582,31.8,0.81
2239,2021-01-15,LAZ,6561,2698,3863,4499,423,988,0,96,66,196,0,0,293,6561,0,ITI,ITI4,12,Lazio,Lazio,5879082,1876143,31.91,0.11
2240,2021-01-21,LAZ,5592,2340,3252,4781,92,232,0,60,18,178,0,0,231,540,5052,ITI,ITI4,12,Lazio,Lazio,5879082,1881735,32.01,0.1
2241,2021-02-02,LAZ,5908,2212,3696,4712,368,571,0,57,39,37,0,0,124,637,5271,ITI,ITI4,12,Lazio,Lazio,5879082,1887643,32.11,0.1
2242,2021-04-01,LAZ,28397,13045,15352,1141,112,284,256,3043,9003,9725,3303,371,1159,21261,7136,ITI,ITI4,12,Lazio,Lazio,5879082,1916040,32.59,0.48
2243,2021-05-04,LAZ,39523,18189,21334,2216,168,103,55,10178,12327,4006,4323,554,5593,26220,13303,ITI,ITI4,12,Lazio,Lazio,5879082,1955563,33.26,0.67
2244,2021-02-21,LAZ,6986,3177,3809,1245,65,51,16,88,94,4580,0,610,237,6525,461,ITI,ITI4,12,Lazio,Lazio,5879082,1962549,33.38,0.12
2245,2020-12-27,LAZ,272,131,141,272,0,0,0,0,0,0,0,0,0,272,0,ITI,ITI4,12,Lazio,Lazio,5879082,1962821,33.39,0.0
2246,2021-02-15,LAZ,8074,3587,4487,2447,378,379,0,89,88,4292,0,11,390,7443,631,ITI,ITI4,12,Lazio,Lazio,5879082,1970895,33.52,0.14
2247,2021-04-03,LAZ,24661,11086,13575,844,72,111,214,3164,8262,8597,2200,44,1153,17977,6684,ITI,ITI4,12,Lazio,Lazio,5879082,1995556,33.94,0.42
2248,2021-02-26,LAZ,13070,5698,7372,1913,542,352,2744,118,96,5269,4,1385,647,11708,1362,ITI,ITI4,12,Lazio,Lazio,5879082,2008626,34.17,0.22
2249,2021-04-30,LAZ,41026,18160,22866,4563,582,80,203,9364,11924,6190,6275,343,1502,26984,14042,ITI,ITI4,12,Lazio,Lazio,5879082,2049652,34.86,0.7
2250,2021-02-17,LAZ,9181,4602,4579,2286,247,499,1,124,62,4278,0,1349,335,8308,873,ITI,ITI4,12,Lazio,Lazio,5879082,2058833,35.02,0.16
2251,2021-02-12,LAZ,6843,2845,3998,1997,183,302,0,85,43,3844,0,1,388,6433,410,ITI,ITI4,12,Lazio,Lazio,5879082,2065676,35.14,0.12
2252,2021-04-21,LAZ,32909,14944,17965,701,122,135,70,7641,10796,8295,4467,50,632,20560,12349,ITI,ITI4,12,Lazio,Lazio,5879082,2098585,35.7,0.56
2253,2021-01-25,LAZ,8111,3246,4865,7006,218,363,0,66,73,143,0,0,242,771,7340,ITI,ITI4,12,Lazio,Lazio,5879082,2106696,35.83,0.14
2254,2021-03-06,LAZ,18272,7038,11234,1508,119,327,3783,2238,143,8032,583,934,605,14016,4256,ITI,ITI4,12,Lazio,Lazio,5879082,2124968,36.14,0.31
2255,2021-04-11,LAZ,19117,8432,10685,392,30,50,31,3821,6137,6542,2003,14,97,13236,5881,ITI,ITI4,12,Lazio,Lazio,5879082,2144085,36.47,0.33
2256,2021-04-12,LAZ,23611,10618,12993,655,77,101,72,4148,7673,7746,2648,108,383,16718,6893,ITI,ITI4,12,Lazio,Lazio,5879082,2167696,36.87,0.4
2257,2021-03-17,LAZ,13789,5898,7891,1046,100,255,14,291,938,9700,967,7,471,7534,6255,ITI,ITI4,12,Lazio,Lazio,5879082,2181485,37.11,0.23
2258,2021-05-10,LAZ,43846,20003,23843,1114,125,130,31,10618,11276,4150,5067,753,10582,30582,13264,ITI,ITI4,12,Lazio,Lazio,5879082,2225331,37.85,0.75
2259,2021-03-01,LAZ,17054,7323,9731,1326,531,385,3580,389,146,8190,391,1406,710,13169,3885,ITI,ITI4,12,Lazio,Lazio,5879082,2242385,38.14,0.29
2260,2021-02-16,LAZ,8411,4089,4322,2064,125,261,1,137,94,4267,0,956,506,7806,605,ITI,ITI4,12,Lazio,Lazio,5879082,2250796,38.28,0.14
2261,2021-03-14,LAZ,17087,6609,10478,1163,96,81,3466,453,1103,8439,543,567,1176,11933,5154,ITI,ITI4,12,Lazio,Lazio,5879082,2267883,38.58,0.29
2262,2021-01-08,LAZ,7726,2894,4832,6519,196,798,0,36,32,32,0,0,113,7726,0,ITI,ITI4,12,Lazio,Lazio,5879082,2275609,38.71,0.13
2263,2021-01-06,LAZ,5119,1960,3159,4619,154,320,1,1,4,8,5,1,6,5119,0,ITI,ITI4,12,Lazio,Lazio,5879082,2280728,38.79,0.09
2264,2021-04-25,LAZ,24432,11186,13246,794,23,10,21,7123,9688,5235,1119,152,267,16623,7809,ITI,ITI4,12,Lazio,Lazio,5879082,2305160,39.21,0.42
2265,2021-03-03,LAZ,17289,7333,9956,1561,211,380,3943,697,117,8197,259,1251,673,12995,4294,ITI,ITI4,12,Lazio,Lazio,5879082,2322449,39.5,0.29
2266,2021-04-27,LAZ,30543,13777,16766,1479,163,44,79,7609,11134,5871,3352,386,426,19709,10834,ITI,ITI4,12,Lazio,Lazio,5879082,2352992,40.02,0.52
2267,2021-02-09,LAZ,8797,3768,5029,3258,246,548,0,115,124,4068,0,0,438,4580,4217,ITI,ITI4,12,Lazio,Lazio,5879082,2361789,40.17,0.15
2268,2020-12-31,LAZ,5292,2121,3171,4988,20,279,0,1,0,0,0,0,4,5292,0,ITI,ITI4,12,Lazio,Lazio,5879082,2367081,40.26,0.09
2269,2021-04-22,LAZ,38356,18848,19508,873,114,296,79,7988,11756,8277,5136,478,3359,23841,14515,ITI,ITI4,12,Lazio,Lazio,5879082,2405437,40.92,0.65
2270,2021-02-23,LAZ,11093,4783,6310,1899,119,309,1913,68,61,5226,0,1017,481,10332,761,ITI,ITI4,12,Lazio,Lazio,5879082,2416530,41.1,0.19
2271,2021-03-31,LAZ,26073,12025,14048,1021,96,135,255,2522,8153,9630,2835,391,1035,18987,7086,ITI,ITI4,12,Lazio,Lazio,5879082,2442603,41.55,0.44
2272,2021-04-14,CAL,7944,3843,4101,171,185,141,174,208,1534,1527,3817,74,113,6491,1453,ITF,ITF6,18,Calabria,Calabria,1947131,7944,0.41,0.41
2273,2021-01-30,CAL,2175,1148,1027,1976,189,0,0,3,0,1,0,0,6,358,1817,ITF,ITF6,18,Calabria,Calabria,1947131,10119,0.52,0.11
2274,2021-04-02,CAL,8024,3664,4360,361,135,603,1153,115,176,2765,2243,197,276,4200,3824,ITF,ITF6,18,Calabria,Calabria,1947131,18143,0.93,0.41
2275,2021-05-06,CAL,13186,6236,6950,322,307,143,465,2329,2019,836,6157,74,534,8924,4262,ITF,ITF6,18,Calabria,Calabria,1947131,31329,1.61,0.68
2276,2021-01-12,CAL,2061,1019,1042,1709,237,29,0,21,1,19,0,0,45,2061,0,ITF,ITF6,18,Calabria,Calabria,1947131,33390,1.71,0.11
2277,2021-04-04,CAL,1733,876,857,34,23,21,64,249,266,505,516,2,53,1233,500,ITF,ITF6,18,Calabria,Calabria,1947131,35123,1.8,0.09
2278,2021-02-25,CAL,2782,1497,1285,736,226,210,4,41,15,970,36,414,130,2204,578,ITF,ITF6,18,Calabria,Calabria,1947131,37905,1.95,0.14
2279,2021-02-11,CAL,2331,1041,1290,1454,372,241,0,25,18,156,0,0,65,1081,1250,ITF,ITF6,18,Calabria,Calabria,1947131,40236,2.07,0.12
2280,2021-03-07,CAL,3131,1561,1570,105,33,348,2,10,31,1741,474,363,24,3042,89,ITF,ITF6,18,Calabria,Calabria,1947131,43367,2.23,0.16
2281,2021-03-16,CAL,3766,1847,1919,459,202,22,30,49,78,2132,593,67,134,2177,1589,ITF,ITF6,18,Calabria,Calabria,1947131,47133,2.42,0.19
2282,2020-12-27,CAL,279,154,125,278,1,0,0,0,0,0,0,0,0,279,0,ITF,ITF6,18,Calabria,Calabria,1947131,47412,2.43,0.01
2283,2021-03-18,CAL,4240,1977,2263,360,209,232,45,65,114,2309,752,58,96,2272,1968,ITF,ITF6,18,Calabria,Calabria,1947131,51652,2.65,0.22
2284,2021-03-19,CAL,4178,1943,2235,486,121,294,102,63,113,2007,883,12,97,1896,2282,ITF,ITF6,18,Calabria,Calabria,1947131,55830,2.87,0.21
2285,2021-03-08,CAL,5303,2806,2497,708,244,453,3,48,63,1550,1135,840,259,4245,1058,ITF,ITF6,18,Calabria,Calabria,1947131,61133,3.14,0.27
2286,2021-01-29,CAL,2045,984,1061,1751,231,47,0,3,3,1,0,0,9,230,1815,ITF,ITF6,18,Calabria,Calabria,1947131,63178,3.24,0.11
2287,2021-01-27,CAL,1456,733,723,1225,201,23,0,4,0,0,0,0,3,396,1060,ITF,ITF6,18,Calabria,Calabria,1947131,64634,3.32,0.07
2288,2021-03-31,CAL,8818,4006,4812,377,283,652,2048,145,193,2692,1988,118,322,4882,3936,ITF,ITF6,18,Calabria,Calabria,1947131,73452,3.77,0.45
2289,2021-02-08,CAL,1847,733,1114,1214,406,121,0,14,1,0,0,0,91,661,1186,ITF,ITF6,18,Calabria,Calabria,1947131,75299,3.87,0.09
2290,2021-03-20,CAL,6453,2974,3479,432,99,406,455,72,122,3574,1010,74,209,4067,2386,ITF,ITF6,18,Calabria,Calabria,1947131,81752,4.2,0.33
2291,2021-02-24,CAL,1843,940,903,658,108,114,4,16,10,754,84,47,48,1369,474,ITF,ITF6,18,Calabria,Calabria,1947131,83595,4.29,0.09
2292,2021-01-22,CAL,658,274,384,298,146,112,0,37,29,4,0,0,32,656,2,ITF,ITF6,18,Calabria,Calabria,1947131,84253,4.33,0.03
2293,2021-04-21,CAL,11475,5778,5697,260,200,196,236,1607,2284,1123,5161,187,221,8569,2906,ITF,ITF6,18,Calabria,Calabria,1947131,95728,4.92,0.59
2294,2021-01-09,CAL,1917,1036,881,1530,315,0,0,26,2,1,0,0,43,1917,0,ITF,ITF6,18,Calabria,Calabria,1947131,97645,5.01,0.1
2295,2021-01-21,CAL,958,444,514,735,82,115,0,4,2,0,0,0,20,929,29,ITF,ITF6,18,Calabria,Calabria,1947131,98603,5.06,0.05
2296,2021-03-14,CAL,2542,1018,1524,322,103,312,721,15,30,811,128,30,70,2142,400,ITF,ITF6,18,Calabria,Calabria,1947131,101145,5.19,0.13
2297,2021-05-07,CAL,15884,7487,8397,353,343,286,538,2357,2113,1183,7881,137,693,9686,6198,ITF,ITF6,18,Calabria,Calabria,1947131,117029,6.01,0.82
2298,2021-04-11,CAL,4084,1862,2222,136,49,51,166,60,209,1725,1620,12,56,2144,1940,ITF,ITF6,18,Calabria,Calabria,1947131,121113,6.22,0.21
2299,2021-03-05,CAL,6136,3536,2600,694,253,709,5,46,61,2011,878,1383,96,5564,572,ITF,ITF6,18,Calabria,Calabria,1947131,127249,6.54,0.32
2300,2021-04-24,CAL,18911,9436,9475,288,229,146,113,6000,3557,1940,6094,229,315,15518,3393,ITF,ITF6,18,Calabria,Calabria,1947131,146160,7.51,0.97
2301,2021-04-18,CAL,5771,2760,3011,148,89,102,79,130,1432,1204,2528,12,47,4892,879,ITF,ITF6,18,Calabria,Calabria,1947131,151931,7.8,0.3
2302,2021-02-28,CAL,2166,983,1183,113,39,190,0,10,24,1706,28,6,50,2015,151,ITF,ITF6,18,Calabria,Calabria,1947131,154097,7.91,0.11
2303,2021-02-09,CAL,2145,904,1241,1422,394,230,0,20,5,0,0,0,74,947,1198,ITF,ITF6,18,Calabria,Calabria,1947131,156242,8.02,0.11
2304,2021-02-06,CAL,2906,1337,1569,2093,367,247,0,45,9,10,0,0,135,442,2464,ITF,ITF6,18,Calabria,Calabria,1947131,159148,8.17,0.15
2305,2021-04-25,CAL,15810,8024,7786,149,314,121,122,5766,2979,743,4581,273,762,14692,1118,ITF,ITF6,18,Calabria,Calabria,1947131,174958,8.99,0.81
2306,2021-02-05,CAL,3798,1709,2089,2330,744,554,0,41,8,3,0,0,118,489,3309,ITF,ITF6,18,Calabria,Calabria,1947131,178756,9.18,0.2
2307,2021-03-03,CAL,4858,2647,2211,631,351,913,4,38,43,1406,462,929,81,3797,1061,ITF,ITF6,18,Calabria,Calabria,1947131,183614,9.43,0.25
2308,2021-04-06,CAL,7207,3235,3972,377,163,453,802,103,244,2455,2369,51,190,4133,3074,ITF,ITF6,18,Calabria,Calabria,1947131,190821,9.8,0.37
2309,2021-04-17,CAL,10648,4997,5651,211,138,219,118,302,2654,2178,4532,98,198,8933,1715,ITF,ITF6,18,Calabria,Calabria,1947131,201469,10.35,0.55
2310,2021-04-26,CAL,10292,5175,5117,223,143,409,112,1386,1659,975,4857,401,127,7898,2394,ITF,ITF6,18,Calabria,Calabria,1947131,211761,10.88,0.53
2311,2021-02-04,CAL,3391,1623,1768,2560,505,222,0,23,6,7,0,0,68,644,2747,ITF,ITF6,18,Calabria,Calabria,1947131,215152,11.05,0.17
2312,2021-01-17,CAL,867,418,449,527,121,48,0,17,4,33,0,0,117,801,66,ITF,ITF6,18,Calabria,Calabria,1947131,216019,11.09,0.04
2313,2021-02-27,CAL,3667,1904,1763,421,193,396,2,24,40,2068,96,343,84,3289,378,ITF,ITF6,18,Calabria,Calabria,1947131,219686,11.28,0.19
2314,2021-05-05,CAL,13575,6505,7070,380,171,198,234,1913,1768,1205,6788,108,810,8472,5103,ITF,ITF6,18,Calabria,Calabria,1947131,233261,11.98,0.7
2315,2021-04-16,CAL,10120,4949,5171,332,213,287,233,253,2329,1094,5017,133,229,8524,1596,ITF,ITF6,18,Calabria,Calabria,1947131,243381,12.5,0.52
2316,2021-03-28,CAL,2531,1171,1360,127,109,31,412,74,66,785,737,15,175,1401,1130,ITF,ITF6,18,Calabria,Calabria,1947131,245912,12.63,0.13
2317,2021-04-28,CAL,12453,6018,6435,174,152,237,167,2323,2215,609,6249,91,236,9660,2793,ITF,ITF6,18,Calabria,Calabria,1947131,258365,13.27,0.64
2318,2021-03-04,CAL,5377,3102,2275,645,251,742,2,62,46,1636,631,1230,132,4583,794,ITF,ITF6,18,Calabria,Calabria,1947131,263742,13.55,0.28
2319,2021-01-31,CAL,1107,555,552,764,282,58,0,1,0,0,0,0,2,154,953,ITF,ITF6,18,Calabria,Calabria,1947131,264849,13.6,0.06
2320,2021-02-18,CAL,1796,802,994,585,369,298,61,7,6,385,11,0,74,1573,223,ITF,ITF6,18,Calabria,Calabria,1947131,266645,13.69,0.09
2321,2021-04-15,CAL,7381,3623,3758,159,153,160,199,144,1660,1062,3694,34,116,5784,1597,ITF,ITF6,18,Calabria,Calabria,1947131,274026,14.07,0.38
2322,2021-02-19,CAL,1461,652,809,544,208,195,0,9,9,422,57,1,16,1200,261,ITF,ITF6,18,Calabria,Calabria,1947131,275487,14.15,0.08
2323,2021-04-12,CAL,6691,3265,3426,219,136,274,104,105,854,1438,3431,37,93,5093,1598,ITF,ITF6,18,Calabria,Calabria,1947131,282178,14.49,0.34
2324,2021-02-13,CAL,1329,583,746,731,144,111,0,31,9,166,0,0,137,966,363,ITF,ITF6,18,Calabria,Calabria,1947131,283507,14.56,0.07
2325,2021-01-25,CAL,1067,513,554,1024,35,0,0,0,1,0,0,0,7,148,919,ITF,ITF6,18,Calabria,Calabria,1947131,284574,14.62,0.05
2326,2021-03-10,CAL,6414,3260,3154,741,516,584,62,79,53,2210,1022,796,351,5225,1189,ITF,ITF6,18,Calabria,Calabria,1947131,290988,14.94,0.33
2327,2021-02-12,CAL,1709,668,1041,814,300,136,0,64,32,209,0,0,154,943,766,ITF,ITF6,18,Calabria,Calabria,1947131,292697,15.03,0.09
2328,2021-05-08,CAL,18137,8265,9872,287,326,74,295,1945,2518,2700,8879,227,886,10450,7687,ITF,ITF6,18,Calabria,Calabria,1947131,310834,15.96,0.93
2329,2021-01-11,CAL,2155,1041,1114,1760,301,3,0,17,4,39,0,0,31,2155,0,ITF,ITF6,18,Calabria,Calabria,1947131,312989,16.07,0.11
2330,2021-03-02,CAL,4125,2385,1740,705,202,429,2,25,24,1451,221,994,72,3416,709,ITF,ITF6,18,Calabria,Calabria,1947131,317114,16.29,0.21
2331,2021-01-04,CAL,1021,507,514,993,28,0,0,0,0,0,0,0,0,1021,0,ITF,ITF6,18,Calabria,Calabria,1947131,318135,16.34,0.05
2332,2021-03-15,CAL,3493,1665,1828,542,165,139,582,56,81,1180,431,172,145,2066,1427,ITF,ITF6,18,Calabria,Calabria,1947131,321628,16.52,0.18
2333,2021-04-09,CAL,7769,3647,4122,342,140,471,306,150,504,2123,3494,31,208,4855,2914,ITF,ITF6,18,Calabria,Calabria,1947131,329397,16.92,0.4
2334,2021-02-02,CAL,2286,1113,1173,1861,340,75,0,1,1,1,0,0,7,177,2109,ITF,ITF6,18,Calabria,Calabria,1947131,331683,17.03,0.12
2335,2021-01-14,CAL,2557,1214,1343,1962,349,3,0,61,24,47,0,0,111,2557,0,ITF,ITF6,18,Calabria,Calabria,1947131,334240,17.17,0.13
2336,2021-04-05,CAL,3450,1629,1821,133,22,149,133,286,439,1179,1038,18,53,2553,897,ITF,ITF6,18,Calabria,Calabria,1947131,337690,17.34,0.18
2337,2021-03-25,CAL,6998,3313,3685,292,362,564,1100,112,124,2269,1837,80,258,4483,2515,ITF,ITF6,18,Calabria,Calabria,1947131,344688,17.7,0.36
2338,2021-01-10,CAL,929,524,405,830,99,0,0,0,0,0,0,0,0,929,0,ITF,ITF6,18,Calabria,Calabria,1947131,345617,17.75,0.05
2339,2021-02-07,CAL,858,427,431,565,121,81,0,10,0,0,0,0,81,146,712,ITF,ITF6,18,Calabria,Calabria,1947131,346475,17.79,0.04
2340,2021-01-23,CAL,400,186,214,325,25,23,0,2,0,1,0,0,24,358,42,ITF,ITF6,18,Calabria,Calabria,1947131,346875,17.81,0.02
2341,2021-02-10,CAL,2459,1074,1385,1467,338,357,0,56,25,72,0,0,144,837,1622,ITF,ITF6,18,Calabria,Calabria,1947131,349334,17.94,0.13
2342,2021-04-23,CAL,12603,6259,6344,302,189,226,205,1707,2407,1200,5879,180,308,9362,3241,ITF,ITF6,18,Calabria,Calabria,1947131,361937,18.59,0.65
2343,2021-02-03,CAL,2762,1428,1334,2169,393,103,0,18,4,2,0,0,73,580,2182,ITF,ITF6,18,Calabria,Calabria,1947131,364699,18.73,0.14
2344,2021-01-13,CAL,2028,1022,1006,1800,152,34,0,14,4,4,0,0,20,2028,0,ITF,ITF6,18,Calabria,Calabria,1947131,366727,18.83,0.1
2345,2021-02-15,CAL,1136,538,598,499,120,164,1,11,20,294,4,0,23,988,148,ITF,ITF6,18,Calabria,Calabria,1947131,367863,18.89,0.06
2346,2021-01-19,CAL,1108,488,620,852,105,76,0,11,11,14,0,0,39,1098,10,ITF,ITF6,18,Calabria,Calabria,1947131,368971,18.95,0.06
2347,2021-03-13,CAL,6661,2942,3719,424,159,356,685,93,43,3797,746,123,235,5671,990,ITF,ITF6,18,Calabria,Calabria,1947131,375632,19.29,0.34
2348,2021-04-27,CAL,9855,4855,5000,166,161,173,85,1990,1996,599,4476,74,135,7996,1859,ITF,ITF6,18,Calabria,Calabria,1947131,385487,19.8,0.51
2349,2021-03-01,CAL,2682,1527,1155,400,156,258,3,10,11,1053,70,650,71,2232,450,ITF,ITF6,18,Calabria,Calabria,1947131,388169,19.94,0.14
2350,2021-02-17,CAL,1680,672,1008,672,239,285,81,7,6,354,2,0,34,1469,211,ITF,ITF6,18,Calabria,Calabria,1947131,389849,20.02,0.09
2351,2021-01-06,CAL,926,500,426,822,90,0,0,5,0,0,0,0,9,926,0,ITF,ITF6,18,Calabria,Calabria,1947131,390775,20.07,0.05
2352,2021-04-03,CAL,8819,3787,5032,363,123,359,621,87,213,4978,1906,57,112,4201,4618,ITF,ITF6,18,Calabria,Calabria,1947131,399594,20.52,0.45
2353,2021-02-16,CAL,1532,642,890,659,189,265,0,14,23,334,1,0,47,1255,277,ITF,ITF6,18,Calabria,Calabria,1947131,401126,20.6,0.08
2354,2021-02-21,CAL,608,286,322,36,46,48,0,2,2,374,28,30,42,531,77,ITF,ITF6,18,Calabria,Calabria,1947131,401734,20.63,0.03
2355,2021-03-09,CAL,5807,3026,2781,802,267,461,18,64,71,1925,1121,933,145,4832,975,ITF,ITF6,18,Calabria,Calabria,1947131,407541,20.93,0.3
2356,2021-05-11,CAL,15099,7301,7798,250,290,149,207,1619,1801,961,6566,284,2972,10325,4774,ITF,ITF6,18,Calabria,Calabria,1947131,422640,21.71,0.78
2357,2021-03-29,CAL,5626,2380,3246,206,320,134,1575,134,160,1129,1672,71,225,3873,1753,ITF,ITF6,18,Calabria,Calabria,1947131,428266,21.99,0.29
2358,2021-04-29,CAL,11582,5630,5952,286,216,204,170,2066,1925,937,5556,49,173,8279,3303,ITF,ITF6,18,Calabria,Calabria,1947131,439848,22.59,0.59
2359,2021-03-12,CAL,5081,2432,2649,465,394,219,784,61,38,2146,412,402,160,4038,1043,ITF,ITF6,18,Calabria,Calabria,1947131,444929,22.85,0.26
2360,2021-02-20,CAL,1357,735,622,438,185,55,2,13,5,489,54,19,97,1042,315,ITF,ITF6,18,Calabria,Calabria,1947131,446286,22.92,0.07
2361,2021-02-01,CAL,2494,1191,1303,2043,357,43,0,14,2,1,0,0,34,243,2251,ITF,ITF6,18,Calabria,Calabria,1947131,448780,23.05,0.13
2362,2021-04-30,CAL,14665,7211,7454,311,300,327,283,2532,2422,877,7271,104,238,10580,4085,ITF,ITF6,18,Calabria,Calabria,1947131,463445,23.8,0.75
2363,2021-05-04,CAL,16275,7477,8798,302,244,184,531,3027,2105,1454,7990,91,347,11652,4623,ITF,ITF6,18,Calabria,Calabria,1947131,479720,24.64,0.84
2364,2021-01-07,CAL,2183,1063,1120,1885,212,0,0,20,4,0,0,0,62,2183,0,ITF,ITF6,18,Calabria,Calabria,1947131,481903,24.75,0.11
2365,2021-03-21,CAL,4356,1882,2474,135,38,199,741,77,92,2128,694,83,169,2656,1700,ITF,ITF6,18,Calabria,Calabria,1947131,486259,24.97,0.22
2366,2021-05-10,CAL,13134,6089,7045,311,284,193,298,1792,1941,653,6290,169,1203,7742,5392,ITF,ITF6,18,Calabria,Calabria,1947131,499393,25.65,0.67
2367,2021-02-23,CAL,1546,727,819,437,177,204,1,13,10,582,63,2,57,1431,115,ITF,ITF6,18,Calabria,Calabria,1947131,500939,25.73,0.08
2368,2021-03-06,CAL,7943,4050,3893,701,225,760,6,41,96,4056,1131,836,91,7188,755,ITF,ITF6,18,Calabria,Calabria,1947131,508882,26.13,0.41
2369,2021-01-28,CAL,2232,1108,1124,1921,283,0,0,2,1,0,0,0,25,82,2150,ITF,ITF6,18,Calabria,Calabria,1947131,511114,26.25,0.11
2370,2021-04-07,CAL,6359,2875,3484,193,71,400,539,136,217,2167,2464,33,139,3650,2709,ITF,ITF6,18,Calabria,Calabria,1947131,517473,26.58,0.33
2371,2021-02-26,CAL,3061,1631,1430,540,191,389,4,21,18,1362,85,370,81,2609,452,ITF,ITF6,18,Calabria,Calabria,1947131,520534,26.73,0.16
2372,2021-01-18,CAL,1244,558,686,995,138,11,0,25,3,6,0,0,66,1040,204,ITF,ITF6,18,Calabria,Calabria,1947131,521778,26.8,0.06
2373,2021-03-17,CAL,3791,1685,2106,277,150,167,93,59,110,2243,609,31,52,2095,1696,ITF,ITF6,18,Calabria,Calabria,1947131,525569,26.99,0.19
2374,2021-05-12,CAL,16188,7825,8363,285,270,152,312,1550,1756,658,7763,177,3265,10864,5324,ITF,ITF6,18,Calabria,Calabria,1947131,541757,27.82,0.83
2375,2021-02-14,CAL,369,144,225,146,31,83,0,2,2,93,0,0,12,339,30,ITF,ITF6,18,Calabria,Calabria,1947131,542126,27.84,0.02
2376,2021-03-27,CAL,8307,3771,4536,306,386,148,1400,125,179,3412,1867,66,418,4451,3856,ITF,ITF6,18,Calabria,Calabria,1947131,550433,28.27,0.43
2377,2021-04-22,CAL,9345,4663,4682,235,170,274,96,1448,1800,965,4103,41,213,6659,2686,ITF,ITF6,18,Calabria,Calabria,1947131,559778,28.75,0.48
2378,2021-01-26,CAL,1802,858,944,1553,164,70,0,1,0,0,0,0,14,278,1524,ITF,ITF6,18,Calabria,Calabria,1947131,561580,28.84,0.09
2379,2021-01-03,CAL,6,3,3,4,2,0,0,0,0,0,0,0,0,6,0,ITF,ITF6,18,Calabria,Calabria,1947131,561586,28.84,0.0
2380,2021-01-08,CAL,2113,1016,1097,1899,203,0,0,3,0,0,0,0,8,2113,0,ITF,ITF6,18,Calabria,Calabria,1947131,563699,28.95,0.11
2381,2021-04-13,CAL,6482,3195,3287,242,92,40,106,103,1274,1272,3081,153,119,5230,1252,ITF,ITF6,18,Calabria,Calabria,1947131,570181,29.28,0.33
2382,2021-01-24,CAL,44,18,26,15,3,26,0,0,0,0,0,0,0,39,5,ITF,ITF6,18,Calabria,Calabria,1947131,570225,29.29,0.0
2383,2021-03-26,CAL,7642,3623,4019,511,371,218,1039,150,231,2562,2055,135,370,4527,3115,ITF,ITF6,18,Calabria,Calabria,1947131,577867,29.68,0.39
2384,2021-01-02,CAL,165,94,71,165,0,0,0,0,0,0,0,0,0,165,0,ITF,ITF6,18,Calabria,Calabria,1947131,578032,29.69,0.01
2385,2020-12-28,CAL,6,2,4,6,0,0,0,0,0,0,0,0,0,6,0,ITF,ITF6,18,Calabria,Calabria,1947131,578038,29.69,0.0
2386,2021-04-01,CAL,8322,3761,4561,455,247,680,1115,122,218,3043,1987,113,342,3838,4484,ITF,ITF6,18,Calabria,Calabria,1947131,586360,30.11,0.43
2387,2021-03-24,CAL,7429,3391,4038,386,289,698,1495,165,147,2605,1293,105,246,4254,3175,ITF,ITF6,18,Calabria,Calabria,1947131,593789,30.5,0.38
2388,2021-05-01,CAL,16414,7831,8583,174,277,48,326,2332,3042,2065,7728,108,314,12360,4054,ITF,ITF6,18,Calabria,Calabria,1947131,610203,31.34,0.84
2389,2021-01-16,CAL,2394,1120,1274,1664,264,241,0,49,12,9,0,0,155,2394,0,ITF,ITF6,18,Calabria,Calabria,1947131,612597,31.46,0.12
2390,2021-03-23,CAL,5204,2441,2763,280,145,55,1083,98,74,2044,1078,102,245,3407,1797,ITF,ITF6,18,Calabria,Calabria,1947131,617801,31.73,0.27
2391,2021-01-05,CAL,1453,679,774,1317,123,0,0,2,0,0,0,0,11,1453,0,ITF,ITF6,18,Calabria,Calabria,1947131,619254,31.8,0.07
2392,2021-03-30,CAL,5784,2488,3296,166,103,213,1119,154,196,1989,1470,89,285,3194,2590,ITF,ITF6,18,Calabria,Calabria,1947131,625038,32.1,0.3
2393,2021-05-03,CAL,14652,6709,7943,317,217,334,545,2712,2112,770,7077,114,454,10529,4123,ITF,ITF6,18,Calabria,Calabria,1947131,639690,32.85,0.75
2394,2021-03-11,CAL,6877,3277,3600,934,474,572,600,121,88,2555,872,412,249,5621,1256,ITF,ITF6,18,Calabria,Calabria,1947131,646567,33.21,0.35
2395,2021-04-08,CAL,9318,4385,4933,451,178,535,304,207,563,3373,3438,44,225,5684,3634,ITF,ITF6,18,Calabria,Calabria,1947131,655885,33.68,0.48
2396,2021-04-10,CAL,11151,5025,6126,424,161,460,303,143,703,5581,3145,49,182,6339,4812,ITF,ITF6,18,Calabria,Calabria,1947131,667036,34.26,0.57
2397,2021-03-22,CAL,4694,2199,2495,195,125,148,1113,49,50,1993,804,77,140,3028,1666,ITF,ITF6,18,Calabria,Calabria,1947131,671730,34.5,0.24
2398,2021-04-20,CAL,7632,3839,3793,294,300,137,163,420,1711,1065,3145,115,282,6015,1617,ITF,ITF6,18,Calabria,Calabria,1947131,679362,34.89,0.39
2399,2021-01-15,CAL,2795,1258,1537,1692,349,412,0,54,19,44,0,0,225,2795,0,ITF,ITF6,18,Calabria,Calabria,1947131,682157,35.03,0.14
2400,2021-05-09,CAL,9612,4488,5124,145,316,77,185,1180,1360,598,5175,47,529,6133,3479,ITF,ITF6,18,Calabria,Calabria,1947131,691769,35.53,0.49
2401,2021-01-20,CAL,1396,623,773,865,127,179,0,41,14,25,0,0,145,1395,1,ITF,ITF6,18,Calabria,Calabria,1947131,693165,35.6,0.07
2402,2021-02-22,CAL,1996,1012,984,727,231,166,5,32,7,678,33,3,114,1441,555,ITF,ITF6,18,Calabria,Calabria,1947131,695161,35.7,0.1
2403,2021-04-19,CAL,7652,3688,3964,291,131,61,156,243,1971,1135,3478,92,94,6073,1579,ITF,ITF6,18,Calabria,Calabria,1947131,702813,36.09,0.39
2404,2021-05-02,CAL,12414,5795,6619,146,176,26,261,2527,1901,829,6205,68,275,10640,1774,ITF,ITF6,18,Calabria,Calabria,1947131,715227,36.73,0.64
2405,2021-01-29,VDA,317,138,179,260,32,16,0,6,3,0,0,0,0,2,315,ITC,ITC2,2,Valle d'Aosta / Vallée d'Aoste,Valle d'Aosta,125666,317,0.25,0.25
2406,2021-04-09,VDA,237,111,126,0,1,7,0,155,32,30,8,0,4,204,33,ITC,ITC2,2,Valle d'Aosta / Vallée d'Aoste,Valle d'Aosta,125666,554,0.44,0.19
2407,2021-03-20,VDA,208,86,122,5,5,15,2,87,46,14,1,27,6,172,36,ITC,ITC2,2,Valle d'Aosta / Vallée d'Aoste,Valle d'Aosta,125666,762,0.61,0.17
2408,2021-02-24,VDA,183,82,101,30,9,13,7,0,4,66,0,54,0,164,19,ITC,ITC2,2,Valle d'Aosta / Vallée d'Aoste,Valle d'Aosta,125666,945,0.75,0.15
2409,2021-01-09,VDA,443,199,244,225,183,22,0,7,6,0,0,0,0,443,0,ITC,ITC2,2,Valle d'Aosta / Vallée d'Aoste,Valle d'Aosta,125666,1388,1.1,0.35
2410,2021-02-07,VDA,292,120,172,110,63,0,3,1,1,105,7,2,0,190,102,ITC,ITC2,2,Valle d'Aosta / Vallée d'Aoste,Valle d'Aosta,125666,1680,1.34,0.23
2411,2021-05-11,VDA,645,325,320,5,0,0,2,153,230,112,109,6,28,494,151,ITC,ITC2,2,Valle d'Aosta / Vallée d'Aoste,Valle d'Aosta,125666,2325,1.85,0.51
2412,2021-03-29,VDA,493,233,260,7,5,18,2,50,172,209,23,1,6,453,40,ITC,ITC2,2,Valle d'Aosta / Vallée d'Aoste,Valle d'Aosta,125666,2818,2.24,0.39
2413,2021-02-16,VDA,325,53,272,10,0,14,236,10,8,32,0,4,11,320,5,ITC,ITC2,2,Valle d'Aosta / Vallée d'Aoste,Valle d'Aosta,125666,3143,2.5,0.26
2414,2021-01-21,VDA,33,12,21,0,0,33,0,0,0,0,0,0,0,33,0,ITC,ITC2,2,Valle d'Aosta / Vallée d'Aoste,Valle d'Aosta,125666,3176,2.53,0.03
2415,2021-02-21,VDA,18,3,15,0,0,18,0,0,0,0,0,0,0,0,18,ITC,ITC2,2,Valle d'Aosta / Vallée d'Aoste,Valle d'Aosta,125666,3194,2.54,0.01
2416,2021-03-25,VDA,389,154,235,13,0,1,1,8,57,287,14,0,8,379,10,ITC,ITC2,2,Valle d'Aosta / Vallée d'Aoste,Valle d'Aosta,125666,3583,2.85,0.31
2417,2021-03-15,VDA,362,123,239,21,4,10,65,8,16,217,14,7,0,159,203,ITC,ITC2,2,Valle d'Aosta / Vallée d'Aoste,Valle d'Aosta,125666,3945,3.14,0.29
2418,2021-01-30,VDA,439,202,237,233,182,12,0,7,4,0,0,0,1,14,425,ITC,ITC2,2,Valle d'Aosta / Vallée d'Aoste,Valle d'Aosta,125666,4384,3.49,0.35
2419,2021-05-06,VDA,1063,509,554,11,4,4,5,279,344,179,209,5,23,679,384,ITC,ITC2,2,Valle d'Aosta / Vallée d'Aoste,Valle d'Aosta,125666,5447,4.33,0.85
2420,2021-01-14,VDA,237,69,168,151,62,0,0,16,6,2,0,0,0,237,0,ITC,ITC2,2,Valle d'Aosta / Vallée d'Aoste,Valle d'Aosta,125666,5684,4.52,0.19
2421,2021-04-19,VDA,751,325,426,12,5,2,1,99,132,311,175,1,13,542,209,ITC,ITC2,2,Valle d'Aosta / Vallée d'Aoste,Valle d'Aosta,125666,6435,5.12,0.6
2422,2021-02-22,VDA,316,94,222,62,10,39,67,0,15,111,0,6,6,213,103,ITC,ITC2,2,Valle d'Aosta / Vallée d'Aoste,Valle d'Aosta,125666,6751,5.37,0.25
2423,2021-01-13,VDA,337,110,227,166,138,28,0,3,2,0,0,0,0,337,0,ITC,ITC2,2,Valle d'Aosta / Vallée d'Aoste,Valle d'Aosta,125666,7088,5.64,0.27
2424,2021-04-10,VDA,404,190,214,2,3,1,0,108,223,22,32,0,13,399,5,ITC,ITC2,2,Valle d'Aosta / Vallée d'Aoste,Valle d'Aosta,125666,7492,5.96,0.32
2425,2021-03-04,VDA,291,139,152,56,19,2,2,3,10,160,2,14,23,42,249,ITC,ITC2,2,Valle d'Aosta / Vallée d'Aoste,Valle d'Aosta,125666,7783,6.19,0.23
2426,2021-02-05,VDA,294,102,192,159,52,0,0,14,16,53,0,0,0,101,193,ITC,ITC2,2,Valle d'Aosta / Vallée d'Aoste,Valle d'Aosta,125666,8077,6.43,0.23
2427,2021-04-29,VDA,1291,634,657,9,3,39,0,241,506,243,223,6,21,757,534,ITC,ITC2,2,Valle d'Aosta / Vallée d'Aoste,Valle d'Aosta,125666,9368,7.45,1.03
2428,2021-04-16,VDA,599,261,338,63,10,2,0,235,81,26,172,0,10,597,2,ITC,ITC2,2,Valle d'Aosta / Vallée d'Aoste,Valle d'Aosta,125666,9967,7.93,0.48
2429,2021-05-12,VDA,849,395,454,8,4,2,1,94,325,221,163,2,29,206,643,ITC,ITC2,2,Valle d'Aosta / Vallée d'Aoste,Valle d'Aosta,125666,10816,8.61,0.68
2430,2021-03-13,VDA,145,86,59,3,11,0,3,82,0,0,0,24,22,145,0,ITC,ITC2,2,Valle d'Aosta / Vallée d'Aoste,Valle d'Aosta,125666,10961,8.72,0.12
2431,2021-05-02,VDA,765,345,420,3,4,0,1,353,277,35,82,1,9,605,160,ITC,ITC2,2,Valle d'Aosta / Vallée d'Aoste,Valle d'Aosta,125666,11726,9.33,0.61
2432,2021-04-14,VDA,941,430,511,16,3,0,1,82,259,406,151,3,20,717,224,ITC,ITC2,2,Valle d'Aosta / Vallée d'Aoste,Valle d'Aosta,125666,12667,10.08,0.75
2433,2021-04-15,VDA,810,377,433,30,1,0,1,231,135,241,156,2,13,671,139,ITC,ITC2,2,Valle d'Aosta / Vallée d'Aoste,Valle d'Aosta,125666,13477,10.72,0.64
2434,2021-03-27,VDA,333,164,169,24,12,14,1,110,72,66,4,21,9,302,31,ITC,ITC2,2,Valle d'Aosta / Vallée d'Aoste,Valle d'Aosta,125666,13810,10.99,0.26
2435,2021-03-07,VDA,64,30,34,16,3,0,1,1,4,26,0,2,11,11,53,ITC,ITC2,2,Valle d'Aosta / Vallée d'Aoste,Valle d'Aosta,125666,13874,11.04,0.05
2436,2021-01-18,VDA,213,74,139,29,7,27,0,104,0,46,0,0,0,213,0,ITC,ITC2,2,Valle d'Aosta / Vallée d'Aoste,Valle d'Aosta,125666,14087,11.21,0.17
2437,2021-02-27,VDA,231,85,146,69,9,2,0,10,4,128,0,4,5,124,107,ITC,ITC2,2,Valle d'Aosta / Vallée d'Aoste,Valle d'Aosta,125666,14318,11.39,0.18
2438,2021-05-05,VDA,1036,565,471,11,1,9,3,90,403,220,268,2,29,456,580,ITC,ITC2,2,Valle d'Aosta / Vallée d'Aoste,Valle d'Aosta,125666,15354,12.22,0.82
2439,2021-01-02,VDA,6,5,1,0,0,6,0,0,0,0,0,0,0,6,0,ITC,ITC2,2,Valle d'Aosta / Vallée d'Aoste,Valle d'Aosta,125666,15360,12.22,0.0
2440,2021-03-18,VDA,136,43,93,4,0,26,0,0,2,102,1,1,0,99,37,ITC,ITC2,2,Valle d'Aosta / Vallée d'Aoste,Valle d'Aosta,125666,15496,12.33,0.11
2441,2021-01-22,VDA,56,21,35,36,0,20,0,0,0,0,0,0,0,20,36,ITC,ITC2,2,Valle d'Aosta / Vallée d'Aoste,Valle d'Aosta,125666,15552,12.38,0.04
2442,2021-02-06,VDA,289,104,185,170,36,0,0,1,2,74,5,1,0,92,197,ITC,ITC2,2,Valle d'Aosta / Vallée d'Aoste,Valle d'Aosta,125666,15841,12.61,0.23
2443,2021-03-10,VDA,438,183,255,9,0,17,0,1,19,363,20,7,2,225,213,ITC,ITC2,2,Valle d'Aosta / Vallée d'Aoste,Valle d'Aosta,125666,16279,12.95,0.35
2444,2021-03-02,VDA,339,166,173,17,9,39,5,34,1,145,0,65,24,336,3,ITC,ITC2,2,Valle d'Aosta / Vallée d'Aoste,Valle d'Aosta,125666,16618,13.22,0.27
2445,2021-01-20,VDA,23,8,15,0,0,6,0,0,0,17,0,0,0,23,0,ITC,ITC2,2,Valle d'Aosta / Vallée d'Aoste,Valle d'Aosta,125666,16641,13.24,0.02
2446,2021-03-11,VDA,197,76,121,4,0,8,2,1,10,169,1,1,1,66,131,ITC,ITC2,2,Valle d'Aosta / Vallée d'Aoste,Valle d'Aosta,125666,16838,13.4,0.16
2447,2021-02-20,VDA,251,210,41,6,17,11,9,3,2,8,0,183,12,241,10,ITC,ITC2,2,Valle d'Aosta / Vallée d'Aoste,Valle d'Aosta,125666,17089,13.6,0.2
2448,2021-04-08,VDA,584,282,302,6,0,4,2,50,146,281,82,0,13,441,143,ITC,ITC2,2,Valle d'Aosta / Vallée d'Aoste,Valle d'Aosta,125666,17673,14.06,0.46
2449,2021-01-11,VDA,325,112,213,238,50,30,0,3,3,0,0,0,1,325,0,ITC,ITC2,2,Valle d'Aosta / Vallée d'Aoste,Valle d'Aosta,125666,17998,14.32,0.26
2450,2021-04-17,VDA,638,407,231,8,8,0,2,151,199,46,207,0,17,636,2,ITC,ITC2,2,Valle d'Aosta / Vallée d'Aoste,Valle d'Aosta,125666,18636,14.83,0.51
2451,2021-04-11,VDA,479,208,271,3,4,0,3,265,142,6,47,0,9,479,0,ITC,ITC2,2,Valle d'Aosta / Vallée d'Aoste,Valle d'Aosta,125666,19115,15.21,0.38
2452,2021-05-10,VDA,780,381,399,9,1,13,3,193,249,158,138,5,11,546,234,ITC,ITC2,2,Valle d'Aosta / Vallée d'Aoste,Valle d'Aosta,125666,19895,15.83,0.62
2453,2021-03-17,VDA,433,185,248,36,4,16,7,13,23,254,9,42,29,273,160,ITC,ITC2,2,Valle d'Aosta / Vallée d'Aoste,Valle d'Aosta,125666,20328,16.18,0.34
2454,2021-02-23,VDA,216,123,93,0,1,0,16,0,0,0,0,46,153,216,0,ITC,ITC2,2,Valle d'Aosta / Vallée d'Aoste,Valle d'Aosta,125666,20544,16.35,0.17
2455,2021-04-30,VDA,831,355,476,65,9,5,2,227,233,28,212,14,36,485,346,ITC,ITC2,2,Valle d'Aosta / Vallée d'Aoste,Valle d'Aosta,125666,21375,17.01,0.66
2456,2021-02-09,VDA,251,84,167,78,16,14,53,8,3,75,2,1,1,68,183,ITC,ITC2,2,Valle d'Aosta / Vallée d'Aoste,Valle d'Aosta,125666,21626,17.21,0.2
2457,2021-02-17,VDA,327,144,183,25,1,30,0,0,16,237,0,17,1,227,100,ITC,ITC2,2,Valle d'Aosta / Vallée d'Aoste,Valle d'Aosta,125666,21953,17.47,0.26
2458,2021-03-06,VDA,22,4,18,13,0,5,0,0,0,4,0,0,0,22,0,ITC,ITC2,2,Valle d'Aosta / Vallée d'Aoste,Valle d'Aosta,125666,21975,17.49,0.02
2459,2021-02-26,VDA,207,58,149,67,9,6,1,6,6,102,1,4,5,122,85,ITC,ITC2,2,Valle d'Aosta / Vallée d'Aoste,Valle d'Aosta,125666,22182,17.65,0.16
2460,2021-04-21,VDA,868,410,458,24,16,1,5,60,152,285,259,10,56,619,249,ITC,ITC2,2,Valle d'Aosta / Vallée d'Aoste,Valle d'Aosta,125666,23050,18.34,0.69
2461,2021-01-05,VDA,150,54,96,127,11,11,0,0,1,0,0,0,0,150,0,ITC,ITC2,2,Valle d'Aosta / Vallée d'Aoste,Valle d'Aosta,125666,23200,18.46,0.12
2462,2021-01-08,VDA,299,130,169,240,35,16,0,5,3,0,0,0,0,299,0,ITC,ITC2,2,Valle d'Aosta / Vallée d'Aoste,Valle d'Aosta,125666,23499,18.7,0.24
2463,2021-04-25,VDA,848,408,440,3,7,0,1,299,334,55,127,1,21,709,139,ITC,ITC2,2,Valle d'Aosta / Vallée d'Aoste,Valle d'Aosta,125666,24347,19.37,0.67
2464,2020-12-31,VDA,18,4,14,16,2,0,0,0,0,0,0,0,0,18,0,ITC,ITC2,2,Valle d'Aosta / Vallée d'Aoste,Valle d'Aosta,125666,24365,19.39,0.01
2465,2021-03-14,VDA,392,200,192,8,21,0,52,205,1,0,0,34,71,392,0,ITC,ITC2,2,Valle d'Aosta / Vallée d'Aoste,Valle d'Aosta,125666,24757,19.7,0.31
2466,2021-03-01,VDA,181,66,115,19,8,29,0,0,3,116,2,2,2,147,34,ITC,ITC2,2,Valle d'Aosta / Vallée d'Aoste,Valle d'Aosta,125666,24938,19.84,0.14
2467,2021-04-27,VDA,977,423,554,41,13,4,1,128,278,231,227,3,51,685,292,ITC,ITC2,2,Valle d'Aosta / Vallée d'Aoste,Valle d'Aosta,125666,25915,20.62,0.78
2468,2021-04-22,VDA,1067,449,618,9,3,3,3,179,249,467,128,2,24,684,383,ITC,ITC2,2,Valle d'Aosta / Vallée d'Aoste,Valle d'Aosta,125666,26982,21.47,0.85
2469,2021-03-03,VDA,255,118,137,9,11,1,4,4,9,208,6,1,2,186,69,ITC,ITC2,2,Valle d'Aosta / Vallée d'Aoste,Valle d'Aosta,125666,27237,21.67,0.2
2470,2021-04-23,VDA,921,443,478,40,7,29,0,165,277,252,139,0,12,538,383,ITC,ITC2,2,Valle d'Aosta / Vallée d'Aoste,Valle d'Aosta,125666,28158,22.41,0.73
2471,2021-01-10,VDA,220,71,149,172,25,19,0,4,0,0,0,0,0,220,0,ITC,ITC2,2,Valle d'Aosta / Vallée d'Aoste,Valle d'Aosta,125666,28378,22.58,0.18
2472,2021-01-06,VDA,65,33,32,29,8,18,0,7,3,0,0,0,0,65,0,ITC,ITC2,2,Valle d'Aosta / Vallée d'Aoste,Valle d'Aosta,125666,28443,22.63,0.05
2473,2021-04-02,VDA,873,344,529,63,9,12,178,89,167,196,74,11,74,648,225,ITC,ITC2,2,Valle d'Aosta / Vallée d'Aoste,Valle d'Aosta,125666,29316,23.33,0.69
2474,2021-03-12,VDA,531,175,356,15,8,8,255,44,21,148,8,2,22,305,226,ITC,ITC2,2,Valle d'Aosta / Vallée d'Aoste,Valle d'Aosta,125666,29847,23.75,0.42
2475,2021-01-12,VDA,302,72,230,242,34,11,0,14,1,0,0,0,0,302,0,ITC,ITC2,2,Valle d'Aosta / Vallée d'Aoste,Valle d'Aosta,125666,30149,23.99,0.24
2476,2021-03-16,VDA,180,37,143,4,0,13,0,15,14,121,0,0,13,118,62,ITC,ITC2,2,Valle d'Aosta / Vallée d'Aoste,Valle d'Aosta,125666,30329,24.13,0.14
2477,2021-04-28,VDA,1217,632,585,24,7,30,0,81,597,236,212,1,29,713,504,ITC,ITC2,2,Valle d'Aosta / Vallée d'Aoste,Valle d'Aosta,125666,31546,25.1,0.97
2478,2021-04-04,VDA,571,252,319,1,8,0,96,270,155,22,5,4,10,570,1,ITC,ITC2,2,Valle d'Aosta / Vallée d'Aoste,Valle d'Aosta,125666,32117,25.56,0.45
2479,2021-02-11,VDA,231,107,124,53,21,0,0,2,10,128,1,13,3,222,9,ITC,ITC2,2,Valle d'Aosta / Vallée d'Aoste,Valle d'Aosta,125666,32348,25.74,0.18
2480,2021-04-20,VDA,932,430,502,25,9,8,2,115,174,279,253,1,66,738,194,ITC,ITC2,2,Valle d'Aosta / Vallée d'Aoste,Valle d'Aosta,125666,33280,26.48,0.74
2481,2021-03-26,VDA,498,204,294,4,2,0,227,54,79,100,3,3,26,491,7,ITC,ITC2,2,Valle d'Aosta / Vallée d'Aoste,Valle d'Aosta,125666,33778,26.88,0.4
2482,2021-01-15,VDA,218,82,136,116,32,28,0,18,17,6,0,0,1,218,0,ITC,ITC2,2,Valle d'Aosta / Vallée d'Aoste,Valle d'Aosta,125666,33996,27.05,0.17
2483,2021-03-24,VDA,515,230,285,11,5,0,1,16,34,420,18,3,7,258,257,ITC,ITC2,2,Valle d'Aosta / Vallée d'Aoste,Valle d'Aosta,125666,34511,27.46,0.41
2484,2021-05-01,VDA,938,562,376,15,1,0,1,230,287,56,140,185,23,454,484,ITC,ITC2,2,Valle d'Aosta / Vallée d'Aoste,Valle d'Aosta,125666,35449,28.21,0.75
2485,2021-05-04,VDA,1135,510,625,18,4,2,201,152,255,158,282,13,50,462,673,ITC,ITC2,2,Valle d'Aosta / Vallée d'Aoste,Valle d'Aosta,125666,36584,29.11,0.9
2486,2020-12-27,VDA,20,9,11,20,0,0,0,0,0,0,0,0,0,20,0,ITC,ITC2,2,Valle d'Aosta / Vallée d'Aoste,Valle d'Aosta,125666,36604,29.13,0.02
2487,2021-04-01,VDA,776,394,382,1,1,0,0,205,306,201,55,0,7,764,12,ITC,ITC2,2,Valle d'Aosta / Vallée d'Aoste,Valle d'Aosta,125666,37380,29.75,0.62
2488,2021-02-08,VDA,223,83,140,28,19,3,25,82,0,64,0,0,2,25,198,ITC,ITC2,2,Valle d'Aosta / Vallée d'Aoste,Valle d'Aosta,125666,37603,29.92,0.18
2489,2021-02-02,VDA,272,70,202,225,35,3,0,8,1,0,0,0,0,2,270,ITC,ITC2,2,Valle d'Aosta / Vallée d'Aoste,Valle d'Aosta,125666,37875,30.14,0.22
2490,2021-03-23,VDA,379,150,229,14,2,7,9,37,18,280,0,9,3,245,134,ITC,ITC2,2,Valle d'Aosta / Vallée d'Aoste,Valle d'Aosta,125666,38254,30.44,0.3
2491,2021-03-22,VDA,560,205,355,37,5,18,19,54,37,340,29,11,10,333,227,ITC,ITC2,2,Valle d'Aosta / Vallée d'Aoste,Valle d'Aosta,125666,38814,30.89,0.45
2492,2021-04-07,VDA,908,473,435,16,0,0,1,84,271,391,92,0,53,679,229,ITC,ITC2,2,Valle d'Aosta / Vallée d'Aoste,Valle d'Aosta,125666,39722,31.61,0.72
2493,2021-02-10,VDA,248,77,171,51,14,26,18,4,3,128,0,1,3,141,107,ITC,ITC2,2,Valle d'Aosta / Vallée d'Aoste,Valle d'Aosta,125666,39970,31.81,0.2
2494,2021-05-09,VDA,574,287,287,5,1,0,1,368,109,12,64,4,10,444,130,ITC,ITC2,2,Valle d'Aosta / Vallée d'Aoste,Valle d'Aosta,125666,40544,32.26,0.46
2495,2021-01-17,VDA,131,56,75,49,2,20,0,1,0,59,0,0,0,131,0,ITC,ITC2,2,Valle d'Aosta / Vallée d'Aoste,Valle d'Aosta,125666,40675,32.37,0.1
2496,2021-04-26,VDA,715,327,388,13,2,0,2,79,246,213,126,7,27,545,170,ITC,ITC2,2,Valle d'Aosta / Vallée d'Aoste,Valle d'Aosta,125666,41390,32.94,0.57
2497,2021-02-15,VDA,264,136,128,24,2,25,2,0,6,173,2,29,1,229,35,ITC,ITC2,2,Valle d'Aosta / Vallée d'Aoste,Valle d'Aosta,125666,41654,33.15,0.21
2498,2021-05-08,VDA,904,540,364,14,25,0,9,299,227,46,98,168,18,526,378,ITC,ITC2,2,Valle d'Aosta / Vallée d'Aoste,Valle d'Aosta,125666,42558,33.87,0.72
2499,2021-03-28,VDA,522,212,310,52,10,0,47,166,99,53,18,55,22,521,1,ITC,ITC2,2,Valle d'Aosta / Vallée d'Aoste,Valle d'Aosta,125666,43080,34.28,0.42
2500,2021-03-19,VDA,322,85,237,9,1,21,211,42,1,9,0,1,27,286,36,ITC,ITC2,2,Valle d'Aosta / Vallée d'Aoste,Valle d'Aosta,125666,43402,34.54,0.26
2501,2021-04-13,VDA,373,171,202,2,1,8,0,69,108,120,56,0,9,329,44,ITC,ITC2,2,Valle d'Aosta / Vallée d'Aoste,Valle d'Aosta,125666,43775,34.83,0.3
2502,2021-01-27,VDA,151,71,80,55,8,18,0,9,3,53,0,0,5,79,72,ITC,ITC2,2,Valle d'Aosta / Vallée d'Aoste,Valle d'Aosta,125666,43926,34.95,0.12
2503,2021-01-26,VDA,139,48,91,115,11,12,0,0,1,0,0,0,0,0,139,ITC,ITC2,2,Valle d'Aosta / Vallée d'Aoste,Valle d'Aosta,125666,44065,35.07,0.11
2504,2021-02-03,VDA,351,114,237,157,136,52,0,4,1,1,0,0,0,14,337,ITC,ITC2,2,Valle d'Aosta / Vallée d'Aoste,Valle d'Aosta,125666,44416,35.34,0.28
2505,2021-04-12,VDA,484,185,299,8,9,22,2,89,60,229,62,0,3,321,163,ITC,ITC2,2,Valle d'Aosta / Vallée d'Aoste,Valle d'Aosta,125666,44900,35.73,0.39
2506,2021-01-25,VDA,147,65,82,125,13,6,0,3,0,0,0,0,0,0,147,ITC,ITC2,2,Valle d'Aosta / Vallée d'Aoste,Valle d'Aosta,125666,45047,35.85,0.12
2507,2021-01-28,VDA,290,123,167,202,35,6,0,10,7,2,0,0,28,56,234,ITC,ITC2,2,Valle d'Aosta / Vallée d'Aoste,Valle d'Aosta,125666,45337,36.08,0.23
2508,2021-03-09,VDA,206,96,110,3,0,23,26,55,5,36,0,39,19,174,32,ITC,ITC2,2,Valle d'Aosta / Vallée d'Aoste,Valle d'Aosta,125666,45543,36.24,0.16
2509,2021-01-19,VDA,256,77,179,160,10,15,0,10,3,57,0,0,1,256,0,ITC,ITC2,2,Valle d'Aosta / Vallée d'Aoste,Valle d'Aosta,125666,45799,36.45,0.2
2510,2021-02-13,VDA,216,196,20,0,0,0,0,0,0,0,0,216,0,215,1,ITC,ITC2,2,Valle d'Aosta / Vallée d'Aoste,Valle d'Aosta,125666,46015,36.62,0.17
2511,2021-02-14,VDA,48,16,32,6,0,42,0,0,0,0,0,0,0,1,47,ITC,ITC2,2,Valle d'Aosta / Vallée d'Aoste,Valle d'Aosta,125666,46063,36.66,0.04
2512,2021-02-12,VDA,263,96,167,51,13,28,5,2,10,133,18,0,3,217,46,ITC,ITC2,2,Valle d'Aosta / Vallée d'Aoste,Valle d'Aosta,125666,46326,36.86,0.21
2513,2021-02-01,VDA,404,127,277,269,56,70,0,2,2,3,0,0,2,87,317,ITC,ITC2,2,Valle d'Aosta / Vallée d'Aoste,Valle d'Aosta,125666,46730,37.19,0.32
2514,2021-05-03,VDA,839,400,439,16,5,1,24,201,331,50,191,3,17,488,351,ITC,ITC2,2,Valle d'Aosta / Vallée d'Aoste,Valle d'Aosta,125666,47569,37.85,0.67
2515,2021-03-31,VDA,555,302,253,7,1,0,0,22,309,203,6,0,7,529,26,ITC,ITC2,2,Valle d'Aosta / Vallée d'Aoste,Valle d'Aosta,125666,48124,38.3,0.44
2516,2021-01-07,VDA,275,111,164,224,38,5,0,3,2,0,0,0,3,275,0,ITC,ITC2,2,Valle d'Aosta / Vallée d'Aoste,Valle d'Aosta,125666,48399,38.51,0.22
2517,2021-03-30,VDA,402,223,179,11,2,5,5,32,180,124,28,9,6,382,20,ITC,ITC2,2,Valle d'Aosta / Vallée d'Aoste,Valle d'Aosta,125666,48801,38.83,0.32
2518,2021-05-07,VDA,564,245,319,51,3,2,1,383,21,24,39,11,29,533,31,ITC,ITC2,2,Valle d'Aosta / Vallée d'Aoste,Valle d'Aosta,125666,49365,39.28,0.45
2519,2021-03-08,VDA,482,231,251,29,1,13,1,6,25,365,7,28,7,237,245,ITC,ITC2,2,Valle d'Aosta / Vallée d'Aoste,Valle d'Aosta,125666,49847,39.67,0.38
2520,2021-01-16,VDA,236,80,156,127,32,22,0,2,2,51,0,0,0,236,0,ITC,ITC2,2,Valle d'Aosta / Vallée d'Aoste,Valle d'Aosta,125666,50083,39.85,0.19
2521,2021-04-18,VDA,520,253,267,11,6,4,4,193,82,13,183,0,24,516,4,ITC,ITC2,2,Valle d'Aosta / Vallée d'Aoste,Valle d'Aosta,125666,50603,40.27,0.41
2522,2021-03-05,VDA,275,124,151,51,10,13,5,4,10,138,18,0,26,53,222,ITC,ITC2,2,Valle d'Aosta / Vallée d'Aoste,Valle d'Aosta,125666,50878,40.49,0.22
2523,2021-04-06,VDA,741,381,360,24,4,1,0,55,192,239,160,14,52,629,112,ITC,ITC2,2,Valle d'Aosta / Vallée d'Aoste,Valle d'Aosta,125666,51619,41.08,0.59
2524,2021-04-24,VDA,722,400,322,14,7,7,1,131,174,96,238,4,50,555,167,ITC,ITC2,2,Valle d'Aosta / Vallée d'Aoste,Valle d'Aosta,125666,52341,41.65,0.57
2525,2021-02-04,VDA,294,86,208,168,76,34,0,12,3,1,0,0,0,8,286,ITC,ITC2,2,Valle d'Aosta / Vallée d'Aoste,Valle d'Aosta,125666,52635,41.88,0.23
2526,2021-02-28,VDA,260,86,174,78,36,24,4,7,10,94,0,3,4,77,183,ITC,ITC2,2,Valle d'Aosta / Vallée d'Aoste,Valle d'Aosta,125666,52895,42.09,0.21
2527,2021-03-21,VDA,355,165,190,2,5,0,30,208,57,1,0,27,25,355,0,ITC,ITC2,2,Valle d'Aosta / Vallée d'Aoste,Valle d'Aosta,125666,53250,42.37,0.28
2528,2021-01-31,VDA,291,91,200,232,33,18,0,5,0,0,0,0,3,58,233,ITC,ITC2,2,Valle d'Aosta / Vallée d'Aoste,Valle d'Aosta,125666,53541,42.61,0.23
2529,2021-02-18,VDA,349,153,196,61,9,45,8,6,17,184,0,16,3,261,88,ITC,ITC2,2,Valle d'Aosta / Vallée d'Aoste,Valle d'Aosta,125666,53890,42.88,0.28
2530,2021-02-19,VDA,292,102,190,17,1,35,65,3,16,154,0,0,1,268,24,ITC,ITC2,2,Valle d'Aosta / Vallée d'Aoste,Valle d'Aosta,125666,54182,43.12,0.23
2531,2021-04-05,VDA,461,222,239,18,4,0,35,186,118,8,84,0,8,457,4,ITC,ITC2,2,Valle d'Aosta / Vallée d'Aoste,Valle d'Aosta,125666,54643,43.48,0.37
2532,2021-01-04,VDA,142,59,83,126,14,0,0,2,0,0,0,0,0,142,0,ITC,ITC2,2,Valle d'Aosta / Vallée d'Aoste,Valle d'Aosta,125666,54785,43.6,0.11
2533,2021-02-25,VDA,201,101,100,6,4,12,2,84,1,0,0,27,65,194,7,ITC,ITC2,2,Valle d'Aosta / Vallée d'Aoste,Valle d'Aosta,125666,54986,43.76,0.16
2534,2021-04-03,VDA,676,341,335,13,11,4,1,117,333,58,72,5,62,661,15,ITC,ITC2,2,Valle d'Aosta / Vallée d'Aoste,Valle d'Aosta,125666,55662,44.29,0.54
2535,2021-04-27,MAR,9399,4309,5090,146,58,37,288,1367,3914,1043,2465,37,44,5413,3986,ITI,ITI3,11,Marche,Marche,1525271,9399,0.62,0.62
2536,2021-02-16,MAR,1287,475,812,733,433,92,0,3,2,0,0,0,24,1257,30,ITI,ITI3,11,Marche,Marche,1525271,10686,0.7,0.08
2537,2021-02-28,MAR,2836,1251,1585,19,6,0,2,1,3,2796,0,2,7,2830,6,ITI,ITI3,11,Marche,Marche,1525271,13522,0.89,0.19
2538,2021-03-25,MAR,6657,2774,3883,464,148,373,519,95,27,4383,258,122,268,3247,3410,ITI,ITI3,11,Marche,Marche,1525271,20179,1.32,0.44
2539,2021-01-23,MAR,557,190,367,440,53,63,0,0,0,0,0,0,1,123,434,ITI,ITI3,11,Marche,Marche,1525271,20736,1.36,0.04
2540,2021-03-22,MAR,5655,2376,3279,406,232,69,433,14,13,4182,19,238,49,2527,3128,ITI,ITI3,11,Marche,Marche,1525271,26391,1.73,0.37
2541,2021-02-21,MAR,376,141,235,204,62,57,1,11,1,0,0,0,40,375,1,ITI,ITI3,11,Marche,Marche,1525271,26767,1.75,0.02
2542,2021-04-29,MAR,13246,6062,7184,264,136,92,636,1908,3645,1419,4959,89,98,7150,6096,ITI,ITI3,11,Marche,Marche,1525271,40013,2.62,0.87
2543,2021-03-29,MAR,5860,2567,3293,227,147,39,215,34,65,4255,722,75,81,3435,2425,ITI,ITI3,11,Marche,Marche,1525271,45873,3.01,0.38
2544,2021-05-06,MAR,12656,5819,6837,310,202,135,428,1448,3160,1039,5431,169,334,5583,7073,ITI,ITI3,11,Marche,Marche,1525271,58529,3.84,0.83
2545,2021-03-09,MAR,5429,2293,3136,752,224,41,1069,20,3,2586,122,558,54,4549,880,ITI,ITI3,11,Marche,Marche,1525271,63958,4.19,0.36
2546,2021-05-11,MAR,10626,4835,5791,246,150,133,347,2490,3018,519,3401,19,303,5678,4948,ITI,ITI3,11,Marche,Marche,1525271,74584,4.89,0.7
2547,2021-02-15,MAR,967,412,555,539,389,1,0,4,1,1,12,0,20,954,13,ITI,ITI3,11,Marche,Marche,1525271,75551,4.95,0.06
2548,2021-01-02,MAR,453,139,314,444,9,0,0,0,0,0,0,0,0,453,0,ITI,ITI3,11,Marche,Marche,1525271,76004,4.98,0.03
2549,2021-02-03,MAR,2124,741,1383,1344,569,166,0,4,5,2,0,0,34,119,2005,ITI,ITI3,11,Marche,Marche,1525271,78128,5.12,0.14
2550,2021-01-15,MAR,1771,500,1271,985,358,365,0,9,3,0,0,0,51,1771,0,ITI,ITI3,11,Marche,Marche,1525271,79899,5.24,0.12
2551,2021-04-23,MAR,11156,5139,6017,182,84,73,53,2840,3415,1684,2722,45,58,8101,3055,ITI,ITI3,11,Marche,Marche,1525271,91055,5.97,0.73
2552,2021-01-24,MAR,880,339,541,762,117,0,0,0,0,0,0,0,1,5,875,ITI,ITI3,11,Marche,Marche,1525271,91935,6.03,0.06
2553,2021-04-20,MAR,10698,4995,5703,179,74,101,87,1950,4632,588,3041,21,25,9281,1417,ITI,ITI3,11,Marche,Marche,1525271,102633,6.73,0.7
2554,2021-01-04,MAR,1502,564,938,1291,195,11,0,1,0,0,0,0,4,1502,0,ITI,ITI3,11,Marche,Marche,1525271,104135,6.83,0.1
2555,2021-03-15,MAR,4402,2027,2375,300,81,10,241,36,8,3477,27,115,107,1312,3090,ITI,ITI3,11,Marche,Marche,1525271,108537,7.12,0.29
2556,2021-04-01,MAR,7578,3183,4395,387,239,46,283,37,157,4613,1675,70,71,4162,3416,ITI,ITI3,11,Marche,Marche,1525271,116115,7.61,0.5
2557,2021-01-03,MAR,896,348,548,759,130,0,0,1,0,0,0,0,6,896,0,ITI,ITI3,11,Marche,Marche,1525271,117011,7.67,0.06
2558,2021-03-13,MAR,5762,2652,3110,662,166,52,237,7,7,4238,13,351,29,1805,3957,ITI,ITI3,11,Marche,Marche,1525271,122773,8.05,0.38
2559,2021-01-19,MAR,226,82,144,121,20,85,0,0,0,0,0,0,0,141,85,ITI,ITI3,11,Marche,Marche,1525271,122999,8.06,0.01
2560,2021-03-11,MAR,6595,2784,3811,1094,386,52,1097,24,9,3226,86,518,103,5225,1370,ITI,ITI3,11,Marche,Marche,1525271,129594,8.5,0.43
2561,2021-05-02,MAR,8899,3936,4963,275,116,4,936,1936,2168,745,2637,39,43,3161,5738,ITI,ITI3,11,Marche,Marche,1525271,138493,9.08,0.58
2562,2021-04-16,MAR,10083,4704,5379,322,141,76,512,227,3818,683,4075,20,209,9556,527,ITI,ITI3,11,Marche,Marche,1525271,148576,9.74,0.66
2563,2021-03-30,MAR,7417,3044,4373,523,321,275,366,43,113,4251,1385,77,63,4602,2815,ITI,ITI3,11,Marche,Marche,1525271,155993,10.23,0.49
2564,2021-01-13,MAR,2105,746,1359,1408,578,76,0,6,5,15,0,0,17,2105,0,ITI,ITI3,11,Marche,Marche,1525271,158098,10.37,0.14
2565,2021-02-06,MAR,2459,900,1559,1401,536,415,0,21,8,4,0,0,74,522,1937,ITI,ITI3,11,Marche,Marche,1525271,160557,10.53,0.16
2566,2021-02-05,MAR,2155,653,1502,1318,346,418,0,6,8,2,0,0,57,440,1715,ITI,ITI3,11,Marche,Marche,1525271,162712,10.67,0.14
2567,2021-04-19,MAR,9602,4497,5105,243,124,13,64,1477,4116,973,2414,36,142,8022,1580,ITI,ITI3,11,Marche,Marche,1525271,172314,11.3,0.63
2568,2021-02-19,MAR,1962,712,1250,1267,402,203,2,7,4,2,13,0,62,1827,135,ITI,ITI3,11,Marche,Marche,1525271,174276,11.43,0.13
2569,2021-03-27,MAR,7378,3072,4306,278,169,144,711,77,104,4073,1512,133,177,5020,2358,ITI,ITI3,11,Marche,Marche,1525271,181654,11.91,0.48
2570,2021-01-31,MAR,1920,770,1150,1527,389,0,0,1,0,0,0,0,3,105,1815,ITI,ITI3,11,Marche,Marche,1525271,183574,12.04,0.13
2571,2021-01-14,MAR,2010,692,1318,1112,558,298,0,4,1,0,0,0,37,2010,0,ITI,ITI3,11,Marche,Marche,1525271,185584,12.17,0.13
2572,2021-02-10,MAR,1439,452,987,881,292,215,0,6,1,0,0,0,44,1080,359,ITI,ITI3,11,Marche,Marche,1525271,187023,12.26,0.09
2573,2021-02-18,MAR,2101,745,1356,1149,499,402,1,14,4,1,0,0,31,1815,286,ITI,ITI3,11,Marche,Marche,1525271,189124,12.4,0.14
2574,2021-04-17,MAR,11698,5315,6383,204,152,130,613,326,4070,921,5160,14,108,10624,1074,ITI,ITI3,11,Marche,Marche,1525271,200822,13.17,0.77
2575,2021-03-10,MAR,5669,2401,3268,721,411,114,1036,11,11,2673,100,553,39,4532,1137,ITI,ITI3,11,Marche,Marche,1525271,206491,13.54,0.37
2576,2021-01-18,MAR,673,230,443,370,116,132,0,5,8,30,0,0,12,547,126,ITI,ITI3,11,Marche,Marche,1525271,207164,13.58,0.04
2577,2020-12-30,MAR,17,5,12,14,3,0,0,0,0,0,0,0,0,17,0,ITI,ITI3,11,Marche,Marche,1525271,207181,13.58,0.0
2578,2021-02-24,MAR,3486,1515,1971,228,191,210,1,4,4,2819,22,3,4,3408,78,ITI,ITI3,11,Marche,Marche,1525271,210667,13.81,0.23
2579,2021-03-02,MAR,4954,1941,3013,589,184,256,537,11,3,3316,4,3,51,4388,566,ITI,ITI3,11,Marche,Marche,1525271,215621,14.14,0.32
2580,2021-01-17,MAR,1606,687,919,971,367,46,0,50,30,4,0,0,138,1550,56,ITI,ITI3,11,Marche,Marche,1525271,217227,14.24,0.11
2581,2021-04-28,MAR,10729,4889,5840,216,60,85,322,1630,3738,990,3398,42,248,6000,4729,ITI,ITI3,11,Marche,Marche,1525271,227956,14.95,0.7
2582,2021-04-09,MAR,9557,4189,5368,273,71,103,1304,82,2303,1608,3669,70,74,9356,201,ITI,ITI3,11,Marche,Marche,1525271,237513,15.57,0.63
2583,2021-04-26,MAR,8980,3983,4997,155,70,30,179,1735,4039,897,1774,42,59,5958,3022,ITI,ITI3,11,Marche,Marche,1525271,246493,16.16,0.59
2584,2021-02-20,MAR,4121,1705,2416,118,118,261,0,17,13,3576,0,3,15,4010,111,ITI,ITI3,11,Marche,Marche,1525271,250614,16.43,0.27
2585,2021-03-20,MAR,4135,1740,2395,180,63,114,88,10,4,3632,14,12,18,1049,3086,ITI,ITI3,11,Marche,Marche,1525271,254749,16.7,0.27
2586,2021-04-05,MAR,5688,2355,3333,251,84,103,758,54,1004,2267,1108,28,31,4419,1269,ITI,ITI3,11,Marche,Marche,1525271,260437,17.07,0.37
2587,2021-04-11,MAR,7116,3115,4001,282,96,10,781,47,2163,1224,2449,44,20,6830,286,ITI,ITI3,11,Marche,Marche,1525271,267553,17.54,0.47
2588,2021-01-09,MAR,1709,605,1104,1406,238,0,0,17,2,0,0,0,46,1709,0,ITI,ITI3,11,Marche,Marche,1525271,269262,17.65,0.11
2589,2021-03-28,MAR,4126,1739,2387,45,44,6,396,17,32,2662,871,11,42,2435,1691,ITI,ITI3,11,Marche,Marche,1525271,273388,17.92,0.27
2590,2021-05-07,MAR,12837,5804,7033,308,158,96,951,1423,3772,869,4795,18,447,3660,9177,ITI,ITI3,11,Marche,Marche,1525271,286225,18.77,0.84
2591,2021-01-25,MAR,1595,558,1037,1425,110,56,0,0,0,2,0,0,2,97,1498,ITI,ITI3,11,Marche,Marche,1525271,287820,18.87,0.1
2592,2021-01-07,MAR,1802,633,1169,1480,279,0,0,8,0,0,0,0,35,1802,0,ITI,ITI3,11,Marche,Marche,1525271,289622,18.99,0.12
2593,2021-04-12,MAR,8567,3772,4795,179,82,88,1155,106,2842,1317,2601,79,118,8083,484,ITI,ITI3,11,Marche,Marche,1525271,298189,19.55,0.56
2594,2021-03-19,MAR,3833,1597,2236,495,135,263,6,5,7,2831,63,13,15,337,3496,ITI,ITI3,11,Marche,Marche,1525271,302022,19.8,0.25
2595,2021-02-12,MAR,1582,618,964,814,423,88,0,32,14,3,0,0,208,1430,152,ITI,ITI3,11,Marche,Marche,1525271,303604,19.9,0.1
2596,2021-04-21,MAR,10781,4968,5813,272,111,46,81,2390,4285,555,2867,43,131,9587,1194,ITI,ITI3,11,Marche,Marche,1525271,314385,20.61,0.71
2597,2021-05-10,MAR,9458,4340,5118,253,161,60,332,1780,2915,626,2893,42,396,4894,4564,ITI,ITI3,11,Marche,Marche,1525271,323843,21.23,0.62
2598,2021-02-04,MAR,2341,809,1532,1406,601,275,0,11,3,1,0,0,44,112,2229,ITI,ITI3,11,Marche,Marche,1525271,326184,21.39,0.15
2599,2021-04-06,MAR,8878,3693,5185,310,185,161,1728,97,1739,1888,2578,98,94,8065,813,ITI,ITI3,11,Marche,Marche,1525271,335062,21.97,0.58
2600,2021-04-25,MAR,8599,3993,4606,206,37,1,20,3961,2094,675,1568,22,15,7024,1575,ITI,ITI3,11,Marche,Marche,1525271,343661,22.53,0.56
2601,2021-01-22,MAR,487,167,320,315,74,87,0,1,0,0,0,0,10,194,293,ITI,ITI3,11,Marche,Marche,1525271,344148,22.56,0.03
2602,2021-03-05,MAR,6177,2859,3318,1127,324,144,800,52,26,2385,185,1008,126,4710,1467,ITI,ITI3,11,Marche,Marche,1525271,350325,22.97,0.4
2603,2021-03-14,MAR,2499,1031,1468,441,58,1,454,4,3,1522,5,2,9,1906,593,ITI,ITI3,11,Marche,Marche,1525271,352824,23.13,0.16
2604,2021-02-09,MAR,124,42,82,77,21,26,0,0,0,0,0,0,0,46,78,ITI,ITI3,11,Marche,Marche,1525271,352948,23.14,0.01
2605,2021-03-01,MAR,3724,1487,2237,388,138,87,286,4,1,2789,4,5,22,3476,248,ITI,ITI3,11,Marche,Marche,1525271,356672,23.38,0.24
2606,2021-04-30,MAR,13938,6100,7838,343,78,92,1475,1651,3680,1644,4815,55,105,5398,8540,ITI,ITI3,11,Marche,Marche,1525271,370610,24.3,0.91
2607,2021-02-23,MAR,3267,1397,1870,219,57,118,0,7,4,2822,0,5,35,3211,56,ITI,ITI3,11,Marche,Marche,1525271,373877,24.51,0.21
2608,2021-03-31,MAR,7373,3087,4286,477,327,161,257,30,103,4556,1299,86,77,4349,3024,ITI,ITI3,11,Marche,Marche,1525271,381250,25.0,0.48
2609,2021-03-03,MAR,6650,3049,3601,817,369,208,782,36,12,3133,195,1001,97,5770,880,ITI,ITI3,11,Marche,Marche,1525271,387900,25.43,0.44
2610,2021-02-27,MAR,3356,1435,1921,185,139,154,1,6,1,2841,17,6,6,3147,209,ITI,ITI3,11,Marche,Marche,1525271,391256,25.65,0.22
2611,2021-01-06,MAR,2181,792,1389,1738,261,147,0,5,1,0,0,0,29,2181,0,ITI,ITI3,11,Marche,Marche,1525271,393437,25.79,0.14
2612,2021-02-11,MAR,1987,657,1330,1155,369,212,0,32,22,32,0,0,165,1598,389,ITI,ITI3,11,Marche,Marche,1525271,395424,25.92,0.13
2613,2021-02-22,MAR,3413,1499,1914,326,89,77,2,7,0,2868,1,5,38,3338,75,ITI,ITI3,11,Marche,Marche,1525271,398837,26.15,0.22
2614,2021-03-07,MAR,5182,2108,3074,607,167,32,895,13,2,3007,76,336,47,4429,753,ITI,ITI3,11,Marche,Marche,1525271,404019,26.49,0.34
2615,2021-04-02,MAR,6876,2973,3903,388,209,112,422,47,733,2697,2014,212,42,6136,740,ITI,ITI3,11,Marche,Marche,1525271,410895,26.94,0.45
2616,2021-04-14,MAR,10216,4565,5651,415,159,80,1013,179,3524,899,3771,41,135,9844,372,ITI,ITI3,11,Marche,Marche,1525271,421111,27.61,0.67
2617,2021-03-16,MAR,3471,1485,1986,315,71,54,5,4,6,2928,46,20,22,290,3181,ITI,ITI3,11,Marche,Marche,1525271,424582,27.84,0.23
2618,2021-04-10,MAR,10918,4619,6299,311,168,80,1102,183,2714,2230,4022,53,55,10602,316,ITI,ITI3,11,Marche,Marche,1525271,435500,28.55,0.72
2619,2021-04-04,MAR,3824,1792,2032,189,117,7,84,10,632,2008,754,10,13,2655,1169,ITI,ITI3,11,Marche,Marche,1525271,439324,28.8,0.25
2620,2021-01-12,MAR,1226,413,813,912,255,50,0,2,0,0,0,0,7,1226,0,ITI,ITI3,11,Marche,Marche,1525271,440550,28.88,0.08
2621,2021-02-02,MAR,1192,397,795,804,264,93,0,5,0,5,0,0,21,73,1119,ITI,ITI3,11,Marche,Marche,1525271,441742,28.96,0.08
2622,2021-05-01,MAR,9319,3924,5395,185,138,15,1280,2036,1825,875,2894,14,57,3576,5743,ITI,ITI3,11,Marche,Marche,1525271,451061,29.57,0.61
2623,2021-02-08,MAR,833,258,575,408,133,262,0,6,3,4,0,0,17,371,462,ITI,ITI3,11,Marche,Marche,1525271,451894,29.63,0.05
2624,2021-02-25,MAR,3510,1434,2076,430,134,377,1,8,5,2491,27,3,34,3331,179,ITI,ITI3,11,Marche,Marche,1525271,455404,29.86,0.23
2625,2021-01-05,MAR,1562,586,976,1436,112,0,0,3,2,0,0,0,9,1562,0,ITI,ITI3,11,Marche,Marche,1525271,456966,29.96,0.1
2626,2021-01-27,MAR,2118,780,1338,1751,155,140,0,13,10,8,0,0,41,122,1996,ITI,ITI3,11,Marche,Marche,1525271,459084,30.1,0.14
2627,2021-04-03,MAR,7574,3205,4369,320,151,60,293,76,826,2950,2809,20,69,6904,670,ITI,ITI3,11,Marche,Marche,1525271,466658,30.6,0.5
2628,2021-03-18,MAR,3389,1475,1914,325,187,125,3,7,8,2653,23,46,12,162,3227,ITI,ITI3,11,Marche,Marche,1525271,470047,30.82,0.22
2629,2020-12-27,MAR,200,97,103,184,12,4,0,0,0,0,0,0,0,200,0,ITI,ITI3,11,Marche,Marche,1525271,470247,30.83,0.01
2630,2021-01-10,MAR,1737,699,1038,1462,253,0,0,5,1,0,0,0,16,1737,0,ITI,ITI3,11,Marche,Marche,1525271,471984,30.94,0.11
2631,2021-02-07,MAR,1868,734,1134,1155,479,46,0,41,20,4,0,0,123,344,1524,ITI,ITI3,11,Marche,Marche,1525271,473852,31.07,0.12
2632,2021-04-08,MAR,7518,3284,4234,273,93,97,711,81,2071,1332,2796,26,38,7191,327,ITI,ITI3,11,Marche,Marche,1525271,481370,31.56,0.49
2633,2021-03-23,MAR,5789,2529,3260,258,104,135,327,23,6,4620,27,220,69,2262,3527,ITI,ITI3,11,Marche,Marche,1525271,487159,31.94,0.38
2634,2021-05-09,MAR,8765,3982,4783,200,81,6,715,2332,1639,421,2970,21,380,3641,5124,ITI,ITI3,11,Marche,Marche,1525271,495924,32.51,0.57
2635,2021-01-20,MAR,398,100,298,147,55,190,0,2,0,1,0,0,3,384,14,ITI,ITI3,11,Marche,Marche,1525271,496322,32.54,0.03
2636,2021-03-24,MAR,7031,2982,4049,484,152,202,592,40,25,4809,320,160,247,3363,3668,ITI,ITI3,11,Marche,Marche,1525271,503353,33.0,0.46
2637,2021-04-07,MAR,7811,3435,4376,189,143,176,972,75,1888,1334,2896,30,108,7476,335,ITI,ITI3,11,Marche,Marche,1525271,511164,33.51,0.51
2638,2021-01-11,MAR,1176,411,765,1021,155,0,0,0,0,0,0,0,0,1176,0,ITI,ITI3,11,Marche,Marche,1525271,512340,33.59,0.08
2639,2021-01-28,MAR,1973,660,1313,1582,237,101,0,9,1,0,0,0,43,166,1807,ITI,ITI3,11,Marche,Marche,1525271,514313,33.72,0.13
2640,2021-01-30,MAR,1905,668,1237,1566,290,0,0,12,0,0,0,0,37,29,1876,ITI,ITI3,11,Marche,Marche,1525271,516218,33.84,0.12
2641,2021-05-05,MAR,11627,5289,6338,268,162,123,645,1280,3596,900,4319,64,270,5216,6411,ITI,ITI3,11,Marche,Marche,1525271,527845,34.61,0.76
2642,2021-02-14,MAR,738,301,437,578,109,0,0,10,0,0,0,0,41,738,0,ITI,ITI3,11,Marche,Marche,1525271,528583,34.66,0.05
2643,2021-01-08,MAR,1576,588,988,1227,324,0,0,5,0,0,0,0,20,1576,0,ITI,ITI3,11,Marche,Marche,1525271,530159,34.76,0.1
2644,2021-01-26,MAR,2016,746,1270,1736,152,86,0,15,4,1,0,0,22,92,1924,ITI,ITI3,11,Marche,Marche,1525271,532175,34.89,0.13
2645,2021-02-13,MAR,1062,453,609,457,309,90,0,25,10,16,0,0,155,1010,52,ITI,ITI3,11,Marche,Marche,1525271,533237,34.96,0.07
2646,2020-12-31,MAR,385,180,205,371,14,0,0,0,0,0,0,0,0,385,0,ITI,ITI3,11,Marche,Marche,1525271,533622,34.99,0.03
2647,2021-04-15,MAR,10374,4673,5701,501,137,128,932,192,3635,780,3833,55,181,9809,565,ITI,ITI3,11,Marche,Marche,1525271,543996,35.67,0.68
2648,2021-04-22,MAR,10791,4931,5860,236,84,30,58,2749,3926,688,2942,37,41,9213,1578,ITI,ITI3,11,Marche,Marche,1525271,554787,36.37,0.71
2649,2021-03-04,MAR,6492,2872,3620,1065,373,115,765,53,18,2804,222,916,161,5098,1394,ITI,ITI3,11,Marche,Marche,1525271,561279,36.8,0.43
2650,2021-05-12,MAR,10383,4667,5716,411,229,71,273,2527,2926,430,3133,18,365,4909,5474,ITI,ITI3,11,Marche,Marche,1525271,571662,37.48,0.68
2651,2021-03-08,MAR,6264,2744,3520,764,226,201,1012,8,2,3094,147,762,48,5262,1002,ITI,ITI3,11,Marche,Marche,1525271,577926,37.89,0.41
2652,2021-01-29,MAR,1991,730,1261,1480,403,74,0,6,0,3,0,0,25,167,1824,ITI,ITI3,11,Marche,Marche,1525271,579917,38.02,0.13
2653,2021-01-16,MAR,2005,723,1282,1059,414,285,0,53,42,21,0,0,131,2005,0,ITI,ITI3,11,Marche,Marche,1525271,581922,38.15,0.13
2654,2021-03-12,MAR,4641,1972,2669,814,444,17,928,20,9,1895,3,434,77,3403,1238,ITI,ITI3,11,Marche,Marche,1525271,586563,38.46,0.3
2655,2021-03-26,MAR,6331,2606,3725,335,222,190,501,58,31,4086,393,203,312,3523,2808,ITI,ITI3,11,Marche,Marche,1525271,592894,38.87,0.42
2656,2021-04-13,MAR,9840,4261,5579,202,104,60,1074,163,3742,951,3462,32,50,9606,234,ITI,ITI3,11,Marche,Marche,1525271,602734,39.52,0.65
2657,2021-02-01,MAR,1362,479,883,1054,200,81,0,5,0,0,0,0,22,98,1264,ITI,ITI3,11,Marche,Marche,1525271,604096,39.61,0.09
2658,2021-05-03,MAR,10192,4602,5590,247,77,33,812,1003,3632,961,3254,75,98,4787,5405,ITI,ITI3,11,Marche,Marche,1525271,614288,40.27,0.67
2659,2021-05-08,MAR,12267,5474,6793,193,164,94,457,1541,2812,1160,5556,24,266,5021,7246,ITI,ITI3,11,Marche,Marche,1525271,626555,41.08,0.8
2660,2021-03-21,MAR,4505,1873,2632,87,42,57,205,19,7,4040,9,13,26,1629,2876,ITI,ITI3,11,Marche,Marche,1525271,631060,41.37,0.3
2661,2021-01-21,MAR,897,253,644,460,84,336,0,1,0,3,0,0,13,585,312,ITI,ITI3,11,Marche,Marche,1525271,631957,41.43,0.06
2662,2021-04-18,MAR,8821,4132,4689,261,67,2,453,1074,2952,377,3609,11,15,7900,921,ITI,ITI3,11,Marche,Marche,1525271,640778,42.01,0.58
2663,2021-05-04,MAR,10840,4787,6053,205,116,63,658,1101,3918,1043,3666,28,42,4950,5890,ITI,ITI3,11,Marche,Marche,1525271,651618,42.72,0.71
2664,2021-04-24,MAR,12025,5304,6721,132,134,46,78,2368,3733,1673,3740,33,88,7559,4466,ITI,ITI3,11,Marche,Marche,1525271,663643,43.51,0.79
2665,2021-02-17,MAR,1785,662,1123,963,471,309,0,6,1,1,22,0,12,1668,117,ITI,ITI3,11,Marche,Marche,1525271,665428,43.63,0.12
2666,2021-03-06,MAR,5700,2623,3077,971,225,172,745,37,7,2399,221,838,85,4433,1267,ITI,ITI3,11,Marche,Marche,1525271,671128,44.0,0.37
2667,2021-03-17,MAR,3428,1494,1934,301,79,117,5,8,10,2819,61,7,21,107,3321,ITI,ITI3,11,Marche,Marche,1525271,674556,44.23,0.22
2668,2021-02-26,MAR,3631,1500,2131,449,178,389,39,8,4,2517,31,4,12,3155,476,ITI,ITI3,11,Marche,Marche,1525271,678187,44.46,0.24
2669,2021-04-20,SAR,10801,4918,5883,144,97,75,31,3944,2527,2009,1906,6,62,7635,3166,ITG,ITG2,20,Sardegna,Sardegna,1639591,10801,0.66,0.66
2670,2021-05-10,SAR,9371,4160,5211,115,166,25,244,855,2174,1180,4377,142,93,6859,2512,ITG,ITG2,20,Sardegna,Sardegna,1639591,20172,1.23,0.57
2671,2021-03-29,SAR,4380,1547,2833,624,490,182,1411,22,117,1023,312,98,101,3791,589,ITG,ITG2,20,Sardegna,Sardegna,1639591,24552,1.5,0.27
2672,2021-03-15,SAR,2685,1216,1469,458,591,86,1019,7,10,325,8,170,11,2312,373,ITG,ITG2,20,Sardegna,Sardegna,1639591,27237,1.66,0.16
2673,2021-01-02,SAR,60,21,39,60,0,0,0,0,0,0,0,0,0,60,0,ITG,ITG2,20,Sardegna,Sardegna,1639591,27297,1.66,0.0
2674,2021-03-09,SAR,5150,2371,2779,1057,567,287,310,9,32,2278,16,561,33,4421,729,ITG,ITG2,20,Sardegna,Sardegna,1639591,32447,1.98,0.31
2675,2021-01-07,SAR,3111,1077,2034,2720,373,0,0,1,2,0,0,11,4,3111,0,ITG,ITG2,20,Sardegna,Sardegna,1639591,35558,2.17,0.19
2676,2021-04-23,SAR,12763,5696,7067,396,189,71,129,2323,2050,3621,3670,8,306,7357,5406,ITG,ITG2,20,Sardegna,Sardegna,1639591,48321,2.95,0.78
2677,2021-02-26,SAR,2800,1108,1692,1224,878,221,7,20,16,289,5,98,42,2494,306,ITG,ITG2,20,Sardegna,Sardegna,1639591,51121,3.12,0.17
2678,2021-02-05,SAR,1897,749,1148,1214,511,164,0,0,0,1,1,3,3,433,1464,ITG,ITG2,20,Sardegna,Sardegna,1639591,53018,3.23,0.12
2679,2021-02-23,SAR,1519,1010,509,602,387,89,0,7,6,16,0,374,38,1285,234,ITG,ITG2,20,Sardegna,Sardegna,1639591,54537,3.33,0.09
2680,2020-12-28,SAR,65,25,40,65,0,0,0,0,0,0,0,0,0,65,0,ITG,ITG2,20,Sardegna,Sardegna,1639591,54602,3.33,0.0
2681,2021-01-13,SAR,573,178,395,494,79,0,0,0,0,0,0,0,0,573,0,ITG,ITG2,20,Sardegna,Sardegna,1639591,55175,3.37,0.03
2682,2021-03-21,SAR,4030,1809,2221,64,240,1,575,14,56,2890,17,107,66,2590,1440,ITG,ITG2,20,Sardegna,Sardegna,1639591,59205,3.61,0.25
2683,2021-03-11,SAR,6035,2725,3310,1011,567,418,102,52,98,2957,120,643,67,4834,1201,ITG,ITG2,20,Sardegna,Sardegna,1639591,65240,3.98,0.37
2684,2021-03-18,SAR,7253,3069,4184,1078,315,354,63,55,639,4243,431,12,63,5650,1603,ITG,ITG2,20,Sardegna,Sardegna,1639591,72493,4.42,0.44
2685,2021-03-31,SAR,10144,4046,6098,396,575,230,1380,148,701,5009,1487,33,185,7697,2447,ITG,ITG2,20,Sardegna,Sardegna,1639591,82637,5.04,0.62
2686,2021-04-17,SAR,10058,4492,5566,299,90,109,24,1698,2720,3718,1225,3,172,5461,4597,ITG,ITG2,20,Sardegna,Sardegna,1639591,92695,5.65,0.61
2687,2021-01-09,SAR,4026,1417,2609,3182,832,0,0,3,1,1,0,0,7,4026,0,ITG,ITG2,20,Sardegna,Sardegna,1639591,96721,5.9,0.25
2688,2021-05-07,SAR,13621,6268,7353,238,123,34,207,2486,2305,1537,6529,14,148,9369,4252,ITG,ITG2,20,Sardegna,Sardegna,1639591,110342,6.73,0.83
2689,2021-01-29,SAR,2952,1067,1885,2581,366,3,0,0,0,0,0,0,2,48,2904,ITG,ITG2,20,Sardegna,Sardegna,1639591,113294,6.91,0.18
2690,2021-03-03,SAR,3857,2071,1786,1070,554,620,1,5,5,704,1,859,38,2610,1247,ITG,ITG2,20,Sardegna,Sardegna,1639591,117151,7.15,0.24
2691,2021-03-01,SAR,2162,1055,1107,1137,341,141,1,8,19,104,10,391,10,1503,659,ITG,ITG2,20,Sardegna,Sardegna,1639591,119313,7.28,0.13
2692,2021-01-22,SAR,83,47,36,45,38,0,0,0,0,0,0,0,0,55,28,ITG,ITG2,20,Sardegna,Sardegna,1639591,119396,7.28,0.01
2693,2021-02-17,SAR,1407,577,830,690,338,313,0,1,0,0,1,33,31,1333,74,ITG,ITG2,20,Sardegna,Sardegna,1639591,120803,7.37,0.09
2694,2021-03-06,SAR,2639,1079,1560,1108,886,469,36,3,10,24,2,79,22,858,1781,ITG,ITG2,20,Sardegna,Sardegna,1639591,123442,7.53,0.16
2695,2021-02-16,SAR,700,289,411,376,211,112,0,0,0,0,0,0,1,673,27,ITG,ITG2,20,Sardegna,Sardegna,1639591,124142,7.57,0.04
2696,2021-04-22,SAR,10319,4569,5750,218,121,76,36,2641,1573,2894,2527,6,227,5474,4845,ITG,ITG2,20,Sardegna,Sardegna,1639591,134461,8.2,0.63
2697,2021-04-27,SAR,7592,3540,4052,164,68,51,42,532,891,1607,4097,2,138,5553,2039,ITG,ITG2,20,Sardegna,Sardegna,1639591,142053,8.66,0.46
2698,2021-03-10,SAR,6010,2917,3093,719,497,414,335,14,85,2987,29,902,28,5160,850,ITG,ITG2,20,Sardegna,Sardegna,1639591,148063,9.03,0.37
2699,2021-04-13,SAR,7599,3590,4009,216,62,45,15,489,3661,1493,1438,144,36,5776,1823,ITG,ITG2,20,Sardegna,Sardegna,1639591,155662,9.49,0.46
2700,2021-02-21,SAR,1589,710,879,67,28,59,0,0,7,1422,0,6,0,1559,30,ITG,ITG2,20,Sardegna,Sardegna,1639591,157251,9.59,0.1
2701,2021-02-28,SAR,368,169,199,245,76,47,0,0,0,0,0,0,0,142,226,ITG,ITG2,20,Sardegna,Sardegna,1639591,157619,9.61,0.02
2702,2021-01-26,SAR,1336,453,883,1296,39,0,1,0,0,0,0,0,0,27,1309,ITG,ITG2,20,Sardegna,Sardegna,1639591,158955,9.69,0.08
2703,2021-02-09,SAR,2286,837,1449,1308,471,497,1,4,0,1,2,0,2,1290,996,ITG,ITG2,20,Sardegna,Sardegna,1639591,161241,9.83,0.14
2704,2021-01-31,SAR,2121,750,1371,1544,555,0,0,6,0,1,1,0,14,48,2073,ITG,ITG2,20,Sardegna,Sardegna,1639591,163362,9.96,0.13
2705,2021-01-16,SAR,1492,525,967,1282,207,0,1,1,1,0,0,0,0,1492,0,ITG,ITG2,20,Sardegna,Sardegna,1639591,164854,10.05,0.09
2706,2021-04-25,SAR,4368,2213,2155,41,4,0,3,1359,965,673,1303,1,19,3662,706,ITG,ITG2,20,Sardegna,Sardegna,1639591,169222,10.32,0.27
2707,2021-03-20,SAR,5193,2073,3120,692,307,127,855,20,91,2744,206,105,46,2916,2277,ITG,ITG2,20,Sardegna,Sardegna,1639591,174415,10.64,0.32
2708,2021-03-28,SAR,4619,1814,2805,83,42,23,681,49,131,3276,216,13,105,4540,79,ITG,ITG2,20,Sardegna,Sardegna,1639591,179034,10.92,0.28
2709,2021-02-24,SAR,2410,1292,1118,1193,521,301,0,6,2,7,0,366,14,2221,189,ITG,ITG2,20,Sardegna,Sardegna,1639591,181444,11.07,0.15
2710,2021-04-06,SAR,7445,3113,4332,657,252,226,456,102,1847,2833,597,35,440,5018,2427,ITG,ITG2,20,Sardegna,Sardegna,1639591,188889,11.52,0.45
2711,2021-01-17,SAR,860,277,583,747,113,0,0,0,0,0,0,0,0,859,1,ITG,ITG2,20,Sardegna,Sardegna,1639591,189749,11.57,0.05
2712,2021-03-19,SAR,7265,3047,4218,1315,773,222,10,141,581,3510,325,247,141,5052,2213,ITG,ITG2,20,Sardegna,Sardegna,1639591,197014,12.02,0.44
2713,2021-04-26,SAR,6812,3260,3552,57,84,24,7,2323,1340,823,2114,4,36,5936,876,ITG,ITG2,20,Sardegna,Sardegna,1639591,203826,12.43,0.42
2714,2021-04-01,SAR,10099,4025,6074,461,377,210,1257,169,896,4690,1536,203,300,7086,3013,ITG,ITG2,20,Sardegna,Sardegna,1639591,213925,13.05,0.62
2715,2021-03-05,SAR,5033,2443,2590,1694,1153,669,10,29,14,647,14,747,56,2681,2352,ITG,ITG2,20,Sardegna,Sardegna,1639591,218958,13.35,0.31
2716,2021-04-12,SAR,6989,3178,3811,89,83,44,11,599,2825,2208,1004,30,96,5275,1714,ITG,ITG2,20,Sardegna,Sardegna,1639591,225947,13.78,0.43
2717,2021-04-30,SAR,10717,5106,5611,383,164,18,207,788,977,1453,6226,334,167,6670,4047,ITG,ITG2,20,Sardegna,Sardegna,1639591,236664,14.43,0.65
2718,2021-03-08,SAR,4004,1786,2218,740,1027,650,153,8,8,854,46,505,13,2784,1220,ITG,ITG2,20,Sardegna,Sardegna,1639591,240668,14.68,0.24
2719,2021-05-02,SAR,5808,2639,3169,82,58,1,54,689,961,476,3319,13,155,5257,551,ITG,ITG2,20,Sardegna,Sardegna,1639591,246476,15.03,0.35
2720,2021-01-11,SAR,1183,505,678,656,525,0,0,0,0,1,0,0,1,1183,0,ITG,ITG2,20,Sardegna,Sardegna,1639591,247659,15.1,0.07
2721,2021-01-25,SAR,588,212,376,553,34,0,0,0,0,0,0,0,1,22,566,ITG,ITG2,20,Sardegna,Sardegna,1639591,248247,15.14,0.04
2722,2021-04-09,SAR,12181,5399,6782,437,257,39,163,442,3512,4893,2183,37,218,7830,4351,ITG,ITG2,20,Sardegna,Sardegna,1639591,260428,15.88,0.74
2723,2021-02-12,SAR,2237,933,1304,986,720,501,0,4,0,1,4,0,21,2178,59,ITG,ITG2,20,Sardegna,Sardegna,1639591,262665,16.02,0.14
2724,2021-04-11,SAR,5393,2442,2951,62,16,1,20,26,3235,1862,150,9,12,4273,1120,ITG,ITG2,20,Sardegna,Sardegna,1639591,268058,16.35,0.33
2725,2021-01-15,SAR,1563,573,990,1170,384,0,0,0,0,0,6,3,0,1563,0,ITG,ITG2,20,Sardegna,Sardegna,1639591,269621,16.44,0.1
2726,2021-01-14,SAR,1105,426,679,885,220,0,0,0,0,0,0,0,0,1105,0,ITG,ITG2,20,Sardegna,Sardegna,1639591,270726,16.51,0.07
2727,2021-01-23,SAR,60,22,38,60,0,0,0,0,0,0,0,0,0,0,60,ITG,ITG2,20,Sardegna,Sardegna,1639591,270786,16.52,0.0
2728,2021-01-12,SAR,865,408,457,504,361,0,0,0,0,0,0,0,0,865,0,ITG,ITG2,20,Sardegna,Sardegna,1639591,271651,16.57,0.05
2729,2021-03-07,SAR,1657,750,907,321,230,78,2,5,1,1012,1,0,7,1117,540,ITG,ITG2,20,Sardegna,Sardegna,1639591,273308,16.67,0.1
2730,2021-03-02,SAR,2865,1459,1406,1067,608,381,2,8,10,324,1,461,3,1712,1153,ITG,ITG2,20,Sardegna,Sardegna,1639591,276173,16.84,0.17
2731,2021-04-07,SAR,13468,5981,7487,673,443,257,352,188,3338,5607,2365,72,173,7819,5649,ITG,ITG2,20,Sardegna,Sardegna,1639591,289641,17.67,0.82
2732,2021-02-11,SAR,1315,490,825,588,266,369,0,31,1,3,0,0,57,1204,111,ITG,ITG2,20,Sardegna,Sardegna,1639591,290956,17.75,0.08
2733,2021-04-14,SAR,8177,3866,4311,145,34,96,17,477,4877,845,1630,1,55,6941,1236,ITG,ITG2,20,Sardegna,Sardegna,1639591,299133,18.24,0.5
2734,2021-02-10,SAR,1959,765,1194,1169,299,488,1,0,1,0,0,0,1,1441,518,ITG,ITG2,20,Sardegna,Sardegna,1639591,301092,18.36,0.12
2735,2021-03-25,SAR,8791,3702,5089,815,312,189,1562,157,455,3870,947,343,141,7487,1304,ITG,ITG2,20,Sardegna,Sardegna,1639591,309883,18.9,0.54
2736,2021-02-20,SAR,2041,855,1186,484,150,195,1,2,4,1204,0,0,1,1707,334,ITG,ITG2,20,Sardegna,Sardegna,1639591,311924,19.02,0.12
2737,2021-02-15,SAR,958,349,609,440,231,279,0,2,0,0,3,0,3,927,31,ITG,ITG2,20,Sardegna,Sardegna,1639591,312882,19.08,0.06
2738,2021-03-13,SAR,2751,1072,1679,274,142,240,132,13,101,1765,22,44,18,2470,281,ITG,ITG2,20,Sardegna,Sardegna,1639591,315633,19.25,0.17
2739,2021-03-27,SAR,5712,2174,3538,331,322,217,1309,31,188,2635,507,83,89,5290,422,ITG,ITG2,20,Sardegna,Sardegna,1639591,321345,19.6,0.35
2740,2021-03-23,SAR,6150,2636,3514,1109,317,283,1140,34,166,2312,614,95,80,5072,1078,ITG,ITG2,20,Sardegna,Sardegna,1639591,327495,19.97,0.38
2741,2020-12-27,SAR,65,34,31,65,0,0,0,0,0,0,0,0,0,65,0,ITG,ITG2,20,Sardegna,Sardegna,1639591,327560,19.98,0.0
2742,2021-01-27,SAR,1409,494,915,1304,103,0,0,0,0,0,0,0,2,79,1330,ITG,ITG2,20,Sardegna,Sardegna,1639591,328969,20.06,0.09
2743,2021-02-02,SAR,1482,655,827,988,475,0,0,0,0,0,0,0,19,241,1241,ITG,ITG2,20,Sardegna,Sardegna,1639591,330451,20.15,0.09
2744,2021-01-20,SAR,210,77,133,154,56,0,0,0,0,0,0,0,0,208,2,ITG,ITG2,20,Sardegna,Sardegna,1639591,330661,20.17,0.01
2745,2021-05-09,SAR,6121,2870,3251,55,43,13,55,1608,932,630,2597,6,182,5191,930,ITG,ITG2,20,Sardegna,Sardegna,1639591,336782,20.54,0.37
2746,2021-01-05,SAR,1327,446,881,1283,40,0,0,1,0,0,0,0,3,1327,0,ITG,ITG2,20,Sardegna,Sardegna,1639591,338109,20.62,0.08
2747,2021-04-03,SAR,4531,1744,2787,181,275,153,425,54,431,2684,209,23,96,2694,1837,ITG,ITG2,20,Sardegna,Sardegna,1639591,342640,20.9,0.28
2748,2021-04-18,SAR,5155,2239,2916,48,6,0,3,863,323,3472,418,11,11,2287,2868,ITG,ITG2,20,Sardegna,Sardegna,1639591,347795,21.21,0.31
2749,2021-03-17,SAR,6556,2849,3707,1077,529,528,128,80,443,3343,369,5,54,4949,1607,ITG,ITG2,20,Sardegna,Sardegna,1639591,354351,21.61,0.4
2750,2021-04-24,SAR,10357,4849,5508,110,55,58,41,1959,1938,2280,3736,2,178,8014,2343,ITG,ITG2,20,Sardegna,Sardegna,1639591,364708,22.24,0.63
2751,2021-05-05,SAR,9858,4507,5351,242,192,77,12,757,3479,746,4115,17,221,7862,1996,ITG,ITG2,20,Sardegna,Sardegna,1639591,374566,22.85,0.6
2752,2021-01-28,SAR,2968,1044,1924,2554,400,0,0,1,0,0,0,11,2,69,2899,ITG,ITG2,20,Sardegna,Sardegna,1639591,377534,23.03,0.18
2753,2021-01-10,SAR,2183,750,1433,1632,548,0,0,0,0,0,0,0,3,2183,0,ITG,ITG2,20,Sardegna,Sardegna,1639591,379717,23.16,0.13
2754,2021-03-14,SAR,607,376,231,34,210,0,12,2,1,252,0,87,9,607,0,ITG,ITG2,20,Sardegna,Sardegna,1639591,380324,23.2,0.04
2755,2021-04-21,SAR,12047,5546,6501,151,63,101,41,2752,1974,4296,2535,8,126,6534,5513,ITG,ITG2,20,Sardegna,Sardegna,1639591,392371,23.93,0.73
2756,2021-04-08,SAR,13424,5922,7502,715,198,77,288,393,2924,4981,3634,41,173,8307,5117,ITG,ITG2,20,Sardegna,Sardegna,1639591,405795,24.75,0.82
2757,2021-01-08,SAR,3258,1184,2074,2930,323,0,0,0,0,2,1,0,2,3258,0,ITG,ITG2,20,Sardegna,Sardegna,1639591,409053,24.95,0.2
2758,2021-02-18,SAR,1878,732,1146,1074,344,298,110,4,0,1,1,33,13,1814,64,ITG,ITG2,20,Sardegna,Sardegna,1639591,410931,25.06,0.11
2759,2021-02-27,SAR,1921,647,1274,1055,315,306,0,15,2,178,3,0,47,1366,555,ITG,ITG2,20,Sardegna,Sardegna,1639591,412852,25.18,0.12
2760,2021-05-11,SAR,8287,3814,4473,255,61,59,115,1134,2257,660,3510,23,213,5984,2303,ITG,ITG2,20,Sardegna,Sardegna,1639591,421139,25.69,0.51
2761,2021-04-04,SAR,1,0,1,0,0,0,0,0,0,1,0,0,0,0,1,ITG,ITG2,20,Sardegna,Sardegna,1639591,421140,25.69,0.0
2762,2021-02-04,SAR,2271,816,1455,1737,360,170,0,1,1,1,1,0,0,916,1355,ITG,ITG2,20,Sardegna,Sardegna,1639591,423411,25.82,0.14
2763,2021-02-19,SAR,1499,473,1026,677,390,388,0,4,4,1,13,1,21,1443,56,ITG,ITG2,20,Sardegna,Sardegna,1639591,424910,25.92,0.09
2764,2021-04-05,SAR,2036,784,1252,55,150,0,694,93,395,150,123,22,354,2035,1,ITG,ITG2,20,Sardegna,Sardegna,1639591,426946,26.04,0.12
2765,2020-12-29,SAR,57,32,25,56,1,0,0,0,0,0,0,0,0,57,0,ITG,ITG2,20,Sardegna,Sardegna,1639591,427003,26.04,0.0
2766,2021-05-03,SAR,8145,3807,4338,215,123,26,16,933,1254,714,4726,78,60,6577,1568,ITG,ITG2,20,Sardegna,Sardegna,1639591,435148,26.54,0.5
2767,2021-03-16,SAR,4374,1949,2425,663,224,352,8,36,163,2549,337,1,41,3452,922,ITG,ITG2,20,Sardegna,Sardegna,1639591,439522,26.81,0.27
2768,2021-04-28,SAR,8721,4117,4604,111,89,48,11,1014,1415,2159,3786,4,84,5031,3690,ITG,ITG2,20,Sardegna,Sardegna,1639591,448243,27.34,0.53
2769,2021-02-14,SAR,539,263,276,284,188,57,0,2,0,3,1,0,4,537,2,ITG,ITG2,20,Sardegna,Sardegna,1639591,448782,27.37,0.03
2770,2021-03-26,SAR,8087,3178,4909,845,567,414,1523,140,466,2761,1002,227,142,6562,1525,ITG,ITG2,20,Sardegna,Sardegna,1639591,456869,27.86,0.49
2771,2021-02-25,SAR,2899,1255,1644,1474,611,466,9,6,2,242,2,74,13,2294,605,ITG,ITG2,20,Sardegna,Sardegna,1639591,459768,28.04,0.18
2772,2021-01-06,SAR,1615,549,1066,1510,99,0,0,0,0,1,0,0,5,1615,0,ITG,ITG2,20,Sardegna,Sardegna,1639591,461383,28.14,0.1
2773,2021-03-12,SAR,5756,2408,3348,1048,766,464,159,33,56,2573,84,468,105,4448,1308,ITG,ITG2,20,Sardegna,Sardegna,1639591,467139,28.49,0.35
2774,2021-01-04,SAR,592,217,375,565,20,0,0,0,0,1,1,0,5,592,0,ITG,ITG2,20,Sardegna,Sardegna,1639591,467731,28.53,0.04
2775,2021-02-07,SAR,1116,394,722,975,141,0,0,0,0,0,0,0,0,228,888,ITG,ITG2,20,Sardegna,Sardegna,1639591,468847,28.6,0.07
2776,2021-02-01,SAR,1524,605,919,896,551,77,0,0,0,0,0,0,0,225,1299,ITG,ITG2,20,Sardegna,Sardegna,1639591,470371,28.69,0.09
2777,2020-12-31,SAR,32,16,16,28,4,0,0,0,0,0,0,0,0,32,0,ITG,ITG2,20,Sardegna,Sardegna,1639591,470403,28.69,0.0
2778,2021-01-19,SAR,747,270,477,423,163,160,1,0,0,0,0,0,0,692,55,ITG,ITG2,20,Sardegna,Sardegna,1639591,471150,28.74,0.05
2779,2021-01-18,SAR,904,326,578,714,188,0,0,0,0,0,0,1,1,780,124,ITG,ITG2,20,Sardegna,Sardegna,1639591,472054,28.79,0.06
2780,2021-03-30,SAR,8582,3436,5146,651,514,237,1453,104,894,3361,1211,60,97,6310,2272,ITG,ITG2,20,Sardegna,Sardegna,1639591,480636,29.31,0.52
2781,2021-01-03,SAR,90,36,54,89,1,0,0,0,0,0,0,0,0,90,0,ITG,ITG2,20,Sardegna,Sardegna,1639591,480726,29.32,0.01
2782,2021-01-30,SAR,3862,1392,2470,2987,873,0,0,0,0,1,0,0,1,362,3500,ITG,ITG2,20,Sardegna,Sardegna,1639591,484588,29.56,0.24
2783,2021-01-21,SAR,126,60,66,60,66,0,0,0,0,0,0,0,0,94,32,ITG,ITG2,20,Sardegna,Sardegna,1639591,484714,29.56,0.01
2784,2021-05-04,SAR,9467,4350,5117,344,182,13,14,1554,2048,552,4646,23,91,7643,1824,ITG,ITG2,20,Sardegna,Sardegna,1639591,494181,30.14,0.58
2785,2021-02-03,SAR,1119,419,700,920,169,19,0,1,0,0,0,0,10,426,693,ITG,ITG2,20,Sardegna,Sardegna,1639591,495300,30.21,0.07
2786,2021-04-02,SAR,8987,3547,5440,533,694,177,1309,96,803,4222,920,71,162,5745,3242,ITG,ITG2,20,Sardegna,Sardegna,1639591,504287,30.76,0.55
2787,2021-01-24,SAR,90,34,56,89,1,0,0,0,0,0,0,0,0,5,85,ITG,ITG2,20,Sardegna,Sardegna,1639591,504377,30.76,0.01
2788,2021-05-01,SAR,9644,4639,5005,116,39,10,5,502,1344,2781,4740,8,99,5301,4343,ITG,ITG2,20,Sardegna,Sardegna,1639591,514021,31.35,0.59
2789,2021-04-16,SAR,14441,6489,7952,477,159,107,27,2161,4365,4317,2690,19,119,9098,5343,ITG,ITG2,20,Sardegna,Sardegna,1639591,528462,32.23,0.88
2790,2021-03-24,SAR,7286,2998,4288,739,254,397,1059,58,400,3165,789,330,95,5927,1359,ITG,ITG2,20,Sardegna,Sardegna,1639591,535748,32.68,0.44
2791,2021-04-10,SAR,10325,4655,5670,153,110,11,218,590,4669,3601,805,11,157,8390,1935,ITG,ITG2,20,Sardegna,Sardegna,1639591,546073,33.31,0.63
2792,2021-03-22,SAR,3548,1362,2186,838,344,109,1136,15,42,784,153,105,22,3035,513,ITG,ITG2,20,Sardegna,Sardegna,1639591,549621,33.52,0.22
2793,2021-02-06,SAR,1970,697,1273,1544,284,139,1,0,1,0,0,0,1,569,1401,ITG,ITG2,20,Sardegna,Sardegna,1639591,551591,33.64,0.12
2794,2021-02-13,SAR,1456,565,891,732,433,256,5,4,3,1,1,0,21,1454,2,ITG,ITG2,20,Sardegna,Sardegna,1639591,553047,33.73,0.09
2795,2021-02-08,SAR,1470,533,937,998,337,126,0,1,0,1,1,1,5,856,614,ITG,ITG2,20,Sardegna,Sardegna,1639591,554517,33.82,0.09
2796,2021-01-01,SAR,32,17,15,30,0,0,0,0,0,0,2,0,0,32,0,ITG,ITG2,20,Sardegna,Sardegna,1639591,554549,33.82,0.0
2797,2021-05-08,SAR,12248,5645,6603,105,84,8,238,2685,1821,1068,5987,12,240,10114,2134,ITG,ITG2,20,Sardegna,Sardegna,1639591,566797,34.57,0.75
2798,2021-05-06,SAR,12035,5560,6475,268,126,69,114,2707,1314,1246,5988,48,155,9029,3006,ITG,ITG2,20,Sardegna,Sardegna,1639591,578832,35.3,0.73
2799,2021-04-19,SAR,10128,4598,5530,186,75,88,43,3704,3200,1416,1379,6,31,8756,1372,ITG,ITG2,20,Sardegna,Sardegna,1639591,588960,35.92,0.62
2800,2021-02-22,SAR,1638,948,690,606,294,190,0,6,3,5,11,516,7,1410,228,ITG,ITG2,20,Sardegna,Sardegna,1639591,590598,36.02,0.1
2801,2021-03-04,SAR,4002,1953,2049,987,552,542,42,44,18,1153,1,581,82,2747,1255,ITG,ITG2,20,Sardegna,Sardegna,1639591,594600,36.27,0.24
2802,2021-05-12,SAR,9492,4284,5208,173,151,35,331,1469,1704,1062,4187,149,231,6598,2894,ITG,ITG2,20,Sardegna,Sardegna,1639591,604092,36.84,0.58
2803,2021-04-15,SAR,11784,5509,6275,271,93,135,20,1055,4003,3897,2147,29,134,6835,4949,ITG,ITG2,20,Sardegna,Sardegna,1639591,615876,37.56,0.72
2804,2021-04-29,SAR,10582,4884,5698,237,94,57,21,963,1210,1465,6374,5,156,6454,4128,ITG,ITG2,20,Sardegna,Sardegna,1639591,626458,38.21,0.65
