,data,area,Vaccinazioni giornaliere,sesso_maschile,sesso_femminile,prima_dose,seconda_dose,pregressa_infezione,dose_aggiuntiva,codice_NUTS1,codice_NUTS2,codice_regione_ISTAT,nome_area,Regione,popolazione,Totale vaccinazioni,Totale vaccinazioni ogni cento ab,Vaccinazioni giornaliere ogni cento ab
0,2021-02-12,PAB,730,217,513,464,248,18,0,ITH,ITH1,4,Provincia Autonoma Bolzano / Bozen,P.A. Bolzano,533050,730,0.14,0.14
1,2021-04-10,PAB,5417,2673,2744,4659,590,168,0,ITH,ITH1,4,Provincia Autonoma Bolzano / Bozen,P.A. Bolzano,533050,6147,1.15,1.02
2,2020-12-31,PAB,929,528,401,929,0,0,0,ITH,ITH1,4,Provincia Autonoma Bolzano / Bozen,P.A. Bolzano,533050,7076,1.33,0.17
3,2021-04-19,PAB,1876,860,1016,1604,182,90,0,ITH,ITH1,4,Provincia Autonoma Bolzano / Bozen,P.A. Bolzano,533050,8952,1.68,0.35
4,2021-09-23,PAB,1672,859,813,1219,441,0,12,ITH,ITH1,4,Provincia Autonoma Bolzano / Bozen,P.A. Bolzano,533050,10624,1.99,0.31
5,2021-06-15,PAB,2045,1184,861,480,1534,31,0,ITH,ITH1,4,Provincia Autonoma Bolzano / Bozen,P.A. Bolzano,533050,12669,2.38,0.38
6,2021-05-20,PAB,4975,2502,2473,3339,1480,156,0,ITH,ITH1,4,Provincia Autonoma Bolzano / Bozen,P.A. Bolzano,533050,17644,3.31,0.93
7,2021-08-11,PAB,1207,608,599,669,487,51,0,ITH,ITH1,4,Provincia Autonoma Bolzano / Bozen,P.A. Bolzano,533050,18851,3.54,0.23
8,2021-08-28,PAB,3276,1840,1436,1023,2215,38,0,ITH,ITH1,4,Provincia Autonoma Bolzano / Bozen,P.A. Bolzano,533050,22127,4.15,0.61
9,2021-09-11,PAB,965,530,435,347,589,29,0,ITH,ITH1,4,Provincia Autonoma Bolzano / Bozen,P.A. Bolzano,533050,23092,4.33,0.18
10,2021-03-22,PAB,1159,527,632,1112,17,30,0,ITH,ITH1,4,Provincia Autonoma Bolzano / Bozen,P.A. Bolzano,533050,24251,4.55,0.22
11,2021-08-23,PAB,2132,1204,928,772,1327,33,0,ITH,ITH1,4,Provincia Autonoma Bolzano / Bozen,P.A. Bolzano,533050,26383,4.95,0.4
12,2021-01-26,PAB,810,291,519,1,809,0,0,ITH,ITH1,4,Provincia Autonoma Bolzano / Bozen,P.A. Bolzano,533050,27193,5.1,0.15
13,2021-07-02,PAB,3203,1659,1544,843,2172,188,0,ITH,ITH1,4,Provincia Autonoma Bolzano / Bozen,P.A. Bolzano,533050,30396,5.7,0.6
14,2021-03-24,PAB,2070,1003,1067,2005,13,52,0,ITH,ITH1,4,Provincia Autonoma Bolzano / Bozen,P.A. Bolzano,533050,32466,6.09,0.39
15,2021-06-06,PAB,4553,2189,2364,809,3693,51,0,ITH,ITH1,4,Provincia Autonoma Bolzano / Bozen,P.A. Bolzano,533050,37019,6.94,0.85
16,2021-02-26,PAB,1528,551,977,1471,30,27,0,ITH,ITH1,4,Provincia Autonoma Bolzano / Bozen,P.A. Bolzano,533050,38547,7.23,0.29
17,2021-09-09,PAB,1686,852,834,685,964,37,0,ITH,ITH1,4,Provincia Autonoma Bolzano / Bozen,P.A. Bolzano,533050,40233,7.55,0.32
18,2021-06-01,PAB,3679,2387,1292,2053,1480,146,0,ITH,ITH1,4,Provincia Autonoma Bolzano / Bozen,P.A. Bolzano,533050,43912,8.24,0.69
19,2021-06-20,PAB,5252,2854,2398,591,4606,55,0,ITH,ITH1,4,Provincia Autonoma Bolzano / Bozen,P.A. Bolzano,533050,49164,9.22,0.99
20,2021-02-07,PAB,2684,1189,1495,333,2351,0,0,ITH,ITH1,4,Provincia Autonoma Bolzano / Bozen,P.A. Bolzano,533050,51848,9.73,0.5
21,2021-05-18,PAB,3365,1765,1600,2079,1191,95,0,ITH,ITH1,4,Provincia Autonoma Bolzano / Bozen,P.A. Bolzano,533050,55213,10.36,0.63
22,2021-07-16,PAB,4515,2451,2064,1029,3321,165,0,ITH,ITH1,4,Provincia Autonoma Bolzano / Bozen,P.A. Bolzano,533050,59728,11.2,0.85
23,2021-04-24,PAB,5120,2458,2662,4302,488,330,0,ITH,ITH1,4,Provincia Autonoma Bolzano / Bozen,P.A. Bolzano,533050,64848,12.17,0.96
24,2021-08-02,PAB,2134,1278,856,1162,875,97,0,ITH,ITH1,4,Provincia Autonoma Bolzano / Bozen,P.A. Bolzano,533050,66982,12.57,0.4
25,2021-07-14,PAB,876,456,420,461,361,54,0,ITH,ITH1,4,Provincia Autonoma Bolzano / Bozen,P.A. Bolzano,533050,67858,12.73,0.16
26,2021-04-05,PAB,304,147,157,23,280,1,0,ITH,ITH1,4,Provincia Autonoma Bolzano / Bozen,P.A. Bolzano,533050,68162,12.79,0.06
27,2021-06-27,PAB,4429,2315,2114,567,3810,52,0,ITH,ITH1,4,Provincia Autonoma Bolzano / Bozen,P.A. Bolzano,533050,72591,13.62,0.83
28,2021-07-28,PAB,1441,787,654,841,498,102,0,ITH,ITH1,4,Provincia Autonoma Bolzano / Bozen,P.A. Bolzano,533050,74032,13.89,0.27
29,2021-04-17,PAB,5255,2609,2646,4966,44,245,0,ITH,ITH1,4,Provincia Autonoma Bolzano / Bozen,P.A. Bolzano,533050,79287,14.87,0.99
30,2021-01-07,PAB,921,329,592,921,0,0,0,ITH,ITH1,4,Provincia Autonoma Bolzano / Bozen,P.A. Bolzano,533050,80208,15.05,0.17
31,2021-07-21,PAB,3221,1883,1338,509,2645,67,0,ITH,ITH1,4,Provincia Autonoma Bolzano / Bozen,P.A. Bolzano,533050,83429,15.65,0.6
32,2021-07-09,PAB,5236,2616,2620,887,4174,175,0,ITH,ITH1,4,Provincia Autonoma Bolzano / Bozen,P.A. Bolzano,533050,88665,16.63,0.98
33,2021-03-31,PAB,1836,696,1140,729,1014,93,0,ITH,ITH1,4,Provincia Autonoma Bolzano / Bozen,P.A. Bolzano,533050,90501,16.98,0.34
34,2021-07-23,PAB,4360,2378,1982,1668,2391,301,0,ITH,ITH1,4,Provincia Autonoma Bolzano / Bozen,P.A. Bolzano,533050,94861,17.8,0.82
35,2021-09-04,PAB,1359,715,644,572,748,39,0,ITH,ITH1,4,Provincia Autonoma Bolzano / Bozen,P.A. Bolzano,533050,96220,18.05,0.25
36,2021-03-05,PAB,1843,627,1216,1386,443,14,0,ITH,ITH1,4,Provincia Autonoma Bolzano / Bozen,P.A. Bolzano,533050,98063,18.4,0.35
37,2021-05-27,PAB,6215,3279,2936,3887,2017,311,0,ITH,ITH1,4,Provincia Autonoma Bolzano / Bozen,P.A. Bolzano,533050,104278,19.56,1.17
38,2021-06-13,PAB,3691,2057,1634,452,3199,40,0,ITH,ITH1,4,Provincia Autonoma Bolzano / Bozen,P.A. Bolzano,533050,107969,20.25,0.69
39,2021-05-25,PAB,3900,2024,1876,2903,889,108,0,ITH,ITH1,4,Provincia Autonoma Bolzano / Bozen,P.A. Bolzano,533050,111869,20.99,0.73
40,2021-02-14,PAB,299,131,168,297,2,0,0,ITH,ITH1,4,Provincia Autonoma Bolzano / Bozen,P.A. Bolzano,533050,112168,21.04,0.06
41,2021-01-24,PAB,12,10,2,0,12,0,0,ITH,ITH1,4,Provincia Autonoma Bolzano / Bozen,P.A. Bolzano,533050,112180,21.04,0.0
42,2021-07-04,PAB,4425,2133,2292,155,4237,33,0,ITH,ITH1,4,Provincia Autonoma Bolzano / Bozen,P.A. Bolzano,533050,116605,21.88,0.83
43,2021-08-30,PAB,2149,1132,1017,818,1297,34,0,ITH,ITH1,4,Provincia Autonoma Bolzano / Bozen,P.A. Bolzano,533050,118754,22.28,0.4
44,2021-03-10,PAB,1277,537,740,1083,144,50,0,ITH,ITH1,4,Provincia Autonoma Bolzano / Bozen,P.A. Bolzano,533050,120031,22.52,0.24
45,2021-05-06,PAB,5191,2752,2439,2365,2571,255,0,ITH,ITH1,4,Provincia Autonoma Bolzano / Bozen,P.A. Bolzano,533050,125222,23.49,0.97
46,2021-03-17,PAB,582,213,369,546,1,35,0,ITH,ITH1,4,Provincia Autonoma Bolzano / Bozen,P.A. Bolzano,533050,125804,23.6,0.11
47,2021-08-21,PAB,1707,919,788,589,1076,42,0,ITH,ITH1,4,Provincia Autonoma Bolzano / Bozen,P.A. Bolzano,533050,127511,23.92,0.32
48,2021-05-13,PAB,3005,1360,1645,1020,1934,51,0,ITH,ITH1,4,Provincia Autonoma Bolzano / Bozen,P.A. Bolzano,533050,130516,24.48,0.56
49,2021-08-09,PAB,1543,863,680,1066,413,64,0,ITH,ITH1,4,Provincia Autonoma Bolzano / Bozen,P.A. Bolzano,533050,132059,24.77,0.29
50,2021-05-01,PAB,2105,1067,1038,1812,160,133,0,ITH,ITH1,4,Provincia Autonoma Bolzano / Bozen,P.A. Bolzano,533050,134164,25.17,0.39
51,2021-01-12,PAB,1712,461,1251,1712,0,0,0,ITH,ITH1,4,Provincia Autonoma Bolzano / Bozen,P.A. Bolzano,533050,135876,25.49,0.32
52,2021-02-19,PAB,2252,512,1740,2193,11,48,0,ITH,ITH1,4,Provincia Autonoma Bolzano / Bozen,P.A. Bolzano,533050,138128,25.91,0.42
53,2021-09-18,PAB,1288,704,584,631,657,0,0,ITH,ITH1,4,Provincia Autonoma Bolzano / Bozen,P.A. Bolzano,533050,139416,26.15,0.24
54,2021-04-12,PAB,2110,948,1162,2030,6,74,0,ITH,ITH1,4,Provincia Autonoma Bolzano / Bozen,P.A. Bolzano,533050,141526,26.55,0.4
55,2021-03-07,PAB,443,152,291,19,423,1,0,ITH,ITH1,4,Provincia Autonoma Bolzano / Bozen,P.A. Bolzano,533050,141969,26.63,0.08
56,2021-07-30,PAB,5305,2845,2460,3325,1543,437,0,ITH,ITH1,4,Provincia Autonoma Bolzano / Bozen,P.A. Bolzano,533050,147274,27.63,1.0
57,2021-04-21,PAB,3017,1470,1547,2037,849,131,0,ITH,ITH1,4,Provincia Autonoma Bolzano / Bozen,P.A. Bolzano,533050,150291,28.19,0.57
58,2021-01-05,PAB,830,286,544,829,0,1,0,ITH,ITH1,4,Provincia Autonoma Bolzano / Bozen,P.A. Bolzano,533050,151121,28.35,0.16
59,2021-01-23,PAB,197,117,80,0,197,0,0,ITH,ITH1,4,Provincia Autonoma Bolzano / Bozen,P.A. Bolzano,533050,151318,28.39,0.04
60,2021-08-25,PAB,2747,1460,1287,778,1917,52,0,ITH,ITH1,4,Provincia Autonoma Bolzano / Bozen,P.A. Bolzano,533050,154065,28.9,0.52
61,2021-05-03,PAB,1838,851,987,398,1419,21,0,ITH,ITH1,4,Provincia Autonoma Bolzano / Bozen,P.A. Bolzano,533050,155903,29.25,0.34
62,2021-02-23,PAB,769,324,445,760,6,3,0,ITH,ITH1,4,Provincia Autonoma Bolzano / Bozen,P.A. Bolzano,533050,156672,29.39,0.14
63,2021-05-17,PAB,3154,1525,1629,2279,697,178,0,ITH,ITH1,4,Provincia Autonoma Bolzano / Bozen,P.A. Bolzano,533050,159826,29.98,0.59
64,2021-06-03,PAB,4897,2666,2231,3683,973,241,0,ITH,ITH1,4,Provincia Autonoma Bolzano / Bozen,P.A. Bolzano,533050,164723,30.9,0.92
65,2021-08-16,PAB,1966,1116,850,822,1086,58,0,ITH,ITH1,4,Provincia Autonoma Bolzano / Bozen,P.A. Bolzano,533050,166689,31.27,0.37
66,2021-05-08,PAB,4431,2383,2048,3566,664,201,0,ITH,ITH1,4,Provincia Autonoma Bolzano / Bozen,P.A. Bolzano,533050,171120,32.1,0.83
67,2021-03-03,PAB,1181,395,786,1162,13,6,0,ITH,ITH1,4,Provincia Autonoma Bolzano / Bozen,P.A. Bolzano,533050,172301,32.32,0.22
68,2021-08-20,PAB,3935,2075,1860,876,2975,84,0,ITH,ITH1,4,Provincia Autonoma Bolzano / Bozen,P.A. Bolzano,533050,176236,33.06,0.74
69,2021-05-15,PAB,7023,3698,3325,6325,294,404,0,ITH,ITH1,4,Provincia Autonoma Bolzano / Bozen,P.A. Bolzano,533050,183259,34.38,1.32
70,2021-02-04,PAB,1968,598,1370,8,1960,0,0,ITH,ITH1,4,Provincia Autonoma Bolzano / Bozen,P.A. Bolzano,533050,185227,34.75,0.37
71,2021-07-11,PAB,6080,3098,2982,1058,4882,140,0,ITH,ITH1,4,Provincia Autonoma Bolzano / Bozen,P.A. Bolzano,533050,191307,35.89,1.14
72,2021-03-12,PAB,1669,737,932,1223,413,33,0,ITH,ITH1,4,Provincia Autonoma Bolzano / Bozen,P.A. Bolzano,533050,192976,36.2,0.31
73,2021-03-29,PAB,1173,500,673,391,761,21,0,ITH,ITH1,4,Provincia Autonoma Bolzano / Bozen,P.A. Bolzano,533050,194149,36.42,0.22
74,2021-08-08,PAB,1882,1029,853,953,859,70,0,ITH,ITH1,4,Provincia Autonoma Bolzano / Bozen,P.A. Bolzano,533050,196031,36.78,0.35
75,2021-06-29,PAB,1896,1022,874,245,1629,22,0,ITH,ITH1,4,Provincia Autonoma Bolzano / Bozen,P.A. Bolzano,533050,197927,37.13,0.36
76,2021-03-21,PAB,769,286,483,14,754,1,0,ITH,ITH1,4,Provincia Autonoma Bolzano / Bozen,P.A. Bolzano,533050,198696,37.28,0.14
77,2021-06-12,PAB,5080,2754,2326,1649,3289,142,0,ITH,ITH1,4,Provincia Autonoma Bolzano / Bozen,P.A. Bolzano,533050,203776,38.23,0.95
78,2021-01-14,PAB,1953,578,1375,1953,0,0,0,ITH,ITH1,4,Provincia Autonoma Bolzano / Bozen,P.A. Bolzano,533050,205729,38.59,0.37
79,2021-04-07,PAB,1804,826,978,1171,541,92,0,ITH,ITH1,4,Provincia Autonoma Bolzano / Bozen,P.A. Bolzano,533050,207533,38.93,0.34
80,2021-06-24,PAB,3947,2043,1904,1551,2205,191,0,ITH,ITH1,4,Provincia Autonoma Bolzano / Bozen,P.A. Bolzano,533050,211480,39.67,0.74
81,2021-01-09,PAB,612,326,286,612,0,0,0,ITH,ITH1,4,Provincia Autonoma Bolzano / Bozen,P.A. Bolzano,533050,212092,39.79,0.11
82,2021-07-06,PAB,1725,927,798,663,984,78,0,ITH,ITH1,4,Provincia Autonoma Bolzano / Bozen,P.A. Bolzano,533050,213817,40.11,0.32
83,2021-06-22,PAB,2472,1423,1049,315,2127,30,0,ITH,ITH1,4,Provincia Autonoma Bolzano / Bozen,P.A. Bolzano,533050,216289,40.58,0.46
84,2021-03-14,PAB,758,336,422,24,733,1,0,ITH,ITH1,4,Provincia Autonoma Bolzano / Bozen,P.A. Bolzano,533050,217047,40.72,0.14
85,2021-04-14,PAB,3606,1652,1954,3234,96,276,0,ITH,ITH1,4,Provincia Autonoma Bolzano / Bozen,P.A. Bolzano,533050,220653,41.39,0.68
86,2021-01-04,PAB,510,201,309,510,0,0,0,ITH,ITH1,4,Provincia Autonoma Bolzano / Bozen,P.A. Bolzano,533050,221163,41.49,0.1
87,2021-05-10,PAB,3029,1306,1723,1337,1611,81,0,ITH,ITH1,4,Provincia Autonoma Bolzano / Bozen,P.A. Bolzano,533050,224192,42.06,0.57
88,2021-08-01,PAB,1320,760,560,696,552,72,0,ITH,ITH1,4,Provincia Autonoma Bolzano / Bozen,P.A. Bolzano,533050,225512,42.31,0.25
89,2021-08-18,PAB,882,462,420,356,499,27,0,ITH,ITH1,4,Provincia Autonoma Bolzano / Bozen,P.A. Bolzano,533050,226394,42.47,0.17
90,2021-01-21,PAB,969,452,517,140,829,0,0,ITH,ITH1,4,Provincia Autonoma Bolzano / Bozen,P.A. Bolzano,533050,227363,42.65,0.18
91,2021-07-25,PAB,1893,1127,766,660,1146,87,0,ITH,ITH1,4,Provincia Autonoma Bolzano / Bozen,P.A. Bolzano,533050,229256,43.01,0.36
92,2021-04-29,PAB,2645,1358,1287,1749,701,195,0,ITH,ITH1,4,Provincia Autonoma Bolzano / Bozen,P.A. Bolzano,533050,231901,43.5,0.5
93,2021-01-19,PAB,853,371,482,723,130,0,0,ITH,ITH1,4,Provincia Autonoma Bolzano / Bozen,P.A. Bolzano,533050,232754,43.66,0.16
94,2021-06-25,PAB,4181,2309,1872,1021,3014,146,0,ITH,ITH1,4,Provincia Autonoma Bolzano / Bozen,P.A. Bolzano,533050,236935,44.45,0.78
95,2021-02-09,PAB,317,126,191,1,316,0,0,ITH,ITH1,4,Provincia Autonoma Bolzano / Bozen,P.A. Bolzano,533050,237252,44.51,0.06
96,2021-09-08,PAB,517,274,243,248,261,8,0,ITH,ITH1,4,Provincia Autonoma Bolzano / Bozen,P.A. Bolzano,533050,237769,44.61,0.1
97,2021-04-02,PAB,2090,841,1249,590,1357,143,0,ITH,ITH1,4,Provincia Autonoma Bolzano / Bozen,P.A. Bolzano,533050,239859,45.0,0.39
98,2021-09-06,PAB,1130,582,548,567,534,29,0,ITH,ITH1,4,Provincia Autonoma Bolzano / Bozen,P.A. Bolzano,533050,240989,45.21,0.21
99,2021-05-29,PAB,7342,3909,3433,4031,3144,167,0,ITH,ITH1,4,Provincia Autonoma Bolzano / Bozen,P.A. Bolzano,533050,248331,46.59,1.38
100,2021-03-02,PAB,696,200,496,694,2,0,0,ITH,ITH1,4,Provincia Autonoma Bolzano / Bozen,P.A. Bolzano,533050,249027,46.72,0.13
101,2021-03-19,PAB,1921,777,1144,754,1120,47,0,ITH,ITH1,4,Provincia Autonoma Bolzano / Bozen,P.A. Bolzano,533050,250948,47.08,0.36
102,2021-09-20,PAB,1226,635,591,850,376,0,0,ITH,ITH1,4,Provincia Autonoma Bolzano / Bozen,P.A. Bolzano,533050,252174,47.31,0.23
103,2021-06-17,PAB,1773,982,791,617,1078,78,0,ITH,ITH1,4,Provincia Autonoma Bolzano / Bozen,P.A. Bolzano,533050,253947,47.64,0.33
104,2021-01-02,PAB,91,48,43,91,0,0,0,ITH,ITH1,4,Provincia Autonoma Bolzano / Bozen,P.A. Bolzano,533050,254038,47.66,0.02
105,2021-06-26,PAB,4550,2332,2218,1350,3078,122,0,ITH,ITH1,4,Provincia Autonoma Bolzano / Bozen,P.A. Bolzano,533050,258588,48.51,0.85
106,2021-02-16,PAB,530,205,325,529,0,1,0,ITH,ITH1,4,Provincia Autonoma Bolzano / Bozen,P.A. Bolzano,533050,259118,48.61,0.1
107,2021-01-28,PAB,872,309,563,9,863,0,0,ITH,ITH1,4,Provincia Autonoma Bolzano / Bozen,P.A. Bolzano,533050,259990,48.77,0.16
108,2021-07-13,PAB,3387,1734,1653,1282,1931,174,0,ITH,ITH1,4,Provincia Autonoma Bolzano / Bozen,P.A. Bolzano,533050,263377,49.41,0.64
109,2021-02-02,PAB,1752,509,1243,8,1744,0,0,ITH,ITH1,4,Provincia Autonoma Bolzano / Bozen,P.A. Bolzano,533050,265129,49.74,0.33
110,2021-07-20,PAB,3136,1731,1405,1349,1525,262,0,ITH,ITH1,4,Provincia Autonoma Bolzano / Bozen,P.A. Bolzano,533050,268265,50.33,0.59
111,2021-09-13,PAB,1173,645,528,670,454,49,0,ITH,ITH1,4,Provincia Autonoma Bolzano / Bozen,P.A. Bolzano,533050,269438,50.55,0.22
112,2021-06-05,PAB,6088,3035,3053,4687,1097,304,0,ITH,ITH1,4,Provincia Autonoma Bolzano / Bozen,P.A. Bolzano,533050,275526,51.69,1.14
113,2021-08-27,PAB,2733,1419,1314,910,1729,94,0,ITH,ITH1,4,Provincia Autonoma Bolzano / Bozen,P.A. Bolzano,533050,278259,52.2,0.51
114,2021-04-30,PAB,3350,1600,1750,1440,1779,131,0,ITH,ITH1,4,Provincia Autonoma Bolzano / Bozen,P.A. Bolzano,533050,281609,52.83,0.63
115,2021-01-20,PAB,619,254,365,410,209,0,0,ITH,ITH1,4,Provincia Autonoma Bolzano / Bozen,P.A. Bolzano,533050,282228,52.95,0.12
116,2021-07-22,PAB,3738,1942,1796,1693,1790,255,0,ITH,ITH1,4,Provincia Autonoma Bolzano / Bozen,P.A. Bolzano,533050,285966,53.65,0.7
117,2021-01-06,PAB,59,18,41,59,0,0,0,ITH,ITH1,4,Provincia Autonoma Bolzano / Bozen,P.A. Bolzano,533050,286025,53.66,0.01
118,2021-02-06,PAB,2635,1178,1457,19,2616,0,0,ITH,ITH1,4,Provincia Autonoma Bolzano / Bozen,P.A. Bolzano,533050,288660,54.15,0.49
119,2021-06-21,PAB,3168,1615,1553,259,2868,41,0,ITH,ITH1,4,Provincia Autonoma Bolzano / Bozen,P.A. Bolzano,533050,291828,54.75,0.59
120,2021-09-12,PAB,262,145,117,128,124,10,0,ITH,ITH1,4,Provincia Autonoma Bolzano / Bozen,P.A. Bolzano,533050,292090,54.8,0.05
121,2021-03-18,PAB,1302,531,771,216,1076,10,0,ITH,ITH1,4,Provincia Autonoma Bolzano / Bozen,P.A. Bolzano,533050,293392,55.04,0.24
122,2021-08-22,PAB,995,548,447,293,685,17,0,ITH,ITH1,4,Provincia Autonoma Bolzano / Bozen,P.A. Bolzano,533050,294387,55.23,0.19
123,2021-05-14,PAB,5147,2323,2824,2898,2044,205,0,ITH,ITH1,4,Provincia Autonoma Bolzano / Bozen,P.A. Bolzano,533050,299534,56.19,0.97
124,2021-03-16,PAB,1290,532,758,116,1166,8,0,ITH,ITH1,4,Provincia Autonoma Bolzano / Bozen,P.A. Bolzano,533050,300824,56.43,0.24
125,2021-05-12,PAB,3808,2065,1743,3413,154,241,0,ITH,ITH1,4,Provincia Autonoma Bolzano / Bozen,P.A. Bolzano,533050,304632,57.15,0.71
126,2021-02-01,PAB,1467,448,1019,13,1453,1,0,ITH,ITH1,4,Provincia Autonoma Bolzano / Bozen,P.A. Bolzano,533050,306099,57.42,0.28
127,2021-03-26,PAB,1663,737,926,506,1136,21,0,ITH,ITH1,4,Provincia Autonoma Bolzano / Bozen,P.A. Bolzano,533050,307762,57.74,0.31
128,2021-04-09,PAB,2944,1304,1640,1948,730,266,0,ITH,ITH1,4,Provincia Autonoma Bolzano / Bozen,P.A. Bolzano,533050,310706,58.29,0.55
129,2021-05-22,PAB,6844,3572,3272,4462,2169,213,0,ITH,ITH1,4,Provincia Autonoma Bolzano / Bozen,P.A. Bolzano,533050,317550,59.57,1.28
130,2021-02-11,PAB,1096,433,663,238,857,1,0,ITH,ITH1,4,Provincia Autonoma Bolzano / Bozen,P.A. Bolzano,533050,318646,59.78,0.21
131,2021-07-18,PAB,1872,1034,838,637,1150,85,0,ITH,ITH1,4,Provincia Autonoma Bolzano / Bozen,P.A. Bolzano,533050,320518,60.13,0.35
132,2021-09-17,PAB,2022,1051,971,613,1409,0,0,ITH,ITH1,4,Provincia Autonoma Bolzano / Bozen,P.A. Bolzano,533050,322540,60.51,0.38
133,2021-04-25,PAB,3078,1501,1577,2281,672,125,0,ITH,ITH1,4,Provincia Autonoma Bolzano / Bozen,P.A. Bolzano,533050,325618,61.09,0.58
134,2021-08-03,PAB,2953,1587,1366,1928,840,185,0,ITH,ITH1,4,Provincia Autonoma Bolzano / Bozen,P.A. Bolzano,533050,328571,61.64,0.55
135,2021-01-13,PAB,1727,569,1158,1727,0,0,0,ITH,ITH1,4,Provincia Autonoma Bolzano / Bozen,P.A. Bolzano,533050,330298,61.96,0.32
136,2021-01-30,PAB,498,245,253,4,494,0,0,ITH,ITH1,4,Provincia Autonoma Bolzano / Bozen,P.A. Bolzano,533050,330796,62.06,0.09
137,2021-07-01,PAB,4640,2305,2335,1291,3167,182,0,ITH,ITH1,4,Provincia Autonoma Bolzano / Bozen,P.A. Bolzano,533050,335436,62.93,0.87
138,2021-03-04,PAB,1723,1011,712,1455,229,39,0,ITH,ITH1,4,Provincia Autonoma Bolzano / Bozen,P.A. Bolzano,533050,337159,63.25,0.32
139,2021-09-15,PAB,622,331,291,212,400,10,0,ITH,ITH1,4,Provincia Autonoma Bolzano / Bozen,P.A. Bolzano,533050,337781,63.37,0.12
140,2021-09-01,PAB,1062,507,555,587,454,21,0,ITH,ITH1,4,Provincia Autonoma Bolzano / Bozen,P.A. Bolzano,533050,338843,63.57,0.2
141,2021-03-28,PAB,569,212,357,11,558,0,0,ITH,ITH1,4,Provincia Autonoma Bolzano / Bozen,P.A. Bolzano,533050,339412,63.67,0.11
142,2021-08-10,PAB,1854,1019,835,1424,281,149,0,ITH,ITH1,4,Provincia Autonoma Bolzano / Bozen,P.A. Bolzano,533050,341266,64.02,0.35
143,2021-08-29,PAB,872,481,391,356,499,17,0,ITH,ITH1,4,Provincia Autonoma Bolzano / Bozen,P.A. Bolzano,533050,342138,64.18,0.16
144,2021-03-09,PAB,1195,544,651,1165,2,28,0,ITH,ITH1,4,Provincia Autonoma Bolzano / Bozen,P.A. Bolzano,533050,343333,64.41,0.22
145,2021-02-18,PAB,1838,457,1381,1810,7,21,0,ITH,ITH1,4,Provincia Autonoma Bolzano / Bozen,P.A. Bolzano,533050,345171,64.75,0.34
146,2021-09-24,PAB,723,397,326,305,418,0,0,ITH,ITH1,4,Provincia Autonoma Bolzano / Bozen,P.A. Bolzano,533050,345894,64.89,0.14
147,2021-07-29,PAB,1343,720,623,697,570,76,0,ITH,ITH1,4,Provincia Autonoma Bolzano / Bozen,P.A. Bolzano,533050,347237,65.14,0.25
148,2021-04-23,PAB,4556,2159,2397,3056,1293,207,0,ITH,ITH1,4,Provincia Autonoma Bolzano / Bozen,P.A. Bolzano,533050,351793,66.0,0.85
149,2021-01-11,PAB,1594,522,1072,1594,0,0,0,ITH,ITH1,4,Provincia Autonoma Bolzano / Bozen,P.A. Bolzano,533050,353387,66.3,0.3
150,2021-07-15,PAB,4398,2320,2078,1448,2704,246,0,ITH,ITH1,4,Provincia Autonoma Bolzano / Bozen,P.A. Bolzano,533050,357785,67.12,0.83
151,2021-04-06,PAB,2254,1120,1134,1947,102,205,0,ITH,ITH1,4,Provincia Autonoma Bolzano / Bozen,P.A. Bolzano,533050,360039,67.54,0.42
152,2021-03-30,PAB,1303,533,770,205,1083,15,0,ITH,ITH1,4,Provincia Autonoma Bolzano / Bozen,P.A. Bolzano,533050,361342,67.79,0.24
153,2021-04-16,PAB,2959,1425,1534,2285,512,162,0,ITH,ITH1,4,Provincia Autonoma Bolzano / Bozen,P.A. Bolzano,533050,364301,68.34,0.56
154,2021-09-05,PAB,1083,574,509,626,424,33,0,ITH,ITH1,4,Provincia Autonoma Bolzano / Bozen,P.A. Bolzano,533050,365384,68.55,0.2
155,2021-09-03,PAB,3232,1710,1522,1055,2114,63,0,ITH,ITH1,4,Provincia Autonoma Bolzano / Bozen,P.A. Bolzano,533050,368616,69.15,0.61
156,2021-05-26,PAB,5020,2537,2483,2857,1979,184,0,ITH,ITH1,4,Provincia Autonoma Bolzano / Bozen,P.A. Bolzano,533050,373636,70.09,0.94
157,2021-08-17,PAB,1252,690,562,790,392,70,0,ITH,ITH1,4,Provincia Autonoma Bolzano / Bozen,P.A. Bolzano,533050,374888,70.33,0.23
158,2021-05-31,PAB,3071,1517,1554,2083,868,120,0,ITH,ITH1,4,Provincia Autonoma Bolzano / Bozen,P.A. Bolzano,533050,377959,70.9,0.58
159,2021-01-01,PAB,6,5,1,6,0,0,0,ITH,ITH1,4,Provincia Autonoma Bolzano / Bozen,P.A. Bolzano,533050,377965,70.91,0.0
160,2021-06-07,PAB,2990,1555,1435,2517,325,148,0,ITH,ITH1,4,Provincia Autonoma Bolzano / Bozen,P.A. Bolzano,533050,380955,71.47,0.56
161,2021-02-27,PAB,2458,759,1699,2414,10,34,0,ITH,ITH1,4,Provincia Autonoma Bolzano / Bozen,P.A. Bolzano,533050,383413,71.93,0.46
162,2021-02-13,PAB,318,79,239,310,6,2,0,ITH,ITH1,4,Provincia Autonoma Bolzano / Bozen,P.A. Bolzano,533050,383731,71.99,0.06
163,2021-04-11,PAB,2735,1302,1433,2459,178,98,0,ITH,ITH1,4,Provincia Autonoma Bolzano / Bozen,P.A. Bolzano,533050,386466,72.5,0.51
164,2021-05-24,PAB,1459,769,690,1051,335,73,0,ITH,ITH1,4,Provincia Autonoma Bolzano / Bozen,P.A. Bolzano,533050,387925,72.77,0.27
165,2021-06-04,PAB,6726,3392,3334,4934,1537,255,0,ITH,ITH1,4,Provincia Autonoma Bolzano / Bozen,P.A. Bolzano,533050,394651,74.04,1.26
166,2021-02-24,PAB,1368,407,961,1320,12,36,0,ITH,ITH1,4,Provincia Autonoma Bolzano / Bozen,P.A. Bolzano,533050,396019,74.29,0.26
167,2021-03-27,PAB,3053,1554,1499,1479,1508,66,0,ITH,ITH1,4,Provincia Autonoma Bolzano / Bozen,P.A. Bolzano,533050,399072,74.87,0.57
168,2020-12-30,PAB,389,183,206,389,0,0,0,ITH,ITH1,4,Provincia Autonoma Bolzano / Bozen,P.A. Bolzano,533050,399461,74.94,0.07
169,2021-09-10,PAB,1641,871,770,731,857,53,0,ITH,ITH1,4,Provincia Autonoma Bolzano / Bozen,P.A. Bolzano,533050,401102,75.25,0.31
170,2021-06-09,PAB,3870,1919,1951,1263,2498,109,0,ITH,ITH1,4,Provincia Autonoma Bolzano / Bozen,P.A. Bolzano,533050,404972,75.97,0.73
171,2021-03-01,PAB,925,224,701,889,1,35,0,ITH,ITH1,4,Provincia Autonoma Bolzano / Bozen,P.A. Bolzano,533050,405897,76.15,0.17
172,2021-08-05,PAB,3473,1888,1585,1769,1581,123,0,ITH,ITH1,4,Provincia Autonoma Bolzano / Bozen,P.A. Bolzano,533050,409370,76.8,0.65
173,2021-07-08,PAB,5514,2785,2729,533,4889,92,0,ITH,ITH1,4,Provincia Autonoma Bolzano / Bozen,P.A. Bolzano,533050,414884,77.83,1.03
174,2021-06-19,PAB,5673,3024,2649,555,5043,75,0,ITH,ITH1,4,Provincia Autonoma Bolzano / Bozen,P.A. Bolzano,533050,420557,78.9,1.06
175,2021-03-11,PAB,1692,831,861,1105,538,49,0,ITH,ITH1,4,Provincia Autonoma Bolzano / Bozen,P.A. Bolzano,533050,422249,79.21,0.32
176,2021-02-25,PAB,1498,549,949,1488,1,9,0,ITH,ITH1,4,Provincia Autonoma Bolzano / Bozen,P.A. Bolzano,533050,423747,79.49,0.28
177,2021-06-02,PAB,1468,824,644,973,459,36,0,ITH,ITH1,4,Provincia Autonoma Bolzano / Bozen,P.A. Bolzano,533050,425215,79.77,0.28
178,2021-02-08,PAB,2,1,1,1,1,0,0,ITH,ITH1,4,Provincia Autonoma Bolzano / Bozen,P.A. Bolzano,533050,425217,79.77,0.0
179,2021-07-17,PAB,3147,1801,1346,683,2352,112,0,ITH,ITH1,4,Provincia Autonoma Bolzano / Bozen,P.A. Bolzano,533050,428364,80.36,0.59
180,2021-04-08,PAB,2799,1362,1437,2503,204,92,0,ITH,ITH1,4,Provincia Autonoma Bolzano / Bozen,P.A. Bolzano,533050,431163,80.89,0.53
181,2021-06-14,PAB,2984,1617,1367,570,2361,53,0,ITH,ITH1,4,Provincia Autonoma Bolzano / Bozen,P.A. Bolzano,533050,434147,81.45,0.56
182,2021-09-22,PAB,1472,767,705,672,797,0,3,ITH,ITH1,4,Provincia Autonoma Bolzano / Bozen,P.A. Bolzano,533050,435619,81.72,0.28
183,2021-05-23,PAB,4344,2306,2038,4136,8,200,0,ITH,ITH1,4,Provincia Autonoma Bolzano / Bozen,P.A. Bolzano,533050,439963,82.54,0.81
184,2021-07-19,PAB,2784,1397,1387,609,2048,127,0,ITH,ITH1,4,Provincia Autonoma Bolzano / Bozen,P.A. Bolzano,533050,442747,83.06,0.52
185,2021-02-03,PAB,1508,480,1028,5,1503,0,0,ITH,ITH1,4,Provincia Autonoma Bolzano / Bozen,P.A. Bolzano,533050,444255,83.34,0.28
186,2021-02-10,PAB,1637,605,1032,26,1610,1,0,ITH,ITH1,4,Provincia Autonoma Bolzano / Bozen,P.A. Bolzano,533050,445892,83.65,0.31
187,2021-03-13,PAB,2886,1460,1426,2747,101,38,0,ITH,ITH1,4,Provincia Autonoma Bolzano / Bozen,P.A. Bolzano,533050,448778,84.19,0.54
188,2021-02-05,PAB,3212,1190,2022,8,3204,0,0,ITH,ITH1,4,Provincia Autonoma Bolzano / Bozen,P.A. Bolzano,533050,451990,84.79,0.6
189,2021-04-15,PAB,4410,2314,2096,3924,266,220,0,ITH,ITH1,4,Provincia Autonoma Bolzano / Bozen,P.A. Bolzano,533050,456400,85.62,0.83
190,2021-03-15,PAB,1196,452,744,697,484,15,0,ITH,ITH1,4,Provincia Autonoma Bolzano / Bozen,P.A. Bolzano,533050,457596,85.84,0.22
191,2021-04-27,PAB,2235,1015,1220,1062,1079,94,0,ITH,ITH1,4,Provincia Autonoma Bolzano / Bozen,P.A. Bolzano,533050,459831,86.26,0.42
192,2021-01-17,PAB,2329,1044,1285,2318,11,0,0,ITH,ITH1,4,Provincia Autonoma Bolzano / Bozen,P.A. Bolzano,533050,462160,86.7,0.44
193,2021-06-23,PAB,1153,595,558,332,768,53,0,ITH,ITH1,4,Provincia Autonoma Bolzano / Bozen,P.A. Bolzano,533050,463313,86.92,0.22
194,2021-02-15,PAB,72,42,30,23,46,3,0,ITH,ITH1,4,Provincia Autonoma Bolzano / Bozen,P.A. Bolzano,533050,463385,86.93,0.01
195,2021-08-19,PAB,1752,968,784,1047,615,90,0,ITH,ITH1,4,Provincia Autonoma Bolzano / Bozen,P.A. Bolzano,533050,465137,87.26,0.33
196,2021-05-11,PAB,2855,1339,1516,1256,1523,76,0,ITH,ITH1,4,Provincia Autonoma Bolzano / Bozen,P.A. Bolzano,533050,467992,87.8,0.54
197,2021-07-31,PAB,3171,1721,1450,2068,926,177,0,ITH,ITH1,4,Provincia Autonoma Bolzano / Bozen,P.A. Bolzano,533050,471163,88.39,0.59
198,2021-01-29,PAB,1515,518,997,24,1491,0,0,ITH,ITH1,4,Provincia Autonoma Bolzano / Bozen,P.A. Bolzano,533050,472678,88.67,0.28
199,2021-04-22,PAB,2939,1512,1427,1872,942,125,0,ITH,ITH1,4,Provincia Autonoma Bolzano / Bozen,P.A. Bolzano,533050,475617,89.23,0.55
200,2020-12-27,PAB,144,65,79,144,0,0,0,ITH,ITH1,4,Provincia Autonoma Bolzano / Bozen,P.A. Bolzano,533050,475761,89.25,0.03
201,2021-06-30,PAB,3064,1565,1499,394,2608,62,0,ITH,ITH1,4,Provincia Autonoma Bolzano / Bozen,P.A. Bolzano,533050,478825,89.83,0.57
202,2021-09-21,PAB,1346,762,584,895,451,0,0,ITH,ITH1,4,Provincia Autonoma Bolzano / Bozen,P.A. Bolzano,533050,480171,90.08,0.25
203,2021-05-19,PAB,3888,1997,1891,1959,1789,140,0,ITH,ITH1,4,Provincia Autonoma Bolzano / Bozen,P.A. Bolzano,533050,484059,90.81,0.73
204,2021-01-03,PAB,42,17,25,42,0,0,0,ITH,ITH1,4,Provincia Autonoma Bolzano / Bozen,P.A. Bolzano,533050,484101,90.82,0.01
205,2021-09-14,PAB,696,367,329,358,317,21,0,ITH,ITH1,4,Provincia Autonoma Bolzano / Bozen,P.A. Bolzano,533050,484797,90.95,0.13
206,2021-04-13,PAB,2400,1134,1266,2307,7,86,0,ITH,ITH1,4,Provincia Autonoma Bolzano / Bozen,P.A. Bolzano,533050,487197,91.4,0.45
207,2021-02-20,PAB,1802,540,1262,1755,18,29,0,ITH,ITH1,4,Provincia Autonoma Bolzano / Bozen,P.A. Bolzano,533050,488999,91.74,0.34
208,2021-07-27,PAB,3159,1886,1273,882,2182,95,0,ITH,ITH1,4,Provincia Autonoma Bolzano / Bozen,P.A. Bolzano,533050,492158,92.33,0.59
209,2021-04-18,PAB,3116,1611,1505,2008,1011,97,0,ITH,ITH1,4,Provincia Autonoma Bolzano / Bozen,P.A. Bolzano,533050,495274,92.91,0.58
210,2021-01-15,PAB,3293,1234,2059,3292,0,1,0,ITH,ITH1,4,Provincia Autonoma Bolzano / Bozen,P.A. Bolzano,533050,498567,93.53,0.62
211,2021-08-31,PAB,2033,1096,937,745,1260,28,0,ITH,ITH1,4,Provincia Autonoma Bolzano / Bozen,P.A. Bolzano,533050,500600,93.91,0.38
212,2021-05-21,PAB,7397,4066,3331,5212,1879,306,0,ITH,ITH1,4,Provincia Autonoma Bolzano / Bozen,P.A. Bolzano,533050,507997,95.3,1.39
213,2021-07-24,PAB,4834,2849,1985,1353,3333,148,0,ITH,ITH1,4,Provincia Autonoma Bolzano / Bozen,P.A. Bolzano,533050,512831,96.21,0.91
214,2021-05-02,PAB,2454,1284,1170,1428,916,110,0,ITH,ITH1,4,Provincia Autonoma Bolzano / Bozen,P.A. Bolzano,533050,515285,96.67,0.46
215,2021-01-22,PAB,248,143,105,124,124,0,0,ITH,ITH1,4,Provincia Autonoma Bolzano / Bozen,P.A. Bolzano,533050,515533,96.71,0.05
216,2021-05-09,PAB,4243,2410,1833,2934,1150,159,0,ITH,ITH1,4,Provincia Autonoma Bolzano / Bozen,P.A. Bolzano,533050,519776,97.51,0.8
217,2021-03-06,PAB,3976,2082,1894,3678,211,87,0,ITH,ITH1,4,Provincia Autonoma Bolzano / Bozen,P.A. Bolzano,533050,523752,98.26,0.75
218,2021-05-28,PAB,7473,3945,3528,5367,1896,210,0,ITH,ITH1,4,Provincia Autonoma Bolzano / Bozen,P.A. Bolzano,533050,531225,99.66,1.4
219,2021-02-17,PAB,156,51,105,139,17,0,0,ITH,ITH1,4,Provincia Autonoma Bolzano / Bozen,P.A. Bolzano,533050,531381,99.69,0.03
220,2021-09-19,PAB,324,189,135,192,132,0,0,ITH,ITH1,4,Provincia Autonoma Bolzano / Bozen,P.A. Bolzano,533050,531705,99.75,0.06
221,2021-06-11,PAB,5843,3006,2837,2128,3488,227,0,ITH,ITH1,4,Provincia Autonoma Bolzano / Bozen,P.A. Bolzano,533050,537548,100.84,1.1
222,2021-09-02,PAB,1211,630,581,707,467,37,0,ITH,ITH1,4,Provincia Autonoma Bolzano / Bozen,P.A. Bolzano,533050,538759,101.07,0.23
223,2021-03-20,PAB,1760,851,909,1111,625,24,0,ITH,ITH1,4,Provincia Autonoma Bolzano / Bozen,P.A. Bolzano,533050,540519,101.4,0.33
224,2021-06-28,PAB,4617,2309,2308,213,4376,28,0,ITH,ITH1,4,Provincia Autonoma Bolzano / Bozen,P.A. Bolzano,533050,545136,102.27,0.87
225,2021-04-20,PAB,1565,785,780,1487,3,75,0,ITH,ITH1,4,Provincia Autonoma Bolzano / Bozen,P.A. Bolzano,533050,546701,102.56,0.29
226,2021-01-10,PAB,2,2,0,2,0,0,0,ITH,ITH1,4,Provincia Autonoma Bolzano / Bozen,P.A. Bolzano,533050,546703,102.56,0.0
227,2021-06-16,PAB,3826,2029,1797,11,3810,5,0,ITH,ITH1,4,Provincia Autonoma Bolzano / Bozen,P.A. Bolzano,533050,550529,103.28,0.72
228,2021-03-08,PAB,1213,535,678,1163,27,23,0,ITH,ITH1,4,Provincia Autonoma Bolzano / Bozen,P.A. Bolzano,533050,551742,103.51,0.23
229,2021-08-12,PAB,3367,1724,1643,582,2713,72,0,ITH,ITH1,4,Provincia Autonoma Bolzano / Bozen,P.A. Bolzano,533050,555109,104.14,0.63
230,2021-05-04,PAB,3453,1845,1608,2262,1038,153,0,ITH,ITH1,4,Provincia Autonoma Bolzano / Bozen,P.A. Bolzano,533050,558562,104.79,0.65
231,2021-07-26,PAB,1629,940,689,1109,411,109,0,ITH,ITH1,4,Provincia Autonoma Bolzano / Bozen,P.A. Bolzano,533050,560191,105.09,0.31
232,2021-02-22,PAB,527,143,384,497,12,18,0,ITH,ITH1,4,Provincia Autonoma Bolzano / Bozen,P.A. Bolzano,533050,560718,105.19,0.1
233,2021-08-26,PAB,2242,1135,1107,831,1360,51,0,ITH,ITH1,4,Provincia Autonoma Bolzano / Bozen,P.A. Bolzano,533050,562960,105.61,0.42
234,2021-08-14,PAB,2063,1120,943,727,1274,62,0,ITH,ITH1,4,Provincia Autonoma Bolzano / Bozen,P.A. Bolzano,533050,565023,106.0,0.39
235,2021-06-18,PAB,4545,2351,2194,1448,2913,184,0,ITH,ITH1,4,Provincia Autonoma Bolzano / Bozen,P.A. Bolzano,533050,569568,106.85,0.85
236,2021-01-08,PAB,1537,484,1053,1537,0,0,0,ITH,ITH1,4,Provincia Autonoma Bolzano / Bozen,P.A. Bolzano,533050,571105,107.14,0.29
237,2021-08-24,PAB,1973,1030,943,538,1399,36,0,ITH,ITH1,4,Provincia Autonoma Bolzano / Bozen,P.A. Bolzano,533050,573078,107.51,0.37
238,2021-05-16,PAB,2029,935,1094,1280,694,55,0,ITH,ITH1,4,Provincia Autonoma Bolzano / Bozen,P.A. Bolzano,533050,575107,107.89,0.38
239,2021-07-07,PAB,1997,1036,961,581,1337,79,0,ITH,ITH1,4,Provincia Autonoma Bolzano / Bozen,P.A. Bolzano,533050,577104,108.26,0.37
240,2021-08-07,PAB,2379,1354,1025,1622,665,92,0,ITH,ITH1,4,Provincia Autonoma Bolzano / Bozen,P.A. Bolzano,533050,579483,108.71,0.45
241,2021-08-04,PAB,3815,2020,1795,2639,982,194,0,ITH,ITH1,4,Provincia Autonoma Bolzano / Bozen,P.A. Bolzano,533050,583298,109.43,0.72
242,2021-09-16,PAB,1477,752,725,833,625,19,0,ITH,ITH1,4,Provincia Autonoma Bolzano / Bozen,P.A. Bolzano,533050,584775,109.7,0.28
243,2021-06-08,PAB,4270,2186,2084,891,3346,33,0,ITH,ITH1,4,Provincia Autonoma Bolzano / Bozen,P.A. Bolzano,533050,589045,110.5,0.8
244,2021-08-06,PAB,3643,1918,1725,1113,2431,99,0,ITH,ITH1,4,Provincia Autonoma Bolzano / Bozen,P.A. Bolzano,533050,592688,111.19,0.68
245,2021-04-28,PAB,2469,1307,1162,2256,5,208,0,ITH,ITH1,4,Provincia Autonoma Bolzano / Bozen,P.A. Bolzano,533050,595157,111.65,0.46
246,2021-01-16,PAB,2842,1266,1576,2842,0,0,0,ITH,ITH1,4,Provincia Autonoma Bolzano / Bozen,P.A. Bolzano,533050,597999,112.18,0.53
247,2021-06-10,PAB,4498,2334,2164,1301,3098,99,0,ITH,ITH1,4,Provincia Autonoma Bolzano / Bozen,P.A. Bolzano,533050,602497,113.03,0.84
248,2021-08-13,PAB,2917,1561,1356,1514,1304,99,0,ITH,ITH1,4,Provincia Autonoma Bolzano / Bozen,P.A. Bolzano,533050,605414,113.58,0.55
249,2021-04-26,PAB,1551,777,774,1459,5,87,0,ITH,ITH1,4,Provincia Autonoma Bolzano / Bozen,P.A. Bolzano,533050,606965,113.87,0.29
250,2021-07-10,PAB,5821,3005,2816,904,4755,162,0,ITH,ITH1,4,Provincia Autonoma Bolzano / Bozen,P.A. Bolzano,533050,612786,114.96,1.09
251,2021-01-18,PAB,1777,689,1088,1772,5,0,0,ITH,ITH1,4,Provincia Autonoma Bolzano / Bozen,P.A. Bolzano,533050,614563,115.29,0.33
252,2021-08-15,PAB,616,333,283,263,334,19,0,ITH,ITH1,4,Provincia Autonoma Bolzano / Bozen,P.A. Bolzano,533050,615179,115.41,0.12
253,2021-05-07,PAB,4200,2063,2137,3393,528,279,0,ITH,ITH1,4,Provincia Autonoma Bolzano / Bozen,P.A. Bolzano,533050,619379,116.2,0.79
254,2021-07-03,PAB,5640,2793,2847,925,4566,149,0,ITH,ITH1,4,Provincia Autonoma Bolzano / Bozen,P.A. Bolzano,533050,625019,117.25,1.06
255,2021-05-05,PAB,4161,1948,2213,1825,2118,218,0,ITH,ITH1,4,Provincia Autonoma Bolzano / Bozen,P.A. Bolzano,533050,629180,118.03,0.78
256,2021-01-25,PAB,494,188,306,3,491,0,0,ITH,ITH1,4,Provincia Autonoma Bolzano / Bozen,P.A. Bolzano,533050,629674,118.13,0.09
257,2021-03-23,PAB,1558,762,796,1518,1,39,0,ITH,ITH1,4,Provincia Autonoma Bolzano / Bozen,P.A. Bolzano,533050,631232,118.42,0.29
258,2021-04-01,PAB,2791,1409,1382,2506,146,139,0,ITH,ITH1,4,Provincia Autonoma Bolzano / Bozen,P.A. Bolzano,533050,634023,118.94,0.52
259,2021-07-05,PAB,2939,1408,1531,813,1987,139,0,ITH,ITH1,4,Provincia Autonoma Bolzano / Bozen,P.A. Bolzano,533050,636962,119.49,0.55
260,2021-05-30,PAB,4794,2532,2262,731,4031,32,0,ITH,ITH1,4,Provincia Autonoma Bolzano / Bozen,P.A. Bolzano,533050,641756,120.39,0.9
261,2021-07-12,PAB,3534,1755,1779,238,3243,53,0,ITH,ITH1,4,Provincia Autonoma Bolzano / Bozen,P.A. Bolzano,533050,645290,121.06,0.66
262,2021-04-03,PAB,833,366,467,22,811,0,0,ITH,ITH1,4,Provincia Autonoma Bolzano / Bozen,P.A. Bolzano,533050,646123,121.21,0.16
263,2021-09-07,PAB,1280,698,582,229,1042,9,0,ITH,ITH1,4,Provincia Autonoma Bolzano / Bozen,P.A. Bolzano,533050,647403,121.45,0.24
264,2021-03-25,PAB,2173,1080,1093,1660,445,68,0,ITH,ITH1,4,Provincia Autonoma Bolzano / Bozen,P.A. Bolzano,533050,649576,121.86,0.41
265,2021-01-27,PAB,85,29,56,2,83,0,0,ITH,ITH1,4,Provincia Autonoma Bolzano / Bozen,P.A. Bolzano,533050,649661,121.88,0.02
266,2021-03-23,PIE,13238,5586,7652,6653,6254,331,0,ITC,ITC1,1,Piemonte,Piemonte,4356406,13238,0.3,0.3
267,2021-01-16,PIE,7789,2632,5157,7782,0,7,0,ITC,ITC1,1,Piemonte,Piemonte,4356406,21027,0.48,0.18
268,2021-09-10,PIE,17276,9031,8245,5117,11449,710,0,ITC,ITC1,1,Piemonte,Piemonte,4356406,38303,0.88,0.4
269,2021-06-19,PIE,40164,20365,19799,22916,16689,559,0,ITC,ITC1,1,Piemonte,Piemonte,4356406,78467,1.8,0.92
270,2021-08-15,PIE,6583,3635,2948,5033,1271,279,0,ITC,ITC1,1,Piemonte,Piemonte,4356406,85050,1.95,0.15
271,2021-09-01,PIE,18715,9677,9038,6738,11266,711,0,ITC,ITC1,1,Piemonte,Piemonte,4356406,103765,2.38,0.43
272,2021-05-24,PIE,29038,13445,15593,16657,11992,389,0,ITC,ITC1,1,Piemonte,Piemonte,4356406,132803,3.05,0.67
273,2021-03-02,PIE,11349,4623,6726,10338,815,196,0,ITC,ITC1,1,Piemonte,Piemonte,4356406,144152,3.31,0.26
274,2021-09-15,PIE,15830,8172,7658,5607,9429,794,0,ITC,ITC1,1,Piemonte,Piemonte,4356406,159982,3.67,0.36
275,2021-06-07,PIE,35009,17905,17104,29569,4810,630,0,ITC,ITC1,1,Piemonte,Piemonte,4356406,194991,4.48,0.8
276,2021-08-03,PIE,30273,15836,14437,9327,20393,553,0,ITC,ITC1,1,Piemonte,Piemonte,4356406,225264,5.17,0.69
277,2021-02-11,PIE,6782,2112,4670,2994,3769,19,0,ITC,ITC1,1,Piemonte,Piemonte,4356406,232046,5.33,0.16
278,2021-04-09,PIE,25934,11416,14518,20844,4508,582,0,ITC,ITC1,1,Piemonte,Piemonte,4356406,257980,5.92,0.6
279,2020-12-30,PIE,743,327,416,743,0,0,0,ITC,ITC1,1,Piemonte,Piemonte,4356406,258723,5.94,0.02
280,2021-06-05,PIE,37060,18969,18091,31937,4465,658,0,ITC,ITC1,1,Piemonte,Piemonte,4356406,295783,6.79,0.85
281,2021-02-25,PIE,12303,5312,6991,11569,547,187,0,ITC,ITC1,1,Piemonte,Piemonte,4356406,308086,7.07,0.28
282,2021-08-27,PIE,17461,9324,8137,7522,9282,657,0,ITC,ITC1,1,Piemonte,Piemonte,4356406,325547,7.47,0.4
283,2021-05-19,PIE,33236,15350,17886,21485,11147,604,0,ITC,ITC1,1,Piemonte,Piemonte,4356406,358783,8.24,0.76
284,2021-03-14,PIE,8222,3343,4879,5177,2903,142,0,ITC,ITC1,1,Piemonte,Piemonte,4356406,367005,8.42,0.19
285,2021-05-10,PIE,29104,14046,15058,15317,13143,644,0,ITC,ITC1,1,Piemonte,Piemonte,4356406,396109,9.09,0.67
286,2021-01-30,PIE,6009,2149,3860,218,5790,1,0,ITC,ITC1,1,Piemonte,Piemonte,4356406,402118,9.23,0.14
287,2021-07-06,PIE,38352,19406,18946,8653,29136,563,0,ITC,ITC1,1,Piemonte,Piemonte,4356406,440470,10.11,0.88
288,2021-03-28,PIE,16098,6908,9190,8133,7624,341,0,ITC,ITC1,1,Piemonte,Piemonte,4356406,456568,10.48,0.37
289,2021-07-20,PIE,39123,20582,18541,5758,32792,573,0,ITC,ITC1,1,Piemonte,Piemonte,4356406,495691,11.38,0.9
290,2021-04-11,PIE,20868,9332,11536,18242,2152,474,0,ITC,ITC1,1,Piemonte,Piemonte,4356406,516559,11.86,0.48
291,2021-07-15,PIE,42641,22029,20612,4113,38060,468,0,ITC,ITC1,1,Piemonte,Piemonte,4356406,559200,12.84,0.98
292,2021-08-01,PIE,27338,14476,12862,8464,18295,579,0,ITC,ITC1,1,Piemonte,Piemonte,4356406,586538,13.46,0.63
293,2021-04-23,PIE,27494,12626,14868,20005,6771,718,0,ITC,ITC1,1,Piemonte,Piemonte,4356406,614032,14.09,0.63
294,2021-07-08,PIE,41063,20997,20066,7462,33016,585,0,ITC,ITC1,1,Piemonte,Piemonte,4356406,655095,15.04,0.94
295,2021-01-23,PIE,4265,1328,2937,878,3385,2,0,ITC,ITC1,1,Piemonte,Piemonte,4356406,659360,15.14,0.1
296,2021-03-21,PIE,10754,4748,6006,4038,6544,172,0,ITC,ITC1,1,Piemonte,Piemonte,4356406,670114,15.38,0.25
297,2021-02-04,PIE,10260,3363,6897,583,9675,2,0,ITC,ITC1,1,Piemonte,Piemonte,4356406,680374,15.62,0.24
298,2021-08-08,PIE,20338,10862,9476,9009,10941,388,0,ITC,ITC1,1,Piemonte,Piemonte,4356406,700712,16.08,0.47
299,2021-04-30,PIE,32012,14401,17611,17969,13350,693,0,ITC,ITC1,1,Piemonte,Piemonte,4356406,732724,16.82,0.73
300,2021-09-03,PIE,18434,9733,8701,6451,11319,664,0,ITC,ITC1,1,Piemonte,Piemonte,4356406,751158,17.24,0.42
301,2021-09-20,PIE,18542,10102,8440,5590,11303,519,1130,ITC,ITC1,1,Piemonte,Piemonte,4356406,769700,17.67,0.43
302,2021-06-12,PIE,42738,22518,20220,39295,2630,813,0,ITC,ITC1,1,Piemonte,Piemonte,4356406,812438,18.65,0.98
303,2020-12-28,PIE,1,1,0,1,0,0,0,ITC,ITC1,1,Piemonte,Piemonte,4356406,812439,18.65,0.0
304,2021-09-08,PIE,15672,8097,7575,6148,8749,775,0,ITC,ITC1,1,Piemonte,Piemonte,4356406,828111,19.01,0.36
305,2021-04-02,PIE,20185,8334,11851,11344,8434,407,0,ITC,ITC1,1,Piemonte,Piemonte,4356406,848296,19.47,0.46
306,2021-05-29,PIE,32870,15258,17612,20311,12193,366,0,ITC,ITC1,1,Piemonte,Piemonte,4356406,881166,20.23,0.75
307,2021-02-18,PIE,4822,2115,2707,4305,429,88,0,ITC,ITC1,1,Piemonte,Piemonte,4356406,885988,20.34,0.11
308,2021-07-25,PIE,28807,15276,13531,6608,21701,498,0,ITC,ITC1,1,Piemonte,Piemonte,4356406,914795,21.0,0.66
309,2021-04-16,PIE,28492,13241,15251,22694,5019,779,0,ITC,ITC1,1,Piemonte,Piemonte,4356406,943287,21.65,0.65
310,2021-01-04,PIE,5586,1690,3896,5585,0,1,0,ITC,ITC1,1,Piemonte,Piemonte,4356406,948873,21.78,0.13
311,2021-04-28,PIE,26127,11781,14346,15500,10072,555,0,ITC,ITC1,1,Piemonte,Piemonte,4356406,975000,22.38,0.6
312,2021-01-18,PIE,6181,2051,4130,5926,251,4,0,ITC,ITC1,1,Piemonte,Piemonte,4356406,981181,22.52,0.14
313,2021-06-26,PIE,41307,21017,20290,21980,18604,723,0,ITC,ITC1,1,Piemonte,Piemonte,4356406,1022488,23.47,0.95
314,2021-07-13,PIE,38919,20077,18842,3676,34902,341,0,ITC,ITC1,1,Piemonte,Piemonte,4356406,1061407,24.36,0.89
315,2021-04-04,PIE,9270,4060,5210,6399,2714,157,0,ITC,ITC1,1,Piemonte,Piemonte,4356406,1070677,24.58,0.21
316,2021-04-21,PIE,25834,11862,13972,19794,5365,675,0,ITC,ITC1,1,Piemonte,Piemonte,4356406,1096511,25.17,0.59
317,2021-01-11,PIE,8791,3001,5790,8785,0,6,0,ITC,ITC1,1,Piemonte,Piemonte,4356406,1105302,25.37,0.2
318,2021-06-24,PIE,39343,19744,19599,18371,20358,614,0,ITC,ITC1,1,Piemonte,Piemonte,4356406,1144645,26.27,0.9
319,2021-03-16,PIE,10549,4285,6264,4378,6076,95,0,ITC,ITC1,1,Piemonte,Piemonte,4356406,1155194,26.52,0.24
320,2021-08-20,PIE,16648,8942,7706,10362,5562,724,0,ITC,ITC1,1,Piemonte,Piemonte,4356406,1171842,26.9,0.38
321,2021-05-12,PIE,31995,15230,16765,18399,12963,633,0,ITC,ITC1,1,Piemonte,Piemonte,4356406,1203837,27.63,0.73
322,2021-08-22,PIE,9631,5261,4370,5144,4101,386,0,ITC,ITC1,1,Piemonte,Piemonte,4356406,1213468,27.85,0.22
323,2021-08-13,PIE,20066,10695,9371,12093,7243,730,0,ITC,ITC1,1,Piemonte,Piemonte,4356406,1233534,28.32,0.46
324,2021-05-05,PIE,34743,16279,18464,20349,13684,710,0,ITC,ITC1,1,Piemonte,Piemonte,4356406,1268277,29.11,0.8
325,2021-07-01,PIE,42045,21034,21011,19829,21171,1045,0,ITC,ITC1,1,Piemonte,Piemonte,4356406,1310322,30.08,0.97
326,2021-09-07,PIE,18475,9717,8758,6150,11633,692,0,ITC,ITC1,1,Piemonte,Piemonte,4356406,1328797,30.5,0.42
327,2021-06-02,PIE,26792,13116,13676,21692,4648,452,0,ITC,ITC1,1,Piemonte,Piemonte,4356406,1355589,31.12,0.62
328,2021-02-22,PIE,8508,3476,5032,7807,595,106,0,ITC,ITC1,1,Piemonte,Piemonte,4356406,1364097,31.31,0.2
329,2021-03-11,PIE,14052,5325,8727,10697,3103,252,0,ITC,ITC1,1,Piemonte,Piemonte,4356406,1378149,31.63,0.32
330,2021-07-12,PIE,39266,20249,19017,4562,34219,485,0,ITC,ITC1,1,Piemonte,Piemonte,4356406,1417415,32.54,0.9
331,2021-07-29,PIE,36744,19096,17648,9389,26685,670,0,ITC,ITC1,1,Piemonte,Piemonte,4356406,1454159,33.38,0.84
332,2021-04-20,PIE,25555,11695,13860,18559,6364,632,0,ITC,ITC1,1,Piemonte,Piemonte,4356406,1479714,33.97,0.59
333,2021-05-07,PIE,33186,15703,17483,18396,14157,633,0,ITC,ITC1,1,Piemonte,Piemonte,4356406,1512900,34.73,0.76
334,2021-01-27,PIE,4209,1456,2753,995,3212,2,0,ITC,ITC1,1,Piemonte,Piemonte,4356406,1517109,34.82,0.1
335,2021-02-13,PIE,4172,1344,2828,2931,1225,16,0,ITC,ITC1,1,Piemonte,Piemonte,4356406,1521281,34.92,0.1
336,2021-07-27,PIE,33838,17669,16169,8265,25003,570,0,ITC,ITC1,1,Piemonte,Piemonte,4356406,1555119,35.7,0.78
337,2021-09-22,PIE,19422,10580,8842,6280,10772,491,1879,ITC,ITC1,1,Piemonte,Piemonte,4356406,1574541,36.14,0.45
338,2021-05-02,PIE,25172,11296,13876,14020,10754,398,0,ITC,ITC1,1,Piemonte,Piemonte,4356406,1599713,36.72,0.58
339,2021-05-17,PIE,31033,14655,16378,17392,13218,423,0,ITC,ITC1,1,Piemonte,Piemonte,4356406,1630746,37.43,0.71
340,2021-02-06,PIE,8016,2670,5346,396,7618,2,0,ITC,ITC1,1,Piemonte,Piemonte,4356406,1638762,37.62,0.18
341,2021-02-23,PIE,9287,3743,5544,8520,590,177,0,ITC,ITC1,1,Piemonte,Piemonte,4356406,1648049,37.83,0.21
342,2021-05-31,PIE,29179,14090,15089,20176,8589,414,0,ITC,ITC1,1,Piemonte,Piemonte,4356406,1677228,38.5,0.67
343,2021-06-17,PIE,41262,20711,20551,24256,16375,631,0,ITC,ITC1,1,Piemonte,Piemonte,4356406,1718490,39.45,0.95
344,2021-03-09,PIE,14347,5742,8605,11755,2355,237,0,ITC,ITC1,1,Piemonte,Piemonte,4356406,1732837,39.78,0.33
345,2021-08-24,PIE,15255,8142,7113,7881,6731,643,0,ITC,ITC1,1,Piemonte,Piemonte,4356406,1748092,40.13,0.35
346,2021-06-28,PIE,38515,19125,19390,15148,22757,610,0,ITC,ITC1,1,Piemonte,Piemonte,4356406,1786607,41.01,0.88
347,2021-04-06,PIE,20838,9088,11750,15158,5218,462,0,ITC,ITC1,1,Piemonte,Piemonte,4356406,1807445,41.49,0.48
348,2020-12-27,PIE,915,370,545,915,0,0,0,ITC,ITC1,1,Piemonte,Piemonte,4356406,1808360,41.51,0.02
349,2021-07-03,PIE,40170,20158,20012,15353,24055,762,0,ITC,ITC1,1,Piemonte,Piemonte,4356406,1848530,42.43,0.92
350,2021-03-30,PIE,17019,7129,9890,8746,7875,398,0,ITC,ITC1,1,Piemonte,Piemonte,4356406,1865549,42.82,0.39
351,2021-03-25,PIE,17182,7289,9893,8100,8638,444,0,ITC,ITC1,1,Piemonte,Piemonte,4356406,1882731,43.22,0.39
352,2021-07-22,PIE,41682,21941,19741,7024,34054,604,0,ITC,ITC1,1,Piemonte,Piemonte,4356406,1924413,44.17,0.96
353,2021-04-13,PIE,26796,12047,14749,22631,3465,700,0,ITC,ITC1,1,Piemonte,Piemonte,4356406,1951209,44.79,0.62
354,2021-07-31,PIE,35852,19054,16798,10747,24646,459,0,ITC,ITC1,1,Piemonte,Piemonte,4356406,1987061,45.61,0.82
355,2021-08-17,PIE,18116,9713,8403,11717,5608,791,0,ITC,ITC1,1,Piemonte,Piemonte,4356406,2005177,46.03,0.42
356,2021-05-09,PIE,27188,12945,14243,13166,13624,398,0,ITC,ITC1,1,Piemonte,Piemonte,4356406,2032365,46.65,0.62
357,2021-05-26,PIE,34252,15783,18469,15365,18521,366,0,ITC,ITC1,1,Piemonte,Piemonte,4356406,2066617,47.44,0.79
358,2021-02-15,PIE,4447,1603,2844,3214,1210,23,0,ITC,ITC1,1,Piemonte,Piemonte,4356406,2071064,47.54,0.1
359,2021-03-04,PIE,14761,5949,8812,11585,2952,224,0,ITC,ITC1,1,Piemonte,Piemonte,4356406,2085825,47.88,0.34
360,2021-01-01,PIE,1042,397,645,1041,0,1,0,ITC,ITC1,1,Piemonte,Piemonte,4356406,2086867,47.9,0.02
361,2021-09-12,PIE,10482,5556,4926,3531,6472,479,0,ITC,ITC1,1,Piemonte,Piemonte,4356406,2097349,48.14,0.24
362,2021-07-05,PIE,35652,17839,17813,11707,23245,700,0,ITC,ITC1,1,Piemonte,Piemonte,4356406,2133001,48.96,0.82
363,2021-02-27,PIE,12736,4861,7875,12158,337,241,0,ITC,ITC1,1,Piemonte,Piemonte,4356406,2145737,49.25,0.29
364,2021-04-25,PIE,20280,9331,10949,17302,2510,468,0,ITC,ITC1,1,Piemonte,Piemonte,4356406,2166017,49.72,0.47
365,2021-01-15,PIE,9133,3015,6118,9127,0,6,0,ITC,ITC1,1,Piemonte,Piemonte,4356406,2175150,49.93,0.21
366,2021-06-21,PIE,38548,19271,19277,17184,20791,573,0,ITC,ITC1,1,Piemonte,Piemonte,4356406,2213698,50.81,0.88
367,2021-03-13,PIE,13060,4729,8331,11354,1432,274,0,ITC,ITC1,1,Piemonte,Piemonte,4356406,2226758,51.11,0.3
368,2021-08-31,PIE,19068,10057,9011,6841,11659,568,0,ITC,ITC1,1,Piemonte,Piemonte,4356406,2245826,51.55,0.44
369,2021-09-17,PIE,15297,8226,7071,5298,9429,570,0,ITC,ITC1,1,Piemonte,Piemonte,4356406,2261123,51.9,0.35
370,2021-06-09,PIE,38771,20422,18349,35215,2751,805,0,ITC,ITC1,1,Piemonte,Piemonte,4356406,2299894,52.79,0.89
371,2021-03-18,PIE,11789,4819,6970,3844,7750,195,0,ITC,ITC1,1,Piemonte,Piemonte,4356406,2311683,53.06,0.27
372,2021-01-20,PIE,6644,2098,4546,5913,724,7,0,ITC,ITC1,1,Piemonte,Piemonte,4356406,2318327,53.22,0.15
373,2021-02-03,PIE,10229,3313,6916,609,9618,2,0,ITC,ITC1,1,Piemonte,Piemonte,4356406,2328556,53.45,0.23
374,2021-07-10,PIE,41298,20946,20352,6735,34006,557,0,ITC,ITC1,1,Piemonte,Piemonte,4356406,2369854,54.4,0.95
375,2021-04-01,PIE,19456,8167,11289,10993,8144,319,0,ITC,ITC1,1,Piemonte,Piemonte,4356406,2389310,54.85,0.45
376,2021-09-05,PIE,13048,6912,6136,4468,8103,477,0,ITC,ITC1,1,Piemonte,Piemonte,4356406,2402358,55.15,0.3
377,2021-05-28,PIE,35144,16641,18503,18696,16030,418,0,ITC,ITC1,1,Piemonte,Piemonte,4356406,2437502,55.95,0.81
378,2021-01-25,PIE,6233,1947,4286,977,5254,2,0,ITC,ITC1,1,Piemonte,Piemonte,4356406,2443735,56.1,0.14
379,2021-09-16,PIE,14203,7546,6657,3818,9915,470,0,ITC,ITC1,1,Piemonte,Piemonte,4356406,2457938,56.42,0.33
380,2021-06-25,PIE,45644,22742,22902,20298,24605,741,0,ITC,ITC1,1,Piemonte,Piemonte,4356406,2503582,57.47,1.05
381,2021-09-24,PIE,9700,5293,4407,3025,5620,229,826,ITC,ITC1,1,Piemonte,Piemonte,4356406,2513282,57.69,0.22
382,2021-01-13,PIE,10119,3241,6878,10110,0,9,0,ITC,ITC1,1,Piemonte,Piemonte,4356406,2523401,57.92,0.23
383,2021-06-16,PIE,40507,20288,20219,23578,16287,642,0,ITC,ITC1,1,Piemonte,Piemonte,4356406,2563908,58.85,0.93
384,2021-08-12,PIE,22109,11862,10247,13488,7829,792,0,ITC,ITC1,1,Piemonte,Piemonte,4356406,2586017,59.36,0.51
385,2021-01-06,PIE,3121,1106,2015,3120,0,1,0,ITC,ITC1,1,Piemonte,Piemonte,4356406,2589138,59.43,0.07
386,2021-02-20,PIE,3850,1265,2585,3573,174,103,0,ITC,ITC1,1,Piemonte,Piemonte,4356406,2592988,59.52,0.09
387,2021-07-24,PIE,34936,18378,16558,7923,26402,611,0,ITC,ITC1,1,Piemonte,Piemonte,4356406,2627924,60.32,0.8
388,2021-08-07,PIE,29839,15969,13870,12627,16650,562,0,ITC,ITC1,1,Piemonte,Piemonte,4356406,2657763,61.01,0.68
389,2021-04-29,PIE,48630,22035,26595,34756,12651,1223,0,ITC,ITC1,1,Piemonte,Piemonte,4356406,2706393,62.12,1.12
390,2021-08-09,PIE,24817,12948,11869,12060,12003,754,0,ITC,ITC1,1,Piemonte,Piemonte,4356406,2731210,62.69,0.57
391,2021-08-26,PIE,16935,9168,7767,8136,8037,762,0,ITC,ITC1,1,Piemonte,Piemonte,4356406,2748145,63.08,0.39
392,2021-05-18,PIE,32271,14887,17384,19125,12694,452,0,ITC,ITC1,1,Piemonte,Piemonte,4356406,2780416,63.82,0.74
393,2021-09-09,PIE,15970,8292,7678,6080,9118,772,0,ITC,ITC1,1,Piemonte,Piemonte,4356406,2796386,64.19,0.37
394,2021-05-30,PIE,27845,13240,14605,18063,9402,380,0,ITC,ITC1,1,Piemonte,Piemonte,4356406,2824231,64.83,0.64
395,2021-02-19,PIE,5565,2188,3377,4936,504,125,0,ITC,ITC1,1,Piemonte,Piemonte,4356406,2829796,64.96,0.13
396,2021-06-04,PIE,37726,19735,17991,34117,2974,635,0,ITC,ITC1,1,Piemonte,Piemonte,4356406,2867522,65.82,0.87
397,2021-02-24,PIE,11420,4619,6801,10761,505,154,0,ITC,ITC1,1,Piemonte,Piemonte,4356406,2878942,66.09,0.26
398,2021-04-18,PIE,22978,10821,12157,19636,2756,586,0,ITC,ITC1,1,Piemonte,Piemonte,4356406,2901920,66.61,0.53
399,2021-01-08,PIE,5551,1767,3784,5549,0,2,0,ITC,ITC1,1,Piemonte,Piemonte,4356406,2907471,66.74,0.13
400,2021-06-14,PIE,38105,19622,18483,30281,7099,725,0,ITC,ITC1,1,Piemonte,Piemonte,4356406,2945576,67.61,0.87
401,2021-03-06,PIE,14048,5235,8813,11068,2800,180,0,ITC,ITC1,1,Piemonte,Piemonte,4356406,2959624,67.94,0.32
402,2021-08-10,PIE,22109,11708,10401,12524,8894,691,0,ITC,ITC1,1,Piemonte,Piemonte,4356406,2981733,68.44,0.51
403,2021-01-22,PIE,3890,1257,2633,2543,1346,1,0,ITC,ITC1,1,Piemonte,Piemonte,4356406,2985623,68.53,0.09
404,2021-08-21,PIE,13348,7137,6211,7723,5090,535,0,ITC,ITC1,1,Piemonte,Piemonte,4356406,2998971,68.84,0.31
405,2021-04-03,PIE,19533,8231,11302,10634,8582,317,0,ITC,ITC1,1,Piemonte,Piemonte,4356406,3018504,69.29,0.45
406,2021-01-10,PIE,5249,2290,2959,5246,0,3,0,ITC,ITC1,1,Piemonte,Piemonte,4356406,3023753,69.41,0.12
407,2021-07-14,PIE,39090,20104,18986,3601,35059,430,0,ITC,ITC1,1,Piemonte,Piemonte,4356406,3062843,70.31,0.9
408,2021-04-22,PIE,27705,12757,14948,20205,6698,802,0,ITC,ITC1,1,Piemonte,Piemonte,4356406,3090548,70.94,0.64
409,2021-01-12,PIE,10111,3423,6688,10105,0,6,0,ITC,ITC1,1,Piemonte,Piemonte,4356406,3100659,71.17,0.23
410,2021-01-29,PIE,5963,1894,4069,454,5509,0,0,ITC,ITC1,1,Piemonte,Piemonte,4356406,3106622,71.31,0.14
411,2021-09-19,PIE,11604,6326,5278,4932,6269,402,1,ITC,ITC1,1,Piemonte,Piemonte,4356406,3118226,71.58,0.27
412,2021-03-03,PIE,12393,4872,7521,11377,821,195,0,ITC,ITC1,1,Piemonte,Piemonte,4356406,3130619,71.86,0.28
413,2021-03-20,PIE,11954,4907,7047,5785,5917,252,0,ITC,ITC1,1,Piemonte,Piemonte,4356406,3142573,72.14,0.27
414,2021-08-05,PIE,30405,16121,14284,11231,18565,609,0,ITC,ITC1,1,Piemonte,Piemonte,4356406,3172978,72.83,0.7
415,2021-06-23,PIE,39848,19792,20056,16428,22908,512,0,ITC,ITC1,1,Piemonte,Piemonte,4356406,3212826,73.75,0.91
416,2021-08-19,PIE,15926,8570,7356,10585,4605,736,0,ITC,ITC1,1,Piemonte,Piemonte,4356406,3228752,74.12,0.37
417,2021-01-03,PIE,3071,973,2098,3070,0,1,0,ITC,ITC1,1,Piemonte,Piemonte,4356406,3231823,74.19,0.07
418,2021-07-07,PIE,38082,18926,19156,9709,27770,603,0,ITC,ITC1,1,Piemonte,Piemonte,4356406,3269905,75.06,0.87
419,2021-03-29,PIE,15279,6488,8791,8394,6615,270,0,ITC,ITC1,1,Piemonte,Piemonte,4356406,3285184,75.41,0.35
420,2021-07-21,PIE,38082,20203,17879,6562,30989,531,0,ITC,ITC1,1,Piemonte,Piemonte,4356406,3323266,76.28,0.87
421,2021-04-12,PIE,22986,10377,12609,19464,2996,526,0,ITC,ITC1,1,Piemonte,Piemonte,4356406,3346252,76.81,0.53
422,2021-09-14,PIE,15839,8269,7570,5169,9947,723,0,ITC,ITC1,1,Piemonte,Piemonte,4356406,3362091,77.18,0.36
423,2021-06-06,PIE,35182,18379,16803,32134,2491,557,0,ITC,ITC1,1,Piemonte,Piemonte,4356406,3397273,77.98,0.81
424,2021-08-02,PIE,30075,15886,14189,9402,20076,597,0,ITC,ITC1,1,Piemonte,Piemonte,4356406,3427348,78.67,0.69
425,2021-02-17,PIE,4820,2173,2647,3766,991,63,0,ITC,ITC1,1,Piemonte,Piemonte,4356406,3432168,78.78,0.11
426,2021-07-02,PIE,43873,22074,21799,17391,25606,876,0,ITC,ITC1,1,Piemonte,Piemonte,4356406,3476041,79.79,1.01
427,2021-05-16,PIE,28237,12811,15426,14768,13092,377,0,ITC,ITC1,1,Piemonte,Piemonte,4356406,3504278,80.44,0.65
428,2021-02-05,PIE,9638,3148,6490,656,8980,2,0,ITC,ITC1,1,Piemonte,Piemonte,4356406,3513916,80.66,0.22
429,2021-08-14,PIE,15158,8167,6991,9813,4765,580,0,ITC,ITC1,1,Piemonte,Piemonte,4356406,3529074,81.01,0.35
430,2021-05-06,PIE,33522,15843,17679,19342,13568,612,0,ITC,ITC1,1,Piemonte,Piemonte,4356406,3562596,81.78,0.77
431,2021-03-08,PIE,14314,5607,8707,11352,2717,245,0,ITC,ITC1,1,Piemonte,Piemonte,4356406,3576910,82.11,0.33
432,2021-05-04,PIE,31688,14646,17042,17313,13776,599,0,ITC,ITC1,1,Piemonte,Piemonte,4356406,3608598,82.83,0.73
433,2021-01-24,PIE,3161,964,2197,435,2724,2,0,ITC,ITC1,1,Piemonte,Piemonte,4356406,3611759,82.91,0.07
434,2021-06-30,PIE,41382,20228,21154,18504,21983,895,0,ITC,ITC1,1,Piemonte,Piemonte,4356406,3653141,83.86,0.95
435,2021-03-22,PIE,11547,4899,6648,3720,7609,218,0,ITC,ITC1,1,Piemonte,Piemonte,4356406,3664688,84.12,0.27
436,2021-04-27,PIE,22674,10239,12435,16848,5168,658,0,ITC,ITC1,1,Piemonte,Piemonte,4356406,3687362,84.64,0.52
437,2021-01-17,PIE,3532,1169,2363,2879,650,3,0,ITC,ITC1,1,Piemonte,Piemonte,4356406,3690894,84.72,0.08
438,2021-01-02,PIE,3553,1134,2419,3552,0,1,0,ITC,ITC1,1,Piemonte,Piemonte,4356406,3694447,84.8,0.08
439,2021-05-01,PIE,28635,13038,15597,16353,11824,458,0,ITC,ITC1,1,Piemonte,Piemonte,4356406,3723082,85.46,0.66
440,2021-01-21,PIE,6890,2318,4572,3378,3506,6,0,ITC,ITC1,1,Piemonte,Piemonte,4356406,3729972,85.62,0.16
441,2021-08-23,PIE,18401,9895,8506,8866,8942,593,0,ITC,ITC1,1,Piemonte,Piemonte,4356406,3748373,86.04,0.42
442,2021-08-28,PIE,17532,9237,8295,7324,9568,640,0,ITC,ITC1,1,Piemonte,Piemonte,4356406,3765905,86.45,0.4
443,2021-06-18,PIE,40761,20378,20383,25812,14251,698,0,ITC,ITC1,1,Piemonte,Piemonte,4356406,3806666,87.38,0.94
444,2021-03-10,PIE,13961,5456,8505,11394,2296,271,0,ITC,ITC1,1,Piemonte,Piemonte,4356406,3820627,87.7,0.32
445,2021-03-27,PIE,18437,7843,10594,9145,8836,456,0,ITC,ITC1,1,Piemonte,Piemonte,4356406,3839064,88.12,0.42
446,2021-02-28,PIE,10850,4068,6782,10429,241,180,0,ITC,ITC1,1,Piemonte,Piemonte,4356406,3849914,88.37,0.25
447,2021-03-17,PIE,12542,5066,7476,5044,7309,189,0,ITC,ITC1,1,Piemonte,Piemonte,4356406,3862456,88.66,0.29
448,2021-09-18,PIE,18844,10515,8329,7126,11059,657,2,ITC,ITC1,1,Piemonte,Piemonte,4356406,3881300,89.09,0.43
449,2021-06-10,PIE,40633,21241,19392,37144,2593,896,0,ITC,ITC1,1,Piemonte,Piemonte,4356406,3921933,90.03,0.93
450,2021-05-23,PIE,28837,13178,15659,15492,13023,322,0,ITC,ITC1,1,Piemonte,Piemonte,4356406,3950770,90.69,0.66
451,2021-02-12,PIE,6926,2227,4699,3926,2975,25,0,ITC,ITC1,1,Piemonte,Piemonte,4356406,3957696,90.85,0.16
452,2021-03-01,PIE,12191,4968,7223,11197,813,181,0,ITC,ITC1,1,Piemonte,Piemonte,4356406,3969887,91.13,0.28
453,2021-09-02,PIE,16905,8803,8102,6167,10091,647,0,ITC,ITC1,1,Piemonte,Piemonte,4356406,3986792,91.52,0.39
454,2021-05-25,PIE,31953,14807,17146,15650,15904,399,0,ITC,ITC1,1,Piemonte,Piemonte,4356406,4018745,92.25,0.73
455,2021-06-11,PIE,43713,23126,20587,40039,2844,830,0,ITC,ITC1,1,Piemonte,Piemonte,4356406,4062458,93.25,1.0
456,2021-06-08,PIE,37785,19541,18244,34207,2857,721,0,ITC,ITC1,1,Piemonte,Piemonte,4356406,4100243,94.12,0.87
457,2021-08-04,PIE,29382,15538,13844,8965,19860,557,0,ITC,ITC1,1,Piemonte,Piemonte,4356406,4129625,94.79,0.67
458,2021-04-26,PIE,19849,8769,11080,14930,4402,517,0,ITC,ITC1,1,Piemonte,Piemonte,4356406,4149474,95.25,0.46
459,2021-05-15,PIE,33851,15784,18067,19426,13745,680,0,ITC,ITC1,1,Piemonte,Piemonte,4356406,4183325,96.03,0.78
460,2021-06-01,PIE,29644,14885,14759,24517,4689,438,0,ITC,ITC1,1,Piemonte,Piemonte,4356406,4212969,96.71,0.68
461,2021-02-21,PIE,5105,2091,3014,4951,104,50,0,ITC,ITC1,1,Piemonte,Piemonte,4356406,4218074,96.82,0.12
462,2021-05-13,PIE,35810,17594,18216,19921,15155,734,0,ITC,ITC1,1,Piemonte,Piemonte,4356406,4253884,97.65,0.82
463,2021-02-02,PIE,10292,3525,6767,814,9477,1,0,ITC,ITC1,1,Piemonte,Piemonte,4356406,4264176,97.88,0.24
464,2021-07-09,PIE,40513,20669,19844,5773,34199,541,0,ITC,ITC1,1,Piemonte,Piemonte,4356406,4304689,98.81,0.93
465,2021-03-31,PIE,19156,8135,11021,10115,8700,341,0,ITC,ITC1,1,Piemonte,Piemonte,4356406,4323845,99.25,0.44
466,2021-09-04,PIE,19352,10120,9232,7020,11535,797,0,ITC,ITC1,1,Piemonte,Piemonte,4356406,4343197,99.7,0.44
467,2021-05-27,PIE,37551,17457,20094,18885,18213,453,0,ITC,ITC1,1,Piemonte,Piemonte,4356406,4380748,100.56,0.86
468,2021-02-16,PIE,3992,1770,2222,3180,765,47,0,ITC,ITC1,1,Piemonte,Piemonte,4356406,4384740,100.65,0.09
469,2021-08-18,PIE,18170,9816,8354,11645,5771,754,0,ITC,ITC1,1,Piemonte,Piemonte,4356406,4402910,101.07,0.42
470,2021-06-27,PIE,37607,18632,18975,15220,21774,613,0,ITC,ITC1,1,Piemonte,Piemonte,4356406,4440517,101.93,0.86
471,2021-03-19,PIE,11049,4526,6523,4227,6612,210,0,ITC,ITC1,1,Piemonte,Piemonte,4356406,4451566,102.18,0.25
472,2021-04-05,PIE,14779,6250,8529,11963,2563,253,0,ITC,ITC1,1,Piemonte,Piemonte,4356406,4466345,102.52,0.34
473,2021-06-29,PIE,40695,20325,20370,19236,20733,726,0,ITC,ITC1,1,Piemonte,Piemonte,4356406,4507040,103.46,0.93
474,2021-01-19,PIE,6482,2111,4371,6464,9,9,0,ITC,ITC1,1,Piemonte,Piemonte,4356406,4513522,103.61,0.15
475,2021-07-23,PIE,38191,20134,18057,8044,29508,639,0,ITC,ITC1,1,Piemonte,Piemonte,4356406,4551713,104.48,0.88
476,2021-04-14,PIE,28402,12856,15546,23076,4588,738,0,ITC,ITC1,1,Piemonte,Piemonte,4356406,4580115,105.14,0.65
477,2021-03-15,PIE,10712,4201,6511,4940,5615,157,0,ITC,ITC1,1,Piemonte,Piemonte,4356406,4590827,105.38,0.25
478,2021-05-11,PIE,32346,15588,16758,18435,13263,648,0,ITC,ITC1,1,Piemonte,Piemonte,4356406,4623173,106.12,0.74
479,2021-01-31,PIE,4156,1769,2387,114,4042,0,0,ITC,ITC1,1,Piemonte,Piemonte,4356406,4627329,106.22,0.1
480,2021-07-18,PIE,32942,17275,15667,3251,29355,336,0,ITC,ITC1,1,Piemonte,Piemonte,4356406,4660271,106.98,0.76
481,2021-09-13,PIE,16618,8597,8021,5474,10358,786,0,ITC,ITC1,1,Piemonte,Piemonte,4356406,4676889,107.36,0.38
482,2021-08-11,PIE,23502,12637,10865,13447,9366,689,0,ITC,ITC1,1,Piemonte,Piemonte,4356406,4700391,107.9,0.54
483,2021-05-03,PIE,26734,12224,14510,12053,14232,449,0,ITC,ITC1,1,Piemonte,Piemonte,4356406,4727125,108.51,0.61
484,2021-02-26,PIE,12326,4945,7381,11372,743,211,0,ITC,ITC1,1,Piemonte,Piemonte,4356406,4739451,108.79,0.28
485,2021-04-24,PIE,27582,12468,15114,21340,5667,575,0,ITC,ITC1,1,Piemonte,Piemonte,4356406,4767033,109.43,0.63
486,2021-01-14,PIE,9804,3161,6643,9798,0,6,0,ITC,ITC1,1,Piemonte,Piemonte,4356406,4776837,109.65,0.23
487,2021-06-20,PIE,34153,17124,17029,18799,14785,569,0,ITC,ITC1,1,Piemonte,Piemonte,4356406,4810990,110.43,0.78
488,2021-03-12,PIE,14242,5414,8828,10999,2950,293,0,ITC,ITC1,1,Piemonte,Piemonte,4356406,4825232,110.76,0.33
489,2021-07-04,PIE,33871,17068,16803,11249,21989,633,0,ITC,ITC1,1,Piemonte,Piemonte,4356406,4859103,111.54,0.78
490,2021-03-26,PIE,17964,7143,10821,8543,8889,532,0,ITC,ITC1,1,Piemonte,Piemonte,4356406,4877067,111.95,0.41
491,2021-04-19,PIE,22598,10787,11811,17675,4359,564,0,ITC,ITC1,1,Piemonte,Piemonte,4356406,4899665,112.47,0.52
492,2021-01-09,PIE,6206,2197,4009,6204,0,2,0,ITC,ITC1,1,Piemonte,Piemonte,4356406,4905871,112.61,0.14
493,2021-01-26,PIE,6363,1897,4466,737,5625,1,0,ITC,ITC1,1,Piemonte,Piemonte,4356406,4912234,112.76,0.15
494,2021-07-30,PIE,35919,18758,17161,9557,25790,572,0,ITC,ITC1,1,Piemonte,Piemonte,4356406,4948153,113.58,0.82
495,2021-08-16,PIE,19277,10233,9044,11595,6817,865,0,ITC,ITC1,1,Piemonte,Piemonte,4356406,4967430,114.03,0.44
496,2021-03-24,PIE,15632,6420,9212,6125,9141,366,0,ITC,ITC1,1,Piemonte,Piemonte,4356406,4983062,114.38,0.36
497,2021-05-20,PIE,38738,17998,20740,13378,24998,362,0,ITC,ITC1,1,Piemonte,Piemonte,4356406,5021800,115.27,0.89
498,2021-02-09,PIE,7417,2322,5095,719,6696,2,0,ITC,ITC1,1,Piemonte,Piemonte,4356406,5029217,115.44,0.17
499,2021-07-16,PIE,42158,22019,20139,3609,38128,421,0,ITC,ITC1,1,Piemonte,Piemonte,4356406,5071375,116.41,0.97
500,2021-04-07,PIE,23723,10047,13676,17717,5463,543,0,ITC,ITC1,1,Piemonte,Piemonte,4356406,5095098,116.96,0.54
501,2021-08-06,PIE,30562,16167,14395,13290,16513,759,0,ITC,ITC1,1,Piemonte,Piemonte,4356406,5125660,117.66,0.7
502,2021-08-25,PIE,16467,8879,7588,8290,7447,730,0,ITC,ITC1,1,Piemonte,Piemonte,4356406,5142127,118.04,0.38
503,2021-09-11,PIE,18004,9455,8549,5875,11343,786,0,ITC,ITC1,1,Piemonte,Piemonte,4356406,5160131,118.45,0.41
504,2021-02-07,PIE,3103,977,2126,446,2656,1,0,ITC,ITC1,1,Piemonte,Piemonte,4356406,5163234,118.52,0.07
505,2021-07-11,PIE,33236,16939,16297,4535,28376,325,0,ITC,ITC1,1,Piemonte,Piemonte,4356406,5196470,119.28,0.76
506,2021-09-06,PIE,18247,9548,8699,6122,11423,702,0,ITC,ITC1,1,Piemonte,Piemonte,4356406,5214717,119.7,0.42
507,2021-06-03,PIE,34876,18070,16806,29798,4522,556,0,ITC,ITC1,1,Piemonte,Piemonte,4356406,5249593,120.5,0.8
508,2021-05-08,PIE,34392,16311,18081,18182,15675,535,0,ITC,ITC1,1,Piemonte,Piemonte,4356406,5283985,121.29,0.79
509,2021-01-28,PIE,5616,1818,3798,380,5236,0,0,ITC,ITC1,1,Piemonte,Piemonte,4356406,5289601,121.42,0.13
510,2021-02-14,PIE,1483,501,982,871,605,7,0,ITC,ITC1,1,Piemonte,Piemonte,4356406,5291084,121.46,0.03
511,2021-08-30,PIE,20959,10955,10004,7241,13036,682,0,ITC,ITC1,1,Piemonte,Piemonte,4356406,5312043,121.94,0.48
512,2021-05-22,PIE,33600,15173,18427,16933,16253,414,0,ITC,ITC1,1,Piemonte,Piemonte,4356406,5345643,122.71,0.77
513,2021-02-08,PIE,6935,2356,4579,666,6264,5,0,ITC,ITC1,1,Piemonte,Piemonte,4356406,5352578,122.87,0.16
514,2021-08-29,PIE,15160,8124,7036,5049,9674,437,0,ITC,ITC1,1,Piemonte,Piemonte,4356406,5367738,123.21,0.35
515,2021-05-21,PIE,36311,16871,19440,20098,15686,527,0,ITC,ITC1,1,Piemonte,Piemonte,4356406,5404049,124.05,0.83
516,2021-07-17,PIE,42062,22140,19922,4958,36605,499,0,ITC,ITC1,1,Piemonte,Piemonte,4356406,5446111,125.01,0.97
517,2021-02-01,PIE,8702,3073,5629,580,8121,1,0,ITC,ITC1,1,Piemonte,Piemonte,4356406,5454813,125.21,0.2
518,2021-05-14,PIE,33514,16322,17192,17376,15457,681,0,ITC,ITC1,1,Piemonte,Piemonte,4356406,5488327,125.98,0.77
519,2021-07-26,PIE,32849,17090,15759,8313,23899,637,0,ITC,ITC1,1,Piemonte,Piemonte,4356406,5521176,126.74,0.75
520,2021-04-17,PIE,30537,14180,16357,26494,3315,728,0,ITC,ITC1,1,Piemonte,Piemonte,4356406,5551713,127.44,0.7
521,2021-09-21,PIE,17866,9669,8197,5855,10129,483,1399,ITC,ITC1,1,Piemonte,Piemonte,4356406,5569579,127.85,0.41
522,2021-06-13,PIE,38234,20183,18051,33311,4138,785,0,ITC,ITC1,1,Piemonte,Piemonte,4356406,5607813,128.73,0.88
523,2021-02-10,PIE,7572,2384,5188,1302,6255,15,0,ITC,ITC1,1,Piemonte,Piemonte,4356406,5615385,128.9,0.17
524,2021-04-08,PIE,25372,11042,14330,20070,4732,570,0,ITC,ITC1,1,Piemonte,Piemonte,4356406,5640757,129.48,0.58
525,2021-09-23,PIE,19952,10780,9172,6721,10530,515,2186,ITC,ITC1,1,Piemonte,Piemonte,4356406,5660709,129.94,0.46
526,2021-07-19,PIE,39681,20646,19035,4511,34745,425,0,ITC,ITC1,1,Piemonte,Piemonte,4356406,5700390,130.85,0.91
527,2021-04-10,PIE,30224,13436,16788,25293,4270,661,0,ITC,ITC1,1,Piemonte,Piemonte,4356406,5730614,131.54,0.69
528,2021-04-15,PIE,29679,13603,16076,23424,5558,697,0,ITC,ITC1,1,Piemonte,Piemonte,4356406,5760293,132.23,0.68
529,2021-01-05,PIE,5406,1617,3789,5399,0,7,0,ITC,ITC1,1,Piemonte,Piemonte,4356406,5765699,132.35,0.12
530,2021-06-22,PIE,40734,20142,20592,17816,22342,576,0,ITC,ITC1,1,Piemonte,Piemonte,4356406,5806433,133.28,0.94
531,2021-01-07,PIE,5406,1743,3663,5404,0,2,0,ITC,ITC1,1,Piemonte,Piemonte,4356406,5811839,133.41,0.12
532,2021-03-05,PIE,15681,6311,9370,11559,3840,282,0,ITC,ITC1,1,Piemonte,Piemonte,4356406,5827520,133.77,0.36
533,2021-07-28,PIE,34861,18114,16747,9183,25062,616,0,ITC,ITC1,1,Piemonte,Piemonte,4356406,5862381,134.57,0.8
534,2021-06-15,PIE,39049,20104,18945,26551,11798,700,0,ITC,ITC1,1,Piemonte,Piemonte,4356406,5901430,135.47,0.9
535,2021-03-07,PIE,12013,4675,7338,10882,877,254,0,ITC,ITC1,1,Piemonte,Piemonte,4356406,5913443,135.74,0.28
536,2020-12-31,PIE,3896,1329,2567,3896,0,0,0,ITC,ITC1,1,Piemonte,Piemonte,4356406,5917339,135.83,0.09
537,2021-07-14,MOL,3444,1684,1760,211,3216,17,0,ITF,ITF2,14,Molise,Molise,305617,3444,1.13,1.13
538,2021-01-26,MOL,450,184,266,8,442,0,0,ITF,ITF2,14,Molise,Molise,305617,3894,1.27,0.15
539,2021-05-06,MOL,2757,1248,1509,2061,617,79,0,ITF,ITF2,14,Molise,Molise,305617,6651,2.18,0.9
540,2021-08-23,MOL,1725,934,791,270,1442,13,0,ITF,ITF2,14,Molise,Molise,305617,8376,2.74,0.56
541,2021-02-19,MOL,171,95,76,169,2,0,0,ITF,ITF2,14,Molise,Molise,305617,8547,2.8,0.06
542,2021-03-10,MOL,1753,726,1027,1679,50,24,0,ITF,ITF2,14,Molise,Molise,305617,10300,3.37,0.57
543,2021-05-01,MOL,2676,1284,1392,408,2234,34,0,ITF,ITF2,14,Molise,Molise,305617,12976,4.25,0.88
544,2021-03-05,MOL,1235,659,576,1011,209,15,0,ITF,ITF2,14,Molise,Molise,305617,14211,4.65,0.4
545,2021-08-09,MOL,3447,1782,1665,1633,1763,51,0,ITF,ITF2,14,Molise,Molise,305617,17658,5.78,1.13
546,2021-06-13,MOL,2953,1570,1383,2578,329,46,0,ITF,ITF2,14,Molise,Molise,305617,20611,6.74,0.97
547,2021-04-17,MOL,3105,1529,1576,1555,1505,45,0,ITF,ITF2,14,Molise,Molise,305617,23716,7.76,1.02
548,2021-08-11,MOL,2025,1059,966,1145,816,64,0,ITF,ITF2,14,Molise,Molise,305617,25741,8.42,0.66
549,2021-02-07,MOL,67,32,35,20,47,0,0,ITF,ITF2,14,Molise,Molise,305617,25808,8.44,0.02
550,2021-05-18,MOL,1687,899,788,1016,658,13,0,ITF,ITF2,14,Molise,Molise,305617,27495,9.0,0.55
551,2021-03-22,MOL,1172,450,722,897,245,30,0,ITF,ITF2,14,Molise,Molise,305617,28667,9.38,0.38
552,2021-07-23,MOL,2942,1531,1411,877,2004,61,0,ITF,ITF2,14,Molise,Molise,305617,31609,10.34,0.96
553,2021-09-04,MOL,1639,904,735,686,931,22,0,ITF,ITF2,14,Molise,Molise,305617,33248,10.88,0.54
554,2021-08-28,MOL,1743,972,771,658,1069,16,0,ITF,ITF2,14,Molise,Molise,305617,34991,11.45,0.57
555,2021-06-27,MOL,2389,1129,1260,1141,1237,11,0,ITF,ITF2,14,Molise,Molise,305617,37380,12.23,0.78
556,2021-09-18,MOL,1317,741,576,466,836,15,0,ITF,ITF2,14,Molise,Molise,305617,38697,12.66,0.43
557,2021-01-07,MOL,602,210,392,602,0,0,0,ITF,ITF2,14,Molise,Molise,305617,39299,12.86,0.2
558,2021-02-12,MOL,337,152,185,212,124,1,0,ITF,ITF2,14,Molise,Molise,305617,39636,12.97,0.11
559,2021-03-24,MOL,1657,662,995,1221,402,34,0,ITF,ITF2,14,Molise,Molise,305617,41293,13.51,0.54
560,2021-07-02,MOL,2721,1320,1401,137,2572,12,0,ITF,ITF2,14,Molise,Molise,305617,44014,14.4,0.89
561,2021-04-05,MOL,392,190,202,293,99,0,0,ITF,ITF2,14,Molise,Molise,305617,44406,14.53,0.13
562,2021-03-29,MOL,2072,846,1226,1524,489,59,0,ITF,ITF2,14,Molise,Molise,305617,46478,15.21,0.68
563,2021-01-31,MOL,268,70,198,6,262,0,0,ITF,ITF2,14,Molise,Molise,305617,46746,15.3,0.09
564,2021-09-11,MOL,1228,690,538,179,1037,12,0,ITF,ITF2,14,Molise,Molise,305617,47974,15.7,0.4
565,2021-07-16,MOL,3186,1614,1572,405,2751,30,0,ITF,ITF2,14,Molise,Molise,305617,51160,16.74,1.04
566,2021-07-09,MOL,3450,1659,1791,168,3264,18,0,ITF,ITF2,14,Molise,Molise,305617,54610,17.87,1.13
567,2021-07-28,MOL,2463,1308,1155,1153,1275,35,0,ITF,ITF2,14,Molise,Molise,305617,57073,18.67,0.81
568,2021-03-17,MOL,977,407,570,526,333,118,0,ITF,ITF2,14,Molise,Molise,305617,58050,18.99,0.32
569,2021-06-25,MOL,3465,1706,1759,1480,1922,63,0,ITF,ITF2,14,Molise,Molise,305617,61515,20.13,1.13
570,2021-06-01,MOL,2651,1347,1304,2486,117,48,0,ITF,ITF2,14,Molise,Molise,305617,64166,21.0,0.87
571,2021-09-09,MOL,1204,625,579,419,769,16,0,ITF,ITF2,14,Molise,Molise,305617,65370,21.39,0.39
572,2021-05-13,MOL,3118,1448,1670,2559,461,98,0,ITF,ITF2,14,Molise,Molise,305617,68488,22.41,1.02
573,2021-06-20,MOL,424,174,250,48,372,4,0,ITF,ITF2,14,Molise,Molise,305617,68912,22.55,0.14
574,2021-04-24,MOL,2583,1217,1366,703,1852,28,0,ITF,ITF2,14,Molise,Molise,305617,71495,23.39,0.85
575,2021-02-26,MOL,567,262,305,492,74,1,0,ITF,ITF2,14,Molise,Molise,305617,72062,23.58,0.19
576,2021-08-02,MOL,2734,1426,1308,1207,1479,48,0,ITF,ITF2,14,Molise,Molise,305617,74796,24.47,0.89
577,2021-06-06,MOL,2133,1094,1039,1773,329,31,0,ITF,ITF2,14,Molise,Molise,305617,76929,25.17,0.7
578,2021-09-23,MOL,554,278,276,128,203,3,220,ITF,ITF2,14,Molise,Molise,305617,77483,25.35,0.18
579,2021-01-12,MOL,337,114,223,337,0,0,0,ITF,ITF2,14,Molise,Molise,305617,77820,25.46,0.11
580,2021-02-24,MOL,672,281,391,326,338,8,0,ITF,ITF2,14,Molise,Molise,305617,78492,25.68,0.22
581,2021-08-16,MOL,1786,926,860,829,941,16,0,ITF,ITF2,14,Molise,Molise,305617,80278,26.27,0.58
582,2021-03-15,MOL,855,350,505,577,245,33,0,ITF,ITF2,14,Molise,Molise,305617,81133,26.55,0.28
583,2021-07-04,MOL,2162,1091,1071,585,1554,23,0,ITF,ITF2,14,Molise,Molise,305617,83295,27.25,0.71
584,2021-01-17,MOL,78,38,40,48,30,0,0,ITF,ITF2,14,Molise,Molise,305617,83373,27.28,0.03
585,2021-04-10,MOL,2686,1279,1407,2467,154,65,0,ITF,ITF2,14,Molise,Molise,305617,86059,28.16,0.88
586,2021-02-05,MOL,599,271,328,56,543,0,0,ITF,ITF2,14,Molise,Molise,305617,86658,28.36,0.2
587,2021-01-19,MOL,174,63,111,163,11,0,0,ITF,ITF2,14,Molise,Molise,305617,86832,28.41,0.06
588,2021-05-20,MOL,2752,1418,1334,2424,190,138,0,ITF,ITF2,14,Molise,Molise,305617,89584,29.31,0.9
589,2021-03-31,MOL,2273,938,1335,1323,821,129,0,ITF,ITF2,14,Molise,Molise,305617,91857,30.06,0.74
590,2021-06-08,MOL,2908,1605,1303,2203,701,4,0,ITF,ITF2,14,Molise,Molise,305617,94765,31.01,0.95
591,2021-09-16,MOL,387,194,193,157,224,6,0,ITF,ITF2,14,Molise,Molise,305617,95152,31.13,0.13
592,2021-09-01,MOL,1849,977,872,395,1434,20,0,ITF,ITF2,14,Molise,Molise,305617,97001,31.74,0.61
593,2021-08-21,MOL,2171,1221,950,1102,1017,52,0,ITF,ITF2,14,Molise,Molise,305617,99172,32.45,0.71
594,2021-08-04,MOL,2529,1311,1218,967,1543,19,0,ITF,ITF2,14,Molise,Molise,305617,101701,33.28,0.83
595,2021-04-28,MOL,1725,945,780,492,1221,12,0,ITF,ITF2,14,Molise,Molise,305617,103426,33.84,0.56
596,2021-08-06,MOL,2348,1240,1108,1097,1208,43,0,ITF,ITF2,14,Molise,Molise,305617,105774,34.61,0.77
597,2021-03-19,MOL,1210,489,721,748,430,32,0,ITF,ITF2,14,Molise,Molise,305617,106984,35.01,0.4
598,2021-01-21,MOL,6,2,4,6,0,0,0,ITF,ITF2,14,Molise,Molise,305617,106990,35.01,0.0
599,2021-08-30,MOL,1701,915,786,230,1452,19,0,ITF,ITF2,14,Molise,Molise,305617,108691,35.56,0.56
600,2021-06-24,MOL,3365,1566,1799,445,2882,38,0,ITF,ITF2,14,Molise,Molise,305617,112056,36.67,1.1
601,2021-03-02,MOL,675,388,287,508,159,8,0,ITF,ITF2,14,Molise,Molise,305617,112731,36.89,0.22
602,2021-06-10,MOL,2642,1215,1427,1290,1301,51,0,ITF,ITF2,14,Molise,Molise,305617,115373,37.75,0.86
603,2021-04-29,MOL,2271,1166,1105,888,1356,27,0,ITF,ITF2,14,Molise,Molise,305617,117644,38.49,0.74
604,2021-04-12,MOL,1311,563,748,1041,252,18,0,ITF,ITF2,14,Molise,Molise,305617,118955,38.92,0.43
605,2021-07-21,MOL,4261,2144,2117,1621,2543,97,0,ITF,ITF2,14,Molise,Molise,305617,123216,40.32,1.39
606,2021-09-20,MOL,654,403,251,323,321,10,0,ITF,ITF2,14,Molise,Molise,305617,123870,40.53,0.21
607,2021-02-23,MOL,586,223,363,362,221,3,0,ITF,ITF2,14,Molise,Molise,305617,124456,40.72,0.19
608,2021-06-03,MOL,3348,1597,1751,2729,568,51,0,ITF,ITF2,14,Molise,Molise,305617,127804,41.82,1.1
609,2021-04-07,MOL,1740,882,858,1376,276,88,0,ITF,ITF2,14,Molise,Molise,305617,129544,42.39,0.57
610,2021-01-09,MOL,457,154,303,457,0,0,0,ITF,ITF2,14,Molise,Molise,305617,130001,42.54,0.15
611,2021-04-19,MOL,1902,865,1037,992,786,124,0,ITF,ITF2,14,Molise,Molise,305617,131903,43.16,0.62
612,2021-07-13,MOL,2832,1437,1395,323,2491,18,0,ITF,ITF2,14,Molise,Molise,305617,134735,44.09,0.93
613,2021-02-21,MOL,577,228,349,575,2,0,0,ITF,ITF2,14,Molise,Molise,305617,135312,44.28,0.19
614,2021-02-04,MOL,763,296,467,78,685,0,0,ITF,ITF2,14,Molise,Molise,305617,136075,44.52,0.25
615,2021-05-15,MOL,3044,1429,1615,2565,390,89,0,ITF,ITF2,14,Molise,Molise,305617,139119,45.52,1.0
616,2021-04-02,MOL,1487,727,760,669,784,34,0,ITF,ITF2,14,Molise,Molise,305617,140606,46.01,0.49
617,2021-07-11,MOL,2466,1200,1266,181,2281,4,0,ITF,ITF2,14,Molise,Molise,305617,143072,46.81,0.81
618,2021-08-13,MOL,1539,802,737,1122,385,32,0,ITF,ITF2,14,Molise,Molise,305617,144611,47.32,0.5
619,2021-05-08,MOL,3044,1480,1564,1720,1261,63,0,ITF,ITF2,14,Molise,Molise,305617,147655,48.31,1.0
620,2021-04-21,MOL,1896,801,1095,974,910,12,0,ITF,ITF2,14,Molise,Molise,305617,149551,48.93,0.62
621,2021-07-30,MOL,2700,1399,1301,1443,1196,61,0,ITF,ITF2,14,Molise,Molise,305617,152251,49.82,0.88
622,2021-03-03,MOL,678,320,358,589,83,6,0,ITF,ITF2,14,Molise,Molise,305617,152929,50.04,0.22
623,2021-01-05,MOL,451,180,271,451,0,0,0,ITF,ITF2,14,Molise,Molise,305617,153380,50.19,0.15
624,2021-08-20,MOL,2463,1296,1167,507,1936,20,0,ITF,ITF2,14,Molise,Molise,305617,155843,50.99,0.81
625,2021-01-28,MOL,617,218,399,19,598,0,0,ITF,ITF2,14,Molise,Molise,305617,156460,51.19,0.2
626,2021-03-12,MOL,1474,642,832,1410,36,28,0,ITF,ITF2,14,Molise,Molise,305617,157934,51.68,0.48
627,2021-01-14,MOL,653,240,413,653,0,0,0,ITF,ITF2,14,Molise,Molise,305617,158587,51.89,0.21
628,2021-03-07,MOL,1134,502,632,1128,2,4,0,ITF,ITF2,14,Molise,Molise,305617,159721,52.26,0.37
629,2021-06-15,MOL,2257,1063,1194,780,1459,18,0,ITF,ITF2,14,Molise,Molise,305617,161978,53.0,0.74
630,2021-06-17,MOL,2328,1027,1301,924,1373,31,0,ITF,ITF2,14,Molise,Molise,305617,164306,53.76,0.76
631,2021-09-08,MOL,976,517,459,252,720,4,0,ITF,ITF2,14,Molise,Molise,305617,165282,54.08,0.32
632,2021-02-28,MOL,841,338,503,795,43,3,0,ITF,ITF2,14,Molise,Molise,305617,166123,54.36,0.28
633,2021-02-27,MOL,1375,572,803,1349,20,6,0,ITF,ITF2,14,Molise,Molise,305617,167498,54.81,0.45
634,2021-06-07,MOL,1995,878,1117,1143,825,27,0,ITF,ITF2,14,Molise,Molise,305617,169493,55.46,0.65
635,2021-09-15,MOL,387,199,188,158,220,9,0,ITF,ITF2,14,Molise,Molise,305617,169880,55.59,0.13
636,2021-02-13,MOL,132,80,52,132,0,0,0,ITF,ITF2,14,Molise,Molise,305617,170012,55.63,0.04
637,2021-08-29,MOL,1432,781,651,111,1312,9,0,ITF,ITF2,14,Molise,Molise,305617,171444,56.1,0.47
638,2021-06-05,MOL,3047,1540,1507,2828,177,42,0,ITF,ITF2,14,Molise,Molise,305617,174491,57.09,1.0
639,2021-09-13,MOL,409,229,180,123,280,6,0,ITF,ITF2,14,Molise,Molise,305617,174900,57.23,0.13
640,2021-07-18,MOL,1947,975,972,142,1794,11,0,ITF,ITF2,14,Molise,Molise,305617,176847,57.87,0.64
641,2021-02-02,MOL,540,176,364,216,323,1,0,ITF,ITF2,14,Molise,Molise,305617,177387,58.04,0.18
642,2021-01-16,MOL,427,169,258,427,0,0,0,ITF,ITF2,14,Molise,Molise,305617,177814,58.18,0.14
643,2021-04-26,MOL,1179,529,650,822,332,25,0,ITF,ITF2,14,Molise,Molise,305617,178993,58.57,0.39
644,2021-04-09,MOL,2369,1272,1097,2118,192,59,0,ITF,ITF2,14,Molise,Molise,305617,181362,59.34,0.78
645,2021-01-18,MOL,117,48,69,117,0,0,0,ITF,ITF2,14,Molise,Molise,305617,181479,59.38,0.04
646,2021-04-11,MOL,1222,603,619,1179,14,29,0,ITF,ITF2,14,Molise,Molise,305617,182701,59.78,0.4
647,2021-07-20,MOL,2200,1111,1089,1030,1120,50,0,ITF,ITF2,14,Molise,Molise,305617,184901,60.5,0.72
648,2021-07-06,MOL,3073,1433,1640,38,3030,5,0,ITF,ITF2,14,Molise,Molise,305617,187974,61.51,1.01
649,2021-05-10,MOL,2964,1309,1655,2518,377,69,0,ITF,ITF2,14,Molise,Molise,305617,190938,62.48,0.97
650,2021-06-29,MOL,2513,1168,1345,386,2096,31,0,ITF,ITF2,14,Molise,Molise,305617,193451,63.3,0.82
651,2021-05-03,MOL,2562,1217,1345,2326,166,70,0,ITF,ITF2,14,Molise,Molise,305617,196013,64.14,0.84
652,2021-02-11,MOL,297,133,164,260,37,0,0,ITF,ITF2,14,Molise,Molise,305617,196310,64.23,0.1
653,2021-05-22,MOL,4411,2275,2136,4192,180,39,0,ITF,ITF2,14,Molise,Molise,305617,200721,65.68,1.44
654,2021-05-24,MOL,1993,866,1127,1283,677,33,0,ITF,ITF2,14,Molise,Molise,305617,202714,66.33,0.65
655,2021-05-07,MOL,2701,1258,1443,2034,602,65,0,ITF,ITF2,14,Molise,Molise,305617,205415,67.21,0.88
656,2021-04-18,MOL,1093,486,607,144,939,10,0,ITF,ITF2,14,Molise,Molise,305617,206508,67.57,0.36
657,2021-07-27,MOL,1968,1088,880,1341,555,72,0,ITF,ITF2,14,Molise,Molise,305617,208476,68.21,0.64
658,2021-03-04,MOL,860,423,437,517,325,18,0,ITF,ITF2,14,Molise,Molise,305617,209336,68.5,0.28
659,2021-06-12,MOL,5968,3067,2901,5669,204,95,0,ITF,ITF2,14,Molise,Molise,305617,215304,70.45,1.95
660,2021-08-17,MOL,1669,879,790,342,1310,17,0,ITF,ITF2,14,Molise,Molise,305617,216973,71.0,0.55
661,2021-06-14,MOL,1657,824,833,549,1091,17,0,ITF,ITF2,14,Molise,Molise,305617,218630,71.54,0.54
662,2021-07-03,MOL,2769,1393,1376,582,2165,22,0,ITF,ITF2,14,Molise,Molise,305617,221399,72.44,0.91
663,2021-09-24,MOL,344,184,160,113,190,10,31,ITF,ITF2,14,Molise,Molise,305617,221743,72.56,0.11
664,2021-08-08,MOL,893,467,426,648,229,16,0,ITF,ITF2,14,Molise,Molise,305617,222636,72.85,0.29
665,2021-07-22,MOL,2287,1137,1150,850,1375,62,0,ITF,ITF2,14,Molise,Molise,305617,224923,73.6,0.75
666,2021-03-26,MOL,2641,1064,1577,1908,648,85,0,ITF,ITF2,14,Molise,Molise,305617,227564,74.46,0.86
667,2021-05-17,MOL,2266,1108,1158,1718,498,50,0,ITF,ITF2,14,Molise,Molise,305617,229830,75.2,0.74
668,2021-03-21,MOL,1254,546,708,481,770,3,0,ITF,ITF2,14,Molise,Molise,305617,231084,75.61,0.41
669,2021-08-25,MOL,1506,810,696,344,1152,10,0,ITF,ITF2,14,Molise,Molise,305617,232590,76.11,0.49
670,2021-03-14,MOL,601,242,359,18,583,0,0,ITF,ITF2,14,Molise,Molise,305617,233191,76.3,0.2
671,2021-08-18,MOL,1347,706,641,344,981,22,0,ITF,ITF2,14,Molise,Molise,305617,234538,76.74,0.44
672,2021-06-22,MOL,2985,1378,1607,676,2289,20,0,ITF,ITF2,14,Molise,Molise,305617,237523,77.72,0.98
673,2021-07-10,MOL,3745,1790,1955,326,3405,14,0,ITF,ITF2,14,Molise,Molise,305617,241268,78.94,1.23
674,2021-04-04,MOL,258,142,116,231,15,12,0,ITF,ITF2,14,Molise,Molise,305617,241526,79.03,0.08
675,2021-03-18,MOL,1220,495,725,637,465,118,0,ITF,ITF2,14,Molise,Molise,305617,242746,79.43,0.4
676,2021-06-26,MOL,3144,1546,1598,531,2598,15,0,ITF,ITF2,14,Molise,Molise,305617,245890,80.46,1.03
677,2021-09-22,MOL,562,262,300,161,218,11,172,ITF,ITF2,14,Molise,Molise,305617,246452,80.64,0.18
678,2021-01-20,MOL,18,8,10,18,0,0,0,ITF,ITF2,14,Molise,Molise,305617,246470,80.65,0.01
679,2021-04-30,MOL,2980,1577,1403,829,2122,29,0,ITF,ITF2,14,Molise,Molise,305617,249450,81.62,0.98
680,2021-02-25,MOL,544,239,305,471,69,4,0,ITF,ITF2,14,Molise,Molise,305617,249994,81.8,0.18
681,2021-08-10,MOL,1928,1047,881,689,1207,32,0,ITF,ITF2,14,Molise,Molise,305617,251922,82.43,0.63
682,2021-05-26,MOL,1652,755,897,834,771,47,0,ITF,ITF2,14,Molise,Molise,305617,253574,82.97,0.54
683,2021-03-30,MOL,2037,874,1163,1487,514,36,0,ITF,ITF2,14,Molise,Molise,305617,255611,83.64,0.67
684,2021-09-03,MOL,1692,880,812,358,1311,23,0,ITF,ITF2,14,Molise,Molise,305617,257303,84.19,0.55
685,2021-02-01,MOL,563,201,362,14,549,0,0,ITF,ITF2,14,Molise,Molise,305617,257866,84.38,0.18
686,2021-07-08,MOL,3449,1661,1788,109,3317,23,0,ITF,ITF2,14,Molise,Molise,305617,261315,85.5,1.13
687,2021-05-12,MOL,2931,1330,1601,2718,102,111,0,ITF,ITF2,14,Molise,Molise,305617,264246,86.46,0.96
688,2021-09-17,MOL,744,392,352,262,469,13,0,ITF,ITF2,14,Molise,Molise,305617,264990,86.71,0.24
689,2021-03-16,MOL,618,230,388,266,348,4,0,ITF,ITF2,14,Molise,Molise,305617,265608,86.91,0.2
690,2021-02-18,MOL,325,74,251,308,13,4,0,ITF,ITF2,14,Molise,Molise,305617,265933,87.02,0.11
691,2021-03-09,MOL,1343,585,758,1156,154,33,0,ITF,ITF2,14,Molise,Molise,305617,267276,87.45,0.44
692,2021-02-20,MOL,1022,444,578,1002,20,0,0,ITF,ITF2,14,Molise,Molise,305617,268298,87.79,0.33
693,2021-05-31,MOL,2394,1167,1227,1918,428,48,0,ITF,ITF2,14,Molise,Molise,305617,270692,88.57,0.78
694,2021-03-28,MOL,1640,757,883,523,1103,14,0,ITF,ITF2,14,Molise,Molise,305617,272332,89.11,0.54
695,2021-01-30,MOL,465,161,304,12,453,0,0,ITF,ITF2,14,Molise,Molise,305617,272797,89.26,0.15
696,2021-09-05,MOL,7,6,1,7,0,0,0,ITF,ITF2,14,Molise,Molise,305617,272804,89.26,0.0
697,2021-02-06,MOL,432,179,253,30,402,0,0,ITF,ITF2,14,Molise,Molise,305617,273236,89.4,0.14
698,2021-02-10,MOL,152,80,72,132,20,0,0,ITF,ITF2,14,Molise,Molise,305617,273388,89.45,0.05
699,2021-05-21,MOL,2492,1263,1229,1970,367,155,0,ITF,ITF2,14,Molise,Molise,305617,275880,90.27,0.82
700,2021-01-27,MOL,676,251,425,8,668,0,0,ITF,ITF2,14,Molise,Molise,305617,276556,90.49,0.22
701,2021-08-14,MOL,1622,875,747,705,896,21,0,ITF,ITF2,14,Molise,Molise,305617,278178,91.02,0.53
702,2021-04-06,MOL,1530,715,815,1144,346,40,0,ITF,ITF2,14,Molise,Molise,305617,279708,91.52,0.5
703,2021-02-08,MOL,338,142,196,218,120,0,0,ITF,ITF2,14,Molise,Molise,305617,280046,91.63,0.11
704,2021-07-15,MOL,3231,1625,1606,215,3001,15,0,ITF,ITF2,14,Molise,Molise,305617,283277,92.69,1.06
705,2021-05-19,MOL,2411,1231,1180,1909,433,69,0,ITF,ITF2,14,Molise,Molise,305617,285688,93.48,0.79
706,2021-03-23,MOL,1686,711,975,1428,211,47,0,ITF,ITF2,14,Molise,Molise,305617,287374,94.03,0.55
707,2021-08-27,MOL,2121,1091,1030,417,1682,22,0,ITF,ITF2,14,Molise,Molise,305617,289495,94.72,0.69
708,2021-07-01,MOL,2687,1306,1381,277,2391,19,0,ITF,ITF2,14,Molise,Molise,305617,292182,95.6,0.88
709,2021-01-11,MOL,562,194,368,562,0,0,0,ITF,ITF2,14,Molise,Molise,305617,292744,95.79,0.18
710,2021-07-29,MOL,2477,1272,1205,1602,823,52,0,ITF,ITF2,14,Molise,Molise,305617,295221,96.6,0.81
711,2021-03-25,MOL,1839,742,1097,1291,499,49,0,ITF,ITF2,14,Molise,Molise,305617,297060,97.2,0.6
712,2021-03-08,MOL,1403,530,873,1216,140,47,0,ITF,ITF2,14,Molise,Molise,305617,298463,97.66,0.46
713,2021-06-16,MOL,2150,1063,1087,1171,959,20,0,ITF,ITF2,14,Molise,Molise,305617,300613,98.36,0.7
714,2021-04-13,MOL,1646,722,924,1043,589,14,0,ITF,ITF2,14,Molise,Molise,305617,302259,98.9,0.54
715,2021-03-27,MOL,2767,1284,1483,1304,1434,29,0,ITF,ITF2,14,Molise,Molise,305617,305026,99.81,0.91
716,2021-07-05,MOL,2749,1289,1460,43,2704,2,0,ITF,ITF2,14,Molise,Molise,305617,307775,100.71,0.9
717,2021-05-14,MOL,2692,1242,1450,1902,724,66,0,ITF,ITF2,14,Molise,Molise,305617,310467,101.59,0.88
718,2021-08-22,MOL,389,202,187,3,386,0,0,ITF,ITF2,14,Molise,Molise,305617,310856,101.71,0.13
719,2021-06-02,MOL,2866,1377,1489,2731,100,35,0,ITF,ITF2,14,Molise,Molise,305617,313722,102.65,0.94
720,2021-09-10,MOL,1006,528,478,384,608,14,0,ITF,ITF2,14,Molise,Molise,305617,314728,102.98,0.33
721,2021-08-12,MOL,1465,761,704,1024,400,41,0,ITF,ITF2,14,Molise,Molise,305617,316193,103.46,0.48
722,2021-01-29,MOL,425,137,288,6,419,0,0,ITF,ITF2,14,Molise,Molise,305617,316618,103.6,0.14
723,2021-05-09,MOL,2086,953,1133,1940,98,48,0,ITF,ITF2,14,Molise,Molise,305617,318704,104.28,0.68
724,2021-01-08,MOL,433,142,291,433,0,0,0,ITF,ITF2,14,Molise,Molise,305617,319137,104.42,0.14
725,2021-09-02,MOL,1532,794,738,306,1200,26,0,ITF,ITF2,14,Molise,Molise,305617,320669,104.93,0.5
726,2021-04-01,MOL,1500,677,823,742,730,28,0,ITF,ITF2,14,Molise,Molise,305617,322169,105.42,0.49
727,2021-09-21,MOL,577,300,277,136,292,4,145,ITF,ITF2,14,Molise,Molise,305617,322746,105.6,0.19
728,2021-07-26,MOL,2461,1268,1193,1267,1125,69,0,ITF,ITF2,14,Molise,Molise,305617,325207,106.41,0.81
729,2021-02-15,MOL,145,70,75,142,3,0,0,ITF,ITF2,14,Molise,Molise,305617,325352,106.46,0.05
730,2021-07-19,MOL,2900,1423,1477,528,2339,33,0,ITF,ITF2,14,Molise,Molise,305617,328252,107.41,0.95
731,2021-06-18,MOL,2795,1264,1531,1304,1462,29,0,ITF,ITF2,14,Molise,Molise,305617,331047,108.32,0.91
732,2021-05-30,MOL,1893,949,944,1569,288,36,0,ITF,ITF2,14,Molise,Molise,305617,332940,108.94,0.62
733,2021-01-25,MOL,319,130,189,3,316,0,0,ITF,ITF2,14,Molise,Molise,305617,333259,109.04,0.1
734,2021-05-05,MOL,2507,1074,1433,2315,145,47,0,ITF,ITF2,14,Molise,Molise,305617,335766,109.86,0.82
735,2021-05-04,MOL,2755,1200,1555,2562,133,60,0,ITF,ITF2,14,Molise,Molise,305617,338521,110.77,0.9
736,2021-01-10,MOL,270,72,198,270,0,0,0,ITF,ITF2,14,Molise,Molise,305617,338791,110.85,0.09
737,2021-04-20,MOL,2343,1038,1305,1215,1113,15,0,ITF,ITF2,14,Molise,Molise,305617,341134,111.62,0.77
738,2021-06-09,MOL,1844,928,916,876,936,32,0,ITF,ITF2,14,Molise,Molise,305617,342978,112.22,0.6
739,2021-05-23,MOL,1799,905,894,1753,10,36,0,ITF,ITF2,14,Molise,Molise,305617,344777,112.81,0.59
740,2021-06-04,MOL,3131,1540,1591,2625,463,43,0,ITF,ITF2,14,Molise,Molise,305617,347908,113.84,1.02
741,2021-04-08,MOL,1808,929,879,1556,203,49,0,ITF,ITF2,14,Molise,Molise,305617,349716,114.43,0.59
742,2021-09-12,MOL,390,212,178,343,34,13,0,ITF,ITF2,14,Molise,Molise,305617,350106,114.56,0.13
743,2021-07-17,MOL,2884,1538,1346,306,2555,23,0,ITF,ITF2,14,Molise,Molise,305617,352990,115.5,0.94
744,2021-07-07,MOL,2971,1375,1596,58,2909,4,0,ITF,ITF2,14,Molise,Molise,305617,355961,116.47,0.97
745,2021-05-11,MOL,3280,1448,1832,2928,254,98,0,ITF,ITF2,14,Molise,Molise,305617,359241,117.55,1.07
746,2021-08-19,MOL,2284,1147,1137,609,1648,27,0,ITF,ITF2,14,Molise,Molise,305617,361525,118.29,0.75
747,2021-02-03,MOL,749,255,494,347,402,0,0,ITF,ITF2,14,Molise,Molise,305617,362274,118.54,0.25
748,2021-04-27,MOL,1630,783,847,447,1140,43,0,ITF,ITF2,14,Molise,Molise,305617,363904,119.07,0.53
749,2021-08-05,MOL,2300,1161,1139,1620,627,53,0,ITF,ITF2,14,Molise,Molise,305617,366204,119.82,0.75
750,2021-05-16,MOL,1286,585,701,1066,185,35,0,ITF,ITF2,14,Molise,Molise,305617,367490,120.25,0.42
751,2021-09-07,MOL,921,498,423,346,563,12,0,ITF,ITF2,14,Molise,Molise,305617,368411,120.55,0.3
752,2021-09-14,MOL,548,297,251,172,370,6,0,ITF,ITF2,14,Molise,Molise,305617,368959,120.73,0.18
753,2021-02-22,MOL,267,129,138,250,15,2,0,ITF,ITF2,14,Molise,Molise,305617,369226,120.81,0.09
754,2020-12-27,MOL,50,20,30,50,0,0,0,ITF,ITF2,14,Molise,Molise,305617,369276,120.83,0.02
755,2021-08-31,MOL,1747,955,792,313,1424,10,0,ITF,ITF2,14,Molise,Molise,305617,371023,121.4,0.57
756,2021-03-01,MOL,670,276,394,433,217,20,0,ITF,ITF2,14,Molise,Molise,305617,371693,121.62,0.22
757,2021-04-03,MOL,1807,867,940,1731,37,39,0,ITF,ITF2,14,Molise,Molise,305617,373500,122.21,0.59
758,2021-04-22,MOL,1865,873,992,1066,781,18,0,ITF,ITF2,14,Molise,Molise,305617,375365,122.82,0.61
759,2021-07-31,MOL,2013,1123,890,765,1202,46,0,ITF,ITF2,14,Molise,Molise,305617,377378,123.48,0.66
760,2021-02-17,MOL,73,33,40,50,15,8,0,ITF,ITF2,14,Molise,Molise,305617,377451,123.5,0.02
761,2021-07-24,MOL,3161,1699,1462,740,2391,30,0,ITF,ITF2,14,Molise,Molise,305617,380612,124.54,1.03
762,2021-05-28,MOL,2686,1377,1309,2062,549,75,0,ITF,ITF2,14,Molise,Molise,305617,383298,125.42,0.88
763,2021-01-22,MOL,128,36,92,128,0,0,0,ITF,ITF2,14,Molise,Molise,305617,383426,125.46,0.04
764,2021-05-02,MOL,1922,950,972,584,1318,20,0,ITF,ITF2,14,Molise,Molise,305617,385348,126.09,0.63
765,2021-03-06,MOL,1735,810,925,1560,160,15,0,ITF,ITF2,14,Molise,Molise,305617,387083,126.66,0.57
766,2021-07-12,MOL,2702,1336,1366,365,2315,22,0,ITF,ITF2,14,Molise,Molise,305617,389785,127.54,0.88
767,2021-08-24,MOL,1717,928,789,264,1428,25,0,ITF,ITF2,14,Molise,Molise,305617,391502,128.1,0.56
768,2021-08-07,MOL,1940,1073,867,1060,852,28,0,ITF,ITF2,14,Molise,Molise,305617,393442,128.74,0.63
769,2021-06-11,MOL,3498,1681,1817,2005,1440,53,0,ITF,ITF2,14,Molise,Molise,305617,396940,129.88,1.14
770,2021-04-15,MOL,1961,808,1153,1101,851,9,0,ITF,ITF2,14,Molise,Molise,305617,398901,130.52,0.64
771,2021-09-19,MOL,14,12,2,13,1,0,0,ITF,ITF2,14,Molise,Molise,305617,398915,130.53,0.0
772,2021-05-25,MOL,1988,895,1093,1311,636,41,0,ITF,ITF2,14,Molise,Molise,305617,400903,131.18,0.65
773,2021-01-04,MOL,315,132,183,315,0,0,0,ITF,ITF2,14,Molise,Molise,305617,401218,131.28,0.1
774,2021-04-14,MOL,1827,775,1052,1139,669,19,0,ITF,ITF2,14,Molise,Molise,305617,403045,131.88,0.6
775,2021-02-16,MOL,159,73,86,152,6,1,0,ITF,ITF2,14,Molise,Molise,305617,403204,131.93,0.05
776,2021-05-27,MOL,2870,1367,1503,1984,844,42,0,ITF,ITF2,14,Molise,Molise,305617,406074,132.87,0.94
777,2021-07-25,MOL,2025,1068,957,357,1652,16,0,ITF,ITF2,14,Molise,Molise,305617,408099,133.53,0.66
778,2021-05-29,MOL,2389,1244,1145,1949,395,45,0,ITF,ITF2,14,Molise,Molise,305617,410488,134.31,0.78
779,2021-09-06,MOL,1197,633,564,357,834,6,0,ITF,ITF2,14,Molise,Molise,305617,411685,134.71,0.39
780,2021-02-09,MOL,361,171,190,198,163,0,0,ITF,ITF2,14,Molise,Molise,305617,412046,134.82,0.12
781,2021-08-01,MOL,967,530,437,760,175,32,0,ITF,ITF2,14,Molise,Molise,305617,413013,135.14,0.32
782,2021-08-03,MOL,2219,1155,1064,1227,956,36,0,ITF,ITF2,14,Molise,Molise,305617,415232,135.87,0.73
783,2021-03-11,MOL,1481,644,837,1455,6,20,0,ITF,ITF2,14,Molise,Molise,305617,416713,136.35,0.48
784,2021-01-06,MOL,695,263,432,695,0,0,0,ITF,ITF2,14,Molise,Molise,305617,417408,136.58,0.23
785,2021-04-16,MOL,2467,1050,1417,1191,1238,38,0,ITF,ITF2,14,Molise,Molise,305617,419875,137.39,0.81
786,2021-06-21,MOL,2943,1368,1575,1656,1239,48,0,ITF,ITF2,14,Molise,Molise,305617,422818,138.35,0.96
787,2021-04-25,MOL,800,401,399,559,233,8,0,ITF,ITF2,14,Molise,Molise,305617,423618,138.61,0.26
788,2021-01-13,MOL,482,163,319,482,0,0,0,ITF,ITF2,14,Molise,Molise,305617,424100,138.77,0.16
789,2021-06-19,MOL,2381,1182,1199,1308,1026,47,0,ITF,ITF2,14,Molise,Molise,305617,426481,139.55,0.78
790,2021-04-23,MOL,2085,903,1182,1382,672,31,0,ITF,ITF2,14,Molise,Molise,305617,428566,140.23,0.68
791,2021-08-26,MOL,1727,936,791,309,1411,7,0,ITF,ITF2,14,Molise,Molise,305617,430293,140.79,0.57
792,2021-06-30,MOL,3029,1435,1594,883,2060,86,0,ITF,ITF2,14,Molise,Molise,305617,433322,141.79,0.99
793,2021-03-13,MOL,1196,600,596,184,991,21,0,ITF,ITF2,14,Molise,Molise,305617,434518,142.18,0.39
794,2021-01-15,MOL,548,245,303,548,0,0,0,ITF,ITF2,14,Molise,Molise,305617,435066,142.36,0.18
795,2021-06-23,MOL,2820,1299,1521,223,2587,10,0,ITF,ITF2,14,Molise,Molise,305617,437886,143.28,0.92
796,2021-03-20,MOL,2355,988,1367,1012,1325,18,0,ITF,ITF2,14,Molise,Molise,305617,440241,144.05,0.77
797,2021-06-28,MOL,2939,1370,1569,1019,1896,24,0,ITF,ITF2,14,Molise,Molise,305617,443180,145.01,0.96
798,2021-09-15,CAM,15303,7569,7734,6102,8539,662,0,ITF,ITF3,15,Campania,Campania,5801692,15303,0.26,0.26
799,2021-06-07,CAM,57607,27732,29875,52485,4056,1066,0,ITF,ITF3,15,Campania,Campania,5801692,72910,1.26,0.99
800,2021-02-25,CAM,12444,4487,7957,10938,1208,298,0,ITF,ITF3,15,Campania,Campania,5801692,85354,1.47,0.21
801,2021-03-02,CAM,12762,4560,8202,8178,4345,239,0,ITF,ITF3,15,Campania,Campania,5801692,98116,1.69,0.22
802,2021-04-11,CAM,17529,8610,8919,15020,2089,420,0,ITF,ITF3,15,Campania,Campania,5801692,115645,1.99,0.3
803,2021-04-28,CAM,36427,17632,18795,25816,9764,847,0,ITF,ITF3,15,Campania,Campania,5801692,152072,2.62,0.63
804,2021-01-18,CAM,959,399,560,683,244,32,0,ITF,ITF3,15,Campania,Campania,5801692,153031,2.64,0.02
805,2021-07-20,CAM,40105,19783,20322,6091,33335,679,0,ITF,ITF3,15,Campania,Campania,5801692,193136,3.33,0.69
806,2021-01-30,CAM,10733,5083,5650,43,10688,2,0,ITF,ITF3,15,Campania,Campania,5801692,203869,3.51,0.18
807,2021-07-03,CAM,67284,32500,34784,8106,58722,456,0,ITF,ITF3,15,Campania,Campania,5801692,271153,4.67,1.16
808,2021-08-29,CAM,10263,5576,4687,3710,6278,275,0,ITF,ITF3,15,Campania,Campania,5801692,281416,4.85,0.18
809,2021-01-16,CAM,3372,1677,1695,3261,0,111,0,ITF,ITF3,15,Campania,Campania,5801692,284788,4.91,0.06
810,2021-06-24,CAM,66130,31870,34260,13268,52319,543,0,ITF,ITF3,15,Campania,Campania,5801692,350918,6.05,1.14
811,2021-03-16,CAM,8090,3519,4571,3695,4317,78,0,ITF,ITF3,15,Campania,Campania,5801692,359008,6.19,0.14
812,2021-08-20,CAM,17414,9327,8087,7425,9424,565,0,ITF,ITF3,15,Campania,Campania,5801692,376422,6.49,0.3
813,2021-01-25,CAM,5760,2929,2831,174,5586,0,0,ITF,ITF3,15,Campania,Campania,5801692,382182,6.59,0.1
814,2021-07-01,CAM,61548,29873,31675,19679,41035,834,0,ITF,ITF3,15,Campania,Campania,5801692,443730,7.65,1.06
815,2021-08-03,CAM,31999,16223,15776,14438,16658,903,0,ITF,ITF3,15,Campania,Campania,5801692,475729,8.2,0.55
816,2021-02-11,CAM,6292,2715,3577,5908,77,307,0,ITF,ITF3,15,Campania,Campania,5801692,482021,8.31,0.11
817,2021-05-24,CAM,31363,15157,16206,15851,15159,353,0,ITF,ITF3,15,Campania,Campania,5801692,513384,8.85,0.54
818,2021-02-13,CAM,5508,2549,2959,5102,217,189,0,ITF,ITF3,15,Campania,Campania,5801692,518892,8.94,0.09
819,2021-08-01,CAM,16085,8414,7671,6817,8834,434,0,ITF,ITF3,15,Campania,Campania,5801692,534977,9.22,0.28
820,2021-04-23,CAM,32361,15538,16823,22409,9161,791,0,ITF,ITF3,15,Campania,Campania,5801692,567338,9.78,0.56
821,2021-03-28,CAM,15565,7510,8055,13556,1625,384,0,ITF,ITF3,15,Campania,Campania,5801692,582903,10.05,0.27
822,2021-01-04,CAM,5828,2962,2866,5727,0,101,0,ITF,ITF3,15,Campania,Campania,5801692,588731,10.15,0.1
823,2021-09-10,CAM,18474,9434,9040,8306,9269,899,0,ITF,ITF3,15,Campania,Campania,5801692,607205,10.47,0.32
824,2021-06-19,CAM,62408,29712,32696,24050,37771,587,0,ITF,ITF3,15,Campania,Campania,5801692,669613,11.54,1.08
825,2021-04-09,CAM,29950,14084,15866,23143,6139,668,0,ITF,ITF3,15,Campania,Campania,5801692,699563,12.06,0.52
826,2021-06-05,CAM,77652,37596,40056,70529,6039,1084,0,ITF,ITF3,15,Campania,Campania,5801692,777215,13.4,1.34
827,2021-09-22,CAM,17067,8765,8302,7025,9179,638,225,ITF,ITF3,15,Campania,Campania,5801692,794282,13.69,0.29
828,2021-06-14,CAM,37136,17921,19215,18686,18024,426,0,ITF,ITF3,15,Campania,Campania,5801692,831418,14.33,0.64
829,2021-08-10,CAM,21641,11192,10449,13569,6951,1121,0,ITF,ITF3,15,Campania,Campania,5801692,853059,14.7,0.37
830,2021-07-15,CAM,66739,32057,34682,8668,57089,982,0,ITF,ITF3,15,Campania,Campania,5801692,919798,15.85,1.15
831,2021-01-11,CAM,4082,1879,2203,3967,0,115,0,ITF,ITF3,15,Campania,Campania,5801692,923880,15.92,0.07
832,2021-09-17,CAM,15139,7779,7360,7053,7375,711,0,ITF,ITF3,15,Campania,Campania,5801692,939019,16.19,0.26
833,2021-05-17,CAM,49511,21756,27755,23600,25400,511,0,ITF,ITF3,15,Campania,Campania,5801692,988530,17.04,0.85
834,2021-02-06,CAM,5343,2666,2677,2002,3241,100,0,ITF,ITF3,15,Campania,Campania,5801692,993873,17.13,0.09
835,2021-07-22,CAM,61859,30555,31304,6459,54800,600,0,ITF,ITF3,15,Campania,Campania,5801692,1055732,18.2,1.07
836,2021-08-22,CAM,6812,3877,2935,2535,4129,148,0,ITF,ITF3,15,Campania,Campania,5801692,1062544,18.31,0.12
837,2021-01-23,CAM,3843,2032,1811,267,3570,6,0,ITF,ITF3,15,Campania,Campania,5801692,1066387,18.38,0.07
838,2021-03-21,CAM,10079,4680,5399,7480,2391,208,0,ITF,ITF3,15,Campania,Campania,5801692,1076466,18.55,0.17
839,2021-03-23,CAM,15751,7451,8300,12843,2516,392,0,ITF,ITF3,15,Campania,Campania,5801692,1092217,18.83,0.27
840,2021-08-27,CAM,24407,13016,11391,7823,15887,697,0,ITF,ITF3,15,Campania,Campania,5801692,1116624,19.25,0.42
841,2021-05-19,CAM,51310,22660,28650,33755,16759,796,0,ITF,ITF3,15,Campania,Campania,5801692,1167934,20.13,0.88
842,2021-05-05,CAM,51187,24866,26321,43133,6398,1656,0,ITF,ITF3,15,Campania,Campania,5801692,1219121,21.01,0.88
843,2021-08-15,CAM,1122,639,483,215,899,8,0,ITF,ITF3,15,Campania,Campania,5801692,1220243,21.03,0.02
844,2021-06-26,CAM,62953,30696,32257,14494,47864,595,0,ITF,ITF3,15,Campania,Campania,5801692,1283196,22.12,1.09
845,2021-07-13,CAM,53700,25798,27902,4660,48507,533,0,ITF,ITF3,15,Campania,Campania,5801692,1336896,23.04,0.93
846,2021-04-04,CAM,7965,4016,3949,6669,1046,250,0,ITF,ITF3,15,Campania,Campania,5801692,1344861,23.18,0.14
847,2021-03-09,CAM,14145,6878,7267,9892,3799,454,0,ITF,ITF3,15,Campania,Campania,5801692,1359006,23.42,0.24
848,2021-05-31,CAM,40827,20716,20111,29839,10402,586,0,ITF,ITF3,15,Campania,Campania,5801692,1399833,24.13,0.7
849,2021-07-27,CAM,49168,24450,24718,12577,35733,858,0,ITF,ITF3,15,Campania,Campania,5801692,1449001,24.98,0.85
850,2021-09-08,CAM,19133,9653,9480,8687,9622,824,0,ITF,ITF3,15,Campania,Campania,5801692,1468134,25.31,0.33
851,2021-04-16,CAM,34455,16639,17816,23039,10670,746,0,ITF,ITF3,15,Campania,Campania,5801692,1502589,25.9,0.59
852,2021-01-06,CAM,7652,3751,3901,7507,0,145,0,ITF,ITF3,15,Campania,Campania,5801692,1510241,26.03,0.13
853,2021-02-27,CAM,13957,4471,9486,11960,1653,344,0,ITF,ITF3,15,Campania,Campania,5801692,1524198,26.27,0.24
854,2021-06-16,CAM,31653,15011,16642,20345,10777,531,0,ITF,ITF3,15,Campania,Campania,5801692,1555851,26.82,0.55
855,2021-08-12,CAM,18928,9999,8929,12393,5718,817,0,ITF,ITF3,15,Campania,Campania,5801692,1574779,27.14,0.33
856,2021-09-03,CAM,26493,13636,12857,10794,14774,925,0,ITF,ITF3,15,Campania,Campania,5801692,1601272,27.6,0.46
857,2021-05-26,CAM,52749,25882,26867,21110,31162,477,0,ITF,ITF3,15,Campania,Campania,5801692,1654021,28.51,0.91
858,2021-04-06,CAM,24534,11572,12962,19447,4527,560,0,ITF,ITF3,15,Campania,Campania,5801692,1678555,28.93,0.42
859,2021-07-12,CAM,56705,27377,29328,3683,52607,415,0,ITF,ITF3,15,Campania,Campania,5801692,1735260,29.91,0.98
860,2021-08-08,CAM,7575,4042,3533,4646,2667,262,0,ITF,ITF3,15,Campania,Campania,5801692,1742835,30.04,0.13
861,2021-04-30,CAM,42335,20200,22135,24931,16511,893,0,ITF,ITF3,15,Campania,Campania,5801692,1785170,30.77,0.73
862,2021-02-04,CAM,7946,3430,4516,1249,6638,59,0,ITF,ITF3,15,Campania,Campania,5801692,1793116,30.91,0.14
863,2021-01-01,CAM,919,506,413,899,0,20,0,ITF,ITF3,15,Campania,Campania,5801692,1794035,30.92,0.02
864,2021-03-25,CAM,20331,9659,10672,16318,3507,506,0,ITF,ITF3,15,Campania,Campania,5801692,1814366,31.27,0.35
865,2021-02-10,CAM,6939,3439,3500,6483,206,250,0,ITF,ITF3,15,Campania,Campania,5801692,1821305,31.39,0.12
866,2021-07-17,CAM,55272,27562,27710,3341,51549,382,0,ITF,ITF3,15,Campania,Campania,5801692,1876577,32.35,0.95
867,2021-04-08,CAM,28524,13840,14684,22026,5848,650,0,ITF,ITF3,15,Campania,Campania,5801692,1905101,32.84,0.49
868,2021-06-04,CAM,74589,35845,38744,64390,9137,1062,0,ITF,ITF3,15,Campania,Campania,5801692,1979690,34.12,1.29
869,2021-05-21,CAM,63878,29655,34223,42140,20708,1030,0,ITF,ITF3,15,Campania,Campania,5801692,2043568,35.22,1.1
870,2021-06-12,CAM,64002,31546,32456,55571,7216,1215,0,ITF,ITF3,15,Campania,Campania,5801692,2107570,36.33,1.1
871,2021-03-04,CAM,14709,5395,9314,8521,5897,291,0,ITF,ITF3,15,Campania,Campania,5801692,2122279,36.58,0.25
872,2021-07-31,CAM,30731,16216,14515,10432,19601,698,0,ITF,ITF3,15,Campania,Campania,5801692,2153010,37.11,0.53
873,2021-05-07,CAM,59795,29216,30579,42254,15971,1570,0,ITF,ITF3,15,Campania,Campania,5801692,2212805,38.14,1.03
874,2021-01-27,CAM,7755,3824,3931,168,7582,5,0,ITF,ITF3,15,Campania,Campania,5801692,2220560,38.27,0.13
875,2021-08-26,CAM,24538,12759,11779,8162,15531,845,0,ITF,ITF3,15,Campania,Campania,5801692,2245098,38.7,0.42
876,2021-09-12,CAM,7821,4064,3757,4681,2678,462,0,ITF,ITF3,15,Campania,Campania,5801692,2252919,38.83,0.13
877,2021-09-24,CAM,7934,4102,3832,2933,4555,281,165,ITF,ITF3,15,Campania,Campania,5801692,2260853,38.97,0.14
878,2021-05-02,CAM,43495,21552,21943,31166,11377,952,0,ITF,ITF3,15,Campania,Campania,5801692,2304348,39.72,0.75
879,2021-01-22,CAM,1534,783,751,666,854,14,0,ITF,ITF3,15,Campania,Campania,5801692,2305882,39.74,0.03
880,2021-03-06,CAM,16376,6818,9558,10362,5672,342,0,ITF,ITF3,15,Campania,Campania,5801692,2322258,40.03,0.28
881,2020-12-27,CAM,721,423,298,717,0,4,0,ITF,ITF3,15,Campania,Campania,5801692,2322979,40.04,0.01
882,2021-07-29,CAM,48505,24347,24158,13399,34142,964,0,ITF,ITF3,15,Campania,Campania,5801692,2371484,40.88,0.84
883,2021-04-20,CAM,32186,15558,16628,20223,11340,623,0,ITF,ITF3,15,Campania,Campania,5801692,2403670,41.43,0.55
884,2021-06-28,CAM,46536,22742,23794,20363,25414,759,0,ITF,ITF3,15,Campania,Campania,5801692,2450206,42.23,0.8
885,2021-03-20,CAM,13990,6531,7459,9968,3739,283,0,ITF,ITF3,15,Campania,Campania,5801692,2464196,42.47,0.24
886,2021-07-24,CAM,47999,24873,23126,6603,40890,506,0,ITF,ITF3,15,Campania,Campania,5801692,2512195,43.3,0.83
887,2021-01-20,CAM,1264,654,610,1233,0,31,0,ITF,ITF3,15,Campania,Campania,5801692,2513459,43.32,0.02
888,2021-09-19,CAM,8625,4810,3815,4585,3611,426,3,ITF,ITF3,15,Campania,Campania,5801692,2522084,43.47,0.15
889,2021-03-18,CAM,12180,5382,6798,5755,6193,232,0,ITF,ITF3,15,Campania,Campania,5801692,2534264,43.68,0.21
890,2021-05-12,CAM,40937,19979,20958,30492,9172,1273,0,ITF,ITF3,15,Campania,Campania,5801692,2575201,44.39,0.71
891,2021-07-08,CAM,61134,29427,31707,5587,55163,384,0,ITF,ITF3,15,Campania,Campania,5801692,2636335,45.44,1.05
892,2021-04-01,CAM,24699,12027,12672,20024,4137,538,0,ITF,ITF3,15,Campania,Campania,5801692,2661034,45.87,0.43
893,2021-09-05,CAM,8208,4272,3936,5162,2583,463,0,ITF,ITF3,15,Campania,Campania,5801692,2669242,46.01,0.14
894,2021-05-28,CAM,73085,35335,37750,26265,46186,634,0,ITF,ITF3,15,Campania,Campania,5801692,2742327,47.27,1.26
895,2021-05-14,CAM,61049,27586,33463,34654,24742,1653,0,ITF,ITF3,15,Campania,Campania,5801692,2803376,48.32,1.05
896,2021-06-02,CAM,42949,20186,22763,37603,4735,611,0,ITF,ITF3,15,Campania,Campania,5801692,2846325,49.06,0.74
897,2021-02-22,CAM,10699,3298,7401,10150,279,270,0,ITF,ITF3,15,Campania,Campania,5801692,2857024,49.24,0.18
898,2021-03-11,CAM,18029,9078,8951,10270,7293,466,0,ITF,ITF3,15,Campania,Campania,5801692,2875053,49.56,0.31
899,2021-08-24,CAM,22610,11705,10905,8652,13188,770,0,ITF,ITF3,15,Campania,Campania,5801692,2897663,49.95,0.39
900,2021-05-16,CAM,51162,23230,27932,32759,17588,815,0,ITF,ITF3,15,Campania,Campania,5801692,2948825,50.83,0.88
901,2021-02-20,CAM,8573,3080,5493,8087,303,183,0,ITF,ITF3,15,Campania,Campania,5801692,2957398,50.97,0.15
902,2021-02-03,CAM,8910,4006,4904,843,8031,36,0,ITF,ITF3,15,Campania,Campania,5801692,2966308,51.13,0.15
903,2021-08-31,CAM,27779,13966,13813,10808,15976,995,0,ITF,ITF3,15,Campania,Campania,5801692,2994087,51.61,0.48
904,2021-02-15,CAM,5472,2516,2956,5148,175,149,0,ITF,ITF3,15,Campania,Campania,5801692,2999559,51.7,0.09
905,2021-06-09,CAM,53063,26052,27011,41396,10918,749,0,ITF,ITF3,15,Campania,Campania,5801692,3052622,52.62,0.91
906,2021-03-01,CAM,12134,4249,7885,7736,4113,285,0,ITF,ITF3,15,Campania,Campania,5801692,3064756,52.83,0.21
907,2021-08-17,CAM,22282,12045,10237,7290,14442,550,0,ITF,ITF3,15,Campania,Campania,5801692,3087038,53.21,0.38
908,2021-05-09,CAM,43216,20294,22922,30859,11108,1249,0,ITF,ITF3,15,Campania,Campania,5801692,3130254,53.95,0.74
909,2021-01-10,CAM,8165,3736,4429,7962,0,203,0,ITF,ITF3,15,Campania,Campania,5801692,3138419,54.09,0.14
910,2021-08-19,CAM,22020,11638,10382,9569,11774,677,0,ITF,ITF3,15,Campania,Campania,5801692,3160439,54.47,0.38
911,2021-04-13,CAM,26618,12690,13928,20522,5539,557,0,ITF,ITF3,15,Campania,Campania,5801692,3187057,54.93,0.46
912,2021-01-03,CAM,3836,2009,1827,3787,0,49,0,ITF,ITF3,15,Campania,Campania,5801692,3190893,55.0,0.07
913,2021-07-05,CAM,63326,30528,32798,12603,49902,821,0,ITF,ITF3,15,Campania,Campania,5801692,3254219,56.09,1.09
914,2021-09-09,CAM,18413,9420,8993,8216,9381,816,0,ITF,ITF3,15,Campania,Campania,5801692,3272632,56.41,0.32
915,2021-09-07,CAM,20543,10390,10153,9485,10187,871,0,ITF,ITF3,15,Campania,Campania,5801692,3293175,56.76,0.35
916,2021-02-08,CAM,5128,2459,2669,4162,815,151,0,ITF,ITF3,15,Campania,Campania,5801692,3298303,56.85,0.09
917,2021-07-14,CAM,51122,24587,26535,4240,46504,378,0,ITF,ITF3,15,Campania,Campania,5801692,3349425,57.73,0.88
918,2021-04-03,CAM,21120,10316,10804,18223,2383,514,0,ITF,ITF3,15,Campania,Campania,5801692,3370545,58.1,0.36
919,2021-08-16,CAM,12470,6697,5773,6207,5728,535,0,ITF,ITF3,15,Campania,Campania,5801692,3383015,58.31,0.21
920,2021-03-08,CAM,14696,6854,7842,9432,4781,483,0,ITF,ITF3,15,Campania,Campania,5801692,3397711,58.56,0.25
921,2021-05-04,CAM,48482,23344,25138,38197,8907,1378,0,ITF,ITF3,15,Campania,Campania,5801692,3446193,59.4,0.84
922,2021-01-24,CAM,4123,2120,2003,361,3745,17,0,ITF,ITF3,15,Campania,Campania,5801692,3450316,59.47,0.07
923,2021-08-21,CAM,9802,5396,4406,4078,5343,381,0,ITF,ITF3,15,Campania,Campania,5801692,3460118,59.64,0.17
924,2021-05-13,CAM,55454,24831,30623,37687,16025,1742,0,ITF,ITF3,15,Campania,Campania,5801692,3515572,60.6,0.96
925,2021-07-09,CAM,61511,29782,31729,4294,56846,371,0,ITF,ITF3,15,Campania,Campania,5801692,3577083,61.66,1.06
926,2021-01-31,CAM,8069,3712,4357,21,8047,1,0,ITF,ITF3,15,Campania,Campania,5801692,3585152,61.79,0.14
927,2021-07-10,CAM,66913,32668,34245,2694,63964,255,0,ITF,ITF3,15,Campania,Campania,5801692,3652065,62.95,1.15
928,2021-02-24,CAM,11810,4158,7652,10804,715,291,0,ITF,ITF3,15,Campania,Campania,5801692,3663875,63.15,0.2
929,2021-07-07,CAM,52317,24825,27492,7088,44646,583,0,ITF,ITF3,15,Campania,Campania,5801692,3716192,64.05,0.9
930,2021-03-29,CAM,19413,9581,9832,17405,1551,457,0,ITF,ITF3,15,Campania,Campania,5801692,3735605,64.39,0.33
931,2021-05-18,CAM,52280,23285,28995,31817,19732,731,0,ITF,ITF3,15,Campania,Campania,5801692,3787885,65.29,0.9
932,2021-09-14,CAM,15835,7794,8041,6763,8371,701,0,ITF,ITF3,15,Campania,Campania,5801692,3803720,65.56,0.27
933,2021-02-01,CAM,3988,1814,2174,104,3876,8,0,ITF,ITF3,15,Campania,Campania,5801692,3807708,65.63,0.07
934,2021-03-30,CAM,22062,10585,11477,18538,2959,565,0,ITF,ITF3,15,Campania,Campania,5801692,3829770,66.01,0.38
935,2021-05-23,CAM,58766,28649,30117,37205,20907,654,0,ITF,ITF3,15,Campania,Campania,5801692,3888536,67.02,1.01
936,2021-02-12,CAM,6565,2878,3687,6083,219,263,0,ITF,ITF3,15,Campania,Campania,5801692,3895101,67.14,0.11
937,2021-01-29,CAM,10086,4822,5264,67,10015,4,0,ITF,ITF3,15,Campania,Campania,5801692,3905187,67.31,0.17
938,2021-06-27,CAM,43561,21452,22109,13969,29073,519,0,ITF,ITF3,15,Campania,Campania,5801692,3948748,68.06,0.75
939,2021-05-11,CAM,39891,19253,20638,29507,9407,977,0,ITF,ITF3,15,Campania,Campania,5801692,3988639,68.75,0.69
940,2021-01-05,CAM,7237,3637,3600,7074,0,163,0,ITF,ITF3,15,Campania,Campania,5801692,3995876,68.87,0.12
941,2021-09-16,CAM,14452,7225,7227,6141,7677,634,0,ITF,ITF3,15,Campania,Campania,5801692,4010328,69.12,0.25
942,2021-02-17,CAM,7419,3229,4190,6210,1073,136,0,ITF,ITF3,15,Campania,Campania,5801692,4017747,69.25,0.13
943,2021-04-15,CAM,34355,16667,17688,23753,9908,694,0,ITF,ITF3,15,Campania,Campania,5801692,4052102,69.84,0.59
944,2021-06-20,CAM,47618,22751,24867,14186,33000,432,0,ITF,ITF3,15,Campania,Campania,5801692,4099720,70.66,0.82
945,2021-03-27,CAM,21521,10246,11275,17197,3869,455,0,ITF,ITF3,15,Campania,Campania,5801692,4121241,71.04,0.37
946,2021-06-01,CAM,42314,20992,21322,31428,10553,333,0,ITF,ITF3,15,Campania,Campania,5801692,4163555,71.76,0.73
947,2021-06-18,CAM,65900,31406,34494,34781,30314,805,0,ITF,ITF3,15,Campania,Campania,5801692,4229455,72.9,1.14
948,2021-03-10,CAM,15641,7741,7900,8419,6853,369,0,ITF,ITF3,15,Campania,Campania,5801692,4245096,73.17,0.27
949,2021-04-05,CAM,11641,5541,6100,8888,2424,329,0,ITF,ITF3,15,Campania,Campania,5801692,4256737,73.37,0.2
950,2021-03-17,CAM,11599,5103,6496,4845,6591,163,0,ITF,ITF3,15,Campania,Campania,5801692,4268336,73.57,0.2
951,2021-06-11,CAM,70849,34427,36422,63426,6058,1365,0,ITF,ITF3,15,Campania,Campania,5801692,4339185,74.79,1.22
952,2021-03-03,CAM,13925,5496,8429,7065,6632,228,0,ITF,ITF3,15,Campania,Campania,5801692,4353110,75.03,0.24
953,2021-08-09,CAM,25087,13084,12003,13666,10466,955,0,ITF,ITF3,15,Campania,Campania,5801692,4378197,75.46,0.43
954,2021-02-05,CAM,7268,3464,3804,2023,5130,115,0,ITF,ITF3,15,Campania,Campania,5801692,4385465,75.59,0.13
955,2021-08-07,CAM,17200,9180,8020,11199,5290,711,0,ITF,ITF3,15,Campania,Campania,5801692,4402665,75.89,0.3
956,2021-04-29,CAM,41557,20181,21376,23956,16750,851,0,ITF,ITF3,15,Campania,Campania,5801692,4444222,76.6,0.72
957,2021-01-19,CAM,1110,485,625,1055,5,50,0,ITF,ITF3,15,Campania,Campania,5801692,4445332,76.62,0.02
958,2021-07-21,CAM,50181,24429,25752,8334,40891,956,0,ITF,ITF3,15,Campania,Campania,5801692,4495513,77.49,0.86
959,2021-04-17,CAM,36203,17517,18686,23921,11518,764,0,ITF,ITF3,15,Campania,Campania,5801692,4531716,78.11,0.62
960,2021-09-21,CAM,19072,9804,9268,8975,8969,881,247,ITF,ITF3,15,Campania,Campania,5801692,4550788,78.44,0.33
961,2021-06-13,CAM,43428,21243,22185,37844,4731,853,0,ITF,ITF3,15,Campania,Campania,5801692,4594216,79.19,0.75
962,2021-05-30,CAM,52173,25454,26719,37947,13330,896,0,ITF,ITF3,15,Campania,Campania,5801692,4646389,80.09,0.9
963,2021-02-19,CAM,9588,3569,6019,8681,662,245,0,ITF,ITF3,15,Campania,Campania,5801692,4655977,80.25,0.17
964,2021-07-26,CAM,48869,24321,24548,10198,37946,725,0,ITF,ITF3,15,Campania,Campania,5801692,4704846,81.09,0.84
965,2020-12-31,CAM,1490,811,679,1470,0,20,0,ITF,ITF3,15,Campania,Campania,5801692,4706336,81.12,0.03
966,2021-06-06,CAM,63235,31451,31784,61528,651,1056,0,ITF,ITF3,15,Campania,Campania,5801692,4769571,82.21,1.09
967,2021-02-26,CAM,13366,4236,9130,11682,1368,316,0,ITF,ITF3,15,Campania,Campania,5801692,4782937,82.44,0.23
968,2021-08-02,CAM,41768,21213,20555,12995,28014,759,0,ITF,ITF3,15,Campania,Campania,5801692,4824705,83.16,0.72
969,2021-04-24,CAM,36388,17540,18848,24298,11250,840,0,ITF,ITF3,15,Campania,Campania,5801692,4861093,83.79,0.63
970,2021-03-19,CAM,11153,4979,6174,7069,3877,207,0,ITF,ITF3,15,Campania,Campania,5801692,4872246,83.98,0.19
971,2021-09-18,CAM,13887,7783,6104,7203,5952,731,1,ITF,ITF3,15,Campania,Campania,5801692,4886133,84.22,0.24
972,2021-06-10,CAM,76019,36714,39305,67568,7110,1341,0,ITF,ITF3,15,Campania,Campania,5801692,4962152,85.53,1.31
973,2021-07-28,CAM,49459,24549,24910,13716,34781,962,0,ITF,ITF3,15,Campania,Campania,5801692,5011611,86.38,0.85
974,2021-09-23,CAM,16972,8917,8055,6973,9080,662,257,ITF,ITF3,15,Campania,Campania,5801692,5028583,86.67,0.29
975,2021-06-25,CAM,65518,31804,33714,13588,51347,583,0,ITF,ITF3,15,Campania,Campania,5801692,5094101,87.8,1.13
976,2021-09-02,CAM,25523,13190,12333,10136,14456,931,0,ITF,ITF3,15,Campania,Campania,5801692,5119624,88.24,0.44
977,2021-05-25,CAM,46578,22433,24145,22549,23460,569,0,ITF,ITF3,15,Campania,Campania,5801692,5166202,89.05,0.8
978,2021-04-22,CAM,34122,16637,17485,20868,12547,707,0,ITF,ITF3,15,Campania,Campania,5801692,5200324,89.63,0.59
979,2021-08-06,CAM,31229,16259,14970,17515,12646,1068,0,ITF,ITF3,15,Campania,Campania,5801692,5231553,90.17,0.54
980,2021-08-23,CAM,23725,12363,11362,9501,13352,872,0,ITF,ITF3,15,Campania,Campania,5801692,5255278,90.58,0.41
981,2021-05-15,CAM,62828,29089,33739,41934,18879,2015,0,ITF,ITF3,15,Campania,Campania,5801692,5318106,91.66,1.08
982,2021-01-21,CAM,2106,1125,981,678,1421,7,0,ITF,ITF3,15,Campania,Campania,5801692,5320212,91.7,0.04
983,2021-07-11,CAM,40870,19671,21199,1000,39776,94,0,ITF,ITF3,15,Campania,Campania,5801692,5361082,92.41,0.7
984,2021-02-02,CAM,5751,2821,2930,432,5288,31,0,ITF,ITF3,15,Campania,Campania,5801692,5366833,92.5,0.1
985,2021-03-31,CAM,23210,11385,11825,19301,3444,465,0,ITF,ITF3,15,Campania,Campania,5801692,5390043,92.9,0.4
986,2021-05-08,CAM,56455,27150,29305,38983,15851,1621,0,ITF,ITF3,15,Campania,Campania,5801692,5446498,93.88,0.97
987,2021-01-28,CAM,8851,4130,4721,140,8703,8,0,ITF,ITF3,15,Campania,Campania,5801692,5455349,94.03,0.15
988,2021-07-30,CAM,44830,22824,22006,14302,29504,1024,0,ITF,ITF3,15,Campania,Campania,5801692,5500179,94.8,0.77
989,2021-04-21,CAM,30355,14773,15582,17538,12232,585,0,ITF,ITF3,15,Campania,Campania,5801692,5530534,95.33,0.52
990,2021-06-22,CAM,52455,25016,27439,13058,39005,392,0,ITF,ITF3,15,Campania,Campania,5801692,5582989,96.23,0.9
991,2021-03-14,CAM,8620,3829,4791,4356,4142,122,0,ITF,ITF3,15,Campania,Campania,5801692,5591609,96.38,0.15
992,2021-05-10,CAM,35484,16397,19087,24791,9934,759,0,ITF,ITF3,15,Campania,Campania,5801692,5627093,96.99,0.61
993,2021-07-23,CAM,61841,30811,31030,8323,52874,644,0,ITF,ITF3,15,Campania,Campania,5801692,5688934,98.06,1.07
994,2021-04-14,CAM,27668,13339,14329,18610,8592,466,0,ITF,ITF3,15,Campania,Campania,5801692,5716602,98.53,0.48
995,2021-05-01,CAM,46356,22668,23688,29227,16117,1012,0,ITF,ITF3,15,Campania,Campania,5801692,5762958,99.33,0.8
996,2021-07-06,CAM,56708,27080,29628,15773,40115,820,0,ITF,ITF3,15,Campania,Campania,5801692,5819666,100.31,0.98
997,2021-04-12,CAM,23312,10922,12390,19726,3038,548,0,ITF,ITF3,15,Campania,Campania,5801692,5842978,100.71,0.4
998,2021-01-02,CAM,3672,1963,1709,3614,0,58,0,ITF,ITF3,15,Campania,Campania,5801692,5846650,100.77,0.06
999,2021-03-12,CAM,14585,7416,7169,8131,6089,365,0,ITF,ITF3,15,Campania,Campania,5801692,5861235,101.03,0.25
1000,2021-09-11,CAM,11884,6428,5456,6210,4954,720,0,ITF,ITF3,15,Campania,Campania,5801692,5873119,101.23,0.2
1001,2021-06-03,CAM,72656,35242,37414,60802,10683,1171,0,ITF,ITF3,15,Campania,Campania,5801692,5945775,102.48,1.25
1002,2021-02-23,CAM,11020,3399,7621,10150,544,326,0,ITF,ITF3,15,Campania,Campania,5801692,5956795,102.67,0.19
1003,2021-01-12,CAM,5221,2569,2652,5082,0,139,0,ITF,ITF3,15,Campania,Campania,5801692,5962016,102.76,0.09
1004,2021-08-14,CAM,4919,2804,2115,2051,2706,162,0,ITF,ITF3,15,Campania,Campania,5801692,5966935,102.85,0.08
1005,2021-05-06,CAM,57626,28141,29485,41135,14779,1712,0,ITF,ITF3,15,Campania,Campania,5801692,6024561,103.84,0.99
1006,2021-09-01,CAM,27216,13716,13500,10221,16119,876,0,ITF,ITF3,15,Campania,Campania,5801692,6051777,104.31,0.47
1007,2021-07-19,CAM,44001,21547,22454,5135,38378,488,0,ITF,ITF3,15,Campania,Campania,5801692,6095778,105.07,0.76
1008,2021-04-10,CAM,28368,13502,14866,22755,4917,696,0,ITF,ITF3,15,Campania,Campania,5801692,6124146,105.56,0.49
1009,2021-01-07,CAM,8909,4167,4742,8734,0,175,0,ITF,ITF3,15,Campania,Campania,5801692,6133055,105.71,0.15
1010,2021-03-05,CAM,16823,6668,10155,9821,6672,330,0,ITF,ITF3,15,Campania,Campania,5801692,6149878,106.0,0.29
1011,2021-07-18,CAM,31388,15808,15580,3762,27169,457,0,ITF,ITF3,15,Campania,Campania,5801692,6181266,106.54,0.54
1012,2021-09-13,CAM,18285,9031,9254,8252,9248,785,0,ITF,ITF3,15,Campania,Campania,5801692,6199551,106.86,0.32
1013,2021-04-07,CAM,24979,11992,12987,19635,4726,618,0,ITF,ITF3,15,Campania,Campania,5801692,6224530,107.29,0.43
1014,2021-06-17,CAM,60218,28867,31351,32666,26801,751,0,ITF,ITF3,15,Campania,Campania,5801692,6284748,108.33,1.04
1015,2021-07-04,CAM,48825,23767,25058,6152,42322,351,0,ITF,ITF3,15,Campania,Campania,5801692,6333573,109.17,0.84
1016,2021-03-26,CAM,19873,9328,10545,15588,3819,466,0,ITF,ITF3,15,Campania,Campania,5801692,6353446,109.51,0.34
1017,2021-08-25,CAM,22837,12020,10817,8686,13422,729,0,ITF,ITF3,15,Campania,Campania,5801692,6376283,109.9,0.39
1018,2021-02-21,CAM,5841,2242,3599,5487,228,126,0,ITF,ITF3,15,Campania,Campania,5801692,6382124,110.0,0.1
1019,2021-06-08,CAM,53116,25878,27238,45212,7081,823,0,ITF,ITF3,15,Campania,Campania,5801692,6435240,110.92,0.92
1020,2021-08-04,CAM,29839,15309,14530,15745,13101,993,0,ITF,ITF3,15,Campania,Campania,5801692,6465079,111.43,0.51
1021,2021-04-26,CAM,34059,16653,17406,27507,5630,922,0,ITF,ITF3,15,Campania,Campania,5801692,6499138,112.02,0.59
1022,2021-03-07,CAM,11975,5407,6568,7761,3844,370,0,ITF,ITF3,15,Campania,Campania,5801692,6511113,112.23,0.21
1023,2021-08-11,CAM,21054,11097,9957,12033,8144,877,0,ITF,ITF3,15,Campania,Campania,5801692,6532167,112.59,0.36
1024,2021-05-03,CAM,40765,19896,20869,27824,11874,1067,0,ITF,ITF3,15,Campania,Campania,5801692,6572932,113.29,0.7
1025,2021-06-29,CAM,49362,24017,25345,19650,29151,561,0,ITF,ITF3,15,Campania,Campania,5801692,6622294,114.14,0.85
1026,2021-06-15,CAM,18690,9096,9594,10974,7425,291,0,ITF,ITF3,15,Campania,Campania,5801692,6640984,114.47,0.32
1027,2021-08-18,CAM,19593,10346,9247,7725,11293,575,0,ITF,ITF3,15,Campania,Campania,5801692,6660577,114.8,0.34
1028,2021-02-28,CAM,10412,3208,7204,8273,1901,238,0,ITF,ITF3,15,Campania,Campania,5801692,6670989,114.98,0.18
1029,2021-02-14,CAM,3928,1922,2006,3841,34,53,0,ITF,ITF3,15,Campania,Campania,5801692,6674917,115.05,0.07
1030,2021-01-26,CAM,7350,3733,3617,335,6994,21,0,ITF,ITF3,15,Campania,Campania,5801692,6682267,115.18,0.13
1031,2021-08-13,CAM,16870,9153,7717,9711,6606,553,0,ITF,ITF3,15,Campania,Campania,5801692,6699137,115.47,0.29
1032,2021-01-14,CAM,7082,2983,4099,6815,0,267,0,ITF,ITF3,15,Campania,Campania,5801692,6706219,115.59,0.12
1033,2021-07-16,CAM,61067,29875,31192,6502,53921,644,0,ITF,ITF3,15,Campania,Campania,5801692,6767286,116.64,1.05
1034,2021-04-02,CAM,21871,10528,11343,19034,2324,513,0,ITF,ITF3,15,Campania,Campania,5801692,6789157,117.02,0.38
1035,2021-04-19,CAM,30787,14835,15952,18635,11592,560,0,ITF,ITF3,15,Campania,Campania,5801692,6819944,117.55,0.53
1036,2021-01-09,CAM,10563,5022,5541,10300,0,263,0,ITF,ITF3,15,Campania,Campania,5801692,6830507,117.73,0.18
1037,2021-09-20,CAM,17962,9448,8514,7358,9478,719,407,ITF,ITF3,15,Campania,Campania,5801692,6848469,118.04,0.31
1038,2021-02-18,CAM,9110,3833,5277,8146,727,237,0,ITF,ITF3,15,Campania,Campania,5801692,6857579,118.2,0.16
1039,2021-04-25,CAM,30744,15178,15566,24513,5408,823,0,ITF,ITF3,15,Campania,Campania,5801692,6888323,118.73,0.53
1040,2021-01-13,CAM,8031,3676,4355,7785,0,246,0,ITF,ITF3,15,Campania,Campania,5801692,6896354,118.87,0.14
1041,2021-04-18,CAM,27223,13287,13936,17760,8904,559,0,ITF,ITF3,15,Campania,Campania,5801692,6923577,119.34,0.47
1042,2021-01-08,CAM,10459,4970,5489,10192,0,267,0,ITF,ITF3,15,Campania,Campania,5801692,6934036,119.52,0.18
1043,2021-04-27,CAM,32171,15634,16537,23407,7930,834,0,ITF,ITF3,15,Campania,Campania,5801692,6966207,120.07,0.55
1044,2021-06-23,CAM,46779,22097,24682,10570,35806,403,0,ITF,ITF3,15,Campania,Campania,5801692,7012986,120.88,0.81
1045,2021-08-05,CAM,35177,18033,17144,17272,16834,1071,0,ITF,ITF3,15,Campania,Campania,5801692,7048163,121.48,0.61
1046,2021-01-15,CAM,5000,2394,2606,4839,0,161,0,ITF,ITF3,15,Campania,Campania,5801692,7053163,121.57,0.09
1047,2021-06-21,CAM,46924,22687,24237,11188,35296,440,0,ITF,ITF3,15,Campania,Campania,5801692,7100087,122.38,0.81
1048,2021-03-13,CAM,14526,7044,7482,8943,5283,300,0,ITF,ITF3,15,Campania,Campania,5801692,7114613,122.63,0.25
1049,2021-03-22,CAM,13190,6354,6836,10807,2046,337,0,ITF,ITF3,15,Campania,Campania,5801692,7127803,122.86,0.23
1050,2021-02-07,CAM,2929,1382,1547,2066,771,92,0,ITF,ITF3,15,Campania,Campania,5801692,7130732,122.91,0.05
1051,2021-06-30,CAM,47676,22778,24898,18186,28661,829,0,ITF,ITF3,15,Campania,Campania,5801692,7178408,123.73,0.82
1052,2021-09-04,CAM,18064,9829,8235,8628,8444,992,0,ITF,ITF3,15,Campania,Campania,5801692,7196472,124.04,0.31
1053,2021-01-17,CAM,1154,551,603,681,453,20,0,ITF,ITF3,15,Campania,Campania,5801692,7197626,124.06,0.02
1054,2021-03-15,CAM,13357,6501,6856,8303,4749,305,0,ITF,ITF3,15,Campania,Campania,5801692,7210983,124.29,0.23
1055,2021-07-02,CAM,55895,27013,28882,14322,40965,608,0,ITF,ITF3,15,Campania,Campania,5801692,7266878,125.25,0.96
1056,2021-08-28,CAM,17709,9615,8094,5359,11842,508,0,ITF,ITF3,15,Campania,Campania,5801692,7284587,125.56,0.31
1057,2021-05-27,CAM,73053,35403,37650,25809,46663,581,0,ITF,ITF3,15,Campania,Campania,5801692,7357640,126.82,1.26
1058,2021-02-16,CAM,5471,2431,3040,4498,787,186,0,ITF,ITF3,15,Campania,Campania,5801692,7363111,126.91,0.09
1059,2021-05-22,CAM,68135,32558,35577,45597,21662,876,0,ITF,ITF3,15,Campania,Campania,5801692,7431246,128.09,1.17
1060,2021-08-30,CAM,29112,15016,14096,9721,18550,841,0,ITF,ITF3,15,Campania,Campania,5801692,7460358,128.59,0.5
1061,2021-03-24,CAM,17924,8371,9553,14566,2959,399,0,ITF,ITF3,15,Campania,Campania,5801692,7478282,128.9,0.31
1062,2021-05-20,CAM,61063,28279,32784,42249,17823,991,0,ITF,ITF3,15,Campania,Campania,5801692,7539345,129.95,1.05
1063,2021-02-09,CAM,4655,2209,2446,4228,264,163,0,ITF,ITF3,15,Campania,Campania,5801692,7544000,130.03,0.08
1064,2021-09-06,CAM,22769,11628,11141,10651,11057,1061,0,ITF,ITF3,15,Campania,Campania,5801692,7566769,130.42,0.39
1065,2021-05-29,CAM,67885,32284,35601,43048,23969,868,0,ITF,ITF3,15,Campania,Campania,5801692,7634654,131.59,1.17
1066,2021-07-25,CAM,23227,11805,11422,4212,18740,275,0,ITF,ITF3,15,Campania,Campania,5801692,7657881,131.99,0.4
1067,2021-04-19,PUG,27773,12904,14869,24379,3053,341,0,ITF,ITF4,16,Puglia,Puglia,4029053,27773,0.69,0.69
1068,2021-07-28,PUG,45425,22976,22449,14705,29829,891,0,ITF,ITF4,16,Puglia,Puglia,4029053,73198,1.82,1.13
1069,2021-04-24,PUG,29477,13428,16049,25178,3959,340,0,ITF,ITF4,16,Puglia,Puglia,4029053,102675,2.55,0.73
1070,2021-01-12,PUG,4227,1777,2450,4226,0,1,0,ITF,ITF4,16,Puglia,Puglia,4029053,106902,2.65,0.1
1071,2021-04-07,PUG,15757,7155,8602,8842,6716,199,0,ITF,ITF4,16,Puglia,Puglia,4029053,122659,3.04,0.39
1072,2021-07-16,PUG,46652,22643,24009,12935,32900,817,0,ITF,ITF4,16,Puglia,Puglia,4029053,169311,4.2,1.16
1073,2021-02-21,PUG,2178,475,1703,2064,63,51,0,ITF,ITF4,16,Puglia,Puglia,4029053,171489,4.26,0.05
1074,2021-06-01,PUG,35076,17567,17509,21658,13020,398,0,ITF,ITF4,16,Puglia,Puglia,4029053,206565,5.13,0.87
1075,2021-05-15,PUG,43746,19051,24695,22843,20188,715,0,ITF,ITF4,16,Puglia,Puglia,4029053,250311,6.21,1.09
1076,2021-06-03,PUG,50751,24616,26135,30569,19454,728,0,ITF,ITF4,16,Puglia,Puglia,4029053,301062,7.47,1.26
1077,2021-09-11,PUG,4601,2509,2092,1157,3246,198,0,ITF,ITF4,16,Puglia,Puglia,4029053,305663,7.59,0.11
1078,2021-09-06,PUG,21731,11400,10331,7190,13616,925,0,ITF,ITF4,16,Puglia,Puglia,4029053,327394,8.13,0.54
1079,2021-07-11,PUG,12202,5768,6434,2573,9530,99,0,ITF,ITF4,16,Puglia,Puglia,4029053,339596,8.43,0.3
1080,2021-08-23,PUG,30476,15807,14669,10771,18827,878,0,ITF,ITF4,16,Puglia,Puglia,4029053,370072,9.19,0.76
1081,2021-02-09,PUG,3857,1577,2280,2160,1677,20,0,ITF,ITF4,16,Puglia,Puglia,4029053,373929,9.28,0.1
1082,2021-05-20,PUG,33753,15316,18437,20767,12472,514,0,ITF,ITF4,16,Puglia,Puglia,4029053,407682,10.12,0.84
1083,2021-03-24,PUG,13634,6543,7091,6048,7465,121,0,ITF,ITF4,16,Puglia,Puglia,4029053,421316,10.46,0.34
1084,2021-08-28,PUG,5733,3138,2595,2015,3530,188,0,ITF,ITF4,16,Puglia,Puglia,4029053,427049,10.6,0.14
1085,2021-09-23,PUG,17686,9457,8229,5053,11185,733,715,ITF,ITF4,16,Puglia,Puglia,4029053,444735,11.04,0.44
1086,2021-03-05,PUG,17751,7201,10550,15204,2319,228,0,ITF,ITF4,16,Puglia,Puglia,4029053,462486,11.48,0.44
1087,2021-02-26,PUG,13812,5072,8740,12527,1082,203,0,ITF,ITF4,16,Puglia,Puglia,4029053,476298,11.82,0.34
1088,2020-12-31,PUG,1638,785,853,1638,0,0,0,ITF,ITF4,16,Puglia,Puglia,4029053,477936,11.86,0.04
1089,2021-04-05,PUG,12791,6214,6577,12112,536,143,0,ITF,ITF4,16,Puglia,Puglia,4029053,490727,12.18,0.32
1090,2021-03-19,PUG,8000,3672,4328,3368,4596,36,0,ITF,ITF4,16,Puglia,Puglia,4029053,498727,12.38,0.2
1091,2021-06-27,PUG,18584,9231,9353,9951,8367,266,0,ITF,ITF4,16,Puglia,Puglia,4029053,517311,12.84,0.46
1092,2021-02-07,PUG,1586,669,917,253,1333,0,0,ITF,ITF4,16,Puglia,Puglia,4029053,518897,12.88,0.04
1093,2021-01-21,PUG,2133,905,1228,1268,863,2,0,ITF,ITF4,16,Puglia,Puglia,4029053,521030,12.93,0.05
1094,2021-05-01,PUG,27741,12703,15038,16738,10723,280,0,ITF,ITF4,16,Puglia,Puglia,4029053,548771,13.62,0.69
1095,2021-08-09,PUG,28063,14473,13590,11344,15854,865,0,ITF,ITF4,16,Puglia,Puglia,4029053,576834,14.32,0.7
1096,2021-01-14,PUG,4088,1598,2490,4087,0,1,0,ITF,ITF4,16,Puglia,Puglia,4029053,580922,14.42,0.1
1097,2021-01-07,PUG,5738,2470,3268,5738,0,0,0,ITF,ITF4,16,Puglia,Puglia,4029053,586660,14.56,0.14
1098,2021-04-17,PUG,40114,19010,21104,36090,3593,431,0,ITF,ITF4,16,Puglia,Puglia,4029053,626774,15.56,1.0
1099,2021-02-19,PUG,4762,2030,2732,4314,393,55,0,ITF,ITF4,16,Puglia,Puglia,4029053,631536,15.67,0.12
1100,2021-07-30,PUG,36503,18753,17750,13169,22453,881,0,ITF,ITF4,16,Puglia,Puglia,4029053,668039,16.58,0.91
1101,2021-09-18,PUG,3198,1732,1466,916,2172,109,1,ITF,ITF4,16,Puglia,Puglia,4029053,671237,16.66,0.08
1102,2021-05-27,PUG,41053,19406,21647,22899,17478,676,0,ITF,ITF4,16,Puglia,Puglia,4029053,712290,17.68,1.02
1103,2021-09-04,PUG,5537,2997,2540,1648,3709,180,0,ITF,ITF4,16,Puglia,Puglia,4029053,717827,17.82,0.14
1104,2021-03-10,PUG,14876,6653,8223,11566,3142,168,0,ITF,ITF4,16,Puglia,Puglia,4029053,732703,18.19,0.37
1105,2021-03-29,PUG,13592,6634,6958,6618,6772,202,0,ITF,ITF4,16,Puglia,Puglia,4029053,746295,18.52,0.34
1106,2021-03-12,PUG,14333,6466,7867,10237,3950,146,0,ITF,ITF4,16,Puglia,Puglia,4029053,760628,18.88,0.36
1107,2021-06-20,PUG,21643,10874,10769,14067,7250,326,0,ITF,ITF4,16,Puglia,Puglia,4029053,782271,19.42,0.54
1108,2021-08-30,PUG,28598,14894,13704,11587,15985,1026,0,ITF,ITF4,16,Puglia,Puglia,4029053,810869,20.13,0.71
1109,2021-01-31,PUG,1828,835,993,73,1755,0,0,ITF,ITF4,16,Puglia,Puglia,4029053,812697,20.17,0.05
1110,2021-01-26,PUG,5383,2410,2973,563,4819,1,0,ITF,ITF4,16,Puglia,Puglia,4029053,818080,20.3,0.13
1111,2021-07-02,PUG,47524,22589,24935,17378,29216,930,0,ITF,ITF4,16,Puglia,Puglia,4029053,865604,21.48,1.18
1112,2021-05-06,PUG,39805,17413,22392,19298,19942,565,0,ITF,ITF4,16,Puglia,Puglia,4029053,905409,22.47,0.99
1113,2021-02-14,PUG,790,348,442,658,127,5,0,ITF,ITF4,16,Puglia,Puglia,4029053,906199,22.49,0.02
1114,2021-05-25,PUG,34877,16284,18593,20582,13708,587,0,ITF,ITF4,16,Puglia,Puglia,4029053,941076,23.36,0.87
1115,2021-05-08,PUG,54508,23073,31435,23930,29966,612,0,ITF,ITF4,16,Puglia,Puglia,4029053,995584,24.71,1.35
1116,2021-08-16,PUG,12095,6419,5676,7085,4377,633,0,ITF,ITF4,16,Puglia,Puglia,4029053,1007679,25.01,0.3
1117,2021-01-02,PUG,2958,1306,1652,2958,0,0,0,ITF,ITF4,16,Puglia,Puglia,4029053,1010637,25.08,0.07
1118,2021-04-12,PUG,29512,13880,15632,26166,3029,317,0,ITF,ITF4,16,Puglia,Puglia,4029053,1040149,25.82,0.73
1119,2021-07-21,PUG,45112,22238,22874,11848,32415,849,0,ITF,ITF4,16,Puglia,Puglia,4029053,1085261,26.94,1.12
1120,2021-07-04,PUG,19968,9713,10255,7936,11747,285,0,ITF,ITF4,16,Puglia,Puglia,4029053,1105229,27.43,0.5
1121,2021-07-23,PUG,43432,21976,21456,13650,28805,977,0,ITF,ITF4,16,Puglia,Puglia,4029053,1148661,28.51,1.08
1122,2021-08-11,PUG,24045,12383,11662,12197,10833,1015,0,ITF,ITF4,16,Puglia,Puglia,4029053,1172706,29.11,0.6
1123,2021-06-15,PUG,42779,20909,21870,22396,19789,594,0,ITF,ITF4,16,Puglia,Puglia,4029053,1215485,30.17,1.06
1124,2021-06-08,PUG,39427,19197,20230,20959,17903,565,0,ITF,ITF4,16,Puglia,Puglia,4029053,1254912,31.15,0.98
1125,2021-06-13,PUG,21904,10970,10934,16389,5229,286,0,ITF,ITF4,16,Puglia,Puglia,4029053,1276816,31.69,0.54
1126,2021-06-22,PUG,42606,20670,21936,19065,22968,573,0,ITF,ITF4,16,Puglia,Puglia,4029053,1319422,32.75,1.06
1127,2021-04-26,PUG,26377,12087,14290,22737,3246,394,0,ITF,ITF4,16,Puglia,Puglia,4029053,1345799,33.4,0.65
1128,2021-08-04,PUG,35368,18027,17341,12456,21852,1060,0,ITF,ITF4,16,Puglia,Puglia,4029053,1381167,34.28,0.88
1129,2021-03-16,PUG,9898,4699,5199,3454,6385,59,0,ITF,ITF4,16,Puglia,Puglia,4029053,1391065,34.53,0.25
1130,2021-06-24,PUG,53129,25699,27430,23608,28734,787,0,ITF,ITF4,16,Puglia,Puglia,4029053,1444194,35.84,1.32
1131,2021-04-28,PUG,19900,8925,10975,14842,4795,263,0,ITF,ITF4,16,Puglia,Puglia,4029053,1464094,36.34,0.49
1132,2021-08-06,PUG,30470,15885,14585,9195,20521,754,0,ITF,ITF4,16,Puglia,Puglia,4029053,1494564,37.09,0.76
1133,2021-08-18,PUG,20239,10718,9521,10739,8575,925,0,ITF,ITF4,16,Puglia,Puglia,4029053,1514803,37.6,0.5
1134,2021-03-02,PUG,16439,6112,10327,14875,1311,253,0,ITF,ITF4,16,Puglia,Puglia,4029053,1531242,38.01,0.41
1135,2021-06-10,PUG,47304,23259,24045,29426,17158,720,0,ITF,ITF4,16,Puglia,Puglia,4029053,1578546,39.18,1.17
1136,2021-04-04,PUG,6002,2979,3023,5913,7,82,0,ITF,ITF4,16,Puglia,Puglia,4029053,1584548,39.33,0.15
1137,2021-02-04,PUG,5946,2368,3578,1132,4810,4,0,ITF,ITF4,16,Puglia,Puglia,4029053,1590494,39.48,0.15
1138,2021-05-17,PUG,32998,15295,17703,20464,12030,504,0,ITF,ITF4,16,Puglia,Puglia,4029053,1623492,40.29,0.82
1139,2021-05-29,PUG,30736,14489,16247,20624,9566,546,0,ITF,ITF4,16,Puglia,Puglia,4029053,1654228,41.06,0.76
1140,2021-04-02,PUG,12877,6015,6862,8194,4532,151,0,ITF,ITF4,16,Puglia,Puglia,4029053,1667105,41.38,0.32
1141,2021-09-03,PUG,21450,11087,10363,8471,11785,1194,0,ITF,ITF4,16,Puglia,Puglia,4029053,1688555,41.91,0.53
1142,2021-01-19,PUG,1221,452,769,1210,10,1,0,ITF,ITF4,16,Puglia,Puglia,4029053,1689776,41.94,0.03
1143,2021-07-08,PUG,41676,19329,22347,5417,35799,460,0,ITF,ITF4,16,Puglia,Puglia,4029053,1731452,42.97,1.03
1144,2021-01-04,PUG,4514,2017,2497,4512,0,2,0,ITF,ITF4,16,Puglia,Puglia,4029053,1735966,43.09,0.11
1145,2021-01-09,PUG,4900,2252,2648,4896,0,4,0,ITF,ITF4,16,Puglia,Puglia,4029053,1740866,43.21,0.12
1146,2021-07-01,PUG,48589,22750,25839,11446,36508,635,0,ITF,ITF4,16,Puglia,Puglia,4029053,1789455,44.41,1.21
1147,2021-07-13,PUG,48871,23043,25828,7762,40524,585,0,ITF,ITF4,16,Puglia,Puglia,4029053,1838326,45.63,1.21
1148,2021-03-21,PUG,2697,1227,1470,577,2108,12,0,ITF,ITF4,16,Puglia,Puglia,4029053,1841023,45.69,0.07
1149,2021-06-29,PUG,46810,22450,24360,15357,30759,694,0,ITF,ITF4,16,Puglia,Puglia,4029053,1887833,46.86,1.16
1150,2021-01-11,PUG,3762,1594,2168,3761,0,1,0,ITF,ITF4,16,Puglia,Puglia,4029053,1891595,46.95,0.09
1151,2021-04-21,PUG,23179,10703,12476,19128,3748,303,0,ITF,ITF4,16,Puglia,Puglia,4029053,1914774,47.52,0.58
1152,2021-08-25,PUG,25815,13566,12249,10400,14478,937,0,ITF,ITF4,16,Puglia,Puglia,4029053,1940589,48.16,0.64
1153,2021-08-08,PUG,5124,2602,2522,1656,3419,49,0,ITF,ITF4,16,Puglia,Puglia,4029053,1945713,48.29,0.13
1154,2021-08-27,PUG,23970,12582,11388,10050,12988,932,0,ITF,ITF4,16,Puglia,Puglia,4029053,1969683,48.89,0.59
1155,2021-06-12,PUG,34690,17284,17406,25096,8999,595,0,ITF,ITF4,16,Puglia,Puglia,4029053,2004373,49.75,0.86
1156,2021-09-20,PUG,16604,9018,7586,5864,9411,844,485,ITF,ITF4,16,Puglia,Puglia,4029053,2020977,50.16,0.41
1157,2021-01-28,PUG,5491,2286,3205,441,5050,0,0,ITF,ITF4,16,Puglia,Puglia,4029053,2026468,50.3,0.14
1158,2021-03-31,PUG,14593,6840,7753,8848,5594,151,0,ITF,ITF4,16,Puglia,Puglia,4029053,2041061,50.66,0.36
1159,2021-02-02,PUG,4368,1859,2509,575,3792,1,0,ITF,ITF4,16,Puglia,Puglia,4029053,2045429,50.77,0.11
1160,2021-07-09,PUG,37212,17930,19282,6395,30137,680,0,ITF,ITF4,16,Puglia,Puglia,4029053,2082641,51.69,0.92
1161,2021-05-13,PUG,38911,17343,21568,21006,17333,572,0,ITF,ITF4,16,Puglia,Puglia,4029053,2121552,52.66,0.97
1162,2021-03-17,PUG,10362,4709,5653,4107,6192,63,0,ITF,ITF4,16,Puglia,Puglia,4029053,2131914,52.91,0.26
1163,2021-04-16,PUG,36176,17002,19174,32453,3294,429,0,ITF,ITF4,16,Puglia,Puglia,4029053,2168090,53.81,0.9
1164,2021-02-18,PUG,4390,1850,2540,3718,610,62,0,ITF,ITF4,16,Puglia,Puglia,4029053,2172480,53.92,0.11
1165,2021-07-25,PUG,14329,7410,6919,4273,9850,206,0,ITF,ITF4,16,Puglia,Puglia,4029053,2186809,54.28,0.36
1166,2021-04-09,PUG,22196,9567,12629,17096,4709,391,0,ITF,ITF4,16,Puglia,Puglia,4029053,2209005,54.83,0.55
1167,2021-09-13,PUG,19748,10348,9400,5403,13601,744,0,ITF,ITF4,16,Puglia,Puglia,4029053,2228753,55.32,0.49
1168,2021-02-11,PUG,3701,1402,2299,2393,1280,28,0,ITF,ITF4,16,Puglia,Puglia,4029053,2232454,55.41,0.09
1169,2021-07-18,PUG,18856,9654,9202,6194,12323,339,0,ITF,ITF4,16,Puglia,Puglia,4029053,2251310,55.88,0.47
1170,2021-05-22,PUG,34807,15932,18875,23667,10595,545,0,ITF,ITF4,16,Puglia,Puglia,4029053,2286117,56.74,0.86
1171,2021-03-26,PUG,12051,5868,6183,7223,4686,142,0,ITF,ITF4,16,Puglia,Puglia,4029053,2298168,57.04,0.3
1172,2021-03-09,PUG,13706,6126,7580,11498,2022,186,0,ITF,ITF4,16,Puglia,Puglia,4029053,2311874,57.38,0.34
1173,2021-04-14,PUG,32102,15142,16960,28483,3311,308,0,ITF,ITF4,16,Puglia,Puglia,4029053,2343976,58.18,0.8
1174,2021-05-24,PUG,36257,17101,19156,24517,11128,612,0,ITF,ITF4,16,Puglia,Puglia,4029053,2380233,59.08,0.9
1175,2021-09-01,PUG,24868,12898,11970,9884,13916,1068,0,ITF,ITF4,16,Puglia,Puglia,4029053,2405101,59.69,0.62
1176,2021-02-16,PUG,3395,1457,1938,2714,649,32,0,ITF,ITF4,16,Puglia,Puglia,4029053,2408496,59.78,0.08
1177,2021-01-30,PUG,5547,2516,3031,380,5166,1,0,ITF,ITF4,16,Puglia,Puglia,4029053,2414043,59.92,0.14
1178,2021-05-10,PUG,37954,16771,21183,19305,18119,530,0,ITF,ITF4,16,Puglia,Puglia,4029053,2451997,60.86,0.94
1179,2021-08-17,PUG,20015,10384,9631,9332,9984,699,0,ITF,ITF4,16,Puglia,Puglia,4029053,2472012,61.35,0.5
1180,2021-03-14,PUG,3385,1466,1919,2474,868,43,0,ITF,ITF4,16,Puglia,Puglia,4029053,2475397,61.44,0.08
1181,2021-01-16,PUG,2511,1036,1475,2510,0,1,0,ITF,ITF4,16,Puglia,Puglia,4029053,2477908,61.5,0.06
1182,2021-02-23,PUG,9404,4436,4968,8814,497,93,0,ITF,ITF4,16,Puglia,Puglia,4029053,2487312,61.73,0.23
1183,2021-09-15,PUG,15616,8204,7412,3967,11004,645,0,ITF,ITF4,16,Puglia,Puglia,4029053,2502928,62.12,0.39
1184,2021-07-20,PUG,47085,23098,23987,8193,38384,508,0,ITF,ITF4,16,Puglia,Puglia,4029053,2550013,63.29,1.17
1185,2021-09-08,PUG,18725,9822,8903,5962,12003,760,0,ITF,ITF4,16,Puglia,Puglia,4029053,2568738,63.76,0.46
1186,2021-08-15,PUG,58,35,23,57,1,0,0,ITF,ITF4,16,Puglia,Puglia,4029053,2568796,63.76,0.0
1187,2021-04-23,PUG,29653,13781,15872,23935,5300,418,0,ITF,ITF4,16,Puglia,Puglia,4029053,2598449,64.49,0.74
1188,2021-08-01,PUG,12438,6517,5921,4324,7993,121,0,ITF,ITF4,16,Puglia,Puglia,4029053,2610887,64.8,0.31
1189,2021-02-13,PUG,3735,1462,2273,3023,696,16,0,ITF,ITF4,16,Puglia,Puglia,4029053,2614622,64.89,0.09
1190,2021-06-28,PUG,48788,23658,25130,21668,26324,796,0,ITF,ITF4,16,Puglia,Puglia,4029053,2663410,66.11,1.21
1191,2021-05-21,PUG,39285,18662,20623,28290,10201,794,0,ITF,ITF4,16,Puglia,Puglia,4029053,2702695,67.08,0.98
1192,2021-08-31,PUG,24905,12828,12077,8328,15726,851,0,ITF,ITF4,16,Puglia,Puglia,4029053,2727600,67.7,0.62
1193,2021-05-19,PUG,26523,12817,13706,19579,6505,439,0,ITF,ITF4,16,Puglia,Puglia,4029053,2754123,68.36,0.66
1194,2021-03-23,PUG,11166,5667,5499,4531,6538,97,0,ITF,ITF4,16,Puglia,Puglia,4029053,2765289,68.63,0.28
1195,2021-02-25,PUG,12010,5077,6933,10688,1185,137,0,ITF,ITF4,16,Puglia,Puglia,4029053,2777299,68.93,0.3
1196,2021-06-05,PUG,42727,20931,21796,29230,12777,720,0,ITF,ITF4,16,Puglia,Puglia,4029053,2820026,69.99,1.06
1197,2021-01-18,PUG,1849,772,1077,1497,351,1,0,ITF,ITF4,16,Puglia,Puglia,4029053,2821875,70.04,0.05
1198,2021-02-06,PUG,4560,1937,2623,1579,2966,15,0,ITF,ITF4,16,Puglia,Puglia,4029053,2826435,70.15,0.11
1199,2021-01-20,PUG,1547,541,1006,1537,8,2,0,ITF,ITF4,16,Puglia,Puglia,4029053,2827982,70.19,0.04
1200,2021-04-30,PUG,35080,15720,19360,22480,12028,572,0,ITF,ITF4,16,Puglia,Puglia,4029053,2863062,71.06,0.87
1201,2021-04-13,PUG,28806,13663,15143,24947,3545,314,0,ITF,ITF4,16,Puglia,Puglia,4029053,2891868,71.78,0.71
1202,2021-07-22,PUG,47695,23650,24045,8458,38547,690,0,ITF,ITF4,16,Puglia,Puglia,4029053,2939563,72.96,1.18
1203,2021-07-05,PUG,39009,18302,20707,7217,31236,556,0,ITF,ITF4,16,Puglia,Puglia,4029053,2978572,73.93,0.97
1204,2021-03-28,PUG,3552,1660,1892,1179,2337,36,0,ITF,ITF4,16,Puglia,Puglia,4029053,2982124,74.02,0.09
1205,2021-07-06,PUG,42472,19555,22917,6091,35964,417,0,ITF,ITF4,16,Puglia,Puglia,4029053,3024596,75.07,1.05
1206,2021-06-19,PUG,34862,17486,17376,22237,11969,656,0,ITF,ITF4,16,Puglia,Puglia,4029053,3059458,75.93,0.87
1207,2021-06-21,PUG,42017,20488,21529,21482,19896,639,0,ITF,ITF4,16,Puglia,Puglia,4029053,3101475,76.98,1.04
1208,2021-09-22,PUG,16850,9067,7783,4508,10779,619,944,ITF,ITF4,16,Puglia,Puglia,4029053,3118325,77.4,0.42
1209,2021-07-27,PUG,48716,24243,24473,13324,34584,808,0,ITF,ITF4,16,Puglia,Puglia,4029053,3167041,78.61,1.21
1210,2021-05-31,PUG,38014,18333,19681,23187,14269,558,0,ITF,ITF4,16,Puglia,Puglia,4029053,3205055,79.55,0.94
1211,2021-09-19,PUG,617,350,267,204,373,40,0,ITF,ITF4,16,Puglia,Puglia,4029053,3205672,79.56,0.02
1212,2021-05-09,PUG,30877,12674,18203,14798,15697,382,0,ITF,ITF4,16,Puglia,Puglia,4029053,3236549,80.33,0.77
1213,2021-09-05,PUG,3203,1749,1454,963,2117,123,0,ITF,ITF4,16,Puglia,Puglia,4029053,3239752,80.41,0.08
1214,2021-03-25,PUG,11796,6051,5745,5263,6428,105,0,ITF,ITF4,16,Puglia,Puglia,4029053,3251548,80.7,0.29
1215,2021-08-29,PUG,1289,665,624,421,840,28,0,ITF,ITF4,16,Puglia,Puglia,4029053,3252837,80.73,0.03
1216,2021-07-03,PUG,33351,16712,16639,13465,19380,506,0,ITF,ITF4,16,Puglia,Puglia,4029053,3286188,81.56,0.83
1217,2021-02-08,PUG,4013,1623,2390,1583,2415,15,0,ITF,ITF4,16,Puglia,Puglia,4029053,3290201,81.66,0.1
1218,2021-08-05,PUG,34546,17414,17132,9536,24138,872,0,ITF,ITF4,16,Puglia,Puglia,4029053,3324747,82.52,0.86
1219,2021-01-06,PUG,3968,1680,2288,3967,0,1,0,ITF,ITF4,16,Puglia,Puglia,4029053,3328715,82.62,0.1
1220,2021-09-17,PUG,15171,8096,7075,4318,10241,611,1,ITF,ITF4,16,Puglia,Puglia,4029053,3343886,82.99,0.38
1221,2021-05-02,PUG,21369,9683,11686,13907,7280,182,0,ITF,ITF4,16,Puglia,Puglia,4029053,3365255,83.52,0.53
1222,2021-08-10,PUG,27468,14321,13147,14201,12112,1155,0,ITF,ITF4,16,Puglia,Puglia,4029053,3392723,84.21,0.68
1223,2021-07-24,PUG,26792,13903,12889,7999,18321,472,0,ITF,ITF4,16,Puglia,Puglia,4029053,3419515,84.87,0.66
1224,2021-03-18,PUG,9638,4379,5259,3347,6225,66,0,ITF,ITF4,16,Puglia,Puglia,4029053,3429153,85.11,0.24
1225,2021-06-26,PUG,32492,16368,16124,15890,16029,573,0,ITF,ITF4,16,Puglia,Puglia,4029053,3461645,85.92,0.81
1226,2021-03-04,PUG,15405,6118,9287,13727,1441,237,0,ITF,ITF4,16,Puglia,Puglia,4029053,3477050,86.3,0.38
1227,2021-06-09,PUG,42060,20824,21236,29992,11352,716,0,ITF,ITF4,16,Puglia,Puglia,4029053,3519110,87.34,1.04
1228,2021-02-15,PUG,3271,1273,1998,2602,624,45,0,ITF,ITF4,16,Puglia,Puglia,4029053,3522381,87.42,0.08
1229,2021-09-12,PUG,1227,652,575,403,773,51,0,ITF,ITF4,16,Puglia,Puglia,4029053,3523608,87.45,0.03
1230,2021-08-24,PUG,25249,12958,12291,9418,15008,823,0,ITF,ITF4,16,Puglia,Puglia,4029053,3548857,88.08,0.63
1231,2021-04-25,PUG,11330,5244,6086,10052,1144,134,0,ITF,ITF4,16,Puglia,Puglia,4029053,3560187,88.36,0.28
1232,2021-02-27,PUG,14252,4826,9426,12827,1237,188,0,ITF,ITF4,16,Puglia,Puglia,4029053,3574439,88.72,0.35
1233,2021-08-03,PUG,36521,18531,17990,9205,26551,765,0,ITF,ITF4,16,Puglia,Puglia,4029053,3610960,89.62,0.91
1234,2021-01-01,PUG,150,61,89,150,0,0,0,ITF,ITF4,16,Puglia,Puglia,4029053,3611110,89.63,0.0
1235,2021-06-07,PUG,44502,21727,22775,30398,13337,767,0,ITF,ITF4,16,Puglia,Puglia,4029053,3655612,90.73,1.1
1236,2021-04-11,PUG,16494,7270,9224,14657,1650,187,0,ITF,ITF4,16,Puglia,Puglia,4029053,3672106,91.14,0.41
1237,2021-03-06,PUG,16198,6145,10053,13889,2132,177,0,ITF,ITF4,16,Puglia,Puglia,4029053,3688304,91.54,0.4
1238,2021-01-08,PUG,5701,2400,3301,5699,0,2,0,ITF,ITF4,16,Puglia,Puglia,4029053,3694005,91.68,0.14
1239,2021-06-14,PUG,42177,20635,21542,28870,12511,796,0,ITF,ITF4,16,Puglia,Puglia,4029053,3736182,92.73,1.05
1240,2021-04-18,PUG,22693,10860,11833,21432,1058,203,0,ITF,ITF4,16,Puglia,Puglia,4029053,3758875,93.29,0.56
1241,2021-02-20,PUG,2978,1079,1899,2688,257,33,0,ITF,ITF4,16,Puglia,Puglia,4029053,3761853,93.37,0.07
1242,2021-04-22,PUG,23088,10564,12524,17753,4951,384,0,ITF,ITF4,16,Puglia,Puglia,4029053,3784941,93.94,0.57
1243,2021-07-31,PUG,20054,10656,9398,7905,11667,482,0,ITF,ITF4,16,Puglia,Puglia,4029053,3804995,94.44,0.5
1244,2021-02-12,PUG,4215,1672,2543,3098,1094,23,0,ITF,ITF4,16,Puglia,Puglia,4029053,3809210,94.54,0.1
1245,2021-08-12,PUG,19657,10509,9148,11182,7576,899,0,ITF,ITF4,16,Puglia,Puglia,4029053,3828867,95.03,0.49
1246,2021-06-16,PUG,42211,20774,21437,26931,14549,731,0,ITF,ITF4,16,Puglia,Puglia,4029053,3871078,96.08,1.05
1247,2021-09-24,PUG,5919,3256,2663,1610,4030,220,59,ITF,ITF4,16,Puglia,Puglia,4029053,3876997,96.23,0.15
1248,2020-12-30,PUG,1,0,1,1,0,0,0,ITF,ITF4,16,Puglia,Puglia,4029053,3876998,96.23,0.0
1249,2021-05-26,PUG,38773,18629,20144,26264,11853,656,0,ITF,ITF4,16,Puglia,Puglia,4029053,3915771,97.19,0.96
1250,2021-01-27,PUG,4608,1946,2662,617,3991,0,0,ITF,ITF4,16,Puglia,Puglia,4029053,3920379,97.3,0.11
1251,2021-05-07,PUG,50304,22445,27859,25960,23723,621,0,ITF,ITF4,16,Puglia,Puglia,4029053,3970683,98.55,1.25
1252,2021-07-29,PUG,43116,21804,21312,12283,30039,794,0,ITF,ITF4,16,Puglia,Puglia,4029053,4013799,99.62,1.07
1253,2021-01-13,PUG,4559,1736,2823,4558,0,1,0,ITF,ITF4,16,Puglia,Puglia,4029053,4018358,99.73,0.11
1254,2021-06-18,PUG,47931,23594,24337,28881,18122,928,0,ITF,ITF4,16,Puglia,Puglia,4029053,4066289,100.92,1.19
1255,2021-09-09,PUG,18471,9603,8868,5136,12551,784,0,ITF,ITF4,16,Puglia,Puglia,4029053,4084760,101.38,0.46
1256,2021-03-11,PUG,14876,6609,8267,11471,3197,208,0,ITF,ITF4,16,Puglia,Puglia,4029053,4099636,101.75,0.37
1257,2021-06-02,PUG,27121,13260,13861,21920,4845,356,0,ITF,ITF4,16,Puglia,Puglia,4029053,4126757,102.42,0.67
1258,2021-09-10,PUG,19418,10146,9272,6142,12214,1062,0,ITF,ITF4,16,Puglia,Puglia,4029053,4146175,102.91,0.48
1259,2021-02-10,PUG,3660,1444,2216,2127,1513,20,0,ITF,ITF4,16,Puglia,Puglia,4029053,4149835,103.0,0.09
1260,2021-01-29,PUG,6219,2674,3545,219,6000,0,0,ITF,ITF4,16,Puglia,Puglia,4029053,4156054,103.15,0.15
1261,2021-03-20,PUG,8448,3895,4553,3767,4633,48,0,ITF,ITF4,16,Puglia,Puglia,4029053,4164502,103.36,0.21
1262,2021-03-03,PUG,16836,6829,10007,14741,1940,155,0,ITF,ITF4,16,Puglia,Puglia,4029053,4181338,103.78,0.42
1263,2021-06-11,PUG,48093,23527,24566,33044,14137,912,0,ITF,ITF4,16,Puglia,Puglia,4029053,4229431,104.97,1.19
1264,2021-03-22,PUG,9997,5147,4850,4253,5672,72,0,ITF,ITF4,16,Puglia,Puglia,4029053,4239428,105.22,0.25
1265,2021-01-24,PUG,1674,754,920,151,1523,0,0,ITF,ITF4,16,Puglia,Puglia,4029053,4241102,105.26,0.04
1266,2021-06-30,PUG,47992,23280,24712,18846,28286,860,0,ITF,ITF4,16,Puglia,Puglia,4029053,4289094,106.45,1.19
1267,2021-03-15,PUG,12368,6164,6204,5742,6519,107,0,ITF,ITF4,16,Puglia,Puglia,4029053,4301462,106.76,0.31
1268,2021-08-19,PUG,17912,9334,8578,8798,8394,720,0,ITF,ITF4,16,Puglia,Puglia,4029053,4319374,107.21,0.44
1269,2021-01-17,PUG,1312,593,719,1242,70,0,0,ITF,ITF4,16,Puglia,Puglia,4029053,4320686,107.24,0.03
1270,2021-06-23,PUG,29483,14407,15076,16945,11925,613,0,ITF,ITF4,16,Puglia,Puglia,4029053,4350169,107.97,0.73
1271,2021-04-27,PUG,26748,12103,14645,20790,5629,329,0,ITF,ITF4,16,Puglia,Puglia,4029053,4376917,108.63,0.66
1272,2021-03-13,PUG,10489,4141,6348,8573,1817,99,0,ITF,ITF4,16,Puglia,Puglia,4029053,4387406,108.89,0.26
1273,2021-02-24,PUG,10073,4719,5354,9378,597,98,0,ITF,ITF4,16,Puglia,Puglia,4029053,4397479,109.14,0.25
1274,2021-06-04,PUG,52931,25614,27317,34238,17866,827,0,ITF,ITF4,16,Puglia,Puglia,4029053,4450410,110.46,1.31
1275,2021-05-18,PUG,29012,13493,15519,15774,12927,311,0,ITF,ITF4,16,Puglia,Puglia,4029053,4479422,111.18,0.72
1276,2021-08-26,PUG,20353,10514,9839,8735,10743,875,0,ITF,ITF4,16,Puglia,Puglia,4029053,4499775,111.68,0.51
1277,2021-01-03,PUG,2010,944,1066,2009,0,1,0,ITF,ITF4,16,Puglia,Puglia,4029053,4501785,111.73,0.05
1278,2021-03-27,PUG,12187,5726,6461,6881,5193,113,0,ITF,ITF4,16,Puglia,Puglia,4029053,4513972,112.04,0.3
1279,2021-01-05,PUG,5120,2257,2863,5117,0,3,0,ITF,ITF4,16,Puglia,Puglia,4029053,4519092,112.16,0.13
1280,2021-04-15,PUG,32810,15311,17499,28620,3788,402,0,ITF,ITF4,16,Puglia,Puglia,4029053,4551902,112.98,0.81
1281,2021-07-07,PUG,38825,18584,20241,6074,32239,512,0,ITF,ITF4,16,Puglia,Puglia,4029053,4590727,113.94,0.96
1282,2021-04-06,PUG,13873,6266,7607,6923,6775,175,0,ITF,ITF4,16,Puglia,Puglia,4029053,4604600,114.28,0.34
1283,2021-07-15,PUG,44968,21766,23202,8875,35413,680,0,ITF,ITF4,16,Puglia,Puglia,4029053,4649568,115.4,1.12
1284,2021-07-14,PUG,46334,22221,24113,13361,32136,837,0,ITF,ITF4,16,Puglia,Puglia,4029053,4695902,116.55,1.15
1285,2021-08-02,PUG,39840,20194,19646,14218,24395,1227,0,ITF,ITF4,16,Puglia,Puglia,4029053,4735742,117.54,0.99
1286,2021-08-14,PUG,1102,568,534,510,573,19,0,ITF,ITF4,16,Puglia,Puglia,4029053,4736844,117.57,0.03
1287,2021-01-15,PUG,4559,1866,2693,4554,0,5,0,ITF,ITF4,16,Puglia,Puglia,4029053,4741403,117.68,0.11
1288,2021-05-23,PUG,17993,8414,9579,13890,3843,260,0,ITF,ITF4,16,Puglia,Puglia,4029053,4759396,118.13,0.45
1289,2021-02-17,PUG,4299,1756,2543,3618,641,40,0,ITF,ITF4,16,Puglia,Puglia,4029053,4763695,118.23,0.11
1290,2021-05-28,PUG,44183,20911,23272,27447,15932,804,0,ITF,ITF4,16,Puglia,Puglia,4029053,4807878,119.33,1.1
1291,2021-04-03,PUG,10589,4661,5928,6817,3578,194,0,ITF,ITF4,16,Puglia,Puglia,4029053,4818467,119.59,0.26
1292,2021-04-29,PUG,26356,12189,14167,19209,6717,430,0,ITF,ITF4,16,Puglia,Puglia,4029053,4844823,120.25,0.65
1293,2021-08-07,PUG,10132,5348,4784,3564,6270,298,0,ITF,ITF4,16,Puglia,Puglia,4029053,4854955,120.5,0.25
1294,2021-05-11,PUG,32778,14489,18289,13704,18580,494,0,ITF,ITF4,16,Puglia,Puglia,4029053,4887733,121.31,0.81
1295,2021-05-04,PUG,35254,14912,20342,18249,16580,425,0,ITF,ITF4,16,Puglia,Puglia,4029053,4922987,122.19,0.87
1296,2021-03-08,PUG,15024,6447,8577,12446,2417,161,0,ITF,ITF4,16,Puglia,Puglia,4029053,4938011,122.56,0.37
1297,2021-03-01,PUG,15145,5886,9259,13604,1386,155,0,ITF,ITF4,16,Puglia,Puglia,4029053,4953156,122.94,0.38
1298,2021-09-02,PUG,23226,12077,11149,7453,14902,871,0,ITF,ITF4,16,Puglia,Puglia,4029053,4976382,123.51,0.58
1299,2021-01-22,PUG,1414,579,835,992,421,1,0,ITF,ITF4,16,Puglia,Puglia,4029053,4977796,123.55,0.04
1300,2021-07-26,PUG,48054,23984,24070,17102,30030,922,0,ITF,ITF4,16,Puglia,Puglia,4029053,5025850,124.74,1.19
1301,2021-05-30,PUG,21069,10079,10990,15735,5077,257,0,ITF,ITF4,16,Puglia,Puglia,4029053,5046919,125.26,0.52
1302,2021-09-07,PUG,22603,11859,10744,6911,14873,819,0,ITF,ITF4,16,Puglia,Puglia,4029053,5069522,125.82,0.56
1303,2021-01-10,PUG,2351,1062,1289,2351,0,0,0,ITF,ITF4,16,Puglia,Puglia,4029053,5071873,125.88,0.06
1304,2021-09-21,PUG,21336,11522,9814,5425,14907,609,395,ITF,ITF4,16,Puglia,Puglia,4029053,5093209,126.41,0.53
1305,2021-04-20,PUG,21239,9861,11378,17475,3494,270,0,ITF,ITF4,16,Puglia,Puglia,4029053,5114448,126.94,0.53
1306,2020-12-27,PUG,510,252,258,510,0,0,0,ITF,ITF4,16,Puglia,Puglia,4029053,5114958,126.95,0.01
1307,2021-02-22,PUG,9662,4542,5120,9234,337,91,0,ITF,ITF4,16,Puglia,Puglia,4029053,5124620,127.19,0.24
1308,2021-02-05,PUG,5657,2279,3378,1313,4339,5,0,ITF,ITF4,16,Puglia,Puglia,4029053,5130277,127.33,0.14
1309,2021-05-16,PUG,24662,11126,13536,12469,11963,230,0,ITF,ITF4,16,Puglia,Puglia,4029053,5154939,127.94,0.61
1310,2021-08-21,PUG,4319,2311,2008,1982,2101,236,0,ITF,ITF4,16,Puglia,Puglia,4029053,5159258,128.05,0.11
1311,2021-06-25,PUG,50995,25115,25880,23845,26246,904,0,ITF,ITF4,16,Puglia,Puglia,4029053,5210253,129.32,1.27
1312,2021-02-28,PUG,6087,1813,4274,5819,191,77,0,ITF,ITF4,16,Puglia,Puglia,4029053,5216340,129.47,0.15
1313,2021-05-12,PUG,36685,16361,20324,23540,12556,589,0,ITF,ITF4,16,Puglia,Puglia,4029053,5253025,130.38,0.91
1314,2021-08-20,PUG,18036,9398,8638,8314,8979,743,0,ITF,ITF4,16,Puglia,Puglia,4029053,5271061,130.83,0.45
1315,2021-01-23,PUG,3044,1295,1749,880,2162,2,0,ITF,ITF4,16,Puglia,Puglia,4029053,5274105,130.9,0.08
1316,2021-05-03,PUG,33451,14953,18498,22178,10704,569,0,ITF,ITF4,16,Puglia,Puglia,4029053,5307556,131.73,0.83
1317,2021-03-07,PUG,4996,2007,2989,4370,578,48,0,ITF,ITF4,16,Puglia,Puglia,4029053,5312552,131.86,0.12
1318,2021-05-05,PUG,39381,17288,22093,24505,14278,598,0,ITF,ITF4,16,Puglia,Puglia,4029053,5351933,132.83,0.98
1319,2021-08-13,PUG,13813,7340,6473,7306,5916,591,0,ITF,ITF4,16,Puglia,Puglia,4029053,5365746,133.18,0.34
1320,2021-06-17,PUG,43002,21010,21992,21406,21034,562,0,ITF,ITF4,16,Puglia,Puglia,4029053,5408748,134.24,1.07
1321,2021-03-30,PUG,12463,5976,6487,6204,6104,155,0,ITF,ITF4,16,Puglia,Puglia,4029053,5421211,134.55,0.31
1322,2021-02-01,PUG,3981,1668,2313,352,3628,1,0,ITF,ITF4,16,Puglia,Puglia,4029053,5425192,134.65,0.1
1323,2021-07-17,PUG,30879,15506,15373,9533,20716,630,0,ITF,ITF4,16,Puglia,Puglia,4029053,5456071,135.42,0.77
1324,2021-05-14,PUG,45138,20629,24509,28016,16257,865,0,ITF,ITF4,16,Puglia,Puglia,4029053,5501209,136.54,1.12
1325,2021-08-22,PUG,1480,771,709,531,924,25,0,ITF,ITF4,16,Puglia,Puglia,4029053,5502689,136.58,0.04
1326,2021-01-25,PUG,3838,1685,2153,425,3412,1,0,ITF,ITF4,16,Puglia,Puglia,4029053,5506527,136.67,0.1
1327,2021-07-10,PUG,22438,11051,11387,4444,17695,299,0,ITF,ITF4,16,Puglia,Puglia,4029053,5528965,137.23,0.56
1328,2021-04-08,PUG,17542,7620,9922,11124,6204,214,0,ITF,ITF4,16,Puglia,Puglia,4029053,5546507,137.66,0.44
1329,2021-06-06,PUG,30789,15504,15285,25389,5077,323,0,ITF,ITF4,16,Puglia,Puglia,4029053,5577296,138.43,0.76
1330,2021-04-10,PUG,30972,13137,17835,26116,4466,390,0,ITF,ITF4,16,Puglia,Puglia,4029053,5608268,139.2,0.77
1331,2021-09-14,PUG,21700,11341,10359,4351,16640,709,0,ITF,ITF4,16,Puglia,Puglia,4029053,5629968,139.73,0.54
1332,2021-07-19,PUG,49599,24374,25225,10928,37903,768,0,ITF,ITF4,16,Puglia,Puglia,4029053,5679567,140.97,1.23
1333,2021-09-16,PUG,17900,9314,8586,4050,13284,566,0,ITF,ITF4,16,Puglia,Puglia,4029053,5697467,141.41,0.44
1334,2021-04-01,PUG,13995,6578,7417,7385,6390,220,0,ITF,ITF4,16,Puglia,Puglia,4029053,5711462,141.76,0.35
1335,2021-02-03,PUG,5061,2012,3049,705,4355,1,0,ITF,ITF4,16,Puglia,Puglia,4029053,5716523,141.88,0.13
1336,2021-07-12,PUG,45872,21665,24207,12714,32395,763,0,ITF,ITF4,16,Puglia,Puglia,4029053,5762395,143.02,1.14
1337,2021-09-22,CAL,8053,4185,3868,3371,4467,197,18,ITF,ITF6,18,Calabria,Calabria,1947131,8053,0.41,0.41
1338,2021-08-10,CAL,9788,4915,4873,3599,6087,102,0,ITF,ITF6,18,Calabria,Calabria,1947131,17841,0.92,0.5
1339,2021-06-14,CAL,14360,6512,7848,9627,4656,77,0,ITF,ITF6,18,Calabria,Calabria,1947131,32201,1.65,0.74
1340,2021-03-04,CAL,5497,3197,2300,4677,800,20,0,ITF,ITF6,18,Calabria,Calabria,1947131,37698,1.94,0.28
1341,2021-06-12,CAL,13250,6301,6949,10781,2401,68,0,ITF,ITF6,18,Calabria,Calabria,1947131,50948,2.62,0.68
1342,2021-01-11,CAL,2195,1064,1131,2193,0,2,0,ITF,ITF6,18,Calabria,Calabria,1947131,53143,2.73,0.11
1343,2021-01-25,CAL,1090,522,568,150,940,0,0,ITF,ITF6,18,Calabria,Calabria,1947131,54233,2.79,0.06
1344,2021-05-05,CAL,13643,6528,7115,8415,5149,79,0,ITF,ITF6,18,Calabria,Calabria,1947131,67876,3.49,0.7
1345,2021-09-17,CAL,9008,4682,4326,3923,4863,222,0,ITF,ITF6,18,Calabria,Calabria,1947131,76884,3.95,0.46
1346,2021-08-08,CAL,4220,2146,2074,1493,2698,29,0,ITF,ITF6,18,Calabria,Calabria,1947131,81104,4.17,0.22
1347,2021-07-22,CAL,18338,9028,9310,3491,14754,93,0,ITF,ITF6,18,Calabria,Calabria,1947131,99442,5.11,0.94
1348,2021-04-30,CAL,15121,7416,7705,10523,4518,80,0,ITF,ITF6,18,Calabria,Calabria,1947131,114563,5.88,0.78
1349,2021-02-06,CAL,2937,1352,1585,439,2497,1,0,ITF,ITF6,18,Calabria,Calabria,1947131,117500,6.03,0.15
1350,2021-09-05,CAL,1496,812,684,697,782,17,0,ITF,ITF6,18,Calabria,Calabria,1947131,118996,6.11,0.08
1351,2021-07-10,CAL,15949,7541,8408,3244,12661,44,0,ITF,ITF6,18,Calabria,Calabria,1947131,134945,6.93,0.82
1352,2021-01-23,CAL,403,188,215,360,43,0,0,ITF,ITF6,18,Calabria,Calabria,1947131,135348,6.95,0.02
1353,2021-07-01,CAL,12398,5838,6560,5473,6840,85,0,ITF,ITF6,18,Calabria,Calabria,1947131,147746,7.59,0.64
1354,2021-07-27,CAL,17590,8993,8597,5019,12482,89,0,ITF,ITF6,18,Calabria,Calabria,1947131,165336,8.49,0.9
1355,2021-01-06,CAL,957,520,437,957,0,0,0,ITF,ITF6,18,Calabria,Calabria,1947131,166293,8.54,0.05
1356,2021-04-16,CAL,10360,5059,5301,8653,1646,61,0,ITF,ITF6,18,Calabria,Calabria,1947131,176653,9.07,0.53
1357,2021-04-18,CAL,5884,2808,3076,4938,921,25,0,ITF,ITF6,18,Calabria,Calabria,1947131,182537,9.37,0.3
1358,2021-04-04,CAL,1573,788,785,1140,422,11,0,ITF,ITF6,18,Calabria,Calabria,1947131,184110,9.46,0.08
1359,2021-06-26,CAL,15587,7204,8383,7574,7942,71,0,ITF,ITF6,18,Calabria,Calabria,1947131,199697,10.26,0.8
1360,2021-03-09,CAL,6600,3444,3156,5535,990,75,0,ITF,ITF6,18,Calabria,Calabria,1947131,206297,10.59,0.34
1361,2021-02-20,CAL,1522,791,731,1180,328,14,0,ITF,ITF6,18,Calabria,Calabria,1947131,207819,10.67,0.08
1362,2021-08-22,CAL,1525,769,756,485,1021,19,0,ITF,ITF6,18,Calabria,Calabria,1947131,209344,10.75,0.08
1363,2021-05-31,CAL,15304,7349,7955,7310,7912,82,0,ITF,ITF6,18,Calabria,Calabria,1947131,224648,11.54,0.79
1364,2021-09-15,CAL,7783,3850,3933,3292,4291,200,0,ITF,ITF6,18,Calabria,Calabria,1947131,232431,11.94,0.4
1365,2021-02-25,CAL,2941,1583,1358,2296,605,40,0,ITF,ITF6,18,Calabria,Calabria,1947131,235372,12.09,0.15
1366,2021-08-17,CAL,7691,3917,3774,2766,4830,95,0,ITF,ITF6,18,Calabria,Calabria,1947131,243063,12.48,0.39
1367,2021-03-02,CAL,4432,2507,1925,3626,797,9,0,ITF,ITF6,18,Calabria,Calabria,1947131,247495,12.71,0.23
1368,2021-03-16,CAL,3876,1901,1975,2182,1681,13,0,ITF,ITF6,18,Calabria,Calabria,1947131,251371,12.91,0.2
1369,2021-07-29,CAL,17592,8770,8822,4713,12777,102,0,ITF,ITF6,18,Calabria,Calabria,1947131,268963,13.81,0.9
1370,2021-01-18,CAL,1312,595,717,1058,250,4,0,ITF,ITF6,18,Calabria,Calabria,1947131,270275,13.88,0.07
1371,2021-07-03,CAL,15184,7148,8036,5282,9824,78,0,ITF,ITF6,18,Calabria,Calabria,1947131,285459,14.66,0.78
1372,2021-04-11,CAL,4214,1916,2298,2243,1954,17,0,ITF,ITF6,18,Calabria,Calabria,1947131,289673,14.88,0.22
1373,2021-07-20,CAL,17499,8486,9013,3196,14227,76,0,ITF,ITF6,18,Calabria,Calabria,1947131,307172,15.78,0.9
1374,2021-03-28,CAL,2694,1234,1460,1561,1126,7,0,ITF,ITF6,18,Calabria,Calabria,1947131,309866,15.91,0.14
1375,2021-08-29,CAL,1684,888,796,720,933,31,0,ITF,ITF6,18,Calabria,Calabria,1947131,311550,16.0,0.09
1376,2021-01-30,CAL,2213,1173,1040,294,1916,3,0,ITF,ITF6,18,Calabria,Calabria,1947131,313763,16.11,0.11
1377,2021-02-01,CAL,2561,1214,1347,237,2321,3,0,ITF,ITF6,18,Calabria,Calabria,1947131,316324,16.25,0.13
1378,2021-07-08,CAL,12057,5618,6439,2692,9319,46,0,ITF,ITF6,18,Calabria,Calabria,1947131,328381,16.86,0.62
1379,2021-05-12,CAL,16508,8051,8457,10823,5586,99,0,ITF,ITF6,18,Calabria,Calabria,1947131,344889,17.71,0.85
1380,2021-05-26,CAL,18754,9340,9414,10336,8326,92,0,ITF,ITF6,18,Calabria,Calabria,1947131,363643,18.68,0.96
1381,2021-03-30,CAL,6530,2854,3676,3655,2851,24,0,ITF,ITF6,18,Calabria,Calabria,1947131,370173,19.01,0.34
1382,2021-09-03,CAL,9066,4631,4435,3573,5303,190,0,ITF,ITF6,18,Calabria,Calabria,1947131,379239,19.48,0.47
1383,2021-06-07,CAL,18009,8424,9585,14712,3215,82,0,ITF,ITF6,18,Calabria,Calabria,1947131,397248,20.4,0.92
1384,2021-05-24,CAL,17786,8910,8876,9935,7770,81,0,ITF,ITF6,18,Calabria,Calabria,1947131,415034,21.32,0.91
1385,2021-05-07,CAL,16301,7678,8623,9649,6552,100,0,ITF,ITF6,18,Calabria,Calabria,1947131,431335,22.15,0.84
1386,2021-02-13,CAL,1420,613,807,1046,371,3,0,ITF,ITF6,18,Calabria,Calabria,1947131,432755,22.23,0.07
1387,2021-03-11,CAL,7327,3483,3844,5953,1321,53,0,ITF,ITF6,18,Calabria,Calabria,1947131,440082,22.6,0.38
1388,2021-06-19,CAL,15858,7421,8437,8498,7292,68,0,ITF,ITF6,18,Calabria,Calabria,1947131,455940,23.42,0.81
1389,2021-02-18,CAL,1893,879,1014,1640,234,19,0,ITF,ITF6,18,Calabria,Calabria,1947131,457833,23.51,0.1
1390,2021-08-03,CAL,14100,7125,6975,3905,10120,75,0,ITF,ITF6,18,Calabria,Calabria,1947131,471933,24.24,0.72
1391,2021-06-21,CAL,15420,7106,8314,7999,7382,39,0,ITF,ITF6,18,Calabria,Calabria,1947131,487353,25.03,0.79
1392,2021-01-04,CAL,1076,533,543,1073,0,3,0,ITF,ITF6,18,Calabria,Calabria,1947131,488429,25.08,0.06
1393,2021-04-23,CAL,13160,6462,6698,9437,3619,104,0,ITF,ITF6,18,Calabria,Calabria,1947131,501589,25.76,0.68
1394,2021-01-13,CAL,2112,1068,1044,2100,0,12,0,ITF,ITF6,18,Calabria,Calabria,1947131,503701,25.87,0.11
1395,2021-03-06,CAL,8557,4407,4150,7714,818,25,0,ITF,ITF6,18,Calabria,Calabria,1947131,512258,26.31,0.44
1396,2021-02-11,CAL,2355,1054,1301,1064,1269,22,0,ITF,ITF6,18,Calabria,Calabria,1947131,514613,26.43,0.12
1397,2021-09-24,CAL,2179,1110,1069,947,1172,48,12,ITF,ITF6,18,Calabria,Calabria,1947131,516792,26.54,0.11
1398,2021-04-13,CAL,6980,3429,3551,5615,1337,28,0,ITF,ITF6,18,Calabria,Calabria,1947131,523772,26.9,0.36
1399,2021-01-20,CAL,1410,630,780,1406,1,3,0,ITF,ITF6,18,Calabria,Calabria,1947131,525182,26.97,0.07
1400,2021-02-17,CAL,1880,834,1046,1650,213,17,0,ITF,ITF6,18,Calabria,Calabria,1947131,527062,27.07,0.1
1401,2021-07-24,CAL,18182,9345,8837,4680,13401,101,0,ITF,ITF6,18,Calabria,Calabria,1947131,545244,28.0,0.93
1402,2021-05-28,CAL,21029,10221,10808,11424,9492,113,0,ITF,ITF6,18,Calabria,Calabria,1947131,566273,29.08,1.08
1403,2021-04-15,CAL,7810,3822,3988,6004,1757,49,0,ITF,ITF6,18,Calabria,Calabria,1947131,574083,29.48,0.4
1404,2021-04-01,CAL,8711,3965,4746,4155,4517,39,0,ITF,ITF6,18,Calabria,Calabria,1947131,582794,29.93,0.45
1405,2021-08-15,CAL,52,24,28,18,33,1,0,ITF,ITF6,18,Calabria,Calabria,1947131,582846,29.93,0.0
1406,2021-06-11,CAL,17834,8762,9072,15128,2581,125,0,ITF,ITF6,18,Calabria,Calabria,1947131,600680,30.85,0.92
1407,2021-09-19,CAL,1559,848,711,858,668,33,0,ITF,ITF6,18,Calabria,Calabria,1947131,602239,30.93,0.08
1408,2021-01-08,CAL,2202,1049,1153,2195,0,7,0,ITF,ITF6,18,Calabria,Calabria,1947131,604441,31.04,0.11
1409,2021-03-18,CAL,4520,2116,2404,2346,2148,26,0,ITF,ITF6,18,Calabria,Calabria,1947131,608961,31.27,0.23
1410,2021-09-10,CAL,8980,4552,4428,3609,5167,204,0,ITF,ITF6,18,Calabria,Calabria,1947131,617941,31.74,0.46
1411,2021-05-14,CAL,19957,9585,10372,12949,6891,117,0,ITF,ITF6,18,Calabria,Calabria,1947131,637898,32.76,1.02
1412,2021-04-27,CAL,9984,4907,5077,7956,1976,52,0,ITF,ITF6,18,Calabria,Calabria,1947131,647882,33.27,0.51
1413,2021-02-03,CAL,2873,1481,1392,515,2353,5,0,ITF,ITF6,18,Calabria,Calabria,1947131,650755,33.42,0.15
1414,2021-07-19,CAL,19021,9110,9911,3030,15940,51,0,ITF,ITF6,18,Calabria,Calabria,1947131,669776,34.4,0.98
1415,2021-08-19,CAL,5874,2946,2928,2347,3468,59,0,ITF,ITF6,18,Calabria,Calabria,1947131,675650,34.7,0.3
1416,2021-05-09,CAL,9708,4536,5172,6030,3629,49,0,ITF,ITF6,18,Calabria,Calabria,1947131,685358,35.2,0.5
1417,2021-01-29,CAL,2083,1007,1076,226,1856,1,0,ITF,ITF6,18,Calabria,Calabria,1947131,687441,35.31,0.11
1418,2021-05-04,CAL,16546,7629,8917,11623,4817,106,0,ITF,ITF6,18,Calabria,Calabria,1947131,703987,36.16,0.85
1419,2021-08-12,CAL,7648,3884,3764,2802,4670,176,0,ITF,ITF6,18,Calabria,Calabria,1947131,711635,36.55,0.39
1420,2021-05-23,CAL,11394,5555,5839,6993,4357,44,0,ITF,ITF6,18,Calabria,Calabria,1947131,723029,37.13,0.59
1421,2021-03-01,CAL,2766,1567,1199,2301,461,4,0,ITF,ITF6,18,Calabria,Calabria,1947131,725795,37.28,0.14
1422,2021-06-09,CAL,18266,8628,9638,15895,2285,86,0,ITF,ITF6,18,Calabria,Calabria,1947131,744061,38.21,0.94
1423,2021-08-31,CAL,6831,3379,3452,2673,4031,127,0,ITF,ITF6,18,Calabria,Calabria,1947131,750892,38.56,0.35
1424,2021-01-03,CAL,6,3,3,6,0,0,0,ITF,ITF6,18,Calabria,Calabria,1947131,750898,38.56,0.0
1425,2021-03-27,CAL,8869,4035,4834,4671,4153,45,0,ITF,ITF6,18,Calabria,Calabria,1947131,759767,39.02,0.46
1426,2021-07-05,CAL,13386,6253,7133,4259,9061,66,0,ITF,ITF6,18,Calabria,Calabria,1947131,773153,39.71,0.69
1427,2021-03-08,CAL,5523,2991,2532,4404,1086,33,0,ITF,ITF6,18,Calabria,Calabria,1947131,778676,39.99,0.28
1428,2021-02-27,CAL,4073,2099,1974,3679,387,7,0,ITF,ITF6,18,Calabria,Calabria,1947131,782749,40.2,0.21
1429,2021-07-31,CAL,13810,7060,6750,3630,10100,80,0,ITF,ITF6,18,Calabria,Calabria,1947131,796559,40.91,0.71
1430,2021-01-27,CAL,1491,757,734,383,1107,1,0,ITF,ITF6,18,Calabria,Calabria,1947131,798050,40.99,0.08
1431,2021-05-19,CAL,18326,9082,9244,11256,6993,77,0,ITF,ITF6,18,Calabria,Calabria,1947131,816376,41.93,0.94
1432,2021-03-23,CAL,5273,2473,2800,3422,1827,24,0,ITF,ITF6,18,Calabria,Calabria,1947131,821649,42.2,0.27
1433,2021-08-27,CAL,9165,4773,4392,3611,5392,162,0,ITF,ITF6,18,Calabria,Calabria,1947131,830814,42.67,0.47
1434,2021-07-15,CAL,18288,8811,9477,2519,15716,53,0,ITF,ITF6,18,Calabria,Calabria,1947131,849102,43.61,0.94
1435,2021-04-08,CAL,9380,4445,4935,5835,3491,54,0,ITF,ITF6,18,Calabria,Calabria,1947131,858482,44.09,0.48
1436,2021-09-12,CAL,2138,1122,1016,825,1276,37,0,ITF,ITF6,18,Calabria,Calabria,1947131,860620,44.2,0.11
1437,2021-02-10,CAL,2527,1087,1440,877,1635,15,0,ITF,ITF6,18,Calabria,Calabria,1947131,863147,44.33,0.13
1438,2021-07-17,CAL,18337,9047,9290,2705,15563,69,0,ITF,ITF6,18,Calabria,Calabria,1947131,881484,45.27,0.94
1439,2021-06-04,CAL,17545,8159,9386,12949,4525,71,0,ITF,ITF6,18,Calabria,Calabria,1947131,899029,46.17,0.9
1440,2021-08-05,CAL,12472,6289,6183,3878,8496,98,0,ITF,ITF6,18,Calabria,Calabria,1947131,911501,46.81,0.64
1441,2021-02-22,CAL,2110,1076,1034,1539,562,9,0,ITF,ITF6,18,Calabria,Calabria,1947131,913611,46.92,0.11
1442,2021-07-12,CAL,17982,8539,9443,2687,15246,49,0,ITF,ITF6,18,Calabria,Calabria,1947131,931593,47.84,0.92
1443,2021-01-10,CAL,959,540,419,959,0,0,0,ITF,ITF6,18,Calabria,Calabria,1947131,932552,47.89,0.05
1444,2021-04-20,CAL,7911,3995,3916,6080,1753,78,0,ITF,ITF6,18,Calabria,Calabria,1947131,940463,48.3,0.41
1445,2021-01-22,CAL,662,276,386,660,2,0,0,ITF,ITF6,18,Calabria,Calabria,1947131,941125,48.33,0.03
1446,2021-05-02,CAL,12564,5863,6701,10582,1913,69,0,ITF,ITF6,18,Calabria,Calabria,1947131,953689,48.98,0.65
1447,2021-03-29,CAL,5788,2503,3285,3975,1777,36,0,ITF,ITF6,18,Calabria,Calabria,1947131,959477,49.28,0.3
1448,2021-01-31,CAL,1132,564,568,148,984,0,0,ITF,ITF6,18,Calabria,Calabria,1947131,960609,49.33,0.06
1449,2021-07-07,CAL,13978,6585,7393,3901,10000,77,0,ITF,ITF6,18,Calabria,Calabria,1947131,974587,50.05,0.72
1450,2021-03-25,CAL,7531,3558,3973,4548,2943,40,0,ITF,ITF6,18,Calabria,Calabria,1947131,982118,50.44,0.39
1451,2021-09-07,CAL,5890,2978,2912,2766,2980,144,0,ITF,ITF6,18,Calabria,Calabria,1947131,988008,50.74,0.3
1452,2021-06-16,CAL,18347,8477,9870,12127,6129,91,0,ITF,ITF6,18,Calabria,Calabria,1947131,1006355,51.68,0.94
1453,2021-02-15,CAL,1185,569,616,1015,165,5,0,ITF,ITF6,18,Calabria,Calabria,1947131,1007540,51.74,0.06
1454,2021-09-14,CAL,6531,3217,3314,2514,3887,130,0,ITF,ITF6,18,Calabria,Calabria,1947131,1014071,52.08,0.34
1455,2021-09-02,CAL,7548,3920,3628,3165,4261,122,0,ITF,ITF6,18,Calabria,Calabria,1947131,1021619,52.47,0.39
1456,2021-02-14,CAL,491,229,262,453,37,1,0,ITF,ITF6,18,Calabria,Calabria,1947131,1022110,52.49,0.03
1457,2021-08-16,CAL,6977,3566,3411,2375,4540,62,0,ITF,ITF6,18,Calabria,Calabria,1947131,1029087,52.85,0.36
1458,2021-02-12,CAL,1717,673,1044,943,768,6,0,ITF,ITF6,18,Calabria,Calabria,1947131,1030804,52.94,0.09
1459,2021-06-27,CAL,8426,3949,4477,4984,3400,42,0,ITF,ITF6,18,Calabria,Calabria,1947131,1039230,53.37,0.43
1460,2021-05-11,CAL,15153,7336,7817,10242,4838,73,0,ITF,ITF6,18,Calabria,Calabria,1947131,1054383,54.15,0.78
1461,2021-07-16,CAL,21061,10035,11026,3374,17610,77,0,ITF,ITF6,18,Calabria,Calabria,1947131,1075444,55.23,1.08
1462,2021-05-21,CAL,21379,10888,10491,13859,7411,109,0,ITF,ITF6,18,Calabria,Calabria,1947131,1096823,56.33,1.1
1463,2021-01-05,CAL,1557,734,823,1555,0,2,0,ITF,ITF6,18,Calabria,Calabria,1947131,1098380,56.41,0.08
1464,2021-09-11,CAL,4842,2580,2262,1912,2809,121,0,ITF,ITF6,18,Calabria,Calabria,1947131,1103222,56.66,0.25
1465,2021-06-18,CAL,18927,8815,10112,11284,7520,123,0,ITF,ITF6,18,Calabria,Calabria,1947131,1122149,57.63,0.97
1466,2021-03-10,CAL,6896,3513,3383,5477,1380,39,0,ITF,ITF6,18,Calabria,Calabria,1947131,1129045,57.99,0.35
1467,2021-08-23,CAL,7682,3815,3867,2792,4783,107,0,ITF,ITF6,18,Calabria,Calabria,1947131,1136727,58.38,0.39
1468,2021-06-02,CAL,12116,5805,6311,8786,3279,51,0,ITF,ITF6,18,Calabria,Calabria,1947131,1148843,59.0,0.62
1469,2021-08-07,CAL,9527,4874,4653,3019,6444,64,0,ITF,ITF6,18,Calabria,Calabria,1947131,1158370,59.49,0.49
1470,2021-05-16,CAL,13820,6743,7077,9919,3846,55,0,ITF,ITF6,18,Calabria,Calabria,1947131,1172190,60.2,0.71
1471,2021-08-24,CAL,6507,3228,3279,2320,4102,85,0,ITF,ITF6,18,Calabria,Calabria,1947131,1178697,60.54,0.33
1472,2021-07-21,CAL,22127,10625,11502,4512,17496,119,0,ITF,ITF6,18,Calabria,Calabria,1947131,1200824,61.67,1.14
1473,2021-01-17,CAL,915,441,474,809,100,6,0,ITF,ITF6,18,Calabria,Calabria,1947131,1201739,61.72,0.05
1474,2020-12-27,CAL,318,170,148,318,0,0,0,ITF,ITF6,18,Calabria,Calabria,1947131,1202057,61.73,0.02
1475,2021-04-06,CAL,8197,3737,4460,4464,3696,37,0,ITF,ITF6,18,Calabria,Calabria,1947131,1210254,62.16,0.42
1476,2021-02-08,CAL,1880,748,1132,667,1210,3,0,ITF,ITF6,18,Calabria,Calabria,1947131,1212134,62.25,0.1
1477,2021-04-03,CAL,9468,4096,5372,4534,4868,66,0,ITF,ITF6,18,Calabria,Calabria,1947131,1221602,62.74,0.49
1478,2021-01-28,CAL,2301,1145,1156,78,2223,0,0,ITF,ITF6,18,Calabria,Calabria,1947131,1223903,62.86,0.12
1479,2021-08-13,CAL,7593,3918,3675,2442,5082,69,0,ITF,ITF6,18,Calabria,Calabria,1947131,1231496,63.25,0.39
1480,2021-01-24,CAL,47,20,27,41,6,0,0,ITF,ITF6,18,Calabria,Calabria,1947131,1231543,63.25,0.0
1481,2021-07-09,CAL,15691,7313,8378,3634,11985,72,0,ITF,ITF6,18,Calabria,Calabria,1947131,1247234,64.05,0.81
1482,2021-08-21,CAL,3651,1862,1789,1441,2163,47,0,ITF,ITF6,18,Calabria,Calabria,1947131,1250885,64.24,0.19
1483,2021-09-23,CAL,5947,3090,2857,2868,2910,126,43,ITF,ITF6,18,Calabria,Calabria,1947131,1256832,64.55,0.31
1484,2021-01-12,CAL,2094,1035,1059,2085,0,9,0,ITF,ITF6,18,Calabria,Calabria,1947131,1258926,64.66,0.11
1485,2021-02-24,CAL,1954,997,957,1468,480,6,0,ITF,ITF6,18,Calabria,Calabria,1947131,1260880,64.76,0.1
1486,2021-06-01,CAL,12888,5977,6911,7883,4945,60,0,ITF,ITF6,18,Calabria,Calabria,1947131,1273768,65.42,0.66
1487,2021-09-09,CAL,6296,3151,3145,2395,3785,116,0,ITF,ITF6,18,Calabria,Calabria,1947131,1280064,65.74,0.32
1488,2021-05-13,CAL,15996,7699,8297,11176,4741,79,0,ITF,ITF6,18,Calabria,Calabria,1947131,1296060,66.56,0.82
1489,2021-02-19,CAL,1521,689,832,1248,264,9,0,ITF,ITF6,18,Calabria,Calabria,1947131,1297581,66.64,0.08
1490,2021-05-30,CAL,11011,5308,5703,6821,4154,36,0,ITF,ITF6,18,Calabria,Calabria,1947131,1308592,67.21,0.57
1491,2021-05-25,CAL,16428,8047,8381,10215,6126,87,0,ITF,ITF6,18,Calabria,Calabria,1947131,1325020,68.05,0.84
1492,2021-01-26,CAL,1900,914,986,272,1627,1,0,ITF,ITF6,18,Calabria,Calabria,1947131,1326920,68.15,0.1
1493,2021-07-28,CAL,21385,10737,10648,5893,15377,115,0,ITF,ITF6,18,Calabria,Calabria,1947131,1348305,69.25,1.1
1494,2021-04-22,CAL,9851,4926,4925,6852,2945,54,0,ITF,ITF6,18,Calabria,Calabria,1947131,1358156,69.75,0.51
1495,2021-05-06,CAL,13372,6326,7046,8921,4377,74,0,ITF,ITF6,18,Calabria,Calabria,1947131,1371528,70.44,0.69
1496,2021-03-24,CAL,8036,3674,4362,4587,3423,26,0,ITF,ITF6,18,Calabria,Calabria,1947131,1379564,70.85,0.41
1497,2021-04-10,CAL,11750,5317,6433,6831,4874,45,0,ITF,ITF6,18,Calabria,Calabria,1947131,1391314,71.45,0.6
1498,2021-04-24,CAL,19312,9609,9703,15758,3463,91,0,ITF,ITF6,18,Calabria,Calabria,1947131,1410626,72.45,0.99
1499,2021-02-26,CAL,3178,1688,1490,2698,464,16,0,ITF,ITF6,18,Calabria,Calabria,1947131,1413804,72.61,0.16
1500,2021-08-02,CAL,15083,7537,7546,3724,11301,58,0,ITF,ITF6,18,Calabria,Calabria,1947131,1428887,73.38,0.77
1501,2021-06-20,CAL,6651,3150,3501,3815,2808,28,0,ITF,ITF6,18,Calabria,Calabria,1947131,1435538,73.73,0.34
1502,2021-06-06,CAL,13814,6642,7172,12016,1725,73,0,ITF,ITF6,18,Calabria,Calabria,1947131,1449352,74.44,0.71
1503,2021-01-07,CAL,2226,1091,1135,2222,0,4,0,ITF,ITF6,18,Calabria,Calabria,1947131,1451578,74.55,0.11
1504,2021-06-13,CAL,6864,3369,3495,5730,1078,56,0,ITF,ITF6,18,Calabria,Calabria,1947131,1458442,74.9,0.35
1505,2021-04-17,CAL,10871,5082,5789,9031,1788,52,0,ITF,ITF6,18,Calabria,Calabria,1947131,1469313,75.46,0.56
1506,2021-09-21,CAL,6513,3442,3071,2698,3653,137,25,ITF,ITF6,18,Calabria,Calabria,1947131,1475826,75.79,0.33
1507,2021-05-01,CAL,16762,7986,8776,12400,4268,94,0,ITF,ITF6,18,Calabria,Calabria,1947131,1492588,76.66,0.86
1508,2021-03-05,CAL,6244,3624,2620,5649,579,16,0,ITF,ITF6,18,Calabria,Calabria,1947131,1498832,76.98,0.32
1509,2021-08-09,CAL,13165,6713,6452,4641,8361,163,0,ITF,ITF6,18,Calabria,Calabria,1947131,1511997,77.65,0.68
1510,2021-05-08,CAL,18597,8440,10157,10495,8018,84,0,ITF,ITF6,18,Calabria,Calabria,1947131,1530594,78.61,0.96
1511,2021-05-22,CAL,22208,10565,11643,14213,7904,91,0,ITF,ITF6,18,Calabria,Calabria,1947131,1552802,79.75,1.14
1512,2021-08-30,CAL,9371,4707,4664,3141,6104,126,0,ITF,ITF6,18,Calabria,Calabria,1947131,1562173,80.23,0.48
1513,2021-04-21,CAL,11645,5849,5796,8637,2943,65,0,ITF,ITF6,18,Calabria,Calabria,1947131,1573818,80.83,0.6
1514,2021-07-30,CAL,19735,10060,9675,5511,14096,128,0,ITF,ITF6,18,Calabria,Calabria,1947131,1593553,81.84,1.01
1515,2021-04-02,CAL,8564,3923,4641,4586,3944,34,0,ITF,ITF6,18,Calabria,Calabria,1947131,1602117,82.28,0.44
1516,2021-03-03,CAL,5128,2800,2328,4024,1090,14,0,ITF,ITF6,18,Calabria,Calabria,1947131,1607245,82.54,0.26
1517,2021-08-04,CAL,16017,8122,7895,4245,11669,103,0,ITF,ITF6,18,Calabria,Calabria,1947131,1623262,83.37,0.82
1518,2021-08-14,CAL,2233,1195,1038,728,1489,16,0,ITF,ITF6,18,Calabria,Calabria,1947131,1625495,83.48,0.11
1519,2021-07-14,CAL,22650,10682,11968,4156,18417,77,0,ITF,ITF6,18,Calabria,Calabria,1947131,1648145,84.64,1.16
1520,2021-04-05,CAL,3648,1731,1917,2675,960,13,0,ITF,ITF6,18,Calabria,Calabria,1947131,1651793,84.83,0.19
1521,2021-06-08,CAL,16690,7906,8784,14513,2053,124,0,ITF,ITF6,18,Calabria,Calabria,1947131,1668483,85.69,0.86
1522,2021-05-17,CAL,14911,7464,7447,10130,4723,58,0,ITF,ITF6,18,Calabria,Calabria,1947131,1683394,86.46,0.77
1523,2021-08-25,CAL,8847,4331,4516,3324,5386,137,0,ITF,ITF6,18,Calabria,Calabria,1947131,1692241,86.91,0.45
1524,2021-02-05,CAL,3866,1747,2119,472,3379,15,0,ITF,ITF6,18,Calabria,Calabria,1947131,1696107,87.11,0.2
1525,2021-04-29,CAL,12535,6098,6437,8656,3819,60,0,ITF,ITF6,18,Calabria,Calabria,1947131,1708642,87.75,0.64
1526,2021-04-12,CAL,7053,3430,3623,5355,1669,29,0,ITF,ITF6,18,Calabria,Calabria,1947131,1715695,88.11,0.36
1527,2021-01-19,CAL,1133,500,633,1118,13,2,0,ITF,ITF6,18,Calabria,Calabria,1947131,1716828,88.17,0.06
1528,2021-07-04,CAL,5959,2824,3135,1991,3932,36,0,ITF,ITF6,18,Calabria,Calabria,1947131,1722787,88.48,0.31
1529,2020-12-28,CAL,6,2,4,6,0,0,0,ITF,ITF6,18,Calabria,Calabria,1947131,1722793,88.48,0.0
1530,2021-06-03,CAL,14263,6659,7604,9589,4620,54,0,ITF,ITF6,18,Calabria,Calabria,1947131,1737056,89.21,0.73
1531,2021-04-07,CAL,9208,4183,5025,5071,4077,60,0,ITF,ITF6,18,Calabria,Calabria,1947131,1746264,89.68,0.47
1532,2021-02-23,CAL,1620,766,854,1496,119,5,0,ITF,ITF6,18,Calabria,Calabria,1947131,1747884,89.77,0.08
1533,2021-06-24,CAL,15424,7026,8398,6983,8360,81,0,ITF,ITF6,18,Calabria,Calabria,1947131,1763308,90.56,0.79
1534,2021-03-19,CAL,4275,2000,2275,1885,2383,7,0,ITF,ITF6,18,Calabria,Calabria,1947131,1767583,90.78,0.22
1535,2021-07-11,CAL,6435,2986,3449,846,5578,11,0,ITF,ITF6,18,Calabria,Calabria,1947131,1774018,91.11,0.33
1536,2021-09-18,CAL,5649,3044,2605,2879,2603,167,0,ITF,ITF6,18,Calabria,Calabria,1947131,1779667,91.4,0.29
1537,2021-06-10,CAL,15898,7335,8563,12983,2813,102,0,ITF,ITF6,18,Calabria,Calabria,1947131,1795565,92.22,0.82
1538,2021-06-29,CAL,13080,6042,7038,5352,7676,52,0,ITF,ITF6,18,Calabria,Calabria,1947131,1808645,92.89,0.67
1539,2021-05-03,CAL,14862,6808,8054,10464,4303,95,0,ITF,ITF6,18,Calabria,Calabria,1947131,1823507,93.65,0.76
1540,2021-03-21,CAL,4472,1932,2540,2725,1734,13,0,ITF,ITF6,18,Calabria,Calabria,1947131,1827979,93.88,0.23
1541,2021-06-17,CAL,15822,7229,8593,9595,6171,56,0,ITF,ITF6,18,Calabria,Calabria,1947131,1843801,94.69,0.81
1542,2021-03-26,CAL,8122,3854,4268,4948,3140,34,0,ITF,ITF6,18,Calabria,Calabria,1947131,1851923,95.11,0.42
1543,2021-09-08,CAL,7720,3984,3736,3299,4266,155,0,ITF,ITF6,18,Calabria,Calabria,1947131,1859643,95.51,0.4
1544,2021-02-21,CAL,674,308,366,594,79,1,0,ITF,ITF6,18,Calabria,Calabria,1947131,1860317,95.54,0.03
1545,2021-04-28,CAL,12579,6102,6477,9622,2884,73,0,ITF,ITF6,18,Calabria,Calabria,1947131,1872896,96.19,0.65
1546,2021-02-04,CAL,3679,1748,1931,647,3026,6,0,ITF,ITF6,18,Calabria,Calabria,1947131,1876575,96.38,0.19
1547,2021-05-15,CAL,27285,13059,14226,20267,6886,132,0,ITF,ITF6,18,Calabria,Calabria,1947131,1903860,97.78,1.4
1548,2021-08-06,CAL,15625,7935,7690,5083,10407,135,0,ITF,ITF6,18,Calabria,Calabria,1947131,1919485,98.58,0.8
1549,2021-02-02,CAL,2376,1170,1206,176,2200,0,0,ITF,ITF6,18,Calabria,Calabria,1947131,1921861,98.7,0.12
1550,2021-09-16,CAL,6893,3402,3491,2742,3991,160,0,ITF,ITF6,18,Calabria,Calabria,1947131,1928754,99.06,0.35
1551,2021-03-17,CAL,4208,1884,2324,2191,2006,11,0,ITF,ITF6,18,Calabria,Calabria,1947131,1932962,99.27,0.22
1552,2021-06-25,CAL,18839,8747,10092,8061,10689,89,0,ITF,ITF6,18,Calabria,Calabria,1947131,1951801,100.24,0.97
1553,2021-07-13,CAL,17441,8160,9281,2304,15066,71,0,ITF,ITF6,18,Calabria,Calabria,1947131,1969242,101.14,0.9
1554,2021-07-26,CAL,18796,9338,9458,5209,13492,95,0,ITF,ITF6,18,Calabria,Calabria,1947131,1988038,102.1,0.97
1555,2021-03-12,CAL,5165,2474,2691,4074,1067,24,0,ITF,ITF6,18,Calabria,Calabria,1947131,1993203,102.37,0.27
1556,2021-01-14,CAL,2679,1272,1407,2673,0,6,0,ITF,ITF6,18,Calabria,Calabria,1947131,1995882,102.5,0.14
1557,2021-09-20,CAL,7672,4126,3546,3380,4092,166,34,ITF,ITF6,18,Calabria,Calabria,1947131,2003554,102.9,0.39
1558,2021-03-31,CAL,9170,4184,4986,5067,4064,39,0,ITF,ITF6,18,Calabria,Calabria,1947131,2012724,103.37,0.47
1559,2021-07-06,CAL,12500,5754,6746,3824,8610,66,0,ITF,ITF6,18,Calabria,Calabria,1947131,2025224,104.01,0.64
1560,2021-01-16,CAL,2429,1140,1289,2426,0,3,0,ITF,ITF6,18,Calabria,Calabria,1947131,2027653,104.14,0.12
1561,2021-03-07,CAL,3418,1744,1674,3311,93,14,0,ITF,ITF6,18,Calabria,Calabria,1947131,2031071,104.31,0.18
1562,2021-08-11,CAL,11065,5677,5388,3524,7426,115,0,ITF,ITF6,18,Calabria,Calabria,1947131,2042136,104.88,0.57
1563,2021-06-15,CAL,15165,7054,8111,10240,4832,93,0,ITF,ITF6,18,Calabria,Calabria,1947131,2057301,105.66,0.78
1564,2021-03-14,CAL,2777,1073,1704,2283,487,7,0,ITF,ITF6,18,Calabria,Calabria,1947131,2060078,105.8,0.14
1565,2021-08-18,CAL,9461,4851,4610,3391,5970,100,0,ITF,ITF6,18,Calabria,Calabria,1947131,2069539,106.29,0.49
1566,2021-06-22,CAL,14628,6919,7709,7379,7152,97,0,ITF,ITF6,18,Calabria,Calabria,1947131,2084167,107.04,0.75
1567,2021-05-10,CAL,13177,6129,7048,7682,5422,73,0,ITF,ITF6,18,Calabria,Calabria,1947131,2097344,107.71,0.68
1568,2021-04-26,CAL,10195,5062,5133,7709,2435,51,0,ITF,ITF6,18,Calabria,Calabria,1947131,2107539,108.24,0.52
1569,2021-04-19,CAL,7911,3821,4090,6174,1689,48,0,ITF,ITF6,18,Calabria,Calabria,1947131,2115450,108.64,0.41
1570,2021-01-09,CAL,2107,1132,975,2099,0,8,0,ITF,ITF6,18,Calabria,Calabria,1947131,2117557,108.75,0.11
1571,2021-09-01,CAL,9142,4694,4448,3498,5497,147,0,ITF,ITF6,18,Calabria,Calabria,1947131,2126699,109.22,0.47
1572,2021-01-21,CAL,989,462,527,951,35,3,0,ITF,ITF6,18,Calabria,Calabria,1947131,2127688,109.27,0.05
1573,2021-08-20,CAL,7577,3828,3749,3018,4466,93,0,ITF,ITF6,18,Calabria,Calabria,1947131,2135265,109.66,0.39
1574,2021-04-09,CAL,8051,3778,4273,5063,2896,92,0,ITF,ITF6,18,Calabria,Calabria,1947131,2143316,110.08,0.41
1575,2021-09-13,CAL,8487,4294,4193,3217,5118,152,0,ITF,ITF6,18,Calabria,Calabria,1947131,2151803,110.51,0.44
1576,2021-07-18,CAL,8794,4207,4587,1280,7482,32,0,ITF,ITF6,18,Calabria,Calabria,1947131,2160597,110.96,0.45
1577,2021-06-05,CAL,20806,9716,11090,17636,3089,81,0,ITF,ITF6,18,Calabria,Calabria,1947131,2181403,112.03,1.07
1578,2021-02-28,CAL,2389,1089,1300,2227,159,3,0,ITF,ITF6,18,Calabria,Calabria,1947131,2183792,112.15,0.12
1579,2021-01-02,CAL,166,94,72,166,0,0,0,ITF,ITF6,18,Calabria,Calabria,1947131,2183958,112.16,0.01
1580,2021-06-23,CAL,17258,7880,9378,8147,9026,85,0,ITF,ITF6,18,Calabria,Calabria,1947131,2201216,113.05,0.89
1581,2021-03-13,CAL,7044,3052,3992,5948,1058,38,0,ITF,ITF6,18,Calabria,Calabria,1947131,2208260,113.41,0.36
1582,2021-01-15,CAL,2820,1267,1553,2814,0,6,0,ITF,ITF6,18,Calabria,Calabria,1947131,2211080,113.56,0.14
1583,2021-04-25,CAL,15900,8070,7830,14800,1032,68,0,ITF,ITF6,18,Calabria,Calabria,1947131,2226980,114.37,0.82
1584,2021-08-26,CAL,7210,3603,3607,3178,3909,123,0,ITF,ITF6,18,Calabria,Calabria,1947131,2234190,114.74,0.37
1585,2021-06-30,CAL,16396,7510,8886,7014,9280,102,0,ITF,ITF6,18,Calabria,Calabria,1947131,2250586,115.58,0.84
1586,2021-06-28,CAL,13311,6129,7182,5371,7871,69,0,ITF,ITF6,18,Calabria,Calabria,1947131,2263897,116.27,0.68
1587,2021-03-20,CAL,6808,3117,3691,4186,2604,18,0,ITF,ITF6,18,Calabria,Calabria,1947131,2270705,116.62,0.35
1588,2021-03-15,CAL,3671,1774,1897,2167,1492,12,0,ITF,ITF6,18,Calabria,Calabria,1947131,2274376,116.81,0.19
1589,2021-08-28,CAL,5312,2783,2529,1903,3316,93,0,ITF,ITF6,18,Calabria,Calabria,1947131,2279688,117.08,0.27
1590,2021-07-02,CAL,16279,7537,8742,6235,9956,88,0,ITF,ITF6,18,Calabria,Calabria,1947131,2295967,117.92,0.84
1591,2021-05-20,CAL,17000,8509,8491,11271,5660,69,0,ITF,ITF6,18,Calabria,Calabria,1947131,2312967,118.79,0.87
1592,2021-02-07,CAL,873,435,438,143,728,2,0,ITF,ITF6,18,Calabria,Calabria,1947131,2313840,118.83,0.04
1593,2021-05-18,CAL,15345,7678,7667,11848,3428,69,0,ITF,ITF6,18,Calabria,Calabria,1947131,2329185,119.62,0.79
1594,2021-03-22,CAL,5012,2355,2657,3184,1805,23,0,ITF,ITF6,18,Calabria,Calabria,1947131,2334197,119.88,0.26
1595,2021-09-04,CAL,5566,2962,2604,2331,3129,106,0,ITF,ITF6,18,Calabria,Calabria,1947131,2339763,120.16,0.29
1596,2021-02-09,CAL,2180,923,1257,954,1216,10,0,ITF,ITF6,18,Calabria,Calabria,1947131,2341943,120.28,0.11
1597,2021-05-29,CAL,19306,8965,10341,9354,9877,75,0,ITF,ITF6,18,Calabria,Calabria,1947131,2361249,121.27,0.99
1598,2021-09-06,CAL,7999,4114,3885,3438,4422,139,0,ITF,ITF6,18,Calabria,Calabria,1947131,2369248,121.68,0.41
1599,2021-07-25,CAL,6951,3571,3380,1467,5452,32,0,ITF,ITF6,18,Calabria,Calabria,1947131,2376199,122.04,0.36
1600,2021-04-14,CAL,8100,3912,4188,6588,1462,50,0,ITF,ITF6,18,Calabria,Calabria,1947131,2384299,122.45,0.42
1601,2021-02-16,CAL,1756,746,1010,1469,281,6,0,ITF,ITF6,18,Calabria,Calabria,1947131,2386055,122.54,0.09
1602,2021-07-23,CAL,22756,11353,11403,5557,17094,105,0,ITF,ITF6,18,Calabria,Calabria,1947131,2408811,123.71,1.17
1603,2021-05-27,CAL,17679,8744,8935,9771,7825,83,0,ITF,ITF6,18,Calabria,Calabria,1947131,2426490,124.62,0.91
1604,2021-08-01,CAL,4895,2562,2333,1172,3699,24,0,ITF,ITF6,18,Calabria,Calabria,1947131,2431385,124.87,0.25
1605,2021-04-06,UMB,5294,2167,3127,2865,2392,37,0,ITI,ITI2,10,Umbria,Umbria,882015,5294,0.6,0.6
1606,2021-03-28,UMB,1097,441,656,1042,24,31,0,ITI,ITI2,10,Umbria,Umbria,882015,6391,0.72,0.12
1607,2021-01-30,UMB,1575,486,1089,43,1532,0,0,ITI,ITI2,10,Umbria,Umbria,882015,7966,0.9,0.18
1608,2021-02-13,UMB,114,27,87,111,3,0,0,ITI,ITI2,10,Umbria,Umbria,882015,8080,0.92,0.01
1609,2021-05-24,UMB,9079,4521,4558,8031,882,166,0,ITI,ITI2,10,Umbria,Umbria,882015,17159,1.95,1.03
1610,2021-04-18,UMB,1532,681,851,578,931,23,0,ITI,ITI2,10,Umbria,Umbria,882015,18691,2.12,0.17
1611,2021-01-11,UMB,1338,365,973,1338,0,0,0,ITI,ITI2,10,Umbria,Umbria,882015,20029,2.27,0.15
1612,2021-07-27,UMB,8148,4093,4055,2695,5337,116,0,ITI,ITI2,10,Umbria,Umbria,882015,28177,3.19,0.92
1613,2021-05-05,UMB,7224,3306,3918,3834,3306,84,0,ITI,ITI2,10,Umbria,Umbria,882015,35401,4.01,0.82
1614,2021-06-02,UMB,3926,1886,2040,3804,42,80,0,ITI,ITI2,10,Umbria,Umbria,882015,39327,4.46,0.45
1615,2021-09-10,UMB,4545,2486,2059,722,3778,45,0,ITI,ITI2,10,Umbria,Umbria,882015,43872,4.97,0.52
1616,2021-02-20,UMB,283,101,182,259,24,0,0,ITI,ITI2,10,Umbria,Umbria,882015,44155,5.01,0.03
1617,2021-03-09,UMB,4093,2003,2090,2797,1288,8,0,ITI,ITI2,10,Umbria,Umbria,882015,48248,5.47,0.46
1618,2021-04-23,UMB,6659,2821,3838,3301,3159,199,0,ITI,ITI2,10,Umbria,Umbria,882015,54907,6.23,0.75
1619,2021-02-25,UMB,1334,496,838,1274,52,8,0,ITI,ITI2,10,Umbria,Umbria,882015,56241,6.38,0.15
1620,2021-03-11,UMB,3687,1799,1888,2668,1008,11,0,ITI,ITI2,10,Umbria,Umbria,882015,59928,6.79,0.42
1621,2021-01-13,UMB,452,140,312,452,0,0,0,ITI,ITI2,10,Umbria,Umbria,882015,60380,6.85,0.05
1622,2021-06-19,UMB,4590,2207,2383,2462,2034,94,0,ITI,ITI2,10,Umbria,Umbria,882015,64970,7.37,0.52
1623,2021-09-22,UMB,2720,1464,1256,1037,1473,37,173,ITI,ITI2,10,Umbria,Umbria,882015,67690,7.67,0.31
1624,2021-08-10,UMB,7403,3935,3468,4001,3258,144,0,ITI,ITI2,10,Umbria,Umbria,882015,75093,8.51,0.84
1625,2021-06-14,UMB,5388,2750,2638,3253,2016,119,0,ITI,ITI2,10,Umbria,Umbria,882015,80481,9.12,0.61
1626,2021-09-05,UMB,3390,1798,1592,258,3117,15,0,ITI,ITI2,10,Umbria,Umbria,882015,83871,9.51,0.38
1627,2021-03-23,UMB,3828,1714,2114,2159,1632,37,0,ITI,ITI2,10,Umbria,Umbria,882015,87699,9.94,0.43
1628,2021-08-27,UMB,4601,2418,2183,1499,3000,102,0,ITI,ITI2,10,Umbria,Umbria,882015,92300,10.46,0.52
1629,2021-07-01,UMB,9750,4821,4929,3303,6293,154,0,ITI,ITI2,10,Umbria,Umbria,882015,102050,11.57,1.11
1630,2021-02-08,UMB,637,203,434,88,549,0,0,ITI,ITI2,10,Umbria,Umbria,882015,102687,11.64,0.07
1631,2021-08-15,UMB,4395,2387,2008,2870,1382,143,0,ITI,ITI2,10,Umbria,Umbria,882015,107082,12.14,0.5
1632,2021-07-29,UMB,8205,4228,3977,2145,5941,119,0,ITI,ITI2,10,Umbria,Umbria,882015,115287,13.07,0.93
1633,2021-05-07,UMB,10134,4716,5418,6656,3192,286,0,ITI,ITI2,10,Umbria,Umbria,882015,125421,14.22,1.15
1634,2021-08-29,UMB,1947,1004,943,684,1254,9,0,ITI,ITI2,10,Umbria,Umbria,882015,127368,14.44,0.22
1635,2021-09-24,UMB,1579,845,734,545,783,34,217,ITI,ITI2,10,Umbria,Umbria,882015,128947,14.62,0.18
1636,2021-07-03,UMB,6481,3248,3233,2831,3498,152,0,ITI,ITI2,10,Umbria,Umbria,882015,135428,15.35,0.73
1637,2021-07-20,UMB,8270,4108,4162,1096,7090,84,0,ITI,ITI2,10,Umbria,Umbria,882015,143698,16.29,0.94
1638,2021-07-15,UMB,10579,5179,5400,567,9913,99,0,ITI,ITI2,10,Umbria,Umbria,882015,154277,17.49,1.2
1639,2021-07-08,UMB,9577,4634,4943,179,9350,48,0,ITI,ITI2,10,Umbria,Umbria,882015,163854,18.58,1.09
1640,2021-05-12,UMB,6528,3038,3490,4209,2149,170,0,ITI,ITI2,10,Umbria,Umbria,882015,170382,19.32,0.74
1641,2021-01-25,UMB,649,322,327,5,644,0,0,ITI,ITI2,10,Umbria,Umbria,882015,171031,19.39,0.07
1642,2021-04-04,UMB,57,20,37,22,35,0,0,ITI,ITI2,10,Umbria,Umbria,882015,171088,19.4,0.01
1643,2021-06-07,UMB,6961,3436,3525,6087,696,178,0,ITI,ITI2,10,Umbria,Umbria,882015,178049,20.19,0.79
1644,2021-09-15,UMB,3689,1910,1779,890,2729,70,0,ITI,ITI2,10,Umbria,Umbria,882015,181738,20.6,0.42
1645,2021-03-16,UMB,3538,1454,2084,1909,1627,2,0,ITI,ITI2,10,Umbria,Umbria,882015,185276,21.01,0.4
1646,2021-02-27,UMB,1658,354,1304,1642,16,0,0,ITI,ITI2,10,Umbria,Umbria,882015,186934,21.19,0.19
1647,2021-08-22,UMB,1470,773,697,479,977,14,0,ITI,ITI2,10,Umbria,Umbria,882015,188404,21.36,0.17
1648,2021-05-31,UMB,5823,2847,2976,4852,886,85,0,ITI,ITI2,10,Umbria,Umbria,882015,194227,22.02,0.66
1649,2021-05-14,UMB,5347,2526,2821,3353,1819,175,0,ITI,ITI2,10,Umbria,Umbria,882015,199574,22.63,0.61
1650,2021-01-06,UMB,847,326,521,847,0,0,0,ITI,ITI2,10,Umbria,Umbria,882015,200421,22.72,0.1
1651,2021-06-12,UMB,7724,3690,4034,5961,1580,183,0,ITI,ITI2,10,Umbria,Umbria,882015,208145,23.6,0.88
1652,2021-04-16,UMB,8102,3745,4357,6085,1838,179,0,ITI,ITI2,10,Umbria,Umbria,882015,216247,24.52,0.92
1653,2021-04-30,UMB,6259,2972,3287,2736,3401,122,0,ITI,ITI2,10,Umbria,Umbria,882015,222506,25.23,0.71
1654,2021-03-04,UMB,4486,1856,2630,3644,827,15,0,ITI,ITI2,10,Umbria,Umbria,882015,226992,25.74,0.51
1655,2021-08-08,UMB,5066,2712,2354,3556,1414,96,0,ITI,ITI2,10,Umbria,Umbria,882015,232058,26.31,0.57
1656,2021-01-20,UMB,603,221,382,603,0,0,0,ITI,ITI2,10,Umbria,Umbria,882015,232661,26.38,0.07
1657,2021-09-17,UMB,3293,1768,1525,817,2429,47,0,ITI,ITI2,10,Umbria,Umbria,882015,235954,26.75,0.37
1658,2021-03-18,UMB,2987,1179,1808,1713,1266,8,0,ITI,ITI2,10,Umbria,Umbria,882015,238941,27.09,0.34
1659,2021-06-26,UMB,9381,4758,4623,5579,3639,163,0,ITI,ITI2,10,Umbria,Umbria,882015,248322,28.15,1.06
1660,2021-07-10,UMB,7690,3810,3880,66,7610,14,0,ITI,ITI2,10,Umbria,Umbria,882015,256012,29.03,0.87
1661,2021-07-22,UMB,10077,4925,5152,1653,8318,106,0,ITI,ITI2,10,Umbria,Umbria,882015,266089,30.17,1.14
1662,2021-01-01,UMB,273,104,169,273,0,0,0,ITI,ITI2,10,Umbria,Umbria,882015,266362,30.2,0.03
1663,2021-04-11,UMB,3101,1506,1595,3035,49,17,0,ITI,ITI2,10,Umbria,Umbria,882015,269463,30.55,0.35
1664,2021-01-18,UMB,622,224,398,532,90,0,0,ITI,ITI2,10,Umbria,Umbria,882015,270085,30.62,0.07
1665,2021-05-19,UMB,9432,4219,5213,5599,3745,88,0,ITI,ITI2,10,Umbria,Umbria,882015,279517,31.69,1.07
1666,2021-02-06,UMB,437,163,274,34,403,0,0,ITI,ITI2,10,Umbria,Umbria,882015,279954,31.74,0.05
1667,2021-03-30,UMB,3991,1738,2253,2407,1546,38,0,ITI,ITI2,10,Umbria,Umbria,882015,283945,32.19,0.45
1668,2020-12-27,UMB,90,49,41,90,0,0,0,ITI,ITI2,10,Umbria,Umbria,882015,284035,32.2,0.01
1669,2021-02-22,UMB,1892,807,1085,1806,86,0,0,ITI,ITI2,10,Umbria,Umbria,882015,285927,32.42,0.21
1670,2021-09-21,UMB,3092,1676,1416,1080,1828,63,121,ITI,ITI2,10,Umbria,Umbria,882015,289019,32.77,0.35
1671,2021-04-03,UMB,2099,712,1387,1035,1054,10,0,ITI,ITI2,10,Umbria,Umbria,882015,291118,33.01,0.24
1672,2021-07-12,UMB,4632,2242,2390,105,4515,12,0,ITI,ITI2,10,Umbria,Umbria,882015,295750,33.53,0.53
1673,2021-02-01,UMB,1285,342,943,48,1237,0,0,ITI,ITI2,10,Umbria,Umbria,882015,297035,33.68,0.15
1674,2021-02-18,UMB,1497,583,914,1029,467,1,0,ITI,ITI2,10,Umbria,Umbria,882015,298532,33.85,0.17
1675,2021-08-12,UMB,7358,3904,3454,4590,2546,222,0,ITI,ITI2,10,Umbria,Umbria,882015,305890,34.68,0.83
1676,2021-06-30,UMB,10553,5326,5227,3675,6727,151,0,ITI,ITI2,10,Umbria,Umbria,882015,316443,35.88,1.2
1677,2021-09-02,UMB,4362,2269,2093,959,3362,41,0,ITI,ITI2,10,Umbria,Umbria,882015,320805,36.37,0.49
1678,2021-07-07,UMB,9499,4502,4997,88,9380,31,0,ITI,ITI2,10,Umbria,Umbria,882015,330304,37.45,1.08
1679,2021-04-20,UMB,5451,2365,3086,3429,1947,75,0,ITI,ITI2,10,Umbria,Umbria,882015,335755,38.07,0.62
1680,2021-01-27,UMB,842,330,512,13,829,0,0,ITI,ITI2,10,Umbria,Umbria,882015,336597,38.16,0.1
1681,2021-01-10,UMB,1067,274,793,1067,0,0,0,ITI,ITI2,10,Umbria,Umbria,882015,337664,38.28,0.12
1682,2021-05-21,UMB,8983,3673,5310,4068,4831,84,0,ITI,ITI2,10,Umbria,Umbria,882015,346647,39.3,1.02
1683,2021-05-04,UMB,5544,2547,2997,2355,3127,62,0,ITI,ITI2,10,Umbria,Umbria,882015,352191,39.93,0.63
1684,2021-09-07,UMB,4820,2494,2326,1026,3717,77,0,ITI,ITI2,10,Umbria,Umbria,882015,357011,40.48,0.55
1685,2021-05-30,UMB,5982,2999,2983,5662,202,118,0,ITI,ITI2,10,Umbria,Umbria,882015,362993,41.15,0.68
1686,2021-03-08,UMB,3701,1825,1876,2327,1361,13,0,ITI,ITI2,10,Umbria,Umbria,882015,366694,41.57,0.42
1687,2021-06-16,UMB,6326,3095,3231,3072,3100,154,0,ITI,ITI2,10,Umbria,Umbria,882015,373020,42.29,0.72
1688,2021-03-25,UMB,3937,1728,2209,2826,1064,47,0,ITI,ITI2,10,Umbria,Umbria,882015,376957,42.74,0.45
1689,2021-09-19,UMB,1002,542,460,479,496,27,0,ITI,ITI2,10,Umbria,Umbria,882015,377959,42.85,0.11
1690,2021-06-11,UMB,7013,3519,3494,6003,772,238,0,ITI,ITI2,10,Umbria,Umbria,882015,384972,43.65,0.8
1691,2021-09-14,UMB,2817,1442,1375,415,2374,28,0,ITI,ITI2,10,Umbria,Umbria,882015,387789,43.97,0.32
1692,2021-01-08,UMB,1193,344,849,1193,0,0,0,ITI,ITI2,10,Umbria,Umbria,882015,388982,44.1,0.14
1693,2021-05-23,UMB,5074,1857,3217,637,4421,16,0,ITI,ITI2,10,Umbria,Umbria,882015,394056,44.68,0.58
1694,2021-08-31,UMB,4137,2139,1998,1223,2844,70,0,ITI,ITI2,10,Umbria,Umbria,882015,398193,45.15,0.47
1695,2021-08-07,UMB,7235,3803,3432,2543,4620,72,0,ITI,ITI2,10,Umbria,Umbria,882015,405428,45.97,0.82
1696,2021-05-16,UMB,5227,2493,2734,5087,50,90,0,ITI,ITI2,10,Umbria,Umbria,882015,410655,46.56,0.59
1697,2021-08-24,UMB,4440,2248,2192,1876,2476,88,0,ITI,ITI2,10,Umbria,Umbria,882015,415095,47.06,0.5
1698,2021-08-05,UMB,9707,5078,4629,3838,5701,168,0,ITI,ITI2,10,Umbria,Umbria,882015,424802,48.16,1.1
1699,2021-07-19,UMB,7672,3842,3830,1527,6044,101,0,ITI,ITI2,10,Umbria,Umbria,882015,432474,49.03,0.87
1700,2021-04-27,UMB,5669,2401,3268,3056,2578,35,0,ITI,ITI2,10,Umbria,Umbria,882015,438143,49.68,0.64
1701,2021-04-01,UMB,4474,1911,2563,2326,2110,38,0,ITI,ITI2,10,Umbria,Umbria,882015,442617,50.18,0.51
1702,2021-03-01,UMB,1505,775,730,1385,114,6,0,ITI,ITI2,10,Umbria,Umbria,882015,444122,50.35,0.17
1703,2021-06-09,UMB,8163,3951,4212,7137,725,301,0,ITI,ITI2,10,Umbria,Umbria,882015,452285,51.28,0.93
1704,2021-06-23,UMB,11360,5806,5554,7678,3412,270,0,ITI,ITI2,10,Umbria,Umbria,882015,463645,52.57,1.29
1705,2021-04-25,UMB,4361,1686,2675,3868,83,410,0,ITI,ITI2,10,Umbria,Umbria,882015,468006,53.06,0.49
1706,2021-08-03,UMB,9208,4762,4446,3503,5520,185,0,ITI,ITI2,10,Umbria,Umbria,882015,477214,54.1,1.04
1707,2021-08-17,UMB,3670,1913,1757,2493,1088,89,0,ITI,ITI2,10,Umbria,Umbria,882015,480884,54.52,0.42
1708,2021-06-21,UMB,7553,3953,3600,5068,2338,147,0,ITI,ITI2,10,Umbria,Umbria,882015,488437,55.38,0.86
1709,2021-05-11,UMB,6260,2842,3418,3925,2193,142,0,ITI,ITI2,10,Umbria,Umbria,882015,494697,56.09,0.71
1710,2021-03-27,UMB,4253,1515,2738,3857,340,56,0,ITI,ITI2,10,Umbria,Umbria,882015,498950,56.57,0.48
1711,2021-08-14,UMB,5856,3233,2623,2919,2786,151,0,ITI,ITI2,10,Umbria,Umbria,882015,504806,57.23,0.66
1712,2021-03-17,UMB,3331,1313,2018,1855,1474,2,0,ITI,ITI2,10,Umbria,Umbria,882015,508137,57.61,0.38
1713,2021-01-07,UMB,1301,388,913,1301,0,0,0,ITI,ITI2,10,Umbria,Umbria,882015,509438,57.76,0.15
1714,2021-04-08,UMB,5904,2525,3379,4024,1807,73,0,ITI,ITI2,10,Umbria,Umbria,882015,515342,58.43,0.67
1715,2021-09-12,UMB,3057,1655,1402,463,2579,15,0,ITI,ITI2,10,Umbria,Umbria,882015,518399,58.77,0.35
1716,2021-07-17,UMB,7675,3858,3817,1287,6240,148,0,ITI,ITI2,10,Umbria,Umbria,882015,526074,59.64,0.87
1717,2021-06-04,UMB,8931,4415,4516,7541,1206,184,0,ITI,ITI2,10,Umbria,Umbria,882015,535005,60.66,1.01
1718,2021-06-13,UMB,6767,3558,3209,6392,230,145,0,ITI,ITI2,10,Umbria,Umbria,882015,541772,61.42,0.77
1719,2021-02-03,UMB,727,174,553,67,660,0,0,ITI,ITI2,10,Umbria,Umbria,882015,542499,61.51,0.08
1720,2021-02-05,UMB,783,234,549,18,765,0,0,ITI,ITI2,10,Umbria,Umbria,882015,543282,61.6,0.09
1721,2021-03-06,UMB,4308,1149,3159,4136,138,34,0,ITI,ITI2,10,Umbria,Umbria,882015,547590,62.08,0.49
1722,2021-01-22,UMB,276,105,171,32,244,0,0,ITI,ITI2,10,Umbria,Umbria,882015,547866,62.12,0.03
1723,2021-06-28,UMB,9832,4844,4988,3712,5991,129,0,ITI,ITI2,10,Umbria,Umbria,882015,557698,63.23,1.11
1724,2021-05-02,UMB,3782,1867,1915,1298,2455,29,0,ITI,ITI2,10,Umbria,Umbria,882015,561480,63.66,0.43
1725,2021-03-20,UMB,2320,845,1475,2290,25,5,0,ITI,ITI2,10,Umbria,Umbria,882015,563800,63.92,0.26
1726,2021-03-15,UMB,4600,1941,2659,2826,1770,4,0,ITI,ITI2,10,Umbria,Umbria,882015,568400,64.44,0.52
1727,2021-02-10,UMB,715,350,365,700,15,0,0,ITI,ITI2,10,Umbria,Umbria,882015,569115,64.52,0.08
1728,2021-09-18,UMB,2891,1574,1317,1260,1580,51,0,ITI,ITI2,10,Umbria,Umbria,882015,572006,64.85,0.33
1729,2021-06-25,UMB,10245,5321,4924,5255,4787,203,0,ITI,ITI2,10,Umbria,Umbria,882015,582251,66.01,1.16
1730,2021-01-26,UMB,816,390,426,17,799,0,0,ITI,ITI2,10,Umbria,Umbria,882015,583067,66.11,0.09
1731,2021-05-01,UMB,5381,2643,2738,2100,3235,46,0,ITI,ITI2,10,Umbria,Umbria,882015,588448,66.72,0.61
1732,2021-03-05,UMB,4625,1403,3222,3951,659,15,0,ITI,ITI2,10,Umbria,Umbria,882015,593073,67.24,0.52
1733,2021-08-09,UMB,6697,3548,3149,3503,3034,160,0,ITI,ITI2,10,Umbria,Umbria,882015,599770,68.0,0.76
1734,2021-03-03,UMB,4433,1772,2661,3719,711,3,0,ITI,ITI2,10,Umbria,Umbria,882015,604203,68.5,0.5
1735,2021-08-19,UMB,5730,3042,2688,3940,1611,179,0,ITI,ITI2,10,Umbria,Umbria,882015,609933,69.15,0.65
1736,2021-08-26,UMB,4059,2150,1909,1789,2159,111,0,ITI,ITI2,10,Umbria,Umbria,882015,613992,69.61,0.46
1737,2021-07-21,UMB,9857,4914,4943,1233,8537,87,0,ITI,ITI2,10,Umbria,Umbria,882015,623849,70.73,1.12
1738,2021-07-04,UMB,3411,1741,1670,2342,971,98,0,ITI,ITI2,10,Umbria,Umbria,882015,627260,71.12,0.39
1739,2021-04-12,UMB,7093,3081,4012,5316,1717,60,0,ITI,ITI2,10,Umbria,Umbria,882015,634353,71.92,0.8
1740,2021-01-19,UMB,102,23,79,102,0,0,0,ITI,ITI2,10,Umbria,Umbria,882015,634455,71.93,0.01
1741,2021-04-29,UMB,5240,2261,2979,2806,2343,91,0,ITI,ITI2,10,Umbria,Umbria,882015,639695,72.53,0.59
1742,2021-03-24,UMB,4108,1794,2314,2746,1323,39,0,ITI,ITI2,10,Umbria,Umbria,882015,643803,72.99,0.47
1743,2021-07-02,UMB,8757,4330,4427,2966,5610,181,0,ITI,ITI2,10,Umbria,Umbria,882015,652560,73.99,0.99
1744,2021-06-18,UMB,4814,2374,2440,1569,3166,79,0,ITI,ITI2,10,Umbria,Umbria,882015,657374,74.53,0.55
1745,2021-07-05,UMB,8424,4083,4341,152,8258,14,0,ITI,ITI2,10,Umbria,Umbria,882015,665798,75.49,0.96
1746,2021-05-13,UMB,5945,2671,3274,3731,2085,129,0,ITI,ITI2,10,Umbria,Umbria,882015,671743,76.16,0.67
1747,2021-08-21,UMB,2793,1465,1328,1613,1115,65,0,ITI,ITI2,10,Umbria,Umbria,882015,674536,76.48,0.32
1748,2021-02-19,UMB,743,293,450,525,217,1,0,ITI,ITI2,10,Umbria,Umbria,882015,675279,76.56,0.08
1749,2021-03-13,UMB,1735,524,1211,1486,249,0,0,ITI,ITI2,10,Umbria,Umbria,882015,677014,76.76,0.2
1750,2021-01-15,UMB,698,213,485,698,0,0,0,ITI,ITI2,10,Umbria,Umbria,882015,677712,76.84,0.08
1751,2021-01-29,UMB,1240,350,890,79,1161,0,0,ITI,ITI2,10,Umbria,Umbria,882015,678952,76.98,0.14
1752,2021-05-09,UMB,5764,2756,3008,5253,391,120,0,ITI,ITI2,10,Umbria,Umbria,882015,684716,77.63,0.65
1753,2021-02-12,UMB,674,224,450,668,6,0,0,ITI,ITI2,10,Umbria,Umbria,882015,685390,77.71,0.08
1754,2021-02-26,UMB,660,253,407,650,8,2,0,ITI,ITI2,10,Umbria,Umbria,882015,686050,77.78,0.07
1755,2021-05-06,UMB,9474,4326,5148,6028,3316,130,0,ITI,ITI2,10,Umbria,Umbria,882015,695524,78.86,1.07
1756,2021-08-11,UMB,7624,4088,3536,3719,3718,187,0,ITI,ITI2,10,Umbria,Umbria,882015,703148,79.72,0.86
1757,2021-06-06,UMB,7611,3906,3705,6791,694,126,0,ITI,ITI2,10,Umbria,Umbria,882015,710759,80.58,0.86
1758,2021-02-24,UMB,1521,564,957,1506,15,0,0,ITI,ITI2,10,Umbria,Umbria,882015,712280,80.76,0.17
1759,2021-03-29,UMB,3639,1605,2034,2153,1424,62,0,ITI,ITI2,10,Umbria,Umbria,882015,715919,81.17,0.41
1760,2021-01-31,UMB,1061,276,785,25,1036,0,0,ITI,ITI2,10,Umbria,Umbria,882015,716980,81.29,0.12
1761,2021-05-25,UMB,8827,4304,4523,7588,1066,173,0,ITI,ITI2,10,Umbria,Umbria,882015,725807,82.29,1.0
1762,2021-04-10,UMB,7407,3483,3924,7187,86,134,0,ITI,ITI2,10,Umbria,Umbria,882015,733214,83.13,0.84
1763,2021-01-17,UMB,55,17,38,55,0,0,0,ITI,ITI2,10,Umbria,Umbria,882015,733269,83.14,0.01
1764,2020-12-31,UMB,322,127,195,322,0,0,0,ITI,ITI2,10,Umbria,Umbria,882015,733591,83.17,0.04
1765,2021-01-24,UMB,258,106,152,1,257,0,0,ITI,ITI2,10,Umbria,Umbria,882015,733849,83.2,0.03
1766,2021-08-16,UMB,3524,1744,1780,1980,1475,69,0,ITI,ITI2,10,Umbria,Umbria,882015,737373,83.6,0.4
1767,2021-08-30,UMB,1953,953,1000,1499,372,82,0,ITI,ITI2,10,Umbria,Umbria,882015,739326,83.82,0.22
1768,2021-06-08,UMB,7422,3659,3763,6656,558,208,0,ITI,ITI2,10,Umbria,Umbria,882015,746748,84.66,0.84
1769,2021-09-16,UMB,4342,2270,2072,651,3638,53,0,ITI,ITI2,10,Umbria,Umbria,882015,751090,85.16,0.49
1770,2021-08-04,UMB,10673,5542,5131,3312,7195,166,0,ITI,ITI2,10,Umbria,Umbria,882015,761763,86.37,1.21
1771,2021-09-04,UMB,3437,1777,1660,1099,2276,62,0,ITI,ITI2,10,Umbria,Umbria,882015,765200,86.76,0.39
1772,2021-07-09,UMB,9570,4632,4938,129,9417,24,0,ITI,ITI2,10,Umbria,Umbria,882015,774770,87.84,1.09
1773,2021-07-23,UMB,10673,5455,5218,1336,9231,106,0,ITI,ITI2,10,Umbria,Umbria,882015,785443,89.05,1.21
1774,2021-08-28,UMB,2771,1429,1342,1358,1342,71,0,ITI,ITI2,10,Umbria,Umbria,882015,788214,89.37,0.31
1775,2021-07-16,UMB,9633,4900,4733,665,8889,79,0,ITI,ITI2,10,Umbria,Umbria,882015,797847,90.46,1.09
1776,2021-05-20,UMB,9874,4610,5264,6106,3658,110,0,ITI,ITI2,10,Umbria,Umbria,882015,807721,91.58,1.12
1777,2021-09-11,UMB,3387,1870,1517,641,2703,43,0,ITI,ITI2,10,Umbria,Umbria,882015,811108,91.96,0.38
1778,2021-09-01,UMB,4600,2371,2229,1136,3405,59,0,ITI,ITI2,10,Umbria,Umbria,882015,815708,92.48,0.52
1779,2021-06-10,UMB,7570,3770,3800,6465,791,314,0,ITI,ITI2,10,Umbria,Umbria,882015,823278,93.34,0.86
1780,2021-08-13,UMB,6977,3871,3106,4249,2526,202,0,ITI,ITI2,10,Umbria,Umbria,882015,830255,94.13,0.79
1781,2021-05-18,UMB,7767,3364,4403,3836,3841,90,0,ITI,ITI2,10,Umbria,Umbria,882015,838022,95.01,0.88
1782,2021-03-22,UMB,3562,1657,1905,2306,1246,10,0,ITI,ITI2,10,Umbria,Umbria,882015,841584,95.42,0.4
1783,2021-04-05,UMB,4251,1729,2522,2182,2057,12,0,ITI,ITI2,10,Umbria,Umbria,882015,845835,95.9,0.48
1784,2021-02-07,UMB,55,17,38,1,54,0,0,ITI,ITI2,10,Umbria,Umbria,882015,845890,95.9,0.01
1785,2021-07-14,UMB,6208,3011,3197,1634,4264,310,0,ITI,ITI2,10,Umbria,Umbria,882015,852098,96.61,0.7
1786,2021-06-27,UMB,7480,3738,3742,1731,5671,78,0,ITI,ITI2,10,Umbria,Umbria,882015,859578,97.46,0.85
1787,2021-06-15,UMB,5993,3018,2975,3798,2075,120,0,ITI,ITI2,10,Umbria,Umbria,882015,865571,98.14,0.68
1788,2021-09-23,UMB,2854,1528,1326,978,1613,52,211,ITI,ITI2,10,Umbria,Umbria,882015,868425,98.46,0.32
1789,2021-06-17,UMB,6980,3545,3435,4751,2082,147,0,ITI,ITI2,10,Umbria,Umbria,882015,875405,99.25,0.79
1790,2021-03-26,UMB,4604,1721,2883,4345,175,84,0,ITI,ITI2,10,Umbria,Umbria,882015,880009,99.77,0.52
1791,2021-01-02,UMB,304,111,193,304,0,0,0,ITI,ITI2,10,Umbria,Umbria,882015,880313,99.81,0.03
1792,2021-08-23,UMB,5294,2824,2470,1546,3664,84,0,ITI,ITI2,10,Umbria,Umbria,882015,885607,100.41,0.6
1793,2021-09-09,UMB,5454,2837,2617,1037,4365,52,0,ITI,ITI2,10,Umbria,Umbria,882015,891061,101.03,0.62
1794,2021-06-01,UMB,4390,2090,2300,4162,156,72,0,ITI,ITI2,10,Umbria,Umbria,882015,895451,101.52,0.5
1795,2021-03-10,UMB,4033,1944,2089,2761,1257,15,0,ITI,ITI2,10,Umbria,Umbria,882015,899484,101.98,0.46
1796,2021-08-18,UMB,4707,2464,2243,3442,1146,119,0,ITI,ITI2,10,Umbria,Umbria,882015,904191,102.51,0.53
1797,2021-07-06,UMB,8599,4093,4506,148,8428,23,0,ITI,ITI2,10,Umbria,Umbria,882015,912790,103.49,0.97
1798,2021-05-10,UMB,6012,2814,3198,3743,2152,117,0,ITI,ITI2,10,Umbria,Umbria,882015,918802,104.17,0.68
1799,2021-05-08,UMB,8164,3749,4415,4806,3252,106,0,ITI,ITI2,10,Umbria,Umbria,882015,926966,105.1,0.93
1800,2021-01-28,UMB,1248,394,854,18,1230,0,0,ITI,ITI2,10,Umbria,Umbria,882015,928214,105.24,0.14
1801,2021-07-13,UMB,4238,2006,2232,78,4152,8,0,ITI,ITI2,10,Umbria,Umbria,882015,932452,105.72,0.48
1802,2021-04-21,UMB,5332,2320,3012,3060,2232,40,0,ITI,ITI2,10,Umbria,Umbria,882015,937784,106.32,0.6
1803,2021-07-30,UMB,6219,3243,2976,3185,2914,120,0,ITI,ITI2,10,Umbria,Umbria,882015,944003,107.03,0.71
1804,2021-08-01,UMB,3027,1533,1494,1331,1650,46,0,ITI,ITI2,10,Umbria,Umbria,882015,947030,107.37,0.34
1805,2021-07-18,UMB,7854,4063,3791,273,7554,27,0,ITI,ITI2,10,Umbria,Umbria,882015,954884,108.26,0.89
1806,2021-01-16,UMB,204,61,143,203,0,1,0,ITI,ITI2,10,Umbria,Umbria,882015,955088,108.28,0.02
1807,2021-02-02,UMB,945,272,673,32,913,0,0,ITI,ITI2,10,Umbria,Umbria,882015,956033,108.39,0.11
1808,2021-04-26,UMB,5402,2342,3060,3105,2255,42,0,ITI,ITI2,10,Umbria,Umbria,882015,961435,109.0,0.61
1809,2021-03-07,UMB,846,180,666,838,7,1,0,ITI,ITI2,10,Umbria,Umbria,882015,962281,109.1,0.1
1810,2021-09-08,UMB,4618,2472,2146,988,3558,72,0,ITI,ITI2,10,Umbria,Umbria,882015,966899,109.62,0.52
1811,2021-07-28,UMB,8246,4339,3907,2976,5157,113,0,ITI,ITI2,10,Umbria,Umbria,882015,975145,110.56,0.93
1812,2021-03-31,UMB,3901,1731,2170,2184,1686,31,0,ITI,ITI2,10,Umbria,Umbria,882015,979046,111.0,0.44
1813,2021-02-16,UMB,1308,655,653,1299,9,0,0,ITI,ITI2,10,Umbria,Umbria,882015,980354,111.15,0.15
1814,2021-05-27,UMB,9983,4871,5112,8475,1325,183,0,ITI,ITI2,10,Umbria,Umbria,882015,990337,112.28,1.13
1815,2021-01-04,UMB,810,397,413,810,0,0,0,ITI,ITI2,10,Umbria,Umbria,882015,991147,112.37,0.09
1816,2021-04-14,UMB,8159,3682,4477,6100,1980,79,0,ITI,ITI2,10,Umbria,Umbria,882015,999306,113.3,0.93
1817,2021-05-03,UMB,5092,2273,2819,2100,2888,104,0,ITI,ITI2,10,Umbria,Umbria,882015,1004398,113.88,0.58
1818,2021-01-23,UMB,280,100,180,2,278,0,0,ITI,ITI2,10,Umbria,Umbria,882015,1004678,113.91,0.03
1819,2021-01-21,UMB,609,203,406,339,269,1,0,ITI,ITI2,10,Umbria,Umbria,882015,1005287,113.98,0.07
1820,2021-08-20,UMB,4348,2316,2032,2921,1281,146,0,ITI,ITI2,10,Umbria,Umbria,882015,1009635,114.47,0.49
1821,2021-03-02,UMB,3648,1346,2302,3638,8,2,0,ITI,ITI2,10,Umbria,Umbria,882015,1013283,114.88,0.41
1822,2021-06-24,UMB,10268,5169,5099,6025,4014,229,0,ITI,ITI2,10,Umbria,Umbria,882015,1023551,116.05,1.16
1823,2021-04-09,UMB,6751,3130,3621,6412,216,123,0,ITI,ITI2,10,Umbria,Umbria,882015,1030302,116.81,0.77
1824,2021-04-28,UMB,5394,2332,3062,2939,2398,57,0,ITI,ITI2,10,Umbria,Umbria,882015,1035696,117.42,0.61
1825,2021-08-06,UMB,8242,4311,3931,3327,4825,90,0,ITI,ITI2,10,Umbria,Umbria,882015,1043938,118.36,0.93
1826,2021-02-04,UMB,736,226,510,26,710,0,0,ITI,ITI2,10,Umbria,Umbria,882015,1044674,118.44,0.08
1827,2021-05-15,UMB,4999,1886,3113,1767,3168,64,0,ITI,ITI2,10,Umbria,Umbria,882015,1049673,119.01,0.57
1828,2021-05-29,UMB,7862,3614,4248,6177,1571,114,0,ITI,ITI2,10,Umbria,Umbria,882015,1057535,119.9,0.89
1829,2021-06-05,UMB,8232,3777,4455,5415,2656,161,0,ITI,ITI2,10,Umbria,Umbria,882015,1065767,120.83,0.93
1830,2021-09-13,UMB,2455,1235,1220,316,2116,23,0,ITI,ITI2,10,Umbria,Umbria,882015,1068222,121.11,0.28
1831,2021-09-06,UMB,4578,2386,2192,894,3646,38,0,ITI,ITI2,10,Umbria,Umbria,882015,1072800,121.63,0.52
1832,2021-09-20,UMB,2563,1359,1204,767,1672,39,85,ITI,ITI2,10,Umbria,Umbria,882015,1075363,121.92,0.29
1833,2021-07-25,UMB,7310,3852,3458,1167,6099,44,0,ITI,ITI2,10,Umbria,Umbria,882015,1082673,122.75,0.83
1834,2021-02-11,UMB,839,348,491,834,5,0,0,ITI,ITI2,10,Umbria,Umbria,882015,1083512,122.85,0.1
1835,2021-05-22,UMB,6986,2762,4224,2603,4334,49,0,ITI,ITI2,10,Umbria,Umbria,882015,1090498,123.64,0.79
1836,2021-06-03,UMB,9051,4473,4578,8584,290,177,0,ITI,ITI2,10,Umbria,Umbria,882015,1099549,124.66,1.03
1837,2021-04-07,UMB,5626,2305,3321,3533,2006,87,0,ITI,ITI2,10,Umbria,Umbria,882015,1105175,125.3,0.64
1838,2021-02-23,UMB,1691,657,1034,1648,42,1,0,ITI,ITI2,10,Umbria,Umbria,882015,1106866,125.49,0.19
1839,2021-07-11,UMB,5875,2967,2908,89,5785,1,0,ITI,ITI2,10,Umbria,Umbria,882015,1112741,126.16,0.67
1840,2021-04-02,UMB,4349,1782,2567,3547,757,45,0,ITI,ITI2,10,Umbria,Umbria,882015,1117090,126.65,0.49
1841,2021-01-09,UMB,1718,495,1223,1718,0,0,0,ITI,ITI2,10,Umbria,Umbria,882015,1118808,126.85,0.19
1842,2021-04-19,UMB,5038,2228,2810,2931,2048,59,0,ITI,ITI2,10,Umbria,Umbria,882015,1123846,127.42,0.57
1843,2021-02-21,UMB,1,0,1,1,0,0,0,ITI,ITI2,10,Umbria,Umbria,882015,1123847,127.42,0.0
1844,2021-05-26,UMB,9667,4574,5093,8221,1254,192,0,ITI,ITI2,10,Umbria,Umbria,882015,1133514,128.51,1.1
1845,2021-09-03,UMB,4234,2193,2041,1320,2854,60,0,ITI,ITI2,10,Umbria,Umbria,882015,1137748,128.99,0.48
1846,2021-07-26,UMB,9092,4804,4288,3874,5091,127,0,ITI,ITI2,10,Umbria,Umbria,882015,1146840,130.02,1.03
1847,2021-05-28,UMB,9601,4440,5161,7116,2301,184,0,ITI,ITI2,10,Umbria,Umbria,882015,1156441,131.11,1.09
1848,2021-04-15,UMB,7665,3505,4160,5702,1889,74,0,ITI,ITI2,10,Umbria,Umbria,882015,1164106,131.98,0.87
1849,2021-02-17,UMB,1619,748,871,1266,352,1,0,ITI,ITI2,10,Umbria,Umbria,882015,1165725,132.17,0.18
1850,2021-07-24,UMB,8699,4368,4331,1346,7285,68,0,ITI,ITI2,10,Umbria,Umbria,882015,1174424,133.15,0.99
1851,2021-04-13,UMB,7683,3402,4281,5924,1669,90,0,ITI,ITI2,10,Umbria,Umbria,882015,1182107,134.02,0.87
1852,2021-02-15,UMB,1367,692,675,1364,1,2,0,ITI,ITI2,10,Umbria,Umbria,882015,1183474,134.18,0.15
1853,2021-01-03,UMB,270,112,158,270,0,0,0,ITI,ITI2,10,Umbria,Umbria,882015,1183744,134.21,0.03
1854,2021-07-31,UMB,4334,2262,2072,1478,2809,47,0,ITI,ITI2,10,Umbria,Umbria,882015,1188078,134.7,0.49
1855,2021-04-22,UMB,5458,2251,3207,2702,2674,82,0,ITI,ITI2,10,Umbria,Umbria,882015,1193536,135.32,0.62
1856,2021-04-17,UMB,6697,3077,3620,5187,1343,167,0,ITI,ITI2,10,Umbria,Umbria,882015,1200233,136.08,0.76
1857,2021-01-05,UMB,855,430,425,855,0,0,0,ITI,ITI2,10,Umbria,Umbria,882015,1201088,136.18,0.1
1858,2021-08-02,UMB,5538,2897,2641,259,5257,22,0,ITI,ITI2,10,Umbria,Umbria,882015,1206626,136.8,0.63
1859,2021-06-20,UMB,6225,3007,3218,1577,4605,43,0,ITI,ITI2,10,Umbria,Umbria,882015,1212851,137.51,0.71
1860,2021-04-24,UMB,4568,1962,2606,3277,1185,106,0,ITI,ITI2,10,Umbria,Umbria,882015,1217419,138.03,0.52
1861,2021-01-12,UMB,838,247,591,838,0,0,0,ITI,ITI2,10,Umbria,Umbria,882015,1218257,138.12,0.1
1862,2021-03-14,UMB,66,48,18,66,0,0,0,ITI,ITI2,10,Umbria,Umbria,882015,1218323,138.13,0.01
1863,2021-06-22,UMB,8092,4105,3987,5145,2801,146,0,ITI,ITI2,10,Umbria,Umbria,882015,1226415,139.05,0.92
1864,2021-03-12,UMB,2695,1082,1613,2191,496,8,0,ITI,ITI2,10,Umbria,Umbria,882015,1229110,139.35,0.31
1865,2021-03-21,UMB,676,338,338,673,0,3,0,ITI,ITI2,10,Umbria,Umbria,882015,1229786,139.43,0.08
1866,2021-08-25,UMB,4296,2237,2059,1546,2669,81,0,ITI,ITI2,10,Umbria,Umbria,882015,1234082,139.92,0.49
1867,2021-06-29,UMB,9974,5082,4892,4112,5702,160,0,ITI,ITI2,10,Umbria,Umbria,882015,1244056,141.05,1.13
1868,2021-05-17,UMB,6380,3068,3312,4114,2180,86,0,ITI,ITI2,10,Umbria,Umbria,882015,1250436,141.77,0.72
1869,2021-01-14,UMB,725,192,533,725,0,0,0,ITI,ITI2,10,Umbria,Umbria,882015,1251161,141.85,0.08
1870,2021-03-19,UMB,1744,566,1178,1083,656,5,0,ITI,ITI2,10,Umbria,Umbria,882015,1252905,142.05,0.2
1871,2021-05-20,MAR,12686,5962,6724,7537,4898,251,0,ITI,ITI3,11,Marche,Marche,1525271,12686,0.83,0.83
1872,2021-02-07,MAR,1872,735,1137,331,1529,12,0,ITI,ITI3,11,Marche,Marche,1525271,14558,0.95,0.12
1873,2021-08-06,MAR,11705,6354,5351,4143,7280,282,0,ITI,ITI3,11,Marche,Marche,1525271,26263,1.72,0.77
1874,2021-05-15,MAR,14119,6442,7677,7826,6045,248,0,ITI,ITI3,11,Marche,Marche,1525271,40382,2.65,0.93
1875,2021-08-23,MAR,6196,3341,2855,2278,3650,268,0,ITI,ITI3,11,Marche,Marche,1525271,46578,3.05,0.41
1876,2021-02-19,MAR,2002,739,1263,1826,135,41,0,ITI,ITI3,11,Marche,Marche,1525271,48580,3.19,0.13
1877,2021-04-05,MAR,5703,2367,3336,4352,1269,82,0,ITI,ITI3,11,Marche,Marche,1525271,54283,3.56,0.37
1878,2021-06-27,MAR,9950,4819,5131,4486,5293,171,0,ITI,ITI3,11,Marche,Marche,1525271,64233,4.21,0.65
1879,2021-03-19,MAR,3881,1621,2260,325,3544,12,0,ITI,ITI3,11,Marche,Marche,1525271,68114,4.47,0.25
1880,2021-08-11,MAR,7571,4099,3472,3169,4165,237,0,ITI,ITI3,11,Marche,Marche,1525271,75685,4.96,0.5
1881,2021-06-15,MAR,13199,6574,6625,9827,3052,320,0,ITI,ITI3,11,Marche,Marche,1525271,88884,5.83,0.87
1882,2021-09-23,MAR,6196,3311,2885,2403,3358,188,247,ITI,ITI3,11,Marche,Marche,1525271,95080,6.23,0.41
1883,2021-01-12,MAR,1237,418,819,1224,0,13,0,ITI,ITI3,11,Marche,Marche,1525271,96317,6.31,0.08
1884,2021-01-21,MAR,922,262,660,577,328,17,0,ITI,ITI3,11,Marche,Marche,1525271,97239,6.38,0.06
1885,2021-05-01,MAR,9327,3926,5401,3498,5752,77,0,ITI,ITI3,11,Marche,Marche,1525271,106566,6.99,0.61
1886,2021-09-06,MAR,6374,3388,2986,1770,4391,213,0,ITI,ITI3,11,Marche,Marche,1525271,112940,7.4,0.42
1887,2021-05-27,MAR,13736,6819,6917,9183,4301,252,0,ITI,ITI3,11,Marche,Marche,1525271,126676,8.31,0.9
1888,2021-03-31,MAR,7375,3088,4287,4262,3025,88,0,ITI,ITI3,11,Marche,Marche,1525271,134051,8.79,0.48
1889,2021-09-04,MAR,5447,2974,2473,1638,3623,186,0,ITI,ITI3,11,Marche,Marche,1525271,139498,9.15,0.36
1890,2021-03-24,MAR,7098,3019,4079,3309,3716,73,0,ITI,ITI3,11,Marche,Marche,1525271,146596,9.61,0.47
1891,2021-06-01,MAR,12055,6157,5898,9679,2090,286,0,ITI,ITI3,11,Marche,Marche,1525271,158651,10.4,0.79
1892,2021-03-10,MAR,5711,2442,3269,4477,1180,54,0,ITI,ITI3,11,Marche,Marche,1525271,164362,10.78,0.37
1893,2021-02-21,MAR,376,141,235,363,1,12,0,ITI,ITI3,11,Marche,Marche,1525271,164738,10.8,0.02
1894,2021-01-26,MAR,2021,747,1274,69,1943,9,0,ITI,ITI3,11,Marche,Marche,1525271,166759,10.93,0.13
1895,2021-07-11,MAR,10399,5220,5179,1605,8657,137,0,ITI,ITI3,11,Marche,Marche,1525271,177158,11.61,0.68
1896,2021-04-19,MAR,9609,4503,5106,7896,1588,125,0,ITI,ITI3,11,Marche,Marche,1525271,186767,12.24,0.63
1897,2021-07-28,MAR,14198,7369,6829,3249,10717,232,0,ITI,ITI3,11,Marche,Marche,1525271,200965,13.18,0.93
1898,2021-07-23,MAR,15542,8279,7263,2527,12790,225,0,ITI,ITI3,11,Marche,Marche,1525271,216507,14.19,1.02
1899,2021-07-18,MAR,12125,6310,5815,1333,10674,118,0,ITI,ITI3,11,Marche,Marche,1525271,228632,14.99,0.79
1900,2021-01-31,MAR,1921,772,1149,93,1824,4,0,ITI,ITI3,11,Marche,Marche,1525271,230553,15.12,0.13
1901,2021-04-07,MAR,8875,3933,4942,8356,369,150,0,ITI,ITI3,11,Marche,Marche,1525271,239428,15.7,0.58
1902,2021-02-09,MAR,125,42,83,46,79,0,0,ITI,ITI3,11,Marche,Marche,1525271,239553,15.71,0.01
1903,2021-07-04,MAR,10896,5445,5451,3204,7531,161,0,ITI,ITI3,11,Marche,Marche,1525271,250449,16.42,0.71
1904,2021-09-18,MAR,4780,2655,2125,2118,2487,175,0,ITI,ITI3,11,Marche,Marche,1525271,255229,16.73,0.31
1905,2021-03-17,MAR,3477,1525,1952,105,3370,2,0,ITI,ITI3,11,Marche,Marche,1525271,258706,16.96,0.23
1906,2021-08-30,MAR,5677,2841,2836,2358,3049,270,0,ITI,ITI3,11,Marche,Marche,1525271,264383,17.33,0.37
1907,2021-02-28,MAR,2837,1251,1586,2823,6,8,0,ITI,ITI3,11,Marche,Marche,1525271,267220,17.52,0.19
1908,2021-06-08,MAR,14098,7094,7004,11195,2611,292,0,ITI,ITI3,11,Marche,Marche,1525271,281318,18.44,0.92
1909,2021-06-22,MAR,13219,6482,6737,6475,6461,283,0,ITI,ITI3,11,Marche,Marche,1525271,294537,19.31,0.87
1910,2021-04-26,MAR,9177,4063,5114,6019,3028,130,0,ITI,ITI3,11,Marche,Marche,1525271,303714,19.91,0.6
1911,2021-08-18,MAR,6423,3424,2999,3216,2872,335,0,ITI,ITI3,11,Marche,Marche,1525271,310137,20.33,0.42
1912,2021-08-04,MAR,12002,6380,5622,4057,7702,243,0,ITI,ITI3,11,Marche,Marche,1525271,322139,21.12,0.79
1913,2021-03-05,MAR,6225,2873,3352,4689,1469,67,0,ITI,ITI3,11,Marche,Marche,1525271,328364,21.53,0.41
1914,2021-01-07,MAR,1821,642,1179,1804,0,17,0,ITI,ITI3,11,Marche,Marche,1525271,330185,21.65,0.12
1915,2021-03-12,MAR,4681,1999,2682,3346,1280,55,0,ITI,ITI3,11,Marche,Marche,1525271,334866,21.95,0.31
1916,2021-01-19,MAR,233,87,146,140,90,3,0,ITI,ITI3,11,Marche,Marche,1525271,335099,21.97,0.02
1917,2021-02-02,MAR,1193,398,795,70,1123,0,0,ITI,ITI3,11,Marche,Marche,1525271,336292,22.05,0.08
1918,2021-05-13,MAR,12613,5698,6915,6822,5508,283,0,ITI,ITI3,11,Marche,Marche,1525271,348905,22.87,0.83
1919,2021-04-12,MAR,8573,3774,4799,7931,482,160,0,ITI,ITI3,11,Marche,Marche,1525271,357478,23.44,0.56
1920,2021-01-02,MAR,458,143,315,456,0,2,0,ITI,ITI3,11,Marche,Marche,1525271,357936,23.47,0.03
1921,2021-02-14,MAR,738,301,437,726,0,12,0,ITI,ITI3,11,Marche,Marche,1525271,358674,23.52,0.05
1922,2021-08-16,MAR,5167,2782,2385,2983,2024,160,0,ITI,ITI3,11,Marche,Marche,1525271,363841,23.85,0.34
1923,2021-05-08,MAR,12292,5486,6806,4849,7265,178,0,ITI,ITI3,11,Marche,Marche,1525271,376133,24.66,0.81
1924,2021-07-09,MAR,14903,7502,7401,2557,12132,214,0,ITI,ITI3,11,Marche,Marche,1525271,391036,25.64,0.98
1925,2021-09-13,MAR,8068,4277,3791,2046,5779,243,0,ITI,ITI3,11,Marche,Marche,1525271,399104,26.17,0.53
1926,2021-03-29,MAR,5898,2583,3315,3391,2458,49,0,ITI,ITI3,11,Marche,Marche,1525271,405002,26.55,0.39
1927,2021-07-16,MAR,15839,8240,7599,1844,13737,258,0,ITI,ITI3,11,Marche,Marche,1525271,420841,27.59,1.04
1928,2021-06-12,MAR,13781,7315,6466,12104,1346,331,0,ITI,ITI3,11,Marche,Marche,1525271,434622,28.49,0.9
1929,2021-04-16,MAR,10086,4704,5382,9348,526,212,0,ITI,ITI3,11,Marche,Marche,1525271,444708,29.16,0.66
1930,2021-09-20,MAR,6443,3477,2966,2128,4024,193,98,ITI,ITI3,11,Marche,Marche,1525271,451151,29.58,0.42
1931,2021-07-25,MAR,9351,4933,4418,1004,8249,98,0,ITI,ITI3,11,Marche,Marche,1525271,460502,30.19,0.61
1932,2021-09-11,MAR,3661,1897,1764,1369,2123,169,0,ITI,ITI3,11,Marche,Marche,1525271,464163,30.43,0.24
1933,2020-12-31,MAR,392,184,208,390,0,2,0,ITI,ITI3,11,Marche,Marche,1525271,464555,30.46,0.03
1934,2021-02-04,MAR,2389,844,1545,107,2277,5,0,ITI,ITI3,11,Marche,Marche,1525271,466944,30.61,0.16
1935,2021-03-02,MAR,5003,1968,3035,4370,566,67,0,ITI,ITI3,11,Marche,Marche,1525271,471947,30.94,0.33
1936,2021-06-10,MAR,14930,7695,7235,12573,2013,344,0,ITI,ITI3,11,Marche,Marche,1525271,486877,31.92,0.98
1937,2021-01-23,MAR,557,190,367,118,436,3,0,ITI,ITI3,11,Marche,Marche,1525271,487434,31.96,0.04
1938,2021-06-29,MAR,13371,6599,6772,4926,8215,230,0,ITI,ITI3,11,Marche,Marche,1525271,500805,32.83,0.88
1939,2021-05-03,MAR,10411,4691,5720,4857,5414,140,0,ITI,ITI3,11,Marche,Marche,1525271,511216,33.52,0.68
1940,2021-08-25,MAR,5584,2991,2593,2724,2539,321,0,ITI,ITI3,11,Marche,Marche,1525271,516800,33.88,0.37
1941,2021-03-07,MAR,5180,2107,3073,4377,754,49,0,ITI,ITI3,11,Marche,Marche,1525271,521980,34.22,0.34
1942,2021-08-08,MAR,5638,3020,2618,1682,3845,111,0,ITI,ITI3,11,Marche,Marche,1525271,527618,34.59,0.37
1943,2021-07-30,MAR,14714,7863,6851,4867,9559,288,0,ITI,ITI3,11,Marche,Marche,1525271,542332,35.56,0.96
1944,2021-01-09,MAR,1722,608,1114,1702,0,20,0,ITI,ITI3,11,Marche,Marche,1525271,544054,35.67,0.11
1945,2021-04-02,MAR,6893,2987,3906,6042,739,112,0,ITI,ITI3,11,Marche,Marche,1525271,550947,36.12,0.45
1946,2021-03-16,MAR,3522,1523,1999,284,3232,6,0,ITI,ITI3,11,Marche,Marche,1525271,554469,36.35,0.23
1947,2021-01-04,MAR,1529,574,955,1516,0,13,0,ITI,ITI3,11,Marche,Marche,1525271,555998,36.45,0.1
1948,2021-04-14,MAR,10221,4567,5654,9652,369,200,0,ITI,ITI3,11,Marche,Marche,1525271,566219,37.12,0.67
1949,2020-12-30,MAR,17,5,12,17,0,0,0,ITI,ITI3,11,Marche,Marche,1525271,566236,37.12,0.0
1950,2021-01-18,MAR,696,237,459,536,149,11,0,ITI,ITI3,11,Marche,Marche,1525271,566932,37.17,0.05
1951,2021-04-28,MAR,10939,4984,5955,6018,4745,176,0,ITI,ITI3,11,Marche,Marche,1525271,577871,37.89,0.72
1952,2021-03-26,MAR,6393,2626,3767,3474,2860,59,0,ITI,ITI3,11,Marche,Marche,1525271,584264,38.31,0.42
1953,2021-09-01,MAR,6206,3281,2925,2021,3952,233,0,ITI,ITI3,11,Marche,Marche,1525271,590470,38.71,0.41
1954,2021-08-15,MAR,225,112,113,205,13,7,0,ITI,ITI3,11,Marche,Marche,1525271,590695,38.73,0.01
1955,2021-05-24,MAR,11001,5193,5808,7958,2866,177,0,ITI,ITI3,11,Marche,Marche,1525271,601696,39.45,0.72
1956,2021-05-22,MAR,11941,5720,6221,7321,4449,171,0,ITI,ITI3,11,Marche,Marche,1525271,613637,40.23,0.78
1957,2021-07-06,MAR,13963,6920,7043,3140,10598,225,0,ITI,ITI3,11,Marche,Marche,1525271,627600,41.15,0.92
1958,2021-07-20,MAR,14396,7435,6961,1767,12454,175,0,ITI,ITI3,11,Marche,Marche,1525271,641996,42.09,0.94
1959,2021-01-16,MAR,2042,735,1307,1991,0,51,0,ITI,ITI3,11,Marche,Marche,1525271,644038,42.22,0.13
1960,2021-06-19,MAR,14699,7405,7294,7750,6684,265,0,ITI,ITI3,11,Marche,Marche,1525271,658737,43.19,0.96
1961,2021-01-14,MAR,2019,696,1323,1995,0,24,0,ITI,ITI3,11,Marche,Marche,1525271,660756,43.32,0.13
1962,2021-06-20,MAR,11161,5547,5614,5989,4989,183,0,ITI,ITI3,11,Marche,Marche,1525271,671917,44.05,0.73
1963,2021-04-24,MAR,12175,5367,6808,7556,4470,149,0,ITI,ITI3,11,Marche,Marche,1525271,684092,44.85,0.8
1964,2021-02-26,MAR,3681,1523,2158,3096,480,105,0,ITI,ITI3,11,Marche,Marche,1525271,687773,45.09,0.24
1965,2021-05-12,MAR,10430,4691,5739,4729,5505,196,0,ITI,ITI3,11,Marche,Marche,1525271,698203,45.78,0.68
1966,2021-03-28,MAR,4128,1741,2387,2396,1693,39,0,ITI,ITI3,11,Marche,Marche,1525271,702331,46.05,0.27
1967,2021-01-30,MAR,1906,669,1237,24,1882,0,0,ITI,ITI3,11,Marche,Marche,1525271,704237,46.17,0.12
1968,2021-05-10,MAR,9463,4343,5120,4746,4564,153,0,ITI,ITI3,11,Marche,Marche,1525271,713700,46.79,0.62
1969,2021-03-14,MAR,2499,1032,1467,1896,592,11,0,ITI,ITI3,11,Marche,Marche,1525271,716199,46.96,0.16
1970,2021-06-24,MAR,13844,6678,7166,6186,7387,271,0,ITI,ITI3,11,Marche,Marche,1525271,730043,47.86,0.91
1971,2021-01-11,MAR,1183,413,770,1165,0,18,0,ITI,ITI3,11,Marche,Marche,1525271,731226,47.94,0.08
1972,2021-06-17,MAR,15207,7566,7641,8796,6113,298,0,ITI,ITI3,11,Marche,Marche,1525271,746433,48.94,1.0
1973,2021-03-09,MAR,5430,2293,3137,4457,881,92,0,ITI,ITI3,11,Marche,Marche,1525271,751863,49.29,0.36
1974,2021-07-22,MAR,15746,8048,7698,2017,13487,242,0,ITI,ITI3,11,Marche,Marche,1525271,767609,50.33,1.03
1975,2021-04-13,MAR,9838,4261,5577,9393,234,211,0,ITI,ITI3,11,Marche,Marche,1525271,777447,50.97,0.65
1976,2021-04-09,MAR,9569,4190,5379,9147,200,222,0,ITI,ITI3,11,Marche,Marche,1525271,787016,51.6,0.63
1977,2021-07-27,MAR,14370,7537,6833,3031,11112,227,0,ITI,ITI3,11,Marche,Marche,1525271,801386,52.54,0.94
1978,2021-09-22,MAR,7418,4029,3389,2241,4743,212,222,ITI,ITI3,11,Marche,Marche,1525271,808804,53.03,0.49
1979,2021-01-06,MAR,2216,804,1412,2197,0,19,0,ITI,ITI3,11,Marche,Marche,1525271,811020,53.17,0.15
1980,2021-03-04,MAR,6539,2894,3645,5080,1395,64,0,ITI,ITI3,11,Marche,Marche,1525271,817559,53.6,0.43
1981,2021-03-13,MAR,5811,2681,3130,1764,4003,44,0,ITI,ITI3,11,Marche,Marche,1525271,823370,53.98,0.38
1982,2021-08-17,MAR,7595,4040,3555,3085,4286,224,0,ITI,ITI3,11,Marche,Marche,1525271,830965,54.48,0.5
1983,2021-02-11,MAR,1988,657,1331,1557,390,41,0,ITI,ITI3,11,Marche,Marche,1525271,832953,54.61,0.13
1984,2021-05-05,MAR,11697,5322,6375,5101,6434,162,0,ITI,ITI3,11,Marche,Marche,1525271,844650,55.38,0.77
1985,2021-08-13,MAR,6751,3759,2992,3388,3151,212,0,ITI,ITI3,11,Marche,Marche,1525271,851401,55.82,0.44
1986,2021-08-20,MAR,4964,2693,2271,2952,1687,325,0,ITI,ITI3,11,Marche,Marche,1525271,856365,56.15,0.33
1987,2021-09-03,MAR,6437,3384,3053,2190,3967,280,0,ITI,ITI3,11,Marche,Marche,1525271,862802,56.57,0.42
1988,2021-07-08,MAR,15040,7539,7501,2787,12027,226,0,ITI,ITI3,11,Marche,Marche,1525271,877842,57.55,0.99
1989,2021-08-27,MAR,5715,3050,2665,2800,2514,401,0,ITI,ITI3,11,Marche,Marche,1525271,883557,57.93,0.37
1990,2021-05-31,MAR,11782,5944,5838,8599,2931,252,0,ITI,ITI3,11,Marche,Marche,1525271,895339,58.7,0.77
1991,2021-05-17,MAR,12047,5649,6398,7463,4355,229,0,ITI,ITI3,11,Marche,Marche,1525271,907386,59.49,0.79
1992,2021-09-08,MAR,7229,3781,3448,2062,4909,258,0,ITI,ITI3,11,Marche,Marche,1525271,914615,59.96,0.47
1993,2021-04-30,MAR,14168,6206,7962,5393,8576,199,0,ITI,ITI3,11,Marche,Marche,1525271,928783,60.89,0.93
1994,2021-07-05,MAR,13167,6510,6657,2918,10077,172,0,ITI,ITI3,11,Marche,Marche,1525271,941950,61.76,0.86
1995,2021-06-16,MAR,13756,6913,6843,9125,4366,265,0,ITI,ITI3,11,Marche,Marche,1525271,955706,62.66,0.9
1996,2021-06-02,MAR,11903,5939,5964,11028,679,196,0,ITI,ITI3,11,Marche,Marche,1525271,967609,63.44,0.78
1997,2021-09-10,MAR,7565,4074,3491,2069,5195,301,0,ITI,ITI3,11,Marche,Marche,1525271,975174,63.93,0.5
1998,2021-06-21,MAR,12606,6183,6423,5479,6881,246,0,ITI,ITI3,11,Marche,Marche,1525271,987780,64.76,0.83
1999,2021-05-09,MAR,8867,4023,4844,3559,5230,78,0,ITI,ITI3,11,Marche,Marche,1525271,996647,65.34,0.58
2000,2021-03-21,MAR,4506,1873,2633,1612,2877,17,0,ITI,ITI3,11,Marche,Marche,1525271,1001153,65.64,0.3
2001,2021-02-06,MAR,2462,902,1560,512,1941,9,0,ITI,ITI3,11,Marche,Marche,1525271,1003615,65.8,0.16
2002,2021-05-07,MAR,12839,5802,7037,3549,9187,103,0,ITI,ITI3,11,Marche,Marche,1525271,1016454,66.64,0.84
2003,2021-02-13,MAR,1093,462,631,987,82,24,0,ITI,ITI3,11,Marche,Marche,1525271,1017547,66.71,0.07
2004,2021-01-27,MAR,2119,778,1341,113,2004,2,0,ITI,ITI3,11,Marche,Marche,1525271,1019666,66.85,0.14
2005,2021-04-21,MAR,10788,4969,5819,9422,1196,170,0,ITI,ITI3,11,Marche,Marche,1525271,1030454,67.56,0.71
2006,2021-01-28,MAR,2091,726,1365,158,1932,1,0,ITI,ITI3,11,Marche,Marche,1525271,1032545,67.7,0.14
2007,2021-04-04,MAR,3836,1797,2039,2614,1170,52,0,ITI,ITI3,11,Marche,Marche,1525271,1036381,67.95,0.25
2008,2021-07-13,MAR,14853,7277,7576,1456,13267,130,0,ITI,ITI3,11,Marche,Marche,1525271,1051234,68.92,0.97
2009,2021-08-31,MAR,4830,2563,2267,2014,2587,229,0,ITI,ITI3,11,Marche,Marche,1525271,1056064,69.24,0.32
2010,2021-06-09,MAR,14279,7417,6862,12108,1869,302,0,ITI,ITI3,11,Marche,Marche,1525271,1070343,70.17,0.94
2011,2021-09-17,MAR,8248,4569,3679,2054,5972,222,0,ITI,ITI3,11,Marche,Marche,1525271,1078591,70.71,0.54
2012,2021-07-01,MAR,14699,7368,7331,4658,9763,278,0,ITI,ITI3,11,Marche,Marche,1525271,1093290,71.68,0.96
2013,2021-02-15,MAR,967,412,555,939,13,15,0,ITI,ITI3,11,Marche,Marche,1525271,1094257,71.74,0.06
2014,2021-05-26,MAR,11889,5952,5937,8448,3227,214,0,ITI,ITI3,11,Marche,Marche,1525271,1106146,72.52,0.78
2015,2021-09-24,MAR,3486,1874,1612,915,2359,74,138,ITI,ITI3,11,Marche,Marche,1525271,1109632,72.75,0.23
2016,2021-02-22,MAR,3461,1532,1929,3351,75,35,0,ITI,ITI3,11,Marche,Marche,1525271,1113093,72.98,0.23
2017,2021-08-24,MAR,6439,3401,3038,3297,2759,383,0,ITI,ITI3,11,Marche,Marche,1525271,1119532,73.4,0.42
2018,2021-08-05,MAR,11905,6393,5512,4077,7560,268,0,ITI,ITI3,11,Marche,Marche,1525271,1131437,74.18,0.78
2019,2021-03-06,MAR,5738,2641,3097,4418,1268,52,0,ITI,ITI3,11,Marche,Marche,1525271,1137175,74.56,0.38
2020,2021-06-14,MAR,12838,6486,6352,9256,3310,272,0,ITI,ITI3,11,Marche,Marche,1525271,1150013,75.4,0.84
2021,2021-07-17,MAR,15139,7792,7347,1383,13544,212,0,ITI,ITI3,11,Marche,Marche,1525271,1165152,76.39,0.99
2022,2021-05-21,MAR,13910,6594,7316,7225,6472,213,0,ITI,ITI3,11,Marche,Marche,1525271,1179062,77.3,0.91
2023,2021-09-12,MAR,250,127,123,171,47,32,0,ITI,ITI3,11,Marche,Marche,1525271,1179312,77.32,0.02
2024,2021-08-29,MAR,453,255,198,245,182,26,0,ITI,ITI3,11,Marche,Marche,1525271,1179765,77.35,0.03
2025,2021-04-20,MAR,10754,5028,5726,9146,1471,137,0,ITI,ITI3,11,Marche,Marche,1525271,1190519,78.05,0.71
2026,2021-07-29,MAR,14847,7881,6966,4580,9955,312,0,ITI,ITI3,11,Marche,Marche,1525271,1205366,79.03,0.97
2027,2021-01-25,MAR,1597,559,1038,90,1507,0,0,ITI,ITI3,11,Marche,Marche,1525271,1206963,79.13,0.1
2028,2021-01-08,MAR,1583,592,991,1568,0,15,0,ITI,ITI3,11,Marche,Marche,1525271,1208546,79.23,0.1
2029,2021-04-18,MAR,8824,4131,4693,7728,921,175,0,ITI,ITI3,11,Marche,Marche,1525271,1217370,79.81,0.58
2030,2021-04-11,MAR,7117,3116,4001,6681,287,149,0,ITI,ITI3,11,Marche,Marche,1525271,1224487,80.28,0.47
2031,2021-03-11,MAR,6637,2824,3813,5144,1412,81,0,ITI,ITI3,11,Marche,Marche,1525271,1231124,80.72,0.44
2032,2021-03-25,MAR,6706,2796,3910,3186,3458,62,0,ITI,ITI3,11,Marche,Marche,1525271,1237830,81.15,0.44
2033,2021-06-07,MAR,13322,6589,6733,10569,2450,303,0,ITI,ITI3,11,Marche,Marche,1525271,1251152,82.03,0.87
2034,2021-02-27,MAR,3401,1457,1944,3158,209,34,0,ITI,ITI3,11,Marche,Marche,1525271,1254553,82.25,0.22
2035,2021-03-30,MAR,7486,3080,4406,4576,2834,76,0,ITI,ITI3,11,Marche,Marche,1525271,1262039,82.74,0.49
2036,2021-02-01,MAR,1362,479,883,93,1266,3,0,ITI,ITI3,11,Marche,Marche,1525271,1263401,82.83,0.09
2037,2021-04-06,MAR,8876,3693,5183,7928,810,138,0,ITI,ITI3,11,Marche,Marche,1525271,1272277,83.41,0.58
2038,2021-03-23,MAR,5838,2556,3282,2223,3576,39,0,ITI,ITI3,11,Marche,Marche,1525271,1278115,83.8,0.38
2039,2021-02-08,MAR,834,259,575,366,463,5,0,ITI,ITI3,11,Marche,Marche,1525271,1278949,83.85,0.05
2040,2021-07-15,MAR,16010,8287,7723,1749,14032,229,0,ITI,ITI3,11,Marche,Marche,1525271,1294959,84.9,1.05
2041,2021-05-19,MAR,11667,5364,6303,8363,3103,201,0,ITI,ITI3,11,Marche,Marche,1525271,1306626,85.67,0.76
2042,2021-03-27,MAR,7428,3098,4330,4957,2396,75,0,ITI,ITI3,11,Marche,Marche,1525271,1314054,86.15,0.49
2043,2021-04-10,MAR,10930,4625,6305,10368,314,248,0,ITI,ITI3,11,Marche,Marche,1525271,1324984,86.87,0.72
2044,2021-01-03,MAR,912,358,554,902,0,10,0,ITI,ITI3,11,Marche,Marche,1525271,1325896,86.93,0.06
2045,2021-07-19,MAR,14678,7531,7147,1925,12538,215,0,ITI,ITI3,11,Marche,Marche,1525271,1340574,87.89,0.96
2046,2021-03-08,MAR,6301,2762,3539,5187,1002,112,0,ITI,ITI3,11,Marche,Marche,1525271,1346875,88.3,0.41
2047,2021-05-28,MAR,13964,6741,7223,8802,4864,298,0,ITI,ITI3,11,Marche,Marche,1525271,1360839,89.22,0.92
2048,2021-04-01,MAR,7578,3185,4393,4064,3419,95,0,ITI,ITI3,11,Marche,Marche,1525271,1368417,89.72,0.5
2049,2021-09-05,MAR,194,99,95,131,37,26,0,ITI,ITI3,11,Marche,Marche,1525271,1368611,89.73,0.01
2050,2021-07-24,MAR,13278,7119,6159,2942,10077,259,0,ITI,ITI3,11,Marche,Marche,1525271,1381889,90.6,0.87
2051,2021-07-10,MAR,14161,7233,6928,1656,12302,203,0,ITI,ITI3,11,Marche,Marche,1525271,1396050,91.53,0.93
2052,2021-07-03,MAR,13844,6992,6852,4136,9395,313,0,ITI,ITI3,11,Marche,Marche,1525271,1409894,92.44,0.91
2053,2021-02-20,MAR,4163,1732,2431,4042,111,10,0,ITI,ITI3,11,Marche,Marche,1525271,1414057,92.71,0.27
2054,2021-08-22,MAR,109,60,49,75,26,8,0,ITI,ITI3,11,Marche,Marche,1525271,1414166,92.72,0.01
2055,2021-07-31,MAR,13203,7250,5953,5142,7731,330,0,ITI,ITI3,11,Marche,Marche,1525271,1427369,93.58,0.87
2056,2021-07-14,MAR,13852,6818,7034,1785,11875,192,0,ITI,ITI3,11,Marche,Marche,1525271,1441221,94.49,0.91
2057,2021-09-19,MAR,227,117,110,135,63,29,0,ITI,ITI3,11,Marche,Marche,1525271,1441448,94.5,0.01
2058,2021-03-18,MAR,3440,1507,1933,149,3279,12,0,ITI,ITI3,11,Marche,Marche,1525271,1444888,94.73,0.23
2059,2021-06-26,MAR,13577,6906,6671,5688,7672,217,0,ITI,ITI3,11,Marche,Marche,1525271,1458465,95.62,0.89
2060,2021-05-23,MAR,9210,4284,4926,7414,1672,124,0,ITI,ITI3,11,Marche,Marche,1525271,1467675,96.22,0.6
2061,2021-08-28,MAR,3145,1696,1449,1202,1799,144,0,ITI,ITI3,11,Marche,Marche,1525271,1470820,96.43,0.21
2062,2021-01-29,MAR,1994,731,1263,154,1835,5,0,ITI,ITI3,11,Marche,Marche,1525271,1472814,96.56,0.13
2063,2021-05-18,MAR,11273,5348,5925,7489,3603,181,0,ITI,ITI3,11,Marche,Marche,1525271,1484087,97.3,0.74
2064,2021-08-26,MAR,5682,3028,2654,2776,2546,360,0,ITI,ITI3,11,Marche,Marche,1525271,1489769,97.67,0.37
2065,2021-02-05,MAR,2159,656,1503,438,1720,1,0,ITI,ITI3,11,Marche,Marche,1525271,1491928,97.81,0.14
2066,2021-05-16,MAR,10899,4958,5941,6544,4231,124,0,ITI,ITI3,11,Marche,Marche,1525271,1502827,98.53,0.71
2067,2021-05-30,MAR,9736,4691,5045,6546,2993,197,0,ITI,ITI3,11,Marche,Marche,1525271,1512563,99.17,0.64
2068,2021-09-07,MAR,6132,3219,2913,1738,4191,203,0,ITI,ITI3,11,Marche,Marche,1525271,1518695,99.57,0.4
2069,2021-04-22,MAR,10798,4931,5867,9078,1579,141,0,ITI,ITI3,11,Marche,Marche,1525271,1529493,100.28,0.71
2070,2021-02-24,MAR,3535,1548,1987,3425,78,32,0,ITI,ITI3,11,Marche,Marche,1525271,1533028,100.51,0.23
2071,2021-06-04,MAR,14338,7290,7048,11588,2440,310,0,ITI,ITI3,11,Marche,Marche,1525271,1547366,101.45,0.94
2072,2021-04-08,MAR,9492,4158,5334,8959,370,163,0,ITI,ITI3,11,Marche,Marche,1525271,1556858,102.07,0.62
2073,2021-05-06,MAR,12661,5825,6836,5355,7076,230,0,ITI,ITI3,11,Marche,Marche,1525271,1569519,102.9,0.83
2074,2021-02-12,MAR,1582,619,963,1404,151,27,0,ITI,ITI3,11,Marche,Marche,1525271,1571101,103.0,0.1
2075,2021-08-14,MAR,2402,1379,1023,1035,1318,49,0,ITI,ITI3,11,Marche,Marche,1525271,1573503,103.16,0.16
2076,2021-02-10,MAR,1442,452,990,1040,360,42,0,ITI,ITI3,11,Marche,Marche,1525271,1574945,103.26,0.09
2077,2021-01-10,MAR,1746,702,1044,1732,0,14,0,ITI,ITI3,11,Marche,Marche,1525271,1576691,103.37,0.11
2078,2021-07-12,MAR,13724,6805,6919,1228,12378,118,0,ITI,ITI3,11,Marche,Marche,1525271,1590415,104.27,0.9
2079,2021-04-03,MAR,7575,3204,4371,6735,667,173,0,ITI,ITI3,11,Marche,Marche,1525271,1597990,104.77,0.5
2080,2021-09-16,MAR,6090,3273,2817,1292,4643,155,0,ITI,ITI3,11,Marche,Marche,1525271,1604080,105.17,0.4
2081,2021-06-25,MAR,14344,7171,7173,6418,7637,289,0,ITI,ITI3,11,Marche,Marche,1525271,1618424,106.11,0.94
2082,2021-01-20,MAR,407,100,307,385,20,2,0,ITI,ITI3,11,Marche,Marche,1525271,1618831,106.13,0.03
2083,2021-02-03,MAR,2129,743,1386,97,2011,21,0,ITI,ITI3,11,Marche,Marche,1525271,1620960,106.27,0.14
2084,2021-05-14,MAR,13638,6294,7344,6505,6915,218,0,ITI,ITI3,11,Marche,Marche,1525271,1634598,107.17,0.89
2085,2021-07-02,MAR,14553,7178,7375,4674,9648,231,0,ITI,ITI3,11,Marche,Marche,1525271,1649151,108.12,0.95
2086,2021-06-18,MAR,15348,7649,7699,8294,6753,301,0,ITI,ITI3,11,Marche,Marche,1525271,1664499,109.13,1.01
2087,2021-09-14,MAR,6377,3432,2945,1468,4738,171,0,ITI,ITI3,11,Marche,Marche,1525271,1670876,109.55,0.42
2088,2021-08-21,MAR,2977,1664,1313,1492,1311,174,0,ITI,ITI3,11,Marche,Marche,1525271,1673853,109.74,0.2
2089,2021-05-11,MAR,10624,4831,5793,5487,4943,194,0,ITI,ITI3,11,Marche,Marche,1525271,1684477,110.44,0.7
2090,2021-04-27,MAR,9597,4391,5206,5505,3994,98,0,ITI,ITI3,11,Marche,Marche,1525271,1694074,111.07,0.63
2091,2021-01-17,MAR,1626,696,930,1555,65,6,0,ITI,ITI3,11,Marche,Marche,1525271,1695700,111.17,0.11
2092,2021-06-11,MAR,14003,7156,6847,11374,2324,305,0,ITI,ITI3,11,Marche,Marche,1525271,1709703,112.09,0.92
2093,2021-05-25,MAR,11769,5798,5971,8497,3052,220,0,ITI,ITI3,11,Marche,Marche,1525271,1721472,112.86,0.77
2094,2021-09-02,MAR,6388,3401,2987,2129,4045,214,0,ITI,ITI3,11,Marche,Marche,1525271,1727860,113.28,0.42
2095,2021-03-03,MAR,6699,3075,3624,5715,885,99,0,ITI,ITI3,11,Marche,Marche,1525271,1734559,113.72,0.44
2096,2021-01-05,MAR,1589,594,995,1570,0,19,0,ITI,ITI3,11,Marche,Marche,1525271,1736148,113.83,0.1
2097,2021-04-15,MAR,10379,4675,5704,9572,563,244,0,ITI,ITI3,11,Marche,Marche,1525271,1746527,114.51,0.68
2098,2021-02-17,MAR,1828,701,1127,1642,118,68,0,ITI,ITI3,11,Marche,Marche,1525271,1748355,114.63,0.12
2099,2021-09-09,MAR,6465,3467,2998,1913,4313,239,0,ITI,ITI3,11,Marche,Marche,1525271,1754820,115.05,0.42
2100,2021-08-07,MAR,9455,5195,4260,3474,5742,239,0,ITI,ITI3,11,Marche,Marche,1525271,1764275,115.67,0.62
2101,2021-07-21,MAR,14920,7617,7303,2064,12643,213,0,ITI,ITI3,11,Marche,Marche,1525271,1779195,116.65,0.98
2102,2021-04-29,MAR,13452,6160,7292,7159,6109,184,0,ITI,ITI3,11,Marche,Marche,1525271,1792647,117.53,0.88
2103,2021-04-17,MAR,11705,5317,6388,10393,1073,239,0,ITI,ITI3,11,Marche,Marche,1525271,1804352,118.3,0.77
2104,2021-09-21,MAR,6496,3584,2912,2162,3987,196,151,ITI,ITI3,11,Marche,Marche,1525271,1810848,118.72,0.43
2105,2021-07-26,MAR,11031,5737,5294,2109,8715,207,0,ITI,ITI3,11,Marche,Marche,1525271,1821879,119.45,0.72
2106,2021-08-09,MAR,9097,4828,4269,4051,4771,275,0,ITI,ITI3,11,Marche,Marche,1525271,1830976,120.04,0.6
2107,2021-06-13,MAR,10753,5566,5187,9203,1300,250,0,ITI,ITI3,11,Marche,Marche,1525271,1841729,120.75,0.7
2108,2020-12-27,MAR,210,100,110,208,0,2,0,ITI,ITI3,11,Marche,Marche,1525271,1841939,120.76,0.01
2109,2021-03-15,MAR,4452,2061,2391,1291,3140,21,0,ITI,ITI3,11,Marche,Marche,1525271,1846391,121.05,0.29
2110,2021-08-19,MAR,6273,3347,2926,3490,2454,329,0,ITI,ITI3,11,Marche,Marche,1525271,1852664,121.46,0.41
2111,2021-06-23,MAR,13892,6818,7074,6626,7010,256,0,ITI,ITI3,11,Marche,Marche,1525271,1866556,122.38,0.91
2112,2021-03-01,MAR,3772,1520,2252,3503,248,21,0,ITI,ITI3,11,Marche,Marche,1525271,1870328,122.62,0.25
2113,2021-08-02,MAR,11725,6209,5516,4598,6868,259,0,ITI,ITI3,11,Marche,Marche,1525271,1882053,123.39,0.77
2114,2021-06-06,MAR,12453,6138,6315,10637,1579,237,0,ITI,ITI3,11,Marche,Marche,1525271,1894506,124.21,0.82
2115,2021-06-03,MAR,14638,7483,7155,12081,2252,305,0,ITI,ITI3,11,Marche,Marche,1525271,1909144,125.17,0.96
2116,2021-02-18,MAR,2146,787,1359,1806,288,52,0,ITI,ITI3,11,Marche,Marche,1525271,1911290,125.31,0.14
2117,2021-05-29,MAR,12875,6239,6636,8117,4540,218,0,ITI,ITI3,11,Marche,Marche,1525271,1924165,126.15,0.84
2118,2021-09-15,MAR,7098,3804,3294,1384,5540,174,0,ITI,ITI3,11,Marche,Marche,1525271,1931263,126.62,0.47
2119,2021-02-16,MAR,1287,475,812,1225,30,32,0,ITI,ITI3,11,Marche,Marche,1525271,1932550,126.7,0.08
2120,2021-02-25,MAR,3562,1465,2097,3318,181,63,0,ITI,ITI3,11,Marche,Marche,1525271,1936112,126.94,0.23
2121,2021-08-01,MAR,7497,4049,3448,1835,5577,85,0,ITI,ITI3,11,Marche,Marche,1525271,1943609,127.43,0.49
2122,2021-06-05,MAR,13944,7011,6933,11520,2058,366,0,ITI,ITI3,11,Marche,Marche,1525271,1957553,128.34,0.91
2123,2021-04-23,MAR,11320,5224,6096,8097,3055,168,0,ITI,ITI3,11,Marche,Marche,1525271,1968873,129.08,0.74
2124,2021-02-23,MAR,3314,1432,1882,3243,56,15,0,ITI,ITI3,11,Marche,Marche,1525271,1972187,129.3,0.22
2125,2021-01-15,MAR,1775,501,1274,1757,0,18,0,ITI,ITI3,11,Marche,Marche,1525271,1973962,129.42,0.12
2126,2021-04-25,MAR,8603,3996,4607,6891,1578,134,0,ITI,ITI3,11,Marche,Marche,1525271,1982565,129.98,0.56
2127,2021-08-03,MAR,10877,5736,5141,4029,6581,267,0,ITI,ITI3,11,Marche,Marche,1525271,1993442,130.69,0.71
2128,2021-08-12,MAR,8020,4332,3688,3890,3768,362,0,ITI,ITI3,11,Marche,Marche,1525271,2001462,131.22,0.53
2129,2021-01-13,MAR,2114,747,1367,2073,0,41,0,ITI,ITI3,11,Marche,Marche,1525271,2003576,131.36,0.14
2130,2021-05-02,MAR,8905,3939,4966,3077,5743,85,0,ITI,ITI3,11,Marche,Marche,1525271,2012481,131.94,0.58
2131,2021-08-10,MAR,9200,4814,4386,3333,5592,275,0,ITI,ITI3,11,Marche,Marche,1525271,2021681,132.55,0.6
2132,2021-06-28,MAR,12364,6026,6338,4614,7512,238,0,ITI,ITI3,11,Marche,Marche,1525271,2034045,133.36,0.81
2133,2021-03-22,MAR,5705,2414,3291,2479,3179,47,0,ITI,ITI3,11,Marche,Marche,1525271,2039750,133.73,0.37
2134,2021-01-24,MAR,881,339,542,3,878,0,0,ITI,ITI3,11,Marche,Marche,1525271,2040631,133.79,0.06
2135,2021-06-30,MAR,13652,6665,6987,4454,8986,212,0,ITI,ITI3,11,Marche,Marche,1525271,2054283,134.68,0.9
2136,2021-05-04,MAR,10974,4840,6134,4926,5905,143,0,ITI,ITI3,11,Marche,Marche,1525271,2065257,135.4,0.72
2137,2021-03-20,MAR,4178,1759,2419,1034,3129,15,0,ITI,ITI3,11,Marche,Marche,1525271,2069435,135.68,0.27
2138,2021-01-22,MAR,489,168,321,193,294,2,0,ITI,ITI3,11,Marche,Marche,1525271,2069924,135.71,0.03
2139,2021-07-07,MAR,14259,7067,7192,2933,11083,243,0,ITI,ITI3,11,Marche,Marche,1525271,2084183,136.64,0.93
2140,2021-01-10,ABR,1272,540,732,1268,0,4,0,ITF,ITF1,13,Abruzzo,Abruzzo,1304970,1272,0.1,0.1
2141,2021-04-29,ABR,12685,5854,6831,9269,3099,317,0,ITF,ITF1,13,Abruzzo,Abruzzo,1304970,13957,1.07,0.97
2142,2021-08-07,ABR,6493,3617,2876,1834,4561,98,0,ITF,ITF1,13,Abruzzo,Abruzzo,1304970,20450,1.57,0.5
2143,2021-06-25,ABR,11061,5479,5582,4902,6015,144,0,ITF,ITF1,13,Abruzzo,Abruzzo,1304970,31511,2.41,0.85
2144,2021-01-15,ABR,385,155,230,371,0,14,0,ITF,ITF1,13,Abruzzo,Abruzzo,1304970,31896,2.44,0.03
2145,2020-12-27,ABR,47,24,23,47,0,0,0,ITF,ITF1,13,Abruzzo,Abruzzo,1304970,31943,2.45,0.0
2146,2021-09-21,ABR,3846,2109,1737,1667,2017,90,72,ITF,ITF1,13,Abruzzo,Abruzzo,1304970,35789,2.74,0.29
2147,2021-03-20,ABR,4796,2201,2595,2564,2172,60,0,ITF,ITF1,13,Abruzzo,Abruzzo,1304970,40585,3.11,0.37
2148,2021-06-13,ABR,9848,4925,4923,7847,1835,166,0,ITF,ITF1,13,Abruzzo,Abruzzo,1304970,50433,3.86,0.75
2149,2021-02-22,ABR,2641,1174,1467,2584,30,27,0,ITF,ITF1,13,Abruzzo,Abruzzo,1304970,53074,4.07,0.2
2150,2021-02-05,ABR,1535,521,1014,772,747,16,0,ITF,ITF1,13,Abruzzo,Abruzzo,1304970,54609,4.18,0.12
2151,2021-05-16,ABR,9578,4135,5443,5646,3812,120,0,ITF,ITF1,13,Abruzzo,Abruzzo,1304970,64187,4.92,0.73
2152,2021-06-04,ABR,15649,7395,8254,10757,4703,189,0,ITF,ITF1,13,Abruzzo,Abruzzo,1304970,79836,6.12,1.2
2153,2021-05-18,ABR,12110,5660,6450,7558,4380,172,0,ITF,ITF1,13,Abruzzo,Abruzzo,1304970,91946,7.05,0.93
2154,2021-02-24,ABR,3306,1442,1864,3112,177,17,0,ITF,ITF1,13,Abruzzo,Abruzzo,1304970,95252,7.3,0.25
2155,2021-08-09,ABR,10706,5550,5156,3097,7415,194,0,ITF,ITF1,13,Abruzzo,Abruzzo,1304970,105958,8.12,0.82
2156,2021-09-09,ABR,6997,3668,3329,1341,5527,129,0,ITF,ITF1,13,Abruzzo,Abruzzo,1304970,112955,8.66,0.54
2157,2021-02-10,ABR,946,311,635,492,444,10,0,ITF,ITF1,13,Abruzzo,Abruzzo,1304970,113901,8.73,0.07
2158,2021-05-30,ABR,8660,4109,4551,5325,3256,79,0,ITF,ITF1,13,Abruzzo,Abruzzo,1304970,122561,9.39,0.66
2159,2021-04-03,ABR,5165,2259,2906,3485,1598,82,0,ITF,ITF1,13,Abruzzo,Abruzzo,1304970,127726,9.79,0.4
2160,2021-09-07,ABR,5352,2814,2538,1471,3772,109,0,ITF,ITF1,13,Abruzzo,Abruzzo,1304970,133078,10.2,0.41
2161,2021-07-26,ABR,14259,7459,6800,3864,10196,199,0,ITF,ITF1,13,Abruzzo,Abruzzo,1304970,147337,11.29,1.09
2162,2021-07-12,ABR,15078,7458,7620,2357,12604,117,0,ITF,ITF1,13,Abruzzo,Abruzzo,1304970,162415,12.45,1.16
2163,2021-08-21,ABR,3840,2097,1743,1729,1989,122,0,ITF,ITF1,13,Abruzzo,Abruzzo,1304970,166255,12.74,0.29
2164,2021-05-04,ABR,10855,5094,5761,7036,3628,191,0,ITF,ITF1,13,Abruzzo,Abruzzo,1304970,177110,13.57,0.83
2165,2021-03-08,ABR,5155,1694,3461,4081,977,97,0,ITF,ITF1,13,Abruzzo,Abruzzo,1304970,182265,13.97,0.4
2166,2021-03-03,ABR,4641,1900,2741,3716,906,19,0,ITF,ITF1,13,Abruzzo,Abruzzo,1304970,186906,14.32,0.36
2167,2021-07-14,ABR,13723,6799,6924,2435,11136,152,0,ITF,ITF1,13,Abruzzo,Abruzzo,1304970,200629,15.37,1.05
2168,2021-04-08,ABR,7395,3335,4060,4933,2332,130,0,ITF,ITF1,13,Abruzzo,Abruzzo,1304970,208024,15.94,0.57
2169,2021-04-22,ABR,6738,3252,3486,4828,1734,176,0,ITF,ITF1,13,Abruzzo,Abruzzo,1304970,214762,16.46,0.52
2170,2021-01-22,ABR,118,57,61,118,0,0,0,ITF,ITF1,13,Abruzzo,Abruzzo,1304970,214880,16.47,0.01
2171,2021-04-27,ABR,9087,4368,4719,6504,2469,114,0,ITF,ITF1,13,Abruzzo,Abruzzo,1304970,223967,17.16,0.7
2172,2021-07-02,ABR,11836,5948,5888,4829,6822,185,0,ITF,ITF1,13,Abruzzo,Abruzzo,1304970,235803,18.07,0.91
2173,2021-03-15,ABR,3679,1444,2235,1840,1807,32,0,ITF,ITF1,13,Abruzzo,Abruzzo,1304970,239482,18.35,0.28
2174,2021-01-17,ABR,193,64,129,185,7,1,0,ITF,ITF1,13,Abruzzo,Abruzzo,1304970,239675,18.37,0.01
2175,2021-01-29,ABR,1387,449,938,71,1315,1,0,ITF,ITF1,13,Abruzzo,Abruzzo,1304970,241062,18.47,0.11
2176,2021-08-26,ABR,5805,3039,2766,2016,3637,152,0,ITF,ITF1,13,Abruzzo,Abruzzo,1304970,246867,18.92,0.44
2177,2021-08-28,ABR,2303,1332,971,698,1556,49,0,ITF,ITF1,13,Abruzzo,Abruzzo,1304970,249170,19.09,0.18
2178,2021-09-14,ABR,3908,2102,1806,799,3037,72,0,ITF,ITF1,13,Abruzzo,Abruzzo,1304970,253078,19.39,0.3
2179,2021-09-16,ABR,3175,1685,1490,963,2114,98,0,ITF,ITF1,13,Abruzzo,Abruzzo,1304970,256253,19.64,0.24
2180,2021-07-21,ABR,11079,5719,5360,2426,8518,135,0,ITF,ITF1,13,Abruzzo,Abruzzo,1304970,267332,20.49,0.85
2181,2021-02-12,ABR,1227,567,660,1025,189,13,0,ITF,ITF1,13,Abruzzo,Abruzzo,1304970,268559,20.58,0.09
2182,2021-07-19,ABR,11777,5982,5795,2660,8944,173,0,ITF,ITF1,13,Abruzzo,Abruzzo,1304970,280336,21.48,0.9
2183,2021-05-23,ABR,9880,4693,5187,7067,2692,121,0,ITF,ITF1,13,Abruzzo,Abruzzo,1304970,290216,22.24,0.76
2184,2021-06-06,ABR,11151,5310,5841,8776,2241,134,0,ITF,ITF1,13,Abruzzo,Abruzzo,1304970,301367,23.09,0.85
2185,2021-04-10,ABR,8778,4059,4719,6121,2510,147,0,ITF,ITF1,13,Abruzzo,Abruzzo,1304970,310145,23.77,0.67
2186,2021-07-31,ABR,11741,6341,5400,3474,8063,204,0,ITF,ITF1,13,Abruzzo,Abruzzo,1304970,321886,24.67,0.9
2187,2021-03-22,ABR,4347,1911,2436,2309,1971,67,0,ITF,ITF1,13,Abruzzo,Abruzzo,1304970,326233,25.0,0.33
2188,2021-06-30,ABR,11172,5433,5739,4495,6510,167,0,ITF,ITF1,13,Abruzzo,Abruzzo,1304970,337405,25.86,0.86
2189,2021-01-03,ABR,501,212,289,499,0,2,0,ITF,ITF1,13,Abruzzo,Abruzzo,1304970,337906,25.89,0.04
2190,2021-03-27,ABR,6127,2621,3506,3561,2493,73,0,ITF,ITF1,13,Abruzzo,Abruzzo,1304970,344033,26.36,0.47
2191,2021-01-05,ABR,1735,721,1014,1730,0,5,0,ITF,ITF1,13,Abruzzo,Abruzzo,1304970,345768,26.5,0.13
2192,2021-04-15,ABR,7833,3688,4145,5825,1843,165,0,ITF,ITF1,13,Abruzzo,Abruzzo,1304970,353601,27.1,0.6
2193,2021-01-24,ABR,50,22,28,6,44,0,0,ITF,ITF1,13,Abruzzo,Abruzzo,1304970,353651,27.1,0.0
2194,2021-03-01,ABR,3477,1384,2093,2702,751,24,0,ITF,ITF1,13,Abruzzo,Abruzzo,1304970,357128,27.37,0.27
2195,2021-08-14,ABR,127,69,58,99,26,2,0,ITF,ITF1,13,Abruzzo,Abruzzo,1304970,357255,27.38,0.01
2196,2021-06-18,ABR,10195,5006,5189,6551,3495,149,0,ITF,ITF1,13,Abruzzo,Abruzzo,1304970,367450,28.16,0.78
2197,2021-06-23,ABR,11016,5284,5732,5577,5292,147,0,ITF,ITF1,13,Abruzzo,Abruzzo,1304970,378466,29.0,0.84
2198,2021-03-17,ABR,4539,1872,2667,2776,1740,23,0,ITF,ITF1,13,Abruzzo,Abruzzo,1304970,383005,29.35,0.35
2199,2021-08-02,ABR,13857,7154,6703,3542,10056,259,0,ITF,ITF1,13,Abruzzo,Abruzzo,1304970,396862,30.41,1.06
2200,2021-05-27,ABR,13323,6104,7219,8315,4831,177,0,ITF,ITF1,13,Abruzzo,Abruzzo,1304970,410185,31.43,1.02
2201,2021-09-04,ABR,2140,1137,1003,740,1339,61,0,ITF,ITF1,13,Abruzzo,Abruzzo,1304970,412325,31.6,0.16
2202,2021-01-19,ABR,112,56,56,90,21,1,0,ITF,ITF1,13,Abruzzo,Abruzzo,1304970,412437,31.61,0.01
2203,2021-02-07,ABR,780,307,473,199,580,1,0,ITF,ITF1,13,Abruzzo,Abruzzo,1304970,413217,31.66,0.06
2204,2021-02-03,ABR,2062,717,1345,410,1644,8,0,ITF,ITF1,13,Abruzzo,Abruzzo,1304970,415279,31.82,0.16
2205,2021-02-28,ABR,1703,509,1194,1665,2,36,0,ITF,ITF1,13,Abruzzo,Abruzzo,1304970,416982,31.95,0.13
2206,2021-08-04,ABR,10883,5629,5254,4301,6339,243,0,ITF,ITF1,13,Abruzzo,Abruzzo,1304970,427865,32.79,0.83
2207,2021-01-02,ABR,559,226,333,558,0,1,0,ITF,ITF1,13,Abruzzo,Abruzzo,1304970,428424,32.83,0.04
2208,2021-06-08,ABR,12871,6623,6248,10431,2197,243,0,ITF,ITF1,13,Abruzzo,Abruzzo,1304970,441295,33.82,0.99
2209,2021-04-26,ABR,8562,4065,4497,7134,1214,214,0,ITF,ITF1,13,Abruzzo,Abruzzo,1304970,449857,34.47,0.66
2210,2021-06-01,ABR,10997,4875,6122,6510,4366,121,0,ITF,ITF1,13,Abruzzo,Abruzzo,1304970,460854,35.32,0.84
2211,2021-02-17,ABR,2071,948,1123,1780,282,9,0,ITF,ITF1,13,Abruzzo,Abruzzo,1304970,462925,35.47,0.16
2212,2021-09-02,ABR,6106,3194,2912,1864,4112,130,0,ITF,ITF1,13,Abruzzo,Abruzzo,1304970,469031,35.94,0.47
2213,2021-06-11,ABR,11794,5860,5934,8833,2773,188,0,ITF,ITF1,13,Abruzzo,Abruzzo,1304970,480825,36.85,0.9
2214,2021-08-19,ABR,6722,3609,3113,3256,3274,192,0,ITF,ITF1,13,Abruzzo,Abruzzo,1304970,487547,37.36,0.52
2215,2021-05-11,ABR,10765,5121,5644,5730,4857,178,0,ITF,ITF1,13,Abruzzo,Abruzzo,1304970,498312,38.19,0.82
2216,2021-08-18,ABR,7382,3920,3462,3084,4107,191,0,ITF,ITF1,13,Abruzzo,Abruzzo,1304970,505694,38.75,0.57
2217,2021-07-07,ABR,12073,5909,6164,4021,7807,245,0,ITF,ITF1,13,Abruzzo,Abruzzo,1304970,517767,39.68,0.93
2218,2021-07-09,ABR,13615,6795,6820,2883,10591,141,0,ITF,ITF1,13,Abruzzo,Abruzzo,1304970,531382,40.72,1.04
2219,2021-09-13,ABR,4590,2483,2107,1054,3457,79,0,ITF,ITF1,13,Abruzzo,Abruzzo,1304970,535972,41.07,0.35
2220,2021-06-22,ABR,10409,4877,5532,5381,4846,182,0,ITF,ITF1,13,Abruzzo,Abruzzo,1304970,546381,41.87,0.8
2221,2021-09-06,ABR,6219,3245,2974,2202,3869,148,0,ITF,ITF1,13,Abruzzo,Abruzzo,1304970,552600,42.35,0.48
2222,2021-03-24,ABR,6388,2787,3601,3992,2253,143,0,ITF,ITF1,13,Abruzzo,Abruzzo,1304970,558988,42.84,0.49
2223,2021-02-09,ABR,924,326,598,513,410,1,0,ITF,ITF1,13,Abruzzo,Abruzzo,1304970,559912,42.91,0.07
2224,2021-03-19,ABR,5799,2586,3213,2731,3025,43,0,ITF,ITF1,13,Abruzzo,Abruzzo,1304970,565711,43.35,0.44
2225,2021-03-05,ABR,5346,1958,3388,4589,697,60,0,ITF,ITF1,13,Abruzzo,Abruzzo,1304970,571057,43.76,0.41
2226,2021-06-27,ABR,8366,4299,4067,5017,3208,141,0,ITF,ITF1,13,Abruzzo,Abruzzo,1304970,579423,44.4,0.64
2227,2021-04-07,ABR,8562,3968,4594,5204,3219,139,0,ITF,ITF1,13,Abruzzo,Abruzzo,1304970,587985,45.06,0.66
2228,2021-07-16,ABR,16152,8239,7913,2466,13569,117,0,ITF,ITF1,13,Abruzzo,Abruzzo,1304970,604137,46.3,1.24
2229,2021-07-23,ABR,12572,6464,6108,2845,9566,161,0,ITF,ITF1,13,Abruzzo,Abruzzo,1304970,616709,47.26,0.96
2230,2021-01-21,ABR,157,47,110,157,0,0,0,ITF,ITF1,13,Abruzzo,Abruzzo,1304970,616866,47.27,0.01
2231,2021-05-01,ABR,10753,5053,5700,5631,4985,137,0,ITF,ITF1,13,Abruzzo,Abruzzo,1304970,627619,48.09,0.82
2232,2021-05-20,ABR,12825,5933,6892,7429,5268,128,0,ITF,ITF1,13,Abruzzo,Abruzzo,1304970,640444,49.08,0.98
2233,2021-04-05,ABR,2692,1147,1545,1729,880,83,0,ITF,ITF1,13,Abruzzo,Abruzzo,1304970,643136,49.28,0.21
2234,2021-01-12,ABR,1901,761,1140,1887,0,14,0,ITF,ITF1,13,Abruzzo,Abruzzo,1304970,645037,49.43,0.15
2235,2021-04-17,ABR,7359,3402,3957,4210,3052,97,0,ITF,ITF1,13,Abruzzo,Abruzzo,1304970,652396,49.99,0.56
2236,2021-02-19,ABR,3300,1551,1749,3161,100,39,0,ITF,ITF1,13,Abruzzo,Abruzzo,1304970,655696,50.25,0.25
2237,2021-04-19,ABR,6235,2864,3371,3787,2375,73,0,ITF,ITF1,13,Abruzzo,Abruzzo,1304970,661931,50.72,0.48
2238,2021-09-23,ABR,3103,1674,1429,1373,1565,115,50,ITF,ITF1,13,Abruzzo,Abruzzo,1304970,665034,50.96,0.24
2239,2021-02-21,ABR,1219,550,669,1192,1,26,0,ITF,ITF1,13,Abruzzo,Abruzzo,1304970,666253,51.06,0.09
2240,2021-07-28,ABR,13279,6956,6323,3434,9677,168,0,ITF,ITF1,13,Abruzzo,Abruzzo,1304970,679532,52.07,1.02
2241,2021-09-11,ABR,2385,1331,1054,1047,1231,107,0,ITF,ITF1,13,Abruzzo,Abruzzo,1304970,681917,52.26,0.18
2242,2021-05-08,ABR,10291,4869,5422,6297,3836,158,0,ITF,ITF1,13,Abruzzo,Abruzzo,1304970,692208,53.04,0.79
2243,2021-04-24,ABR,8732,3976,4756,6937,1532,263,0,ITF,ITF1,13,Abruzzo,Abruzzo,1304970,700940,53.71,0.67
2244,2021-08-16,ABR,6094,3205,2889,2255,3692,147,0,ITF,ITF1,13,Abruzzo,Abruzzo,1304970,707034,54.18,0.47
2245,2021-01-14,ABR,568,227,341,566,0,2,0,ITF,ITF1,13,Abruzzo,Abruzzo,1304970,707602,54.22,0.04
2246,2021-07-04,ABR,8371,4216,4155,3330,4915,126,0,ITF,ITF1,13,Abruzzo,Abruzzo,1304970,715973,54.87,0.64
2247,2021-08-30,ABR,7420,4057,3363,1942,5346,132,0,ITF,ITF1,13,Abruzzo,Abruzzo,1304970,723393,55.43,0.57
2248,2021-09-01,ABR,6846,3640,3206,1560,5181,105,0,ITF,ITF1,13,Abruzzo,Abruzzo,1304970,730239,55.96,0.52
2249,2021-08-11,ABR,8275,4414,3861,2614,5503,158,0,ITF,ITF1,13,Abruzzo,Abruzzo,1304970,738514,56.59,0.63
2250,2021-06-19,ABR,10558,5202,5356,6483,3901,174,0,ITF,ITF1,13,Abruzzo,Abruzzo,1304970,749072,57.4,0.81
2251,2021-03-28,ABR,2433,1019,1414,1995,387,51,0,ITF,ITF1,13,Abruzzo,Abruzzo,1304970,751505,57.59,0.19
2252,2021-07-06,ABR,10463,5200,5263,4299,5988,176,0,ITF,ITF1,13,Abruzzo,Abruzzo,1304970,761968,58.39,0.8
2253,2021-09-18,ABR,2433,1365,1068,958,1396,79,0,ITF,ITF1,13,Abruzzo,Abruzzo,1304970,764401,58.58,0.19
2254,2021-01-07,ABR,1712,657,1055,1705,0,7,0,ITF,ITF1,13,Abruzzo,Abruzzo,1304970,766113,58.71,0.13
2255,2021-05-25,ABR,11420,5324,6096,8082,3140,198,0,ITF,ITF1,13,Abruzzo,Abruzzo,1304970,777533,59.58,0.88
2256,2021-01-31,ABR,1523,495,1028,285,1237,1,0,ITF,ITF1,13,Abruzzo,Abruzzo,1304970,779056,59.7,0.12
2257,2021-05-10,ABR,10114,4785,5329,5337,4654,123,0,ITF,ITF1,13,Abruzzo,Abruzzo,1304970,789170,60.47,0.78
2258,2021-04-23,ABR,7416,3401,4015,4937,2308,171,0,ITF,ITF1,13,Abruzzo,Abruzzo,1304970,796586,61.04,0.57
2259,2021-02-16,ABR,1916,842,1074,1891,12,13,0,ITF,ITF1,13,Abruzzo,Abruzzo,1304970,798502,61.19,0.15
2260,2021-03-02,ABR,3966,1675,2291,3263,686,17,0,ITF,ITF1,13,Abruzzo,Abruzzo,1304970,802468,61.49,0.3
2261,2021-06-10,ABR,12730,6325,6405,10313,2178,239,0,ITF,ITF1,13,Abruzzo,Abruzzo,1304970,815198,62.47,0.98
2262,2021-02-11,ABR,815,262,553,770,43,2,0,ITF,ITF1,13,Abruzzo,Abruzzo,1304970,816013,62.53,0.06
2263,2021-05-24,ABR,12226,5841,6385,8729,3341,156,0,ITF,ITF1,13,Abruzzo,Abruzzo,1304970,828239,63.47,0.94
2264,2021-06-15,ABR,11329,5562,5767,8681,2439,209,0,ITF,ITF1,13,Abruzzo,Abruzzo,1304970,839568,64.34,0.87
2265,2021-04-12,ABR,6239,2957,3282,4983,1173,83,0,ITF,ITF1,13,Abruzzo,Abruzzo,1304970,845807,64.81,0.48
2266,2021-01-16,ABR,939,431,508,931,0,8,0,ITF,ITF1,13,Abruzzo,Abruzzo,1304970,846746,64.89,0.07
2267,2021-04-14,ABR,6599,2952,3647,4341,2123,135,0,ITF,ITF1,13,Abruzzo,Abruzzo,1304970,853345,65.39,0.51
2268,2021-01-04,ABR,1515,685,830,1509,0,6,0,ITF,ITF1,13,Abruzzo,Abruzzo,1304970,854860,65.51,0.12
2269,2021-01-23,ABR,265,116,149,51,208,6,0,ITF,ITF1,13,Abruzzo,Abruzzo,1304970,855125,65.53,0.02
2270,2021-05-03,ABR,11152,5260,5892,7128,3838,186,0,ITF,ITF1,13,Abruzzo,Abruzzo,1304970,866277,66.38,0.85
2271,2021-03-29,ABR,5711,2600,3111,3021,2640,50,0,ITF,ITF1,13,Abruzzo,Abruzzo,1304970,871988,66.82,0.44
2272,2021-06-03,ABR,13198,6285,6913,9244,3779,175,0,ITF,ITF1,13,Abruzzo,Abruzzo,1304970,885186,67.83,1.01
2273,2021-03-12,ABR,6043,1993,4050,4353,1610,80,0,ITF,ITF1,13,Abruzzo,Abruzzo,1304970,891229,68.29,0.46
2274,2021-06-20,ABR,8445,4237,4208,5408,2933,104,0,ITF,ITF1,13,Abruzzo,Abruzzo,1304970,899674,68.94,0.65
2275,2021-03-14,ABR,1886,732,1154,1204,669,13,0,ITF,ITF1,13,Abruzzo,Abruzzo,1304970,901560,69.09,0.14
2276,2021-07-30,ABR,12088,6436,5652,3791,8070,227,0,ITF,ITF1,13,Abruzzo,Abruzzo,1304970,913648,70.01,0.93
2277,2021-02-26,ABR,3923,1679,2244,2928,969,26,0,ITF,ITF1,13,Abruzzo,Abruzzo,1304970,917571,70.31,0.3
2278,2021-09-03,ABR,5936,3185,2751,1825,3980,131,0,ITF,ITF1,13,Abruzzo,Abruzzo,1304970,923507,70.77,0.45
2279,2021-01-28,ABR,1435,495,940,11,1424,0,0,ITF,ITF1,13,Abruzzo,Abruzzo,1304970,924942,70.88,0.11
2280,2021-09-22,ABR,4757,2571,2186,1952,2642,114,49,ITF,ITF1,13,Abruzzo,Abruzzo,1304970,929699,71.24,0.36
2281,2021-01-11,ABR,1691,690,1001,1687,0,4,0,ITF,ITF1,13,Abruzzo,Abruzzo,1304970,931390,71.37,0.13
2282,2021-04-21,ABR,6393,3104,3289,4632,1673,88,0,ITF,ITF1,13,Abruzzo,Abruzzo,1304970,937783,71.86,0.49
2283,2021-02-18,ABR,2292,934,1358,2142,133,17,0,ITF,ITF1,13,Abruzzo,Abruzzo,1304970,940075,72.04,0.18
2284,2021-05-29,ABR,10318,4430,5888,4454,5772,92,0,ITF,ITF1,13,Abruzzo,Abruzzo,1304970,950393,72.83,0.79
2285,2021-05-22,ABR,13161,6393,6768,8130,4919,112,0,ITF,ITF1,13,Abruzzo,Abruzzo,1304970,963554,73.84,1.01
2286,2021-03-26,ABR,5361,2314,3047,3172,2081,108,0,ITF,ITF1,13,Abruzzo,Abruzzo,1304970,968915,74.25,0.41
2287,2021-09-08,ABR,4423,2349,2074,1587,2733,103,0,ITF,ITF1,13,Abruzzo,Abruzzo,1304970,973338,74.59,0.34
2288,2021-07-27,ABR,15139,7906,7233,3332,11628,179,0,ITF,ITF1,13,Abruzzo,Abruzzo,1304970,988477,75.75,1.16
2289,2021-05-31,ABR,11340,5116,6224,6770,4444,126,0,ITF,ITF1,13,Abruzzo,Abruzzo,1304970,999817,76.62,0.87
2290,2021-04-20,ABR,5640,2714,2926,4103,1457,80,0,ITF,ITF1,13,Abruzzo,Abruzzo,1304970,1005457,77.05,0.43
2291,2021-07-25,ABR,9863,5217,4646,2169,7571,123,0,ITF,ITF1,13,Abruzzo,Abruzzo,1304970,1015320,77.8,0.76
2292,2021-07-08,ABR,13500,6685,6815,3407,9927,166,0,ITF,ITF1,13,Abruzzo,Abruzzo,1304970,1028820,78.84,1.03
2293,2021-04-16,ABR,7545,3492,4053,5497,1917,131,0,ITF,ITF1,13,Abruzzo,Abruzzo,1304970,1036365,79.42,0.58
2294,2021-01-30,ABR,1515,570,945,62,1452,1,0,ITF,ITF1,13,Abruzzo,Abruzzo,1304970,1037880,79.53,0.12
2295,2021-08-01,ABR,7570,4057,3513,2003,5465,102,0,ITF,ITF1,13,Abruzzo,Abruzzo,1304970,1045450,80.11,0.58
2296,2021-02-25,ABR,3055,1343,1712,2506,530,19,0,ITF,ITF1,13,Abruzzo,Abruzzo,1304970,1048505,80.35,0.23
2297,2021-06-05,ABR,14617,6866,7751,10362,4051,204,0,ITF,ITF1,13,Abruzzo,Abruzzo,1304970,1063122,81.47,1.12
2298,2021-08-08,ABR,4450,2428,2022,1886,2474,90,0,ITF,ITF1,13,Abruzzo,Abruzzo,1304970,1067572,81.81,0.34
2299,2021-05-17,ABR,11038,5039,5999,6017,4857,164,0,ITF,ITF1,13,Abruzzo,Abruzzo,1304970,1078610,82.65,0.85
2300,2021-01-18,ABR,155,71,84,53,102,0,0,ITF,ITF1,13,Abruzzo,Abruzzo,1304970,1078765,82.67,0.01
2301,2021-06-24,ABR,10871,5411,5460,5720,4979,172,0,ITF,ITF1,13,Abruzzo,Abruzzo,1304970,1089636,83.5,0.83
2302,2021-04-28,ABR,9517,4591,4926,7306,2026,185,0,ITF,ITF1,13,Abruzzo,Abruzzo,1304970,1099153,84.23,0.73
2303,2021-05-12,ABR,9628,4602,5026,5869,3582,177,0,ITF,ITF1,13,Abruzzo,Abruzzo,1304970,1108781,84.97,0.74
2304,2021-03-16,ABR,3487,1453,2034,1804,1655,28,0,ITF,ITF1,13,Abruzzo,Abruzzo,1304970,1112268,85.23,0.27
2305,2021-08-20,ABR,6048,3166,2882,2033,3883,132,0,ITF,ITF1,13,Abruzzo,Abruzzo,1304970,1118316,85.7,0.46
2306,2021-08-06,ABR,10674,5707,4967,3683,6748,243,0,ITF,ITF1,13,Abruzzo,Abruzzo,1304970,1128990,86.51,0.82
2307,2021-05-05,ABR,11647,5576,6071,6270,5213,164,0,ITF,ITF1,13,Abruzzo,Abruzzo,1304970,1140637,87.41,0.89
2308,2021-03-09,ABR,5177,1806,3371,4147,939,91,0,ITF,ITF1,13,Abruzzo,Abruzzo,1304970,1145814,87.8,0.4
2309,2021-08-13,ABR,7120,3832,3288,2012,5001,107,0,ITF,ITF1,13,Abruzzo,Abruzzo,1304970,1152934,88.35,0.55
2310,2021-07-15,ABR,15944,8087,7857,3129,12639,176,0,ITF,ITF1,13,Abruzzo,Abruzzo,1304970,1168878,89.57,1.22
2311,2021-06-28,ABR,10056,4837,5219,5309,4577,170,0,ITF,ITF1,13,Abruzzo,Abruzzo,1304970,1178934,90.34,0.77
2312,2021-04-06,ABR,7683,3581,4102,5230,2322,131,0,ITF,ITF1,13,Abruzzo,Abruzzo,1304970,1186617,90.93,0.59
2313,2021-08-03,ABR,12722,6574,6148,3643,8910,169,0,ITF,ITF1,13,Abruzzo,Abruzzo,1304970,1199339,91.91,0.97
2314,2021-08-17,ABR,6582,3468,3114,2822,3542,218,0,ITF,ITF1,13,Abruzzo,Abruzzo,1304970,1205921,92.41,0.5
2315,2021-03-07,ABR,2520,630,1890,2482,0,38,0,ITF,ITF1,13,Abruzzo,Abruzzo,1304970,1208441,92.6,0.19
2316,2021-01-09,ABR,1615,694,921,1603,0,12,0,ITF,ITF1,13,Abruzzo,Abruzzo,1304970,1210056,92.73,0.12
2317,2021-06-29,ABR,11430,5639,5791,5245,5997,188,0,ITF,ITF1,13,Abruzzo,Abruzzo,1304970,1221486,93.6,0.88
2318,2021-03-21,ABR,2134,914,1220,839,1291,4,0,ITF,ITF1,13,Abruzzo,Abruzzo,1304970,1223620,93.77,0.16
2319,2021-06-12,ABR,11423,5915,5508,9887,1351,185,0,ITF,ITF1,13,Abruzzo,Abruzzo,1304970,1235043,94.64,0.88
2320,2021-09-20,ABR,4486,2468,2018,1609,2688,130,59,ITF,ITF1,13,Abruzzo,Abruzzo,1304970,1239529,94.99,0.34
2321,2021-03-11,ABR,5494,2216,3278,4264,1140,90,0,ITF,ITF1,13,Abruzzo,Abruzzo,1304970,1245023,95.41,0.42
2322,2021-06-02,ABR,9774,4750,5024,6834,2819,121,0,ITF,ITF1,13,Abruzzo,Abruzzo,1304970,1254797,96.16,0.75
2323,2021-09-10,ABR,4941,2642,2299,1515,3323,103,0,ITF,ITF1,13,Abruzzo,Abruzzo,1304970,1259738,96.53,0.38
2324,2021-09-12,ABR,1610,866,744,759,785,66,0,ITF,ITF1,13,Abruzzo,Abruzzo,1304970,1261348,96.66,0.12
2325,2021-03-13,ABR,4122,1420,2702,3016,1043,63,0,ITF,ITF1,13,Abruzzo,Abruzzo,1304970,1265470,96.97,0.32
2326,2021-06-21,ABR,11059,5389,5670,4939,5990,130,0,ITF,ITF1,13,Abruzzo,Abruzzo,1304970,1276529,97.82,0.85
2327,2021-08-25,ABR,7127,3796,3331,2375,4583,169,0,ITF,ITF1,13,Abruzzo,Abruzzo,1304970,1283656,98.37,0.55
2328,2021-08-27,ABR,7974,4203,3771,2469,5345,160,0,ITF,ITF1,13,Abruzzo,Abruzzo,1304970,1291630,98.98,0.61
2329,2021-02-23,ABR,2779,1273,1506,2753,11,15,0,ITF,ITF1,13,Abruzzo,Abruzzo,1304970,1294409,99.19,0.21
2330,2021-02-06,ABR,1613,745,868,595,1011,7,0,ITF,ITF1,13,Abruzzo,Abruzzo,1304970,1296022,99.31,0.12
2331,2021-07-29,ABR,15180,7972,7208,3924,11044,212,0,ITF,ITF1,13,Abruzzo,Abruzzo,1304970,1311202,100.48,1.16
2332,2021-04-25,ABR,9072,4624,4448,8053,809,210,0,ITF,ITF1,13,Abruzzo,Abruzzo,1304970,1320274,101.17,0.7
2333,2021-05-09,ABR,9159,4091,5068,4171,4874,114,0,ITF,ITF1,13,Abruzzo,Abruzzo,1304970,1329433,101.87,0.7
2334,2021-02-15,ABR,1794,832,962,1735,42,17,0,ITF,ITF1,13,Abruzzo,Abruzzo,1304970,1331227,102.01,0.14
2335,2021-05-26,ABR,13562,6047,7515,8406,4997,159,0,ITF,ITF1,13,Abruzzo,Abruzzo,1304970,1344789,103.05,1.04
2336,2021-06-14,ABR,10987,5433,5554,7428,3383,176,0,ITF,ITF1,13,Abruzzo,Abruzzo,1304970,1355776,103.89,0.84
2337,2021-05-07,ABR,12215,5716,6499,7636,4425,154,0,ITF,ITF1,13,Abruzzo,Abruzzo,1304970,1367991,104.83,0.94
2338,2021-03-25,ABR,5802,2666,3136,3064,2625,113,0,ITF,ITF1,13,Abruzzo,Abruzzo,1304970,1373793,105.27,0.44
2339,2021-08-29,ABR,1467,876,591,522,931,14,0,ITF,ITF1,13,Abruzzo,Abruzzo,1304970,1375260,105.39,0.11
2340,2021-02-08,ABR,1194,396,798,487,707,0,0,ITF,ITF1,13,Abruzzo,Abruzzo,1304970,1376454,105.48,0.09
2341,2021-05-19,ABR,10736,5126,5610,7572,3037,127,0,ITF,ITF1,13,Abruzzo,Abruzzo,1304970,1387190,106.3,0.82
2342,2021-03-30,ABR,5128,2262,2866,3141,1825,162,0,ITF,ITF1,13,Abruzzo,Abruzzo,1304970,1392318,106.69,0.39
2343,2021-01-06,ABR,1991,819,1172,1981,0,10,0,ITF,ITF1,13,Abruzzo,Abruzzo,1304970,1394309,106.85,0.15
2344,2021-01-13,ABR,1305,483,822,1297,0,8,0,ITF,ITF1,13,Abruzzo,Abruzzo,1304970,1395614,106.95,0.1
2345,2021-07-01,ABR,12764,6282,6482,5767,6770,227,0,ITF,ITF1,13,Abruzzo,Abruzzo,1304970,1408378,107.92,0.98
2346,2021-06-17,ABR,10913,5457,5456,7297,3452,164,0,ITF,ITF1,13,Abruzzo,Abruzzo,1304970,1419291,108.76,0.84
2347,2021-08-24,ABR,6360,3411,2949,1875,4332,153,0,ITF,ITF1,13,Abruzzo,Abruzzo,1304970,1425651,109.25,0.49
2348,2021-08-05,ABR,13903,7162,6741,4713,8916,274,0,ITF,ITF1,13,Abruzzo,Abruzzo,1304970,1439554,110.31,1.07
2349,2021-01-08,ABR,1660,638,1022,1651,0,9,0,ITF,ITF1,13,Abruzzo,Abruzzo,1304970,1441214,110.44,0.13
2350,2021-04-18,ABR,5819,2728,3091,4725,944,150,0,ITF,ITF1,13,Abruzzo,Abruzzo,1304970,1447033,110.89,0.45
2351,2021-04-30,ABR,12513,5871,6642,6510,5728,275,0,ITF,ITF1,13,Abruzzo,Abruzzo,1304970,1459546,111.85,0.96
2352,2021-04-13,ABR,5894,2756,3138,4557,1238,99,0,ITF,ITF1,13,Abruzzo,Abruzzo,1304970,1465440,112.3,0.45
2353,2021-01-20,ABR,449,157,292,427,2,20,0,ITF,ITF1,13,Abruzzo,Abruzzo,1304970,1465889,112.33,0.03
2354,2021-07-05,ABR,10910,5349,5561,4039,6676,195,0,ITF,ITF1,13,Abruzzo,Abruzzo,1304970,1476799,113.17,0.84
2355,2021-07-22,ABR,14490,7412,7078,3515,10766,209,0,ITF,ITF1,13,Abruzzo,Abruzzo,1304970,1491289,114.28,1.11
2356,2021-07-24,ABR,12634,6842,5792,3805,8591,238,0,ITF,ITF1,13,Abruzzo,Abruzzo,1304970,1503923,115.25,0.97
2357,2021-05-02,ABR,10465,5115,5350,5088,5232,145,0,ITF,ITF1,13,Abruzzo,Abruzzo,1304970,1514388,116.05,0.8
2358,2021-08-10,ABR,9270,4964,4306,3396,5661,213,0,ITF,ITF1,13,Abruzzo,Abruzzo,1304970,1523658,116.76,0.71
2359,2021-01-27,ABR,1367,515,852,32,1335,0,0,ITF,ITF1,13,Abruzzo,Abruzzo,1304970,1525025,116.86,0.1
2360,2021-07-03,ABR,10194,5149,5045,3500,6546,148,0,ITF,ITF1,13,Abruzzo,Abruzzo,1304970,1535219,117.64,0.78
2361,2021-05-21,ABR,13018,6329,6689,7863,4979,176,0,ITF,ITF1,13,Abruzzo,Abruzzo,1304970,1548237,118.64,1.0
2362,2021-03-18,ABR,3901,1653,2248,2038,1836,27,0,ITF,ITF1,13,Abruzzo,Abruzzo,1304970,1552138,118.94,0.3
2363,2021-08-22,ABR,1832,948,884,536,1243,53,0,ITF,ITF1,13,Abruzzo,Abruzzo,1304970,1553970,119.08,0.14
2364,2021-06-26,ABR,10052,5018,5034,5688,4201,163,0,ITF,ITF1,13,Abruzzo,Abruzzo,1304970,1564022,119.85,0.77
2365,2021-07-10,ABR,13124,6635,6489,3010,9948,166,0,ITF,ITF1,13,Abruzzo,Abruzzo,1304970,1577146,120.86,1.01
2366,2021-05-14,ABR,10598,5072,5526,5282,5153,163,0,ITF,ITF1,13,Abruzzo,Abruzzo,1304970,1587744,121.67,0.81
2367,2021-04-01,ABR,5628,2520,3108,3428,2120,80,0,ITF,ITF1,13,Abruzzo,Abruzzo,1304970,1593372,122.1,0.43
2368,2021-02-13,ABR,870,395,475,441,425,4,0,ITF,ITF1,13,Abruzzo,Abruzzo,1304970,1594242,122.17,0.07
2369,2021-07-17,ABR,14097,7385,6712,2645,11272,180,0,ITF,ITF1,13,Abruzzo,Abruzzo,1304970,1608339,123.25,1.08
2370,2021-03-04,ABR,5942,2359,3583,4972,928,42,0,ITF,ITF1,13,Abruzzo,Abruzzo,1304970,1614281,123.7,0.46
2371,2021-09-19,ABR,1496,814,682,561,891,44,0,ITF,ITF1,13,Abruzzo,Abruzzo,1304970,1615777,123.82,0.11
2372,2021-02-01,ABR,1633,574,1059,268,1364,1,0,ITF,ITF1,13,Abruzzo,Abruzzo,1304970,1617410,123.94,0.13
2373,2021-08-31,ABR,6380,3467,2913,1675,4595,110,0,ITF,ITF1,13,Abruzzo,Abruzzo,1304970,1623790,124.43,0.49
2374,2021-03-23,ABR,4834,2191,2643,2208,2567,59,0,ITF,ITF1,13,Abruzzo,Abruzzo,1304970,1628624,124.8,0.37
2375,2021-02-20,ABR,4777,1844,2933,4657,76,44,0,ITF,ITF1,13,Abruzzo,Abruzzo,1304970,1633401,125.17,0.37
2376,2021-05-28,ABR,14026,6311,7715,7491,6366,169,0,ITF,ITF1,13,Abruzzo,Abruzzo,1304970,1647427,126.24,1.07
2377,2021-09-05,ABR,1428,781,647,437,963,28,0,ITF,ITF1,13,Abruzzo,Abruzzo,1304970,1648855,126.35,0.11
2378,2021-01-25,ABR,1605,633,972,10,1593,2,0,ITF,ITF1,13,Abruzzo,Abruzzo,1304970,1650460,126.47,0.12
2379,2021-02-02,ABR,1764,668,1096,217,1543,4,0,ITF,ITF1,13,Abruzzo,Abruzzo,1304970,1652224,126.61,0.14
2380,2021-05-13,ABR,11151,5044,6107,6952,3964,235,0,ITF,ITF1,13,Abruzzo,Abruzzo,1304970,1663375,127.46,0.85
2381,2021-03-31,ABR,6723,2947,3776,4557,2070,96,0,ITF,ITF1,13,Abruzzo,Abruzzo,1304970,1670098,127.98,0.52
2382,2021-05-15,ABR,11443,5184,6259,5935,5328,180,0,ITF,ITF1,13,Abruzzo,Abruzzo,1304970,1681541,128.86,0.88
2383,2021-08-23,ABR,5921,3109,2812,1656,4120,145,0,ITF,ITF1,13,Abruzzo,Abruzzo,1304970,1687462,129.31,0.45
2384,2021-07-11,ABR,9888,4977,4911,2362,7390,136,0,ITF,ITF1,13,Abruzzo,Abruzzo,1304970,1697350,130.07,0.76
2385,2021-03-10,ABR,5049,1686,3363,4025,957,67,0,ITF,ITF1,13,Abruzzo,Abruzzo,1304970,1702399,130.46,0.39
2386,2021-01-26,ABR,1550,568,982,31,1519,0,0,ITF,ITF1,13,Abruzzo,Abruzzo,1304970,1703949,130.57,0.12
2387,2021-05-06,ABR,13004,6087,6917,7795,5049,160,0,ITF,ITF1,13,Abruzzo,Abruzzo,1304970,1716953,131.57,1.0
2388,2021-04-09,ABR,8994,4264,4730,6243,2603,148,0,ITF,ITF1,13,Abruzzo,Abruzzo,1304970,1725947,132.26,0.69
2389,2021-07-18,ABR,12206,6312,5894,1995,10087,124,0,ITF,ITF1,13,Abruzzo,Abruzzo,1304970,1738153,133.19,0.94
2390,2021-04-02,ABR,6697,3104,3593,5110,1489,98,0,ITF,ITF1,13,Abruzzo,Abruzzo,1304970,1744850,133.71,0.51
2391,2021-02-04,ABR,1685,617,1068,600,1073,12,0,ITF,ITF1,13,Abruzzo,Abruzzo,1304970,1746535,133.84,0.13
2392,2021-07-20,ABR,12590,6390,6200,3223,9178,189,0,ITF,ITF1,13,Abruzzo,Abruzzo,1304970,1759125,134.8,0.96
2393,2021-09-15,ABR,6100,3218,2882,1471,4505,124,0,ITF,ITF1,13,Abruzzo,Abruzzo,1304970,1765225,135.27,0.47
2394,2021-04-04,ABR,1633,769,864,1458,129,46,0,ITF,ITF1,13,Abruzzo,Abruzzo,1304970,1766858,135.39,0.13
2395,2021-07-13,ABR,15527,7754,7773,2822,12528,177,0,ITF,ITF1,13,Abruzzo,Abruzzo,1304970,1782385,136.58,1.19
2396,2021-09-24,ABR,3132,1718,1414,924,2039,93,76,ITF,ITF1,13,Abruzzo,Abruzzo,1304970,1785517,136.82,0.24
2397,2021-08-12,ABR,8770,4627,4143,3179,5411,180,0,ITF,ITF1,13,Abruzzo,Abruzzo,1304970,1794287,137.5,0.67
2398,2021-06-16,ABR,10894,5452,5442,7988,2689,217,0,ITF,ITF1,13,Abruzzo,Abruzzo,1304970,1805181,138.33,0.83
2399,2021-02-27,ABR,2813,1338,1475,2513,267,33,0,ITF,ITF1,13,Abruzzo,Abruzzo,1304970,1807994,138.55,0.22
2400,2021-06-07,ABR,11102,5290,5812,9069,1846,187,0,ITF,ITF1,13,Abruzzo,Abruzzo,1304970,1819096,139.4,0.85
2401,2021-04-11,ABR,5380,2628,2752,4834,487,59,0,ITF,ITF1,13,Abruzzo,Abruzzo,1304970,1824476,139.81,0.41
2402,2021-06-09,ABR,11593,6097,5496,9720,1688,185,0,ITF,ITF1,13,Abruzzo,Abruzzo,1304970,1836069,140.7,0.89
2403,2021-09-17,ABR,5338,2957,2381,1529,3704,105,0,ITF,ITF1,13,Abruzzo,Abruzzo,1304970,1841407,141.11,0.41
2404,2021-03-06,ABR,4181,1361,2820,3569,571,41,0,ITF,ITF1,13,Abruzzo,Abruzzo,1304970,1845588,141.43,0.32
2405,2021-05-30,VDA,865,429,436,682,171,12,0,ITC,ITC2,2,Valle d'Aosta / Vallée d'Aoste,Valle d'Aosta,125666,865,0.69,0.69
2406,2021-07-26,VDA,1009,513,496,311,684,14,0,ITC,ITC2,2,Valle d'Aosta / Vallée d'Aoste,Valle d'Aosta,125666,1874,1.49,0.8
2407,2021-09-07,VDA,692,365,327,111,578,3,0,ITC,ITC2,2,Valle d'Aosta / Vallée d'Aoste,Valle d'Aosta,125666,2566,2.04,0.55
2408,2021-05-28,VDA,977,415,562,545,414,18,0,ITC,ITC2,2,Valle d'Aosta / Vallée d'Aoste,Valle d'Aosta,125666,3543,2.82,0.78
2409,2021-02-17,VDA,329,146,183,225,101,3,0,ITC,ITC2,2,Valle d'Aosta / Vallée d'Aoste,Valle d'Aosta,125666,3872,3.08,0.26
2410,2021-07-12,VDA,979,483,496,238,733,8,0,ITC,ITC2,2,Valle d'Aosta / Vallée d'Aoste,Valle d'Aosta,125666,4851,3.86,0.78
2411,2021-04-03,VDA,676,341,335,649,15,12,0,ITC,ITC2,2,Valle d'Aosta / Vallée d'Aoste,Valle d'Aosta,125666,5527,4.4,0.54
2412,2021-03-20,VDA,209,87,122,168,36,5,0,ITC,ITC2,2,Valle d'Aosta / Vallée d'Aoste,Valle d'Aosta,125666,5736,4.56,0.17
2413,2021-06-28,VDA,994,499,495,327,662,5,0,ITC,ITC2,2,Valle d'Aosta / Vallée d'Aoste,Valle d'Aosta,125666,6730,5.36,0.79
2414,2021-06-11,VDA,1048,484,564,752,283,13,0,ITC,ITC2,2,Valle d'Aosta / Vallée d'Aoste,Valle d'Aosta,125666,7778,6.19,0.83
2415,2021-04-15,VDA,814,378,436,643,140,31,0,ITC,ITC2,2,Valle d'Aosta / Vallée d'Aoste,Valle d'Aosta,125666,8592,6.84,0.65
2416,2021-07-07,VDA,795,442,353,414,364,17,0,ITC,ITC2,2,Valle d'Aosta / Vallée d'Aoste,Valle d'Aosta,125666,9387,7.47,0.63
2417,2021-03-08,VDA,488,233,255,240,245,3,0,ITC,ITC2,2,Valle d'Aosta / Vallée d'Aoste,Valle d'Aosta,125666,9875,7.86,0.39
2418,2021-08-12,VDA,378,204,174,118,248,12,0,ITC,ITC2,2,Valle d'Aosta / Vallée d'Aoste,Valle d'Aosta,125666,10253,8.16,0.3
2419,2021-05-04,VDA,1136,511,625,435,674,27,0,ITC,ITC2,2,Valle d'Aosta / Vallée d'Aoste,Valle d'Aosta,125666,11389,9.06,0.9
2420,2021-06-16,VDA,1067,567,500,662,395,10,0,ITC,ITC2,2,Valle d'Aosta / Vallée d'Aoste,Valle d'Aosta,125666,12456,9.91,0.85
2421,2021-03-15,VDA,387,141,246,175,203,9,0,ITC,ITC2,2,Valle d'Aosta / Vallée d'Aoste,Valle d'Aosta,125666,12843,10.22,0.31
2422,2021-08-19,VDA,265,158,107,70,180,15,0,ITC,ITC2,2,Valle d'Aosta / Vallée d'Aoste,Valle d'Aosta,125666,13108,10.43,0.21
2423,2021-05-02,VDA,765,345,420,581,160,24,0,ITC,ITC2,2,Valle d'Aosta / Vallée d'Aoste,Valle d'Aosta,125666,13873,11.04,0.61
2424,2021-01-22,VDA,58,22,36,22,36,0,0,ITC,ITC2,2,Valle d'Aosta / Vallée d'Aoste,Valle d'Aosta,125666,13931,11.09,0.05
2425,2021-01-08,VDA,301,131,170,301,0,0,0,ITC,ITC2,2,Valle d'Aosta / Vallée d'Aoste,Valle d'Aosta,125666,14232,11.33,0.24
2426,2021-03-06,VDA,22,4,18,18,0,4,0,ITC,ITC2,2,Valle d'Aosta / Vallée d'Aoste,Valle d'Aosta,125666,14254,11.34,0.02
2427,2021-09-21,VDA,384,212,172,107,264,13,0,ITC,ITC2,2,Valle d'Aosta / Vallée d'Aoste,Valle d'Aosta,125666,14638,11.65,0.31
2428,2021-02-03,VDA,354,116,238,15,339,0,0,ITC,ITC2,2,Valle d'Aosta / Vallée d'Aoste,Valle d'Aosta,125666,14992,11.93,0.28
2429,2021-01-27,VDA,156,75,81,80,76,0,0,ITC,ITC2,2,Valle d'Aosta / Vallée d'Aoste,Valle d'Aosta,125666,15148,12.05,0.12
2430,2021-04-20,VDA,937,430,507,710,196,31,0,ITC,ITC2,2,Valle d'Aosta / Vallée d'Aoste,Valle d'Aosta,125666,16085,12.8,0.75
2431,2021-01-10,VDA,220,71,149,212,0,8,0,ITC,ITC2,2,Valle d'Aosta / Vallée d'Aoste,Valle d'Aosta,125666,16305,12.97,0.18
2432,2020-12-27,VDA,20,9,11,20,0,0,0,ITC,ITC2,2,Valle d'Aosta / Vallée d'Aoste,Valle d'Aosta,125666,16325,12.99,0.02
2433,2021-02-05,VDA,296,103,193,102,194,0,0,ITC,ITC2,2,Valle d'Aosta / Vallée d'Aoste,Valle d'Aosta,125666,16621,13.23,0.24
2434,2021-02-22,VDA,318,95,223,212,104,2,0,ITC,ITC2,2,Valle d'Aosta / Vallée d'Aoste,Valle d'Aosta,125666,16939,13.48,0.25
2435,2021-05-16,VDA,690,342,348,340,342,8,0,ITC,ITC2,2,Valle d'Aosta / Vallée d'Aoste,Valle d'Aosta,125666,17629,14.03,0.55
2436,2021-08-07,VDA,741,435,306,308,418,15,0,ITC,ITC2,2,Valle d'Aosta / Vallée d'Aoste,Valle d'Aosta,125666,18370,14.62,0.59
2437,2021-02-10,VDA,248,77,171,141,107,0,0,ITC,ITC2,2,Valle d'Aosta / Vallée d'Aoste,Valle d'Aosta,125666,18618,14.82,0.2
2438,2021-05-23,VDA,999,465,534,653,340,6,0,ITC,ITC2,2,Valle d'Aosta / Vallée d'Aoste,Valle d'Aosta,125666,19617,15.61,0.79
2439,2021-01-29,VDA,321,139,182,2,319,0,0,ITC,ITC2,2,Valle d'Aosta / Vallée d'Aoste,Valle d'Aosta,125666,19938,15.87,0.26
2440,2021-08-31,VDA,672,344,328,135,531,6,0,ITC,ITC2,2,Valle d'Aosta / Vallée d'Aoste,Valle d'Aosta,125666,20610,16.4,0.53
2441,2021-04-22,VDA,1068,450,618,652,383,33,0,ITC,ITC2,2,Valle d'Aosta / Vallée d'Aoste,Valle d'Aosta,125666,21678,17.25,0.85
2442,2021-05-09,VDA,575,287,288,425,131,19,0,ITC,ITC2,2,Valle d'Aosta / Vallée d'Aoste,Valle d'Aosta,125666,22253,17.71,0.46
2443,2021-07-31,VDA,893,466,427,318,556,19,0,ITC,ITC2,2,Valle d'Aosta / Vallée d'Aoste,Valle d'Aosta,125666,23146,18.42,0.71
2444,2021-07-24,VDA,1020,536,484,324,682,14,0,ITC,ITC2,2,Valle d'Aosta / Vallée d'Aoste,Valle d'Aosta,125666,24166,19.23,0.81
2445,2021-04-13,VDA,373,171,202,312,44,17,0,ITC,ITC2,2,Valle d'Aosta / Vallée d'Aoste,Valle d'Aosta,125666,24539,19.53,0.3
2446,2021-07-05,VDA,836,357,479,312,511,13,0,ITC,ITC2,2,Valle d'Aosta / Vallée d'Aoste,Valle d'Aosta,125666,25375,20.19,0.67
2447,2021-03-27,VDA,337,166,171,292,31,14,0,ITC,ITC2,2,Valle d'Aosta / Vallée d'Aoste,Valle d'Aosta,125666,25712,20.46,0.27
2448,2021-05-11,VDA,649,326,323,472,150,27,0,ITC,ITC2,2,Valle d'Aosta / Vallée d'Aoste,Valle d'Aosta,125666,26361,20.98,0.52
2449,2021-04-27,VDA,979,424,555,653,292,34,0,ITC,ITC2,2,Valle d'Aosta / Vallée d'Aoste,Valle d'Aosta,125666,27340,21.76,0.78
2450,2021-01-17,VDA,131,56,75,131,0,0,0,ITC,ITC2,2,Valle d'Aosta / Vallée d'Aoste,Valle d'Aosta,125666,27471,21.86,0.1
2451,2021-06-23,VDA,1045,551,494,423,617,5,0,ITC,ITC2,2,Valle d'Aosta / Vallée d'Aoste,Valle d'Aosta,125666,28516,22.69,0.83
2452,2021-08-14,VDA,465,256,209,135,314,16,0,ITC,ITC2,2,Valle d'Aosta / Vallée d'Aoste,Valle d'Aosta,125666,28981,23.06,0.37
2453,2021-03-13,VDA,149,88,61,142,0,7,0,ITC,ITC2,2,Valle d'Aosta / Vallée d'Aoste,Valle d'Aosta,125666,29130,23.18,0.12
2454,2021-09-02,VDA,520,271,249,88,416,16,0,ITC,ITC2,2,Valle d'Aosta / Vallée d'Aoste,Valle d'Aosta,125666,29650,23.59,0.41
2455,2021-06-09,VDA,1056,560,496,1009,35,12,0,ITC,ITC2,2,Valle d'Aosta / Vallée d'Aoste,Valle d'Aosta,125666,30706,24.43,0.84
2456,2021-03-01,VDA,182,66,116,140,34,8,0,ITC,ITC2,2,Valle d'Aosta / Vallée d'Aoste,Valle d'Aosta,125666,30888,24.58,0.14
2457,2021-02-15,VDA,264,136,128,226,35,3,0,ITC,ITC2,2,Valle d'Aosta / Vallée d'Aoste,Valle d'Aosta,125666,31152,24.79,0.21
2458,2021-06-04,VDA,910,385,525,467,435,8,0,ITC,ITC2,2,Valle d'Aosta / Vallée d'Aoste,Valle d'Aosta,125666,32062,25.51,0.72
2459,2021-04-01,VDA,778,394,384,747,12,19,0,ITC,ITC2,2,Valle d'Aosta / Vallée d'Aoste,Valle d'Aosta,125666,32840,26.13,0.62
2460,2021-09-14,VDA,546,274,272,9,536,1,0,ITC,ITC2,2,Valle d'Aosta / Vallée d'Aoste,Valle d'Aosta,125666,33386,26.57,0.43
2461,2021-07-19,VDA,879,460,419,251,619,9,0,ITC,ITC2,2,Valle d'Aosta / Vallée d'Aoste,Valle d'Aosta,125666,34265,27.27,0.7
2462,2021-02-24,VDA,185,84,101,163,21,1,0,ITC,ITC2,2,Valle d'Aosta / Vallée d'Aoste,Valle d'Aosta,125666,34450,27.41,0.15
2463,2021-03-25,VDA,389,154,235,364,10,15,0,ITC,ITC2,2,Valle d'Aosta / Vallée d'Aoste,Valle d'Aosta,125666,34839,27.72,0.31
2464,2021-05-21,VDA,933,443,490,523,401,9,0,ITC,ITC2,2,Valle d'Aosta / Vallée d'Aoste,Valle d'Aosta,125666,35772,28.47,0.74
2465,2021-04-17,VDA,638,407,231,596,2,40,0,ITC,ITC2,2,Valle d'Aosta / Vallée d'Aoste,Valle d'Aosta,125666,36410,28.97,0.51
2466,2021-01-07,VDA,280,113,167,280,0,0,0,ITC,ITC2,2,Valle d'Aosta / Vallée d'Aoste,Valle d'Aosta,125666,36690,29.2,0.22
2467,2021-02-19,VDA,292,102,190,267,24,1,0,ITC,ITC2,2,Valle d'Aosta / Vallée d'Aoste,Valle d'Aosta,125666,36982,29.43,0.23
2468,2021-08-04,VDA,1047,572,475,366,657,24,0,ITC,ITC2,2,Valle d'Aosta / Vallée d'Aoste,Valle d'Aosta,125666,38029,30.26,0.83
2469,2021-09-18,VDA,245,123,122,176,17,52,0,ITC,ITC2,2,Valle d'Aosta / Vallée d'Aoste,Valle d'Aosta,125666,38274,30.46,0.19
2470,2021-09-04,VDA,513,271,242,130,368,15,0,ITC,ITC2,2,Valle d'Aosta / Vallée d'Aoste,Valle d'Aosta,125666,38787,30.87,0.41
2471,2021-03-17,VDA,438,185,253,259,165,14,0,ITC,ITC2,2,Valle d'Aosta / Vallée d'Aoste,Valle d'Aosta,125666,39225,31.21,0.35
2472,2021-03-03,VDA,258,119,139,182,71,5,0,ITC,ITC2,2,Valle d'Aosta / Vallée d'Aoste,Valle d'Aosta,125666,39483,31.42,0.21
2473,2021-06-18,VDA,1004,446,558,589,401,14,0,ITC,ITC2,2,Valle d'Aosta / Vallée d'Aoste,Valle d'Aosta,125666,40487,32.22,0.8
2474,2021-06-30,VDA,1121,544,577,417,695,9,0,ITC,ITC2,2,Valle d'Aosta / Vallée d'Aoste,Valle d'Aosta,125666,41608,33.11,0.89
2475,2021-08-30,VDA,549,278,271,115,396,38,0,ITC,ITC2,2,Valle d'Aosta / Vallée d'Aoste,Valle d'Aosta,125666,42157,33.55,0.44
2476,2021-08-26,VDA,343,168,175,82,254,7,0,ITC,ITC2,2,Valle d'Aosta / Vallée d'Aoste,Valle d'Aosta,125666,42500,33.82,0.27
2477,2021-07-23,VDA,975,485,490,355,609,11,0,ITC,ITC2,2,Valle d'Aosta / Vallée d'Aoste,Valle d'Aosta,125666,43475,34.6,0.78
2478,2021-01-19,VDA,256,77,179,256,0,0,0,ITC,ITC2,2,Valle d'Aosta / Vallée d'Aoste,Valle d'Aosta,125666,43731,34.8,0.2
2479,2021-04-12,VDA,489,188,301,306,165,18,0,ITC,ITC2,2,Valle d'Aosta / Vallée d'Aoste,Valle d'Aosta,125666,44220,35.19,0.39
2480,2021-04-29,VDA,1293,636,657,742,532,19,0,ITC,ITC2,2,Valle d'Aosta / Vallée d'Aoste,Valle d'Aosta,125666,45513,36.22,1.03
2481,2021-01-05,VDA,151,55,96,151,0,0,0,ITC,ITC2,2,Valle d'Aosta / Vallée d'Aoste,Valle d'Aosta,125666,45664,36.34,0.12
2482,2021-01-14,VDA,237,69,168,237,0,0,0,ITC,ITC2,2,Valle d'Aosta / Vallée d'Aoste,Valle d'Aosta,125666,45901,36.53,0.19
2483,2021-08-02,VDA,764,410,354,304,447,13,0,ITC,ITC2,2,Valle d'Aosta / Vallée d'Aoste,Valle d'Aosta,125666,46665,37.13,0.61
2484,2021-04-24,VDA,724,401,323,535,168,21,0,ITC,ITC2,2,Valle d'Aosta / Vallée d'Aoste,Valle d'Aosta,125666,47389,37.71,0.58
2485,2021-07-16,VDA,1079,555,524,337,731,11,0,ITC,ITC2,2,Valle d'Aosta / Vallée d'Aoste,Valle d'Aosta,125666,48468,38.57,0.86
2486,2021-01-26,VDA,149,52,97,2,147,0,0,ITC,ITC2,2,Valle d'Aosta / Vallée d'Aoste,Valle d'Aosta,125666,48617,38.69,0.12
2487,2021-02-12,VDA,263,96,167,216,46,1,0,ITC,ITC2,2,Valle d'Aosta / Vallée d'Aoste,Valle d'Aosta,125666,48880,38.9,0.21
2488,2021-03-29,VDA,494,233,261,450,40,4,0,ITC,ITC2,2,Valle d'Aosta / Vallée d'Aoste,Valle d'Aosta,125666,49374,39.29,0.39
2489,2021-06-20,VDA,1134,545,589,476,644,14,0,ITC,ITC2,2,Valle d'Aosta / Vallée d'Aoste,Valle d'Aosta,125666,50508,40.19,0.9
2490,2021-03-12,VDA,535,177,358,301,226,8,0,ITC,ITC2,2,Valle d'Aosta / Vallée d'Aoste,Valle d'Aosta,125666,51043,40.62,0.43
2491,2021-09-11,VDA,390,238,152,2,385,3,0,ITC,ITC2,2,Valle d'Aosta / Vallée d'Aoste,Valle d'Aosta,125666,51433,40.93,0.31
2492,2021-05-25,VDA,1118,532,586,530,576,12,0,ITC,ITC2,2,Valle d'Aosta / Vallée d'Aoste,Valle d'Aosta,125666,52551,41.82,0.89
2493,2021-02-14,VDA,48,16,32,1,47,0,0,ITC,ITC2,2,Valle d'Aosta / Vallée d'Aoste,Valle d'Aosta,125666,52599,41.86,0.04
2494,2021-05-08,VDA,909,544,365,500,383,26,0,ITC,ITC2,2,Valle d'Aosta / Vallée d'Aoste,Valle d'Aosta,125666,53508,42.58,0.72
2495,2021-08-16,VDA,422,211,211,129,276,17,0,ITC,ITC2,2,Valle d'Aosta / Vallée d'Aoste,Valle d'Aosta,125666,53930,42.92,0.34
2496,2021-01-15,VDA,220,83,137,220,0,0,0,ITC,ITC2,2,Valle d'Aosta / Vallée d'Aoste,Valle d'Aosta,125666,54150,43.09,0.18
2497,2021-03-31,VDA,555,302,253,511,26,18,0,ITC,ITC2,2,Valle d'Aosta / Vallée d'Aoste,Valle d'Aosta,125666,54705,43.53,0.44
2498,2021-05-27,VDA,1093,498,595,575,506,12,0,ITC,ITC2,2,Valle d'Aosta / Vallée d'Aoste,Valle d'Aosta,125666,55798,44.4,0.87
2499,2021-05-13,VDA,1146,561,585,523,602,21,0,ITC,ITC2,2,Valle d'Aosta / Vallée d'Aoste,Valle d'Aosta,125666,56944,45.31,0.91
2500,2021-02-02,VDA,287,73,214,3,284,0,0,ITC,ITC2,2,Valle d'Aosta / Vallée d'Aoste,Valle d'Aosta,125666,57231,45.54,0.23
2501,2021-01-31,VDA,291,91,200,58,233,0,0,ITC,ITC2,2,Valle d'Aosta / Vallée d'Aoste,Valle d'Aosta,125666,57522,45.77,0.23
2502,2021-07-21,VDA,1169,639,530,302,850,17,0,ITC,ITC2,2,Valle d'Aosta / Vallée d'Aoste,Valle d'Aosta,125666,58691,46.7,0.93
2503,2021-07-04,VDA,1193,531,662,350,829,14,0,ITC,ITC2,2,Valle d'Aosta / Vallée d'Aoste,Valle d'Aosta,125666,59884,47.65,0.95
2504,2021-01-12,VDA,303,73,230,303,0,0,0,ITC,ITC2,2,Valle d'Aosta / Vallée d'Aoste,Valle d'Aosta,125666,60187,47.89,0.24
2505,2021-09-01,VDA,800,428,372,187,586,27,0,ITC,ITC2,2,Valle d'Aosta / Vallée d'Aoste,Valle d'Aosta,125666,60987,48.53,0.64
2506,2021-05-24,VDA,1142,519,623,678,448,16,0,ITC,ITC2,2,Valle d'Aosta / Vallée d'Aoste,Valle d'Aosta,125666,62129,49.44,0.91
2507,2021-05-10,VDA,786,385,401,531,235,20,0,ITC,ITC2,2,Valle d'Aosta / Vallée d'Aoste,Valle d'Aosta,125666,62915,50.07,0.63
2508,2021-07-28,VDA,1428,765,663,351,1050,27,0,ITC,ITC2,2,Valle d'Aosta / Vallée d'Aoste,Valle d'Aosta,125666,64343,51.2,1.14
2509,2021-04-19,VDA,753,326,427,521,209,23,0,ITC,ITC2,2,Valle d'Aosta / Vallée d'Aoste,Valle d'Aosta,125666,65096,51.8,0.6
2510,2021-03-10,VDA,439,184,255,220,214,5,0,ITC,ITC2,2,Valle d'Aosta / Vallée d'Aoste,Valle d'Aosta,125666,65535,52.15,0.35
2511,2021-02-21,VDA,18,3,15,0,18,0,0,ITC,ITC2,2,Valle d'Aosta / Vallée d'Aoste,Valle d'Aosta,125666,65553,52.16,0.01
2512,2021-09-09,VDA,326,176,150,99,216,11,0,ITC,ITC2,2,Valle d'Aosta / Vallée d'Aoste,Valle d'Aosta,125666,65879,52.42,0.26
2513,2021-06-01,VDA,874,471,403,511,354,9,0,ITC,ITC2,2,Valle d'Aosta / Vallée d'Aoste,Valle d'Aosta,125666,66753,53.12,0.7
2514,2021-08-23,VDA,404,205,199,91,299,14,0,ITC,ITC2,2,Valle d'Aosta / Vallée d'Aoste,Valle d'Aosta,125666,67157,53.44,0.32
2515,2021-07-09,VDA,946,446,500,279,657,10,0,ITC,ITC2,2,Valle d'Aosta / Vallée d'Aoste,Valle d'Aosta,125666,68103,54.19,0.75
2516,2021-06-25,VDA,980,445,535,321,654,5,0,ITC,ITC2,2,Valle d'Aosta / Vallée d'Aoste,Valle d'Aosta,125666,69083,54.97,0.78
2517,2021-08-21,VDA,443,221,222,94,331,18,0,ITC,ITC2,2,Valle d'Aosta / Vallée d'Aoste,Valle d'Aosta,125666,69526,55.33,0.35
2518,2021-05-20,VDA,1045,475,570,592,440,13,0,ITC,ITC2,2,Valle d'Aosta / Vallée d'Aoste,Valle d'Aosta,125666,70571,56.16,0.83
2519,2021-07-02,VDA,873,387,486,304,563,6,0,ITC,ITC2,2,Valle d'Aosta / Vallée d'Aoste,Valle d'Aosta,125666,71444,56.85,0.69
2520,2021-04-05,VDA,465,223,242,445,6,14,0,ITC,ITC2,2,Valle d'Aosta / Vallée d'Aoste,Valle d'Aosta,125666,71909,57.22,0.37
2521,2021-06-27,VDA,1254,609,645,311,931,12,0,ITC,ITC2,2,Valle d'Aosta / Vallée d'Aoste,Valle d'Aosta,125666,73163,58.22,1.0
2522,2021-07-14,VDA,1022,535,487,288,729,5,0,ITC,ITC2,2,Valle d'Aosta / Vallée d'Aoste,Valle d'Aosta,125666,74185,59.03,0.81
2523,2021-08-18,VDA,687,356,331,235,433,19,0,ITC,ITC2,2,Valle d'Aosta / Vallée d'Aoste,Valle d'Aosta,125666,74872,59.58,0.55
2524,2021-07-30,VDA,966,501,465,417,525,24,0,ITC,ITC2,2,Valle d'Aosta / Vallée d'Aoste,Valle d'Aosta,125666,75838,60.35,0.77
2525,2021-04-21,VDA,869,410,459,588,249,32,0,ITC,ITC2,2,Valle d'Aosta / Vallée d'Aoste,Valle d'Aosta,125666,76707,61.04,0.69
2526,2021-07-13,VDA,1064,567,497,310,748,6,0,ITC,ITC2,2,Valle d'Aosta / Vallée d'Aoste,Valle d'Aosta,125666,77771,61.89,0.85
2527,2021-03-21,VDA,361,170,191,352,0,9,0,ITC,ITC2,2,Valle d'Aosta / Vallée d'Aoste,Valle d'Aosta,125666,78132,62.17,0.29
2528,2021-01-16,VDA,239,80,159,239,0,0,0,ITC,ITC2,2,Valle d'Aosta / Vallée d'Aoste,Valle d'Aosta,125666,78371,62.36,0.19
2529,2021-06-22,VDA,1192,666,526,531,649,12,0,ITC,ITC2,2,Valle d'Aosta / Vallée d'Aoste,Valle d'Aosta,125666,79563,63.31,0.95
2530,2021-03-14,VDA,394,202,192,376,0,18,0,ITC,ITC2,2,Valle d'Aosta / Vallée d'Aoste,Valle d'Aosta,125666,79957,63.63,0.31
2531,2021-04-26,VDA,720,332,388,518,170,32,0,ITC,ITC2,2,Valle d'Aosta / Vallée d'Aoste,Valle d'Aosta,125666,80677,64.2,0.57
2532,2021-08-27,VDA,498,259,239,122,366,10,0,ITC,ITC2,2,Valle d'Aosta / Vallée d'Aoste,Valle d'Aosta,125666,81175,64.6,0.4
2533,2021-07-01,VDA,962,473,489,328,621,13,0,ITC,ITC2,2,Valle d'Aosta / Vallée d'Aoste,Valle d'Aosta,125666,82137,65.36,0.77
2534,2021-03-22,VDA,561,205,356,326,229,6,0,ITC,ITC2,2,Valle d'Aosta / Vallée d'Aoste,Valle d'Aosta,125666,82698,65.81,0.45
2535,2021-02-23,VDA,217,124,93,216,0,1,0,ITC,ITC2,2,Valle d'Aosta / Vallée d'Aoste,Valle d'Aosta,125666,82915,65.98,0.17
2536,2021-06-03,VDA,1314,671,643,883,414,17,0,ITC,ITC2,2,Valle d'Aosta / Vallée d'Aoste,Valle d'Aosta,125666,84229,67.03,1.05
2537,2021-05-18,VDA,972,484,488,348,619,5,0,ITC,ITC2,2,Valle d'Aosta / Vallée d'Aoste,Valle d'Aosta,125666,85201,67.8,0.77
2538,2021-02-07,VDA,292,120,172,190,102,0,0,ITC,ITC2,2,Valle d'Aosta / Vallée d'Aoste,Valle d'Aosta,125666,85493,68.03,0.23
2539,2021-08-09,VDA,675,336,339,250,404,21,0,ITC,ITC2,2,Valle d'Aosta / Vallée d'Aoste,Valle d'Aosta,125666,86168,68.57,0.54
2540,2021-05-01,VDA,941,564,377,440,484,17,0,ITC,ITC2,2,Valle d'Aosta / Vallée d'Aoste,Valle d'Aosta,125666,87109,69.32,0.75
2541,2021-04-14,VDA,942,430,512,692,224,26,0,ITC,ITC2,2,Valle d'Aosta / Vallée d'Aoste,Valle d'Aosta,125666,88051,70.07,0.75
2542,2021-07-06,VDA,886,481,405,158,723,5,0,ITC,ITC2,2,Valle d'Aosta / Vallée d'Aoste,Valle d'Aosta,125666,88937,70.77,0.71
2543,2021-03-24,VDA,518,230,288,256,259,3,0,ITC,ITC2,2,Valle d'Aosta / Vallée d'Aoste,Valle d'Aosta,125666,89455,71.18,0.41
2544,2021-08-28,VDA,536,285,251,90,424,22,0,ITC,ITC2,2,Valle d'Aosta / Vallée d'Aoste,Valle d'Aosta,125666,89991,71.61,0.43
2545,2021-05-06,VDA,1083,516,567,664,385,34,0,ITC,ITC2,2,Valle d'Aosta / Vallée d'Aoste,Valle d'Aosta,125666,91074,72.47,0.86
2546,2021-02-16,VDA,329,53,276,317,6,6,0,ITC,ITC2,2,Valle d'Aosta / Vallée d'Aoste,Valle d'Aosta,125666,91403,72.73,0.26
2547,2021-06-29,VDA,782,390,392,236,543,3,0,ITC,ITC2,2,Valle d'Aosta / Vallée d'Aoste,Valle d'Aosta,125666,92185,73.36,0.62
2548,2021-06-10,VDA,1059,612,447,1006,41,12,0,ITC,ITC2,2,Valle d'Aosta / Vallée d'Aoste,Valle d'Aosta,125666,93244,74.2,0.84
2549,2021-03-02,VDA,340,166,174,291,3,46,0,ITC,ITC2,2,Valle d'Aosta / Vallée d'Aoste,Valle d'Aosta,125666,93584,74.47,0.27
2550,2021-01-09,VDA,445,200,245,445,0,0,0,ITC,ITC2,2,Valle d'Aosta / Vallée d'Aoste,Valle d'Aosta,125666,94029,74.82,0.35
2551,2021-06-24,VDA,1227,631,596,381,837,9,0,ITC,ITC2,2,Valle d'Aosta / Vallée d'Aoste,Valle d'Aosta,125666,95256,75.8,0.98
2552,2021-06-05,VDA,930,478,452,730,191,9,0,ITC,ITC2,2,Valle d'Aosta / Vallée d'Aoste,Valle d'Aosta,125666,96186,76.54,0.74
2553,2021-02-11,VDA,232,107,125,222,9,1,0,ITC,ITC2,2,Valle d'Aosta / Vallée d'Aoste,Valle d'Aosta,125666,96418,76.73,0.18
2554,2021-07-18,VDA,933,457,476,240,674,19,0,ITC,ITC2,2,Valle d'Aosta / Vallée d'Aoste,Valle d'Aosta,125666,97351,77.47,0.74
2555,2021-04-09,VDA,238,111,127,201,33,4,0,ITC,ITC2,2,Valle d'Aosta / Vallée d'Aoste,Valle d'Aosta,125666,97589,77.66,0.19
2556,2021-09-13,VDA,291,149,142,14,276,1,0,ITC,ITC2,2,Valle d'Aosta / Vallée d'Aoste,Valle d'Aosta,125666,97880,77.89,0.23
2557,2021-05-22,VDA,956,505,451,545,401,10,0,ITC,ITC2,2,Valle d'Aosta / Vallée d'Aoste,Valle d'Aosta,125666,98836,78.65,0.76
2558,2021-08-25,VDA,682,348,334,128,528,26,0,ITC,ITC2,2,Valle d'Aosta / Vallée d'Aoste,Valle d'Aosta,125666,99518,79.19,0.54
2559,2021-05-17,VDA,809,417,392,365,434,10,0,ITC,ITC2,2,Valle d'Aosta / Vallée d'Aoste,Valle d'Aosta,125666,100327,79.84,0.64
2560,2021-08-08,VDA,580,298,282,176,394,10,0,ITC,ITC2,2,Valle d'Aosta / Vallée d'Aoste,Valle d'Aosta,125666,100907,80.3,0.46
2561,2021-05-15,VDA,1068,615,453,368,687,13,0,ITC,ITC2,2,Valle d'Aosta / Vallée d'Aoste,Valle d'Aosta,125666,101975,81.15,0.85
2562,2021-02-04,VDA,295,86,209,8,287,0,0,ITC,ITC2,2,Valle d'Aosta / Vallée d'Aoste,Valle d'Aosta,125666,102270,81.38,0.23
2563,2021-04-28,VDA,1220,633,587,683,503,34,0,ITC,ITC2,2,Valle d'Aosta / Vallée d'Aoste,Valle d'Aosta,125666,103490,82.35,0.97
2564,2021-08-01,VDA,842,445,397,284,547,11,0,ITC,ITC2,2,Valle d'Aosta / Vallée d'Aoste,Valle d'Aosta,125666,104332,83.02,0.67
2565,2021-01-28,VDA,294,124,170,55,239,0,0,ITC,ITC2,2,Valle d'Aosta / Vallée d'Aoste,Valle d'Aosta,125666,104626,83.26,0.23
2566,2021-01-02,VDA,6,5,1,6,0,0,0,ITC,ITC2,2,Valle d'Aosta / Vallée d'Aoste,Valle d'Aosta,125666,104632,83.26,0.0
2567,2021-03-26,VDA,498,204,294,482,7,9,0,ITC,ITC2,2,Valle d'Aosta / Vallée d'Aoste,Valle d'Aosta,125666,105130,83.66,0.4
2568,2021-06-17,VDA,994,530,464,638,342,14,0,ITC,ITC2,2,Valle d'Aosta / Vallée d'Aoste,Valle d'Aosta,125666,106124,84.45,0.79
2569,2021-04-07,VDA,910,474,436,655,229,26,0,ITC,ITC2,2,Valle d'Aosta / Vallée d'Aoste,Valle d'Aosta,125666,107034,85.17,0.72
2570,2021-09-08,VDA,607,307,300,207,346,54,0,ITC,ITC2,2,Valle d'Aosta / Vallée d'Aoste,Valle d'Aosta,125666,107641,85.66,0.48
2571,2021-02-09,VDA,255,86,169,70,184,1,0,ITC,ITC2,2,Valle d'Aosta / Vallée d'Aoste,Valle d'Aosta,125666,107896,85.86,0.2
2572,2021-01-11,VDA,328,113,215,328,0,0,0,ITC,ITC2,2,Valle d'Aosta / Vallée d'Aoste,Valle d'Aosta,125666,108224,86.12,0.26
2573,2021-07-25,VDA,1021,494,527,262,749,10,0,ITC,ITC2,2,Valle d'Aosta / Vallée d'Aoste,Valle d'Aosta,125666,109245,86.93,0.81
2574,2021-04-16,VDA,600,261,339,566,2,32,0,ITC,ITC2,2,Valle d'Aosta / Vallée d'Aoste,Valle d'Aosta,125666,109845,87.41,0.48
2575,2021-04-02,VDA,875,345,530,626,226,23,0,ITC,ITC2,2,Valle d'Aosta / Vallée d'Aoste,Valle d'Aosta,125666,110720,88.11,0.7
2576,2021-09-06,VDA,495,245,250,145,319,31,0,ITC,ITC2,2,Valle d'Aosta / Vallée d'Aoste,Valle d'Aosta,125666,111215,88.5,0.39
2577,2021-05-29,VDA,800,436,364,554,239,7,0,ITC,ITC2,2,Valle d'Aosta / Vallée d'Aoste,Valle d'Aosta,125666,112015,89.14,0.64
2578,2021-07-11,VDA,909,473,436,252,643,14,0,ITC,ITC2,2,Valle d'Aosta / Vallée d'Aoste,Valle d'Aosta,125666,112924,89.86,0.72
2579,2021-06-12,VDA,1234,600,634,1057,167,10,0,ITC,ITC2,2,Valle d'Aosta / Vallée d'Aoste,Valle d'Aosta,125666,114158,90.84,0.98
2580,2021-09-20,VDA,560,281,279,248,228,84,0,ITC,ITC2,2,Valle d'Aosta / Vallée d'Aoste,Valle d'Aosta,125666,114718,91.29,0.45
2581,2021-08-06,VDA,821,400,421,401,398,22,0,ITC,ITC2,2,Valle d'Aosta / Vallée d'Aoste,Valle d'Aosta,125666,115539,91.94,0.65
2582,2021-08-10,VDA,856,437,419,580,264,12,0,ITC,ITC2,2,Valle d'Aosta / Vallée d'Aoste,Valle d'Aosta,125666,116395,92.62,0.68
2583,2021-01-21,VDA,33,12,21,33,0,0,0,ITC,ITC2,2,Valle d'Aosta / Vallée d'Aoste,Valle d'Aosta,125666,116428,92.65,0.03
2584,2021-01-04,VDA,144,61,83,144,0,0,0,ITC,ITC2,2,Valle d'Aosta / Vallée d'Aoste,Valle d'Aosta,125666,116572,92.76,0.11
2585,2021-03-28,VDA,524,213,311,497,0,27,0,ITC,ITC2,2,Valle d'Aosta / Vallée d'Aoste,Valle d'Aosta,125666,117096,93.18,0.42
2586,2021-07-03,VDA,937,486,451,390,537,10,0,ITC,ITC2,2,Valle d'Aosta / Vallée d'Aoste,Valle d'Aosta,125666,118033,93.93,0.75
2587,2021-08-29,VDA,209,120,89,6,202,1,0,ITC,ITC2,2,Valle d'Aosta / Vallée d'Aoste,Valle d'Aosta,125666,118242,94.09,0.17
2588,2021-02-08,VDA,224,83,141,25,199,0,0,ITC,ITC2,2,Valle d'Aosta / Vallée d'Aoste,Valle d'Aosta,125666,118466,94.27,0.18
2589,2021-03-23,VDA,382,150,232,231,135,16,0,ITC,ITC2,2,Valle d'Aosta / Vallée d'Aoste,Valle d'Aosta,125666,118848,94.57,0.3
2590,2021-05-19,VDA,993,498,495,410,575,8,0,ITC,ITC2,2,Valle d'Aosta / Vallée d'Aoste,Valle d'Aosta,125666,119841,95.36,0.79
2591,2021-04-04,VDA,573,254,319,562,0,11,0,ITC,ITC2,2,Valle d'Aosta / Vallée d'Aoste,Valle d'Aosta,125666,120414,95.82,0.46
2592,2021-08-17,VDA,561,307,254,211,342,8,0,ITC,ITC2,2,Valle d'Aosta / Vallée d'Aoste,Valle d'Aosta,125666,120975,96.27,0.45
2593,2021-09-24,VDA,4,3,1,4,0,0,0,ITC,ITC2,2,Valle d'Aosta / Vallée d'Aoste,Valle d'Aosta,125666,120979,96.27,0.0
2594,2021-02-25,VDA,202,101,101,190,8,4,0,ITC,ITC2,2,Valle d'Aosta / Vallée d'Aoste,Valle d'Aosta,125666,121181,96.43,0.16
2595,2021-03-11,VDA,392,164,228,152,239,1,0,ITC,ITC2,2,Valle d'Aosta / Vallée d'Aoste,Valle d'Aosta,125666,121573,96.74,0.31
2596,2021-06-02,VDA,1217,689,528,809,402,6,0,ITC,ITC2,2,Valle d'Aosta / Vallée d'Aoste,Valle d'Aosta,125666,122790,97.71,0.97
2597,2021-06-19,VDA,1295,671,624,658,621,16,0,ITC,ITC2,2,Valle d'Aosta / Vallée d'Aoste,Valle d'Aosta,125666,124085,98.74,1.03
2598,2021-09-10,VDA,616,301,315,209,364,43,0,ITC,ITC2,2,Valle d'Aosta / Vallée d'Aoste,Valle d'Aosta,125666,124701,99.23,0.49
2599,2021-08-24,VDA,672,370,302,144,518,10,0,ITC,ITC2,2,Valle d'Aosta / Vallée d'Aoste,Valle d'Aosta,125666,125373,99.77,0.53
2600,2021-03-09,VDA,206,96,110,167,32,7,0,ITC,ITC2,2,Valle d'Aosta / Vallée d'Aoste,Valle d'Aosta,125666,125579,99.93,0.16
2601,2021-02-06,VDA,291,104,187,91,199,1,0,ITC,ITC2,2,Valle d'Aosta / Vallée d'Aoste,Valle d'Aosta,125666,125870,100.16,0.23
2602,2021-04-30,VDA,833,357,476,469,347,17,0,ITC,ITC2,2,Valle d'Aosta / Vallée d'Aoste,Valle d'Aosta,125666,126703,100.83,0.66
2603,2021-01-20,VDA,64,15,49,64,0,0,0,ITC,ITC2,2,Valle d'Aosta / Vallée d'Aoste,Valle d'Aosta,125666,126767,100.88,0.05
2604,2021-07-22,VDA,983,519,464,261,705,17,0,ITC,ITC2,2,Valle d'Aosta / Vallée d'Aoste,Valle d'Aosta,125666,127750,101.66,0.78
2605,2021-03-19,VDA,322,85,237,285,35,2,0,ITC,ITC2,2,Valle d'Aosta / Vallée d'Aoste,Valle d'Aosta,125666,128072,101.91,0.26
2606,2021-05-07,VDA,566,247,319,513,30,23,0,ITC,ITC2,2,Valle d'Aosta / Vallée d'Aoste,Valle d'Aosta,125666,128638,102.36,0.45
2607,2021-04-23,VDA,923,443,480,511,383,29,0,ITC,ITC2,2,Valle d'Aosta / Vallée d'Aoste,Valle d'Aosta,125666,129561,103.1,0.73
2608,2021-01-13,VDA,338,110,228,338,0,0,0,ITC,ITC2,2,Valle d'Aosta / Vallée d'Aoste,Valle d'Aosta,125666,129899,103.37,0.27
2609,2021-07-29,VDA,999,509,490,318,667,14,0,ITC,ITC2,2,Valle d'Aosta / Vallée d'Aoste,Valle d'Aosta,125666,130898,104.16,0.79
2610,2021-07-15,VDA,1103,597,506,285,804,14,0,ITC,ITC2,2,Valle d'Aosta / Vallée d'Aoste,Valle d'Aosta,125666,132001,105.04,0.88
2611,2021-04-06,VDA,743,382,361,598,112,33,0,ITC,ITC2,2,Valle d'Aosta / Vallée d'Aoste,Valle d'Aosta,125666,132744,105.63,0.59
2612,2021-07-20,VDA,1121,585,536,385,724,12,0,ITC,ITC2,2,Valle d'Aosta / Vallée d'Aoste,Valle d'Aosta,125666,133865,106.52,0.89
2613,2021-09-15,VDA,373,197,176,23,349,1,0,ITC,ITC2,2,Valle d'Aosta / Vallée d'Aoste,Valle d'Aosta,125666,134238,106.82,0.3
2614,2021-09-05,VDA,143,75,68,4,136,3,0,ITC,ITC2,2,Valle d'Aosta / Vallée d'Aoste,Valle d'Aosta,125666,134381,106.94,0.11
2615,2021-03-16,VDA,186,37,149,109,68,9,0,ITC,ITC2,2,Valle d'Aosta / Vallée d'Aoste,Valle d'Aosta,125666,134567,107.08,0.15
2616,2021-02-13,VDA,219,199,20,216,1,2,0,ITC,ITC2,2,Valle d'Aosta / Vallée d'Aoste,Valle d'Aosta,125666,134786,107.26,0.17
2617,2021-02-20,VDA,257,215,42,244,10,3,0,ITC,ITC2,2,Valle d'Aosta / Vallée d'Aoste,Valle d'Aosta,125666,135043,107.46,0.2
2618,2021-01-18,VDA,214,74,140,214,0,0,0,ITC,ITC2,2,Valle d'Aosta / Vallée d'Aoste,Valle d'Aosta,125666,135257,107.63,0.17
2619,2021-04-11,VDA,481,208,273,464,0,17,0,ITC,ITC2,2,Valle d'Aosta / Vallée d'Aoste,Valle d'Aosta,125666,135738,108.01,0.38
2620,2021-08-05,VDA,790,407,383,278,480,32,0,ITC,ITC2,2,Valle d'Aosta / Vallée d'Aoste,Valle d'Aosta,125666,136528,108.64,0.63
2621,2021-01-06,VDA,66,34,32,66,0,0,0,ITC,ITC2,2,Valle d'Aosta / Vallée d'Aoste,Valle d'Aosta,125666,136594,108.7,0.05
2622,2021-02-18,VDA,349,153,196,256,88,5,0,ITC,ITC2,2,Valle d'Aosta / Vallée d'Aoste,Valle d'Aosta,125666,136943,108.97,0.28
2623,2021-03-18,VDA,136,43,93,96,37,3,0,ITC,ITC2,2,Valle d'Aosta / Vallée d'Aoste,Valle d'Aosta,125666,137079,109.08,0.11
2624,2021-06-26,VDA,1066,512,554,351,707,8,0,ITC,ITC2,2,Valle d'Aosta / Vallée d'Aoste,Valle d'Aosta,125666,138145,109.93,0.85
2625,2021-09-17,VDA,193,104,89,21,170,2,0,ITC,ITC2,2,Valle d'Aosta / Vallée d'Aoste,Valle d'Aosta,125666,138338,110.08,0.15
2626,2021-03-04,VDA,291,139,152,38,251,2,0,ITC,ITC2,2,Valle d'Aosta / Vallée d'Aoste,Valle d'Aosta,125666,138629,110.32,0.23
2627,2021-05-26,VDA,1212,587,625,567,634,11,0,ITC,ITC2,2,Valle d'Aosta / Vallée d'Aoste,Valle d'Aosta,125666,139841,111.28,0.96
2628,2021-09-03,VDA,534,283,251,139,369,26,0,ITC,ITC2,2,Valle d'Aosta / Vallée d'Aoste,Valle d'Aosta,125666,140375,111.7,0.42
2629,2021-04-18,VDA,523,255,268,495,2,26,0,ITC,ITC2,2,Valle d'Aosta / Vallée d'Aoste,Valle d'Aosta,125666,140898,112.12,0.42
2630,2021-09-22,VDA,647,341,306,305,309,33,0,ITC,ITC2,2,Valle d'Aosta / Vallée d'Aoste,Valle d'Aosta,125666,141545,112.64,0.51
2631,2021-06-14,VDA,1017,523,494,575,428,14,0,ITC,ITC2,2,Valle d'Aosta / Vallée d'Aoste,Valle d'Aosta,125666,142562,113.45,0.81
2632,2021-05-31,VDA,881,396,485,490,380,11,0,ITC,ITC2,2,Valle d'Aosta / Vallée d'Aoste,Valle d'Aosta,125666,143443,114.15,0.7
2633,2021-07-27,VDA,1133,605,528,565,552,16,0,ITC,ITC2,2,Valle d'Aosta / Vallée d'Aoste,Valle d'Aosta,125666,144576,115.05,0.9
2634,2021-04-25,VDA,850,409,441,674,139,37,0,ITC,ITC2,2,Valle d'Aosta / Vallée d'Aoste,Valle d'Aosta,125666,145426,115.72,0.68
2635,2021-06-21,VDA,1124,600,524,607,507,10,0,ITC,ITC2,2,Valle d'Aosta / Vallée d'Aoste,Valle d'Aosta,125666,146550,116.62,0.89
2636,2021-06-07,VDA,711,347,364,637,61,13,0,ITC,ITC2,2,Valle d'Aosta / Vallée d'Aoste,Valle d'Aosta,125666,147261,117.18,0.57
2637,2021-02-27,VDA,232,86,146,120,107,5,0,ITC,ITC2,2,Valle d'Aosta / Vallée d'Aoste,Valle d'Aosta,125666,147493,117.37,0.18
2638,2021-08-03,VDA,946,489,457,571,358,17,0,ITC,ITC2,2,Valle d'Aosta / Vallée d'Aoste,Valle d'Aosta,125666,148439,118.12,0.75
2639,2021-04-08,VDA,585,282,303,420,144,21,0,ITC,ITC2,2,Valle d'Aosta / Vallée d'Aoste,Valle d'Aosta,125666,149024,118.59,0.47
2640,2021-06-13,VDA,857,403,454,370,482,5,0,ITC,ITC2,2,Valle d'Aosta / Vallée d'Aoste,Valle d'Aosta,125666,149881,119.27,0.68
2641,2021-09-16,VDA,472,220,252,234,150,88,0,ITC,ITC2,2,Valle d'Aosta / Vallée d'Aoste,Valle d'Aosta,125666,150353,119.64,0.38
2642,2021-06-08,VDA,772,408,364,731,33,8,0,ITC,ITC2,2,Valle d'Aosta / Vallée d'Aoste,Valle d'Aosta,125666,151125,120.26,0.61
2643,2021-02-26,VDA,210,58,152,110,86,14,0,ITC,ITC2,2,Valle d'Aosta / Vallée d'Aoste,Valle d'Aosta,125666,151335,120.43,0.17
2644,2021-04-10,VDA,405,191,214,389,5,11,0,ITC,ITC2,2,Valle d'Aosta / Vallée d'Aoste,Valle d'Aosta,125666,151740,120.75,0.32
2645,2020-12-31,VDA,18,4,14,18,0,0,0,ITC,ITC2,2,Valle d'Aosta / Vallée d'Aoste,Valle d'Aosta,125666,151758,120.76,0.01
2646,2021-06-06,VDA,1161,582,579,779,374,8,0,ITC,ITC2,2,Valle d'Aosta / Vallée d'Aoste,Valle d'Aosta,125666,152919,121.69,0.92
2647,2021-06-15,VDA,925,508,417,654,258,13,0,ITC,ITC2,2,Valle d'Aosta / Vallée d'Aoste,Valle d'Aosta,125666,153844,122.42,0.74
2648,2021-08-11,VDA,778,380,398,304,453,21,0,ITC,ITC2,2,Valle d'Aosta / Vallée d'Aoste,Valle d'Aosta,125666,154622,123.04,0.62
2649,2021-09-23,VDA,341,191,150,187,134,20,0,ITC,ITC2,2,Valle d'Aosta / Vallée d'Aoste,Valle d'Aosta,125666,154963,123.31,0.27
2650,2021-03-05,VDA,277,125,152,53,223,1,0,ITC,ITC2,2,Valle d'Aosta / Vallée d'Aoste,Valle d'Aosta,125666,155240,123.53,0.22
2651,2021-02-28,VDA,260,86,174,73,183,4,0,ITC,ITC2,2,Valle d'Aosta / Vallée d'Aoste,Valle d'Aosta,125666,155500,123.74,0.21
2652,2021-05-05,VDA,1039,566,473,435,582,22,0,ITC,ITC2,2,Valle d'Aosta / Vallée d'Aoste,Valle d'Aosta,125666,156539,124.57,0.83
2653,2021-08-13,VDA,496,273,223,204,283,9,0,ITC,ITC2,2,Valle d'Aosta / Vallée d'Aoste,Valle d'Aosta,125666,157035,124.96,0.39
2654,2021-05-03,VDA,841,400,441,459,352,30,0,ITC,ITC2,2,Valle d'Aosta / Vallée d'Aoste,Valle d'Aosta,125666,157876,125.63,0.67
2655,2021-03-07,VDA,64,30,34,11,53,0,0,ITC,ITC2,2,Valle d'Aosta / Vallée d'Aoste,Valle d'Aosta,125666,157940,125.68,0.05
2656,2021-08-20,VDA,473,240,233,142,316,15,0,ITC,ITC2,2,Valle d'Aosta / Vallée d'Aoste,Valle d'Aosta,125666,158413,126.06,0.38
2657,2021-01-30,VDA,440,203,237,12,426,2,0,ITC,ITC2,2,Valle d'Aosta / Vallée d'Aoste,Valle d'Aosta,125666,158853,126.41,0.35
2658,2021-01-25,VDA,150,67,83,1,149,0,0,ITC,ITC2,2,Valle d'Aosta / Vallée d'Aoste,Valle d'Aosta,125666,159003,126.53,0.12
2659,2021-07-10,VDA,1295,670,625,318,964,13,0,ITC,ITC2,2,Valle d'Aosta / Vallée d'Aoste,Valle d'Aosta,125666,160298,127.56,1.03
2660,2021-08-22,VDA,177,88,89,8,169,0,0,ITC,ITC2,2,Valle d'Aosta / Vallée d'Aoste,Valle d'Aosta,125666,160475,127.7,0.14
2661,2021-05-14,VDA,964,444,520,264,670,30,0,ITC,ITC2,2,Valle d'Aosta / Vallée d'Aoste,Valle d'Aosta,125666,161439,128.47,0.77
2662,2021-02-01,VDA,409,128,281,86,320,3,0,ITC,ITC2,2,Valle d'Aosta / Vallée d'Aoste,Valle d'Aosta,125666,161848,128.79,0.33
2663,2021-07-08,VDA,1276,709,567,339,926,11,0,ITC,ITC2,2,Valle d'Aosta / Vallée d'Aoste,Valle d'Aosta,125666,163124,129.81,1.02
2664,2021-03-30,VDA,402,223,179,364,20,18,0,ITC,ITC2,2,Valle d'Aosta / Vallée d'Aoste,Valle d'Aosta,125666,163526,130.13,0.32
2665,2021-05-12,VDA,1145,550,595,450,671,24,0,ITC,ITC2,2,Valle d'Aosta / Vallée d'Aoste,Valle d'Aosta,125666,164671,131.04,0.91
2666,2021-07-17,VDA,988,521,467,246,734,8,0,ITC,ITC2,2,Valle d'Aosta / Vallée d'Aoste,Valle d'Aosta,125666,165659,131.82,0.79
2667,2021-07-18,LIG,2384,1223,1161,381,1986,17,0,ITC,ITC3,7,Liguria,Liguria,1550640,2384,0.15,0.15
2668,2021-06-05,LIG,8110,4132,3978,4917,3157,36,0,ITC,ITC3,7,Liguria,Liguria,1550640,10494,0.68,0.52
2669,2021-04-09,LIG,12487,5570,6917,10565,1787,135,0,ITC,ITC3,7,Liguria,Liguria,1550640,22981,1.48,0.81
2670,2021-09-13,LIG,7030,3617,3413,2325,4561,144,0,ITC,ITC3,7,Liguria,Liguria,1550640,30011,1.94,0.45
2671,2021-03-31,LIG,11958,5293,6665,9072,2780,106,0,ITC,ITC3,7,Liguria,Liguria,1550640,41969,2.71,0.77
2672,2021-08-30,LIG,9794,5233,4561,2458,7244,92,0,ITC,ITC3,7,Liguria,Liguria,1550640,51763,3.34,0.63
2673,2021-02-11,LIG,1990,773,1217,1092,888,10,0,ITC,ITC3,7,Liguria,Liguria,1550640,53753,3.47,0.13
2674,2021-05-22,LIG,6657,3222,3435,4879,1687,91,0,ITC,ITC3,7,Liguria,Liguria,1550640,60410,3.9,0.43
2675,2021-06-10,LIG,18908,9747,9161,13112,5682,114,0,ITC,ITC3,7,Liguria,Liguria,1550640,79318,5.12,1.22
2676,2021-04-26,LIG,10597,4998,5599,7866,2642,89,0,ITC,ITC3,7,Liguria,Liguria,1550640,89915,5.8,0.68
2677,2021-01-16,LIG,1279,558,721,1274,0,5,0,ITC,ITC3,7,Liguria,Liguria,1550640,91194,5.88,0.08
2678,2021-02-02,LIG,2675,1007,1668,127,2546,2,0,ITC,ITC3,7,Liguria,Liguria,1550640,93869,6.05,0.17
2679,2021-03-14,LIG,1659,752,907,1043,604,12,0,ITC,ITC3,7,Liguria,Liguria,1550640,95528,6.16,0.11
2680,2021-08-18,LIG,12246,6605,5641,4250,7865,131,0,ITC,ITC3,7,Liguria,Liguria,1550640,107774,6.95,0.79
2681,2021-06-22,LIG,15822,7469,8353,7607,8142,73,0,ITC,ITC3,7,Liguria,Liguria,1550640,123596,7.97,1.02
2682,2021-07-06,LIG,12385,6077,6308,5619,6666,100,0,ITC,ITC3,7,Liguria,Liguria,1550640,135981,8.77,0.8
2683,2021-05-10,LIG,12662,5649,7013,6194,6382,86,0,ITC,ITC3,7,Liguria,Liguria,1550640,148643,9.59,0.82
2684,2021-01-28,LIG,2851,972,1879,37,2814,0,0,ITC,ITC3,7,Liguria,Liguria,1550640,151494,9.77,0.18
2685,2021-08-01,LIG,1490,856,634,152,1338,0,0,ITC,ITC3,7,Liguria,Liguria,1550640,152984,9.87,0.1
2686,2021-02-16,LIG,2431,958,1473,1996,430,5,0,ITC,ITC3,7,Liguria,Liguria,1550640,155415,10.02,0.16
2687,2021-07-23,LIG,20030,10318,9712,5102,14787,141,0,ITC,ITC3,7,Liguria,Liguria,1550640,175445,11.31,1.29
2688,2021-05-27,LIG,17018,8722,8296,12678,4181,159,0,ITC,ITC3,7,Liguria,Liguria,1550640,192463,12.41,1.1
2689,2021-04-14,LIG,13085,5675,7410,10750,2211,124,0,ITC,ITC3,7,Liguria,Liguria,1550640,205548,13.26,0.84
2690,2021-02-28,LIG,1060,580,480,1048,11,1,0,ITC,ITC3,7,Liguria,Liguria,1550640,206608,13.32,0.07
2691,2021-03-26,LIG,9362,4043,5319,6094,3161,107,0,ITC,ITC3,7,Liguria,Liguria,1550640,215970,13.93,0.6
2692,2021-07-04,LIG,4868,2585,2283,3798,1001,69,0,ITC,ITC3,7,Liguria,Liguria,1550640,220838,14.24,0.31
2693,2021-01-02,LIG,693,247,446,693,0,0,0,ITC,ITC3,7,Liguria,Liguria,1550640,221531,14.29,0.04
2694,2021-09-20,LIG,6377,3500,2877,2731,3554,92,0,ITC,ITC3,7,Liguria,Liguria,1550640,227908,14.7,0.41
2695,2020-12-28,LIG,80,30,50,80,0,0,0,ITC,ITC3,7,Liguria,Liguria,1550640,227988,14.7,0.01
2696,2021-06-03,LIG,15562,7712,7850,9109,6392,61,0,ITC,ITC3,7,Liguria,Liguria,1550640,243550,15.71,1.0
2697,2021-04-07,LIG,13697,6116,7581,11311,2294,92,0,ITC,ITC3,7,Liguria,Liguria,1550640,257247,16.59,0.88
2698,2021-02-23,LIG,3809,1559,2250,3663,109,37,0,ITC,ITC3,7,Liguria,Liguria,1550640,261056,16.84,0.25
2699,2021-09-18,LIG,3008,1679,1329,1692,1235,81,0,ITC,ITC3,7,Liguria,Liguria,1550640,264064,17.03,0.19
2700,2021-03-19,LIG,5304,2237,3067,2100,3153,51,0,ITC,ITC3,7,Liguria,Liguria,1550640,269368,17.37,0.34
2701,2021-03-02,LIG,4084,1696,2388,3766,310,8,0,ITC,ITC3,7,Liguria,Liguria,1550640,273452,17.63,0.26
2702,2021-07-11,LIG,2154,1195,959,1229,903,22,0,ITC,ITC3,7,Liguria,Liguria,1550640,275606,17.77,0.14
2703,2021-06-24,LIG,11179,5454,5725,6213,4878,88,0,ITC,ITC3,7,Liguria,Liguria,1550640,286785,18.49,0.72
2704,2021-04-02,LIG,11796,5223,6573,9221,2489,86,0,ITC,ITC3,7,Liguria,Liguria,1550640,298581,19.26,0.76
2705,2021-04-28,LIG,14471,6527,7944,6378,8004,89,0,ITC,ITC3,7,Liguria,Liguria,1550640,313052,20.19,0.93
2706,2021-08-06,LIG,12229,6217,6012,3967,8129,133,0,ITC,ITC3,7,Liguria,Liguria,1550640,325281,20.98,0.79
2707,2021-02-04,LIG,2820,990,1830,177,2643,0,0,ITC,ITC3,7,Liguria,Liguria,1550640,328101,21.16,0.18
2708,2021-05-15,LIG,7328,3279,4049,4297,2965,66,0,ITC,ITC3,7,Liguria,Liguria,1550640,335429,21.63,0.47
2709,2021-02-21,LIG,868,490,378,862,4,2,0,ITC,ITC3,7,Liguria,Liguria,1550640,336297,21.69,0.06
2710,2021-05-03,LIG,13270,5925,7345,6362,6822,86,0,ITC,ITC3,7,Liguria,Liguria,1550640,349567,22.54,0.86
2711,2021-08-11,LIG,13144,6743,6401,4791,8235,118,0,ITC,ITC3,7,Liguria,Liguria,1550640,362711,23.39,0.85
2712,2021-03-21,LIG,551,220,331,69,482,0,0,ITC,ITC3,7,Liguria,Liguria,1550640,363262,23.43,0.04
2713,2021-08-25,LIG,9369,5047,4322,3214,6029,126,0,ITC,ITC3,7,Liguria,Liguria,1550640,372631,24.03,0.6
2714,2021-01-23,LIG,813,297,516,156,657,0,0,ITC,ITC3,7,Liguria,Liguria,1550640,373444,24.08,0.05
2715,2021-06-29,LIG,15197,7241,7956,8615,6472,110,0,ITC,ITC3,7,Liguria,Liguria,1550640,388641,25.06,0.98
2716,2021-05-17,LIG,12049,5528,6521,8595,3382,72,0,ITC,ITC3,7,Liguria,Liguria,1550640,400690,25.84,0.78
2717,2021-01-21,LIG,1109,385,724,677,431,1,0,ITC,ITC3,7,Liguria,Liguria,1550640,401799,25.91,0.07
2718,2021-08-20,LIG,9452,5040,4412,3140,6207,105,0,ITC,ITC3,7,Liguria,Liguria,1550640,411251,26.52,0.61
2719,2021-09-01,LIG,8509,4483,4026,2700,5724,85,0,ITC,ITC3,7,Liguria,Liguria,1550640,419760,27.07,0.55
2720,2021-01-09,LIG,1338,484,854,1337,0,1,0,ITC,ITC3,7,Liguria,Liguria,1550640,421098,27.16,0.09
2721,2021-04-19,LIG,12842,5622,7220,8917,3836,89,0,ITC,ITC3,7,Liguria,Liguria,1550640,433940,27.98,0.83
2722,2021-06-15,LIG,17447,8476,8971,9257,8098,92,0,ITC,ITC3,7,Liguria,Liguria,1550640,451387,29.11,1.13
2723,2021-03-07,LIG,1915,1139,776,1602,301,12,0,ITC,ITC3,7,Liguria,Liguria,1550640,453302,29.23,0.12
2724,2021-05-29,LIG,6890,3263,3627,3989,2874,27,0,ITC,ITC3,7,Liguria,Liguria,1550640,460192,29.68,0.44
2725,2021-09-06,LIG,8048,4160,3888,2705,5217,126,0,ITC,ITC3,7,Liguria,Liguria,1550640,468240,30.2,0.52
2726,2021-07-25,LIG,6425,3280,3145,654,5760,11,0,ITC,ITC3,7,Liguria,Liguria,1550640,474665,30.61,0.41
2727,2021-02-09,LIG,1957,697,1260,262,1692,3,0,ITC,ITC3,7,Liguria,Liguria,1550640,476622,30.74,0.13
2728,2021-08-10,LIG,13152,6567,6585,4280,8720,152,0,ITC,ITC3,7,Liguria,Liguria,1550640,489774,31.59,0.85
2729,2021-06-14,LIG,15178,7327,7851,8200,6893,85,0,ITC,ITC3,7,Liguria,Liguria,1550640,504952,32.56,0.98
2730,2021-02-25,LIG,3461,1351,2110,3308,130,23,0,ITC,ITC3,7,Liguria,Liguria,1550640,508413,32.79,0.22
2731,2021-04-21,LIG,14297,6461,7836,8861,5347,89,0,ITC,ITC3,7,Liguria,Liguria,1550640,522710,33.71,0.92
2732,2021-07-30,LIG,16107,8344,7763,4638,11352,117,0,ITC,ITC3,7,Liguria,Liguria,1550640,538817,34.75,1.04
2733,2021-08-13,LIG,10906,5635,5271,3928,6882,96,0,ITC,ITC3,7,Liguria,Liguria,1550640,549723,35.45,0.7
2734,2021-05-08,LIG,7540,3337,4203,2274,5228,38,0,ITC,ITC3,7,Liguria,Liguria,1550640,557263,35.94,0.49
2735,2021-01-25,LIG,2735,894,1841,474,2260,1,0,ITC,ITC3,7,Liguria,Liguria,1550640,559998,36.11,0.18
2736,2021-05-05,LIG,13726,6143,7583,5176,8465,85,0,ITC,ITC3,7,Liguria,Liguria,1550640,573724,37.0,0.89
2737,2021-07-29,LIG,18014,9221,8793,4387,13524,103,0,ITC,ITC3,7,Liguria,Liguria,1550640,591738,38.16,1.16
2738,2020-12-30,LIG,12,5,7,12,0,0,0,ITC,ITC3,7,Liguria,Liguria,1550640,591750,38.16,0.0
2739,2021-09-24,LIG,1698,937,761,676,990,31,1,ITC,ITC3,7,Liguria,Liguria,1550640,593448,38.27,0.11
2740,2021-01-30,LIG,1666,572,1094,22,1643,1,0,ITC,ITC3,7,Liguria,Liguria,1550640,595114,38.38,0.11
2741,2021-03-28,LIG,1141,510,631,381,752,8,0,ITC,ITC3,7,Liguria,Liguria,1550640,596255,38.45,0.07
2742,2021-07-13,LIG,13113,6451,6662,3455,9591,67,0,ITC,ITC3,7,Liguria,Liguria,1550640,609368,39.3,0.85
2743,2021-09-08,LIG,7488,3913,3575,2100,5254,134,0,ITC,ITC3,7,Liguria,Liguria,1550640,616856,39.78,0.48
2744,2021-06-17,LIG,16712,7942,8770,9072,7547,93,0,ITC,ITC3,7,Liguria,Liguria,1550640,633568,40.86,1.08
2745,2021-09-10,LIG,6932,3698,3234,1942,4871,119,0,ITC,ITC3,7,Liguria,Liguria,1550640,640500,41.31,0.45
2746,2021-06-02,LIG,8545,4349,4196,5335,3177,33,0,ITC,ITC3,7,Liguria,Liguria,1550640,649045,41.86,0.55
2747,2021-08-17,LIG,9875,5183,4692,3644,6122,109,0,ITC,ITC3,7,Liguria,Liguria,1550640,658920,42.49,0.64
2748,2021-03-04,LIG,4743,2119,2624,3840,848,55,0,ITC,ITC3,7,Liguria,Liguria,1550640,663663,42.8,0.31
2749,2021-03-16,LIG,6093,2733,3360,2318,3736,39,0,ITC,ITC3,7,Liguria,Liguria,1550640,669756,43.19,0.39
2750,2021-07-03,LIG,8831,4381,4450,5424,3333,74,0,ITC,ITC3,7,Liguria,Liguria,1550640,678587,43.76,0.57
2751,2021-04-11,LIG,4251,1930,2321,3958,249,44,0,ITC,ITC3,7,Liguria,Liguria,1550640,682838,44.04,0.27
2752,2021-07-20,LIG,13988,6889,7099,2696,11209,83,0,ITC,ITC3,7,Liguria,Liguria,1550640,696826,44.94,0.9
2753,2021-01-18,LIG,2146,749,1397,1987,157,2,0,ITC,ITC3,7,Liguria,Liguria,1550640,698972,45.08,0.14
2754,2021-08-08,LIG,1207,650,557,539,660,8,0,ITC,ITC3,7,Liguria,Liguria,1550640,700179,45.15,0.08
2755,2021-08-15,LIG,1414,786,628,848,531,35,0,ITC,ITC3,7,Liguria,Liguria,1550640,701593,45.25,0.09
2756,2021-05-24,LIG,11896,5597,6299,9283,2513,100,0,ITC,ITC3,7,Liguria,Liguria,1550640,713489,46.01,0.77
2757,2021-05-07,LIG,13619,6050,7569,5701,7815,103,0,ITC,ITC3,7,Liguria,Liguria,1550640,727108,46.89,0.88
2758,2021-09-15,LIG,6138,3220,2918,2115,3900,123,0,ITC,ITC3,7,Liguria,Liguria,1550640,733246,47.29,0.4
2759,2021-02-13,LIG,1081,509,572,798,280,3,0,ITC,ITC3,7,Liguria,Liguria,1550640,734327,47.36,0.07
2760,2021-06-07,LIG,15722,7673,8049,8607,7041,74,0,ITC,ITC3,7,Liguria,Liguria,1550640,750049,48.37,1.01
2761,2021-01-14,LIG,2983,1056,1927,2982,0,1,0,ITC,ITC3,7,Liguria,Liguria,1550640,753032,48.56,0.19
2762,2021-03-12,LIG,6226,2875,3351,3691,2477,58,0,ITC,ITC3,7,Liguria,Liguria,1550640,759258,48.96,0.4
2763,2021-07-01,LIG,13578,6548,7030,7276,6181,121,0,ITC,ITC3,7,Liguria,Liguria,1550640,772836,49.84,0.88
2764,2021-05-19,LIG,13587,5967,7620,10326,3129,132,0,ITC,ITC3,7,Liguria,Liguria,1550640,786423,50.72,0.88
2765,2021-03-23,LIG,9297,4235,5062,5993,3219,85,0,ITC,ITC3,7,Liguria,Liguria,1550640,795720,51.32,0.6
2766,2021-08-27,LIG,9220,4919,4301,2823,6307,90,0,ITC,ITC3,7,Liguria,Liguria,1550640,804940,51.91,0.59
2767,2021-08-29,LIG,738,420,318,172,562,4,0,ITC,ITC3,7,Liguria,Liguria,1550640,805678,51.96,0.05
2768,2021-06-19,LIG,7418,3777,3641,5685,1675,58,0,ITC,ITC3,7,Liguria,Liguria,1550640,813096,52.44,0.48
2769,2021-02-18,LIG,2772,1128,1644,2425,339,8,0,ITC,ITC3,7,Liguria,Liguria,1550640,815868,52.61,0.18
2770,2021-09-17,LIG,5683,3050,2633,2190,3390,103,0,ITC,ITC3,7,Liguria,Liguria,1550640,821551,52.98,0.37
2771,2021-01-11,LIG,2659,994,1665,2657,0,2,0,ITC,ITC3,7,Liguria,Liguria,1550640,824210,53.15,0.17
2772,2021-06-12,LIG,10266,4994,5272,7437,2760,69,0,ITC,ITC3,7,Liguria,Liguria,1550640,834476,53.81,0.66
2773,2021-04-30,LIG,14441,6453,7988,5773,8581,87,0,ITC,ITC3,7,Liguria,Liguria,1550640,848917,54.75,0.93
2774,2021-09-22,LIG,5796,3184,2612,2703,2962,131,0,ITC,ITC3,7,Liguria,Liguria,1550640,854713,55.12,0.37
2775,2021-03-06,LIG,3308,1844,1464,2582,706,20,0,ITC,ITC3,7,Liguria,Liguria,1550640,858021,55.33,0.21
2776,2021-01-22,LIG,1828,605,1223,1336,490,2,0,ITC,ITC3,7,Liguria,Liguria,1550640,859849,55.45,0.12
2777,2021-05-02,LIG,3981,1837,2144,503,3472,6,0,ITC,ITC3,7,Liguria,Liguria,1550640,863830,55.71,0.26
2778,2021-07-22,LIG,21468,10907,10561,4533,16805,130,0,ITC,ITC3,7,Liguria,Liguria,1550640,885298,57.09,1.38
2779,2021-07-15,LIG,14795,7486,7309,5116,9520,159,0,ITC,ITC3,7,Liguria,Liguria,1550640,900093,58.05,0.95
2780,2021-02-01,LIG,2575,929,1646,101,2474,0,0,ITC,ITC3,7,Liguria,Liguria,1550640,902668,58.21,0.17
2781,2021-07-08,LIG,13691,6726,6965,6119,7443,129,0,ITC,ITC3,7,Liguria,Liguria,1550640,916359,59.1,0.88
2782,2021-05-12,LIG,12125,5493,6632,6612,5412,101,0,ITC,ITC3,7,Liguria,Liguria,1550640,928484,59.88,0.78
2783,2021-05-26,LIG,16702,8433,8269,12171,4385,146,0,ITC,ITC3,7,Liguria,Liguria,1550640,945186,60.95,1.08
2784,2021-06-26,LIG,7230,3366,3864,4428,2724,78,0,ITC,ITC3,7,Liguria,Liguria,1550640,952416,61.42,0.47
2785,2021-07-10,LIG,6914,3489,3425,2722,4139,53,0,ITC,ITC3,7,Liguria,Liguria,1550640,959330,61.87,0.45
2786,2021-04-04,LIG,764,369,395,508,251,5,0,ITC,ITC3,7,Liguria,Liguria,1550640,960094,61.92,0.05
2787,2021-04-18,LIG,2619,1165,1454,2094,470,55,0,ITC,ITC3,7,Liguria,Liguria,1550640,962713,62.08,0.17
2788,2021-07-27,LIG,17452,8892,8560,4317,13013,122,0,ITC,ITC3,7,Liguria,Liguria,1550640,980165,63.21,1.13
2789,2021-01-08,LIG,2941,1002,1939,2939,0,2,0,ITC,ITC3,7,Liguria,Liguria,1550640,983106,63.4,0.19
2790,2021-07-12,LIG,13466,6467,6999,4125,9253,88,0,ITC,ITC3,7,Liguria,Liguria,1550640,996572,64.27,0.87
2791,2021-01-10,LIG,651,264,387,647,0,4,0,ITC,ITC3,7,Liguria,Liguria,1550640,997223,64.31,0.04
2792,2021-04-20,LIG,14256,6525,7731,9743,4360,153,0,ITC,ITC3,7,Liguria,Liguria,1550640,1011479,65.23,0.92
2793,2021-05-04,LIG,13664,6095,7569,5362,8236,66,0,ITC,ITC3,7,Liguria,Liguria,1550640,1025143,66.11,0.88
2794,2021-08-12,LIG,12552,6455,6097,4596,7858,98,0,ITC,ITC3,7,Liguria,Liguria,1550640,1037695,66.92,0.81
2795,2021-02-06,LIG,1892,768,1124,145,1747,0,0,ITC,ITC3,7,Liguria,Liguria,1550640,1039587,67.04,0.12
2796,2021-09-05,LIG,1017,569,448,271,741,5,0,ITC,ITC3,7,Liguria,Liguria,1550640,1040604,67.11,0.07
2797,2021-06-11,LIG,17876,9102,8774,11709,6084,83,0,ITC,ITC3,7,Liguria,Liguria,1550640,1058480,68.26,1.15
2798,2021-04-15,LIG,11857,5243,6614,9892,1859,106,0,ITC,ITC3,7,Liguria,Liguria,1550640,1070337,69.03,0.76
2799,2021-09-19,LIG,154,66,88,46,107,1,0,ITC,ITC3,7,Liguria,Liguria,1550640,1070491,69.04,0.01
2800,2021-09-07,LIG,7805,4130,3675,2623,5068,114,0,ITC,ITC3,7,Liguria,Liguria,1550640,1078296,69.54,0.5
2801,2021-06-16,LIG,16419,7934,8485,9176,7138,105,0,ITC,ITC3,7,Liguria,Liguria,1550640,1094715,70.6,1.06
2802,2021-03-08,LIG,5631,2462,3169,3907,1692,32,0,ITC,ITC3,7,Liguria,Liguria,1550640,1100346,70.96,0.36
2803,2021-03-25,LIG,9787,4237,5550,6246,3397,144,0,ITC,ITC3,7,Liguria,Liguria,1550640,1110133,71.59,0.63
2804,2021-01-01,LIG,146,56,90,146,0,0,0,ITC,ITC3,7,Liguria,Liguria,1550640,1110279,71.6,0.01
2805,2021-05-14,LIG,13165,5871,7294,8636,4353,176,0,ITC,ITC3,7,Liguria,Liguria,1550640,1123444,72.45,0.85
2806,2021-08-22,LIG,760,441,319,173,579,8,0,ITC,ITC3,7,Liguria,Liguria,1550640,1124204,72.5,0.05
2807,2021-05-31,LIG,14757,7398,7359,9126,5547,84,0,ITC,ITC3,7,Liguria,Liguria,1550640,1138961,73.45,0.95
2808,2021-03-09,LIG,5942,2757,3185,4450,1434,58,0,ITC,ITC3,7,Liguria,Liguria,1550640,1144903,73.83,0.38
2809,2021-02-20,LIG,1338,639,699,1335,1,2,0,ITC,ITC3,7,Liguria,Liguria,1550640,1146241,73.92,0.09
2810,2021-08-07,LIG,5211,2662,2549,1124,4060,27,0,ITC,ITC3,7,Liguria,Liguria,1550640,1151452,74.26,0.34
2811,2021-05-16,LIG,3713,1864,1849,2119,1567,27,0,ITC,ITC3,7,Liguria,Liguria,1550640,1155165,74.5,0.24
2812,2021-03-30,LIG,12231,5432,6799,8752,3395,84,0,ITC,ITC3,7,Liguria,Liguria,1550640,1167396,75.28,0.79
2813,2021-09-03,LIG,7378,4068,3310,2180,5096,102,0,ITC,ITC3,7,Liguria,Liguria,1550640,1174774,75.76,0.48
2814,2021-08-31,LIG,9558,5056,4502,2634,6850,74,0,ITC,ITC3,7,Liguria,Liguria,1550640,1184332,76.38,0.62
2815,2021-05-23,LIG,2310,1121,1189,1172,1124,14,0,ITC,ITC3,7,Liguria,Liguria,1550640,1186642,76.53,0.15
2816,2021-03-01,LIG,3542,1447,2095,3387,136,19,0,ITC,ITC3,7,Liguria,Liguria,1550640,1190184,76.75,0.23
2817,2021-06-09,LIG,19111,9592,9519,12431,6592,88,0,ITC,ITC3,7,Liguria,Liguria,1550640,1209295,77.99,1.23
2818,2021-05-09,LIG,2827,1245,1582,1085,1712,30,0,ITC,ITC3,7,Liguria,Liguria,1550640,1212122,78.17,0.18
2819,2021-01-29,LIG,3102,1071,2031,64,3038,0,0,ITC,ITC3,7,Liguria,Liguria,1550640,1215224,78.37,0.2
2820,2021-01-20,LIG,1560,557,1003,1547,12,1,0,ITC,ITC3,7,Liguria,Liguria,1550640,1216784,78.47,0.1
2821,2021-08-19,LIG,9840,5180,4660,2710,7020,110,0,ITC,ITC3,7,Liguria,Liguria,1550640,1226624,79.1,0.63
2822,2021-04-08,LIG,13801,6186,7615,11616,2049,136,0,ITC,ITC3,7,Liguria,Liguria,1550640,1240425,79.99,0.89
2823,2021-09-12,LIG,116,68,48,66,48,2,0,ITC,ITC3,7,Liguria,Liguria,1550640,1240541,80.0,0.01
2824,2021-07-17,LIG,6515,3359,3156,1786,4698,31,0,ITC,ITC3,7,Liguria,Liguria,1550640,1247056,80.42,0.42
2825,2021-07-31,LIG,8273,4417,3856,1303,6935,35,0,ITC,ITC3,7,Liguria,Liguria,1550640,1255329,80.96,0.53
2826,2021-06-04,LIG,14802,7268,7534,9213,5501,88,0,ITC,ITC3,7,Liguria,Liguria,1550640,1270131,81.91,0.95
2827,2021-03-27,LIG,3936,1550,2386,2515,1398,23,0,ITC,ITC3,7,Liguria,Liguria,1550640,1274067,82.16,0.25
2828,2021-07-05,LIG,11959,5782,6177,5287,6570,102,0,ITC,ITC3,7,Liguria,Liguria,1550640,1286026,82.94,0.77
2829,2021-04-13,LIG,13090,5875,7215,10948,2030,112,0,ITC,ITC3,7,Liguria,Liguria,1550640,1299116,83.78,0.84
2830,2021-01-27,LIG,1750,604,1146,140,1609,1,0,ITC,ITC3,7,Liguria,Liguria,1550640,1300866,83.89,0.11
2831,2021-05-21,LIG,12875,5968,6907,9606,3136,133,0,ITC,ITC3,7,Liguria,Liguria,1550640,1313741,84.72,0.83
2832,2021-02-27,LIG,1889,921,968,1755,129,5,0,ITC,ITC3,7,Liguria,Liguria,1550640,1315630,84.84,0.12
2833,2021-08-24,LIG,8754,4543,4211,2897,5755,102,0,ITC,ITC3,7,Liguria,Liguria,1550640,1324384,85.41,0.56
2834,2021-02-22,LIG,3349,1479,1870,3197,143,9,0,ITC,ITC3,7,Liguria,Liguria,1550640,1327733,85.62,0.22
2835,2021-04-06,LIG,13268,5905,7363,10895,2266,107,0,ITC,ITC3,7,Liguria,Liguria,1550640,1341001,86.48,0.86
2836,2021-02-08,LIG,1983,744,1239,299,1684,0,0,ITC,ITC3,7,Liguria,Liguria,1550640,1342984,86.61,0.13
2837,2020-12-27,LIG,135,56,79,134,0,1,0,ITC,ITC3,7,Liguria,Liguria,1550640,1343119,86.62,0.01
2838,2021-09-21,LIG,6257,3318,2939,2732,3403,122,0,ITC,ITC3,7,Liguria,Liguria,1550640,1349376,87.02,0.4
2839,2021-02-15,LIG,2265,840,1425,1853,400,12,0,ITC,ITC3,7,Liguria,Liguria,1550640,1351641,87.17,0.15
2840,2021-09-14,LIG,6362,3301,3061,2278,3971,113,0,ITC,ITC3,7,Liguria,Liguria,1550640,1358003,87.58,0.41
2841,2021-01-03,LIG,738,233,505,736,0,2,0,ITC,ITC3,7,Liguria,Liguria,1550640,1358741,87.62,0.05
2842,2021-04-03,LIG,5410,2500,2910,4436,944,30,0,ITC,ITC3,7,Liguria,Liguria,1550640,1364151,87.97,0.35
2843,2021-01-24,LIG,762,242,520,116,646,0,0,ITC,ITC3,7,Liguria,Liguria,1550640,1364913,88.02,0.05
2844,2021-02-17,LIG,2701,1185,1516,2254,435,12,0,ITC,ITC3,7,Liguria,Liguria,1550640,1367614,88.2,0.17
2845,2021-07-24,LIG,11614,6042,5572,2298,9251,65,0,ITC,ITC3,7,Liguria,Liguria,1550640,1379228,88.95,0.75
2846,2021-05-28,LIG,16328,8159,8169,11621,4562,145,0,ITC,ITC3,7,Liguria,Liguria,1550640,1395556,90.0,1.05
2847,2021-01-05,LIG,2880,896,1984,2880,0,0,0,ITC,ITC3,7,Liguria,Liguria,1550640,1398436,90.18,0.19
2848,2021-02-10,LIG,2326,841,1485,1017,1306,3,0,ITC,ITC3,7,Liguria,Liguria,1550640,1400762,90.33,0.15
2849,2021-08-14,LIG,3215,1719,1496,898,2299,18,0,ITC,ITC3,7,Liguria,Liguria,1550640,1403977,90.54,0.21
2850,2021-03-18,LIG,4993,2126,2867,1978,2985,30,0,ITC,ITC3,7,Liguria,Liguria,1550640,1408970,90.86,0.32
2851,2021-04-01,LIG,12443,5521,6922,9588,2776,79,0,ITC,ITC3,7,Liguria,Liguria,1550640,1421413,91.67,0.8
2852,2021-08-21,LIG,3080,1676,1404,903,2128,49,0,ITC,ITC3,7,Liguria,Liguria,1550640,1424493,91.86,0.2
2853,2021-05-13,LIG,13329,6094,7235,8892,4273,164,0,ITC,ITC3,7,Liguria,Liguria,1550640,1437822,92.72,0.86
2854,2021-02-19,LIG,3226,1309,1917,3035,177,14,0,ITC,ITC3,7,Liguria,Liguria,1550640,1441048,92.93,0.21
2855,2021-05-30,LIG,3311,1616,1695,1339,1949,23,0,ITC,ITC3,7,Liguria,Liguria,1550640,1444359,93.15,0.21
2856,2021-07-19,LIG,12120,6043,6077,3309,8709,102,0,ITC,ITC3,7,Liguria,Liguria,1550640,1456479,93.93,0.78
2857,2021-08-05,LIG,14268,7368,6900,4107,10064,97,0,ITC,ITC3,7,Liguria,Liguria,1550640,1470747,94.85,0.92
2858,2021-04-27,LIG,14825,6701,8124,7144,7613,68,0,ITC,ITC3,7,Liguria,Liguria,1550640,1485572,95.8,0.96
2859,2021-02-03,LIG,2321,792,1529,51,2270,0,0,ITC,ITC3,7,Liguria,Liguria,1550640,1487893,95.95,0.15
2860,2021-07-21,LIG,19221,9525,9696,3790,15335,96,0,ITC,ITC3,7,Liguria,Liguria,1550640,1507114,97.19,1.24
2861,2021-07-09,LIG,12855,6336,6519,4162,8601,92,0,ITC,ITC3,7,Liguria,Liguria,1550640,1519969,98.02,0.83
2862,2021-06-27,LIG,1951,896,1055,679,1254,18,0,ITC,ITC3,7,Liguria,Liguria,1550640,1521920,98.15,0.13
2863,2021-02-12,LIG,1941,691,1250,896,1044,1,0,ITC,ITC3,7,Liguria,Liguria,1550640,1523861,98.27,0.13
2864,2021-03-03,LIG,4587,1850,2737,3446,1031,110,0,ITC,ITC3,7,Liguria,Liguria,1550640,1528448,98.57,0.3
2865,2021-08-04,LIG,13872,6985,6887,3248,10508,116,0,ITC,ITC3,7,Liguria,Liguria,1550640,1542320,99.46,0.89
2866,2021-04-29,LIG,15596,6983,8613,6643,8858,95,0,ITC,ITC3,7,Liguria,Liguria,1550640,1557916,100.47,1.01
2867,2021-04-12,LIG,12397,5481,6916,10277,2024,96,0,ITC,ITC3,7,Liguria,Liguria,1550640,1570313,101.27,0.8
2868,2021-01-19,LIG,1375,441,934,1281,90,4,0,ITC,ITC3,7,Liguria,Liguria,1550640,1571688,101.36,0.09
2869,2021-02-05,LIG,2740,994,1746,299,2440,1,0,ITC,ITC3,7,Liguria,Liguria,1550640,1574428,101.53,0.18
2870,2021-08-23,LIG,10592,5528,5064,3534,6937,121,0,ITC,ITC3,7,Liguria,Liguria,1550640,1585020,102.22,0.68
2871,2021-06-01,LIG,16360,8240,8120,10903,5378,79,0,ITC,ITC3,7,Liguria,Liguria,1550640,1601380,103.27,1.06
2872,2021-09-09,LIG,7744,4140,3604,2519,5093,132,0,ITC,ITC3,7,Liguria,Liguria,1550640,1609124,103.77,0.5
2873,2021-06-18,LIG,15428,7510,7918,8104,7226,98,0,ITC,ITC3,7,Liguria,Liguria,1550640,1624552,104.77,0.99
2874,2021-03-10,LIG,5924,2868,3056,3952,1917,55,0,ITC,ITC3,7,Liguria,Liguria,1550640,1630476,105.15,0.38
2875,2021-09-02,LIG,8458,4510,3948,2835,5522,101,0,ITC,ITC3,7,Liguria,Liguria,1550640,1638934,105.69,0.55
2876,2021-06-08,LIG,18134,9047,9087,11379,6656,99,0,ITC,ITC3,7,Liguria,Liguria,1550640,1657068,106.86,1.17
2877,2021-09-16,LIG,5140,2690,2450,2108,2913,119,0,ITC,ITC3,7,Liguria,Liguria,1550640,1662208,107.19,0.33
2878,2021-03-17,LIG,5561,2371,3190,2456,3086,19,0,ITC,ITC3,7,Liguria,Liguria,1550640,1667769,107.55,0.36
2879,2021-06-25,LIG,13853,6623,7230,6844,6924,85,0,ITC,ITC3,7,Liguria,Liguria,1550640,1681622,108.45,0.89
2880,2021-07-26,LIG,17692,9027,8665,4686,12868,138,0,ITC,ITC3,7,Liguria,Liguria,1550640,1699314,109.59,1.14
2881,2021-01-07,LIG,3226,1096,2130,3223,0,3,0,ITC,ITC3,7,Liguria,Liguria,1550640,1702540,109.8,0.21
2882,2021-06-13,LIG,5645,2707,2938,5121,456,68,0,ITC,ITC3,7,Liguria,Liguria,1550640,1708185,110.16,0.36
2883,2021-04-17,LIG,7393,3219,4174,6581,755,57,0,ITC,ITC3,7,Liguria,Liguria,1550640,1715578,110.64,0.48
2884,2021-04-05,LIG,3985,1757,2228,2313,1651,21,0,ITC,ITC3,7,Liguria,Liguria,1550640,1719563,110.89,0.26
2885,2021-07-16,LIG,12637,6228,6409,3122,9440,75,0,ITC,ITC3,7,Liguria,Liguria,1550640,1732200,111.71,0.81
2886,2021-08-16,LIG,9933,5141,4792,3773,6053,107,0,ITC,ITC3,7,Liguria,Liguria,1550640,1742133,112.35,0.64
2887,2021-03-15,LIG,7371,3123,4248,4501,2822,48,0,ITC,ITC3,7,Liguria,Liguria,1550640,1749504,112.82,0.48
2888,2021-03-24,LIG,9193,4040,5153,5817,3293,83,0,ITC,ITC3,7,Liguria,Liguria,1550640,1758697,113.42,0.59
2889,2021-07-02,LIG,13010,6380,6630,6355,6533,122,0,ITC,ITC3,7,Liguria,Liguria,1550640,1771707,114.26,0.84
2890,2020-12-31,LIG,991,352,639,991,0,0,0,ITC,ITC3,7,Liguria,Liguria,1550640,1772698,114.32,0.06
2891,2021-04-10,LIG,7896,3565,4331,6907,914,75,0,ITC,ITC3,7,Liguria,Liguria,1550640,1780594,114.83,0.51
2892,2021-01-17,LIG,866,301,565,865,0,1,0,ITC,ITC3,7,Liguria,Liguria,1550640,1781460,114.89,0.06
2893,2021-02-24,LIG,3769,1562,2207,3458,259,52,0,ITC,ITC3,7,Liguria,Liguria,1550640,1785229,115.13,0.24
2894,2020-12-29,LIG,125,33,92,125,0,0,0,ITC,ITC3,7,Liguria,Liguria,1550640,1785354,115.14,0.01
2895,2021-09-23,LIG,5193,2842,2351,2212,2892,83,6,ITC,ITC3,7,Liguria,Liguria,1550640,1790547,115.47,0.33
2896,2021-01-12,LIG,2476,890,1586,2475,0,1,0,ITC,ITC3,7,Liguria,Liguria,1550640,1793023,115.63,0.16
2897,2021-04-22,LIG,13882,6217,7665,8656,5092,134,0,ITC,ITC3,7,Liguria,Liguria,1550640,1806905,116.53,0.9
2898,2021-07-14,LIG,11530,5677,5853,3399,8046,85,0,ITC,ITC3,7,Liguria,Liguria,1550640,1818435,117.27,0.74
2899,2021-07-28,LIG,18500,9531,8969,5796,12561,143,0,ITC,ITC3,7,Liguria,Liguria,1550640,1836935,118.46,1.19
2900,2021-05-06,LIG,14544,6446,8098,6072,8343,129,0,ITC,ITC3,7,Liguria,Liguria,1550640,1851479,119.4,0.94
2901,2021-01-26,LIG,2490,809,1681,16,2474,0,0,ITC,ITC3,7,Liguria,Liguria,1550640,1853969,119.56,0.16
2902,2021-05-01,LIG,7155,3261,3894,1313,5811,31,0,ITC,ITC3,7,Liguria,Liguria,1550640,1861124,120.02,0.46
2903,2021-03-05,LIG,4877,2155,2722,3693,1137,47,0,ITC,ITC3,7,Liguria,Liguria,1550640,1866001,120.34,0.31
2904,2021-08-09,LIG,12026,6116,5910,4338,7544,144,0,ITC,ITC3,7,Liguria,Liguria,1550640,1878027,121.11,0.78
2905,2021-06-06,LIG,3814,2032,1782,2932,862,20,0,ITC,ITC3,7,Liguria,Liguria,1550640,1881841,121.36,0.25
2906,2021-04-24,LIG,8223,3800,4423,4986,3155,82,0,ITC,ITC3,7,Liguria,Liguria,1550640,1890064,121.89,0.53
2907,2021-09-11,LIG,2181,1198,983,854,1292,35,0,ITC,ITC3,7,Liguria,Liguria,1550640,1892245,122.03,0.14
2908,2021-05-11,LIG,13944,6401,7543,7197,6632,115,0,ITC,ITC3,7,Liguria,Liguria,1550640,1906189,122.93,0.9
2909,2021-03-29,LIG,10595,4629,5966,7365,3135,95,0,ITC,ITC3,7,Liguria,Liguria,1550640,1916784,123.61,0.68
2910,2021-01-31,LIG,625,271,354,4,621,0,0,ITC,ITC3,7,Liguria,Liguria,1550640,1917409,123.65,0.04
2911,2021-07-07,LIG,11814,5655,6159,4913,6808,93,0,ITC,ITC3,7,Liguria,Liguria,1550640,1929223,124.41,0.76
2912,2021-02-26,LIG,3772,1526,2246,3418,329,25,0,ITC,ITC3,7,Liguria,Liguria,1550640,1932995,124.66,0.24
2913,2021-08-02,LIG,13122,6524,6598,2953,10073,96,0,ITC,ITC3,7,Liguria,Liguria,1550640,1946117,125.5,0.85
2914,2021-06-20,LIG,1336,658,678,1044,275,17,0,ITC,ITC3,7,Liguria,Liguria,1550640,1947453,125.59,0.09
2915,2021-04-23,LIG,14700,6654,8046,8461,6130,109,0,ITC,ITC3,7,Liguria,Liguria,1550640,1962153,126.54,0.95
2916,2021-03-11,LIG,6425,3104,3321,4357,2015,53,0,ITC,ITC3,7,Liguria,Liguria,1550640,1968578,126.95,0.41
2917,2021-01-13,LIG,2761,1016,1745,2760,0,1,0,ITC,ITC3,7,Liguria,Liguria,1550640,1971339,127.13,0.18
2918,2021-01-04,LIG,2625,857,1768,2624,0,1,0,ITC,ITC3,7,Liguria,Liguria,1550640,1973964,127.3,0.17
2919,2021-08-03,LIG,14149,7227,6922,3959,10079,111,0,ITC,ITC3,7,Liguria,Liguria,1550640,1988113,128.21,0.91
2920,2021-06-21,LIG,14854,7043,7811,8494,6261,99,0,ITC,ITC3,7,Liguria,Liguria,1550640,2002967,129.17,0.96
2921,2021-04-16,LIG,12026,5301,6725,10038,1833,155,0,ITC,ITC3,7,Liguria,Liguria,1550640,2014993,129.95,0.78
2922,2021-01-06,LIG,1666,618,1048,1663,0,3,0,ITC,ITC3,7,Liguria,Liguria,1550640,2016659,130.05,0.11
2923,2021-06-28,LIG,11631,5630,6001,7200,4317,114,0,ITC,ITC3,7,Liguria,Liguria,1550640,2028290,130.8,0.75
2924,2021-03-20,LIG,2318,995,1323,1130,1175,13,0,ITC,ITC3,7,Liguria,Liguria,1550640,2030608,130.95,0.15
2925,2021-08-26,LIG,9065,4743,4322,2614,6368,83,0,ITC,ITC3,7,Liguria,Liguria,1550640,2039673,131.54,0.58
2926,2021-06-30,LIG,15108,7208,7900,8172,6834,102,0,ITC,ITC3,7,Liguria,Liguria,1550640,2054781,132.51,0.97
2927,2021-01-15,LIG,2264,756,1508,2259,0,5,0,ITC,ITC3,7,Liguria,Liguria,1550640,2057045,132.66,0.15
2928,2021-04-25,LIG,1936,921,1015,1509,415,12,0,ITC,ITC3,7,Liguria,Liguria,1550640,2058981,132.78,0.12
2929,2021-03-13,LIG,3853,1638,2215,2964,859,30,0,ITC,ITC3,7,Liguria,Liguria,1550640,2062834,133.03,0.25
2930,2021-06-23,LIG,14354,6868,7486,9042,5211,101,0,ITC,ITC3,7,Liguria,Liguria,1550640,2077188,133.96,0.93
2931,2021-02-14,LIG,233,122,111,233,0,0,0,ITC,ITC3,7,Liguria,Liguria,1550640,2077421,133.97,0.02
2932,2021-05-25,LIG,14285,6960,7325,10961,3198,126,0,ITC,ITC3,7,Liguria,Liguria,1550640,2091706,134.89,0.92
2933,2021-09-04,LIG,3020,1685,1335,877,2115,28,0,ITC,ITC3,7,Liguria,Liguria,1550640,2094726,135.09,0.19
2934,2021-03-22,LIG,7765,3480,4285,4747,2944,74,0,ITC,ITC3,7,Liguria,Liguria,1550640,2102491,135.59,0.5
2935,2021-02-07,LIG,407,153,254,2,405,0,0,ITC,ITC3,7,Liguria,Liguria,1550640,2102898,135.61,0.03
2936,2021-05-18,LIG,13504,6136,7368,10060,3316,128,0,ITC,ITC3,7,Liguria,Liguria,1550640,2116402,136.49,0.87
2937,2021-08-28,LIG,4136,2341,1795,1006,3100,30,0,ITC,ITC3,7,Liguria,Liguria,1550640,2120538,136.75,0.27
2938,2021-05-20,LIG,12951,6009,6942,8787,4042,122,0,ITC,ITC3,7,Liguria,Liguria,1550640,2133489,137.59,0.84
2939,2021-07-20,LOM,95031,49096,45935,6920,87373,738,0,ITC,ITC4,3,Lombardia,Lombardia,10060574,95031,0.94,0.94
2940,2021-09-15,LOM,35011,18473,16538,8173,25593,1245,0,ITC,ITC4,3,Lombardia,Lombardia,10060574,130042,1.29,0.35
2941,2021-02-04,LOM,28032,8172,19860,2049,25978,5,0,ITC,ITC4,3,Lombardia,Lombardia,10060574,158074,1.57,0.28
2942,2021-07-18,LOM,97110,50595,46515,8544,87873,693,0,ITC,ITC4,3,Lombardia,Lombardia,10060574,255184,2.54,0.97
2943,2021-04-09,LOM,52477,22408,30069,35603,16028,846,0,ITC,ITC4,3,Lombardia,Lombardia,10060574,307661,3.06,0.52
2944,2021-02-16,LOM,9536,3081,6455,8982,454,100,0,ITC,ITC4,3,Lombardia,Lombardia,10060574,317197,3.15,0.09
2945,2021-06-10,LOM,102739,52276,50463,86418,14509,1812,0,ITC,ITC4,3,Lombardia,Lombardia,10060574,419936,4.17,1.02
2946,2021-03-02,LOM,22844,9711,13133,19527,3049,268,0,ITC,ITC4,3,Lombardia,Lombardia,10060574,442780,4.4,0.23
2947,2021-08-20,LOM,27134,15014,12120,14131,11908,1095,0,ITC,ITC4,3,Lombardia,Lombardia,10060574,469914,4.67,0.27
2948,2021-08-27,LOM,35752,19226,16526,18540,14629,2583,0,ITC,ITC4,3,Lombardia,Lombardia,10060574,505666,5.03,0.36
2949,2021-09-13,LOM,36406,19696,16710,6362,29020,1024,0,ITC,ITC4,3,Lombardia,Lombardia,10060574,542072,5.39,0.36
2950,2021-06-05,LOM,102451,52963,49488,91097,9837,1517,0,ITC,ITC4,3,Lombardia,Lombardia,10060574,644523,6.41,1.02
2951,2021-01-16,LOM,15668,5792,9876,15657,0,11,0,ITC,ITC4,3,Lombardia,Lombardia,10060574,660191,6.56,0.16
2952,2021-08-15,LOM,7000,3988,3012,2933,3884,183,0,ITC,ITC4,3,Lombardia,Lombardia,10060574,667191,6.63,0.07
2953,2021-08-06,LOM,85627,46662,38965,17810,66969,848,0,ITC,ITC4,3,Lombardia,Lombardia,10060574,752818,7.48,0.85
2954,2021-04-28,LOM,95815,43694,52121,66879,26961,1975,0,ITC,ITC4,3,Lombardia,Lombardia,10060574,848633,8.44,0.95
2955,2021-06-24,LOM,109777,56744,53033,78368,29019,2390,0,ITC,ITC4,3,Lombardia,Lombardia,10060574,958410,9.53,1.09
2956,2021-03-16,LOM,25545,10134,15411,16310,9113,122,0,ITC,ITC4,3,Lombardia,Lombardia,10060574,983955,9.78,0.25
2957,2021-05-12,LOM,87577,41781,45796,57285,27615,2677,0,ITC,ITC4,3,Lombardia,Lombardia,10060574,1071532,10.65,0.87
2958,2021-09-01,LOM,60238,32367,27871,30539,25967,3732,0,ITC,ITC4,3,Lombardia,Lombardia,10060574,1131770,11.25,0.6
2959,2021-05-24,LOM,89627,43530,46097,48601,40088,938,0,ITC,ITC4,3,Lombardia,Lombardia,10060574,1221397,12.14,0.89
2960,2021-02-11,LOM,17138,5027,12111,9637,7424,77,0,ITC,ITC4,3,Lombardia,Lombardia,10060574,1238535,12.31,0.17
2961,2021-03-28,LOM,20644,7884,12760,13971,6288,385,0,ITC,ITC4,3,Lombardia,Lombardia,10060574,1259179,12.52,0.21
2962,2021-04-14,LOM,47245,21052,26193,33540,12991,714,0,ITC,ITC4,3,Lombardia,Lombardia,10060574,1306424,12.99,0.47
2963,2021-01-04,LOM,6140,2121,4019,6133,0,7,0,ITC,ITC4,3,Lombardia,Lombardia,10060574,1312564,13.05,0.06
2964,2021-07-13,LOM,108727,56849,51878,15456,92036,1235,0,ITC,ITC4,3,Lombardia,Lombardia,10060574,1421291,14.13,1.08
2965,2021-04-04,LOM,7616,3232,4384,3683,3899,34,0,ITC,ITC4,3,Lombardia,Lombardia,10060574,1428907,14.2,0.08
2966,2021-04-02,LOM,41424,16957,24467,26209,14654,561,0,ITC,ITC4,3,Lombardia,Lombardia,10060574,1470331,14.61,0.41
2967,2020-12-28,LOM,108,47,61,108,0,0,0,ITC,ITC4,3,Lombardia,Lombardia,10060574,1470439,14.62,0.0
2968,2021-04-21,LOM,71890,32586,39304,55816,14704,1370,0,ITC,ITC4,3,Lombardia,Lombardia,10060574,1542329,15.33,0.71
2969,2021-09-22,LOM,44794,24529,20265,13223,28553,1284,1734,ITC,ITC4,3,Lombardia,Lombardia,10060574,1587123,15.78,0.45
2970,2021-01-11,LOM,16321,5399,10922,16312,0,9,0,ITC,ITC4,3,Lombardia,Lombardia,10060574,1603444,15.94,0.16
2971,2021-01-28,LOM,12287,3725,8562,797,11484,6,0,ITC,ITC4,3,Lombardia,Lombardia,10060574,1615731,16.06,0.12
2972,2021-09-03,LOM,52939,28453,24486,22727,27562,2650,0,ITC,ITC4,3,Lombardia,Lombardia,10060574,1668670,16.59,0.53
2973,2021-03-14,LOM,14886,5351,9535,11217,3290,379,0,ITC,ITC4,3,Lombardia,Lombardia,10060574,1683556,16.73,0.15
2974,2021-02-23,LOM,11835,4807,7028,11290,332,213,0,ITC,ITC4,3,Lombardia,Lombardia,10060574,1695391,16.85,0.12
2975,2021-01-09,LOM,12514,4615,7899,12506,0,8,0,ITC,ITC4,3,Lombardia,Lombardia,10060574,1707905,16.98,0.12
2976,2021-03-07,LOM,12101,5367,6734,9341,2563,197,0,ITC,ITC4,3,Lombardia,Lombardia,10060574,1720006,17.1,0.12
2977,2021-06-17,LOM,108689,52761,55928,50173,57331,1185,0,ITC,ITC4,3,Lombardia,Lombardia,10060574,1828695,18.18,1.08
2978,2021-03-09,LOM,33279,12886,20393,25253,7427,599,0,ITC,ITC4,3,Lombardia,Lombardia,10060574,1861974,18.51,0.33
2979,2021-08-13,LOM,53465,29612,23853,20530,31669,1266,0,ITC,ITC4,3,Lombardia,Lombardia,10060574,1915439,19.04,0.53
2980,2021-05-05,LOM,88141,42013,46128,70406,15379,2356,0,ITC,ITC4,3,Lombardia,Lombardia,10060574,2003580,19.92,0.88
2981,2021-07-01,LOM,105155,52901,52254,53330,49419,2406,0,ITC,ITC4,3,Lombardia,Lombardia,10060574,2108735,20.96,1.05
2982,2021-08-01,LOM,53146,28434,24712,27339,24268,1539,0,ITC,ITC4,3,Lombardia,Lombardia,10060574,2161881,21.49,0.53
2983,2021-04-23,LOM,73648,33374,40274,55547,16666,1435,0,ITC,ITC4,3,Lombardia,Lombardia,10060574,2235529,22.22,0.73
2984,2021-05-10,LOM,85314,40904,44410,61452,21602,2260,0,ITC,ITC4,3,Lombardia,Lombardia,10060574,2320843,23.07,0.85
2985,2021-01-30,LOM,12361,4587,7774,146,12206,9,0,ITC,ITC4,3,Lombardia,Lombardia,10060574,2333204,23.19,0.12
2986,2021-06-19,LOM,104417,52037,52380,56227,46764,1426,0,ITC,ITC4,3,Lombardia,Lombardia,10060574,2437621,24.23,1.04
2987,2021-07-06,LOM,102188,50890,51298,23086,77686,1416,0,ITC,ITC4,3,Lombardia,Lombardia,10060574,2539809,25.25,1.02
2988,2021-07-08,LOM,114730,58463,56267,13224,100480,1026,0,ITC,ITC4,3,Lombardia,Lombardia,10060574,2654539,26.39,1.14
2989,2021-07-25,LOM,86643,45740,40903,9424,76438,781,0,ITC,ITC4,3,Lombardia,Lombardia,10060574,2741182,27.25,0.86
2990,2021-04-16,LOM,53739,23939,29800,38419,14401,919,0,ITC,ITC4,3,Lombardia,Lombardia,10060574,2794921,27.78,0.53
2991,2021-09-08,LOM,58169,31761,26408,13530,42902,1737,0,ITC,ITC4,3,Lombardia,Lombardia,10060574,2853090,28.36,0.58
2992,2021-05-31,LOM,95754,47436,48318,78390,16262,1102,0,ITC,ITC4,3,Lombardia,Lombardia,10060574,2948844,29.31,0.95
2993,2021-07-27,LOM,104947,56848,48099,7481,96762,704,0,ITC,ITC4,3,Lombardia,Lombardia,10060574,3053791,30.35,1.04
2994,2021-03-26,LOM,41397,15742,25655,27512,13198,687,0,ITC,ITC4,3,Lombardia,Lombardia,10060574,3095188,30.77,0.41
2995,2021-05-22,LOM,70699,33876,36823,31733,38250,716,0,ITC,ITC4,3,Lombardia,Lombardia,10060574,3165887,31.47,0.7
2996,2021-05-29,LOM,88402,42446,45956,41395,46162,845,0,ITC,ITC4,3,Lombardia,Lombardia,10060574,3254289,32.35,0.88
2997,2021-02-18,LOM,14067,4932,9135,12828,1039,200,0,ITC,ITC4,3,Lombardia,Lombardia,10060574,3268356,32.49,0.14
2998,2021-08-12,LOM,56907,31258,25649,22005,33527,1375,0,ITC,ITC4,3,Lombardia,Lombardia,10060574,3325263,33.05,0.57
2999,2021-04-11,LOM,32244,13951,18293,24330,7398,516,0,ITC,ITC4,3,Lombardia,Lombardia,10060574,3357507,33.37,0.32
3000,2021-01-01,LOM,24,7,17,24,0,0,0,ITC,ITC4,3,Lombardia,Lombardia,10060574,3357531,33.37,0.0
3001,2021-06-07,LOM,99051,50448,48603,84027,13392,1632,0,ITC,ITC4,3,Lombardia,Lombardia,10060574,3456582,34.36,0.98
3002,2021-02-27,LOM,13955,5876,8079,13153,645,157,0,ITC,ITC4,3,Lombardia,Lombardia,10060574,3470537,34.5,0.14
3003,2021-08-03,LOM,85837,46541,39296,13487,71628,722,0,ITC,ITC4,3,Lombardia,Lombardia,10060574,3556374,35.35,0.85
3004,2021-04-25,LOM,51620,23667,27953,45520,4843,1257,0,ITC,ITC4,3,Lombardia,Lombardia,10060574,3607994,35.86,0.51
3005,2021-06-28,LOM,108112,55071,53041,74294,31201,2617,0,ITC,ITC4,3,Lombardia,Lombardia,10060574,3716106,36.94,1.07
3006,2021-08-08,LOM,58845,31957,26888,16679,41370,796,0,ITC,ITC4,3,Lombardia,Lombardia,10060574,3774951,37.52,0.58
3007,2021-08-25,LOM,44522,24045,20477,21660,19756,3106,0,ITC,ITC4,3,Lombardia,Lombardia,10060574,3819473,37.96,0.44
3008,2021-05-17,LOM,94702,45380,49322,29504,64449,749,0,ITC,ITC4,3,Lombardia,Lombardia,10060574,3914175,38.91,0.94
3009,2021-05-19,LOM,83316,39792,43524,33122,49383,811,0,ITC,ITC4,3,Lombardia,Lombardia,10060574,3997491,39.73,0.83
3010,2021-02-08,LOM,10138,2938,7200,2125,8005,8,0,ITC,ITC4,3,Lombardia,Lombardia,10060574,4007629,39.83,0.1
3011,2021-01-27,LOM,8074,2689,5385,806,7266,2,0,ITC,ITC4,3,Lombardia,Lombardia,10060574,4015703,39.92,0.08
3012,2021-07-03,LOM,102548,51737,50811,44561,55873,2114,0,ITC,ITC4,3,Lombardia,Lombardia,10060574,4118251,40.93,1.02
3013,2021-03-25,LOM,43066,16104,26962,29253,12889,924,0,ITC,ITC4,3,Lombardia,Lombardia,10060574,4161317,41.36,0.43
3014,2021-08-29,LOM,25186,13531,11655,12725,11159,1302,0,ITC,ITC4,3,Lombardia,Lombardia,10060574,4186503,41.61,0.25
3015,2021-05-21,LOM,93944,45285,48659,28393,64790,761,0,ITC,ITC4,3,Lombardia,Lombardia,10060574,4280447,42.55,0.93
3016,2021-09-20,LOM,53499,29307,24192,11086,39600,1097,1716,ITC,ITC4,3,Lombardia,Lombardia,10060574,4333946,43.08,0.53
3017,2021-06-12,LOM,89334,48069,41265,84300,3182,1852,0,ITC,ITC4,3,Lombardia,Lombardia,10060574,4423280,43.97,0.89
3018,2021-06-29,LOM,107335,53223,54112,57424,47899,2012,0,ITC,ITC4,3,Lombardia,Lombardia,10060574,4530615,45.03,1.07
3019,2021-03-21,LOM,23525,8500,15025,17721,5199,605,0,ITC,ITC4,3,Lombardia,Lombardia,10060574,4554140,45.27,0.23
3020,2021-02-13,LOM,6428,2446,3982,4887,1480,61,0,ITC,ITC4,3,Lombardia,Lombardia,10060574,4560568,45.33,0.06
3021,2021-07-17,LOM,108512,57299,51213,10222,97362,928,0,ITC,ITC4,3,Lombardia,Lombardia,10060574,4669080,46.41,1.08
3022,2021-05-03,LOM,83752,39781,43971,69433,12150,2169,0,ITC,ITC4,3,Lombardia,Lombardia,10060574,4752832,47.24,0.83
3023,2021-01-23,LOM,1128,362,766,925,200,3,0,ITC,ITC4,3,Lombardia,Lombardia,10060574,4753960,47.25,0.01
3024,2021-09-12,LOM,26943,14515,12428,8980,16760,1203,0,ITC,ITC4,3,Lombardia,Lombardia,10060574,4780903,47.52,0.27
3025,2021-06-21,LOM,113410,58099,55311,78188,33043,2179,0,ITC,ITC4,3,Lombardia,Lombardia,10060574,4894313,48.65,1.13
3026,2020-12-30,LOM,115,42,73,115,0,0,0,ITC,ITC4,3,Lombardia,Lombardia,10060574,4894428,48.65,0.0
3027,2021-09-24,LOM,19914,10674,9240,5130,13872,488,424,ITC,ITC4,3,Lombardia,Lombardia,10060574,4914342,48.85,0.2
3028,2021-06-16,LOM,99390,50491,48899,49850,48382,1158,0,ITC,ITC4,3,Lombardia,Lombardia,10060574,5013732,49.84,0.99
3029,2021-07-15,LOM,109399,56282,53117,13379,94827,1193,0,ITC,ITC4,3,Lombardia,Lombardia,10060574,5123131,50.92,1.09
3030,2021-04-06,LOM,43107,17600,25507,24447,17962,698,0,ITC,ITC4,3,Lombardia,Lombardia,10060574,5166238,51.35,0.43
3031,2021-06-14,LOM,94893,48213,46680,49130,44644,1119,0,ITC,ITC4,3,Lombardia,Lombardia,10060574,5261131,52.29,0.94
3032,2021-02-25,LOM,15362,6371,8991,13534,1624,204,0,ITC,ITC4,3,Lombardia,Lombardia,10060574,5276493,52.45,0.15
3033,2021-02-06,LOM,15314,5556,9758,1014,14295,5,0,ITC,ITC4,3,Lombardia,Lombardia,10060574,5291807,52.6,0.15
3034,2021-07-24,LOM,95880,50656,45224,9738,85282,860,0,ITC,ITC4,3,Lombardia,Lombardia,10060574,5387687,53.55,0.95
3035,2021-08-10,LOM,61484,33270,28214,18717,41700,1067,0,ITC,ITC4,3,Lombardia,Lombardia,10060574,5449171,54.16,0.61
3036,2021-01-13,LOM,26497,8105,18392,26472,0,25,0,ITC,ITC4,3,Lombardia,Lombardia,10060574,5475668,54.43,0.26
3037,2021-09-05,LOM,33252,18026,15226,12428,19467,1357,0,ITC,ITC4,3,Lombardia,Lombardia,10060574,5508920,54.76,0.33
3038,2021-01-18,LOM,9271,2994,6277,8281,975,15,0,ITC,ITC4,3,Lombardia,Lombardia,10060574,5518191,54.85,0.09
3039,2021-05-07,LOM,92493,43757,48736,67893,22508,2092,0,ITC,ITC4,3,Lombardia,Lombardia,10060574,5610684,55.77,0.92
3040,2021-03-18,LOM,27475,10986,16489,15942,11306,227,0,ITC,ITC4,3,Lombardia,Lombardia,10060574,5638159,56.04,0.27
3041,2021-08-22,LOM,18208,10165,8043,7599,10067,542,0,ITC,ITC4,3,Lombardia,Lombardia,10060574,5656367,56.22,0.18
3042,2021-05-14,LOM,86058,41442,44616,53161,30376,2521,0,ITC,ITC4,3,Lombardia,Lombardia,10060574,5742425,57.08,0.86
3043,2021-07-10,LOM,107279,54309,52970,13914,92182,1183,0,ITC,ITC4,3,Lombardia,Lombardia,10060574,5849704,58.14,1.07
3044,2021-09-10,LOM,52670,28289,24381,11434,39458,1778,0,ITC,ITC4,3,Lombardia,Lombardia,10060574,5902374,58.67,0.52
3045,2021-06-02,LOM,84730,43625,41105,76986,6419,1325,0,ITC,ITC4,3,Lombardia,Lombardia,10060574,5987104,59.51,0.84
3046,2021-03-11,LOM,36292,13511,22781,25639,9964,689,0,ITC,ITC4,3,Lombardia,Lombardia,10060574,6023396,59.87,0.36
3047,2021-08-17,LOM,33281,18420,14861,17416,14681,1184,0,ITC,ITC4,3,Lombardia,Lombardia,10060574,6056677,60.2,0.33
3048,2021-05-26,LOM,93797,44690,49107,42749,50157,891,0,ITC,ITC4,3,Lombardia,Lombardia,10060574,6150474,61.13,0.93
3049,2021-02-15,LOM,9065,3173,5892,8405,486,174,0,ITC,ITC4,3,Lombardia,Lombardia,10060574,6159539,61.22,0.09
3050,2021-03-06,LOM,21366,9110,12256,16542,4520,304,0,ITC,ITC4,3,Lombardia,Lombardia,10060574,6180905,61.44,0.21
3051,2021-09-17,LOM,30382,16362,14020,9657,19454,1271,0,ITC,ITC4,3,Lombardia,Lombardia,10060574,6211287,61.74,0.3
3052,2021-06-09,LOM,103768,52263,51505,87433,14601,1734,0,ITC,ITC4,3,Lombardia,Lombardia,10060574,6315055,62.77,1.03
3053,2021-03-08,LOM,29833,11216,18617,22165,7131,537,0,ITC,ITC4,3,Lombardia,Lombardia,10060574,6344888,63.07,0.3
3054,2021-05-04,LOM,86893,41102,45791,70257,14429,2207,0,ITC,ITC4,3,Lombardia,Lombardia,10060574,6431781,63.93,0.86
3055,2021-01-24,LOM,1202,458,744,538,664,0,0,ITC,ITC4,3,Lombardia,Lombardia,10060574,6432983,63.94,0.01
3056,2021-05-02,LOM,83540,38348,45192,59220,22486,1834,0,ITC,ITC4,3,Lombardia,Lombardia,10060574,6516523,64.77,0.83
3057,2021-07-22,LOM,99414,52043,47371,12510,85450,1454,0,ITC,ITC4,3,Lombardia,Lombardia,10060574,6615937,65.76,0.99
3058,2021-04-13,LOM,47707,21292,26415,32930,14118,659,0,ITC,ITC4,3,Lombardia,Lombardia,10060574,6663644,66.24,0.47
3059,2021-04-30,LOM,117561,54900,62661,87205,27692,2664,0,ITC,ITC4,3,Lombardia,Lombardia,10060574,6781205,67.4,1.17
3060,2021-01-20,LOM,5720,1395,4325,5600,115,5,0,ITC,ITC4,3,Lombardia,Lombardia,10060574,6786925,67.46,0.06
3061,2021-03-23,LOM,42684,15506,27178,28895,12916,873,0,ITC,ITC4,3,Lombardia,Lombardia,10060574,6829609,67.88,0.42
3062,2021-08-24,LOM,47543,25870,21673,24445,19460,3638,0,ITC,ITC4,3,Lombardia,Lombardia,10060574,6877152,68.36,0.47
3063,2021-09-19,LOM,25095,13701,11394,10275,13780,1040,0,ITC,ITC4,3,Lombardia,Lombardia,10060574,6902247,68.61,0.25
3064,2021-03-04,LOM,29379,12138,17241,20066,9089,224,0,ITC,ITC4,3,Lombardia,Lombardia,10060574,6931626,68.9,0.29
3065,2021-03-20,LOM,32697,12188,20509,22312,9864,521,0,ITC,ITC4,3,Lombardia,Lombardia,10060574,6964323,69.22,0.33
3066,2020-12-27,LOM,718,414,304,718,0,0,0,ITC,ITC4,3,Lombardia,Lombardia,10060574,6965041,69.23,0.01
3067,2021-09-21,LOM,48303,26284,22019,12449,32791,1166,1897,ITC,ITC4,3,Lombardia,Lombardia,10060574,7013344,69.71,0.48
3068,2021-08-02,LOM,83646,45310,38336,18335,64398,913,0,ITC,ITC4,3,Lombardia,Lombardia,10060574,7096990,70.54,0.83
3069,2021-08-21,LOM,21337,11881,9456,9483,11079,775,0,ITC,ITC4,3,Lombardia,Lombardia,10060574,7118327,70.75,0.21
3070,2021-06-26,LOM,105935,55458,50477,77781,25747,2407,0,ITC,ITC4,3,Lombardia,Lombardia,10060574,7224262,71.81,1.05
3071,2021-02-10,LOM,14468,4531,9937,7568,6871,29,0,ITC,ITC4,3,Lombardia,Lombardia,10060574,7238730,71.95,0.14
3072,2021-01-22,LOM,3199,885,2314,3125,69,5,0,ITC,ITC4,3,Lombardia,Lombardia,10060574,7241929,71.98,0.03
3073,2021-03-30,LOM,39761,15648,24113,24264,14878,619,0,ITC,ITC4,3,Lombardia,Lombardia,10060574,7281690,72.38,0.4
3074,2021-01-06,LOM,7170,2532,4638,7164,0,6,0,ITC,ITC4,3,Lombardia,Lombardia,10060574,7288860,72.45,0.07
3075,2021-08-26,LOM,38708,20785,17923,20357,15558,2793,0,ITC,ITC4,3,Lombardia,Lombardia,10060574,7327568,72.83,0.38
3076,2021-05-18,LOM,88267,42188,46079,31861,55602,804,0,ITC,ITC4,3,Lombardia,Lombardia,10060574,7415835,73.71,0.88
3077,2021-01-25,LOM,7132,2401,4731,515,6614,3,0,ITC,ITC4,3,Lombardia,Lombardia,10060574,7422967,73.78,0.07
3078,2021-02-01,LOM,16138,5346,10792,307,15829,2,0,ITC,ITC4,3,Lombardia,Lombardia,10060574,7439105,73.94,0.16
3079,2021-07-05,LOM,101939,49794,52145,31495,68553,1891,0,ITC,ITC4,3,Lombardia,Lombardia,10060574,7541044,74.96,1.01
3080,2021-08-31,LOM,62836,33495,29341,36690,21591,4555,0,ITC,ITC4,3,Lombardia,Lombardia,10060574,7603880,75.58,0.62
3081,2021-05-09,LOM,69733,32896,36837,54418,13287,2028,0,ITC,ITC4,3,Lombardia,Lombardia,10060574,7673613,76.27,0.69
3082,2021-01-29,LOM,13556,4151,9405,687,12866,3,0,ITC,ITC4,3,Lombardia,Lombardia,10060574,7687169,76.41,0.13
3083,2021-06-13,LOM,76007,40567,35440,72282,2132,1593,0,ITC,ITC4,3,Lombardia,Lombardia,10060574,7763176,77.16,0.76
3084,2021-06-18,LOM,107744,52915,54829,51778,54719,1247,0,ITC,ITC4,3,Lombardia,Lombardia,10060574,7870920,78.24,1.07
3085,2021-08-14,LOM,26550,14889,11661,11129,14867,554,0,ITC,ITC4,3,Lombardia,Lombardia,10060574,7897470,78.5,0.26
3086,2021-03-01,LOM,18803,8238,10565,16890,1708,205,0,ITC,ITC4,3,Lombardia,Lombardia,10060574,7916273,78.69,0.19
3087,2021-09-09,LOM,56639,31093,25546,11925,43096,1618,0,ITC,ITC4,3,Lombardia,Lombardia,10060574,7972912,79.25,0.56
3088,2021-02-03,LOM,25745,7959,17786,1078,24662,5,0,ITC,ITC4,3,Lombardia,Lombardia,10060574,7998657,79.5,0.26
3089,2021-04-01,LOM,43209,17329,25880,26087,16407,715,0,ITC,ITC4,3,Lombardia,Lombardia,10060574,8041866,79.93,0.43
3090,2021-07-07,LOM,112080,56180,55900,17999,92918,1163,0,ITC,ITC4,3,Lombardia,Lombardia,10060574,8153946,81.05,1.11
3091,2021-04-15,LOM,49497,21877,27620,34896,13841,760,0,ITC,ITC4,3,Lombardia,Lombardia,10060574,8203443,81.54,0.49
3092,2021-01-05,LOM,7881,2586,5295,7875,0,6,0,ITC,ITC4,3,Lombardia,Lombardia,10060574,8211324,81.62,0.08
3093,2021-03-27,LOM,32537,12419,20118,23118,8778,641,0,ITC,ITC4,3,Lombardia,Lombardia,10060574,8243861,81.94,0.32
3094,2021-01-03,LOM,857,316,541,856,0,1,0,ITC,ITC4,3,Lombardia,Lombardia,10060574,8244718,81.95,0.01
3095,2021-06-30,LOM,107022,53017,54005,56571,48324,2127,0,ITC,ITC4,3,Lombardia,Lombardia,10060574,8351740,83.01,1.06
3096,2021-03-22,LOM,40387,14326,26061,28959,10583,845,0,ITC,ITC4,3,Lombardia,Lombardia,10060574,8392127,83.42,0.4
3097,2021-04-08,LOM,52483,21803,30680,35308,16503,672,0,ITC,ITC4,3,Lombardia,Lombardia,10060574,8444610,83.94,0.52
3098,2020-12-29,LOM,107,45,62,107,0,0,0,ITC,ITC4,3,Lombardia,Lombardia,10060574,8444717,83.94,0.0
3099,2021-07-14,LOM,109457,56864,52593,14355,93693,1409,0,ITC,ITC4,3,Lombardia,Lombardia,10060574,8554174,85.03,1.09
3100,2021-07-31,LOM,71116,38778,32338,36366,32724,2026,0,ITC,ITC4,3,Lombardia,Lombardia,10060574,8625290,85.73,0.71
3101,2021-04-22,LOM,74084,33448,40636,56218,16451,1415,0,ITC,ITC4,3,Lombardia,Lombardia,10060574,8699374,86.47,0.74
3102,2021-03-03,LOM,27033,11533,15500,19491,7319,223,0,ITC,ITC4,3,Lombardia,Lombardia,10060574,8726407,86.74,0.27
3103,2021-06-04,LOM,104668,54326,50342,93200,9673,1795,0,ITC,ITC4,3,Lombardia,Lombardia,10060574,8831075,87.78,1.04
3104,2021-02-24,LOM,14728,5961,8767,13575,958,195,0,ITC,ITC4,3,Lombardia,Lombardia,10060574,8845803,87.93,0.15
3105,2021-05-16,LOM,68744,32520,36224,35548,32238,958,0,ITC,ITC4,3,Lombardia,Lombardia,10060574,8914547,88.61,0.68
3106,2021-02-05,LOM,25800,7495,18305,2430,23358,12,0,ITC,ITC4,3,Lombardia,Lombardia,10060574,8940347,88.87,0.26
3107,2021-02-22,LOM,11958,4825,7133,11449,310,199,0,ITC,ITC4,3,Lombardia,Lombardia,10060574,8952305,88.98,0.12
3108,2021-07-12,LOM,111901,57521,54380,14807,95955,1139,0,ITC,ITC4,3,Lombardia,Lombardia,10060574,9064206,90.1,1.11
3109,2021-04-03,LOM,36354,14906,21448,25788,10180,386,0,ITC,ITC4,3,Lombardia,Lombardia,10060574,9100560,90.46,0.36
3110,2021-09-07,LOM,60966,33288,27678,15572,43333,2061,0,ITC,ITC4,3,Lombardia,Lombardia,10060574,9161526,91.06,0.61
3111,2021-05-30,LOM,74431,35617,38814,33795,40017,619,0,ITC,ITC4,3,Lombardia,Lombardia,10060574,9235957,91.8,0.74
3112,2021-07-26,LOM,109619,58922,50697,7711,101152,756,0,ITC,ITC4,3,Lombardia,Lombardia,10060574,9345576,92.89,1.09
3113,2021-03-05,LOM,29013,11976,17037,20253,8452,308,0,ITC,ITC4,3,Lombardia,Lombardia,10060574,9374589,93.18,0.29
3114,2021-06-27,LOM,90961,46826,44135,69777,18879,2305,0,ITC,ITC4,3,Lombardia,Lombardia,10060574,9465550,94.09,0.9
3115,2021-03-19,LOM,32521,12958,19563,18920,13277,324,0,ITC,ITC4,3,Lombardia,Lombardia,10060574,9498071,94.41,0.32
3116,2021-09-16,LOM,30121,16052,14069,7888,21004,1229,0,ITC,ITC4,3,Lombardia,Lombardia,10060574,9528192,94.71,0.3
3117,2021-08-19,LOM,28983,15943,13040,14777,13084,1122,0,ITC,ITC4,3,Lombardia,Lombardia,10060574,9557175,95.0,0.29
3118,2021-05-11,LOM,86953,41461,45492,58207,26260,2486,0,ITC,ITC4,3,Lombardia,Lombardia,10060574,9644128,95.86,0.86
3119,2021-09-02,LOM,56496,30568,25928,25789,27709,2998,0,ITC,ITC4,3,Lombardia,Lombardia,10060574,9700624,96.42,0.56
3120,2021-05-28,LOM,93727,44886,48841,42038,50776,913,0,ITC,ITC4,3,Lombardia,Lombardia,10060574,9794351,97.35,0.93
3121,2021-02-17,LOM,12041,3780,8261,10451,1392,198,0,ITC,ITC4,3,Lombardia,Lombardia,10060574,9806392,97.47,0.12
3122,2021-06-11,LOM,101543,51719,49824,84939,14704,1900,0,ITC,ITC4,3,Lombardia,Lombardia,10060574,9907935,98.48,1.01
3123,2021-06-22,LOM,111270,58117,53153,79175,29967,2128,0,ITC,ITC4,3,Lombardia,Lombardia,10060574,10019205,99.59,1.11
3124,2021-03-13,LOM,27241,9797,17444,20558,6124,559,0,ITC,ITC4,3,Lombardia,Lombardia,10060574,10046446,99.86,0.27
3125,2021-09-14,LOM,36894,19798,17096,7497,28251,1146,0,ITC,ITC4,3,Lombardia,Lombardia,10060574,10083340,100.23,0.37
3126,2021-07-23,LOM,95539,50074,45465,11433,82850,1256,0,ITC,ITC4,3,Lombardia,Lombardia,10060574,10178879,101.18,0.95
3127,2021-08-23,LOM,57498,31501,25997,23770,30438,3290,0,ITC,ITC4,3,Lombardia,Lombardia,10060574,10236377,101.75,0.57
3128,2021-05-15,LOM,81002,38813,42189,45386,33455,2161,0,ITC,ITC4,3,Lombardia,Lombardia,10060574,10317379,102.55,0.81
3129,2021-07-11,LOM,90351,45711,44640,11767,77526,1058,0,ITC,ITC4,3,Lombardia,Lombardia,10060574,10407730,103.45,0.9
3130,2021-05-13,LOM,87249,41802,45447,55591,28917,2741,0,ITC,ITC4,3,Lombardia,Lombardia,10060574,10494979,104.32,0.87
3131,2021-09-04,LOM,45606,24704,20902,20523,22549,2534,0,ITC,ITC4,3,Lombardia,Lombardia,10060574,10540585,104.77,0.45
3132,2021-05-27,LOM,95031,45510,49521,40620,53620,791,0,ITC,ITC4,3,Lombardia,Lombardia,10060574,10635616,105.72,0.94
3133,2021-04-24,LOM,75883,33630,42253,53416,21174,1293,0,ITC,ITC4,3,Lombardia,Lombardia,10060574,10711499,106.47,0.75
3134,2021-01-14,LOM,26987,7827,19160,26935,0,52,0,ITC,ITC4,3,Lombardia,Lombardia,10060574,10738486,106.74,0.27
3135,2021-08-16,LOM,39044,21109,17935,16894,21102,1048,0,ITC,ITC4,3,Lombardia,Lombardia,10060574,10777530,107.13,0.39
3136,2021-05-08,LOM,87868,40790,47078,63422,22147,2299,0,ITC,ITC4,3,Lombardia,Lombardia,10060574,10865398,108.0,0.87
3137,2021-06-01,LOM,94049,46133,47916,75801,17134,1114,0,ITC,ITC4,3,Lombardia,Lombardia,10060574,10959447,108.93,0.93
3138,2021-01-02,LOM,202,74,128,202,0,0,0,ITC,ITC4,3,Lombardia,Lombardia,10060574,10959649,108.94,0.0
3139,2021-06-08,LOM,102965,52323,50642,87169,14109,1687,0,ITC,ITC4,3,Lombardia,Lombardia,10060574,11062614,109.96,1.02
3140,2021-02-28,LOM,7886,3256,4630,7604,210,72,0,ITC,ITC4,3,Lombardia,Lombardia,10060574,11070500,110.04,0.08
3141,2021-08-04,LOM,90176,48834,41342,14483,75034,659,0,ITC,ITC4,3,Lombardia,Lombardia,10060574,11160676,110.93,0.9
3142,2021-04-26,LOM,88035,40954,47081,67038,19171,1826,0,ITC,ITC4,3,Lombardia,Lombardia,10060574,11248711,111.81,0.88
3143,2021-08-09,LOM,68989,37028,31961,18637,49304,1048,0,ITC,ITC4,3,Lombardia,Lombardia,10060574,11317700,112.5,0.69
3144,2021-05-01,LOM,96112,43737,52375,65011,29337,1764,0,ITC,ITC4,3,Lombardia,Lombardia,10060574,11413812,113.45,0.96
3145,2021-01-21,LOM,5534,1612,3922,4824,695,15,0,ITC,ITC4,3,Lombardia,Lombardia,10060574,11419346,113.51,0.06
3146,2021-02-07,LOM,7324,2832,4492,335,6986,3,0,ITC,ITC4,3,Lombardia,Lombardia,10060574,11426670,113.58,0.07
3147,2021-01-19,LOM,8068,2333,5735,7583,471,14,0,ITC,ITC4,3,Lombardia,Lombardia,10060574,11434738,113.66,0.08
3148,2021-07-09,LOM,115798,59021,56777,11739,103172,887,0,ITC,ITC4,3,Lombardia,Lombardia,10060574,11550536,114.81,1.15
3149,2021-06-03,LOM,97238,49760,47478,84617,10946,1675,0,ITC,ITC4,3,Lombardia,Lombardia,10060574,11647774,115.78,0.97
3150,2021-06-20,LOM,89055,44377,44678,52786,35023,1246,0,ITC,ITC4,3,Lombardia,Lombardia,10060574,11736829,116.66,0.89
3151,2021-03-12,LOM,35348,12995,22353,24464,10263,621,0,ITC,ITC4,3,Lombardia,Lombardia,10060574,11772177,117.01,0.35
3152,2021-03-29,LOM,40100,15568,24532,24550,14870,680,0,ITC,ITC4,3,Lombardia,Lombardia,10060574,11812277,117.41,0.4
3153,2021-04-05,LOM,27397,11702,15695,19029,8113,255,0,ITC,ITC4,3,Lombardia,Lombardia,10060574,11839674,117.68,0.27
3154,2021-05-23,LOM,60825,28967,31858,26295,34017,513,0,ITC,ITC4,3,Lombardia,Lombardia,10060574,11900499,118.29,0.6
3155,2021-02-12,LOM,14030,4390,9640,8893,4982,155,0,ITC,ITC4,3,Lombardia,Lombardia,10060574,11914529,118.43,0.14
3156,2021-07-19,LOM,96929,50320,46609,10804,85045,1080,0,ITC,ITC4,3,Lombardia,Lombardia,10060574,12011458,119.39,0.96
3157,2021-04-10,LOM,52861,21889,30972,40122,11987,752,0,ITC,ITC4,3,Lombardia,Lombardia,10060574,12064319,119.92,0.53
3158,2021-06-06,LOM,90141,46354,43787,79535,9223,1383,0,ITC,ITC4,3,Lombardia,Lombardia,10060574,12154460,120.81,0.9
3159,2021-01-07,LOM,11817,3660,8157,11776,0,41,0,ITC,ITC4,3,Lombardia,Lombardia,10060574,12166277,120.93,0.12
3160,2021-09-18,LOM,34258,18822,15436,12789,19996,1473,0,ITC,ITC4,3,Lombardia,Lombardia,10060574,12200535,121.27,0.34
3161,2021-02-02,LOM,20021,6653,13368,497,19521,3,0,ITC,ITC4,3,Lombardia,Lombardia,10060574,12220556,121.47,0.2
3162,2021-03-31,LOM,42285,17154,25131,26200,15393,692,0,ITC,ITC4,3,Lombardia,Lombardia,10060574,12262841,121.89,0.42
3163,2021-03-10,LOM,33376,12764,20612,24852,7914,610,0,ITC,ITC4,3,Lombardia,Lombardia,10060574,12296217,122.22,0.33
3164,2021-05-06,LOM,89981,42245,47736,70968,16595,2418,0,ITC,ITC4,3,Lombardia,Lombardia,10060574,12386198,123.12,0.89
3165,2021-01-26,LOM,8403,2723,5680,348,8054,1,0,ITC,ITC4,3,Lombardia,Lombardia,10060574,12394601,123.2,0.08
3166,2021-07-16,LOM,108931,56715,52216,11139,96628,1164,0,ITC,ITC4,3,Lombardia,Lombardia,10060574,12503532,124.28,1.08
3167,2021-04-07,LOM,50669,20954,29715,34086,15869,714,0,ITC,ITC4,3,Lombardia,Lombardia,10060574,12554201,124.79,0.5
3168,2021-08-11,LOM,61390,33591,27799,22460,37583,1347,0,ITC,ITC4,3,Lombardia,Lombardia,10060574,12615591,125.4,0.61
3169,2021-09-11,LOM,41127,22335,18792,13292,25976,1859,0,ITC,ITC4,3,Lombardia,Lombardia,10060574,12656718,125.81,0.41
3170,2021-07-21,LOM,94019,48502,45517,8614,84538,867,0,ITC,ITC4,3,Lombardia,Lombardia,10060574,12750737,126.74,0.93
3171,2021-04-12,LOM,47378,20634,26744,32295,14432,651,0,ITC,ITC4,3,Lombardia,Lombardia,10060574,12798115,127.21,0.47
3172,2021-02-21,LOM,5055,1864,3191,4940,17,98,0,ITC,ITC4,3,Lombardia,Lombardia,10060574,12803170,127.26,0.05
3173,2021-07-28,LOM,77459,41729,35730,19115,56592,1752,0,ITC,ITC4,3,Lombardia,Lombardia,10060574,12880629,128.03,0.77
3174,2021-04-19,LOM,60409,27490,32919,49673,9424,1312,0,ITC,ITC4,3,Lombardia,Lombardia,10060574,12941038,128.63,0.6
3175,2021-09-23,LOM,39685,21526,18159,12864,24741,1201,879,ITC,ITC4,3,Lombardia,Lombardia,10060574,12980723,129.03,0.39
3176,2021-06-15,LOM,96104,48906,47198,49021,46011,1072,0,ITC,ITC4,3,Lombardia,Lombardia,10060574,13076827,129.98,0.96
3177,2021-08-18,LOM,30913,17061,13852,17895,11649,1369,0,ITC,ITC4,3,Lombardia,Lombardia,10060574,13107740,130.29,0.31
3178,2021-01-31,LOM,9828,3815,6013,29,9799,0,0,ITC,ITC4,3,Lombardia,Lombardia,10060574,13117568,130.39,0.1
3179,2021-05-25,LOM,91234,43650,47584,43860,46550,824,0,ITC,ITC4,3,Lombardia,Lombardia,10060574,13208802,131.29,0.91
3180,2021-02-14,LOM,3586,1547,2039,2934,637,15,0,ITC,ITC4,3,Lombardia,Lombardia,10060574,13212388,131.33,0.04
3181,2021-01-12,LOM,20346,6747,13599,20315,0,31,0,ITC,ITC4,3,Lombardia,Lombardia,10060574,13232734,131.53,0.2
3182,2021-02-19,LOM,14235,5404,8831,13328,729,178,0,ITC,ITC4,3,Lombardia,Lombardia,10060574,13246969,131.67,0.14
3183,2021-04-17,LOM,48591,21330,27261,36980,10883,728,0,ITC,ITC4,3,Lombardia,Lombardia,10060574,13295560,132.16,0.48
3184,2021-02-26,LOM,18449,7573,10876,16330,1910,209,0,ITC,ITC4,3,Lombardia,Lombardia,10060574,13314009,132.34,0.18
3185,2021-07-30,LOM,73317,39809,33508,35100,36097,2120,0,ITC,ITC4,3,Lombardia,Lombardia,10060574,13387326,133.07,0.73
3186,2021-08-28,LOM,35009,19241,15768,17760,15044,2205,0,ITC,ITC4,3,Lombardia,Lombardia,10060574,13422335,133.42,0.35
3187,2021-05-20,LOM,95627,46248,49379,31718,63092,817,0,ITC,ITC4,3,Lombardia,Lombardia,10060574,13517962,134.37,0.95
3188,2020-12-31,LOM,715,302,413,715,0,0,0,ITC,ITC4,3,Lombardia,Lombardia,10060574,13518677,134.37,0.01
3189,2021-07-29,LOM,74438,40435,34003,33778,38703,1957,0,ITC,ITC4,3,Lombardia,Lombardia,10060574,13593115,135.11,0.74
3190,2021-02-20,LOM,9377,3877,5500,8847,333,197,0,ITC,ITC4,3,Lombardia,Lombardia,10060574,13602492,135.21,0.09
3191,2021-04-18,LOM,36441,16242,20199,30525,5248,668,0,ITC,ITC4,3,Lombardia,Lombardia,10060574,13638933,135.57,0.36
3192,2021-01-08,LOM,12760,3941,8819,12749,0,11,0,ITC,ITC4,3,Lombardia,Lombardia,10060574,13651693,135.69,0.13
3193,2021-08-05,LOM,90312,49279,41033,15764,73759,789,0,ITC,ITC4,3,Lombardia,Lombardia,10060574,13742005,136.59,0.9
3194,2021-01-15,LOM,25305,7463,17842,25253,0,52,0,ITC,ITC4,3,Lombardia,Lombardia,10060574,13767310,136.84,0.25
3195,2021-08-07,LOM,79738,43282,36456,16081,62849,808,0,ITC,ITC4,3,Lombardia,Lombardia,10060574,13847048,137.64,0.79
3196,2021-04-29,LOM,115672,53642,62030,83083,29933,2656,0,ITC,ITC4,3,Lombardia,Lombardia,10060574,13962720,138.79,1.15
3197,2021-06-25,LOM,108344,56263,52081,78358,27674,2312,0,ITC,ITC4,3,Lombardia,Lombardia,10060574,14071064,139.86,1.08
3198,2021-04-20,LOM,67719,30851,36868,55895,10364,1460,0,ITC,ITC4,3,Lombardia,Lombardia,10060574,14138783,140.54,0.67
3199,2021-01-10,LOM,10557,3984,6573,10549,0,8,0,ITC,ITC4,3,Lombardia,Lombardia,10060574,14149340,140.64,0.1
3200,2021-01-17,LOM,8363,3353,5010,8156,201,6,0,ITC,ITC4,3,Lombardia,Lombardia,10060574,14157703,140.72,0.08
3201,2021-06-23,LOM,111095,57470,53625,76632,32318,2145,0,ITC,ITC4,3,Lombardia,Lombardia,10060574,14268798,141.83,1.1
3202,2021-03-15,LOM,31644,11365,20279,22427,8590,627,0,ITC,ITC4,3,Lombardia,Lombardia,10060574,14300442,142.14,0.31
3203,2021-04-27,LOM,86123,40014,46109,67639,16615,1869,0,ITC,ITC4,3,Lombardia,Lombardia,10060574,14386565,143.0,0.86
3204,2021-09-06,LOM,56287,30329,25958,16515,37741,2031,0,ITC,ITC4,3,Lombardia,Lombardia,10060574,14442852,143.56,0.56
3205,2021-03-17,LOM,26383,10545,15838,15159,11063,161,0,ITC,ITC4,3,Lombardia,Lombardia,10060574,14469235,143.82,0.26
3206,2021-07-04,LOM,86774,43401,43373,40189,44625,1960,0,ITC,ITC4,3,Lombardia,Lombardia,10060574,14556009,144.68,0.86
3207,2021-08-30,LOM,71241,37848,33393,43167,22415,5659,0,ITC,ITC4,3,Lombardia,Lombardia,10060574,14627250,145.39,0.71
3208,2021-07-02,LOM,104048,52148,51900,48871,52973,2204,0,ITC,ITC4,3,Lombardia,Lombardia,10060574,14731298,146.43,1.03
3209,2021-03-24,LOM,43522,15711,27811,30534,12084,904,0,ITC,ITC4,3,Lombardia,Lombardia,10060574,14774820,146.86,0.43
3210,2021-02-09,LOM,12234,3338,8896,4027,8193,14,0,ITC,ITC4,3,Lombardia,Lombardia,10060574,14787054,146.98,0.12
3211,2021-09-17,LAZ,11845,6230,5615,4280,6768,409,388,ITI,ITI4,12,Lazio,Lazio,5879082,11845,0.2,0.2
3212,2021-02-20,LAZ,9247,4289,4958,8379,796,72,0,ITI,ITI4,12,Lazio,Lazio,5879082,21092,0.36,0.16
3213,2021-05-31,LAZ,51836,23085,28751,30848,19940,1048,0,ITI,ITI4,12,Lazio,Lazio,5879082,72928,1.24,0.88
3214,2021-03-30,LAZ,27177,13223,13954,19541,7234,402,0,ITI,ITI4,12,Lazio,Lazio,5879082,100105,1.7,0.46
3215,2021-07-08,LAZ,64412,31629,32783,28158,35546,708,0,ITI,ITI4,12,Lazio,Lazio,5879082,164517,2.8,1.1
3216,2021-07-27,LAZ,56539,27470,29069,8117,48081,341,0,ITI,ITI4,12,Lazio,Lazio,5879082,221056,3.76,0.96
3217,2021-04-18,LAZ,23876,10611,13265,15851,7706,319,0,ITI,ITI4,12,Lazio,Lazio,5879082,244932,4.17,0.41
3218,2021-02-18,LAZ,10119,5037,5082,9110,895,114,0,ITI,ITI4,12,Lazio,Lazio,5879082,255051,4.34,0.17
3219,2021-05-12,LAZ,47642,21631,26011,30243,16707,692,0,ITI,ITI4,12,Lazio,Lazio,5879082,302693,5.15,0.81
3220,2021-02-01,LAZ,5687,2186,3501,352,5334,1,0,ITI,ITI4,12,Lazio,Lazio,5879082,308380,5.25,0.1
3221,2021-08-08,LAZ,50380,26084,24296,18018,31516,846,0,ITI,ITI4,12,Lazio,Lazio,5879082,358760,6.1,0.86
3222,2021-06-26,LAZ,56267,26528,29739,24703,30954,610,0,ITI,ITI4,12,Lazio,Lazio,5879082,415027,7.06,0.96
3223,2021-04-30,LAZ,41769,18509,23260,26633,14410,726,0,ITI,ITI4,12,Lazio,Lazio,5879082,456796,7.77,0.71
3224,2021-03-16,LAZ,13649,5784,7865,7046,6519,84,0,ITI,ITI4,12,Lazio,Lazio,5879082,470445,8.0,0.23
3225,2021-03-09,LAZ,22089,9984,12105,16486,5233,370,0,ITI,ITI4,12,Lazio,Lazio,5879082,492534,8.38,0.38
3226,2021-01-11,LAZ,5766,2206,3560,5621,0,145,0,ITI,ITI4,12,Lazio,Lazio,5879082,498300,8.48,0.1
3227,2021-07-22,LAZ,61212,30583,30629,28441,31209,1562,0,ITI,ITI4,12,Lazio,Lazio,5879082,559512,9.52,1.04
3228,2021-09-03,LAZ,26033,13586,12447,7322,18221,490,0,ITI,ITI4,12,Lazio,Lazio,5879082,585545,9.96,0.44
3229,2021-05-17,LAZ,44665,20453,24212,35407,8637,621,0,ITI,ITI4,12,Lazio,Lazio,5879082,630210,10.72,0.76
3230,2021-04-16,LAZ,34601,15779,18822,21910,12249,442,0,ITI,ITI4,12,Lazio,Lazio,5879082,664811,11.31,0.59
3231,2021-01-23,LAZ,7221,2872,4349,590,6631,0,0,ITI,ITI4,12,Lazio,Lazio,5879082,672032,11.43,0.12
3232,2021-01-06,LAZ,5217,1997,3220,5097,0,120,0,ITI,ITI4,12,Lazio,Lazio,5879082,677249,11.52,0.09
3233,2021-05-26,LAZ,47709,21945,25764,34843,12169,697,0,ITI,ITI4,12,Lazio,Lazio,5879082,724958,12.33,0.81
3234,2021-03-04,LAZ,19518,8768,10750,14198,5036,284,0,ITI,ITI4,12,Lazio,Lazio,5879082,744476,12.66,0.33
3235,2021-06-12,LAZ,69978,32135,37843,39879,29437,662,0,ITI,ITI4,12,Lazio,Lazio,5879082,814454,13.85,1.19
3236,2021-06-14,LAZ,63143,29590,33553,32335,30234,574,0,ITI,ITI4,12,Lazio,Lazio,5879082,877597,14.93,1.07
3237,2021-09-22,LAZ,15118,7964,7154,6677,7472,477,492,ITI,ITI4,12,Lazio,Lazio,5879082,892715,15.18,0.26
3238,2021-04-04,LAZ,17676,8206,9470,12251,5294,131,0,ITI,ITI4,12,Lazio,Lazio,5879082,910391,15.49,0.3
3239,2021-09-10,LAZ,11483,5898,5585,6126,4724,633,0,ITI,ITI4,12,Lazio,Lazio,5879082,921874,15.68,0.2
3240,2021-08-10,LAZ,51102,26435,24667,21594,28508,1000,0,ITI,ITI4,12,Lazio,Lazio,5879082,972976,16.55,0.87
3241,2021-05-19,LAZ,47360,21759,25601,36473,10190,697,0,ITI,ITI4,12,Lazio,Lazio,5879082,1020336,17.36,0.81
3242,2021-08-27,LAZ,30742,16145,14597,7615,22555,572,0,ITI,ITI4,12,Lazio,Lazio,5879082,1051078,17.88,0.52
3243,2021-09-15,LAZ,12446,6296,6150,2942,9152,351,1,ITI,ITI4,12,Lazio,Lazio,5879082,1063524,18.09,0.21
3244,2021-01-04,LAZ,7602,2953,4649,7496,0,106,0,ITI,ITI4,12,Lazio,Lazio,5879082,1071126,18.22,0.13
3245,2021-06-24,LAZ,64106,30577,33529,28607,34826,673,0,ITI,ITI4,12,Lazio,Lazio,5879082,1135232,19.31,1.09
3246,2021-06-07,LAZ,62710,29355,33355,32714,29381,615,0,ITI,ITI4,12,Lazio,Lazio,5879082,1197942,20.38,1.07
3247,2021-07-15,LAZ,45087,22079,23008,6689,37951,447,0,ITI,ITI4,12,Lazio,Lazio,5879082,1243029,21.14,0.77
3248,2021-01-13,LAZ,5901,2257,3644,5735,0,166,0,ITI,ITI4,12,Lazio,Lazio,5879082,1248930,21.24,0.1
3249,2021-04-23,LAZ,38018,18318,19700,22043,15429,546,0,ITI,ITI4,12,Lazio,Lazio,5879082,1286948,21.89,0.65
3250,2021-08-22,LAZ,8785,5311,3474,2533,6165,87,0,ITI,ITI4,12,Lazio,Lazio,5879082,1295733,22.04,0.15
3251,2021-06-19,LAZ,66615,31430,35185,35276,30511,828,0,ITI,ITI4,12,Lazio,Lazio,5879082,1362348,23.17,1.13
3252,2021-01-25,LAZ,8179,3291,4888,834,7345,0,0,ITI,ITI4,12,Lazio,Lazio,5879082,1370527,23.31,0.14
3253,2021-05-05,LAZ,46887,21518,25369,30361,15898,628,0,ITI,ITI4,12,Lazio,Lazio,5879082,1417414,24.11,0.8
3254,2021-03-02,LAZ,17287,7658,9629,13124,3957,206,0,ITI,ITI4,12,Lazio,Lazio,5879082,1434701,24.4,0.29
3255,2021-02-25,LAZ,12844,5624,7220,11413,1223,208,0,ITI,ITI4,12,Lazio,Lazio,5879082,1447545,24.62,0.22
3256,2021-06-05,LAZ,66463,32739,33724,42940,22824,699,0,ITI,ITI4,12,Lazio,Lazio,5879082,1514008,25.75,1.13
3257,2021-03-21,LAZ,18310,7214,11096,13028,5071,211,0,ITI,ITI4,12,Lazio,Lazio,5879082,1532318,26.06,0.31
3258,2020-12-30,LAZ,1661,641,1020,1650,0,11,0,ITI,ITI4,12,Lazio,Lazio,5879082,1533979,26.09,0.03
3259,2021-07-01,LAZ,48597,23248,25349,7172,41201,224,0,ITI,ITI4,12,Lazio,Lazio,5879082,1582576,26.92,0.83
3260,2021-04-09,LAZ,27774,12652,15122,19141,8292,341,0,ITI,ITI4,12,Lazio,Lazio,5879082,1610350,27.39,0.47
3261,2021-03-23,LAZ,25512,11984,13528,18474,6654,384,0,ITI,ITI4,12,Lazio,Lazio,5879082,1635862,27.83,0.43
3262,2021-02-06,LAZ,6317,2583,3734,907,5405,5,0,ITI,ITI4,12,Lazio,Lazio,5879082,1642179,27.93,0.11
3263,2021-02-11,LAZ,7127,3096,4031,6458,644,25,0,ITI,ITI4,12,Lazio,Lazio,5879082,1649306,28.05,0.12
3264,2021-04-11,LAZ,19250,8538,10712,13122,5938,190,0,ITI,ITI4,12,Lazio,Lazio,5879082,1668556,28.38,0.33
3265,2021-02-13,LAZ,6625,2631,3994,6149,425,51,0,ITI,ITI4,12,Lazio,Lazio,5879082,1675181,28.49,0.11
3266,2021-07-20,LAZ,63480,31677,31803,28431,33788,1261,0,ITI,ITI4,12,Lazio,Lazio,5879082,1738661,29.57,1.08
3267,2021-03-28,LAZ,19217,7844,11373,13529,5327,361,0,ITI,ITI4,12,Lazio,Lazio,5879082,1757878,29.9,0.33
3268,2021-06-09,LAZ,70580,33438,37142,35971,33938,671,0,ITI,ITI4,12,Lazio,Lazio,5879082,1828458,31.1,1.2
3269,2021-06-21,LAZ,62073,28844,33229,28486,32959,628,0,ITI,ITI4,12,Lazio,Lazio,5879082,1890531,32.16,1.06
3270,2021-03-13,LAZ,21867,8765,13102,15701,5922,244,0,ITI,ITI4,12,Lazio,Lazio,5879082,1912398,32.53,0.37
3271,2021-08-03,LAZ,32654,16659,15995,5167,27274,213,0,ITI,ITI4,12,Lazio,Lazio,5879082,1945052,33.08,0.56
3272,2021-01-30,LAZ,7028,2898,4130,817,6210,1,0,ITI,ITI4,12,Lazio,Lazio,5879082,1952080,33.2,0.12
3273,2021-07-19,LAZ,63232,31092,32140,28294,33782,1156,0,ITI,ITI4,12,Lazio,Lazio,5879082,2015312,34.28,1.08
3274,2021-01-15,LAZ,6754,2785,3969,6581,0,173,0,ITI,ITI4,12,Lazio,Lazio,5879082,2022066,34.39,0.11
3275,2021-04-25,LAZ,24588,11285,13303,16380,7876,332,0,ITI,ITI4,12,Lazio,Lazio,5879082,2046654,34.81,0.42
3276,2021-05-07,LAZ,48367,22677,25690,29788,17858,721,0,ITI,ITI4,12,Lazio,Lazio,5879082,2095021,35.64,0.82
3277,2021-03-11,LAZ,25557,12058,13499,18887,6298,372,0,ITI,ITI4,12,Lazio,Lazio,5879082,2120578,36.07,0.43
3278,2021-08-15,LAZ,1520,941,579,801,697,22,0,ITI,ITI4,12,Lazio,Lazio,5879082,2122098,36.1,0.03
3279,2021-07-03,LAZ,53271,25086,28185,4641,48479,151,0,ITI,ITI4,12,Lazio,Lazio,5879082,2175369,37.0,0.91
3280,2021-02-03,LAZ,6504,2495,4009,966,5533,5,0,ITI,ITI4,12,Lazio,Lazio,5879082,2181873,37.11,0.11
3281,2021-08-29,LAZ,27458,13974,13484,8968,17887,603,0,ITI,ITI4,12,Lazio,Lazio,5879082,2209331,37.58,0.47
3282,2021-02-15,LAZ,8107,3603,4504,7326,655,126,0,ITI,ITI4,12,Lazio,Lazio,5879082,2217438,37.72,0.14
3283,2021-01-29,LAZ,8464,3224,5240,973,7489,2,0,ITI,ITI4,12,Lazio,Lazio,5879082,2225902,37.86,0.14
3284,2021-09-05,LAZ,10105,5170,4935,6570,3090,445,0,ITI,ITI4,12,Lazio,Lazio,5879082,2236007,38.03,0.17
3285,2021-04-27,LAZ,30862,13941,16921,19377,11025,460,0,ITI,ITI4,12,Lazio,Lazio,5879082,2266869,38.56,0.52
3286,2021-03-01,LAZ,17164,7381,9783,12991,3896,277,0,ITI,ITI4,12,Lazio,Lazio,5879082,2284033,38.85,0.29
3287,2021-08-05,LAZ,33743,17530,16213,22018,10655,1070,0,ITI,ITI4,12,Lazio,Lazio,5879082,2317776,39.42,0.57
3288,2021-02-22,LAZ,11539,5038,6501,10817,558,164,0,ITI,ITI4,12,Lazio,Lazio,5879082,2329315,39.62,0.2
3289,2021-06-02,LAZ,43595,21640,21955,31443,11578,574,0,ITI,ITI4,12,Lazio,Lazio,5879082,2372910,40.36,0.74
3290,2021-06-11,LAZ,69871,32872,36999,36659,32524,688,0,ITI,ITI4,12,Lazio,Lazio,5879082,2442781,41.55,1.19
3291,2021-09-19,LAZ,14766,7654,7112,6106,7935,506,219,ITI,ITI4,12,Lazio,Lazio,5879082,2457547,41.8,0.25
3292,2021-09-14,LAZ,18401,9130,9271,7369,10108,904,20,ITI,ITI4,12,Lazio,Lazio,5879082,2475948,42.11,0.31
3293,2021-02-08,LAZ,9765,4172,5593,4507,5256,2,0,ITI,ITI4,12,Lazio,Lazio,5879082,2485713,42.28,0.17
3294,2021-05-02,LAZ,32958,14470,18488,22941,9484,533,0,ITI,ITI4,12,Lazio,Lazio,5879082,2518671,42.84,0.56
3295,2021-04-06,LAZ,24681,11304,13377,17104,7197,380,0,ITI,ITI4,12,Lazio,Lazio,5879082,2543352,43.26,0.42
3296,2020-12-27,LAZ,277,133,144,277,0,0,0,ITI,ITI4,12,Lazio,Lazio,5879082,2543629,43.27,0.0
3297,2021-04-01,LAZ,29842,14166,15676,22209,7188,445,0,ITI,ITI4,12,Lazio,Lazio,5879082,2573471,43.77,0.51
3298,2021-07-10,LAZ,71212,35748,35464,25048,45478,686,0,ITI,ITI4,12,Lazio,Lazio,5879082,2644683,44.98,1.21
3299,2021-07-24,LAZ,30792,15534,15258,3209,27422,161,0,ITI,ITI4,12,Lazio,Lazio,5879082,2675475,45.51,0.52
3300,2021-06-23,LAZ,62406,29403,33003,28429,33467,510,0,ITI,ITI4,12,Lazio,Lazio,5879082,2737881,46.57,1.06
3301,2021-01-18,LAZ,6408,2613,3795,5301,981,126,0,ITI,ITI4,12,Lazio,Lazio,5879082,2744289,46.68,0.11
3302,2021-04-28,LAZ,33060,15086,17974,20913,11683,464,0,ITI,ITI4,12,Lazio,Lazio,5879082,2777349,47.24,0.56
3303,2021-03-27,LAZ,26577,10818,15759,19482,6528,567,0,ITI,ITI4,12,Lazio,Lazio,5879082,2803926,47.69,0.45
3304,2021-08-31,LAZ,31188,15437,15751,11620,18609,959,0,ITI,ITI4,12,Lazio,Lazio,5879082,2835114,48.22,0.53
3305,2021-07-05,LAZ,61779,29741,32038,25584,35102,1093,0,ITI,ITI4,12,Lazio,Lazio,5879082,2896893,49.27,1.05
3306,2021-05-23,LAZ,47203,22905,24298,39085,7422,696,0,ITI,ITI4,12,Lazio,Lazio,5879082,2944096,50.08,0.8
3307,2021-01-20,LAZ,4843,1963,2880,3290,1547,6,0,ITI,ITI4,12,Lazio,Lazio,5879082,2948939,50.16,0.08
3308,2021-05-14,LAZ,51683,23611,28072,32427,18430,826,0,ITI,ITI4,12,Lazio,Lazio,5879082,3000622,51.04,0.88
3309,2021-03-18,LAZ,14323,6120,8203,7778,6450,95,0,ITI,ITI4,12,Lazio,Lazio,5879082,3014945,51.28,0.24
3310,2021-02-17,LAZ,9242,4631,4611,8272,900,70,0,ITI,ITI4,12,Lazio,Lazio,5879082,3024187,51.44,0.16
3311,2021-05-28,LAZ,57296,26654,30642,43113,13355,828,0,ITI,ITI4,12,Lazio,Lazio,5879082,3081483,52.41,0.97
3312,2021-08-19,LAZ,9313,5341,3972,3014,6190,109,0,ITI,ITI4,12,Lazio,Lazio,5879082,3090796,52.57,0.16
3313,2021-09-07,LAZ,13266,6735,6531,6952,5844,470,0,ITI,ITI4,12,Lazio,Lazio,5879082,3104062,52.8,0.23
3314,2021-03-06,LAZ,18439,7112,11327,13900,4285,254,0,ITI,ITI4,12,Lazio,Lazio,5879082,3122501,53.11,0.31
3315,2021-01-22,LAZ,4042,1657,2385,524,3518,0,0,ITI,ITI4,12,Lazio,Lazio,5879082,3126543,53.18,0.07
3316,2021-02-27,LAZ,11553,4340,7213,10355,1054,144,0,ITI,ITI4,12,Lazio,Lazio,5879082,3138096,53.38,0.2
3317,2021-05-20,LAZ,51991,25094,26897,37285,14013,693,0,ITI,ITI4,12,Lazio,Lazio,5879082,3190087,54.26,0.88
3318,2021-08-28,LAZ,32658,17050,15608,10991,20917,750,0,ITI,ITI4,12,Lazio,Lazio,5879082,3222745,54.82,0.56
3319,2021-08-07,LAZ,35074,19004,16070,22005,11933,1136,0,ITI,ITI4,12,Lazio,Lazio,5879082,3257819,55.41,0.6
3320,2021-05-06,LAZ,48916,22795,26121,30541,17639,736,0,ITI,ITI4,12,Lazio,Lazio,5879082,3306735,56.25,0.83
3321,2021-03-20,LAZ,19296,7683,11613,13091,5924,281,0,ITI,ITI4,12,Lazio,Lazio,5879082,3326031,56.57,0.33
3322,2021-07-17,LAZ,43979,22182,21797,2172,41699,108,0,ITI,ITI4,12,Lazio,Lazio,5879082,3370010,57.32,0.75
3323,2021-06-30,LAZ,63088,29695,33393,29768,32758,562,0,ITI,ITI4,12,Lazio,Lazio,5879082,3433098,58.4,1.07
3324,2021-04-08,LAZ,26928,12342,14586,18768,7736,424,0,ITI,ITI4,12,Lazio,Lazio,5879082,3460026,58.85,0.46
3325,2021-07-02,LAZ,48588,23282,25306,6602,41788,198,0,ITI,ITI4,12,Lazio,Lazio,5879082,3508614,59.68,0.83
3326,2021-05-09,LAZ,37584,17277,20307,25769,11316,499,0,ITI,ITI4,12,Lazio,Lazio,5879082,3546198,60.32,0.64
3327,2021-08-17,LAZ,8350,4839,3511,4035,4194,121,0,ITI,ITI4,12,Lazio,Lazio,5879082,3554548,60.46,0.14
3328,2021-07-12,LAZ,41478,20742,20736,5849,35391,238,0,ITI,ITI4,12,Lazio,Lazio,5879082,3596026,61.17,0.71
3329,2021-05-16,LAZ,51045,24582,26463,36915,13527,603,0,ITI,ITI4,12,Lazio,Lazio,5879082,3647071,62.03,0.87
3330,2021-04-15,LAZ,32074,14362,17712,20623,10941,510,0,ITI,ITI4,12,Lazio,Lazio,5879082,3679145,62.58,0.55
3331,2021-08-26,LAZ,32291,16769,15522,8262,23464,565,0,ITI,ITI4,12,Lazio,Lazio,5879082,3711436,63.13,0.55
3332,2021-02-10,LAZ,8280,3470,4810,4851,3423,6,0,ITI,ITI4,12,Lazio,Lazio,5879082,3719716,63.27,0.14
3333,2021-05-21,LAZ,52187,25111,27076,37314,14158,715,0,ITI,ITI4,12,Lazio,Lazio,5879082,3771903,64.16,0.89
3334,2021-06-04,LAZ,62147,30300,31847,43566,17896,685,0,ITI,ITI4,12,Lazio,Lazio,5879082,3834050,65.22,1.06
3335,2021-09-12,LAZ,7479,3748,3731,4779,2157,543,0,ITI,ITI4,12,Lazio,Lazio,5879082,3841529,65.34,0.13
3336,2021-05-04,LAZ,40330,18552,21778,26058,13746,526,0,ITI,ITI4,12,Lazio,Lazio,5879082,3881859,66.03,0.69
3337,2021-08-12,LAZ,48078,24897,23181,20826,26257,995,0,ITI,ITI4,12,Lazio,Lazio,5879082,3929937,66.85,0.82
3338,2021-06-20,LAZ,55356,25459,29897,29595,24982,779,0,ITI,ITI4,12,Lazio,Lazio,5879082,3985293,67.79,0.94
3339,2021-06-06,LAZ,58328,28124,30204,35148,22555,625,0,ITI,ITI4,12,Lazio,Lazio,5879082,4043621,68.78,0.99
3340,2021-02-26,LAZ,13250,5778,7472,11553,1512,185,0,ITI,ITI4,12,Lazio,Lazio,5879082,4056871,69.01,0.23
3341,2021-07-09,LAZ,65144,31436,33708,27615,36756,773,0,ITI,ITI4,12,Lazio,Lazio,5879082,4122015,70.11,1.11
3342,2021-08-14,LAZ,2546,1439,1107,994,1518,34,0,ITI,ITI4,12,Lazio,Lazio,5879082,4124561,70.16,0.04
3343,2021-08-16,LAZ,3723,2052,1671,2067,1593,63,0,ITI,ITI4,12,Lazio,Lazio,5879082,4128284,70.22,0.06
3344,2021-01-17,LAZ,4970,2055,2915,4692,213,65,0,ITI,ITI4,12,Lazio,Lazio,5879082,4133254,70.3,0.08
3345,2021-01-19,LAZ,4809,1975,2834,4352,454,3,0,ITI,ITI4,12,Lazio,Lazio,5879082,4138063,70.39,0.08
3346,2021-03-25,LAZ,29571,13740,15831,22376,6698,497,0,ITI,ITI4,12,Lazio,Lazio,5879082,4167634,70.89,0.5
3347,2021-01-27,LAZ,6203,2422,3781,1074,5129,0,0,ITI,ITI4,12,Lazio,Lazio,5879082,4173837,70.99,0.11
3348,2021-06-01,LAZ,49194,23739,25455,30078,18616,500,0,ITI,ITI4,12,Lazio,Lazio,5879082,4223031,71.83,0.84
3349,2021-04-05,LAZ,19998,9160,10838,13601,6221,176,0,ITI,ITI4,12,Lazio,Lazio,5879082,4243029,72.17,0.34
3350,2021-09-09,LAZ,12271,6256,6015,6253,5462,556,0,ITI,ITI4,12,Lazio,Lazio,5879082,4255300,72.38,0.21
3351,2021-09-23,LAZ,14351,7579,6772,6799,6538,485,529,ITI,ITI4,12,Lazio,Lazio,5879082,4269651,72.62,0.24
3352,2021-09-24,LAZ,7776,4134,3642,3591,3598,280,307,ITI,ITI4,12,Lazio,Lazio,5879082,4277427,72.76,0.13
3353,2021-08-24,LAZ,19008,10197,8811,11845,6437,726,0,ITI,ITI4,12,Lazio,Lazio,5879082,4296435,73.08,0.32
3354,2021-06-28,LAZ,59011,28216,30795,27491,31049,471,0,ITI,ITI4,12,Lazio,Lazio,5879082,4355446,74.08,1.0
3355,2021-02-12,LAZ,6912,2888,4024,6376,453,83,0,ITI,ITI4,12,Lazio,Lazio,5879082,4362358,74.2,0.12
3356,2021-05-01,LAZ,38287,17217,21070,25707,12091,489,0,ITI,ITI4,12,Lazio,Lazio,5879082,4400645,74.85,0.65
3357,2021-04-17,LAZ,32507,14258,18249,19968,12073,466,0,ITI,ITI4,12,Lazio,Lazio,5879082,4433152,75.41,0.55
3358,2021-07-26,LAZ,50935,25096,25839,6621,43986,328,0,ITI,ITI4,12,Lazio,Lazio,5879082,4484087,76.27,0.87
3359,2021-04-29,LAZ,38884,17362,21522,24801,13400,683,0,ITI,ITI4,12,Lazio,Lazio,5879082,4522971,76.93,0.66
3360,2021-03-03,LAZ,17943,7908,10035,13339,4323,281,0,ITI,ITI4,12,Lazio,Lazio,5879082,4540914,77.24,0.31
3361,2021-08-09,LAZ,52786,26818,25968,21946,29743,1097,0,ITI,ITI4,12,Lazio,Lazio,5879082,4593700,78.14,0.9
3362,2021-07-28,LAZ,58379,29829,28550,8629,49380,370,0,ITI,ITI4,12,Lazio,Lazio,5879082,4652079,79.13,0.99
3363,2021-05-25,LAZ,47674,22388,25286,35294,11751,629,0,ITI,ITI4,12,Lazio,Lazio,5879082,4699753,79.94,0.81
3364,2021-09-02,LAZ,26313,13512,12801,7994,17865,454,0,ITI,ITI4,12,Lazio,Lazio,5879082,4726066,80.39,0.45
3365,2021-04-12,LAZ,23961,10806,13155,16656,6974,331,0,ITI,ITI4,12,Lazio,Lazio,5879082,4750027,80.8,0.41
3366,2021-09-16,LAZ,11158,5716,5442,3540,7122,339,157,ITI,ITI4,12,Lazio,Lazio,5879082,4761185,80.99,0.19
3367,2021-03-22,LAZ,23461,10590,12871,16360,6751,350,0,ITI,ITI4,12,Lazio,Lazio,5879082,4784646,81.38,0.4
3368,2020-12-29,LAZ,500,183,317,496,0,4,0,ITI,ITI4,12,Lazio,Lazio,5879082,4785146,81.39,0.01
3369,2021-09-21,LAZ,17768,9113,8655,6690,10091,485,502,ITI,ITI4,12,Lazio,Lazio,5879082,4802914,81.69,0.3
3370,2021-09-04,LAZ,14301,7278,7023,9633,3929,739,0,ITI,ITI4,12,Lazio,Lazio,5879082,4817215,81.94,0.24
3371,2021-02-24,LAZ,12133,5245,6888,10944,1054,135,0,ITI,ITI4,12,Lazio,Lazio,5879082,4829348,82.14,0.21
3372,2021-07-07,LAZ,62760,31084,31676,28388,33757,615,0,ITI,ITI4,12,Lazio,Lazio,5879082,4892108,83.21,1.07
3373,2021-03-29,LAZ,25629,12182,13447,18197,7093,339,0,ITI,ITI4,12,Lazio,Lazio,5879082,4917737,83.65,0.44
3374,2021-03-15,LAZ,21068,9897,11171,14012,6779,277,0,ITI,ITI4,12,Lazio,Lazio,5879082,4938805,84.01,0.36
3375,2021-01-31,LAZ,4468,1859,2609,481,3987,0,0,ITI,ITI4,12,Lazio,Lazio,5879082,4943273,84.08,0.08
3376,2021-05-11,LAZ,48417,22236,26181,31132,16605,680,0,ITI,ITI4,12,Lazio,Lazio,5879082,4991690,84.91,0.82
3377,2021-07-16,LAZ,44509,21459,23050,3325,40995,189,0,ITI,ITI4,12,Lazio,Lazio,5879082,5036199,85.66,0.76
3378,2021-04-24,LAZ,33606,15168,18438,20131,12927,548,0,ITI,ITI4,12,Lazio,Lazio,5879082,5069805,86.23,0.57
3379,2021-08-02,LAZ,37810,19761,18049,6593,30973,244,0,ITI,ITI4,12,Lazio,Lazio,5879082,5107615,86.88,0.64
3380,2021-08-21,LAZ,10223,5880,4343,3213,6903,107,0,ITI,ITI4,12,Lazio,Lazio,5879082,5117838,87.05,0.17
3381,2021-05-30,LAZ,41295,17667,23628,33225,7384,686,0,ITI,ITI4,12,Lazio,Lazio,5879082,5159133,87.75,0.7
3382,2021-05-13,LAZ,50309,22618,27691,31658,17895,756,0,ITI,ITI4,12,Lazio,Lazio,5879082,5209442,88.61,0.86
3383,2020-12-31,LAZ,5390,2160,3230,5330,0,60,0,ITI,ITI4,12,Lazio,Lazio,5879082,5214832,88.7,0.09
3384,2021-09-11,LAZ,12393,6133,6260,8301,3198,894,0,ITI,ITI4,12,Lazio,Lazio,5879082,5227225,88.91,0.21
3385,2021-04-10,LAZ,23965,10431,13534,16473,7213,279,0,ITI,ITI4,12,Lazio,Lazio,5879082,5251190,89.32,0.41
3386,2021-02-05,LAZ,7347,3008,4339,1220,6123,4,0,ITI,ITI4,12,Lazio,Lazio,5879082,5258537,89.44,0.12
3387,2021-04-03,LAZ,24880,11238,13642,17877,6749,254,0,ITI,ITI4,12,Lazio,Lazio,5879082,5283417,89.87,0.42
3388,2021-03-12,LAZ,24200,11195,13005,17388,6432,380,0,ITI,ITI4,12,Lazio,Lazio,5879082,5307617,90.28,0.41
3389,2021-08-13,LAZ,43705,22724,20981,20107,22502,1096,0,ITI,ITI4,12,Lazio,Lazio,5879082,5351322,91.02,0.74
3390,2021-02-09,LAZ,8875,3820,5055,4580,4288,7,0,ITI,ITI4,12,Lazio,Lazio,5879082,5360197,91.17,0.15
3391,2021-07-21,LAZ,63848,32710,31138,29563,32881,1404,0,ITI,ITI4,12,Lazio,Lazio,5879082,5424045,92.26,1.09
3392,2021-06-08,LAZ,66867,31923,34944,36149,30041,677,0,ITI,ITI4,12,Lazio,Lazio,5879082,5490912,93.4,1.14
3393,2021-07-14,LAZ,42241,20597,21644,6187,35684,370,0,ITI,ITI4,12,Lazio,Lazio,5879082,5533153,94.12,0.72
3394,2021-01-09,LAZ,6458,2635,3823,6345,0,113,0,ITI,ITI4,12,Lazio,Lazio,5879082,5539611,94.23,0.11
3395,2021-01-05,LAZ,7469,2838,4631,7366,0,103,0,ITI,ITI4,12,Lazio,Lazio,5879082,5547080,94.35,0.13
3396,2021-01-24,LAZ,5706,2233,3473,620,5086,0,0,ITI,ITI4,12,Lazio,Lazio,5879082,5552786,94.45,0.1
3397,2021-02-07,LAZ,4979,2052,2927,413,4565,1,0,ITI,ITI4,12,Lazio,Lazio,5879082,5557765,94.53,0.08
3398,2021-05-18,LAZ,45151,20660,24491,34884,9644,623,0,ITI,ITI4,12,Lazio,Lazio,5879082,5602916,95.3,0.77
3399,2021-06-13,LAZ,58483,26242,32241,33063,24890,530,0,ITI,ITI4,12,Lazio,Lazio,5879082,5661399,96.3,0.99
3400,2021-03-07,LAZ,14190,5490,8700,10334,3633,223,0,ITI,ITI4,12,Lazio,Lazio,5879082,5675589,96.54,0.24
3401,2021-06-15,LAZ,66276,32041,34235,33369,32318,589,0,ITI,ITI4,12,Lazio,Lazio,5879082,5741865,97.67,1.13
3402,2021-03-24,LAZ,28020,13164,14856,21315,6280,425,0,ITI,ITI4,12,Lazio,Lazio,5879082,5769885,98.14,0.48
3403,2021-09-06,LAZ,14437,7371,7066,7891,5936,610,0,ITI,ITI4,12,Lazio,Lazio,5879082,5784322,98.39,0.25
3404,2021-08-20,LAZ,8447,4757,3690,2117,6229,101,0,ITI,ITI4,12,Lazio,Lazio,5879082,5792769,98.53,0.14
3405,2021-05-29,LAZ,52127,23454,28673,40159,11065,903,0,ITI,ITI4,12,Lazio,Lazio,5879082,5844896,99.42,0.89
3406,2021-08-04,LAZ,48312,24373,23939,20773,26817,722,0,ITI,ITI4,12,Lazio,Lazio,5879082,5893208,100.24,0.82
3407,2021-01-26,LAZ,7995,3138,4857,746,7249,0,0,ITI,ITI4,12,Lazio,Lazio,5879082,5901203,100.38,0.14
3408,2021-04-02,LAZ,29592,14199,15393,21733,7412,447,0,ITI,ITI4,12,Lazio,Lazio,5879082,5930795,100.88,0.5
3409,2021-07-11,LAZ,44188,22286,21902,3743,40277,168,0,ITI,ITI4,12,Lazio,Lazio,5879082,5974983,101.63,0.75
3410,2021-01-28,LAZ,8349,3193,5156,842,7506,1,0,ITI,ITI4,12,Lazio,Lazio,5879082,5983332,101.77,0.14
3411,2021-07-04,LAZ,46641,21718,24923,4113,42434,94,0,ITI,ITI4,12,Lazio,Lazio,5879082,6029973,102.57,0.79
3412,2021-05-08,LAZ,45544,20798,24746,29323,15484,737,0,ITI,ITI4,12,Lazio,Lazio,5879082,6075517,103.34,0.77
3413,2021-02-23,LAZ,11135,4802,6333,10214,787,134,0,ITI,ITI4,12,Lazio,Lazio,5879082,6086652,103.53,0.19
3414,2021-01-21,LAZ,5761,2428,3333,647,5114,0,0,ITI,ITI4,12,Lazio,Lazio,5879082,6092413,103.63,0.1
3415,2021-04-19,LAZ,30194,13731,16463,18948,10759,487,0,ITI,ITI4,12,Lazio,Lazio,5879082,6122607,104.14,0.51
3416,2021-02-21,LAZ,7001,3184,3817,6482,468,51,0,ITI,ITI4,12,Lazio,Lazio,5879082,6129608,104.26,0.12
3417,2021-09-20,LAZ,18837,9943,8894,6802,10870,539,626,ITI,ITI4,12,Lazio,Lazio,5879082,6148445,104.58,0.32
3418,2021-06-29,LAZ,59568,28311,31257,27729,31221,618,0,ITI,ITI4,12,Lazio,Lazio,5879082,6208013,105.59,1.01
3419,2021-01-14,LAZ,5691,2247,3444,5514,0,177,0,ITI,ITI4,12,Lazio,Lazio,5879082,6213704,105.69,0.1
3420,2021-04-07,LAZ,26074,12209,13865,18330,7339,405,0,ITI,ITI4,12,Lazio,Lazio,5879082,6239778,106.14,0.44
3421,2021-08-01,LAZ,40075,21368,18707,5812,33943,320,0,ITI,ITI4,12,Lazio,Lazio,5879082,6279853,106.82,0.68
3422,2021-05-10,LAZ,44544,20375,24169,30368,13460,716,0,ITI,ITI4,12,Lazio,Lazio,5879082,6324397,107.57,0.76
3423,2021-08-18,LAZ,9543,5517,4026,3278,6145,120,0,ITI,ITI4,12,Lazio,Lazio,5879082,6333940,107.74,0.16
3424,2021-08-11,LAZ,49072,25755,23317,20488,27687,897,0,ITI,ITI4,12,Lazio,Lazio,5879082,6383012,108.57,0.83
3425,2021-05-03,LAZ,39682,17916,21766,26191,12807,684,0,ITI,ITI4,12,Lazio,Lazio,5879082,6422694,109.25,0.67
3426,2021-07-25,LAZ,24685,12155,12530,2090,22545,50,0,ITI,ITI4,12,Lazio,Lazio,5879082,6447379,109.67,0.42
3427,2021-02-19,LAZ,10144,5129,5015,9085,903,156,0,ITI,ITI4,12,Lazio,Lazio,5879082,6457523,109.84,0.17
3428,2021-06-17,LAZ,67116,32303,34813,31801,34569,746,0,ITI,ITI4,12,Lazio,Lazio,5879082,6524639,110.98,1.14
3429,2021-04-21,LAZ,33193,15086,18107,20240,12510,443,0,ITI,ITI4,12,Lazio,Lazio,5879082,6557832,111.55,0.56
3430,2021-09-08,LAZ,12269,6313,5956,6794,4888,586,1,ITI,ITI4,12,Lazio,Lazio,5879082,6570101,111.75,0.21
3431,2021-07-13,LAZ,42794,20986,21808,5491,36942,361,0,ITI,ITI4,12,Lazio,Lazio,5879082,6612895,112.48,0.73
3432,2021-03-26,LAZ,30427,14106,16321,23007,6931,489,0,ITI,ITI4,12,Lazio,Lazio,5879082,6643322,113.0,0.52
3433,2021-03-31,LAZ,27939,13520,14419,20388,7167,384,0,ITI,ITI4,12,Lazio,Lazio,5879082,6671261,113.47,0.48
3434,2021-01-07,LAZ,7970,2991,4979,7813,0,157,0,ITI,ITI4,12,Lazio,Lazio,5879082,6679231,113.61,0.14
3435,2020-12-28,LAZ,961,414,547,956,0,5,0,ITI,ITI4,12,Lazio,Lazio,5879082,6680192,113.63,0.02
3436,2021-01-16,LAZ,5821,2360,3461,5673,0,148,0,ITI,ITI4,12,Lazio,Lazio,5879082,6686013,113.73,0.1
3437,2021-04-26,LAZ,29377,13520,15857,19549,9316,512,0,ITI,ITI4,12,Lazio,Lazio,5879082,6715390,114.23,0.5
3438,2021-02-02,LAZ,5924,2220,3704,642,5279,3,0,ITI,ITI4,12,Lazio,Lazio,5879082,6721314,114.33,0.1
3439,2021-07-18,LAZ,58429,29748,28681,22756,34849,824,0,ITI,ITI4,12,Lazio,Lazio,5879082,6779743,115.32,0.99
3440,2021-05-27,LAZ,58601,27271,31330,43941,13841,819,0,ITI,ITI4,12,Lazio,Lazio,5879082,6838344,116.32,1.0
3441,2021-03-05,LAZ,19660,8712,10948,14624,4775,261,0,ITI,ITI4,12,Lazio,Lazio,5879082,6858004,116.65,0.33
3442,2021-02-16,LAZ,8446,4111,4335,7712,634,100,0,ITI,ITI4,12,Lazio,Lazio,5879082,6866450,116.79,0.14
3443,2021-02-14,LAZ,5809,2383,3426,5298,479,32,0,ITI,ITI4,12,Lazio,Lazio,5879082,6872259,116.89,0.1
3444,2021-02-28,LAZ,10304,4045,6259,9656,546,102,0,ITI,ITI4,12,Lazio,Lazio,5879082,6882563,117.07,0.18
3445,2021-01-02,LAZ,6854,2687,4167,6774,0,80,0,ITI,ITI4,12,Lazio,Lazio,5879082,6889417,117.19,0.12
3446,2021-06-22,LAZ,62892,29100,33792,28585,33571,736,0,ITI,ITI4,12,Lazio,Lazio,5879082,6952309,118.26,1.07
3447,2021-03-14,LAZ,17317,6784,10533,11855,5184,278,0,ITI,ITI4,12,Lazio,Lazio,5879082,6969626,118.55,0.29
3448,2021-09-13,LAZ,18650,9514,9136,5424,12512,714,0,ITI,ITI4,12,Lazio,Lazio,5879082,6988276,118.87,0.32
3449,2021-07-30,LAZ,56114,29095,27019,7445,48301,368,0,ITI,ITI4,12,Lazio,Lazio,5879082,7044390,119.82,0.95
3450,2021-06-03,LAZ,56958,28777,28181,38289,17911,758,0,ITI,ITI4,12,Lazio,Lazio,5879082,7101348,120.79,0.97
3451,2021-08-06,LAZ,33757,17774,15983,22461,10221,1075,0,ITI,ITI4,12,Lazio,Lazio,5879082,7135105,121.36,0.57
3452,2021-06-10,LAZ,72332,34191,38141,37290,34153,889,0,ITI,ITI4,12,Lazio,Lazio,5879082,7207437,122.59,1.23
3453,2021-07-06,LAZ,62670,30416,32254,28557,33600,513,0,ITI,ITI4,12,Lazio,Lazio,5879082,7270107,123.66,1.07
3454,2021-04-14,LAZ,29412,13331,16081,18830,10225,357,0,ITI,ITI4,12,Lazio,Lazio,5879082,7299519,124.16,0.5
3455,2021-09-18,LAZ,19140,9816,9324,8211,9928,741,260,ITI,ITI4,12,Lazio,Lazio,5879082,7318659,124.49,0.33
3456,2021-07-23,LAZ,58545,29368,29177,26777,29966,1802,0,ITI,ITI4,12,Lazio,Lazio,5879082,7377204,125.48,1.0
3457,2021-05-24,LAZ,44082,20230,23852,33540,9873,669,0,ITI,ITI4,12,Lazio,Lazio,5879082,7421286,126.23,0.75
3458,2021-01-03,LAZ,5362,2019,3343,5303,0,59,0,ITI,ITI4,12,Lazio,Lazio,5879082,7426648,126.32,0.09
3459,2021-04-13,LAZ,25853,11986,13867,17633,7757,463,0,ITI,ITI4,12,Lazio,Lazio,5879082,7452501,126.76,0.44
3460,2021-07-31,LAZ,56308,29606,26702,5516,50483,309,0,ITI,ITI4,12,Lazio,Lazio,5879082,7508809,127.72,0.96
3461,2021-01-08,LAZ,7997,3002,4995,7799,0,198,0,ITI,ITI4,12,Lazio,Lazio,5879082,7516806,127.86,0.14
3462,2021-07-29,LAZ,56127,28599,27528,7659,48076,392,0,ITI,ITI4,12,Lazio,Lazio,5879082,7572933,128.81,0.95
3463,2021-01-01,LAZ,3612,1402,2210,3572,0,40,0,ITI,ITI4,12,Lazio,Lazio,5879082,7576545,128.87,0.06
3464,2021-01-10,LAZ,4150,1745,2405,4083,0,67,0,ITI,ITI4,12,Lazio,Lazio,5879082,7580695,128.94,0.07
3465,2021-06-16,LAZ,64802,31127,33675,32077,32069,656,0,ITI,ITI4,12,Lazio,Lazio,5879082,7645497,130.05,1.1
3466,2021-04-20,LAZ,31210,14321,16889,19375,11390,445,0,ITI,ITI4,12,Lazio,Lazio,5879082,7676707,130.58,0.53
3467,2021-03-08,LAZ,20987,9121,11866,15362,5317,308,0,ITI,ITI4,12,Lazio,Lazio,5879082,7697694,130.93,0.36
3468,2021-04-22,LAZ,39282,19545,19737,23813,14771,698,0,ITI,ITI4,12,Lazio,Lazio,5879082,7736976,131.6,0.67
3469,2021-03-10,LAZ,23421,10705,12716,17353,5694,374,0,ITI,ITI4,12,Lazio,Lazio,5879082,7760397,132.0,0.4
3470,2021-01-12,LAZ,5597,2080,3517,5452,0,145,0,ITI,ITI4,12,Lazio,Lazio,5879082,7765994,132.1,0.1
3471,2021-06-18,LAZ,64499,31073,33426,30296,33431,772,0,ITI,ITI4,12,Lazio,Lazio,5879082,7830493,133.19,1.1
3472,2021-03-17,LAZ,13892,5955,7937,7460,6308,124,0,ITI,ITI4,12,Lazio,Lazio,5879082,7844385,133.43,0.24
3473,2021-06-25,LAZ,63501,30676,32825,28123,34761,617,0,ITI,ITI4,12,Lazio,Lazio,5879082,7907886,134.51,1.08
3474,2021-06-27,LAZ,47278,21624,25654,20565,26206,507,0,ITI,ITI4,12,Lazio,Lazio,5879082,7955164,135.31,0.8
3475,2021-08-23,LAZ,22842,12444,10398,16342,5487,1013,0,ITI,ITI4,12,Lazio,Lazio,5879082,7978006,135.7,0.39
3476,2021-02-04,LAZ,6479,2585,3894,1148,5330,1,0,ITI,ITI4,12,Lazio,Lazio,5879082,7984485,135.81,0.11
3477,2021-08-25,LAZ,31831,16722,15109,9868,21347,616,0,ITI,ITI4,12,Lazio,Lazio,5879082,8016316,136.35,0.54
3478,2021-05-22,LAZ,55249,27077,28172,43656,10724,869,0,ITI,ITI4,12,Lazio,Lazio,5879082,8071565,137.29,0.94
3479,2021-08-30,LAZ,30624,15483,15141,9946,19967,711,0,ITI,ITI4,12,Lazio,Lazio,5879082,8102189,137.81,0.52
3480,2021-05-15,LAZ,57534,27482,30052,40041,16605,888,0,ITI,ITI4,12,Lazio,Lazio,5879082,8159723,138.79,0.98
3481,2021-03-19,LAZ,17551,7617,9934,11000,6380,171,0,ITI,ITI4,12,Lazio,Lazio,5879082,8177274,139.09,0.3
3482,2021-09-01,LAZ,26529,13605,12924,8163,17835,531,0,ITI,ITI4,12,Lazio,Lazio,5879082,8203803,139.54,0.45
3483,2021-02-11,SAR,1322,490,832,1207,115,0,0,ITG,ITG2,20,Sardegna,Sardegna,1639591,1322,0.08,0.08
3484,2021-09-10,SAR,10291,5473,4818,2648,7473,170,0,ITG,ITG2,20,Sardegna,Sardegna,1639591,11613,0.71,0.63
3485,2021-09-01,SAR,8248,4308,3940,3117,5041,90,0,ITG,ITG2,20,Sardegna,Sardegna,1639591,19861,1.21,0.5
3486,2021-05-24,SAR,14491,7259,7232,8360,5999,132,0,ITG,ITG2,20,Sardegna,Sardegna,1639591,34352,2.1,0.88
3487,2021-02-13,SAR,1458,563,895,1452,2,4,0,ITG,ITG2,20,Sardegna,Sardegna,1639591,35810,2.18,0.09
3488,2021-09-22,SAR,10503,5716,4787,2413,7932,124,34,ITG,ITG2,20,Sardegna,Sardegna,1639591,46313,2.82,0.64
3489,2021-07-01,SAR,19834,9764,10070,7255,12484,95,0,ITG,ITG2,20,Sardegna,Sardegna,1639591,66147,4.03,1.21
3490,2021-03-23,SAR,6503,2906,3597,5229,1090,184,0,ITG,ITG2,20,Sardegna,Sardegna,1639591,72650,4.43,0.4
3491,2021-07-15,SAR,18777,9237,9540,4644,14031,102,0,ITG,ITG2,20,Sardegna,Sardegna,1639591,91427,5.58,1.15
3492,2021-06-19,SAR,15350,7517,7833,9117,6133,100,0,ITG,ITG2,20,Sardegna,Sardegna,1639591,106777,6.51,0.94
3493,2021-07-06,SAR,15933,7721,8212,4657,11175,101,0,ITG,ITG2,20,Sardegna,Sardegna,1639591,122710,7.48,0.97
3494,2021-03-28,SAR,4636,1828,2808,4482,79,75,0,ITG,ITG2,20,Sardegna,Sardegna,1639591,127346,7.77,0.28
3495,2021-01-16,SAR,1498,530,968,1498,0,0,0,ITG,ITG2,20,Sardegna,Sardegna,1639591,128844,7.86,0.09
3496,2021-08-15,SAR,19,10,9,9,10,0,0,ITG,ITG2,20,Sardegna,Sardegna,1639591,128863,7.86,0.0
3497,2021-03-09,SAR,5567,2757,2810,4760,732,75,0,ITG,ITG2,20,Sardegna,Sardegna,1639591,134430,8.2,0.34
3498,2021-08-13,SAR,9949,5418,4531,6314,3516,119,0,ITG,ITG2,20,Sardegna,Sardegna,1639591,144379,8.81,0.61
3499,2021-05-05,SAR,10287,4680,5607,8009,2064,214,0,ITG,ITG2,20,Sardegna,Sardegna,1639591,154666,9.43,0.63
3500,2021-04-09,SAR,12490,5530,6960,7935,4404,151,0,ITG,ITG2,20,Sardegna,Sardegna,1639591,167156,10.19,0.76
3501,2021-07-20,SAR,16152,7932,8220,3654,12407,91,0,ITG,ITG2,20,Sardegna,Sardegna,1639591,183308,11.18,0.99
3502,2021-04-11,SAR,5417,2451,2966,4264,1124,29,0,ITG,ITG2,20,Sardegna,Sardegna,1639591,188725,11.51,0.33
3503,2021-08-01,SAR,3055,1502,1553,1031,1988,36,0,ITG,ITG2,20,Sardegna,Sardegna,1639591,191780,11.7,0.19
3504,2021-04-23,SAR,13069,5792,7277,7361,5555,153,0,ITG,ITG2,20,Sardegna,Sardegna,1639591,204849,12.49,0.8
3505,2021-05-10,SAR,9950,4419,5531,7207,2560,183,0,ITG,ITG2,20,Sardegna,Sardegna,1639591,214799,13.1,0.61
3506,2021-01-30,SAR,3946,1425,2521,367,3579,0,0,ITG,ITG2,20,Sardegna,Sardegna,1639591,218745,13.34,0.24
3507,2021-08-27,SAR,8386,4496,3890,4909,3334,143,0,ITG,ITG2,20,Sardegna,Sardegna,1639591,227131,13.85,0.51
3508,2021-05-19,SAR,17084,8682,8402,12632,4281,171,0,ITG,ITG2,20,Sardegna,Sardegna,1639591,244215,14.89,1.04
3509,2021-06-05,SAR,17889,8441,9448,11285,6469,135,0,ITG,ITG2,20,Sardegna,Sardegna,1639591,262104,15.99,1.09
3510,2021-02-25,SAR,2943,1276,1667,2298,608,37,0,ITG,ITG2,20,Sardegna,Sardegna,1639591,265047,16.17,0.18
3511,2021-03-14,SAR,613,379,234,602,1,10,0,ITG,ITG2,20,Sardegna,Sardegna,1639591,265660,16.2,0.04
3512,2021-05-29,SAR,18031,8656,9375,13249,4611,171,0,ITG,ITG2,20,Sardegna,Sardegna,1639591,283691,17.3,1.1
3513,2021-02-18,SAR,1898,738,1160,1794,64,40,0,ITG,ITG2,20,Sardegna,Sardegna,1639591,285589,17.42,0.12
3514,2021-08-03,SAR,14576,7511,7065,7514,6864,198,0,ITG,ITG2,20,Sardegna,Sardegna,1639591,300165,18.31,0.89
3515,2021-08-20,SAR,10176,5353,4823,4794,5232,150,0,ITG,ITG2,20,Sardegna,Sardegna,1639591,310341,18.93,0.62
3516,2021-05-12,SAR,11228,5282,5946,7859,3155,214,0,ITG,ITG2,20,Sardegna,Sardegna,1639591,321569,19.61,0.68
3517,2021-09-03,SAR,8712,4696,4016,3080,5538,94,0,ITG,ITG2,20,Sardegna,Sardegna,1639591,330281,20.14,0.53
3518,2021-01-04,SAR,609,230,379,609,0,0,0,ITG,ITG2,20,Sardegna,Sardegna,1639591,330890,20.18,0.04
3519,2021-07-08,SAR,18446,8973,9473,3832,14529,85,0,ITG,ITG2,20,Sardegna,Sardegna,1639591,349336,21.31,1.13
3520,2021-07-25,SAR,4343,2142,2201,862,3466,15,0,ITG,ITG2,20,Sardegna,Sardegna,1639591,353679,21.57,0.26
3521,2021-04-16,SAR,14612,6532,8080,9004,5426,182,0,ITG,ITG2,20,Sardegna,Sardegna,1639591,368291,22.46,0.89
3522,2021-01-23,SAR,61,23,38,0,61,0,0,ITG,ITG2,20,Sardegna,Sardegna,1639591,368352,22.47,0.0
3523,2021-08-08,SAR,1884,979,905,1020,841,23,0,ITG,ITG2,20,Sardegna,Sardegna,1639591,370236,22.58,0.11
3524,2021-06-26,SAR,19164,9012,10152,5449,13637,78,0,ITG,ITG2,20,Sardegna,Sardegna,1639591,389400,23.75,1.17
3525,2021-08-22,SAR,1162,650,512,403,756,3,0,ITG,ITG2,20,Sardegna,Sardegna,1639591,390562,23.82,0.07
3526,2021-03-02,SAR,3063,1636,1427,1823,1162,78,0,ITG,ITG2,20,Sardegna,Sardegna,1639591,393625,24.01,0.19
3527,2021-04-28,SAR,9132,4313,4819,5212,3766,154,0,ITG,ITG2,20,Sardegna,Sardegna,1639591,402757,24.56,0.56
3528,2021-01-18,SAR,912,329,583,783,129,0,0,ITG,ITG2,20,Sardegna,Sardegna,1639591,403669,24.62,0.06
3529,2021-06-24,SAR,19205,9214,9991,8111,10988,106,0,ITG,ITG2,20,Sardegna,Sardegna,1639591,422874,25.79,1.17
3530,2021-03-16,SAR,4450,1968,2482,3473,930,47,0,ITG,ITG2,20,Sardegna,Sardegna,1639591,427324,26.06,0.27
3531,2021-09-20,SAR,9831,5376,4455,2735,6963,132,1,ITG,ITG2,20,Sardegna,Sardegna,1639591,437155,26.66,0.6
3532,2021-06-12,SAR,14758,7196,7562,9935,4705,118,0,ITG,ITG2,20,Sardegna,Sardegna,1639591,451913,27.56,0.9
3533,2021-04-30,SAR,11319,5346,5973,6823,4303,193,0,ITG,ITG2,20,Sardegna,Sardegna,1639591,463232,28.25,0.69
3534,2021-05-17,SAR,12844,6268,6576,9136,3555,153,0,ITG,ITG2,20,Sardegna,Sardegna,1639591,476076,29.04,0.78
3535,2021-09-15,SAR,10221,5545,4676,2044,8066,111,0,ITG,ITG2,20,Sardegna,Sardegna,1639591,486297,29.66,0.62
3536,2021-06-07,SAR,12569,6145,6424,9437,3009,123,0,ITG,ITG2,20,Sardegna,Sardegna,1639591,498866,30.43,0.77
3537,2021-02-04,SAR,2303,826,1477,915,1385,3,0,ITG,ITG2,20,Sardegna,Sardegna,1639591,501169,30.57,0.14
3538,2021-04-02,SAR,9330,3624,5706,5923,3253,154,0,ITG,ITG2,20,Sardegna,Sardegna,1639591,510499,31.14,0.57
3539,2021-09-08,SAR,12252,6564,5688,3187,8923,142,0,ITG,ITG2,20,Sardegna,Sardegna,1639591,522751,31.88,0.75
3540,2021-05-31,SAR,11372,5409,5963,8162,3112,98,0,ITG,ITG2,20,Sardegna,Sardegna,1639591,534123,32.58,0.69
3541,2021-07-27,SAR,16535,8385,8150,4216,12208,111,0,ITG,ITG2,20,Sardegna,Sardegna,1639591,550658,33.59,1.01
3542,2021-04-18,SAR,5156,2237,2919,2239,2887,30,0,ITG,ITG2,20,Sardegna,Sardegna,1639591,555814,33.9,0.31
3543,2021-01-08,SAR,3356,1240,2116,3354,0,2,0,ITG,ITG2,20,Sardegna,Sardegna,1639591,559170,34.1,0.2
3544,2021-06-02,SAR,9786,4692,5094,8060,1640,86,0,ITG,ITG2,20,Sardegna,Sardegna,1639591,568956,34.7,0.6
3545,2020-12-28,SAR,69,27,42,69,0,0,0,ITG,ITG2,20,Sardegna,Sardegna,1639591,569025,34.71,0.0
3546,2021-06-14,SAR,13752,6645,7107,9790,3819,143,0,ITG,ITG2,20,Sardegna,Sardegna,1639591,582777,35.54,0.84
3547,2021-03-06,SAR,2950,1219,1731,1081,1795,74,0,ITG,ITG2,20,Sardegna,Sardegna,1639591,585727,35.72,0.18
3548,2021-06-28,SAR,14994,7041,7953,3048,11879,67,0,ITG,ITG2,20,Sardegna,Sardegna,1639591,600721,36.64,0.91
3549,2021-04-06,SAR,7583,3160,4423,5063,2440,80,0,ITG,ITG2,20,Sardegna,Sardegna,1639591,608304,37.1,0.46
3550,2020-12-27,SAR,68,37,31,68,0,0,0,ITG,ITG2,20,Sardegna,Sardegna,1639591,608372,37.11,0.0
3551,2021-02-22,SAR,1652,955,697,1392,234,26,0,ITG,ITG2,20,Sardegna,Sardegna,1639591,610024,37.21,0.1
3552,2021-03-11,SAR,6466,3112,3354,5172,1209,85,0,ITG,ITG2,20,Sardegna,Sardegna,1639591,616490,37.6,0.39
3553,2021-05-07,SAR,14635,6666,7969,9786,4559,290,0,ITG,ITG2,20,Sardegna,Sardegna,1639591,631125,38.49,0.89
3554,2021-03-04,SAR,4394,2314,2080,3068,1260,66,0,ITG,ITG2,20,Sardegna,Sardegna,1639591,635519,38.76,0.27
3555,2021-03-21,SAR,4054,1815,2239,2586,1441,27,0,ITG,ITG2,20,Sardegna,Sardegna,1639591,639573,39.01,0.25
3556,2021-09-19,SAR,1895,1051,844,985,875,35,0,ITG,ITG2,20,Sardegna,Sardegna,1639591,641468,39.12,0.12
3557,2021-02-06,SAR,1983,706,1277,566,1414,3,0,ITG,ITG2,20,Sardegna,Sardegna,1639591,643451,39.24,0.12
3558,2021-02-23,SAR,1579,1052,527,1280,282,17,0,ITG,ITG2,20,Sardegna,Sardegna,1639591,645030,39.34,0.1
3559,2021-07-24,SAR,12384,6384,6000,1991,10363,30,0,ITG,ITG2,20,Sardegna,Sardegna,1639591,657414,40.1,0.76
3560,2021-08-10,SAR,14247,7512,6735,6256,7829,162,0,ITG,ITG2,20,Sardegna,Sardegna,1639591,671661,40.97,0.87
3561,2021-05-02,SAR,6077,2727,3350,5296,678,103,0,ITG,ITG2,20,Sardegna,Sardegna,1639591,677738,41.34,0.37
3562,2021-02-08,SAR,1477,536,941,859,617,1,0,ITG,ITG2,20,Sardegna,Sardegna,1639591,679215,41.43,0.09
3563,2021-07-29,SAR,17896,9042,8854,6524,11205,167,0,ITG,ITG2,20,Sardegna,Sardegna,1639591,697111,42.52,1.09
3564,2021-04-20,SAR,11200,5069,6131,7797,3298,105,0,ITG,ITG2,20,Sardegna,Sardegna,1639591,708311,43.2,0.68
3565,2021-04-25,SAR,4543,2286,2257,3707,786,50,0,ITG,ITG2,20,Sardegna,Sardegna,1639591,712854,43.48,0.28
3566,2021-01-15,SAR,1576,575,1001,1574,0,2,0,ITG,ITG2,20,Sardegna,Sardegna,1639591,714430,43.57,0.1
3567,2021-08-17,SAR,10611,5536,5075,6094,4389,128,0,ITG,ITG2,20,Sardegna,Sardegna,1639591,725041,44.22,0.65
3568,2021-02-01,SAR,1555,620,935,226,1329,0,0,ITG,ITG2,20,Sardegna,Sardegna,1639591,726596,44.32,0.09
3569,2021-05-09,SAR,6181,2889,3292,5161,926,94,0,ITG,ITG2,20,Sardegna,Sardegna,1639591,732777,44.69,0.38
3570,2021-05-26,SAR,15551,8197,7354,9708,5661,182,0,ITG,ITG2,20,Sardegna,Sardegna,1639591,748328,45.64,0.95
3571,2021-09-12,SAR,3234,1794,1440,622,2586,26,0,ITG,ITG2,20,Sardegna,Sardegna,1639591,751562,45.84,0.2
3572,2021-06-04,SAR,14522,6949,7573,9787,4575,160,0,ITG,ITG2,20,Sardegna,Sardegna,1639591,766084,46.72,0.89
3573,2021-06-21,SAR,14039,6740,7299,5125,8838,76,0,ITG,ITG2,20,Sardegna,Sardegna,1639591,780123,47.58,0.86
3574,2021-03-13,SAR,2777,1086,1691,2452,281,44,0,ITG,ITG2,20,Sardegna,Sardegna,1639591,782900,47.75,0.17
3575,2021-03-30,SAR,8929,3624,5305,6483,2287,159,0,ITG,ITG2,20,Sardegna,Sardegna,1639591,791829,48.29,0.54
3576,2021-01-13,SAR,579,182,397,579,0,0,0,ITG,ITG2,20,Sardegna,Sardegna,1639591,792408,48.33,0.04
3577,2021-07-17,SAR,12871,6302,6569,3178,9626,67,0,ITG,ITG2,20,Sardegna,Sardegna,1639591,805279,49.11,0.79
3578,2021-07-31,SAR,10324,5458,4866,5277,4966,81,0,ITG,ITG2,20,Sardegna,Sardegna,1639591,815603,49.74,0.63
3579,2021-04-21,SAR,12184,5582,6602,6478,5600,106,0,ITG,ITG2,20,Sardegna,Sardegna,1639591,827787,50.49,0.74
3580,2021-01-11,SAR,1219,522,697,1218,0,1,0,ITG,ITG2,20,Sardegna,Sardegna,1639591,829006,50.56,0.07
3581,2021-06-17,SAR,18473,8534,9939,9917,8434,122,0,ITG,ITG2,20,Sardegna,Sardegna,1639591,847479,51.69,1.13
3582,2021-01-25,SAR,612,228,384,23,589,0,0,ITG,ITG2,20,Sardegna,Sardegna,1639591,848091,51.73,0.04
3583,2021-01-27,SAR,1436,506,930,78,1358,0,0,ITG,ITG2,20,Sardegna,Sardegna,1639591,849527,51.81,0.09
3584,2021-07-03,SAR,15846,7564,8282,3233,12579,34,0,ITG,ITG2,20,Sardegna,Sardegna,1639591,865373,52.78,0.97
3585,2021-03-25,SAR,9283,4022,5261,7821,1309,153,0,ITG,ITG2,20,Sardegna,Sardegna,1639591,874656,53.35,0.57
3586,2021-08-29,SAR,467,250,217,355,98,14,0,ITG,ITG2,20,Sardegna,Sardegna,1639591,875123,53.37,0.03
3587,2021-05-21,SAR,22805,11237,11568,16392,6133,280,0,ITG,ITG2,20,Sardegna,Sardegna,1639591,897928,54.77,1.39
3588,2021-08-12,SAR,12481,6615,5866,6627,5686,168,0,ITG,ITG2,20,Sardegna,Sardegna,1639591,910409,55.53,0.76
3589,2021-02-15,SAR,962,349,613,923,31,8,0,ITG,ITG2,20,Sardegna,Sardegna,1639591,911371,55.59,0.06
3590,2021-08-05,SAR,15650,8229,7421,8684,6800,166,0,ITG,ITG2,20,Sardegna,Sardegna,1639591,927021,56.54,0.95
3591,2021-02-20,SAR,2044,856,1188,1683,337,24,0,ITG,ITG2,20,Sardegna,Sardegna,1639591,929065,56.66,0.12
3592,2021-08-07,SAR,8213,4308,3905,5438,2707,68,0,ITG,ITG2,20,Sardegna,Sardegna,1639591,937278,57.17,0.5
3593,2021-01-06,SAR,1639,556,1083,1639,0,0,0,ITG,ITG2,20,Sardegna,Sardegna,1639591,938917,57.27,0.1
3594,2021-06-23,SAR,20549,9669,10880,6192,14264,93,0,ITG,ITG2,20,Sardegna,Sardegna,1639591,959466,58.52,1.25
3595,2021-08-24,SAR,10106,5403,4703,4812,5139,155,0,ITG,ITG2,20,Sardegna,Sardegna,1639591,969572,59.13,0.62
3596,2021-05-16,SAR,8252,3839,4413,6001,2162,89,0,ITG,ITG2,20,Sardegna,Sardegna,1639591,977824,59.64,0.5
3597,2021-07-12,SAR,15335,7414,7921,2400,12877,58,0,ITG,ITG2,20,Sardegna,Sardegna,1639591,993159,60.57,0.94
3598,2021-09-07,SAR,9563,5084,4479,2541,6903,119,0,ITG,ITG2,20,Sardegna,Sardegna,1639591,1002722,61.16,0.58
3599,2021-08-19,SAR,10762,5691,5071,5731,4898,133,0,ITG,ITG2,20,Sardegna,Sardegna,1639591,1013484,61.81,0.66
3600,2021-09-05,SAR,664,370,294,133,525,6,0,ITG,ITG2,20,Sardegna,Sardegna,1639591,1014148,61.85,0.04
3601,2021-05-28,SAR,18013,8715,9298,13529,4297,187,0,ITG,ITG2,20,Sardegna,Sardegna,1639591,1032161,62.95,1.1
3602,2021-02-17,SAR,1419,582,837,1281,74,64,0,ITG,ITG2,20,Sardegna,Sardegna,1639591,1033580,63.04,0.09
3603,2021-05-25,SAR,15160,7704,7456,8495,6489,176,0,ITG,ITG2,20,Sardegna,Sardegna,1639591,1048740,63.96,0.92
3604,2021-03-20,SAR,5223,2080,3143,2909,2286,28,0,ITG,ITG2,20,Sardegna,Sardegna,1639591,1053963,64.28,0.32
3605,2021-09-04,SAR,5114,2804,2310,1553,3513,48,0,ITG,ITG2,20,Sardegna,Sardegna,1639591,1059077,64.59,0.31
3606,2021-09-21,SAR,9478,5221,4257,2424,6913,112,29,ITG,ITG2,20,Sardegna,Sardegna,1639591,1068555,65.17,0.58
3607,2021-06-13,SAR,9503,4678,4825,6162,3261,80,0,ITG,ITG2,20,Sardegna,Sardegna,1639591,1078058,65.75,0.58
3608,2021-04-29,SAR,11285,5137,6148,6687,4433,165,0,ITG,ITG2,20,Sardegna,Sardegna,1639591,1089343,66.44,0.69
3609,2021-06-25,SAR,16520,7816,8704,3895,12567,58,0,ITG,ITG2,20,Sardegna,Sardegna,1639591,1105863,67.45,1.01
3610,2021-01-10,SAR,2221,763,1458,2220,0,1,0,ITG,ITG2,20,Sardegna,Sardegna,1639591,1108084,67.58,0.14
3611,2021-03-18,SAR,7319,3096,4223,5601,1641,77,0,ITG,ITG2,20,Sardegna,Sardegna,1639591,1115403,68.03,0.45
3612,2021-05-14,SAR,14679,6895,7784,10816,3653,210,0,ITG,ITG2,20,Sardegna,Sardegna,1639591,1130082,68.92,0.9
3613,2021-02-03,SAR,1123,420,703,427,695,1,0,ITG,ITG2,20,Sardegna,Sardegna,1639591,1131205,68.99,0.07
3614,2021-07-10,SAR,14242,6888,7354,2704,11503,35,0,ITG,ITG2,20,Sardegna,Sardegna,1639591,1145447,69.86,0.87
3615,2021-04-01,SAR,10301,4109,6192,7120,3026,155,0,ITG,ITG2,20,Sardegna,Sardegna,1639591,1155748,70.49,0.63
3616,2021-09-02,SAR,10328,5547,4781,3972,6244,112,0,ITG,ITG2,20,Sardegna,Sardegna,1639591,1166076,71.12,0.63
3617,2021-07-21,SAR,19392,9500,9892,3907,15401,84,0,ITG,ITG2,20,Sardegna,Sardegna,1639591,1185468,72.3,1.18
3618,2021-09-16,SAR,10575,5631,4944,1990,8480,105,0,ITG,ITG2,20,Sardegna,Sardegna,1639591,1196043,72.95,0.64
3619,2021-08-09,SAR,13418,6974,6444,6478,6794,146,0,ITG,ITG2,20,Sardegna,Sardegna,1639591,1209461,73.77,0.82
3620,2021-08-26,SAR,9428,4997,4431,5352,3949,127,0,ITG,ITG2,20,Sardegna,Sardegna,1639591,1218889,74.34,0.58
3621,2021-05-18,SAR,14796,7392,7404,9417,5227,152,0,ITG,ITG2,20,Sardegna,Sardegna,1639591,1233685,75.24,0.9
3622,2021-01-20,SAR,215,78,137,213,2,0,0,ITG,ITG2,20,Sardegna,Sardegna,1639591,1233900,75.26,0.01
3623,2021-03-29,SAR,4863,1887,2976,4169,595,99,0,ITG,ITG2,20,Sardegna,Sardegna,1639591,1238763,75.55,0.3
3624,2021-04-15,SAR,11963,5578,6385,6817,5022,124,0,ITG,ITG2,20,Sardegna,Sardegna,1639591,1250726,76.28,0.73
3625,2021-01-05,SAR,1358,458,900,1358,0,0,0,ITG,ITG2,20,Sardegna,Sardegna,1639591,1252084,76.37,0.08
3626,2021-01-22,SAR,84,47,37,56,28,0,0,ITG,ITG2,20,Sardegna,Sardegna,1639591,1252168,76.37,0.01
3627,2021-07-05,SAR,15584,7571,8013,3327,12208,49,0,ITG,ITG2,20,Sardegna,Sardegna,1639591,1267752,77.32,0.95
3628,2021-08-31,SAR,9302,4961,4341,4750,4392,160,0,ITG,ITG2,20,Sardegna,Sardegna,1639591,1277054,77.89,0.57
3629,2021-01-29,SAR,3046,1119,1927,45,2999,2,0,ITG,ITG2,20,Sardegna,Sardegna,1639591,1280100,78.07,0.19
3630,2021-08-02,SAR,13119,6603,6516,6210,6730,179,0,ITG,ITG2,20,Sardegna,Sardegna,1639591,1293219,78.87,0.8
3631,2021-01-28,SAR,3039,1084,1955,68,2971,0,0,ITG,ITG2,20,Sardegna,Sardegna,1639591,1296258,79.06,0.19
3632,2021-07-02,SAR,18946,8894,10052,4402,14444,100,0,ITG,ITG2,20,Sardegna,Sardegna,1639591,1315204,80.22,1.16
3633,2021-04-27,SAR,7760,3593,4167,5574,2072,114,0,ITG,ITG2,20,Sardegna,Sardegna,1639591,1322964,80.69,0.47
3634,2021-01-17,SAR,867,278,589,866,1,0,0,ITG,ITG2,20,Sardegna,Sardegna,1639591,1323831,80.74,0.05
3635,2021-03-15,SAR,2828,1328,1500,2409,377,42,0,ITG,ITG2,20,Sardegna,Sardegna,1639591,1326659,80.91,0.17
3636,2021-02-10,SAR,1977,775,1202,1445,526,6,0,ITG,ITG2,20,Sardegna,Sardegna,1639591,1328636,81.03,0.12
3637,2021-09-09,SAR,11711,6261,5450,2228,9344,139,0,ITG,ITG2,20,Sardegna,Sardegna,1639591,1340347,81.75,0.71
3638,2021-02-24,SAR,2452,1313,1139,2212,196,44,0,ITG,ITG2,20,Sardegna,Sardegna,1639591,1342799,81.9,0.15
3639,2021-08-28,SAR,4163,2396,1767,2853,1251,59,0,ITG,ITG2,20,Sardegna,Sardegna,1639591,1346962,82.15,0.25
3640,2021-09-14,SAR,10551,5675,4876,1936,8480,135,0,ITG,ITG2,20,Sardegna,Sardegna,1639591,1357513,82.8,0.64
3641,2021-06-06,SAR,10038,5002,5036,6314,3655,69,0,ITG,ITG2,20,Sardegna,Sardegna,1639591,1367551,83.41,0.61
3642,2021-06-11,SAR,14786,7026,7760,9091,5539,156,0,ITG,ITG2,20,Sardegna,Sardegna,1639591,1382337,84.31,0.9
3643,2021-03-03,SAR,4142,2294,1848,2748,1307,87,0,ITG,ITG2,20,Sardegna,Sardegna,1639591,1386479,84.56,0.25
3644,2021-06-30,SAR,17772,8514,9258,4804,12886,82,0,ITG,ITG2,20,Sardegna,Sardegna,1639591,1404251,85.65,1.08
3645,2021-03-22,SAR,3745,1518,2227,3132,526,87,0,ITG,ITG2,20,Sardegna,Sardegna,1639591,1407996,85.87,0.23
3646,2021-07-26,SAR,14609,7291,7318,4120,10411,78,0,ITG,ITG2,20,Sardegna,Sardegna,1639591,1422605,86.77,0.89
3647,2021-04-17,SAR,10189,4530,5659,5421,4677,91,0,ITG,ITG2,20,Sardegna,Sardegna,1639591,1432794,87.39,0.62
3648,2021-02-05,SAR,1924,757,1167,435,1487,2,0,ITG,ITG2,20,Sardegna,Sardegna,1639591,1434718,87.5,0.12
3649,2021-04-03,SAR,4731,1825,2906,2673,1987,71,0,ITG,ITG2,20,Sardegna,Sardegna,1639591,1439449,87.79,0.29
3650,2021-05-30,SAR,9746,4842,4904,7312,2366,68,0,ITG,ITG2,20,Sardegna,Sardegna,1639591,1449195,88.39,0.59
3651,2021-02-19,SAR,1521,477,1044,1416,56,49,0,ITG,ITG2,20,Sardegna,Sardegna,1639591,1450716,88.48,0.09
3652,2021-03-27,SAR,5837,2217,3620,5312,423,102,0,ITG,ITG2,20,Sardegna,Sardegna,1639591,1456553,88.84,0.36
3653,2021-05-23,SAR,10037,4817,5220,7685,2255,97,0,ITG,ITG2,20,Sardegna,Sardegna,1639591,1466590,89.45,0.61
3654,2021-02-12,SAR,2249,938,1311,2183,60,6,0,ITG,ITG2,20,Sardegna,Sardegna,1639591,1468839,89.59,0.14
3655,2021-07-19,SAR,15230,7630,7600,2796,12383,51,0,ITG,ITG2,20,Sardegna,Sardegna,1639591,1484069,90.51,0.93
3656,2021-05-27,SAR,17864,9269,8595,12109,5545,210,0,ITG,ITG2,20,Sardegna,Sardegna,1639591,1501933,91.6,1.09
3657,2021-02-16,SAR,704,291,413,667,27,10,0,ITG,ITG2,20,Sardegna,Sardegna,1639591,1502637,91.65,0.04
3658,2021-03-05,SAR,5237,2623,2614,2823,2372,42,0,ITG,ITG2,20,Sardegna,Sardegna,1639591,1507874,91.97,0.32
3659,2021-09-23,SAR,10200,5559,4641,2758,7269,127,46,ITG,ITG2,20,Sardegna,Sardegna,1639591,1518074,92.59,0.62
3660,2021-04-08,SAR,13610,5972,7638,8333,5156,121,0,ITG,ITG2,20,Sardegna,Sardegna,1639591,1531684,93.42,0.83
3661,2021-07-14,SAR,16913,8191,8722,3773,13029,111,0,ITG,ITG2,20,Sardegna,Sardegna,1639591,1548597,94.45,1.03
3662,2020-12-29,SAR,57,32,25,57,0,0,0,ITG,ITG2,20,Sardegna,Sardegna,1639591,1548654,94.45,0.0
3663,2021-04-22,SAR,10631,4686,5945,5542,4993,96,0,ITG,ITG2,20,Sardegna,Sardegna,1639591,1559285,95.1,0.65
3664,2021-01-12,SAR,891,417,474,891,0,0,0,ITG,ITG2,20,Sardegna,Sardegna,1639591,1560176,95.16,0.05
3665,2021-07-23,SAR,15761,7788,7973,3405,12278,78,0,ITG,ITG2,20,Sardegna,Sardegna,1639591,1575937,96.12,0.96
3666,2021-01-03,SAR,90,36,54,90,0,0,0,ITG,ITG2,20,Sardegna,Sardegna,1639591,1576027,96.12,0.01
3667,2021-07-07,SAR,15910,7730,8180,4084,11773,53,0,ITG,ITG2,20,Sardegna,Sardegna,1639591,1591937,97.09,0.97
3668,2021-07-04,SAR,8207,3988,4219,2066,6126,15,0,ITG,ITG2,20,Sardegna,Sardegna,1639591,1600144,97.59,0.5
3669,2021-03-26,SAR,8641,3552,5089,6965,1533,143,0,ITG,ITG2,20,Sardegna,Sardegna,1639591,1608785,98.12,0.53
3670,2021-08-30,SAR,8752,4669,4083,4835,3759,158,0,ITG,ITG2,20,Sardegna,Sardegna,1639591,1617537,98.65,0.53
3671,2021-05-22,SAR,25074,12017,13057,19581,5188,305,0,ITG,ITG2,20,Sardegna,Sardegna,1639591,1642611,100.18,1.53
3672,2021-01-19,SAR,752,271,481,696,55,1,0,ITG,ITG2,20,Sardegna,Sardegna,1639591,1643363,100.23,0.05
3673,2021-03-17,SAR,6631,2872,3759,4958,1633,40,0,ITG,ITG2,20,Sardegna,Sardegna,1639591,1649994,100.63,0.4
3674,2021-03-19,SAR,7328,3065,4263,5017,2244,67,0,ITG,ITG2,20,Sardegna,Sardegna,1639591,1657322,101.08,0.45
3675,2021-04-12,SAR,7064,3206,3858,5258,1728,78,0,ITG,ITG2,20,Sardegna,Sardegna,1639591,1664386,101.51,0.43
3676,2021-01-02,SAR,61,22,39,61,0,0,0,ITG,ITG2,20,Sardegna,Sardegna,1639591,1664447,101.52,0.0
3677,2021-06-08,SAR,14838,7072,7766,11168,3512,158,0,ITG,ITG2,20,Sardegna,Sardegna,1639591,1679285,102.42,0.9
3678,2021-02-28,SAR,369,170,199,140,227,2,0,ITG,ITG2,20,Sardegna,Sardegna,1639591,1679654,102.44,0.02
3679,2021-08-04,SAR,16213,8527,7686,9596,6352,265,0,ITG,ITG2,20,Sardegna,Sardegna,1639591,1695867,103.43,0.99
3680,2021-04-26,SAR,6954,3300,3654,5922,929,103,0,ITG,ITG2,20,Sardegna,Sardegna,1639591,1702821,103.86,0.42
3681,2021-09-13,SAR,10458,5638,4820,2473,7873,112,0,ITG,ITG2,20,Sardegna,Sardegna,1639591,1713279,104.49,0.64
3682,2021-06-22,SAR,19343,8993,10350,7166,12076,101,0,ITG,ITG2,20,Sardegna,Sardegna,1639591,1732622,105.67,1.18
3683,2021-07-09,SAR,15884,7600,8284,3432,12369,83,0,ITG,ITG2,20,Sardegna,Sardegna,1639591,1748506,106.64,0.97
3684,2021-03-31,SAR,10637,4235,6402,8065,2438,134,0,ITG,ITG2,20,Sardegna,Sardegna,1639591,1759143,107.29,0.65
3685,2021-04-14,SAR,8370,3929,4441,7030,1276,64,0,ITG,ITG2,20,Sardegna,Sardegna,1639591,1767513,107.8,0.51
3686,2021-05-01,SAR,10013,4799,5214,5422,4488,103,0,ITG,ITG2,20,Sardegna,Sardegna,1639591,1777526,108.41,0.61
3687,2021-01-21,SAR,140,69,71,98,42,0,0,ITG,ITG2,20,Sardegna,Sardegna,1639591,1777666,108.42,0.01
3688,2021-02-07,SAR,1128,397,731,228,899,1,0,ITG,ITG2,20,Sardegna,Sardegna,1639591,1778794,108.49,0.07
3689,2021-08-11,SAR,11928,6362,5566,6147,5601,180,0,ITG,ITG2,20,Sardegna,Sardegna,1639591,1790722,109.22,0.73
3690,2021-05-03,SAR,8341,3856,4485,6600,1627,114,0,ITG,ITG2,20,Sardegna,Sardegna,1639591,1799063,109.73,0.51
3691,2021-05-11,SAR,9115,4248,4867,6454,2521,140,0,ITG,ITG2,20,Sardegna,Sardegna,1639591,1808178,110.28,0.56
3692,2021-01-31,SAR,2155,766,1389,45,2110,0,0,ITG,ITG2,20,Sardegna,Sardegna,1639591,1810333,110.41,0.13
3693,2021-02-14,SAR,542,263,279,540,2,0,0,ITG,ITG2,20,Sardegna,Sardegna,1639591,1810875,110.45,0.03
3694,2021-07-18,SAR,5693,2874,2819,982,4701,10,0,ITG,ITG2,20,Sardegna,Sardegna,1639591,1816568,110.79,0.35
3695,2021-08-18,SAR,10694,5534,5160,5708,4856,130,0,ITG,ITG2,20,Sardegna,Sardegna,1639591,1827262,111.45,0.65
3696,2021-04-10,SAR,10605,4787,5818,8533,1964,108,0,ITG,ITG2,20,Sardegna,Sardegna,1639591,1837867,112.09,0.65
3697,2021-01-07,SAR,3173,1111,2062,3169,0,4,0,ITG,ITG2,20,Sardegna,Sardegna,1639591,1841040,112.29,0.19
3698,2021-06-27,SAR,9020,4311,4709,2957,6035,28,0,ITG,ITG2,20,Sardegna,Sardegna,1639591,1850060,112.84,0.55
3699,2021-03-24,SAR,7506,3135,4371,5994,1360,152,0,ITG,ITG2,20,Sardegna,Sardegna,1639591,1857566,113.29,0.46
3700,2021-07-16,SAR,16937,8476,8461,4555,12247,135,0,ITG,ITG2,20,Sardegna,Sardegna,1639591,1874503,114.33,1.03
3701,2021-04-07,SAR,13738,6109,7629,7908,5743,87,0,ITG,ITG2,20,Sardegna,Sardegna,1639591,1888241,115.17,0.84
3702,2021-04-24,SAR,10574,4912,5662,7960,2472,142,0,ITG,ITG2,20,Sardegna,Sardegna,1639591,1898815,115.81,0.64
3703,2021-01-14,SAR,1130,434,696,1130,0,0,0,ITG,ITG2,20,Sardegna,Sardegna,1639591,1899945,115.88,0.07
3704,2021-08-25,SAR,10065,5292,4773,4241,5711,113,0,ITG,ITG2,20,Sardegna,Sardegna,1639591,1910010,116.49,0.61
3705,2021-09-11,SAR,6499,3466,3033,1210,5253,36,0,ITG,ITG2,20,Sardegna,Sardegna,1639591,1916509,116.89,0.4
3706,2021-05-20,SAR,16415,7895,8520,11291,4915,209,0,ITG,ITG2,20,Sardegna,Sardegna,1639591,1932924,117.89,1.0
3707,2021-02-09,SAR,2300,840,1460,1290,1005,5,0,ITG,ITG2,20,Sardegna,Sardegna,1639591,1935224,118.03,0.14
3708,2021-02-26,SAR,2838,1118,1720,2474,308,56,0,ITG,ITG2,20,Sardegna,Sardegna,1639591,1938062,118.2,0.17
3709,2021-06-01,SAR,14328,6659,7669,9637,4595,96,0,ITG,ITG2,20,Sardegna,Sardegna,1639591,1952390,119.08,0.87
3710,2021-02-21,SAR,1589,709,880,1558,30,1,0,ITG,ITG2,20,Sardegna,Sardegna,1639591,1953979,119.17,0.1
3711,2021-07-28,SAR,16793,8619,8174,6319,10326,148,0,ITG,ITG2,20,Sardegna,Sardegna,1639591,1970772,120.2,1.02
3712,2021-04-19,SAR,10261,4648,5613,8662,1451,148,0,ITG,ITG2,20,Sardegna,Sardegna,1639591,1981033,120.82,0.63
3713,2021-01-09,SAR,4089,1444,2645,4089,0,0,0,ITG,ITG2,20,Sardegna,Sardegna,1639591,1985122,121.07,0.25
3714,2021-06-15,SAR,14693,6812,7881,9813,4744,136,0,ITG,ITG2,20,Sardegna,Sardegna,1639591,1999815,121.97,0.9
3715,2021-03-07,SAR,1663,752,911,1114,545,4,0,ITG,ITG2,20,Sardegna,Sardegna,1639591,2001478,122.07,0.1
3716,2021-04-05,SAR,2097,798,1299,2048,1,48,0,ITG,ITG2,20,Sardegna,Sardegna,1639591,2003575,122.2,0.13
3717,2021-09-06,SAR,9286,4875,4411,2548,6624,114,0,ITG,ITG2,20,Sardegna,Sardegna,1639591,2012861,122.77,0.57
3718,2021-06-29,SAR,17901,8609,9292,3759,14093,49,0,ITG,ITG2,20,Sardegna,Sardegna,1639591,2030762,123.86,1.09
3719,2021-09-18,SAR,6193,3456,2737,1668,4478,47,0,ITG,ITG2,20,Sardegna,Sardegna,1639591,2036955,124.24,0.38
3720,2021-06-10,SAR,17818,8481,9337,11644,6047,127,0,ITG,ITG2,20,Sardegna,Sardegna,1639591,2054773,125.32,1.09
3721,2021-08-06,SAR,13826,7175,6651,7988,5662,176,0,ITG,ITG2,20,Sardegna,Sardegna,1639591,2068599,126.17,0.84
3722,2021-06-03,SAR,16401,7647,8754,10566,5694,141,0,ITG,ITG2,20,Sardegna,Sardegna,1639591,2085000,127.17,1.0
3723,2021-06-20,SAR,6295,2807,3488,3635,2628,32,0,ITG,ITG2,20,Sardegna,Sardegna,1639591,2091295,127.55,0.38
3724,2021-03-12,SAR,6030,2635,3395,4554,1318,158,0,ITG,ITG2,20,Sardegna,Sardegna,1639591,2097325,127.92,0.37
3725,2020-12-31,SAR,41,22,19,41,0,0,0,ITG,ITG2,20,Sardegna,Sardegna,1639591,2097366,127.92,0.0
3726,2021-07-30,SAR,15208,7859,7349,6624,8417,167,0,ITG,ITG2,20,Sardegna,Sardegna,1639591,2112574,128.85,0.93
3727,2021-07-13,SAR,17810,8524,9286,3253,14479,78,0,ITG,ITG2,20,Sardegna,Sardegna,1639591,2130384,129.93,1.09
3728,2021-04-04,SAR,2,1,1,0,2,0,0,ITG,ITG2,20,Sardegna,Sardegna,1639591,2130386,129.93,0.0
3729,2021-09-24,SAR,3795,2088,1707,956,2755,52,32,ITG,ITG2,20,Sardegna,Sardegna,1639591,2134181,130.17,0.23
3730,2021-06-16,SAR,17641,8279,9362,12167,5313,161,0,ITG,ITG2,20,Sardegna,Sardegna,1639591,2151822,131.24,1.08
3731,2021-01-01,SAR,34,17,17,34,0,0,0,ITG,ITG2,20,Sardegna,Sardegna,1639591,2151856,131.24,0.0
3732,2021-02-27,SAR,1930,646,1284,1326,561,43,0,ITG,ITG2,20,Sardegna,Sardegna,1639591,2153786,131.36,0.12
3733,2021-07-22,SAR,18339,9269,9070,4508,13722,109,0,ITG,ITG2,20,Sardegna,Sardegna,1639591,2172125,132.48,1.12
3734,2021-04-13,SAR,7709,3624,4085,5787,1855,67,0,ITG,ITG2,20,Sardegna,Sardegna,1639591,2179834,132.95,0.47
3735,2021-09-17,SAR,9943,5451,4492,2169,7669,105,0,ITG,ITG2,20,Sardegna,Sardegna,1639591,2189777,133.56,0.61
3736,2021-06-09,SAR,15478,7370,8108,11574,3753,151,0,ITG,ITG2,20,Sardegna,Sardegna,1639591,2205255,134.5,0.94
3737,2021-08-21,SAR,5622,3056,2566,3639,1893,90,0,ITG,ITG2,20,Sardegna,Sardegna,1639591,2210877,134.84,0.34
3738,2021-03-08,SAR,4735,2465,2270,3456,1226,53,0,ITG,ITG2,20,Sardegna,Sardegna,1639591,2215612,135.13,0.29
3739,2021-05-04,SAR,9685,4429,5256,7624,1905,156,0,ITG,ITG2,20,Sardegna,Sardegna,1639591,2225297,135.72,0.59
3740,2021-01-24,SAR,91,35,56,5,86,0,0,ITG,ITG2,20,Sardegna,Sardegna,1639591,2225388,135.73,0.01
3741,2021-06-18,SAR,16491,7509,8982,8603,7772,116,0,ITG,ITG2,20,Sardegna,Sardegna,1639591,2241879,136.73,1.01
3742,2021-03-10,SAR,6086,2966,3120,5148,856,82,0,ITG,ITG2,20,Sardegna,Sardegna,1639591,2247965,137.11,0.37
3743,2021-08-14,SAR,1793,1025,768,990,793,10,0,ITG,ITG2,20,Sardegna,Sardegna,1639591,2249758,137.21,0.11
3744,2021-05-06,SAR,13178,6068,7110,9733,3194,251,0,ITG,ITG2,20,Sardegna,Sardegna,1639591,2262936,138.02,0.8
3745,2021-03-01,SAR,2298,1168,1130,1599,667,32,0,ITG,ITG2,20,Sardegna,Sardegna,1639591,2265234,138.16,0.14
3746,2021-05-13,SAR,12452,5874,6578,8769,3469,214,0,ITG,ITG2,20,Sardegna,Sardegna,1639591,2277686,138.92,0.76
3747,2021-02-02,SAR,1534,681,853,258,1276,0,0,ITG,ITG2,20,Sardegna,Sardegna,1639591,2279220,139.01,0.09
3748,2021-08-23,SAR,10524,5565,4959,5634,4712,178,0,ITG,ITG2,20,Sardegna,Sardegna,1639591,2289744,139.65,0.64
3749,2021-05-15,SAR,13882,6446,7436,10239,3445,198,0,ITG,ITG2,20,Sardegna,Sardegna,1639591,2303626,140.5,0.85
3750,2021-07-11,SAR,6380,3119,3261,1423,4921,36,0,ITG,ITG2,20,Sardegna,Sardegna,1639591,2310006,140.89,0.39
3751,2021-01-26,SAR,1381,474,907,27,1354,0,0,ITG,ITG2,20,Sardegna,Sardegna,1639591,2311387,140.97,0.08
3752,2021-08-16,SAR,8461,4411,4050,4550,3794,117,0,ITG,ITG2,20,Sardegna,Sardegna,1639591,2319848,141.49,0.52
3753,2021-05-08,SAR,13220,6004,7216,10757,2291,172,0,ITG,ITG2,20,Sardegna,Sardegna,1639591,2333068,142.3,0.81
3754,2021-07-27,VEN,42281,22194,20087,11798,30046,437,0,ITH,ITH3,5,Veneto,Veneto,4905854,42281,0.86,0.86
3755,2021-08-01,VEN,27919,14947,12972,11045,16358,516,0,ITH,ITH3,5,Veneto,Veneto,4905854,70200,1.43,0.57
3756,2021-04-23,VEN,31322,13862,17460,21442,8711,1169,0,ITH,ITH3,5,Veneto,Veneto,4905854,101522,2.07,0.64
3757,2021-07-13,VEN,43579,22616,20963,5417,37851,311,0,ITH,ITH3,5,Veneto,Veneto,4905854,145101,2.96,0.89
3758,2021-04-04,VEN,7789,3535,4254,6512,1148,129,0,ITH,ITH3,5,Veneto,Veneto,4905854,152890,3.12,0.16
3759,2021-06-17,VEN,51802,25950,25852,25567,25074,1161,0,ITH,ITH3,5,Veneto,Veneto,4905854,204692,4.17,1.06
3760,2021-03-09,VEN,16567,7459,9108,9829,6339,399,0,ITH,ITH3,5,Veneto,Veneto,4905854,221259,4.51,0.34
3761,2021-09-08,VEN,27937,14743,13194,5307,21825,805,0,ITH,ITH3,5,Veneto,Veneto,4905854,249196,5.08,0.57
3762,2021-05-31,VEN,31656,16245,15411,20885,9936,835,0,ITH,ITH3,5,Veneto,Veneto,4905854,280852,5.72,0.65
3763,2021-03-26,VEN,29620,13165,16455,23276,5471,873,0,ITH,ITH3,5,Veneto,Veneto,4905854,310472,6.33,0.6
3764,2021-08-13,VEN,24480,13846,10634,18339,5368,773,0,ITH,ITH3,5,Veneto,Veneto,4905854,334952,6.83,0.5
3765,2021-08-27,VEN,26699,14287,12412,8239,17883,577,0,ITH,ITH3,5,Veneto,Veneto,4905854,361651,7.37,0.54
3766,2021-05-05,VEN,44420,21284,23136,36218,6562,1640,0,ITH,ITH3,5,Veneto,Veneto,4905854,406071,8.28,0.91
3767,2021-07-01,VEN,51026,26060,24966,20692,29319,1015,0,ITH,ITH3,5,Veneto,Veneto,4905854,457097,9.32,1.04
3768,2021-01-23,VEN,4057,1250,2807,31,4026,0,0,ITH,ITH3,5,Veneto,Veneto,4905854,461154,9.4,0.08
3769,2021-06-29,VEN,45589,22741,22848,19048,25848,693,0,ITH,ITH3,5,Veneto,Veneto,4905854,506743,10.33,0.93
3770,2021-03-21,VEN,11991,4755,7236,8283,3466,242,0,ITH,ITH3,5,Veneto,Veneto,4905854,518734,10.57,0.24
3771,2021-09-22,VEN,16060,8659,7401,7048,8132,400,480,ITH,ITH3,5,Veneto,Veneto,4905854,534794,10.9,0.33
3772,2021-07-18,VEN,37723,19763,17960,3847,33626,250,0,ITH,ITH3,5,Veneto,Veneto,4905854,572517,11.67,0.77
3773,2021-02-25,VEN,7904,3345,4559,7157,607,140,0,ITH,ITH3,5,Veneto,Veneto,4905854,580421,11.83,0.16
3774,2021-04-09,VEN,31207,13769,17438,21916,8350,941,0,ITH,ITH3,5,Veneto,Veneto,4905854,611628,12.47,0.64
3775,2021-09-13,VEN,25540,14193,11347,3129,22103,308,0,ITH,ITH3,5,Veneto,Veneto,4905854,637168,12.99,0.52
3776,2021-01-11,VEN,7244,2102,5142,7243,0,1,0,ITH,ITH3,5,Veneto,Veneto,4905854,644412,13.14,0.15
3777,2021-04-21,VEN,32413,13207,19206,15568,16066,779,0,ITH,ITH3,5,Veneto,Veneto,4905854,676825,13.8,0.66
3778,2021-05-22,VEN,34847,16711,18136,12717,21455,675,0,ITH,ITH3,5,Veneto,Veneto,4905854,711672,14.51,0.71
3779,2021-02-11,VEN,4015,1238,2777,3349,628,38,0,ITH,ITH3,5,Veneto,Veneto,4905854,715687,14.59,0.08
3780,2021-01-28,VEN,9217,2667,6550,169,9046,2,0,ITH,ITH3,5,Veneto,Veneto,4905854,724904,14.78,0.19
3781,2021-05-17,VEN,26553,13002,13551,15643,10081,829,0,ITH,ITH3,5,Veneto,Veneto,4905854,751457,15.32,0.54
3782,2021-02-06,VEN,4099,1354,2745,708,3391,0,0,ITH,ITH3,5,Veneto,Veneto,4905854,755556,15.4,0.08
3783,2021-08-25,VEN,20101,10901,9200,8054,11475,572,0,ITH,ITH3,5,Veneto,Veneto,4905854,775657,15.81,0.41
3784,2021-02-23,VEN,7384,3253,4131,7028,270,86,0,ITH,ITH3,5,Veneto,Veneto,4905854,783041,15.96,0.15
3785,2021-02-16,VEN,6644,2870,3774,6440,176,28,0,ITH,ITH3,5,Veneto,Veneto,4905854,789685,16.1,0.14
3786,2021-05-29,VEN,33074,16705,16369,24239,7707,1128,0,ITH,ITH3,5,Veneto,Veneto,4905854,822759,16.77,0.67
3787,2021-09-01,VEN,21053,10771,10282,7645,12658,750,0,ITH,ITH3,5,Veneto,Veneto,4905854,843812,17.2,0.43
3788,2021-05-24,VEN,33095,16436,16659,7630,25055,410,0,ITH,ITH3,5,Veneto,Veneto,4905854,876907,17.87,0.67
3789,2021-08-15,VEN,3107,1763,1344,2619,425,63,0,ITH,ITH3,5,Veneto,Veneto,4905854,880014,17.94,0.06
3790,2021-03-28,VEN,31315,13610,17705,26881,3615,819,0,ITH,ITH3,5,Veneto,Veneto,4905854,911329,18.58,0.64
3791,2021-06-19,VEN,49314,25087,24227,25674,22605,1035,0,ITH,ITH3,5,Veneto,Veneto,4905854,960643,19.58,1.01
3792,2021-07-06,VEN,36164,18631,17533,13201,22322,641,0,ITH,ITH3,5,Veneto,Veneto,4905854,996807,20.32,0.74
3793,2021-04-14,VEN,15949,6918,9031,8773,6635,541,0,ITH,ITH3,5,Veneto,Veneto,4905854,1012756,20.64,0.33
3794,2021-01-04,VEN,6741,2037,4704,6739,0,2,0,ITH,ITH3,5,Veneto,Veneto,4905854,1019497,20.78,0.14
3795,2021-05-12,VEN,37024,17928,19096,30262,5128,1634,0,ITH,ITH3,5,Veneto,Veneto,4905854,1056521,21.54,0.75
3796,2021-07-08,VEN,46736,24318,22418,4504,41930,302,0,ITH,ITH3,5,Veneto,Veneto,4905854,1103257,22.49,0.95
3797,2021-06-24,VEN,56243,28486,27757,17627,37916,700,0,ITH,ITH3,5,Veneto,Veneto,4905854,1159500,23.64,1.15
3798,2021-03-16,VEN,12539,5358,7181,6634,5626,279,0,ITH,ITH3,5,Veneto,Veneto,4905854,1172039,23.89,0.26
3799,2021-08-20,VEN,19478,10548,8930,11321,7582,575,0,ITH,ITH3,5,Veneto,Veneto,4905854,1191517,24.29,0.4
3800,2021-01-16,VEN,4612,1542,3070,4612,0,0,0,ITH,ITH3,5,Veneto,Veneto,4905854,1196129,24.38,0.09
3801,2021-03-14,VEN,15187,5945,9242,13842,894,451,0,ITH,ITH3,5,Veneto,Veneto,4905854,1211316,24.69,0.31
3802,2021-05-10,VEN,36531,17090,19441,25414,9862,1255,0,ITH,ITH3,5,Veneto,Veneto,4905854,1247847,25.44,0.74
3803,2021-01-30,VEN,8769,2684,6085,689,8080,0,0,ITH,ITH3,5,Veneto,Veneto,4905854,1256616,25.61,0.18
3804,2021-03-02,VEN,11498,4628,6870,7935,3312,251,0,ITH,ITH3,5,Veneto,Veneto,4905854,1268114,25.85,0.23
3805,2021-06-10,VEN,52420,27047,25373,41320,9385,1715,0,ITH,ITH3,5,Veneto,Veneto,4905854,1320534,26.92,1.07
3806,2021-08-06,VEN,38372,20947,17425,19898,17605,869,0,ITH,ITH3,5,Veneto,Veneto,4905854,1358906,27.7,0.78
3807,2021-04-28,VEN,32468,15198,17270,22253,9025,1190,0,ITH,ITH3,5,Veneto,Veneto,4905854,1391374,28.36,0.66
3808,2021-07-20,VEN,44386,23694,20692,6879,36999,508,0,ITH,ITH3,5,Veneto,Veneto,4905854,1435760,29.27,0.9
3809,2021-01-18,VEN,2766,778,1988,2562,199,5,0,ITH,ITH3,5,Veneto,Veneto,4905854,1438526,29.32,0.06
3810,2021-02-04,VEN,7398,2030,5368,550,6847,1,0,ITH,ITH3,5,Veneto,Veneto,4905854,1445924,29.47,0.15
3811,2021-06-05,VEN,46888,24153,22735,37319,8105,1464,0,ITH,ITH3,5,Veneto,Veneto,4905854,1492812,30.43,0.96
3812,2021-09-15,VEN,18702,10029,8673,3529,14813,360,0,ITH,ITH3,5,Veneto,Veneto,4905854,1511514,30.81,0.38
3813,2021-02-18,VEN,5833,2456,3377,5730,64,39,0,ITH,ITH3,5,Veneto,Veneto,4905854,1517347,30.93,0.12
3814,2021-07-25,VEN,33206,17548,15658,10852,21888,466,0,ITH,ITH3,5,Veneto,Veneto,4905854,1550553,31.61,0.68
3815,2021-04-16,VEN,24475,10507,13968,11896,11895,684,0,ITH,ITH3,5,Veneto,Veneto,4905854,1575028,32.11,0.5
3816,2021-08-05,VEN,39282,21461,17821,15725,22943,614,0,ITH,ITH3,5,Veneto,Veneto,4905854,1614310,32.91,0.8
3817,2021-04-18,VEN,17531,7262,10269,9505,7567,459,0,ITH,ITH3,5,Veneto,Veneto,4905854,1631841,33.26,0.36
3818,2021-01-09,VEN,7937,2539,5398,7932,0,5,0,ITH,ITH3,5,Veneto,Veneto,4905854,1639778,33.42,0.16
3819,2021-09-20,VEN,21237,11690,9547,6077,13519,353,1288,ITH,ITH3,5,Veneto,Veneto,4905854,1661015,33.86,0.43
3820,2021-03-18,VEN,12626,5145,7481,7037,5236,353,0,ITH,ITH3,5,Veneto,Veneto,4905854,1673641,34.12,0.26
3821,2021-06-26,VEN,48093,24519,23574,13592,34008,493,0,ITH,ITH3,5,Veneto,Veneto,4905854,1721734,35.1,0.98
3822,2021-08-22,VEN,9259,5052,4207,5885,3105,269,0,ITH,ITH3,5,Veneto,Veneto,4905854,1730993,35.28,0.19
3823,2021-05-14,VEN,46851,22286,24565,24286,20971,1594,0,ITH,ITH3,5,Veneto,Veneto,4905854,1777844,36.24,0.96
3824,2021-02-20,VEN,6433,2019,4414,6277,75,81,0,ITH,ITH3,5,Veneto,Veneto,4905854,1784277,36.37,0.13
3825,2021-03-23,VEN,22240,10253,11987,16879,4718,643,0,ITH,ITH3,5,Veneto,Veneto,4905854,1806517,36.82,0.45
3826,2021-05-19,VEN,33169,15188,17981,16228,16000,941,0,ITH,ITH3,5,Veneto,Veneto,4905854,1839686,37.5,0.68
3827,2021-04-02,VEN,24124,10637,13487,17150,6332,642,0,ITH,ITH3,5,Veneto,Veneto,4905854,1863810,37.99,0.49
3828,2021-09-03,VEN,32111,17190,14921,7564,23747,800,0,ITH,ITH3,5,Veneto,Veneto,4905854,1895921,38.65,0.65
3829,2021-06-09,VEN,42849,21978,20871,33779,7509,1561,0,ITH,ITH3,5,Veneto,Veneto,4905854,1938770,39.52,0.87
3830,2021-08-08,VEN,20537,11406,9131,10682,9543,312,0,ITH,ITH3,5,Veneto,Veneto,4905854,1959307,39.94,0.42
3831,2021-04-30,VEN,50271,23624,26647,33163,15674,1434,0,ITH,ITH3,5,Veneto,Veneto,4905854,2009578,40.96,1.02
3832,2021-01-20,VEN,1039,368,671,387,652,0,0,ITH,ITH3,5,Veneto,Veneto,4905854,2010617,40.98,0.02
3833,2021-01-08,VEN,9417,2837,6580,9403,0,14,0,ITH,ITH3,5,Veneto,Veneto,4905854,2020034,41.18,0.19
3834,2021-01-13,VEN,5989,1606,4383,5986,0,3,0,ITH,ITH3,5,Veneto,Veneto,4905854,2026023,41.3,0.12
3835,2021-08-03,VEN,40746,21564,19182,17594,22433,719,0,ITH,ITH3,5,Veneto,Veneto,4905854,2066769,42.13,0.83
3836,2021-09-19,VEN,8194,4571,3623,3132,4858,204,0,ITH,ITH3,5,Veneto,Veneto,4905854,2074963,42.3,0.17
3837,2021-05-07,VEN,48658,23313,25345,37606,8680,2372,0,ITH,ITH3,5,Veneto,Veneto,4905854,2123621,43.29,0.99
3838,2021-01-27,VEN,7150,2069,5081,240,6909,1,0,ITH,ITH3,5,Veneto,Veneto,4905854,2130771,43.43,0.15
3839,2021-06-02,VEN,20318,10239,10079,15345,4347,626,0,ITH,ITH3,5,Veneto,Veneto,4905854,2151089,43.85,0.41
3840,2021-08-24,VEN,19910,10615,9295,8920,10461,529,0,ITH,ITH3,5,Veneto,Veneto,4905854,2170999,44.25,0.41
3841,2021-09-10,VEN,28245,15578,12667,4352,23458,435,0,ITH,ITH3,5,Veneto,Veneto,4905854,2199244,44.83,0.58
3842,2021-03-11,VEN,19838,8893,10945,13795,5576,467,0,ITH,ITH3,5,Veneto,Veneto,4905854,2219082,45.23,0.4
3843,2021-06-28,VEN,47681,24131,23550,18417,28557,707,0,ITH,ITH3,5,Veneto,Veneto,4905854,2266763,46.21,0.97
3844,2021-01-25,VEN,6471,2077,4394,156,6315,0,0,ITH,ITH3,5,Veneto,Veneto,4905854,2273234,46.34,0.13
3845,2021-07-29,VEN,47559,25141,22418,20160,26545,854,0,ITH,ITH3,5,Veneto,Veneto,4905854,2320793,47.31,0.97
3846,2021-07-15,VEN,51458,26928,24530,6021,45053,384,0,ITH,ITH3,5,Veneto,Veneto,4905854,2372251,48.36,1.05
3847,2021-04-20,VEN,22469,9510,12959,7878,14013,578,0,ITH,ITH3,5,Veneto,Veneto,4905854,2394720,48.81,0.46
3848,2021-03-07,VEN,4495,1769,2726,3862,561,72,0,ITH,ITH3,5,Veneto,Veneto,4905854,2399215,48.91,0.09
3849,2021-05-03,VEN,40714,19815,20899,32803,6439,1472,0,ITH,ITH3,5,Veneto,Veneto,4905854,2439929,49.74,0.83
3850,2021-05-28,VEN,46997,22989,24008,23679,22108,1210,0,ITH,ITH3,5,Veneto,Veneto,4905854,2486926,50.69,0.96
3851,2021-02-08,VEN,5007,1559,3448,1923,3078,6,0,ITH,ITH3,5,Veneto,Veneto,4905854,2491933,50.8,0.1
3852,2021-04-06,VEN,29037,13369,15668,23263,5046,728,0,ITH,ITH3,5,Veneto,Veneto,4905854,2520970,51.39,0.59
3853,2021-07-03,VEN,38710,20120,18590,11028,27105,577,0,ITH,ITH3,5,Veneto,Veneto,4905854,2559680,52.18,0.79
3854,2021-06-16,VEN,47803,23582,24221,25241,21461,1101,0,ITH,ITH3,5,Veneto,Veneto,4905854,2607483,53.15,0.97
3855,2021-01-01,VEN,1527,471,1056,1526,0,1,0,ITH,ITH3,5,Veneto,Veneto,4905854,2609010,53.18,0.03
3856,2021-03-25,VEN,25979,11065,14914,18971,6106,902,0,ITH,ITH3,5,Veneto,Veneto,4905854,2634989,53.71,0.53
3857,2021-04-11,VEN,21018,8881,12137,14229,6300,489,0,ITH,ITH3,5,Veneto,Veneto,4905854,2656007,54.14,0.43
3858,2021-02-13,VEN,3267,1473,1794,3231,20,16,0,ITH,ITH3,5,Veneto,Veneto,4905854,2659274,54.21,0.07
3859,2021-04-25,VEN,18336,8155,10181,12898,4836,602,0,ITH,ITH3,5,Veneto,Veneto,4905854,2677610,54.58,0.37
3860,2021-06-21,VEN,44344,22194,22150,20460,22974,910,0,ITH,ITH3,5,Veneto,Veneto,4905854,2721954,55.48,0.9
3861,2021-01-06,VEN,8143,2392,5751,8140,0,3,0,ITH,ITH3,5,Veneto,Veneto,4905854,2730097,55.65,0.17
3862,2021-06-23,VEN,49382,24466,24916,14539,34039,804,0,ITH,ITH3,5,Veneto,Veneto,4905854,2779479,56.66,1.01
3863,2021-04-27,VEN,28215,12800,15415,20133,6917,1165,0,ITH,ITH3,5,Veneto,Veneto,4905854,2807694,57.23,0.58
3864,2021-01-17,VEN,1933,781,1152,1584,349,0,0,ITH,ITH3,5,Veneto,Veneto,4905854,2809627,57.27,0.04
3865,2021-07-24,VEN,41719,22370,19349,13300,27776,643,0,ITH,ITH3,5,Veneto,Veneto,4905854,2851346,58.12,0.85
3866,2021-07-10,VEN,43202,23219,19983,6302,36546,354,0,ITH,ITH3,5,Veneto,Veneto,4905854,2894548,59.0,0.88
3867,2021-09-05,VEN,15220,8407,6813,3482,11445,293,0,ITH,ITH3,5,Veneto,Veneto,4905854,2909768,59.31,0.31
3868,2021-07-17,VEN,40620,21489,19131,4298,35978,344,0,ITH,ITH3,5,Veneto,Veneto,4905854,2950388,60.14,0.83
3869,2021-08-17,VEN,19291,10480,8811,11233,7598,460,0,ITH,ITH3,5,Veneto,Veneto,4905854,2969679,60.53,0.39
3870,2021-05-09,VEN,35091,16145,18946,23789,10055,1247,0,ITH,ITH3,5,Veneto,Veneto,4905854,3004770,61.25,0.72
3871,2021-09-17,VEN,18136,10012,8124,5614,12067,455,0,ITH,ITH3,5,Veneto,Veneto,4905854,3022906,61.62,0.37
3872,2021-05-26,VEN,31173,15237,15936,13992,16499,682,0,ITH,ITH3,5,Veneto,Veneto,4905854,3054079,62.25,0.64
3873,2021-08-31,VEN,19813,10470,9343,7003,12216,594,0,ITH,ITH3,5,Veneto,Veneto,4905854,3073892,62.66,0.4
3874,2021-09-02,VEN,22815,12189,10626,6139,15866,810,0,ITH,ITH3,5,Veneto,Veneto,4905854,3096707,63.12,0.47
3875,2021-09-16,VEN,21914,11904,10010,3808,17738,368,0,ITH,ITH3,5,Veneto,Veneto,4905854,3118621,63.57,0.45
3876,2021-03-03,VEN,12102,4648,7454,8389,3502,211,0,ITH,ITH3,5,Veneto,Veneto,4905854,3130723,63.82,0.25
3877,2021-06-11,VEN,47324,24620,22704,34707,11186,1431,0,ITH,ITH3,5,Veneto,Veneto,4905854,3178047,64.78,0.96
3878,2021-06-25,VEN,51729,26171,25558,15075,36012,642,0,ITH,ITH3,5,Veneto,Veneto,4905854,3229776,65.84,1.05
3879,2021-03-15,VEN,16673,7330,9343,10954,5213,506,0,ITH,ITH3,5,Veneto,Veneto,4905854,3246449,66.18,0.34
3880,2021-02-01,VEN,8564,2502,6062,157,8407,0,0,ITH,ITH3,5,Veneto,Veneto,4905854,3255013,66.35,0.17
3881,2021-02-15,VEN,4392,1827,2565,4143,240,9,0,ITH,ITH3,5,Veneto,Veneto,4905854,3259405,66.44,0.09
3882,2021-03-30,VEN,36011,15320,20691,29735,5253,1023,0,ITH,ITH3,5,Veneto,Veneto,4905854,3295416,67.17,0.73
3883,2021-08-02,VEN,40112,21044,19068,16312,23170,630,0,ITH,ITH3,5,Veneto,Veneto,4905854,3335528,67.99,0.82
3884,2021-04-10,VEN,27487,11990,15497,18376,8476,635,0,ITH,ITH3,5,Veneto,Veneto,4905854,3363015,68.55,0.56
3885,2021-09-14,VEN,21634,11800,9834,3155,18191,288,0,ITH,ITH3,5,Veneto,Veneto,4905854,3384649,68.99,0.44
3886,2021-06-06,VEN,37453,19174,18279,31489,4732,1232,0,ITH,ITH3,5,Veneto,Veneto,4905854,3422102,69.76,0.76
3887,2021-02-03,VEN,5955,1672,4283,474,5477,4,0,ITH,ITH3,5,Veneto,Veneto,4905854,3428057,69.88,0.12
3888,2021-08-07,VEN,28957,16298,12659,16344,12070,543,0,ITH,ITH3,5,Veneto,Veneto,4905854,3457014,70.47,0.59
3889,2021-04-29,VEN,50340,23415,26925,35405,13186,1749,0,ITH,ITH3,5,Veneto,Veneto,4905854,3507354,71.49,1.03
3890,2021-07-21,VEN,43283,22341,20942,8691,34092,500,0,ITH,ITH3,5,Veneto,Veneto,4905854,3550637,72.38,0.88
3891,2021-02-05,VEN,8392,2541,5851,1407,6976,9,0,ITH,ITH3,5,Veneto,Veneto,4905854,3559029,72.55,0.17
3892,2021-02-22,VEN,7018,3044,3974,6580,391,47,0,ITH,ITH3,5,Veneto,Veneto,4905854,3566047,72.69,0.14
3893,2021-05-16,VEN,28422,14015,14407,20313,7081,1028,0,ITH,ITH3,5,Veneto,Veneto,4905854,3594469,73.27,0.58
3894,2021-07-22,VEN,48415,25132,23283,13310,34448,657,0,ITH,ITH3,5,Veneto,Veneto,4905854,3642884,74.26,0.99
3895,2021-04-13,VEN,14043,6331,7712,8053,5483,507,0,ITH,ITH3,5,Veneto,Veneto,4905854,3656927,74.54,0.29
3896,2021-07-05,VEN,39149,20287,18862,14144,24202,803,0,ITH,ITH3,5,Veneto,Veneto,4905854,3696076,75.34,0.8
3897,2021-01-03,VEN,5158,1562,3596,5158,0,0,0,ITH,ITH3,5,Veneto,Veneto,4905854,3701234,75.45,0.11
3898,2021-09-12,VEN,15341,8643,6698,2369,12811,161,0,ITH,ITH3,5,Veneto,Veneto,4905854,3716575,75.76,0.31
3899,2021-08-29,VEN,13410,7359,6051,4509,8581,320,0,ITH,ITH3,5,Veneto,Veneto,4905854,3729985,76.03,0.27
3900,2021-05-21,VEN,44869,22068,22801,19798,23960,1111,0,ITH,ITH3,5,Veneto,Veneto,4905854,3774854,76.95,0.91
3901,2021-07-14,VEN,43648,22442,21206,5281,37966,401,0,ITH,ITH3,5,Veneto,Veneto,4905854,3818502,77.84,0.89
3902,2021-04-22,VEN,32083,13949,18134,15478,15782,823,0,ITH,ITH3,5,Veneto,Veneto,4905854,3850585,78.49,0.65
3903,2021-07-31,VEN,35188,18906,16282,17035,17508,645,0,ITH,ITH3,5,Veneto,Veneto,4905854,3885773,79.21,0.72
3904,2021-08-14,VEN,9921,5810,4111,7273,2400,248,0,ITH,ITH3,5,Veneto,Veneto,4905854,3895694,79.41,0.2
3905,2021-05-18,VEN,27041,12550,14491,12630,13646,765,0,ITH,ITH3,5,Veneto,Veneto,4905854,3922735,79.96,0.55
3906,2021-06-30,VEN,45827,23107,22720,17869,27204,754,0,ITH,ITH3,5,Veneto,Veneto,4905854,3968562,80.89,0.93
3907,2021-03-22,VEN,18158,8186,9972,12584,5050,524,0,ITH,ITH3,5,Veneto,Veneto,4905854,3986720,81.26,0.37
3908,2021-03-13,VEN,17243,7313,9930,13738,3132,373,0,ITH,ITH3,5,Veneto,Veneto,4905854,4003963,81.62,0.35
3909,2021-01-15,VEN,5880,1819,4061,5874,0,6,0,ITH,ITH3,5,Veneto,Veneto,4905854,4009843,81.74,0.12
3910,2021-08-28,VEN,20879,11595,9284,8658,11489,732,0,ITH,ITH3,5,Veneto,Veneto,4905854,4030722,82.16,0.43
3911,2020-12-27,VEN,880,395,485,880,0,0,0,ITH,ITH3,5,Veneto,Veneto,4905854,4031602,82.18,0.02
3912,2021-09-07,VEN,26590,14166,12424,5560,20298,732,0,ITH,ITH3,5,Veneto,Veneto,4905854,4058192,82.72,0.54
3913,2021-09-21,VEN,17045,9391,7654,6620,9450,372,603,ITH,ITH3,5,Veneto,Veneto,4905854,4075237,83.07,0.35
3914,2021-05-30,VEN,22555,11275,11280,15205,6695,655,0,ITH,ITH3,5,Veneto,Veneto,4905854,4097792,83.53,0.46
3915,2021-07-26,VEN,43655,22948,20707,17001,26019,635,0,ITH,ITH3,5,Veneto,Veneto,4905854,4141447,84.42,0.89
3916,2021-08-09,VEN,34782,18649,16133,17156,16862,764,0,ITH,ITH3,5,Veneto,Veneto,4905854,4176229,85.13,0.71
3917,2021-08-26,VEN,22352,11909,10443,8344,13404,604,0,ITH,ITH3,5,Veneto,Veneto,4905854,4198581,85.58,0.46
3918,2021-03-01,VEN,9395,3717,5678,7411,1822,162,0,ITH,ITH3,5,Veneto,Veneto,4905854,4207976,85.77,0.19
3919,2021-07-12,VEN,43250,22784,20466,4010,38914,326,0,ITH,ITH3,5,Veneto,Veneto,4905854,4251226,86.66,0.88
3920,2021-04-03,VEN,22001,9650,12351,13870,7725,406,0,ITH,ITH3,5,Veneto,Veneto,4905854,4273227,87.1,0.45
3921,2021-03-20,VEN,13035,5393,7642,10657,2083,295,0,ITH,ITH3,5,Veneto,Veneto,4905854,4286262,87.37,0.27
3922,2021-03-08,VEN,13644,6282,7362,9302,4078,264,0,ITH,ITH3,5,Veneto,Veneto,4905854,4299906,87.65,0.28
3923,2021-02-17,VEN,6022,2772,3250,5900,94,28,0,ITH,ITH3,5,Veneto,Veneto,4905854,4305928,87.77,0.12
3924,2021-04-01,VEN,25409,11200,14209,18216,6414,779,0,ITH,ITH3,5,Veneto,Veneto,4905854,4331337,88.29,0.52
3925,2021-04-15,VEN,20948,8658,12290,9369,10833,746,0,ITH,ITH3,5,Veneto,Veneto,4905854,4352285,88.72,0.43
3926,2021-01-05,VEN,7335,2186,5149,7333,0,2,0,ITH,ITH3,5,Veneto,Veneto,4905854,4359620,88.87,0.15
3927,2021-02-10,VEN,4763,1593,3170,3692,1061,10,0,ITH,ITH3,5,Veneto,Veneto,4905854,4364383,88.96,0.1
3928,2021-04-08,VEN,32419,14390,18029,23354,7889,1176,0,ITH,ITH3,5,Veneto,Veneto,4905854,4396802,89.62,0.66
3929,2021-06-08,VEN,43861,22678,21183,36181,6154,1526,0,ITH,ITH3,5,Veneto,Veneto,4905854,4440663,90.52,0.89
3930,2021-05-25,VEN,27875,13455,14420,11273,16099,503,0,ITH,ITH3,5,Veneto,Veneto,4905854,4468538,91.09,0.57
3931,2021-02-14,VEN,126,56,70,113,13,0,0,ITH,ITH3,5,Veneto,Veneto,4905854,4468664,91.09,0.0
3932,2021-02-28,VEN,4136,1389,2747,3225,837,74,0,ITH,ITH3,5,Veneto,Veneto,4905854,4472800,91.17,0.08
3933,2021-07-19,VEN,44757,23574,21183,7963,36398,396,0,ITH,ITH3,5,Veneto,Veneto,4905854,4517557,92.09,0.91
3934,2021-02-26,VEN,8297,3273,5024,6942,1260,95,0,ITH,ITH3,5,Veneto,Veneto,4905854,4525854,92.25,0.17
3935,2021-01-10,VEN,5036,1673,3363,5035,0,1,0,ITH,ITH3,5,Veneto,Veneto,4905854,4530890,92.36,0.1
3936,2021-05-23,VEN,34492,16470,18022,10619,23400,473,0,ITH,ITH3,5,Veneto,Veneto,4905854,4565382,93.06,0.7
3937,2020-12-31,VEN,3221,1042,2179,3221,0,0,0,ITH,ITH3,5,Veneto,Veneto,4905854,4568603,93.13,0.07
3938,2021-07-04,VEN,33887,17580,16307,14989,18289,609,0,ITH,ITH3,5,Veneto,Veneto,4905854,4602490,93.82,0.69
3939,2021-04-12,VEN,14920,6346,8574,6399,8219,302,0,ITH,ITH3,5,Veneto,Veneto,4905854,4617410,94.12,0.3
3940,2021-01-02,VEN,5742,1767,3975,5741,0,1,0,ITH,ITH3,5,Veneto,Veneto,4905854,4623152,94.24,0.12
3941,2021-06-18,VEN,53663,26783,26880,23970,28644,1049,0,ITH,ITH3,5,Veneto,Veneto,4905854,4676815,95.33,1.09
3942,2021-09-09,VEN,30089,16633,13456,4337,25320,432,0,ITH,ITH3,5,Veneto,Veneto,4905854,4706904,95.94,0.61
3943,2021-03-27,VEN,32094,14019,18075,25381,5807,906,0,ITH,ITH3,5,Veneto,Veneto,4905854,4738998,96.6,0.65
3944,2021-09-11,VEN,20867,11707,9160,3032,17494,341,0,ITH,ITH3,5,Veneto,Veneto,4905854,4759865,97.02,0.43
3945,2021-05-20,VEN,44861,21265,23596,19370,24381,1110,0,ITH,ITH3,5,Veneto,Veneto,4905854,4804726,97.94,0.91
3946,2021-02-09,VEN,5250,1892,3358,3431,1806,13,0,ITH,ITH3,5,Veneto,Veneto,4905854,4809976,98.05,0.11
3947,2021-08-30,VEN,26951,14288,12663,7996,18340,615,0,ITH,ITH3,5,Veneto,Veneto,4905854,4836927,98.6,0.55
3948,2021-03-17,VEN,14646,5991,8655,7534,6797,315,0,ITH,ITH3,5,Veneto,Veneto,4905854,4851573,98.89,0.3
3949,2021-07-28,VEN,40316,20932,19384,12061,27803,452,0,ITH,ITH3,5,Veneto,Veneto,4905854,4891889,99.72,0.82
3950,2021-01-12,VEN,5231,1517,3714,5223,0,8,0,ITH,ITH3,5,Veneto,Veneto,4905854,4897120,99.82,0.11
3951,2021-04-24,VEN,24770,10832,13938,14964,9081,725,0,ITH,ITH3,5,Veneto,Veneto,4905854,4921890,100.33,0.5
3952,2021-01-14,VEN,7066,1927,5139,7049,0,17,0,ITH,ITH3,5,Veneto,Veneto,4905854,4928956,100.47,0.14
3953,2021-03-12,VEN,18664,8196,10468,11327,6752,585,0,ITH,ITH3,5,Veneto,Veneto,4905854,4947620,100.85,0.38
3954,2021-06-03,VEN,54544,28050,26494,40868,12011,1665,0,ITH,ITH3,5,Veneto,Veneto,4905854,5002164,101.96,1.11
3955,2021-06-20,VEN,41215,20068,21147,18920,21545,750,0,ITH,ITH3,5,Veneto,Veneto,4905854,5043379,102.8,0.84
3956,2021-01-19,VEN,1313,475,838,1163,149,1,0,ITH,ITH3,5,Veneto,Veneto,4905854,5044692,102.83,0.03
3957,2021-07-23,VEN,44507,23463,21044,15135,28794,578,0,ITH,ITH3,5,Veneto,Veneto,4905854,5089199,103.74,0.91
3958,2021-05-01,VEN,38877,18252,20625,28707,8929,1241,0,ITH,ITH3,5,Veneto,Veneto,4905854,5128076,104.53,0.79
3959,2021-02-12,VEN,4314,1446,2868,3670,572,72,0,ITH,ITH3,5,Veneto,Veneto,4905854,5132390,104.62,0.09
3960,2021-01-29,VEN,9030,2790,6240,365,8665,0,0,ITH,ITH3,5,Veneto,Veneto,4905854,5141420,104.8,0.18
3961,2021-05-08,VEN,41539,18790,22749,28257,11842,1440,0,ITH,ITH3,5,Veneto,Veneto,4905854,5182959,105.65,0.85
3962,2021-07-30,VEN,45604,24257,21347,22628,22091,885,0,ITH,ITH3,5,Veneto,Veneto,4905854,5228563,106.58,0.93
3963,2021-08-16,VEN,19741,10689,9052,13001,6165,575,0,ITH,ITH3,5,Veneto,Veneto,4905854,5248304,106.98,0.4
3964,2021-06-04,VEN,49658,25844,23814,39819,8156,1683,0,ITH,ITH3,5,Veneto,Veneto,4905854,5297962,107.99,1.01
3965,2021-02-24,VEN,8623,3680,4943,7998,489,136,0,ITH,ITH3,5,Veneto,Veneto,4905854,5306585,108.17,0.18
3966,2021-09-04,VEN,23591,12888,10703,6050,16886,655,0,ITH,ITH3,5,Veneto,Veneto,4905854,5330176,108.65,0.48
3967,2021-05-27,VEN,46681,22930,23751,22364,23268,1049,0,ITH,ITH3,5,Veneto,Veneto,4905854,5376857,109.6,0.95
3968,2021-02-07,VEN,2316,863,1453,714,1601,1,0,ITH,ITH3,5,Veneto,Veneto,4905854,5379173,109.65,0.05
3969,2021-09-06,VEN,28369,15243,13126,5867,21817,685,0,ITH,ITH3,5,Veneto,Veneto,4905854,5407542,110.23,0.58
3970,2021-04-19,VEN,21561,8929,12632,4707,16423,431,0,ITH,ITH3,5,Veneto,Veneto,4905854,5429103,110.67,0.44
3971,2021-04-05,VEN,19165,8376,10789,13423,5439,303,0,ITH,ITH3,5,Veneto,Veneto,4905854,5448268,111.06,0.39
3972,2021-01-26,VEN,6927,2093,4834,149,6778,0,0,ITH,ITH3,5,Veneto,Veneto,4905854,5455195,111.2,0.14
3973,2021-05-06,VEN,47061,22070,24991,36581,8498,1982,0,ITH,ITH3,5,Veneto,Veneto,4905854,5502256,112.16,0.96
3974,2021-02-19,VEN,7324,3141,4183,6996,204,124,0,ITH,ITH3,5,Veneto,Veneto,4905854,5509580,112.31,0.15
3975,2021-08-23,VEN,24537,13039,11498,10597,13238,702,0,ITH,ITH3,5,Veneto,Veneto,4905854,5534117,112.81,0.5
3976,2021-02-21,VEN,4640,1212,3428,4516,5,119,0,ITH,ITH3,5,Veneto,Veneto,4905854,5538757,112.9,0.09
3977,2021-05-15,VEN,36280,17522,18758,24819,10026,1435,0,ITH,ITH3,5,Veneto,Veneto,4905854,5575037,113.64,0.74
3978,2021-06-01,VEN,26999,13571,13428,15786,10564,649,0,ITH,ITH3,5,Veneto,Veneto,4905854,5602036,114.19,0.55
3979,2021-04-17,VEN,22452,9099,13353,14376,7278,798,0,ITH,ITH3,5,Veneto,Veneto,4905854,5624488,114.65,0.46
3980,2021-01-07,VEN,8363,2318,6045,8362,0,1,0,ITH,ITH3,5,Veneto,Veneto,4905854,5632851,114.82,0.17
3981,2021-06-13,VEN,37345,19259,18086,29319,6957,1069,0,ITH,ITH3,5,Veneto,Veneto,4905854,5670196,115.58,0.76
3982,2021-01-21,VEN,2294,719,1575,19,2275,0,0,ITH,ITH3,5,Veneto,Veneto,4905854,5672490,115.63,0.05
3983,2021-03-05,VEN,13343,5024,8319,9221,3676,446,0,ITH,ITH3,5,Veneto,Veneto,4905854,5685833,115.9,0.27
3984,2021-09-18,VEN,16666,9205,7461,6496,9693,477,0,ITH,ITH3,5,Veneto,Veneto,4905854,5702499,116.24,0.34
3985,2021-06-27,VEN,40243,20558,19685,15346,24313,584,0,ITH,ITH3,5,Veneto,Veneto,4905854,5742742,117.06,0.82
3986,2021-03-19,VEN,13805,5672,8133,7402,6106,297,0,ITH,ITH3,5,Veneto,Veneto,4905854,5756547,117.34,0.28
3987,2021-06-22,VEN,43749,21631,22118,18503,24390,856,0,ITH,ITH3,5,Veneto,Veneto,4905854,5800296,118.23,0.89
3988,2021-08-18,VEN,23347,12584,10763,14232,8442,673,0,ITH,ITH3,5,Veneto,Veneto,4905854,5823643,118.71,0.48
3989,2021-08-04,VEN,42494,22694,19800,22608,18779,1107,0,ITH,ITH3,5,Veneto,Veneto,4905854,5866137,119.57,0.87
3990,2021-04-26,VEN,20734,9461,11273,14912,5140,682,0,ITH,ITH3,5,Veneto,Veneto,4905854,5886871,120.0,0.42
3991,2021-09-23,VEN,16279,8958,7321,7740,7644,466,429,ITH,ITH3,5,Veneto,Veneto,4905854,5903150,120.33,0.33
3992,2021-07-02,VEN,49579,25148,24431,16286,32504,789,0,ITH,ITH3,5,Veneto,Veneto,4905854,5952729,121.34,1.01
3993,2021-03-24,VEN,22127,9581,12546,14664,6807,656,0,ITH,ITH3,5,Veneto,Veneto,4905854,5974856,121.79,0.45
3994,2021-03-10,VEN,19044,8728,10316,12960,5686,398,0,ITH,ITH3,5,Veneto,Veneto,4905854,5993900,122.18,0.39
3995,2021-06-15,VEN,47852,24307,23545,29142,17554,1156,0,ITH,ITH3,5,Veneto,Veneto,4905854,6041752,123.15,0.98
3996,2021-08-11,VEN,26815,14808,12007,15671,10578,566,0,ITH,ITH3,5,Veneto,Veneto,4905854,6068567,123.7,0.55
3997,2021-06-12,VEN,48709,24506,24203,36402,10834,1473,0,ITH,ITH3,5,Veneto,Veneto,4905854,6117276,124.69,0.99
3998,2021-05-02,VEN,37247,17266,19981,25600,10332,1315,0,ITH,ITH3,5,Veneto,Veneto,4905854,6154523,125.45,0.76
3999,2021-06-14,VEN,42635,21564,21071,26293,15321,1021,0,ITH,ITH3,5,Veneto,Veneto,4905854,6197158,126.32,0.87
4000,2021-03-06,VEN,10688,4357,6331,7216,3281,191,0,ITH,ITH3,5,Veneto,Veneto,4905854,6207846,126.54,0.22
4001,2021-08-10,VEN,28513,15644,12869,16433,11476,604,0,ITH,ITH3,5,Veneto,Veneto,4905854,6236359,127.12,0.58
4002,2020-12-30,VEN,699,245,454,699,0,0,0,ITH,ITH3,5,Veneto,Veneto,4905854,6237058,127.14,0.01
4003,2021-08-12,VEN,24183,13093,11090,17321,6164,698,0,ITH,ITH3,5,Veneto,Veneto,4905854,6261241,127.63,0.49
4004,2021-09-24,VEN,6624,3625,2999,2740,3554,168,162,ITH,ITH3,5,Veneto,Veneto,4905854,6267865,127.76,0.14
4005,2021-06-07,VEN,44709,23325,21384,36173,7044,1492,0,ITH,ITH3,5,Veneto,Veneto,4905854,6312574,128.67,0.91
4006,2021-02-27,VEN,8994,2693,6301,7964,849,181,0,ITH,ITH3,5,Veneto,Veneto,4905854,6321568,128.86,0.18
4007,2021-03-04,VEN,12990,4890,8100,9118,3479,393,0,ITH,ITH3,5,Veneto,Veneto,4905854,6334558,129.12,0.26
4008,2021-07-07,VEN,41001,21332,19669,15641,24556,804,0,ITH,ITH3,5,Veneto,Veneto,4905854,6375559,129.96,0.84
4009,2021-08-19,VEN,19597,10686,8911,12249,6813,535,0,ITH,ITH3,5,Veneto,Veneto,4905854,6395156,130.36,0.4
4010,2021-05-11,VEN,33208,16521,16687,27151,4729,1328,0,ITH,ITH3,5,Veneto,Veneto,4905854,6428364,131.03,0.68
4011,2021-01-22,VEN,1080,332,748,25,1055,0,0,ITH,ITH3,5,Veneto,Veneto,4905854,6429444,131.06,0.02
4012,2021-08-21,VEN,12202,6883,5319,8295,3389,518,0,ITH,ITH3,5,Veneto,Veneto,4905854,6441646,131.31,0.25
4013,2021-05-04,VEN,43037,20385,22652,33351,8033,1653,0,ITH,ITH3,5,Veneto,Veneto,4905854,6484683,132.18,0.88
4014,2021-01-24,VEN,4117,1219,2898,28,4089,0,0,ITH,ITH3,5,Veneto,Veneto,4905854,6488800,132.27,0.08
4015,2021-04-07,VEN,36070,16209,19861,27611,7342,1117,0,ITH,ITH3,5,Veneto,Veneto,4905854,6524870,133.0,0.74
4016,2021-07-16,VEN,44755,24079,20676,6953,37336,466,0,ITH,ITH3,5,Veneto,Veneto,4905854,6569625,133.91,0.91
4017,2021-01-31,VEN,4788,1565,3223,407,4381,0,0,ITH,ITH3,5,Veneto,Veneto,4905854,6574413,134.01,0.1
4018,2021-03-29,VEN,31482,13709,17773,26648,3830,1004,0,ITH,ITH3,5,Veneto,Veneto,4905854,6605895,134.65,0.64
4019,2021-05-13,VEN,44356,21890,22466,32580,9921,1855,0,ITH,ITH3,5,Veneto,Veneto,4905854,6650251,135.56,0.9
4020,2021-02-02,VEN,6516,1882,4634,396,6120,0,0,ITH,ITH3,5,Veneto,Veneto,4905854,6656767,135.69,0.13
4021,2021-07-09,VEN,45101,23790,21311,4124,40689,288,0,ITH,ITH3,5,Veneto,Veneto,4905854,6701868,136.61,0.92
4022,2021-03-31,VEN,38995,16466,22529,30436,7507,1052,0,ITH,ITH3,5,Veneto,Veneto,4905854,6740863,137.4,0.79
4023,2021-07-11,VEN,34242,17926,16316,3700,30284,258,0,ITH,ITH3,5,Veneto,Veneto,4905854,6775105,138.1,0.7
4024,2021-01-23,PAT,584,338,246,389,194,1,0,ITH,ITH2,4,Provincia Autonoma Trento,P.A. Trento,541380,584,0.11,0.11
4025,2021-05-03,PAT,4314,2224,2090,3846,157,311,0,ITH,ITH2,4,Provincia Autonoma Trento,P.A. Trento,541380,4898,0.9,0.8
4026,2021-08-13,PAT,5969,3382,2587,2613,3205,151,0,ITH,ITH2,4,Provincia Autonoma Trento,P.A. Trento,541380,10867,2.01,1.1
4027,2021-08-08,PAT,642,342,300,247,387,8,0,ITH,ITH2,4,Provincia Autonoma Trento,P.A. Trento,541380,11509,2.13,0.12
4028,2021-08-27,PAT,3812,2071,1741,942,2779,91,0,ITH,ITH2,4,Provincia Autonoma Trento,P.A. Trento,541380,15321,2.83,0.7
4029,2021-06-29,PAT,6437,3245,3192,2745,3535,157,0,ITH,ITH2,4,Provincia Autonoma Trento,P.A. Trento,541380,21758,4.02,1.19
4030,2021-06-12,PAT,5430,2718,2712,436,4944,50,0,ITH,ITH2,4,Provincia Autonoma Trento,P.A. Trento,541380,27188,5.02,1.0
4031,2021-03-21,PAT,136,74,62,131,0,5,0,ITH,ITH2,4,Provincia Autonoma Trento,P.A. Trento,541380,27324,5.05,0.03
4032,2021-09-08,PAT,1554,784,770,485,1040,29,0,ITH,ITH2,4,Provincia Autonoma Trento,P.A. Trento,541380,28878,5.33,0.29
4033,2021-07-27,PAT,4834,2555,2279,1760,2951,123,0,ITH,ITH2,4,Provincia Autonoma Trento,P.A. Trento,541380,33712,6.23,0.89
4034,2021-05-31,PAT,4808,2215,2593,1609,3088,111,0,ITH,ITH2,4,Provincia Autonoma Trento,P.A. Trento,541380,38520,7.12,0.89
4035,2021-09-22,PAT,1938,1037,901,1121,774,43,0,ITH,ITH2,4,Provincia Autonoma Trento,P.A. Trento,541380,40458,7.47,0.36
4036,2021-04-09,PAT,2807,1195,1612,1529,1209,69,0,ITH,ITH2,4,Provincia Autonoma Trento,P.A. Trento,541380,43265,7.99,0.52
4037,2021-02-11,PAT,1171,377,794,803,367,1,0,ITH,ITH2,4,Provincia Autonoma Trento,P.A. Trento,541380,44436,8.21,0.22
4038,2021-07-18,PAT,465,244,221,116,339,10,0,ITH,ITH2,4,Provincia Autonoma Trento,P.A. Trento,541380,44901,8.29,0.09
4039,2021-02-25,PAT,1656,649,1007,1200,446,10,0,ITH,ITH2,4,Provincia Autonoma Trento,P.A. Trento,541380,46557,8.6,0.31
4040,2020-12-30,PAT,7,3,4,7,0,0,0,ITH,ITH2,4,Provincia Autonoma Trento,P.A. Trento,541380,46564,8.6,0.0
4041,2021-06-05,PAT,4137,1943,2194,690,3367,80,0,ITH,ITH2,4,Provincia Autonoma Trento,P.A. Trento,541380,50701,9.37,0.76
4042,2021-03-09,PAT,1671,620,1051,980,654,37,0,ITH,ITH2,4,Provincia Autonoma Trento,P.A. Trento,541380,52372,9.67,0.31
4043,2021-06-17,PAT,6754,3565,3189,2045,4539,170,0,ITH,ITH2,4,Provincia Autonoma Trento,P.A. Trento,541380,59126,10.92,1.25
4044,2021-02-06,PAT,582,302,280,439,143,0,0,ITH,ITH2,4,Provincia Autonoma Trento,P.A. Trento,541380,59708,11.03,0.11
4045,2021-02-23,PAT,1128,403,725,887,218,23,0,ITH,ITH2,4,Provincia Autonoma Trento,P.A. Trento,541380,60836,11.24,0.21
4046,2021-05-17,PAT,4358,2158,2200,3751,363,244,0,ITH,ITH2,4,Provincia Autonoma Trento,P.A. Trento,541380,65194,12.04,0.8
4047,2021-08-25,PAT,4402,2350,2052,1099,3228,75,0,ITH,ITH2,4,Provincia Autonoma Trento,P.A. Trento,541380,69596,12.86,0.81
4048,2021-07-13,PAT,3847,1956,1891,1776,1934,137,0,ITH,ITH2,4,Provincia Autonoma Trento,P.A. Trento,541380,73443,13.57,0.71
4049,2021-04-21,PAT,2947,1373,1574,2741,51,155,0,ITH,ITH2,4,Provincia Autonoma Trento,P.A. Trento,541380,76390,14.11,0.54
4050,2021-01-28,PAT,554,156,398,51,503,0,0,ITH,ITH2,4,Provincia Autonoma Trento,P.A. Trento,541380,76944,14.21,0.1
4051,2021-01-11,PAT,765,235,530,765,0,0,0,ITH,ITH2,4,Provincia Autonoma Trento,P.A. Trento,541380,77709,14.35,0.14
4052,2021-07-01,PAT,7156,3740,3416,3582,3367,207,0,ITH,ITH2,4,Provincia Autonoma Trento,P.A. Trento,541380,84865,15.68,1.32
4053,2021-05-05,PAT,5061,2612,2449,4432,306,323,0,ITH,ITH2,4,Provincia Autonoma Trento,P.A. Trento,541380,89926,16.61,0.93
4054,2021-08-06,PAT,6482,3571,2911,2677,3684,121,0,ITH,ITH2,4,Provincia Autonoma Trento,P.A. Trento,541380,96408,17.81,1.2
4055,2021-01-16,PAT,322,148,174,322,0,0,0,ITH,ITH2,4,Provincia Autonoma Trento,P.A. Trento,541380,96730,17.87,0.06
4056,2021-03-26,PAT,3278,1282,1996,2519,612,147,0,ITH,ITH2,4,Provincia Autonoma Trento,P.A. Trento,541380,100008,18.47,0.61
4057,2021-06-19,PAT,3147,1723,1424,236,2880,31,0,ITH,ITH2,4,Provincia Autonoma Trento,P.A. Trento,541380,103155,19.05,0.58
4058,2021-07-08,PAT,4168,2215,1953,2511,1484,173,0,ITH,ITH2,4,Provincia Autonoma Trento,P.A. Trento,541380,107323,19.82,0.77
4059,2021-05-24,PAT,4494,2078,2416,1268,3110,116,0,ITH,ITH2,4,Provincia Autonoma Trento,P.A. Trento,541380,111817,20.65,0.83
4060,2021-09-01,PAT,3928,2092,1836,835,3015,78,0,ITH,ITH2,4,Provincia Autonoma Trento,P.A. Trento,541380,115745,21.38,0.73
4061,2021-03-02,PAT,1323,446,877,910,382,31,0,ITH,ITH2,4,Provincia Autonoma Trento,P.A. Trento,541380,117068,21.62,0.24
4062,2021-06-10,PAT,6222,3032,3190,1811,4271,140,0,ITH,ITH2,4,Provincia Autonoma Trento,P.A. Trento,541380,123290,22.77,1.15
4063,2021-09-03,PAT,3495,1913,1582,788,2656,51,0,ITH,ITH2,4,Provincia Autonoma Trento,P.A. Trento,541380,126785,23.42,0.65
4064,2021-09-15,PAT,1662,884,778,461,1143,58,0,ITH,ITH2,4,Provincia Autonoma Trento,P.A. Trento,541380,128447,23.73,0.31
4065,2021-07-20,PAT,4838,2613,2225,1743,2937,158,0,ITH,ITH2,4,Provincia Autonoma Trento,P.A. Trento,541380,133285,24.62,0.89
4066,2021-05-22,PAT,3375,1666,1709,849,2435,91,0,ITH,ITH2,4,Provincia Autonoma Trento,P.A. Trento,541380,136660,25.24,0.62
4067,2021-05-29,PAT,2448,1330,1118,783,1574,91,0,ITH,ITH2,4,Provincia Autonoma Trento,P.A. Trento,541380,139108,25.7,0.45
4068,2021-04-02,PAT,2894,1180,1714,2045,684,165,0,ITH,ITH2,4,Provincia Autonoma Trento,P.A. Trento,541380,142002,26.23,0.53
4069,2021-04-14,PAT,3146,1480,1666,2253,738,155,0,ITH,ITH2,4,Provincia Autonoma Trento,P.A. Trento,541380,145148,26.81,0.58
4070,2021-03-28,PAT,768,304,464,717,2,49,0,ITH,ITH2,4,Provincia Autonoma Trento,P.A. Trento,541380,145916,26.95,0.14
4071,2021-01-04,PAT,905,250,655,903,0,2,0,ITH,ITH2,4,Provincia Autonoma Trento,P.A. Trento,541380,146821,27.12,0.17
4072,2021-07-06,PAT,5243,2765,2478,3114,1932,197,0,ITH,ITH2,4,Provincia Autonoma Trento,P.A. Trento,541380,152064,28.09,0.97
4073,2021-02-16,PAT,676,248,428,660,5,11,0,ITH,ITH2,4,Provincia Autonoma Trento,P.A. Trento,541380,152740,28.21,0.12
4074,2021-04-23,PAT,3668,1786,1882,3428,56,184,0,ITH,ITH2,4,Provincia Autonoma Trento,P.A. Trento,541380,156408,28.89,0.68
4075,2021-01-30,PAT,396,136,260,155,241,0,0,ITH,ITH2,4,Provincia Autonoma Trento,P.A. Trento,541380,156804,28.96,0.07
4076,2021-05-10,PAT,3272,1680,1592,2530,518,224,0,ITH,ITH2,4,Provincia Autonoma Trento,P.A. Trento,541380,160076,29.57,0.6
4077,2021-03-14,PAT,110,67,43,19,89,2,0,ITH,ITH2,4,Provincia Autonoma Trento,P.A. Trento,541380,160186,29.59,0.02
4078,2021-03-07,PAT,24,6,18,24,0,0,0,ITH,ITH2,4,Provincia Autonoma Trento,P.A. Trento,541380,160210,29.59,0.0
4079,2021-01-09,PAT,195,42,153,195,0,0,0,ITH,ITH2,4,Provincia Autonoma Trento,P.A. Trento,541380,160405,29.63,0.04
4080,2021-04-28,PAT,4294,1998,2296,3898,139,257,0,ITH,ITH2,4,Provincia Autonoma Trento,P.A. Trento,541380,164699,30.42,0.79
4081,2021-04-01,PAT,2947,1252,1695,1745,1107,95,0,ITH,ITH2,4,Provincia Autonoma Trento,P.A. Trento,541380,167646,30.97,0.54
4082,2021-09-05,PAT,1,0,1,1,0,0,0,ITH,ITH2,4,Provincia Autonoma Trento,P.A. Trento,541380,167647,30.97,0.0
4083,2021-07-10,PAT,1098,565,533,147,920,31,0,ITH,ITH2,4,Provincia Autonoma Trento,P.A. Trento,541380,168745,31.17,0.2
4084,2021-02-04,PAT,1014,321,693,430,583,1,0,ITH,ITH2,4,Provincia Autonoma Trento,P.A. Trento,541380,169759,31.36,0.19
4085,2021-04-13,PAT,2618,1090,1528,2025,509,84,0,ITH,ITH2,4,Provincia Autonoma Trento,P.A. Trento,541380,172377,31.84,0.48
4086,2021-01-20,PAT,308,77,231,296,12,0,0,ITH,ITH2,4,Provincia Autonoma Trento,P.A. Trento,541380,172685,31.9,0.06
4087,2021-04-30,PAT,4994,2435,2559,4445,163,386,0,ITH,ITH2,4,Provincia Autonoma Trento,P.A. Trento,541380,177679,32.82,0.92
4088,2021-05-19,PAT,5197,2515,2682,3670,1274,253,0,ITH,ITH2,4,Provincia Autonoma Trento,P.A. Trento,541380,182876,33.78,0.96
4089,2021-09-20,PAT,2797,1473,1324,1405,1299,88,5,ITH,ITH2,4,Provincia Autonoma Trento,P.A. Trento,541380,185673,34.3,0.52
4090,2021-03-04,PAT,2392,808,1584,1559,790,43,0,ITH,ITH2,4,Provincia Autonoma Trento,P.A. Trento,541380,188065,34.74,0.44
4091,2021-02-20,PAT,412,247,165,124,287,1,0,ITH,ITH2,4,Provincia Autonoma Trento,P.A. Trento,541380,188477,34.81,0.08
4092,2021-01-18,PAT,690,168,522,631,59,0,0,ITH,ITH2,4,Provincia Autonoma Trento,P.A. Trento,541380,189167,34.94,0.13
4093,2021-03-18,PAT,2336,964,1372,1222,1089,25,0,ITH,ITH2,4,Provincia Autonoma Trento,P.A. Trento,541380,191503,35.37,0.43
4094,2021-06-09,PAT,6336,3125,3211,2115,4135,86,0,ITH,ITH2,4,Provincia Autonoma Trento,P.A. Trento,541380,197839,36.54,1.17
4095,2021-06-26,PAT,1439,756,683,676,727,36,0,ITH,ITH2,4,Provincia Autonoma Trento,P.A. Trento,541380,199278,36.81,0.27
4096,2021-03-23,PAT,2484,962,1522,1629,755,100,0,ITH,ITH2,4,Provincia Autonoma Trento,P.A. Trento,541380,201762,37.27,0.46
4097,2021-05-28,PAT,3806,1768,2038,1399,2266,141,0,ITH,ITH2,4,Provincia Autonoma Trento,P.A. Trento,541380,205568,37.97,0.7
4098,2021-01-25,PAT,849,231,618,25,824,0,0,ITH,ITH2,4,Provincia Autonoma Trento,P.A. Trento,541380,206417,38.13,0.16
4099,2021-03-25,PAT,2919,1129,1790,1744,1062,113,0,ITH,ITH2,4,Provincia Autonoma Trento,P.A. Trento,541380,209336,38.67,0.54
4100,2021-07-03,PAT,1268,681,587,78,1185,5,0,ITH,ITH2,4,Provincia Autonoma Trento,P.A. Trento,541380,210604,38.9,0.23
4101,2021-09-10,PAT,2464,1277,1187,745,1639,80,0,ITH,ITH2,4,Provincia Autonoma Trento,P.A. Trento,541380,213068,39.36,0.46
4102,2021-06-02,PAT,2884,1383,1501,894,1916,74,0,ITH,ITH2,4,Provincia Autonoma Trento,P.A. Trento,541380,215952,39.89,0.53
4103,2021-01-27,PAT,873,310,563,115,756,2,0,ITH,ITH2,4,Provincia Autonoma Trento,P.A. Trento,541380,216825,40.05,0.16
4104,2021-02-13,PAT,543,335,208,174,369,0,0,ITH,ITH2,4,Provincia Autonoma Trento,P.A. Trento,541380,217368,40.15,0.1
4105,2021-08-24,PAT,4616,2473,2143,1308,3212,96,0,ITH,ITH2,4,Provincia Autonoma Trento,P.A. Trento,541380,221984,41.0,0.85
4106,2021-07-24,PAT,996,548,448,516,445,35,0,ITH,ITH2,4,Provincia Autonoma Trento,P.A. Trento,541380,222980,41.19,0.18
4107,2021-05-02,PAT,3565,1980,1585,3294,39,232,0,ITH,ITH2,4,Provincia Autonoma Trento,P.A. Trento,541380,226545,41.85,0.66
4108,2021-08-10,PAT,6010,3211,2799,2921,2898,191,0,ITH,ITH2,4,Provincia Autonoma Trento,P.A. Trento,541380,232555,42.96,1.11
4109,2021-04-16,PAT,2907,1378,1529,2598,150,159,0,ITH,ITH2,4,Provincia Autonoma Trento,P.A. Trento,541380,235462,43.49,0.54
4110,2021-02-18,PAT,1437,505,932,1350,69,18,0,ITH,ITH2,4,Provincia Autonoma Trento,P.A. Trento,541380,236899,43.76,0.27
4111,2021-07-25,PAT,366,205,161,139,218,9,0,ITH,ITH2,4,Provincia Autonoma Trento,P.A. Trento,541380,237265,43.83,0.07
4112,2021-01-06,PAT,43,13,30,43,0,0,0,ITH,ITH2,4,Provincia Autonoma Trento,P.A. Trento,541380,237308,43.83,0.01
4113,2021-01-08,PAT,1539,342,1197,1538,0,1,0,ITH,ITH2,4,Provincia Autonoma Trento,P.A. Trento,541380,238847,44.12,0.28
4114,2021-06-14,PAT,5821,3010,2811,2042,3657,122,0,ITH,ITH2,4,Provincia Autonoma Trento,P.A. Trento,541380,244668,45.19,1.08
4115,2021-04-18,PAT,1865,850,1015,1795,9,61,0,ITH,ITH2,4,Provincia Autonoma Trento,P.A. Trento,541380,246533,45.54,0.34
4116,2021-03-06,PAT,814,285,529,617,154,43,0,ITH,ITH2,4,Provincia Autonoma Trento,P.A. Trento,541380,247347,45.69,0.15
4117,2021-04-11,PAT,2393,1161,1232,2201,99,93,0,ITH,ITH2,4,Provincia Autonoma Trento,P.A. Trento,541380,249740,46.13,0.44
4118,2021-06-28,PAT,6965,3602,3363,2936,3869,160,0,ITH,ITH2,4,Provincia Autonoma Trento,P.A. Trento,541380,256705,47.42,1.29
4119,2021-04-06,PAT,2288,969,1319,1459,770,59,0,ITH,ITH2,4,Provincia Autonoma Trento,P.A. Trento,541380,258993,47.84,0.42
4120,2021-07-15,PAT,4304,2306,1998,1792,2367,145,0,ITH,ITH2,4,Provincia Autonoma Trento,P.A. Trento,541380,263297,48.63,0.8
4121,2021-09-19,PAT,480,307,173,297,167,16,0,ITH,ITH2,4,Provincia Autonoma Trento,P.A. Trento,541380,263777,48.72,0.09
4122,2021-01-13,PAT,444,131,313,444,0,0,0,ITH,ITH2,4,Provincia Autonoma Trento,P.A. Trento,541380,264221,48.81,0.08
4123,2021-03-11,PAT,2633,989,1644,1512,1061,60,0,ITH,ITH2,4,Provincia Autonoma Trento,P.A. Trento,541380,266854,49.29,0.49
4124,2021-07-22,PAT,4786,2590,2196,1896,2741,149,0,ITH,ITH2,4,Provincia Autonoma Trento,P.A. Trento,541380,271640,50.18,0.88
4125,2021-07-07,PAT,4533,2435,2098,2920,1410,203,0,ITH,ITH2,4,Provincia Autonoma Trento,P.A. Trento,541380,276173,51.01,0.84
4126,2021-01-03,PAT,503,166,337,503,0,0,0,ITH,ITH2,4,Provincia Autonoma Trento,P.A. Trento,541380,276676,51.11,0.09
4127,2021-03-30,PAT,2467,999,1468,1672,693,102,0,ITH,ITH2,4,Provincia Autonoma Trento,P.A. Trento,541380,279143,51.56,0.46
4128,2021-05-07,PAT,6092,3133,2959,4854,854,384,0,ITH,ITH2,4,Provincia Autonoma Trento,P.A. Trento,541380,285235,52.69,1.13
4129,2021-04-20,PAT,2910,1388,1522,2691,37,182,0,ITH,ITH2,4,Provincia Autonoma Trento,P.A. Trento,541380,288145,53.22,0.54
4130,2021-05-09,PAT,2357,1226,1131,1869,347,141,0,ITH,ITH2,4,Provincia Autonoma Trento,P.A. Trento,541380,290502,53.66,0.44
4131,2021-08-17,PAT,5479,2894,2585,1972,3368,139,0,ITH,ITH2,4,Provincia Autonoma Trento,P.A. Trento,541380,295981,54.67,1.01
4132,2021-02-15,PAT,547,193,354,419,126,2,0,ITH,ITH2,4,Provincia Autonoma Trento,P.A. Trento,541380,296528,54.77,0.1
4133,2021-05-26,PAT,3971,1873,2098,1118,2730,123,0,ITH,ITH2,4,Provincia Autonoma Trento,P.A. Trento,541380,300499,55.51,0.73
4134,2021-08-02,PAT,5383,2852,2531,1607,3704,72,0,ITH,ITH2,4,Provincia Autonoma Trento,P.A. Trento,541380,305882,56.5,0.99
4135,2021-09-17,PAT,1551,811,740,536,969,46,0,ITH,ITH2,4,Provincia Autonoma Trento,P.A. Trento,541380,307433,56.79,0.29
4136,2021-08-05,PAT,6396,3498,2898,2952,3321,123,0,ITH,ITH2,4,Provincia Autonoma Trento,P.A. Trento,541380,313829,57.97,1.18
4137,2021-08-12,PAT,5714,3054,2660,2212,3325,177,0,ITH,ITH2,4,Provincia Autonoma Trento,P.A. Trento,541380,319543,59.02,1.06
4138,2021-07-29,PAT,5494,2922,2572,2642,2720,132,0,ITH,ITH2,4,Provincia Autonoma Trento,P.A. Trento,541380,325037,60.04,1.01
4139,2021-03-13,PAT,965,496,469,841,48,76,0,ITH,ITH2,4,Provincia Autonoma Trento,P.A. Trento,541380,326002,60.22,0.18
4140,2021-07-05,PAT,5436,2850,2586,3789,1394,253,0,ITH,ITH2,4,Provincia Autonoma Trento,P.A. Trento,541380,331438,61.22,1.0
4141,2021-09-12,PAT,7,4,3,3,4,0,0,ITH,ITH2,4,Provincia Autonoma Trento,P.A. Trento,541380,331445,61.22,0.0
4142,2021-06-21,PAT,6261,3387,2874,3644,2426,191,0,ITH,ITH2,4,Provincia Autonoma Trento,P.A. Trento,541380,337706,62.38,1.16
4143,2021-07-21,PAT,4719,2528,2191,1521,3092,106,0,ITH,ITH2,4,Provincia Autonoma Trento,P.A. Trento,541380,342425,63.25,0.87
4144,2021-08-09,PAT,5360,2859,2501,2297,2921,142,0,ITH,ITH2,4,Provincia Autonoma Trento,P.A. Trento,541380,347785,64.24,0.99
4145,2021-08-26,PAT,4139,2172,1967,1083,2952,104,0,ITH,ITH2,4,Provincia Autonoma Trento,P.A. Trento,541380,351924,65.0,0.76
4146,2021-06-06,PAT,2269,1080,1189,431,1817,21,0,ITH,ITH2,4,Provincia Autonoma Trento,P.A. Trento,541380,354193,65.42,0.42
4147,2021-09-14,PAT,1975,987,988,583,1344,48,0,ITH,ITH2,4,Provincia Autonoma Trento,P.A. Trento,541380,356168,65.79,0.36
4148,2021-07-12,PAT,4278,2155,2123,2032,2043,203,0,ITH,ITH2,4,Provincia Autonoma Trento,P.A. Trento,541380,360446,66.58,0.79
4149,2021-02-17,PAT,1175,450,725,1058,112,5,0,ITH,ITH2,4,Provincia Autonoma Trento,P.A. Trento,541380,361621,66.8,0.22
4150,2021-09-16,PAT,1820,920,900,558,1209,53,0,ITH,ITH2,4,Provincia Autonoma Trento,P.A. Trento,541380,363441,67.13,0.34
4151,2021-02-27,PAT,1055,469,586,607,428,20,0,ITH,ITH2,4,Provincia Autonoma Trento,P.A. Trento,541380,364496,67.33,0.19
4152,2021-08-03,PAT,6229,3364,2865,2488,3601,140,0,ITH,ITH2,4,Provincia Autonoma Trento,P.A. Trento,541380,370725,68.48,1.15
4153,2021-01-01,PAT,222,51,171,222,0,0,0,ITH,ITH2,4,Provincia Autonoma Trento,P.A. Trento,541380,370947,68.52,0.04
4154,2021-06-07,PAT,5895,2932,2963,2678,3031,186,0,ITH,ITH2,4,Provincia Autonoma Trento,P.A. Trento,541380,376842,69.61,1.09
4155,2021-04-25,PAT,2003,953,1050,1871,7,125,0,ITH,ITH2,4,Provincia Autonoma Trento,P.A. Trento,541380,378845,69.98,0.37
4156,2021-08-28,PAT,1348,829,519,555,756,37,0,ITH,ITH2,4,Provincia Autonoma Trento,P.A. Trento,541380,380193,70.23,0.25
4157,2021-02-12,PAT,1033,346,687,592,439,2,0,ITH,ITH2,4,Provincia Autonoma Trento,P.A. Trento,541380,381226,70.42,0.19
4158,2021-06-16,PAT,6329,3418,2911,1990,4215,124,0,ITH,ITH2,4,Provincia Autonoma Trento,P.A. Trento,541380,387555,71.59,1.17
4159,2021-09-24,PAT,614,318,296,335,270,9,0,ITH,ITH2,4,Provincia Autonoma Trento,P.A. Trento,541380,388169,71.7,0.11
4160,2021-03-15,PAT,1453,573,880,929,469,55,0,ITH,ITH2,4,Provincia Autonoma Trento,P.A. Trento,541380,389622,71.97,0.27
4161,2021-08-19,PAT,4638,2487,2151,1116,3437,85,0,ITH,ITH2,4,Provincia Autonoma Trento,P.A. Trento,541380,394260,72.83,0.86
4162,2021-01-17,PAT,255,199,56,255,0,0,0,ITH,ITH2,4,Provincia Autonoma Trento,P.A. Trento,541380,394515,72.87,0.05
4163,2021-06-23,PAT,6696,3547,3149,4626,1872,198,0,ITH,ITH2,4,Provincia Autonoma Trento,P.A. Trento,541380,401211,74.11,1.24
4164,2021-02-22,PAT,755,262,493,663,86,6,0,ITH,ITH2,4,Provincia Autonoma Trento,P.A. Trento,541380,401966,74.25,0.14
4165,2021-05-18,PAT,4325,2048,2277,3170,870,285,0,ITH,ITH2,4,Provincia Autonoma Trento,P.A. Trento,541380,406291,75.05,0.8
4166,2021-09-09,PAT,1714,850,864,597,1061,56,0,ITH,ITH2,4,Provincia Autonoma Trento,P.A. Trento,541380,408005,75.36,0.32
4167,2021-05-30,PAT,1777,876,901,864,843,70,0,ITH,ITH2,4,Provincia Autonoma Trento,P.A. Trento,541380,409782,75.69,0.33
4168,2021-04-03,PAT,1183,487,696,936,178,69,0,ITH,ITH2,4,Provincia Autonoma Trento,P.A. Trento,541380,410965,75.91,0.22
4169,2021-09-07,PAT,2909,1497,1412,845,1991,73,0,ITH,ITH2,4,Provincia Autonoma Trento,P.A. Trento,541380,413874,76.45,0.54
4170,2021-08-21,PAT,1324,786,538,609,672,43,0,ITH,ITH2,4,Provincia Autonoma Trento,P.A. Trento,541380,415198,76.69,0.24
4171,2021-06-25,PAT,7805,4162,3643,4158,3449,198,0,ITH,ITH2,4,Provincia Autonoma Trento,P.A. Trento,541380,423003,78.13,1.44
4172,2021-01-10,PAT,87,20,67,87,0,0,0,ITH,ITH2,4,Provincia Autonoma Trento,P.A. Trento,541380,423090,78.15,0.02
4173,2021-01-29,PAT,1428,365,1063,56,1372,0,0,ITH,ITH2,4,Provincia Autonoma Trento,P.A. Trento,541380,424518,78.41,0.26
4174,2021-07-14,PAT,4202,2184,2018,1696,2357,149,0,ITH,ITH2,4,Provincia Autonoma Trento,P.A. Trento,541380,428720,79.19,0.78
4175,2021-04-29,PAT,4706,2268,2438,4176,214,316,0,ITH,ITH2,4,Provincia Autonoma Trento,P.A. Trento,541380,433426,80.06,0.87
4176,2021-08-07,PAT,1631,935,696,817,771,43,0,ITH,ITH2,4,Provincia Autonoma Trento,P.A. Trento,541380,435057,80.36,0.3
4177,2021-01-22,PAT,1748,459,1289,350,1396,2,0,ITH,ITH2,4,Provincia Autonoma Trento,P.A. Trento,541380,436805,80.68,0.32
4178,2021-02-05,PAT,835,288,547,285,550,0,0,ITH,ITH2,4,Provincia Autonoma Trento,P.A. Trento,541380,437640,80.84,0.15
4179,2021-05-16,PAT,1361,759,602,1043,248,70,0,ITH,ITH2,4,Provincia Autonoma Trento,P.A. Trento,541380,439001,81.09,0.25
4180,2021-01-05,PAT,759,262,497,759,0,0,0,ITH,ITH2,4,Provincia Autonoma Trento,P.A. Trento,541380,439760,81.23,0.14
4181,2021-03-01,PAT,1256,460,796,928,303,25,0,ITH,ITH2,4,Provincia Autonoma Trento,P.A. Trento,541380,441016,81.46,0.23
4182,2021-03-20,PAT,888,409,479,663,211,14,0,ITH,ITH2,4,Provincia Autonoma Trento,P.A. Trento,541380,441904,81.63,0.16
4183,2021-03-03,PAT,1672,628,1044,1115,520,37,0,ITH,ITH2,4,Provincia Autonoma Trento,P.A. Trento,541380,443576,81.93,0.31
4184,2021-09-02,PAT,3359,1757,1602,953,2356,50,0,ITH,ITH2,4,Provincia Autonoma Trento,P.A. Trento,541380,446935,82.55,0.62
4185,2021-06-11,PAT,7315,3480,3835,1493,5715,107,0,ITH,ITH2,4,Provincia Autonoma Trento,P.A. Trento,541380,454250,83.91,1.35
4186,2021-06-13,PAT,3735,2062,1673,279,3430,26,0,ITH,ITH2,4,Provincia Autonoma Trento,P.A. Trento,541380,457985,84.6,0.69
4187,2021-05-11,PAT,3745,1770,1975,2640,863,242,0,ITH,ITH2,4,Provincia Autonoma Trento,P.A. Trento,541380,461730,85.29,0.69
4188,2021-04-27,PAT,3958,1903,2055,3595,70,293,0,ITH,ITH2,4,Provincia Autonoma Trento,P.A. Trento,541380,465688,86.02,0.73
4189,2021-05-04,PAT,4574,2490,2084,4172,97,305,0,ITH,ITH2,4,Provincia Autonoma Trento,P.A. Trento,541380,470262,86.86,0.84
4190,2021-03-08,PAT,1427,439,988,1043,354,30,0,ITH,ITH2,4,Provincia Autonoma Trento,P.A. Trento,541380,471689,87.13,0.26
4191,2021-03-22,PAT,2350,995,1355,1406,885,59,0,ITH,ITH2,4,Provincia Autonoma Trento,P.A. Trento,541380,474039,87.56,0.43
4192,2021-01-24,PAT,562,285,277,226,336,0,0,ITH,ITH2,4,Provincia Autonoma Trento,P.A. Trento,541380,474601,87.67,0.1
4193,2021-06-30,PAT,6887,3538,3349,2680,4058,149,0,ITH,ITH2,4,Provincia Autonoma Trento,P.A. Trento,541380,481488,88.94,1.27
4194,2021-03-12,PAT,2603,991,1612,1709,815,79,0,ITH,ITH2,4,Provincia Autonoma Trento,P.A. Trento,541380,484091,89.42,0.48
4195,2021-06-20,PAT,1901,1051,850,31,1865,5,0,ITH,ITH2,4,Provincia Autonoma Trento,P.A. Trento,541380,485992,89.77,0.35
4196,2021-09-13,PAT,2430,1303,1127,820,1550,60,0,ITH,ITH2,4,Provincia Autonoma Trento,P.A. Trento,541380,488422,90.22,0.45
4197,2021-01-02,PAT,522,149,373,522,0,0,0,ITH,ITH2,4,Provincia Autonoma Trento,P.A. Trento,541380,488944,90.31,0.1
4198,2021-03-29,PAT,2573,1011,1562,1699,743,131,0,ITH,ITH2,4,Provincia Autonoma Trento,P.A. Trento,541380,491517,90.79,0.48
4199,2021-08-14,PAT,290,156,134,51,236,3,0,ITH,ITH2,4,Provincia Autonoma Trento,P.A. Trento,541380,491807,90.84,0.05
4200,2021-07-02,PAT,7433,4041,3392,3577,3598,258,0,ITH,ITH2,4,Provincia Autonoma Trento,P.A. Trento,541380,499240,92.22,1.37
4201,2021-01-15,PAT,628,149,479,627,0,1,0,ITH,ITH2,4,Provincia Autonoma Trento,P.A. Trento,541380,499868,92.33,0.12
4202,2021-04-15,PAT,3234,1459,1775,2830,156,248,0,ITH,ITH2,4,Provincia Autonoma Trento,P.A. Trento,541380,503102,92.93,0.6
4203,2021-06-18,PAT,7069,3761,3308,1782,5190,97,0,ITH,ITH2,4,Provincia Autonoma Trento,P.A. Trento,541380,510171,94.24,1.31
4204,2021-03-27,PAT,1673,747,926,1322,263,88,0,ITH,ITH2,4,Provincia Autonoma Trento,P.A. Trento,541380,511844,94.54,0.31
4205,2021-06-04,PAT,5932,2653,3279,1730,4063,139,0,ITH,ITH2,4,Provincia Autonoma Trento,P.A. Trento,541380,517776,95.64,1.1
4206,2021-04-22,PAT,3178,1484,1694,2947,46,185,0,ITH,ITH2,4,Provincia Autonoma Trento,P.A. Trento,541380,520954,96.23,0.59
4207,2021-07-31,PAT,1500,859,641,1076,383,41,0,ITH,ITH2,4,Provincia Autonoma Trento,P.A. Trento,541380,522454,96.5,0.28
4208,2021-04-07,PAT,2656,1029,1627,1577,955,124,0,ITH,ITH2,4,Provincia Autonoma Trento,P.A. Trento,541380,525110,96.99,0.49
4209,2021-07-16,PAT,4607,2376,2231,1729,2712,166,0,ITH,ITH2,4,Provincia Autonoma Trento,P.A. Trento,541380,529717,97.85,0.85
4210,2020-12-27,PAT,107,43,64,107,0,0,0,ITH,ITH2,4,Provincia Autonoma Trento,P.A. Trento,541380,529824,97.87,0.02
4211,2021-09-21,PAT,2401,1260,1141,1105,1220,64,12,ITH,ITH2,4,Provincia Autonoma Trento,P.A. Trento,541380,532225,98.31,0.44
4212,2021-04-24,PAT,3583,1716,1867,3355,16,212,0,ITH,ITH2,4,Provincia Autonoma Trento,P.A. Trento,541380,535808,98.97,0.66
4213,2021-02-26,PAT,1257,445,812,932,299,26,0,ITH,ITH2,4,Provincia Autonoma Trento,P.A. Trento,541380,537065,99.2,0.23
4214,2021-01-14,PAT,731,218,513,729,0,2,0,ITH,ITH2,4,Provincia Autonoma Trento,P.A. Trento,541380,537796,99.34,0.14
4215,2021-02-28,PAT,246,122,124,236,0,10,0,ITH,ITH2,4,Provincia Autonoma Trento,P.A. Trento,541380,538042,99.38,0.05
4216,2021-08-04,PAT,6216,3316,2900,2577,3500,139,0,ITH,ITH2,4,Provincia Autonoma Trento,P.A. Trento,541380,544258,100.53,1.15
4217,2021-06-08,PAT,6048,2920,3128,1781,4133,134,0,ITH,ITH2,4,Provincia Autonoma Trento,P.A. Trento,541380,550306,101.65,1.12
4218,2021-04-26,PAT,2676,1260,1416,2411,96,169,0,ITH,ITH2,4,Provincia Autonoma Trento,P.A. Trento,541380,552982,102.14,0.49
4219,2021-04-12,PAT,3158,1455,1703,2526,505,127,0,ITH,ITH2,4,Provincia Autonoma Trento,P.A. Trento,541380,556140,102.73,0.58
4220,2021-01-21,PAT,376,104,272,247,129,0,0,ITH,ITH2,4,Provincia Autonoma Trento,P.A. Trento,541380,556516,102.8,0.07
4221,2021-05-01,PAT,4891,2486,2405,4551,37,303,0,ITH,ITH2,4,Provincia Autonoma Trento,P.A. Trento,541380,561407,103.7,0.9
4222,2021-05-20,PAT,5129,2409,2720,3154,1690,285,0,ITH,ITH2,4,Provincia Autonoma Trento,P.A. Trento,541380,566536,104.65,0.95
4223,2021-03-24,PAT,2417,963,1454,1467,827,123,0,ITH,ITH2,4,Provincia Autonoma Trento,P.A. Trento,541380,568953,105.09,0.45
4224,2021-02-09,PAT,952,303,649,448,503,1,0,ITH,ITH2,4,Provincia Autonoma Trento,P.A. Trento,541380,569905,105.27,0.18
4225,2021-03-17,PAT,2131,813,1318,1130,907,94,0,ITH,ITH2,4,Provincia Autonoma Trento,P.A. Trento,541380,572036,105.66,0.39
4226,2021-07-30,PAT,5864,3103,2761,2290,3450,124,0,ITH,ITH2,4,Provincia Autonoma Trento,P.A. Trento,541380,577900,106.75,1.08
4227,2021-08-16,PAT,4867,2571,2296,1838,2913,116,0,ITH,ITH2,4,Provincia Autonoma Trento,P.A. Trento,541380,582767,107.64,0.9
4228,2021-05-25,PAT,4871,2317,2554,1743,2976,152,0,ITH,ITH2,4,Provincia Autonoma Trento,P.A. Trento,541380,587638,108.54,0.9
4229,2021-05-08,PAT,3196,1744,1452,2570,426,200,0,ITH,ITH2,4,Provincia Autonoma Trento,P.A. Trento,541380,590834,109.13,0.59
4230,2021-09-18,PAT,1612,945,667,874,686,52,0,ITH,ITH2,4,Provincia Autonoma Trento,P.A. Trento,541380,592446,109.43,0.3
4231,2021-06-27,PAT,1369,736,633,395,961,13,0,ITH,ITH2,4,Provincia Autonoma Trento,P.A. Trento,541380,593815,109.69,0.25
4232,2021-02-24,PAT,1373,543,830,943,406,24,0,ITH,ITH2,4,Provincia Autonoma Trento,P.A. Trento,541380,595188,109.94,0.25
4233,2021-06-03,PAT,4845,2279,2566,1237,3515,93,0,ITH,ITH2,4,Provincia Autonoma Trento,P.A. Trento,541380,600033,110.83,0.89
4234,2021-09-11,PAT,699,399,300,468,193,38,0,ITH,ITH2,4,Provincia Autonoma Trento,P.A. Trento,541380,600732,110.96,0.13
4235,2021-01-31,PAT,77,16,61,1,76,0,0,ITH,ITH2,4,Provincia Autonoma Trento,P.A. Trento,541380,600809,110.98,0.01
4236,2021-02-19,PAT,945,366,579,847,65,33,0,ITH,ITH2,4,Provincia Autonoma Trento,P.A. Trento,541380,601754,111.15,0.17
4237,2021-08-11,PAT,5852,3153,2699,3118,2570,164,0,ITH,ITH2,4,Provincia Autonoma Trento,P.A. Trento,541380,607606,112.23,1.08
4238,2021-02-21,PAT,158,95,63,44,114,0,0,ITH,ITH2,4,Provincia Autonoma Trento,P.A. Trento,541380,607764,112.26,0.03
4239,2021-05-15,PAT,1610,838,772,650,918,42,0,ITH,ITH2,4,Provincia Autonoma Trento,P.A. Trento,541380,609374,112.56,0.3
4240,2021-06-01,PAT,4109,1926,2183,1080,2914,115,0,ITH,ITH2,4,Provincia Autonoma Trento,P.A. Trento,541380,613483,113.32,0.76
4241,2021-02-14,PAT,250,189,61,11,239,0,0,ITH,ITH2,4,Provincia Autonoma Trento,P.A. Trento,541380,613733,113.36,0.05
4242,2021-08-18,PAT,4643,2556,2087,1450,3104,89,0,ITH,ITH2,4,Provincia Autonoma Trento,P.A. Trento,541380,618376,114.22,0.86
4243,2021-05-27,PAT,4381,2035,2346,1164,3083,134,0,ITH,ITH2,4,Provincia Autonoma Trento,P.A. Trento,541380,622757,115.03,0.81
4244,2021-09-04,PAT,937,547,390,485,412,40,0,ITH,ITH2,4,Provincia Autonoma Trento,P.A. Trento,541380,623694,115.2,0.17
4245,2021-01-12,PAT,542,174,368,541,0,1,0,ITH,ITH2,4,Provincia Autonoma Trento,P.A. Trento,541380,624236,115.3,0.1
4246,2021-03-19,PAT,2467,925,1542,1503,881,83,0,ITH,ITH2,4,Provincia Autonoma Trento,P.A. Trento,541380,626703,115.76,0.46
4247,2021-04-05,PAT,35,17,18,30,2,3,0,ITH,ITH2,4,Provincia Autonoma Trento,P.A. Trento,541380,626738,115.77,0.01
4248,2021-02-02,PAT,943,255,688,192,751,0,0,ITH,ITH2,4,Provincia Autonoma Trento,P.A. Trento,541380,627681,115.94,0.17
4249,2021-07-09,PAT,5163,2739,2424,3050,1890,223,0,ITH,ITH2,4,Provincia Autonoma Trento,P.A. Trento,541380,632844,116.89,0.95
4250,2021-05-13,PAT,3459,1608,1851,2101,1127,231,0,ITH,ITH2,4,Provincia Autonoma Trento,P.A. Trento,541380,636303,117.53,0.64
4251,2021-03-31,PAT,2627,1002,1625,1659,868,100,0,ITH,ITH2,4,Provincia Autonoma Trento,P.A. Trento,541380,638930,118.02,0.49
4252,2021-01-26,PAT,577,173,404,28,549,0,0,ITH,ITH2,4,Provincia Autonoma Trento,P.A. Trento,541380,639507,118.13,0.11
4253,2021-05-06,PAT,5619,2796,2823,4447,795,377,0,ITH,ITH2,4,Provincia Autonoma Trento,P.A. Trento,541380,645126,119.16,1.04
4254,2021-01-19,PAT,434,89,345,434,0,0,0,ITH,ITH2,4,Provincia Autonoma Trento,P.A. Trento,541380,645560,119.24,0.08
4255,2021-07-23,PAT,4777,2448,2329,1660,2961,156,0,ITH,ITH2,4,Provincia Autonoma Trento,P.A. Trento,541380,650337,120.13,0.88
4256,2021-03-10,PAT,2486,973,1513,1473,948,65,0,ITH,ITH2,4,Provincia Autonoma Trento,P.A. Trento,541380,652823,120.58,0.46
4257,2021-07-04,PAT,227,127,100,67,158,2,0,ITH,ITH2,4,Provincia Autonoma Trento,P.A. Trento,541380,653050,120.63,0.04
4258,2021-08-30,PAT,3907,1989,1918,1190,2600,117,0,ITH,ITH2,4,Provincia Autonoma Trento,P.A. Trento,541380,656957,121.35,0.72
4259,2021-08-23,PAT,4346,2293,2053,1436,2742,168,0,ITH,ITH2,4,Provincia Autonoma Trento,P.A. Trento,541380,661303,122.15,0.8
4260,2021-09-06,PAT,3147,1653,1494,973,2070,104,0,ITH,ITH2,4,Provincia Autonoma Trento,P.A. Trento,541380,664450,122.73,0.58
4261,2021-07-11,PAT,1037,567,470,131,897,9,0,ITH,ITH2,4,Provincia Autonoma Trento,P.A. Trento,541380,665487,122.92,0.19
4262,2021-06-24,PAT,6058,3172,2886,3647,2210,201,0,ITH,ITH2,4,Provincia Autonoma Trento,P.A. Trento,541380,671545,124.04,1.12
4263,2021-05-12,PAT,3352,1513,1839,1961,1221,170,0,ITH,ITH2,4,Provincia Autonoma Trento,P.A. Trento,541380,674897,124.66,0.62
4264,2021-03-16,PAT,1407,514,893,581,792,34,0,ITH,ITH2,4,Provincia Autonoma Trento,P.A. Trento,541380,676304,124.92,0.26
4265,2021-08-20,PAT,5233,2889,2344,1503,3626,104,0,ITH,ITH2,4,Provincia Autonoma Trento,P.A. Trento,541380,681537,125.89,0.97
4266,2021-05-14,PAT,5450,2616,2834,3717,1431,302,0,ITH,ITH2,4,Provincia Autonoma Trento,P.A. Trento,541380,686987,126.9,1.01
4267,2021-08-22,PAT,411,246,165,225,170,16,0,ITH,ITH2,4,Provincia Autonoma Trento,P.A. Trento,541380,687398,126.97,0.08
4268,2021-02-08,PAT,1195,333,862,348,847,0,0,ITH,ITH2,4,Provincia Autonoma Trento,P.A. Trento,541380,688593,127.19,0.22
4269,2021-08-29,PAT,617,347,270,313,279,25,0,ITH,ITH2,4,Provincia Autonoma Trento,P.A. Trento,541380,689210,127.31,0.11
4270,2021-07-17,PAT,1100,537,563,270,809,21,0,ITH,ITH2,4,Provincia Autonoma Trento,P.A. Trento,541380,690310,127.51,0.2
4271,2021-05-21,PAT,5218,2507,2711,3136,1808,274,0,ITH,ITH2,4,Provincia Autonoma Trento,P.A. Trento,541380,695528,128.47,0.96
4272,2021-02-01,PAT,1278,356,922,98,1180,0,0,ITH,ITH2,4,Provincia Autonoma Trento,P.A. Trento,541380,696806,128.71,0.24
4273,2021-08-31,PAT,4418,2300,2118,1253,3062,103,0,ITH,ITH2,4,Provincia Autonoma Trento,P.A. Trento,541380,701224,129.53,0.82
4274,2021-02-03,PAT,877,326,551,417,460,0,0,ITH,ITH2,4,Provincia Autonoma Trento,P.A. Trento,541380,702101,129.69,0.16
4275,2021-07-19,PAT,4819,2538,2281,1451,3227,141,0,ITH,ITH2,4,Provincia Autonoma Trento,P.A. Trento,541380,706920,130.58,0.89
4276,2021-05-23,PAT,1995,1015,980,430,1535,30,0,ITH,ITH2,4,Provincia Autonoma Trento,P.A. Trento,541380,708915,130.95,0.37
4277,2021-04-10,PAT,2879,1352,1527,1996,804,79,0,ITH,ITH2,4,Provincia Autonoma Trento,P.A. Trento,541380,711794,131.48,0.53
4278,2021-02-10,PAT,872,295,577,513,358,1,0,ITH,ITH2,4,Provincia Autonoma Trento,P.A. Trento,541380,712666,131.64,0.16
4279,2021-07-26,PAT,3903,2058,1845,833,2996,74,0,ITH,ITH2,4,Provincia Autonoma Trento,P.A. Trento,541380,716569,132.36,0.72
4280,2021-04-08,PAT,3182,1336,1846,1954,1133,95,0,ITH,ITH2,4,Provincia Autonoma Trento,P.A. Trento,541380,719751,132.95,0.59
4281,2020-12-31,PAT,1701,480,1221,1701,0,0,0,ITH,ITH2,4,Provincia Autonoma Trento,P.A. Trento,541380,721452,133.26,0.31
4282,2021-06-22,PAT,6387,3479,2908,3628,2568,191,0,ITH,ITH2,4,Provincia Autonoma Trento,P.A. Trento,541380,727839,134.44,1.18
4283,2021-03-05,PAT,2311,736,1575,1646,569,96,0,ITH,ITH2,4,Provincia Autonoma Trento,P.A. Trento,541380,730150,134.87,0.43
4284,2021-01-07,PAT,1302,329,973,1299,0,3,0,ITH,ITH2,4,Provincia Autonoma Trento,P.A. Trento,541380,731452,135.11,0.24
4285,2021-04-17,PAT,2254,1149,1105,2091,57,106,0,ITH,ITH2,4,Provincia Autonoma Trento,P.A. Trento,541380,733706,135.53,0.42
4286,2021-04-19,PAT,2646,1244,1402,2428,23,195,0,ITH,ITH2,4,Provincia Autonoma Trento,P.A. Trento,541380,736352,136.01,0.49
4287,2021-09-23,PAT,2103,1161,942,1146,901,50,6,ITH,ITH2,4,Provincia Autonoma Trento,P.A. Trento,541380,738455,136.4,0.39
4288,2021-07-28,PAT,4878,2673,2205,2159,2574,145,0,ITH,ITH2,4,Provincia Autonoma Trento,P.A. Trento,541380,743333,137.3,0.9
4289,2021-06-15,PAT,6336,3343,2993,1629,4567,140,0,ITH,ITH2,4,Provincia Autonoma Trento,P.A. Trento,541380,749669,138.47,1.17
4290,2021-01-30,SIC,7734,3556,4178,139,7592,3,0,ITG,ITG1,19,Sicilia,Sicilia,4999891,7734,0.15,0.15
4291,2021-03-28,SIC,10990,5152,5838,6907,4013,70,0,ITG,ITG1,19,Sicilia,Sicilia,4999891,18724,0.37,0.22
4292,2021-09-10,SIC,25225,12582,12643,8820,15968,437,0,ITG,ITG1,19,Sicilia,Sicilia,4999891,43949,0.88,0.5
4293,2021-07-15,SIC,48441,22479,25962,8012,40165,264,0,ITG,ITG1,19,Sicilia,Sicilia,4999891,92390,1.85,0.97
4294,2021-09-15,SIC,21365,10710,10655,7457,13521,387,0,ITG,ITG1,19,Sicilia,Sicilia,4999891,113755,2.28,0.43
4295,2021-06-24,SIC,42373,19674,22699,17635,24377,361,0,ITG,ITG1,19,Sicilia,Sicilia,4999891,156128,3.12,0.85
4296,2021-06-07,SIC,49696,23420,26276,41115,8043,538,0,ITG,ITG1,19,Sicilia,Sicilia,4999891,205824,4.12,0.99
4297,2021-01-25,SIC,7460,3693,3767,265,7188,7,0,ITG,ITG1,19,Sicilia,Sicilia,4999891,213284,4.27,0.15
4298,2021-08-03,SIC,32103,15755,16348,13904,17779,420,0,ITG,ITG1,19,Sicilia,Sicilia,4999891,245387,4.91,0.64
4299,2021-08-15,SIC,2513,1428,1085,1509,954,50,0,ITG,ITG1,19,Sicilia,Sicilia,4999891,247900,4.96,0.05
4300,2021-08-01,SIC,19967,10433,9534,7852,11968,147,0,ITG,ITG1,19,Sicilia,Sicilia,4999891,267867,5.36,0.4
4301,2021-06-19,SIC,44309,21066,23243,18761,25225,323,0,ITG,ITG1,19,Sicilia,Sicilia,4999891,312176,6.24,0.89
4302,2021-04-23,SIC,28635,13726,14909,22405,5842,388,0,ITG,ITG1,19,Sicilia,Sicilia,4999891,340811,6.82,0.57
4303,2021-03-02,SIC,14783,6380,8403,11886,2781,116,0,ITG,ITG1,19,Sicilia,Sicilia,4999891,355594,7.11,0.3
4304,2021-01-04,SIC,8687,4330,4357,8637,0,50,0,ITG,ITG1,19,Sicilia,Sicilia,4999891,364281,7.29,0.17
4305,2021-01-18,SIC,1627,676,951,1456,160,11,0,ITG,ITG1,19,Sicilia,Sicilia,4999891,365908,7.32,0.03
4306,2021-04-28,SIC,29288,13724,15564,19709,9165,414,0,ITG,ITG1,19,Sicilia,Sicilia,4999891,395196,7.9,0.59
4307,2021-02-13,SIC,2979,1124,1855,2686,256,37,0,ITG,ITG1,19,Sicilia,Sicilia,4999891,398175,7.96,0.06
4308,2021-05-24,SIC,35894,17454,18440,15596,20065,233,0,ITG,ITG1,19,Sicilia,Sicilia,4999891,434069,8.68,0.72
4309,2021-08-29,SIC,14524,7926,6598,4754,9624,146,0,ITG,ITG1,19,Sicilia,Sicilia,4999891,448593,8.97,0.29
4310,2021-02-25,SIC,9943,5210,4733,8686,1164,93,0,ITG,ITG1,19,Sicilia,Sicilia,4999891,458536,9.17,0.2
4311,2021-06-05,SIC,59964,28524,31440,48732,10603,629,0,ITG,ITG1,19,Sicilia,Sicilia,4999891,518500,10.37,1.2
4312,2021-03-14,SIC,8785,3932,4853,4896,3837,52,0,ITG,ITG1,19,Sicilia,Sicilia,4999891,527285,10.55,0.18
4313,2021-04-11,SIC,15378,7595,7783,8225,7040,113,0,ITG,ITG1,19,Sicilia,Sicilia,4999891,542663,10.85,0.31
4314,2021-07-20,SIC,48522,23636,24886,12794,35366,362,0,ITG,ITG1,19,Sicilia,Sicilia,4999891,591185,11.82,0.97
4315,2020-12-30,SIC,231,140,91,230,0,1,0,ITG,ITG1,19,Sicilia,Sicilia,4999891,591416,11.83,0.0
4316,2021-01-16,SIC,2737,1221,1516,2716,0,21,0,ITG,ITG1,19,Sicilia,Sicilia,4999891,594153,11.88,0.05
4317,2021-07-01,SIC,31039,14100,16939,10778,20003,258,0,ITG,ITG1,19,Sicilia,Sicilia,4999891,625192,12.5,0.62
4318,2021-04-04,SIC,6800,3323,3477,5433,1295,72,0,ITG,ITG1,19,Sicilia,Sicilia,4999891,631992,12.64,0.14
4319,2021-07-13,SIC,46145,21179,24966,6921,39003,221,0,ITG,ITG1,19,Sicilia,Sicilia,4999891,678137,13.56,0.92
4320,2021-09-17,SIC,21219,10770,10449,7990,12757,472,0,ITG,ITG1,19,Sicilia,Sicilia,4999891,699356,13.99,0.42
4321,2021-05-05,SIC,26412,12236,14176,16276,9688,448,0,ITG,ITG1,19,Sicilia,Sicilia,4999891,725768,14.52,0.53
4322,2021-05-19,SIC,42920,20779,22141,28197,14339,384,0,ITG,ITG1,19,Sicilia,Sicilia,4999891,768688,15.37,0.86
4323,2021-07-27,SIC,43344,21482,21862,19270,23610,464,0,ITG,ITG1,19,Sicilia,Sicilia,4999891,812032,16.24,0.87
4324,2021-05-31,SIC,38143,17173,20970,21287,16560,296,0,ITG,ITG1,19,Sicilia,Sicilia,4999891,850175,17.0,0.76
4325,2021-09-08,SIC,20322,10121,10201,9207,10705,410,0,ITG,ITG1,19,Sicilia,Sicilia,4999891,870497,17.41,0.41
4326,2021-08-22,SIC,10328,5502,4826,3912,6298,118,0,ITG,ITG1,19,Sicilia,Sicilia,4999891,880825,17.62,0.21
4327,2021-06-26,SIC,37270,17782,19488,16349,20613,308,0,ITG,ITG1,19,Sicilia,Sicilia,4999891,918095,18.36,0.75
4328,2021-04-30,SIC,35061,16359,18702,23517,11058,486,0,ITG,ITG1,19,Sicilia,Sicilia,4999891,953156,19.06,0.7
4329,2021-03-04,SIC,15260,6710,8550,11009,4122,129,0,ITG,ITG1,19,Sicilia,Sicilia,4999891,968416,19.37,0.31
4330,2021-08-08,SIC,15319,8132,7187,7411,7716,192,0,ITG,ITG1,19,Sicilia,Sicilia,4999891,983735,19.68,0.31
4331,2021-06-12,SIC,45804,22400,23404,39371,5897,536,0,ITG,ITG1,19,Sicilia,Sicilia,4999891,1029539,20.59,0.92
4332,2021-08-10,SIC,21832,10876,10956,10651,10917,264,0,ITG,ITG1,19,Sicilia,Sicilia,4999891,1051371,21.03,0.44
4333,2021-02-23,SIC,8785,4667,4118,8229,468,88,0,ITG,ITG1,19,Sicilia,Sicilia,4999891,1060156,21.2,0.18
4334,2021-03-09,SIC,13192,5782,7410,10842,2218,132,0,ITG,ITG1,19,Sicilia,Sicilia,4999891,1073348,21.47,0.26
4335,2021-01-11,SIC,5937,2621,3316,5876,0,61,0,ITG,ITG1,19,Sicilia,Sicilia,4999891,1079285,21.59,0.12
4336,2021-02-11,SIC,5239,2061,3178,4654,467,118,0,ITG,ITG1,19,Sicilia,Sicilia,4999891,1084524,21.69,0.1
4337,2021-04-09,SIC,20236,9845,10391,10919,9050,267,0,ITG,ITG1,19,Sicilia,Sicilia,4999891,1104760,22.1,0.4
4338,2021-03-23,SIC,20975,10090,10885,15231,5567,177,0,ITG,ITG1,19,Sicilia,Sicilia,4999891,1125735,22.52,0.42
4339,2021-09-22,SIC,24167,12488,11679,8133,15585,394,55,ITG,ITG1,19,Sicilia,Sicilia,4999891,1149902,23.0,0.48
4340,2020-12-28,SIC,270,166,104,269,0,1,0,ITG,ITG1,19,Sicilia,Sicilia,4999891,1150172,23.0,0.01
4341,2021-08-27,SIC,23373,11886,11487,9856,13189,328,0,ITG,ITG1,19,Sicilia,Sicilia,4999891,1173545,23.47,0.47
4342,2021-05-17,SIC,31939,15411,16528,18994,12648,297,0,ITG,ITG1,19,Sicilia,Sicilia,4999891,1205484,24.11,0.64
4343,2021-03-21,SIC,15228,7347,7881,11184,3971,73,0,ITG,ITG1,19,Sicilia,Sicilia,4999891,1220712,24.41,0.3
4344,2021-02-06,SIC,4736,2119,2617,1450,3266,20,0,ITG,ITG1,19,Sicilia,Sicilia,4999891,1225448,24.51,0.09
4345,2021-06-04,SIC,57873,26770,31103,45396,11962,515,0,ITG,ITG1,19,Sicilia,Sicilia,4999891,1283321,25.67,1.16
4346,2021-09-12,SIC,14015,7470,6545,4974,8809,232,0,ITG,ITG1,19,Sicilia,Sicilia,4999891,1297336,25.95,0.28
4347,2021-03-16,SIC,9643,4334,5309,3568,6003,72,0,ITG,ITG1,19,Sicilia,Sicilia,4999891,1306979,26.14,0.19
4348,2021-07-08,SIC,38406,17497,20909,6528,31651,227,0,ITG,ITG1,19,Sicilia,Sicilia,4999891,1345385,26.91,0.77
4349,2021-02-27,SIC,12242,5506,6736,10937,1204,101,0,ITG,ITG1,19,Sicilia,Sicilia,4999891,1357627,27.15,0.24
4350,2021-07-12,SIC,49016,22620,26396,6439,42374,203,0,ITG,ITG1,19,Sicilia,Sicilia,4999891,1406643,28.13,0.98
4351,2021-02-18,SIC,5342,3148,2194,4843,431,68,0,ITG,ITG1,19,Sicilia,Sicilia,4999891,1411985,28.24,0.11
4352,2021-05-12,SIC,36868,17397,19471,21402,14925,541,0,ITG,ITG1,19,Sicilia,Sicilia,4999891,1448853,28.98,0.74
4353,2021-08-20,SIC,18798,9362,9436,9858,8674,266,0,ITG,ITG1,19,Sicilia,Sicilia,4999891,1467651,29.35,0.38
4354,2021-07-17,SIC,49327,24296,25031,9312,39714,301,0,ITG,ITG1,19,Sicilia,Sicilia,4999891,1516978,30.34,0.99
4355,2021-04-08,SIC,19022,9346,9676,9280,9542,200,0,ITG,ITG1,19,Sicilia,Sicilia,4999891,1536000,30.72,0.38
4356,2021-05-07,SIC,36607,17283,19324,24566,11630,411,0,ITG,ITG1,19,Sicilia,Sicilia,4999891,1572607,31.45,0.73
4357,2021-03-11,SIC,15463,6716,8747,12888,2418,157,0,ITG,ITG1,19,Sicilia,Sicilia,4999891,1588070,31.76,0.31
4358,2021-01-27,SIC,7297,3714,3583,164,7132,1,0,ITG,ITG1,19,Sicilia,Sicilia,4999891,1595367,31.91,0.15
4359,2021-01-13,SIC,5194,2448,2746,5160,0,34,0,ITG,ITG1,19,Sicilia,Sicilia,4999891,1600561,32.01,0.1
4360,2021-04-16,SIC,28869,14503,14366,20239,8302,328,0,ITG,ITG1,19,Sicilia,Sicilia,4999891,1629430,32.59,0.58
4361,2021-01-23,SIC,4493,2311,2182,207,4276,10,0,ITG,ITG1,19,Sicilia,Sicilia,4999891,1633923,32.68,0.09
4362,2021-01-06,SIC,6270,3301,2969,6206,0,64,0,ITG,ITG1,19,Sicilia,Sicilia,4999891,1640193,32.8,0.13
4363,2021-04-02,SIC,13906,6561,7345,9045,4739,122,0,ITG,ITG1,19,Sicilia,Sicilia,4999891,1654099,33.08,0.28
4364,2021-02-10,SIC,4355,1777,2578,3887,384,84,0,ITG,ITG1,19,Sicilia,Sicilia,4999891,1658454,33.17,0.09
4365,2021-05-21,SIC,48725,23084,25641,26668,21630,427,0,ITG,ITG1,19,Sicilia,Sicilia,4999891,1707179,34.14,0.97
4366,2021-06-16,SIC,40449,18809,21640,21270,18820,359,0,ITG,ITG1,19,Sicilia,Sicilia,4999891,1747628,34.95,0.81
4367,2021-09-24,SIC,9020,4541,4479,3537,5238,159,86,ITG,ITG1,19,Sicilia,Sicilia,4999891,1756648,35.13,0.18
4368,2021-03-25,SIC,20478,9536,10942,14746,5550,182,0,ITG,ITG1,19,Sicilia,Sicilia,4999891,1777126,35.54,0.41
4369,2021-07-03,SIC,33886,16289,17597,9028,24611,247,0,ITG,ITG1,19,Sicilia,Sicilia,4999891,1811012,36.22,0.68
4370,2021-04-06,SIC,17767,8487,9280,13254,4299,214,0,ITG,ITG1,19,Sicilia,Sicilia,4999891,1828779,36.58,0.36
4371,2021-02-22,SIC,7948,4132,3816,7369,493,86,0,ITG,ITG1,19,Sicilia,Sicilia,4999891,1836727,36.74,0.16
4372,2020-12-27,SIC,148,95,53,147,0,1,0,ITG,ITG1,19,Sicilia,Sicilia,4999891,1836875,36.74,0.0
4373,2021-06-02,SIC,35284,16298,18986,27102,7782,400,0,ITG,ITG1,19,Sicilia,Sicilia,4999891,1872159,37.44,0.71
4374,2021-09-19,SIC,12237,7011,5226,5031,7014,192,0,ITG,ITG1,19,Sicilia,Sicilia,4999891,1884396,37.69,0.24
4375,2021-03-01,SIC,12773,6076,6697,10989,1658,126,0,ITG,ITG1,19,Sicilia,Sicilia,4999891,1897169,37.94,0.26
4376,2021-02-08,SIC,3888,1680,2208,2081,1759,48,0,ITG,ITG1,19,Sicilia,Sicilia,4999891,1901057,38.02,0.08
4377,2021-01-22,SIC,1294,641,653,260,1032,2,0,ITG,ITG1,19,Sicilia,Sicilia,4999891,1902351,38.05,0.03
4378,2021-01-08,SIC,8162,3799,4363,8069,0,93,0,ITG,ITG1,19,Sicilia,Sicilia,4999891,1910513,38.21,0.16
4379,2021-04-18,SIC,19836,9918,9918,15280,4364,192,0,ITG,ITG1,19,Sicilia,Sicilia,4999891,1930349,38.61,0.4
4380,2021-02-20,SIC,7171,3707,3464,6802,272,97,0,ITG,ITG1,19,Sicilia,Sicilia,4999891,1937520,38.75,0.14
4381,2021-02-03,SIC,5946,2793,3153,706,5232,8,0,ITG,ITG1,19,Sicilia,Sicilia,4999891,1943466,38.87,0.12
4382,2021-04-27,SIC,26461,12689,13772,15144,10961,356,0,ITG,ITG1,19,Sicilia,Sicilia,4999891,1969927,39.4,0.53
4383,2021-08-05,SIC,23867,11850,12017,11521,12037,309,0,ITG,ITG1,19,Sicilia,Sicilia,4999891,1993794,39.88,0.48
4384,2021-08-12,SIC,15125,7584,7541,7975,6905,245,0,ITG,ITG1,19,Sicilia,Sicilia,4999891,2008919,40.18,0.3
4385,2021-04-01,SIC,14331,6627,7704,9515,4671,145,0,ITG,ITG1,19,Sicilia,Sicilia,4999891,2023250,40.47,0.29
4386,2021-07-10,SIC,46921,22358,24563,6053,40658,210,0,ITG,ITG1,19,Sicilia,Sicilia,4999891,2070171,41.4,0.94
4387,2021-01-20,SIC,969,513,456,691,275,3,0,ITG,ITG1,19,Sicilia,Sicilia,4999891,2071140,41.42,0.02
4388,2021-09-07,SIC,22720,11304,11416,9479,12819,422,0,ITG,ITG1,19,Sicilia,Sicilia,4999891,2093860,41.88,0.45
4389,2021-03-06,SIC,12652,5064,7588,9766,2783,103,0,ITG,ITG1,19,Sicilia,Sicilia,4999891,2106512,42.13,0.25
4390,2021-09-05,SIC,12743,6905,5838,5499,7049,195,0,ITG,ITG1,19,Sicilia,Sicilia,4999891,2119255,42.39,0.25
4391,2021-06-14,SIC,43495,20660,22835,28166,14899,430,0,ITG,ITG1,19,Sicilia,Sicilia,4999891,2162750,43.26,0.87
4392,2021-05-28,SIC,51288,22993,28295,24319,26556,413,0,ITG,ITG1,19,Sicilia,Sicilia,4999891,2214038,44.28,1.03
4393,2021-08-19,SIC,19568,9766,9802,10488,8766,314,0,ITG,ITG1,19,Sicilia,Sicilia,4999891,2233606,44.67,0.39
4394,2021-08-31,SIC,27980,14182,13798,10311,17370,299,0,ITG,ITG1,19,Sicilia,Sicilia,4999891,2261586,45.23,0.56
4395,2021-03-30,SIC,14589,6774,7815,9714,4771,104,0,ITG,ITG1,19,Sicilia,Sicilia,4999891,2276175,45.52,0.29
4396,2021-03-13,SIC,12227,5396,6831,7635,4499,93,0,ITG,ITG1,19,Sicilia,Sicilia,4999891,2288402,45.77,0.24
4397,2021-04-17,SIC,26010,13154,12856,18660,7068,282,0,ITG,ITG1,19,Sicilia,Sicilia,4999891,2314412,46.29,0.52
4398,2021-06-09,SIC,49788,23683,26105,41910,7267,611,0,ITG,ITG1,19,Sicilia,Sicilia,4999891,2364200,47.29,1.0
4399,2021-05-14,SIC,52253,24503,27750,35781,15685,787,0,ITG,ITG1,19,Sicilia,Sicilia,4999891,2416453,48.33,1.05
4400,2021-01-15,SIC,5326,2336,2990,5259,0,67,0,ITG,ITG1,19,Sicilia,Sicilia,4999891,2421779,48.44,0.11
4401,2021-04-25,SIC,21403,10208,11195,16132,5019,252,0,ITG,ITG1,19,Sicilia,Sicilia,4999891,2443182,48.86,0.43
4402,2021-02-01,SIC,5956,2642,3314,291,5651,14,0,ITG,ITG1,19,Sicilia,Sicilia,4999891,2449138,48.98,0.12
4403,2021-03-22,SIC,16695,7922,8773,11167,5432,96,0,ITG,ITG1,19,Sicilia,Sicilia,4999891,2465833,49.32,0.33
4404,2021-06-30,SIC,32622,15043,17579,11444,20855,323,0,ITG,ITG1,19,Sicilia,Sicilia,4999891,2498455,49.97,0.65
4405,2020-12-29,SIC,299,185,114,298,0,1,0,ITG,ITG1,19,Sicilia,Sicilia,4999891,2498754,49.98,0.01
4406,2021-05-16,SIC,33720,16445,17275,21889,11529,302,0,ITG,ITG1,19,Sicilia,Sicilia,4999891,2532474,50.65,0.67
4407,2021-05-02,SIC,24617,11434,13183,17694,6607,316,0,ITG,ITG1,19,Sicilia,Sicilia,4999891,2557091,51.14,0.49
4408,2021-03-20,SIC,18607,8987,9620,13366,5146,95,0,ITG,ITG1,19,Sicilia,Sicilia,4999891,2575698,51.52,0.37
4409,2021-08-24,SIC,23728,11758,11970,10957,12401,370,0,ITG,ITG1,19,Sicilia,Sicilia,4999891,2599426,51.99,0.47
4410,2021-06-28,SIC,31951,14882,17069,14908,16749,294,0,ITG,ITG1,19,Sicilia,Sicilia,4999891,2631377,52.63,0.64
4411,2021-06-23,SIC,44522,20715,23807,17926,26258,338,0,ITG,ITG1,19,Sicilia,Sicilia,4999891,2675899,53.52,0.89
4412,2021-01-24,SIC,4340,2270,2070,121,4217,2,0,ITG,ITG1,19,Sicilia,Sicilia,4999891,2680239,53.61,0.09
4413,2021-07-26,SIC,44562,22211,22351,16706,27485,371,0,ITG,ITG1,19,Sicilia,Sicilia,4999891,2724801,54.5,0.89
4414,2021-03-17,SIC,15057,7445,7612,9077,5853,127,0,ITG,ITG1,19,Sicilia,Sicilia,4999891,2739858,54.8,0.3
4415,2021-06-25,SIC,39811,18684,21127,17384,22085,342,0,ITG,ITG1,19,Sicilia,Sicilia,4999891,2779669,55.59,0.8
4416,2021-07-09,SIC,44832,20690,24142,6403,38245,184,0,ITG,ITG1,19,Sicilia,Sicilia,4999891,2824501,56.49,0.9
4417,2021-09-21,SIC,24039,12431,11608,7954,15632,413,40,ITG,ITG1,19,Sicilia,Sicilia,4999891,2848540,56.97,0.48
4418,2021-08-09,SIC,25181,12864,12317,12482,12320,379,0,ITG,ITG1,19,Sicilia,Sicilia,4999891,2873721,57.48,0.5
4419,2021-01-19,SIC,1527,677,850,1271,241,15,0,ITG,ITG1,19,Sicilia,Sicilia,4999891,2875248,57.51,0.03
4420,2021-06-11,SIC,49976,23848,26128,41591,7712,673,0,ITG,ITG1,19,Sicilia,Sicilia,4999891,2925224,58.51,1.0
4421,2021-04-29,SIC,31821,14849,16972,21797,9562,462,0,ITG,ITG1,19,Sicilia,Sicilia,4999891,2957045,59.14,0.64
4422,2021-03-03,SIC,14592,6553,8039,11383,3077,132,0,ITG,ITG1,19,Sicilia,Sicilia,4999891,2971637,59.43,0.29
4423,2021-08-07,SIC,20051,10399,9652,10812,8901,338,0,ITG,ITG1,19,Sicilia,Sicilia,4999891,2991688,59.84,0.4
4424,2021-08-16,SIC,20318,10431,9887,10909,9091,318,0,ITG,ITG1,19,Sicilia,Sicilia,4999891,3012006,60.24,0.41
4425,2021-03-18,SIC,15419,7759,7660,9739,5625,55,0,ITG,ITG1,19,Sicilia,Sicilia,4999891,3027425,60.55,0.31
4426,2021-08-26,SIC,20017,10108,9909,9095,10610,312,0,ITG,ITG1,19,Sicilia,Sicilia,4999891,3047442,60.95,0.4
4427,2021-02-07,SIC,2322,983,1339,663,1649,10,0,ITG,ITG1,19,Sicilia,Sicilia,4999891,3049764,61.0,0.05
4428,2021-07-14,SIC,47571,22029,25542,7932,39378,261,0,ITG,ITG1,19,Sicilia,Sicilia,4999891,3097335,61.95,0.95
4429,2021-05-18,SIC,36147,17401,18746,23244,12493,410,0,ITG,ITG1,19,Sicilia,Sicilia,4999891,3133482,62.67,0.72
4430,2021-06-13,SIC,34550,17168,17382,30604,3512,434,0,ITG,ITG1,19,Sicilia,Sicilia,4999891,3168032,63.36,0.69
4431,2021-02-19,SIC,4982,2696,2286,4331,564,87,0,ITG,ITG1,19,Sicilia,Sicilia,4999891,3173014,63.46,0.1
4432,2021-07-05,SIC,37553,17627,19926,8919,28393,241,0,ITG,ITG1,19,Sicilia,Sicilia,4999891,3210567,64.21,0.75
4433,2021-06-21,SIC,40253,18633,21620,18418,21505,330,0,ITG,ITG1,19,Sicilia,Sicilia,4999891,3250820,65.02,0.81
4434,2021-05-09,SIC,28443,13324,15119,19764,8299,380,0,ITG,ITG1,19,Sicilia,Sicilia,4999891,3279263,65.59,0.57
4435,2021-08-17,SIC,18574,9499,9075,10106,8142,326,0,ITG,ITG1,19,Sicilia,Sicilia,4999891,3297837,65.96,0.37
4436,2021-06-06,SIC,49537,23925,25612,41145,7832,560,0,ITG,ITG1,19,Sicilia,Sicilia,4999891,3347374,66.95,0.99
4437,2021-09-14,SIC,24464,11891,12573,8722,15259,483,0,ITG,ITG1,19,Sicilia,Sicilia,4999891,3371838,67.44,0.49
4438,2021-02-26,SIC,11988,5882,6106,10191,1681,116,0,ITG,ITG1,19,Sicilia,Sicilia,4999891,3383826,67.68,0.24
4439,2021-05-06,SIC,29492,14020,15472,18154,10843,495,0,ITG,ITG1,19,Sicilia,Sicilia,4999891,3413318,68.27,0.59
4440,2021-08-28,SIC,20873,11179,9694,7257,13394,222,0,ITG,ITG1,19,Sicilia,Sicilia,4999891,3434191,68.69,0.42
4441,2021-08-14,SIC,6146,3343,2803,3309,2716,121,0,ITG,ITG1,19,Sicilia,Sicilia,4999891,3440337,68.81,0.12
4442,2021-02-24,SIC,9379,4803,4576,8701,567,111,0,ITG,ITG1,19,Sicilia,Sicilia,4999891,3449716,69.0,0.19
4443,2021-01-21,SIC,1459,716,743,490,958,11,0,ITG,ITG1,19,Sicilia,Sicilia,4999891,3451175,69.03,0.03
4444,2021-07-21,SIC,42976,20973,22003,10638,32024,314,0,ITG,ITG1,19,Sicilia,Sicilia,4999891,3494151,69.88,0.86
4445,2021-07-07,SIC,35434,16210,19224,6033,29159,242,0,ITG,ITG1,19,Sicilia,Sicilia,4999891,3529585,70.59,0.71
4446,2021-05-25,SIC,33581,15443,18138,13945,19379,257,0,ITG,ITG1,19,Sicilia,Sicilia,4999891,3563166,71.26,0.67
4447,2021-03-29,SIC,15050,7086,7964,10398,4501,151,0,ITG,ITG1,19,Sicilia,Sicilia,4999891,3578216,71.57,0.3
4448,2021-09-02,SIC,23147,11847,11300,10014,12743,390,0,ITG,ITG1,19,Sicilia,Sicilia,4999891,3601363,72.03,0.46
4449,2021-04-10,SIC,20450,9979,10471,11300,8973,177,0,ITG,ITG1,19,Sicilia,Sicilia,4999891,3621813,72.44,0.41
4450,2021-01-17,SIC,1315,599,716,1240,66,9,0,ITG,ITG1,19,Sicilia,Sicilia,4999891,3623128,72.46,0.03
4451,2021-07-02,SIC,30580,14241,16339,9940,20353,287,0,ITG,ITG1,19,Sicilia,Sicilia,4999891,3653708,73.08,0.61
4452,2021-07-19,SIC,48986,23602,25384,11653,36973,360,0,ITG,ITG1,19,Sicilia,Sicilia,4999891,3702694,74.06,0.98
4453,2021-05-04,SIC,26864,12477,14387,17143,9299,422,0,ITG,ITG1,19,Sicilia,Sicilia,4999891,3729558,74.59,0.54
4454,2021-09-16,SIC,19497,9725,9772,6584,12534,379,0,ITG,ITG1,19,Sicilia,Sicilia,4999891,3749055,74.98,0.39
4455,2021-03-08,SIC,13526,5975,7551,10780,2616,130,0,ITG,ITG1,19,Sicilia,Sicilia,4999891,3762581,75.25,0.27
4456,2021-08-21,SIC,13739,7168,6571,6197,7353,189,0,ITG,ITG1,19,Sicilia,Sicilia,4999891,3776320,75.53,0.27
4457,2021-05-30,SIC,35790,16180,19610,17431,18063,296,0,ITG,ITG1,19,Sicilia,Sicilia,4999891,3812110,76.24,0.72
4458,2021-05-13,SIC,47502,22278,25224,30291,16558,653,0,ITG,ITG1,19,Sicilia,Sicilia,4999891,3859612,77.19,0.95
4459,2021-01-31,SIC,4061,1943,2118,107,3952,2,0,ITG,ITG1,19,Sicilia,Sicilia,4999891,3863673,77.28,0.08
4460,2021-05-11,SIC,32694,15505,17189,19679,12502,513,0,ITG,ITG1,19,Sicilia,Sicilia,4999891,3896367,77.93,0.65
4461,2021-02-17,SIC,5222,3204,2018,4499,670,53,0,ITG,ITG1,19,Sicilia,Sicilia,4999891,3901589,78.03,0.1
4462,2021-09-04,SIC,18295,9849,8446,8346,9605,344,0,ITG,ITG1,19,Sicilia,Sicilia,4999891,3919884,78.4,0.37
4463,2021-02-05,SIC,6789,3006,3783,2086,4665,38,0,ITG,ITG1,19,Sicilia,Sicilia,4999891,3926673,78.54,0.14
4464,2021-04-03,SIC,16422,7819,8603,13419,2838,165,0,ITG,ITG1,19,Sicilia,Sicilia,4999891,3943095,78.86,0.33
4465,2021-03-27,SIC,15702,7406,8296,10685,4890,127,0,ITG,ITG1,19,Sicilia,Sicilia,4999891,3958797,79.18,0.31
4466,2021-01-29,SIC,9186,4257,4929,403,8771,12,0,ITG,ITG1,19,Sicilia,Sicilia,4999891,3967983,79.36,0.18
4467,2021-03-31,SIC,14527,6710,7817,9441,4937,149,0,ITG,ITG1,19,Sicilia,Sicilia,4999891,3982510,79.65,0.29
4468,2021-01-07,SIC,9077,4213,4864,8993,0,84,0,ITG,ITG1,19,Sicilia,Sicilia,4999891,3991587,79.83,0.18
4469,2021-06-01,SIC,38997,17731,21266,24596,14049,352,0,ITG,ITG1,19,Sicilia,Sicilia,4999891,4030584,80.61,0.78
4470,2021-04-05,SIC,8025,3959,4066,6510,1443,72,0,ITG,ITG1,19,Sicilia,Sicilia,4999891,4038609,80.77,0.16
4471,2021-09-09,SIC,23620,11819,11801,8330,14849,441,0,ITG,ITG1,19,Sicilia,Sicilia,4999891,4062229,81.25,0.47
4472,2021-03-15,SIC,10693,4737,5956,5658,4955,80,0,ITG,ITG1,19,Sicilia,Sicilia,4999891,4072922,81.46,0.21
4473,2021-09-23,SIC,18360,9450,8910,7670,10170,415,105,ITG,ITG1,19,Sicilia,Sicilia,4999891,4091282,81.83,0.37
4474,2021-03-05,SIC,15789,6852,8937,11394,4244,151,0,ITG,ITG1,19,Sicilia,Sicilia,4999891,4107071,82.14,0.32
4475,2021-02-16,SIC,4200,2208,1992,3663,467,70,0,ITG,ITG1,19,Sicilia,Sicilia,4999891,4111271,82.23,0.08
4476,2021-04-24,SIC,31218,14719,16499,23139,7642,437,0,ITG,ITG1,19,Sicilia,Sicilia,4999891,4142489,82.85,0.62
4477,2021-08-02,SIC,33001,16403,16598,12853,19796,352,0,ITG,ITG1,19,Sicilia,Sicilia,4999891,4175490,83.51,0.66
4478,2021-05-01,SIC,24460,11322,13138,18998,5172,290,0,ITG,ITG1,19,Sicilia,Sicilia,4999891,4199950,84.0,0.49
4479,2021-07-06,SIC,37163,17181,19982,10304,26545,314,0,ITG,ITG1,19,Sicilia,Sicilia,4999891,4237113,84.74,0.74
4480,2021-05-10,SIC,28743,13798,14945,16159,12221,363,0,ITG,ITG1,19,Sicilia,Sicilia,4999891,4265856,85.32,0.57
4481,2021-08-18,SIC,21949,11323,10626,11667,9909,373,0,ITG,ITG1,19,Sicilia,Sicilia,4999891,4287805,85.76,0.44
4482,2021-08-13,SIC,11520,5970,5550,5978,5301,241,0,ITG,ITG1,19,Sicilia,Sicilia,4999891,4299325,85.99,0.23
4483,2021-02-09,SIC,4350,1800,2550,3248,1037,65,0,ITG,ITG1,19,Sicilia,Sicilia,4999891,4303675,86.08,0.09
4484,2021-04-12,SIC,19023,9220,9803,11486,7277,260,0,ITG,ITG1,19,Sicilia,Sicilia,4999891,4322698,86.46,0.38
4485,2021-02-14,SIC,1055,402,653,905,140,10,0,ITG,ITG1,19,Sicilia,Sicilia,4999891,4323753,86.48,0.02
4486,2021-08-06,SIC,24789,12579,12210,13507,10871,411,0,ITG,ITG1,19,Sicilia,Sicilia,4999891,4348542,86.97,0.5
4487,2021-04-26,SIC,21712,10279,11433,13299,8091,322,0,ITG,ITG1,19,Sicilia,Sicilia,4999891,4370254,87.41,0.43
4488,2021-02-02,SIC,5324,2499,2825,608,4706,10,0,ITG,ITG1,19,Sicilia,Sicilia,4999891,4375578,87.51,0.11
4489,2021-06-17,SIC,41896,19506,22390,20362,21159,375,0,ITG,ITG1,19,Sicilia,Sicilia,4999891,4417474,88.35,0.84
4490,2020-12-31,SIC,968,511,457,960,0,8,0,ITG,ITG1,19,Sicilia,Sicilia,4999891,4418442,88.37,0.02
4491,2021-03-07,SIC,9272,3457,5815,8130,1082,60,0,ITG,ITG1,19,Sicilia,Sicilia,4999891,4427714,88.56,0.19
4492,2021-07-28,SIC,37672,18873,18799,14687,22661,324,0,ITG,ITG1,19,Sicilia,Sicilia,4999891,4465386,89.31,0.75
4493,2021-06-22,SIC,40060,18410,21650,18341,21340,379,0,ITG,ITG1,19,Sicilia,Sicilia,4999891,4505446,90.11,0.8
4494,2021-02-12,SIC,4606,1829,2777,4241,286,79,0,ITG,ITG1,19,Sicilia,Sicilia,4999891,4510052,90.2,0.09
4495,2021-05-23,SIC,34113,16609,17504,19856,14028,229,0,ITG,ITG1,19,Sicilia,Sicilia,4999891,4544165,90.89,0.68
4496,2021-06-10,SIC,53057,24909,28148,45145,7253,659,0,ITG,ITG1,19,Sicilia,Sicilia,4999891,4597222,91.95,1.06
4497,2021-05-27,SIC,47627,21936,25691,24462,22742,423,0,ITG,ITG1,19,Sicilia,Sicilia,4999891,4644849,92.9,0.95
4498,2021-04-14,SIC,20583,9939,10644,11611,8775,197,0,ITG,ITG1,19,Sicilia,Sicilia,4999891,4665432,93.31,0.41
4499,2021-09-18,SIC,20397,11090,9307,8456,11554,387,0,ITG,ITG1,19,Sicilia,Sicilia,4999891,4685829,93.72,0.41
4500,2021-07-23,SIC,41522,20857,20665,14373,26824,325,0,ITG,ITG1,19,Sicilia,Sicilia,4999891,4727351,94.55,0.83
4501,2021-03-26,SIC,17994,8361,9633,12338,5502,154,0,ITG,ITG1,19,Sicilia,Sicilia,4999891,4745345,94.91,0.36
4502,2021-01-28,SIC,9037,4277,4760,360,8676,1,0,ITG,ITG1,19,Sicilia,Sicilia,4999891,4754382,95.09,0.18
4503,2021-07-04,SIC,26521,12807,13714,7606,18737,178,0,ITG,ITG1,19,Sicilia,Sicilia,4999891,4780903,95.62,0.53
4504,2021-05-08,SIC,35675,17050,18625,24886,10326,463,0,ITG,ITG1,19,Sicilia,Sicilia,4999891,4816578,96.33,0.71
4505,2021-01-26,SIC,9583,4745,4838,211,9371,1,0,ITG,ITG1,19,Sicilia,Sicilia,4999891,4826161,96.53,0.19
4506,2021-05-20,SIC,44106,21134,22972,27752,15937,417,0,ITG,ITG1,19,Sicilia,Sicilia,4999891,4870267,97.41,0.88
4507,2021-08-04,SIC,24364,12012,12352,10979,13058,327,0,ITG,ITG1,19,Sicilia,Sicilia,4999891,4894631,97.89,0.49
4508,2021-07-18,SIC,39292,19790,19502,8099,30958,235,0,ITG,ITG1,19,Sicilia,Sicilia,4999891,4933923,98.68,0.79
4509,2021-01-14,SIC,5269,2495,2774,5207,0,62,0,ITG,ITG1,19,Sicilia,Sicilia,4999891,4939192,98.79,0.11
4510,2021-06-15,SIC,46191,21770,24421,28204,17549,438,0,ITG,ITG1,19,Sicilia,Sicilia,4999891,4985383,99.71,0.92
4511,2021-03-24,SIC,20987,9880,11107,15038,5745,204,0,ITG,ITG1,19,Sicilia,Sicilia,4999891,5006370,100.13,0.42
4512,2021-09-06,SIC,23279,11835,11444,9959,12906,414,0,ITG,ITG1,19,Sicilia,Sicilia,4999891,5029649,100.6,0.47
4513,2021-05-29,SIC,47221,21487,25734,23548,23224,449,0,ITG,ITG1,19,Sicilia,Sicilia,4999891,5076870,101.54,0.94
4514,2021-01-02,SIC,4892,2548,2344,4856,0,36,0,ITG,ITG1,19,Sicilia,Sicilia,4999891,5081762,101.64,0.1
4515,2021-09-20,SIC,24907,13041,11866,8195,16186,392,134,ITG,ITG1,19,Sicilia,Sicilia,4999891,5106669,102.14,0.5
4516,2021-02-21,SIC,5169,2501,2668,5044,107,18,0,ITG,ITG1,19,Sicilia,Sicilia,4999891,5111838,102.24,0.1
4517,2021-05-22,SIC,48029,22812,25217,28301,19329,399,0,ITG,ITG1,19,Sicilia,Sicilia,4999891,5159867,103.2,0.96
4518,2021-08-30,SIC,28227,14393,13834,10214,17667,346,0,ITG,ITG1,19,Sicilia,Sicilia,4999891,5188094,103.76,0.56
4519,2021-02-28,SIC,7132,3034,4098,6456,631,45,0,ITG,ITG1,19,Sicilia,Sicilia,4999891,5195226,103.91,0.14
4520,2021-09-13,SIC,27247,13544,13703,9553,17197,497,0,ITG,ITG1,19,Sicilia,Sicilia,4999891,5222473,104.45,0.54
4521,2021-06-08,SIC,47711,22407,25304,40453,6714,544,0,ITG,ITG1,19,Sicilia,Sicilia,4999891,5270184,105.41,0.95
4522,2021-08-11,SIC,16202,8336,7866,8727,7186,289,0,ITG,ITG1,19,Sicilia,Sicilia,4999891,5286386,105.73,0.32
4523,2021-01-09,SIC,7262,3427,3835,7200,0,62,0,ITG,ITG1,19,Sicilia,Sicilia,4999891,5293648,105.88,0.15
4524,2021-04-21,SIC,22398,10753,11645,15987,6127,284,0,ITG,ITG1,19,Sicilia,Sicilia,4999891,5316046,106.32,0.45
4525,2021-04-07,SIC,18457,9069,9388,9737,8518,202,0,ITG,ITG1,19,Sicilia,Sicilia,4999891,5334503,106.69,0.37
4526,2021-09-11,SIC,21341,11067,10274,7694,13267,380,0,ITG,ITG1,19,Sicilia,Sicilia,4999891,5355844,107.12,0.43
4527,2021-07-16,SIC,49379,23385,25994,8720,40366,293,0,ITG,ITG1,19,Sicilia,Sicilia,4999891,5405223,108.11,0.99
4528,2021-07-30,SIC,32508,16115,16393,12076,20144,288,0,ITG,ITG1,19,Sicilia,Sicilia,4999891,5437731,108.76,0.65
4529,2021-06-03,SIC,46009,21102,24907,33763,11720,526,0,ITG,ITG1,19,Sicilia,Sicilia,4999891,5483740,109.68,0.92
4530,2021-05-03,SIC,23328,10802,12526,13259,9803,266,0,ITG,ITG1,19,Sicilia,Sicilia,4999891,5507068,110.14,0.47
4531,2021-07-11,SIC,36046,16872,19174,3663,32287,96,0,ITG,ITG1,19,Sicilia,Sicilia,4999891,5543114,110.86,0.72
4532,2021-07-25,SIC,31813,16767,15046,11845,19708,260,0,ITG,ITG1,19,Sicilia,Sicilia,4999891,5574927,111.5,0.64
4533,2021-04-19,SIC,18293,8674,9619,12462,5590,241,0,ITG,ITG1,19,Sicilia,Sicilia,4999891,5593220,111.87,0.37
4534,2021-02-04,SIC,6761,3083,3678,1419,5313,29,0,ITG,ITG1,19,Sicilia,Sicilia,4999891,5599981,112.0,0.14
4535,2021-09-03,SIC,21895,11059,10836,9917,11605,373,0,ITG,ITG1,19,Sicilia,Sicilia,4999891,5621876,112.44,0.44
4536,2021-01-01,SIC,855,454,401,851,0,4,0,ITG,ITG1,19,Sicilia,Sicilia,4999891,5622731,112.46,0.02
4537,2021-04-20,SIC,18995,9004,9991,13434,5250,311,0,ITG,ITG1,19,Sicilia,Sicilia,4999891,5641726,112.84,0.38
4538,2021-07-29,SIC,36228,17899,18329,14337,21549,342,0,ITG,ITG1,19,Sicilia,Sicilia,4999891,5677954,113.56,0.72
4539,2021-07-24,SIC,40738,21216,19522,16788,23634,316,0,ITG,ITG1,19,Sicilia,Sicilia,4999891,5718692,114.38,0.81
4540,2021-02-15,SIC,3777,1769,2008,3137,564,76,0,ITG,ITG1,19,Sicilia,Sicilia,4999891,5722469,114.45,0.08
4541,2021-07-22,SIC,40685,19973,20712,11230,29157,298,0,ITG,ITG1,19,Sicilia,Sicilia,4999891,5763154,115.27,0.81
4542,2021-05-26,SIC,44747,21041,23706,23907,20494,346,0,ITG,ITG1,19,Sicilia,Sicilia,4999891,5807901,116.16,0.89
4543,2021-01-03,SIC,4819,2519,2300,4785,0,34,0,ITG,ITG1,19,Sicilia,Sicilia,4999891,5812720,116.26,0.1
4544,2021-04-13,SIC,20269,9874,10395,11225,8843,201,0,ITG,ITG1,19,Sicilia,Sicilia,4999891,5832989,116.66,0.41
4545,2021-07-31,SIC,28764,14940,13824,10446,18050,268,0,ITG,ITG1,19,Sicilia,Sicilia,4999891,5861753,117.24,0.58
4546,2021-01-10,SIC,3567,1598,1969,3545,0,22,0,ITG,ITG1,19,Sicilia,Sicilia,4999891,5865320,117.31,0.07
4547,2021-01-05,SIC,10637,5231,5406,10554,0,83,0,ITG,ITG1,19,Sicilia,Sicilia,4999891,5875957,117.52,0.21
4548,2021-04-15,SIC,21591,10496,11095,11994,9358,239,0,ITG,ITG1,19,Sicilia,Sicilia,4999891,5897548,117.95,0.43
4549,2021-06-20,SIC,33453,15829,17624,15110,18080,263,0,ITG,ITG1,19,Sicilia,Sicilia,4999891,5931001,118.62,0.67
4550,2021-04-22,SIC,26776,12642,14134,19887,6463,426,0,ITG,ITG1,19,Sicilia,Sicilia,4999891,5957777,119.16,0.54
4551,2021-03-10,SIC,13961,6135,7826,11625,2187,149,0,ITG,ITG1,19,Sicilia,Sicilia,4999891,5971738,119.44,0.28
4552,2021-01-12,SIC,4378,2143,2235,4332,0,46,0,ITG,ITG1,19,Sicilia,Sicilia,4999891,5976116,119.52,0.09
4553,2021-06-18,SIC,43611,20149,23462,18859,24380,372,0,ITG,ITG1,19,Sicilia,Sicilia,4999891,6019727,120.4,0.87
4554,2021-06-27,SIC,25313,12202,13111,12097,12984,232,0,ITG,ITG1,19,Sicilia,Sicilia,4999891,6045040,120.9,0.51
4555,2021-05-15,SIC,56538,26407,30131,40361,15251,926,0,ITG,ITG1,19,Sicilia,Sicilia,4999891,6101578,122.03,1.13
4556,2021-03-19,SIC,16325,8061,8264,10648,5579,98,0,ITG,ITG1,19,Sicilia,Sicilia,4999891,6117903,122.36,0.33
4557,2021-08-23,SIC,24079,11903,12176,10796,12932,351,0,ITG,ITG1,19,Sicilia,Sicilia,4999891,6141982,122.84,0.48
4558,2021-09-01,SIC,24949,12719,12230,10579,14013,357,0,ITG,ITG1,19,Sicilia,Sicilia,4999891,6166931,123.34,0.5
4559,2021-03-12,SIC,12896,5576,7320,10663,2071,162,0,ITG,ITG1,19,Sicilia,Sicilia,4999891,6179827,123.6,0.26
4560,2021-08-25,SIC,21843,10845,10998,9981,11497,365,0,ITG,ITG1,19,Sicilia,Sicilia,4999891,6201670,124.04,0.44
4561,2021-06-29,SIC,31459,14737,16722,15725,15326,408,0,ITG,ITG1,19,Sicilia,Sicilia,4999891,6233129,124.67,0.63
4562,2021-04-28,FVG,7360,3250,4110,3702,3521,137,0,ITH,ITH4,6,Friuli-Venezia Giulia,Friuli Venezia Giulia,1215220,7360,0.61,0.61
4563,2021-01-23,FVG,816,323,493,5,811,0,0,ITH,ITH4,6,Friuli-Venezia Giulia,Friuli Venezia Giulia,1215220,8176,0.67,0.07
4564,2021-07-08,FVG,13129,7095,6034,1365,11583,181,0,ITH,ITH4,6,Friuli-Venezia Giulia,Friuli Venezia Giulia,1215220,21305,1.75,1.08
4565,2021-02-04,FVG,2730,809,1921,36,2694,0,0,ITH,ITH4,6,Friuli-Venezia Giulia,Friuli Venezia Giulia,1215220,24035,1.98,0.22
4566,2021-08-08,FVG,4344,2358,1986,1923,2330,91,0,ITH,ITH4,6,Friuli-Venezia Giulia,Friuli Venezia Giulia,1215220,28379,2.34,0.36
4567,2021-04-30,FVG,7429,3275,4154,3585,3670,174,0,ITH,ITH4,6,Friuli-Venezia Giulia,Friuli Venezia Giulia,1215220,35808,2.95,0.61
4568,2021-05-24,FVG,11488,5561,5927,7530,3654,304,0,ITH,ITH4,6,Friuli-Venezia Giulia,Friuli Venezia Giulia,1215220,47296,3.89,0.95
4569,2021-02-13,FVG,569,180,389,561,6,2,0,ITH,ITH4,6,Friuli-Venezia Giulia,Friuli Venezia Giulia,1215220,47865,3.94,0.05
4570,2021-08-15,FVG,1,1,0,0,1,0,0,ITH,ITH4,6,Friuli-Venezia Giulia,Friuli Venezia Giulia,1215220,47866,3.94,0.0
4571,2021-03-02,FVG,4229,1523,2706,2707,1500,22,0,ITH,ITH4,6,Friuli-Venezia Giulia,Friuli Venezia Giulia,1215220,52095,4.29,0.35
4572,2021-09-03,FVG,4063,2110,1953,2046,1749,268,0,ITH,ITH4,6,Friuli-Venezia Giulia,Friuli Venezia Giulia,1215220,56158,4.62,0.33
4573,2021-03-04,FVG,3466,1601,1865,2774,663,29,0,ITH,ITH4,6,Friuli-Venezia Giulia,Friuli Venezia Giulia,1215220,59624,4.91,0.29
4574,2021-07-20,FVG,9419,4937,4482,2451,6672,296,0,ITH,ITH4,6,Friuli-Venezia Giulia,Friuli Venezia Giulia,1215220,69043,5.68,0.78
4575,2021-08-03,FVG,10207,5383,4824,5282,4564,361,0,ITH,ITH4,6,Friuli-Venezia Giulia,Friuli Venezia Giulia,1215220,79250,6.52,0.84
4576,2021-04-11,FVG,3435,1519,1916,2412,907,116,0,ITH,ITH4,6,Friuli-Venezia Giulia,Friuli Venezia Giulia,1215220,82685,6.8,0.28
4577,2021-09-15,FVG,4891,2535,2356,2422,2140,329,0,ITH,ITH4,6,Friuli-Venezia Giulia,Friuli Venezia Giulia,1215220,87576,7.21,0.4
4578,2021-06-07,FVG,9235,4788,4447,7844,1001,390,0,ITH,ITH4,6,Friuli-Venezia Giulia,Friuli Venezia Giulia,1215220,96811,7.97,0.76
4579,2021-02-18,FVG,3232,1503,1729,2804,410,18,0,ITH,ITH4,6,Friuli-Venezia Giulia,Friuli Venezia Giulia,1215220,100043,8.23,0.27
4580,2021-04-02,FVG,6615,2941,3674,4641,1843,131,0,ITH,ITH4,6,Friuli-Venezia Giulia,Friuli Venezia Giulia,1215220,106658,8.78,0.54
4581,2021-08-29,FVG,3160,1781,1379,1801,1260,99,0,ITH,ITH4,6,Friuli-Venezia Giulia,Friuli Venezia Giulia,1215220,109818,9.04,0.26
4582,2021-06-24,FVG,11133,5682,5451,1893,9123,117,0,ITH,ITH4,6,Friuli-Venezia Giulia,Friuli Venezia Giulia,1215220,120951,9.95,0.92
4583,2021-03-16,FVG,3197,1304,1893,1027,2085,85,0,ITH,ITH4,6,Friuli-Venezia Giulia,Friuli Venezia Giulia,1215220,124148,10.22,0.26
4584,2021-08-20,FVG,6324,3567,2757,2752,3312,260,0,ITH,ITH4,6,Friuli-Venezia Giulia,Friuli Venezia Giulia,1215220,130472,10.74,0.52
4585,2021-05-12,FVG,11205,5183,6022,9348,1438,419,0,ITH,ITH4,6,Friuli-Venezia Giulia,Friuli Venezia Giulia,1215220,141677,11.66,0.92
4586,2021-03-28,FVG,4948,2356,2592,4691,158,99,0,ITH,ITH4,6,Friuli-Venezia Giulia,Friuli Venezia Giulia,1215220,146625,12.07,0.41
4587,2021-01-18,FVG,1964,608,1356,1870,94,0,0,ITH,ITH4,6,Friuli-Venezia Giulia,Friuli Venezia Giulia,1215220,148589,12.23,0.16
4588,2021-01-04,FVG,1515,564,951,1515,0,0,0,ITH,ITH4,6,Friuli-Venezia Giulia,Friuli Venezia Giulia,1215220,150104,12.35,0.12
4589,2021-01-30,FVG,2286,746,1540,271,2015,0,0,ITH,ITH4,6,Friuli-Venezia Giulia,Friuli Venezia Giulia,1215220,152390,12.54,0.19
4590,2021-05-05,FVG,9807,4281,5526,6083,3480,244,0,ITH,ITH4,6,Friuli-Venezia Giulia,Friuli Venezia Giulia,1215220,162197,13.35,0.81
4591,2021-01-25,FVG,1595,571,1024,200,1395,0,0,ITH,ITH4,6,Friuli-Venezia Giulia,Friuli Venezia Giulia,1215220,163792,13.48,0.13
4592,2021-07-01,FVG,12400,6454,5946,2642,9501,257,0,ITH,ITH4,6,Friuli-Venezia Giulia,Friuli Venezia Giulia,1215220,176192,14.5,1.02
4593,2021-03-23,FVG,3921,1703,2218,1749,2151,21,0,ITH,ITH4,6,Friuli-Venezia Giulia,Friuli Venezia Giulia,1215220,180113,14.82,0.32
4594,2021-08-27,FVG,6190,3334,2856,1412,4568,210,0,ITH,ITH4,6,Friuli-Venezia Giulia,Friuli Venezia Giulia,1215220,186303,15.33,0.51
4595,2021-06-12,FVG,8241,4723,3518,6785,1163,293,0,ITH,ITH4,6,Friuli-Venezia Giulia,Friuli Venezia Giulia,1215220,194544,16.01,0.68
4596,2021-03-21,FVG,2677,1004,1673,2215,410,52,0,ITH,ITH4,6,Friuli-Venezia Giulia,Friuli Venezia Giulia,1215220,197221,16.23,0.22
4597,2020-12-28,FVG,1,0,1,1,0,0,0,ITH,ITH4,6,Friuli-Venezia Giulia,Friuli Venezia Giulia,1215220,197222,16.23,0.0
4598,2021-09-08,FVG,3319,1885,1434,1573,1562,184,0,ITH,ITH4,6,Friuli-Venezia Giulia,Friuli Venezia Giulia,1215220,200541,16.5,0.27
4599,2021-09-22,FVG,5232,2775,2457,2340,2647,240,5,ITH,ITH4,6,Friuli-Venezia Giulia,Friuli Venezia Giulia,1215220,205773,16.93,0.43
4600,2021-05-31,FVG,8961,4449,4512,6474,2231,256,0,ITH,ITH4,6,Friuli-Venezia Giulia,Friuli Venezia Giulia,1215220,214734,17.67,0.74
4601,2021-07-27,FVG,9541,4803,4738,2652,6663,226,0,ITH,ITH4,6,Friuli-Venezia Giulia,Friuli Venezia Giulia,1215220,224275,18.46,0.79
4602,2021-09-17,FVG,3643,1975,1668,845,2691,107,0,ITH,ITH4,6,Friuli-Venezia Giulia,Friuli Venezia Giulia,1215220,227918,18.76,0.3
4603,2021-04-16,FVG,7054,3076,3978,4958,1960,136,0,ITH,ITH4,6,Friuli-Venezia Giulia,Friuli Venezia Giulia,1215220,234972,19.34,0.58
4604,2021-01-06,FVG,717,266,451,717,0,0,0,ITH,ITH4,6,Friuli-Venezia Giulia,Friuli Venezia Giulia,1215220,235689,19.39,0.06
4605,2021-02-11,FVG,2016,713,1303,1753,259,4,0,ITH,ITH4,6,Friuli-Venezia Giulia,Friuli Venezia Giulia,1215220,237705,19.56,0.17
4606,2021-02-06,FVG,1156,340,816,21,1134,1,0,ITH,ITH4,6,Friuli-Venezia Giulia,Friuli Venezia Giulia,1215220,238861,19.66,0.1
4607,2021-02-23,FVG,2655,1282,1373,2467,181,7,0,ITH,ITH4,6,Friuli-Venezia Giulia,Friuli Venezia Giulia,1215220,241516,19.87,0.22
4608,2021-05-17,FVG,8850,4113,4737,6075,2498,277,0,ITH,ITH4,6,Friuli-Venezia Giulia,Friuli Venezia Giulia,1215220,250366,20.6,0.73
4609,2021-03-09,FVG,4028,1734,2294,1244,2757,27,0,ITH,ITH4,6,Friuli-Venezia Giulia,Friuli Venezia Giulia,1215220,254394,20.93,0.33
4610,2021-07-13,FVG,11097,5722,5375,1175,9770,152,0,ITH,ITH4,6,Friuli-Venezia Giulia,Friuli Venezia Giulia,1215220,265491,21.85,0.91
4611,2021-04-04,FVG,5,3,2,2,3,0,0,ITH,ITH4,6,Friuli-Venezia Giulia,Friuli Venezia Giulia,1215220,265496,21.85,0.0
4612,2021-06-26,FVG,10402,5308,5094,4106,6176,120,0,ITH,ITH4,6,Friuli-Venezia Giulia,Friuli Venezia Giulia,1215220,275898,22.7,0.86
4613,2021-04-21,FVG,7793,3474,4319,4027,3685,81,0,ITH,ITH4,6,Friuli-Venezia Giulia,Friuli Venezia Giulia,1215220,283691,23.34,0.64
4614,2021-01-11,FVG,1907,621,1286,1906,0,1,0,ITH,ITH4,6,Friuli-Venezia Giulia,Friuli Venezia Giulia,1215220,285598,23.5,0.16
4615,2021-07-15,FVG,10099,5145,4954,945,8910,244,0,ITH,ITH4,6,Friuli-Venezia Giulia,Friuli Venezia Giulia,1215220,295697,24.33,0.83
4616,2021-08-22,FVG,2071,1186,885,793,1239,39,0,ITH,ITH4,6,Friuli-Venezia Giulia,Friuli Venezia Giulia,1215220,297768,24.5,0.17
4617,2021-05-19,FVG,12142,5997,6145,9324,2380,438,0,ITH,ITH4,6,Friuli-Venezia Giulia,Friuli Venezia Giulia,1215220,309910,25.5,1.0
4618,2021-03-14,FVG,1404,555,849,1125,252,27,0,ITH,ITH4,6,Friuli-Venezia Giulia,Friuli Venezia Giulia,1215220,311314,25.62,0.12
4619,2021-01-16,FVG,1233,363,870,1233,0,0,0,ITH,ITH4,6,Friuli-Venezia Giulia,Friuli Venezia Giulia,1215220,312547,25.72,0.1
4620,2021-07-03,FVG,11440,6097,5343,1098,10194,148,0,ITH,ITH4,6,Friuli-Venezia Giulia,Friuli Venezia Giulia,1215220,323987,26.66,0.94
4621,2021-03-25,FVG,5550,2437,3113,3333,2140,77,0,ITH,ITH4,6,Friuli-Venezia Giulia,Friuli Venezia Giulia,1215220,329537,27.12,0.46
4622,2021-06-19,FVG,8576,4470,4106,1352,7158,66,0,ITH,ITH4,6,Friuli-Venezia Giulia,Friuli Venezia Giulia,1215220,338113,27.82,0.71
4623,2021-09-10,FVG,3988,2209,1779,661,3216,111,0,ITH,ITH4,6,Friuli-Venezia Giulia,Friuli Venezia Giulia,1215220,342101,28.15,0.33
4624,2021-03-11,FVG,3487,1523,1964,1715,1757,15,0,ITH,ITH4,6,Friuli-Venezia Giulia,Friuli Venezia Giulia,1215220,345588,28.44,0.29
4625,2021-01-27,FVG,1273,427,846,450,821,2,0,ITH,ITH4,6,Friuli-Venezia Giulia,Friuli Venezia Giulia,1215220,346861,28.54,0.1
4626,2021-05-07,FVG,10957,5017,5940,7186,3570,201,0,ITH,ITH4,6,Friuli-Venezia Giulia,Friuli Venezia Giulia,1215220,357818,29.44,0.9
4627,2021-05-09,FVG,7388,3318,4070,3374,3877,137,0,ITH,ITH4,6,Friuli-Venezia Giulia,Friuli Venezia Giulia,1215220,365206,30.05,0.61
4628,2021-02-27,FVG,3548,1207,2341,3530,1,17,0,ITH,ITH4,6,Friuli-Venezia Giulia,Friuli Venezia Giulia,1215220,368754,30.34,0.29
4629,2021-04-25,FVG,2383,993,1390,2188,14,181,0,ITH,ITH4,6,Friuli-Venezia Giulia,Friuli Venezia Giulia,1215220,371137,30.54,0.2
4630,2021-01-01,FVG,2,2,0,2,0,0,0,ITH,ITH4,6,Friuli-Venezia Giulia,Friuli Venezia Giulia,1215220,371139,30.54,0.0
4631,2021-01-15,FVG,2021,605,1416,2020,0,1,0,ITH,ITH4,6,Friuli-Venezia Giulia,Friuli Venezia Giulia,1215220,373160,30.71,0.17
4632,2021-09-12,FVG,2375,1270,1105,1443,848,84,0,ITH,ITH4,6,Friuli-Venezia Giulia,Friuli Venezia Giulia,1215220,375535,30.9,0.2
4633,2021-06-04,FVG,12174,6237,5937,10267,1453,454,0,ITH,ITH4,6,Friuli-Venezia Giulia,Friuli Venezia Giulia,1215220,387709,31.9,1.0
4634,2021-04-23,FVG,7635,3481,4154,3555,3940,140,0,ITH,ITH4,6,Friuli-Venezia Giulia,Friuli Venezia Giulia,1215220,395344,32.53,0.63
4635,2021-08-01,FVG,3611,1932,1679,1487,1876,248,0,ITH,ITH4,6,Friuli-Venezia Giulia,Friuli Venezia Giulia,1215220,398955,32.83,0.3
4636,2021-03-30,FVG,7627,3410,4217,6288,1202,137,0,ITH,ITH4,6,Friuli-Venezia Giulia,Friuli Venezia Giulia,1215220,406582,33.46,0.63
4637,2021-07-10,FVG,8811,4550,4261,143,8642,26,0,ITH,ITH4,6,Friuli-Venezia Giulia,Friuli Venezia Giulia,1215220,415393,34.18,0.73
4638,2021-04-13,FVG,7406,3300,4106,5664,1613,129,0,ITH,ITH4,6,Friuli-Venezia Giulia,Friuli Venezia Giulia,1215220,422799,34.79,0.61
4639,2021-01-03,FVG,314,124,190,314,0,0,0,ITH,ITH4,6,Friuli-Venezia Giulia,Friuli Venezia Giulia,1215220,423113,34.82,0.03
4640,2021-07-22,FVG,7727,4108,3619,3274,4150,303,0,ITH,ITH4,6,Friuli-Venezia Giulia,Friuli Venezia Giulia,1215220,430840,35.45,0.64
4641,2021-01-20,FVG,759,325,434,22,737,0,0,ITH,ITH4,6,Friuli-Venezia Giulia,Friuli Venezia Giulia,1215220,431599,35.52,0.06
4642,2021-07-31,FVG,7377,3794,3583,1273,6014,90,0,ITH,ITH4,6,Friuli-Venezia Giulia,Friuli Venezia Giulia,1215220,438976,36.12,0.61
4643,2021-08-17,FVG,3651,1966,1685,2822,601,228,0,ITH,ITH4,6,Friuli-Venezia Giulia,Friuli Venezia Giulia,1215220,442627,36.42,0.3
4644,2021-05-26,FVG,13507,6747,6760,9654,3493,360,0,ITH,ITH4,6,Friuli-Venezia Giulia,Friuli Venezia Giulia,1215220,456134,37.54,1.11
4645,2021-02-15,FVG,2461,914,1547,2201,254,6,0,ITH,ITH4,6,Friuli-Venezia Giulia,Friuli Venezia Giulia,1215220,458595,37.74,0.2
4646,2021-07-05,FVG,9684,4925,4759,1332,8209,143,0,ITH,ITH4,6,Friuli-Venezia Giulia,Friuli Venezia Giulia,1215220,468279,38.53,0.8
4647,2021-06-21,FVG,9224,4513,4711,1829,7258,137,0,ITH,ITH4,6,Friuli-Venezia Giulia,Friuli Venezia Giulia,1215220,477503,39.29,0.76
4648,2021-03-13,FVG,2949,1124,1825,1662,1274,13,0,ITH,ITH4,6,Friuli-Venezia Giulia,Friuli Venezia Giulia,1215220,480452,39.54,0.24
4649,2021-07-24,FVG,6174,3338,2836,2918,3081,175,0,ITH,ITH4,6,Friuli-Venezia Giulia,Friuli Venezia Giulia,1215220,486626,40.04,0.51
4650,2021-04-09,FVG,8075,3746,4329,6587,1311,177,0,ITH,ITH4,6,Friuli-Venezia Giulia,Friuli Venezia Giulia,1215220,494701,40.71,0.66
4651,2020-12-30,FVG,629,245,384,629,0,0,0,ITH,ITH4,6,Friuli-Venezia Giulia,Friuli Venezia Giulia,1215220,495330,40.76,0.05
4652,2021-06-05,FVG,10354,5351,5003,8391,1558,405,0,ITH,ITH4,6,Friuli-Venezia Giulia,Friuli Venezia Giulia,1215220,505684,41.61,0.85
4653,2021-02-25,FVG,3180,1662,1518,3117,30,33,0,ITH,ITH4,6,Friuli-Venezia Giulia,Friuli Venezia Giulia,1215220,508864,41.87,0.26
4654,2021-06-16,FVG,12206,5923,6283,3900,8040,266,0,ITH,ITH4,6,Friuli-Venezia Giulia,Friuli Venezia Giulia,1215220,521070,42.88,1.0
4655,2021-08-12,FVG,7995,4287,3708,5202,2502,291,0,ITH,ITH4,6,Friuli-Venezia Giulia,Friuli Venezia Giulia,1215220,529065,43.54,0.66
4656,2021-04-18,FVG,6065,2814,3251,5420,410,235,0,ITH,ITH4,6,Friuli-Venezia Giulia,Friuli Venezia Giulia,1215220,535130,44.04,0.5
4657,2021-01-08,FVG,2346,752,1594,2346,0,0,0,ITH,ITH4,6,Friuli-Venezia Giulia,Friuli Venezia Giulia,1215220,537476,44.23,0.19
4658,2021-06-14,FVG,10329,5014,5315,5185,4842,302,0,ITH,ITH4,6,Friuli-Venezia Giulia,Friuli Venezia Giulia,1215220,547805,45.08,0.85
4659,2021-06-09,FVG,11373,5985,5388,9482,1401,490,0,ITH,ITH4,6,Friuli-Venezia Giulia,Friuli Venezia Giulia,1215220,559178,46.01,0.94
4660,2021-03-01,FVG,2971,1045,1926,2894,53,24,0,ITH,ITH4,6,Friuli-Venezia Giulia,Friuli Venezia Giulia,1215220,562149,46.26,0.24
4661,2021-03-18,FVG,3383,1427,1956,1689,1686,8,0,ITH,ITH4,6,Friuli-Venezia Giulia,Friuli Venezia Giulia,1215220,565532,46.54,0.28
4662,2021-09-19,FVG,2056,1109,947,499,1496,61,0,ITH,ITH4,6,Friuli-Venezia Giulia,Friuli Venezia Giulia,1215220,567588,46.71,0.17
4663,2021-06-28,FVG,9929,5004,4925,2108,7715,106,0,ITH,ITH4,6,Friuli-Venezia Giulia,Friuli Venezia Giulia,1215220,577517,47.52,0.82
4664,2021-02-22,FVG,2495,1199,1296,2070,420,5,0,ITH,ITH4,6,Friuli-Venezia Giulia,Friuli Venezia Giulia,1215220,580012,47.73,0.21
4665,2021-06-02,FVG,9436,4967,4469,8820,282,334,0,ITH,ITH4,6,Friuli-Venezia Giulia,Friuli Venezia Giulia,1215220,589448,48.51,0.78
4666,2021-08-09,FVG,7848,4199,3649,2376,5286,186,0,ITH,ITH4,6,Friuli-Venezia Giulia,Friuli Venezia Giulia,1215220,597296,49.15,0.65
4667,2021-02-07,FVG,1569,482,1087,384,1184,1,0,ITH,ITH4,6,Friuli-Venezia Giulia,Friuli Venezia Giulia,1215220,598865,49.28,0.13
4668,2021-04-01,FVG,6440,3078,3362,5330,1019,91,0,ITH,ITH4,6,Friuli-Venezia Giulia,Friuli Venezia Giulia,1215220,605305,49.81,0.53
4669,2021-09-05,FVG,2728,1478,1250,1316,1318,94,0,ITH,ITH4,6,Friuli-Venezia Giulia,Friuli Venezia Giulia,1215220,608033,50.03,0.22
4670,2021-05-28,FVG,10666,5111,5555,6233,4148,285,0,ITH,ITH4,6,Friuli-Venezia Giulia,Friuli Venezia Giulia,1215220,618699,50.91,0.88
4671,2021-09-07,FVG,3154,1702,1452,1220,1740,194,0,ITH,ITH4,6,Friuli-Venezia Giulia,Friuli Venezia Giulia,1215220,621853,51.17,0.26
4672,2021-07-12,FVG,10041,5156,4885,1109,8776,156,0,ITH,ITH4,6,Friuli-Venezia Giulia,Friuli Venezia Giulia,1215220,631894,52.0,0.83
4673,2021-02-19,FVG,3370,1382,1988,2857,496,17,0,ITH,ITH4,6,Friuli-Venezia Giulia,Friuli Venezia Giulia,1215220,635264,52.28,0.28
4674,2021-07-29,FVG,9614,4904,4710,3230,6088,296,0,ITH,ITH4,6,Friuli-Venezia Giulia,Friuli Venezia Giulia,1215220,644878,53.07,0.79
4675,2021-04-20,FVG,7154,3083,4071,3101,3923,130,0,ITH,ITH4,6,Friuli-Venezia Giulia,Friuli Venezia Giulia,1215220,652032,53.66,0.59
4676,2021-01-10,FVG,2943,919,2024,2943,0,0,0,ITH,ITH4,6,Friuli-Venezia Giulia,Friuli Venezia Giulia,1215220,654975,53.9,0.24
4677,2021-06-23,FVG,12106,5860,6246,1989,9963,154,0,ITH,ITH4,6,Friuli-Venezia Giulia,Friuli Venezia Giulia,1215220,667081,54.89,1.0
4678,2021-08-19,FVG,4912,2625,2287,1759,3003,150,0,ITH,ITH4,6,Friuli-Venezia Giulia,Friuli Venezia Giulia,1215220,671993,55.3,0.4
4679,2021-08-05,FVG,7150,3675,3475,3250,3697,203,0,ITH,ITH4,6,Friuli-Venezia Giulia,Friuli Venezia Giulia,1215220,679143,55.89,0.59
4680,2021-04-27,FVG,8155,3742,4413,3551,4501,103,0,ITH,ITH4,6,Friuli-Venezia Giulia,Friuli Venezia Giulia,1215220,687298,56.56,0.67
4681,2021-08-24,FVG,6656,3597,3059,765,5761,130,0,ITH,ITH4,6,Friuli-Venezia Giulia,Friuli Venezia Giulia,1215220,693954,57.11,0.55
4682,2021-08-10,FVG,7326,4088,3238,5309,1658,359,0,ITH,ITH4,6,Friuli-Venezia Giulia,Friuli Venezia Giulia,1215220,701280,57.71,0.6
4683,2021-05-02,FVG,6923,3259,3664,3810,2970,143,0,ITH,ITH4,6,Friuli-Venezia Giulia,Friuli Venezia Giulia,1215220,708203,58.28,0.57
4684,2021-05-16,FVG,10028,4803,5225,8376,1407,245,0,ITH,ITH4,6,Friuli-Venezia Giulia,Friuli Venezia Giulia,1215220,718231,59.1,0.83
4685,2021-09-09,FVG,3957,2089,1868,1999,1722,236,0,ITH,ITH4,6,Friuli-Venezia Giulia,Friuli Venezia Giulia,1215220,722188,59.43,0.33
4686,2021-08-26,FVG,7542,4084,3458,1471,5836,235,0,ITH,ITH4,6,Friuli-Venezia Giulia,Friuli Venezia Giulia,1215220,729730,60.05,0.62
4687,2021-05-18,FVG,10877,5440,5437,8410,2105,362,0,ITH,ITH4,6,Friuli-Venezia Giulia,Friuli Venezia Giulia,1215220,740607,60.94,0.9
4688,2021-06-01,FVG,10149,5134,5015,7691,2130,328,0,ITH,ITH4,6,Friuli-Venezia Giulia,Friuli Venezia Giulia,1215220,750756,61.78,0.84
4689,2021-06-20,FVG,6530,3242,3288,1488,4941,101,0,ITH,ITH4,6,Friuli-Venezia Giulia,Friuli Venezia Giulia,1215220,757286,62.32,0.54
4690,2021-09-14,FVG,3903,2064,1839,932,2861,110,0,ITH,ITH4,6,Friuli-Venezia Giulia,Friuli Venezia Giulia,1215220,761189,62.64,0.32
4691,2021-04-24,FVG,6694,2953,3741,5208,1245,241,0,ITH,ITH4,6,Friuli-Venezia Giulia,Friuli Venezia Giulia,1215220,767883,63.19,0.55
4692,2021-02-20,FVG,2080,942,1138,1933,144,3,0,ITH,ITH4,6,Friuli-Venezia Giulia,Friuli Venezia Giulia,1215220,769963,63.36,0.17
4693,2021-01-22,FVG,182,113,69,91,91,0,0,ITH,ITH4,6,Friuli-Venezia Giulia,Friuli Venezia Giulia,1215220,770145,63.37,0.01
4694,2021-03-06,FVG,3524,1208,2316,3164,328,32,0,ITH,ITH4,6,Friuli-Venezia Giulia,Friuli Venezia Giulia,1215220,773669,63.66,0.29
4695,2021-07-14,FVG,10915,5584,5331,1256,9466,193,0,ITH,ITH4,6,Friuli-Venezia Giulia,Friuli Venezia Giulia,1215220,784584,64.56,0.9
4696,2021-04-05,FVG,2913,1449,1464,2832,17,64,0,ITH,ITH4,6,Friuli-Venezia Giulia,Friuli Venezia Giulia,1215220,787497,64.8,0.24
4697,2021-01-12,FVG,2291,735,1556,2291,0,0,0,ITH,ITH4,6,Friuli-Venezia Giulia,Friuli Venezia Giulia,1215220,789788,64.99,0.19
4698,2021-01-29,FVG,2425,817,1608,269,2156,0,0,ITH,ITH4,6,Friuli-Venezia Giulia,Friuli Venezia Giulia,1215220,792213,65.19,0.2
4699,2021-04-22,FVG,6804,3094,3710,3034,3698,72,0,ITH,ITH4,6,Friuli-Venezia Giulia,Friuli Venezia Giulia,1215220,799017,65.75,0.56
4700,2021-03-20,FVG,3414,1417,1997,1302,2098,14,0,ITH,ITH4,6,Friuli-Venezia Giulia,Friuli Venezia Giulia,1215220,802431,66.03,0.28
4701,2021-01-13,FVG,2661,839,1822,2660,0,1,0,ITH,ITH4,6,Friuli-Venezia Giulia,Friuli Venezia Giulia,1215220,805092,66.25,0.22
4702,2021-04-06,FVG,6716,3158,3558,5429,1178,109,0,ITH,ITH4,6,Friuli-Venezia Giulia,Friuli Venezia Giulia,1215220,811808,66.8,0.55
4703,2020-12-27,FVG,262,149,113,261,0,1,0,ITH,ITH4,6,Friuli-Venezia Giulia,Friuli Venezia Giulia,1215220,812070,66.82,0.02
4704,2021-09-21,FVG,3684,1948,1736,2096,1397,179,12,ITH,ITH4,6,Friuli-Venezia Giulia,Friuli Venezia Giulia,1215220,815754,67.13,0.3
4705,2021-09-24,FVG,438,249,189,305,105,8,20,ITH,ITH4,6,Friuli-Venezia Giulia,Friuli Venezia Giulia,1215220,816192,67.16,0.04
4706,2021-05-04,FVG,9621,4343,5278,6005,3387,229,0,ITH,ITH4,6,Friuli-Venezia Giulia,Friuli Venezia Giulia,1215220,825813,67.96,0.79
4707,2021-01-24,FVG,307,121,186,2,305,0,0,ITH,ITH4,6,Friuli-Venezia Giulia,Friuli Venezia Giulia,1215220,826120,67.98,0.03
4708,2021-06-30,FVG,13211,6724,6487,1386,11651,174,0,ITH,ITH4,6,Friuli-Venezia Giulia,Friuli Venezia Giulia,1215220,839331,69.07,1.09
4709,2021-03-29,FVG,7047,3136,3911,5374,1596,77,0,ITH,ITH4,6,Friuli-Venezia Giulia,Friuli Venezia Giulia,1215220,846378,69.65,0.58
4710,2021-07-07,FVG,11336,5804,5532,1449,9756,131,0,ITH,ITH4,6,Friuli-Venezia Giulia,Friuli Venezia Giulia,1215220,857714,70.58,0.93
4711,2021-07-21,FVG,8661,4390,4271,2046,6354,261,0,ITH,ITH4,6,Friuli-Venezia Giulia,Friuli Venezia Giulia,1215220,866375,71.29,0.71
4712,2021-06-06,FVG,9509,4640,4869,7644,1568,297,0,ITH,ITH4,6,Friuli-Venezia Giulia,Friuli Venezia Giulia,1215220,875884,72.08,0.78
4713,2021-02-26,FVG,3811,2152,1659,3596,182,33,0,ITH,ITH4,6,Friuli-Venezia Giulia,Friuli Venezia Giulia,1215220,879695,72.39,0.31
4714,2021-02-17,FVG,2368,1008,1360,1873,492,3,0,ITH,ITH4,6,Friuli-Venezia Giulia,Friuli Venezia Giulia,1215220,882063,72.58,0.19
4715,2021-09-16,FVG,3034,1614,1420,497,2450,83,4,ITH,ITH4,6,Friuli-Venezia Giulia,Friuli Venezia Giulia,1215220,885097,72.83,0.25
4716,2021-05-30,FVG,11081,4998,6083,7237,3596,248,0,ITH,ITH4,6,Friuli-Venezia Giulia,Friuli Venezia Giulia,1215220,896178,73.75,0.91
4717,2021-08-14,FVG,207,152,55,189,4,14,0,ITH,ITH4,6,Friuli-Venezia Giulia,Friuli Venezia Giulia,1215220,896385,73.76,0.02
4718,2021-08-28,FVG,2901,1577,1324,1783,963,155,0,ITH,ITH4,6,Friuli-Venezia Giulia,Friuli Venezia Giulia,1215220,899286,74.0,0.24
4719,2021-05-06,FVG,11982,5571,6411,7714,3987,281,0,ITH,ITH4,6,Friuli-Venezia Giulia,Friuli Venezia Giulia,1215220,911268,74.99,0.99
4720,2021-07-02,FVG,11118,5748,5370,2116,8810,192,0,ITH,ITH4,6,Friuli-Venezia Giulia,Friuli Venezia Giulia,1215220,922386,75.9,0.91
4721,2021-08-02,FVG,9043,4649,4394,2870,5916,257,0,ITH,ITH4,6,Friuli-Venezia Giulia,Friuli Venezia Giulia,1215220,931429,76.65,0.74
4722,2021-04-03,FVG,4027,1997,2030,2624,1341,62,0,ITH,ITH4,6,Friuli-Venezia Giulia,Friuli Venezia Giulia,1215220,935456,76.98,0.33
4723,2021-06-18,FVG,10991,5429,5562,3403,7319,269,0,ITH,ITH4,6,Friuli-Venezia Giulia,Friuli Venezia Giulia,1215220,946447,77.88,0.9
4724,2021-03-10,FVG,3601,1710,1891,1743,1796,62,0,ITH,ITH4,6,Friuli-Venezia Giulia,Friuli Venezia Giulia,1215220,950048,78.18,0.3
4725,2021-02-24,FVG,2533,1093,1440,2504,18,11,0,ITH,ITH4,6,Friuli-Venezia Giulia,Friuli Venezia Giulia,1215220,952581,78.39,0.21
4726,2021-03-27,FVG,5387,2926,2461,3927,1412,48,0,ITH,ITH4,6,Friuli-Venezia Giulia,Friuli Venezia Giulia,1215220,957968,78.83,0.44
4727,2021-02-12,FVG,1200,430,770,1145,51,4,0,ITH,ITH4,6,Friuli-Venezia Giulia,Friuli Venezia Giulia,1215220,959168,78.93,0.1
4728,2021-03-08,FVG,4141,1651,2490,2031,2095,15,0,ITH,ITH4,6,Friuli-Venezia Giulia,Friuli Venezia Giulia,1215220,963309,79.27,0.34
4729,2021-03-22,FVG,3674,1457,2217,1674,1960,40,0,ITH,ITH4,6,Friuli-Venezia Giulia,Friuli Venezia Giulia,1215220,966983,79.57,0.3
4730,2021-01-17,FVG,1716,522,1194,1714,0,2,0,ITH,ITH4,6,Friuli-Venezia Giulia,Friuli Venezia Giulia,1215220,968699,79.71,0.14
4731,2021-03-15,FVG,3973,1820,2153,1616,2332,25,0,ITH,ITH4,6,Friuli-Venezia Giulia,Friuli Venezia Giulia,1215220,972672,80.04,0.33
4732,2021-05-11,FVG,9194,4436,4758,7158,1815,221,0,ITH,ITH4,6,Friuli-Venezia Giulia,Friuli Venezia Giulia,1215220,981866,80.8,0.76
4733,2021-01-31,FVG,2729,842,1887,386,2343,0,0,ITH,ITH4,6,Friuli-Venezia Giulia,Friuli Venezia Giulia,1215220,984595,81.02,0.22
4734,2021-05-15,FVG,12695,6121,6574,7684,4706,305,0,ITH,ITH4,6,Friuli-Venezia Giulia,Friuli Venezia Giulia,1215220,997290,82.07,1.04
4735,2021-05-01,FVG,7218,3254,3964,5910,1048,260,0,ITH,ITH4,6,Friuli-Venezia Giulia,Friuli Venezia Giulia,1215220,1004508,82.66,0.59
4736,2021-01-21,FVG,901,347,554,5,896,0,0,ITH,ITH4,6,Friuli-Venezia Giulia,Friuli Venezia Giulia,1215220,1005409,82.73,0.07
4737,2021-02-21,FVG,805,282,523,421,382,2,0,ITH,ITH4,6,Friuli-Venezia Giulia,Friuli Venezia Giulia,1215220,1006214,82.8,0.07
4738,2021-06-25,FVG,11016,5535,5481,2357,8568,91,0,ITH,ITH4,6,Friuli-Venezia Giulia,Friuli Venezia Giulia,1215220,1017230,83.71,0.91
4739,2021-07-09,FVG,11967,6360,5607,2125,9551,291,0,ITH,ITH4,6,Friuli-Venezia Giulia,Friuli Venezia Giulia,1215220,1029197,84.69,0.98
4740,2021-03-17,FVG,3244,1272,1972,737,2497,10,0,ITH,ITH4,6,Friuli-Venezia Giulia,Friuli Venezia Giulia,1215220,1032441,84.96,0.27
4741,2021-08-21,FVG,2898,1560,1338,283,2575,40,0,ITH,ITH4,6,Friuli-Venezia Giulia,Friuli Venezia Giulia,1215220,1035339,85.2,0.24
4742,2021-05-13,FVG,11229,5431,5798,8745,2082,402,0,ITH,ITH4,6,Friuli-Venezia Giulia,Friuli Venezia Giulia,1215220,1046568,86.12,0.92
4743,2021-04-15,FVG,6530,2888,3642,5092,1277,161,0,ITH,ITH4,6,Friuli-Venezia Giulia,Friuli Venezia Giulia,1215220,1053098,86.66,0.54
4744,2021-04-29,FVG,6813,3000,3813,4015,2610,188,0,ITH,ITH4,6,Friuli-Venezia Giulia,Friuli Venezia Giulia,1215220,1059911,87.22,0.56
4745,2021-01-05,FVG,1680,552,1128,1678,0,2,0,ITH,ITH4,6,Friuli-Venezia Giulia,Friuli Venezia Giulia,1215220,1061591,87.36,0.14
4746,2021-08-07,FVG,4842,2614,2228,2780,1932,130,0,ITH,ITH4,6,Friuli-Venezia Giulia,Friuli Venezia Giulia,1215220,1066433,87.76,0.4
4747,2021-09-18,FVG,2762,1521,1241,840,1877,45,0,ITH,ITH4,6,Friuli-Venezia Giulia,Friuli Venezia Giulia,1215220,1069195,87.98,0.23
4748,2021-06-10,FVG,11601,6040,5561,9695,1489,417,0,ITH,ITH4,6,Friuli-Venezia Giulia,Friuli Venezia Giulia,1215220,1080796,88.94,0.95
4749,2021-09-01,FVG,8610,4716,3894,2156,6245,209,0,ITH,ITH4,6,Friuli-Venezia Giulia,Friuli Venezia Giulia,1215220,1089406,89.65,0.71
4750,2021-03-19,FVG,3310,1395,1915,1337,1958,15,0,ITH,ITH4,6,Friuli-Venezia Giulia,Friuli Venezia Giulia,1215220,1092716,89.92,0.27
4751,2021-06-27,FVG,7681,3838,3843,3691,3863,127,0,ITH,ITH4,6,Friuli-Venezia Giulia,Friuli Venezia Giulia,1215220,1100397,90.55,0.63
4752,2021-09-02,FVG,7002,3811,3191,1953,4806,243,0,ITH,ITH4,6,Friuli-Venezia Giulia,Friuli Venezia Giulia,1215220,1107399,91.13,0.58
4753,2021-05-25,FVG,12963,6408,6555,9287,3329,347,0,ITH,ITH4,6,Friuli-Venezia Giulia,Friuli Venezia Giulia,1215220,1120362,92.19,1.07
4754,2021-08-16,FVG,4826,2599,2227,2702,1876,248,0,ITH,ITH4,6,Friuli-Venezia Giulia,Friuli Venezia Giulia,1215220,1125188,92.59,0.4
4755,2021-06-11,FVG,10950,5972,4978,9630,841,479,0,ITH,ITH4,6,Friuli-Venezia Giulia,Friuli Venezia Giulia,1215220,1136138,93.49,0.9
4756,2021-03-03,FVG,3658,1643,2015,2351,1277,30,0,ITH,ITH4,6,Friuli-Venezia Giulia,Friuli Venezia Giulia,1215220,1139796,93.79,0.3
4757,2021-09-04,FVG,2948,1590,1358,1679,1068,201,0,ITH,ITH4,6,Friuli-Venezia Giulia,Friuli Venezia Giulia,1215220,1142744,94.04,0.24
4758,2021-08-06,FVG,6463,3399,3064,2360,3936,167,0,ITH,ITH4,6,Friuli-Venezia Giulia,Friuli Venezia Giulia,1215220,1149207,94.57,0.53
4759,2021-07-04,FVG,9363,4799,4564,2891,6215,257,0,ITH,ITH4,6,Friuli-Venezia Giulia,Friuli Venezia Giulia,1215220,1158570,95.34,0.77
4760,2021-03-26,FVG,6111,2670,3441,3893,2039,179,0,ITH,ITH4,6,Friuli-Venezia Giulia,Friuli Venezia Giulia,1215220,1164681,95.84,0.5
4761,2021-03-12,FVG,4257,1786,2471,2834,1397,26,0,ITH,ITH4,6,Friuli-Venezia Giulia,Friuli Venezia Giulia,1215220,1168938,96.19,0.35
4762,2021-01-02,FVG,1219,471,748,1219,0,0,0,ITH,ITH4,6,Friuli-Venezia Giulia,Friuli Venezia Giulia,1215220,1170157,96.29,0.1
4763,2021-02-16,FVG,2521,1139,1382,2399,118,4,0,ITH,ITH4,6,Friuli-Venezia Giulia,Friuli Venezia Giulia,1215220,1172678,96.5,0.21
4764,2021-03-24,FVG,3990,1729,2261,2465,1485,40,0,ITH,ITH4,6,Friuli-Venezia Giulia,Friuli Venezia Giulia,1215220,1176668,96.83,0.33
4765,2021-05-27,FVG,12873,6162,6711,7393,5254,226,0,ITH,ITH4,6,Friuli-Venezia Giulia,Friuli Venezia Giulia,1215220,1189541,97.89,1.06
4766,2021-06-29,FVG,11392,5812,5580,1233,10050,109,0,ITH,ITH4,6,Friuli-Venezia Giulia,Friuli Venezia Giulia,1215220,1200933,98.82,0.94
4767,2021-09-20,FVG,3674,1904,1770,1825,1642,205,2,ITH,ITH4,6,Friuli-Venezia Giulia,Friuli Venezia Giulia,1215220,1204607,99.13,0.3
4768,2021-07-16,FVG,9818,5245,4573,1706,7964,148,0,ITH,ITH4,6,Friuli-Venezia Giulia,Friuli Venezia Giulia,1215220,1214425,99.93,0.81
4769,2021-04-07,FVG,7863,3647,4216,6953,789,121,0,ITH,ITH4,6,Friuli-Venezia Giulia,Friuli Venezia Giulia,1215220,1222288,100.58,0.65
4770,2021-02-05,FVG,2633,793,1840,89,2544,0,0,ITH,ITH4,6,Friuli-Venezia Giulia,Friuli Venezia Giulia,1215220,1224921,100.8,0.22
4771,2021-04-14,FVG,7257,3136,4121,5410,1721,126,0,ITH,ITH4,6,Friuli-Venezia Giulia,Friuli Venezia Giulia,1215220,1232178,101.4,0.6
4772,2021-07-06,FVG,11223,5858,5365,1351,9758,114,0,ITH,ITH4,6,Friuli-Venezia Giulia,Friuli Venezia Giulia,1215220,1243401,102.32,0.92
4773,2021-07-23,FVG,9068,4649,4419,3041,5599,428,0,ITH,ITH4,6,Friuli-Venezia Giulia,Friuli Venezia Giulia,1215220,1252469,103.07,0.75
4774,2021-08-23,FVG,4794,2487,2307,2659,1786,349,0,ITH,ITH4,6,Friuli-Venezia Giulia,Friuli Venezia Giulia,1215220,1257263,103.46,0.39
4775,2021-05-29,FVG,12044,5858,6186,6781,4996,267,0,ITH,ITH4,6,Friuli-Venezia Giulia,Friuli Venezia Giulia,1215220,1269307,104.45,0.99
4776,2021-07-25,FVG,3905,2028,1877,1917,1881,107,0,ITH,ITH4,6,Friuli-Venezia Giulia,Friuli Venezia Giulia,1215220,1273212,104.77,0.32
4777,2021-07-11,FVG,6875,3592,3283,2384,4188,303,0,ITH,ITH4,6,Friuli-Venezia Giulia,Friuli Venezia Giulia,1215220,1280087,105.34,0.57
4778,2021-09-06,FVG,3965,2249,1716,739,3101,125,0,ITH,ITH4,6,Friuli-Venezia Giulia,Friuli Venezia Giulia,1215220,1284052,105.66,0.33
4779,2021-08-11,FVG,7948,4200,3748,5236,2377,335,0,ITH,ITH4,6,Friuli-Venezia Giulia,Friuli Venezia Giulia,1215220,1292000,106.32,0.65
4780,2021-05-03,FVG,7260,3304,3956,3346,3797,117,0,ITH,ITH4,6,Friuli-Venezia Giulia,Friuli Venezia Giulia,1215220,1299260,106.92,0.6
4781,2021-01-14,FVG,2601,799,1802,2598,0,3,0,ITH,ITH4,6,Friuli-Venezia Giulia,Friuli Venezia Giulia,1215220,1301861,107.13,0.21
4782,2021-08-13,FVG,3894,2183,1711,2731,969,194,0,ITH,ITH4,6,Friuli-Venezia Giulia,Friuli Venezia Giulia,1215220,1305755,107.45,0.32
4783,2021-06-08,FVG,10564,5539,5025,9626,505,433,0,ITH,ITH4,6,Friuli-Venezia Giulia,Friuli Venezia Giulia,1215220,1316319,108.32,0.87
4784,2021-02-28,FVG,2692,1005,1687,2269,394,29,0,ITH,ITH4,6,Friuli-Venezia Giulia,Friuli Venezia Giulia,1215220,1319011,108.54,0.22
4785,2021-08-04,FVG,9365,4839,4526,4680,4383,302,0,ITH,ITH4,6,Friuli-Venezia Giulia,Friuli Venezia Giulia,1215220,1328376,109.31,0.77
4786,2021-04-12,FVG,7292,3198,4094,5996,1138,158,0,ITH,ITH4,6,Friuli-Venezia Giulia,Friuli Venezia Giulia,1215220,1335668,109.91,0.6
4787,2021-07-30,FVG,9084,4733,4351,2773,6049,262,0,ITH,ITH4,6,Friuli-Venezia Giulia,Friuli Venezia Giulia,1215220,1344752,110.66,0.75
4788,2021-01-28,FVG,2252,799,1453,356,1896,0,0,ITH,ITH4,6,Friuli-Venezia Giulia,Friuli Venezia Giulia,1215220,1347004,110.84,0.19
4789,2021-05-08,FVG,10345,4674,5671,5358,4794,193,0,ITH,ITH4,6,Friuli-Venezia Giulia,Friuli Venezia Giulia,1215220,1357349,111.7,0.85
4790,2021-02-14,FVG,1,0,1,0,1,0,0,ITH,ITH4,6,Friuli-Venezia Giulia,Friuli Venezia Giulia,1215220,1357350,111.7,0.0
4791,2021-05-20,FVG,12744,6339,6405,9799,2535,410,0,ITH,ITH4,6,Friuli-Venezia Giulia,Friuli Venezia Giulia,1215220,1370094,112.74,1.05
4792,2021-01-26,FVG,1981,650,1331,217,1763,1,0,ITH,ITH4,6,Friuli-Venezia Giulia,Friuli Venezia Giulia,1215220,1372075,112.91,0.16
4793,2021-02-09,FVG,1848,558,1290,1556,291,1,0,ITH,ITH4,6,Friuli-Venezia Giulia,Friuli Venezia Giulia,1215220,1373923,113.06,0.15
4794,2021-02-02,FVG,2496,821,1675,220,2276,0,0,ITH,ITH4,6,Friuli-Venezia Giulia,Friuli Venezia Giulia,1215220,1376419,113.27,0.21
4795,2021-03-31,FVG,8152,3574,4578,7176,850,126,0,ITH,ITH4,6,Friuli-Venezia Giulia,Friuli Venezia Giulia,1215220,1384571,113.94,0.67
4796,2021-08-25,FVG,7907,4232,3675,3086,4467,354,0,ITH,ITH4,6,Friuli-Venezia Giulia,Friuli Venezia Giulia,1215220,1392478,114.59,0.65
4797,2021-06-03,FVG,12484,6769,5715,9903,2134,447,0,ITH,ITH4,6,Friuli-Venezia Giulia,Friuli Venezia Giulia,1215220,1404962,115.61,1.03
4798,2021-09-11,FVG,1195,676,519,609,538,48,0,ITH,ITH4,6,Friuli-Venezia Giulia,Friuli Venezia Giulia,1215220,1406157,115.71,0.1
4799,2021-01-19,FVG,10,4,6,10,0,0,0,ITH,ITH4,6,Friuli-Venezia Giulia,Friuli Venezia Giulia,1215220,1406167,115.71,0.0
4800,2021-08-30,FVG,7356,3919,3437,2487,4639,230,0,ITH,ITH4,6,Friuli-Venezia Giulia,Friuli Venezia Giulia,1215220,1413523,116.32,0.61
4801,2021-09-13,FVG,2614,1374,1240,570,1950,94,0,ITH,ITH4,6,Friuli-Venezia Giulia,Friuli Venezia Giulia,1215220,1416137,116.53,0.22
4802,2021-05-22,FVG,11605,5209,6396,7085,4243,277,0,ITH,ITH4,6,Friuli-Venezia Giulia,Friuli Venezia Giulia,1215220,1427742,117.49,0.95
4803,2021-04-26,FVG,5515,2481,3034,3738,1657,120,0,ITH,ITH4,6,Friuli-Venezia Giulia,Friuli Venezia Giulia,1215220,1433257,117.94,0.45
4804,2021-08-18,FVG,4736,2521,2215,3023,1480,233,0,ITH,ITH4,6,Friuli-Venezia Giulia,Friuli Venezia Giulia,1215220,1437993,118.33,0.39
4805,2021-05-10,FVG,8011,3559,4452,6221,1546,244,0,ITH,ITH4,6,Friuli-Venezia Giulia,Friuli Venezia Giulia,1215220,1446004,118.99,0.66
4806,2021-07-18,FVG,5477,2962,2515,440,5013,24,0,ITH,ITH4,6,Friuli-Venezia Giulia,Friuli Venezia Giulia,1215220,1451481,119.44,0.45
4807,2021-04-08,FVG,7476,3238,4238,5408,1931,137,0,ITH,ITH4,6,Friuli-Venezia Giulia,Friuli Venezia Giulia,1215220,1458957,120.06,0.62
4808,2021-05-21,FVG,11339,5071,6268,7918,3072,349,0,ITH,ITH4,6,Friuli-Venezia Giulia,Friuli Venezia Giulia,1215220,1470296,120.99,0.93
4809,2021-02-10,FVG,1364,508,856,1275,89,0,0,ITH,ITH4,6,Friuli-Venezia Giulia,Friuli Venezia Giulia,1215220,1471660,121.1,0.11
4810,2021-07-17,FVG,7394,3969,3425,620,6690,84,0,ITH,ITH4,6,Friuli-Venezia Giulia,Friuli Venezia Giulia,1215220,1479054,121.71,0.61
4811,2021-02-01,FVG,2108,691,1417,17,2091,0,0,ITH,ITH4,6,Friuli-Venezia Giulia,Friuli Venezia Giulia,1215220,1481162,121.88,0.17
4812,2021-08-31,FVG,7569,4050,3519,1356,6022,191,0,ITH,ITH4,6,Friuli-Venezia Giulia,Friuli Venezia Giulia,1215220,1488731,122.51,0.62
4813,2021-05-14,FVG,10896,5414,5482,7931,2665,300,0,ITH,ITH4,6,Friuli-Venezia Giulia,Friuli Venezia Giulia,1215220,1499627,123.4,0.9
4814,2021-02-03,FVG,2655,793,1862,24,2630,1,0,ITH,ITH4,6,Friuli-Venezia Giulia,Friuli Venezia Giulia,1215220,1502282,123.62,0.22
4815,2021-02-08,FVG,2361,697,1664,90,2270,1,0,ITH,ITH4,6,Friuli-Venezia Giulia,Friuli Venezia Giulia,1215220,1504643,123.82,0.19
4816,2021-06-13,FVG,8721,4538,4183,5166,3331,224,0,ITH,ITH4,6,Friuli-Venezia Giulia,Friuli Venezia Giulia,1215220,1513364,124.53,0.72
4817,2021-07-26,FVG,8567,4270,4297,1777,6576,214,0,ITH,ITH4,6,Friuli-Venezia Giulia,Friuli Venezia Giulia,1215220,1521931,125.24,0.7
4818,2021-04-17,FVG,7469,3240,4229,5818,1484,167,0,ITH,ITH4,6,Friuli-Venezia Giulia,Friuli Venezia Giulia,1215220,1529400,125.85,0.61
4819,2021-09-23,FVG,2698,1467,1231,1125,1335,91,147,ITH,ITH4,6,Friuli-Venezia Giulia,Friuli Venezia Giulia,1215220,1532098,126.08,0.22
4820,2021-07-28,FVG,10513,5361,5152,4017,6045,451,0,ITH,ITH4,6,Friuli-Venezia Giulia,Friuli Venezia Giulia,1215220,1542611,126.94,0.87
4821,2021-07-19,FVG,9453,4942,4511,854,8445,154,0,ITH,ITH4,6,Friuli-Venezia Giulia,Friuli Venezia Giulia,1215220,1552064,127.72,0.78
4822,2021-04-10,FVG,5062,2218,2844,3752,1231,79,0,ITH,ITH4,6,Friuli-Venezia Giulia,Friuli Venezia Giulia,1215220,1557126,128.14,0.42
4823,2021-05-23,FVG,10299,4871,5428,5923,4159,217,0,ITH,ITH4,6,Friuli-Venezia Giulia,Friuli Venezia Giulia,1215220,1567425,128.98,0.85
4824,2021-01-07,FVG,2110,727,1383,2110,0,0,0,ITH,ITH4,6,Friuli-Venezia Giulia,Friuli Venezia Giulia,1215220,1569535,129.16,0.17
4825,2021-03-05,FVG,3838,1546,2292,2735,1080,23,0,ITH,ITH4,6,Friuli-Venezia Giulia,Friuli Venezia Giulia,1215220,1573373,129.47,0.32
4826,2021-04-19,FVG,6735,3143,3592,3214,3426,95,0,ITH,ITH4,6,Friuli-Venezia Giulia,Friuli Venezia Giulia,1215220,1580108,130.03,0.55
4827,2021-01-09,FVG,2538,848,1690,2537,0,1,0,ITH,ITH4,6,Friuli-Venezia Giulia,Friuli Venezia Giulia,1215220,1582646,130.24,0.21
4828,2021-06-15,FVG,12185,6199,5986,5355,6544,286,0,ITH,ITH4,6,Friuli-Venezia Giulia,Friuli Venezia Giulia,1215220,1594831,131.24,1.0
4829,2021-03-07,FVG,2557,939,1618,2496,1,60,0,ITH,ITH4,6,Friuli-Venezia Giulia,Friuli Venezia Giulia,1215220,1597388,131.45,0.21
4830,2020-12-31,FVG,1048,381,667,1047,0,1,0,ITH,ITH4,6,Friuli-Venezia Giulia,Friuli Venezia Giulia,1215220,1598436,131.53,0.09
4831,2021-06-17,FVG,11447,5792,5655,2279,9051,117,0,ITH,ITH4,6,Friuli-Venezia Giulia,Friuli Venezia Giulia,1215220,1609883,132.48,0.94
4832,2021-06-22,FVG,11615,5981,5634,2361,9114,140,0,ITH,ITH4,6,Friuli-Venezia Giulia,Friuli Venezia Giulia,1215220,1621498,133.43,0.96
4833,2021-08-01,TOS,29941,15330,14611,13792,15657,492,0,ITI,ITI1,9,Toscana,Toscana,3729641,29941,0.8,0.8
4834,2021-06-05,TOS,28458,13610,14848,20558,7623,277,0,ITI,ITI1,9,Toscana,Toscana,3729641,58399,1.57,0.76
4835,2021-09-13,TOS,18467,9820,8647,3529,14556,381,1,ITI,ITI1,9,Toscana,Toscana,3729641,76866,2.06,0.5
4836,2021-08-08,TOS,25050,12929,12121,14610,9937,503,0,ITI,ITI1,9,Toscana,Toscana,3729641,101916,2.73,0.67
4837,2021-01-11,TOS,5185,1719,3466,5084,0,101,0,ITI,ITI1,9,Toscana,Toscana,3729641,107101,2.87,0.14
4838,2021-04-21,TOS,29650,12689,16961,16852,12159,639,0,ITI,ITI1,9,Toscana,Toscana,3729641,136751,3.67,0.79
4839,2021-01-16,TOS,3298,1059,2239,3240,0,58,0,ITI,ITI1,9,Toscana,Toscana,3729641,140049,3.76,0.09
4840,2021-04-26,TOS,10148,4935,5213,7454,2557,137,0,ITI,ITI1,9,Toscana,Toscana,3729641,150197,4.03,0.27
4841,2021-01-02,TOS,3548,1127,2421,3504,0,44,0,ITI,ITI1,9,Toscana,Toscana,3729641,153745,4.12,0.1
4842,2021-08-27,TOS,16296,8714,7582,7751,8015,530,0,ITI,ITI1,9,Toscana,Toscana,3729641,170041,4.56,0.44
4843,2021-01-28,TOS,6290,1885,4405,350,5933,7,0,ITI,ITI1,9,Toscana,Toscana,3729641,176331,4.73,0.17
4844,2021-06-22,TOS,31074,15640,15434,22470,8224,380,0,ITI,ITI1,9,Toscana,Toscana,3729641,207405,5.56,0.83
4845,2021-05-17,TOS,29788,14886,14902,20556,8952,280,0,ITI,ITI1,9,Toscana,Toscana,3729641,237193,6.36,0.8
4846,2021-03-21,TOS,3297,1630,1667,1819,1434,44,0,ITI,ITI1,9,Toscana,Toscana,3729641,240490,6.45,0.09
4847,2021-08-25,TOS,20323,10619,9704,10614,8980,729,0,ITI,ITI1,9,Toscana,Toscana,3729641,260813,6.99,0.54
4848,2021-01-23,TOS,3982,1361,2621,641,3335,6,0,ITI,ITI1,9,Toscana,Toscana,3729641,264795,7.1,0.11
4849,2021-06-29,TOS,37066,18048,19018,7977,28933,156,0,ITI,ITI1,9,Toscana,Toscana,3729641,301861,8.09,0.99
4850,2021-05-03,TOS,11952,5521,6431,10363,1341,248,0,ITI,ITI1,9,Toscana,Toscana,3729641,313813,8.41,0.32
4851,2021-04-07,TOS,35859,15486,20373,28159,7276,424,0,ITI,ITI1,9,Toscana,Toscana,3729641,349672,9.38,0.96
4852,2021-07-01,TOS,32094,15541,16553,10722,21087,285,0,ITI,ITI1,9,Toscana,Toscana,3729641,381766,10.24,0.86
4853,2021-03-26,TOS,20748,9434,11314,14707,5829,212,0,ITI,ITI1,9,Toscana,Toscana,3729641,402514,10.79,0.56
4854,2021-03-09,TOS,11180,4590,6590,5531,5565,84,0,ITI,ITI1,9,Toscana,Toscana,3729641,413694,11.09,0.3
4855,2021-04-09,TOS,24612,10589,14023,20720,3442,450,0,ITI,ITI1,9,Toscana,Toscana,3729641,438306,11.75,0.66
4856,2021-07-18,TOS,30397,15284,15113,8343,21844,210,0,ITI,ITI1,9,Toscana,Toscana,3729641,468703,12.57,0.82
4857,2021-05-22,TOS,26037,12667,13370,21489,4299,249,0,ITI,ITI1,9,Toscana,Toscana,3729641,494740,13.27,0.7
4858,2021-05-05,TOS,30162,13465,16697,14854,14572,736,0,ITI,ITI1,9,Toscana,Toscana,3729641,524902,14.07,0.81
4859,2021-08-13,TOS,23124,12531,10593,11341,11233,550,0,ITI,ITI1,9,Toscana,Toscana,3729641,548026,14.69,0.62
4860,2021-02-28,TOS,1665,669,996,868,727,70,0,ITI,ITI1,9,Toscana,Toscana,3729641,549691,14.74,0.04
4861,2021-02-11,TOS,5423,2037,3386,5099,242,82,0,ITI,ITI1,9,Toscana,Toscana,3729641,555114,14.88,0.15
4862,2021-02-09,TOS,4534,1485,3049,3809,611,114,0,ITI,ITI1,9,Toscana,Toscana,3729641,559648,15.01,0.12
4863,2021-02-23,TOS,7755,3337,4418,7241,162,352,0,ITI,ITI1,9,Toscana,Toscana,3729641,567403,15.21,0.21
4864,2021-06-03,TOS,32067,15457,16610,27151,4591,325,0,ITI,ITI1,9,Toscana,Toscana,3729641,599470,16.07,0.86
4865,2021-09-08,TOS,21350,11091,10259,7204,13402,743,1,ITI,ITI1,9,Toscana,Toscana,3729641,620820,16.65,0.57
4866,2021-03-07,TOS,5659,2362,3297,2001,3547,111,0,ITI,ITI1,9,Toscana,Toscana,3729641,626479,16.8,0.15
4867,2021-07-30,TOS,37921,20409,17512,10795,26767,359,0,ITI,ITI1,9,Toscana,Toscana,3729641,664400,17.81,1.02
4868,2021-07-13,TOS,29351,14739,14612,7712,21462,177,0,ITI,ITI1,9,Toscana,Toscana,3729641,693751,18.6,0.79
4869,2021-04-02,TOS,32021,13581,18440,23683,8083,255,0,ITI,ITI1,9,Toscana,Toscana,3729641,725772,19.46,0.86
4870,2021-07-11,TOS,26197,12732,13465,9170,16852,175,0,ITI,ITI1,9,Toscana,Toscana,3729641,751969,20.16,0.7
4871,2021-06-24,TOS,29474,14636,14838,19322,9754,398,0,ITI,ITI1,9,Toscana,Toscana,3729641,781443,20.95,0.79
4872,2021-01-09,TOS,4542,1622,2920,4475,0,67,0,ITI,ITI1,9,Toscana,Toscana,3729641,785985,21.07,0.12
4873,2021-08-20,TOS,20234,11097,9137,9968,9768,498,0,ITI,ITI1,9,Toscana,Toscana,3729641,806219,21.62,0.54
4874,2021-03-19,TOS,10174,4476,5698,7133,2893,148,0,ITI,ITI1,9,Toscana,Toscana,3729641,816393,21.89,0.27
4875,2021-03-28,TOS,6211,2807,3404,5875,253,83,0,ITI,ITI1,9,Toscana,Toscana,3729641,822604,22.06,0.17
4876,2021-01-30,TOS,4627,1623,3004,173,4436,18,0,ITI,ITI1,9,Toscana,Toscana,3729641,827231,22.18,0.12
4877,2021-07-06,TOS,25798,13040,12758,11036,14532,230,0,ITI,ITI1,9,Toscana,Toscana,3729641,853029,22.87,0.69
4878,2021-06-17,TOS,32625,16715,15910,26714,5565,346,0,ITI,ITI1,9,Toscana,Toscana,3729641,885654,23.75,0.87
4879,2021-09-06,TOS,22841,11840,11001,9470,12342,1027,2,ITI,ITI1,9,Toscana,Toscana,3729641,908495,24.36,0.61
4880,2021-02-04,TOS,4264,1597,2667,942,3295,27,0,ITI,ITI1,9,Toscana,Toscana,3729641,912759,24.47,0.11
4881,2021-05-15,TOS,29378,13867,15511,22870,5911,597,0,ITI,ITI1,9,Toscana,Toscana,3729641,942137,25.26,0.79
4882,2021-04-28,TOS,19143,8189,10954,3445,15340,358,0,ITI,ITI1,9,Toscana,Toscana,3729641,961280,25.77,0.51
4883,2021-02-18,TOS,8875,3302,5573,7793,898,184,0,ITI,ITI1,9,Toscana,Toscana,3729641,970155,26.01,0.24
4884,2021-05-29,TOS,31584,15268,16316,23183,8174,227,0,ITI,ITI1,9,Toscana,Toscana,3729641,1001739,26.86,0.85
4885,2021-09-01,TOS,23621,12431,11190,13386,9190,1043,2,ITI,ITI1,9,Toscana,Toscana,3729641,1025360,27.49,0.63
4886,2021-06-12,TOS,29409,15160,14249,24657,4392,360,0,ITI,ITI1,9,Toscana,Toscana,3729641,1054769,28.28,0.79
4887,2021-04-16,TOS,29010,12903,16107,21440,6936,634,0,ITI,ITI1,9,Toscana,Toscana,3729641,1083779,29.06,0.78
4888,2021-09-20,TOS,22887,12200,10687,3436,18309,343,799,ITI,ITI1,9,Toscana,Toscana,3729641,1106666,29.67,0.61
4889,2021-07-25,TOS,33932,16779,17153,7054,26697,181,0,ITI,ITI1,9,Toscana,Toscana,3729641,1140598,30.58,0.91
4890,2021-02-16,TOS,9372,3367,6005,8420,721,231,0,ITI,ITI1,9,Toscana,Toscana,3729641,1149970,30.83,0.25
4891,2021-05-02,TOS,11181,4936,6245,8979,1968,234,0,ITI,ITI1,9,Toscana,Toscana,3729641,1161151,31.13,0.3
4892,2021-08-10,TOS,25944,13497,12447,16355,8938,651,0,ITI,ITI1,9,Toscana,Toscana,3729641,1187095,31.83,0.7
4893,2021-02-25,TOS,10648,4315,6333,9484,995,169,0,ITI,ITI1,9,Toscana,Toscana,3729641,1197743,32.11,0.29
4894,2021-06-28,TOS,37713,18149,19564,8435,29106,172,0,ITI,ITI1,9,Toscana,Toscana,3729641,1235456,33.13,1.01
4895,2021-07-20,TOS,37346,19111,18235,7965,29188,193,0,ITI,ITI1,9,Toscana,Toscana,3729641,1272802,34.13,1.0
4896,2021-08-22,TOS,18533,9970,8563,7311,10904,318,0,ITI,ITI1,9,Toscana,Toscana,3729641,1291335,34.62,0.5
4897,2021-09-15,TOS,16725,8783,7942,3724,12466,533,2,ITI,ITI1,9,Toscana,Toscana,3729641,1308060,35.07,0.45
4898,2021-03-18,TOS,9995,3989,6006,5864,3992,139,0,ITI,ITI1,9,Toscana,Toscana,3729641,1318055,35.34,0.27
4899,2021-06-26,TOS,34589,16775,17814,9989,24366,234,0,ITI,ITI1,9,Toscana,Toscana,3729641,1352644,36.27,0.93
4900,2021-06-09,TOS,34855,17586,17269,33959,463,433,0,ITI,ITI1,9,Toscana,Toscana,3729641,1387499,37.2,0.93
4901,2021-01-21,TOS,1593,687,906,862,722,9,0,ITI,ITI1,9,Toscana,Toscana,3729641,1389092,37.24,0.04
4902,2021-06-02,TOS,27617,13634,13983,21868,5512,237,0,ITI,ITI1,9,Toscana,Toscana,3729641,1416709,37.99,0.74
4903,2021-04-06,TOS,22255,9845,12410,18093,3743,419,0,ITI,ITI1,9,Toscana,Toscana,3729641,1438964,38.58,0.6
4904,2021-09-10,TOS,18113,9503,8610,5514,11971,628,0,ITI,ITI1,9,Toscana,Toscana,3729641,1457077,39.07,0.49
4905,2021-02-08,TOS,4132,1372,2760,3561,459,112,0,ITI,ITI1,9,Toscana,Toscana,3729641,1461209,39.18,0.11
4906,2021-07-15,TOS,31270,15306,15964,8096,22926,248,0,ITI,ITI1,9,Toscana,Toscana,3729641,1492479,40.02,0.84
4907,2021-05-19,TOS,27981,13590,14391,18644,9070,267,0,ITI,ITI1,9,Toscana,Toscana,3729641,1520460,40.77,0.75
4908,2021-08-06,TOS,32985,17688,15297,15355,17150,480,0,ITI,ITI1,9,Toscana,Toscana,3729641,1553445,41.65,0.88
4909,2021-03-23,TOS,9449,4415,5034,6960,2289,200,0,ITI,ITI1,9,Toscana,Toscana,3729641,1562894,41.9,0.25
4910,2020-12-30,TOS,327,104,223,326,0,1,0,ITI,ITI1,9,Toscana,Toscana,3729641,1563221,41.91,0.01
4911,2021-08-24,TOS,21910,11491,10419,12736,8308,866,0,ITI,ITI1,9,Toscana,Toscana,3729641,1585131,42.5,0.59
4912,2021-06-10,TOS,26460,13573,12887,25550,560,350,0,ITI,ITI1,9,Toscana,Toscana,3729641,1611591,43.21,0.71
4913,2021-05-24,TOS,33770,16734,17036,23901,9589,280,0,ITI,ITI1,9,Toscana,Toscana,3729641,1645361,44.12,0.91
4914,2021-01-25,TOS,5135,1895,3240,242,4889,4,0,ITI,ITI1,9,Toscana,Toscana,3729641,1650496,44.25,0.14
4915,2021-04-18,TOS,8373,4098,4275,7060,1037,276,0,ITI,ITI1,9,Toscana,Toscana,3729641,1658869,44.48,0.22
4916,2021-01-20,TOS,1346,644,702,1034,249,63,0,ITI,ITI1,9,Toscana,Toscana,3729641,1660215,44.51,0.04
4917,2021-04-30,TOS,40264,17815,22449,19653,19964,647,0,ITI,ITI1,9,Toscana,Toscana,3729641,1700479,45.59,1.08
4918,2021-04-25,TOS,11067,5252,5815,8759,2146,162,0,ITI,ITI1,9,Toscana,Toscana,3729641,1711546,45.89,0.3
4919,2021-08-03,TOS,36366,18936,17430,12169,23817,380,0,ITI,ITI1,9,Toscana,Toscana,3729641,1747912,46.87,0.98
4920,2021-02-20,TOS,4724,1815,2909,4051,537,136,0,ITI,ITI1,9,Toscana,Toscana,3729641,1752636,46.99,0.13
4921,2021-05-31,TOS,30363,14652,15711,19271,10849,243,0,ITI,ITI1,9,Toscana,Toscana,3729641,1782999,47.81,0.81
4922,2021-05-14,TOS,33416,15466,17950,20024,12750,642,0,ITI,ITI1,9,Toscana,Toscana,3729641,1816415,48.7,0.9
4923,2021-09-17,TOS,19502,10641,8861,4138,14874,487,3,ITI,ITI1,9,Toscana,Toscana,3729641,1835917,49.23,0.52
4924,2021-04-04,TOS,13930,6613,7317,13510,255,165,0,ITI,ITI1,9,Toscana,Toscana,3729641,1849847,49.6,0.37
4925,2021-03-16,TOS,4923,1888,3035,2583,2259,81,0,ITI,ITI1,9,Toscana,Toscana,3729641,1854770,49.73,0.13
4926,2021-02-27,TOS,2000,763,1237,1019,903,78,0,ITI,ITI1,9,Toscana,Toscana,3729641,1856770,49.78,0.05
4927,2021-08-05,TOS,34769,18030,16739,12126,22268,375,0,ITI,ITI1,9,Toscana,Toscana,3729641,1891539,50.72,0.93
4928,2021-05-12,TOS,34230,15590,18640,13584,20060,586,0,ITI,ITI1,9,Toscana,Toscana,3729641,1925769,51.63,0.92
4929,2021-01-18,TOS,1127,639,488,979,98,50,0,ITI,ITI1,9,Toscana,Toscana,3729641,1926896,51.66,0.03
4930,2021-05-10,TOS,26246,12418,13828,15246,10652,348,0,ITI,ITI1,9,Toscana,Toscana,3729641,1953142,52.37,0.7
4931,2021-03-14,TOS,7191,2577,4614,3163,3935,93,0,ITI,ITI1,9,Toscana,Toscana,3729641,1960333,52.56,0.19
4932,2021-08-18,TOS,25956,13827,12129,12847,12505,604,0,ITI,ITI1,9,Toscana,Toscana,3729641,1986289,53.26,0.7
4933,2021-04-13,TOS,8504,3512,4992,5739,2482,283,0,ITI,ITI1,9,Toscana,Toscana,3729641,1994793,53.48,0.23
4934,2021-07-22,TOS,39412,19808,19604,4479,34761,172,0,ITI,ITI1,9,Toscana,Toscana,3729641,2034205,54.54,1.06
4935,2021-05-26,TOS,35626,17116,18510,20149,15220,257,0,ITI,ITI1,9,Toscana,Toscana,3729641,2069831,55.5,0.96
4936,2021-03-30,TOS,17042,7647,9395,13268,3575,199,0,ITI,ITI1,9,Toscana,Toscana,3729641,2086873,55.95,0.46
4937,2021-07-27,TOS,38741,20143,18598,11266,27123,352,0,ITI,ITI1,9,Toscana,Toscana,3729641,2125614,56.99,1.04
4938,2021-07-10,TOS,29317,14187,15130,7951,21176,190,0,ITI,ITI1,9,Toscana,Toscana,3729641,2154931,57.78,0.79
4939,2021-05-07,TOS,32205,14726,17479,11347,20243,615,0,ITI,ITI1,9,Toscana,Toscana,3729641,2187136,58.64,0.86
4940,2021-01-01,TOS,2410,814,1596,2364,0,46,0,ITI,ITI1,9,Toscana,Toscana,3729641,2189546,58.71,0.06
4941,2021-04-11,TOS,3641,1680,1961,3331,155,155,0,ITI,ITI1,9,Toscana,Toscana,3729641,2193187,58.8,0.1
4942,2021-07-03,TOS,29443,14834,14609,11879,17179,385,0,ITI,ITI1,9,Toscana,Toscana,3729641,2222630,59.59,0.79
4943,2021-08-07,TOS,30496,16309,14187,14233,15774,489,0,ITI,ITI1,9,Toscana,Toscana,3729641,2253126,60.41,0.82
4944,2021-03-06,TOS,7137,2859,4278,2849,4203,85,0,ITI,ITI1,9,Toscana,Toscana,3729641,2260263,60.6,0.19
4945,2021-01-13,TOS,4126,1423,2703,4061,0,65,0,ITI,ITI1,9,Toscana,Toscana,3729641,2264389,60.71,0.11
4946,2021-04-23,TOS,25738,11459,14279,8800,16407,531,0,ITI,ITI1,9,Toscana,Toscana,3729641,2290127,61.4,0.69
4947,2021-09-02,TOS,18128,9455,8673,11085,6125,917,1,ITI,ITI1,9,Toscana,Toscana,3729641,2308255,61.89,0.49
4948,2021-06-07,TOS,34983,17165,17818,30980,3655,348,0,ITI,ITI1,9,Toscana,Toscana,3729641,2343238,62.83,0.94
4949,2021-05-21,TOS,28964,13504,15460,17226,11481,257,0,ITI,ITI1,9,Toscana,Toscana,3729641,2372202,63.6,0.78
4950,2021-08-29,TOS,17006,8991,8015,7585,8838,583,0,ITI,ITI1,9,Toscana,Toscana,3729641,2389208,64.06,0.46
4951,2021-09-05,TOS,15181,8058,7123,6366,8286,529,0,ITI,ITI1,9,Toscana,Toscana,3729641,2404389,64.47,0.41
4952,2021-02-06,TOS,4540,1555,2985,1270,3237,33,0,ITI,ITI1,9,Toscana,Toscana,3729641,2408929,64.59,0.12
4953,2021-09-12,TOS,18297,9478,8819,4322,13422,552,1,ITI,ITI1,9,Toscana,Toscana,3729641,2427226,65.08,0.49
4954,2021-02-01,TOS,5524,1962,3562,520,4994,10,0,ITI,ITI1,9,Toscana,Toscana,3729641,2432750,65.23,0.15
4955,2021-09-24,TOS,8031,4368,3663,1963,5381,182,505,ITI,ITI1,9,Toscana,Toscana,3729641,2440781,65.44,0.22
4956,2021-08-21,TOS,17990,9962,8028,8147,9462,381,0,ITI,ITI1,9,Toscana,Toscana,3729641,2458771,65.93,0.48
4957,2021-02-03,TOS,4228,1452,2776,237,3987,4,0,ITI,ITI1,9,Toscana,Toscana,3729641,2462999,66.04,0.11
4958,2021-01-15,TOS,3916,1362,2554,3856,0,60,0,ITI,ITI1,9,Toscana,Toscana,3729641,2466915,66.14,0.1
4959,2021-03-20,TOS,6594,2980,3614,5364,1139,91,0,ITI,ITI1,9,Toscana,Toscana,3729641,2473509,66.32,0.18
4960,2021-01-22,TOS,2867,1064,1803,526,2338,3,0,ITI,ITI1,9,Toscana,Toscana,3729641,2476376,66.4,0.08
4961,2021-07-07,TOS,25648,12611,13037,9330,16123,195,0,ITI,ITI1,9,Toscana,Toscana,3729641,2502024,67.08,0.69
4962,2021-09-03,TOS,14194,7414,6780,7561,5925,707,1,ITI,ITI1,9,Toscana,Toscana,3729641,2516218,67.47,0.38
4963,2021-07-08,TOS,21103,10374,10729,9272,11590,241,0,ITI,ITI1,9,Toscana,Toscana,3729641,2537321,68.03,0.57
4964,2020-12-27,TOS,629,275,354,624,0,5,0,ITI,ITI1,9,Toscana,Toscana,3729641,2537950,68.05,0.02
4965,2021-03-01,TOS,4476,1732,2744,766,3643,67,0,ITI,ITI1,9,Toscana,Toscana,3729641,2542426,68.17,0.12
4966,2021-08-15,TOS,14692,7762,6930,5271,9237,184,0,ITI,ITI1,9,Toscana,Toscana,3729641,2557118,68.56,0.39
4967,2021-07-29,TOS,39424,20538,18886,12612,26462,350,0,ITI,ITI1,9,Toscana,Toscana,3729641,2596542,69.62,1.06
4968,2021-02-13,TOS,7868,2389,5479,7492,227,149,0,ITI,ITI1,9,Toscana,Toscana,3729641,2604410,69.83,0.21
4969,2021-01-08,TOS,6063,1695,4368,5970,0,93,0,ITI,ITI1,9,Toscana,Toscana,3729641,2610473,69.99,0.16
4970,2021-07-12,TOS,28292,14009,14283,9661,18327,304,0,ITI,ITI1,9,Toscana,Toscana,3729641,2638765,70.75,0.76
4971,2021-07-17,TOS,27764,14347,13417,8962,18561,241,0,ITI,ITI1,9,Toscana,Toscana,3729641,2666529,71.5,0.74
4972,2021-06-11,TOS,29767,15505,14262,24738,4662,367,0,ITI,ITI1,9,Toscana,Toscana,3729641,2696296,72.29,0.8
4973,2021-04-15,TOS,24511,10243,14268,15360,8620,531,0,ITI,ITI1,9,Toscana,Toscana,3729641,2720807,72.95,0.66
4974,2021-09-09,TOS,20056,10286,9770,6908,12213,932,3,ITI,ITI1,9,Toscana,Toscana,3729641,2740863,73.49,0.54
4975,2021-06-18,TOS,30836,16273,14563,25003,5414,419,0,ITI,ITI1,9,Toscana,Toscana,3729641,2771699,74.32,0.83
4976,2021-03-25,TOS,23996,10412,13584,15320,8413,263,0,ITI,ITI1,9,Toscana,Toscana,3729641,2795695,74.96,0.64
4977,2021-04-12,TOS,2631,1195,1436,1806,656,169,0,ITI,ITI1,9,Toscana,Toscana,3729641,2798326,75.03,0.07
4978,2021-03-27,TOS,8867,4157,4710,8513,216,138,0,ITI,ITI1,9,Toscana,Toscana,3729641,2807193,75.27,0.24
4979,2021-06-30,TOS,38293,18531,19762,8461,29611,221,0,ITI,ITI1,9,Toscana,Toscana,3729641,2845486,76.29,1.03
4980,2021-08-02,TOS,35320,18092,17228,13361,21564,395,0,ITI,ITI1,9,Toscana,Toscana,3729641,2880806,77.24,0.95
4981,2021-09-14,TOS,16134,8736,7398,3187,12601,344,2,ITI,ITI1,9,Toscana,Toscana,3729641,2896940,77.67,0.43
4982,2021-01-03,TOS,3364,1070,2294,3317,0,47,0,ITI,ITI1,9,Toscana,Toscana,3729641,2900304,77.76,0.09
4983,2021-02-15,TOS,8865,3407,5458,7865,828,172,0,ITI,ITI1,9,Toscana,Toscana,3729641,2909169,78.0,0.24
4984,2021-05-23,TOS,28445,13678,14767,25612,2563,270,0,ITI,ITI1,9,Toscana,Toscana,3729641,2937614,78.76,0.76
4985,2021-08-31,TOS,20937,10906,10031,11390,8797,750,0,ITI,ITI1,9,Toscana,Toscana,3729641,2958551,79.33,0.56
4986,2021-08-14,TOS,22397,12226,10171,10459,11519,419,0,ITI,ITI1,9,Toscana,Toscana,3729641,2980948,79.93,0.6
4987,2021-08-12,TOS,25859,13458,12401,14315,10899,645,0,ITI,ITI1,9,Toscana,Toscana,3729641,3006807,80.62,0.69
4988,2021-07-26,TOS,38310,19870,18440,10085,27914,311,0,ITI,ITI1,9,Toscana,Toscana,3729641,3045117,81.65,1.03
4989,2021-02-10,TOS,4315,1309,3006,3633,526,156,0,ITI,ITI1,9,Toscana,Toscana,3729641,3049432,81.76,0.12
4990,2021-04-27,TOS,10377,4927,5450,3667,6506,204,0,ITI,ITI1,9,Toscana,Toscana,3729641,3059809,82.04,0.28
4991,2021-07-19,TOS,38043,18962,19081,8805,28946,292,0,ITI,ITI1,9,Toscana,Toscana,3729641,3097852,83.06,1.02
4992,2021-04-01,TOS,27172,11270,15902,16195,10735,242,0,ITI,ITI1,9,Toscana,Toscana,3729641,3125024,83.79,0.73
4993,2021-03-15,TOS,8704,3648,5056,4079,4449,176,0,ITI,ITI1,9,Toscana,Toscana,3729641,3133728,84.02,0.23
4994,2021-06-23,TOS,31589,15321,16268,19821,11400,368,0,ITI,ITI1,9,Toscana,Toscana,3729641,3165317,84.87,0.85
4995,2021-09-19,TOS,21762,11769,9993,5469,15655,636,2,ITI,ITI1,9,Toscana,Toscana,3729641,3187079,85.45,0.58
4996,2021-02-17,TOS,8229,3194,5035,7350,754,125,0,ITI,ITI1,9,Toscana,Toscana,3729641,3195308,85.67,0.22
4997,2021-07-24,TOS,38468,19382,19086,6852,31382,234,0,ITI,ITI1,9,Toscana,Toscana,3729641,3233776,86.7,1.03
4998,2021-05-28,TOS,30159,13960,16199,17428,12500,231,0,ITI,ITI1,9,Toscana,Toscana,3729641,3263935,87.51,0.81
4999,2021-04-22,TOS,35803,15322,20481,17413,17561,829,0,ITI,ITI1,9,Toscana,Toscana,3729641,3299738,88.47,0.96
5000,2021-02-24,TOS,10408,4489,5919,10070,198,140,0,ITI,ITI1,9,Toscana,Toscana,3729641,3310146,88.75,0.28
5001,2021-07-31,TOS,35864,19232,16632,12378,23025,461,0,ITI,ITI1,9,Toscana,Toscana,3729641,3346010,89.71,0.96
5002,2021-06-04,TOS,28348,13456,14892,20261,7815,272,0,ITI,ITI1,9,Toscana,Toscana,3729641,3374358,90.47,0.76
5003,2021-04-08,TOS,29821,12617,17204,23004,6448,369,0,ITI,ITI1,9,Toscana,Toscana,3729641,3404179,91.27,0.8
5004,2021-07-21,TOS,38520,19660,18860,7344,30937,239,0,ITI,ITI1,9,Toscana,Toscana,3729641,3442699,92.31,1.03
5005,2021-05-13,TOS,35223,15556,19667,13203,21379,641,0,ITI,ITI1,9,Toscana,Toscana,3729641,3477922,93.25,0.94
5006,2021-08-04,TOS,34870,18039,16831,11361,23089,420,0,ITI,ITI1,9,Toscana,Toscana,3729641,3512792,94.19,0.93
5007,2021-04-29,TOS,39423,17758,21665,18560,20199,664,0,ITI,ITI1,9,Toscana,Toscana,3729641,3552215,95.24,1.06
5008,2021-03-24,TOS,20047,8317,11730,10413,9489,145,0,ITI,ITI1,9,Toscana,Toscana,3729641,3572262,95.78,0.54
5009,2021-09-21,TOS,20319,10954,9365,2758,16472,253,836,ITI,ITI1,9,Toscana,Toscana,3729641,3592581,96.33,0.54
5010,2021-02-22,TOS,9891,4276,5615,9236,277,378,0,ITI,ITI1,9,Toscana,Toscana,3729641,3602472,96.59,0.27
5011,2021-01-17,TOS,2543,871,1672,1994,514,35,0,ITI,ITI1,9,Toscana,Toscana,3729641,3605015,96.66,0.07
5012,2021-07-05,TOS,30539,15097,15442,10342,19963,234,0,ITI,ITI1,9,Toscana,Toscana,3729641,3635554,97.48,0.82
5013,2021-03-08,TOS,6742,2960,3782,1865,4830,47,0,ITI,ITI1,9,Toscana,Toscana,3729641,3642296,97.66,0.18
5014,2021-06-16,TOS,31802,16280,15522,26286,5190,326,0,ITI,ITI1,9,Toscana,Toscana,3729641,3674098,98.51,0.85
5015,2021-05-30,TOS,28708,13959,14749,21512,6954,242,0,ITI,ITI1,9,Toscana,Toscana,3729641,3702806,99.28,0.77
5016,2021-09-07,TOS,18937,9802,9135,6728,11575,633,1,ITI,ITI1,9,Toscana,Toscana,3729641,3721743,99.79,0.51
5017,2021-05-04,TOS,18327,8218,10109,12414,5468,445,0,ITI,ITI1,9,Toscana,Toscana,3729641,3740070,100.28,0.49
5018,2021-02-12,TOS,7682,2719,4963,7355,213,114,0,ITI,ITI1,9,Toscana,Toscana,3729641,3747752,100.49,0.21
5019,2021-01-10,TOS,3036,1123,1913,2982,0,54,0,ITI,ITI1,9,Toscana,Toscana,3729641,3750788,100.57,0.08
5020,2021-04-20,TOS,18162,8109,10053,12209,5589,364,0,ITI,ITI1,9,Toscana,Toscana,3729641,3768950,101.05,0.49
5021,2021-04-03,TOS,15023,6649,8374,13684,1123,216,0,ITI,ITI1,9,Toscana,Toscana,3729641,3783973,101.46,0.4
5022,2021-01-27,TOS,4836,1574,3262,199,4632,5,0,ITI,ITI1,9,Toscana,Toscana,3729641,3788809,101.59,0.13
5023,2021-02-14,TOS,9064,2587,6477,8800,110,154,0,ITI,ITI1,9,Toscana,Toscana,3729641,3797873,101.83,0.24
5024,2021-05-25,TOS,34212,16518,17694,19295,14644,273,0,ITI,ITI1,9,Toscana,Toscana,3729641,3832085,102.75,0.92
5025,2021-03-29,TOS,9688,4845,4843,9204,347,137,0,ITI,ITI1,9,Toscana,Toscana,3729641,3841773,103.01,0.26
5026,2021-09-11,TOS,19101,10014,9087,5441,13034,624,2,ITI,ITI1,9,Toscana,Toscana,3729641,3860874,103.52,0.51
5027,2021-02-21,TOS,5164,2103,3061,4789,170,205,0,ITI,ITI1,9,Toscana,Toscana,3729641,3866038,103.66,0.14
5028,2021-06-01,TOS,26970,13402,13568,22874,3838,258,0,ITI,ITI1,9,Toscana,Toscana,3729641,3893008,104.38,0.72
5029,2021-07-02,TOS,28320,14213,14107,10815,17206,299,0,ITI,ITI1,9,Toscana,Toscana,3729641,3921328,105.14,0.76
5030,2021-06-15,TOS,31240,16081,15159,26312,4578,350,0,ITI,ITI1,9,Toscana,Toscana,3729641,3952568,105.98,0.84
5031,2021-03-10,TOS,18415,7423,10992,14315,3994,106,0,ITI,ITI1,9,Toscana,Toscana,3729641,3970983,106.47,0.49
5032,2021-09-23,TOS,20281,10950,9331,4402,14401,438,1040,ITI,ITI1,9,Toscana,Toscana,3729641,3991264,107.01,0.54
5033,2021-05-08,TOS,29195,13133,16062,13262,15532,401,0,ITI,ITI1,9,Toscana,Toscana,3729641,4020459,107.8,0.78
5034,2021-03-12,TOS,17047,6646,10401,13320,3532,195,0,ITI,ITI1,9,Toscana,Toscana,3729641,4037506,108.25,0.46
5035,2021-08-16,TOS,30016,15753,14263,16608,12703,705,0,ITI,ITI1,9,Toscana,Toscana,3729641,4067522,109.06,0.8
5036,2021-09-16,TOS,17507,9147,8360,4270,12765,471,1,ITI,ITI1,9,Toscana,Toscana,3729641,4085029,109.53,0.47
5037,2021-08-30,TOS,24824,12561,12263,13145,10550,1129,0,ITI,ITI1,9,Toscana,Toscana,3729641,4109853,110.19,0.67
5038,2021-03-17,TOS,11447,4603,6844,6821,4531,95,0,ITI,ITI1,9,Toscana,Toscana,3729641,4121300,110.5,0.31
5039,2021-06-25,TOS,33659,16835,16824,12105,21270,284,0,ITI,ITI1,9,Toscana,Toscana,3729641,4154959,111.4,0.9
5040,2021-06-08,TOS,32613,16732,15881,31737,491,385,0,ITI,ITI1,9,Toscana,Toscana,3729641,4187572,112.28,0.87
5041,2021-02-26,TOS,10106,3849,6257,8676,1211,219,0,ITI,ITI1,9,Toscana,Toscana,3729641,4197678,112.55,0.27
5042,2021-06-06,TOS,28330,13665,14665,22586,5374,370,0,ITI,ITI1,9,Toscana,Toscana,3729641,4226008,113.31,0.76
5043,2021-07-28,TOS,38585,20173,18412,12107,26137,341,0,ITI,ITI1,9,Toscana,Toscana,3729641,4264593,114.34,1.03
5044,2021-01-26,TOS,5400,1795,3605,218,5178,4,0,ITI,ITI1,9,Toscana,Toscana,3729641,4269993,114.49,0.14
5045,2021-05-06,TOS,31449,13678,17771,13457,17296,696,0,ITI,ITI1,9,Toscana,Toscana,3729641,4301442,115.33,0.84
5046,2021-04-19,TOS,9105,4516,4589,7753,1034,318,0,ITI,ITI1,9,Toscana,Toscana,3729641,4310547,115.58,0.24
5047,2021-04-17,TOS,20587,9233,11354,17950,2147,490,0,ITI,ITI1,9,Toscana,Toscana,3729641,4331134,116.13,0.55
5048,2021-07-04,TOS,31555,15323,16232,9363,21893,299,0,ITI,ITI1,9,Toscana,Toscana,3729641,4362689,116.97,0.85
5049,2020-12-31,TOS,802,201,601,798,0,4,0,ITI,ITI1,9,Toscana,Toscana,3729641,4363491,116.99,0.02
5050,2021-03-03,TOS,18231,6536,11695,14494,3609,128,0,ITI,ITI1,9,Toscana,Toscana,3729641,4381722,117.48,0.49
5051,2021-01-05,TOS,5386,1835,3551,5326,0,60,0,ITI,ITI1,9,Toscana,Toscana,3729641,4387108,117.63,0.14
5052,2021-01-19,TOS,1116,535,581,1074,0,42,0,ITI,ITI1,9,Toscana,Toscana,3729641,4388224,117.66,0.03
5053,2021-05-27,TOS,28387,13213,15174,13279,14886,222,0,ITI,ITI1,9,Toscana,Toscana,3729641,4416611,118.42,0.76
5054,2021-03-31,TOS,32812,13297,19515,20212,12257,343,0,ITI,ITI1,9,Toscana,Toscana,3729641,4449423,119.3,0.88
5055,2021-09-04,TOS,16690,8923,7767,7546,8378,766,0,ITI,ITI1,9,Toscana,Toscana,3729641,4466113,119.75,0.45
5056,2021-07-09,TOS,29151,14121,15030,7693,21260,198,0,ITI,ITI1,9,Toscana,Toscana,3729641,4495264,120.53,0.78
5057,2021-02-02,TOS,3745,1477,2268,187,3551,7,0,ITI,ITI1,9,Toscana,Toscana,3729641,4499009,120.63,0.1
5058,2021-01-24,TOS,3349,1072,2277,196,3150,3,0,ITI,ITI1,9,Toscana,Toscana,3729641,4502358,120.72,0.09
5059,2021-01-07,TOS,6181,1840,4341,6093,0,88,0,ITI,ITI1,9,Toscana,Toscana,3729641,4508539,120.88,0.17
5060,2021-01-14,TOS,3285,1186,2099,3249,0,36,0,ITI,ITI1,9,Toscana,Toscana,3729641,4511824,120.97,0.09
5061,2021-06-20,TOS,25188,12488,12700,15420,9524,244,0,ITI,ITI1,9,Toscana,Toscana,3729641,4537012,121.65,0.68
5062,2021-04-24,TOS,13453,6176,7277,5622,7462,369,0,ITI,ITI1,9,Toscana,Toscana,3729641,4550465,122.01,0.36
5063,2021-06-27,TOS,33314,16085,17229,5912,27268,134,0,ITI,ITI1,9,Toscana,Toscana,3729641,4583779,122.9,0.89
5064,2021-05-01,TOS,23337,10070,13267,13728,9224,385,0,ITI,ITI1,9,Toscana,Toscana,3729641,4607116,123.53,0.63
5065,2021-03-05,TOS,16905,6697,10208,11962,4761,182,0,ITI,ITI1,9,Toscana,Toscana,3729641,4624021,123.98,0.45
5066,2021-08-09,TOS,28990,14727,14263,18499,9773,718,0,ITI,ITI1,9,Toscana,Toscana,3729641,4653011,124.76,0.78
5067,2021-06-13,TOS,24625,12357,12268,22602,1660,363,0,ITI,ITI1,9,Toscana,Toscana,3729641,4677636,125.42,0.66
5068,2021-04-10,TOS,11715,5345,6370,10735,742,238,0,ITI,ITI1,9,Toscana,Toscana,3729641,4689351,125.73,0.31
5069,2021-08-23,TOS,22759,11820,10939,11483,10544,732,0,ITI,ITI1,9,Toscana,Toscana,3729641,4712110,126.34,0.61
5070,2021-02-19,TOS,8348,2969,5379,7655,513,180,0,ITI,ITI1,9,Toscana,Toscana,3729641,4720458,126.57,0.22
5071,2021-08-11,TOS,27084,14209,12875,16924,9421,739,0,ITI,ITI1,9,Toscana,Toscana,3729641,4747542,127.29,0.73
5072,2021-01-12,TOS,3631,1417,2214,3558,0,73,0,ITI,ITI1,9,Toscana,Toscana,3729641,4751173,127.39,0.1
5073,2021-03-22,TOS,5263,2773,2490,4676,448,139,0,ITI,ITI1,9,Toscana,Toscana,3729641,4756436,127.53,0.14
5074,2021-09-18,TOS,22225,12174,10051,5652,15886,685,2,ITI,ITI1,9,Toscana,Toscana,3729641,4778661,128.13,0.6
5075,2021-03-02,TOS,10600,3796,6804,7039,3447,114,0,ITI,ITI1,9,Toscana,Toscana,3729641,4789261,128.41,0.28
5076,2021-01-04,TOS,5240,1998,3242,5173,0,67,0,ITI,ITI1,9,Toscana,Toscana,3729641,4794501,128.55,0.14
5077,2021-04-14,TOS,20207,8351,11856,14529,5129,549,0,ITI,ITI1,9,Toscana,Toscana,3729641,4814708,129.09,0.54
5078,2021-06-14,TOS,31838,16353,15485,27429,4109,300,0,ITI,ITI1,9,Toscana,Toscana,3729641,4846546,129.95,0.85
5079,2021-09-22,TOS,22868,12459,10409,4645,17112,413,698,ITI,ITI1,9,Toscana,Toscana,3729641,4869414,130.56,0.61
5080,2021-03-04,TOS,17896,6979,10917,14657,3079,160,0,ITI,ITI1,9,Toscana,Toscana,3729641,4887310,131.04,0.48
5081,2021-08-17,TOS,26028,14047,11981,11486,14045,497,0,ITI,ITI1,9,Toscana,Toscana,3729641,4913338,131.74,0.7
5082,2021-06-21,TOS,31213,15501,15712,18142,12804,267,0,ITI,ITI1,9,Toscana,Toscana,3729641,4944551,132.57,0.84
5083,2021-01-06,TOS,4613,1503,3110,4561,0,52,0,ITI,ITI1,9,Toscana,Toscana,3729641,4949164,132.7,0.12
5084,2021-03-11,TOS,16048,6419,9629,12491,3371,186,0,ITI,ITI1,9,Toscana,Toscana,3729641,4965212,133.13,0.43
5085,2021-06-19,TOS,26528,13933,12595,21395,4791,342,0,ITI,ITI1,9,Toscana,Toscana,3729641,4991740,133.84,0.71
5086,2021-02-05,TOS,5770,2250,3520,1905,3831,34,0,ITI,ITI1,9,Toscana,Toscana,3729641,4997510,133.99,0.15
5087,2021-05-16,TOS,26692,12895,13797,23926,2470,296,0,ITI,ITI1,9,Toscana,Toscana,3729641,5024202,134.71,0.72
5088,2021-05-11,TOS,27972,12996,14976,12099,15492,381,0,ITI,ITI1,9,Toscana,Toscana,3729641,5052174,135.46,0.75
5089,2021-08-19,TOS,24211,12846,11365,11921,11658,632,0,ITI,ITI1,9,Toscana,Toscana,3729641,5076385,136.11,0.65
5090,2021-03-13,TOS,9313,3317,5996,5189,3969,155,0,ITI,ITI1,9,Toscana,Toscana,3729641,5085698,136.36,0.25
5091,2021-07-14,TOS,28973,14303,14670,8607,20107,259,0,ITI,ITI1,9,Toscana,Toscana,3729641,5114671,137.14,0.78
5092,2021-01-29,TOS,6150,1702,4448,290,5848,12,0,ITI,ITI1,9,Toscana,Toscana,3729641,5120821,137.3,0.16
5093,2021-05-09,TOS,22559,9786,12773,9414,12883,262,0,ITI,ITI1,9,Toscana,Toscana,3729641,5143380,137.91,0.6
5094,2021-08-26,TOS,18596,9744,8852,9504,8370,722,0,ITI,ITI1,9,Toscana,Toscana,3729641,5161976,138.4,0.5
5095,2021-07-16,TOS,27695,14054,13641,7707,19733,255,0,ITI,ITI1,9,Toscana,Toscana,3729641,5189671,139.15,0.74
5096,2021-05-20,TOS,29789,13930,15859,18640,10864,285,0,ITI,ITI1,9,Toscana,Toscana,3729641,5219460,139.95,0.8
5097,2021-08-28,TOS,15804,8514,7290,6381,8969,454,0,ITI,ITI1,9,Toscana,Toscana,3729641,5235264,140.37,0.42
5098,2021-01-31,TOS,3052,1131,1921,100,2949,3,0,ITI,ITI1,9,Toscana,Toscana,3729641,5238316,140.45,0.08
5099,2021-04-05,TOS,15288,6826,8462,14371,737,180,0,ITI,ITI1,9,Toscana,Toscana,3729641,5253604,140.86,0.41
5100,2021-02-07,TOS,2818,958,1860,871,1927,20,0,ITI,ITI1,9,Toscana,Toscana,3729641,5256422,140.94,0.08
5101,2021-07-23,TOS,38469,19309,19160,4387,33925,157,0,ITI,ITI1,9,Toscana,Toscana,3729641,5294891,141.97,1.03
5102,2021-05-18,TOS,28855,14281,14574,19766,8836,253,0,ITI,ITI1,9,Toscana,Toscana,3729641,5323746,142.74,0.77
5103,2021-01-10,BAS,77,24,53,77,0,0,0,ITF,ITF5,17,Basilicata,Basilicata,559084,77,0.01,0.01
5104,2021-04-20,BAS,4156,1985,2171,2179,1949,28,0,ITF,ITF5,17,Basilicata,Basilicata,559084,4233,0.76,0.74
5105,2021-01-15,BAS,819,353,466,819,0,0,0,ITF,ITF5,17,Basilicata,Basilicata,559084,5052,0.9,0.15
5106,2020-12-27,BAS,107,41,66,107,0,0,0,ITF,ITF5,17,Basilicata,Basilicata,559084,5159,0.92,0.02
5107,2021-09-21,BAS,3111,1704,1407,643,2385,53,30,ITF,ITF5,17,Basilicata,Basilicata,559084,8270,1.48,0.56
5108,2021-03-20,BAS,1309,579,730,278,1024,7,0,ITF,ITF5,17,Basilicata,Basilicata,559084,9579,1.71,0.23
5109,2021-06-04,BAS,4833,2290,2543,3749,1046,38,0,ITF,ITF5,17,Basilicata,Basilicata,559084,14412,2.58,0.86
5110,2021-09-12,BAS,1754,929,825,303,1423,28,0,ITF,ITF5,17,Basilicata,Basilicata,559084,16166,2.89,0.31
5111,2021-02-24,BAS,1815,744,1071,1729,75,11,0,ITF,ITF5,17,Basilicata,Basilicata,559084,17981,3.22,0.32
5112,2021-08-26,BAS,2524,1278,1246,1121,1339,64,0,ITF,ITF5,17,Basilicata,Basilicata,559084,20505,3.67,0.45
5113,2021-02-22,BAS,1799,778,1021,1737,53,9,0,ITF,ITF5,17,Basilicata,Basilicata,559084,22304,3.99,0.32
5114,2021-03-25,BAS,1889,606,1283,1512,351,26,0,ITF,ITF5,17,Basilicata,Basilicata,559084,24193,4.33,0.34
5115,2021-01-27,BAS,422,179,243,113,309,0,0,ITF,ITF5,17,Basilicata,Basilicata,559084,24615,4.4,0.08
5116,2021-02-10,BAS,552,241,311,497,53,2,0,ITF,ITF5,17,Basilicata,Basilicata,559084,25167,4.5,0.1
5117,2021-05-21,BAS,4578,2321,2257,1480,3086,12,0,ITF,ITF5,17,Basilicata,Basilicata,559084,29745,5.32,0.82
5118,2021-05-30,BAS,2778,1421,1357,920,1853,5,0,ITF,ITF5,17,Basilicata,Basilicata,559084,32523,5.82,0.5
5119,2021-04-03,BAS,1815,754,1061,1464,338,13,0,ITF,ITF5,17,Basilicata,Basilicata,559084,34338,6.14,0.32
5120,2021-09-07,BAS,2658,1372,1286,679,1907,72,0,ITF,ITF5,17,Basilicata,Basilicata,559084,36996,6.62,0.48
5121,2021-08-24,BAS,3269,1768,1501,1479,1713,77,0,ITF,ITF5,17,Basilicata,Basilicata,559084,40265,7.2,0.58
5122,2021-05-04,BAS,4142,1995,2147,3568,524,50,0,ITF,ITF5,17,Basilicata,Basilicata,559084,44407,7.94,0.74
5123,2021-03-08,BAS,1480,728,752,824,621,35,0,ITF,ITF5,17,Basilicata,Basilicata,559084,45887,8.21,0.26
5124,2021-06-16,BAS,4606,2086,2520,2126,2460,20,0,ITF,ITF5,17,Basilicata,Basilicata,559084,50493,9.03,0.82
5125,2021-04-08,BAS,788,361,427,760,10,18,0,ITF,ITF5,17,Basilicata,Basilicata,559084,51281,9.17,0.14
5126,2021-04-22,BAS,5051,2353,2698,3382,1614,55,0,ITF,ITF5,17,Basilicata,Basilicata,559084,56332,10.08,0.9
5127,2021-07-31,BAS,5470,2878,2592,1822,3591,57,0,ITF,ITF5,17,Basilicata,Basilicata,559084,61802,11.05,0.98
5128,2021-07-17,BAS,5858,2918,2940,1709,4110,39,0,ITF,ITF5,17,Basilicata,Basilicata,559084,67660,12.1,1.05
5129,2021-06-30,BAS,3452,1668,1784,2315,1111,26,0,ITF,ITF5,17,Basilicata,Basilicata,559084,71112,12.72,0.62
5130,2021-08-12,BAS,3919,2000,1919,1678,2159,82,0,ITF,ITF5,17,Basilicata,Basilicata,559084,75031,13.42,0.7
5131,2021-07-26,BAS,5422,2723,2699,1996,3388,38,0,ITF,ITF5,17,Basilicata,Basilicata,559084,80453,14.39,0.97
5132,2021-01-22,BAS,67,24,43,67,0,0,0,ITF,ITF5,17,Basilicata,Basilicata,559084,80520,14.4,0.01
5133,2021-08-07,BAS,4518,2377,2141,1359,3098,61,0,ITF,ITF5,17,Basilicata,Basilicata,559084,85038,15.21,0.81
5134,2021-01-08,BAS,556,220,336,556,0,0,0,ITF,ITF5,17,Basilicata,Basilicata,559084,85594,15.31,0.1
5135,2021-03-15,BAS,2393,999,1394,522,1852,19,0,ITF,ITF5,17,Basilicata,Basilicata,559084,87987,15.74,0.43
5136,2021-01-17,BAS,332,133,199,331,1,0,0,ITF,ITF5,17,Basilicata,Basilicata,559084,88319,15.8,0.06
5137,2021-04-27,BAS,4730,2243,2487,4349,327,54,0,ITF,ITF5,17,Basilicata,Basilicata,559084,93049,16.64,0.85
5138,2021-08-05,BAS,4559,2321,2238,1285,3232,42,0,ITF,ITF5,17,Basilicata,Basilicata,559084,97608,17.46,0.82
5139,2021-06-28,BAS,3641,1747,1894,2113,1509,19,0,ITF,ITF5,17,Basilicata,Basilicata,559084,101249,18.11,0.65
5140,2021-03-06,BAS,1381,547,834,754,614,13,0,ITF,ITF5,17,Basilicata,Basilicata,559084,102630,18.36,0.25
5141,2021-06-23,BAS,3240,1522,1718,2331,876,33,0,ITF,ITF5,17,Basilicata,Basilicata,559084,105870,18.94,0.58
5142,2021-09-02,BAS,3032,1624,1408,881,2073,78,0,ITF,ITF5,17,Basilicata,Basilicata,559084,108902,19.48,0.54
5143,2021-04-01,BAS,2754,1127,1627,1967,755,32,0,ITF,ITF5,17,Basilicata,Basilicata,559084,111656,19.97,0.49
5144,2021-02-03,BAS,676,305,371,32,644,0,0,ITF,ITF5,17,Basilicata,Basilicata,559084,112332,20.09,0.12
5145,2021-02-05,BAS,998,449,549,64,932,2,0,ITF,ITF5,17,Basilicata,Basilicata,559084,113330,20.27,0.18
5146,2021-07-12,BAS,5443,2594,2849,1608,3809,26,0,ITF,ITF5,17,Basilicata,Basilicata,559084,118773,21.24,0.97
5147,2021-05-16,BAS,4973,2468,2505,2805,2113,55,0,ITF,ITF5,17,Basilicata,Basilicata,559084,123746,22.13,0.89
5148,2021-07-19,BAS,5926,2890,3036,1997,3886,43,0,ITF,ITF5,17,Basilicata,Basilicata,559084,129672,23.19,1.06
5149,2021-02-17,BAS,1137,493,644,1058,77,2,0,ITF,ITF5,17,Basilicata,Basilicata,559084,130809,23.4,0.2
5150,2021-05-28,BAS,3617,1811,1806,918,2666,33,0,ITF,ITF5,17,Basilicata,Basilicata,559084,134426,24.04,0.65
5151,2021-06-11,BAS,4236,1982,2254,3166,1028,42,0,ITF,ITF5,17,Basilicata,Basilicata,559084,138662,24.8,0.76
5152,2021-09-19,BAS,2548,1363,1185,446,2063,39,0,ITF,ITF5,17,Basilicata,Basilicata,559084,141210,25.26,0.46
5153,2021-08-19,BAS,3596,1871,1725,1671,1836,89,0,ITF,ITF5,17,Basilicata,Basilicata,559084,144806,25.9,0.64
5154,2021-05-11,BAS,2654,1353,1301,1597,1033,24,0,ITF,ITF5,17,Basilicata,Basilicata,559084,147460,26.38,0.47
5155,2021-07-24,BAS,5749,2945,2804,1776,3923,50,0,ITF,ITF5,17,Basilicata,Basilicata,559084,153209,27.4,1.03
5156,2021-05-02,BAS,4182,2001,2181,3489,629,64,0,ITF,ITF5,17,Basilicata,Basilicata,559084,157391,28.15,0.75
5157,2021-04-15,BAS,3431,1679,1752,2586,799,46,0,ITF,ITF5,17,Basilicata,Basilicata,559084,160822,28.77,0.61
5158,2021-07-07,BAS,5203,2470,2733,2019,3169,15,0,ITF,ITF5,17,Basilicata,Basilicata,559084,166025,29.7,0.93
5159,2021-01-03,BAS,910,347,563,910,0,0,0,ITF,ITF5,17,Basilicata,Basilicata,559084,166935,29.86,0.16
5160,2021-06-09,BAS,4422,2071,2351,3966,423,33,0,ITF,ITF5,17,Basilicata,Basilicata,559084,171357,30.65,0.79
5161,2021-04-13,BAS,2120,1054,1066,1278,823,19,0,ITF,ITF5,17,Basilicata,Basilicata,559084,173477,31.03,0.38
5162,2021-03-01,BAS,553,286,267,384,169,0,0,ITF,ITF5,17,Basilicata,Basilicata,559084,174030,31.13,0.1
5163,2021-06-27,BAS,3007,1477,1530,2377,616,14,0,ITF,ITF5,17,Basilicata,Basilicata,559084,177037,31.67,0.54
5164,2021-05-09,BAS,4689,2343,2346,2946,1694,49,0,ITF,ITF5,17,Basilicata,Basilicata,559084,181726,32.5,0.84
5165,2021-02-15,BAS,637,240,397,576,44,17,0,ITF,ITF5,17,Basilicata,Basilicata,559084,182363,32.62,0.11
5166,2021-01-29,BAS,619,233,386,63,556,0,0,ITF,ITF5,17,Basilicata,Basilicata,559084,182982,32.73,0.11
5167,2021-03-05,BAS,1886,870,1016,1105,764,17,0,ITF,ITF5,17,Basilicata,Basilicata,559084,184868,33.07,0.34
5168,2021-06-13,BAS,3014,1440,1574,2678,308,28,0,ITF,ITF5,17,Basilicata,Basilicata,559084,187882,33.61,0.54
5169,2021-09-14,BAS,2329,1284,1045,458,1822,49,0,ITF,ITF5,17,Basilicata,Basilicata,559084,190211,34.02,0.42
5170,2021-03-13,BAS,1812,896,916,740,1050,22,0,ITF,ITF5,17,Basilicata,Basilicata,559084,192023,34.35,0.32
5171,2021-02-07,BAS,385,163,222,49,336,0,0,ITF,ITF5,17,Basilicata,Basilicata,559084,192408,34.41,0.07
5172,2021-05-18,BAS,5895,2855,3040,3376,2492,27,0,ITF,ITF5,17,Basilicata,Basilicata,559084,198303,35.47,1.05
5173,2021-08-09,BAS,4014,2067,1947,1568,2399,47,0,ITF,ITF5,17,Basilicata,Basilicata,559084,202317,36.19,0.72
5174,2021-07-23,BAS,5551,2781,2770,1889,3616,46,0,ITF,ITF5,17,Basilicata,Basilicata,559084,207868,37.18,0.99
5175,2021-05-01,BAS,4709,2139,2570,3884,755,70,0,ITF,ITF5,17,Basilicata,Basilicata,559084,212577,38.02,0.84
5176,2021-06-01,BAS,6137,2927,3210,3034,3076,27,0,ITF,ITF5,17,Basilicata,Basilicata,559084,218714,39.12,1.1
5177,2021-09-09,BAS,3182,1702,1480,684,2418,80,0,ITF,ITF5,17,Basilicata,Basilicata,559084,221896,39.69,0.57
5178,2021-07-14,BAS,5642,2721,2921,1627,3990,25,0,ITF,ITF5,17,Basilicata,Basilicata,559084,227538,40.7,1.01
5179,2021-04-05,BAS,726,235,491,411,305,10,0,ITF,ITF5,17,Basilicata,Basilicata,559084,228264,40.83,0.13
5180,2021-03-22,BAS,1224,549,675,642,574,8,0,ITF,ITF5,17,Basilicata,Basilicata,559084,229488,41.05,0.22
5181,2021-07-09,BAS,5339,2608,2731,1697,3633,9,0,ITF,ITF5,17,Basilicata,Basilicata,559084,234827,42.0,0.95
5182,2021-04-29,BAS,4860,2399,2461,4341,442,77,0,ITF,ITF5,17,Basilicata,Basilicata,559084,239687,42.87,0.87
5183,2021-03-17,BAS,1475,615,860,24,1447,4,0,ITF,ITF5,17,Basilicata,Basilicata,559084,241162,43.14,0.26
5184,2021-01-19,BAS,199,84,115,199,0,0,0,ITF,ITF5,17,Basilicata,Basilicata,559084,241361,43.17,0.04
5185,2021-06-25,BAS,3317,1571,1746,2444,839,34,0,ITF,ITF5,17,Basilicata,Basilicata,559084,244678,43.76,0.59
5186,2021-07-04,BAS,3112,1563,1549,2164,922,26,0,ITF,ITF5,17,Basilicata,Basilicata,559084,247790,44.32,0.56
5187,2021-08-30,BAS,3201,1713,1488,1551,1546,104,0,ITF,ITF5,17,Basilicata,Basilicata,559084,250991,44.89,0.57
5188,2021-05-27,BAS,3623,1863,1760,1072,2537,14,0,ITF,ITF5,17,Basilicata,Basilicata,559084,254614,45.54,0.65
5189,2021-09-04,BAS,2605,1396,1209,772,1764,69,0,ITF,ITF5,17,Basilicata,Basilicata,559084,257219,46.01,0.47
5190,2021-04-24,BAS,4584,2222,2362,3477,1051,56,0,ITF,ITF5,17,Basilicata,Basilicata,559084,261803,46.83,0.82
5191,2021-08-02,BAS,4609,2333,2276,1778,2791,40,0,ITF,ITF5,17,Basilicata,Basilicata,559084,266412,47.65,0.82
5192,2021-02-26,BAS,2165,908,1257,2077,82,6,0,ITF,ITF5,17,Basilicata,Basilicata,559084,268577,48.04,0.39
5193,2021-03-03,BAS,1816,848,968,1223,565,28,0,ITF,ITF5,17,Basilicata,Basilicata,559084,270393,48.36,0.32
5194,2021-05-25,BAS,4201,2115,2086,869,3322,10,0,ITF,ITF5,17,Basilicata,Basilicata,559084,274594,49.11,0.75
5195,2021-02-14,BAS,151,48,103,105,0,46,0,ITF,ITF5,17,Basilicata,Basilicata,559084,274745,49.14,0.03
5196,2021-05-23,BAS,4518,2302,2216,1527,2984,7,0,ITF,ITF5,17,Basilicata,Basilicata,559084,279263,49.95,0.81
5197,2021-03-27,BAS,2256,866,1390,1808,434,14,0,ITF,ITF5,17,Basilicata,Basilicata,559084,281519,50.35,0.4
5198,2021-08-31,BAS,3100,1594,1506,1679,1276,145,0,ITF,ITF5,17,Basilicata,Basilicata,559084,284619,50.91,0.55
5199,2021-07-05,BAS,3270,1615,1655,2214,1021,35,0,ITF,ITF5,17,Basilicata,Basilicata,559084,287889,51.49,0.58
5200,2021-09-18,BAS,3327,1866,1461,756,2475,96,0,ITF,ITF5,17,Basilicata,Basilicata,559084,291216,52.09,0.6
5201,2021-01-07,BAS,645,322,323,645,0,0,0,ITF,ITF5,17,Basilicata,Basilicata,559084,291861,52.2,0.12
5202,2021-08-04,BAS,4504,2232,2272,1427,3035,42,0,ITF,ITF5,17,Basilicata,Basilicata,559084,296365,53.01,0.81
5203,2021-06-08,BAS,4587,2195,2392,4191,358,38,0,ITF,ITF5,17,Basilicata,Basilicata,559084,300952,53.83,0.82
5204,2021-04-12,BAS,2175,1054,1121,1651,494,30,0,ITF,ITF5,17,Basilicata,Basilicata,559084,303127,54.22,0.39
5205,2021-09-16,BAS,2441,1266,1175,407,1981,53,0,ITF,ITF5,17,Basilicata,Basilicata,559084,305568,54.66,0.44
5206,2021-07-21,BAS,5846,2943,2903,1612,4201,33,0,ITF,ITF5,17,Basilicata,Basilicata,559084,311414,55.7,1.05
5207,2021-04-17,BAS,3462,1656,1806,2171,1262,29,0,ITF,ITF5,17,Basilicata,Basilicata,559084,314876,56.32,0.62
5208,2021-03-29,BAS,2482,898,1584,2141,288,53,0,ITF,ITF5,17,Basilicata,Basilicata,559084,317358,56.76,0.44
5209,2021-01-05,BAS,953,410,543,953,0,0,0,ITF,ITF5,17,Basilicata,Basilicata,559084,318311,56.93,0.17
5210,2021-06-20,BAS,4010,1883,2127,1939,2036,35,0,ITF,ITF5,17,Basilicata,Basilicata,559084,322321,57.65,0.72
5211,2021-07-16,BAS,5934,2901,3033,1803,4097,34,0,ITF,ITF5,17,Basilicata,Basilicata,559084,328255,58.71,1.06
5212,2021-03-19,BAS,2319,1005,1314,261,2051,7,0,ITF,ITF5,17,Basilicata,Basilicata,559084,330574,59.13,0.41
5213,2021-08-20,BAS,3123,1679,1444,1451,1593,79,0,ITF,ITF5,17,Basilicata,Basilicata,559084,333697,59.69,0.56
5214,2021-03-24,BAS,2055,796,1259,1481,548,26,0,ITF,ITF5,17,Basilicata,Basilicata,559084,335752,60.05,0.37
5215,2021-07-02,BAS,3691,1841,1850,2486,1176,29,0,ITF,ITF5,17,Basilicata,Basilicata,559084,339443,60.71,0.66
5216,2021-05-20,BAS,5886,2981,2905,2886,2972,28,0,ITF,ITF5,17,Basilicata,Basilicata,559084,345329,61.77,1.05
5217,2021-08-28,BAS,2276,1288,988,1111,1105,60,0,ITF,ITF5,17,Basilicata,Basilicata,559084,347605,62.17,0.41
5218,2021-06-06,BAS,4512,2074,2438,3695,779,38,0,ITF,ITF5,17,Basilicata,Basilicata,559084,352117,62.98,0.81
5219,2021-08-11,BAS,3708,1921,1787,1427,2223,58,0,ITF,ITF5,17,Basilicata,Basilicata,559084,355825,63.64,0.66
5220,2021-02-19,BAS,1627,739,888,1559,63,5,0,ITF,ITF5,17,Basilicata,Basilicata,559084,357452,63.94,0.29
5221,2021-01-31,BAS,78,24,54,0,78,0,0,ITF,ITF5,17,Basilicata,Basilicata,559084,357530,63.95,0.01
5222,2021-09-23,BAS,2771,1514,1257,641,2008,82,40,ITF,ITF5,17,Basilicata,Basilicata,559084,360301,64.44,0.5
5223,2021-01-12,BAS,217,88,129,217,0,0,0,ITF,ITF5,17,Basilicata,Basilicata,559084,360518,64.48,0.04
5224,2021-09-06,BAS,3019,1571,1448,746,2195,78,0,ITF,ITF5,17,Basilicata,Basilicata,559084,363537,65.02,0.54
5225,2021-02-16,BAS,908,377,531,791,98,19,0,ITF,ITF5,17,Basilicata,Basilicata,559084,364445,65.19,0.16
5226,2021-01-28,BAS,922,409,513,119,803,0,0,ITF,ITF5,17,Basilicata,Basilicata,559084,365367,65.35,0.16
5227,2021-09-01,BAS,3248,1683,1565,1045,2104,99,0,ITF,ITF5,17,Basilicata,Basilicata,559084,368615,65.93,0.58
5228,2021-02-11,BAS,958,406,552,873,83,2,0,ITF,ITF5,17,Basilicata,Basilicata,559084,369573,66.1,0.17
5229,2021-04-19,BAS,4182,1920,2262,2394,1653,135,0,ITF,ITF5,17,Basilicata,Basilicata,559084,373755,66.85,0.75
5230,2021-07-28,BAS,5038,2577,2461,1929,3049,60,0,ITF,ITF5,17,Basilicata,Basilicata,559084,378793,67.75,0.9
5231,2021-06-15,BAS,3222,1417,1805,2225,976,21,0,ITF,ITF5,17,Basilicata,Basilicata,559084,382015,68.33,0.58
5232,2021-04-14,BAS,2047,1002,1045,1354,677,16,0,ITF,ITF5,17,Basilicata,Basilicata,559084,384062,68.69,0.37
5233,2021-01-21,BAS,31,10,21,30,1,0,0,ITF,ITF5,17,Basilicata,Basilicata,559084,384093,68.7,0.01
5234,2021-01-04,BAS,614,275,339,614,0,0,0,ITF,ITF5,17,Basilicata,Basilicata,559084,384707,68.81,0.11
5235,2021-07-06,BAS,4210,2008,2202,2114,2060,36,0,ITF,ITF5,17,Basilicata,Basilicata,559084,388917,69.56,0.75
5236,2021-09-11,BAS,2869,1521,1348,763,2041,65,0,ITF,ITF5,17,Basilicata,Basilicata,559084,391786,70.08,0.51
5237,2021-02-12,BAS,782,335,447,749,32,1,0,ITF,ITF5,17,Basilicata,Basilicata,559084,392568,70.22,0.14
5238,2021-04-10,BAS,1037,381,656,924,84,29,0,ITF,ITF5,17,Basilicata,Basilicata,559084,393605,70.4,0.19
5239,2021-06-24,BAS,4090,1939,2151,2151,1901,38,0,ITF,ITF5,17,Basilicata,Basilicata,559084,397695,71.13,0.73
5240,2021-04-28,BAS,4707,2158,2549,4203,441,63,0,ITF,ITF5,17,Basilicata,Basilicata,559084,402402,71.98,0.84
5241,2021-01-14,BAS,973,413,560,973,0,0,0,ITF,ITF5,17,Basilicata,Basilicata,559084,403375,72.15,0.17
5242,2021-04-07,BAS,1212,552,660,1157,36,19,0,ITF,ITF5,17,Basilicata,Basilicata,559084,404587,72.37,0.22
5243,2021-04-25,BAS,2990,1459,1531,2906,52,32,0,ITF,ITF5,17,Basilicata,Basilicata,559084,407577,72.9,0.53
5244,2021-05-22,BAS,5493,2725,2768,1929,3553,11,0,ITF,ITF5,17,Basilicata,Basilicata,559084,413070,73.88,0.98
5245,2021-03-26,BAS,1957,702,1255,1667,262,28,0,ITF,ITF5,17,Basilicata,Basilicata,559084,415027,74.23,0.35
5246,2021-09-08,BAS,2819,1492,1327,766,2004,49,0,ITF,ITF5,17,Basilicata,Basilicata,559084,417846,74.74,0.5
5247,2021-02-28,BAS,813,347,466,772,37,4,0,ITF,ITF5,17,Basilicata,Basilicata,559084,418659,74.88,0.15
5248,2021-01-02,BAS,958,383,575,957,0,1,0,ITF,ITF5,17,Basilicata,Basilicata,559084,419617,75.05,0.17
5249,2021-01-16,BAS,726,305,421,726,0,0,0,ITF,ITF5,17,Basilicata,Basilicata,559084,420343,75.18,0.13
5250,2021-04-26,BAS,4465,2164,2301,4194,221,50,0,ITF,ITF5,17,Basilicata,Basilicata,559084,424808,75.98,0.8
5251,2021-01-23,BAS,764,326,438,33,731,0,0,ITF,ITF5,17,Basilicata,Basilicata,559084,425572,76.12,0.14
5252,2021-05-03,BAS,4512,2044,2468,3621,827,64,0,ITF,ITF5,17,Basilicata,Basilicata,559084,430084,76.93,0.81
5253,2021-02-09,BAS,496,216,280,318,178,0,0,ITF,ITF5,17,Basilicata,Basilicata,559084,430580,77.02,0.09
5254,2021-07-25,BAS,4478,2254,2224,1606,2848,24,0,ITF,ITF5,17,Basilicata,Basilicata,559084,435058,77.82,0.8
5255,2021-05-10,BAS,4804,2382,2422,2709,2042,53,0,ITF,ITF5,17,Basilicata,Basilicata,559084,439862,78.68,0.86
5256,2021-08-18,BAS,3572,1975,1597,1500,1976,96,0,ITF,ITF5,17,Basilicata,Basilicata,559084,443434,79.31,0.64
5257,2021-07-18,BAS,4389,2163,2226,1576,2786,27,0,ITF,ITF5,17,Basilicata,Basilicata,559084,447823,80.1,0.79
5258,2021-08-01,BAS,4210,2114,2096,1633,2537,40,0,ITF,ITF5,17,Basilicata,Basilicata,559084,452033,80.85,0.75
5259,2021-03-14,BAS,1016,481,535,532,471,13,0,ITF,ITF5,17,Basilicata,Basilicata,559084,453049,81.03,0.18
5260,2021-03-31,BAS,3143,1287,1856,2301,812,30,0,ITF,ITF5,17,Basilicata,Basilicata,559084,456192,81.6,0.56
5261,2021-09-13,BAS,2383,1260,1123,490,1847,46,0,ITF,ITF5,17,Basilicata,Basilicata,559084,458575,82.02,0.43
5262,2021-06-22,BAS,4355,2061,2294,2223,2100,32,0,ITF,ITF5,17,Basilicata,Basilicata,559084,462930,82.8,0.78
5263,2021-06-05,BAS,4800,2210,2590,3823,941,36,0,ITF,ITF5,17,Basilicata,Basilicata,559084,467730,83.66,0.86
5264,2021-08-27,BAS,2479,1313,1166,999,1410,70,0,ITF,ITF5,17,Basilicata,Basilicata,559084,470209,84.1,0.44
5265,2021-03-02,BAS,814,390,424,669,140,5,0,ITF,ITF5,17,Basilicata,Basilicata,559084,471023,84.25,0.15
5266,2021-08-06,BAS,4214,2158,2056,1315,2846,53,0,ITF,ITF5,17,Basilicata,Basilicata,559084,475237,85.0,0.75
5267,2021-06-10,BAS,4346,2101,2245,3867,442,37,0,ITF,ITF5,17,Basilicata,Basilicata,559084,479583,85.78,0.78
5268,2021-08-13,BAS,3661,1904,1757,1423,2147,91,0,ITF,ITF5,17,Basilicata,Basilicata,559084,483244,86.43,0.65
5269,2021-07-30,BAS,4767,2437,2330,1915,2803,49,0,ITF,ITF5,17,Basilicata,Basilicata,559084,488011,87.29,0.85
5270,2021-06-17,BAS,4442,2045,2397,2087,2330,25,0,ITF,ITF5,17,Basilicata,Basilicata,559084,492453,88.08,0.79
5271,2021-04-21,BAS,3950,1845,2105,2241,1679,30,0,ITF,ITF5,17,Basilicata,Basilicata,559084,496403,88.79,0.71
5272,2021-08-03,BAS,5059,2573,2486,1824,3186,49,0,ITF,ITF5,17,Basilicata,Basilicata,559084,501462,89.69,0.9
5273,2021-08-17,BAS,3508,1763,1745,1398,2044,66,0,ITF,ITF5,17,Basilicata,Basilicata,559084,504970,90.32,0.63
5274,2021-05-12,BAS,4730,2330,2400,2800,1881,49,0,ITF,ITF5,17,Basilicata,Basilicata,559084,509700,91.17,0.85
5275,2021-07-15,BAS,6479,3211,3268,1668,4785,26,0,ITF,ITF5,17,Basilicata,Basilicata,559084,516179,92.33,1.16
5276,2021-08-08,BAS,3664,1873,1791,1112,2521,31,0,ITF,ITF5,17,Basilicata,Basilicata,559084,519843,92.98,0.66
5277,2021-02-21,BAS,284,113,171,284,0,0,0,ITF,ITF5,17,Basilicata,Basilicata,559084,520127,93.03,0.05
5278,2021-03-07,BAS,900,313,587,848,40,12,0,ITF,ITF5,17,Basilicata,Basilicata,559084,521027,93.19,0.16
5279,2021-01-09,BAS,560,161,399,560,0,0,0,ITF,ITF5,17,Basilicata,Basilicata,559084,521587,93.29,0.1
5280,2021-06-29,BAS,3856,1880,1976,2785,1043,28,0,ITF,ITF5,17,Basilicata,Basilicata,559084,525443,93.98,0.69
5281,2021-03-21,BAS,1179,548,631,476,700,3,0,ITF,ITF5,17,Basilicata,Basilicata,559084,526622,94.19,0.21
5282,2021-06-21,BAS,4258,2045,2213,2142,2095,21,0,ITF,ITF5,17,Basilicata,Basilicata,559084,530880,94.96,0.76
5283,2021-06-19,BAS,4466,2178,2288,2370,2074,22,0,ITF,ITF5,17,Basilicata,Basilicata,559084,535346,95.75,0.8
5284,2021-03-28,BAS,2147,746,1401,2110,20,17,0,ITF,ITF5,17,Basilicata,Basilicata,559084,537493,96.14,0.38
5285,2021-03-11,BAS,1806,936,870,819,966,21,0,ITF,ITF5,17,Basilicata,Basilicata,559084,539299,96.46,0.32
5286,2021-02-23,BAS,1912,773,1139,1753,141,18,0,ITF,ITF5,17,Basilicata,Basilicata,559084,541211,96.8,0.34
5287,2021-06-03,BAS,4922,2258,2664,3703,1181,38,0,ITF,ITF5,17,Basilicata,Basilicata,559084,546133,97.68,0.88
5288,2021-03-12,BAS,1924,988,936,785,1109,30,0,ITF,ITF5,17,Basilicata,Basilicata,559084,548057,98.03,0.34
5289,2021-05-17,BAS,5548,2735,2813,3362,2136,50,0,ITF,ITF5,17,Basilicata,Basilicata,559084,553605,99.02,0.99
5290,2021-08-25,BAS,2682,1407,1275,1259,1339,84,0,ITF,ITF5,17,Basilicata,Basilicata,559084,556287,99.5,0.48
5291,2021-02-13,BAS,802,314,488,703,61,38,0,ITF,ITF5,17,Basilicata,Basilicata,559084,557089,99.64,0.14
5292,2021-05-24,BAS,4833,2344,2489,1087,3733,13,0,ITF,ITF5,17,Basilicata,Basilicata,559084,561922,100.51,0.86
5293,2021-07-29,BAS,4856,2523,2333,1907,2902,47,0,ITF,ITF5,17,Basilicata,Basilicata,559084,566778,101.38,0.87
5294,2021-04-06,BAS,1274,465,809,1072,184,18,0,ITF,ITF5,17,Basilicata,Basilicata,559084,568052,101.6,0.23
5295,2021-06-14,BAS,4825,2156,2669,2090,2711,24,0,ITF,ITF5,17,Basilicata,Basilicata,559084,572877,102.47,0.86
5296,2021-09-22,BAS,2935,1585,1350,590,2224,47,74,ITF,ITF5,17,Basilicata,Basilicata,559084,575812,102.99,0.52
5297,2021-03-23,BAS,1646,635,1011,1454,172,20,0,ITF,ITF5,17,Basilicata,Basilicata,559084,577458,103.29,0.29
5298,2021-07-01,BAS,3711,1856,1855,2563,1114,34,0,ITF,ITF5,17,Basilicata,Basilicata,559084,581169,103.95,0.66
5299,2021-08-29,BAS,2337,1254,1083,1258,979,100,0,ITF,ITF5,17,Basilicata,Basilicata,559084,583506,104.37,0.42
5300,2021-07-03,BAS,3948,2104,1844,2757,1145,46,0,ITF,ITF5,17,Basilicata,Basilicata,559084,587454,105.07,0.71
5301,2021-05-07,BAS,4639,2281,2358,3264,1341,34,0,ITF,ITF5,17,Basilicata,Basilicata,559084,592093,105.9,0.83
5302,2021-08-15,BAS,2704,1430,1274,1136,1527,41,0,ITF,ITF5,17,Basilicata,Basilicata,559084,594797,106.39,0.48
5303,2021-02-08,BAS,567,195,372,156,411,0,0,ITF,ITF5,17,Basilicata,Basilicata,559084,595364,106.49,0.1
5304,2021-05-19,BAS,2873,1499,1374,1183,1677,13,0,ITF,ITF5,17,Basilicata,Basilicata,559084,598237,107.0,0.51
5305,2021-05-29,BAS,3061,1534,1527,825,2225,11,0,ITF,ITF5,17,Basilicata,Basilicata,559084,601298,107.55,0.55
5306,2021-09-20,BAS,3197,1726,1471,664,2425,79,29,ITF,ITF5,17,Basilicata,Basilicata,559084,604495,108.12,0.57
5307,2021-01-13,BAS,917,387,530,917,0,0,0,ITF,ITF5,17,Basilicata,Basilicata,559084,605412,108.29,0.16
5308,2021-04-23,BAS,4553,2193,2360,3473,1017,63,0,ITF,ITF5,17,Basilicata,Basilicata,559084,609965,109.1,0.81
5309,2021-01-18,BAS,465,158,307,366,99,0,0,ITF,ITF5,17,Basilicata,Basilicata,559084,610430,109.18,0.08
5310,2021-03-16,BAS,1928,810,1118,227,1698,3,0,ITF,ITF5,17,Basilicata,Basilicata,559084,612358,109.53,0.34
5311,2021-06-02,BAS,5962,2806,3156,4375,1544,43,0,ITF,ITF5,17,Basilicata,Basilicata,559084,618320,110.6,1.07
5312,2021-09-10,BAS,2610,1317,1293,538,2012,60,0,ITF,ITF5,17,Basilicata,Basilicata,559084,620930,111.06,0.47
5313,2021-04-18,BAS,3720,1843,1877,2326,1370,24,0,ITF,ITF5,17,Basilicata,Basilicata,559084,624650,111.73,0.67
5314,2021-02-20,BAS,1169,536,633,1050,119,0,0,ITF,ITF5,17,Basilicata,Basilicata,559084,625819,111.94,0.21
5315,2021-07-27,BAS,4713,2371,2342,1812,2855,46,0,ITF,ITF5,17,Basilicata,Basilicata,559084,630532,112.78,0.84
5316,2021-05-31,BAS,4230,2010,2220,1713,2509,8,0,ITF,ITF5,17,Basilicata,Basilicata,559084,634762,113.54,0.76
5317,2021-09-03,BAS,2863,1522,1341,762,2038,63,0,ITF,ITF5,17,Basilicata,Basilicata,559084,637625,114.05,0.51
5318,2021-02-01,BAS,248,94,154,46,202,0,0,ITF,ITF5,17,Basilicata,Basilicata,559084,637873,114.09,0.04
5319,2021-05-26,BAS,4489,2260,2229,1676,2784,29,0,ITF,ITF5,17,Basilicata,Basilicata,559084,642362,114.9,0.8
5320,2021-02-25,BAS,1797,741,1056,1738,48,11,0,ITF,ITF5,17,Basilicata,Basilicata,559084,644159,115.22,0.32
5321,2021-08-10,BAS,4417,2326,2091,1513,2833,71,0,ITF,ITF5,17,Basilicata,Basilicata,559084,648576,116.01,0.79
5322,2021-02-06,BAS,928,381,547,146,782,0,0,ITF,ITF5,17,Basilicata,Basilicata,559084,649504,116.17,0.17
5323,2021-04-30,BAS,5285,2375,2910,4061,1162,62,0,ITF,ITF5,17,Basilicata,Basilicata,559084,654789,117.12,0.95
5324,2021-01-20,BAS,85,22,63,84,1,0,0,ITF,ITF5,17,Basilicata,Basilicata,559084,654874,117.13,0.02
5325,2021-03-30,BAS,2884,1225,1659,2502,366,16,0,ITF,ITF5,17,Basilicata,Basilicata,559084,657758,117.65,0.52
5326,2021-07-08,BAS,5137,2429,2708,1852,3260,25,0,ITF,ITF5,17,Basilicata,Basilicata,559084,662895,118.57,0.92
5327,2021-01-06,BAS,296,130,166,296,0,0,0,ITF,ITF5,17,Basilicata,Basilicata,559084,663191,118.62,0.05
5328,2021-04-16,BAS,3326,1636,1690,2399,902,25,0,ITF,ITF5,17,Basilicata,Basilicata,559084,666517,119.22,0.59
5329,2021-07-10,BAS,5530,2669,2861,1596,3925,9,0,ITF,ITF5,17,Basilicata,Basilicata,559084,672047,120.21,0.99
5330,2021-05-14,BAS,5907,2798,3109,3271,2530,106,0,ITF,ITF5,17,Basilicata,Basilicata,559084,677954,121.26,1.06
5331,2021-03-18,BAS,1365,571,794,17,1339,9,0,ITF,ITF5,17,Basilicata,Basilicata,559084,679319,121.51,0.24
5332,2021-08-22,BAS,2443,1282,1161,1025,1370,48,0,ITF,ITF5,17,Basilicata,Basilicata,559084,681762,121.94,0.44
5333,2021-06-26,BAS,3337,1614,1723,2750,558,29,0,ITF,ITF5,17,Basilicata,Basilicata,559084,685099,122.54,0.6
5334,2021-01-30,BAS,713,230,483,129,584,0,0,ITF,ITF5,17,Basilicata,Basilicata,559084,685812,122.67,0.13
5335,2021-09-05,BAS,2282,1205,1077,466,1783,33,0,ITF,ITF5,17,Basilicata,Basilicata,559084,688094,123.08,0.41
5336,2021-03-04,BAS,1915,912,1003,1077,809,29,0,ITF,ITF5,17,Basilicata,Basilicata,559084,690009,123.42,0.34
5337,2021-05-05,BAS,4337,2049,2288,3375,891,71,0,ITF,ITF5,17,Basilicata,Basilicata,559084,694346,124.19,0.78
5338,2021-03-09,BAS,1422,727,695,782,616,24,0,ITF,ITF5,17,Basilicata,Basilicata,559084,695768,124.45,0.25
5339,2021-01-25,BAS,1054,441,613,74,979,1,0,ITF,ITF5,17,Basilicata,Basilicata,559084,696822,124.64,0.19
5340,2021-01-11,BAS,186,67,119,186,0,0,0,ITF,ITF5,17,Basilicata,Basilicata,559084,697008,124.67,0.03
5341,2021-02-18,BAS,1076,405,671,856,217,3,0,ITF,ITF5,17,Basilicata,Basilicata,559084,698084,124.86,0.19
5342,2021-06-12,BAS,3687,1693,1994,2960,689,38,0,ITF,ITF5,17,Basilicata,Basilicata,559084,701771,125.52,0.66
5343,2021-08-14,BAS,3478,1906,1572,1421,1997,60,0,ITF,ITF5,17,Basilicata,Basilicata,559084,705249,126.14,0.62
5344,2021-06-18,BAS,4465,2066,2399,2179,2259,27,0,ITF,ITF5,17,Basilicata,Basilicata,559084,709714,126.94,0.8
5345,2021-08-23,BAS,3316,1736,1580,1369,1864,83,0,ITF,ITF5,17,Basilicata,Basilicata,559084,713030,127.54,0.59
5346,2021-01-24,BAS,869,317,552,58,810,1,0,ITF,ITF5,17,Basilicata,Basilicata,559084,713899,127.69,0.16
5347,2021-05-13,BAS,5987,2970,3017,3298,2598,91,0,ITF,ITF5,17,Basilicata,Basilicata,559084,719886,128.76,1.07
5348,2021-08-21,BAS,3268,1778,1490,1711,1461,96,0,ITF,ITF5,17,Basilicata,Basilicata,559084,723154,129.35,0.58
5349,2021-05-08,BAS,4848,2408,2440,3379,1413,56,0,ITF,ITF5,17,Basilicata,Basilicata,559084,728002,130.21,0.87
5350,2021-08-16,BAS,3568,1867,1701,1485,1998,85,0,ITF,ITF5,17,Basilicata,Basilicata,559084,731570,130.85,0.64
5351,2021-03-10,BAS,1690,848,842,840,839,11,0,ITF,ITF5,17,Basilicata,Basilicata,559084,733260,131.15,0.3
5352,2021-01-26,BAS,813,358,455,101,712,0,0,ITF,ITF5,17,Basilicata,Basilicata,559084,734073,131.3,0.15
5353,2021-05-06,BAS,5069,2441,2628,3431,1587,51,0,ITF,ITF5,17,Basilicata,Basilicata,559084,739142,132.21,0.91
5354,2021-05-15,BAS,6533,3344,3189,3875,2575,83,0,ITF,ITF5,17,Basilicata,Basilicata,559084,745675,133.37,1.17
5355,2021-04-02,BAS,2347,1060,1287,1716,606,25,0,ITF,ITF5,17,Basilicata,Basilicata,559084,748022,133.79,0.42
5356,2021-02-04,BAS,1109,447,662,64,1045,0,0,ITF,ITF5,17,Basilicata,Basilicata,559084,749131,133.99,0.2
5357,2021-07-11,BAS,5031,2405,2626,1508,3498,25,0,ITF,ITF5,17,Basilicata,Basilicata,559084,754162,134.89,0.9
5358,2021-09-15,BAS,2380,1255,1125,566,1764,50,0,ITF,ITF5,17,Basilicata,Basilicata,559084,756542,135.32,0.43
5359,2021-02-02,BAS,370,145,225,175,194,1,0,ITF,ITF5,17,Basilicata,Basilicata,559084,756912,135.38,0.07
5360,2021-04-09,BAS,1152,350,802,1062,63,27,0,ITF,ITF5,17,Basilicata,Basilicata,559084,758064,135.59,0.21
5361,2021-07-13,BAS,5853,2825,3028,1770,4034,49,0,ITF,ITF5,17,Basilicata,Basilicata,559084,763917,136.64,1.05
5362,2021-02-27,BAS,2005,863,1142,1823,165,17,0,ITF,ITF5,17,Basilicata,Basilicata,559084,765922,137.0,0.36
5363,2021-07-20,BAS,5693,2792,2901,1688,3965,40,0,ITF,ITF5,17,Basilicata,Basilicata,559084,771615,138.01,1.02
5364,2021-06-07,BAS,4239,1921,2318,3885,316,38,0,ITF,ITF5,17,Basilicata,Basilicata,559084,775854,138.77,0.76
5365,2021-04-11,BAS,966,393,573,760,176,30,0,ITF,ITF5,17,Basilicata,Basilicata,559084,776820,138.95,0.17
5366,2021-09-24,BAS,1261,678,583,273,948,32,8,ITF,ITF5,17,Basilicata,Basilicata,559084,778081,139.17,0.23
5367,2021-04-04,BAS,611,227,384,187,418,6,0,ITF,ITF5,17,Basilicata,Basilicata,559084,778692,139.28,0.11
5368,2021-09-17,BAS,2483,1358,1125,496,1926,61,0,ITF,ITF5,17,Basilicata,Basilicata,559084,781175,139.72,0.44
5369,2021-07-22,BAS,5798,2889,2909,1786,3950,62,0,ITF,ITF5,17,Basilicata,Basilicata,559084,786973,140.76,1.04
5370,2021-07-20,EMR,43152,22556,20596,6653,35793,706,0,ITH,ITH5,8,Emilia-Romagna,Emilia-Romagna,4459477,43152,0.97,0.97
5371,2021-04-11,EMR,15286,6940,8346,11984,3049,253,0,ITH,ITH5,8,Emilia-Romagna,Emilia-Romagna,4459477,58438,1.31,0.34
5372,2021-04-16,EMR,29243,13766,15477,20013,8843,387,0,ITH,ITH5,8,Emilia-Romagna,Emilia-Romagna,4459477,87681,1.97,0.66
5373,2021-01-06,EMR,8296,2958,5338,8295,0,1,0,ITH,ITH5,8,Emilia-Romagna,Emilia-Romagna,4459477,95977,2.15,0.19
5374,2021-08-08,EMR,21632,11722,9910,10574,10498,560,0,ITH,ITH5,8,Emilia-Romagna,Emilia-Romagna,4459477,117609,2.64,0.49
5375,2021-04-30,EMR,36661,16810,19851,21238,14811,612,0,ITH,ITH5,8,Emilia-Romagna,Emilia-Romagna,4459477,154270,3.46,0.82
5376,2021-03-28,EMR,13555,6062,7493,9547,3888,120,0,ITH,ITH5,8,Emilia-Romagna,Emilia-Romagna,4459477,167825,3.76,0.3
5377,2021-08-17,EMR,22408,12319,10089,14518,6863,1027,0,ITH,ITH5,8,Emilia-Romagna,Emilia-Romagna,4459477,190233,4.27,0.5
5378,2021-09-03,EMR,23779,12795,10984,6330,16852,597,0,ITH,ITH5,8,Emilia-Romagna,Emilia-Romagna,4459477,214012,4.8,0.53
5379,2021-05-26,EMR,33349,14757,18592,9923,23040,386,0,ITH,ITH5,8,Emilia-Romagna,Emilia-Romagna,4459477,247361,5.55,0.75
5380,2021-06-12,EMR,41393,21890,19503,35459,4923,1011,0,ITH,ITH5,8,Emilia-Romagna,Emilia-Romagna,4459477,288754,6.48,0.93
5381,2021-03-04,EMR,16464,5352,11112,13347,3025,92,0,ITH,ITH5,8,Emilia-Romagna,Emilia-Romagna,4459477,305218,6.84,0.37
5382,2021-05-24,EMR,30013,13740,16273,17967,11530,516,0,ITH,ITH5,8,Emilia-Romagna,Emilia-Romagna,4459477,335231,7.52,0.67
5383,2021-02-13,EMR,3634,1086,2548,3021,599,14,0,ITH,ITH5,8,Emilia-Romagna,Emilia-Romagna,4459477,338865,7.6,0.08
5384,2021-05-12,EMR,38977,18313,20664,28475,9707,795,0,ITH,ITH5,8,Emilia-Romagna,Emilia-Romagna,4459477,377842,8.47,0.87
5385,2021-02-01,EMR,10332,3618,6714,354,9976,2,0,ITH,ITH5,8,Emilia-Romagna,Emilia-Romagna,4459477,388174,8.7,0.23
5386,2021-01-18,EMR,3133,881,2252,2449,681,3,0,ITH,ITH5,8,Emilia-Romagna,Emilia-Romagna,4459477,391307,8.77,0.07
5387,2021-01-23,EMR,2448,871,1577,439,2009,0,0,ITH,ITH5,8,Emilia-Romagna,Emilia-Romagna,4459477,393755,8.83,0.05
5388,2021-05-07,EMR,35342,16989,18353,22663,11895,784,0,ITH,ITH5,8,Emilia-Romagna,Emilia-Romagna,4459477,429097,9.62,0.79
5389,2021-07-03,EMR,32130,15938,16192,11410,20027,693,0,ITH,ITH5,8,Emilia-Romagna,Emilia-Romagna,4459477,461227,10.34,0.72
5390,2021-08-29,EMR,20644,11428,9216,8527,11266,851,0,ITH,ITH5,8,Emilia-Romagna,Emilia-Romagna,4459477,481871,10.81,0.46
5391,2021-02-18,EMR,7049,2895,4154,6442,591,16,0,ITH,ITH5,8,Emilia-Romagna,Emilia-Romagna,4459477,488920,10.96,0.16
5392,2021-09-17,EMR,18041,9924,8117,4486,13080,474,1,ITH,ITH5,8,Emilia-Romagna,Emilia-Romagna,4459477,506961,11.37,0.4
5393,2021-09-15,EMR,19998,10647,9351,4636,14769,593,0,ITH,ITH5,8,Emilia-Romagna,Emilia-Romagna,4459477,526959,11.82,0.45
5394,2021-06-07,EMR,40578,20828,19750,33437,6268,873,0,ITH,ITH5,8,Emilia-Romagna,Emilia-Romagna,4459477,567537,12.73,0.91
5395,2021-08-03,EMR,38527,20279,18248,15567,22301,659,0,ITH,ITH5,8,Emilia-Romagna,Emilia-Romagna,4459477,606064,13.59,0.86
5396,2021-06-21,EMR,37602,19010,18592,16076,20898,628,0,ITH,ITH5,8,Emilia-Romagna,Emilia-Romagna,4459477,643666,14.43,0.84
5397,2021-07-08,EMR,41354,20602,20752,4724,36209,421,0,ITH,ITH5,8,Emilia-Romagna,Emilia-Romagna,4459477,685020,15.36,0.93
5398,2021-03-30,EMR,23353,10341,13012,17993,5044,316,0,ITH,ITH5,8,Emilia-Romagna,Emilia-Romagna,4459477,708373,15.88,0.52
5399,2021-07-22,EMR,40392,21558,18834,15217,24220,955,0,ITH,ITH5,8,Emilia-Romagna,Emilia-Romagna,4459477,748765,16.79,0.91
5400,2021-01-30,EMR,10097,3528,6569,137,9959,1,0,ITH,ITH5,8,Emilia-Romagna,Emilia-Romagna,4459477,758862,17.02,0.23
5401,2021-02-11,EMR,4260,1417,2843,3401,842,17,0,ITH,ITH5,8,Emilia-Romagna,Emilia-Romagna,4459477,763122,17.11,0.1
5402,2020-12-30,EMR,1,0,1,1,0,0,0,ITH,ITH5,8,Emilia-Romagna,Emilia-Romagna,4459477,763123,17.11,0.0
5403,2021-07-29,EMR,40805,21536,19269,14491,25560,754,0,ITH,ITH5,8,Emilia-Romagna,Emilia-Romagna,4459477,803928,18.03,0.92
5404,2021-09-24,EMR,5237,2875,2362,2234,2671,179,153,ITH,ITH5,8,Emilia-Romagna,Emilia-Romagna,4459477,809165,18.14,0.12
5405,2021-07-27,EMR,41141,21855,19286,16983,23336,822,0,ITH,ITH5,8,Emilia-Romagna,Emilia-Romagna,4459477,850306,19.07,0.92
5406,2021-02-25,EMR,9250,3498,5752,8272,955,23,0,ITH,ITH5,8,Emilia-Romagna,Emilia-Romagna,4459477,859556,19.27,0.21
5407,2021-06-19,EMR,36698,18367,18331,16736,19412,550,0,ITH,ITH5,8,Emilia-Romagna,Emilia-Romagna,4459477,896254,20.1,0.82
5408,2021-03-11,EMR,17501,7332,10169,11455,5859,187,0,ITH,ITH5,8,Emilia-Romagna,Emilia-Romagna,4459477,913755,20.49,0.39
5409,2021-02-06,EMR,7606,2410,5196,2108,5494,4,0,ITH,ITH5,8,Emilia-Romagna,Emilia-Romagna,4459477,921361,20.66,0.17
5410,2021-03-16,EMR,12256,5028,7228,4875,7316,65,0,ITH,ITH5,8,Emilia-Romagna,Emilia-Romagna,4459477,933617,20.94,0.27
5411,2021-01-25,EMR,6467,2149,4318,205,6261,1,0,ITH,ITH5,8,Emilia-Romagna,Emilia-Romagna,4459477,940084,21.08,0.15
5412,2021-07-01,EMR,34547,16886,17661,14810,18856,881,0,ITH,ITH5,8,Emilia-Romagna,Emilia-Romagna,4459477,974631,21.86,0.77
5413,2021-03-23,EMR,18806,8151,10655,11949,6691,166,0,ITH,ITH5,8,Emilia-Romagna,Emilia-Romagna,4459477,993437,22.28,0.42
5414,2021-08-15,EMR,6658,3694,2964,3288,3200,170,0,ITH,ITH5,8,Emilia-Romagna,Emilia-Romagna,4459477,1000095,22.43,0.15
5415,2021-06-26,EMR,37495,19003,18492,21009,15545,941,0,ITH,ITH5,8,Emilia-Romagna,Emilia-Romagna,4459477,1037590,23.27,0.84
5416,2021-01-04,EMR,7313,2526,4787,7310,0,3,0,ITH,ITH5,8,Emilia-Romagna,Emilia-Romagna,4459477,1044903,23.43,0.16
5417,2021-08-27,EMR,27926,15027,12899,6955,20228,743,0,ITH,ITH5,8,Emilia-Romagna,Emilia-Romagna,4459477,1072829,24.06,0.63
5418,2021-05-19,EMR,33846,14999,18847,18043,15270,533,0,ITH,ITH5,8,Emilia-Romagna,Emilia-Romagna,4459477,1106675,24.82,0.76
5419,2021-09-10,EMR,26177,14173,12004,5276,20222,679,0,ITH,ITH5,8,Emilia-Romagna,Emilia-Romagna,4459477,1132852,25.4,0.59
5420,2021-06-02,EMR,24125,12072,12053,18681,4980,464,0,ITH,ITH5,8,Emilia-Romagna,Emilia-Romagna,4459477,1156977,25.94,0.54
5421,2021-07-15,EMR,50404,26251,24153,7888,41806,710,0,ITH,ITH5,8,Emilia-Romagna,Emilia-Romagna,4459477,1207381,27.07,1.13
5422,2021-04-23,EMR,29586,13819,15767,14312,14896,378,0,ITH,ITH5,8,Emilia-Romagna,Emilia-Romagna,4459477,1236967,27.74,0.66
5423,2021-01-13,EMR,9082,2944,6138,9077,0,5,0,ITH,ITH5,8,Emilia-Romagna,Emilia-Romagna,4459477,1246049,27.94,0.2
5424,2021-04-04,EMR,9888,4721,5167,7532,2273,83,0,ITH,ITH5,8,Emilia-Romagna,Emilia-Romagna,4459477,1255937,28.16,0.22
5425,2021-05-31,EMR,29824,13781,16043,17735,11537,552,0,ITH,ITH5,8,Emilia-Romagna,Emilia-Romagna,4459477,1285761,28.83,0.67
5426,2021-04-18,EMR,17533,8408,9125,12367,4937,229,0,ITH,ITH5,8,Emilia-Romagna,Emilia-Romagna,4459477,1303294,29.23,0.39
5427,2021-06-14,EMR,41349,21378,19971,27453,13088,808,0,ITH,ITH5,8,Emilia-Romagna,Emilia-Romagna,4459477,1344643,30.15,0.93
5428,2021-09-05,EMR,17153,9244,7909,6421,9999,733,0,ITH,ITH5,8,Emilia-Romagna,Emilia-Romagna,4459477,1361796,30.54,0.38
5429,2021-09-22,EMR,19184,10536,8648,7238,11075,504,367,ITH,ITH5,8,Emilia-Romagna,Emilia-Romagna,4459477,1380980,30.97,0.43
5430,2021-05-09,EMR,25647,12271,13376,18278,6977,392,0,ITH,ITH5,8,Emilia-Romagna,Emilia-Romagna,4459477,1406627,31.54,0.58
5431,2021-01-29,EMR,10428,3501,6927,290,10138,0,0,ITH,ITH5,8,Emilia-Romagna,Emilia-Romagna,4459477,1417055,31.78,0.23
5432,2021-02-15,EMR,2904,850,2054,2711,125,68,0,ITH,ITH5,8,Emilia-Romagna,Emilia-Romagna,4459477,1419959,31.84,0.07
5433,2021-01-27,EMR,8372,2951,5421,461,7911,0,0,ITH,ITH5,8,Emilia-Romagna,Emilia-Romagna,4459477,1428331,32.03,0.19
5434,2021-03-09,EMR,14808,6038,8770,10759,3953,96,0,ITH,ITH5,8,Emilia-Romagna,Emilia-Romagna,4459477,1443139,32.36,0.33
5435,2021-05-05,EMR,30151,14006,16145,18310,11276,565,0,ITH,ITH5,8,Emilia-Romagna,Emilia-Romagna,4459477,1473290,33.04,0.68
5436,2021-08-31,EMR,28082,14972,13110,8336,18685,1061,0,ITH,ITH5,8,Emilia-Romagna,Emilia-Romagna,4459477,1501372,33.67,0.63
5437,2021-05-23,EMR,25508,11869,13639,13582,11609,317,0,ITH,ITH5,8,Emilia-Romagna,Emilia-Romagna,4459477,1526880,34.24,0.57
5438,2021-07-19,EMR,42019,22131,19888,6630,34787,602,0,ITH,ITH5,8,Emilia-Romagna,Emilia-Romagna,4459477,1568899,35.18,0.94
5439,2021-09-14,EMR,20414,11032,9382,4526,15338,550,0,ITH,ITH5,8,Emilia-Romagna,Emilia-Romagna,4459477,1589313,35.64,0.46
5440,2021-08-10,EMR,31352,16776,14576,15375,14922,1055,0,ITH,ITH5,8,Emilia-Romagna,Emilia-Romagna,4459477,1620665,36.34,0.7
5441,2021-03-13,EMR,16147,6366,9781,10593,5314,240,0,ITH,ITH5,8,Emilia-Romagna,Emilia-Romagna,4459477,1636812,36.7,0.36
5442,2021-07-05,EMR,33246,16212,17034,11199,21390,657,0,ITH,ITH5,8,Emilia-Romagna,Emilia-Romagna,4459477,1670058,37.45,0.75
5443,2021-03-27,EMR,21685,9075,12610,14526,6910,249,0,ITH,ITH5,8,Emilia-Romagna,Emilia-Romagna,4459477,1691743,37.94,0.49
5444,2021-04-13,EMR,23726,11132,12594,19029,4345,352,0,ITH,ITH5,8,Emilia-Romagna,Emilia-Romagna,4459477,1715469,38.47,0.53
5445,2021-01-03,EMR,2764,945,1819,2764,0,0,0,ITH,ITH5,8,Emilia-Romagna,Emilia-Romagna,4459477,1718233,38.53,0.06
5446,2021-01-11,EMR,9359,3278,6081,9350,0,9,0,ITH,ITH5,8,Emilia-Romagna,Emilia-Romagna,4459477,1727592,38.74,0.21
5447,2021-09-21,EMR,19495,10707,8788,6970,11758,482,285,ITH,ITH5,8,Emilia-Romagna,Emilia-Romagna,4459477,1747087,39.18,0.44
5448,2021-01-10,EMR,7175,2687,4488,7174,0,1,0,ITH,ITH5,8,Emilia-Romagna,Emilia-Romagna,4459477,1754262,39.34,0.16
5449,2021-06-16,EMR,45966,23539,22427,25235,19971,760,0,ITH,ITH5,8,Emilia-Romagna,Emilia-Romagna,4459477,1800228,40.37,1.03
5450,2021-03-08,EMR,12225,5102,7123,9473,2667,85,0,ITH,ITH5,8,Emilia-Romagna,Emilia-Romagna,4459477,1812453,40.64,0.27
5451,2021-08-26,EMR,27642,14752,12890,9364,17314,964,0,ITH,ITH5,8,Emilia-Romagna,Emilia-Romagna,4459477,1840095,41.26,0.62
5452,2021-09-12,EMR,14786,8100,6686,3949,10379,458,0,ITH,ITH5,8,Emilia-Romagna,Emilia-Romagna,4459477,1854881,41.59,0.33
5453,2021-06-04,EMR,45769,23029,22740,36802,8207,760,0,ITH,ITH5,8,Emilia-Romagna,Emilia-Romagna,4459477,1900650,42.62,1.03
5454,2021-07-31,EMR,36234,19244,16990,12127,23396,711,0,ITH,ITH5,8,Emilia-Romagna,Emilia-Romagna,4459477,1936884,43.43,0.81
5455,2021-05-02,EMR,25597,11657,13940,13192,12000,405,0,ITH,ITH5,8,Emilia-Romagna,Emilia-Romagna,4459477,1962481,44.01,0.57
5456,2021-01-22,EMR,1836,480,1356,1088,746,2,0,ITH,ITH5,8,Emilia-Romagna,Emilia-Romagna,4459477,1964317,44.05,0.04
5457,2021-08-24,EMR,23411,12713,10698,10528,11772,1111,0,ITH,ITH5,8,Emilia-Romagna,Emilia-Romagna,4459477,1987728,44.57,0.52
5458,2021-02-08,EMR,5239,1537,3702,2318,2918,3,0,ITH,ITH5,8,Emilia-Romagna,Emilia-Romagna,4459477,1992967,44.69,0.12
5459,2021-05-16,EMR,25893,12185,13708,18366,7149,378,0,ITH,ITH5,8,Emilia-Romagna,Emilia-Romagna,4459477,2018860,45.27,0.58
5460,2021-08-22,EMR,16475,9047,7428,6740,9106,629,0,ITH,ITH5,8,Emilia-Romagna,Emilia-Romagna,4459477,2035335,45.64,0.37
5461,2021-07-10,EMR,42108,21442,20666,6796,34663,649,0,ITH,ITH5,8,Emilia-Romagna,Emilia-Romagna,4459477,2077443,46.58,0.94
5462,2021-07-12,EMR,44075,22332,21743,5424,38140,511,0,ITH,ITH5,8,Emilia-Romagna,Emilia-Romagna,4459477,2121518,47.57,0.99
5463,2021-09-07,EMR,26094,14101,11993,5853,19644,597,0,ITH,ITH5,8,Emilia-Romagna,Emilia-Romagna,4459477,2147612,48.16,0.59
5464,2021-06-30,EMR,34264,17291,16973,17703,15667,894,0,ITH,ITH5,8,Emilia-Romagna,Emilia-Romagna,4459477,2181876,48.93,0.77
5465,2021-07-17,EMR,43670,23056,20614,7169,35759,742,0,ITH,ITH5,8,Emilia-Romagna,Emilia-Romagna,4459477,2225546,49.91,0.98
5466,2021-06-11,EMR,46003,23877,22126,38326,6566,1111,0,ITH,ITH5,8,Emilia-Romagna,Emilia-Romagna,4459477,2271549,50.94,1.03
5467,2021-06-28,EMR,40082,19670,20412,19625,19581,876,0,ITH,ITH5,8,Emilia-Romagna,Emilia-Romagna,4459477,2311631,51.84,0.9
5468,2021-03-20,EMR,16093,6833,9260,8958,6966,169,0,ITH,ITH5,8,Emilia-Romagna,Emilia-Romagna,4459477,2327724,52.2,0.36
5469,2021-04-06,EMR,24775,11182,13593,19730,4752,293,0,ITH,ITH5,8,Emilia-Romagna,Emilia-Romagna,4459477,2352499,52.75,0.56
5470,2020-12-27,EMR,973,374,599,973,0,0,0,ITH,ITH5,8,Emilia-Romagna,Emilia-Romagna,4459477,2353472,52.77,0.02
5471,2021-01-20,EMR,1331,269,1062,1329,1,1,0,ITH,ITH5,8,Emilia-Romagna,Emilia-Romagna,4459477,2354803,52.8,0.03
5472,2021-07-24,EMR,38886,20971,17915,17194,20650,1042,0,ITH,ITH5,8,Emilia-Romagna,Emilia-Romagna,4459477,2393689,53.68,0.87
5473,2021-04-15,EMR,29373,13987,15386,19243,9685,445,0,ITH,ITH5,8,Emilia-Romagna,Emilia-Romagna,4459477,2423062,54.34,0.66
5474,2021-06-18,EMR,42795,21459,21336,16272,25941,582,0,ITH,ITH5,8,Emilia-Romagna,Emilia-Romagna,4459477,2465857,55.29,0.96
5475,2021-03-10,EMR,18818,7745,11073,12989,5647,182,0,ITH,ITH5,8,Emilia-Romagna,Emilia-Romagna,4459477,2484675,55.72,0.42
5476,2021-04-20,EMR,22655,10419,12236,13890,8364,401,0,ITH,ITH5,8,Emilia-Romagna,Emilia-Romagna,4459477,2507330,56.22,0.51
5477,2021-06-23,EMR,38085,19099,18986,18455,18892,738,0,ITH,ITH5,8,Emilia-Romagna,Emilia-Romagna,4459477,2545415,57.08,0.85
5478,2021-01-08,EMR,10882,3587,7295,10879,0,3,0,ITH,ITH5,8,Emilia-Romagna,Emilia-Romagna,4459477,2556297,57.32,0.24
5479,2021-03-06,EMR,21041,5971,15070,18173,2745,123,0,ITH,ITH5,8,Emilia-Romagna,Emilia-Romagna,4459477,2577338,57.79,0.47
5480,2021-08-19,EMR,21573,11585,9988,11957,8737,879,0,ITH,ITH5,8,Emilia-Romagna,Emilia-Romagna,4459477,2598911,58.28,0.48
5481,2021-05-28,EMR,41305,18966,22339,17270,23435,600,0,ITH,ITH5,8,Emilia-Romagna,Emilia-Romagna,4459477,2640216,59.2,0.93
5482,2021-04-22,EMR,29062,13456,15606,14616,14081,365,0,ITH,ITH5,8,Emilia-Romagna,Emilia-Romagna,4459477,2669278,59.86,0.65
5483,2021-01-12,EMR,9484,3127,6357,9475,0,9,0,ITH,ITH5,8,Emilia-Romagna,Emilia-Romagna,4459477,2678762,60.07,0.21
5484,2021-03-25,EMR,21490,9420,12070,14239,6990,261,0,ITH,ITH5,8,Emilia-Romagna,Emilia-Romagna,4459477,2700252,60.55,0.48
5485,2021-05-21,EMR,39389,17563,21826,21633,17134,622,0,ITH,ITH5,8,Emilia-Romagna,Emilia-Romagna,4459477,2739641,61.43,0.88
5486,2021-02-10,EMR,4024,1385,2639,2757,1261,6,0,ITH,ITH5,8,Emilia-Romagna,Emilia-Romagna,4459477,2743665,61.52,0.09
5487,2021-04-08,EMR,31409,14422,16987,25329,5337,743,0,ITH,ITH5,8,Emilia-Romagna,Emilia-Romagna,4459477,2775074,62.23,0.7
5488,2021-02-22,EMR,7486,3093,4393,7200,273,13,0,ITH,ITH5,8,Emilia-Romagna,Emilia-Romagna,4459477,2782560,62.4,0.17
5489,2021-05-18,EMR,29239,13283,15956,18101,10649,489,0,ITH,ITH5,8,Emilia-Romagna,Emilia-Romagna,4459477,2811799,63.05,0.66
5490,2021-02-07,EMR,4794,1537,3257,1724,3068,2,0,ITH,ITH5,8,Emilia-Romagna,Emilia-Romagna,4459477,2816593,63.16,0.11
5491,2021-02-24,EMR,9361,3568,5793,8458,887,16,0,ITH,ITH5,8,Emilia-Romagna,Emilia-Romagna,4459477,2825954,63.37,0.21
5492,2021-01-05,EMR,9374,3174,6200,9370,0,4,0,ITH,ITH5,8,Emilia-Romagna,Emilia-Romagna,4459477,2835328,63.58,0.21
5493,2021-04-29,EMR,44994,21153,23841,26607,17566,821,0,ITH,ITH5,8,Emilia-Romagna,Emilia-Romagna,4459477,2880322,64.59,1.01
5494,2021-08-28,EMR,26326,14569,11757,8638,16859,829,0,ITH,ITH5,8,Emilia-Romagna,Emilia-Romagna,4459477,2906648,65.18,0.59
5495,2021-05-20,EMR,40417,18347,22070,18393,21504,520,0,ITH,ITH5,8,Emilia-Romagna,Emilia-Romagna,4459477,2947065,66.09,0.91
5496,2021-08-23,EMR,22626,11779,10847,11846,9481,1299,0,ITH,ITH5,8,Emilia-Romagna,Emilia-Romagna,4459477,2969691,66.59,0.51
5497,2021-02-12,EMR,5333,1680,3653,3903,1407,23,0,ITH,ITH5,8,Emilia-Romagna,Emilia-Romagna,4459477,2975024,66.71,0.12
5498,2021-07-16,EMR,49800,26291,23509,7027,42099,674,0,ITH,ITH5,8,Emilia-Romagna,Emilia-Romagna,4459477,3024824,67.83,1.12
5499,2021-06-27,EMR,29602,14897,14705,16190,12737,675,0,ITH,ITH5,8,Emilia-Romagna,Emilia-Romagna,4459477,3054426,68.49,0.66
5500,2021-07-14,EMR,47990,24550,23440,5588,41866,536,0,ITH,ITH5,8,Emilia-Romagna,Emilia-Romagna,4459477,3102416,69.57,1.08
5501,2021-04-05,EMR,14862,6812,8050,11788,2895,179,0,ITH,ITH5,8,Emilia-Romagna,Emilia-Romagna,4459477,3117278,69.9,0.33
5502,2021-09-19,EMR,15602,8622,6980,5661,9386,555,0,ITH,ITH5,8,Emilia-Romagna,Emilia-Romagna,4459477,3132880,70.25,0.35
5503,2021-03-18,EMR,13783,5852,7931,5682,8009,92,0,ITH,ITH5,8,Emilia-Romagna,Emilia-Romagna,4459477,3146663,70.56,0.31
5504,2021-05-14,EMR,37361,17204,20157,26803,9658,900,0,ITH,ITH5,8,Emilia-Romagna,Emilia-Romagna,4459477,3184024,71.4,0.84
5505,2021-02-03,EMR,9353,2993,6360,962,8390,1,0,ITH,ITH5,8,Emilia-Romagna,Emilia-Romagna,4459477,3193377,71.61,0.21
5506,2021-04-01,EMR,23980,10787,13193,19072,4561,347,0,ITH,ITH5,8,Emilia-Romagna,Emilia-Romagna,4459477,3217357,72.15,0.54
5507,2021-02-17,EMR,6545,2766,3779,5758,774,13,0,ITH,ITH5,8,Emilia-Romagna,Emilia-Romagna,4459477,3223902,72.29,0.15
5508,2021-06-01,EMR,27200,13117,14083,16829,9930,441,0,ITH,ITH5,8,Emilia-Romagna,Emilia-Romagna,4459477,3251102,72.9,0.61
5509,2021-07-28,EMR,38709,20760,17949,13957,24058,694,0,ITH,ITH5,8,Emilia-Romagna,Emilia-Romagna,4459477,3289811,73.77,0.87
5510,2021-01-19,EMR,2051,508,1543,2033,17,1,0,ITH,ITH5,8,Emilia-Romagna,Emilia-Romagna,4459477,3291862,73.82,0.05
5511,2021-07-07,EMR,37927,19154,18773,13395,23729,803,0,ITH,ITH5,8,Emilia-Romagna,Emilia-Romagna,4459477,3329789,74.67,0.85
5512,2021-03-29,EMR,21454,9632,11822,16544,4665,245,0,ITH,ITH5,8,Emilia-Romagna,Emilia-Romagna,4459477,3351243,75.15,0.48
5513,2021-02-21,EMR,4451,1708,2743,4001,440,10,0,ITH,ITH5,8,Emilia-Romagna,Emilia-Romagna,4459477,3355694,75.25,0.1
5514,2021-06-25,EMR,42871,21817,21054,19737,22319,815,0,ITH,ITH5,8,Emilia-Romagna,Emilia-Romagna,4459477,3398565,76.21,0.96
5515,2021-03-17,EMR,13731,5699,8032,5817,7855,59,0,ITH,ITH5,8,Emilia-Romagna,Emilia-Romagna,4459477,3412296,76.52,0.31
5516,2021-08-21,EMR,19119,10700,8419,10445,7776,898,0,ITH,ITH5,8,Emilia-Romagna,Emilia-Romagna,4459477,3431415,76.95,0.43
5517,2021-05-13,EMR,35885,16526,19359,27302,7862,721,0,ITH,ITH5,8,Emilia-Romagna,Emilia-Romagna,4459477,3467300,77.75,0.8
5518,2021-03-15,EMR,13468,6256,7212,6856,6508,104,0,ITH,ITH5,8,Emilia-Romagna,Emilia-Romagna,4459477,3480768,78.05,0.3
5519,2021-04-10,EMR,20939,9305,11634,16457,4148,334,0,ITH,ITH5,8,Emilia-Romagna,Emilia-Romagna,4459477,3501707,78.52,0.47
5520,2021-04-17,EMR,27324,13087,14237,17578,9353,393,0,ITH,ITH5,8,Emilia-Romagna,Emilia-Romagna,4459477,3529031,79.14,0.61
5521,2021-01-07,EMR,10298,3413,6885,10294,0,4,0,ITH,ITH5,8,Emilia-Romagna,Emilia-Romagna,4459477,3539329,79.37,0.23
5522,2021-08-02,EMR,38544,20363,18181,14766,23102,676,0,ITH,ITH5,8,Emilia-Romagna,Emilia-Romagna,4459477,3577873,80.23,0.86
5523,2021-04-24,EMR,28660,13253,15407,14065,14245,350,0,ITH,ITH5,8,Emilia-Romagna,Emilia-Romagna,4459477,3606533,80.87,0.64
5524,2021-05-11,EMR,35827,16810,19017,27866,7265,696,0,ITH,ITH5,8,Emilia-Romagna,Emilia-Romagna,4459477,3642360,81.68,0.8
5525,2021-01-31,EMR,7710,2771,4939,240,7470,0,0,ITH,ITH5,8,Emilia-Romagna,Emilia-Romagna,4459477,3650070,81.85,0.17
5526,2021-08-09,EMR,30266,16147,14119,16636,12559,1071,0,ITH,ITH5,8,Emilia-Romagna,Emilia-Romagna,4459477,3680336,82.53,0.68
5527,2021-05-01,EMR,28432,12783,15649,15279,12794,359,0,ITH,ITH5,8,Emilia-Romagna,Emilia-Romagna,4459477,3708768,83.17,0.64
5528,2021-06-13,EMR,28781,15014,13767,23806,4290,685,0,ITH,ITH5,8,Emilia-Romagna,Emilia-Romagna,4459477,3737549,83.81,0.65
5529,2021-03-05,EMR,17923,5865,12058,14293,3505,125,0,ITH,ITH5,8,Emilia-Romagna,Emilia-Romagna,4459477,3755472,84.21,0.4
5530,2021-03-22,EMR,17660,7821,9839,10616,6872,172,0,ITH,ITH5,8,Emilia-Romagna,Emilia-Romagna,4459477,3773132,84.61,0.4
5531,2021-03-03,EMR,15901,5270,10631,13362,2486,53,0,ITH,ITH5,8,Emilia-Romagna,Emilia-Romagna,4459477,3789033,84.97,0.36
5532,2021-09-23,EMR,16814,9133,7681,6983,9129,428,274,ITH,ITH5,8,Emilia-Romagna,Emilia-Romagna,4459477,3805847,85.34,0.38
5533,2021-09-09,EMR,24789,13176,11613,5210,18937,642,0,ITH,ITH5,8,Emilia-Romagna,Emilia-Romagna,4459477,3830636,85.9,0.56
5534,2021-04-12,EMR,19262,9017,10245,14453,4450,359,0,ITH,ITH5,8,Emilia-Romagna,Emilia-Romagna,4459477,3849898,86.33,0.43
5535,2021-09-16,EMR,22173,12015,10158,3858,17852,463,0,ITH,ITH5,8,Emilia-Romagna,Emilia-Romagna,4459477,3872071,86.83,0.5
5536,2021-06-08,EMR,45157,23122,22035,36786,7553,818,0,ITH,ITH5,8,Emilia-Romagna,Emilia-Romagna,4459477,3917228,87.84,1.01
5537,2021-08-04,EMR,35357,18848,16509,13025,21691,641,0,ITH,ITH5,8,Emilia-Romagna,Emilia-Romagna,4459477,3952585,88.63,0.79
5538,2021-07-25,EMR,28481,15186,13295,10541,17446,494,0,ITH,ITH5,8,Emilia-Romagna,Emilia-Romagna,4459477,3981066,89.27,0.64
5539,2021-08-11,EMR,27782,14897,12885,12103,14881,798,0,ITH,ITH5,8,Emilia-Romagna,Emilia-Romagna,4459477,4008848,89.9,0.62
5540,2021-08-25,EMR,25162,13559,11603,9578,14615,969,0,ITH,ITH5,8,Emilia-Romagna,Emilia-Romagna,4459477,4034010,90.46,0.56
5541,2021-04-03,EMR,20005,8788,11217,15958,3801,246,0,ITH,ITH5,8,Emilia-Romagna,Emilia-Romagna,4459477,4054015,90.91,0.45
5542,2021-05-30,EMR,27105,12809,14296,12988,13714,403,0,ITH,ITH5,8,Emilia-Romagna,Emilia-Romagna,4459477,4081120,91.52,0.61
5543,2021-02-19,EMR,7330,3012,4318,6802,514,14,0,ITH,ITH5,8,Emilia-Romagna,Emilia-Romagna,4459477,4088450,91.68,0.16
5544,2021-07-26,EMR,39579,21107,18472,15865,22889,825,0,ITH,ITH5,8,Emilia-Romagna,Emilia-Romagna,4459477,4128029,92.57,0.89
5545,2020-12-31,EMR,2217,781,1436,2216,0,1,0,ITH,ITH5,8,Emilia-Romagna,Emilia-Romagna,4459477,4130246,92.62,0.05
5546,2021-06-06,EMR,36604,19003,17601,31537,4415,652,0,ITH,ITH5,8,Emilia-Romagna,Emilia-Romagna,4459477,4166850,93.44,0.82
5547,2021-02-26,EMR,9642,3675,5967,8563,1054,25,0,ITH,ITH5,8,Emilia-Romagna,Emilia-Romagna,4459477,4176492,93.65,0.22
5548,2021-02-05,EMR,9314,2965,6349,1617,7693,4,0,ITH,ITH5,8,Emilia-Romagna,Emilia-Romagna,4459477,4185806,93.86,0.21
5549,2021-09-11,EMR,24915,14140,10775,4551,19796,568,0,ITH,ITH5,8,Emilia-Romagna,Emilia-Romagna,4459477,4210721,94.42,0.56
5550,2021-06-20,EMR,30756,15603,15153,15588,14677,491,0,ITH,ITH5,8,Emilia-Romagna,Emilia-Romagna,4459477,4241477,95.11,0.69
5551,2021-09-20,EMR,19919,10723,9196,5378,13765,483,293,ITH,ITH5,8,Emilia-Romagna,Emilia-Romagna,4459477,4261396,95.56,0.45
5552,2021-06-29,EMR,37730,18607,19123,18129,18800,801,0,ITH,ITH5,8,Emilia-Romagna,Emilia-Romagna,4459477,4299126,96.4,0.85
5553,2021-03-21,EMR,11962,5296,6666,7265,4603,94,0,ITH,ITH5,8,Emilia-Romagna,Emilia-Romagna,4459477,4311088,96.67,0.27
5554,2021-09-18,EMR,21816,12159,9657,8399,12553,863,1,ITH,ITH5,8,Emilia-Romagna,Emilia-Romagna,4459477,4332904,97.16,0.49
5555,2021-06-10,EMR,45115,23172,21943,38677,5387,1051,0,ITH,ITH5,8,Emilia-Romagna,Emilia-Romagna,4459477,4378019,98.17,1.01
5556,2021-03-02,EMR,12666,4276,8390,10521,2088,57,0,ITH,ITH5,8,Emilia-Romagna,Emilia-Romagna,4459477,4390685,98.46,0.28
5557,2021-09-04,EMR,23743,12922,10821,8373,14461,909,0,ITH,ITH5,8,Emilia-Romagna,Emilia-Romagna,4459477,4414428,98.99,0.53
5558,2021-08-16,EMR,20237,10878,9359,12637,6580,1020,0,ITH,ITH5,8,Emilia-Romagna,Emilia-Romagna,4459477,4434665,99.44,0.45
5559,2021-09-02,EMR,25055,13346,11709,6480,17863,712,0,ITH,ITH5,8,Emilia-Romagna,Emilia-Romagna,4459477,4459720,100.01,0.56
5560,2021-05-25,EMR,25246,11240,14006,11300,13516,430,0,ITH,ITH5,8,Emilia-Romagna,Emilia-Romagna,4459477,4484966,100.57,0.57
5561,2021-02-14,EMR,1405,378,1027,1278,120,7,0,ITH,ITH5,8,Emilia-Romagna,Emilia-Romagna,4459477,4486371,100.6,0.03
5562,2021-02-09,EMR,4162,1254,2908,2308,1853,1,0,ITH,ITH5,8,Emilia-Romagna,Emilia-Romagna,4459477,4490533,100.7,0.09
5563,2021-09-01,EMR,22632,12064,10568,7200,14678,754,0,ITH,ITH5,8,Emilia-Romagna,Emilia-Romagna,4459477,4513165,101.2,0.51
5564,2021-01-02,EMR,2379,917,1462,2379,0,0,0,ITH,ITH5,8,Emilia-Romagna,Emilia-Romagna,4459477,4515544,101.26,0.05
5565,2021-09-13,EMR,24217,13104,11113,4775,18724,718,0,ITH,ITH5,8,Emilia-Romagna,Emilia-Romagna,4459477,4539761,101.8,0.54
5566,2021-06-05,EMR,44332,22387,21945,36622,6927,783,0,ITH,ITH5,8,Emilia-Romagna,Emilia-Romagna,4459477,4584093,102.79,0.99
5567,2021-06-22,EMR,36547,18202,18345,16254,19646,647,0,ITH,ITH5,8,Emilia-Romagna,Emilia-Romagna,4459477,4620640,103.61,0.82
5568,2021-07-06,EMR,36821,18514,18307,12917,23205,699,0,ITH,ITH5,8,Emilia-Romagna,Emilia-Romagna,4459477,4657461,104.44,0.83
5569,2021-05-17,EMR,32485,15417,17068,22331,9565,589,0,ITH,ITH5,8,Emilia-Romagna,Emilia-Romagna,4459477,4689946,105.17,0.73
5570,2021-08-06,EMR,34683,18604,16079,18792,14994,897,0,ITH,ITH5,8,Emilia-Romagna,Emilia-Romagna,4459477,4724629,105.95,0.78
5571,2021-04-28,EMR,33752,15604,18148,20261,12899,592,0,ITH,ITH5,8,Emilia-Romagna,Emilia-Romagna,4459477,4758381,106.7,0.76
5572,2021-05-27,EMR,42354,18772,23582,13553,28293,508,0,ITH,ITH5,8,Emilia-Romagna,Emilia-Romagna,4459477,4800735,107.65,0.95
5573,2021-02-16,EMR,5775,2448,3327,5231,530,14,0,ITH,ITH5,8,Emilia-Romagna,Emilia-Romagna,4459477,4806510,107.78,0.13
5574,2021-03-19,EMR,15924,6969,8955,7791,7971,162,0,ITH,ITH5,8,Emilia-Romagna,Emilia-Romagna,4459477,4822434,108.14,0.36
5575,2021-04-07,EMR,26895,12309,14586,20463,6081,351,0,ITH,ITH5,8,Emilia-Romagna,Emilia-Romagna,4459477,4849329,108.74,0.6
5576,2021-07-23,EMR,40437,21908,18529,19776,19495,1166,0,ITH,ITH5,8,Emilia-Romagna,Emilia-Romagna,4459477,4889766,109.65,0.91
5577,2021-07-21,EMR,43697,23308,20389,10753,32296,648,0,ITH,ITH5,8,Emilia-Romagna,Emilia-Romagna,4459477,4933463,110.63,0.98
5578,2021-04-19,EMR,20922,9806,11116,14336,6284,302,0,ITH,ITH5,8,Emilia-Romagna,Emilia-Romagna,4459477,4954385,111.1,0.47
5579,2021-01-09,EMR,10001,3458,6543,9997,0,4,0,ITH,ITH5,8,Emilia-Romagna,Emilia-Romagna,4459477,4964386,111.32,0.22
5580,2021-06-15,EMR,43882,22644,21238,27907,15076,899,0,ITH,ITH5,8,Emilia-Romagna,Emilia-Romagna,4459477,5008268,112.31,0.98
5581,2021-03-07,EMR,7852,2963,4889,6288,1526,38,0,ITH,ITH5,8,Emilia-Romagna,Emilia-Romagna,4459477,5016120,112.48,0.18
5582,2021-05-03,EMR,28740,13571,15169,17398,10885,457,0,ITH,ITH5,8,Emilia-Romagna,Emilia-Romagna,4459477,5044860,113.13,0.64
5583,2021-05-15,EMR,33297,14999,18298,22211,10442,644,0,ITH,ITH5,8,Emilia-Romagna,Emilia-Romagna,4459477,5078157,113.87,0.75
5584,2021-02-04,EMR,9935,3208,6727,1235,8699,1,0,ITH,ITH5,8,Emilia-Romagna,Emilia-Romagna,4459477,5088092,114.1,0.22
5585,2021-05-22,EMR,33183,14163,19020,16473,16253,457,0,ITH,ITH5,8,Emilia-Romagna,Emilia-Romagna,4459477,5121275,114.84,0.74
5586,2021-07-18,EMR,34592,17921,16671,8184,25838,570,0,ITH,ITH5,8,Emilia-Romagna,Emilia-Romagna,4459477,5155867,115.62,0.78
5587,2021-04-09,EMR,25804,11695,14109,19527,5760,517,0,ITH,ITH5,8,Emilia-Romagna,Emilia-Romagna,4459477,5181671,116.19,0.58
5588,2021-02-02,EMR,9499,3056,6443,534,8964,1,0,ITH,ITH5,8,Emilia-Romagna,Emilia-Romagna,4459477,5191170,116.41,0.21
5589,2021-08-01,EMR,30061,16171,13890,10266,19385,410,0,ITH,ITH5,8,Emilia-Romagna,Emilia-Romagna,4459477,5221231,117.08,0.67
5590,2021-08-18,EMR,22301,12215,10086,14594,6655,1052,0,ITH,ITH5,8,Emilia-Romagna,Emilia-Romagna,4459477,5243532,117.58,0.5
5591,2021-05-10,EMR,33897,16155,17742,26005,7262,630,0,ITH,ITH5,8,Emilia-Romagna,Emilia-Romagna,4459477,5277429,118.34,0.76
5592,2021-07-30,EMR,39879,21420,18459,15669,23476,734,0,ITH,ITH5,8,Emilia-Romagna,Emilia-Romagna,4459477,5317308,119.24,0.89
5593,2021-04-21,EMR,23977,10974,13003,13871,9743,363,0,ITH,ITH5,8,Emilia-Romagna,Emilia-Romagna,4459477,5341285,119.77,0.54
5594,2021-01-14,EMR,8136,2598,5538,8127,0,9,0,ITH,ITH5,8,Emilia-Romagna,Emilia-Romagna,4459477,5349421,119.96,0.18
5595,2021-06-24,EMR,40661,20423,20238,20261,19577,823,0,ITH,ITH5,8,Emilia-Romagna,Emilia-Romagna,4459477,5390082,120.87,0.91
5596,2021-08-20,EMR,19754,10761,8993,10256,8524,974,0,ITH,ITH5,8,Emilia-Romagna,Emilia-Romagna,4459477,5409836,121.31,0.44
5597,2021-06-17,EMR,46717,23670,23047,21762,24239,716,0,ITH,ITH5,8,Emilia-Romagna,Emilia-Romagna,4459477,5456553,122.36,1.05
5598,2021-08-13,EMR,21279,11812,9467,14288,6090,901,0,ITH,ITH5,8,Emilia-Romagna,Emilia-Romagna,4459477,5477832,122.84,0.48
5599,2021-04-14,EMR,27064,12852,14212,20524,6113,427,0,ITH,ITH5,8,Emilia-Romagna,Emilia-Romagna,4459477,5504896,123.44,0.61
5600,2021-01-21,EMR,2170,732,1438,821,1349,0,0,ITH,ITH5,8,Emilia-Romagna,Emilia-Romagna,4459477,5507066,123.49,0.05
5601,2021-06-03,EMR,37940,18447,19493,29686,7562,692,0,ITH,ITH5,8,Emilia-Romagna,Emilia-Romagna,4459477,5545006,124.34,0.85
5602,2021-02-28,EMR,6830,2528,4302,4959,1852,19,0,ITH,ITH5,8,Emilia-Romagna,Emilia-Romagna,4459477,5551836,124.5,0.15
5603,2021-04-26,EMR,27917,12941,14976,18040,9323,554,0,ITH,ITH5,8,Emilia-Romagna,Emilia-Romagna,4459477,5579753,125.12,0.63
5604,2021-01-16,EMR,5633,1720,3913,5632,0,1,0,ITH,ITH5,8,Emilia-Romagna,Emilia-Romagna,4459477,5585386,125.25,0.13
5605,2021-03-14,EMR,8809,3841,4968,4944,3801,64,0,ITH,ITH5,8,Emilia-Romagna,Emilia-Romagna,4459477,5594195,125.45,0.2
5606,2021-08-30,EMR,27050,14203,12847,7649,18372,1029,0,ITH,ITH5,8,Emilia-Romagna,Emilia-Romagna,4459477,5621245,126.05,0.61
5607,2021-02-23,EMR,8216,3218,4998,7818,386,12,0,ITH,ITH5,8,Emilia-Romagna,Emilia-Romagna,4459477,5629461,126.24,0.18
5608,2021-03-12,EMR,18328,7712,10616,11310,6721,297,0,ITH,ITH5,8,Emilia-Romagna,Emilia-Romagna,4459477,5647789,126.65,0.41
5609,2021-05-08,EMR,32380,15112,17268,20397,11439,544,0,ITH,ITH5,8,Emilia-Romagna,Emilia-Romagna,4459477,5680169,127.37,0.73
5610,2021-01-28,EMR,10264,3344,6920,348,9916,0,0,ITH,ITH5,8,Emilia-Romagna,Emilia-Romagna,4459477,5690433,127.6,0.23
5611,2021-02-20,EMR,5320,2094,3226,5050,263,7,0,ITH,ITH5,8,Emilia-Romagna,Emilia-Romagna,4459477,5695753,127.72,0.12
5612,2021-01-15,EMR,7760,2409,5351,7752,0,8,0,ITH,ITH5,8,Emilia-Romagna,Emilia-Romagna,4459477,5703513,127.9,0.17
5613,2021-06-09,EMR,43194,21938,21256,35728,6440,1026,0,ITH,ITH5,8,Emilia-Romagna,Emilia-Romagna,4459477,5746707,128.87,0.97
5614,2021-03-01,EMR,10104,3585,6519,7817,2262,25,0,ITH,ITH5,8,Emilia-Romagna,Emilia-Romagna,4459477,5756811,129.09,0.23
5615,2021-08-05,EMR,36779,19462,17317,18387,17415,977,0,ITH,ITH5,8,Emilia-Romagna,Emilia-Romagna,4459477,5793590,129.92,0.82
5616,2021-08-12,EMR,27744,15073,12671,19319,6883,1542,0,ITH,ITH5,8,Emilia-Romagna,Emilia-Romagna,4459477,5821334,130.54,0.62
5617,2021-05-04,EMR,29318,13732,15586,15163,13675,480,0,ITH,ITH5,8,Emilia-Romagna,Emilia-Romagna,4459477,5850652,131.2,0.66
5618,2021-02-27,EMR,10969,3999,6970,9194,1742,33,0,ITH,ITH5,8,Emilia-Romagna,Emilia-Romagna,4459477,5861621,131.44,0.25
5619,2021-04-25,EMR,22363,10246,12117,14405,7516,442,0,ITH,ITH5,8,Emilia-Romagna,Emilia-Romagna,4459477,5883984,131.94,0.5
5620,2021-08-07,EMR,31005,17056,13949,17742,12217,1046,0,ITH,ITH5,8,Emilia-Romagna,Emilia-Romagna,4459477,5914989,132.64,0.7
5621,2021-04-27,EMR,32135,14874,17261,19234,12470,431,0,ITH,ITH5,8,Emilia-Romagna,Emilia-Romagna,4459477,5947124,133.36,0.72
5622,2021-08-14,EMR,15815,8922,6893,8337,7028,450,0,ITH,ITH5,8,Emilia-Romagna,Emilia-Romagna,4459477,5962939,133.71,0.35
5623,2021-05-06,EMR,35988,16629,19359,22154,13106,728,0,ITH,ITH5,8,Emilia-Romagna,Emilia-Romagna,4459477,5998927,134.52,0.81
5624,2021-01-26,EMR,8339,3001,5338,209,8129,1,0,ITH,ITH5,8,Emilia-Romagna,Emilia-Romagna,4459477,6007266,134.71,0.19
5625,2021-07-02,EMR,34765,17097,17668,12375,21732,658,0,ITH,ITH5,8,Emilia-Romagna,Emilia-Romagna,4459477,6042031,135.49,0.78
5626,2021-03-24,EMR,21244,9415,11829,13635,7386,223,0,ITH,ITH5,8,Emilia-Romagna,Emilia-Romagna,4459477,6063275,135.96,0.48
5627,2021-01-24,EMR,2446,887,1559,298,2148,0,0,ITH,ITH5,8,Emilia-Romagna,Emilia-Romagna,4459477,6065721,136.02,0.05
5628,2021-07-09,EMR,44937,22956,21981,5408,39102,427,0,ITH,ITH5,8,Emilia-Romagna,Emilia-Romagna,4459477,6110658,137.03,1.01
5629,2021-01-17,EMR,2898,890,2008,2648,249,1,0,ITH,ITH5,8,Emilia-Romagna,Emilia-Romagna,4459477,6113556,137.09,0.06
5630,2021-04-02,EMR,23418,10561,12857,18559,4490,369,0,ITH,ITH5,8,Emilia-Romagna,Emilia-Romagna,4459477,6136974,137.62,0.53
5631,2021-09-06,EMR,25326,13433,11893,7035,17468,823,0,ITH,ITH5,8,Emilia-Romagna,Emilia-Romagna,4459477,6162300,138.18,0.57
5632,2021-05-29,EMR,37955,16522,21433,16660,20769,526,0,ITH,ITH5,8,Emilia-Romagna,Emilia-Romagna,4459477,6200255,139.04,0.85
5633,2021-07-11,EMR,30400,15244,15156,2747,27384,269,0,ITH,ITH5,8,Emilia-Romagna,Emilia-Romagna,4459477,6230655,139.72,0.68
5634,2021-03-31,EMR,25306,11067,14239,19506,5474,326,0,ITH,ITH5,8,Emilia-Romagna,Emilia-Romagna,4459477,6255961,140.28,0.57
5635,2021-07-13,EMR,48508,24849,23659,6469,41348,691,0,ITH,ITH5,8,Emilia-Romagna,Emilia-Romagna,4459477,6304469,141.37,1.09
5636,2021-09-08,EMR,23533,12705,10828,5822,17077,634,0,ITH,ITH5,8,Emilia-Romagna,Emilia-Romagna,4459477,6328002,141.9,0.53
5637,2021-07-04,EMR,24277,12071,12206,10172,13612,493,0,ITH,ITH5,8,Emilia-Romagna,Emilia-Romagna,4459477,6352279,142.44,0.54
5638,2021-03-26,EMR,23745,10127,13618,17027,6442,276,0,ITH,ITH5,8,Emilia-Romagna,Emilia-Romagna,4459477,6376024,142.98,0.53
