,data,area,Vaccinazioni giornaliere,sesso_maschile,sesso_femminile,Operatori sanitari - sociosanitari,Personale non sanitario,categoria_altro,Ospiti RSA,categoria_over80,categoria_forze_armate,categoria_personale_scolastico,prima_dose,seconda_dose,codice_NUTS1,codice_NUTS2,codice_regione_ISTAT,nome_area,Regione,popolazione,Totale vaccinazioni,Totale vaccinazioni ogni cento ab,Vaccinazioni giornaliere ogni cento ab
0,2021-02-09,SAR,2286,837,1449,1308,408,71,497,1,0,1,1290,996,ITG,ITG2,20,Sardegna,Sardegna,1639591,2286,0.14,0.14
1,2021-04-13,SAR,6575,3114,3461,167,39,4901,45,1309,99,15,4821,1754,ITG,ITG2,20,Sardegna,Sardegna,1639591,8861,0.54,0.4
2,2021-03-31,SAR,9987,3989,5998,396,103,2932,228,4934,16,1378,7539,2448,ITG,ITG2,20,Sardegna,Sardegna,1639591,18848,1.15,0.61
3,2021-01-29,SAR,2951,1067,1884,2580,226,142,3,0,0,0,48,2903,ITG,ITG2,20,Sardegna,Sardegna,1639591,21799,1.33,0.18
4,2021-03-03,SAR,3745,2038,1707,1058,273,444,525,703,741,1,2607,1138,ITG,ITG2,20,Sardegna,Sardegna,1639591,25544,1.56,0.23
5,2021-01-09,SAR,4026,1417,2609,3182,602,242,0,0,0,0,4026,0,ITG,ITG2,20,Sardegna,Sardegna,1639591,29570,1.8,0.25
6,2021-02-23,SAR,1519,1010,509,602,191,328,89,8,301,0,1285,234,ITG,ITG2,20,Sardegna,Sardegna,1639591,31089,1.9,0.09
7,2021-01-07,SAR,3111,1077,2034,2720,311,69,0,0,11,0,3111,0,ITG,ITG2,20,Sardegna,Sardegna,1639591,34200,2.09,0.19
8,2020-12-28,SAR,65,25,40,65,0,0,0,0,0,0,65,0,ITG,ITG2,20,Sardegna,Sardegna,1639591,34265,2.09,0.0
9,2021-01-13,SAR,573,178,395,494,76,3,0,0,0,0,573,0,ITG,ITG2,20,Sardegna,Sardegna,1639591,34838,2.12,0.03
10,2021-03-21,SAR,4030,1809,2221,64,5,404,0,2880,102,575,2590,1440,ITG,ITG2,20,Sardegna,Sardegna,1639591,38868,2.37,0.25
11,2021-02-21,SAR,1589,710,879,67,25,10,59,1422,6,0,1559,30,ITG,ITG2,20,Sardegna,Sardegna,1639591,40457,2.47,0.1
12,2021-01-31,SAR,2121,750,1371,1544,128,448,0,1,0,0,48,2073,ITG,ITG2,20,Sardegna,Sardegna,1639591,42578,2.6,0.13
13,2021-02-28,SAR,368,169,199,245,69,7,47,0,0,0,142,226,ITG,ITG2,20,Sardegna,Sardegna,1639591,42946,2.62,0.02
14,2021-03-01,SAR,2160,1054,1106,1135,233,212,141,104,334,1,1501,659,ITG,ITG2,20,Sardegna,Sardegna,1639591,45106,2.75,0.13
15,2021-01-22,SAR,83,47,36,45,38,0,0,0,0,0,55,28,ITG,ITG2,20,Sardegna,Sardegna,1639591,45189,2.76,0.01
16,2021-02-26,SAR,2797,1107,1690,1224,509,561,221,203,74,5,2491,306,ITG,ITG2,20,Sardegna,Sardegna,1639591,47986,2.93,0.17
17,2021-03-29,SAR,4367,1538,2829,624,209,841,182,1012,88,1411,3781,586,ITG,ITG2,20,Sardegna,Sardegna,1639591,52353,3.19,0.27
18,2021-01-02,SAR,60,21,39,60,0,0,0,0,0,0,60,0,ITG,ITG2,20,Sardegna,Sardegna,1639591,52413,3.2,0.0
19,2021-03-09,SAR,5149,2371,2778,1056,368,528,285,2270,332,310,4419,730,ITG,ITG2,20,Sardegna,Sardegna,1639591,57562,3.51,0.31
20,2021-01-26,SAR,1336,453,883,1296,27,12,0,0,0,1,27,1309,ITG,ITG2,20,Sardegna,Sardegna,1639591,58898,3.59,0.08
21,2021-04-12,SAR,6446,2930,3516,86,49,4188,44,2040,28,11,4882,1564,ITG,ITG2,20,Sardegna,Sardegna,1639591,65344,3.99,0.39
22,2021-03-05,SAR,4963,2430,2533,1692,775,588,669,570,659,10,2675,2288,ITG,ITG2,20,Sardegna,Sardegna,1639591,70307,4.29,0.3
23,2021-03-06,SAR,2638,1079,1559,1108,543,393,467,12,79,36,857,1781,ITG,ITG2,20,Sardegna,Sardegna,1639591,72945,4.45,0.16
24,2021-02-17,SAR,1406,576,830,689,292,85,313,0,27,0,1332,74,ITG,ITG2,20,Sardegna,Sardegna,1639591,74351,4.53,0.09
25,2021-02-16,SAR,700,289,411,376,135,77,112,0,0,0,673,27,ITG,ITG2,20,Sardegna,Sardegna,1639591,75051,4.58,0.04
26,2021-03-11,SAR,6043,2737,3306,1011,419,663,417,2941,490,102,4823,1220,ITG,ITG2,20,Sardegna,Sardegna,1639591,81094,4.95,0.37
27,2021-03-18,SAR,7245,3062,4183,1078,241,1343,354,4154,12,63,5642,1603,ITG,ITG2,20,Sardegna,Sardegna,1639591,88339,5.39,0.44
28,2021-02-05,SAR,1897,749,1148,1214,420,95,164,1,3,0,433,1464,ITG,ITG2,20,Sardegna,Sardegna,1639591,90236,5.5,0.12
29,2021-03-15,SAR,2684,1215,1469,458,172,477,85,324,149,1019,2311,373,ITG,ITG2,20,Sardegna,Sardegna,1639591,92920,5.67,0.16
30,2021-01-16,SAR,1492,525,967,1282,165,44,0,0,0,1,1492,0,ITG,ITG2,20,Sardegna,Sardegna,1639591,94412,5.76,0.09
31,2021-02-24,SAR,2410,1292,1118,1193,311,303,301,3,299,0,2221,189,ITG,ITG2,20,Sardegna,Sardegna,1639591,96822,5.91,0.15
32,2021-03-10,SAR,6004,2915,3089,719,383,516,414,2980,657,335,5154,850,ITG,ITG2,20,Sardegna,Sardegna,1639591,102826,6.27,0.37
33,2021-03-17,SAR,6549,2848,3701,1077,452,1030,528,3330,4,128,4940,1609,ITG,ITG2,20,Sardegna,Sardegna,1639591,109375,6.67,0.4
34,2021-01-28,SAR,2968,1044,1924,2554,327,76,0,0,11,0,69,2899,ITG,ITG2,20,Sardegna,Sardegna,1639591,112343,6.85,0.18
35,2021-01-10,SAR,2183,750,1433,1632,228,323,0,0,0,0,2183,0,ITG,ITG2,20,Sardegna,Sardegna,1639591,114526,6.99,0.13
36,2021-03-14,SAR,606,376,230,34,1,235,0,251,73,12,606,0,ITG,ITG2,20,Sardegna,Sardegna,1639591,115132,7.02,0.04
37,2021-01-12,SAR,865,408,457,504,88,273,0,0,0,0,865,0,ITG,ITG2,20,Sardegna,Sardegna,1639591,115997,7.07,0.05
38,2021-01-14,SAR,1105,426,679,885,167,53,0,0,0,0,1105,0,ITG,ITG2,20,Sardegna,Sardegna,1639591,117102,7.14,0.07
39,2021-04-08,SAR,12548,5503,7045,714,123,6977,61,4352,34,287,7890,4658,ITG,ITG2,20,Sardegna,Sardegna,1639591,129650,7.91,0.77
40,2021-02-19,SAR,1495,470,1025,677,336,101,379,1,1,0,1439,56,ITG,ITG2,20,Sardegna,Sardegna,1639591,131145,8.0,0.09
41,2021-04-05,SAR,2030,781,1249,55,35,1086,0,144,16,694,2028,2,ITG,ITG2,20,Sardegna,Sardegna,1639591,133175,8.12,0.12
42,2021-01-23,SAR,60,22,38,60,0,0,0,0,0,0,0,60,ITG,ITG2,20,Sardegna,Sardegna,1639591,133235,8.13,0.0
43,2020-12-29,SAR,57,32,25,56,1,0,0,0,0,0,57,0,ITG,ITG2,20,Sardegna,Sardegna,1639591,133292,8.13,0.0
44,2021-03-16,SAR,4367,1945,2422,663,180,648,340,2528,0,8,3445,922,ITG,ITG2,20,Sardegna,Sardegna,1639591,137659,8.4,0.27
45,2021-03-26,SAR,7990,3133,4857,842,254,2082,413,2728,151,1520,6468,1522,ITG,ITG2,20,Sardegna,Sardegna,1639591,145649,8.88,0.49
46,2021-02-14,SAR,539,263,276,286,187,6,57,3,0,0,537,2,ITG,ITG2,20,Sardegna,Sardegna,1639591,146188,8.92,0.03
47,2021-02-11,SAR,1314,490,824,588,240,116,369,1,0,0,1203,111,ITG,ITG2,20,Sardegna,Sardegna,1639591,147502,9.0,0.08
48,2021-03-07,SAR,1657,750,907,323,227,15,78,1012,0,2,1117,540,ITG,ITG2,20,Sardegna,Sardegna,1639591,149159,9.1,0.1
49,2021-04-07,SAR,12299,5490,6809,673,260,5941,254,4800,21,350,7093,5206,ITG,ITG2,20,Sardegna,Sardegna,1639591,161458,9.85,0.75
50,2021-03-02,SAR,2763,1423,1340,1047,277,454,278,321,384,2,1712,1051,ITG,ITG2,20,Sardegna,Sardegna,1639591,164221,10.02,0.17
51,2021-02-10,SAR,1959,765,1194,1169,245,56,488,0,0,1,1441,518,ITG,ITG2,20,Sardegna,Sardegna,1639591,166180,10.14,0.12
52,2021-03-25,SAR,8327,3471,4856,815,152,1776,188,3583,251,1562,7023,1304,ITG,ITG2,20,Sardegna,Sardegna,1639591,174507,10.64,0.51
53,2021-02-20,SAR,2041,855,1186,484,128,29,195,1204,0,1,1707,334,ITG,ITG2,20,Sardegna,Sardegna,1639591,176548,10.77,0.12
54,2021-02-15,SAR,958,349,609,440,226,13,279,0,0,0,927,31,ITG,ITG2,20,Sardegna,Sardegna,1639591,177506,10.83,0.06
55,2021-03-20,SAR,5189,2073,3116,695,255,435,127,2717,105,855,2913,2276,ITG,ITG2,20,Sardegna,Sardegna,1639591,182695,11.14,0.32
56,2021-04-06,SAR,6928,2868,4060,656,79,3170,168,2369,31,455,4946,1982,ITG,ITG2,20,Sardegna,Sardegna,1639591,189623,11.57,0.42
57,2021-03-28,SAR,4499,1773,2726,83,19,487,21,3196,12,681,4420,79,ITG,ITG2,20,Sardegna,Sardegna,1639591,194122,11.84,0.27
58,2021-01-17,SAR,860,277,583,747,113,0,0,0,0,0,859,1,ITG,ITG2,20,Sardegna,Sardegna,1639591,194982,11.89,0.05
59,2021-03-19,SAR,7206,3005,4201,1315,444,1605,222,3420,190,10,4991,2215,ITG,ITG2,20,Sardegna,Sardegna,1639591,202188,12.33,0.44
60,2021-04-01,SAR,9739,3865,5874,455,135,3288,204,4325,81,1251,6757,2982,ITG,ITG2,20,Sardegna,Sardegna,1639591,211927,12.93,0.59
61,2021-01-08,SAR,3257,1184,2073,2929,230,98,0,0,0,0,3257,0,ITG,ITG2,20,Sardegna,Sardegna,1639591,215184,13.12,0.2
62,2021-04-04,SAR,40,16,24,0,0,3,0,37,0,0,39,1,ITG,ITG2,20,Sardegna,Sardegna,1639591,215224,13.13,0.0
63,2021-02-18,SAR,1877,732,1145,1073,301,61,298,1,33,110,1813,64,ITG,ITG2,20,Sardegna,Sardegna,1639591,217101,13.24,0.11
64,2021-03-13,SAR,2750,1072,1678,274,103,294,145,1759,43,132,2469,281,ITG,ITG2,20,Sardegna,Sardegna,1639591,219851,13.41,0.17
65,2021-03-27,SAR,5492,2078,3414,331,135,1014,203,2485,15,1309,5069,423,ITG,ITG2,20,Sardegna,Sardegna,1639591,225343,13.74,0.33
66,2021-02-27,SAR,1920,647,1273,1059,291,88,306,176,0,0,1365,555,ITG,ITG2,20,Sardegna,Sardegna,1639591,227263,13.86,0.12
67,2021-02-04,SAR,2271,816,1455,1737,307,56,170,1,0,0,916,1355,ITG,ITG2,20,Sardegna,Sardegna,1639591,229534,14.0,0.14
68,2021-03-12,SAR,5755,2408,3347,1048,482,768,456,2571,271,159,4447,1308,ITG,ITG2,20,Sardegna,Sardegna,1639591,235289,14.35,0.35
69,2021-01-04,SAR,591,217,374,565,15,11,0,0,0,0,591,0,ITG,ITG2,20,Sardegna,Sardegna,1639591,235880,14.39,0.04
70,2020-12-31,SAR,32,16,16,28,0,4,0,0,0,0,32,0,ITG,ITG2,20,Sardegna,Sardegna,1639591,235912,14.39,0.0
71,2021-02-01,SAR,1524,605,919,896,151,400,77,0,0,0,225,1299,ITG,ITG2,20,Sardegna,Sardegna,1639591,237436,14.48,0.09
72,2021-01-19,SAR,747,270,477,423,163,0,160,0,0,1,692,55,ITG,ITG2,20,Sardegna,Sardegna,1639591,238183,14.53,0.05
73,2021-02-07,SAR,1116,394,722,975,136,5,0,0,0,0,228,888,ITG,ITG2,20,Sardegna,Sardegna,1639591,239299,14.6,0.07
74,2021-01-18,SAR,904,326,578,714,173,17,0,0,0,0,780,124,ITG,ITG2,20,Sardegna,Sardegna,1639591,240203,14.65,0.06
75,2021-03-30,SAR,7697,3028,4669,630,224,2234,207,2928,29,1445,5755,1942,ITG,ITG2,20,Sardegna,Sardegna,1639591,247900,15.12,0.47
76,2021-01-03,SAR,90,36,54,89,1,0,0,0,0,0,90,0,ITG,ITG2,20,Sardegna,Sardegna,1639591,247990,15.13,0.01
77,2021-01-30,SAR,3862,1392,2470,2987,500,374,0,1,0,0,362,3500,ITG,ITG2,20,Sardegna,Sardegna,1639591,251852,15.36,0.24
78,2021-01-21,SAR,126,60,66,60,44,22,0,0,0,0,94,32,ITG,ITG2,20,Sardegna,Sardegna,1639591,251978,15.37,0.01
79,2021-02-03,SAR,1119,419,700,920,169,11,19,0,0,0,426,693,ITG,ITG2,20,Sardegna,Sardegna,1639591,253097,15.44,0.07
80,2021-03-22,SAR,3492,1322,2170,838,151,412,109,781,66,1135,2980,512,ITG,ITG2,20,Sardegna,Sardegna,1639591,256589,15.65,0.21
81,2021-04-10,SAR,9534,4309,5225,153,35,5832,6,3282,9,217,7875,1659,ITG,ITG2,20,Sardegna,Sardegna,1639591,266123,16.23,0.58
82,2021-04-02,SAR,8602,3365,5237,524,199,2524,164,3859,31,1301,5714,2888,ITG,ITG2,20,Sardegna,Sardegna,1639591,274725,16.76,0.52
83,2021-01-24,SAR,90,34,56,89,0,1,0,0,0,0,5,85,ITG,ITG2,20,Sardegna,Sardegna,1639591,274815,16.76,0.01
84,2021-02-06,SAR,1970,697,1273,1544,237,49,139,0,0,1,569,1401,ITG,ITG2,20,Sardegna,Sardegna,1639591,276785,16.88,0.12
85,2021-03-24,SAR,7019,2878,4141,738,159,1514,390,2975,184,1059,5659,1360,ITG,ITG2,20,Sardegna,Sardegna,1639591,283804,17.31,0.43
86,2021-02-13,SAR,1454,563,891,732,400,63,254,0,0,5,1452,2,ITG,ITG2,20,Sardegna,Sardegna,1639591,285258,17.4,0.09
87,2021-02-08,SAR,1470,533,937,998,315,30,126,1,0,0,856,614,ITG,ITG2,20,Sardegna,Sardegna,1639591,286728,17.49,0.09
88,2021-03-04,SAR,3950,1923,2027,955,306,553,525,1095,474,42,2747,1203,ITG,ITG2,20,Sardegna,Sardegna,1639591,290678,17.73,0.24
89,2021-01-01,SAR,30,16,14,30,0,0,0,0,0,0,30,0,ITG,ITG2,20,Sardegna,Sardegna,1639591,290708,17.73,0.0
90,2021-02-22,SAR,1637,948,689,606,239,170,180,2,440,0,1409,228,ITG,ITG2,20,Sardegna,Sardegna,1639591,292345,17.83,0.1
91,2021-03-08,SAR,4001,1785,2216,740,492,669,650,853,444,153,2782,1219,ITG,ITG2,20,Sardegna,Sardegna,1639591,296346,18.07,0.24
92,2021-01-11,SAR,1183,505,678,656,139,387,0,1,0,0,1183,0,ITG,ITG2,20,Sardegna,Sardegna,1639591,297529,18.15,0.07
93,2021-01-25,SAR,588,212,376,553,29,6,0,0,0,0,22,566,ITG,ITG2,20,Sardegna,Sardegna,1639591,298117,18.18,0.04
94,2021-04-09,SAR,11590,5124,6466,435,75,6323,39,4522,33,163,7544,4046,ITG,ITG2,20,Sardegna,Sardegna,1639591,309707,18.89,0.71
95,2021-02-12,SAR,2237,933,1304,986,660,89,501,1,0,0,2178,59,ITG,ITG2,20,Sardegna,Sardegna,1639591,311944,19.03,0.14
96,2021-04-11,SAR,5322,2408,2914,62,7,3380,0,1845,8,20,4202,1120,ITG,ITG2,20,Sardegna,Sardegna,1639591,317266,19.35,0.32
97,2021-01-15,SAR,1563,573,990,1170,338,52,0,0,3,0,1563,0,ITG,ITG2,20,Sardegna,Sardegna,1639591,318829,19.45,0.1
98,2021-02-02,SAR,1482,655,827,988,187,307,0,0,0,0,241,1241,ITG,ITG2,20,Sardegna,Sardegna,1639591,320311,19.54,0.09
99,2021-01-20,SAR,210,77,133,154,56,0,0,0,0,0,208,2,ITG,ITG2,20,Sardegna,Sardegna,1639591,320521,19.55,0.01
100,2021-03-23,SAR,6078,2584,3494,1108,209,976,260,2295,90,1140,5000,1078,ITG,ITG2,20,Sardegna,Sardegna,1639591,326599,19.92,0.37
101,2021-01-05,SAR,1327,446,881,1283,33,11,0,0,0,0,1327,0,ITG,ITG2,20,Sardegna,Sardegna,1639591,327926,20.0,0.08
102,2021-04-03,SAR,4244,1633,2611,181,174,937,61,2450,17,424,2523,1721,ITG,ITG2,20,Sardegna,Sardegna,1639591,332170,20.26,0.26
103,2020-12-27,SAR,65,34,31,65,0,0,0,0,0,0,65,0,ITG,ITG2,20,Sardegna,Sardegna,1639591,332235,20.26,0.0
104,2021-02-25,SAR,2899,1255,1644,1474,348,390,466,161,51,9,2294,605,ITG,ITG2,20,Sardegna,Sardegna,1639591,335134,20.44,0.18
105,2021-01-06,SAR,1615,549,1066,1510,67,38,0,0,0,0,1615,0,ITG,ITG2,20,Sardegna,Sardegna,1639591,336749,20.54,0.1
106,2021-01-27,SAR,1408,494,914,1303,75,30,0,0,0,0,79,1329,ITG,ITG2,20,Sardegna,Sardegna,1639591,338157,20.62,0.09
107,2021-01-31,EMR,7696,2761,4935,6174,806,453,263,0,0,0,242,7454,ITH,ITH5,8,Emilia-Romagna,Emilia-Romagna,4459477,7696,0.17,0.17
108,2021-04-13,EMR,20869,9756,11113,367,93,14538,94,5698,34,45,17121,3748,ITH,ITH5,8,Emilia-Romagna,Emilia-Romagna,4459477,28565,0.64,0.47
109,2021-03-17,EMR,13672,5678,7994,358,117,1305,69,11803,1,19,5854,7818,ITH,ITH5,8,Emilia-Romagna,Emilia-Romagna,4459477,42237,0.95,0.31
110,2021-02-02,EMR,9458,3038,6420,6235,730,762,1631,99,0,1,517,8941,ITH,ITH5,8,Emilia-Romagna,Emilia-Romagna,4459477,51695,1.16,0.21
111,2021-01-06,EMR,8261,2941,5320,6851,169,592,648,0,1,0,8261,0,ITH,ITH5,8,Emilia-Romagna,Emilia-Romagna,4459477,59956,1.34,0.19
112,2021-03-14,EMR,8686,3741,4945,727,175,932,69,5495,362,926,4893,3793,ITH,ITH5,8,Emilia-Romagna,Emilia-Romagna,4459477,68642,1.54,0.19
113,2021-04-03,EMR,19886,8742,11144,371,73,10177,33,8741,65,426,16158,3728,ITH,ITH5,8,Emilia-Romagna,Emilia-Romagna,4459477,88528,1.99,0.45
114,2021-02-25,EMR,9212,3491,5721,796,141,389,156,7635,0,95,8257,955,ITH,ITH5,8,Emilia-Romagna,Emilia-Romagna,4459477,97740,2.19,0.21
115,2021-03-05,EMR,17591,5724,11867,3074,621,877,254,6296,531,5938,14182,3409,ITH,ITH5,8,Emilia-Romagna,Emilia-Romagna,4459477,115331,2.59,0.39
116,2021-01-30,EMR,10067,3516,6551,7564,715,993,795,0,0,0,142,9925,ITH,ITH5,8,Emilia-Romagna,Emilia-Romagna,4459477,125398,2.81,0.23
117,2021-01-17,EMR,2890,887,2003,1914,278,147,547,0,0,4,2644,246,ITH,ITH5,8,Emilia-Romagna,Emilia-Romagna,4459477,128288,2.88,0.06
118,2020-12-31,EMR,2205,777,1428,1676,30,171,328,0,0,0,2205,0,ITH,ITH5,8,Emilia-Romagna,Emilia-Romagna,4459477,130493,2.93,0.05
119,2021-04-12,EMR,17864,8336,9528,415,131,10525,203,6461,67,62,13670,4194,ITH,ITH5,8,Emilia-Romagna,Emilia-Romagna,4459477,148357,3.33,0.4
120,2021-01-26,EMR,8327,3000,5327,6602,228,465,1032,0,0,0,215,8112,ITH,ITH5,8,Emilia-Romagna,Emilia-Romagna,4459477,156684,3.51,0.19
121,2021-03-10,EMR,18648,7636,11012,1313,218,1116,124,9934,1414,4529,13012,5636,ITH,ITH5,8,Emilia-Romagna,Emilia-Romagna,4459477,175332,3.93,0.42
122,2021-03-06,EMR,20490,5859,14631,2710,282,728,41,5867,517,10345,17769,2721,ITH,ITH5,8,Emilia-Romagna,Emilia-Romagna,4459477,195822,4.39,0.46
123,2021-04-04,EMR,9863,4706,5157,186,87,4965,0,4517,51,57,7595,2268,ITH,ITH5,8,Emilia-Romagna,Emilia-Romagna,4459477,205685,4.61,0.22
124,2021-01-11,EMR,9323,3266,6057,6574,641,841,1267,0,0,0,9323,0,ITH,ITH5,8,Emilia-Romagna,Emilia-Romagna,4459477,215008,4.82,0.21
125,2021-01-25,EMR,6416,2129,4287,5235,124,379,678,0,0,0,202,6214,ITH,ITH5,8,Emilia-Romagna,Emilia-Romagna,4459477,221424,4.97,0.14
126,2021-03-19,EMR,15231,6618,8613,1121,291,2381,116,10386,600,336,7474,7757,ITH,ITH5,8,Emilia-Romagna,Emilia-Romagna,4459477,236655,5.31,0.34
127,2021-02-07,EMR,4786,1534,3252,3685,384,260,444,10,0,3,1727,3059,ITH,ITH5,8,Emilia-Romagna,Emilia-Romagna,4459477,241441,5.41,0.11
128,2021-02-04,EMR,9921,3198,6723,6431,824,864,1674,128,0,0,1250,8671,ITH,ITH5,8,Emilia-Romagna,Emilia-Romagna,4459477,251362,5.64,0.22
129,2021-03-21,EMR,11893,5257,6636,566,320,3751,106,6093,470,587,7290,4603,ITH,ITH5,8,Emilia-Romagna,Emilia-Romagna,4459477,263255,5.9,0.27
130,2021-01-13,EMR,9065,2939,6126,6008,435,877,1744,0,0,1,9065,0,ITH,ITH5,8,Emilia-Romagna,Emilia-Romagna,4459477,272320,6.11,0.2
131,2021-03-16,EMR,12200,5002,7198,417,72,767,101,10711,9,123,4931,7269,ITH,ITH5,8,Emilia-Romagna,Emilia-Romagna,4459477,284520,6.38,0.27
132,2021-01-22,EMR,1828,477,1351,942,25,139,722,0,0,0,1088,740,ITH,ITH5,8,Emilia-Romagna,Emilia-Romagna,4459477,286348,6.42,0.04
133,2021-04-11,EMR,14332,6469,7863,401,92,6910,104,6715,51,59,11370,2962,ITH,ITH5,8,Emilia-Romagna,Emilia-Romagna,4459477,300680,6.74,0.32
134,2021-01-21,EMR,2154,726,1428,1285,97,119,653,0,0,0,809,1345,ITH,ITH5,8,Emilia-Romagna,Emilia-Romagna,4459477,302834,6.79,0.05
135,2021-03-28,EMR,12545,5583,6962,278,74,6834,47,4803,183,326,9057,3488,ITH,ITH5,8,Emilia-Romagna,Emilia-Romagna,4459477,315379,7.07,0.28
136,2021-03-20,EMR,16017,6793,9224,700,327,4255,93,9278,533,831,9086,6931,ITH,ITH5,8,Emilia-Romagna,Emilia-Romagna,4459477,331396,7.43,0.36
137,2021-04-06,EMR,24423,11016,13407,636,112,12531,138,10555,49,402,19751,4672,ITH,ITH5,8,Emilia-Romagna,Emilia-Romagna,4459477,355819,7.98,0.55
138,2021-03-15,EMR,13119,6010,7109,797,202,1341,169,9104,977,529,6674,6445,ITH,ITH5,8,Emilia-Romagna,Emilia-Romagna,4459477,368938,8.27,0.29
139,2021-03-29,EMR,21034,9375,11659,688,148,10171,114,9217,93,603,16432,4602,ITH,ITH5,8,Emilia-Romagna,Emilia-Romagna,4459477,389972,8.74,0.47
140,2021-04-09,EMR,24792,11216,13576,1334,165,12155,125,10528,54,431,19362,5430,ITH,ITH5,8,Emilia-Romagna,Emilia-Romagna,4459477,414764,9.3,0.56
141,2021-03-08,EMR,11981,4948,7033,2301,407,849,299,4299,1488,2338,9315,2666,ITH,ITH5,8,Emilia-Romagna,Emilia-Romagna,4459477,426745,9.57,0.27
142,2021-01-15,EMR,7700,2393,5307,5298,438,646,1317,0,0,1,7700,0,ITH,ITH5,8,Emilia-Romagna,Emilia-Romagna,4459477,434445,9.74,0.17
143,2021-03-30,EMR,23209,10266,12943,862,181,10106,159,10641,85,1175,18174,5035,ITH,ITH5,8,Emilia-Romagna,Emilia-Romagna,4459477,457654,10.26,0.52
144,2021-01-29,EMR,10400,3493,6907,8103,393,848,1056,0,0,0,290,10110,ITH,ITH5,8,Emilia-Romagna,Emilia-Romagna,4459477,468054,10.5,0.23
145,2021-03-23,EMR,18633,8036,10597,1123,283,6178,195,9200,304,1350,11949,6684,ITH,ITH5,8,Emilia-Romagna,Emilia-Romagna,4459477,486687,10.91,0.42
146,2021-03-04,EMR,16381,5333,11048,2609,476,738,239,6372,511,5436,13381,3000,ITH,ITH5,8,Emilia-Romagna,Emilia-Romagna,4459477,503068,11.28,0.37
147,2021-03-22,EMR,17384,7606,9778,1130,319,5354,123,9500,358,600,10523,6861,ITH,ITH5,8,Emilia-Romagna,Emilia-Romagna,4459477,520452,11.67,0.39
148,2021-04-02,EMR,23150,10416,12734,712,157,12530,103,8632,84,932,18697,4453,ITH,ITH5,8,Emilia-Romagna,Emilia-Romagna,4459477,543602,12.19,0.52
149,2021-01-24,EMR,2442,884,1558,2079,51,63,249,0,0,0,299,2143,ITH,ITH5,8,Emilia-Romagna,Emilia-Romagna,4459477,546044,12.24,0.05
150,2021-03-01,EMR,10045,3567,6478,1823,280,359,431,5588,311,1253,7800,2245,ITH,ITH5,8,Emilia-Romagna,Emilia-Romagna,4459477,556089,12.47,0.23
151,2021-02-12,EMR,5311,1676,3635,3393,458,451,704,305,0,0,3909,1402,ITH,ITH5,8,Emilia-Romagna,Emilia-Romagna,4459477,561400,12.59,0.12
152,2021-02-19,EMR,7314,3009,4305,820,198,182,257,5857,0,0,6801,513,ITH,ITH5,8,Emilia-Romagna,Emilia-Romagna,4459477,568714,12.75,0.16
153,2021-04-05,EMR,14621,6712,7909,280,36,6570,4,7464,24,243,11739,2882,ITH,ITH5,8,Emilia-Romagna,Emilia-Romagna,4459477,583335,13.08,0.33
154,2021-04-10,EMR,19780,8723,11057,506,156,10028,87,8798,16,189,15774,4006,ITH,ITH5,8,Emilia-Romagna,Emilia-Romagna,4459477,603115,13.52,0.44
155,2021-03-24,EMR,20873,9220,11653,1213,270,6846,118,10519,234,1673,13532,7341,ITH,ITH5,8,Emilia-Romagna,Emilia-Romagna,4459477,623988,13.99,0.47
156,2021-02-21,EMR,4424,1700,2724,394,98,187,190,3555,0,0,3984,440,ITH,ITH5,8,Emilia-Romagna,Emilia-Romagna,4459477,628412,14.09,0.1
157,2021-02-13,EMR,3616,1082,2534,2782,239,255,144,196,0,0,3018,598,ITH,ITH5,8,Emilia-Romagna,Emilia-Romagna,4459477,632028,14.17,0.08
158,2021-02-08,EMR,5220,1527,3693,2840,379,316,1478,206,0,1,2313,2907,ITH,ITH5,8,Emilia-Romagna,Emilia-Romagna,4459477,637248,14.29,0.12
159,2021-04-08,EMR,29096,13217,15879,2459,376,14863,168,10870,60,300,23934,5162,ITH,ITH5,8,Emilia-Romagna,Emilia-Romagna,4459477,666344,14.94,0.65
160,2021-01-12,EMR,9317,3086,6231,6352,593,741,1631,0,0,0,9317,0,ITH,ITH5,8,Emilia-Romagna,Emilia-Romagna,4459477,675661,15.15,0.21
161,2021-01-10,EMR,7127,2663,4464,5644,652,325,499,6,0,1,7127,0,ITH,ITH5,8,Emilia-Romagna,Emilia-Romagna,4459477,682788,15.31,0.16
162,2021-02-17,EMR,6535,2764,3771,803,206,1072,404,4050,0,0,5762,773,ITH,ITH5,8,Emilia-Romagna,Emilia-Romagna,4459477,689323,15.46,0.15
163,2021-02-16,EMR,5732,2430,3302,742,241,668,437,3642,2,0,5202,530,ITH,ITH5,8,Emilia-Romagna,Emilia-Romagna,4459477,695055,15.59,0.13
164,2021-02-18,EMR,7039,2892,4147,894,136,396,236,5377,0,0,6456,583,ITH,ITH5,8,Emilia-Romagna,Emilia-Romagna,4459477,702094,15.74,0.16
165,2021-03-31,EMR,24870,10834,14036,1163,185,9775,119,12255,88,1285,19457,5413,ITH,ITH5,8,Emilia-Romagna,Emilia-Romagna,4459477,726964,16.3,0.56
166,2021-01-08,EMR,10812,3558,7254,8457,423,851,1081,0,0,0,10812,0,ITH,ITH5,8,Emilia-Romagna,Emilia-Romagna,4459477,737776,16.54,0.24
167,2021-02-24,EMR,9295,3544,5751,648,88,495,228,7773,0,63,8419,876,ITH,ITH5,8,Emilia-Romagna,Emilia-Romagna,4459477,747071,16.75,0.21
168,2021-02-27,EMR,10948,3990,6958,1722,177,321,114,7674,0,940,9216,1732,ITH,ITH5,8,Emilia-Romagna,Emilia-Romagna,4459477,758019,17.0,0.25
169,2021-01-09,EMR,9873,3424,6449,7824,555,614,880,0,0,0,9873,0,ITH,ITH5,8,Emilia-Romagna,Emilia-Romagna,4459477,767892,17.22,0.22
170,2021-01-20,EMR,1321,269,1052,391,111,32,787,0,0,0,1320,1,ITH,ITH5,8,Emilia-Romagna,Emilia-Romagna,4459477,769213,17.25,0.03
171,2021-01-02,EMR,2348,904,1444,2072,1,78,197,0,0,0,2348,0,ITH,ITH5,8,Emilia-Romagna,Emilia-Romagna,4459477,771561,17.3,0.05
172,2020-12-27,EMR,969,372,597,825,1,117,26,0,0,0,969,0,ITH,ITH5,8,Emilia-Romagna,Emilia-Romagna,4459477,772530,17.32,0.02
173,2021-01-05,EMR,9321,3162,6159,7924,279,354,764,0,0,0,9321,0,ITH,ITH5,8,Emilia-Romagna,Emilia-Romagna,4459477,781851,17.53,0.21
174,2021-03-11,EMR,17189,7106,10083,1133,296,1533,277,8823,1312,3815,11338,5851,ITH,ITH5,8,Emilia-Romagna,Emilia-Romagna,4459477,799040,17.92,0.39
175,2021-03-18,EMR,13615,5784,7831,448,120,2116,76,10803,3,49,5619,7996,ITH,ITH5,8,Emilia-Romagna,Emilia-Romagna,4459477,812655,18.22,0.31
176,2021-01-07,EMR,10210,3383,6827,8182,287,673,1068,0,0,0,10210,0,ITH,ITH5,8,Emilia-Romagna,Emilia-Romagna,4459477,822865,18.45,0.23
177,2021-02-23,EMR,8211,3217,4994,408,91,238,113,7360,0,1,7825,386,ITH,ITH5,8,Emilia-Romagna,Emilia-Romagna,4459477,831076,18.64,0.18
178,2021-04-07,EMR,25088,11351,13737,648,112,11078,138,12729,24,359,19177,5911,ITH,ITH5,8,Emilia-Romagna,Emilia-Romagna,4459477,856164,19.2,0.56
179,2021-01-28,EMR,10232,3333,6899,8071,296,742,1123,0,0,0,352,9880,ITH,ITH5,8,Emilia-Romagna,Emilia-Romagna,4459477,866396,19.43,0.23
180,2021-03-03,EMR,15749,5224,10525,2529,352,768,141,6810,340,4809,13292,2457,ITH,ITH5,8,Emilia-Romagna,Emilia-Romagna,4459477,882145,19.78,0.35
181,2021-03-07,EMR,6651,2511,4140,1455,322,525,22,2564,514,1249,5134,1517,ITH,ITH5,8,Emilia-Romagna,Emilia-Romagna,4459477,888796,19.93,0.15
182,2021-03-13,EMR,16036,6296,9740,1249,161,1290,75,8243,1028,3990,10726,5310,ITH,ITH5,8,Emilia-Romagna,Emilia-Romagna,4459477,904832,20.29,0.36
183,2021-01-23,EMR,2446,870,1576,1902,4,110,430,0,0,0,443,2003,ITH,ITH5,8,Emilia-Romagna,Emilia-Romagna,4459477,907278,20.34,0.05
184,2021-03-02,EMR,11728,3869,7859,1956,336,471,224,5322,373,3046,9730,1998,ITH,ITH5,8,Emilia-Romagna,Emilia-Romagna,4459477,919006,20.61,0.26
185,2021-01-14,EMR,8088,2573,5515,5394,497,591,1605,0,1,0,8088,0,ITH,ITH5,8,Emilia-Romagna,Emilia-Romagna,4459477,927094,20.79,0.18
186,2021-02-11,EMR,4245,1414,2831,2529,350,300,719,345,0,2,3406,839,ITH,ITH5,8,Emilia-Romagna,Emilia-Romagna,4459477,931339,20.88,0.1
187,2021-03-25,EMR,21276,9304,11972,1101,246,7296,162,9843,557,2071,14311,6965,ITH,ITH5,8,Emilia-Romagna,Emilia-Romagna,4459477,952615,21.36,0.48
188,2021-02-20,EMR,5298,2087,3211,408,95,145,155,4495,0,0,5034,264,ITH,ITH5,8,Emilia-Romagna,Emilia-Romagna,4459477,957913,21.48,0.12
189,2021-02-15,EMR,2893,845,2048,1981,325,141,157,289,0,0,2767,126,ITH,ITH5,8,Emilia-Romagna,Emilia-Romagna,4459477,960806,21.55,0.06
190,2021-03-27,EMR,21489,8996,12493,748,233,8492,42,9488,149,2337,14598,6891,ITH,ITH5,8,Emilia-Romagna,Emilia-Romagna,4459477,982295,22.03,0.48
191,2021-03-09,EMR,14579,5929,8650,1023,240,790,180,7584,1197,3565,10628,3951,ITH,ITH5,8,Emilia-Romagna,Emilia-Romagna,4459477,996874,22.35,0.33
192,2021-02-06,EMR,7539,2386,5153,5362,480,466,1181,50,0,0,2123,5416,ITH,ITH5,8,Emilia-Romagna,Emilia-Romagna,4459477,1004413,22.52,0.17
193,2021-02-26,EMR,7778,2953,4825,1055,312,375,243,5481,0,312,6733,1045,ITH,ITH5,8,Emilia-Romagna,Emilia-Romagna,4459477,1012191,22.7,0.17
194,2021-02-05,EMR,9305,2963,6342,6212,628,659,1609,196,0,1,1635,7670,ITH,ITH5,8,Emilia-Romagna,Emilia-Romagna,4459477,1021496,22.91,0.21
195,2021-02-03,EMR,9292,2983,6309,6229,701,640,1617,105,0,0,973,8319,ITH,ITH5,8,Emilia-Romagna,Emilia-Romagna,4459477,1030788,23.11,0.21
196,2021-01-16,EMR,5591,1717,3874,3686,347,446,1108,0,3,1,5591,0,ITH,ITH5,8,Emilia-Romagna,Emilia-Romagna,4459477,1036379,23.24,0.13
197,2021-03-12,EMR,18056,7521,10535,1583,366,1579,301,9863,1340,3024,11341,6715,ITH,ITH5,8,Emilia-Romagna,Emilia-Romagna,4459477,1054435,23.64,0.4
198,2021-04-01,EMR,23687,10661,13026,1008,117,10318,113,11075,66,990,19224,4463,ITH,ITH5,8,Emilia-Romagna,Emilia-Romagna,4459477,1078122,24.18,0.53
199,2021-01-19,EMR,2033,500,1533,745,84,51,1153,0,0,0,2016,17,ITH,ITH5,8,Emilia-Romagna,Emilia-Romagna,4459477,1080155,24.22,0.05
200,2021-01-18,EMR,3126,879,2247,1681,102,214,1129,0,0,0,2449,677,ITH,ITH5,8,Emilia-Romagna,Emilia-Romagna,4459477,1083281,24.29,0.07
201,2021-01-03,EMR,2752,940,1812,2502,12,68,170,0,0,0,2752,0,ITH,ITH5,8,Emilia-Romagna,Emilia-Romagna,4459477,1086033,24.35,0.06
202,2021-02-14,EMR,1400,378,1022,859,338,145,39,19,0,0,1280,120,ITH,ITH5,8,Emilia-Romagna,Emilia-Romagna,4459477,1087433,24.38,0.03
203,2021-02-28,EMR,6821,2526,4295,1773,223,236,53,4228,4,304,4977,1844,ITH,ITH5,8,Emilia-Romagna,Emilia-Romagna,4459477,1094254,24.54,0.15
204,2021-03-26,EMR,23314,9864,13450,1412,325,9308,207,9298,142,2622,16903,6411,ITH,ITH5,8,Emilia-Romagna,Emilia-Romagna,4459477,1117568,25.06,0.52
205,2021-02-09,EMR,4149,1244,2905,2218,226,241,1198,266,0,0,2304,1845,ITH,ITH5,8,Emilia-Romagna,Emilia-Romagna,4459477,1121717,25.15,0.09
206,2021-02-22,EMR,7479,3090,4389,388,98,134,129,6730,0,0,7204,275,ITH,ITH5,8,Emilia-Romagna,Emilia-Romagna,4459477,1129196,25.32,0.17
207,2021-02-01,EMR,10295,3598,6697,7452,787,797,1259,0,0,0,366,9929,ITH,ITH5,8,Emilia-Romagna,Emilia-Romagna,4459477,1139491,25.55,0.23
208,2021-02-10,EMR,3995,1375,2620,2388,222,360,769,256,0,0,2755,1240,ITH,ITH5,8,Emilia-Romagna,Emilia-Romagna,4459477,1143486,25.64,0.09
209,2021-01-27,EMR,8354,2944,5410,6902,225,554,672,0,1,0,464,7890,ITH,ITH5,8,Emilia-Romagna,Emilia-Romagna,4459477,1151840,25.83,0.19
210,2021-01-04,EMR,7260,2511,4749,6167,123,393,577,0,0,0,7260,0,ITH,ITH5,8,Emilia-Romagna,Emilia-Romagna,4459477,1159100,25.99,0.16
211,2021-03-05,CAL,6171,3565,2606,696,33,1557,710,1856,1314,5,5595,576,ITF,ITF6,18,Calabria,Calabria,1947131,6171,0.32,0.32
212,2021-02-28,CAL,2168,983,1185,113,8,144,190,1707,6,0,2017,151,ITF,ITF6,18,Calabria,Calabria,1947131,8339,0.43,0.11
213,2020-12-27,CAL,275,150,125,274,0,1,0,0,0,0,275,0,ITF,ITF6,18,Calabria,Calabria,1947131,8614,0.44,0.01
214,2021-03-18,CAL,4244,1979,2265,359,49,1319,232,2196,44,45,2275,1969,ITF,ITF6,18,Calabria,Calabria,1947131,12858,0.66,0.22
215,2021-03-19,CAL,4185,1947,2238,486,5,1326,293,1965,8,102,1899,2286,ITF,ITF6,18,Calabria,Calabria,1947131,17043,0.88,0.21
216,2021-03-08,CAL,5322,2821,2501,708,25,1793,453,1517,823,3,4264,1058,ITF,ITF6,18,Calabria,Calabria,1947131,22365,1.15,0.27
217,2021-01-29,CAL,2048,984,1064,1752,4,243,49,0,0,0,234,1814,ITF,ITF6,18,Calabria,Calabria,1947131,24413,1.25,0.11
218,2021-04-04,CAL,1735,875,860,34,0,1110,22,502,0,67,1236,499,ITF,ITF6,18,Calabria,Calabria,1947131,26148,1.34,0.09
219,2021-02-25,CAL,2821,1519,1302,736,49,587,234,863,348,4,2242,579,ITF,ITF6,18,Calabria,Calabria,1947131,28969,1.49,0.14
220,2021-03-16,CAL,3777,1850,1927,460,5,1121,22,2081,58,30,2179,1598,ITF,ITF6,18,Calabria,Calabria,1947131,32746,1.68,0.19
221,2021-01-30,CAL,2173,1147,1026,1974,0,199,0,0,0,0,358,1815,ITF,ITF6,18,Calabria,Calabria,1947131,34919,1.79,0.11
222,2021-01-12,CAL,2058,1017,1041,1706,0,323,29,0,0,0,2058,0,ITF,ITF6,18,Calabria,Calabria,1947131,36977,1.9,0.11
223,2021-04-02,CAL,8078,3689,4389,361,21,3085,597,2764,96,1154,4215,3863,ITF,ITF6,18,Calabria,Calabria,1947131,45055,2.31,0.41
224,2021-01-09,CAL,1916,1036,880,1529,0,387,0,0,0,0,1916,0,ITF,ITF6,18,Calabria,Calabria,1947131,46971,2.41,0.1
225,2021-01-21,CAL,958,444,514,735,1,107,115,0,0,0,929,29,ITF,ITF6,18,Calabria,Calabria,1947131,47929,2.46,0.05
226,2021-03-14,CAL,2543,1018,1525,322,2,374,312,802,9,722,2143,400,ITF,ITF6,18,Calabria,Calabria,1947131,50472,2.59,0.13
227,2021-01-27,CAL,1457,734,723,1226,2,206,23,0,0,0,396,1061,ITF,ITF6,18,Calabria,Calabria,1947131,51929,2.67,0.07
228,2021-03-31,CAL,8823,4006,4817,378,10,3174,629,2513,68,2051,4883,3940,ITF,ITF6,18,Calabria,Calabria,1947131,60752,3.12,0.45
229,2021-02-08,CAL,1847,733,1114,1214,158,354,121,0,0,0,661,1186,ITF,ITF6,18,Calabria,Calabria,1947131,62599,3.21,0.09
230,2021-02-11,CAL,2341,1043,1298,1464,71,565,241,0,0,0,1081,1260,ITF,ITF6,18,Calabria,Calabria,1947131,64940,3.34,0.12
231,2021-02-09,CAL,2147,904,1243,1422,220,274,231,0,0,0,948,1199,ITF,ITF6,18,Calabria,Calabria,1947131,67087,3.45,0.11
232,2021-04-11,CAL,963,404,559,50,0,517,14,308,0,74,651,312,ITF,ITF6,18,Calabria,Calabria,1947131,68050,3.49,0.05
233,2021-03-04,CAL,5389,3111,2278,646,105,1312,731,1540,1053,2,4593,796,ITF,ITF6,18,Calabria,Calabria,1947131,73439,3.77,0.28
234,2021-01-31,CAL,1108,554,554,765,1,284,58,0,0,0,155,953,ITF,ITF6,18,Calabria,Calabria,1947131,74547,3.83,0.06
235,2021-03-28,CAL,2534,1172,1362,127,20,1216,26,719,14,412,1404,1130,ITF,ITF6,18,Calabria,Calabria,1947131,77081,3.96,0.13
236,2021-03-20,CAL,6481,2982,3499,432,7,1582,398,3562,34,466,4093,2388,ITF,ITF6,18,Calabria,Calabria,1947131,83562,4.29,0.33
237,2021-02-24,CAL,1843,940,903,658,7,359,115,653,47,4,1368,475,ITF,ITF6,18,Calabria,Calabria,1947131,85405,4.39,0.09
238,2021-01-22,CAL,656,274,382,298,4,244,110,0,0,0,654,2,ITF,ITF6,18,Calabria,Calabria,1947131,86061,4.42,0.03
239,2021-03-07,CAL,3131,1561,1570,105,0,655,348,1674,347,2,3042,89,ITF,ITF6,18,Calabria,Calabria,1947131,89192,4.58,0.16
240,2021-02-06,CAL,2910,1338,1572,2095,30,537,248,0,0,0,442,2468,ITF,ITF6,18,Calabria,Calabria,1947131,92102,4.73,0.15
241,2021-02-21,CAL,608,286,322,36,28,136,47,331,30,0,531,77,ITF,ITF6,18,Calabria,Calabria,1947131,92710,4.76,0.03
242,2021-02-16,CAL,1534,643,891,659,11,506,240,118,0,0,1255,279,ITF,ITF6,18,Calabria,Calabria,1947131,94244,4.84,0.08
243,2021-03-02,CAL,4136,2395,1741,705,58,677,427,1390,877,2,3427,709,ITF,ITF6,18,Calabria,Calabria,1947131,98380,5.05,0.21
244,2021-01-04,CAL,996,492,504,969,0,27,0,0,0,0,996,0,ITF,ITF6,18,Calabria,Calabria,1947131,99376,5.1,0.05
245,2021-02-02,CAL,2289,1112,1177,1863,4,347,75,0,0,0,177,2112,ITF,ITF6,18,Calabria,Calabria,1947131,101665,5.22,0.12
246,2021-01-14,CAL,2557,1214,1343,1962,0,592,3,0,0,0,2557,0,ITF,ITF6,18,Calabria,Calabria,1947131,104222,5.35,0.13
247,2021-04-09,CAL,7819,3664,4155,342,23,4647,407,2071,23,306,4906,2913,ITF,ITF6,18,Calabria,Calabria,1947131,112041,5.75,0.4
248,2021-01-07,CAL,2180,1061,1119,1883,0,297,0,0,0,0,2180,0,ITF,ITF6,18,Calabria,Calabria,1947131,114221,5.87,0.11
249,2021-03-21,CAL,4364,1883,2481,135,0,1128,200,2127,29,745,2662,1702,ITF,ITF6,18,Calabria,Calabria,1947131,118585,6.09,0.22
250,2021-04-05,CAL,3445,1627,1818,133,3,1835,148,1181,11,134,2544,901,ITF,ITF6,18,Calabria,Calabria,1947131,122030,6.27,0.18
251,2021-03-15,CAL,3470,1658,1812,542,38,890,136,1113,164,587,2041,1429,ITF,ITF6,18,Calabria,Calabria,1947131,125500,6.45,0.18
252,2021-01-10,CAL,929,524,405,830,0,99,0,0,0,0,929,0,ITF,ITF6,18,Calabria,Calabria,1947131,126429,6.49,0.05
253,2021-02-07,CAL,860,428,432,567,15,197,81,0,0,0,147,713,ITF,ITF6,18,Calabria,Calabria,1947131,127289,6.54,0.04
254,2021-01-23,CAL,400,186,214,325,1,51,23,0,0,0,358,42,ITF,ITF6,18,Calabria,Calabria,1947131,127689,6.56,0.02
255,2021-02-05,CAL,3796,1709,2087,2327,298,617,554,0,0,0,488,3308,ITF,ITF6,18,Calabria,Calabria,1947131,131485,6.75,0.19
256,2021-03-03,CAL,4871,2655,2216,631,110,1047,917,1369,793,4,3808,1063,ITF,ITF6,18,Calabria,Calabria,1947131,136356,7.0,0.25
257,2021-04-06,CAL,7196,3227,3969,376,6,3091,444,2442,33,804,4134,3062,ITF,ITF6,18,Calabria,Calabria,1947131,143552,7.37,0.37
258,2021-02-04,CAL,3391,1623,1768,2560,38,571,222,0,0,0,644,2747,ITF,ITF6,18,Calabria,Calabria,1947131,146943,7.55,0.17
259,2021-01-17,CAL,867,418,449,527,9,283,48,0,0,0,801,66,ITF,ITF6,18,Calabria,Calabria,1947131,147810,7.59,0.04
260,2021-02-27,CAL,3680,1913,1767,421,37,551,395,1972,302,2,3302,378,ITF,ITF6,18,Calabria,Calabria,1947131,151490,7.78,0.19
261,2021-03-12,CAL,5093,2438,2655,468,26,1300,217,1963,333,786,4050,1043,ITF,ITF6,18,Calabria,Calabria,1947131,156583,8.04,0.26
262,2021-03-29,CAL,5626,2379,3247,206,6,2559,134,1111,31,1579,3874,1752,ITF,ITF6,18,Calabria,Calabria,1947131,162209,8.33,0.29
263,2021-03-09,CAL,5824,3032,2792,803,23,1918,419,1769,874,18,4847,977,ITF,ITF6,18,Calabria,Calabria,1947131,168033,8.63,0.3
264,2021-03-25,CAL,7000,3315,3685,291,34,2932,428,2158,57,1100,4483,2517,ITF,ITF6,18,Calabria,Calabria,1947131,175033,8.99,0.36
265,2021-02-10,CAL,2463,1074,1389,1469,66,571,357,0,0,0,839,1624,ITF,ITF6,18,Calabria,Calabria,1947131,177496,9.12,0.13
266,2021-02-15,CAL,1137,538,599,499,26,386,159,66,0,1,989,148,ITF,ITF6,18,Calabria,Calabria,1947131,178633,9.17,0.06
267,2021-02-03,CAL,2763,1428,1335,2170,22,468,103,0,0,0,583,2180,ITF,ITF6,18,Calabria,Calabria,1947131,181396,9.32,0.14
268,2021-01-13,CAL,2028,1022,1006,1800,0,194,34,0,0,0,2028,0,ITF,ITF6,18,Calabria,Calabria,1947131,183424,9.42,0.1
269,2021-02-20,CAL,1358,735,623,438,23,388,55,433,19,2,1043,315,ITF,ITF6,18,Calabria,Calabria,1947131,184782,9.49,0.07
270,2021-02-01,CAL,2497,1192,1305,2044,4,406,43,0,0,0,248,2249,ITF,ITF6,18,Calabria,Calabria,1947131,187279,9.62,0.13
271,2021-01-18,CAL,1230,550,680,982,0,237,11,0,0,0,1040,190,ITF,ITF6,18,Calabria,Calabria,1947131,188509,9.68,0.06
272,2021-03-06,CAL,7954,4060,3894,702,69,1804,758,3799,816,6,7198,756,ITF,ITF6,18,Calabria,Calabria,1947131,196463,10.09,0.41
273,2021-01-28,CAL,2232,1107,1125,1920,1,311,0,0,0,0,84,2148,ITF,ITF6,18,Calabria,Calabria,1947131,198695,10.2,0.11
274,2021-04-07,CAL,6176,2798,3378,193,12,2929,395,2093,15,539,3628,2548,ITF,ITF6,18,Calabria,Calabria,1947131,204871,10.52,0.32
275,2021-03-17,CAL,3637,1623,2014,277,49,931,165,2095,26,94,1939,1698,ITF,ITF6,18,Calabria,Calabria,1947131,208508,10.71,0.19
276,2021-02-26,CAL,3079,1631,1448,539,57,631,407,1147,294,4,2611,468,ITF,ITF6,18,Calabria,Calabria,1947131,211587,10.87,0.16
277,2021-02-14,CAL,371,145,226,146,13,129,83,0,0,0,341,30,ITF,ITF6,18,Calabria,Calabria,1947131,211958,10.89,0.02
278,2021-03-27,CAL,8267,3753,4514,306,4,3198,144,3191,24,1400,4457,3810,ITF,ITF6,18,Calabria,Calabria,1947131,220225,11.31,0.42
279,2021-01-08,CAL,2109,1014,1095,1898,0,211,0,0,0,0,2109,0,ITF,ITF6,18,Calabria,Calabria,1947131,222334,11.42,0.11
280,2021-01-26,CAL,1805,861,944,1571,18,146,70,0,0,0,285,1520,ITF,ITF6,18,Calabria,Calabria,1947131,224139,11.51,0.09
281,2021-01-03,CAL,6,3,3,4,0,2,0,0,0,0,6,0,ITF,ITF6,18,Calabria,Calabria,1947131,224145,11.51,0.0
282,2021-04-13,CAL,2594,1305,1289,42,3,1946,0,533,30,40,2171,423,ITF,ITF6,18,Calabria,Calabria,1947131,226739,11.64,0.13
283,2021-03-24,CAL,7352,3348,4004,386,23,2325,696,2362,65,1495,4176,3176,ITF,ITF6,18,Calabria,Calabria,1947131,234091,12.02,0.38
284,2021-03-23,CAL,5207,2442,2765,280,4,1847,47,1869,77,1083,3409,1798,ITF,ITF6,18,Calabria,Calabria,1947131,239298,12.29,0.27
285,2021-01-05,CAL,1350,618,732,1256,0,94,0,0,0,0,1350,0,ITF,ITF6,18,Calabria,Calabria,1947131,240648,12.36,0.07
286,2021-01-16,CAL,2394,1120,1274,1664,22,467,241,0,0,0,2394,0,ITF,ITF6,18,Calabria,Calabria,1947131,243042,12.48,0.12
287,2021-03-26,CAL,7639,3622,4017,511,21,3407,211,2382,68,1039,4526,3113,ITF,ITF6,18,Calabria,Calabria,1947131,250681,12.87,0.39
288,2021-01-02,CAL,165,94,71,165,0,0,0,0,0,0,165,0,ITF,ITF6,18,Calabria,Calabria,1947131,250846,12.88,0.01
289,2021-01-24,CAL,44,18,26,15,0,3,26,0,0,0,39,5,ITF,ITF6,18,Calabria,Calabria,1947131,250890,12.89,0.0
290,2020-12-28,CAL,6,2,4,6,0,0,0,0,0,0,6,0,ITF,ITF6,18,Calabria,Calabria,1947131,250896,12.89,0.0
291,2021-04-01,CAL,8350,3772,4578,455,36,3118,669,2915,41,1116,3848,4502,ITF,ITF6,18,Calabria,Calabria,1947131,259246,13.31,0.43
292,2021-03-30,CAL,5788,2486,3302,166,7,2369,200,1883,42,1121,3195,2593,ITF,ITF6,18,Calabria,Calabria,1947131,265034,13.61,0.3
293,2021-01-20,CAL,1395,622,773,864,6,346,179,0,0,0,1394,1,ITF,ITF6,18,Calabria,Calabria,1947131,266429,13.68,0.07
294,2021-03-11,CAL,6877,3278,3599,934,25,2039,570,2380,329,600,5621,1256,ITF,ITF6,18,Calabria,Calabria,1947131,273306,14.04,0.35
295,2021-04-08,CAL,9371,4408,4963,451,25,4736,523,3302,30,304,5693,3678,ITF,ITF6,18,Calabria,Calabria,1947131,282677,14.52,0.48
296,2021-04-10,CAL,11170,5031,6139,424,5,4407,443,5562,26,303,6343,4827,ITF,ITF6,18,Calabria,Calabria,1947131,293847,15.09,0.57
297,2021-03-22,CAL,4707,2202,2505,194,10,1197,147,1994,40,1125,3041,1666,ITF,ITF6,18,Calabria,Calabria,1947131,298554,15.33,0.24
298,2021-02-13,CAL,1331,583,748,731,18,470,111,1,0,0,968,363,ITF,ITF6,18,Calabria,Calabria,1947131,299885,15.4,0.07
299,2021-02-18,CAL,1801,804,997,586,55,454,299,346,0,61,1578,223,ITF,ITF6,18,Calabria,Calabria,1947131,301686,15.49,0.09
300,2021-01-25,CAL,1064,512,552,1021,0,43,0,0,0,0,156,908,ITF,ITF6,18,Calabria,Calabria,1947131,302750,15.55,0.05
301,2021-03-10,CAL,6445,3280,3165,743,42,2312,586,2021,677,64,5252,1193,ITF,ITF6,18,Calabria,Calabria,1947131,309195,15.88,0.33
302,2021-02-19,CAL,1461,652,809,544,21,320,195,380,1,0,1200,261,ITF,ITF6,18,Calabria,Calabria,1947131,310656,15.95,0.08
303,2021-04-12,CAL,3843,1864,1979,162,10,2705,189,695,14,68,2843,1000,ITF,ITF6,18,Calabria,Calabria,1947131,314499,16.15,0.2
304,2021-02-12,CAL,1711,669,1042,815,42,718,136,0,0,0,943,768,ITF,ITF6,18,Calabria,Calabria,1947131,316210,16.24,0.09
305,2021-01-11,CAL,2154,1040,1114,1759,0,392,3,0,0,0,2154,0,ITF,ITF6,18,Calabria,Calabria,1947131,318364,16.35,0.11
306,2021-03-01,CAL,2689,1534,1155,399,6,416,257,971,637,3,2239,450,ITF,ITF6,18,Calabria,Calabria,1947131,321053,16.49,0.14
307,2021-02-17,CAL,1682,672,1010,674,21,322,285,299,0,81,1471,211,ITF,ITF6,18,Calabria,Calabria,1947131,322735,16.57,0.09
308,2021-04-03,CAL,8820,3788,5032,363,3,2617,353,4820,42,622,4203,4617,ITF,ITF6,18,Calabria,Calabria,1947131,331555,17.03,0.45
309,2021-01-06,CAL,926,500,426,822,0,104,0,0,0,0,926,0,ITF,ITF6,18,Calabria,Calabria,1947131,332481,17.08,0.05
310,2021-02-23,CAL,1549,728,821,437,33,348,206,522,2,1,1434,115,ITF,ITF6,18,Calabria,Calabria,1947131,334030,17.15,0.08
311,2021-03-13,CAL,6657,2933,3724,425,44,1334,338,3766,65,685,5683,974,ITF,ITF6,18,Calabria,Calabria,1947131,340687,17.5,0.34
312,2021-01-19,CAL,1109,488,621,853,8,172,76,0,0,0,1098,11,ITF,ITF6,18,Calabria,Calabria,1947131,341796,17.55,0.06
313,2021-02-22,CAL,1997,1013,984,728,48,495,166,552,3,5,1441,556,ITF,ITF6,18,Calabria,Calabria,1947131,343793,17.66,0.1
314,2021-01-15,CAL,2793,1258,1535,1690,35,656,412,0,0,0,2793,0,ITF,ITF6,18,Calabria,Calabria,1947131,346586,17.8,0.14
315,2021-02-16,PIE,3963,1753,2210,1819,778,816,548,0,1,1,3205,758,ITC,ITC1,1,Piemonte,Piemonte,4356406,3963,0.09,0.09
316,2021-02-14,PIE,1475,498,977,796,331,49,285,0,0,14,875,600,ITC,ITC1,1,Piemonte,Piemonte,4356406,5438,0.12,0.03
317,2021-02-24,PIE,11385,4618,6767,1843,586,726,407,5664,0,2159,10875,510,ITC,ITC1,1,Piemonte,Piemonte,4356406,16823,0.39,0.26
318,2021-03-31,PIE,19043,8073,10970,959,405,3490,311,13134,57,687,10352,8691,ITC,ITC1,1,Piemonte,Piemonte,4356406,35866,0.82,0.44
319,2021-03-09,PIE,13874,5390,8484,1683,849,711,357,7956,0,2318,11531,2343,ITC,ITC1,1,Piemonte,Piemonte,4356406,49740,1.14,0.32
320,2021-02-27,PIE,12667,4844,7823,883,464,517,232,7534,0,3037,12320,347,ITC,ITC1,1,Piemonte,Piemonte,4356406,62407,1.43,0.29
321,2021-03-20,PIE,11856,4875,6981,881,449,783,163,7645,0,1935,5960,5896,ITC,ITC1,1,Piemonte,Piemonte,4356406,74263,1.7,0.27
322,2021-02-17,PIE,4787,2154,2633,2245,954,1089,497,1,0,1,3798,989,ITC,ITC1,1,Piemonte,Piemonte,4356406,79050,1.81,0.11
323,2021-03-08,PIE,13916,5282,8634,2040,891,545,413,7400,0,2627,11204,2712,ITC,ITC1,1,Piemonte,Piemonte,4356406,92966,2.13,0.32
324,2021-01-19,PIE,6421,2099,4322,3574,1238,61,1548,0,0,0,6412,9,ITC,ITC1,1,Piemonte,Piemonte,4356406,99387,2.28,0.15
325,2021-02-01,PIE,8641,3053,5588,6170,1324,79,1068,0,0,0,578,8063,ITC,ITC1,1,Piemonte,Piemonte,4356406,108028,2.48,0.2
326,2021-02-19,PIE,5528,2171,3357,1988,788,977,666,31,0,1078,5026,502,ITC,ITC1,1,Piemonte,Piemonte,4356406,113556,2.61,0.13
327,2021-01-09,PIE,6183,2185,3998,4488,1094,33,568,0,0,0,6183,0,ITC,ITC1,1,Piemonte,Piemonte,4356406,119739,2.75,0.14
328,2021-01-07,PIE,5385,1739,3646,4158,837,49,341,0,0,0,5385,0,ITC,ITC1,1,Piemonte,Piemonte,4356406,125124,2.87,0.12
329,2021-03-27,PIE,18312,7796,10516,1210,546,2601,110,11688,54,2103,9499,8813,ITC,ITC1,1,Piemonte,Piemonte,4356406,143436,3.29,0.42
330,2021-03-01,PIE,11710,4689,7021,1143,536,742,281,6605,0,2403,10901,809,ITC,ITC1,1,Piemonte,Piemonte,4356406,155146,3.56,0.27
331,2021-01-29,PIE,5940,1886,4054,4198,1018,51,673,0,0,0,455,5485,ITC,ITC1,1,Piemonte,Piemonte,4356406,161086,3.7,0.14
332,2021-02-13,PIE,4151,1334,2817,2309,655,67,1114,1,0,5,2930,1221,ITC,ITC1,1,Piemonte,Piemonte,4356406,165237,3.79,0.1
333,2021-01-18,PIE,6162,2047,4115,3237,1322,81,1522,0,0,0,5914,248,ITC,ITC1,1,Piemonte,Piemonte,4356406,171399,3.93,0.14
334,2021-01-03,PIE,3061,966,2095,2714,268,27,52,0,0,0,3061,0,ITC,ITC1,1,Piemonte,Piemonte,4356406,174460,4.0,0.07
335,2021-01-04,PIE,5562,1678,3884,4590,716,21,235,0,0,0,5562,0,ITC,ITC1,1,Piemonte,Piemonte,4356406,180022,4.13,0.13
336,2021-01-16,PIE,7754,2630,5124,4796,1515,79,1364,0,0,0,7754,0,ITC,ITC1,1,Piemonte,Piemonte,4356406,187776,4.31,0.18
337,2021-02-05,PIE,9451,3078,6373,5766,1959,82,1643,1,0,0,657,8794,ITC,ITC1,1,Piemonte,Piemonte,4356406,197227,4.53,0.22
338,2021-04-05,PIE,14723,6225,8498,148,49,5821,0,7977,26,702,12162,2561,ITC,ITC1,1,Piemonte,Piemonte,4356406,211950,4.87,0.34
339,2021-02-20,PIE,3829,1252,2577,1100,395,669,219,30,0,1416,3656,173,ITC,ITC1,1,Piemonte,Piemonte,4356406,215779,4.95,0.09
340,2021-03-26,PIE,17668,6959,10709,1156,450,1414,525,11479,220,2424,8763,8905,ITC,ITC1,1,Piemonte,Piemonte,4356406,233447,5.36,0.41
341,2021-02-03,PIE,10185,3301,6884,6641,2041,268,1235,0,0,0,611,9574,ITC,ITC1,1,Piemonte,Piemonte,4356406,243632,5.59,0.23
342,2021-04-01,PIE,19175,7975,11200,664,288,3012,287,13831,183,910,11067,8108,ITC,ITC1,1,Piemonte,Piemonte,4356406,262807,6.03,0.44
343,2021-02-12,PIE,6882,2212,4670,3525,1510,138,1707,0,0,2,3925,2957,ITC,ITC1,1,Piemonte,Piemonte,4356406,269689,6.19,0.16
344,2021-02-09,PIE,7350,2309,5041,4155,1323,42,1830,0,0,0,722,6628,ITC,ITC1,1,Piemonte,Piemonte,4356406,277039,6.36,0.17
345,2021-02-15,PIE,4429,1595,2834,2320,841,303,962,1,1,1,3224,1205,ITC,ITC1,1,Piemonte,Piemonte,4356406,281468,6.46,0.1
346,2021-02-18,PIE,4784,2089,2695,2254,868,1035,624,0,1,2,4354,430,ITC,ITC1,1,Piemonte,Piemonte,4356406,286252,6.57,0.11
347,2020-12-30,PIE,730,322,408,685,45,0,0,0,0,0,730,0,ITC,ITC1,1,Piemonte,Piemonte,4356406,286982,6.59,0.02
348,2021-03-19,PIE,10755,4397,6358,1092,467,500,429,7996,0,271,4325,6430,ITC,ITC1,1,Piemonte,Piemonte,4356406,297737,6.83,0.25
349,2021-03-28,PIE,15999,6881,9118,924,772,2788,34,8899,106,2476,8392,7607,ITC,ITC1,1,Piemonte,Piemonte,4356406,313736,7.2,0.37
350,2020-12-31,PIE,3907,1332,2575,3413,354,6,134,0,0,0,3907,0,ITC,ITC1,1,Piemonte,Piemonte,4356406,317643,7.29,0.09
351,2021-04-09,PIE,25305,11121,14184,1210,463,12346,249,10967,24,46,20817,4488,ITC,ITC1,1,Piemonte,Piemonte,4356406,342948,7.87,0.58
352,2021-02-07,PIE,3087,974,2113,1648,643,19,777,0,0,0,445,2642,ITC,ITC1,1,Piemonte,Piemonte,4356406,346035,7.94,0.07
353,2021-04-12,PIE,22305,10032,12273,589,203,14042,210,7193,8,60,19348,2957,ITC,ITC1,1,Piemonte,Piemonte,4356406,368340,8.46,0.51
354,2021-01-08,PIE,5529,1761,3768,4078,971,58,422,0,0,0,5529,0,ITC,ITC1,1,Piemonte,Piemonte,4356406,373869,8.58,0.13
355,2021-04-06,PIE,20050,8722,11328,645,312,7871,260,9559,92,1311,14886,5164,ITC,ITC1,1,Piemonte,Piemonte,4356406,393919,9.04,0.46
356,2021-03-06,PIE,13978,5205,8773,2261,773,357,462,7431,0,2694,11188,2790,ITC,ITC1,1,Piemonte,Piemonte,4356406,407897,9.36,0.32
357,2021-04-04,PIE,9235,4049,5186,197,72,4445,0,4221,6,294,6522,2713,ITC,ITC1,1,Piemonte,Piemonte,4356406,417132,9.58,0.21
358,2021-03-16,PIE,10515,4265,6250,2229,799,360,322,6792,0,13,4460,6055,ITC,ITC1,1,Piemonte,Piemonte,4356406,427647,9.82,0.24
359,2020-12-27,PIE,912,368,544,760,65,11,76,0,0,0,912,0,ITC,ITC1,1,Piemonte,Piemonte,4356406,428559,9.84,0.02
360,2021-01-22,PIE,3864,1248,2616,2280,609,41,934,0,0,0,2523,1341,ITC,ITC1,1,Piemonte,Piemonte,4356406,432423,9.93,0.09
361,2021-01-15,PIE,8963,2952,6011,5497,1861,61,1544,0,0,0,8963,0,ITC,ITC1,1,Piemonte,Piemonte,4356406,441386,10.13,0.21
362,2021-04-07,PIE,23316,9848,13468,946,344,8865,267,12306,55,533,17875,5441,ITC,ITC1,1,Piemonte,Piemonte,4356406,464702,10.67,0.54
363,2021-01-28,PIE,5588,1809,3779,4118,829,50,590,1,0,0,384,5204,ITC,ITC1,1,Piemonte,Piemonte,4356406,470290,10.8,0.13
364,2021-01-11,PIE,8740,2980,5760,6054,1484,76,1126,0,0,0,8740,0,ITC,ITC1,1,Piemonte,Piemonte,4356406,479030,11.0,0.2
365,2021-03-12,PIE,13886,5149,8737,2142,854,483,471,7600,63,2273,10952,2934,ITC,ITC1,1,Piemonte,Piemonte,4356406,492916,11.31,0.32
366,2021-02-02,PIE,10232,3504,6728,6867,1979,69,1317,0,0,0,814,9418,ITC,ITC1,1,Piemonte,Piemonte,4356406,503148,11.55,0.23
367,2021-02-25,PIE,12200,5244,6956,1440,592,1483,405,6321,1,1958,11654,546,ITC,ITC1,1,Piemonte,Piemonte,4356406,515348,11.83,0.28
368,2021-02-11,PIE,6762,2106,4656,3422,1136,191,2010,0,0,3,3004,3758,ITC,ITC1,1,Piemonte,Piemonte,4356406,522110,11.98,0.16
369,2021-01-27,PIE,4196,1453,2743,2983,541,115,557,0,0,0,999,3197,ITC,ITC1,1,Piemonte,Piemonte,4356406,526306,12.08,0.1
370,2021-01-06,PIE,3114,1110,2004,2368,319,114,313,0,0,0,3114,0,ITC,ITC1,1,Piemonte,Piemonte,4356406,529420,12.15,0.07
371,2021-03-05,PIE,15253,5953,9300,2540,1099,923,654,7665,1,2371,11435,3818,ITC,ITC1,1,Piemonte,Piemonte,4356406,544673,12.5,0.35
372,2021-04-11,PIE,20414,9152,11262,323,153,12796,27,6858,4,253,18253,2161,ITC,ITC1,1,Piemonte,Piemonte,4356406,565087,12.97,0.47
373,2021-02-23,PIE,9227,3709,5518,2295,821,569,389,4101,0,1052,8646,581,ITC,ITC1,1,Piemonte,Piemonte,4356406,574314,13.18,0.21
374,2021-03-18,PIE,11729,4795,6934,1463,677,366,342,8863,0,18,4019,7710,ITC,ITC1,1,Piemonte,Piemonte,4356406,586043,13.45,0.27
375,2021-01-21,PIE,6877,2314,4563,4705,826,30,1316,0,0,0,3382,3495,ITC,ITC1,1,Piemonte,Piemonte,4356406,592920,13.61,0.16
376,2021-03-02,PIE,11138,4478,6660,904,316,812,215,6389,0,2502,10323,815,ITC,ITC1,1,Piemonte,Piemonte,4356406,604058,13.87,0.26
377,2021-03-07,PIE,11961,4652,7309,1322,726,420,111,7333,0,2049,11080,881,ITC,ITC1,1,Piemonte,Piemonte,4356406,616019,14.14,0.27
378,2021-01-14,PIE,9761,3150,6611,6175,2006,96,1484,0,0,0,9761,0,ITC,ITC1,1,Piemonte,Piemonte,4356406,625780,14.36,0.22
379,2021-03-25,PIE,16990,7172,9818,1033,509,1334,624,11939,179,1372,8356,8634,ITC,ITC1,1,Piemonte,Piemonte,4356406,642770,14.75,0.39
380,2021-01-23,PIE,4255,1325,2930,3207,453,75,520,0,0,0,879,3376,ITC,ITC1,1,Piemonte,Piemonte,4356406,647025,14.85,0.1
381,2021-02-26,PIE,12235,4909,7326,812,377,1068,487,6594,1,2896,11498,737,ITC,ITC1,1,Piemonte,Piemonte,4356406,659260,15.13,0.28
382,2021-01-25,PIE,6210,1938,4272,4783,839,26,562,0,0,0,982,5228,ITC,ITC1,1,Piemonte,Piemonte,4356406,665470,15.28,0.14
383,2021-03-03,PIE,12062,4622,7440,1102,434,593,257,7023,1,2652,11241,821,ITC,ITC1,1,Piemonte,Piemonte,4356406,677532,15.55,0.28
384,2021-01-01,PIE,1038,395,643,922,116,0,0,0,0,0,1038,0,ITC,ITC1,1,Piemonte,Piemonte,4356406,678570,15.58,0.02
385,2021-04-03,PIE,19319,8059,11260,306,139,4795,76,13410,55,538,10774,8545,ITC,ITC1,1,Piemonte,Piemonte,4356406,697889,16.02,0.44
386,2021-02-22,PIE,8463,3464,4999,1703,800,635,512,3893,0,920,7873,590,ITC,ITC1,1,Piemonte,Piemonte,4356406,706352,16.21,0.19
387,2021-02-28,PIE,10804,4055,6749,642,344,167,53,6813,0,2785,10564,240,ITC,ITC1,1,Piemonte,Piemonte,4356406,717156,16.46,0.25
388,2021-02-08,PIE,6915,2355,4560,3785,1480,78,1572,0,0,0,666,6249,ITC,ITC1,1,Piemonte,Piemonte,4356406,724071,16.62,0.16
389,2021-02-21,PIE,5086,2080,3006,686,189,75,47,3352,0,737,4984,102,ITC,ITC1,1,Piemonte,Piemonte,4356406,729157,16.74,0.12
390,2021-01-10,PIE,5207,2273,2934,3905,765,18,519,0,0,0,5207,0,ITC,ITC1,1,Piemonte,Piemonte,4356406,734364,16.86,0.12
391,2021-01-12,PIE,10040,3401,6639,6859,1919,92,1170,0,0,0,10040,0,ITC,ITC1,1,Piemonte,Piemonte,4356406,744404,17.09,0.23
392,2021-03-21,PIE,10368,4533,5835,575,383,1240,9,6846,0,1315,3846,6522,ITC,ITC1,1,Piemonte,Piemonte,4356406,754772,17.33,0.24
393,2021-03-29,PIE,15089,6343,8746,416,327,2450,137,10351,78,1330,8484,6605,ITC,ITC1,1,Piemonte,Piemonte,4356406,769861,17.67,0.35
394,2021-03-15,PIE,10629,4149,6480,1716,924,579,230,5716,0,1464,5015,5614,ITC,ITC1,1,Piemonte,Piemonte,4356406,780490,17.92,0.24
395,2021-01-13,PIE,10078,3222,6856,6485,2039,225,1329,0,0,0,10078,0,ITC,ITC1,1,Piemonte,Piemonte,4356406,790568,18.15,0.23
396,2021-04-13,PIE,17250,7650,9600,552,182,11114,181,5120,6,95,14655,2595,ITC,ITC1,1,Piemonte,Piemonte,4356406,807818,18.54,0.4
397,2021-03-30,PIE,16778,6972,9806,781,355,2166,284,12097,101,994,8914,7864,ITC,ITC1,1,Piemonte,Piemonte,4356406,824596,18.93,0.39
398,2020-12-28,PIE,1,1,0,1,0,0,0,0,0,0,1,0,ITC,ITC1,1,Piemonte,Piemonte,4356406,824597,18.93,0.0
399,2021-01-30,PIE,5978,2135,3843,4367,1049,67,495,0,0,0,218,5760,ITC,ITC1,1,Piemonte,Piemonte,4356406,830575,19.07,0.14
400,2021-02-06,PIE,7982,2664,5318,5100,1528,103,1251,0,0,0,400,7582,ITC,ITC1,1,Piemonte,Piemonte,4356406,838557,19.25,0.18
401,2021-04-10,PIE,28933,12878,16055,833,311,17540,93,10012,12,132,24683,4250,ITC,ITC1,1,Piemonte,Piemonte,4356406,867490,19.91,0.66
402,2021-03-22,PIE,10982,4619,6363,872,459,724,181,7525,0,1221,3760,7222,ITC,ITC1,1,Piemonte,Piemonte,4356406,878472,20.17,0.25
403,2021-03-04,PIE,14473,5725,8748,2187,872,1092,609,7523,0,2190,11518,2955,ITC,ITC1,1,Piemonte,Piemonte,4356406,892945,20.5,0.33
404,2021-03-24,PIE,15429,6317,9112,1069,502,1016,478,11492,37,835,6302,9127,ITC,ITC1,1,Piemonte,Piemonte,4356406,908374,20.85,0.35
405,2021-03-23,PIE,12959,5383,7576,688,324,1164,222,9229,0,1332,6722,6237,ITC,ITC1,1,Piemonte,Piemonte,4356406,921333,21.15,0.3
406,2021-01-02,PIE,3541,1134,2407,3075,336,77,53,0,0,0,3541,0,ITC,ITC1,1,Piemonte,Piemonte,4356406,924874,21.23,0.08
407,2021-03-11,PIE,13636,4996,8640,2310,808,636,381,7329,0,2172,10546,3090,ITC,ITC1,1,Piemonte,Piemonte,4356406,938510,21.54,0.31
408,2021-01-20,PIE,6531,2065,4466,3566,1140,13,1812,0,0,0,5814,717,ITC,ITC1,1,Piemonte,Piemonte,4356406,945041,21.69,0.15
409,2021-01-05,PIE,5378,1602,3776,4365,683,45,285,0,0,0,5378,0,ITC,ITC1,1,Piemonte,Piemonte,4356406,950419,21.82,0.12
410,2021-04-02,PIE,20019,8247,11772,882,326,4153,388,13300,92,878,11619,8400,ITC,ITC1,1,Piemonte,Piemonte,4356406,970438,22.28,0.46
411,2021-01-17,PIE,3517,1168,2349,2082,588,7,840,0,0,0,2870,647,ITC,ITC1,1,Piemonte,Piemonte,4356406,973955,22.36,0.08
412,2021-04-08,PIE,24380,10592,13788,1032,438,11192,262,10990,62,404,19683,4697,ITC,ITC1,1,Piemonte,Piemonte,4356406,998335,22.92,0.56
413,2021-01-26,PIE,6329,1878,4451,4726,831,44,728,0,0,0,735,5594,ITC,ITC1,1,Piemonte,Piemonte,4356406,1004664,23.06,0.15
414,2021-03-17,PIE,12508,5049,7459,2083,718,365,236,9097,0,9,5221,7287,ITC,ITC1,1,Piemonte,Piemonte,4356406,1017172,23.35,0.29
415,2021-03-14,PIE,8196,3329,4867,794,233,370,2,5808,0,989,5303,2893,ITC,ITC1,1,Piemonte,Piemonte,4356406,1025368,23.54,0.19
416,2021-02-04,PIE,10198,3337,6861,6235,2130,70,1763,0,0,0,588,9610,ITC,ITC1,1,Piemonte,Piemonte,4356406,1035566,23.77,0.23
417,2021-03-10,PIE,13471,5085,8386,1663,732,643,279,7934,0,2220,11177,2294,ITC,ITC1,1,Piemonte,Piemonte,4356406,1049037,24.08,0.31
418,2021-03-13,PIE,13021,4711,8310,1169,504,511,157,8544,0,2136,11578,1443,ITC,ITC1,1,Piemonte,Piemonte,4356406,1062058,24.38,0.3
419,2021-01-24,PIE,3151,958,2193,2633,344,28,146,0,0,0,434,2717,ITC,ITC1,1,Piemonte,Piemonte,4356406,1065209,24.45,0.07
420,2021-02-10,PIE,7453,2347,5106,3856,1463,37,2097,0,0,0,1316,6137,ITC,ITC1,1,Piemonte,Piemonte,4356406,1072662,24.62,0.17
421,2021-01-31,PIE,4105,1748,2357,3076,636,18,375,0,0,0,112,3993,ITC,ITC1,1,Piemonte,Piemonte,4356406,1076767,24.72,0.09
422,2021-02-02,SIC,5541,2623,2918,3156,221,1735,429,0,0,0,633,4908,ITG,ITG1,19,Sicilia,Sicilia,4999891,5541,0.11,0.11
423,2021-03-11,SIC,15458,6514,8944,1610,127,5070,906,3933,488,3324,12884,2574,ITG,ITG1,19,Sicilia,Sicilia,4999891,20999,0.42,0.31
424,2021-03-15,SIC,10765,4725,6040,1241,48,2608,666,4831,217,1154,5692,5073,ITG,ITG1,19,Sicilia,Sicilia,4999891,31764,0.64,0.22
425,2021-01-28,SIC,9330,4400,4930,7466,221,1348,295,0,0,0,414,8916,ITG,ITG1,19,Sicilia,Sicilia,4999891,41094,0.82,0.19
426,2021-02-17,SIC,5434,3294,2140,1531,118,1009,880,8,1886,2,4760,674,ITG,ITG1,19,Sicilia,Sicilia,4999891,46528,0.93,0.11
427,2021-01-11,SIC,5905,2591,3314,3923,196,1404,382,0,0,0,5905,0,ITG,ITG1,19,Sicilia,Sicilia,4999891,52433,1.05,0.12
428,2020-12-28,SIC,207,124,83,205,0,2,0,0,0,0,207,0,ITG,ITG1,19,Sicilia,Sicilia,4999891,52640,1.05,0.0
429,2021-03-24,SIC,21126,9884,11242,955,64,12154,549,5856,86,1462,15239,5887,ITG,ITG1,19,Sicilia,Sicilia,4999891,73766,1.48,0.42
430,2021-02-14,SIC,1057,402,655,433,58,330,236,0,0,0,917,140,ITG,ITG1,19,Sicilia,Sicilia,4999891,74823,1.5,0.02
431,2021-03-14,SIC,8825,3947,4878,569,42,3043,176,4281,36,678,4967,3858,ITG,ITG1,19,Sicilia,Sicilia,4999891,83648,1.67,0.18
432,2021-03-23,SIC,21038,10097,10941,873,41,11980,365,5826,306,1647,15431,5607,ITG,ITG1,19,Sicilia,Sicilia,4999891,104686,2.09,0.42
433,2021-01-31,SIC,4113,1959,2154,2602,117,1099,295,0,0,0,114,3999,ITG,ITG1,19,Sicilia,Sicilia,4999891,108799,2.18,0.08
434,2021-01-15,SIC,5079,2233,2846,2824,158,1618,479,0,0,0,5079,0,ITG,ITG1,19,Sicilia,Sicilia,4999891,113878,2.28,0.1
435,2021-03-07,SIC,9279,3465,5814,968,62,908,431,3396,216,3298,8195,1084,ITG,ITG1,19,Sicilia,Sicilia,4999891,123157,2.46,0.19
436,2021-02-15,SIC,3951,1862,2089,1700,108,1237,563,10,307,26,3382,569,ITG,ITG1,19,Sicilia,Sicilia,4999891,127108,2.54,0.08
437,2021-04-01,SIC,14462,6694,7768,623,29,8094,490,5015,20,191,9737,4725,ITG,ITG1,19,Sicilia,Sicilia,4999891,141570,2.83,0.29
438,2021-03-16,SIC,10170,4464,5706,1663,105,1629,810,5677,68,218,4018,6152,ITG,ITG1,19,Sicilia,Sicilia,4999891,151740,3.03,0.2
439,2021-01-10,SIC,3618,1615,2003,2126,125,903,464,0,0,0,3618,0,ITG,ITG1,19,Sicilia,Sicilia,4999891,155358,3.11,0.07
440,2021-02-10,SIC,4433,1819,2614,1975,221,1496,741,0,0,0,4008,425,ITG,ITG1,19,Sicilia,Sicilia,4999891,159791,3.2,0.09
441,2021-03-26,SIC,17873,8317,9556,1071,40,9558,314,5525,57,1308,12356,5517,ITG,ITG1,19,Sicilia,Sicilia,4999891,177664,3.55,0.36
442,2021-02-28,SIC,7181,3072,4109,871,33,1280,93,3291,254,1359,6551,630,ITG,ITG1,19,Sicilia,Sicilia,4999891,184845,3.7,0.14
443,2021-04-07,SIC,15749,7760,7989,764,114,9765,465,4425,34,182,8584,7165,ITG,ITG1,19,Sicilia,Sicilia,4999891,200594,4.01,0.31
444,2021-01-16,SIC,2776,1195,1581,1329,165,984,298,0,0,0,2776,0,ITG,ITG1,19,Sicilia,Sicilia,4999891,203370,4.07,0.06
445,2021-04-04,SIC,6979,3379,3600,192,33,4097,119,2486,8,44,5689,1290,ITG,ITG1,19,Sicilia,Sicilia,4999891,210349,4.21,0.14
446,2021-01-02,SIC,4872,2533,2339,4311,0,561,0,0,0,0,4872,0,ITG,ITG1,19,Sicilia,Sicilia,4999891,215221,4.3,0.1
447,2021-01-04,SIC,8373,4172,4201,7595,20,752,6,0,0,0,8373,0,ITG,ITG1,19,Sicilia,Sicilia,4999891,223594,4.47,0.17
448,2021-02-25,SIC,10161,5277,4884,1771,49,1656,507,3981,1525,672,8981,1180,ITG,ITG1,19,Sicilia,Sicilia,4999891,233755,4.68,0.2
449,2021-03-03,SIC,14705,6545,8160,2408,130,2202,507,4295,1330,3833,11620,3085,ITG,ITG1,19,Sicilia,Sicilia,4999891,248460,4.97,0.29
450,2021-02-01,SIC,6078,2684,3394,4168,214,1378,318,0,0,0,304,5774,ITG,ITG1,19,Sicilia,Sicilia,4999891,254538,5.09,0.12
451,2021-02-12,SIC,4747,1853,2894,2301,260,1542,644,0,0,0,4416,331,ITG,ITG1,19,Sicilia,Sicilia,4999891,259285,5.19,0.09
452,2021-04-05,SIC,8191,4033,4158,232,6,4792,176,2925,4,56,6750,1441,ITG,ITG1,19,Sicilia,Sicilia,4999891,267476,5.35,0.16
453,2021-02-07,SIC,2349,997,1352,1611,109,472,157,0,0,0,675,1674,ITG,ITG1,19,Sicilia,Sicilia,4999891,269825,5.4,0.05
454,2021-01-27,SIC,7534,3838,3696,6330,66,986,152,0,0,0,189,7345,ITG,ITG1,19,Sicilia,Sicilia,4999891,277359,5.55,0.15
455,2021-04-02,SIC,14034,6605,7429,632,29,7636,367,5151,16,203,9248,4786,ITG,ITG1,19,Sicilia,Sicilia,4999891,291393,5.83,0.28
456,2021-04-11,SIC,15456,7608,7848,220,25,11712,178,3215,9,97,8456,7000,ITG,ITG1,19,Sicilia,Sicilia,4999891,306849,6.14,0.31
457,2021-02-13,SIC,3107,1168,1939,1296,160,1081,570,0,0,0,2850,257,ITG,ITG1,19,Sicilia,Sicilia,4999891,309956,6.2,0.06
458,2021-03-09,SIC,13070,5500,7570,1595,132,2175,585,3947,945,3691,10695,2375,ITG,ITG1,19,Sicilia,Sicilia,4999891,323026,6.46,0.26
459,2021-01-25,SIC,7513,3698,3815,6635,14,794,70,0,0,0,322,7191,ITG,ITG1,19,Sicilia,Sicilia,4999891,330539,6.61,0.15
460,2021-04-08,SIC,17006,8386,8620,699,146,11620,468,3833,82,158,8494,8512,ITG,ITG1,19,Sicilia,Sicilia,4999891,347545,6.95,0.34
461,2021-03-02,SIC,14957,6389,8568,2383,98,1831,501,4471,1339,4334,12132,2825,ITG,ITG1,19,Sicilia,Sicilia,4999891,362502,7.25,0.3
462,2021-03-25,SIC,20472,9524,10948,1325,76,11503,582,5524,82,1380,14931,5541,ITG,ITG1,19,Sicilia,Sicilia,4999891,382974,7.66,0.41
463,2021-02-24,SIC,9601,4870,4731,1423,80,1174,499,4028,1474,923,9005,596,ITG,ITG1,19,Sicilia,Sicilia,4999891,392575,7.85,0.19
464,2021-04-12,SIC,19057,9282,9775,423,29,14486,350,3630,21,118,11702,7355,ITG,ITG1,19,Sicilia,Sicilia,4999891,411632,8.23,0.38
465,2021-03-20,SIC,18916,9080,9836,836,43,10848,414,5477,79,1219,13526,5390,ITG,ITG1,19,Sicilia,Sicilia,4999891,430548,8.61,0.38
466,2021-02-08,SIC,4086,1759,2327,2346,188,1155,397,0,0,0,2128,1958,ITG,ITG1,19,Sicilia,Sicilia,4999891,434634,8.69,0.08
467,2021-01-07,SIC,9173,4239,4934,7694,70,1199,210,0,0,0,9173,0,ITG,ITG1,19,Sicilia,Sicilia,4999891,443807,8.88,0.18
468,2021-02-16,SIC,4414,2300,2114,1465,207,1080,779,25,857,1,3947,467,ITG,ITG1,19,Sicilia,Sicilia,4999891,448221,8.96,0.09
469,2021-01-09,SIC,7326,3424,3902,5034,146,1690,456,0,0,0,7326,0,ITG,ITG1,19,Sicilia,Sicilia,4999891,455547,9.11,0.15
470,2021-03-31,SIC,14592,6732,7860,646,50,7996,520,5139,52,189,9564,5028,ITG,ITG1,19,Sicilia,Sicilia,4999891,470139,9.4,0.29
471,2021-01-23,SIC,4150,2148,2002,3913,33,188,16,0,0,0,225,3925,ITG,ITG1,19,Sicilia,Sicilia,4999891,474289,9.49,0.08
472,2021-02-11,SIC,5332,2103,3229,2458,307,1677,890,0,0,0,4868,464,ITG,ITG1,19,Sicilia,Sicilia,4999891,479621,9.59,0.11
473,2021-04-06,SIC,18162,8716,9446,803,66,11028,562,5458,57,188,13839,4323,ITG,ITG1,19,Sicilia,Sicilia,4999891,497783,9.96,0.36
474,2021-03-13,SIC,12464,5492,6972,1174,87,4193,493,4615,134,1768,7858,4606,ITG,ITG1,19,Sicilia,Sicilia,4999891,510247,10.21,0.25
475,2021-02-04,SIC,6877,3159,3718,4417,172,1748,540,0,0,0,1460,5417,ITG,ITG1,19,Sicilia,Sicilia,4999891,517124,10.34,0.14
476,2021-02-03,SIC,6102,2857,3245,3358,151,1969,624,0,0,0,756,5346,ITG,ITG1,19,Sicilia,Sicilia,4999891,523226,10.46,0.12
477,2021-01-26,SIC,9528,4685,4843,8391,72,811,254,0,0,0,265,9263,ITG,ITG1,19,Sicilia,Sicilia,4999891,532754,10.66,0.19
478,2021-04-09,SIC,20636,10075,10561,740,110,14727,358,4371,45,285,11470,9166,ITG,ITG1,19,Sicilia,Sicilia,4999891,553390,11.07,0.41
479,2021-01-03,SIC,4693,2454,2239,4361,0,332,0,0,0,0,4693,0,ITG,ITG1,19,Sicilia,Sicilia,4999891,558083,11.16,0.09
480,2021-04-13,SIC,19244,9386,9858,631,51,14468,267,3667,33,127,10571,8673,ITG,ITG1,19,Sicilia,Sicilia,4999891,577327,11.55,0.38
481,2021-02-06,SIC,5067,2226,2841,2535,251,1689,592,0,0,0,1488,3579,ITG,ITG1,19,Sicilia,Sicilia,4999891,582394,11.65,0.1
482,2021-01-19,SIC,1271,521,750,521,59,453,238,0,0,0,1093,178,ITG,ITG1,19,Sicilia,Sicilia,4999891,583665,11.67,0.03
483,2021-01-17,SIC,1295,584,711,619,118,398,160,0,0,0,1245,50,ITG,ITG1,19,Sicilia,Sicilia,4999891,584960,11.7,0.03
484,2020-12-29,SIC,235,146,89,235,0,0,0,0,0,0,235,0,ITG,ITG1,19,Sicilia,Sicilia,4999891,585195,11.7,0.0
485,2021-03-06,SIC,12949,5183,7766,2003,127,1878,758,3888,645,3650,10043,2906,ITG,ITG1,19,Sicilia,Sicilia,4999891,598144,11.96,0.26
486,2021-03-22,SIC,16815,7918,8897,915,19,8680,356,5544,71,1230,11269,5546,ITG,ITG1,19,Sicilia,Sicilia,4999891,614959,12.3,0.34
487,2021-04-10,SIC,20621,10070,10551,486,16,15382,278,4189,31,239,11587,9034,ITG,ITG1,19,Sicilia,Sicilia,4999891,635580,12.71,0.41
488,2021-02-05,SIC,7216,3232,3984,3618,267,2475,856,0,0,0,2132,5084,ITG,ITG1,19,Sicilia,Sicilia,4999891,642796,12.86,0.14
489,2020-12-30,SIC,173,101,72,156,3,14,0,0,0,0,173,0,ITG,ITG1,19,Sicilia,Sicilia,4999891,642969,12.86,0.0
490,2021-02-26,SIC,12247,5977,6270,1837,74,1898,361,3891,1733,2453,10558,1689,ITG,ITG1,19,Sicilia,Sicilia,4999891,655216,13.1,0.24
491,2021-02-09,SIC,4371,1831,2540,2241,155,1335,640,0,0,0,3365,1006,ITG,ITG1,19,Sicilia,Sicilia,4999891,659587,13.19,0.09
492,2021-03-17,SIC,15398,7554,7844,1401,100,7160,664,5724,43,306,9454,5944,ITG,ITG1,19,Sicilia,Sicilia,4999891,674985,13.5,0.31
493,2021-02-22,SIC,8039,4162,3877,1107,34,902,554,4066,1054,322,7547,492,ITG,ITG1,19,Sicilia,Sicilia,4999891,683024,13.66,0.16
494,2021-03-19,SIC,16492,8117,8375,1262,101,8719,561,5351,42,456,10764,5728,ITG,ITG1,19,Sicilia,Sicilia,4999891,699516,13.99,0.33
495,2021-01-06,SIC,6471,3402,3069,5717,24,728,2,0,0,0,6471,0,ITG,ITG1,19,Sicilia,Sicilia,4999891,705987,14.12,0.13
496,2021-01-08,SIC,8328,3864,4464,6591,87,1437,213,0,0,0,8328,0,ITG,ITG1,19,Sicilia,Sicilia,4999891,714315,14.29,0.17
497,2021-03-01,SIC,12979,6129,6850,1557,75,1735,392,4303,1764,3153,11320,1659,ITG,ITG1,19,Sicilia,Sicilia,4999891,727294,14.55,0.26
498,2021-03-28,SIC,10999,5166,5833,535,22,5629,168,4445,14,186,6985,4014,ITG,ITG1,19,Sicilia,Sicilia,4999891,738293,14.77,0.22
499,2021-01-12,SIC,4543,2235,2308,2863,128,1357,195,0,0,0,4543,0,ITG,ITG1,19,Sicilia,Sicilia,4999891,742836,14.86,0.09
500,2020-12-31,SIC,878,470,408,828,0,50,0,0,0,0,878,0,ITG,ITG1,19,Sicilia,Sicilia,4999891,743714,14.87,0.02
501,2021-01-05,SIC,10527,5159,5368,9074,122,1124,207,0,0,0,10527,0,ITG,ITG1,19,Sicilia,Sicilia,4999891,754241,15.09,0.21
502,2021-01-29,SIC,9362,4322,5040,7153,174,1730,305,0,0,0,432,8930,ITG,ITG1,19,Sicilia,Sicilia,4999891,763603,15.27,0.19
503,2021-03-18,SIC,15612,7777,7835,1284,80,8193,598,5359,61,37,9900,5712,ITG,ITG1,19,Sicilia,Sicilia,4999891,779215,15.58,0.31
504,2021-01-22,SIC,1235,625,610,1035,13,69,118,0,0,0,242,993,ITG,ITG1,19,Sicilia,Sicilia,4999891,780450,15.61,0.02
505,2021-01-01,SIC,815,437,378,740,0,75,0,0,0,0,815,0,ITG,ITG1,19,Sicilia,Sicilia,4999891,781265,15.63,0.02
506,2021-03-12,SIC,13120,5617,7503,1387,110,4409,695,3768,344,2407,10897,2223,ITG,ITG1,19,Sicilia,Sicilia,4999891,794385,15.89,0.26
507,2021-02-27,SIC,12450,5570,6880,1515,72,2351,277,3843,1021,3371,11239,1211,ITG,ITG1,19,Sicilia,Sicilia,4999891,806835,16.14,0.25
508,2020-12-27,SIC,90,54,36,62,0,2,26,0,0,0,90,0,ITG,ITG1,19,Sicilia,Sicilia,4999891,806925,16.14,0.0
509,2021-02-20,SIC,7285,3737,3548,848,76,1258,558,3750,620,175,7033,252,ITG,ITG1,19,Sicilia,Sicilia,4999891,814210,16.28,0.15
510,2021-03-10,SIC,13850,5887,7963,1480,134,2868,934,4064,651,3719,11460,2390,ITG,ITG1,19,Sicilia,Sicilia,4999891,828060,16.56,0.28
511,2021-02-19,SIC,5162,2758,2404,1487,183,1181,602,74,1396,239,4591,571,ITG,ITG1,19,Sicilia,Sicilia,4999891,833222,16.66,0.1
512,2021-02-18,SIC,5496,3174,2322,1636,165,1080,813,9,1697,96,5065,431,ITG,ITG1,19,Sicilia,Sicilia,4999891,838718,16.77,0.11
513,2021-02-21,SIC,5178,2508,2670,379,30,622,174,3682,138,153,5070,108,ITG,ITG1,19,Sicilia,Sicilia,4999891,843896,16.88,0.1
514,2021-01-18,SIC,1576,657,919,721,75,551,229,0,0,0,1432,144,ITG,ITG1,19,Sicilia,Sicilia,4999891,845472,16.91,0.03
515,2021-04-03,SIC,15300,7279,8021,432,14,9512,202,4933,18,189,12458,2842,ITG,ITG1,19,Sicilia,Sicilia,4999891,860772,17.22,0.31
516,2021-03-27,SIC,15803,7458,8345,650,25,8415,350,5587,34,742,10883,4920,ITG,ITG1,19,Sicilia,Sicilia,4999891,876575,17.53,0.32
517,2021-01-30,SIC,7838,3569,4269,5451,253,1659,475,0,0,0,175,7663,ITG,ITG1,19,Sicilia,Sicilia,4999891,884413,17.69,0.16
518,2021-01-14,SIC,5250,2514,2736,3046,91,1854,259,0,0,0,5250,0,ITG,ITG1,19,Sicilia,Sicilia,4999891,889663,17.79,0.11
519,2021-03-21,SIC,15209,7327,7882,489,10,9101,57,4502,92,958,11235,3974,ITG,ITG1,19,Sicilia,Sicilia,4999891,904872,18.1,0.3
520,2021-01-13,SIC,5204,2462,2742,3033,169,1561,441,0,0,0,5204,0,ITG,ITG1,19,Sicilia,Sicilia,4999891,910076,18.2,0.1
521,2021-03-04,SIC,15213,6559,8654,2811,187,2635,698,3928,1124,3830,11009,4204,ITG,ITG1,19,Sicilia,Sicilia,4999891,925289,18.51,0.3
522,2021-03-05,SIC,15947,6877,9070,3192,177,2348,720,4002,1423,4085,11622,4325,ITG,ITG1,19,Sicilia,Sicilia,4999891,941236,18.83,0.32
523,2021-01-24,SIC,4338,2264,2074,3993,31,311,3,0,0,0,148,4190,ITG,ITG1,19,Sicilia,Sicilia,4999891,945574,18.91,0.09
524,2021-03-30,SIC,14567,6757,7810,715,32,8089,371,4992,113,255,9739,4828,ITG,ITG1,19,Sicilia,Sicilia,4999891,960141,19.2,0.29
525,2021-01-20,SIC,808,410,398,422,51,143,192,0,0,0,573,235,ITG,ITG1,19,Sicilia,Sicilia,4999891,960949,19.22,0.02
526,2021-03-08,SIC,13516,5790,7726,2012,113,1994,626,3840,930,4001,10702,2814,ITG,ITG1,19,Sicilia,Sicilia,4999891,974465,19.49,0.27
527,2021-03-29,SIC,14993,7036,7957,876,39,8419,328,5008,19,304,10475,4518,ITG,ITG1,19,Sicilia,Sicilia,4999891,989458,19.79,0.3
528,2021-01-21,SIC,1330,649,681,1003,86,104,137,0,0,0,499,831,ITG,ITG1,19,Sicilia,Sicilia,4999891,990788,19.82,0.03
529,2021-02-23,SIC,8949,4689,4260,1267,103,1133,502,3996,1367,581,8459,490,ITG,ITG1,19,Sicilia,Sicilia,4999891,999737,20.0,0.18
530,2021-03-17,LOM,26082,10431,15651,2528,1318,1037,1929,19184,44,42,15204,10878,ITC,ITC4,3,Lombardia,Lombardia,10060574,26082,0.26,0.26
531,2021-02-17,LOM,11949,3742,8207,7630,2180,107,1945,39,38,10,10560,1389,ITC,ITC4,3,Lombardia,Lombardia,10060574,38031,0.38,0.12
532,2021-01-22,LOM,2991,842,2149,1571,595,34,782,9,0,0,2921,70,ITC,ITC4,3,Lombardia,Lombardia,10060574,41022,0.41,0.03
533,2021-03-12,LOM,35141,12928,22213,5109,2153,2333,1465,15609,1086,7386,24973,10168,ITC,ITC4,3,Lombardia,Lombardia,10060574,76163,0.76,0.35
534,2021-02-08,LOM,9885,2874,7011,5244,2177,70,2341,53,0,0,2137,7748,ITC,ITC4,3,Lombardia,Lombardia,10060574,86048,0.86,0.1
535,2021-03-15,LOM,31306,11224,20082,4671,2148,1856,841,12883,594,8313,22885,8421,ITC,ITC4,3,Lombardia,Lombardia,10060574,117354,1.17,0.31
536,2021-04-02,LOM,40284,16454,23830,2509,1375,6909,995,23753,119,4624,26169,14115,ITC,ITC4,3,Lombardia,Lombardia,10060574,157638,1.57,0.4
537,2021-02-19,LOM,14073,5360,8713,5552,1620,269,1148,4540,928,16,13391,682,ITC,ITC4,3,Lombardia,Lombardia,10060574,171711,1.71,0.14
538,2021-01-12,LOM,19784,6596,13188,13426,4447,235,1582,93,1,0,19784,0,ITC,ITC4,3,Lombardia,Lombardia,10060574,191495,1.9,0.2
539,2021-02-28,LOM,7883,3254,4629,1106,694,1586,76,4308,82,31,7667,216,ITC,ITC4,3,Lombardia,Lombardia,10060574,199378,1.98,0.08
540,2021-03-19,LOM,32303,12868,19435,2720,1707,1238,1411,22068,150,3009,19159,13144,ITC,ITC4,3,Lombardia,Lombardia,10060574,231681,2.3,0.32
541,2021-02-15,LOM,8909,3117,5792,6031,1613,150,1071,4,31,9,8489,420,ITC,ITC4,3,Lombardia,Lombardia,10060574,240590,2.39,0.09
542,2021-02-18,LOM,14035,4924,9111,6162,1801,157,1593,3437,857,28,13008,1027,ITC,ITC4,3,Lombardia,Lombardia,10060574,254625,2.53,0.14
543,2020-12-31,LOM,713,300,413,657,56,0,0,0,0,0,713,0,ITC,ITC4,3,Lombardia,Lombardia,10060574,255338,2.54,0.01
544,2020-12-27,LOM,702,407,295,601,45,41,14,1,0,0,702,0,ITC,ITC4,3,Lombardia,Lombardia,10060574,256040,2.54,0.01
545,2021-03-10,LOM,33093,12680,20413,6888,2526,3027,2053,11599,1531,5469,25256,7837,ITC,ITC4,3,Lombardia,Lombardia,10060574,289133,2.87,0.33
546,2021-01-01,LOM,24,7,17,24,0,0,0,0,0,0,24,0,ITC,ITC4,3,Lombardia,Lombardia,10060574,289157,2.87,0.0
547,2021-01-08,LOM,12600,3898,8702,9963,2175,143,314,5,0,0,12600,0,ITC,ITC4,3,Lombardia,Lombardia,10060574,301757,3.0,0.13
548,2021-02-09,LOM,12241,3328,8913,5736,2207,92,4125,75,2,4,4109,8132,ITC,ITC4,3,Lombardia,Lombardia,10060574,313998,3.12,0.12
549,2021-04-06,LOM,42274,17259,25015,2138,1409,6362,587,27173,125,4480,24594,17680,ITC,ITC4,3,Lombardia,Lombardia,10060574,356272,3.54,0.42
550,2021-02-04,LOM,27293,7995,19298,15673,5739,150,5530,194,7,0,1962,25331,ITC,ITC4,3,Lombardia,Lombardia,10060574,383565,3.81,0.27
551,2021-03-31,LOM,41365,16762,24603,2561,1300,6491,1399,23346,75,6193,26401,14964,ITC,ITC4,3,Lombardia,Lombardia,10060574,424930,4.22,0.41
552,2021-01-28,LOM,12159,3686,8473,9174,1784,200,971,28,1,1,776,11383,ITC,ITC4,3,Lombardia,Lombardia,10060574,437089,4.34,0.12
553,2021-01-03,LOM,853,316,537,744,88,16,4,1,0,0,853,0,ITC,ITC4,3,Lombardia,Lombardia,10060574,437942,4.35,0.01
554,2021-03-08,LOM,29552,11104,18448,6563,1974,2455,1122,11313,1575,4550,22485,7067,ITC,ITC4,3,Lombardia,Lombardia,10060574,467494,4.65,0.29
555,2021-03-16,LOM,25428,10103,15325,3313,1351,1582,1429,17660,17,76,16392,9036,ITC,ITC4,3,Lombardia,Lombardia,10060574,492922,4.9,0.25
556,2021-01-21,LOM,5330,1566,3764,3014,1209,78,1025,4,0,0,4643,687,ITC,ITC4,3,Lombardia,Lombardia,10060574,498252,4.95,0.05
557,2021-02-21,LOM,5022,1854,3168,1761,807,152,32,2227,40,3,5002,20,ITC,ITC4,3,Lombardia,Lombardia,10060574,503274,5.0,0.05
558,2020-12-30,LOM,113,42,71,105,7,1,0,0,0,0,113,0,ITC,ITC4,3,Lombardia,Lombardia,10060574,503387,5.0,0.0
559,2021-03-28,LOM,20207,7692,12515,2013,838,2187,106,11161,30,3872,14140,6067,ITC,ITC4,3,Lombardia,Lombardia,10060574,523594,5.2,0.2
560,2021-04-05,LOM,27030,11556,15474,537,243,2323,69,23143,26,689,19184,7846,ITC,ITC4,3,Lombardia,Lombardia,10060574,550624,5.47,0.27
561,2021-02-01,LOM,16038,5312,10726,11669,3316,106,902,43,1,1,324,15714,ITC,ITC4,3,Lombardia,Lombardia,10060574,566662,5.63,0.16
562,2021-03-20,LOM,32315,12064,20251,1978,1157,2231,524,18286,284,7855,22539,9776,ITC,ITC4,3,Lombardia,Lombardia,10060574,598977,5.95,0.32
563,2021-04-09,LOM,49656,21255,28401,2192,1430,9620,1078,32255,85,2996,34186,15470,ITC,ITC4,3,Lombardia,Lombardia,10060574,648633,6.45,0.49
564,2021-03-25,LOM,41994,15618,26376,3387,1316,4259,1279,20710,199,10844,29785,12209,ITC,ITC4,3,Lombardia,Lombardia,10060574,690627,6.86,0.42
565,2021-01-29,LOM,13438,4114,9324,10487,2256,113,573,9,0,0,654,12784,ITC,ITC4,3,Lombardia,Lombardia,10060574,704065,7.0,0.13
566,2021-02-24,LOM,14639,5911,8728,3577,1445,306,1786,6320,1181,24,13716,923,ITC,ITC4,3,Lombardia,Lombardia,10060574,718704,7.14,0.15
567,2021-03-21,LOM,23515,8521,14994,1080,552,1893,410,9727,734,9119,18260,5255,ITC,ITC4,3,Lombardia,Lombardia,10060574,742219,7.38,0.23
568,2021-04-04,LOM,7535,3211,4324,204,227,984,68,5839,8,205,3650,3885,ITC,ITC4,3,Lombardia,Lombardia,10060574,749754,7.45,0.07
569,2021-03-30,LOM,39003,15305,23698,2642,1353,5074,1133,21747,154,6900,24335,14668,ITC,ITC4,3,Lombardia,Lombardia,10060574,788757,7.84,0.39
570,2021-02-07,LOM,7204,2796,4408,5542,1285,60,293,17,2,5,339,6865,ITC,ITC4,3,Lombardia,Lombardia,10060574,795961,7.91,0.07
571,2021-04-13,LOM,44739,19962,24777,832,532,29170,537,12676,49,943,31203,13536,ITC,ITC4,3,Lombardia,Lombardia,10060574,840700,8.36,0.44
572,2021-01-26,LOM,8326,2704,5622,6641,1270,170,223,22,0,0,334,7992,ITC,ITC4,3,Lombardia,Lombardia,10060574,849026,8.44,0.08
573,2020-12-28,LOM,103,44,59,102,1,0,0,0,0,0,103,0,ITC,ITC4,3,Lombardia,Lombardia,10060574,849129,8.44,0.0
574,2021-03-07,LOM,11870,5288,6582,3012,895,2102,82,4525,552,702,9310,2560,ITC,ITC4,3,Lombardia,Lombardia,10060574,860999,8.56,0.12
575,2020-12-29,LOM,100,43,57,100,0,0,0,0,0,0,100,0,ITC,ITC4,3,Lombardia,Lombardia,10060574,861099,8.56,0.0
576,2021-03-05,LOM,28842,11901,16941,7206,2555,4454,1508,10803,1900,416,20454,8388,ITC,ITC4,3,Lombardia,Lombardia,10060574,889941,8.85,0.29
577,2021-03-04,LOM,29251,12110,17141,6982,2275,4665,2140,10866,1947,376,20198,9053,ITC,ITC4,3,Lombardia,Lombardia,10060574,919192,9.14,0.29
578,2021-01-17,LOM,8279,3323,4956,5547,699,1751,241,36,5,0,8079,200,ITC,ITC4,3,Lombardia,Lombardia,10060574,927471,9.22,0.08
579,2021-02-05,LOM,25324,7372,17952,14336,6068,183,4477,259,1,0,2379,22945,ITC,ITC4,3,Lombardia,Lombardia,10060574,952795,9.47,0.25
580,2021-03-24,LOM,43007,15507,27500,2967,1294,4451,1491,19877,434,12493,31313,11694,ITC,ITC4,3,Lombardia,Lombardia,10060574,995802,9.9,0.43
581,2021-01-31,LOM,9727,3754,5973,7568,1996,67,87,7,2,0,33,9694,ITC,ITC4,3,Lombardia,Lombardia,10060574,1005529,9.99,0.1
582,2021-03-29,LOM,39756,15387,24369,2972,1617,4719,426,21254,168,8600,25050,14706,ITC,ITC4,3,Lombardia,Lombardia,10060574,1045285,10.39,0.4
583,2021-02-20,LOM,9416,3889,5527,4290,975,140,225,2919,863,4,9120,296,ITC,ITC4,3,Lombardia,Lombardia,10060574,1054701,10.48,0.09
584,2021-02-16,LOM,9534,3084,6450,5847,2100,159,1393,8,8,19,9083,451,ITC,ITC4,3,Lombardia,Lombardia,10060574,1064235,10.58,0.09
585,2021-04-10,LOM,48599,20283,28316,833,501,9356,307,36095,46,1461,37016,11583,ITC,ITC4,3,Lombardia,Lombardia,10060574,1112834,11.06,0.48
586,2021-03-22,LOM,40002,14171,25831,2459,1317,2725,800,20116,446,12139,29662,10340,ITC,ITC4,3,Lombardia,Lombardia,10060574,1152836,11.46,0.4
587,2021-03-23,LOM,42298,15323,26975,2232,1347,3671,1279,20940,324,12505,29545,12753,ITC,ITC4,3,Lombardia,Lombardia,10060574,1195134,11.88,0.42
588,2021-01-24,LOM,1200,459,741,831,135,197,36,1,0,0,536,664,ITC,ITC4,3,Lombardia,Lombardia,10060574,1196334,11.89,0.01
589,2021-01-09,LOM,12384,4562,7822,9506,2051,624,196,6,1,0,12384,0,ITC,ITC4,3,Lombardia,Lombardia,10060574,1208718,12.01,0.12
590,2021-01-07,LOM,11708,3622,8086,8959,1718,212,785,32,1,1,11708,0,ITC,ITC4,3,Lombardia,Lombardia,10060574,1220426,12.13,0.12
591,2021-04-11,LOM,30575,13282,17293,945,284,5196,378,21826,761,1185,23286,7289,ITC,ITC4,3,Lombardia,Lombardia,10060574,1251001,12.43,0.3
592,2021-02-23,LOM,11713,4780,6933,3941,1353,266,850,4310,990,3,11405,308,ITC,ITC4,3,Lombardia,Lombardia,10060574,1262714,12.55,0.12
593,2021-01-13,LOM,26156,7997,18159,15788,5731,297,4148,189,2,1,26156,0,ITC,ITC4,3,Lombardia,Lombardia,10060574,1288870,12.81,0.26
594,2021-03-14,LOM,14853,5334,9519,1520,573,1581,80,5264,396,5439,11564,3289,ITC,ITC4,3,Lombardia,Lombardia,10060574,1303723,12.96,0.15
595,2021-02-10,LOM,14386,4501,9885,8533,2328,110,3335,71,3,6,7569,6817,ITC,ITC4,3,Lombardia,Lombardia,10060574,1318109,13.1,0.14
596,2021-01-10,LOM,10516,3955,6561,8173,2159,85,85,11,2,1,10516,0,ITC,ITC4,3,Lombardia,Lombardia,10060574,1328625,13.21,0.1
597,2021-03-03,LOM,26863,11479,15384,6388,1644,4788,1796,9914,1862,471,19594,7269,ITC,ITC4,3,Lombardia,Lombardia,10060574,1355488,13.47,0.27
598,2021-02-12,LOM,13791,4316,9475,8081,2654,95,2851,102,5,3,9021,4770,ITC,ITC4,3,Lombardia,Lombardia,10060574,1369279,13.61,0.14
599,2021-01-25,LOM,7020,2370,4650,5629,911,248,218,14,0,0,486,6534,ITC,ITC4,3,Lombardia,Lombardia,10060574,1376299,13.68,0.07
600,2021-01-27,LOM,8028,2675,5353,6192,1244,155,434,1,0,2,820,7208,ITC,ITC4,3,Lombardia,Lombardia,10060574,1384327,13.76,0.08
601,2021-03-09,LOM,33163,12813,20350,6073,2534,3218,2351,12090,1427,5470,25730,7433,ITC,ITC4,3,Lombardia,Lombardia,10060574,1417490,14.09,0.33
602,2021-02-06,LOM,15237,5525,9712,9843,2933,488,1896,73,1,3,1082,14155,ITC,ITC4,3,Lombardia,Lombardia,10060574,1432727,14.24,0.15
603,2021-02-13,LOM,6408,2439,3969,4175,1416,85,707,17,4,4,4937,1471,ITC,ITC4,3,Lombardia,Lombardia,10060574,1439135,14.3,0.06
604,2021-04-12,LOM,46401,20243,26158,1123,754,28983,394,13451,49,1647,32349,14052,ITC,ITC4,3,Lombardia,Lombardia,10060574,1485536,14.77,0.46
605,2021-01-02,LOM,199,72,127,178,16,5,0,0,0,0,199,0,ITC,ITC4,3,Lombardia,Lombardia,10060574,1485735,14.77,0.0
606,2021-03-11,LOM,36063,13417,22646,5873,2400,2636,2179,15093,1216,6666,26192,9871,ITC,ITC4,3,Lombardia,Lombardia,10060574,1521798,15.13,0.36
607,2021-02-02,LOM,19827,6577,13250,13492,4416,155,1680,76,7,1,489,19338,ITC,ITC4,3,Lombardia,Lombardia,10060574,1541625,15.32,0.2
608,2021-01-20,LOM,5578,1364,4214,2743,1174,45,1557,59,0,0,5463,115,ITC,ITC4,3,Lombardia,Lombardia,10060574,1547203,15.38,0.06
609,2021-01-11,LOM,16019,5322,10697,11814,3303,158,699,42,1,2,16019,0,ITC,ITC4,3,Lombardia,Lombardia,10060574,1563222,15.54,0.16
610,2021-01-15,LOM,25014,7392,17622,13732,5808,431,4728,309,2,4,25014,0,ITC,ITC4,3,Lombardia,Lombardia,10060574,1588236,15.79,0.25
611,2021-02-11,LOM,16953,4992,11961,9701,3286,58,3865,33,4,6,9613,7340,ITC,ITC4,3,Lombardia,Lombardia,10060574,1605189,15.96,0.17
612,2021-03-02,LOM,22778,9681,13097,3180,1337,2905,2191,11257,1778,130,19748,3030,ITC,ITC4,3,Lombardia,Lombardia,10060574,1627967,16.18,0.23
613,2021-01-14,LOM,26621,7750,18871,15150,5492,305,5443,229,1,1,26621,0,ITC,ITC4,3,Lombardia,Lombardia,10060574,1654588,16.45,0.26
614,2021-04-07,LOM,49571,20519,29052,1713,1116,7222,1125,35888,61,2446,33926,15645,ITC,ITC4,3,Lombardia,Lombardia,10060574,1704159,16.94,0.49
615,2021-01-23,LOM,1114,357,757,644,258,74,138,0,0,0,916,198,ITC,ITC4,3,Lombardia,Lombardia,10060574,1705273,16.95,0.01
616,2021-01-04,LOM,5979,2059,3920,4917,692,186,173,11,0,0,5979,0,ITC,ITC4,3,Lombardia,Lombardia,10060574,1711252,17.01,0.06
617,2021-01-19,LOM,8096,2347,5749,4044,1743,77,2166,65,1,0,7620,476,ITC,ITC4,3,Lombardia,Lombardia,10060574,1719348,17.09,0.08
618,2021-02-25,LOM,15151,6288,8863,2949,1289,332,1293,8062,1216,10,13607,1544,ITC,ITC4,3,Lombardia,Lombardia,10060574,1734499,17.24,0.15
619,2021-02-03,LOM,25466,7874,17592,15585,5560,152,4018,142,8,1,1120,24346,ITC,ITC4,3,Lombardia,Lombardia,10060574,1759965,17.49,0.25
620,2021-02-14,LOM,3578,1546,2032,2750,491,282,42,3,0,10,2944,634,ITC,ITC4,3,Lombardia,Lombardia,10060574,1763543,17.53,0.04
621,2021-02-27,LOM,13919,5860,8059,2084,1101,787,558,8250,1091,48,13274,645,ITC,ITC4,3,Lombardia,Lombardia,10060574,1777462,17.67,0.14
622,2021-03-18,LOM,27338,10931,16407,2193,1127,1290,1516,21068,44,100,16175,11163,ITC,ITC4,3,Lombardia,Lombardia,10060574,1804800,17.94,0.27
623,2021-04-01,LOM,42024,16854,25170,2707,1677,6401,1224,24191,103,5721,26389,15635,ITC,ITC4,3,Lombardia,Lombardia,10060574,1846824,18.36,0.42
624,2021-01-05,LOM,7692,2524,5168,6178,1108,227,172,7,0,0,7692,0,ITC,ITC4,3,Lombardia,Lombardia,10060574,1854516,18.43,0.08
625,2021-02-22,LOM,11693,4722,6971,4169,1398,144,960,4029,965,28,11383,310,ITC,ITC4,3,Lombardia,Lombardia,10060574,1866209,18.55,0.12
626,2021-01-18,LOM,9127,2957,6170,5191,1942,107,1831,54,2,0,8145,982,ITC,ITC4,3,Lombardia,Lombardia,10060574,1875336,18.64,0.09
627,2021-04-03,LOM,35540,14584,20956,959,220,5347,78,26629,78,2229,25632,9908,ITC,ITC4,3,Lombardia,Lombardia,10060574,1910876,18.99,0.35
628,2021-01-16,LOM,15346,5703,9643,8610,1231,3850,1500,152,3,0,15346,0,ITC,ITC4,3,Lombardia,Lombardia,10060574,1926222,19.15,0.15
629,2021-03-06,LOM,21284,9074,12210,4753,1850,4338,444,7517,1025,1357,16767,4517,ITC,ITC4,3,Lombardia,Lombardia,10060574,1947506,19.36,0.21
630,2021-03-27,LOM,32030,12215,19815,1953,1125,3865,243,18118,66,6660,23471,8559,ITC,ITC4,3,Lombardia,Lombardia,10060574,1979536,19.68,0.32
631,2021-01-06,LOM,7051,2487,4564,5841,1020,150,38,0,0,2,7051,0,ITC,ITC4,3,Lombardia,Lombardia,10060574,1986587,19.75,0.07
632,2021-02-26,LOM,18212,7499,10713,3292,1658,274,1176,10484,1304,24,16364,1848,ITC,ITC4,3,Lombardia,Lombardia,10060574,2004799,19.93,0.18
633,2021-03-26,LOM,40517,15370,25147,2616,1478,4628,762,22167,208,8658,27872,12645,ITC,ITC4,3,Lombardia,Lombardia,10060574,2045316,20.33,0.4
634,2021-01-30,LOM,12314,4567,7747,9906,2049,189,160,8,1,1,195,12119,ITC,ITC4,3,Lombardia,Lombardia,10060574,2057630,20.45,0.12
635,2021-04-08,LOM,50512,21099,29413,2214,1025,8836,869,35981,49,1538,34276,16236,ITC,ITC4,3,Lombardia,Lombardia,10060574,2108142,20.95,0.5
636,2021-03-13,LOM,27068,9725,17343,3750,980,3000,264,10323,617,8134,21006,6062,ITC,ITC4,3,Lombardia,Lombardia,10060574,2135210,21.22,0.27
637,2021-03-01,LOM,18737,8208,10529,2701,1055,1602,925,10816,1609,29,17033,1704,ITC,ITC4,3,Lombardia,Lombardia,10060574,2153947,21.41,0.19
638,2021-03-08,PUG,14590,6049,8541,2122,552,497,204,6755,523,3937,12206,2384,ITF,ITF4,16,Puglia,Puglia,4029053,14590,0.36,0.36
639,2021-01-09,PUG,4871,2245,2626,4318,245,57,246,4,0,1,4871,0,ITF,ITF4,16,Puglia,Puglia,4029053,19461,0.48,0.12
640,2021-01-21,PUG,2129,903,1226,1429,166,7,527,0,0,0,1270,859,ITF,ITF4,16,Puglia,Puglia,4029053,21590,0.54,0.05
641,2021-01-22,PUG,1407,577,830,877,150,5,373,1,0,1,990,417,ITF,ITF4,16,Puglia,Puglia,4029053,22997,0.57,0.03
642,2021-02-10,PUG,3603,1425,2178,2491,247,0,864,0,0,1,2122,1481,ITF,ITF4,16,Puglia,Puglia,4029053,26600,0.66,0.09
643,2021-02-12,PUG,4098,1629,2469,2938,440,10,690,5,10,5,3008,1090,ITF,ITF4,16,Puglia,Puglia,4029053,30698,0.76,0.1
644,2021-03-20,PUG,8144,3684,4460,1422,67,233,54,5525,35,808,3569,4575,ITF,ITF4,16,Puglia,Puglia,4029053,38842,0.96,0.2
645,2021-01-27,PUG,4576,1928,2648,3932,226,20,396,0,0,2,611,3965,ITF,ITF4,16,Puglia,Puglia,4029053,43418,1.08,0.11
646,2021-03-03,PUG,16458,6605,9853,1990,454,383,192,5930,807,6702,14635,1823,ITF,ITF4,16,Puglia,Puglia,4029053,59876,1.49,0.41
647,2021-01-13,PUG,4537,1729,2808,3972,313,20,230,0,0,2,4537,0,ITF,ITF4,16,Puglia,Puglia,4029053,64413,1.6,0.11
648,2021-03-07,PUG,4911,1938,2973,930,48,134,2,1621,324,1852,4341,570,ITF,ITF4,16,Puglia,Puglia,4029053,69324,1.72,0.12
649,2021-02-23,PUG,9332,4411,4921,1787,347,108,169,5506,398,1017,8859,473,ITF,ITF4,16,Puglia,Puglia,4029053,78656,1.95,0.23
650,2021-03-21,PUG,2671,1219,1452,462,15,103,13,1779,14,285,568,2103,ITF,ITF4,16,Puglia,Puglia,4029053,81327,2.02,0.07
651,2021-01-24,PUG,1668,749,919,1286,231,0,150,1,0,0,152,1516,ITF,ITF4,16,Puglia,Puglia,4029053,82995,2.06,0.04
652,2021-02-15,PUG,3252,1267,1985,2249,522,19,452,1,6,3,2632,620,ITF,ITF4,16,Puglia,Puglia,4029053,86247,2.14,0.08
653,2021-03-19,PUG,7895,3632,4263,1760,251,177,69,5315,64,259,3355,4540,ITF,ITF4,16,Puglia,Puglia,4029053,94142,2.34,0.2
654,2021-03-29,PUG,12595,5867,6728,1558,347,1312,216,7901,134,1127,5898,6697,ITF,ITF4,16,Puglia,Puglia,4029053,106737,2.65,0.31
655,2021-03-18,PUG,9105,4112,4993,1747,410,225,195,6399,39,90,3012,6093,ITF,ITF4,16,Puglia,Puglia,4029053,115842,2.88,0.23
656,2021-01-29,PUG,6192,2659,3533,5515,343,42,288,1,0,3,437,5755,ITF,ITF4,16,Puglia,Puglia,4029053,122034,3.03,0.15
657,2021-03-05,PUG,17017,6775,10242,2304,570,620,273,5231,1021,6998,14856,2161,ITF,ITF4,16,Puglia,Puglia,4029053,139051,3.45,0.42
658,2021-01-30,PUG,5525,2513,3012,4749,324,20,419,3,4,6,411,5114,ITF,ITF4,16,Puglia,Puglia,4029053,144576,3.59,0.14
659,2021-03-15,PUG,11714,5590,6124,2083,562,261,115,7657,353,683,5230,6484,ITF,ITF4,16,Puglia,Puglia,4029053,156290,3.88,0.29
660,2021-01-18,PUG,1844,769,1075,1182,210,6,445,1,0,0,1495,349,ITF,ITF4,16,Puglia,Puglia,4029053,158134,3.92,0.05
661,2021-01-06,PUG,3943,1664,2279,3313,218,39,373,0,0,0,3943,0,ITF,ITF4,16,Puglia,Puglia,4029053,162077,4.02,0.1
662,2021-02-24,PUG,10009,4689,5320,1923,417,272,117,6359,365,556,9420,589,ITF,ITF4,16,Puglia,Puglia,4029053,172086,4.27,0.25
663,2021-02-13,PUG,3722,1453,2269,2883,507,12,291,4,18,7,3029,693,ITF,ITF4,16,Puglia,Puglia,4029053,175808,4.36,0.09
664,2021-01-14,PUG,4064,1587,2477,3181,368,14,499,0,0,2,4064,0,ITF,ITF4,16,Puglia,Puglia,4029053,179872,4.46,0.1
665,2021-03-13,PUG,10079,3967,6112,2161,229,155,129,3856,227,3322,8351,1728,ITF,ITF4,16,Puglia,Puglia,4029053,189951,4.71,0.25
666,2021-03-17,PUG,10235,4675,5560,1792,430,212,62,7634,33,72,4133,6102,ITF,ITF4,16,Puglia,Puglia,4029053,200186,4.97,0.25
667,2021-01-28,PUG,5465,2271,3194,4779,323,27,327,0,6,3,473,4992,ITF,ITF4,16,Puglia,Puglia,4029053,205651,5.1,0.14
668,2021-04-11,PUG,14219,6196,8023,327,35,8391,12,5344,12,98,12610,1609,ITF,ITF4,16,Puglia,Puglia,4029053,219870,5.46,0.35
669,2021-02-26,PUG,13635,4995,8640,2123,625,188,286,5152,602,4659,12610,1025,ITF,ITF4,16,Puglia,Puglia,4029053,233505,5.8,0.34
670,2021-01-04,PUG,4503,2012,2491,4372,86,33,11,0,0,1,4503,0,ITF,ITF4,16,Puglia,Puglia,4029053,238008,5.91,0.11
671,2021-02-16,PUG,3378,1451,1927,2146,728,70,412,4,16,2,2733,645,ITF,ITF4,16,Puglia,Puglia,4029053,241386,5.99,0.08
672,2021-01-31,PUG,1808,825,983,1502,103,1,198,2,0,2,73,1735,ITF,ITF4,16,Puglia,Puglia,4029053,243194,6.04,0.04
673,2021-03-14,PUG,3286,1416,1870,945,71,144,84,998,43,1001,2520,766,ITF,ITF4,16,Puglia,Puglia,4029053,246480,6.12,0.08
674,2021-03-12,PUG,13789,6061,7728,3274,918,409,431,4928,886,2943,9865,3924,ITF,ITF4,16,Puglia,Puglia,4029053,260269,6.46,0.34
675,2021-01-07,PUG,5712,2453,3259,5215,253,17,217,0,7,3,5712,0,ITF,ITF4,16,Puglia,Puglia,4029053,265981,6.6,0.14
676,2021-04-04,PUG,5819,2899,2920,43,4,5437,0,282,15,38,5813,6,ITF,ITF4,16,Puglia,Puglia,4029053,271800,6.75,0.14
677,2021-02-22,PUG,9616,4524,5092,1438,447,255,140,6802,215,319,9285,331,ITF,ITF4,16,Puglia,Puglia,4029053,281416,6.98,0.24
678,2021-02-08,PUG,3990,1608,2382,2963,584,27,389,1,25,1,1597,2393,ITF,ITF4,16,Puglia,Puglia,4029053,285406,7.08,0.1
679,2021-02-01,PUG,3961,1657,2304,3443,286,13,208,0,6,5,375,3586,ITF,ITF4,16,Puglia,Puglia,4029053,289367,7.18,0.1
680,2021-02-20,PUG,2966,1078,1888,2115,195,50,168,9,4,425,2710,256,ITF,ITF4,16,Puglia,Puglia,4029053,292333,7.26,0.07
681,2021-02-28,PUG,5885,1786,4099,559,119,88,26,1484,194,3415,5699,186,ITF,ITF4,16,Puglia,Puglia,4029053,298218,7.4,0.15
682,2021-03-26,PUG,11325,5298,6027,1605,500,982,287,6357,255,1339,6688,4637,ITF,ITF4,16,Puglia,Puglia,4029053,309543,7.68,0.28
683,2021-04-05,PUG,12407,6036,6371,54,18,11362,0,939,7,27,11874,533,ITF,ITF4,16,Puglia,Puglia,4029053,321950,7.99,0.31
684,2021-01-11,PUG,3749,1587,2162,3216,324,26,175,0,6,2,3749,0,ITF,ITF4,16,Puglia,Puglia,4029053,325699,8.08,0.09
685,2021-01-20,PUG,1547,542,1005,782,125,13,627,0,0,0,1539,8,ITF,ITF4,16,Puglia,Puglia,4029053,327246,8.12,0.04
686,2021-01-02,PUG,2948,1300,1648,2829,68,24,23,0,0,4,2948,0,ITF,ITF4,16,Puglia,Puglia,4029053,330194,8.2,0.07
687,2021-02-21,PUG,2172,472,1700,537,24,62,49,32,12,1456,2111,61,ITF,ITF4,16,Puglia,Puglia,4029053,332366,8.25,0.05
688,2021-01-16,PUG,2507,1033,1474,1682,299,7,518,0,0,1,2507,0,ITF,ITF4,16,Puglia,Puglia,4029053,334873,8.31,0.06
689,2021-02-02,PUG,4332,1839,2493,3622,377,13,317,0,0,3,592,3740,ITF,ITF4,16,Puglia,Puglia,4029053,339205,8.42,0.11
690,2021-03-11,PUG,14331,6172,8159,2904,754,446,515,5232,804,3676,11229,3102,ITF,ITF4,16,Puglia,Puglia,4029053,353536,8.77,0.36
691,2021-03-02,PUG,16275,6036,10239,1395,395,662,113,4287,1257,8166,14970,1305,ITF,ITF4,16,Puglia,Puglia,4029053,369811,9.18,0.4
692,2021-01-19,PUG,1221,452,769,531,113,0,577,0,0,0,1211,10,ITF,ITF4,16,Puglia,Puglia,4029053,371032,9.21,0.03
693,2021-04-07,PUG,14140,6245,7895,1028,195,3947,75,8479,67,349,7614,6526,ITF,ITF4,16,Puglia,Puglia,4029053,385172,9.56,0.35
694,2021-01-23,PUG,3037,1292,1745,2523,175,30,308,0,0,1,886,2151,ITF,ITF4,16,Puglia,Puglia,4029053,388209,9.64,0.08
695,2021-02-03,PUG,5031,2002,3029,4366,469,9,184,0,0,3,730,4301,ITF,ITF4,16,Puglia,Puglia,4029053,393240,9.76,0.12
696,2021-04-08,PUG,16543,7207,9336,1003,222,5050,157,9568,38,505,10503,6040,ITF,ITF4,16,Puglia,Puglia,4029053,409783,10.17,0.41
697,2021-04-02,PUG,11920,5462,6458,863,174,2648,208,7295,105,627,7408,4512,ITF,ITF4,16,Puglia,Puglia,4029053,421703,10.47,0.3
698,2021-01-01,PUG,146,60,86,145,1,0,0,0,0,0,146,0,ITF,ITF4,16,Puglia,Puglia,4029053,421849,10.47,0.0
699,2021-01-12,PUG,4205,1767,2438,3631,339,11,218,1,0,5,4205,0,ITF,ITF4,16,Puglia,Puglia,4029053,426054,10.57,0.1
700,2021-03-04,PUG,15012,5852,9160,1528,405,512,322,4729,1233,6283,13634,1378,ITF,ITF4,16,Puglia,Puglia,4029053,441066,10.95,0.37
701,2021-02-11,PUG,3694,1401,2293,2569,389,11,723,0,0,2,2418,1276,ITF,ITF4,16,Puglia,Puglia,4029053,444760,11.04,0.09
702,2021-01-25,PUG,3820,1677,2143,3471,165,12,169,2,0,1,422,3398,ITF,ITF4,16,Puglia,Puglia,4029053,448580,11.13,0.09
703,2021-04-12,PUG,26432,12485,13947,473,119,21316,11,4322,39,152,23937,2495,ITF,ITF4,16,Puglia,Puglia,4029053,475012,11.79,0.66
704,2021-03-09,PUG,13143,5736,7407,1864,496,388,225,5623,1006,3541,11146,1997,ITF,ITF4,16,Puglia,Puglia,4029053,488155,12.12,0.33
705,2021-04-10,PUG,26890,11360,15530,542,97,14949,102,10874,62,264,23014,3876,ITF,ITF4,16,Puglia,Puglia,4029053,515045,12.78,0.67
706,2021-02-05,PUG,5628,2270,3358,4566,503,13,526,0,14,6,1331,4297,ITF,ITF4,16,Puglia,Puglia,4029053,520673,12.92,0.14
707,2021-03-22,PUG,9295,4540,4755,602,193,493,11,6745,209,1042,3682,5613,ITF,ITF4,16,Puglia,Puglia,4029053,529968,13.15,0.23
708,2021-02-27,PUG,14107,4779,9328,1586,552,155,181,5115,345,6173,12928,1179,ITF,ITF4,16,Puglia,Puglia,4029053,544075,13.5,0.35
709,2021-01-17,PUG,1308,590,718,818,153,1,336,0,0,0,1239,69,ITF,ITF4,16,Puglia,Puglia,4029053,545383,13.54,0.03
710,2021-03-31,PUG,13691,6230,7461,1782,382,1968,122,8443,185,809,8140,5551,ITF,ITF4,16,Puglia,Puglia,4029053,559074,13.88,0.34
711,2021-02-04,PUG,5897,2356,3541,4446,649,144,652,0,0,6,1167,4730,ITF,ITF4,16,Puglia,Puglia,4029053,564971,14.02,0.15
712,2021-02-06,PUG,4511,1917,2594,3494,483,4,527,0,0,3,1590,2921,ITF,ITF4,16,Puglia,Puglia,4029053,569482,14.13,0.11
713,2021-02-18,PUG,4367,1842,2525,2701,913,56,680,5,10,2,3764,603,ITF,ITF4,16,Puglia,Puglia,4029053,573849,14.24,0.11
714,2021-04-03,PUG,9582,4113,5469,918,89,2828,122,5071,14,540,6324,3258,ITF,ITF4,16,Puglia,Puglia,4029053,583431,14.48,0.24
715,2021-03-28,PUG,3473,1632,1841,626,54,706,41,1924,3,119,1151,2322,ITF,ITF4,16,Puglia,Puglia,4029053,586904,14.57,0.09
716,2021-04-06,PUG,12942,5729,7213,698,176,3375,126,8294,62,211,6387,6555,ITF,ITF4,16,Puglia,Puglia,4029053,599846,14.89,0.32
717,2021-03-10,PUG,14366,6227,8139,2599,919,330,355,6485,601,3077,11251,3115,ITF,ITF4,16,Puglia,Puglia,4029053,614212,15.24,0.36
718,2021-02-19,PUG,4728,2009,2719,3049,981,251,389,2,49,7,4338,390,ITF,ITF4,16,Puglia,Puglia,4029053,618940,15.36,0.12
719,2021-02-14,PUG,784,348,436,681,32,0,70,0,0,1,662,122,ITF,ITF4,16,Puglia,Puglia,4029053,619724,15.38,0.02
720,2021-04-09,PUG,19521,8328,11193,1081,358,7919,108,9599,50,406,15017,4504,ITF,ITF4,16,Puglia,Puglia,4029053,639245,15.87,0.48
721,2021-03-16,PUG,9669,4599,5070,2168,519,316,76,6490,62,38,3337,6332,ITF,ITF4,16,Puglia,Puglia,4029053,648914,16.11,0.24
722,2021-01-03,PUG,2007,943,1064,1818,38,5,145,0,0,1,2007,0,ITF,ITF4,16,Puglia,Puglia,4029053,650921,16.16,0.05
723,2021-02-25,PUG,11884,5034,6850,1746,563,270,419,5781,726,2379,10728,1156,ITF,ITF4,16,Puglia,Puglia,4029053,662805,16.45,0.29
724,2021-01-10,PUG,2347,1060,1287,2037,101,7,202,0,0,0,2347,0,ITF,ITF4,16,Puglia,Puglia,4029053,665152,16.51,0.06
725,2021-03-30,PUG,11618,5423,6195,1321,216,1820,198,6991,115,957,5759,5859,ITF,ITF4,16,Puglia,Puglia,4029053,676770,16.8,0.29
726,2021-04-13,PUG,23323,11159,12164,642,173,18101,19,4258,13,117,20260,3063,ITF,ITF4,16,Puglia,Puglia,4029053,700093,17.38,0.58
727,2020-12-30,PUG,1,0,1,1,0,0,0,0,0,0,1,0,ITF,ITF4,16,Puglia,Puglia,4029053,700094,17.38,0.0
728,2021-01-26,PUG,5359,2397,2962,4850,243,33,232,1,0,0,573,4786,ITF,ITF4,16,Puglia,Puglia,4029053,705453,17.51,0.13
729,2021-03-25,PUG,10683,5175,5508,1259,317,940,53,7072,386,656,4533,6150,ITF,ITF4,16,Puglia,Puglia,4029053,716136,17.77,0.27
730,2021-03-06,PUG,15785,5894,9891,2104,359,378,71,5359,479,7035,13817,1968,ITF,ITF4,16,Puglia,Puglia,4029053,731921,18.17,0.39
731,2021-01-08,PUG,5575,2336,3239,4852,358,30,328,0,4,3,5575,0,ITF,ITF4,16,Puglia,Puglia,4029053,737496,18.3,0.14
732,2021-03-01,PUG,15040,5838,9202,1971,507,398,83,6117,819,5145,13673,1367,ITF,ITF4,16,Puglia,Puglia,4029053,752536,18.68,0.37
733,2020-12-31,PUG,1635,782,853,1549,33,6,44,0,0,3,1635,0,ITF,ITF4,16,Puglia,Puglia,4029053,754171,18.72,0.04
734,2021-02-09,PUG,3837,1568,2269,2532,661,7,622,9,0,6,2165,1672,ITF,ITF4,16,Puglia,Puglia,4029053,758008,18.81,0.1
735,2021-03-27,PUG,11895,5611,6284,955,172,1875,68,7397,58,1370,6753,5142,ITF,ITF4,16,Puglia,Puglia,4029053,769903,19.11,0.3
736,2020-12-27,PUG,506,249,257,403,3,37,63,0,0,0,506,0,ITF,ITF4,16,Puglia,Puglia,4029053,770409,19.12,0.01
737,2021-02-17,PUG,4263,1742,2521,2461,1170,32,598,1,0,1,3666,597,ITF,ITF4,16,Puglia,Puglia,4029053,774672,19.23,0.11
738,2021-03-23,PUG,10364,4971,5393,1851,308,647,51,6051,466,990,3909,6455,ITF,ITF4,16,Puglia,Puglia,4029053,785036,19.48,0.26
739,2021-03-24,PUG,12788,5897,6891,1881,464,675,119,7864,244,1541,5654,7134,ITF,ITF4,16,Puglia,Puglia,4029053,797824,19.8,0.32
740,2021-01-15,PUG,4550,1865,2685,3598,346,31,558,0,13,4,4550,0,ITF,ITF4,16,Puglia,Puglia,4029053,802374,19.91,0.11
741,2021-04-01,PUG,13205,6044,7161,1224,300,2375,178,7930,165,1033,6875,6330,ITF,ITF4,16,Puglia,Puglia,4029053,815579,20.24,0.33
742,2021-02-07,PUG,1578,669,909,1039,224,5,309,0,0,1,253,1325,ITF,ITF4,16,Puglia,Puglia,4029053,817157,20.28,0.04
743,2021-01-05,PUG,5098,2245,2853,4747,158,86,98,5,0,4,5098,0,ITF,ITF4,16,Puglia,Puglia,4029053,822255,20.41,0.13
744,2021-03-07,LAZ,14058,5419,8639,1201,24,1207,148,7249,696,3533,10469,3589,ITI,ITI4,12,Lazio,Lazio,5879082,14058,0.24,0.24
745,2021-01-13,LAZ,5559,2063,3496,4145,270,132,1009,3,0,0,5559,0,ITI,ITI4,12,Lazio,Lazio,5879082,19617,0.33,0.09
746,2021-01-11,LAZ,5525,2103,3422,4553,307,96,569,0,0,0,5525,0,ITI,ITI4,12,Lazio,Lazio,5879082,25142,0.43,0.09
747,2021-01-24,LAZ,5467,2109,3358,4945,131,131,134,126,0,0,385,5082,ITI,ITI4,12,Lazio,Lazio,5879082,30609,0.52,0.09
748,2021-03-02,LAZ,16611,7188,9423,1811,357,1069,229,8113,1278,3754,12682,3929,ITI,ITI4,12,Lazio,Lazio,5879082,47220,0.8,0.28
749,2021-01-10,LAZ,4039,1700,2339,3424,156,207,252,0,0,0,4039,0,ITI,ITI4,12,Lazio,Lazio,5879082,51259,0.87,0.07
750,2021-04-13,LAZ,24389,11349,13040,2245,106,14561,289,7119,15,54,16882,7507,ITI,ITI4,12,Lazio,Lazio,5879082,75648,1.29,0.41
751,2021-01-31,LAZ,4279,1783,2496,3572,139,200,244,124,0,0,296,3983,ITI,ITI4,12,Lazio,Lazio,5879082,79927,1.36,0.07
752,2021-01-27,LAZ,5768,2170,3598,4797,215,170,457,129,0,0,651,5117,ITI,ITI4,12,Lazio,Lazio,5879082,85695,1.46,0.1
753,2021-03-15,LAZ,19208,8307,10901,2307,122,3554,408,9585,706,2526,12486,6722,ITI,ITI4,12,Lazio,Lazio,5879082,104903,1.78,0.33
754,2021-01-28,LAZ,7955,2998,4957,6811,374,122,514,134,0,0,459,7496,ITI,ITI4,12,Lazio,Lazio,5879082,112858,1.92,0.14
755,2021-04-07,LAZ,24279,11041,13238,2914,77,13300,189,7605,101,93,17284,6995,ITI,ITI4,12,Lazio,Lazio,5879082,137137,2.33,0.41
756,2021-01-30,LAZ,6649,2730,3919,5298,265,309,651,126,0,0,448,6201,ITI,ITI4,12,Lazio,Lazio,5879082,143786,2.45,0.11
757,2021-03-08,LAZ,19881,8221,11660,2452,120,2062,380,9056,1102,4709,14619,5262,ITI,ITI4,12,Lazio,Lazio,5879082,163667,2.78,0.34
758,2021-04-08,LAZ,25840,11825,14015,4554,80,13419,186,7414,135,52,18309,7531,ITI,ITI4,12,Lazio,Lazio,5879082,189507,3.22,0.44
759,2021-01-20,LAZ,4391,1658,2733,3279,233,166,427,286,0,0,2850,1541,ITI,ITI4,12,Lazio,Lazio,5879082,193898,3.3,0.07
760,2021-02-10,LAZ,7777,3117,4660,2646,275,306,634,3916,0,0,4841,2936,ITI,ITI4,12,Lazio,Lazio,5879082,201675,3.43,0.13
761,2021-02-25,LAZ,12636,5514,7122,1754,434,776,489,5149,1423,2611,11590,1046,ITI,ITI4,12,Lazio,Lazio,5879082,214311,3.65,0.21
762,2021-03-28,LAZ,18782,7522,11260,1061,17,6542,77,8373,106,2606,13485,5297,ITI,ITI4,12,Lazio,Lazio,5879082,233093,3.96,0.32
763,2021-01-09,LAZ,6293,2560,3733,5115,229,329,620,0,0,0,6293,0,ITI,ITI4,12,Lazio,Lazio,5879082,239386,4.07,0.11
764,2021-01-26,LAZ,7605,2907,4698,6592,213,44,631,125,0,0,374,7231,ITI,ITI4,12,Lazio,Lazio,5879082,246991,4.2,0.13
765,2021-02-13,LAZ,6274,2436,3838,2123,42,171,280,3658,0,0,6186,88,ITI,ITI4,12,Lazio,Lazio,5879082,253265,4.31,0.11
766,2021-03-18,LAZ,14172,6057,8115,1766,90,2632,330,9339,9,6,7797,6375,ITI,ITI4,12,Lazio,Lazio,5879082,267437,4.55,0.24
767,2021-02-22,LAZ,11422,4976,6446,1779,123,186,473,5249,1390,2222,10921,501,ITI,ITI4,12,Lazio,Lazio,5879082,278859,4.74,0.19
768,2021-02-24,LAZ,12009,5185,6824,1798,428,508,337,5211,1327,2400,11019,990,ITI,ITI4,12,Lazio,Lazio,5879082,290868,4.95,0.2
769,2021-04-10,LAZ,23353,10171,13182,3186,45,12934,111,6981,18,78,16264,7089,ITI,ITI4,12,Lazio,Lazio,5879082,314221,5.34,0.4
770,2021-03-22,LAZ,21328,8871,12457,1532,75,5972,245,9126,517,3861,14946,6382,ITI,ITI4,12,Lazio,Lazio,5879082,335549,5.71,0.36
771,2021-03-16,LAZ,13480,5712,7768,1504,69,2147,280,9468,7,5,7057,6423,ITI,ITI4,12,Lazio,Lazio,5879082,349029,5.94,0.23
772,2020-12-30,LAZ,1630,629,1001,1603,0,0,27,0,0,0,1630,0,ITI,ITI4,12,Lazio,Lazio,5879082,350659,5.96,0.03
773,2021-01-17,LAZ,4567,1844,2723,3243,145,191,177,811,0,0,4355,212,ITI,ITI4,12,Lazio,Lazio,5879082,355226,6.04,0.08
774,2021-01-04,LAZ,7478,2907,4571,7075,5,81,316,0,0,1,7478,0,ITI,ITI4,12,Lazio,Lazio,5879082,362704,6.17,0.13
775,2021-02-01,LAZ,5669,2173,3496,4784,189,130,559,7,0,0,353,5316,ITI,ITI4,12,Lazio,Lazio,5879082,368373,6.27,0.1
776,2021-01-07,LAZ,7743,2901,4842,6898,175,104,566,0,0,0,7743,0,ITI,ITI4,12,Lazio,Lazio,5879082,376116,6.4,0.13
777,2021-03-11,LAZ,23666,10521,13145,4849,124,3028,440,9262,1526,4437,17442,6224,ITI,ITI4,12,Lazio,Lazio,5879082,399782,6.8,0.4
778,2021-02-20,LAZ,8824,4094,4730,1942,111,378,298,4763,1310,22,8407,417,ITI,ITI4,12,Lazio,Lazio,5879082,408606,6.95,0.15
779,2021-04-05,LAZ,19692,8960,10732,538,34,11521,28,7498,10,63,13548,6144,ITI,ITI4,12,Lazio,Lazio,5879082,428298,7.29,0.33
780,2021-01-18,LAZ,5839,2268,3571,3905,387,369,725,453,0,0,4861,978,ITI,ITI4,12,Lazio,Lazio,5879082,434137,7.38,0.1
781,2021-02-27,LAZ,11380,4249,7131,1359,399,486,515,4798,1120,2703,10427,953,ITI,ITI4,12,Lazio,Lazio,5879082,445517,7.58,0.19
782,2021-03-21,LAZ,17779,6809,10970,1239,27,4693,111,8173,100,3436,12758,5021,ITI,ITI4,12,Lazio,Lazio,5879082,463296,7.88,0.3
783,2021-03-30,LAZ,24946,11443,13503,3779,86,11217,248,9107,221,288,17861,7085,ITI,ITI4,12,Lazio,Lazio,5879082,488242,8.3,0.42
784,2021-03-25,LAZ,26368,11248,15120,4796,84,8019,318,9468,199,3484,20070,6298,ITI,ITI4,12,Lazio,Lazio,5879082,514610,8.75,0.45
785,2021-02-04,LAZ,6045,2281,3764,4460,354,267,892,72,0,0,942,5103,ITI,ITI4,12,Lazio,Lazio,5879082,520655,8.86,0.1
786,2021-01-22,LAZ,3663,1442,2221,3380,63,27,70,123,0,0,148,3515,ITI,ITI4,12,Lazio,Lazio,5879082,524318,8.92,0.06
787,2021-04-06,LAZ,23451,10504,12947,2188,82,13084,94,7640,200,163,16515,6936,ITI,ITI4,12,Lazio,Lazio,5879082,547769,9.32,0.4
788,2021-03-05,LAZ,18507,7807,10700,2729,171,1574,256,8485,1323,3969,13786,4721,ITI,ITI4,12,Lazio,Lazio,5879082,566276,9.63,0.31
789,2021-04-09,LAZ,26521,11929,14592,4674,131,13937,162,7423,129,65,18486,8035,ITI,ITI4,12,Lazio,Lazio,5879082,592797,10.08,0.45
790,2021-04-02,LAZ,27740,12958,14782,5742,89,12872,166,8466,221,184,20494,7246,ITI,ITI4,12,Lazio,Lazio,5879082,620537,10.55,0.47
791,2021-03-20,LAZ,18130,6783,11347,1840,139,3764,360,8776,204,3047,12294,5836,ITI,ITI4,12,Lazio,Lazio,5879082,638667,10.86,0.31
792,2020-12-29,LAZ,488,176,312,486,2,0,0,0,0,0,488,0,ITI,ITI4,12,Lazio,Lazio,5879082,639155,10.87,0.01
793,2021-03-13,LAZ,21339,8378,12961,5142,109,2382,330,8917,720,3739,15446,5893,ITI,ITI4,12,Lazio,Lazio,5879082,660494,11.23,0.36
794,2021-01-03,LAZ,5250,1972,3278,5125,18,42,65,0,0,0,5250,0,ITI,ITI4,12,Lazio,Lazio,5879082,665744,11.32,0.09
795,2021-02-03,LAZ,6288,2348,3940,4620,335,220,1078,35,0,0,901,5387,ITI,ITI4,12,Lazio,Lazio,5879082,672032,11.43,0.11
796,2021-03-24,LAZ,25587,11137,14450,3762,92,8388,107,9399,240,3599,19483,6104,ITI,ITI4,12,Lazio,Lazio,5879082,697619,11.87,0.44
797,2021-03-23,LAZ,23114,9991,13123,2491,98,6788,181,9162,538,3856,16843,6271,ITI,ITI4,12,Lazio,Lazio,5879082,720733,12.26,0.39
798,2021-02-06,LAZ,5099,2025,3074,3279,207,424,680,509,0,0,799,4300,ITI,ITI4,12,Lazio,Lazio,5879082,725832,12.35,0.09
799,2021-03-10,LAZ,21864,9407,12457,4077,143,2492,452,8904,1179,4617,16228,5636,ITI,ITI4,12,Lazio,Lazio,5879082,747696,12.72,0.37
800,2021-02-18,LAZ,9676,4799,4877,2162,91,328,473,4956,1665,1,9178,498,ITI,ITI4,12,Lazio,Lazio,5879082,757372,12.88,0.16
801,2021-01-19,LAZ,4361,1671,2690,2967,222,340,424,408,0,0,3908,453,ITI,ITI4,12,Lazio,Lazio,5879082,761733,12.96,0.07
802,2021-02-05,LAZ,6910,2722,4188,5095,373,258,995,189,0,0,1131,5779,ITI,ITI4,12,Lazio,Lazio,5879082,768643,13.07,0.12
803,2021-01-29,LAZ,7595,2867,4728,6373,259,169,704,90,0,0,477,7118,ITI,ITI4,12,Lazio,Lazio,5879082,776238,13.2,0.13
804,2021-02-28,LAZ,10224,3996,6228,1601,260,428,77,4577,682,2599,9710,514,ITI,ITI4,12,Lazio,Lazio,5879082,786462,13.38,0.17
805,2021-02-11,LAZ,6658,2788,3870,2197,174,160,500,3627,0,0,6460,198,ITI,ITI4,12,Lazio,Lazio,5879082,793120,13.49,0.11
806,2021-01-01,LAZ,3554,1382,2172,3483,0,3,68,0,0,0,3554,0,ITI,ITI4,12,Lazio,Lazio,5879082,796674,13.55,0.06
807,2021-03-26,LAZ,27588,11971,15617,5366,94,8700,330,9574,275,3249,20996,6592,ITI,ITI4,12,Lazio,Lazio,5879082,824262,14.02,0.47
808,2021-03-12,LAZ,22680,10026,12654,4709,170,3253,400,9426,774,3948,16368,6312,ITI,ITI4,12,Lazio,Lazio,5879082,846942,14.41,0.39
809,2021-01-23,LAZ,6883,2682,4201,6063,247,31,417,125,0,0,255,6628,ITI,ITI4,12,Lazio,Lazio,5879082,853825,14.52,0.12
810,2021-04-04,LAZ,17360,8003,9357,397,38,10174,11,6683,15,42,12136,5224,ITI,ITI4,12,Lazio,Lazio,5879082,871185,14.82,0.3
811,2021-01-12,LAZ,5391,1974,3417,4343,342,122,584,0,0,0,5391,0,ITI,ITI4,12,Lazio,Lazio,5879082,876576,14.91,0.09
812,2021-01-16,LAZ,5353,2075,3278,3358,241,220,1064,470,0,0,5353,0,ITI,ITI4,12,Lazio,Lazio,5879082,881929,15.0,0.09
813,2021-01-15,LAZ,6245,2477,3768,4498,417,187,988,155,0,0,6245,0,ITI,ITI4,12,Lazio,Lazio,5879082,888174,15.11,0.11
814,2021-01-21,LAZ,5247,2109,3138,4780,78,32,232,125,0,0,196,5051,ITI,ITI4,12,Lazio,Lazio,5879082,893421,15.2,0.09
815,2021-02-02,LAZ,5772,2133,3639,4712,367,119,571,3,0,0,501,5271,ITI,ITI4,12,Lazio,Lazio,5879082,899193,15.29,0.1
816,2021-02-21,LAZ,6801,3101,3700,1245,53,310,51,4519,607,16,6519,282,ITI,ITI4,12,Lazio,Lazio,5879082,905994,15.41,0.12
817,2021-04-01,LAZ,27713,12726,14987,5792,91,12363,284,8648,287,248,20621,7092,ITI,ITI4,12,Lazio,Lazio,5879082,933707,15.88,0.47
818,2020-12-27,LAZ,272,131,141,272,0,0,0,0,0,0,272,0,ITI,ITI4,12,Lazio,Lazio,5879082,933979,15.89,0.0
819,2021-02-15,LAZ,7727,3379,4348,2447,362,313,379,4218,8,0,7430,297,ITI,ITI4,12,Lazio,Lazio,5879082,941706,16.02,0.13
820,2021-04-03,LAZ,24034,10757,13277,4660,65,11222,111,7739,30,207,17421,6613,ITI,ITI4,12,Lazio,Lazio,5879082,965740,16.43,0.41
821,2021-02-26,LAZ,12894,5607,7287,1909,533,804,352,5171,1385,2740,11676,1218,ITI,ITI4,12,Lazio,Lazio,5879082,978634,16.65,0.22
822,2021-02-17,LAZ,8810,4372,4438,2282,226,208,499,4249,1345,1,8282,528,ITI,ITI4,12,Lazio,Lazio,5879082,987444,16.8,0.15
823,2021-02-12,LAZ,6494,2645,3849,1995,136,287,302,3774,0,0,6417,77,ITI,ITI4,12,Lazio,Lazio,5879082,993938,16.91,0.11
824,2021-01-25,LAZ,7761,3041,4720,7006,205,65,363,122,0,0,421,7340,ITI,ITI4,12,Lazio,Lazio,5879082,1001699,17.04,0.13
825,2021-04-12,LAZ,22763,10256,12507,1367,63,13851,100,7237,73,72,16064,6699,ITI,ITI4,12,Lazio,Lazio,5879082,1024462,17.43,0.39
826,2021-03-06,LAZ,18011,6914,11097,3699,113,1252,327,7916,932,3772,13757,4254,ITI,ITI4,12,Lazio,Lazio,5879082,1042473,17.73,0.31
827,2021-04-11,LAZ,18807,8332,10475,489,29,11939,50,6266,3,31,12971,5836,ITI,ITI4,12,Lazio,Lazio,5879082,1061280,18.05,0.32
828,2021-03-17,LAZ,13517,5765,7752,1510,87,2241,255,9403,7,14,7305,6212,ITI,ITI4,12,Lazio,Lazio,5879082,1074797,18.28,0.23
829,2021-03-14,LAZ,17053,6598,10455,1362,89,3295,81,8335,445,3446,11899,5154,ITI,ITI4,12,Lazio,Lazio,5879082,1091850,18.57,0.29
830,2021-03-03,LAZ,17109,7222,9887,2111,200,1177,379,8056,1249,3937,12819,4290,ITI,ITI4,12,Lazio,Lazio,5879082,1108959,18.86,0.29
831,2021-03-01,LAZ,16652,7113,9539,1555,527,1210,385,7990,1406,3579,12800,3852,ITI,ITI4,12,Lazio,Lazio,5879082,1125611,19.15,0.28
832,2021-02-16,LAZ,8044,3863,4181,2058,102,476,261,4195,951,1,7787,257,ITI,ITI4,12,Lazio,Lazio,5879082,1133655,19.28,0.14
833,2021-01-06,LAZ,5119,1960,3159,4619,45,133,320,0,1,1,5119,0,ITI,ITI4,12,Lazio,Lazio,5879082,1138774,19.37,0.09
834,2021-02-23,LAZ,10915,4682,6233,1897,109,493,309,5182,1015,1910,10291,624,ITI,ITI4,12,Lazio,Lazio,5879082,1149689,19.56,0.19
835,2021-03-31,LAZ,25676,11822,13854,4253,82,11762,135,8978,220,246,18704,6972,ITI,ITI4,12,Lazio,Lazio,5879082,1175365,19.99,0.44
836,2021-02-09,LAZ,8393,3484,4909,3258,244,338,548,4005,0,0,4571,3822,ITI,ITI4,12,Lazio,Lazio,5879082,1183758,20.14,0.14
837,2020-12-31,LAZ,5291,2121,3170,4987,12,13,279,0,0,0,5291,0,ITI,ITI4,12,Lazio,Lazio,5879082,1189049,20.23,0.09
838,2021-01-05,LAZ,7370,2802,4568,6690,0,102,577,0,1,0,7370,0,ITI,ITI4,12,Lazio,Lazio,5879082,1196419,20.35,0.13
839,2021-03-19,LAZ,17011,7268,9743,2122,140,3762,389,9344,248,1006,10711,6300,ITI,ITI4,12,Lazio,Lazio,5879082,1213430,20.64,0.29
840,2020-12-28,LAZ,959,412,547,957,0,2,0,0,0,0,959,0,ITI,ITI4,12,Lazio,Lazio,5879082,1214389,20.66,0.02
841,2021-02-07,LAZ,4669,1865,2804,3252,138,247,218,813,0,1,382,4287,ITI,ITI4,12,Lazio,Lazio,5879082,1219058,20.74,0.08
842,2021-02-08,LAZ,9336,3868,5468,3789,428,447,918,3754,0,0,4488,4848,ITI,ITI4,12,Lazio,Lazio,5879082,1228394,20.89,0.16
843,2021-03-29,LAZ,23624,10605,13019,2057,87,10808,143,9473,259,797,16742,6882,ITI,ITI4,12,Lazio,Lazio,5879082,1252018,21.3,0.4
844,2021-02-14,LAZ,5536,2246,3290,1645,20,298,127,3446,0,0,5287,249,ITI,ITI4,12,Lazio,Lazio,5879082,1257554,21.39,0.09
845,2021-01-14,LAZ,5232,1961,3271,3887,304,146,811,84,0,0,5232,0,ITI,ITI4,12,Lazio,Lazio,5879082,1262786,21.48,0.09
846,2021-01-02,LAZ,6704,2629,4075,6268,47,31,358,0,0,0,6704,0,ITI,ITI4,12,Lazio,Lazio,5879082,1269490,21.59,0.11
847,2021-03-09,LAZ,20821,8920,11901,3380,104,2188,338,8964,1230,4617,15628,5193,ITI,ITI4,12,Lazio,Lazio,5879082,1290311,21.95,0.35
848,2021-03-27,LAZ,25581,10196,15385,5585,103,6819,289,9196,134,3455,19333,6248,ITI,ITI4,12,Lazio,Lazio,5879082,1315892,22.38,0.44
849,2021-02-19,LAZ,9698,4893,4805,2170,93,297,408,5060,1636,34,9201,497,ITI,ITI4,12,Lazio,Lazio,5879082,1325590,22.55,0.16
850,2021-01-08,LAZ,7726,2894,4832,6519,191,218,798,0,0,0,7726,0,ITI,ITI4,12,Lazio,Lazio,5879082,1333316,22.68,0.13
851,2021-03-04,LAZ,18253,7766,10487,2800,211,1345,507,8170,1315,3905,13240,5013,ITI,ITI4,12,Lazio,Lazio,5879082,1351569,22.99,0.31
852,2021-02-05,MAR,2157,653,1504,1318,20,400,419,0,0,0,440,1717,ITI,ITI3,11,Marche,Marche,1525271,2157,0.14,0.14
853,2021-02-03,MAR,2125,742,1383,1344,2,613,166,0,0,0,119,2006,ITI,ITI3,11,Marche,Marche,1525271,4282,0.28,0.14
854,2021-01-15,MAR,1771,500,1271,985,60,360,366,0,0,0,1771,0,ITI,ITI3,11,Marche,Marche,1525271,6053,0.4,0.12
855,2021-02-28,MAR,2841,1251,1590,19,0,18,0,2800,2,2,2835,6,ITI,ITI3,11,Marche,Marche,1525271,8894,0.58,0.19
856,2021-03-30,MAR,7445,3056,4389,524,2,2020,244,4258,30,367,4607,2838,ITI,ITI3,11,Marche,Marche,1525271,16339,1.07,0.49
857,2021-01-13,MAR,2105,746,1359,1408,11,610,76,0,0,0,2105,0,ITI,ITI3,11,Marche,Marche,1525271,18444,1.21,0.14
858,2021-01-24,MAR,892,342,550,773,0,119,0,0,0,0,17,875,ITI,ITI3,11,Marche,Marche,1525271,19336,1.27,0.06
859,2021-03-15,MAR,4511,2119,2392,300,4,469,8,3475,14,241,1422,3089,ITI,ITI3,11,Marche,Marche,1525271,23847,1.56,0.3
860,2021-02-21,MAR,377,142,235,204,1,114,57,0,0,1,376,1,ITI,ITI3,11,Marche,Marche,1525271,24224,1.59,0.02
861,2021-01-02,MAR,453,139,314,444,0,9,0,0,0,0,453,0,ITI,ITI3,11,Marche,Marche,1525271,24677,1.62,0.03
862,2021-03-29,MAR,5895,2586,3309,228,5,1161,35,4240,11,215,3443,2452,ITI,ITI3,11,Marche,Marche,1525271,30572,2.0,0.39
863,2021-03-25,MAR,6657,2774,3883,464,12,947,365,4307,43,519,3247,3410,ITI,ITI3,11,Marche,Marche,1525271,37229,2.44,0.44
864,2021-01-23,MAR,557,190,367,440,14,40,63,0,0,0,123,434,ITI,ITI3,11,Marche,Marche,1525271,37786,2.48,0.04
865,2021-02-06,MAR,2460,900,1560,1402,40,603,415,0,0,0,523,1937,ITI,ITI3,11,Marche,Marche,1525271,40246,2.64,0.16
866,2020-12-30,MAR,17,5,12,14,0,3,0,0,0,0,17,0,ITI,ITI3,11,Marche,Marche,1525271,40263,2.64,0.0
867,2021-04-01,MAR,7593,3186,4407,390,4,2261,38,4590,26,284,4167,3426,ITI,ITI3,11,Marche,Marche,1525271,47856,3.14,0.5
868,2021-01-04,MAR,1500,563,937,1290,36,163,11,0,0,0,1500,0,ITI,ITI3,11,Marche,Marche,1525271,49356,3.24,0.1
869,2021-01-03,MAR,896,348,548,759,0,137,0,0,0,0,896,0,ITI,ITI3,11,Marche,Marche,1525271,50252,3.29,0.06
870,2021-01-19,MAR,225,81,144,120,0,20,85,0,0,0,141,84,ITI,ITI3,11,Marche,Marche,1525271,50477,3.31,0.01
871,2021-03-11,MAR,6832,2930,3902,1094,11,911,38,3227,403,1148,5461,1371,ITI,ITI3,11,Marche,Marche,1525271,57309,3.76,0.45
872,2021-02-15,MAR,973,413,560,544,60,368,1,0,0,0,960,13,ITI,ITI3,11,Marche,Marche,1525271,58282,3.82,0.06
873,2021-03-09,MAR,5532,2375,3157,754,8,463,36,2588,613,1070,4643,889,ITI,ITI3,11,Marche,Marche,1525271,63814,4.18,0.36
874,2021-02-16,MAR,1292,475,817,737,8,455,92,0,0,0,1262,30,ITI,ITI3,11,Marche,Marche,1525271,65106,4.27,0.08
875,2021-03-22,MAR,5661,2378,3283,408,8,448,69,4182,113,433,2532,3129,ITI,ITI3,11,Marche,Marche,1525271,70767,4.64,0.37
876,2021-02-19,MAR,1971,716,1255,1273,11,481,203,1,0,2,1836,135,ITI,ITI3,11,Marche,Marche,1525271,72738,4.77,0.13
877,2021-02-18,MAR,2104,746,1358,1150,41,509,402,1,0,1,1816,288,ITI,ITI3,11,Marche,Marche,1525271,74842,4.91,0.14
878,2021-03-27,MAR,7418,3082,4336,278,1,2494,135,3729,70,711,5049,2369,ITI,ITI3,11,Marche,Marche,1525271,82260,5.39,0.49
879,2021-01-31,MAR,1928,772,1156,1532,0,396,0,0,0,0,105,1823,ITI,ITI3,11,Marche,Marche,1525271,84188,5.52,0.13
880,2021-01-14,MAR,2010,692,1318,1112,67,533,298,0,0,0,2010,0,ITI,ITI3,11,Marche,Marche,1525271,86198,5.65,0.13
881,2021-03-13,MAR,5877,2708,3169,664,21,517,57,4248,133,237,1916,3961,ITI,ITI3,11,Marche,Marche,1525271,92075,6.04,0.39
882,2021-02-02,MAR,1193,397,796,804,17,279,93,0,0,0,73,1120,ITI,ITI3,11,Marche,Marche,1525271,93268,6.11,0.08
883,2021-01-05,MAR,1562,586,976,1436,0,126,0,0,0,0,1562,0,ITI,ITI3,11,Marche,Marche,1525271,94830,6.22,0.1
884,2021-01-27,MAR,2120,780,1340,1754,7,219,140,0,0,0,122,1998,ITI,ITI3,11,Marche,Marche,1525271,96950,6.36,0.14
885,2021-04-03,MAR,7582,3207,4375,321,3,3986,55,2922,2,293,6911,671,ITI,ITI3,11,Marche,Marche,1525271,104532,6.85,0.5
886,2021-02-08,MAR,833,258,575,408,21,142,262,0,0,0,371,462,ITI,ITI3,11,Marche,Marche,1525271,105365,6.91,0.05
887,2021-04-11,MAR,7134,3123,4011,282,1,4797,0,1233,38,783,6848,286,ITI,ITI3,11,Marche,Marche,1525271,112499,7.38,0.47
888,2021-03-28,MAR,4132,1742,2390,45,1,1030,5,2651,4,396,2437,1695,ITI,ITI3,11,Marche,Marche,1525271,116631,7.65,0.27
889,2021-01-09,MAR,1709,605,1104,1406,0,303,0,0,0,0,1709,0,ITI,ITI3,11,Marche,Marche,1525271,118340,7.76,0.11
890,2020-12-27,MAR,200,97,103,184,4,8,4,0,0,0,200,0,ITI,ITI3,11,Marche,Marche,1525271,118540,7.77,0.01
891,2021-03-18,MAR,3445,1514,1931,326,6,258,123,2653,76,3,216,3229,ITI,ITI3,11,Marche,Marche,1525271,121985,8.0,0.23
892,2021-02-25,MAR,3563,1447,2116,432,6,207,423,2491,3,1,3384,179,ITI,ITI3,11,Marche,Marche,1525271,125548,8.23,0.23
893,2021-04-07,MAR,7794,3431,4363,188,2,5289,13,1305,24,973,7458,336,ITI,ITI3,11,Marche,Marche,1525271,133342,8.74,0.51
894,2021-02-12,MAR,1583,618,965,815,11,669,88,0,0,0,1431,152,ITI,ITI3,11,Marche,Marche,1525271,134925,8.85,0.1
895,2021-04-12,MAR,8574,3778,4796,179,7,5893,5,1315,19,1156,8088,486,ITI,ITI3,11,Marche,Marche,1525271,143499,9.41,0.56
896,2021-01-11,MAR,1176,411,765,1021,2,153,0,0,0,0,1176,0,ITI,ITI3,11,Marche,Marche,1525271,144675,9.49,0.08
897,2021-01-28,MAR,1973,659,1314,1581,0,291,101,0,0,0,167,1806,ITI,ITI3,11,Marche,Marche,1525271,146648,9.61,0.13
898,2021-01-25,MAR,1596,559,1037,1426,12,102,56,0,0,0,97,1499,ITI,ITI3,11,Marche,Marche,1525271,148244,9.72,0.1
899,2021-01-07,MAR,1802,633,1169,1480,0,322,0,0,0,0,1802,0,ITI,ITI3,11,Marche,Marche,1525271,150046,9.84,0.12
900,2021-03-19,MAR,3869,1604,2265,495,1,233,293,2837,4,6,343,3526,ITI,ITI3,11,Marche,Marche,1525271,153915,10.09,0.25
901,2021-02-04,MAR,2342,810,1532,1406,54,607,275,0,0,0,112,2230,ITI,ITI3,11,Marche,Marche,1525271,156257,10.24,0.15
902,2021-04-06,MAR,8880,3694,5186,310,2,4865,67,1866,42,1728,8066,814,ITI,ITI3,11,Marche,Marche,1525271,165137,10.83,0.58
903,2021-01-22,MAR,487,167,320,315,19,66,87,0,0,0,194,293,ITI,ITI3,11,Marche,Marche,1525271,165624,10.86,0.03
904,2021-02-10,MAR,1439,452,987,881,26,317,215,0,0,0,1080,359,ITI,ITI3,11,Marche,Marche,1525271,167063,10.95,0.09
905,2021-03-10,MAR,5783,2490,3293,721,22,799,101,2675,424,1041,4646,1137,ITI,ITI3,11,Marche,Marche,1525271,172846,11.33,0.38
906,2021-01-18,MAR,673,230,443,370,5,166,132,0,0,0,547,126,ITI,ITI3,11,Marche,Marche,1525271,173519,11.38,0.04
907,2021-03-23,MAR,5818,2538,3280,259,9,360,130,4588,144,328,2271,3547,ITI,ITI3,11,Marche,Marche,1525271,179337,11.76,0.38
908,2021-01-10,MAR,1737,699,1038,1462,0,275,0,0,0,0,1737,0,ITI,ITI3,11,Marche,Marche,1525271,181074,11.87,0.11
909,2021-03-24,MAR,7035,2982,4053,483,20,961,187,4728,64,592,3367,3668,ITI,ITI3,11,Marche,Marche,1525271,188109,12.33,0.46
910,2021-01-20,MAR,398,99,299,146,15,47,190,0,0,0,386,12,ITI,ITI3,11,Marche,Marche,1525271,188507,12.36,0.03
911,2021-03-14,MAR,2517,1036,1481,442,0,80,0,1537,2,456,1919,598,ITI,ITI3,11,Marche,Marche,1525271,191024,12.52,0.17
912,2021-03-05,MAR,6289,2955,3334,1128,13,865,143,2378,960,802,4822,1467,ITI,ITI3,11,Marche,Marche,1525271,197313,12.94,0.41
913,2021-02-09,MAR,125,42,83,78,0,21,26,0,0,0,47,78,ITI,ITI3,11,Marche,Marche,1525271,197438,12.94,0.01
914,2021-03-01,MAR,3727,1489,2238,387,6,171,82,2790,5,286,3480,247,ITI,ITI3,11,Marche,Marche,1525271,201165,13.19,0.24
915,2021-02-07,MAR,1871,735,1136,1156,5,664,46,0,0,0,344,1527,ITI,ITI3,11,Marche,Marche,1525271,203036,13.31,0.12
916,2021-04-08,MAR,7522,3284,4238,273,8,5165,37,1317,7,715,7191,331,ITI,ITI3,11,Marche,Marche,1525271,210558,13.8,0.49
917,2020-12-31,MAR,383,178,205,370,0,13,0,0,0,0,383,0,ITI,ITI3,11,Marche,Marche,1525271,210941,13.83,0.03
918,2021-02-14,MAR,738,301,437,578,2,158,0,0,0,0,738,0,ITI,ITI3,11,Marche,Marche,1525271,211679,13.88,0.05
919,2021-01-08,MAR,1574,588,986,1226,0,348,0,0,0,0,1574,0,ITI,ITI3,11,Marche,Marche,1525271,213253,13.98,0.1
920,2021-01-26,MAR,2016,746,1270,1736,1,193,86,0,0,0,92,1924,ITI,ITI3,11,Marche,Marche,1525271,215269,14.11,0.13
921,2021-02-13,MAR,1064,455,609,457,28,489,90,0,0,0,1012,52,ITI,ITI3,11,Marche,Marche,1525271,216333,14.18,0.07
922,2021-03-04,MAR,6623,2974,3649,1064,8,930,106,2800,946,769,5229,1394,ITI,ITI3,11,Marche,Marche,1525271,222956,14.62,0.43
923,2021-03-08,MAR,6366,2807,3559,768,14,604,219,3102,644,1015,5364,1002,ITI,ITI3,11,Marche,Marche,1525271,229322,15.03,0.42
924,2021-01-29,MAR,1991,730,1261,1479,4,434,74,0,0,0,168,1823,ITI,ITI3,11,Marche,Marche,1525271,231313,15.17,0.13
925,2021-01-16,MAR,2006,723,1283,1059,43,619,285,0,0,0,2006,0,ITI,ITI3,11,Marche,Marche,1525271,233319,15.3,0.13
926,2021-03-12,MAR,4716,2020,2696,820,10,723,0,1904,330,929,3471,1245,ITI,ITI3,11,Marche,Marche,1525271,238035,15.61,0.31
927,2021-03-26,MAR,6345,2614,3731,335,21,1322,182,3928,56,501,3534,2811,ITI,ITI3,11,Marche,Marche,1525271,244380,16.02,0.42
928,2021-02-01,MAR,1365,480,885,1057,1,226,81,0,0,0,98,1267,ITI,ITI3,11,Marche,Marche,1525271,245745,16.11,0.09
929,2021-04-13,MAR,9472,4128,5344,197,5,7319,41,824,13,1073,9233,239,ITI,ITI3,11,Marche,Marche,1525271,255217,16.73,0.62
930,2021-03-21,MAR,4512,1878,2634,87,0,109,54,4047,10,205,1632,2880,ITI,ITI3,11,Marche,Marche,1525271,259729,17.03,0.3
931,2021-01-21,MAR,896,253,643,460,41,59,336,0,0,0,585,311,ITI,ITI3,11,Marche,Marche,1525271,260625,17.09,0.06
932,2021-03-06,MAR,5732,2647,3085,973,4,833,125,2400,650,747,4464,1268,ITI,ITI3,11,Marche,Marche,1525271,266357,17.46,0.38
933,2021-03-17,MAR,3435,1497,1938,301,5,178,117,2822,7,5,111,3324,ITI,ITI3,11,Marche,Marche,1525271,269792,17.69,0.23
934,2021-02-17,MAR,1791,664,1127,968,24,498,300,1,0,0,1672,119,ITI,ITI3,11,Marche,Marche,1525271,271583,17.81,0.12
935,2021-02-26,MAR,3635,1502,2133,449,34,205,385,2519,4,39,3159,476,ITI,ITI3,11,Marche,Marche,1525271,275218,18.04,0.24
936,2021-02-24,MAR,3444,1506,1938,226,11,224,168,2811,3,1,3364,80,ITI,ITI3,11,Marche,Marche,1525271,278662,18.27,0.23
937,2021-01-17,MAR,1598,682,916,964,14,574,46,0,0,0,1549,49,ITI,ITI3,11,Marche,Marche,1525271,280260,18.37,0.1
938,2021-03-02,MAR,4966,1943,3023,589,24,251,242,3319,3,538,4400,566,ITI,ITI3,11,Marche,Marche,1525271,285226,18.7,0.33
939,2021-02-20,MAR,4127,1708,2419,118,24,387,261,3334,3,0,4016,111,ITI,ITI3,11,Marche,Marche,1525271,289353,18.97,0.27
940,2021-04-09,MAR,9615,4219,5396,270,5,6348,31,1613,27,1321,9415,200,ITI,ITI3,11,Marche,Marche,1525271,298968,19.6,0.63
941,2021-03-20,MAR,4146,1745,2401,181,8,110,111,3641,6,89,1054,3092,ITI,ITI3,11,Marche,Marche,1525271,303114,19.87,0.27
942,2021-04-05,MAR,5691,2356,3335,253,5,2344,60,2261,10,758,4422,1269,ITI,ITI3,11,Marche,Marche,1525271,308805,20.25,0.37
943,2021-02-11,MAR,1988,658,1330,1155,15,606,212,0,0,0,1599,389,ITI,ITI3,11,Marche,Marche,1525271,310793,20.38,0.13
944,2021-02-22,MAR,3414,1499,1915,326,10,398,77,2596,5,2,3339,75,ITI,ITI3,11,Marche,Marche,1525271,314207,20.6,0.22
945,2021-04-10,MAR,10990,4653,6337,311,8,7314,50,2185,21,1101,10671,319,ITI,ITI3,11,Marche,Marche,1525271,325197,21.32,0.72
946,2021-03-16,MAR,3577,1549,2028,317,3,193,54,2928,77,5,394,3183,ITI,ITI3,11,Marche,Marche,1525271,328774,21.56,0.23
947,2021-04-04,MAR,3826,1793,2033,189,0,1539,0,2009,5,84,2655,1171,ITI,ITI3,11,Marche,Marche,1525271,332600,21.81,0.25
948,2021-03-07,MAR,5183,2108,3075,607,2,355,0,3007,316,896,4430,753,ITI,ITI3,11,Marche,Marche,1525271,337783,22.15,0.34
949,2021-01-30,MAR,1908,669,1239,1566,0,342,0,0,0,0,29,1879,ITI,ITI3,11,Marche,Marche,1525271,339691,22.27,0.13
950,2021-03-03,MAR,6758,3091,3667,818,23,798,254,3133,949,783,5877,881,ITI,ITI3,11,Marche,Marche,1525271,346449,22.71,0.44
951,2021-02-27,MAR,3374,1440,1934,186,9,163,161,2848,6,1,3165,209,ITI,ITI3,11,Marche,Marche,1525271,349823,22.94,0.22
952,2021-01-06,MAR,2181,792,1389,1738,40,256,147,0,0,0,2181,0,ITI,ITI3,11,Marche,Marche,1525271,352004,23.08,0.14
953,2021-02-23,MAR,3274,1400,1874,219,4,133,116,2794,8,0,3218,56,ITI,ITI3,11,Marche,Marche,1525271,355278,23.29,0.21
954,2021-03-31,MAR,7369,3084,4285,473,8,1910,153,4538,30,257,4351,3018,ITI,ITI3,11,Marche,Marche,1525271,362647,23.78,0.48
955,2021-04-02,MAR,6987,3030,3957,388,3,3270,108,2656,140,422,6245,742,ITI,ITI3,11,Marche,Marche,1525271,369634,24.23,0.46
956,2021-01-12,MAR,1226,413,813,912,0,264,50,0,0,0,1226,0,ITI,ITI3,11,Marche,Marche,1525271,370860,24.31,0.08
957,2021-02-17,CAM,7388,3210,4178,1013,197,870,38,4908,0,362,6328,1060,ITF,ITF3,15,Campania,Campania,5801692,7388,0.13,0.13
958,2021-01-09,CAM,10566,5024,5542,6759,1256,2282,269,0,0,0,10566,0,ITF,ITF3,15,Campania,Campania,5801692,17954,0.31,0.18
959,2021-02-16,CAM,5435,2410,3025,983,272,836,169,3174,0,1,4664,771,ITF,ITF3,15,Campania,Campania,5801692,23389,0.4,0.09
960,2021-01-25,CAM,5744,2926,2818,4743,644,301,56,0,0,0,164,5580,ITF,ITF3,15,Campania,Campania,5801692,29133,0.5,0.1
961,2021-02-27,CAM,13943,4471,9472,825,285,1280,82,3160,0,8311,12301,1642,ITF,ITF3,15,Campania,Campania,5801692,43076,0.74,0.24
962,2021-02-18,CAM,9079,3811,5268,1752,228,1033,88,5540,0,438,8371,708,ITF,ITF3,15,Campania,Campania,5801692,52155,0.9,0.16
963,2020-12-27,CAM,720,422,298,703,14,3,0,0,0,0,720,0,ITF,ITF3,15,Campania,Campania,5801692,52875,0.91,0.01
964,2021-01-18,CAM,957,399,558,576,93,101,187,0,0,0,713,244,ITF,ITF3,15,Campania,Campania,5801692,53832,0.93,0.02
965,2021-03-13,CAM,14254,6793,7461,404,82,1879,193,6613,1397,3686,8969,5285,ITF,ITF3,15,Campania,Campania,5801692,68086,1.17,0.25
966,2021-02-22,CAM,10661,3291,7370,544,46,492,141,3896,0,5542,10398,263,ITF,ITF3,15,Campania,Campania,5801692,78747,1.36,0.18
967,2021-01-06,CAM,7652,3749,3903,5781,838,733,300,0,0,0,7652,0,ITF,ITF3,15,Campania,Campania,5801692,86399,1.49,0.13
968,2021-03-16,CAM,8087,3519,4568,289,53,679,60,6869,23,114,3772,4315,ITF,ITF3,15,Campania,Campania,5801692,94486,1.63,0.14
969,2021-04-03,CAM,21133,10322,10811,203,46,15489,186,4492,159,558,18758,2375,ITF,ITF3,15,Campania,Campania,5801692,115619,1.99,0.36
970,2021-04-10,CAM,28335,13486,14849,259,52,20802,90,6264,134,734,23420,4915,ITF,ITF3,15,Campania,Campania,5801692,143954,2.48,0.49
971,2021-04-04,CAM,7941,4001,3940,177,24,5623,6,1984,54,73,6898,1043,ITF,ITF3,15,Campania,Campania,5801692,151895,2.62,0.14
972,2021-01-08,CAM,10456,4969,5487,6715,1147,2382,212,0,0,0,10456,0,ITF,ITF3,15,Campania,Campania,5801692,162351,2.8,0.18
973,2021-03-12,CAM,14247,7095,7152,1022,152,2028,82,6592,1569,2802,8164,6083,ITF,ITF3,15,Campania,Campania,5801692,176598,3.04,0.25
974,2021-02-08,CAM,5112,2449,2663,1387,320,1801,226,1378,0,0,4310,802,ITF,ITF3,15,Campania,Campania,5801692,181710,3.13,0.09
975,2021-01-12,CAM,5214,2563,2651,3439,722,713,340,0,0,0,5214,0,ITF,ITF3,15,Campania,Campania,5801692,186924,3.22,0.09
976,2021-04-02,CAM,21766,10417,11349,263,43,16024,105,3983,285,1063,19448,2318,ITF,ITF3,15,Campania,Campania,5801692,208690,3.6,0.38
977,2021-02-19,CAM,9555,3556,5999,1663,141,943,161,4454,0,2193,8905,650,ITF,ITF3,15,Campania,Campania,5801692,218245,3.76,0.16
978,2021-01-01,CAM,919,506,413,831,85,3,0,0,0,0,919,0,ITF,ITF3,15,Campania,Campania,5801692,219164,3.78,0.02
979,2021-03-26,CAM,19454,8929,10525,363,36,9425,142,7621,232,1635,15644,3810,ITF,ITF3,15,Campania,Campania,5801692,238618,4.11,0.34
980,2021-04-11,CAM,17471,8590,8881,116,10,15247,2,1832,61,203,15393,2078,ITF,ITF3,15,Campania,Campania,5801692,256089,4.41,0.3
981,2021-02-20,CAM,8565,3079,5486,1023,60,788,145,4582,0,1967,8262,303,ITF,ITF3,15,Campania,Campania,5801692,264654,4.56,0.15
982,2021-01-29,CAM,10052,4812,5240,6405,1052,2336,259,0,0,0,47,10005,ITF,ITF3,15,Campania,Campania,5801692,274706,4.73,0.17
983,2021-04-12,CAM,23304,10920,12384,149,57,19466,70,3262,83,217,20265,3039,ITF,ITF3,15,Campania,Campania,5801692,298010,5.14,0.4
984,2021-01-16,CAM,3369,1675,1694,1355,230,1411,373,0,0,0,3369,0,ITF,ITF3,15,Campania,Campania,5801692,301379,5.19,0.06
985,2021-04-01,CAM,24306,11667,12639,417,50,14919,83,7006,206,1625,20173,4133,ITF,ITF3,15,Campania,Campania,5801692,325685,5.61,0.42
986,2021-02-11,CAM,6278,2704,3574,1861,279,1646,129,2363,0,0,6212,66,ITF,ITF3,15,Campania,Campania,5801692,331963,5.72,0.11
987,2021-02-07,CAM,2929,1382,1547,706,189,1519,225,290,0,0,2158,771,ITF,ITF3,15,Campania,Campania,5801692,334892,5.77,0.05
988,2021-02-09,CAM,4643,2202,2441,1148,178,1973,6,1338,0,0,4391,252,ITF,ITF3,15,Campania,Campania,5801692,339535,5.85,0.08
989,2020-12-31,CAM,1490,811,679,1273,150,66,1,0,0,0,1490,0,ITF,ITF3,15,Campania,Campania,5801692,341025,5.88,0.03
990,2021-03-20,CAM,13895,6433,7462,295,35,3812,35,6510,324,2884,10156,3739,ITF,ITF3,15,Campania,Campania,5801692,354920,6.12,0.24
991,2021-02-15,CAM,5469,2515,2954,987,220,771,94,3395,1,1,5296,173,ITF,ITF3,15,Campania,Campania,5801692,360389,6.21,0.09
992,2021-03-28,CAM,15548,7497,8051,79,155,9390,18,5103,124,679,13925,1623,ITF,ITF3,15,Campania,Campania,5801692,375937,6.48,0.27
993,2021-02-24,CAM,11763,4143,7620,845,192,436,141,5960,0,4189,11075,688,ITF,ITF3,15,Campania,Campania,5801692,387700,6.68,0.2
994,2021-02-06,CAM,5341,2665,2676,1990,520,2357,459,15,0,0,2103,3238,ITF,ITF3,15,Campania,Campania,5801692,393041,6.77,0.09
995,2021-02-21,CAM,5833,2239,3594,780,44,609,22,3870,0,508,5608,225,ITF,ITF3,15,Campania,Campania,5801692,398874,6.88,0.1
996,2021-01-17,CAM,1155,551,604,718,54,232,151,0,0,0,702,453,ITF,ITF3,15,Campania,Campania,5801692,400029,6.9,0.02
997,2021-03-19,CAM,11030,4868,6162,392,67,1215,21,8437,45,853,7161,3869,ITF,ITF3,15,Campania,Campania,5801692,411059,7.09,0.19
998,2021-04-06,CAM,24344,11410,12934,302,107,16787,123,5365,105,1555,19829,4515,ITF,ITF3,15,Campania,Campania,5801692,435403,7.5,0.42
999,2021-02-28,CAM,10411,3206,7205,496,113,2047,22,2237,0,5496,8511,1900,ITF,ITF3,15,Campania,Campania,5801692,445814,7.68,0.18
1000,2021-03-06,CAM,16303,6749,9554,993,133,1359,172,7133,1027,5486,10636,5667,ITF,ITF3,15,Campania,Campania,5801692,462117,7.97,0.28
1001,2021-01-10,CAM,8165,3736,4429,5179,1010,1879,97,0,0,0,8165,0,ITF,ITF3,15,Campania,Campania,5801692,470282,8.11,0.14
1002,2021-02-05,CAM,7261,3463,3798,3447,995,2502,308,9,0,0,2133,5128,ITF,ITF3,15,Campania,Campania,5801692,477543,8.23,0.13
1003,2021-01-05,CAM,7237,3638,3599,5810,923,398,106,0,0,0,7237,0,ITF,ITF3,15,Campania,Campania,5801692,484780,8.36,0.12
1004,2021-03-03,CAM,13916,5492,8424,2088,234,2459,156,4744,3,4232,7287,6629,ITF,ITF3,15,Campania,Campania,5801692,498696,8.6,0.24
1005,2021-03-10,CAM,15240,7374,7866,704,240,2311,26,8433,1058,2468,8411,6829,ITF,ITF3,15,Campania,Campania,5801692,513936,8.86,0.26
1006,2021-01-30,CAM,10721,5079,5642,6930,1278,2286,227,0,0,0,39,10682,ITF,ITF3,15,Campania,Campania,5801692,524657,9.04,0.18
1007,2021-01-11,CAM,4072,1871,2201,2386,681,753,252,0,0,0,4072,0,ITF,ITF3,15,Campania,Campania,5801692,528729,9.11,0.07
1008,2021-02-25,CAM,12422,4479,7943,803,119,907,124,5664,0,4805,11234,1188,ITF,ITF3,15,Campania,Campania,5801692,541151,9.33,0.21
1009,2021-01-14,CAM,7073,2977,4096,3707,1264,1752,350,0,0,0,7073,0,ITF,ITF3,15,Campania,Campania,5801692,548224,9.45,0.12
1010,2021-01-21,CAM,2093,1116,977,1379,153,486,75,0,0,0,677,1416,ITF,ITF3,15,Campania,Campania,5801692,550317,9.49,0.04
1011,2021-03-29,CAM,18952,9136,9816,362,49,12016,128,5040,153,1204,17408,1544,ITF,ITF3,15,Campania,Campania,5801692,569269,9.81,0.33
1012,2021-02-26,CAM,13327,4228,9099,951,125,798,220,3403,1,7829,11992,1335,ITF,ITF3,15,Campania,Campania,5801692,582596,10.04,0.23
1013,2021-03-18,CAM,12164,5376,6788,460,76,1097,34,9962,76,459,5975,6189,ITF,ITF3,15,Campania,Campania,5801692,594760,10.25,0.21
1014,2021-03-05,CAM,16473,6346,10127,1681,224,2364,64,6349,4,5787,9813,6660,ITF,ITF3,15,Campania,Campania,5801692,611233,10.54,0.28
1015,2021-01-07,CAM,8910,4166,4744,6313,1087,1178,332,0,0,0,8910,0,ITF,ITF3,15,Campania,Campania,5801692,620143,10.69,0.15
1016,2021-03-04,CAM,14648,5348,9300,1901,289,1923,136,5562,1,4836,8755,5893,ITF,ITF3,15,Campania,Campania,5801692,634791,10.94,0.25
1017,2021-03-23,CAM,15334,7058,8276,359,488,6023,181,4730,260,3293,12829,2505,ITF,ITF3,15,Campania,Campania,5801692,650125,11.21,0.26
1018,2021-03-24,CAM,17619,8081,9538,410,71,7675,70,6718,232,2443,14668,2951,ITF,ITF3,15,Campania,Campania,5801692,667744,11.51,0.3
1019,2021-01-24,CAM,4128,2123,2005,3140,410,412,166,0,0,0,383,3745,ITF,ITF3,15,Campania,Campania,5801692,671872,11.58,0.07
1020,2021-03-25,CAM,19994,9339,10655,308,38,9538,8,7448,170,2484,16491,3503,ITF,ITF3,15,Campania,Campania,5801692,691866,11.93,0.34
1021,2021-02-13,CAM,5509,2550,2959,960,99,701,131,3616,0,2,5292,217,ITF,ITF3,15,Campania,Campania,5801692,697375,12.02,0.09
1022,2021-02-01,CAM,3985,1813,2172,2504,656,673,152,0,0,0,110,3875,ITF,ITF3,15,Campania,Campania,5801692,701360,12.09,0.07
1023,2021-01-02,CAM,3673,1962,1711,3167,340,166,0,0,0,0,3673,0,ITF,ITF3,15,Campania,Campania,5801692,705033,12.15,0.06
1024,2021-01-20,CAM,1257,650,607,395,146,615,101,0,0,0,1257,0,ITF,ITF3,15,Campania,Campania,5801692,706290,12.17,0.02
1025,2021-03-09,CAM,13839,6619,7220,797,266,2762,184,4495,1148,4187,10058,3781,ITF,ITF3,15,Campania,Campania,5801692,720129,12.41,0.24
1026,2021-04-05,CAM,11640,5542,6098,141,19,8114,6,2882,46,432,9219,2421,ITF,ITF3,15,Campania,Campania,5801692,731769,12.61,0.2
1027,2021-01-27,CAM,7737,3820,3917,5838,875,754,270,0,0,0,162,7575,ITF,ITF3,15,Campania,Campania,5801692,739506,12.75,0.13
1028,2021-01-31,CAM,8066,3711,4355,5106,1012,1881,67,0,0,0,23,8043,ITF,ITF3,15,Campania,Campania,5801692,747572,12.89,0.14
1029,2021-01-19,CAM,1095,474,621,534,129,261,171,0,0,0,1092,3,ITF,ITF3,15,Campania,Campania,5801692,748667,12.9,0.02
1030,2021-03-11,CAM,17573,8666,8907,1048,254,3013,105,8933,1384,2836,10297,7276,ITF,ITF3,15,Campania,Campania,5801692,766240,13.21,0.3
1031,2021-01-28,CAM,8833,4122,4711,6216,1094,1176,347,0,0,0,135,8698,ITF,ITF3,15,Campania,Campania,5801692,775073,13.36,0.15
1032,2021-02-02,CAM,5722,2804,2918,3640,828,900,354,0,0,0,443,5279,ITF,ITF3,15,Campania,Campania,5801692,780795,13.46,0.1
1033,2021-01-04,CAM,5826,2963,2863,4850,679,297,0,0,0,0,5826,0,ITF,ITF3,15,Campania,Campania,5801692,786621,13.56,0.1
1034,2021-03-15,CAM,12900,6080,6820,801,131,2535,82,6279,511,2561,8199,4701,ITF,ITF3,15,Campania,Campania,5801692,799521,13.78,0.22
1035,2021-02-03,CAM,8902,4002,4900,4736,1101,2350,714,1,0,0,878,8024,ITF,ITF3,15,Campania,Campania,5801692,808423,13.93,0.15
1036,2021-04-09,CAM,29802,13947,15855,261,42,21065,38,7310,128,958,23685,6117,ITF,ITF3,15,Campania,Campania,5801692,838225,14.45,0.51
1037,2021-04-08,CAM,28236,13623,14613,283,62,19441,58,7182,169,1041,22402,5834,ITF,ITF3,15,Campania,Campania,5801692,866461,14.93,0.49
1038,2021-01-15,CAM,4980,2381,2599,2740,832,1217,191,0,0,0,4980,0,ITF,ITF3,15,Campania,Campania,5801692,871441,15.02,0.09
1039,2021-03-30,CAM,21667,10253,11414,278,45,13525,165,5648,170,1836,18712,2955,ITF,ITF3,15,Campania,Campania,5801692,893108,15.39,0.37
1040,2021-01-13,CAM,8019,3665,4354,4350,1031,2051,587,0,0,0,8019,0,ITF,ITF3,15,Campania,Campania,5801692,901127,15.53,0.14
1041,2021-01-03,CAM,3837,2009,1828,3191,401,245,0,0,0,0,3837,0,ITF,ITF3,15,Campania,Campania,5801692,904964,15.6,0.07
1042,2021-01-26,CAM,7340,3726,3614,5775,847,487,231,0,0,0,352,6988,ITF,ITF3,15,Campania,Campania,5801692,912304,15.72,0.13
1043,2021-02-14,CAM,3924,1921,2003,626,84,736,15,2463,0,0,3890,34,ITF,ITF3,15,Campania,Campania,5801692,916228,15.79,0.07
1044,2021-04-13,CAM,26301,12553,13748,225,47,21638,75,4007,65,244,20777,5524,ITF,ITF3,15,Campania,Campania,5801692,942529,16.25,0.45
1045,2021-03-14,CAM,8505,3721,4784,328,97,666,2,4544,850,2018,4367,4138,ITF,ITF3,15,Campania,Campania,5801692,951034,16.39,0.15
1046,2021-02-10,CAM,6904,3413,3491,1945,284,2419,98,2158,0,0,6728,176,ITF,ITF3,15,Campania,Campania,5801692,957938,16.51,0.12
1047,2021-03-27,CAM,21234,10017,11217,356,35,11580,63,7098,146,1956,17371,3863,ITF,ITF3,15,Campania,Campania,5801692,979172,16.88,0.37
1048,2021-03-22,CAM,12745,5922,6823,309,755,5170,71,3500,469,2471,10707,2038,ITF,ITF3,15,Campania,Campania,5801692,991917,17.1,0.22
1049,2021-03-17,CAM,11585,5096,6489,490,123,748,49,10005,33,137,5006,6579,ITF,ITF3,15,Campania,Campania,5801692,1003502,17.3,0.2
1050,2021-03-01,CAM,12122,4245,7877,1153,306,1665,147,3065,0,5786,8011,4111,ITF,ITF3,15,Campania,Campania,5801692,1015624,17.51,0.21
1051,2021-02-04,CAM,7943,3429,4514,3965,1245,2440,292,1,0,0,1308,6635,ITF,ITF3,15,Campania,Campania,5801692,1023567,17.64,0.14
1052,2021-03-31,CAM,22701,10901,11800,359,35,15747,114,5148,134,1164,19223,3478,ITF,ITF3,15,Campania,Campania,5801692,1046268,18.03,0.39
1053,2021-03-02,CAM,12745,4550,8195,1294,193,1978,147,3232,2,5899,8401,4344,ITF,ITF3,15,Campania,Campania,5801692,1059013,18.25,0.22
1054,2021-01-23,CAM,3838,2028,1810,3161,343,265,69,0,0,0,273,3565,ITF,ITF3,15,Campania,Campania,5801692,1062851,18.32,0.07
1055,2021-03-21,CAM,9979,4591,5388,168,27,4970,17,2933,188,1676,7590,2389,ITF,ITF3,15,Campania,Campania,5801692,1072830,18.49,0.17
1056,2021-03-08,CAM,14536,6715,7821,888,245,2179,70,4863,1334,4957,9760,4776,ITF,ITF3,15,Campania,Campania,5801692,1087366,18.74,0.25
1057,2021-02-23,CAM,10989,3384,7605,520,85,401,289,3755,0,5939,10463,526,ITF,ITF3,15,Campania,Campania,5801692,1098355,18.93,0.19
1058,2021-02-12,CAM,6529,2861,3668,1886,262,1111,208,3058,0,4,6343,186,ITF,ITF3,15,Campania,Campania,5801692,1104884,19.04,0.11
1059,2021-01-22,CAM,1523,775,748,970,120,224,209,0,0,0,673,850,ITF,ITF3,15,Campania,Campania,5801692,1106407,19.07,0.03
1060,2021-03-07,CAM,11911,5344,6567,533,109,1302,85,4019,1512,4351,8070,3841,ITF,ITF3,15,Campania,Campania,5801692,1118318,19.28,0.21
1061,2021-04-07,CAM,24738,11772,12966,348,42,16418,62,6618,207,1043,20016,4722,ITF,ITF3,15,Campania,Campania,5801692,1143056,19.7,0.43
1062,2021-03-08,FVG,4041,1574,2467,694,366,176,140,2190,39,436,1953,2088,ITH,ITH4,6,Friuli-Venezia Giulia,Friuli Venezia Giulia,1215220,4041,0.33,0.33
1063,2021-02-20,FVG,2068,933,1135,11,1,18,148,1584,0,306,1924,144,ITH,ITH4,6,Friuli-Venezia Giulia,Friuli Venezia Giulia,1215220,6109,0.5,0.17
1064,2021-03-12,FVG,3936,1542,2394,177,61,116,27,2865,101,589,2556,1380,ITH,ITH4,6,Friuli-Venezia Giulia,Friuli Venezia Giulia,1215220,10045,0.83,0.32
1065,2021-03-26,FVG,5716,2391,3325,496,194,2019,123,2046,87,751,3703,2013,ITH,ITH4,6,Friuli-Venezia Giulia,Friuli Venezia Giulia,1215220,15761,1.3,0.47
1066,2021-01-07,FVG,2092,718,1374,1760,1,221,110,0,0,0,2092,0,ITH,ITH4,6,Friuli-Venezia Giulia,Friuli Venezia Giulia,1215220,17853,1.47,0.17
1067,2021-03-04,FVG,3411,1578,1833,357,212,39,96,1815,491,401,2769,642,ITH,ITH4,6,Friuli-Venezia Giulia,Friuli Venezia Giulia,1215220,21264,1.75,0.28
1068,2021-01-24,FVG,305,119,186,277,0,27,1,0,0,0,1,304,ITH,ITH4,6,Friuli-Venezia Giulia,Friuli Venezia Giulia,1215220,21569,1.77,0.03
1069,2021-04-07,FVG,7409,3290,4119,334,294,4628,38,2074,9,32,6625,784,ITH,ITH4,6,Friuli-Venezia Giulia,Friuli Venezia Giulia,1215220,28978,2.38,0.61
1070,2021-02-12,FVG,1200,428,772,674,392,3,128,2,0,1,1150,50,ITH,ITH4,6,Friuli-Venezia Giulia,Friuli Venezia Giulia,1215220,30178,2.48,0.1
1071,2021-02-01,FVG,2095,688,1407,1589,254,117,135,0,0,0,15,2080,ITH,ITH4,6,Friuli-Venezia Giulia,Friuli Venezia Giulia,1215220,32273,2.66,0.17
1072,2021-02-13,FVG,567,179,388,337,230,0,0,0,0,0,561,6,ITH,ITH4,6,Friuli-Venezia Giulia,Friuli Venezia Giulia,1215220,32840,2.7,0.05
1073,2021-02-08,FVG,2357,694,1663,1401,521,0,435,0,0,0,92,2265,ITH,ITH4,6,Friuli-Venezia Giulia,Friuli Venezia Giulia,1215220,35197,2.9,0.19
1074,2021-02-27,FVG,3422,1178,2244,203,140,32,0,1523,25,1499,3421,1,ITH,ITH4,6,Friuli-Venezia Giulia,Friuli Venezia Giulia,1215220,38619,3.18,0.28
1075,2021-02-22,FVG,2493,1196,1297,431,312,15,115,1369,246,5,2075,418,ITH,ITH4,6,Friuli-Venezia Giulia,Friuli Venezia Giulia,1215220,41112,3.38,0.21
1076,2021-02-28,FVG,2668,988,1680,234,162,1,0,405,378,1488,2273,395,ITH,ITH4,6,Friuli-Venezia Giulia,Friuli Venezia Giulia,1215220,43780,3.6,0.22
1077,2021-01-18,FVG,1962,607,1355,1360,4,488,110,0,0,0,1868,94,ITH,ITH4,6,Friuli-Venezia Giulia,Friuli Venezia Giulia,1215220,45742,3.76,0.16
1078,2021-01-27,FVG,1272,425,847,851,1,356,64,0,0,0,450,822,ITH,ITH4,6,Friuli-Venezia Giulia,Friuli Venezia Giulia,1215220,47014,3.87,0.1
1079,2021-01-08,FVG,2322,747,1575,1680,5,241,396,0,0,0,2322,0,ITH,ITH4,6,Friuli-Venezia Giulia,Friuli Venezia Giulia,1215220,49336,4.06,0.19
1080,2021-02-18,FVG,3211,1488,1723,229,122,16,331,1501,34,978,2805,406,ITH,ITH4,6,Friuli-Venezia Giulia,Friuli Venezia Giulia,1215220,52547,4.32,0.26
1081,2021-02-19,FVG,3254,1290,1964,568,309,14,313,1589,35,426,2825,429,ITH,ITH4,6,Friuli-Venezia Giulia,Friuli Venezia Giulia,1215220,55801,4.59,0.27
1082,2021-01-02,FVG,1217,471,746,1150,0,67,0,0,0,0,1217,0,ITH,ITH4,6,Friuli-Venezia Giulia,Friuli Venezia Giulia,1215220,57018,4.69,0.1
1083,2021-01-14,FVG,2588,789,1799,1608,14,536,430,0,0,0,2588,0,ITH,ITH4,6,Friuli-Venezia Giulia,Friuli Venezia Giulia,1215220,59606,4.9,0.21
1084,2021-04-10,FVG,4050,1721,2329,85,70,1962,78,1768,12,75,3184,866,ITH,ITH4,6,Friuli-Venezia Giulia,Friuli Venezia Giulia,1215220,63656,5.24,0.33
1085,2021-03-01,FVG,2958,1042,1916,93,32,68,176,1636,4,949,2905,53,ITH,ITH4,6,Friuli-Venezia Giulia,Friuli Venezia Giulia,1215220,66614,5.48,0.24
1086,2021-01-29,FVG,2413,813,1600,1855,0,321,237,0,0,0,264,2149,ITH,ITH4,6,Friuli-Venezia Giulia,Friuli Venezia Giulia,1215220,69027,5.68,0.2
1087,2021-03-22,FVG,3476,1327,2149,149,86,102,206,2464,6,463,1523,1953,ITH,ITH4,6,Friuli-Venezia Giulia,Friuli Venezia Giulia,1215220,72503,5.97,0.29
1088,2021-02-10,FVG,1352,496,856,745,487,0,119,0,0,1,1266,86,ITH,ITH4,6,Friuli-Venezia Giulia,Friuli Venezia Giulia,1215220,73855,6.08,0.11
1089,2021-01-31,FVG,2715,836,1879,1693,2,1002,18,0,0,0,385,2330,ITH,ITH4,6,Friuli-Venezia Giulia,Friuli Venezia Giulia,1215220,76570,6.3,0.22
1090,2021-04-08,FVG,6894,2898,3996,236,126,3410,147,2940,4,31,5065,1829,ITH,ITH4,6,Friuli-Venezia Giulia,Friuli Venezia Giulia,1215220,83464,6.87,0.57
1091,2021-03-17,FVG,3220,1260,1960,428,219,119,199,2246,3,6,728,2492,ITH,ITH4,6,Friuli-Venezia Giulia,Friuli Venezia Giulia,1215220,86684,7.13,0.26
1092,2021-01-26,FVG,1973,647,1326,1440,0,152,381,0,0,0,214,1759,ITH,ITH4,6,Friuli-Venezia Giulia,Friuli Venezia Giulia,1215220,88657,7.3,0.16
1093,2021-03-10,FVG,3362,1494,1868,306,244,128,207,1973,309,195,1570,1792,ITH,ITH4,6,Friuli-Venezia Giulia,Friuli Venezia Giulia,1215220,92019,7.57,0.28
1094,2021-03-27,FVG,4977,2556,2421,60,30,2784,1,1989,15,98,3566,1411,ITH,ITH4,6,Friuli-Venezia Giulia,Friuli Venezia Giulia,1215220,96996,7.98,0.41
1095,2021-03-15,FVG,3760,1634,2126,327,253,107,180,2425,234,234,1441,2319,ITH,ITH4,6,Friuli-Venezia Giulia,Friuli Venezia Giulia,1215220,100756,8.29,0.31
1096,2021-04-03,FVG,3973,1966,2007,38,24,1495,0,2244,23,149,2647,1326,ITH,ITH4,6,Friuli-Venezia Giulia,Friuli Venezia Giulia,1215220,104729,8.62,0.33
1097,2021-03-14,FVG,1395,548,847,0,1,17,0,247,333,797,1143,252,ITH,ITH4,6,Friuli-Venezia Giulia,Friuli Venezia Giulia,1215220,106124,8.73,0.11
1098,2021-01-25,FVG,1583,567,1016,1370,0,141,72,0,0,0,194,1389,ITH,ITH4,6,Friuli-Venezia Giulia,Friuli Venezia Giulia,1215220,107707,8.86,0.13
1099,2021-02-23,FVG,2615,1252,1363,104,44,63,206,1943,254,1,2437,178,ITH,ITH4,6,Friuli-Venezia Giulia,Friuli Venezia Giulia,1215220,110322,9.08,0.22
1100,2021-02-26,FVG,3740,2094,1646,75,26,115,453,1739,1033,299,3593,147,ITH,ITH4,6,Friuli-Venezia Giulia,Friuli Venezia Giulia,1215220,114062,9.39,0.31
1101,2020-12-31,FVG,1053,384,669,1011,0,42,0,0,0,0,1053,0,ITH,ITH4,6,Friuli-Venezia Giulia,Friuli Venezia Giulia,1215220,115115,9.47,0.09
1102,2021-01-04,FVG,1510,559,951,1392,0,118,0,0,0,0,1510,0,ITH,ITH4,6,Friuli-Venezia Giulia,Friuli Venezia Giulia,1215220,116625,9.6,0.12
1103,2021-02-07,FVG,1561,483,1078,866,693,0,2,0,0,0,386,1175,ITH,ITH4,6,Friuli-Venezia Giulia,Friuli Venezia Giulia,1215220,118186,9.73,0.13
1104,2021-04-12,FVG,6284,2769,3515,223,122,3905,230,1781,4,19,5217,1067,ITH,ITH4,6,Friuli-Venezia Giulia,Friuli Venezia Giulia,1215220,124470,10.24,0.52
1105,2021-03-21,FVG,2600,937,1663,6,3,112,0,1333,27,1119,2192,408,ITH,ITH4,6,Friuli-Venezia Giulia,Friuli Venezia Giulia,1215220,127070,10.46,0.21
1106,2021-01-19,FVG,7,2,5,5,0,0,2,0,0,0,7,0,ITH,ITH4,6,Friuli-Venezia Giulia,Friuli Venezia Giulia,1215220,127077,10.46,0.0
1107,2021-04-05,FVG,2862,1425,1437,34,22,2196,0,465,24,121,2846,16,ITH,ITH4,6,Friuli-Venezia Giulia,Friuli Venezia Giulia,1215220,129939,10.69,0.24
1108,2020-12-30,FVG,630,246,384,601,0,29,0,0,0,0,630,0,ITH,ITH4,6,Friuli-Venezia Giulia,Friuli Venezia Giulia,1215220,130569,10.74,0.05
1109,2021-02-05,FVG,2613,784,1829,1612,511,0,490,0,0,0,90,2523,ITH,ITH4,6,Friuli-Venezia Giulia,Friuli Venezia Giulia,1215220,133182,10.96,0.22
1110,2021-04-13,FVG,5594,2496,3098,255,203,3183,133,1799,5,16,4549,1045,ITH,ITH4,6,Friuli-Venezia Giulia,Friuli Venezia Giulia,1215220,138776,11.42,0.46
1111,2021-01-03,FVG,312,122,190,285,0,26,1,0,0,0,312,0,ITH,ITH4,6,Friuli-Venezia Giulia,Friuli Venezia Giulia,1215220,139088,11.45,0.03
1112,2021-03-31,FVG,7967,3473,4494,168,85,4279,288,2156,112,879,7129,838,ITH,ITH4,6,Friuli-Venezia Giulia,Friuli Venezia Giulia,1215220,147055,12.1,0.66
1113,2021-04-02,FVG,6417,2850,3567,356,236,2642,76,3094,10,3,4610,1807,ITH,ITH4,6,Friuli-Venezia Giulia,Friuli Venezia Giulia,1215220,153472,12.63,0.53
1114,2021-03-29,FVG,6815,2982,3833,236,180,3498,143,2401,46,311,5236,1579,ITH,ITH4,6,Friuli-Venezia Giulia,Friuli Venezia Giulia,1215220,160287,13.19,0.56
1115,2021-01-12,FVG,2259,712,1547,1528,19,351,361,0,0,0,2259,0,ITH,ITH4,6,Friuli-Venezia Giulia,Friuli Venezia Giulia,1215220,162546,13.38,0.19
1116,2021-03-09,FVG,3863,1590,2273,657,420,102,195,2005,60,424,1110,2753,ITH,ITH4,6,Friuli-Venezia Giulia,Friuli Venezia Giulia,1215220,166409,13.69,0.32
1117,2021-03-30,FVG,7008,3107,3901,416,306,3766,393,1933,54,140,6088,920,ITH,ITH4,6,Friuli-Venezia Giulia,Friuli Venezia Giulia,1215220,173417,14.27,0.58
1118,2021-03-28,FVG,4806,2271,2535,13,13,2938,0,425,111,1306,4666,140,ITH,ITH4,6,Friuli-Venezia Giulia,Friuli Venezia Giulia,1215220,178223,14.67,0.4
1119,2021-03-19,FVG,3213,1331,1882,106,46,132,282,2513,0,134,1284,1929,ITH,ITH4,6,Friuli-Venezia Giulia,Friuli Venezia Giulia,1215220,181436,14.93,0.26
1120,2021-01-17,FVG,1720,524,1196,674,5,555,486,0,0,0,1720,0,ITH,ITH4,6,Friuli-Venezia Giulia,Friuli Venezia Giulia,1215220,183156,15.07,0.14
1121,2021-01-23,FVG,816,324,492,768,1,47,0,0,0,0,4,812,ITH,ITH4,6,Friuli-Venezia Giulia,Friuli Venezia Giulia,1215220,183972,15.14,0.07
1122,2021-03-07,FVG,2537,926,1611,1,1,157,0,143,453,1782,2536,1,ITH,ITH4,6,Friuli-Venezia Giulia,Friuli Venezia Giulia,1215220,186509,15.35,0.21
1123,2021-03-02,FVG,4220,1518,2702,1164,658,19,202,1538,5,634,2717,1503,ITH,ITH4,6,Friuli-Venezia Giulia,Friuli Venezia Giulia,1215220,190729,15.7,0.35
1124,2021-04-09,FVG,6663,3021,3642,254,151,3896,71,2270,0,21,5770,893,ITH,ITH4,6,Friuli-Venezia Giulia,Friuli Venezia Giulia,1215220,197392,16.24,0.55
1125,2021-02-24,FVG,2518,1082,1436,23,5,48,310,1835,0,297,2500,18,ITH,ITH4,6,Friuli-Venezia Giulia,Friuli Venezia Giulia,1215220,199910,16.45,0.21
1126,2021-02-11,FVG,1935,665,1270,1134,566,2,229,3,1,0,1742,193,ITH,ITH4,6,Friuli-Venezia Giulia,Friuli Venezia Giulia,1215220,201845,16.61,0.16
1127,2021-03-20,FVG,3345,1352,1993,413,274,24,8,2381,179,66,1251,2094,ITH,ITH4,6,Friuli-Venezia Giulia,Friuli Venezia Giulia,1215220,205190,16.89,0.28
1128,2021-02-17,FVG,2352,998,1354,328,178,15,230,1555,46,0,1873,479,ITH,ITH4,6,Friuli-Venezia Giulia,Friuli Venezia Giulia,1215220,207542,17.08,0.19
1129,2021-02-16,FVG,2516,1135,1381,260,244,31,221,1760,0,0,2400,116,ITH,ITH4,6,Friuli-Venezia Giulia,Friuli Venezia Giulia,1215220,210058,17.29,0.21
1130,2021-03-16,FVG,3139,1282,1857,327,255,110,244,2202,0,1,1059,2080,ITH,ITH4,6,Friuli-Venezia Giulia,Friuli Venezia Giulia,1215220,213197,17.54,0.26
1131,2021-02-09,FVG,1848,556,1292,1053,509,0,286,0,0,0,1559,289,ITH,ITH4,6,Friuli-Venezia Giulia,Friuli Venezia Giulia,1215220,215045,17.7,0.15
1132,2021-03-25,FVG,5238,2225,3013,53,54,2001,186,2056,53,835,3105,2133,ITH,ITH4,6,Friuli-Venezia Giulia,Friuli Venezia Giulia,1215220,220283,18.13,0.43
1133,2021-02-15,FVG,2454,909,1545,700,386,19,315,1034,0,0,2204,250,ITH,ITH4,6,Friuli-Venezia Giulia,Friuli Venezia Giulia,1215220,222737,18.33,0.2
1134,2021-01-09,FVG,2518,841,1677,1519,2,404,593,0,0,0,2518,0,ITH,ITH4,6,Friuli-Venezia Giulia,Friuli Venezia Giulia,1215220,225255,18.54,0.21
1135,2021-03-13,FVG,2934,1119,1815,12,4,12,86,2058,39,723,1661,1273,ITH,ITH4,6,Friuli-Venezia Giulia,Friuli Venezia Giulia,1215220,228189,18.78,0.24
1136,2021-01-20,FVG,751,323,428,719,1,31,0,0,0,0,12,739,ITH,ITH4,6,Friuli-Venezia Giulia,Friuli Venezia Giulia,1215220,228940,18.84,0.06
1137,2021-01-05,FVG,1680,551,1129,1350,1,132,197,0,0,0,1680,0,ITH,ITH4,6,Friuli-Venezia Giulia,Friuli Venezia Giulia,1215220,230620,18.98,0.14
1138,2021-01-16,FVG,1231,360,871,771,1,211,248,0,0,0,1231,0,ITH,ITH4,6,Friuli-Venezia Giulia,Friuli Venezia Giulia,1215220,231851,19.08,0.1
1139,2021-02-04,FVG,2731,807,1924,1723,543,0,465,0,0,0,36,2695,ITH,ITH4,6,Friuli-Venezia Giulia,Friuli Venezia Giulia,1215220,234582,19.3,0.22
1140,2021-04-01,FVG,6253,2961,3292,170,109,3578,193,2052,57,94,5250,1003,ITH,ITH4,6,Friuli-Venezia Giulia,Friuli Venezia Giulia,1215220,240835,19.82,0.51
1141,2021-01-06,FVG,710,264,446,515,0,195,0,0,0,0,710,0,ITH,ITH4,6,Friuli-Venezia Giulia,Friuli Venezia Giulia,1215220,241545,19.88,0.06
1142,2021-04-06,FVG,6105,2700,3405,247,192,2899,52,2667,19,29,4988,1117,ITH,ITH4,6,Friuli-Venezia Giulia,Friuli Venezia Giulia,1215220,247650,20.38,0.5
1143,2021-03-11,FVG,3327,1393,1934,262,109,47,287,2014,104,504,1578,1749,ITH,ITH4,6,Friuli-Venezia Giulia,Friuli Venezia Giulia,1215220,250977,20.65,0.27
1144,2021-01-28,FVG,2236,792,1444,1755,0,287,194,0,0,0,354,1882,ITH,ITH4,6,Friuli-Venezia Giulia,Friuli Venezia Giulia,1215220,253213,20.84,0.18
1145,2021-01-15,FVG,2028,606,1422,1283,6,364,375,0,0,0,2028,0,ITH,ITH4,6,Friuli-Venezia Giulia,Friuli Venezia Giulia,1215220,255241,21.0,0.17
1146,2021-02-25,FVG,3075,1607,1468,22,4,125,188,1557,436,743,3050,25,ITH,ITH4,6,Friuli-Venezia Giulia,Friuli Venezia Giulia,1215220,258316,21.26,0.25
1147,2021-02-21,FVG,800,281,519,213,166,11,26,382,1,1,423,377,ITH,ITH4,6,Friuli-Venezia Giulia,Friuli Venezia Giulia,1215220,259116,21.32,0.07
1148,2021-02-02,FVG,2467,806,1661,1658,393,0,416,0,0,0,217,2250,ITH,ITH4,6,Friuli-Venezia Giulia,Friuli Venezia Giulia,1215220,261583,21.53,0.2
1149,2021-03-06,FVG,3491,1194,2297,182,148,111,1,1565,20,1464,3165,326,ITH,ITH4,6,Friuli-Venezia Giulia,Friuli Venezia Giulia,1215220,265074,21.81,0.29
1150,2021-03-24,FVG,3714,1508,2206,179,176,427,129,2315,61,427,2242,1472,ITH,ITH4,6,Friuli-Venezia Giulia,Friuli Venezia Giulia,1215220,268788,22.12,0.31
1151,2021-03-23,FVG,3733,1551,2182,320,297,159,240,2447,29,241,1594,2139,ITH,ITH4,6,Friuli-Venezia Giulia,Friuli Venezia Giulia,1215220,272521,22.43,0.31
1152,2021-03-03,FVG,3642,1628,2014,750,493,72,100,1331,469,427,2364,1278,ITH,ITH4,6,Friuli-Venezia Giulia,Friuli Venezia Giulia,1215220,276163,22.73,0.3
1153,2020-12-27,FVG,262,149,113,259,0,3,0,0,0,0,262,0,ITH,ITH4,6,Friuli-Venezia Giulia,Friuli Venezia Giulia,1215220,276425,22.75,0.02
1154,2021-02-06,FVG,1154,338,816,755,208,0,191,0,0,0,22,1132,ITH,ITH4,6,Friuli-Venezia Giulia,Friuli Venezia Giulia,1215220,277579,22.84,0.09
1155,2021-01-22,FVG,90,30,60,89,0,1,0,0,0,0,0,90,ITH,ITH4,6,Friuli-Venezia Giulia,Friuli Venezia Giulia,1215220,277669,22.85,0.01
1156,2021-01-21,FVG,895,345,550,864,0,31,0,0,0,0,1,894,ITH,ITH4,6,Friuli-Venezia Giulia,Friuli Venezia Giulia,1215220,278564,22.92,0.07
1157,2021-04-11,FVG,2284,993,1291,178,51,885,0,1149,6,15,1390,894,ITH,ITH4,6,Friuli-Venezia Giulia,Friuli Venezia Giulia,1215220,280848,23.11,0.19
1158,2021-03-18,FVG,3360,1418,1942,60,22,281,129,2864,0,4,1679,1681,ITH,ITH4,6,Friuli-Venezia Giulia,Friuli Venezia Giulia,1215220,284208,23.39,0.28
1159,2021-03-05,FVG,3738,1478,2260,1050,652,42,70,1735,43,146,2665,1073,ITH,ITH4,6,Friuli-Venezia Giulia,Friuli Venezia Giulia,1215220,287946,23.69,0.31
1160,2021-01-30,FVG,2271,744,1527,1475,2,352,442,0,0,0,270,2001,ITH,ITH4,6,Friuli-Venezia Giulia,Friuli Venezia Giulia,1215220,290217,23.88,0.19
1161,2021-02-03,FVG,2646,790,1856,1701,558,0,386,1,0,0,23,2623,ITH,ITH4,6,Friuli-Venezia Giulia,Friuli Venezia Giulia,1215220,292863,24.1,0.22
1162,2021-01-10,FVG,2941,919,2022,1745,6,945,245,0,0,0,2941,0,ITH,ITH4,6,Friuli-Venezia Giulia,Friuli Venezia Giulia,1215220,295804,24.34,0.24
1163,2021-01-13,FVG,2651,834,1817,1822,9,590,230,0,0,0,2651,0,ITH,ITH4,6,Friuli-Venezia Giulia,Friuli Venezia Giulia,1215220,298455,24.56,0.22
1164,2021-01-11,FVG,1883,609,1274,1501,3,333,46,0,0,0,1883,0,ITH,ITH4,6,Friuli-Venezia Giulia,Friuli Venezia Giulia,1215220,300338,24.71,0.15
1165,2021-03-01,ABR,3490,1393,2097,698,30,264,174,1914,128,282,2725,765,ITF,ITF1,13,Abruzzo,Abruzzo,1304970,3490,0.27,0.27
1166,2020-12-27,ABR,37,19,18,34,0,1,2,0,0,0,37,0,ITF,ITF1,13,Abruzzo,Abruzzo,1304970,3527,0.27,0.0
1167,2021-01-22,ABR,118,57,61,2,1,3,112,0,0,0,118,0,ITF,ITF1,13,Abruzzo,Abruzzo,1304970,3645,0.28,0.01
1168,2021-02-26,ABR,3920,1671,2249,1025,13,552,160,1651,257,262,2951,969,ITF,ITF1,13,Abruzzo,Abruzzo,1304970,7565,0.58,0.3
1169,2021-02-12,ABR,968,319,649,438,11,209,310,0,0,0,779,189,ITF,ITF1,13,Abruzzo,Abruzzo,1304970,8533,0.65,0.07
1170,2021-03-06,ABR,4174,1354,2820,432,24,344,52,1748,15,1559,3604,570,ITF,ITF1,13,Abruzzo,Abruzzo,1304970,12707,0.97,0.32
1171,2021-01-12,ABR,1804,666,1138,1470,42,292,0,0,0,0,1804,0,ITF,ITF1,13,Abruzzo,Abruzzo,1304970,14511,1.11,0.14
1172,2021-03-29,ABR,5626,2525,3101,463,1,1297,42,3593,35,195,2986,2640,ITF,ITF1,13,Abruzzo,Abruzzo,1304970,20137,1.54,0.43
1173,2021-03-19,ABR,5796,2584,3212,755,28,432,118,4399,51,13,2775,3021,ITF,ITF1,13,Abruzzo,Abruzzo,1304970,25933,1.99,0.44
1174,2021-02-15,ABR,1796,831,965,625,30,457,221,217,246,0,1754,42,ITF,ITF1,13,Abruzzo,Abruzzo,1304970,27729,2.12,0.14
1175,2021-01-17,ABR,187,59,128,136,13,38,0,0,0,0,180,7,ITF,ITF1,13,Abruzzo,Abruzzo,1304970,27916,2.14,0.01
1176,2021-03-08,ABR,5127,1669,3458,1190,30,477,112,1019,104,2195,4153,974,ITF,ITF1,13,Abruzzo,Abruzzo,1304970,33043,2.53,0.39
1177,2021-03-31,ABR,6655,2882,3773,446,5,2615,77,3255,12,245,4587,2068,ITF,ITF1,13,Abruzzo,Abruzzo,1304970,39698,3.04,0.51
1178,2021-03-10,ABR,4951,1640,3311,736,29,426,242,1519,127,1872,3994,957,ITF,ITF1,13,Abruzzo,Abruzzo,1304970,44649,3.42,0.38
1179,2021-03-03,ABR,4629,1883,2746,1222,6,577,36,1587,346,855,3723,906,ITF,ITF1,13,Abruzzo,Abruzzo,1304970,49278,3.78,0.35
1180,2021-03-21,ABR,2135,913,1222,9,0,47,1,1919,29,130,844,1291,ITF,ITF1,13,Abruzzo,Abruzzo,1304970,51413,3.94,0.16
1181,2021-01-21,ABR,157,47,110,10,4,2,141,0,0,0,157,0,ITF,ITF1,13,Abruzzo,Abruzzo,1304970,51570,3.95,0.01
1182,2021-03-28,ABR,2418,1019,1399,247,0,884,1,877,234,175,2046,372,ITF,ITF1,13,Abruzzo,Abruzzo,1304970,53988,4.14,0.19
1183,2021-03-17,ABR,4545,1876,2669,285,26,187,144,3875,17,11,2802,1743,ITF,ITF1,13,Abruzzo,Abruzzo,1304970,58533,4.49,0.35
1184,2021-02-28,ABR,1707,511,1196,23,0,34,0,79,149,1422,1705,2,ITF,ITF1,13,Abruzzo,Abruzzo,1304970,60240,4.62,0.13
1185,2021-01-23,ABR,264,114,150,224,0,14,26,0,0,0,57,207,ITF,ITF1,13,Abruzzo,Abruzzo,1304970,60504,4.64,0.02
1186,2021-02-09,ABR,908,311,597,612,56,109,131,0,0,0,499,409,ITF,ITF1,13,Abruzzo,Abruzzo,1304970,61412,4.71,0.07
1187,2021-02-04,ABR,1681,616,1065,1168,47,409,57,0,0,0,609,1072,ITF,ITF1,13,Abruzzo,Abruzzo,1304970,63093,4.83,0.13
1188,2021-02-23,ABR,2784,1274,1510,324,22,401,215,1436,286,100,2773,11,ITF,ITF1,13,Abruzzo,Abruzzo,1304970,65877,5.05,0.21
1189,2021-01-04,ABR,1401,575,826,1396,0,5,0,0,0,0,1401,0,ITF,ITF1,13,Abruzzo,Abruzzo,1304970,67278,5.16,0.11
1190,2021-03-11,ABR,5430,2191,3239,1328,39,519,241,1539,199,1565,4291,1139,ITF,ITF1,13,Abruzzo,Abruzzo,1304970,72708,5.57,0.42
1191,2021-03-05,ABR,5262,1938,3324,561,10,447,108,2582,202,1352,4564,698,ITF,ITF1,13,Abruzzo,Abruzzo,1304970,77970,5.97,0.4
1192,2021-03-18,ABR,3896,1651,2245,281,2,284,3,3297,22,7,2065,1831,ITF,ITF1,13,Abruzzo,Abruzzo,1304970,81866,6.27,0.3
1193,2021-02-13,ABR,849,384,465,552,25,200,72,0,0,0,437,412,ITF,ITF1,13,Abruzzo,Abruzzo,1304970,82715,6.34,0.07
1194,2021-02-07,ABR,777,307,470,646,6,124,1,0,0,0,201,576,ITF,ITF1,13,Abruzzo,Abruzzo,1304970,83492,6.4,0.06
1195,2021-02-21,ABR,1221,551,670,2,0,4,3,1210,2,0,1220,1,ITF,ITF1,13,Abruzzo,Abruzzo,1304970,84713,6.49,0.09
1196,2021-04-06,ABR,7685,3580,4105,433,7,4773,44,2340,34,54,5365,2320,ITF,ITF1,13,Abruzzo,Abruzzo,1304970,92398,7.08,0.59
1197,2021-03-22,ABR,4399,1959,2440,385,8,800,50,2578,136,442,2429,1970,ITF,ITF1,13,Abruzzo,Abruzzo,1304970,96797,7.42,0.34
1198,2021-03-04,ABR,5937,2359,3578,1171,14,521,93,2992,328,818,5015,922,ITF,ITF1,13,Abruzzo,Abruzzo,1304970,102734,7.87,0.45
1199,2021-03-23,ABR,4852,2210,2642,180,25,505,183,3353,206,400,2283,2569,ITF,ITF1,13,Abruzzo,Abruzzo,1304970,107586,8.24,0.37
1200,2021-01-06,ABR,1830,664,1166,1546,119,32,133,0,0,0,1830,0,ITF,ITF1,13,Abruzzo,Abruzzo,1304970,109416,8.38,0.14
1201,2021-04-03,ABR,5073,2213,2860,174,1,2378,27,2401,8,84,3479,1594,ITF,ITF1,13,Abruzzo,Abruzzo,1304970,114489,8.77,0.39
1202,2021-01-05,ABR,1614,604,1010,1604,0,10,0,0,0,0,1614,0,ITF,ITF1,13,Abruzzo,Abruzzo,1304970,116103,8.9,0.12
1203,2021-01-03,ABR,471,185,286,464,0,7,0,0,0,0,471,0,ITF,ITF1,13,Abruzzo,Abruzzo,1304970,116574,8.93,0.04
1204,2021-03-15,ABR,3640,1399,2241,657,8,562,78,1964,41,330,1824,1816,ITF,ITF1,13,Abruzzo,Abruzzo,1304970,120214,9.21,0.28
1205,2021-02-03,ABR,2061,717,1344,1541,47,355,118,0,0,0,419,1642,ITF,ITF1,13,Abruzzo,Abruzzo,1304970,122275,9.37,0.16
1206,2021-04-13,ABR,5643,2632,3011,88,9,4102,48,1244,5,147,4467,1176,ITF,ITF1,13,Abruzzo,Abruzzo,1304970,127918,9.8,0.43
1207,2021-04-09,ABR,8679,4084,4595,311,10,5028,29,3228,28,45,6196,2483,ITF,ITF1,13,Abruzzo,Abruzzo,1304970,136597,10.47,0.67
1208,2021-04-07,ABR,7121,3283,3838,187,6,3544,79,3206,84,15,4395,2726,ITF,ITF1,13,Abruzzo,Abruzzo,1304970,143718,11.01,0.55
1209,2021-01-18,ABR,122,48,74,106,0,14,2,0,0,0,46,76,ITF,ITF1,13,Abruzzo,Abruzzo,1304970,143840,11.02,0.01
1210,2021-04-01,ABR,5530,2450,3080,274,8,2095,57,2908,35,153,3441,2089,ITF,ITF1,13,Abruzzo,Abruzzo,1304970,149370,11.45,0.42
1211,2021-02-08,ABR,1201,398,803,710,122,105,264,0,0,0,491,710,ITF,ITF1,13,Abruzzo,Abruzzo,1304970,150571,11.54,0.09
1212,2021-01-15,ABR,379,149,230,223,6,115,35,0,0,0,379,0,ITF,ITF1,13,Abruzzo,Abruzzo,1304970,150950,11.57,0.03
1213,2021-01-07,ABR,1603,552,1051,1566,0,37,0,0,0,0,1603,0,ITF,ITF1,13,Abruzzo,Abruzzo,1304970,152553,11.69,0.12
1214,2021-01-28,ABR,1433,495,938,1370,1,61,1,0,0,0,12,1421,ITF,ITF1,13,Abruzzo,Abruzzo,1304970,153986,11.8,0.11
1215,2021-01-19,ABR,111,55,56,27,1,33,50,0,0,0,91,20,ITF,ITF1,13,Abruzzo,Abruzzo,1304970,154097,11.81,0.01
1216,2021-01-09,ABR,1483,565,918,1430,0,53,0,0,0,0,1483,0,ITF,ITF1,13,Abruzzo,Abruzzo,1304970,155580,11.92,0.11
1217,2021-01-08,ABR,1525,507,1018,1487,0,38,0,0,0,0,1525,0,ITF,ITF1,13,Abruzzo,Abruzzo,1304970,157105,12.04,0.12
1218,2021-02-18,ABR,2291,934,1357,670,36,344,416,610,215,0,2161,130,ITF,ITF1,13,Abruzzo,Abruzzo,1304970,159396,12.21,0.18
1219,2021-02-19,ABR,3301,1552,1749,990,32,401,371,1111,388,8,3201,100,ITF,ITF1,13,Abruzzo,Abruzzo,1304970,162697,12.47,0.25
1220,2021-03-27,ABR,6119,2619,3500,189,11,1386,42,4235,40,216,3640,2479,ITF,ITF1,13,Abruzzo,Abruzzo,1304970,168816,12.94,0.47
1221,2021-01-13,ABR,1253,440,813,1103,0,150,0,0,0,0,1253,0,ITF,ITF1,13,Abruzzo,Abruzzo,1304970,170069,13.03,0.1
1222,2021-03-24,ABR,6422,2829,3593,484,10,1762,143,3378,215,430,4166,2256,ITF,ITF1,13,Abruzzo,Abruzzo,1304970,176491,13.52,0.49
1223,2021-01-24,ABR,50,22,28,49,0,1,0,0,0,0,6,44,ITF,ITF1,13,Abruzzo,Abruzzo,1304970,176541,13.53,0.0
1224,2021-01-31,ABR,1502,488,1014,1154,85,160,103,0,0,0,287,1215,ITF,ITF1,13,Abruzzo,Abruzzo,1304970,178043,13.64,0.12
1225,2021-01-27,ABR,1364,515,849,1301,1,62,0,0,0,0,39,1325,ITF,ITF1,13,Abruzzo,Abruzzo,1304970,179407,13.75,0.1
1226,2021-03-09,ABR,5172,1796,3376,990,21,507,84,1320,204,2046,4233,939,ITF,ITF1,13,Abruzzo,Abruzzo,1304970,184579,14.14,0.4
1227,2021-02-24,ABR,3304,1440,1864,391,17,324,247,1968,226,131,3128,176,ITF,ITF1,13,Abruzzo,Abruzzo,1304970,187883,14.4,0.25
1228,2021-01-29,ABR,1386,449,937,1290,2,94,0,0,0,0,74,1312,ITF,ITF1,13,Abruzzo,Abruzzo,1304970,189269,14.5,0.11
1229,2021-04-11,ABR,5073,2461,2612,15,3,4263,7,777,3,5,4590,483,ITF,ITF1,13,Abruzzo,Abruzzo,1304970,194342,14.89,0.39
1230,2021-03-07,ABR,2523,630,1893,28,0,210,0,461,1,1823,2523,0,ITF,ITF1,13,Abruzzo,Abruzzo,1304970,196865,15.09,0.19
1231,2021-03-30,ABR,5059,2199,2860,211,2,1749,31,2741,39,286,3234,1825,ITF,ITF1,13,Abruzzo,Abruzzo,1304970,201924,15.47,0.39
1232,2021-03-25,ABR,5685,2560,3125,249,10,945,39,3781,213,448,3069,2616,ITF,ITF1,13,Abruzzo,Abruzzo,1304970,207609,15.91,0.44
1233,2021-01-25,ABR,1604,633,971,1584,0,20,0,0,0,0,20,1584,ITF,ITF1,13,Abruzzo,Abruzzo,1304970,209213,16.03,0.12
1234,2021-02-17,ABR,2077,952,1125,512,27,215,394,718,210,1,1794,283,ITF,ITF1,13,Abruzzo,Abruzzo,1304970,211290,16.19,0.16
1235,2021-03-20,ABR,4733,2159,2574,318,15,509,60,3650,84,97,2569,2164,ITF,ITF1,13,Abruzzo,Abruzzo,1304970,216023,16.55,0.36
1236,2021-02-27,ABR,2809,1337,1472,253,23,162,123,732,642,874,2543,266,ITF,ITF1,13,Abruzzo,Abruzzo,1304970,218832,16.77,0.22
1237,2021-04-12,ABR,6092,2879,3213,216,4,4528,44,1249,15,36,4973,1119,ITF,ITF1,13,Abruzzo,Abruzzo,1304970,224924,17.24,0.47
1238,2021-01-14,ABR,530,189,341,364,0,166,0,0,0,0,530,0,ITF,ITF1,13,Abruzzo,Abruzzo,1304970,225454,17.28,0.04
1239,2021-01-26,ABR,1542,567,975,1513,0,29,0,0,0,0,29,1513,ITF,ITF1,13,Abruzzo,Abruzzo,1304970,226996,17.39,0.12
1240,2021-02-25,ABR,3086,1347,1739,615,29,528,18,1508,262,126,2558,528,ITF,ITF1,13,Abruzzo,Abruzzo,1304970,230082,17.63,0.24
1241,2021-02-10,ABR,948,313,635,622,42,168,116,0,0,0,504,444,ITF,ITF1,13,Abruzzo,Abruzzo,1304970,231030,17.7,0.07
1242,2021-02-20,ABR,4782,1843,2939,310,7,563,192,1417,406,1887,4706,76,ITF,ITF1,13,Abruzzo,Abruzzo,1304970,235812,18.07,0.37
1243,2021-01-10,ABR,1139,409,730,1091,0,48,0,0,0,0,1139,0,ITF,ITF1,13,Abruzzo,Abruzzo,1304970,236951,18.16,0.09
1244,2021-03-14,ABR,1895,733,1162,8,0,150,0,1488,0,249,1228,667,ITF,ITF1,13,Abruzzo,Abruzzo,1304970,238846,18.3,0.15
1245,2021-02-05,ABR,1536,521,1015,1188,11,230,107,0,0,0,789,747,ITF,ITF1,13,Abruzzo,Abruzzo,1304970,240382,18.42,0.12
1246,2021-01-30,ABR,1510,567,943,1349,1,113,47,0,0,0,69,1441,ITF,ITF1,13,Abruzzo,Abruzzo,1304970,241892,18.54,0.12
1247,2021-01-02,ABR,548,218,330,540,0,8,0,0,0,0,548,0,ITF,ITF1,13,Abruzzo,Abruzzo,1304970,242440,18.58,0.04
1248,2021-02-06,ABR,1611,742,869,1168,29,342,72,0,0,0,602,1009,ITF,ITF1,13,Abruzzo,Abruzzo,1304970,244051,18.7,0.12
1249,2021-03-02,ABR,3964,1676,2288,934,15,424,53,1857,276,405,3280,684,ITF,ITF1,13,Abruzzo,Abruzzo,1304970,248015,19.01,0.3
1250,2021-04-08,ABR,7350,3321,4029,156,11,4269,73,2629,9,203,5069,2281,ITF,ITF1,13,Abruzzo,Abruzzo,1304970,255365,19.57,0.56
1251,2021-01-11,ABR,1551,557,994,1337,62,104,48,0,0,0,1551,0,ITF,ITF1,13,Abruzzo,Abruzzo,1304970,256916,19.69,0.12
1252,2021-02-01,ABR,1632,573,1059,1384,34,213,1,0,0,0,271,1361,ITF,ITF1,13,Abruzzo,Abruzzo,1304970,258548,19.81,0.13
1253,2021-01-20,ABR,447,156,291,147,1,95,204,0,0,0,445,2,ITF,ITF1,13,Abruzzo,Abruzzo,1304970,258995,19.85,0.03
1254,2021-04-05,ABR,2696,1150,1546,136,1,1167,3,1368,5,16,1816,880,ITF,ITF1,13,Abruzzo,Abruzzo,1304970,261691,20.05,0.21
1255,2021-03-13,ABR,4254,1460,2794,539,17,1009,137,1468,23,1061,3178,1076,ITF,ITF1,13,Abruzzo,Abruzzo,1304970,265945,20.38,0.33
1256,2021-04-04,ABR,1625,766,859,94,7,1071,2,446,1,4,1496,129,ITF,ITF1,13,Abruzzo,Abruzzo,1304970,267570,20.5,0.12
1257,2021-03-26,ABR,5303,2269,3034,264,1,1061,37,3327,164,449,3242,2061,ITF,ITF1,13,Abruzzo,Abruzzo,1304970,272873,20.91,0.41
1258,2021-02-22,ABR,2644,1175,1469,477,5,352,46,1094,419,251,2614,30,ITF,ITF1,13,Abruzzo,Abruzzo,1304970,275517,21.11,0.2
1259,2021-03-12,ABR,6024,1990,4034,1006,28,848,135,1701,117,2189,4441,1583,ITF,ITF1,13,Abruzzo,Abruzzo,1304970,281541,21.57,0.46
1260,2021-04-02,ABR,6684,3094,3590,184,2,3074,2,3306,22,94,5197,1487,ITF,ITF1,13,Abruzzo,Abruzzo,1304970,288225,22.09,0.51
1261,2021-01-16,ABR,927,428,499,710,7,195,15,0,0,0,927,0,ITF,ITF1,13,Abruzzo,Abruzzo,1304970,289152,22.16,0.07
1262,2021-02-16,ABR,1978,869,1109,841,20,493,139,410,75,0,1966,12,ITF,ITF1,13,Abruzzo,Abruzzo,1304970,291130,22.31,0.15
1263,2021-02-02,ABR,1798,677,1121,1243,67,346,142,0,0,0,241,1557,ITF,ITF1,13,Abruzzo,Abruzzo,1304970,292928,22.45,0.14
1264,2021-04-10,ABR,8275,3801,4474,389,28,4835,11,2845,20,147,5767,2508,ITF,ITF1,13,Abruzzo,Abruzzo,1304970,301203,23.08,0.63
1265,2021-02-11,ABR,816,262,554,473,26,163,154,0,0,0,773,43,ITF,ITF1,13,Abruzzo,Abruzzo,1304970,302019,23.14,0.06
1266,2021-03-16,ABR,3486,1453,2033,284,3,163,169,2849,6,12,1831,1655,ITF,ITF1,13,Abruzzo,Abruzzo,1304970,305505,23.41,0.27
1267,2021-03-10,PAT,2398,925,1473,354,36,25,25,1421,221,316,1477,921,ITH,ITH2,4,Provincia Autonoma Trento,P.A. Trento,541380,2398,0.44,0.44
1268,2021-04-05,PAT,33,16,17,0,0,32,0,0,0,1,33,0,ITH,ITH2,4,Provincia Autonoma Trento,P.A. Trento,541380,2431,0.45,0.01
1269,2021-01-30,PAT,386,132,254,346,7,0,32,0,0,1,152,234,ITH,ITH2,4,Provincia Autonoma Trento,P.A. Trento,541380,2817,0.52,0.07
1270,2021-03-05,PAT,2225,700,1525,126,67,45,102,954,158,773,1660,565,ITH,ITH2,4,Provincia Autonoma Trento,P.A. Trento,541380,5042,0.93,0.41
1271,2021-03-15,PAT,1399,540,859,58,126,345,26,617,52,175,942,457,ITH,ITH2,4,Provincia Autonoma Trento,P.A. Trento,541380,6441,1.19,0.26
1272,2021-01-14,PAT,698,203,495,481,6,3,208,0,0,0,698,0,ITH,ITH2,4,Provincia Autonoma Trento,P.A. Trento,541380,7139,1.32,0.13
1273,2021-03-29,PAT,2417,949,1468,93,26,1219,5,979,4,91,1683,734,ITH,ITH2,4,Provincia Autonoma Trento,P.A. Trento,541380,9556,1.77,0.45
1274,2021-01-09,PAT,190,40,150,146,13,0,31,0,0,0,190,0,ITH,ITH2,4,Provincia Autonoma Trento,P.A. Trento,541380,9746,1.8,0.04
1275,2021-01-22,PAT,1667,433,1234,903,121,9,631,0,0,3,329,1338,ITH,ITH2,4,Provincia Autonoma Trento,P.A. Trento,541380,11413,2.11,0.31
1276,2021-02-16,PAT,663,244,419,73,2,12,3,563,0,10,658,5,ITH,ITH2,4,Provincia Autonoma Trento,P.A. Trento,541380,12076,2.23,0.12
1277,2021-01-27,PAT,802,277,525,463,33,1,304,1,0,0,91,711,ITH,ITH2,4,Provincia Autonoma Trento,P.A. Trento,541380,12878,2.38,0.15
1278,2021-01-29,PAT,1352,331,1021,724,74,12,542,0,0,0,55,1297,ITH,ITH2,4,Provincia Autonoma Trento,P.A. Trento,541380,14230,2.63,0.25
1279,2021-03-18,PAT,2275,944,1331,63,0,565,2,1640,2,3,1202,1073,ITH,ITH2,4,Provincia Autonoma Trento,P.A. Trento,541380,16505,3.05,0.42
1280,2021-02-13,PAT,536,333,203,373,4,1,0,158,0,0,171,365,ITH,ITH2,4,Provincia Autonoma Trento,P.A. Trento,541380,17041,3.15,0.1
1281,2021-02-23,PAT,1108,395,713,272,13,2,17,751,3,50,897,211,ITH,ITH2,4,Provincia Autonoma Trento,P.A. Trento,541380,18149,3.35,0.2
1282,2021-01-21,PAT,351,94,257,320,13,2,16,0,0,0,228,123,ITH,ITH2,4,Provincia Autonoma Trento,P.A. Trento,541380,18500,3.42,0.06
1283,2021-02-24,PAT,1318,523,795,236,5,7,29,974,1,66,922,396,ITH,ITH2,4,Provincia Autonoma Trento,P.A. Trento,541380,19818,3.66,0.24
1284,2021-03-08,PAT,1397,433,964,65,15,17,0,1016,7,277,1044,353,ITH,ITH2,4,Provincia Autonoma Trento,P.A. Trento,541380,21215,3.92,0.26
1285,2021-01-08,PAT,1449,313,1136,775,128,16,530,0,0,0,1449,0,ITH,ITH2,4,Provincia Autonoma Trento,P.A. Trento,541380,22664,4.19,0.27
1286,2021-04-11,PAT,2329,1130,1199,45,56,2020,8,21,5,174,2239,90,ITH,ITH2,4,Provincia Autonoma Trento,P.A. Trento,541380,24993,4.62,0.43
1287,2021-03-27,PAT,1609,705,904,268,188,856,0,61,72,164,1356,253,ITH,ITH2,4,Provincia Autonoma Trento,P.A. Trento,541380,26602,4.91,0.3
1288,2021-02-12,PAT,1010,340,670,335,54,13,55,553,0,0,589,421,ITH,ITH2,4,Provincia Autonoma Trento,P.A. Trento,541380,27612,5.1,0.19
1289,2021-03-20,PAT,868,399,469,154,97,471,0,77,0,69,667,201,ITH,ITH2,4,Provincia Autonoma Trento,P.A. Trento,541380,28480,5.26,0.16
1290,2021-03-03,PAT,1653,621,1032,74,11,20,59,1267,19,203,1136,517,ITH,ITH2,4,Provincia Autonoma Trento,P.A. Trento,541380,30133,5.57,0.31
1291,2021-01-13,PAT,421,123,298,392,6,0,23,0,0,0,421,0,ITH,ITH2,4,Provincia Autonoma Trento,P.A. Trento,541380,30554,5.64,0.08
1292,2021-03-04,PAT,2351,790,1561,161,24,51,23,1726,19,347,1572,779,ITH,ITH2,4,Provincia Autonoma Trento,P.A. Trento,541380,32905,6.08,0.43
1293,2021-01-24,PAT,547,276,271,535,12,0,0,0,0,0,224,323,ITH,ITH2,4,Provincia Autonoma Trento,P.A. Trento,541380,33452,6.18,0.1
1294,2021-03-21,PAT,129,69,60,34,1,76,0,0,0,18,129,0,ITH,ITH2,4,Provincia Autonoma Trento,P.A. Trento,541380,33581,6.2,0.02
1295,2021-01-23,PAT,577,334,243,487,2,0,88,0,0,0,388,189,ITH,ITH2,4,Provincia Autonoma Trento,P.A. Trento,541380,34158,6.31,0.11
1296,2021-03-17,PAT,2058,791,1267,399,15,324,55,1259,1,5,1185,873,ITH,ITH2,4,Provincia Autonoma Trento,P.A. Trento,541380,36216,6.69,0.38
1297,2021-03-02,PAT,1301,440,861,137,16,24,53,924,1,146,925,376,ITH,ITH2,4,Provincia Autonoma Trento,P.A. Trento,541380,37517,6.93,0.24
1298,2021-03-07,PAT,22,6,16,0,0,0,0,0,0,22,22,0,ITH,ITH2,4,Provincia Autonoma Trento,P.A. Trento,541380,37539,6.93,0.0
1299,2021-01-05,PAT,709,232,477,495,46,6,162,0,0,0,709,0,ITH,ITH2,4,Provincia Autonoma Trento,P.A. Trento,541380,38248,7.06,0.13
1300,2021-03-26,PAT,3126,1217,1909,135,170,1238,107,886,37,553,2534,592,ITH,ITH2,4,Provincia Autonoma Trento,P.A. Trento,541380,41374,7.64,0.58
1301,2021-03-14,PAT,107,65,42,102,0,0,0,0,0,5,20,87,ITH,ITH2,4,Provincia Autonoma Trento,P.A. Trento,541380,41481,7.66,0.02
1302,2021-01-31,PAT,75,15,60,55,13,1,6,0,0,0,1,74,ITH,ITH2,4,Provincia Autonoma Trento,P.A. Trento,541380,41556,7.68,0.01
1303,2021-02-10,PAT,850,290,560,310,7,2,51,480,0,0,509,341,ITH,ITH2,4,Provincia Autonoma Trento,P.A. Trento,541380,42406,7.83,0.16
1304,2021-01-10,PAT,84,19,65,54,18,0,12,0,0,0,84,0,ITH,ITH2,4,Provincia Autonoma Trento,P.A. Trento,541380,42490,7.85,0.02
1305,2021-02-01,PAT,1220,335,885,767,70,8,375,0,0,0,92,1128,ITH,ITH2,4,Provincia Autonoma Trento,P.A. Trento,541380,43710,8.07,0.23
1306,2021-03-12,PAT,2476,927,1549,207,252,50,106,1106,203,552,1672,804,ITH,ITH2,4,Provincia Autonoma Trento,P.A. Trento,541380,46186,8.53,0.46
1307,2021-01-07,PAT,1270,310,960,649,46,18,557,0,0,0,1270,0,ITH,ITH2,4,Provincia Autonoma Trento,P.A. Trento,541380,47456,8.77,0.23
1308,2021-02-27,PAT,1024,455,569,459,5,9,0,434,4,113,604,420,ITH,ITH2,4,Provincia Autonoma Trento,P.A. Trento,541380,48480,8.95,0.19
1309,2021-02-20,PAT,406,245,161,330,10,1,30,1,3,31,122,284,ITH,ITH2,4,Provincia Autonoma Trento,P.A. Trento,541380,48886,9.03,0.07
1310,2021-02-06,PAT,573,297,276,178,0,4,0,391,0,0,433,140,ITH,ITH2,4,Provincia Autonoma Trento,P.A. Trento,541380,49459,9.14,0.11
1311,2021-02-21,PAT,155,92,63,154,0,0,0,0,0,1,43,112,ITH,ITH2,4,Provincia Autonoma Trento,P.A. Trento,541380,49614,9.16,0.03
1312,2021-02-26,PAT,1217,435,782,249,12,11,19,820,1,105,922,295,ITH,ITH2,4,Provincia Autonoma Trento,P.A. Trento,541380,50831,9.39,0.22
1313,2021-04-08,PAT,3066,1279,1787,182,25,1410,46,1363,2,38,1980,1086,ITH,ITH2,4,Provincia Autonoma Trento,P.A. Trento,541380,53897,9.96,0.57
1314,2021-04-07,PAT,2547,999,1548,257,27,798,29,1329,9,98,1630,917,ITH,ITH2,4,Provincia Autonoma Trento,P.A. Trento,541380,56444,10.43,0.47
1315,2021-03-13,PAT,829,380,449,203,15,0,30,44,278,259,781,48,ITH,ITH2,4,Provincia Autonoma Trento,P.A. Trento,541380,57273,10.58,0.15
1316,2021-04-02,PAT,2730,1127,1603,148,65,1522,44,645,15,291,2095,635,ITH,ITH2,4,Provincia Autonoma Trento,P.A. Trento,541380,60003,11.08,0.5
1317,2021-01-12,PAT,504,158,346,418,25,0,61,0,0,0,504,0,ITH,ITH2,4,Provincia Autonoma Trento,P.A. Trento,541380,60507,11.18,0.09
1318,2021-01-01,PAT,213,50,163,114,11,0,88,0,0,0,213,0,ITH,ITH2,4,Provincia Autonoma Trento,P.A. Trento,541380,60720,11.22,0.04
1319,2021-01-20,PAT,290,72,218,231,10,1,48,0,0,0,278,12,ITH,ITH2,4,Provincia Autonoma Trento,P.A. Trento,541380,61010,11.27,0.05
1320,2021-01-02,PAT,502,143,359,336,21,4,141,0,0,0,502,0,ITH,ITH2,4,Provincia Autonoma Trento,P.A. Trento,541380,61512,11.36,0.09
1321,2021-04-01,PAT,2855,1219,1636,191,52,876,8,1600,3,125,1792,1063,ITH,ITH2,4,Provincia Autonoma Trento,P.A. Trento,541380,64367,11.89,0.53
1322,2021-03-11,PAT,2280,846,1434,104,50,62,41,1573,59,391,1468,812,ITH,ITH2,4,Provincia Autonoma Trento,P.A. Trento,541380,66647,12.31,0.42
1323,2021-02-11,PAT,1132,365,767,332,3,11,48,738,0,0,796,336,ITH,ITH2,4,Provincia Autonoma Trento,P.A. Trento,541380,67779,12.52,0.21
1324,2021-03-09,PAT,1566,584,982,98,42,14,29,1092,92,199,933,633,ITH,ITH2,4,Provincia Autonoma Trento,P.A. Trento,541380,69345,12.81,0.29
1325,2021-04-12,PAT,2926,1339,1587,135,24,1661,27,712,11,356,2440,486,ITH,ITH2,4,Provincia Autonoma Trento,P.A. Trento,541380,72271,13.35,0.54
1326,2021-03-31,PAT,2536,981,1555,142,34,660,5,1462,6,227,1684,852,ITH,ITH2,4,Provincia Autonoma Trento,P.A. Trento,541380,74807,13.82,0.47
1327,2021-02-04,PAT,972,304,668,543,10,5,89,325,0,0,420,552,ITH,ITH2,4,Provincia Autonoma Trento,P.A. Trento,541380,75779,14.0,0.18
1328,2021-02-05,PAT,802,271,531,467,19,2,66,248,0,0,283,519,ITH,ITH2,4,Provincia Autonoma Trento,P.A. Trento,541380,76581,14.15,0.15
1329,2021-04-10,PAT,2710,1265,1445,21,4,2421,1,66,11,186,1917,793,ITH,ITH2,4,Provincia Autonoma Trento,P.A. Trento,541380,79291,14.65,0.5
1330,2021-03-22,PAT,2281,969,1312,82,131,969,8,970,18,103,1406,875,ITH,ITH2,4,Provincia Autonoma Trento,P.A. Trento,541380,81572,15.07,0.42
1331,2021-01-17,PAT,251,195,56,251,0,0,0,0,0,0,251,0,ITH,ITH2,4,Provincia Autonoma Trento,P.A. Trento,541380,81823,15.11,0.05
1332,2021-01-16,PAT,318,147,171,303,0,0,15,0,0,0,318,0,ITH,ITH2,4,Provincia Autonoma Trento,P.A. Trento,541380,82141,15.17,0.06
1333,2021-02-18,PAT,1205,426,779,300,25,5,35,782,3,55,1143,62,ITH,ITH2,4,Provincia Autonoma Trento,P.A. Trento,541380,83346,15.4,0.22
1334,2021-02-28,PAT,242,121,121,231,0,0,0,0,0,11,242,0,ITH,ITH2,4,Provincia Autonoma Trento,P.A. Trento,541380,83588,15.44,0.04
1335,2021-04-06,PAT,2232,944,1288,39,5,1027,9,1034,17,101,1488,744,ITH,ITH2,4,Provincia Autonoma Trento,P.A. Trento,541380,85820,15.85,0.41
1336,2021-03-28,PAT,746,290,456,18,386,262,0,8,70,2,743,3,ITH,ITH2,4,Provincia Autonoma Trento,P.A. Trento,541380,86566,15.99,0.14
1337,2021-04-03,PAT,1130,470,660,141,250,586,0,56,66,31,965,165,ITH,ITH2,4,Provincia Autonoma Trento,P.A. Trento,541380,87696,16.2,0.21
1338,2021-02-22,PAT,745,259,486,119,4,6,70,501,0,45,661,84,ITH,ITH2,4,Provincia Autonoma Trento,P.A. Trento,541380,88441,16.34,0.14
1339,2021-03-19,PAT,2407,911,1496,318,70,842,52,1055,2,68,1569,838,ITH,ITH2,4,Provincia Autonoma Trento,P.A. Trento,541380,90848,16.78,0.44
1340,2021-02-19,PAT,927,358,569,170,37,16,93,582,1,28,869,58,ITH,ITH2,4,Provincia Autonoma Trento,P.A. Trento,541380,91775,16.95,0.17
1341,2021-01-19,PAT,405,77,328,365,3,1,36,0,0,0,405,0,ITH,ITH2,4,Provincia Autonoma Trento,P.A. Trento,541380,92180,17.03,0.07
1342,2021-01-28,PAT,530,147,383,390,29,4,107,0,0,0,48,482,ITH,ITH2,4,Provincia Autonoma Trento,P.A. Trento,541380,92710,17.12,0.1
1343,2021-03-16,PAT,1390,505,885,221,7,49,36,1073,0,4,607,783,ITH,ITH2,4,Provincia Autonoma Trento,P.A. Trento,541380,94100,17.38,0.26
1344,2021-01-04,PAT,870,227,643,486,41,6,336,1,0,0,870,0,ITH,ITH2,4,Provincia Autonoma Trento,P.A. Trento,541380,94970,17.54,0.16
1345,2021-04-09,PAT,2661,1131,1530,86,24,1473,27,854,4,193,1502,1159,ITH,ITH2,4,Provincia Autonoma Trento,P.A. Trento,541380,97631,18.03,0.49
1346,2021-02-25,PAT,1639,642,997,120,9,8,32,1376,1,93,1199,440,ITH,ITH2,4,Provincia Autonoma Trento,P.A. Trento,541380,99270,18.34,0.3
1347,2021-02-03,PAT,846,314,532,356,13,10,73,394,0,0,414,432,ITH,ITH2,4,Provincia Autonoma Trento,P.A. Trento,541380,100116,18.49,0.16
1348,2021-01-03,PAT,492,160,332,419,9,1,63,0,0,0,492,0,ITH,ITH2,4,Provincia Autonoma Trento,P.A. Trento,541380,100608,18.58,0.09
1349,2021-02-14,PAT,246,186,60,246,0,0,0,0,0,0,11,235,ITH,ITH2,4,Provincia Autonoma Trento,P.A. Trento,541380,100854,18.63,0.05
1350,2021-04-13,PAT,2295,949,1346,25,12,1275,1,607,2,373,1797,498,ITH,ITH2,4,Provincia Autonoma Trento,P.A. Trento,541380,103149,19.05,0.42
1351,2020-12-30,PAT,7,3,4,4,1,0,2,0,0,0,7,0,ITH,ITH2,4,Provincia Autonoma Trento,P.A. Trento,541380,103156,19.05,0.0
1352,2021-03-30,PAT,2368,966,1402,71,57,975,52,1028,9,176,1742,626,ITH,ITH2,4,Provincia Autonoma Trento,P.A. Trento,541380,105524,19.49,0.44
1353,2021-01-26,PAT,542,154,388,441,16,1,84,0,0,0,27,515,ITH,ITH2,4,Provincia Autonoma Trento,P.A. Trento,541380,106066,19.59,0.1
1354,2020-12-31,PAT,1624,449,1175,841,105,2,676,0,0,0,1624,0,ITH,ITH2,4,Provincia Autonoma Trento,P.A. Trento,541380,107690,19.89,0.3
1355,2021-02-15,PAT,533,187,346,145,21,7,27,322,0,11,419,114,ITH,ITH2,4,Provincia Autonoma Trento,P.A. Trento,541380,108223,19.99,0.1
1356,2021-03-01,PAT,1237,454,783,74,1,17,10,1037,3,95,942,295,ITH,ITH2,4,Provincia Autonoma Trento,P.A. Trento,541380,109460,20.22,0.23
1357,2021-02-09,PAT,914,287,627,447,8,5,73,381,0,0,441,473,ITH,ITH2,4,Provincia Autonoma Trento,P.A. Trento,541380,110374,20.39,0.17
1358,2021-03-06,PAT,772,276,496,361,10,6,0,195,5,195,621,151,ITH,ITH2,4,Provincia Autonoma Trento,P.A. Trento,541380,111146,20.53,0.14
1359,2021-01-18,PAT,642,154,488,528,35,6,73,0,0,0,587,55,ITH,ITH2,4,Provincia Autonoma Trento,P.A. Trento,541380,111788,20.65,0.12
1360,2021-01-06,PAT,42,13,29,42,0,0,0,0,0,0,42,0,ITH,ITH2,4,Provincia Autonoma Trento,P.A. Trento,541380,111830,20.66,0.01
1361,2021-01-15,PAT,594,131,463,463,18,2,111,0,0,0,594,0,ITH,ITH2,4,Provincia Autonoma Trento,P.A. Trento,541380,112424,20.77,0.11
1362,2021-02-17,PAT,1110,425,685,326,9,17,35,708,3,12,1020,90,ITH,ITH2,4,Provincia Autonoma Trento,P.A. Trento,541380,113534,20.97,0.21
1363,2021-03-23,PAT,2420,934,1486,145,96,915,71,1000,31,162,1690,730,ITH,ITH2,4,Provincia Autonoma Trento,P.A. Trento,541380,115954,21.42,0.45
1364,2021-03-24,PAT,2357,932,1425,204,78,330,42,1440,39,224,1538,819,ITH,ITH2,4,Provincia Autonoma Trento,P.A. Trento,541380,118311,21.85,0.44
1365,2020-12-27,PAT,103,40,63,76,4,2,21,0,0,0,103,0,ITH,ITH2,4,Provincia Autonoma Trento,P.A. Trento,541380,118414,21.87,0.02
1366,2021-01-25,PAT,817,215,602,524,27,3,263,0,0,0,23,794,ITH,ITH2,4,Provincia Autonoma Trento,P.A. Trento,541380,119231,22.02,0.15
1367,2021-02-08,PAT,1150,318,832,550,53,6,237,303,0,1,342,808,ITH,ITH2,4,Provincia Autonoma Trento,P.A. Trento,541380,120381,22.24,0.21
1368,2021-02-02,PAT,907,240,667,507,33,11,189,167,0,0,190,717,ITH,ITH2,4,Provincia Autonoma Trento,P.A. Trento,541380,121288,22.4,0.17
1369,2021-01-11,PAT,729,221,508,522,49,5,153,0,0,0,729,0,ITH,ITH2,4,Provincia Autonoma Trento,P.A. Trento,541380,122017,22.54,0.13
1370,2021-03-25,PAT,2856,1097,1759,183,136,811,28,1320,21,357,1791,1065,ITH,ITH2,4,Provincia Autonoma Trento,P.A. Trento,541380,124873,23.07,0.53
1371,2021-04-07,LIG,12948,5747,7201,426,143,7461,103,4142,105,568,10799,2149,ITC,ITC3,7,Liguria,Liguria,1550640,12948,0.84,0.84
1372,2021-01-28,LIG,2841,969,1872,2239,182,105,309,0,1,5,39,2802,ITC,ITC3,7,Liguria,Liguria,1550640,15789,1.02,0.18
1373,2021-01-05,LIG,2879,896,1983,2308,107,196,261,0,0,7,2879,0,ITC,ITC3,7,Liguria,Liguria,1550640,18668,1.2,0.19
1374,2021-04-01,LIG,11979,5294,6685,433,63,6577,139,3693,138,936,9211,2768,ITC,ITC3,7,Liguria,Liguria,1550640,30647,1.98,0.77
1375,2020-12-29,LIG,125,33,92,93,11,0,21,0,0,0,125,0,ITC,ITC3,7,Liguria,Liguria,1550640,30772,1.98,0.01
1376,2021-03-26,LIG,9093,3842,5251,603,180,2753,65,3879,316,1297,5939,3154,ITC,ITC3,7,Liguria,Liguria,1550640,39865,2.57,0.59
1377,2021-01-07,LIG,3230,1095,2135,2340,143,276,466,0,1,4,3230,0,ITC,ITC3,7,Liguria,Liguria,1550640,43095,2.78,0.21
1378,2021-01-02,LIG,691,245,446,595,54,42,0,0,0,0,691,0,ITC,ITC3,7,Liguria,Liguria,1550640,43786,2.82,0.04
1379,2021-04-09,LIG,11908,5352,6556,525,174,7058,79,3465,27,580,10326,1582,ITC,ITC3,7,Liguria,Liguria,1550640,55694,3.59,0.77
1380,2021-01-20,LIG,1548,554,994,726,121,219,480,0,0,2,1536,12,ITC,ITC3,7,Liguria,Liguria,1550640,57242,3.69,0.1
1381,2021-04-03,LIG,5132,2359,2773,116,19,3624,3,1348,3,19,4240,892,ITC,ITC3,7,Liguria,Liguria,1550640,62374,4.02,0.33
1382,2021-01-15,LIG,2246,752,1494,1324,271,137,512,0,0,2,2246,0,ITC,ITC3,7,Liguria,Liguria,1550640,64620,4.17,0.14
1383,2021-03-12,LIG,6026,2769,3257,1205,218,714,84,3364,437,4,3561,2465,ITC,ITC3,7,Liguria,Liguria,1550640,70646,4.56,0.39
1384,2021-04-10,LIG,7390,3358,4032,213,50,5772,34,1307,5,9,6721,669,ITC,ITC3,7,Liguria,Liguria,1550640,78036,5.03,0.48
1385,2021-04-02,LIG,11309,4959,6350,432,118,6118,31,3611,102,897,8823,2486,ITC,ITC3,7,Liguria,Liguria,1550640,89345,5.76,0.73
1386,2021-01-16,LIG,1278,557,721,753,62,163,299,0,0,1,1278,0,ITC,ITC3,7,Liguria,Liguria,1550640,90623,5.84,0.08
1387,2021-04-04,LIG,642,312,330,30,0,391,0,221,0,0,507,135,ITC,ITC3,7,Liguria,Liguria,1550640,91265,5.89,0.04
1388,2021-01-01,LIG,144,55,89,139,4,1,0,0,0,0,144,0,ITC,ITC3,7,Liguria,Liguria,1550640,91409,5.89,0.01
1389,2021-01-08,LIG,2928,999,1929,2085,167,240,431,0,1,4,2928,0,ITC,ITC3,7,Liguria,Liguria,1550640,94337,6.08,0.19
1390,2021-01-11,LIG,2653,990,1663,1991,143,202,316,0,0,1,2653,0,ITC,ITC3,7,Liguria,Liguria,1550640,96990,6.25,0.17
1391,2021-01-06,LIG,1660,616,1044,1230,40,210,113,64,0,3,1660,0,ITC,ITC3,7,Liguria,Liguria,1550640,98650,6.36,0.11
1392,2021-01-10,LIG,648,262,386,369,84,19,176,0,0,0,648,0,ITC,ITC3,7,Liguria,Liguria,1550640,99298,6.4,0.04
1393,2021-02-11,LIG,1961,761,1200,1240,126,133,456,0,0,6,1091,870,ITC,ITC3,7,Liguria,Liguria,1550640,101259,6.53,0.13
1394,2021-03-13,LIG,3563,1514,2049,331,82,647,71,1522,120,790,2710,853,ITC,ITC3,7,Liguria,Liguria,1550640,104822,6.76,0.23
1395,2021-01-18,LIG,2133,744,1389,1251,186,248,438,0,0,10,1976,157,ITC,ITC3,7,Liguria,Liguria,1550640,106955,6.9,0.14
1396,2021-02-22,LIG,3328,1462,1866,712,100,112,235,2167,0,2,3190,138,ITC,ITC3,7,Liguria,Liguria,1550640,110283,7.11,0.21
1397,2021-03-16,LIG,6059,2713,3346,934,109,419,323,4265,3,6,2342,3717,ITC,ITC3,7,Liguria,Liguria,1550640,116342,7.5,0.39
1398,2021-02-18,LIG,2761,1126,1635,958,119,303,349,1030,0,2,2431,330,ITC,ITC3,7,Liguria,Liguria,1550640,119103,7.68,0.18
1399,2021-02-19,LIG,3096,1279,1817,989,124,469,97,1414,0,3,2920,176,ITC,ITC3,7,Liguria,Liguria,1550640,122199,7.88,0.2
1400,2021-01-14,LIG,2983,1056,1927,1873,336,220,553,0,0,1,2983,0,ITC,ITC3,7,Liguria,Liguria,1550640,125182,8.07,0.19
1401,2021-03-03,LIG,4548,1825,2723,1029,118,128,288,2978,3,4,3555,993,ITC,ITC3,7,Liguria,Liguria,1550640,129730,8.37,0.29
1402,2021-02-02,LIG,2666,1004,1662,1972,195,33,464,0,0,2,134,2532,ITC,ITC3,7,Liguria,Liguria,1550640,132396,8.54,0.17
1403,2021-02-09,LIG,1903,682,1221,1086,197,143,455,0,0,22,256,1647,ITC,ITC3,7,Liguria,Liguria,1550640,134299,8.66,0.12
1404,2021-03-22,LIG,7367,3277,4090,578,115,1614,82,3823,281,874,4523,2844,ITC,ITC3,7,Liguria,Liguria,1550640,141666,9.14,0.48
1405,2021-03-17,LIG,5520,2356,3164,781,112,288,76,4254,2,7,2462,3058,ITC,ITC3,7,Liguria,Liguria,1550640,147186,9.49,0.36
1406,2021-02-04,LIG,2814,985,1829,1866,376,92,471,0,1,8,179,2635,ITC,ITC3,7,Liguria,Liguria,1550640,150000,9.67,0.18
1407,2021-01-23,LIG,809,295,514,633,94,38,43,0,0,1,153,656,ITC,ITC3,7,Liguria,Liguria,1550640,150809,9.73,0.05
1408,2021-04-06,LIG,12466,5541,6925,538,111,7001,204,3990,72,550,10361,2105,ITC,ITC3,7,Liguria,Liguria,1550640,163275,10.53,0.8
1409,2021-02-15,LIG,2259,838,1421,1086,185,82,241,662,1,2,1862,397,ITC,ITC3,7,Liguria,Liguria,1550640,165534,10.68,0.15
1410,2021-02-28,LIG,1060,581,479,12,1,570,3,474,0,0,1051,9,ITC,ITC3,7,Liguria,Liguria,1550640,166594,10.74,0.07
1411,2021-01-17,LIG,861,300,561,516,16,66,262,0,0,1,861,0,ITC,ITC3,7,Liguria,Liguria,1550640,167455,10.8,0.06
1412,2020-12-30,LIG,12,5,7,12,0,0,0,0,0,0,12,0,ITC,ITC3,7,Liguria,Liguria,1550640,167467,10.8,0.0
1413,2021-02-06,LIG,1891,767,1124,1309,161,45,375,0,0,1,145,1746,ITC,ITC3,7,Liguria,Liguria,1550640,169358,10.92,0.12
1414,2021-01-13,LIG,2755,1013,1742,1913,227,124,487,0,0,4,2755,0,ITC,ITC3,7,Liguria,Liguria,1550640,172113,11.1,0.18
1415,2021-04-13,LIG,10058,4549,5509,434,49,5798,75,3557,68,77,8409,1649,ITC,ITC3,7,Liguria,Liguria,1550640,182171,11.75,0.65
1416,2021-01-03,LIG,734,230,504,658,23,52,0,0,0,1,734,0,ITC,ITC3,7,Liguria,Liguria,1550640,182905,11.8,0.05
1417,2021-01-21,LIG,1102,385,717,584,69,116,332,1,0,0,672,430,ITC,ITC3,7,Liguria,Liguria,1550640,184007,11.87,0.07
1418,2021-01-19,LIG,1364,433,931,714,133,186,328,0,0,3,1274,90,ITC,ITC3,7,Liguria,Liguria,1550640,185371,11.95,0.09
1419,2021-01-30,LIG,1661,567,1094,1261,88,53,257,0,0,2,25,1636,ITC,ITC3,7,Liguria,Liguria,1550640,187032,12.06,0.11
1420,2021-02-20,LIG,1334,636,698,159,28,436,122,589,0,0,1333,1,ITC,ITC3,7,Liguria,Liguria,1550640,188366,12.15,0.09
1421,2021-02-23,LIG,3803,1559,2244,686,79,192,116,2727,2,1,3694,109,ITC,ITC3,7,Liguria,Liguria,1550640,192169,12.39,0.25
1422,2021-02-26,LIG,3760,1521,2239,782,127,96,168,2585,0,2,3433,327,ITC,ITC3,7,Liguria,Liguria,1550640,195929,12.64,0.24
1423,2021-01-09,LIG,1335,481,854,999,73,73,188,0,0,2,1335,0,ITC,ITC3,7,Liguria,Liguria,1550640,197264,12.72,0.09
1424,2021-02-16,LIG,2392,949,1443,982,200,211,283,714,0,2,1999,393,ITC,ITC3,7,Liguria,Liguria,1550640,199656,12.88,0.15
1425,2021-02-07,LIG,407,153,254,191,12,17,187,0,0,0,2,405,ITC,ITC3,7,Liguria,Liguria,1550640,200063,12.9,0.03
1426,2021-03-11,LIG,6205,2981,3224,1142,109,505,261,3687,499,2,4203,2002,ITC,ITC3,7,Liguria,Liguria,1550640,206268,13.3,0.4
1427,2021-04-05,LIG,3970,1748,2222,190,22,1528,9,2210,1,10,2321,1649,ITC,ITC3,7,Liguria,Liguria,1550640,210238,13.56,0.26
1428,2020-12-31,LIG,989,354,635,751,17,38,155,28,0,0,989,0,ITC,ITC3,7,Liguria,Liguria,1550640,211227,13.62,0.06
1429,2021-01-04,LIG,2615,854,1761,2197,81,158,176,0,0,3,2615,0,ITC,ITC3,7,Liguria,Liguria,1550640,213842,13.79,0.17
1430,2021-04-11,LIG,4204,1912,2292,66,13,3395,23,624,10,73,3955,249,ITC,ITC3,7,Liguria,Liguria,1550640,218046,14.06,0.27
1431,2021-02-13,LIG,1080,508,572,543,77,58,148,254,0,0,800,280,ITC,ITC3,7,Liguria,Liguria,1550640,219126,14.13,0.07
1432,2021-03-15,LIG,7297,3071,4226,819,171,1245,106,3773,221,962,4595,2702,ITC,ITC3,7,Liguria,Liguria,1550640,226423,14.6,0.47
1433,2021-02-21,LIG,869,491,378,183,21,296,102,267,0,0,865,4,ITC,ITC3,7,Liguria,Liguria,1550640,227292,14.66,0.06
1434,2021-02-25,LIG,3439,1348,2091,550,91,122,88,2585,2,1,3310,129,ITC,ITC3,7,Liguria,Liguria,1550640,230731,14.88,0.22
1435,2020-12-28,LIG,80,30,50,77,0,3,0,0,0,0,80,0,ITC,ITC3,7,Liguria,Liguria,1550640,230811,14.88,0.01
1436,2021-01-24,LIG,755,236,519,632,60,3,60,0,0,0,113,642,ITC,ITC3,7,Liguria,Liguria,1550640,231566,14.93,0.05
1437,2021-03-25,LIG,9497,4044,5453,646,172,2838,170,3677,381,1613,6108,3389,ITC,ITC3,7,Liguria,Liguria,1550640,241063,15.55,0.61
1438,2021-03-24,LIG,8770,3761,5009,521,104,2133,61,4214,401,1336,5482,3288,ITC,ITC3,7,Liguria,Liguria,1550640,249833,16.11,0.57
1439,2021-03-07,LIG,1858,1085,773,184,8,516,258,508,383,1,1557,301,ITC,ITC3,7,Liguria,Liguria,1550640,251691,16.23,0.12
1440,2021-03-23,LIG,8793,3982,4811,638,79,2308,56,3930,474,1308,5587,3206,ITC,ITC3,7,Liguria,Liguria,1550640,260484,16.8,0.57
1441,2020-12-27,LIG,135,56,79,88,0,2,45,0,0,0,135,0,ITC,ITC3,7,Liguria,Liguria,1550640,260619,16.81,0.01
1442,2021-01-27,LIG,1745,604,1141,1338,89,90,227,0,0,1,142,1603,ITC,ITC3,7,Liguria,Liguria,1550640,262364,16.92,0.11
1443,2021-03-04,LIG,4721,2111,2610,920,106,212,276,2921,282,4,3891,830,ITC,ITC3,7,Liguria,Liguria,1550640,267085,17.22,0.3
1444,2021-03-09,LIG,5804,2701,3103,1031,148,504,131,3457,533,0,4379,1425,ITC,ITC3,7,Liguria,Liguria,1550640,272889,17.6,0.37
1445,2021-03-14,LIG,1658,752,906,66,36,345,176,577,27,431,1054,604,ITC,ITC3,7,Liguria,Liguria,1550640,274547,17.71,0.11
1446,2021-02-14,LIG,233,122,111,31,0,30,112,60,0,0,233,0,ITC,ITC3,7,Liguria,Liguria,1550640,274780,17.72,0.02
1447,2021-01-26,LIG,2483,803,1680,1964,152,110,252,0,0,5,13,2470,ITC,ITC3,7,Liguria,Liguria,1550640,277263,17.88,0.16
1448,2021-03-29,LIG,10375,4484,5891,462,126,4701,115,3906,182,883,7247,3128,ITC,ITC3,7,Liguria,Liguria,1550640,287638,18.55,0.67
1449,2021-02-08,LIG,1933,734,1199,1243,212,185,286,0,0,7,306,1627,ITC,ITC3,7,Liguria,Liguria,1550640,289571,18.67,0.12
1450,2021-01-12,LIG,2460,886,1574,1750,174,95,439,0,0,2,2460,0,ITC,ITC3,7,Liguria,Liguria,1550640,292031,18.83,0.16
1451,2021-03-28,LIG,1140,509,631,135,91,236,145,532,1,0,389,751,ITC,ITC3,7,Liguria,Liguria,1550640,293171,18.91,0.07
1452,2021-02-01,LIG,2551,917,1634,1945,171,54,380,0,0,1,85,2466,ITC,ITC3,7,Liguria,Liguria,1550640,295722,19.07,0.16
1453,2021-03-19,LIG,5280,2229,3051,734,162,457,137,3686,21,83,2149,3131,ITC,ITC3,7,Liguria,Liguria,1550640,301002,19.41,0.34
1454,2021-02-27,LIG,1888,921,967,139,13,527,5,1204,0,0,1759,129,ITC,ITC3,7,Liguria,Liguria,1550640,302890,19.53,0.12
1455,2021-03-21,LIG,552,221,331,7,1,19,0,525,0,0,69,483,ITC,ITC3,7,Liguria,Liguria,1550640,303442,19.57,0.04
1456,2021-01-22,LIG,1814,603,1211,1065,143,41,565,0,0,0,1328,486,ITC,ITC3,7,Liguria,Liguria,1550640,305256,19.69,0.12
1457,2021-02-10,LIG,2275,827,1448,1350,233,186,496,5,0,5,1014,1261,ITC,ITC3,7,Liguria,Liguria,1550640,307531,19.83,0.15
1458,2021-01-31,LIG,624,270,354,418,67,4,135,0,0,0,9,615,ITC,ITC3,7,Liguria,Liguria,1550640,308155,19.87,0.04
1459,2021-03-10,LIG,5756,2782,2974,823,94,700,95,3627,416,1,3852,1904,ITC,ITC3,7,Liguria,Liguria,1550640,313911,20.24,0.37
1460,2021-03-27,LIG,3919,1538,2381,176,22,854,36,2056,69,706,2523,1396,ITC,ITC3,7,Liguria,Liguria,1550640,317830,20.5,0.25
1461,2021-03-31,LIG,11339,4970,6369,522,85,5395,83,4205,179,870,8578,2761,ITC,ITC3,7,Liguria,Liguria,1550640,329169,21.23,0.73
1462,2021-04-08,LIG,9548,4326,5222,442,110,5757,71,2787,33,348,8048,1500,ITC,ITC3,7,Liguria,Liguria,1550640,338717,21.84,0.62
1463,2021-03-02,LIG,4073,1688,2385,726,60,126,76,3080,1,4,3763,310,ITC,ITC3,7,Liguria,Liguria,1550640,342790,22.11,0.26
1464,2021-03-01,LIG,3498,1425,2073,528,62,58,105,2744,0,1,3376,122,ITC,ITC3,7,Liguria,Liguria,1550640,346288,22.33,0.23
1465,2021-03-30,LIG,11700,5170,6530,486,94,5647,106,4294,228,845,8311,3389,ITC,ITC3,7,Liguria,Liguria,1550640,357988,23.09,0.75
1466,2021-03-08,LIG,5617,2456,3161,1122,171,364,80,3567,306,7,3933,1684,ITC,ITC3,7,Liguria,Liguria,1550640,363605,23.45,0.36
1467,2021-02-05,LIG,2630,975,1655,1727,357,75,467,0,0,4,301,2329,ITC,ITC3,7,Liguria,Liguria,1550640,366235,23.62,0.17
1468,2021-02-03,LIG,2315,791,1524,1626,212,60,416,0,0,1,55,2260,ITC,ITC3,7,Liguria,Liguria,1550640,368550,23.77,0.15
1469,2021-02-24,LIG,3758,1557,2201,804,92,182,154,2525,0,1,3499,259,ITC,ITC3,7,Liguria,Liguria,1550640,372308,24.01,0.24
1470,2021-03-20,LIG,2316,995,1321,224,44,184,0,1855,9,0,1142,1174,ITC,ITC3,7,Liguria,Liguria,1550640,374624,24.16,0.15
1471,2021-02-17,LIG,2623,1165,1458,883,131,231,262,1115,0,1,2260,363,ITC,ITC3,7,Liguria,Liguria,1550640,377247,24.33,0.17
1472,2021-03-06,LIG,3302,1841,1461,377,12,782,120,1537,473,1,2597,705,ITC,ITC3,7,Liguria,Liguria,1550640,380549,24.54,0.21
1473,2021-01-25,LIG,2717,888,1829,2208,128,62,317,0,0,2,471,2246,ITC,ITC3,7,Liguria,Liguria,1550640,383266,24.72,0.18
1474,2021-04-12,LIG,11815,5232,6583,497,78,7045,105,3985,60,45,10032,1783,ITC,ITC3,7,Liguria,Liguria,1550640,395081,25.48,0.76
1475,2021-02-12,LIG,1913,684,1229,866,119,104,393,430,0,1,895,1018,ITC,ITC3,7,Liguria,Liguria,1550640,396994,25.6,0.12
1476,2021-01-29,LIG,3058,1058,2000,2308,197,117,434,0,0,2,66,2992,ITC,ITC3,7,Liguria,Liguria,1550640,400052,25.8,0.2
1477,2021-03-18,LIG,4986,2127,2859,632,69,486,94,3694,6,5,2022,2964,ITC,ITC3,7,Liguria,Liguria,1550640,405038,26.12,0.32
1478,2021-03-05,LIG,4861,2147,2714,795,65,267,81,3336,312,5,3737,1124,ITC,ITC3,7,Liguria,Liguria,1550640,409899,26.43,0.31
1479,2021-02-15,TOS,8768,3374,5394,4536,922,1106,216,56,794,1138,7943,825,ITI,ITI1,9,Toscana,Toscana,3729641,8768,0.24,0.24
1480,2021-03-19,TOS,10050,4421,5629,640,439,4013,303,4607,13,35,7226,2824,ITI,ITI1,9,Toscana,Toscana,3729641,18818,0.5,0.27
1481,2021-03-04,TOS,17507,6670,10837,2816,275,1397,274,8186,865,3694,14431,3076,ITI,ITI1,9,Toscana,Toscana,3729641,36325,0.97,0.47
1482,2021-02-06,TOS,4527,1550,2977,3725,574,1,227,0,0,0,1294,3233,ITI,ITI1,9,Toscana,Toscana,3729641,40852,1.1,0.12
1483,2021-01-03,TOS,3336,1052,2284,2565,9,0,762,0,0,0,3336,0,ITI,ITI1,9,Toscana,Toscana,3729641,44188,1.18,0.09
1484,2021-04-13,TOS,6947,2915,4032,225,238,2016,165,4270,29,4,4817,2130,ITI,ITI1,9,Toscana,Toscana,3729641,51135,1.37,0.19
1485,2021-02-26,TOS,10063,3824,6239,1557,637,1069,298,1802,1138,3562,8857,1206,ITI,ITI1,9,Toscana,Toscana,3729641,61198,1.64,0.27
1486,2021-01-22,TOS,2865,1064,1801,2026,81,0,758,0,0,0,527,2338,ITI,ITI1,9,Toscana,Toscana,3729641,64063,1.72,0.08
1487,2021-02-12,TOS,7606,2683,4923,3742,380,2892,188,2,402,0,7393,213,ITI,ITI1,9,Toscana,Toscana,3729641,71669,1.92,0.2
1488,2021-01-04,TOS,5065,1894,3171,4100,29,3,933,0,0,0,5065,0,ITI,ITI1,9,Toscana,Toscana,3729641,76734,2.06,0.14
1489,2021-03-11,TOS,15424,5968,9456,2440,906,1374,270,10215,207,12,12106,3318,ITI,ITI1,9,Toscana,Toscana,3729641,92158,2.47,0.41
1490,2021-03-03,TOS,18104,6458,11646,3324,496,663,135,9141,899,3446,14501,3603,ITI,ITI1,9,Toscana,Toscana,3729641,110262,2.96,0.49
1491,2021-01-17,TOS,2535,871,1664,2002,293,0,240,0,0,0,2022,513,ITI,ITI1,9,Toscana,Toscana,3729641,112797,3.02,0.07
1492,2021-03-28,TOS,6190,2800,3390,37,20,5409,145,471,19,89,5936,254,ITI,ITI1,9,Toscana,Toscana,3729641,118987,3.19,0.17
1493,2021-01-23,TOS,3949,1354,2595,2936,170,2,841,0,0,0,640,3309,ITI,ITI1,9,Toscana,Toscana,3729641,122936,3.3,0.11
1494,2021-03-22,TOS,4836,2398,2438,221,347,3430,380,9,135,314,4393,443,ITI,ITI1,9,Toscana,Toscana,3729641,127772,3.43,0.13
1495,2021-04-08,TOS,28816,12178,16638,267,253,5295,186,22794,16,5,22611,6205,ITI,ITI1,9,Toscana,Toscana,3729641,156588,4.2,0.77
1496,2021-03-30,TOS,16580,7333,9247,207,129,7867,249,7846,169,113,13047,3533,ITI,ITI1,9,Toscana,Toscana,3729641,173168,4.64,0.44
1497,2021-01-24,TOS,3349,1073,2276,2602,35,2,709,1,0,0,201,3148,ITI,ITI1,9,Toscana,Toscana,3729641,176517,4.73,0.09
1498,2021-03-08,TOS,6345,2610,3735,4063,746,990,191,65,282,8,1526,4819,ITI,ITI1,9,Toscana,Toscana,3729641,182862,4.9,0.17
1499,2021-02-20,TOS,4641,1790,2851,3350,1038,0,203,17,15,18,4128,513,ITI,ITI1,9,Toscana,Toscana,3729641,187503,5.03,0.12
1500,2021-01-19,TOS,1104,531,573,392,220,1,491,0,0,0,1104,0,ITI,ITI1,9,Toscana,Toscana,3729641,188607,5.06,0.03
1501,2021-02-01,TOS,5504,1957,3547,4481,403,4,616,0,0,0,520,4984,ITI,ITI1,9,Toscana,Toscana,3729641,194111,5.2,0.15
1502,2021-03-20,TOS,6488,2881,3607,914,552,4770,165,29,24,34,5353,1135,ITI,ITI1,9,Toscana,Toscana,3729641,200599,5.38,0.17
1503,2021-03-25,TOS,23274,9966,13308,225,269,6174,406,15277,218,705,15012,8262,ITI,ITI1,9,Toscana,Toscana,3729641,223873,6.0,0.62
1504,2021-03-02,TOS,10583,3787,6796,3170,432,598,154,1847,870,3512,7139,3444,ITI,ITI1,9,Toscana,Toscana,3729641,234456,6.29,0.28
1505,2021-01-14,TOS,3254,1179,2075,2459,475,0,320,0,0,0,3254,0,ITI,ITI1,9,Toscana,Toscana,3729641,237710,6.37,0.09
1506,2021-02-03,TOS,4221,1452,2769,3475,239,1,505,1,0,0,241,3980,ITI,ITI1,9,Toscana,Toscana,3729641,241931,6.49,0.11
1507,2021-03-18,TOS,9885,3947,5938,437,544,931,280,7683,7,3,5949,3936,ITI,ITI1,9,Toscana,Toscana,3729641,251816,6.75,0.27
1508,2021-02-13,TOS,7784,2360,5424,3667,574,3193,163,0,186,1,7557,227,ITI,ITI1,9,Toscana,Toscana,3729641,259600,6.96,0.21
1509,2021-02-25,TOS,10593,4286,6307,1078,421,1281,259,3213,1142,3199,9599,994,ITI,ITI1,9,Toscana,Toscana,3729641,270193,7.24,0.28
1510,2021-04-05,TOS,15280,6824,8456,27,41,15104,0,71,2,35,14542,738,ITI,ITI1,9,Toscana,Toscana,3729641,285473,7.65,0.41
1511,2021-04-02,TOS,31334,13254,18080,296,52,11377,370,19125,108,6,23505,7829,ITI,ITI1,9,Toscana,Toscana,3729641,316807,8.49,0.84
1512,2021-04-03,TOS,14859,6577,8282,101,34,9908,99,4694,10,13,13734,1125,ITI,ITI1,9,Toscana,Toscana,3729641,331666,8.89,0.4
1513,2021-02-18,TOS,8817,3285,5532,2924,1447,64,230,214,796,3142,7923,894,ITI,ITI1,9,Toscana,Toscana,3729641,340483,9.13,0.24
1514,2021-03-15,TOS,8312,3309,5003,3214,1248,709,404,36,420,2281,3870,4442,ITI,ITI1,9,Toscana,Toscana,3729641,348795,9.35,0.22
1515,2021-01-15,TOS,3878,1347,2531,2758,674,2,444,0,0,0,3878,0,ITI,ITI1,9,Toscana,Toscana,3729641,352673,9.46,0.1
1516,2021-04-11,TOS,3349,1532,1817,59,30,1930,98,1228,0,4,3196,153,ITI,ITI1,9,Toscana,Toscana,3729641,356022,9.55,0.09
1517,2021-04-07,TOS,34845,14962,19883,305,482,14954,98,18931,55,20,27797,7048,ITI,ITI1,9,Toscana,Toscana,3729641,390867,10.48,0.93
1518,2021-01-11,TOS,5094,1691,3403,4362,209,1,522,0,0,0,5094,0,ITI,ITI1,9,Toscana,Toscana,3729641,395961,10.62,0.14
1519,2021-03-09,TOS,10587,4089,6498,4806,905,1179,180,3292,214,11,5035,5552,ITI,ITI1,9,Toscana,Toscana,3729641,406548,10.9,0.28
1520,2021-02-27,TOS,1944,723,1221,1352,311,3,132,1,126,19,1042,902,ITI,ITI1,9,Toscana,Toscana,3729641,408492,10.95,0.05
1521,2021-02-16,TOS,9268,3338,5930,5084,952,30,178,10,691,2323,8557,711,ITI,ITI1,9,Toscana,Toscana,3729641,417760,11.2,0.25
1522,2021-04-04,TOS,13906,6599,7307,17,8,13795,1,30,3,52,13654,252,ITI,ITI1,9,Toscana,Toscana,3729641,431666,11.57,0.37
1523,2021-04-12,TOS,2225,1049,1176,162,262,1571,82,138,4,6,1655,570,ITI,ITI1,9,Toscana,Toscana,3729641,433891,11.63,0.06
1524,2021-01-02,TOS,3497,1097,2400,2682,15,0,800,0,0,0,3497,0,ITI,ITI1,9,Toscana,Toscana,3729641,437388,11.73,0.09
1525,2021-01-25,TOS,5125,1896,3229,4159,54,2,909,1,0,0,249,4876,ITI,ITI1,9,Toscana,Toscana,3729641,442513,11.86,0.14
1526,2021-03-13,TOS,9276,3300,5976,2835,1156,953,68,180,344,3740,5314,3962,ITI,ITI1,9,Toscana,Toscana,3729641,451789,12.11,0.25
1527,2021-01-18,TOS,1119,636,483,430,313,1,375,0,0,0,1021,98,ITI,ITI1,9,Toscana,Toscana,3729641,452908,12.14,0.03
1528,2021-02-10,TOS,4263,1280,2983,3536,239,2,485,0,1,0,3739,524,ITI,ITI1,9,Toscana,Toscana,3729641,457171,12.26,0.11
1529,2021-03-01,TOS,4381,1667,2714,3192,593,10,137,3,421,25,741,3640,ITI,ITI1,9,Toscana,Toscana,3729641,461552,12.38,0.12
1530,2021-01-09,TOS,4485,1596,2889,3780,143,1,560,1,0,0,4485,0,ITI,ITI1,9,Toscana,Toscana,3729641,466037,12.5,0.12
1531,2021-01-07,TOS,6018,1751,4267,5308,29,1,680,0,0,0,6018,0,ITI,ITI1,9,Toscana,Toscana,3729641,472055,12.66,0.16
1532,2021-01-27,TOS,4834,1572,3262,4018,73,1,742,0,0,0,207,4627,ITI,ITI1,9,Toscana,Toscana,3729641,476889,12.79,0.13
1533,2021-03-31,TOS,32078,12873,19205,277,84,4746,264,22610,398,3699,20114,11964,ITI,ITI1,9,Toscana,Toscana,3729641,508967,13.65,0.86
1534,2021-02-28,TOS,1649,667,982,1111,201,1,78,0,249,9,922,727,ITI,ITI1,9,Toscana,Toscana,3729641,510616,13.69,0.04
1535,2021-01-21,TOS,1589,686,903,579,220,0,790,0,0,0,867,722,ITI,ITI1,9,Toscana,Toscana,3729641,512205,13.73,0.04
1536,2021-03-27,TOS,8760,4071,4689,112,68,6740,222,1383,37,198,8544,216,ITI,ITI1,9,Toscana,Toscana,3729641,520965,13.97,0.23
1537,2021-03-24,TOS,19462,7890,11572,222,326,4436,195,13299,211,773,10088,9374,ITI,ITI1,9,Toscana,Toscana,3729641,540427,14.49,0.52
1538,2021-03-23,TOS,9041,4076,4965,309,302,4189,328,3436,139,338,6800,2241,ITI,ITI1,9,Toscana,Toscana,3729641,549468,14.73,0.24
1539,2021-01-31,TOS,3049,1129,1920,2465,133,2,448,1,0,0,106,2943,ITI,ITI1,9,Toscana,Toscana,3729641,552517,14.81,0.08
1540,2021-04-01,TOS,26354,10859,15495,226,100,1560,302,24013,147,6,15922,10432,ITI,ITI1,9,Toscana,Toscana,3729641,578871,15.52,0.71
1541,2021-02-21,TOS,5105,2089,3016,3666,1220,0,195,2,13,9,4935,170,ITI,ITI1,9,Toscana,Toscana,3729641,583976,15.66,0.14
1542,2021-01-16,TOS,3271,1046,2225,2493,538,0,240,0,0,0,3271,0,ITI,ITI1,9,Toscana,Toscana,3729641,587247,15.75,0.09
1543,2021-02-05,TOS,5748,2244,3504,4121,1180,4,442,1,0,0,1924,3824,ITI,ITI1,9,Toscana,Toscana,3729641,592995,15.9,0.15
1544,2021-02-02,TOS,3742,1475,2267,3021,283,4,422,6,6,0,195,3547,ITI,ITI1,9,Toscana,Toscana,3729641,596737,16.0,0.1
1545,2021-02-11,TOS,5383,2021,3362,2809,284,1934,323,12,10,11,5141,242,ITI,ITI1,9,Toscana,Toscana,3729641,602120,16.14,0.14
1546,2021-04-10,TOS,10859,4944,5915,235,188,2848,117,7459,9,3,10125,734,ITI,ITI1,9,Toscana,Toscana,3729641,612979,16.44,0.29
1547,2021-01-06,TOS,4519,1459,3060,3984,9,1,525,0,0,0,4519,0,ITI,ITI1,9,Toscana,Toscana,3729641,617498,16.56,0.12
1548,2021-03-29,TOS,9247,4490,4757,227,101,8346,210,20,143,200,8923,324,ITI,ITI1,9,Toscana,Toscana,3729641,626745,16.8,0.25
1549,2021-02-07,TOS,2806,953,1853,2349,299,1,157,0,0,0,885,1921,ITI,ITI1,9,Toscana,Toscana,3729641,629551,16.88,0.08
1550,2021-01-01,TOS,2369,787,1582,1715,2,0,650,2,0,0,2369,0,ITI,ITI1,9,Toscana,Toscana,3729641,631920,16.94,0.06
1551,2021-01-08,TOS,5944,1641,4303,5360,36,3,545,0,0,0,5944,0,ITI,ITI1,9,Toscana,Toscana,3729641,637864,17.1,0.16
1552,2021-03-05,TOS,16412,6300,10112,3921,926,1485,170,5220,819,3871,11672,4740,ITI,ITI1,9,Toscana,Toscana,3729641,654276,17.54,0.44
1553,2021-01-05,TOS,5243,1754,3489,4354,9,2,878,0,0,0,5243,0,ITI,ITI1,9,Toscana,Toscana,3729641,659519,17.68,0.14
1554,2021-01-12,TOS,3581,1398,2183,2944,282,1,354,0,0,0,3581,0,ITI,ITI1,9,Toscana,Toscana,3729641,663100,17.78,0.1
1555,2021-02-08,TOS,4097,1360,2737,3373,343,2,377,2,0,0,3638,459,ITI,ITI1,9,Toscana,Toscana,3729641,667197,17.89,0.11
1556,2021-01-30,TOS,4622,1622,3000,3765,218,1,638,0,0,0,198,4424,ITI,ITI1,9,Toscana,Toscana,3729641,671819,18.01,0.12
1557,2021-01-29,TOS,6136,1698,4438,5375,138,1,622,0,0,0,302,5834,ITI,ITI1,9,Toscana,Toscana,3729641,677955,18.18,0.16
1558,2021-03-12,TOS,16424,6173,10251,2611,955,997,303,6940,696,3922,12900,3524,ITI,ITI1,9,Toscana,Toscana,3729641,694379,18.62,0.44
1559,2021-03-21,TOS,3232,1574,1658,660,792,1677,77,8,6,12,1799,1433,ITI,ITI1,9,Toscana,Toscana,3729641,697611,18.7,0.09
1560,2021-02-19,TOS,8286,2947,5339,2967,1207,28,245,154,580,3105,7779,507,ITI,ITI1,9,Toscana,Toscana,3729641,705897,18.93,0.22
1561,2020-12-27,TOS,620,267,353,460,10,137,13,0,0,0,620,0,ITI,ITI1,9,Toscana,Toscana,3729641,706517,18.94,0.02
1562,2021-03-10,TOS,17867,7009,10858,3005,850,1384,271,12129,214,14,13861,4006,ITI,ITI1,9,Toscana,Toscana,3729641,724384,19.42,0.48
1563,2020-12-30,TOS,327,104,223,34,10,0,283,0,0,0,327,0,ITI,ITI1,9,Toscana,Toscana,3729641,724711,19.43,0.01
1564,2021-03-14,TOS,7165,2560,4605,3104,798,452,122,2,211,2476,3230,3935,ITI,ITI1,9,Toscana,Toscana,3729641,731876,19.62,0.19
1565,2021-02-09,TOS,4488,1468,3020,3582,386,2,514,4,0,0,3877,611,ITI,ITI1,9,Toscana,Toscana,3729641,736364,19.74,0.12
1566,2021-03-16,TOS,4868,1865,3003,1551,424,670,124,2071,12,16,2632,2236,ITI,ITI1,9,Toscana,Toscana,3729641,741232,19.87,0.13
1567,2021-03-17,TOS,11335,4557,6778,363,273,879,189,9627,2,2,6832,4503,ITI,ITI1,9,Toscana,Toscana,3729641,752567,20.18,0.3
1568,2021-02-17,TOS,8173,3168,5005,3464,1122,51,249,218,584,2485,7422,751,ITI,ITI1,9,Toscana,Toscana,3729641,760740,20.4,0.22
1569,2021-04-09,TOS,23561,10148,13413,232,114,3781,172,19242,17,3,20316,3245,ITI,ITI1,9,Toscana,Toscana,3729641,784301,21.03,0.63
1570,2021-02-23,TOS,7720,3324,4396,1490,530,1041,204,510,1114,2831,7559,161,ITI,ITI1,9,Toscana,Toscana,3729641,792021,21.24,0.21
1571,2021-02-24,TOS,10360,4461,5899,81,302,1267,301,4131,1331,2947,10163,197,ITI,ITI1,9,Toscana,Toscana,3729641,802381,21.51,0.28
1572,2021-03-07,TOS,5648,2356,3292,3103,511,586,123,15,536,774,2106,3542,ITI,ITI1,9,Toscana,Toscana,3729641,808029,21.67,0.15
1573,2021-01-13,TOS,4063,1398,2665,3308,348,2,405,0,0,0,4063,0,ITI,ITI1,9,Toscana,Toscana,3729641,812092,21.77,0.11
1574,2021-01-10,TOS,3001,1104,1897,2432,134,4,431,0,0,0,3001,0,ITI,ITI1,9,Toscana,Toscana,3729641,815093,21.85,0.08
1575,2021-01-20,TOS,1331,637,694,435,255,1,640,0,0,0,1083,248,ITI,ITI1,9,Toscana,Toscana,3729641,816424,21.89,0.04
1576,2021-01-28,TOS,6282,1883,4399,5427,64,2,788,1,0,0,354,5928,ITI,ITI1,9,Toscana,Toscana,3729641,822706,22.06,0.17
1577,2021-02-22,TOS,9817,4253,5564,3483,1390,889,316,22,1014,2703,9540,277,ITI,ITI1,9,Toscana,Toscana,3729641,832523,22.32,0.26
1578,2021-02-04,TOS,4251,1594,2657,3166,623,1,456,5,0,0,961,3290,ITI,ITI1,9,Toscana,Toscana,3729641,836774,22.44,0.11
1579,2021-03-26,TOS,20146,9043,11103,249,303,8006,192,10926,137,333,14496,5650,ITI,ITI1,9,Toscana,Toscana,3729641,856920,22.98,0.54
1580,2021-04-06,TOS,21867,9639,12228,768,372,13564,136,5269,132,1626,18210,3657,ITI,ITI1,9,Toscana,Toscana,3729641,878787,23.56,0.59
1581,2021-02-14,TOS,8993,2567,6426,3033,549,5064,81,0,261,5,8883,110,ITI,ITI1,9,Toscana,Toscana,3729641,887780,23.8,0.24
1582,2021-01-26,TOS,5393,1792,3601,4358,81,3,951,0,0,0,219,5174,ITI,ITI1,9,Toscana,Toscana,3729641,893173,23.95,0.14
1583,2021-03-06,TOS,7095,2838,4257,3803,482,1132,145,30,357,1146,2905,4190,ITI,ITI1,9,Toscana,Toscana,3729641,900268,24.14,0.19
1584,2020-12-31,TOS,805,202,603,97,10,0,698,0,0,0,805,0,ITI,ITI1,9,Toscana,Toscana,3729641,901073,24.16,0.02
1585,2021-04-03,UMB,2072,705,1367,143,22,406,30,1248,7,216,1053,1019,ITI,ITI2,10,Umbria,Umbria,882015,2072,0.23,0.23
1586,2021-03-14,UMB,66,48,18,0,6,55,1,0,0,4,66,0,ITI,ITI2,10,Umbria,Umbria,882015,2138,0.24,0.01
1587,2021-01-19,UMB,103,23,80,21,2,0,80,0,0,0,103,0,ITI,ITI2,10,Umbria,Umbria,882015,2241,0.25,0.01
1588,2021-02-01,UMB,1260,333,927,875,33,0,352,0,0,0,47,1213,ITI,ITI2,10,Umbria,Umbria,882015,3501,0.4,0.14
1589,2021-01-02,UMB,301,110,191,301,0,0,0,0,0,0,301,0,ITI,ITI2,10,Umbria,Umbria,882015,3802,0.43,0.03
1590,2021-01-11,UMB,1281,337,944,878,12,7,384,0,0,0,1281,0,ITI,ITI2,10,Umbria,Umbria,882015,5083,0.58,0.15
1591,2021-04-12,UMB,6950,3022,3928,204,15,3807,0,2903,4,17,5232,1718,ITI,ITI2,10,Umbria,Umbria,882015,12033,1.36,0.79
1592,2021-03-09,UMB,4029,1951,2078,143,549,131,106,2912,165,23,2737,1292,ITI,ITI2,10,Umbria,Umbria,882015,16062,1.82,0.46
1593,2021-01-25,UMB,647,322,325,645,2,0,0,0,0,0,5,642,ITI,ITI2,10,Umbria,Umbria,882015,16709,1.89,0.07
1594,2021-02-06,UMB,396,138,258,333,47,0,16,0,0,0,34,362,ITI,ITI2,10,Umbria,Umbria,882015,17105,1.94,0.04
1595,2021-02-26,UMB,660,253,407,386,73,0,40,154,4,3,652,8,ITI,ITI2,10,Umbria,Umbria,882015,17765,2.01,0.07
1596,2021-01-04,UMB,809,397,412,809,0,0,0,0,0,0,809,0,ITI,ITI2,10,Umbria,Umbria,882015,18574,2.11,0.09
1597,2021-04-10,UMB,7408,3488,3920,81,5,6553,30,678,11,50,7294,114,ITI,ITI2,10,Umbria,Umbria,882015,25982,2.95,0.84
1598,2021-02-20,UMB,282,100,182,83,7,1,39,152,0,0,258,24,ITI,ITI2,10,Umbria,Umbria,882015,26264,2.98,0.03
1599,2021-03-01,UMB,1503,774,729,110,10,15,0,1249,118,1,1389,114,ITI,ITI2,10,Umbria,Umbria,882015,27767,3.15,0.17
1600,2021-01-05,UMB,850,428,422,847,0,3,0,0,0,0,850,0,ITI,ITI2,10,Umbria,Umbria,882015,28617,3.24,0.1
1601,2021-01-15,UMB,696,213,483,588,44,0,64,0,0,0,696,0,ITI,ITI2,10,Umbria,Umbria,882015,29313,3.32,0.08
1602,2021-01-06,UMB,843,323,520,840,0,3,0,0,0,0,843,0,ITI,ITI2,10,Umbria,Umbria,882015,30156,3.42,0.1
1603,2021-03-10,UMB,3985,1908,2077,122,745,113,157,2564,209,75,2729,1256,ITI,ITI2,10,Umbria,Umbria,882015,34141,3.87,0.45
1604,2021-03-06,UMB,4260,1110,3150,422,178,71,26,1121,120,2322,4117,143,ITI,ITI2,10,Umbria,Umbria,882015,38401,4.35,0.48
1605,2021-02-16,UMB,1307,655,652,34,4,7,0,1262,0,0,1298,9,ITI,ITI2,10,Umbria,Umbria,882015,39708,4.5,0.15
1606,2021-02-05,UMB,780,234,546,645,51,0,84,0,0,0,18,762,ITI,ITI2,10,Umbria,Umbria,882015,40488,4.59,0.09
1607,2021-02-03,UMB,725,174,551,560,34,0,131,0,0,0,67,658,ITI,ITI2,10,Umbria,Umbria,882015,41213,4.67,0.08
1608,2021-01-07,UMB,1291,383,908,884,1,2,404,0,0,0,1291,0,ITI,ITI2,10,Umbria,Umbria,882015,42504,4.82,0.15
1609,2021-03-11,UMB,3539,1681,1858,144,604,175,239,2018,201,158,2533,1006,ITI,ITI2,10,Umbria,Umbria,882015,46043,5.22,0.4
1610,2021-02-24,UMB,1520,565,955,1083,45,1,90,292,9,0,1505,15,ITI,ITI2,10,Umbria,Umbria,882015,47563,5.39,0.17
1611,2021-01-16,UMB,221,73,148,146,32,0,43,0,0,0,221,0,ITI,ITI2,10,Umbria,Umbria,882015,47784,5.42,0.03
1612,2021-02-17,UMB,1618,748,870,363,3,11,0,1240,0,1,1267,351,ITI,ITI2,10,Umbria,Umbria,882015,49402,5.6,0.18
1613,2021-04-08,UMB,5644,2379,3265,343,11,2225,163,2885,5,12,3960,1684,ITI,ITI2,10,Umbria,Umbria,882015,55046,6.24,0.64
1614,2021-01-23,UMB,277,100,177,276,1,0,0,0,0,0,2,275,ITI,ITI2,10,Umbria,Umbria,882015,55323,6.27,0.03
1615,2021-02-04,UMB,733,226,507,693,19,1,20,0,0,0,25,708,ITI,ITI2,10,Umbria,Umbria,882015,56056,6.36,0.08
1616,2021-03-02,UMB,3638,1345,2293,318,223,51,55,1302,243,1446,3634,4,ITI,ITI2,10,Umbria,Umbria,882015,59694,6.77,0.41
1617,2021-03-22,UMB,3558,1653,1905,163,120,201,0,2828,99,147,2312,1246,ITI,ITI2,10,Umbria,Umbria,882015,63252,7.17,0.4
1618,2021-03-07,UMB,845,180,665,17,68,14,25,45,0,676,838,7,ITI,ITI2,10,Umbria,Umbria,882015,64097,7.27,0.1
1619,2021-01-13,UMB,450,139,311,379,28,1,42,0,0,0,450,0,ITI,ITI2,10,Umbria,Umbria,882015,64547,7.32,0.05
1620,2021-04-07,UMB,5508,2271,3237,482,35,1712,92,3162,6,19,3503,2005,ITI,ITI2,10,Umbria,Umbria,882015,70055,7.94,0.62
1621,2021-03-13,UMB,1731,524,1207,120,122,58,49,152,78,1152,1486,245,ITI,ITI2,10,Umbria,Umbria,882015,71786,8.14,0.2
1622,2021-02-10,UMB,715,349,366,606,106,0,3,0,0,0,700,15,ITI,ITI2,10,Umbria,Umbria,882015,72501,8.22,0.08
1623,2021-01-28,UMB,1240,392,848,891,4,0,345,0,0,0,19,1221,ITI,ITI2,10,Umbria,Umbria,882015,73741,8.36,0.14
1624,2021-03-17,UMB,3330,1313,2017,1430,53,9,131,1683,8,16,1858,1472,ITI,ITI2,10,Umbria,Umbria,882015,77071,8.74,0.38
1625,2021-03-31,UMB,3869,1712,2157,177,21,530,160,2956,2,23,2208,1661,ITI,ITI2,10,Umbria,Umbria,882015,80940,9.18,0.44
1626,2021-01-10,UMB,1056,275,781,740,3,4,309,0,0,0,1056,0,ITI,ITI2,10,Umbria,Umbria,882015,81996,9.3,0.12
1627,2021-01-18,UMB,613,219,394,347,114,8,144,0,0,0,529,84,ITI,ITI2,10,Umbria,Umbria,882015,82609,9.37,0.07
1628,2021-04-04,UMB,59,20,39,0,0,22,0,37,0,0,23,36,ITI,ITI2,10,Umbria,Umbria,882015,82668,9.37,0.01
1629,2021-02-25,UMB,1335,496,839,827,96,3,99,305,0,5,1283,52,ITI,ITI2,10,Umbria,Umbria,882015,84003,9.52,0.15
1630,2021-02-15,UMB,1368,692,676,10,4,3,0,1351,0,0,1367,1,ITI,ITI2,10,Umbria,Umbria,882015,85371,9.68,0.16
1631,2021-03-27,UMB,4246,1510,2736,752,154,508,1,2231,24,576,3906,340,ITI,ITI2,10,Umbria,Umbria,882015,89617,10.16,0.48
1632,2021-03-04,UMB,4485,1853,2632,849,164,72,4,1562,368,1466,3657,828,ITI,ITI2,10,Umbria,Umbria,882015,94102,10.67,0.51
1633,2021-04-02,UMB,4224,1693,2531,375,76,2518,46,847,31,331,3509,715,ITI,ITI2,10,Umbria,Umbria,882015,98326,11.15,0.48
1634,2021-04-01,UMB,4111,1697,2414,193,12,514,239,3131,3,19,2149,1962,ITI,ITI2,10,Umbria,Umbria,882015,102437,11.61,0.47
1635,2021-03-20,UMB,2272,821,1451,316,178,506,0,0,72,1200,2247,25,ITI,ITI2,10,Umbria,Umbria,882015,104709,11.87,0.26
1636,2021-02-08,UMB,637,203,434,368,111,0,154,0,4,0,88,549,ITI,ITI2,10,Umbria,Umbria,882015,105346,11.94,0.07
1637,2021-03-21,UMB,665,330,335,31,14,522,0,0,34,64,665,0,ITI,ITI2,10,Umbria,Umbria,882015,106011,12.02,0.08
1638,2021-02-27,UMB,1658,354,1304,14,11,0,13,0,60,1560,1642,16,ITI,ITI2,10,Umbria,Umbria,882015,107669,12.21,0.19
1639,2021-04-06,UMB,5218,2133,3085,598,43,1146,79,3323,1,28,2879,2339,ITI,ITI2,10,Umbria,Umbria,882015,112887,12.8,0.59
1640,2021-03-03,UMB,4436,1772,2664,720,236,53,86,1518,290,1533,3724,712,ITI,ITI2,10,Umbria,Umbria,882015,117323,13.3,0.5
1641,2021-02-18,UMB,1495,582,913,324,14,2,170,985,0,0,1029,466,ITI,ITI2,10,Umbria,Umbria,882015,118818,13.47,0.17
1642,2020-12-31,UMB,322,127,195,310,0,12,0,0,0,0,322,0,ITI,ITI2,10,Umbria,Umbria,882015,119140,13.51,0.04
1643,2021-04-11,UMB,3085,1497,1588,30,1,2881,2,132,35,4,3036,49,ITI,ITI2,10,Umbria,Umbria,882015,122225,13.86,0.35
1644,2021-02-23,UMB,1693,658,1035,1187,95,0,17,394,0,0,1651,42,ITI,ITI2,10,Umbria,Umbria,882015,123918,14.05,0.19
1645,2021-01-08,UMB,1173,337,836,926,8,1,238,0,0,0,1173,0,ITI,ITI2,10,Umbria,Umbria,882015,125091,14.18,0.13
1646,2021-04-05,UMB,4249,1728,2521,764,16,717,69,2651,6,26,2193,2056,ITI,ITI2,10,Umbria,Umbria,882015,129340,14.66,0.48
1647,2021-01-29,UMB,1221,343,878,934,16,0,271,0,0,0,79,1142,ITI,ITI2,10,Umbria,Umbria,882015,130561,14.8,0.14
1648,2021-03-16,UMB,3505,1434,2071,1634,68,20,65,1707,0,11,1878,1627,ITI,ITI2,10,Umbria,Umbria,882015,134066,15.2,0.4
1649,2021-03-12,UMB,2633,1031,1602,113,410,183,41,464,229,1193,2135,498,ITI,ITI2,10,Umbria,Umbria,882015,136699,15.5,0.3
1650,2021-04-09,UMB,6234,2920,3314,82,30,5388,17,630,2,85,6036,198,ITI,ITI2,10,Umbria,Umbria,882015,142933,16.21,0.71
1651,2021-02-07,UMB,54,17,37,46,8,0,0,0,0,0,1,53,ITI,ITI2,10,Umbria,Umbria,882015,142987,16.21,0.01
1652,2021-01-30,UMB,1577,483,1094,841,18,0,717,1,0,0,44,1533,ITI,ITI2,10,Umbria,Umbria,882015,144564,16.39,0.18
1653,2021-03-25,UMB,3865,1687,2178,256,51,159,63,3256,48,32,2801,1064,ITI,ITI2,10,Umbria,Umbria,882015,148429,16.83,0.44
1654,2021-01-24,UMB,254,104,150,254,0,0,0,0,0,0,1,253,ITI,ITI2,10,Umbria,Umbria,882015,148683,16.86,0.03
1655,2020-12-27,UMB,85,45,40,67,2,0,16,0,0,0,85,0,ITI,ITI2,10,Umbria,Umbria,882015,148768,16.87,0.01
1656,2021-03-24,UMB,4068,1758,2310,215,98,169,1,3506,37,42,2744,1324,ITI,ITI2,10,Umbria,Umbria,882015,152836,17.33,0.46
1657,2021-03-23,UMB,3793,1685,2108,395,179,206,12,2852,89,60,2164,1629,ITI,ITI2,10,Umbria,Umbria,882015,156629,17.76,0.43
1658,2021-01-21,UMB,610,202,408,428,13,0,169,0,0,0,341,269,ITI,ITI2,10,Umbria,Umbria,882015,157239,17.83,0.07
1659,2021-01-17,UMB,54,17,37,47,7,0,0,0,0,0,54,0,ITI,ITI2,10,Umbria,Umbria,882015,157293,17.83,0.01
1660,2021-03-19,UMB,1734,561,1173,462,144,118,68,192,26,724,1078,656,ITI,ITI2,10,Umbria,Umbria,882015,159027,18.03,0.2
1661,2021-03-28,UMB,1094,442,652,65,8,20,5,935,24,37,1070,24,ITI,ITI2,10,Umbria,Umbria,882015,160121,18.15,0.12
1662,2021-02-22,UMB,1859,778,1081,736,89,27,1,1006,0,0,1773,86,ITI,ITI2,10,Umbria,Umbria,882015,161980,18.36,0.21
1663,2021-02-11,UMB,842,349,493,735,98,1,5,0,0,3,837,5,ITI,ITI2,10,Umbria,Umbria,882015,162822,18.46,0.1
1664,2021-03-18,UMB,2831,1100,1731,975,116,19,246,1460,3,12,1593,1238,ITI,ITI2,10,Umbria,Umbria,882015,165653,18.78,0.32
1665,2021-01-12,UMB,784,247,537,665,7,7,105,0,0,0,784,0,ITI,ITI2,10,Umbria,Umbria,882015,166437,18.87,0.09
1666,2021-01-09,UMB,1719,492,1227,888,7,0,824,0,0,0,1719,0,ITI,ITI2,10,Umbria,Umbria,882015,168156,19.06,0.19
1667,2021-01-14,UMB,750,200,550,697,35,0,17,0,0,1,750,0,ITI,ITI2,10,Umbria,Umbria,882015,168906,19.15,0.09
1668,2021-03-29,UMB,3802,1649,2153,247,36,600,58,2834,1,26,2318,1484,ITI,ITI2,10,Umbria,Umbria,882015,172708,19.58,0.43
1669,2021-03-05,UMB,4591,1379,3212,604,296,93,7,689,348,2554,3935,656,ITI,ITI2,10,Umbria,Umbria,882015,177299,20.1,0.52
1670,2021-02-02,UMB,942,274,668,713,16,1,212,0,0,0,32,910,ITI,ITI2,10,Umbria,Umbria,882015,178241,20.21,0.11
1671,2021-03-15,UMB,4595,1929,2666,1425,194,152,79,2340,142,263,2827,1768,ITI,ITI2,10,Umbria,Umbria,882015,182836,20.73,0.52
1672,2021-01-26,UMB,814,390,424,813,1,0,0,0,0,0,18,796,ITI,ITI2,10,Umbria,Umbria,882015,183650,20.82,0.09
1673,2021-01-31,UMB,1056,276,780,765,10,0,281,0,0,0,25,1031,ITI,ITI2,10,Umbria,Umbria,882015,184706,20.94,0.12
1674,2021-04-13,UMB,7117,3142,3975,217,17,4007,21,2834,2,19,5449,1668,ITI,ITI2,10,Umbria,Umbria,882015,191823,21.75,0.81
1675,2021-03-30,UMB,3938,1703,2235,179,27,537,108,3067,0,20,2406,1532,ITI,ITI2,10,Umbria,Umbria,882015,195761,22.19,0.45
1676,2021-01-20,UMB,613,222,391,583,14,1,14,0,0,1,613,0,ITI,ITI2,10,Umbria,Umbria,882015,196374,22.26,0.07
1677,2021-01-03,UMB,267,111,156,267,0,0,0,0,0,0,267,0,ITI,ITI2,10,Umbria,Umbria,882015,196641,22.29,0.03
1678,2021-02-12,UMB,671,224,447,459,208,0,1,1,0,2,665,6,ITI,ITI2,10,Umbria,Umbria,882015,197312,22.37,0.08
1679,2021-01-22,UMB,276,105,171,273,1,0,2,0,0,0,32,244,ITI,ITI2,10,Umbria,Umbria,882015,197588,22.4,0.03
1680,2021-03-08,UMB,3668,1799,1869,141,273,81,46,2855,230,42,2305,1363,ITI,ITI2,10,Umbria,Umbria,882015,201256,22.82,0.42
1681,2021-02-19,UMB,743,293,450,282,12,2,14,433,0,0,526,217,ITI,ITI2,10,Umbria,Umbria,882015,201999,22.9,0.08
1682,2021-03-26,UMB,4563,1682,2881,570,152,479,91,2481,52,738,4390,173,ITI,ITI2,10,Umbria,Umbria,882015,206562,23.42,0.52
1683,2021-01-27,UMB,838,329,509,837,1,0,0,0,0,0,13,825,ITI,ITI2,10,Umbria,Umbria,882015,207400,23.51,0.1
1684,2021-02-13,UMB,115,28,87,68,46,0,0,1,0,0,112,3,ITI,ITI2,10,Umbria,Umbria,882015,207515,23.53,0.01
1685,2021-01-01,UMB,273,105,168,272,0,1,0,0,0,0,273,0,ITI,ITI2,10,Umbria,Umbria,882015,207788,23.56,0.03
1686,2021-03-27,VDA,332,164,168,23,6,221,14,66,1,1,301,31,ITC,ITC2,2,Valle d'Aosta / Vallée d'Aoste,Valle d'Aosta,125666,332,0.26,0.26
1687,2021-01-14,VDA,237,69,168,151,62,22,0,2,0,0,237,0,ITC,ITC2,2,Valle d'Aosta / Vallée d'Aoste,Valle d'Aosta,125666,569,0.45,0.19
1688,2021-01-30,VDA,437,202,235,232,181,12,12,0,0,0,14,423,ITC,ITC2,2,Valle d'Aosta / Vallée d'Aoste,Valle d'Aosta,125666,1006,0.8,0.35
1689,2021-03-07,VDA,64,30,34,16,3,16,0,26,2,1,11,53,ITC,ITC2,2,Valle d'Aosta / Vallée d'Aoste,Valle d'Aosta,125666,1070,0.85,0.05
1690,2021-01-18,VDA,213,74,139,29,7,104,27,46,0,0,213,0,ITC,ITC2,2,Valle d'Aosta / Vallée d'Aoste,Valle d'Aosta,125666,1283,1.02,0.17
1691,2021-02-22,VDA,316,94,222,62,7,32,39,103,6,67,213,103,ITC,ITC2,2,Valle d'Aosta / Vallée d'Aoste,Valle d'Aosta,125666,1599,1.27,0.25
1692,2021-01-09,VDA,443,199,244,225,183,13,22,0,0,0,443,0,ITC,ITC2,2,Valle d'Aosta / Vallée d'Aoste,Valle d'Aosta,125666,2042,1.62,0.35
1693,2021-03-25,VDA,386,154,232,10,0,122,1,252,0,1,377,9,ITC,ITC2,2,Valle d'Aosta / Vallée d'Aoste,Valle d'Aosta,125666,2428,1.93,0.31
1694,2021-02-07,VDA,292,120,172,110,55,17,0,105,2,3,190,102,ITC,ITC2,2,Valle d'Aosta / Vallée d'Aoste,Valle d'Aosta,125666,2720,2.16,0.23
1695,2021-02-21,VDA,18,3,15,0,0,0,18,0,0,0,0,18,ITC,ITC2,2,Valle d'Aosta / Vallée d'Aoste,Valle d'Aosta,125666,2738,2.18,0.01
1696,2021-03-15,VDA,361,122,239,20,4,41,10,215,6,65,159,202,ITC,ITC2,2,Valle d'Aosta / Vallée d'Aoste,Valle d'Aosta,125666,3099,2.47,0.29
1697,2021-03-20,VDA,205,85,120,5,2,164,15,14,4,1,170,35,ITC,ITC2,2,Valle d'Aosta / Vallée d'Aoste,Valle d'Aosta,125666,3304,2.63,0.16
1698,2021-04-09,VDA,233,110,123,0,0,198,7,28,0,0,200,33,ITC,ITC2,2,Valle d'Aosta / Vallée d'Aoste,Valle d'Aosta,125666,3537,2.81,0.19
1699,2021-03-04,VDA,291,139,152,56,13,44,2,160,14,2,42,249,ITC,ITC2,2,Valle d'Aosta / Vallée d'Aoste,Valle d'Aosta,125666,3828,3.05,0.23
1700,2021-04-10,VDA,401,189,212,2,0,376,1,22,0,0,396,5,ITC,ITC2,2,Valle d'Aosta / Vallée d'Aoste,Valle d'Aosta,125666,4229,3.37,0.32
1701,2021-02-05,VDA,294,102,192,159,45,37,0,53,0,0,101,193,ITC,ITC2,2,Valle d'Aosta / Vallée d'Aoste,Valle d'Aosta,125666,4523,3.6,0.23
1702,2021-03-29,VDA,489,232,257,6,1,258,18,205,1,0,450,39,ITC,ITC2,2,Valle d'Aosta / Vallée d'Aoste,Valle d'Aosta,125666,5012,3.99,0.39
1703,2021-02-16,VDA,325,53,272,10,0,55,14,6,4,236,320,5,ITC,ITC2,2,Valle d'Aosta / Vallée d'Aoste,Valle d'Aosta,125666,5337,4.25,0.26
1704,2021-01-21,VDA,33,12,21,0,0,0,33,0,0,0,33,0,ITC,ITC2,2,Valle d'Aosta / Vallée d'Aoste,Valle d'Aosta,125666,5370,4.27,0.03
1705,2021-02-24,VDA,183,82,101,30,7,7,13,66,53,7,164,19,ITC,ITC2,2,Valle d'Aosta / Vallée d'Aoste,Valle d'Aosta,125666,5553,4.42,0.15
1706,2021-01-29,VDA,316,138,178,259,32,9,16,0,0,0,2,314,ITC,ITC2,2,Valle d'Aosta / Vallée d'Aoste,Valle d'Aosta,125666,5869,4.67,0.25
1707,2021-02-27,VDA,230,84,146,69,2,25,2,128,4,0,124,106,ITC,ITC2,2,Valle d'Aosta / Vallée d'Aoste,Valle d'Aosta,125666,6099,4.85,0.18
1708,2021-01-02,VDA,6,5,1,0,0,0,6,0,0,0,6,0,ITC,ITC2,2,Valle d'Aosta / Vallée d'Aoste,Valle d'Aosta,125666,6105,4.86,0.0
1709,2021-03-13,VDA,142,84,58,2,1,113,0,0,23,3,142,0,ITC,ITC2,2,Valle d'Aosta / Vallée d'Aoste,Valle d'Aosta,125666,6247,4.97,0.11
1710,2021-01-13,VDA,337,110,227,166,138,5,28,0,0,0,337,0,ITC,ITC2,2,Valle d'Aosta / Vallée d'Aoste,Valle d'Aosta,125666,6584,5.24,0.27
1711,2020-12-27,VDA,20,9,11,20,0,0,0,0,0,0,20,0,ITC,ITC2,2,Valle d'Aosta / Vallée d'Aoste,Valle d'Aosta,125666,6604,5.26,0.02
1712,2021-04-01,VDA,770,391,379,1,0,573,0,196,0,0,759,11,ITC,ITC2,2,Valle d'Aosta / Vallée d'Aoste,Valle d'Aosta,125666,7374,5.87,0.61
1713,2021-01-15,VDA,218,82,136,116,32,36,28,6,0,0,218,0,ITC,ITC2,2,Valle d'Aosta / Vallée d'Aoste,Valle d'Aosta,125666,7592,6.04,0.17
1714,2021-02-09,VDA,251,84,167,78,9,21,14,75,1,53,68,183,ITC,ITC2,2,Valle d'Aosta / Vallée d'Aoste,Valle d'Aosta,125666,7843,6.24,0.2
1715,2021-02-17,VDA,327,144,183,25,1,18,30,237,16,0,227,100,ITC,ITC2,2,Valle d'Aosta / Vallée d'Aoste,Valle d'Aosta,125666,8170,6.5,0.26
1716,2021-03-06,VDA,22,4,18,13,0,0,5,4,0,0,22,0,ITC,ITC2,2,Valle d'Aosta / Vallée d'Aoste,Valle d'Aosta,125666,8192,6.52,0.02
1717,2021-02-26,VDA,206,57,149,67,4,28,6,96,4,1,122,84,ITC,ITC2,2,Valle d'Aosta / Vallée d'Aoste,Valle d'Aosta,125666,8398,6.68,0.16
1718,2021-04-11,VDA,476,207,269,2,0,466,0,5,0,3,476,0,ITC,ITC2,2,Valle d'Aosta / Vallée d'Aoste,Valle d'Aosta,125666,8874,7.06,0.38
1719,2021-03-24,VDA,512,230,282,8,3,131,0,367,2,1,257,255,ITC,ITC2,2,Valle d'Aosta / Vallée d'Aoste,Valle d'Aosta,125666,9386,7.47,0.41
1720,2021-02-08,VDA,223,83,140,28,17,86,3,64,0,25,25,198,ITC,ITC2,2,Valle d'Aosta / Vallée d'Aoste,Valle d'Aosta,125666,9609,7.65,0.18
1721,2021-02-02,VDA,271,70,201,225,34,9,3,0,0,0,2,269,ITC,ITC2,2,Valle d'Aosta / Vallée d'Aoste,Valle d'Aosta,125666,9880,7.86,0.22
1722,2021-02-15,VDA,264,136,128,24,2,26,25,170,15,2,229,35,ITC,ITC2,2,Valle d'Aosta / Vallée d'Aoste,Valle d'Aosta,125666,10144,8.07,0.21
1723,2021-03-28,VDA,520,212,308,51,6,352,0,52,13,46,519,1,ITC,ITC2,2,Valle d'Aosta / Vallée d'Aoste,Valle d'Aosta,125666,10664,8.49,0.41
1724,2021-02-23,VDA,216,123,93,0,1,164,0,0,35,16,216,0,ITC,ITC2,2,Valle d'Aosta / Vallée d'Aoste,Valle d'Aosta,125666,10880,8.66,0.17
1725,2021-03-17,VDA,430,185,245,35,2,90,15,240,41,7,270,160,ITC,ITC2,2,Valle d'Aosta / Vallée d'Aoste,Valle d'Aosta,125666,11310,9.0,0.34
1726,2021-01-05,VDA,150,54,96,127,11,1,11,0,0,0,150,0,ITC,ITC2,2,Valle d'Aosta / Vallée d'Aoste,Valle d'Aosta,125666,11460,9.12,0.12
1727,2021-01-08,VDA,299,130,169,240,35,8,16,0,0,0,299,0,ITC,ITC2,2,Valle d'Aosta / Vallée d'Aoste,Valle d'Aosta,125666,11759,9.36,0.24
1728,2020-12-31,VDA,18,4,14,16,2,0,0,0,0,0,18,0,ITC,ITC2,2,Valle d'Aosta / Vallée d'Aoste,Valle d'Aosta,125666,11777,9.37,0.01
1729,2021-03-18,VDA,134,43,91,4,0,3,25,101,1,0,98,36,ITC,ITC2,2,Valle d'Aosta / Vallée d'Aoste,Valle d'Aosta,125666,11911,9.48,0.11
1730,2021-02-06,VDA,289,104,185,170,31,13,0,74,1,0,92,197,ITC,ITC2,2,Valle d'Aosta / Vallée d'Aoste,Valle d'Aosta,125666,12200,9.71,0.23
1731,2021-01-22,VDA,56,21,35,36,0,0,20,0,0,0,20,36,ITC,ITC2,2,Valle d'Aosta / Vallée d'Aoste,Valle d'Aosta,125666,12256,9.75,0.04
1732,2021-04-07,VDA,904,472,432,15,0,509,0,379,0,1,676,228,ITC,ITC2,2,Valle d'Aosta / Vallée d'Aoste,Valle d'Aosta,125666,13160,10.47,0.72
1733,2021-03-22,VDA,556,204,352,36,4,136,18,335,10,17,330,226,ITC,ITC2,2,Valle d'Aosta / Vallée d'Aoste,Valle d'Aosta,125666,13716,10.91,0.44
1734,2021-03-14,VDA,390,200,190,6,3,295,0,0,34,52,390,0,ITC,ITC2,2,Valle d'Aosta / Vallée d'Aoste,Valle d'Aosta,125666,14106,11.22,0.31
1735,2021-03-01,VDA,181,66,115,19,5,10,29,116,2,0,147,34,ITC,ITC2,2,Valle d'Aosta / Vallée d'Aoste,Valle d'Aosta,125666,14287,11.37,0.14
1736,2021-02-10,VDA,248,77,171,51,8,16,26,128,1,18,141,107,ITC,ITC2,2,Valle d'Aosta / Vallée d'Aoste,Valle d'Aosta,125666,14535,11.57,0.2
1737,2021-03-23,VDA,375,149,226,13,2,70,7,276,0,7,242,133,ITC,ITC2,2,Valle d'Aosta / Vallée d'Aoste,Valle d'Aosta,125666,14910,11.86,0.3
1738,2021-01-17,VDA,131,56,75,49,2,1,20,59,0,0,131,0,ITC,ITC2,2,Valle d'Aosta / Vallée d'Aoste,Valle d'Aosta,125666,15041,11.97,0.1
1739,2021-01-28,VDA,290,123,167,202,34,46,6,2,0,0,56,234,ITC,ITC2,2,Valle d'Aosta / Vallée d'Aoste,Valle d'Aosta,125666,15331,12.2,0.23
1740,2021-04-13,VDA,361,169,192,2,1,239,8,111,0,0,327,34,ITC,ITC2,2,Valle d'Aosta / Vallée d'Aoste,Valle d'Aosta,125666,15692,12.49,0.29
1741,2021-01-27,VDA,151,71,80,55,8,17,18,53,0,0,79,72,ITC,ITC2,2,Valle d'Aosta / Vallée d'Aoste,Valle d'Aosta,125666,15843,12.61,0.12
1742,2021-03-09,VDA,204,96,108,2,0,79,23,36,39,25,172,32,ITC,ITC2,2,Valle d'Aosta / Vallée d'Aoste,Valle d'Aosta,125666,16047,12.77,0.16
1743,2021-02-13,VDA,215,195,20,0,0,54,0,0,161,0,215,0,ITC,ITC2,2,Valle d'Aosta / Vallée d'Aoste,Valle d'Aosta,125666,16262,12.94,0.17
1744,2021-01-19,VDA,256,77,179,160,10,14,15,57,0,0,256,0,ITC,ITC2,2,Valle d'Aosta / Vallée d'Aoste,Valle d'Aosta,125666,16518,13.14,0.2
1745,2021-02-14,VDA,48,16,32,6,0,0,42,0,0,0,1,47,ITC,ITC2,2,Valle d'Aosta / Vallée d'Aoste,Valle d'Aosta,125666,16566,13.18,0.04
1746,2021-01-26,VDA,139,48,91,115,11,1,12,0,0,0,0,139,ITC,ITC2,2,Valle d'Aosta / Vallée d'Aoste,Valle d'Aosta,125666,16705,13.29,0.11
1747,2021-02-12,VDA,263,96,167,51,9,39,28,131,0,5,217,46,ITC,ITC2,2,Valle d'Aosta / Vallée d'Aoste,Valle d'Aosta,125666,16968,13.5,0.21
1748,2021-02-03,VDA,351,114,237,157,135,6,52,1,0,0,14,337,ITC,ITC2,2,Valle d'Aosta / Vallée d'Aoste,Valle d'Aosta,125666,17319,13.78,0.28
1749,2021-01-25,VDA,147,65,82,125,13,3,6,0,0,0,0,147,ITC,ITC2,2,Valle d'Aosta / Vallée d'Aoste,Valle d'Aosta,125666,17466,13.9,0.12
1750,2021-04-12,VDA,478,181,297,8,8,219,22,219,0,2,319,159,ITC,ITC2,2,Valle d'Aosta / Vallée d'Aoste,Valle d'Aosta,125666,17944,14.28,0.38
1751,2021-02-01,VDA,403,127,276,268,56,9,70,0,0,0,87,316,ITC,ITC2,2,Valle d'Aosta / Vallée d'Aoste,Valle d'Aosta,125666,18347,14.6,0.32
1752,2021-03-31,VDA,550,300,250,6,0,362,0,182,0,0,525,25,ITC,ITC2,2,Valle d'Aosta / Vallée d'Aoste,Valle d'Aosta,125666,18897,15.04,0.44
1753,2021-01-07,VDA,275,111,164,224,38,8,5,0,0,0,275,0,ITC,ITC2,2,Valle d'Aosta / Vallée d'Aoste,Valle d'Aosta,125666,19172,15.26,0.22
1754,2021-03-08,VDA,481,231,250,28,1,80,13,343,15,1,237,244,ITC,ITC2,2,Valle d'Aosta / Vallée d'Aoste,Valle d'Aosta,125666,19653,15.64,0.38
1755,2021-03-30,VDA,399,221,178,9,0,257,5,121,2,5,380,19,ITC,ITC2,2,Valle d'Aosta / Vallée d'Aoste,Valle d'Aosta,125666,20052,15.96,0.32
1756,2021-03-05,VDA,275,124,151,51,8,60,13,138,0,5,53,222,ITC,ITC2,2,Valle d'Aosta / Vallée d'Aoste,Valle d'Aosta,125666,20327,16.18,0.22
1757,2021-01-16,VDA,236,80,156,127,32,4,22,51,0,0,236,0,ITC,ITC2,2,Valle d'Aosta / Vallée d'Aoste,Valle d'Aosta,125666,20563,16.36,0.19
1758,2021-04-06,VDA,739,379,360,24,3,477,1,234,0,0,627,112,ITC,ITC2,2,Valle d'Aosta / Vallée d'Aoste,Valle d'Aosta,125666,21302,16.95,0.59
1759,2021-03-21,VDA,353,164,189,2,4,312,0,1,6,28,353,0,ITC,ITC2,2,Valle d'Aosta / Vallée d'Aoste,Valle d'Aosta,125666,21655,17.23,0.28
1760,2021-02-04,VDA,294,86,208,168,74,17,34,1,0,0,8,286,ITC,ITC2,2,Valle d'Aosta / Vallée d'Aoste,Valle d'Aosta,125666,21949,17.47,0.23
1761,2021-02-28,VDA,260,86,174,78,31,26,24,94,3,4,77,183,ITC,ITC2,2,Valle d'Aosta / Vallée d'Aoste,Valle d'Aosta,125666,22209,17.67,0.21
1762,2021-01-31,VDA,290,90,200,231,31,10,18,0,0,0,58,232,ITC,ITC2,2,Valle d'Aosta / Vallée d'Aoste,Valle d'Aosta,125666,22499,17.9,0.23
1763,2021-04-05,VDA,458,221,237,18,0,398,0,8,0,34,455,3,ITC,ITC2,2,Valle d'Aosta / Vallée d'Aoste,Valle d'Aosta,125666,22957,18.27,0.36
1764,2021-04-03,VDA,673,339,334,13,4,592,4,54,5,1,658,15,ITC,ITC2,2,Valle d'Aosta / Vallée d'Aoste,Valle d'Aosta,125666,23630,18.8,0.54
1765,2021-02-18,VDA,349,153,196,61,4,36,45,181,14,8,261,88,ITC,ITC2,2,Valle d'Aosta / Vallée d'Aoste,Valle d'Aosta,125666,23979,19.08,0.28
1766,2021-02-19,VDA,292,102,190,17,0,22,35,153,0,65,268,24,ITC,ITC2,2,Valle d'Aosta / Vallée d'Aoste,Valle d'Aosta,125666,24271,19.31,0.23
1767,2021-03-10,VDA,436,182,254,9,0,67,17,337,6,0,225,211,ITC,ITC2,2,Valle d'Aosta / Vallée d'Aoste,Valle d'Aosta,125666,24707,19.66,0.35
1768,2021-03-02,VDA,339,166,173,17,1,101,39,111,65,5,336,3,ITC,ITC2,2,Valle d'Aosta / Vallée d'Aoste,Valle d'Aosta,125666,25046,19.93,0.27
1769,2021-01-20,VDA,23,8,15,0,0,0,6,17,0,0,23,0,ITC,ITC2,2,Valle d'Aosta / Vallée d'Aoste,Valle d'Aosta,125666,25069,19.95,0.02
1770,2021-03-11,VDA,192,72,120,2,0,14,7,166,1,2,64,128,ITC,ITC2,2,Valle d'Aosta / Vallée d'Aoste,Valle d'Aosta,125666,25261,20.1,0.15
1771,2021-02-20,VDA,251,210,41,6,2,47,11,2,174,9,241,10,ITC,ITC2,2,Valle d'Aosta / Vallée d'Aoste,Valle d'Aosta,125666,25512,20.3,0.2
1772,2021-04-08,VDA,582,282,300,6,0,297,4,273,0,2,438,144,ITC,ITC2,2,Valle d'Aosta / Vallée d'Aoste,Valle d'Aosta,125666,26094,20.76,0.46
1773,2021-01-11,VDA,325,112,213,238,50,7,30,0,0,0,325,0,ITC,ITC2,2,Valle d'Aosta / Vallée d'Aoste,Valle d'Aosta,125666,26419,21.02,0.26
1774,2021-04-02,VDA,868,343,525,61,5,413,12,191,9,177,645,223,ITC,ITC2,2,Valle d'Aosta / Vallée d'Aoste,Valle d'Aosta,125666,27287,21.71,0.69
1775,2021-03-12,VDA,529,175,354,14,7,96,7,148,2,255,303,226,ITC,ITC2,2,Valle d'Aosta / Vallée d'Aoste,Valle d'Aosta,125666,27816,22.13,0.42
1776,2021-01-12,VDA,302,72,230,242,34,15,11,0,0,0,302,0,ITC,ITC2,2,Valle d'Aosta / Vallée d'Aoste,Valle d'Aosta,125666,28118,22.38,0.24
1777,2021-03-16,VDA,176,36,140,2,0,43,13,118,0,0,115,61,ITC,ITC2,2,Valle d'Aosta / Vallée d'Aoste,Valle d'Aosta,125666,28294,22.52,0.14
1778,2021-04-04,VDA,569,251,318,1,8,446,0,20,0,94,568,1,ITC,ITC2,2,Valle d'Aosta / Vallée d'Aoste,Valle d'Aosta,125666,28863,22.97,0.45
1779,2021-02-11,VDA,231,107,124,53,17,20,0,128,13,0,222,9,ITC,ITC2,2,Valle d'Aosta / Vallée d'Aoste,Valle d'Aosta,125666,29094,23.15,0.18
1780,2021-03-19,VDA,319,84,235,8,1,70,21,9,1,209,284,35,ITC,ITC2,2,Valle d'Aosta / Vallée d'Aoste,Valle d'Aosta,125666,29413,23.41,0.25
1781,2021-01-10,VDA,220,71,149,172,25,4,19,0,0,0,220,0,ITC,ITC2,2,Valle d'Aosta / Vallée d'Aoste,Valle d'Aosta,125666,29633,23.58,0.18
1782,2021-03-03,VDA,255,118,137,9,1,102,1,137,1,4,186,69,ITC,ITC2,2,Valle d'Aosta / Vallée d'Aoste,Valle d'Aosta,125666,29888,23.78,0.2
1783,2021-01-06,VDA,65,33,32,29,8,10,18,0,0,0,65,0,ITC,ITC2,2,Valle d'Aosta / Vallée d'Aoste,Valle d'Aosta,125666,29953,23.84,0.05
1784,2021-01-04,VDA,142,59,83,126,14,2,0,0,0,0,142,0,ITC,ITC2,2,Valle d'Aosta / Vallée d'Aoste,Valle d'Aosta,125666,30095,23.95,0.11
1785,2021-02-25,VDA,201,101,100,6,3,153,12,0,25,2,194,7,ITC,ITC2,2,Valle d'Aosta / Vallée d'Aoste,Valle d'Aosta,125666,30296,24.11,0.16
1786,2021-03-26,VDA,494,203,291,4,2,170,0,89,3,226,487,7,ITC,ITC2,2,Valle d'Aosta / Vallée d'Aoste,Valle d'Aosta,125666,30790,24.5,0.39
1787,2021-02-28,VEN,4136,1389,2747,1713,30,1371,15,992,0,15,3299,837,ITH,ITH3,5,Veneto,Veneto,4905854,4136,0.08,0.08
1788,2021-01-26,VEN,6901,2081,4820,5342,221,369,963,0,1,5,154,6747,ITH,ITH3,5,Veneto,Veneto,4905854,11037,0.22,0.14
1789,2021-03-01,VEN,9383,3710,5673,2032,145,1005,923,2610,156,2512,7561,1822,ITH,ITH3,5,Veneto,Veneto,4905854,20420,0.42,0.19
1790,2021-02-16,VEN,6629,2868,3761,720,109,296,478,5021,2,3,6450,179,ITH,ITH3,5,Veneto,Veneto,4905854,27049,0.55,0.14
1791,2021-02-17,VEN,6020,2771,3249,413,19,272,361,4946,5,4,5926,94,ITH,ITH3,5,Veneto,Veneto,4905854,33069,0.67,0.12
1792,2021-03-06,VEN,10522,4260,6262,3106,48,2539,1490,1965,46,1328,7324,3198,ITH,ITH3,5,Veneto,Veneto,4905854,43591,0.89,0.21
1793,2021-02-05,VEN,8365,2532,5833,4297,679,1201,2163,7,5,13,1424,6941,ITH,ITH3,5,Veneto,Veneto,4905854,51956,1.06,0.17
1794,2021-03-29,VEN,31185,13482,17703,596,118,11622,466,17290,651,442,27336,3849,ITH,ITH3,5,Veneto,Veneto,4905854,83141,1.69,0.64
1795,2021-01-02,VEN,5741,1765,3976,4797,147,248,544,2,0,3,5741,0,ITH,ITH3,5,Veneto,Veneto,4905854,88882,1.81,0.12
1796,2021-03-15,VEN,16510,7185,9325,1368,37,3020,372,9148,598,1967,11295,5215,ITH,ITH3,5,Veneto,Veneto,4905854,105392,2.15,0.34
1797,2021-02-04,VEN,7315,2014,5301,3463,455,999,2380,12,0,6,554,6761,ITH,ITH3,5,Veneto,Veneto,4905854,112707,2.3,0.15
1798,2021-03-10,VEN,18850,8566,10284,1471,70,2453,560,9047,1102,4147,13167,5683,ITH,ITH3,5,Veneto,Veneto,4905854,131557,2.68,0.38
1799,2021-01-31,VEN,4744,1550,3194,3678,147,532,377,4,2,4,393,4351,ITH,ITH3,5,Veneto,Veneto,4905854,136301,2.78,0.1
1800,2021-03-17,VEN,14554,5938,8616,1934,168,2693,267,8765,26,701,7821,6733,ITH,ITH3,5,Veneto,Veneto,4905854,150855,3.07,0.3
1801,2021-02-09,VEN,5175,1876,3299,3099,313,548,1190,19,0,6,3444,1731,ITH,ITH3,5,Veneto,Veneto,4905854,156030,3.18,0.11
1802,2021-01-22,VEN,1078,331,747,946,35,37,57,0,0,3,25,1053,ITH,ITH3,5,Veneto,Veneto,4905854,157108,3.2,0.02
1803,2021-01-13,VEN,5986,1607,4379,2795,430,868,1888,3,0,2,5986,0,ITH,ITH3,5,Veneto,Veneto,4905854,163094,3.32,0.12
1804,2021-03-21,VEN,11972,4750,7222,1539,51,3432,42,4202,178,2528,8514,3458,ITH,ITH3,5,Veneto,Veneto,4905854,175066,3.57,0.24
1805,2021-03-11,VEN,19568,8665,10903,1664,138,2881,888,9317,1021,3659,13989,5579,ITH,ITH3,5,Veneto,Veneto,4905854,194634,3.97,0.4
1806,2021-01-07,VEN,8358,2318,6040,5468,460,624,1804,0,0,2,8358,0,ITH,ITH3,5,Veneto,Veneto,4905854,202992,4.14,0.17
1807,2021-03-09,VEN,16409,7363,9046,1267,142,1821,734,8538,963,2944,10135,6274,ITH,ITH3,5,Veneto,Veneto,4905854,219401,4.47,0.33
1808,2021-01-09,VEN,7929,2538,5391,5180,336,820,1573,3,11,6,7929,0,ITH,ITH3,5,Veneto,Veneto,4905854,227330,4.63,0.16
1809,2021-04-13,VEN,12765,5821,6944,601,42,6727,166,5164,2,63,7474,5291,ITH,ITH3,5,Veneto,Veneto,4905854,240095,4.89,0.26
1810,2021-02-21,VEN,4624,1203,3421,495,0,7,18,417,2,3685,4619,5,ITH,ITH3,5,Veneto,Veneto,4905854,244719,4.99,0.09
1811,2021-03-14,VEN,15130,5905,9225,2357,210,4823,100,3736,248,3656,14234,896,ITH,ITH3,5,Veneto,Veneto,4905854,259849,5.3,0.31
1812,2021-01-29,VEN,9002,2781,6221,6047,479,1032,1434,3,1,6,367,8635,ITH,ITH3,5,Veneto,Veneto,4905854,268851,5.48,0.18
1813,2021-03-03,VEN,11984,4547,7437,3332,303,1114,1220,3372,311,2332,8491,3493,ITH,ITH3,5,Veneto,Veneto,4905854,280835,5.72,0.24
1814,2021-03-31,VEN,37927,15851,22076,1598,90,16438,780,18327,293,401,30499,7428,ITH,ITH3,5,Veneto,Veneto,4905854,318762,6.5,0.77
1815,2021-03-18,VEN,12573,5125,7448,1455,230,2025,495,7493,21,854,7350,5223,ITH,ITH3,5,Veneto,Veneto,4905854,331335,6.75,0.26
1816,2021-02-23,VEN,7333,3224,4109,1014,62,447,216,5343,69,182,7073,260,ITH,ITH3,5,Veneto,Veneto,4905854,338668,6.9,0.15
1817,2021-02-26,VEN,8275,3261,5014,1742,205,862,742,4379,31,314,7024,1251,ITH,ITH3,5,Veneto,Veneto,4905854,346943,7.07,0.17
1818,2021-02-07,VEN,2314,861,1453,1941,11,308,50,2,0,2,714,1600,ITH,ITH3,5,Veneto,Veneto,4905854,349257,7.12,0.05
1819,2021-01-04,VEN,6726,2029,4697,5243,181,382,913,1,0,6,6726,0,ITH,ITH3,5,Veneto,Veneto,4905854,355983,7.26,0.14
1820,2021-01-28,VEN,9206,2662,6544,6469,360,916,1451,5,0,5,175,9031,ITH,ITH3,5,Veneto,Veneto,4905854,365189,7.44,0.19
1821,2021-04-08,VEN,31475,13947,17528,819,94,19513,548,9963,97,441,23673,7802,ITH,ITH3,5,Veneto,Veneto,4905854,396664,8.09,0.64
1822,2021-02-13,VEN,3267,1474,1793,1568,75,181,1438,3,1,1,3247,20,ITH,ITH3,5,Veneto,Veneto,4905854,399931,8.15,0.07
1823,2021-01-24,VEN,4117,1219,2898,3752,17,121,222,1,0,4,28,4089,ITH,ITH3,5,Veneto,Veneto,4905854,404048,8.24,0.08
1824,2021-01-10,VEN,5020,1662,3358,3840,166,547,462,2,2,1,5020,0,ITH,ITH3,5,Veneto,Veneto,4905854,409068,8.34,0.1
1825,2021-03-16,VEN,12464,5330,7134,1300,106,2717,484,7719,19,119,6854,5610,ITH,ITH3,5,Veneto,Veneto,4905854,421532,8.59,0.25
1826,2021-02-25,VEN,7895,3338,4557,1531,252,298,472,4937,109,296,7293,602,ITH,ITH3,5,Veneto,Veneto,4905854,429427,8.75,0.16
1827,2021-03-26,VEN,29346,12977,16369,1258,369,13479,1197,10343,813,1887,23852,5494,ITH,ITH3,5,Veneto,Veneto,4905854,458773,9.35,0.6
1828,2021-02-19,VEN,7293,3122,4171,1541,175,534,665,4366,3,9,7091,202,ITH,ITH3,5,Veneto,Veneto,4905854,466066,9.5,0.15
1829,2021-03-22,VEN,18059,8111,9948,1178,125,6384,520,6693,741,2418,13014,5045,ITH,ITH3,5,Veneto,Veneto,4905854,484125,9.87,0.37
1830,2021-03-23,VEN,21985,10122,11863,1094,203,9525,663,6709,943,2848,17344,4641,ITH,ITH3,5,Veneto,Veneto,4905854,506110,10.32,0.45
1831,2021-03-24,VEN,21864,9393,12471,1186,236,5472,800,10490,743,2937,15061,6803,ITH,ITH3,5,Veneto,Veneto,4905854,527974,10.76,0.45
1832,2021-04-10,VEN,26882,11695,15187,552,43,15038,323,10801,11,114,18419,8463,ITH,ITH3,5,Veneto,Veneto,4905854,554856,11.31,0.55
1833,2021-04-02,VEN,23403,10289,13114,1047,60,11769,364,9790,75,298,17146,6257,ITH,ITH3,5,Veneto,Veneto,4905854,578259,11.79,0.48
1834,2021-01-06,VEN,8130,2383,5747,6318,170,821,808,1,2,10,8130,0,ITH,ITH3,5,Veneto,Veneto,4905854,586389,11.95,0.17
1835,2021-02-14,VEN,125,56,69,97,1,27,0,0,0,0,112,13,ITH,ITH3,5,Veneto,Veneto,4905854,586514,11.96,0.0
1836,2021-01-08,VEN,9398,2832,6566,5982,590,1003,1807,3,1,12,9398,0,ITH,ITH3,5,Veneto,Veneto,4905854,595912,12.15,0.19
1837,2021-02-06,VEN,4090,1351,2739,3034,171,511,367,3,0,4,709,3381,ITH,ITH3,5,Veneto,Veneto,4905854,600002,12.23,0.08
1838,2021-03-04,VEN,12746,4719,8027,3132,385,1245,1396,3406,353,2829,9327,3419,ITH,ITH3,5,Veneto,Veneto,4905854,612748,12.49,0.26
1839,2021-02-22,VEN,6987,3027,3960,745,44,212,342,5400,1,243,6600,387,ITH,ITH3,5,Veneto,Veneto,4905854,619735,12.63,0.14
1840,2021-02-08,VEN,4970,1539,3431,2819,274,686,1175,12,0,4,1930,3040,ITH,ITH3,5,Veneto,Veneto,4905854,624705,12.73,0.1
1841,2021-01-18,VEN,2763,777,1986,1225,234,303,992,8,0,1,2564,199,ITH,ITH3,5,Veneto,Veneto,4905854,627468,12.79,0.06
1842,2020-12-30,VEN,699,245,454,598,12,48,39,0,0,2,699,0,ITH,ITH3,5,Veneto,Veneto,4905854,628167,12.8,0.01
1843,2021-02-01,VEN,8520,2490,6030,4209,495,1456,2105,245,0,10,165,8355,ITH,ITH3,5,Veneto,Veneto,4905854,636687,12.98,0.17
1844,2021-01-19,VEN,1308,471,837,726,83,168,325,6,0,0,1159,149,ITH,ITH3,5,Veneto,Veneto,4905854,637995,13.0,0.03
1845,2021-03-12,VEN,18531,8101,10430,2003,225,3096,754,8047,904,3502,11813,6718,ITH,ITH3,5,Veneto,Veneto,4905854,656526,13.38,0.38
1846,2020-12-31,VEN,3219,1043,2176,2701,77,187,252,0,0,2,3219,0,ITH,ITH3,5,Veneto,Veneto,4905854,659745,13.45,0.07
1847,2021-04-05,VEN,19139,8374,10765,628,7,12490,327,5494,17,176,13688,5451,ITH,ITH3,5,Veneto,Veneto,4905854,678884,13.84,0.39
1848,2021-02-27,VEN,8985,2691,6294,2190,38,591,63,1963,12,4128,8136,849,ITH,ITH3,5,Veneto,Veneto,4905854,687869,14.02,0.18
1849,2021-01-01,VEN,1527,471,1056,1496,0,27,1,0,0,3,1527,0,ITH,ITH3,5,Veneto,Veneto,4905854,689396,14.05,0.03
1850,2021-02-18,VEN,5790,2444,3346,954,74,290,667,3796,1,8,5726,64,ITH,ITH3,5,Veneto,Veneto,4905854,695186,14.17,0.12
1851,2021-04-04,VEN,7764,3523,4241,23,0,6402,0,1324,2,13,6614,1150,ITH,ITH3,5,Veneto,Veneto,4905854,702950,14.33,0.16
1852,2021-01-16,VEN,4606,1541,3065,3194,273,482,657,0,0,0,4606,0,ITH,ITH3,5,Veneto,Veneto,4905854,707556,14.42,0.09
1853,2021-03-20,VEN,12817,5312,7505,680,30,4620,240,4732,218,2297,10718,2099,ITH,ITH3,5,Veneto,Veneto,4905854,720373,14.68,0.26
1854,2021-04-01,VEN,24007,10454,13553,939,157,11957,579,10031,193,151,17650,6357,ITH,ITH3,5,Veneto,Veneto,4905854,744380,15.17,0.49
1855,2021-03-19,VEN,13765,5659,8106,1843,151,2931,512,7562,48,718,7672,6093,ITH,ITH3,5,Veneto,Veneto,4905854,758145,15.45,0.28
1856,2021-01-17,VEN,1932,780,1152,1588,40,179,120,3,0,2,1583,349,ITH,ITH3,5,Veneto,Veneto,4905854,760077,15.49,0.04
1857,2021-04-06,VEN,27821,12779,15042,413,46,21570,384,5249,56,103,22751,5070,ITH,ITH3,5,Veneto,Veneto,4905854,787898,16.06,0.57
1858,2021-02-24,VEN,8608,3676,4932,1565,226,430,521,5588,264,14,8124,484,ITH,ITH3,5,Veneto,Veneto,4905854,796506,16.24,0.18
1859,2021-03-28,VEN,31270,13594,17676,1430,45,16904,172,10250,52,2417,27579,3691,ITH,ITH3,5,Veneto,Veneto,4905854,827776,16.87,0.64
1860,2021-02-12,VEN,4312,1447,2865,2765,141,730,659,6,3,8,3740,572,ITH,ITH3,5,Veneto,Veneto,4905854,832088,16.96,0.09
1861,2021-01-25,VEN,6467,2075,4392,5061,152,347,904,1,0,2,169,6298,ITH,ITH3,5,Veneto,Veneto,4905854,838555,17.09,0.13
1862,2021-03-05,VEN,13170,4908,8262,3534,268,1625,1422,3083,285,2953,9588,3582,ITH,ITH3,5,Veneto,Veneto,4905854,851725,17.36,0.27
1863,2021-01-11,VEN,7239,2100,5139,3499,503,1026,1956,247,0,8,7239,0,ITH,ITH3,5,Veneto,Veneto,4905854,858964,17.51,0.15
1864,2021-01-15,VEN,5863,1818,4045,2984,460,838,1565,9,3,4,5863,0,ITH,ITH3,5,Veneto,Veneto,4905854,864827,17.63,0.12
1865,2021-04-11,VEN,20817,8792,12025,965,11,11178,83,8228,8,344,14509,6308,ITH,ITH3,5,Veneto,Veneto,4905854,885644,18.05,0.42
1866,2021-04-12,VEN,14460,6130,8330,475,27,6856,117,6031,14,940,6352,8108,ITH,ITH3,5,Veneto,Veneto,4905854,900104,18.35,0.29
1867,2021-03-08,VEN,13487,6153,7334,711,56,1189,384,7162,1040,2945,9428,4059,ITH,ITH3,5,Veneto,Veneto,4905854,913591,18.62,0.27
1868,2021-02-11,VEN,4013,1239,2774,2660,156,390,789,9,1,8,3383,630,ITH,ITH3,5,Veneto,Veneto,4905854,917604,18.7,0.08
1869,2021-01-14,VEN,7058,1923,5135,3237,526,783,2491,17,0,4,7058,0,ITH,ITH3,5,Veneto,Veneto,4905854,924662,18.85,0.14
1870,2021-01-12,VEN,5231,1516,3715,2251,359,695,1753,168,0,5,5231,0,ITH,ITH3,5,Veneto,Veneto,4905854,929893,18.95,0.11
1871,2021-03-07,VEN,4453,1742,2711,1744,6,870,23,980,0,830,3900,553,ITH,ITH3,5,Veneto,Veneto,4905854,934346,19.05,0.09
1872,2021-03-02,VEN,11369,4581,6788,2779,438,1400,1192,3286,410,1864,8095,3274,ITH,ITH3,5,Veneto,Veneto,4905854,945715,19.28,0.23
1873,2021-04-07,VEN,34737,15581,19156,1579,334,26673,688,5049,61,353,27516,7221,ITH,ITH3,5,Veneto,Veneto,4905854,980452,19.99,0.71
1874,2021-01-23,VEN,4063,1255,2808,3406,119,84,450,1,0,3,34,4029,ITH,ITH3,5,Veneto,Veneto,4905854,984515,20.07,0.08
1875,2021-04-09,VEN,30650,13505,17145,1358,145,18611,568,9731,47,190,22348,8302,ITH,ITH3,5,Veneto,Veneto,4905854,1015165,20.69,0.62
1876,2021-02-10,VEN,4750,1587,3163,3173,228,572,775,0,0,2,3698,1052,ITH,ITH3,5,Veneto,Veneto,4905854,1019915,20.79,0.1
1877,2021-03-27,VEN,31886,13898,17988,1987,41,15506,170,12508,126,1548,26053,5833,ITH,ITH3,5,Veneto,Veneto,4905854,1051801,21.44,0.65
1878,2021-02-15,VEN,4386,1821,2565,485,65,165,383,3272,14,2,4145,241,ITH,ITH3,5,Veneto,Veneto,4905854,1056187,21.53,0.09
1879,2021-03-25,VEN,25625,10839,14786,1370,342,9830,999,10172,665,2247,19564,6061,ITH,ITH3,5,Veneto,Veneto,4905854,1081812,22.05,0.52
1880,2021-01-03,VEN,5159,1563,3596,4597,59,252,249,0,0,2,5159,0,ITH,ITH3,5,Veneto,Veneto,4905854,1086971,22.16,0.11
1881,2021-03-30,VEN,35556,15051,20505,768,117,16426,571,16872,331,471,30308,5248,ITH,ITH3,5,Veneto,Veneto,4905854,1122527,22.88,0.72
1882,2021-01-21,VEN,2291,720,1571,1987,48,112,141,0,0,3,21,2270,ITH,ITH3,5,Veneto,Veneto,4905854,1124818,22.93,0.05
1883,2021-02-03,VEN,5936,1661,4275,2853,429,903,1744,1,0,6,482,5454,ITH,ITH3,5,Veneto,Veneto,4905854,1130754,23.05,0.12
1884,2021-01-30,VEN,8745,2671,6074,6267,307,912,1234,4,12,9,695,8050,ITH,ITH3,5,Veneto,Veneto,4905854,1139499,23.23,0.18
1885,2021-01-27,VEN,7140,2064,5076,5211,211,830,879,0,0,9,246,6894,ITH,ITH3,5,Veneto,Veneto,4905854,1146639,23.37,0.15
1886,2021-01-05,VEN,7328,2183,5145,5416,304,480,1122,0,1,5,7328,0,ITH,ITH3,5,Veneto,Veneto,4905854,1153967,23.52,0.15
1887,2021-01-20,VEN,1038,368,670,695,58,71,213,0,0,1,386,652,ITH,ITH3,5,Veneto,Veneto,4905854,1155005,23.54,0.02
1888,2021-02-02,VEN,6404,1843,4561,2974,533,747,1994,153,0,3,391,6013,ITH,ITH3,5,Veneto,Veneto,4905854,1161409,23.67,0.13
1889,2020-12-27,VEN,880,395,485,875,0,4,0,0,0,1,880,0,ITH,ITH3,5,Veneto,Veneto,4905854,1162289,23.69,0.02
1890,2021-04-03,VEN,21668,9491,12177,1316,39,11591,150,8424,19,129,13943,7725,ITH,ITH3,5,Veneto,Veneto,4905854,1183957,24.13,0.44
1891,2021-03-13,VEN,17150,7233,9917,2544,63,5167,109,4799,426,4042,14042,3108,ITH,ITH3,5,Veneto,Veneto,4905854,1201107,24.48,0.35
1892,2021-02-20,VEN,6419,2013,4406,1866,35,200,100,969,6,3243,6350,69,ITH,ITH3,5,Veneto,Veneto,4905854,1207526,24.61,0.13
1893,2021-04-06,MOL,1462,688,774,33,2,1174,9,238,5,1,1119,343,ITF,ITF2,14,Molise,Molise,305617,1462,0.48,0.48
1894,2021-01-08,MOL,429,141,288,244,6,59,120,0,0,0,429,0,ITF,ITF2,14,Molise,Molise,305617,1891,0.62,0.14
1895,2021-02-21,MOL,573,227,346,1,0,4,0,568,0,0,571,2,ITF,ITF2,14,Molise,Molise,305617,2464,0.81,0.19
1896,2021-03-14,MOL,594,239,355,2,0,11,0,581,0,0,16,578,ITF,ITF2,14,Molise,Molise,305617,3058,1.0,0.19
1897,2021-03-21,MOL,1246,542,704,14,1,141,0,1090,0,0,479,767,ITF,ITF2,14,Molise,Molise,305617,4304,1.41,0.41
1898,2021-03-07,MOL,1131,501,630,2,16,0,0,1113,0,0,1129,2,ITF,ITF2,14,Molise,Molise,305617,5435,1.78,0.37
1899,2021-02-23,MOL,581,223,358,136,39,4,61,340,0,1,362,219,ITF,ITF2,14,Molise,Molise,305617,6016,1.97,0.19
1900,2021-02-19,MOL,169,93,76,95,28,42,1,0,0,3,167,2,ITF,ITF2,14,Molise,Molise,305617,6185,2.02,0.06
1901,2021-01-28,MOL,613,217,396,430,9,19,154,0,0,1,17,596,ITF,ITF2,14,Molise,Molise,305617,6798,2.22,0.2
1902,2021-03-15,MOL,832,338,494,137,6,149,66,116,61,297,587,245,ITF,ITF2,14,Molise,Molise,305617,7630,2.5,0.27
1903,2021-02-28,MOL,829,331,498,38,1,4,27,759,0,0,787,42,ITF,ITF2,14,Molise,Molise,305617,8459,2.77,0.27
1904,2021-02-18,MOL,319,74,245,296,8,15,0,0,0,0,306,13,ITF,ITF2,14,Molise,Molise,305617,8778,2.87,0.1
1905,2021-01-10,MOL,270,72,198,82,19,0,169,0,0,0,270,0,ITF,ITF2,14,Molise,Molise,305617,9048,2.96,0.09
1906,2021-01-31,MOL,268,70,198,85,18,0,164,0,0,1,6,262,ITF,ITF2,14,Molise,Molise,305617,9316,3.05,0.09
1907,2021-03-24,MOL,1630,658,972,77,1,348,0,707,47,450,1228,402,ITF,ITF2,14,Molise,Molise,305617,10946,3.58,0.53
1908,2021-01-13,MOL,474,160,314,256,66,7,144,0,0,1,474,0,ITF,ITF2,14,Molise,Molise,305617,11420,3.74,0.16
1909,2021-02-02,MOL,539,176,363,295,64,0,180,0,0,0,216,323,ITF,ITF2,14,Molise,Molise,305617,11959,3.91,0.18
1910,2021-02-09,MOL,359,170,189,161,83,5,110,0,0,0,197,162,ITF,ITF2,14,Molise,Molise,305617,12318,4.03,0.12
1911,2021-03-23,MOL,1642,694,948,76,2,453,6,572,79,454,1435,207,ITF,ITF2,14,Molise,Molise,305617,13960,4.57,0.54
1912,2020-12-27,MOL,50,20,30,29,4,0,17,0,0,0,50,0,ITF,ITF2,14,Molise,Molise,305617,14010,4.58,0.02
1913,2021-03-12,MOL,1438,629,809,42,31,47,0,698,115,505,1402,36,ITF,ITF2,14,Molise,Molise,305617,15448,5.05,0.47
1914,2021-03-10,MOL,1737,720,1017,188,3,92,1,757,187,509,1687,50,ITF,ITF2,14,Molise,Molise,305617,17185,5.62,0.57
1915,2021-01-26,MOL,450,184,266,444,0,5,0,0,0,1,8,442,ITF,ITF2,14,Molise,Molise,305617,17635,5.77,0.15
1916,2021-03-25,MOL,1806,730,1076,53,2,322,18,832,86,493,1309,497,ITF,ITF2,14,Molise,Molise,305617,19441,6.36,0.59
1917,2021-01-30,MOL,461,158,303,189,52,40,180,0,0,0,12,449,ITF,ITF2,14,Molise,Molise,305617,19902,6.51,0.15
1918,2021-03-04,MOL,850,417,433,252,18,6,69,469,36,0,526,324,ITF,ITF2,14,Molise,Molise,305617,20752,6.79,0.28
1919,2021-01-14,MOL,646,239,407,418,82,31,115,0,0,0,646,0,ITF,ITF2,14,Molise,Molise,305617,21398,7.0,0.21
1920,2021-02-01,MOL,562,201,361,301,143,6,111,0,0,1,14,548,ITF,ITF2,14,Molise,Molise,305617,21960,7.19,0.18
1921,2021-03-28,MOL,1589,741,848,155,15,234,0,1184,0,1,487,1102,ITF,ITF2,14,Molise,Molise,305617,23549,7.71,0.52
1922,2021-01-05,MOL,449,180,269,441,0,8,0,0,0,0,449,0,ITF,ITF2,14,Molise,Molise,305617,23998,7.85,0.15
1923,2021-02-03,MOL,731,249,482,391,110,49,180,0,0,1,338,393,ITF,ITF2,14,Molise,Molise,305617,24729,8.09,0.24
1924,2021-02-22,MOL,265,129,136,56,31,108,62,8,0,0,250,15,ITF,ITF2,14,Molise,Molise,305617,24994,8.18,0.09
1925,2021-02-08,MOL,334,141,193,206,38,5,85,0,0,0,216,118,ITF,ITF2,14,Molise,Molise,305617,25328,8.29,0.11
1926,2021-01-19,MOL,173,63,110,90,57,2,22,0,0,2,162,11,ITF,ITF2,14,Molise,Molise,305617,25501,8.34,0.06
1927,2021-01-15,MOL,538,242,296,398,17,42,81,0,0,0,538,0,ITF,ITF2,14,Molise,Molise,305617,26039,8.52,0.18
1928,2021-01-04,MOL,314,131,183,301,0,13,0,0,0,0,314,0,ITF,ITF2,14,Molise,Molise,305617,26353,8.62,0.1
1929,2021-02-06,MOL,429,179,250,276,13,9,130,0,0,1,29,400,ITF,ITF2,14,Molise,Molise,305617,26782,8.76,0.14
1930,2021-01-17,MOL,78,38,40,78,0,0,0,0,0,0,48,30,ITF,ITF2,14,Molise,Molise,305617,26860,8.79,0.03
1931,2021-03-19,MOL,1180,479,701,32,0,163,9,726,2,248,753,427,ITF,ITF2,14,Molise,Molise,305617,28040,9.17,0.39
1932,2021-01-29,MOL,421,136,285,227,23,59,109,0,0,3,6,415,ITF,ITF2,14,Molise,Molise,305617,28461,9.31,0.14
1933,2021-03-29,MOL,1996,826,1170,108,5,857,5,480,16,525,1510,486,ITF,ITF2,14,Molise,Molise,305617,30457,9.97,0.65
1934,2021-02-27,MOL,1366,568,798,25,2,34,14,1290,0,1,1347,19,ITF,ITF2,14,Molise,Molise,305617,31823,10.41,0.45
1935,2021-03-30,MOL,1953,839,1114,45,0,830,1,573,80,424,1441,512,ITF,ITF2,14,Molise,Molise,305617,33776,11.05,0.64
1936,2021-01-22,MOL,126,35,91,21,32,0,73,0,0,0,126,0,ITF,ITF2,14,Molise,Molise,305617,33902,11.09,0.04
1937,2021-04-13,MOL,1526,680,846,7,4,1271,1,242,0,1,991,535,ITF,ITF2,14,Molise,Molise,305617,35428,11.59,0.5
1938,2021-04-01,MOL,1435,653,782,27,8,627,21,714,18,20,710,725,ITF,ITF2,14,Molise,Molise,305617,36863,12.06,0.47
1939,2021-03-06,MOL,1728,807,921,156,15,10,0,1395,152,0,1569,159,ITF,ITF2,14,Molise,Molise,305617,38591,12.63,0.57
1940,2021-03-03,MOL,672,316,356,63,1,4,48,384,45,127,590,82,ITF,ITF2,14,Molise,Molise,305617,39263,12.85,0.22
1941,2021-01-16,MOL,420,166,254,270,14,9,127,0,0,0,420,0,ITF,ITF2,14,Molise,Molise,305617,39683,12.98,0.14
1942,2021-04-03,MOL,1764,847,917,28,0,1441,0,266,3,26,1731,33,ITF,ITF2,14,Molise,Molise,305617,41447,13.56,0.58
1943,2021-01-06,MOL,689,260,429,456,26,36,171,0,0,0,689,0,ITF,ITF2,14,Molise,Molise,305617,42136,13.79,0.23
1944,2021-04-05,MOL,370,181,189,1,0,273,0,96,0,0,271,99,ITF,ITF2,14,Molise,Molise,305617,42506,13.91,0.12
1945,2021-03-08,MOL,1376,522,854,359,44,61,23,409,76,404,1236,140,ITF,ITF2,14,Molise,Molise,305617,43882,14.36,0.45
1946,2021-01-07,MOL,598,209,389,414,1,38,145,0,0,0,598,0,ITF,ITF2,14,Molise,Molise,305617,44480,14.55,0.2
1947,2021-01-20,MOL,18,8,10,14,4,0,0,0,0,0,18,0,ITF,ITF2,14,Molise,Molise,305617,44498,14.56,0.01
1948,2021-03-11,MOL,1463,636,827,42,2,22,14,699,185,499,1457,6,ITF,ITF2,14,Molise,Molise,305617,45961,15.04,0.48
1949,2021-01-25,MOL,319,130,189,317,0,0,0,0,0,2,3,316,ITF,ITF2,14,Molise,Molise,305617,46280,15.14,0.1
1950,2021-02-12,MOL,330,149,181,224,12,20,72,0,0,2,208,122,ITF,ITF2,14,Molise,Molise,305617,46610,15.25,0.11
1951,2021-04-11,MOL,1146,579,567,0,0,1098,0,48,0,0,1133,13,ITF,ITF2,14,Molise,Molise,305617,47756,15.63,0.37
1952,2021-01-11,MOL,557,194,363,196,193,57,111,0,0,0,557,0,ITF,ITF2,14,Molise,Molise,305617,48313,15.81,0.18
1953,2021-02-04,MOL,758,295,463,502,76,38,141,0,0,1,77,681,ITF,ITF2,14,Molise,Molise,305617,49071,16.06,0.25
1954,2021-04-07,MOL,1658,834,824,36,8,1337,62,109,26,80,1383,275,ITF,ITF2,14,Molise,Molise,305617,50729,16.6,0.54
1955,2021-03-02,MOL,667,383,284,98,106,12,51,136,113,151,509,158,ITF,ITF2,14,Molise,Molise,305617,51396,16.82,0.22
1956,2021-04-08,MOL,1715,886,829,104,12,1391,6,162,5,35,1525,190,ITF,ITF2,14,Molise,Molise,305617,53111,17.38,0.56
1957,2021-03-31,MOL,2138,896,1242,202,8,785,32,799,49,263,1319,819,ITF,ITF2,14,Molise,Molise,305617,55249,18.08,0.7
1958,2021-04-04,MOL,252,141,111,1,0,249,0,2,0,0,238,14,ITF,ITF2,14,Molise,Molise,305617,55501,18.16,0.08
1959,2021-02-11,MOL,293,133,160,225,19,0,45,0,3,1,257,36,ITF,ITF2,14,Molise,Molise,305617,55794,18.26,0.1
1960,2021-03-01,MOL,661,274,387,200,28,41,108,135,2,147,447,214,ITF,ITF2,14,Molise,Molise,305617,56455,18.47,0.22
1961,2021-03-13,MOL,1189,594,595,29,0,23,5,981,151,0,200,989,ITF,ITF2,14,Molise,Molise,305617,57644,18.86,0.39
1962,2021-03-26,MOL,2560,1038,1522,70,5,839,23,1005,70,548,1918,642,ITF,ITF2,14,Molise,Molise,305617,60204,19.7,0.84
1963,2021-02-10,MOL,150,78,72,91,6,0,53,0,0,0,130,20,ITF,ITF2,14,Molise,Molise,305617,60354,19.75,0.05
1964,2021-01-18,MOL,114,48,66,97,14,3,0,0,0,0,114,0,ITF,ITF2,14,Molise,Molise,305617,60468,19.79,0.04
1965,2021-02-15,MOL,144,70,74,117,8,4,15,0,0,0,141,3,ITF,ITF2,14,Molise,Molise,305617,60612,19.83,0.05
1966,2021-02-20,MOL,1018,441,577,20,4,53,8,933,0,0,998,20,ITF,ITF2,14,Molise,Molise,305617,61630,20.17,0.33
1967,2021-01-27,MOL,674,251,423,436,11,17,209,0,0,1,8,666,ITF,ITF2,14,Molise,Molise,305617,62304,20.39,0.22
1968,2021-04-12,MOL,1230,538,692,17,1,1143,1,67,1,0,1008,222,ITF,ITF2,14,Molise,Molise,305617,63534,20.79,0.4
1969,2021-02-26,MOL,563,260,303,42,7,50,3,406,0,55,490,73,ITF,ITF2,14,Molise,Molise,305617,64097,20.97,0.18
1970,2021-03-09,MOL,1329,579,750,199,1,109,0,409,218,393,1177,152,ITF,ITF2,14,Molise,Molise,305617,65426,21.41,0.43
1971,2021-03-27,MOL,2685,1250,1435,18,3,781,0,1879,3,1,1252,1433,ITF,ITF2,14,Molise,Molise,305617,68111,22.29,0.88
1972,2021-02-13,MOL,132,80,52,129,3,0,0,0,0,0,132,0,ITF,ITF2,14,Molise,Molise,305617,68243,22.33,0.04
1973,2021-04-02,MOL,1386,680,706,47,0,675,0,658,4,2,625,761,ITF,ITF2,14,Molise,Molise,305617,69629,22.78,0.45
1974,2021-03-22,MOL,1146,439,707,106,3,283,2,255,39,458,903,243,ITF,ITF2,14,Molise,Molise,305617,70775,23.16,0.37
1975,2021-04-10,MOL,2550,1233,1317,10,0,2293,0,225,3,19,2399,151,ITF,ITF2,14,Molise,Molise,305617,73325,23.99,0.83
1976,2021-03-16,MOL,614,230,384,13,3,188,11,395,4,0,267,347,ITF,ITF2,14,Molise,Molise,305617,73939,24.19,0.2
1977,2021-02-05,MOL,593,269,324,460,22,48,63,0,0,0,55,538,ITF,ITF2,14,Molise,Molise,305617,74532,24.39,0.19
1978,2021-03-17,MOL,905,384,521,45,22,211,42,572,12,1,574,331,ITF,ITF2,14,Molise,Molise,305617,75437,24.68,0.3
1979,2021-01-09,MOL,450,152,298,221,27,24,178,0,0,0,450,0,ITF,ITF2,14,Molise,Molise,305617,75887,24.83,0.15
1980,2021-03-20,MOL,2320,968,1352,28,2,206,0,1855,7,222,999,1321,ITF,ITF2,14,Molise,Molise,305617,78207,25.59,0.76
1981,2021-02-16,MOL,156,70,86,148,4,4,0,0,0,0,150,6,ITF,ITF2,14,Molise,Molise,305617,78363,25.64,0.05
1982,2021-02-17,MOL,72,32,40,47,9,10,6,0,0,0,57,15,ITF,ITF2,14,Molise,Molise,305617,78435,25.66,0.02
1983,2021-02-07,MOL,66,32,34,49,1,0,16,0,0,0,19,47,ITF,ITF2,14,Molise,Molise,305617,78501,25.69,0.02
1984,2021-04-09,MOL,2262,1235,1027,33,4,2140,1,82,1,1,2101,161,ITF,ITF2,14,Molise,Molise,305617,80763,26.43,0.74
1985,2021-02-25,MOL,541,239,302,68,3,9,28,433,0,0,473,68,ITF,ITF2,14,Molise,Molise,305617,81304,26.6,0.18
1986,2021-03-18,MOL,1156,476,680,73,10,174,45,854,0,0,692,464,ITF,ITF2,14,Molise,Molise,305617,82460,26.98,0.38
1987,2021-01-12,MOL,336,114,222,132,74,1,129,0,0,0,336,0,ITF,ITF2,14,Molise,Molise,305617,82796,27.09,0.11
1988,2021-03-05,MOL,1219,649,570,322,1,54,0,618,151,73,1015,204,ITF,ITF2,14,Molise,Molise,305617,84015,27.49,0.4
1989,2021-01-21,MOL,6,2,4,0,6,0,0,0,0,0,6,0,ITF,ITF2,14,Molise,Molise,305617,84021,27.49,0.0
1990,2021-02-24,MOL,666,278,388,242,61,44,44,274,0,1,333,333,ITF,ITF2,14,Molise,Molise,305617,84687,27.71,0.22
1991,2021-04-11,BAS,847,330,517,74,0,499,0,46,3,225,786,61,ITF,ITF5,17,Basilicata,Basilicata,559084,847,0.15,0.15
1992,2021-01-21,BAS,30,10,20,0,0,30,0,0,0,0,30,0,ITF,ITF5,17,Basilicata,Basilicata,559084,877,0.16,0.01
1993,2021-01-29,BAS,613,229,384,398,38,107,70,0,0,0,63,550,ITF,ITF5,17,Basilicata,Basilicata,559084,1490,0.27,0.11
1994,2021-03-28,BAS,2142,743,1399,92,0,72,1,1265,1,711,2122,20,ITF,ITF5,17,Basilicata,Basilicata,559084,3632,0.65,0.38
1995,2021-02-24,BAS,1803,743,1060,85,9,20,2,1686,1,0,1734,69,ITF,ITF5,17,Basilicata,Basilicata,559084,5435,0.97,0.32
1996,2021-03-03,BAS,1740,813,927,191,252,161,99,590,203,244,1184,556,ITF,ITF5,17,Basilicata,Basilicata,559084,7175,1.28,0.31
1997,2021-04-04,BAS,543,215,328,9,0,40,0,406,0,88,130,413,ITF,ITF5,17,Basilicata,Basilicata,559084,7718,1.38,0.1
1998,2021-04-12,BAS,2248,1086,1162,226,1,1371,12,523,13,102,1674,574,ITF,ITF5,17,Basilicata,Basilicata,559084,9966,1.78,0.4
1999,2021-02-23,BAS,1901,771,1130,159,24,25,35,1658,0,0,1763,138,ITF,ITF5,17,Basilicata,Basilicata,559084,11867,2.12,0.34
2000,2021-02-26,BAS,2148,904,1244,88,93,12,1,1954,0,0,2069,79,ITF,ITF5,17,Basilicata,Basilicata,559084,14015,2.51,0.38
2001,2021-01-25,BAS,1020,427,593,828,80,111,1,0,0,0,74,946,ITF,ITF5,17,Basilicata,Basilicata,559084,15035,2.69,0.18
2002,2021-03-20,BAS,1286,566,720,45,68,47,0,943,5,178,275,1011,ITF,ITF5,17,Basilicata,Basilicata,559084,16321,2.92,0.23
2003,2021-04-06,BAS,1397,478,919,205,0,234,1,343,26,588,1201,196,ITF,ITF5,17,Basilicata,Basilicata,559084,17718,3.17,0.25
2004,2021-03-10,BAS,1650,814,836,101,46,64,33,877,256,273,811,839,ITF,ITF5,17,Basilicata,Basilicata,559084,19368,3.46,0.3
2005,2021-01-26,BAS,793,350,443,622,70,66,35,0,0,0,101,692,ITF,ITF5,17,Basilicata,Basilicata,559084,20161,3.61,0.14
2006,2021-01-31,BAS,77,24,53,75,2,0,0,0,0,0,0,77,ITF,ITF5,17,Basilicata,Basilicata,559084,20238,3.62,0.01
2007,2021-03-08,BAS,1450,707,743,221,126,126,38,410,256,273,840,610,ITF,ITF5,17,Basilicata,Basilicata,559084,21688,3.88,0.26
2008,2021-03-06,BAS,1350,534,816,296,118,52,57,383,185,259,756,594,ITF,ITF5,17,Basilicata,Basilicata,559084,23038,4.12,0.24
2009,2021-01-22,BAS,67,24,43,6,0,60,0,1,0,0,67,0,ITF,ITF5,17,Basilicata,Basilicata,559084,23105,4.13,0.01
2010,2021-03-21,BAS,1045,480,565,32,0,51,0,803,0,159,352,693,ITF,ITF5,17,Basilicata,Basilicata,559084,24150,4.32,0.19
2011,2021-03-05,BAS,1849,855,994,298,123,104,72,689,254,309,1104,745,ITF,ITF5,17,Basilicata,Basilicata,559084,25999,4.65,0.33
2012,2021-01-07,BAS,640,319,321,556,8,47,29,0,0,0,640,0,ITF,ITF5,17,Basilicata,Basilicata,559084,26639,4.76,0.11
2013,2021-02-07,BAS,373,159,214,259,25,49,40,0,0,0,49,324,ITF,ITF5,17,Basilicata,Basilicata,559084,27012,4.83,0.07
2014,2021-01-17,BAS,328,133,195,233,11,30,54,0,0,0,327,1,ITF,ITF5,17,Basilicata,Basilicata,559084,27340,4.89,0.06
2015,2021-02-10,BAS,547,237,310,176,95,58,127,90,0,1,495,52,ITF,ITF5,17,Basilicata,Basilicata,559084,27887,4.99,0.1
2016,2021-04-13,BAS,1940,972,968,146,1,1077,0,642,1,73,1285,655,ITF,ITF5,17,Basilicata,Basilicata,559084,29827,5.33,0.35
2017,2021-03-27,BAS,2024,747,1277,17,0,99,0,1530,0,378,1710,314,ITF,ITF5,17,Basilicata,Basilicata,559084,31851,5.7,0.36
2018,2021-03-25,BAS,1717,574,1143,38,0,110,0,910,22,637,1405,312,ITF,ITF5,17,Basilicata,Basilicata,559084,33568,6.0,0.31
2019,2021-03-16,BAS,1899,799,1100,103,27,31,0,1671,5,62,228,1671,ITF,ITF5,17,Basilicata,Basilicata,559084,35467,6.34,0.34
2020,2021-02-01,BAS,242,91,151,156,24,14,48,0,0,0,46,196,ITF,ITF5,17,Basilicata,Basilicata,559084,35709,6.39,0.04
2021,2021-01-04,BAS,607,271,336,550,45,10,0,0,0,2,607,0,ITF,ITF5,17,Basilicata,Basilicata,559084,36316,6.5,0.11
2022,2021-04-01,BAS,2825,1145,1680,79,0,273,0,2174,11,288,2111,714,ITF,ITF5,17,Basilicata,Basilicata,559084,39141,7.0,0.51
2023,2021-03-19,BAS,2284,988,1296,58,75,37,0,1950,22,142,261,2023,ITF,ITF5,17,Basilicata,Basilicata,559084,41425,7.41,0.41
2024,2021-01-15,BAS,813,350,463,578,21,40,174,0,0,0,813,0,ITF,ITF5,17,Basilicata,Basilicata,559084,42238,7.55,0.15
2025,2021-01-16,BAS,721,304,417,466,17,75,161,0,0,2,721,0,ITF,ITF5,17,Basilicata,Basilicata,559084,42959,7.68,0.13
2026,2021-03-12,BAS,1896,975,921,266,61,48,37,985,241,258,798,1098,ITF,ITF5,17,Basilicata,Basilicata,559084,44855,8.02,0.34
2027,2021-01-19,BAS,199,84,115,78,48,29,44,0,0,0,199,0,ITF,ITF5,17,Basilicata,Basilicata,559084,45054,8.06,0.04
2028,2021-02-16,BAS,905,377,528,250,90,5,67,492,1,0,807,98,ITF,ITF5,17,Basilicata,Basilicata,559084,45959,8.22,0.16
2029,2021-02-27,BAS,1986,856,1130,103,123,61,21,1678,0,0,1822,164,ITF,ITF5,17,Basilicata,Basilicata,559084,47945,8.58,0.36
2030,2021-02-17,BAS,1135,493,642,123,42,27,57,884,1,1,1059,76,ITF,ITF5,17,Basilicata,Basilicata,559084,49080,8.78,0.2
2031,2021-02-04,BAS,1092,440,652,636,106,69,281,0,0,0,63,1029,ITF,ITF5,17,Basilicata,Basilicata,559084,50172,8.97,0.2
2032,2021-04-08,BAS,879,405,474,260,0,318,0,80,33,188,870,9,ITF,ITF5,17,Basilicata,Basilicata,559084,51051,9.13,0.16
2033,2021-03-31,BAS,3238,1288,1950,68,0,257,0,2664,18,231,2454,784,ITF,ITF5,17,Basilicata,Basilicata,559084,54289,9.71,0.58
2034,2021-01-06,BAS,294,129,165,229,9,20,36,0,0,0,294,0,ITF,ITF5,17,Basilicata,Basilicata,559084,54583,9.76,0.05
2035,2021-03-01,BAS,540,279,261,121,50,79,4,169,67,50,376,164,ITF,ITF5,17,Basilicata,Basilicata,559084,55123,9.86,0.1
2036,2021-01-11,BAS,183,66,117,107,15,20,41,0,0,0,183,0,ITF,ITF5,17,Basilicata,Basilicata,559084,55306,9.89,0.03
2037,2021-01-28,BAS,903,401,502,717,24,80,81,1,0,0,119,784,ITF,ITF5,17,Basilicata,Basilicata,559084,56209,10.05,0.16
2038,2021-03-11,BAS,1783,919,864,163,63,99,77,905,253,223,824,959,ITF,ITF5,17,Basilicata,Basilicata,559084,57992,10.37,0.32
2039,2021-03-02,BAS,791,381,410,110,23,55,5,184,201,213,656,135,ITF,ITF5,17,Basilicata,Basilicata,559084,58783,10.51,0.14
2040,2021-02-11,BAS,951,401,550,200,95,74,107,471,4,0,868,83,ITF,ITF5,17,Basilicata,Basilicata,559084,59734,10.68,0.17
2041,2021-01-12,BAS,217,88,129,87,22,9,99,0,0,0,217,0,ITF,ITF5,17,Basilicata,Basilicata,559084,59951,10.72,0.04
2042,2021-01-09,BAS,557,160,397,386,52,51,67,0,0,1,557,0,ITF,ITF5,17,Basilicata,Basilicata,559084,60508,10.82,0.1
2043,2021-02-15,BAS,621,232,389,191,93,44,46,246,1,0,580,41,ITF,ITF5,17,Basilicata,Basilicata,559084,61129,10.93,0.11
2044,2021-03-13,BAS,1794,888,906,82,292,66,46,864,231,213,749,1045,ITF,ITF5,17,Basilicata,Basilicata,559084,62923,11.25,0.32
2045,2021-02-09,BAS,491,213,278,200,225,12,54,0,0,0,316,175,ITF,ITF5,17,Basilicata,Basilicata,559084,63414,11.34,0.09
2046,2021-03-14,BAS,1008,477,531,41,110,13,8,516,71,249,539,469,ITF,ITF5,17,Basilicata,Basilicata,559084,64422,11.52,0.18
2047,2021-02-12,BAS,775,332,443,288,138,63,90,190,6,0,744,31,ITF,ITF5,17,Basilicata,Basilicata,559084,65197,11.66,0.14
2048,2021-01-23,BAS,707,299,408,592,38,76,1,0,0,0,33,674,ITF,ITF5,17,Basilicata,Basilicata,559084,65904,11.79,0.13
2049,2021-04-09,BAS,1145,350,795,142,0,199,0,137,49,618,1078,67,ITF,ITF5,17,Basilicata,Basilicata,559084,67049,11.99,0.2
2050,2021-01-14,BAS,969,413,556,504,110,32,323,0,0,0,969,0,ITF,ITF5,17,Basilicata,Basilicata,559084,68018,12.17,0.17
2051,2021-03-07,BAS,882,308,574,39,12,6,4,328,22,471,844,38,ITF,ITF5,17,Basilicata,Basilicata,559084,68900,12.32,0.16
2052,2021-01-18,BAS,463,157,306,364,51,3,45,0,0,0,364,99,ITF,ITF5,17,Basilicata,Basilicata,559084,69363,12.41,0.08
2053,2021-03-17,BAS,1448,606,842,22,11,18,0,1390,5,2,27,1421,ITF,ITF5,17,Basilicata,Basilicata,559084,70811,12.67,0.26
2054,2021-03-18,BAS,1346,561,785,30,0,10,0,1306,0,0,22,1324,ITF,ITF5,17,Basilicata,Basilicata,559084,72157,12.91,0.24
2055,2021-02-28,BAS,802,342,460,32,0,30,0,740,0,0,774,28,ITF,ITF5,17,Basilicata,Basilicata,559084,72959,13.05,0.14
2056,2021-02-21,BAS,284,113,171,16,1,1,11,254,0,1,284,0,ITF,ITF5,17,Basilicata,Basilicata,559084,73243,13.1,0.05
2057,2021-02-25,BAS,1787,736,1051,67,2,12,0,1705,1,0,1741,46,ITF,ITF5,17,Basilicata,Basilicata,559084,75030,13.42,0.32
2058,2021-02-22,BAS,1790,773,1017,125,18,68,2,1577,0,0,1737,53,ITF,ITF5,17,Basilicata,Basilicata,559084,76820,13.74,0.32
2059,2021-02-08,BAS,557,193,364,436,49,23,49,0,0,0,151,406,ITF,ITF5,17,Basilicata,Basilicata,559084,77377,13.84,0.1
2060,2021-04-03,BAS,1805,751,1054,39,1,343,0,1104,4,314,1469,336,ITF,ITF5,17,Basilicata,Basilicata,559084,79182,14.16,0.32
2061,2021-03-29,BAS,2682,986,1696,70,0,154,0,1780,4,674,2342,340,ITF,ITF5,17,Basilicata,Basilicata,559084,81864,14.64,0.48
2062,2021-03-15,BAS,2347,981,1366,78,26,20,0,1934,23,266,520,1827,ITF,ITF5,17,Basilicata,Basilicata,559084,84211,15.06,0.42
2063,2021-02-02,BAS,365,141,224,212,15,36,102,0,0,0,175,190,ITF,ITF5,17,Basilicata,Basilicata,559084,84576,15.13,0.07
2064,2021-01-30,BAS,703,226,477,424,81,72,126,0,0,0,127,576,ITF,ITF5,17,Basilicata,Basilicata,559084,85279,15.25,0.13
2065,2021-01-03,BAS,900,344,556,790,45,63,0,0,0,2,900,0,ITF,ITF5,17,Basilicata,Basilicata,559084,86179,15.41,0.16
2066,2021-02-03,BAS,666,300,366,425,15,54,172,0,0,0,32,634,ITF,ITF5,17,Basilicata,Basilicata,559084,86845,15.53,0.12
2067,2021-03-30,BAS,2897,1181,1716,37,0,148,0,2193,7,512,2552,345,ITF,ITF5,17,Basilicata,Basilicata,559084,89742,16.05,0.52
2068,2021-02-05,BAS,983,443,540,611,36,145,191,0,0,0,64,919,ITF,ITF5,17,Basilicata,Basilicata,559084,90725,16.23,0.18
2069,2021-01-13,BAS,916,387,529,699,11,57,148,0,0,1,916,0,ITF,ITF5,17,Basilicata,Basilicata,559084,91641,16.39,0.16
2070,2021-01-10,BAS,77,24,53,9,2,66,0,0,0,0,77,0,ITF,ITF5,17,Basilicata,Basilicata,559084,91718,16.41,0.01
2071,2021-02-13,BAS,799,313,486,279,125,79,115,199,2,0,738,61,ITF,ITF5,17,Basilicata,Basilicata,559084,92517,16.55,0.14
2072,2021-03-24,BAS,1540,625,915,67,0,62,0,951,43,417,1187,353,ITF,ITF5,17,Basilicata,Basilicata,559084,94057,16.82,0.28
2073,2021-04-02,BAS,2308,1043,1265,97,0,447,0,1729,10,25,1701,607,ITF,ITF5,17,Basilicata,Basilicata,559084,96365,17.24,0.41
2074,2021-01-24,BAS,834,299,535,706,46,81,1,0,0,0,58,776,ITF,ITF5,17,Basilicata,Basilicata,559084,97199,17.39,0.15
2075,2021-02-06,BAS,902,367,535,546,115,72,168,0,0,1,146,756,ITF,ITF5,17,Basilicata,Basilicata,559084,98101,17.55,0.16
2076,2021-03-22,BAS,1172,529,643,46,49,38,0,638,16,385,626,546,ITF,ITF5,17,Basilicata,Basilicata,559084,99273,17.76,0.21
2077,2020-12-27,BAS,106,41,65,104,0,2,0,0,0,0,106,0,ITF,ITF5,17,Basilicata,Basilicata,559084,99379,17.78,0.02
2078,2021-01-27,BAS,411,175,236,299,16,70,26,0,0,0,113,298,ITF,ITF5,17,Basilicata,Basilicata,559084,99790,17.85,0.07
2079,2021-01-02,BAS,949,380,569,855,39,52,0,0,0,3,949,0,ITF,ITF5,17,Basilicata,Basilicata,559084,100739,18.02,0.17
2080,2021-01-05,BAS,945,409,536,861,38,46,0,0,0,0,945,0,ITF,ITF5,17,Basilicata,Basilicata,559084,101684,18.19,0.17
2081,2021-01-20,BAS,84,22,62,0,0,84,0,0,0,0,84,0,ITF,ITF5,17,Basilicata,Basilicata,559084,101768,18.2,0.02
2082,2021-03-09,BAS,1391,706,685,222,47,48,33,545,258,238,787,604,ITF,ITF5,17,Basilicata,Basilicata,559084,103159,18.45,0.25
2083,2021-03-23,BAS,1191,490,701,48,0,30,0,816,20,277,1084,107,ITF,ITF5,17,Basilicata,Basilicata,559084,104350,18.66,0.21
2084,2021-03-04,BAS,1872,889,983,217,107,136,66,842,263,241,1079,793,ITF,ITF5,17,Basilicata,Basilicata,559084,106222,19.0,0.33
2085,2021-02-20,BAS,1160,530,630,77,170,31,80,802,0,0,1043,117,ITF,ITF5,17,Basilicata,Basilicata,559084,107382,19.21,0.21
2086,2021-04-05,BAS,437,166,271,2,0,25,0,338,1,71,135,302,ITF,ITF5,17,Basilicata,Basilicata,559084,107819,19.28,0.08
2087,2021-02-14,BAS,151,48,103,55,12,1,65,18,0,0,151,0,ITF,ITF5,17,Basilicata,Basilicata,559084,107970,19.31,0.03
2088,2021-02-19,BAS,1622,737,885,219,356,19,66,962,0,0,1560,62,ITF,ITF5,17,Basilicata,Basilicata,559084,109592,19.6,0.29
2089,2021-03-26,BAS,1885,689,1196,195,0,64,0,1150,1,475,1623,262,ITF,ITF5,17,Basilicata,Basilicata,559084,111477,19.94,0.34
2090,2021-02-18,BAS,1070,401,669,270,55,19,150,576,0,0,855,215,ITF,ITF5,17,Basilicata,Basilicata,559084,112547,20.13,0.19
2091,2021-04-07,BAS,1396,579,817,268,0,432,0,103,10,583,1361,35,ITF,ITF5,17,Basilicata,Basilicata,559084,113943,20.38,0.25
2092,2021-04-10,BAS,1033,380,653,64,0,315,2,147,19,486,951,82,ITF,ITF5,17,Basilicata,Basilicata,559084,114976,20.57,0.18
2093,2021-01-08,BAS,554,219,335,383,30,82,59,0,0,0,554,0,ITF,ITF5,17,Basilicata,Basilicata,559084,115530,20.66,0.1
2094,2021-02-03,PAB,1473,462,1011,641,337,106,321,68,0,0,5,1468,ITH,ITH1,4,Provincia Autonoma Bolzano / Bozen,P.A. Bolzano,533050,1473,0.28,0.28
2095,2021-01-04,PAB,508,201,307,420,49,35,4,0,0,0,508,0,ITH,ITH1,4,Provincia Autonoma Bolzano / Bozen,P.A. Bolzano,533050,1981,0.37,0.1
2096,2021-02-20,PAB,1502,471,1031,196,53,30,24,469,1,729,1484,18,ITH,ITH1,4,Provincia Autonoma Bolzano / Bozen,P.A. Bolzano,533050,3483,0.65,0.28
2097,2021-01-07,PAB,916,327,589,618,106,133,0,59,0,0,916,0,ITH,ITH1,4,Provincia Autonoma Bolzano / Bozen,P.A. Bolzano,533050,4399,0.83,0.17
2098,2021-01-02,PAB,91,48,43,69,1,21,0,0,0,0,91,0,ITH,ITH1,4,Provincia Autonoma Bolzano / Bozen,P.A. Bolzano,533050,4490,0.84,0.02
2099,2020-12-30,PAB,387,181,206,342,41,4,0,0,0,0,387,0,ITH,ITH1,4,Provincia Autonoma Bolzano / Bozen,P.A. Bolzano,533050,4877,0.91,0.07
2100,2021-01-11,PAB,1564,512,1052,582,282,371,175,154,0,0,1564,0,ITH,ITH1,4,Provincia Autonoma Bolzano / Bozen,P.A. Bolzano,533050,6441,1.21,0.29
2101,2021-04-09,PAB,2920,1288,1632,337,109,2077,102,277,4,14,2192,728,ITH,ITH1,4,Provincia Autonoma Bolzano / Bozen,P.A. Bolzano,533050,9361,1.76,0.55
2102,2021-04-03,PAB,831,364,467,9,6,14,0,799,3,0,22,809,ITH,ITH1,4,Provincia Autonoma Bolzano / Bozen,P.A. Bolzano,533050,10192,1.91,0.16
2103,2021-02-05,PAB,3192,1179,2013,760,504,399,441,1088,0,0,8,3184,ITH,ITH1,4,Provincia Autonoma Bolzano / Bozen,P.A. Bolzano,533050,13384,2.51,0.6
2104,2021-04-10,PAB,5388,2664,2724,146,53,4612,2,541,12,22,4801,587,ITH,ITH1,4,Provincia Autonoma Bolzano / Bozen,P.A. Bolzano,533050,18772,3.52,1.01
2105,2021-02-06,PAB,2626,1171,1455,452,43,580,6,1544,0,1,18,2608,ITH,ITH1,4,Provincia Autonoma Bolzano / Bozen,P.A. Bolzano,533050,21398,4.01,0.49
2106,2021-03-11,PAB,1682,823,859,89,97,482,73,367,239,335,1143,539,ITH,ITH1,4,Provincia Autonoma Bolzano / Bozen,P.A. Bolzano,533050,23080,4.33,0.32
2107,2021-03-05,PAB,1802,613,1189,337,95,292,59,770,9,240,1360,442,ITH,ITH1,4,Provincia Autonoma Bolzano / Bozen,P.A. Bolzano,533050,24882,4.67,0.34
2108,2021-03-01,PAB,910,217,693,11,2,157,5,0,0,735,910,0,ITH,ITH1,4,Provincia Autonoma Bolzano / Bozen,P.A. Bolzano,533050,25792,4.84,0.17
2109,2021-02-16,PAB,529,205,324,10,1,6,0,512,0,0,529,0,ITH,ITH1,4,Provincia Autonoma Bolzano / Bozen,P.A. Bolzano,533050,26321,4.94,0.1
2110,2021-02-26,PAB,1393,496,897,62,32,112,2,852,0,333,1363,30,ITH,ITH1,4,Provincia Autonoma Bolzano / Bozen,P.A. Bolzano,533050,27714,5.2,0.26
2111,2021-03-06,PAB,3965,2078,1887,479,161,712,7,1968,257,381,3753,212,ITH,ITH1,4,Provincia Autonoma Bolzano / Bozen,P.A. Bolzano,533050,31679,5.94,0.74
2112,2021-01-22,PAB,243,139,104,131,8,15,85,3,0,1,124,119,ITH,ITH1,4,Provincia Autonoma Bolzano / Bozen,P.A. Bolzano,533050,31922,5.99,0.05
2113,2021-03-13,PAB,2885,1459,1426,168,53,1263,1,1291,89,20,2784,101,ITH,ITH1,4,Provincia Autonoma Bolzano / Bozen,P.A. Bolzano,533050,34807,6.53,0.54
2114,2021-01-19,PAB,817,351,466,174,19,45,0,579,0,0,687,130,ITH,ITH1,4,Provincia Autonoma Bolzano / Bozen,P.A. Bolzano,533050,35624,6.68,0.15
2115,2021-02-01,PAB,1420,425,995,743,313,66,296,0,1,1,12,1408,ITH,ITH1,4,Provincia Autonoma Bolzano / Bozen,P.A. Bolzano,533050,37044,6.95,0.27
2116,2021-04-05,PAB,301,144,157,5,3,218,0,70,4,1,23,278,ITH,ITH1,4,Provincia Autonoma Bolzano / Bozen,P.A. Bolzano,533050,37345,7.01,0.06
2117,2021-02-02,PAB,1739,505,1234,624,370,131,605,9,0,0,8,1731,ITH,ITH1,4,Provincia Autonoma Bolzano / Bozen,P.A. Bolzano,533050,39084,7.33,0.33
2118,2021-01-14,PAB,1905,567,1338,520,430,360,290,305,0,0,1905,0,ITH,ITH1,4,Provincia Autonoma Bolzano / Bozen,P.A. Bolzano,533050,40989,7.69,0.36
2119,2021-02-08,PAB,2,1,1,0,0,1,0,1,0,0,1,1,ITH,ITH1,4,Provincia Autonoma Bolzano / Bozen,P.A. Bolzano,533050,40991,7.69,0.0
2120,2021-03-10,PAB,1261,524,737,659,9,261,0,134,80,118,1118,143,ITH,ITH1,4,Provincia Autonoma Bolzano / Bozen,P.A. Bolzano,533050,42252,7.93,0.24
2121,2021-01-06,PAB,59,18,41,59,0,0,0,0,0,0,59,0,ITH,ITH1,4,Provincia Autonoma Bolzano / Bozen,P.A. Bolzano,533050,42311,7.94,0.01
2122,2021-01-23,PAB,197,117,80,191,0,6,0,0,0,0,0,197,ITH,ITH1,4,Provincia Autonoma Bolzano / Bozen,P.A. Bolzano,533050,42508,7.97,0.04
2123,2021-02-27,PAB,2457,759,1698,202,86,43,8,882,3,1233,2447,10,ITH,ITH1,4,Provincia Autonoma Bolzano / Bozen,P.A. Bolzano,533050,44965,8.44,0.46
2124,2021-01-25,PAB,487,183,304,401,68,14,0,1,2,1,3,484,ITH,ITH1,4,Provincia Autonoma Bolzano / Bozen,P.A. Bolzano,533050,45452,8.53,0.09
2125,2021-04-07,PAB,1774,802,972,127,75,1055,55,452,8,2,1237,537,ITH,ITH1,4,Provincia Autonoma Bolzano / Bozen,P.A. Bolzano,533050,47226,8.86,0.33
2126,2021-04-06,PAB,2042,1024,1018,107,45,1691,130,62,4,3,1940,102,ITH,ITH1,4,Provincia Autonoma Bolzano / Bozen,P.A. Bolzano,533050,49268,9.24,0.38
2127,2021-01-17,PAB,2328,1044,1284,56,38,212,37,1985,0,0,2316,12,ITH,ITH1,4,Provincia Autonoma Bolzano / Bozen,P.A. Bolzano,533050,51596,9.68,0.44
2128,2021-02-04,PAB,1927,587,1340,650,505,125,433,214,0,0,8,1919,ITH,ITH1,4,Provincia Autonoma Bolzano / Bozen,P.A. Bolzano,533050,53523,10.04,0.36
2129,2021-02-09,PAB,317,126,191,64,16,6,2,227,0,2,1,316,ITH,ITH1,4,Provincia Autonoma Bolzano / Bozen,P.A. Bolzano,533050,53840,10.1,0.06
2130,2021-03-17,PAB,580,213,367,11,6,35,46,482,0,0,579,1,ITH,ITH1,4,Provincia Autonoma Bolzano / Bozen,P.A. Bolzano,533050,54420,10.21,0.11
2131,2021-04-11,PAB,2719,1291,1428,46,6,2509,2,83,10,63,2541,178,ITH,ITH1,4,Provincia Autonoma Bolzano / Bozen,P.A. Bolzano,533050,57139,10.72,0.51
2132,2021-03-27,PAB,3045,1550,1495,322,32,1206,0,1436,3,46,1542,1503,ITH,ITH1,4,Provincia Autonoma Bolzano / Bozen,P.A. Bolzano,533050,60184,11.29,0.57
2133,2021-03-30,PAB,1298,532,766,51,4,133,153,920,10,27,218,1080,ITH,ITH1,4,Provincia Autonoma Bolzano / Bozen,P.A. Bolzano,533050,61482,11.53,0.24
2134,2021-01-28,PAB,868,307,561,584,186,27,69,0,2,0,10,858,ITH,ITH1,4,Provincia Autonoma Bolzano / Bozen,P.A. Bolzano,533050,62350,11.7,0.16
2135,2021-03-22,PAB,1133,514,619,2,0,929,0,192,10,0,1129,4,ITH,ITH1,4,Provincia Autonoma Bolzano / Bozen,P.A. Bolzano,533050,63483,11.91,0.21
2136,2021-01-03,PAB,41,16,25,33,5,2,0,1,0,0,41,0,ITH,ITH1,4,Provincia Autonoma Bolzano / Bozen,P.A. Bolzano,533050,63524,11.92,0.01
2137,2021-01-26,PAB,810,291,519,673,129,8,0,0,0,0,1,809,ITH,ITH1,4,Provincia Autonoma Bolzano / Bozen,P.A. Bolzano,533050,64334,12.07,0.15
2138,2021-03-26,PAB,1630,716,914,20,14,622,68,905,0,1,509,1121,ITH,ITH1,4,Provincia Autonoma Bolzano / Bozen,P.A. Bolzano,533050,65964,12.37,0.31
2139,2021-03-16,PAB,775,307,468,25,30,39,48,633,0,0,123,652,ITH,ITH1,4,Provincia Autonoma Bolzano / Bozen,P.A. Bolzano,533050,66739,12.52,0.15
2140,2021-03-07,PAB,114,13,101,59,28,23,0,3,0,1,9,105,ITH,ITH1,4,Provincia Autonoma Bolzano / Bozen,P.A. Bolzano,533050,66853,12.54,0.02
2141,2021-01-18,PAB,1769,686,1083,388,102,253,7,1019,0,0,1764,5,ITH,ITH1,4,Provincia Autonoma Bolzano / Bozen,P.A. Bolzano,533050,68622,12.87,0.33
2142,2021-04-02,PAB,2077,837,1240,189,64,828,60,919,0,17,720,1357,ITH,ITH1,4,Provincia Autonoma Bolzano / Bozen,P.A. Bolzano,533050,70699,13.26,0.39
2143,2021-04-12,PAB,2100,942,1158,32,10,1963,0,93,0,2,2094,6,ITH,ITH1,4,Provincia Autonoma Bolzano / Bozen,P.A. Bolzano,533050,72799,13.66,0.39
2144,2021-01-15,PAB,3276,1226,2050,607,307,740,342,1280,0,0,3276,0,ITH,ITH1,4,Provincia Autonoma Bolzano / Bozen,P.A. Bolzano,533050,76075,14.27,0.61
2145,2021-01-09,PAB,612,326,286,76,28,422,74,12,0,0,612,0,ITH,ITH1,4,Provincia Autonoma Bolzano / Bozen,P.A. Bolzano,533050,76687,14.39,0.11
2146,2021-03-29,PAB,989,423,566,10,2,230,0,709,25,13,230,759,ITH,ITH1,4,Provincia Autonoma Bolzano / Bozen,P.A. Bolzano,533050,77676,14.57,0.19
2147,2021-03-19,PAB,1902,772,1130,158,53,562,15,1100,0,14,796,1106,ITH,ITH1,4,Provincia Autonoma Bolzano / Bozen,P.A. Bolzano,533050,79578,14.93,0.36
2148,2021-03-15,PAB,848,295,553,293,94,386,13,56,2,4,366,482,ITH,ITH1,4,Provincia Autonoma Bolzano / Bozen,P.A. Bolzano,533050,80426,15.09,0.16
2149,2021-02-25,PAB,1498,549,949,22,5,335,0,731,0,405,1497,1,ITH,ITH1,4,Provincia Autonoma Bolzano / Bozen,P.A. Bolzano,533050,81924,15.37,0.28
2150,2021-03-03,PAB,1166,391,775,12,5,9,6,345,51,738,1153,13,ITH,ITH1,4,Provincia Autonoma Bolzano / Bozen,P.A. Bolzano,533050,83090,15.59,0.22
2151,2021-03-20,PAB,1757,848,909,115,47,619,9,961,5,1,1132,625,ITH,ITH1,4,Provincia Autonoma Bolzano / Bozen,P.A. Bolzano,533050,84847,15.92,0.33
2152,2021-02-12,PAB,730,217,513,322,69,223,106,8,2,0,482,248,ITH,ITH1,4,Provincia Autonoma Bolzano / Bozen,P.A. Bolzano,533050,85577,16.05,0.14
2153,2021-02-22,PAB,526,143,383,342,66,103,0,5,0,10,514,12,ITH,ITH1,4,Provincia Autonoma Bolzano / Bozen,P.A. Bolzano,533050,86103,16.15,0.1
2154,2021-03-04,PAB,1703,998,705,301,79,527,39,40,455,262,1474,229,ITH,ITH1,4,Provincia Autonoma Bolzano / Bozen,P.A. Bolzano,533050,87806,16.47,0.32
2155,2021-01-08,PAB,1514,476,1038,787,167,291,168,101,0,0,1514,0,ITH,ITH1,4,Provincia Autonoma Bolzano / Bozen,P.A. Bolzano,533050,89320,16.76,0.28
2156,2021-02-19,PAB,1969,450,1519,121,139,111,80,7,0,1511,1958,11,ITH,ITH1,4,Provincia Autonoma Bolzano / Bozen,P.A. Bolzano,533050,91289,17.13,0.37
2157,2021-02-18,PAB,1646,401,1245,23,44,270,20,4,0,1285,1642,4,ITH,ITH1,4,Provincia Autonoma Bolzano / Bozen,P.A. Bolzano,533050,92935,17.43,0.31
2158,2020-12-31,PAB,911,518,393,477,61,373,0,0,0,0,911,0,ITH,ITH1,4,Provincia Autonoma Bolzano / Bozen,P.A. Bolzano,533050,93846,17.61,0.17
2159,2021-02-07,PAB,2360,1056,1304,102,75,379,68,1736,0,0,14,2346,ITH,ITH1,4,Provincia Autonoma Bolzano / Bozen,P.A. Bolzano,533050,96206,18.05,0.44
2160,2021-01-21,PAB,952,442,510,750,88,14,68,27,5,0,139,813,ITH,ITH1,4,Provincia Autonoma Bolzano / Bozen,P.A. Bolzano,533050,97158,18.23,0.18
2161,2021-03-25,PAB,2115,1049,1066,209,68,1405,32,299,56,46,1695,420,ITH,ITH1,4,Provincia Autonoma Bolzano / Bozen,P.A. Bolzano,533050,99273,18.62,0.4
2162,2021-03-23,PAB,1552,759,793,0,0,1246,0,215,57,34,1551,1,ITH,ITH1,4,Provincia Autonoma Bolzano / Bozen,P.A. Bolzano,533050,100825,18.91,0.29
2163,2021-03-24,PAB,2040,977,1063,13,11,1678,5,247,57,29,2027,13,ITH,ITH1,4,Provincia Autonoma Bolzano / Bozen,P.A. Bolzano,533050,102865,19.3,0.38
2164,2021-01-05,PAB,830,286,544,734,61,35,0,0,0,0,830,0,ITH,ITH1,4,Provincia Autonoma Bolzano / Bozen,P.A. Bolzano,533050,103695,19.45,0.16
2165,2020-12-27,PAB,144,65,79,139,2,2,0,1,0,0,144,0,ITH,ITH1,4,Provincia Autonoma Bolzano / Bozen,P.A. Bolzano,533050,103839,19.48,0.03
2166,2021-03-14,PAB,758,336,422,130,11,26,33,557,1,0,25,733,ITH,ITH1,4,Provincia Autonoma Bolzano / Bozen,P.A. Bolzano,533050,104597,19.62,0.14
2167,2021-01-30,PAB,498,245,253,217,44,136,101,0,0,0,4,494,ITH,ITH1,4,Provincia Autonoma Bolzano / Bozen,P.A. Bolzano,533050,105095,19.72,0.09
2168,2021-01-24,PAB,12,10,2,1,0,11,0,0,0,0,0,12,ITH,ITH1,4,Provincia Autonoma Bolzano / Bozen,P.A. Bolzano,533050,105107,19.72,0.0
2169,2021-02-17,PAB,4,1,3,1,0,2,0,1,0,0,2,2,ITH,ITH1,4,Provincia Autonoma Bolzano / Bozen,P.A. Bolzano,533050,105111,19.72,0.0
2170,2021-02-23,PAB,768,323,445,0,0,58,0,625,0,85,762,6,ITH,ITH1,4,Provincia Autonoma Bolzano / Bozen,P.A. Bolzano,533050,105879,19.86,0.14
2171,2021-03-28,PAB,569,212,357,45,38,15,0,469,0,2,11,558,ITH,ITH1,4,Provincia Autonoma Bolzano / Bozen,P.A. Bolzano,533050,106448,19.97,0.11
2172,2021-01-12,PAB,1709,459,1250,369,228,537,479,96,0,0,1709,0,ITH,ITH1,4,Provincia Autonoma Bolzano / Bozen,P.A. Bolzano,533050,108157,20.29,0.32
2173,2021-02-11,PAB,1055,411,644,213,56,266,104,416,0,0,239,816,ITH,ITH1,4,Provincia Autonoma Bolzano / Bozen,P.A. Bolzano,533050,109212,20.49,0.2
2174,2021-02-10,PAB,1635,604,1031,489,165,232,1,748,0,0,26,1609,ITH,ITH1,4,Provincia Autonoma Bolzano / Bozen,P.A. Bolzano,533050,110847,20.79,0.31
2175,2021-01-29,PAB,1496,510,986,882,282,31,295,2,0,4,23,1473,ITH,ITH1,4,Provincia Autonoma Bolzano / Bozen,P.A. Bolzano,533050,112343,21.08,0.28
2176,2021-03-18,PAB,1299,530,769,50,15,161,48,1025,0,0,223,1076,ITH,ITH1,4,Provincia Autonoma Bolzano / Bozen,P.A. Bolzano,533050,113642,21.32,0.24
2177,2021-03-12,PAB,1658,734,924,149,123,690,73,435,87,101,1251,407,ITH,ITH1,4,Provincia Autonoma Bolzano / Bozen,P.A. Bolzano,533050,115300,21.63,0.31
2178,2021-03-21,PAB,768,285,483,165,17,16,1,566,0,3,14,754,ITH,ITH1,4,Provincia Autonoma Bolzano / Bozen,P.A. Bolzano,533050,116068,21.77,0.14
2179,2021-01-13,PAB,1691,557,1134,446,309,501,270,165,0,0,1691,0,ITH,ITH1,4,Provincia Autonoma Bolzano / Bozen,P.A. Bolzano,533050,117759,22.09,0.32
2180,2021-03-31,PAB,1831,693,1138,420,300,647,16,426,6,16,818,1013,ITH,ITH1,4,Provincia Autonoma Bolzano / Bozen,P.A. Bolzano,533050,119590,22.44,0.34
2181,2021-03-08,PAB,1200,526,674,23,10,278,166,720,0,3,1173,27,ITH,ITH1,4,Provincia Autonoma Bolzano / Bozen,P.A. Bolzano,533050,120790,22.66,0.23
2182,2021-01-10,PAB,2,2,0,1,0,1,0,0,0,0,2,0,ITH,ITH1,4,Provincia Autonoma Bolzano / Bozen,P.A. Bolzano,533050,120792,22.66,0.0
2183,2021-04-08,PAB,2745,1334,1411,47,31,2472,118,74,1,2,2549,196,ITH,ITH1,4,Provincia Autonoma Bolzano / Bozen,P.A. Bolzano,533050,123537,23.18,0.51
2184,2021-03-02,PAB,684,194,490,1,0,0,0,0,7,676,684,0,ITH,ITH1,4,Provincia Autonoma Bolzano / Bozen,P.A. Bolzano,533050,124221,23.3,0.13
2185,2021-04-01,PAB,2781,1405,1376,238,95,1708,42,598,35,65,2638,143,ITH,ITH1,4,Provincia Autonoma Bolzano / Bozen,P.A. Bolzano,533050,127002,23.83,0.52
2186,2021-04-13,PAB,2391,1130,1261,23,3,2327,1,29,2,6,2383,8,ITH,ITH1,4,Provincia Autonoma Bolzano / Bozen,P.A. Bolzano,533050,129393,24.27,0.45
2187,2021-01-16,PAB,2820,1253,1567,435,93,269,77,1945,0,1,2820,0,ITH,ITH1,4,Provincia Autonoma Bolzano / Bozen,P.A. Bolzano,533050,132213,24.8,0.53
2188,2021-02-13,PAB,318,79,239,126,57,127,7,1,0,0,312,6,ITH,ITH1,4,Provincia Autonoma Bolzano / Bozen,P.A. Bolzano,533050,132531,24.86,0.06
2189,2021-02-24,PAB,1365,405,960,10,3,0,0,0,8,1344,1353,12,ITH,ITH1,4,Provincia Autonoma Bolzano / Bozen,P.A. Bolzano,533050,133896,25.12,0.26
2190,2021-03-09,PAB,1194,543,651,29,6,96,22,922,72,47,1192,2,ITH,ITH1,4,Provincia Autonoma Bolzano / Bozen,P.A. Bolzano,533050,135090,25.34,0.22
2191,2021-01-27,PAB,84,28,56,54,26,4,0,0,0,0,1,83,ITH,ITH1,4,Provincia Autonoma Bolzano / Bozen,P.A. Bolzano,533050,135174,25.36,0.02
2192,2021-02-15,PAB,72,42,30,17,2,8,40,5,0,0,26,46,ITH,ITH1,4,Provincia Autonoma Bolzano / Bozen,P.A. Bolzano,533050,135246,25.37,0.01
2193,2021-01-01,PAB,2,2,0,2,0,0,0,0,0,0,2,0,ITH,ITH1,4,Provincia Autonoma Bolzano / Bozen,P.A. Bolzano,533050,135248,25.37,0.0
2194,2021-01-20,PAB,617,252,365,287,51,22,0,257,0,0,409,208,ITH,ITH1,4,Provincia Autonoma Bolzano / Bozen,P.A. Bolzano,533050,135865,25.49,0.12
