,data,area,Vaccinazioni giornaliere,sesso_maschile,sesso_femminile,prima_dose,seconda_dose,pregressa_infezione,codice_NUTS1,codice_NUTS2,codice_regione_ISTAT,nome_area,Regione,popolazione,Totale vaccinazioni,Totale vaccinazioni ogni cento ab,Vaccinazioni giornaliere ogni cento ab
0,2021-04-16,LAZ,34582,15770,18812,21904,12243,435,ITI,ITI4,12,Lazio,Lazio,5879082,34582,0.59,0.59
1,2021-01-23,LAZ,7219,2871,4348,588,6631,0,ITI,ITI4,12,Lazio,Lazio,5879082,41801,0.71,0.12
2,2021-01-06,LAZ,5203,1991,3212,5083,0,120,ITI,ITI4,12,Lazio,Lazio,5879082,47004,0.8,0.09
3,2021-07-22,LAZ,61203,30579,30624,28452,31204,1547,ITI,ITI4,12,Lazio,Lazio,5879082,108207,1.84,1.04
4,2021-09-03,LAZ,26021,13578,12443,7325,18210,486,ITI,ITI4,12,Lazio,Lazio,5879082,134228,2.28,0.44
5,2021-05-17,LAZ,44657,20451,24206,35412,8633,612,ITI,ITI4,12,Lazio,Lazio,5879082,178885,3.04,0.76
6,2021-02-06,LAZ,6285,2567,3718,896,5385,4,ITI,ITI4,12,Lazio,Lazio,5879082,185170,3.15,0.11
7,2021-02-18,LAZ,10097,5022,5075,9105,882,110,ITI,ITI4,12,Lazio,Lazio,5879082,195267,3.32,0.17
8,2021-05-12,LAZ,47634,21627,26007,30239,16704,691,ITI,ITI4,12,Lazio,Lazio,5879082,242901,4.13,0.81
9,2021-02-01,LAZ,5687,2186,3501,352,5334,1,ITI,ITI4,12,Lazio,Lazio,5879082,248588,4.23,0.1
10,2021-05-26,LAZ,47695,21938,25757,34880,12165,650,ITI,ITI4,12,Lazio,Lazio,5879082,296283,5.04,0.81
11,2021-03-04,LAZ,19488,8757,10731,14187,5035,266,ITI,ITI4,12,Lazio,Lazio,5879082,315771,5.37,0.33
12,2021-06-12,LAZ,69966,32130,37836,39877,29430,659,ITI,ITI4,12,Lazio,Lazio,5879082,385737,6.56,1.19
13,2021-06-14,LAZ,63123,29581,33542,32325,30226,572,ITI,ITI4,12,Lazio,Lazio,5879082,448860,7.63,1.07
14,2021-03-21,LAZ,18296,7205,11091,13027,5071,198,ITI,ITI4,12,Lazio,Lazio,5879082,467156,7.95,0.31
15,2021-08-08,LAZ,50348,26069,24279,18012,31498,838,ITI,ITI4,12,Lazio,Lazio,5879082,517504,8.8,0.86
16,2021-06-26,LAZ,56254,26521,29733,24700,30950,604,ITI,ITI4,12,Lazio,Lazio,5879082,573758,9.76,0.96
17,2021-04-30,LAZ,41744,18498,23246,26621,14402,721,ITI,ITI4,12,Lazio,Lazio,5879082,615502,10.47,0.71
18,2021-08-22,LAZ,8774,5303,3471,2525,6160,89,ITI,ITI4,12,Lazio,Lazio,5879082,624276,10.62,0.15
19,2021-09-17,LAZ,9773,5120,4653,3643,5819,311,ITI,ITI4,12,Lazio,Lazio,5879082,634049,10.78,0.17
20,2021-02-20,LAZ,9228,4280,4948,8367,787,74,ITI,ITI4,12,Lazio,Lazio,5879082,643277,10.94,0.16
21,2021-05-31,LAZ,51827,23078,28749,30872,19933,1022,ITI,ITI4,12,Lazio,Lazio,5879082,695104,11.82,0.88
22,2021-04-04,LAZ,17671,8203,9468,12260,5294,117,ITI,ITI4,12,Lazio,Lazio,5879082,712775,12.12,0.3
23,2021-03-16,LAZ,13643,5781,7862,7041,6518,84,ITI,ITI4,12,Lazio,Lazio,5879082,726418,12.36,0.23
24,2021-03-09,LAZ,22062,9969,12093,16465,5233,364,ITI,ITI4,12,Lazio,Lazio,5879082,748480,12.73,0.38
25,2021-01-11,LAZ,5705,2174,3531,5560,0,145,ITI,ITI4,12,Lazio,Lazio,5879082,754185,12.83,0.1
26,2021-03-30,LAZ,27165,13215,13950,19562,7234,369,ITI,ITI4,12,Lazio,Lazio,5879082,781350,13.29,0.46
27,2021-07-08,LAZ,64390,31612,32778,28153,35538,699,ITI,ITI4,12,Lazio,Lazio,5879082,845740,14.39,1.1
28,2021-07-27,LAZ,56508,27458,29050,8118,48055,335,ITI,ITI4,12,Lazio,Lazio,5879082,902248,15.35,0.96
29,2021-04-18,LAZ,23873,10610,13263,15851,7705,317,ITI,ITI4,12,Lazio,Lazio,5879082,926121,15.75,0.41
30,2021-02-25,LAZ,12821,5612,7209,11399,1216,206,ITI,ITI4,12,Lazio,Lazio,5879082,938942,15.97,0.22
31,2021-06-05,LAZ,66430,32727,33703,42929,22813,688,ITI,ITI4,12,Lazio,Lazio,5879082,1005372,17.1,1.13
32,2021-02-11,LAZ,7080,3069,4011,6446,609,25,ITI,ITI4,12,Lazio,Lazio,5879082,1012452,17.22,0.12
33,2021-04-11,LAZ,19245,8537,10708,13118,5938,189,ITI,ITI4,12,Lazio,Lazio,5879082,1031697,17.55,0.33
34,2021-02-13,LAZ,6617,2628,3989,6146,424,47,ITI,ITI4,12,Lazio,Lazio,5879082,1038314,17.66,0.11
35,2021-07-20,LAZ,63466,31665,31801,28432,33782,1252,ITI,ITI4,12,Lazio,Lazio,5879082,1101780,18.74,1.08
36,2021-05-24,LAZ,44064,20217,23847,33546,9861,657,ITI,ITI4,12,Lazio,Lazio,5879082,1145844,19.49,0.75
37,2021-07-15,LAZ,45072,22069,23003,6688,37945,439,ITI,ITI4,12,Lazio,Lazio,5879082,1190916,20.26,0.77
38,2021-01-13,LAZ,5866,2244,3622,5704,0,162,ITI,ITI4,12,Lazio,Lazio,5879082,1196782,20.36,0.1
39,2021-04-23,LAZ,37993,18297,19696,22041,15415,537,ITI,ITI4,12,Lazio,Lazio,5879082,1234775,21.0,0.65
40,2021-08-03,LAZ,32551,16595,15956,5140,27206,205,ITI,ITI4,12,Lazio,Lazio,5879082,1267326,21.56,0.55
41,2021-01-30,LAZ,7024,2898,4126,815,6208,1,ITI,ITI4,12,Lazio,Lazio,5879082,1274350,21.68,0.12
42,2020-12-30,LAZ,1658,640,1018,1647,0,11,ITI,ITI4,12,Lazio,Lazio,5879082,1276008,21.7,0.03
43,2021-07-01,LAZ,48583,23240,25343,7168,41192,223,ITI,ITI4,12,Lazio,Lazio,5879082,1324591,22.53,0.83
44,2021-04-09,LAZ,27745,12636,15109,19123,8288,334,ITI,ITI4,12,Lazio,Lazio,5879082,1352336,23.0,0.47
45,2021-03-23,LAZ,25497,11974,13523,18482,6653,362,ITI,ITI4,12,Lazio,Lazio,5879082,1377833,23.44,0.43
46,2021-09-10,LAZ,11450,5882,5568,6116,4706,628,ITI,ITI4,12,Lazio,Lazio,5879082,1389283,23.63,0.19
47,2021-03-28,LAZ,19206,7841,11365,13535,5323,348,ITI,ITI4,12,Lazio,Lazio,5879082,1408489,23.96,0.33
48,2021-06-19,LAZ,66598,31421,35177,35275,30503,820,ITI,ITI4,12,Lazio,Lazio,5879082,1475087,25.09,1.13
49,2021-05-07,LAZ,48353,22668,25685,29784,17849,720,ITI,ITI4,12,Lazio,Lazio,5879082,1523440,25.91,0.82
50,2021-03-11,LAZ,25533,12047,13486,18866,6297,370,ITI,ITI4,12,Lazio,Lazio,5879082,1548973,26.35,0.43
51,2021-08-15,LAZ,1519,941,578,800,697,22,ITI,ITI4,12,Lazio,Lazio,5879082,1550492,26.37,0.03
52,2021-07-03,LAZ,53263,25083,28180,4637,48478,148,ITI,ITI4,12,Lazio,Lazio,5879082,1603755,27.28,0.91
53,2021-01-25,LAZ,8173,3287,4886,828,7345,0,ITI,ITI4,12,Lazio,Lazio,5879082,1611928,27.42,0.14
54,2021-05-05,LAZ,46875,21509,25366,30351,15894,630,ITI,ITI4,12,Lazio,Lazio,5879082,1658803,28.22,0.8
55,2021-03-02,LAZ,17268,7647,9621,13116,3957,195,ITI,ITI4,12,Lazio,Lazio,5879082,1676071,28.51,0.29
56,2021-01-18,LAZ,6392,2606,3786,5285,981,126,ITI,ITI4,12,Lazio,Lazio,5879082,1682463,28.62,0.11
57,2021-04-28,LAZ,33052,15082,17970,20911,11683,458,ITI,ITI4,12,Lazio,Lazio,5879082,1715515,29.18,0.56
58,2021-08-10,LAZ,51061,26411,24650,21579,28490,992,ITI,ITI4,12,Lazio,Lazio,5879082,1766576,30.05,0.87
59,2021-05-19,LAZ,47342,21749,25593,36477,10189,676,ITI,ITI4,12,Lazio,Lazio,5879082,1813918,30.85,0.81
60,2021-08-27,LAZ,30683,16096,14587,7610,22505,568,ITI,ITI4,12,Lazio,Lazio,5879082,1844601,31.38,0.52
61,2021-09-15,LAZ,12417,6282,6135,2944,9126,347,ITI,ITI4,12,Lazio,Lazio,5879082,1857018,31.59,0.21
62,2021-01-04,LAZ,7586,2944,4642,7480,0,106,ITI,ITI4,12,Lazio,Lazio,5879082,1864604,31.72,0.13
63,2021-06-24,LAZ,64094,30574,33520,28613,34817,664,ITI,ITI4,12,Lazio,Lazio,5879082,1928698,32.81,1.09
64,2021-06-07,LAZ,62695,29351,33344,32713,29375,607,ITI,ITI4,12,Lazio,Lazio,5879082,1991393,33.87,1.07
65,2021-08-29,LAZ,27441,13961,13480,8973,17874,594,ITI,ITI4,12,Lazio,Lazio,5879082,2018834,34.34,0.47
66,2021-04-01,LAZ,29815,14146,15669,22219,7187,409,ITI,ITI4,12,Lazio,Lazio,5879082,2048649,34.85,0.51
67,2021-07-10,LAZ,71163,35720,35443,25028,45461,674,ITI,ITI4,12,Lazio,Lazio,5879082,2119812,36.06,1.21
68,2021-07-24,LAZ,30786,15529,15257,3213,27415,158,ITI,ITI4,12,Lazio,Lazio,5879082,2150598,36.58,0.52
69,2021-01-03,LAZ,5350,2018,3332,5291,0,59,ITI,ITI4,12,Lazio,Lazio,5879082,2155948,36.67,0.09
70,2021-04-13,LAZ,25849,11983,13866,17635,7757,457,ITI,ITI4,12,Lazio,Lazio,5879082,2181797,37.11,0.44
71,2021-07-31,LAZ,56269,29580,26689,5514,50448,307,ITI,ITI4,12,Lazio,Lazio,5879082,2238066,38.07,0.96
72,2021-01-08,LAZ,7969,2988,4981,7772,0,197,ITI,ITI4,12,Lazio,Lazio,5879082,2246035,38.2,0.14
73,2021-02-15,LAZ,8054,3553,4501,7309,654,91,ITI,ITI4,12,Lazio,Lazio,5879082,2254089,38.34,0.14
74,2021-01-29,LAZ,8419,3205,5214,930,7487,2,ITI,ITI4,12,Lazio,Lazio,5879082,2262508,38.48,0.14
75,2021-09-05,LAZ,10097,5166,4931,6570,3085,442,ITI,ITI4,12,Lazio,Lazio,5879082,2272605,38.66,0.17
76,2021-02-17,LAZ,9234,4627,4607,8263,899,72,ITI,ITI4,12,Lazio,Lazio,5879082,2281839,38.81,0.16
77,2021-05-28,LAZ,57287,26649,30638,43149,13354,784,ITI,ITI4,12,Lazio,Lazio,5879082,2339126,39.79,0.97
78,2021-08-19,LAZ,9304,5336,3968,3011,6183,110,ITI,ITI4,12,Lazio,Lazio,5879082,2348430,39.95,0.16
79,2021-07-19,LAZ,63214,31081,32133,28296,33772,1146,ITI,ITI4,12,Lazio,Lazio,5879082,2411644,41.02,1.08
80,2021-01-15,LAZ,6725,2772,3953,6554,0,171,ITI,ITI4,12,Lazio,Lazio,5879082,2418369,41.14,0.11
81,2021-04-25,LAZ,24582,11280,13302,16374,7876,332,ITI,ITI4,12,Lazio,Lazio,5879082,2442951,41.55,0.42
82,2021-02-03,LAZ,6501,2495,4006,962,5532,7,ITI,ITI4,12,Lazio,Lazio,5879082,2449452,41.66,0.11
83,2021-01-20,LAZ,4839,1961,2878,3287,1547,5,ITI,ITI4,12,Lazio,Lazio,5879082,2454291,41.75,0.08
84,2021-05-14,LAZ,51663,23608,28055,32420,18426,817,ITI,ITI4,12,Lazio,Lazio,5879082,2505954,42.62,0.88
85,2021-03-18,LAZ,14317,6116,8201,7776,6449,92,ITI,ITI4,12,Lazio,Lazio,5879082,2520271,42.87,0.24
86,2021-06-09,LAZ,70560,33425,37135,35978,33928,654,ITI,ITI4,12,Lazio,Lazio,5879082,2590831,44.07,1.2
87,2021-04-27,LAZ,30853,13934,16919,19375,11025,453,ITI,ITI4,12,Lazio,Lazio,5879082,2621684,44.59,0.52
88,2021-03-01,LAZ,17144,7373,9771,12986,3896,262,ITI,ITI4,12,Lazio,Lazio,5879082,2638828,44.89,0.29
89,2021-08-05,LAZ,33699,17500,16199,22017,10639,1043,ITI,ITI4,12,Lazio,Lazio,5879082,2672527,45.46,0.57
90,2021-06-23,LAZ,62386,29391,32995,28429,33452,505,ITI,ITI4,12,Lazio,Lazio,5879082,2734913,46.52,1.06
91,2021-04-15,LAZ,32062,14358,17704,20616,10939,507,ITI,ITI4,12,Lazio,Lazio,5879082,2766975,47.06,0.55
92,2021-08-26,LAZ,32206,16707,15499,8225,23418,563,ITI,ITI4,12,Lazio,Lazio,5879082,2799181,47.61,0.55
93,2021-02-10,LAZ,8263,3460,4803,4849,3409,5,ITI,ITI4,12,Lazio,Lazio,5879082,2807444,47.75,0.14
94,2021-05-21,LAZ,52160,25100,27060,37304,14149,707,ITI,ITI4,12,Lazio,Lazio,5879082,2859604,48.64,0.89
95,2021-06-04,LAZ,62106,30281,31825,43557,17882,667,ITI,ITI4,12,Lazio,Lazio,5879082,2921710,49.7,1.06
96,2021-09-12,LAZ,7474,3745,3729,4782,2154,538,ITI,ITI4,12,Lazio,Lazio,5879082,2929184,49.82,0.13
97,2021-05-04,LAZ,40319,18545,21774,26051,13743,525,ITI,ITI4,12,Lazio,Lazio,5879082,2969503,50.51,0.69
98,2021-06-21,LAZ,62059,28836,33223,28492,32948,619,ITI,ITI4,12,Lazio,Lazio,5879082,3031562,51.57,1.06
99,2021-03-13,LAZ,21859,8761,13098,15698,5922,239,ITI,ITI4,12,Lazio,Lazio,5879082,3053421,51.94,0.37
100,2021-09-14,LAZ,18271,9077,9194,7310,10068,893,ITI,ITI4,12,Lazio,Lazio,5879082,3071692,52.25,0.31
101,2021-07-29,LAZ,56102,28584,27518,7659,48058,385,ITI,ITI4,12,Lazio,Lazio,5879082,3127794,53.2,0.95
102,2021-01-01,LAZ,3604,1398,2206,3564,0,40,ITI,ITI4,12,Lazio,Lazio,5879082,3131398,53.26,0.06
103,2021-01-10,LAZ,4136,1739,2397,4069,0,67,ITI,ITI4,12,Lazio,Lazio,5879082,3135534,53.33,0.07
104,2021-06-16,LAZ,64781,31115,33666,32071,32062,648,ITI,ITI4,12,Lazio,Lazio,5879082,3200315,54.44,1.1
105,2021-04-06,LAZ,24671,11297,13374,17141,7195,335,ITI,ITI4,12,Lazio,Lazio,5879082,3224986,54.86,0.42
106,2020-12-27,LAZ,276,132,144,276,0,0,ITI,ITI4,12,Lazio,Lazio,5879082,3225262,54.86,0.0
107,2021-03-20,LAZ,19285,7677,11608,13091,5923,271,ITI,ITI4,12,Lazio,Lazio,5879082,3244547,55.19,0.33
108,2021-07-17,LAZ,43959,22172,21787,2172,41680,107,ITI,ITI4,12,Lazio,Lazio,5879082,3288506,55.94,0.75
109,2021-06-30,LAZ,63051,29675,33376,29749,32746,556,ITI,ITI4,12,Lazio,Lazio,5879082,3351557,57.01,1.07
110,2021-04-08,LAZ,26909,12337,14572,18756,7734,419,ITI,ITI4,12,Lazio,Lazio,5879082,3378466,57.47,0.46
111,2021-03-25,LAZ,29558,13737,15821,22382,6695,481,ITI,ITI4,12,Lazio,Lazio,5879082,3408024,57.97,0.5
112,2021-02-22,LAZ,11523,5028,6495,10813,554,156,ITI,ITI4,12,Lazio,Lazio,5879082,3419547,58.16,0.2
113,2021-06-02,LAZ,43557,21616,21941,31440,11553,564,ITI,ITI4,12,Lazio,Lazio,5879082,3463104,58.91,0.74
114,2021-06-11,LAZ,69847,32864,36983,36665,32506,676,ITI,ITI4,12,Lazio,Lazio,5879082,3532951,60.09,1.19
115,2021-08-07,LAZ,35040,18980,16060,21991,11920,1129,ITI,ITI4,12,Lazio,Lazio,5879082,3567991,60.69,0.6
116,2021-02-08,LAZ,9762,4170,5592,4506,5254,2,ITI,ITI4,12,Lazio,Lazio,5879082,3577753,60.86,0.17
117,2021-05-02,LAZ,32949,14467,18482,22936,9482,531,ITI,ITI4,12,Lazio,Lazio,5879082,3610702,61.42,0.56
118,2021-01-22,LAZ,4036,1653,2383,520,3516,0,ITI,ITI4,12,Lazio,Lazio,5879082,3614738,61.48,0.07
119,2021-02-27,LAZ,11544,4336,7208,10351,1052,141,ITI,ITI4,12,Lazio,Lazio,5879082,3626282,61.68,0.2
120,2021-08-12,LAZ,48060,24890,23170,20822,26248,990,ITI,ITI4,12,Lazio,Lazio,5879082,3674342,62.5,0.82
121,2021-02-24,LAZ,12111,5237,6874,10937,1044,130,ITI,ITI4,12,Lazio,Lazio,5879082,3686453,62.7,0.21
122,2021-07-07,LAZ,62731,31068,31663,28375,33748,608,ITI,ITI4,12,Lazio,Lazio,5879082,3749184,63.77,1.07
123,2021-03-29,LAZ,25616,12171,13445,18207,7092,317,ITI,ITI4,12,Lazio,Lazio,5879082,3774800,64.21,0.44
124,2021-04-20,LAZ,31192,14312,16880,19364,11386,442,ITI,ITI4,12,Lazio,Lazio,5879082,3805992,64.74,0.53
125,2021-03-08,LAZ,20969,9110,11859,15352,5315,302,ITI,ITI4,12,Lazio,Lazio,5879082,3826961,65.09,0.36
126,2021-04-22,LAZ,39257,19527,19730,23804,14764,689,ITI,ITI4,12,Lazio,Lazio,5879082,3866218,65.76,0.67
127,2021-03-10,LAZ,23398,10693,12705,17343,5692,363,ITI,ITI4,12,Lazio,Lazio,5879082,3889616,66.16,0.4
128,2021-01-12,LAZ,5551,2048,3503,5408,0,143,ITI,ITI4,12,Lazio,Lazio,5879082,3895167,66.25,0.09
129,2021-06-18,LAZ,64477,31062,33415,30296,33414,767,ITI,ITI4,12,Lazio,Lazio,5879082,3959644,67.35,1.1
130,2021-03-17,LAZ,13885,5953,7932,7459,6306,120,ITI,ITI4,12,Lazio,Lazio,5879082,3973529,67.59,0.24
131,2021-06-25,LAZ,63474,30659,32815,28120,34745,609,ITI,ITI4,12,Lazio,Lazio,5879082,4037003,68.67,1.08
132,2021-06-27,LAZ,47273,21622,25651,20563,26204,506,ITI,ITI4,12,Lazio,Lazio,5879082,4084276,69.47,0.8
133,2021-08-23,LAZ,22784,12412,10372,16329,5456,999,ITI,ITI4,12,Lazio,Lazio,5879082,4107060,69.86,0.39
134,2021-01-27,LAZ,6190,2417,3773,1061,5129,0,ITI,ITI4,12,Lazio,Lazio,5879082,4113250,69.96,0.11
135,2021-06-01,LAZ,49181,23733,25448,30075,18611,495,ITI,ITI4,12,Lazio,Lazio,5879082,4162431,70.8,0.84
136,2021-04-05,LAZ,19991,9157,10834,13614,6221,156,ITI,ITI4,12,Lazio,Lazio,5879082,4182422,71.14,0.34
137,2021-09-09,LAZ,12244,6240,6004,6239,5452,553,ITI,ITI4,12,Lazio,Lazio,5879082,4194666,71.35,0.21
138,2021-07-28,LAZ,58360,29818,28542,8638,49361,361,ITI,ITI4,12,Lazio,Lazio,5879082,4253026,72.34,0.99
139,2021-05-25,LAZ,47655,22375,25280,35314,11743,598,ITI,ITI4,12,Lazio,Lazio,5879082,4300681,73.15,0.81
140,2021-09-02,LAZ,26245,13475,12770,7960,17835,450,ITI,ITI4,12,Lazio,Lazio,5879082,4326926,73.6,0.45
141,2021-05-06,LAZ,48905,22790,26115,30534,17636,735,ITI,ITI4,12,Lazio,Lazio,5879082,4375831,74.43,0.83
142,2021-08-14,LAZ,2540,1436,1104,990,1516,34,ITI,ITI4,12,Lazio,Lazio,5879082,4378371,74.47,0.04
143,2021-08-16,LAZ,3705,2043,1662,2051,1592,62,ITI,ITI4,12,Lazio,Lazio,5879082,4382076,74.54,0.06
144,2021-07-02,LAZ,48580,23278,25302,6605,41783,192,ITI,ITI4,12,Lazio,Lazio,5879082,4430656,75.36,0.83
145,2021-09-07,LAZ,13222,6705,6517,6944,5818,460,ITI,ITI4,12,Lazio,Lazio,5879082,4443878,75.59,0.22
146,2021-03-06,LAZ,18413,7101,11312,13897,4284,232,ITI,ITI4,12,Lazio,Lazio,5879082,4462291,75.9,0.31
147,2021-05-20,LAZ,51961,25077,26884,37223,14006,732,ITI,ITI4,12,Lazio,Lazio,5879082,4514252,76.78,0.88
148,2021-08-28,LAZ,32632,17039,15593,10981,20903,748,ITI,ITI4,12,Lazio,Lazio,5879082,4546884,77.34,0.56
149,2021-06-20,LAZ,55348,25456,29892,29597,24977,774,ITI,ITI4,12,Lazio,Lazio,5879082,4602232,78.28,0.94
150,2021-06-06,LAZ,58299,28108,30191,35138,22553,608,ITI,ITI4,12,Lazio,Lazio,5879082,4660531,79.27,0.99
151,2021-02-26,LAZ,13202,5761,7441,11543,1472,187,ITI,ITI4,12,Lazio,Lazio,5879082,4673733,79.5,0.22
152,2021-04-12,LAZ,23954,10803,13151,16655,6969,330,ITI,ITI4,12,Lazio,Lazio,5879082,4697687,79.91,0.41
153,2021-09-16,LAZ,10785,5516,5269,3412,7047,326,ITI,ITI4,12,Lazio,Lazio,5879082,4708472,80.09,0.18
154,2021-07-21,LAZ,63750,32620,31130,29489,32872,1389,ITI,ITI4,12,Lazio,Lazio,5879082,4772222,81.17,1.08
155,2021-06-08,LAZ,66850,31913,34937,36148,30037,665,ITI,ITI4,12,Lazio,Lazio,5879082,4839072,82.31,1.14
156,2021-07-14,LAZ,42227,20587,21640,6179,35679,369,ITI,ITI4,12,Lazio,Lazio,5879082,4881299,83.03,0.72
157,2021-01-09,LAZ,6427,2618,3809,6314,0,113,ITI,ITI4,12,Lazio,Lazio,5879082,4887726,83.14,0.11
158,2021-04-19,LAZ,30185,13728,16457,18945,10756,484,ITI,ITI4,12,Lazio,Lazio,5879082,4917911,83.65,0.51
159,2021-02-21,LAZ,7000,3184,3816,6482,468,50,ITI,ITI4,12,Lazio,Lazio,5879082,4924911,83.77,0.12
160,2021-03-22,LAZ,23442,10578,12864,16353,6750,339,ITI,ITI4,12,Lazio,Lazio,5879082,4948353,84.17,0.4
161,2020-12-29,LAZ,498,182,316,494,0,4,ITI,ITI4,12,Lazio,Lazio,5879082,4948851,84.18,0.01
162,2021-01-31,LAZ,4466,1858,2608,481,3985,0,ITI,ITI4,12,Lazio,Lazio,5879082,4953317,84.25,0.08
163,2021-05-11,LAZ,48411,22233,26178,31129,16604,678,ITI,ITI4,12,Lazio,Lazio,5879082,5001728,85.08,0.82
164,2021-07-16,LAZ,44489,21451,23038,3320,40980,189,ITI,ITI4,12,Lazio,Lazio,5879082,5046217,85.83,0.76
165,2021-04-24,LAZ,33594,15161,18433,20128,12922,544,ITI,ITI4,12,Lazio,Lazio,5879082,5079811,86.4,0.57
166,2021-08-02,LAZ,37664,19693,17971,6566,30863,235,ITI,ITI4,12,Lazio,Lazio,5879082,5117475,87.05,0.64
167,2021-03-15,LAZ,21045,9882,11163,13999,6779,267,ITI,ITI4,12,Lazio,Lazio,5879082,5138520,87.4,0.36
168,2021-01-05,LAZ,7457,2833,4624,7354,0,103,ITI,ITI4,12,Lazio,Lazio,5879082,5145977,87.53,0.13
169,2021-01-24,LAZ,5705,2232,3473,619,5086,0,ITI,ITI4,12,Lazio,Lazio,5879082,5151682,87.63,0.1
170,2021-02-07,LAZ,4977,2052,2925,411,4565,1,ITI,ITI4,12,Lazio,Lazio,5879082,5156659,87.71,0.08
171,2021-05-18,LAZ,45135,20654,24481,34893,9630,612,ITI,ITI4,12,Lazio,Lazio,5879082,5201794,88.48,0.77
172,2021-02-04,LAZ,6476,2582,3894,1146,5329,1,ITI,ITI4,12,Lazio,Lazio,5879082,5208270,88.59,0.11
173,2021-08-25,LAZ,31770,16678,15092,9858,21302,610,ITI,ITI4,12,Lazio,Lazio,5879082,5240040,89.13,0.54
174,2021-07-09,LAZ,65109,31416,33693,27598,36745,766,ITI,ITI4,12,Lazio,Lazio,5879082,5305149,90.24,1.11
175,2021-05-01,LAZ,38276,17211,21065,25702,12087,487,ITI,ITI4,12,Lazio,Lazio,5879082,5343425,90.89,0.65
176,2021-04-17,LAZ,32498,14255,18243,19960,12072,466,ITI,ITI4,12,Lazio,Lazio,5879082,5375923,91.44,0.55
177,2021-07-26,LAZ,50919,25084,25835,6623,43973,323,ITI,ITI4,12,Lazio,Lazio,5879082,5426842,92.31,0.87
178,2021-09-04,LAZ,14284,7268,7016,9629,3919,736,ITI,ITI4,12,Lazio,Lazio,5879082,5441126,92.55,0.24
179,2021-06-13,LAZ,58473,26239,32234,33066,24883,524,ITI,ITI4,12,Lazio,Lazio,5879082,5499599,93.55,0.99
180,2021-03-07,LAZ,14179,5488,8691,10328,3632,219,ITI,ITI4,12,Lazio,Lazio,5879082,5513778,93.79,0.24
181,2021-06-15,LAZ,66264,32034,34230,33371,32311,582,ITI,ITI4,12,Lazio,Lazio,5879082,5580042,94.91,1.13
182,2021-03-24,LAZ,27998,13153,14845,21309,6280,409,ITI,ITI4,12,Lazio,Lazio,5879082,5608040,95.39,0.48
183,2021-09-06,LAZ,14423,7365,7058,7898,5921,604,ITI,ITI4,12,Lazio,Lazio,5879082,5622463,95.64,0.25
184,2021-08-20,LAZ,8434,4751,3683,2114,6220,100,ITI,ITI4,12,Lazio,Lazio,5879082,5630897,95.78,0.14
185,2021-05-29,LAZ,52119,23452,28667,40194,11061,864,ITI,ITI4,12,Lazio,Lazio,5879082,5683016,96.67,0.89
186,2021-02-14,LAZ,5809,2383,3426,5299,479,31,ITI,ITI4,12,Lazio,Lazio,5879082,5688825,96.76,0.1
187,2021-02-28,LAZ,10294,4042,6252,9648,545,101,ITI,ITI4,12,Lazio,Lazio,5879082,5699119,96.94,0.18
188,2021-01-02,LAZ,6844,2682,4162,6764,0,80,ITI,ITI4,12,Lazio,Lazio,5879082,5705963,97.06,0.12
189,2021-08-21,LAZ,10214,5873,4341,3211,6899,104,ITI,ITI4,12,Lazio,Lazio,5879082,5716177,97.23,0.17
190,2021-05-30,LAZ,41289,17663,23626,33244,7381,664,ITI,ITI4,12,Lazio,Lazio,5879082,5757466,97.93,0.7
191,2021-05-13,LAZ,50305,22618,27687,31652,17896,757,ITI,ITI4,12,Lazio,Lazio,5879082,5807771,98.79,0.86
192,2021-08-04,LAZ,48138,24274,23864,20770,26673,695,ITI,ITI4,12,Lazio,Lazio,5879082,5855909,99.61,0.82
193,2021-01-17,LAZ,4961,2052,2909,4683,213,65,ITI,ITI4,12,Lazio,Lazio,5879082,5860870,99.69,0.08
194,2021-01-19,LAZ,4791,1969,2822,4334,454,3,ITI,ITI4,12,Lazio,Lazio,5879082,5865661,99.77,0.08
195,2021-04-29,LAZ,38872,17358,21514,24801,13393,678,ITI,ITI4,12,Lazio,Lazio,5879082,5904533,100.43,0.66
196,2021-03-03,LAZ,17923,7900,10023,13338,4320,265,ITI,ITI4,12,Lazio,Lazio,5879082,5922456,100.74,0.3
197,2021-08-09,LAZ,52725,26783,25942,21945,29703,1077,ITI,ITI4,12,Lazio,Lazio,5879082,5975181,101.63,0.9
198,2021-08-11,LAZ,49028,25719,23309,20476,27671,881,ITI,ITI4,12,Lazio,Lazio,5879082,6024209,102.47,0.83
199,2021-05-03,LAZ,39655,17907,21748,26178,12797,680,ITI,ITI4,12,Lazio,Lazio,5879082,6063864,103.14,0.67
200,2021-07-25,LAZ,24674,12149,12525,2081,22543,50,ITI,ITI4,12,Lazio,Lazio,5879082,6088538,103.56,0.42
201,2021-06-22,LAZ,62877,29091,33786,28586,33563,728,ITI,ITI4,12,Lazio,Lazio,5879082,6151415,104.63,1.07
202,2021-03-14,LAZ,17304,6781,10523,11853,5184,267,ITI,ITI4,12,Lazio,Lazio,5879082,6168719,104.93,0.29
203,2021-09-13,LAZ,18621,9500,9121,5415,12497,709,ITI,ITI4,12,Lazio,Lazio,5879082,6187340,105.24,0.32
204,2021-05-22,LAZ,55237,27070,28167,43675,10719,843,ITI,ITI4,12,Lazio,Lazio,5879082,6242577,106.18,0.94
205,2021-08-30,LAZ,30584,15449,15135,9950,19938,696,ITI,ITI4,12,Lazio,Lazio,5879082,6273161,106.7,0.52
206,2021-05-15,LAZ,57526,27479,30047,40048,16598,880,ITI,ITI4,12,Lazio,Lazio,5879082,6330687,107.68,0.98
207,2021-03-19,LAZ,17523,7603,9920,10992,6370,161,ITI,ITI4,12,Lazio,Lazio,5879082,6348210,107.98,0.3
208,2021-09-01,LAZ,26481,13571,12910,8129,17824,528,ITI,ITI4,12,Lazio,Lazio,5879082,6374691,108.43,0.45
209,2021-08-01,LAZ,39838,21241,18597,5733,33792,313,ITI,ITI4,12,Lazio,Lazio,5879082,6414529,109.11,0.68
210,2021-05-10,LAZ,44529,20366,24163,30360,13459,710,ITI,ITI4,12,Lazio,Lazio,5879082,6459058,109.87,0.76
211,2021-08-18,LAZ,9525,5508,4017,3265,6141,119,ITI,ITI4,12,Lazio,Lazio,5879082,6468583,110.03,0.16
212,2021-05-27,LAZ,58587,27265,31322,43960,13835,792,ITI,ITI4,12,Lazio,Lazio,5879082,6527170,111.02,1.0
213,2021-03-05,LAZ,19628,8697,10931,14615,4767,246,ITI,ITI4,12,Lazio,Lazio,5879082,6546798,111.36,0.33
214,2021-02-16,LAZ,8376,4045,4331,7702,630,44,ITI,ITI4,12,Lazio,Lazio,5879082,6555174,111.5,0.14
215,2021-03-12,LAZ,24160,11173,12987,17368,6421,371,ITI,ITI4,12,Lazio,Lazio,5879082,6579334,111.91,0.41
216,2021-08-13,LAZ,43661,22699,20962,20102,22468,1091,ITI,ITI4,12,Lazio,Lazio,5879082,6622995,112.65,0.74
217,2021-02-09,LAZ,8858,3808,5050,4579,4272,7,ITI,ITI4,12,Lazio,Lazio,5879082,6631853,112.8,0.15
218,2021-02-23,LAZ,11120,4796,6324,10209,780,131,ITI,ITI4,12,Lazio,Lazio,5879082,6642973,112.99,0.19
219,2021-06-29,LAZ,59538,28291,31247,27730,31204,604,ITI,ITI4,12,Lazio,Lazio,5879082,6702511,114.01,1.01
220,2021-01-14,LAZ,5670,2236,3434,5495,0,175,ITI,ITI4,12,Lazio,Lazio,5879082,6708181,114.1,0.1
221,2021-04-07,LAZ,26058,12201,13857,18341,7338,379,ITI,ITI4,12,Lazio,Lazio,5879082,6734239,114.55,0.44
222,2020-12-28,LAZ,961,414,547,956,0,5,ITI,ITI4,12,Lazio,Lazio,5879082,6735200,114.56,0.02
223,2021-01-16,LAZ,5782,2338,3444,5634,0,148,ITI,ITI4,12,Lazio,Lazio,5879082,6740982,114.66,0.1
224,2021-04-26,LAZ,29360,13511,15849,19539,9311,510,ITI,ITI4,12,Lazio,Lazio,5879082,6770342,115.16,0.5
225,2021-02-02,LAZ,5921,2219,3702,639,5279,3,ITI,ITI4,12,Lazio,Lazio,5879082,6776263,115.26,0.1
226,2021-07-18,LAZ,58415,29741,28674,22761,34842,812,ITI,ITI4,12,Lazio,Lazio,5879082,6834678,116.25,0.99
227,2021-01-26,LAZ,7989,3134,4855,741,7248,0,ITI,ITI4,12,Lazio,Lazio,5879082,6842667,116.39,0.14
228,2021-04-02,LAZ,29576,14189,15387,21749,7411,416,ITI,ITI4,12,Lazio,Lazio,5879082,6872243,116.89,0.5
229,2021-07-11,LAZ,44173,22278,21895,3747,40267,159,ITI,ITI4,12,Lazio,Lazio,5879082,6916416,117.64,0.75
230,2021-01-28,LAZ,8340,3188,5152,836,7503,1,ITI,ITI4,12,Lazio,Lazio,5879082,6924756,117.79,0.14
231,2021-07-04,LAZ,46637,21716,24921,4116,42430,91,ITI,ITI4,12,Lazio,Lazio,5879082,6971393,118.58,0.79
232,2021-05-08,LAZ,45524,20786,24738,29315,15475,734,ITI,ITI4,12,Lazio,Lazio,5879082,7016917,119.35,0.77
233,2021-09-08,LAZ,12242,6303,5939,6788,4875,579,ITI,ITI4,12,Lazio,Lazio,5879082,7029159,119.56,0.21
234,2021-07-13,LAZ,42773,20972,21801,5492,36932,349,ITI,ITI4,12,Lazio,Lazio,5879082,7071932,120.29,0.73
235,2021-03-26,LAZ,30398,14089,16309,23000,6926,472,ITI,ITI4,12,Lazio,Lazio,5879082,7102330,120.81,0.52
236,2021-07-06,LAZ,62650,30404,32246,28548,33594,508,ITI,ITI4,12,Lazio,Lazio,5879082,7164980,121.87,1.07
237,2021-01-21,LAZ,5743,2415,3328,631,5112,0,ITI,ITI4,12,Lazio,Lazio,5879082,7170723,121.97,0.1
238,2021-03-31,LAZ,27918,13510,14408,20402,7162,354,ITI,ITI4,12,Lazio,Lazio,5879082,7198641,122.44,0.47
239,2021-01-07,LAZ,7942,2982,4960,7785,0,157,ITI,ITI4,12,Lazio,Lazio,5879082,7206583,122.58,0.14
240,2021-03-27,LAZ,26570,10812,15758,19490,6528,552,ITI,ITI4,12,Lazio,Lazio,5879082,7233153,123.03,0.45
241,2021-08-31,LAZ,31132,15403,15729,11613,18573,946,ITI,ITI4,12,Lazio,Lazio,5879082,7264285,123.56,0.53
242,2021-07-05,LAZ,61758,29730,32028,25584,35092,1082,ITI,ITI4,12,Lazio,Lazio,5879082,7326043,124.61,1.05
243,2021-05-23,LAZ,47193,22900,24293,39126,7420,647,ITI,ITI4,12,Lazio,Lazio,5879082,7373236,125.41,0.8
244,2021-05-09,LAZ,37578,17274,20304,25762,11316,500,ITI,ITI4,12,Lazio,Lazio,5879082,7410814,126.05,0.64
245,2021-08-17,LAZ,8224,4791,3433,3955,4173,96,ITI,ITI4,12,Lazio,Lazio,5879082,7419038,126.19,0.14
246,2021-07-12,LAZ,41467,20735,20732,5848,35382,237,ITI,ITI4,12,Lazio,Lazio,5879082,7460505,126.9,0.71
247,2021-05-16,LAZ,51031,24575,26456,36908,13523,600,ITI,ITI4,12,Lazio,Lazio,5879082,7511536,127.77,0.87
248,2021-08-24,LAZ,18872,10086,8786,11755,6398,719,ITI,ITI4,12,Lazio,Lazio,5879082,7530408,128.09,0.32
249,2021-06-28,LAZ,58983,28203,30780,27475,31046,462,ITI,ITI4,12,Lazio,Lazio,5879082,7589391,129.09,1.0
250,2021-02-12,LAZ,6902,2883,4019,6376,444,82,ITI,ITI4,12,Lazio,Lazio,5879082,7596293,129.21,0.12
251,2020-12-31,LAZ,5378,2153,3225,5318,0,60,ITI,ITI4,12,Lazio,Lazio,5879082,7601671,129.3,0.09
252,2021-09-11,LAZ,12382,6126,6256,8311,3187,884,ITI,ITI4,12,Lazio,Lazio,5879082,7614053,129.51,0.21
253,2021-04-10,LAZ,23959,10427,13532,16472,7212,275,ITI,ITI4,12,Lazio,Lazio,5879082,7638012,129.92,0.41
254,2021-02-05,LAZ,7343,3004,4339,1216,6123,4,ITI,ITI4,12,Lazio,Lazio,5879082,7645355,130.04,0.12
255,2021-04-03,LAZ,24867,11231,13636,17887,6748,232,ITI,ITI4,12,Lazio,Lazio,5879082,7670222,130.47,0.42
256,2021-02-19,LAZ,10102,5106,4996,9078,874,150,ITI,ITI4,12,Lazio,Lazio,5879082,7680324,130.64,0.17
257,2021-06-17,LAZ,67096,32293,34803,31804,34556,736,ITI,ITI4,12,Lazio,Lazio,5879082,7747420,131.78,1.14
258,2021-04-21,LAZ,33189,15086,18103,20238,12508,443,ITI,ITI4,12,Lazio,Lazio,5879082,7780609,132.34,0.56
259,2021-07-30,LAZ,56094,29088,27006,7450,48282,362,ITI,ITI4,12,Lazio,Lazio,5879082,7836703,133.3,0.95
260,2021-06-03,LAZ,56934,28764,28170,38284,17904,746,ITI,ITI4,12,Lazio,Lazio,5879082,7893637,134.27,0.97
261,2021-08-06,LAZ,33689,17722,15967,22413,10209,1067,ITI,ITI4,12,Lazio,Lazio,5879082,7927326,134.84,0.57
262,2021-06-10,LAZ,72306,34174,38132,37304,34130,872,ITI,ITI4,12,Lazio,Lazio,5879082,7999632,136.07,1.23
263,2021-04-14,LAZ,29406,13329,16077,18830,10224,352,ITI,ITI4,12,Lazio,Lazio,5879082,8029038,136.57,0.5
264,2021-07-23,LAZ,58518,29351,29167,26780,29953,1785,ITI,ITI4,12,Lazio,Lazio,5879082,8087556,137.56,1.0
265,2021-06-21,EMR,37599,19008,18591,16078,20895,626,ITH,ITH5,8,Emilia-Romagna,Emilia-Romagna,4459477,37599,0.84,0.84
266,2021-07-08,EMR,41353,20601,20752,4726,36208,419,ITH,ITH5,8,Emilia-Romagna,Emilia-Romagna,4459477,78952,1.77,0.93
267,2021-03-30,EMR,23352,10341,13011,17993,5043,316,ITH,ITH5,8,Emilia-Romagna,Emilia-Romagna,4459477,102304,2.29,0.52
268,2021-07-22,EMR,40389,21557,18832,15236,24210,943,ITH,ITH5,8,Emilia-Romagna,Emilia-Romagna,4459477,142693,3.2,0.91
269,2021-01-04,EMR,7312,2526,4786,7309,0,3,ITH,ITH5,8,Emilia-Romagna,Emilia-Romagna,4459477,150005,3.36,0.16
270,2021-02-18,EMR,7048,2895,4153,6442,590,16,ITH,ITH5,8,Emilia-Romagna,Emilia-Romagna,4459477,157053,3.52,0.16
271,2021-09-17,EMR,10526,5772,4754,2470,7802,254,ITH,ITH5,8,Emilia-Romagna,Emilia-Romagna,4459477,167579,3.76,0.24
272,2021-09-15,EMR,19933,10606,9327,4618,14726,589,ITH,ITH5,8,Emilia-Romagna,Emilia-Romagna,4459477,187512,4.2,0.45
273,2021-06-07,EMR,40577,20828,19749,33443,6268,866,ITH,ITH5,8,Emilia-Romagna,Emilia-Romagna,4459477,228089,5.11,0.91
274,2021-08-03,EMR,38522,20276,18246,15574,22296,652,ITH,ITH5,8,Emilia-Romagna,Emilia-Romagna,4459477,266611,5.98,0.86
275,2021-08-17,EMR,22387,12303,10084,14500,6860,1027,ITH,ITH5,8,Emilia-Romagna,Emilia-Romagna,4459477,288998,6.48,0.5
276,2021-09-03,EMR,23756,12783,10973,6308,16839,609,ITH,ITH5,8,Emilia-Romagna,Emilia-Romagna,4459477,312754,7.01,0.53
277,2021-05-26,EMR,33349,14757,18592,9926,23037,386,ITH,ITH5,8,Emilia-Romagna,Emilia-Romagna,4459477,346103,7.76,0.75
278,2021-06-12,EMR,41391,21888,19503,35464,4922,1005,ITH,ITH5,8,Emilia-Romagna,Emilia-Romagna,4459477,387494,8.69,0.93
279,2021-03-04,EMR,16464,5352,11112,13347,3025,92,ITH,ITH5,8,Emilia-Romagna,Emilia-Romagna,4459477,403958,9.06,0.37
280,2021-05-24,EMR,30012,13740,16272,17967,11530,515,ITH,ITH5,8,Emilia-Romagna,Emilia-Romagna,4459477,433970,9.73,0.67
281,2021-02-13,EMR,3633,1086,2547,3020,599,14,ITH,ITH5,8,Emilia-Romagna,Emilia-Romagna,4459477,437603,9.81,0.08
282,2021-01-30,EMR,10096,3528,6568,137,9958,1,ITH,ITH5,8,Emilia-Romagna,Emilia-Romagna,4459477,447699,10.04,0.23
283,2021-05-12,EMR,38973,18313,20660,28474,9705,794,ITH,ITH5,8,Emilia-Romagna,Emilia-Romagna,4459477,486672,10.91,0.87
284,2021-02-01,EMR,10332,3618,6714,355,9975,2,ITH,ITH5,8,Emilia-Romagna,Emilia-Romagna,4459477,497004,11.14,0.23
285,2021-01-18,EMR,3131,881,2250,2448,680,3,ITH,ITH5,8,Emilia-Romagna,Emilia-Romagna,4459477,500135,11.22,0.07
286,2021-03-16,EMR,12256,5028,7228,4875,7316,65,ITH,ITH5,8,Emilia-Romagna,Emilia-Romagna,4459477,512391,11.49,0.27
287,2021-01-25,EMR,6467,2149,4318,205,6261,1,ITH,ITH5,8,Emilia-Romagna,Emilia-Romagna,4459477,518858,11.63,0.15
288,2021-07-01,EMR,34546,16885,17661,14811,18856,879,ITH,ITH5,8,Emilia-Romagna,Emilia-Romagna,4459477,553404,12.41,0.77
289,2021-03-23,EMR,18805,8150,10655,11948,6691,166,ITH,ITH5,8,Emilia-Romagna,Emilia-Romagna,4459477,572209,12.83,0.42
290,2021-07-20,EMR,43147,22555,20592,6663,35790,694,ITH,ITH5,8,Emilia-Romagna,Emilia-Romagna,4459477,615356,13.8,0.97
291,2021-04-11,EMR,15285,6940,8345,11983,3049,253,ITH,ITH5,8,Emilia-Romagna,Emilia-Romagna,4459477,630641,14.14,0.34
292,2021-01-23,EMR,2448,871,1577,439,2009,0,ITH,ITH5,8,Emilia-Romagna,Emilia-Romagna,4459477,633089,14.2,0.05
293,2021-05-07,EMR,35342,16989,18353,22667,11895,780,ITH,ITH5,8,Emilia-Romagna,Emilia-Romagna,4459477,668431,14.99,0.79
294,2021-07-03,EMR,32129,15938,16191,11410,20025,694,ITH,ITH5,8,Emilia-Romagna,Emilia-Romagna,4459477,700560,15.71,0.72
295,2021-08-29,EMR,20598,11399,9199,8474,11260,864,ITH,ITH5,8,Emilia-Romagna,Emilia-Romagna,4459477,721158,16.17,0.46
296,2021-04-16,EMR,29244,13766,15478,20014,8843,387,ITH,ITH5,8,Emilia-Romagna,Emilia-Romagna,4459477,750402,16.83,0.66
297,2021-01-06,EMR,8293,2956,5337,8292,0,1,ITH,ITH5,8,Emilia-Romagna,Emilia-Romagna,4459477,758695,17.01,0.19
298,2021-08-08,EMR,21628,11719,9909,10577,10497,554,ITH,ITH5,8,Emilia-Romagna,Emilia-Romagna,4459477,780323,17.5,0.48
299,2021-04-30,EMR,36660,16810,19850,21239,14810,611,ITH,ITH5,8,Emilia-Romagna,Emilia-Romagna,4459477,816983,18.32,0.82
300,2021-03-28,EMR,13551,6060,7491,9546,3885,120,ITH,ITH5,8,Emilia-Romagna,Emilia-Romagna,4459477,830534,18.62,0.3
301,2021-08-27,EMR,27897,15006,12891,6936,20221,740,ITH,ITH5,8,Emilia-Romagna,Emilia-Romagna,4459477,858431,19.25,0.63
302,2021-05-19,EMR,33844,14998,18846,18042,15269,533,ITH,ITH5,8,Emilia-Romagna,Emilia-Romagna,4459477,892275,20.01,0.76
303,2021-09-10,EMR,26145,14155,11990,5283,20194,668,ITH,ITH5,8,Emilia-Romagna,Emilia-Romagna,4459477,918420,20.59,0.59
304,2021-06-02,EMR,24125,12072,12053,18681,4980,464,ITH,ITH5,8,Emilia-Romagna,Emilia-Romagna,4459477,942545,21.14,0.54
305,2021-05-31,EMR,29820,13778,16042,17733,11534,553,ITH,ITH5,8,Emilia-Romagna,Emilia-Romagna,4459477,972365,21.8,0.67
306,2021-02-20,EMR,5320,2094,3226,5050,263,7,ITH,ITH5,8,Emilia-Romagna,Emilia-Romagna,4459477,977685,21.92,0.12
307,2021-09-05,EMR,17121,9221,7900,6400,9991,730,ITH,ITH5,8,Emilia-Romagna,Emilia-Romagna,4459477,994806,22.31,0.38
308,2021-07-15,EMR,50402,26251,24151,7892,41800,710,ITH,ITH5,8,Emilia-Romagna,Emilia-Romagna,4459477,1045208,23.44,1.13
309,2021-04-23,EMR,29584,13818,15766,14309,14896,379,ITH,ITH5,8,Emilia-Romagna,Emilia-Romagna,4459477,1074792,24.1,0.66
310,2021-01-13,EMR,9079,2944,6135,9074,0,5,ITH,ITH5,8,Emilia-Romagna,Emilia-Romagna,4459477,1083871,24.3,0.2
311,2021-04-04,EMR,9887,4720,5167,7530,2273,84,ITH,ITH5,8,Emilia-Romagna,Emilia-Romagna,4459477,1093758,24.53,0.22
312,2021-01-11,EMR,9357,3278,6079,9348,0,9,ITH,ITH5,8,Emilia-Romagna,Emilia-Romagna,4459477,1103115,24.74,0.21
313,2021-02-11,EMR,4257,1417,2840,3397,843,17,ITH,ITH5,8,Emilia-Romagna,Emilia-Romagna,4459477,1107372,24.83,0.1
314,2021-07-29,EMR,40797,21534,19263,14502,25558,737,ITH,ITH5,8,Emilia-Romagna,Emilia-Romagna,4459477,1148169,25.75,0.91
315,2021-07-27,EMR,41136,21853,19283,16999,23332,805,ITH,ITH5,8,Emilia-Romagna,Emilia-Romagna,4459477,1189305,26.67,0.92
316,2021-04-18,EMR,17531,8408,9123,12367,4935,229,ITH,ITH5,8,Emilia-Romagna,Emilia-Romagna,4459477,1206836,27.06,0.39
317,2021-06-14,EMR,41347,21376,19971,27454,13090,803,ITH,ITH5,8,Emilia-Romagna,Emilia-Romagna,4459477,1248183,27.99,0.93
318,2021-03-09,EMR,14806,6036,8770,10757,3953,96,ITH,ITH5,8,Emilia-Romagna,Emilia-Romagna,4459477,1262989,28.32,0.33
319,2021-05-05,EMR,30151,14006,16145,18310,11276,565,ITH,ITH5,8,Emilia-Romagna,Emilia-Romagna,4459477,1293140,29.0,0.68
320,2021-08-15,EMR,6653,3691,2962,3283,3200,170,ITH,ITH5,8,Emilia-Romagna,Emilia-Romagna,4459477,1299793,29.15,0.15
321,2021-06-26,EMR,37490,19000,18490,21009,15543,938,ITH,ITH5,8,Emilia-Romagna,Emilia-Romagna,4459477,1337283,29.99,0.84
322,2021-08-22,EMR,16470,9045,7425,6739,9103,628,ITH,ITH5,8,Emilia-Romagna,Emilia-Romagna,4459477,1353753,30.36,0.37
323,2021-07-10,EMR,42103,21440,20663,6800,34654,649,ITH,ITH5,8,Emilia-Romagna,Emilia-Romagna,4459477,1395856,31.3,0.94
324,2021-02-25,EMR,9250,3498,5752,8272,955,23,ITH,ITH5,8,Emilia-Romagna,Emilia-Romagna,4459477,1405106,31.51,0.21
325,2021-06-19,EMR,36697,18366,18331,16739,19409,549,ITH,ITH5,8,Emilia-Romagna,Emilia-Romagna,4459477,1441803,32.33,0.82
326,2021-03-11,EMR,17501,7333,10168,11456,5858,187,ITH,ITH5,8,Emilia-Romagna,Emilia-Romagna,4459477,1459304,32.72,0.39
327,2021-02-06,EMR,7603,2408,5195,2108,5491,4,ITH,ITH5,8,Emilia-Romagna,Emilia-Romagna,4459477,1466907,32.89,0.17
328,2021-08-10,EMR,31347,16775,14572,15373,14919,1055,ITH,ITH5,8,Emilia-Romagna,Emilia-Romagna,4459477,1498254,33.6,0.7
329,2021-03-13,EMR,16146,6365,9781,10592,5314,240,ITH,ITH5,8,Emilia-Romagna,Emilia-Romagna,4459477,1514400,33.96,0.36
330,2021-07-05,EMR,33243,16209,17034,11198,21387,658,ITH,ITH5,8,Emilia-Romagna,Emilia-Romagna,4459477,1547643,34.7,0.75
331,2021-03-27,EMR,21684,9075,12609,14525,6910,249,ITH,ITH5,8,Emilia-Romagna,Emilia-Romagna,4459477,1569327,35.19,0.49
332,2021-04-13,EMR,23727,11132,12595,19032,4344,351,ITH,ITH5,8,Emilia-Romagna,Emilia-Romagna,4459477,1593054,35.72,0.53
333,2021-01-03,EMR,2763,945,1818,2763,0,0,ITH,ITH5,8,Emilia-Romagna,Emilia-Romagna,4459477,1595817,35.78,0.06
334,2021-01-15,EMR,7754,2407,5347,7746,0,8,ITH,ITH5,8,Emilia-Romagna,Emilia-Romagna,4459477,1603571,35.96,0.17
335,2021-06-09,EMR,43191,21938,21253,35729,6439,1023,ITH,ITH5,8,Emilia-Romagna,Emilia-Romagna,4459477,1646762,36.93,0.97
336,2021-03-01,EMR,10104,3585,6519,7817,2262,25,ITH,ITH5,8,Emilia-Romagna,Emilia-Romagna,4459477,1656866,37.15,0.23
337,2021-08-05,EMR,36772,19458,17314,18387,17411,974,ITH,ITH5,8,Emilia-Romagna,Emilia-Romagna,4459477,1693638,37.98,0.82
338,2021-08-12,EMR,27732,15064,12668,19308,6883,1541,ITH,ITH5,8,Emilia-Romagna,Emilia-Romagna,4459477,1721370,38.6,0.62
339,2021-05-04,EMR,29317,13731,15586,15165,13674,478,ITH,ITH5,8,Emilia-Romagna,Emilia-Romagna,4459477,1750687,39.26,0.66
340,2021-02-27,EMR,10967,3998,6969,9192,1742,33,ITH,ITH5,8,Emilia-Romagna,Emilia-Romagna,4459477,1761654,39.5,0.25
341,2021-04-25,EMR,22361,10244,12117,14403,7516,442,ITH,ITH5,8,Emilia-Romagna,Emilia-Romagna,4459477,1784015,40.01,0.5
342,2021-06-30,EMR,34263,17291,16972,17702,15667,894,ITH,ITH5,8,Emilia-Romagna,Emilia-Romagna,4459477,1818278,40.77,0.77
343,2021-07-17,EMR,43666,23054,20612,7175,35751,740,ITH,ITH5,8,Emilia-Romagna,Emilia-Romagna,4459477,1861944,41.75,0.98
344,2021-05-09,EMR,25647,12271,13376,18278,6977,392,ITH,ITH5,8,Emilia-Romagna,Emilia-Romagna,4459477,1887591,42.33,0.58
345,2021-01-29,EMR,10428,3500,6928,290,10138,0,ITH,ITH5,8,Emilia-Romagna,Emilia-Romagna,4459477,1898019,42.56,0.23
346,2021-02-15,EMR,2902,849,2053,2709,125,68,ITH,ITH5,8,Emilia-Romagna,Emilia-Romagna,4459477,1900921,42.63,0.07
347,2021-01-27,EMR,8372,2951,5421,461,7911,0,ITH,ITH5,8,Emilia-Romagna,Emilia-Romagna,4459477,1909293,42.81,0.19
348,2021-07-31,EMR,36231,19242,16989,12136,23391,704,ITH,ITH5,8,Emilia-Romagna,Emilia-Romagna,4459477,1945524,43.63,0.81
349,2021-08-31,EMR,28055,14955,13100,8309,18679,1067,ITH,ITH5,8,Emilia-Romagna,Emilia-Romagna,4459477,1973579,44.26,0.63
350,2021-05-23,EMR,25506,11868,13638,13580,11609,317,ITH,ITH5,8,Emilia-Romagna,Emilia-Romagna,4459477,1999085,44.83,0.57
351,2021-07-19,EMR,42014,22129,19885,6636,34778,600,ITH,ITH5,8,Emilia-Romagna,Emilia-Romagna,4459477,2041099,45.77,0.94
352,2021-09-14,EMR,20363,11004,9359,4517,15299,547,ITH,ITH5,8,Emilia-Romagna,Emilia-Romagna,4459477,2061462,46.23,0.46
353,2021-01-10,EMR,7174,2686,4488,7173,0,1,ITH,ITH5,8,Emilia-Romagna,Emilia-Romagna,4459477,2068636,46.39,0.16
354,2021-06-16,EMR,45963,23539,22424,25239,19968,756,ITH,ITH5,8,Emilia-Romagna,Emilia-Romagna,4459477,2114599,47.42,1.03
355,2021-03-08,EMR,12223,5101,7122,9473,2665,85,ITH,ITH5,8,Emilia-Romagna,Emilia-Romagna,4459477,2126822,47.69,0.27
356,2021-05-02,EMR,25595,11656,13939,13191,11999,405,ITH,ITH5,8,Emilia-Romagna,Emilia-Romagna,4459477,2152417,48.27,0.57
357,2021-01-22,EMR,1833,478,1355,1087,744,2,ITH,ITH5,8,Emilia-Romagna,Emilia-Romagna,4459477,2154250,48.31,0.04
358,2021-08-24,EMR,23400,12711,10689,10520,11768,1112,ITH,ITH5,8,Emilia-Romagna,Emilia-Romagna,4459477,2177650,48.83,0.52
359,2021-02-08,EMR,5237,1536,3701,2316,2918,3,ITH,ITH5,8,Emilia-Romagna,Emilia-Romagna,4459477,2182887,48.95,0.12
360,2021-05-16,EMR,25891,12183,13708,18366,7147,378,ITH,ITH5,8,Emilia-Romagna,Emilia-Romagna,4459477,2208778,49.53,0.58
361,2021-02-22,EMR,7487,3094,4393,7201,273,13,ITH,ITH5,8,Emilia-Romagna,Emilia-Romagna,4459477,2216265,49.7,0.17
362,2021-08-26,EMR,27626,14747,12879,9355,17310,961,ITH,ITH5,8,Emilia-Romagna,Emilia-Romagna,4459477,2243891,50.32,0.62
363,2021-09-12,EMR,14768,8086,6682,3945,10369,454,ITH,ITH5,8,Emilia-Romagna,Emilia-Romagna,4459477,2258659,50.65,0.33
364,2021-06-04,EMR,45768,23028,22740,36805,8207,756,ITH,ITH5,8,Emilia-Romagna,Emilia-Romagna,4459477,2304427,51.67,1.03
365,2021-08-07,EMR,30989,17048,13941,17731,12214,1044,ITH,ITH5,8,Emilia-Romagna,Emilia-Romagna,4459477,2335416,52.37,0.69
366,2021-04-27,EMR,32135,14874,17261,19233,12471,431,ITH,ITH5,8,Emilia-Romagna,Emilia-Romagna,4459477,2367551,53.09,0.72
367,2021-08-19,EMR,21554,11572,9982,11930,8734,890,ITH,ITH5,8,Emilia-Romagna,Emilia-Romagna,4459477,2389105,53.57,0.48
368,2021-07-12,EMR,44073,22331,21742,5423,38139,511,ITH,ITH5,8,Emilia-Romagna,Emilia-Romagna,4459477,2433178,54.56,0.99
369,2021-09-07,EMR,26053,14083,11970,5851,19610,592,ITH,ITH5,8,Emilia-Romagna,Emilia-Romagna,4459477,2459231,55.15,0.58
370,2021-04-20,EMR,22655,10419,12236,13890,8364,401,ITH,ITH5,8,Emilia-Romagna,Emilia-Romagna,4459477,2481886,55.65,0.51
371,2021-06-23,EMR,38083,19098,18985,18463,18889,731,ITH,ITH5,8,Emilia-Romagna,Emilia-Romagna,4459477,2519969,56.51,0.85
372,2021-01-08,EMR,10878,3587,7291,10875,0,3,ITH,ITH5,8,Emilia-Romagna,Emilia-Romagna,4459477,2530847,56.75,0.24
373,2021-03-06,EMR,21039,5971,15068,18170,2745,124,ITH,ITH5,8,Emilia-Romagna,Emilia-Romagna,4459477,2551886,57.22,0.47
374,2021-01-20,EMR,1331,269,1062,1329,1,1,ITH,ITH5,8,Emilia-Romagna,Emilia-Romagna,4459477,2553217,57.25,0.03
375,2021-07-24,EMR,38884,20969,17915,17219,20648,1017,ITH,ITH5,8,Emilia-Romagna,Emilia-Romagna,4459477,2592101,58.13,0.87
376,2021-04-15,EMR,29372,13987,15385,19243,9684,445,ITH,ITH5,8,Emilia-Romagna,Emilia-Romagna,4459477,2621473,58.78,0.66
377,2021-08-09,EMR,30256,16141,14115,16648,12559,1049,ITH,ITH5,8,Emilia-Romagna,Emilia-Romagna,4459477,2651729,59.46,0.68
378,2021-05-01,EMR,28432,12782,15650,15278,12795,359,ITH,ITH5,8,Emilia-Romagna,Emilia-Romagna,4459477,2680161,60.1,0.64
379,2021-08-14,EMR,15806,8914,6892,8322,7029,455,ITH,ITH5,8,Emilia-Romagna,Emilia-Romagna,4459477,2695967,60.45,0.35
380,2021-05-06,EMR,35986,16628,19358,22153,13104,729,ITH,ITH5,8,Emilia-Romagna,Emilia-Romagna,4459477,2731953,61.26,0.81
381,2021-01-26,EMR,8339,3001,5338,209,8129,1,ITH,ITH5,8,Emilia-Romagna,Emilia-Romagna,4459477,2740292,61.45,0.19
382,2021-07-02,EMR,34764,17096,17668,12376,21730,658,ITH,ITH5,8,Emilia-Romagna,Emilia-Romagna,4459477,2775056,62.23,0.78
383,2021-03-24,EMR,21241,9414,11827,13631,7387,223,ITH,ITH5,8,Emilia-Romagna,Emilia-Romagna,4459477,2796297,62.7,0.48
384,2021-01-24,EMR,2446,887,1559,298,2148,0,ITH,ITH5,8,Emilia-Romagna,Emilia-Romagna,4459477,2798743,62.76,0.05
385,2021-07-09,EMR,44927,22954,21973,5413,39090,424,ITH,ITH5,8,Emilia-Romagna,Emilia-Romagna,4459477,2843670,63.77,1.01
386,2021-01-17,EMR,2898,890,2008,2648,249,1,ITH,ITH5,8,Emilia-Romagna,Emilia-Romagna,4459477,2846568,63.83,0.06
387,2021-02-12,EMR,5330,1679,3651,3900,1407,23,ITH,ITH5,8,Emilia-Romagna,Emilia-Romagna,4459477,2851898,63.95,0.12
388,2021-04-10,EMR,20938,9305,11633,16456,4148,334,ITH,ITH5,8,Emilia-Romagna,Emilia-Romagna,4459477,2872836,64.42,0.47
389,2021-04-17,EMR,27325,13088,14237,17579,9353,393,ITH,ITH5,8,Emilia-Romagna,Emilia-Romagna,4459477,2900161,65.03,0.61
390,2021-01-07,EMR,10291,3408,6883,10287,0,4,ITH,ITH5,8,Emilia-Romagna,Emilia-Romagna,4459477,2910452,65.26,0.23
391,2021-08-28,EMR,26294,14548,11746,8616,16849,829,ITH,ITH5,8,Emilia-Romagna,Emilia-Romagna,4459477,2936746,65.85,0.59
392,2021-05-20,EMR,40415,18345,22070,18392,21503,520,ITH,ITH5,8,Emilia-Romagna,Emilia-Romagna,4459477,2977161,66.76,0.91
393,2021-08-23,EMR,22613,11773,10840,11843,9476,1294,ITH,ITH5,8,Emilia-Romagna,Emilia-Romagna,4459477,2999774,67.27,0.51
394,2021-05-28,EMR,41305,18966,22339,17272,23434,599,ITH,ITH5,8,Emilia-Romagna,Emilia-Romagna,4459477,3041079,68.19,0.93
395,2021-04-22,EMR,29060,13455,15605,14616,14080,364,ITH,ITH5,8,Emilia-Romagna,Emilia-Romagna,4459477,3070139,68.85,0.65
396,2021-01-12,EMR,9484,3127,6357,9475,0,9,ITH,ITH5,8,Emilia-Romagna,Emilia-Romagna,4459477,3079623,69.06,0.21
397,2021-07-16,EMR,49795,26288,23507,7033,42089,673,ITH,ITH5,8,Emilia-Romagna,Emilia-Romagna,4459477,3129418,70.17,1.12
398,2021-06-27,EMR,29601,14896,14705,16193,12735,673,ITH,ITH5,8,Emilia-Romagna,Emilia-Romagna,4459477,3159019,70.84,0.66
399,2021-07-14,EMR,47985,24548,23437,5589,41861,535,ITH,ITH5,8,Emilia-Romagna,Emilia-Romagna,4459477,3207004,71.91,1.08
400,2021-06-11,EMR,45997,23874,22123,38327,6564,1106,ITH,ITH5,8,Emilia-Romagna,Emilia-Romagna,4459477,3253001,72.95,1.03
401,2021-06-28,EMR,40083,19670,20413,19627,19581,875,ITH,ITH5,8,Emilia-Romagna,Emilia-Romagna,4459477,3293084,73.84,0.9
402,2021-03-20,EMR,16094,6832,9262,8958,6967,169,ITH,ITH5,8,Emilia-Romagna,Emilia-Romagna,4459477,3309178,74.21,0.36
403,2021-04-06,EMR,24775,11182,13593,19730,4752,293,ITH,ITH5,8,Emilia-Romagna,Emilia-Romagna,4459477,3333953,74.76,0.56
404,2020-12-27,EMR,973,374,599,973,0,0,ITH,ITH5,8,Emilia-Romagna,Emilia-Romagna,4459477,3334926,74.78,0.02
405,2021-06-18,EMR,42790,21456,21334,16281,25934,575,ITH,ITH5,8,Emilia-Romagna,Emilia-Romagna,4459477,3377716,75.74,0.96
406,2021-03-10,EMR,18815,7743,11072,12987,5646,182,ITH,ITH5,8,Emilia-Romagna,Emilia-Romagna,4459477,3396531,76.16,0.42
407,2021-05-18,EMR,29239,13283,15956,18101,10649,489,ITH,ITH5,8,Emilia-Romagna,Emilia-Romagna,4459477,3425770,76.82,0.66
408,2021-02-07,EMR,4794,1537,3257,1724,3068,2,ITH,ITH5,8,Emilia-Romagna,Emilia-Romagna,4459477,3430564,76.93,0.11
409,2021-02-24,EMR,9359,3568,5791,8453,890,16,ITH,ITH5,8,Emilia-Romagna,Emilia-Romagna,4459477,3439923,77.14,0.21
410,2021-01-05,EMR,9373,3173,6200,9369,0,4,ITH,ITH5,8,Emilia-Romagna,Emilia-Romagna,4459477,3449296,77.35,0.21
411,2021-04-03,EMR,20003,8787,11216,15958,3800,245,ITH,ITH5,8,Emilia-Romagna,Emilia-Romagna,4459477,3469299,77.8,0.45
412,2021-05-30,EMR,27105,12809,14296,12986,13715,404,ITH,ITH5,8,Emilia-Romagna,Emilia-Romagna,4459477,3496404,78.4,0.61
413,2021-02-19,EMR,7329,3011,4318,6801,514,14,ITH,ITH5,8,Emilia-Romagna,Emilia-Romagna,4459477,3503733,78.57,0.16
414,2021-07-26,EMR,39577,21105,18472,15886,22888,803,ITH,ITH5,8,Emilia-Romagna,Emilia-Romagna,4459477,3543310,79.46,0.89
415,2020-12-31,EMR,2215,780,1435,2214,0,1,ITH,ITH5,8,Emilia-Romagna,Emilia-Romagna,4459477,3545525,79.51,0.05
416,2021-06-06,EMR,36603,19002,17601,31535,4415,653,ITH,ITH5,8,Emilia-Romagna,Emilia-Romagna,4459477,3582128,80.33,0.82
417,2021-02-26,EMR,9642,3677,5965,8562,1054,26,ITH,ITH5,8,Emilia-Romagna,Emilia-Romagna,4459477,3591770,80.54,0.22
418,2021-08-06,EMR,34671,18597,16074,18797,14989,885,ITH,ITH5,8,Emilia-Romagna,Emilia-Romagna,4459477,3626441,81.32,0.78
419,2021-04-28,EMR,33752,15604,18148,20263,12899,590,ITH,ITH5,8,Emilia-Romagna,Emilia-Romagna,4459477,3660193,82.08,0.76
420,2021-04-05,EMR,14862,6812,8050,11788,2895,179,ITH,ITH5,8,Emilia-Romagna,Emilia-Romagna,4459477,3675055,82.41,0.33
421,2021-08-02,EMR,38537,20361,18176,14764,23101,672,ITH,ITH5,8,Emilia-Romagna,Emilia-Romagna,4459477,3713592,83.27,0.86
422,2021-04-24,EMR,28656,13251,15405,14063,14243,350,ITH,ITH5,8,Emilia-Romagna,Emilia-Romagna,4459477,3742248,83.92,0.64
423,2021-05-11,EMR,35824,16808,19016,27864,7264,696,ITH,ITH5,8,Emilia-Romagna,Emilia-Romagna,4459477,3778072,84.72,0.8
424,2021-06-13,EMR,28779,15014,13765,23809,4289,681,ITH,ITH5,8,Emilia-Romagna,Emilia-Romagna,4459477,3806851,85.37,0.65
425,2021-03-05,EMR,17921,5864,12057,14291,3505,125,ITH,ITH5,8,Emilia-Romagna,Emilia-Romagna,4459477,3824772,85.77,0.4
426,2021-03-22,EMR,17659,7820,9839,10615,6872,172,ITH,ITH5,8,Emilia-Romagna,Emilia-Romagna,4459477,3842431,86.16,0.4
427,2021-02-05,EMR,9312,2965,6347,1617,7691,4,ITH,ITH5,8,Emilia-Romagna,Emilia-Romagna,4459477,3851743,86.37,0.21
428,2021-09-11,EMR,24894,14131,10763,4553,19781,560,ITH,ITH5,8,Emilia-Romagna,Emilia-Romagna,4459477,3876637,86.93,0.56
429,2021-06-20,EMR,30754,15602,15152,15591,14676,487,ITH,ITH5,8,Emilia-Romagna,Emilia-Romagna,4459477,3907391,87.62,0.69
430,2021-04-02,EMR,23413,10557,12856,18556,4489,368,ITH,ITH5,8,Emilia-Romagna,Emilia-Romagna,4459477,3930804,88.14,0.53
431,2021-09-06,EMR,25290,13415,11875,7035,17444,811,ITH,ITH5,8,Emilia-Romagna,Emilia-Romagna,4459477,3956094,88.71,0.57
432,2021-05-29,EMR,37953,16522,21431,16660,20767,526,ITH,ITH5,8,Emilia-Romagna,Emilia-Romagna,4459477,3994047,89.56,0.85
433,2021-04-29,EMR,44993,21152,23841,26608,17565,820,ITH,ITH5,8,Emilia-Romagna,Emilia-Romagna,4459477,4039040,90.57,1.01
434,2021-01-19,EMR,2051,508,1543,2033,17,1,ITH,ITH5,8,Emilia-Romagna,Emilia-Romagna,4459477,4041091,90.62,0.05
435,2021-07-07,EMR,37926,19153,18773,13397,23726,803,ITH,ITH5,8,Emilia-Romagna,Emilia-Romagna,4459477,4079017,91.47,0.85
436,2021-03-29,EMR,21450,9629,11821,16541,4665,244,ITH,ITH5,8,Emilia-Romagna,Emilia-Romagna,4459477,4100467,91.95,0.48
437,2021-01-31,EMR,7709,2771,4938,240,7469,0,ITH,ITH5,8,Emilia-Romagna,Emilia-Romagna,4459477,4108176,92.12,0.17
438,2021-06-29,EMR,37731,18608,19123,18130,18800,801,ITH,ITH5,8,Emilia-Romagna,Emilia-Romagna,4459477,4145907,92.97,0.85
439,2021-03-21,EMR,11960,5296,6664,7263,4603,94,ITH,ITH5,8,Emilia-Romagna,Emilia-Romagna,4459477,4157867,93.24,0.27
440,2021-06-10,EMR,45107,23170,21937,38672,5387,1048,ITH,ITH5,8,Emilia-Romagna,Emilia-Romagna,4459477,4202974,94.25,1.01
441,2021-03-02,EMR,12665,4275,8390,10516,2091,58,ITH,ITH5,8,Emilia-Romagna,Emilia-Romagna,4459477,4215639,94.53,0.28
442,2021-06-24,EMR,40659,20421,20238,20266,19574,819,ITH,ITH5,8,Emilia-Romagna,Emilia-Romagna,4459477,4256298,95.44,0.91
443,2021-08-20,EMR,19733,10743,8990,10238,8520,975,ITH,ITH5,8,Emilia-Romagna,Emilia-Romagna,4459477,4276031,95.89,0.44
444,2021-03-03,EMR,15900,5270,10630,13361,2486,53,ITH,ITH5,8,Emilia-Romagna,Emilia-Romagna,4459477,4291931,96.24,0.36
445,2021-09-04,EMR,23727,12911,10816,8375,14453,899,ITH,ITH5,8,Emilia-Romagna,Emilia-Romagna,4459477,4315658,96.77,0.53
446,2021-08-16,EMR,20225,10872,9353,12627,6581,1017,ITH,ITH5,8,Emilia-Romagna,Emilia-Romagna,4459477,4335883,97.23,0.45
447,2021-09-02,EMR,25026,13327,11699,6473,17849,704,ITH,ITH5,8,Emilia-Romagna,Emilia-Romagna,4459477,4360909,97.79,0.56
448,2021-05-25,EMR,25246,11240,14006,11301,13515,430,ITH,ITH5,8,Emilia-Romagna,Emilia-Romagna,4459477,4386155,98.36,0.57
449,2021-02-14,EMR,1405,378,1027,1278,120,7,ITH,ITH5,8,Emilia-Romagna,Emilia-Romagna,4459477,4387560,98.39,0.03
450,2021-06-25,EMR,42868,21815,21053,19735,22322,811,ITH,ITH5,8,Emilia-Romagna,Emilia-Romagna,4459477,4430428,99.35,0.96
451,2021-03-17,EMR,13731,5699,8032,5817,7855,59,ITH,ITH5,8,Emilia-Romagna,Emilia-Romagna,4459477,4444159,99.66,0.31
452,2021-08-21,EMR,19112,10695,8417,10441,7774,897,ITH,ITH5,8,Emilia-Romagna,Emilia-Romagna,4459477,4463271,100.09,0.43
453,2021-05-13,EMR,35880,16525,19355,27296,7863,721,ITH,ITH5,8,Emilia-Romagna,Emilia-Romagna,4459477,4499151,100.89,0.8
454,2021-03-15,EMR,13464,6254,7210,6854,6506,104,ITH,ITH5,8,Emilia-Romagna,Emilia-Romagna,4459477,4512615,101.19,0.3
455,2021-07-23,EMR,40436,21907,18529,19791,19493,1152,ITH,ITH5,8,Emilia-Romagna,Emilia-Romagna,4459477,4553051,102.1,0.91
456,2021-04-14,EMR,27063,12851,14212,20522,6114,427,ITH,ITH5,8,Emilia-Romagna,Emilia-Romagna,4459477,4580114,102.71,0.61
457,2021-01-21,EMR,2169,732,1437,821,1348,0,ITH,ITH5,8,Emilia-Romagna,Emilia-Romagna,4459477,4582283,102.75,0.05
458,2021-06-03,EMR,37938,18445,19493,29684,7561,693,ITH,ITH5,8,Emilia-Romagna,Emilia-Romagna,4459477,4620221,103.6,0.85
459,2021-02-23,EMR,8216,3218,4998,7818,386,12,ITH,ITH5,8,Emilia-Romagna,Emilia-Romagna,4459477,4628437,103.79,0.18
460,2021-03-12,EMR,18327,7711,10616,11309,6721,297,ITH,ITH5,8,Emilia-Romagna,Emilia-Romagna,4459477,4646764,104.2,0.41
461,2021-07-11,EMR,30400,15244,15156,2751,27380,269,ITH,ITH5,8,Emilia-Romagna,Emilia-Romagna,4459477,4677164,104.88,0.68
462,2021-03-31,EMR,25305,11067,14238,19505,5474,326,ITH,ITH5,8,Emilia-Romagna,Emilia-Romagna,4459477,4702469,105.45,0.57
463,2021-07-13,EMR,48507,24849,23658,6472,41348,687,ITH,ITH5,8,Emilia-Romagna,Emilia-Romagna,4459477,4750976,106.54,1.09
464,2021-09-08,EMR,23526,12701,10825,5825,17072,629,ITH,ITH5,8,Emilia-Romagna,Emilia-Romagna,4459477,4774502,107.06,0.53
465,2021-03-19,EMR,15924,6970,8954,7791,7971,162,ITH,ITH5,8,Emilia-Romagna,Emilia-Romagna,4459477,4790426,107.42,0.36
466,2021-04-07,EMR,26894,12309,14585,20464,6080,350,ITH,ITH5,8,Emilia-Romagna,Emilia-Romagna,4459477,4817320,108.02,0.6
467,2021-01-14,EMR,8135,2598,5537,8126,0,9,ITH,ITH5,8,Emilia-Romagna,Emilia-Romagna,4459477,4825455,108.21,0.18
468,2021-02-21,EMR,4449,1707,2742,3999,440,10,ITH,ITH5,8,Emilia-Romagna,Emilia-Romagna,4459477,4829904,108.31,0.1
469,2021-07-25,EMR,28482,15186,13296,10543,17447,492,ITH,ITH5,8,Emilia-Romagna,Emilia-Romagna,4459477,4858386,108.95,0.64
470,2021-08-11,EMR,27773,14891,12882,12099,14880,794,ITH,ITH5,8,Emilia-Romagna,Emilia-Romagna,4459477,4886159,109.57,0.62
471,2021-08-25,EMR,25155,13556,11599,9574,14613,968,ITH,ITH5,8,Emilia-Romagna,Emilia-Romagna,4459477,4911314,110.13,0.56
472,2021-06-17,EMR,46714,23668,23046,21769,24235,710,ITH,ITH5,8,Emilia-Romagna,Emilia-Romagna,4459477,4958028,111.18,1.05
473,2021-08-13,EMR,21270,11807,9463,14276,6089,905,ITH,ITH5,8,Emilia-Romagna,Emilia-Romagna,4459477,4979298,111.66,0.48
474,2021-05-27,EMR,42352,18771,23581,13554,28290,508,ITH,ITH5,8,Emilia-Romagna,Emilia-Romagna,4459477,5021650,112.61,0.95
475,2021-02-16,EMR,5774,2448,3326,5230,530,14,ITH,ITH5,8,Emilia-Romagna,Emilia-Romagna,4459477,5027424,112.74,0.13
476,2021-07-04,EMR,24275,12071,12204,10173,13610,492,ITH,ITH5,8,Emilia-Romagna,Emilia-Romagna,4459477,5051699,113.28,0.54
477,2021-03-26,EMR,23741,10125,13616,17025,6441,275,ITH,ITH5,8,Emilia-Romagna,Emilia-Romagna,4459477,5075440,113.81,0.53
478,2021-08-01,EMR,30058,16169,13889,10271,19378,409,ITH,ITH5,8,Emilia-Romagna,Emilia-Romagna,4459477,5105498,114.49,0.67
479,2021-08-18,EMR,22281,12203,10078,14569,6653,1059,ITH,ITH5,8,Emilia-Romagna,Emilia-Romagna,4459477,5127779,114.99,0.5
480,2021-05-10,EMR,33897,16153,17744,26005,7263,629,ITH,ITH5,8,Emilia-Romagna,Emilia-Romagna,4459477,5161676,115.75,0.76
481,2021-07-30,EMR,39867,21416,18451,15674,23466,727,ITH,ITH5,8,Emilia-Romagna,Emilia-Romagna,4459477,5201543,116.64,0.89
482,2021-04-21,EMR,23976,10972,13004,13871,9743,362,ITH,ITH5,8,Emilia-Romagna,Emilia-Romagna,4459477,5225519,117.18,0.54
483,2021-05-08,EMR,32380,15112,17268,20397,11439,544,ITH,ITH5,8,Emilia-Romagna,Emilia-Romagna,4459477,5257899,117.9,0.73
484,2021-01-28,EMR,10264,3344,6920,348,9916,0,ITH,ITH5,8,Emilia-Romagna,Emilia-Romagna,4459477,5268163,118.13,0.23
485,2021-02-09,EMR,4161,1253,2908,2307,1853,1,ITH,ITH5,8,Emilia-Romagna,Emilia-Romagna,4459477,5272324,118.23,0.09
486,2021-09-01,EMR,22605,12047,10558,7183,14671,751,ITH,ITH5,8,Emilia-Romagna,Emilia-Romagna,4459477,5294929,118.73,0.51
487,2021-05-15,EMR,33297,14998,18299,22213,10442,642,ITH,ITH5,8,Emilia-Romagna,Emilia-Romagna,4459477,5328226,119.48,0.75
488,2021-02-04,EMR,9935,3208,6727,1235,8699,1,ITH,ITH5,8,Emilia-Romagna,Emilia-Romagna,4459477,5338161,119.7,0.22
489,2021-05-22,EMR,33180,14162,19018,16472,16251,457,ITH,ITH5,8,Emilia-Romagna,Emilia-Romagna,4459477,5371341,120.45,0.74
490,2021-07-18,EMR,34590,17919,16671,8187,25835,568,ITH,ITH5,8,Emilia-Romagna,Emilia-Romagna,4459477,5405931,121.22,0.78
491,2021-04-09,EMR,25804,11695,14109,19526,5761,517,ITH,ITH5,8,Emilia-Romagna,Emilia-Romagna,4459477,5431735,121.8,0.58
492,2021-02-02,EMR,9499,3056,6443,534,8964,1,ITH,ITH5,8,Emilia-Romagna,Emilia-Romagna,4459477,5441234,122.02,0.21
493,2021-01-02,EMR,2379,917,1462,2379,0,0,ITH,ITH5,8,Emilia-Romagna,Emilia-Romagna,4459477,5443613,122.07,0.05
494,2021-09-13,EMR,24187,13087,11100,4772,18706,709,ITH,ITH5,8,Emilia-Romagna,Emilia-Romagna,4459477,5467800,122.61,0.54
495,2021-06-05,EMR,44329,22386,21943,36621,6925,783,ITH,ITH5,8,Emilia-Romagna,Emilia-Romagna,4459477,5512129,123.6,0.99
496,2021-06-22,EMR,36546,18201,18345,16255,19644,647,ITH,ITH5,8,Emilia-Romagna,Emilia-Romagna,4459477,5548675,124.42,0.82
497,2021-07-06,EMR,36817,18513,18304,12920,23200,697,ITH,ITH5,8,Emilia-Romagna,Emilia-Romagna,4459477,5585492,125.25,0.83
498,2021-05-17,EMR,32485,15417,17068,22332,9565,588,ITH,ITH5,8,Emilia-Romagna,Emilia-Romagna,4459477,5617977,125.98,0.73
499,2021-08-30,EMR,27027,14189,12838,7626,18364,1037,ITH,ITH5,8,Emilia-Romagna,Emilia-Romagna,4459477,5645004,126.58,0.61
500,2021-03-25,EMR,21489,9421,12068,14238,6991,260,ITH,ITH5,8,Emilia-Romagna,Emilia-Romagna,4459477,5666493,127.07,0.48
501,2021-05-21,EMR,39389,17563,21826,21635,17133,621,ITH,ITH5,8,Emilia-Romagna,Emilia-Romagna,4459477,5705882,127.95,0.88
502,2021-02-10,EMR,4024,1385,2639,2757,1261,6,ITH,ITH5,8,Emilia-Romagna,Emilia-Romagna,4459477,5709906,128.04,0.09
503,2021-04-08,EMR,31403,14420,16983,25328,5335,740,ITH,ITH5,8,Emilia-Romagna,Emilia-Romagna,4459477,5741309,128.74,0.7
504,2021-03-18,EMR,13778,5851,7927,5681,8005,92,ITH,ITH5,8,Emilia-Romagna,Emilia-Romagna,4459477,5755087,129.05,0.31
505,2021-05-14,EMR,37358,17203,20155,26800,9657,901,ITH,ITH5,8,Emilia-Romagna,Emilia-Romagna,4459477,5792445,129.89,0.84
506,2021-02-03,EMR,9350,2993,6357,962,8387,1,ITH,ITH5,8,Emilia-Romagna,Emilia-Romagna,4459477,5801795,130.1,0.21
507,2021-04-01,EMR,23980,10787,13193,19071,4562,347,ITH,ITH5,8,Emilia-Romagna,Emilia-Romagna,4459477,5825775,130.64,0.54
508,2021-02-17,EMR,6544,2765,3779,5757,774,13,ITH,ITH5,8,Emilia-Romagna,Emilia-Romagna,4459477,5832319,130.78,0.15
509,2021-06-01,EMR,27200,13117,14083,16834,9930,436,ITH,ITH5,8,Emilia-Romagna,Emilia-Romagna,4459477,5859519,131.39,0.61
510,2021-07-28,EMR,38705,20756,17949,13957,24056,692,ITH,ITH5,8,Emilia-Romagna,Emilia-Romagna,4459477,5898224,132.26,0.87
511,2021-09-09,EMR,24773,13163,11610,5225,18919,629,ITH,ITH5,8,Emilia-Romagna,Emilia-Romagna,4459477,5922997,132.82,0.56
512,2021-04-12,EMR,19259,9016,10243,14448,4452,359,ITH,ITH5,8,Emilia-Romagna,Emilia-Romagna,4459477,5942256,133.25,0.43
513,2021-09-16,EMR,21376,11581,9795,3717,17202,457,ITH,ITH5,8,Emilia-Romagna,Emilia-Romagna,4459477,5963632,133.73,0.48
514,2021-06-08,EMR,45154,23120,22034,36791,7550,813,ITH,ITH5,8,Emilia-Romagna,Emilia-Romagna,4459477,6008786,134.74,1.01
515,2021-08-04,EMR,35346,18844,16502,13028,21687,631,ITH,ITH5,8,Emilia-Romagna,Emilia-Romagna,4459477,6044132,135.53,0.79
516,2021-07-21,EMR,43692,23305,20387,10770,32288,634,ITH,ITH5,8,Emilia-Romagna,Emilia-Romagna,4459477,6087824,136.51,0.98
517,2021-04-19,EMR,20922,9806,11116,14337,6284,301,ITH,ITH5,8,Emilia-Romagna,Emilia-Romagna,4459477,6108746,136.98,0.47
518,2021-01-09,EMR,9999,3458,6541,9995,0,4,ITH,ITH5,8,Emilia-Romagna,Emilia-Romagna,4459477,6118745,137.21,0.22
519,2021-06-15,EMR,43882,22644,21238,27907,15076,899,ITH,ITH5,8,Emilia-Romagna,Emilia-Romagna,4459477,6162627,138.19,0.98
520,2021-03-07,EMR,7851,2963,4888,6288,1526,37,ITH,ITH5,8,Emilia-Romagna,Emilia-Romagna,4459477,6170478,138.37,0.18
521,2021-05-03,EMR,28740,13571,15169,17398,10886,456,ITH,ITH5,8,Emilia-Romagna,Emilia-Romagna,4459477,6199218,139.01,0.64
522,2021-02-28,EMR,6830,2528,4302,4959,1852,19,ITH,ITH5,8,Emilia-Romagna,Emilia-Romagna,4459477,6206048,139.17,0.15
523,2021-04-26,EMR,27915,12940,14975,18038,9323,554,ITH,ITH5,8,Emilia-Romagna,Emilia-Romagna,4459477,6233963,139.79,0.63
524,2021-01-16,EMR,5632,1719,3913,5631,0,1,ITH,ITH5,8,Emilia-Romagna,Emilia-Romagna,4459477,6239595,139.92,0.13
525,2021-03-14,EMR,8808,3841,4967,4944,3800,64,ITH,ITH5,8,Emilia-Romagna,Emilia-Romagna,4459477,6248403,140.12,0.2
526,2021-04-18,CAL,5883,2809,3074,4939,919,25,ITF,ITF6,18,Calabria,Calabria,1947131,5883,0.3,0.3
527,2021-04-04,CAL,1574,789,785,1141,422,11,ITF,ITF6,18,Calabria,Calabria,1947131,7457,0.38,0.08
528,2021-06-26,CAL,15586,7202,8384,7573,7942,71,ITF,ITF6,18,Calabria,Calabria,1947131,23043,1.18,0.8
529,2021-07-27,CAL,17586,8993,8593,5019,12479,88,ITF,ITF6,18,Calabria,Calabria,1947131,40629,2.09,0.9
530,2021-01-06,CAL,957,520,437,957,0,0,ITF,ITF6,18,Calabria,Calabria,1947131,41586,2.14,0.05
531,2021-04-16,CAL,10350,5052,5298,8645,1644,61,ITF,ITF6,18,Calabria,Calabria,1947131,51936,2.67,0.53
532,2021-02-18,CAL,1891,878,1013,1638,234,19,ITF,ITF6,18,Calabria,Calabria,1947131,53827,2.76,0.1
533,2021-08-08,CAL,4220,2146,2074,1494,2698,28,ITF,ITF6,18,Calabria,Calabria,1947131,58047,2.98,0.22
534,2021-07-22,CAL,18332,9026,9306,3488,14753,91,ITF,ITF6,18,Calabria,Calabria,1947131,76379,3.92,0.94
535,2021-04-30,CAL,15118,7415,7703,10528,4511,79,ITF,ITF6,18,Calabria,Calabria,1947131,91497,4.7,0.78
536,2021-03-09,CAL,6593,3441,3152,5529,989,75,ITF,ITF6,18,Calabria,Calabria,1947131,98090,5.04,0.34
537,2021-02-20,CAL,1517,790,727,1175,328,14,ITF,ITF6,18,Calabria,Calabria,1947131,99607,5.12,0.08
538,2021-08-22,CAL,1525,769,756,485,1021,19,ITF,ITF6,18,Calabria,Calabria,1947131,101132,5.19,0.08
539,2021-05-31,CAL,15301,7348,7953,7310,7909,82,ITF,ITF6,18,Calabria,Calabria,1947131,116433,5.98,0.79
540,2021-02-06,CAL,2936,1351,1585,439,2496,1,ITF,ITF6,18,Calabria,Calabria,1947131,119369,6.13,0.15
541,2021-09-05,CAL,1496,812,684,697,782,17,ITF,ITF6,18,Calabria,Calabria,1947131,120865,6.21,0.08
542,2021-07-10,CAL,15947,7540,8407,3244,12659,44,ITF,ITF6,18,Calabria,Calabria,1947131,136812,7.03,0.82
543,2021-01-23,CAL,403,188,215,360,43,0,ITF,ITF6,18,Calabria,Calabria,1947131,137215,7.05,0.02
544,2021-08-10,CAL,9785,4915,4870,3598,6085,102,ITF,ITF6,18,Calabria,Calabria,1947131,147000,7.55,0.5
545,2021-06-14,CAL,14359,6511,7848,9627,4655,77,ITF,ITF6,18,Calabria,Calabria,1947131,161359,8.29,0.74
546,2021-03-04,CAL,5497,3198,2299,4677,800,20,ITF,ITF6,18,Calabria,Calabria,1947131,166856,8.57,0.28
547,2021-06-12,CAL,13247,6298,6949,10781,2398,68,ITF,ITF6,18,Calabria,Calabria,1947131,180103,9.25,0.68
548,2021-07-01,CAL,12401,5840,6561,5477,6839,85,ITF,ITF6,18,Calabria,Calabria,1947131,192504,9.89,0.64
549,2021-02-01,CAL,2561,1214,1347,237,2321,3,ITF,ITF6,18,Calabria,Calabria,1947131,195065,10.02,0.13
550,2021-07-08,CAL,12054,5618,6436,2693,9316,45,ITF,ITF6,18,Calabria,Calabria,1947131,207119,10.64,0.62
551,2021-01-11,CAL,2195,1064,1131,2193,0,2,ITF,ITF6,18,Calabria,Calabria,1947131,209314,10.75,0.11
552,2021-01-25,CAL,1090,522,568,150,940,0,ITF,ITF6,18,Calabria,Calabria,1947131,210404,10.81,0.06
553,2021-05-05,CAL,13638,6523,7115,8416,5143,79,ITF,ITF6,18,Calabria,Calabria,1947131,224042,11.51,0.7
554,2021-09-17,CAL,5900,3008,2892,2527,3230,143,ITF,ITF6,18,Calabria,Calabria,1947131,229942,11.81,0.3
555,2021-08-17,CAL,7685,3914,3771,2761,4829,95,ITF,ITF6,18,Calabria,Calabria,1947131,237627,12.2,0.39
556,2021-06-07,CAL,18009,8424,9585,14711,3215,83,ITF,ITF6,18,Calabria,Calabria,1947131,255636,13.13,0.92
557,2021-05-24,CAL,17785,8911,8874,9935,7769,81,ITF,ITF6,18,Calabria,Calabria,1947131,273421,14.04,0.91
558,2021-05-07,CAL,16294,7671,8623,9650,6545,99,ITF,ITF6,18,Calabria,Calabria,1947131,289715,14.88,0.84
559,2021-02-13,CAL,1420,613,807,1046,371,3,ITF,ITF6,18,Calabria,Calabria,1947131,291135,14.95,0.07
560,2021-08-15,CAL,52,24,28,18,33,1,ITF,ITF6,18,Calabria,Calabria,1947131,291187,14.95,0.0
561,2021-08-03,CAL,14100,7126,6974,3911,10115,74,ITF,ITF6,18,Calabria,Calabria,1947131,305287,15.68,0.72
562,2021-06-21,CAL,15420,7106,8314,7998,7383,39,ITF,ITF6,18,Calabria,Calabria,1947131,320707,16.47,0.79
563,2021-01-04,CAL,1076,533,543,1073,0,3,ITF,ITF6,18,Calabria,Calabria,1947131,321783,16.53,0.06
564,2021-04-23,CAL,13156,6460,6696,9437,3617,102,ITF,ITF6,18,Calabria,Calabria,1947131,334939,17.2,0.68
565,2021-01-13,CAL,2111,1067,1044,2099,0,12,ITF,ITF6,18,Calabria,Calabria,1947131,337050,17.31,0.11
566,2021-01-18,CAL,1310,594,716,1057,249,4,ITF,ITF6,18,Calabria,Calabria,1947131,338360,17.38,0.07
567,2021-07-03,CAL,15183,7147,8036,5283,9822,78,ITF,ITF6,18,Calabria,Calabria,1947131,353543,18.16,0.78
568,2021-04-11,CAL,4214,1916,2298,2243,1954,17,ITF,ITF6,18,Calabria,Calabria,1947131,357757,18.37,0.22
569,2021-07-20,CAL,17496,8486,9010,3197,14224,75,ITF,ITF6,18,Calabria,Calabria,1947131,375253,19.27,0.9
570,2021-03-11,CAL,7321,3483,3838,5949,1319,53,ITF,ITF6,18,Calabria,Calabria,1947131,382574,19.65,0.38
571,2021-06-19,CAL,15856,7422,8434,8498,7290,68,ITF,ITF6,18,Calabria,Calabria,1947131,398430,20.46,0.81
572,2021-09-10,CAL,8981,4553,4428,3613,5164,204,ITF,ITF6,18,Calabria,Calabria,1947131,407411,20.92,0.46
573,2021-09-15,CAL,7782,3846,3936,3290,4292,200,ITF,ITF6,18,Calabria,Calabria,1947131,415193,21.32,0.4
574,2021-02-25,CAL,2934,1578,1356,2289,605,40,ITF,ITF6,18,Calabria,Calabria,1947131,418127,21.47,0.15
575,2021-03-28,CAL,2697,1235,1462,1564,1126,7,ITF,ITF6,18,Calabria,Calabria,1947131,420824,21.61,0.14
576,2021-08-29,CAL,1685,888,797,721,933,31,ITF,ITF6,18,Calabria,Calabria,1947131,422509,21.7,0.09
577,2021-01-30,CAL,2212,1172,1040,294,1915,3,ITF,ITF6,18,Calabria,Calabria,1947131,424721,21.81,0.11
578,2021-02-17,CAL,1879,833,1046,1649,213,17,ITF,ITF6,18,Calabria,Calabria,1947131,426600,21.91,0.1
579,2021-07-24,CAL,18182,9345,8837,4683,13399,100,ITF,ITF6,18,Calabria,Calabria,1947131,444782,22.84,0.93
580,2021-05-12,CAL,16504,8048,8456,10826,5580,98,ITF,ITF6,18,Calabria,Calabria,1947131,461286,23.69,0.85
581,2021-05-26,CAL,18752,9340,9412,10335,8325,92,ITF,ITF6,18,Calabria,Calabria,1947131,480038,24.65,0.96
582,2021-03-30,CAL,6523,2852,3671,3655,2844,24,ITF,ITF6,18,Calabria,Calabria,1947131,486561,24.99,0.34
583,2021-09-03,CAL,9067,4631,4436,3574,5303,190,ITF,ITF6,18,Calabria,Calabria,1947131,495628,25.45,0.47
584,2021-03-02,CAL,4427,2503,1924,3622,796,9,ITF,ITF6,18,Calabria,Calabria,1947131,500055,25.68,0.23
585,2021-03-16,CAL,3876,1901,1975,2182,1680,14,ITF,ITF6,18,Calabria,Calabria,1947131,503931,25.88,0.2
586,2021-07-29,CAL,17592,8770,8822,4715,12775,102,ITF,ITF6,18,Calabria,Calabria,1947131,521523,26.78,0.9
587,2021-02-11,CAL,2353,1053,1300,1064,1267,22,ITF,ITF6,18,Calabria,Calabria,1947131,523876,26.91,0.12
588,2021-06-11,CAL,17833,8761,9072,15127,2581,125,ITF,ITF6,18,Calabria,Calabria,1947131,541709,27.82,0.92
589,2021-01-08,CAL,2202,1049,1153,2195,0,7,ITF,ITF6,18,Calabria,Calabria,1947131,543911,27.93,0.11
590,2021-03-18,CAL,4513,2112,2401,2345,2142,26,ITF,ITF6,18,Calabria,Calabria,1947131,548424,28.17,0.23
591,2021-06-23,CAL,17255,7880,9375,8146,9026,83,ITF,ITF6,18,Calabria,Calabria,1947131,565679,29.05,0.89
592,2021-03-13,CAL,7037,3050,3987,5946,1053,38,ITF,ITF6,18,Calabria,Calabria,1947131,572716,29.41,0.36
593,2021-05-14,CAL,19953,9584,10369,12949,6888,116,ITF,ITF6,18,Calabria,Calabria,1947131,592669,30.44,1.02
594,2021-04-27,CAL,9984,4907,5077,7958,1974,52,ITF,ITF6,18,Calabria,Calabria,1947131,602653,30.95,0.51
595,2021-02-03,CAL,2873,1481,1392,516,2352,5,ITF,ITF6,18,Calabria,Calabria,1947131,605526,31.1,0.15
596,2021-07-19,CAL,19021,9110,9911,3031,15939,51,ITF,ITF6,18,Calabria,Calabria,1947131,624547,32.08,0.98
597,2021-08-05,CAL,12475,6291,6184,3880,8495,100,ITF,ITF6,18,Calabria,Calabria,1947131,637022,32.72,0.64
598,2021-04-13,CAL,6977,3427,3550,5613,1337,27,ITF,ITF6,18,Calabria,Calabria,1947131,643999,33.07,0.36
599,2021-01-20,CAL,1410,630,780,1406,1,3,ITF,ITF6,18,Calabria,Calabria,1947131,645409,33.15,0.07
600,2021-01-03,CAL,6,3,3,6,0,0,ITF,ITF6,18,Calabria,Calabria,1947131,645415,33.15,0.0
601,2021-03-27,CAL,8862,4035,4827,4669,4148,45,ITF,ITF6,18,Calabria,Calabria,1947131,654277,33.6,0.46
602,2021-07-05,CAL,13385,6252,7133,4262,9058,65,ITF,ITF6,18,Calabria,Calabria,1947131,667662,34.29,0.69
603,2021-05-28,CAL,21021,10216,10805,11424,9484,113,ITF,ITF6,18,Calabria,Calabria,1947131,688683,35.37,1.08
604,2021-04-15,CAL,7806,3821,3985,6002,1756,48,ITF,ITF6,18,Calabria,Calabria,1947131,696489,35.77,0.4
605,2021-04-01,CAL,8704,3962,4742,4153,4512,39,ITF,ITF6,18,Calabria,Calabria,1947131,705193,36.22,0.45
606,2021-03-06,CAL,8551,4406,4145,7709,817,25,ITF,ITF6,18,Calabria,Calabria,1947131,713744,36.66,0.44
607,2021-08-19,CAL,5874,2945,2929,2347,3468,59,ITF,ITF6,18,Calabria,Calabria,1947131,719618,36.96,0.3
608,2021-05-09,CAL,9704,4532,5172,6032,3624,48,ITF,ITF6,18,Calabria,Calabria,1947131,729322,37.46,0.5
609,2021-01-29,CAL,2081,1005,1076,226,1854,1,ITF,ITF6,18,Calabria,Calabria,1947131,731403,37.56,0.11
610,2021-02-27,CAL,4068,2097,1971,3674,387,7,ITF,ITF6,18,Calabria,Calabria,1947131,735471,37.77,0.21
611,2021-07-31,CAL,13812,7061,6751,3636,10099,77,ITF,ITF6,18,Calabria,Calabria,1947131,749283,38.48,0.71
612,2021-01-27,CAL,1491,757,734,383,1107,1,ITF,ITF6,18,Calabria,Calabria,1947131,750774,38.56,0.08
613,2021-05-23,CAL,11394,5555,5839,6994,4356,44,ITF,ITF6,18,Calabria,Calabria,1947131,762168,39.14,0.59
614,2021-03-01,CAL,2764,1567,1197,2299,461,4,ITF,ITF6,18,Calabria,Calabria,1947131,764932,39.29,0.14
615,2021-06-09,CAL,18268,8628,9640,15898,2285,85,ITF,ITF6,18,Calabria,Calabria,1947131,783200,40.22,0.94
616,2021-08-31,CAL,6829,3376,3453,2670,4032,127,ITF,ITF6,18,Calabria,Calabria,1947131,790029,40.57,0.35
617,2021-01-15,CAL,2820,1267,1553,2814,0,6,ITF,ITF6,18,Calabria,Calabria,1947131,792849,40.72,0.14
618,2021-04-25,CAL,15900,8069,7831,14799,1033,68,ITF,ITF6,18,Calabria,Calabria,1947131,808749,41.54,0.82
619,2021-08-26,CAL,7211,3603,3608,3180,3908,123,ITF,ITF6,18,Calabria,Calabria,1947131,815960,41.91,0.37
620,2021-06-30,CAL,16394,7509,8885,7016,9276,102,ITF,ITF6,18,Calabria,Calabria,1947131,832354,42.75,0.84
621,2021-06-28,CAL,13308,6127,7181,5372,7868,68,ITF,ITF6,18,Calabria,Calabria,1947131,845662,43.43,0.68
622,2021-03-08,CAL,5524,2992,2532,4405,1086,33,ITF,ITF6,18,Calabria,Calabria,1947131,851186,43.71,0.28
623,2021-03-25,CAL,7526,3555,3971,4549,2938,39,ITF,ITF6,18,Calabria,Calabria,1947131,858712,44.1,0.39
624,2021-09-07,CAL,5892,2978,2914,2769,2981,142,ITF,ITF6,18,Calabria,Calabria,1947131,864604,44.4,0.3
625,2021-06-16,CAL,18344,8476,9868,12128,6126,90,ITF,ITF6,18,Calabria,Calabria,1947131,882948,45.35,0.94
626,2021-04-08,CAL,9374,4441,4933,5830,3490,54,ITF,ITF6,18,Calabria,Calabria,1947131,892322,45.83,0.48
627,2021-09-12,CAL,2137,1121,1016,824,1276,37,ITF,ITF6,18,Calabria,Calabria,1947131,894459,45.94,0.11
628,2021-02-10,CAL,2526,1086,1440,876,1635,15,ITF,ITF6,18,Calabria,Calabria,1947131,896985,46.07,0.13
629,2021-07-17,CAL,18336,9045,9291,2706,15562,68,ITF,ITF6,18,Calabria,Calabria,1947131,915321,47.01,0.94
630,2021-06-04,CAL,17545,8158,9387,12951,4524,70,ITF,ITF6,18,Calabria,Calabria,1947131,932866,47.91,0.9
631,2021-05-21,CAL,21376,10887,10489,13860,7407,109,ITF,ITF6,18,Calabria,Calabria,1947131,954242,49.01,1.1
632,2021-05-04,CAL,16538,7626,8912,11622,4810,106,ITF,ITF6,18,Calabria,Calabria,1947131,970780,49.86,0.85
633,2021-08-12,CAL,7651,3884,3767,2805,4670,176,ITF,ITF6,18,Calabria,Calabria,1947131,978431,50.25,0.39
634,2021-01-22,CAL,662,276,386,660,2,0,ITF,ITF6,18,Calabria,Calabria,1947131,979093,50.28,0.03
635,2021-05-02,CAL,12561,5862,6699,10582,1911,68,ITF,ITF6,18,Calabria,Calabria,1947131,991654,50.93,0.65
636,2021-07-12,CAL,17981,8539,9442,2687,15245,49,ITF,ITF6,18,Calabria,Calabria,1947131,1009635,51.85,0.92
637,2021-01-10,CAL,958,540,418,958,0,0,ITF,ITF6,18,Calabria,Calabria,1947131,1010593,51.9,0.05
638,2021-04-20,CAL,7907,3993,3914,6080,1750,77,ITF,ITF6,18,Calabria,Calabria,1947131,1018500,52.31,0.41
639,2021-09-02,CAL,7542,3918,3624,3159,4261,122,ITF,ITF6,18,Calabria,Calabria,1947131,1026042,52.7,0.39
640,2021-02-14,CAL,491,229,262,453,37,1,ITF,ITF6,18,Calabria,Calabria,1947131,1026533,52.72,0.03
641,2021-05-25,CAL,16428,8047,8381,10215,6126,87,ITF,ITF6,18,Calabria,Calabria,1947131,1042961,53.56,0.84
642,2021-01-26,CAL,1896,911,985,269,1626,1,ITF,ITF6,18,Calabria,Calabria,1947131,1044857,53.66,0.1
643,2021-03-20,CAL,6795,3114,3681,4183,2595,17,ITF,ITF6,18,Calabria,Calabria,1947131,1051652,54.01,0.35
644,2021-03-15,CAL,3668,1772,1896,2167,1489,12,ITF,ITF6,18,Calabria,Calabria,1947131,1055320,54.2,0.19
645,2021-08-28,CAL,5310,2782,2528,1902,3314,94,ITF,ITF6,18,Calabria,Calabria,1947131,1060630,54.47,0.27
646,2021-07-02,CAL,16277,7536,8741,6236,9953,88,ITF,ITF6,18,Calabria,Calabria,1947131,1076907,55.31,0.84
647,2021-05-20,CAL,17001,8511,8490,11273,5659,69,ITF,ITF6,18,Calabria,Calabria,1947131,1093908,56.18,0.87
648,2021-02-07,CAL,872,435,437,143,727,2,ITF,ITF6,18,Calabria,Calabria,1947131,1094780,56.23,0.04
649,2021-05-18,CAL,15346,7678,7668,11848,3429,69,ITF,ITF6,18,Calabria,Calabria,1947131,1110126,57.01,0.79
650,2021-03-22,CAL,5009,2355,2654,3185,1801,23,ITF,ITF6,18,Calabria,Calabria,1947131,1115135,57.27,0.26
651,2021-09-04,CAL,5553,2959,2594,2320,3127,106,ITF,ITF6,18,Calabria,Calabria,1947131,1120688,57.56,0.29
652,2021-01-05,CAL,1556,733,823,1554,0,2,ITF,ITF6,18,Calabria,Calabria,1947131,1122244,57.64,0.08
653,2021-01-12,CAL,2094,1035,1059,2085,0,9,ITF,ITF6,18,Calabria,Calabria,1947131,1124338,57.74,0.11
654,2021-03-29,CAL,5786,2501,3285,3975,1777,34,ITF,ITF6,18,Calabria,Calabria,1947131,1130124,58.04,0.3
655,2021-01-31,CAL,1132,564,568,148,984,0,ITF,ITF6,18,Calabria,Calabria,1947131,1131256,58.1,0.06
656,2021-07-07,CAL,13976,6585,7391,3901,9999,76,ITF,ITF6,18,Calabria,Calabria,1947131,1145232,58.82,0.72
657,2021-05-11,CAL,15152,7335,7817,10243,4837,72,ITF,ITF6,18,Calabria,Calabria,1947131,1160384,59.59,0.78
658,2021-07-16,CAL,21058,10034,11024,3375,17606,77,ITF,ITF6,18,Calabria,Calabria,1947131,1181442,60.68,1.08
659,2021-09-11,CAL,4843,2580,2263,1913,2809,121,ITF,ITF6,18,Calabria,Calabria,1947131,1186285,60.92,0.25
660,2021-06-18,CAL,18923,8811,10112,11283,7521,119,ITF,ITF6,18,Calabria,Calabria,1947131,1205208,61.9,0.97
661,2021-02-22,CAL,2108,1075,1033,1537,562,9,ITF,ITF6,18,Calabria,Calabria,1947131,1207316,62.0,0.11
662,2021-06-02,CAL,12113,5805,6308,8785,3278,50,ITF,ITF6,18,Calabria,Calabria,1947131,1219429,62.63,0.62
663,2021-08-07,CAL,9528,4874,4654,3019,6445,64,ITF,ITF6,18,Calabria,Calabria,1947131,1228957,63.12,0.49
664,2021-05-16,CAL,13820,6741,7079,9920,3844,56,ITF,ITF6,18,Calabria,Calabria,1947131,1242777,63.83,0.71
665,2021-08-24,CAL,6505,3228,3277,2319,4101,85,ITF,ITF6,18,Calabria,Calabria,1947131,1249282,64.16,0.33
666,2021-08-16,CAL,6977,3567,3410,2376,4539,62,ITF,ITF6,18,Calabria,Calabria,1947131,1256259,64.52,0.36
667,2021-02-12,CAL,1717,673,1044,943,768,6,ITF,ITF6,18,Calabria,Calabria,1947131,1257976,64.61,0.09
668,2021-02-24,CAL,1952,996,956,1467,479,6,ITF,ITF6,18,Calabria,Calabria,1947131,1259928,64.71,0.1
669,2021-03-03,CAL,5128,2801,2327,4024,1090,14,ITF,ITF6,18,Calabria,Calabria,1947131,1265056,64.97,0.26
670,2021-08-04,CAL,16017,8122,7895,4246,11667,104,ITF,ITF6,18,Calabria,Calabria,1947131,1281073,65.79,0.82
671,2021-06-29,CAL,13078,6041,7037,5352,7674,52,ITF,ITF6,18,Calabria,Calabria,1947131,1294151,66.46,0.67
672,2021-05-03,CAL,14859,6807,8052,10463,4302,94,ITF,ITF6,18,Calabria,Calabria,1947131,1309010,67.23,0.76
673,2021-03-21,CAL,4469,1931,2538,2726,1730,13,ITF,ITF6,18,Calabria,Calabria,1947131,1313479,67.46,0.23
674,2021-03-10,CAL,6891,3509,3382,5474,1378,39,ITF,ITF6,18,Calabria,Calabria,1947131,1320370,67.81,0.35
675,2021-08-23,CAL,7681,3814,3867,2793,4782,106,ITF,ITF6,18,Calabria,Calabria,1947131,1328051,68.21,0.39
676,2021-06-01,CAL,12886,5977,6909,7884,4942,60,ITF,ITF6,18,Calabria,Calabria,1947131,1340937,68.87,0.66
677,2021-09-09,CAL,6299,3153,3146,2399,3785,115,ITF,ITF6,18,Calabria,Calabria,1947131,1347236,69.19,0.32
678,2021-05-13,CAL,15991,7696,8295,11176,4738,77,ITF,ITF6,18,Calabria,Calabria,1947131,1363227,70.01,0.82
679,2021-02-19,CAL,1521,689,832,1248,264,9,ITF,ITF6,18,Calabria,Calabria,1947131,1364748,70.09,0.08
680,2021-05-30,CAL,11010,5308,5702,6821,4154,35,ITF,ITF6,18,Calabria,Calabria,1947131,1375758,70.66,0.57
681,2021-07-21,CAL,22117,10623,11494,4513,17488,116,ITF,ITF6,18,Calabria,Calabria,1947131,1397875,71.79,1.14
682,2021-01-17,CAL,914,441,473,808,100,6,ITF,ITF6,18,Calabria,Calabria,1947131,1398789,71.84,0.05
683,2021-03-24,CAL,8027,3672,4355,4586,3416,25,ITF,ITF6,18,Calabria,Calabria,1947131,1406816,72.25,0.41
684,2021-04-10,CAL,11742,5315,6427,6829,4868,45,ITF,ITF6,18,Calabria,Calabria,1947131,1418558,72.85,0.6
685,2021-07-28,CAL,21382,10734,10648,5893,15374,115,ITF,ITF6,18,Calabria,Calabria,1947131,1439940,73.95,1.1
686,2021-04-22,CAL,9844,4922,4922,6852,2938,54,ITF,ITF6,18,Calabria,Calabria,1947131,1449784,74.46,0.51
687,2021-05-06,CAL,13370,6326,7044,8926,4371,73,ITF,ITF6,18,Calabria,Calabria,1947131,1463154,75.14,0.69
688,2021-08-14,CAL,2233,1195,1038,728,1489,16,ITF,ITF6,18,Calabria,Calabria,1947131,1465387,75.26,0.11
689,2021-07-14,CAL,22650,10683,11967,4156,18417,77,ITF,ITF6,18,Calabria,Calabria,1947131,1488037,76.42,1.16
690,2021-04-05,CAL,3647,1730,1917,2674,960,13,ITF,ITF6,18,Calabria,Calabria,1947131,1491684,76.61,0.19
691,2021-02-09,CAL,2179,923,1256,953,1216,10,ITF,ITF6,18,Calabria,Calabria,1947131,1493863,76.72,0.11
692,2021-05-29,CAL,19306,8965,10341,9355,9876,75,ITF,ITF6,18,Calabria,Calabria,1947131,1513169,77.71,0.99
693,2021-09-06,CAL,7999,4115,3884,3440,4420,139,ITF,ITF6,18,Calabria,Calabria,1947131,1521168,78.12,0.41
694,2021-06-27,CAL,8428,3949,4479,4986,3400,42,ITF,ITF6,18,Calabria,Calabria,1947131,1529596,78.56,0.43
695,2021-04-03,CAL,9465,4095,5370,4535,4866,64,ITF,ITF6,18,Calabria,Calabria,1947131,1539061,79.04,0.49
696,2021-01-28,CAL,2300,1144,1156,78,2222,0,ITF,ITF6,18,Calabria,Calabria,1947131,1541361,79.16,0.12
697,2021-05-17,CAL,14912,7464,7448,10133,4721,58,ITF,ITF6,18,Calabria,Calabria,1947131,1556273,79.93,0.77
698,2021-08-25,CAL,8847,4330,4517,3326,5385,136,ITF,ITF6,18,Calabria,Calabria,1947131,1565120,80.38,0.45
699,2021-03-07,CAL,3417,1744,1673,3310,93,14,ITF,ITF6,18,Calabria,Calabria,1947131,1568537,80.56,0.18
700,2021-08-11,CAL,11061,5673,5388,3525,7421,115,ITF,ITF6,18,Calabria,Calabria,1947131,1579598,81.12,0.57
701,2021-06-15,CAL,15164,7053,8111,10239,4832,93,ITF,ITF6,18,Calabria,Calabria,1947131,1594762,81.9,0.78
702,2021-03-14,CAL,2776,1073,1703,2283,486,7,ITF,ITF6,18,Calabria,Calabria,1947131,1597538,82.05,0.14
703,2021-08-18,CAL,9458,4850,4608,3390,5968,100,ITF,ITF6,18,Calabria,Calabria,1947131,1606996,82.53,0.49
704,2021-06-22,CAL,14628,6919,7709,7378,7154,96,ITF,ITF6,18,Calabria,Calabria,1947131,1621624,83.28,0.75
705,2021-02-05,CAL,3866,1747,2119,472,3379,15,ITF,ITF6,18,Calabria,Calabria,1947131,1625490,83.48,0.2
706,2021-04-29,CAL,12527,6094,6433,8654,3813,60,ITF,ITF6,18,Calabria,Calabria,1947131,1638017,84.12,0.64
707,2021-04-12,CAL,7049,3429,3620,5354,1666,29,ITF,ITF6,18,Calabria,Calabria,1947131,1645066,84.49,0.36
708,2021-01-19,CAL,1133,500,633,1118,13,2,ITF,ITF6,18,Calabria,Calabria,1947131,1646199,84.54,0.06
709,2021-01-24,CAL,47,20,27,41,6,0,ITF,ITF6,18,Calabria,Calabria,1947131,1646246,84.55,0.0
710,2021-07-09,CAL,15685,7310,8375,3635,11979,71,ITF,ITF6,18,Calabria,Calabria,1947131,1661931,85.35,0.81
711,2021-08-21,CAL,3644,1859,1785,1439,2158,47,ITF,ITF6,18,Calabria,Calabria,1947131,1665575,85.54,0.19
712,2021-06-08,CAL,16690,7906,8784,14514,2052,124,ITF,ITF6,18,Calabria,Calabria,1947131,1682265,86.4,0.86
713,2021-09-16,CAL,6905,3406,3499,2747,3998,160,ITF,ITF6,18,Calabria,Calabria,1947131,1689170,86.75,0.35
714,2021-03-17,CAL,4204,1882,2322,2190,2004,10,ITF,ITF6,18,Calabria,Calabria,1947131,1693374,86.97,0.22
715,2021-06-25,CAL,18838,8748,10090,8064,10686,88,ITF,ITF6,18,Calabria,Calabria,1947131,1712212,87.94,0.97
716,2021-07-13,CAL,17441,8159,9282,2307,15064,70,ITF,ITF6,18,Calabria,Calabria,1947131,1729653,88.83,0.9
717,2021-04-19,CAL,7909,3820,4089,6173,1688,48,ITF,ITF6,18,Calabria,Calabria,1947131,1737562,89.24,0.41
718,2021-01-09,CAL,2105,1130,975,2097,0,8,ITF,ITF6,18,Calabria,Calabria,1947131,1739667,89.35,0.11
719,2021-09-01,CAL,9141,4694,4447,3498,5497,146,ITF,ITF6,18,Calabria,Calabria,1947131,1748808,89.81,0.47
720,2021-07-25,CAL,6949,3571,3378,1467,5450,32,ITF,ITF6,18,Calabria,Calabria,1947131,1755757,90.17,0.36
721,2021-04-14,CAL,8099,3911,4188,6588,1461,50,ITF,ITF6,18,Calabria,Calabria,1947131,1763856,90.59,0.42
722,2021-02-16,CAL,1755,746,1009,1468,281,6,ITF,ITF6,18,Calabria,Calabria,1947131,1765611,90.68,0.09
723,2021-07-23,CAL,22755,11354,11401,5560,17090,105,ITF,ITF6,18,Calabria,Calabria,1947131,1788366,91.85,1.17
724,2021-05-27,CAL,17677,8742,8935,9771,7823,83,ITF,ITF6,18,Calabria,Calabria,1947131,1806043,92.75,0.91
725,2021-02-21,CAL,671,307,364,591,79,1,ITF,ITF6,18,Calabria,Calabria,1947131,1806714,92.79,0.03
726,2021-04-28,CAL,12577,6101,6476,9622,2883,72,ITF,ITF6,18,Calabria,Calabria,1947131,1819291,93.43,0.65
727,2021-02-04,CAL,3679,1748,1931,647,3026,6,ITF,ITF6,18,Calabria,Calabria,1947131,1822970,93.62,0.19
728,2021-05-15,CAL,27283,13058,14225,20266,6885,132,ITF,ITF6,18,Calabria,Calabria,1947131,1850253,95.02,1.4
729,2021-08-06,CAL,15624,7932,7692,5086,10404,134,ITF,ITF6,18,Calabria,Calabria,1947131,1865877,95.83,0.8
730,2021-02-02,CAL,2376,1170,1206,176,2200,0,ITF,ITF6,18,Calabria,Calabria,1947131,1868253,95.95,0.12
731,2021-01-16,CAL,2429,1140,1289,2426,0,3,ITF,ITF6,18,Calabria,Calabria,1947131,1870682,96.07,0.12
732,2021-08-13,CAL,7594,3918,3676,2443,5083,68,ITF,ITF6,18,Calabria,Calabria,1947131,1878276,96.46,0.39
733,2021-05-08,CAL,18588,8434,10154,10494,8013,81,ITF,ITF6,18,Calabria,Calabria,1947131,1896864,97.42,0.95
734,2021-05-22,CAL,22204,10564,11640,14212,7903,89,ITF,ITF6,18,Calabria,Calabria,1947131,1919068,98.56,1.14
735,2021-08-30,CAL,9377,4711,4666,3144,6108,125,ITF,ITF6,18,Calabria,Calabria,1947131,1928445,99.04,0.48
736,2021-04-21,CAL,11644,5849,5795,8641,2940,63,ITF,ITF6,18,Calabria,Calabria,1947131,1940089,99.64,0.6
737,2021-07-30,CAL,19738,10062,9676,5516,14094,128,ITF,ITF6,18,Calabria,Calabria,1947131,1959827,100.65,1.01
738,2021-04-02,CAL,8563,3924,4639,4586,3943,34,ITF,ITF6,18,Calabria,Calabria,1947131,1968390,101.09,0.44
739,2021-05-10,CAL,13173,6125,7048,7683,5421,69,ITF,ITF6,18,Calabria,Calabria,1947131,1981563,101.77,0.68
740,2021-04-26,CAL,10194,5061,5133,7710,2434,50,ITF,ITF6,18,Calabria,Calabria,1947131,1991757,102.29,0.52
741,2021-07-04,CAL,5958,2825,3133,1992,3930,36,ITF,ITF6,18,Calabria,Calabria,1947131,1997715,102.6,0.31
742,2021-06-17,CAL,15823,7228,8595,9598,6171,54,ITF,ITF6,18,Calabria,Calabria,1947131,2013538,103.41,0.81
743,2021-03-26,CAL,8121,3854,4267,4947,3140,34,ITF,ITF6,18,Calabria,Calabria,1947131,2021659,103.83,0.42
744,2021-09-08,CAL,7722,3984,3738,3300,4267,155,ITF,ITF6,18,Calabria,Calabria,1947131,2029381,104.22,0.4
745,2021-08-01,CAL,4895,2562,2333,1172,3699,24,ITF,ITF6,18,Calabria,Calabria,1947131,2034276,104.48,0.25
746,2021-07-06,CAL,12496,5750,6746,3824,8606,66,ITF,ITF6,18,Calabria,Calabria,1947131,2046772,105.12,0.64
747,2021-01-02,CAL,166,94,72,166,0,0,ITF,ITF6,18,Calabria,Calabria,1947131,2046938,105.13,0.01
748,2020-12-28,CAL,6,2,4,6,0,0,ITF,ITF6,18,Calabria,Calabria,1947131,2046944,105.13,0.0
749,2021-06-03,CAL,14259,6657,7602,9589,4616,54,ITF,ITF6,18,Calabria,Calabria,1947131,2061203,105.86,0.73
750,2021-04-07,CAL,9202,4181,5021,5069,4074,59,ITF,ITF6,18,Calabria,Calabria,1947131,2070405,106.33,0.47
751,2021-02-23,CAL,1619,766,853,1495,119,5,ITF,ITF6,18,Calabria,Calabria,1947131,2072024,106.41,0.08
752,2021-03-31,CAL,9168,4182,4986,5065,4065,38,ITF,ITF6,18,Calabria,Calabria,1947131,2081192,106.89,0.47
753,2021-04-09,CAL,8049,3774,4275,5061,2897,91,ITF,ITF6,18,Calabria,Calabria,1947131,2089241,107.3,0.41
754,2021-09-13,CAL,8492,4298,4194,3220,5118,154,ITF,ITF6,18,Calabria,Calabria,1947131,2097733,107.73,0.44
755,2021-07-18,CAL,8791,4205,4586,1280,7479,32,ITF,ITF6,18,Calabria,Calabria,1947131,2106524,108.19,0.45
756,2021-06-24,CAL,15424,7027,8397,6982,8361,81,ITF,ITF6,18,Calabria,Calabria,1947131,2121948,108.98,0.79
757,2021-03-19,CAL,4270,1997,2273,1885,2378,7,ITF,ITF6,18,Calabria,Calabria,1947131,2126218,109.2,0.22
758,2021-07-11,CAL,6435,2986,3449,846,5578,11,ITF,ITF6,18,Calabria,Calabria,1947131,2132653,109.53,0.33
759,2021-06-10,CAL,15897,7334,8563,12983,2812,102,ITF,ITF6,18,Calabria,Calabria,1947131,2148550,110.34,0.82
760,2021-02-28,CAL,2381,1086,1295,2221,157,3,ITF,ITF6,18,Calabria,Calabria,1947131,2150931,110.47,0.12
761,2021-06-05,CAL,20799,9715,11084,17634,3084,81,ITF,ITF6,18,Calabria,Calabria,1947131,2171730,111.53,1.07
762,2021-05-19,CAL,18324,9081,9243,11258,6990,76,ITF,ITF6,18,Calabria,Calabria,1947131,2190054,112.48,0.94
763,2021-03-23,CAL,5268,2470,2798,3420,1824,24,ITF,ITF6,18,Calabria,Calabria,1947131,2195322,112.75,0.27
764,2021-08-27,CAL,9165,4773,4392,3612,5393,160,ITF,ITF6,18,Calabria,Calabria,1947131,2204487,113.22,0.47
765,2021-07-15,CAL,18284,8810,9474,2520,15711,53,ITF,ITF6,18,Calabria,Calabria,1947131,2222771,114.16,0.94
766,2021-02-15,CAL,1184,568,616,1014,165,5,ITF,ITF6,18,Calabria,Calabria,1947131,2223955,114.22,0.06
767,2021-09-14,CAL,6534,3219,3315,2520,3885,129,ITF,ITF6,18,Calabria,Calabria,1947131,2230489,114.55,0.34
768,2020-12-27,CAL,317,169,148,317,0,0,ITF,ITF6,18,Calabria,Calabria,1947131,2230806,114.57,0.02
769,2021-04-06,CAL,8189,3731,4458,4464,3688,37,ITF,ITF6,18,Calabria,Calabria,1947131,2238995,114.99,0.42
770,2021-02-08,CAL,1880,748,1132,667,1210,3,ITF,ITF6,18,Calabria,Calabria,1947131,2240875,115.09,0.1
771,2021-04-24,CAL,19311,9610,9701,15758,3463,90,ITF,ITF6,18,Calabria,Calabria,1947131,2260186,116.08,0.99
772,2021-02-26,CAL,3173,1685,1488,2694,464,15,ITF,ITF6,18,Calabria,Calabria,1947131,2263359,116.24,0.16
773,2021-08-02,CAL,15080,7537,7543,3724,11298,58,ITF,ITF6,18,Calabria,Calabria,1947131,2278439,117.02,0.77
774,2021-06-20,CAL,6651,3150,3501,3815,2808,28,ITF,ITF6,18,Calabria,Calabria,1947131,2285090,117.36,0.34
775,2021-06-06,CAL,13811,6640,7171,12015,1725,71,ITF,ITF6,18,Calabria,Calabria,1947131,2298901,118.07,0.71
776,2021-01-07,CAL,2226,1091,1135,2222,0,4,ITF,ITF6,18,Calabria,Calabria,1947131,2301127,118.18,0.11
777,2021-06-13,CAL,6862,3367,3495,5730,1076,56,ITF,ITF6,18,Calabria,Calabria,1947131,2307989,118.53,0.35
778,2021-04-17,CAL,10869,5081,5788,9030,1788,51,ITF,ITF6,18,Calabria,Calabria,1947131,2318858,119.09,0.56
779,2021-05-01,CAL,16755,7983,8772,12400,4263,92,ITF,ITF6,18,Calabria,Calabria,1947131,2335613,119.95,0.86
780,2021-03-05,CAL,6244,3624,2620,5649,579,16,ITF,ITF6,18,Calabria,Calabria,1947131,2341857,120.27,0.32
781,2021-08-09,CAL,13165,6713,6452,4638,8364,163,ITF,ITF6,18,Calabria,Calabria,1947131,2355022,120.95,0.68
782,2021-07-26,CAL,18804,9343,9461,5217,13493,94,ITF,ITF6,18,Calabria,Calabria,1947131,2373826,121.91,0.97
783,2021-03-12,CAL,5162,2473,2689,4074,1065,23,ITF,ITF6,18,Calabria,Calabria,1947131,2378988,122.18,0.27
784,2021-01-14,CAL,2678,1272,1406,2672,0,6,ITF,ITF6,18,Calabria,Calabria,1947131,2381666,122.32,0.14
785,2021-01-21,CAL,984,461,523,946,35,3,ITF,ITF6,18,Calabria,Calabria,1947131,2382650,122.37,0.05
786,2021-08-20,CAL,7568,3822,3746,3018,4459,91,ITF,ITF6,18,Calabria,Calabria,1947131,2390218,122.76,0.39
787,2021-04-08,BAS,788,361,427,760,10,18,ITF,ITF5,17,Basilicata,Basilicata,559084,788,0.14,0.14
788,2021-04-22,BAS,5051,2353,2698,3382,1614,55,ITF,ITF5,17,Basilicata,Basilicata,559084,5839,1.04,0.9
789,2021-07-31,BAS,5469,2877,2592,1822,3591,56,ITF,ITF5,17,Basilicata,Basilicata,559084,11308,2.02,0.98
790,2021-07-17,BAS,5857,2917,2940,1709,4109,39,ITF,ITF5,17,Basilicata,Basilicata,559084,17165,3.07,1.05
791,2021-06-30,BAS,3452,1668,1784,2315,1111,26,ITF,ITF5,17,Basilicata,Basilicata,559084,20617,3.69,0.62
792,2021-05-04,BAS,4142,1995,2147,3568,524,50,ITF,ITF5,17,Basilicata,Basilicata,559084,24759,4.43,0.74
793,2021-03-08,BAS,1477,725,752,823,621,33,ITF,ITF5,17,Basilicata,Basilicata,559084,26236,4.69,0.26
794,2021-06-16,BAS,4606,2086,2520,2126,2460,20,ITF,ITF5,17,Basilicata,Basilicata,559084,30842,5.52,0.82
795,2021-06-04,BAS,4834,2289,2545,3749,1048,37,ITF,ITF5,17,Basilicata,Basilicata,559084,35676,6.38,0.86
796,2021-09-12,BAS,1754,929,825,303,1423,28,ITF,ITF5,17,Basilicata,Basilicata,559084,37430,6.69,0.31
797,2021-02-24,BAS,1815,744,1071,1729,75,11,ITF,ITF5,17,Basilicata,Basilicata,559084,39245,7.02,0.32
798,2021-08-26,BAS,2525,1278,1247,1122,1339,64,ITF,ITF5,17,Basilicata,Basilicata,559084,41770,7.47,0.45
799,2021-02-22,BAS,1799,778,1021,1737,53,9,ITF,ITF5,17,Basilicata,Basilicata,559084,43569,7.79,0.32
800,2021-08-12,BAS,3919,2000,1919,1678,2159,82,ITF,ITF5,17,Basilicata,Basilicata,559084,47488,8.49,0.7
801,2021-07-26,BAS,5417,2721,2696,1991,3388,38,ITF,ITF5,17,Basilicata,Basilicata,559084,52905,9.46,0.97
802,2021-01-22,BAS,67,24,43,67,0,0,ITF,ITF5,17,Basilicata,Basilicata,559084,52972,9.47,0.01
803,2021-07-24,BAS,5748,2944,2804,1775,3923,50,ITF,ITF5,17,Basilicata,Basilicata,559084,58720,10.5,1.03
804,2021-03-25,BAS,1887,607,1280,1514,349,24,ITF,ITF5,17,Basilicata,Basilicata,559084,60607,10.84,0.34
805,2021-01-27,BAS,422,179,243,113,309,0,ITF,ITF5,17,Basilicata,Basilicata,559084,61029,10.92,0.08
806,2021-02-10,BAS,552,241,311,497,53,2,ITF,ITF5,17,Basilicata,Basilicata,559084,61581,11.01,0.1
807,2021-05-21,BAS,4578,2321,2257,1480,3086,12,ITF,ITF5,17,Basilicata,Basilicata,559084,66159,11.83,0.82
808,2021-01-10,BAS,77,24,53,77,0,0,ITF,ITF5,17,Basilicata,Basilicata,559084,66236,11.85,0.01
809,2021-04-20,BAS,4151,1982,2169,2179,1944,28,ITF,ITF5,17,Basilicata,Basilicata,559084,70387,12.59,0.74
810,2021-08-07,BAS,4518,2376,2142,1360,3098,60,ITF,ITF5,17,Basilicata,Basilicata,559084,74905,13.4,0.81
811,2021-05-30,BAS,2778,1421,1357,920,1853,5,ITF,ITF5,17,Basilicata,Basilicata,559084,77683,13.89,0.5
812,2021-04-03,BAS,1815,754,1061,1464,338,13,ITF,ITF5,17,Basilicata,Basilicata,559084,79498,14.22,0.32
813,2021-09-07,BAS,2657,1371,1286,679,1906,72,ITF,ITF5,17,Basilicata,Basilicata,559084,82155,14.69,0.48
814,2021-08-24,BAS,3268,1767,1501,1478,1713,77,ITF,ITF5,17,Basilicata,Basilicata,559084,85423,15.28,0.58
815,2021-01-15,BAS,819,353,466,819,0,0,ITF,ITF5,17,Basilicata,Basilicata,559084,86242,15.43,0.15
816,2020-12-27,BAS,106,41,65,106,0,0,ITF,ITF5,17,Basilicata,Basilicata,559084,86348,15.44,0.02
817,2021-03-20,BAS,1307,577,730,276,1024,7,ITF,ITF5,17,Basilicata,Basilicata,559084,87655,15.68,0.23
818,2021-06-28,BAS,3641,1747,1894,2113,1509,19,ITF,ITF5,17,Basilicata,Basilicata,559084,91296,16.33,0.65
819,2021-02-17,BAS,1137,493,644,1058,77,2,ITF,ITF5,17,Basilicata,Basilicata,559084,92433,16.53,0.2
820,2021-05-28,BAS,3617,1811,1806,918,2666,33,ITF,ITF5,17,Basilicata,Basilicata,559084,96050,17.18,0.65
821,2021-06-11,BAS,4236,1982,2254,3166,1028,42,ITF,ITF5,17,Basilicata,Basilicata,559084,100286,17.94,0.76
822,2021-08-19,BAS,3595,1871,1724,1671,1836,88,ITF,ITF5,17,Basilicata,Basilicata,559084,103881,18.58,0.64
823,2021-05-11,BAS,2654,1353,1301,1597,1033,24,ITF,ITF5,17,Basilicata,Basilicata,559084,106535,19.06,0.47
824,2021-06-09,BAS,4422,2071,2351,3966,423,33,ITF,ITF5,17,Basilicata,Basilicata,559084,110957,19.85,0.79
825,2021-04-13,BAS,2120,1054,1066,1278,823,19,ITF,ITF5,17,Basilicata,Basilicata,559084,113077,20.23,0.38
826,2021-03-01,BAS,553,286,267,384,169,0,ITF,ITF5,17,Basilicata,Basilicata,559084,113630,20.32,0.1
827,2021-08-14,BAS,3478,1906,1572,1421,1997,60,ITF,ITF5,17,Basilicata,Basilicata,559084,117108,20.95,0.62
828,2021-06-18,BAS,4466,2067,2399,2180,2259,27,ITF,ITF5,17,Basilicata,Basilicata,559084,121574,21.75,0.8
829,2021-06-23,BAS,3240,1522,1718,2331,876,33,ITF,ITF5,17,Basilicata,Basilicata,559084,124814,22.32,0.58
830,2021-09-14,BAS,2328,1283,1045,458,1821,49,ITF,ITF5,17,Basilicata,Basilicata,559084,127142,22.74,0.42
831,2021-03-13,BAS,1811,896,915,740,1049,22,ITF,ITF5,17,Basilicata,Basilicata,559084,128953,23.07,0.32
832,2021-05-02,BAS,4182,2001,2181,3489,629,64,ITF,ITF5,17,Basilicata,Basilicata,559084,133135,23.81,0.75
833,2021-04-15,BAS,3431,1679,1752,2586,799,46,ITF,ITF5,17,Basilicata,Basilicata,559084,136566,24.43,0.61
834,2021-07-07,BAS,5203,2470,2733,2019,3169,15,ITF,ITF5,17,Basilicata,Basilicata,559084,141769,25.36,0.93
835,2021-01-03,BAS,910,347,563,910,0,0,ITF,ITF5,17,Basilicata,Basilicata,559084,142679,25.52,0.16
836,2021-01-08,BAS,556,220,336,556,0,0,ITF,ITF5,17,Basilicata,Basilicata,559084,143235,25.62,0.1
837,2021-03-15,BAS,2385,999,1386,514,1852,19,ITF,ITF5,17,Basilicata,Basilicata,559084,145620,26.05,0.43
838,2021-01-17,BAS,331,133,198,330,1,0,ITF,ITF5,17,Basilicata,Basilicata,559084,145951,26.11,0.06
839,2021-04-27,BAS,4730,2243,2487,4349,327,54,ITF,ITF5,17,Basilicata,Basilicata,559084,150681,26.95,0.85
840,2021-08-05,BAS,4558,2320,2238,1285,3232,41,ITF,ITF5,17,Basilicata,Basilicata,559084,155239,27.77,0.82
841,2021-09-02,BAS,3032,1624,1408,881,2073,78,ITF,ITF5,17,Basilicata,Basilicata,559084,158271,28.31,0.54
842,2021-04-01,BAS,2743,1122,1621,1968,743,32,ITF,ITF5,17,Basilicata,Basilicata,559084,161014,28.8,0.49
843,2021-02-03,BAS,675,305,370,32,643,0,ITF,ITF5,17,Basilicata,Basilicata,559084,161689,28.92,0.12
844,2021-02-05,BAS,998,449,549,64,932,2,ITF,ITF5,17,Basilicata,Basilicata,559084,162687,29.1,0.18
845,2021-07-12,BAS,5441,2592,2849,1606,3809,26,ITF,ITF5,17,Basilicata,Basilicata,559084,168128,30.07,0.97
846,2021-05-16,BAS,4973,2468,2505,2805,2113,55,ITF,ITF5,17,Basilicata,Basilicata,559084,173101,30.96,0.89
847,2021-07-19,BAS,5926,2890,3036,1998,3886,42,ITF,ITF5,17,Basilicata,Basilicata,559084,179027,32.02,1.06
848,2021-05-23,BAS,4518,2302,2216,1527,2984,7,ITF,ITF5,17,Basilicata,Basilicata,559084,183545,32.83,0.81
849,2021-03-06,BAS,1377,544,833,752,612,13,ITF,ITF5,17,Basilicata,Basilicata,559084,184922,33.08,0.25
850,2021-05-09,BAS,4688,2342,2346,2945,1694,49,ITF,ITF5,17,Basilicata,Basilicata,559084,189610,33.91,0.84
851,2021-02-15,BAS,636,240,396,576,44,16,ITF,ITF5,17,Basilicata,Basilicata,559084,190246,34.03,0.11
852,2021-01-29,BAS,619,233,386,63,556,0,ITF,ITF5,17,Basilicata,Basilicata,559084,190865,34.14,0.11
853,2021-07-14,BAS,5641,2721,2920,1627,3989,25,ITF,ITF5,17,Basilicata,Basilicata,559084,196506,35.15,1.01
854,2021-04-05,BAS,726,235,491,411,305,10,ITF,ITF5,17,Basilicata,Basilicata,559084,197232,35.28,0.13
855,2021-03-22,BAS,1223,549,674,641,574,8,ITF,ITF5,17,Basilicata,Basilicata,559084,198455,35.5,0.22
856,2021-03-03,BAS,1812,847,965,1220,565,27,ITF,ITF5,17,Basilicata,Basilicata,559084,200267,35.82,0.32
857,2021-08-23,BAS,3315,1736,1579,1369,1864,82,ITF,ITF5,17,Basilicata,Basilicata,559084,203582,36.41,0.59
858,2021-01-24,BAS,869,317,552,58,810,1,ITF,ITF5,17,Basilicata,Basilicata,559084,204451,36.57,0.16
859,2021-05-13,BAS,5986,2969,3017,3298,2598,90,ITF,ITF5,17,Basilicata,Basilicata,559084,210437,37.64,1.07
860,2021-08-21,BAS,3268,1778,1490,1711,1461,96,ITF,ITF5,17,Basilicata,Basilicata,559084,213705,38.22,0.58
861,2021-07-09,BAS,5338,2608,2730,1696,3633,9,ITF,ITF5,17,Basilicata,Basilicata,559084,219043,39.18,0.95
862,2021-04-17,BAS,3462,1656,1806,2171,1262,29,ITF,ITF5,17,Basilicata,Basilicata,559084,222505,39.8,0.62
863,2021-02-07,BAS,384,163,221,49,335,0,ITF,ITF5,17,Basilicata,Basilicata,559084,222889,39.87,0.07
864,2021-05-18,BAS,5896,2855,3041,3377,2492,27,ITF,ITF5,17,Basilicata,Basilicata,559084,228785,40.92,1.05
865,2021-08-09,BAS,4013,2066,1947,1568,2398,47,ITF,ITF5,17,Basilicata,Basilicata,559084,232798,41.64,0.72
866,2021-07-23,BAS,5551,2781,2770,1889,3616,46,ITF,ITF5,17,Basilicata,Basilicata,559084,238349,42.63,0.99
867,2021-05-01,BAS,4708,2139,2569,3883,755,70,ITF,ITF5,17,Basilicata,Basilicata,559084,243057,43.47,0.84
868,2021-06-01,BAS,6137,2927,3210,3034,3076,27,ITF,ITF5,17,Basilicata,Basilicata,559084,249194,44.57,1.1
869,2021-09-09,BAS,3182,1702,1480,684,2418,80,ITF,ITF5,17,Basilicata,Basilicata,559084,252376,45.14,0.57
870,2021-08-04,BAS,4500,2232,2268,1423,3035,42,ITF,ITF5,17,Basilicata,Basilicata,559084,256876,45.95,0.8
871,2021-06-08,BAS,4589,2196,2393,4192,358,39,ITF,ITF5,17,Basilicata,Basilicata,559084,261465,46.77,0.82
872,2021-06-27,BAS,3007,1477,1530,2377,616,14,ITF,ITF5,17,Basilicata,Basilicata,559084,264472,47.3,0.54
873,2021-04-29,BAS,4859,2398,2461,4341,441,77,ITF,ITF5,17,Basilicata,Basilicata,559084,269331,48.17,0.87
874,2021-03-17,BAS,1474,615,859,24,1446,4,ITF,ITF5,17,Basilicata,Basilicata,559084,270805,48.44,0.26
875,2021-05-25,BAS,4200,2114,2086,868,3322,10,ITF,ITF5,17,Basilicata,Basilicata,559084,275005,49.19,0.75
876,2021-02-14,BAS,151,48,103,105,0,46,ITF,ITF5,17,Basilicata,Basilicata,559084,275156,49.22,0.03
877,2021-01-31,BAS,78,24,54,0,78,0,ITF,ITF5,17,Basilicata,Basilicata,559084,275234,49.23,0.01
878,2021-01-12,BAS,217,88,129,217,0,0,ITF,ITF5,17,Basilicata,Basilicata,559084,275451,49.27,0.04
879,2021-03-05,BAS,1886,870,1016,1105,764,17,ITF,ITF5,17,Basilicata,Basilicata,559084,277337,49.61,0.34
880,2021-06-13,BAS,3014,1440,1574,2678,308,28,ITF,ITF5,17,Basilicata,Basilicata,559084,280351,50.14,0.54
881,2021-05-27,BAS,3623,1863,1760,1072,2537,14,ITF,ITF5,17,Basilicata,Basilicata,559084,283974,50.79,0.65
882,2021-09-04,BAS,2604,1395,1209,773,1763,68,ITF,ITF5,17,Basilicata,Basilicata,559084,286578,51.26,0.47
883,2021-05-08,BAS,4845,2407,2438,3378,1413,54,ITF,ITF5,17,Basilicata,Basilicata,559084,291423,52.13,0.87
884,2021-08-16,BAS,3566,1866,1700,1484,1998,84,ITF,ITF5,17,Basilicata,Basilicata,559084,294989,52.76,0.64
885,2021-03-10,BAS,1688,847,841,838,839,11,ITF,ITF5,17,Basilicata,Basilicata,559084,296677,53.06,0.3
886,2021-02-26,BAS,2165,908,1257,2077,82,6,ITF,ITF5,17,Basilicata,Basilicata,559084,298842,53.45,0.39
887,2021-05-20,BAS,5885,2981,2904,2886,2971,28,ITF,ITF5,17,Basilicata,Basilicata,559084,304727,54.5,1.05
888,2021-08-28,BAS,2275,1287,988,1110,1105,60,ITF,ITF5,17,Basilicata,Basilicata,559084,307002,54.91,0.41
889,2021-06-06,BAS,4512,2074,2438,3695,779,38,ITF,ITF5,17,Basilicata,Basilicata,559084,311514,55.72,0.81
890,2021-04-12,BAS,2175,1054,1121,1651,494,30,ITF,ITF5,17,Basilicata,Basilicata,559084,313689,56.11,0.39
891,2021-09-16,BAS,2449,1270,1179,410,1986,53,ITF,ITF5,17,Basilicata,Basilicata,559084,316138,56.55,0.44
892,2021-07-21,BAS,5845,2942,2903,1611,4201,33,ITF,ITF5,17,Basilicata,Basilicata,559084,321983,57.59,1.05
893,2021-04-19,BAS,4182,1920,2262,2395,1653,134,ITF,ITF5,17,Basilicata,Basilicata,559084,326165,58.34,0.75
894,2021-07-28,BAS,5037,2576,2461,1929,3048,60,ITF,ITF5,17,Basilicata,Basilicata,559084,331202,59.24,0.9
895,2021-01-19,BAS,199,84,115,199,0,0,ITF,ITF5,17,Basilicata,Basilicata,559084,331401,59.28,0.04
896,2021-06-25,BAS,3317,1571,1746,2444,839,34,ITF,ITF5,17,Basilicata,Basilicata,559084,334718,59.87,0.59
897,2021-07-04,BAS,3112,1563,1549,2164,922,26,ITF,ITF5,17,Basilicata,Basilicata,559084,337830,60.43,0.56
898,2021-08-30,BAS,3199,1711,1488,1549,1546,104,ITF,ITF5,17,Basilicata,Basilicata,559084,341029,61.0,0.57
899,2021-03-24,BAS,2003,772,1231,1481,496,26,ITF,ITF5,17,Basilicata,Basilicata,559084,343032,61.36,0.36
900,2021-07-02,BAS,3689,1839,1850,2484,1176,29,ITF,ITF5,17,Basilicata,Basilicata,559084,346721,62.02,0.66
901,2021-04-24,BAS,4584,2222,2362,3477,1051,56,ITF,ITF5,17,Basilicata,Basilicata,559084,351305,62.84,0.82
902,2021-08-02,BAS,4612,2334,2278,1779,2793,40,ITF,ITF5,17,Basilicata,Basilicata,559084,355917,63.66,0.82
903,2021-07-16,BAS,5933,2900,3033,1802,4097,34,ITF,ITF5,17,Basilicata,Basilicata,559084,361850,64.72,1.06
904,2021-09-06,BAS,3013,1569,1444,746,2189,78,ITF,ITF5,17,Basilicata,Basilicata,559084,364863,65.26,0.54
905,2021-05-10,BAS,4804,2382,2422,2709,2042,53,ITF,ITF5,17,Basilicata,Basilicata,559084,369667,66.12,0.86
906,2021-08-18,BAS,3571,1975,1596,1499,1976,96,ITF,ITF5,17,Basilicata,Basilicata,559084,373238,66.76,0.64
907,2021-01-26,BAS,813,358,455,101,712,0,ITF,ITF5,17,Basilicata,Basilicata,559084,374051,66.9,0.15
908,2021-05-06,BAS,5069,2441,2628,3431,1587,51,ITF,ITF5,17,Basilicata,Basilicata,559084,379120,67.81,0.91
909,2021-05-15,BAS,6533,3344,3189,3875,2575,83,ITF,ITF5,17,Basilicata,Basilicata,559084,385653,68.98,1.17
910,2021-04-02,BAS,2346,1059,1287,1715,606,25,ITF,ITF5,17,Basilicata,Basilicata,559084,387999,69.4,0.42
911,2021-02-04,BAS,1108,446,662,64,1044,0,ITF,ITF5,17,Basilicata,Basilicata,559084,389107,69.6,0.2
912,2021-07-11,BAS,5033,2407,2626,1510,3498,25,ITF,ITF5,17,Basilicata,Basilicata,559084,394140,70.5,0.9
913,2021-09-15,BAS,2380,1255,1125,566,1764,50,ITF,ITF5,17,Basilicata,Basilicata,559084,396520,70.92,0.43
914,2021-02-02,BAS,370,145,225,175,194,1,ITF,ITF5,17,Basilicata,Basilicata,559084,396890,70.99,0.07
915,2021-04-09,BAS,1152,350,802,1062,63,27,ITF,ITF5,17,Basilicata,Basilicata,559084,398042,71.2,0.21
916,2021-07-13,BAS,5853,2825,3028,1770,4034,49,ITF,ITF5,17,Basilicata,Basilicata,559084,403895,72.24,1.05
917,2021-06-15,BAS,3222,1417,1805,2225,976,21,ITF,ITF5,17,Basilicata,Basilicata,559084,407117,72.82,0.58
918,2021-02-28,BAS,813,347,466,772,37,4,ITF,ITF5,17,Basilicata,Basilicata,559084,407930,72.96,0.15
919,2021-01-02,BAS,958,383,575,957,0,1,ITF,ITF5,17,Basilicata,Basilicata,559084,408888,73.14,0.17
920,2021-01-16,BAS,726,305,421,726,0,0,ITF,ITF5,17,Basilicata,Basilicata,559084,409614,73.27,0.13
921,2021-04-26,BAS,4465,2164,2301,4194,221,50,ITF,ITF5,17,Basilicata,Basilicata,559084,414079,74.06,0.8
922,2021-09-01,BAS,3248,1683,1565,1045,2104,99,ITF,ITF5,17,Basilicata,Basilicata,559084,417327,74.64,0.58
923,2021-02-11,BAS,958,406,552,873,83,2,ITF,ITF5,17,Basilicata,Basilicata,559084,418285,74.82,0.17
924,2021-08-11,BAS,3708,1921,1787,1427,2223,58,ITF,ITF5,17,Basilicata,Basilicata,559084,421993,75.48,0.66
925,2021-04-14,BAS,2049,1004,1045,1356,677,16,ITF,ITF5,17,Basilicata,Basilicata,559084,424042,75.85,0.37
926,2021-01-21,BAS,31,10,21,30,1,0,ITF,ITF5,17,Basilicata,Basilicata,559084,424073,75.85,0.01
927,2021-01-04,BAS,614,275,339,614,0,0,ITF,ITF5,17,Basilicata,Basilicata,559084,424687,75.96,0.11
928,2021-07-06,BAS,4210,2008,2202,2114,2060,36,ITF,ITF5,17,Basilicata,Basilicata,559084,428897,76.71,0.75
929,2021-03-29,BAS,2482,898,1584,2141,288,53,ITF,ITF5,17,Basilicata,Basilicata,559084,431379,77.16,0.44
930,2021-01-05,BAS,953,410,543,953,0,0,ITF,ITF5,17,Basilicata,Basilicata,559084,432332,77.33,0.17
931,2021-06-20,BAS,4010,1883,2127,1939,2036,35,ITF,ITF5,17,Basilicata,Basilicata,559084,436342,78.05,0.72
932,2021-09-11,BAS,2868,1520,1348,763,2040,65,ITF,ITF5,17,Basilicata,Basilicata,559084,439210,78.56,0.51
933,2021-03-19,BAS,2317,1004,1313,260,2050,7,ITF,ITF5,17,Basilicata,Basilicata,559084,441527,78.97,0.41
934,2021-08-20,BAS,3124,1679,1445,1452,1593,79,ITF,ITF5,17,Basilicata,Basilicata,559084,444651,79.53,0.56
935,2021-02-16,BAS,908,377,531,791,98,19,ITF,ITF5,17,Basilicata,Basilicata,559084,445559,79.69,0.16
936,2021-08-08,BAS,3664,1873,1791,1112,2521,31,ITF,ITF5,17,Basilicata,Basilicata,559084,449223,80.35,0.66
937,2021-02-21,BAS,284,113,171,284,0,0,ITF,ITF5,17,Basilicata,Basilicata,559084,449507,80.4,0.05
938,2021-03-07,BAS,898,313,585,848,40,10,ITF,ITF5,17,Basilicata,Basilicata,559084,450405,80.56,0.16
939,2021-01-09,BAS,560,161,399,560,0,0,ITF,ITF5,17,Basilicata,Basilicata,559084,450965,80.66,0.1
940,2021-08-29,BAS,2331,1249,1082,1255,979,97,ITF,ITF5,17,Basilicata,Basilicata,559084,453296,81.08,0.42
941,2021-07-03,BAS,3947,2104,1843,2756,1145,46,ITF,ITF5,17,Basilicata,Basilicata,559084,457243,81.78,0.71
942,2021-05-07,BAS,4637,2280,2357,3264,1341,32,ITF,ITF5,17,Basilicata,Basilicata,559084,461880,82.61,0.83
943,2021-08-15,BAS,2705,1431,1274,1137,1528,40,ITF,ITF5,17,Basilicata,Basilicata,559084,464585,83.1,0.48
944,2021-01-23,BAS,763,325,438,33,730,0,ITF,ITF5,17,Basilicata,Basilicata,559084,465348,83.23,0.14
945,2021-05-03,BAS,4511,2044,2467,3620,827,64,ITF,ITF5,17,Basilicata,Basilicata,559084,469859,84.04,0.81
946,2021-02-09,BAS,496,216,280,318,178,0,ITF,ITF5,17,Basilicata,Basilicata,559084,470355,84.13,0.09
947,2021-03-14,BAS,1014,480,534,530,471,13,ITF,ITF5,17,Basilicata,Basilicata,559084,471369,84.31,0.18
948,2021-03-31,BAS,3129,1279,1850,2301,798,30,ITF,ITF5,17,Basilicata,Basilicata,559084,474498,84.87,0.56
949,2021-09-13,BAS,2383,1260,1123,490,1847,46,ITF,ITF5,17,Basilicata,Basilicata,559084,476881,85.3,0.43
950,2021-06-22,BAS,4355,2061,2294,2223,2100,32,ITF,ITF5,17,Basilicata,Basilicata,559084,481236,86.08,0.78
951,2021-06-05,BAS,4801,2211,2590,3823,942,36,ITF,ITF5,17,Basilicata,Basilicata,559084,486037,86.93,0.86
952,2021-07-18,BAS,4390,2163,2227,1577,2786,27,ITF,ITF5,17,Basilicata,Basilicata,559084,490427,87.72,0.79
953,2021-08-01,BAS,4210,2114,2096,1633,2537,40,ITF,ITF5,17,Basilicata,Basilicata,559084,494637,88.47,0.75
954,2021-06-29,BAS,3856,1880,1976,2785,1043,28,ITF,ITF5,17,Basilicata,Basilicata,559084,498493,89.16,0.69
955,2021-03-21,BAS,1178,547,631,475,700,3,ITF,ITF5,17,Basilicata,Basilicata,559084,499671,89.37,0.21
956,2021-02-27,BAS,2005,863,1142,1823,165,17,ITF,ITF5,17,Basilicata,Basilicata,559084,501676,89.73,0.36
957,2021-07-20,BAS,5693,2792,2901,1688,3965,40,ITF,ITF5,17,Basilicata,Basilicata,559084,507369,90.75,1.02
958,2021-06-07,BAS,4239,1921,2318,3885,316,38,ITF,ITF5,17,Basilicata,Basilicata,559084,511608,91.51,0.76
959,2021-04-11,BAS,966,393,573,760,176,30,ITF,ITF5,17,Basilicata,Basilicata,559084,512574,91.68,0.17
960,2021-01-28,BAS,921,408,513,119,802,0,ITF,ITF5,17,Basilicata,Basilicata,559084,513495,91.85,0.16
961,2021-01-14,BAS,973,413,560,973,0,0,ITF,ITF5,17,Basilicata,Basilicata,559084,514468,92.02,0.17
962,2021-04-07,BAS,1212,552,660,1157,36,19,ITF,ITF5,17,Basilicata,Basilicata,559084,515680,92.24,0.22
963,2021-04-25,BAS,2990,1459,1531,2906,52,32,ITF,ITF5,17,Basilicata,Basilicata,559084,518670,92.77,0.53
964,2021-07-25,BAS,4478,2254,2224,1606,2848,24,ITF,ITF5,17,Basilicata,Basilicata,559084,523148,93.57,0.8
965,2021-06-21,BAS,4258,2045,2213,2142,2095,21,ITF,ITF5,17,Basilicata,Basilicata,559084,527406,94.33,0.76
966,2021-06-19,BAS,4466,2178,2288,2370,2074,22,ITF,ITF5,17,Basilicata,Basilicata,559084,531872,95.13,0.8
967,2021-03-28,BAS,2147,746,1401,2110,20,17,ITF,ITF5,17,Basilicata,Basilicata,559084,534019,95.52,0.38
968,2021-03-11,BAS,1805,935,870,819,965,21,ITF,ITF5,17,Basilicata,Basilicata,559084,535824,95.84,0.32
969,2021-07-10,BAS,5529,2668,2861,1595,3925,9,ITF,ITF5,17,Basilicata,Basilicata,559084,541353,96.83,0.99
970,2021-05-14,BAS,5907,2798,3109,3271,2530,106,ITF,ITF5,17,Basilicata,Basilicata,559084,547260,97.89,1.06
971,2021-03-18,BAS,1364,571,793,17,1338,9,ITF,ITF5,17,Basilicata,Basilicata,559084,548624,98.13,0.24
972,2021-08-22,BAS,2443,1282,1161,1024,1371,48,ITF,ITF5,17,Basilicata,Basilicata,559084,551067,98.57,0.44
973,2021-08-27,BAS,2479,1313,1166,999,1410,70,ITF,ITF5,17,Basilicata,Basilicata,559084,553546,99.01,0.44
974,2021-02-23,BAS,1912,773,1139,1753,141,18,ITF,ITF5,17,Basilicata,Basilicata,559084,555458,99.35,0.34
975,2021-06-03,BAS,4922,2258,2664,3703,1181,38,ITF,ITF5,17,Basilicata,Basilicata,559084,560380,100.23,0.88
976,2021-03-12,BAS,1923,988,935,785,1108,30,ITF,ITF5,17,Basilicata,Basilicata,559084,562303,100.58,0.34
977,2021-05-17,BAS,5548,2735,2813,3362,2136,50,ITF,ITF5,17,Basilicata,Basilicata,559084,567851,101.57,0.99
978,2021-08-25,BAS,2682,1407,1275,1259,1339,84,ITF,ITF5,17,Basilicata,Basilicata,559084,570533,102.05,0.48
979,2021-05-22,BAS,5493,2725,2768,1929,3553,11,ITF,ITF5,17,Basilicata,Basilicata,559084,576026,103.03,0.98
980,2021-03-26,BAS,1958,703,1255,1668,262,28,ITF,ITF5,17,Basilicata,Basilicata,559084,577984,103.38,0.35
981,2021-09-08,BAS,2820,1492,1328,767,2004,49,ITF,ITF5,17,Basilicata,Basilicata,559084,580804,103.88,0.5
982,2021-05-29,BAS,3061,1534,1527,825,2225,11,ITF,ITF5,17,Basilicata,Basilicata,559084,583865,104.43,0.55
983,2021-01-13,BAS,917,387,530,917,0,0,ITF,ITF5,17,Basilicata,Basilicata,559084,584782,104.6,0.16
984,2021-04-23,BAS,4551,2191,2360,3474,1015,62,ITF,ITF5,17,Basilicata,Basilicata,559084,589333,105.41,0.81
985,2021-01-30,BAS,713,230,483,129,584,0,ITF,ITF5,17,Basilicata,Basilicata,559084,590046,105.54,0.13
986,2021-09-05,BAS,2282,1205,1077,466,1783,33,ITF,ITF5,17,Basilicata,Basilicata,559084,592328,105.95,0.41
987,2021-03-04,BAS,1912,912,1000,1074,809,29,ITF,ITF5,17,Basilicata,Basilicata,559084,594240,106.29,0.34
988,2021-04-04,BAS,611,227,384,187,418,6,ITF,ITF5,17,Basilicata,Basilicata,559084,594851,106.4,0.11
989,2021-09-17,BAS,1934,1040,894,371,1518,45,ITF,ITF5,17,Basilicata,Basilicata,559084,596785,106.74,0.35
990,2021-03-30,BAS,2873,1218,1655,2497,360,16,ITF,ITF5,17,Basilicata,Basilicata,559084,599658,107.26,0.51
991,2021-07-08,BAS,5137,2429,2708,1852,3260,25,ITF,ITF5,17,Basilicata,Basilicata,559084,604795,108.18,0.92
992,2021-01-06,BAS,296,130,166,296,0,0,ITF,ITF5,17,Basilicata,Basilicata,559084,605091,108.23,0.05
993,2021-04-16,BAS,3326,1636,1690,2399,902,25,ITF,ITF5,17,Basilicata,Basilicata,559084,608417,108.82,0.59
994,2021-08-03,BAS,5062,2574,2488,1827,3186,49,ITF,ITF5,17,Basilicata,Basilicata,559084,613479,109.73,0.91
995,2021-08-17,BAS,3508,1763,1745,1398,2044,66,ITF,ITF5,17,Basilicata,Basilicata,559084,616987,110.36,0.63
996,2021-05-12,BAS,4730,2330,2400,2800,1881,49,ITF,ITF5,17,Basilicata,Basilicata,559084,621717,111.2,0.85
997,2021-07-15,BAS,6480,3212,3268,1669,4785,26,ITF,ITF5,17,Basilicata,Basilicata,559084,628197,112.36,1.16
998,2021-06-26,BAS,3337,1614,1723,2750,558,29,ITF,ITF5,17,Basilicata,Basilicata,559084,631534,112.96,0.6
999,2021-02-08,BAS,566,195,371,155,411,0,ITF,ITF5,17,Basilicata,Basilicata,559084,632100,113.06,0.1
1000,2021-05-19,BAS,2873,1499,1374,1183,1677,13,ITF,ITF5,17,Basilicata,Basilicata,559084,634973,113.57,0.51
1001,2021-02-25,BAS,1796,740,1056,1737,48,11,ITF,ITF5,17,Basilicata,Basilicata,559084,636769,113.9,0.32
1002,2021-07-22,BAS,5798,2889,2909,1786,3950,62,ITF,ITF5,17,Basilicata,Basilicata,559084,642567,114.93,1.04
1003,2021-08-10,BAS,4416,2325,2091,1513,2832,71,ITF,ITF5,17,Basilicata,Basilicata,559084,646983,115.72,0.79
1004,2021-02-06,BAS,928,381,547,146,782,0,ITF,ITF5,17,Basilicata,Basilicata,559084,647911,115.89,0.17
1005,2021-04-30,BAS,5285,2375,2910,4061,1162,62,ITF,ITF5,17,Basilicata,Basilicata,559084,653196,116.83,0.95
1006,2021-01-20,BAS,85,22,63,84,1,0,ITF,ITF5,17,Basilicata,Basilicata,559084,653281,116.85,0.02
1007,2021-02-13,BAS,802,314,488,703,61,38,ITF,ITF5,17,Basilicata,Basilicata,559084,654083,116.99,0.14
1008,2021-05-24,BAS,4833,2344,2489,1087,3733,13,ITF,ITF5,17,Basilicata,Basilicata,559084,658916,117.86,0.86
1009,2021-07-29,BAS,4857,2524,2333,1907,2903,47,ITF,ITF5,17,Basilicata,Basilicata,559084,663773,118.73,0.87
1010,2021-06-02,BAS,5962,2806,3156,4375,1544,43,ITF,ITF5,17,Basilicata,Basilicata,559084,669735,119.79,1.07
1011,2021-09-10,BAS,2657,1342,1315,540,2057,60,ITF,ITF5,17,Basilicata,Basilicata,559084,672392,120.27,0.48
1012,2021-04-18,BAS,3720,1843,1877,2327,1370,23,ITF,ITF5,17,Basilicata,Basilicata,559084,676112,120.93,0.67
1013,2021-02-20,BAS,1169,536,633,1050,119,0,ITF,ITF5,17,Basilicata,Basilicata,559084,677281,121.14,0.21
1014,2021-07-27,BAS,4712,2370,2342,1811,2855,46,ITF,ITF5,17,Basilicata,Basilicata,559084,681993,121.98,0.84
1015,2021-05-31,BAS,4230,2010,2220,1713,2509,8,ITF,ITF5,17,Basilicata,Basilicata,559084,686223,122.74,0.76
1016,2021-02-18,BAS,1075,404,671,855,217,3,ITF,ITF5,17,Basilicata,Basilicata,559084,687298,122.93,0.19
1017,2021-04-06,BAS,1274,465,809,1072,184,18,ITF,ITF5,17,Basilicata,Basilicata,559084,688572,123.16,0.23
1018,2021-06-14,BAS,4825,2156,2669,2090,2711,24,ITF,ITF5,17,Basilicata,Basilicata,559084,693397,124.02,0.86
1019,2021-03-23,BAS,1643,634,1009,1452,171,20,ITF,ITF5,17,Basilicata,Basilicata,559084,695040,124.32,0.29
1020,2021-07-01,BAS,3711,1856,1855,2563,1114,34,ITF,ITF5,17,Basilicata,Basilicata,559084,698751,124.98,0.66
1021,2021-09-03,BAS,2863,1522,1341,762,2038,63,ITF,ITF5,17,Basilicata,Basilicata,559084,701614,125.49,0.51
1022,2021-02-01,BAS,248,94,154,46,202,0,ITF,ITF5,17,Basilicata,Basilicata,559084,701862,125.54,0.04
1023,2021-05-26,BAS,4489,2260,2229,1676,2784,29,ITF,ITF5,17,Basilicata,Basilicata,559084,706351,126.34,0.8
1024,2021-06-12,BAS,3687,1694,1993,2960,689,38,ITF,ITF5,17,Basilicata,Basilicata,559084,710038,127.0,0.66
1025,2021-03-27,BAS,2258,866,1392,1809,435,14,ITF,ITF5,17,Basilicata,Basilicata,559084,712296,127.4,0.4
1026,2021-08-31,BAS,3099,1594,1505,1678,1276,145,ITF,ITF5,17,Basilicata,Basilicata,559084,715395,127.96,0.55
1027,2021-07-05,BAS,3271,1616,1655,2215,1021,35,ITF,ITF5,17,Basilicata,Basilicata,559084,718666,128.54,0.59
1028,2021-01-07,BAS,644,321,323,644,0,0,ITF,ITF5,17,Basilicata,Basilicata,559084,719310,128.66,0.12
1029,2021-02-19,BAS,1627,739,888,1559,63,5,ITF,ITF5,17,Basilicata,Basilicata,559084,720937,128.95,0.29
1030,2021-02-12,BAS,781,334,447,748,32,1,ITF,ITF5,17,Basilicata,Basilicata,559084,721718,129.09,0.14
1031,2021-04-10,BAS,1036,379,657,925,84,27,ITF,ITF5,17,Basilicata,Basilicata,559084,722754,129.27,0.19
1032,2021-06-24,BAS,4090,1939,2151,2151,1901,38,ITF,ITF5,17,Basilicata,Basilicata,559084,726844,130.01,0.73
1033,2021-04-28,BAS,4707,2158,2549,4203,441,63,ITF,ITF5,17,Basilicata,Basilicata,559084,731551,130.85,0.84
1034,2021-03-02,BAS,809,387,422,665,139,5,ITF,ITF5,17,Basilicata,Basilicata,559084,732360,130.99,0.14
1035,2021-08-06,BAS,4215,2158,2057,1316,2846,53,ITF,ITF5,17,Basilicata,Basilicata,559084,736575,131.75,0.75
1036,2021-06-10,BAS,4346,2101,2245,3867,442,37,ITF,ITF5,17,Basilicata,Basilicata,559084,740921,132.52,0.78
1037,2021-08-13,BAS,3662,1904,1758,1423,2147,92,ITF,ITF5,17,Basilicata,Basilicata,559084,744583,133.18,0.65
1038,2021-07-30,BAS,4766,2436,2330,1915,2802,49,ITF,ITF5,17,Basilicata,Basilicata,559084,749349,134.03,0.85
1039,2021-06-17,BAS,4442,2045,2397,2087,2330,25,ITF,ITF5,17,Basilicata,Basilicata,559084,753791,134.83,0.79
1040,2021-04-21,BAS,3951,1845,2106,2242,1679,30,ITF,ITF5,17,Basilicata,Basilicata,559084,757742,135.53,0.71
1041,2021-01-18,BAS,465,158,307,366,99,0,ITF,ITF5,17,Basilicata,Basilicata,559084,758207,135.62,0.08
1042,2021-03-16,BAS,1926,809,1117,226,1697,3,ITF,ITF5,17,Basilicata,Basilicata,559084,760133,135.96,0.34
1043,2021-05-05,BAS,4338,2050,2288,3376,891,71,ITF,ITF5,17,Basilicata,Basilicata,559084,764471,136.74,0.78
1044,2021-03-09,BAS,1420,727,693,781,616,23,ITF,ITF5,17,Basilicata,Basilicata,559084,765891,136.99,0.25
1045,2021-01-25,BAS,1054,441,613,74,979,1,ITF,ITF5,17,Basilicata,Basilicata,559084,766945,137.18,0.19
1046,2021-01-11,BAS,186,67,119,186,0,0,ITF,ITF5,17,Basilicata,Basilicata,559084,767131,137.21,0.03
1047,2021-07-01,TOS,32089,15538,16551,10721,21083,285,ITI,ITI1,9,Toscana,Toscana,3729641,32089,0.86,0.86
1048,2021-03-26,TOS,20754,9436,11318,14710,5832,212,ITI,ITI1,9,Toscana,Toscana,3729641,52843,1.42,0.56
1049,2021-03-09,TOS,11177,4587,6590,5531,5565,81,ITI,ITI1,9,Toscana,Toscana,3729641,64020,1.72,0.3
1050,2021-04-09,TOS,24610,10589,14021,20718,3442,450,ITI,ITI1,9,Toscana,Toscana,3729641,88630,2.38,0.66
1051,2021-07-18,TOS,30394,15282,15112,8342,21842,210,ITI,ITI1,9,Toscana,Toscana,3729641,119024,3.19,0.81
1052,2021-06-17,TOS,32623,16714,15909,26714,5564,345,ITI,ITI1,9,Toscana,Toscana,3729641,151647,4.07,0.87
1053,2021-04-07,TOS,35848,15483,20365,28157,7267,424,ITI,ITI1,9,Toscana,Toscana,3729641,187495,5.03,0.96
1054,2021-07-30,TOS,37918,20408,17510,10794,26766,358,ITI,ITI1,9,Toscana,Toscana,3729641,225413,6.04,1.02
1055,2021-05-22,TOS,26037,12667,13370,21490,4298,249,ITI,ITI1,9,Toscana,Toscana,3729641,251450,6.74,0.7
1056,2021-05-05,TOS,30167,13466,16701,14854,14577,736,ITI,ITI1,9,Toscana,Toscana,3729641,281617,7.55,0.81
1057,2021-08-13,TOS,23117,12526,10591,11337,11232,548,ITI,ITI1,9,Toscana,Toscana,3729641,304734,8.17,0.62
1058,2021-02-28,TOS,1665,669,996,868,727,70,ITI,ITI1,9,Toscana,Toscana,3729641,306399,8.22,0.04
1059,2021-02-11,TOS,5423,2037,3386,5099,242,82,ITI,ITI1,9,Toscana,Toscana,3729641,311822,8.36,0.15
1060,2021-02-09,TOS,4534,1485,3049,3809,611,114,ITI,ITI1,9,Toscana,Toscana,3729641,316356,8.48,0.12
1061,2021-08-27,TOS,16288,8709,7579,7749,8010,529,ITI,ITI1,9,Toscana,Toscana,3729641,332644,8.92,0.44
1062,2021-01-28,TOS,6289,1885,4404,349,5933,7,ITI,ITI1,9,Toscana,Toscana,3729641,338933,9.09,0.17
1063,2021-08-01,TOS,29936,15326,14610,13792,15655,489,ITI,ITI1,9,Toscana,Toscana,3729641,368869,9.89,0.8
1064,2021-06-05,TOS,28457,13609,14848,20559,7622,276,ITI,ITI1,9,Toscana,Toscana,3729641,397326,10.65,0.76
1065,2021-09-13,TOS,18457,9814,8643,3535,14541,381,ITI,ITI1,9,Toscana,Toscana,3729641,415783,11.15,0.49
1066,2021-08-08,TOS,25040,12922,12118,14610,9929,501,ITI,ITI1,9,Toscana,Toscana,3729641,440823,11.82,0.67
1067,2021-01-11,TOS,5185,1719,3466,5084,0,101,ITI,ITI1,9,Toscana,Toscana,3729641,446008,11.96,0.14
1068,2021-04-21,TOS,29660,12693,16967,16852,12169,639,ITI,ITI1,9,Toscana,Toscana,3729641,475668,12.75,0.8
1069,2021-02-23,TOS,7755,3337,4418,7241,162,352,ITI,ITI1,9,Toscana,Toscana,3729641,483423,12.96,0.21
1070,2021-06-03,TOS,32067,15458,16609,27152,4590,325,ITI,ITI1,9,Toscana,Toscana,3729641,515490,13.82,0.86
1071,2021-06-22,TOS,31067,15635,15432,22467,8220,380,ITI,ITI1,9,Toscana,Toscana,3729641,546557,14.65,0.83
1072,2021-05-17,TOS,29785,14883,14902,20556,8950,279,ITI,ITI1,9,Toscana,Toscana,3729641,576342,15.45,0.8
1073,2021-03-21,TOS,3296,1629,1667,1819,1434,43,ITI,ITI1,9,Toscana,Toscana,3729641,579638,15.54,0.09
1074,2021-08-25,TOS,20308,10609,9699,10602,8977,729,ITI,ITI1,9,Toscana,Toscana,3729641,599946,16.09,0.54
1075,2021-01-23,TOS,3982,1361,2621,641,3335,6,ITI,ITI1,9,Toscana,Toscana,3729641,603928,16.19,0.11
1076,2021-06-29,TOS,37061,18044,19017,7974,28931,156,ITI,ITI1,9,Toscana,Toscana,3729641,640989,17.19,0.99
1077,2021-05-03,TOS,11946,5518,6428,10363,1335,248,ITI,ITI1,9,Toscana,Toscana,3729641,652935,17.51,0.32
1078,2021-01-16,TOS,3298,1059,2239,3240,0,58,ITI,ITI1,9,Toscana,Toscana,3729641,656233,17.6,0.09
1079,2021-04-26,TOS,10149,4936,5213,7455,2557,137,ITI,ITI1,9,Toscana,Toscana,3729641,666382,17.87,0.27
1080,2021-01-02,TOS,3548,1127,2421,3504,0,44,ITI,ITI1,9,Toscana,Toscana,3729641,669930,17.96,0.1
1081,2021-09-08,TOS,21343,11087,10256,7205,13396,742,ITI,ITI1,9,Toscana,Toscana,3729641,691273,18.53,0.57
1082,2021-09-06,TOS,22824,11831,10993,9466,12331,1027,ITI,ITI1,9,Toscana,Toscana,3729641,714097,19.15,0.61
1083,2021-02-04,TOS,4264,1597,2667,942,3295,27,ITI,ITI1,9,Toscana,Toscana,3729641,718361,19.26,0.11
1084,2021-05-15,TOS,29377,13866,15511,22871,5910,596,ITI,ITI1,9,Toscana,Toscana,3729641,747738,20.05,0.79
1085,2021-04-28,TOS,19158,8195,10963,3445,15355,358,ITI,ITI1,9,Toscana,Toscana,3729641,766896,20.56,0.51
1086,2021-02-18,TOS,8874,3301,5573,7793,897,184,ITI,ITI1,9,Toscana,Toscana,3729641,775770,20.8,0.24
1087,2021-05-29,TOS,31583,15267,16316,23182,8174,227,ITI,ITI1,9,Toscana,Toscana,3729641,807353,21.65,0.85
1088,2021-06-12,TOS,29406,15159,14247,24655,4392,359,ITI,ITI1,9,Toscana,Toscana,3729641,836759,22.44,0.79
1089,2021-04-16,TOS,29002,12898,16104,21439,6929,634,ITI,ITI1,9,Toscana,Toscana,3729641,865761,23.21,0.78
1090,2021-07-25,TOS,33927,16776,17151,7051,26695,181,ITI,ITI1,9,Toscana,Toscana,3729641,899688,24.12,0.91
1091,2021-03-02,TOS,10600,3795,6805,7039,3447,114,ITI,ITI1,9,Toscana,Toscana,3729641,910288,24.41,0.28
1092,2021-01-04,TOS,5240,1998,3242,5173,0,67,ITI,ITI1,9,Toscana,Toscana,3729641,915528,24.55,0.14
1093,2021-04-14,TOS,20207,8352,11855,14531,5127,549,ITI,ITI1,9,Toscana,Toscana,3729641,935735,25.09,0.54
1094,2021-07-13,TOS,29351,14738,14613,7715,21459,177,ITI,ITI1,9,Toscana,Toscana,3729641,965086,25.88,0.79
1095,2021-04-02,TOS,32015,13579,18436,23681,8079,255,ITI,ITI1,9,Toscana,Toscana,3729641,997101,26.73,0.86
1096,2021-07-11,TOS,26192,12729,13463,9169,16849,174,ITI,ITI1,9,Toscana,Toscana,3729641,1023293,27.44,0.7
1097,2021-06-24,TOS,29470,14633,14837,19319,9754,397,ITI,ITI1,9,Toscana,Toscana,3729641,1052763,28.23,0.79
1098,2021-01-09,TOS,4542,1622,2920,4475,0,67,ITI,ITI1,9,Toscana,Toscana,3729641,1057305,28.35,0.12
1099,2021-09-15,TOS,16703,8775,7928,3723,12447,533,ITI,ITI1,9,Toscana,Toscana,3729641,1074008,28.8,0.45
1100,2021-09-01,TOS,23593,12413,11180,13376,9174,1043,ITI,ITI1,9,Toscana,Toscana,3729641,1097601,29.43,0.63
1101,2021-06-10,TOS,26458,13573,12885,25547,561,350,ITI,ITI1,9,Toscana,Toscana,3729641,1124059,30.14,0.71
1102,2021-05-24,TOS,33765,16729,17036,23898,9587,280,ITI,ITI1,9,Toscana,Toscana,3729641,1157824,31.04,0.91
1103,2021-02-16,TOS,9372,3367,6005,8420,721,231,ITI,ITI1,9,Toscana,Toscana,3729641,1167196,31.3,0.25
1104,2021-08-20,TOS,20228,11093,9135,9966,9765,497,ITI,ITI1,9,Toscana,Toscana,3729641,1187424,31.84,0.54
1105,2021-03-19,TOS,10175,4476,5699,7130,2897,148,ITI,ITI1,9,Toscana,Toscana,3729641,1197599,32.11,0.27
1106,2021-01-21,TOS,1593,687,906,862,722,9,ITI,ITI1,9,Toscana,Toscana,3729641,1199192,32.15,0.04
1107,2021-03-28,TOS,6211,2807,3404,5875,253,83,ITI,ITI1,9,Toscana,Toscana,3729641,1205403,32.32,0.17
1108,2021-01-30,TOS,4625,1623,3002,173,4434,18,ITI,ITI1,9,Toscana,Toscana,3729641,1210028,32.44,0.12
1109,2021-07-06,TOS,25797,13040,12757,11036,14532,229,ITI,ITI1,9,Toscana,Toscana,3729641,1235825,33.14,0.69
1110,2021-05-10,TOS,26245,12418,13827,15246,10651,348,ITI,ITI1,9,Toscana,Toscana,3729641,1262070,33.84,0.7
1111,2021-03-14,TOS,7191,2577,4614,3163,3935,93,ITI,ITI1,9,Toscana,Toscana,3729641,1269261,34.03,0.19
1112,2021-08-18,TOS,25952,13825,12127,12846,12502,604,ITI,ITI1,9,Toscana,Toscana,3729641,1295213,34.73,0.7
1113,2021-03-07,TOS,5659,2362,3297,2001,3547,111,ITI,ITI1,9,Toscana,Toscana,3729641,1300872,34.88,0.15
1114,2021-07-20,TOS,37343,19110,18233,7965,29185,193,ITI,ITI1,9,Toscana,Toscana,3729641,1338215,35.88,1.0
1115,2021-08-06,TOS,32969,17677,15292,15348,17144,477,ITI,ITI1,9,Toscana,Toscana,3729641,1371184,36.76,0.88
1116,2021-03-23,TOS,9449,4414,5035,6961,2288,200,ITI,ITI1,9,Toscana,Toscana,3729641,1380633,37.02,0.25
1117,2020-12-30,TOS,327,104,223,326,0,1,ITI,ITI1,9,Toscana,Toscana,3729641,1380960,37.03,0.01
1118,2021-08-24,TOS,21897,11483,10414,12730,8302,865,ITI,ITI1,9,Toscana,Toscana,3729641,1402857,37.61,0.59
1119,2021-08-05,TOS,34764,18028,16736,12126,22265,373,ITI,ITI1,9,Toscana,Toscana,3729641,1437621,38.55,0.93
1120,2021-06-14,TOS,31836,16352,15484,27429,4109,298,ITI,ITI1,9,Toscana,Toscana,3729641,1469457,39.4,0.85
1121,2021-03-04,TOS,17902,6981,10921,14657,3085,160,ITI,ITI1,9,Toscana,Toscana,3729641,1487359,39.88,0.48
1122,2021-01-25,TOS,5136,1895,3241,243,4889,4,ITI,ITI1,9,Toscana,Toscana,3729641,1492495,40.02,0.14
1123,2021-04-18,TOS,8372,4098,4274,7060,1036,276,ITI,ITI1,9,Toscana,Toscana,3729641,1500867,40.24,0.22
1124,2021-07-27,TOS,38738,20142,18596,11269,27120,349,ITI,ITI1,9,Toscana,Toscana,3729641,1539605,41.28,1.04
1125,2021-07-10,TOS,29316,14187,15129,7952,21174,190,ITI,ITI1,9,Toscana,Toscana,3729641,1568921,42.07,0.79
1126,2021-03-18,TOS,9993,3987,6006,5864,3990,139,ITI,ITI1,9,Toscana,Toscana,3729641,1578914,42.33,0.27
1127,2021-06-26,TOS,34585,16775,17810,9987,24365,233,ITI,ITI1,9,Toscana,Toscana,3729641,1613499,43.26,0.93
1128,2021-06-09,TOS,34852,17584,17268,33958,463,431,ITI,ITI1,9,Toscana,Toscana,3729641,1648351,44.2,0.93
1129,2021-09-17,TOS,13220,7215,6005,2797,10101,322,ITI,ITI1,9,Toscana,Toscana,3729641,1661571,44.55,0.35
1130,2021-04-04,TOS,13930,6613,7317,13510,255,165,ITI,ITI1,9,Toscana,Toscana,3729641,1675501,44.92,0.37
1131,2021-06-02,TOS,27615,13634,13981,21867,5512,236,ITI,ITI1,9,Toscana,Toscana,3729641,1703116,45.66,0.74
1132,2021-04-06,TOS,22253,9844,12409,18092,3742,419,ITI,ITI1,9,Toscana,Toscana,3729641,1725369,46.26,0.6
1133,2021-09-10,TOS,18107,9502,8605,5523,11956,628,ITI,ITI1,9,Toscana,Toscana,3729641,1743476,46.75,0.49
1134,2021-02-08,TOS,4132,1372,2760,3561,459,112,ITI,ITI1,9,Toscana,Toscana,3729641,1747608,46.86,0.11
1135,2021-07-15,TOS,31270,15306,15964,8097,22925,248,ITI,ITI1,9,Toscana,Toscana,3729641,1778878,47.7,0.84
1136,2021-05-19,TOS,27980,13590,14390,18644,9069,267,ITI,ITI1,9,Toscana,Toscana,3729641,1806858,48.45,0.75
1137,2021-04-13,TOS,8505,3513,4992,5739,2483,283,ITI,ITI1,9,Toscana,Toscana,3729641,1815363,48.67,0.23
1138,2021-05-02,TOS,11181,4936,6245,8979,1968,234,ITI,ITI1,9,Toscana,Toscana,3729641,1826544,48.97,0.3
1139,2021-08-10,TOS,25937,13493,12444,16352,8936,649,ITI,ITI1,9,Toscana,Toscana,3729641,1852481,49.67,0.7
1140,2021-02-25,TOS,10648,4315,6333,9484,995,169,ITI,ITI1,9,Toscana,Toscana,3729641,1863129,49.95,0.29
1141,2021-06-28,TOS,37710,18147,19563,8436,29103,171,ITI,ITI1,9,Toscana,Toscana,3729641,1900839,50.97,1.01
1142,2021-01-20,TOS,1346,644,702,1034,249,63,ITI,ITI1,9,Toscana,Toscana,3729641,1902185,51.0,0.04
1143,2021-04-30,TOS,40257,17815,22442,19653,19958,646,ITI,ITI1,9,Toscana,Toscana,3729641,1942442,52.08,1.08
1144,2021-05-12,TOS,34235,15591,18644,13584,20065,586,ITI,ITI1,9,Toscana,Toscana,3729641,1976677,53.0,0.92
1145,2021-01-18,TOS,1127,639,488,979,98,50,ITI,ITI1,9,Toscana,Toscana,3729641,1977804,53.03,0.03
1146,2021-02-01,TOS,5524,1962,3562,520,4994,10,ITI,ITI1,9,Toscana,Toscana,3729641,1983328,53.18,0.15
1147,2021-08-22,TOS,18527,9967,8560,7308,10903,316,ITI,ITI1,9,Toscana,Toscana,3729641,2001855,53.67,0.5
1148,2021-02-20,TOS,4725,1816,2909,4052,537,136,ITI,ITI1,9,Toscana,Toscana,3729641,2006580,53.8,0.13
1149,2021-05-31,TOS,30362,14652,15710,19271,10849,242,ITI,ITI1,9,Toscana,Toscana,3729641,2036942,54.61,0.81
1150,2021-08-17,TOS,26018,14038,11980,11482,14039,497,ITI,ITI1,9,Toscana,Toscana,3729641,2062960,55.31,0.7
1151,2021-06-21,TOS,31210,15500,15710,18142,12802,266,ITI,ITI1,9,Toscana,Toscana,3729641,2094170,56.15,0.84
1152,2021-01-06,TOS,4614,1503,3111,4562,0,52,ITI,ITI1,9,Toscana,Toscana,3729641,2098784,56.27,0.12
1153,2021-03-11,TOS,16046,6418,9628,12488,3373,185,ITI,ITI1,9,Toscana,Toscana,3729641,2114830,56.7,0.43
1154,2021-06-19,TOS,26527,13932,12595,21395,4791,341,ITI,ITI1,9,Toscana,Toscana,3729641,2141357,57.41,0.71
1155,2021-03-16,TOS,4923,1888,3035,2583,2259,81,ITI,ITI1,9,Toscana,Toscana,3729641,2146280,57.55,0.13
1156,2021-02-27,TOS,2000,763,1237,1019,903,78,ITI,ITI1,9,Toscana,Toscana,3729641,2148280,57.6,0.05
1157,2021-06-07,TOS,34980,17164,17816,30978,3654,348,ITI,ITI1,9,Toscana,Toscana,3729641,2183260,58.54,0.94
1158,2021-07-22,TOS,39409,19806,19603,4480,34758,171,ITI,ITI1,9,Toscana,Toscana,3729641,2222669,59.59,1.06
1159,2021-05-26,TOS,35627,17117,18510,20149,15221,257,ITI,ITI1,9,Toscana,Toscana,3729641,2258296,60.55,0.96
1160,2021-03-30,TOS,17042,7646,9396,13269,3575,198,ITI,ITI1,9,Toscana,Toscana,3729641,2275338,61.01,0.46
1161,2021-09-03,TOS,14182,7407,6775,7554,5922,706,ITI,ITI1,9,Toscana,Toscana,3729641,2289520,61.39,0.38
1162,2021-07-08,TOS,21099,10372,10727,9269,11589,241,ITI,ITI1,9,Toscana,Toscana,3729641,2310619,61.95,0.57
1163,2021-04-25,TOS,11067,5252,5815,8759,2146,162,ITI,ITI1,9,Toscana,Toscana,3729641,2321686,62.25,0.3
1164,2021-08-03,TOS,36362,18933,17429,12170,23813,379,ITI,ITI1,9,Toscana,Toscana,3729641,2358048,63.22,0.97
1165,2021-01-13,TOS,4126,1423,2703,4061,0,65,ITI,ITI1,9,Toscana,Toscana,3729641,2362174,63.34,0.11
1166,2021-04-23,TOS,25686,11435,14251,8800,16355,531,ITI,ITI1,9,Toscana,Toscana,3729641,2387860,64.02,0.69
1167,2021-05-14,TOS,33408,15462,17946,20023,12743,642,ITI,ITI1,9,Toscana,Toscana,3729641,2421268,64.92,0.9
1168,2021-01-01,TOS,2410,814,1596,2364,0,46,ITI,ITI1,9,Toscana,Toscana,3729641,2423678,64.98,0.06
1169,2021-04-11,TOS,3641,1680,1961,3331,155,155,ITI,ITI1,9,Toscana,Toscana,3729641,2427319,65.08,0.1
1170,2021-04-27,TOS,10377,4927,5450,3667,6506,204,ITI,ITI1,9,Toscana,Toscana,3729641,2437696,65.36,0.28
1171,2021-07-19,TOS,38041,18961,19080,8806,28945,290,ITI,ITI1,9,Toscana,Toscana,3729641,2475737,66.38,1.02
1172,2021-02-05,TOS,5770,2250,3520,1905,3831,34,ITI,ITI1,9,Toscana,Toscana,3729641,2481507,66.53,0.15
1173,2021-05-16,TOS,26692,12895,13797,23926,2470,296,ITI,ITI1,9,Toscana,Toscana,3729641,2508199,67.25,0.72
1174,2021-05-11,TOS,27972,12997,14975,12100,15492,380,ITI,ITI1,9,Toscana,Toscana,3729641,2536171,68.0,0.75
1175,2021-08-19,TOS,24207,12842,11365,11917,11658,632,ITI,ITI1,9,Toscana,Toscana,3729641,2560378,68.65,0.65
1176,2021-03-13,TOS,9313,3317,5996,5189,3969,155,ITI,ITI1,9,Toscana,Toscana,3729641,2569691,68.9,0.25
1177,2021-07-14,TOS,28967,14299,14668,8606,20102,259,ITI,ITI1,9,Toscana,Toscana,3729641,2598658,69.68,0.78
1178,2021-01-29,TOS,6150,1702,4448,290,5848,12,ITI,ITI1,9,Toscana,Toscana,3729641,2604808,69.84,0.16
1179,2021-05-09,TOS,22558,9786,12772,9413,12883,262,ITI,ITI1,9,Toscana,Toscana,3729641,2627366,70.45,0.6
1180,2020-12-27,TOS,629,275,354,624,0,5,ITI,ITI1,9,Toscana,Toscana,3729641,2627995,70.46,0.02
1181,2021-08-02,TOS,35315,18090,17225,13361,21559,395,ITI,ITI1,9,Toscana,Toscana,3729641,2663310,71.41,0.95
1182,2021-09-14,TOS,16104,8720,7384,3190,12574,340,ITI,ITI1,9,Toscana,Toscana,3729641,2679414,71.84,0.43
1183,2021-01-03,TOS,3364,1070,2294,3317,0,47,ITI,ITI1,9,Toscana,Toscana,3729641,2682778,71.93,0.09
1184,2021-09-02,TOS,18114,9449,8665,11076,6123,915,ITI,ITI1,9,Toscana,Toscana,3729641,2700892,72.42,0.49
1185,2021-03-20,TOS,6593,2979,3614,5364,1138,91,ITI,ITI1,9,Toscana,Toscana,3729641,2707485,72.59,0.18
1186,2021-01-22,TOS,2867,1064,1803,526,2338,3,ITI,ITI1,9,Toscana,Toscana,3729641,2710352,72.67,0.08
1187,2021-07-07,TOS,25647,12610,13037,9331,16122,194,ITI,ITI1,9,Toscana,Toscana,3729641,2735999,73.36,0.69
1188,2021-05-21,TOS,28963,13504,15459,17229,11477,257,ITI,ITI1,9,Toscana,Toscana,3729641,2764962,74.13,0.78
1189,2021-08-29,TOS,16998,8986,8012,7579,8836,583,ITI,ITI1,9,Toscana,Toscana,3729641,2781960,74.59,0.46
1190,2021-03-01,TOS,4476,1732,2744,766,3643,67,ITI,ITI1,9,Toscana,Toscana,3729641,2786436,74.71,0.12
1191,2021-05-07,TOS,32192,14721,17471,11349,20228,615,ITI,ITI1,9,Toscana,Toscana,3729641,2818628,75.57,0.86
1192,2021-08-15,TOS,14690,7761,6929,5270,9236,184,ITI,ITI1,9,Toscana,Toscana,3729641,2833318,75.97,0.39
1193,2021-07-29,TOS,39417,20535,18882,12610,26459,348,ITI,ITI1,9,Toscana,Toscana,3729641,2872735,77.02,1.06
1194,2021-02-13,TOS,7869,2390,5479,7493,227,149,ITI,ITI1,9,Toscana,Toscana,3729641,2880604,77.24,0.21
1195,2021-07-03,TOS,29439,14832,14607,11876,17178,385,ITI,ITI1,9,Toscana,Toscana,3729641,2910043,78.02,0.79
1196,2021-08-07,TOS,30478,16297,14181,14220,15771,487,ITI,ITI1,9,Toscana,Toscana,3729641,2940521,78.84,0.82
1197,2021-03-06,TOS,7137,2859,4278,2849,4203,85,ITI,ITI1,9,Toscana,Toscana,3729641,2947658,79.03,0.19
1198,2021-08-21,TOS,17986,9959,8027,8148,9459,379,ITI,ITI1,9,Toscana,Toscana,3729641,2965644,79.52,0.48
1199,2021-02-03,TOS,4227,1452,2775,236,3987,4,ITI,ITI1,9,Toscana,Toscana,3729641,2969871,79.63,0.11
1200,2021-02-15,TOS,8866,3407,5459,7866,828,172,ITI,ITI1,9,Toscana,Toscana,3729641,2978737,79.87,0.24
1201,2021-02-22,TOS,9891,4276,5615,9236,277,378,ITI,ITI1,9,Toscana,Toscana,3729641,2988628,80.13,0.27
1202,2021-05-08,TOS,29194,13132,16062,13263,15530,401,ITI,ITI1,9,Toscana,Toscana,3729641,3017822,80.91,0.78
1203,2021-03-12,TOS,17052,6647,10405,13324,3533,195,ITI,ITI1,9,Toscana,Toscana,3729641,3034874,81.37,0.46
1204,2021-08-16,TOS,30015,15754,14261,16609,12703,703,ITI,ITI1,9,Toscana,Toscana,3729641,3064889,82.18,0.8
1205,2021-05-23,TOS,28445,13678,14767,25612,2563,270,ITI,ITI1,9,Toscana,Toscana,3729641,3093334,82.94,0.76
1206,2021-08-31,TOS,20923,10899,10024,11385,8789,749,ITI,ITI1,9,Toscana,Toscana,3729641,3114257,83.5,0.56
1207,2021-08-14,TOS,22390,12223,10167,10455,11516,419,ITI,ITI1,9,Toscana,Toscana,3729641,3136647,84.1,0.6
1208,2021-08-12,TOS,25856,13455,12401,14313,10899,644,ITI,ITI1,9,Toscana,Toscana,3729641,3162503,84.79,0.69
1209,2021-07-26,TOS,38305,19868,18437,10082,27912,311,ITI,ITI1,9,Toscana,Toscana,3729641,3200808,85.82,1.03
1210,2021-01-08,TOS,6063,1695,4368,5970,0,93,ITI,ITI1,9,Toscana,Toscana,3729641,3206871,85.98,0.16
1211,2021-07-12,TOS,28287,14007,14280,9660,18323,304,ITI,ITI1,9,Toscana,Toscana,3729641,3235158,86.74,0.76
1212,2021-04-01,TOS,27170,11271,15899,16192,10736,242,ITI,ITI1,9,Toscana,Toscana,3729641,3262328,87.47,0.73
1213,2021-03-15,TOS,8703,3646,5057,4079,4449,175,ITI,ITI1,9,Toscana,Toscana,3729641,3271031,87.7,0.23
1214,2021-06-23,TOS,31586,15319,16267,19819,11400,367,ITI,ITI1,9,Toscana,Toscana,3729641,3302617,88.55,0.85
1215,2021-01-17,TOS,2543,871,1672,1994,514,35,ITI,ITI1,9,Toscana,Toscana,3729641,3305160,88.62,0.07
1216,2021-07-05,TOS,30533,15095,15438,10340,19961,232,ITI,ITI1,9,Toscana,Toscana,3729641,3335693,89.44,0.82
1217,2021-03-08,TOS,6742,2960,3782,1865,4830,47,ITI,ITI1,9,Toscana,Toscana,3729641,3342435,89.62,0.18
1218,2021-06-16,TOS,31801,16280,15521,26288,5189,324,ITI,ITI1,9,Toscana,Toscana,3729641,3374236,90.47,0.85
1219,2021-05-30,TOS,28707,13959,14748,21512,6953,242,ITI,ITI1,9,Toscana,Toscana,3729641,3402943,91.24,0.77
1220,2021-09-07,TOS,18923,9795,9128,6727,11564,632,ITI,ITI1,9,Toscana,Toscana,3729641,3421866,91.75,0.51
1221,2021-08-26,TOS,18588,9742,8846,9497,8369,722,ITI,ITI1,9,Toscana,Toscana,3729641,3440454,92.25,0.5
1222,2021-07-16,TOS,27689,14052,13637,7704,19730,255,ITI,ITI1,9,Toscana,Toscana,3729641,3468143,92.99,0.74
1223,2021-05-20,TOS,29789,13930,15859,18641,10863,285,ITI,ITI1,9,Toscana,Toscana,3729641,3497932,93.79,0.8
1224,2021-08-28,TOS,15796,8508,7288,6374,8968,454,ITI,ITI1,9,Toscana,Toscana,3729641,3513728,94.21,0.42
1225,2021-01-31,TOS,3052,1131,1921,100,2949,3,ITI,ITI1,9,Toscana,Toscana,3729641,3516780,94.29,0.08
1226,2021-01-15,TOS,3916,1362,2554,3856,0,60,ITI,ITI1,9,Toscana,Toscana,3729641,3520696,94.4,0.1
1227,2021-09-09,TOS,20044,10279,9765,6908,12206,930,ITI,ITI1,9,Toscana,Toscana,3729641,3540740,94.94,0.54
1228,2021-06-18,TOS,30834,16271,14563,25003,5413,418,ITI,ITI1,9,Toscana,Toscana,3729641,3571574,95.76,0.83
1229,2021-03-25,TOS,23990,10409,13581,15320,8407,263,ITI,ITI1,9,Toscana,Toscana,3729641,3595564,96.41,0.64
1230,2021-02-10,TOS,4315,1309,3006,3633,526,156,ITI,ITI1,9,Toscana,Toscana,3729641,3599879,96.52,0.12
1231,2021-05-04,TOS,18329,8220,10109,12414,5470,445,ITI,ITI1,9,Toscana,Toscana,3729641,3618208,97.01,0.49
1232,2021-02-12,TOS,7682,2719,4963,7355,213,114,ITI,ITI1,9,Toscana,Toscana,3729641,3625890,97.22,0.21
1233,2021-01-14,TOS,3285,1186,2099,3249,0,36,ITI,ITI1,9,Toscana,Toscana,3729641,3629175,97.31,0.09
1234,2021-06-20,TOS,25189,12489,12700,15422,9523,244,ITI,ITI1,9,Toscana,Toscana,3729641,3654364,97.98,0.68
1235,2021-04-24,TOS,13452,6175,7277,5622,7461,369,ITI,ITI1,9,Toscana,Toscana,3729641,3667816,98.34,0.36
1236,2021-01-10,TOS,3036,1123,1913,2982,0,54,ITI,ITI1,9,Toscana,Toscana,3729641,3670852,98.42,0.08
1237,2021-04-20,TOS,18166,8111,10055,12209,5593,364,ITI,ITI1,9,Toscana,Toscana,3729641,3689018,98.91,0.49
1238,2021-04-03,TOS,15018,6647,8371,13679,1123,216,ITI,ITI1,9,Toscana,Toscana,3729641,3704036,99.31,0.4
1239,2021-01-27,TOS,4836,1574,3262,199,4632,5,ITI,ITI1,9,Toscana,Toscana,3729641,3708872,99.44,0.13
1240,2021-03-27,TOS,8866,4156,4710,8512,216,138,ITI,ITI1,9,Toscana,Toscana,3729641,3717738,99.68,0.24
1241,2021-06-30,TOS,38291,18529,19762,8462,29609,220,ITI,ITI1,9,Toscana,Toscana,3729641,3756029,100.71,1.03
1242,2021-07-04,TOS,31551,15322,16229,9360,21892,299,ITI,ITI1,9,Toscana,Toscana,3729641,3787580,101.55,0.85
1243,2020-12-31,TOS,802,201,601,798,0,4,ITI,ITI1,9,Toscana,Toscana,3729641,3788382,101.57,0.02
1244,2021-04-10,TOS,11715,5345,6370,10735,742,238,ITI,ITI1,9,Toscana,Toscana,3729641,3800097,101.89,0.31
1245,2021-08-23,TOS,22754,11819,10935,11480,10543,731,ITI,ITI1,9,Toscana,Toscana,3729641,3822851,102.5,0.61
1246,2021-02-19,TOS,8346,2968,5378,7653,513,180,ITI,ITI1,9,Toscana,Toscana,3729641,3831197,102.72,0.22
1247,2021-04-05,TOS,15288,6826,8462,14371,737,180,ITI,ITI1,9,Toscana,Toscana,3729641,3846485,103.13,0.41
1248,2021-02-07,TOS,2818,958,1860,871,1927,20,ITI,ITI1,9,Toscana,Toscana,3729641,3849303,103.21,0.08
1249,2021-07-23,TOS,38463,19308,19155,4385,33921,157,ITI,ITI1,9,Toscana,Toscana,3729641,3887766,104.24,1.03
1250,2021-05-18,TOS,28854,14281,14573,19766,8835,253,ITI,ITI1,9,Toscana,Toscana,3729641,3916620,105.01,0.77
1251,2021-07-28,TOS,38579,20171,18408,12105,26134,340,ITI,ITI1,9,Toscana,Toscana,3729641,3955199,106.05,1.03
1252,2021-01-26,TOS,5400,1795,3605,218,5178,4,ITI,ITI1,9,Toscana,Toscana,3729641,3960599,106.19,0.14
1253,2021-05-06,TOS,31441,13675,17766,13451,17295,695,ITI,ITI1,9,Toscana,Toscana,3729641,3992040,107.04,0.84
1254,2021-04-19,TOS,9105,4516,4589,7754,1034,317,ITI,ITI1,9,Toscana,Toscana,3729641,4001145,107.28,0.24
1255,2021-04-17,TOS,20585,9232,11353,17948,2147,490,ITI,ITI1,9,Toscana,Toscana,3729641,4021730,107.83,0.55
1256,2021-01-24,TOS,3349,1072,2277,196,3150,3,ITI,ITI1,9,Toscana,Toscana,3729641,4025079,107.92,0.09
1257,2021-01-07,TOS,6181,1840,4341,6093,0,88,ITI,ITI1,9,Toscana,Toscana,3729641,4031260,108.09,0.17
1258,2021-04-12,TOS,2631,1195,1436,1806,656,169,ITI,ITI1,9,Toscana,Toscana,3729641,4033891,108.16,0.07
1259,2021-07-21,TOS,38516,19659,18857,7341,30937,238,ITI,ITI1,9,Toscana,Toscana,3729641,4072407,109.19,1.03
1260,2021-05-13,TOS,35203,15549,19654,13203,21359,641,ITI,ITI1,9,Toscana,Toscana,3729641,4107610,110.13,0.94
1261,2021-08-04,TOS,34865,18038,16827,11363,23082,420,ITI,ITI1,9,Toscana,Toscana,3729641,4142475,111.07,0.93
1262,2021-04-29,TOS,39394,17745,21649,18559,20171,664,ITI,ITI1,9,Toscana,Toscana,3729641,4181869,112.13,1.06
1263,2021-03-24,TOS,20048,8318,11730,10412,9491,145,ITI,ITI1,9,Toscana,Toscana,3729641,4201917,112.66,0.54
1264,2021-06-27,TOS,33310,16081,17229,5911,27265,134,ITI,ITI1,9,Toscana,Toscana,3729641,4235227,113.56,0.89
1265,2021-05-01,TOS,23341,10072,13269,13728,9228,385,ITI,ITI1,9,Toscana,Toscana,3729641,4258568,114.18,0.63
1266,2021-03-05,TOS,16907,6698,10209,11964,4761,182,ITI,ITI1,9,Toscana,Toscana,3729641,4275475,114.64,0.45
1267,2021-08-09,TOS,28983,14722,14261,18503,9766,714,ITI,ITI1,9,Toscana,Toscana,3729641,4304458,115.41,0.78
1268,2021-06-13,TOS,24623,12356,12267,22601,1659,363,ITI,ITI1,9,Toscana,Toscana,3729641,4329081,116.07,0.66
1269,2021-09-16,TOS,17444,9119,8325,4255,12719,470,ITI,ITI1,9,Toscana,Toscana,3729641,4346525,116.54,0.47
1270,2021-08-30,TOS,24804,12548,12256,13134,10542,1128,ITI,ITI1,9,Toscana,Toscana,3729641,4371329,117.21,0.67
1271,2021-03-17,TOS,11452,4603,6849,6820,4537,95,ITI,ITI1,9,Toscana,Toscana,3729641,4382781,117.51,0.31
1272,2021-06-25,TOS,33655,16833,16822,12104,21268,283,ITI,ITI1,9,Toscana,Toscana,3729641,4416436,118.41,0.9
1273,2021-06-08,TOS,32613,16732,15881,31736,492,385,ITI,ITI1,9,Toscana,Toscana,3729641,4449049,119.29,0.87
1274,2021-02-26,TOS,10106,3849,6257,8676,1211,219,ITI,ITI1,9,Toscana,Toscana,3729641,4459155,119.56,0.27
1275,2021-06-06,TOS,28330,13665,14665,22587,5373,370,ITI,ITI1,9,Toscana,Toscana,3729641,4487485,120.32,0.76
1276,2021-02-14,TOS,9064,2587,6477,8800,110,154,ITI,ITI1,9,Toscana,Toscana,3729641,4496549,120.56,0.24
1277,2021-05-25,TOS,34212,16518,17694,19295,14644,273,ITI,ITI1,9,Toscana,Toscana,3729641,4530761,121.48,0.92
1278,2021-03-29,TOS,9688,4845,4843,9201,350,137,ITI,ITI1,9,Toscana,Toscana,3729641,4540449,121.74,0.26
1279,2021-09-11,TOS,19089,10008,9081,5449,13017,623,ITI,ITI1,9,Toscana,Toscana,3729641,4559538,122.25,0.51
1280,2021-05-27,TOS,28386,13212,15174,13280,14884,222,ITI,ITI1,9,Toscana,Toscana,3729641,4587924,123.01,0.76
1281,2021-03-31,TOS,32803,13293,19510,20206,12254,343,ITI,ITI1,9,Toscana,Toscana,3729641,4620727,123.89,0.88
1282,2021-09-04,TOS,16683,8921,7762,7544,8374,765,ITI,ITI1,9,Toscana,Toscana,3729641,4637410,124.34,0.45
1283,2021-07-09,TOS,29147,14120,15027,7689,21260,198,ITI,ITI1,9,Toscana,Toscana,3729641,4666557,125.12,0.78
1284,2021-03-22,TOS,5262,2772,2490,4676,448,138,ITI,ITI1,9,Toscana,Toscana,3729641,4671819,125.26,0.14
1285,2021-02-21,TOS,5164,2103,3061,4789,170,205,ITI,ITI1,9,Toscana,Toscana,3729641,4676983,125.4,0.14
1286,2021-06-01,TOS,26966,13400,13566,22871,3838,257,ITI,ITI1,9,Toscana,Toscana,3729641,4703949,126.12,0.72
1287,2021-07-02,TOS,28317,14213,14104,10815,17203,299,ITI,ITI1,9,Toscana,Toscana,3729641,4732266,126.88,0.76
1288,2021-06-15,TOS,31238,16081,15157,26312,4577,349,ITI,ITI1,9,Toscana,Toscana,3729641,4763504,127.72,0.84
1289,2021-03-10,TOS,18418,7421,10997,14315,3997,106,ITI,ITI1,9,Toscana,Toscana,3729641,4781922,128.21,0.49
1290,2021-02-02,TOS,3745,1477,2268,187,3551,7,ITI,ITI1,9,Toscana,Toscana,3729641,4785667,128.31,0.1
1291,2021-09-05,TOS,15153,8041,7112,6344,8284,525,ITI,ITI1,9,Toscana,Toscana,3729641,4800820,128.72,0.41
1292,2021-02-06,TOS,4539,1555,2984,1270,3236,33,ITI,ITI1,9,Toscana,Toscana,3729641,4805359,128.84,0.12
1293,2021-09-12,TOS,18283,9471,8812,4313,13418,552,ITI,ITI1,9,Toscana,Toscana,3729641,4823642,129.33,0.49
1294,2021-07-17,TOS,27762,14346,13416,8961,18560,241,ITI,ITI1,9,Toscana,Toscana,3729641,4851404,130.08,0.74
1295,2021-06-11,TOS,29765,15503,14262,24736,4662,367,ITI,ITI1,9,Toscana,Toscana,3729641,4881169,130.88,0.8
1296,2021-04-15,TOS,24510,10242,14268,15357,8622,531,ITI,ITI1,9,Toscana,Toscana,3729641,4905679,131.53,0.66
1297,2021-02-17,TOS,8228,3193,5035,7349,754,125,ITI,ITI1,9,Toscana,Toscana,3729641,4913907,131.75,0.22
1298,2021-07-24,TOS,38456,19376,19080,6846,31376,234,ITI,ITI1,9,Toscana,Toscana,3729641,4952363,132.78,1.03
1299,2021-05-28,TOS,30155,13959,16196,17431,12493,231,ITI,ITI1,9,Toscana,Toscana,3729641,4982518,133.59,0.81
1300,2021-04-22,TOS,35789,15317,20472,17402,17559,828,ITI,ITI1,9,Toscana,Toscana,3729641,5018307,134.55,0.96
1301,2021-02-24,TOS,10408,4489,5919,10070,198,140,ITI,ITI1,9,Toscana,Toscana,3729641,5028715,134.83,0.28
1302,2021-07-31,TOS,35849,19221,16628,12367,23022,460,ITI,ITI1,9,Toscana,Toscana,3729641,5064564,135.79,0.96
1303,2021-06-04,TOS,28345,13454,14891,20261,7814,270,ITI,ITI1,9,Toscana,Toscana,3729641,5092909,136.55,0.76
1304,2021-04-08,TOS,29821,12616,17205,23003,6449,369,ITI,ITI1,9,Toscana,Toscana,3729641,5122730,137.35,0.8
1305,2021-03-03,TOS,18233,6538,11695,14495,3610,128,ITI,ITI1,9,Toscana,Toscana,3729641,5140963,137.84,0.49
1306,2021-01-05,TOS,5386,1835,3551,5326,0,60,ITI,ITI1,9,Toscana,Toscana,3729641,5146349,137.99,0.14
1307,2021-01-19,TOS,1116,535,581,1074,0,42,ITI,ITI1,9,Toscana,Toscana,3729641,5147465,138.02,0.03
1308,2021-08-11,TOS,27068,14197,12871,16910,9420,738,ITI,ITI1,9,Toscana,Toscana,3729641,5174533,138.74,0.73
1309,2021-01-12,TOS,3631,1417,2214,3558,0,73,ITI,ITI1,9,Toscana,Toscana,3729641,5178164,138.84,0.1
1310,2021-01-27,VDA,156,75,81,80,76,0,ITC,ITC2,2,Valle d'Aosta / Vallée d'Aoste,Valle d'Aosta,125666,156,0.12,0.12
1311,2021-04-20,VDA,937,430,507,710,196,31,ITC,ITC2,2,Valle d'Aosta / Vallée d'Aoste,Valle d'Aosta,125666,1093,0.87,0.75
1312,2021-01-10,VDA,220,71,149,212,0,8,ITC,ITC2,2,Valle d'Aosta / Vallée d'Aoste,Valle d'Aosta,125666,1313,1.04,0.18
1313,2020-12-27,VDA,20,9,11,20,0,0,ITC,ITC2,2,Valle d'Aosta / Vallée d'Aoste,Valle d'Aosta,125666,1333,1.06,0.02
1314,2021-09-02,VDA,520,271,249,88,416,16,ITC,ITC2,2,Valle d'Aosta / Vallée d'Aoste,Valle d'Aosta,125666,1853,1.47,0.41
1315,2021-02-03,VDA,354,116,238,15,339,0,ITC,ITC2,2,Valle d'Aosta / Vallée d'Aoste,Valle d'Aosta,125666,2207,1.76,0.28
1316,2021-04-01,VDA,778,394,384,747,12,19,ITC,ITC2,2,Valle d'Aosta / Vallée d'Aoste,Valle d'Aosta,125666,2985,2.38,0.62
1317,2021-04-15,VDA,814,378,436,643,140,31,ITC,ITC2,2,Valle d'Aosta / Vallée d'Aoste,Valle d'Aosta,125666,3799,3.02,0.65
1318,2021-07-07,VDA,795,442,353,414,364,17,ITC,ITC2,2,Valle d'Aosta / Vallée d'Aoste,Valle d'Aosta,125666,4594,3.66,0.63
1319,2021-07-24,VDA,1019,536,483,326,682,11,ITC,ITC2,2,Valle d'Aosta / Vallée d'Aoste,Valle d'Aosta,125666,5613,4.47,0.81
1320,2021-02-05,VDA,296,103,193,102,194,0,ITC,ITC2,2,Valle d'Aosta / Vallée d'Aoste,Valle d'Aosta,125666,5909,4.7,0.24
1321,2021-02-22,VDA,318,95,223,212,104,2,ITC,ITC2,2,Valle d'Aosta / Vallée d'Aoste,Valle d'Aosta,125666,6227,4.96,0.25
1322,2021-05-16,VDA,690,342,348,340,342,8,ITC,ITC2,2,Valle d'Aosta / Vallée d'Aoste,Valle d'Aosta,125666,6917,5.5,0.55
1323,2021-08-07,VDA,740,434,306,307,418,15,ITC,ITC2,2,Valle d'Aosta / Vallée d'Aoste,Valle d'Aosta,125666,7657,6.09,0.59
1324,2021-03-08,VDA,488,233,255,240,245,3,ITC,ITC2,2,Valle d'Aosta / Vallée d'Aoste,Valle d'Aosta,125666,8145,6.48,0.39
1325,2021-08-12,VDA,378,204,174,118,248,12,ITC,ITC2,2,Valle d'Aosta / Vallée d'Aoste,Valle d'Aosta,125666,8523,6.78,0.3
1326,2021-05-04,VDA,1136,511,625,435,674,27,ITC,ITC2,2,Valle d'Aosta / Vallée d'Aoste,Valle d'Aosta,125666,9659,7.69,0.9
1327,2021-06-16,VDA,1066,566,500,661,395,10,ITC,ITC2,2,Valle d'Aosta / Vallée d'Aoste,Valle d'Aosta,125666,10725,8.53,0.85
1328,2021-03-15,VDA,387,141,246,175,203,9,ITC,ITC2,2,Valle d'Aosta / Vallée d'Aoste,Valle d'Aosta,125666,11112,8.84,0.31
1329,2021-08-19,VDA,265,158,107,70,180,15,ITC,ITC2,2,Valle d'Aosta / Vallée d'Aoste,Valle d'Aosta,125666,11377,9.05,0.21
1330,2021-05-11,VDA,649,326,323,472,150,27,ITC,ITC2,2,Valle d'Aosta / Vallée d'Aoste,Valle d'Aosta,125666,12026,9.57,0.52
1331,2021-04-27,VDA,979,424,555,653,292,34,ITC,ITC2,2,Valle d'Aosta / Vallée d'Aoste,Valle d'Aosta,125666,13005,10.35,0.78
1332,2021-05-30,VDA,865,429,436,682,171,12,ITC,ITC2,2,Valle d'Aosta / Vallée d'Aoste,Valle d'Aosta,125666,13870,11.04,0.69
1333,2021-07-26,VDA,1008,512,496,312,683,13,ITC,ITC2,2,Valle d'Aosta / Vallée d'Aoste,Valle d'Aosta,125666,14878,11.84,0.8
1334,2021-09-07,VDA,692,365,327,111,578,3,ITC,ITC2,2,Valle d'Aosta / Vallée d'Aoste,Valle d'Aosta,125666,15570,12.39,0.55
1335,2021-05-28,VDA,977,415,562,545,414,18,ITC,ITC2,2,Valle d'Aosta / Vallée d'Aoste,Valle d'Aosta,125666,16547,13.17,0.78
1336,2021-02-17,VDA,329,146,183,225,101,3,ITC,ITC2,2,Valle d'Aosta / Vallée d'Aoste,Valle d'Aosta,125666,16876,13.43,0.26
1337,2021-05-02,VDA,765,345,420,581,160,24,ITC,ITC2,2,Valle d'Aosta / Vallée d'Aoste,Valle d'Aosta,125666,17641,14.04,0.61
1338,2021-01-22,VDA,58,22,36,22,36,0,ITC,ITC2,2,Valle d'Aosta / Vallée d'Aoste,Valle d'Aosta,125666,17699,14.08,0.05
1339,2021-01-08,VDA,301,131,170,301,0,0,ITC,ITC2,2,Valle d'Aosta / Vallée d'Aoste,Valle d'Aosta,125666,18000,14.32,0.24
1340,2021-03-06,VDA,22,4,18,18,0,4,ITC,ITC2,2,Valle d'Aosta / Vallée d'Aoste,Valle d'Aosta,125666,18022,14.34,0.02
1341,2021-07-12,VDA,979,483,496,238,733,8,ITC,ITC2,2,Valle d'Aosta / Vallée d'Aoste,Valle d'Aosta,125666,19001,15.12,0.78
1342,2021-04-03,VDA,676,341,335,649,15,12,ITC,ITC2,2,Valle d'Aosta / Vallée d'Aoste,Valle d'Aosta,125666,19677,15.66,0.54
1343,2021-03-20,VDA,209,87,122,168,36,5,ITC,ITC2,2,Valle d'Aosta / Vallée d'Aoste,Valle d'Aosta,125666,19886,15.82,0.17
1344,2021-06-28,VDA,994,499,495,327,662,5,ITC,ITC2,2,Valle d'Aosta / Vallée d'Aoste,Valle d'Aosta,125666,20880,16.62,0.79
1345,2021-06-11,VDA,1048,484,564,752,283,13,ITC,ITC2,2,Valle d'Aosta / Vallée d'Aoste,Valle d'Aosta,125666,21928,17.45,0.83
1346,2021-06-09,VDA,1055,560,495,1009,35,11,ITC,ITC2,2,Valle d'Aosta / Vallée d'Aoste,Valle d'Aosta,125666,22983,18.29,0.84
1347,2021-03-01,VDA,182,66,116,140,34,8,ITC,ITC2,2,Valle d'Aosta / Vallée d'Aoste,Valle d'Aosta,125666,23165,18.43,0.14
1348,2021-02-15,VDA,264,136,128,226,35,3,ITC,ITC2,2,Valle d'Aosta / Vallée d'Aoste,Valle d'Aosta,125666,23429,18.64,0.21
1349,2021-09-14,VDA,545,273,272,9,535,1,ITC,ITC2,2,Valle d'Aosta / Vallée d'Aoste,Valle d'Aosta,125666,23974,19.08,0.43
1350,2021-07-19,VDA,879,460,419,251,619,9,ITC,ITC2,2,Valle d'Aosta / Vallée d'Aoste,Valle d'Aosta,125666,24853,19.78,0.7
1351,2021-02-24,VDA,185,84,101,163,21,1,ITC,ITC2,2,Valle d'Aosta / Vallée d'Aoste,Valle d'Aosta,125666,25038,19.92,0.15
1352,2021-04-08,VDA,585,282,303,420,144,21,ITC,ITC2,2,Valle d'Aosta / Vallée d'Aoste,Valle d'Aosta,125666,25623,20.39,0.47
1353,2021-04-13,VDA,373,171,202,312,44,17,ITC,ITC2,2,Valle d'Aosta / Vallée d'Aoste,Valle d'Aosta,125666,25996,20.69,0.3
1354,2021-07-05,VDA,836,357,479,313,510,13,ITC,ITC2,2,Valle d'Aosta / Vallée d'Aoste,Valle d'Aosta,125666,26832,21.35,0.67
1355,2021-03-27,VDA,337,166,171,292,31,14,ITC,ITC2,2,Valle d'Aosta / Vallée d'Aoste,Valle d'Aosta,125666,27169,21.62,0.27
1356,2021-06-18,VDA,1004,446,558,589,401,14,ITC,ITC2,2,Valle d'Aosta / Vallée d'Aoste,Valle d'Aosta,125666,28173,22.42,0.8
1357,2021-06-04,VDA,910,385,525,467,435,8,ITC,ITC2,2,Valle d'Aosta / Vallée d'Aoste,Valle d'Aosta,125666,29083,23.14,0.72
1358,2021-08-26,VDA,343,168,175,82,254,7,ITC,ITC2,2,Valle d'Aosta / Vallée d'Aoste,Valle d'Aosta,125666,29426,23.42,0.27
1359,2021-02-10,VDA,248,77,171,141,107,0,ITC,ITC2,2,Valle d'Aosta / Vallée d'Aoste,Valle d'Aosta,125666,29674,23.61,0.2
1360,2021-03-25,VDA,389,154,235,364,10,15,ITC,ITC2,2,Valle d'Aosta / Vallée d'Aoste,Valle d'Aosta,125666,30063,23.92,0.31
1361,2021-05-21,VDA,933,443,490,523,401,9,ITC,ITC2,2,Valle d'Aosta / Vallée d'Aoste,Valle d'Aosta,125666,30996,24.67,0.74
1362,2021-01-17,VDA,131,56,75,131,0,0,ITC,ITC2,2,Valle d'Aosta / Vallée d'Aoste,Valle d'Aosta,125666,31127,24.77,0.1
1363,2021-06-23,VDA,1044,551,493,422,617,5,ITC,ITC2,2,Valle d'Aosta / Vallée d'Aoste,Valle d'Aosta,125666,32171,25.6,0.83
1364,2021-06-30,VDA,1121,544,577,417,695,9,ITC,ITC2,2,Valle d'Aosta / Vallée d'Aoste,Valle d'Aosta,125666,33292,26.49,0.89
1365,2021-08-14,VDA,465,256,209,135,314,16,ITC,ITC2,2,Valle d'Aosta / Vallée d'Aoste,Valle d'Aosta,125666,33757,26.86,0.37
1366,2021-03-13,VDA,147,88,59,141,0,6,ITC,ITC2,2,Valle d'Aosta / Vallée d'Aoste,Valle d'Aosta,125666,33904,26.98,0.12
1367,2021-01-15,VDA,220,83,137,220,0,0,ITC,ITC2,2,Valle d'Aosta / Vallée d'Aoste,Valle d'Aosta,125666,34124,27.15,0.18
1368,2021-05-23,VDA,999,465,534,653,340,6,ITC,ITC2,2,Valle d'Aosta / Vallée d'Aoste,Valle d'Aosta,125666,35123,27.95,0.79
1369,2021-01-29,VDA,321,139,182,2,319,0,ITC,ITC2,2,Valle d'Aosta / Vallée d'Aoste,Valle d'Aosta,125666,35444,28.2,0.26
1370,2021-08-31,VDA,672,344,328,135,531,6,ITC,ITC2,2,Valle d'Aosta / Vallée d'Aoste,Valle d'Aosta,125666,36116,28.74,0.53
1371,2021-04-22,VDA,1068,450,618,652,383,33,ITC,ITC2,2,Valle d'Aosta / Vallée d'Aoste,Valle d'Aosta,125666,37184,29.59,0.85
1372,2021-05-09,VDA,574,287,287,425,130,19,ITC,ITC2,2,Valle d'Aosta / Vallée d'Aoste,Valle d'Aosta,125666,37758,30.05,0.46
1373,2021-07-31,VDA,892,466,426,319,557,16,ITC,ITC2,2,Valle d'Aosta / Vallée d'Aoste,Valle d'Aosta,125666,38650,30.76,0.71
1374,2021-05-25,VDA,1117,532,585,530,575,12,ITC,ITC2,2,Valle d'Aosta / Vallée d'Aoste,Valle d'Aosta,125666,39767,31.64,0.89
1375,2021-02-14,VDA,48,16,32,1,47,0,ITC,ITC2,2,Valle d'Aosta / Vallée d'Aoste,Valle d'Aosta,125666,39815,31.68,0.04
1376,2021-05-08,VDA,909,544,365,500,383,26,ITC,ITC2,2,Valle d'Aosta / Vallée d'Aoste,Valle d'Aosta,125666,40724,32.41,0.72
1377,2021-06-13,VDA,857,403,454,370,482,5,ITC,ITC2,2,Valle d'Aosta / Vallée d'Aoste,Valle d'Aosta,125666,41581,33.09,0.68
1378,2021-09-16,VDA,472,220,252,235,150,87,ITC,ITC2,2,Valle d'Aosta / Vallée d'Aoste,Valle d'Aosta,125666,42053,33.46,0.38
1379,2021-06-08,VDA,772,408,364,731,33,8,ITC,ITC2,2,Valle d'Aosta / Vallée d'Aoste,Valle d'Aosta,125666,42825,34.08,0.61
1380,2021-07-23,VDA,975,485,490,355,609,11,ITC,ITC2,2,Valle d'Aosta / Vallée d'Aoste,Valle d'Aosta,125666,43800,34.85,0.78
1381,2021-01-19,VDA,256,77,179,256,0,0,ITC,ITC2,2,Valle d'Aosta / Vallée d'Aoste,Valle d'Aosta,125666,44056,35.06,0.2
1382,2021-04-12,VDA,487,187,300,305,164,18,ITC,ITC2,2,Valle d'Aosta / Vallée d'Aoste,Valle d'Aosta,125666,44543,35.45,0.39
1383,2021-04-29,VDA,1293,636,657,742,532,19,ITC,ITC2,2,Valle d'Aosta / Vallée d'Aoste,Valle d'Aosta,125666,45836,36.47,1.03
1384,2021-07-21,VDA,1169,639,530,303,850,16,ITC,ITC2,2,Valle d'Aosta / Vallée d'Aoste,Valle d'Aosta,125666,47005,37.4,0.93
1385,2021-07-04,VDA,1193,531,662,350,829,14,ITC,ITC2,2,Valle d'Aosta / Vallée d'Aoste,Valle d'Aosta,125666,48198,38.35,0.95
1386,2021-03-29,VDA,494,233,261,450,40,4,ITC,ITC2,2,Valle d'Aosta / Vallée d'Aoste,Valle d'Aosta,125666,48692,38.75,0.39
1387,2021-06-20,VDA,1134,545,589,477,644,13,ITC,ITC2,2,Valle d'Aosta / Vallée d'Aoste,Valle d'Aosta,125666,49826,39.65,0.9
1388,2021-03-12,VDA,535,177,358,301,226,8,ITC,ITC2,2,Valle d'Aosta / Vallée d'Aoste,Valle d'Aosta,125666,50361,40.08,0.43
1389,2021-08-30,VDA,547,276,271,115,394,38,ITC,ITC2,2,Valle d'Aosta / Vallée d'Aoste,Valle d'Aosta,125666,50908,40.51,0.44
1390,2021-01-31,VDA,291,91,200,58,233,0,ITC,ITC2,2,Valle d'Aosta / Vallée d'Aoste,Valle d'Aosta,125666,51199,40.74,0.23
1391,2021-04-17,VDA,638,407,231,596,2,40,ITC,ITC2,2,Valle d'Aosta / Vallée d'Aoste,Valle d'Aosta,125666,51837,41.25,0.51
1392,2021-01-07,VDA,280,113,167,280,0,0,ITC,ITC2,2,Valle d'Aosta / Vallée d'Aoste,Valle d'Aosta,125666,52117,41.47,0.22
1393,2021-02-19,VDA,292,102,190,267,24,1,ITC,ITC2,2,Valle d'Aosta / Vallée d'Aoste,Valle d'Aosta,125666,52409,41.7,0.23
1394,2021-08-04,VDA,1047,572,475,371,657,19,ITC,ITC2,2,Valle d'Aosta / Vallée d'Aoste,Valle d'Aosta,125666,53456,42.54,0.83
1395,2021-01-05,VDA,151,55,96,151,0,0,ITC,ITC2,2,Valle d'Aosta / Vallée d'Aoste,Valle d'Aosta,125666,53607,42.66,0.12
1396,2021-01-14,VDA,237,69,168,237,0,0,ITC,ITC2,2,Valle d'Aosta / Vallée d'Aoste,Valle d'Aosta,125666,53844,42.85,0.19
1397,2021-08-16,VDA,422,211,211,129,276,17,ITC,ITC2,2,Valle d'Aosta / Vallée d'Aoste,Valle d'Aosta,125666,54266,43.18,0.34
1398,2021-04-05,VDA,465,223,242,445,6,14,ITC,ITC2,2,Valle d'Aosta / Vallée d'Aoste,Valle d'Aosta,125666,54731,43.55,0.37
1399,2021-06-27,VDA,1254,609,645,311,931,12,ITC,ITC2,2,Valle d'Aosta / Vallée d'Aoste,Valle d'Aosta,125666,55985,44.55,1.0
1400,2021-07-14,VDA,1021,534,487,288,728,5,ITC,ITC2,2,Valle d'Aosta / Vallée d'Aoste,Valle d'Aosta,125666,57006,45.36,0.81
1401,2021-09-04,VDA,513,271,242,130,368,15,ITC,ITC2,2,Valle d'Aosta / Vallée d'Aoste,Valle d'Aosta,125666,57519,45.77,0.41
1402,2021-03-17,VDA,438,185,253,259,165,14,ITC,ITC2,2,Valle d'Aosta / Vallée d'Aoste,Valle d'Aosta,125666,57957,46.12,0.35
1403,2021-03-03,VDA,258,119,139,182,71,5,ITC,ITC2,2,Valle d'Aosta / Vallée d'Aoste,Valle d'Aosta,125666,58215,46.33,0.21
1404,2021-02-26,VDA,210,58,152,110,86,14,ITC,ITC2,2,Valle d'Aosta / Vallée d'Aoste,Valle d'Aosta,125666,58425,46.49,0.17
1405,2021-04-10,VDA,405,191,214,389,5,11,ITC,ITC2,2,Valle d'Aosta / Vallée d'Aoste,Valle d'Aosta,125666,58830,46.81,0.32
1406,2020-12-31,VDA,18,4,14,18,0,0,ITC,ITC2,2,Valle d'Aosta / Vallée d'Aoste,Valle d'Aosta,125666,58848,46.83,0.01
1407,2021-06-06,VDA,1161,582,579,780,374,7,ITC,ITC2,2,Valle d'Aosta / Vallée d'Aoste,Valle d'Aosta,125666,60009,47.75,0.92
1408,2021-06-15,VDA,924,508,416,654,257,13,ITC,ITC2,2,Valle d'Aosta / Vallée d'Aoste,Valle d'Aosta,125666,60933,48.49,0.74
1409,2021-08-11,VDA,777,380,397,304,452,21,ITC,ITC2,2,Valle d'Aosta / Vallée d'Aoste,Valle d'Aosta,125666,61710,49.11,0.62
1410,2021-09-11,VDA,390,238,152,2,385,3,ITC,ITC2,2,Valle d'Aosta / Vallée d'Aoste,Valle d'Aosta,125666,62100,49.42,0.31
1411,2021-03-10,VDA,439,184,255,220,214,5,ITC,ITC2,2,Valle d'Aosta / Vallée d'Aoste,Valle d'Aosta,125666,62539,49.77,0.35
1412,2021-02-21,VDA,18,3,15,0,18,0,ITC,ITC2,2,Valle d'Aosta / Vallée d'Aoste,Valle d'Aosta,125666,62557,49.78,0.01
1413,2021-09-09,VDA,324,174,150,99,215,10,ITC,ITC2,2,Valle d'Aosta / Vallée d'Aoste,Valle d'Aosta,125666,62881,50.04,0.26
1414,2021-06-01,VDA,874,471,403,511,354,9,ITC,ITC2,2,Valle d'Aosta / Vallée d'Aoste,Valle d'Aosta,125666,63755,50.73,0.7
1415,2021-03-22,VDA,561,205,356,326,229,6,ITC,ITC2,2,Valle d'Aosta / Vallée d'Aoste,Valle d'Aosta,125666,64316,51.18,0.45
1416,2021-08-02,VDA,761,408,353,303,447,11,ITC,ITC2,2,Valle d'Aosta / Vallée d'Aoste,Valle d'Aosta,125666,65077,51.79,0.61
1417,2021-04-24,VDA,723,401,322,534,167,22,ITC,ITC2,2,Valle d'Aosta / Vallée d'Aoste,Valle d'Aosta,125666,65800,52.36,0.58
1418,2021-07-28,VDA,1425,765,660,354,1049,22,ITC,ITC2,2,Valle d'Aosta / Vallée d'Aoste,Valle d'Aosta,125666,67225,53.49,1.13
1419,2021-04-19,VDA,753,326,427,521,209,23,ITC,ITC2,2,Valle d'Aosta / Vallée d'Aoste,Valle d'Aosta,125666,67978,54.09,0.6
1420,2021-07-16,VDA,1079,555,524,337,731,11,ITC,ITC2,2,Valle d'Aosta / Vallée d'Aoste,Valle d'Aosta,125666,69057,54.95,0.86
1421,2021-01-26,VDA,149,52,97,2,147,0,ITC,ITC2,2,Valle d'Aosta / Vallée d'Aoste,Valle d'Aosta,125666,69206,55.07,0.12
1422,2021-02-12,VDA,263,96,167,216,46,1,ITC,ITC2,2,Valle d'Aosta / Vallée d'Aoste,Valle d'Aosta,125666,69469,55.28,0.21
1423,2021-01-12,VDA,303,73,230,303,0,0,ITC,ITC2,2,Valle d'Aosta / Vallée d'Aoste,Valle d'Aosta,125666,69772,55.52,0.24
1424,2021-08-01,VDA,842,445,397,285,547,10,ITC,ITC2,2,Valle d'Aosta / Vallée d'Aoste,Valle d'Aosta,125666,70614,56.19,0.67
1425,2021-01-28,VDA,294,124,170,55,239,0,ITC,ITC2,2,Valle d'Aosta / Vallée d'Aoste,Valle d'Aosta,125666,70908,56.43,0.23
1426,2021-03-05,VDA,277,125,152,53,223,1,ITC,ITC2,2,Valle d'Aosta / Vallée d'Aoste,Valle d'Aosta,125666,71185,56.65,0.22
1427,2021-02-28,VDA,260,86,174,73,183,4,ITC,ITC2,2,Valle d'Aosta / Vallée d'Aoste,Valle d'Aosta,125666,71445,56.85,0.21
1428,2021-05-05,VDA,1039,566,473,435,582,22,ITC,ITC2,2,Valle d'Aosta / Vallée d'Aoste,Valle d'Aosta,125666,72484,57.68,0.83
1429,2021-08-13,VDA,496,273,223,204,283,9,ITC,ITC2,2,Valle d'Aosta / Vallée d'Aoste,Valle d'Aosta,125666,72980,58.07,0.39
1430,2021-05-03,VDA,841,400,441,459,352,30,ITC,ITC2,2,Valle d'Aosta / Vallée d'Aoste,Valle d'Aosta,125666,73821,58.74,0.67
1431,2021-03-07,VDA,64,30,34,11,53,0,ITC,ITC2,2,Valle d'Aosta / Vallée d'Aoste,Valle d'Aosta,125666,73885,58.79,0.05
1432,2021-08-20,VDA,473,240,233,142,316,15,ITC,ITC2,2,Valle d'Aosta / Vallée d'Aoste,Valle d'Aosta,125666,74358,59.17,0.38
1433,2021-06-05,VDA,927,477,450,730,188,9,ITC,ITC2,2,Valle d'Aosta / Vallée d'Aoste,Valle d'Aosta,125666,75285,59.91,0.74
1434,2021-02-11,VDA,232,107,125,222,9,1,ITC,ITC2,2,Valle d'Aosta / Vallée d'Aoste,Valle d'Aosta,125666,75517,60.09,0.18
1435,2021-07-18,VDA,931,457,474,242,674,15,ITC,ITC2,2,Valle d'Aosta / Vallée d'Aoste,Valle d'Aosta,125666,76448,60.83,0.74
1436,2021-04-09,VDA,238,111,127,201,33,4,ITC,ITC2,2,Valle d'Aosta / Vallée d'Aoste,Valle d'Aosta,125666,76686,61.02,0.19
1437,2021-09-13,VDA,289,149,140,14,274,1,ITC,ITC2,2,Valle d'Aosta / Vallée d'Aoste,Valle d'Aosta,125666,76975,61.25,0.23
1438,2021-05-22,VDA,956,505,451,545,401,10,ITC,ITC2,2,Valle d'Aosta / Vallée d'Aoste,Valle d'Aosta,125666,77931,62.01,0.76
1439,2021-01-16,VDA,238,80,158,238,0,0,ITC,ITC2,2,Valle d'Aosta / Vallée d'Aoste,Valle d'Aosta,125666,78169,62.2,0.19
1440,2021-06-22,VDA,1192,666,526,531,649,12,ITC,ITC2,2,Valle d'Aosta / Vallée d'Aoste,Valle d'Aosta,125666,79361,63.15,0.95
1441,2021-03-14,VDA,394,202,192,376,0,18,ITC,ITC2,2,Valle d'Aosta / Vallée d'Aoste,Valle d'Aosta,125666,79755,63.47,0.31
1442,2021-04-26,VDA,718,330,388,516,170,32,ITC,ITC2,2,Valle d'Aosta / Vallée d'Aoste,Valle d'Aosta,125666,80473,64.04,0.57
1443,2021-08-27,VDA,498,259,239,122,366,10,ITC,ITC2,2,Valle d'Aosta / Vallée d'Aoste,Valle d'Aosta,125666,80971,64.43,0.4
1444,2021-07-01,VDA,962,473,489,328,621,13,ITC,ITC2,2,Valle d'Aosta / Vallée d'Aoste,Valle d'Aosta,125666,81933,65.2,0.77
1445,2021-08-23,VDA,404,205,199,91,299,14,ITC,ITC2,2,Valle d'Aosta / Vallée d'Aoste,Valle d'Aosta,125666,82337,65.52,0.32
1446,2021-02-23,VDA,217,124,93,216,0,1,ITC,ITC2,2,Valle d'Aosta / Vallée d'Aoste,Valle d'Aosta,125666,82554,65.69,0.17
1447,2021-05-18,VDA,972,484,488,348,619,5,ITC,ITC2,2,Valle d'Aosta / Vallée d'Aoste,Valle d'Aosta,125666,83526,66.47,0.77
1448,2021-02-07,VDA,292,120,172,190,102,0,ITC,ITC2,2,Valle d'Aosta / Vallée d'Aoste,Valle d'Aosta,125666,83818,66.7,0.23
1449,2021-08-09,VDA,675,336,339,250,404,21,ITC,ITC2,2,Valle d'Aosta / Vallée d'Aoste,Valle d'Aosta,125666,84493,67.24,0.54
1450,2021-05-01,VDA,941,564,377,440,484,17,ITC,ITC2,2,Valle d'Aosta / Vallée d'Aoste,Valle d'Aosta,125666,85434,67.98,0.75
1451,2021-09-01,VDA,800,428,372,188,586,26,ITC,ITC2,2,Valle d'Aosta / Vallée d'Aoste,Valle d'Aosta,125666,86234,68.62,0.64
1452,2021-05-24,VDA,1141,518,623,678,447,16,ITC,ITC2,2,Valle d'Aosta / Vallée d'Aoste,Valle d'Aosta,125666,87375,69.53,0.91
1453,2021-05-10,VDA,786,385,401,532,235,19,ITC,ITC2,2,Valle d'Aosta / Vallée d'Aoste,Valle d'Aosta,125666,88161,70.16,0.63
1454,2021-08-18,VDA,687,356,331,235,433,19,ITC,ITC2,2,Valle d'Aosta / Vallée d'Aoste,Valle d'Aosta,125666,88848,70.7,0.55
1455,2021-07-30,VDA,966,501,465,418,525,23,ITC,ITC2,2,Valle d'Aosta / Vallée d'Aoste,Valle d'Aosta,125666,89814,71.47,0.77
1456,2021-04-21,VDA,869,410,459,588,249,32,ITC,ITC2,2,Valle d'Aosta / Vallée d'Aoste,Valle d'Aosta,125666,90683,72.16,0.69
1457,2021-07-25,VDA,1021,494,527,262,749,10,ITC,ITC2,2,Valle d'Aosta / Vallée d'Aoste,Valle d'Aosta,125666,91704,72.97,0.81
1458,2021-04-16,VDA,599,261,338,566,2,31,ITC,ITC2,2,Valle d'Aosta / Vallée d'Aoste,Valle d'Aosta,125666,92303,73.45,0.48
1459,2021-04-02,VDA,875,345,530,626,226,23,ITC,ITC2,2,Valle d'Aosta / Vallée d'Aoste,Valle d'Aosta,125666,93178,74.15,0.7
1460,2021-09-06,VDA,495,245,250,145,319,31,ITC,ITC2,2,Valle d'Aosta / Vallée d'Aoste,Valle d'Aosta,125666,93673,74.54,0.39
1461,2021-05-29,VDA,800,436,364,554,239,7,ITC,ITC2,2,Valle d'Aosta / Vallée d'Aoste,Valle d'Aosta,125666,94473,75.18,0.64
1462,2021-07-11,VDA,908,472,436,253,643,12,ITC,ITC2,2,Valle d'Aosta / Vallée d'Aoste,Valle d'Aosta,125666,95381,75.9,0.72
1463,2021-02-25,VDA,202,101,101,190,8,4,ITC,ITC2,2,Valle d'Aosta / Vallée d'Aoste,Valle d'Aosta,125666,95583,76.06,0.16
1464,2021-06-03,VDA,1313,670,643,882,414,17,ITC,ITC2,2,Valle d'Aosta / Vallée d'Aoste,Valle d'Aosta,125666,96896,77.11,1.04
1465,2021-08-25,VDA,681,348,333,128,527,26,ITC,ITC2,2,Valle d'Aosta / Vallée d'Aoste,Valle d'Aosta,125666,97577,77.65,0.54
1466,2021-05-17,VDA,809,417,392,365,434,10,ITC,ITC2,2,Valle d'Aosta / Vallée d'Aoste,Valle d'Aosta,125666,98386,78.29,0.64
1467,2021-08-08,VDA,580,298,282,176,394,10,ITC,ITC2,2,Valle d'Aosta / Vallée d'Aoste,Valle d'Aosta,125666,98966,78.75,0.46
1468,2021-05-15,VDA,1068,615,453,368,687,13,ITC,ITC2,2,Valle d'Aosta / Vallée d'Aoste,Valle d'Aosta,125666,100034,79.6,0.85
1469,2021-02-04,VDA,295,86,209,8,287,0,ITC,ITC2,2,Valle d'Aosta / Vallée d'Aoste,Valle d'Aosta,125666,100329,79.84,0.23
1470,2021-04-28,VDA,1220,633,587,683,503,34,ITC,ITC2,2,Valle d'Aosta / Vallée d'Aoste,Valle d'Aosta,125666,101549,80.81,0.97
1471,2021-04-14,VDA,942,430,512,692,224,26,ITC,ITC2,2,Valle d'Aosta / Vallée d'Aoste,Valle d'Aosta,125666,102491,81.56,0.75
1472,2021-07-06,VDA,886,481,405,158,723,5,ITC,ITC2,2,Valle d'Aosta / Vallée d'Aoste,Valle d'Aosta,125666,103377,82.26,0.71
1473,2021-01-02,VDA,6,5,1,6,0,0,ITC,ITC2,2,Valle d'Aosta / Vallée d'Aoste,Valle d'Aosta,125666,103383,82.27,0.0
1474,2021-03-26,VDA,498,204,294,482,7,9,ITC,ITC2,2,Valle d'Aosta / Vallée d'Aoste,Valle d'Aosta,125666,103881,82.66,0.4
1475,2021-06-17,VDA,991,530,461,635,342,14,ITC,ITC2,2,Valle d'Aosta / Vallée d'Aoste,Valle d'Aosta,125666,104872,83.45,0.79
1476,2021-06-12,VDA,1234,600,634,1058,167,9,ITC,ITC2,2,Valle d'Aosta / Vallée d'Aoste,Valle d'Aosta,125666,106106,84.43,0.98
1477,2021-01-30,VDA,440,203,237,12,426,2,ITC,ITC2,2,Valle d'Aosta / Vallée d'Aoste,Valle d'Aosta,125666,106546,84.79,0.35
1478,2021-01-25,VDA,150,67,83,1,149,0,ITC,ITC2,2,Valle d'Aosta / Vallée d'Aoste,Valle d'Aosta,125666,106696,84.9,0.12
1479,2021-07-13,VDA,1063,567,496,309,748,6,ITC,ITC2,2,Valle d'Aosta / Vallée d'Aoste,Valle d'Aosta,125666,107759,85.75,0.85
1480,2021-03-21,VDA,361,170,191,352,0,9,ITC,ITC2,2,Valle d'Aosta / Vallée d'Aoste,Valle d'Aosta,125666,108120,86.04,0.29
1481,2021-06-29,VDA,782,390,392,236,543,3,ITC,ITC2,2,Valle d'Aosta / Vallée d'Aoste,Valle d'Aosta,125666,108902,86.66,0.62
1482,2021-06-10,VDA,1059,612,447,1007,41,11,ITC,ITC2,2,Valle d'Aosta / Vallée d'Aoste,Valle d'Aosta,125666,109961,87.5,0.84
1483,2021-03-02,VDA,340,166,174,291,3,46,ITC,ITC2,2,Valle d'Aosta / Vallée d'Aoste,Valle d'Aosta,125666,110301,87.77,0.27
1484,2021-08-06,VDA,821,400,421,402,398,21,ITC,ITC2,2,Valle d'Aosta / Vallée d'Aoste,Valle d'Aosta,125666,111122,88.43,0.65
1485,2021-08-10,VDA,854,437,417,580,263,11,ITC,ITC2,2,Valle d'Aosta / Vallée d'Aoste,Valle d'Aosta,125666,111976,89.11,0.68
1486,2021-08-05,VDA,787,406,381,280,480,27,ITC,ITC2,2,Valle d'Aosta / Vallée d'Aoste,Valle d'Aosta,125666,112763,89.73,0.63
1487,2021-01-06,VDA,66,34,32,66,0,0,ITC,ITC2,2,Valle d'Aosta / Vallée d'Aoste,Valle d'Aosta,125666,112829,89.78,0.05
1488,2021-02-18,VDA,349,153,196,256,88,5,ITC,ITC2,2,Valle d'Aosta / Vallée d'Aoste,Valle d'Aosta,125666,113178,90.06,0.28
1489,2021-01-21,VDA,33,12,21,33,0,0,ITC,ITC2,2,Valle d'Aosta / Vallée d'Aoste,Valle d'Aosta,125666,113211,90.09,0.03
1490,2021-01-04,VDA,144,61,83,144,0,0,ITC,ITC2,2,Valle d'Aosta / Vallée d'Aoste,Valle d'Aosta,125666,113355,90.2,0.11
1491,2021-01-09,VDA,445,200,245,445,0,0,ITC,ITC2,2,Valle d'Aosta / Vallée d'Aoste,Valle d'Aosta,125666,113800,90.56,0.35
1492,2021-06-24,VDA,1227,631,596,381,837,9,ITC,ITC2,2,Valle d'Aosta / Vallée d'Aoste,Valle d'Aosta,125666,115027,91.53,0.98
1493,2021-03-19,VDA,322,85,237,285,35,2,ITC,ITC2,2,Valle d'Aosta / Vallée d'Aoste,Valle d'Aosta,125666,115349,91.79,0.26
1494,2021-05-07,VDA,566,247,319,513,30,23,ITC,ITC2,2,Valle d'Aosta / Vallée d'Aoste,Valle d'Aosta,125666,115915,92.24,0.45
1495,2021-04-23,VDA,923,443,480,511,383,29,ITC,ITC2,2,Valle d'Aosta / Vallée d'Aoste,Valle d'Aosta,125666,116838,92.98,0.73
1496,2021-01-13,VDA,338,110,228,338,0,0,ITC,ITC2,2,Valle d'Aosta / Vallée d'Aoste,Valle d'Aosta,125666,117176,93.24,0.27
1497,2021-07-29,VDA,998,508,490,318,667,13,ITC,ITC2,2,Valle d'Aosta / Vallée d'Aoste,Valle d'Aosta,125666,118174,94.04,0.79
1498,2021-07-15,VDA,1099,596,503,286,800,13,ITC,ITC2,2,Valle d'Aosta / Vallée d'Aoste,Valle d'Aosta,125666,119273,94.91,0.87
1499,2021-04-06,VDA,743,382,361,598,112,33,ITC,ITC2,2,Valle d'Aosta / Vallée d'Aoste,Valle d'Aosta,125666,120016,95.5,0.59
1500,2021-03-18,VDA,136,43,93,96,37,3,ITC,ITC2,2,Valle d'Aosta / Vallée d'Aoste,Valle d'Aosta,125666,120152,95.61,0.11
1501,2021-06-26,VDA,1066,512,554,352,707,7,ITC,ITC2,2,Valle d'Aosta / Vallée d'Aoste,Valle d'Aosta,125666,121218,96.46,0.85
1502,2021-09-17,VDA,106,53,53,7,98,1,ITC,ITC2,2,Valle d'Aosta / Vallée d'Aoste,Valle d'Aosta,125666,121324,96.54,0.08
1503,2021-03-04,VDA,291,139,152,38,251,2,ITC,ITC2,2,Valle d'Aosta / Vallée d'Aoste,Valle d'Aosta,125666,121615,96.78,0.23
1504,2021-05-26,VDA,1212,587,625,567,634,11,ITC,ITC2,2,Valle d'Aosta / Vallée d'Aoste,Valle d'Aosta,125666,122827,97.74,0.96
1505,2021-09-03,VDA,534,283,251,139,369,26,ITC,ITC2,2,Valle d'Aosta / Vallée d'Aoste,Valle d'Aosta,125666,123361,98.17,0.42
1506,2021-07-10,VDA,1295,670,625,320,964,11,ITC,ITC2,2,Valle d'Aosta / Vallée d'Aoste,Valle d'Aosta,125666,124656,99.2,1.03
1507,2021-08-22,VDA,177,88,89,8,169,0,ITC,ITC2,2,Valle d'Aosta / Vallée d'Aoste,Valle d'Aosta,125666,124833,99.34,0.14
1508,2021-05-14,VDA,964,444,520,264,670,30,ITC,ITC2,2,Valle d'Aosta / Vallée d'Aoste,Valle d'Aosta,125666,125797,100.1,0.77
1509,2021-02-01,VDA,409,128,281,86,320,3,ITC,ITC2,2,Valle d'Aosta / Vallée d'Aoste,Valle d'Aosta,125666,126206,100.43,0.33
1510,2021-07-08,VDA,1276,709,567,339,926,11,ITC,ITC2,2,Valle d'Aosta / Vallée d'Aoste,Valle d'Aosta,125666,127482,101.45,1.02
1511,2021-03-30,VDA,402,223,179,364,20,18,ITC,ITC2,2,Valle d'Aosta / Vallée d'Aoste,Valle d'Aosta,125666,127884,101.76,0.32
1512,2021-05-12,VDA,1145,550,595,450,671,24,ITC,ITC2,2,Valle d'Aosta / Vallée d'Aoste,Valle d'Aosta,125666,129029,102.68,0.91
1513,2021-02-06,VDA,290,104,186,91,198,1,ITC,ITC2,2,Valle d'Aosta / Vallée d'Aoste,Valle d'Aosta,125666,129319,102.91,0.23
1514,2021-04-30,VDA,833,357,476,469,347,17,ITC,ITC2,2,Valle d'Aosta / Vallée d'Aoste,Valle d'Aosta,125666,130152,103.57,0.66
1515,2021-01-20,VDA,64,15,49,64,0,0,ITC,ITC2,2,Valle d'Aosta / Vallée d'Aoste,Valle d'Aosta,125666,130216,103.62,0.05
1516,2021-07-22,VDA,981,519,462,264,704,13,ITC,ITC2,2,Valle d'Aosta / Vallée d'Aoste,Valle d'Aosta,125666,131197,104.4,0.78
1517,2021-01-18,VDA,214,74,140,214,0,0,ITC,ITC2,2,Valle d'Aosta / Vallée d'Aoste,Valle d'Aosta,125666,131411,104.57,0.17
1518,2021-04-11,VDA,479,208,271,462,0,17,ITC,ITC2,2,Valle d'Aosta / Vallée d'Aoste,Valle d'Aosta,125666,131890,104.95,0.38
1519,2021-01-11,VDA,328,113,215,328,0,0,ITC,ITC2,2,Valle d'Aosta / Vallée d'Aoste,Valle d'Aosta,125666,132218,105.21,0.26
1520,2021-03-28,VDA,524,213,311,497,0,27,ITC,ITC2,2,Valle d'Aosta / Vallée d'Aoste,Valle d'Aosta,125666,132742,105.63,0.42
1521,2021-03-11,VDA,392,164,228,152,239,1,ITC,ITC2,2,Valle d'Aosta / Vallée d'Aoste,Valle d'Aosta,125666,133134,105.94,0.31
1522,2021-06-02,VDA,1217,689,528,810,402,5,ITC,ITC2,2,Valle d'Aosta / Vallée d'Aoste,Valle d'Aosta,125666,134351,106.91,0.97
1523,2021-06-19,VDA,1295,671,624,658,621,16,ITC,ITC2,2,Valle d'Aosta / Vallée d'Aoste,Valle d'Aosta,125666,135646,107.94,1.03
1524,2021-09-10,VDA,615,300,315,208,364,43,ITC,ITC2,2,Valle d'Aosta / Vallée d'Aoste,Valle d'Aosta,125666,136261,108.43,0.49
1525,2021-08-24,VDA,672,370,302,144,518,10,ITC,ITC2,2,Valle d'Aosta / Vallée d'Aoste,Valle d'Aosta,125666,136933,108.97,0.53
1526,2021-03-09,VDA,206,96,110,167,32,7,ITC,ITC2,2,Valle d'Aosta / Vallée d'Aoste,Valle d'Aosta,125666,137139,109.13,0.16
1527,2021-02-20,VDA,257,215,42,244,10,3,ITC,ITC2,2,Valle d'Aosta / Vallée d'Aoste,Valle d'Aosta,125666,137396,109.33,0.2
1528,2021-07-17,VDA,987,521,466,248,731,8,ITC,ITC2,2,Valle d'Aosta / Vallée d'Aoste,Valle d'Aosta,125666,138383,110.12,0.79
1529,2021-07-03,VDA,937,486,451,390,537,10,ITC,ITC2,2,Valle d'Aosta / Vallée d'Aoste,Valle d'Aosta,125666,139320,110.87,0.75
1530,2021-08-29,VDA,209,120,89,6,202,1,ITC,ITC2,2,Valle d'Aosta / Vallée d'Aoste,Valle d'Aosta,125666,139529,111.03,0.17
1531,2021-02-08,VDA,224,83,141,25,199,0,ITC,ITC2,2,Valle d'Aosta / Vallée d'Aoste,Valle d'Aosta,125666,139753,111.21,0.18
1532,2021-03-23,VDA,382,150,232,231,135,16,ITC,ITC2,2,Valle d'Aosta / Vallée d'Aoste,Valle d'Aosta,125666,140135,111.51,0.3
1533,2021-05-19,VDA,993,498,495,410,575,8,ITC,ITC2,2,Valle d'Aosta / Vallée d'Aoste,Valle d'Aosta,125666,141128,112.3,0.79
1534,2021-09-05,VDA,143,75,68,4,136,3,ITC,ITC2,2,Valle d'Aosta / Vallée d'Aoste,Valle d'Aosta,125666,141271,112.42,0.11
1535,2021-03-16,VDA,186,37,149,109,68,9,ITC,ITC2,2,Valle d'Aosta / Vallée d'Aoste,Valle d'Aosta,125666,141457,112.57,0.15
1536,2021-04-04,VDA,573,254,319,562,0,11,ITC,ITC2,2,Valle d'Aosta / Vallée d'Aoste,Valle d'Aosta,125666,142030,113.02,0.46
1537,2021-08-17,VDA,560,306,254,210,342,8,ITC,ITC2,2,Valle d'Aosta / Vallée d'Aoste,Valle d'Aosta,125666,142590,113.47,0.45
1538,2021-02-13,VDA,219,199,20,216,1,2,ITC,ITC2,2,Valle d'Aosta / Vallée d'Aoste,Valle d'Aosta,125666,142809,113.64,0.17
1539,2021-03-31,VDA,555,302,253,511,26,18,ITC,ITC2,2,Valle d'Aosta / Vallée d'Aoste,Valle d'Aosta,125666,143364,114.08,0.44
1540,2021-05-27,VDA,1093,498,595,575,506,12,ITC,ITC2,2,Valle d'Aosta / Vallée d'Aoste,Valle d'Aosta,125666,144457,114.95,0.87
1541,2021-05-13,VDA,1146,561,585,523,602,21,ITC,ITC2,2,Valle d'Aosta / Vallée d'Aoste,Valle d'Aosta,125666,145603,115.87,0.91
1542,2021-02-02,VDA,287,73,214,3,284,0,ITC,ITC2,2,Valle d'Aosta / Vallée d'Aoste,Valle d'Aosta,125666,145890,116.09,0.23
1543,2021-07-09,VDA,946,446,500,279,657,10,ITC,ITC2,2,Valle d'Aosta / Vallée d'Aoste,Valle d'Aosta,125666,146836,116.85,0.75
1544,2021-06-25,VDA,980,445,535,323,653,4,ITC,ITC2,2,Valle d'Aosta / Vallée d'Aoste,Valle d'Aosta,125666,147816,117.63,0.78
1545,2021-08-21,VDA,443,221,222,94,331,18,ITC,ITC2,2,Valle d'Aosta / Vallée d'Aoste,Valle d'Aosta,125666,148259,117.98,0.35
1546,2021-05-20,VDA,1045,475,570,592,440,13,ITC,ITC2,2,Valle d'Aosta / Vallée d'Aoste,Valle d'Aosta,125666,149304,118.81,0.83
1547,2021-07-02,VDA,873,387,486,304,563,6,ITC,ITC2,2,Valle d'Aosta / Vallée d'Aoste,Valle d'Aosta,125666,150177,119.5,0.69
1548,2021-03-24,VDA,518,230,288,256,259,3,ITC,ITC2,2,Valle d'Aosta / Vallée d'Aoste,Valle d'Aosta,125666,150695,119.92,0.41
1549,2021-08-28,VDA,536,285,251,90,424,22,ITC,ITC2,2,Valle d'Aosta / Vallée d'Aoste,Valle d'Aosta,125666,151231,120.34,0.43
1550,2021-05-06,VDA,1083,516,567,664,385,34,ITC,ITC2,2,Valle d'Aosta / Vallée d'Aoste,Valle d'Aosta,125666,152314,121.21,0.86
1551,2021-02-16,VDA,328,53,275,316,6,6,ITC,ITC2,2,Valle d'Aosta / Vallée d'Aoste,Valle d'Aosta,125666,152642,121.47,0.26
1552,2021-04-07,VDA,910,474,436,655,229,26,ITC,ITC2,2,Valle d'Aosta / Vallée d'Aoste,Valle d'Aosta,125666,153552,122.19,0.72
1553,2021-09-08,VDA,607,307,300,207,346,54,ITC,ITC2,2,Valle d'Aosta / Vallée d'Aoste,Valle d'Aosta,125666,154159,122.67,0.48
1554,2021-02-09,VDA,255,86,169,70,184,1,ITC,ITC2,2,Valle d'Aosta / Vallée d'Aoste,Valle d'Aosta,125666,154414,122.88,0.2
1555,2021-07-20,VDA,1121,585,536,387,724,10,ITC,ITC2,2,Valle d'Aosta / Vallée d'Aoste,Valle d'Aosta,125666,155535,123.77,0.89
1556,2021-09-15,VDA,373,197,176,23,349,1,ITC,ITC2,2,Valle d'Aosta / Vallée d'Aoste,Valle d'Aosta,125666,155908,124.07,0.3
1557,2021-04-18,VDA,523,255,268,495,2,26,ITC,ITC2,2,Valle d'Aosta / Vallée d'Aoste,Valle d'Aosta,125666,156431,124.48,0.42
1558,2021-06-14,VDA,1017,523,494,575,428,14,ITC,ITC2,2,Valle d'Aosta / Vallée d'Aoste,Valle d'Aosta,125666,157448,125.29,0.81
1559,2021-05-31,VDA,881,396,485,490,380,11,ITC,ITC2,2,Valle d'Aosta / Vallée d'Aoste,Valle d'Aosta,125666,158329,125.99,0.7
1560,2021-07-27,VDA,1132,605,527,569,552,11,ITC,ITC2,2,Valle d'Aosta / Vallée d'Aoste,Valle d'Aosta,125666,159461,126.89,0.9
1561,2021-04-25,VDA,850,409,441,674,139,37,ITC,ITC2,2,Valle d'Aosta / Vallée d'Aoste,Valle d'Aosta,125666,160311,127.57,0.68
1562,2021-06-21,VDA,1124,600,524,607,507,10,ITC,ITC2,2,Valle d'Aosta / Vallée d'Aoste,Valle d'Aosta,125666,161435,128.46,0.89
1563,2021-06-07,VDA,711,347,364,637,61,13,ITC,ITC2,2,Valle d'Aosta / Vallée d'Aoste,Valle d'Aosta,125666,162146,129.03,0.57
1564,2021-02-27,VDA,232,86,146,120,107,5,ITC,ITC2,2,Valle d'Aosta / Vallée d'Aoste,Valle d'Aosta,125666,162378,129.21,0.18
1565,2021-08-03,VDA,946,489,457,572,358,16,ITC,ITC2,2,Valle d'Aosta / Vallée d'Aoste,Valle d'Aosta,125666,163324,129.97,0.75
1566,2021-02-06,PAT,582,302,280,439,143,0,ITH,ITH2,4,Provincia Autonoma Trento,P.A. Trento,541380,582,0.11,0.11
1567,2021-02-23,PAT,1128,403,725,887,218,23,ITH,ITH2,4,Provincia Autonoma Trento,P.A. Trento,541380,1710,0.32,0.21
1568,2021-05-17,PAT,4357,2157,2200,3751,363,243,ITH,ITH2,4,Provincia Autonoma Trento,P.A. Trento,541380,6067,1.12,0.8
1569,2021-08-25,PAT,4399,2349,2050,1090,3235,74,ITH,ITH2,4,Provincia Autonoma Trento,P.A. Trento,541380,10466,1.93,0.81
1570,2021-03-09,PAT,1670,620,1050,980,653,37,ITH,ITH2,4,Provincia Autonoma Trento,P.A. Trento,541380,12136,2.24,0.31
1571,2021-06-17,PAT,6753,3564,3189,2044,4539,170,ITH,ITH2,4,Provincia Autonoma Trento,P.A. Trento,541380,18889,3.49,1.25
1572,2021-06-29,PAT,6432,3242,3190,2759,3534,139,ITH,ITH2,4,Provincia Autonoma Trento,P.A. Trento,541380,25321,4.68,1.19
1573,2021-06-12,PAT,5429,2718,2711,436,4943,50,ITH,ITH2,4,Provincia Autonoma Trento,P.A. Trento,541380,30750,5.68,1.0
1574,2021-03-21,PAT,136,74,62,131,0,5,ITH,ITH2,4,Provincia Autonoma Trento,P.A. Trento,541380,30886,5.71,0.03
1575,2021-07-13,PAT,3843,1954,1889,1774,1934,135,ITH,ITH2,4,Provincia Autonoma Trento,P.A. Trento,541380,34729,6.41,0.71
1576,2021-04-21,PAT,2945,1372,1573,2739,51,155,ITH,ITH2,4,Provincia Autonoma Trento,P.A. Trento,541380,37674,6.96,0.54
1577,2021-01-28,PAT,554,156,398,51,503,0,ITH,ITH2,4,Provincia Autonoma Trento,P.A. Trento,541380,38228,7.06,0.1
1578,2021-01-11,PAT,765,235,530,765,0,0,ITH,ITH2,4,Provincia Autonoma Trento,P.A. Trento,541380,38993,7.2,0.14
1579,2021-09-08,PAT,1550,783,767,482,1039,29,ITH,ITH2,4,Provincia Autonoma Trento,P.A. Trento,541380,40543,7.49,0.29
1580,2021-07-27,PAT,4823,2550,2273,1753,2951,119,ITH,ITH2,4,Provincia Autonoma Trento,P.A. Trento,541380,45366,8.38,0.89
1581,2021-05-31,PAT,4807,2215,2592,1608,3088,111,ITH,ITH2,4,Provincia Autonoma Trento,P.A. Trento,541380,50173,9.27,0.89
1582,2021-01-23,PAT,584,338,246,389,194,1,ITH,ITH2,4,Provincia Autonoma Trento,P.A. Trento,541380,50757,9.38,0.11
1583,2021-05-03,PAT,4313,2224,2089,3845,157,311,ITH,ITH2,4,Provincia Autonoma Trento,P.A. Trento,541380,55070,10.17,0.8
1584,2021-08-13,PAT,5965,3380,2585,2590,3224,151,ITH,ITH2,4,Provincia Autonoma Trento,P.A. Trento,541380,61035,11.27,1.1
1585,2021-07-01,PAT,7153,3738,3415,3585,3365,203,ITH,ITH2,4,Provincia Autonoma Trento,P.A. Trento,541380,68188,12.6,1.32
1586,2021-05-05,PAT,5061,2612,2449,4433,306,322,ITH,ITH2,4,Provincia Autonoma Trento,P.A. Trento,541380,73249,13.53,0.93
1587,2021-04-09,PAT,2806,1195,1611,1528,1209,69,ITH,ITH2,4,Provincia Autonoma Trento,P.A. Trento,541380,76055,14.05,0.52
1588,2021-02-11,PAT,1171,377,794,803,367,1,ITH,ITH2,4,Provincia Autonoma Trento,P.A. Trento,541380,77226,14.26,0.22
1589,2021-07-18,PAT,464,243,221,116,339,9,ITH,ITH2,4,Provincia Autonoma Trento,P.A. Trento,541380,77690,14.35,0.09
1590,2021-02-25,PAT,1656,649,1007,1200,446,10,ITH,ITH2,4,Provincia Autonoma Trento,P.A. Trento,541380,79346,14.66,0.31
1591,2020-12-30,PAT,7,3,4,7,0,0,ITH,ITH2,4,Provincia Autonoma Trento,P.A. Trento,541380,79353,14.66,0.0
1592,2021-06-05,PAT,4132,1939,2193,688,3364,80,ITH,ITH2,4,Provincia Autonoma Trento,P.A. Trento,541380,83485,15.42,0.76
1593,2021-08-08,PAT,637,339,298,243,386,8,ITH,ITH2,4,Provincia Autonoma Trento,P.A. Trento,541380,84122,15.54,0.12
1594,2021-08-27,PAT,3806,2068,1738,926,2792,88,ITH,ITH2,4,Provincia Autonoma Trento,P.A. Trento,541380,87928,16.24,0.7
1595,2021-03-26,PAT,3277,1282,1995,2518,612,147,ITH,ITH2,4,Provincia Autonoma Trento,P.A. Trento,541380,91205,16.85,0.61
1596,2021-04-14,PAT,3146,1480,1666,2253,738,155,ITH,ITH2,4,Provincia Autonoma Trento,P.A. Trento,541380,94351,17.43,0.58
1597,2021-03-28,PAT,768,304,464,717,2,49,ITH,ITH2,4,Provincia Autonoma Trento,P.A. Trento,541380,95119,17.57,0.14
1598,2021-01-04,PAT,905,250,655,903,0,2,ITH,ITH2,4,Provincia Autonoma Trento,P.A. Trento,541380,96024,17.74,0.17
1599,2021-07-06,PAT,5239,2763,2476,3113,1932,194,ITH,ITH2,4,Provincia Autonoma Trento,P.A. Trento,541380,101263,18.7,0.97
1600,2021-03-14,PAT,110,67,43,19,89,2,ITH,ITH2,4,Provincia Autonoma Trento,P.A. Trento,541380,101373,18.72,0.02
1601,2021-03-07,PAT,24,6,18,24,0,0,ITH,ITH2,4,Provincia Autonoma Trento,P.A. Trento,541380,101397,18.73,0.0
1602,2021-01-09,PAT,195,42,153,195,0,0,ITH,ITH2,4,Provincia Autonoma Trento,P.A. Trento,541380,101592,18.77,0.04
1603,2021-06-24,PAT,6056,3171,2885,3649,2208,199,ITH,ITH2,4,Provincia Autonoma Trento,P.A. Trento,541380,107648,19.88,1.12
1604,2021-05-12,PAT,3348,1511,1837,1961,1220,167,ITH,ITH2,4,Provincia Autonoma Trento,P.A. Trento,541380,110996,20.5,0.62
1605,2021-03-16,PAT,1407,514,893,581,792,34,ITH,ITH2,4,Provincia Autonoma Trento,P.A. Trento,541380,112403,20.76,0.26
1606,2021-05-24,PAT,4494,2078,2416,1268,3110,116,ITH,ITH2,4,Provincia Autonoma Trento,P.A. Trento,541380,116897,21.59,0.83
1607,2021-09-01,PAT,3924,2092,1832,831,3017,76,ITH,ITH2,4,Provincia Autonoma Trento,P.A. Trento,541380,120821,22.32,0.72
1608,2021-03-02,PAT,1323,446,877,910,382,31,ITH,ITH2,4,Provincia Autonoma Trento,P.A. Trento,541380,122144,22.56,0.24
1609,2021-06-10,PAT,6220,3031,3189,1812,4270,138,ITH,ITH2,4,Provincia Autonoma Trento,P.A. Trento,541380,128364,23.71,1.15
1610,2021-09-03,PAT,3483,1907,1576,784,2650,49,ITH,ITH2,4,Provincia Autonoma Trento,P.A. Trento,541380,131847,24.35,0.64
1611,2021-02-16,PAT,676,248,428,660,5,11,ITH,ITH2,4,Provincia Autonoma Trento,P.A. Trento,541380,132523,24.48,0.12
1612,2021-04-23,PAT,3668,1786,1882,3428,56,184,ITH,ITH2,4,Provincia Autonoma Trento,P.A. Trento,541380,136191,25.16,0.68
1613,2021-01-30,PAT,396,136,260,155,241,0,ITH,ITH2,4,Provincia Autonoma Trento,P.A. Trento,541380,136587,25.23,0.07
1614,2021-05-10,PAT,3271,1679,1592,2532,518,221,ITH,ITH2,4,Provincia Autonoma Trento,P.A. Trento,541380,139858,25.83,0.6
1615,2021-08-06,PAT,6476,3567,2909,2670,3685,121,ITH,ITH2,4,Provincia Autonoma Trento,P.A. Trento,541380,146334,27.03,1.2
1616,2021-01-16,PAT,322,148,174,322,0,0,ITH,ITH2,4,Provincia Autonoma Trento,P.A. Trento,541380,146656,27.09,0.06
1617,2021-04-28,PAT,4292,1997,2295,3897,139,256,ITH,ITH2,4,Provincia Autonoma Trento,P.A. Trento,541380,150948,27.88,0.79
1618,2021-09-15,PAT,1634,866,768,443,1135,56,ITH,ITH2,4,Provincia Autonoma Trento,P.A. Trento,541380,152582,28.18,0.3
1619,2021-07-20,PAT,4832,2611,2221,1743,2935,154,ITH,ITH2,4,Provincia Autonoma Trento,P.A. Trento,541380,157414,29.08,0.89
1620,2021-05-22,PAT,3375,1666,1709,849,2435,91,ITH,ITH2,4,Provincia Autonoma Trento,P.A. Trento,541380,160789,29.7,0.62
1621,2021-05-29,PAT,2445,1328,1117,783,1571,91,ITH,ITH2,4,Provincia Autonoma Trento,P.A. Trento,541380,163234,30.15,0.45
1622,2021-04-02,PAT,2893,1179,1714,2044,684,165,ITH,ITH2,4,Provincia Autonoma Trento,P.A. Trento,541380,166127,30.69,0.53
1623,2021-04-16,PAT,2906,1377,1529,2598,150,158,ITH,ITH2,4,Provincia Autonoma Trento,P.A. Trento,541380,169033,31.22,0.54
1624,2021-02-18,PAT,1437,505,932,1350,69,18,ITH,ITH2,4,Provincia Autonoma Trento,P.A. Trento,541380,170470,31.49,0.27
1625,2021-07-25,PAT,366,205,161,139,218,9,ITH,ITH2,4,Provincia Autonoma Trento,P.A. Trento,541380,170836,31.56,0.07
1626,2021-06-19,PAT,3146,1722,1424,236,2879,31,ITH,ITH2,4,Provincia Autonoma Trento,P.A. Trento,541380,173982,32.14,0.58
1627,2021-07-08,PAT,4167,2215,1952,2512,1483,172,ITH,ITH2,4,Provincia Autonoma Trento,P.A. Trento,541380,178149,32.91,0.77
1628,2021-02-04,PAT,1014,321,693,430,583,1,ITH,ITH2,4,Provincia Autonoma Trento,P.A. Trento,541380,179163,33.09,0.19
1629,2021-01-18,PAT,690,168,522,631,59,0,ITH,ITH2,4,Provincia Autonoma Trento,P.A. Trento,541380,179853,33.22,0.13
1630,2021-08-24,PAT,4608,2469,2139,1293,3222,93,ITH,ITH2,4,Provincia Autonoma Trento,P.A. Trento,541380,184461,34.07,0.85
1631,2021-07-24,PAT,994,547,447,520,445,29,ITH,ITH2,4,Provincia Autonoma Trento,P.A. Trento,541380,185455,34.26,0.18
1632,2021-08-20,PAT,5224,2884,2340,1491,3632,101,ITH,ITH2,4,Provincia Autonoma Trento,P.A. Trento,541380,190679,35.22,0.96
1633,2021-05-14,PAT,5445,2615,2830,3715,1429,301,ITH,ITH2,4,Provincia Autonoma Trento,P.A. Trento,541380,196124,36.23,1.01
1634,2021-08-22,PAT,409,245,164,222,171,16,ITH,ITH2,4,Provincia Autonoma Trento,P.A. Trento,541380,196533,36.3,0.08
1635,2021-02-08,PAT,1195,333,862,348,847,0,ITH,ITH2,4,Provincia Autonoma Trento,P.A. Trento,541380,197728,36.52,0.22
1636,2021-03-18,PAT,2336,964,1372,1222,1089,25,ITH,ITH2,4,Provincia Autonoma Trento,P.A. Trento,541380,200064,36.95,0.43
1637,2021-06-09,PAT,6331,3124,3207,2114,4132,85,ITH,ITH2,4,Provincia Autonoma Trento,P.A. Trento,541380,206395,38.12,1.17
1638,2021-06-26,PAT,1438,755,683,676,727,35,ITH,ITH2,4,Provincia Autonoma Trento,P.A. Trento,541380,207833,38.39,0.27
1639,2021-06-28,PAT,6956,3598,3358,2946,3869,141,ITH,ITH2,4,Provincia Autonoma Trento,P.A. Trento,541380,214789,39.67,1.28
1640,2021-04-06,PAT,2288,969,1319,1459,770,59,ITH,ITH2,4,Provincia Autonoma Trento,P.A. Trento,541380,217077,40.1,0.42
1641,2021-07-15,PAT,4299,2301,1998,1791,2364,144,ITH,ITH2,4,Provincia Autonoma Trento,P.A. Trento,541380,221376,40.89,0.79
1642,2021-03-04,PAT,2390,807,1583,1557,790,43,ITH,ITH2,4,Provincia Autonoma Trento,P.A. Trento,541380,223766,41.33,0.44
1643,2021-02-20,PAT,412,247,165,124,287,1,ITH,ITH2,4,Provincia Autonoma Trento,P.A. Trento,541380,224178,41.41,0.08
1644,2021-01-08,PAT,1538,341,1197,1537,0,1,ITH,ITH2,4,Provincia Autonoma Trento,P.A. Trento,541380,225716,41.69,0.28
1645,2021-06-14,PAT,5820,3010,2810,2043,3657,120,ITH,ITH2,4,Provincia Autonoma Trento,P.A. Trento,541380,231536,42.77,1.08
1646,2021-04-18,PAT,1865,850,1015,1795,9,61,ITH,ITH2,4,Provincia Autonoma Trento,P.A. Trento,541380,233401,43.11,0.34
1647,2021-03-06,PAT,809,285,524,615,152,42,ITH,ITH2,4,Provincia Autonoma Trento,P.A. Trento,541380,234210,43.26,0.15
1648,2021-04-01,PAT,2947,1252,1695,1745,1107,95,ITH,ITH2,4,Provincia Autonoma Trento,P.A. Trento,541380,237157,43.81,0.54
1649,2021-07-10,PAT,1098,565,533,147,920,31,ITH,ITH2,4,Provincia Autonoma Trento,P.A. Trento,541380,238255,44.01,0.2
1650,2021-03-23,PAT,2484,962,1522,1629,755,100,ITH,ITH2,4,Provincia Autonoma Trento,P.A. Trento,541380,240739,44.47,0.46
1651,2021-05-28,PAT,3805,1768,2037,1399,2265,141,ITH,ITH2,4,Provincia Autonoma Trento,P.A. Trento,541380,244544,45.17,0.7
1652,2021-01-25,PAT,849,231,618,25,824,0,ITH,ITH2,4,Provincia Autonoma Trento,P.A. Trento,541380,245393,45.33,0.16
1653,2021-05-02,PAT,3565,1980,1585,3295,39,231,ITH,ITH2,4,Provincia Autonoma Trento,P.A. Trento,541380,248958,45.99,0.66
1654,2021-08-10,PAT,6002,3206,2796,2906,2910,186,ITH,ITH2,4,Provincia Autonoma Trento,P.A. Trento,541380,254960,47.09,1.11
1655,2021-03-13,PAT,965,496,469,841,48,76,ITH,ITH2,4,Provincia Autonoma Trento,P.A. Trento,541380,255925,47.27,0.18
1656,2021-07-05,PAT,5435,2850,2585,3791,1394,250,ITH,ITH2,4,Provincia Autonoma Trento,P.A. Trento,541380,261360,48.28,1.0
1657,2021-09-12,PAT,7,4,3,3,4,0,ITH,ITH2,4,Provincia Autonoma Trento,P.A. Trento,541380,261367,48.28,0.0
1658,2021-06-21,PAT,6260,3387,2873,3646,2425,189,ITH,ITH2,4,Provincia Autonoma Trento,P.A. Trento,541380,267627,49.43,1.16
1659,2021-04-13,PAT,2618,1090,1528,2025,509,84,ITH,ITH2,4,Provincia Autonoma Trento,P.A. Trento,541380,270245,49.92,0.48
1660,2021-01-20,PAT,308,77,231,296,12,0,ITH,ITH2,4,Provincia Autonoma Trento,P.A. Trento,541380,270553,49.97,0.06
1661,2021-04-30,PAT,4992,2434,2558,4443,163,386,ITH,ITH2,4,Provincia Autonoma Trento,P.A. Trento,541380,275545,50.9,0.92
1662,2021-05-19,PAT,5196,2514,2682,3670,1274,252,ITH,ITH2,4,Provincia Autonoma Trento,P.A. Trento,541380,280741,51.86,0.96
1663,2021-09-10,PAT,2455,1272,1183,737,1641,77,ITH,ITH2,4,Provincia Autonoma Trento,P.A. Trento,541380,283196,52.31,0.45
1664,2021-08-29,PAT,617,347,270,310,283,24,ITH,ITH2,4,Provincia Autonoma Trento,P.A. Trento,541380,283813,52.42,0.11
1665,2021-07-17,PAT,1099,537,562,270,809,20,ITH,ITH2,4,Provincia Autonoma Trento,P.A. Trento,541380,284912,52.63,0.2
1666,2021-05-21,PAT,5217,2506,2711,3138,1807,272,ITH,ITH2,4,Provincia Autonoma Trento,P.A. Trento,541380,290129,53.59,0.96
1667,2021-02-01,PAT,1278,356,922,98,1180,0,ITH,ITH2,4,Provincia Autonoma Trento,P.A. Trento,541380,291407,53.83,0.24
1668,2021-08-31,PAT,4406,2292,2114,1241,3063,102,ITH,ITH2,4,Provincia Autonoma Trento,P.A. Trento,541380,295813,54.64,0.81
1669,2021-01-27,PAT,873,310,563,115,756,2,ITH,ITH2,4,Provincia Autonoma Trento,P.A. Trento,541380,296686,54.8,0.16
1670,2021-02-13,PAT,540,335,205,172,368,0,ITH,ITH2,4,Provincia Autonoma Trento,P.A. Trento,541380,297226,54.9,0.1
1671,2021-05-07,PAT,6092,3133,2959,4854,854,384,ITH,ITH2,4,Provincia Autonoma Trento,P.A. Trento,541380,303318,56.03,1.13
1672,2021-04-20,PAT,2909,1388,1521,2690,37,182,ITH,ITH2,4,Provincia Autonoma Trento,P.A. Trento,541380,306227,56.56,0.54
1673,2021-05-09,PAT,2355,1226,1129,1869,347,139,ITH,ITH2,4,Provincia Autonoma Trento,P.A. Trento,541380,308582,57.0,0.43
1674,2021-08-17,PAT,5461,2887,2574,1945,3378,138,ITH,ITH2,4,Provincia Autonoma Trento,P.A. Trento,541380,314043,58.01,1.01
1675,2021-02-15,PAT,547,193,354,419,126,2,ITH,ITH2,4,Provincia Autonoma Trento,P.A. Trento,541380,314590,58.11,0.1
1676,2021-05-26,PAT,3964,1871,2093,1117,2724,123,ITH,ITH2,4,Provincia Autonoma Trento,P.A. Trento,541380,318554,58.84,0.73
1677,2021-04-11,PAT,2392,1161,1231,2201,99,92,ITH,ITH2,4,Provincia Autonoma Trento,P.A. Trento,541380,320946,59.28,0.44
1678,2021-02-27,PAT,1054,468,586,606,428,20,ITH,ITH2,4,Provincia Autonoma Trento,P.A. Trento,541380,322000,59.48,0.19
1679,2021-08-03,PAT,6217,3358,2859,2484,3598,135,ITH,ITH2,4,Provincia Autonoma Trento,P.A. Trento,541380,328217,60.63,1.15
1680,2021-01-01,PAT,222,51,171,222,0,0,ITH,ITH2,4,Provincia Autonoma Trento,P.A. Trento,541380,328439,60.67,0.04
1681,2021-06-07,PAT,5890,2930,2960,2679,3028,183,ITH,ITH2,4,Provincia Autonoma Trento,P.A. Trento,541380,334329,61.75,1.09
1682,2021-04-25,PAT,2003,953,1050,1872,7,124,ITH,ITH2,4,Provincia Autonoma Trento,P.A. Trento,541380,336332,62.12,0.37
1683,2021-03-25,PAT,2917,1128,1789,1742,1061,114,ITH,ITH2,4,Provincia Autonoma Trento,P.A. Trento,541380,339249,62.66,0.54
1684,2021-07-03,PAT,1268,681,587,78,1185,5,ITH,ITH2,4,Provincia Autonoma Trento,P.A. Trento,541380,340517,62.9,0.23
1685,2021-03-30,PAT,2467,999,1468,1672,693,102,ITH,ITH2,4,Provincia Autonoma Trento,P.A. Trento,541380,342984,63.35,0.46
1686,2021-06-02,PAT,2884,1383,1501,895,1916,73,ITH,ITH2,4,Provincia Autonoma Trento,P.A. Trento,541380,345868,63.89,0.53
1687,2021-03-11,PAT,2623,985,1638,1507,1056,60,ITH,ITH2,4,Provincia Autonoma Trento,P.A. Trento,541380,348491,64.37,0.48
1688,2021-07-22,PAT,4780,2588,2192,1895,2740,145,ITH,ITH2,4,Provincia Autonoma Trento,P.A. Trento,541380,353271,65.25,0.88
1689,2021-04-29,PAT,4704,2267,2437,4175,214,315,ITH,ITH2,4,Provincia Autonoma Trento,P.A. Trento,541380,357975,66.12,0.87
1690,2021-08-07,PAT,1625,931,694,818,769,38,ITH,ITH2,4,Provincia Autonoma Trento,P.A. Trento,541380,359600,66.42,0.3
1691,2021-01-22,PAT,1748,459,1289,350,1396,2,ITH,ITH2,4,Provincia Autonoma Trento,P.A. Trento,541380,361348,66.75,0.32
1692,2021-02-05,PAT,835,288,547,285,550,0,ITH,ITH2,4,Provincia Autonoma Trento,P.A. Trento,541380,362183,66.9,0.15
1693,2021-05-16,PAT,1359,757,602,1043,248,68,ITH,ITH2,4,Provincia Autonoma Trento,P.A. Trento,541380,363542,67.15,0.25
1694,2021-02-03,PAT,877,326,551,417,460,0,ITH,ITH2,4,Provincia Autonoma Trento,P.A. Trento,541380,364419,67.31,0.16
1695,2021-07-19,PAT,4814,2536,2278,1455,3225,134,ITH,ITH2,4,Provincia Autonoma Trento,P.A. Trento,541380,369233,68.2,0.89
1696,2021-05-23,PAT,1995,1015,980,431,1535,29,ITH,ITH2,4,Provincia Autonoma Trento,P.A. Trento,541380,371228,68.57,0.37
1697,2021-04-10,PAT,2877,1352,1525,1995,803,79,ITH,ITH2,4,Provincia Autonoma Trento,P.A. Trento,541380,374105,69.1,0.53
1698,2021-02-10,PAT,872,295,577,513,358,1,ITH,ITH2,4,Provincia Autonoma Trento,P.A. Trento,541380,374977,69.26,0.16
1699,2021-07-26,PAT,3902,2058,1844,833,2996,73,ITH,ITH2,4,Provincia Autonoma Trento,P.A. Trento,541380,378879,69.98,0.72
1700,2021-08-28,PAT,1344,827,517,549,758,37,ITH,ITH2,4,Provincia Autonoma Trento,P.A. Trento,541380,380223,70.23,0.25
1701,2021-08-21,PAT,1322,785,537,603,680,39,ITH,ITH2,4,Provincia Autonoma Trento,P.A. Trento,541380,381545,70.48,0.24
1702,2021-06-25,PAT,7800,4161,3639,4168,3449,183,ITH,ITH2,4,Provincia Autonoma Trento,P.A. Trento,541380,389345,71.92,1.44
1703,2021-06-06,PAT,2269,1080,1189,431,1817,21,ITH,ITH2,4,Provincia Autonoma Trento,P.A. Trento,541380,391614,72.34,0.42
1704,2021-09-14,PAT,1971,986,985,581,1342,48,ITH,ITH2,4,Provincia Autonoma Trento,P.A. Trento,541380,393585,72.7,0.36
1705,2021-07-12,PAT,4275,2154,2121,2034,2043,198,ITH,ITH2,4,Provincia Autonoma Trento,P.A. Trento,541380,397860,73.49,0.79
1706,2021-02-17,PAT,1175,450,725,1058,112,5,ITH,ITH2,4,Provincia Autonoma Trento,P.A. Trento,541380,399035,73.71,0.22
1707,2021-09-16,PAT,1812,918,894,552,1210,50,ITH,ITH2,4,Provincia Autonoma Trento,P.A. Trento,541380,400847,74.04,0.33
1708,2021-08-02,PAT,5380,2852,2528,1607,3704,69,ITH,ITH2,4,Provincia Autonoma Trento,P.A. Trento,541380,406227,75.04,0.99
1709,2021-01-13,PAT,444,131,313,444,0,0,ITH,ITH2,4,Provincia Autonoma Trento,P.A. Trento,541380,406671,75.12,0.08
1710,2021-07-07,PAT,4530,2433,2097,2921,1407,202,ITH,ITH2,4,Provincia Autonoma Trento,P.A. Trento,541380,411201,75.95,0.84
1711,2021-01-03,PAT,503,166,337,503,0,0,ITH,ITH2,4,Provincia Autonoma Trento,P.A. Trento,541380,411704,76.05,0.09
1712,2021-07-21,PAT,4711,2525,2186,1520,3088,103,ITH,ITH2,4,Provincia Autonoma Trento,P.A. Trento,541380,416415,76.92,0.87
1713,2021-08-14,PAT,290,156,134,50,237,3,ITH,ITH2,4,Provincia Autonoma Trento,P.A. Trento,541380,416705,76.97,0.05
1714,2021-07-02,PAT,7428,4039,3389,3580,3596,252,ITH,ITH2,4,Provincia Autonoma Trento,P.A. Trento,541380,424133,78.34,1.37
1715,2021-01-15,PAT,628,149,479,627,0,1,ITH,ITH2,4,Provincia Autonoma Trento,P.A. Trento,541380,424761,78.46,0.12
1716,2021-05-20,PAT,5124,2408,2716,3150,1690,284,ITH,ITH2,4,Provincia Autonoma Trento,P.A. Trento,541380,429885,79.41,0.95
1717,2021-03-24,PAT,2416,963,1453,1467,827,122,ITH,ITH2,4,Provincia Autonoma Trento,P.A. Trento,541380,432301,79.85,0.45
1718,2021-02-09,PAT,952,303,649,448,503,1,ITH,ITH2,4,Provincia Autonoma Trento,P.A. Trento,541380,433253,80.03,0.18
1719,2021-03-17,PAT,2131,813,1318,1130,907,94,ITH,ITH2,4,Provincia Autonoma Trento,P.A. Trento,541380,435384,80.42,0.39
1720,2021-01-10,PAT,87,20,67,87,0,0,ITH,ITH2,4,Provincia Autonoma Trento,P.A. Trento,541380,435471,80.44,0.02
1721,2021-01-29,PAT,1426,363,1063,56,1370,0,ITH,ITH2,4,Provincia Autonoma Trento,P.A. Trento,541380,436897,80.7,0.26
1722,2021-02-12,PAT,1033,346,687,592,439,2,ITH,ITH2,4,Provincia Autonoma Trento,P.A. Trento,541380,437930,80.89,0.19
1723,2021-03-01,PAT,1256,460,796,928,303,25,ITH,ITH2,4,Provincia Autonoma Trento,P.A. Trento,541380,439186,81.12,0.23
1724,2021-03-20,PAT,888,409,479,663,211,14,ITH,ITH2,4,Provincia Autonoma Trento,P.A. Trento,541380,440074,81.29,0.16
1725,2021-03-03,PAT,1672,628,1044,1115,520,37,ITH,ITH2,4,Provincia Autonoma Trento,P.A. Trento,541380,441746,81.6,0.31
1726,2021-09-02,PAT,3353,1755,1598,949,2356,48,ITH,ITH2,4,Provincia Autonoma Trento,P.A. Trento,541380,445099,82.22,0.62
1727,2021-06-11,PAT,7313,3480,3833,1492,5714,107,ITH,ITH2,4,Provincia Autonoma Trento,P.A. Trento,541380,452412,83.57,1.35
1728,2021-01-05,PAT,759,262,497,759,0,0,ITH,ITH2,4,Provincia Autonoma Trento,P.A. Trento,541380,453171,83.71,0.14
1729,2021-04-15,PAT,3234,1459,1775,2830,156,248,ITH,ITH2,4,Provincia Autonoma Trento,P.A. Trento,541380,456405,84.3,0.6
1730,2021-06-18,PAT,7068,3761,3307,1785,5190,93,ITH,ITH2,4,Provincia Autonoma Trento,P.A. Trento,541380,463473,85.61,1.31
1731,2021-03-27,PAT,1673,747,926,1322,263,88,ITH,ITH2,4,Provincia Autonoma Trento,P.A. Trento,541380,465146,85.92,0.31
1732,2021-04-08,PAT,3182,1336,1846,1955,1133,94,ITH,ITH2,4,Provincia Autonoma Trento,P.A. Trento,541380,468328,86.51,0.59
1733,2020-12-31,PAT,1701,480,1221,1701,0,0,ITH,ITH2,4,Provincia Autonoma Trento,P.A. Trento,541380,470029,86.82,0.31
1734,2021-06-22,PAT,6386,3479,2907,3628,2568,190,ITH,ITH2,4,Provincia Autonoma Trento,P.A. Trento,541380,476415,88.0,1.18
1735,2021-08-09,PAT,5356,2857,2499,2289,2925,142,ITH,ITH2,4,Provincia Autonoma Trento,P.A. Trento,541380,481771,88.99,0.99
1736,2021-08-26,PAT,4125,2164,1961,1070,2956,99,ITH,ITH2,4,Provincia Autonoma Trento,P.A. Trento,541380,485896,89.75,0.76
1737,2021-02-22,PAT,755,262,493,663,86,6,ITH,ITH2,4,Provincia Autonoma Trento,P.A. Trento,541380,486651,89.89,0.14
1738,2021-05-18,PAT,4324,2047,2277,3169,870,285,ITH,ITH2,4,Provincia Autonoma Trento,P.A. Trento,541380,490975,90.69,0.8
1739,2021-09-09,PAT,1711,847,864,595,1060,56,ITH,ITH2,4,Provincia Autonoma Trento,P.A. Trento,541380,492686,91.01,0.32
1740,2021-07-14,PAT,4192,2177,2015,1701,2355,136,ITH,ITH2,4,Provincia Autonoma Trento,P.A. Trento,541380,496878,91.78,0.77
1741,2021-04-22,PAT,3176,1483,1693,2946,46,184,ITH,ITH2,4,Provincia Autonoma Trento,P.A. Trento,541380,500054,92.37,0.59
1742,2021-07-31,PAT,1499,858,641,1076,383,40,ITH,ITH2,4,Provincia Autonoma Trento,P.A. Trento,541380,501553,92.64,0.28
1743,2021-04-07,PAT,2656,1029,1627,1577,955,124,ITH,ITH2,4,Provincia Autonoma Trento,P.A. Trento,541380,504209,93.13,0.49
1744,2021-07-16,PAT,4600,2371,2229,1733,2708,159,ITH,ITH2,4,Provincia Autonoma Trento,P.A. Trento,541380,508809,93.98,0.85
1745,2021-02-02,PAT,942,254,688,192,750,0,ITH,ITH2,4,Provincia Autonoma Trento,P.A. Trento,541380,509751,94.16,0.17
1746,2021-07-09,PAT,5156,2735,2421,3048,1885,223,ITH,ITH2,4,Provincia Autonoma Trento,P.A. Trento,541380,514907,95.11,0.95
1747,2021-05-13,PAT,3458,1607,1851,2101,1127,230,ITH,ITH2,4,Provincia Autonoma Trento,P.A. Trento,541380,518365,95.75,0.64
1748,2021-03-31,PAT,2625,1001,1624,1657,868,100,ITH,ITH2,4,Provincia Autonoma Trento,P.A. Trento,541380,520990,96.23,0.48
1749,2021-01-26,PAT,577,173,404,28,549,0,ITH,ITH2,4,Provincia Autonoma Trento,P.A. Trento,541380,521567,96.34,0.11
1750,2021-06-13,PAT,3735,2062,1673,279,3430,26,ITH,ITH2,4,Provincia Autonoma Trento,P.A. Trento,541380,525302,97.03,0.69
1751,2020-12-27,PAT,107,43,64,107,0,0,ITH,ITH2,4,Provincia Autonoma Trento,P.A. Trento,541380,525409,97.05,0.02
1752,2021-05-30,PAT,1777,876,901,864,843,70,ITH,ITH2,4,Provincia Autonoma Trento,P.A. Trento,541380,527186,97.38,0.33
1753,2021-04-03,PAT,1183,487,696,936,178,69,ITH,ITH2,4,Provincia Autonoma Trento,P.A. Trento,541380,528369,97.6,0.22
1754,2021-09-07,PAT,1533,797,736,447,1041,45,ITH,ITH2,4,Provincia Autonoma Trento,P.A. Trento,541380,529902,97.88,0.28
1755,2021-06-04,PAT,5929,2652,3277,1731,4062,136,ITH,ITH2,4,Provincia Autonoma Trento,P.A. Trento,541380,535831,98.98,1.1
1756,2021-02-24,PAT,1373,543,830,943,406,24,ITH,ITH2,4,Provincia Autonoma Trento,P.A. Trento,541380,537204,99.23,0.25
1757,2021-06-03,PAT,4845,2279,2566,1237,3515,93,ITH,ITH2,4,Provincia Autonoma Trento,P.A. Trento,541380,542049,100.12,0.89
1758,2021-09-11,PAT,694,395,299,468,191,35,ITH,ITH2,4,Provincia Autonoma Trento,P.A. Trento,541380,542743,100.25,0.13
1759,2021-01-19,PAT,434,89,345,434,0,0,ITH,ITH2,4,Provincia Autonoma Trento,P.A. Trento,541380,543177,100.33,0.08
1760,2021-07-23,PAT,4768,2446,2322,1666,2959,143,ITH,ITH2,4,Provincia Autonoma Trento,P.A. Trento,541380,547945,101.21,0.88
1761,2021-03-10,PAT,2486,973,1513,1473,948,65,ITH,ITH2,4,Provincia Autonoma Trento,P.A. Trento,541380,550431,101.67,0.46
1762,2021-03-05,PAT,2308,736,1572,1643,569,96,ITH,ITH2,4,Provincia Autonoma Trento,P.A. Trento,541380,552739,102.1,0.43
1763,2021-01-07,PAT,1301,328,973,1298,0,3,ITH,ITH2,4,Provincia Autonoma Trento,P.A. Trento,541380,554040,102.34,0.24
1764,2021-04-17,PAT,2253,1148,1105,2090,57,106,ITH,ITH2,4,Provincia Autonoma Trento,P.A. Trento,541380,556293,102.75,0.42
1765,2021-04-19,PAT,2646,1244,1402,2429,23,194,ITH,ITH2,4,Provincia Autonoma Trento,P.A. Trento,541380,558939,103.24,0.49
1766,2021-07-28,PAT,4870,2670,2200,2158,2573,139,ITH,ITH2,4,Provincia Autonoma Trento,P.A. Trento,541380,563809,104.14,0.9
1767,2021-06-15,PAT,6333,3342,2991,1631,4566,136,ITH,ITH2,4,Provincia Autonoma Trento,P.A. Trento,541380,570142,105.31,1.17
1768,2021-06-27,PAT,1368,735,633,394,961,13,ITH,ITH2,4,Provincia Autonoma Trento,P.A. Trento,541380,571510,105.57,0.25
1769,2021-01-12,PAT,541,173,368,540,0,1,ITH,ITH2,4,Provincia Autonoma Trento,P.A. Trento,541380,572051,105.67,0.1
1770,2021-03-19,PAT,2467,925,1542,1503,881,83,ITH,ITH2,4,Provincia Autonoma Trento,P.A. Trento,541380,574518,106.12,0.46
1771,2021-04-05,PAT,35,17,18,30,2,3,ITH,ITH2,4,Provincia Autonoma Trento,P.A. Trento,541380,574553,106.13,0.01
1772,2021-03-12,PAT,2603,991,1612,1709,815,79,ITH,ITH2,4,Provincia Autonoma Trento,P.A. Trento,541380,577156,106.61,0.48
1773,2021-06-20,PAT,1901,1051,850,31,1865,5,ITH,ITH2,4,Provincia Autonoma Trento,P.A. Trento,541380,579057,106.96,0.35
1774,2021-09-13,PAT,2427,1303,1124,822,1547,58,ITH,ITH2,4,Provincia Autonoma Trento,P.A. Trento,541380,581484,107.41,0.45
1775,2021-01-02,PAT,522,149,373,522,0,0,ITH,ITH2,4,Provincia Autonoma Trento,P.A. Trento,541380,582006,107.5,0.1
1776,2021-03-29,PAT,2572,1011,1561,1699,743,130,ITH,ITH2,4,Provincia Autonoma Trento,P.A. Trento,541380,584578,107.98,0.48
1777,2021-04-12,PAT,3156,1455,1701,2525,504,127,ITH,ITH2,4,Provincia Autonoma Trento,P.A. Trento,541380,587734,108.56,0.58
1778,2021-05-06,PAT,5617,2795,2822,4447,794,376,ITH,ITH2,4,Provincia Autonoma Trento,P.A. Trento,541380,593351,109.6,1.04
1779,2021-07-30,PAT,5854,3098,2756,2288,3450,116,ITH,ITH2,4,Provincia Autonoma Trento,P.A. Trento,541380,599205,110.68,1.08
1780,2021-08-16,PAT,4856,2567,2289,1811,2932,113,ITH,ITH2,4,Provincia Autonoma Trento,P.A. Trento,541380,604061,111.58,0.9
1781,2021-05-25,PAT,4868,2315,2553,1743,2975,150,ITH,ITH2,4,Provincia Autonoma Trento,P.A. Trento,541380,608929,112.48,0.9
1782,2021-05-08,PAT,3195,1743,1452,2570,426,199,ITH,ITH2,4,Provincia Autonoma Trento,P.A. Trento,541380,612124,113.07,0.59
1783,2021-02-14,PAT,250,189,61,11,239,0,ITH,ITH2,4,Provincia Autonoma Trento,P.A. Trento,541380,612374,113.11,0.05
1784,2021-08-18,PAT,4637,2553,2084,1438,3112,87,ITH,ITH2,4,Provincia Autonoma Trento,P.A. Trento,541380,617011,113.97,0.86
1785,2021-05-27,PAT,4379,2034,2345,1164,3081,134,ITH,ITH2,4,Provincia Autonoma Trento,P.A. Trento,541380,621390,114.78,0.81
1786,2021-09-04,PAT,932,544,388,482,412,38,ITH,ITH2,4,Provincia Autonoma Trento,P.A. Trento,541380,622322,114.95,0.17
1787,2021-04-24,PAT,3581,1715,1866,3353,16,212,ITH,ITH2,4,Provincia Autonoma Trento,P.A. Trento,541380,625903,115.61,0.66
1788,2021-02-26,PAT,1257,445,812,932,299,26,ITH,ITH2,4,Provincia Autonoma Trento,P.A. Trento,541380,627160,115.84,0.23
1789,2021-01-14,PAT,731,218,513,729,0,2,ITH,ITH2,4,Provincia Autonoma Trento,P.A. Trento,541380,627891,115.98,0.14
1790,2021-02-28,PAT,246,122,124,236,0,10,ITH,ITH2,4,Provincia Autonoma Trento,P.A. Trento,541380,628137,116.03,0.05
1791,2021-08-04,PAT,6211,3313,2898,2574,3499,138,ITH,ITH2,4,Provincia Autonoma Trento,P.A. Trento,541380,634348,117.17,1.15
1792,2021-06-08,PAT,6047,2919,3128,1782,4133,132,ITH,ITH2,4,Provincia Autonoma Trento,P.A. Trento,541380,640395,118.29,1.12
1793,2021-04-26,PAT,2676,1260,1416,2411,96,169,ITH,ITH2,4,Provincia Autonoma Trento,P.A. Trento,541380,643071,118.78,0.49
1794,2021-02-19,PAT,945,366,579,847,65,33,ITH,ITH2,4,Provincia Autonoma Trento,P.A. Trento,541380,644016,118.96,0.17
1795,2021-08-11,PAT,5848,3150,2698,3100,2585,163,ITH,ITH2,4,Provincia Autonoma Trento,P.A. Trento,541380,649864,120.04,1.08
1796,2021-01-21,PAT,376,104,272,247,129,0,ITH,ITH2,4,Provincia Autonoma Trento,P.A. Trento,541380,650240,120.11,0.07
1797,2021-05-01,PAT,4891,2486,2405,4551,37,303,ITH,ITH2,4,Provincia Autonoma Trento,P.A. Trento,541380,655131,121.01,0.9
1798,2021-02-21,PAT,158,95,63,44,114,0,ITH,ITH2,4,Provincia Autonoma Trento,P.A. Trento,541380,655289,121.04,0.03
1799,2021-05-15,PAT,1609,837,772,650,917,42,ITH,ITH2,4,Provincia Autonoma Trento,P.A. Trento,541380,656898,121.34,0.3
1800,2021-06-01,PAT,4105,1926,2179,1080,2912,113,ITH,ITH2,4,Provincia Autonoma Trento,P.A. Trento,541380,661003,122.1,0.76
1801,2021-01-06,PAT,43,13,30,43,0,0,ITH,ITH2,4,Provincia Autonoma Trento,P.A. Trento,541380,661046,122.1,0.01
1802,2021-09-17,PAT,1257,662,595,419,800,38,ITH,ITH2,4,Provincia Autonoma Trento,P.A. Trento,541380,662303,122.34,0.23
1803,2021-08-05,PAT,6392,3496,2896,2951,3318,123,ITH,ITH2,4,Provincia Autonoma Trento,P.A. Trento,541380,668695,123.52,1.18
1804,2021-08-12,PAT,5708,3050,2658,2208,3325,175,ITH,ITH2,4,Provincia Autonoma Trento,P.A. Trento,541380,674403,124.57,1.05
1805,2021-07-29,PAT,5485,2917,2568,2651,2714,120,ITH,ITH2,4,Provincia Autonoma Trento,P.A. Trento,541380,679888,125.58,1.01
1806,2021-06-16,PAT,6327,3416,2911,1989,4214,124,ITH,ITH2,4,Provincia Autonoma Trento,P.A. Trento,541380,686215,126.75,1.17
1807,2021-03-15,PAT,1453,573,880,929,469,55,ITH,ITH2,4,Provincia Autonoma Trento,P.A. Trento,541380,687668,127.02,0.27
1808,2021-08-19,PAT,4634,2487,2147,1111,3439,84,ITH,ITH2,4,Provincia Autonoma Trento,P.A. Trento,541380,692302,127.88,0.86
1809,2021-01-17,PAT,255,199,56,255,0,0,ITH,ITH2,4,Provincia Autonoma Trento,P.A. Trento,541380,692557,127.92,0.05
1810,2021-06-23,PAT,6695,3547,3148,4626,1872,197,ITH,ITH2,4,Provincia Autonoma Trento,P.A. Trento,541380,699252,129.16,1.24
1811,2021-05-11,PAT,3743,1768,1975,2640,863,240,ITH,ITH2,4,Provincia Autonoma Trento,P.A. Trento,541380,702995,129.85,0.69
1812,2021-04-27,PAT,3958,1903,2055,3596,70,292,ITH,ITH2,4,Provincia Autonoma Trento,P.A. Trento,541380,706953,130.58,0.73
1813,2021-05-04,PAT,4573,2490,2083,4171,97,305,ITH,ITH2,4,Provincia Autonoma Trento,P.A. Trento,541380,711526,131.43,0.84
1814,2021-03-08,PAT,1427,439,988,1043,354,30,ITH,ITH2,4,Provincia Autonoma Trento,P.A. Trento,541380,712953,131.69,0.26
1815,2021-03-22,PAT,2349,995,1354,1405,885,59,ITH,ITH2,4,Provincia Autonoma Trento,P.A. Trento,541380,715302,132.13,0.43
1816,2021-01-24,PAT,562,285,277,226,336,0,ITH,ITH2,4,Provincia Autonoma Trento,P.A. Trento,541380,715864,132.23,0.1
1817,2021-06-30,PAT,6876,3532,3344,2686,4057,133,ITH,ITH2,4,Provincia Autonoma Trento,P.A. Trento,541380,722740,133.5,1.27
1818,2021-01-31,PAT,77,16,61,1,76,0,ITH,ITH2,4,Provincia Autonoma Trento,P.A. Trento,541380,722817,133.51,0.01
1819,2021-07-04,PAT,225,125,100,66,157,2,ITH,ITH2,4,Provincia Autonoma Trento,P.A. Trento,541380,723042,133.56,0.04
1820,2021-08-30,PAT,3898,1988,1910,1181,2605,112,ITH,ITH2,4,Provincia Autonoma Trento,P.A. Trento,541380,726940,134.28,0.72
1821,2021-08-23,PAT,4342,2290,2052,1428,2747,167,ITH,ITH2,4,Provincia Autonoma Trento,P.A. Trento,541380,731282,135.08,0.8
1822,2021-09-06,PAT,3135,1647,1488,967,2066,102,ITH,ITH2,4,Provincia Autonoma Trento,P.A. Trento,541380,734417,135.66,0.58
1823,2021-07-11,PAT,1037,567,470,131,897,9,ITH,ITH2,4,Provincia Autonoma Trento,P.A. Trento,541380,735454,135.85,0.19
1824,2021-06-27,MOL,2389,1129,1260,1141,1237,11,ITF,ITF2,14,Molise,Molise,305617,2389,0.78,0.78
1825,2021-01-07,MOL,602,210,392,602,0,0,ITF,ITF2,14,Molise,Molise,305617,2991,0.98,0.2
1826,2021-02-12,MOL,337,152,185,212,124,1,ITF,ITF2,14,Molise,Molise,305617,3328,1.09,0.11
1827,2021-02-07,MOL,67,32,35,20,47,0,ITF,ITF2,14,Molise,Molise,305617,3395,1.11,0.02
1828,2021-05-18,MOL,1675,893,782,1004,658,13,ITF,ITF2,14,Molise,Molise,305617,5070,1.66,0.55
1829,2021-03-22,MOL,1172,450,722,897,245,30,ITF,ITF2,14,Molise,Molise,305617,6242,2.04,0.38
1830,2021-07-23,MOL,2935,1527,1408,875,2000,60,ITF,ITF2,14,Molise,Molise,305617,9177,3.0,0.96
1831,2021-09-04,MOL,1639,904,735,686,931,22,ITF,ITF2,14,Molise,Molise,305617,10816,3.54,0.54
1832,2021-08-28,MOL,1741,971,770,656,1069,16,ITF,ITF2,14,Molise,Molise,305617,12557,4.11,0.57
1833,2021-08-23,MOL,1723,933,790,270,1440,13,ITF,ITF2,14,Molise,Molise,305617,14280,4.67,0.56
1834,2021-02-19,MOL,171,95,76,169,2,0,ITF,ITF2,14,Molise,Molise,305617,14451,4.73,0.06
1835,2021-03-10,MOL,1751,725,1026,1678,50,23,ITF,ITF2,14,Molise,Molise,305617,16202,5.3,0.57
1836,2021-06-01,MOL,2643,1343,1300,2485,111,47,ITF,ITF2,14,Molise,Molise,305617,18845,6.17,0.86
1837,2021-03-24,MOL,1657,662,995,1221,402,34,ITF,ITF2,14,Molise,Molise,305617,20502,6.71,0.54
1838,2021-07-02,MOL,2713,1318,1395,137,2566,10,ITF,ITF2,14,Molise,Molise,305617,23215,7.6,0.89
1839,2021-07-04,MOL,2162,1091,1071,585,1554,23,ITF,ITF2,14,Molise,Molise,305617,25377,8.3,0.71
1840,2021-05-01,MOL,2674,1283,1391,407,2233,34,ITF,ITF2,14,Molise,Molise,305617,28051,9.18,0.87
1841,2021-03-05,MOL,1233,657,576,1010,209,14,ITF,ITF2,14,Molise,Molise,305617,29284,9.58,0.4
1842,2021-08-09,MOL,3443,1781,1662,1632,1760,51,ITF,ITF2,14,Molise,Molise,305617,32727,10.71,1.13
1843,2021-06-13,MOL,2942,1563,1379,2567,329,46,ITF,ITF2,14,Molise,Molise,305617,35669,11.67,0.96
1844,2021-04-17,MOL,3103,1528,1575,1555,1503,45,ITF,ITF2,14,Molise,Molise,305617,38772,12.69,1.02
1845,2021-07-14,MOL,3442,1683,1759,211,3214,17,ITF,ITF2,14,Molise,Molise,305617,42214,13.81,1.13
1846,2021-04-05,MOL,392,190,202,293,99,0,ITF,ITF2,14,Molise,Molise,305617,42606,13.94,0.13
1847,2021-08-11,MOL,2024,1058,966,1144,816,64,ITF,ITF2,14,Molise,Molise,305617,44630,14.6,0.66
1848,2021-01-12,MOL,337,114,223,337,0,0,ITF,ITF2,14,Molise,Molise,305617,44967,14.71,0.11
1849,2021-01-26,MOL,450,184,266,8,442,0,ITF,ITF2,14,Molise,Molise,305617,45417,14.86,0.15
1850,2021-05-06,MOL,2754,1246,1508,2061,615,78,ITF,ITF2,14,Molise,Molise,305617,48171,15.76,0.9
1851,2021-07-28,MOL,2460,1306,1154,1152,1273,35,ITF,ITF2,14,Molise,Molise,305617,50631,16.57,0.8
1852,2021-08-16,MOL,1786,926,860,829,941,16,ITF,ITF2,14,Molise,Molise,305617,52417,17.15,0.58
1853,2021-03-15,MOL,854,349,505,576,245,33,ITF,ITF2,14,Molise,Molise,305617,53271,17.43,0.28
1854,2021-05-20,MOL,2752,1418,1334,2424,190,138,ITF,ITF2,14,Molise,Molise,305617,56023,18.33,0.9
1855,2021-09-09,MOL,1200,624,576,416,769,15,ITF,ITF2,14,Molise,Molise,305617,57223,18.72,0.39
1856,2021-05-13,MOL,3112,1446,1666,2556,461,95,ITF,ITF2,14,Molise,Molise,305617,60335,19.74,1.02
1857,2021-08-21,MOL,2171,1221,950,1102,1017,52,ITF,ITF2,14,Molise,Molise,305617,62506,20.45,0.71
1858,2021-08-04,MOL,2528,1310,1218,966,1543,19,ITF,ITF2,14,Molise,Molise,305617,65034,21.28,0.83
1859,2021-01-17,MOL,78,38,40,48,30,0,ITF,ITF2,14,Molise,Molise,305617,65112,21.31,0.03
1860,2021-04-10,MOL,2686,1279,1407,2467,154,65,ITF,ITF2,14,Molise,Molise,305617,67798,22.18,0.88
1861,2021-02-05,MOL,599,271,328,56,543,0,ITF,ITF2,14,Molise,Molise,305617,68397,22.38,0.2
1862,2021-01-19,MOL,174,63,111,163,11,0,ITF,ITF2,14,Molise,Molise,305617,68571,22.44,0.06
1863,2021-04-29,MOL,2267,1164,1103,884,1356,27,ITF,ITF2,14,Molise,Molise,305617,70838,23.18,0.74
1864,2021-04-12,MOL,1311,563,748,1041,252,18,ITF,ITF2,14,Molise,Molise,305617,72149,23.61,0.43
1865,2021-07-21,MOL,2141,1075,1066,795,1299,47,ITF,ITF2,14,Molise,Molise,305617,74290,24.31,0.7
1866,2021-03-29,MOL,2072,846,1226,1524,489,59,ITF,ITF2,14,Molise,Molise,305617,76362,24.99,0.68
1867,2021-01-31,MOL,268,70,198,6,262,0,ITF,ITF2,14,Molise,Molise,305617,76630,25.07,0.09
1868,2021-09-11,MOL,1228,690,538,179,1037,12,ITF,ITF2,14,Molise,Molise,305617,77858,25.48,0.4
1869,2021-07-16,MOL,3106,1572,1534,399,2677,30,ITF,ITF2,14,Molise,Molise,305617,80964,26.49,1.02
1870,2021-07-09,MOL,3450,1659,1791,168,3264,18,ITF,ITF2,14,Molise,Molise,305617,84414,27.62,1.13
1871,2021-06-20,MOL,424,174,250,48,372,4,ITF,ITF2,14,Molise,Molise,305617,84838,27.76,0.14
1872,2021-04-24,MOL,2582,1217,1365,703,1851,28,ITF,ITF2,14,Molise,Molise,305617,87420,28.6,0.84
1873,2021-02-26,MOL,567,262,305,492,74,1,ITF,ITF2,14,Molise,Molise,305617,87987,28.79,0.19
1874,2021-08-02,MOL,2729,1423,1306,1204,1477,48,ITF,ITF2,14,Molise,Molise,305617,90716,29.68,0.89
1875,2021-06-06,MOL,2127,1094,1033,1767,329,31,ITF,ITF2,14,Molise,Molise,305617,92843,30.38,0.7
1876,2021-03-19,MOL,1210,489,721,748,430,32,ITF,ITF2,14,Molise,Molise,305617,94053,30.77,0.4
1877,2021-02-24,MOL,672,281,391,326,338,8,ITF,ITF2,14,Molise,Molise,305617,94725,30.99,0.22
1878,2021-03-17,MOL,977,407,570,526,333,118,ITF,ITF2,14,Molise,Molise,305617,95702,31.31,0.32
1879,2021-06-25,MOL,3462,1704,1758,1479,1922,61,ITF,ITF2,14,Molise,Molise,305617,99164,32.45,1.13
1880,2021-06-08,MOL,2906,1603,1303,2202,701,3,ITF,ITF2,14,Molise,Molise,305617,102070,33.4,0.95
1881,2021-09-16,MOL,379,191,188,153,221,5,ITF,ITF2,14,Molise,Molise,305617,102449,33.52,0.12
1882,2021-08-30,MOL,1693,911,782,228,1446,19,ITF,ITF2,14,Molise,Molise,305617,104142,34.08,0.55
1883,2021-06-24,MOL,3363,1565,1798,444,2881,38,ITF,ITF2,14,Molise,Molise,305617,107505,35.18,1.1
1884,2021-03-02,MOL,674,387,287,508,159,7,ITF,ITF2,14,Molise,Molise,305617,108179,35.4,0.22
1885,2021-06-10,MOL,2635,1212,1423,1285,1301,49,ITF,ITF2,14,Molise,Molise,305617,110814,36.26,0.86
1886,2021-04-02,MOL,1487,727,760,669,784,34,ITF,ITF2,14,Molise,Molise,305617,112301,36.75,0.49
1887,2021-05-25,MOL,1985,894,1091,1309,635,41,ITF,ITF2,14,Molise,Molise,305617,114286,37.4,0.65
1888,2021-01-04,MOL,315,132,183,315,0,0,ITF,ITF2,14,Molise,Molise,305617,114601,37.5,0.1
1889,2021-04-14,MOL,1827,775,1052,1139,669,19,ITF,ITF2,14,Molise,Molise,305617,116428,38.1,0.6
1890,2021-02-16,MOL,159,73,86,152,6,1,ITF,ITF2,14,Molise,Molise,305617,116587,38.15,0.05
1891,2021-05-27,MOL,2870,1367,1503,1984,844,42,ITF,ITF2,14,Molise,Molise,305617,119457,39.09,0.94
1892,2021-07-25,MOL,2024,1067,957,357,1651,16,ITF,ITF2,14,Molise,Molise,305617,121481,39.75,0.66
1893,2021-05-29,MOL,2387,1242,1145,1948,394,45,ITF,ITF2,14,Molise,Molise,305617,123868,40.53,0.78
1894,2021-09-06,MOL,1187,628,559,355,826,6,ITF,ITF2,14,Molise,Molise,305617,125055,40.92,0.39
1895,2021-03-07,MOL,1133,501,632,1128,2,3,ITF,ITF2,14,Molise,Molise,305617,126188,41.29,0.37
1896,2021-06-15,MOL,2256,1063,1193,779,1459,18,ITF,ITF2,14,Molise,Molise,305617,128444,42.03,0.74
1897,2021-04-28,MOL,1724,944,780,491,1221,12,ITF,ITF2,14,Molise,Molise,305617,130168,42.59,0.56
1898,2021-08-06,MOL,2340,1236,1104,1090,1207,43,ITF,ITF2,14,Molise,Molise,305617,132508,43.36,0.77
1899,2021-02-21,MOL,577,228,349,575,2,0,ITF,ITF2,14,Molise,Molise,305617,133085,43.55,0.19
1900,2021-02-04,MOL,762,296,466,78,684,0,ITF,ITF2,14,Molise,Molise,305617,133847,43.8,0.25
1901,2021-05-15,MOL,3038,1428,1610,2559,390,89,ITF,ITF2,14,Molise,Molise,305617,136885,44.79,0.99
1902,2021-01-21,MOL,6,2,4,6,0,0,ITF,ITF2,14,Molise,Molise,305617,136891,44.79,0.0
1903,2021-08-20,MOL,2460,1295,1165,505,1935,20,ITF,ITF2,14,Molise,Molise,305617,139351,45.6,0.8
1904,2021-03-31,MOL,2272,938,1334,1322,820,130,ITF,ITF2,14,Molise,Molise,305617,141623,46.34,0.74
1905,2021-07-11,MOL,2465,1200,1265,181,2280,4,ITF,ITF2,14,Molise,Molise,305617,144088,47.15,0.81
1906,2021-08-13,MOL,1538,801,737,1122,384,32,ITF,ITF2,14,Molise,Molise,305617,145626,47.65,0.5
1907,2021-05-08,MOL,3041,1479,1562,1719,1259,63,ITF,ITF2,14,Molise,Molise,305617,148667,48.64,1.0
1908,2021-04-21,MOL,1892,798,1094,971,910,11,ITF,ITF2,14,Molise,Molise,305617,150559,49.26,0.62
1909,2021-07-30,MOL,2700,1399,1301,1443,1196,61,ITF,ITF2,14,Molise,Molise,305617,153259,50.15,0.88
1910,2021-02-11,MOL,297,133,164,260,37,0,ITF,ITF2,14,Molise,Molise,305617,153556,50.24,0.1
1911,2021-05-22,MOL,2314,1199,1115,2199,91,24,ITF,ITF2,14,Molise,Molise,305617,155870,51.0,0.76
1912,2021-09-01,MOL,1848,976,872,395,1433,20,ITF,ITF2,14,Molise,Molise,305617,157718,51.61,0.6
1913,2021-01-09,MOL,457,154,303,457,0,0,ITF,ITF2,14,Molise,Molise,305617,158175,51.76,0.15
1914,2021-04-19,MOL,1901,864,1037,992,785,124,ITF,ITF2,14,Molise,Molise,305617,160076,52.38,0.62
1915,2021-02-09,MOL,361,171,190,198,163,0,ITF,ITF2,14,Molise,Molise,305617,160437,52.5,0.12
1916,2021-08-01,MOL,967,530,437,760,175,32,ITF,ITF2,14,Molise,Molise,305617,161404,52.81,0.32
1917,2021-02-02,MOL,540,176,364,216,323,1,ITF,ITF2,14,Molise,Molise,305617,161944,52.99,0.18
1918,2021-01-16,MOL,426,169,257,426,0,0,ITF,ITF2,14,Molise,Molise,305617,162370,53.13,0.14
1919,2021-04-26,MOL,1174,528,646,816,332,26,ITF,ITF2,14,Molise,Molise,305617,163544,53.51,0.38
1920,2021-04-09,MOL,2369,1272,1097,2118,192,59,ITF,ITF2,14,Molise,Molise,305617,165913,54.29,0.78
1921,2021-01-28,MOL,617,218,399,19,598,0,ITF,ITF2,14,Molise,Molise,305617,166530,54.49,0.2
1922,2021-03-12,MOL,1470,641,829,1410,36,24,ITF,ITF2,14,Molise,Molise,305617,168000,54.97,0.48
1923,2021-01-14,MOL,652,240,412,652,0,0,ITF,ITF2,14,Molise,Molise,305617,168652,55.18,0.21
1924,2021-02-23,MOL,586,223,363,362,221,3,ITF,ITF2,14,Molise,Molise,305617,169238,55.38,0.19
1925,2021-06-03,MOL,3338,1591,1747,2728,561,49,ITF,ITF2,14,Molise,Molise,305617,172576,56.47,1.09
1926,2021-04-07,MOL,1740,882,858,1376,276,88,ITF,ITF2,14,Molise,Molise,305617,174316,57.04,0.57
1927,2021-06-05,MOL,3045,1538,1507,2827,177,41,ITF,ITF2,14,Molise,Molise,305617,177361,58.03,1.0
1928,2021-09-13,MOL,408,228,180,123,279,6,ITF,ITF2,14,Molise,Molise,305617,177769,58.17,0.13
1929,2021-07-18,MOL,1782,897,885,126,1646,10,ITF,ITF2,14,Molise,Molise,305617,179551,58.75,0.58
1930,2021-07-13,MOL,2832,1437,1395,323,2491,18,ITF,ITF2,14,Molise,Molise,305617,182383,59.68,0.93
1931,2021-02-28,MOL,839,337,502,794,43,2,ITF,ITF2,14,Molise,Molise,305617,183222,59.95,0.27
1932,2021-09-17,MOL,603,316,287,206,387,10,ITF,ITF2,14,Molise,Molise,305617,183825,60.15,0.2
1933,2021-08-03,MOL,2218,1154,1064,1226,956,36,ITF,ITF2,14,Molise,Molise,305617,186043,60.87,0.73
1934,2021-03-11,MOL,1477,641,836,1454,6,17,ITF,ITF2,14,Molise,Molise,305617,187520,61.36,0.48
1935,2021-01-06,MOL,695,263,432,695,0,0,ITF,ITF2,14,Molise,Molise,305617,188215,61.59,0.23
1936,2021-04-16,MOL,2464,1049,1415,1187,1238,39,ITF,ITF2,14,Molise,Molise,305617,190679,62.39,0.81
1937,2021-06-21,MOL,2941,1366,1575,1654,1239,48,ITF,ITF2,14,Molise,Molise,305617,193620,63.35,0.96
1938,2021-04-25,MOL,800,401,399,559,233,8,ITF,ITF2,14,Molise,Molise,305617,194420,63.62,0.26
1939,2021-01-13,MOL,481,163,318,481,0,0,ITF,ITF2,14,Molise,Molise,305617,194901,63.77,0.16
1940,2021-06-19,MOL,2377,1179,1198,1305,1026,46,ITF,ITF2,14,Molise,Molise,305617,197278,64.55,0.78
1941,2021-04-23,MOL,2084,903,1181,1382,671,31,ITF,ITF2,14,Molise,Molise,305617,199362,65.23,0.68
1942,2021-05-26,MOL,1648,752,896,830,771,47,ITF,ITF2,14,Molise,Molise,305617,201010,65.77,0.54
1943,2021-03-30,MOL,2036,873,1163,1486,514,36,ITF,ITF2,14,Molise,Molise,305617,203046,66.44,0.67
1944,2021-09-03,MOL,1684,877,807,357,1304,23,ITF,ITF2,14,Molise,Molise,305617,204730,66.99,0.55
1945,2021-02-01,MOL,563,201,362,14,549,0,ITF,ITF2,14,Molise,Molise,305617,205293,67.17,0.18
1946,2021-07-08,MOL,3448,1661,1787,108,3317,23,ITF,ITF2,14,Molise,Molise,305617,208741,68.3,1.13
1947,2021-05-12,MOL,2927,1328,1599,2716,100,111,ITF,ITF2,14,Molise,Molise,305617,211668,69.26,0.96
1948,2021-03-04,MOL,858,422,436,517,325,16,ITF,ITF2,14,Molise,Molise,305617,212526,69.54,0.28
1949,2021-06-12,MOL,5964,3066,2898,5668,204,92,ITF,ITF2,14,Molise,Molise,305617,218490,71.49,1.95
1950,2021-08-17,MOL,1669,879,790,342,1310,17,ITF,ITF2,14,Molise,Molise,305617,220159,72.04,0.55
1951,2021-01-18,MOL,117,48,69,117,0,0,ITF,ITF2,14,Molise,Molise,305617,220276,72.08,0.04
1952,2021-04-11,MOL,1221,603,618,1176,14,31,ITF,ITF2,14,Molise,Molise,305617,221497,72.48,0.4
1953,2021-07-20,MOL,2199,1110,1089,1029,1120,50,ITF,ITF2,14,Molise,Molise,305617,223696,73.19,0.72
1954,2021-07-03,MOL,2766,1392,1374,580,2164,22,ITF,ITF2,14,Molise,Molise,305617,226462,74.1,0.91
1955,2021-08-08,MOL,893,467,426,648,229,16,ITF,ITF2,14,Molise,Molise,305617,227355,74.39,0.29
1956,2021-07-22,MOL,2273,1127,1146,848,1365,60,ITF,ITF2,14,Molise,Molise,305617,229628,75.14,0.74
1957,2021-06-17,MOL,2326,1026,1300,922,1373,31,ITF,ITF2,14,Molise,Molise,305617,231954,75.9,0.76
1958,2021-09-08,MOL,975,516,459,252,719,4,ITF,ITF2,14,Molise,Molise,305617,232929,76.22,0.32
1959,2021-03-26,MOL,2640,1063,1577,1908,647,85,ITF,ITF2,14,Molise,Molise,305617,235569,77.08,0.86
1960,2021-02-27,MOL,1375,572,803,1349,20,6,ITF,ITF2,14,Molise,Molise,305617,236944,77.53,0.45
1961,2021-06-07,MOL,1991,877,1114,1140,824,27,ITF,ITF2,14,Molise,Molise,305617,238935,78.18,0.65
1962,2021-09-15,MOL,387,199,188,158,220,9,ITF,ITF2,14,Molise,Molise,305617,239322,78.31,0.13
1963,2021-02-13,MOL,132,80,52,132,0,0,ITF,ITF2,14,Molise,Molise,305617,239454,78.35,0.04
1964,2021-08-29,MOL,1432,781,651,111,1312,9,ITF,ITF2,14,Molise,Molise,305617,240886,78.82,0.47
1965,2021-05-24,MOL,1991,866,1125,1282,676,33,ITF,ITF2,14,Molise,Molise,305617,242877,79.47,0.65
1966,2021-05-07,MOL,2698,1258,1440,2032,602,64,ITF,ITF2,14,Molise,Molise,305617,245575,80.35,0.88
1967,2021-04-06,MOL,1528,714,814,1142,346,40,ITF,ITF2,14,Molise,Molise,305617,247103,80.85,0.5
1968,2021-02-08,MOL,336,141,195,216,120,0,ITF,ITF2,14,Molise,Molise,305617,247439,80.96,0.11
1969,2021-07-15,MOL,3230,1625,1605,214,3001,15,ITF,ITF2,14,Molise,Molise,305617,250669,82.02,1.06
1970,2021-05-19,MOL,2406,1228,1178,1909,431,66,ITF,ITF2,14,Molise,Molise,305617,253075,82.81,0.79
1971,2021-03-23,MOL,1686,711,975,1428,211,47,ITF,ITF2,14,Molise,Molise,305617,254761,83.36,0.55
1972,2021-08-27,MOL,2119,1090,1029,415,1682,22,ITF,ITF2,14,Molise,Molise,305617,256880,84.05,0.69
1973,2021-07-01,MOL,2684,1306,1378,275,2391,18,ITF,ITF2,14,Molise,Molise,305617,259564,84.93,0.88
1974,2021-07-26,MOL,2456,1265,1191,1264,1125,67,ITF,ITF2,14,Molise,Molise,305617,262020,85.73,0.8
1975,2021-02-15,MOL,145,70,75,142,3,0,ITF,ITF2,14,Molise,Molise,305617,262165,85.78,0.05
1976,2021-02-18,MOL,325,74,251,308,13,4,ITF,ITF2,14,Molise,Molise,305617,262490,85.89,0.11
1977,2021-03-16,MOL,618,230,388,266,348,4,ITF,ITF2,14,Molise,Molise,305617,263108,86.09,0.2
1978,2021-01-11,MOL,562,194,368,562,0,0,ITF,ITF2,14,Molise,Molise,305617,263670,86.27,0.18
1979,2021-07-29,MOL,2476,1271,1205,1601,823,52,ITF,ITF2,14,Molise,Molise,305617,266146,87.08,0.81
1980,2021-08-26,MOL,1726,936,790,308,1411,7,ITF,ITF2,14,Molise,Molise,305617,267872,87.65,0.56
1981,2021-06-30,MOL,2988,1419,1569,880,2024,84,ITF,ITF2,14,Molise,Molise,305617,270860,88.63,0.98
1982,2021-03-13,MOL,1194,598,596,184,991,19,ITF,ITF2,14,Molise,Molise,305617,272054,89.02,0.39
1983,2021-01-15,MOL,548,245,303,548,0,0,ITF,ITF2,14,Molise,Molise,305617,272602,89.2,0.18
1984,2021-04-18,MOL,1092,486,606,143,939,10,ITF,ITF2,14,Molise,Molise,305617,273694,89.55,0.36
1985,2021-07-27,MOL,1965,1086,879,1340,555,70,ITF,ITF2,14,Molise,Molise,305617,275659,90.2,0.64
1986,2021-07-10,MOL,3744,1789,1955,326,3404,14,ITF,ITF2,14,Molise,Molise,305617,279403,91.42,1.23
1987,2021-04-04,MOL,258,142,116,231,15,12,ITF,ITF2,14,Molise,Molise,305617,279661,91.51,0.08
1988,2021-03-18,MOL,1220,495,725,637,465,118,ITF,ITF2,14,Molise,Molise,305617,280881,91.91,0.4
1989,2021-06-26,MOL,3141,1545,1596,530,2596,15,ITF,ITF2,14,Molise,Molise,305617,284022,92.93,1.03
1990,2021-03-25,MOL,1837,741,1096,1291,498,48,ITF,ITF2,14,Molise,Molise,305617,285859,93.54,0.6
1991,2021-03-08,MOL,1401,529,872,1216,140,45,ITF,ITF2,14,Molise,Molise,305617,287260,93.99,0.46
1992,2021-06-16,MOL,2141,1058,1083,1170,951,20,ITF,ITF2,14,Molise,Molise,305617,289401,94.69,0.7
1993,2021-04-13,MOL,1644,722,922,1041,589,14,ITF,ITF2,14,Molise,Molise,305617,291045,95.23,0.54
1994,2021-03-27,MOL,2766,1284,1482,1303,1434,29,ITF,ITF2,14,Molise,Molise,305617,293811,96.14,0.91
1995,2021-07-05,MOL,2748,1288,1460,42,2704,2,ITF,ITF2,14,Molise,Molise,305617,296559,97.04,0.9
1996,2021-09-14,MOL,546,295,251,171,369,6,ITF,ITF2,14,Molise,Molise,305617,297105,97.21,0.18
1997,2021-02-22,MOL,267,129,138,250,15,2,ITF,ITF2,14,Molise,Molise,305617,297372,97.3,0.09
1998,2020-12-27,MOL,50,20,30,50,0,0,ITF,ITF2,14,Molise,Molise,305617,297422,97.32,0.02
1999,2021-03-09,MOL,1342,585,757,1155,154,33,ITF,ITF2,14,Molise,Molise,305617,298764,97.76,0.44
2000,2021-02-20,MOL,1022,444,578,1002,20,0,ITF,ITF2,14,Molise,Molise,305617,299786,98.09,0.33
2001,2021-05-31,MOL,2392,1165,1227,1916,428,48,ITF,ITF2,14,Molise,Molise,305617,302178,98.87,0.78
2002,2021-05-14,MOL,2692,1242,1450,1902,724,66,ITF,ITF2,14,Molise,Molise,305617,304870,99.76,0.88
2003,2021-08-22,MOL,389,202,187,3,386,0,ITF,ITF2,14,Molise,Molise,305617,305259,99.88,0.13
2004,2021-06-02,MOL,2865,1376,1489,2730,100,35,ITF,ITF2,14,Molise,Molise,305617,308124,100.82,0.94
2005,2021-09-10,MOL,1004,528,476,384,606,14,ITF,ITF2,14,Molise,Molise,305617,309128,101.15,0.33
2006,2021-06-14,MOL,1653,822,831,549,1087,17,ITF,ITF2,14,Molise,Molise,305617,310781,101.69,0.54
2007,2021-01-20,MOL,18,8,10,18,0,0,ITF,ITF2,14,Molise,Molise,305617,310799,101.7,0.01
2008,2021-04-30,MOL,2977,1575,1402,826,2122,29,ITF,ITF2,14,Molise,Molise,305617,313776,102.67,0.97
2009,2021-02-25,MOL,543,239,304,471,69,3,ITF,ITF2,14,Molise,Molise,305617,314319,102.85,0.18
2010,2021-08-10,MOL,1927,1047,880,688,1207,32,ITF,ITF2,14,Molise,Molise,305617,316246,103.48,0.63
2011,2021-01-25,MOL,319,130,189,3,316,0,ITF,ITF2,14,Molise,Molise,305617,316565,103.58,0.1
2012,2021-05-05,MOL,2502,1073,1429,2310,145,47,ITF,ITF2,14,Molise,Molise,305617,319067,104.4,0.82
2013,2021-05-04,MOL,2755,1200,1555,2562,133,60,ITF,ITF2,14,Molise,Molise,305617,321822,105.3,0.9
2014,2021-01-10,MOL,270,72,198,270,0,0,ITF,ITF2,14,Molise,Molise,305617,322092,105.39,0.09
2015,2021-04-20,MOL,2342,1038,1304,1215,1112,15,ITF,ITF2,14,Molise,Molise,305617,324434,106.16,0.77
2016,2021-06-09,MOL,1841,927,914,873,936,32,ITF,ITF2,14,Molise,Molise,305617,326275,106.76,0.6
2017,2021-05-23,MOL,1796,904,892,1752,10,34,ITF,ITF2,14,Molise,Molise,305617,328071,107.35,0.59
2018,2021-08-31,MOL,1745,954,791,313,1422,10,ITF,ITF2,14,Molise,Molise,305617,329816,107.92,0.57
2019,2021-03-01,MOL,668,275,393,433,215,20,ITF,ITF2,14,Molise,Molise,305617,330484,108.14,0.22
2020,2021-04-03,MOL,1805,867,938,1729,37,39,ITF,ITF2,14,Molise,Molise,305617,332289,108.73,0.59
2021,2021-07-12,MOL,2700,1335,1365,364,2314,22,ITF,ITF2,14,Molise,Molise,305617,334989,109.61,0.88
2022,2021-06-23,MOL,2817,1298,1519,223,2584,10,ITF,ITF2,14,Molise,Molise,305617,337806,110.53,0.92
2023,2021-03-20,MOL,2352,986,1366,1011,1323,18,ITF,ITF2,14,Molise,Molise,305617,340158,111.3,0.77
2024,2021-06-18,MOL,2795,1264,1531,1304,1462,29,ITF,ITF2,14,Molise,Molise,305617,342953,112.22,0.91
2025,2021-05-30,MOL,1892,949,943,1568,288,36,ITF,ITF2,14,Molise,Molise,305617,344845,112.84,0.62
2026,2021-09-07,MOL,921,498,423,346,563,12,ITF,ITF2,14,Molise,Molise,305617,345766,113.14,0.3
2027,2021-02-10,MOL,152,80,72,132,20,0,ITF,ITF2,14,Molise,Molise,305617,345918,113.19,0.05
2028,2021-05-21,MOL,2295,1158,1137,1812,330,153,ITF,ITF2,14,Molise,Molise,305617,348213,113.94,0.75
2029,2021-01-27,MOL,675,251,424,8,667,0,ITF,ITF2,14,Molise,Molise,305617,348888,114.16,0.22
2030,2021-08-14,MOL,1622,875,747,705,896,21,ITF,ITF2,14,Molise,Molise,305617,350510,114.69,0.53
2031,2021-07-19,MOL,2819,1379,1440,519,2269,31,ITF,ITF2,14,Molise,Molise,305617,353329,115.61,0.92
2032,2021-06-28,MOL,2936,1369,1567,1016,1896,24,ITF,ITF2,14,Molise,Molise,305617,356265,116.57,0.96
2033,2021-02-03,MOL,748,255,493,347,401,0,ITF,ITF2,14,Molise,Molise,305617,357013,116.82,0.24
2034,2021-04-27,MOL,1628,782,846,447,1138,43,ITF,ITF2,14,Molise,Molise,305617,358641,117.35,0.53
2035,2021-08-05,MOL,2300,1161,1139,1621,627,52,ITF,ITF2,14,Molise,Molise,305617,360941,118.1,0.75
2036,2021-05-16,MOL,1285,585,700,1065,185,35,ITF,ITF2,14,Molise,Molise,305617,362226,118.52,0.42
2037,2021-08-24,MOL,1714,926,788,263,1426,25,ITF,ITF2,14,Molise,Molise,305617,363940,119.08,0.56
2038,2021-08-07,MOL,1940,1073,867,1060,852,28,ITF,ITF2,14,Molise,Molise,305617,365880,119.72,0.63
2039,2021-08-12,MOL,1465,761,704,1026,400,39,ITF,ITF2,14,Molise,Molise,305617,367345,120.2,0.48
2040,2021-01-29,MOL,425,137,288,6,419,0,ITF,ITF2,14,Molise,Molise,305617,367770,120.34,0.14
2041,2021-05-09,MOL,2083,951,1132,1938,98,47,ITF,ITF2,14,Molise,Molise,305617,369853,121.02,0.68
2042,2021-07-07,MOL,2969,1374,1595,58,2907,4,ITF,ITF2,14,Molise,Molise,305617,372822,121.99,0.97
2043,2021-05-11,MOL,3277,1447,1830,2927,254,96,ITF,ITF2,14,Molise,Molise,305617,376099,123.06,1.07
2044,2021-08-19,MOL,2284,1147,1137,609,1648,27,ITF,ITF2,14,Molise,Molise,305617,378383,123.81,0.75
2045,2021-01-22,MOL,128,36,92,128,0,0,ITF,ITF2,14,Molise,Molise,305617,378511,123.85,0.04
2046,2021-01-08,MOL,433,142,291,433,0,0,ITF,ITF2,14,Molise,Molise,305617,378944,123.99,0.14
2047,2021-09-02,MOL,1527,790,737,306,1195,26,ITF,ITF2,14,Molise,Molise,305617,380471,124.49,0.5
2048,2021-04-01,MOL,1499,677,822,742,730,27,ITF,ITF2,14,Molise,Molise,305617,381970,124.98,0.49
2049,2021-05-02,MOL,1922,950,972,584,1318,20,ITF,ITF2,14,Molise,Molise,305617,383892,125.61,0.63
2050,2021-03-06,MOL,1730,809,921,1559,160,11,ITF,ITF2,14,Molise,Molise,305617,385622,126.18,0.57
2051,2021-03-03,MOL,677,320,357,588,83,6,ITF,ITF2,14,Molise,Molise,305617,386299,126.4,0.22
2052,2021-01-05,MOL,451,180,271,451,0,0,ITF,ITF2,14,Molise,Molise,305617,386750,126.55,0.15
2053,2021-07-06,MOL,3072,1433,1639,38,3029,5,ITF,ITF2,14,Molise,Molise,305617,389822,127.55,1.01
2054,2021-05-10,MOL,2961,1308,1653,2517,376,68,ITF,ITF2,14,Molise,Molise,305617,392783,128.52,0.97
2055,2021-06-29,MOL,2511,1168,1343,386,2094,31,ITF,ITF2,14,Molise,Molise,305617,395294,129.34,0.82
2056,2021-05-03,MOL,2556,1214,1342,2320,165,71,ITF,ITF2,14,Molise,Molise,305617,397850,130.18,0.84
2057,2021-05-17,MOL,2266,1108,1158,1718,498,50,ITF,ITF2,14,Molise,Molise,305617,400116,130.92,0.74
2058,2021-03-21,MOL,1254,546,708,481,770,3,ITF,ITF2,14,Molise,Molise,305617,401370,131.33,0.41
2059,2021-08-25,MOL,1506,810,696,344,1152,10,ITF,ITF2,14,Molise,Molise,305617,402876,131.82,0.49
2060,2021-03-14,MOL,601,242,359,18,583,0,ITF,ITF2,14,Molise,Molise,305617,403477,132.02,0.2
2061,2021-08-18,MOL,1347,706,641,344,981,22,ITF,ITF2,14,Molise,Molise,305617,404824,132.46,0.44
2062,2021-06-22,MOL,2984,1378,1606,676,2288,20,ITF,ITF2,14,Molise,Molise,305617,407808,133.44,0.98
2063,2021-03-28,MOL,1640,757,883,523,1103,14,ITF,ITF2,14,Molise,Molise,305617,409448,133.97,0.54
2064,2021-01-30,MOL,465,161,304,12,453,0,ITF,ITF2,14,Molise,Molise,305617,409913,134.13,0.15
2065,2021-09-05,MOL,7,6,1,7,0,0,ITF,ITF2,14,Molise,Molise,305617,409920,134.13,0.0
2066,2021-02-06,MOL,431,179,252,30,401,0,ITF,ITF2,14,Molise,Molise,305617,410351,134.27,0.14
2067,2021-06-04,MOL,3119,1535,1584,2617,459,43,ITF,ITF2,14,Molise,Molise,305617,413470,135.29,1.02
2068,2021-04-08,MOL,1807,929,878,1556,203,48,ITF,ITF2,14,Molise,Molise,305617,415277,135.88,0.59
2069,2021-09-12,MOL,389,211,178,343,33,13,ITF,ITF2,14,Molise,Molise,305617,415666,136.01,0.13
2070,2021-07-17,MOL,2880,1535,1345,304,2553,23,ITF,ITF2,14,Molise,Molise,305617,418546,136.95,0.94
2071,2021-04-22,MOL,1861,871,990,1062,781,18,ITF,ITF2,14,Molise,Molise,305617,420407,137.56,0.61
2072,2021-07-31,MOL,2012,1122,890,764,1202,46,ITF,ITF2,14,Molise,Molise,305617,422419,138.22,0.66
2073,2021-02-17,MOL,72,32,40,50,15,7,ITF,ITF2,14,Molise,Molise,305617,422491,138.24,0.02
2074,2021-07-24,MOL,3159,1698,1461,738,2391,30,ITF,ITF2,14,Molise,Molise,305617,425650,139.28,1.03
2075,2021-05-28,MOL,2684,1377,1307,2062,549,73,ITF,ITF2,14,Molise,Molise,305617,428334,140.15,0.88
2076,2021-06-11,MOL,3490,1679,1811,1997,1440,53,ITF,ITF2,14,Molise,Molise,305617,431824,141.3,1.14
2077,2021-04-15,MOL,1959,807,1152,1099,851,9,ITF,ITF2,14,Molise,Molise,305617,433783,141.94,0.64
2078,2021-08-15,UMB,4393,2387,2006,2868,1382,143,ITI,ITI2,10,Umbria,Umbria,882015,4393,0.5,0.5
2079,2021-07-29,UMB,8204,4228,3976,2144,5941,119,ITI,ITI2,10,Umbria,Umbria,882015,12597,1.43,0.93
2080,2021-05-07,UMB,10134,4716,5418,6656,3192,286,ITI,ITI2,10,Umbria,Umbria,882015,22731,2.58,1.15
2081,2021-08-29,UMB,1947,1004,943,684,1254,9,ITI,ITI2,10,Umbria,Umbria,882015,24678,2.8,0.22
2082,2021-09-05,UMB,3390,1798,1592,259,3117,14,ITI,ITI2,10,Umbria,Umbria,882015,28068,3.18,0.38
2083,2021-03-23,UMB,3828,1714,2114,2159,1632,37,ITI,ITI2,10,Umbria,Umbria,882015,31896,3.62,0.43
2084,2021-08-27,UMB,4601,2419,2182,1499,3000,102,ITI,ITI2,10,Umbria,Umbria,882015,36497,4.14,0.52
2085,2021-07-01,UMB,9748,4820,4928,3303,6291,154,ITI,ITI2,10,Umbria,Umbria,882015,46245,5.24,1.11
2086,2021-02-08,UMB,637,203,434,88,549,0,ITI,ITI2,10,Umbria,Umbria,882015,46882,5.32,0.07
2087,2021-05-19,UMB,9432,4219,5213,5599,3745,88,ITI,ITI2,10,Umbria,Umbria,882015,56314,6.38,1.07
2088,2021-06-02,UMB,3926,1886,2040,3805,42,79,ITI,ITI2,10,Umbria,Umbria,882015,60240,6.83,0.45
2089,2021-09-10,UMB,4540,2485,2055,723,3773,44,ITI,ITI2,10,Umbria,Umbria,882015,64780,7.34,0.51
2090,2021-02-20,UMB,283,101,182,259,24,0,ITI,ITI2,10,Umbria,Umbria,882015,65063,7.38,0.03
2091,2021-03-09,UMB,4093,2003,2090,2797,1288,8,ITI,ITI2,10,Umbria,Umbria,882015,69156,7.84,0.46
2092,2021-07-03,UMB,6481,3248,3233,2832,3497,152,ITI,ITI2,10,Umbria,Umbria,882015,75637,8.58,0.73
2093,2021-07-20,UMB,8269,4108,4161,1096,7089,84,ITI,ITI2,10,Umbria,Umbria,882015,83906,9.51,0.94
2094,2021-04-23,UMB,6659,2821,3838,3301,3159,199,ITI,ITI2,10,Umbria,Umbria,882015,90565,10.27,0.75
2095,2021-02-25,UMB,1334,496,838,1274,52,8,ITI,ITI2,10,Umbria,Umbria,882015,91899,10.42,0.15
2096,2021-03-11,UMB,3687,1799,1888,2668,1008,11,ITI,ITI2,10,Umbria,Umbria,882015,95586,10.84,0.42
2097,2021-01-13,UMB,452,140,312,452,0,0,ITI,ITI2,10,Umbria,Umbria,882015,96038,10.89,0.05
2098,2021-06-19,UMB,4589,2206,2383,2462,2033,94,ITI,ITI2,10,Umbria,Umbria,882015,100627,11.41,0.52
2099,2021-01-06,UMB,847,326,521,847,0,0,ITI,ITI2,10,Umbria,Umbria,882015,101474,11.5,0.1
2100,2021-06-12,UMB,7724,3690,4034,5961,1580,183,ITI,ITI2,10,Umbria,Umbria,882015,109198,12.38,0.88
2101,2021-04-06,UMB,5294,2167,3127,2865,2392,37,ITI,ITI2,10,Umbria,Umbria,882015,114492,12.98,0.6
2102,2021-03-28,UMB,1096,441,655,1041,24,31,ITI,ITI2,10,Umbria,Umbria,882015,115588,13.1,0.12
2103,2021-01-30,UMB,1575,486,1089,43,1532,0,ITI,ITI2,10,Umbria,Umbria,882015,117163,13.28,0.18
2104,2021-07-15,UMB,10578,5178,5400,568,9911,99,ITI,ITI2,10,Umbria,Umbria,882015,127741,14.48,1.2
2105,2021-08-10,UMB,7403,3935,3468,4003,3257,143,ITI,ITI2,10,Umbria,Umbria,882015,135144,15.32,0.84
2106,2021-06-14,UMB,5388,2750,2638,3253,2016,119,ITI,ITI2,10,Umbria,Umbria,882015,140532,15.93,0.61
2107,2021-02-13,UMB,114,27,87,111,3,0,ITI,ITI2,10,Umbria,Umbria,882015,140646,15.95,0.01
2108,2021-05-24,UMB,9078,4521,4557,8030,882,166,ITI,ITI2,10,Umbria,Umbria,882015,149724,16.98,1.03
2109,2021-04-18,UMB,1532,681,851,578,931,23,ITI,ITI2,10,Umbria,Umbria,882015,151256,17.15,0.17
2110,2021-01-11,UMB,1337,364,973,1337,0,0,ITI,ITI2,10,Umbria,Umbria,882015,152593,17.3,0.15
2111,2021-07-27,UMB,8147,4092,4055,2694,5336,117,ITI,ITI2,10,Umbria,Umbria,882015,160740,18.22,0.92
2112,2021-05-05,UMB,7224,3306,3918,3834,3306,84,ITI,ITI2,10,Umbria,Umbria,882015,167964,19.04,0.82
2113,2021-01-25,UMB,649,322,327,5,644,0,ITI,ITI2,10,Umbria,Umbria,882015,168613,19.12,0.07
2114,2021-09-17,UMB,2762,1492,1270,664,2061,37,ITI,ITI2,10,Umbria,Umbria,882015,171375,19.43,0.31
2115,2021-03-18,UMB,2987,1179,1808,1713,1266,8,ITI,ITI2,10,Umbria,Umbria,882015,174362,19.77,0.34
2116,2021-06-26,UMB,9381,4758,4623,5579,3639,163,ITI,ITI2,10,Umbria,Umbria,882015,183743,20.83,1.06
2117,2021-07-10,UMB,7690,3810,3880,66,7610,14,ITI,ITI2,10,Umbria,Umbria,882015,191433,21.7,0.87
2118,2021-02-06,UMB,437,163,274,34,403,0,ITI,ITI2,10,Umbria,Umbria,882015,191870,21.75,0.05
2119,2021-05-26,UMB,9665,4573,5092,8220,1253,192,ITI,ITI2,10,Umbria,Umbria,882015,201535,22.85,1.1
2120,2021-09-03,UMB,4234,2193,2041,1320,2854,60,ITI,ITI2,10,Umbria,Umbria,882015,205769,23.33,0.48
2121,2021-08-22,UMB,1470,773,697,479,977,14,ITI,ITI2,10,Umbria,Umbria,882015,207239,23.5,0.17
2122,2021-05-31,UMB,5824,2848,2976,4853,886,85,ITI,ITI2,10,Umbria,Umbria,882015,213063,24.16,0.66
2123,2021-05-14,UMB,5347,2526,2821,3353,1819,175,ITI,ITI2,10,Umbria,Umbria,882015,218410,24.76,0.61
2124,2021-02-01,UMB,1285,342,943,48,1237,0,ITI,ITI2,10,Umbria,Umbria,882015,219695,24.91,0.15
2125,2021-07-22,UMB,10076,4924,5152,1653,8317,106,ITI,ITI2,10,Umbria,Umbria,882015,229771,26.05,1.14
2126,2021-01-01,UMB,273,104,169,273,0,0,ITI,ITI2,10,Umbria,Umbria,882015,230044,26.08,0.03
2127,2021-04-11,UMB,3101,1506,1595,3035,49,17,ITI,ITI2,10,Umbria,Umbria,882015,233145,26.43,0.35
2128,2021-01-18,UMB,619,221,398,531,88,0,ITI,ITI2,10,Umbria,Umbria,882015,233764,26.5,0.07
2129,2021-07-08,UMB,9577,4634,4943,180,9350,47,ITI,ITI2,10,Umbria,Umbria,882015,243341,27.59,1.09
2130,2021-05-12,UMB,6528,3038,3490,4209,2149,170,ITI,ITI2,10,Umbria,Umbria,882015,249869,28.33,0.74
2131,2021-03-30,UMB,3990,1737,2253,2406,1545,39,ITI,ITI2,10,Umbria,Umbria,882015,253859,28.78,0.45
2132,2021-04-16,UMB,8102,3745,4357,6085,1838,179,ITI,ITI2,10,Umbria,Umbria,882015,261961,29.7,0.92
2133,2021-04-30,UMB,6258,2971,3287,2735,3401,122,ITI,ITI2,10,Umbria,Umbria,882015,268219,30.41,0.71
2134,2021-03-04,UMB,4486,1856,2630,3644,827,15,ITI,ITI2,10,Umbria,Umbria,882015,272705,30.92,0.51
2135,2021-08-08,UMB,5066,2712,2354,3556,1414,96,ITI,ITI2,10,Umbria,Umbria,882015,277771,31.49,0.57
2136,2021-01-20,UMB,603,221,382,603,0,0,ITI,ITI2,10,Umbria,Umbria,882015,278374,31.56,0.07
2137,2021-04-25,UMB,4362,1687,2675,3867,83,412,ITI,ITI2,10,Umbria,Umbria,882015,282736,32.06,0.49
2138,2021-08-03,UMB,9207,4761,4446,3505,5519,183,ITI,ITI2,10,Umbria,Umbria,882015,291943,33.1,1.04
2139,2021-04-04,UMB,57,20,37,22,35,0,ITI,ITI2,10,Umbria,Umbria,882015,292000,33.11,0.01
2140,2021-06-07,UMB,6961,3436,3525,6087,696,178,ITI,ITI2,10,Umbria,Umbria,882015,298961,33.9,0.79
2141,2021-09-15,UMB,3683,1907,1776,887,2726,70,ITI,ITI2,10,Umbria,Umbria,882015,302644,34.31,0.42
2142,2021-03-16,UMB,3538,1454,2084,1909,1627,2,ITI,ITI2,10,Umbria,Umbria,882015,306182,34.71,0.4
2143,2021-02-27,UMB,1658,354,1304,1642,16,0,ITI,ITI2,10,Umbria,Umbria,882015,307840,34.9,0.19
2144,2021-04-20,UMB,5451,2365,3086,3429,1947,75,ITI,ITI2,10,Umbria,Umbria,882015,313291,35.52,0.62
2145,2021-01-27,UMB,842,330,512,13,829,0,ITI,ITI2,10,Umbria,Umbria,882015,314133,35.62,0.1
2146,2021-01-10,UMB,1067,274,793,1067,0,0,ITI,ITI2,10,Umbria,Umbria,882015,315200,35.74,0.12
2147,2021-05-21,UMB,8982,3672,5310,4067,4830,85,ITI,ITI2,10,Umbria,Umbria,882015,324182,36.75,1.02
2148,2021-05-04,UMB,5544,2547,2997,2355,3127,62,ITI,ITI2,10,Umbria,Umbria,882015,329726,37.38,0.63
2149,2021-04-01,UMB,4474,1911,2563,2326,2110,38,ITI,ITI2,10,Umbria,Umbria,882015,334200,37.89,0.51
2150,2021-07-26,UMB,9092,4804,4288,3873,5092,127,ITI,ITI2,10,Umbria,Umbria,882015,343292,38.92,1.03
2151,2021-05-28,UMB,9600,4440,5160,7116,2300,184,ITI,ITI2,10,Umbria,Umbria,882015,352892,40.01,1.09
2152,2021-04-15,UMB,7665,3505,4160,5702,1889,74,ITI,ITI2,10,Umbria,Umbria,882015,360557,40.88,0.87
2153,2021-02-17,UMB,1619,748,871,1266,352,1,ITI,ITI2,10,Umbria,Umbria,882015,362176,41.06,0.18
2154,2021-07-24,UMB,8699,4368,4331,1346,7285,68,ITI,ITI2,10,Umbria,Umbria,882015,370875,42.05,0.99
2155,2021-09-07,UMB,4819,2493,2326,1026,3716,77,ITI,ITI2,10,Umbria,Umbria,882015,375694,42.59,0.55
2156,2021-05-30,UMB,5982,2999,2983,5662,202,118,ITI,ITI2,10,Umbria,Umbria,882015,381676,43.27,0.68
2157,2021-03-08,UMB,3701,1825,1876,2327,1361,13,ITI,ITI2,10,Umbria,Umbria,882015,385377,43.69,0.42
2158,2021-06-16,UMB,6326,3095,3231,3072,3100,154,ITI,ITI2,10,Umbria,Umbria,882015,391703,44.41,0.72
2159,2021-03-25,UMB,3937,1728,2209,2826,1064,47,ITI,ITI2,10,Umbria,Umbria,882015,395640,44.86,0.45
2160,2021-02-18,UMB,1497,583,914,1029,467,1,ITI,ITI2,10,Umbria,Umbria,882015,397137,45.03,0.17
2161,2021-08-07,UMB,7235,3803,3432,2543,4620,72,ITI,ITI2,10,Umbria,Umbria,882015,404372,45.85,0.82
2162,2021-05-16,UMB,5227,2493,2734,5087,50,90,ITI,ITI2,10,Umbria,Umbria,882015,409599,46.44,0.59
2163,2021-08-24,UMB,4438,2248,2190,1875,2474,89,ITI,ITI2,10,Umbria,Umbria,882015,414037,46.94,0.5
2164,2021-08-12,UMB,7355,3902,3453,4590,2546,219,ITI,ITI2,10,Umbria,Umbria,882015,421392,47.78,0.83
2165,2021-06-30,UMB,10552,5326,5226,3675,6726,151,ITI,ITI2,10,Umbria,Umbria,882015,431944,48.97,1.2
2166,2021-09-02,UMB,4361,2269,2092,959,3361,41,ITI,ITI2,10,Umbria,Umbria,882015,436305,49.47,0.49
2167,2021-07-07,UMB,9499,4502,4997,88,9380,31,ITI,ITI2,10,Umbria,Umbria,882015,445804,50.54,1.08
2168,2020-12-27,UMB,88,47,41,88,0,0,ITI,ITI2,10,Umbria,Umbria,882015,445892,50.55,0.01
2169,2021-02-22,UMB,1892,807,1085,1806,86,0,ITI,ITI2,10,Umbria,Umbria,882015,447784,50.77,0.21
2170,2021-06-11,UMB,7012,3519,3493,6003,772,237,ITI,ITI2,10,Umbria,Umbria,882015,454796,51.56,0.79
2171,2021-03-01,UMB,1505,775,730,1385,114,6,ITI,ITI2,10,Umbria,Umbria,882015,456301,51.73,0.17
2172,2021-06-09,UMB,8162,3951,4211,7136,725,301,ITI,ITI2,10,Umbria,Umbria,882015,464463,52.66,0.93
2173,2021-06-23,UMB,11360,5806,5554,7679,3412,269,ITI,ITI2,10,Umbria,Umbria,882015,475823,53.95,1.29
2174,2021-03-15,UMB,4600,1941,2659,2826,1770,4,ITI,ITI2,10,Umbria,Umbria,882015,480423,54.47,0.52
2175,2021-02-10,UMB,715,350,365,700,15,0,ITI,ITI2,10,Umbria,Umbria,882015,481138,54.55,0.08
2176,2021-04-03,UMB,2099,712,1387,1034,1054,11,ITI,ITI2,10,Umbria,Umbria,882015,483237,54.79,0.24
2177,2021-07-12,UMB,4632,2242,2390,105,4515,12,ITI,ITI2,10,Umbria,Umbria,882015,487869,55.31,0.53
2178,2021-01-08,UMB,1193,344,849,1193,0,0,ITI,ITI2,10,Umbria,Umbria,882015,489062,55.45,0.14
2179,2021-04-13,UMB,7683,3402,4281,5924,1669,90,ITI,ITI2,10,Umbria,Umbria,882015,496745,56.32,0.87
2180,2021-02-15,UMB,1367,692,675,1364,1,2,ITI,ITI2,10,Umbria,Umbria,882015,498112,56.47,0.15
2181,2021-01-03,UMB,270,112,158,270,0,0,ITI,ITI2,10,Umbria,Umbria,882015,498382,56.5,0.03
2182,2021-07-31,UMB,4334,2262,2072,1478,2809,47,ITI,ITI2,10,Umbria,Umbria,882015,502716,57.0,0.49
2183,2021-08-05,UMB,9705,5076,4629,3838,5700,167,ITI,ITI2,10,Umbria,Umbria,882015,512421,58.1,1.1
2184,2021-07-19,UMB,7671,3842,3829,1526,6044,101,ITI,ITI2,10,Umbria,Umbria,882015,520092,58.97,0.87
2185,2021-04-27,UMB,5669,2401,3268,3055,2579,35,ITI,ITI2,10,Umbria,Umbria,882015,525761,59.61,0.64
2186,2021-02-03,UMB,727,174,553,67,660,0,ITI,ITI2,10,Umbria,Umbria,882015,526488,59.69,0.08
2187,2021-05-11,UMB,6260,2842,3418,3925,2193,142,ITI,ITI2,10,Umbria,Umbria,882015,532748,60.4,0.71
2188,2021-08-19,UMB,5729,3041,2688,3939,1611,179,ITI,ITI2,10,Umbria,Umbria,882015,538477,61.05,0.65
2189,2021-08-26,UMB,4059,2151,1908,1791,2158,110,ITI,ITI2,10,Umbria,Umbria,882015,542536,61.51,0.46
2190,2021-09-14,UMB,2811,1439,1372,418,2368,25,ITI,ITI2,10,Umbria,Umbria,882015,545347,61.83,0.32
2191,2021-04-08,UMB,5904,2525,3379,4024,1807,73,ITI,ITI2,10,Umbria,Umbria,882015,551251,62.5,0.67
2192,2021-09-12,UMB,3055,1655,1400,463,2577,15,ITI,ITI2,10,Umbria,Umbria,882015,554306,62.85,0.35
2193,2021-07-17,UMB,7674,3857,3817,1287,6239,148,ITI,ITI2,10,Umbria,Umbria,882015,561980,63.72,0.87
2194,2021-06-04,UMB,8929,4414,4515,7541,1206,182,ITI,ITI2,10,Umbria,Umbria,882015,570909,64.73,1.01
2195,2021-05-23,UMB,5074,1857,3217,637,4421,16,ITI,ITI2,10,Umbria,Umbria,882015,575983,65.3,0.58
2196,2021-08-31,UMB,4136,2138,1998,1223,2843,70,ITI,ITI2,10,Umbria,Umbria,882015,580119,65.77,0.47
2197,2021-08-14,UMB,5854,3233,2621,2918,2786,150,ITI,ITI2,10,Umbria,Umbria,882015,585973,66.44,0.66
2198,2021-01-24,UMB,258,106,152,1,257,0,ITI,ITI2,10,Umbria,Umbria,882015,586231,66.46,0.03
2199,2021-08-16,UMB,3522,1744,1778,1979,1474,69,ITI,ITI2,10,Umbria,Umbria,882015,589753,66.86,0.4
2200,2021-08-30,UMB,1952,952,1000,1498,372,82,ITI,ITI2,10,Umbria,Umbria,882015,591705,67.09,0.22
2201,2021-06-08,UMB,7421,3659,3762,6655,557,209,ITI,ITI2,10,Umbria,Umbria,882015,599126,67.93,0.84
2202,2021-04-22,UMB,5458,2251,3207,2702,2674,82,ITI,ITI2,10,Umbria,Umbria,882015,604584,68.55,0.62
2203,2021-04-17,UMB,6696,3077,3619,5186,1343,167,ITI,ITI2,10,Umbria,Umbria,882015,611280,69.3,0.76
2204,2021-01-05,UMB,855,430,425,855,0,0,ITI,ITI2,10,Umbria,Umbria,882015,612135,69.4,0.1
2205,2021-08-02,UMB,5538,2897,2641,259,5257,22,ITI,ITI2,10,Umbria,Umbria,882015,617673,70.03,0.63
2206,2021-06-20,UMB,6225,3007,3218,1577,4605,43,ITI,ITI2,10,Umbria,Umbria,882015,623898,70.74,0.71
2207,2021-04-24,UMB,4566,1962,2604,3277,1183,106,ITI,ITI2,10,Umbria,Umbria,882015,628464,71.25,0.52
2208,2021-01-12,UMB,838,247,591,838,0,0,ITI,ITI2,10,Umbria,Umbria,882015,629302,71.35,0.1
2209,2021-03-29,UMB,3639,1605,2034,2153,1424,62,ITI,ITI2,10,Umbria,Umbria,882015,632941,71.76,0.41
2210,2021-01-31,UMB,1061,276,785,25,1036,0,ITI,ITI2,10,Umbria,Umbria,882015,634002,71.88,0.12
2211,2021-05-25,UMB,8827,4304,4523,7588,1066,173,ITI,ITI2,10,Umbria,Umbria,882015,642829,72.88,1.0
2212,2021-06-13,UMB,6767,3558,3209,6392,230,145,ITI,ITI2,10,Umbria,Umbria,882015,649596,73.65,0.77
2213,2021-05-01,UMB,5379,2642,2737,2100,3233,46,ITI,ITI2,10,Umbria,Umbria,882015,654975,74.26,0.61
2214,2021-03-05,UMB,4624,1403,3221,3950,659,15,ITI,ITI2,10,Umbria,Umbria,882015,659599,74.78,0.52
2215,2021-08-09,UMB,6696,3547,3149,3503,3033,160,ITI,ITI2,10,Umbria,Umbria,882015,666295,75.54,0.76
2216,2021-03-03,UMB,4433,1772,2661,3719,711,3,ITI,ITI2,10,Umbria,Umbria,882015,670728,76.04,0.5
2217,2021-02-05,UMB,783,234,549,18,765,0,ITI,ITI2,10,Umbria,Umbria,882015,671511,76.13,0.09
2218,2021-07-21,UMB,9857,4915,4942,1234,8536,87,ITI,ITI2,10,Umbria,Umbria,882015,681368,77.25,1.12
2219,2021-07-04,UMB,3411,1741,1670,2342,971,98,ITI,ITI2,10,Umbria,Umbria,882015,684779,77.64,0.39
2220,2021-04-12,UMB,7093,3081,4012,5316,1717,60,ITI,ITI2,10,Umbria,Umbria,882015,691872,78.44,0.8
2221,2021-01-19,UMB,102,23,79,102,0,0,ITI,ITI2,10,Umbria,Umbria,882015,691974,78.45,0.01
2222,2021-03-27,UMB,4253,1515,2738,3857,340,56,ITI,ITI2,10,Umbria,Umbria,882015,696227,78.94,0.48
2223,2021-06-18,UMB,4814,2374,2440,1569,3166,79,ITI,ITI2,10,Umbria,Umbria,882015,701041,79.48,0.55
2224,2021-07-05,UMB,8423,4083,4340,152,8257,14,ITI,ITI2,10,Umbria,Umbria,882015,709464,80.44,0.95
2225,2021-03-17,UMB,3331,1313,2018,1855,1474,2,ITI,ITI2,10,Umbria,Umbria,882015,712795,80.81,0.38
2226,2021-01-07,UMB,1301,388,913,1301,0,0,ITI,ITI2,10,Umbria,Umbria,882015,714096,80.96,0.15
2227,2021-06-25,UMB,10243,5319,4924,5253,4786,204,ITI,ITI2,10,Umbria,Umbria,882015,724339,82.12,1.16
2228,2021-05-18,UMB,7767,3364,4403,3836,3841,90,ITI,ITI2,10,Umbria,Umbria,882015,732106,83.0,0.88
2229,2021-03-22,UMB,3562,1657,1905,2306,1246,10,ITI,ITI2,10,Umbria,Umbria,882015,735668,83.41,0.4
2230,2021-04-05,UMB,4251,1729,2522,2182,2057,12,ITI,ITI2,10,Umbria,Umbria,882015,739919,83.89,0.48
2231,2021-02-07,UMB,55,17,38,1,54,0,ITI,ITI2,10,Umbria,Umbria,882015,739974,83.9,0.01
2232,2021-07-14,UMB,6208,3011,3197,1634,4264,310,ITI,ITI2,10,Umbria,Umbria,882015,746182,84.6,0.7
2233,2021-08-01,UMB,3027,1533,1494,1331,1650,46,ITI,ITI2,10,Umbria,Umbria,882015,749209,84.94,0.34
2234,2021-07-18,UMB,7853,4063,3790,273,7553,27,ITI,ITI2,10,Umbria,Umbria,882015,757062,85.83,0.89
2235,2021-04-29,UMB,5240,2261,2979,2806,2343,91,ITI,ITI2,10,Umbria,Umbria,882015,762302,86.43,0.59
2236,2021-03-24,UMB,4108,1794,2314,2746,1323,39,ITI,ITI2,10,Umbria,Umbria,882015,766410,86.89,0.47
2237,2021-07-02,UMB,8757,4330,4427,2967,5609,181,ITI,ITI2,10,Umbria,Umbria,882015,775167,87.89,0.99
2238,2021-04-10,UMB,7405,3482,3923,7184,86,135,ITI,ITI2,10,Umbria,Umbria,882015,782572,88.73,0.84
2239,2021-01-17,UMB,55,17,38,55,0,0,ITI,ITI2,10,Umbria,Umbria,882015,782627,88.73,0.01
2240,2020-12-31,UMB,322,127,195,322,0,0,ITI,ITI2,10,Umbria,Umbria,882015,782949,88.77,0.04
2241,2021-05-13,UMB,5945,2671,3274,3731,2085,129,ITI,ITI2,10,Umbria,Umbria,882015,788894,89.44,0.67
2242,2021-08-21,UMB,2790,1465,1325,1610,1115,65,ITI,ITI2,10,Umbria,Umbria,882015,791684,89.76,0.32
2243,2021-02-19,UMB,743,293,450,525,217,1,ITI,ITI2,10,Umbria,Umbria,882015,792427,89.84,0.08
2244,2021-08-04,UMB,10673,5542,5131,3312,7195,166,ITI,ITI2,10,Umbria,Umbria,882015,803100,91.05,1.21
2245,2021-09-16,UMB,4336,2266,2070,650,3634,52,ITI,ITI2,10,Umbria,Umbria,882015,807436,91.54,0.49
2246,2021-06-27,UMB,7480,3738,3742,1730,5672,78,ITI,ITI2,10,Umbria,Umbria,882015,814916,92.39,0.85
2247,2021-03-14,UMB,66,48,18,66,0,0,ITI,ITI2,10,Umbria,Umbria,882015,814982,92.4,0.01
2248,2021-06-22,UMB,8092,4105,3987,5146,2801,145,ITI,ITI2,10,Umbria,Umbria,882015,823074,93.32,0.92
2249,2021-03-12,UMB,2695,1082,1613,2191,496,8,ITI,ITI2,10,Umbria,Umbria,882015,825769,93.62,0.31
2250,2021-01-26,UMB,816,390,426,17,799,0,ITI,ITI2,10,Umbria,Umbria,882015,826585,93.72,0.09
2251,2021-02-12,UMB,674,224,450,668,6,0,ITI,ITI2,10,Umbria,Umbria,882015,827259,93.79,0.08
2252,2021-02-26,UMB,660,253,407,650,8,2,ITI,ITI2,10,Umbria,Umbria,882015,827919,93.87,0.07
2253,2021-05-06,UMB,9474,4326,5148,6028,3316,130,ITI,ITI2,10,Umbria,Umbria,882015,837393,94.94,1.07
2254,2021-06-15,UMB,5992,3017,2975,3798,2075,119,ITI,ITI2,10,Umbria,Umbria,882015,843385,95.62,0.68
2255,2021-06-17,UMB,6980,3545,3435,4752,2082,146,ITI,ITI2,10,Umbria,Umbria,882015,850365,96.41,0.79
2256,2021-03-26,UMB,4602,1721,2881,4345,173,84,ITI,ITI2,10,Umbria,Umbria,882015,854967,96.93,0.52
2257,2021-01-02,UMB,304,111,193,304,0,0,ITI,ITI2,10,Umbria,Umbria,882015,855271,96.97,0.03
2258,2021-06-05,UMB,8232,3777,4455,5416,2655,161,ITI,ITI2,10,Umbria,Umbria,882015,863503,97.9,0.93
2259,2021-09-13,UMB,2453,1235,1218,316,2114,23,ITI,ITI2,10,Umbria,Umbria,882015,865956,98.18,0.28
2260,2021-08-23,UMB,5290,2820,2470,1543,3662,85,ITI,ITI2,10,Umbria,Umbria,882015,871246,98.78,0.6
2261,2021-09-09,UMB,5452,2836,2616,1037,4363,52,ITI,ITI2,10,Umbria,Umbria,882015,876698,99.4,0.62
2262,2021-06-01,UMB,4390,2090,2300,4162,156,72,ITI,ITI2,10,Umbria,Umbria,882015,881088,99.89,0.5
2263,2021-03-10,UMB,4033,1944,2089,2761,1257,15,ITI,ITI2,10,Umbria,Umbria,882015,885121,100.35,0.46
2264,2021-08-11,UMB,7622,4086,3536,3719,3717,186,ITI,ITI2,10,Umbria,Umbria,882015,892743,101.22,0.86
2265,2021-06-06,UMB,7610,3906,3704,6790,694,126,ITI,ITI2,10,Umbria,Umbria,882015,900353,102.08,0.86
2266,2021-02-24,UMB,1521,564,957,1506,15,0,ITI,ITI2,10,Umbria,Umbria,882015,901874,102.25,0.17
2267,2021-07-28,UMB,8243,4337,3906,2973,5157,113,ITI,ITI2,10,Umbria,Umbria,882015,910117,103.19,0.93
2268,2021-02-11,UMB,839,348,491,834,5,0,ITI,ITI2,10,Umbria,Umbria,882015,910956,103.28,0.1
2269,2021-05-22,UMB,6985,2762,4223,2603,4333,49,ITI,ITI2,10,Umbria,Umbria,882015,917941,104.07,0.79
2270,2021-07-11,UMB,5875,2967,2908,89,5785,1,ITI,ITI2,10,Umbria,Umbria,882015,923816,104.74,0.67
2271,2021-04-02,UMB,4349,1782,2567,3548,756,45,ITI,ITI2,10,Umbria,Umbria,882015,928165,105.23,0.49
2272,2021-03-21,UMB,676,338,338,673,0,3,ITI,ITI2,10,Umbria,Umbria,882015,928841,105.31,0.08
2273,2021-08-25,UMB,4290,2233,2057,1543,2666,81,ITI,ITI2,10,Umbria,Umbria,882015,933131,105.8,0.49
2274,2021-06-29,UMB,9975,5083,4892,4112,5703,160,ITI,ITI2,10,Umbria,Umbria,882015,943106,106.93,1.13
2275,2021-05-17,UMB,6379,3068,3311,4113,2180,86,ITI,ITI2,10,Umbria,Umbria,882015,949485,107.65,0.72
2276,2021-01-14,UMB,725,192,533,725,0,0,ITI,ITI2,10,Umbria,Umbria,882015,950210,107.73,0.08
2277,2021-03-19,UMB,1744,566,1178,1083,656,5,ITI,ITI2,10,Umbria,Umbria,882015,951954,107.93,0.2
2278,2021-03-07,UMB,846,180,666,838,7,1,ITI,ITI2,10,Umbria,Umbria,882015,952800,108.03,0.1
2279,2021-09-08,UMB,4616,2472,2144,987,3557,72,ITI,ITI2,10,Umbria,Umbria,882015,957416,108.55,0.52
2280,2021-05-29,UMB,7862,3614,4248,6177,1571,114,ITI,ITI2,10,Umbria,Umbria,882015,965278,109.44,0.89
2281,2021-09-01,UMB,4600,2371,2229,1136,3405,59,ITI,ITI2,10,Umbria,Umbria,882015,969878,109.96,0.52
2282,2021-06-10,UMB,7569,3769,3800,6464,791,314,ITI,ITI2,10,Umbria,Umbria,882015,977447,110.82,0.86
2283,2021-08-13,UMB,6974,3870,3104,4246,2526,202,ITI,ITI2,10,Umbria,Umbria,882015,984421,111.61,0.79
2284,2021-09-06,UMB,4577,2385,2192,894,3645,38,ITI,ITI2,10,Umbria,Umbria,882015,988998,112.13,0.52
2285,2021-07-25,UMB,7310,3852,3458,1167,6099,44,ITI,ITI2,10,Umbria,Umbria,882015,996308,112.96,0.83
2286,2021-01-16,UMB,204,61,143,203,0,1,ITI,ITI2,10,Umbria,Umbria,882015,996512,112.98,0.02
2287,2021-02-02,UMB,945,272,673,32,913,0,ITI,ITI2,10,Umbria,Umbria,882015,997457,113.09,0.11
2288,2021-04-26,UMB,5402,2342,3060,3105,2255,42,ITI,ITI2,10,Umbria,Umbria,882015,1002859,113.7,0.61
2289,2021-04-09,UMB,6750,3130,3620,6412,216,122,ITI,ITI2,10,Umbria,Umbria,882015,1009609,114.47,0.77
2290,2021-04-28,UMB,5394,2332,3062,2939,2398,57,ITI,ITI2,10,Umbria,Umbria,882015,1015003,115.08,0.61
2291,2021-08-06,UMB,8240,4309,3931,3330,4822,88,ITI,ITI2,10,Umbria,Umbria,882015,1023243,116.01,0.93
2292,2021-02-04,UMB,736,226,510,26,710,0,ITI,ITI2,10,Umbria,Umbria,882015,1023979,116.1,0.08
2293,2021-05-15,UMB,4998,1886,3112,1766,3168,64,ITI,ITI2,10,Umbria,Umbria,882015,1028977,116.66,0.57
2294,2021-02-21,UMB,1,0,1,1,0,0,ITI,ITI2,10,Umbria,Umbria,882015,1028978,116.66,0.0
2295,2021-08-18,UMB,4708,2464,2244,3443,1146,119,ITI,ITI2,10,Umbria,Umbria,882015,1033686,117.2,0.53
2296,2021-07-06,UMB,8600,4093,4507,149,8428,23,ITI,ITI2,10,Umbria,Umbria,882015,1042286,118.17,0.98
2297,2021-05-10,UMB,6012,2814,3198,3743,2152,117,ITI,ITI2,10,Umbria,Umbria,882015,1048298,118.85,0.68
2298,2021-05-08,UMB,8163,3749,4414,4806,3251,106,ITI,ITI2,10,Umbria,Umbria,882015,1056461,119.78,0.93
2299,2021-01-28,UMB,1248,394,854,18,1230,0,ITI,ITI2,10,Umbria,Umbria,882015,1057709,119.92,0.14
2300,2021-05-03,UMB,5092,2273,2819,2100,2888,104,ITI,ITI2,10,Umbria,Umbria,882015,1062801,120.5,0.58
2301,2021-01-23,UMB,280,100,180,2,278,0,ITI,ITI2,10,Umbria,Umbria,882015,1063081,120.53,0.03
2302,2021-01-21,UMB,609,203,406,339,269,1,ITI,ITI2,10,Umbria,Umbria,882015,1063690,120.6,0.07
2303,2021-08-20,UMB,4348,2316,2032,2921,1281,146,ITI,ITI2,10,Umbria,Umbria,882015,1068038,121.09,0.49
2304,2021-07-13,UMB,4237,2006,2231,78,4151,8,ITI,ITI2,10,Umbria,Umbria,882015,1072275,121.57,0.48
2305,2021-04-21,UMB,5332,2320,3012,3061,2232,39,ITI,ITI2,10,Umbria,Umbria,882015,1077607,122.18,0.6
2306,2021-07-30,UMB,6219,3243,2976,3185,2913,121,ITI,ITI2,10,Umbria,Umbria,882015,1083826,122.88,0.71
2307,2021-03-02,UMB,3646,1346,2300,3637,6,3,ITI,ITI2,10,Umbria,Umbria,882015,1087472,123.29,0.41
2308,2021-06-24,UMB,10267,5168,5099,6025,4013,229,ITI,ITI2,10,Umbria,Umbria,882015,1097739,124.46,1.16
2309,2021-01-09,UMB,1718,495,1223,1718,0,0,ITI,ITI2,10,Umbria,Umbria,882015,1099457,124.65,0.19
2310,2021-04-19,UMB,5038,2228,2810,2931,2048,59,ITI,ITI2,10,Umbria,Umbria,882015,1104495,125.22,0.57
2311,2021-08-17,UMB,3666,1909,1757,2489,1088,89,ITI,ITI2,10,Umbria,Umbria,882015,1108161,125.64,0.42
2312,2021-06-21,UMB,7553,3953,3600,5069,2338,146,ITI,ITI2,10,Umbria,Umbria,882015,1115714,126.5,0.86
2313,2021-03-06,UMB,4308,1149,3159,4136,138,34,ITI,ITI2,10,Umbria,Umbria,882015,1120022,126.98,0.49
2314,2021-01-22,UMB,276,105,171,32,244,0,ITI,ITI2,10,Umbria,Umbria,882015,1120298,127.02,0.03
2315,2021-06-28,UMB,9831,4844,4987,3712,5990,129,ITI,ITI2,10,Umbria,Umbria,882015,1130129,128.13,1.11
2316,2021-05-02,UMB,3782,1867,1915,1298,2455,29,ITI,ITI2,10,Umbria,Umbria,882015,1133911,128.56,0.43
2317,2021-03-20,UMB,2320,845,1475,2290,25,5,ITI,ITI2,10,Umbria,Umbria,882015,1136231,128.82,0.26
2318,2021-03-13,UMB,1735,524,1211,1486,249,0,ITI,ITI2,10,Umbria,Umbria,882015,1137966,129.02,0.2
2319,2021-01-15,UMB,698,213,485,698,0,0,ITI,ITI2,10,Umbria,Umbria,882015,1138664,129.1,0.08
2320,2021-01-29,UMB,1240,350,890,79,1161,0,ITI,ITI2,10,Umbria,Umbria,882015,1139904,129.24,0.14
2321,2021-05-09,UMB,5764,2756,3008,5253,391,120,ITI,ITI2,10,Umbria,Umbria,882015,1145668,129.89,0.65
2322,2021-09-04,UMB,3436,1777,1659,1099,2275,62,ITI,ITI2,10,Umbria,Umbria,882015,1149104,130.28,0.39
2323,2021-07-09,UMB,9569,4631,4938,128,9417,24,ITI,ITI2,10,Umbria,Umbria,882015,1158673,131.37,1.08
2324,2021-07-23,UMB,10670,5454,5216,1334,9230,106,ITI,ITI2,10,Umbria,Umbria,882015,1169343,132.58,1.21
2325,2021-08-28,UMB,2770,1429,1341,1357,1342,71,ITI,ITI2,10,Umbria,Umbria,882015,1172113,132.89,0.31
2326,2021-07-16,UMB,9631,4899,4732,665,8887,79,ITI,ITI2,10,Umbria,Umbria,882015,1181744,133.98,1.09
2327,2021-05-20,UMB,9873,4610,5263,6105,3658,110,ITI,ITI2,10,Umbria,Umbria,882015,1191617,135.1,1.12
2328,2021-09-11,UMB,3385,1870,1515,641,2701,43,ITI,ITI2,10,Umbria,Umbria,882015,1195002,135.49,0.38
2329,2021-03-31,UMB,3901,1731,2170,2183,1686,32,ITI,ITI2,10,Umbria,Umbria,882015,1198903,135.93,0.44
2330,2021-02-16,UMB,1308,655,653,1299,9,0,ITI,ITI2,10,Umbria,Umbria,882015,1200211,136.08,0.15
2331,2021-05-27,UMB,9983,4871,5112,8475,1325,183,ITI,ITI2,10,Umbria,Umbria,882015,1210194,137.21,1.13
2332,2021-01-04,UMB,810,397,413,810,0,0,ITI,ITI2,10,Umbria,Umbria,882015,1211004,137.3,0.09
2333,2021-04-14,UMB,8159,3682,4477,6100,1980,79,ITI,ITI2,10,Umbria,Umbria,882015,1219163,138.22,0.93
2334,2021-06-03,UMB,9052,4474,4578,8585,290,177,ITI,ITI2,10,Umbria,Umbria,882015,1228215,139.25,1.03
2335,2021-04-07,UMB,5627,2305,3322,3534,2006,87,ITI,ITI2,10,Umbria,Umbria,882015,1233842,139.89,0.64
2336,2021-02-23,UMB,1691,657,1034,1648,42,1,ITI,ITI2,10,Umbria,Umbria,882015,1235533,140.08,0.19
2337,2021-03-24,MAR,7098,3019,4079,3309,3716,73,ITI,ITI3,11,Marche,Marche,1525271,7098,0.47,0.47
2338,2021-06-01,MAR,12056,6158,5898,9680,2090,286,ITI,ITI3,11,Marche,Marche,1525271,19154,1.26,0.79
2339,2021-03-10,MAR,5711,2442,3269,4477,1180,54,ITI,ITI3,11,Marche,Marche,1525271,24865,1.63,0.37
2340,2021-02-21,MAR,376,141,235,363,1,12,ITI,ITI3,11,Marche,Marche,1525271,25241,1.65,0.02
2341,2021-09-06,MAR,6374,3388,2986,1770,4391,213,ITI,ITI3,11,Marche,Marche,1525271,31615,2.07,0.42
2342,2021-05-27,MAR,13733,6818,6915,9180,4301,252,ITI,ITI3,11,Marche,Marche,1525271,45348,2.97,0.9
2343,2021-03-31,MAR,7375,3088,4287,4262,3025,88,ITI,ITI3,11,Marche,Marche,1525271,52723,3.46,0.48
2344,2021-09-04,MAR,5449,2976,2473,1640,3625,184,ITI,ITI3,11,Marche,Marche,1525271,58172,3.81,0.36
2345,2021-04-05,MAR,5703,2367,3336,4352,1269,82,ITI,ITI3,11,Marche,Marche,1525271,63875,4.19,0.37
2346,2021-06-27,MAR,9950,4819,5131,4486,5293,171,ITI,ITI3,11,Marche,Marche,1525271,73825,4.84,0.65
2347,2021-03-19,MAR,3881,1621,2260,325,3544,12,ITI,ITI3,11,Marche,Marche,1525271,77706,5.09,0.25
2348,2021-01-26,MAR,2021,747,1274,69,1943,9,ITI,ITI3,11,Marche,Marche,1525271,79727,5.23,0.13
2349,2021-07-11,MAR,10399,5220,5179,1605,8657,137,ITI,ITI3,11,Marche,Marche,1525271,90126,5.91,0.68
2350,2021-04-19,MAR,9609,4503,5106,7897,1588,124,ITI,ITI3,11,Marche,Marche,1525271,99735,6.54,0.63
2351,2021-07-28,MAR,14198,7369,6829,3249,10717,232,ITI,ITI3,11,Marche,Marche,1525271,113933,7.47,0.93
2352,2021-08-11,MAR,7572,4099,3473,3170,4165,237,ITI,ITI3,11,Marche,Marche,1525271,121505,7.97,0.5
2353,2021-06-15,MAR,13199,6574,6625,9827,3052,320,ITI,ITI3,11,Marche,Marche,1525271,134704,8.83,0.87
2354,2021-01-12,MAR,1237,418,819,1224,0,13,ITI,ITI3,11,Marche,Marche,1525271,135941,8.91,0.08
2355,2021-06-22,MAR,13219,6482,6737,6475,6461,283,ITI,ITI3,11,Marche,Marche,1525271,149160,9.78,0.87
2356,2021-05-20,MAR,12686,5962,6724,7537,4898,251,ITI,ITI3,11,Marche,Marche,1525271,161846,10.61,0.83
2357,2021-02-07,MAR,1872,735,1137,331,1529,12,ITI,ITI3,11,Marche,Marche,1525271,163718,10.73,0.12
2358,2021-01-21,MAR,922,262,660,577,328,17,ITI,ITI3,11,Marche,Marche,1525271,164640,10.79,0.06
2359,2021-05-01,MAR,9328,3927,5401,3500,5751,77,ITI,ITI3,11,Marche,Marche,1525271,173968,11.41,0.61
2360,2021-08-06,MAR,11704,6353,5351,4143,7279,282,ITI,ITI3,11,Marche,Marche,1525271,185672,12.17,0.77
2361,2021-05-15,MAR,14119,6442,7677,7826,6045,248,ITI,ITI3,11,Marche,Marche,1525271,199791,13.1,0.93
2362,2021-08-23,MAR,6196,3341,2855,2278,3650,268,ITI,ITI3,11,Marche,Marche,1525271,205987,13.5,0.41
2363,2021-02-19,MAR,2002,739,1263,1826,135,41,ITI,ITI3,11,Marche,Marche,1525271,207989,13.64,0.13
2364,2021-01-19,MAR,233,87,146,140,90,3,ITI,ITI3,11,Marche,Marche,1525271,208222,13.65,0.02
2365,2021-02-02,MAR,1193,398,795,70,1123,0,ITI,ITI3,11,Marche,Marche,1525271,209415,13.73,0.08
2366,2021-05-13,MAR,12613,5698,6915,6822,5508,283,ITI,ITI3,11,Marche,Marche,1525271,222028,14.56,0.83
2367,2021-04-12,MAR,8572,3774,4798,7932,482,158,ITI,ITI3,11,Marche,Marche,1525271,230600,15.12,0.56
2368,2021-01-02,MAR,458,143,315,456,0,2,ITI,ITI3,11,Marche,Marche,1525271,231058,15.15,0.03
2369,2021-07-09,MAR,14903,7502,7401,2557,12132,214,ITI,ITI3,11,Marche,Marche,1525271,245961,16.13,0.98
2370,2021-09-13,MAR,8066,4276,3790,2046,5777,243,ITI,ITI3,11,Marche,Marche,1525271,254027,16.65,0.53
2371,2021-03-29,MAR,5898,2583,3315,3391,2458,49,ITI,ITI3,11,Marche,Marche,1525271,259925,17.04,0.39
2372,2021-06-03,MAR,14638,7483,7155,12081,2252,305,ITI,ITI3,11,Marche,Marche,1525271,274563,18.0,0.96
2373,2021-03-17,MAR,3477,1525,1952,105,3370,2,ITI,ITI3,11,Marche,Marche,1525271,278040,18.23,0.23
2374,2021-08-30,MAR,5677,2841,2836,2358,3049,270,ITI,ITI3,11,Marche,Marche,1525271,283717,18.6,0.37
2375,2021-02-28,MAR,2837,1251,1586,2823,6,8,ITI,ITI3,11,Marche,Marche,1525271,286554,18.79,0.19
2376,2021-06-08,MAR,14098,7094,7004,11195,2611,292,ITI,ITI3,11,Marche,Marche,1525271,300652,19.71,0.92
2377,2021-02-14,MAR,738,301,437,726,0,12,ITI,ITI3,11,Marche,Marche,1525271,301390,19.76,0.05
2378,2021-08-16,MAR,5165,2781,2384,2983,2022,160,ITI,ITI3,11,Marche,Marche,1525271,306555,20.1,0.34
2379,2021-05-08,MAR,12293,5486,6807,4850,7265,178,ITI,ITI3,11,Marche,Marche,1525271,318848,20.9,0.81
2380,2021-07-30,MAR,14714,7863,6851,4867,9559,288,ITI,ITI3,11,Marche,Marche,1525271,333562,21.87,0.96
2381,2021-07-23,MAR,15542,8279,7263,2527,12790,225,ITI,ITI3,11,Marche,Marche,1525271,349104,22.89,1.02
2382,2021-07-18,MAR,12125,6310,5815,1333,10674,118,ITI,ITI3,11,Marche,Marche,1525271,361229,23.68,0.79
2383,2021-01-31,MAR,1921,772,1149,93,1824,4,ITI,ITI3,11,Marche,Marche,1525271,363150,23.81,0.13
2384,2021-04-07,MAR,8875,3934,4941,8357,369,149,ITI,ITI3,11,Marche,Marche,1525271,372025,24.39,0.58
2385,2021-02-09,MAR,125,42,83,46,79,0,ITI,ITI3,11,Marche,Marche,1525271,372150,24.4,0.01
2386,2021-07-16,MAR,15839,8240,7599,1844,13737,258,ITI,ITI3,11,Marche,Marche,1525271,387989,25.44,1.04
2387,2021-04-26,MAR,9177,4063,5114,6019,3028,130,ITI,ITI3,11,Marche,Marche,1525271,397166,26.04,0.6
2388,2021-08-18,MAR,6422,3422,3000,3215,2872,335,ITI,ITI3,11,Marche,Marche,1525271,403588,26.46,0.42
2389,2021-08-04,MAR,12001,6379,5622,4058,7701,242,ITI,ITI3,11,Marche,Marche,1525271,415589,27.25,0.79
2390,2021-03-05,MAR,6225,2873,3352,4690,1469,66,ITI,ITI3,11,Marche,Marche,1525271,421814,27.66,0.41
2391,2021-01-07,MAR,1821,642,1179,1804,0,17,ITI,ITI3,11,Marche,Marche,1525271,423635,27.77,0.12
2392,2021-03-12,MAR,4681,1999,2682,3346,1280,55,ITI,ITI3,11,Marche,Marche,1525271,428316,28.08,0.31
2393,2021-01-14,MAR,2019,696,1323,1995,0,24,ITI,ITI3,11,Marche,Marche,1525271,430335,28.21,0.13
2394,2021-06-20,MAR,11162,5547,5615,5990,4989,183,ITI,ITI3,11,Marche,Marche,1525271,441497,28.95,0.73
2395,2021-07-04,MAR,10896,5445,5451,3204,7531,161,ITI,ITI3,11,Marche,Marche,1525271,452393,29.66,0.71
2396,2021-09-11,MAR,3665,1899,1766,1371,2125,169,ITI,ITI3,11,Marche,Marche,1525271,456058,29.9,0.24
2397,2020-12-31,MAR,392,184,208,390,0,2,ITI,ITI3,11,Marche,Marche,1525271,456450,29.93,0.03
2398,2021-08-25,MAR,5585,2991,2594,2725,2539,321,ITI,ITI3,11,Marche,Marche,1525271,462035,30.29,0.37
2399,2021-03-07,MAR,5180,2107,3073,4377,754,49,ITI,ITI3,11,Marche,Marche,1525271,467215,30.63,0.34
2400,2021-08-08,MAR,5637,3020,2617,1681,3845,111,ITI,ITI3,11,Marche,Marche,1525271,472852,31.0,0.37
2401,2021-07-06,MAR,13964,6921,7043,3141,10598,225,ITI,ITI3,11,Marche,Marche,1525271,486816,31.92,0.92
2402,2021-02-18,MAR,2146,787,1359,1806,288,52,ITI,ITI3,11,Marche,Marche,1525271,488962,32.06,0.14
2403,2021-05-29,MAR,12875,6239,6636,8117,4540,218,ITI,ITI3,11,Marche,Marche,1525271,501837,32.9,0.84
2404,2021-09-15,MAR,7102,3806,3296,1385,5543,174,ITI,ITI3,11,Marche,Marche,1525271,508939,33.37,0.47
2405,2021-01-09,MAR,1721,608,1113,1701,0,20,ITI,ITI3,11,Marche,Marche,1525271,510660,33.48,0.11
2406,2021-04-02,MAR,6894,2988,3906,6042,739,113,ITI,ITI3,11,Marche,Marche,1525271,517554,33.93,0.45
2407,2021-03-16,MAR,3523,1523,2000,285,3232,6,ITI,ITI3,11,Marche,Marche,1525271,521077,34.16,0.23
2408,2021-06-24,MAR,13845,6679,7166,6187,7387,271,ITI,ITI3,11,Marche,Marche,1525271,534922,35.07,0.91
2409,2021-03-02,MAR,5003,1968,3035,4370,566,67,ITI,ITI3,11,Marche,Marche,1525271,539925,35.4,0.33
2410,2021-06-10,MAR,14930,7695,7235,12573,2013,344,ITI,ITI3,11,Marche,Marche,1525271,554855,36.38,0.98
2411,2021-09-01,MAR,6204,3279,2925,2019,3952,233,ITI,ITI3,11,Marche,Marche,1525271,561059,36.78,0.41
2412,2021-08-15,MAR,225,112,113,205,13,7,ITI,ITI3,11,Marche,Marche,1525271,561284,36.8,0.01
2413,2021-05-24,MAR,11001,5194,5807,7958,2866,177,ITI,ITI3,11,Marche,Marche,1525271,572285,37.52,0.72
2414,2021-01-23,MAR,557,190,367,118,436,3,ITI,ITI3,11,Marche,Marche,1525271,572842,37.56,0.04
2415,2021-06-29,MAR,13371,6599,6772,4926,8215,230,ITI,ITI3,11,Marche,Marche,1525271,586213,38.43,0.88
2416,2021-05-03,MAR,10411,4690,5721,4857,5415,139,ITI,ITI3,11,Marche,Marche,1525271,596624,39.12,0.68
2417,2021-03-28,MAR,4128,1741,2387,2397,1693,38,ITI,ITI3,11,Marche,Marche,1525271,600752,39.39,0.27
2418,2021-01-30,MAR,1906,669,1237,24,1882,0,ITI,ITI3,11,Marche,Marche,1525271,602658,39.51,0.12
2419,2021-06-12,MAR,13783,7315,6468,12105,1346,332,ITI,ITI3,11,Marche,Marche,1525271,616441,40.42,0.9
2420,2021-04-16,MAR,10086,4705,5381,9349,526,211,ITI,ITI3,11,Marche,Marche,1525271,626527,41.08,0.66
2421,2021-07-25,MAR,9351,4933,4418,1004,8249,98,ITI,ITI3,11,Marche,Marche,1525271,635878,41.69,0.61
2422,2021-01-04,MAR,1529,574,955,1516,0,13,ITI,ITI3,11,Marche,Marche,1525271,637407,41.79,0.1
2423,2021-04-14,MAR,10220,4565,5655,9651,369,200,ITI,ITI3,11,Marche,Marche,1525271,647627,42.46,0.67
2424,2021-07-20,MAR,14396,7435,6961,1767,12454,175,ITI,ITI3,11,Marche,Marche,1525271,662023,43.4,0.94
2425,2021-01-16,MAR,2040,735,1305,1989,0,51,ITI,ITI3,11,Marche,Marche,1525271,664063,43.54,0.13
2426,2021-06-19,MAR,14697,7404,7293,7749,6683,265,ITI,ITI3,11,Marche,Marche,1525271,678760,44.5,0.96
2427,2021-05-31,MAR,11783,5945,5838,8599,2931,253,ITI,ITI3,11,Marche,Marche,1525271,690543,45.27,0.77
2428,2021-05-17,MAR,12047,5649,6398,7463,4355,229,ITI,ITI3,11,Marche,Marche,1525271,702590,46.06,0.79
2429,2021-02-04,MAR,2389,844,1545,107,2277,5,ITI,ITI3,11,Marche,Marche,1525271,704979,46.22,0.16
2430,2021-01-18,MAR,696,237,459,536,149,11,ITI,ITI3,11,Marche,Marche,1525271,705675,46.27,0.05
2431,2021-04-28,MAR,10938,4983,5955,6018,4745,175,ITI,ITI3,11,Marche,Marche,1525271,716613,46.98,0.72
2432,2021-02-16,MAR,1287,475,812,1225,30,32,ITI,ITI3,11,Marche,Marche,1525271,717900,47.07,0.08
2433,2021-02-25,MAR,3562,1465,2097,3318,181,63,ITI,ITI3,11,Marche,Marche,1525271,721462,47.3,0.23
2434,2021-08-01,MAR,7497,4049,3448,1835,5577,85,ITI,ITI3,11,Marche,Marche,1525271,728959,47.79,0.49
2435,2021-06-05,MAR,13944,7011,6933,11520,2058,366,ITI,ITI3,11,Marche,Marche,1525271,742903,48.71,0.91
2436,2021-04-23,MAR,11320,5224,6096,8097,3055,168,ITI,ITI3,11,Marche,Marche,1525271,754223,49.45,0.74
2437,2021-05-22,MAR,11941,5720,6221,7321,4449,171,ITI,ITI3,11,Marche,Marche,1525271,766164,50.23,0.78
2438,2021-02-11,MAR,1988,657,1331,1557,390,41,ITI,ITI3,11,Marche,Marche,1525271,768152,50.36,0.13
2439,2021-05-05,MAR,11696,5321,6375,5101,6433,162,ITI,ITI3,11,Marche,Marche,1525271,779848,51.13,0.77
2440,2021-08-13,MAR,6752,3759,2993,3389,3151,212,ITI,ITI3,11,Marche,Marche,1525271,786600,51.57,0.44
2441,2021-05-10,MAR,9463,4342,5121,4749,4564,150,ITI,ITI3,11,Marche,Marche,1525271,796063,52.19,0.62
2442,2021-03-14,MAR,2499,1032,1467,1896,592,11,ITI,ITI3,11,Marche,Marche,1525271,798562,52.36,0.16
2443,2021-03-21,MAR,4506,1873,2633,1612,2877,17,ITI,ITI3,11,Marche,Marche,1525271,803068,52.65,0.3
2444,2020-12-30,MAR,17,5,12,17,0,0,ITI,ITI3,11,Marche,Marche,1525271,803085,52.65,0.0
2445,2021-04-09,MAR,9570,4190,5380,9148,200,222,ITI,ITI3,11,Marche,Marche,1525271,812655,53.28,0.63
2446,2021-07-27,MAR,14371,7538,6833,3032,11112,227,ITI,ITI3,11,Marche,Marche,1525271,827026,54.22,0.94
2447,2021-03-26,MAR,6395,2626,3769,3475,2860,60,ITI,ITI3,11,Marche,Marche,1525271,833421,54.64,0.42
2448,2021-06-17,MAR,15206,7566,7640,8797,6111,298,ITI,ITI3,11,Marche,Marche,1525271,848627,55.64,1.0
2449,2021-03-09,MAR,5430,2293,3137,4457,881,92,ITI,ITI3,11,Marche,Marche,1525271,854057,55.99,0.36
2450,2021-09-08,MAR,7230,3781,3449,2063,4909,258,ITI,ITI3,11,Marche,Marche,1525271,861287,56.47,0.47
2451,2021-04-30,MAR,14167,6205,7962,5394,8575,198,ITI,ITI3,11,Marche,Marche,1525271,875454,57.4,0.93
2452,2021-04-11,MAR,7117,3116,4001,6681,287,149,ITI,ITI3,11,Marche,Marche,1525271,882571,57.86,0.47
2453,2021-02-23,MAR,3314,1432,1882,3243,56,15,ITI,ITI3,11,Marche,Marche,1525271,885885,58.08,0.22
2454,2021-01-15,MAR,1773,500,1273,1755,0,18,ITI,ITI3,11,Marche,Marche,1525271,887658,58.2,0.12
2455,2021-04-25,MAR,8602,3996,4606,6891,1578,133,ITI,ITI3,11,Marche,Marche,1525271,896260,58.76,0.56
2456,2021-08-03,MAR,10878,5736,5142,4030,6581,267,ITI,ITI3,11,Marche,Marche,1525271,907138,59.47,0.71
2457,2021-08-12,MAR,8022,4332,3690,3892,3769,361,ITI,ITI3,11,Marche,Marche,1525271,915160,60.0,0.53
2458,2021-01-13,MAR,2114,747,1367,2073,0,41,ITI,ITI3,11,Marche,Marche,1525271,917274,60.14,0.14
2459,2021-05-02,MAR,8905,3940,4965,3078,5742,85,ITI,ITI3,11,Marche,Marche,1525271,926179,60.72,0.58
2460,2021-08-10,MAR,9202,4815,4387,3335,5592,275,ITI,ITI3,11,Marche,Marche,1525271,935381,61.33,0.6
2461,2021-06-28,MAR,12363,6026,6337,4616,7510,237,ITI,ITI3,11,Marche,Marche,1525271,947744,62.14,0.81
2462,2021-02-06,MAR,2464,902,1562,512,1943,9,ITI,ITI3,11,Marche,Marche,1525271,950208,62.3,0.16
2463,2021-07-17,MAR,15140,7793,7347,1383,13545,212,ITI,ITI3,11,Marche,Marche,1525271,965348,63.29,0.99
2464,2021-05-21,MAR,13909,6594,7315,7225,6472,212,ITI,ITI3,11,Marche,Marche,1525271,979257,64.2,0.91
2465,2021-09-12,MAR,250,127,123,171,47,32,ITI,ITI3,11,Marche,Marche,1525271,979507,64.22,0.02
2466,2021-08-29,MAR,453,255,198,245,182,26,ITI,ITI3,11,Marche,Marche,1525271,979960,64.25,0.03
2467,2021-01-06,MAR,2216,804,1412,2197,0,19,ITI,ITI3,11,Marche,Marche,1525271,982176,64.39,0.15
2468,2021-03-04,MAR,6539,2894,3645,5080,1395,64,ITI,ITI3,11,Marche,Marche,1525271,988715,64.82,0.43
2469,2021-03-13,MAR,5808,2681,3127,1764,4003,41,ITI,ITI3,11,Marche,Marche,1525271,994523,65.2,0.38
2470,2021-08-17,MAR,7595,4040,3555,3086,4285,224,ITI,ITI3,11,Marche,Marche,1525271,1002118,65.7,0.5
2471,2021-06-21,MAR,12608,6184,6424,5480,6881,247,ITI,ITI3,11,Marche,Marche,1525271,1014726,66.53,0.83
2472,2021-05-09,MAR,8866,4022,4844,3559,5230,77,ITI,ITI3,11,Marche,Marche,1525271,1023592,67.11,0.58
2473,2021-05-07,MAR,12838,5803,7035,3550,9186,102,ITI,ITI3,11,Marche,Marche,1525271,1036430,67.95,0.84
2474,2021-02-13,MAR,1093,462,631,987,82,24,ITI,ITI3,11,Marche,Marche,1525271,1037523,68.02,0.07
2475,2021-01-11,MAR,1183,413,770,1165,0,18,ITI,ITI3,11,Marche,Marche,1525271,1038706,68.1,0.08
2476,2021-04-21,MAR,10788,4969,5819,9423,1196,169,ITI,ITI3,11,Marche,Marche,1525271,1049494,68.81,0.71
2477,2021-01-28,MAR,2091,726,1365,158,1932,1,ITI,ITI3,11,Marche,Marche,1525271,1051585,68.94,0.14
2478,2021-04-04,MAR,3835,1797,2038,2614,1169,52,ITI,ITI3,11,Marche,Marche,1525271,1055420,69.2,0.25
2479,2021-07-13,MAR,14853,7278,7575,1456,13268,129,ITI,ITI3,11,Marche,Marche,1525271,1070273,70.17,0.97
2480,2021-07-22,MAR,15746,8048,7698,2017,13487,242,ITI,ITI3,11,Marche,Marche,1525271,1086019,71.2,1.03
2481,2021-04-13,MAR,9839,4261,5578,9393,234,212,ITI,ITI3,11,Marche,Marche,1525271,1095858,71.85,0.65
2482,2021-07-05,MAR,13167,6510,6657,2918,10077,172,ITI,ITI3,11,Marche,Marche,1525271,1109025,72.71,0.86
2483,2021-06-16,MAR,13756,6913,6843,9126,4365,265,ITI,ITI3,11,Marche,Marche,1525271,1122781,73.61,0.9
2484,2021-05-28,MAR,13963,6741,7222,8801,4864,298,ITI,ITI3,11,Marche,Marche,1525271,1136744,74.53,0.92
2485,2021-04-01,MAR,7580,3187,4393,4064,3419,97,ITI,ITI3,11,Marche,Marche,1525271,1144324,75.02,0.5
2486,2021-09-05,MAR,194,99,95,131,37,26,ITI,ITI3,11,Marche,Marche,1525271,1144518,75.04,0.01
2487,2021-07-24,MAR,13280,7119,6161,2944,10077,259,ITI,ITI3,11,Marche,Marche,1525271,1157798,75.91,0.87
2488,2021-07-10,MAR,14161,7233,6928,1656,12302,203,ITI,ITI3,11,Marche,Marche,1525271,1171959,76.84,0.93
2489,2021-04-22,MAR,10798,4931,5867,9078,1579,141,ITI,ITI3,11,Marche,Marche,1525271,1182757,77.54,0.71
2490,2021-02-24,MAR,3534,1547,1987,3424,78,32,ITI,ITI3,11,Marche,Marche,1525271,1186291,77.78,0.23
2491,2021-06-04,MAR,14339,7290,7049,11588,2441,310,ITI,ITI3,11,Marche,Marche,1525271,1200630,78.72,0.94
2492,2021-04-08,MAR,9490,4157,5333,8959,370,161,ITI,ITI3,11,Marche,Marche,1525271,1210120,79.34,0.62
2493,2021-01-27,MAR,2119,778,1341,113,2004,2,ITI,ITI3,11,Marche,Marche,1525271,1212239,79.48,0.14
2494,2021-04-20,MAR,10756,5030,5726,9147,1472,137,ITI,ITI3,11,Marche,Marche,1525271,1222995,80.18,0.71
2495,2021-07-29,MAR,14846,7880,6966,4579,9955,312,ITI,ITI3,11,Marche,Marche,1525271,1237841,81.16,0.97
2496,2021-01-25,MAR,1597,559,1038,90,1507,0,ITI,ITI3,11,Marche,Marche,1525271,1239438,81.26,0.1
2497,2021-01-08,MAR,1583,592,991,1568,0,15,ITI,ITI3,11,Marche,Marche,1525271,1241021,81.36,0.1
2498,2021-04-18,MAR,8824,4131,4693,7728,921,175,ITI,ITI3,11,Marche,Marche,1525271,1249845,81.94,0.58
2499,2021-08-31,MAR,4830,2562,2268,2014,2587,229,ITI,ITI3,11,Marche,Marche,1525271,1254675,82.26,0.32
2500,2021-06-09,MAR,14279,7417,6862,12108,1869,302,ITI,ITI3,11,Marche,Marche,1525271,1268954,83.2,0.94
2501,2021-09-17,MAR,6470,3594,2876,1303,5033,134,ITI,ITI3,11,Marche,Marche,1525271,1275424,83.62,0.42
2502,2021-06-07,MAR,13322,6589,6733,10569,2450,303,ITI,ITI3,11,Marche,Marche,1525271,1288746,84.49,0.87
2503,2021-02-27,MAR,3401,1457,1944,3158,209,34,ITI,ITI3,11,Marche,Marche,1525271,1292147,84.72,0.22
2504,2021-03-11,MAR,6636,2824,3812,5145,1412,79,ITI,ITI3,11,Marche,Marche,1525271,1298783,85.15,0.44
2505,2021-03-25,MAR,6705,2795,3910,3186,3458,61,ITI,ITI3,11,Marche,Marche,1525271,1305488,85.59,0.44
2506,2021-07-03,MAR,13843,6991,6852,4136,9395,312,ITI,ITI3,11,Marche,Marche,1525271,1319331,86.5,0.91
2507,2021-02-20,MAR,4163,1732,2431,4042,111,10,ITI,ITI3,11,Marche,Marche,1525271,1323494,86.77,0.27
2508,2021-03-22,MAR,5705,2414,3291,2479,3179,47,ITI,ITI3,11,Marche,Marche,1525271,1329199,87.15,0.37
2509,2021-01-24,MAR,881,339,542,3,878,0,ITI,ITI3,11,Marche,Marche,1525271,1330080,87.2,0.06
2510,2021-06-30,MAR,13649,6663,6986,4451,8986,212,ITI,ITI3,11,Marche,Marche,1525271,1343729,88.1,0.89
2511,2021-06-02,MAR,11903,5939,5964,11028,679,196,ITI,ITI3,11,Marche,Marche,1525271,1355632,88.88,0.78
2512,2021-09-10,MAR,7565,4074,3491,2069,5195,301,ITI,ITI3,11,Marche,Marche,1525271,1363197,89.37,0.5
2513,2021-02-22,MAR,3461,1532,1929,3351,75,35,ITI,ITI3,11,Marche,Marche,1525271,1366658,89.6,0.23
2514,2021-08-24,MAR,6439,3401,3038,3298,2759,382,ITI,ITI3,11,Marche,Marche,1525271,1373097,90.02,0.42
2515,2021-08-05,MAR,11905,6393,5512,4078,7560,267,ITI,ITI3,11,Marche,Marche,1525271,1385002,90.8,0.78
2516,2021-07-31,MAR,13203,7250,5953,5142,7731,330,ITI,ITI3,11,Marche,Marche,1525271,1398205,91.67,0.87
2517,2021-07-14,MAR,13852,6819,7033,1785,11875,192,ITI,ITI3,11,Marche,Marche,1525271,1412057,92.58,0.91
2518,2021-03-03,MAR,6700,3076,3624,5716,885,99,ITI,ITI3,11,Marche,Marche,1525271,1418757,93.02,0.44
2519,2021-01-05,MAR,1589,594,995,1570,0,19,ITI,ITI3,11,Marche,Marche,1525271,1420346,93.12,0.1
2520,2021-04-15,MAR,10379,4676,5703,9572,563,244,ITI,ITI3,11,Marche,Marche,1525271,1430725,93.8,0.68
2521,2021-03-18,MAR,3440,1507,1933,149,3279,12,ITI,ITI3,11,Marche,Marche,1525271,1434165,94.03,0.23
2522,2021-06-26,MAR,13577,6906,6671,5688,7672,217,ITI,ITI3,11,Marche,Marche,1525271,1447742,94.92,0.89
2523,2021-05-23,MAR,9210,4284,4926,7414,1672,124,ITI,ITI3,11,Marche,Marche,1525271,1456952,95.52,0.6
2524,2021-03-06,MAR,5739,2642,3097,4419,1268,52,ITI,ITI3,11,Marche,Marche,1525271,1462691,95.9,0.38
2525,2021-06-14,MAR,12838,6486,6352,9256,3310,272,ITI,ITI3,11,Marche,Marche,1525271,1475529,96.74,0.84
2526,2021-08-22,MAR,109,60,49,75,26,8,ITI,ITI3,11,Marche,Marche,1525271,1475638,96.75,0.01
2527,2021-01-20,MAR,406,100,306,384,20,2,ITI,ITI3,11,Marche,Marche,1525271,1476044,96.77,0.03
2528,2021-02-03,MAR,2129,743,1386,97,2011,21,ITI,ITI3,11,Marche,Marche,1525271,1478173,96.91,0.14
2529,2021-05-14,MAR,13638,6294,7344,6505,6915,218,ITI,ITI3,11,Marche,Marche,1525271,1491811,97.81,0.89
2530,2021-07-02,MAR,14555,7179,7376,4676,9648,231,ITI,ITI3,11,Marche,Marche,1525271,1506366,98.76,0.95
2531,2021-06-18,MAR,15347,7648,7699,8294,6753,300,ITI,ITI3,11,Marche,Marche,1525271,1521713,99.77,1.01
2532,2021-09-09,MAR,6465,3467,2998,1913,4313,239,ITI,ITI3,11,Marche,Marche,1525271,1528178,100.19,0.42
2533,2021-08-07,MAR,9454,5194,4260,3474,5742,238,ITI,ITI3,11,Marche,Marche,1525271,1537632,100.81,0.62
2534,2021-07-21,MAR,14920,7617,7303,2064,12643,213,ITI,ITI3,11,Marche,Marche,1525271,1552552,101.79,0.98
2535,2021-04-29,MAR,13452,6159,7293,7160,6108,184,ITI,ITI3,11,Marche,Marche,1525271,1566004,102.67,0.88
2536,2021-05-04,MAR,10974,4840,6134,4926,5905,143,ITI,ITI3,11,Marche,Marche,1525271,1576978,103.39,0.72
2537,2021-03-20,MAR,4178,1759,2419,1034,3129,15,ITI,ITI3,11,Marche,Marche,1525271,1581156,103.66,0.27
2538,2021-01-22,MAR,489,168,321,193,294,2,ITI,ITI3,11,Marche,Marche,1525271,1581645,103.7,0.03
2539,2021-07-07,MAR,14259,7068,7191,2933,11083,243,ITI,ITI3,11,Marche,Marche,1525271,1595904,104.63,0.93
2540,2021-01-10,MAR,1746,702,1044,1732,0,14,ITI,ITI3,11,Marche,Marche,1525271,1597650,104.75,0.11
2541,2021-07-12,MAR,13726,6806,6920,1230,12378,118,ITI,ITI3,11,Marche,Marche,1525271,1611376,105.65,0.9
2542,2021-04-03,MAR,7577,3204,4373,6736,667,174,ITI,ITI3,11,Marche,Marche,1525271,1618953,106.14,0.5
2543,2021-09-16,MAR,6091,3274,2817,1294,4643,154,ITI,ITI3,11,Marche,Marche,1525271,1625044,106.54,0.4
2544,2021-06-25,MAR,14345,7171,7174,6419,7637,289,ITI,ITI3,11,Marche,Marche,1525271,1639389,107.48,0.94
2545,2021-03-27,MAR,7429,3098,4331,4958,2396,75,ITI,ITI3,11,Marche,Marche,1525271,1646818,107.97,0.49
2546,2021-04-10,MAR,10931,4626,6305,10369,314,248,ITI,ITI3,11,Marche,Marche,1525271,1657749,108.69,0.72
2547,2021-01-03,MAR,912,358,554,902,0,10,ITI,ITI3,11,Marche,Marche,1525271,1658661,108.75,0.06
2548,2021-07-19,MAR,14678,7531,7147,1925,12538,215,ITI,ITI3,11,Marche,Marche,1525271,1673339,109.71,0.96
2549,2021-03-08,MAR,6301,2762,3539,5187,1002,112,ITI,ITI3,11,Marche,Marche,1525271,1679640,110.12,0.41
2550,2021-02-17,MAR,1828,701,1127,1642,118,68,ITI,ITI3,11,Marche,Marche,1525271,1681468,110.24,0.12
2551,2021-05-06,MAR,12661,5824,6837,5356,7076,229,ITI,ITI3,11,Marche,Marche,1525271,1694129,111.07,0.83
2552,2021-02-12,MAR,1581,618,963,1404,151,26,ITI,ITI3,11,Marche,Marche,1525271,1695710,111.17,0.1
2553,2021-08-14,MAR,2402,1379,1023,1035,1318,49,ITI,ITI3,11,Marche,Marche,1525271,1698112,111.33,0.16
2554,2021-02-10,MAR,1441,452,989,1040,359,42,ITI,ITI3,11,Marche,Marche,1525271,1699553,111.43,0.09
2555,2021-06-11,MAR,14003,7156,6847,11374,2324,305,ITI,ITI3,11,Marche,Marche,1525271,1713556,112.34,0.92
2556,2021-05-25,MAR,11769,5798,5971,8497,3052,220,ITI,ITI3,11,Marche,Marche,1525271,1725325,113.12,0.77
2557,2021-09-02,MAR,6387,3402,2985,2129,4044,214,ITI,ITI3,11,Marche,Marche,1525271,1731712,113.53,0.42
2558,2021-03-01,MAR,3772,1520,2252,3503,248,21,ITI,ITI3,11,Marche,Marche,1525271,1735484,113.78,0.25
2559,2021-08-28,MAR,3146,1696,1450,1201,1801,144,ITI,ITI3,11,Marche,Marche,1525271,1738630,113.99,0.21
2560,2021-01-29,MAR,1994,731,1263,154,1835,5,ITI,ITI3,11,Marche,Marche,1525271,1740624,114.12,0.13
2561,2021-05-18,MAR,11272,5347,5925,7488,3603,181,ITI,ITI3,11,Marche,Marche,1525271,1751896,114.86,0.74
2562,2021-08-26,MAR,5681,3027,2654,2775,2546,360,ITI,ITI3,11,Marche,Marche,1525271,1757577,115.23,0.37
2563,2021-08-21,MAR,2977,1664,1313,1492,1311,174,ITI,ITI3,11,Marche,Marche,1525271,1760554,115.43,0.2
2564,2021-05-11,MAR,10624,4831,5793,5488,4943,193,ITI,ITI3,11,Marche,Marche,1525271,1771178,116.12,0.7
2565,2021-02-05,MAR,2158,655,1503,438,1719,1,ITI,ITI3,11,Marche,Marche,1525271,1773336,116.26,0.14
2566,2021-05-16,MAR,10901,4959,5942,6546,4231,124,ITI,ITI3,11,Marche,Marche,1525271,1784237,116.98,0.71
2567,2021-05-30,MAR,9736,4691,5045,6546,2993,197,ITI,ITI3,11,Marche,Marche,1525271,1793973,117.62,0.64
2568,2021-09-07,MAR,6134,3221,2913,1739,4192,203,ITI,ITI3,11,Marche,Marche,1525271,1800107,118.02,0.4
2569,2021-04-27,MAR,9595,4390,5205,5505,3992,98,ITI,ITI3,11,Marche,Marche,1525271,1809702,118.65,0.63
2570,2021-01-17,MAR,1626,696,930,1555,65,6,ITI,ITI3,11,Marche,Marche,1525271,1811328,118.75,0.11
2571,2021-03-15,MAR,4452,2061,2391,1291,3140,21,ITI,ITI3,11,Marche,Marche,1525271,1815780,119.05,0.29
2572,2021-08-19,MAR,6273,3347,2926,3490,2454,329,ITI,ITI3,11,Marche,Marche,1525271,1822053,119.46,0.41
2573,2021-06-23,MAR,13893,6818,7075,6626,7011,256,ITI,ITI3,11,Marche,Marche,1525271,1835946,120.37,0.91
2574,2021-04-24,MAR,12175,5366,6809,7558,4468,149,ITI,ITI3,11,Marche,Marche,1525271,1848121,121.17,0.8
2575,2021-02-26,MAR,3681,1523,2158,3096,480,105,ITI,ITI3,11,Marche,Marche,1525271,1851802,121.41,0.24
2576,2021-05-12,MAR,10430,4691,5739,4729,5505,196,ITI,ITI3,11,Marche,Marche,1525271,1862232,122.09,0.68
2577,2021-08-20,MAR,4964,2693,2271,2952,1687,325,ITI,ITI3,11,Marche,Marche,1525271,1867196,122.42,0.33
2578,2021-09-03,MAR,6437,3384,3053,2190,3967,280,ITI,ITI3,11,Marche,Marche,1525271,1873633,122.84,0.42
2579,2021-07-08,MAR,15040,7539,7501,2787,12027,226,ITI,ITI3,11,Marche,Marche,1525271,1888673,123.83,0.99
2580,2021-08-27,MAR,5715,3049,2666,2801,2513,401,ITI,ITI3,11,Marche,Marche,1525271,1894388,124.2,0.37
2581,2021-07-01,MAR,14697,7367,7330,4658,9761,278,ITI,ITI3,11,Marche,Marche,1525271,1909085,125.16,0.96
2582,2021-02-15,MAR,967,412,555,939,13,15,ITI,ITI3,11,Marche,Marche,1525271,1910052,125.23,0.06
2583,2021-05-26,MAR,11891,5954,5937,8450,3227,214,ITI,ITI3,11,Marche,Marche,1525271,1921943,126.01,0.78
2584,2021-03-30,MAR,7487,3080,4407,4576,2834,77,ITI,ITI3,11,Marche,Marche,1525271,1929430,126.5,0.49
2585,2021-02-01,MAR,1362,479,883,93,1266,3,ITI,ITI3,11,Marche,Marche,1525271,1930792,126.59,0.09
2586,2021-04-06,MAR,8876,3693,5183,7928,810,138,ITI,ITI3,11,Marche,Marche,1525271,1939668,127.17,0.58
2587,2021-03-23,MAR,5838,2556,3282,2223,3576,39,ITI,ITI3,11,Marche,Marche,1525271,1945506,127.55,0.38
2588,2021-02-08,MAR,834,259,575,366,463,5,ITI,ITI3,11,Marche,Marche,1525271,1946340,127.61,0.05
2589,2021-07-15,MAR,16010,8287,7723,1749,14032,229,ITI,ITI3,11,Marche,Marche,1525271,1962350,128.66,1.05
2590,2021-05-19,MAR,11671,5366,6305,8365,3102,204,ITI,ITI3,11,Marche,Marche,1525271,1974021,129.42,0.77
2591,2021-09-14,MAR,6377,3433,2944,1468,4739,170,ITI,ITI3,11,Marche,Marche,1525271,1980398,129.84,0.42
2592,2021-04-17,MAR,11705,5317,6388,10393,1073,239,ITI,ITI3,11,Marche,Marche,1525271,1992103,130.61,0.77
2593,2021-07-26,MAR,11031,5737,5294,2109,8715,207,ITI,ITI3,11,Marche,Marche,1525271,2003134,131.33,0.72
2594,2021-08-09,MAR,9095,4828,4267,4052,4770,273,ITI,ITI3,11,Marche,Marche,1525271,2012229,131.93,0.6
2595,2021-06-13,MAR,10752,5566,5186,9203,1299,250,ITI,ITI3,11,Marche,Marche,1525271,2022981,132.63,0.7
2596,2020-12-27,MAR,210,100,110,208,0,2,ITI,ITI3,11,Marche,Marche,1525271,2023191,132.64,0.01
2597,2021-08-02,MAR,11727,6210,5517,4600,6868,259,ITI,ITI3,11,Marche,Marche,1525271,2034918,133.41,0.77
2598,2021-06-06,MAR,12453,6138,6315,10637,1579,237,ITI,ITI3,11,Marche,Marche,1525271,2047371,134.23,0.82
2599,2021-03-28,FVG,4947,2356,2591,4690,158,99,ITH,ITH4,6,Friuli-Venezia Giulia,Friuli Venezia Giulia,1215220,4947,0.41,0.41
2600,2021-01-18,FVG,1964,608,1356,1870,94,0,ITH,ITH4,6,Friuli-Venezia Giulia,Friuli Venezia Giulia,1215220,6911,0.57,0.16
2601,2021-01-04,FVG,1509,560,949,1509,0,0,ITH,ITH4,6,Friuli-Venezia Giulia,Friuli Venezia Giulia,1215220,8420,0.69,0.12
2602,2021-08-29,FVG,3156,1779,1377,1797,1259,100,ITH,ITH4,6,Friuli-Venezia Giulia,Friuli Venezia Giulia,1215220,11576,0.95,0.26
2603,2021-06-24,FVG,11124,5675,5449,1891,9116,117,ITH,ITH4,6,Friuli-Venezia Giulia,Friuli Venezia Giulia,1215220,22700,1.87,0.92
2604,2021-03-16,FVG,3193,1302,1891,1023,2085,85,ITH,ITH4,6,Friuli-Venezia Giulia,Friuli Venezia Giulia,1215220,25893,2.13,0.26
2605,2021-08-20,FVG,6318,3567,2751,2749,3308,261,ITH,ITH4,6,Friuli-Venezia Giulia,Friuli Venezia Giulia,1215220,32211,2.65,0.52
2606,2021-05-12,FVG,11199,5180,6019,9346,1434,419,ITH,ITH4,6,Friuli-Venezia Giulia,Friuli Venezia Giulia,1215220,43410,3.57,0.92
2607,2021-05-24,FVG,11484,5559,5925,7528,3652,304,ITH,ITH4,6,Friuli-Venezia Giulia,Friuli Venezia Giulia,1215220,54894,4.52,0.95
2608,2021-02-13,FVG,568,180,388,560,6,2,ITH,ITH4,6,Friuli-Venezia Giulia,Friuli Venezia Giulia,1215220,55462,4.56,0.05
2609,2021-08-15,FVG,1,1,0,0,1,0,ITH,ITH4,6,Friuli-Venezia Giulia,Friuli Venezia Giulia,1215220,55463,4.56,0.0
2610,2021-03-02,FVG,4224,1520,2704,2701,1500,23,ITH,ITH4,6,Friuli-Venezia Giulia,Friuli Venezia Giulia,1215220,59687,4.91,0.35
2611,2021-09-03,FVG,4055,2105,1950,2044,1743,268,ITH,ITH4,6,Friuli-Venezia Giulia,Friuli Venezia Giulia,1215220,63742,5.25,0.33
2612,2021-03-04,FVG,3463,1601,1862,2772,662,29,ITH,ITH4,6,Friuli-Venezia Giulia,Friuli Venezia Giulia,1215220,67205,5.53,0.28
2613,2021-06-12,FVG,8240,4722,3518,6784,1162,294,ITH,ITH4,6,Friuli-Venezia Giulia,Friuli Venezia Giulia,1215220,75445,6.21,0.68
2614,2021-01-30,FVG,2285,745,1540,270,2015,0,ITH,ITH4,6,Friuli-Venezia Giulia,Friuli Venezia Giulia,1215220,77730,6.4,0.19
2615,2021-07-13,FVG,11092,5717,5375,1173,9767,152,ITH,ITH4,6,Friuli-Venezia Giulia,Friuli Venezia Giulia,1215220,88822,7.31,0.91
2616,2021-07-20,FVG,9416,4935,4481,2451,6669,296,ITH,ITH4,6,Friuli-Venezia Giulia,Friuli Venezia Giulia,1215220,98238,8.08,0.77
2617,2021-08-03,FVG,10200,5378,4822,5277,4562,361,ITH,ITH4,6,Friuli-Venezia Giulia,Friuli Venezia Giulia,1215220,108438,8.92,0.84
2618,2021-04-11,FVG,3435,1519,1916,2412,907,116,ITH,ITH4,6,Friuli-Venezia Giulia,Friuli Venezia Giulia,1215220,111873,9.21,0.28
2619,2021-09-15,FVG,4863,2518,2345,2409,2126,328,ITH,ITH4,6,Friuli-Venezia Giulia,Friuli Venezia Giulia,1215220,116736,9.61,0.4
2620,2021-06-07,FVG,9231,4787,4444,7841,1001,389,ITH,ITH4,6,Friuli-Venezia Giulia,Friuli Venezia Giulia,1215220,125967,10.37,0.76
2621,2020-12-28,FVG,1,0,1,1,0,0,ITH,ITH4,6,Friuli-Venezia Giulia,Friuli Venezia Giulia,1215220,125968,10.37,0.0
2622,2021-04-28,FVG,7343,3242,4101,3692,3515,136,ITH,ITH4,6,Friuli-Venezia Giulia,Friuli Venezia Giulia,1215220,133311,10.97,0.6
2623,2021-01-23,FVG,816,323,493,5,811,0,ITH,ITH4,6,Friuli-Venezia Giulia,Friuli Venezia Giulia,1215220,134127,11.04,0.07
2624,2021-02-18,FVG,3230,1503,1727,2804,408,18,ITH,ITH4,6,Friuli-Venezia Giulia,Friuli Venezia Giulia,1215220,137357,11.3,0.27
2625,2021-04-02,FVG,6611,2939,3672,4638,1841,132,ITH,ITH4,6,Friuli-Venezia Giulia,Friuli Venezia Giulia,1215220,143968,11.85,0.54
2626,2021-09-17,FVG,1730,947,783,501,1165,64,ITH,ITH4,6,Friuli-Venezia Giulia,Friuli Venezia Giulia,1215220,145698,11.99,0.14
2627,2021-07-08,FVG,13121,7090,6031,1364,11576,181,ITH,ITH4,6,Friuli-Venezia Giulia,Friuli Venezia Giulia,1215220,158819,13.07,1.08
2628,2021-02-04,FVG,2728,808,1920,35,2693,0,ITH,ITH4,6,Friuli-Venezia Giulia,Friuli Venezia Giulia,1215220,161547,13.29,0.22
2629,2021-08-08,FVG,4338,2355,1983,1920,2327,91,ITH,ITH4,6,Friuli-Venezia Giulia,Friuli Venezia Giulia,1215220,165885,13.65,0.36
2630,2021-04-30,FVG,7417,3270,4147,3577,3666,174,ITH,ITH4,6,Friuli-Venezia Giulia,Friuli Venezia Giulia,1215220,173302,14.26,0.61
2631,2021-02-06,FVG,1155,339,816,21,1133,1,ITH,ITH4,6,Friuli-Venezia Giulia,Friuli Venezia Giulia,1215220,174457,14.36,0.1
2632,2021-02-23,FVG,2652,1282,1370,2464,181,7,ITH,ITH4,6,Friuli-Venezia Giulia,Friuli Venezia Giulia,1215220,177109,14.57,0.22
2633,2021-05-17,FVG,8848,4111,4737,6073,2498,277,ITH,ITH4,6,Friuli-Venezia Giulia,Friuli Venezia Giulia,1215220,185957,15.3,0.73
2634,2021-03-09,FVG,4024,1730,2294,1243,2756,25,ITH,ITH4,6,Friuli-Venezia Giulia,Friuli Venezia Giulia,1215220,189981,15.63,0.33
2635,2021-08-22,FVG,2063,1181,882,788,1236,39,ITH,ITH4,6,Friuli-Venezia Giulia,Friuli Venezia Giulia,1215220,192044,15.8,0.17
2636,2021-05-19,FVG,12137,5994,6143,9323,2376,438,ITH,ITH4,6,Friuli-Venezia Giulia,Friuli Venezia Giulia,1215220,204181,16.8,1.0
2637,2021-03-14,FVG,1403,554,849,1124,252,27,ITH,ITH4,6,Friuli-Venezia Giulia,Friuli Venezia Giulia,1215220,205584,16.92,0.12
2638,2021-03-21,FVG,2676,1003,1673,2214,410,52,ITH,ITH4,6,Friuli-Venezia Giulia,Friuli Venezia Giulia,1215220,208260,17.14,0.22
2639,2021-04-04,FVG,4,2,2,2,2,0,ITH,ITH4,6,Friuli-Venezia Giulia,Friuli Venezia Giulia,1215220,208264,17.14,0.0
2640,2021-06-26,FVG,10398,5305,5093,4102,6176,120,ITH,ITH4,6,Friuli-Venezia Giulia,Friuli Venezia Giulia,1215220,218662,17.99,0.86
2641,2021-04-21,FVG,7785,3471,4314,4020,3684,81,ITH,ITH4,6,Friuli-Venezia Giulia,Friuli Venezia Giulia,1215220,226447,18.63,0.64
2642,2021-01-11,FVG,1895,613,1282,1894,0,1,ITH,ITH4,6,Friuli-Venezia Giulia,Friuli Venezia Giulia,1215220,228342,18.79,0.16
2643,2021-07-15,FVG,10096,5143,4953,945,8907,244,ITH,ITH4,6,Friuli-Venezia Giulia,Friuli Venezia Giulia,1215220,238438,19.62,0.83
2644,2021-04-23,FVG,7563,3428,4135,3521,3902,140,ITH,ITH4,6,Friuli-Venezia Giulia,Friuli Venezia Giulia,1215220,246001,20.24,0.62
2645,2021-08-01,FVG,3601,1928,1673,1478,1875,248,ITH,ITH4,6,Friuli-Venezia Giulia,Friuli Venezia Giulia,1215220,249602,20.54,0.3
2646,2021-05-05,FVG,9805,4280,5525,6082,3479,244,ITH,ITH4,6,Friuli-Venezia Giulia,Friuli Venezia Giulia,1215220,259407,21.35,0.81
2647,2021-01-25,FVG,1595,571,1024,200,1395,0,ITH,ITH4,6,Friuli-Venezia Giulia,Friuli Venezia Giulia,1215220,261002,21.48,0.13
2648,2021-07-01,FVG,12395,6451,5944,2640,9498,257,ITH,ITH4,6,Friuli-Venezia Giulia,Friuli Venezia Giulia,1215220,273397,22.5,1.02
2649,2021-03-23,FVG,3909,1697,2212,1743,2145,21,ITH,ITH4,6,Friuli-Venezia Giulia,Friuli Venezia Giulia,1215220,277306,22.82,0.32
2650,2021-01-16,FVG,1232,362,870,1232,0,0,ITH,ITH4,6,Friuli-Venezia Giulia,Friuli Venezia Giulia,1215220,278538,22.92,0.1
2651,2021-09-08,FVG,3312,1881,1431,1569,1559,184,ITH,ITH4,6,Friuli-Venezia Giulia,Friuli Venezia Giulia,1215220,281850,23.19,0.27
2652,2021-05-31,FVG,8961,4449,4512,6474,2231,256,ITH,ITH4,6,Friuli-Venezia Giulia,Friuli Venezia Giulia,1215220,290811,23.93,0.74
2653,2021-07-27,FVG,9534,4799,4735,2651,6657,226,ITH,ITH4,6,Friuli-Venezia Giulia,Friuli Venezia Giulia,1215220,300345,24.72,0.78
2654,2021-04-16,FVG,7016,3054,3962,4938,1942,136,ITH,ITH4,6,Friuli-Venezia Giulia,Friuli Venezia Giulia,1215220,307361,25.29,0.58
2655,2021-01-06,FVG,716,265,451,716,0,0,ITH,ITH4,6,Friuli-Venezia Giulia,Friuli Venezia Giulia,1215220,308077,25.35,0.06
2656,2021-02-11,FVG,1970,679,1291,1741,225,4,ITH,ITH4,6,Friuli-Venezia Giulia,Friuli Venezia Giulia,1215220,310047,25.51,0.16
2657,2021-04-09,FVG,8057,3737,4320,6576,1305,176,ITH,ITH4,6,Friuli-Venezia Giulia,Friuli Venezia Giulia,1215220,318104,26.18,0.66
2658,2021-08-27,FVG,6188,3334,2854,1409,4567,212,ITH,ITH4,6,Friuli-Venezia Giulia,Friuli Venezia Giulia,1215220,324292,26.69,0.51
2659,2021-06-19,FVG,8575,4469,4106,1352,7157,66,ITH,ITH4,6,Friuli-Venezia Giulia,Friuli Venezia Giulia,1215220,332867,27.39,0.71
2660,2021-09-10,FVG,3977,2203,1774,661,3205,111,ITH,ITH4,6,Friuli-Venezia Giulia,Friuli Venezia Giulia,1215220,336844,27.72,0.33
2661,2021-09-12,FVG,2368,1266,1102,1439,845,84,ITH,ITH4,6,Friuli-Venezia Giulia,Friuli Venezia Giulia,1215220,339212,27.91,0.19
2662,2021-06-04,FVG,12174,6238,5936,10267,1454,453,ITH,ITH4,6,Friuli-Venezia Giulia,Friuli Venezia Giulia,1215220,351386,28.92,1.0
2663,2021-07-05,FVG,9601,4883,4718,1320,8138,143,ITH,ITH4,6,Friuli-Venezia Giulia,Friuli Venezia Giulia,1215220,360987,29.71,0.79
2664,2021-06-21,FVG,9221,4510,4711,1828,7255,138,ITH,ITH4,6,Friuli-Venezia Giulia,Friuli Venezia Giulia,1215220,370208,30.46,0.76
2665,2021-03-13,FVG,2948,1124,1824,1661,1274,13,ITH,ITH4,6,Friuli-Venezia Giulia,Friuli Venezia Giulia,1215220,373156,30.71,0.24
2666,2021-04-08,FVG,7474,3238,4236,5407,1930,137,ITH,ITH4,6,Friuli-Venezia Giulia,Friuli Venezia Giulia,1215220,380630,31.32,0.62
2667,2021-05-21,FVG,11295,5046,6249,7911,3035,349,ITH,ITH4,6,Friuli-Venezia Giulia,Friuli Venezia Giulia,1215220,391925,32.25,0.93
2668,2021-02-10,FVG,1353,499,854,1265,88,0,ITH,ITH4,6,Friuli-Venezia Giulia,Friuli Venezia Giulia,1215220,393278,32.36,0.11
2669,2021-07-17,FVG,7393,3968,3425,620,6689,84,ITH,ITH4,6,Friuli-Venezia Giulia,Friuli Venezia Giulia,1215220,400671,32.97,0.61
2670,2021-02-01,FVG,2107,690,1417,17,2090,0,ITH,ITH4,6,Friuli-Venezia Giulia,Friuli Venezia Giulia,1215220,402778,33.14,0.17
2671,2021-08-31,FVG,7563,4047,3516,1353,6016,194,ITH,ITH4,6,Friuli-Venezia Giulia,Friuli Venezia Giulia,1215220,410341,33.77,0.62
2672,2021-06-09,FVG,11371,5984,5387,9480,1401,490,ITH,ITH4,6,Friuli-Venezia Giulia,Friuli Venezia Giulia,1215220,421712,34.7,0.94
2673,2021-01-27,FVG,1273,427,846,450,821,2,ITH,ITH4,6,Friuli-Venezia Giulia,Friuli Venezia Giulia,1215220,422985,34.81,0.1
2674,2021-05-07,FVG,10949,5013,5936,7184,3564,201,ITH,ITH4,6,Friuli-Venezia Giulia,Friuli Venezia Giulia,1215220,433934,35.71,0.9
2675,2021-05-09,FVG,7387,3317,4070,3373,3877,137,ITH,ITH4,6,Friuli-Venezia Giulia,Friuli Venezia Giulia,1215220,441321,36.32,0.61
2676,2021-07-31,FVG,7372,3789,3583,1271,6011,90,ITH,ITH4,6,Friuli-Venezia Giulia,Friuli Venezia Giulia,1215220,448693,36.92,0.61
2677,2021-08-17,FVG,3649,1964,1685,2819,601,229,ITH,ITH4,6,Friuli-Venezia Giulia,Friuli Venezia Giulia,1215220,452342,37.22,0.3
2678,2021-05-26,FVG,13475,6729,6746,9647,3468,360,ITH,ITH4,6,Friuli-Venezia Giulia,Friuli Venezia Giulia,1215220,465817,38.33,1.11
2679,2021-02-15,FVG,2461,914,1547,2201,254,6,ITH,ITH4,6,Friuli-Venezia Giulia,Friuli Venezia Giulia,1215220,468278,38.53,0.2
2680,2021-02-27,FVG,3542,1206,2336,3524,1,17,ITH,ITH4,6,Friuli-Venezia Giulia,Friuli Venezia Giulia,1215220,471820,38.83,0.29
2681,2021-04-25,FVG,2382,992,1390,2188,13,181,ITH,ITH4,6,Friuli-Venezia Giulia,Friuli Venezia Giulia,1215220,474202,39.02,0.2
2682,2021-01-01,FVG,2,2,0,2,0,0,ITH,ITH4,6,Friuli-Venezia Giulia,Friuli Venezia Giulia,1215220,474204,39.02,0.0
2683,2021-01-15,FVG,2021,605,1416,2020,0,1,ITH,ITH4,6,Friuli-Venezia Giulia,Friuli Venezia Giulia,1215220,476225,39.19,0.17
2684,2021-07-03,FVG,11434,6096,5338,1097,10189,148,ITH,ITH4,6,Friuli-Venezia Giulia,Friuli Venezia Giulia,1215220,487659,40.13,0.94
2685,2021-03-25,FVG,5548,2435,3113,3332,2140,76,ITH,ITH4,6,Friuli-Venezia Giulia,Friuli Venezia Giulia,1215220,493207,40.59,0.46
2686,2021-03-30,FVG,7624,3407,4217,6286,1201,137,ITH,ITH4,6,Friuli-Venezia Giulia,Friuli Venezia Giulia,1215220,500831,41.21,0.63
2687,2021-07-24,FVG,6173,3337,2836,2918,3080,175,ITH,ITH4,6,Friuli-Venezia Giulia,Friuli Venezia Giulia,1215220,507004,41.72,0.51
2688,2021-08-24,FVG,6648,3593,3055,762,5755,131,ITH,ITH4,6,Friuli-Venezia Giulia,Friuli Venezia Giulia,1215220,513652,42.27,0.55
2689,2021-08-10,FVG,7322,4084,3238,5304,1658,360,ITH,ITH4,6,Friuli-Venezia Giulia,Friuli Venezia Giulia,1215220,520974,42.87,0.6
2690,2021-05-02,FVG,6917,3257,3660,3810,2964,143,ITH,ITH4,6,Friuli-Venezia Giulia,Friuli Venezia Giulia,1215220,527891,43.44,0.57
2691,2021-03-11,FVG,3484,1520,1964,1715,1754,15,ITH,ITH4,6,Friuli-Venezia Giulia,Friuli Venezia Giulia,1215220,531375,43.73,0.29
2692,2021-04-13,FVG,7397,3299,4098,5656,1612,129,ITH,ITH4,6,Friuli-Venezia Giulia,Friuli Venezia Giulia,1215220,538772,44.34,0.61
2693,2021-01-03,FVG,313,123,190,313,0,0,ITH,ITH4,6,Friuli-Venezia Giulia,Friuli Venezia Giulia,1215220,539085,44.36,0.03
2694,2021-05-14,FVG,10867,5401,5466,7927,2640,300,ITH,ITH4,6,Friuli-Venezia Giulia,Friuli Venezia Giulia,1215220,549952,45.26,0.89
2695,2021-02-03,FVG,2651,792,1859,22,2628,1,ITH,ITH4,6,Friuli-Venezia Giulia,Friuli Venezia Giulia,1215220,552603,45.47,0.22
2696,2021-02-08,FVG,2361,697,1664,90,2270,1,ITH,ITH4,6,Friuli-Venezia Giulia,Friuli Venezia Giulia,1215220,554964,45.67,0.19
2697,2021-04-18,FVG,6064,2814,3250,5419,410,235,ITH,ITH4,6,Friuli-Venezia Giulia,Friuli Venezia Giulia,1215220,561028,46.17,0.5
2698,2021-01-08,FVG,2344,751,1593,2344,0,0,ITH,ITH4,6,Friuli-Venezia Giulia,Friuli Venezia Giulia,1215220,563372,46.36,0.19
2699,2021-06-14,FVG,10325,5012,5313,5184,4839,302,ITH,ITH4,6,Friuli-Venezia Giulia,Friuli Venezia Giulia,1215220,573697,47.21,0.85
2700,2021-02-20,FVG,2079,941,1138,1932,144,3,ITH,ITH4,6,Friuli-Venezia Giulia,Friuli Venezia Giulia,1215220,575776,47.38,0.17
2701,2021-01-22,FVG,117,56,61,28,89,0,ITH,ITH4,6,Friuli-Venezia Giulia,Friuli Venezia Giulia,1215220,575893,47.39,0.01
2702,2021-03-06,FVG,3514,1201,2313,3155,327,32,ITH,ITH4,6,Friuli-Venezia Giulia,Friuli Venezia Giulia,1215220,579407,47.68,0.29
2703,2021-07-10,FVG,8806,4545,4261,142,8638,26,ITH,ITH4,6,Friuli-Venezia Giulia,Friuli Venezia Giulia,1215220,588213,48.4,0.72
2704,2021-04-01,FVG,6435,3074,3361,5326,1018,91,ITH,ITH4,6,Friuli-Venezia Giulia,Friuli Venezia Giulia,1215220,594648,48.93,0.53
2705,2021-09-05,FVG,2719,1474,1245,1311,1314,94,ITH,ITH4,6,Friuli-Venezia Giulia,Friuli Venezia Giulia,1215220,597367,49.16,0.22
2706,2021-05-28,FVG,10662,5109,5553,6231,4145,286,ITH,ITH4,6,Friuli-Venezia Giulia,Friuli Venezia Giulia,1215220,608029,50.03,0.88
2707,2021-09-07,FVG,3124,1683,1441,1218,1712,194,ITH,ITH4,6,Friuli-Venezia Giulia,Friuli Venezia Giulia,1215220,611153,50.29,0.26
2708,2021-07-12,FVG,10043,5158,4885,1110,8777,156,ITH,ITH4,6,Friuli-Venezia Giulia,Friuli Venezia Giulia,1215220,621196,51.12,0.83
2709,2021-07-22,FVG,7725,4107,3618,3273,4149,303,ITH,ITH4,6,Friuli-Venezia Giulia,Friuli Venezia Giulia,1215220,628921,51.75,0.64
2710,2021-01-20,FVG,754,322,432,18,736,0,ITH,ITH4,6,Friuli-Venezia Giulia,Friuli Venezia Giulia,1215220,629675,51.82,0.06
2711,2021-02-22,FVG,2494,1199,1295,2070,419,5,ITH,ITH4,6,Friuli-Venezia Giulia,Friuli Venezia Giulia,1215220,632169,52.02,0.21
2712,2021-06-02,FVG,9434,4966,4468,8818,282,334,ITH,ITH4,6,Friuli-Venezia Giulia,Friuli Venezia Giulia,1215220,641603,52.8,0.78
2713,2021-05-16,FVG,10028,4803,5225,8376,1407,245,ITH,ITH4,6,Friuli-Venezia Giulia,Friuli Venezia Giulia,1215220,651631,53.62,0.83
2714,2021-06-18,FVG,10981,5422,5559,3400,7312,269,ITH,ITH4,6,Friuli-Venezia Giulia,Friuli Venezia Giulia,1215220,662612,54.53,0.9
2715,2021-03-10,FVG,3602,1711,1891,1744,1796,62,ITH,ITH4,6,Friuli-Venezia Giulia,Friuli Venezia Giulia,1215220,666214,54.82,0.3
2716,2021-02-24,FVG,2532,1093,1439,2503,18,11,ITH,ITH4,6,Friuli-Venezia Giulia,Friuli Venezia Giulia,1215220,668746,55.03,0.21
2717,2021-06-13,FVG,8718,4538,4180,5164,3330,224,ITH,ITH4,6,Friuli-Venezia Giulia,Friuli Venezia Giulia,1215220,677464,55.75,0.72
2718,2021-07-26,FVG,8563,4269,4294,1776,6574,213,ITH,ITH4,6,Friuli-Venezia Giulia,Friuli Venezia Giulia,1215220,686027,56.45,0.7
2719,2021-04-17,FVG,7469,3240,4229,5818,1484,167,ITH,ITH4,6,Friuli-Venezia Giulia,Friuli Venezia Giulia,1215220,693496,57.07,0.61
2720,2021-07-28,FVG,10506,5358,5148,4012,6043,451,ITH,ITH4,6,Friuli-Venezia Giulia,Friuli Venezia Giulia,1215220,704002,57.93,0.86
2721,2021-07-19,FVG,9449,4940,4509,853,8442,154,ITH,ITH4,6,Friuli-Venezia Giulia,Friuli Venezia Giulia,1215220,713451,58.71,0.78
2722,2021-04-10,FVG,5062,2218,2844,3752,1231,79,ITH,ITH4,6,Friuli-Venezia Giulia,Friuli Venezia Giulia,1215220,718513,59.13,0.42
2723,2021-05-23,FVG,10297,4869,5428,5922,4158,217,ITH,ITH4,6,Friuli-Venezia Giulia,Friuli Venezia Giulia,1215220,728810,59.97,0.85
2724,2021-08-14,FVG,206,151,55,188,4,14,ITH,ITH4,6,Friuli-Venezia Giulia,Friuli Venezia Giulia,1215220,729016,59.99,0.02
2725,2021-08-28,FVG,2896,1574,1322,1776,962,158,ITH,ITH4,6,Friuli-Venezia Giulia,Friuli Venezia Giulia,1215220,731912,60.23,0.24
2726,2021-05-06,FVG,11982,5571,6411,7714,3987,281,ITH,ITH4,6,Friuli-Venezia Giulia,Friuli Venezia Giulia,1215220,743894,61.21,0.99
2727,2021-02-19,FVG,3302,1321,1981,2843,442,17,ITH,ITH4,6,Friuli-Venezia Giulia,Friuli Venezia Giulia,1215220,747196,61.49,0.27
2728,2021-09-14,FVG,3897,2061,1836,931,2856,110,ITH,ITH4,6,Friuli-Venezia Giulia,Friuli Venezia Giulia,1215220,751093,61.81,0.32
2729,2021-07-29,FVG,9614,4903,4711,3229,6089,296,ITH,ITH4,6,Friuli-Venezia Giulia,Friuli Venezia Giulia,1215220,760707,62.6,0.79
2730,2021-04-20,FVG,7148,3079,4069,3098,3920,130,ITH,ITH4,6,Friuli-Venezia Giulia,Friuli Venezia Giulia,1215220,767855,63.19,0.59
2731,2021-01-10,FVG,2943,919,2024,2943,0,0,ITH,ITH4,6,Friuli-Venezia Giulia,Friuli Venezia Giulia,1215220,770798,63.43,0.24
2732,2021-07-14,FVG,10913,5582,5331,1256,9464,193,ITH,ITH4,6,Friuli-Venezia Giulia,Friuli Venezia Giulia,1215220,781711,64.33,0.9
2733,2021-04-05,FVG,2912,1449,1463,2832,16,64,ITH,ITH4,6,Friuli-Venezia Giulia,Friuli Venezia Giulia,1215220,784623,64.57,0.24
2734,2021-01-12,FVG,2273,719,1554,2273,0,0,ITH,ITH4,6,Friuli-Venezia Giulia,Friuli Venezia Giulia,1215220,786896,64.75,0.19
2735,2021-01-29,FVG,2420,815,1605,266,2154,0,ITH,ITH4,6,Friuli-Venezia Giulia,Friuli Venezia Giulia,1215220,789316,64.95,0.2
2736,2021-04-22,FVG,6802,3093,3709,3034,3696,72,ITH,ITH4,6,Friuli-Venezia Giulia,Friuli Venezia Giulia,1215220,796118,65.51,0.56
2737,2021-03-01,FVG,2970,1045,1925,2892,53,25,ITH,ITH4,6,Friuli-Venezia Giulia,Friuli Venezia Giulia,1215220,799088,65.76,0.24
2738,2021-03-18,FVG,3378,1424,1954,1684,1686,8,ITH,ITH4,6,Friuli-Venezia Giulia,Friuli Venezia Giulia,1215220,802466,66.03,0.28
2739,2021-06-28,FVG,9928,5003,4925,2108,7715,105,ITH,ITH4,6,Friuli-Venezia Giulia,Friuli Venezia Giulia,1215220,812394,66.85,0.82
2740,2021-03-20,FVG,3410,1414,1996,1300,2096,14,ITH,ITH4,6,Friuli-Venezia Giulia,Friuli Venezia Giulia,1215220,815804,67.13,0.28
2741,2021-01-13,FVG,2658,837,1821,2657,0,1,ITH,ITH4,6,Friuli-Venezia Giulia,Friuli Venezia Giulia,1215220,818462,67.35,0.22
2742,2021-04-06,FVG,6693,3143,3550,5426,1158,109,ITH,ITH4,6,Friuli-Venezia Giulia,Friuli Venezia Giulia,1215220,825155,67.9,0.55
2743,2020-12-27,FVG,262,149,113,261,0,1,ITH,ITH4,6,Friuli-Venezia Giulia,Friuli Venezia Giulia,1215220,825417,67.92,0.02
2744,2021-08-09,FVG,7841,4195,3646,2371,5284,186,ITH,ITH4,6,Friuli-Venezia Giulia,Friuli Venezia Giulia,1215220,833258,68.57,0.65
2745,2021-02-07,FVG,1568,482,1086,384,1183,1,ITH,ITH4,6,Friuli-Venezia Giulia,Friuli Venezia Giulia,1215220,834826,68.7,0.13
2746,2021-09-09,FVG,3743,1972,1771,1839,1681,223,ITH,ITH4,6,Friuli-Venezia Giulia,Friuli Venezia Giulia,1215220,838569,69.01,0.31
2747,2021-08-26,FVG,7534,4081,3453,1466,5833,235,ITH,ITH4,6,Friuli-Venezia Giulia,Friuli Venezia Giulia,1215220,846103,69.63,0.62
2748,2021-05-18,FVG,10869,5436,5433,8404,2103,362,ITH,ITH4,6,Friuli-Venezia Giulia,Friuli Venezia Giulia,1215220,856972,70.52,0.89
2749,2021-06-01,FVG,10147,5132,5015,7690,2129,328,ITH,ITH4,6,Friuli-Venezia Giulia,Friuli Venezia Giulia,1215220,867119,71.35,0.83
2750,2021-07-02,FVG,11117,5748,5369,2116,8809,192,ITH,ITH4,6,Friuli-Venezia Giulia,Friuli Venezia Giulia,1215220,878236,72.27,0.91
2751,2021-06-25,FVG,11010,5533,5477,2354,8565,91,ITH,ITH4,6,Friuli-Venezia Giulia,Friuli Venezia Giulia,1215220,889246,73.18,0.91
2752,2021-07-09,FVG,11960,6355,5605,2124,9545,291,ITH,ITH4,6,Friuli-Venezia Giulia,Friuli Venezia Giulia,1215220,901206,74.16,0.98
2753,2021-03-17,FVG,3242,1270,1972,736,2496,10,ITH,ITH4,6,Friuli-Venezia Giulia,Friuli Venezia Giulia,1215220,904448,74.43,0.27
2754,2021-08-21,FVG,2897,1559,1338,283,2574,40,ITH,ITH4,6,Friuli-Venezia Giulia,Friuli Venezia Giulia,1215220,907345,74.67,0.24
2755,2021-05-13,FVG,11226,5428,5798,8743,2081,402,ITH,ITH4,6,Friuli-Venezia Giulia,Friuli Venezia Giulia,1215220,918571,75.59,0.92
2756,2021-02-16,FVG,2518,1136,1382,2398,116,4,ITH,ITH4,6,Friuli-Venezia Giulia,Friuli Venezia Giulia,1215220,921089,75.8,0.21
2757,2021-03-24,FVG,3989,1728,2261,2465,1485,39,ITH,ITH4,6,Friuli-Venezia Giulia,Friuli Venezia Giulia,1215220,925078,76.12,0.33
2758,2021-05-20,FVG,12738,6337,6401,9796,2532,410,ITH,ITH4,6,Friuli-Venezia Giulia,Friuli Venezia Giulia,1215220,937816,77.17,1.05
2759,2021-08-02,FVG,9042,4648,4394,2869,5916,257,ITH,ITH4,6,Friuli-Venezia Giulia,Friuli Venezia Giulia,1215220,946858,77.92,0.74
2760,2021-02-12,FVG,1196,428,768,1143,49,4,ITH,ITH4,6,Friuli-Venezia Giulia,Friuli Venezia Giulia,1215220,948054,78.02,0.1
2761,2021-03-27,FVG,5383,2922,2461,3923,1412,48,ITH,ITH4,6,Friuli-Venezia Giulia,Friuli Venezia Giulia,1215220,953437,78.46,0.44
2762,2021-04-15,FVG,6527,2886,3641,5091,1275,161,ITH,ITH4,6,Friuli-Venezia Giulia,Friuli Venezia Giulia,1215220,959964,79.0,0.54
2763,2021-04-29,FVG,6809,2998,3811,4014,2607,188,ITH,ITH4,6,Friuli-Venezia Giulia,Friuli Venezia Giulia,1215220,966773,79.56,0.56
2764,2021-01-05,FVG,1679,552,1127,1677,0,2,ITH,ITH4,6,Friuli-Venezia Giulia,Friuli Venezia Giulia,1215220,968452,79.69,0.14
2765,2021-08-07,FVG,4841,2614,2227,2779,1932,130,ITH,ITH4,6,Friuli-Venezia Giulia,Friuli Venezia Giulia,1215220,973293,80.09,0.4
2766,2021-01-07,FVG,2108,726,1382,2108,0,0,ITH,ITH4,6,Friuli-Venezia Giulia,Friuli Venezia Giulia,1215220,975401,80.27,0.17
2767,2021-03-05,FVG,3834,1544,2290,2732,1079,23,ITH,ITH4,6,Friuli-Venezia Giulia,Friuli Venezia Giulia,1215220,979235,80.58,0.32
2768,2021-04-19,FVG,6734,3142,3592,3213,3426,95,ITH,ITH4,6,Friuli-Venezia Giulia,Friuli Venezia Giulia,1215220,985969,81.14,0.55
2769,2021-01-09,FVG,2534,846,1688,2533,0,1,ITH,ITH4,6,Friuli-Venezia Giulia,Friuli Venezia Giulia,1215220,988503,81.34,0.21
2770,2021-06-15,FVG,12182,6197,5985,5354,6542,286,ITH,ITH4,6,Friuli-Venezia Giulia,Friuli Venezia Giulia,1215220,1000685,82.35,1.0
2771,2021-03-07,FVG,2556,938,1618,2495,1,60,ITH,ITH4,6,Friuli-Venezia Giulia,Friuli Venezia Giulia,1215220,1003241,82.56,0.21
2772,2021-06-20,FVG,6528,3240,3288,1487,4940,101,ITH,ITH4,6,Friuli-Venezia Giulia,Friuli Venezia Giulia,1215220,1009769,83.09,0.54
2773,2021-03-29,FVG,7041,3134,3907,5374,1590,77,ITH,ITH4,6,Friuli-Venezia Giulia,Friuli Venezia Giulia,1215220,1016810,83.67,0.58
2774,2021-07-07,FVG,11331,5801,5530,1448,9753,130,ITH,ITH4,6,Friuli-Venezia Giulia,Friuli Venezia Giulia,1215220,1028141,84.61,0.93
2775,2021-07-21,FVG,8657,4386,4271,2046,6350,261,ITH,ITH4,6,Friuli-Venezia Giulia,Friuli Venezia Giulia,1215220,1036798,85.32,0.71
2776,2021-04-03,FVG,4022,1994,2028,2621,1339,62,ITH,ITH4,6,Friuli-Venezia Giulia,Friuli Venezia Giulia,1215220,1040820,85.65,0.33
2777,2021-06-10,FVG,11595,6037,5558,9692,1486,417,ITH,ITH4,6,Friuli-Venezia Giulia,Friuli Venezia Giulia,1215220,1052415,86.6,0.95
2778,2021-09-01,FVG,8580,4694,3886,2138,6229,213,ITH,ITH4,6,Friuli-Venezia Giulia,Friuli Venezia Giulia,1215220,1060995,87.31,0.71
2779,2021-03-19,FVG,3279,1370,1909,1317,1947,15,ITH,ITH4,6,Friuli-Venezia Giulia,Friuli Venezia Giulia,1215220,1064274,87.58,0.27
2780,2021-06-27,FVG,7676,3835,3841,3690,3863,123,ITH,ITH4,6,Friuli-Venezia Giulia,Friuli Venezia Giulia,1215220,1071950,88.21,0.63
2781,2021-06-29,FVG,11389,5810,5579,1229,10051,109,ITH,ITH4,6,Friuli-Venezia Giulia,Friuli Venezia Giulia,1215220,1083339,89.15,0.94
2782,2021-01-26,FVG,1979,649,1330,217,1761,1,ITH,ITH4,6,Friuli-Venezia Giulia,Friuli Venezia Giulia,1215220,1085318,89.31,0.16
2783,2021-02-09,FVG,1845,555,1290,1556,288,1,ITH,ITH4,6,Friuli-Venezia Giulia,Friuli Venezia Giulia,1215220,1087163,89.46,0.15
2784,2021-09-02,FVG,6991,3801,3190,1945,4800,246,ITH,ITH4,6,Friuli-Venezia Giulia,Friuli Venezia Giulia,1215220,1094154,90.04,0.58
2785,2021-05-25,FVG,12962,6407,6555,9287,3328,347,ITH,ITH4,6,Friuli-Venezia Giulia,Friuli Venezia Giulia,1215220,1107116,91.1,1.07
2786,2021-08-16,FVG,4823,2596,2227,2698,1876,249,ITH,ITH4,6,Friuli-Venezia Giulia,Friuli Venezia Giulia,1215220,1111939,91.5,0.4
2787,2021-06-11,FVG,10947,5970,4977,9630,839,478,ITH,ITH4,6,Friuli-Venezia Giulia,Friuli Venezia Giulia,1215220,1122886,92.4,0.9
2788,2021-03-03,FVG,3657,1642,2015,2350,1277,30,ITH,ITH4,6,Friuli-Venezia Giulia,Friuli Venezia Giulia,1215220,1126543,92.7,0.3
2789,2021-09-04,FVG,2796,1514,1282,1601,994,201,ITH,ITH4,6,Friuli-Venezia Giulia,Friuli Venezia Giulia,1215220,1129339,92.93,0.23
2790,2021-04-24,FVG,6693,2952,3741,5207,1245,241,ITH,ITH4,6,Friuli-Venezia Giulia,Friuli Venezia Giulia,1215220,1136032,93.48,0.55
2791,2021-06-06,FVG,9507,4638,4869,7642,1568,297,ITH,ITH4,6,Friuli-Venezia Giulia,Friuli Venezia Giulia,1215220,1145539,94.27,0.78
2792,2021-02-26,FVG,3787,2133,1654,3583,171,33,ITH,ITH4,6,Friuli-Venezia Giulia,Friuli Venezia Giulia,1215220,1149326,94.58,0.31
2793,2021-02-17,FVG,2365,1006,1359,1873,489,3,ITH,ITH4,6,Friuli-Venezia Giulia,Friuli Venezia Giulia,1215220,1151691,94.77,0.19
2794,2021-09-16,FVG,2784,1487,1297,367,2345,72,ITH,ITH4,6,Friuli-Venezia Giulia,Friuli Venezia Giulia,1215220,1154475,95.0,0.23
2795,2021-05-30,FVG,11080,4998,6082,7237,3595,248,ITH,ITH4,6,Friuli-Venezia Giulia,Friuli Venezia Giulia,1215220,1165555,95.91,0.91
2796,2021-02-05,FVG,2632,792,1840,89,2543,0,ITH,ITH4,6,Friuli-Venezia Giulia,Friuli Venezia Giulia,1215220,1168187,96.13,0.22
2797,2021-04-14,FVG,7255,3135,4120,5410,1719,126,ITH,ITH4,6,Friuli-Venezia Giulia,Friuli Venezia Giulia,1215220,1175442,96.73,0.6
2798,2021-07-06,FVG,11222,5858,5364,1351,9757,114,ITH,ITH4,6,Friuli-Venezia Giulia,Friuli Venezia Giulia,1215220,1186664,97.65,0.92
2799,2021-07-23,FVG,9063,4646,4417,3040,5595,428,ITH,ITH4,6,Friuli-Venezia Giulia,Friuli Venezia Giulia,1215220,1195727,98.4,0.75
2800,2021-08-25,FVG,7900,4231,3669,3072,4464,364,ITH,ITH4,6,Friuli-Venezia Giulia,Friuli Venezia Giulia,1215220,1203627,99.05,0.65
2801,2021-06-03,FVG,12481,6768,5713,9902,2134,445,ITH,ITH4,6,Friuli-Venezia Giulia,Friuli Venezia Giulia,1215220,1216108,100.07,1.03
2802,2021-09-11,FVG,1193,674,519,608,537,48,ITH,ITH4,6,Friuli-Venezia Giulia,Friuli Venezia Giulia,1215220,1217301,100.17,0.1
2803,2021-01-19,FVG,6,2,4,6,0,0,ITH,ITH4,6,Friuli-Venezia Giulia,Friuli Venezia Giulia,1215220,1217307,100.17,0.0
2804,2020-12-31,FVG,1048,381,667,1047,0,1,ITH,ITH4,6,Friuli-Venezia Giulia,Friuli Venezia Giulia,1215220,1218355,100.26,0.09
2805,2021-06-17,FVG,11446,5791,5655,2279,9050,117,ITH,ITH4,6,Friuli-Venezia Giulia,Friuli Venezia Giulia,1215220,1229801,101.2,0.94
2806,2021-07-16,FVG,9812,5242,4570,1703,7960,149,ITH,ITH4,6,Friuli-Venezia Giulia,Friuli Venezia Giulia,1215220,1239613,102.01,0.81
2807,2021-04-07,FVG,7861,3645,4216,6952,789,120,ITH,ITH4,6,Friuli-Venezia Giulia,Friuli Venezia Giulia,1215220,1247474,102.65,0.65
2808,2021-05-15,FVG,12694,6120,6574,7684,4705,305,ITH,ITH4,6,Friuli-Venezia Giulia,Friuli Venezia Giulia,1215220,1260168,103.7,1.04
2809,2021-05-01,FVG,7215,3252,3963,5909,1046,260,ITH,ITH4,6,Friuli-Venezia Giulia,Friuli Venezia Giulia,1215220,1267383,104.29,0.59
2810,2021-01-21,FVG,899,347,552,3,896,0,ITH,ITH4,6,Friuli-Venezia Giulia,Friuli Venezia Giulia,1215220,1268282,104.37,0.07
2811,2021-02-21,FVG,802,281,521,421,379,2,ITH,ITH4,6,Friuli-Venezia Giulia,Friuli Venezia Giulia,1215220,1269084,104.43,0.07
2812,2021-02-02,FVG,2490,816,1674,218,2272,0,ITH,ITH4,6,Friuli-Venezia Giulia,Friuli Venezia Giulia,1215220,1271574,104.64,0.2
2813,2021-03-31,FVG,8150,3574,4576,7174,850,126,ITH,ITH4,6,Friuli-Venezia Giulia,Friuli Venezia Giulia,1215220,1279724,105.31,0.67
2814,2021-05-27,FVG,12868,6160,6708,7393,5249,226,ITH,ITH4,6,Friuli-Venezia Giulia,Friuli Venezia Giulia,1215220,1292592,106.37,1.06
2815,2021-06-22,FVG,11612,5980,5632,2360,9112,140,ITH,ITH4,6,Friuli-Venezia Giulia,Friuli Venezia Giulia,1215220,1304204,107.32,0.96
2816,2021-07-30,FVG,9080,4730,4350,2774,6044,262,ITH,ITH4,6,Friuli-Venezia Giulia,Friuli Venezia Giulia,1215220,1313284,108.07,0.75
2817,2021-01-28,FVG,2250,798,1452,355,1895,0,ITH,ITH4,6,Friuli-Venezia Giulia,Friuli Venezia Giulia,1215220,1315534,108.25,0.19
2818,2021-05-08,FVG,10345,4674,5671,5359,4793,193,ITH,ITH4,6,Friuli-Venezia Giulia,Friuli Venezia Giulia,1215220,1325879,109.11,0.85
2819,2021-02-14,FVG,1,0,1,0,1,0,ITH,ITH4,6,Friuli-Venezia Giulia,Friuli Venezia Giulia,1215220,1325880,109.11,0.0
2820,2021-08-18,FVG,4722,2514,2208,3016,1473,233,ITH,ITH4,6,Friuli-Venezia Giulia,Friuli Venezia Giulia,1215220,1330602,109.49,0.39
2821,2021-05-10,FVG,8011,3559,4452,6221,1546,244,ITH,ITH4,6,Friuli-Venezia Giulia,Friuli Venezia Giulia,1215220,1338613,110.15,0.66
2822,2021-08-06,FVG,6461,3398,3063,2361,3933,167,ITH,ITH4,6,Friuli-Venezia Giulia,Friuli Venezia Giulia,1215220,1345074,110.69,0.53
2823,2021-08-11,FVG,7944,4197,3747,5234,2375,335,ITH,ITH4,6,Friuli-Venezia Giulia,Friuli Venezia Giulia,1215220,1353018,111.34,0.65
2824,2021-05-03,FVG,7257,3303,3954,3346,3794,117,ITH,ITH4,6,Friuli-Venezia Giulia,Friuli Venezia Giulia,1215220,1360275,111.94,0.6
2825,2021-01-14,FVG,2593,794,1799,2590,0,3,ITH,ITH4,6,Friuli-Venezia Giulia,Friuli Venezia Giulia,1215220,1362868,112.15,0.21
2826,2021-08-13,FVG,3886,2180,1706,2723,968,195,ITH,ITH4,6,Friuli-Venezia Giulia,Friuli Venezia Giulia,1215220,1366754,112.47,0.32
2827,2021-06-08,FVG,10560,5537,5023,9626,501,433,ITH,ITH4,6,Friuli-Venezia Giulia,Friuli Venezia Giulia,1215220,1377314,113.34,0.87
2828,2021-02-28,FVG,2692,1005,1687,2269,394,29,ITH,ITH4,6,Friuli-Venezia Giulia,Friuli Venezia Giulia,1215220,1380006,113.56,0.22
2829,2021-08-04,FVG,9358,4839,4519,4675,4381,302,ITH,ITH4,6,Friuli-Venezia Giulia,Friuli Venezia Giulia,1215220,1389364,114.33,0.77
2830,2021-07-04,FVG,9362,4799,4563,2890,6215,257,ITH,ITH4,6,Friuli-Venezia Giulia,Friuli Venezia Giulia,1215220,1398726,115.1,0.77
2831,2021-03-26,FVG,6061,2634,3427,3853,2029,179,ITH,ITH4,6,Friuli-Venezia Giulia,Friuli Venezia Giulia,1215220,1404787,115.6,0.5
2832,2021-03-12,FVG,4165,1737,2428,2754,1385,26,ITH,ITH4,6,Friuli-Venezia Giulia,Friuli Venezia Giulia,1215220,1408952,115.94,0.34
2833,2021-01-02,FVG,1217,470,747,1217,0,0,ITH,ITH4,6,Friuli-Venezia Giulia,Friuli Venezia Giulia,1215220,1410169,116.04,0.1
2834,2021-04-12,FVG,7289,3197,4092,5995,1136,158,ITH,ITH4,6,Friuli-Venezia Giulia,Friuli Venezia Giulia,1215220,1417458,116.64,0.6
2835,2021-04-26,FVG,5495,2468,3027,3719,1656,120,ITH,ITH4,6,Friuli-Venezia Giulia,Friuli Venezia Giulia,1215220,1422953,117.09,0.45
2836,2020-12-30,FVG,626,244,382,626,0,0,ITH,ITH4,6,Friuli-Venezia Giulia,Friuli Venezia Giulia,1215220,1423579,117.15,0.05
2837,2021-06-05,FVG,10348,5348,5000,8388,1556,404,ITH,ITH4,6,Friuli-Venezia Giulia,Friuli Venezia Giulia,1215220,1433927,118.0,0.85
2838,2021-02-25,FVG,3179,1661,1518,3116,30,33,ITH,ITH4,6,Friuli-Venezia Giulia,Friuli Venezia Giulia,1215220,1437106,118.26,0.26
2839,2021-06-16,FVG,12206,5923,6283,3900,8040,266,ITH,ITH4,6,Friuli-Venezia Giulia,Friuli Venezia Giulia,1215220,1449312,119.26,1.0
2840,2021-08-12,FVG,7991,4283,3708,5198,2501,292,ITH,ITH4,6,Friuli-Venezia Giulia,Friuli Venezia Giulia,1215220,1457303,119.92,0.66
2841,2021-06-23,FVG,12107,5861,6246,1990,9963,154,ITH,ITH4,6,Friuli-Venezia Giulia,Friuli Venezia Giulia,1215220,1469410,120.92,1.0
2842,2021-08-19,FVG,4910,2623,2287,1755,3002,153,ITH,ITH4,6,Friuli-Venezia Giulia,Friuli Venezia Giulia,1215220,1474320,121.32,0.4
2843,2021-08-05,FVG,7147,3675,3472,3249,3695,203,ITH,ITH4,6,Friuli-Venezia Giulia,Friuli Venezia Giulia,1215220,1481467,121.91,0.59
2844,2021-04-27,FVG,8152,3742,4410,3550,4499,103,ITH,ITH4,6,Friuli-Venezia Giulia,Friuli Venezia Giulia,1215220,1489619,122.58,0.67
2845,2021-05-04,FVG,9618,4342,5276,6002,3387,229,ITH,ITH4,6,Friuli-Venezia Giulia,Friuli Venezia Giulia,1215220,1499237,123.37,0.79
2846,2021-01-24,FVG,307,121,186,2,305,0,ITH,ITH4,6,Friuli-Venezia Giulia,Friuli Venezia Giulia,1215220,1499544,123.4,0.03
2847,2021-06-30,FVG,13207,6723,6484,1386,11647,174,ITH,ITH4,6,Friuli-Venezia Giulia,Friuli Venezia Giulia,1215220,1512751,124.48,1.09
2848,2021-03-08,FVG,4135,1648,2487,2028,2092,15,ITH,ITH4,6,Friuli-Venezia Giulia,Friuli Venezia Giulia,1215220,1516886,124.82,0.34
2849,2021-03-22,FVG,3671,1455,2216,1672,1960,39,ITH,ITH4,6,Friuli-Venezia Giulia,Friuli Venezia Giulia,1215220,1520557,125.13,0.3
2850,2021-01-17,FVG,1715,522,1193,1713,0,2,ITH,ITH4,6,Friuli-Venezia Giulia,Friuli Venezia Giulia,1215220,1522272,125.27,0.14
2851,2021-03-15,FVG,3965,1814,2151,1615,2326,24,ITH,ITH4,6,Friuli-Venezia Giulia,Friuli Venezia Giulia,1215220,1526237,125.59,0.33
2852,2021-05-11,FVG,9189,4433,4756,7156,1813,220,ITH,ITH4,6,Friuli-Venezia Giulia,Friuli Venezia Giulia,1215220,1535426,126.35,0.76
2853,2021-01-31,FVG,2727,842,1885,385,2342,0,ITH,ITH4,6,Friuli-Venezia Giulia,Friuli Venezia Giulia,1215220,1538153,126.57,0.22
2854,2021-08-23,FVG,4788,2484,2304,2654,1785,349,ITH,ITH4,6,Friuli-Venezia Giulia,Friuli Venezia Giulia,1215220,1542941,126.97,0.39
2855,2021-05-29,FVG,12044,5858,6186,6781,4996,267,ITH,ITH4,6,Friuli-Venezia Giulia,Friuli Venezia Giulia,1215220,1554985,127.96,0.99
2856,2021-07-25,FVG,3903,2027,1876,1917,1879,107,ITH,ITH4,6,Friuli-Venezia Giulia,Friuli Venezia Giulia,1215220,1558888,128.28,0.32
2857,2021-07-11,FVG,6874,3591,3283,2384,4187,303,ITH,ITH4,6,Friuli-Venezia Giulia,Friuli Venezia Giulia,1215220,1565762,128.85,0.57
2858,2021-09-06,FVG,3950,2241,1709,735,3092,123,ITH,ITH4,6,Friuli-Venezia Giulia,Friuli Venezia Giulia,1215220,1569712,129.17,0.33
2859,2021-08-30,FVG,7352,3915,3437,2481,4636,235,ITH,ITH4,6,Friuli-Venezia Giulia,Friuli Venezia Giulia,1215220,1577064,129.78,0.6
2860,2021-09-13,FVG,2596,1366,1230,569,1933,94,ITH,ITH4,6,Friuli-Venezia Giulia,Friuli Venezia Giulia,1215220,1579660,129.99,0.21
2861,2021-05-22,FVG,11604,5209,6395,7085,4242,277,ITH,ITH4,6,Friuli-Venezia Giulia,Friuli Venezia Giulia,1215220,1591264,130.94,0.95
2862,2021-07-18,FVG,5473,2961,2512,439,5010,24,ITH,ITH4,6,Friuli-Venezia Giulia,Friuli Venezia Giulia,1215220,1596737,131.39,0.45
2863,2021-04-05,PUG,12787,6212,6575,12110,535,142,ITF,ITF4,16,Puglia,Puglia,4029053,12787,0.32,0.32
2864,2021-03-19,PUG,7999,3672,4327,3368,4595,36,ITF,ITF4,16,Puglia,Puglia,4029053,20786,0.52,0.2
2865,2021-06-27,PUG,18582,9232,9350,9953,8362,267,ITF,ITF4,16,Puglia,Puglia,4029053,39368,0.98,0.46
2866,2021-03-05,PUG,17751,7201,10550,15204,2319,228,ITF,ITF4,16,Puglia,Puglia,4029053,57119,1.42,0.44
2867,2021-02-26,PUG,13810,5071,8739,12528,1082,200,ITF,ITF4,16,Puglia,Puglia,4029053,70929,1.76,0.34
2868,2020-12-31,PUG,1638,785,853,1638,0,0,ITF,ITF4,16,Puglia,Puglia,4029053,72567,1.8,0.04
2869,2021-08-11,PUG,23983,12333,11650,12161,10810,1012,ITF,ITF4,16,Puglia,Puglia,4029053,96550,2.4,0.6
2870,2021-06-15,PUG,42767,20906,21861,22394,19779,594,ITF,ITF4,16,Puglia,Puglia,4029053,139317,3.46,1.06
2871,2021-02-21,PUG,2178,475,1703,2064,63,51,ITF,ITF4,16,Puglia,Puglia,4029053,141495,3.51,0.05
2872,2021-06-01,PUG,35069,17564,17505,21654,13017,398,ITF,ITF4,16,Puglia,Puglia,4029053,176564,4.38,0.87
2873,2021-05-15,PUG,43739,19046,24693,22839,20185,715,ITF,ITF4,16,Puglia,Puglia,4029053,220303,5.47,1.09
2874,2021-06-03,PUG,50736,24607,26129,30559,19449,728,ITF,ITF4,16,Puglia,Puglia,4029053,271039,6.73,1.26
2875,2021-09-11,PUG,4588,2503,2085,1159,3231,198,ITF,ITF4,16,Puglia,Puglia,4029053,275627,6.84,0.11
2876,2021-03-10,PUG,14873,6652,8221,11569,3140,164,ITF,ITF4,16,Puglia,Puglia,4029053,290500,7.21,0.37
2877,2021-02-07,PUG,1585,669,916,253,1332,0,ITF,ITF4,16,Puglia,Puglia,4029053,292085,7.25,0.04
2878,2021-01-21,PUG,2132,905,1227,1268,862,2,ITF,ITF4,16,Puglia,Puglia,4029053,294217,7.3,0.05
2879,2021-05-01,PUG,27734,12699,15035,16735,10719,280,ITF,ITF4,16,Puglia,Puglia,4029053,321951,7.99,0.69
2880,2021-08-09,PUG,28041,14459,13582,11339,15838,864,ITF,ITF4,16,Puglia,Puglia,4029053,349992,8.69,0.7
2881,2021-01-02,PUG,2958,1306,1652,2958,0,0,ITF,ITF4,16,Puglia,Puglia,4029053,352950,8.76,0.07
2882,2021-09-06,PUG,21649,11328,10321,7191,13535,923,ITF,ITF4,16,Puglia,Puglia,4029053,374599,9.3,0.54
2883,2021-07-11,PUG,12197,5765,6432,2575,9524,98,ITF,ITF4,16,Puglia,Puglia,4029053,386796,9.6,0.3
2884,2021-08-23,PUG,30349,15697,14652,10646,18810,893,ITF,ITF4,16,Puglia,Puglia,4029053,417145,10.35,0.75
2885,2021-04-19,PUG,27772,12903,14869,24379,3053,340,ITF,ITF4,16,Puglia,Puglia,4029053,444917,11.04,0.69
2886,2021-07-28,PUG,45417,22969,22448,14723,29805,889,ITF,ITF4,16,Puglia,Puglia,4029053,490334,12.17,1.13
2887,2021-04-24,PUG,29471,13427,16044,25174,3959,338,ITF,ITF4,16,Puglia,Puglia,4029053,519805,12.9,0.73
2888,2021-02-09,PUG,3856,1576,2280,2159,1677,20,ITF,ITF4,16,Puglia,Puglia,4029053,523661,13.0,0.1
2889,2021-05-20,PUG,33746,15314,18432,20766,12465,515,ITF,ITF4,16,Puglia,Puglia,4029053,557407,13.83,0.84
2890,2021-03-24,PUG,13631,6542,7089,6047,7463,121,ITF,ITF4,16,Puglia,Puglia,4029053,571038,14.17,0.34
2891,2021-08-28,PUG,5722,3133,2589,2012,3522,188,ITF,ITF4,16,Puglia,Puglia,4029053,576760,14.32,0.14
2892,2021-01-26,PUG,5382,2409,2973,563,4818,1,ITF,ITF4,16,Puglia,Puglia,4029053,582142,14.45,0.13
2893,2021-07-02,PUG,47502,22582,24920,17372,29201,929,ITF,ITF4,16,Puglia,Puglia,4029053,629644,15.63,1.18
2894,2021-01-12,PUG,4224,1775,2449,4223,0,1,ITF,ITF4,16,Puglia,Puglia,4029053,633868,15.73,0.1
2895,2021-04-07,PUG,15754,7152,8602,8842,6713,199,ITF,ITF4,16,Puglia,Puglia,4029053,649622,16.12,0.39
2896,2021-07-16,PUG,46629,22632,23997,12941,32873,815,ITF,ITF4,16,Puglia,Puglia,4029053,696251,17.28,1.16
2897,2021-02-14,PUG,790,348,442,658,127,5,ITF,ITF4,16,Puglia,Puglia,4029053,697041,17.3,0.02
2898,2021-05-25,PUG,34873,16281,18592,20582,13704,587,ITF,ITF4,16,Puglia,Puglia,4029053,731914,18.17,0.87
2899,2021-05-08,PUG,54502,23072,31430,23940,29961,601,ITF,ITF4,16,Puglia,Puglia,4029053,786416,19.52,1.35
2900,2021-08-16,PUG,12087,6411,5676,7076,4374,637,ITF,ITF4,16,Puglia,Puglia,4029053,798503,19.82,0.3
2901,2021-06-08,PUG,39422,19195,20227,20956,17901,565,ITF,ITF4,16,Puglia,Puglia,4029053,837925,20.8,0.98
2902,2021-06-13,PUG,21896,10966,10930,16383,5227,286,ITF,ITF4,16,Puglia,Puglia,4029053,859821,21.34,0.54
2903,2021-02-28,PUG,6084,1812,4272,5815,191,78,ITF,ITF4,16,Puglia,Puglia,4029053,865905,21.49,0.15
2904,2021-03-29,PUG,13591,6633,6958,6617,6772,202,ITF,ITF4,16,Puglia,Puglia,4029053,879496,21.83,0.34
2905,2021-03-12,PUG,14333,6466,7867,10238,3950,145,ITF,ITF4,16,Puglia,Puglia,4029053,893829,22.18,0.36
2906,2021-06-20,PUG,21638,10872,10766,14067,7245,326,ITF,ITF4,16,Puglia,Puglia,4029053,915467,22.72,0.54
2907,2021-04-12,PUG,29507,13878,15629,26161,3028,318,ITF,ITF4,16,Puglia,Puglia,4029053,944974,23.45,0.73
2908,2021-07-21,PUG,45094,22227,22867,11868,32377,849,ITF,ITF4,16,Puglia,Puglia,4029053,990068,24.57,1.12
2909,2021-07-04,PUG,19962,9711,10251,7936,11741,285,ITF,ITF4,16,Puglia,Puglia,4029053,1010030,25.07,0.5
2910,2021-07-23,PUG,43410,21964,21446,13662,28770,978,ITF,ITF4,16,Puglia,Puglia,4029053,1053440,26.15,1.08
2911,2021-01-19,PUG,1221,452,769,1210,10,1,ITF,ITF4,16,Puglia,Puglia,4029053,1054661,26.18,0.03
2912,2021-01-14,PUG,4085,1597,2488,4084,0,1,ITF,ITF4,16,Puglia,Puglia,4029053,1058746,26.28,0.1
2913,2021-01-07,PUG,5737,2470,3267,5737,0,0,ITF,ITF4,16,Puglia,Puglia,4029053,1064483,26.42,0.14
2914,2021-04-17,PUG,40108,19009,21099,36084,3593,431,ITF,ITF4,16,Puglia,Puglia,4029053,1104591,27.42,1.0
2915,2021-02-19,PUG,4762,2030,2732,4314,393,55,ITF,ITF4,16,Puglia,Puglia,4029053,1109353,27.53,0.12
2916,2021-06-22,PUG,42594,20665,21929,19066,22956,572,ITF,ITF4,16,Puglia,Puglia,4029053,1151947,28.59,1.06
2917,2021-04-26,PUG,26373,12086,14287,22734,3245,394,ITF,ITF4,16,Puglia,Puglia,4029053,1178320,29.25,0.65
2918,2021-08-04,PUG,35351,18017,17334,12472,21820,1059,ITF,ITF4,16,Puglia,Puglia,4029053,1213671,30.12,0.88
2919,2021-08-30,PUG,28536,14851,13685,11537,15969,1030,ITF,ITF4,16,Puglia,Puglia,4029053,1242207,30.83,0.71
2920,2021-01-31,PUG,1828,835,993,73,1755,0,ITF,ITF4,16,Puglia,Puglia,4029053,1244035,30.88,0.05
2921,2021-05-29,PUG,30730,14486,16244,20621,9562,547,ITF,ITF4,16,Puglia,Puglia,4029053,1274765,31.64,0.76
2922,2021-04-02,PUG,12875,6014,6861,8192,4531,152,ITF,ITF4,16,Puglia,Puglia,4029053,1287640,31.96,0.32
2923,2021-05-06,PUG,39799,17410,22389,19302,19936,561,ITF,ITF4,16,Puglia,Puglia,4029053,1327439,32.95,0.99
2924,2021-03-31,PUG,14591,6840,7751,8843,5594,154,ITF,ITF4,16,Puglia,Puglia,4029053,1342030,33.31,0.36
2925,2021-07-30,PUG,36480,18743,17737,13165,22437,878,ITF,ITF4,16,Puglia,Puglia,4029053,1378510,34.21,0.91
2926,2021-05-27,PUG,41046,19403,21643,22901,17470,675,ITF,ITF4,16,Puglia,Puglia,4029053,1419556,35.23,1.02
2927,2021-09-04,PUG,5530,2994,2536,1649,3701,180,ITF,ITF4,16,Puglia,Puglia,4029053,1425086,35.37,0.14
2928,2021-08-18,PUG,20200,10690,9510,10708,8566,926,ITF,ITF4,16,Puglia,Puglia,4029053,1445286,35.87,0.5
2929,2021-09-03,PUG,21414,11068,10346,8450,11768,1196,ITF,ITF4,16,Puglia,Puglia,4029053,1466700,36.4,0.53
2930,2021-06-12,PUG,34682,17281,17401,25091,8996,595,ITF,ITF4,16,Puglia,Puglia,4029053,1501382,37.26,0.86
2931,2021-05-12,PUG,36681,16358,20323,23539,12554,588,ITF,ITF4,16,Puglia,Puglia,4029053,1538063,38.17,0.91
2932,2021-08-20,PUG,17945,9324,8621,8226,8973,746,ITF,ITF4,16,Puglia,Puglia,4029053,1556008,38.62,0.45
2933,2021-01-23,PUG,3044,1295,1749,880,2162,2,ITF,ITF4,16,Puglia,Puglia,4029053,1559052,38.7,0.08
2934,2021-05-03,PUG,33445,14950,18495,22173,10702,570,ITF,ITF4,16,Puglia,Puglia,4029053,1592497,39.53,0.83
2935,2021-03-07,PUG,4996,2007,2989,4370,578,48,ITF,ITF4,16,Puglia,Puglia,4029053,1597493,39.65,0.12
2936,2021-07-08,PUG,41656,19321,22335,5420,35776,460,ITF,ITF4,16,Puglia,Puglia,4029053,1639149,40.68,1.03
2937,2021-01-04,PUG,4514,2017,2497,4512,0,2,ITF,ITF4,16,Puglia,Puglia,4029053,1643663,40.8,0.11
2938,2021-02-04,PUG,5942,2367,3575,1132,4806,4,ITF,ITF4,16,Puglia,Puglia,4029053,1649605,40.94,0.15
2939,2021-05-17,PUG,32997,15295,17702,20468,12026,503,ITF,ITF4,16,Puglia,Puglia,4029053,1682602,41.76,0.82
2940,2021-08-25,PUG,25722,13504,12218,10326,14453,943,ITF,ITF4,16,Puglia,Puglia,4029053,1708324,42.4,0.64
2941,2021-08-08,PUG,5124,2602,2522,1657,3418,49,ITF,ITF4,16,Puglia,Puglia,4029053,1713448,42.53,0.13
2942,2021-04-16,PUG,36170,16999,19171,32450,3291,429,ITF,ITF4,16,Puglia,Puglia,4029053,1749618,43.43,0.9
2943,2021-02-18,PUG,4390,1850,2540,3719,610,61,ITF,ITF4,16,Puglia,Puglia,4029053,1754008,43.53,0.11
2944,2021-07-25,PUG,14327,7410,6917,4275,9846,206,ITF,ITF4,16,Puglia,Puglia,4029053,1768335,43.89,0.36
2945,2021-03-16,PUG,9898,4699,5199,3454,6385,59,ITF,ITF4,16,Puglia,Puglia,4029053,1778233,44.14,0.25
2946,2021-06-24,PUG,53109,25693,27416,23615,28708,786,ITF,ITF4,16,Puglia,Puglia,4029053,1831342,45.45,1.32
2947,2021-04-28,PUG,19897,8923,10974,14838,4796,263,ITF,ITF4,16,Puglia,Puglia,4029053,1851239,45.95,0.49
2948,2021-08-06,PUG,30433,15855,14578,9181,20496,756,ITF,ITF4,16,Puglia,Puglia,4029053,1881672,46.7,0.76
2949,2021-01-28,PUG,5490,2286,3204,441,5049,0,ITF,ITF4,16,Puglia,Puglia,4029053,1887162,46.84,0.14
2950,2021-08-15,PUG,58,35,23,57,1,0,ITF,ITF4,16,Puglia,Puglia,4029053,1887220,46.84,0.0
2951,2021-04-23,PUG,29646,13780,15866,23932,5298,416,ITF,ITF4,16,Puglia,Puglia,4029053,1916866,47.58,0.74
2952,2021-03-02,PUG,16437,6111,10326,14874,1311,252,ITF,ITF4,16,Puglia,Puglia,4029053,1933303,47.98,0.41
2953,2021-06-10,PUG,47292,23254,24038,29419,17153,720,ITF,ITF4,16,Puglia,Puglia,4029053,1980595,49.16,1.17
2954,2021-04-04,PUG,6002,2979,3023,5913,7,82,ITF,ITF4,16,Puglia,Puglia,4029053,1986597,49.31,0.15
2955,2021-07-13,PUG,48866,23040,25826,7772,40509,585,ITF,ITF4,16,Puglia,Puglia,4029053,2035463,50.52,1.21
2956,2021-03-21,PUG,2697,1227,1470,577,2108,12,ITF,ITF4,16,Puglia,Puglia,4029053,2038160,50.59,0.07
2957,2021-06-29,PUG,46796,22443,24353,15364,30738,694,ITF,ITF4,16,Puglia,Puglia,4029053,2084956,51.75,1.16
2958,2021-05-05,PUG,39378,17287,22091,24507,14275,596,ITF,ITF4,16,Puglia,Puglia,4029053,2124334,52.73,0.98
2959,2021-08-13,PUG,13801,7334,6467,7294,5915,592,ITF,ITF4,16,Puglia,Puglia,4029053,2138135,53.07,0.34
2960,2021-06-17,PUG,42990,21006,21984,21407,21020,563,ITF,ITF4,16,Puglia,Puglia,4029053,2181125,54.13,1.07
2961,2021-08-27,PUG,23888,12518,11370,9970,12974,944,ITF,ITF4,16,Puglia,Puglia,4029053,2205013,54.73,0.59
2962,2021-02-23,PUG,9403,4435,4968,8813,497,93,ITF,ITF4,16,Puglia,Puglia,4029053,2214416,54.96,0.23
2963,2021-04-09,PUG,22192,9565,12627,17094,4709,389,ITF,ITF4,16,Puglia,Puglia,4029053,2236608,55.51,0.55
2964,2021-09-13,PUG,19684,10308,9376,5388,13555,741,ITF,ITF4,16,Puglia,Puglia,4029053,2256292,56.0,0.49
2965,2021-02-11,PUG,3700,1401,2299,2392,1280,28,ITF,ITF4,16,Puglia,Puglia,4029053,2259992,56.09,0.09
2966,2021-07-18,PUG,18850,9653,9197,6196,12315,339,ITF,ITF4,16,Puglia,Puglia,4029053,2278842,56.56,0.47
2967,2021-05-22,PUG,34797,15927,18870,23659,10592,546,ITF,ITF4,16,Puglia,Puglia,4029053,2313639,57.42,0.86
2968,2021-02-25,PUG,12006,5075,6931,10684,1185,137,ITF,ITF4,16,Puglia,Puglia,4029053,2325645,57.72,0.3
2969,2021-01-09,PUG,4900,2252,2648,4896,0,4,ITF,ITF4,16,Puglia,Puglia,4029053,2330545,57.84,0.12
2970,2021-07-01,PUG,48576,22746,25830,11453,36488,635,ITF,ITF4,16,Puglia,Puglia,4029053,2379121,59.05,1.21
2971,2021-03-14,PUG,3385,1466,1919,2474,868,43,ITF,ITF4,16,Puglia,Puglia,4029053,2382506,59.13,0.08
2972,2021-01-16,PUG,2510,1035,1475,2509,0,1,ITF,ITF4,16,Puglia,Puglia,4029053,2385016,59.2,0.06
2973,2021-01-11,PUG,3760,1592,2168,3759,0,1,ITF,ITF4,16,Puglia,Puglia,4029053,2388776,59.29,0.09
2974,2021-04-21,PUG,23177,10701,12476,19127,3748,302,ITF,ITF4,16,Puglia,Puglia,4029053,2411953,59.86,0.58
2975,2021-05-24,PUG,36250,17100,19150,24514,11124,612,ITF,ITF4,16,Puglia,Puglia,4029053,2448203,60.76,0.9
2976,2021-09-01,PUG,24827,12884,11943,9859,13903,1065,ITF,ITF4,16,Puglia,Puglia,4029053,2473030,61.38,0.62
2977,2021-02-16,PUG,3394,1457,1937,2713,649,32,ITF,ITF4,16,Puglia,Puglia,4029053,2476424,61.46,0.08
2978,2021-01-30,PUG,5544,2516,3028,380,5163,1,ITF,ITF4,16,Puglia,Puglia,4029053,2481968,61.6,0.14
2979,2021-05-10,PUG,37946,16768,21178,19301,18115,530,ITF,ITF4,16,Puglia,Puglia,4029053,2519914,62.54,0.94
2980,2021-08-01,PUG,12437,6515,5922,4325,7991,121,ITF,ITF4,16,Puglia,Puglia,4029053,2532351,62.85,0.31
2981,2021-03-18,PUG,9634,4377,5257,3347,6221,66,ITF,ITF4,16,Puglia,Puglia,4029053,2541985,63.09,0.24
2982,2021-06-26,PUG,32486,16364,16122,15892,16022,572,ITF,ITF4,16,Puglia,Puglia,4029053,2574471,63.9,0.81
2983,2021-03-04,PUG,15403,6118,9285,13727,1440,236,ITF,ITF4,16,Puglia,Puglia,4029053,2589874,64.28,0.38
2984,2021-06-09,PUG,42046,20818,21228,29989,11344,713,ITF,ITF4,16,Puglia,Puglia,4029053,2631920,65.32,1.04
2985,2021-03-30,PUG,12457,5973,6484,6199,6102,156,ITF,ITF4,16,Puglia,Puglia,4029053,2644377,65.63,0.31
2986,2021-02-01,PUG,3981,1668,2313,353,3627,1,ITF,ITF4,16,Puglia,Puglia,4029053,2648358,65.73,0.1
2987,2021-07-17,PUG,30872,15501,15371,9535,20708,629,ITF,ITF4,16,Puglia,Puglia,4029053,2679230,66.5,0.77
2988,2021-05-14,PUG,45127,20623,24504,28013,16249,865,ITF,ITF4,16,Puglia,Puglia,4029053,2724357,67.62,1.12
2989,2021-08-22,PUG,1479,770,709,530,924,25,ITF,ITF4,16,Puglia,Puglia,4029053,2725836,67.65,0.04
2990,2021-01-25,PUG,3839,1686,2153,425,3413,1,ITF,ITF4,16,Puglia,Puglia,4029053,2729675,67.75,0.1
2991,2021-07-10,PUG,22430,11047,11383,4456,17676,298,ITF,ITF4,16,Puglia,Puglia,4029053,2752105,68.31,0.56
2992,2021-06-05,PUG,42714,20923,21791,29224,12770,720,ITF,ITF4,16,Puglia,Puglia,4029053,2794819,69.37,1.06
2993,2021-08-05,PUG,34522,17396,17126,9547,24105,870,ITF,ITF4,16,Puglia,Puglia,4029053,2829341,70.22,0.86
2994,2021-01-06,PUG,3968,1680,2288,3967,0,1,ITF,ITF4,16,Puglia,Puglia,4029053,2833309,70.32,0.1
2995,2021-09-17,PUG,9678,5152,4526,2508,6805,365,ITF,ITF4,16,Puglia,Puglia,4029053,2842987,70.56,0.24
2996,2021-05-21,PUG,39279,18660,20619,28284,10201,794,ITF,ITF4,16,Puglia,Puglia,4029053,2882266,71.54,0.97
2997,2021-08-31,PUG,24861,12801,12060,8306,15704,851,ITF,ITF4,16,Puglia,Puglia,4029053,2907127,72.15,0.62
2998,2021-01-18,PUG,1849,772,1077,1497,351,1,ITF,ITF4,16,Puglia,Puglia,4029053,2908976,72.2,0.05
2999,2021-02-06,PUG,4558,1936,2622,1579,2964,15,ITF,ITF4,16,Puglia,Puglia,4029053,2913534,72.31,0.11
3000,2021-01-20,PUG,1547,541,1006,1537,8,2,ITF,ITF4,16,Puglia,Puglia,4029053,2915081,72.35,0.04
3001,2021-04-30,PUG,35075,15717,19358,22483,12021,571,ITF,ITF4,16,Puglia,Puglia,4029053,2950156,73.22,0.87
3002,2021-04-13,PUG,28804,13662,15142,24944,3543,317,ITF,ITF4,16,Puglia,Puglia,4029053,2978960,73.94,0.71
3003,2021-07-22,PUG,47679,23642,24037,8476,38514,689,ITF,ITF4,16,Puglia,Puglia,4029053,3026639,75.12,1.18
3004,2021-03-26,PUG,12048,5868,6180,7225,4681,142,ITF,ITF4,16,Puglia,Puglia,4029053,3038687,75.42,0.3
3005,2021-03-09,PUG,13704,6125,7579,11498,2022,184,ITF,ITF4,16,Puglia,Puglia,4029053,3052391,75.76,0.34
3006,2021-04-14,PUG,32095,15139,16956,28480,3307,308,ITF,ITF4,16,Puglia,Puglia,4029053,3084486,76.56,0.8
3007,2021-03-28,PUG,3552,1660,1892,1179,2337,36,ITF,ITF4,16,Puglia,Puglia,4029053,3088038,76.64,0.09
3008,2021-07-06,PUG,42458,19549,22909,6095,35946,417,ITF,ITF4,16,Puglia,Puglia,4029053,3130496,77.7,1.05
3009,2021-06-19,PUG,34848,17477,17371,22230,11962,656,ITF,ITF4,16,Puglia,Puglia,4029053,3165344,78.56,0.86
3010,2021-08-17,PUG,19986,10368,9618,9304,9980,702,ITF,ITF4,16,Puglia,Puglia,4029053,3185330,79.06,0.5
3011,2021-02-13,PUG,3733,1461,2272,3021,696,16,ITF,ITF4,16,Puglia,Puglia,4029053,3189063,79.15,0.09
3012,2021-08-12,PUG,19638,10493,9145,11175,7567,896,ITF,ITF4,16,Puglia,Puglia,4029053,3208701,79.64,0.49
3013,2021-06-16,PUG,42206,20769,21437,26929,14546,731,ITF,ITF4,16,Puglia,Puglia,4029053,3250907,80.69,1.05
3014,2020-12-30,PUG,1,0,1,1,0,0,ITF,ITF4,16,Puglia,Puglia,4029053,3250908,80.69,0.0
3015,2021-03-22,PUG,9994,5144,4850,4251,5671,72,ITF,ITF4,16,Puglia,Puglia,4029053,3260902,80.93,0.25
3016,2021-01-24,PUG,1674,754,920,151,1523,0,ITF,ITF4,16,Puglia,Puglia,4029053,3262576,80.98,0.04
3017,2021-06-30,PUG,47976,23271,24705,18847,28270,859,ITF,ITF4,16,Puglia,Puglia,4029053,3310552,82.17,1.19
3018,2021-03-15,PUG,12365,6161,6204,5741,6518,106,ITF,ITF4,16,Puglia,Puglia,4029053,3322917,82.47,0.31
3019,2021-08-19,PUG,17889,9323,8566,8779,8390,720,ITF,ITF4,16,Puglia,Puglia,4029053,3340806,82.92,0.44
3020,2021-01-17,PUG,1312,593,719,1242,70,0,ITF,ITF4,16,Puglia,Puglia,4029053,3342118,82.95,0.03
3021,2021-06-23,PUG,29474,14401,15073,16948,11914,612,ITF,ITF4,16,Puglia,Puglia,4029053,3371592,83.68,0.73
3022,2021-04-27,PUG,26745,12103,14642,20786,5628,331,ITF,ITF4,16,Puglia,Puglia,4029053,3398337,84.35,0.66
3023,2021-07-05,PUG,39000,18301,20699,7225,31219,556,ITF,ITF4,16,Puglia,Puglia,4029053,3437337,85.31,0.97
3024,2021-05-02,PUG,21367,9681,11686,13905,7280,182,ITF,ITF4,16,Puglia,Puglia,4029053,3458704,85.84,0.53
3025,2021-08-10,PUG,27414,14293,13121,14176,12085,1153,ITF,ITF4,16,Puglia,Puglia,4029053,3486118,86.52,0.68
3026,2021-07-24,PUG,26785,13898,12887,8006,18306,473,ITF,ITF4,16,Puglia,Puglia,4029053,3512903,87.19,0.66
3027,2021-06-21,PUG,42001,20480,21521,21485,19878,638,ITF,ITF4,16,Puglia,Puglia,4029053,3554904,88.23,1.04
3028,2021-09-12,PUG,1226,651,575,404,771,51,ITF,ITF4,16,Puglia,Puglia,4029053,3556130,88.26,0.03
3029,2021-02-15,PUG,3271,1273,1998,2602,624,45,ITF,ITF4,16,Puglia,Puglia,4029053,3559401,88.34,0.08
3030,2021-05-26,PUG,38766,18626,20140,26261,11848,657,ITF,ITF4,16,Puglia,Puglia,4029053,3598167,89.31,0.96
3031,2021-01-27,PUG,4607,1946,2661,617,3990,0,ITF,ITF4,16,Puglia,Puglia,4029053,3602774,89.42,0.11
3032,2021-05-07,PUG,50294,22442,27852,25961,23716,617,ITF,ITF4,16,Puglia,Puglia,4029053,3653068,90.67,1.25
3033,2021-04-08,PUG,17540,7619,9921,11121,6204,215,ITF,ITF4,16,Puglia,Puglia,4029053,3670608,91.1,0.44
3034,2021-06-06,PUG,30784,15503,15281,25388,5073,323,ITF,ITF4,16,Puglia,Puglia,4029053,3701392,91.87,0.76
3035,2021-04-10,PUG,30969,13136,17833,26112,4466,391,ITF,ITF4,16,Puglia,Puglia,4029053,3732361,92.64,0.77
3036,2021-09-14,PUG,21643,11307,10336,4354,16581,708,ITF,ITF4,16,Puglia,Puglia,4029053,3754004,93.17,0.54
3037,2021-07-19,PUG,49589,24365,25224,10938,37885,766,ITF,ITF4,16,Puglia,Puglia,4029053,3803593,94.4,1.23
3038,2021-06-28,PUG,48766,23651,25115,21666,26303,797,ITF,ITF4,16,Puglia,Puglia,4029053,3852359,95.61,1.21
3039,2021-05-09,PUG,30871,12670,18201,14798,15693,380,ITF,ITF4,16,Puglia,Puglia,4029053,3883230,96.38,0.77
3040,2021-06-18,PUG,47921,23587,24334,28885,18108,928,ITF,ITF4,16,Puglia,Puglia,4029053,3931151,97.57,1.19
3041,2021-09-09,PUG,18390,9553,8837,5142,12465,783,ITF,ITF4,16,Puglia,Puglia,4029053,3949541,98.03,0.46
3042,2021-01-03,PUG,2010,944,1066,2009,0,1,ITF,ITF4,16,Puglia,Puglia,4029053,3951551,98.08,0.05
3043,2021-05-11,PUG,32769,14486,18283,13706,18571,492,ITF,ITF4,16,Puglia,Puglia,4029053,3984320,98.89,0.81
3044,2021-05-04,PUG,35246,14910,20336,18249,16575,422,ITF,ITF4,16,Puglia,Puglia,4029053,4019566,99.76,0.87
3045,2021-03-08,PUG,15025,6448,8577,12447,2417,161,ITF,ITF4,16,Puglia,Puglia,4029053,4034591,100.14,0.37
3046,2021-08-24,PUG,25123,12858,12265,9309,14985,829,ITF,ITF4,16,Puglia,Puglia,4029053,4059714,100.76,0.62
3047,2021-03-11,PUG,14874,6608,8266,11471,3195,208,ITF,ITF4,16,Puglia,Puglia,4029053,4074588,101.13,0.37
3048,2021-06-02,PUG,27119,13259,13860,21918,4845,356,ITF,ITF4,16,Puglia,Puglia,4029053,4101707,101.8,0.67
3049,2021-09-10,PUG,19364,10113,9251,6149,12154,1061,ITF,ITF4,16,Puglia,Puglia,4029053,4121071,102.28,0.48
3050,2021-05-19,PUG,26519,12817,13702,19575,6504,440,ITF,ITF4,16,Puglia,Puglia,4029053,4147590,102.94,0.66
3051,2021-03-23,PUG,11162,5666,5496,4529,6536,97,ITF,ITF4,16,Puglia,Puglia,4029053,4158752,103.22,0.28
3052,2021-09-05,PUG,3204,1751,1453,963,2119,122,ITF,ITF4,16,Puglia,Puglia,4029053,4161956,103.3,0.08
3053,2021-03-25,PUG,11793,6048,5745,5262,6428,103,ITF,ITF4,16,Puglia,Puglia,4029053,4173749,103.59,0.29
3054,2021-08-29,PUG,1289,665,624,422,839,28,ITF,ITF4,16,Puglia,Puglia,4029053,4175038,103.62,0.03
3055,2021-07-03,PUG,33339,16704,16635,13467,19366,506,ITF,ITF4,16,Puglia,Puglia,4029053,4208377,104.45,0.83
3056,2021-02-08,PUG,4012,1622,2390,1583,2414,15,ITF,ITF4,16,Puglia,Puglia,4029053,4212389,104.55,0.1
3057,2021-07-29,PUG,43087,21786,21301,12287,30007,793,ITF,ITF4,16,Puglia,Puglia,4029053,4255476,105.62,1.07
3058,2021-01-13,PUG,4557,1735,2822,4556,0,1,ITF,ITF4,16,Puglia,Puglia,4029053,4260033,105.73,0.11
3059,2021-04-06,PUG,13874,6266,7608,6925,6774,175,ITF,ITF4,16,Puglia,Puglia,4029053,4273907,106.08,0.34
3060,2021-07-15,PUG,44960,21762,23198,8892,35389,679,ITF,ITF4,16,Puglia,Puglia,4029053,4318867,107.19,1.12
3061,2021-07-14,PUG,46315,22213,24102,13375,32102,838,ITF,ITF4,16,Puglia,Puglia,4029053,4365182,108.34,1.15
3062,2021-08-02,PUG,39817,20183,19634,14228,24367,1222,ITF,ITF4,16,Puglia,Puglia,4029053,4404999,109.33,0.99
3063,2021-03-01,PUG,15143,5885,9258,13603,1386,154,ITF,ITF4,16,Puglia,Puglia,4029053,4420142,109.71,0.38
3064,2021-09-02,PUG,23200,12062,11138,7446,14880,874,ITF,ITF4,16,Puglia,Puglia,4029053,4443342,110.28,0.58
3065,2021-01-10,PUG,2351,1062,1289,2351,0,0,ITF,ITF4,16,Puglia,Puglia,4029053,4445693,110.34,0.06
3066,2021-04-20,PUG,21237,9862,11375,17475,3492,270,ITF,ITF4,16,Puglia,Puglia,4029053,4466930,110.87,0.53
3067,2020-12-27,PUG,510,252,258,510,0,0,ITF,ITF4,16,Puglia,Puglia,4029053,4467440,110.88,0.01
3068,2021-09-16,PUG,17236,8973,8263,3854,12836,546,ITF,ITF4,16,Puglia,Puglia,4029053,4484676,111.31,0.43
3069,2021-04-01,PUG,13991,6578,7413,7383,6386,222,ITF,ITF4,16,Puglia,Puglia,4029053,4498667,111.66,0.35
3070,2021-02-03,PUG,5059,2011,3048,705,4353,1,ITF,ITF4,16,Puglia,Puglia,4029053,4503726,111.78,0.13
3071,2021-03-27,PUG,12187,5726,6461,6883,5192,112,ITF,ITF4,16,Puglia,Puglia,4029053,4515913,112.08,0.3
3072,2021-01-05,PUG,5119,2257,2862,5116,0,3,ITF,ITF4,16,Puglia,Puglia,4029053,4521032,112.21,0.13
3073,2021-04-15,PUG,32806,15308,17498,28618,3786,402,ITF,ITF4,16,Puglia,Puglia,4029053,4553838,113.03,0.81
3074,2021-07-07,PUG,38812,18578,20234,6085,32215,512,ITF,ITF4,16,Puglia,Puglia,4029053,4592650,113.99,0.96
3075,2021-04-22,PUG,23078,10559,12519,17745,4949,384,ITF,ITF4,16,Puglia,Puglia,4029053,4615728,114.56,0.57
3076,2021-07-31,PUG,20049,10654,9395,7912,11658,479,ITF,ITF4,16,Puglia,Puglia,4029053,4635777,115.06,0.5
3077,2021-02-12,PUG,4215,1672,2543,3098,1094,23,ITF,ITF4,16,Puglia,Puglia,4029053,4639992,115.16,0.1
3078,2021-03-13,PUG,10489,4141,6348,8573,1817,99,ITF,ITF4,16,Puglia,Puglia,4029053,4650481,115.42,0.26
3079,2021-02-24,PUG,10073,4719,5354,9378,597,98,ITF,ITF4,16,Puglia,Puglia,4029053,4660554,115.67,0.25
3080,2021-06-04,PUG,52920,25610,27310,34231,17863,826,ITF,ITF4,16,Puglia,Puglia,4029053,4713474,116.99,1.31
3081,2021-05-18,PUG,29008,13491,15517,15782,12921,305,ITF,ITF4,16,Puglia,Puglia,4029053,4742482,117.71,0.72
3082,2021-08-26,PUG,20285,10469,9816,8672,10733,880,ITF,ITF4,16,Puglia,Puglia,4029053,4762767,118.21,0.5
3083,2021-07-12,PUG,45854,21657,24197,12722,32370,762,ITF,ITF4,16,Puglia,Puglia,4029053,4808621,119.35,1.14
3084,2021-04-29,PUG,26344,12182,14162,19201,6712,431,ITF,ITF4,16,Puglia,Puglia,4029053,4834965,120.0,0.65
3085,2021-08-07,PUG,10126,5344,4782,3568,6260,298,ITF,ITF4,16,Puglia,Puglia,4029053,4845091,120.25,0.25
3086,2021-02-22,PUG,9661,4541,5120,9234,336,91,ITF,ITF4,16,Puglia,Puglia,4029053,4854752,120.49,0.24
3087,2021-02-05,PUG,5656,2278,3378,1313,4338,5,ITF,ITF4,16,Puglia,Puglia,4029053,4860408,120.63,0.14
3088,2021-05-16,PUG,24658,11124,13534,12468,11962,228,ITF,ITF4,16,Puglia,Puglia,4029053,4885066,121.25,0.61
3089,2021-02-10,PUG,3660,1444,2216,2127,1513,20,ITF,ITF4,16,Puglia,Puglia,4029053,4888726,121.34,0.09
3090,2021-05-23,PUG,17990,8413,9577,13888,3841,261,ITF,ITF4,16,Puglia,Puglia,4029053,4906716,121.78,0.45
3091,2021-02-17,PUG,4298,1756,2542,3618,640,40,ITF,ITF4,16,Puglia,Puglia,4029053,4911014,121.89,0.11
3092,2021-05-28,PUG,44170,20907,23263,27441,15924,805,ITF,ITF4,16,Puglia,Puglia,4029053,4955184,122.99,1.1
3093,2021-07-26,PUG,48043,23981,24062,17124,29998,921,ITF,ITF4,16,Puglia,Puglia,4029053,5003227,124.18,1.19
3094,2021-05-30,PUG,21065,10080,10985,15731,5077,257,ITF,ITF4,16,Puglia,Puglia,4029053,5024292,124.7,0.52
3095,2021-01-29,PUG,6218,2673,3545,219,5999,0,ITF,ITF4,16,Puglia,Puglia,4029053,5030510,124.86,0.15
3096,2021-03-20,PUG,8449,3895,4554,3768,4633,48,ITF,ITF4,16,Puglia,Puglia,4029053,5038959,125.07,0.21
3097,2021-03-03,PUG,16835,6830,10005,14740,1940,155,ITF,ITF4,16,Puglia,Puglia,4029053,5055794,125.48,0.42
3098,2021-06-11,PUG,48084,23520,24564,33041,14131,912,ITF,ITF4,16,Puglia,Puglia,4029053,5103878,126.68,1.19
3099,2021-04-03,PUG,10588,4661,5927,6817,3577,194,ITF,ITF4,16,Puglia,Puglia,4029053,5114466,126.94,0.26
3100,2021-09-07,PUG,22572,11841,10731,6911,14845,816,ITF,ITF4,16,Puglia,Puglia,4029053,5137038,127.5,0.56
3101,2021-02-02,PUG,4366,1857,2509,575,3790,1,ITF,ITF4,16,Puglia,Puglia,4029053,5141404,127.61,0.11
3102,2021-07-09,PUG,37189,17916,19273,6391,30118,680,ITF,ITF4,16,Puglia,Puglia,4029053,5178593,128.53,0.92
3103,2021-05-13,PUG,38905,17341,21564,21007,17326,572,ITF,ITF4,16,Puglia,Puglia,4029053,5217498,129.5,0.97
3104,2021-03-17,PUG,10359,4708,5651,4104,6192,63,ITF,ITF4,16,Puglia,Puglia,4029053,5227857,129.75,0.26
3105,2021-09-15,PUG,15436,8105,7331,3853,10955,628,ITF,ITF4,16,Puglia,Puglia,4029053,5243293,130.14,0.38
3106,2021-07-20,PUG,47069,23093,23976,8207,38356,506,ITF,ITF4,16,Puglia,Puglia,4029053,5290362,131.31,1.17
3107,2021-09-08,PUG,18703,9814,8889,5964,11980,759,ITF,ITF4,16,Puglia,Puglia,4029053,5309065,131.77,0.46
3108,2021-07-27,PUG,48702,24235,24467,13342,34553,807,ITF,ITF4,16,Puglia,Puglia,4029053,5357767,132.98,1.21
3109,2021-05-31,PUG,38004,18330,19674,23181,14267,556,ITF,ITF4,16,Puglia,Puglia,4029053,5395771,133.92,0.94
3110,2021-04-25,PUG,11329,5244,6085,10051,1144,134,ITF,ITF4,16,Puglia,Puglia,4029053,5407100,134.2,0.28
3111,2021-02-27,PUG,14251,4825,9426,12826,1237,188,ITF,ITF4,16,Puglia,Puglia,4029053,5421351,134.56,0.35
3112,2021-08-03,PUG,36507,18527,17980,9225,26517,765,ITF,ITF4,16,Puglia,Puglia,4029053,5457858,135.46,0.91
3113,2021-01-01,PUG,150,61,89,150,0,0,ITF,ITF4,16,Puglia,Puglia,4029053,5458008,135.47,0.0
3114,2021-06-07,PUG,44493,21721,22772,30398,13328,767,ITF,ITF4,16,Puglia,Puglia,4029053,5502501,136.57,1.1
3115,2021-04-11,PUG,16493,7270,9223,14657,1650,186,ITF,ITF4,16,Puglia,Puglia,4029053,5518994,136.98,0.41
3116,2021-03-06,PUG,16193,6143,10050,13887,2130,176,ITF,ITF4,16,Puglia,Puglia,4029053,5535187,137.38,0.4
3117,2021-01-08,PUG,5699,2399,3300,5697,0,2,ITF,ITF4,16,Puglia,Puglia,4029053,5540886,137.52,0.14
3118,2021-06-14,PUG,42167,20632,21535,28867,12506,794,ITF,ITF4,16,Puglia,Puglia,4029053,5583053,138.57,1.05
3119,2021-04-18,PUG,22693,10860,11833,21434,1058,201,ITF,ITF4,16,Puglia,Puglia,4029053,5605746,139.13,0.56
3120,2021-02-20,PUG,2978,1079,1899,2688,257,33,ITF,ITF4,16,Puglia,Puglia,4029053,5608724,139.21,0.07
3121,2021-08-14,PUG,1099,567,532,507,573,19,ITF,ITF4,16,Puglia,Puglia,4029053,5609823,139.23,0.03
3122,2021-01-15,PUG,4559,1866,2693,4554,0,5,ITF,ITF4,16,Puglia,Puglia,4029053,5614382,139.35,0.11
3123,2021-01-22,PUG,1414,579,835,992,421,1,ITF,ITF4,16,Puglia,Puglia,4029053,5615796,139.38,0.04
3124,2021-08-21,PUG,4307,2305,2002,1974,2098,235,ITF,ITF4,16,Puglia,Puglia,4029053,5620103,139.49,0.11
3125,2021-06-25,PUG,50980,25106,25874,23851,26224,905,ITF,ITF4,16,Puglia,Puglia,4029053,5671083,140.75,1.27
3126,2021-01-11,VEN,7244,2102,5142,7243,0,1,ITH,ITH3,5,Veneto,Veneto,4905854,7244,0.15,0.15
3127,2021-04-21,VEN,32411,13207,19204,15567,16066,778,ITH,ITH3,5,Veneto,Veneto,4905854,39655,0.81,0.66
3128,2021-05-22,VEN,34846,16711,18135,12720,21454,672,ITH,ITH3,5,Veneto,Veneto,4905854,74501,1.52,0.71
3129,2021-02-11,VEN,4015,1238,2777,3349,628,38,ITH,ITH3,5,Veneto,Veneto,4905854,78516,1.6,0.08
3130,2021-01-28,VEN,9216,2666,6550,169,9045,2,ITH,ITH3,5,Veneto,Veneto,4905854,87732,1.79,0.19
3131,2021-07-18,VEN,37722,19763,17959,3847,33625,250,ITH,ITH3,5,Veneto,Veneto,4905854,125454,2.56,0.77
3132,2021-02-25,VEN,7904,3345,4559,7157,607,140,ITH,ITH3,5,Veneto,Veneto,4905854,133358,2.72,0.16
3133,2021-04-09,VEN,31206,13768,17438,21914,8350,942,ITH,ITH3,5,Veneto,Veneto,4905854,164564,3.35,0.64
3134,2021-09-13,VEN,25529,14186,11343,3125,22097,307,ITH,ITH3,5,Veneto,Veneto,4905854,190093,3.87,0.52
3135,2021-06-05,VEN,46888,24153,22735,37322,8105,1461,ITH,ITH3,5,Veneto,Veneto,4905854,236981,4.83,0.96
3136,2021-06-17,VEN,51794,25949,25845,25570,25071,1153,ITH,ITH3,5,Veneto,Veneto,4905854,288775,5.89,1.06
3137,2021-03-09,VEN,16566,7459,9107,9828,6338,400,ITH,ITH3,5,Veneto,Veneto,4905854,305341,6.22,0.34
3138,2021-09-08,VEN,27906,14730,13176,5303,21801,802,ITH,ITH3,5,Veneto,Veneto,4905854,333247,6.79,0.57
3139,2021-05-31,VEN,31655,16246,15409,20886,9936,833,ITH,ITH3,5,Veneto,Veneto,4905854,364902,7.44,0.65
3140,2021-03-26,VEN,29619,13164,16455,23281,5469,869,ITH,ITH3,5,Veneto,Veneto,4905854,394521,8.04,0.6
3141,2021-05-17,VEN,26552,13002,13550,15645,10079,828,ITH,ITH3,5,Veneto,Veneto,4905854,421073,8.58,0.54
3142,2021-02-06,VEN,4099,1354,2745,708,3391,0,ITH,ITH3,5,Veneto,Veneto,4905854,425172,8.67,0.08
3143,2021-08-25,VEN,20083,10893,9190,8042,11465,576,ITH,ITH3,5,Veneto,Veneto,4905854,445255,9.08,0.41
3144,2021-02-23,VEN,7384,3253,4131,7028,270,86,ITH,ITH3,5,Veneto,Veneto,4905854,452639,9.23,0.15
3145,2021-08-13,VEN,24472,13839,10633,18333,5367,772,ITH,ITH3,5,Veneto,Veneto,4905854,477111,9.73,0.5
3146,2021-08-27,VEN,26682,14278,12404,8225,17878,579,ITH,ITH3,5,Veneto,Veneto,4905854,503793,10.27,0.54
3147,2021-05-05,VEN,44420,21284,23136,36224,6564,1632,ITH,ITH3,5,Veneto,Veneto,4905854,548213,11.17,0.91
3148,2021-07-01,VEN,51019,26059,24960,20692,29315,1012,ITH,ITH3,5,Veneto,Veneto,4905854,599232,12.21,1.04
3149,2021-07-27,VEN,42279,22195,20084,11798,30045,436,ITH,ITH3,5,Veneto,Veneto,4905854,641511,13.08,0.86
3150,2021-08-01,VEN,27915,14944,12971,11048,16355,512,ITH,ITH3,5,Veneto,Veneto,4905854,669426,13.65,0.57
3151,2021-04-23,VEN,31321,13862,17459,21443,8711,1167,ITH,ITH3,5,Veneto,Veneto,4905854,700747,14.28,0.64
3152,2021-01-23,VEN,4057,1250,2807,31,4026,0,ITH,ITH3,5,Veneto,Veneto,4905854,704804,14.37,0.08
3153,2021-06-29,VEN,45589,22741,22848,19048,25849,692,ITH,ITH3,5,Veneto,Veneto,4905854,750393,15.3,0.93
3154,2021-03-21,VEN,11991,4755,7236,8285,3466,240,ITH,ITH3,5,Veneto,Veneto,4905854,762384,15.54,0.24
3155,2021-01-16,VEN,4612,1542,3070,4612,0,0,ITH,ITH3,5,Veneto,Veneto,4905854,766996,15.63,0.09
3156,2021-07-13,VEN,43579,22616,20963,5421,37848,310,ITH,ITH3,5,Veneto,Veneto,4905854,810575,16.52,0.89
3157,2021-04-04,VEN,7790,3535,4255,6514,1148,128,ITH,ITH3,5,Veneto,Veneto,4905854,818365,16.68,0.16
3158,2021-03-02,VEN,11498,4628,6870,7935,3312,251,ITH,ITH3,5,Veneto,Veneto,4905854,829863,16.92,0.23
3159,2021-06-10,VEN,52418,27046,25372,41325,9385,1708,ITH,ITH3,5,Veneto,Veneto,4905854,882281,17.98,1.07
3160,2021-04-02,VEN,24123,10636,13487,17148,6332,643,ITH,ITH3,5,Veneto,Veneto,4905854,906404,18.48,0.49
3161,2021-09-15,VEN,18621,9997,8624,3519,14745,357,ITH,ITH3,5,Veneto,Veneto,4905854,925025,18.86,0.38
3162,2021-06-12,VEN,48709,24506,24203,36403,10834,1472,ITH,ITH3,5,Veneto,Veneto,4905854,973734,19.85,0.99
3163,2021-03-28,VEN,31315,13610,17705,26882,3615,818,ITH,ITH3,5,Veneto,Veneto,4905854,1005049,20.49,0.64
3164,2021-06-19,VEN,49311,25086,24225,25676,22601,1034,ITH,ITH3,5,Veneto,Veneto,4905854,1054360,21.49,1.01
3165,2021-07-06,VEN,36158,18629,17529,13205,22316,637,ITH,ITH3,5,Veneto,Veneto,4905854,1090518,22.23,0.74
3166,2021-04-14,VEN,15948,6917,9031,8769,6634,545,ITH,ITH3,5,Veneto,Veneto,4905854,1106466,22.55,0.33
3167,2021-01-04,VEN,6741,2037,4704,6739,0,2,ITH,ITH3,5,Veneto,Veneto,4905854,1113207,22.69,0.14
3168,2021-08-06,VEN,38362,20942,17420,19892,17601,869,ITH,ITH3,5,Veneto,Veneto,4905854,1151569,23.47,0.78
3169,2021-04-28,VEN,32467,15198,17269,22250,9025,1192,ITH,ITH3,5,Veneto,Veneto,4905854,1184036,24.14,0.66
3170,2021-07-20,VEN,44380,23691,20689,6878,36993,509,ITH,ITH3,5,Veneto,Veneto,4905854,1228416,25.04,0.9
3171,2021-01-18,VEN,2766,778,1988,2560,201,5,ITH,ITH3,5,Veneto,Veneto,4905854,1231182,25.1,0.06
3172,2021-02-04,VEN,7398,2030,5368,550,6847,1,ITH,ITH3,5,Veneto,Veneto,4905854,1238580,25.25,0.15
3173,2021-08-08,VEN,20536,11405,9131,10685,9542,309,ITH,ITH3,5,Veneto,Veneto,4905854,1259116,25.67,0.42
3174,2021-02-16,VEN,6644,2870,3774,6439,176,29,ITH,ITH3,5,Veneto,Veneto,4905854,1265760,25.8,0.14
3175,2021-05-29,VEN,33071,16703,16368,24241,7704,1126,ITH,ITH3,5,Veneto,Veneto,4905854,1298831,26.48,0.67
3176,2021-02-18,VEN,5833,2456,3377,5730,64,39,ITH,ITH3,5,Veneto,Veneto,4905854,1304664,26.59,0.12
3177,2021-07-25,VEN,33204,17546,15658,10850,21889,465,ITH,ITH3,5,Veneto,Veneto,4905854,1337868,27.27,0.68
3178,2021-04-16,VEN,24475,10506,13969,11894,11896,685,ITH,ITH3,5,Veneto,Veneto,4905854,1362343,27.77,0.5
3179,2021-05-12,VEN,37017,17924,19093,30258,5129,1630,ITH,ITH3,5,Veneto,Veneto,4905854,1399360,28.52,0.75
3180,2021-07-08,VEN,46734,24318,22416,4504,41928,302,ITH,ITH3,5,Veneto,Veneto,4905854,1446094,29.48,0.95
3181,2021-06-24,VEN,56233,28482,27751,17632,37907,694,ITH,ITH3,5,Veneto,Veneto,4905854,1502327,30.62,1.15
3182,2021-03-16,VEN,12539,5358,7181,6634,5626,279,ITH,ITH3,5,Veneto,Veneto,4905854,1514866,30.88,0.26
3183,2021-08-20,VEN,19472,10546,8926,11308,7584,580,ITH,ITH3,5,Veneto,Veneto,4905854,1534338,31.28,0.4
3184,2021-03-14,VEN,15187,5945,9242,13843,894,450,ITH,ITH3,5,Veneto,Veneto,4905854,1549525,31.59,0.31
3185,2021-05-10,VEN,36529,17090,19439,25418,9861,1250,ITH,ITH3,5,Veneto,Veneto,4905854,1586054,32.33,0.74
3186,2021-01-30,VEN,8769,2684,6085,689,8080,0,ITH,ITH3,5,Veneto,Veneto,4905854,1594823,32.51,0.18
3187,2021-03-07,VEN,4495,1769,2726,3862,561,72,ITH,ITH3,5,Veneto,Veneto,4905854,1599318,32.6,0.09
3188,2021-09-01,VEN,21041,10764,10277,7636,12650,755,ITH,ITH3,5,Veneto,Veneto,4905854,1620359,33.03,0.43
3189,2021-05-24,VEN,33094,16435,16659,7631,25054,409,ITH,ITH3,5,Veneto,Veneto,4905854,1653453,33.7,0.67
3190,2021-08-15,VEN,3106,1763,1343,2617,426,63,ITH,ITH3,5,Veneto,Veneto,4905854,1656559,33.77,0.06
3191,2021-01-09,VEN,7937,2539,5398,7932,0,5,ITH,ITH3,5,Veneto,Veneto,4905854,1664496,33.93,0.16
3192,2021-09-03,VEN,32082,17173,14909,7549,23734,799,ITH,ITH3,5,Veneto,Veneto,4905854,1696578,34.58,0.65
3193,2021-06-09,VEN,42843,21974,20869,33778,7508,1557,ITH,ITH3,5,Veneto,Veneto,4905854,1739421,35.46,0.87
3194,2021-06-28,VEN,47679,24129,23550,18420,28553,706,ITH,ITH3,5,Veneto,Veneto,4905854,1787100,36.43,0.97
3195,2021-01-25,VEN,6471,2077,4394,156,6315,0,ITH,ITH3,5,Veneto,Veneto,4905854,1793571,36.56,0.13
3196,2021-07-29,VEN,47553,25140,22413,20158,26546,849,ITH,ITH3,5,Veneto,Veneto,4905854,1841124,37.53,0.97
3197,2021-05-02,VEN,37247,17266,19981,25603,10331,1313,ITH,ITH3,5,Veneto,Veneto,4905854,1878371,38.29,0.76
3198,2021-06-14,VEN,42634,21563,21071,26294,15321,1019,ITH,ITH3,5,Veneto,Veneto,4905854,1921005,39.16,0.87
3199,2021-03-06,VEN,10688,4357,6331,7216,3281,191,ITH,ITH3,5,Veneto,Veneto,4905854,1931693,39.38,0.22
3200,2021-08-10,VEN,28511,15642,12869,16432,11476,603,ITH,ITH3,5,Veneto,Veneto,4905854,1960204,39.96,0.58
3201,2020-12-30,VEN,699,245,454,699,0,0,ITH,ITH3,5,Veneto,Veneto,4905854,1960903,39.97,0.01
3202,2021-04-30,VEN,50268,23621,26647,33162,15674,1432,ITH,ITH3,5,Veneto,Veneto,4905854,2011171,41.0,1.02
3203,2021-01-20,VEN,1039,368,671,387,652,0,ITH,ITH3,5,Veneto,Veneto,4905854,2012210,41.02,0.02
3204,2021-08-22,VEN,9255,5048,4207,5876,3106,273,ITH,ITH3,5,Veneto,Veneto,4905854,2021465,41.21,0.19
3205,2021-05-14,VEN,46847,22282,24565,24283,20971,1593,ITH,ITH3,5,Veneto,Veneto,4905854,2068312,42.16,0.95
3206,2021-02-20,VEN,6433,2019,4414,6277,75,81,ITH,ITH3,5,Veneto,Veneto,4905854,2074745,42.29,0.13
3207,2021-06-02,VEN,20318,10239,10079,15347,4347,624,ITH,ITH3,5,Veneto,Veneto,4905854,2095063,42.71,0.41
3208,2021-08-24,VEN,19901,10611,9290,8908,10462,531,ITH,ITH3,5,Veneto,Veneto,4905854,2114964,43.11,0.41
3209,2021-03-23,VEN,22240,10253,11987,16878,4718,644,ITH,ITH3,5,Veneto,Veneto,4905854,2137204,43.56,0.45
3210,2021-05-19,VEN,33164,15187,17977,16227,15997,940,ITH,ITH3,5,Veneto,Veneto,4905854,2170368,44.24,0.68
3211,2021-02-08,VEN,5007,1559,3448,1923,3078,6,ITH,ITH3,5,Veneto,Veneto,4905854,2175375,44.34,0.1
3212,2021-08-05,VEN,39265,21453,17812,15721,22937,607,ITH,ITH3,5,Veneto,Veneto,4905854,2214640,45.14,0.8
3213,2021-04-18,VEN,17531,7262,10269,9505,7567,459,ITH,ITH3,5,Veneto,Veneto,4905854,2232171,45.5,0.36
3214,2021-01-08,VEN,9417,2837,6580,9403,0,14,ITH,ITH3,5,Veneto,Veneto,4905854,2241588,45.69,0.19
3215,2021-07-15,VEN,51452,26924,24528,6023,45047,382,ITH,ITH3,5,Veneto,Veneto,4905854,2293040,46.74,1.05
3216,2021-04-20,VEN,22470,9510,12960,7881,14012,577,ITH,ITH3,5,Veneto,Veneto,4905854,2315510,47.2,0.46
3217,2021-08-17,VEN,19280,10472,8808,11226,7595,459,ITH,ITH3,5,Veneto,Veneto,4905854,2334790,47.59,0.39
3218,2021-05-09,VEN,35091,16145,18946,23789,10055,1247,ITH,ITH3,5,Veneto,Veneto,4905854,2369881,48.31,0.72
3219,2021-09-17,VEN,13161,7240,5921,3601,9289,271,ITH,ITH3,5,Veneto,Veneto,4905854,2383042,48.58,0.27
3220,2021-03-18,VEN,12626,5145,7481,7037,5236,353,ITH,ITH3,5,Veneto,Veneto,4905854,2395668,48.83,0.26
3221,2021-06-26,VEN,48092,24519,23573,13593,34007,492,ITH,ITH3,5,Veneto,Veneto,4905854,2443760,49.81,0.98
3222,2021-08-12,VEN,24176,13089,11087,17314,6162,700,ITH,ITH3,5,Veneto,Veneto,4905854,2467936,50.31,0.49
3223,2021-06-07,VEN,44709,23325,21384,36174,7044,1491,ITH,ITH3,5,Veneto,Veneto,4905854,2512645,51.22,0.91
3224,2021-02-27,VEN,8994,2693,6301,7963,849,182,ITH,ITH3,5,Veneto,Veneto,4905854,2521639,51.4,0.18
3225,2021-09-10,VEN,28206,15556,12650,4334,23441,431,ITH,ITH3,5,Veneto,Veneto,4905854,2549845,51.98,0.57
3226,2021-03-11,VEN,19838,8893,10945,13795,5576,467,ITH,ITH3,5,Veneto,Veneto,4905854,2569683,52.38,0.4
3227,2021-04-06,VEN,29036,13369,15667,23260,5046,730,ITH,ITH3,5,Veneto,Veneto,4905854,2598719,52.97,0.59
3228,2021-02-01,VEN,8564,2502,6062,157,8407,0,ITH,ITH3,5,Veneto,Veneto,4905854,2607283,53.15,0.17
3229,2021-02-15,VEN,4392,1827,2565,4143,240,9,ITH,ITH3,5,Veneto,Veneto,4905854,2611675,53.24,0.09
3230,2021-03-30,VEN,36009,15318,20691,29732,5253,1024,ITH,ITH3,5,Veneto,Veneto,4905854,2647684,53.97,0.73
3231,2021-01-13,VEN,5989,1606,4383,5986,0,3,ITH,ITH3,5,Veneto,Veneto,4905854,2653673,54.09,0.12
3232,2021-08-03,VEN,40740,21563,19177,17595,22429,716,ITH,ITH3,5,Veneto,Veneto,4905854,2694413,54.92,0.83
3233,2021-04-25,VEN,18336,8155,10181,12898,4836,602,ITH,ITH3,5,Veneto,Veneto,4905854,2712749,55.3,0.37
3234,2021-06-21,VEN,44342,22193,22149,20462,22972,908,ITH,ITH3,5,Veneto,Veneto,4905854,2757091,56.2,0.9
3235,2021-01-06,VEN,8142,2391,5751,8139,0,3,ITH,ITH3,5,Veneto,Veneto,4905854,2765233,56.37,0.17
3236,2021-05-07,VEN,48656,23313,25343,37606,8683,2367,ITH,ITH3,5,Veneto,Veneto,4905854,2813889,57.36,0.99
3237,2021-01-27,VEN,7150,2069,5081,240,6909,1,ITH,ITH3,5,Veneto,Veneto,4905854,2821039,57.5,0.15
3238,2021-02-13,VEN,3267,1473,1794,3231,20,16,ITH,ITH3,5,Veneto,Veneto,4905854,2824306,57.57,0.07
3239,2021-05-26,VEN,31172,15238,15934,13992,16499,681,ITH,ITH3,5,Veneto,Veneto,4905854,2855478,58.21,0.64
3240,2021-08-31,VEN,19799,10465,9334,6989,12210,600,ITH,ITH3,5,Veneto,Veneto,4905854,2875277,58.61,0.4
3241,2021-03-01,VEN,9395,3717,5678,7411,1822,162,ITH,ITH3,5,Veneto,Veneto,4905854,2884672,58.8,0.19
3242,2021-07-12,VEN,43248,22783,20465,4014,38912,322,ITH,ITH3,5,Veneto,Veneto,4905854,2927920,59.68,0.88
3243,2021-03-04,VEN,12990,4890,8100,9119,3479,392,ITH,ITH3,5,Veneto,Veneto,4905854,2940910,59.95,0.26
3244,2021-07-07,VEN,40992,21328,19664,15642,24548,802,ITH,ITH3,5,Veneto,Veneto,4905854,2981902,60.78,0.84
3245,2021-08-19,VEN,19582,10677,8905,12238,6812,532,ITH,ITH3,5,Veneto,Veneto,4905854,3001484,61.18,0.4
3246,2021-05-11,VEN,33209,16521,16688,27154,4729,1326,ITH,ITH3,5,Veneto,Veneto,4905854,3034693,61.86,0.68
3247,2021-01-22,VEN,1080,332,748,25,1055,0,ITH,ITH3,5,Veneto,Veneto,4905854,3035773,61.88,0.02
3248,2021-08-21,VEN,12195,6879,5316,8288,3387,520,ITH,ITH3,5,Veneto,Veneto,4905854,3047968,62.13,0.25
3249,2021-05-04,VEN,43034,20383,22651,33351,8033,1650,ITH,ITH3,5,Veneto,Veneto,4905854,3091002,63.01,0.88
3250,2021-01-24,VEN,4117,1219,2898,28,4089,0,ITH,ITH3,5,Veneto,Veneto,4905854,3095119,63.09,0.08
3251,2021-08-02,VEN,40108,21040,19068,16311,23169,628,ITH,ITH3,5,Veneto,Veneto,4905854,3135227,63.91,0.82
3252,2021-04-10,VEN,27486,11989,15497,18375,8475,636,ITH,ITH3,5,Veneto,Veneto,4905854,3162713,64.47,0.56
3253,2021-09-14,VEN,21615,11786,9829,3150,18178,287,ITH,ITH3,5,Veneto,Veneto,4905854,3184328,64.91,0.44
3254,2021-06-06,VEN,37452,19174,18278,31493,4731,1228,ITH,ITH3,5,Veneto,Veneto,4905854,3221780,65.67,0.76
3255,2020-12-27,VEN,880,395,485,880,0,0,ITH,ITH3,5,Veneto,Veneto,4905854,3222660,65.69,0.02
3256,2021-09-07,VEN,26552,14143,12409,5550,20274,728,ITH,ITH3,5,Veneto,Veneto,4905854,3249212,66.23,0.54
3257,2021-06-23,VEN,49375,24462,24913,14548,34025,802,ITH,ITH3,5,Veneto,Veneto,4905854,3298587,67.24,1.01
3258,2021-03-15,VEN,16673,7330,9343,10954,5213,506,ITH,ITH3,5,Veneto,Veneto,4905854,3315260,67.58,0.34
3259,2021-04-27,VEN,28214,12799,15415,20133,6916,1165,ITH,ITH3,5,Veneto,Veneto,4905854,3343474,68.15,0.58
3260,2021-01-17,VEN,1933,781,1152,1584,349,0,ITH,ITH3,5,Veneto,Veneto,4905854,3345407,68.19,0.04
3261,2021-02-03,VEN,5955,1672,4283,474,5477,4,ITH,ITH3,5,Veneto,Veneto,4905854,3351362,68.31,0.12
3262,2021-08-07,VEN,28955,16295,12660,16345,12069,541,ITH,ITH3,5,Veneto,Veneto,4905854,3380317,68.9,0.59
3263,2021-04-29,VEN,50335,23413,26922,35404,13185,1746,ITH,ITH3,5,Veneto,Veneto,4905854,3430652,69.93,1.03
3264,2021-07-21,VEN,43283,22342,20941,8694,34089,500,ITH,ITH3,5,Veneto,Veneto,4905854,3473935,70.81,0.88
3265,2021-02-05,VEN,8391,2541,5850,1407,6975,9,ITH,ITH3,5,Veneto,Veneto,4905854,3482326,70.98,0.17
3266,2021-02-22,VEN,7019,3044,3975,6581,391,47,ITH,ITH3,5,Veneto,Veneto,4905854,3489345,71.13,0.14
3267,2021-07-03,VEN,38709,20120,18589,11028,27104,577,ITH,ITH3,5,Veneto,Veneto,4905854,3528054,71.92,0.79
3268,2021-06-16,VEN,47800,23582,24218,25249,21451,1100,ITH,ITH3,5,Veneto,Veneto,4905854,3575854,72.89,0.97
3269,2021-01-01,VEN,1528,471,1057,1527,0,1,ITH,ITH3,5,Veneto,Veneto,4905854,3577382,72.92,0.03
3270,2021-03-25,VEN,25977,11064,14913,18970,6105,902,ITH,ITH3,5,Veneto,Veneto,4905854,3603359,73.45,0.53
3271,2021-04-11,VEN,21015,8878,12137,14228,6299,488,ITH,ITH3,5,Veneto,Veneto,4905854,3624374,73.88,0.43
3272,2021-07-22,VEN,48407,25131,23276,13311,34441,655,ITH,ITH3,5,Veneto,Veneto,4905854,3672781,74.87,0.99
3273,2021-04-13,VEN,14043,6331,7712,8054,5483,506,ITH,ITH3,5,Veneto,Veneto,4905854,3686824,75.15,0.29
3274,2021-07-05,VEN,39145,20286,18859,14145,24199,801,ITH,ITH3,5,Veneto,Veneto,4905854,3725969,75.95,0.8
3275,2021-09-02,VEN,22766,12161,10605,6104,15850,812,ITH,ITH3,5,Veneto,Veneto,4905854,3748735,76.41,0.46
3276,2021-09-16,VEN,21796,11844,9952,3778,17650,368,ITH,ITH3,5,Veneto,Veneto,4905854,3770531,76.86,0.44
3277,2021-03-03,VEN,12102,4648,7454,8389,3502,211,ITH,ITH3,5,Veneto,Veneto,4905854,3782633,77.1,0.25
3278,2021-06-11,VEN,47323,24621,22702,34708,11185,1430,ITH,ITH3,5,Veneto,Veneto,4905854,3829956,78.07,0.96
3279,2021-06-25,VEN,51727,26170,25557,15077,36008,642,ITH,ITH3,5,Veneto,Veneto,4905854,3881683,79.12,1.05
3280,2021-05-30,VEN,22552,11274,11278,15206,6692,654,ITH,ITH3,5,Veneto,Veneto,4905854,3904235,79.58,0.46
3281,2021-07-26,VEN,43650,22947,20703,17000,26017,633,ITH,ITH3,5,Veneto,Veneto,4905854,3947885,80.47,0.89
3282,2021-07-19,VEN,44752,23572,21180,7963,36393,396,ITH,ITH3,5,Veneto,Veneto,4905854,3992637,81.39,0.91
3283,2021-02-26,VEN,8297,3273,5024,6942,1260,95,ITH,ITH3,5,Veneto,Veneto,4905854,4000934,81.55,0.17
3284,2021-04-24,VEN,24770,10832,13938,14965,9081,724,ITH,ITH3,5,Veneto,Veneto,4905854,4025704,82.06,0.5
3285,2021-01-14,VEN,7066,1927,5139,7049,0,17,ITH,ITH3,5,Veneto,Veneto,4905854,4032770,82.2,0.14
3286,2021-03-12,VEN,18665,8196,10469,11327,6752,586,ITH,ITH3,5,Veneto,Veneto,4905854,4051435,82.58,0.38
3287,2021-05-16,VEN,28422,14015,14407,20315,7081,1026,ITH,ITH3,5,Veneto,Veneto,4905854,4079857,83.16,0.58
3288,2021-08-09,VEN,34780,18648,16132,17151,16862,767,ITH,ITH3,5,Veneto,Veneto,4905854,4114637,83.87,0.71
3289,2021-08-26,VEN,22331,11897,10434,8330,13395,606,ITH,ITH3,5,Veneto,Veneto,4905854,4136968,84.33,0.46
3290,2021-01-03,VEN,5157,1562,3595,5157,0,0,ITH,ITH3,5,Veneto,Veneto,4905854,4142125,84.43,0.11
3291,2021-04-03,VEN,21999,9649,12350,13870,7723,406,ITH,ITH3,5,Veneto,Veneto,4905854,4164124,84.88,0.45
3292,2021-03-20,VEN,13035,5393,7642,10657,2082,296,ITH,ITH3,5,Veneto,Veneto,4905854,4177159,85.15,0.27
3293,2021-01-10,VEN,5036,1673,3363,5035,0,1,ITH,ITH3,5,Veneto,Veneto,4905854,4182195,85.25,0.1
3294,2021-04-07,VEN,36067,16207,19860,27610,7341,1116,ITH,ITH3,5,Veneto,Veneto,4905854,4218262,85.98,0.74
3295,2021-07-16,VEN,44753,24077,20676,6955,37334,464,ITH,ITH3,5,Veneto,Veneto,4905854,4263015,86.9,0.91
3296,2021-01-31,VEN,4789,1566,3223,408,4381,0,ITH,ITH3,5,Veneto,Veneto,4905854,4267804,86.99,0.1
3297,2021-03-29,VEN,31481,13708,17773,26646,3830,1005,ITH,ITH3,5,Veneto,Veneto,4905854,4299285,87.64,0.64
3298,2021-05-13,VEN,44352,21887,22465,32585,9919,1848,ITH,ITH3,5,Veneto,Veneto,4905854,4343637,88.54,0.9
3299,2021-02-02,VEN,6515,1881,4634,396,6119,0,ITH,ITH3,5,Veneto,Veneto,4905854,4350152,88.67,0.13
3300,2021-07-09,VEN,45099,23788,21311,4126,40687,286,ITH,ITH3,5,Veneto,Veneto,4905854,4395251,89.59,0.92
3301,2021-07-14,VEN,43644,22439,21205,5281,37965,398,ITH,ITH3,5,Veneto,Veneto,4905854,4438895,90.48,0.89
3302,2021-04-22,VEN,32079,13947,18132,15471,15781,827,ITH,ITH3,5,Veneto,Veneto,4905854,4470974,91.14,0.65
3303,2021-07-31,VEN,35182,18904,16278,17035,17504,643,ITH,ITH3,5,Veneto,Veneto,4905854,4506156,91.85,0.72
3304,2021-08-14,VEN,9920,5809,4111,7272,2400,248,ITH,ITH3,5,Veneto,Veneto,4905854,4516076,92.05,0.2
3305,2020-12-31,VEN,3221,1042,2179,3221,0,0,ITH,ITH3,5,Veneto,Veneto,4905854,4519297,92.12,0.07
3306,2021-07-04,VEN,33887,17580,16307,14990,18289,608,ITH,ITH3,5,Veneto,Veneto,4905854,4553184,92.81,0.69
3307,2021-04-12,VEN,14920,6346,8574,6397,8219,304,ITH,ITH3,5,Veneto,Veneto,4905854,4568104,93.12,0.3
3308,2021-01-02,VEN,5744,1767,3977,5743,0,1,ITH,ITH3,5,Veneto,Veneto,4905854,4573848,93.23,0.12
3309,2021-04-17,VEN,22452,9099,13353,14373,7278,801,ITH,ITH3,5,Veneto,Veneto,4905854,4596300,93.69,0.46
3310,2021-01-07,VEN,8363,2318,6045,8362,0,1,ITH,ITH3,5,Veneto,Veneto,4905854,4604663,93.86,0.17
3311,2021-06-13,VEN,37346,19260,18086,29317,6958,1071,ITH,ITH3,5,Veneto,Veneto,4905854,4642009,94.62,0.76
3312,2021-01-21,VEN,2294,719,1575,19,2275,0,ITH,ITH3,5,Veneto,Veneto,4905854,4644303,94.67,0.05
3313,2021-03-05,VEN,13341,5023,8318,9222,3674,445,ITH,ITH3,5,Veneto,Veneto,4905854,4657644,94.94,0.27
3314,2021-03-08,VEN,13644,6282,7362,9301,4078,265,ITH,ITH3,5,Veneto,Veneto,4905854,4671288,95.22,0.28
3315,2021-06-18,VEN,53662,26781,26881,23979,28639,1044,ITH,ITH3,5,Veneto,Veneto,4905854,4724950,96.31,1.09
3316,2021-09-09,VEN,30053,16614,13439,4317,25307,429,ITH,ITH3,5,Veneto,Veneto,4905854,4755003,96.93,0.61
3317,2021-03-27,VEN,32093,14018,18075,25375,5807,911,ITH,ITH3,5,Veneto,Veneto,4905854,4787096,97.58,0.65
3318,2021-05-18,VEN,27041,12552,14489,12631,13645,765,ITH,ITH3,5,Veneto,Veneto,4905854,4814137,98.13,0.55
3319,2021-06-30,VEN,45828,23108,22720,17872,27205,751,ITH,ITH3,5,Veneto,Veneto,4905854,4859965,99.06,0.93
3320,2021-03-22,VEN,18158,8186,9972,12583,5050,525,ITH,ITH3,5,Veneto,Veneto,4905854,4878123,99.43,0.37
3321,2021-03-13,VEN,17242,7312,9930,13736,3132,374,ITH,ITH3,5,Veneto,Veneto,4905854,4895365,99.79,0.35
3322,2021-01-15,VEN,5880,1819,4061,5874,0,6,ITH,ITH3,5,Veneto,Veneto,4905854,4901245,99.91,0.12
3323,2021-08-28,VEN,20875,11592,9283,8643,11494,738,ITH,ITH3,5,Veneto,Veneto,4905854,4922120,100.33,0.43
3324,2021-05-23,VEN,34492,16470,18022,10620,23400,472,ITH,ITH3,5,Veneto,Veneto,4905854,4956612,101.03,0.7
3325,2021-02-12,VEN,4314,1446,2868,3670,572,72,ITH,ITH3,5,Veneto,Veneto,4905854,4960926,101.12,0.09
3326,2021-01-29,VEN,9030,2790,6240,365,8665,0,ITH,ITH3,5,Veneto,Veneto,4905854,4969956,101.31,0.18
3327,2021-05-08,VEN,41533,18788,22745,28256,11838,1439,ITH,ITH3,5,Veneto,Veneto,4905854,5011489,102.15,0.85
3328,2021-07-30,VEN,45595,24250,21345,22631,22082,882,ITH,ITH3,5,Veneto,Veneto,4905854,5057084,103.08,0.93
3329,2021-08-16,VEN,19741,10688,9053,12998,6167,576,ITH,ITH3,5,Veneto,Veneto,4905854,5076825,103.49,0.4
3330,2021-06-27,VEN,40243,20558,19685,15348,24313,582,ITH,ITH3,5,Veneto,Veneto,4905854,5117068,104.31,0.82
3331,2021-03-19,VEN,13804,5672,8132,7402,6106,296,ITH,ITH3,5,Veneto,Veneto,4905854,5130872,104.59,0.28
3332,2021-03-31,VEN,38989,16465,22524,30428,7508,1053,ITH,ITH3,5,Veneto,Veneto,4905854,5169861,105.38,0.79
3333,2021-07-11,VEN,34240,17925,16315,3700,30284,256,ITH,ITH3,5,Veneto,Veneto,4905854,5204101,106.08,0.7
3334,2021-01-19,VEN,1313,475,838,1163,149,1,ITH,ITH3,5,Veneto,Veneto,4905854,5205414,106.11,0.03
3335,2021-07-23,VEN,44502,23461,21041,15138,28790,574,ITH,ITH3,5,Veneto,Veneto,4905854,5249916,107.01,0.91
3336,2021-05-01,VEN,38877,18252,20625,28708,8929,1240,ITH,ITH3,5,Veneto,Veneto,4905854,5288793,107.81,0.79
3337,2021-06-08,VEN,43860,22678,21182,36185,6153,1522,ITH,ITH3,5,Veneto,Veneto,4905854,5332653,108.7,0.89
3338,2021-05-25,VEN,27873,13454,14419,11274,16098,501,ITH,ITH3,5,Veneto,Veneto,4905854,5360526,109.27,0.57
3339,2021-02-14,VEN,126,56,70,113,13,0,ITH,ITH3,5,Veneto,Veneto,4905854,5360652,109.27,0.0
3340,2021-02-28,VEN,4136,1389,2747,3224,837,75,ITH,ITH3,5,Veneto,Veneto,4905854,5364788,109.35,0.08
3341,2021-09-11,VEN,20855,11697,9158,3030,17486,339,ITH,ITH3,5,Veneto,Veneto,4905854,5385643,109.78,0.43
3342,2021-06-03,VEN,54539,28046,26493,40870,12009,1660,ITH,ITH3,5,Veneto,Veneto,4905854,5440182,110.89,1.11
3343,2021-06-20,VEN,41215,20068,21147,18921,21545,749,ITH,ITH3,5,Veneto,Veneto,4905854,5481397,111.73,0.84
3344,2021-02-19,VEN,7324,3141,4183,6996,204,124,ITH,ITH3,5,Veneto,Veneto,4905854,5488721,111.88,0.15
3345,2021-08-23,VEN,24526,13035,11491,10581,13235,710,ITH,ITH3,5,Veneto,Veneto,4905854,5513247,112.38,0.5
3346,2021-02-21,VEN,4640,1212,3428,4516,5,119,ITH,ITH3,5,Veneto,Veneto,4905854,5517887,112.48,0.09
3347,2021-05-15,VEN,36279,17521,18758,24820,10025,1434,ITH,ITH3,5,Veneto,Veneto,4905854,5554166,113.22,0.74
3348,2021-06-01,VEN,26997,13570,13427,15787,10561,649,ITH,ITH3,5,Veneto,Veneto,4905854,5581163,113.77,0.55
3349,2021-03-10,VEN,19044,8728,10316,12959,5686,399,ITH,ITH3,5,Veneto,Veneto,4905854,5600207,114.15,0.39
3350,2021-05-20,VEN,44856,21265,23591,19367,24380,1109,ITH,ITH3,5,Veneto,Veneto,4905854,5645063,115.07,0.91
3351,2021-02-09,VEN,5250,1892,3358,3431,1806,13,ITH,ITH3,5,Veneto,Veneto,4905854,5650313,115.17,0.11
3352,2021-08-30,VEN,26929,14276,12653,7979,18330,620,ITH,ITH3,5,Veneto,Veneto,4905854,5677242,115.72,0.55
3353,2021-09-04,VEN,23588,12885,10703,6051,16884,653,ITH,ITH3,5,Veneto,Veneto,4905854,5700830,116.2,0.48
3354,2021-05-27,VEN,46673,22926,23747,22362,23261,1050,ITH,ITH3,5,Veneto,Veneto,4905854,5747503,117.16,0.95
3355,2021-02-07,VEN,2316,863,1453,714,1601,1,ITH,ITH3,5,Veneto,Veneto,4905854,5749819,117.2,0.05
3356,2021-09-06,VEN,28325,15218,13107,5836,21811,678,ITH,ITH3,5,Veneto,Veneto,4905854,5778144,117.78,0.58
3357,2021-07-02,VEN,49573,25144,24429,16288,32499,786,ITH,ITH3,5,Veneto,Veneto,4905854,5827717,118.79,1.01
3358,2021-03-24,VEN,22126,9581,12545,14663,6806,657,ITH,ITH3,5,Veneto,Veneto,4905854,5849843,119.24,0.45
3359,2021-03-17,VEN,14646,5991,8655,7526,6797,323,ITH,ITH3,5,Veneto,Veneto,4905854,5864489,119.54,0.3
3360,2021-07-28,VEN,40310,20928,19382,12060,27799,451,ITH,ITH3,5,Veneto,Veneto,4905854,5904799,120.36,0.82
3361,2021-01-12,VEN,5231,1517,3714,5223,0,8,ITH,ITH3,5,Veneto,Veneto,4905854,5910030,120.47,0.11
3362,2021-04-19,VEN,21560,8929,12631,4707,16422,431,ITH,ITH3,5,Veneto,Veneto,4905854,5931590,120.91,0.44
3363,2021-04-05,VEN,19165,8376,10789,13423,5439,303,ITH,ITH3,5,Veneto,Veneto,4905854,5950755,121.3,0.39
3364,2021-01-26,VEN,6927,2093,4834,149,6778,0,ITH,ITH3,5,Veneto,Veneto,4905854,5957682,121.44,0.14
3365,2021-05-06,VEN,47059,22068,24991,36579,8499,1981,ITH,ITH3,5,Veneto,Veneto,4905854,6004741,122.4,0.96
3366,2021-05-03,VEN,40712,19813,20899,32801,6439,1472,ITH,ITH3,5,Veneto,Veneto,4905854,6045453,123.23,0.83
3367,2021-05-28,VEN,46980,22983,23997,23675,22095,1210,ITH,ITH3,5,Veneto,Veneto,4905854,6092433,124.19,0.96
3368,2021-07-24,VEN,41715,22366,19349,13303,27775,637,ITH,ITH3,5,Veneto,Veneto,4905854,6134148,125.04,0.85
3369,2021-07-10,VEN,43199,23217,19982,6302,36543,354,ITH,ITH3,5,Veneto,Veneto,4905854,6177347,125.92,0.88
3370,2021-09-05,VEN,15208,8397,6811,3479,11437,292,ITH,ITH3,5,Veneto,Veneto,4905854,6192555,126.23,0.31
3371,2021-07-17,VEN,40619,21489,19130,4296,35978,345,ITH,ITH3,5,Veneto,Veneto,4905854,6233174,127.06,0.83
3372,2021-09-12,VEN,15331,8634,6697,2364,12807,160,ITH,ITH3,5,Veneto,Veneto,4905854,6248505,127.37,0.31
3373,2021-08-29,VEN,13397,7352,6045,4493,8580,324,ITH,ITH3,5,Veneto,Veneto,4905854,6261902,127.64,0.27
3374,2021-05-21,VEN,44867,22068,22799,19799,23959,1109,ITH,ITH3,5,Veneto,Veneto,4905854,6306769,128.56,0.91
3375,2021-02-17,VEN,6022,2772,3250,5900,94,28,ITH,ITH3,5,Veneto,Veneto,4905854,6312791,128.68,0.12
3376,2021-04-01,VEN,25404,11197,14207,18210,6414,780,ITH,ITH3,5,Veneto,Veneto,4905854,6338195,129.2,0.52
3377,2021-04-15,VEN,20949,8659,12290,9369,10833,747,ITH,ITH3,5,Veneto,Veneto,4905854,6359144,129.62,0.43
3378,2021-01-05,VEN,7335,2186,5149,7333,0,2,ITH,ITH3,5,Veneto,Veneto,4905854,6366479,129.77,0.15
3379,2021-02-10,VEN,4763,1593,3170,3692,1061,10,ITH,ITH3,5,Veneto,Veneto,4905854,6371242,129.87,0.1
3380,2021-04-08,VEN,32418,14390,18028,23352,7889,1177,ITH,ITH3,5,Veneto,Veneto,4905854,6403660,130.53,0.66
3381,2021-06-04,VEN,49656,25843,23813,39826,8153,1677,ITH,ITH3,5,Veneto,Veneto,4905854,6453316,131.54,1.01
3382,2021-02-24,VEN,8623,3680,4943,7996,490,137,ITH,ITH3,5,Veneto,Veneto,4905854,6461939,131.72,0.18
3383,2021-06-22,VEN,43749,21631,22118,18502,24390,857,ITH,ITH3,5,Veneto,Veneto,4905854,6505688,132.61,0.89
3384,2021-08-18,VEN,23335,12577,10758,14214,8446,675,ITH,ITH3,5,Veneto,Veneto,4905854,6529023,133.09,0.48
3385,2021-08-04,VEN,42483,22688,19795,22611,18772,1100,ITH,ITH3,5,Veneto,Veneto,4905854,6571506,133.95,0.87
3386,2021-04-26,VEN,20734,9461,11273,14912,5140,682,ITH,ITH3,5,Veneto,Veneto,4905854,6592240,134.37,0.42
3387,2021-06-15,VEN,47849,24305,23544,29142,17552,1155,ITH,ITH3,5,Veneto,Veneto,4905854,6640089,135.35,0.98
3388,2021-08-11,VEN,26810,14804,12006,15667,10576,567,ITH,ITH3,5,Veneto,Veneto,4905854,6666899,135.9,0.55
3389,2021-02-28,LIG,1060,580,480,1048,11,1,ITC,ITC3,7,Liguria,Liguria,1550640,1060,0.07,0.07
3390,2021-09-01,LIG,8502,4478,4024,2707,5719,76,ITC,ITC3,7,Liguria,Liguria,1550640,9562,0.62,0.55
3391,2021-08-01,LIG,1490,856,634,152,1338,0,ITC,ITC3,7,Liguria,Liguria,1550640,11052,0.71,0.1
3392,2021-02-16,LIG,2431,958,1473,1996,430,5,ITC,ITC3,7,Liguria,Liguria,1550640,13483,0.87,0.16
3393,2021-07-23,LIG,20027,10317,9710,5110,14786,131,ITC,ITC3,7,Liguria,Liguria,1550640,33510,2.16,1.29
3394,2021-05-27,LIG,17016,8721,8295,12675,4181,160,ITC,ITC3,7,Liguria,Liguria,1550640,50526,3.26,1.1
3395,2021-04-14,LIG,13085,5675,7410,10752,2211,122,ITC,ITC3,7,Liguria,Liguria,1550640,63611,4.1,0.84
3396,2021-04-26,LIG,10593,4998,5595,7863,2642,88,ITC,ITC3,7,Liguria,Liguria,1550640,74204,4.79,0.68
3397,2021-01-16,LIG,1279,558,721,1274,0,5,ITC,ITC3,7,Liguria,Liguria,1550640,75483,4.87,0.08
3398,2021-02-02,LIG,2675,1007,1668,127,2546,2,ITC,ITC3,7,Liguria,Liguria,1550640,78158,5.04,0.17
3399,2021-04-28,LIG,14470,6527,7943,6380,8002,88,ITC,ITC3,7,Liguria,Liguria,1550640,92628,5.97,0.93
3400,2021-03-26,LIG,9361,4043,5318,6094,3160,107,ITC,ITC3,7,Liguria,Liguria,1550640,101989,6.58,0.6
3401,2021-07-04,LIG,4866,2584,2282,3802,1001,63,ITC,ITC3,7,Liguria,Liguria,1550640,106855,6.89,0.31
3402,2021-01-02,LIG,693,247,446,693,0,0,ITC,ITC3,7,Liguria,Liguria,1550640,107548,6.94,0.04
3403,2021-03-14,LIG,1659,752,907,1043,604,12,ITC,ITC3,7,Liguria,Liguria,1550640,109207,7.04,0.11
3404,2021-08-18,LIG,12231,6598,5633,4246,7858,127,ITC,ITC3,7,Liguria,Liguria,1550640,121438,7.83,0.79
3405,2021-06-22,LIG,15821,7469,8352,7612,8140,69,ITC,ITC3,7,Liguria,Liguria,1550640,137259,8.85,1.02
3406,2021-07-06,LIG,12379,6075,6304,5626,6661,92,ITC,ITC3,7,Liguria,Liguria,1550640,149638,9.65,0.8
3407,2021-05-10,LIG,12663,5650,7013,6197,6382,84,ITC,ITC3,7,Liguria,Liguria,1550640,162301,10.47,0.82
3408,2021-07-18,LIG,2384,1223,1161,382,1985,17,ITC,ITC3,7,Liguria,Liguria,1550640,164685,10.62,0.15
3409,2021-06-05,LIG,8110,4132,3978,4921,3156,33,ITC,ITC3,7,Liguria,Liguria,1550640,172795,11.14,0.52
3410,2021-04-09,LIG,12487,5570,6917,10565,1787,135,ITC,ITC3,7,Liguria,Liguria,1550640,185282,11.95,0.81
3411,2021-09-13,LIG,7004,3605,3399,2332,4551,121,ITC,ITC3,7,Liguria,Liguria,1550640,192286,12.4,0.45
3412,2021-03-31,LIG,11956,5292,6664,9072,2780,104,ITC,ITC3,7,Liguria,Liguria,1550640,204242,13.17,0.77
3413,2021-01-28,LIG,2851,972,1879,37,2814,0,ITC,ITC3,7,Liguria,Liguria,1550640,207093,13.36,0.18
3414,2021-08-30,LIG,9787,5229,4558,2459,7242,86,ITC,ITC3,7,Liguria,Liguria,1550640,216880,13.99,0.63
3415,2021-02-11,LIG,1990,773,1217,1092,888,10,ITC,ITC3,7,Liguria,Liguria,1550640,218870,14.11,0.13
3416,2021-05-22,LIG,6657,3222,3435,4879,1687,91,ITC,ITC3,7,Liguria,Liguria,1550640,225527,14.54,0.43
3417,2021-06-10,LIG,18902,9745,9157,13121,5679,102,ITC,ITC3,7,Liguria,Liguria,1550640,244429,15.76,1.22
3418,2021-03-19,LIG,5304,2237,3067,2100,3153,51,ITC,ITC3,7,Liguria,Liguria,1550640,249733,16.11,0.34
3419,2021-03-02,LIG,4083,1695,2388,3765,310,8,ITC,ITC3,7,Liguria,Liguria,1550640,253816,16.37,0.26
3420,2021-01-09,LIG,1338,484,854,1337,0,1,ITC,ITC3,7,Liguria,Liguria,1550640,255154,16.45,0.09
3421,2021-04-19,LIG,12842,5622,7220,8918,3835,89,ITC,ITC3,7,Liguria,Liguria,1550640,267996,17.28,0.83
3422,2021-07-13,LIG,13110,6449,6661,3464,9586,60,ITC,ITC3,7,Liguria,Liguria,1550640,281106,18.13,0.85
3423,2021-05-29,LIG,6890,3263,3627,3989,2874,27,ITC,ITC3,7,Liguria,Liguria,1550640,287996,18.57,0.44
3424,2021-09-06,LIG,8036,4155,3881,2713,5212,111,ITC,ITC3,7,Liguria,Liguria,1550640,296032,19.09,0.52
3425,2021-07-25,LIG,6412,3275,3137,654,5747,11,ITC,ITC3,7,Liguria,Liguria,1550640,302444,19.5,0.41
3426,2021-02-09,LIG,1957,696,1261,262,1692,3,ITC,ITC3,7,Liguria,Liguria,1550640,304401,19.63,0.13
3427,2021-08-06,LIG,12223,6213,6010,3975,8129,119,ITC,ITC3,7,Liguria,Liguria,1550640,316624,20.42,0.79
3428,2021-02-04,LIG,2820,990,1830,177,2643,0,ITC,ITC3,7,Liguria,Liguria,1550640,319444,20.6,0.18
3429,2021-05-15,LIG,7325,3277,4048,4295,2964,66,ITC,ITC3,7,Liguria,Liguria,1550640,326769,21.07,0.47
3430,2021-02-21,LIG,868,490,378,862,4,2,ITC,ITC3,7,Liguria,Liguria,1550640,327637,21.13,0.06
3431,2021-06-15,LIG,17445,8475,8970,9270,8096,79,ITC,ITC3,7,Liguria,Liguria,1550640,345082,22.25,1.13
3432,2021-03-07,LIG,1915,1139,776,1602,301,12,ITC,ITC3,7,Liguria,Liguria,1550640,346997,22.38,0.12
3433,2021-09-08,LIG,7483,3911,3572,2127,5249,107,ITC,ITC3,7,Liguria,Liguria,1550640,354480,22.86,0.48
3434,2021-06-17,LIG,16711,7942,8769,9078,7546,87,ITC,ITC3,7,Liguria,Liguria,1550640,371191,23.94,1.08
3435,2020-12-28,LIG,80,30,50,80,0,0,ITC,ITC3,7,Liguria,Liguria,1550640,371271,23.94,0.01
3436,2021-06-03,LIG,15555,7711,7844,9104,6392,59,ITC,ITC3,7,Liguria,Liguria,1550640,386826,24.95,1.0
3437,2021-04-07,LIG,13696,6115,7581,11311,2293,92,ITC,ITC3,7,Liguria,Liguria,1550640,400522,25.83,0.88
3438,2021-02-23,LIG,3809,1559,2250,3663,109,37,ITC,ITC3,7,Liguria,Liguria,1550640,404331,26.08,0.25
3439,2021-05-03,LIG,13270,5925,7345,6362,6822,86,ITC,ITC3,7,Liguria,Liguria,1550640,417601,26.93,0.86
3440,2021-08-11,LIG,13140,6739,6401,4790,8234,116,ITC,ITC3,7,Liguria,Liguria,1550640,430741,27.78,0.85
3441,2021-03-21,LIG,551,220,331,69,482,0,ITC,ITC3,7,Liguria,Liguria,1550640,431292,27.81,0.04
3442,2021-08-25,LIG,9361,5043,4318,3215,6028,118,ITC,ITC3,7,Liguria,Liguria,1550640,440653,28.42,0.6
3443,2021-01-23,LIG,813,297,516,156,657,0,ITC,ITC3,7,Liguria,Liguria,1550640,441466,28.47,0.05
3444,2021-06-29,LIG,15193,7238,7955,8623,6467,103,ITC,ITC3,7,Liguria,Liguria,1550640,456659,29.45,0.98
3445,2021-05-17,LIG,12048,5528,6520,8596,3381,71,ITC,ITC3,7,Liguria,Liguria,1550640,468707,30.23,0.78
3446,2021-01-21,LIG,1109,385,724,677,431,1,ITC,ITC3,7,Liguria,Liguria,1550640,469816,30.3,0.07
3447,2021-08-20,LIG,9438,5032,4406,3139,6202,97,ITC,ITC3,7,Liguria,Liguria,1550640,479254,30.91,0.61
3448,2021-07-11,LIG,2154,1195,959,1232,903,19,ITC,ITC3,7,Liguria,Liguria,1550640,481408,31.05,0.14
3449,2021-06-24,LIG,11167,5451,5716,6218,4869,80,ITC,ITC3,7,Liguria,Liguria,1550640,492575,31.77,0.72
3450,2021-04-02,LIG,11796,5223,6573,9221,2489,86,ITC,ITC3,7,Liguria,Liguria,1550640,504371,32.53,0.76
3451,2021-04-21,LIG,14297,6461,7836,8860,5347,90,ITC,ITC3,7,Liguria,Liguria,1550640,518668,33.45,0.92
3452,2021-07-30,LIG,16101,8343,7758,4656,11343,102,ITC,ITC3,7,Liguria,Liguria,1550640,534769,34.49,1.04
3453,2021-08-13,LIG,10903,5631,5272,3928,6879,96,ITC,ITC3,7,Liguria,Liguria,1550640,545672,35.19,0.7
3454,2021-05-08,LIG,7540,3337,4203,2274,5228,38,ITC,ITC3,7,Liguria,Liguria,1550640,553212,35.68,0.49
3455,2021-08-15,LIG,1411,786,625,848,530,33,ITC,ITC3,7,Liguria,Liguria,1550640,554623,35.77,0.09
3456,2021-05-24,LIG,11895,5597,6298,9283,2512,100,ITC,ITC3,7,Liguria,Liguria,1550640,566518,36.53,0.77
3457,2021-05-07,LIG,13619,6050,7569,5707,7815,97,ITC,ITC3,7,Liguria,Liguria,1550640,580137,37.41,0.88
3458,2021-09-15,LIG,6119,3208,2911,2115,3887,117,ITC,ITC3,7,Liguria,Liguria,1550640,586256,37.81,0.39
3459,2021-02-13,LIG,1081,509,572,798,280,3,ITC,ITC3,7,Liguria,Liguria,1550640,587337,37.88,0.07
3460,2021-04-23,LIG,14699,6654,8045,8460,6130,109,ITC,ITC3,7,Liguria,Liguria,1550640,602036,38.83,0.95
3461,2021-03-11,LIG,6424,3103,3321,4358,2015,51,ITC,ITC3,7,Liguria,Liguria,1550640,608460,39.24,0.41
3462,2021-01-13,LIG,2762,1016,1746,2761,0,1,ITC,ITC3,7,Liguria,Liguria,1550640,611222,39.42,0.18
3463,2021-01-04,LIG,2625,857,1768,2624,0,1,ITC,ITC3,7,Liguria,Liguria,1550640,613847,39.59,0.17
3464,2021-08-03,LIG,14145,7226,6919,3966,10075,104,ITC,ITC3,7,Liguria,Liguria,1550640,627992,40.5,0.91
3465,2021-09-10,LIG,6927,3694,3233,1954,4867,106,ITC,ITC3,7,Liguria,Liguria,1550640,634919,40.95,0.45
3466,2021-06-02,LIG,8545,4349,4196,5335,3177,33,ITC,ITC3,7,Liguria,Liguria,1550640,643464,41.5,0.55
3467,2021-06-19,LIG,7418,3777,3641,5687,1675,56,ITC,ITC3,7,Liguria,Liguria,1550640,650882,41.98,0.48
3468,2020-12-30,LIG,12,5,7,12,0,0,ITC,ITC3,7,Liguria,Liguria,1550640,650894,41.98,0.0
3469,2021-07-03,LIG,8829,4381,4448,5437,3331,61,ITC,ITC3,7,Liguria,Liguria,1550640,659723,42.55,0.57
3470,2021-04-11,LIG,4251,1930,2321,3958,249,44,ITC,ITC3,7,Liguria,Liguria,1550640,663974,42.82,0.27
3471,2021-07-20,LIG,13985,6886,7099,2703,11206,76,ITC,ITC3,7,Liguria,Liguria,1550640,677959,43.72,0.9
3472,2021-01-30,LIG,1666,572,1094,22,1643,1,ITC,ITC3,7,Liguria,Liguria,1550640,679625,43.83,0.11
3473,2021-03-28,LIG,1141,510,631,381,752,8,ITC,ITC3,7,Liguria,Liguria,1550640,680766,43.9,0.07
3474,2021-08-29,LIG,738,420,318,173,562,3,ITC,ITC3,7,Liguria,Liguria,1550640,681504,43.95,0.05
3475,2021-08-10,LIG,13145,6562,6583,4284,8718,143,ITC,ITC3,7,Liguria,Liguria,1550640,694649,44.8,0.85
3476,2021-06-14,LIG,15170,7324,7846,8209,6883,78,ITC,ITC3,7,Liguria,Liguria,1550640,709819,45.78,0.98
3477,2021-02-25,LIG,3461,1351,2110,3308,130,23,ITC,ITC3,7,Liguria,Liguria,1550640,713280,46.0,0.22
3478,2021-06-07,LIG,15718,7670,8048,8612,7040,66,ITC,ITC3,7,Liguria,Liguria,1550640,728998,47.01,1.01
3479,2021-06-26,LIG,7230,3366,3864,4432,2724,74,ITC,ITC3,7,Liguria,Liguria,1550640,736228,47.48,0.47
3480,2021-07-10,LIG,6913,3488,3425,2725,4137,51,ITC,ITC3,7,Liguria,Liguria,1550640,743141,47.92,0.45
3481,2021-04-04,LIG,764,369,395,508,251,5,ITC,ITC3,7,Liguria,Liguria,1550640,743905,47.97,0.05
3482,2021-01-25,LIG,2735,894,1841,474,2260,1,ITC,ITC3,7,Liguria,Liguria,1550640,746640,48.15,0.18
3483,2021-05-05,LIG,13726,6143,7583,5177,8464,85,ITC,ITC3,7,Liguria,Liguria,1550640,760366,49.04,0.89
3484,2021-07-29,LIG,18012,9220,8792,4405,13521,86,ITC,ITC3,7,Liguria,Liguria,1550640,778378,50.2,1.16
3485,2021-06-21,LIG,14854,7043,7811,8498,6261,95,ITC,ITC3,7,Liguria,Liguria,1550640,793232,51.16,0.96
3486,2021-04-16,LIG,12024,5300,6724,10033,1833,158,ITC,ITC3,7,Liguria,Liguria,1550640,805256,51.93,0.78
3487,2021-01-06,LIG,1666,618,1048,1663,0,3,ITC,ITC3,7,Liguria,Liguria,1550640,806922,52.04,0.11
3488,2021-01-18,LIG,2146,749,1397,1987,157,2,ITC,ITC3,7,Liguria,Liguria,1550640,809068,52.18,0.14
3489,2021-08-08,LIG,1207,650,557,542,659,6,ITC,ITC3,7,Liguria,Liguria,1550640,810275,52.25,0.08
3490,2021-07-22,LIG,21461,10905,10556,4545,16795,121,ITC,ITC3,7,Liguria,Liguria,1550640,831736,53.64,1.38
3491,2021-02-06,LIG,1892,768,1124,145,1747,0,ITC,ITC3,7,Liguria,Liguria,1550640,833628,53.76,0.12
3492,2021-09-05,LIG,1014,569,445,271,738,5,ITC,ITC3,7,Liguria,Liguria,1550640,834642,53.83,0.07
3493,2021-08-17,LIG,9861,5174,4687,3641,6119,101,ITC,ITC3,7,Liguria,Liguria,1550640,844503,54.46,0.64
3494,2021-03-04,LIG,4743,2119,2624,3840,848,55,ITC,ITC3,7,Liguria,Liguria,1550640,849246,54.77,0.31
3495,2021-06-12,LIG,10264,4993,5271,7442,2760,62,ITC,ITC3,7,Liguria,Liguria,1550640,859510,55.43,0.66
3496,2021-04-30,LIG,14440,6453,7987,5773,8580,87,ITC,ITC3,7,Liguria,Liguria,1550640,873950,56.36,0.93
3497,2021-03-16,LIG,6092,2733,3359,2318,3735,39,ITC,ITC3,7,Liguria,Liguria,1550640,880042,56.75,0.39
3498,2021-09-17,LIG,1673,895,778,598,1055,20,ITC,ITC3,7,Liguria,Liguria,1550640,881715,56.86,0.11
3499,2021-01-11,LIG,2659,994,1665,2657,0,2,ITC,ITC3,7,Liguria,Liguria,1550640,884374,57.03,0.17
3500,2021-04-18,LIG,2619,1165,1454,2094,470,55,ITC,ITC3,7,Liguria,Liguria,1550640,886993,57.2,0.17
3501,2021-07-27,LIG,17446,8888,8558,4345,13008,93,ITC,ITC3,7,Liguria,Liguria,1550640,904439,58.33,1.13
3502,2021-01-08,LIG,2941,1002,1939,2939,0,2,ITC,ITC3,7,Liguria,Liguria,1550640,907380,58.52,0.19
3503,2021-01-27,LIG,1749,604,1145,139,1609,1,ITC,ITC3,7,Liguria,Liguria,1550640,909129,58.63,0.11
3504,2021-05-21,LIG,12873,5967,6906,9605,3135,133,ITC,ITC3,7,Liguria,Liguria,1550640,922002,59.46,0.83
3505,2021-06-28,LIG,11629,5628,6001,7208,4315,106,ITC,ITC3,7,Liguria,Liguria,1550640,933631,60.21,0.75
3506,2021-03-20,LIG,2318,995,1323,1130,1175,13,ITC,ITC3,7,Liguria,Liguria,1550640,935949,60.36,0.15
3507,2021-08-26,LIG,9054,4737,4317,2616,6362,76,ITC,ITC3,7,Liguria,Liguria,1550640,945003,60.94,0.58
3508,2021-06-30,LIG,15105,7208,7897,8182,6825,98,ITC,ITC3,7,Liguria,Liguria,1550640,960108,61.92,0.97
3509,2021-01-15,LIG,2264,756,1508,2259,0,5,ITC,ITC3,7,Liguria,Liguria,1550640,962372,62.06,0.15
3510,2021-04-25,LIG,1936,921,1015,1509,415,12,ITC,ITC3,7,Liguria,Liguria,1550640,964308,62.19,0.12
3511,2021-03-13,LIG,3853,1638,2215,2964,859,30,ITC,ITC3,7,Liguria,Liguria,1550640,968161,62.44,0.25
3512,2021-06-23,LIG,14352,6866,7486,9049,5210,93,ITC,ITC3,7,Liguria,Liguria,1550640,982513,63.36,0.93
3513,2021-06-11,LIG,17875,9102,8773,11717,6083,75,ITC,ITC3,7,Liguria,Liguria,1550640,1000388,64.51,1.15
3514,2021-04-15,LIG,11856,5243,6613,9891,1859,106,ITC,ITC3,7,Liguria,Liguria,1550640,1012244,65.28,0.76
3515,2021-04-08,LIG,13799,6185,7614,11615,2049,135,ITC,ITC3,7,Liguria,Liguria,1550640,1026043,66.17,0.89
3516,2021-09-12,LIG,116,68,48,67,48,1,ITC,ITC3,7,Liguria,Liguria,1550640,1026159,66.18,0.01
3517,2021-03-06,LIG,3308,1844,1464,2582,706,20,ITC,ITC3,7,Liguria,Liguria,1550640,1029467,66.39,0.21
3518,2021-01-22,LIG,1829,606,1223,1337,490,2,ITC,ITC3,7,Liguria,Liguria,1550640,1031296,66.51,0.12
3519,2021-05-02,LIG,3981,1837,2144,503,3472,6,ITC,ITC3,7,Liguria,Liguria,1550640,1035277,66.76,0.26
3520,2021-05-04,LIG,13663,6095,7568,5361,8236,66,ITC,ITC3,7,Liguria,Liguria,1550640,1048940,67.65,0.88
3521,2021-08-12,LIG,12544,6452,6092,4599,7853,92,ITC,ITC3,7,Liguria,Liguria,1550640,1061484,68.45,0.81
3522,2021-09-07,LIG,7803,4127,3676,2645,5062,96,ITC,ITC3,7,Liguria,Liguria,1550640,1069287,68.96,0.5
3523,2021-06-16,LIG,16416,7931,8485,9184,7138,94,ITC,ITC3,7,Liguria,Liguria,1550640,1085703,70.02,1.06
3524,2021-03-08,LIG,5631,2462,3169,3907,1692,32,ITC,ITC3,7,Liguria,Liguria,1550640,1091334,70.38,0.36
3525,2021-03-25,LIG,9786,4236,5550,6245,3397,144,ITC,ITC3,7,Liguria,Liguria,1550640,1101120,71.01,0.63
3526,2021-02-18,LIG,2772,1128,1644,2425,339,8,ITC,ITC3,7,Liguria,Liguria,1550640,1103892,71.19,0.18
3527,2021-05-14,LIG,13164,5871,7293,8638,4352,174,ITC,ITC3,7,Liguria,Liguria,1550640,1117056,72.04,0.85
3528,2021-08-22,LIG,760,441,319,173,579,8,ITC,ITC3,7,Liguria,Liguria,1550640,1117816,72.09,0.05
3529,2021-05-31,LIG,14754,7396,7358,9124,5547,83,ITC,ITC3,7,Liguria,Liguria,1550640,1132570,73.04,0.95
3530,2021-03-09,LIG,5942,2757,3185,4450,1434,58,ITC,ITC3,7,Liguria,Liguria,1550640,1138512,73.42,0.38
3531,2021-02-20,LIG,1338,639,699,1335,1,2,ITC,ITC3,7,Liguria,Liguria,1550640,1139850,73.51,0.09
3532,2021-07-12,LIG,13462,6466,6996,4131,9248,83,ITC,ITC3,7,Liguria,Liguria,1550640,1153312,74.38,0.87
3533,2021-01-10,LIG,651,264,387,647,0,4,ITC,ITC3,7,Liguria,Liguria,1550640,1153963,74.42,0.04
3534,2021-04-20,LIG,14253,6523,7730,9742,4359,152,ITC,ITC3,7,Liguria,Liguria,1550640,1168216,75.34,0.92
3535,2021-07-17,LIG,6515,3359,3156,1795,4696,24,ITC,ITC3,7,Liguria,Liguria,1550640,1174731,75.76,0.42
3536,2021-07-31,LIG,8271,4417,3854,1308,6932,31,ITC,ITC3,7,Liguria,Liguria,1550640,1183002,76.29,0.53
3537,2021-06-04,LIG,14800,7267,7533,9222,5500,78,ITC,ITC3,7,Liguria,Liguria,1550640,1197802,77.25,0.95
3538,2021-02-17,LIG,2701,1185,1516,2254,435,12,ITC,ITC3,7,Liguria,Liguria,1550640,1200503,77.42,0.17
3539,2021-07-24,LIG,11613,6042,5571,2307,9250,56,ITC,ITC3,7,Liguria,Liguria,1550640,1212116,78.17,0.75
3540,2021-05-28,LIG,16326,8158,8168,11620,4562,144,ITC,ITC3,7,Liguria,Liguria,1550640,1228442,79.22,1.05
3541,2021-01-05,LIG,2880,896,1984,2880,0,0,ITC,ITC3,7,Liguria,Liguria,1550640,1231322,79.41,0.19
3542,2021-03-03,LIG,4587,1850,2737,3446,1031,110,ITC,ITC3,7,Liguria,Liguria,1550640,1235909,79.7,0.3
3543,2021-08-04,LIG,13868,6982,6886,3252,10504,112,ITC,ITC3,7,Liguria,Liguria,1550640,1249777,80.6,0.89
3544,2021-01-01,LIG,146,56,90,146,0,0,ITC,ITC3,7,Liguria,Liguria,1550640,1249923,80.61,0.01
3545,2021-03-27,LIG,3936,1550,2386,2515,1398,23,ITC,ITC3,7,Liguria,Liguria,1550640,1253859,80.86,0.25
3546,2021-07-05,LIG,11933,5779,6154,5294,6551,88,ITC,ITC3,7,Liguria,Liguria,1550640,1265792,81.63,0.77
3547,2021-04-13,LIG,13089,5875,7214,10948,2029,112,ITC,ITC3,7,Liguria,Liguria,1550640,1278881,82.47,0.84
3548,2021-08-07,LIG,5210,2662,2548,1126,4059,25,ITC,ITC3,7,Liguria,Liguria,1550640,1284091,82.81,0.34
3549,2021-05-16,LIG,3713,1864,1849,2119,1567,27,ITC,ITC3,7,Liguria,Liguria,1550640,1287804,83.05,0.24
3550,2021-08-24,LIG,8742,4535,4207,2902,5742,98,ITC,ITC3,7,Liguria,Liguria,1550640,1296546,83.61,0.56
3551,2021-02-22,LIG,3349,1479,1870,3197,143,9,ITC,ITC3,7,Liguria,Liguria,1550640,1299895,83.83,0.22
3552,2021-02-27,LIG,1889,921,968,1756,129,4,ITC,ITC3,7,Liguria,Liguria,1550640,1301784,83.95,0.12
3553,2021-02-10,LIG,2325,840,1485,1017,1305,3,ITC,ITC3,7,Liguria,Liguria,1550640,1304109,84.1,0.15
3554,2021-08-14,LIG,3214,1718,1496,898,2298,18,ITC,ITC3,7,Liguria,Liguria,1550640,1307323,84.31,0.21
3555,2021-03-18,LIG,4992,2126,2866,1978,2984,30,ITC,ITC3,7,Liguria,Liguria,1550640,1312315,84.63,0.32
3556,2021-04-01,LIG,12442,5520,6922,9588,2776,78,ITC,ITC3,7,Liguria,Liguria,1550640,1324757,85.43,0.8
3557,2021-02-14,LIG,233,122,111,233,0,0,ITC,ITC3,7,Liguria,Liguria,1550640,1324990,85.45,0.02
3558,2021-05-25,LIG,14282,6960,7322,10958,3197,127,ITC,ITC3,7,Liguria,Liguria,1550640,1339272,86.37,0.92
3559,2021-09-04,LIG,3020,1684,1336,877,2115,28,ITC,ITC3,7,Liguria,Liguria,1550640,1342292,86.56,0.19
3560,2021-03-22,LIG,7762,3478,4284,4745,2943,74,ITC,ITC3,7,Liguria,Liguria,1550640,1350054,87.06,0.5
3561,2021-02-07,LIG,407,153,254,2,405,0,ITC,ITC3,7,Liguria,Liguria,1550640,1350461,87.09,0.03
3562,2021-08-31,LIG,9552,5050,4502,2647,6840,65,ITC,ITC3,7,Liguria,Liguria,1550640,1360013,87.71,0.62
3563,2021-05-23,LIG,2310,1121,1189,1172,1124,14,ITC,ITC3,7,Liguria,Liguria,1550640,1362323,87.86,0.15
3564,2021-03-01,LIG,3541,1447,2094,3386,136,19,ITC,ITC3,7,Liguria,Liguria,1550640,1365864,88.08,0.23
3565,2021-06-09,LIG,19110,9592,9518,12439,6591,80,ITC,ITC3,7,Liguria,Liguria,1550640,1384974,89.32,1.23
3566,2021-08-21,LIG,3078,1674,1404,904,2126,48,ITC,ITC3,7,Liguria,Liguria,1550640,1388052,89.51,0.2
3567,2021-05-13,LIG,13328,6093,7235,8894,4273,161,ITC,ITC3,7,Liguria,Liguria,1550640,1401380,90.37,0.86
3568,2021-02-19,LIG,3224,1308,1916,3034,176,14,ITC,ITC3,7,Liguria,Liguria,1550640,1404604,90.58,0.21
3569,2021-05-30,LIG,3311,1616,1695,1339,1949,23,ITC,ITC3,7,Liguria,Liguria,1550640,1407915,90.8,0.21
3570,2021-02-24,LIG,3769,1562,2207,3458,259,52,ITC,ITC3,7,Liguria,Liguria,1550640,1411684,91.04,0.24
3571,2020-12-29,LIG,125,33,92,125,0,0,ITC,ITC3,7,Liguria,Liguria,1550640,1411809,91.05,0.01
3572,2021-01-12,LIG,2476,890,1586,2475,0,1,ITC,ITC3,7,Liguria,Liguria,1550640,1414285,91.21,0.16
3573,2021-04-22,LIG,13882,6217,7665,8656,5092,134,ITC,ITC3,7,Liguria,Liguria,1550640,1428167,92.1,0.9
3574,2021-07-19,LIG,12113,6038,6075,3316,8702,95,ITC,ITC3,7,Liguria,Liguria,1550640,1440280,92.88,0.78
3575,2021-08-05,LIG,14262,7367,6895,4112,10057,93,ITC,ITC3,7,Liguria,Liguria,1550640,1454542,93.8,0.92
3576,2021-04-27,LIG,14825,6701,8124,7144,7613,68,ITC,ITC3,7,Liguria,Liguria,1550640,1469367,94.76,0.96
3577,2021-02-03,LIG,2321,792,1529,51,2270,0,ITC,ITC3,7,Liguria,Liguria,1550640,1471688,94.91,0.15
3578,2021-05-09,LIG,2827,1245,1582,1085,1712,30,ITC,ITC3,7,Liguria,Liguria,1550640,1474515,95.09,0.18
3579,2021-01-29,LIG,3101,1070,2031,63,3038,0,ITC,ITC3,7,Liguria,Liguria,1550640,1477616,95.29,0.2
3580,2021-01-20,LIG,1560,557,1003,1547,12,1,ITC,ITC3,7,Liguria,Liguria,1550640,1479176,95.39,0.1
3581,2021-08-19,LIG,9839,5180,4659,2711,7021,107,ITC,ITC3,7,Liguria,Liguria,1550640,1489015,96.03,0.63
3582,2021-09-02,LIG,8453,4505,3948,2846,5519,88,ITC,ITC3,7,Liguria,Liguria,1550640,1497468,96.57,0.55
3583,2021-06-08,LIG,18133,9047,9086,11387,6654,92,ITC,ITC3,7,Liguria,Liguria,1550640,1515601,97.74,1.17
3584,2021-09-16,LIG,5132,2684,2448,2113,2907,112,ITC,ITC3,7,Liguria,Liguria,1550640,1520733,98.07,0.33
3585,2021-03-17,LIG,5561,2371,3190,2456,3086,19,ITC,ITC3,7,Liguria,Liguria,1550640,1526294,98.43,0.36
3586,2021-06-25,LIG,13851,6622,7229,6850,6922,79,ITC,ITC3,7,Liguria,Liguria,1550640,1540145,99.32,0.89
3587,2021-07-14,LIG,11528,5675,5853,3402,8042,84,ITC,ITC3,7,Liguria,Liguria,1550640,1551673,100.07,0.74
3588,2021-07-28,LIG,18491,9526,8965,5799,12555,137,ITC,ITC3,7,Liguria,Liguria,1550640,1570164,101.26,1.19
3589,2021-05-06,LIG,14544,6447,8097,6072,8343,129,ITC,ITC3,7,Liguria,Liguria,1550640,1584708,102.2,0.94
3590,2021-01-26,LIG,2490,809,1681,16,2474,0,ITC,ITC3,7,Liguria,Liguria,1550640,1587198,102.36,0.16
3591,2021-05-18,LIG,13503,6136,7367,10059,3316,128,ITC,ITC3,7,Liguria,Liguria,1550640,1600701,103.23,0.87
3592,2021-08-28,LIG,4131,2337,1794,1005,3099,27,ITC,ITC3,7,Liguria,Liguria,1550640,1604832,103.49,0.27
3593,2021-05-20,LIG,12951,6009,6942,8790,4040,121,ITC,ITC3,7,Liguria,Liguria,1550640,1617783,104.33,0.84
3594,2021-08-23,LIG,10579,5520,5059,3532,6932,115,ITC,ITC3,7,Liguria,Liguria,1550640,1628362,105.01,0.68
3595,2021-06-01,LIG,16356,8237,8119,10907,5377,72,ITC,ITC3,7,Liguria,Liguria,1550640,1644718,106.07,1.05
3596,2021-09-09,LIG,7741,4138,3603,2536,5092,113,ITC,ITC3,7,Liguria,Liguria,1550640,1652459,106.57,0.5
3597,2021-06-18,LIG,15428,7510,7918,8108,7225,95,ITC,ITC3,7,Liguria,Liguria,1550640,1667887,107.56,0.99
3598,2021-03-10,LIG,5924,2868,3056,3952,1917,55,ITC,ITC3,7,Liguria,Liguria,1550640,1673811,107.94,0.38
3599,2021-04-03,LIG,5410,2500,2910,4436,944,30,ITC,ITC3,7,Liguria,Liguria,1550640,1679221,108.29,0.35
3600,2021-01-24,LIG,762,242,520,116,646,0,ITC,ITC3,7,Liguria,Liguria,1550640,1679983,108.34,0.05
3601,2021-07-21,LIG,19217,9523,9694,3797,15329,91,ITC,ITC3,7,Liguria,Liguria,1550640,1699200,109.58,1.24
3602,2021-04-29,LIG,15597,6983,8614,6645,8858,94,ITC,ITC3,7,Liguria,Liguria,1550640,1714797,110.59,1.01
3603,2021-04-12,LIG,12396,5480,6916,10277,2023,96,ITC,ITC3,7,Liguria,Liguria,1550640,1727193,111.39,0.8
3604,2021-01-19,LIG,1375,440,935,1281,90,4,ITC,ITC3,7,Liguria,Liguria,1550640,1728568,111.47,0.09
3605,2021-02-05,LIG,2740,994,1746,299,2440,1,ITC,ITC3,7,Liguria,Liguria,1550640,1731308,111.65,0.18
3606,2021-03-24,LIG,9195,4040,5155,5819,3293,83,ITC,ITC3,7,Liguria,Liguria,1550640,1740503,112.24,0.59
3607,2021-07-02,LIG,13002,6377,6625,6361,6527,114,ITC,ITC3,7,Liguria,Liguria,1550640,1753505,113.08,0.84
3608,2020-12-31,LIG,991,352,639,991,0,0,ITC,ITC3,7,Liguria,Liguria,1550640,1754496,113.15,0.06
3609,2021-04-10,LIG,7895,3564,4331,6906,914,75,ITC,ITC3,7,Liguria,Liguria,1550640,1762391,113.66,0.51
3610,2021-01-17,LIG,866,301,565,865,0,1,ITC,ITC3,7,Liguria,Liguria,1550640,1763257,113.71,0.06
3611,2021-07-09,LIG,12851,6335,6516,4169,8597,85,ITC,ITC3,7,Liguria,Liguria,1550640,1776108,114.54,0.83
3612,2021-04-05,LIG,3985,1757,2228,2313,1651,21,ITC,ITC3,7,Liguria,Liguria,1550640,1780093,114.8,0.26
3613,2021-07-16,LIG,12635,6227,6408,3132,9439,64,ITC,ITC3,7,Liguria,Liguria,1550640,1792728,115.61,0.81
3614,2021-09-11,LIG,2167,1185,982,853,1282,32,ITC,ITC3,7,Liguria,Liguria,1550640,1794895,115.75,0.14
3615,2021-05-11,LIG,13944,6401,7543,7198,6632,114,ITC,ITC3,7,Liguria,Liguria,1550640,1808839,116.65,0.9
3616,2021-06-27,LIG,1951,896,1055,679,1254,18,ITC,ITC3,7,Liguria,Liguria,1550640,1810790,116.78,0.13
3617,2021-02-12,LIG,1941,691,1250,896,1044,1,ITC,ITC3,7,Liguria,Liguria,1550640,1812731,116.9,0.13
3618,2021-08-16,LIG,9930,5139,4791,3773,6052,105,ITC,ITC3,7,Liguria,Liguria,1550640,1822661,117.54,0.64
3619,2021-03-15,LIG,7371,3123,4248,4501,2822,48,ITC,ITC3,7,Liguria,Liguria,1550640,1830032,118.02,0.48
3620,2021-03-29,LIG,10594,4629,5965,7364,3135,95,ITC,ITC3,7,Liguria,Liguria,1550640,1840626,118.7,0.68
3621,2021-01-31,LIG,625,271,354,4,621,0,ITC,ITC3,7,Liguria,Liguria,1550640,1841251,118.74,0.04
3622,2021-07-07,LIG,11809,5654,6155,4922,6805,82,ITC,ITC3,7,Liguria,Liguria,1550640,1853060,119.5,0.76
3623,2021-01-14,LIG,2983,1056,1927,2982,0,1,ITC,ITC3,7,Liguria,Liguria,1550640,1856043,119.7,0.19
3624,2021-03-12,LIG,6224,2875,3349,3690,2476,58,ITC,ITC3,7,Liguria,Liguria,1550640,1862267,120.1,0.4
3625,2021-07-01,LIG,13577,6547,7030,7284,6179,114,ITC,ITC3,7,Liguria,Liguria,1550640,1875844,120.97,0.88
3626,2021-05-19,LIG,13586,5966,7620,10326,3128,132,ITC,ITC3,7,Liguria,Liguria,1550640,1889430,121.85,0.88
3627,2021-03-23,LIG,9298,4236,5062,5993,3219,86,ITC,ITC3,7,Liguria,Liguria,1550640,1898728,122.45,0.6
3628,2021-08-27,LIG,9215,4917,4298,2826,6304,85,ITC,ITC3,7,Liguria,Liguria,1550640,1907943,123.04,0.59
3629,2021-07-15,LIG,14794,7485,7309,5131,9518,145,ITC,ITC3,7,Liguria,Liguria,1550640,1922737,124.0,0.95
3630,2021-02-01,LIG,2575,929,1646,101,2474,0,ITC,ITC3,7,Liguria,Liguria,1550640,1925312,124.16,0.17
3631,2021-07-08,LIG,13686,6725,6961,6137,7433,116,ITC,ITC3,7,Liguria,Liguria,1550640,1938998,125.05,0.88
3632,2021-05-12,LIG,12124,5492,6632,6613,5411,100,ITC,ITC3,7,Liguria,Liguria,1550640,1951122,125.83,0.78
3633,2021-05-26,LIG,16701,8433,8268,12172,4383,146,ITC,ITC3,7,Liguria,Liguria,1550640,1967823,126.9,1.08
3634,2021-03-30,LIG,12230,5432,6798,8752,3395,83,ITC,ITC3,7,Liguria,Liguria,1550640,1980053,127.69,0.79
3635,2021-09-03,LIG,7368,4062,3306,2196,5090,82,ITC,ITC3,7,Liguria,Liguria,1550640,1987421,128.17,0.48
3636,2021-04-06,LIG,13268,5906,7362,10895,2266,107,ITC,ITC3,7,Liguria,Liguria,1550640,2000689,129.02,0.86
3637,2021-02-08,LIG,1983,744,1239,299,1684,0,ITC,ITC3,7,Liguria,Liguria,1550640,2002672,129.15,0.13
3638,2020-12-27,LIG,135,56,79,134,0,1,ITC,ITC3,7,Liguria,Liguria,1550640,2002807,129.16,0.01
3639,2021-02-15,LIG,2265,840,1425,1853,400,12,ITC,ITC3,7,Liguria,Liguria,1550640,2005072,129.31,0.15
3640,2021-09-14,LIG,6335,3285,3050,2276,3957,102,ITC,ITC3,7,Liguria,Liguria,1550640,2011407,129.71,0.41
3641,2021-01-03,LIG,738,233,505,736,0,2,ITC,ITC3,7,Liguria,Liguria,1550640,2012145,129.76,0.05
3642,2021-07-26,LIG,17690,9026,8664,4702,12864,124,ITC,ITC3,7,Liguria,Liguria,1550640,2029835,130.9,1.14
3643,2021-01-07,LIG,3226,1096,2130,3223,0,3,ITC,ITC3,7,Liguria,Liguria,1550640,2033061,131.11,0.21
3644,2021-06-13,LIG,5643,2706,2937,5127,456,60,ITC,ITC3,7,Liguria,Liguria,1550640,2038704,131.48,0.36
3645,2021-04-17,LIG,7393,3219,4174,6580,755,58,ITC,ITC3,7,Liguria,Liguria,1550640,2046097,131.95,0.48
3646,2021-05-01,LIG,7154,3260,3894,1313,5810,31,ITC,ITC3,7,Liguria,Liguria,1550640,2053251,132.41,0.46
3647,2021-03-05,LIG,4876,2155,2721,3692,1137,47,ITC,ITC3,7,Liguria,Liguria,1550640,2058127,132.73,0.31
3648,2021-08-09,LIG,12011,6110,5901,4344,7535,132,ITC,ITC3,7,Liguria,Liguria,1550640,2070138,133.5,0.77
3649,2021-06-06,LIG,3814,2032,1782,2933,862,19,ITC,ITC3,7,Liguria,Liguria,1550640,2073952,133.75,0.25
3650,2021-04-24,LIG,8221,3798,4423,4984,3155,82,ITC,ITC3,7,Liguria,Liguria,1550640,2082173,134.28,0.53
3651,2021-02-26,LIG,3772,1526,2246,3418,329,25,ITC,ITC3,7,Liguria,Liguria,1550640,2085945,134.52,0.24
3652,2021-08-02,LIG,13118,6522,6596,2966,10066,86,ITC,ITC3,7,Liguria,Liguria,1550640,2099063,135.37,0.85
3653,2021-06-20,LIG,1336,658,678,1045,275,16,ITC,ITC3,7,Liguria,Liguria,1550640,2100399,135.45,0.09
3654,2021-06-20,PAB,5250,2854,2396,592,4604,54,ITH,ITH1,4,Provincia Autonoma Bolzano / Bozen,P.A. Bolzano,533050,5250,0.98,0.98
3655,2021-02-07,PAB,2680,1186,1494,330,2350,0,ITH,ITH1,4,Provincia Autonoma Bolzano / Bozen,P.A. Bolzano,533050,7930,1.49,0.5
3656,2021-05-18,PAB,3364,1765,1599,2078,1191,95,ITH,ITH1,4,Provincia Autonoma Bolzano / Bozen,P.A. Bolzano,533050,11294,2.12,0.63
3657,2021-06-06,PAB,4553,2189,2364,810,3693,50,ITH,ITH1,4,Provincia Autonoma Bolzano / Bozen,P.A. Bolzano,533050,15847,2.97,0.85
3658,2021-02-26,PAB,1528,551,977,1471,30,27,ITH,ITH1,4,Provincia Autonoma Bolzano / Bozen,P.A. Bolzano,533050,17375,3.26,0.29
3659,2021-09-09,PAB,1686,852,834,685,964,37,ITH,ITH1,4,Provincia Autonoma Bolzano / Bozen,P.A. Bolzano,533050,19061,3.58,0.32
3660,2021-06-01,PAB,3677,2385,1292,2053,1479,145,ITH,ITH1,4,Provincia Autonoma Bolzano / Bozen,P.A. Bolzano,533050,22738,4.27,0.69
3661,2021-03-22,PAB,1159,527,632,1112,17,30,ITH,ITH1,4,Provincia Autonoma Bolzano / Bozen,P.A. Bolzano,533050,23897,4.48,0.22
3662,2021-07-16,PAB,4513,2449,2064,1030,3319,164,ITH,ITH1,4,Provincia Autonoma Bolzano / Bozen,P.A. Bolzano,533050,28410,5.33,0.85
3663,2021-04-24,PAB,5119,2458,2661,4303,488,328,ITH,ITH1,4,Provincia Autonoma Bolzano / Bozen,P.A. Bolzano,533050,33529,6.29,0.96
3664,2021-08-02,PAB,2133,1278,855,1165,875,93,ITH,ITH1,4,Provincia Autonoma Bolzano / Bozen,P.A. Bolzano,533050,35662,6.69,0.4
3665,2021-07-14,PAB,873,453,420,457,361,55,ITH,ITH1,4,Provincia Autonoma Bolzano / Bozen,P.A. Bolzano,533050,36535,6.85,0.16
3666,2021-04-05,PAB,304,147,157,23,280,1,ITH,ITH1,4,Provincia Autonoma Bolzano / Bozen,P.A. Bolzano,533050,36839,6.91,0.06
3667,2021-06-27,PAB,4429,2315,2114,567,3810,52,ITH,ITH1,4,Provincia Autonoma Bolzano / Bozen,P.A. Bolzano,533050,41268,7.74,0.83
3668,2021-01-12,PAB,1712,461,1251,1712,0,0,ITH,ITH1,4,Provincia Autonoma Bolzano / Bozen,P.A. Bolzano,533050,42980,8.06,0.32
3669,2021-08-23,PAB,2129,1202,927,770,1326,33,ITH,ITH1,4,Provincia Autonoma Bolzano / Bozen,P.A. Bolzano,533050,45109,8.46,0.4
3670,2021-02-12,PAB,730,217,513,464,248,18,ITH,ITH1,4,Provincia Autonoma Bolzano / Bozen,P.A. Bolzano,533050,45839,8.6,0.14
3671,2021-04-10,PAB,5416,2673,2743,4658,590,168,ITH,ITH1,4,Provincia Autonoma Bolzano / Bozen,P.A. Bolzano,533050,51255,9.62,1.02
3672,2020-12-31,PAB,929,528,401,929,0,0,ITH,ITH1,4,Provincia Autonoma Bolzano / Bozen,P.A. Bolzano,533050,52184,9.79,0.17
3673,2021-04-19,PAB,1876,860,1016,1604,182,90,ITH,ITH1,4,Provincia Autonoma Bolzano / Bozen,P.A. Bolzano,533050,54060,10.14,0.35
3674,2021-06-15,PAB,2045,1184,861,480,1534,31,ITH,ITH1,4,Provincia Autonoma Bolzano / Bozen,P.A. Bolzano,533050,56105,10.53,0.38
3675,2021-07-28,PAB,1439,785,654,841,497,101,ITH,ITH1,4,Provincia Autonoma Bolzano / Bozen,P.A. Bolzano,533050,57544,10.8,0.27
3676,2021-01-26,PAB,810,291,519,1,809,0,ITH,ITH1,4,Provincia Autonoma Bolzano / Bozen,P.A. Bolzano,533050,58354,10.95,0.15
3677,2021-07-02,PAB,3202,1658,1544,844,2171,187,ITH,ITH1,4,Provincia Autonoma Bolzano / Bozen,P.A. Bolzano,533050,61556,11.55,0.6
3678,2021-03-24,PAB,2068,1003,1065,2002,13,53,ITH,ITH1,4,Provincia Autonoma Bolzano / Bozen,P.A. Bolzano,533050,63624,11.94,0.39
3679,2021-03-10,PAB,1277,537,740,1083,144,50,ITH,ITH1,4,Provincia Autonoma Bolzano / Bozen,P.A. Bolzano,533050,64901,12.18,0.24
3680,2021-05-20,PAB,4975,2502,2473,3340,1480,155,ITH,ITH1,4,Provincia Autonoma Bolzano / Bozen,P.A. Bolzano,533050,69876,13.11,0.93
3681,2021-08-11,PAB,1206,607,599,669,487,50,ITH,ITH1,4,Provincia Autonoma Bolzano / Bozen,P.A. Bolzano,533050,71082,13.33,0.23
3682,2021-08-28,PAB,3269,1838,1431,1013,2213,43,ITH,ITH1,4,Provincia Autonoma Bolzano / Bozen,P.A. Bolzano,533050,74351,13.95,0.61
3683,2021-09-11,PAB,936,512,424,348,560,28,ITH,ITH1,4,Provincia Autonoma Bolzano / Bozen,P.A. Bolzano,533050,75287,14.12,0.18
3684,2021-08-09,PAB,1542,862,680,1065,413,64,ITH,ITH1,4,Provincia Autonoma Bolzano / Bozen,P.A. Bolzano,533050,76829,14.41,0.29
3685,2021-05-01,PAB,2105,1067,1038,1811,160,134,ITH,ITH1,4,Provincia Autonoma Bolzano / Bozen,P.A. Bolzano,533050,78934,14.81,0.39
3686,2021-03-12,PAB,1668,736,932,1222,413,33,ITH,ITH1,4,Provincia Autonoma Bolzano / Bozen,P.A. Bolzano,533050,80602,15.12,0.31
3687,2021-03-29,PAB,1173,500,673,391,761,21,ITH,ITH1,4,Provincia Autonoma Bolzano / Bozen,P.A. Bolzano,533050,81775,15.34,0.22
3688,2021-02-19,PAB,2252,512,1740,2193,11,48,ITH,ITH1,4,Provincia Autonoma Bolzano / Bozen,P.A. Bolzano,533050,84027,15.76,0.42
3689,2021-08-04,PAB,3811,2017,1794,2640,978,193,ITH,ITH1,4,Provincia Autonoma Bolzano / Bozen,P.A. Bolzano,533050,87838,16.48,0.71
3690,2021-09-16,PAB,1311,658,653,749,543,19,ITH,ITH1,4,Provincia Autonoma Bolzano / Bozen,P.A. Bolzano,533050,89149,16.72,0.25
3691,2021-09-04,PAB,1359,715,644,573,748,38,ITH,ITH1,4,Provincia Autonoma Bolzano / Bozen,P.A. Bolzano,533050,90508,16.98,0.25
3692,2021-03-05,PAB,1843,627,1216,1386,443,14,ITH,ITH1,4,Provincia Autonoma Bolzano / Bozen,P.A. Bolzano,533050,92351,17.33,0.35
3693,2021-05-27,PAB,6214,3278,2936,3885,2017,312,ITH,ITH1,4,Provincia Autonoma Bolzano / Bozen,P.A. Bolzano,533050,98565,18.49,1.17
3694,2021-06-13,PAB,3691,2057,1634,452,3199,40,ITH,ITH1,4,Provincia Autonoma Bolzano / Bozen,P.A. Bolzano,533050,102256,19.18,0.69
3695,2021-05-25,PAB,3898,2024,1874,2903,888,107,ITH,ITH1,4,Provincia Autonoma Bolzano / Bozen,P.A. Bolzano,533050,106154,19.91,0.73
3696,2021-02-14,PAB,299,131,168,297,2,0,ITH,ITH1,4,Provincia Autonoma Bolzano / Bozen,P.A. Bolzano,533050,106453,19.97,0.06
3697,2021-08-16,PAB,1965,1115,850,823,1085,57,ITH,ITH1,4,Provincia Autonoma Bolzano / Bozen,P.A. Bolzano,533050,108418,20.34,0.37
3698,2021-05-08,PAB,4430,2383,2047,3565,664,201,ITH,ITH1,4,Provincia Autonoma Bolzano / Bozen,P.A. Bolzano,533050,112848,21.17,0.83
3699,2021-06-29,PAB,1894,1021,873,245,1627,22,ITH,ITH1,4,Provincia Autonoma Bolzano / Bozen,P.A. Bolzano,533050,114742,21.53,0.36
3700,2021-04-17,PAB,5255,2609,2646,4966,44,245,ITH,ITH1,4,Provincia Autonoma Bolzano / Bozen,P.A. Bolzano,533050,119997,22.51,0.99
3701,2021-01-07,PAB,921,329,592,921,0,0,ITH,ITH1,4,Provincia Autonoma Bolzano / Bozen,P.A. Bolzano,533050,120918,22.68,0.17
3702,2021-07-21,PAB,3220,1882,1338,509,2644,67,ITH,ITH1,4,Provincia Autonoma Bolzano / Bozen,P.A. Bolzano,533050,124138,23.29,0.6
3703,2021-04-12,PAB,2110,948,1162,2030,6,74,ITH,ITH1,4,Provincia Autonoma Bolzano / Bozen,P.A. Bolzano,533050,126248,23.68,0.4
3704,2021-01-24,PAB,12,10,2,0,12,0,ITH,ITH1,4,Provincia Autonoma Bolzano / Bozen,P.A. Bolzano,533050,126260,23.69,0.0
3705,2021-07-04,PAB,4424,2132,2292,157,4236,31,ITH,ITH1,4,Provincia Autonoma Bolzano / Bozen,P.A. Bolzano,533050,130684,24.52,0.83
3706,2021-08-30,PAB,2142,1127,1015,810,1294,38,ITH,ITH1,4,Provincia Autonoma Bolzano / Bozen,P.A. Bolzano,533050,132826,24.92,0.4
3707,2021-05-06,PAB,5191,2752,2439,2365,2571,255,ITH,ITH1,4,Provincia Autonoma Bolzano / Bozen,P.A. Bolzano,533050,138017,25.89,0.97
3708,2021-03-17,PAB,582,213,369,546,1,35,ITH,ITH1,4,Provincia Autonoma Bolzano / Bozen,P.A. Bolzano,533050,138599,26.0,0.11
3709,2021-08-21,PAB,1705,917,788,588,1075,42,ITH,ITH1,4,Provincia Autonoma Bolzano / Bozen,P.A. Bolzano,533050,140304,26.32,0.32
3710,2021-05-13,PAB,3005,1360,1645,1020,1934,51,ITH,ITH1,4,Provincia Autonoma Bolzano / Bozen,P.A. Bolzano,533050,143309,26.88,0.56
3711,2021-04-29,PAB,2643,1358,1285,1750,699,194,ITH,ITH1,4,Provincia Autonoma Bolzano / Bozen,P.A. Bolzano,533050,145952,27.38,0.5
3712,2021-07-09,PAB,5228,2613,2615,884,4169,175,ITH,ITH1,4,Provincia Autonoma Bolzano / Bozen,P.A. Bolzano,533050,151180,28.36,0.98
3713,2021-03-31,PAB,1836,696,1140,729,1014,93,ITH,ITH1,4,Provincia Autonoma Bolzano / Bozen,P.A. Bolzano,533050,153016,28.71,0.34
3714,2021-07-23,PAB,4359,2377,1982,1668,2391,300,ITH,ITH1,4,Provincia Autonoma Bolzano / Bozen,P.A. Bolzano,533050,157375,29.52,0.82
3715,2021-01-05,PAB,830,286,544,829,0,1,ITH,ITH1,4,Provincia Autonoma Bolzano / Bozen,P.A. Bolzano,533050,158205,29.68,0.16
3716,2021-08-08,PAB,1876,1024,852,951,856,69,ITH,ITH1,4,Provincia Autonoma Bolzano / Bozen,P.A. Bolzano,533050,160081,30.03,0.35
3717,2021-01-21,PAB,969,452,517,140,829,0,ITH,ITH1,4,Provincia Autonoma Bolzano / Bozen,P.A. Bolzano,533050,161050,30.21,0.18
3718,2021-07-25,PAB,1892,1127,765,659,1146,87,ITH,ITH1,4,Provincia Autonoma Bolzano / Bozen,P.A. Bolzano,533050,162942,30.57,0.35
3719,2021-06-08,PAB,4267,2185,2082,890,3346,31,ITH,ITH1,4,Provincia Autonoma Bolzano / Bozen,P.A. Bolzano,533050,167209,31.37,0.8
3720,2021-08-06,PAB,3642,1918,1724,1111,2430,101,ITH,ITH1,4,Provincia Autonoma Bolzano / Bozen,P.A. Bolzano,533050,170851,32.05,0.68
3721,2021-04-28,PAB,2469,1307,1162,2256,5,208,ITH,ITH1,4,Provincia Autonoma Bolzano / Bozen,P.A. Bolzano,533050,173320,32.51,0.46
3722,2021-03-21,PAB,769,286,483,14,754,1,ITH,ITH1,4,Provincia Autonoma Bolzano / Bozen,P.A. Bolzano,533050,174089,32.66,0.14
3723,2021-06-12,PAB,5079,2754,2325,1647,3289,143,ITH,ITH1,4,Provincia Autonoma Bolzano / Bozen,P.A. Bolzano,533050,179168,33.61,0.95
3724,2021-01-14,PAB,1953,578,1375,1953,0,0,ITH,ITH1,4,Provincia Autonoma Bolzano / Bozen,P.A. Bolzano,533050,181121,33.98,0.37
3725,2021-04-07,PAB,1803,825,978,1170,541,92,ITH,ITH1,4,Provincia Autonoma Bolzano / Bozen,P.A. Bolzano,533050,182924,34.32,0.34
3726,2021-03-02,PAB,696,200,496,694,2,0,ITH,ITH1,4,Provincia Autonoma Bolzano / Bozen,P.A. Bolzano,533050,183620,34.45,0.13
3727,2021-03-19,PAB,1921,777,1144,754,1120,47,ITH,ITH1,4,Provincia Autonoma Bolzano / Bozen,P.A. Bolzano,533050,185541,34.81,0.36
3728,2021-03-03,PAB,1181,395,786,1162,13,6,ITH,ITH1,4,Provincia Autonoma Bolzano / Bozen,P.A. Bolzano,533050,186722,35.03,0.22
3729,2021-08-20,PAB,3930,2072,1858,874,2972,84,ITH,ITH1,4,Provincia Autonoma Bolzano / Bozen,P.A. Bolzano,533050,190652,35.77,0.74
3730,2021-05-15,PAB,7021,3697,3324,6323,294,404,ITH,ITH1,4,Provincia Autonoma Bolzano / Bozen,P.A. Bolzano,533050,197673,37.08,1.32
3731,2021-02-04,PAB,1968,598,1370,8,1960,0,ITH,ITH1,4,Provincia Autonoma Bolzano / Bozen,P.A. Bolzano,533050,199641,37.45,0.37
3732,2021-07-11,PAB,6076,3095,2981,1056,4880,140,ITH,ITH1,4,Provincia Autonoma Bolzano / Bozen,P.A. Bolzano,533050,205717,38.59,1.14
3733,2021-04-02,PAB,2090,841,1249,590,1357,143,ITH,ITH1,4,Provincia Autonoma Bolzano / Bozen,P.A. Bolzano,533050,207807,38.98,0.39
3734,2021-09-06,PAB,1128,582,546,565,534,29,ITH,ITH1,4,Provincia Autonoma Bolzano / Bozen,P.A. Bolzano,533050,208935,39.2,0.21
3735,2021-03-07,PAB,440,150,290,19,420,1,ITH,ITH1,4,Provincia Autonoma Bolzano / Bozen,P.A. Bolzano,533050,209375,39.28,0.08
3736,2021-07-30,PAB,5303,2844,2459,3326,1543,434,ITH,ITH1,4,Provincia Autonoma Bolzano / Bozen,P.A. Bolzano,533050,214678,40.27,0.99
3737,2021-04-21,PAB,3017,1470,1547,2039,848,130,ITH,ITH1,4,Provincia Autonoma Bolzano / Bozen,P.A. Bolzano,533050,217695,40.84,0.57
3738,2021-06-24,PAB,3946,2042,1904,1554,2204,188,ITH,ITH1,4,Provincia Autonoma Bolzano / Bozen,P.A. Bolzano,533050,221641,41.58,0.74
3739,2021-01-09,PAB,612,326,286,612,0,0,ITH,ITH1,4,Provincia Autonoma Bolzano / Bozen,P.A. Bolzano,533050,222253,41.69,0.11
3740,2021-09-13,PAB,1169,642,527,668,452,49,ITH,ITH1,4,Provincia Autonoma Bolzano / Bozen,P.A. Bolzano,533050,223422,41.91,0.22
3741,2021-06-05,PAB,6087,3035,3052,4687,1097,303,ITH,ITH1,4,Provincia Autonoma Bolzano / Bozen,P.A. Bolzano,533050,229509,43.06,1.14
3742,2021-01-23,PAB,197,117,80,0,197,0,ITH,ITH1,4,Provincia Autonoma Bolzano / Bozen,P.A. Bolzano,533050,229706,43.09,0.04
3743,2021-08-25,PAB,2745,1458,1287,778,1916,51,ITH,ITH1,4,Provincia Autonoma Bolzano / Bozen,P.A. Bolzano,533050,232451,43.61,0.51
3744,2021-05-03,PAB,1838,851,987,398,1419,21,ITH,ITH1,4,Provincia Autonoma Bolzano / Bozen,P.A. Bolzano,533050,234289,43.95,0.34
3745,2021-02-23,PAB,769,324,445,760,6,3,ITH,ITH1,4,Provincia Autonoma Bolzano / Bozen,P.A. Bolzano,533050,235058,44.1,0.14
3746,2021-05-17,PAB,3154,1525,1629,2279,697,178,ITH,ITH1,4,Provincia Autonoma Bolzano / Bozen,P.A. Bolzano,533050,238212,44.69,0.59
3747,2021-06-03,PAB,4890,2663,2227,3677,972,241,ITH,ITH1,4,Provincia Autonoma Bolzano / Bozen,P.A. Bolzano,533050,243102,45.61,0.92
3748,2021-01-16,PAB,2841,1265,1576,2841,0,0,ITH,ITH1,4,Provincia Autonoma Bolzano / Bozen,P.A. Bolzano,533050,245943,46.14,0.53
3749,2021-06-10,PAB,4498,2334,2164,1302,3098,98,ITH,ITH1,4,Provincia Autonoma Bolzano / Bozen,P.A. Bolzano,533050,250441,46.98,0.84
3750,2021-08-13,PAB,2913,1558,1355,1513,1302,98,ITH,ITH1,4,Provincia Autonoma Bolzano / Bozen,P.A. Bolzano,533050,253354,47.53,0.55
3751,2021-05-10,PAB,3029,1306,1723,1337,1611,81,ITH,ITH1,4,Provincia Autonoma Bolzano / Bozen,P.A. Bolzano,533050,256383,48.1,0.57
3752,2021-08-01,PAB,1319,760,559,697,551,71,ITH,ITH1,4,Provincia Autonoma Bolzano / Bozen,P.A. Bolzano,533050,257702,48.34,0.25
3753,2021-08-18,PAB,881,461,420,358,498,25,ITH,ITH1,4,Provincia Autonoma Bolzano / Bozen,P.A. Bolzano,533050,258583,48.51,0.17
3754,2021-02-16,PAB,530,205,325,529,0,1,ITH,ITH1,4,Provincia Autonoma Bolzano / Bozen,P.A. Bolzano,533050,259113,48.61,0.1
3755,2021-01-28,PAB,872,309,563,9,863,0,ITH,ITH1,4,Provincia Autonoma Bolzano / Bozen,P.A. Bolzano,533050,259985,48.77,0.16
3756,2021-05-29,PAB,7341,3908,3433,4030,3144,167,ITH,ITH1,4,Provincia Autonoma Bolzano / Bozen,P.A. Bolzano,533050,267326,50.15,1.38
3757,2021-03-26,PAB,1663,737,926,505,1136,22,ITH,ITH1,4,Provincia Autonoma Bolzano / Bozen,P.A. Bolzano,533050,268989,50.46,0.31
3758,2021-04-09,PAB,2942,1303,1639,1946,730,266,ITH,ITH1,4,Provincia Autonoma Bolzano / Bozen,P.A. Bolzano,533050,271931,51.01,0.55
3759,2021-05-22,PAB,6844,3572,3272,4462,2169,213,ITH,ITH1,4,Provincia Autonoma Bolzano / Bozen,P.A. Bolzano,533050,278775,52.3,1.28
3760,2021-02-11,PAB,1096,433,663,238,857,1,ITH,ITH1,4,Provincia Autonoma Bolzano / Bozen,P.A. Bolzano,533050,279871,52.5,0.21
3761,2021-07-18,PAB,1871,1033,838,636,1150,85,ITH,ITH1,4,Provincia Autonoma Bolzano / Bozen,P.A. Bolzano,533050,281742,52.85,0.35
3762,2021-06-17,PAB,1773,982,791,617,1078,78,ITH,ITH1,4,Provincia Autonoma Bolzano / Bozen,P.A. Bolzano,533050,283515,53.19,0.33
3763,2021-01-02,PAB,91,48,43,91,0,0,ITH,ITH1,4,Provincia Autonoma Bolzano / Bozen,P.A. Bolzano,533050,283606,53.2,0.02
3764,2021-07-06,PAB,1724,926,798,666,983,75,ITH,ITH1,4,Provincia Autonoma Bolzano / Bozen,P.A. Bolzano,533050,285330,53.53,0.32
3765,2021-06-22,PAB,2471,1423,1048,316,2126,29,ITH,ITH1,4,Provincia Autonoma Bolzano / Bozen,P.A. Bolzano,533050,287801,53.99,0.46
3766,2021-03-14,PAB,758,336,422,24,733,1,ITH,ITH1,4,Provincia Autonoma Bolzano / Bozen,P.A. Bolzano,533050,288559,54.13,0.14
3767,2021-04-14,PAB,3603,1650,1953,3232,95,276,ITH,ITH1,4,Provincia Autonoma Bolzano / Bozen,P.A. Bolzano,533050,292162,54.81,0.68
3768,2021-01-04,PAB,510,201,309,510,0,0,ITH,ITH1,4,Provincia Autonoma Bolzano / Bozen,P.A. Bolzano,533050,292672,54.91,0.1
3769,2021-08-27,PAB,2733,1419,1314,912,1729,92,ITH,ITH1,4,Provincia Autonoma Bolzano / Bozen,P.A. Bolzano,533050,295405,55.42,0.51
3770,2021-04-30,PAB,3348,1599,1749,1437,1778,133,ITH,ITH1,4,Provincia Autonoma Bolzano / Bozen,P.A. Bolzano,533050,298753,56.05,0.63
3771,2021-01-20,PAB,619,254,365,410,209,0,ITH,ITH1,4,Provincia Autonoma Bolzano / Bozen,P.A. Bolzano,533050,299372,56.16,0.12
3772,2021-07-22,PAB,3736,1941,1795,1692,1790,254,ITH,ITH1,4,Provincia Autonoma Bolzano / Bozen,P.A. Bolzano,533050,303108,56.86,0.7
3773,2021-01-06,PAB,59,18,41,59,0,0,ITH,ITH1,4,Provincia Autonoma Bolzano / Bozen,P.A. Bolzano,533050,303167,56.87,0.01
3774,2021-03-30,PAB,1302,532,770,205,1082,15,ITH,ITH1,4,Provincia Autonoma Bolzano / Bozen,P.A. Bolzano,533050,304469,57.12,0.24
3775,2021-04-26,PAB,1550,776,774,1458,5,87,ITH,ITH1,4,Provincia Autonoma Bolzano / Bozen,P.A. Bolzano,533050,306019,57.41,0.29
3776,2021-07-10,PAB,5815,3003,2812,905,4751,159,ITH,ITH1,4,Provincia Autonoma Bolzano / Bozen,P.A. Bolzano,533050,311834,58.5,1.09
3777,2021-01-18,PAB,1777,689,1088,1772,5,0,ITH,ITH1,4,Provincia Autonoma Bolzano / Bozen,P.A. Bolzano,533050,313611,58.83,0.33
3778,2021-08-15,PAB,616,333,283,262,334,20,ITH,ITH1,4,Provincia Autonoma Bolzano / Bozen,P.A. Bolzano,533050,314227,58.95,0.12
3779,2021-05-07,PAB,4200,2063,2137,3393,528,279,ITH,ITH1,4,Provincia Autonoma Bolzano / Bozen,P.A. Bolzano,533050,318427,59.74,0.79
3780,2021-07-03,PAB,5639,2793,2846,927,4566,146,ITH,ITH1,4,Provincia Autonoma Bolzano / Bozen,P.A. Bolzano,533050,324066,60.79,1.06
3781,2021-05-05,PAB,4161,1948,2213,1824,2118,219,ITH,ITH1,4,Provincia Autonoma Bolzano / Bozen,P.A. Bolzano,533050,328227,61.58,0.78
3782,2021-01-25,PAB,493,187,306,3,490,0,ITH,ITH1,4,Provincia Autonoma Bolzano / Bozen,P.A. Bolzano,533050,328720,61.67,0.09
3783,2021-09-17,PAB,1646,840,806,409,1237,0,ITH,ITH1,4,Provincia Autonoma Bolzano / Bozen,P.A. Bolzano,533050,330366,61.98,0.31
3784,2021-02-18,PAB,1838,457,1381,1810,7,21,ITH,ITH1,4,Provincia Autonoma Bolzano / Bozen,P.A. Bolzano,533050,332204,62.32,0.34
3785,2021-06-26,PAB,4548,2331,2217,1350,3077,121,ITH,ITH1,4,Provincia Autonoma Bolzano / Bozen,P.A. Bolzano,533050,336752,63.17,0.85
3786,2021-03-18,PAB,1302,531,771,216,1076,10,ITH,ITH1,4,Provincia Autonoma Bolzano / Bozen,P.A. Bolzano,533050,338054,63.42,0.24
3787,2021-08-22,PAB,993,546,447,291,685,17,ITH,ITH1,4,Provincia Autonoma Bolzano / Bozen,P.A. Bolzano,533050,339047,63.61,0.19
3788,2021-05-14,PAB,5146,2323,2823,2899,2044,203,ITH,ITH1,4,Provincia Autonoma Bolzano / Bozen,P.A. Bolzano,533050,344193,64.57,0.97
3789,2021-03-16,PAB,1290,532,758,116,1166,8,ITH,ITH1,4,Provincia Autonoma Bolzano / Bozen,P.A. Bolzano,533050,345483,64.81,0.24
3790,2021-05-12,PAB,3805,2063,1742,3410,154,241,ITH,ITH1,4,Provincia Autonoma Bolzano / Bozen,P.A. Bolzano,533050,349288,65.53,0.71
3791,2021-04-25,PAB,3078,1501,1577,2281,672,125,ITH,ITH1,4,Provincia Autonoma Bolzano / Bozen,P.A. Bolzano,533050,352366,66.1,0.58
3792,2021-08-03,PAB,2952,1586,1366,1928,840,184,ITH,ITH1,4,Provincia Autonoma Bolzano / Bozen,P.A. Bolzano,533050,355318,66.66,0.55
3793,2021-07-01,PAB,4640,2305,2335,1293,3167,180,ITH,ITH1,4,Provincia Autonoma Bolzano / Bozen,P.A. Bolzano,533050,359958,67.53,0.87
3794,2021-02-06,PAB,2634,1177,1457,19,2615,0,ITH,ITH1,4,Provincia Autonoma Bolzano / Bozen,P.A. Bolzano,533050,362592,68.02,0.49
3795,2021-06-21,PAB,3168,1615,1553,259,2868,41,ITH,ITH1,4,Provincia Autonoma Bolzano / Bozen,P.A. Bolzano,533050,365760,68.62,0.59
3796,2021-09-12,PAB,262,145,117,128,124,10,ITH,ITH1,4,Provincia Autonoma Bolzano / Bozen,P.A. Bolzano,533050,366022,68.67,0.05
3797,2021-07-29,PAB,1341,718,623,696,570,75,ITH,ITH1,4,Provincia Autonoma Bolzano / Bozen,P.A. Bolzano,533050,367363,68.92,0.25
3798,2020-12-30,PAB,389,183,206,389,0,0,ITH,ITH1,4,Provincia Autonoma Bolzano / Bozen,P.A. Bolzano,533050,367752,68.99,0.07
3799,2021-09-10,PAB,1637,867,770,730,854,53,ITH,ITH1,4,Provincia Autonoma Bolzano / Bozen,P.A. Bolzano,533050,369389,69.3,0.31
3800,2021-06-09,PAB,3870,1919,1951,1264,2498,108,ITH,ITH1,4,Provincia Autonoma Bolzano / Bozen,P.A. Bolzano,533050,373259,70.02,0.73
3801,2021-03-01,PAB,925,224,701,889,1,35,ITH,ITH1,4,Provincia Autonoma Bolzano / Bozen,P.A. Bolzano,533050,374184,70.2,0.17
3802,2021-08-05,PAB,3472,1888,1584,1770,1581,121,ITH,ITH1,4,Provincia Autonoma Bolzano / Bozen,P.A. Bolzano,533050,377656,70.85,0.65
3803,2021-03-15,PAB,1195,452,743,697,483,15,ITH,ITH1,4,Provincia Autonoma Bolzano / Bozen,P.A. Bolzano,533050,378851,71.07,0.22
3804,2021-04-27,PAB,2235,1015,1220,1063,1079,93,ITH,ITH1,4,Provincia Autonoma Bolzano / Bozen,P.A. Bolzano,533050,381086,71.49,0.42
3805,2021-01-17,PAB,2329,1044,1285,2318,11,0,ITH,ITH1,4,Provincia Autonoma Bolzano / Bozen,P.A. Bolzano,533050,383415,71.93,0.44
3806,2021-06-23,PAB,1153,595,558,332,768,53,ITH,ITH1,4,Provincia Autonoma Bolzano / Bozen,P.A. Bolzano,533050,384568,72.14,0.22
3807,2021-01-13,PAB,1727,569,1158,1727,0,0,ITH,ITH1,4,Provincia Autonoma Bolzano / Bozen,P.A. Bolzano,533050,386295,72.47,0.32
3808,2021-01-30,PAB,498,245,253,4,494,0,ITH,ITH1,4,Provincia Autonoma Bolzano / Bozen,P.A. Bolzano,533050,386793,72.56,0.09
3809,2021-04-23,PAB,4554,2157,2397,3054,1293,207,ITH,ITH1,4,Provincia Autonoma Bolzano / Bozen,P.A. Bolzano,533050,391347,73.42,0.85
3810,2021-01-11,PAB,1594,522,1072,1594,0,0,ITH,ITH1,4,Provincia Autonoma Bolzano / Bozen,P.A. Bolzano,533050,392941,73.72,0.3
3811,2021-03-04,PAB,1723,1011,712,1455,229,39,ITH,ITH1,4,Provincia Autonoma Bolzano / Bozen,P.A. Bolzano,533050,394664,74.04,0.32
3812,2021-09-05,PAB,1083,574,509,627,424,32,ITH,ITH1,4,Provincia Autonoma Bolzano / Bozen,P.A. Bolzano,533050,395747,74.24,0.2
3813,2021-09-03,PAB,3228,1708,1520,1053,2112,63,ITH,ITH1,4,Provincia Autonoma Bolzano / Bozen,P.A. Bolzano,533050,398975,74.85,0.61
3814,2021-05-26,PAB,5019,2537,2482,2857,1978,184,ITH,ITH1,4,Provincia Autonoma Bolzano / Bozen,P.A. Bolzano,533050,403994,75.79,0.94
3815,2021-08-17,PAB,1251,690,561,790,391,70,ITH,ITH1,4,Provincia Autonoma Bolzano / Bozen,P.A. Bolzano,533050,405245,76.02,0.23
3816,2021-04-16,PAB,2958,1424,1534,2283,512,163,ITH,ITH1,4,Provincia Autonoma Bolzano / Bozen,P.A. Bolzano,533050,408203,76.58,0.55
3817,2021-07-08,PAB,5513,2784,2729,535,4888,90,ITH,ITH1,4,Provincia Autonoma Bolzano / Bozen,P.A. Bolzano,533050,413716,77.61,1.03
3818,2021-06-19,PAB,5668,3020,2648,553,5040,75,ITH,ITH1,4,Provincia Autonoma Bolzano / Bozen,P.A. Bolzano,533050,419384,78.68,1.06
3819,2021-03-11,PAB,1691,830,861,1104,538,49,ITH,ITH1,4,Provincia Autonoma Bolzano / Bozen,P.A. Bolzano,533050,421075,78.99,0.32
3820,2021-02-25,PAB,1498,549,949,1488,1,9,ITH,ITH1,4,Provincia Autonoma Bolzano / Bozen,P.A. Bolzano,533050,422573,79.27,0.28
3821,2021-06-02,PAB,1468,824,644,973,459,36,ITH,ITH1,4,Provincia Autonoma Bolzano / Bozen,P.A. Bolzano,533050,424041,79.55,0.28
3822,2021-03-23,PAB,1557,761,796,1518,1,38,ITH,ITH1,4,Provincia Autonoma Bolzano / Bozen,P.A. Bolzano,533050,425598,79.84,0.29
3823,2021-04-01,PAB,2791,1409,1382,2507,146,138,ITH,ITH1,4,Provincia Autonoma Bolzano / Bozen,P.A. Bolzano,533050,428389,80.37,0.52
3824,2021-07-05,PAB,2936,1406,1530,812,1984,140,ITH,ITH1,4,Provincia Autonoma Bolzano / Bozen,P.A. Bolzano,533050,431325,80.92,0.55
3825,2021-03-28,PAB,569,212,357,11,558,0,ITH,ITH1,4,Provincia Autonoma Bolzano / Bozen,P.A. Bolzano,533050,431894,81.02,0.11
3826,2021-08-10,PAB,1852,1017,835,1423,281,148,ITH,ITH1,4,Provincia Autonoma Bolzano / Bozen,P.A. Bolzano,533050,433746,81.37,0.35
3827,2021-07-15,PAB,4397,2320,2077,1450,2703,244,ITH,ITH1,4,Provincia Autonoma Bolzano / Bozen,P.A. Bolzano,533050,438143,82.2,0.82
3828,2021-04-06,PAB,2254,1120,1134,1947,102,205,ITH,ITH1,4,Provincia Autonoma Bolzano / Bozen,P.A. Bolzano,533050,440397,82.62,0.42
3829,2021-07-17,PAB,3147,1801,1346,687,2352,108,ITH,ITH1,4,Provincia Autonoma Bolzano / Bozen,P.A. Bolzano,533050,443544,83.21,0.59
3830,2021-04-08,PAB,2797,1361,1436,2501,204,92,ITH,ITH1,4,Provincia Autonoma Bolzano / Bozen,P.A. Bolzano,533050,446341,83.73,0.52
3831,2021-04-20,PAB,1565,785,780,1487,3,75,ITH,ITH1,4,Provincia Autonoma Bolzano / Bozen,P.A. Bolzano,533050,447906,84.03,0.29
3832,2021-01-10,PAB,2,2,0,2,0,0,ITH,ITH1,4,Provincia Autonoma Bolzano / Bozen,P.A. Bolzano,533050,447908,84.03,0.0
3833,2021-06-16,PAB,3824,2028,1796,11,3808,5,ITH,ITH1,4,Provincia Autonoma Bolzano / Bozen,P.A. Bolzano,533050,451732,84.74,0.72
3834,2021-03-08,PAB,1213,535,678,1163,27,23,ITH,ITH1,4,Provincia Autonoma Bolzano / Bozen,P.A. Bolzano,533050,452945,84.97,0.23
3835,2021-08-12,PAB,3365,1724,1641,581,2711,73,ITH,ITH1,4,Provincia Autonoma Bolzano / Bozen,P.A. Bolzano,533050,456310,85.6,0.63
3836,2021-05-04,PAB,3453,1845,1608,2263,1038,152,ITH,ITH1,4,Provincia Autonoma Bolzano / Bozen,P.A. Bolzano,533050,459763,86.25,0.65
3837,2021-06-14,PAB,2984,1617,1367,571,2361,52,ITH,ITH1,4,Provincia Autonoma Bolzano / Bozen,P.A. Bolzano,533050,462747,86.81,0.56
3838,2021-02-01,PAB,1467,448,1019,13,1453,1,ITH,ITH1,4,Provincia Autonoma Bolzano / Bozen,P.A. Bolzano,533050,464214,87.09,0.28
3839,2021-08-29,PAB,869,480,389,353,498,18,ITH,ITH1,4,Provincia Autonoma Bolzano / Bozen,P.A. Bolzano,533050,465083,87.25,0.16
3840,2021-03-09,PAB,1194,543,651,1164,2,28,ITH,ITH1,4,Provincia Autonoma Bolzano / Bozen,P.A. Bolzano,533050,466277,87.47,0.22
3841,2021-02-08,PAB,2,1,1,1,1,0,ITH,ITH1,4,Provincia Autonoma Bolzano / Bozen,P.A. Bolzano,533050,466279,87.47,0.0
3842,2021-05-19,PAB,3888,1997,1891,1959,1789,140,ITH,ITH1,4,Provincia Autonoma Bolzano / Bozen,P.A. Bolzano,533050,470167,88.2,0.73
3843,2021-01-03,PAB,41,16,25,41,0,0,ITH,ITH1,4,Provincia Autonoma Bolzano / Bozen,P.A. Bolzano,533050,470208,88.21,0.01
3844,2021-09-14,PAB,696,367,329,358,317,21,ITH,ITH1,4,Provincia Autonoma Bolzano / Bozen,P.A. Bolzano,533050,470904,88.34,0.13
3845,2021-04-13,PAB,2400,1134,1266,2307,7,86,ITH,ITH1,4,Provincia Autonoma Bolzano / Bozen,P.A. Bolzano,533050,473304,88.79,0.45
3846,2021-07-26,PAB,1629,940,689,1110,411,108,ITH,ITH1,4,Provincia Autonoma Bolzano / Bozen,P.A. Bolzano,533050,474933,89.1,0.31
3847,2021-02-22,PAB,526,143,383,496,12,18,ITH,ITH1,4,Provincia Autonoma Bolzano / Bozen,P.A. Bolzano,533050,475459,89.2,0.1
3848,2021-08-26,PAB,2240,1134,1106,827,1359,54,ITH,ITH1,4,Provincia Autonoma Bolzano / Bozen,P.A. Bolzano,533050,477699,89.62,0.42
3849,2021-07-07,PAB,1994,1034,960,579,1336,79,ITH,ITH1,4,Provincia Autonoma Bolzano / Bozen,P.A. Bolzano,533050,479693,89.99,0.37
3850,2021-05-30,PAB,4793,2531,2262,731,4030,32,ITH,ITH1,4,Provincia Autonoma Bolzano / Bozen,P.A. Bolzano,533050,484486,90.89,0.9
3851,2021-07-12,PAB,3534,1755,1779,240,3243,51,ITH,ITH1,4,Provincia Autonoma Bolzano / Bozen,P.A. Bolzano,533050,488020,91.55,0.66
3852,2021-04-03,PAB,833,366,467,22,811,0,ITH,ITH1,4,Provincia Autonoma Bolzano / Bozen,P.A. Bolzano,533050,488853,91.71,0.16
3853,2021-09-07,PAB,1280,698,582,229,1042,9,ITH,ITH1,4,Provincia Autonoma Bolzano / Bozen,P.A. Bolzano,533050,490133,91.95,0.24
3854,2021-03-25,PAB,2173,1080,1093,1660,445,68,ITH,ITH1,4,Provincia Autonoma Bolzano / Bozen,P.A. Bolzano,533050,492306,92.36,0.41
3855,2021-01-27,PAB,85,29,56,2,83,0,ITH,ITH1,4,Provincia Autonoma Bolzano / Bozen,P.A. Bolzano,533050,492391,92.37,0.02
3856,2020-12-27,PAB,144,65,79,144,0,0,ITH,ITH1,4,Provincia Autonoma Bolzano / Bozen,P.A. Bolzano,533050,492535,92.4,0.03
3857,2021-06-30,PAB,3064,1565,1499,397,2608,59,ITH,ITH1,4,Provincia Autonoma Bolzano / Bozen,P.A. Bolzano,533050,495599,92.97,0.57
3858,2021-06-11,PAB,5841,3006,2835,2128,3486,227,ITH,ITH1,4,Provincia Autonoma Bolzano / Bozen,P.A. Bolzano,533050,501440,94.07,1.1
3859,2021-09-02,PAB,1208,627,581,705,467,36,ITH,ITH1,4,Provincia Autonoma Bolzano / Bozen,P.A. Bolzano,533050,502648,94.3,0.23
3860,2021-03-20,PAB,1760,851,909,1111,625,24,ITH,ITH1,4,Provincia Autonoma Bolzano / Bozen,P.A. Bolzano,533050,504408,94.63,0.33
3861,2021-06-28,PAB,4614,2308,2306,214,4373,27,ITH,ITH1,4,Provincia Autonoma Bolzano / Bozen,P.A. Bolzano,533050,509022,95.49,0.87
3862,2021-06-04,PAB,6723,3390,3333,4934,1537,252,ITH,ITH1,4,Provincia Autonoma Bolzano / Bozen,P.A. Bolzano,533050,515745,96.75,1.26
3863,2021-02-24,PAB,1368,407,961,1321,12,35,ITH,ITH1,4,Provincia Autonoma Bolzano / Bozen,P.A. Bolzano,533050,517113,97.01,0.26
3864,2021-03-27,PAB,3053,1554,1499,1479,1508,66,ITH,ITH1,4,Provincia Autonoma Bolzano / Bozen,P.A. Bolzano,533050,520166,97.58,0.57
3865,2021-03-13,PAB,2886,1460,1426,2747,101,38,ITH,ITH1,4,Provincia Autonoma Bolzano / Bozen,P.A. Bolzano,533050,523052,98.12,0.54
3866,2021-02-15,PAB,72,42,30,23,46,3,ITH,ITH1,4,Provincia Autonoma Bolzano / Bozen,P.A. Bolzano,533050,523124,98.14,0.01
3867,2021-08-19,PAB,1751,967,784,1048,614,89,ITH,ITH1,4,Provincia Autonoma Bolzano / Bozen,P.A. Bolzano,533050,524875,98.47,0.33
3868,2021-05-11,PAB,2855,1339,1516,1256,1523,76,ITH,ITH1,4,Provincia Autonoma Bolzano / Bozen,P.A. Bolzano,533050,527730,99.0,0.54
3869,2021-07-31,PAB,3168,1720,1448,2070,924,174,ITH,ITH1,4,Provincia Autonoma Bolzano / Bozen,P.A. Bolzano,533050,530898,99.6,0.59
3870,2021-01-29,PAB,1515,518,997,24,1491,0,ITH,ITH1,4,Provincia Autonoma Bolzano / Bozen,P.A. Bolzano,533050,532413,99.88,0.28
3871,2021-04-22,PAB,2939,1512,1427,1872,942,125,ITH,ITH1,4,Provincia Autonoma Bolzano / Bozen,P.A. Bolzano,533050,535352,100.43,0.55
3872,2021-05-09,PAB,4243,2410,1833,2934,1150,159,ITH,ITH1,4,Provincia Autonoma Bolzano / Bozen,P.A. Bolzano,533050,539595,101.23,0.8
3873,2021-03-06,PAB,3976,2082,1894,3678,211,87,ITH,ITH1,4,Provincia Autonoma Bolzano / Bozen,P.A. Bolzano,533050,543571,101.97,0.75
3874,2021-05-28,PAB,7467,3942,3525,5361,1895,211,ITH,ITH1,4,Provincia Autonoma Bolzano / Bozen,P.A. Bolzano,533050,551038,103.37,1.4
3875,2021-02-17,PAB,156,51,105,139,17,0,ITH,ITH1,4,Provincia Autonoma Bolzano / Bozen,P.A. Bolzano,533050,551194,103.4,0.03
3876,2021-05-23,PAB,4343,2305,2038,4134,8,201,ITH,ITH1,4,Provincia Autonoma Bolzano / Bozen,P.A. Bolzano,533050,555537,104.22,0.81
3877,2021-07-19,PAB,2783,1396,1387,608,2048,127,ITH,ITH1,4,Provincia Autonoma Bolzano / Bozen,P.A. Bolzano,533050,558320,104.74,0.52
3878,2021-02-03,PAB,1508,480,1028,5,1503,0,ITH,ITH1,4,Provincia Autonoma Bolzano / Bozen,P.A. Bolzano,533050,559828,105.02,0.28
3879,2021-02-10,PAB,1637,605,1032,26,1610,1,ITH,ITH1,4,Provincia Autonoma Bolzano / Bozen,P.A. Bolzano,533050,561465,105.33,0.31
3880,2021-08-31,PAB,2029,1095,934,740,1260,29,ITH,ITH1,4,Provincia Autonoma Bolzano / Bozen,P.A. Bolzano,533050,563494,105.71,0.38
3881,2021-05-21,PAB,7397,4066,3331,5212,1879,306,ITH,ITH1,4,Provincia Autonoma Bolzano / Bozen,P.A. Bolzano,533050,570891,107.1,1.39
3882,2021-08-24,PAB,1970,1028,942,535,1396,39,ITH,ITH1,4,Provincia Autonoma Bolzano / Bozen,P.A. Bolzano,533050,572861,107.47,0.37
3883,2021-05-16,PAB,2029,935,1094,1280,694,55,ITH,ITH1,4,Provincia Autonoma Bolzano / Bozen,P.A. Bolzano,533050,574890,107.85,0.38
3884,2021-02-05,PAB,3206,1189,2017,8,3198,0,ITH,ITH1,4,Provincia Autonoma Bolzano / Bozen,P.A. Bolzano,533050,578096,108.45,0.6
3885,2021-04-15,PAB,4410,2314,2096,3924,266,220,ITH,ITH1,4,Provincia Autonoma Bolzano / Bozen,P.A. Bolzano,533050,582506,109.28,0.83
3886,2021-07-24,PAB,4831,2848,1983,1353,3330,148,ITH,ITH1,4,Provincia Autonoma Bolzano / Bozen,P.A. Bolzano,533050,587337,110.18,0.91
3887,2021-05-02,PAB,2453,1284,1169,1428,915,110,ITH,ITH1,4,Provincia Autonoma Bolzano / Bozen,P.A. Bolzano,533050,589790,110.64,0.46
3888,2021-01-22,PAB,248,143,105,124,124,0,ITH,ITH1,4,Provincia Autonoma Bolzano / Bozen,P.A. Bolzano,533050,590038,110.69,0.05
3889,2021-01-19,PAB,853,371,482,723,130,0,ITH,ITH1,4,Provincia Autonoma Bolzano / Bozen,P.A. Bolzano,533050,590891,110.85,0.16
3890,2021-06-25,PAB,4179,2308,1871,1020,3014,145,ITH,ITH1,4,Provincia Autonoma Bolzano / Bozen,P.A. Bolzano,533050,595070,111.63,0.78
3891,2021-02-09,PAB,317,126,191,1,316,0,ITH,ITH1,4,Provincia Autonoma Bolzano / Bozen,P.A. Bolzano,533050,595387,111.69,0.06
3892,2021-09-08,PAB,517,274,243,248,261,8,ITH,ITH1,4,Provincia Autonoma Bolzano / Bozen,P.A. Bolzano,533050,595904,111.79,0.1
3893,2021-07-13,PAB,3384,1732,1652,1282,1930,172,ITH,ITH1,4,Provincia Autonoma Bolzano / Bozen,P.A. Bolzano,533050,599288,112.43,0.63
3894,2021-02-02,PAB,1752,509,1243,8,1744,0,ITH,ITH1,4,Provincia Autonoma Bolzano / Bozen,P.A. Bolzano,533050,601040,112.75,0.33
3895,2021-07-20,PAB,3134,1730,1404,1353,1524,257,ITH,ITH1,4,Provincia Autonoma Bolzano / Bozen,P.A. Bolzano,533050,604174,113.34,0.59
3896,2021-09-15,PAB,621,330,291,214,399,8,ITH,ITH1,4,Provincia Autonoma Bolzano / Bozen,P.A. Bolzano,533050,604795,113.46,0.12
3897,2021-09-01,PAB,1062,507,555,585,454,23,ITH,ITH1,4,Provincia Autonoma Bolzano / Bozen,P.A. Bolzano,533050,605857,113.66,0.2
3898,2021-05-31,PAB,3068,1514,1554,2080,868,120,ITH,ITH1,4,Provincia Autonoma Bolzano / Bozen,P.A. Bolzano,533050,608925,114.23,0.58
3899,2021-01-01,PAB,6,5,1,6,0,0,ITH,ITH1,4,Provincia Autonoma Bolzano / Bozen,P.A. Bolzano,533050,608931,114.24,0.0
3900,2021-06-07,PAB,2987,1554,1433,2516,324,147,ITH,ITH1,4,Provincia Autonoma Bolzano / Bozen,P.A. Bolzano,533050,611918,114.8,0.56
3901,2021-02-27,PAB,2458,759,1699,2414,10,34,ITH,ITH1,4,Provincia Autonoma Bolzano / Bozen,P.A. Bolzano,533050,614376,115.26,0.46
3902,2021-02-13,PAB,318,79,239,310,6,2,ITH,ITH1,4,Provincia Autonoma Bolzano / Bozen,P.A. Bolzano,533050,614694,115.32,0.06
3903,2021-04-11,PAB,2734,1301,1433,2458,178,98,ITH,ITH1,4,Provincia Autonoma Bolzano / Bozen,P.A. Bolzano,533050,617428,115.83,0.51
3904,2021-05-24,PAB,1459,769,690,1051,335,73,ITH,ITH1,4,Provincia Autonoma Bolzano / Bozen,P.A. Bolzano,533050,618887,116.1,0.27
3905,2021-02-20,PAB,1802,540,1262,1755,18,29,ITH,ITH1,4,Provincia Autonoma Bolzano / Bozen,P.A. Bolzano,533050,620689,116.44,0.34
3906,2021-07-27,PAB,3158,1886,1272,882,2181,95,ITH,ITH1,4,Provincia Autonoma Bolzano / Bozen,P.A. Bolzano,533050,623847,117.03,0.59
3907,2021-04-18,PAB,3116,1611,1505,2008,1011,97,ITH,ITH1,4,Provincia Autonoma Bolzano / Bozen,P.A. Bolzano,533050,626963,117.62,0.58
3908,2021-01-15,PAB,3293,1234,2059,3292,0,1,ITH,ITH1,4,Provincia Autonoma Bolzano / Bozen,P.A. Bolzano,533050,630256,118.24,0.62
3909,2021-08-14,PAB,2061,1120,941,727,1272,62,ITH,ITH1,4,Provincia Autonoma Bolzano / Bozen,P.A. Bolzano,533050,632317,118.62,0.39
3910,2021-06-18,PAB,4544,2351,2193,1449,2912,183,ITH,ITH1,4,Provincia Autonoma Bolzano / Bozen,P.A. Bolzano,533050,636861,119.47,0.85
3911,2021-01-08,PAB,1537,484,1053,1537,0,0,ITH,ITH1,4,Provincia Autonoma Bolzano / Bozen,P.A. Bolzano,533050,638398,119.76,0.29
3912,2021-08-07,PAB,2378,1354,1024,1616,665,97,ITH,ITH1,4,Provincia Autonoma Bolzano / Bozen,P.A. Bolzano,533050,640776,120.21,0.45
3913,2021-03-03,ABR,4643,1900,2743,3718,906,19,ITF,ITF1,13,Abruzzo,Abruzzo,1304970,4643,0.36,0.36
3914,2021-07-14,ABR,13722,6799,6923,2435,11135,152,ITF,ITF1,13,Abruzzo,Abruzzo,1304970,18365,1.41,1.05
3915,2021-04-08,ABR,7395,3335,4060,4933,2332,130,ITF,ITF1,13,Abruzzo,Abruzzo,1304970,25760,1.97,0.57
3916,2021-04-22,ABR,6738,3252,3486,4828,1734,176,ITF,ITF1,13,Abruzzo,Abruzzo,1304970,32498,2.49,0.52
3917,2021-07-31,ABR,11741,6341,5400,3475,8063,203,ITF,ITF1,13,Abruzzo,Abruzzo,1304970,44239,3.39,0.9
3918,2021-08-21,ABR,3841,2098,1743,1729,1990,122,ITF,ITF1,13,Abruzzo,Abruzzo,1304970,48080,3.68,0.29
3919,2021-05-04,ABR,10854,5093,5761,7036,3628,190,ITF,ITF1,13,Abruzzo,Abruzzo,1304970,58934,4.52,0.83
3920,2021-03-08,ABR,5155,1694,3461,4083,976,96,ITF,ITF1,13,Abruzzo,Abruzzo,1304970,64089,4.91,0.4
3921,2021-01-24,ABR,50,22,28,6,44,0,ITF,ITF1,13,Abruzzo,Abruzzo,1304970,64139,4.91,0.0
3922,2021-02-22,ABR,2641,1174,1467,2584,30,27,ITF,ITF1,13,Abruzzo,Abruzzo,1304970,66780,5.12,0.2
3923,2021-02-05,ABR,1535,521,1014,772,747,16,ITF,ITF1,13,Abruzzo,Abruzzo,1304970,68315,5.23,0.12
3924,2021-05-16,ABR,9579,4135,5444,5646,3812,121,ITF,ITF1,13,Abruzzo,Abruzzo,1304970,77894,5.97,0.73
3925,2021-06-04,ABR,15650,7395,8255,10758,4703,189,ITF,ITF1,13,Abruzzo,Abruzzo,1304970,93544,7.17,1.2
3926,2021-05-18,ABR,12111,5661,6450,7559,4380,172,ITF,ITF1,13,Abruzzo,Abruzzo,1304970,105655,8.1,0.93
3927,2021-02-24,ABR,3306,1442,1864,3112,177,17,ITF,ITF1,13,Abruzzo,Abruzzo,1304970,108961,8.35,0.25
3928,2021-08-09,ABR,10705,5548,5157,3097,7414,194,ITF,ITF1,13,Abruzzo,Abruzzo,1304970,119666,9.17,0.82
3929,2021-08-26,ABR,5804,3038,2766,2016,3637,151,ITF,ITF1,13,Abruzzo,Abruzzo,1304970,125470,9.61,0.44
3930,2021-01-22,ABR,118,57,61,118,0,0,ITF,ITF1,13,Abruzzo,Abruzzo,1304970,125588,9.62,0.01
3931,2021-01-03,ABR,501,212,289,499,0,2,ITF,ITF1,13,Abruzzo,Abruzzo,1304970,126089,9.66,0.04
3932,2021-09-09,ABR,6996,3668,3328,1340,5527,129,ITF,ITF1,13,Abruzzo,Abruzzo,1304970,133085,10.2,0.54
3933,2021-02-10,ABR,946,311,635,492,444,10,ITF,ITF1,13,Abruzzo,Abruzzo,1304970,134031,10.27,0.07
3934,2021-01-10,ABR,1272,540,732,1268,0,4,ITF,ITF1,13,Abruzzo,Abruzzo,1304970,135303,10.37,0.1
3935,2021-04-29,ABR,12685,5855,6830,9271,3099,315,ITF,ITF1,13,Abruzzo,Abruzzo,1304970,147988,11.34,0.97
3936,2021-08-07,ABR,6493,3617,2876,1834,4561,98,ITF,ITF1,13,Abruzzo,Abruzzo,1304970,154481,11.84,0.5
3937,2021-06-25,ABR,11062,5478,5584,4903,6014,145,ITF,ITF1,13,Abruzzo,Abruzzo,1304970,165543,12.69,0.85
3938,2021-01-15,ABR,385,155,230,371,0,14,ITF,ITF1,13,Abruzzo,Abruzzo,1304970,165928,12.72,0.03
3939,2021-05-30,ABR,8661,4110,4551,5326,3256,79,ITF,ITF1,13,Abruzzo,Abruzzo,1304970,174589,13.38,0.66
3940,2021-04-03,ABR,5165,2259,2906,3485,1598,82,ITF,ITF1,13,Abruzzo,Abruzzo,1304970,179754,13.77,0.4
3941,2021-09-07,ABR,5352,2814,2538,1471,3772,109,ITF,ITF1,13,Abruzzo,Abruzzo,1304970,185106,14.18,0.41
3942,2021-07-26,ABR,14259,7460,6799,3865,10195,199,ITF,ITF1,13,Abruzzo,Abruzzo,1304970,199365,15.28,1.09
3943,2021-07-12,ABR,15078,7459,7619,2357,12604,117,ITF,ITF1,13,Abruzzo,Abruzzo,1304970,214443,16.43,1.16
3944,2020-12-27,ABR,47,24,23,47,0,0,ITF,ITF1,13,Abruzzo,Abruzzo,1304970,214490,16.44,0.0
3945,2021-03-20,ABR,4796,2201,2595,2564,2172,60,ITF,ITF1,13,Abruzzo,Abruzzo,1304970,219286,16.8,0.37
3946,2021-06-13,ABR,9847,4925,4922,7846,1835,166,ITF,ITF1,13,Abruzzo,Abruzzo,1304970,229133,17.56,0.75
3947,2021-03-22,ABR,4347,1911,2436,2309,1971,67,ITF,ITF1,13,Abruzzo,Abruzzo,1304970,233480,17.89,0.33
3948,2021-06-30,ABR,11172,5432,5740,4496,6509,167,ITF,ITF1,13,Abruzzo,Abruzzo,1304970,244652,18.75,0.86
3949,2021-02-17,ABR,2071,948,1123,1780,282,9,ITF,ITF1,13,Abruzzo,Abruzzo,1304970,246723,18.91,0.16
3950,2021-09-02,ABR,6103,3191,2912,1861,4112,130,ITF,ITF1,13,Abruzzo,Abruzzo,1304970,252826,19.37,0.47
3951,2021-06-11,ABR,11783,5854,5929,8831,2766,186,ITF,ITF1,13,Abruzzo,Abruzzo,1304970,264609,20.28,0.9
3952,2021-08-19,ABR,6725,3610,3115,3258,3275,192,ITF,ITF1,13,Abruzzo,Abruzzo,1304970,271334,20.79,0.52
3953,2021-03-01,ABR,3477,1384,2093,2702,751,24,ITF,ITF1,13,Abruzzo,Abruzzo,1304970,274811,21.06,0.27
3954,2021-08-14,ABR,127,69,58,100,25,2,ITF,ITF1,13,Abruzzo,Abruzzo,1304970,274938,21.07,0.01
3955,2021-06-18,ABR,10193,5005,5188,6550,3494,149,ITF,ITF1,13,Abruzzo,Abruzzo,1304970,285131,21.85,0.78
3956,2021-08-28,ABR,2303,1332,971,699,1555,49,ITF,ITF1,13,Abruzzo,Abruzzo,1304970,287434,22.03,0.18
3957,2021-09-14,ABR,3910,2103,1807,801,3037,72,ITF,ITF1,13,Abruzzo,Abruzzo,1304970,291344,22.33,0.3
3958,2021-03-27,ABR,6128,2622,3506,3562,2493,73,ITF,ITF1,13,Abruzzo,Abruzzo,1304970,297472,22.8,0.47
3959,2021-01-05,ABR,1735,721,1014,1730,0,5,ITF,ITF1,13,Abruzzo,Abruzzo,1304970,299207,22.93,0.13
3960,2021-04-15,ABR,7832,3687,4145,5826,1843,163,ITF,ITF1,13,Abruzzo,Abruzzo,1304970,307039,23.53,0.6
3961,2021-07-07,ABR,12063,5906,6157,4023,7797,243,ITF,ITF1,13,Abruzzo,Abruzzo,1304970,319102,24.45,0.92
3962,2021-04-27,ABR,9087,4368,4719,6504,2469,114,ITF,ITF1,13,Abruzzo,Abruzzo,1304970,328189,25.15,0.7
3963,2021-07-02,ABR,11839,5948,5891,4832,6822,185,ITF,ITF1,13,Abruzzo,Abruzzo,1304970,340028,26.06,0.91
3964,2021-03-15,ABR,3679,1444,2235,1840,1807,32,ITF,ITF1,13,Abruzzo,Abruzzo,1304970,343707,26.34,0.28
3965,2021-01-17,ABR,193,64,129,185,7,1,ITF,ITF1,13,Abruzzo,Abruzzo,1304970,343900,26.35,0.01
3966,2021-06-23,ABR,11015,5284,5731,5577,5291,147,ITF,ITF1,13,Abruzzo,Abruzzo,1304970,354915,27.2,0.84
3967,2021-09-16,ABR,3179,1686,1493,967,2114,98,ITF,ITF1,13,Abruzzo,Abruzzo,1304970,358094,27.44,0.24
3968,2021-07-21,ABR,11079,5718,5361,2426,8518,135,ITF,ITF1,13,Abruzzo,Abruzzo,1304970,369173,28.29,0.85
3969,2021-02-03,ABR,2062,717,1345,411,1643,8,ITF,ITF1,13,Abruzzo,Abruzzo,1304970,371235,28.45,0.16
3970,2021-02-12,ABR,1227,567,660,1025,189,13,ITF,ITF1,13,Abruzzo,Abruzzo,1304970,372462,28.54,0.09
3971,2021-07-19,ABR,11778,5983,5795,2662,8944,172,ITF,ITF1,13,Abruzzo,Abruzzo,1304970,384240,29.44,0.9
3972,2021-05-23,ABR,9880,4693,5187,7067,2692,121,ITF,ITF1,13,Abruzzo,Abruzzo,1304970,394120,30.2,0.76
3973,2021-06-06,ABR,11150,5310,5840,8775,2241,134,ITF,ITF1,13,Abruzzo,Abruzzo,1304970,405270,31.06,0.85
3974,2021-04-10,ABR,8777,4059,4718,6121,2510,146,ITF,ITF1,13,Abruzzo,Abruzzo,1304970,414047,31.73,0.67
3975,2021-01-29,ABR,1387,449,938,71,1315,1,ITF,ITF1,13,Abruzzo,Abruzzo,1304970,415434,31.83,0.11
3976,2021-08-02,ABR,13857,7154,6703,3544,10054,259,ITF,ITF1,13,Abruzzo,Abruzzo,1304970,429291,32.9,1.06
3977,2021-05-11,ABR,10763,5120,5643,5730,4857,176,ITF,ITF1,13,Abruzzo,Abruzzo,1304970,440054,33.72,0.82
3978,2021-08-18,ABR,7383,3921,3462,3085,4107,191,ITF,ITF1,13,Abruzzo,Abruzzo,1304970,447437,34.29,0.57
3979,2021-04-05,ABR,2692,1147,1545,1729,880,83,ITF,ITF1,13,Abruzzo,Abruzzo,1304970,450129,34.49,0.21
3980,2021-02-02,ABR,1765,669,1096,218,1543,4,ITF,ITF1,13,Abruzzo,Abruzzo,1304970,451894,34.63,0.14
3981,2021-05-13,ABR,11151,5044,6107,6953,3964,234,ITF,ITF1,13,Abruzzo,Abruzzo,1304970,463045,35.48,0.85
3982,2021-03-31,ABR,6723,2947,3776,4559,2069,95,ITF,ITF1,13,Abruzzo,Abruzzo,1304970,469768,36.0,0.52
3983,2021-05-15,ABR,11446,5185,6261,5937,5328,181,ITF,ITF1,13,Abruzzo,Abruzzo,1304970,481214,36.88,0.88
3984,2021-08-23,ABR,5923,3111,2812,1658,4120,145,ITF,ITF1,13,Abruzzo,Abruzzo,1304970,487137,37.33,0.45
3985,2021-07-11,ABR,9887,4976,4911,2364,7388,135,ITF,ITF1,13,Abruzzo,Abruzzo,1304970,497024,38.09,0.76
3986,2021-07-09,ABR,13613,6795,6818,2887,10587,139,ITF,ITF1,13,Abruzzo,Abruzzo,1304970,510637,39.13,1.04
3987,2021-09-13,ABR,4590,2483,2107,1054,3457,79,ITF,ITF1,13,Abruzzo,Abruzzo,1304970,515227,39.48,0.35
3988,2021-06-22,ABR,10410,4877,5533,5384,4846,180,ITF,ITF1,13,Abruzzo,Abruzzo,1304970,525637,40.28,0.8
3989,2021-01-19,ABR,112,56,56,90,21,1,ITF,ITF1,13,Abruzzo,Abruzzo,1304970,525749,40.29,0.01
3990,2021-02-07,ABR,780,307,473,199,580,1,ITF,ITF1,13,Abruzzo,Abruzzo,1304970,526529,40.35,0.06
3991,2021-07-23,ABR,12573,6465,6108,2849,9563,161,ITF,ITF1,13,Abruzzo,Abruzzo,1304970,539102,41.31,0.96
3992,2021-01-21,ABR,157,47,110,157,0,0,ITF,ITF1,13,Abruzzo,Abruzzo,1304970,539259,41.32,0.01
3993,2021-05-01,ABR,10752,5053,5699,5631,4984,137,ITF,ITF1,13,Abruzzo,Abruzzo,1304970,550011,42.15,0.82
3994,2021-02-28,ABR,1703,509,1194,1665,2,36,ITF,ITF1,13,Abruzzo,Abruzzo,1304970,551714,42.28,0.13
3995,2021-08-04,ABR,10883,5629,5254,4301,6339,243,ITF,ITF1,13,Abruzzo,Abruzzo,1304970,562597,43.11,0.83
3996,2021-01-02,ABR,559,226,333,558,0,1,ITF,ITF1,13,Abruzzo,Abruzzo,1304970,563156,43.15,0.04
3997,2021-06-08,ABR,12870,6622,6248,10430,2197,243,ITF,ITF1,13,Abruzzo,Abruzzo,1304970,576026,44.14,0.99
3998,2021-04-26,ABR,8563,4066,4497,7135,1214,214,ITF,ITF1,13,Abruzzo,Abruzzo,1304970,584589,44.8,0.66
3999,2021-06-01,ABR,10999,4877,6122,6511,4367,121,ITF,ITF1,13,Abruzzo,Abruzzo,1304970,595588,45.64,0.84
4000,2021-03-17,ABR,4543,1874,2669,2780,1740,23,ITF,ITF1,13,Abruzzo,Abruzzo,1304970,600131,45.99,0.35
4001,2021-09-06,ABR,6219,3245,2974,2203,3868,148,ITF,ITF1,13,Abruzzo,Abruzzo,1304970,606350,46.46,0.48
4002,2021-01-12,ABR,1901,761,1140,1887,0,14,ITF,ITF1,13,Abruzzo,Abruzzo,1304970,608251,46.61,0.15
4003,2021-05-25,ABR,11420,5324,6096,8083,3139,198,ITF,ITF1,13,Abruzzo,Abruzzo,1304970,619671,47.49,0.88
4004,2021-01-31,ABR,1523,495,1028,285,1237,1,ITF,ITF1,13,Abruzzo,Abruzzo,1304970,621194,47.6,0.12
4005,2021-05-27,ABR,13323,6104,7219,8315,4831,177,ITF,ITF1,13,Abruzzo,Abruzzo,1304970,634517,48.62,1.02
4006,2021-09-04,ABR,2139,1136,1003,740,1338,61,ITF,ITF1,13,Abruzzo,Abruzzo,1304970,636656,48.79,0.16
4007,2021-03-19,ABR,5798,2586,3212,2730,3025,43,ITF,ITF1,13,Abruzzo,Abruzzo,1304970,642454,49.23,0.44
4008,2021-03-05,ABR,5346,1957,3389,4590,697,59,ITF,ITF1,13,Abruzzo,Abruzzo,1304970,647800,49.64,0.41
4009,2021-06-27,ABR,8365,4298,4067,5017,3208,140,ITF,ITF1,13,Abruzzo,Abruzzo,1304970,656165,50.28,0.64
4010,2021-03-10,ABR,5050,1686,3364,4026,957,67,ITF,ITF1,13,Abruzzo,Abruzzo,1304970,661215,50.67,0.39
4011,2021-01-26,ABR,1551,569,982,31,1520,0,ITF,ITF1,13,Abruzzo,Abruzzo,1304970,662766,50.79,0.12
4012,2021-05-06,ABR,13005,6087,6918,7796,5049,160,ITF,ITF1,13,Abruzzo,Abruzzo,1304970,675771,51.78,1.0
4013,2021-05-20,ABR,12807,5926,6881,7412,5267,128,ITF,ITF1,13,Abruzzo,Abruzzo,1304970,688578,52.77,0.98
4014,2021-08-11,ABR,8277,4415,3862,2615,5504,158,ITF,ITF1,13,Abruzzo,Abruzzo,1304970,696855,53.4,0.63
4015,2021-04-19,ABR,6236,2864,3372,3788,2375,73,ITF,ITF1,13,Abruzzo,Abruzzo,1304970,703091,53.88,0.48
4016,2021-02-21,ABR,1218,550,668,1192,1,25,ITF,ITF1,13,Abruzzo,Abruzzo,1304970,704309,53.97,0.09
4017,2021-07-28,ABR,13274,6955,6319,3435,9671,168,ITF,ITF1,13,Abruzzo,Abruzzo,1304970,717583,54.99,1.02
4018,2021-06-15,ABR,11329,5562,5767,8681,2439,209,ITF,ITF1,13,Abruzzo,Abruzzo,1304970,728912,55.86,0.87
4019,2021-04-12,ABR,6239,2957,3282,4983,1173,83,ITF,ITF1,13,Abruzzo,Abruzzo,1304970,735151,56.33,0.48
4020,2021-03-24,ABR,6387,2786,3601,3992,2252,143,ITF,ITF1,13,Abruzzo,Abruzzo,1304970,741538,56.82,0.49
4021,2021-02-09,ABR,924,325,599,512,411,1,ITF,ITF1,13,Abruzzo,Abruzzo,1304970,742462,56.89,0.07
4022,2021-07-04,ABR,8371,4216,4155,3330,4915,126,ITF,ITF1,13,Abruzzo,Abruzzo,1304970,750833,57.54,0.64
4023,2021-08-30,ABR,7417,4056,3361,1943,5343,131,ITF,ITF1,13,Abruzzo,Abruzzo,1304970,758250,58.1,0.57
4024,2021-04-07,ABR,7575,3499,4076,4514,2923,138,ITF,ITF1,13,Abruzzo,Abruzzo,1304970,765825,58.69,0.58
4025,2021-07-16,ABR,16150,8238,7912,2466,13567,117,ITF,ITF1,13,Abruzzo,Abruzzo,1304970,781975,59.92,1.24
4026,2021-05-08,ABR,10290,4870,5420,6306,3836,148,ITF,ITF1,13,Abruzzo,Abruzzo,1304970,792265,60.71,0.79
4027,2021-04-24,ABR,8731,3975,4756,6937,1532,262,ITF,ITF1,13,Abruzzo,Abruzzo,1304970,800996,61.38,0.67
4028,2021-08-16,ABR,6093,3206,2887,2256,3690,147,ITF,ITF1,13,Abruzzo,Abruzzo,1304970,807089,61.85,0.47
4029,2021-05-10,ABR,10113,4786,5327,5341,4654,118,ITF,ITF1,13,Abruzzo,Abruzzo,1304970,817202,62.62,0.77
4030,2021-04-23,ABR,7415,3401,4014,4937,2308,170,ITF,ITF1,13,Abruzzo,Abruzzo,1304970,824617,63.19,0.57
4031,2021-01-30,ABR,1515,571,944,62,1452,1,ITF,ITF1,13,Abruzzo,Abruzzo,1304970,826132,63.31,0.12
4032,2021-08-01,ABR,7571,4057,3514,2004,5465,102,ITF,ITF1,13,Abruzzo,Abruzzo,1304970,833703,63.89,0.58
4033,2021-04-09,ABR,8991,4261,4730,6244,2603,144,ITF,ITF1,13,Abruzzo,Abruzzo,1304970,842694,64.58,0.69
4034,2021-07-18,ABR,12206,6312,5894,1996,10087,123,ITF,ITF1,13,Abruzzo,Abruzzo,1304970,854900,65.51,0.94
4035,2021-04-02,ABR,6698,3106,3592,5112,1489,97,ITF,ITF1,13,Abruzzo,Abruzzo,1304970,861598,66.02,0.51
4036,2021-02-04,ABR,1685,617,1068,600,1073,12,ITF,ITF1,13,Abruzzo,Abruzzo,1304970,863283,66.15,0.13
4037,2021-07-20,ABR,12589,6388,6201,3222,9178,189,ITF,ITF1,13,Abruzzo,Abruzzo,1304970,875872,67.12,0.96
4038,2021-09-15,ABR,6101,3218,2883,1473,4505,123,ITF,ITF1,13,Abruzzo,Abruzzo,1304970,881973,67.59,0.47
4039,2021-04-04,ABR,1633,769,864,1458,129,46,ITF,ITF1,13,Abruzzo,Abruzzo,1304970,883606,67.71,0.13
4040,2021-01-16,ABR,939,431,508,931,0,8,ITF,ITF1,13,Abruzzo,Abruzzo,1304970,884545,67.78,0.07
4041,2021-09-01,ABR,6847,3641,3206,1562,5181,104,ITF,ITF1,13,Abruzzo,Abruzzo,1304970,891392,68.31,0.52
4042,2021-02-11,ABR,815,262,553,770,43,2,ITF,ITF1,13,Abruzzo,Abruzzo,1304970,892207,68.37,0.06
4043,2021-05-24,ABR,12222,5839,6383,8725,3341,156,ITF,ITF1,13,Abruzzo,Abruzzo,1304970,904429,69.31,0.94
4044,2021-06-19,ABR,10559,5202,5357,6484,3901,174,ITF,ITF1,13,Abruzzo,Abruzzo,1304970,914988,70.12,0.81
4045,2021-03-28,ABR,2431,1018,1413,1994,386,51,ITF,ITF1,13,Abruzzo,Abruzzo,1304970,917419,70.3,0.19
4046,2021-07-06,ABR,10463,5199,5264,4300,5988,175,ITF,ITF1,13,Abruzzo,Abruzzo,1304970,927882,71.1,0.8
4047,2021-04-14,ABR,6598,2952,3646,4340,2123,135,ITF,ITF1,13,Abruzzo,Abruzzo,1304970,934480,71.61,0.51
4048,2021-09-11,ABR,2385,1331,1054,1047,1231,107,ITF,ITF1,13,Abruzzo,Abruzzo,1304970,936865,71.79,0.18
4049,2021-03-29,ABR,5710,2600,3110,3020,2640,50,ITF,ITF1,13,Abruzzo,Abruzzo,1304970,942575,72.23,0.44
4050,2021-06-03,ABR,13197,6285,6912,9243,3779,175,ITF,ITF1,13,Abruzzo,Abruzzo,1304970,955772,73.24,1.01
4051,2021-03-12,ABR,6042,1993,4049,4353,1610,79,ITF,ITF1,13,Abruzzo,Abruzzo,1304970,961814,73.7,0.46
4052,2021-06-20,ABR,8445,4237,4208,5409,2933,103,ITF,ITF1,13,Abruzzo,Abruzzo,1304970,970259,74.35,0.65
4053,2021-01-14,ABR,568,227,341,566,0,2,ITF,ITF1,13,Abruzzo,Abruzzo,1304970,970827,74.39,0.04
4054,2021-02-16,ABR,1916,842,1074,1891,12,13,ITF,ITF1,13,Abruzzo,Abruzzo,1304970,972743,74.54,0.15
4055,2021-03-02,ABR,3967,1676,2291,3264,686,17,ITF,ITF1,13,Abruzzo,Abruzzo,1304970,976710,74.85,0.3
4056,2021-06-10,ABR,12713,6319,6394,10308,2166,239,ITF,ITF1,13,Abruzzo,Abruzzo,1304970,989423,75.82,0.97
4057,2021-03-07,ABR,2521,630,1891,2483,0,38,ITF,ITF1,13,Abruzzo,Abruzzo,1304970,991944,76.01,0.19
4058,2021-01-09,ABR,1615,694,921,1603,0,12,ITF,ITF1,13,Abruzzo,Abruzzo,1304970,993559,76.14,0.12
4059,2021-05-07,ABR,12216,5717,6499,7639,4425,152,ITF,ITF1,13,Abruzzo,Abruzzo,1304970,1005775,77.07,0.94
4060,2021-03-25,ABR,5802,2666,3136,3064,2625,113,ITF,ITF1,13,Abruzzo,Abruzzo,1304970,1011577,77.52,0.44
4061,2021-08-29,ABR,1466,875,591,521,931,14,ITF,ITF1,13,Abruzzo,Abruzzo,1304970,1013043,77.63,0.11
4062,2021-01-27,ABR,1367,515,852,32,1335,0,ITF,ITF1,13,Abruzzo,Abruzzo,1304970,1014410,77.73,0.1
4063,2021-01-04,ABR,1515,685,830,1509,0,6,ITF,ITF1,13,Abruzzo,Abruzzo,1304970,1015925,77.85,0.12
4064,2021-01-23,ABR,265,116,149,51,208,6,ITF,ITF1,13,Abruzzo,Abruzzo,1304970,1016190,77.87,0.02
4065,2021-05-03,ABR,11153,5260,5893,7128,3837,188,ITF,ITF1,13,Abruzzo,Abruzzo,1304970,1027343,78.73,0.85
4066,2021-07-25,ABR,9863,5217,4646,2169,7571,123,ITF,ITF1,13,Abruzzo,Abruzzo,1304970,1037206,79.48,0.76
4067,2021-07-08,ABR,13498,6686,6812,3410,9922,166,ITF,ITF1,13,Abruzzo,Abruzzo,1304970,1050704,80.52,1.03
4068,2021-04-16,ABR,7547,3492,4055,5498,1917,132,ITF,ITF1,13,Abruzzo,Abruzzo,1304970,1058251,81.09,0.58
4069,2021-03-14,ABR,1883,732,1151,1201,669,13,ITF,ITF1,13,Abruzzo,Abruzzo,1304970,1060134,81.24,0.14
4070,2021-02-25,ABR,3055,1343,1712,2506,530,19,ITF,ITF1,13,Abruzzo,Abruzzo,1304970,1063189,81.47,0.23
4071,2021-06-05,ABR,14616,6865,7751,10362,4051,203,ITF,ITF1,13,Abruzzo,Abruzzo,1304970,1077805,82.59,1.12
4072,2021-06-29,ABR,11430,5639,5791,5244,5998,188,ITF,ITF1,13,Abruzzo,Abruzzo,1304970,1089235,83.47,0.88
4073,2021-03-21,ABR,2134,914,1220,839,1291,4,ITF,ITF1,13,Abruzzo,Abruzzo,1304970,1091369,83.63,0.16
4074,2021-06-12,ABR,11424,5917,5507,9890,1351,183,ITF,ITF1,13,Abruzzo,Abruzzo,1304970,1102793,84.51,0.88
4075,2021-07-13,ABR,15526,7754,7772,2824,12525,177,ITF,ITF1,13,Abruzzo,Abruzzo,1304970,1118319,85.7,1.19
4076,2021-08-12,ABR,8771,4627,4144,3180,5411,180,ITF,ITF1,13,Abruzzo,Abruzzo,1304970,1127090,86.37,0.67
4077,2021-06-16,ABR,10897,5453,5444,7991,2689,217,ITF,ITF1,13,Abruzzo,Abruzzo,1304970,1137987,87.2,0.84
4078,2021-02-27,ABR,2813,1338,1475,2513,267,33,ITF,ITF1,13,Abruzzo,Abruzzo,1304970,1140800,87.42,0.22
4079,2021-06-07,ABR,11103,5290,5813,9071,1846,186,ITF,ITF1,13,Abruzzo,Abruzzo,1304970,1151903,88.27,0.85
4080,2021-09-03,ABR,5937,3185,2752,1826,3980,131,ITF,ITF1,13,Abruzzo,Abruzzo,1304970,1157840,88.73,0.45
4081,2021-01-28,ABR,1435,495,940,11,1424,0,ITF,ITF1,13,Abruzzo,Abruzzo,1304970,1159275,88.84,0.11
4082,2021-01-11,ABR,1691,690,1001,1687,0,4,ITF,ITF1,13,Abruzzo,Abruzzo,1304970,1160966,88.96,0.13
4083,2021-04-21,ABR,6393,3104,3289,4633,1673,87,ITF,ITF1,13,Abruzzo,Abruzzo,1304970,1167359,89.45,0.49
4084,2021-03-11,ABR,5493,2216,3277,4264,1140,89,ITF,ITF1,13,Abruzzo,Abruzzo,1304970,1172852,89.88,0.42
4085,2021-06-02,ABR,9773,4750,5023,6835,2819,119,ITF,ITF1,13,Abruzzo,Abruzzo,1304970,1182625,90.62,0.75
4086,2021-09-10,ABR,4938,2639,2299,1512,3323,103,ITF,ITF1,13,Abruzzo,Abruzzo,1304970,1187563,91.0,0.38
4087,2021-09-12,ABR,1610,866,744,759,785,66,ITF,ITF1,13,Abruzzo,Abruzzo,1304970,1189173,91.13,0.12
4088,2021-03-13,ABR,4122,1420,2702,3016,1043,63,ITF,ITF1,13,Abruzzo,Abruzzo,1304970,1193295,91.44,0.32
4089,2021-06-21,ABR,11055,5387,5668,4936,5990,129,ITF,ITF1,13,Abruzzo,Abruzzo,1304970,1204350,92.29,0.85
4090,2021-07-03,ABR,10194,5149,5045,3500,6546,148,ITF,ITF1,13,Abruzzo,Abruzzo,1304970,1214544,93.07,0.78
4091,2021-05-21,ABR,13019,6329,6690,7864,4979,176,ITF,ITF1,13,Abruzzo,Abruzzo,1304970,1227563,94.07,1.0
4092,2021-03-18,ABR,3901,1653,2248,2038,1836,27,ITF,ITF1,13,Abruzzo,Abruzzo,1304970,1231464,94.37,0.3
4093,2021-08-22,ABR,1832,948,884,537,1243,52,ITF,ITF1,13,Abruzzo,Abruzzo,1304970,1233296,94.51,0.14
4094,2021-06-26,ABR,10051,5018,5033,5687,4201,163,ITF,ITF1,13,Abruzzo,Abruzzo,1304970,1243347,95.28,0.77
4095,2021-08-08,ABR,4450,2428,2022,1886,2474,90,ITF,ITF1,13,Abruzzo,Abruzzo,1304970,1247797,95.62,0.34
4096,2021-05-17,ABR,11038,5039,5999,6017,4857,164,ITF,ITF1,13,Abruzzo,Abruzzo,1304970,1258835,96.46,0.85
4097,2021-08-25,ABR,7127,3796,3331,2374,4584,169,ITF,ITF1,13,Abruzzo,Abruzzo,1304970,1265962,97.01,0.55
4098,2021-08-27,ABR,7972,4202,3770,2469,5343,160,ITF,ITF1,13,Abruzzo,Abruzzo,1304970,1273934,97.62,0.61
4099,2021-02-23,ABR,2780,1274,1506,2754,11,15,ITF,ITF1,13,Abruzzo,Abruzzo,1304970,1276714,97.83,0.21
4100,2021-02-06,ABR,1613,745,868,595,1011,7,ITF,ITF1,13,Abruzzo,Abruzzo,1304970,1278327,97.96,0.12
4101,2021-02-18,ABR,2292,934,1358,2142,133,17,ITF,ITF1,13,Abruzzo,Abruzzo,1304970,1280619,98.13,0.18
4102,2021-05-29,ABR,10318,4430,5888,4454,5772,92,ITF,ITF1,13,Abruzzo,Abruzzo,1304970,1290937,98.92,0.79
4103,2021-05-22,ABR,13161,6393,6768,8131,4918,112,ITF,ITF1,13,Abruzzo,Abruzzo,1304970,1304098,99.93,1.01
4104,2021-03-26,ABR,5362,2314,3048,3174,2080,108,ITF,ITF1,13,Abruzzo,Abruzzo,1304970,1309460,100.34,0.41
4105,2021-09-08,ABR,4423,2349,2074,1587,2733,103,ITF,ITF1,13,Abruzzo,Abruzzo,1304970,1313883,100.68,0.34
4106,2021-07-27,ABR,15140,7907,7233,3336,11627,177,ITF,ITF1,13,Abruzzo,Abruzzo,1304970,1329023,101.84,1.16
4107,2021-05-31,ABR,11339,5115,6224,6769,4444,126,ITF,ITF1,13,Abruzzo,Abruzzo,1304970,1340362,102.71,0.87
4108,2021-01-13,ABR,1305,483,822,1297,0,8,ITF,ITF1,13,Abruzzo,Abruzzo,1304970,1341667,102.81,0.1
4109,2021-02-13,ABR,870,395,475,441,425,4,ITF,ITF1,13,Abruzzo,Abruzzo,1304970,1342537,102.88,0.07
4110,2021-07-17,ABR,14096,7384,6712,2646,11270,180,ITF,ITF1,13,Abruzzo,Abruzzo,1304970,1356633,103.96,1.08
4111,2021-03-04,ABR,5943,2360,3583,4973,928,42,ITF,ITF1,13,Abruzzo,Abruzzo,1304970,1362576,104.41,0.46
4112,2021-04-11,ABR,5380,2628,2752,4834,487,59,ITF,ITF1,13,Abruzzo,Abruzzo,1304970,1367956,104.83,0.41
4113,2021-06-09,ABR,11573,6092,5481,9702,1686,185,ITF,ITF1,13,Abruzzo,Abruzzo,1304970,1379529,105.71,0.89
4114,2021-09-17,ABR,4686,2610,2076,1299,3300,87,ITF,ITF1,13,Abruzzo,Abruzzo,1304970,1384215,106.07,0.36
4115,2021-03-06,ABR,4183,1361,2822,3571,571,41,ITF,ITF1,13,Abruzzo,Abruzzo,1304970,1388398,106.39,0.32
4116,2021-03-30,ABR,5128,2262,2866,3141,1825,162,ITF,ITF1,13,Abruzzo,Abruzzo,1304970,1393526,106.79,0.39
4117,2021-01-06,ABR,1991,819,1172,1981,0,10,ITF,ITF1,13,Abruzzo,Abruzzo,1304970,1395517,106.94,0.15
4118,2021-07-15,ABR,15946,8088,7858,3130,12640,176,ITF,ITF1,13,Abruzzo,Abruzzo,1304970,1411463,108.16,1.22
4119,2021-06-28,ABR,10057,4838,5219,5311,4576,170,ITF,ITF1,13,Abruzzo,Abruzzo,1304970,1421520,108.93,0.77
4120,2021-04-06,ABR,7681,3580,4101,5230,2320,131,ITF,ITF1,13,Abruzzo,Abruzzo,1304970,1429201,109.52,0.59
4121,2021-08-03,ABR,12721,6573,6148,3644,8908,169,ITF,ITF1,13,Abruzzo,Abruzzo,1304970,1441922,110.49,0.97
4122,2021-08-17,ABR,6585,3469,3116,2824,3543,218,ITF,ITF1,13,Abruzzo,Abruzzo,1304970,1448507,111.0,0.5
4123,2021-07-10,ABR,13122,6632,6490,3010,9947,165,ITF,ITF1,13,Abruzzo,Abruzzo,1304970,1461629,112.0,1.01
4124,2021-05-14,ABR,10598,5072,5526,5283,5153,162,ITF,ITF1,13,Abruzzo,Abruzzo,1304970,1472227,112.82,0.81
4125,2021-04-01,ABR,5627,2520,3107,3427,2120,80,ITF,ITF1,13,Abruzzo,Abruzzo,1304970,1477854,113.25,0.43
4126,2021-02-08,ABR,1194,396,798,487,707,0,ITF,ITF1,13,Abruzzo,Abruzzo,1304970,1479048,113.34,0.09
4127,2021-05-19,ABR,10731,5128,5603,7566,3037,128,ITF,ITF1,13,Abruzzo,Abruzzo,1304970,1489779,114.16,0.82
4128,2021-04-30,ABR,12513,5871,6642,6510,5728,275,ITF,ITF1,13,Abruzzo,Abruzzo,1304970,1502292,115.12,0.96
4129,2021-04-13,ABR,5894,2756,3138,4557,1238,99,ITF,ITF1,13,Abruzzo,Abruzzo,1304970,1508186,115.57,0.45
4130,2021-01-20,ABR,449,157,292,427,2,20,ITF,ITF1,13,Abruzzo,Abruzzo,1304970,1508635,115.61,0.03
4131,2021-07-05,ABR,10910,5350,5560,4039,6676,195,ITF,ITF1,13,Abruzzo,Abruzzo,1304970,1519545,116.44,0.84
4132,2021-07-22,ABR,14487,7412,7075,3516,10762,209,ITF,ITF1,13,Abruzzo,Abruzzo,1304970,1534032,117.55,1.11
4133,2021-07-24,ABR,12635,6843,5792,3809,8588,238,ITF,ITF1,13,Abruzzo,Abruzzo,1304970,1546667,118.52,0.97
4134,2021-05-02,ABR,10464,5114,5350,5087,5232,145,ITF,ITF1,13,Abruzzo,Abruzzo,1304970,1557131,119.32,0.8
4135,2021-08-10,ABR,9270,4964,4306,3397,5661,212,ITF,ITF1,13,Abruzzo,Abruzzo,1304970,1566401,120.03,0.71
4136,2021-04-20,ABR,5638,2713,2925,4104,1456,78,ITF,ITF1,13,Abruzzo,Abruzzo,1304970,1572039,120.47,0.43
4137,2021-07-29,ABR,15179,7972,7207,3926,11042,211,ITF,ITF1,13,Abruzzo,Abruzzo,1304970,1587218,121.63,1.16
4138,2021-04-25,ABR,9072,4625,4447,8052,810,210,ITF,ITF1,13,Abruzzo,Abruzzo,1304970,1596290,122.32,0.7
4139,2021-08-05,ABR,13901,7161,6740,4714,8914,273,ITF,ITF1,13,Abruzzo,Abruzzo,1304970,1610191,123.39,1.07
4140,2021-01-08,ABR,1661,638,1023,1652,0,9,ITF,ITF1,13,Abruzzo,Abruzzo,1304970,1611852,123.52,0.13
4141,2021-04-18,ABR,5820,2729,3091,4726,944,150,ITF,ITF1,13,Abruzzo,Abruzzo,1304970,1617672,123.96,0.45
4142,2021-05-09,ABR,9159,4091,5068,4171,4874,114,ITF,ITF1,13,Abruzzo,Abruzzo,1304970,1626831,124.66,0.7
4143,2021-02-15,ABR,1794,832,962,1735,42,17,ITF,ITF1,13,Abruzzo,Abruzzo,1304970,1628625,124.8,0.14
4144,2021-05-26,ABR,13553,6045,7508,8397,4997,159,ITF,ITF1,13,Abruzzo,Abruzzo,1304970,1642178,125.84,1.04
4145,2021-06-14,ABR,10986,5432,5554,7428,3383,175,ITF,ITF1,13,Abruzzo,Abruzzo,1304970,1653164,126.68,0.84
4146,2021-05-28,ABR,14026,6311,7715,7491,6366,169,ITF,ITF1,13,Abruzzo,Abruzzo,1304970,1667190,127.76,1.07
4147,2021-09-05,ABR,1428,781,647,437,963,28,ITF,ITF1,13,Abruzzo,Abruzzo,1304970,1668618,127.87,0.11
4148,2021-02-20,ABR,4777,1844,2933,4657,76,44,ITF,ITF1,13,Abruzzo,Abruzzo,1304970,1673395,128.23,0.37
4149,2021-04-17,ABR,7358,3402,3956,4209,3052,97,ITF,ITF1,13,Abruzzo,Abruzzo,1304970,1680753,128.8,0.56
4150,2021-02-19,ABR,3301,1551,1750,3162,100,39,ITF,ITF1,13,Abruzzo,Abruzzo,1304970,1684054,129.05,0.25
4151,2021-01-07,ABR,1712,657,1055,1705,0,7,ITF,ITF1,13,Abruzzo,Abruzzo,1304970,1685766,129.18,0.13
4152,2021-07-30,ABR,12087,6435,5652,3792,8069,226,ITF,ITF1,13,Abruzzo,Abruzzo,1304970,1697853,130.11,0.93
4153,2021-02-26,ABR,3924,1679,2245,2929,969,26,ITF,ITF1,13,Abruzzo,Abruzzo,1304970,1701777,130.41,0.3
4154,2021-01-18,ABR,154,71,83,53,101,0,ITF,ITF1,13,Abruzzo,Abruzzo,1304970,1701931,130.42,0.01
4155,2021-06-24,ABR,10873,5411,5462,5722,4979,172,ITF,ITF1,13,Abruzzo,Abruzzo,1304970,1712804,131.25,0.83
4156,2021-04-28,ABR,9517,4591,4926,7307,2025,185,ITF,ITF1,13,Abruzzo,Abruzzo,1304970,1722321,131.98,0.73
4157,2021-05-12,ABR,9630,4602,5028,5871,3582,177,ITF,ITF1,13,Abruzzo,Abruzzo,1304970,1731951,132.72,0.74
4158,2021-03-16,ABR,3486,1453,2033,1804,1654,28,ITF,ITF1,13,Abruzzo,Abruzzo,1304970,1735437,132.99,0.27
4159,2021-08-20,ABR,6049,3166,2883,2033,3882,134,ITF,ITF1,13,Abruzzo,Abruzzo,1304970,1741486,133.45,0.46
4160,2021-08-06,ABR,10673,5706,4967,3683,6747,243,ITF,ITF1,13,Abruzzo,Abruzzo,1304970,1752159,134.27,0.82
4161,2021-05-05,ABR,11646,5576,6070,6272,5211,163,ITF,ITF1,13,Abruzzo,Abruzzo,1304970,1763805,135.16,0.89
4162,2021-03-09,ABR,5176,1806,3370,4147,938,91,ITF,ITF1,13,Abruzzo,Abruzzo,1304970,1768981,135.56,0.4
4163,2021-08-13,ABR,7122,3833,3289,2016,5000,106,ITF,ITF1,13,Abruzzo,Abruzzo,1304970,1776103,136.1,0.55
4164,2021-07-01,ABR,12762,6281,6481,5767,6768,227,ITF,ITF1,13,Abruzzo,Abruzzo,1304970,1788865,137.08,0.98
4165,2021-06-17,ABR,10914,5458,5456,7298,3452,164,ITF,ITF1,13,Abruzzo,Abruzzo,1304970,1799779,137.92,0.84
4166,2021-08-24,ABR,6359,3411,2948,1876,4331,152,ITF,ITF1,13,Abruzzo,Abruzzo,1304970,1806138,138.4,0.49
4167,2021-02-01,ABR,1633,574,1059,268,1364,1,ITF,ITF1,13,Abruzzo,Abruzzo,1304970,1807771,138.53,0.13
4168,2021-08-31,ABR,6385,3472,2913,1680,4595,110,ITF,ITF1,13,Abruzzo,Abruzzo,1304970,1814156,139.02,0.49
4169,2021-03-23,ABR,4835,2191,2644,2209,2567,59,ITF,ITF1,13,Abruzzo,Abruzzo,1304970,1818991,139.39,0.37
4170,2021-01-25,ABR,1605,633,972,11,1592,2,ITF,ITF1,13,Abruzzo,Abruzzo,1304970,1820596,139.51,0.12
4171,2021-05-24,CAM,31363,15157,16206,15852,15159,352,ITF,ITF3,15,Campania,Campania,5801692,31363,0.54,0.54
4172,2021-02-13,CAM,5509,2549,2960,5103,217,189,ITF,ITF3,15,Campania,Campania,5801692,36872,0.64,0.09
4173,2021-08-01,CAM,16085,8414,7671,6881,8834,370,ITF,ITF3,15,Campania,Campania,5801692,52957,0.91,0.28
4174,2021-04-23,CAM,32360,15538,16822,22420,9161,779,ITF,ITF3,15,Campania,Campania,5801692,85317,1.47,0.56
4175,2021-08-15,CAM,1122,639,483,215,899,8,ITF,ITF3,15,Campania,Campania,5801692,86439,1.49,0.02
4176,2021-08-03,CAM,31998,16223,15775,14456,16657,885,ITF,ITF3,15,Campania,Campania,5801692,118437,2.04,0.55
4177,2021-02-11,CAM,6292,2715,3577,5911,77,304,ITF,ITF3,15,Campania,Campania,5801692,124729,2.15,0.11
4178,2021-04-11,CAM,17529,8610,8919,15025,2089,415,ITF,ITF3,15,Campania,Campania,5801692,142258,2.45,0.3
4179,2021-04-28,CAM,36426,17632,18794,25821,9763,842,ITF,ITF3,15,Campania,Campania,5801692,178684,3.08,0.63
4180,2021-01-18,CAM,959,399,560,683,244,32,ITF,ITF3,15,Campania,Campania,5801692,179643,3.1,0.02
4181,2021-07-20,CAM,40105,19783,20322,6123,33335,647,ITF,ITF3,15,Campania,Campania,5801692,219748,3.79,0.69
4182,2021-03-28,CAM,15565,7510,8055,13561,1625,379,ITF,ITF3,15,Campania,Campania,5801692,235313,4.06,0.27
4183,2021-01-04,CAM,5828,2962,2866,5727,0,101,ITF,ITF3,15,Campania,Campania,5801692,241141,4.16,0.1
4184,2021-09-10,CAM,18458,9430,9028,8303,9263,892,ITF,ITF3,15,Campania,Campania,5801692,259599,4.47,0.32
4185,2021-06-19,CAM,62408,29712,32696,24070,37769,569,ITF,ITF3,15,Campania,Campania,5801692,322007,5.55,1.08
4186,2021-01-30,CAM,10733,5083,5650,43,10688,2,ITF,ITF3,15,Campania,Campania,5801692,332740,5.74,0.18
4187,2021-07-03,CAM,67283,32499,34784,8120,58715,448,ITF,ITF3,15,Campania,Campania,5801692,400023,6.89,1.16
4188,2021-08-29,CAM,10261,5575,4686,3714,6277,270,ITF,ITF3,15,Campania,Campania,5801692,410284,7.07,0.18
4189,2021-01-16,CAM,3373,1678,1695,3262,0,111,ITF,ITF3,15,Campania,Campania,5801692,413657,7.13,0.06
4190,2021-09-15,CAM,15306,7572,7734,6114,8537,655,ITF,ITF3,15,Campania,Campania,5801692,428963,7.39,0.26
4191,2021-06-07,CAM,57604,27731,29873,52517,4053,1034,ITF,ITF3,15,Campania,Campania,5801692,486567,8.39,0.99
4192,2021-02-25,CAM,12444,4487,7957,10938,1208,298,ITF,ITF3,15,Campania,Campania,5801692,499011,8.6,0.21
4193,2021-04-09,CAM,29952,14085,15867,23150,6139,663,ITF,ITF3,15,Campania,Campania,5801692,528963,9.12,0.52
4194,2021-06-05,CAM,77652,37596,40056,70556,6039,1057,ITF,ITF3,15,Campania,Campania,5801692,606615,10.46,1.34
4195,2021-06-24,CAM,66123,31869,34254,13273,52312,538,ITF,ITF3,15,Campania,Campania,5801692,672738,11.6,1.14
4196,2021-03-16,CAM,8090,3519,4571,3695,4317,78,ITF,ITF3,15,Campania,Campania,5801692,680828,11.73,0.14
4197,2021-08-20,CAM,17413,9327,8086,7429,9423,561,ITF,ITF3,15,Campania,Campania,5801692,698241,12.04,0.3
4198,2021-01-25,CAM,5760,2929,2831,174,5586,0,ITF,ITF3,15,Campania,Campania,5801692,704001,12.13,0.1
4199,2021-07-01,CAM,61546,29873,31673,19689,41034,823,ITF,ITF3,15,Campania,Campania,5801692,765547,13.2,1.06
4200,2021-03-23,CAM,15750,7450,8300,12848,2516,386,ITF,ITF3,15,Campania,Campania,5801692,781297,13.47,0.27
4201,2021-03-02,CAM,12763,4560,8203,8181,4345,237,ITF,ITF3,15,Campania,Campania,5801692,794060,13.69,0.22
4202,2021-07-15,CAM,66738,32057,34681,8686,57088,964,ITF,ITF3,15,Campania,Campania,5801692,860798,14.84,1.15
4203,2021-06-26,CAM,62955,30697,32258,14501,47864,590,ITF,ITF3,15,Campania,Campania,5801692,923753,15.92,1.09
4204,2021-07-13,CAM,53698,25798,27900,4671,48506,521,ITF,ITF3,15,Campania,Campania,5801692,977451,16.85,0.93
4205,2021-04-04,CAM,7965,4016,3949,6672,1046,247,ITF,ITF3,15,Campania,Campania,5801692,985416,16.98,0.14
4206,2021-06-12,CAM,64001,31546,32455,55591,7216,1194,ITF,ITF3,15,Campania,Campania,5801692,1049417,18.09,1.1
4207,2021-03-04,CAM,14710,5395,9315,8523,5897,290,ITF,ITF3,15,Campania,Campania,5801692,1064127,18.34,0.25
4208,2021-07-27,CAM,49169,24451,24718,12591,35730,848,ITF,ITF3,15,Campania,Campania,5801692,1113296,19.19,0.85
4209,2021-09-08,CAM,19132,9653,9479,8695,9620,817,ITF,ITF3,15,Campania,Campania,5801692,1132428,19.52,0.33
4210,2021-04-16,CAM,34453,16638,17815,23044,10670,739,ITF,ITF3,15,Campania,Campania,5801692,1166881,20.11,0.59
4211,2021-01-06,CAM,7652,3751,3901,7507,0,145,ITF,ITF3,15,Campania,Campania,5801692,1174533,20.24,0.13
4212,2021-02-18,CAM,9110,3833,5277,8147,727,236,ITF,ITF3,15,Campania,Campania,5801692,1183643,20.4,0.16
4213,2021-05-17,CAM,49511,21756,27755,23600,25399,512,ITF,ITF3,15,Campania,Campania,5801692,1233154,21.26,0.85
4214,2021-02-06,CAM,5343,2666,2677,2002,3241,100,ITF,ITF3,15,Campania,Campania,5801692,1238497,21.35,0.09
4215,2021-07-22,CAM,61854,30553,31301,6479,54794,581,ITF,ITF3,15,Campania,Campania,5801692,1300351,22.41,1.07
4216,2021-08-08,CAM,7575,4042,3533,4646,2667,262,ITF,ITF3,15,Campania,Campania,5801692,1307926,22.54,0.13
4217,2021-04-30,CAM,42332,20199,22133,24941,16510,881,ITF,ITF3,15,Campania,Campania,5801692,1350258,23.27,0.73
4218,2021-02-04,CAM,7946,3430,4516,1249,6638,59,ITF,ITF3,15,Campania,Campania,5801692,1358204,23.41,0.14
4219,2021-03-09,CAM,14146,6878,7268,9897,3799,450,ITF,ITF3,15,Campania,Campania,5801692,1372350,23.65,0.24
4220,2021-05-31,CAM,40825,20716,20109,29840,10401,584,ITF,ITF3,15,Campania,Campania,5801692,1413175,24.36,0.7
4221,2021-06-14,CAM,37132,17921,19211,18691,18024,417,ITF,ITF3,15,Campania,Campania,5801692,1450307,25.0,0.64
4222,2021-08-10,CAM,21641,11192,10449,13583,6951,1107,ITF,ITF3,15,Campania,Campania,5801692,1471948,25.37,0.37
4223,2021-08-22,CAM,6812,3877,2935,2535,4128,149,ITF,ITF3,15,Campania,Campania,5801692,1478760,25.49,0.12
4224,2021-01-23,CAM,3843,2032,1811,267,3570,6,ITF,ITF3,15,Campania,Campania,5801692,1482603,25.55,0.07
4225,2021-03-21,CAM,10079,4679,5400,7483,2391,205,ITF,ITF3,15,Campania,Campania,5801692,1492682,25.73,0.17
4226,2021-02-10,CAM,6939,3439,3500,6483,206,250,ITF,ITF3,15,Campania,Campania,5801692,1499621,25.85,0.12
4227,2021-07-17,CAM,55272,27562,27710,3351,51549,372,ITF,ITF3,15,Campania,Campania,5801692,1554893,26.8,0.95
4228,2021-08-27,CAM,24407,13018,11389,7832,15887,688,ITF,ITF3,15,Campania,Campania,5801692,1579300,27.22,0.42
4229,2021-05-19,CAM,51310,22660,28650,33755,16759,796,ITF,ITF3,15,Campania,Campania,5801692,1630610,28.11,0.88
4230,2021-05-05,CAM,51190,24869,26321,43146,6398,1646,ITF,ITF3,15,Campania,Campania,5801692,1681800,28.99,0.88
4231,2021-01-11,CAM,4081,1879,2202,3968,0,113,ITF,ITF3,15,Campania,Campania,5801692,1685881,29.06,0.07
4232,2021-09-17,CAM,11869,5992,5877,5309,6022,538,ITF,ITF3,15,Campania,Campania,5801692,1697750,29.26,0.2
4233,2021-09-03,CAM,26492,13636,12856,10797,14773,922,ITF,ITF3,15,Campania,Campania,5801692,1724242,29.72,0.46
4234,2021-07-31,CAM,30728,16215,14513,10436,19600,692,ITF,ITF3,15,Campania,Campania,5801692,1754970,30.25,0.53
4235,2021-05-07,CAM,59792,29215,30577,42291,15970,1531,ITF,ITF3,15,Campania,Campania,5801692,1814762,31.28,1.03
4236,2021-01-27,CAM,7755,3824,3931,168,7582,5,ITF,ITF3,15,Campania,Campania,5801692,1822517,31.41,0.13
4237,2021-04-25,CAM,30745,15179,15566,24519,5408,818,ITF,ITF3,15,Campania,Campania,5801692,1853262,31.94,0.53
4238,2021-01-13,CAM,8031,3676,4355,7786,0,245,ITF,ITF3,15,Campania,Campania,5801692,1861293,32.08,0.14
4239,2021-08-26,CAM,24540,12760,11780,8172,15532,836,ITF,ITF3,15,Campania,Campania,5801692,1885833,32.5,0.42
4240,2021-09-12,CAM,7821,4064,3757,4684,2676,461,ITF,ITF3,15,Campania,Campania,5801692,1893654,32.64,0.13
4241,2021-06-02,CAM,42946,20184,22762,37615,4733,598,ITF,ITF3,15,Campania,Campania,5801692,1936600,33.38,0.74
4242,2021-02-22,CAM,10701,3298,7403,10152,279,270,ITF,ITF3,15,Campania,Campania,5801692,1947301,33.56,0.18
4243,2021-03-11,CAM,18029,9078,8951,10275,7293,461,ITF,ITF3,15,Campania,Campania,5801692,1965330,33.88,0.31
4244,2021-08-24,CAM,22609,11705,10904,8658,13188,763,ITF,ITF3,15,Campania,Campania,5801692,1987939,34.26,0.39
4245,2021-05-16,CAM,51162,23230,27932,32762,17587,813,ITF,ITF3,15,Campania,Campania,5801692,2039101,35.15,0.88
4246,2021-01-01,CAM,919,506,413,899,0,20,ITF,ITF3,15,Campania,Campania,5801692,2040020,35.16,0.02
4247,2021-03-25,CAM,20329,9658,10671,16323,3507,499,ITF,ITF3,15,Campania,Campania,5801692,2060349,35.51,0.35
4248,2021-04-08,CAM,28524,13841,14683,22029,5848,647,ITF,ITF3,15,Campania,Campania,5801692,2088873,36.0,0.49
4249,2021-06-04,CAM,74588,35845,38743,64408,9136,1044,ITF,ITF3,15,Campania,Campania,5801692,2163461,37.29,1.29
4250,2021-05-21,CAM,63876,29654,34222,42140,20706,1030,ITF,ITF3,15,Campania,Campania,5801692,2227337,38.39,1.1
4251,2021-02-27,CAM,13957,4471,9486,11962,1653,342,ITF,ITF3,15,Campania,Campania,5801692,2241294,38.63,0.24
4252,2021-06-16,CAM,31652,15011,16641,20359,10775,518,ITF,ITF3,15,Campania,Campania,5801692,2272946,39.18,0.55
4253,2021-08-12,CAM,18928,9999,8929,12399,5718,811,ITF,ITF3,15,Campania,Campania,5801692,2291874,39.5,0.33
4254,2021-05-02,CAM,43496,21552,21944,31174,11377,945,ITF,ITF3,15,Campania,Campania,5801692,2335370,40.25,0.75
4255,2021-01-22,CAM,1534,783,751,666,854,14,ITF,ITF3,15,Campania,Campania,5801692,2336904,40.28,0.03
4256,2021-03-18,CAM,12180,5383,6797,5786,6193,201,ITF,ITF3,15,Campania,Campania,5801692,2349084,40.49,0.21
4257,2021-05-26,CAM,52748,25881,26867,21111,31161,476,ITF,ITF3,15,Campania,Campania,5801692,2401832,41.4,0.91
4258,2021-04-06,CAM,24531,11570,12961,19453,4527,551,ITF,ITF3,15,Campania,Campania,5801692,2426363,41.82,0.42
4259,2021-07-12,CAM,56705,27377,29328,3696,52606,403,ITF,ITF3,15,Campania,Campania,5801692,2483068,42.8,0.98
4260,2020-12-27,CAM,720,422,298,716,0,4,ITF,ITF3,15,Campania,Campania,5801692,2483788,42.81,0.01
4261,2021-07-29,CAM,48510,24349,24161,13418,34141,951,ITF,ITF3,15,Campania,Campania,5801692,2532298,43.65,0.84
4262,2021-04-20,CAM,32184,15557,16627,20232,11339,613,ITF,ITF3,15,Campania,Campania,5801692,2564482,44.2,0.55
4263,2021-06-28,CAM,46536,22742,23794,20374,25414,748,ITF,ITF3,15,Campania,Campania,5801692,2611018,45.0,0.8
4264,2021-03-20,CAM,13990,6531,7459,9970,3739,281,ITF,ITF3,15,Campania,Campania,5801692,2625008,45.25,0.24
4265,2021-04-18,CAM,27223,13287,13936,17766,8904,553,ITF,ITF3,15,Campania,Campania,5801692,2652231,45.71,0.47
4266,2021-01-08,CAM,10459,4970,5489,10195,0,264,ITF,ITF3,15,Campania,Campania,5801692,2662690,45.9,0.18
4267,2021-04-27,CAM,32170,15633,16537,23418,7930,822,ITF,ITF3,15,Campania,Campania,5801692,2694860,46.45,0.55
4268,2021-06-23,CAM,46777,22096,24681,10574,35804,399,ITF,ITF3,15,Campania,Campania,5801692,2741637,47.26,0.81
4269,2021-08-05,CAM,35176,18032,17144,17281,16832,1063,ITF,ITF3,15,Campania,Campania,5801692,2776813,47.86,0.61
4270,2021-01-15,CAM,5000,2394,2606,4840,0,160,ITF,ITF3,15,Campania,Campania,5801692,2781813,47.95,0.09
4271,2021-06-21,CAM,46924,22687,24237,11197,35295,432,ITF,ITF3,15,Campania,Campania,5801692,2828737,48.76,0.81
4272,2021-03-13,CAM,14526,7044,7482,8945,5283,298,ITF,ITF3,15,Campania,Campania,5801692,2843263,49.01,0.25
4273,2021-07-24,CAM,47999,24874,23125,6612,40889,498,ITF,ITF3,15,Campania,Campania,5801692,2891262,49.83,0.83
4274,2021-01-20,CAM,1264,654,610,1233,0,31,ITF,ITF3,15,Campania,Campania,5801692,2892526,49.86,0.02
4275,2021-04-13,CAM,26618,12690,13928,20524,5539,555,ITF,ITF3,15,Campania,Campania,5801692,2919144,50.32,0.46
4276,2021-01-03,CAM,3836,2009,1827,3787,0,49,ITF,ITF3,15,Campania,Campania,5801692,2922980,50.38,0.07
4277,2021-04-01,CAM,24694,12023,12671,20029,4137,528,ITF,ITF3,15,Campania,Campania,5801692,2947674,50.81,0.43
4278,2021-09-05,CAM,8208,4272,3936,5163,2583,462,ITF,ITF3,15,Campania,Campania,5801692,2955882,50.95,0.14
4279,2021-05-28,CAM,73083,35335,37748,26265,46184,634,ITF,ITF3,15,Campania,Campania,5801692,3028965,52.21,1.26
4280,2021-05-14,CAM,61047,27585,33462,34655,24740,1652,ITF,ITF3,15,Campania,Campania,5801692,3090012,53.26,1.05
4281,2021-07-10,CAM,66914,32669,34245,2699,63964,251,ITF,ITF3,15,Campania,Campania,5801692,3156926,54.41,1.15
4282,2021-03-06,CAM,16376,6819,9557,10364,5672,340,ITF,ITF3,15,Campania,Campania,5801692,3173302,54.7,0.28
4283,2021-08-19,CAM,22020,11638,10382,9576,11774,670,ITF,ITF3,15,Campania,Campania,5801692,3195322,55.08,0.38
4284,2021-08-31,CAM,27775,13965,13810,10818,15977,980,ITF,ITF3,15,Campania,Campania,5801692,3223097,55.55,0.48
4285,2021-02-15,CAM,5473,2517,2956,5150,175,148,ITF,ITF3,15,Campania,Campania,5801692,3228570,55.65,0.09
4286,2021-06-09,CAM,53066,26052,27014,41407,10917,742,ITF,ITF3,15,Campania,Campania,5801692,3281636,56.56,0.91
4287,2021-03-01,CAM,12134,4249,7885,7737,4113,284,ITF,ITF3,15,Campania,Campania,5801692,3293770,56.77,0.21
4288,2021-08-17,CAM,22281,12044,10237,7292,14442,547,ITF,ITF3,15,Campania,Campania,5801692,3316051,57.16,0.38
4289,2021-05-09,CAM,43215,20293,22922,30864,11107,1244,ITF,ITF3,15,Campania,Campania,5801692,3359266,57.9,0.74
4290,2021-07-14,CAM,51120,24586,26534,4251,46502,367,ITF,ITF3,15,Campania,Campania,5801692,3410386,58.78,0.88
4291,2021-04-05,CAM,11641,5541,6100,8890,2424,327,ITF,ITF3,15,Campania,Campania,5801692,3422027,58.98,0.2
4292,2021-03-17,CAM,11599,5103,6496,4846,6591,162,ITF,ITF3,15,Campania,Campania,5801692,3433626,59.18,0.2
4293,2021-06-11,CAM,70846,34426,36420,63448,6058,1340,ITF,ITF3,15,Campania,Campania,5801692,3504472,60.4,1.22
4294,2021-03-03,CAM,13926,5496,8430,7067,6632,227,ITF,ITF3,15,Campania,Campania,5801692,3518398,60.64,0.24
4295,2021-03-22,CAM,13189,6354,6835,10808,2045,336,ITF,ITF3,15,Campania,Campania,5801692,3531587,60.87,0.23
4296,2021-02-07,CAM,2929,1382,1547,2066,771,92,ITF,ITF3,15,Campania,Campania,5801692,3534516,60.92,0.05
4297,2021-06-30,CAM,47674,22778,24896,18204,28660,810,ITF,ITF3,15,Campania,Campania,5801692,3582190,61.74,0.82
4298,2021-09-04,CAM,18062,9828,8234,8638,8442,982,ITF,ITF3,15,Campania,Campania,5801692,3600252,62.06,0.31
4299,2021-01-17,CAM,1155,551,604,682,453,20,ITF,ITF3,15,Campania,Campania,5801692,3601407,62.08,0.02
4300,2021-03-15,CAM,13357,6501,6856,8305,4749,303,ITF,ITF3,15,Campania,Campania,5801692,3614764,62.31,0.23
4301,2021-07-02,CAM,55895,27013,28882,14332,40965,598,ITF,ITF3,15,Campania,Campania,5801692,3670659,63.27,0.96
4302,2021-08-28,CAM,17708,9615,8093,5361,11842,505,ITF,ITF3,15,Campania,Campania,5801692,3688367,63.57,0.31
4303,2021-02-24,CAM,11810,4158,7652,10806,715,289,ITF,ITF3,15,Campania,Campania,5801692,3700177,63.78,0.2
4304,2021-01-05,CAM,7237,3637,3600,7074,0,163,ITF,ITF3,15,Campania,Campania,5801692,3707414,63.9,0.12
4305,2021-09-16,CAM,14403,7208,7195,6140,7641,622,ITF,ITF3,15,Campania,Campania,5801692,3721817,64.15,0.25
4306,2021-03-08,CAM,14694,6852,7842,9431,4781,482,ITF,ITF3,15,Campania,Campania,5801692,3736511,64.4,0.25
4307,2021-05-04,CAM,48482,23344,25138,38206,8907,1369,ITF,ITF3,15,Campania,Campania,5801692,3784993,65.24,0.84
4308,2021-01-24,CAM,4123,2120,2003,361,3745,17,ITF,ITF3,15,Campania,Campania,5801692,3789116,65.31,0.07
4309,2021-08-21,CAM,9801,5397,4404,4078,5343,380,ITF,ITF3,15,Campania,Campania,5801692,3798917,65.48,0.17
4310,2021-05-13,CAM,55457,24834,30623,37695,16025,1737,ITF,ITF3,15,Campania,Campania,5801692,3854374,66.44,0.96
4311,2021-07-09,CAM,61510,29781,31729,4303,56845,362,ITF,ITF3,15,Campania,Campania,5801692,3915884,67.5,1.06
4312,2021-07-05,CAM,63324,30528,32796,12619,49899,806,ITF,ITF3,15,Campania,Campania,5801692,3979208,68.59,1.09
4313,2021-09-09,CAM,18405,9417,8988,8215,9378,812,ITF,ITF3,15,Campania,Campania,5801692,3997613,68.9,0.32
4314,2021-02-20,CAM,8573,3080,5493,8087,303,183,ITF,ITF3,15,Campania,Campania,5801692,4006186,69.05,0.15
4315,2021-02-03,CAM,8910,4006,4904,843,8031,36,ITF,ITF3,15,Campania,Campania,5801692,4015096,69.21,0.15
4316,2021-01-10,CAM,8165,3736,4429,7963,0,202,ITF,ITF3,15,Campania,Campania,5801692,4023261,69.35,0.14
4317,2021-04-03,CAM,21120,10316,10804,18228,2383,509,ITF,ITF3,15,Campania,Campania,5801692,4044381,69.71,0.36
4318,2021-02-17,CAM,7419,3229,4190,6211,1073,135,ITF,ITF3,15,Campania,Campania,5801692,4051800,69.84,0.13
4319,2021-04-15,CAM,34356,16667,17689,23760,9908,688,ITF,ITF3,15,Campania,Campania,5801692,4086156,70.43,0.59
4320,2021-07-28,CAM,49456,24548,24908,13727,34780,949,ITF,ITF3,15,Campania,Campania,5801692,4135612,71.28,0.85
4321,2021-06-22,CAM,52455,25015,27440,13066,39005,384,ITF,ITF3,15,Campania,Campania,5801692,4188067,72.19,0.9
4322,2021-03-14,CAM,8617,3826,4791,4355,4142,120,ITF,ITF3,15,Campania,Campania,5801692,4196684,72.34,0.15
4323,2021-05-10,CAM,35482,16395,19087,24817,9932,733,ITF,ITF3,15,Campania,Campania,5801692,4232166,72.95,0.61
4324,2021-06-08,CAM,53117,25878,27239,45240,7081,796,ITF,ITF3,15,Campania,Campania,5801692,4285283,73.86,0.92
4325,2021-07-07,CAM,52318,24824,27494,7101,44646,571,ITF,ITF3,15,Campania,Campania,5801692,4337601,74.76,0.9
4326,2021-03-29,CAM,19412,9580,9832,17413,1551,448,ITF,ITF3,15,Campania,Campania,5801692,4357013,75.1,0.33
4327,2021-06-20,CAM,47615,22749,24866,14188,32997,430,ITF,ITF3,15,Campania,Campania,5801692,4404628,75.92,0.82
4328,2021-03-27,CAM,21520,10243,11277,17203,3869,448,ITF,ITF3,15,Campania,Campania,5801692,4426148,76.29,0.37
4329,2021-05-18,CAM,52280,23285,28995,31807,19732,741,ITF,ITF3,15,Campania,Campania,5801692,4478428,77.19,0.9
4330,2021-08-09,CAM,25087,13084,12003,13672,10466,949,ITF,ITF3,15,Campania,Campania,5801692,4503515,77.62,0.43
4331,2021-02-05,CAM,7268,3464,3804,2023,5130,115,ITF,ITF3,15,Campania,Campania,5801692,4510783,77.75,0.13
4332,2021-08-07,CAM,17200,9180,8020,11203,5290,707,ITF,ITF3,15,Campania,Campania,5801692,4527983,78.05,0.3
4333,2021-04-29,CAM,41557,20181,21376,23963,16749,845,ITF,ITF3,15,Campania,Campania,5801692,4569540,78.76,0.72
4334,2021-01-19,CAM,1110,485,625,1055,5,50,ITF,ITF3,15,Campania,Campania,5801692,4570650,78.78,0.02
4335,2021-06-25,CAM,65518,31804,33714,13600,51346,572,ITF,ITF3,15,Campania,Campania,5801692,4636168,79.91,1.13
4336,2021-09-02,CAM,25521,13188,12333,10159,14454,908,ITF,ITF3,15,Campania,Campania,5801692,4661689,80.35,0.44
4337,2021-05-25,CAM,46575,22431,24144,22548,23459,568,ITF,ITF3,15,Campania,Campania,5801692,4708264,81.15,0.8
4338,2021-05-27,CAM,73051,35401,37650,25814,46661,576,ITF,ITF3,15,Campania,Campania,5801692,4781315,82.41,1.26
4339,2021-02-16,CAM,5471,2431,3040,4498,787,186,ITF,ITF3,15,Campania,Campania,5801692,4786786,82.51,0.09
4340,2021-05-22,CAM,68133,32557,35576,45598,21660,875,ITF,ITF3,15,Campania,Campania,5801692,4854919,83.68,1.17
4341,2021-08-16,CAM,12468,6696,5772,6211,5726,531,ITF,ITF3,15,Campania,Campania,5801692,4867387,83.9,0.21
4342,2021-05-23,CAM,58765,28649,30116,37207,20906,652,ITF,ITF3,15,Campania,Campania,5801692,4926152,84.91,1.01
4343,2021-02-12,CAM,6563,2876,3687,6084,218,261,ITF,ITF3,15,Campania,Campania,5801692,4932715,85.02,0.11
4344,2021-01-29,CAM,10086,4822,5264,67,10015,4,ITF,ITF3,15,Campania,Campania,5801692,4942801,85.2,0.17
4345,2021-06-01,CAM,42313,20991,21322,31438,10553,322,ITF,ITF3,15,Campania,Campania,5801692,4985114,85.93,0.73
4346,2021-06-18,CAM,65899,31406,34493,34803,30312,784,ITF,ITF3,15,Campania,Campania,5801692,5051013,87.06,1.14
4347,2021-03-10,CAM,15639,7739,7900,8419,6853,367,ITF,ITF3,15,Campania,Campania,5801692,5066652,87.33,0.27
4348,2021-08-06,CAM,31227,16258,14969,17526,12643,1058,ITF,ITF3,15,Campania,Campania,5801692,5097879,87.87,0.54
4349,2021-08-23,CAM,23718,12360,11358,9508,13351,859,ITF,ITF3,15,Campania,Campania,5801692,5121597,88.28,0.41
4350,2021-05-15,CAM,62825,29087,33738,41937,18879,2009,ITF,ITF3,15,Campania,Campania,5801692,5184422,89.36,1.08
4351,2021-08-04,CAM,29841,15309,14532,15770,13101,970,ITF,ITF3,15,Campania,Campania,5801692,5214263,89.87,0.51
4352,2021-04-26,CAM,34061,16653,17408,27513,5630,918,ITF,ITF3,15,Campania,Campania,5801692,5248324,90.46,0.59
4353,2021-03-07,CAM,11975,5407,6568,7764,3844,367,ITF,ITF3,15,Campania,Campania,5801692,5260299,90.67,0.21
4354,2021-08-11,CAM,21052,11096,9956,12036,8144,872,ITF,ITF3,15,Campania,Campania,5801692,5281351,91.03,0.36
4355,2021-05-03,CAM,40762,19894,20868,27829,11874,1059,ITF,ITF3,15,Campania,Campania,5801692,5322113,91.73,0.7
4356,2021-06-29,CAM,49360,24016,25344,19658,29150,552,ITF,ITF3,15,Campania,Campania,5801692,5371473,92.58,0.85
4357,2021-07-21,CAM,50181,24428,25753,8347,40889,945,ITF,ITF3,15,Campania,Campania,5801692,5421654,93.45,0.86
4358,2021-01-31,CAM,8069,3712,4357,21,8047,1,ITF,ITF3,15,Campania,Campania,5801692,5429723,93.59,0.14
4359,2021-05-11,CAM,39891,19253,20638,29515,9407,969,ITF,ITF3,15,Campania,Campania,5801692,5469614,94.28,0.69
4360,2021-04-22,CAM,34122,16637,17485,20873,12547,702,ITF,ITF3,15,Campania,Campania,5801692,5503736,94.86,0.59
4361,2021-01-12,CAM,5221,2569,2652,5082,0,139,ITF,ITF3,15,Campania,Campania,5801692,5508957,94.95,0.09
4362,2021-08-14,CAM,4919,2804,2115,2051,2706,162,ITF,ITF3,15,Campania,Campania,5801692,5513876,95.04,0.08
4363,2021-05-06,CAM,57626,28141,29485,41152,14779,1695,ITF,ITF3,15,Campania,Campania,5801692,5571502,96.03,0.99
4364,2021-09-01,CAM,27217,13718,13499,10232,16120,865,ITF,ITF3,15,Campania,Campania,5801692,5598719,96.5,0.47
4365,2021-08-18,CAM,19595,10346,9249,7732,11293,570,ITF,ITF3,15,Campania,Campania,5801692,5618314,96.84,0.34
4366,2021-02-28,CAM,10412,3208,7204,8274,1901,237,ITF,ITF3,15,Campania,Campania,5801692,5628726,97.02,0.18
4367,2021-02-14,CAM,3929,1923,2006,3842,34,53,ITF,ITF3,15,Campania,Campania,5801692,5632655,97.09,0.07
4368,2021-01-26,CAM,7350,3733,3617,335,6994,21,ITF,ITF3,15,Campania,Campania,5801692,5640005,97.21,0.13
4369,2021-04-19,CAM,30787,14835,15952,18638,11592,557,ITF,ITF3,15,Campania,Campania,5801692,5670792,97.74,0.53
4370,2021-08-30,CAM,29108,15016,14092,9736,18547,825,ITF,ITF3,15,Campania,Campania,5801692,5699900,98.25,0.5
4371,2021-03-24,CAM,17926,8371,9555,14571,2958,397,ITF,ITF3,15,Campania,Campania,5801692,5717826,98.55,0.31
4372,2021-05-20,CAM,61060,28279,32781,42253,17820,987,ITF,ITF3,15,Campania,Campania,5801692,5778886,99.61,1.05
4373,2021-02-09,CAM,4654,2209,2445,4228,263,163,ITF,ITF3,15,Campania,Campania,5801692,5783540,99.69,0.08
4374,2021-03-12,CAM,14584,7415,7169,8131,6088,365,ITF,ITF3,15,Campania,Campania,5801692,5798124,99.94,0.25
4375,2021-09-11,CAM,11881,6427,5454,6218,4950,713,ITF,ITF3,15,Campania,Campania,5801692,5810005,100.14,0.2
4376,2021-06-03,CAM,72657,35244,37413,60831,10682,1144,ITF,ITF3,15,Campania,Campania,5801692,5882662,101.4,1.25
4377,2021-02-23,CAM,11020,3399,7621,10153,544,323,ITF,ITF3,15,Campania,Campania,5801692,5893682,101.59,0.19
4378,2021-08-25,CAM,22834,12019,10815,8689,13422,723,ITF,ITF3,15,Campania,Campania,5801692,5916516,101.98,0.39
4379,2021-02-21,CAM,5840,2242,3598,5487,228,125,ITF,ITF3,15,Campania,Campania,5801692,5922356,102.08,0.1
4380,2021-06-27,CAM,43562,21453,22109,13979,29073,510,ITF,ITF3,15,Campania,Campania,5801692,5965918,102.83,0.75
4381,2021-03-19,CAM,11153,4979,6174,7070,3877,206,ITF,ITF3,15,Campania,Campania,5801692,5977071,103.02,0.19
4382,2021-06-10,CAM,76020,36715,39305,67606,7110,1304,ITF,ITF3,15,Campania,Campania,5801692,6053091,104.33,1.31
4383,2021-06-15,CAM,18690,9096,9594,10980,7424,286,ITF,ITF3,15,Campania,Campania,5801692,6071781,104.66,0.32
4384,2021-01-21,CAM,2106,1125,981,678,1421,7,ITF,ITF3,15,Campania,Campania,5801692,6073887,104.69,0.04
4385,2021-07-23,CAM,61839,30810,31029,8336,52870,633,ITF,ITF3,15,Campania,Campania,5801692,6135726,105.76,1.07
4386,2021-04-14,CAM,27667,13339,14328,18618,8592,457,ITF,ITF3,15,Campania,Campania,5801692,6163393,106.23,0.48
4387,2021-05-01,CAM,46358,22669,23689,29238,16117,1003,ITF,ITF3,15,Campania,Campania,5801692,6209751,107.03,0.8
4388,2021-07-06,CAM,56711,27082,29629,15798,40114,799,ITF,ITF3,15,Campania,Campania,5801692,6266462,108.01,0.98
4389,2021-04-12,CAM,23311,10921,12390,19732,3038,541,ITF,ITF3,15,Campania,Campania,5801692,6289773,108.41,0.4
4390,2021-01-02,CAM,3672,1963,1709,3614,0,58,ITF,ITF3,15,Campania,Campania,5801692,6293445,108.48,0.06
4391,2021-09-06,CAM,22768,11628,11140,10661,11055,1052,ITF,ITF3,15,Campania,Campania,5801692,6316213,108.87,0.39
4392,2021-05-29,CAM,67883,32283,35600,43052,23967,864,ITF,ITF3,15,Campania,Campania,5801692,6384096,110.04,1.17
4393,2021-07-25,CAM,23227,11805,11422,4216,18740,271,ITF,ITF3,15,Campania,Campania,5801692,6407323,110.44,0.4
4394,2021-06-17,CAM,60217,28867,31350,32683,26801,733,ITF,ITF3,15,Campania,Campania,5801692,6467540,111.48,1.04
4395,2021-07-04,CAM,48824,23766,25058,6159,42321,344,ITF,ITF3,15,Campania,Campania,5801692,6516364,112.32,0.84
4396,2021-03-26,CAM,19873,9328,10545,15593,3819,461,ITF,ITF3,15,Campania,Campania,5801692,6536237,112.66,0.34
4397,2021-07-11,CAM,40869,19670,21199,1000,39775,94,ITF,ITF3,15,Campania,Campania,5801692,6577106,113.37,0.7
4398,2021-02-02,CAM,5736,2813,2923,417,5288,31,ITF,ITF3,15,Campania,Campania,5801692,6582842,113.46,0.1
4399,2021-03-31,CAM,23209,11383,11826,19302,3444,463,ITF,ITF3,15,Campania,Campania,5801692,6606051,113.86,0.4
4400,2021-07-18,CAM,31387,15807,15580,3779,27168,440,ITF,ITF3,15,Campania,Campania,5801692,6637438,114.41,0.54
4401,2021-09-13,CAM,18281,9029,9252,8257,9246,778,ITF,ITF3,15,Campania,Campania,5801692,6655719,114.72,0.32
4402,2021-04-07,CAM,24980,11992,12988,19644,4726,610,ITF,ITF3,15,Campania,Campania,5801692,6680699,115.15,0.43
4403,2021-07-16,CAM,61067,29875,31192,6513,53921,633,ITF,ITF3,15,Campania,Campania,5801692,6741766,116.2,1.05
4404,2021-04-02,CAM,21869,10527,11342,19036,2324,509,ITF,ITF3,15,Campania,Campania,5801692,6763635,116.58,0.38
4405,2021-05-08,CAM,56456,27152,29304,38997,15850,1609,ITF,ITF3,15,Campania,Campania,5801692,6820091,117.55,0.97
4406,2021-01-28,CAM,8851,4130,4721,140,8703,8,ITF,ITF3,15,Campania,Campania,5801692,6828942,117.71,0.15
4407,2021-07-30,CAM,44827,22822,22005,14313,29501,1013,ITF,ITF3,15,Campania,Campania,5801692,6873769,118.48,0.77
4408,2021-04-21,CAM,30355,14773,15582,17549,12232,574,ITF,ITF3,15,Campania,Campania,5801692,6904124,119.0,0.52
4409,2021-01-09,CAM,10565,5023,5542,10302,0,263,ITF,ITF3,15,Campania,Campania,5801692,6914689,119.18,0.18
4410,2021-05-12,CAM,40939,19980,20959,30496,9172,1271,ITF,ITF3,15,Campania,Campania,5801692,6955628,119.89,0.71
4411,2021-07-08,CAM,61131,29426,31705,5601,55160,370,ITF,ITF3,15,Campania,Campania,5801692,7016759,120.94,1.05
4412,2021-09-07,CAM,20543,10391,10152,9498,10187,858,ITF,ITF3,15,Campania,Campania,5801692,7037302,121.3,0.35
4413,2021-02-08,CAM,5128,2459,2669,4163,815,150,ITF,ITF3,15,Campania,Campania,5801692,7042430,121.39,0.09
4414,2021-09-14,CAM,15834,7795,8039,6768,8371,695,ITF,ITF3,15,Campania,Campania,5801692,7058264,121.66,0.27
4415,2021-02-01,CAM,3988,1814,2174,104,3876,8,ITF,ITF3,15,Campania,Campania,5801692,7062252,121.73,0.07
4416,2021-03-30,CAM,22061,10584,11477,18540,2959,562,ITF,ITF3,15,Campania,Campania,5801692,7084313,122.11,0.38
4417,2021-04-17,CAM,36204,17518,18686,23929,11518,757,ITF,ITF3,15,Campania,Campania,5801692,7120517,122.73,0.62
4418,2021-06-13,CAM,43429,21244,22185,37862,4731,836,ITF,ITF3,15,Campania,Campania,5801692,7163946,123.48,0.75
4419,2021-05-30,CAM,52171,25453,26718,37948,13329,894,ITF,ITF3,15,Campania,Campania,5801692,7216117,124.38,0.9
4420,2021-02-19,CAM,9588,3569,6019,8682,662,244,ITF,ITF3,15,Campania,Campania,5801692,7225705,124.54,0.17
4421,2021-07-26,CAM,48864,24319,24545,10212,37943,709,ITF,ITF3,15,Campania,Campania,5801692,7274569,125.39,0.84
4422,2020-12-31,CAM,1490,811,679,1470,0,20,ITF,ITF3,15,Campania,Campania,5801692,7276059,125.41,0.03
4423,2021-06-06,CAM,63232,31449,31783,61548,651,1033,ITF,ITF3,15,Campania,Campania,5801692,7339291,126.5,1.09
4424,2021-02-26,CAM,13366,4236,9130,11684,1368,314,ITF,ITF3,15,Campania,Campania,5801692,7352657,126.73,0.23
4425,2021-08-02,CAM,41768,21213,20555,13046,28014,708,ITF,ITF3,15,Campania,Campania,5801692,7394425,127.45,0.72
4426,2021-04-24,CAM,36387,17539,18848,24301,11250,836,ITF,ITF3,15,Campania,Campania,5801692,7430812,128.08,0.63
4427,2021-07-19,CAM,43999,21546,22453,5147,38376,476,ITF,ITF3,15,Campania,Campania,5801692,7474811,128.84,0.76
4428,2021-04-10,CAM,28367,13501,14866,22758,4917,692,ITF,ITF3,15,Campania,Campania,5801692,7503178,129.33,0.49
4429,2021-01-07,CAM,8909,4167,4742,8734,0,175,ITF,ITF3,15,Campania,Campania,5801692,7512087,129.48,0.15
4430,2021-03-05,CAM,16824,6669,10155,9823,6672,329,ITF,ITF3,15,Campania,Campania,5801692,7528911,129.77,0.29
4431,2021-08-13,CAM,16869,9152,7717,9713,6605,551,ITF,ITF3,15,Campania,Campania,5801692,7545780,130.06,0.29
4432,2021-01-14,CAM,7082,2983,4099,6816,0,266,ITF,ITF3,15,Campania,Campania,5801692,7552862,130.18,0.12
4433,2021-08-29,SIC,14526,7930,6596,4753,9627,146,ITG,ITG1,19,Sicilia,Sicilia,4999891,14526,0.29,0.29
4434,2021-02-25,SIC,9941,5208,4733,8684,1164,93,ITG,ITG1,19,Sicilia,Sicilia,4999891,24467,0.49,0.2
4435,2021-06-05,SIC,59965,28526,31439,48733,10604,628,ITG,ITG1,19,Sicilia,Sicilia,4999891,84432,1.69,1.2
4436,2021-03-14,SIC,8784,3931,4853,4895,3837,52,ITG,ITG1,19,Sicilia,Sicilia,4999891,93216,1.86,0.18
4437,2021-02-13,SIC,2979,1124,1855,2686,256,37,ITG,ITG1,19,Sicilia,Sicilia,4999891,96195,1.92,0.06
4438,2021-05-24,SIC,35894,17454,18440,15596,20065,233,ITG,ITG1,19,Sicilia,Sicilia,4999891,132089,2.64,0.72
4439,2021-08-03,SIC,32100,15755,16345,13904,17775,421,ITG,ITG1,19,Sicilia,Sicilia,4999891,164189,3.28,0.64
4440,2021-04-11,SIC,15379,7595,7784,8227,7040,112,ITG,ITG1,19,Sicilia,Sicilia,4999891,179568,3.59,0.31
4441,2021-07-20,SIC,48507,23628,24879,12785,35360,362,ITG,ITG1,19,Sicilia,Sicilia,4999891,228075,4.56,0.97
4442,2020-12-30,SIC,211,125,86,210,0,1,ITG,ITG1,19,Sicilia,Sicilia,4999891,228286,4.57,0.0
4443,2021-01-16,SIC,2737,1221,1516,2716,0,21,ITG,ITG1,19,Sicilia,Sicilia,4999891,231023,4.62,0.05
4444,2021-07-01,SIC,31040,14101,16939,10781,20001,258,ITG,ITG1,19,Sicilia,Sicilia,4999891,262063,5.24,0.62
4445,2021-04-09,SIC,20234,9844,10390,10920,9050,264,ITG,ITG1,19,Sicilia,Sicilia,4999891,282297,5.65,0.4
4446,2021-03-23,SIC,20975,10092,10883,15232,5567,176,ITG,ITG1,19,Sicilia,Sicilia,4999891,303272,6.07,0.42
4447,2021-08-15,SIC,2513,1428,1085,1509,954,50,ITG,ITG1,19,Sicilia,Sicilia,4999891,305785,6.12,0.05
4448,2021-08-01,SIC,19970,10433,9537,7857,11967,146,ITG,ITG1,19,Sicilia,Sicilia,4999891,325755,6.52,0.4
4449,2021-06-19,SIC,44309,21067,23242,18762,25224,323,ITG,ITG1,19,Sicilia,Sicilia,4999891,370064,7.4,0.89
4450,2021-04-23,SIC,28632,13723,14909,22407,5841,384,ITG,ITG1,19,Sicilia,Sicilia,4999891,398696,7.97,0.57
4451,2021-01-30,SIC,7734,3556,4178,140,7591,3,ITG,ITG1,19,Sicilia,Sicilia,4999891,406430,8.13,0.15
4452,2021-03-28,SIC,10993,5153,5840,6911,4013,69,ITG,ITG1,19,Sicilia,Sicilia,4999891,417423,8.35,0.22
4453,2021-09-10,SIC,25217,12575,12642,8820,15963,434,ITG,ITG1,19,Sicilia,Sicilia,4999891,442640,8.85,0.5
4454,2021-07-15,SIC,48431,22475,25956,8010,40158,263,ITG,ITG1,19,Sicilia,Sicilia,4999891,491071,9.82,0.97
4455,2021-03-02,SIC,14782,6379,8403,11885,2781,116,ITG,ITG1,19,Sicilia,Sicilia,4999891,505853,10.12,0.3
4456,2021-01-04,SIC,8685,4330,4355,8635,0,50,ITG,ITG1,19,Sicilia,Sicilia,4999891,514538,10.29,0.17
4457,2021-01-18,SIC,1627,676,951,1456,160,11,ITG,ITG1,19,Sicilia,Sicilia,4999891,516165,10.32,0.03
4458,2021-04-28,SIC,29289,13723,15566,19715,9164,410,ITG,ITG1,19,Sicilia,Sicilia,4999891,545454,10.91,0.59
4459,2021-08-10,SIC,21836,10877,10959,10654,10919,263,ITG,ITG1,19,Sicilia,Sicilia,4999891,567290,11.35,0.44
4460,2021-09-15,SIC,21381,10723,10658,7466,13530,385,ITG,ITG1,19,Sicilia,Sicilia,4999891,588671,11.77,0.43
4461,2021-06-24,SIC,42368,19673,22695,17634,24374,360,ITG,ITG1,19,Sicilia,Sicilia,4999891,631039,12.62,0.85
4462,2021-06-07,SIC,49696,23421,26275,41115,8044,537,ITG,ITG1,19,Sicilia,Sicilia,4999891,680735,13.61,0.99
4463,2021-01-25,SIC,7456,3691,3765,266,7183,7,ITG,ITG1,19,Sicilia,Sicilia,4999891,688191,13.76,0.15
4464,2021-05-05,SIC,26411,12236,14175,16279,9685,447,ITG,ITG1,19,Sicilia,Sicilia,4999891,714602,14.29,0.53
4465,2021-05-19,SIC,42920,20778,22142,28199,14338,383,ITG,ITG1,19,Sicilia,Sicilia,4999891,757522,15.15,0.86
4466,2021-02-11,SIC,5239,2061,3178,4654,467,118,ITG,ITG1,19,Sicilia,Sicilia,4999891,762761,15.26,0.1
4467,2021-04-16,SIC,28868,14502,14366,20242,8302,324,ITG,ITG1,19,Sicilia,Sicilia,4999891,791629,15.83,0.58
4468,2021-01-23,SIC,4492,2310,2182,209,4273,10,ITG,ITG1,19,Sicilia,Sicilia,4999891,796121,15.92,0.09
4469,2021-01-06,SIC,6269,3301,2968,6205,0,64,ITG,ITG1,19,Sicilia,Sicilia,4999891,802390,16.05,0.13
4470,2021-08-27,SIC,23373,11889,11484,9858,13187,328,ITG,ITG1,19,Sicilia,Sicilia,4999891,825763,16.52,0.47
4471,2021-05-17,SIC,31940,15411,16529,18998,12647,295,ITG,ITG1,19,Sicilia,Sicilia,4999891,857703,17.15,0.64
4472,2021-03-21,SIC,15227,7347,7880,11184,3971,72,ITG,ITG1,19,Sicilia,Sicilia,4999891,872930,17.46,0.3
4473,2021-02-06,SIC,4736,2119,2617,1450,3266,20,ITG,ITG1,19,Sicilia,Sicilia,4999891,877666,17.55,0.09
4474,2021-02-04,SIC,6762,3084,3678,1420,5312,30,ITG,ITG1,19,Sicilia,Sicilia,4999891,884428,17.69,0.14
4475,2021-09-03,SIC,21887,11054,10833,9911,11603,373,ITG,ITG1,19,Sicilia,Sicilia,4999891,906315,18.13,0.44
4476,2021-05-31,SIC,38142,17171,20971,21285,16560,297,ITG,ITG1,19,Sicilia,Sicilia,4999891,944457,18.89,0.76
4477,2021-09-08,SIC,20319,10120,10199,9208,10704,407,ITG,ITG1,19,Sicilia,Sicilia,4999891,964776,19.3,0.41
4478,2021-08-22,SIC,10329,5503,4826,3912,6299,118,ITG,ITG1,19,Sicilia,Sicilia,4999891,975105,19.5,0.21
4479,2021-02-18,SIC,5342,3148,2194,4843,431,68,ITG,ITG1,19,Sicilia,Sicilia,4999891,980447,19.61,0.11
4480,2021-05-12,SIC,36865,17394,19471,21403,14925,537,ITG,ITG1,19,Sicilia,Sicilia,4999891,1017312,20.35,0.74
4481,2021-08-20,SIC,18798,9361,9437,9859,8673,266,ITG,ITG1,19,Sicilia,Sicilia,4999891,1036110,20.72,0.38
4482,2020-12-28,SIC,270,166,104,269,0,1,ITG,ITG1,19,Sicilia,Sicilia,4999891,1036380,20.73,0.01
4483,2021-04-04,SIC,6799,3324,3475,5434,1295,70,ITG,ITG1,19,Sicilia,Sicilia,4999891,1043179,20.86,0.14
4484,2021-07-13,SIC,46140,21177,24963,6918,39001,221,ITG,ITG1,19,Sicilia,Sicilia,4999891,1089319,21.79,0.92
4485,2021-09-17,SIC,15642,7840,7802,5601,9709,332,ITG,ITG1,19,Sicilia,Sicilia,4999891,1104961,22.1,0.31
4486,2021-06-26,SIC,37268,17782,19486,16349,20611,308,ITG,ITG1,19,Sicilia,Sicilia,4999891,1142229,22.85,0.75
4487,2021-04-30,SIC,35060,16359,18701,23519,11056,485,ITG,ITG1,19,Sicilia,Sicilia,4999891,1177289,23.55,0.7
4488,2021-03-04,SIC,15260,6710,8550,11010,4122,128,ITG,ITG1,19,Sicilia,Sicilia,4999891,1192549,23.85,0.31
4489,2021-08-08,SIC,15319,8132,7187,7413,7715,191,ITG,ITG1,19,Sicilia,Sicilia,4999891,1207868,24.16,0.31
4490,2021-06-12,SIC,45805,22399,23406,39373,5897,535,ITG,ITG1,19,Sicilia,Sicilia,4999891,1253673,25.07,0.92
4491,2021-02-23,SIC,8785,4667,4118,8229,468,88,ITG,ITG1,19,Sicilia,Sicilia,4999891,1262458,25.25,0.18
4492,2021-03-09,SIC,13191,5781,7410,10842,2218,131,ITG,ITG1,19,Sicilia,Sicilia,4999891,1275649,25.51,0.26
4493,2021-01-11,SIC,5933,2619,3314,5873,0,60,ITG,ITG1,19,Sicilia,Sicilia,4999891,1281582,25.63,0.12
4494,2021-07-27,SIC,43341,21480,21861,19271,23606,464,ITG,ITG1,19,Sicilia,Sicilia,4999891,1324923,26.5,0.87
4495,2021-03-16,SIC,9645,4335,5310,3570,6003,72,ITG,ITG1,19,Sicilia,Sicilia,4999891,1334568,26.69,0.19
4496,2021-07-08,SIC,38406,17499,20907,6530,31649,227,ITG,ITG1,19,Sicilia,Sicilia,4999891,1372974,27.46,0.77
4497,2021-04-02,SIC,13905,6561,7344,9047,4738,120,ITG,ITG1,19,Sicilia,Sicilia,4999891,1386879,27.74,0.28
4498,2021-02-10,SIC,4356,1777,2579,3888,384,84,ITG,ITG1,19,Sicilia,Sicilia,4999891,1391235,27.83,0.09
4499,2021-05-21,SIC,48723,23083,25640,26666,21630,427,ITG,ITG1,19,Sicilia,Sicilia,4999891,1439958,28.8,0.97
4500,2021-08-12,SIC,15137,7590,7547,7987,6906,244,ITG,ITG1,19,Sicilia,Sicilia,4999891,1455095,29.1,0.3
4501,2021-01-01,SIC,855,454,401,851,0,4,ITG,ITG1,19,Sicilia,Sicilia,4999891,1455950,29.12,0.02
4502,2021-04-20,SIC,18995,9005,9990,13435,5249,311,ITG,ITG1,19,Sicilia,Sicilia,4999891,1474945,29.5,0.38
4503,2021-07-29,SIC,36220,17896,18324,14334,21544,342,ITG,ITG1,19,Sicilia,Sicilia,4999891,1511165,30.22,0.72
4504,2021-06-16,SIC,40447,18808,21639,21271,18817,359,ITG,ITG1,19,Sicilia,Sicilia,4999891,1551612,31.03,0.81
4505,2021-03-25,SIC,20477,9535,10942,14747,5549,181,ITG,ITG1,19,Sicilia,Sicilia,4999891,1572089,31.44,0.41
4506,2021-07-03,SIC,33887,16289,17598,9030,24611,246,ITG,ITG1,19,Sicilia,Sicilia,4999891,1605976,32.12,0.68
4507,2021-09-07,SIC,22697,11290,11407,9469,12808,420,ITG,ITG1,19,Sicilia,Sicilia,4999891,1628673,32.57,0.45
4508,2021-03-06,SIC,12653,5064,7589,9767,2783,103,ITG,ITG1,19,Sicilia,Sicilia,4999891,1641326,32.83,0.25
4509,2021-07-17,SIC,49324,24293,25031,9312,39712,300,ITG,ITG1,19,Sicilia,Sicilia,4999891,1690650,33.81,0.99
4510,2021-04-08,SIC,19021,9345,9676,9280,9542,199,ITG,ITG1,19,Sicilia,Sicilia,4999891,1709671,34.19,0.38
4511,2021-05-07,SIC,36607,17282,19325,24573,11629,405,ITG,ITG1,19,Sicilia,Sicilia,4999891,1746278,34.93,0.73
4512,2021-03-11,SIC,15464,6716,8748,12890,2418,156,ITG,ITG1,19,Sicilia,Sicilia,4999891,1761742,35.24,0.31
4513,2021-01-27,SIC,7298,3715,3583,164,7133,1,ITG,ITG1,19,Sicilia,Sicilia,4999891,1769040,35.38,0.15
4514,2021-01-13,SIC,5192,2448,2744,5158,0,34,ITG,ITG1,19,Sicilia,Sicilia,4999891,1774232,35.49,0.1
4515,2021-06-04,SIC,57872,26770,31102,45400,11962,510,ITG,ITG1,19,Sicilia,Sicilia,4999891,1832104,36.64,1.16
4516,2021-09-12,SIC,14012,7468,6544,4974,8807,231,ITG,ITG1,19,Sicilia,Sicilia,4999891,1846116,36.92,0.28
4517,2021-04-06,SIC,17766,8486,9280,13255,4298,213,ITG,ITG1,19,Sicilia,Sicilia,4999891,1863882,37.28,0.36
4518,2021-02-22,SIC,7947,4132,3815,7370,493,84,ITG,ITG1,19,Sicilia,Sicilia,4999891,1871829,37.44,0.16
4519,2020-12-27,SIC,148,95,53,147,0,1,ITG,ITG1,19,Sicilia,Sicilia,4999891,1871977,37.44,0.0
4520,2021-06-02,SIC,35285,16298,18987,27103,7782,400,ITG,ITG1,19,Sicilia,Sicilia,4999891,1907262,38.15,0.71
4521,2021-04-01,SIC,14333,6628,7705,9517,4670,146,ITG,ITG1,19,Sicilia,Sicilia,4999891,1921595,38.43,0.29
4522,2021-07-10,SIC,46920,22356,24564,6054,40656,210,ITG,ITG1,19,Sicilia,Sicilia,4999891,1968515,39.37,0.94
4523,2021-06-23,SIC,44517,20711,23806,17927,26253,337,ITG,ITG1,19,Sicilia,Sicilia,4999891,2013032,40.26,0.89
4524,2021-02-27,SIC,12242,5505,6737,10937,1204,101,ITG,ITG1,19,Sicilia,Sicilia,4999891,2025274,40.51,0.24
4525,2021-07-12,SIC,49012,22617,26395,6441,42368,203,ITG,ITG1,19,Sicilia,Sicilia,4999891,2074286,41.49,0.98
4526,2021-02-08,SIC,3888,1680,2208,2081,1759,48,ITG,ITG1,19,Sicilia,Sicilia,4999891,2078174,41.56,0.08
4527,2021-07-24,SIC,40738,21214,19524,16792,23632,314,ITG,ITG1,19,Sicilia,Sicilia,4999891,2118912,42.38,0.81
4528,2021-02-15,SIC,3777,1769,2008,3137,564,76,ITG,ITG1,19,Sicilia,Sicilia,4999891,2122689,42.45,0.08
4529,2021-07-22,SIC,40682,19970,20712,11228,29157,297,ITG,ITG1,19,Sicilia,Sicilia,4999891,2163371,43.27,0.81
4530,2021-05-26,SIC,44749,21043,23706,23910,20492,347,ITG,ITG1,19,Sicilia,Sicilia,4999891,2208120,44.16,0.89
4531,2021-01-03,SIC,4818,2519,2299,4784,0,34,ITG,ITG1,19,Sicilia,Sicilia,4999891,2212938,44.26,0.1
4532,2021-04-13,SIC,20270,9875,10395,11227,8843,200,ITG,ITG1,19,Sicilia,Sicilia,4999891,2233208,44.67,0.41
4533,2021-02-20,SIC,7171,3707,3464,6802,272,97,ITG,ITG1,19,Sicilia,Sicilia,4999891,2240379,44.81,0.14
4534,2021-02-03,SIC,5946,2793,3153,706,5232,8,ITG,ITG1,19,Sicilia,Sicilia,4999891,2246325,44.93,0.12
4535,2021-04-27,SIC,26460,12689,13771,15146,10960,354,ITG,ITG1,19,Sicilia,Sicilia,4999891,2272785,45.46,0.53
4536,2021-08-05,SIC,23866,11849,12017,11522,12036,308,ITG,ITG1,19,Sicilia,Sicilia,4999891,2296651,45.93,0.48
4537,2021-05-14,SIC,52249,24500,27749,35785,15682,782,ITG,ITG1,19,Sicilia,Sicilia,4999891,2348900,46.98,1.05
4538,2021-01-20,SIC,969,513,456,691,275,3,ITG,ITG1,19,Sicilia,Sicilia,4999891,2349869,47.0,0.02
4539,2021-03-18,SIC,15418,7758,7660,9739,5624,55,ITG,ITG1,19,Sicilia,Sicilia,4999891,2365287,47.31,0.31
4540,2021-03-01,SIC,12774,6077,6697,10990,1658,126,ITG,ITG1,19,Sicilia,Sicilia,4999891,2378061,47.56,0.26
4541,2021-06-09,SIC,49789,23684,26105,41912,7266,611,ITG,ITG1,19,Sicilia,Sicilia,4999891,2427850,48.56,1.0
4542,2021-01-22,SIC,1294,641,653,261,1031,2,ITG,ITG1,19,Sicilia,Sicilia,4999891,2429144,48.58,0.03
4543,2021-01-08,SIC,8159,3797,4362,8066,0,93,ITG,ITG1,19,Sicilia,Sicilia,4999891,2437303,48.75,0.16
4544,2021-04-18,SIC,19837,9919,9918,15282,4365,190,ITG,ITG1,19,Sicilia,Sicilia,4999891,2457140,49.14,0.4
4545,2021-08-31,SIC,27973,14181,13792,10310,17364,299,ITG,ITG1,19,Sicilia,Sicilia,4999891,2485113,49.7,0.56
4546,2021-03-30,SIC,14589,6774,7815,9714,4771,104,ITG,ITG1,19,Sicilia,Sicilia,4999891,2499702,50.0,0.29
4547,2021-01-24,SIC,4337,2268,2069,121,4214,2,ITG,ITG1,19,Sicilia,Sicilia,4999891,2504039,50.08,0.09
4548,2021-05-04,SIC,26866,12479,14387,17145,9299,422,ITG,ITG1,19,Sicilia,Sicilia,4999891,2530905,50.62,0.54
4549,2021-09-16,SIC,19496,9730,9766,6574,12548,374,ITG,ITG1,19,Sicilia,Sicilia,4999891,2550401,51.01,0.39
4550,2021-07-31,SIC,28761,14938,13823,10444,18049,268,ITG,ITG1,19,Sicilia,Sicilia,4999891,2579162,51.58,0.58
4551,2021-01-10,SIC,3567,1598,1969,3545,0,22,ITG,ITG1,19,Sicilia,Sicilia,4999891,2582729,51.66,0.07
4552,2021-01-05,SIC,10636,5230,5406,10553,0,83,ITG,ITG1,19,Sicilia,Sicilia,4999891,2593365,51.87,0.21
4553,2021-04-15,SIC,21588,10495,11093,11994,9358,236,ITG,ITG1,19,Sicilia,Sicilia,4999891,2614953,52.3,0.43
4554,2021-06-20,SIC,33453,15829,17624,15110,18080,263,ITG,ITG1,19,Sicilia,Sicilia,4999891,2648406,52.97,0.67
4555,2021-04-22,SIC,26778,12645,14133,19891,6463,424,ITG,ITG1,19,Sicilia,Sicilia,4999891,2675184,53.5,0.54
4556,2021-08-26,SIC,20031,10119,9912,9110,10612,309,ITG,ITG1,19,Sicilia,Sicilia,4999891,2695215,53.91,0.4
4557,2021-02-07,SIC,2323,983,1340,664,1649,10,ITG,ITG1,19,Sicilia,Sicilia,4999891,2697538,53.95,0.05
4558,2021-07-14,SIC,47565,22028,25537,7931,39373,261,ITG,ITG1,19,Sicilia,Sicilia,4999891,2745103,54.9,0.95
4559,2021-05-18,SIC,36144,17401,18743,23246,12492,406,ITG,ITG1,19,Sicilia,Sicilia,4999891,2781247,55.63,0.72
4560,2021-07-21,SIC,42973,20973,22000,10636,32023,314,ITG,ITG1,19,Sicilia,Sicilia,4999891,2824220,56.49,0.86
4561,2021-08-09,SIC,25183,12866,12317,12486,12318,379,ITG,ITG1,19,Sicilia,Sicilia,4999891,2849403,56.99,0.5
4562,2021-01-19,SIC,1527,677,850,1271,241,15,ITG,ITG1,19,Sicilia,Sicilia,4999891,2850930,57.02,0.03
4563,2021-06-11,SIC,49978,23849,26129,41594,7712,672,ITG,ITG1,19,Sicilia,Sicilia,4999891,2900908,58.02,1.0
4564,2021-04-29,SIC,31823,14849,16974,21802,9562,459,ITG,ITG1,19,Sicilia,Sicilia,4999891,2932731,58.66,0.64
4565,2021-01-15,SIC,5326,2336,2990,5259,0,67,ITG,ITG1,19,Sicilia,Sicilia,4999891,2938057,58.76,0.11
4566,2021-04-25,SIC,21405,10210,11195,16137,5019,249,ITG,ITG1,19,Sicilia,Sicilia,4999891,2959462,59.19,0.43
4567,2021-02-01,SIC,5954,2641,3313,292,5648,14,ITG,ITG1,19,Sicilia,Sicilia,4999891,2965416,59.31,0.12
4568,2021-03-22,SIC,16696,7923,8773,11167,5433,96,ITG,ITG1,19,Sicilia,Sicilia,4999891,2982112,59.64,0.33
4569,2021-06-30,SIC,32621,15042,17579,11446,20853,322,ITG,ITG1,19,Sicilia,Sicilia,4999891,3014733,60.3,0.65
4570,2020-12-29,SIC,299,185,114,298,0,1,ITG,ITG1,19,Sicilia,Sicilia,4999891,3015032,60.3,0.01
4571,2021-06-13,SIC,34550,17168,17382,30604,3512,434,ITG,ITG1,19,Sicilia,Sicilia,4999891,3049582,60.99,0.69
4572,2021-09-05,SIC,12740,6904,5836,5499,7046,195,ITG,ITG1,19,Sicilia,Sicilia,4999891,3062322,61.25,0.25
4573,2021-06-14,SIC,43495,20661,22834,28167,14897,431,ITG,ITG1,19,Sicilia,Sicilia,4999891,3105817,62.12,0.87
4574,2021-05-28,SIC,51287,22993,28294,24319,26555,413,ITG,ITG1,19,Sicilia,Sicilia,4999891,3157104,63.14,1.03
4575,2021-08-19,SIC,19567,9764,9803,10491,8764,312,ITG,ITG1,19,Sicilia,Sicilia,4999891,3176671,63.53,0.39
4576,2021-03-13,SIC,12227,5396,6831,7635,4499,93,ITG,ITG1,19,Sicilia,Sicilia,4999891,3188898,63.78,0.24
4577,2021-04-17,SIC,26011,13154,12857,18661,7068,282,ITG,ITG1,19,Sicilia,Sicilia,4999891,3214909,64.3,0.52
4578,2021-07-26,SIC,44550,22206,22344,16703,27476,371,ITG,ITG1,19,Sicilia,Sicilia,4999891,3259459,65.19,0.89
4579,2021-03-17,SIC,15057,7445,7612,9077,5853,127,ITG,ITG1,19,Sicilia,Sicilia,4999891,3274516,65.49,0.3
4580,2021-06-25,SIC,39809,18682,21127,17385,22085,339,ITG,ITG1,19,Sicilia,Sicilia,4999891,3314325,66.29,0.8
4581,2021-07-09,SIC,44827,20687,24140,6402,38241,184,ITG,ITG1,19,Sicilia,Sicilia,4999891,3359152,67.18,0.9
4582,2021-07-07,SIC,35433,16209,19224,6036,29156,241,ITG,ITG1,19,Sicilia,Sicilia,4999891,3394585,67.89,0.71
4583,2021-05-25,SIC,33579,15441,18138,13948,19376,255,ITG,ITG1,19,Sicilia,Sicilia,4999891,3428164,68.56,0.67
4584,2021-03-29,SIC,15050,7086,7964,10399,4501,150,ITG,ITG1,19,Sicilia,Sicilia,4999891,3443214,68.87,0.3
4585,2021-09-02,SIC,23140,11841,11299,10006,12744,390,ITG,ITG1,19,Sicilia,Sicilia,4999891,3466354,69.33,0.46
4586,2021-06-01,SIC,38998,17731,21267,24597,14050,351,ITG,ITG1,19,Sicilia,Sicilia,4999891,3505352,70.11,0.78
4587,2021-04-05,SIC,8025,3958,4067,6510,1443,72,ITG,ITG1,19,Sicilia,Sicilia,4999891,3513377,70.27,0.16
4588,2021-09-09,SIC,23622,11818,11804,8334,14847,441,ITG,ITG1,19,Sicilia,Sicilia,4999891,3536999,70.74,0.47
4589,2021-04-12,SIC,19023,9221,9802,11487,7277,259,ITG,ITG1,19,Sicilia,Sicilia,4999891,3556022,71.12,0.38
4590,2021-02-14,SIC,1055,402,653,905,140,10,ITG,ITG1,19,Sicilia,Sicilia,4999891,3557077,71.14,0.02
4591,2021-04-10,SIC,20447,9978,10469,11300,8972,175,ITG,ITG1,19,Sicilia,Sicilia,4999891,3577524,71.55,0.41
4592,2021-01-17,SIC,1315,599,716,1240,66,9,ITG,ITG1,19,Sicilia,Sicilia,4999891,3578839,71.58,0.03
4593,2021-07-02,SIC,30581,14240,16341,9942,20352,287,ITG,ITG1,19,Sicilia,Sicilia,4999891,3609420,72.19,0.61
4594,2021-07-19,SIC,48974,23596,25378,11648,36967,359,ITG,ITG1,19,Sicilia,Sicilia,4999891,3658394,73.17,0.98
4595,2021-02-19,SIC,4980,2696,2284,4329,564,87,ITG,ITG1,19,Sicilia,Sicilia,4999891,3663374,73.27,0.1
4596,2021-03-08,SIC,13525,5975,7550,10780,2616,129,ITG,ITG1,19,Sicilia,Sicilia,4999891,3676899,73.54,0.27
4597,2021-08-21,SIC,13741,7169,6572,6199,7353,189,ITG,ITG1,19,Sicilia,Sicilia,4999891,3690640,73.81,0.27
4598,2021-05-30,SIC,35788,16179,19609,17430,18063,295,ITG,ITG1,19,Sicilia,Sicilia,4999891,3726428,74.53,0.72
4599,2021-05-13,SIC,47503,22279,25224,30295,16557,651,ITG,ITG1,19,Sicilia,Sicilia,4999891,3773931,75.48,0.95
4600,2021-01-31,SIC,4061,1943,2118,107,3952,2,ITG,ITG1,19,Sicilia,Sicilia,4999891,3777992,75.56,0.08
4601,2021-03-15,SIC,10693,4737,5956,5658,4955,80,ITG,ITG1,19,Sicilia,Sicilia,4999891,3788685,75.78,0.21
4602,2021-03-10,SIC,13961,6135,7826,11625,2187,149,ITG,ITG1,19,Sicilia,Sicilia,4999891,3802646,76.05,0.28
4603,2021-01-12,SIC,4378,2143,2235,4332,0,46,ITG,ITG1,19,Sicilia,Sicilia,4999891,3807024,76.14,0.09
4604,2021-06-18,SIC,43614,20151,23463,18862,24380,372,ITG,ITG1,19,Sicilia,Sicilia,4999891,3850638,77.01,0.87
4605,2021-06-27,SIC,25314,12203,13111,12098,12984,232,ITG,ITG1,19,Sicilia,Sicilia,4999891,3875952,77.52,0.51
4606,2021-05-15,SIC,56539,26407,30132,40367,15251,921,ITG,ITG1,19,Sicilia,Sicilia,4999891,3932491,78.65,1.13
4607,2021-03-19,SIC,16324,8060,8264,10649,5579,96,ITG,ITG1,19,Sicilia,Sicilia,4999891,3948815,78.98,0.33
4608,2021-08-23,SIC,24076,11901,12175,10796,12928,352,ITG,ITG1,19,Sicilia,Sicilia,4999891,3972891,79.46,0.48
4609,2021-09-01,SIC,24944,12717,12227,10577,14012,355,ITG,ITG1,19,Sicilia,Sicilia,4999891,3997835,79.96,0.5
4610,2021-06-06,SIC,49535,23925,25610,41147,7830,558,ITG,ITG1,19,Sicilia,Sicilia,4999891,4047370,80.95,0.99
4611,2021-09-14,SIC,24495,11906,12589,8738,15274,483,ITG,ITG1,19,Sicilia,Sicilia,4999891,4071865,81.44,0.49
4612,2021-02-26,SIC,11989,5883,6106,10192,1681,116,ITG,ITG1,19,Sicilia,Sicilia,4999891,4083854,81.68,0.24
4613,2021-05-06,SIC,29494,14019,15475,18156,10843,495,ITG,ITG1,19,Sicilia,Sicilia,4999891,4113348,82.27,0.59
4614,2021-08-28,SIC,20873,11178,9695,7260,13393,220,ITG,ITG1,19,Sicilia,Sicilia,4999891,4134221,82.69,0.42
4615,2021-08-14,SIC,6145,3341,2804,3310,2714,121,ITG,ITG1,19,Sicilia,Sicilia,4999891,4140366,82.81,0.12
4616,2021-03-05,SIC,15789,6852,8937,11395,4244,150,ITG,ITG1,19,Sicilia,Sicilia,4999891,4156155,83.12,0.32
4617,2021-02-16,SIC,4200,2208,1992,3663,467,70,ITG,ITG1,19,Sicilia,Sicilia,4999891,4160355,83.21,0.08
4618,2021-01-02,SIC,4889,2546,2343,4853,0,36,ITG,ITG1,19,Sicilia,Sicilia,4999891,4165244,83.31,0.1
4619,2021-05-11,SIC,32695,15505,17190,19684,12502,509,ITG,ITG1,19,Sicilia,Sicilia,4999891,4197939,83.96,0.65
4620,2021-02-17,SIC,5223,3204,2019,4500,670,53,ITG,ITG1,19,Sicilia,Sicilia,4999891,4203162,84.07,0.1
4621,2021-04-24,SIC,31216,14716,16500,23141,7640,435,ITG,ITG1,19,Sicilia,Sicilia,4999891,4234378,84.69,0.62
4622,2021-08-02,SIC,32988,16397,16591,12851,19787,350,ITG,ITG1,19,Sicilia,Sicilia,4999891,4267366,85.35,0.66
4623,2021-03-03,SIC,14590,6551,8039,11382,3076,132,ITG,ITG1,19,Sicilia,Sicilia,4999891,4281956,85.64,0.29
4624,2021-08-07,SIC,20057,10403,9654,10819,8901,337,ITG,ITG1,19,Sicilia,Sicilia,4999891,4302013,86.04,0.4
4625,2021-08-16,SIC,20312,10426,9886,10905,9090,317,ITG,ITG1,19,Sicilia,Sicilia,4999891,4322325,86.45,0.41
4626,2021-02-24,SIC,9379,4803,4576,8701,567,111,ITG,ITG1,19,Sicilia,Sicilia,4999891,4331704,86.64,0.19
4627,2021-07-28,SIC,37669,18870,18799,14685,22661,323,ITG,ITG1,19,Sicilia,Sicilia,4999891,4369373,87.39,0.75
4628,2021-06-22,SIC,40054,18409,21645,18341,21335,378,ITG,ITG1,19,Sicilia,Sicilia,4999891,4409427,88.19,0.8
4629,2021-05-22,SIC,48027,22811,25216,28300,19328,399,ITG,ITG1,19,Sicilia,Sicilia,4999891,4457454,89.15,0.96
4630,2021-08-30,SIC,28223,14388,13835,10214,17663,346,ITG,ITG1,19,Sicilia,Sicilia,4999891,4485677,89.72,0.56
4631,2021-02-28,SIC,7132,3034,4098,6457,630,45,ITG,ITG1,19,Sicilia,Sicilia,4999891,4492809,89.86,0.14
4632,2021-09-13,SIC,27254,13545,13709,9556,17202,496,ITG,ITG1,19,Sicilia,Sicilia,4999891,4520063,90.4,0.55
4633,2021-06-08,SIC,47714,22408,25306,40456,6714,544,ITG,ITG1,19,Sicilia,Sicilia,4999891,4567777,91.36,0.95
4634,2021-08-11,SIC,16203,8337,7866,8726,7188,289,ITG,ITG1,19,Sicilia,Sicilia,4999891,4583980,91.68,0.32
4635,2021-01-09,SIC,7258,3426,3832,7197,0,61,ITG,ITG1,19,Sicilia,Sicilia,4999891,4591238,91.83,0.15
4636,2021-05-03,SIC,23328,10803,12525,13262,9800,266,ITG,ITG1,19,Sicilia,Sicilia,4999891,4614566,92.29,0.47
4637,2021-07-11,SIC,36045,16872,19173,3664,32285,96,ITG,ITG1,19,Sicilia,Sicilia,4999891,4650611,93.01,0.72
4638,2021-03-12,SIC,12895,5575,7320,10663,2071,161,ITG,ITG1,19,Sicilia,Sicilia,4999891,4663506,93.27,0.26
4639,2021-08-25,SIC,21833,10843,10990,9974,11496,363,ITG,ITG1,19,Sicilia,Sicilia,4999891,4685339,93.71,0.44
4640,2021-06-29,SIC,31463,14739,16724,15729,15327,407,ITG,ITG1,19,Sicilia,Sicilia,4999891,4716802,94.34,0.63
4641,2021-06-17,SIC,41892,19505,22387,20360,21157,375,ITG,ITG1,19,Sicilia,Sicilia,4999891,4758694,95.18,0.84
4642,2020-12-31,SIC,969,511,458,961,0,8,ITG,ITG1,19,Sicilia,Sicilia,4999891,4759663,95.2,0.02
4643,2021-03-07,SIC,9272,3457,5815,8130,1083,59,ITG,ITG1,19,Sicilia,Sicilia,4999891,4768935,95.38,0.19
4644,2021-06-15,SIC,46192,21771,24421,28206,17548,438,ITG,ITG1,19,Sicilia,Sicilia,4999891,4815127,96.3,0.92
4645,2021-03-24,SIC,20998,9883,11115,15048,5746,204,ITG,ITG1,19,Sicilia,Sicilia,4999891,4836125,96.72,0.42
4646,2021-09-06,SIC,23281,11837,11444,9962,12905,414,ITG,ITG1,19,Sicilia,Sicilia,4999891,4859406,97.19,0.47
4647,2021-05-29,SIC,47218,21486,25732,23547,23223,448,ITG,ITG1,19,Sicilia,Sicilia,4999891,4906624,98.13,0.94
4648,2021-03-31,SIC,14525,6709,7816,9441,4935,149,ITG,ITG1,19,Sicilia,Sicilia,4999891,4921149,98.43,0.29
4649,2021-01-07,SIC,9077,4213,4864,8993,0,84,ITG,ITG1,19,Sicilia,Sicilia,4999891,4930226,98.61,0.18
4650,2021-02-21,SIC,5169,2501,2668,5044,107,18,ITG,ITG1,19,Sicilia,Sicilia,4999891,4935395,98.71,0.1
4651,2021-08-06,SIC,24782,12577,12205,13501,10870,411,ITG,ITG1,19,Sicilia,Sicilia,4999891,4960177,99.21,0.5
4652,2021-04-26,SIC,21710,10278,11432,13300,8089,321,ITG,ITG1,19,Sicilia,Sicilia,4999891,4981887,99.64,0.43
4653,2021-02-02,SIC,5325,2499,2826,609,4706,10,ITG,ITG1,19,Sicilia,Sicilia,4999891,4987212,99.75,0.11
4654,2021-08-04,SIC,24365,12012,12353,10982,13057,326,ITG,ITG1,19,Sicilia,Sicilia,4999891,5011577,100.23,0.49
4655,2021-07-18,SIC,39286,19785,19501,8096,30955,235,ITG,ITG1,19,Sicilia,Sicilia,4999891,5050863,101.02,0.79
4656,2021-01-14,SIC,5267,2494,2773,5205,0,62,ITG,ITG1,19,Sicilia,Sicilia,4999891,5056130,101.12,0.11
4657,2021-01-21,SIC,1459,716,743,490,958,11,ITG,ITG1,19,Sicilia,Sicilia,4999891,5057589,101.15,0.03
4658,2021-05-01,SIC,24461,11322,13139,19002,5171,288,ITG,ITG1,19,Sicilia,Sicilia,4999891,5082050,101.64,0.49
4659,2021-07-06,SIC,37134,17173,19961,10286,26536,312,ITG,ITG1,19,Sicilia,Sicilia,4999891,5119184,102.39,0.74
4660,2021-05-10,SIC,28739,13797,14942,16165,12221,353,ITG,ITG1,19,Sicilia,Sicilia,4999891,5147923,102.96,0.57
4661,2021-08-18,SIC,21948,11323,10625,11666,9912,370,ITG,ITG1,19,Sicilia,Sicilia,4999891,5169871,103.4,0.44
4662,2021-03-26,SIC,18000,8361,9639,12340,5502,158,ITG,ITG1,19,Sicilia,Sicilia,4999891,5187871,103.76,0.36
4663,2021-01-28,SIC,9038,4277,4761,361,8676,1,ITG,ITG1,19,Sicilia,Sicilia,4999891,5196909,103.94,0.18
4664,2021-07-04,SIC,26522,12806,13716,7608,18736,178,ITG,ITG1,19,Sicilia,Sicilia,4999891,5223431,104.47,0.53
4665,2021-05-08,SIC,35677,17050,18627,24892,10324,461,ITG,ITG1,19,Sicilia,Sicilia,4999891,5259108,105.18,0.71
4666,2021-01-26,SIC,9584,4745,4839,213,9370,1,ITG,ITG1,19,Sicilia,Sicilia,4999891,5268692,105.38,0.19
4667,2021-08-13,SIC,11524,5971,5553,5982,5301,241,ITG,ITG1,19,Sicilia,Sicilia,4999891,5280216,105.61,0.23
4668,2021-02-09,SIC,4350,1800,2550,3248,1037,65,ITG,ITG1,19,Sicilia,Sicilia,4999891,5284566,105.69,0.09
4669,2021-05-20,SIC,44108,21135,22973,27754,15937,417,ITG,ITG1,19,Sicilia,Sicilia,4999891,5328674,106.58,0.88
4670,2021-07-25,SIC,31811,16765,15046,11846,19705,260,ITG,ITG1,19,Sicilia,Sicilia,4999891,5360485,107.21,0.64
4671,2021-04-19,SIC,18291,8672,9619,12461,5590,240,ITG,ITG1,19,Sicilia,Sicilia,4999891,5378776,107.58,0.37
4672,2021-05-16,SIC,33720,16444,17276,21892,11527,301,ITG,ITG1,19,Sicilia,Sicilia,4999891,5412496,108.25,0.67
4673,2021-05-02,SIC,24617,11434,13183,17695,6606,316,ITG,ITG1,19,Sicilia,Sicilia,4999891,5437113,108.74,0.49
4674,2021-03-20,SIC,18607,8987,9620,13366,5146,95,ITG,ITG1,19,Sicilia,Sicilia,4999891,5455720,109.12,0.37
4675,2021-08-24,SIC,23731,11758,11973,10964,12399,368,ITG,ITG1,19,Sicilia,Sicilia,4999891,5479451,109.59,0.47
4676,2021-06-28,SIC,31945,14878,17067,14907,16744,294,ITG,ITG1,19,Sicilia,Sicilia,4999891,5511396,110.23,0.64
4677,2021-07-05,SIC,37545,17623,19922,8915,28389,241,ITG,ITG1,19,Sicilia,Sicilia,4999891,5548941,110.98,0.75
4678,2021-06-21,SIC,40253,18634,21619,18419,21504,330,ITG,ITG1,19,Sicilia,Sicilia,4999891,5589194,111.79,0.81
4679,2021-05-09,SIC,28442,13323,15119,19765,8299,378,ITG,ITG1,19,Sicilia,Sicilia,4999891,5617636,112.36,0.57
4680,2021-08-17,SIC,18570,9497,9073,10105,8139,326,ITG,ITG1,19,Sicilia,Sicilia,4999891,5636206,112.73,0.37
4681,2021-09-04,SIC,18294,9850,8444,8347,9603,344,ITG,ITG1,19,Sicilia,Sicilia,4999891,5654500,113.09,0.37
4682,2021-02-05,SIC,6789,3006,3783,2086,4665,38,ITG,ITG1,19,Sicilia,Sicilia,4999891,5661289,113.23,0.14
4683,2021-04-03,SIC,16422,7819,8603,13420,2838,164,ITG,ITG1,19,Sicilia,Sicilia,4999891,5677711,113.56,0.33
4684,2021-03-27,SIC,15700,7406,8294,10684,4889,127,ITG,ITG1,19,Sicilia,Sicilia,4999891,5693411,113.87,0.31
4685,2021-01-29,SIC,9187,4258,4929,404,8771,12,ITG,ITG1,19,Sicilia,Sicilia,4999891,5702598,114.05,0.18
4686,2021-02-12,SIC,4606,1829,2777,4241,286,79,ITG,ITG1,19,Sicilia,Sicilia,4999891,5707204,114.15,0.09
4687,2021-05-23,SIC,34109,16608,17501,19855,14026,228,ITG,ITG1,19,Sicilia,Sicilia,4999891,5741313,114.83,0.68
4688,2021-06-10,SIC,53055,24908,28147,45145,7252,658,ITG,ITG1,19,Sicilia,Sicilia,4999891,5794368,115.89,1.06
4689,2021-05-27,SIC,47625,21935,25690,24462,22740,423,ITG,ITG1,19,Sicilia,Sicilia,4999891,5841993,116.84,0.95
4690,2021-04-14,SIC,20583,9938,10645,11612,8774,197,ITG,ITG1,19,Sicilia,Sicilia,4999891,5862576,117.25,0.41
4691,2021-07-23,SIC,41519,20856,20663,14371,26823,325,ITG,ITG1,19,Sicilia,Sicilia,4999891,5904095,118.08,0.83
4692,2021-04-21,SIC,22402,10755,11647,15993,6127,282,ITG,ITG1,19,Sicilia,Sicilia,4999891,5926497,118.53,0.45
4693,2021-04-07,SIC,18456,9070,9386,9738,8518,200,ITG,ITG1,19,Sicilia,Sicilia,4999891,5944953,118.9,0.37
4694,2021-09-11,SIC,21351,11071,10280,7699,13272,380,ITG,ITG1,19,Sicilia,Sicilia,4999891,5966304,119.33,0.43
4695,2021-07-16,SIC,49376,23385,25991,8720,40365,291,ITG,ITG1,19,Sicilia,Sicilia,4999891,6015680,120.32,0.99
4696,2021-07-30,SIC,32507,16112,16395,12075,20144,288,ITG,ITG1,19,Sicilia,Sicilia,4999891,6048187,120.97,0.65
4697,2021-06-03,SIC,46010,21102,24908,33766,11720,524,ITG,ITG1,19,Sicilia,Sicilia,4999891,6094197,121.89,0.92
4698,2021-07-06,PIE,38345,19404,18941,8653,29132,560,ITC,ITC1,1,Piemonte,Piemonte,4356406,38345,0.88,0.88
4699,2021-03-28,PIE,16095,6907,9188,8131,7624,340,ITC,ITC1,1,Piemonte,Piemonte,4356406,54440,1.25,0.37
4700,2021-07-20,PIE,39116,20578,18538,5757,32788,571,ITC,ITC1,1,Piemonte,Piemonte,4356406,93556,2.15,0.9
4701,2021-04-11,PIE,20862,9330,11532,18237,2152,473,ITC,ITC1,1,Piemonte,Piemonte,4356406,114418,2.63,0.48
4702,2021-01-04,PIE,5585,1690,3895,5584,0,1,ITC,ITC1,1,Piemonte,Piemonte,4356406,120003,2.75,0.13
4703,2021-04-28,PIE,26122,11779,14343,15497,10072,553,ITC,ITC1,1,Piemonte,Piemonte,4356406,146125,3.35,0.6
4704,2021-08-27,PIE,17441,9308,8133,7514,9271,656,ITC,ITC1,1,Piemonte,Piemonte,4356406,163566,3.75,0.4
4705,2021-05-19,PIE,33231,15348,17883,21482,11146,603,ITC,ITC1,1,Piemonte,Piemonte,4356406,196797,4.52,0.76
4706,2021-03-14,PIE,8222,3343,4879,5177,2903,142,ITC,ITC1,1,Piemonte,Piemonte,4356406,205019,4.71,0.19
4707,2021-05-10,PIE,29099,14043,15056,15316,13140,643,ITC,ITC1,1,Piemonte,Piemonte,4356406,234118,5.37,0.67
4708,2021-01-30,PIE,6008,2149,3859,218,5789,1,ITC,ITC1,1,Piemonte,Piemonte,4356406,240126,5.51,0.14
4709,2021-06-24,PIE,39331,19735,19596,18368,20354,609,ITC,ITC1,1,Piemonte,Piemonte,4356406,279457,6.41,0.9
4710,2021-03-16,PIE,10549,4285,6264,4378,6076,95,ITC,ITC1,1,Piemonte,Piemonte,4356406,290006,6.66,0.24
4711,2021-08-15,PIE,6579,3631,2948,5035,1270,274,ITC,ITC1,1,Piemonte,Piemonte,4356406,296585,6.81,0.15
4712,2021-09-01,PIE,18682,9660,9022,6715,11261,706,ITC,ITC1,1,Piemonte,Piemonte,4356406,315267,7.24,0.43
4713,2021-05-24,PIE,29036,13444,15592,16655,11992,389,ITC,ITC1,1,Piemonte,Piemonte,4356406,344303,7.9,0.67
4714,2021-03-02,PIE,11346,4622,6724,10336,815,195,ITC,ITC1,1,Piemonte,Piemonte,4356406,355649,8.16,0.26
4715,2021-07-15,PIE,42635,22026,20609,4112,38059,464,ITC,ITC1,1,Piemonte,Piemonte,4356406,398284,9.14,0.98
4716,2021-08-01,PIE,27300,14459,12841,8471,18292,537,ITC,ITC1,1,Piemonte,Piemonte,4356406,425584,9.77,0.63
4717,2021-04-23,PIE,27491,12625,14866,20003,6771,717,ITC,ITC1,1,Piemonte,Piemonte,4356406,453075,10.4,0.63
4718,2021-09-15,PIE,15795,8162,7633,5593,9415,787,ITC,ITC1,1,Piemonte,Piemonte,4356406,468870,10.76,0.36
4719,2021-06-07,PIE,35000,17902,17098,29565,4809,626,ITC,ITC1,1,Piemonte,Piemonte,4356406,503870,11.57,0.8
4720,2021-08-03,PIE,30234,15815,14419,9338,20389,507,ITC,ITC1,1,Piemonte,Piemonte,4356406,534104,12.26,0.69
4721,2021-03-23,PIE,13232,5581,7651,6652,6254,326,ITC,ITC1,1,Piemonte,Piemonte,4356406,547336,12.56,0.3
4722,2021-01-16,PIE,7787,2631,5156,7780,0,7,ITC,ITC1,1,Piemonte,Piemonte,4356406,555123,12.74,0.18
4723,2021-02-11,PIE,6781,2111,4670,2994,3768,19,ITC,ITC1,1,Piemonte,Piemonte,4356406,561904,12.9,0.16
4724,2021-04-09,PIE,25932,11415,14517,20846,4508,578,ITC,ITC1,1,Piemonte,Piemonte,4356406,587836,13.49,0.6
4725,2020-12-30,PIE,743,327,416,743,0,0,ITC,ITC1,1,Piemonte,Piemonte,4356406,588579,13.51,0.02
4726,2021-06-05,PIE,37049,18966,18083,31926,4465,658,ITC,ITC1,1,Piemonte,Piemonte,4356406,625628,14.36,0.85
4727,2021-02-25,PIE,12298,5310,6988,11563,547,188,ITC,ITC1,1,Piemonte,Piemonte,4356406,637926,14.64,0.28
4728,2021-09-10,PIE,17242,9016,8226,5110,11433,699,ITC,ITC1,1,Piemonte,Piemonte,4356406,655168,15.04,0.4
4729,2021-06-19,PIE,40157,20364,19793,22910,16688,559,ITC,ITC1,1,Piemonte,Piemonte,4356406,695325,15.96,0.92
4730,2021-02-04,PIE,10259,3363,6896,583,9674,2,ITC,ITC1,1,Piemonte,Piemonte,4356406,705584,16.2,0.24
4731,2021-01-18,PIE,6181,2051,4130,5926,251,4,ITC,ITC1,1,Piemonte,Piemonte,4356406,711765,16.34,0.14
4732,2021-05-17,PIE,31026,14653,16373,17387,13217,422,ITC,ITC1,1,Piemonte,Piemonte,4356406,742791,17.05,0.71
4733,2021-02-06,PIE,8015,2669,5346,396,7617,2,ITC,ITC1,1,Piemonte,Piemonte,4356406,750806,17.23,0.18
4734,2021-02-23,PIE,9286,3743,5543,8519,590,177,ITC,ITC1,1,Piemonte,Piemonte,4356406,760092,17.45,0.21
4735,2021-05-31,PIE,29172,14084,15088,20171,8589,412,ITC,ITC1,1,Piemonte,Piemonte,4356406,789264,18.12,0.67
4736,2021-06-17,PIE,41254,20706,20548,24248,16375,631,ITC,ITC1,1,Piemonte,Piemonte,4356406,830518,19.06,0.95
4737,2021-08-20,PIE,16618,8922,7696,10345,5557,716,ITC,ITC1,1,Piemonte,Piemonte,4356406,847136,19.45,0.38
4738,2021-05-12,PIE,31984,15224,16760,18394,12959,631,ITC,ITC1,1,Piemonte,Piemonte,4356406,879120,20.18,0.73
4739,2021-08-22,PIE,9615,5250,4365,5135,4100,380,ITC,ITC1,1,Piemonte,Piemonte,4356406,888735,20.4,0.22
4740,2021-09-03,PIE,18385,9709,8676,6417,11307,661,ITC,ITC1,1,Piemonte,Piemonte,4356406,907120,20.82,0.42
4741,2021-06-12,PIE,42734,22516,20218,39292,2630,812,ITC,ITC1,1,Piemonte,Piemonte,4356406,949854,21.8,0.98
4742,2021-06-26,PIE,41298,21013,20285,21980,18599,719,ITC,ITC1,1,Piemonte,Piemonte,4356406,991152,22.75,0.95
4743,2021-07-13,PIE,38915,20075,18840,3678,34900,337,ITC,ITC1,1,Piemonte,Piemonte,4356406,1030067,23.64,0.89
4744,2021-04-04,PIE,9270,4060,5210,6399,2714,157,ITC,ITC1,1,Piemonte,Piemonte,4356406,1039337,23.86,0.21
4745,2021-04-21,PIE,25827,11860,13967,19787,5365,675,ITC,ITC1,1,Piemonte,Piemonte,4356406,1065164,24.45,0.59
4746,2021-01-11,PIE,8789,3000,5789,8783,0,6,ITC,ITC1,1,Piemonte,Piemonte,4356406,1073953,24.65,0.2
4747,2021-07-08,PIE,41058,20996,20062,7463,33014,581,ITC,ITC1,1,Piemonte,Piemonte,4356406,1115011,25.59,0.94
4748,2021-01-23,PIE,4265,1328,2937,878,3385,2,ITC,ITC1,1,Piemonte,Piemonte,4356406,1119276,25.69,0.1
4749,2021-03-21,PIE,10750,4748,6002,4034,6543,173,ITC,ITC1,1,Piemonte,Piemonte,4356406,1130026,25.94,0.25
4750,2021-08-13,PIE,20038,10681,9357,12082,7240,716,ITC,ITC1,1,Piemonte,Piemonte,4356406,1150064,26.4,0.46
4751,2021-05-05,PIE,34738,16276,18462,20350,13684,704,ITC,ITC1,1,Piemonte,Piemonte,4356406,1184802,27.2,0.8
4752,2021-07-01,PIE,42027,21023,21004,19825,21158,1044,ITC,ITC1,1,Piemonte,Piemonte,4356406,1226829,28.16,0.96
4753,2020-12-28,PIE,1,1,0,1,0,0,ITC,ITC1,1,Piemonte,Piemonte,4356406,1226830,28.16,0.0
4754,2021-09-08,PIE,15647,8087,7560,6139,8741,767,ITC,ITC1,1,Piemonte,Piemonte,4356406,1242477,28.52,0.36
4755,2021-07-27,PIE,33835,17668,16167,8267,25002,566,ITC,ITC1,1,Piemonte,Piemonte,4356406,1276312,29.3,0.78
4756,2021-05-02,PIE,25168,11294,13874,14017,10753,398,ITC,ITC1,1,Piemonte,Piemonte,4356406,1301480,29.88,0.58
4757,2021-04-02,PIE,20180,8332,11848,11340,8434,406,ITC,ITC1,1,Piemonte,Piemonte,4356406,1321660,30.34,0.46
4758,2021-05-29,PIE,32869,15258,17611,20312,12193,364,ITC,ITC1,1,Piemonte,Piemonte,4356406,1354529,31.09,0.75
4759,2021-02-18,PIE,4822,2115,2707,4305,429,88,ITC,ITC1,1,Piemonte,Piemonte,4356406,1359351,31.2,0.11
4760,2021-07-25,PIE,28799,15271,13528,6601,21700,498,ITC,ITC1,1,Piemonte,Piemonte,4356406,1388150,31.86,0.66
4761,2021-04-16,PIE,28489,13240,15249,22693,5019,777,ITC,ITC1,1,Piemonte,Piemonte,4356406,1416639,32.52,0.65
4762,2021-08-08,PIE,20309,10844,9465,9017,10936,356,ITC,ITC1,1,Piemonte,Piemonte,4356406,1436948,32.98,0.47
4763,2021-04-30,PIE,32004,14396,17608,17963,13348,693,ITC,ITC1,1,Piemonte,Piemonte,4356406,1468952,33.72,0.73
4764,2021-03-09,PIE,14342,5741,8601,11751,2354,237,ITC,ITC1,1,Piemonte,Piemonte,4356406,1483294,34.05,0.33
4765,2021-08-24,PIE,15239,8132,7107,7871,6729,639,ITC,ITC1,1,Piemonte,Piemonte,4356406,1498533,34.4,0.35
4766,2021-01-01,PIE,1041,396,645,1040,0,1,ITC,ITC1,1,Piemonte,Piemonte,4356406,1499574,34.42,0.02
4767,2021-09-12,PIE,10474,5549,4925,3531,6470,473,ITC,ITC1,1,Piemonte,Piemonte,4356406,1510048,34.66,0.24
4768,2021-02-08,PIE,6933,2356,4577,664,6264,5,ITC,ITC1,1,Piemonte,Piemonte,4356406,1516981,34.82,0.16
4769,2021-08-29,PIE,15141,8117,7024,5038,9672,431,ITC,ITC1,1,Piemonte,Piemonte,4356406,1532122,35.17,0.35
4770,2021-05-21,PIE,36301,16867,19434,20092,15684,525,ITC,ITC1,1,Piemonte,Piemonte,4356406,1568423,36.0,0.83
4771,2021-07-17,PIE,42056,22138,19918,4957,36600,499,ITC,ITC1,1,Piemonte,Piemonte,4356406,1610479,36.97,0.97
4772,2021-06-28,PIE,38507,19122,19385,15149,22753,605,ITC,ITC1,1,Piemonte,Piemonte,4356406,1648986,37.85,0.88
4773,2021-04-06,PIE,20825,9082,11743,15148,5217,460,ITC,ITC1,1,Piemonte,Piemonte,4356406,1669811,38.33,0.48
4774,2020-12-27,PIE,915,370,545,915,0,0,ITC,ITC1,1,Piemonte,Piemonte,4356406,1670726,38.35,0.02
4775,2021-07-12,PIE,39258,20244,19014,4563,34216,479,ITC,ITC1,1,Piemonte,Piemonte,4356406,1709984,39.25,0.9
4776,2021-07-29,PIE,36726,19085,17641,9379,26682,665,ITC,ITC1,1,Piemonte,Piemonte,4356406,1746710,40.1,0.84
4777,2021-04-20,PIE,25552,11695,13857,18559,6363,630,ITC,ITC1,1,Piemonte,Piemonte,4356406,1772262,40.68,0.59
4778,2021-05-07,PIE,33176,15698,17478,18388,14155,633,ITC,ITC1,1,Piemonte,Piemonte,4356406,1805438,41.44,0.76
4779,2021-01-27,PIE,4208,1456,2752,995,3211,2,ITC,ITC1,1,Piemonte,Piemonte,4356406,1809646,41.54,0.1
4780,2021-02-13,PIE,4172,1344,2828,2931,1225,16,ITC,ITC1,1,Piemonte,Piemonte,4356406,1813818,41.64,0.1
4781,2021-02-27,PIE,12735,4861,7874,12156,337,242,ITC,ITC1,1,Piemonte,Piemonte,4356406,1826553,41.93,0.29
4782,2021-04-25,PIE,20277,9329,10948,17298,2510,469,ITC,ITC1,1,Piemonte,Piemonte,4356406,1846830,42.39,0.47
4783,2021-01-15,PIE,9132,3014,6118,9126,0,6,ITC,ITC1,1,Piemonte,Piemonte,4356406,1855962,42.6,0.21
4784,2021-06-21,PIE,38538,19268,19270,17179,20788,571,ITC,ITC1,1,Piemonte,Piemonte,4356406,1894500,43.49,0.88
4785,2021-09-07,PIE,18375,9674,8701,6142,11547,686,ITC,ITC1,1,Piemonte,Piemonte,4356406,1912875,43.91,0.42
4786,2021-07-03,PIE,40162,20154,20008,15350,24053,759,ITC,ITC1,1,Piemonte,Piemonte,4356406,1953037,44.83,0.92
4787,2021-07-05,PIE,35647,17838,17809,11706,23245,696,ITC,ITC1,1,Piemonte,Piemonte,4356406,1988684,45.65,0.82
4788,2021-02-20,PIE,3850,1265,2585,3573,174,103,ITC,ITC1,1,Piemonte,Piemonte,4356406,1992534,45.74,0.09
4789,2021-07-24,PIE,34929,18375,16554,7921,26400,608,ITC,ITC1,1,Piemonte,Piemonte,4356406,2027463,46.54,0.8
4790,2021-06-02,PIE,26784,13111,13673,21685,4648,451,ITC,ITC1,1,Piemonte,Piemonte,4356406,2054247,47.15,0.61
4791,2021-02-22,PIE,8508,3476,5032,7807,595,106,ITC,ITC1,1,Piemonte,Piemonte,4356406,2062755,47.35,0.2
4792,2021-03-11,PIE,14047,5323,8724,10693,3103,251,ITC,ITC1,1,Piemonte,Piemonte,4356406,2076802,47.67,0.32
4793,2021-03-25,PIE,17179,7288,9891,8099,8637,443,ITC,ITC1,1,Piemonte,Piemonte,4356406,2093981,48.07,0.39
4794,2021-02-01,PIE,8700,3072,5628,579,8120,1,ITC,ITC1,1,Piemonte,Piemonte,4356406,2102681,48.27,0.2
4795,2021-05-14,PIE,33505,16317,17188,17373,15455,677,ITC,ITC1,1,Piemonte,Piemonte,4356406,2136186,49.04,0.77
4796,2021-07-31,PIE,35810,19033,16777,10753,24641,416,ITC,ITC1,1,Piemonte,Piemonte,4356406,2171996,49.86,0.82
4797,2021-08-17,PIE,18096,9700,8396,11706,5602,788,ITC,ITC1,1,Piemonte,Piemonte,4356406,2190092,50.27,0.42
4798,2021-05-09,PIE,27185,12944,14241,13165,13624,396,ITC,ITC1,1,Piemonte,Piemonte,4356406,2217277,50.9,0.62
4799,2021-05-26,PIE,34247,15783,18464,15361,18520,366,ITC,ITC1,1,Piemonte,Piemonte,4356406,2251524,51.68,0.79
4800,2021-02-15,PIE,4447,1603,2844,3214,1210,23,ITC,ITC1,1,Piemonte,Piemonte,4356406,2255971,51.79,0.1
4801,2021-03-04,PIE,14759,5948,8811,11584,2951,224,ITC,ITC1,1,Piemonte,Piemonte,4356406,2270730,52.12,0.34
4802,2021-03-13,PIE,13056,4728,8328,11350,1432,274,ITC,ITC1,1,Piemonte,Piemonte,4356406,2283786,52.42,0.3
4803,2021-04-18,PIE,22974,10819,12155,19635,2756,583,ITC,ITC1,1,Piemonte,Piemonte,4356406,2306760,52.95,0.53
4804,2021-01-08,PIE,5550,1767,3783,5548,0,2,ITC,ITC1,1,Piemonte,Piemonte,4356406,2312310,53.08,0.13
4805,2021-06-14,PIE,38099,19619,18480,30279,7098,722,ITC,ITC1,1,Piemonte,Piemonte,4356406,2350409,53.95,0.87
4806,2021-03-30,PIE,17018,7128,9890,8745,7875,398,ITC,ITC1,1,Piemonte,Piemonte,4356406,2367427,54.34,0.39
4807,2021-07-10,PIE,41288,20939,20349,6735,34004,549,ITC,ITC1,1,Piemonte,Piemonte,4356406,2408715,55.29,0.95
4808,2021-04-01,PIE,19453,8165,11288,10984,8143,326,ITC,ITC1,1,Piemonte,Piemonte,4356406,2428168,55.74,0.45
4809,2021-09-05,PIE,13037,6906,6131,4462,8101,474,ITC,ITC1,1,Piemonte,Piemonte,4356406,2441205,56.04,0.3
4810,2021-05-28,PIE,35138,16638,18500,18694,16028,416,ITC,ITC1,1,Piemonte,Piemonte,4356406,2476343,56.84,0.81
4811,2021-01-25,PIE,6233,1947,4286,977,5254,2,ITC,ITC1,1,Piemonte,Piemonte,4356406,2482576,56.99,0.14
4812,2021-07-22,PIE,41677,21938,19739,7021,34053,603,ITC,ITC1,1,Piemonte,Piemonte,4356406,2524253,57.94,0.96
4813,2021-04-13,PIE,26791,12046,14745,22627,3465,699,ITC,ITC1,1,Piemonte,Piemonte,4356406,2551044,58.56,0.61
4814,2021-01-20,PIE,6642,2097,4545,5911,724,7,ITC,ITC1,1,Piemonte,Piemonte,4356406,2557686,58.71,0.15
4815,2021-02-03,PIE,10228,3312,6916,609,9617,2,ITC,ITC1,1,Piemonte,Piemonte,4356406,2567914,58.95,0.23
4816,2021-08-07,PIE,29799,15950,13849,12640,16650,509,ITC,ITC1,1,Piemonte,Piemonte,4356406,2597713,59.63,0.68
4817,2021-04-29,PIE,48617,22026,26591,34747,12649,1221,ITC,ITC1,1,Piemonte,Piemonte,4356406,2646330,60.75,1.12
4818,2021-05-16,PIE,28231,12811,15420,14763,13092,376,ITC,ITC1,1,Piemonte,Piemonte,4356406,2674561,61.39,0.65
4819,2021-02-05,PIE,9637,3147,6490,656,8979,2,ITC,ITC1,1,Piemonte,Piemonte,4356406,2684198,61.61,0.22
4820,2021-07-26,PIE,32844,17088,15756,8314,23896,634,ITC,ITC1,1,Piemonte,Piemonte,4356406,2717042,62.37,0.75
4821,2021-04-17,PIE,30529,14175,16354,26489,3315,725,ITC,ITC1,1,Piemonte,Piemonte,4356406,2747571,63.07,0.7
4822,2021-06-13,PIE,38222,20174,18048,33304,4138,780,ITC,ITC1,1,Piemonte,Piemonte,4356406,2785793,63.95,0.88
4823,2021-02-10,PIE,7570,2383,5187,1302,6253,15,ITC,ITC1,1,Piemonte,Piemonte,4356406,2793363,64.12,0.17
4824,2021-04-08,PIE,25367,11040,14327,20067,4731,569,ITC,ITC1,1,Piemonte,Piemonte,4356406,2818730,64.7,0.58
4825,2021-07-19,PIE,39668,20639,19029,4506,34741,421,ITC,ITC1,1,Piemonte,Piemonte,4356406,2858398,65.61,0.91
4826,2021-04-10,PIE,30220,13436,16784,25290,4269,661,ITC,ITC1,1,Piemonte,Piemonte,4356406,2888618,66.31,0.69
4827,2021-03-06,PIE,14046,5234,8812,11066,2800,180,ITC,ITC1,1,Piemonte,Piemonte,4356406,2902664,66.63,0.32
4828,2021-08-10,PIE,22078,11696,10382,12517,8893,668,ITC,ITC1,1,Piemonte,Piemonte,4356406,2924742,67.14,0.51
4829,2021-01-22,PIE,3889,1256,2633,2543,1345,1,ITC,ITC1,1,Piemonte,Piemonte,4356406,2928631,67.23,0.09
4830,2021-08-21,PIE,13334,7130,6204,7716,5088,530,ITC,ITC1,1,Piemonte,Piemonte,4356406,2941965,67.53,0.31
4831,2021-09-16,PIE,14173,7534,6639,3805,9903,465,ITC,ITC1,1,Piemonte,Piemonte,4356406,2956138,67.86,0.33
4832,2021-05-30,PIE,27840,13238,14602,18061,9400,379,ITC,ITC1,1,Piemonte,Piemonte,4356406,2983978,68.5,0.64
4833,2021-02-19,PIE,5564,2187,3377,4935,504,125,ITC,ITC1,1,Piemonte,Piemonte,4356406,2989542,68.62,0.13
4834,2021-06-04,PIE,37717,19729,17988,34112,2972,633,ITC,ITC1,1,Piemonte,Piemonte,4356406,3027259,69.49,0.87
4835,2021-06-25,PIE,45630,22733,22897,20293,24602,735,ITC,ITC1,1,Piemonte,Piemonte,4356406,3072889,70.54,1.05
4836,2021-04-03,PIE,19529,8229,11300,10634,8579,316,ITC,ITC1,1,Piemonte,Piemonte,4356406,3092418,70.99,0.45
4837,2021-01-10,PIE,5247,2289,2958,5244,0,3,ITC,ITC1,1,Piemonte,Piemonte,4356406,3097665,71.11,0.12
4838,2021-07-14,PIE,39086,20100,18986,3602,35057,427,ITC,ITC1,1,Piemonte,Piemonte,4356406,3136751,72.0,0.9
4839,2021-08-31,PIE,19033,10038,8995,6826,11647,560,ITC,ITC1,1,Piemonte,Piemonte,4356406,3155784,72.44,0.44
4840,2021-09-17,PIE,13376,7177,6199,4493,8380,503,ITC,ITC1,1,Piemonte,Piemonte,4356406,3169160,72.75,0.31
4841,2021-06-09,PIE,38765,20419,18346,35211,2751,803,ITC,ITC1,1,Piemonte,Piemonte,4356406,3207925,73.64,0.89
4842,2021-03-18,PIE,11787,4818,6969,3843,7749,195,ITC,ITC1,1,Piemonte,Piemonte,4356406,3219712,73.91,0.27
4843,2021-03-03,PIE,12391,4871,7520,11374,821,196,ITC,ITC1,1,Piemonte,Piemonte,4356406,3232103,74.19,0.28
4844,2021-08-09,PIE,24779,12924,11855,12048,12002,729,ITC,ITC1,1,Piemonte,Piemonte,4356406,3256882,74.76,0.57
4845,2021-08-26,PIE,16914,9158,7756,8126,8031,757,ITC,ITC1,1,Piemonte,Piemonte,4356406,3273796,75.15,0.39
4846,2021-05-18,PIE,32262,14883,17379,19119,12692,451,ITC,ITC1,1,Piemonte,Piemonte,4356406,3306058,75.89,0.74
4847,2021-09-09,PIE,15942,8278,7664,6070,9107,765,ITC,ITC1,1,Piemonte,Piemonte,4356406,3322000,76.26,0.37
4848,2021-07-02,PIE,43857,22066,21791,17387,25596,874,ITC,ITC1,1,Piemonte,Piemonte,4356406,3365857,77.26,1.01
4849,2021-08-28,PIE,17510,9222,8288,7306,9568,636,ITC,ITC1,1,Piemonte,Piemonte,4356406,3383367,77.66,0.4
4850,2021-05-13,PIE,35802,17591,18211,19918,15154,730,ITC,ITC1,1,Piemonte,Piemonte,4356406,3419169,78.49,0.82
4851,2021-02-02,PIE,10292,3525,6767,814,9477,1,ITC,ITC1,1,Piemonte,Piemonte,4356406,3429461,78.72,0.24
4852,2021-07-09,PIE,40507,20668,19839,5771,34197,539,ITC,ITC1,1,Piemonte,Piemonte,4356406,3469968,79.65,0.93
4853,2021-03-31,PIE,19156,8135,11021,10112,8700,344,ITC,ITC1,1,Piemonte,Piemonte,4356406,3489124,80.09,0.44
4854,2021-09-04,PIE,18587,9718,8869,6345,11524,718,ITC,ITC1,1,Piemonte,Piemonte,4356406,3507711,80.52,0.43
4855,2021-05-27,PIE,37539,17451,20088,18875,18211,453,ITC,ITC1,1,Piemonte,Piemonte,4356406,3545250,81.38,0.86
4856,2021-02-16,PIE,3990,1768,2222,3178,765,47,ITC,ITC1,1,Piemonte,Piemonte,4356406,3549240,81.47,0.09
4857,2021-04-22,PIE,27702,12756,14946,20202,6698,802,ITC,ITC1,1,Piemonte,Piemonte,4356406,3576942,82.11,0.64
4858,2021-01-12,PIE,10111,3423,6688,10105,0,6,ITC,ITC1,1,Piemonte,Piemonte,4356406,3587053,82.34,0.23
4859,2021-01-29,PIE,5962,1894,4068,454,5508,0,ITC,ITC1,1,Piemonte,Piemonte,4356406,3593015,82.48,0.14
4860,2021-03-20,PIE,11951,4906,7045,5783,5916,252,ITC,ITC1,1,Piemonte,Piemonte,4356406,3604966,82.75,0.27
4861,2021-06-18,PIE,40748,20371,20377,25809,14246,693,ITC,ITC1,1,Piemonte,Piemonte,4356406,3645714,83.69,0.94
4862,2021-03-10,PIE,13959,5455,8504,11393,2295,271,ITC,ITC1,1,Piemonte,Piemonte,4356406,3659673,84.01,0.32
4863,2021-03-27,PIE,18434,7841,10593,9142,8836,456,ITC,ITC1,1,Piemonte,Piemonte,4356406,3678107,84.43,0.42
4864,2021-04-15,PIE,29673,13599,16074,23422,5555,696,ITC,ITC1,1,Piemonte,Piemonte,4356406,3707780,85.11,0.68
4865,2021-01-05,PIE,5406,1617,3789,5399,0,7,ITC,ITC1,1,Piemonte,Piemonte,4356406,3713186,85.24,0.12
4866,2021-06-22,PIE,40727,20137,20590,17816,22341,570,ITC,ITC1,1,Piemonte,Piemonte,4356406,3753913,86.17,0.93
4867,2021-01-07,PIE,5404,1741,3663,5402,0,2,ITC,ITC1,1,Piemonte,Piemonte,4356406,3759317,86.29,0.12
4868,2021-03-05,PIE,15679,6311,9368,11559,3839,281,ITC,ITC1,1,Piemonte,Piemonte,4356406,3774996,86.65,0.36
4869,2021-01-03,PIE,3069,973,2096,3068,0,1,ITC,ITC1,1,Piemonte,Piemonte,4356406,3778065,86.72,0.07
4870,2021-07-07,PIE,38076,18921,19155,9712,27767,597,ITC,ITC1,1,Piemonte,Piemonte,4356406,3816141,87.6,0.87
4871,2021-03-29,PIE,15276,6488,8788,8391,6615,270,ITC,ITC1,1,Piemonte,Piemonte,4356406,3831417,87.95,0.35
4872,2021-07-21,PIE,38075,20198,17877,6559,30987,529,ITC,ITC1,1,Piemonte,Piemonte,4356406,3869492,88.82,0.87
4873,2021-02-28,PIE,10847,4067,6780,10426,241,180,ITC,ITC1,1,Piemonte,Piemonte,4356406,3880339,89.07,0.25
4874,2021-03-17,PIE,12540,5066,7474,5042,7309,189,ITC,ITC1,1,Piemonte,Piemonte,4356406,3892879,89.36,0.29
4875,2021-06-10,PIE,40621,21235,19386,37139,2593,889,ITC,ITC1,1,Piemonte,Piemonte,4356406,3933500,90.29,0.93
4876,2021-03-24,PIE,15630,6419,9211,6124,9140,366,ITC,ITC1,1,Piemonte,Piemonte,4356406,3949130,90.65,0.36
4877,2021-05-20,PIE,38728,17992,20736,13373,24993,362,ITC,ITC1,1,Piemonte,Piemonte,4356406,3987858,91.54,0.89
4878,2021-02-09,PIE,7415,2321,5094,719,6694,2,ITC,ITC1,1,Piemonte,Piemonte,4356406,3995273,91.71,0.17
4879,2021-07-16,PIE,42158,22020,20138,3610,38127,421,ITC,ITC1,1,Piemonte,Piemonte,4356406,4037431,92.68,0.97
4880,2021-04-07,PIE,23721,10047,13674,17718,5463,540,ITC,ITC1,1,Piemonte,Piemonte,4356406,4061152,93.22,0.54
4881,2021-08-14,PIE,15133,8150,6983,9801,4765,567,ITC,ITC1,1,Piemonte,Piemonte,4356406,4076285,93.57,0.35
4882,2021-05-06,PIE,33506,15827,17679,19331,13566,609,ITC,ITC1,1,Piemonte,Piemonte,4356406,4109791,94.34,0.77
4883,2021-05-23,PIE,28834,13176,15658,15492,13022,320,ITC,ITC1,1,Piemonte,Piemonte,4356406,4138625,95.0,0.66
4884,2021-02-12,PIE,6925,2227,4698,3925,2975,25,ITC,ITC1,1,Piemonte,Piemonte,4356406,4145550,95.16,0.16
4885,2021-03-01,PIE,12190,4968,7222,11197,813,180,ITC,ITC1,1,Piemonte,Piemonte,4356406,4157740,95.44,0.28
4886,2021-09-02,PIE,16876,8792,8084,6151,10081,644,ITC,ITC1,1,Piemonte,Piemonte,4356406,4174616,95.83,0.39
4887,2021-05-25,PIE,31947,14803,17144,15647,15903,397,ITC,ITC1,1,Piemonte,Piemonte,4356406,4206563,96.56,0.73
4888,2021-06-11,PIE,43702,23121,20581,40032,2843,827,ITC,ITC1,1,Piemonte,Piemonte,4356406,4250265,97.56,1.0
4889,2021-02-24,PIE,11419,4618,6801,10760,505,154,ITC,ITC1,1,Piemonte,Piemonte,4356406,4261684,97.83,0.26
4890,2021-09-14,PIE,15801,8249,7552,5159,9925,717,ITC,ITC1,1,Piemonte,Piemonte,4356406,4277485,98.19,0.36
4891,2021-06-06,PIE,35178,18377,16801,32130,2491,557,ITC,ITC1,1,Piemonte,Piemonte,4356406,4312663,99.0,0.81
4892,2021-08-02,PIE,30044,15866,14178,9405,20073,566,ITC,ITC1,1,Piemonte,Piemonte,4356406,4342707,99.69,0.69
4893,2021-02-17,PIE,4818,2171,2647,3764,991,63,ITC,ITC1,1,Piemonte,Piemonte,4356406,4347525,99.8,0.11
4894,2021-01-19,PIE,6480,2110,4370,6462,9,9,ITC,ITC1,1,Piemonte,Piemonte,4356406,4354005,99.94,0.15
4895,2021-07-23,PIE,38181,20131,18050,8038,29507,636,ITC,ITC1,1,Piemonte,Piemonte,4356406,4392186,100.82,0.88
4896,2021-04-14,PIE,28387,12852,15535,23074,4586,727,ITC,ITC1,1,Piemonte,Piemonte,4356406,4420573,101.47,0.65
4897,2021-08-06,PIE,30506,16132,14374,13294,16508,704,ITC,ITC1,1,Piemonte,Piemonte,4356406,4451079,102.17,0.7
4898,2021-08-25,PIE,16454,8869,7585,8289,7441,724,ITC,ITC1,1,Piemonte,Piemonte,4356406,4467533,102.55,0.38
4899,2021-09-11,PIE,17472,9176,8296,5405,11331,736,ITC,ITC1,1,Piemonte,Piemonte,4356406,4485005,102.95,0.4
4900,2021-06-03,PIE,34832,18032,16800,29780,4501,551,ITC,ITC1,1,Piemonte,Piemonte,4356406,4519837,103.75,0.8
4901,2021-07-28,PIE,34848,18110,16738,9179,25058,611,ITC,ITC1,1,Piemonte,Piemonte,4356406,4554685,104.55,0.8
4902,2021-06-15,PIE,39040,20103,18937,26546,11797,697,ITC,ITC1,1,Piemonte,Piemonte,4356406,4593725,105.45,0.9
4903,2021-03-07,PIE,12011,4675,7336,10880,877,254,ITC,ITC1,1,Piemonte,Piemonte,4356406,4605736,105.72,0.28
4904,2020-12-31,PIE,3896,1329,2567,3896,0,0,ITC,ITC1,1,Piemonte,Piemonte,4356406,4609632,105.81,0.09
4905,2021-06-27,PIE,37600,18630,18970,15216,21772,612,ITC,ITC1,1,Piemonte,Piemonte,4356406,4647232,106.68,0.86
4906,2021-03-19,PIE,11048,4525,6523,4226,6612,210,ITC,ITC1,1,Piemonte,Piemonte,4356406,4658280,106.93,0.25
4907,2021-04-05,PIE,14777,6249,8528,11961,2563,253,ITC,ITC1,1,Piemonte,Piemonte,4356406,4673057,107.27,0.34
4908,2021-06-29,PIE,40678,20317,20361,19231,20732,715,ITC,ITC1,1,Piemonte,Piemonte,4356406,4713735,108.2,0.93
4909,2021-04-12,PIE,22981,10374,12607,19460,2995,526,ITC,ITC1,1,Piemonte,Piemonte,4356406,4736716,108.73,0.53
4910,2021-01-02,PIE,3553,1134,2419,3552,0,1,ITC,ITC1,1,Piemonte,Piemonte,4356406,4740269,108.81,0.08
4911,2021-05-01,PIE,28630,13037,15593,16352,11823,455,ITC,ITC1,1,Piemonte,Piemonte,4356406,4768899,109.47,0.66
4912,2021-01-21,PIE,6889,2317,4572,3377,3506,6,ITC,ITC1,1,Piemonte,Piemonte,4356406,4775788,109.63,0.16
4913,2021-08-23,PIE,18386,9886,8500,8855,8939,592,ITC,ITC1,1,Piemonte,Piemonte,4356406,4794174,110.05,0.42
4914,2021-05-15,PIE,33850,15783,18067,19425,13745,680,ITC,ITC1,1,Piemonte,Piemonte,4356406,4828024,110.83,0.78
4915,2021-08-18,PIE,18139,9794,8345,11623,5769,747,ITC,ITC1,1,Piemonte,Piemonte,4356406,4846163,111.24,0.42
4916,2021-04-19,PIE,22594,10785,11809,17671,4358,565,ITC,ITC1,1,Piemonte,Piemonte,4356406,4868757,111.76,0.52
4917,2021-01-09,PIE,6205,2197,4008,6203,0,2,ITC,ITC1,1,Piemonte,Piemonte,4356406,4874962,111.9,0.14
4918,2021-01-26,PIE,6363,1897,4466,737,5625,1,ITC,ITC1,1,Piemonte,Piemonte,4356406,4881325,112.05,0.15
4919,2021-07-30,PIE,35886,18739,17147,9560,25787,539,ITC,ITC1,1,Piemonte,Piemonte,4356406,4917211,112.87,0.82
4920,2021-08-16,PIE,19265,10229,9036,11590,6817,858,ITC,ITC1,1,Piemonte,Piemonte,4356406,4936476,113.32,0.44
4921,2021-05-08,PIE,34384,16307,18077,18178,15672,534,ITC,ITC1,1,Piemonte,Piemonte,4356406,4970860,114.1,0.79
4922,2021-01-28,PIE,5614,1816,3798,380,5234,0,ITC,ITC1,1,Piemonte,Piemonte,4356406,4976474,114.23,0.13
4923,2021-02-14,PIE,1483,501,982,871,605,7,ITC,ITC1,1,Piemonte,Piemonte,4356406,4977957,114.27,0.03
4924,2021-06-08,PIE,37777,19538,18239,34202,2857,718,ITC,ITC1,1,Piemonte,Piemonte,4356406,5015734,115.13,0.87
4925,2021-08-04,PIE,29349,15518,13831,8966,19858,525,ITC,ITC1,1,Piemonte,Piemonte,4356406,5045083,115.81,0.67
4926,2021-04-26,PIE,19845,8769,11076,14928,4402,515,ITC,ITC1,1,Piemonte,Piemonte,4356406,5064928,116.26,0.46
4927,2021-08-11,PIE,23467,12621,10846,13444,9364,659,ITC,ITC1,1,Piemonte,Piemonte,4356406,5088395,116.8,0.54
4928,2021-05-03,PIE,26726,12221,14505,12050,14229,447,ITC,ITC1,1,Piemonte,Piemonte,4356406,5115121,117.42,0.61
4929,2021-02-26,PIE,12324,4944,7380,11370,743,211,ITC,ITC1,1,Piemonte,Piemonte,4356406,5127445,117.7,0.28
4930,2021-04-24,PIE,27579,12468,15111,21340,5667,572,ITC,ITC1,1,Piemonte,Piemonte,4356406,5155024,118.33,0.63
4931,2021-01-14,PIE,9802,3160,6642,9796,0,6,ITC,ITC1,1,Piemonte,Piemonte,4356406,5164826,118.56,0.23
4932,2021-06-01,PIE,29639,14884,14755,24514,4687,438,ITC,ITC1,1,Piemonte,Piemonte,4356406,5194465,119.24,0.68
4933,2021-02-21,PIE,5105,2090,3015,4951,104,50,ITC,ITC1,1,Piemonte,Piemonte,4356406,5199570,119.35,0.12
4934,2021-06-20,PIE,34144,17119,17025,18793,14783,568,ITC,ITC1,1,Piemonte,Piemonte,4356406,5233714,120.14,0.78
4935,2021-03-12,PIE,14240,5414,8826,10997,2950,293,ITC,ITC1,1,Piemonte,Piemonte,4356406,5247954,120.47,0.33
4936,2021-07-04,PIE,33868,17067,16801,11246,21988,634,ITC,ITC1,1,Piemonte,Piemonte,4356406,5281822,121.24,0.78
4937,2021-03-26,PIE,17962,7142,10820,8541,8889,532,ITC,ITC1,1,Piemonte,Piemonte,4356406,5299784,121.65,0.41
4938,2021-01-13,PIE,10118,3240,6878,10109,0,9,ITC,ITC1,1,Piemonte,Piemonte,4356406,5309902,121.89,0.23
4939,2021-06-16,PIE,40503,20285,20218,23577,16287,639,ITC,ITC1,1,Piemonte,Piemonte,4356406,5350405,122.82,0.93
4940,2021-08-12,PIE,22083,11847,10236,13486,7829,768,ITC,ITC1,1,Piemonte,Piemonte,4356406,5372488,123.32,0.51
4941,2021-01-06,PIE,3119,1106,2013,3118,0,1,ITC,ITC1,1,Piemonte,Piemonte,4356406,5375607,123.4,0.07
4942,2021-08-05,PIE,30371,16104,14267,11244,18558,569,ITC,ITC1,1,Piemonte,Piemonte,4356406,5405978,124.09,0.7
4943,2021-06-23,PIE,39839,19788,20051,16425,22904,510,ITC,ITC1,1,Piemonte,Piemonte,4356406,5445817,125.01,0.91
4944,2021-08-19,PIE,15902,8556,7346,10565,4604,733,ITC,ITC1,1,Piemonte,Piemonte,4356406,5461719,125.37,0.37
4945,2021-03-08,PIE,14312,5606,8706,11352,2717,243,ITC,ITC1,1,Piemonte,Piemonte,4356406,5476031,125.7,0.33
4946,2021-05-04,PIE,31671,14636,17035,17313,13761,597,ITC,ITC1,1,Piemonte,Piemonte,4356406,5507702,126.43,0.73
4947,2021-01-24,PIE,3161,964,2197,435,2724,2,ITC,ITC1,1,Piemonte,Piemonte,4356406,5510863,126.5,0.07
4948,2021-06-30,PIE,41364,20216,21148,18499,21980,885,ITC,ITC1,1,Piemonte,Piemonte,4356406,5552227,127.45,0.95
4949,2021-03-22,PIE,11546,4899,6647,3720,7609,217,ITC,ITC1,1,Piemonte,Piemonte,4356406,5563773,127.71,0.27
4950,2021-04-27,PIE,22670,10238,12432,16846,5166,658,ITC,ITC1,1,Piemonte,Piemonte,4356406,5586443,128.24,0.52
4951,2021-01-17,PIE,3532,1169,2363,2880,650,2,ITC,ITC1,1,Piemonte,Piemonte,4356406,5589975,128.32,0.08
4952,2021-03-15,PIE,10710,4201,6509,4939,5615,156,ITC,ITC1,1,Piemonte,Piemonte,4356406,5600685,128.56,0.25
4953,2021-05-11,PIE,32342,15588,16754,18433,13262,647,ITC,ITC1,1,Piemonte,Piemonte,4356406,5633027,129.3,0.74
4954,2021-01-31,PIE,4155,1769,2386,114,4041,0,ITC,ITC1,1,Piemonte,Piemonte,4356406,5637182,129.4,0.1
4955,2021-07-18,PIE,32939,17274,15665,3251,29352,336,ITC,ITC1,1,Piemonte,Piemonte,4356406,5670121,130.16,0.76
4956,2021-09-13,PIE,16590,8580,8010,5471,10334,785,ITC,ITC1,1,Piemonte,Piemonte,4356406,5686711,130.54,0.38
4957,2021-02-07,PIE,3103,977,2126,446,2656,1,ITC,ITC1,1,Piemonte,Piemonte,4356406,5689814,130.61,0.07
4958,2021-07-11,PIE,33232,16937,16295,4533,28376,323,ITC,ITC1,1,Piemonte,Piemonte,4356406,5723046,131.37,0.76
4959,2021-09-06,PIE,18225,9537,8688,6111,11417,697,ITC,ITC1,1,Piemonte,Piemonte,4356406,5741271,131.79,0.42
4960,2021-08-30,PIE,20931,10939,9992,7228,13029,674,ITC,ITC1,1,Piemonte,Piemonte,4356406,5762202,132.27,0.48
4961,2021-05-22,PIE,33595,15172,18423,16929,16253,413,ITC,ITC1,1,Piemonte,Piemonte,4356406,5795797,133.04,0.77
4962,2021-08-01,SAR,3055,1502,1553,1031,1988,36,ITG,ITG2,20,Sardegna,Sardegna,1639591,3055,0.19,0.19
4963,2021-04-23,SAR,13069,5792,7277,7361,5556,152,ITG,ITG2,20,Sardegna,Sardegna,1639591,16124,0.98,0.8
4964,2021-05-10,SAR,9949,4417,5532,7208,2560,181,ITG,ITG2,20,Sardegna,Sardegna,1639591,26073,1.59,0.61
4965,2021-01-30,SAR,3945,1425,2520,367,3578,0,ITG,ITG2,20,Sardegna,Sardegna,1639591,30018,1.83,0.24
4966,2021-04-09,SAR,12486,5529,6957,7935,4403,148,ITG,ITG2,20,Sardegna,Sardegna,1639591,42504,2.59,0.76
4967,2021-07-20,SAR,16150,7931,8219,3653,12406,91,ITG,ITG2,20,Sardegna,Sardegna,1639591,58654,3.58,0.99
4968,2021-04-11,SAR,5416,2450,2966,4263,1124,29,ITG,ITG2,20,Sardegna,Sardegna,1639591,64070,3.91,0.33
4969,2021-09-15,SAR,10219,5545,4674,2043,8066,110,ITG,ITG2,20,Sardegna,Sardegna,1639591,74289,4.53,0.62
4970,2021-06-07,SAR,12567,6145,6422,9438,3007,122,ITG,ITG2,20,Sardegna,Sardegna,1639591,86856,5.3,0.77
4971,2021-06-19,SAR,15351,7519,7832,9120,6132,99,ITG,ITG2,20,Sardegna,Sardegna,1639591,102207,6.23,0.94
4972,2021-07-06,SAR,15935,7722,8213,4660,11175,100,ITG,ITG2,20,Sardegna,Sardegna,1639591,118142,7.21,0.97
4973,2021-03-28,SAR,4631,1828,2803,4476,79,76,ITG,ITG2,20,Sardegna,Sardegna,1639591,122773,7.49,0.28
4974,2021-01-04,SAR,609,230,379,609,0,0,ITG,ITG2,20,Sardegna,Sardegna,1639591,123382,7.53,0.04
4975,2021-08-27,SAR,8385,4495,3890,4908,3334,143,ITG,ITG2,20,Sardegna,Sardegna,1639591,131767,8.04,0.51
4976,2021-05-19,SAR,17081,8682,8399,12631,4279,171,ITG,ITG2,20,Sardegna,Sardegna,1639591,148848,9.08,1.04
4977,2021-06-05,SAR,17889,8441,9448,11285,6469,135,ITG,ITG2,20,Sardegna,Sardegna,1639591,166737,10.17,1.09
4978,2021-02-25,SAR,2940,1275,1665,2297,608,35,ITG,ITG2,20,Sardegna,Sardegna,1639591,169677,10.35,0.18
4979,2021-03-14,SAR,613,379,234,602,1,10,ITG,ITG2,20,Sardegna,Sardegna,1639591,170290,10.39,0.04
4980,2021-01-16,SAR,1498,530,968,1498,0,0,ITG,ITG2,20,Sardegna,Sardegna,1639591,171788,10.48,0.09
4981,2021-08-15,SAR,19,10,9,9,10,0,ITG,ITG2,20,Sardegna,Sardegna,1639591,171807,10.48,0.0
4982,2021-02-11,SAR,1322,490,832,1207,115,0,ITG,ITG2,20,Sardegna,Sardegna,1639591,173129,10.56,0.08
4983,2021-09-10,SAR,10289,5472,4817,2647,7472,170,ITG,ITG2,20,Sardegna,Sardegna,1639591,183418,11.19,0.63
4984,2021-09-01,SAR,8247,4310,3937,3116,5042,89,ITG,ITG2,20,Sardegna,Sardegna,1639591,191665,11.69,0.5
4985,2021-05-24,SAR,14491,7259,7232,8360,5999,132,ITG,ITG2,20,Sardegna,Sardegna,1639591,206156,12.57,0.88
4986,2021-02-13,SAR,1458,563,895,1452,2,4,ITG,ITG2,20,Sardegna,Sardegna,1639591,207614,12.66,0.09
4987,2021-03-09,SAR,5563,2755,2808,4758,732,73,ITG,ITG2,20,Sardegna,Sardegna,1639591,213177,13.0,0.34
4988,2021-08-13,SAR,9952,5420,4532,6317,3516,119,ITG,ITG2,20,Sardegna,Sardegna,1639591,223129,13.61,0.61
4989,2021-05-05,SAR,10284,4679,5605,8009,2064,211,ITG,ITG2,20,Sardegna,Sardegna,1639591,233413,14.24,0.63
4990,2021-07-01,SAR,19833,9763,10070,7254,12484,95,ITG,ITG2,20,Sardegna,Sardegna,1639591,253246,15.45,1.21
4991,2021-03-23,SAR,6502,2906,3596,5229,1090,183,ITG,ITG2,20,Sardegna,Sardegna,1639591,259748,15.84,0.4
4992,2021-07-15,SAR,18778,9236,9542,4645,14031,102,ITG,ITG2,20,Sardegna,Sardegna,1639591,278526,16.99,1.15
4993,2021-06-12,SAR,14755,7194,7561,9935,4702,118,ITG,ITG2,20,Sardegna,Sardegna,1639591,293281,17.89,0.9
4994,2021-03-04,SAR,4394,2314,2080,3068,1260,66,ITG,ITG2,20,Sardegna,Sardegna,1639591,297675,18.16,0.27
4995,2021-03-21,SAR,4054,1815,2239,2586,1441,27,ITG,ITG2,20,Sardegna,Sardegna,1639591,301729,18.4,0.25
4996,2021-02-04,SAR,2302,825,1477,915,1384,3,ITG,ITG2,20,Sardegna,Sardegna,1639591,304031,18.54,0.14
4997,2021-04-02,SAR,9330,3625,5705,5924,3252,154,ITG,ITG2,20,Sardegna,Sardegna,1639591,313361,19.11,0.57
4998,2021-07-13,SAR,17810,8524,9286,3253,14479,78,ITG,ITG2,20,Sardegna,Sardegna,1639591,331171,20.2,1.09
4999,2021-04-04,SAR,2,1,1,0,2,0,ITG,ITG2,20,Sardegna,Sardegna,1639591,331173,20.2,0.0
5000,2021-07-08,SAR,18445,8972,9473,3832,14528,85,ITG,ITG2,20,Sardegna,Sardegna,1639591,349618,21.32,1.12
5001,2021-07-25,SAR,4343,2142,2201,862,3466,15,ITG,ITG2,20,Sardegna,Sardegna,1639591,353961,21.59,0.26
5002,2021-04-16,SAR,14606,6530,8076,9004,5423,179,ITG,ITG2,20,Sardegna,Sardegna,1639591,368567,22.48,0.89
5003,2021-01-23,SAR,61,23,38,0,61,0,ITG,ITG2,20,Sardegna,Sardegna,1639591,368628,22.48,0.0
5004,2021-04-30,SAR,11316,5344,5972,6823,4301,192,ITG,ITG2,20,Sardegna,Sardegna,1639591,379944,23.17,0.69
5005,2021-05-17,SAR,12846,6269,6577,9140,3556,150,ITG,ITG2,20,Sardegna,Sardegna,1639591,392790,23.96,0.78
5006,2021-02-06,SAR,1983,706,1277,566,1414,3,ITG,ITG2,20,Sardegna,Sardegna,1639591,394773,24.08,0.12
5007,2021-02-23,SAR,1579,1052,527,1280,282,17,ITG,ITG2,20,Sardegna,Sardegna,1639591,396352,24.17,0.1
5008,2021-05-29,SAR,18031,8658,9373,13249,4612,170,ITG,ITG2,20,Sardegna,Sardegna,1639591,414383,25.27,1.1
5009,2021-02-18,SAR,1898,738,1160,1794,64,40,ITG,ITG2,20,Sardegna,Sardegna,1639591,416281,25.39,0.12
5010,2021-09-08,SAR,12255,6568,5687,3187,8926,142,ITG,ITG2,20,Sardegna,Sardegna,1639591,428536,26.14,0.75
5011,2021-05-31,SAR,11372,5409,5963,8162,3112,98,ITG,ITG2,20,Sardegna,Sardegna,1639591,439908,26.83,0.69
5012,2021-07-27,SAR,16535,8385,8150,4216,12208,111,ITG,ITG2,20,Sardegna,Sardegna,1639591,456443,27.84,1.01
5013,2021-08-08,SAR,1884,979,905,1020,841,23,ITG,ITG2,20,Sardegna,Sardegna,1639591,458327,27.95,0.11
5014,2021-06-26,SAR,19164,9013,10151,5451,13635,78,ITG,ITG2,20,Sardegna,Sardegna,1639591,477491,29.12,1.17
5015,2021-08-22,SAR,1162,650,512,403,756,3,ITG,ITG2,20,Sardegna,Sardegna,1639591,478653,29.19,0.07
5016,2021-03-02,SAR,3062,1636,1426,1824,1162,76,ITG,ITG2,20,Sardegna,Sardegna,1639591,481715,29.38,0.19
5017,2021-04-28,SAR,9127,4310,4817,5211,3764,152,ITG,ITG2,20,Sardegna,Sardegna,1639591,490842,29.94,0.56
5018,2021-01-18,SAR,912,329,583,783,129,0,ITG,ITG2,20,Sardegna,Sardegna,1639591,491754,29.99,0.06
5019,2021-06-24,SAR,19202,9213,9989,8111,10985,106,ITG,ITG2,20,Sardegna,Sardegna,1639591,510956,31.16,1.17
5020,2021-03-16,SAR,4447,1967,2480,3472,930,45,ITG,ITG2,20,Sardegna,Sardegna,1639591,515403,31.43,0.27
5021,2021-08-03,SAR,14575,7510,7065,7514,6863,198,ITG,ITG2,20,Sardegna,Sardegna,1639591,529978,32.32,0.89
5022,2021-08-20,SAR,10174,5352,4822,4794,5230,150,ITG,ITG2,20,Sardegna,Sardegna,1639591,540152,32.94,0.62
5023,2021-05-12,SAR,11227,5282,5945,7859,3155,213,ITG,ITG2,20,Sardegna,Sardegna,1639591,551379,33.63,0.68
5024,2021-09-03,SAR,8717,4701,4016,3079,5544,94,ITG,ITG2,20,Sardegna,Sardegna,1639591,560096,34.16,0.53
5025,2020-12-28,SAR,69,27,42,69,0,0,ITG,ITG2,20,Sardegna,Sardegna,1639591,560165,34.16,0.0
5026,2021-01-13,SAR,579,182,397,579,0,0,ITG,ITG2,20,Sardegna,Sardegna,1639591,560744,34.2,0.04
5027,2021-06-16,SAR,17637,8278,9359,12164,5312,161,ITG,ITG2,20,Sardegna,Sardegna,1639591,578381,35.28,1.08
5028,2021-07-24,SAR,12385,6386,5999,1993,10363,29,ITG,ITG2,20,Sardegna,Sardegna,1639591,590766,36.03,0.76
5029,2021-08-10,SAR,14246,7511,6735,6256,7828,162,ITG,ITG2,20,Sardegna,Sardegna,1639591,605012,36.9,0.87
5030,2021-05-02,SAR,6076,2727,3349,5296,677,103,ITG,ITG2,20,Sardegna,Sardegna,1639591,611088,37.27,0.37
5031,2021-02-08,SAR,1477,536,941,859,617,1,ITG,ITG2,20,Sardegna,Sardegna,1639591,612565,37.36,0.09
5032,2021-08-12,SAR,12484,6616,5868,6629,5687,168,ITG,ITG2,20,Sardegna,Sardegna,1639591,625049,38.12,0.76
5033,2021-02-22,SAR,1652,955,697,1392,234,26,ITG,ITG2,20,Sardegna,Sardegna,1639591,626701,38.22,0.1
5034,2021-03-11,SAR,6464,3111,3353,5172,1209,83,ITG,ITG2,20,Sardegna,Sardegna,1639591,633165,38.62,0.39
5035,2021-05-07,SAR,14623,6665,7958,9785,4558,280,ITG,ITG2,20,Sardegna,Sardegna,1639591,647788,39.51,0.89
5036,2021-01-27,SAR,1436,506,930,78,1358,0,ITG,ITG2,20,Sardegna,Sardegna,1639591,649224,39.6,0.09
5037,2021-07-03,SAR,15846,7564,8282,3234,12578,34,ITG,ITG2,20,Sardegna,Sardegna,1639591,665070,40.56,0.97
5038,2021-03-25,SAR,9282,4022,5260,7822,1309,151,ITG,ITG2,20,Sardegna,Sardegna,1639591,674352,41.13,0.57
5039,2021-08-29,SAR,467,250,217,355,98,14,ITG,ITG2,20,Sardegna,Sardegna,1639591,674819,41.16,0.03
5040,2021-05-21,SAR,22799,11233,11566,16386,6133,280,ITG,ITG2,20,Sardegna,Sardegna,1639591,697618,42.55,1.39
5041,2021-04-18,SAR,5155,2237,2918,2239,2886,30,ITG,ITG2,20,Sardegna,Sardegna,1639591,702773,42.86,0.31
5042,2021-01-08,SAR,3353,1238,2115,3351,0,2,ITG,ITG2,20,Sardegna,Sardegna,1639591,706126,43.07,0.2
5043,2021-06-02,SAR,9786,4692,5094,8060,1640,86,ITG,ITG2,20,Sardegna,Sardegna,1639591,715912,43.66,0.6
5044,2021-07-29,SAR,17896,9042,8854,6524,11205,167,ITG,ITG2,20,Sardegna,Sardegna,1639591,733808,44.76,1.09
5045,2021-04-20,SAR,11198,5067,6131,7797,3297,104,ITG,ITG2,20,Sardegna,Sardegna,1639591,745006,45.44,0.68
5046,2021-07-17,SAR,12870,6302,6568,3178,9625,67,ITG,ITG2,20,Sardegna,Sardegna,1639591,757876,46.22,0.78
5047,2021-07-31,SAR,10321,5458,4863,5276,4964,81,ITG,ITG2,20,Sardegna,Sardegna,1639591,768197,46.85,0.63
5048,2021-08-19,SAR,10761,5689,5072,5732,4896,133,ITG,ITG2,20,Sardegna,Sardegna,1639591,778958,47.51,0.66
5049,2021-06-14,SAR,13752,6643,7109,9791,3817,144,ITG,ITG2,20,Sardegna,Sardegna,1639591,792710,48.35,0.84
5050,2021-03-06,SAR,2950,1219,1731,1081,1795,74,ITG,ITG2,20,Sardegna,Sardegna,1639591,795660,48.53,0.18
5051,2021-06-28,SAR,14994,7042,7952,3048,11879,67,ITG,ITG2,20,Sardegna,Sardegna,1639591,810654,49.44,0.91
5052,2021-04-06,SAR,7578,3159,4419,5062,2438,78,ITG,ITG2,20,Sardegna,Sardegna,1639591,818232,49.9,0.46
5053,2020-12-27,SAR,68,37,31,68,0,0,ITG,ITG2,20,Sardegna,Sardegna,1639591,818300,49.91,0.0
5054,2021-01-01,SAR,33,17,16,33,0,0,ITG,ITG2,20,Sardegna,Sardegna,1639591,818333,49.91,0.0
5055,2021-02-27,SAR,1930,646,1284,1326,561,43,ITG,ITG2,20,Sardegna,Sardegna,1639591,820263,50.03,0.12
5056,2021-07-22,SAR,18338,9268,9070,4508,13721,109,ITG,ITG2,20,Sardegna,Sardegna,1639591,838601,51.15,1.12
5057,2021-04-13,SAR,7707,3624,4083,5786,1855,66,ITG,ITG2,20,Sardegna,Sardegna,1639591,846308,51.62,0.47
5058,2021-09-17,SAR,7907,4352,3555,1594,6239,74,ITG,ITG2,20,Sardegna,Sardegna,1639591,854215,52.1,0.48
5059,2021-06-09,SAR,15477,7370,8107,11574,3752,151,ITG,ITG2,20,Sardegna,Sardegna,1639591,869692,53.04,0.94
5060,2021-09-12,SAR,3234,1794,1440,622,2586,26,ITG,ITG2,20,Sardegna,Sardegna,1639591,872926,53.24,0.2
5061,2021-06-04,SAR,14522,6948,7574,9787,4575,160,ITG,ITG2,20,Sardegna,Sardegna,1639591,887448,54.13,0.89
5062,2021-06-21,SAR,14039,6740,7299,5125,8838,76,ITG,ITG2,20,Sardegna,Sardegna,1639591,901487,54.98,0.86
5063,2021-03-13,SAR,2776,1086,1690,2452,281,43,ITG,ITG2,20,Sardegna,Sardegna,1639591,904263,55.15,0.17
5064,2021-03-30,SAR,8926,3623,5303,6483,2286,157,ITG,ITG2,20,Sardegna,Sardegna,1639591,913189,55.7,0.54
5065,2021-01-06,SAR,1639,556,1083,1639,0,0,ITG,ITG2,20,Sardegna,Sardegna,1639591,914828,55.8,0.1
5066,2021-03-18,SAR,7318,3096,4222,5601,1640,77,ITG,ITG2,20,Sardegna,Sardegna,1639591,922146,56.24,0.45
5067,2021-05-14,SAR,14674,6896,7778,10818,3653,203,ITG,ITG2,20,Sardegna,Sardegna,1639591,936820,57.14,0.89
5068,2021-02-03,SAR,1122,419,703,426,695,1,ITG,ITG2,20,Sardegna,Sardegna,1639591,937942,57.21,0.07
5069,2021-07-10,SAR,14242,6888,7354,2704,11503,35,ITG,ITG2,20,Sardegna,Sardegna,1639591,952184,58.07,0.87
5070,2021-04-01,SAR,10294,4106,6188,7118,3025,151,ITG,ITG2,20,Sardegna,Sardegna,1639591,962478,58.7,0.63
5071,2021-08-05,SAR,15651,8230,7421,8686,6800,165,ITG,ITG2,20,Sardegna,Sardegna,1639591,978129,59.66,0.95
5072,2021-02-20,SAR,2044,856,1188,1683,337,24,ITG,ITG2,20,Sardegna,Sardegna,1639591,980173,59.78,0.12
5073,2021-04-25,SAR,4540,2286,2254,3704,786,50,ITG,ITG2,20,Sardegna,Sardegna,1639591,984713,60.06,0.28
5074,2021-01-15,SAR,1576,575,1001,1574,0,2,ITG,ITG2,20,Sardegna,Sardegna,1639591,986289,60.15,0.1
5075,2021-08-17,SAR,10608,5535,5073,6093,4389,126,ITG,ITG2,20,Sardegna,Sardegna,1639591,996897,60.8,0.65
5076,2021-02-01,SAR,1555,620,935,226,1329,0,ITG,ITG2,20,Sardegna,Sardegna,1639591,998452,60.9,0.09
5077,2021-05-09,SAR,6181,2888,3293,5161,926,94,ITG,ITG2,20,Sardegna,Sardegna,1639591,1004633,61.27,0.38
5078,2021-05-26,SAR,15551,8197,7354,9708,5661,182,ITG,ITG2,20,Sardegna,Sardegna,1639591,1020184,62.22,0.95
5079,2021-02-15,SAR,962,349,613,923,31,8,ITG,ITG2,20,Sardegna,Sardegna,1639591,1021146,62.28,0.06
5080,2021-09-05,SAR,664,370,294,133,525,6,ITG,ITG2,20,Sardegna,Sardegna,1639591,1021810,62.32,0.04
5081,2021-05-28,SAR,18013,8716,9297,13527,4297,189,ITG,ITG2,20,Sardegna,Sardegna,1639591,1039823,63.42,1.1
5082,2021-02-17,SAR,1417,582,835,1279,74,64,ITG,ITG2,20,Sardegna,Sardegna,1639591,1041240,63.51,0.09
5083,2021-05-25,SAR,15160,7706,7454,8497,6488,175,ITG,ITG2,20,Sardegna,Sardegna,1639591,1056400,64.43,0.92
5084,2021-06-11,SAR,14785,7025,7760,9090,5539,156,ITG,ITG2,20,Sardegna,Sardegna,1639591,1071185,65.33,0.9
5085,2021-03-03,SAR,4140,2295,1845,2747,1306,87,ITG,ITG2,20,Sardegna,Sardegna,1639591,1075325,65.58,0.25
5086,2021-08-21,SAR,5622,3056,2566,3639,1893,90,ITG,ITG2,20,Sardegna,Sardegna,1639591,1080947,65.93,0.34
5087,2021-03-08,SAR,4734,2464,2270,3455,1226,53,ITG,ITG2,20,Sardegna,Sardegna,1639591,1085681,66.22,0.29
5088,2021-05-04,SAR,9685,4430,5255,7624,1905,156,ITG,ITG2,20,Sardegna,Sardegna,1639591,1095366,66.81,0.59
5089,2021-01-24,SAR,91,35,56,5,86,0,ITG,ITG2,20,Sardegna,Sardegna,1639591,1095457,66.81,0.01
5090,2021-06-18,SAR,16491,7509,8982,8603,7772,116,ITG,ITG2,20,Sardegna,Sardegna,1639591,1111948,67.82,1.01
5091,2021-03-10,SAR,6082,2965,3117,5147,856,79,ITG,ITG2,20,Sardegna,Sardegna,1639591,1118030,68.19,0.37
5092,2021-08-14,SAR,1794,1025,769,990,794,10,ITG,ITG2,20,Sardegna,Sardegna,1639591,1119824,68.3,0.11
5093,2021-05-06,SAR,13176,6066,7110,9733,3193,250,ITG,ITG2,20,Sardegna,Sardegna,1639591,1133000,69.1,0.8
5094,2021-03-01,SAR,2297,1168,1129,1599,667,31,ITG,ITG2,20,Sardegna,Sardegna,1639591,1135297,69.24,0.14
5095,2021-09-02,SAR,10323,5548,4775,3967,6243,113,ITG,ITG2,20,Sardegna,Sardegna,1639591,1145620,69.87,0.63
5096,2021-07-21,SAR,19392,9500,9892,3907,15401,84,ITG,ITG2,20,Sardegna,Sardegna,1639591,1165012,71.06,1.18
5097,2021-09-16,SAR,10576,5630,4946,1992,8479,105,ITG,ITG2,20,Sardegna,Sardegna,1639591,1175588,71.7,0.65
5098,2021-02-10,SAR,1976,775,1201,1444,526,6,ITG,ITG2,20,Sardegna,Sardegna,1639591,1177564,71.82,0.12
5099,2021-08-07,SAR,8213,4309,3904,5439,2706,68,ITG,ITG2,20,Sardegna,Sardegna,1639591,1185777,72.32,0.5
5100,2021-04-29,SAR,11278,5134,6144,6684,4431,163,ITG,ITG2,20,Sardegna,Sardegna,1639591,1197055,73.01,0.69
5101,2021-06-25,SAR,16517,7813,8704,3897,12562,58,ITG,ITG2,20,Sardegna,Sardegna,1639591,1213572,74.02,1.01
5102,2021-01-10,SAR,2220,762,1458,2219,0,1,ITG,ITG2,20,Sardegna,Sardegna,1639591,1215792,74.15,0.14
5103,2021-06-23,SAR,20549,9669,10880,6192,14264,93,ITG,ITG2,20,Sardegna,Sardegna,1639591,1236341,75.41,1.25
5104,2021-08-09,SAR,13418,6974,6444,6477,6795,146,ITG,ITG2,20,Sardegna,Sardegna,1639591,1249759,76.22,0.82
5105,2021-08-26,SAR,9428,4999,4429,5354,3947,127,ITG,ITG2,20,Sardegna,Sardegna,1639591,1259187,76.8,0.58
5106,2021-01-20,SAR,215,78,137,213,2,0,ITG,ITG2,20,Sardegna,Sardegna,1639591,1259402,76.81,0.01
5107,2021-03-29,SAR,4861,1887,2974,4169,595,97,ITG,ITG2,20,Sardegna,Sardegna,1639591,1264263,77.11,0.3
5108,2021-03-20,SAR,5223,2080,3143,2909,2286,28,ITG,ITG2,20,Sardegna,Sardegna,1639591,1269486,77.43,0.32
5109,2021-09-04,SAR,5114,2803,2311,1554,3512,48,ITG,ITG2,20,Sardegna,Sardegna,1639591,1274600,77.74,0.31
5110,2021-06-13,SAR,9502,4678,4824,6162,3260,80,ITG,ITG2,20,Sardegna,Sardegna,1639591,1284102,78.32,0.58
5111,2021-09-09,SAR,11731,6268,5463,2244,9348,139,ITG,ITG2,20,Sardegna,Sardegna,1639591,1295833,79.03,0.72
5112,2021-04-12,SAR,7062,3204,3858,5257,1728,77,ITG,ITG2,20,Sardegna,Sardegna,1639591,1302895,79.46,0.43
5113,2021-01-02,SAR,61,22,39,61,0,0,ITG,ITG2,20,Sardegna,Sardegna,1639591,1302956,79.47,0.0
5114,2021-06-08,SAR,14838,7072,7766,11169,3512,157,ITG,ITG2,20,Sardegna,Sardegna,1639591,1317794,80.37,0.9
5115,2021-02-28,SAR,368,169,199,139,227,2,ITG,ITG2,20,Sardegna,Sardegna,1639591,1318162,80.4,0.02
5116,2021-08-04,SAR,16213,8526,7687,9596,6352,265,ITG,ITG2,20,Sardegna,Sardegna,1639591,1334375,81.38,0.99
5117,2021-04-26,SAR,6951,3298,3653,5921,928,102,ITG,ITG2,20,Sardegna,Sardegna,1639591,1341326,81.81,0.42
5118,2021-05-18,SAR,14789,7387,7402,9421,5226,142,ITG,ITG2,20,Sardegna,Sardegna,1639591,1356115,82.71,0.9
5119,2021-02-24,SAR,2449,1311,1138,2212,195,42,ITG,ITG2,20,Sardegna,Sardegna,1639591,1358564,82.86,0.15
5120,2021-08-28,SAR,4163,2396,1767,2853,1251,59,ITG,ITG2,20,Sardegna,Sardegna,1639591,1362727,83.11,0.25
5121,2021-09-14,SAR,10541,5675,4866,1927,8479,135,ITG,ITG2,20,Sardegna,Sardegna,1639591,1373268,83.76,0.64
5122,2021-06-06,SAR,10038,5002,5036,6315,3654,69,ITG,ITG2,20,Sardegna,Sardegna,1639591,1383306,84.37,0.61
5123,2021-04-15,SAR,11960,5576,6384,6817,5022,121,ITG,ITG2,20,Sardegna,Sardegna,1639591,1395266,85.1,0.73
5124,2021-01-05,SAR,1358,458,900,1358,0,0,ITG,ITG2,20,Sardegna,Sardegna,1639591,1396624,85.18,0.08
5125,2021-01-22,SAR,84,47,37,56,28,0,ITG,ITG2,20,Sardegna,Sardegna,1639591,1396708,85.19,0.01
5126,2021-07-26,SAR,14608,7290,7318,4121,10410,77,ITG,ITG2,20,Sardegna,Sardegna,1639591,1411316,86.08,0.89
5127,2021-04-17,SAR,10185,4529,5656,5421,4676,88,ITG,ITG2,20,Sardegna,Sardegna,1639591,1421501,86.7,0.62
5128,2021-06-30,SAR,17772,8514,9258,4804,12886,82,ITG,ITG2,20,Sardegna,Sardegna,1639591,1439273,87.78,1.08
5129,2021-03-22,SAR,3745,1518,2227,3132,526,87,ITG,ITG2,20,Sardegna,Sardegna,1639591,1443018,88.01,0.23
5130,2021-04-08,SAR,13608,5971,7637,8333,5154,121,ITG,ITG2,20,Sardegna,Sardegna,1639591,1456626,88.84,0.83
5131,2021-07-14,SAR,16915,8191,8724,3776,13028,111,ITG,ITG2,20,Sardegna,Sardegna,1639591,1473541,89.87,1.03
5132,2020-12-29,SAR,57,32,25,57,0,0,ITG,ITG2,20,Sardegna,Sardegna,1639591,1473598,89.88,0.0
5133,2021-04-22,SAR,10629,4686,5943,5542,4993,94,ITG,ITG2,20,Sardegna,Sardegna,1639591,1484227,90.52,0.65
5134,2021-01-12,SAR,890,417,473,890,0,0,ITG,ITG2,20,Sardegna,Sardegna,1639591,1485117,90.58,0.05
5135,2021-05-13,SAR,12452,5874,6578,8769,3469,214,ITG,ITG2,20,Sardegna,Sardegna,1639591,1497569,91.34,0.76
5136,2021-02-02,SAR,1534,681,853,258,1276,0,ITG,ITG2,20,Sardegna,Sardegna,1639591,1499103,91.43,0.09
5137,2021-01-29,SAR,3046,1119,1927,45,2999,2,ITG,ITG2,20,Sardegna,Sardegna,1639591,1502149,91.62,0.19
5138,2021-08-02,SAR,13118,6603,6515,6209,6730,179,ITG,ITG2,20,Sardegna,Sardegna,1639591,1515267,92.42,0.8
5139,2021-07-23,SAR,15760,7788,7972,3404,12278,78,ITG,ITG2,20,Sardegna,Sardegna,1639591,1531027,93.38,0.96
5140,2021-04-14,SAR,8370,3929,4441,7030,1276,64,ITG,ITG2,20,Sardegna,Sardegna,1639591,1539397,93.89,0.51
5141,2021-06-01,SAR,14328,6659,7669,9637,4595,96,ITG,ITG2,20,Sardegna,Sardegna,1639591,1553725,94.76,0.87
5142,2021-02-21,SAR,1589,709,880,1558,30,1,ITG,ITG2,20,Sardegna,Sardegna,1639591,1555314,94.86,0.1
5143,2021-07-28,SAR,16793,8620,8173,6319,10326,148,ITG,ITG2,20,Sardegna,Sardegna,1639591,1572107,95.88,1.02
5144,2021-04-19,SAR,10259,4647,5612,8662,1451,146,ITG,ITG2,20,Sardegna,Sardegna,1639591,1582366,96.51,0.63
5145,2021-01-09,SAR,4087,1443,2644,4087,0,0,ITG,ITG2,20,Sardegna,Sardegna,1639591,1586453,96.76,0.25
5146,2021-06-15,SAR,14691,6811,7880,9812,4744,135,ITG,ITG2,20,Sardegna,Sardegna,1639591,1601144,97.66,0.9
5147,2021-03-07,SAR,1663,752,911,1114,545,4,ITG,ITG2,20,Sardegna,Sardegna,1639591,1602807,97.76,0.1
5148,2021-01-03,SAR,90,36,54,90,0,0,ITG,ITG2,20,Sardegna,Sardegna,1639591,1602897,97.76,0.01
5149,2021-07-07,SAR,15909,7729,8180,4084,11772,53,ITG,ITG2,20,Sardegna,Sardegna,1639591,1618806,98.73,0.97
5150,2021-07-02,SAR,18944,8892,10052,4404,14441,99,ITG,ITG2,20,Sardegna,Sardegna,1639591,1637750,99.89,1.16
5151,2021-04-27,SAR,7759,3593,4166,5573,2072,114,ITG,ITG2,20,Sardegna,Sardegna,1639591,1645509,100.36,0.47
5152,2021-01-17,SAR,867,278,589,866,1,0,ITG,ITG2,20,Sardegna,Sardegna,1639591,1646376,100.41,0.05
5153,2021-03-15,SAR,2828,1328,1500,2409,377,42,ITG,ITG2,20,Sardegna,Sardegna,1639591,1649204,100.59,0.17
5154,2021-05-11,SAR,9113,4248,4865,6454,2521,138,ITG,ITG2,20,Sardegna,Sardegna,1639591,1658317,101.14,0.56
5155,2021-01-31,SAR,2154,765,1389,45,2109,0,ITG,ITG2,20,Sardegna,Sardegna,1639591,1660471,101.27,0.13
5156,2021-02-14,SAR,542,263,279,540,2,0,ITG,ITG2,20,Sardegna,Sardegna,1639591,1661013,101.31,0.03
5157,2021-07-18,SAR,5693,2874,2819,982,4701,10,ITG,ITG2,20,Sardegna,Sardegna,1639591,1666706,101.65,0.35
5158,2021-08-18,SAR,10693,5533,5160,5707,4856,130,ITG,ITG2,20,Sardegna,Sardegna,1639591,1677399,102.31,0.65
5159,2021-04-05,SAR,2093,798,1295,2048,1,44,ITG,ITG2,20,Sardegna,Sardegna,1639591,1679492,102.43,0.13
5160,2021-09-06,SAR,9286,4875,4411,2548,6624,114,ITG,ITG2,20,Sardegna,Sardegna,1639591,1688778,103.0,0.57
5161,2021-06-29,SAR,17901,8609,9292,3759,14093,49,ITG,ITG2,20,Sardegna,Sardegna,1639591,1706679,104.09,1.09
5162,2021-08-23,SAR,10522,5565,4957,5634,4710,178,ITG,ITG2,20,Sardegna,Sardegna,1639591,1717201,104.73,0.64
5163,2021-05-15,SAR,13878,6444,7434,10242,3444,192,ITG,ITG2,20,Sardegna,Sardegna,1639591,1731079,105.58,0.85
5164,2021-07-11,SAR,6380,3119,3261,1424,4920,36,ITG,ITG2,20,Sardegna,Sardegna,1639591,1737459,105.97,0.39
5165,2021-01-26,SAR,1381,474,907,27,1354,0,ITG,ITG2,20,Sardegna,Sardegna,1639591,1738840,106.05,0.08
5166,2021-05-01,SAR,10012,4799,5213,5422,4487,103,ITG,ITG2,20,Sardegna,Sardegna,1639591,1748852,106.66,0.61
5167,2021-01-21,SAR,140,69,71,98,42,0,ITG,ITG2,20,Sardegna,Sardegna,1639591,1748992,106.67,0.01
5168,2021-02-07,SAR,1128,397,731,228,899,1,ITG,ITG2,20,Sardegna,Sardegna,1639591,1750120,106.74,0.07
5169,2021-08-11,SAR,11927,6362,5565,6146,5601,180,ITG,ITG2,20,Sardegna,Sardegna,1639591,1762047,107.47,0.73
5170,2021-05-03,SAR,8339,3855,4484,6600,1625,114,ITG,ITG2,20,Sardegna,Sardegna,1639591,1770386,107.98,0.51
5171,2021-05-20,SAR,16416,7895,8521,11294,4913,209,ITG,ITG2,20,Sardegna,Sardegna,1639591,1786802,108.98,1.0
5172,2021-02-09,SAR,2299,840,1459,1290,1004,5,ITG,ITG2,20,Sardegna,Sardegna,1639591,1789101,109.12,0.14
5173,2021-02-26,SAR,2834,1117,1717,2473,308,53,ITG,ITG2,20,Sardegna,Sardegna,1639591,1791935,109.29,0.17
5174,2021-01-28,SAR,3039,1084,1955,68,2971,0,ITG,ITG2,20,Sardegna,Sardegna,1639591,1794974,109.48,0.19
5175,2021-05-27,SAR,17862,9268,8594,12109,5544,209,ITG,ITG2,20,Sardegna,Sardegna,1639591,1812836,110.57,1.09
5176,2021-02-16,SAR,703,291,412,667,27,9,ITG,ITG2,20,Sardegna,Sardegna,1639591,1813539,110.61,0.04
5177,2021-03-05,SAR,5235,2622,2613,2822,2372,41,ITG,ITG2,20,Sardegna,Sardegna,1639591,1818774,110.93,0.32
5178,2021-09-13,SAR,10458,5639,4819,2473,7873,112,ITG,ITG2,20,Sardegna,Sardegna,1639591,1829232,111.57,0.64
5179,2021-06-22,SAR,19340,8991,10349,7163,12076,101,ITG,ITG2,20,Sardegna,Sardegna,1639591,1848572,112.75,1.18
5180,2021-07-09,SAR,15884,7600,8284,3432,12369,83,ITG,ITG2,20,Sardegna,Sardegna,1639591,1864456,113.71,0.97
5181,2021-03-31,SAR,10637,4235,6402,8065,2438,134,ITG,ITG2,20,Sardegna,Sardegna,1639591,1875093,114.36,0.65
5182,2021-08-16,SAR,8462,4412,4050,4551,3795,116,ITG,ITG2,20,Sardegna,Sardegna,1639591,1883555,114.88,0.52
5183,2021-05-08,SAR,13213,6000,7213,10755,2289,169,ITG,ITG2,20,Sardegna,Sardegna,1639591,1896768,115.69,0.81
5184,2021-08-25,SAR,10063,5290,4773,4241,5711,111,ITG,ITG2,20,Sardegna,Sardegna,1639591,1906831,116.3,0.61
5185,2021-09-11,SAR,6499,3466,3033,1210,5253,36,ITG,ITG2,20,Sardegna,Sardegna,1639591,1913330,116.7,0.4
5186,2021-06-03,SAR,16400,7646,8754,10565,5694,141,ITG,ITG2,20,Sardegna,Sardegna,1639591,1929730,117.7,1.0
5187,2021-06-20,SAR,6295,2807,3488,3635,2628,32,ITG,ITG2,20,Sardegna,Sardegna,1639591,1936025,118.08,0.38
5188,2021-03-12,SAR,6026,2636,3390,4554,1318,154,ITG,ITG2,20,Sardegna,Sardegna,1639591,1942051,118.45,0.37
5189,2021-07-04,SAR,8207,3988,4219,2067,6125,15,ITG,ITG2,20,Sardegna,Sardegna,1639591,1950258,118.95,0.5
5190,2021-03-26,SAR,8636,3550,5086,6963,1532,141,ITG,ITG2,20,Sardegna,Sardegna,1639591,1958894,119.47,0.53
5191,2021-08-30,SAR,8752,4669,4083,4835,3760,157,ITG,ITG2,20,Sardegna,Sardegna,1639591,1967646,120.01,0.53
5192,2021-05-22,SAR,25073,12014,13059,19586,5183,304,ITG,ITG2,20,Sardegna,Sardegna,1639591,1992719,121.54,1.53
5193,2021-01-19,SAR,751,271,480,695,55,1,ITG,ITG2,20,Sardegna,Sardegna,1639591,1993470,121.58,0.05
5194,2021-03-17,SAR,6627,2870,3757,4956,1633,38,ITG,ITG2,20,Sardegna,Sardegna,1639591,2000097,121.99,0.4
5195,2021-06-27,SAR,9020,4311,4709,2957,6035,28,ITG,ITG2,20,Sardegna,Sardegna,1639591,2009117,122.54,0.55
5196,2021-03-24,SAR,7505,3134,4371,5994,1360,151,ITG,ITG2,20,Sardegna,Sardegna,1639591,2016622,123.0,0.46
5197,2021-03-19,SAR,7326,3065,4261,5017,2244,65,ITG,ITG2,20,Sardegna,Sardegna,1639591,2023948,123.44,0.45
5198,2021-07-16,SAR,16937,8476,8461,4555,12247,135,ITG,ITG2,20,Sardegna,Sardegna,1639591,2040885,124.48,1.03
5199,2021-04-07,SAR,13734,6105,7629,7908,5740,86,ITG,ITG2,20,Sardegna,Sardegna,1639591,2054619,125.31,0.84
5200,2021-04-24,SAR,10562,4911,5651,7960,2461,141,ITG,ITG2,20,Sardegna,Sardegna,1639591,2065181,125.96,0.64
5201,2021-01-14,SAR,1128,433,695,1128,0,0,ITG,ITG2,20,Sardegna,Sardegna,1639591,2066309,126.03,0.07
5202,2021-04-21,SAR,12182,5580,6602,6478,5599,105,ITG,ITG2,20,Sardegna,Sardegna,1639591,2078491,126.77,0.74
5203,2021-01-11,SAR,1219,522,697,1218,0,1,ITG,ITG2,20,Sardegna,Sardegna,1639591,2079710,126.84,0.07
5204,2021-06-17,SAR,18466,8531,9935,9917,8428,121,ITG,ITG2,20,Sardegna,Sardegna,1639591,2098176,127.97,1.13
5205,2021-01-25,SAR,612,228,384,23,589,0,ITG,ITG2,20,Sardegna,Sardegna,1639591,2098788,128.01,0.04
5206,2021-08-24,SAR,10106,5404,4702,4813,5138,155,ITG,ITG2,20,Sardegna,Sardegna,1639591,2108894,128.62,0.62
5207,2021-05-16,SAR,8253,3838,4415,6003,2162,88,ITG,ITG2,20,Sardegna,Sardegna,1639591,2117147,129.13,0.5
5208,2021-07-12,SAR,15335,7414,7921,2400,12877,58,ITG,ITG2,20,Sardegna,Sardegna,1639591,2132482,130.06,0.94
5209,2021-09-07,SAR,9563,5084,4479,2541,6903,119,ITG,ITG2,20,Sardegna,Sardegna,1639591,2142045,130.65,0.58
5210,2021-07-05,SAR,15584,7571,8013,3327,12208,49,ITG,ITG2,20,Sardegna,Sardegna,1639591,2157629,131.6,0.95
5211,2021-08-31,SAR,9294,4956,4338,4748,4387,159,ITG,ITG2,20,Sardegna,Sardegna,1639591,2166923,132.16,0.57
5212,2021-02-05,SAR,1923,757,1166,435,1486,2,ITG,ITG2,20,Sardegna,Sardegna,1639591,2168846,132.28,0.12
5213,2021-04-03,SAR,4728,1824,2904,2671,1986,71,ITG,ITG2,20,Sardegna,Sardegna,1639591,2173574,132.57,0.29
5214,2021-05-30,SAR,9746,4842,4904,7312,2366,68,ITG,ITG2,20,Sardegna,Sardegna,1639591,2183320,133.16,0.59
5215,2021-02-19,SAR,1521,477,1044,1416,56,49,ITG,ITG2,20,Sardegna,Sardegna,1639591,2184841,133.26,0.09
5216,2021-03-27,SAR,5833,2217,3616,5310,423,100,ITG,ITG2,20,Sardegna,Sardegna,1639591,2190674,133.61,0.36
5217,2021-05-23,SAR,10036,4817,5219,7685,2255,96,ITG,ITG2,20,Sardegna,Sardegna,1639591,2200710,134.22,0.61
5218,2021-02-12,SAR,2249,938,1311,2183,60,6,ITG,ITG2,20,Sardegna,Sardegna,1639591,2202959,134.36,0.14
5219,2021-07-19,SAR,15230,7630,7600,2796,12383,51,ITG,ITG2,20,Sardegna,Sardegna,1639591,2218189,135.29,0.93
5220,2021-04-10,SAR,10605,4785,5820,8534,1962,109,ITG,ITG2,20,Sardegna,Sardegna,1639591,2228794,135.94,0.65
5221,2021-01-07,SAR,3172,1110,2062,3168,0,4,ITG,ITG2,20,Sardegna,Sardegna,1639591,2231966,136.13,0.19
5222,2021-06-10,SAR,17818,8481,9337,11644,6047,127,ITG,ITG2,20,Sardegna,Sardegna,1639591,2249784,137.22,1.09
5223,2021-08-06,SAR,13823,7174,6649,7988,5660,175,ITG,ITG2,20,Sardegna,Sardegna,1639591,2263607,138.06,0.84
5224,2020-12-31,SAR,41,22,19,41,0,0,ITG,ITG2,20,Sardegna,Sardegna,1639591,2263648,138.06,0.0
5225,2021-07-30,SAR,15206,7858,7348,6622,8417,167,ITG,ITG2,20,Sardegna,Sardegna,1639591,2278854,138.99,0.93
5226,2021-08-01,LOM,53144,28434,24710,27338,24267,1539,ITC,ITC4,3,Lombardia,Lombardia,10060574,53144,0.53,0.53
5227,2021-04-23,LOM,73645,33373,40272,55552,16660,1433,ITC,ITC4,3,Lombardia,Lombardia,10060574,126789,1.26,0.73
5228,2021-09-01,LOM,60222,32356,27866,30535,25956,3731,ITC,ITC4,3,Lombardia,Lombardia,10060574,187011,1.86,0.6
5229,2021-05-24,LOM,89628,43530,46098,48602,40088,938,ITC,ITC4,3,Lombardia,Lombardia,10060574,276639,2.75,0.89
5230,2021-02-11,LOM,17136,5026,12110,9636,7423,77,ITC,ITC4,3,Lombardia,Lombardia,10060574,293775,2.92,0.17
5231,2021-08-27,LOM,35749,19226,16523,18543,14625,2581,ITC,ITC4,3,Lombardia,Lombardia,10060574,329524,3.28,0.36
5232,2021-09-13,LOM,36397,19688,16709,6362,29011,1024,ITC,ITC4,3,Lombardia,Lombardia,10060574,365921,3.64,0.36
5233,2021-06-05,LOM,102452,52964,49488,91100,9837,1515,ITC,ITC4,3,Lombardia,Lombardia,10060574,468373,4.66,1.02
5234,2021-03-14,LOM,14884,5350,9534,11215,3290,379,ITC,ITC4,3,Lombardia,Lombardia,10060574,483257,4.8,0.15
5235,2021-03-28,LOM,20642,7883,12759,13969,6288,385,ITC,ITC4,3,Lombardia,Lombardia,10060574,503899,5.01,0.21
5236,2021-04-14,LOM,47240,21049,26191,33537,12989,714,ITC,ITC4,3,Lombardia,Lombardia,10060574,551139,5.48,0.47
5237,2021-01-04,LOM,6136,2120,4016,6129,0,7,ITC,ITC4,3,Lombardia,Lombardia,10060574,557275,5.54,0.06
5238,2021-06-19,LOM,104412,52035,52377,56225,46761,1426,ITC,ITC4,3,Lombardia,Lombardia,10060574,661687,6.58,1.04
5239,2021-07-06,LOM,102189,50889,51300,23088,77685,1416,ITC,ITC4,3,Lombardia,Lombardia,10060574,763876,7.59,1.02
5240,2021-01-16,LOM,15649,5786,9863,15638,0,11,ITC,ITC4,3,Lombardia,Lombardia,10060574,779525,7.75,0.16
5241,2021-08-15,LOM,7000,3988,3012,2933,3884,183,ITC,ITC4,3,Lombardia,Lombardia,10060574,786525,7.82,0.07
5242,2021-07-20,LOM,95030,49096,45934,6920,87372,738,ITC,ITC4,3,Lombardia,Lombardia,10060574,881555,8.76,0.94
5243,2021-09-15,LOM,34965,18451,16514,8138,25586,1241,ITC,ITC4,3,Lombardia,Lombardia,10060574,916520,9.11,0.35
5244,2021-02-04,LOM,28025,8171,19854,2049,25971,5,ITC,ITC4,3,Lombardia,Lombardia,10060574,944545,9.39,0.28
5245,2021-07-18,LOM,97107,50593,46514,8542,87871,694,ITC,ITC4,3,Lombardia,Lombardia,10060574,1041652,10.35,0.97
5246,2021-04-09,LOM,52461,22397,30064,35593,16024,844,ITC,ITC4,3,Lombardia,Lombardia,10060574,1094113,10.88,0.52
5247,2021-08-06,LOM,85622,46658,38964,17809,66966,847,ITC,ITC4,3,Lombardia,Lombardia,10060574,1179735,11.73,0.85
5248,2021-04-28,LOM,95813,43696,52117,66883,26956,1974,ITC,ITC4,3,Lombardia,Lombardia,10060574,1275548,12.68,0.95
5249,2021-06-24,LOM,109782,56749,53033,78376,29017,2389,ITC,ITC4,3,Lombardia,Lombardia,10060574,1385330,13.77,1.09
5250,2021-03-16,LOM,25545,10134,15411,16310,9113,122,ITC,ITC4,3,Lombardia,Lombardia,10060574,1410875,14.02,0.25
5251,2021-05-12,LOM,87574,41780,45794,57284,27612,2678,ITC,ITC4,3,Lombardia,Lombardia,10060574,1498449,14.89,0.87
5252,2021-02-16,LOM,9530,3081,6449,8978,452,100,ITC,ITC4,3,Lombardia,Lombardia,10060574,1507979,14.99,0.09
5253,2021-06-10,LOM,102735,52273,50462,86420,14507,1808,ITC,ITC4,3,Lombardia,Lombardia,10060574,1610714,16.01,1.02
5254,2021-03-02,LOM,22844,9711,13133,19528,3049,267,ITC,ITC4,3,Lombardia,Lombardia,10060574,1633558,16.24,0.23
5255,2021-08-20,LOM,27135,15013,12122,14132,11908,1095,ITC,ITC4,3,Lombardia,Lombardia,10060574,1660693,16.51,0.27
5256,2021-05-10,LOM,85314,40904,44410,61468,21601,2245,ITC,ITC4,3,Lombardia,Lombardia,10060574,1746007,17.35,0.85
5257,2021-01-30,LOM,12360,4587,7773,146,12205,9,ITC,ITC4,3,Lombardia,Lombardia,10060574,1758367,17.48,0.12
5258,2021-09-08,LOM,58145,31754,26391,13521,42889,1735,ITC,ITC4,3,Lombardia,Lombardia,10060574,1816512,18.06,0.58
5259,2021-05-31,LOM,95749,47434,48315,78390,16257,1102,ITC,ITC4,3,Lombardia,Lombardia,10060574,1912261,19.01,0.95
5260,2021-07-27,LOM,104947,56849,48098,7483,96761,703,ITC,ITC4,3,Lombardia,Lombardia,10060574,2017208,20.05,1.04
5261,2021-03-26,LOM,41389,15737,25652,27506,13196,687,ITC,ITC4,3,Lombardia,Lombardia,10060574,2058597,20.46,0.41
5262,2021-05-22,LOM,70689,33871,36818,31726,38247,716,ITC,ITC4,3,Lombardia,Lombardia,10060574,2129286,21.16,0.7
5263,2021-05-29,LOM,88399,42446,45953,41396,46158,845,ITC,ITC4,3,Lombardia,Lombardia,10060574,2217685,22.04,0.88
5264,2021-02-18,LOM,14065,4931,9134,12827,1038,200,ITC,ITC4,3,Lombardia,Lombardia,10060574,2231750,22.18,0.14
5265,2021-02-23,LOM,11835,4807,7028,11292,332,211,ITC,ITC4,3,Lombardia,Lombardia,10060574,2243585,22.3,0.12
5266,2021-08-08,LOM,58845,31959,26886,16681,41368,796,ITC,ITC4,3,Lombardia,Lombardia,10060574,2302430,22.89,0.58
5267,2021-08-25,LOM,44521,24045,20476,21657,19754,3110,ITC,ITC4,3,Lombardia,Lombardia,10060574,2346951,23.33,0.44
5268,2021-07-08,LOM,114722,58461,56261,13225,100470,1027,ITC,ITC4,3,Lombardia,Lombardia,10060574,2461673,24.47,1.14
5269,2021-07-25,LOM,86642,45739,40903,9423,76438,781,ITC,ITC4,3,Lombardia,Lombardia,10060574,2548315,25.33,0.86
5270,2021-04-16,LOM,53735,23938,29797,38416,14399,920,ITC,ITC4,3,Lombardia,Lombardia,10060574,2602050,25.86,0.53
5271,2021-05-03,LOM,83751,39783,43968,69438,12147,2166,ITC,ITC4,3,Lombardia,Lombardia,10060574,2685801,26.7,0.83
5272,2021-01-23,LOM,1127,361,766,925,199,3,ITC,ITC4,3,Lombardia,Lombardia,10060574,2686928,26.71,0.01
5273,2021-07-13,LOM,108724,56845,51879,15460,92030,1234,ITC,ITC4,3,Lombardia,Lombardia,10060574,2795652,27.79,1.08
5274,2021-04-04,LOM,7615,3232,4383,3682,3899,34,ITC,ITC4,3,Lombardia,Lombardia,10060574,2803267,27.86,0.08
5275,2021-04-02,LOM,41421,16954,24467,26212,14651,558,ITC,ITC4,3,Lombardia,Lombardia,10060574,2844688,28.28,0.41
5276,2021-01-09,LOM,12512,4614,7898,12504,0,8,ITC,ITC4,3,Lombardia,Lombardia,10060574,2857200,28.4,0.12
5277,2021-03-07,LOM,12100,5366,6734,9340,2563,197,ITC,ITC4,3,Lombardia,Lombardia,10060574,2869300,28.52,0.12
5278,2021-01-27,LOM,8074,2689,5385,807,7265,2,ITC,ITC4,3,Lombardia,Lombardia,10060574,2877374,28.6,0.08
5279,2021-07-03,LOM,102524,51725,50799,44539,55872,2113,ITC,ITC4,3,Lombardia,Lombardia,10060574,2979898,29.62,1.02
5280,2021-03-25,LOM,43059,16102,26957,29253,12883,923,ITC,ITC4,3,Lombardia,Lombardia,10060574,3022957,30.05,0.43
5281,2021-06-17,LOM,108678,52755,55923,50209,57287,1182,ITC,ITC4,3,Lombardia,Lombardia,10060574,3131635,31.13,1.08
5282,2021-03-09,LOM,33270,12882,20388,25247,7424,599,ITC,ITC4,3,Lombardia,Lombardia,10060574,3164905,31.46,0.33
5283,2021-08-13,LOM,53458,29608,23850,20525,31665,1268,ITC,ITC4,3,Lombardia,Lombardia,10060574,3218363,31.99,0.53
5284,2021-05-05,LOM,88136,42014,46122,70411,15377,2348,ITC,ITC4,3,Lombardia,Lombardia,10060574,3306499,32.87,0.88
5285,2021-07-01,LOM,105145,52894,52251,53327,49413,2405,ITC,ITC4,3,Lombardia,Lombardia,10060574,3411644,33.91,1.05
5286,2020-12-28,LOM,108,47,61,108,0,0,ITC,ITC4,3,Lombardia,Lombardia,10060574,3411752,33.91,0.0
5287,2021-04-21,LOM,71889,32584,39305,55817,14702,1370,ITC,ITC4,3,Lombardia,Lombardia,10060574,3483641,34.63,0.71
5288,2021-01-11,LOM,16317,5396,10921,16307,0,10,ITC,ITC4,3,Lombardia,Lombardia,10060574,3499958,34.79,0.16
5289,2021-01-28,LOM,12281,3723,8558,795,11479,7,ITC,ITC4,3,Lombardia,Lombardia,10060574,3512239,34.91,0.12
5290,2021-09-03,LOM,52927,28450,24477,22720,27557,2650,ITC,ITC4,3,Lombardia,Lombardia,10060574,3565166,35.44,0.53
5291,2021-06-12,LOM,89333,48068,41265,84304,3181,1848,ITC,ITC4,3,Lombardia,Lombardia,10060574,3654499,36.32,0.89
5292,2021-06-29,LOM,107326,53219,54107,57428,47888,2010,ITC,ITC4,3,Lombardia,Lombardia,10060574,3761825,37.39,1.07
5293,2021-03-21,LOM,23524,8499,15025,17721,5198,605,ITC,ITC4,3,Lombardia,Lombardia,10060574,3785349,37.63,0.23
5294,2021-02-13,LOM,6427,2445,3982,4887,1479,61,ITC,ITC4,3,Lombardia,Lombardia,10060574,3791776,37.69,0.06
5295,2021-07-17,LOM,108508,57295,51213,10220,97361,927,ITC,ITC4,3,Lombardia,Lombardia,10060574,3900284,38.77,1.08
5296,2021-01-13,LOM,26492,8103,18389,26467,0,25,ITC,ITC4,3,Lombardia,Lombardia,10060574,3926776,39.03,0.26
5297,2021-07-29,LOM,74437,40433,34004,33778,38703,1956,ITC,ITC4,3,Lombardia,Lombardia,10060574,4001213,39.77,0.74
5298,2021-09-12,LOM,26942,14515,12427,8979,16760,1203,ITC,ITC4,3,Lombardia,Lombardia,10060574,4028155,40.04,0.27
5299,2021-06-21,LOM,113407,58096,55311,78203,33026,2178,ITC,ITC4,3,Lombardia,Lombardia,10060574,4141562,41.17,1.13
5300,2021-09-10,LOM,52655,28277,24378,11427,39451,1777,ITC,ITC4,3,Lombardia,Lombardia,10060574,4194217,41.69,0.52
5301,2021-06-02,LOM,84717,43617,41100,76984,6408,1325,ITC,ITC4,3,Lombardia,Lombardia,10060574,4278934,42.53,0.84
5302,2021-03-11,LOM,36284,13507,22777,25637,9959,688,ITC,ITC4,3,Lombardia,Lombardia,10060574,4315218,42.89,0.36
5303,2021-05-17,LOM,94698,45376,49322,29504,64445,749,ITC,ITC4,3,Lombardia,Lombardia,10060574,4409916,43.83,0.94
5304,2021-05-19,LOM,83308,39788,43520,33120,49377,811,ITC,ITC4,3,Lombardia,Lombardia,10060574,4493224,44.66,0.83
5305,2021-02-08,LOM,10137,2937,7200,2125,8004,8,ITC,ITC4,3,Lombardia,Lombardia,10060574,4503361,44.76,0.1
5306,2021-02-25,LOM,15360,6371,8989,13535,1624,201,ITC,ITC4,3,Lombardia,Lombardia,10060574,4518721,44.92,0.15
5307,2021-08-29,LOM,25186,13530,11656,12726,11159,1301,ITC,ITC4,3,Lombardia,Lombardia,10060574,4543907,45.17,0.25
5308,2021-05-21,LOM,93938,45284,48654,28390,64787,761,ITC,ITC4,3,Lombardia,Lombardia,10060574,4637845,46.1,0.93
5309,2021-05-07,LOM,92489,43756,48733,67911,22501,2077,ITC,ITC4,3,Lombardia,Lombardia,10060574,4730334,47.02,0.92
5310,2021-08-12,LOM,56904,31256,25648,22002,33525,1377,ITC,ITC4,3,Lombardia,Lombardia,10060574,4787238,47.58,0.57
5311,2021-04-11,LOM,32234,13949,18285,24321,7398,515,ITC,ITC4,3,Lombardia,Lombardia,10060574,4819472,47.9,0.32
5312,2021-01-01,LOM,24,7,17,24,0,0,ITC,ITC4,3,Lombardia,Lombardia,10060574,4819496,47.9,0.0
5313,2021-06-07,LOM,99049,50448,48601,84030,13389,1630,ITC,ITC4,3,Lombardia,Lombardia,10060574,4918545,48.89,0.98
5314,2021-02-27,LOM,13955,5876,8079,13154,645,156,ITC,ITC4,3,Lombardia,Lombardia,10060574,4932500,49.03,0.14
5315,2020-12-30,LOM,115,42,73,115,0,0,ITC,ITC4,3,Lombardia,Lombardia,10060574,4932615,49.03,0.0
5316,2021-09-05,LOM,33251,18026,15225,12428,19466,1357,ITC,ITC4,3,Lombardia,Lombardia,10060574,4965866,49.36,0.33
5317,2021-03-04,LOM,29377,12136,17241,20065,9088,224,ITC,ITC4,3,Lombardia,Lombardia,10060574,4995243,49.65,0.29
5318,2021-08-03,LOM,85831,46538,39293,13486,71623,722,ITC,ITC4,3,Lombardia,Lombardia,10060574,5081074,50.5,0.85
5319,2021-04-25,LOM,51620,23666,27954,45521,4843,1256,ITC,ITC4,3,Lombardia,Lombardia,10060574,5132694,51.02,0.51
5320,2021-06-28,LOM,108105,55068,53037,74294,31195,2616,ITC,ITC4,3,Lombardia,Lombardia,10060574,5240799,52.09,1.07
5321,2021-07-15,LOM,109396,56281,53115,13380,94826,1190,ITC,ITC4,3,Lombardia,Lombardia,10060574,5350195,53.18,1.09
5322,2021-04-06,LOM,43107,17600,25507,24448,17961,698,ITC,ITC4,3,Lombardia,Lombardia,10060574,5393302,53.61,0.43
5323,2021-02-20,LOM,9376,3876,5500,8846,333,197,ITC,ITC4,3,Lombardia,Lombardia,10060574,5402678,53.7,0.09
5324,2021-04-18,LOM,36442,16242,20200,30526,5248,668,ITC,ITC4,3,Lombardia,Lombardia,10060574,5439120,54.06,0.36
5325,2021-01-08,LOM,12757,3941,8816,12746,0,11,ITC,ITC4,3,Lombardia,Lombardia,10060574,5451877,54.19,0.13
5326,2021-02-06,LOM,15312,5556,9756,1014,14293,5,ITC,ITC4,3,Lombardia,Lombardia,10060574,5467189,54.34,0.15
5327,2021-07-24,LOM,95878,50656,45222,9740,85280,858,ITC,ITC4,3,Lombardia,Lombardia,10060574,5563067,55.3,0.95
5328,2021-08-10,LOM,61480,33269,28211,18717,41699,1064,ITC,ITC4,3,Lombardia,Lombardia,10060574,5624547,55.91,0.61
5329,2021-05-02,LOM,83539,38349,45190,59221,22484,1834,ITC,ITC4,3,Lombardia,Lombardia,10060574,5708086,56.74,0.83
5330,2021-07-22,LOM,99410,52039,47371,12509,85449,1452,ITC,ITC4,3,Lombardia,Lombardia,10060574,5807496,57.73,0.99
5331,2021-04-13,LOM,47701,21290,26411,32927,14114,660,ITC,ITC4,3,Lombardia,Lombardia,10060574,5855197,58.2,0.47
5332,2021-03-18,LOM,27469,10984,16485,15939,11303,227,ITC,ITC4,3,Lombardia,Lombardia,10060574,5882666,58.47,0.27
5333,2021-08-22,LOM,18208,10165,8043,7599,10066,543,ITC,ITC4,3,Lombardia,Lombardia,10060574,5900874,58.65,0.18
5334,2021-05-14,LOM,86053,41440,44613,53161,30371,2521,ITC,ITC4,3,Lombardia,Lombardia,10060574,5986927,59.51,0.86
5335,2021-07-10,LOM,107278,54308,52970,13913,92182,1183,ITC,ITC4,3,Lombardia,Lombardia,10060574,6094205,60.58,1.07
5336,2021-06-16,LOM,99387,50489,48898,49853,48379,1155,ITC,ITC4,3,Lombardia,Lombardia,10060574,6193592,61.56,0.99
5337,2021-03-06,LOM,21365,9109,12256,16542,4519,304,ITC,ITC4,3,Lombardia,Lombardia,10060574,6214957,61.78,0.21
5338,2021-09-17,LOM,24716,13289,11427,7273,16548,895,ITC,ITC4,3,Lombardia,Lombardia,10060574,6239673,62.02,0.25
5339,2021-06-09,LOM,103752,52258,51494,87430,14592,1730,ITC,ITC4,3,Lombardia,Lombardia,10060574,6343425,63.05,1.03
5340,2021-06-14,LOM,94892,48212,46680,49129,44644,1119,ITC,ITC4,3,Lombardia,Lombardia,10060574,6438317,64.0,0.94
5341,2021-08-17,LOM,33271,18413,14858,17410,14677,1184,ITC,ITC4,3,Lombardia,Lombardia,10060574,6471588,64.33,0.33
5342,2021-05-26,LOM,93793,44688,49105,42747,50155,891,ITC,ITC4,3,Lombardia,Lombardia,10060574,6565381,65.26,0.93
5343,2021-02-15,LOM,9064,3172,5892,8406,486,172,ITC,ITC4,3,Lombardia,Lombardia,10060574,6574445,65.35,0.09
5344,2021-06-30,LOM,107015,53012,54003,56571,48319,2125,ITC,ITC4,3,Lombardia,Lombardia,10060574,6681460,66.41,1.06
5345,2021-03-22,LOM,40376,14319,26057,28953,10580,843,ITC,ITC4,3,Lombardia,Lombardia,10060574,6721836,66.81,0.4
5346,2021-04-08,LOM,52479,21802,30677,35304,16501,674,ITC,ITC4,3,Lombardia,Lombardia,10060574,6774315,67.34,0.52
5347,2020-12-29,LOM,106,45,61,106,0,0,ITC,ITC4,3,Lombardia,Lombardia,10060574,6774421,67.34,0.0
5348,2021-07-14,LOM,109454,56862,52592,14355,93691,1408,ITC,ITC4,3,Lombardia,Lombardia,10060574,6883875,68.42,1.09
5349,2021-07-31,LOM,71112,38776,32336,36365,32723,2024,ITC,ITC4,3,Lombardia,Lombardia,10060574,6954987,69.13,0.71
5350,2021-04-22,LOM,74080,33447,40633,56217,16449,1414,ITC,ITC4,3,Lombardia,Lombardia,10060574,7029067,69.87,0.74
5351,2021-03-03,LOM,27031,11533,15498,19491,7319,221,ITC,ITC4,3,Lombardia,Lombardia,10060574,7056098,70.14,0.27
5352,2021-08-05,LOM,90306,49275,41031,15760,73758,788,ITC,ITC4,3,Lombardia,Lombardia,10060574,7146404,71.03,0.9
5353,2021-01-15,LOM,25296,7459,17837,25244,0,52,ITC,ITC4,3,Lombardia,Lombardia,10060574,7171700,71.29,0.25
5354,2021-08-07,LOM,79731,43279,36452,16076,62847,808,ITC,ITC4,3,Lombardia,Lombardia,10060574,7251431,72.08,0.79
5355,2021-04-29,LOM,115671,53643,62028,83084,29932,2655,ITC,ITC4,3,Lombardia,Lombardia,10060574,7367102,73.23,1.15
5356,2021-06-25,LOM,108339,56259,52080,78355,27672,2312,ITC,ITC4,3,Lombardia,Lombardia,10060574,7475441,74.3,1.08
5357,2021-04-20,LOM,67718,30853,36865,55895,10363,1460,ITC,ITC4,3,Lombardia,Lombardia,10060574,7543159,74.98,0.67
5358,2021-01-10,LOM,10556,3982,6574,10548,0,8,ITC,ITC4,3,Lombardia,Lombardia,10060574,7553715,75.08,0.1
5359,2021-01-17,LOM,8361,3351,5010,8154,201,6,ITC,ITC4,3,Lombardia,Lombardia,10060574,7562076,75.17,0.08
5360,2021-06-23,LOM,111091,57465,53626,76638,32310,2143,ITC,ITC4,3,Lombardia,Lombardia,10060574,7673167,76.27,1.1
5361,2021-03-15,LOM,31638,11362,20276,22426,8585,627,ITC,ITC4,3,Lombardia,Lombardia,10060574,7704805,76.58,0.31
5362,2021-06-26,LOM,105934,55459,50475,77783,25746,2405,ITC,ITC4,3,Lombardia,Lombardia,10060574,7810739,77.64,1.05
5363,2021-02-10,LOM,14463,4528,9935,7568,6866,29,ITC,ITC4,3,Lombardia,Lombardia,10060574,7825202,77.78,0.14
5364,2021-09-09,LOM,56633,31088,25545,11924,43091,1618,ITC,ITC4,3,Lombardia,Lombardia,10060574,7881835,78.34,0.56
5365,2021-03-08,LOM,29831,11214,18617,22165,7131,535,ITC,ITC4,3,Lombardia,Lombardia,10060574,7911666,78.64,0.3
5366,2021-05-04,LOM,86889,41101,45788,70256,14428,2205,ITC,ITC4,3,Lombardia,Lombardia,10060574,7998555,79.5,0.86
5367,2021-01-24,LOM,1202,458,744,538,664,0,ITC,ITC4,3,Lombardia,Lombardia,10060574,7999757,79.52,0.01
5368,2021-08-21,LOM,21329,11877,9452,9484,11072,773,ITC,ITC4,3,Lombardia,Lombardia,10060574,8021086,79.73,0.21
5369,2021-04-30,LOM,117557,54902,62655,87208,27687,2662,ITC,ITC4,3,Lombardia,Lombardia,10060574,8138643,80.9,1.17
5370,2021-01-20,LOM,5717,1393,4324,5597,115,5,ITC,ITC4,3,Lombardia,Lombardia,10060574,8144360,80.95,0.06
5371,2021-01-22,LOM,3199,885,2314,3125,69,5,ITC,ITC4,3,Lombardia,Lombardia,10060574,8147559,80.99,0.03
5372,2021-03-30,LOM,39753,15643,24110,24260,14874,619,ITC,ITC4,3,Lombardia,Lombardia,10060574,8187312,81.38,0.4
5373,2021-01-06,LOM,7169,2532,4637,7163,0,6,ITC,ITC4,3,Lombardia,Lombardia,10060574,8194481,81.45,0.07
5374,2021-03-20,LOM,32616,12174,20442,22245,9861,510,ITC,ITC4,3,Lombardia,Lombardia,10060574,8227097,81.78,0.32
5375,2020-12-27,LOM,718,414,304,718,0,0,ITC,ITC4,3,Lombardia,Lombardia,10060574,8227815,81.78,0.01
5376,2021-02-03,LOM,25740,7959,17781,1078,24657,5,ITC,ITC4,3,Lombardia,Lombardia,10060574,8253555,82.04,0.26
5377,2021-04-01,LOM,43205,17325,25880,26087,16403,715,ITC,ITC4,3,Lombardia,Lombardia,10060574,8296760,82.47,0.43
5378,2021-09-16,LOM,30026,15994,14032,7819,20990,1217,ITC,ITC4,3,Lombardia,Lombardia,10060574,8326786,82.77,0.3
5379,2021-06-01,LOM,94050,46133,47917,75802,17134,1114,ITC,ITC4,3,Lombardia,Lombardia,10060574,8420836,83.7,0.93
5380,2021-01-02,LOM,202,74,128,202,0,0,ITC,ITC4,3,Lombardia,Lombardia,10060574,8421038,83.7,0.0
5381,2021-06-08,LOM,102961,52320,50641,87172,14106,1683,ITC,ITC4,3,Lombardia,Lombardia,10060574,8523999,84.73,1.02
5382,2021-02-28,LOM,7886,3256,4630,7604,210,72,ITC,ITC4,3,Lombardia,Lombardia,10060574,8531885,84.81,0.08
5383,2021-08-04,LOM,90178,48834,41344,14484,75035,659,ITC,ITC4,3,Lombardia,Lombardia,10060574,8622063,85.7,0.9
5384,2021-04-26,LOM,88034,40952,47082,67036,19172,1826,ITC,ITC4,3,Lombardia,Lombardia,10060574,8710097,86.58,0.88
5385,2021-07-07,LOM,112073,56179,55894,18000,92910,1163,ITC,ITC4,3,Lombardia,Lombardia,10060574,8822170,87.69,1.11
5386,2021-04-15,LOM,49490,21874,27616,34890,13841,759,ITC,ITC4,3,Lombardia,Lombardia,10060574,8871660,88.18,0.49
5387,2021-01-05,LOM,7879,2585,5294,7873,0,6,ITC,ITC4,3,Lombardia,Lombardia,10060574,8879539,88.26,0.08
5388,2021-03-27,LOM,32536,12418,20118,23118,8777,641,ITC,ITC4,3,Lombardia,Lombardia,10060574,8912075,88.58,0.32
5389,2021-08-26,LOM,38698,20788,17910,20350,15549,2799,ITC,ITC4,3,Lombardia,Lombardia,10060574,8950773,88.97,0.38
5390,2021-05-18,LOM,88261,42183,46078,31859,55599,803,ITC,ITC4,3,Lombardia,Lombardia,10060574,9039034,89.85,0.88
5391,2021-06-04,LOM,104659,54325,50334,93199,9667,1793,ITC,ITC4,3,Lombardia,Lombardia,10060574,9143693,90.89,1.04
5392,2021-02-24,LOM,14728,5961,8767,13575,958,195,ITC,ITC4,3,Lombardia,Lombardia,10060574,9158421,91.03,0.15
5393,2021-05-16,LOM,68741,32519,36222,35549,32234,958,ITC,ITC4,3,Lombardia,Lombardia,10060574,9227162,91.72,0.68
5394,2021-02-05,LOM,25793,7495,18298,2430,23351,12,ITC,ITC4,3,Lombardia,Lombardia,10060574,9252955,91.97,0.26
5395,2021-02-22,LOM,11954,4824,7130,11444,310,200,ITC,ITC4,3,Lombardia,Lombardia,10060574,9264909,92.09,0.12
5396,2021-08-19,LOM,28978,15940,13038,14779,13075,1124,ITC,ITC4,3,Lombardia,Lombardia,10060574,9293887,92.38,0.29
5397,2021-05-11,LOM,86951,41461,45490,58209,26258,2484,ITC,ITC4,3,Lombardia,Lombardia,10060574,9380838,93.24,0.86
5398,2021-09-02,LOM,56475,30559,25916,25772,27705,2998,ITC,ITC4,3,Lombardia,Lombardia,10060574,9437313,93.8,0.56
5399,2021-05-28,LOM,93713,44883,48830,42036,50764,913,ITC,ITC4,3,Lombardia,Lombardia,10060574,9531026,94.74,0.93
5400,2021-02-17,LOM,12040,3779,8261,10450,1392,198,ITC,ITC4,3,Lombardia,Lombardia,10060574,9543066,94.86,0.12
5401,2021-06-11,LOM,101540,51719,49821,84938,14702,1900,ITC,ITC4,3,Lombardia,Lombardia,10060574,9644606,95.87,1.01
5402,2021-04-27,LOM,86112,40011,46101,67632,16613,1867,ITC,ITC4,3,Lombardia,Lombardia,10060574,9730718,96.72,0.86
5403,2021-09-06,LOM,56273,30329,25944,16513,37730,2030,ITC,ITC4,3,Lombardia,Lombardia,10060574,9786991,97.28,0.56
5404,2021-03-17,LOM,26349,10531,15818,15140,11048,161,ITC,ITC4,3,Lombardia,Lombardia,10060574,9813340,97.54,0.26
5405,2021-08-02,LOM,83644,45310,38334,18336,64397,911,ITC,ITC4,3,Lombardia,Lombardia,10060574,9896984,98.37,0.83
5406,2021-05-09,LOM,69733,32896,36837,54424,13285,2024,ITC,ITC4,3,Lombardia,Lombardia,10060574,9966717,99.07,0.69
5407,2021-01-29,LOM,13553,4150,9403,687,12863,3,ITC,ITC4,3,Lombardia,Lombardia,10060574,9980270,99.2,0.13
5408,2021-06-13,LOM,76007,40568,35439,72283,2132,1592,ITC,ITC4,3,Lombardia,Lombardia,10060574,10056277,99.96,0.76
5409,2021-01-03,LOM,857,316,541,856,0,1,ITC,ITC4,3,Lombardia,Lombardia,10060574,10057134,99.97,0.01
5410,2021-06-22,LOM,111265,58111,53154,79174,29965,2126,ITC,ITC4,3,Lombardia,Lombardia,10060574,10168399,101.07,1.11
5411,2021-07-21,LOM,94014,48499,45515,8613,84536,865,ITC,ITC4,3,Lombardia,Lombardia,10060574,10262413,102.01,0.93
5412,2021-04-12,LOM,47363,20628,26735,32293,14419,651,ITC,ITC4,3,Lombardia,Lombardia,10060574,10309776,102.48,0.47
5413,2021-02-21,LOM,5055,1864,3191,4940,17,98,ITC,ITC4,3,Lombardia,Lombardia,10060574,10314831,102.53,0.05
5414,2021-07-28,LOM,77462,41730,35732,19118,56591,1753,ITC,ITC4,3,Lombardia,Lombardia,10060574,10392293,103.3,0.77
5415,2021-04-19,LOM,60406,27488,32918,49678,9422,1306,ITC,ITC4,3,Lombardia,Lombardia,10060574,10452699,103.9,0.6
5416,2021-06-15,LOM,96086,48901,47185,49020,46009,1057,ITC,ITC4,3,Lombardia,Lombardia,10060574,10548785,104.85,0.96
5417,2021-03-13,LOM,27237,9795,17442,20558,6123,556,ITC,ITC4,3,Lombardia,Lombardia,10060574,10576022,105.12,0.27
5418,2021-09-14,LOM,36891,19795,17096,7497,28248,1146,ITC,ITC4,3,Lombardia,Lombardia,10060574,10612913,105.49,0.37
5419,2021-06-18,LOM,107737,52914,54823,51783,54709,1245,ITC,ITC4,3,Lombardia,Lombardia,10060574,10720650,106.56,1.07
5420,2021-08-14,LOM,26544,14887,11657,11129,14861,554,ITC,ITC4,3,Lombardia,Lombardia,10060574,10747194,106.82,0.26
5421,2021-03-01,LOM,18802,8236,10566,16889,1708,205,ITC,ITC4,3,Lombardia,Lombardia,10060574,10765996,107.01,0.19
5422,2021-04-05,LOM,27392,11698,15694,19026,8111,255,ITC,ITC4,3,Lombardia,Lombardia,10060574,10793388,107.28,0.27
5423,2021-08-18,LOM,30908,17055,13853,17895,11646,1367,ITC,ITC4,3,Lombardia,Lombardia,10060574,10824296,107.59,0.31
5424,2021-01-31,LOM,9828,3815,6013,29,9799,0,ITC,ITC4,3,Lombardia,Lombardia,10060574,10834124,107.69,0.1
5425,2021-05-25,LOM,91231,43649,47582,43859,46548,824,ITC,ITC4,3,Lombardia,Lombardia,10060574,10925355,108.6,0.91
5426,2021-02-14,LOM,3586,1547,2039,2934,637,15,ITC,ITC4,3,Lombardia,Lombardia,10060574,10928941,108.63,0.04
5427,2021-01-12,LOM,20341,6746,13595,20310,0,31,ITC,ITC4,3,Lombardia,Lombardia,10060574,10949282,108.83,0.2
5428,2021-07-04,LOM,86774,43401,43373,40189,44625,1960,ITC,ITC4,3,Lombardia,Lombardia,10060574,11036056,109.7,0.86
5429,2021-08-30,LOM,71233,37842,33391,43172,22408,5653,ITC,ITC4,3,Lombardia,Lombardia,10060574,11107289,110.4,0.71
5430,2021-07-02,LOM,104043,52147,51896,48871,52969,2203,ITC,ITC4,3,Lombardia,Lombardia,10060574,11211332,111.44,1.03
5431,2021-03-24,LOM,43453,15693,27760,30478,12073,902,ITC,ITC4,3,Lombardia,Lombardia,10060574,11254785,111.87,0.43
5432,2021-07-09,LOM,115795,59021,56774,11739,103169,887,ITC,ITC4,3,Lombardia,Lombardia,10060574,11370580,113.02,1.15
5433,2021-06-03,LOM,97207,49744,47463,84613,10922,1672,ITC,ITC4,3,Lombardia,Lombardia,10060574,11467787,113.99,0.97
5434,2021-06-20,LOM,89053,44375,44678,52795,35015,1243,ITC,ITC4,3,Lombardia,Lombardia,10060574,11556840,114.87,0.89
5435,2021-03-12,LOM,35342,12991,22351,24460,10261,621,ITC,ITC4,3,Lombardia,Lombardia,10060574,11592182,115.22,0.35
5436,2021-03-29,LOM,40093,15566,24527,24548,14866,679,ITC,ITC4,3,Lombardia,Lombardia,10060574,11632275,115.62,0.4
5437,2021-09-11,LOM,41126,22336,18790,13296,25971,1859,ITC,ITC4,3,Lombardia,Lombardia,10060574,11673401,116.03,0.41
5438,2021-03-05,LOM,29008,11973,17035,20254,8447,307,ITC,ITC4,3,Lombardia,Lombardia,10060574,11702409,116.32,0.29
5439,2021-06-27,LOM,90956,46822,44134,69775,18877,2304,ITC,ITC4,3,Lombardia,Lombardia,10060574,11793365,117.22,0.9
5440,2021-03-19,LOM,32516,12954,19562,18920,13272,324,ITC,ITC4,3,Lombardia,Lombardia,10060574,11825881,117.55,0.32
5441,2021-07-23,LOM,95536,50072,45464,11434,82846,1256,ITC,ITC4,3,Lombardia,Lombardia,10060574,11921417,118.5,0.95
5442,2021-08-09,LOM,68986,37024,31962,18638,49300,1048,ITC,ITC4,3,Lombardia,Lombardia,10060574,11990403,119.18,0.69
5443,2021-05-01,LOM,96111,43736,52375,65014,29334,1763,ITC,ITC4,3,Lombardia,Lombardia,10060574,12086514,120.14,0.96
5444,2021-01-21,LOM,5533,1612,3921,4823,695,15,ITC,ITC4,3,Lombardia,Lombardia,10060574,12092047,120.19,0.05
5445,2021-02-07,LOM,7322,2831,4491,335,6984,3,ITC,ITC4,3,Lombardia,Lombardia,10060574,12099369,120.27,0.07
5446,2021-01-19,LOM,8065,2333,5732,7580,471,14,ITC,ITC4,3,Lombardia,Lombardia,10060574,12107434,120.35,0.08
5447,2021-02-09,LOM,12234,3338,8896,4027,8193,14,ITC,ITC4,3,Lombardia,Lombardia,10060574,12119668,120.47,0.12
5448,2021-08-11,LOM,61390,33592,27798,22461,37582,1347,ITC,ITC4,3,Lombardia,Lombardia,10060574,12181058,121.08,0.61
5449,2021-08-28,LOM,35007,19241,15766,17761,15041,2205,ITC,ITC4,3,Lombardia,Lombardia,10060574,12216065,121.43,0.35
5450,2021-05-20,LOM,95620,46244,49376,31717,63087,816,ITC,ITC4,3,Lombardia,Lombardia,10060574,12311685,122.38,0.95
5451,2021-08-23,LOM,57495,31502,25993,23776,30431,3288,ITC,ITC4,3,Lombardia,Lombardia,10060574,12369180,122.95,0.57
5452,2021-05-15,LOM,80997,38809,42188,45385,33451,2161,ITC,ITC4,3,Lombardia,Lombardia,10060574,12450177,123.75,0.81
5453,2021-07-11,LOM,90349,45710,44639,11766,77524,1059,ITC,ITC4,3,Lombardia,Lombardia,10060574,12540526,124.65,0.9
5454,2021-05-13,LOM,87237,41798,45439,55590,28906,2741,ITC,ITC4,3,Lombardia,Lombardia,10060574,12627763,125.52,0.87
5455,2021-02-02,LOM,20013,6650,13363,497,19513,3,ITC,ITC4,3,Lombardia,Lombardia,10060574,12647776,125.72,0.2
5456,2021-03-31,LOM,42281,17153,25128,26202,15391,688,ITC,ITC4,3,Lombardia,Lombardia,10060574,12690057,126.14,0.42
5457,2021-03-10,LOM,33373,12762,20611,24852,7913,608,ITC,ITC4,3,Lombardia,Lombardia,10060574,12723430,126.47,0.33
5458,2021-05-06,LOM,89959,42234,47725,70957,16585,2417,ITC,ITC4,3,Lombardia,Lombardia,10060574,12813389,127.36,0.89
5459,2021-01-26,LOM,8396,2719,5677,348,8047,1,ITC,ITC4,3,Lombardia,Lombardia,10060574,12821785,127.45,0.08
5460,2021-09-04,LOM,45603,24703,20900,20523,22546,2534,ITC,ITC4,3,Lombardia,Lombardia,10060574,12867388,127.9,0.45
5461,2021-05-27,LOM,95029,45510,49519,40621,53617,791,ITC,ITC4,3,Lombardia,Lombardia,10060574,12962417,128.84,0.94
5462,2021-04-24,LOM,75879,33627,42252,53415,21171,1293,ITC,ITC4,3,Lombardia,Lombardia,10060574,13038296,129.6,0.75
5463,2021-01-14,LOM,26982,7825,19157,26930,0,52,ITC,ITC4,3,Lombardia,Lombardia,10060574,13065278,129.87,0.27
5464,2021-08-16,LOM,38954,21059,17895,16836,21072,1046,ITC,ITC4,3,Lombardia,Lombardia,10060574,13104232,130.25,0.39
5465,2021-05-08,LOM,87867,40792,47075,63424,22145,2298,ITC,ITC4,3,Lombardia,Lombardia,10060574,13192099,131.13,0.87
5466,2021-07-16,LOM,108927,56713,52214,11137,96627,1163,ITC,ITC4,3,Lombardia,Lombardia,10060574,13301026,132.21,1.08
5467,2021-04-07,LOM,50662,20952,29710,34084,15866,712,ITC,ITC4,3,Lombardia,Lombardia,10060574,13351688,132.71,0.5
5468,2021-01-18,LOM,9269,2992,6277,8279,975,15,ITC,ITC4,3,Lombardia,Lombardia,10060574,13360957,132.81,0.09
5469,2021-03-23,LOM,42650,15498,27152,28865,12914,871,ITC,ITC4,3,Lombardia,Lombardia,10060574,13403607,133.23,0.42
5470,2021-08-24,LOM,47544,25873,21671,24448,19458,3638,ITC,ITC4,3,Lombardia,Lombardia,10060574,13451151,133.7,0.47
5471,2021-01-25,LOM,7130,2400,4730,515,6612,3,ITC,ITC4,3,Lombardia,Lombardia,10060574,13458281,133.77,0.07
5472,2021-02-01,LOM,16133,5343,10790,307,15824,2,ITC,ITC4,3,Lombardia,Lombardia,10060574,13474414,133.93,0.16
5473,2021-07-05,LOM,101940,49793,52147,31496,68553,1891,ITC,ITC4,3,Lombardia,Lombardia,10060574,13576354,134.95,1.01
5474,2021-08-31,LOM,62826,33492,29334,36689,21585,4552,ITC,ITC4,3,Lombardia,Lombardia,10060574,13639180,135.57,0.62
5475,2021-07-12,LOM,111894,57515,54379,14805,95950,1139,ITC,ITC4,3,Lombardia,Lombardia,10060574,13751074,136.68,1.11
5476,2021-04-03,LOM,36345,14905,21440,25790,10170,385,ITC,ITC4,3,Lombardia,Lombardia,10060574,13787419,137.04,0.36
5477,2021-09-07,LOM,60958,33283,27675,15573,43324,2061,ITC,ITC4,3,Lombardia,Lombardia,10060574,13848377,137.65,0.61
5478,2021-05-30,LOM,74431,35617,38814,33795,40017,619,ITC,ITC4,3,Lombardia,Lombardia,10060574,13922808,138.39,0.74
5479,2021-07-26,LOM,109617,58921,50696,7712,101150,755,ITC,ITC4,3,Lombardia,Lombardia,10060574,14032425,139.48,1.09
5480,2021-05-23,LOM,60827,28968,31859,26297,34017,513,ITC,ITC4,3,Lombardia,Lombardia,10060574,14093252,140.08,0.6
5481,2021-02-12,LOM,14028,4389,9639,8887,4982,159,ITC,ITC4,3,Lombardia,Lombardia,10060574,14107280,140.22,0.14
5482,2021-07-19,LOM,96927,50319,46608,10803,85044,1080,ITC,ITC4,3,Lombardia,Lombardia,10060574,14204207,141.19,0.96
5483,2021-04-10,LOM,52825,21878,30947,40098,11977,750,ITC,ITC4,3,Lombardia,Lombardia,10060574,14257032,141.71,0.53
5484,2021-06-06,LOM,90138,46352,43786,79534,9222,1382,ITC,ITC4,3,Lombardia,Lombardia,10060574,14347170,142.61,0.9
5485,2021-01-07,LOM,11813,3657,8156,11772,0,41,ITC,ITC4,3,Lombardia,Lombardia,10060574,14358983,142.73,0.12
5486,2021-02-19,LOM,14232,5403,8829,13328,727,177,ITC,ITC4,3,Lombardia,Lombardia,10060574,14373215,142.87,0.14
5487,2021-04-17,LOM,48592,21331,27261,36984,10880,728,ITC,ITC4,3,Lombardia,Lombardia,10060574,14421807,143.35,0.48
5488,2021-02-26,LOM,18448,7572,10876,16330,1909,209,ITC,ITC4,3,Lombardia,Lombardia,10060574,14440255,143.53,0.18
5489,2021-07-30,LOM,73313,39807,33506,35097,36097,2119,ITC,ITC4,3,Lombardia,Lombardia,10060574,14513568,144.26,0.73
5490,2020-12-31,LOM,715,302,413,715,0,0,ITC,ITC4,3,Lombardia,Lombardia,10060574,14514283,144.27,0.01
