,data,area,Vaccinazioni giornaliere,sesso_maschile,sesso_femminile,Operatori sanitari - sociosanitari,Personale non sanitario,Ospiti RSA,categoria_over80,categoria_forze_armate,categoria_personale_scolastico,prima_dose,seconda_dose,codice_NUTS1,codice_NUTS2,codice_regione_ISTAT,nome_area,Regione,popolazione,Totale vaccinazioni,Totale vaccinazioni ogni cento ab,Vaccinazioni giornaliere ogni cento ab
0,2021-01-04,CAL,996,492,504,969,27,0,0,0,0,996,0,ITF,ITF6,18,Calabria,Calabria,1947131,996,0.05,0.05
1,2021-03-02,CAL,4131,2390,1741,705,735,427,1390,872,2,3422,709,ITF,ITF6,18,Calabria,Calabria,1947131,5127,0.26,0.21
2,2021-02-02,CAL,2289,1112,1177,1863,351,75,0,0,0,177,2112,ITF,ITF6,18,Calabria,Calabria,1947131,7416,0.38,0.12
3,2021-03-18,CAL,4240,1978,2262,359,1365,232,2195,44,45,2271,1969,ITF,ITF6,18,Calabria,Calabria,1947131,11656,0.6,0.22
4,2021-03-19,CAL,4183,1947,2236,486,1330,293,1964,8,102,1898,2285,ITF,ITF6,18,Calabria,Calabria,1947131,15839,0.81,0.21
5,2021-02-08,CAL,1847,733,1114,1214,512,121,0,0,0,661,1186,ITF,ITF6,18,Calabria,Calabria,1947131,17686,0.91,0.09
6,2021-03-12,CAL,5092,2438,2654,468,1326,217,1963,333,785,4049,1043,ITF,ITF6,18,Calabria,Calabria,1947131,22778,1.17,0.26
7,2021-03-09,CAL,5820,3031,2789,803,1939,419,1768,873,18,4843,977,ITF,ITF6,18,Calabria,Calabria,1947131,28598,1.47,0.3
8,2021-01-20,CAL,1395,622,773,864,352,179,0,0,0,1394,1,ITF,ITF6,18,Calabria,Calabria,1947131,29993,1.54,0.07
9,2021-03-11,CAL,6875,3276,3599,934,2063,570,2379,329,600,5619,1256,ITF,ITF6,18,Calabria,Calabria,1947131,36868,1.89,0.35
10,2021-01-30,CAL,2173,1147,1026,1974,199,0,0,0,0,358,1815,ITF,ITF6,18,Calabria,Calabria,1947131,39041,2.01,0.11
11,2021-01-12,CAL,2058,1017,1041,1706,323,29,0,0,0,2058,0,ITF,ITF6,18,Calabria,Calabria,1947131,41099,2.11,0.11
12,2021-03-08,CAL,5313,2816,2497,707,1813,453,1514,823,3,4255,1058,ITF,ITF6,18,Calabria,Calabria,1947131,46412,2.38,0.27
13,2020-12-27,CAL,275,150,125,274,1,0,0,0,0,275,0,ITF,ITF6,18,Calabria,Calabria,1947131,46687,2.4,0.01
14,2021-02-24,CAL,1843,940,903,658,366,115,653,47,4,1368,475,ITF,ITF6,18,Calabria,Calabria,1947131,48530,2.49,0.09
15,2021-01-29,CAL,2048,984,1064,1752,247,49,0,0,0,234,1814,ITF,ITF6,18,Calabria,Calabria,1947131,50578,2.6,0.11
16,2021-01-22,CAL,656,274,382,298,248,110,0,0,0,654,2,ITF,ITF6,18,Calabria,Calabria,1947131,51234,2.63,0.03
17,2021-03-20,CAL,6458,2976,3482,432,1588,398,3561,34,445,4070,2388,ITF,ITF6,18,Calabria,Calabria,1947131,57692,2.96,0.33
18,2021-02-20,CAL,1358,735,623,438,411,55,433,19,2,1043,315,ITF,ITF6,18,Calabria,Calabria,1947131,59050,3.03,0.07
19,2021-02-01,CAL,2497,1192,1305,2044,410,43,0,0,0,248,2249,ITF,ITF6,18,Calabria,Calabria,1947131,61547,3.16,0.13
20,2021-03-16,CAL,3767,1847,1920,459,1121,22,2077,58,30,2171,1596,ITF,ITF6,18,Calabria,Calabria,1947131,65314,3.35,0.19
21,2021-01-18,CAL,1230,550,680,982,237,11,0,0,0,1040,190,ITF,ITF6,18,Calabria,Calabria,1947131,66544,3.42,0.06
22,2021-03-06,CAL,7945,4053,3892,701,1872,758,3795,813,6,7190,755,ITF,ITF6,18,Calabria,Calabria,1947131,74489,3.83,0.41
23,2021-01-28,CAL,2232,1107,1125,1920,312,0,0,0,0,84,2148,ITF,ITF6,18,Calabria,Calabria,1947131,76721,3.94,0.11
24,2021-03-05,CAL,6145,3540,2605,695,1589,710,1854,1292,5,5570,575,ITF,ITF6,18,Calabria,Calabria,1947131,82866,4.26,0.32
25,2021-02-28,CAL,2167,983,1184,113,152,190,1706,6,0,2016,151,ITF,ITF6,18,Calabria,Calabria,1947131,85033,4.37,0.11
26,2021-01-21,CAL,958,444,514,735,108,115,0,0,0,929,29,ITF,ITF6,18,Calabria,Calabria,1947131,85991,4.42,0.05
27,2021-02-25,CAL,2821,1519,1302,736,636,234,863,348,4,2242,579,ITF,ITF6,18,Calabria,Calabria,1947131,88812,4.56,0.14
28,2021-03-07,CAL,3131,1561,1570,105,655,348,1674,347,2,3042,89,ITF,ITF6,18,Calabria,Calabria,1947131,91943,4.72,0.16
29,2021-02-11,CAL,2341,1043,1298,1464,636,241,0,0,0,1081,1260,ITF,ITF6,18,Calabria,Calabria,1947131,94284,4.84,0.12
30,2021-03-01,CAL,2688,1533,1155,399,422,257,971,636,3,2238,450,ITF,ITF6,18,Calabria,Calabria,1947131,96972,4.98,0.14
31,2021-03-17,CAL,3634,1621,2013,277,980,165,2093,26,93,1937,1697,ITF,ITF6,18,Calabria,Calabria,1947131,100606,5.17,0.19
32,2021-02-26,CAL,3079,1631,1448,539,688,407,1147,294,4,2611,468,ITF,ITF6,18,Calabria,Calabria,1947131,103685,5.33,0.16
33,2021-03-14,CAL,2542,1018,1524,322,376,312,802,9,721,2142,400,ITF,ITF6,18,Calabria,Calabria,1947131,106227,5.46,0.13
34,2021-02-09,CAL,2147,904,1243,1422,494,231,0,0,0,948,1199,ITF,ITF6,18,Calabria,Calabria,1947131,108374,5.57,0.11
35,2021-01-09,CAL,1916,1036,880,1529,387,0,0,0,0,1916,0,ITF,ITF6,18,Calabria,Calabria,1947131,110290,5.66,0.1
36,2021-03-03,CAL,4865,2651,2214,631,1157,917,1367,789,4,3802,1063,ITF,ITF6,18,Calabria,Calabria,1947131,115155,5.91,0.25
37,2021-01-06,CAL,926,500,426,822,104,0,0,0,0,926,0,ITF,ITF6,18,Calabria,Calabria,1947131,116081,5.96,0.05
38,2021-02-17,CAL,1681,672,1009,673,343,285,299,0,81,1471,210,ITF,ITF6,18,Calabria,Calabria,1947131,117762,6.05,0.09
39,2021-02-04,CAL,3391,1623,1768,2560,609,222,0,0,0,644,2747,ITF,ITF6,18,Calabria,Calabria,1947131,121153,6.22,0.17
40,2021-02-06,CAL,2909,1337,1572,2095,567,247,0,0,0,442,2467,ITF,ITF6,18,Calabria,Calabria,1947131,124062,6.37,0.15
41,2021-02-21,CAL,608,286,322,36,164,47,331,30,0,531,77,ITF,ITF6,18,Calabria,Calabria,1947131,124670,6.4,0.03
42,2021-02-16,CAL,1534,643,891,659,517,240,118,0,0,1255,279,ITF,ITF6,18,Calabria,Calabria,1947131,126204,6.48,0.08
43,2021-02-05,CAL,3795,1709,2086,2327,914,554,0,0,0,488,3307,ITF,ITF6,18,Calabria,Calabria,1947131,129999,6.68,0.19
44,2021-01-17,CAL,867,418,449,527,292,48,0,0,0,801,66,ITF,ITF6,18,Calabria,Calabria,1947131,130866,6.72,0.04
45,2021-02-27,CAL,3679,1913,1766,421,588,395,1971,302,2,3301,378,ITF,ITF6,18,Calabria,Calabria,1947131,134545,6.91,0.19
46,2021-03-04,CAL,5381,3104,2277,646,1413,731,1540,1049,2,4585,796,ITF,ITF6,18,Calabria,Calabria,1947131,139926,7.19,0.28
47,2021-03-21,CAL,3395,1404,1991,105,555,198,1791,23,723,1695,1700,ITF,ITF6,18,Calabria,Calabria,1947131,143321,7.36,0.17
48,2021-01-31,CAL,1107,554,553,764,285,58,0,0,0,155,952,ITF,ITF6,18,Calabria,Calabria,1947131,144428,7.42,0.06
49,2021-02-12,CAL,1711,669,1042,815,760,136,0,0,0,943,768,ITF,ITF6,18,Calabria,Calabria,1947131,146139,7.51,0.09
50,2021-02-13,CAL,1331,583,748,731,488,111,1,0,0,968,363,ITF,ITF6,18,Calabria,Calabria,1947131,147470,7.57,0.07
51,2021-02-18,CAL,1799,802,997,585,509,299,345,0,61,1576,223,ITF,ITF6,18,Calabria,Calabria,1947131,149269,7.67,0.09
52,2021-01-25,CAL,1064,512,552,1021,43,0,0,0,0,156,908,ITF,ITF6,18,Calabria,Calabria,1947131,150333,7.72,0.05
53,2021-02-19,CAL,1461,652,809,544,341,195,380,1,0,1200,261,ITF,ITF6,18,Calabria,Calabria,1947131,151794,7.8,0.08
54,2021-03-10,CAL,6441,3278,3163,742,2351,586,2021,677,64,5250,1191,ITF,ITF6,18,Calabria,Calabria,1947131,158235,8.13,0.33
55,2021-01-11,CAL,2154,1040,1114,1759,392,3,0,0,0,2154,0,ITF,ITF6,18,Calabria,Calabria,1947131,160389,8.24,0.11
56,2021-01-07,CAL,2180,1061,1119,1883,297,0,0,0,0,2180,0,ITF,ITF6,18,Calabria,Calabria,1947131,162569,8.35,0.11
57,2021-02-23,CAL,1549,728,821,437,381,206,522,2,1,1434,115,ITF,ITF6,18,Calabria,Calabria,1947131,164118,8.43,0.08
58,2021-02-14,CAL,371,145,226,146,142,83,0,0,0,341,30,ITF,ITF6,18,Calabria,Calabria,1947131,164489,8.45,0.02
59,2021-02-15,CAL,1137,538,599,499,412,159,66,0,1,989,148,ITF,ITF6,18,Calabria,Calabria,1947131,165626,8.51,0.06
60,2021-02-03,CAL,2763,1428,1335,2170,490,103,0,0,0,583,2180,ITF,ITF6,18,Calabria,Calabria,1947131,168389,8.65,0.14
61,2021-01-08,CAL,2109,1014,1095,1898,211,0,0,0,0,2109,0,ITF,ITF6,18,Calabria,Calabria,1947131,170498,8.76,0.11
62,2021-01-26,CAL,1805,861,944,1571,164,70,0,0,0,285,1520,ITF,ITF6,18,Calabria,Calabria,1947131,172303,8.85,0.09
63,2021-01-03,CAL,6,3,3,4,2,0,0,0,0,6,0,ITF,ITF6,18,Calabria,Calabria,1947131,172309,8.85,0.0
64,2021-01-13,CAL,2028,1022,1006,1800,194,34,0,0,0,2028,0,ITF,ITF6,18,Calabria,Calabria,1947131,174337,8.95,0.1
65,2021-03-13,CAL,6653,2933,3720,425,1376,338,3764,65,685,5679,974,ITF,ITF6,18,Calabria,Calabria,1947131,180990,9.3,0.34
66,2021-02-07,CAL,859,428,431,566,212,81,0,0,0,147,712,ITF,ITF6,18,Calabria,Calabria,1947131,181849,9.34,0.04
67,2021-01-19,CAL,1109,488,621,853,180,76,0,0,0,1098,11,ITF,ITF6,18,Calabria,Calabria,1947131,182958,9.4,0.06
68,2021-01-23,CAL,400,186,214,325,52,23,0,0,0,358,42,ITF,ITF6,18,Calabria,Calabria,1947131,183358,9.42,0.02
69,2021-01-10,CAL,929,524,405,830,99,0,0,0,0,929,0,ITF,ITF6,18,Calabria,Calabria,1947131,184287,9.46,0.05
70,2021-01-05,CAL,1350,618,732,1256,94,0,0,0,0,1350,0,ITF,ITF6,18,Calabria,Calabria,1947131,185637,9.53,0.07
71,2021-01-16,CAL,2394,1120,1274,1664,489,241,0,0,0,2394,0,ITF,ITF6,18,Calabria,Calabria,1947131,188031,9.66,0.12
72,2021-01-02,CAL,165,94,71,165,0,0,0,0,0,165,0,ITF,ITF6,18,Calabria,Calabria,1947131,188196,9.67,0.01
73,2021-01-24,CAL,44,18,26,15,3,26,0,0,0,39,5,ITF,ITF6,18,Calabria,Calabria,1947131,188240,9.67,0.0
74,2021-03-23,CAL,1315,621,694,64,380,6,577,22,266,819,496,ITF,ITF6,18,Calabria,Calabria,1947131,189555,9.74,0.07
75,2021-02-10,CAL,2463,1074,1389,1469,637,357,0,0,0,839,1624,ITF,ITF6,18,Calabria,Calabria,1947131,192018,9.86,0.13
76,2021-02-22,CAL,1996,1013,983,727,543,166,552,3,5,1441,555,ITF,ITF6,18,Calabria,Calabria,1947131,194014,9.96,0.1
77,2021-03-22,CAL,4701,2198,2503,194,1207,141,1994,40,1125,3041,1660,ITF,ITF6,18,Calabria,Calabria,1947131,198715,10.21,0.24
78,2021-01-15,CAL,2793,1258,1535,1690,691,412,0,0,0,2793,0,ITF,ITF6,18,Calabria,Calabria,1947131,201508,10.35,0.14
79,2021-03-15,CAL,3447,1652,1795,542,927,136,1093,163,586,2018,1429,ITF,ITF6,18,Calabria,Calabria,1947131,204955,10.53,0.18
80,2021-01-14,CAL,2557,1214,1343,1962,592,3,0,0,0,2557,0,ITF,ITF6,18,Calabria,Calabria,1947131,207512,10.66,0.13
81,2020-12-28,CAL,6,2,4,6,0,0,0,0,0,6,0,ITF,ITF6,18,Calabria,Calabria,1947131,207518,10.66,0.0
82,2021-01-27,CAL,1457,734,723,1226,208,23,0,0,0,396,1061,ITF,ITF6,18,Calabria,Calabria,1947131,208975,10.73,0.07
83,2021-03-07,UMB,844,180,664,16,83,25,44,0,676,837,7,ITI,ITI2,10,Umbria,Umbria,882015,844,0.1,0.1
84,2021-02-10,UMB,715,349,366,606,106,3,0,0,0,700,15,ITI,ITI2,10,Umbria,Umbria,882015,1559,0.18,0.08
85,2021-01-13,UMB,450,139,311,379,29,42,0,0,0,450,0,ITI,ITI2,10,Umbria,Umbria,882015,2009,0.23,0.05
86,2021-03-13,UMB,1731,524,1207,120,182,49,152,77,1151,1486,245,ITI,ITI2,10,Umbria,Umbria,882015,3740,0.42,0.2
87,2021-01-18,UMB,588,215,373,315,149,124,0,0,0,504,84,ITI,ITI2,10,Umbria,Umbria,882015,4328,0.49,0.07
88,2021-01-06,UMB,843,323,520,840,3,0,0,0,0,843,0,ITI,ITI2,10,Umbria,Umbria,882015,5171,0.59,0.1
89,2021-03-14,UMB,66,48,18,0,61,1,0,0,4,66,0,ITI,ITI2,10,Umbria,Umbria,882015,5237,0.59,0.01
90,2021-03-10,UMB,3970,1900,2070,120,858,144,2564,209,75,2683,1287,ITI,ITI2,10,Umbria,Umbria,882015,9207,1.04,0.45
91,2021-02-27,UMB,1658,354,1304,14,11,13,0,60,1560,1642,16,ITI,ITI2,10,Umbria,Umbria,882015,10865,1.23,0.19
92,2021-03-03,UMB,4435,1771,2664,720,290,86,1517,289,1533,3723,712,ITI,ITI2,10,Umbria,Umbria,882015,15300,1.73,0.5
93,2021-03-21,UMB,665,330,335,31,537,0,0,34,63,665,0,ITI,ITI2,10,Umbria,Umbria,882015,15965,1.81,0.08
94,2021-03-18,UMB,2785,1079,1706,962,145,205,1459,3,11,1552,1233,ITI,ITI2,10,Umbria,Umbria,882015,18750,2.13,0.32
95,2021-02-11,UMB,842,349,493,735,99,5,0,0,3,837,5,ITI,ITI2,10,Umbria,Umbria,882015,19592,2.22,0.1
96,2021-02-01,UMB,1260,333,927,876,32,352,0,0,0,47,1213,ITI,ITI2,10,Umbria,Umbria,882015,20852,2.36,0.14
97,2021-01-25,UMB,647,322,325,645,2,0,0,0,0,5,642,ITI,ITI2,10,Umbria,Umbria,882015,21499,2.44,0.07
98,2021-01-02,UMB,301,110,191,301,0,0,0,0,0,301,0,ITI,ITI2,10,Umbria,Umbria,882015,21800,2.47,0.03
99,2021-01-11,UMB,1271,336,935,878,20,373,0,0,0,1271,0,ITI,ITI2,10,Umbria,Umbria,882015,23071,2.62,0.14
100,2021-03-09,UMB,4022,1945,2077,142,681,99,2912,165,23,2729,1293,ITI,ITI2,10,Umbria,Umbria,882015,27093,3.07,0.46
101,2021-03-06,UMB,4250,1109,3141,422,247,26,1113,120,2322,4107,143,ITI,ITI2,10,Umbria,Umbria,882015,31343,3.55,0.48
102,2021-02-16,UMB,1307,655,652,33,12,0,1262,0,0,1298,9,ITI,ITI2,10,Umbria,Umbria,882015,32650,3.7,0.15
103,2021-02-18,UMB,1495,582,913,324,16,170,985,0,0,1029,466,ITI,ITI2,10,Umbria,Umbria,882015,34145,3.87,0.17
104,2021-01-08,UMB,1173,337,836,926,9,238,0,0,0,1173,0,ITI,ITI2,10,Umbria,Umbria,882015,35318,4.0,0.13
105,2020-12-31,UMB,322,127,195,310,12,0,0,0,0,322,0,ITI,ITI2,10,Umbria,Umbria,882015,35640,4.04,0.04
106,2021-02-23,UMB,1693,658,1035,1187,95,17,394,0,0,1651,42,ITI,ITI2,10,Umbria,Umbria,882015,37333,4.23,0.19
107,2021-02-05,UMB,780,234,546,645,51,84,0,0,0,18,762,ITI,ITI2,10,Umbria,Umbria,882015,38113,4.32,0.09
108,2021-01-19,UMB,103,23,80,21,2,80,0,0,0,103,0,ITI,ITI2,10,Umbria,Umbria,882015,38216,4.33,0.01
109,2021-02-20,UMB,282,100,182,83,8,39,152,0,0,258,24,ITI,ITI2,10,Umbria,Umbria,882015,38498,4.36,0.03
110,2021-03-16,UMB,3502,1433,2069,1633,88,65,1706,0,10,1875,1627,ITI,ITI2,10,Umbria,Umbria,882015,42000,4.76,0.4
111,2021-01-29,UMB,1221,343,878,934,16,271,0,0,0,79,1142,ITI,ITI2,10,Umbria,Umbria,882015,43221,4.9,0.14
112,2021-03-12,UMB,2633,1031,1602,111,596,41,463,229,1193,2135,498,ITI,ITI2,10,Umbria,Umbria,882015,45854,5.2,0.3
113,2021-02-26,UMB,653,250,403,381,71,40,154,4,3,645,8,ITI,ITI2,10,Umbria,Umbria,882015,46507,5.27,0.07
114,2021-01-07,UMB,1291,383,908,883,4,404,0,0,0,1291,0,ITI,ITI2,10,Umbria,Umbria,882015,47798,5.42,0.15
115,2021-01-04,UMB,809,397,412,808,1,0,0,0,0,809,0,ITI,ITI2,10,Umbria,Umbria,882015,48607,5.51,0.09
116,2021-03-11,UMB,3537,1680,1857,143,784,238,2013,201,158,2531,1006,ITI,ITI2,10,Umbria,Umbria,882015,52144,5.91,0.4
117,2021-02-06,UMB,396,138,258,333,47,16,0,0,0,34,362,ITI,ITI2,10,Umbria,Umbria,882015,52540,5.96,0.04
118,2021-02-12,UMB,671,224,447,459,208,1,1,0,2,665,6,ITI,ITI2,10,Umbria,Umbria,882015,53211,6.03,0.08
119,2021-01-26,UMB,814,390,424,813,1,0,0,0,0,18,796,ITI,ITI2,10,Umbria,Umbria,882015,54025,6.13,0.09
120,2021-01-22,UMB,276,105,171,273,1,2,0,0,0,32,244,ITI,ITI2,10,Umbria,Umbria,882015,54301,6.16,0.03
121,2021-01-31,UMB,1056,276,780,765,10,281,0,0,0,25,1031,ITI,ITI2,10,Umbria,Umbria,882015,55357,6.28,0.12
122,2021-01-03,UMB,267,111,156,267,0,0,0,0,0,267,0,ITI,ITI2,10,Umbria,Umbria,882015,55624,6.31,0.03
123,2021-02-07,UMB,54,17,37,46,8,0,0,0,0,1,53,ITI,ITI2,10,Umbria,Umbria,882015,55678,6.31,0.01
124,2021-03-01,UMB,1510,777,733,114,28,0,1249,118,1,1396,114,ITI,ITI2,10,Umbria,Umbria,882015,57188,6.48,0.17
125,2021-01-05,UMB,850,428,422,845,5,0,0,0,0,850,0,ITI,ITI2,10,Umbria,Umbria,882015,58038,6.58,0.1
126,2021-02-03,UMB,725,174,551,560,37,128,0,0,0,67,658,ITI,ITI2,10,Umbria,Umbria,882015,58763,6.66,0.08
127,2021-03-08,UMB,3665,1797,1868,140,355,45,2853,230,42,2303,1362,ITI,ITI2,10,Umbria,Umbria,882015,62428,7.08,0.42
128,2021-03-20,UMB,2272,821,1451,315,685,0,0,72,1200,2247,25,ITI,ITI2,10,Umbria,Umbria,882015,64700,7.34,0.26
129,2021-02-24,UMB,1520,565,955,1082,46,91,292,9,0,1505,15,ITI,ITI2,10,Umbria,Umbria,882015,66220,7.51,0.17
130,2021-02-04,UMB,732,226,506,692,20,20,0,0,0,25,707,ITI,ITI2,10,Umbria,Umbria,882015,66952,7.59,0.08
131,2021-03-02,UMB,3637,1344,2293,318,276,55,1301,241,1446,3633,4,ITI,ITI2,10,Umbria,Umbria,882015,70589,8.0,0.41
132,2021-01-23,UMB,277,100,177,276,1,0,0,0,0,2,275,ITI,ITI2,10,Umbria,Umbria,882015,70866,8.03,0.03
133,2021-03-22,UMB,3558,1653,1905,163,324,0,2825,99,147,2312,1246,ITI,ITI2,10,Umbria,Umbria,882015,74424,8.44,0.4
134,2021-01-28,UMB,1240,392,848,891,4,345,0,0,0,19,1221,ITI,ITI2,10,Umbria,Umbria,882015,75664,8.58,0.14
135,2021-01-10,UMB,1056,275,781,740,9,307,0,0,0,1056,0,ITI,ITI2,10,Umbria,Umbria,882015,76720,8.7,0.12
136,2021-02-08,UMB,637,203,434,368,112,153,0,4,0,88,549,ITI,ITI2,10,Umbria,Umbria,882015,77357,8.77,0.07
137,2021-01-16,UMB,221,73,148,146,32,43,0,0,0,221,0,ITI,ITI2,10,Umbria,Umbria,882015,77578,8.8,0.03
138,2021-01-15,UMB,692,212,480,588,44,60,0,0,0,692,0,ITI,ITI2,10,Umbria,Umbria,882015,78270,8.87,0.08
139,2021-03-17,UMB,3327,1313,2014,1429,64,129,1681,8,16,1855,1472,ITI,ITI2,10,Umbria,Umbria,882015,81597,9.25,0.38
140,2021-02-25,UMB,1334,495,839,826,101,97,305,0,5,1282,52,ITI,ITI2,10,Umbria,Umbria,882015,82931,9.4,0.15
141,2021-01-09,UMB,1719,492,1227,888,10,821,0,0,0,1719,0,ITI,ITI2,10,Umbria,Umbria,882015,84650,9.6,0.19
142,2021-02-19,UMB,743,293,450,281,16,14,432,0,0,526,217,ITI,ITI2,10,Umbria,Umbria,882015,85393,9.68,0.08
143,2021-01-14,UMB,749,200,549,696,35,17,0,0,1,749,0,ITI,ITI2,10,Umbria,Umbria,882015,86142,9.77,0.08
144,2021-03-05,UMB,4586,1378,3208,604,389,7,685,347,2554,3930,656,ITI,ITI2,10,Umbria,Umbria,882015,90728,10.29,0.52
145,2021-02-02,UMB,942,274,668,713,17,212,0,0,0,32,910,ITI,ITI2,10,Umbria,Umbria,882015,91670,10.39,0.11
146,2021-03-15,UMB,4592,1927,2665,1426,347,78,2337,141,263,2822,1770,ITI,ITI2,10,Umbria,Umbria,882015,96262,10.91,0.52
147,2021-03-23,UMB,1733,771,962,284,256,0,1095,66,32,593,1140,ITI,ITI2,10,Umbria,Umbria,882015,97995,11.11,0.2
148,2021-01-24,UMB,254,104,150,254,0,0,0,0,0,1,253,ITI,ITI2,10,Umbria,Umbria,882015,98249,11.14,0.03
149,2021-01-30,UMB,1577,483,1094,841,18,717,1,0,0,44,1533,ITI,ITI2,10,Umbria,Umbria,882015,99826,11.32,0.18
150,2021-01-21,UMB,610,202,408,428,13,169,0,0,0,341,269,ITI,ITI2,10,Umbria,Umbria,882015,100436,11.39,0.07
151,2021-01-27,UMB,838,329,509,837,1,0,0,0,0,13,825,ITI,ITI2,10,Umbria,Umbria,882015,101274,11.48,0.1
152,2020-12-27,UMB,85,45,40,67,2,16,0,0,0,85,0,ITI,ITI2,10,Umbria,Umbria,882015,101359,11.49,0.01
153,2021-03-19,UMB,1661,525,1136,439,252,29,191,26,724,1059,602,ITI,ITI2,10,Umbria,Umbria,882015,103020,11.68,0.19
154,2021-01-17,UMB,54,17,37,47,7,0,0,0,0,54,0,ITI,ITI2,10,Umbria,Umbria,882015,103074,11.69,0.01
155,2021-02-22,UMB,1858,777,1081,732,120,1,1005,0,0,1772,86,ITI,ITI2,10,Umbria,Umbria,882015,104932,11.9,0.21
156,2021-01-20,UMB,613,222,391,583,15,14,0,0,1,613,0,ITI,ITI2,10,Umbria,Umbria,882015,105545,11.97,0.07
157,2021-03-04,UMB,4475,1849,2626,849,238,4,1552,366,1466,3647,828,ITI,ITI2,10,Umbria,Umbria,882015,110020,12.47,0.51
158,2021-02-13,UMB,115,28,87,68,46,0,1,0,0,112,3,ITI,ITI2,10,Umbria,Umbria,882015,110135,12.49,0.01
159,2021-01-12,UMB,784,247,537,665,14,105,0,0,0,784,0,ITI,ITI2,10,Umbria,Umbria,882015,110919,12.58,0.09
160,2021-01-01,UMB,269,102,167,268,1,0,0,0,0,269,0,ITI,ITI2,10,Umbria,Umbria,882015,111188,12.61,0.03
161,2021-02-15,UMB,1368,692,676,10,8,0,1350,0,0,1367,1,ITI,ITI2,10,Umbria,Umbria,882015,112556,12.76,0.16
162,2021-02-17,UMB,1618,748,870,363,14,0,1240,0,1,1267,351,ITI,ITI2,10,Umbria,Umbria,882015,114174,12.94,0.18
163,2021-03-23,EMR,5027,2094,2933,439,1647,12,2684,9,236,2971,2056,ITH,ITH5,8,Emilia-Romagna,Emilia-Romagna,4459477,5027,0.11,0.11
164,2021-01-24,EMR,2442,884,1558,2079,114,249,0,0,0,299,2143,ITH,ITH5,8,Emilia-Romagna,Emilia-Romagna,4459477,7469,0.17,0.05
165,2021-03-04,EMR,16275,5297,10978,2595,1177,239,6346,511,5407,13287,2988,ITH,ITH5,8,Emilia-Romagna,Emilia-Romagna,4459477,23744,0.53,0.36
166,2021-03-22,EMR,14962,6357,8605,1074,4837,94,8427,20,510,8821,6141,ITH,ITH5,8,Emilia-Romagna,Emilia-Romagna,4459477,38706,0.87,0.34
167,2021-03-06,EMR,20333,5810,14523,2672,963,40,5859,517,10282,17641,2692,ITH,ITH5,8,Emilia-Romagna,Emilia-Romagna,4459477,59039,1.32,0.46
168,2021-03-16,EMR,11958,4878,7080,408,683,86,10653,6,122,4735,7223,ITH,ITH5,8,Emilia-Romagna,Emilia-Romagna,4459477,70997,1.59,0.27
169,2021-01-22,EMR,1827,477,1350,941,164,722,0,0,0,1088,739,ITH,ITH5,8,Emilia-Romagna,Emilia-Romagna,4459477,72824,1.63,0.04
170,2021-02-17,EMR,6533,2761,3772,803,1278,404,4048,0,0,5760,773,ITH,ITH5,8,Emilia-Romagna,Emilia-Romagna,4459477,79357,1.78,0.15
171,2021-02-16,EMR,5728,2427,3301,743,908,437,3640,0,0,5198,530,ITH,ITH5,8,Emilia-Romagna,Emilia-Romagna,4459477,85085,1.91,0.13
172,2021-02-18,EMR,7042,2891,4151,891,531,236,5384,0,0,6460,582,ITH,ITH5,8,Emilia-Romagna,Emilia-Romagna,4459477,92127,2.07,0.16
173,2021-02-20,EMR,5309,2100,3209,406,239,155,4509,0,0,5045,264,ITH,ITH5,8,Emilia-Romagna,Emilia-Romagna,4459477,97436,2.18,0.12
174,2021-02-15,EMR,2890,845,2045,1981,463,157,289,0,0,2764,126,ITH,ITH5,8,Emilia-Romagna,Emilia-Romagna,4459477,100326,2.25,0.06
175,2021-01-17,EMR,2889,887,2002,1913,425,547,0,0,4,2643,246,ITH,ITH5,8,Emilia-Romagna,Emilia-Romagna,4459477,103215,2.31,0.06
176,2020-12-31,EMR,2204,776,1428,1675,202,327,0,0,0,2204,0,ITH,ITH5,8,Emilia-Romagna,Emilia-Romagna,4459477,105419,2.36,0.05
177,2021-03-19,EMR,13120,5506,7614,1015,2175,54,9479,78,319,5987,7133,ITH,ITH5,8,Emilia-Romagna,Emilia-Romagna,4459477,118539,2.66,0.29
178,2021-03-10,EMR,18141,7318,10823,1314,1228,128,9894,1113,4464,12518,5623,ITH,ITH5,8,Emilia-Romagna,Emilia-Romagna,4459477,136680,3.06,0.41
179,2021-02-27,EMR,10941,3987,6954,1719,499,114,7671,0,938,9210,1731,ITH,ITH5,8,Emilia-Romagna,Emilia-Romagna,4459477,147621,3.31,0.25
180,2021-01-09,EMR,9874,3425,6449,7824,1169,881,0,0,0,9874,0,ITH,ITH5,8,Emilia-Romagna,Emilia-Romagna,4459477,157495,3.53,0.22
181,2021-01-08,EMR,10808,3555,7253,8454,1274,1080,0,0,0,10808,0,ITH,ITH5,8,Emilia-Romagna,Emilia-Romagna,4459477,168303,3.77,0.24
182,2021-02-24,EMR,9270,3542,5728,639,582,220,7766,0,63,8411,859,ITH,ITH5,8,Emilia-Romagna,Emilia-Romagna,4459477,177573,3.98,0.21
183,2021-03-05,EMR,17478,5679,11799,3063,1475,244,6249,531,5916,14084,3394,ITH,ITH5,8,Emilia-Romagna,Emilia-Romagna,4459477,195051,4.37,0.39
184,2021-01-30,EMR,10037,3508,6529,7562,1706,769,0,0,0,143,9894,ITH,ITH5,8,Emilia-Romagna,Emilia-Romagna,4459477,205088,4.6,0.23
185,2021-01-11,EMR,9323,3266,6057,6574,1482,1267,0,0,0,9323,0,ITH,ITH5,8,Emilia-Romagna,Emilia-Romagna,4459477,214411,4.81,0.21
186,2021-01-25,EMR,6413,2128,4285,5231,504,678,0,0,0,221,6192,ITH,ITH5,8,Emilia-Romagna,Emilia-Romagna,4459477,220824,4.95,0.14
187,2021-03-20,EMR,15186,6264,8922,695,4360,79,9154,72,826,8369,6817,ITH,ITH5,8,Emilia-Romagna,Emilia-Romagna,4459477,236010,5.29,0.34
188,2021-02-07,EMR,4786,1534,3252,3685,644,444,10,0,3,1727,3059,ITH,ITH5,8,Emilia-Romagna,Emilia-Romagna,4459477,240796,5.4,0.11
189,2021-01-02,EMR,2347,903,1444,2071,79,197,0,0,0,2347,0,ITH,ITH5,8,Emilia-Romagna,Emilia-Romagna,4459477,243143,5.45,0.05
190,2021-01-20,EMR,1321,269,1052,391,143,787,0,0,0,1320,1,ITH,ITH5,8,Emilia-Romagna,Emilia-Romagna,4459477,244464,5.48,0.03
191,2021-01-06,EMR,8262,2941,5321,6850,761,650,0,1,0,8262,0,ITH,ITH5,8,Emilia-Romagna,Emilia-Romagna,4459477,252726,5.67,0.19
192,2021-01-31,EMR,7692,2758,4934,6172,1259,261,0,0,0,242,7450,ITH,ITH5,8,Emilia-Romagna,Emilia-Romagna,4459477,260418,5.84,0.17
193,2021-03-14,EMR,8465,3620,4845,699,942,69,5494,359,902,4689,3776,ITH,ITH5,8,Emilia-Romagna,Emilia-Romagna,4459477,268883,6.03,0.19
194,2021-02-25,EMR,9151,3472,5679,793,514,140,7619,0,85,8200,951,ITH,ITH5,8,Emilia-Romagna,Emilia-Romagna,4459477,278034,6.23,0.21
195,2021-03-17,EMR,13419,5566,7853,351,1341,49,11659,0,19,5698,7721,ITH,ITH5,8,Emilia-Romagna,Emilia-Romagna,4459477,291453,6.54,0.3
196,2021-02-02,EMR,9431,3030,6401,6230,1490,1630,80,0,1,497,8934,ITH,ITH5,8,Emilia-Romagna,Emilia-Romagna,4459477,300884,6.75,0.21
197,2021-01-21,EMR,2151,725,1426,1282,216,653,0,0,0,809,1342,ITH,ITH5,8,Emilia-Romagna,Emilia-Romagna,4459477,303035,6.8,0.05
198,2021-01-19,EMR,2039,502,1537,745,135,1159,0,0,0,2022,17,ITH,ITH5,8,Emilia-Romagna,Emilia-Romagna,4459477,305074,6.84,0.05
199,2021-01-18,EMR,3125,879,2246,1681,316,1128,0,0,0,2448,677,ITH,ITH5,8,Emilia-Romagna,Emilia-Romagna,4459477,308199,6.91,0.07
200,2020-12-27,EMR,968,372,596,824,118,26,0,0,0,968,0,ITH,ITH5,8,Emilia-Romagna,Emilia-Romagna,4459477,309167,6.93,0.02
201,2021-01-05,EMR,9324,3163,6161,7924,635,765,0,0,0,9324,0,ITH,ITH5,8,Emilia-Romagna,Emilia-Romagna,4459477,318491,7.14,0.21
202,2021-01-26,EMR,8325,3000,5325,6599,694,1032,0,0,0,217,8108,ITH,ITH5,8,Emilia-Romagna,Emilia-Romagna,4459477,326816,7.33,0.19
203,2021-02-04,EMR,9902,3191,6711,6426,1684,1674,118,0,0,1237,8665,ITH,ITH5,8,Emilia-Romagna,Emilia-Romagna,4459477,336718,7.55,0.22
204,2021-03-08,EMR,11444,4506,6938,2297,1031,295,4272,1212,2337,8821,2623,ITH,ITH5,8,Emilia-Romagna,Emilia-Romagna,4459477,348162,7.81,0.26
205,2021-01-15,EMR,7699,2393,5306,5297,1084,1317,0,0,1,7699,0,ITH,ITH5,8,Emilia-Romagna,Emilia-Romagna,4459477,355861,7.98,0.17
206,2021-01-04,EMR,7258,2510,4748,6165,516,577,0,0,0,7258,0,ITH,ITH5,8,Emilia-Romagna,Emilia-Romagna,4459477,363119,8.14,0.16
207,2021-03-12,EMR,17542,7172,10370,1575,1798,283,9771,1094,3021,10861,6681,ITH,ITH5,8,Emilia-Romagna,Emilia-Romagna,4459477,380661,8.54,0.39
208,2021-02-03,EMR,9269,2972,6297,6227,1340,1617,85,0,0,953,8316,ITH,ITH5,8,Emilia-Romagna,Emilia-Romagna,4459477,389930,8.74,0.21
209,2021-01-03,EMR,2729,934,1795,2479,80,170,0,0,0,2729,0,ITH,ITH5,8,Emilia-Romagna,Emilia-Romagna,4459477,392659,8.81,0.06
210,2021-01-16,EMR,5592,1717,3875,3687,793,1108,0,3,1,5592,0,ITH,ITH5,8,Emilia-Romagna,Emilia-Romagna,4459477,398251,8.93,0.13
211,2021-03-15,EMR,12580,5638,6942,789,1286,141,9062,777,525,6161,6419,ITH,ITH5,8,Emilia-Romagna,Emilia-Romagna,4459477,410831,9.21,0.28
212,2021-01-29,EMR,10326,3477,6849,8081,1228,1017,0,0,0,289,10037,ITH,ITH5,8,Emilia-Romagna,Emilia-Romagna,4459477,421157,9.44,0.23
213,2021-02-12,EMR,5308,1676,3632,3391,908,704,305,0,0,3908,1400,ITH,ITH5,8,Emilia-Romagna,Emilia-Romagna,4459477,426465,9.56,0.12
214,2021-03-01,EMR,9985,3542,6443,1819,596,433,5586,309,1242,7744,2241,ITH,ITH5,8,Emilia-Romagna,Emilia-Romagna,4459477,436450,9.79,0.22
215,2021-01-10,EMR,7125,2663,4462,5642,977,499,6,0,1,7125,0,ITH,ITH5,8,Emilia-Romagna,Emilia-Romagna,4459477,443575,9.95,0.16
216,2021-01-12,EMR,9313,3084,6229,6349,1333,1631,0,0,0,9313,0,ITH,ITH5,8,Emilia-Romagna,Emilia-Romagna,4459477,452888,10.16,0.21
217,2021-02-26,EMR,7615,2887,4728,1008,624,217,5463,0,303,6578,1037,ITH,ITH5,8,Emilia-Romagna,Emilia-Romagna,4459477,460503,10.33,0.17
218,2021-02-19,EMR,7293,3002,4291,818,368,257,5850,0,0,6790,503,ITH,ITH5,8,Emilia-Romagna,Emilia-Romagna,4459477,467796,10.49,0.16
219,2021-03-21,EMR,11110,4811,6299,563,3925,106,5904,55,557,6619,4491,ITH,ITH5,8,Emilia-Romagna,Emilia-Romagna,4459477,478906,10.74,0.25
220,2021-01-13,EMR,9062,2938,6124,6005,1312,1744,0,0,1,9062,0,ITH,ITH5,8,Emilia-Romagna,Emilia-Romagna,4459477,487968,10.94,0.2
221,2021-02-06,EMR,7526,2379,5147,5358,946,1172,50,0,0,2120,5406,ITH,ITH5,8,Emilia-Romagna,Emilia-Romagna,4459477,495494,11.11,0.17
222,2021-02-09,EMR,4150,1246,2904,2217,467,1198,268,0,0,2305,1845,ITH,ITH5,8,Emilia-Romagna,Emilia-Romagna,4459477,499644,11.2,0.09
223,2021-02-05,EMR,9293,2959,6334,6211,1287,1607,187,0,1,1625,7668,ITH,ITH5,8,Emilia-Romagna,Emilia-Romagna,4459477,508937,11.41,0.21
224,2021-02-21,EMR,4406,1693,2713,394,269,190,3553,0,0,3969,437,ITH,ITH5,8,Emilia-Romagna,Emilia-Romagna,4459477,513343,11.51,0.1
225,2021-02-28,EMR,6813,2524,4289,1769,461,53,4222,4,304,4970,1843,ITH,ITH5,8,Emilia-Romagna,Emilia-Romagna,4459477,520156,11.66,0.15
226,2021-02-14,EMR,1398,377,1021,858,482,39,19,0,0,1278,120,ITH,ITH5,8,Emilia-Romagna,Emilia-Romagna,4459477,521554,11.7,0.03
227,2021-01-07,EMR,10208,3381,6827,8181,959,1068,0,0,0,10208,0,ITH,ITH5,8,Emilia-Romagna,Emilia-Romagna,4459477,531762,11.92,0.23
228,2021-02-23,EMR,8190,3212,4978,407,317,112,7353,0,1,7805,385,ITH,ITH5,8,Emilia-Romagna,Emilia-Romagna,4459477,539952,12.11,0.18
229,2021-02-08,EMR,5185,1519,3666,2827,693,1478,186,0,1,2290,2895,ITH,ITH5,8,Emilia-Romagna,Emilia-Romagna,4459477,545137,12.22,0.12
230,2021-02-22,EMR,7462,3080,4382,386,218,129,6729,0,0,7199,263,ITH,ITH5,8,Emilia-Romagna,Emilia-Romagna,4459477,552599,12.39,0.17
231,2021-03-18,EMR,13255,5608,7647,448,2096,19,10642,1,49,5485,7770,ITH,ITH5,8,Emilia-Romagna,Emilia-Romagna,4459477,565854,12.69,0.3
232,2021-01-28,EMR,10220,3333,6887,8068,1030,1122,0,0,0,348,9872,ITH,ITH5,8,Emilia-Romagna,Emilia-Romagna,4459477,576074,12.92,0.23
233,2021-02-01,EMR,10288,3595,6693,7445,1584,1259,0,0,0,365,9923,ITH,ITH5,8,Emilia-Romagna,Emilia-Romagna,4459477,586362,13.15,0.23
234,2021-03-03,EMR,15646,5178,10468,2526,1048,160,6797,340,4775,13204,2442,ITH,ITH5,8,Emilia-Romagna,Emilia-Romagna,4459477,602008,13.5,0.35
235,2021-01-23,EMR,2443,868,1575,1899,114,430,0,0,0,441,2002,ITH,ITH5,8,Emilia-Romagna,Emilia-Romagna,4459477,604451,13.55,0.05
236,2021-03-07,EMR,6528,2433,4095,1452,737,22,2555,513,1249,5013,1515,ITH,ITH5,8,Emilia-Romagna,Emilia-Romagna,4459477,610979,13.7,0.15
237,2021-03-02,EMR,11594,3807,7787,1921,785,221,5268,355,3044,9620,1974,ITH,ITH5,8,Emilia-Romagna,Emilia-Romagna,4459477,622573,13.96,0.26
238,2021-03-13,EMR,15661,6077,9584,1245,1281,73,8217,886,3959,10375,5286,ITH,ITH5,8,Emilia-Romagna,Emilia-Romagna,4459477,638234,14.31,0.35
239,2021-01-14,EMR,8085,2573,5512,5390,1088,1606,0,1,0,8085,0,ITH,ITH5,8,Emilia-Romagna,Emilia-Romagna,4459477,646319,14.49,0.18
240,2021-02-11,EMR,4244,1414,2830,2528,650,719,345,0,2,3406,838,ITH,ITH5,8,Emilia-Romagna,Emilia-Romagna,4459477,650563,14.59,0.1
241,2021-02-10,EMR,3935,1353,2582,2330,574,775,256,0,0,2735,1200,ITH,ITH5,8,Emilia-Romagna,Emilia-Romagna,4459477,654498,14.68,0.09
242,2021-01-27,EMR,8316,2934,5382,6886,775,654,0,1,0,463,7853,ITH,ITH5,8,Emilia-Romagna,Emilia-Romagna,4459477,662814,14.86,0.19
243,2021-03-09,EMR,14335,5763,8572,1023,938,180,7563,1072,3559,10401,3934,ITH,ITH5,8,Emilia-Romagna,Emilia-Romagna,4459477,677149,15.18,0.32
244,2021-02-13,EMR,3603,1077,2526,2779,493,145,186,0,0,3005,598,ITH,ITH5,8,Emilia-Romagna,Emilia-Romagna,4459477,680752,15.27,0.08
245,2021-03-11,EMR,16839,6893,9946,1119,1719,212,8800,1215,3774,11017,5822,ITH,ITH5,8,Emilia-Romagna,Emilia-Romagna,4459477,697591,15.64,0.38
246,2021-01-14,SAR,1105,426,679,885,220,0,0,0,0,1105,0,ITG,ITG2,20,Sardegna,Sardegna,1639591,1105,0.07,0.07
247,2021-01-12,SAR,865,408,457,504,361,0,0,0,0,865,0,ITG,ITG2,20,Sardegna,Sardegna,1639591,1970,0.12,0.05
248,2021-01-23,SAR,60,22,38,60,0,0,0,0,0,0,60,ITG,ITG2,20,Sardegna,Sardegna,1639591,2030,0.12,0.0
249,2021-03-06,SAR,2535,1046,1489,1086,922,405,7,79,36,852,1683,ITG,ITG2,20,Sardegna,Sardegna,1639591,4565,0.28,0.15
250,2021-02-17,SAR,1406,576,830,689,377,313,0,27,0,1332,74,ITG,ITG2,20,Sardegna,Sardegna,1639591,5971,0.36,0.09
251,2021-03-03,SAR,3741,2035,1706,1058,716,525,701,740,1,2603,1138,ITG,ITG2,20,Sardegna,Sardegna,1639591,9712,0.59,0.23
252,2021-02-16,SAR,700,289,411,376,212,112,0,0,0,673,27,ITG,ITG2,20,Sardegna,Sardegna,1639591,10412,0.64,0.04
253,2021-01-09,SAR,4026,1417,2609,3181,845,0,0,0,0,4026,0,ITG,ITG2,20,Sardegna,Sardegna,1639591,14438,0.88,0.25
254,2021-01-29,SAR,2951,1067,1884,2580,368,3,0,0,0,48,2903,ITG,ITG2,20,Sardegna,Sardegna,1639591,17389,1.06,0.18
255,2021-02-18,SAR,1876,732,1144,1072,362,298,1,33,110,1812,64,ITG,ITG2,20,Sardegna,Sardegna,1639591,19265,1.17,0.11
256,2021-01-08,SAR,3257,1184,2073,2929,328,0,0,0,0,3257,0,ITG,ITG2,20,Sardegna,Sardegna,1639591,22522,1.37,0.2
257,2021-02-08,SAR,1470,533,937,998,345,126,1,0,0,856,614,ITG,ITG2,20,Sardegna,Sardegna,1639591,23992,1.46,0.09
258,2021-01-01,SAR,30,16,14,30,0,0,0,0,0,30,0,ITG,ITG2,20,Sardegna,Sardegna,1639591,24022,1.47,0.0
259,2021-02-22,SAR,1623,944,679,597,404,180,2,440,0,1395,228,ITG,ITG2,20,Sardegna,Sardegna,1639591,25645,1.56,0.1
260,2021-03-04,SAR,3881,1889,1992,953,860,462,1092,475,39,2733,1148,ITG,ITG2,20,Sardegna,Sardegna,1639591,29526,1.8,0.24
261,2021-01-22,SAR,83,47,36,45,38,0,0,0,0,55,28,ITG,ITG2,20,Sardegna,Sardegna,1639591,29609,1.81,0.01
262,2021-03-01,SAR,2159,1054,1105,1135,444,141,104,334,1,1500,659,ITG,ITG2,20,Sardegna,Sardegna,1639591,31768,1.94,0.13
263,2021-02-27,SAR,1920,647,1273,1059,379,306,176,0,0,1365,555,ITG,ITG2,20,Sardegna,Sardegna,1639591,33688,2.05,0.12
264,2021-02-04,SAR,2271,816,1455,1737,363,170,1,0,0,916,1355,ITG,ITG2,20,Sardegna,Sardegna,1639591,35959,2.19,0.14
265,2020-12-28,SAR,65,25,40,65,0,0,0,0,0,65,0,ITG,ITG2,20,Sardegna,Sardegna,1639591,36024,2.2,0.0
266,2021-02-26,SAR,2797,1107,1690,1224,1070,221,203,74,5,2491,306,ITG,ITG2,20,Sardegna,Sardegna,1639591,38821,2.37,0.17
267,2021-03-21,SAR,3662,1621,2041,63,402,0,2520,102,575,2223,1439,ITG,ITG2,20,Sardegna,Sardegna,1639591,42483,2.59,0.22
268,2021-02-23,SAR,1519,1010,509,602,521,89,6,301,0,1285,234,ITG,ITG2,20,Sardegna,Sardegna,1639591,44002,2.68,0.09
269,2021-03-11,SAR,5744,2597,3147,1009,1061,416,2667,489,102,4527,1217,ITG,ITG2,20,Sardegna,Sardegna,1639591,49746,3.03,0.35
270,2021-03-09,SAR,5140,2368,2772,1055,892,285,2266,332,310,4410,730,ITG,ITG2,20,Sardegna,Sardegna,1639591,54886,3.35,0.31
271,2021-03-15,SAR,2679,1215,1464,457,648,85,323,149,1017,2306,373,ITG,ITG2,20,Sardegna,Sardegna,1639591,57565,3.51,0.16
272,2021-03-12,SAR,5616,2352,3264,1035,1255,456,2440,271,159,4307,1309,ITG,ITG2,20,Sardegna,Sardegna,1639591,63181,3.85,0.34
273,2021-02-01,SAR,1524,605,919,896,551,77,0,0,0,225,1299,ITG,ITG2,20,Sardegna,Sardegna,1639591,64705,3.95,0.09
274,2021-01-04,SAR,591,217,374,565,26,0,0,0,0,591,0,ITG,ITG2,20,Sardegna,Sardegna,1639591,65296,3.98,0.04
275,2021-02-09,SAR,2286,837,1449,1308,479,497,1,0,1,1290,996,ITG,ITG2,20,Sardegna,Sardegna,1639591,67582,4.12,0.14
276,2021-01-31,SAR,2121,750,1371,1544,576,0,1,0,0,48,2073,ITG,ITG2,20,Sardegna,Sardegna,1639591,69703,4.25,0.13
277,2021-02-21,SAR,1584,709,875,66,32,59,1421,6,0,1554,30,ITG,ITG2,20,Sardegna,Sardegna,1639591,71287,4.35,0.1
278,2021-01-07,SAR,3111,1077,2034,2720,380,0,0,11,0,3111,0,ITG,ITG2,20,Sardegna,Sardegna,1639591,74398,4.54,0.19
279,2021-01-13,SAR,573,178,395,494,79,0,0,0,0,573,0,ITG,ITG2,20,Sardegna,Sardegna,1639591,74971,4.57,0.03
280,2021-03-18,SAR,6523,2731,3792,1069,1433,354,3599,6,62,4921,1602,ITG,ITG2,20,Sardegna,Sardegna,1639591,81494,4.97,0.4
281,2021-02-05,SAR,1897,749,1148,1214,515,164,1,3,0,433,1464,ITG,ITG2,20,Sardegna,Sardegna,1639591,83391,5.09,0.12
282,2021-01-02,SAR,60,21,39,60,0,0,0,0,0,60,0,ITG,ITG2,20,Sardegna,Sardegna,1639591,83451,5.09,0.0
283,2021-03-23,SAR,2620,1177,1443,249,390,112,1461,67,341,2136,484,ITG,ITG2,20,Sardegna,Sardegna,1639591,86071,5.25,0.16
284,2021-02-02,SAR,1482,655,827,988,494,0,0,0,0,241,1241,ITG,ITG2,20,Sardegna,Sardegna,1639591,87553,5.34,0.09
285,2021-01-20,SAR,210,77,133,154,56,0,0,0,0,208,2,ITG,ITG2,20,Sardegna,Sardegna,1639591,87763,5.35,0.01
286,2021-01-05,SAR,1327,446,881,1283,44,0,0,0,0,1327,0,ITG,ITG2,20,Sardegna,Sardegna,1639591,89090,5.43,0.08
287,2020-12-31,SAR,32,16,16,28,4,0,0,0,0,32,0,ITG,ITG2,20,Sardegna,Sardegna,1639591,89122,5.44,0.0
288,2021-01-19,SAR,747,270,477,423,163,160,0,0,1,692,55,ITG,ITG2,20,Sardegna,Sardegna,1639591,89869,5.48,0.05
289,2021-02-07,SAR,1116,394,722,975,141,0,0,0,0,228,888,ITG,ITG2,20,Sardegna,Sardegna,1639591,90985,5.55,0.07
290,2021-01-26,SAR,1336,453,883,1296,39,0,0,0,1,27,1309,ITG,ITG2,20,Sardegna,Sardegna,1639591,92321,5.63,0.08
291,2021-02-28,SAR,367,169,198,244,76,47,0,0,0,141,226,ITG,ITG2,20,Sardegna,Sardegna,1639591,92688,5.65,0.02
292,2021-01-28,SAR,2968,1044,1924,2554,403,0,0,11,0,69,2899,ITG,ITG2,20,Sardegna,Sardegna,1639591,95656,5.83,0.18
293,2021-01-10,SAR,2183,750,1433,1632,551,0,0,0,0,2183,0,ITG,ITG2,20,Sardegna,Sardegna,1639591,97839,5.97,0.13
294,2020-12-27,SAR,65,34,31,65,0,0,0,0,0,65,0,ITG,ITG2,20,Sardegna,Sardegna,1639591,97904,5.97,0.0
295,2021-01-27,SAR,1408,494,914,1303,105,0,0,0,0,79,1329,ITG,ITG2,20,Sardegna,Sardegna,1639591,99312,6.06,0.09
296,2021-03-19,SAR,6585,2710,3875,1315,1943,221,2907,189,10,4371,2214,ITG,ITG2,20,Sardegna,Sardegna,1639591,105897,6.46,0.4
297,2021-01-16,SAR,1492,525,967,1282,209,0,0,0,1,1492,0,ITG,ITG2,20,Sardegna,Sardegna,1639591,107389,6.55,0.09
298,2021-01-17,SAR,860,277,583,747,113,0,0,0,0,859,1,ITG,ITG2,20,Sardegna,Sardegna,1639591,108249,6.6,0.05
299,2021-03-17,SAR,6091,2620,3471,1072,1402,528,2958,3,128,4484,1607,ITG,ITG2,20,Sardegna,Sardegna,1639591,114340,6.97,0.37
300,2021-03-20,SAR,4907,1952,2955,695,559,127,2566,105,855,2631,2276,ITG,ITG2,20,Sardegna,Sardegna,1639591,119247,7.27,0.3
301,2021-02-24,SAR,2410,1292,1118,1193,614,301,3,299,0,2221,189,ITG,ITG2,20,Sardegna,Sardegna,1639591,121657,7.42,0.15
302,2021-03-14,SAR,606,376,230,34,236,0,251,73,12,606,0,ITG,ITG2,20,Sardegna,Sardegna,1639591,122263,7.46,0.04
303,2021-03-16,SAR,4040,1796,2244,644,864,311,2213,0,8,3109,931,ITG,ITG2,20,Sardegna,Sardegna,1639591,126303,7.7,0.25
304,2021-02-14,SAR,539,263,276,286,193,57,3,0,0,537,2,ITG,ITG2,20,Sardegna,Sardegna,1639591,126842,7.74,0.03
305,2021-03-05,SAR,4957,2427,2530,1692,1361,669,566,659,10,2669,2288,ITG,ITG2,20,Sardegna,Sardegna,1639591,131799,8.04,0.3
306,2021-01-25,SAR,588,212,376,553,35,0,0,0,0,22,566,ITG,ITG2,20,Sardegna,Sardegna,1639591,132387,8.07,0.04
307,2021-02-19,SAR,1495,470,1025,677,437,379,1,1,0,1439,56,ITG,ITG2,20,Sardegna,Sardegna,1639591,133882,8.17,0.09
308,2021-02-25,SAR,2899,1255,1644,1474,738,466,161,51,9,2293,606,ITG,ITG2,20,Sardegna,Sardegna,1639591,136781,8.34,0.18
309,2021-01-06,SAR,1615,549,1066,1510,105,0,0,0,0,1615,0,ITG,ITG2,20,Sardegna,Sardegna,1639591,138396,8.44,0.1
310,2020-12-29,SAR,57,32,25,56,1,0,0,0,0,57,0,ITG,ITG2,20,Sardegna,Sardegna,1639591,138453,8.44,0.0
311,2021-01-11,SAR,1183,505,678,656,526,0,1,0,0,1183,0,ITG,ITG2,20,Sardegna,Sardegna,1639591,139636,8.52,0.07
312,2021-03-08,SAR,3965,1777,2188,732,1160,624,852,444,153,2776,1189,ITG,ITG2,20,Sardegna,Sardegna,1639591,143601,8.76,0.24
313,2021-02-12,SAR,2237,933,1304,986,749,501,1,0,0,2178,59,ITG,ITG2,20,Sardegna,Sardegna,1639591,145838,8.89,0.14
314,2021-01-15,SAR,1563,573,990,1170,390,0,0,3,0,1563,0,ITG,ITG2,20,Sardegna,Sardegna,1639591,147401,8.99,0.1
315,2021-01-21,SAR,126,60,66,60,66,0,0,0,0,94,32,ITG,ITG2,20,Sardegna,Sardegna,1639591,147527,9.0,0.01
316,2021-02-10,SAR,1959,765,1194,1169,301,488,0,0,1,1441,518,ITG,ITG2,20,Sardegna,Sardegna,1639591,149486,9.12,0.12
317,2021-03-13,SAR,2723,1059,1664,274,394,145,1734,43,133,2442,281,ITG,ITG2,20,Sardegna,Sardegna,1639591,152209,9.28,0.17
318,2021-02-03,SAR,1118,418,700,919,180,19,0,0,0,426,692,ITG,ITG2,20,Sardegna,Sardegna,1639591,153327,9.35,0.07
319,2021-01-30,SAR,3862,1392,2470,2987,874,0,1,0,0,362,3500,ITG,ITG2,20,Sardegna,Sardegna,1639591,157189,9.59,0.24
320,2021-02-20,SAR,2037,854,1183,483,157,195,1201,0,1,1703,334,ITG,ITG2,20,Sardegna,Sardegna,1639591,159226,9.71,0.12
321,2021-01-03,SAR,90,36,54,89,1,0,0,0,0,90,0,ITG,ITG2,20,Sardegna,Sardegna,1639591,159316,9.72,0.01
322,2021-03-22,SAR,3496,1337,2159,814,571,109,801,66,1135,2983,513,ITG,ITG2,20,Sardegna,Sardegna,1639591,162812,9.93,0.21
323,2021-02-13,SAR,1454,563,891,732,464,253,0,0,5,1452,2,ITG,ITG2,20,Sardegna,Sardegna,1639591,164266,10.02,0.09
324,2021-02-06,SAR,1970,697,1273,1544,286,139,0,0,1,569,1401,ITG,ITG2,20,Sardegna,Sardegna,1639591,166236,10.14,0.12
325,2021-02-15,SAR,958,349,609,440,239,279,0,0,0,927,31,ITG,ITG2,20,Sardegna,Sardegna,1639591,167194,10.2,0.06
326,2021-03-07,SAR,1590,724,866,307,238,32,1011,0,2,1117,473,ITG,ITG2,20,Sardegna,Sardegna,1639591,168784,10.29,0.1
327,2021-03-02,SAR,2739,1415,1324,1045,730,260,319,383,2,1706,1033,ITG,ITG2,20,Sardegna,Sardegna,1639591,171523,10.46,0.17
328,2021-02-11,SAR,1314,490,824,588,356,369,1,0,0,1203,111,ITG,ITG2,20,Sardegna,Sardegna,1639591,172837,10.54,0.08
329,2021-01-24,SAR,90,34,56,89,1,0,0,0,0,5,85,ITG,ITG2,20,Sardegna,Sardegna,1639591,172927,10.55,0.01
330,2021-01-18,SAR,904,326,578,714,190,0,0,0,0,780,124,ITG,ITG2,20,Sardegna,Sardegna,1639591,173831,10.6,0.06
331,2021-03-10,SAR,5773,2794,2979,719,885,414,2763,657,335,4918,855,ITG,ITG2,20,Sardegna,Sardegna,1639591,179604,10.95,0.35
332,2021-02-06,CAM,5341,2665,2676,1990,2877,459,15,0,0,2103,3238,ITF,ITF3,15,Campania,Campania,5801692,5341,0.09,0.09
333,2021-01-10,CAM,8165,3736,4429,5179,2889,97,0,0,0,8165,0,ITF,ITF3,15,Campania,Campania,5801692,13506,0.23,0.14
334,2021-02-05,CAM,7261,3463,3798,3447,3497,308,9,0,0,2133,5128,ITF,ITF3,15,Campania,Campania,5801692,20767,0.36,0.13
335,2021-01-29,CAM,10052,4812,5240,6405,3388,259,0,0,0,47,10005,ITF,ITF3,15,Campania,Campania,5801692,30819,0.53,0.17
336,2021-01-21,CAM,2093,1116,977,1379,639,75,0,0,0,677,1416,ITF,ITF3,15,Campania,Campania,5801692,32912,0.57,0.04
337,2021-01-13,CAM,8019,3665,4354,4350,3082,587,0,0,0,8019,0,ITF,ITF3,15,Campania,Campania,5801692,40931,0.71,0.14
338,2021-01-03,CAM,3837,2009,1828,3191,646,0,0,0,0,3837,0,ITF,ITF3,15,Campania,Campania,5801692,44768,0.77,0.07
339,2021-01-12,CAM,5214,2563,2651,3439,1435,340,0,0,0,5214,0,ITF,ITF3,15,Campania,Campania,5801692,49982,0.86,0.09
340,2021-02-19,CAM,9556,3557,5999,1647,1128,161,4453,0,2167,8906,650,ITF,ITF3,15,Campania,Campania,5801692,59538,1.03,0.16
341,2020-12-27,CAM,720,422,298,703,17,0,0,0,0,720,0,ITF,ITF3,15,Campania,Campania,5801692,60258,1.04,0.01
342,2021-03-18,CAM,12157,5377,6780,444,2492,34,8658,74,455,5970,6187,ITF,ITF3,15,Campania,Campania,5801692,72415,1.25,0.21
343,2021-03-05,CAM,16472,6347,10125,1640,5427,64,5029,4,4308,9814,6658,ITF,ITF3,15,Campania,Campania,5801692,88887,1.53,0.28
344,2021-02-26,CAM,13329,4230,9099,623,2381,223,3222,1,6879,11994,1335,ITF,ITF3,15,Campania,Campania,5801692,102216,1.76,0.23
345,2021-01-07,CAM,8910,4166,4744,6313,2265,332,0,0,0,8910,0,ITF,ITF3,15,Campania,Campania,5801692,111126,1.92,0.15
346,2021-03-12,CAM,14234,7084,7150,979,4700,82,5285,1234,1954,8154,6080,ITF,ITF3,15,Campania,Campania,5801692,125360,2.16,0.25
347,2021-01-18,CAM,957,399,558,576,194,187,0,0,0,713,244,ITF,ITF3,15,Campania,Campania,5801692,126317,2.18,0.02
348,2021-03-13,CAM,14257,6793,7464,342,4234,193,5318,1197,2973,8972,5285,ITF,ITF3,15,Campania,Campania,5801692,140574,2.42,0.25
349,2021-02-22,CAM,10613,3282,7331,512,2276,139,3867,0,3819,10351,262,ITF,ITF3,15,Campania,Campania,5801692,151187,2.61,0.18
350,2021-01-16,CAM,3369,1675,1694,1355,1641,373,0,0,0,3369,0,ITF,ITF3,15,Campania,Campania,5801692,154556,2.66,0.06
351,2021-01-06,CAM,7652,3749,3903,5781,1571,300,0,0,0,7652,0,ITF,ITF3,15,Campania,Campania,5801692,162208,2.8,0.13
352,2021-03-16,CAM,8091,3522,4569,287,1817,60,5789,23,115,3777,4314,ITF,ITF3,15,Campania,Campania,5801692,170299,2.94,0.14
353,2021-01-01,CAM,919,506,413,831,88,0,0,0,0,919,0,ITF,ITF3,15,Campania,Campania,5801692,171218,2.95,0.02
354,2021-02-11,CAM,6279,2705,3574,1861,1926,129,2363,0,0,6213,66,ITF,ITF3,15,Campania,Campania,5801692,177497,3.06,0.11
355,2021-03-04,CAM,14645,5345,9300,1788,5088,135,4198,1,3435,8752,5893,ITF,ITF3,15,Campania,Campania,5801692,192142,3.31,0.25
356,2021-01-24,CAM,4128,2123,2005,3140,822,166,0,0,0,383,3745,ITF,ITF3,15,Campania,Campania,5801692,196270,3.38,0.07
357,2021-02-16,CAM,5437,2410,3027,911,1183,169,3174,0,0,4666,771,ITF,ITF3,15,Campania,Campania,5801692,201707,3.48,0.09
358,2021-01-25,CAM,5744,2926,2818,4743,945,56,0,0,0,164,5580,ITF,ITF3,15,Campania,Campania,5801692,207451,3.58,0.1
359,2021-02-27,CAM,13941,4470,9471,597,3062,78,3146,0,7058,12299,1642,ITF,ITF3,15,Campania,Campania,5801692,221392,3.82,0.24
360,2021-02-18,CAM,9078,3811,5267,1710,1342,70,5520,0,436,8370,708,ITF,ITF3,15,Campania,Campania,5801692,230470,3.97,0.16
361,2021-02-17,CAM,7388,3210,4178,995,1085,38,4908,0,362,6328,1060,ITF,ITF3,15,Campania,Campania,5801692,237858,4.1,0.13
362,2021-01-09,CAM,10566,5024,5542,6759,3538,269,0,0,0,10566,0,ITF,ITF3,15,Campania,Campania,5801692,248424,4.28,0.18
363,2021-02-08,CAM,5113,2449,2664,1388,2121,226,1378,0,0,4311,802,ITF,ITF3,15,Campania,Campania,5801692,253537,4.37,0.09
364,2021-03-02,CAM,12746,4550,8196,1266,4352,148,1938,2,5040,8402,4344,ITF,ITF3,15,Campania,Campania,5801692,266283,4.59,0.22
365,2021-03-22,CAM,12757,5923,6834,219,6563,71,3396,315,2193,10719,2038,ITF,ITF3,15,Campania,Campania,5801692,279040,4.81,0.22
366,2021-01-23,CAM,3839,2029,1810,3161,609,69,0,0,0,273,3566,ITF,ITF3,15,Campania,Campania,5801692,282879,4.88,0.07
367,2021-03-17,CAM,11573,5092,6481,459,2063,49,8868,20,114,4997,6576,ITF,ITF3,15,Campania,Campania,5801692,294452,5.08,0.2
368,2021-03-23,CAM,5429,2440,2989,108,2144,67,1755,66,1289,4166,1263,ITF,ITF3,15,Campania,Campania,5801692,299881,5.17,0.09
369,2021-02-13,CAM,5508,2549,2959,952,808,131,3615,0,2,5291,217,ITF,ITF3,15,Campania,Campania,5801692,305389,5.26,0.09
370,2021-01-08,CAM,10455,4969,5486,6714,3529,212,0,0,0,10455,0,ITF,ITF3,15,Campania,Campania,5801692,315844,5.44,0.18
371,2021-03-20,CAM,13900,6428,7472,219,5173,35,6143,288,2042,10160,3740,ITF,ITF3,15,Campania,Campania,5801692,329744,5.68,0.24
372,2021-02-15,CAM,5469,2515,2954,976,1002,94,3395,1,1,5296,173,ITF,ITF3,15,Campania,Campania,5801692,335213,5.78,0.09
373,2021-02-07,CAM,2936,1386,1550,712,1708,226,290,0,0,2158,778,ITF,ITF3,15,Campania,Campania,5801692,338149,5.83,0.05
374,2021-02-09,CAM,4643,2202,2441,1148,2151,6,1338,0,0,4391,252,ITF,ITF3,15,Campania,Campania,5801692,342792,5.91,0.08
375,2021-03-01,CAM,12119,4243,7876,1095,3710,145,1723,0,5446,8008,4111,ITF,ITF3,15,Campania,Campania,5801692,354911,6.12,0.21
376,2021-02-04,CAM,7943,3429,4514,3965,3685,292,1,0,0,1308,6635,ITF,ITF3,15,Campania,Campania,5801692,362854,6.25,0.14
377,2020-12-31,CAM,1490,811,679,1273,216,1,0,0,0,1490,0,ITF,ITF3,15,Campania,Campania,5801692,364344,6.28,0.03
378,2021-03-19,CAM,11014,4864,6150,263,3021,21,7226,28,455,7149,3865,ITF,ITF3,15,Campania,Campania,5801692,375358,6.47,0.19
379,2021-02-24,CAM,11768,4143,7625,712,2311,145,5096,0,3504,11080,688,ITF,ITF3,15,Campania,Campania,5801692,387126,6.67,0.2
380,2021-02-28,CAM,10400,3204,7196,485,3656,22,1943,0,4294,8501,1899,ITF,ITF3,15,Campania,Campania,5801692,397526,6.85,0.18
381,2021-01-14,CAM,7072,2976,4096,3706,3016,350,0,0,0,7072,0,ITF,ITF3,15,Campania,Campania,5801692,404598,6.97,0.12
382,2021-02-25,CAM,12422,4479,7943,600,2672,124,4916,0,4110,11234,1188,ITF,ITF3,15,Campania,Campania,5801692,417020,7.19,0.21
383,2021-01-17,CAM,1155,551,604,718,286,151,0,0,0,702,453,ITF,ITF3,15,Campania,Campania,5801692,418175,7.21,0.02
384,2021-02-21,CAM,5834,2239,3595,780,653,22,3871,0,508,5609,225,ITF,ITF3,15,Campania,Campania,5801692,424009,7.31,0.1
385,2021-02-20,CAM,8565,3079,5486,1015,858,145,4582,0,1965,8262,303,ITF,ITF3,15,Campania,Campania,5801692,432574,7.46,0.15
386,2021-02-10,CAM,6904,3413,3491,1945,2703,98,2158,0,0,6728,176,ITF,ITF3,15,Campania,Campania,5801692,439478,7.57,0.12
387,2021-03-14,CAM,8542,3734,4808,137,2215,36,3623,844,1687,4404,4138,ITF,ITF3,15,Campania,Campania,5801692,448020,7.72,0.15
388,2021-03-06,CAM,16296,6747,9549,957,4431,172,5827,1027,3882,10630,5666,ITF,ITF3,15,Campania,Campania,5801692,464316,8.0,0.28
389,2021-03-21,CAM,9947,4571,5376,164,5348,17,2695,186,1537,7578,2369,ITF,ITF3,15,Campania,Campania,5801692,474263,8.17,0.17
390,2021-03-10,CAM,15236,7371,7865,638,3997,26,7285,1006,2284,8408,6828,ITF,ITF3,15,Campania,Campania,5801692,489499,8.44,0.26
391,2021-03-08,CAM,14502,6703,7799,835,5195,36,4175,1334,2927,9727,4775,ITF,ITF3,15,Campania,Campania,5801692,504001,8.69,0.25
392,2021-02-23,CAM,10988,3383,7605,514,2211,288,3688,0,4287,10462,526,ITF,ITF3,15,Campania,Campania,5801692,514989,8.88,0.19
393,2021-03-03,CAM,13921,5495,8426,2017,5280,158,3468,3,2995,7292,6629,ITF,ITF3,15,Campania,Campania,5801692,528910,9.12,0.24
394,2021-02-14,CAM,3933,1926,2007,550,905,17,2461,0,0,3890,43,ITF,ITF3,15,Campania,Campania,5801692,532843,9.18,0.07
395,2021-01-26,CAM,7297,3701,3596,5742,1333,222,0,0,0,352,6945,ITF,ITF3,15,Campania,Campania,5801692,540140,9.31,0.13
396,2021-02-12,CAM,6555,2876,3679,1812,1467,214,3058,0,4,6343,212,ITF,ITF3,15,Campania,Campania,5801692,546695,9.42,0.11
397,2021-01-22,CAM,1523,775,748,970,344,209,0,0,0,673,850,ITF,ITF3,15,Campania,Campania,5801692,548218,9.45,0.03
398,2021-01-02,CAM,3674,1963,1711,3167,507,0,0,0,0,3674,0,ITF,ITF3,15,Campania,Campania,5801692,551892,9.51,0.06
399,2021-01-20,CAM,1257,650,607,395,761,101,0,0,0,1257,0,ITF,ITF3,15,Campania,Campania,5801692,553149,9.53,0.02
400,2021-03-09,CAM,13861,6629,7232,744,4621,217,3729,1118,3432,10080,3781,ITF,ITF3,15,Campania,Campania,5801692,567010,9.77,0.24
401,2021-01-27,CAM,7737,3820,3917,5837,1630,270,0,0,0,162,7575,ITF,ITF3,15,Campania,Campania,5801692,574747,9.91,0.13
402,2021-01-11,CAM,4072,1871,2201,2386,1434,252,0,0,0,4072,0,ITF,ITF3,15,Campania,Campania,5801692,578819,9.98,0.07
403,2021-01-31,CAM,8067,3711,4356,5107,2893,67,0,0,0,23,8044,ITF,ITF3,15,Campania,Campania,5801692,586886,10.12,0.14
404,2021-02-01,CAM,3985,1813,2172,2504,1329,152,0,0,0,110,3875,ITF,ITF3,15,Campania,Campania,5801692,590871,10.18,0.07
405,2021-01-28,CAM,8832,4122,4710,6216,2269,347,0,0,0,135,8697,ITF,ITF3,15,Campania,Campania,5801692,599703,10.34,0.15
406,2021-01-19,CAM,1095,474,621,534,390,171,0,0,0,1092,3,ITF,ITF3,15,Campania,Campania,5801692,600798,10.36,0.02
407,2021-03-11,CAM,17529,8640,8889,1009,5229,105,7629,986,2571,10251,7278,ITF,ITF3,15,Campania,Campania,5801692,618327,10.66,0.3
408,2021-02-02,CAM,5722,2804,2918,3640,1728,354,0,0,0,443,5279,ITF,ITF3,15,Campania,Campania,5801692,624049,10.76,0.1
409,2021-01-04,CAM,5826,2963,2863,4850,976,0,0,0,0,5826,0,ITF,ITF3,15,Campania,Campania,5801692,629875,10.86,0.1
410,2021-01-15,CAM,4980,2381,2599,2740,2049,191,0,0,0,4980,0,ITF,ITF3,15,Campania,Campania,5801692,634855,10.94,0.09
411,2021-03-15,CAM,13015,6124,6891,483,3821,85,5809,235,2582,8312,4703,ITF,ITF3,15,Campania,Campania,5801692,647870,11.17,0.22
412,2021-02-03,CAM,8902,4002,4900,4735,3452,714,1,0,0,878,8024,ITF,ITF3,15,Campania,Campania,5801692,656772,11.32,0.15
413,2021-03-07,CAM,11911,5344,6567,513,4258,85,3276,1512,2267,8070,3841,ITF,ITF3,15,Campania,Campania,5801692,668683,11.53,0.21
414,2021-01-05,CAM,7237,3638,3599,5810,1321,106,0,0,0,7237,0,ITF,ITF3,15,Campania,Campania,5801692,675920,11.65,0.12
415,2021-01-30,CAM,10721,5079,5642,6930,3564,227,0,0,0,39,10682,ITF,ITF3,15,Campania,Campania,5801692,686641,11.84,0.18
416,2021-01-03,ABR,471,185,286,464,7,0,0,0,0,471,0,ITF,ITF1,13,Abruzzo,Abruzzo,1304970,471,0.04,0.04
417,2021-03-15,ABR,3516,1377,2139,656,569,78,1963,41,209,1701,1815,ITF,ITF1,13,Abruzzo,Abruzzo,1304970,3987,0.31,0.27
418,2021-02-03,ABR,2061,717,1344,1541,402,118,0,0,0,419,1642,ITF,ITF1,13,Abruzzo,Abruzzo,1304970,6048,0.46,0.16
419,2021-01-28,ABR,1433,495,938,1370,62,1,0,0,0,12,1421,ITF,ITF1,13,Abruzzo,Abruzzo,1304970,7481,0.57,0.11
420,2021-03-05,ABR,5261,1937,3324,561,457,107,2582,202,1352,4564,697,ITF,ITF1,13,Abruzzo,Abruzzo,1304970,12742,0.98,0.4
421,2021-02-26,ABR,3919,1671,2248,1025,565,160,1650,257,262,2950,969,ITF,ITF1,13,Abruzzo,Abruzzo,1304970,16661,1.28,0.3
422,2021-02-12,ABR,968,319,649,438,220,310,0,0,0,779,189,ITF,ITF1,13,Abruzzo,Abruzzo,1304970,17629,1.35,0.07
423,2021-02-24,ABR,3302,1439,1863,391,340,247,1967,226,131,3126,176,ITF,ITF1,13,Abruzzo,Abruzzo,1304970,20931,1.6,0.25
424,2021-01-29,ABR,1386,449,937,1290,96,0,0,0,0,74,1312,ITF,ITF1,13,Abruzzo,Abruzzo,1304970,22317,1.71,0.11
425,2021-03-02,ABR,3963,1676,2287,934,439,53,1856,276,405,3279,684,ITF,ITF1,13,Abruzzo,Abruzzo,1304970,26280,2.01,0.3
426,2021-01-11,ABR,1551,557,994,1337,166,48,0,0,0,1551,0,ITF,ITF1,13,Abruzzo,Abruzzo,1304970,27831,2.13,0.12
427,2021-03-17,ABR,4542,1876,2666,285,213,144,3872,17,11,2799,1743,ITF,ITF1,13,Abruzzo,Abruzzo,1304970,32373,2.48,0.35
428,2021-01-17,ABR,187,59,128,136,51,0,0,0,0,180,7,ITF,ITF1,13,Abruzzo,Abruzzo,1304970,32560,2.5,0.01
429,2021-03-06,ABR,4174,1354,2820,432,368,52,1748,15,1559,3604,570,ITF,ITF1,13,Abruzzo,Abruzzo,1304970,36734,2.81,0.32
430,2021-01-12,ABR,1804,666,1138,1470,334,0,0,0,0,1804,0,ITF,ITF1,13,Abruzzo,Abruzzo,1304970,38538,2.95,0.14
431,2021-01-22,ABR,118,57,61,2,4,112,0,0,0,118,0,ITF,ITF1,13,Abruzzo,Abruzzo,1304970,38656,2.96,0.01
432,2021-02-13,ABR,845,383,462,549,224,72,0,0,0,437,408,ITF,ITF1,13,Abruzzo,Abruzzo,1304970,39501,3.03,0.06
433,2021-02-17,ABR,2076,951,1125,512,241,394,718,210,1,1793,283,ITF,ITF1,13,Abruzzo,Abruzzo,1304970,41577,3.19,0.16
434,2021-03-20,ABR,4726,2155,2571,318,524,60,3643,84,97,2568,2158,ITF,ITF1,13,Abruzzo,Abruzzo,1304970,46303,3.55,0.36
435,2021-01-25,ABR,1604,633,971,1584,20,0,0,0,0,20,1584,ITF,ITF1,13,Abruzzo,Abruzzo,1304970,47907,3.67,0.12
436,2021-02-27,ABR,2809,1337,1472,253,185,123,732,642,874,2543,266,ITF,ITF1,13,Abruzzo,Abruzzo,1304970,50716,3.89,0.22
437,2021-02-15,ABR,1796,831,965,625,487,221,217,246,0,1754,42,ITF,ITF1,13,Abruzzo,Abruzzo,1304970,52512,4.02,0.14
438,2021-02-28,ABR,1707,511,1196,23,34,0,79,149,1422,1705,2,ITF,ITF1,13,Abruzzo,Abruzzo,1304970,54219,4.15,0.13
439,2021-01-23,ABR,263,114,149,223,14,26,0,0,0,57,206,ITF,ITF1,13,Abruzzo,Abruzzo,1304970,54482,4.17,0.02
440,2021-03-22,ABR,4272,1918,2354,339,778,50,2576,136,393,2303,1969,ITF,ITF1,13,Abruzzo,Abruzzo,1304970,58754,4.5,0.33
441,2021-02-09,ABR,908,311,597,612,165,131,0,0,0,499,409,ITF,ITF1,13,Abruzzo,Abruzzo,1304970,59662,4.57,0.07
442,2021-02-04,ABR,1681,616,1065,1168,456,57,0,0,0,609,1072,ITF,ITF1,13,Abruzzo,Abruzzo,1304970,61343,4.7,0.13
443,2021-01-14,ABR,530,189,341,364,166,0,0,0,0,530,0,ITF,ITF1,13,Abruzzo,Abruzzo,1304970,61873,4.74,0.04
444,2020-12-27,ABR,37,19,18,34,1,2,0,0,0,37,0,ITF,ITF1,13,Abruzzo,Abruzzo,1304970,61910,4.74,0.0
445,2021-03-01,ABR,3486,1391,2095,698,293,174,1911,128,282,2722,764,ITF,ITF1,13,Abruzzo,Abruzzo,1304970,65396,5.01,0.27
446,2021-03-08,ABR,5127,1669,3458,1190,507,112,1019,104,2195,4153,974,ITF,ITF1,13,Abruzzo,Abruzzo,1304970,70523,5.4,0.39
447,2021-03-19,ABR,5795,2584,3211,755,460,118,4398,51,13,2774,3021,ITF,ITF1,13,Abruzzo,Abruzzo,1304970,76318,5.85,0.44
448,2021-02-07,ABR,777,307,470,646,130,1,0,0,0,201,576,ITF,ITF1,13,Abruzzo,Abruzzo,1304970,77095,5.91,0.06
449,2021-03-13,ABR,4252,1459,2793,538,1025,137,1468,23,1061,3177,1075,ITF,ITF1,13,Abruzzo,Abruzzo,1304970,81347,6.23,0.33
450,2021-03-12,ABR,6021,1988,4033,1005,875,135,1700,117,2189,4438,1583,ITF,ITF1,13,Abruzzo,Abruzzo,1304970,87368,6.7,0.46
451,2021-01-26,ABR,1542,567,975,1513,29,0,0,0,0,29,1513,ITF,ITF1,13,Abruzzo,Abruzzo,1304970,88910,6.81,0.12
452,2021-03-03,ABR,4627,1881,2746,1222,583,36,1585,346,855,3721,906,ITF,ITF1,13,Abruzzo,Abruzzo,1304970,93537,7.17,0.35
453,2021-02-23,ABR,2784,1274,1510,324,423,215,1436,286,100,2773,11,ITF,ITF1,13,Abruzzo,Abruzzo,1304970,96321,7.38,0.21
454,2021-03-10,ABR,4948,1640,3308,735,455,242,1518,127,1871,3992,956,ITF,ITF1,13,Abruzzo,Abruzzo,1304970,101269,7.76,0.38
455,2021-03-04,ABR,5936,2358,3578,1170,535,93,2992,328,818,5015,921,ITF,ITF1,13,Abruzzo,Abruzzo,1304970,107205,8.22,0.45
456,2021-02-21,ABR,1221,551,670,2,4,3,1210,2,0,1220,1,ITF,ITF1,13,Abruzzo,Abruzzo,1304970,108426,8.31,0.09
457,2021-01-21,ABR,157,47,110,10,6,141,0,0,0,157,0,ITF,ITF1,13,Abruzzo,Abruzzo,1304970,108583,8.32,0.01
458,2021-01-06,ABR,1830,664,1166,1546,151,133,0,0,0,1830,0,ITF,ITF1,13,Abruzzo,Abruzzo,1304970,110413,8.46,0.14
459,2021-01-16,ABR,927,428,499,710,202,15,0,0,0,927,0,ITF,ITF1,13,Abruzzo,Abruzzo,1304970,111340,8.53,0.07
460,2021-02-22,ABR,2644,1175,1469,477,357,46,1094,419,251,2614,30,ITF,ITF1,13,Abruzzo,Abruzzo,1304970,113984,8.73,0.2
461,2021-02-11,ABR,816,262,554,473,189,154,0,0,0,773,43,ITF,ITF1,13,Abruzzo,Abruzzo,1304970,114800,8.8,0.06
462,2021-03-16,ABR,3486,1453,2033,284,166,169,2849,6,12,1831,1655,ITF,ITF1,13,Abruzzo,Abruzzo,1304970,118286,9.06,0.27
463,2021-01-24,ABR,50,22,28,49,1,0,0,0,0,6,44,ITF,ITF1,13,Abruzzo,Abruzzo,1304970,118336,9.07,0.0
464,2021-01-31,ABR,1502,488,1014,1154,245,103,0,0,0,287,1215,ITF,ITF1,13,Abruzzo,Abruzzo,1304970,119838,9.18,0.12
465,2021-01-05,ABR,1614,604,1010,1604,10,0,0,0,0,1614,0,ITF,ITF1,13,Abruzzo,Abruzzo,1304970,121452,9.31,0.12
466,2021-01-18,ABR,122,48,74,106,14,2,0,0,0,46,76,ITF,ITF1,13,Abruzzo,Abruzzo,1304970,121574,9.32,0.01
467,2021-01-27,ABR,1364,515,849,1301,63,0,0,0,0,39,1325,ITF,ITF1,13,Abruzzo,Abruzzo,1304970,122938,9.42,0.1
468,2021-03-09,ABR,5169,1795,3374,987,528,84,1320,204,2046,4230,939,ITF,ITF1,13,Abruzzo,Abruzzo,1304970,128107,9.82,0.4
469,2021-03-23,ABR,1159,575,584,60,112,65,764,107,51,497,662,ITF,ITF1,13,Abruzzo,Abruzzo,1304970,129266,9.91,0.09
470,2021-02-08,ABR,1201,398,803,710,227,264,0,0,0,491,710,ITF,ITF1,13,Abruzzo,Abruzzo,1304970,130467,10.0,0.09
471,2021-01-15,ABR,379,149,230,223,121,35,0,0,0,379,0,ITF,ITF1,13,Abruzzo,Abruzzo,1304970,130846,10.03,0.03
472,2021-02-18,ABR,2291,934,1357,670,380,416,610,215,0,2161,130,ITF,ITF1,13,Abruzzo,Abruzzo,1304970,133137,10.2,0.18
473,2021-01-09,ABR,1483,565,918,1430,53,0,0,0,0,1483,0,ITF,ITF1,13,Abruzzo,Abruzzo,1304970,134620,10.32,0.11
474,2021-02-19,ABR,3301,1552,1749,990,433,371,1111,388,8,3201,100,ITF,ITF1,13,Abruzzo,Abruzzo,1304970,137921,10.57,0.25
475,2021-01-08,ABR,1525,507,1018,1487,38,0,0,0,0,1525,0,ITF,ITF1,13,Abruzzo,Abruzzo,1304970,139446,10.69,0.12
476,2021-01-04,ABR,1401,575,826,1396,5,0,0,0,0,1401,0,ITF,ITF1,13,Abruzzo,Abruzzo,1304970,140847,10.79,0.11
477,2021-03-11,ABR,5425,2188,3237,1324,558,241,1539,199,1564,4286,1139,ITF,ITF1,13,Abruzzo,Abruzzo,1304970,146272,11.21,0.42
478,2021-01-07,ABR,1603,552,1051,1566,37,0,0,0,0,1603,0,ITF,ITF1,13,Abruzzo,Abruzzo,1304970,147875,11.33,0.12
479,2021-02-16,ABR,1978,869,1109,841,513,139,410,75,0,1966,12,ITF,ITF1,13,Abruzzo,Abruzzo,1304970,149853,11.48,0.15
480,2021-01-20,ABR,447,156,291,147,96,204,0,0,0,445,2,ITF,ITF1,13,Abruzzo,Abruzzo,1304970,150300,11.52,0.03
481,2021-03-14,ABR,1895,733,1162,8,150,0,1488,0,249,1228,667,ITF,ITF1,13,Abruzzo,Abruzzo,1304970,152195,11.66,0.15
482,2021-02-20,ABR,4782,1843,2939,310,570,192,1417,406,1887,4706,76,ITF,ITF1,13,Abruzzo,Abruzzo,1304970,156977,12.03,0.37
483,2021-02-01,ABR,1632,573,1059,1384,247,1,0,0,0,271,1361,ITF,ITF1,13,Abruzzo,Abruzzo,1304970,158609,12.15,0.13
484,2021-01-10,ABR,1139,409,730,1091,48,0,0,0,0,1139,0,ITF,ITF1,13,Abruzzo,Abruzzo,1304970,159748,12.24,0.09
485,2021-01-13,ABR,1253,440,813,1103,150,0,0,0,0,1253,0,ITF,ITF1,13,Abruzzo,Abruzzo,1304970,161001,12.34,0.1
486,2021-03-07,ABR,2523,630,1893,28,210,0,461,1,1823,2523,0,ITF,ITF1,13,Abruzzo,Abruzzo,1304970,163524,12.53,0.19
487,2021-02-05,ABR,1535,520,1015,1188,241,106,0,0,0,788,747,ITF,ITF1,13,Abruzzo,Abruzzo,1304970,165059,12.65,0.12
488,2021-01-30,ABR,1509,566,943,1348,114,47,0,0,0,69,1440,ITF,ITF1,13,Abruzzo,Abruzzo,1304970,166568,12.76,0.12
489,2021-01-02,ABR,548,218,330,540,8,0,0,0,0,548,0,ITF,ITF1,13,Abruzzo,Abruzzo,1304970,167116,12.81,0.04
490,2021-02-02,ABR,1798,677,1121,1243,413,142,0,0,0,241,1557,ITF,ITF1,13,Abruzzo,Abruzzo,1304970,168914,12.94,0.14
491,2021-01-19,ABR,111,55,56,27,34,50,0,0,0,91,20,ITF,ITF1,13,Abruzzo,Abruzzo,1304970,169025,12.95,0.01
492,2021-02-06,ABR,1611,742,869,1168,371,72,0,0,0,602,1009,ITF,ITF1,13,Abruzzo,Abruzzo,1304970,170636,13.08,0.12
493,2021-02-25,ABR,3086,1347,1739,615,557,18,1508,262,126,2558,528,ITF,ITF1,13,Abruzzo,Abruzzo,1304970,173722,13.31,0.24
494,2021-02-10,ABR,948,313,635,622,210,116,0,0,0,504,444,ITF,ITF1,13,Abruzzo,Abruzzo,1304970,174670,13.38,0.07
495,2021-03-18,ABR,3896,1651,2245,281,286,3,3297,22,7,2065,1831,ITF,ITF1,13,Abruzzo,Abruzzo,1304970,178566,13.68,0.3
496,2021-03-21,ABR,2135,913,1222,9,47,1,1919,29,130,844,1291,ITF,ITF1,13,Abruzzo,Abruzzo,1304970,180701,13.85,0.16
497,2021-01-09,MAR,1709,605,1104,1406,303,0,0,0,0,1709,0,ITI,ITI3,11,Marche,Marche,1525271,1709,0.11,0.11
498,2021-02-12,MAR,1583,618,965,815,680,88,0,0,0,1431,152,ITI,ITI3,11,Marche,Marche,1525271,3292,0.22,0.1
499,2021-01-25,MAR,1596,559,1037,1426,114,56,0,0,0,97,1499,ITI,ITI3,11,Marche,Marche,1525271,4888,0.32,0.1
500,2021-02-03,MAR,2125,742,1383,1344,615,166,0,0,0,119,2006,ITI,ITI3,11,Marche,Marche,1525271,7013,0.46,0.14
501,2021-01-15,MAR,1771,500,1271,985,420,366,0,0,0,1771,0,ITI,ITI3,11,Marche,Marche,1525271,8784,0.58,0.12
502,2021-01-04,MAR,1500,563,937,1290,199,11,0,0,0,1500,0,ITI,ITI3,11,Marche,Marche,1525271,10284,0.67,0.1
503,2021-01-03,MAR,896,348,548,759,137,0,0,0,0,896,0,ITI,ITI3,11,Marche,Marche,1525271,11180,0.73,0.06
504,2021-03-15,MAR,4489,2109,2380,300,473,8,3453,14,241,1422,3067,ITI,ITI3,11,Marche,Marche,1525271,15669,1.03,0.29
505,2021-01-20,MAR,398,99,299,146,62,190,0,0,0,386,12,ITI,ITI3,11,Marche,Marche,1525271,16067,1.05,0.03
506,2021-01-10,MAR,1737,699,1038,1462,275,0,0,0,0,1737,0,ITI,ITI3,11,Marche,Marche,1525271,17804,1.17,0.11
507,2021-03-23,MAR,1952,888,1064,14,61,21,1646,88,122,816,1136,ITI,ITI3,11,Marche,Marche,1525271,19756,1.3,0.13
508,2021-03-17,MAR,3435,1497,1938,301,183,117,2822,7,5,111,3324,ITI,ITI3,11,Marche,Marche,1525271,23191,1.52,0.23
509,2021-03-06,MAR,5725,2640,3085,973,831,125,2400,649,747,4457,1268,ITI,ITI3,11,Marche,Marche,1525271,28916,1.9,0.38
510,2021-02-28,MAR,2838,1250,1588,19,18,0,2797,2,2,2832,6,ITI,ITI3,11,Marche,Marche,1525271,31754,2.08,0.19
511,2021-01-24,MAR,891,342,549,772,119,0,0,0,0,17,874,ITI,ITI3,11,Marche,Marche,1525271,32645,2.14,0.06
512,2021-02-07,MAR,1871,735,1136,1156,669,46,0,0,0,344,1527,ITI,ITI3,11,Marche,Marche,1525271,34516,2.26,0.12
513,2021-01-02,MAR,453,139,314,444,9,0,0,0,0,453,0,ITI,ITI3,11,Marche,Marche,1525271,34969,2.29,0.03
514,2021-02-15,MAR,973,413,560,544,428,1,0,0,0,960,13,ITI,ITI3,11,Marche,Marche,1525271,35942,2.36,0.06
515,2021-02-16,MAR,1292,475,817,737,463,92,0,0,0,1262,30,ITI,ITI3,11,Marche,Marche,1525271,37234,2.44,0.08
516,2021-01-23,MAR,557,190,367,440,54,63,0,0,0,123,434,ITI,ITI3,11,Marche,Marche,1525271,37791,2.48,0.04
517,2021-03-22,MAR,5658,2376,3282,407,455,69,4181,113,433,2529,3129,ITI,ITI3,11,Marche,Marche,1525271,43449,2.85,0.37
518,2021-01-08,MAR,1574,588,986,1226,348,0,0,0,0,1574,0,ITI,ITI3,11,Marche,Marche,1525271,45023,2.95,0.1
519,2021-01-26,MAR,2016,746,1270,1736,194,86,0,0,0,92,1924,ITI,ITI3,11,Marche,Marche,1525271,47039,3.08,0.13
520,2020-12-31,MAR,383,178,205,370,13,0,0,0,0,383,0,ITI,ITI3,11,Marche,Marche,1525271,47422,3.11,0.03
521,2021-02-14,MAR,738,301,437,578,160,0,0,0,0,738,0,ITI,ITI3,11,Marche,Marche,1525271,48160,3.16,0.05
522,2021-02-05,MAR,2156,653,1503,1317,420,419,0,0,0,440,1716,ITI,ITI3,11,Marche,Marche,1525271,50316,3.3,0.14
523,2021-03-09,MAR,5519,2364,3155,754,468,36,2588,603,1070,4630,889,ITI,ITI3,11,Marche,Marche,1525271,55835,3.66,0.36
524,2021-02-21,MAR,377,142,235,204,115,57,0,0,1,376,1,ITI,ITI3,11,Marche,Marche,1525271,56212,3.69,0.02
525,2021-03-16,MAR,3577,1549,2028,317,196,54,2928,77,5,394,3183,ITI,ITI3,11,Marche,Marche,1525271,59789,3.92,0.23
526,2021-02-22,MAR,3413,1498,1915,325,408,77,2596,5,2,3339,74,ITI,ITI3,11,Marche,Marche,1525271,63202,4.14,0.22
527,2021-02-11,MAR,1988,658,1330,1155,621,212,0,0,0,1599,389,ITI,ITI3,11,Marche,Marche,1525271,65190,4.27,0.13
528,2021-02-13,MAR,1064,455,609,457,517,90,0,0,0,1012,52,ITI,ITI3,11,Marche,Marche,1525271,66254,4.34,0.07
529,2021-03-04,MAR,6611,2964,3647,1064,938,106,2798,936,769,5217,1394,ITI,ITI3,11,Marche,Marche,1525271,72865,4.78,0.43
530,2021-01-13,MAR,2105,746,1359,1408,621,76,0,0,0,2105,0,ITI,ITI3,11,Marche,Marche,1525271,74970,4.92,0.14
531,2021-02-06,MAR,2460,900,1560,1402,643,415,0,0,0,523,1937,ITI,ITI3,11,Marche,Marche,1525271,77430,5.08,0.16
532,2021-02-02,MAR,1193,397,796,804,296,93,0,0,0,73,1120,ITI,ITI3,11,Marche,Marche,1525271,78623,5.15,0.08
533,2021-02-08,MAR,833,258,575,408,163,262,0,0,0,371,462,ITI,ITI3,11,Marche,Marche,1525271,79456,5.21,0.05
534,2021-01-05,MAR,1562,586,976,1436,126,0,0,0,0,1562,0,ITI,ITI3,11,Marche,Marche,1525271,81018,5.31,0.1
535,2021-01-27,MAR,2120,780,1340,1754,226,140,0,0,0,122,1998,ITI,ITI3,11,Marche,Marche,1525271,83138,5.45,0.14
536,2021-01-12,MAR,1226,413,813,912,264,50,0,0,0,1226,0,ITI,ITI3,11,Marche,Marche,1525271,84364,5.53,0.08
537,2021-03-10,MAR,5768,2481,3287,721,818,101,2673,417,1038,4631,1137,ITI,ITI3,11,Marche,Marche,1525271,90132,5.91,0.38
538,2021-01-18,MAR,673,230,443,370,171,132,0,0,0,547,126,ITI,ITI3,11,Marche,Marche,1525271,90805,5.95,0.04
539,2021-02-19,MAR,1971,716,1255,1273,492,203,1,0,2,1836,135,ITI,ITI3,11,Marche,Marche,1525271,92776,6.08,0.13
540,2021-02-18,MAR,2104,746,1358,1150,550,402,1,0,1,1816,288,ITI,ITI3,11,Marche,Marche,1525271,94880,6.22,0.14
541,2021-03-18,MAR,3443,1513,1930,325,263,123,2653,76,3,216,3227,ITI,ITI3,11,Marche,Marche,1525271,98323,6.45,0.23
542,2021-02-25,MAR,3563,1447,2116,432,213,423,2491,3,1,3384,179,ITI,ITI3,11,Marche,Marche,1525271,101886,6.68,0.23
543,2020-12-27,MAR,200,97,103,184,12,4,0,0,0,200,0,ITI,ITI3,11,Marche,Marche,1525271,102086,6.69,0.01
544,2021-02-10,MAR,1439,452,987,881,343,215,0,0,0,1080,359,ITI,ITI3,11,Marche,Marche,1525271,103525,6.79,0.09
545,2021-01-31,MAR,1927,772,1155,1532,395,0,0,0,0,105,1822,ITI,ITI3,11,Marche,Marche,1525271,105452,6.91,0.13
546,2021-01-14,MAR,2010,692,1318,1112,600,298,0,0,0,2010,0,ITI,ITI3,11,Marche,Marche,1525271,107462,7.05,0.13
547,2021-01-28,MAR,1973,659,1314,1581,291,101,0,0,0,167,1806,ITI,ITI3,11,Marche,Marche,1525271,109435,7.17,0.13
548,2021-02-20,MAR,4127,1708,2419,118,411,261,3334,3,0,4016,111,ITI,ITI3,11,Marche,Marche,1525271,113562,7.45,0.27
549,2021-03-20,MAR,4146,1745,2401,181,118,111,3641,6,89,1054,3092,ITI,ITI3,11,Marche,Marche,1525271,117708,7.72,0.27
550,2021-02-24,MAR,3440,1506,1934,226,235,165,2810,3,1,3361,79,ITI,ITI3,11,Marche,Marche,1525271,121148,7.94,0.23
551,2021-01-11,MAR,1176,411,765,1021,155,0,0,0,0,1176,0,ITI,ITI3,11,Marche,Marche,1525271,122324,8.02,0.08
552,2021-01-30,MAR,1908,669,1239,1566,342,0,0,0,0,29,1879,ITI,ITI3,11,Marche,Marche,1525271,124232,8.14,0.13
553,2020-12-30,MAR,17,5,12,14,3,0,0,0,0,17,0,ITI,ITI3,11,Marche,Marche,1525271,124249,8.15,0.0
554,2021-01-17,MAR,1598,682,916,964,588,46,0,0,0,1549,49,ITI,ITI3,11,Marche,Marche,1525271,125847,8.25,0.1
555,2021-03-02,MAR,4963,1943,3020,589,275,242,3316,3,538,4397,566,ITI,ITI3,11,Marche,Marche,1525271,130810,8.58,0.33
556,2021-01-16,MAR,2006,723,1283,1059,662,285,0,0,0,2006,0,ITI,ITI3,11,Marche,Marche,1525271,132816,8.71,0.13
557,2021-02-04,MAR,2342,810,1532,1406,661,275,0,0,0,112,2230,ITI,ITI3,11,Marche,Marche,1525271,135158,8.86,0.15
558,2021-02-09,MAR,125,42,83,78,21,26,0,0,0,47,78,ITI,ITI3,11,Marche,Marche,1525271,135283,8.87,0.01
559,2021-03-12,MAR,4711,2015,2696,820,728,0,1904,330,929,3466,1245,ITI,ITI3,11,Marche,Marche,1525271,139994,9.18,0.31
560,2021-03-08,MAR,6351,2794,3557,768,611,219,3101,638,1014,5349,1002,ITI,ITI3,11,Marche,Marche,1525271,146345,9.59,0.42
561,2021-02-01,MAR,1365,480,885,1057,227,81,0,0,0,98,1267,ITI,ITI3,11,Marche,Marche,1525271,147710,9.68,0.09
562,2021-03-01,MAR,3727,1489,2238,387,177,82,2790,5,286,3480,247,ITI,ITI3,11,Marche,Marche,1525271,151437,9.93,0.24
563,2021-02-27,MAR,3374,1440,1934,186,172,161,2848,6,1,3165,209,ITI,ITI3,11,Marche,Marche,1525271,154811,10.15,0.22
564,2021-01-06,MAR,2181,792,1389,1738,296,147,0,0,0,2181,0,ITI,ITI3,11,Marche,Marche,1525271,156992,10.29,0.14
565,2021-03-14,MAR,2515,1036,1479,442,80,0,1535,2,456,1917,598,ITI,ITI3,11,Marche,Marche,1525271,159507,10.46,0.16
566,2021-02-23,MAR,3274,1400,1874,219,137,116,2794,8,0,3218,56,ITI,ITI3,11,Marche,Marche,1525271,162781,10.67,0.21
567,2021-03-05,MAR,6275,2944,3331,1128,875,143,2374,953,802,4808,1467,ITI,ITI3,11,Marche,Marche,1525271,169056,11.08,0.41
568,2021-01-22,MAR,487,167,320,315,85,87,0,0,0,194,293,ITI,ITI3,11,Marche,Marche,1525271,169543,11.12,0.03
569,2021-03-03,MAR,6750,3084,3666,818,819,254,3132,944,783,5869,881,ITI,ITI3,11,Marche,Marche,1525271,176293,11.56,0.44
570,2021-01-29,MAR,1991,730,1261,1479,438,74,0,0,0,168,1823,ITI,ITI3,11,Marche,Marche,1525271,178284,11.69,0.13
571,2021-01-21,MAR,896,253,643,460,100,336,0,0,0,585,311,ITI,ITI3,11,Marche,Marche,1525271,179180,11.75,0.06
572,2021-03-21,MAR,4511,1878,2633,87,109,54,4046,10,205,1631,2880,ITI,ITI3,11,Marche,Marche,1525271,183691,12.04,0.3
573,2021-03-07,MAR,5183,2108,3075,607,357,0,3007,316,896,4430,753,ITI,ITI3,11,Marche,Marche,1525271,188874,12.38,0.34
574,2021-02-17,MAR,1791,664,1127,968,522,300,1,0,0,1672,119,ITI,ITI3,11,Marche,Marche,1525271,190665,12.5,0.12
575,2021-02-26,MAR,3569,1493,2076,446,231,330,2519,4,39,3093,476,ITI,ITI3,11,Marche,Marche,1525271,194234,12.73,0.23
576,2021-01-07,MAR,1802,633,1169,1480,322,0,0,0,0,1802,0,ITI,ITI3,11,Marche,Marche,1525271,196036,12.85,0.12
577,2021-03-19,MAR,3841,1598,2243,495,234,266,2836,4,6,343,3498,ITI,ITI3,11,Marche,Marche,1525271,199877,13.1,0.25
578,2021-03-13,MAR,5669,2532,3137,664,373,57,4248,133,194,1708,3961,ITI,ITI3,11,Marche,Marche,1525271,205546,13.48,0.37
579,2021-01-19,MAR,225,81,144,120,20,85,0,0,0,141,84,ITI,ITI3,11,Marche,Marche,1525271,205771,13.49,0.01
580,2021-03-11,MAR,6830,2929,3901,1094,921,38,3227,402,1148,5459,1371,ITI,ITI3,11,Marche,Marche,1525271,212601,13.94,0.45
581,2021-02-16,TOS,9268,3338,5930,5084,982,178,10,691,2323,8557,711,ITI,ITI1,9,Toscana,Toscana,3729641,9268,0.25,0.25
582,2021-03-01,TOS,4330,1635,2695,3188,601,136,2,378,25,695,3635,ITI,ITI1,9,Toscana,Toscana,3729641,13598,0.36,0.12
583,2021-01-09,TOS,4484,1596,2888,3779,144,560,1,0,0,4484,0,ITI,ITI1,9,Toscana,Toscana,3729641,18082,0.48,0.12
584,2021-03-02,TOS,10523,3763,6760,3169,1026,125,1821,870,3512,7086,3437,ITI,ITI1,9,Toscana,Toscana,3729641,28605,0.77,0.28
585,2021-01-24,TOS,3348,1072,2276,2601,37,709,1,0,0,200,3148,ITI,ITI1,9,Toscana,Toscana,3729641,31953,0.86,0.09
586,2021-03-23,TOS,1798,780,1018,25,809,128,766,4,66,1381,417,ITI,ITI1,9,Toscana,Toscana,3729641,33751,0.9,0.05
587,2020-12-30,TOS,327,104,223,34,10,283,0,0,0,327,0,ITI,ITI1,9,Toscana,Toscana,3729641,34078,0.91,0.01
588,2021-03-14,TOS,7161,2561,4600,3102,1249,121,2,211,2476,3230,3931,ITI,ITI1,9,Toscana,Toscana,3729641,41239,1.11,0.19
589,2021-02-14,TOS,8993,2567,6426,3033,5613,81,0,261,5,8883,110,ITI,ITI1,9,Toscana,Toscana,3729641,50232,1.35,0.24
590,2021-01-04,TOS,5063,1893,3170,4099,32,932,0,0,0,5063,0,ITI,ITI1,9,Toscana,Toscana,3729641,55295,1.48,0.14
591,2021-03-03,TOS,18025,6428,11597,3318,1154,135,9074,898,3446,14428,3597,ITI,ITI1,9,Toscana,Toscana,3729641,73320,1.97,0.48
592,2021-03-11,TOS,15111,5823,9288,2436,2267,229,10002,165,12,11802,3309,ITI,ITI1,9,Toscana,Toscana,3729641,88431,2.37,0.41
593,2021-02-20,TOS,4641,1790,2851,3350,1038,203,17,15,18,4128,513,ITI,ITI1,9,Toscana,Toscana,3729641,93072,2.5,0.12
594,2021-03-22,TOS,4582,2283,2299,209,3770,153,9,126,315,4192,390,ITI,ITI1,9,Toscana,Toscana,3729641,97654,2.62,0.12
595,2021-02-05,TOS,5748,2244,3504,4121,1184,442,1,0,0,1924,3824,ITI,ITI1,9,Toscana,Toscana,3729641,103402,2.77,0.15
596,2021-02-11,TOS,5383,2021,3362,2809,2218,323,12,10,11,5141,242,ITI,ITI1,9,Toscana,Toscana,3729641,108785,2.92,0.14
597,2021-02-02,TOS,3741,1475,2266,3020,287,422,6,6,0,194,3547,ITI,ITI1,9,Toscana,Toscana,3729641,112526,3.02,0.1
598,2021-02-06,TOS,4527,1550,2977,3725,575,227,0,0,0,1294,3233,ITI,ITI1,9,Toscana,Toscana,3729641,117053,3.14,0.12
599,2021-02-26,TOS,10048,3817,6231,1557,1706,298,1787,1137,3563,8842,1206,ITI,ITI1,9,Toscana,Toscana,3729641,127101,3.41,0.27
600,2021-03-08,TOS,6266,2560,3706,4063,1732,177,64,222,8,1448,4818,ITI,ITI1,9,Toscana,Toscana,3729641,133367,3.58,0.17
601,2021-02-03,TOS,4221,1452,2769,3475,240,505,1,0,0,241,3980,ITI,ITI1,9,Toscana,Toscana,3729641,137588,3.69,0.11
602,2021-01-22,TOS,2861,1063,1798,2022,81,758,0,0,0,525,2336,ITI,ITI1,9,Toscana,Toscana,3729641,140449,3.77,0.08
603,2021-02-12,TOS,7606,2683,4923,3742,3272,188,2,402,0,7393,213,ITI,ITI1,9,Toscana,Toscana,3729641,148055,3.97,0.2
604,2021-01-19,TOS,1104,531,573,392,221,491,0,0,0,1104,0,ITI,ITI1,9,Toscana,Toscana,3729641,149159,4.0,0.03
605,2021-03-18,TOS,9595,3828,5767,427,1428,256,7474,7,3,5725,3870,ITI,ITI1,9,Toscana,Toscana,3729641,158754,4.26,0.26
606,2021-02-13,TOS,7785,2360,5425,3667,3768,163,0,186,1,7558,227,ITI,ITI1,9,Toscana,Toscana,3729641,166539,4.47,0.21
607,2021-02-01,TOS,5465,1942,3523,4441,407,617,0,0,0,521,4944,ITI,ITI1,9,Toscana,Toscana,3729641,172004,4.61,0.15
608,2021-02-25,TOS,10580,4281,6299,1078,1702,259,3201,1141,3199,9586,994,ITI,ITI1,9,Toscana,Toscana,3729641,182584,4.9,0.28
609,2021-01-06,TOS,4519,1459,3060,3984,10,525,0,0,0,4519,0,ITI,ITI1,9,Toscana,Toscana,3729641,187103,5.02,0.12
610,2021-02-07,TOS,2806,953,1853,2349,300,157,0,0,0,885,1921,ITI,ITI1,9,Toscana,Toscana,3729641,189909,5.09,0.08
611,2021-01-01,TOS,2368,786,1582,1716,2,650,0,0,0,2368,0,ITI,ITI1,9,Toscana,Toscana,3729641,192277,5.16,0.06
612,2021-01-08,TOS,5944,1641,4303,5360,39,545,0,0,0,5944,0,ITI,ITI1,9,Toscana,Toscana,3729641,198221,5.31,0.16
613,2021-02-15,TOS,8770,3374,5396,4536,2028,216,56,794,1140,7945,825,ITI,ITI1,9,Toscana,Toscana,3729641,206991,5.55,0.24
614,2021-03-19,TOS,9805,4328,5477,624,4426,265,4442,13,35,7089,2716,ITI,ITI1,9,Toscana,Toscana,3729641,216796,5.81,0.26
615,2021-03-04,TOS,17392,6618,10774,2816,1667,274,8126,814,3695,14316,3076,ITI,ITI1,9,Toscana,Toscana,3729641,234188,6.28,0.47
616,2021-01-17,TOS,2535,871,1664,2002,293,240,0,0,0,2022,513,ITI,ITI1,9,Toscana,Toscana,3729641,236723,6.35,0.07
617,2021-01-03,TOS,3336,1052,2284,2565,9,762,0,0,0,3336,0,ITI,ITI1,9,Toscana,Toscana,3729641,240059,6.44,0.09
618,2021-01-10,TOS,3001,1104,1897,2432,138,431,0,0,0,3001,0,ITI,ITI1,9,Toscana,Toscana,3729641,243060,6.52,0.08
619,2021-03-05,TOS,16264,6230,10034,3920,2411,170,5143,748,3872,11524,4740,ITI,ITI1,9,Toscana,Toscana,3729641,259324,6.95,0.44
620,2021-01-12,TOS,3581,1398,2183,2944,283,354,0,0,0,3581,0,ITI,ITI1,9,Toscana,Toscana,3729641,262905,7.05,0.1
621,2021-01-05,TOS,5244,1755,3489,4354,11,879,0,0,0,5244,0,ITI,ITI1,9,Toscana,Toscana,3729641,268149,7.19,0.14
622,2021-01-11,TOS,5092,1689,3403,4360,210,522,0,0,0,5092,0,ITI,ITI1,9,Toscana,Toscana,3729641,273241,7.33,0.14
623,2021-01-20,TOS,1314,635,679,432,256,626,0,0,0,1077,237,ITI,ITI1,9,Toscana,Toscana,3729641,274555,7.36,0.04
624,2021-03-15,TOS,8299,3300,4999,3216,1957,402,23,420,2281,3863,4436,ITI,ITI1,9,Toscana,Toscana,3729641,282854,7.58,0.22
625,2021-02-18,TOS,8815,3284,5531,2924,1511,228,214,796,3142,7923,892,ITI,ITI1,9,Toscana,Toscana,3729641,291669,7.82,0.24
626,2021-01-21,TOS,1589,686,903,579,220,790,0,0,0,867,722,ITI,ITI1,9,Toscana,Toscana,3729641,293258,7.86,0.04
627,2021-03-09,TOS,10438,3998,6440,4805,2085,151,3244,142,11,4885,5553,ITI,ITI1,9,Toscana,Toscana,3729641,303696,8.14,0.28
628,2021-02-27,TOS,1945,724,1221,1353,314,132,1,126,19,1043,902,ITI,ITI1,9,Toscana,Toscana,3729641,305641,8.19,0.05
629,2021-01-25,TOS,5124,1896,3228,4159,56,909,0,0,0,248,4876,ITI,ITI1,9,Toscana,Toscana,3729641,310765,8.33,0.14
630,2021-01-15,TOS,3878,1347,2531,2758,676,444,0,0,0,3878,0,ITI,ITI1,9,Toscana,Toscana,3729641,314643,8.44,0.1
631,2021-01-02,TOS,3497,1097,2400,2682,15,800,0,0,0,3497,0,ITI,ITI1,9,Toscana,Toscana,3729641,318140,8.53,0.09
632,2021-03-13,TOS,9254,3282,5972,2833,2109,54,174,344,3740,5308,3946,ITI,ITI1,9,Toscana,Toscana,3729641,327394,8.78,0.25
633,2021-03-20,TOS,6325,2781,3544,879,5290,80,28,14,34,5229,1096,ITI,ITI1,9,Toscana,Toscana,3729641,333719,8.95,0.17
634,2021-02-24,TOS,10345,4457,5888,81,1570,301,4114,1331,2948,10148,197,ITI,ITI1,9,Toscana,Toscana,3729641,344064,9.23,0.28
635,2021-02-17,TOS,8175,3168,5007,3465,1173,249,218,584,2486,7424,751,ITI,ITI1,9,Toscana,Toscana,3729641,352239,9.44,0.22
636,2021-01-18,TOS,1119,636,483,430,314,375,0,0,0,1021,98,ITI,ITI1,9,Toscana,Toscana,3729641,353358,9.47,0.03
637,2021-02-22,TOS,9817,4253,5564,3484,2279,315,22,1014,2703,9539,278,ITI,ITI1,9,Toscana,Toscana,3729641,363175,9.74,0.26
638,2021-01-27,TOS,4835,1572,3263,4019,74,742,0,0,0,207,4628,ITI,ITI1,9,Toscana,Toscana,3729641,368010,9.87,0.13
639,2021-02-10,TOS,4262,1280,2982,3536,241,484,0,1,0,3739,523,ITI,ITI1,9,Toscana,Toscana,3729641,372272,9.98,0.11
640,2021-02-23,TOS,7720,3323,4397,1491,1571,204,509,1114,2831,7559,161,ITI,ITI1,9,Toscana,Toscana,3729641,379992,10.19,0.21
641,2021-03-07,TOS,5647,2356,3291,3102,1097,123,15,536,774,2106,3541,ITI,ITI1,9,Toscana,Toscana,3729641,385639,10.34,0.15
642,2021-01-13,TOS,4063,1398,2665,3308,350,405,0,0,0,4063,0,ITI,ITI1,9,Toscana,Toscana,3729641,389702,10.45,0.11
643,2021-01-29,TOS,6136,1698,4438,5375,139,622,0,0,0,302,5834,ITI,ITI1,9,Toscana,Toscana,3729641,395838,10.61,0.16
644,2021-01-16,TOS,3271,1046,2225,2493,538,240,0,0,0,3271,0,ITI,ITI1,9,Toscana,Toscana,3729641,399109,10.7,0.09
645,2021-02-28,TOS,1649,667,982,1111,202,78,0,249,9,922,727,ITI,ITI1,9,Toscana,Toscana,3729641,400758,10.75,0.04
646,2021-03-12,TOS,16072,5993,10079,2604,1951,186,6756,650,3925,12551,3521,ITI,ITI1,9,Toscana,Toscana,3729641,416830,11.18,0.43
647,2021-03-21,TOS,3223,1571,1652,659,2466,73,7,6,12,1796,1427,ITI,ITI1,9,Toscana,Toscana,3729641,420053,11.26,0.09
648,2021-02-04,TOS,4251,1594,2657,3166,624,456,5,0,0,961,3290,ITI,ITI1,9,Toscana,Toscana,3729641,424304,11.38,0.11
649,2021-01-31,TOS,3048,1129,1919,2465,135,448,0,0,0,105,2943,ITI,ITI1,9,Toscana,Toscana,3729641,427352,11.46,0.08
650,2021-02-19,TOS,8297,2951,5346,2966,1234,243,154,580,3120,7790,507,ITI,ITI1,9,Toscana,Toscana,3729641,435649,11.68,0.22
651,2020-12-27,TOS,620,267,353,460,147,13,0,0,0,620,0,ITI,ITI1,9,Toscana,Toscana,3729641,436269,11.7,0.02
652,2021-01-28,TOS,6275,1880,4395,5421,66,788,0,0,0,349,5926,ITI,ITI1,9,Toscana,Toscana,3729641,442544,11.87,0.17
653,2021-02-21,TOS,5104,2089,3015,3666,1219,195,2,13,9,4935,169,ITI,ITI1,9,Toscana,Toscana,3729641,447648,12.0,0.14
654,2021-02-09,TOS,4488,1468,3020,3583,388,513,4,0,0,3877,611,ITI,ITI1,9,Toscana,Toscana,3729641,452136,12.12,0.12
655,2021-03-16,TOS,4834,1852,2982,1543,1093,120,2050,12,16,2611,2223,ITI,ITI1,9,Toscana,Toscana,3729641,456970,12.25,0.13
656,2021-03-17,TOS,11040,4423,6617,352,1133,171,9380,2,2,6627,4413,ITI,ITI1,9,Toscana,Toscana,3729641,468010,12.55,0.3
657,2021-01-26,TOS,5392,1791,3601,4357,84,951,0,0,0,219,5173,ITI,ITI1,9,Toscana,Toscana,3729641,473402,12.69,0.14
658,2021-03-06,TOS,7096,2839,4257,3804,1614,145,30,357,1146,2905,4191,ITI,ITI1,9,Toscana,Toscana,3729641,480498,12.88,0.19
659,2020-12-31,TOS,805,202,603,97,10,698,0,0,0,805,0,ITI,ITI1,9,Toscana,Toscana,3729641,481303,12.9,0.02
660,2021-01-07,TOS,6018,1751,4267,5308,30,680,0,0,0,6018,0,ITI,ITI1,9,Toscana,Toscana,3729641,487321,13.07,0.16
661,2021-03-10,TOS,17559,6865,10694,2993,2222,204,11949,178,13,13591,3968,ITI,ITI1,9,Toscana,Toscana,3729641,504880,13.54,0.47
662,2021-02-08,TOS,4095,1358,2737,3373,345,377,0,0,0,3636,459,ITI,ITI1,9,Toscana,Toscana,3729641,508975,13.65,0.11
663,2021-01-30,TOS,4620,1622,2998,3763,219,638,0,0,0,197,4423,ITI,ITI1,9,Toscana,Toscana,3729641,513595,13.77,0.12
664,2021-01-14,TOS,3254,1179,2075,2459,475,320,0,0,0,3254,0,ITI,ITI1,9,Toscana,Toscana,3729641,516849,13.86,0.09
665,2021-01-23,TOS,3949,1354,2595,2936,172,841,0,0,0,640,3309,ITI,ITI1,9,Toscana,Toscana,3729641,520798,13.96,0.11
666,2021-02-22,MOL,265,129,136,56,139,62,8,0,0,250,15,ITF,ITF2,14,Molise,Molise,305617,265,0.09,0.09
667,2021-02-01,MOL,562,201,361,301,149,111,0,0,1,14,548,ITF,ITF2,14,Molise,Molise,305617,827,0.27,0.18
668,2021-02-08,MOL,334,141,193,206,43,85,0,0,0,216,118,ITF,ITF2,14,Molise,Molise,305617,1161,0.38,0.11
669,2021-01-08,MOL,429,141,288,244,65,120,0,0,0,429,0,ITF,ITF2,14,Molise,Molise,305617,1590,0.52,0.14
670,2021-03-14,MOL,594,239,355,2,592,0,0,0,0,16,578,ITF,ITF2,14,Molise,Molise,305617,2184,0.71,0.19
671,2021-03-06,MOL,1728,807,921,156,1415,0,5,152,0,1569,159,ITF,ITF2,14,Molise,Molise,305617,3912,1.28,0.57
672,2021-02-26,MOL,563,260,303,42,57,3,406,0,55,490,73,ITF,ITF2,14,Molise,Molise,305617,4475,1.46,0.18
673,2021-03-09,MOL,1329,579,750,199,467,0,52,218,393,1177,152,ITF,ITF2,14,Molise,Molise,305617,5804,1.9,0.43
674,2021-01-27,MOL,674,251,423,436,28,209,0,0,1,8,666,ITF,ITF2,14,Molise,Molise,305617,6478,2.12,0.22
675,2021-03-21,MOL,1245,542,703,14,1231,0,0,0,0,479,766,ITF,ITF2,14,Molise,Molise,305617,7723,2.53,0.41
676,2021-02-23,MOL,527,202,325,136,42,8,340,0,1,362,165,ITF,ITF2,14,Molise,Molise,305617,8250,2.7,0.17
677,2021-01-13,MOL,474,160,314,256,73,144,0,0,1,474,0,ITF,ITF2,14,Molise,Molise,305617,8724,2.85,0.16
678,2021-02-09,MOL,359,170,189,161,88,110,0,0,0,197,162,ITF,ITF2,14,Molise,Molise,305617,9083,2.97,0.12
679,2021-01-31,MOL,268,70,198,85,18,164,0,0,1,6,262,ITF,ITF2,14,Molise,Molise,305617,9351,3.06,0.09
680,2021-01-10,MOL,270,72,198,82,19,169,0,0,0,270,0,ITF,ITF2,14,Molise,Molise,305617,9621,3.15,0.09
681,2021-02-21,MOL,573,227,346,1,4,0,568,0,0,571,2,ITF,ITF2,14,Molise,Molise,305617,10194,3.34,0.19
682,2021-01-16,MOL,420,166,254,270,23,127,0,0,0,420,0,ITF,ITF2,14,Molise,Molise,305617,10614,3.47,0.14
683,2021-01-06,MOL,689,260,429,456,62,171,0,0,0,689,0,ITF,ITF2,14,Molise,Molise,305617,11303,3.7,0.23
684,2021-03-03,MOL,672,316,356,63,389,48,0,45,127,590,82,ITF,ITF2,14,Molise,Molise,305617,11975,3.92,0.22
685,2021-03-07,MOL,1114,499,615,2,1112,0,0,0,0,1112,2,ITF,ITF2,14,Molise,Molise,305617,13089,4.28,0.36
686,2021-02-02,MOL,486,155,331,295,63,128,0,0,0,163,323,ITF,ITF2,14,Molise,Molise,305617,13575,4.44,0.16
687,2021-03-12,MOL,1156,489,667,38,653,0,0,68,397,1120,36,ITF,ITF2,14,Molise,Molise,305617,14731,4.82,0.38
688,2021-03-08,MOL,1376,522,854,359,514,23,0,76,404,1236,140,ITF,ITF2,14,Molise,Molise,305617,16107,5.27,0.45
689,2021-03-23,MOL,691,307,384,32,349,0,0,78,232,608,83,ITF,ITF2,14,Molise,Molise,305617,16798,5.5,0.23
690,2021-02-07,MOL,66,32,34,49,1,16,0,0,0,19,47,ITF,ITF2,14,Molise,Molise,305617,16864,5.52,0.02
691,2021-02-16,MOL,156,70,86,148,8,0,0,0,0,150,6,ITF,ITF2,14,Molise,Molise,305617,17020,5.57,0.05
692,2021-03-20,MOL,2320,968,1352,28,2063,0,0,7,222,999,1321,ITF,ITF2,14,Molise,Molise,305617,19340,6.33,0.76
693,2021-01-07,MOL,598,209,389,414,39,145,0,0,0,598,0,ITF,ITF2,14,Molise,Molise,305617,19938,6.52,0.2
694,2021-03-11,MOL,695,315,380,18,258,12,0,147,260,689,6,ITF,ITF2,14,Molise,Molise,305617,20633,6.75,0.23
695,2021-01-25,MOL,319,130,189,317,0,0,0,0,2,3,316,ITF,ITF2,14,Molise,Molise,305617,20952,6.86,0.1
696,2021-02-12,MOL,330,149,181,224,32,72,0,0,2,208,122,ITF,ITF2,14,Molise,Molise,305617,21282,6.96,0.11
697,2021-01-20,MOL,18,8,10,14,4,0,0,0,0,18,0,ITF,ITF2,14,Molise,Molise,305617,21300,6.97,0.01
698,2021-03-15,MOL,832,338,494,137,271,66,0,61,297,587,245,ITF,ITF2,14,Molise,Molise,305617,22132,7.24,0.27
699,2021-01-28,MOL,613,217,396,430,28,154,0,0,1,17,596,ITF,ITF2,14,Molise,Molise,305617,22745,7.44,0.2
700,2021-02-19,MOL,169,93,76,95,70,1,0,0,3,167,2,ITF,ITF2,14,Molise,Molise,305617,22914,7.5,0.06
701,2020-12-27,MOL,50,20,30,29,4,17,0,0,0,50,0,ITF,ITF2,14,Molise,Molise,305617,22964,7.51,0.02
702,2021-02-17,MOL,72,32,40,47,19,6,0,0,0,57,15,ITF,ITF2,14,Molise,Molise,305617,23036,7.54,0.02
703,2021-01-09,MOL,450,152,298,221,51,178,0,0,0,450,0,ITF,ITF2,14,Molise,Molise,305617,23486,7.68,0.15
704,2021-02-27,MOL,1366,568,798,26,40,14,1285,0,1,1347,19,ITF,ITF2,14,Molise,Molise,305617,24852,8.13,0.45
705,2021-03-10,MOL,1737,720,1017,188,851,1,1,187,509,1687,50,ITF,ITF2,14,Molise,Molise,305617,26589,8.7,0.57
706,2021-01-30,MOL,461,158,303,189,92,180,0,0,0,12,449,ITF,ITF2,14,Molise,Molise,305617,27050,8.85,0.15
707,2021-01-14,MOL,646,239,407,418,113,115,0,0,0,646,0,ITF,ITF2,14,Molise,Molise,305617,27696,9.06,0.21
708,2021-01-22,MOL,126,35,91,21,32,73,0,0,0,126,0,ITF,ITF2,14,Molise,Molise,305617,27822,9.1,0.04
709,2021-03-04,MOL,850,417,433,252,493,69,0,36,0,526,324,ITF,ITF2,14,Molise,Molise,305617,28672,9.38,0.28
710,2021-01-04,MOL,314,131,183,301,13,0,0,0,0,314,0,ITF,ITF2,14,Molise,Molise,305617,28986,9.48,0.1
711,2021-01-05,MOL,449,180,269,441,8,0,0,0,0,449,0,ITF,ITF2,14,Molise,Molise,305617,29435,9.63,0.15
712,2021-02-06,MOL,429,179,250,276,22,130,0,0,1,29,400,ITF,ITF2,14,Molise,Molise,305617,29864,9.77,0.14
713,2021-02-05,MOL,593,269,324,460,70,63,0,0,0,55,538,ITF,ITF2,14,Molise,Molise,305617,30457,9.97,0.19
714,2021-03-22,MOL,1144,438,706,106,539,2,0,39,458,901,243,ITF,ITF2,14,Molise,Molise,305617,31601,10.34,0.37
715,2021-02-03,MOL,731,249,482,391,159,180,0,0,1,338,393,ITF,ITF2,14,Molise,Molise,305617,32332,10.58,0.24
716,2021-01-15,MOL,538,242,296,398,59,81,0,0,0,538,0,ITF,ITF2,14,Molise,Molise,305617,32870,10.76,0.18
717,2021-02-25,MOL,541,239,302,68,12,28,433,0,0,473,68,ITF,ITF2,14,Molise,Molise,305617,33411,10.93,0.18
718,2021-03-16,MOL,614,230,384,13,586,11,0,4,0,267,347,ITF,ITF2,14,Molise,Molise,305617,34025,11.13,0.2
719,2021-03-17,MOL,894,381,513,34,805,42,0,12,1,563,331,ITF,ITF2,14,Molise,Molise,305617,34919,11.43,0.29
720,2021-01-19,MOL,173,63,110,90,59,22,0,0,2,162,11,ITF,ITF2,14,Molise,Molise,305617,35092,11.48,0.06
721,2021-01-29,MOL,421,136,285,227,82,109,0,0,3,6,415,ITF,ITF2,14,Molise,Molise,305617,35513,11.62,0.14
722,2021-03-18,MOL,1156,476,680,73,1038,45,0,0,0,692,464,ITF,ITF2,14,Molise,Molise,305617,36669,12.0,0.38
723,2021-03-01,MOL,641,268,373,200,184,108,0,2,147,427,214,ITF,ITF2,14,Molise,Molise,305617,37310,12.21,0.21
724,2021-02-04,MOL,758,295,463,502,114,141,0,0,1,77,681,ITF,ITF2,14,Molise,Molise,305617,38068,12.46,0.25
725,2021-02-11,MOL,293,133,160,225,19,45,0,3,1,257,36,ITF,ITF2,14,Molise,Molise,305617,38361,12.55,0.1
726,2021-03-13,MOL,1189,594,595,29,1004,5,0,151,0,200,989,ITF,ITF2,14,Molise,Molise,305617,39550,12.94,0.39
727,2021-03-02,MOL,667,383,284,98,254,51,0,113,151,509,158,ITF,ITF2,14,Molise,Molise,305617,40217,13.16,0.22
728,2021-01-12,MOL,336,114,222,132,75,129,0,0,0,336,0,ITF,ITF2,14,Molise,Molise,305617,40553,13.27,0.11
729,2021-03-05,MOL,1219,649,570,322,673,0,0,151,73,1015,204,ITF,ITF2,14,Molise,Molise,305617,41772,13.67,0.4
730,2021-02-10,MOL,150,78,72,91,6,53,0,0,0,130,20,ITF,ITF2,14,Molise,Molise,305617,41922,13.72,0.05
731,2021-01-18,MOL,114,48,66,97,17,0,0,0,0,114,0,ITF,ITF2,14,Molise,Molise,305617,42036,13.75,0.04
732,2021-02-24,MOL,666,278,388,242,105,44,274,0,1,333,333,ITF,ITF2,14,Molise,Molise,305617,42702,13.97,0.22
733,2021-02-13,MOL,132,80,52,129,3,0,0,0,0,132,0,ITF,ITF2,14,Molise,Molise,305617,42834,14.02,0.04
734,2021-01-21,MOL,6,2,4,0,6,0,0,0,0,6,0,ITF,ITF2,14,Molise,Molise,305617,42840,14.02,0.0
735,2021-03-19,MOL,1180,479,701,33,888,9,0,2,248,753,427,ITF,ITF2,14,Molise,Molise,305617,44020,14.4,0.39
736,2021-01-17,MOL,78,38,40,78,0,0,0,0,0,48,30,ITF,ITF2,14,Molise,Molise,305617,44098,14.43,0.03
737,2021-02-20,MOL,1018,441,577,20,57,8,933,0,0,998,20,ITF,ITF2,14,Molise,Molise,305617,45116,14.76,0.33
738,2021-02-15,MOL,144,70,74,117,12,15,0,0,0,141,3,ITF,ITF2,14,Molise,Molise,305617,45260,14.81,0.05
739,2021-01-11,MOL,557,194,363,196,250,111,0,0,0,557,0,ITF,ITF2,14,Molise,Molise,305617,45817,14.99,0.18
740,2021-02-28,MOL,828,331,497,38,763,27,0,0,0,786,42,ITF,ITF2,14,Molise,Molise,305617,46645,15.26,0.27
741,2021-02-18,MOL,319,74,245,296,23,0,0,0,0,306,13,ITF,ITF2,14,Molise,Molise,305617,46964,15.37,0.1
742,2021-01-26,MOL,450,184,266,444,5,0,0,0,1,8,442,ITF,ITF2,14,Molise,Molise,305617,47414,15.51,0.15
743,2021-03-15,FVG,3753,1631,2122,327,358,180,2420,234,234,1435,2318,ITH,ITH4,6,Friuli-Venezia Giulia,Friuli Venezia Giulia,1215220,3753,0.31,0.31
744,2020-12-31,FVG,1053,384,669,1011,42,0,0,0,0,1053,0,ITH,ITH4,6,Friuli-Venezia Giulia,Friuli Venezia Giulia,1215220,4806,0.4,0.09
745,2021-01-04,FVG,1510,559,951,1392,118,0,0,0,0,1510,0,ITH,ITH4,6,Friuli-Venezia Giulia,Friuli Venezia Giulia,1215220,6316,0.52,0.12
746,2021-02-08,FVG,2354,693,1661,1399,521,434,0,0,0,91,2263,ITH,ITH4,6,Friuli-Venezia Giulia,Friuli Venezia Giulia,1215220,8670,0.71,0.19
747,2021-02-20,FVG,2068,933,1135,11,19,148,1584,0,306,1924,144,ITH,ITH4,6,Friuli-Venezia Giulia,Friuli Venezia Giulia,1215220,10738,0.88,0.17
748,2021-01-12,FVG,2259,712,1547,1528,370,361,0,0,0,2259,0,ITH,ITH4,6,Friuli-Venezia Giulia,Friuli Venezia Giulia,1215220,12997,1.07,0.19
749,2021-03-09,FVG,3861,1590,2271,656,522,196,2003,60,424,1108,2753,ITH,ITH4,6,Friuli-Venezia Giulia,Friuli Venezia Giulia,1215220,16858,1.39,0.32
750,2021-01-28,FVG,2235,792,1443,1754,287,194,0,0,0,354,1881,ITH,ITH4,6,Friuli-Venezia Giulia,Friuli Venezia Giulia,1215220,19093,1.57,0.18
751,2021-03-11,FVG,3292,1384,1908,250,156,265,2013,104,504,1558,1734,ITH,ITH4,6,Friuli-Venezia Giulia,Friuli Venezia Giulia,1215220,22385,1.84,0.27
752,2021-01-24,FVG,305,119,186,277,27,1,0,0,0,1,304,ITH,ITH4,6,Friuli-Venezia Giulia,Friuli Venezia Giulia,1215220,22690,1.87,0.03
753,2021-03-12,FVG,3892,1529,2363,175,161,27,2840,100,589,2512,1380,ITH,ITH4,6,Friuli-Venezia Giulia,Friuli Venezia Giulia,1215220,26582,2.19,0.32
754,2021-01-27,FVG,1272,425,847,851,357,64,0,0,0,450,822,ITH,ITH4,6,Friuli-Venezia Giulia,Friuli Venezia Giulia,1215220,27854,2.29,0.1
755,2021-01-18,FVG,1961,607,1354,1359,492,110,0,0,0,1867,94,ITH,ITH4,6,Friuli-Venezia Giulia,Friuli Venezia Giulia,1215220,29815,2.45,0.16
756,2021-02-13,FVG,567,179,388,337,230,0,0,0,0,561,6,ITH,ITH4,6,Friuli-Venezia Giulia,Friuli Venezia Giulia,1215220,30382,2.5,0.05
757,2021-03-19,FVG,3074,1296,1778,102,136,195,2508,0,133,1210,1864,ITH,ITH4,6,Friuli-Venezia Giulia,Friuli Venezia Giulia,1215220,33456,2.75,0.25
758,2021-01-17,FVG,1720,524,1196,674,560,486,0,0,0,1720,0,ITH,ITH4,6,Friuli-Venezia Giulia,Friuli Venezia Giulia,1215220,35176,2.89,0.14
759,2021-03-04,FVG,3397,1572,1825,357,250,88,1811,490,401,2764,633,ITH,ITH4,6,Friuli-Venezia Giulia,Friuli Venezia Giulia,1215220,38573,3.17,0.28
760,2021-01-07,FVG,2091,718,1373,1759,222,110,0,0,0,2091,0,ITH,ITH4,6,Friuli-Venezia Giulia,Friuli Venezia Giulia,1215220,40664,3.35,0.17
761,2021-01-08,FVG,2322,747,1575,1680,246,396,0,0,0,2322,0,ITH,ITH4,6,Friuli-Venezia Giulia,Friuli Venezia Giulia,1215220,42986,3.54,0.19
762,2021-01-14,FVG,2588,789,1799,1608,550,430,0,0,0,2588,0,ITH,ITH4,6,Friuli-Venezia Giulia,Friuli Venezia Giulia,1215220,45574,3.75,0.21
763,2021-02-27,FVG,3419,1177,2242,202,172,0,1523,25,1497,3418,1,ITH,ITH4,6,Friuli-Venezia Giulia,Friuli Venezia Giulia,1215220,48993,4.03,0.28
764,2021-03-02,FVG,4216,1517,2699,1164,675,202,1536,5,634,2713,1503,ITH,ITH4,6,Friuli-Venezia Giulia,Friuli Venezia Giulia,1215220,53209,4.38,0.35
765,2021-01-23,FVG,816,324,492,768,48,0,0,0,0,4,812,ITH,ITH4,6,Friuli-Venezia Giulia,Friuli Venezia Giulia,1215220,54025,4.45,0.07
766,2021-03-07,FVG,2536,925,1611,1,158,0,143,453,1781,2535,1,ITH,ITH4,6,Friuli-Venezia Giulia,Friuli Venezia Giulia,1215220,56561,4.65,0.21
767,2021-03-08,FVG,3977,1550,2427,688,541,102,2171,39,436,1890,2087,ITH,ITH4,6,Friuli-Venezia Giulia,Friuli Venezia Giulia,1215220,60538,4.98,0.33
768,2021-02-12,FVG,1200,428,772,674,395,128,2,0,1,1150,50,ITH,ITH4,6,Friuli-Venezia Giulia,Friuli Venezia Giulia,1215220,61738,5.08,0.1
769,2021-02-18,FVG,3210,1488,1722,229,138,331,1500,34,978,2804,406,ITH,ITH4,6,Friuli-Venezia Giulia,Friuli Venezia Giulia,1215220,64948,5.34,0.26
770,2021-02-19,FVG,3252,1289,1963,567,323,312,1589,35,426,2823,429,ITH,ITH4,6,Friuli-Venezia Giulia,Friuli Venezia Giulia,1215220,68200,5.61,0.27
771,2021-01-02,FVG,1217,471,746,1150,67,0,0,0,0,1217,0,ITH,ITH4,6,Friuli-Venezia Giulia,Friuli Venezia Giulia,1215220,69417,5.71,0.1
772,2021-03-03,FVG,3628,1620,2008,748,564,100,1320,469,427,2351,1277,ITH,ITH4,6,Friuli-Venezia Giulia,Friuli Venezia Giulia,1215220,73045,6.01,0.3
773,2021-03-06,FVG,3487,1192,2295,182,259,1,1561,20,1464,3161,326,ITH,ITH4,6,Friuli-Venezia Giulia,Friuli Venezia Giulia,1215220,76532,6.3,0.29
774,2020-12-27,FVG,262,149,113,259,3,0,0,0,0,262,0,ITH,ITH4,6,Friuli-Venezia Giulia,Friuli Venezia Giulia,1215220,76794,6.32,0.02
775,2021-02-02,FVG,2466,806,1660,1657,393,416,0,0,0,217,2249,ITH,ITH4,6,Friuli-Venezia Giulia,Friuli Venezia Giulia,1215220,79260,6.52,0.2
776,2021-02-24,FVG,2517,1082,1435,23,53,310,1834,0,297,2499,18,ITH,ITH4,6,Friuli-Venezia Giulia,Friuli Venezia Giulia,1215220,81777,6.73,0.21
777,2021-02-11,FVG,1930,663,1267,1134,568,224,3,1,0,1737,193,ITH,ITH4,6,Friuli-Venezia Giulia,Friuli Venezia Giulia,1215220,83707,6.89,0.16
778,2021-03-20,FVG,3340,1350,1990,413,296,7,2379,179,66,1247,2093,ITH,ITH4,6,Friuli-Venezia Giulia,Friuli Venezia Giulia,1215220,87047,7.16,0.27
779,2021-01-31,FVG,2713,836,1877,1692,1003,18,0,0,0,385,2328,ITH,ITH4,6,Friuli-Venezia Giulia,Friuli Venezia Giulia,1215220,89760,7.39,0.22
780,2021-03-17,FVG,3104,1234,1870,423,322,111,2243,3,2,616,2488,ITH,ITH4,6,Friuli-Venezia Giulia,Friuli Venezia Giulia,1215220,92864,7.64,0.26
781,2021-01-26,FVG,1972,647,1325,1439,152,381,0,0,0,214,1758,ITH,ITH4,6,Friuli-Venezia Giulia,Friuli Venezia Giulia,1215220,94836,7.8,0.16
782,2021-03-10,FVG,3324,1492,1832,298,365,185,1972,309,195,1532,1792,ITH,ITH4,6,Friuli-Venezia Giulia,Friuli Venezia Giulia,1215220,98160,8.08,0.27
783,2021-02-06,FVG,1154,338,816,755,208,191,0,0,0,22,1132,ITH,ITH4,6,Friuli-Venezia Giulia,Friuli Venezia Giulia,1215220,99314,8.17,0.09
784,2021-03-23,FVG,679,291,388,6,2,0,671,0,0,120,559,ITH,ITH4,6,Friuli-Venezia Giulia,Friuli Venezia Giulia,1215220,99993,8.23,0.06
785,2021-03-01,FVG,2956,1042,1914,93,100,175,1635,4,949,2903,53,ITH,ITH4,6,Friuli-Venezia Giulia,Friuli Venezia Giulia,1215220,102949,8.47,0.24
786,2021-01-29,FVG,2413,813,1600,1855,321,237,0,0,0,264,2149,ITH,ITH4,6,Friuli-Venezia Giulia,Friuli Venezia Giulia,1215220,105362,8.67,0.2
787,2021-03-22,FVG,3385,1304,2081,130,166,161,2459,6,463,1463,1922,ITH,ITH4,6,Friuli-Venezia Giulia,Friuli Venezia Giulia,1215220,108747,8.95,0.28
788,2021-02-10,FVG,1352,496,856,745,487,119,0,0,1,1266,86,ITH,ITH4,6,Friuli-Venezia Giulia,Friuli Venezia Giulia,1215220,110099,9.06,0.11
789,2021-03-14,FVG,1394,548,846,0,18,0,246,333,797,1143,251,ITH,ITH4,6,Friuli-Venezia Giulia,Friuli Venezia Giulia,1215220,111493,9.17,0.11
790,2021-02-22,FVG,2493,1196,1297,431,327,115,1369,246,5,2075,418,ITH,ITH4,6,Friuli-Venezia Giulia,Friuli Venezia Giulia,1215220,113986,9.38,0.21
791,2021-02-28,FVG,2668,988,1680,234,163,0,405,378,1488,2273,395,ITH,ITH4,6,Friuli-Venezia Giulia,Friuli Venezia Giulia,1215220,116654,9.6,0.22
792,2021-02-25,FVG,3067,1603,1464,22,127,188,1556,433,741,3042,25,ITH,ITH4,6,Friuli-Venezia Giulia,Friuli Venezia Giulia,1215220,119721,9.85,0.25
793,2021-01-25,FVG,1582,567,1015,1369,141,72,0,0,0,194,1388,ITH,ITH4,6,Friuli-Venezia Giulia,Friuli Venezia Giulia,1215220,121303,9.98,0.13
794,2021-01-21,FVG,894,345,549,863,31,0,0,0,0,1,893,ITH,ITH4,6,Friuli-Venezia Giulia,Friuli Venezia Giulia,1215220,122197,10.06,0.07
795,2021-03-21,FVG,2596,935,1661,6,114,0,1331,27,1118,2189,407,ITH,ITH4,6,Friuli-Venezia Giulia,Friuli Venezia Giulia,1215220,124793,10.27,0.21
796,2021-02-23,FVG,2615,1252,1363,104,107,206,1943,254,1,2437,178,ITH,ITH4,6,Friuli-Venezia Giulia,Friuli Venezia Giulia,1215220,127408,10.48,0.22
797,2021-02-26,FVG,3736,2092,1644,75,140,451,1739,1032,299,3590,146,ITH,ITH4,6,Friuli-Venezia Giulia,Friuli Venezia Giulia,1215220,131144,10.79,0.31
798,2021-02-21,FVG,800,281,519,213,177,25,383,1,1,423,377,ITH,ITH4,6,Friuli-Venezia Giulia,Friuli Venezia Giulia,1215220,131944,10.86,0.07
799,2021-03-18,FVG,3259,1386,1873,53,284,64,2857,0,1,1633,1626,ITH,ITH4,6,Friuli-Venezia Giulia,Friuli Venezia Giulia,1215220,135203,11.13,0.27
800,2021-03-05,FVG,3654,1444,2210,1043,686,70,1668,43,144,2583,1071,ITH,ITH4,6,Friuli-Venezia Giulia,Friuli Venezia Giulia,1215220,138857,11.43,0.3
801,2021-01-09,FVG,2518,841,1677,1519,406,593,0,0,0,2518,0,ITH,ITH4,6,Friuli-Venezia Giulia,Friuli Venezia Giulia,1215220,141375,11.63,0.21
802,2021-02-05,FVG,2613,784,1829,1612,511,490,0,0,0,90,2523,ITH,ITH4,6,Friuli-Venezia Giulia,Friuli Venezia Giulia,1215220,143988,11.85,0.22
803,2021-01-30,FVG,2271,744,1527,1475,354,442,0,0,0,270,2001,ITH,ITH4,6,Friuli-Venezia Giulia,Friuli Venezia Giulia,1215220,146259,12.04,0.19
804,2021-02-03,FVG,2646,790,1856,1701,558,386,1,0,0,23,2623,ITH,ITH4,6,Friuli-Venezia Giulia,Friuli Venezia Giulia,1215220,148905,12.25,0.22
805,2021-03-16,FVG,3062,1262,1800,325,339,196,2202,0,0,1024,2038,ITH,ITH4,6,Friuli-Venezia Giulia,Friuli Venezia Giulia,1215220,151967,12.51,0.25
806,2021-02-09,FVG,1848,556,1292,1053,509,286,0,0,0,1559,289,ITH,ITH4,6,Friuli-Venezia Giulia,Friuli Venezia Giulia,1215220,153815,12.66,0.15
807,2021-03-13,FVG,2928,1117,1811,11,15,86,2056,37,723,1657,1271,ITH,ITH4,6,Friuli-Venezia Giulia,Friuli Venezia Giulia,1215220,156743,12.9,0.24
808,2021-02-15,FVG,2452,909,1543,699,405,314,1034,0,0,2202,250,ITH,ITH4,6,Friuli-Venezia Giulia,Friuli Venezia Giulia,1215220,159195,13.1,0.2
809,2021-01-03,FVG,312,122,190,285,26,1,0,0,0,312,0,ITH,ITH4,6,Friuli-Venezia Giulia,Friuli Venezia Giulia,1215220,159507,13.13,0.03
810,2021-01-10,FVG,2941,919,2022,1745,951,245,0,0,0,2941,0,ITH,ITH4,6,Friuli-Venezia Giulia,Friuli Venezia Giulia,1215220,162448,13.37,0.24
811,2021-01-13,FVG,2651,834,1817,1822,599,230,0,0,0,2651,0,ITH,ITH4,6,Friuli-Venezia Giulia,Friuli Venezia Giulia,1215220,165099,13.59,0.22
812,2021-01-05,FVG,1680,551,1129,1350,133,197,0,0,0,1680,0,ITH,ITH4,6,Friuli-Venezia Giulia,Friuli Venezia Giulia,1215220,166779,13.72,0.14
813,2021-01-20,FVG,750,323,427,719,31,0,0,0,0,12,738,ITH,ITH4,6,Friuli-Venezia Giulia,Friuli Venezia Giulia,1215220,167529,13.79,0.06
814,2021-01-16,FVG,1231,360,871,771,212,248,0,0,0,1231,0,ITH,ITH4,6,Friuli-Venezia Giulia,Friuli Venezia Giulia,1215220,168760,13.89,0.1
815,2021-02-04,FVG,2731,807,1924,1723,543,465,0,0,0,36,2695,ITH,ITH4,6,Friuli-Venezia Giulia,Friuli Venezia Giulia,1215220,171491,14.11,0.22
816,2021-01-22,FVG,90,30,60,89,1,0,0,0,0,0,90,ITH,ITH4,6,Friuli-Venezia Giulia,Friuli Venezia Giulia,1215220,171581,14.12,0.01
817,2021-01-11,FVG,1882,609,1273,1500,336,46,0,0,0,1882,0,ITH,ITH4,6,Friuli-Venezia Giulia,Friuli Venezia Giulia,1215220,173463,14.27,0.15
818,2021-01-15,FVG,2028,606,1422,1283,370,375,0,0,0,2028,0,ITH,ITH4,6,Friuli-Venezia Giulia,Friuli Venezia Giulia,1215220,175491,14.44,0.17
819,2020-12-30,FVG,630,246,384,601,29,0,0,0,0,630,0,ITH,ITH4,6,Friuli-Venezia Giulia,Friuli Venezia Giulia,1215220,176121,14.49,0.05
820,2021-02-07,FVG,1561,483,1078,866,693,2,0,0,0,386,1175,ITH,ITH4,6,Friuli-Venezia Giulia,Friuli Venezia Giulia,1215220,177682,14.62,0.13
821,2021-01-19,FVG,7,2,5,5,0,2,0,0,0,7,0,ITH,ITH4,6,Friuli-Venezia Giulia,Friuli Venezia Giulia,1215220,177689,14.62,0.0
822,2021-01-06,FVG,709,264,445,514,195,0,0,0,0,709,0,ITH,ITH4,6,Friuli-Venezia Giulia,Friuli Venezia Giulia,1215220,178398,14.68,0.06
823,2021-02-17,FVG,2351,997,1354,328,193,229,1555,46,0,1872,479,ITH,ITH4,6,Friuli-Venezia Giulia,Friuli Venezia Giulia,1215220,180749,14.87,0.19
824,2021-02-16,FVG,2516,1135,1381,260,275,221,1760,0,0,2400,116,ITH,ITH4,6,Friuli-Venezia Giulia,Friuli Venezia Giulia,1215220,183265,15.08,0.21
825,2021-02-01,FVG,2093,687,1406,1587,371,135,0,0,0,14,2079,ITH,ITH4,6,Friuli-Venezia Giulia,Friuli Venezia Giulia,1215220,185358,15.25,0.17
826,2021-02-13,VEN,3266,1473,1793,1559,670,1034,2,0,1,3246,20,ITH,ITH3,5,Veneto,Veneto,4905854,3266,0.07,0.07
827,2021-01-24,VEN,4117,1219,2898,3752,139,222,1,0,3,28,4089,ITH,ITH3,5,Veneto,Veneto,4905854,7383,0.15,0.08
828,2021-03-22,VEN,17361,7699,9662,1075,6525,419,6632,401,2309,12443,4918,ITH,ITH3,5,Veneto,Veneto,4905854,24744,0.5,0.35
829,2021-03-01,VEN,9358,3699,5659,2013,1137,923,2629,156,2500,7536,1822,ITH,ITH3,5,Veneto,Veneto,4905854,34102,0.7,0.19
830,2021-02-27,VEN,8960,2687,6273,2170,655,45,1960,12,4118,8128,832,ITH,ITH3,5,Veneto,Veneto,4905854,43062,0.88,0.18
831,2021-02-10,VEN,4750,1587,3163,3117,865,767,0,0,1,3698,1052,ITH,ITH3,5,Veneto,Veneto,4905854,47812,0.97,0.1
832,2021-03-15,VEN,16292,7024,9268,1346,2943,324,9298,433,1948,11099,5193,ITH,ITH3,5,Veneto,Veneto,4905854,64104,1.31,0.33
833,2021-03-09,VEN,16172,7300,8872,1198,1911,668,8541,912,2942,10074,6098,ITH,ITH3,5,Veneto,Veneto,4905854,80276,1.64,0.33
834,2021-01-02,VEN,5741,1765,3976,4797,396,544,2,0,2,5741,0,ITH,ITH3,5,Veneto,Veneto,4905854,86017,1.75,0.12
835,2021-02-16,VEN,6629,2868,3761,718,387,478,5044,1,1,6452,177,ITH,ITH3,5,Veneto,Veneto,4905854,92646,1.89,0.14
836,2021-01-22,VEN,1079,332,747,946,76,57,0,0,0,25,1054,ITH,ITH3,5,Veneto,Veneto,4905854,93725,1.91,0.02
837,2021-02-17,VEN,6004,2764,3240,411,281,361,4946,5,0,5910,94,ITH,ITH3,5,Veneto,Veneto,4905854,99729,2.03,0.12
838,2021-03-06,VEN,10501,4253,6248,2955,2715,1486,1973,46,1326,7307,3194,ITH,ITH3,5,Veneto,Veneto,4905854,110230,2.25,0.21
839,2021-01-29,VEN,8996,2780,6216,6039,1517,1434,3,1,2,366,8630,ITH,ITH3,5,Veneto,Veneto,4905854,119226,2.43,0.18
840,2021-02-18,VEN,5700,2440,3260,934,353,607,3799,1,6,5637,63,ITH,ITH3,5,Veneto,Veneto,4905854,124926,2.55,0.12
841,2021-03-18,VEN,12373,5016,7357,1373,2165,359,7617,20,839,7197,5176,ITH,ITH3,5,Veneto,Veneto,4905854,137299,2.8,0.25
842,2021-02-05,VEN,8362,2531,5831,4272,1912,2162,7,5,4,1425,6937,ITH,ITH3,5,Veneto,Veneto,4905854,145661,2.97,0.17
843,2021-01-16,VEN,4599,1539,3060,3193,757,649,0,0,0,4599,0,ITH,ITH3,5,Veneto,Veneto,4905854,150260,3.06,0.09
844,2021-03-20,VEN,12106,4990,7116,609,4372,184,4808,52,2081,10006,2100,ITH,ITH3,5,Veneto,Veneto,4905854,162366,3.31,0.25
845,2021-03-19,VEN,13344,5489,7855,1633,2756,342,7870,42,701,7539,5805,ITH,ITH3,5,Veneto,Veneto,4905854,175710,3.58,0.27
846,2021-02-28,VEN,4127,1382,2745,1702,1424,15,983,0,3,3290,837,ITH,ITH3,5,Veneto,Veneto,4905854,179837,3.67,0.08
847,2021-01-26,VEN,6902,2081,4821,5338,595,963,0,1,5,155,6747,ITH,ITH3,5,Veneto,Veneto,4905854,186739,3.81,0.14
848,2021-02-04,VEN,7314,2013,5301,3459,1459,2380,12,0,4,555,6759,ITH,ITH3,5,Veneto,Veneto,4905854,194053,3.96,0.15
849,2021-03-10,VEN,18767,8523,10244,1421,2528,555,9051,1078,4134,13094,5673,ITH,ITH3,5,Veneto,Veneto,4905854,212820,4.34,0.38
850,2021-01-13,VEN,5978,1601,4377,2792,1300,1881,3,0,2,5978,0,ITH,ITH3,5,Veneto,Veneto,4905854,218798,4.46,0.12
851,2021-03-21,VEN,11838,4656,7182,1470,3128,26,4588,112,2514,8378,3460,ITH,ITH3,5,Veneto,Veneto,4905854,230636,4.7,0.24
852,2021-03-11,VEN,19390,8601,10789,1552,3081,822,9336,965,3634,13899,5491,ITH,ITH3,5,Veneto,Veneto,4905854,250026,5.1,0.4
853,2021-01-07,VEN,8359,2319,6040,5467,1087,1805,0,0,0,8359,0,ITH,ITH3,5,Veneto,Veneto,4905854,258385,5.27,0.17
854,2021-02-26,VEN,8221,3243,4978,1676,1112,739,4381,31,282,6971,1250,ITH,ITH3,5,Veneto,Veneto,4905854,266606,5.43,0.17
855,2021-01-05,VEN,7327,2183,5144,5410,789,1122,0,1,5,7327,0,ITH,ITH3,5,Veneto,Veneto,4905854,273933,5.58,0.15
856,2021-01-20,VEN,1038,368,670,695,130,213,0,0,0,386,652,ITH,ITH3,5,Veneto,Veneto,4905854,274971,5.6,0.02
857,2021-01-27,VEN,7140,2064,5076,5206,1047,879,0,0,8,246,6894,ITH,ITH3,5,Veneto,Veneto,4905854,282111,5.75,0.15
858,2021-01-17,VEN,1932,780,1152,1587,220,120,3,0,2,1583,349,ITH,ITH3,5,Veneto,Veneto,4905854,284043,5.79,0.04
859,2021-02-24,VEN,8540,3655,4885,1522,640,506,5601,260,11,8058,482,ITH,ITH3,5,Veneto,Veneto,4905854,292583,5.96,0.17
860,2021-02-09,VEN,5153,1871,3282,3096,870,1167,19,0,1,3423,1730,ITH,ITH3,5,Veneto,Veneto,4905854,297736,6.07,0.11
861,2021-01-31,VEN,4740,1550,3190,3676,679,377,4,2,2,393,4347,ITH,ITH3,5,Veneto,Veneto,4905854,302476,6.17,0.1
862,2021-01-09,VEN,7927,2537,5390,5174,1164,1573,3,11,2,7927,0,ITH,ITH3,5,Veneto,Veneto,4905854,310403,6.33,0.16
863,2021-03-17,VEN,14472,5906,8566,1862,2747,226,8921,26,690,7789,6683,ITH,ITH3,5,Veneto,Veneto,4905854,324875,6.62,0.29
864,2021-02-21,VEN,4624,1203,3421,495,9,18,417,2,3683,4619,5,ITH,ITH3,5,Veneto,Veneto,4905854,329499,6.72,0.09
865,2021-03-14,VEN,15120,5903,9217,2242,4800,100,4137,242,3599,14224,896,ITH,ITH3,5,Veneto,Veneto,4905854,344619,7.02,0.31
866,2021-02-23,VEN,7306,3214,4092,1008,493,214,5343,69,179,7048,258,ITH,ITH3,5,Veneto,Veneto,4905854,351925,7.17,0.15
867,2021-01-28,VEN,9203,2661,6542,6458,1289,1448,5,0,3,175,9028,ITH,ITH3,5,Veneto,Veneto,4905854,361128,7.36,0.19
868,2020-12-27,VEN,880,395,485,875,4,0,0,0,1,880,0,ITH,ITH3,5,Veneto,Veneto,4905854,362008,7.38,0.02
869,2021-02-02,VEN,6402,1842,4560,2969,1285,1994,152,0,2,391,6011,ITH,ITH3,5,Veneto,Veneto,4905854,368410,7.51,0.13
870,2021-02-07,VEN,2313,861,1452,1930,330,50,2,0,1,714,1599,ITH,ITH3,5,Veneto,Veneto,4905854,370723,7.56,0.05
871,2020-12-30,VEN,699,245,454,598,62,39,0,0,0,699,0,ITH,ITH3,5,Veneto,Veneto,4905854,371422,7.57,0.01
872,2021-01-04,VEN,6726,2029,4697,5238,569,913,1,0,5,6726,0,ITH,ITH3,5,Veneto,Veneto,4905854,378148,7.71,0.14
873,2021-01-10,VEN,5020,1662,3358,3839,715,462,2,2,0,5020,0,ITH,ITH3,5,Veneto,Veneto,4905854,383168,7.81,0.1
874,2021-01-18,VEN,2770,782,1988,1222,541,999,8,0,0,2571,199,ITH,ITH3,5,Veneto,Veneto,4905854,385938,7.87,0.06
875,2020-12-31,VEN,3219,1043,2176,2700,265,252,0,0,2,3219,0,ITH,ITH3,5,Veneto,Veneto,4905854,389157,7.93,0.07
876,2021-02-01,VEN,8517,2488,6029,4206,1953,2106,245,0,7,165,8352,ITH,ITH3,5,Veneto,Veneto,4905854,397674,8.11,0.17
877,2021-01-19,VEN,1309,472,837,726,253,324,6,0,0,1160,149,ITH,ITH3,5,Veneto,Veneto,4905854,398983,8.13,0.03
878,2021-03-12,VEN,18244,7935,10309,1917,3428,619,8053,755,3472,11569,6675,ITH,ITH3,5,Veneto,Veneto,4905854,417227,8.5,0.37
879,2021-02-25,VEN,7852,3321,4531,1491,565,467,4946,109,274,7254,598,ITH,ITH3,5,Veneto,Veneto,4905854,425079,8.66,0.16
880,2021-01-21,VEN,2290,719,1571,1985,162,141,0,0,2,21,2269,ITH,ITH3,5,Veneto,Veneto,4905854,427369,8.71,0.05
881,2021-01-03,VEN,5159,1563,3596,4597,312,249,0,0,1,5159,0,ITH,ITH3,5,Veneto,Veneto,4905854,432528,8.82,0.11
882,2021-02-03,VEN,5934,1660,4274,2851,1334,1744,1,0,4,482,5452,ITH,ITH3,5,Veneto,Veneto,4905854,438462,8.94,0.12
883,2021-01-08,VEN,9398,2832,6566,5978,1603,1807,3,1,6,9398,0,ITH,ITH3,5,Veneto,Veneto,4905854,447860,9.13,0.19
884,2021-03-16,VEN,12359,5288,7071,1262,2664,453,7858,19,103,6827,5532,ITH,ITH3,5,Veneto,Veneto,4905854,460219,9.38,0.25
885,2021-02-14,VEN,125,56,69,95,30,0,0,0,0,112,13,ITH,ITH3,5,Veneto,Veneto,4905854,460344,9.38,0.0
886,2021-01-30,VEN,8730,2668,6062,6209,1285,1218,4,12,2,687,8043,ITH,ITH3,5,Veneto,Veneto,4905854,469074,9.56,0.18
887,2021-02-19,VEN,7292,3121,4171,1535,716,664,4368,3,6,7090,202,ITH,ITH3,5,Veneto,Veneto,4905854,476366,9.71,0.15
888,2021-01-06,VEN,8131,2383,5748,6308,1004,807,1,2,9,8131,0,ITH,ITH3,5,Veneto,Veneto,4905854,484497,9.88,0.17
889,2021-03-04,VEN,12690,4694,7996,3100,1676,1349,3409,330,2826,9285,3405,ITH,ITH3,5,Veneto,Veneto,4905854,497187,10.13,0.26
890,2021-01-01,VEN,1525,470,1055,1494,30,1,0,0,0,1525,0,ITH,ITH3,5,Veneto,Veneto,4905854,498712,10.17,0.03
891,2021-02-12,VEN,4312,1447,2865,2761,880,659,6,2,4,3740,572,ITH,ITH3,5,Veneto,Veneto,4905854,503024,10.25,0.09
892,2021-01-25,VEN,6466,2074,4392,5060,499,904,1,0,2,170,6296,ITH,ITH3,5,Veneto,Veneto,4905854,509490,10.39,0.13
893,2021-03-05,VEN,13141,4894,8247,3430,1996,1398,3090,275,2952,9558,3583,ITH,ITH3,5,Veneto,Veneto,4905854,522631,10.65,0.27
894,2021-02-08,VEN,4964,1538,3426,2788,993,1169,12,0,2,1929,3035,ITH,ITH3,5,Veneto,Veneto,4905854,527595,10.75,0.1
895,2021-02-22,VEN,6958,3016,3942,742,232,341,5402,1,240,6572,386,ITH,ITH3,5,Veneto,Veneto,4905854,534553,10.9,0.14
896,2021-03-08,VEN,13373,6057,7316,699,1214,384,7149,986,2941,9334,4039,ITH,ITH3,5,Veneto,Veneto,4905854,547926,11.17,0.27
897,2021-01-11,VEN,7237,2100,5137,3499,1530,1956,247,0,5,7237,0,ITH,ITH3,5,Veneto,Veneto,4905854,555163,11.32,0.15
898,2021-01-15,VEN,5863,1819,4044,2984,1299,1565,9,3,3,5863,0,ITH,ITH3,5,Veneto,Veneto,4905854,561026,11.44,0.12
899,2021-02-11,VEN,4010,1238,2772,2613,596,789,9,1,2,3381,629,ITH,ITH3,5,Veneto,Veneto,4905854,565036,11.52,0.08
900,2021-01-14,VEN,7060,1925,5135,3235,1333,2473,17,0,2,7060,0,ITH,ITH3,5,Veneto,Veneto,4905854,572096,11.66,0.14
901,2021-01-12,VEN,5231,1516,3715,2251,1056,1753,168,0,3,5231,0,ITH,ITH3,5,Veneto,Veneto,4905854,577327,11.77,0.11
902,2021-01-23,VEN,4063,1255,2808,3404,205,450,1,0,3,34,4029,ITH,ITH3,5,Veneto,Veneto,4905854,581390,11.85,0.08
903,2021-03-07,VEN,4446,1739,2707,1692,927,17,983,0,827,3891,555,ITH,ITH3,5,Veneto,Veneto,4905854,585836,11.94,0.09
904,2021-03-02,VEN,11318,4547,6771,2760,1848,1167,3285,410,1848,8043,3275,ITH,ITH3,5,Veneto,Veneto,4905854,597154,12.17,0.23
905,2021-02-15,VEN,4386,1820,2566,483,210,383,3294,14,2,4146,240,ITH,ITH3,5,Veneto,Veneto,4905854,601540,12.26,0.09
906,2021-03-13,VEN,16812,6995,9817,2242,5371,75,4816,281,4027,13732,3080,ITH,ITH3,5,Veneto,Veneto,4905854,618352,12.6,0.34
907,2021-02-20,VEN,6325,1988,4337,1802,204,100,971,6,3242,6321,4,ITH,ITH3,5,Veneto,Veneto,4905854,624677,12.73,0.13
908,2021-03-23,VEN,8199,3760,4439,363,2742,433,3751,118,792,5461,2738,ITH,ITH3,5,Veneto,Veneto,4905854,632876,12.9,0.17
909,2021-02-06,VEN,4090,1351,2739,3023,697,367,3,0,0,709,3381,ITH,ITH3,5,Veneto,Veneto,4905854,636966,12.98,0.08
910,2021-03-03,VEN,11892,4511,7381,3312,1526,1110,3375,310,2259,8399,3493,ITH,ITH3,5,Veneto,Veneto,4905854,648858,13.23,0.24
911,2021-02-12,SIC,4745,1852,2893,2300,1802,643,0,0,0,4414,331,ITG,ITG1,19,Sicilia,Sicilia,4999891,4745,0.09,0.09
912,2021-01-27,SIC,7531,3835,3696,6329,1050,152,0,0,0,189,7342,ITG,ITG1,19,Sicilia,Sicilia,4999891,12276,0.25,0.15
913,2021-02-24,SIC,9600,4869,4731,1423,1253,499,4028,1474,923,9004,596,ITG,ITG1,19,Sicilia,Sicilia,4999891,21876,0.44,0.19
914,2021-03-15,SIC,10740,4708,6032,1238,2637,665,4830,216,1154,5669,5071,ITG,ITG1,19,Sicilia,Sicilia,4999891,32616,0.65,0.21
915,2021-01-28,SIC,9328,4399,4929,7464,1569,295,0,0,0,414,8914,ITG,ITG1,19,Sicilia,Sicilia,4999891,41944,0.84,0.19
916,2021-01-03,SIC,4693,2454,2239,4361,332,0,0,0,0,4693,0,ITG,ITG1,19,Sicilia,Sicilia,4999891,46637,0.93,0.09
917,2021-02-03,SIC,6102,2857,3245,3358,2120,624,0,0,0,756,5346,ITG,ITG1,19,Sicilia,Sicilia,4999891,52739,1.05,0.12
918,2021-01-26,SIC,9515,4679,4836,8379,882,254,0,0,0,265,9250,ITG,ITG1,19,Sicilia,Sicilia,4999891,62254,1.25,0.19
919,2020-12-27,SIC,89,54,35,62,2,25,0,0,0,89,0,ITG,ITG1,19,Sicilia,Sicilia,4999891,62343,1.25,0.0
920,2021-01-21,SIC,1328,647,681,1001,190,137,0,0,0,499,829,ITG,ITG1,19,Sicilia,Sicilia,4999891,63671,1.27,0.03
921,2021-02-17,SIC,5430,3292,2138,1530,1126,880,8,1884,2,4756,674,ITG,ITG1,19,Sicilia,Sicilia,4999891,69101,1.38,0.11
922,2021-03-16,SIC,10168,4462,5706,1662,1733,810,5677,68,218,4016,6152,ITG,ITG1,19,Sicilia,Sicilia,4999891,79269,1.59,0.2
923,2021-02-06,SIC,5066,2225,2841,2535,1939,592,0,0,0,1488,3578,ITG,ITG1,19,Sicilia,Sicilia,4999891,84335,1.69,0.1
924,2021-01-19,SIC,1271,521,750,521,512,238,0,0,0,1093,178,ITG,ITG1,19,Sicilia,Sicilia,4999891,85606,1.71,0.03
925,2021-03-23,SIC,6930,3451,3479,302,3490,158,2485,97,398,4507,2423,ITG,ITG1,19,Sicilia,Sicilia,4999891,92536,1.85,0.14
926,2021-01-31,SIC,4111,1958,2153,2600,1216,295,0,0,0,113,3998,ITG,ITG1,19,Sicilia,Sicilia,4999891,96647,1.93,0.08
927,2021-02-10,SIC,4433,1819,2614,1975,1717,741,0,0,0,4008,425,ITG,ITG1,19,Sicilia,Sicilia,4999891,101080,2.02,0.09
928,2021-01-17,SIC,1295,584,711,619,516,160,0,0,0,1245,50,ITG,ITG1,19,Sicilia,Sicilia,4999891,102375,2.05,0.03
929,2020-12-29,SIC,235,146,89,235,0,0,0,0,0,235,0,ITG,ITG1,19,Sicilia,Sicilia,4999891,102610,2.05,0.0
930,2021-03-06,SIC,12936,5172,7764,2003,2000,758,3887,638,3650,10030,2906,ITG,ITG1,19,Sicilia,Sicilia,4999891,115546,2.31,0.26
931,2021-03-22,SIC,16794,7910,8884,912,8691,356,5541,70,1224,11251,5543,ITG,ITG1,19,Sicilia,Sicilia,4999891,132340,2.65,0.34
932,2021-03-11,SIC,15443,6504,8939,1610,5191,906,3931,481,3324,12870,2573,ITG,ITG1,19,Sicilia,Sicilia,4999891,147783,2.96,0.31
933,2021-02-02,SIC,5539,2622,2917,3154,1956,429,0,0,0,633,4906,ITG,ITG1,19,Sicilia,Sicilia,4999891,153322,3.07,0.11
934,2021-01-10,SIC,3618,1615,2003,2126,1028,464,0,0,0,3618,0,ITG,ITG1,19,Sicilia,Sicilia,4999891,156940,3.14,0.07
935,2021-01-30,SIC,7837,3569,4268,5450,1912,475,0,0,0,175,7662,ITG,ITG1,19,Sicilia,Sicilia,4999891,164777,3.3,0.16
936,2021-01-14,SIC,5250,2514,2736,3046,1945,259,0,0,0,5250,0,ITG,ITG1,19,Sicilia,Sicilia,4999891,170027,3.4,0.11
937,2021-03-21,SIC,15176,7314,7862,489,9097,57,4486,92,955,11202,3974,ITG,ITG1,19,Sicilia,Sicilia,4999891,185203,3.7,0.3
938,2021-01-24,SIC,4335,2262,2073,3990,342,3,0,0,0,148,4187,ITG,ITG1,19,Sicilia,Sicilia,4999891,189538,3.79,0.09
939,2021-02-05,SIC,7216,3232,3984,3618,2742,856,0,0,0,2132,5084,ITG,ITG1,19,Sicilia,Sicilia,4999891,196754,3.94,0.14
940,2021-02-26,SIC,12245,5976,6269,1836,1971,361,3891,1733,2453,10556,1689,ITG,ITG1,19,Sicilia,Sicilia,4999891,208999,4.18,0.24
941,2020-12-30,SIC,173,101,72,156,17,0,0,0,0,173,0,ITG,ITG1,19,Sicilia,Sicilia,4999891,209172,4.18,0.0
942,2021-02-09,SIC,4371,1831,2540,2241,1490,640,0,0,0,3365,1006,ITG,ITG1,19,Sicilia,Sicilia,4999891,213543,4.27,0.09
943,2021-01-11,SIC,5903,2590,3313,3923,1598,382,0,0,0,5903,0,ITG,ITG1,19,Sicilia,Sicilia,4999891,219446,4.39,0.12
944,2020-12-28,SIC,207,124,83,205,2,0,0,0,0,207,0,ITG,ITG1,19,Sicilia,Sicilia,4999891,219653,4.39,0.0
945,2021-01-15,SIC,5079,2233,2846,2824,1776,479,0,0,0,5079,0,ITG,ITG1,19,Sicilia,Sicilia,4999891,224732,4.49,0.1
946,2021-03-07,SIC,9269,3458,5811,967,965,431,3393,216,3297,8185,1084,ITG,ITG1,19,Sicilia,Sicilia,4999891,234001,4.68,0.19
947,2021-03-14,SIC,8818,3944,4874,569,3079,176,4280,36,678,4961,3857,ITG,ITG1,19,Sicilia,Sicilia,4999891,242819,4.86,0.18
948,2021-02-25,SIC,10154,5275,4879,1770,1702,507,3980,1525,670,8974,1180,ITG,ITG1,19,Sicilia,Sicilia,4999891,252973,5.06,0.2
949,2021-01-13,SIC,5204,2462,2742,3033,1730,441,0,0,0,5204,0,ITG,ITG1,19,Sicilia,Sicilia,4999891,258177,5.16,0.1
950,2021-03-04,SIC,15194,6549,8645,2811,2806,698,3927,1124,3828,10991,4203,ITG,ITG1,19,Sicilia,Sicilia,4999891,273371,5.47,0.3
951,2021-03-05,SIC,15893,6851,9042,3190,2486,712,3998,1423,4084,11568,4325,ITG,ITG1,19,Sicilia,Sicilia,4999891,289264,5.79,0.32
952,2021-02-23,SIC,8946,4687,4259,1266,1236,502,3996,1367,579,8456,490,ITG,ITG1,19,Sicilia,Sicilia,4999891,298210,5.96,0.18
953,2021-02-28,SIC,7179,3072,4107,871,1311,93,3291,254,1359,6549,630,ITG,ITG1,19,Sicilia,Sicilia,4999891,305389,6.11,0.14
954,2021-02-11,SIC,5332,2103,3229,2458,1984,890,0,0,0,4868,464,ITG,ITG1,19,Sicilia,Sicilia,4999891,310721,6.21,0.11
955,2021-03-13,SIC,12435,5477,6958,1173,4257,493,4615,133,1764,7829,4606,ITG,ITG1,19,Sicilia,Sicilia,4999891,323156,6.46,0.25
956,2021-03-03,SIC,14691,6538,8153,2408,2326,507,4290,1330,3830,11606,3085,ITG,ITG1,19,Sicilia,Sicilia,4999891,337847,6.76,0.29
957,2021-01-04,SIC,8373,4172,4201,7595,772,6,0,0,0,8373,0,ITG,ITG1,19,Sicilia,Sicilia,4999891,346220,6.92,0.17
958,2021-02-01,SIC,6077,2684,3393,4168,1591,318,0,0,0,304,5773,ITG,ITG1,19,Sicilia,Sicilia,4999891,352297,7.05,0.12
959,2021-01-16,SIC,2776,1195,1581,1329,1149,298,0,0,0,2776,0,ITG,ITG1,19,Sicilia,Sicilia,4999891,355073,7.1,0.06
960,2021-02-04,SIC,6877,3159,3718,4417,1920,540,0,0,0,1460,5417,ITG,ITG1,19,Sicilia,Sicilia,4999891,361950,7.24,0.14
961,2021-01-23,SIC,4149,2147,2002,3912,221,16,0,0,0,225,3924,ITG,ITG1,19,Sicilia,Sicilia,4999891,366099,7.32,0.08
962,2021-02-07,SIC,2348,996,1352,1610,581,157,0,0,0,675,1673,ITG,ITG1,19,Sicilia,Sicilia,4999891,368447,7.37,0.05
963,2021-03-02,SIC,14948,6384,8564,2382,1928,500,4467,1338,4333,12126,2822,ITG,ITG1,19,Sicilia,Sicilia,4999891,383395,7.67,0.3
964,2021-02-15,SIC,3951,1862,2089,1700,1345,563,10,307,26,3382,569,ITG,ITG1,19,Sicilia,Sicilia,4999891,387346,7.75,0.08
965,2021-02-19,SIC,5159,2757,2402,1486,1364,600,74,1396,239,4588,571,ITG,ITG1,19,Sicilia,Sicilia,4999891,392505,7.85,0.1
966,2021-02-18,SIC,5494,3174,2320,1635,1244,813,9,1697,96,5063,431,ITG,ITG1,19,Sicilia,Sicilia,4999891,397999,7.96,0.11
967,2021-01-20,SIC,808,410,398,422,194,192,0,0,0,573,235,ITG,ITG1,19,Sicilia,Sicilia,4999891,398807,7.98,0.02
968,2021-01-18,SIC,1548,646,902,721,619,208,0,0,0,1432,116,ITG,ITG1,19,Sicilia,Sicilia,4999891,400355,8.01,0.03
969,2021-02-21,SIC,5176,2507,2669,378,651,174,3682,138,153,5068,108,ITG,ITG1,19,Sicilia,Sicilia,4999891,405531,8.11,0.1
970,2021-03-19,SIC,16484,8112,8372,1261,8813,561,5351,42,456,10757,5727,ITG,ITG1,19,Sicilia,Sicilia,4999891,422015,8.44,0.33
971,2021-02-08,SIC,4086,1759,2327,2346,1343,397,0,0,0,2128,1958,ITG,ITG1,19,Sicilia,Sicilia,4999891,426101,8.52,0.08
972,2021-01-07,SIC,9173,4239,4934,7694,1269,210,0,0,0,9173,0,ITG,ITG1,19,Sicilia,Sicilia,4999891,435274,8.71,0.18
973,2021-03-08,SIC,13496,5778,7718,2011,2104,626,3835,920,4000,10683,2813,ITG,ITG1,19,Sicilia,Sicilia,4999891,448770,8.98,0.27
974,2021-01-06,SIC,6471,3402,3069,5717,752,2,0,0,0,6471,0,ITG,ITG1,19,Sicilia,Sicilia,4999891,455241,9.11,0.13
975,2021-03-01,SIC,12977,6129,6848,1557,1809,392,4302,1764,3153,11318,1659,ITG,ITG1,19,Sicilia,Sicilia,4999891,468218,9.36,0.26
976,2021-01-12,SIC,4542,2234,2308,2863,1484,195,0,0,0,4542,0,ITG,ITG1,19,Sicilia,Sicilia,4999891,472760,9.46,0.09
977,2021-01-05,SIC,10527,5159,5368,9074,1246,207,0,0,0,10527,0,ITG,ITG1,19,Sicilia,Sicilia,4999891,483287,9.67,0.21
978,2020-12-31,SIC,877,469,408,827,50,0,0,0,0,877,0,ITG,ITG1,19,Sicilia,Sicilia,4999891,484164,9.68,0.02
979,2021-02-16,SIC,4413,2299,2114,1464,1287,779,25,857,1,3946,467,ITG,ITG1,19,Sicilia,Sicilia,4999891,488577,9.77,0.09
980,2021-01-09,SIC,7325,3424,3901,5034,1835,456,0,0,0,7325,0,ITG,ITG1,19,Sicilia,Sicilia,4999891,495902,9.92,0.15
981,2021-01-08,SIC,8328,3864,4464,6591,1524,213,0,0,0,8328,0,ITG,ITG1,19,Sicilia,Sicilia,4999891,504230,10.08,0.17
982,2021-01-29,SIC,9360,4321,5039,7151,1904,305,0,0,0,432,8928,ITG,ITG1,19,Sicilia,Sicilia,4999891,513590,10.27,0.19
983,2021-01-22,SIC,1235,625,610,1035,82,118,0,0,0,242,993,ITG,ITG1,19,Sicilia,Sicilia,4999891,514825,10.3,0.02
984,2021-03-18,SIC,15560,7756,7804,1284,8225,598,5355,61,37,9849,5711,ITG,ITG1,19,Sicilia,Sicilia,4999891,530385,10.61,0.31
985,2021-01-01,SIC,815,437,378,740,75,0,0,0,0,815,0,ITG,ITG1,19,Sicilia,Sicilia,4999891,531200,10.62,0.02
986,2021-02-20,SIC,7262,3732,3530,840,1332,546,3749,620,175,7011,251,ITG,ITG1,19,Sicilia,Sicilia,4999891,538462,10.77,0.15
987,2021-03-10,SIC,13837,5878,7959,1479,3000,933,4061,646,3718,11447,2390,ITG,ITG1,19,Sicilia,Sicilia,4999891,552299,11.05,0.28
988,2021-02-13,SIC,3107,1168,1939,1296,1241,570,0,0,0,2850,257,ITG,ITG1,19,Sicilia,Sicilia,4999891,555406,11.11,0.06
989,2021-03-09,SIC,13041,5480,7561,1593,2291,584,3943,939,3691,10668,2373,ITG,ITG1,19,Sicilia,Sicilia,4999891,568447,11.37,0.26
990,2021-01-25,SIC,7512,3697,3815,6634,808,70,0,0,0,322,7190,ITG,ITG1,19,Sicilia,Sicilia,4999891,575959,11.52,0.15
991,2021-03-20,SIC,18894,9070,9824,836,10875,413,5472,79,1219,13507,5387,ITG,ITG1,19,Sicilia,Sicilia,4999891,594853,11.9,0.38
992,2021-03-12,SIC,13114,5615,7499,1386,4518,695,3764,344,2407,10891,2223,ITG,ITG1,19,Sicilia,Sicilia,4999891,607967,12.16,0.26
993,2021-02-27,SIC,12448,5570,6878,1515,2423,277,3843,1021,3369,11237,1211,ITG,ITG1,19,Sicilia,Sicilia,4999891,620415,12.41,0.25
994,2021-03-17,SIC,15387,7549,7838,1401,7253,664,5720,43,306,9443,5944,ITG,ITG1,19,Sicilia,Sicilia,4999891,635802,12.72,0.31
995,2021-02-22,SIC,8036,4160,3876,1107,936,554,4065,1053,321,7544,492,ITG,ITG1,19,Sicilia,Sicilia,4999891,643838,12.88,0.16
996,2021-01-02,SIC,4872,2533,2339,4311,561,0,0,0,0,4872,0,ITG,ITG1,19,Sicilia,Sicilia,4999891,648710,12.97,0.1
997,2021-02-14,SIC,1057,402,655,433,388,236,0,0,0,917,140,ITG,ITG1,19,Sicilia,Sicilia,4999891,649767,13.0,0.02
998,2021-02-07,LOM,7172,2793,4379,5540,1345,263,17,2,5,339,6833,ITC,ITC4,3,Lombardia,Lombardia,10060574,7172,0.07,0.07
999,2021-03-08,LOM,28884,10813,18071,6489,4066,1011,11222,1575,4521,21977,6907,ITC,ITC4,3,Lombardia,Lombardia,10060574,36056,0.36,0.29
1000,2021-01-22,LOM,2935,828,2107,1569,629,728,9,0,0,2882,53,ITC,ITC4,3,Lombardia,Lombardia,10060574,38991,0.39,0.03
1001,2021-03-12,LOM,33776,12499,21277,5010,4119,1396,15354,1081,6816,23749,10027,ITC,ITC4,3,Lombardia,Lombardia,10060574,72767,0.72,0.34
1002,2021-02-08,LOM,9800,2859,6941,5194,2239,2314,53,0,0,2089,7711,ITC,ITC4,3,Lombardia,Lombardia,10060574,82567,0.82,0.1
1003,2021-02-20,LOM,9385,3879,5506,4275,1110,216,2917,863,4,9092,293,ITC,ITC4,3,Lombardia,Lombardia,10060574,91952,0.91,0.09
1004,2021-02-16,LOM,9461,3074,6387,5831,2257,1338,8,8,19,9010,451,ITC,ITC4,3,Lombardia,Lombardia,10060574,101413,1.01,0.09
1005,2021-01-09,LOM,12379,4558,7821,9501,2675,196,6,1,0,12379,0,ITC,ITC4,3,Lombardia,Lombardia,10060574,113792,1.13,0.12
1006,2021-02-11,LOM,16781,4938,11843,9645,3246,3848,32,4,6,9457,7324,ITC,ITC4,3,Lombardia,Lombardia,10060574,130573,1.3,0.17
1007,2020-12-31,LOM,713,300,413,657,56,0,0,0,0,713,0,ITC,ITC4,3,Lombardia,Lombardia,10060574,131286,1.3,0.01
1008,2021-02-28,LOM,7833,3234,4599,1106,2280,76,4258,82,31,7617,216,ITC,ITC4,3,Lombardia,Lombardia,10060574,139119,1.38,0.08
1009,2021-03-19,LOM,31443,12506,18937,2706,2867,1240,21475,150,3005,18802,12641,ITC,ITC4,3,Lombardia,Lombardia,10060574,170562,1.7,0.31
1010,2021-02-15,LOM,8779,3073,5706,6010,1750,975,4,31,9,8359,420,ITC,ITC4,3,Lombardia,Lombardia,10060574,179341,1.78,0.09
1011,2021-02-18,LOM,13938,4897,9041,6113,1946,1567,3427,857,28,12915,1023,ITC,ITC4,3,Lombardia,Lombardia,10060574,193279,1.92,0.14
1012,2021-03-10,LOM,31951,12160,19791,6762,4809,1920,11495,1524,5441,24352,7599,ITC,ITC4,3,Lombardia,Lombardia,10060574,225230,2.24,0.32
1013,2021-01-07,LOM,11562,3595,7967,8958,1928,652,22,1,1,11562,0,ITC,ITC4,3,Lombardia,Lombardia,10060574,236792,2.35,0.11
1014,2021-03-15,LOM,30981,11114,19867,4644,3951,821,12804,586,8175,22604,8377,ITC,ITC4,3,Lombardia,Lombardia,10060574,267773,2.66,0.31
1015,2021-02-19,LOM,14030,5357,8673,5526,1884,1136,4540,928,16,13353,677,ITC,ITC4,3,Lombardia,Lombardia,10060574,281803,2.8,0.14
1016,2021-01-12,LOM,19730,6580,13150,13404,4671,1562,92,1,0,19730,0,ITC,ITC4,3,Lombardia,Lombardia,10060574,301533,3.0,0.2
1017,2021-01-08,LOM,12597,3897,8700,9962,2317,313,5,0,0,12597,0,ITC,ITC4,3,Lombardia,Lombardia,10060574,314130,3.12,0.13
1018,2021-02-21,LOM,5004,1851,3153,1743,959,32,2227,40,3,4984,20,ITC,ITC4,3,Lombardia,Lombardia,10060574,319134,3.17,0.05
1019,2021-02-09,LOM,12101,3298,8803,5716,2298,4006,75,2,4,4000,8101,ITC,ITC4,3,Lombardia,Lombardia,10060574,331235,3.29,0.12
1020,2021-02-23,LOM,11675,4762,6913,3936,1616,834,4296,990,3,11367,308,ITC,ITC4,3,Lombardia,Lombardia,10060574,342910,3.41,0.12
1021,2021-01-13,LOM,25881,7938,17943,15615,5964,4110,189,2,1,25881,0,ITC,ITC4,3,Lombardia,Lombardia,10060574,368791,3.67,0.26
1022,2021-03-17,LOM,25450,10163,15287,2488,2274,1898,18707,44,39,14780,10670,ITC,ITC4,3,Lombardia,Lombardia,10060574,394241,3.92,0.25
1023,2021-02-17,LOM,11763,3706,8057,7566,2250,1860,39,38,10,10408,1355,ITC,ITC4,3,Lombardia,Lombardia,10060574,406004,4.04,0.12
1024,2020-12-27,LOM,702,407,295,601,86,14,1,0,0,702,0,ITC,ITC4,3,Lombardia,Lombardia,10060574,406706,4.04,0.01
1025,2021-03-16,LOM,25167,9979,15188,3290,2885,1388,17512,17,75,16223,8944,ITC,ITC4,3,Lombardia,Lombardia,10060574,431873,4.29,0.25
1026,2021-01-21,LOM,5322,1566,3756,3008,1286,1024,4,0,0,4635,687,ITC,ITC4,3,Lombardia,Lombardia,10060574,437195,4.35,0.05
1027,2020-12-30,LOM,113,42,71,105,8,0,0,0,0,113,0,ITC,ITC4,3,Lombardia,Lombardia,10060574,437308,4.35,0.0
1028,2021-03-06,LOM,20856,8870,11986,4726,5950,438,7384,1011,1347,16351,4505,ITC,ITC4,3,Lombardia,Lombardia,10060574,458164,4.55,0.21
1029,2021-01-18,LOM,9019,2929,6090,5154,2045,1764,54,2,0,8037,982,ITC,ITC4,3,Lombardia,Lombardia,10060574,467183,4.64,0.09
1030,2021-01-05,LOM,7676,2514,5162,6163,1334,172,7,0,0,7676,0,ITC,ITC4,3,Lombardia,Lombardia,10060574,474859,4.72,0.08
1031,2021-02-22,LOM,11655,4713,6942,4165,1536,932,4029,965,28,11346,309,ITC,ITC4,3,Lombardia,Lombardia,10060574,486514,4.84,0.12
1032,2021-03-14,LOM,13718,4774,8944,1494,1326,80,5258,396,5164,10449,3269,ITC,ITC4,3,Lombardia,Lombardia,10060574,500232,4.97,0.14
1033,2021-02-10,LOM,14188,4446,9742,8448,2378,3282,71,3,6,7450,6738,ITC,ITC4,3,Lombardia,Lombardia,10060574,514420,5.11,0.14
1034,2021-02-04,LOM,27162,7963,19199,15583,5877,5501,194,7,0,1940,25222,ITC,ITC4,3,Lombardia,Lombardia,10060574,541582,5.38,0.27
1035,2021-01-01,LOM,24,7,17,24,0,0,0,0,0,24,0,ITC,ITC4,3,Lombardia,Lombardia,10060574,541606,5.38,0.0
1036,2021-01-16,LOM,15265,5688,9577,8555,5074,1481,152,3,0,15265,0,ITC,ITC4,3,Lombardia,Lombardia,10060574,556871,5.54,0.15
1037,2021-03-01,LOM,18541,8126,10415,2634,2614,875,10781,1609,28,16837,1704,ITC,ITC4,3,Lombardia,Lombardia,10060574,575412,5.72,0.18
1038,2021-03-20,LOM,31200,11551,19649,1884,2988,467,17817,284,7760,21533,9667,ITC,ITC4,3,Lombardia,Lombardia,10060574,606612,6.03,0.31
1039,2021-01-29,LOM,13436,4114,9322,10485,2369,573,9,0,0,654,12782,ITC,ITC4,3,Lombardia,Lombardia,10060574,620048,6.16,0.13
1040,2021-02-24,LOM,14627,5909,8718,3576,1747,1784,6315,1181,24,13704,923,ITC,ITC4,3,Lombardia,Lombardia,10060574,634675,6.31,0.15
1041,2021-01-31,LOM,9727,3754,5973,7568,2063,87,7,2,0,33,9694,ITC,ITC4,3,Lombardia,Lombardia,10060574,644402,6.41,0.1
1042,2021-02-01,LOM,16027,5307,10720,11659,3421,902,43,1,1,324,15703,ITC,ITC4,3,Lombardia,Lombardia,10060574,660429,6.56,0.16
1043,2021-02-03,LOM,25345,7857,17488,15536,5701,3957,142,8,1,1120,24225,ITC,ITC4,3,Lombardia,Lombardia,10060574,685774,6.82,0.25
1044,2021-03-21,LOM,22272,7893,14379,1042,1814,410,9394,734,8878,17025,5247,ITC,ITC4,3,Lombardia,Lombardia,10060574,708046,7.04,0.22
1045,2021-01-03,LOM,852,316,536,744,103,4,1,0,0,852,0,ITC,ITC4,3,Lombardia,Lombardia,10060574,708898,7.05,0.01
1046,2021-01-04,LOM,5979,2059,3920,4917,878,173,11,0,0,5979,0,ITC,ITC4,3,Lombardia,Lombardia,10060574,714877,7.11,0.06
1047,2021-01-28,LOM,12154,3683,8471,9171,1982,971,28,1,1,775,11379,ITC,ITC4,3,Lombardia,Lombardia,10060574,727031,7.23,0.12
1048,2021-02-26,LOM,17943,7421,10522,3085,1914,1155,10461,1304,24,16312,1631,ITC,ITC4,3,Lombardia,Lombardia,10060574,744974,7.4,0.18
1049,2021-02-25,LOM,15068,6259,8809,2948,1610,1292,7992,1216,10,13526,1542,ITC,ITC4,3,Lombardia,Lombardia,10060574,760042,7.55,0.15
1050,2021-01-19,LOM,8047,2328,5719,4026,1814,2141,65,1,0,7571,476,ITC,ITC4,3,Lombardia,Lombardia,10060574,768089,7.63,0.08
1051,2021-02-14,LOM,3558,1539,2019,2749,772,24,3,0,10,2937,621,ITC,ITC4,3,Lombardia,Lombardia,10060574,771647,7.67,0.04
1052,2021-02-27,LOM,13813,5817,7996,2001,1868,558,8247,1091,48,13269,544,ITC,ITC4,3,Lombardia,Lombardia,10060574,785460,7.81,0.14
1053,2021-03-18,LOM,26243,10450,15793,2148,2094,1450,20410,44,97,15644,10599,ITC,ITC4,3,Lombardia,Lombardia,10060574,811703,8.07,0.26
1054,2021-03-05,LOM,27944,11502,16442,6996,6584,1470,10589,1900,405,19804,8140,ITC,ITC4,3,Lombardia,Lombardia,10060574,839647,8.35,0.28
1055,2020-12-29,LOM,100,43,57,100,0,0,0,0,0,100,0,ITC,ITC4,3,Lombardia,Lombardia,10060574,839747,8.35,0.0
1056,2021-03-09,LOM,32025,12261,19764,6025,4911,2260,11992,1426,5411,24710,7315,ITC,ITC4,3,Lombardia,Lombardia,10060574,871772,8.67,0.32
1057,2021-01-25,LOM,7020,2370,4650,5629,1159,218,14,0,0,486,6534,ITC,ITC4,3,Lombardia,Lombardia,10060574,878792,8.74,0.07
1058,2021-02-12,LOM,13447,4209,9238,7961,2658,2718,102,5,3,8710,4737,ITC,ITC4,3,Lombardia,Lombardia,10060574,892239,8.87,0.13
1059,2021-01-27,LOM,8028,2675,5353,6192,1399,434,1,0,2,820,7208,ITC,ITC4,3,Lombardia,Lombardia,10060574,900267,8.95,0.08
1060,2021-02-06,LOM,15027,5462,9565,9697,3395,1860,71,1,3,977,14050,ITC,ITC4,3,Lombardia,Lombardia,10060574,915294,9.1,0.15
1061,2021-01-17,LOM,8224,3314,4910,5536,2436,211,36,5,0,8024,200,ITC,ITC4,3,Lombardia,Lombardia,10060574,923518,9.18,0.08
1062,2021-01-24,LOM,1185,453,732,829,331,24,1,0,0,523,662,ITC,ITC4,3,Lombardia,Lombardia,10060574,924703,9.19,0.01
1063,2021-03-04,LOM,28816,11923,16893,6887,6803,2042,10777,1931,376,19958,8858,ITC,ITC4,3,Lombardia,Lombardia,10060574,953519,9.48,0.29
1064,2021-02-13,LOM,6379,2430,3949,4172,1500,682,17,4,4,4930,1449,ITC,ITC4,3,Lombardia,Lombardia,10060574,959898,9.54,0.06
1065,2021-03-22,LOM,37687,13259,24428,2340,3472,638,18977,443,11817,28051,9636,ITC,ITC4,3,Lombardia,Lombardia,10060574,997585,9.92,0.37
1066,2021-01-30,LOM,12309,4565,7744,9902,2237,160,8,1,1,192,12117,ITC,ITC4,3,Lombardia,Lombardia,10060574,1009894,10.04,0.12
1067,2021-03-23,LOM,12419,4618,7801,615,997,325,6871,230,3381,7964,4455,ITC,ITC4,3,Lombardia,Lombardia,10060574,1022313,10.16,0.12
1068,2021-03-11,LOM,34706,13014,21692,5654,4586,2064,14993,1216,6193,25184,9522,ITC,ITC4,3,Lombardia,Lombardia,10060574,1057019,10.51,0.34
1069,2021-02-02,LOM,19807,6568,13239,13481,4563,1679,76,7,1,489,19318,ITC,ITC4,3,Lombardia,Lombardia,10060574,1076826,10.7,0.2
1070,2021-01-20,LOM,5578,1364,4214,2743,1219,1557,59,0,0,5463,115,ITC,ITC4,3,Lombardia,Lombardia,10060574,1082404,10.76,0.06
1071,2021-01-02,LOM,199,72,127,178,21,0,0,0,0,199,0,ITC,ITC4,3,Lombardia,Lombardia,10060574,1082603,10.76,0.0
1072,2021-01-11,LOM,16010,5319,10691,11808,3458,699,42,1,2,16010,0,ITC,ITC4,3,Lombardia,Lombardia,10060574,1098613,10.92,0.16
1073,2021-01-15,LOM,24471,7204,17267,13566,6193,4408,302,2,0,24471,0,ITC,ITC4,3,Lombardia,Lombardia,10060574,1123084,11.16,0.24
1074,2021-01-06,LOM,7047,2487,4560,5840,1167,38,0,0,2,7047,0,ITC,ITC4,3,Lombardia,Lombardia,10060574,1130131,11.23,0.07
1075,2021-02-05,LOM,24955,7248,17707,14100,6220,4376,258,1,0,2132,22823,ITC,ITC4,3,Lombardia,Lombardia,10060574,1155086,11.48,0.25
1076,2021-03-02,LOM,22434,9559,12875,3044,4190,2072,11220,1778,130,19501,2933,ITC,ITC4,3,Lombardia,Lombardia,10060574,1177520,11.7,0.22
1077,2021-03-13,LOM,25768,9224,16544,3726,3094,250,10191,617,7890,19784,5984,ITC,ITC4,3,Lombardia,Lombardia,10060574,1203288,11.96,0.26
1078,2021-01-14,LOM,26408,7705,18703,15064,5753,5362,228,1,0,26408,0,ITC,ITC4,3,Lombardia,Lombardia,10060574,1229696,12.22,0.26
1079,2021-01-23,LOM,1114,357,757,644,332,138,0,0,0,916,198,ITC,ITC4,3,Lombardia,Lombardia,10060574,1230810,12.23,0.01
1080,2021-01-26,LOM,8325,2704,5621,6640,1440,223,22,0,0,334,7991,ITC,ITC4,3,Lombardia,Lombardia,10060574,1239135,12.32,0.08
1081,2020-12-28,LOM,103,44,59,102,1,0,0,0,0,103,0,ITC,ITC4,3,Lombardia,Lombardia,10060574,1239238,12.32,0.0
1082,2021-03-07,LOM,10820,4766,6054,2998,2022,73,4520,552,655,8268,2552,ITC,ITC4,3,Lombardia,Lombardia,10060574,1250058,12.43,0.11
1083,2021-01-10,LOM,10514,3955,6559,8171,2244,85,11,2,1,10514,0,ITC,ITC4,3,Lombardia,Lombardia,10060574,1260572,12.53,0.1
1084,2021-03-03,LOM,26265,11200,15065,6286,6349,1593,9711,1855,471,19186,7079,ITC,ITC4,3,Lombardia,Lombardia,10060574,1286837,12.79,0.26
1085,2021-02-09,VDA,251,84,167,78,30,14,75,1,53,68,183,ITC,ITC2,2,Valle d'Aosta / Vallée d'Aoste,Valle d'Aosta,125666,251,0.2,0.2
1086,2021-02-17,VDA,327,144,183,25,19,30,237,16,0,227,100,ITC,ITC2,2,Valle d'Aosta / Vallée d'Aoste,Valle d'Aosta,125666,578,0.46,0.26
1087,2021-03-06,VDA,22,4,18,13,0,5,4,0,0,22,0,ITC,ITC2,2,Valle d'Aosta / Vallée d'Aoste,Valle d'Aosta,125666,600,0.48,0.02
1088,2021-02-26,VDA,206,57,149,67,34,4,96,4,1,122,84,ITC,ITC2,2,Valle d'Aosta / Vallée d'Aoste,Valle d'Aosta,125666,806,0.64,0.16
1089,2021-01-30,VDA,436,202,234,232,192,12,0,0,0,13,423,ITC,ITC2,2,Valle d'Aosta / Vallée d'Aoste,Valle d'Aosta,125666,1242,0.99,0.35
1090,2021-03-22,VDA,544,198,346,36,140,7,334,10,17,318,226,ITC,ITC2,2,Valle d'Aosta / Vallée d'Aoste,Valle d'Aosta,125666,1786,1.42,0.43
1091,2021-02-18,VDA,349,153,196,61,41,45,180,14,8,261,88,ITC,ITC2,2,Valle d'Aosta / Vallée d'Aoste,Valle d'Aosta,125666,2135,1.7,0.28
1092,2021-02-19,VDA,292,102,190,17,30,35,145,0,65,268,24,ITC,ITC2,2,Valle d'Aosta / Vallée d'Aoste,Valle d'Aosta,125666,2427,1.93,0.23
1093,2021-01-14,VDA,237,69,168,151,84,0,2,0,0,237,0,ITC,ITC2,2,Valle d'Aosta / Vallée d'Aoste,Valle d'Aosta,125666,2664,2.12,0.19
1094,2021-02-22,VDA,316,94,222,62,41,37,103,6,67,213,103,ITC,ITC2,2,Valle d'Aosta / Vallée d'Aoste,Valle d'Aosta,125666,2980,2.37,0.25
1095,2021-03-04,VDA,291,139,152,55,58,2,160,14,2,42,249,ITC,ITC2,2,Valle d'Aosta / Vallée d'Aoste,Valle d'Aosta,125666,3271,2.6,0.23
1096,2021-01-13,VDA,337,110,227,166,143,28,0,0,0,337,0,ITC,ITC2,2,Valle d'Aosta / Vallée d'Aoste,Valle d'Aosta,125666,3608,2.87,0.27
1097,2021-02-10,VDA,248,77,171,51,25,26,127,1,18,141,107,ITC,ITC2,2,Valle d'Aosta / Vallée d'Aoste,Valle d'Aosta,125666,3856,3.07,0.2
1098,2021-03-23,VDA,119,39,80,7,0,7,105,0,0,14,105,ITC,ITC2,2,Valle d'Aosta / Vallée d'Aoste,Valle d'Aosta,125666,3975,3.16,0.09
1099,2021-01-17,VDA,131,56,75,49,3,20,59,0,0,131,0,ITC,ITC2,2,Valle d'Aosta / Vallée d'Aoste,Valle d'Aosta,125666,4106,3.27,0.1
1100,2021-03-15,VDA,361,122,239,20,45,10,215,6,65,159,202,ITC,ITC2,2,Valle d'Aosta / Vallée d'Aoste,Valle d'Aosta,125666,4467,3.55,0.29
1101,2021-03-20,VDA,205,85,120,5,166,15,14,4,1,170,35,ITC,ITC2,2,Valle d'Aosta / Vallée d'Aoste,Valle d'Aosta,125666,4672,3.72,0.16
1102,2021-02-24,VDA,183,82,101,30,15,13,65,53,7,164,19,ITC,ITC2,2,Valle d'Aosta / Vallée d'Aoste,Valle d'Aosta,125666,4855,3.86,0.15
1103,2021-01-28,VDA,290,123,167,197,85,6,2,0,0,56,234,ITC,ITC2,2,Valle d'Aosta / Vallée d'Aoste,Valle d'Aosta,125666,5145,4.09,0.23
1104,2021-01-09,VDA,443,199,244,225,196,22,0,0,0,443,0,ITC,ITC2,2,Valle d'Aosta / Vallée d'Aoste,Valle d'Aosta,125666,5588,4.45,0.35
1105,2021-01-29,VDA,316,138,178,259,41,16,0,0,0,2,314,ITC,ITC2,2,Valle d'Aosta / Vallée d'Aoste,Valle d'Aosta,125666,5904,4.7,0.25
1106,2021-03-12,VDA,529,175,354,14,104,7,148,2,254,303,226,ITC,ITC2,2,Valle d'Aosta / Vallée d'Aoste,Valle d'Aosta,125666,6433,5.12,0.42
1107,2021-03-09,VDA,204,96,108,2,79,23,36,39,25,172,32,ITC,ITC2,2,Valle d'Aosta / Vallée d'Aoste,Valle d'Aosta,125666,6637,5.28,0.16
1108,2021-01-27,VDA,151,71,80,55,25,18,53,0,0,79,72,ITC,ITC2,2,Valle d'Aosta / Vallée d'Aoste,Valle d'Aosta,125666,6788,5.4,0.12
1109,2021-01-19,VDA,256,77,179,160,24,15,57,0,0,256,0,ITC,ITC2,2,Valle d'Aosta / Vallée d'Aoste,Valle d'Aosta,125666,7044,5.61,0.2
1110,2021-02-13,VDA,215,195,20,0,54,0,0,161,0,215,0,ITC,ITC2,2,Valle d'Aosta / Vallée d'Aoste,Valle d'Aosta,125666,7259,5.78,0.17
1111,2021-02-03,VDA,351,114,237,157,141,52,1,0,0,14,337,ITC,ITC2,2,Valle d'Aosta / Vallée d'Aoste,Valle d'Aosta,125666,7610,6.06,0.28
1112,2021-03-07,VDA,64,30,34,16,19,0,26,2,1,11,53,ITC,ITC2,2,Valle d'Aosta / Vallée d'Aoste,Valle d'Aosta,125666,7674,6.11,0.05
1113,2021-01-18,VDA,213,74,139,29,111,27,46,0,0,213,0,ITC,ITC2,2,Valle d'Aosta / Vallée d'Aoste,Valle d'Aosta,125666,7887,6.28,0.17
1114,2021-02-07,VDA,292,120,172,110,72,0,105,2,3,190,102,ITC,ITC2,2,Valle d'Aosta / Vallée d'Aoste,Valle d'Aosta,125666,8179,6.51,0.23
1115,2021-02-16,VDA,325,53,272,10,58,12,5,4,236,320,5,ITC,ITC2,2,Valle d'Aosta / Vallée d'Aoste,Valle d'Aosta,125666,8504,6.77,0.26
1116,2021-01-21,VDA,33,12,21,0,0,33,0,0,0,33,0,ITC,ITC2,2,Valle d'Aosta / Vallée d'Aoste,Valle d'Aosta,125666,8537,6.79,0.03
1117,2021-02-21,VDA,18,3,15,0,0,18,0,0,0,0,18,ITC,ITC2,2,Valle d'Aosta / Vallée d'Aoste,Valle d'Aosta,125666,8555,6.81,0.01
1118,2021-01-15,VDA,218,82,136,116,68,28,6,0,0,218,0,ITC,ITC2,2,Valle d'Aosta / Vallée d'Aoste,Valle d'Aosta,125666,8773,6.98,0.17
1119,2021-01-12,VDA,302,72,230,242,49,11,0,0,0,302,0,ITC,ITC2,2,Valle d'Aosta / Vallée d'Aoste,Valle d'Aosta,125666,9075,7.22,0.24
1120,2021-03-18,VDA,134,43,91,4,3,25,101,1,0,98,36,ITC,ITC2,2,Valle d'Aosta / Vallée d'Aoste,Valle d'Aosta,125666,9209,7.33,0.11
1121,2021-02-06,VDA,289,104,185,170,44,0,74,1,0,92,197,ITC,ITC2,2,Valle d'Aosta / Vallée d'Aoste,Valle d'Aosta,125666,9498,7.56,0.23
1122,2020-12-27,VDA,20,9,11,20,0,0,0,0,0,20,0,ITC,ITC2,2,Valle d'Aosta / Vallée d'Aoste,Valle d'Aosta,125666,9518,7.57,0.02
1123,2021-02-27,VDA,230,84,146,69,30,1,126,4,0,124,106,ITC,ITC2,2,Valle d'Aosta / Vallée d'Aoste,Valle d'Aosta,125666,9748,7.76,0.18
1124,2021-01-22,VDA,56,21,35,36,0,20,0,0,0,20,36,ITC,ITC2,2,Valle d'Aosta / Vallée d'Aoste,Valle d'Aosta,125666,9804,7.8,0.04
1125,2021-01-02,VDA,6,5,1,0,0,6,0,0,0,6,0,ITC,ITC2,2,Valle d'Aosta / Vallée d'Aoste,Valle d'Aosta,125666,9810,7.81,0.0
1126,2021-02-02,VDA,271,70,201,225,43,3,0,0,0,2,269,ITC,ITC2,2,Valle d'Aosta / Vallée d'Aoste,Valle d'Aosta,125666,10081,8.02,0.22
1127,2021-02-08,VDA,223,83,140,28,103,3,64,0,25,25,198,ITC,ITC2,2,Valle d'Aosta / Vallée d'Aoste,Valle d'Aosta,125666,10304,8.2,0.18
1128,2021-03-10,VDA,436,182,254,9,67,17,337,6,0,225,211,ITC,ITC2,2,Valle d'Aosta / Vallée d'Aoste,Valle d'Aosta,125666,10740,8.55,0.35
1129,2021-03-11,VDA,192,72,120,2,14,7,166,1,2,64,128,ITC,ITC2,2,Valle d'Aosta / Vallée d'Aoste,Valle d'Aosta,125666,10932,8.7,0.15
1130,2021-02-15,VDA,264,136,128,24,29,24,170,15,2,229,35,ITC,ITC2,2,Valle d'Aosta / Vallée d'Aoste,Valle d'Aosta,125666,11196,8.91,0.21
1131,2021-02-20,VDA,250,210,40,6,51,8,2,174,9,241,9,ITC,ITC2,2,Valle d'Aosta / Vallée d'Aoste,Valle d'Aosta,125666,11446,9.11,0.2
1132,2021-01-11,VDA,325,112,213,238,57,30,0,0,0,325,0,ITC,ITC2,2,Valle d'Aosta / Vallée d'Aoste,Valle d'Aosta,125666,11771,9.37,0.26
1133,2021-01-20,VDA,23,8,15,0,0,6,17,0,0,23,0,ITC,ITC2,2,Valle d'Aosta / Vallée d'Aoste,Valle d'Aosta,125666,11794,9.39,0.02
1134,2021-03-19,VDA,319,84,235,7,72,21,9,1,209,284,35,ITC,ITC2,2,Valle d'Aosta / Vallée d'Aoste,Valle d'Aosta,125666,12113,9.64,0.25
1135,2021-03-08,VDA,481,231,250,28,81,13,343,15,1,237,244,ITC,ITC2,2,Valle d'Aosta / Vallée d'Aoste,Valle d'Aosta,125666,12594,10.02,0.38
1136,2021-03-02,VDA,339,166,173,17,105,39,108,65,5,336,3,ITC,ITC2,2,Valle d'Aosta / Vallée d'Aoste,Valle d'Aosta,125666,12933,10.29,0.27
1137,2021-03-01,VDA,181,66,115,19,15,29,116,2,0,147,34,ITC,ITC2,2,Valle d'Aosta / Vallée d'Aoste,Valle d'Aosta,125666,13114,10.44,0.14
1138,2021-01-08,VDA,299,130,169,240,43,16,0,0,0,299,0,ITC,ITC2,2,Valle d'Aosta / Vallée d'Aoste,Valle d'Aosta,125666,13413,10.67,0.24
1139,2021-01-07,VDA,275,111,164,224,46,5,0,0,0,275,0,ITC,ITC2,2,Valle d'Aosta / Vallée d'Aoste,Valle d'Aosta,125666,13688,10.89,0.22
1140,2021-02-01,VDA,403,127,276,268,65,70,0,0,0,87,316,ITC,ITC2,2,Valle d'Aosta / Vallée d'Aoste,Valle d'Aosta,125666,14091,11.21,0.32
1141,2021-01-05,VDA,150,54,96,127,12,11,0,0,0,150,0,ITC,ITC2,2,Valle d'Aosta / Vallée d'Aoste,Valle d'Aosta,125666,14241,11.33,0.12
1142,2021-01-10,VDA,220,71,149,172,29,19,0,0,0,220,0,ITC,ITC2,2,Valle d'Aosta / Vallée d'Aoste,Valle d'Aosta,125666,14461,11.51,0.18
1143,2021-03-03,VDA,255,118,137,9,110,1,130,1,4,186,69,ITC,ITC2,2,Valle d'Aosta / Vallée d'Aoste,Valle d'Aosta,125666,14716,11.71,0.2
1144,2021-01-06,VDA,65,33,32,29,18,18,0,0,0,65,0,ITC,ITC2,2,Valle d'Aosta / Vallée d'Aoste,Valle d'Aosta,125666,14781,11.76,0.05
1145,2021-03-05,VDA,275,124,151,50,69,13,138,0,5,53,222,ITC,ITC2,2,Valle d'Aosta / Vallée d'Aoste,Valle d'Aosta,125666,15056,11.98,0.22
1146,2021-01-16,VDA,236,80,156,127,36,22,51,0,0,236,0,ITC,ITC2,2,Valle d'Aosta / Vallée d'Aoste,Valle d'Aosta,125666,15292,12.17,0.19
1147,2021-02-04,VDA,294,86,208,168,91,34,1,0,0,8,286,ITC,ITC2,2,Valle d'Aosta / Vallée d'Aoste,Valle d'Aosta,125666,15586,12.4,0.23
1148,2021-03-21,VDA,353,164,189,2,316,0,1,6,28,353,0,ITC,ITC2,2,Valle d'Aosta / Vallée d'Aoste,Valle d'Aosta,125666,15939,12.68,0.28
1149,2021-03-16,VDA,175,35,140,2,42,13,118,0,0,114,61,ITC,ITC2,2,Valle d'Aosta / Vallée d'Aoste,Valle d'Aosta,125666,16114,12.82,0.14
1150,2021-02-11,VDA,231,107,124,53,38,0,127,13,0,222,9,ITC,ITC2,2,Valle d'Aosta / Vallée d'Aoste,Valle d'Aosta,125666,16345,13.01,0.18
1151,2020-12-31,VDA,18,4,14,16,2,0,0,0,0,18,0,ITC,ITC2,2,Valle d'Aosta / Vallée d'Aoste,Valle d'Aosta,125666,16363,13.02,0.01
1152,2021-03-14,VDA,390,200,190,6,298,0,0,34,52,390,0,ITC,ITC2,2,Valle d'Aosta / Vallée d'Aoste,Valle d'Aosta,125666,16753,13.33,0.31
1153,2021-02-25,VDA,201,101,100,6,157,11,0,25,2,194,7,ITC,ITC2,2,Valle d'Aosta / Vallée d'Aoste,Valle d'Aosta,125666,16954,13.49,0.16
1154,2021-01-04,VDA,142,59,83,126,16,0,0,0,0,142,0,ITC,ITC2,2,Valle d'Aosta / Vallée d'Aoste,Valle d'Aosta,125666,17096,13.6,0.11
1155,2021-03-17,VDA,420,183,237,35,92,14,231,41,7,261,159,ITC,ITC2,2,Valle d'Aosta / Vallée d'Aoste,Valle d'Aosta,125666,17516,13.94,0.33
1156,2021-02-23,VDA,216,123,93,0,165,0,0,35,16,216,0,ITC,ITC2,2,Valle d'Aosta / Vallée d'Aoste,Valle d'Aosta,125666,17732,14.11,0.17
1157,2021-02-28,VDA,260,86,174,78,58,24,93,3,4,77,183,ITC,ITC2,2,Valle d'Aosta / Vallée d'Aoste,Valle d'Aosta,125666,17992,14.32,0.21
1158,2021-01-31,VDA,290,90,200,231,41,18,0,0,0,58,232,ITC,ITC2,2,Valle d'Aosta / Vallée d'Aoste,Valle d'Aosta,125666,18282,14.55,0.23
1159,2021-02-12,VDA,263,96,167,51,50,26,131,0,5,217,46,ITC,ITC2,2,Valle d'Aosta / Vallée d'Aoste,Valle d'Aosta,125666,18545,14.76,0.21
1160,2021-01-25,VDA,147,65,82,125,16,6,0,0,0,0,147,ITC,ITC2,2,Valle d'Aosta / Vallée d'Aoste,Valle d'Aosta,125666,18692,14.87,0.12
1161,2021-01-26,VDA,139,48,91,115,12,12,0,0,0,0,139,ITC,ITC2,2,Valle d'Aosta / Vallée d'Aoste,Valle d'Aosta,125666,18831,14.98,0.11
1162,2021-02-14,VDA,48,16,32,6,0,42,0,0,0,1,47,ITC,ITC2,2,Valle d'Aosta / Vallée d'Aoste,Valle d'Aosta,125666,18879,15.02,0.04
1163,2021-03-13,VDA,142,84,58,2,114,0,0,23,3,142,0,ITC,ITC2,2,Valle d'Aosta / Vallée d'Aoste,Valle d'Aosta,125666,19021,15.14,0.11
1164,2021-02-05,VDA,294,102,192,159,82,0,53,0,0,101,193,ITC,ITC2,2,Valle d'Aosta / Vallée d'Aoste,Valle d'Aosta,125666,19315,15.37,0.23
1165,2021-02-27,LAZ,11368,4246,7122,1358,885,515,4787,1120,2703,10415,953,ITI,ITI4,12,Lazio,Lazio,5879082,11368,0.19,0.19
1166,2021-03-21,LAZ,16650,6464,10186,606,4496,111,8131,6,3300,11657,4993,ITI,ITI4,12,Lazio,Lazio,5879082,28018,0.48,0.28
1167,2021-03-13,LAZ,21212,8325,12887,5077,2487,325,8864,720,3739,15326,5886,ITI,ITI4,12,Lazio,Lazio,5879082,49230,0.84,0.36
1168,2021-01-03,LAZ,5250,1972,3278,5125,60,65,0,0,0,5250,0,ITI,ITI4,12,Lazio,Lazio,5879082,54480,0.93,0.09
1169,2021-02-03,LAZ,6288,2348,3940,4620,555,1078,35,0,0,901,5387,ITI,ITI4,12,Lazio,Lazio,5879082,60768,1.03,0.11
1170,2021-03-23,LAZ,10046,4411,5635,827,2819,85,4702,97,1516,6758,3288,ITI,ITI4,12,Lazio,Lazio,5879082,70814,1.2,0.17
1171,2021-02-06,LAZ,5069,2015,3054,3270,630,660,509,0,0,769,4300,ITI,ITI4,12,Lazio,Lazio,5879082,75883,1.29,0.09
1172,2021-03-03,LAZ,17029,7200,9829,2108,1374,374,7987,1249,3937,12739,4290,ITI,ITI4,12,Lazio,Lazio,5879082,92912,1.58,0.29
1173,2021-03-01,LAZ,16624,7103,9521,1554,1736,383,7966,1406,3579,12774,3850,ITI,ITI4,12,Lazio,Lazio,5879082,109536,1.86,0.28
1174,2021-02-16,LAZ,8043,3862,4181,2058,578,261,4195,950,1,7786,257,ITI,ITI4,12,Lazio,Lazio,5879082,117579,2.0,0.14
1175,2021-01-06,LAZ,5096,1951,3145,4619,155,320,0,1,1,5096,0,ITI,ITI4,12,Lazio,Lazio,5879082,122675,2.09,0.09
1176,2021-03-14,LAZ,17013,6579,10434,1330,3382,81,8329,445,3446,11863,5150,ITI,ITI4,12,Lazio,Lazio,5879082,139688,2.38,0.29
1177,2021-02-23,LAZ,10896,4678,6218,1896,602,309,5164,1015,1910,10272,624,ITI,ITI4,12,Lazio,Lazio,5879082,150584,2.56,0.19
1178,2021-01-27,LAZ,5768,2170,3598,4797,385,457,129,0,0,651,5117,ITI,ITI4,12,Lazio,Lazio,5879082,156352,2.66,0.1
1179,2021-02-10,LAZ,7776,3116,4660,2646,581,633,3916,0,0,4841,2935,ITI,ITI4,12,Lazio,Lazio,5879082,164128,2.79,0.13
1180,2021-01-31,LAZ,4279,1783,2496,3572,339,244,124,0,0,296,3983,ITI,ITI4,12,Lazio,Lazio,5879082,168407,2.86,0.07
1181,2021-01-24,LAZ,5467,2109,3358,4945,262,134,126,0,0,385,5082,ITI,ITI4,12,Lazio,Lazio,5879082,173874,2.96,0.09
1182,2021-01-28,LAZ,7954,2998,4956,6810,496,514,134,0,0,459,7495,ITI,ITI4,12,Lazio,Lazio,5879082,181828,3.09,0.14
1183,2021-01-30,LAZ,6649,2730,3919,5298,574,651,126,0,0,448,6201,ITI,ITI4,12,Lazio,Lazio,5879082,188477,3.21,0.11
1184,2021-01-19,LAZ,4361,1671,2690,2967,562,424,408,0,0,3908,453,ITI,ITI4,12,Lazio,Lazio,5879082,192838,3.28,0.07
1185,2021-02-05,LAZ,6910,2722,4188,5095,631,995,189,0,0,1131,5779,ITI,ITI4,12,Lazio,Lazio,5879082,199748,3.4,0.12
1186,2021-01-20,LAZ,4390,1657,2733,3279,399,426,286,0,0,2849,1541,ITI,ITI4,12,Lazio,Lazio,5879082,204138,3.47,0.07
1187,2021-03-02,LAZ,16555,7164,9391,1808,1421,229,8065,1278,3754,12626,3929,ITI,ITI4,12,Lazio,Lazio,5879082,220693,3.75,0.28
1188,2021-01-10,LAZ,4039,1700,2339,3424,363,252,0,0,0,4039,0,ITI,ITI4,12,Lazio,Lazio,5879082,224732,3.82,0.07
1189,2021-02-13,LAZ,6274,2436,3838,2123,213,280,3658,0,0,6186,88,ITI,ITI4,12,Lazio,Lazio,5879082,231006,3.93,0.11
1190,2021-03-18,LAZ,14071,6023,8048,1739,2708,330,9279,9,6,7733,6338,ITI,ITI4,12,Lazio,Lazio,5879082,245077,4.17,0.24
1191,2021-02-25,LAZ,12618,5509,7109,1754,1209,489,5132,1423,2611,11572,1046,ITI,ITI4,12,Lazio,Lazio,5879082,257695,4.38,0.21
1192,2021-01-26,LAZ,7602,2907,4695,6590,256,631,125,0,0,372,7230,ITI,ITI4,12,Lazio,Lazio,5879082,265297,4.51,0.13
1193,2021-01-29,LAZ,7594,2866,4728,6373,427,704,90,0,0,477,7117,ITI,ITI4,12,Lazio,Lazio,5879082,272891,4.64,0.13
1194,2021-02-11,LAZ,6657,2788,3869,2196,334,500,3627,0,0,6459,198,ITI,ITI4,12,Lazio,Lazio,5879082,279548,4.75,0.11
1195,2021-02-28,LAZ,10223,3996,6227,1601,688,77,4576,682,2599,9709,514,ITI,ITI4,12,Lazio,Lazio,5879082,289771,4.93,0.17
1196,2021-01-01,LAZ,3553,1381,2172,3483,2,68,0,0,0,3553,0,ITI,ITI4,12,Lazio,Lazio,5879082,293324,4.99,0.06
1197,2021-01-11,LAZ,5525,2103,3422,4553,403,569,0,0,0,5525,0,ITI,ITI4,12,Lazio,Lazio,5879082,298849,5.08,0.09
1198,2021-03-07,LAZ,14031,5408,8623,1200,1229,148,7225,696,3533,10442,3589,ITI,ITI4,12,Lazio,Lazio,5879082,312880,5.32,0.24
1199,2021-01-13,LAZ,5559,2063,3496,4145,402,1009,3,0,0,5559,0,ITI,ITI4,12,Lazio,Lazio,5879082,318439,5.42,0.09
1200,2021-03-08,LAZ,19840,8202,11638,2427,2182,379,9042,1102,4708,14578,5262,ITI,ITI4,12,Lazio,Lazio,5879082,338279,5.75,0.34
1201,2021-02-14,LAZ,5536,2246,3290,1645,318,127,3446,0,0,5287,249,ITI,ITI4,12,Lazio,Lazio,5879082,343815,5.85,0.09
1202,2021-03-12,LAZ,22567,9977,12590,4616,3422,400,9407,774,3948,16255,6312,ITI,ITI4,12,Lazio,Lazio,5879082,366382,6.23,0.38
1203,2021-02-22,LAZ,11414,4975,6439,1779,309,472,5242,1390,2222,10913,501,ITI,ITI4,12,Lazio,Lazio,5879082,377796,6.43,0.19
1204,2021-01-04,LAZ,7478,2907,4571,7075,86,316,0,0,1,7478,0,ITI,ITI4,12,Lazio,Lazio,5879082,385274,6.55,0.13
1205,2021-02-01,LAZ,5669,2173,3496,4784,319,559,7,0,0,353,5316,ITI,ITI4,12,Lazio,Lazio,5879082,390943,6.65,0.1
1206,2021-01-07,LAZ,7724,2894,4830,6881,277,566,0,0,0,7724,0,ITI,ITI4,12,Lazio,Lazio,5879082,398667,6.78,0.13
1207,2021-01-02,LAZ,6704,2629,4075,6268,78,358,0,0,0,6704,0,ITI,ITI4,12,Lazio,Lazio,5879082,405371,6.9,0.11
1208,2021-03-09,LAZ,20783,8908,11875,3363,2291,338,8944,1230,4617,15591,5192,ITI,ITI4,12,Lazio,Lazio,5879082,426154,7.25,0.35
1209,2021-01-14,LAZ,5232,1961,3271,3887,450,811,84,0,0,5232,0,ITI,ITI4,12,Lazio,Lazio,5879082,431386,7.34,0.09
1210,2021-03-04,LAZ,18172,7736,10436,2771,1552,507,8122,1315,3905,13167,5005,ITI,ITI4,12,Lazio,Lazio,5879082,449558,7.65,0.31
1211,2021-03-22,LAZ,20415,8342,12073,1471,5777,243,8990,144,3790,14113,6302,ITI,ITI4,12,Lazio,Lazio,5879082,469973,7.99,0.35
1212,2021-02-24,LAZ,11974,5178,6796,1797,936,337,5177,1327,2400,10985,989,ITI,ITI4,12,Lazio,Lazio,5879082,481947,8.2,0.2
1213,2021-03-20,LAZ,17545,6517,11028,1794,3768,360,8716,3,2904,11741,5804,ITI,ITI4,12,Lazio,Lazio,5879082,499492,8.5,0.3
1214,2021-03-16,LAZ,13391,5683,7708,1492,2201,280,9406,7,5,7006,6385,ITI,ITI4,12,Lazio,Lazio,5879082,512883,8.72,0.23
1215,2020-12-30,LAZ,1630,629,1001,1603,0,27,0,0,0,1630,0,ITI,ITI4,12,Lazio,Lazio,5879082,514513,8.75,0.03
1216,2021-03-11,LAZ,23594,10497,13097,4813,3144,440,9235,1526,4436,17373,6221,ITI,ITI4,12,Lazio,Lazio,5879082,538107,9.15,0.4
1217,2021-02-20,LAZ,8795,4082,4713,1942,461,298,4762,1310,22,8378,417,ITI,ITI4,12,Lazio,Lazio,5879082,546902,9.3,0.15
1218,2021-01-17,LAZ,4555,1841,2714,3231,336,177,811,0,0,4343,212,ITI,ITI4,12,Lazio,Lazio,5879082,551457,9.38,0.08
1219,2020-12-29,LAZ,440,155,285,440,0,0,0,0,0,440,0,ITI,ITI4,12,Lazio,Lazio,5879082,551897,9.39,0.01
1220,2021-02-07,LAZ,4668,1865,2803,3251,385,218,813,0,1,382,4286,ITI,ITI4,12,Lazio,Lazio,5879082,556565,9.47,0.08
1221,2021-02-08,LAZ,9334,3868,5466,3788,874,918,3754,0,0,4487,4847,ITI,ITI4,12,Lazio,Lazio,5879082,565899,9.63,0.16
1222,2021-01-09,LAZ,6288,2556,3732,5110,558,620,0,0,0,6288,0,ITI,ITI4,12,Lazio,Lazio,5879082,572187,9.73,0.11
1223,2021-01-18,LAZ,5835,2268,3567,3901,756,725,453,0,0,4857,978,ITI,ITI4,12,Lazio,Lazio,5879082,578022,9.83,0.1
1224,2020-12-28,LAZ,959,412,547,957,2,0,0,0,0,959,0,ITI,ITI4,12,Lazio,Lazio,5879082,578981,9.85,0.02
1225,2021-01-05,LAZ,7370,2802,4568,6690,102,577,0,1,0,7370,0,ITI,ITI4,12,Lazio,Lazio,5879082,586351,9.97,0.13
1226,2021-03-19,LAZ,16502,7005,9497,2069,3807,386,9213,67,960,10262,6240,ITI,ITI4,12,Lazio,Lazio,5879082,602853,10.25,0.28
1227,2021-01-15,LAZ,6223,2465,3758,4476,604,988,155,0,0,6223,0,ITI,ITI4,12,Lazio,Lazio,5879082,609076,10.36,0.11
1228,2021-03-10,LAZ,21770,9366,12404,4009,2631,451,8883,1179,4617,16144,5626,ITI,ITI4,12,Lazio,Lazio,5879082,630846,10.73,0.37
1229,2021-02-18,LAZ,9676,4799,4877,2162,419,473,4956,1665,1,9178,498,ITI,ITI4,12,Lazio,Lazio,5879082,640522,10.89,0.16
1230,2021-02-19,LAZ,9698,4893,4805,2170,390,408,5060,1636,34,9201,497,ITI,ITI4,12,Lazio,Lazio,5879082,650220,11.06,0.16
1231,2021-02-21,LAZ,6799,3101,3698,1245,362,51,4518,607,16,6517,282,ITI,ITI4,12,Lazio,Lazio,5879082,657019,11.18,0.12
1232,2021-02-15,LAZ,7726,3379,4347,2447,675,378,4218,8,0,7429,297,ITI,ITI4,12,Lazio,Lazio,5879082,664745,11.31,0.13
1233,2021-01-21,LAZ,5247,2109,3138,4780,110,232,125,0,0,196,5051,ITI,ITI4,12,Lazio,Lazio,5879082,669992,11.4,0.09
1234,2021-02-02,LAZ,5772,2133,3639,4712,486,571,3,0,0,501,5271,ITI,ITI4,12,Lazio,Lazio,5879082,675764,11.49,0.1
1235,2020-12-27,LAZ,272,131,141,272,0,0,0,0,0,272,0,ITI,ITI4,12,Lazio,Lazio,5879082,676036,11.5,0.0
1236,2021-02-12,LAZ,6494,2645,3849,1995,423,302,3774,0,0,6417,77,ITI,ITI4,12,Lazio,Lazio,5879082,682530,11.61,0.11
1237,2021-01-25,LAZ,7761,3041,4720,7006,270,363,122,0,0,421,7340,ITI,ITI4,12,Lazio,Lazio,5879082,690291,11.74,0.13
1238,2021-02-26,LAZ,12864,5600,7264,1909,1333,352,5146,1385,2739,11646,1218,ITI,ITI4,12,Lazio,Lazio,5879082,703155,11.96,0.22
1239,2021-02-17,LAZ,8808,4371,4437,2282,432,499,4249,1345,1,8280,528,ITI,ITI4,12,Lazio,Lazio,5879082,711963,12.11,0.15
1240,2021-03-17,LAZ,13401,5729,7672,1494,2318,254,9314,7,14,7224,6177,ITI,ITI4,12,Lazio,Lazio,5879082,725364,12.34,0.23
1241,2021-03-06,LAZ,17939,6888,11051,3653,1364,327,7891,932,3772,13685,4254,ITI,ITI4,12,Lazio,Lazio,5879082,743303,12.64,0.31
1242,2021-01-08,LAZ,7707,2887,4820,6517,392,798,0,0,0,7707,0,ITI,ITI4,12,Lazio,Lazio,5879082,751010,12.77,0.13
1243,2021-02-09,LAZ,8393,3484,4909,3258,582,548,4005,0,0,4571,3822,ITI,ITI4,12,Lazio,Lazio,5879082,759403,12.92,0.14
1244,2020-12-31,LAZ,5218,2095,3123,4927,12,279,0,0,0,5218,0,ITI,ITI4,12,Lazio,Lazio,5879082,764621,13.01,0.09
1245,2021-03-05,LAZ,18493,7800,10693,2724,1745,256,8476,1323,3969,13772,4721,ITI,ITI4,12,Lazio,Lazio,5879082,783114,13.32,0.31
1246,2021-02-04,LAZ,6045,2281,3764,4460,621,892,72,0,0,942,5103,ITI,ITI4,12,Lazio,Lazio,5879082,789159,13.42,0.1
1247,2021-01-22,LAZ,3662,1442,2220,3379,90,70,123,0,0,148,3514,ITI,ITI4,12,Lazio,Lazio,5879082,792821,13.49,0.06
1248,2021-01-12,LAZ,5391,1974,3417,4343,464,584,0,0,0,5391,0,ITI,ITI4,12,Lazio,Lazio,5879082,798212,13.58,0.09
1249,2021-01-23,LAZ,6883,2682,4201,6063,278,417,125,0,0,255,6628,ITI,ITI4,12,Lazio,Lazio,5879082,805095,13.69,0.12
1250,2021-01-16,LAZ,5345,2072,3273,3350,461,1064,470,0,0,5345,0,ITI,ITI4,12,Lazio,Lazio,5879082,810440,13.79,0.09
1251,2021-03-15,LAZ,19178,8299,10879,2299,3675,408,9564,706,2526,12463,6715,ITI,ITI4,12,Lazio,Lazio,5879082,829618,14.11,0.33
1252,2021-01-05,PAT,707,231,476,494,52,161,0,0,0,707,0,ITH,ITH2,4,Provincia Autonoma Trento,P.A. Trento,541380,707,0.13,0.13
1253,2021-02-13,PAT,536,333,203,373,5,0,158,0,0,171,365,ITH,ITH2,4,Provincia Autonoma Trento,P.A. Trento,541380,1243,0.23,0.1
1254,2021-01-01,PAT,206,48,158,109,11,86,0,0,0,206,0,ITH,ITH2,4,Provincia Autonoma Trento,P.A. Trento,541380,1449,0.27,0.04
1255,2021-01-12,PAT,501,158,343,413,29,59,0,0,0,501,0,ITH,ITH2,4,Provincia Autonoma Trento,P.A. Trento,541380,1950,0.36,0.09
1256,2021-03-09,PAT,1536,577,959,95,66,28,1065,91,191,901,635,ITH,ITH2,4,Provincia Autonoma Trento,P.A. Trento,541380,3486,0.64,0.28
1257,2020-12-30,PAT,6,2,4,4,1,1,0,0,0,6,0,ITH,ITH2,4,Provincia Autonoma Trento,P.A. Trento,541380,3492,0.65,0.0
1258,2021-01-14,PAT,696,201,495,477,11,208,0,0,0,696,0,ITH,ITH2,4,Provincia Autonoma Trento,P.A. Trento,541380,4188,0.77,0.13
1259,2021-01-30,PAT,383,130,253,345,7,31,0,0,0,151,232,ITH,ITH2,4,Provincia Autonoma Trento,P.A. Trento,541380,4571,0.84,0.07
1260,2021-03-05,PAT,2180,686,1494,125,130,101,903,157,764,1582,598,ITH,ITH2,4,Provincia Autonoma Trento,P.A. Trento,541380,6751,1.25,0.4
1261,2021-03-15,PAT,1372,529,843,62,494,7,592,54,163,908,464,ITH,ITH2,4,Provincia Autonoma Trento,P.A. Trento,541380,8123,1.5,0.25
1262,2021-03-18,PAT,2230,922,1308,55,585,2,1585,2,1,1159,1071,ITH,ITH2,4,Provincia Autonoma Trento,P.A. Trento,541380,10353,1.91,0.41
1263,2021-02-12,PAT,1009,340,669,335,68,55,551,0,0,588,421,ITH,ITH2,4,Provincia Autonoma Trento,P.A. Trento,541380,11362,2.1,0.19
1264,2021-01-27,PAT,734,257,477,395,34,304,1,0,0,73,661,ITH,ITH2,4,Provincia Autonoma Trento,P.A. Trento,541380,12096,2.23,0.14
1265,2021-02-11,PAT,1130,364,766,331,16,48,735,0,0,796,334,ITH,ITH2,4,Provincia Autonoma Trento,P.A. Trento,541380,13226,2.44,0.21
1266,2021-01-21,PAT,349,93,256,318,15,16,0,0,0,227,122,ITH,ITH2,4,Provincia Autonoma Trento,P.A. Trento,541380,13575,2.51,0.06
1267,2021-03-04,PAT,2326,781,1545,160,81,23,1698,19,345,1478,848,ITH,ITH2,4,Provincia Autonoma Trento,P.A. Trento,541380,15901,2.94,0.43
1268,2021-01-24,PAT,545,274,271,533,12,0,0,0,0,223,322,ITH,ITH2,4,Provincia Autonoma Trento,P.A. Trento,541380,16446,3.04,0.1
1269,2021-03-21,PAT,127,68,59,34,77,0,0,0,16,126,1,ITH,ITH2,4,Provincia Autonoma Trento,P.A. Trento,541380,16573,3.06,0.02
1270,2021-02-04,PAT,971,303,668,541,17,89,324,0,0,420,551,ITH,ITH2,4,Provincia Autonoma Trento,P.A. Trento,541380,17544,3.24,0.18
1271,2021-03-10,PAT,2335,903,1432,347,79,25,1375,221,288,1394,941,ITH,ITH2,4,Provincia Autonoma Trento,P.A. Trento,541380,19879,3.67,0.43
1272,2021-03-03,PAT,1636,617,1019,71,32,58,1255,19,201,1078,558,ITH,ITH2,4,Provincia Autonoma Trento,P.A. Trento,541380,21515,3.97,0.3
1273,2020-12-27,PAT,103,40,63,76,6,21,0,0,0,103,0,ITH,ITH2,4,Provincia Autonoma Trento,P.A. Trento,541380,21618,3.99,0.02
1274,2021-01-15,PAT,592,130,462,460,21,111,0,0,0,592,0,ITH,ITH2,4,Provincia Autonoma Trento,P.A. Trento,541380,22210,4.1,0.11
1275,2021-02-05,PAT,802,271,531,467,22,66,247,0,0,283,519,ITH,ITH2,4,Provincia Autonoma Trento,P.A. Trento,541380,23012,4.25,0.15
1276,2021-03-22,PAT,2214,940,1274,69,1098,4,933,18,92,1366,848,ITH,ITH2,4,Provincia Autonoma Trento,P.A. Trento,541380,25226,4.66,0.41
1277,2021-01-17,PAT,251,195,56,251,0,0,0,0,0,251,0,ITH,ITH2,4,Provincia Autonoma Trento,P.A. Trento,541380,25477,4.71,0.05
1278,2021-01-09,PAT,184,40,144,139,14,31,0,0,0,184,0,ITH,ITH2,4,Provincia Autonoma Trento,P.A. Trento,541380,25661,4.74,0.03
1279,2021-02-24,PAT,1311,521,790,237,11,28,968,1,66,918,393,ITH,ITH2,4,Provincia Autonoma Trento,P.A. Trento,541380,26972,4.98,0.24
1280,2021-01-22,PAT,1628,422,1206,874,128,623,0,0,3,317,1311,ITH,ITH2,4,Provincia Autonoma Trento,P.A. Trento,541380,28600,5.28,0.3
1281,2021-02-16,PAT,663,244,419,73,14,3,563,0,10,658,5,ITH,ITH2,4,Provincia Autonoma Trento,P.A. Trento,541380,29263,5.41,0.12
1282,2021-03-08,PAT,1385,431,954,65,45,0,992,7,276,1025,360,ITH,ITH2,4,Provincia Autonoma Trento,P.A. Trento,541380,30648,5.66,0.26
1283,2021-02-23,PAT,1097,393,704,272,15,17,741,3,49,886,211,ITH,ITH2,4,Provincia Autonoma Trento,P.A. Trento,541380,31745,5.86,0.2
1284,2021-01-13,PAT,420,123,297,391,6,23,0,0,0,420,0,ITH,ITH2,4,Provincia Autonoma Trento,P.A. Trento,541380,32165,5.94,0.08
1285,2021-03-07,PAT,22,6,16,0,0,0,0,0,22,22,0,ITH,ITH2,4,Provincia Autonoma Trento,P.A. Trento,541380,32187,5.95,0.0
1286,2021-02-17,PAT,1108,424,684,324,27,35,707,3,12,1017,91,ITH,ITH2,4,Provincia Autonoma Trento,P.A. Trento,541380,33295,6.15,0.2
1287,2021-01-23,PAT,570,330,240,480,2,88,0,0,0,384,186,ITH,ITH2,4,Provincia Autonoma Trento,P.A. Trento,541380,33865,6.26,0.11
1288,2021-02-26,PAT,1206,431,775,249,23,19,809,1,105,892,314,ITH,ITH2,4,Provincia Autonoma Trento,P.A. Trento,541380,35071,6.48,0.22
1289,2021-03-17,PAT,2043,786,1257,390,365,55,1227,1,5,1160,883,ITH,ITH2,4,Provincia Autonoma Trento,P.A. Trento,541380,37114,6.86,0.38
1290,2021-01-10,PAT,84,19,65,53,19,12,0,0,0,84,0,ITH,ITH2,4,Provincia Autonoma Trento,P.A. Trento,541380,37198,6.87,0.02
1291,2021-03-13,PAT,830,382,448,200,20,30,39,282,259,780,50,ITH,ITH2,4,Provincia Autonoma Trento,P.A. Trento,541380,38028,7.02,0.15
1292,2021-03-02,PAT,1284,432,852,130,43,53,914,0,144,894,390,ITH,ITH2,4,Provincia Autonoma Trento,P.A. Trento,541380,39312,7.26,0.24
1293,2021-02-10,PAT,849,289,560,310,9,51,479,0,0,509,340,ITH,ITH2,4,Provincia Autonoma Trento,P.A. Trento,541380,40161,7.42,0.16
1294,2021-01-31,PAT,74,15,59,55,13,6,0,0,0,0,74,ITH,ITH2,4,Provincia Autonoma Trento,P.A. Trento,541380,40235,7.43,0.01
1295,2021-03-14,PAT,107,65,42,102,0,0,0,0,5,20,87,ITH,ITH2,4,Provincia Autonoma Trento,P.A. Trento,541380,40342,7.45,0.02
1296,2021-02-20,PAT,405,245,160,330,10,30,1,3,31,121,284,ITH,ITH2,4,Provincia Autonoma Trento,P.A. Trento,541380,40747,7.53,0.07
1297,2021-02-27,PAT,1022,455,567,445,28,0,434,4,111,599,423,ITH,ITH2,4,Provincia Autonoma Trento,P.A. Trento,541380,41769,7.72,0.19
1298,2021-02-01,PAT,1217,334,883,765,78,374,0,0,0,92,1125,ITH,ITH2,4,Provincia Autonoma Trento,P.A. Trento,541380,42986,7.94,0.22
1299,2021-01-08,PAT,1442,312,1130,764,152,526,0,0,0,1442,0,ITH,ITH2,4,Provincia Autonoma Trento,P.A. Trento,541380,44428,8.21,0.27
1300,2021-03-01,PAT,1235,453,782,74,18,10,1035,3,95,937,298,ITH,ITH2,4,Provincia Autonoma Trento,P.A. Trento,541380,45663,8.43,0.23
1301,2021-02-09,PAT,914,287,627,447,13,73,381,0,0,441,473,ITH,ITH2,4,Provincia Autonoma Trento,P.A. Trento,541380,46577,8.6,0.17
1302,2021-03-06,PAT,732,256,476,324,17,0,194,5,192,580,152,ITH,ITH2,4,Provincia Autonoma Trento,P.A. Trento,541380,47309,8.74,0.14
1303,2021-03-12,PAT,2386,897,1489,205,345,85,1025,203,523,1606,780,ITH,ITH2,4,Provincia Autonoma Trento,P.A. Trento,541380,49695,9.18,0.44
1304,2021-01-07,PAT,1268,310,958,649,63,556,0,0,0,1268,0,ITH,ITH2,4,Provincia Autonoma Trento,P.A. Trento,541380,50963,9.41,0.23
1305,2021-01-25,PAT,774,205,569,482,30,262,0,0,0,23,751,ITH,ITH2,4,Provincia Autonoma Trento,P.A. Trento,541380,51737,9.56,0.14
1306,2020-12-31,PAT,1598,440,1158,819,109,670,0,0,0,1598,0,ITH,ITH2,4,Provincia Autonoma Trento,P.A. Trento,541380,53335,9.85,0.3
1307,2021-01-18,PAT,640,154,486,527,40,73,0,0,0,586,54,ITH,ITH2,4,Provincia Autonoma Trento,P.A. Trento,541380,53975,9.97,0.12
1308,2021-02-15,PAT,531,186,345,145,28,27,320,0,11,417,114,ITH,ITH2,4,Provincia Autonoma Trento,P.A. Trento,541380,54506,10.07,0.1
1309,2021-02-08,PAT,1149,318,831,550,59,237,302,0,1,341,808,ITH,ITH2,4,Provincia Autonoma Trento,P.A. Trento,541380,55655,10.28,0.21
1310,2021-01-16,PAT,318,147,171,303,1,14,0,0,0,318,0,ITH,ITH2,4,Provincia Autonoma Trento,P.A. Trento,541380,55973,10.34,0.06
1311,2021-02-22,PAT,745,259,486,118,11,70,501,0,45,660,85,ITH,ITH2,4,Provincia Autonoma Trento,P.A. Trento,541380,56718,10.48,0.14
1312,2021-02-18,PAT,1196,422,774,300,30,35,773,3,55,1138,58,ITH,ITH2,4,Provincia Autonoma Trento,P.A. Trento,541380,57914,10.7,0.22
1313,2021-01-06,PAT,42,13,29,42,0,0,0,0,0,42,0,ITH,ITH2,4,Provincia Autonoma Trento,P.A. Trento,541380,57956,10.71,0.01
1314,2021-03-11,PAT,2228,828,1400,98,164,41,1497,59,369,1370,858,ITH,ITH2,4,Provincia Autonoma Trento,P.A. Trento,541380,60184,11.12,0.41
1315,2021-02-02,PAT,889,237,652,507,47,171,164,0,0,190,699,ITH,ITH2,4,Provincia Autonoma Trento,P.A. Trento,541380,61073,11.28,0.16
1316,2021-01-20,PAT,288,71,217,229,11,48,0,0,0,276,12,ITH,ITH2,4,Provincia Autonoma Trento,P.A. Trento,541380,61361,11.33,0.05
1317,2021-03-19,PAT,2319,885,1434,277,993,37,952,2,58,1515,804,ITH,ITH2,4,Provincia Autonoma Trento,P.A. Trento,541380,63680,11.76,0.43
1318,2021-02-28,PAT,242,121,121,231,0,0,0,0,11,242,0,ITH,ITH2,4,Provincia Autonoma Trento,P.A. Trento,541380,63922,11.81,0.04
1319,2021-02-19,PAT,901,347,554,169,53,70,580,1,28,844,57,ITH,ITH2,4,Provincia Autonoma Trento,P.A. Trento,541380,64823,11.97,0.17
1320,2021-01-19,PAT,403,77,326,363,4,36,0,0,0,403,0,ITH,ITH2,4,Provincia Autonoma Trento,P.A. Trento,541380,65226,12.05,0.07
1321,2021-01-28,PAT,530,147,383,390,33,107,0,0,0,48,482,ITH,ITH2,4,Provincia Autonoma Trento,P.A. Trento,541380,65756,12.15,0.1
1322,2021-02-03,PAT,845,313,532,354,25,73,393,0,0,414,431,ITH,ITH2,4,Provincia Autonoma Trento,P.A. Trento,541380,66601,12.3,0.16
1323,2021-03-16,PAT,1361,497,864,221,81,36,1020,0,3,587,774,ITH,ITH2,4,Provincia Autonoma Trento,P.A. Trento,541380,67962,12.55,0.25
1324,2021-01-03,PAT,483,158,325,409,12,62,0,0,0,483,0,ITH,ITH2,4,Provincia Autonoma Trento,P.A. Trento,541380,68445,12.64,0.09
1325,2021-01-04,PAT,853,223,630,481,49,322,1,0,0,853,0,ITH,ITH2,4,Provincia Autonoma Trento,P.A. Trento,541380,69298,12.8,0.16
1326,2021-03-23,PAT,802,335,467,3,555,0,240,0,4,648,154,ITH,ITH2,4,Provincia Autonoma Trento,P.A. Trento,541380,70100,12.95,0.15
1327,2021-01-02,PAT,498,142,356,334,25,139,0,0,0,498,0,ITH,ITH2,4,Provincia Autonoma Trento,P.A. Trento,541380,70598,13.04,0.09
1328,2021-01-11,PAT,724,220,504,516,58,150,0,0,0,724,0,ITH,ITH2,4,Provincia Autonoma Trento,P.A. Trento,541380,71322,13.17,0.13
1329,2021-02-21,PAT,155,92,63,154,0,0,0,0,1,43,112,ITH,ITH2,4,Provincia Autonoma Trento,P.A. Trento,541380,71477,13.2,0.03
1330,2021-01-26,PAT,497,138,359,397,16,84,0,0,0,25,472,ITH,ITH2,4,Provincia Autonoma Trento,P.A. Trento,541380,71974,13.29,0.09
1331,2021-02-06,PAT,572,296,276,178,7,0,387,0,0,432,140,ITH,ITH2,4,Provincia Autonoma Trento,P.A. Trento,541380,72546,13.4,0.11
1332,2021-02-25,PAT,1584,620,964,120,16,32,1322,1,93,1159,425,ITH,ITH2,4,Provincia Autonoma Trento,P.A. Trento,541380,74130,13.69,0.29
1333,2021-02-14,PAT,246,186,60,246,0,0,0,0,0,11,235,ITH,ITH2,4,Provincia Autonoma Trento,P.A. Trento,541380,74376,13.74,0.05
1334,2021-01-29,PAT,1349,331,1018,722,86,541,0,0,0,54,1295,ITH,ITH2,4,Provincia Autonoma Trento,P.A. Trento,541380,75725,13.99,0.25
1335,2021-03-20,PAT,845,395,450,151,559,0,75,0,60,645,200,ITH,ITH2,4,Provincia Autonoma Trento,P.A. Trento,541380,76570,14.14,0.16
1336,2021-01-31,PUG,1805,825,980,1499,104,198,2,0,2,73,1732,ITF,ITF4,16,Puglia,Puglia,4029053,1805,0.04,0.04
1337,2021-02-24,PUG,9843,4614,5229,1883,708,117,6214,365,556,9255,588,ITF,ITF4,16,Puglia,Puglia,4029053,11648,0.29,0.24
1338,2021-01-29,PUG,6188,2659,3529,5465,432,288,0,0,3,436,5752,ITF,ITF4,16,Puglia,Puglia,4029053,17836,0.44,0.15
1339,2021-02-12,PUG,4098,1629,2469,2937,451,690,5,10,5,3008,1090,ITF,ITF4,16,Puglia,Puglia,4029053,21934,0.54,0.1
1340,2021-03-20,PUG,7713,3489,4224,1372,293,51,5155,35,807,3241,4472,ITF,ITF4,16,Puglia,Puglia,4029053,29647,0.74,0.19
1341,2021-01-12,PUG,4202,1765,2437,3628,350,218,1,0,5,4202,0,ITF,ITF4,16,Puglia,Puglia,4029053,33849,0.84,0.1
1342,2021-01-01,PUG,146,60,86,145,1,0,0,0,0,146,0,ITF,ITF4,16,Puglia,Puglia,4029053,33995,0.84,0.0
1343,2021-03-04,PUG,14960,5826,9134,1540,897,322,4698,1231,6272,13583,1377,ITF,ITF4,16,Puglia,Puglia,4029053,48955,1.22,0.37
1344,2021-01-10,PUG,2346,1060,1286,2035,109,202,0,0,0,2346,0,ITF,ITF4,16,Puglia,Puglia,4029053,51301,1.27,0.06
1345,2020-12-30,PUG,1,0,1,1,0,0,0,0,0,1,0,ITF,ITF4,16,Puglia,Puglia,4029053,51302,1.27,0.0
1346,2021-02-07,PUG,1503,648,855,1014,222,266,0,0,1,252,1251,ITF,ITF4,16,Puglia,Puglia,4029053,52805,1.31,0.04
1347,2021-03-21,PUG,2605,1157,1448,462,54,13,1778,14,284,503,2102,ITF,ITF4,16,Puglia,Puglia,4029053,55410,1.38,0.06
1348,2021-01-24,PUG,1668,749,919,1286,231,150,1,0,0,152,1516,ITF,ITF4,16,Puglia,Puglia,4029053,57078,1.42,0.04
1349,2021-01-27,PUG,4575,1927,2648,3916,261,396,0,0,2,610,3965,ITF,ITF4,16,Puglia,Puglia,4029053,61653,1.53,0.11
1350,2021-01-25,PUG,3820,1676,2144,3470,179,168,2,0,1,423,3397,ITF,ITF4,16,Puglia,Puglia,4029053,65473,1.63,0.09
1351,2021-02-11,PUG,3693,1401,2292,2568,400,723,0,0,2,2417,1276,ITF,ITF4,16,Puglia,Puglia,4029053,69166,1.72,0.09
1352,2021-03-09,PUG,12693,5571,7122,1768,862,197,5364,1007,3495,10700,1993,ITF,ITF4,16,Puglia,Puglia,4029053,81859,2.03,0.32
1353,2021-03-03,PUG,16327,6543,9784,2013,816,192,5814,810,6682,14506,1821,ITF,ITF4,16,Puglia,Puglia,4029053,98186,2.44,0.41
1354,2021-01-13,PUG,4533,1727,2806,3967,334,230,0,0,2,4533,0,ITF,ITF4,16,Puglia,Puglia,4029053,102719,2.55,0.11
1355,2021-02-23,PUG,9301,4400,4901,1763,487,156,5482,398,1015,8834,467,ITF,ITF4,16,Puglia,Puglia,4029053,112020,2.78,0.23
1356,2021-03-05,PUG,16926,6743,10183,2307,1219,272,5191,1022,6915,14766,2160,ITF,ITF4,16,Puglia,Puglia,4029053,128946,3.2,0.42
1357,2021-01-30,PUG,5523,2510,3013,4747,348,419,3,0,6,413,5110,ITF,ITF4,16,Puglia,Puglia,4029053,134469,3.34,0.14
1358,2021-03-15,PUG,11653,5565,6088,2070,809,115,7628,353,678,5172,6481,ITF,ITF4,16,Puglia,Puglia,4029053,146122,3.63,0.29
1359,2021-01-14,PUG,4058,1584,2474,3163,394,499,0,0,2,4058,0,ITF,ITF4,16,Puglia,Puglia,4029053,150180,3.73,0.1
1360,2021-02-05,PUG,5622,2269,3353,4562,525,526,0,3,6,1325,4297,ITF,ITF4,16,Puglia,Puglia,4029053,155802,3.87,0.14
1361,2021-03-22,PUG,8872,4376,4496,583,655,11,6530,198,895,3549,5323,ITF,ITF4,16,Puglia,Puglia,4029053,164674,4.09,0.22
1362,2021-01-17,PUG,1306,589,717,823,147,336,0,0,0,1237,69,ITF,ITF4,16,Puglia,Puglia,4029053,165980,4.12,0.03
1363,2021-02-27,PUG,13950,4723,9227,1574,777,194,5063,344,5998,12777,1173,ITF,ITF4,16,Puglia,Puglia,4029053,179930,4.47,0.35
1364,2021-01-21,PUG,2129,903,1226,1429,174,526,0,0,0,1270,859,ITF,ITF4,16,Puglia,Puglia,4029053,182059,4.52,0.05
1365,2021-01-22,PUG,1409,579,830,876,157,373,2,0,1,992,417,ITF,ITF4,16,Puglia,Puglia,4029053,183468,4.55,0.03
1366,2021-02-10,PUG,3603,1425,2178,2491,247,864,0,0,1,2122,1481,ITF,ITF4,16,Puglia,Puglia,4029053,187071,4.64,0.09
1367,2021-03-08,PUG,14426,5982,8444,2094,1138,202,6662,521,3809,12049,2377,ITF,ITF4,16,Puglia,Puglia,4029053,201497,5.0,0.36
1368,2021-01-09,PUG,4867,2245,2622,4313,303,246,4,0,1,4867,0,ITF,ITF4,16,Puglia,Puglia,4029053,206364,5.12,0.12
1369,2021-02-15,PUG,3250,1266,1984,2249,540,452,0,6,3,2630,620,ITF,ITF4,16,Puglia,Puglia,4029053,209614,5.2,0.08
1370,2021-03-07,PUG,4904,1936,2968,930,236,2,1617,323,1796,4334,570,ITF,ITF4,16,Puglia,Puglia,4029053,214518,5.32,0.12
1371,2021-02-06,PUG,4508,1913,2595,3490,487,528,0,0,3,1590,2918,ITF,ITF4,16,Puglia,Puglia,4029053,219026,5.44,0.11
1372,2021-03-19,PUG,7711,3564,4147,1744,400,80,5166,64,257,3278,4433,ITF,ITF4,16,Puglia,Puglia,4029053,226737,5.63,0.19
1373,2021-03-13,PUG,9933,3910,6023,2150,422,128,3773,221,3239,8209,1724,ITF,ITF4,16,Puglia,Puglia,4029053,236670,5.87,0.25
1374,2020-12-27,PUG,506,249,257,401,42,63,0,0,0,506,0,ITF,ITF4,16,Puglia,Puglia,4029053,237176,5.89,0.01
1375,2021-02-17,PUG,4263,1742,2521,2453,1210,598,1,0,1,3666,597,ITF,ITF4,16,Puglia,Puglia,4029053,241439,5.99,0.11
1376,2021-03-23,PUG,2234,1144,1090,450,291,2,1267,168,56,796,1438,ITF,ITF4,16,Puglia,Puglia,4029053,243673,6.05,0.06
1377,2021-01-19,PUG,1221,452,769,527,117,577,0,0,0,1211,10,ITF,ITF4,16,Puglia,Puglia,4029053,244894,6.08,0.03
1378,2021-03-17,PUG,10119,4639,5480,1758,607,61,7595,33,65,4066,6053,ITF,ITF4,16,Puglia,Puglia,4029053,255013,6.33,0.25
1379,2021-03-02,PUG,16196,6011,10185,1389,1056,111,4269,1246,8125,14893,1303,ITF,ITF4,16,Puglia,Puglia,4029053,271209,6.73,0.4
1380,2021-01-04,PUG,4503,2012,2491,4371,120,11,0,0,1,4503,0,ITF,ITF4,16,Puglia,Puglia,4029053,275712,6.84,0.11
1381,2021-03-14,PUG,3242,1396,1846,953,203,73,973,42,998,2486,756,ITF,ITF4,16,Puglia,Puglia,4029053,278954,6.92,0.08
1382,2021-02-16,PUG,3379,1450,1929,2133,810,414,4,16,2,2733,646,ITF,ITF4,16,Puglia,Puglia,4029053,282333,7.01,0.08
1383,2021-01-28,PUG,5464,2271,3193,4759,376,327,0,0,2,474,4990,ITF,ITF4,16,Puglia,Puglia,4029053,287797,7.14,0.14
1384,2021-02-03,PUG,5027,1999,3028,4362,478,184,0,0,3,728,4299,ITF,ITF4,16,Puglia,Puglia,4029053,292824,7.27,0.12
1385,2021-02-26,PUG,13520,4939,8581,2115,834,295,5062,600,4614,12501,1019,ITF,ITF4,16,Puglia,Puglia,4029053,306344,7.6,0.34
1386,2021-01-23,PUG,3036,1291,1745,2522,206,307,0,0,1,885,2151,ITF,ITF4,16,Puglia,Puglia,4029053,309380,7.68,0.08
1387,2021-03-12,PUG,13716,6028,7688,3278,1311,430,4881,882,2934,9792,3924,ITF,ITF4,16,Puglia,Puglia,4029053,323096,8.02,0.34
1388,2021-02-20,PUG,2958,1076,1882,2112,244,167,7,4,424,2702,256,ITF,ITF4,16,Puglia,Puglia,4029053,326054,8.09,0.07
1389,2020-12-31,PUG,1635,782,853,1549,39,44,0,0,3,1635,0,ITF,ITF4,16,Puglia,Puglia,4029053,327689,8.13,0.04
1390,2021-01-18,PUG,1844,770,1074,1182,216,446,0,0,0,1495,349,ITF,ITF4,16,Puglia,Puglia,4029053,329533,8.18,0.05
1391,2021-01-06,PUG,3943,1664,2279,3221,349,373,0,0,0,3943,0,ITF,ITF4,16,Puglia,Puglia,4029053,333476,8.28,0.1
1392,2021-01-07,PUG,5707,2448,3259,5210,276,217,0,1,3,5707,0,ITF,ITF4,16,Puglia,Puglia,4029053,339183,8.42,0.14
1393,2021-02-01,PUG,3957,1656,2301,3439,300,209,0,4,5,375,3582,ITF,ITF4,16,Puglia,Puglia,4029053,343140,8.52,0.1
1394,2021-02-08,PUG,3963,1595,2368,2933,614,389,1,25,1,1573,2390,ITF,ITF4,16,Puglia,Puglia,4029053,347103,8.62,0.1
1395,2021-03-06,PUG,15493,5767,9726,2112,776,70,5088,479,6968,13528,1965,ITF,ITF4,16,Puglia,Puglia,4029053,362596,9.0,0.38
1396,2021-01-08,PUG,5573,2337,3236,4844,401,325,0,0,3,5573,0,ITF,ITF4,16,Puglia,Puglia,4029053,368169,9.14,0.14
1397,2021-03-01,PUG,14885,5802,9083,1957,920,84,6079,819,5026,13518,1367,ITF,ITF4,16,Puglia,Puglia,4029053,383054,9.51,0.37
1398,2021-02-09,PUG,3834,1567,2267,2533,667,621,8,0,5,2162,1672,ITF,ITF4,16,Puglia,Puglia,4029053,386888,9.6,0.1
1399,2021-02-22,PUG,9585,4518,5067,1415,727,139,6771,215,318,9255,330,ITF,ITF4,16,Puglia,Puglia,4029053,396473,9.84,0.24
1400,2021-01-20,PUG,1550,543,1007,783,165,602,0,0,0,1542,8,ITF,ITF4,16,Puglia,Puglia,4029053,398023,9.88,0.04
1401,2021-01-02,PUG,2946,1298,1648,2826,93,23,0,0,4,2946,0,ITF,ITF4,16,Puglia,Puglia,4029053,400969,9.95,0.07
1402,2021-01-11,PUG,3749,1587,2162,3212,357,175,0,3,2,3749,0,ITF,ITF4,16,Puglia,Puglia,4029053,404718,10.04,0.09
1403,2021-02-21,PUG,2171,472,1699,537,85,49,32,12,1456,2110,61,ITF,ITF4,16,Puglia,Puglia,4029053,406889,10.1,0.05
1404,2021-01-16,PUG,2510,1033,1477,1685,306,518,0,0,1,2510,0,ITF,ITF4,16,Puglia,Puglia,4029053,409399,10.16,0.06
1405,2021-02-02,PUG,4331,1838,2493,3622,389,317,0,0,3,591,3740,ITF,ITF4,16,Puglia,Puglia,4029053,413730,10.27,0.11
1406,2021-02-18,PUG,4368,1843,2525,2709,968,682,5,2,2,3765,603,ITF,ITF4,16,Puglia,Puglia,4029053,418098,10.38,0.11
1407,2021-03-10,PUG,14201,6155,8046,2562,1244,355,6363,601,3076,11090,3111,ITF,ITF4,16,Puglia,Puglia,4029053,432299,10.73,0.35
1408,2021-01-15,PUG,4545,1860,2685,3592,388,558,0,3,4,4545,0,ITF,ITF4,16,Puglia,Puglia,4029053,436844,10.84,0.11
1409,2021-02-19,PUG,4723,2009,2714,3038,1237,390,2,49,7,4333,390,ITF,ITF4,16,Puglia,Puglia,4029053,441567,10.96,0.12
1410,2021-01-03,PUG,2005,942,1063,1815,44,145,0,0,1,2005,0,ITF,ITF4,16,Puglia,Puglia,4029053,443572,11.01,0.05
1411,2021-02-14,PUG,784,348,436,681,32,70,0,0,1,662,122,ITF,ITF4,16,Puglia,Puglia,4029053,444356,11.03,0.02
1412,2021-02-25,PUG,11623,4956,6667,1719,873,419,5612,725,2275,10473,1150,ITF,ITF4,16,Puglia,Puglia,4029053,455979,11.32,0.29
1413,2021-03-16,PUG,9560,4556,5004,2164,822,76,6400,62,36,3235,6325,ITF,ITF4,16,Puglia,Puglia,4029053,465539,11.55,0.24
1414,2021-03-11,PUG,14123,6080,8043,2886,1189,515,5062,797,3674,11031,3092,ITF,ITF4,16,Puglia,Puglia,4029053,479662,11.91,0.35
1415,2021-01-05,PUG,5097,2245,2852,4741,249,98,5,0,4,5097,0,ITF,ITF4,16,Puglia,Puglia,4029053,484759,12.03,0.13
1416,2021-01-26,PUG,5361,2398,2963,4847,281,232,1,0,0,574,4787,ITF,ITF4,16,Puglia,Puglia,4029053,490120,12.16,0.13
1417,2021-02-28,PUG,5841,1771,4070,556,261,26,1484,194,3320,5655,186,ITF,ITF4,16,Puglia,Puglia,4029053,495961,12.31,0.14
1418,2021-02-04,PUG,5892,2356,3536,4422,812,652,0,0,6,1166,4726,ITF,ITF4,16,Puglia,Puglia,4029053,501853,12.46,0.15
1419,2021-03-18,PUG,8849,3992,4857,1737,615,195,6173,39,90,2971,5878,ITF,ITF4,16,Puglia,Puglia,4029053,510702,12.68,0.22
1420,2021-02-13,PUG,3719,1451,2268,2880,519,291,4,18,7,3027,692,ITF,ITF4,16,Puglia,Puglia,4029053,514421,12.77,0.09
1421,2021-01-15,BAS,813,350,463,578,61,174,0,0,0,813,0,ITF,ITF5,17,Basilicata,Basilicata,559084,813,0.15,0.15
1422,2021-01-21,BAS,30,10,20,0,30,0,0,0,0,30,0,ITF,ITF5,17,Basilicata,Basilicata,559084,843,0.15,0.01
1423,2021-03-14,BAS,1008,477,531,41,123,8,516,71,249,539,469,ITF,ITF5,17,Basilicata,Basilicata,559084,1851,0.33,0.18
1424,2021-02-12,BAS,775,332,443,288,201,90,190,6,0,744,31,ITF,ITF5,17,Basilicata,Basilicata,559084,2626,0.47,0.14
1425,2021-02-13,BAS,799,313,486,279,204,115,199,2,0,738,61,ITF,ITF5,17,Basilicata,Basilicata,559084,3425,0.61,0.14
1426,2021-01-24,BAS,834,299,535,706,127,1,0,0,0,58,776,ITF,ITF5,17,Basilicata,Basilicata,559084,4259,0.76,0.15
1427,2021-02-06,BAS,902,367,535,546,187,168,0,0,1,146,756,ITF,ITF5,17,Basilicata,Basilicata,559084,5161,0.92,0.16
1428,2021-03-10,BAS,1650,814,836,101,110,33,877,256,273,811,839,ITF,ITF5,17,Basilicata,Basilicata,559084,6811,1.22,0.3
1429,2021-01-26,BAS,793,350,443,622,136,35,0,0,0,101,692,ITF,ITF5,17,Basilicata,Basilicata,559084,7604,1.36,0.14
1430,2021-03-21,BAS,1045,480,565,32,51,0,803,0,159,352,693,ITF,ITF5,17,Basilicata,Basilicata,559084,8649,1.55,0.19
1431,2021-03-05,BAS,1849,855,994,298,227,72,689,254,309,1104,745,ITF,ITF5,17,Basilicata,Basilicata,559084,10498,1.88,0.33
1432,2021-02-26,BAS,2148,904,1244,88,105,1,1954,0,0,2069,79,ITF,ITF5,17,Basilicata,Basilicata,559084,12646,2.26,0.38
1433,2021-03-17,BAS,1448,606,842,22,29,0,1390,5,2,27,1421,ITF,ITF5,17,Basilicata,Basilicata,559084,14094,2.52,0.26
1434,2021-02-07,BAS,373,159,214,259,74,40,0,0,0,49,324,ITF,ITF5,17,Basilicata,Basilicata,559084,14467,2.59,0.07
1435,2021-03-20,BAS,1286,566,720,45,115,0,943,5,178,275,1011,ITF,ITF5,17,Basilicata,Basilicata,559084,15753,2.82,0.23
1436,2021-02-24,BAS,1803,743,1060,85,29,2,1686,1,0,1734,69,ITF,ITF5,17,Basilicata,Basilicata,559084,17556,3.14,0.32
1437,2021-01-31,BAS,77,24,53,75,2,0,0,0,0,0,77,ITF,ITF5,17,Basilicata,Basilicata,559084,17633,3.15,0.01
1438,2021-03-08,BAS,1450,707,743,221,252,38,410,256,273,840,610,ITF,ITF5,17,Basilicata,Basilicata,559084,19083,3.41,0.26
1439,2021-02-10,BAS,547,237,310,176,153,127,90,0,1,495,52,ITF,ITF5,17,Basilicata,Basilicata,559084,19630,3.51,0.1
1440,2021-01-29,BAS,612,228,384,397,145,70,0,0,0,63,549,ITF,ITF5,17,Basilicata,Basilicata,559084,20242,3.62,0.11
1441,2021-01-17,BAS,328,133,195,233,41,54,0,0,0,327,1,ITF,ITF5,17,Basilicata,Basilicata,559084,20570,3.68,0.06
1442,2021-03-18,BAS,1346,561,785,30,10,0,1306,0,0,22,1324,ITF,ITF5,17,Basilicata,Basilicata,559084,21916,3.92,0.24
1443,2021-02-28,BAS,802,342,460,32,30,0,740,0,0,774,28,ITF,ITF5,17,Basilicata,Basilicata,559084,22718,4.06,0.14
1444,2021-02-25,BAS,1787,736,1051,67,14,0,1705,1,0,1741,46,ITF,ITF5,17,Basilicata,Basilicata,559084,24505,4.38,0.32
1445,2021-02-21,BAS,284,113,171,16,2,11,254,0,1,284,0,ITF,ITF5,17,Basilicata,Basilicata,559084,24789,4.43,0.05
1446,2021-03-03,BAS,1740,813,927,191,413,99,590,203,244,1184,556,ITF,ITF5,17,Basilicata,Basilicata,559084,26529,4.75,0.31
1447,2021-03-06,BAS,1350,534,816,296,170,57,383,185,259,756,594,ITF,ITF5,17,Basilicata,Basilicata,559084,27879,4.99,0.24
1448,2021-01-22,BAS,67,24,43,6,60,0,1,0,0,67,0,ITF,ITF5,17,Basilicata,Basilicata,559084,27946,5.0,0.01
1449,2021-03-19,BAS,2284,988,1296,58,112,0,1950,22,142,261,2023,ITF,ITF5,17,Basilicata,Basilicata,559084,30230,5.41,0.41
1450,2021-03-04,BAS,1872,889,983,217,243,66,842,263,241,1079,793,ITF,ITF5,17,Basilicata,Basilicata,559084,32102,5.74,0.33
1451,2021-02-19,BAS,1622,737,885,219,375,66,962,0,0,1560,62,ITF,ITF5,17,Basilicata,Basilicata,559084,33724,6.03,0.29
1452,2021-02-20,BAS,1160,530,630,77,201,80,802,0,0,1043,117,ITF,ITF5,17,Basilicata,Basilicata,559084,34884,6.24,0.21
1453,2021-02-15,BAS,621,232,389,191,137,46,246,1,0,580,41,ITF,ITF5,17,Basilicata,Basilicata,559084,35505,6.35,0.11
1454,2021-03-13,BAS,1794,888,906,82,358,46,864,231,213,749,1045,ITF,ITF5,17,Basilicata,Basilicata,559084,37299,6.67,0.32
1455,2021-01-04,BAS,607,271,336,550,55,0,0,0,2,607,0,ITF,ITF5,17,Basilicata,Basilicata,559084,37906,6.78,0.11
1456,2021-02-01,BAS,242,91,151,156,38,48,0,0,0,46,196,ITF,ITF5,17,Basilicata,Basilicata,559084,38148,6.82,0.04
1457,2021-01-19,BAS,199,84,115,78,77,44,0,0,0,199,0,ITF,ITF5,17,Basilicata,Basilicata,559084,38347,6.86,0.04
1458,2021-01-16,BAS,721,304,417,466,92,161,0,0,2,721,0,ITF,ITF5,17,Basilicata,Basilicata,559084,39068,6.99,0.13
1459,2021-03-16,BAS,1899,799,1100,103,58,0,1671,5,62,228,1671,ITF,ITF5,17,Basilicata,Basilicata,559084,40967,7.33,0.34
1460,2021-01-09,BAS,557,160,397,386,103,67,0,0,1,557,0,ITF,ITF5,17,Basilicata,Basilicata,559084,41524,7.43,0.1
1461,2021-02-09,BAS,491,213,278,200,237,54,0,0,0,316,175,ITF,ITF5,17,Basilicata,Basilicata,559084,42015,7.51,0.09
1462,2021-03-12,BAS,1896,975,921,266,109,37,985,241,258,798,1098,ITF,ITF5,17,Basilicata,Basilicata,559084,43911,7.85,0.34
1463,2021-02-16,BAS,905,377,528,250,95,67,492,1,0,807,98,ITF,ITF5,17,Basilicata,Basilicata,559084,44816,8.02,0.16
1464,2021-02-27,BAS,1986,856,1130,103,184,21,1678,0,0,1822,164,ITF,ITF5,17,Basilicata,Basilicata,559084,46802,8.37,0.36
1465,2021-01-05,BAS,945,409,536,861,84,0,0,0,0,945,0,ITF,ITF5,17,Basilicata,Basilicata,559084,47747,8.54,0.17
1466,2021-01-27,BAS,410,174,236,299,85,26,0,0,0,113,297,ITF,ITF5,17,Basilicata,Basilicata,559084,48157,8.61,0.07
1467,2021-03-09,BAS,1391,706,685,222,95,33,545,258,238,787,604,ITF,ITF5,17,Basilicata,Basilicata,559084,49548,8.86,0.25
1468,2021-03-01,BAS,540,279,261,121,129,4,169,67,50,376,164,ITF,ITF5,17,Basilicata,Basilicata,559084,50088,8.96,0.1
1469,2021-02-04,BAS,1092,440,652,636,175,281,0,0,0,63,1029,ITF,ITF5,17,Basilicata,Basilicata,559084,51180,9.15,0.2
1470,2021-01-06,BAS,294,129,165,229,29,36,0,0,0,294,0,ITF,ITF5,17,Basilicata,Basilicata,559084,51474,9.21,0.05
1471,2021-02-17,BAS,1135,493,642,123,69,57,884,1,1,1059,76,ITF,ITF5,17,Basilicata,Basilicata,559084,52609,9.41,0.2
1472,2021-01-20,BAS,84,22,62,0,84,0,0,0,0,84,0,ITF,ITF5,17,Basilicata,Basilicata,559084,52693,9.42,0.02
1473,2021-01-02,BAS,949,380,569,855,91,0,0,0,3,949,0,ITF,ITF5,17,Basilicata,Basilicata,559084,53642,9.59,0.17
1474,2021-02-18,BAS,1070,401,669,270,74,150,576,0,0,855,215,ITF,ITF5,17,Basilicata,Basilicata,559084,54712,9.79,0.19
1475,2020-12-27,BAS,106,41,65,104,2,0,0,0,0,106,0,ITF,ITF5,17,Basilicata,Basilicata,559084,54818,9.8,0.02
1476,2021-03-02,BAS,791,381,410,110,78,5,184,201,213,656,135,ITF,ITF5,17,Basilicata,Basilicata,559084,55609,9.95,0.14
1477,2021-01-14,BAS,969,413,556,504,142,323,0,0,0,969,0,ITF,ITF5,17,Basilicata,Basilicata,559084,56578,10.12,0.17
1478,2021-03-07,BAS,882,308,574,39,18,4,328,22,471,844,38,ITF,ITF5,17,Basilicata,Basilicata,559084,57460,10.28,0.16
1479,2021-02-11,BAS,951,401,550,200,169,107,471,4,0,868,83,ITF,ITF5,17,Basilicata,Basilicata,559084,58411,10.45,0.17
1480,2021-03-15,BAS,2347,981,1366,78,46,0,1934,23,266,520,1827,ITF,ITF5,17,Basilicata,Basilicata,559084,60758,10.87,0.42
1481,2021-01-18,BAS,463,157,306,364,54,45,0,0,0,364,99,ITF,ITF5,17,Basilicata,Basilicata,559084,61221,10.95,0.08
1482,2021-02-02,BAS,365,141,224,212,51,102,0,0,0,175,190,ITF,ITF5,17,Basilicata,Basilicata,559084,61586,11.02,0.07
1483,2021-01-03,BAS,900,344,556,790,108,0,0,0,2,900,0,ITF,ITF5,17,Basilicata,Basilicata,559084,62486,11.18,0.16
1484,2021-01-30,BAS,703,226,477,424,153,126,0,0,0,127,576,ITF,ITF5,17,Basilicata,Basilicata,559084,63189,11.3,0.13
1485,2021-02-03,BAS,666,300,366,425,69,172,0,0,0,32,634,ITF,ITF5,17,Basilicata,Basilicata,559084,63855,11.42,0.12
1486,2021-02-05,BAS,983,443,540,611,181,191,0,0,0,64,919,ITF,ITF5,17,Basilicata,Basilicata,559084,64838,11.6,0.18
1487,2021-02-14,BAS,151,48,103,55,13,65,18,0,0,151,0,ITF,ITF5,17,Basilicata,Basilicata,559084,64989,11.62,0.03
1488,2021-01-08,BAS,554,219,335,383,112,59,0,0,0,554,0,ITF,ITF5,17,Basilicata,Basilicata,559084,65543,11.72,0.1
1489,2021-01-23,BAS,707,299,408,592,114,1,0,0,0,33,674,ITF,ITF5,17,Basilicata,Basilicata,559084,66250,11.85,0.13
1490,2021-01-12,BAS,217,88,129,87,31,99,0,0,0,217,0,ITF,ITF5,17,Basilicata,Basilicata,559084,66467,11.89,0.04
1491,2021-03-22,BAS,1172,529,643,46,87,0,638,16,385,626,546,ITF,ITF5,17,Basilicata,Basilicata,559084,67639,12.1,0.21
1492,2021-03-11,BAS,1783,919,864,163,162,77,905,253,223,824,959,ITF,ITF5,17,Basilicata,Basilicata,559084,69422,12.42,0.32
1493,2021-01-28,BAS,903,401,502,717,104,81,1,0,0,119,784,ITF,ITF5,17,Basilicata,Basilicata,559084,70325,12.58,0.16
1494,2021-01-11,BAS,183,66,117,107,35,41,0,0,0,183,0,ITF,ITF5,17,Basilicata,Basilicata,559084,70508,12.61,0.03
1495,2021-01-13,BAS,916,387,529,699,68,148,0,0,1,916,0,ITF,ITF5,17,Basilicata,Basilicata,559084,71424,12.78,0.16
1496,2021-01-10,BAS,77,24,53,9,68,0,0,0,0,77,0,ITF,ITF5,17,Basilicata,Basilicata,559084,71501,12.79,0.01
1497,2021-02-08,BAS,557,193,364,436,72,49,0,0,0,151,406,ITF,ITF5,17,Basilicata,Basilicata,559084,72058,12.89,0.1
1498,2021-02-22,BAS,1790,773,1017,125,86,2,1577,0,0,1737,53,ITF,ITF5,17,Basilicata,Basilicata,559084,73848,13.21,0.32
1499,2021-01-07,BAS,640,319,321,556,55,29,0,0,0,640,0,ITF,ITF5,17,Basilicata,Basilicata,559084,74488,13.32,0.11
1500,2021-02-23,BAS,1901,771,1130,159,49,35,1658,0,0,1763,138,ITF,ITF5,17,Basilicata,Basilicata,559084,76389,13.66,0.34
1501,2021-01-25,BAS,1020,427,593,828,191,1,0,0,0,74,946,ITF,ITF5,17,Basilicata,Basilicata,559084,77409,13.85,0.18
1502,2021-01-15,PIE,8961,2951,6010,5493,1924,1544,0,0,0,8961,0,ITC,ITC1,1,Piemonte,Piemonte,4356406,8961,0.21,0.21
1503,2021-02-27,PIE,12659,4840,7819,882,981,232,7529,0,3035,12311,348,ITC,ITC1,1,Piemonte,Piemonte,4356406,21620,0.5,0.29
1504,2021-03-20,PIE,11496,4741,6755,858,1173,146,7388,0,1931,5669,5827,ITC,ITC1,1,Piemonte,Piemonte,4356406,33116,0.76,0.26
1505,2021-03-09,PIE,13532,5263,8269,1679,1568,354,7615,0,2316,11185,2347,ITC,ITC1,1,Piemonte,Piemonte,4356406,46648,1.07,0.31
1506,2021-02-17,PIE,4730,2124,2606,2188,2043,497,1,0,1,3741,989,ITC,ITC1,1,Piemonte,Piemonte,4356406,51378,1.18,0.11
1507,2021-01-29,PIE,5940,1886,4054,4198,1069,673,0,0,0,455,5485,ITC,ITC1,1,Piemonte,Piemonte,4356406,57318,1.32,0.14
1508,2021-03-05,PIE,15253,5954,9299,2538,2023,654,7662,0,2376,11429,3824,ITC,ITC1,1,Piemonte,Piemonte,4356406,72571,1.67,0.35
1509,2021-03-18,PIE,11445,4695,6750,1459,983,342,8643,0,18,3737,7708,ITC,ITC1,1,Piemonte,Piemonte,4356406,84016,1.93,0.26
1510,2021-01-21,PIE,6876,2314,4562,4705,855,1316,0,0,0,3381,3495,ITC,ITC1,1,Piemonte,Piemonte,4356406,90892,2.09,0.16
1511,2021-02-23,PIE,9226,3708,5518,2294,1391,389,4100,0,1052,8645,581,ITC,ITC1,1,Piemonte,Piemonte,4356406,100118,2.3,0.21
1512,2021-02-26,PIE,12235,4909,7326,811,1448,487,6593,0,2896,11498,737,ITC,ITC1,1,Piemonte,Piemonte,4356406,112353,2.58,0.28
1513,2021-03-22,PIE,10544,4356,6188,861,946,138,7385,0,1214,3378,7166,ITC,ITC1,1,Piemonte,Piemonte,4356406,122897,2.82,0.24
1514,2021-03-04,PIE,14423,5716,8707,2168,1963,582,7521,0,2189,11512,2911,ITC,ITC1,1,Piemonte,Piemonte,4356406,137320,3.15,0.33
1515,2021-02-01,PIE,8641,3053,5588,6165,1403,1073,0,0,0,578,8063,ITC,ITC1,1,Piemonte,Piemonte,4356406,145961,3.35,0.2
1516,2021-02-19,PIE,5526,2171,3355,1987,1765,666,30,0,1078,5024,502,ITC,ITC1,1,Piemonte,Piemonte,4356406,151487,3.48,0.13
1517,2021-02-05,PIE,9449,3077,6372,5764,2041,1644,0,0,0,657,8792,ITC,ITC1,1,Piemonte,Piemonte,4356406,160936,3.69,0.22
1518,2021-03-08,PIE,13717,5220,8497,2024,1416,366,7394,0,2517,11079,2638,ITC,ITC1,1,Piemonte,Piemonte,4356406,174653,4.01,0.31
1519,2021-03-01,PIE,11701,4683,7018,1142,1280,281,6595,0,2403,10889,812,ITC,ITC1,1,Piemonte,Piemonte,4356406,186354,4.28,0.27
1520,2021-01-25,PIE,6209,1938,4271,4782,865,562,0,0,0,982,5227,ITC,ITC1,1,Piemonte,Piemonte,4356406,192563,4.42,0.14
1521,2021-03-03,PIE,12057,4618,7439,1101,1028,258,7016,0,2654,11234,823,ITC,ITC1,1,Piemonte,Piemonte,4356406,204620,4.7,0.28
1522,2021-01-01,PIE,1038,395,643,922,116,0,0,0,0,1038,0,ITC,ITC1,1,Piemonte,Piemonte,4356406,205658,4.72,0.02
1523,2021-01-19,PIE,6421,2099,4322,3574,1299,1548,0,0,0,6412,9,ITC,ITC1,1,Piemonte,Piemonte,4356406,212079,4.87,0.15
1524,2021-02-20,PIE,3828,1251,2577,1100,1063,219,30,0,1416,3654,174,ITC,ITC1,1,Piemonte,Piemonte,4356406,215907,4.96,0.09
1525,2021-02-22,PIE,8460,3462,4998,1696,1439,517,3888,0,920,7871,589,ITC,ITC1,1,Piemonte,Piemonte,4356406,224367,5.15,0.19
1526,2021-02-16,PIE,3961,1752,2209,1819,1593,548,0,0,1,3203,758,ITC,ITC1,1,Piemonte,Piemonte,4356406,228328,5.24,0.09
1527,2021-02-14,PIE,1475,498,977,796,380,285,0,0,14,875,600,ITC,ITC1,1,Piemonte,Piemonte,4356406,229803,5.28,0.03
1528,2021-01-09,PIE,6183,2185,3998,4488,1127,568,0,0,0,6183,0,ITC,ITC1,1,Piemonte,Piemonte,4356406,235986,5.42,0.14
1529,2021-02-24,PIE,11382,4617,6765,1843,1314,407,5660,0,2158,10871,511,ITC,ITC1,1,Piemonte,Piemonte,4356406,247368,5.68,0.26
1530,2021-01-16,PIE,7754,2630,5124,4794,1590,1370,0,0,0,7754,0,ITC,ITC1,1,Piemonte,Piemonte,4356406,255122,5.86,0.18
1531,2021-02-13,PIE,4150,1334,2816,2309,722,1113,1,0,5,2928,1222,ITC,ITC1,1,Piemonte,Piemonte,4356406,259272,5.95,0.1
1532,2021-01-18,PIE,6162,2047,4115,3232,1404,1526,0,0,0,5914,248,ITC,ITC1,1,Piemonte,Piemonte,4356406,265434,6.09,0.14
1533,2021-02-03,PIE,10185,3301,6884,6641,2309,1235,0,0,0,611,9574,ITC,ITC1,1,Piemonte,Piemonte,4356406,275619,6.33,0.23
1534,2021-02-12,PIE,6881,2212,4669,3525,1647,1707,0,0,2,3924,2957,ITC,ITC1,1,Piemonte,Piemonte,4356406,282500,6.48,0.16
1535,2021-01-04,PIE,5562,1678,3884,4590,737,235,0,0,0,5562,0,ITC,ITC1,1,Piemonte,Piemonte,4356406,288062,6.61,0.13
1536,2021-01-17,PIE,3517,1168,2349,2082,595,840,0,0,0,2870,647,ITC,ITC1,1,Piemonte,Piemonte,4356406,291579,6.69,0.08
1537,2021-01-26,PIE,6328,1878,4450,4725,875,728,0,0,0,735,5593,ITC,ITC1,1,Piemonte,Piemonte,4356406,297907,6.84,0.15
1538,2021-02-28,PIE,10803,4054,6749,642,511,53,6812,0,2785,10562,241,ITC,ITC1,1,Piemonte,Piemonte,4356406,308710,7.09,0.25
1539,2021-02-08,PIE,6914,2355,4559,3781,1558,1575,0,0,0,666,6248,ITC,ITC1,1,Piemonte,Piemonte,4356406,315624,7.25,0.16
1540,2021-01-07,PIE,5385,1739,3646,4158,886,341,0,0,0,5385,0,ITC,ITC1,1,Piemonte,Piemonte,4356406,321009,7.37,0.12
1541,2021-02-09,PIE,7350,2309,5041,4153,1366,1831,0,0,0,722,6628,ITC,ITC1,1,Piemonte,Piemonte,4356406,328359,7.54,0.17
1542,2021-01-03,PIE,3061,966,2095,2714,295,52,0,0,0,3061,0,ITC,ITC1,1,Piemonte,Piemonte,4356406,331420,7.61,0.07
1543,2021-02-18,PIE,4780,2088,2692,2250,1904,624,0,0,2,4350,430,ITC,ITC1,1,Piemonte,Piemonte,4356406,336200,7.72,0.11
1544,2020-12-30,PIE,730,322,408,685,45,0,0,0,0,730,0,ITC,ITC1,1,Piemonte,Piemonte,4356406,336930,7.73,0.02
1545,2021-03-19,PIE,10564,4327,6237,1085,891,413,7905,0,270,4137,6427,ITC,ITC1,1,Piemonte,Piemonte,4356406,347494,7.98,0.24
1546,2021-02-10,PIE,7445,2346,5099,3849,1498,2098,0,0,0,1316,6129,ITC,ITC1,1,Piemonte,Piemonte,4356406,354939,8.15,0.17
1547,2021-03-14,PIE,8180,3322,4858,794,617,2,5794,0,973,5286,2894,ITC,ITC1,1,Piemonte,Piemonte,4356406,363119,8.34,0.19
1548,2021-03-17,PIE,12255,4970,7285,2075,1059,235,8877,0,9,4969,7286,ITC,ITC1,1,Piemonte,Piemonte,4356406,375374,8.62,0.28
1549,2021-02-04,PIE,10196,3337,6859,6234,2199,1763,0,0,0,588,9608,ITC,ITC1,1,Piemonte,Piemonte,4356406,385570,8.85,0.23
1550,2021-01-31,PIE,4105,1748,2357,3076,654,375,0,0,0,112,3993,ITC,ITC1,1,Piemonte,Piemonte,4356406,389675,8.94,0.09
1551,2021-01-27,PIE,4196,1453,2743,2983,656,557,0,0,0,999,3197,ITC,ITC1,1,Piemonte,Piemonte,4356406,393871,9.04,0.1
1552,2021-01-06,PIE,3114,1110,2004,2368,433,313,0,0,0,3114,0,ITC,ITC1,1,Piemonte,Piemonte,4356406,396985,9.11,0.07
1553,2021-01-08,PIE,5529,1761,3768,4078,1029,422,0,0,0,5529,0,ITC,ITC1,1,Piemonte,Piemonte,4356406,402514,9.24,0.13
1554,2020-12-31,PIE,3907,1332,2575,3413,360,134,0,0,0,3907,0,ITC,ITC1,1,Piemonte,Piemonte,4356406,406421,9.33,0.09
1555,2021-02-07,PIE,3087,974,2113,1648,662,777,0,0,0,445,2642,ITC,ITC1,1,Piemonte,Piemonte,4356406,409508,9.4,0.07
1556,2021-02-15,PIE,4426,1594,2832,2319,1144,961,1,0,1,3221,1205,ITC,ITC1,1,Piemonte,Piemonte,4356406,413934,9.5,0.1
1557,2021-03-16,PIE,10263,4150,6113,2227,1094,320,6609,0,13,4207,6056,ITC,ITC1,1,Piemonte,Piemonte,4356406,424197,9.74,0.24
1558,2021-03-06,PIE,13965,5202,8763,2261,1128,456,7428,0,2692,11180,2785,ITC,ITC1,1,Piemonte,Piemonte,4356406,438162,10.06,0.32
1559,2021-01-20,PIE,6538,2067,4471,3573,1153,1812,0,0,0,5813,725,ITC,ITC1,1,Piemonte,Piemonte,4356406,444700,10.21,0.15
1560,2021-03-11,PIE,13526,4968,8558,2308,1444,369,7314,0,2091,10444,3082,ITC,ITC1,1,Piemonte,Piemonte,4356406,458226,10.52,0.31
1561,2021-01-05,PIE,5377,1602,3775,4364,728,285,0,0,0,5377,0,ITC,ITC1,1,Piemonte,Piemonte,4356406,463603,10.64,0.12
1562,2020-12-27,PIE,912,368,544,760,76,76,0,0,0,912,0,ITC,ITC1,1,Piemonte,Piemonte,4356406,464515,10.66,0.02
1563,2021-01-22,PIE,3864,1248,2616,2280,650,934,0,0,0,2523,1341,ITC,ITC1,1,Piemonte,Piemonte,4356406,468379,10.75,0.09
1564,2021-03-12,PIE,13720,5073,8647,2131,1330,454,7550,0,2255,10811,2909,ITC,ITC1,1,Piemonte,Piemonte,4356406,482099,11.07,0.31
1565,2021-03-10,PIE,13374,5061,8313,1662,1374,279,7918,0,2141,11079,2295,ITC,ITC1,1,Piemonte,Piemonte,4356406,495473,11.37,0.31
1566,2021-03-07,PIE,11949,4649,7300,1321,1145,107,7327,0,2049,11070,879,ITC,ITC1,1,Piemonte,Piemonte,4356406,507422,11.65,0.27
1567,2021-01-14,PIE,9761,3150,6611,6175,2102,1484,0,0,0,9761,0,ITC,ITC1,1,Piemonte,Piemonte,4356406,517183,11.87,0.22
1568,2021-01-23,PIE,4254,1325,2929,3206,528,520,0,0,0,878,3376,ITC,ITC1,1,Piemonte,Piemonte,4356406,521437,11.97,0.1
1569,2021-02-11,PIE,6761,2106,4655,3420,1327,2011,0,0,3,3004,3757,ITC,ITC1,1,Piemonte,Piemonte,4356406,528198,12.12,0.16
1570,2021-01-12,PIE,10040,3401,6639,6859,2009,1172,0,0,0,10040,0,ITC,ITC1,1,Piemonte,Piemonte,4356406,538238,12.36,0.23
1571,2021-03-21,PIE,10341,4527,5814,575,1619,9,6823,0,1315,3819,6522,ITC,ITC1,1,Piemonte,Piemonte,4356406,548579,12.59,0.24
1572,2021-01-10,PIE,5207,2273,2934,3904,784,519,0,0,0,5207,0,ITC,ITC1,1,Piemonte,Piemonte,4356406,553786,12.71,0.12
1573,2021-03-15,PIE,10585,4136,6449,1714,1502,230,5689,0,1450,4971,5614,ITC,ITC1,1,Piemonte,Piemonte,4356406,564371,12.95,0.24
1574,2021-01-13,PIE,10078,3222,6856,6484,2265,1329,0,0,0,10078,0,ITC,ITC1,1,Piemonte,Piemonte,4356406,574449,13.19,0.23
1575,2020-12-28,PIE,1,1,0,1,0,0,0,0,0,1,0,ITC,ITC1,1,Piemonte,Piemonte,4356406,574450,13.19,0.0
1576,2021-01-30,PIE,5978,2135,3843,4367,1116,495,0,0,0,218,5760,ITC,ITC1,1,Piemonte,Piemonte,4356406,580428,13.32,0.14
1577,2021-02-06,PIE,7982,2664,5318,5100,1627,1255,0,0,0,400,7582,ITC,ITC1,1,Piemonte,Piemonte,4356406,588410,13.51,0.18
1578,2021-03-13,PIE,12763,4618,8145,1168,1013,157,8300,0,2125,11332,1431,ITC,ITC1,1,Piemonte,Piemonte,4356406,601173,13.8,0.29
1579,2021-03-02,PIE,11130,4474,6656,901,1131,214,6383,0,2501,10313,817,ITC,ITC1,1,Piemonte,Piemonte,4356406,612303,14.06,0.26
1580,2021-03-23,PIE,4899,2046,2853,294,628,29,3464,0,484,2170,2729,ITC,ITC1,1,Piemonte,Piemonte,4356406,617202,14.17,0.11
1581,2021-01-24,PIE,3150,957,2193,2632,372,146,0,0,0,434,2716,ITC,ITC1,1,Piemonte,Piemonte,4356406,620352,14.24,0.07
1582,2021-01-02,PIE,3540,1134,2406,3073,414,53,0,0,0,3540,0,ITC,ITC1,1,Piemonte,Piemonte,4356406,623892,14.32,0.08
1583,2021-02-25,PIE,12199,5244,6955,1439,2077,405,6320,0,1958,11651,548,ITC,ITC1,1,Piemonte,Piemonte,4356406,636091,14.6,0.28
1584,2021-01-28,PIE,5588,1809,3779,4118,879,590,1,0,0,384,5204,ITC,ITC1,1,Piemonte,Piemonte,4356406,641679,14.73,0.13
1585,2021-01-11,PIE,8740,2980,5760,6053,1561,1126,0,0,0,8740,0,ITC,ITC1,1,Piemonte,Piemonte,4356406,650419,14.93,0.2
1586,2021-02-02,PIE,10232,3504,6728,6867,2048,1317,0,0,0,814,9418,ITC,ITC1,1,Piemonte,Piemonte,4356406,660651,15.17,0.23
1587,2021-02-21,PIE,5086,2080,3006,686,264,47,3352,0,737,4983,103,ITC,ITC1,1,Piemonte,Piemonte,4356406,665737,15.28,0.12
1588,2021-01-21,LIG,1102,385,717,584,185,332,1,0,0,672,430,ITC,ITC3,7,Liguria,Liguria,1550640,1102,0.07,0.07
1589,2021-01-05,LIG,2878,896,1982,2307,303,261,0,0,7,2878,0,ITC,ITC3,7,Liguria,Liguria,1550640,3980,0.26,0.19
1590,2021-01-15,LIG,2245,751,1494,1323,408,512,0,0,2,2245,0,ITC,ITC3,7,Liguria,Liguria,1550640,6225,0.4,0.14
1591,2021-02-07,LIG,407,153,254,191,29,187,0,0,0,2,405,ITC,ITC3,7,Liguria,Liguria,1550640,6632,0.43,0.03
1592,2020-12-31,LIG,988,354,634,750,55,155,28,0,0,988,0,ITC,ITC3,7,Liguria,Liguria,1550640,7620,0.49,0.06
1593,2021-03-11,LIG,6190,2970,3220,1141,618,262,3671,496,2,4188,2002,ITC,ITC3,7,Liguria,Liguria,1550640,13810,0.89,0.4
1594,2021-01-04,LIG,2516,826,1690,2157,235,121,0,0,3,2516,0,ITC,ITC3,7,Liguria,Liguria,1550640,16326,1.05,0.16
1595,2021-02-27,LIG,1888,921,967,139,540,5,1204,0,0,1759,129,ITC,ITC3,7,Liguria,Liguria,1550640,18214,1.17,0.12
1596,2021-03-21,LIG,552,221,331,7,20,0,525,0,0,69,483,ITC,ITC3,7,Liguria,Liguria,1550640,18766,1.21,0.04
1597,2021-01-07,LIG,3166,1076,2090,2313,420,428,0,1,4,3166,0,ITC,ITC3,7,Liguria,Liguria,1550640,21932,1.41,0.2
1598,2021-01-08,LIG,2926,999,1927,2084,406,431,0,1,4,2926,0,ITC,ITC3,7,Liguria,Liguria,1550640,24858,1.6,0.19
1599,2021-01-20,LIG,1450,529,921,693,330,425,0,0,2,1438,12,ITC,ITC3,7,Liguria,Liguria,1550640,26308,1.7,0.09
1600,2021-03-15,LIG,7037,3002,4035,762,1368,10,3722,221,954,4467,2570,ITC,ITC3,7,Liguria,Liguria,1550640,33345,2.15,0.45
1601,2021-02-21,LIG,869,491,378,183,317,102,267,0,0,865,4,ITC,ITC3,7,Liguria,Liguria,1550640,34214,2.21,0.06
1602,2020-12-29,LIG,125,33,92,93,11,21,0,0,0,125,0,ITC,ITC3,7,Liguria,Liguria,1550640,34339,2.21,0.01
1603,2021-02-11,LIG,1953,758,1195,1234,258,455,0,0,6,1091,862,ITC,ITC3,7,Liguria,Liguria,1550640,36292,2.34,0.13
1604,2021-02-19,LIG,3092,1279,1813,987,592,97,1413,0,3,2916,176,ITC,ITC3,7,Liguria,Liguria,1550640,39384,2.54,0.2
1605,2021-02-18,LIG,2757,1126,1631,954,422,349,1030,0,2,2428,329,ITC,ITC3,7,Liguria,Liguria,1550640,42141,2.72,0.18
1606,2021-02-25,LIG,3438,1346,2092,550,213,88,2584,2,1,3309,129,ITC,ITC3,7,Liguria,Liguria,1550640,45579,2.94,0.22
1607,2020-12-28,LIG,80,30,50,77,3,0,0,0,0,80,0,ITC,ITC3,7,Liguria,Liguria,1550640,45659,2.94,0.01
1608,2021-03-23,LIG,1579,759,820,188,271,17,779,152,172,748,831,ITC,ITC3,7,Liguria,Liguria,1550640,47238,3.05,0.1
1609,2021-01-24,LIG,755,236,519,632,63,60,0,0,0,113,642,ITC,ITC3,7,Liguria,Liguria,1550640,47993,3.1,0.05
1610,2021-01-28,LIG,2840,968,1872,2237,288,309,0,1,5,40,2800,ITC,ITC3,7,Liguria,Liguria,1550640,50833,3.28,0.18
1611,2021-01-01,LIG,144,55,89,139,5,0,0,0,0,144,0,ITC,ITC3,7,Liguria,Liguria,1550640,50977,3.29,0.01
1612,2021-03-13,LIG,3522,1493,2029,329,710,71,1502,120,790,2669,853,ITC,ITC3,7,Liguria,Liguria,1550640,54499,3.51,0.23
1613,2021-03-12,LIG,5991,2763,3228,1193,920,77,3360,437,4,3551,2440,ITC,ITC3,7,Liguria,Liguria,1550640,60490,3.9,0.39
1614,2021-01-18,LIG,2125,740,1385,1247,430,438,0,0,10,1968,157,ITC,ITC3,7,Liguria,Liguria,1550640,62615,4.04,0.14
1615,2021-01-16,LIG,1278,557,721,753,225,299,0,0,1,1278,0,ITC,ITC3,7,Liguria,Liguria,1550640,63893,4.12,0.08
1616,2021-02-22,LIG,3307,1451,1856,702,210,226,2167,0,2,3169,138,ITC,ITC3,7,Liguria,Liguria,1550640,67200,4.33,0.21
1617,2021-03-10,LIG,5701,2756,2945,814,786,85,3610,405,1,3804,1897,ITC,ITC3,7,Liguria,Liguria,1550640,72901,4.7,0.37
1618,2021-03-08,LIG,5579,2440,3139,1121,526,80,3539,306,7,3894,1685,ITC,ITC3,7,Liguria,Liguria,1550640,78480,5.06,0.36
1619,2021-03-07,LIG,1858,1085,773,184,524,258,508,383,1,1557,301,ITC,ITC3,7,Liguria,Liguria,1550640,80338,5.18,0.12
1620,2020-12-27,LIG,135,56,79,88,2,45,0,0,0,135,0,ITC,ITC3,7,Liguria,Liguria,1550640,80473,5.19,0.01
1621,2021-01-02,LIG,691,245,446,595,96,0,0,0,0,691,0,ITC,ITC3,7,Liguria,Liguria,1550640,81164,5.23,0.04
1622,2021-01-11,LIG,2652,990,1662,1990,345,316,0,0,1,2652,0,ITC,ITC3,7,Liguria,Liguria,1550640,83816,5.41,0.17
1623,2021-03-16,LIG,5945,2649,3296,902,508,281,4246,3,5,2302,3643,ITC,ITC3,7,Liguria,Liguria,1550640,89761,5.79,0.38
1624,2021-03-22,LIG,7126,3185,3941,556,1605,38,3814,279,834,4348,2778,ITC,ITC3,7,Liguria,Liguria,1550640,96887,6.25,0.46
1625,2021-03-17,LIG,5439,2337,3102,764,367,56,4244,2,6,2424,3015,ITC,ITC3,7,Liguria,Liguria,1550640,102326,6.6,0.35
1626,2021-02-09,LIG,1893,680,1213,1080,336,455,0,0,22,256,1637,ITC,ITC3,7,Liguria,Liguria,1550640,104219,6.72,0.12
1627,2021-03-02,LIG,4038,1667,2371,724,177,76,3056,1,4,3728,310,ITC,ITC3,7,Liguria,Liguria,1550640,108257,6.98,0.26
1628,2021-03-01,LIG,3497,1424,2073,528,119,105,2744,0,1,3375,122,ITC,ITC3,7,Liguria,Liguria,1550640,111754,7.21,0.23
1629,2021-01-14,LIG,2977,1053,1924,1868,555,553,0,0,1,2977,0,ITC,ITC3,7,Liguria,Liguria,1550640,114731,7.4,0.19
1630,2021-02-16,LIG,2391,948,1443,982,410,283,714,0,2,1998,393,ITC,ITC3,7,Liguria,Liguria,1550640,117122,7.55,0.15
1631,2021-02-15,LIG,2256,837,1419,1083,267,241,662,1,2,1861,395,ITC,ITC3,7,Liguria,Liguria,1550640,119378,7.7,0.15
1632,2021-02-04,LIG,2813,984,1829,1865,468,471,0,1,8,179,2634,ITC,ITC3,7,Liguria,Liguria,1550640,122191,7.88,0.18
1633,2021-01-17,LIG,861,300,561,516,82,262,0,0,1,861,0,ITC,ITC3,7,Liguria,Liguria,1550640,123052,7.94,0.06
1634,2021-01-09,LIG,1335,481,854,998,147,188,0,0,2,1335,0,ITC,ITC3,7,Liguria,Liguria,1550640,124387,8.02,0.09
1635,2021-03-03,LIG,4521,1811,2710,1029,242,288,2954,3,5,3528,993,ITC,ITC3,7,Liguria,Liguria,1550640,128908,8.31,0.29
1636,2021-01-23,LIG,809,295,514,633,132,43,0,0,1,153,656,ITC,ITC3,7,Liguria,Liguria,1550640,129717,8.37,0.05
1637,2021-02-28,LIG,1060,581,479,12,571,3,474,0,0,1059,1,ITC,ITC3,7,Liguria,Liguria,1550640,130777,8.43,0.07
1638,2020-12-30,LIG,12,5,7,12,0,0,0,0,0,12,0,ITC,ITC3,7,Liguria,Liguria,1550640,130789,8.43,0.0
1639,2021-01-13,LIG,2753,1012,1741,1912,350,487,0,0,4,2753,0,ITC,ITC3,7,Liguria,Liguria,1550640,133542,8.61,0.18
1640,2021-01-30,LIG,1661,567,1094,1261,141,257,0,0,2,25,1636,ITC,ITC3,7,Liguria,Liguria,1550640,135203,8.72,0.11
1641,2021-02-06,LIG,1891,767,1124,1309,206,375,0,0,1,145,1746,ITC,ITC3,7,Liguria,Liguria,1550640,137094,8.84,0.12
1642,2021-01-19,LIG,1356,429,927,709,316,328,0,0,3,1266,90,ITC,ITC3,7,Liguria,Liguria,1550640,138450,8.93,0.09
1643,2021-01-03,LIG,734,230,504,658,75,0,0,0,1,734,0,ITC,ITC3,7,Liguria,Liguria,1550640,139184,8.98,0.05
1644,2021-01-31,LIG,624,270,354,418,71,135,0,0,0,9,615,ITC,ITC3,7,Liguria,Liguria,1550640,139808,9.02,0.04
1645,2021-02-10,LIG,2275,827,1448,1350,419,496,5,0,5,1014,1261,ITC,ITC3,7,Liguria,Liguria,1550640,142083,9.16,0.15
1646,2021-02-03,LIG,2242,771,1471,1602,257,382,0,0,1,54,2188,ITC,ITC3,7,Liguria,Liguria,1550640,144325,9.31,0.14
1647,2021-02-05,LIG,2628,975,1653,1728,432,464,0,0,4,301,2327,ITC,ITC3,7,Liguria,Liguria,1550640,146953,9.48,0.17
1648,2021-03-04,LIG,4718,2112,2606,919,317,277,2919,282,4,3888,830,ITC,ITC3,7,Liguria,Liguria,1550640,151671,9.78,0.3
1649,2021-02-14,LIG,233,122,111,31,30,112,60,0,0,233,0,ITC,ITC3,7,Liguria,Liguria,1550640,151904,9.8,0.02
1650,2021-02-13,LIG,1079,508,571,543,135,147,254,0,0,800,279,ITC,ITC3,7,Liguria,Liguria,1550640,152983,9.87,0.07
1651,2021-03-09,LIG,5767,2680,3087,1027,630,131,3446,533,0,4344,1423,ITC,ITC3,7,Liguria,Liguria,1550640,158750,10.24,0.37
1652,2021-01-26,LIG,2480,802,1678,1963,261,251,0,0,5,104,2376,ITC,ITC3,7,Liguria,Liguria,1550640,161230,10.4,0.16
1653,2021-01-27,LIG,1743,603,1140,1336,179,227,0,0,1,142,1601,ITC,ITC3,7,Liguria,Liguria,1550640,162973,10.51,0.11
1654,2021-03-14,LIG,1648,747,901,64,383,176,567,27,431,1044,604,ITC,ITC3,7,Liguria,Liguria,1550640,164621,10.62,0.11
1655,2021-02-24,LIG,3735,1548,2187,796,265,150,2523,0,1,3477,258,ITC,ITC3,7,Liguria,Liguria,1550640,168356,10.86,0.24
1656,2021-02-23,LIG,3797,1559,2238,682,270,115,2727,2,1,3688,109,ITC,ITC3,7,Liguria,Liguria,1550640,172153,11.1,0.24
1657,2021-02-17,LIG,2623,1165,1458,883,362,262,1115,0,1,2260,363,ITC,ITC3,7,Liguria,Liguria,1550640,174776,11.27,0.17
1658,2021-03-06,LIG,3243,1818,1425,373,788,120,1490,472,0,2538,705,ITC,ITC3,7,Liguria,Liguria,1550640,178019,11.48,0.21
1659,2021-01-25,LIG,2717,888,1829,2208,190,317,0,0,2,471,2246,ITC,ITC3,7,Liguria,Liguria,1550640,180736,11.66,0.18
1660,2021-02-12,LIG,1906,681,1225,863,221,391,430,0,1,987,919,ITC,ITC3,7,Liguria,Liguria,1550640,182642,11.78,0.12
1661,2021-01-12,LIG,2393,862,1531,1726,269,396,0,0,2,2393,0,ITC,ITC3,7,Liguria,Liguria,1550640,185035,11.93,0.15
1662,2021-02-08,LIG,1858,716,1142,1224,385,242,0,0,7,306,1552,ITC,ITC3,7,Liguria,Liguria,1550640,186893,12.05,0.12
1663,2021-03-19,LIG,5050,2190,2860,667,566,57,3656,21,83,2057,2993,ITC,ITC3,7,Liguria,Liguria,1550640,191943,12.38,0.33
1664,2021-02-01,LIG,2442,904,1538,1914,212,315,0,0,1,76,2366,ITC,ITC3,7,Liguria,Liguria,1550640,194385,12.54,0.16
1665,2021-02-26,LIG,3758,1518,2240,780,224,168,2584,0,2,3430,328,ITC,ITC3,7,Liguria,Liguria,1550640,198143,12.78,0.24
1666,2021-03-20,LIG,2304,991,1313,224,228,0,1843,9,0,1131,1173,ITC,ITC3,7,Liguria,Liguria,1550640,200447,12.93,0.15
1667,2021-01-29,LIG,3040,1057,1983,2298,311,429,0,0,2,66,2974,ITC,ITC3,7,Liguria,Liguria,1550640,203487,13.12,0.2
1668,2021-01-22,LIG,1812,602,1210,1063,184,565,0,0,0,1327,485,ITC,ITC3,7,Liguria,Liguria,1550640,205299,13.24,0.12
1669,2021-03-18,LIG,4950,2118,2832,621,542,93,3683,6,5,2006,2944,ITC,ITC3,7,Liguria,Liguria,1550640,210249,13.56,0.32
1670,2021-03-05,LIG,4853,2143,2710,800,325,81,3330,312,5,3729,1124,ITC,ITC3,7,Liguria,Liguria,1550640,215102,13.87,0.31
1671,2021-02-20,LIG,1334,636,698,159,464,122,589,0,0,1333,1,ITC,ITC3,7,Liguria,Liguria,1550640,216436,13.96,0.09
1672,2021-02-02,LIG,2598,979,1619,1947,228,421,0,0,2,198,2400,ITC,ITC3,7,Liguria,Liguria,1550640,219034,14.13,0.17
1673,2021-01-06,LIG,1660,616,1044,1230,250,113,64,0,3,1660,0,ITC,ITC3,7,Liguria,Liguria,1550640,220694,14.23,0.11
1674,2021-01-10,LIG,648,262,386,369,103,176,0,0,0,648,0,ITC,ITC3,7,Liguria,Liguria,1550640,221342,14.27,0.04
1675,2021-03-01,PAB,909,217,692,11,159,5,0,0,734,909,0,ITH,ITH1,4,Provincia Autonoma Bolzano / Bozen,P.A. Bolzano,533050,909,0.17,0.17
1676,2021-02-25,PAB,1495,548,947,22,340,0,728,0,405,1494,1,ITH,ITH1,4,Provincia Autonoma Bolzano / Bozen,P.A. Bolzano,533050,2404,0.45,0.28
1677,2021-03-03,PAB,1162,391,771,12,13,6,345,51,735,1149,13,ITH,ITH1,4,Provincia Autonoma Bolzano / Bozen,P.A. Bolzano,533050,3566,0.67,0.22
1678,2021-01-29,PAB,1488,508,980,874,313,295,2,0,4,23,1465,ITH,ITH1,4,Provincia Autonoma Bolzano / Bozen,P.A. Bolzano,533050,5054,0.95,0.28
1679,2021-03-18,PAB,1289,524,765,49,169,48,1023,0,0,215,1074,ITH,ITH1,4,Provincia Autonoma Bolzano / Bozen,P.A. Bolzano,533050,6343,1.19,0.24
1680,2021-02-11,PAB,1031,408,623,205,381,102,343,0,0,222,809,ITH,ITH1,4,Provincia Autonoma Bolzano / Bozen,P.A. Bolzano,533050,7374,1.38,0.19
1681,2021-02-10,PAB,1630,602,1028,489,558,1,582,0,0,26,1604,ITH,ITH1,4,Provincia Autonoma Bolzano / Bozen,P.A. Bolzano,533050,9004,1.69,0.31
1682,2021-03-12,PAB,868,400,468,65,358,41,298,57,49,718,150,ITH,ITH1,4,Provincia Autonoma Bolzano / Bozen,P.A. Bolzano,533050,9872,1.85,0.16
1683,2021-01-04,PAB,469,191,278,397,72,0,0,0,0,469,0,ITH,ITH1,4,Provincia Autonoma Bolzano / Bozen,P.A. Bolzano,533050,10341,1.94,0.09
1684,2021-03-11,PAB,1644,806,838,89,552,68,365,237,333,1129,515,ITH,ITH1,4,Provincia Autonoma Bolzano / Bozen,P.A. Bolzano,533050,11985,2.25,0.31
1685,2021-01-07,PAB,892,317,575,613,227,0,52,0,0,892,0,ITH,ITH1,4,Provincia Autonoma Bolzano / Bozen,P.A. Bolzano,533050,12877,2.42,0.17
1686,2021-02-20,PAB,1502,471,1031,196,83,24,469,1,729,1484,18,ITH,ITH1,4,Provincia Autonoma Bolzano / Bozen,P.A. Bolzano,533050,14379,2.7,0.28
1687,2021-02-16,PAB,529,205,324,10,7,0,512,0,0,529,0,ITH,ITH1,4,Provincia Autonoma Bolzano / Bozen,P.A. Bolzano,533050,14908,2.8,0.1
1688,2021-01-06,PAB,59,18,41,59,0,0,0,0,0,59,0,ITH,ITH1,4,Provincia Autonoma Bolzano / Bozen,P.A. Bolzano,533050,14967,2.81,0.01
1689,2021-01-08,PAB,1488,469,1019,777,449,166,96,0,0,1488,0,ITH,ITH1,4,Provincia Autonoma Bolzano / Bozen,P.A. Bolzano,533050,16455,3.09,0.28
1690,2020-12-31,PAB,847,485,362,424,423,0,0,0,0,847,0,ITH,ITH1,4,Provincia Autonoma Bolzano / Bozen,P.A. Bolzano,533050,17302,3.25,0.16
1691,2021-02-19,PAB,1962,449,1513,121,250,79,7,0,1505,1951,11,ITH,ITH1,4,Provincia Autonoma Bolzano / Bozen,P.A. Bolzano,533050,19264,3.61,0.37
1692,2021-02-18,PAB,1641,401,1240,23,313,20,4,0,1281,1638,3,ITH,ITH1,4,Provincia Autonoma Bolzano / Bozen,P.A. Bolzano,533050,20905,3.92,0.31
1693,2021-02-06,PAB,2300,1025,1275,447,375,6,1471,0,1,18,2282,ITH,ITH1,4,Provincia Autonoma Bolzano / Bozen,P.A. Bolzano,533050,23205,4.35,0.43
1694,2021-02-03,PAB,1445,457,988,615,441,321,68,0,0,5,1440,ITH,ITH1,4,Provincia Autonoma Bolzano / Bozen,P.A. Bolzano,533050,24650,4.62,0.27
1695,2021-02-26,PAB,1385,492,893,62,143,2,846,0,332,1355,30,ITH,ITH1,4,Provincia Autonoma Bolzano / Bozen,P.A. Bolzano,533050,26035,4.88,0.26
1696,2021-02-01,PAB,1385,404,981,709,379,296,0,0,1,11,1374,ITH,ITH1,4,Provincia Autonoma Bolzano / Bozen,P.A. Bolzano,533050,27420,5.14,0.26
1697,2021-02-07,PAB,2165,975,1190,99,398,1,1667,0,0,12,2153,ITH,ITH1,4,Provincia Autonoma Bolzano / Bozen,P.A. Bolzano,533050,29585,5.55,0.41
1698,2021-01-21,PAB,915,426,489,720,100,68,27,0,0,138,777,ITH,ITH1,4,Provincia Autonoma Bolzano / Bozen,P.A. Bolzano,533050,30500,5.72,0.17
1699,2021-03-06,PAB,3946,2069,1877,478,871,7,1953,256,381,3734,212,ITH,ITH1,4,Provincia Autonoma Bolzano / Bozen,P.A. Bolzano,533050,34446,6.46,0.74
1700,2021-01-22,PAB,242,138,104,130,23,85,3,0,1,124,118,ITH,ITH1,4,Provincia Autonoma Bolzano / Bozen,P.A. Bolzano,533050,34688,6.51,0.05
1701,2021-03-13,PAB,2859,1448,1411,165,1313,1,1272,89,19,2758,101,ITH,ITH1,4,Provincia Autonoma Bolzano / Bozen,P.A. Bolzano,533050,37547,7.04,0.54
1702,2021-02-05,PAB,2789,1036,1753,641,677,394,1077,0,0,6,2783,ITH,ITH1,4,Provincia Autonoma Bolzano / Bozen,P.A. Bolzano,533050,40336,7.57,0.52
1703,2021-01-05,PAB,821,283,538,728,93,0,0,0,0,821,0,ITH,ITH1,4,Provincia Autonoma Bolzano / Bozen,P.A. Bolzano,533050,41157,7.72,0.15
1704,2021-03-23,PAB,679,320,359,0,518,0,113,31,17,679,0,ITH,ITH1,4,Provincia Autonoma Bolzano / Bozen,P.A. Bolzano,533050,41836,7.85,0.13
1705,2021-01-11,PAB,1501,476,1025,537,640,174,150,0,0,1501,0,ITH,ITH1,4,Provincia Autonoma Bolzano / Bozen,P.A. Bolzano,533050,43337,8.13,0.28
1706,2020-12-30,PAB,384,181,203,340,44,0,0,0,0,384,0,ITH,ITH1,4,Provincia Autonoma Bolzano / Bozen,P.A. Bolzano,533050,43721,8.2,0.07
1707,2021-01-02,PAB,91,48,43,69,22,0,0,0,0,91,0,ITH,ITH1,4,Provincia Autonoma Bolzano / Bozen,P.A. Bolzano,533050,43812,8.22,0.02
1708,2021-01-14,PAB,1809,540,1269,477,761,285,286,0,0,1809,0,ITH,ITH1,4,Provincia Autonoma Bolzano / Bozen,P.A. Bolzano,533050,45621,8.56,0.34
1709,2021-01-19,PAB,811,349,462,170,66,0,575,0,0,681,130,ITH,ITH1,4,Provincia Autonoma Bolzano / Bozen,P.A. Bolzano,533050,46432,8.71,0.15
1710,2021-01-23,PAB,195,115,80,183,12,0,0,0,0,0,195,ITH,ITH1,4,Provincia Autonoma Bolzano / Bozen,P.A. Bolzano,533050,46627,8.75,0.04
1711,2021-02-27,PAB,2454,758,1696,202,128,8,881,3,1232,2447,7,ITH,ITH1,4,Provincia Autonoma Bolzano / Bozen,P.A. Bolzano,533050,49081,9.21,0.46
1712,2021-01-25,PAB,462,177,285,380,80,0,1,0,1,3,459,ITH,ITH1,4,Provincia Autonoma Bolzano / Bozen,P.A. Bolzano,533050,49543,9.29,0.09
1713,2021-01-17,PAB,2270,1025,1245,54,236,19,1961,0,0,2259,11,ITH,ITH1,4,Provincia Autonoma Bolzano / Bozen,P.A. Bolzano,533050,51813,9.72,0.43
1714,2021-03-02,PAB,681,193,488,1,0,0,0,7,673,681,0,ITH,ITH1,4,Provincia Autonoma Bolzano / Bozen,P.A. Bolzano,533050,52494,9.85,0.13
1715,2021-03-08,PAB,1187,517,670,23,285,164,712,0,3,1162,25,ITH,ITH1,4,Provincia Autonoma Bolzano / Bozen,P.A. Bolzano,533050,53681,10.07,0.22
1716,2021-01-20,PAB,609,248,361,287,72,0,250,0,0,401,208,ITH,ITH1,4,Provincia Autonoma Bolzano / Bozen,P.A. Bolzano,533050,54290,10.18,0.11
1717,2021-03-19,PAB,1896,768,1128,159,612,15,1096,0,14,793,1103,ITH,ITH1,4,Provincia Autonoma Bolzano / Bozen,P.A. Bolzano,533050,56186,10.54,0.36
1718,2021-02-02,PAB,1731,500,1231,617,500,605,9,0,0,8,1723,ITH,ITH1,4,Provincia Autonoma Bolzano / Bozen,P.A. Bolzano,533050,57917,10.87,0.32
1719,2021-03-15,PAB,838,292,546,285,478,13,56,2,4,365,473,ITH,ITH1,4,Provincia Autonoma Bolzano / Bozen,P.A. Bolzano,533050,58755,11.02,0.16
1720,2021-02-08,PAB,1,1,0,0,1,0,0,0,0,1,0,ITH,ITH1,4,Provincia Autonoma Bolzano / Bozen,P.A. Bolzano,533050,58756,11.02,0.0
1721,2021-02-04,PAB,1877,568,1309,623,621,419,214,0,0,8,1869,ITH,ITH1,4,Provincia Autonoma Bolzano / Bozen,P.A. Bolzano,533050,60633,11.37,0.35
1722,2021-03-17,PAB,570,212,358,7,40,42,481,0,0,569,1,ITH,ITH1,4,Provincia Autonoma Bolzano / Bozen,P.A. Bolzano,533050,61203,11.48,0.11
1723,2021-01-15,PAB,3027,1119,1908,560,870,336,1261,0,0,3027,0,ITH,ITH1,4,Provincia Autonoma Bolzano / Bozen,P.A. Bolzano,533050,64230,12.05,0.57
1724,2021-01-09,PAB,600,317,283,75,439,74,12,0,0,600,0,ITH,ITH1,4,Provincia Autonoma Bolzano / Bozen,P.A. Bolzano,533050,64830,12.16,0.11
1725,2021-01-28,PAB,867,307,560,584,214,69,0,0,0,10,857,ITH,ITH1,4,Provincia Autonoma Bolzano / Bozen,P.A. Bolzano,533050,65697,12.32,0.16
1726,2021-03-22,PAB,1122,510,612,1,921,0,190,10,0,1122,0,ITH,ITH1,4,Provincia Autonoma Bolzano / Bozen,P.A. Bolzano,533050,66819,12.54,0.21
1727,2021-02-09,PAB,317,126,191,64,22,2,227,0,2,1,316,ITH,ITH1,4,Provincia Autonoma Bolzano / Bozen,P.A. Bolzano,533050,67136,12.59,0.06
1728,2021-03-16,PAB,632,249,383,24,63,48,497,0,0,115,517,ITH,ITH1,4,Provincia Autonoma Bolzano / Bozen,P.A. Bolzano,533050,67768,12.71,0.12
1729,2021-03-05,PAB,1756,590,1166,337,383,28,760,9,239,1314,442,ITH,ITH1,4,Provincia Autonoma Bolzano / Bozen,P.A. Bolzano,533050,69524,13.04,0.33
1730,2021-01-26,PAB,809,291,518,681,128,0,0,0,0,1,808,ITH,ITH1,4,Provincia Autonoma Bolzano / Bozen,P.A. Bolzano,533050,70333,13.19,0.15
1731,2021-01-03,PAB,41,16,25,33,7,0,1,0,0,41,0,ITH,ITH1,4,Provincia Autonoma Bolzano / Bozen,P.A. Bolzano,533050,70374,13.2,0.01
1732,2021-01-16,PAB,2749,1229,1520,450,360,77,1861,0,1,2749,0,ITH,ITH1,4,Provincia Autonoma Bolzano / Bozen,P.A. Bolzano,533050,73123,13.72,0.52
1733,2021-01-30,PAB,496,244,252,216,179,101,0,0,0,4,492,ITH,ITH1,4,Provincia Autonoma Bolzano / Bozen,P.A. Bolzano,533050,73619,13.81,0.09
1734,2021-01-13,PAB,1317,409,908,368,588,255,106,0,0,1317,0,ITH,ITH1,4,Provincia Autonoma Bolzano / Bozen,P.A. Bolzano,533050,74936,14.06,0.25
1735,2021-03-21,PAB,763,280,483,165,33,1,561,0,3,14,749,ITH,ITH1,4,Provincia Autonoma Bolzano / Bozen,P.A. Bolzano,533050,75699,14.2,0.14
1736,2021-03-04,PAB,1669,988,681,292,599,25,40,452,261,1457,212,ITH,ITH1,4,Provincia Autonoma Bolzano / Bozen,P.A. Bolzano,533050,77368,14.51,0.31
1737,2021-03-14,PAB,754,336,418,130,37,33,553,1,0,25,729,ITH,ITH1,4,Provincia Autonoma Bolzano / Bozen,P.A. Bolzano,533050,78122,14.66,0.14
1738,2021-01-24,PAB,12,10,2,1,11,0,0,0,0,0,12,ITH,ITH1,4,Provincia Autonoma Bolzano / Bozen,P.A. Bolzano,533050,78134,14.66,0.0
1739,2021-02-17,PAB,4,1,3,1,2,0,1,0,0,2,2,ITH,ITH1,4,Provincia Autonoma Bolzano / Bozen,P.A. Bolzano,533050,78138,14.66,0.0
1740,2021-02-23,PAB,763,320,443,0,58,0,621,0,84,758,5,ITH,ITH1,4,Provincia Autonoma Bolzano / Bozen,P.A. Bolzano,533050,78901,14.8,0.14
1741,2021-02-22,PAB,521,142,379,339,168,0,4,0,10,510,11,ITH,ITH1,4,Provincia Autonoma Bolzano / Bozen,P.A. Bolzano,533050,79422,14.9,0.1
1742,2021-02-13,PAB,318,79,239,126,184,7,1,0,0,312,6,ITH,ITH1,4,Provincia Autonoma Bolzano / Bozen,P.A. Bolzano,533050,79740,14.96,0.06
1743,2021-03-20,PAB,1374,656,718,113,653,9,593,5,1,751,623,ITH,ITH1,4,Provincia Autonoma Bolzano / Bozen,P.A. Bolzano,533050,81114,15.22,0.26
1744,2021-02-12,PAB,721,214,507,316,292,104,7,2,0,475,246,ITH,ITH1,4,Provincia Autonoma Bolzano / Bozen,P.A. Bolzano,533050,81835,15.35,0.14
1745,2021-01-27,PAB,84,28,56,54,30,0,0,0,0,1,83,ITH,ITH1,4,Provincia Autonoma Bolzano / Bozen,P.A. Bolzano,533050,81919,15.37,0.02
1746,2021-01-12,PAB,1527,398,1129,299,680,475,73,0,0,1527,0,ITH,ITH1,4,Provincia Autonoma Bolzano / Bozen,P.A. Bolzano,533050,83446,15.65,0.29
1747,2021-01-10,PAB,2,2,0,1,1,0,0,0,0,2,0,ITH,ITH1,4,Provincia Autonoma Bolzano / Bozen,P.A. Bolzano,533050,83448,15.65,0.0
1748,2021-02-24,PAB,1361,403,958,10,3,0,0,8,1340,1349,12,ITH,ITH1,4,Provincia Autonoma Bolzano / Bozen,P.A. Bolzano,533050,84809,15.91,0.26
1749,2021-03-09,PAB,1185,540,645,29,101,21,915,72,47,1183,2,ITH,ITH1,4,Provincia Autonoma Bolzano / Bozen,P.A. Bolzano,533050,85994,16.13,0.22
1750,2021-02-15,PAB,72,42,30,17,10,40,5,0,0,26,46,ITH,ITH1,4,Provincia Autonoma Bolzano / Bozen,P.A. Bolzano,533050,86066,16.15,0.01
1751,2021-01-01,PAB,1,1,0,1,0,0,0,0,0,1,0,ITH,ITH1,4,Provincia Autonoma Bolzano / Bozen,P.A. Bolzano,533050,86067,16.15,0.0
1752,2021-01-18,PAB,1655,638,1017,368,299,7,981,0,0,1651,4,ITH,ITH1,4,Provincia Autonoma Bolzano / Bozen,P.A. Bolzano,533050,87722,16.46,0.31
1753,2021-03-07,PAB,114,13,101,59,51,0,3,0,1,9,105,ITH,ITH1,4,Provincia Autonoma Bolzano / Bozen,P.A. Bolzano,533050,87836,16.48,0.02
1754,2020-12-27,PAB,143,65,78,136,6,0,1,0,0,143,0,ITH,ITH1,4,Provincia Autonoma Bolzano / Bozen,P.A. Bolzano,533050,87979,16.5,0.03
1755,2021-03-10,PAB,1172,446,726,653,188,0,134,80,117,1029,143,ITH,ITH1,4,Provincia Autonoma Bolzano / Bozen,P.A. Bolzano,533050,89151,16.72,0.22
