,data,area,Vaccinazioni giornaliere,sesso_maschile,sesso_femminile,prima_dose,seconda_dose,pregressa_infezione,codice_NUTS1,codice_NUTS2,codice_regione_ISTAT,nome_area,Regione,popolazione,Totale vaccinazioni,Totale vaccinazioni ogni cento ab,Vaccinazioni giornaliere ogni cento ab
0,2021-04-11,CAM,17524,8606,8918,15068,2083,373,ITF,ITF3,15,Campania,Campania,5801692,17524,0.3,0.3
1,2021-04-28,CAM,36434,17641,18793,25917,9755,762,ITF,ITF3,15,Campania,Campania,5801692,53958,0.93,0.63
2,2021-01-18,CAM,959,399,560,683,244,32,ITF,ITF3,15,Campania,Campania,5801692,54917,0.95,0.02
3,2021-06-24,CAM,66046,31815,34231,13474,52242,330,ITF,ITF3,15,Campania,Campania,5801692,120963,2.08,1.14
4,2021-03-16,CAM,8086,3519,4567,3700,4314,72,ITF,ITF3,15,Campania,Campania,5801692,129049,2.22,0.14
5,2021-01-25,CAM,5746,2927,2819,163,5583,0,ITF,ITF3,15,Campania,Campania,5801692,134795,2.32,0.1
6,2021-07-01,CAM,61482,29839,31643,19839,40994,649,ITF,ITF3,15,Campania,Campania,5801692,196277,3.38,1.06
7,2021-03-23,CAM,15743,7446,8297,12925,2513,305,ITF,ITF3,15,Campania,Campania,5801692,212020,3.65,0.27
8,2021-05-19,CAM,51155,22604,28551,33826,16608,721,ITF,ITF3,15,Campania,Campania,5801692,263175,4.54,0.88
9,2021-06-07,CAM,57579,27717,29862,52868,4033,678,ITF,ITF3,15,Campania,Campania,5801692,320754,5.53,0.99
10,2021-02-25,CAM,12426,4479,7947,10968,1188,270,ITF,ITF3,15,Campania,Campania,5801692,333180,5.74,0.21
11,2021-04-09,CAM,30044,14153,15891,23313,6134,597,ITF,ITF3,15,Campania,Campania,5801692,363224,6.26,0.52
12,2021-06-05,CAM,77617,37577,40040,70884,6022,711,ITF,ITF3,15,Campania,Campania,5801692,440841,7.6,1.34
13,2021-06-14,CAM,37111,17913,19198,18789,18012,310,ITF,ITF3,15,Campania,Campania,5801692,477952,8.24,0.64
14,2021-03-02,CAM,12761,4558,8203,8214,4345,202,ITF,ITF3,15,Campania,Campania,5801692,490713,8.46,0.22
15,2021-07-15,CAM,27311,12895,14416,2398,24798,115,ITF,ITF3,15,Campania,Campania,5801692,518024,8.93,0.47
16,2021-01-11,CAM,4070,1871,2199,3961,0,109,ITF,ITF3,15,Campania,Campania,5801692,522094,9.0,0.07
17,2021-03-28,CAM,15557,7504,8053,13602,1625,330,ITF,ITF3,15,Campania,Campania,5801692,537651,9.27,0.27
18,2021-01-04,CAM,5826,2963,2863,5727,0,99,ITF,ITF3,15,Campania,Campania,5801692,543477,9.37,0.1
19,2021-06-19,CAM,62371,29700,32671,24260,37736,375,ITF,ITF3,15,Campania,Campania,5801692,605848,10.44,1.08
20,2021-03-09,CAM,14128,6870,7258,9961,3785,382,ITF,ITF3,15,Campania,Campania,5801692,619976,10.69,0.24
21,2021-02-11,CAM,6280,2704,3576,5929,66,285,ITF,ITF3,15,Campania,Campania,5801692,626256,10.79,0.11
22,2021-04-16,CAM,34327,16560,17767,23022,10665,640,ITF,ITF3,15,Campania,Campania,5801692,660583,11.39,0.59
23,2021-01-30,CAM,10724,5081,5643,36,10686,2,ITF,ITF3,15,Campania,Campania,5801692,671307,11.57,0.18
24,2021-07-03,CAM,67271,32490,34781,8200,58695,376,ITF,ITF3,15,Campania,Campania,5801692,738578,12.73,1.16
25,2021-01-16,CAM,3371,1677,1694,3262,0,109,ITF,ITF3,15,Campania,Campania,5801692,741949,12.79,0.06
26,2021-05-24,CAM,31358,15151,16207,15863,15150,345,ITF,ITF3,15,Campania,Campania,5801692,773307,13.33,0.54
27,2021-02-13,CAM,5508,2550,2958,5109,217,182,ITF,ITF3,15,Campania,Campania,5801692,778815,13.42,0.09
28,2021-04-23,CAM,32323,15521,16802,22484,9149,690,ITF,ITF3,15,Campania,Campania,5801692,811138,13.98,0.56
29,2021-05-05,CAM,51172,24857,26315,43286,6386,1500,ITF,ITF3,15,Campania,Campania,5801692,862310,14.86,0.88
30,2021-05-12,CAM,40888,19950,20938,30592,9156,1140,ITF,ITF3,15,Campania,Campania,5801692,903198,15.57,0.7
31,2021-07-08,CAM,61082,29400,31682,5665,55113,304,ITF,ITF3,15,Campania,Campania,5801692,964280,16.62,1.05
32,2021-05-17,CAM,49363,21702,27661,23655,25257,451,ITF,ITF3,15,Campania,Campania,5801692,1013643,17.47,0.85
33,2021-02-06,CAM,5341,2666,2675,2006,3239,96,ITF,ITF3,15,Campania,Campania,5801692,1018984,17.56,0.09
34,2021-04-30,CAM,42324,20192,22132,25038,16498,788,ITF,ITF3,15,Campania,Campania,5801692,1061308,18.29,0.73
35,2021-02-04,CAM,7943,3429,4514,1249,6635,59,ITF,ITF3,15,Campania,Campania,5801692,1069251,18.43,0.14
36,2021-01-01,CAM,919,506,413,900,0,19,ITF,ITF3,15,Campania,Campania,5801692,1070170,18.45,0.02
37,2021-03-25,CAM,20320,9653,10667,16389,3503,428,ITF,ITF3,15,Campania,Campania,5801692,1090490,18.8,0.35
38,2021-02-27,CAM,13948,4473,9475,12008,1642,298,ITF,ITF3,15,Campania,Campania,5801692,1104438,19.04,0.24
39,2021-06-16,CAM,31593,14979,16614,20541,10758,294,ITF,ITF3,15,Campania,Campania,5801692,1136031,19.58,0.54
40,2021-05-26,CAM,52673,25834,26839,21108,31100,465,ITF,ITF3,15,Campania,Campania,5801692,1188704,20.49,0.91
41,2021-04-06,CAM,24510,11561,12949,19506,4523,481,ITF,ITF3,15,Campania,Campania,5801692,1213214,20.91,0.42
42,2021-07-12,CAM,56654,27350,29304,3759,52577,318,ITF,ITF3,15,Campania,Campania,5801692,1269868,21.89,0.98
43,2020-12-27,CAM,720,422,298,716,0,4,ITF,ITF3,15,Campania,Campania,5801692,1270588,21.9,0.01
44,2021-05-31,CAM,40728,20665,20063,29852,10310,566,ITF,ITF3,15,Campania,Campania,5801692,1311316,22.6,0.7
45,2021-01-06,CAM,7650,3749,3901,7506,0,144,ITF,ITF3,15,Campania,Campania,5801692,1318966,22.73,0.13
46,2021-02-18,CAM,9080,3813,5267,8151,707,222,ITF,ITF3,15,Campania,Campania,5801692,1328046,22.89,0.16
47,2021-04-25,CAM,30733,15169,15564,24599,5396,738,ITF,ITF3,15,Campania,Campania,5801692,1358779,23.42,0.53
48,2021-01-13,CAM,8020,3666,4354,7780,0,240,ITF,ITF3,15,Campania,Campania,5801692,1366799,23.56,0.14
49,2021-06-26,CAM,62930,30687,32243,14673,47849,408,ITF,ITF3,15,Campania,Campania,5801692,1429729,24.64,1.08
50,2021-07-13,CAM,53636,25768,27868,4930,48457,249,ITF,ITF3,15,Campania,Campania,5801692,1483365,25.57,0.92
51,2021-04-04,CAM,7966,4017,3949,6701,1047,218,ITF,ITF3,15,Campania,Campania,5801692,1491331,25.71,0.14
52,2021-06-12,CAM,63983,31539,32444,55946,7215,822,ITF,ITF3,15,Campania,Campania,5801692,1555314,26.81,1.1
53,2021-03-04,CAM,14708,5396,9312,8555,5894,259,ITF,ITF3,15,Campania,Campania,5801692,1570022,27.06,0.25
54,2021-05-07,CAM,59769,29208,30561,42785,15946,1038,ITF,ITF3,15,Campania,Campania,5801692,1629791,28.09,1.03
55,2021-01-23,CAM,3839,2029,1810,267,3566,6,ITF,ITF3,15,Campania,Campania,5801692,1633630,28.16,0.07
56,2021-03-21,CAM,10071,4674,5397,7507,2390,174,ITF,ITF3,15,Campania,Campania,5801692,1643701,28.33,0.17
57,2021-02-10,CAM,6905,3413,3492,6483,177,245,ITF,ITF3,15,Campania,Campania,5801692,1650606,28.45,0.12
58,2021-04-08,CAM,28393,13751,14642,21994,5844,555,ITF,ITF3,15,Campania,Campania,5801692,1678999,28.94,0.49
59,2021-06-04,CAM,74493,35805,38688,64787,9061,645,ITF,ITF3,15,Campania,Campania,5801692,1753492,30.22,1.28
60,2021-05-21,CAM,63709,29605,34104,42178,20526,1005,ITF,ITF3,15,Campania,Campania,5801692,1817201,31.32,1.1
61,2021-02-08,CAM,5113,2449,2664,4164,803,146,ITF,ITF3,15,Campania,Campania,5801692,1822314,31.41,0.09
62,2021-01-20,CAM,1257,650,607,1226,0,31,ITF,ITF3,15,Campania,Campania,5801692,1823571,31.43,0.02
63,2021-04-13,CAM,26608,12685,13923,20576,5534,498,ITF,ITF3,15,Campania,Campania,5801692,1850179,31.89,0.46
64,2021-01-03,CAM,3836,2009,1827,3787,0,49,ITF,ITF3,15,Campania,Campania,5801692,1854015,31.96,0.07
65,2021-07-05,CAM,63280,30505,32775,12749,49863,668,ITF,ITF3,15,Campania,Campania,5801692,1917295,33.05,1.09
66,2021-05-02,CAM,43495,21540,21955,31285,11359,851,ITF,ITF3,15,Campania,Campania,5801692,1960790,33.8,0.75
67,2021-01-22,CAM,1525,776,749,659,852,14,ITF,ITF3,15,Campania,Campania,5801692,1962315,33.82,0.03
68,2021-03-06,CAM,16371,6815,9556,10411,5669,291,ITF,ITF3,15,Campania,Campania,5801692,1978686,34.11,0.28
69,2021-04-20,CAM,32039,15500,16539,20161,11312,566,ITF,ITF3,15,Campania,Campania,5801692,2010725,34.66,0.55
70,2021-06-28,CAM,46512,22736,23776,20589,25400,523,ITF,ITF3,15,Campania,Campania,5801692,2057237,35.46,0.8
71,2021-03-20,CAM,13989,6529,7460,10013,3739,237,ITF,ITF3,15,Campania,Campania,5801692,2071226,35.7,0.24
72,2021-02-15,CAM,5472,2516,2956,5159,175,138,ITF,ITF3,15,Campania,Campania,5801692,2076698,35.79,0.09
73,2021-06-09,CAM,53060,26053,27007,41710,10903,447,ITF,ITF3,15,Campania,Campania,5801692,2129758,36.71,0.91
74,2021-03-01,CAM,12130,4248,7882,7784,4112,234,ITF,ITF3,15,Campania,Campania,5801692,2141888,36.92,0.21
75,2021-05-09,CAM,43201,20285,22916,30970,11096,1135,ITF,ITF3,15,Campania,Campania,5801692,2185089,37.66,0.74
76,2021-06-02,CAM,42830,20144,22686,37720,4675,435,ITF,ITF3,15,Campania,Campania,5801692,2227919,38.4,0.74
77,2021-02-22,CAM,10682,3294,7388,10194,263,225,ITF,ITF3,15,Campania,Campania,5801692,2238601,38.59,0.18
78,2021-03-11,CAM,17998,9056,8942,10331,7279,388,ITF,ITF3,15,Campania,Campania,5801692,2256599,38.9,0.31
79,2021-05-16,CAM,51147,23226,27921,32868,17573,706,ITF,ITF3,15,Campania,Campania,5801692,2307746,39.78,0.88
80,2021-02-20,CAM,8573,3080,5493,8109,303,161,ITF,ITF3,15,Campania,Campania,5801692,2316319,39.92,0.15
81,2021-02-03,CAM,8903,4003,4900,842,8025,36,ITF,ITF3,15,Campania,Campania,5801692,2325222,40.08,0.15
82,2021-04-18,CAM,27220,13285,13935,17823,8900,497,ITF,ITF3,15,Campania,Campania,5801692,2352442,40.55,0.47
83,2021-01-08,CAM,10453,4967,5486,10194,0,259,ITF,ITF3,15,Campania,Campania,5801692,2362895,40.73,0.18
84,2021-04-27,CAM,32159,15625,16534,23497,7922,740,ITF,ITF3,15,Campania,Campania,5801692,2395054,41.28,0.55
85,2021-06-23,CAM,46735,22078,24657,10749,35780,206,ITF,ITF3,15,Campania,Campania,5801692,2441789,42.09,0.81
86,2021-01-15,CAM,4979,2381,2598,4823,0,156,ITF,ITF3,15,Campania,Campania,5801692,2446768,42.17,0.09
87,2021-06-21,CAM,46834,22618,24216,11349,35202,283,ITF,ITF3,15,Campania,Campania,5801692,2493602,42.98,0.81
88,2021-03-13,CAM,14518,7038,7480,8989,5282,247,ITF,ITF3,15,Campania,Campania,5801692,2508120,43.23,0.25
89,2021-02-01,CAM,3984,1813,2171,102,3874,8,ITF,ITF3,15,Campania,Campania,5801692,2512104,43.3,0.07
90,2021-03-30,CAM,22052,10577,11475,18598,2957,497,ITF,ITF3,15,Campania,Campania,5801692,2534156,43.68,0.38
91,2021-04-17,CAM,36184,17511,18673,23985,11512,687,ITF,ITF3,15,Campania,Campania,5801692,2570340,44.3,0.62
92,2021-06-13,CAM,43422,21236,22186,38100,4728,594,ITF,ITF3,15,Campania,Campania,5801692,2613762,45.05,0.75
93,2021-05-30,CAM,52153,25441,26712,37961,13313,879,ITF,ITF3,15,Campania,Campania,5801692,2665915,45.95,0.9
94,2021-02-19,CAM,9571,3559,6012,8714,650,207,ITF,ITF3,15,Campania,Campania,5801692,2675486,46.12,0.16
95,2021-07-07,CAM,52224,24783,27441,7268,44572,384,ITF,ITF3,15,Campania,Campania,5801692,2727710,47.02,0.9
96,2021-03-29,CAM,19405,9578,9827,17471,1547,387,ITF,ITF3,15,Campania,Campania,5801692,2747115,47.35,0.33
97,2021-03-08,CAM,14687,6846,7841,9504,4777,406,ITF,ITF3,15,Campania,Campania,5801692,2761802,47.6,0.25
98,2021-05-04,CAM,48482,23348,25134,38354,8901,1227,ITF,ITF3,15,Campania,Campania,5801692,2810284,48.44,0.84
99,2021-01-24,CAM,4122,2119,2003,360,3745,17,ITF,ITF3,15,Campania,Campania,5801692,2814406,48.51,0.07
100,2021-05-13,CAM,55450,24827,30623,37876,16005,1569,ITF,ITF3,15,Campania,Campania,5801692,2869856,49.47,0.96
101,2021-07-09,CAM,61428,29737,31691,4367,56769,292,ITF,ITF3,15,Campania,Campania,5801692,2931284,50.52,1.06
102,2021-01-31,CAM,8070,3712,4358,22,8047,1,ITF,ITF3,15,Campania,Campania,5801692,2939354,50.66,0.14
103,2021-05-18,CAM,52185,23230,28955,31876,19656,653,ITF,ITF3,15,Campania,Campania,5801692,2991539,51.56,0.9
104,2021-02-05,CAM,7261,3463,3798,2019,5128,114,ITF,ITF3,15,Campania,Campania,5801692,2998800,51.69,0.13
105,2021-04-29,CAM,41329,20037,21292,24096,16482,751,ITF,ITF3,15,Campania,Campania,5801692,3040129,52.4,0.71
106,2021-01-19,CAM,1095,474,621,1042,3,50,ITF,ITF3,15,Campania,Campania,5801692,3041224,52.42,0.02
107,2021-01-10,CAM,8165,3736,4429,7963,0,202,ITF,ITF3,15,Campania,Campania,5801692,3049389,52.56,0.14
108,2021-04-03,CAM,21117,10316,10801,18283,2381,453,ITF,ITF3,15,Campania,Campania,5801692,3070506,52.92,0.36
109,2021-05-23,CAM,58745,28638,30107,37221,20895,629,ITF,ITF3,15,Campania,Campania,5801692,3129251,53.94,1.01
110,2021-02-12,CAM,6531,2861,3670,6092,188,251,ITF,ITF3,15,Campania,Campania,5801692,3135782,54.05,0.11
111,2021-01-29,CAM,10053,4812,5241,43,10006,4,ITF,ITF3,15,Campania,Campania,5801692,3145835,54.22,0.17
112,2021-06-27,CAM,43551,21450,22101,14111,29066,374,ITF,ITF3,15,Campania,Campania,5801692,3189386,54.97,0.75
113,2021-03-19,CAM,11143,4973,6170,7096,3873,174,ITF,ITF3,15,Campania,Campania,5801692,3200529,55.17,0.19
114,2021-06-10,CAM,75903,36677,39226,67995,7034,874,ITF,ITF3,15,Campania,Campania,5801692,3276432,56.47,1.31
115,2020-12-31,CAM,1489,810,679,1470,0,19,ITF,ITF3,15,Campania,Campania,5801692,3277921,56.5,0.03
116,2021-06-06,CAM,63226,31444,31782,61929,648,649,ITF,ITF3,15,Campania,Campania,5801692,3341147,57.59,1.09
117,2021-02-26,CAM,13335,4227,9108,11731,1336,268,ITF,ITF3,15,Campania,Campania,5801692,3354482,57.82,0.23
118,2021-04-24,CAM,36363,17527,18836,24360,11248,755,ITF,ITF3,15,Campania,Campania,5801692,3390845,58.45,0.63
119,2021-04-10,CAM,28355,13493,14862,22827,4914,614,ITF,ITF3,15,Campania,Campania,5801692,3419200,58.93,0.49
120,2021-04-01,CAM,24680,12010,12670,20081,4133,466,ITF,ITF3,15,Campania,Campania,5801692,3443880,59.36,0.43
121,2021-05-28,CAM,73043,35309,37734,26278,46151,614,ITF,ITF3,15,Campania,Campania,5801692,3516923,60.62,1.26
122,2021-05-14,CAM,61038,27583,33455,34851,24706,1481,ITF,ITF3,15,Campania,Campania,5801692,3577961,61.67,1.05
123,2021-07-10,CAM,66876,32655,34221,2753,63927,196,ITF,ITF3,15,Campania,Campania,5801692,3644837,62.82,1.15
124,2021-06-20,CAM,47594,22739,24855,14332,32977,285,ITF,ITF3,15,Campania,Campania,5801692,3692431,63.64,0.82
125,2021-03-27,CAM,21514,10243,11271,17257,3865,392,ITF,ITF3,15,Campania,Campania,5801692,3713945,64.01,0.37
126,2021-06-01,CAM,42042,20867,21175,31330,10493,219,ITF,ITF3,15,Campania,Campania,5801692,3755987,64.74,0.72
127,2021-06-18,CAM,65880,31396,34484,35097,30294,489,ITF,ITF3,15,Campania,Campania,5801692,3821867,65.88,1.14
128,2021-03-10,CAM,15614,7721,7893,8465,6836,313,ITF,ITF3,15,Campania,Campania,5801692,3837481,66.14,0.27
129,2021-05-15,CAM,62656,29041,33615,42155,18713,1788,ITF,ITF3,15,Campania,Campania,5801692,3900137,67.22,1.08
130,2021-03-22,CAM,13181,6344,6837,10864,2041,276,ITF,ITF3,15,Campania,Campania,5801692,3913318,67.45,0.23
131,2021-02-07,CAM,2928,1381,1547,2067,771,90,ITF,ITF3,15,Campania,Campania,5801692,3916246,67.5,0.05
132,2021-06-30,CAM,47593,22737,24856,18377,28603,613,ITF,ITF3,15,Campania,Campania,5801692,3963839,68.32,0.82
133,2021-01-17,CAM,1155,551,604,682,453,20,ITF,ITF3,15,Campania,Campania,5801692,3964994,68.34,0.02
134,2021-03-15,CAM,13346,6491,6855,8353,4746,247,ITF,ITF3,15,Campania,Campania,5801692,3978340,68.57,0.23
135,2021-07-02,CAM,55851,26987,28864,14438,40930,483,ITF,ITF3,15,Campania,Campania,5801692,4034191,69.53,0.96
136,2021-05-27,CAM,72911,35351,37560,25819,46534,558,ITF,ITF3,15,Campania,Campania,5801692,4107102,70.79,1.26
137,2021-02-16,CAM,5440,2412,3028,4495,771,174,ITF,ITF3,15,Campania,Campania,5801692,4112542,70.89,0.09
138,2021-05-08,CAM,56427,27141,29286,39150,15828,1449,ITF,ITF3,15,Campania,Campania,5801692,4168969,71.86,0.97
139,2021-01-28,CAM,8833,4122,4711,126,8699,8,ITF,ITF3,15,Campania,Campania,5801692,4177802,72.01,0.15
140,2021-04-21,CAM,30233,14729,15504,17483,12227,523,ITF,ITF3,15,Campania,Campania,5801692,4208035,72.53,0.52
141,2021-01-21,CAM,2092,1115,977,670,1416,6,ITF,ITF3,15,Campania,Campania,5801692,4210127,72.57,0.04
142,2021-01-07,CAM,8909,4167,4742,8736,0,173,ITF,ITF3,15,Campania,Campania,5801692,4219036,72.72,0.15
143,2021-03-05,CAM,16813,6666,10147,9865,6663,285,ITF,ITF3,15,Campania,Campania,5801692,4235849,73.01,0.29
144,2021-01-14,CAM,7074,2978,4096,6810,0,264,ITF,ITF3,15,Campania,Campania,5801692,4242923,73.13,0.12
145,2021-03-12,CAM,14573,7409,7164,8198,6083,292,ITF,ITF3,15,Campania,Campania,5801692,4257496,73.38,0.25
146,2021-06-03,CAM,72636,35228,37408,61157,10674,805,ITF,ITF3,15,Campania,Campania,5801692,4330132,74.64,1.25
147,2021-02-23,CAM,11002,3388,7614,10206,526,270,ITF,ITF3,15,Campania,Campania,5801692,4341134,74.83,0.19
148,2021-05-22,CAM,67957,32513,35444,45622,21489,846,ITF,ITF3,15,Campania,Campania,5801692,4409091,76.0,1.17
149,2021-03-24,CAM,17923,8370,9553,14626,2958,339,ITF,ITF3,15,Campania,Campania,5801692,4427014,76.31,0.31
150,2021-05-20,CAM,60830,28141,32689,42227,17638,965,ITF,ITF3,15,Campania,Campania,5801692,4487844,77.35,1.05
151,2021-02-09,CAM,4643,2202,2441,4234,252,157,ITF,ITF3,15,Campania,Campania,5801692,4492487,77.43,0.08
152,2021-05-11,CAM,39861,19237,20624,29550,9400,911,ITF,ITF3,15,Campania,Campania,5801692,4532348,78.12,0.69
153,2021-07-11,CAM,40852,19658,21194,1015,39756,81,ITF,ITF3,15,Campania,Campania,5801692,4573200,78.83,0.7
154,2021-02-02,CAM,5724,2805,2919,413,5280,31,ITF,ITF3,15,Campania,Campania,5801692,4578924,78.92,0.1
155,2021-03-31,CAM,23187,11371,11816,19359,3440,388,ITF,ITF3,15,Campania,Campania,5801692,4602111,79.32,0.4
156,2021-04-07,CAM,24972,11987,12985,19714,4725,533,ITF,ITF3,15,Campania,Campania,5801692,4627083,79.75,0.43
157,2021-04-02,CAM,21861,10522,11339,19097,2322,442,ITF,ITF3,15,Campania,Campania,5801692,4648944,80.13,0.38
158,2021-04-14,CAM,27651,13338,14313,18670,8570,411,ITF,ITF3,15,Campania,Campania,5801692,4676595,80.61,0.48
159,2021-05-01,CAM,46347,22662,23685,29340,16105,902,ITF,ITF3,15,Campania,Campania,5801692,4722942,81.41,0.8
160,2021-07-06,CAM,56615,27025,29590,16299,39867,449,ITF,ITF3,15,Campania,Campania,5801692,4779557,82.38,0.98
161,2021-04-12,CAM,23306,10920,12386,19772,3035,499,ITF,ITF3,15,Campania,Campania,5801692,4802863,82.78,0.4
162,2021-01-02,CAM,3672,1962,1710,3614,0,58,ITF,ITF3,15,Campania,Campania,5801692,4806535,82.85,0.06
163,2021-06-17,CAM,60159,28847,31312,32896,26764,499,ITF,ITF3,15,Campania,Campania,5801692,4866694,83.88,1.04
164,2021-07-04,CAM,48817,23764,25053,6326,42309,182,ITF,ITF3,15,Campania,Campania,5801692,4915511,84.73,0.84
165,2021-03-26,CAM,19863,9322,10541,15651,3815,397,ITF,ITF3,15,Campania,Campania,5801692,4935374,85.07,0.34
166,2021-02-24,CAM,11784,4149,7635,10849,688,247,ITF,ITF3,15,Campania,Campania,5801692,4947158,85.27,0.2
167,2021-01-05,CAM,7237,3637,3600,7076,0,161,ITF,ITF3,15,Campania,Campania,5801692,4954395,85.4,0.12
168,2021-02-17,CAM,7390,3212,4178,6206,1060,124,ITF,ITF3,15,Campania,Campania,5801692,4961785,85.52,0.13
169,2021-04-15,CAM,34343,16663,17680,23813,9902,628,ITF,ITF3,15,Campania,Campania,5801692,4996128,86.12,0.59
170,2021-05-29,CAM,67815,32258,35557,43107,23869,839,ITF,ITF3,15,Campania,Campania,5801692,5063943,87.28,1.17
171,2021-02-21,CAM,5836,2241,3595,5496,225,115,ITF,ITF3,15,Campania,Campania,5801692,5069779,87.38,0.1
172,2021-06-22,CAM,52438,25009,27429,13198,38993,247,ITF,ITF3,15,Campania,Campania,5801692,5122217,88.29,0.9
173,2021-03-14,CAM,8616,3827,4789,4379,4140,97,ITF,ITF3,15,Campania,Campania,5801692,5130833,88.44,0.15
174,2021-05-10,CAM,35466,16388,19078,24999,9927,540,ITF,ITF3,15,Campania,Campania,5801692,5166299,89.05,0.61
175,2021-06-08,CAM,53035,25851,27184,45457,6996,582,ITF,ITF3,15,Campania,Campania,5801692,5219334,89.96,0.91
176,2021-04-26,CAM,34034,16650,17384,27574,5622,838,ITF,ITF3,15,Campania,Campania,5801692,5253368,90.55,0.59
177,2021-03-07,CAM,11973,5404,6569,7816,3843,314,ITF,ITF3,15,Campania,Campania,5801692,5265341,90.76,0.21
178,2021-05-03,CAM,40778,19898,20880,27958,11857,963,ITF,ITF3,15,Campania,Campania,5801692,5306119,91.46,0.7
179,2021-06-29,CAM,49296,23976,25320,19831,29006,459,ITF,ITF3,15,Campania,Campania,5801692,5355415,92.31,0.85
180,2021-06-15,CAM,18665,9081,9584,11022,7411,232,ITF,ITF3,15,Campania,Campania,5801692,5374080,92.63,0.32
181,2021-01-27,CAM,7738,3820,3918,157,7576,5,ITF,ITF3,15,Campania,Campania,5801692,5381818,92.76,0.13
182,2021-03-18,CAM,12175,5380,6795,5795,6189,191,ITF,ITF3,15,Campania,Campania,5801692,5393993,92.97,0.21
183,2021-07-14,CAM,50979,24528,26451,4283,46418,278,ITF,ITF3,15,Campania,Campania,5801692,5444972,93.85,0.88
184,2021-04-05,CAM,11638,5542,6096,8939,2424,275,ITF,ITF3,15,Campania,Campania,5801692,5456610,94.05,0.2
185,2021-03-17,CAM,11590,5100,6490,4860,6581,149,ITF,ITF3,15,Campania,Campania,5801692,5468200,94.25,0.2
186,2021-06-11,CAM,70790,34390,36400,63912,6034,844,ITF,ITF3,15,Campania,Campania,5801692,5538990,95.47,1.22
187,2021-03-03,CAM,13924,5496,8428,7099,6630,195,ITF,ITF3,15,Campania,Campania,5801692,5552914,95.71,0.24
188,2021-06-25,CAM,65501,31799,33702,13793,51329,379,ITF,ITF3,15,Campania,Campania,5801692,5618415,96.84,1.13
189,2021-05-25,CAM,46502,22383,24119,22544,23410,548,ITF,ITF3,15,Campania,Campania,5801692,5664917,97.64,0.8
190,2021-04-22,CAM,33961,16540,17421,20932,12405,624,ITF,ITF3,15,Campania,Campania,5801692,5698878,98.23,0.59
191,2021-01-12,CAM,5215,2564,2651,5076,0,139,ITF,ITF3,15,Campania,Campania,5801692,5704093,98.32,0.09
192,2021-05-06,CAM,57283,27909,29374,41311,14452,1520,ITF,ITF3,15,Campania,Campania,5801692,5761376,99.31,0.99
193,2021-02-28,CAM,10412,3207,7205,8315,1900,197,ITF,ITF3,15,Campania,Campania,5801692,5771788,99.48,0.18
194,2021-02-14,CAM,3929,1923,2006,3845,34,50,ITF,ITF3,15,Campania,Campania,5801692,5775717,99.55,0.07
195,2021-01-26,CAM,7341,3726,3615,331,6989,21,ITF,ITF3,15,Campania,Campania,5801692,5783058,99.68,0.13
196,2021-04-19,CAM,30770,14830,15940,18693,11572,505,ITF,ITF3,15,Campania,Campania,5801692,5813828,100.21,0.53
197,2021-01-09,CAM,10567,5024,5543,10306,0,261,ITF,ITF3,15,Campania,Campania,5801692,5824395,100.39,0.18
198,2021-05-24,FVG,11423,5525,5898,7554,3618,251,ITH,ITH4,6,Friuli-Venezia Giulia,Friuli Venezia Giulia,1215220,11423,0.94,0.94
199,2021-02-13,FVG,566,179,387,559,6,1,ITH,ITH4,6,Friuli-Venezia Giulia,Friuli Venezia Giulia,1215220,11989,0.99,0.05
200,2021-03-02,FVG,4221,1519,2702,2702,1499,20,ITH,ITH4,6,Friuli-Venezia Giulia,Friuli Venezia Giulia,1215220,16210,1.33,0.35
201,2021-03-04,FVG,3452,1598,1854,2770,660,22,ITH,ITH4,6,Friuli-Venezia Giulia,Friuli Venezia Giulia,1215220,19662,1.62,0.28
202,2021-06-12,FVG,8081,4634,3447,6901,1159,21,ITH,ITH4,6,Friuli-Venezia Giulia,Friuli Venezia Giulia,1215220,27743,2.28,0.66
203,2021-03-21,FVG,2674,1001,1673,2229,409,36,ITH,ITH4,6,Friuli-Venezia Giulia,Friuli Venezia Giulia,1215220,30417,2.5,0.22
204,2021-02-18,FVG,3218,1492,1726,2791,407,20,ITH,ITH4,6,Friuli-Venezia Giulia,Friuli Venezia Giulia,1215220,33635,2.77,0.26
205,2021-04-02,FVG,6594,2926,3668,4643,1838,113,ITH,ITH4,6,Friuli-Venezia Giulia,Friuli Venezia Giulia,1215220,40229,3.31,0.54
206,2021-04-16,FVG,6962,3026,3936,4909,1926,127,ITH,ITH4,6,Friuli-Venezia Giulia,Friuli Venezia Giulia,1215220,47191,3.88,0.57
207,2021-01-06,FVG,710,264,446,710,0,0,ITH,ITH4,6,Friuli-Venezia Giulia,Friuli Venezia Giulia,1215220,47901,3.94,0.06
208,2021-04-28,FVG,7298,3225,4073,3676,3492,130,ITH,ITH4,6,Friuli-Venezia Giulia,Friuli Venezia Giulia,1215220,55199,4.54,0.6
209,2021-01-23,FVG,814,323,491,4,810,0,ITH,ITH4,6,Friuli-Venezia Giulia,Friuli Venezia Giulia,1215220,56013,4.61,0.07
210,2021-05-05,FVG,9762,4264,5498,6053,3471,238,ITH,ITH4,6,Friuli-Venezia Giulia,Friuli Venezia Giulia,1215220,65775,5.41,0.8
211,2021-07-08,FVG,12843,6950,5893,1269,11377,197,ITH,ITH4,6,Friuli-Venezia Giulia,Friuli Venezia Giulia,1215220,78618,6.47,1.06
212,2021-02-04,FVG,2725,808,1917,35,2690,0,ITH,ITH4,6,Friuli-Venezia Giulia,Friuli Venezia Giulia,1215220,81343,6.69,0.22
213,2021-04-30,FVG,7348,3244,4104,3528,3650,170,ITH,ITH4,6,Friuli-Venezia Giulia,Friuli Venezia Giulia,1215220,88691,7.3,0.6
214,2021-01-30,FVG,2277,745,1532,270,2007,0,ITH,ITH4,6,Friuli-Venezia Giulia,Friuli Venezia Giulia,1215220,90968,7.49,0.19
215,2021-07-13,FVG,10514,5443,5071,1031,9334,149,ITH,ITH4,6,Friuli-Venezia Giulia,Friuli Venezia Giulia,1215220,101482,8.35,0.87
216,2021-06-26,FVG,10046,5102,4944,3899,6145,2,ITH,ITH4,6,Friuli-Venezia Giulia,Friuli Venezia Giulia,1215220,111528,9.18,0.83
217,2021-06-24,FVG,11036,5628,5408,1947,9079,10,ITH,ITH4,6,Friuli-Venezia Giulia,Friuli Venezia Giulia,1215220,122564,10.09,0.91
218,2021-03-16,FVG,3187,1299,1888,1033,2081,73,ITH,ITH4,6,Friuli-Venezia Giulia,Friuli Venezia Giulia,1215220,125751,10.35,0.26
219,2021-05-12,FVG,10873,5040,5833,9069,1412,392,ITH,ITH4,6,Friuli-Venezia Giulia,Friuli Venezia Giulia,1215220,136624,11.24,0.89
220,2021-05-19,FVG,12042,5934,6108,9297,2345,400,ITH,ITH4,6,Friuli-Venezia Giulia,Friuli Venezia Giulia,1215220,148666,12.23,0.99
221,2021-04-11,FVG,3433,1519,1914,2436,906,91,ITH,ITH4,6,Friuli-Venezia Giulia,Friuli Venezia Giulia,1215220,152099,12.52,0.28
222,2021-06-07,FVG,9185,4761,4424,8167,992,26,ITH,ITH4,6,Friuli-Venezia Giulia,Friuli Venezia Giulia,1215220,161284,13.27,0.76
223,2021-05-31,FVG,8902,4422,4480,6505,2185,212,ITH,ITH4,6,Friuli-Venezia Giulia,Friuli Venezia Giulia,1215220,170186,14.0,0.73
224,2021-03-28,FVG,4938,2354,2584,4727,158,53,ITH,ITH4,6,Friuli-Venezia Giulia,Friuli Venezia Giulia,1215220,175124,14.41,0.41
225,2021-01-18,FVG,1961,606,1355,1867,94,0,ITH,ITH4,6,Friuli-Venezia Giulia,Friuli Venezia Giulia,1215220,177085,14.57,0.16
226,2021-01-04,FVG,1507,558,949,1507,0,0,ITH,ITH4,6,Friuli-Venezia Giulia,Friuli Venezia Giulia,1215220,178592,14.7,0.12
227,2021-02-06,FVG,1154,338,816,21,1132,1,ITH,ITH4,6,Friuli-Venezia Giulia,Friuli Venezia Giulia,1215220,179746,14.79,0.09
228,2021-02-23,FVG,2644,1278,1366,2461,180,3,ITH,ITH4,6,Friuli-Venezia Giulia,Friuli Venezia Giulia,1215220,182390,15.01,0.22
229,2021-02-11,FVG,1930,664,1266,1735,192,3,ITH,ITH4,6,Friuli-Venezia Giulia,Friuli Venezia Giulia,1215220,184320,15.17,0.16
230,2021-04-09,FVG,7916,3659,4257,6508,1248,160,ITH,ITH4,6,Friuli-Venezia Giulia,Friuli Venezia Giulia,1215220,192236,15.82,0.65
231,2020-12-30,FVG,626,244,382,626,0,0,ITH,ITH4,6,Friuli-Venezia Giulia,Friuli Venezia Giulia,1215220,192862,15.87,0.05
232,2021-06-05,FVG,10303,5326,4977,8741,1548,14,ITH,ITH4,6,Friuli-Venezia Giulia,Friuli Venezia Giulia,1215220,203165,16.72,0.85
233,2021-02-25,FVG,3165,1652,1513,3112,29,24,ITH,ITH4,6,Friuli-Venezia Giulia,Friuli Venezia Giulia,1215220,206330,16.98,0.26
234,2021-01-27,FVG,1271,425,846,448,821,2,ITH,ITH4,6,Friuli-Venezia Giulia,Friuli Venezia Giulia,1215220,207601,17.08,0.1
235,2021-05-07,FVG,10627,4863,5764,6937,3526,164,ITH,ITH4,6,Friuli-Venezia Giulia,Friuli Venezia Giulia,1215220,218228,17.96,0.87
236,2021-05-09,FVG,7361,3306,4055,3374,3859,128,ITH,ITH4,6,Friuli-Venezia Giulia,Friuli Venezia Giulia,1215220,225589,18.56,0.61
237,2021-01-25,FVG,1583,567,1016,194,1389,0,ITH,ITH4,6,Friuli-Venezia Giulia,Friuli Venezia Giulia,1215220,227172,18.69,0.13
238,2021-07-01,FVG,12208,6348,5860,2527,9413,268,ITH,ITH4,6,Friuli-Venezia Giulia,Friuli Venezia Giulia,1215220,239380,19.7,1.0
239,2021-03-23,FVG,3891,1684,2207,1736,2141,14,ITH,ITH4,6,Friuli-Venezia Giulia,Friuli Venezia Giulia,1215220,243271,20.02,0.32
240,2021-01-16,FVG,1230,360,870,1230,0,0,ITH,ITH4,6,Friuli-Venezia Giulia,Friuli Venezia Giulia,1215220,244501,20.12,0.1
241,2021-07-03,FVG,11363,6062,5301,1076,10133,154,ITH,ITH4,6,Friuli-Venezia Giulia,Friuli Venezia Giulia,1215220,255864,21.05,0.94
242,2021-03-25,FVG,5530,2422,3108,3337,2137,56,ITH,ITH4,6,Friuli-Venezia Giulia,Friuli Venezia Giulia,1215220,261394,21.51,0.46
243,2021-06-19,FVG,8493,4428,4065,1360,7128,5,ITH,ITH4,6,Friuli-Venezia Giulia,Friuli Venezia Giulia,1215220,269887,22.21,0.7
244,2021-03-11,FVG,3477,1517,1960,1714,1751,12,ITH,ITH4,6,Friuli-Venezia Giulia,Friuli Venezia Giulia,1215220,273364,22.5,0.29
245,2021-04-21,FVG,7772,3468,4304,4017,3680,75,ITH,ITH4,6,Friuli-Venezia Giulia,Friuli Venezia Giulia,1215220,281136,23.13,0.64
246,2021-01-11,FVG,1882,608,1274,1882,0,0,ITH,ITH4,6,Friuli-Venezia Giulia,Friuli Venezia Giulia,1215220,283018,23.29,0.15
247,2021-07-15,FVG,2054,1094,960,300,1657,97,ITH,ITH4,6,Friuli-Venezia Giulia,Friuli Venezia Giulia,1215220,285072,23.46,0.17
248,2021-04-23,FVG,7467,3376,4091,3463,3866,138,ITH,ITH4,6,Friuli-Venezia Giulia,Friuli Venezia Giulia,1215220,292539,24.07,0.61
249,2021-03-14,FVG,1398,550,848,1124,252,22,ITH,ITH4,6,Friuli-Venezia Giulia,Friuli Venezia Giulia,1215220,293937,24.19,0.12
250,2021-04-08,FVG,7446,3218,4228,5404,1922,120,ITH,ITH4,6,Friuli-Venezia Giulia,Friuli Venezia Giulia,1215220,301383,24.8,0.61
251,2021-05-21,FVG,11211,5019,6192,7921,2972,318,ITH,ITH4,6,Friuli-Venezia Giulia,Friuli Venezia Giulia,1215220,312594,25.72,0.92
252,2021-02-10,FVG,1350,496,854,1264,86,0,ITH,ITH4,6,Friuli-Venezia Giulia,Friuli Venezia Giulia,1215220,313944,25.83,0.11
253,2021-02-01,FVG,2098,688,1410,16,2082,0,ITH,ITH4,6,Friuli-Venezia Giulia,Friuli Venezia Giulia,1215220,316042,26.01,0.17
254,2021-05-17,FVG,8808,4089,4719,6097,2485,226,ITH,ITH4,6,Friuli-Venezia Giulia,Friuli Venezia Giulia,1215220,324850,26.73,0.72
255,2021-03-09,FVG,4012,1723,2289,1237,2750,25,ITH,ITH4,6,Friuli-Venezia Giulia,Friuli Venezia Giulia,1215220,328862,27.06,0.33
256,2021-02-27,FVG,3531,1201,2330,3511,1,19,ITH,ITH4,6,Friuli-Venezia Giulia,Friuli Venezia Giulia,1215220,332393,27.35,0.29
257,2021-04-25,FVG,2372,991,1381,2186,11,175,ITH,ITH4,6,Friuli-Venezia Giulia,Friuli Venezia Giulia,1215220,334765,27.55,0.2
258,2021-01-15,FVG,2020,605,1415,2019,0,1,ITH,ITH4,6,Friuli-Venezia Giulia,Friuli Venezia Giulia,1215220,336785,27.71,0.17
259,2021-06-16,FVG,12100,5877,6223,4074,8016,10,ITH,ITH4,6,Friuli-Venezia Giulia,Friuli Venezia Giulia,1215220,348885,28.71,1.0
260,2021-06-23,FVG,12024,5817,6207,2092,9927,5,ITH,ITH4,6,Friuli-Venezia Giulia,Friuli Venezia Giulia,1215220,360909,29.7,0.99
261,2021-04-27,FVG,8113,3724,4389,3531,4485,97,ITH,ITH4,6,Friuli-Venezia Giulia,Friuli Venezia Giulia,1215220,369022,30.37,0.67
262,2021-05-26,FVG,13425,6704,6721,9667,3439,319,ITH,ITH4,6,Friuli-Venezia Giulia,Friuli Venezia Giulia,1215220,382447,31.47,1.1
263,2021-02-15,FVG,2454,911,1543,2196,254,4,ITH,ITH4,6,Friuli-Venezia Giulia,Friuli Venezia Giulia,1215220,384901,31.67,0.2
264,2021-04-20,FVG,7124,3069,4055,3095,3906,123,ITH,ITH4,6,Friuli-Venezia Giulia,Friuli Venezia Giulia,1215220,392025,32.26,0.59
265,2021-03-30,FVG,7229,3256,3973,6192,925,112,ITH,ITH4,6,Friuli-Venezia Giulia,Friuli Venezia Giulia,1215220,399254,32.85,0.59
266,2021-07-10,FVG,8612,4446,4166,131,8453,28,ITH,ITH4,6,Friuli-Venezia Giulia,Friuli Venezia Giulia,1215220,407866,33.56,0.71
267,2021-04-01,FVG,6423,3069,3354,5338,1015,70,ITH,ITH4,6,Friuli-Venezia Giulia,Friuli Venezia Giulia,1215220,414289,34.09,0.53
268,2021-05-28,FVG,10613,5088,5525,6253,4112,248,ITH,ITH4,6,Friuli-Venezia Giulia,Friuli Venezia Giulia,1215220,424902,34.97,0.87
269,2021-04-13,FVG,7376,3291,4085,5647,1603,126,ITH,ITH4,6,Friuli-Venezia Giulia,Friuli Venezia Giulia,1215220,432278,35.57,0.61
270,2021-01-03,FVG,312,122,190,312,0,0,ITH,ITH4,6,Friuli-Venezia Giulia,Friuli Venezia Giulia,1215220,432590,35.6,0.03
271,2021-01-20,FVG,748,320,428,13,735,0,ITH,ITH4,6,Friuli-Venezia Giulia,Friuli Venezia Giulia,1215220,433338,35.66,0.06
272,2021-02-22,FVG,2485,1193,1292,2064,418,3,ITH,ITH4,6,Friuli-Venezia Giulia,Friuli Venezia Giulia,1215220,435823,35.86,0.2
273,2021-06-09,FVG,11241,5912,5329,9821,1395,25,ITH,ITH4,6,Friuli-Venezia Giulia,Friuli Venezia Giulia,1215220,447064,36.79,0.93
274,2021-03-01,FVG,2959,1041,1918,2887,53,19,ITH,ITH4,6,Friuli-Venezia Giulia,Friuli Venezia Giulia,1215220,450023,37.03,0.24
275,2021-03-18,FVG,3373,1422,1951,1683,1682,8,ITH,ITH4,6,Friuli-Venezia Giulia,Friuli Venezia Giulia,1215220,453396,37.31,0.28
276,2021-06-28,FVG,9824,4949,4875,2128,7684,12,ITH,ITH4,6,Friuli-Venezia Giulia,Friuli Venezia Giulia,1215220,463220,38.12,0.81
277,2021-03-20,FVG,3401,1409,1992,1300,2091,10,ITH,ITH4,6,Friuli-Venezia Giulia,Friuli Venezia Giulia,1215220,466621,38.4,0.28
278,2021-05-14,FVG,10759,5358,5401,7887,2596,276,ITH,ITH4,6,Friuli-Venezia Giulia,Friuli Venezia Giulia,1215220,477380,39.28,0.89
279,2021-02-03,FVG,2648,791,1857,22,2625,1,ITH,ITH4,6,Friuli-Venezia Giulia,Friuli Venezia Giulia,1215220,480028,39.5,0.22
280,2021-02-08,FVG,2356,694,1662,90,2265,1,ITH,ITH4,6,Friuli-Venezia Giulia,Friuli Venezia Giulia,1215220,482384,39.7,0.19
281,2021-05-04,FVG,9547,4303,5244,5982,3361,204,ITH,ITH4,6,Friuli-Venezia Giulia,Friuli Venezia Giulia,1215220,491931,40.48,0.79
282,2021-01-24,FVG,305,119,186,1,304,0,ITH,ITH4,6,Friuli-Venezia Giulia,Friuli Venezia Giulia,1215220,492236,40.51,0.03
283,2021-06-30,FVG,13139,6690,6449,1367,11588,184,ITH,ITH4,6,Friuli-Venezia Giulia,Friuli Venezia Giulia,1215220,505375,41.59,1.08
284,2021-03-08,FVG,4121,1642,2479,2021,2086,14,ITH,ITH4,6,Friuli-Venezia Giulia,Friuli Venezia Giulia,1215220,509496,41.93,0.34
285,2021-03-22,FVG,3659,1446,2213,1672,1954,33,ITH,ITH4,6,Friuli-Venezia Giulia,Friuli Venezia Giulia,1215220,513155,42.23,0.3
286,2021-01-10,FVG,2940,918,2022,2940,0,0,ITH,ITH4,6,Friuli-Venezia Giulia,Friuli Venezia Giulia,1215220,516095,42.47,0.24
287,2021-07-14,FVG,10208,5200,5008,1142,8868,198,ITH,ITH4,6,Friuli-Venezia Giulia,Friuli Venezia Giulia,1215220,526303,43.31,0.84
288,2021-04-05,FVG,2895,1438,1457,2830,15,50,ITH,ITH4,6,Friuli-Venezia Giulia,Friuli Venezia Giulia,1215220,529198,43.55,0.24
289,2021-01-12,FVG,2257,713,1544,2257,0,0,ITH,ITH4,6,Friuli-Venezia Giulia,Friuli Venezia Giulia,1215220,531455,43.73,0.19
290,2021-01-29,FVG,2412,813,1599,264,2148,0,ITH,ITH4,6,Friuli-Venezia Giulia,Friuli Venezia Giulia,1215220,533867,43.93,0.2
291,2021-04-22,FVG,6785,3086,3699,3036,3689,60,ITH,ITH4,6,Friuli-Venezia Giulia,Friuli Venezia Giulia,1215220,540652,44.49,0.56
292,2021-07-12,FVG,9845,5060,4785,1027,8660,158,ITH,ITH4,6,Friuli-Venezia Giulia,Friuli Venezia Giulia,1215220,550497,45.3,0.81
293,2021-02-19,FVG,3255,1292,1963,2816,427,12,ITH,ITH4,6,Friuli-Venezia Giulia,Friuli Venezia Giulia,1215220,553752,45.57,0.27
294,2021-04-24,FVG,6681,2950,3731,5208,1243,230,ITH,ITH4,6,Friuli-Venezia Giulia,Friuli Venezia Giulia,1215220,560433,46.12,0.55
295,2021-06-06,FVG,9462,4618,4844,7910,1548,4,ITH,ITH4,6,Friuli-Venezia Giulia,Friuli Venezia Giulia,1215220,569895,46.9,0.78
296,2021-02-26,FVG,3735,2093,1642,3560,148,27,ITH,ITH4,6,Friuli-Venezia Giulia,Friuli Venezia Giulia,1215220,573630,47.2,0.31
297,2021-02-17,FVG,2355,1000,1355,1873,480,2,ITH,ITH4,6,Friuli-Venezia Giulia,Friuli Venezia Giulia,1215220,575985,47.4,0.19
298,2021-01-13,FVG,2650,834,1816,2650,0,0,ITH,ITH4,6,Friuli-Venezia Giulia,Friuli Venezia Giulia,1215220,578635,47.62,0.22
299,2021-04-06,FVG,6675,3130,3545,5427,1152,96,ITH,ITH4,6,Friuli-Venezia Giulia,Friuli Venezia Giulia,1215220,585310,48.16,0.55
300,2020-12-27,FVG,262,149,113,261,0,1,ITH,ITH4,6,Friuli-Venezia Giulia,Friuli Venezia Giulia,1215220,585572,48.19,0.02
301,2021-02-12,FVG,1193,428,765,1142,47,4,ITH,ITH4,6,Friuli-Venezia Giulia,Friuli Venezia Giulia,1215220,586765,48.28,0.1
302,2021-06-02,FVG,9410,4951,4459,9120,280,10,ITH,ITH4,6,Friuli-Venezia Giulia,Friuli Venezia Giulia,1215220,596175,49.06,0.77
303,2021-02-07,FVG,1564,482,1082,384,1179,1,ITH,ITH4,6,Friuli-Venezia Giulia,Friuli Venezia Giulia,1215220,597739,49.19,0.13
304,2021-05-18,FVG,10792,5396,5396,8383,2079,330,ITH,ITH4,6,Friuli-Venezia Giulia,Friuli Venezia Giulia,1215220,608531,50.08,0.89
305,2021-06-01,FVG,10106,5117,4989,7956,2123,27,ITH,ITH4,6,Friuli-Venezia Giulia,Friuli Venezia Giulia,1215220,618637,50.91,0.83
306,2021-06-20,FVG,6505,3223,3282,1561,4934,10,ITH,ITH4,6,Friuli-Venezia Giulia,Friuli Venezia Giulia,1215220,625142,51.44,0.54
307,2021-03-29,FVG,7022,3126,3896,5378,1582,62,ITH,ITH4,6,Friuli-Venezia Giulia,Friuli Venezia Giulia,1215220,632164,52.02,0.58
308,2021-07-07,FVG,11190,5731,5459,1394,9664,132,ITH,ITH4,6,Friuli-Venezia Giulia,Friuli Venezia Giulia,1215220,643354,52.94,0.92
309,2021-05-15,FVG,12667,6111,6556,7692,4699,276,ITH,ITH4,6,Friuli-Venezia Giulia,Friuli Venezia Giulia,1215220,656021,53.98,1.04
310,2021-05-01,FVG,7196,3246,3950,5898,1045,253,ITH,ITH4,6,Friuli-Venezia Giulia,Friuli Venezia Giulia,1215220,663217,54.58,0.59
311,2021-01-21,FVG,896,345,551,1,895,0,ITH,ITH4,6,Friuli-Venezia Giulia,Friuli Venezia Giulia,1215220,664113,54.65,0.07
312,2021-01-17,FVG,1715,522,1193,1713,0,2,ITH,ITH4,6,Friuli-Venezia Giulia,Friuli Venezia Giulia,1215220,665828,54.79,0.14
313,2021-03-15,FVG,3951,1809,2142,1612,2321,18,ITH,ITH4,6,Friuli-Venezia Giulia,Friuli Venezia Giulia,1215220,669779,55.12,0.33
314,2021-05-11,FVG,9038,4337,4701,7016,1806,216,ITH,ITH4,6,Friuli-Venezia Giulia,Friuli Venezia Giulia,1215220,678817,55.86,0.74
315,2021-01-31,FVG,2717,838,1879,385,2332,0,ITH,ITH4,6,Friuli-Venezia Giulia,Friuli Venezia Giulia,1215220,681534,56.08,0.22
316,2021-04-18,FVG,6048,2808,3240,5456,407,185,ITH,ITH4,6,Friuli-Venezia Giulia,Friuli Venezia Giulia,1215220,687582,56.58,0.5
317,2021-01-08,FVG,2321,746,1575,2321,0,0,ITH,ITH4,6,Friuli-Venezia Giulia,Friuli Venezia Giulia,1215220,689903,56.77,0.19
318,2021-06-14,FVG,10046,4850,5196,5215,4810,21,ITH,ITH4,6,Friuli-Venezia Giulia,Friuli Venezia Giulia,1215220,699949,57.6,0.83
319,2021-02-20,FVG,2068,933,1135,1921,144,3,ITH,ITH4,6,Friuli-Venezia Giulia,Friuli Venezia Giulia,1215220,702017,57.77,0.17
320,2021-01-22,FVG,89,29,60,0,89,0,ITH,ITH4,6,Friuli-Venezia Giulia,Friuli Venezia Giulia,1215220,702106,57.78,0.01
321,2021-03-06,FVG,3500,1196,2304,3147,325,28,ITH,ITH4,6,Friuli-Venezia Giulia,Friuli Venezia Giulia,1215220,705606,58.06,0.29
322,2021-04-03,FVG,4017,1992,2025,2638,1336,43,ITH,ITH4,6,Friuli-Venezia Giulia,Friuli Venezia Giulia,1215220,709623,58.39,0.33
323,2021-06-10,FVG,10726,5616,5110,9670,1037,19,ITH,ITH4,6,Friuli-Venezia Giulia,Friuli Venezia Giulia,1215220,720349,59.28,0.88
324,2021-03-19,FVG,3251,1350,1901,1301,1936,14,ITH,ITH4,6,Friuli-Venezia Giulia,Friuli Venezia Giulia,1215220,723600,59.54,0.27
325,2021-06-27,FVG,7339,3660,3679,3521,3816,2,ITH,ITH4,6,Friuli-Venezia Giulia,Friuli Venezia Giulia,1215220,730939,60.15,0.6
326,2021-06-13,FVG,8651,4503,4148,5313,3322,16,ITH,ITH4,6,Friuli-Venezia Giulia,Friuli Venezia Giulia,1215220,739590,60.86,0.71
327,2021-04-17,FVG,7457,3238,4219,5815,1483,159,ITH,ITH4,6,Friuli-Venezia Giulia,Friuli Venezia Giulia,1215220,747047,61.47,0.61
328,2021-04-10,FVG,5049,2213,2836,3758,1225,66,ITH,ITH4,6,Friuli-Venezia Giulia,Friuli Venezia Giulia,1215220,752096,61.89,0.42
329,2021-05-23,FVG,10278,4858,5420,5930,4150,198,ITH,ITH4,6,Friuli-Venezia Giulia,Friuli Venezia Giulia,1215220,762374,62.74,0.85
330,2021-01-07,FVG,2093,718,1375,2093,0,0,ITH,ITH4,6,Friuli-Venezia Giulia,Friuli Venezia Giulia,1215220,764467,62.91,0.17
331,2021-03-05,FVG,3774,1513,2261,2634,1075,65,ITH,ITH4,6,Friuli-Venezia Giulia,Friuli Venezia Giulia,1215220,768241,63.22,0.31
332,2021-04-19,FVG,6721,3137,3584,3216,3417,88,ITH,ITH4,6,Friuli-Venezia Giulia,Friuli Venezia Giulia,1215220,774962,63.77,0.55
333,2021-01-09,FVG,2513,841,1672,2511,0,2,ITH,ITH4,6,Friuli-Venezia Giulia,Friuli Venezia Giulia,1215220,777475,63.98,0.21
334,2021-06-15,FVG,11793,5970,5823,5305,6480,8,ITH,ITH4,6,Friuli-Venezia Giulia,Friuli Venezia Giulia,1215220,789268,64.95,0.97
335,2021-02-21,FVG,801,281,520,421,378,2,ITH,ITH4,6,Friuli-Venezia Giulia,Friuli Venezia Giulia,1215220,790069,65.01,0.07
336,2021-07-04,FVG,9156,4695,4461,2732,6160,264,ITH,ITH4,6,Friuli-Venezia Giulia,Friuli Venezia Giulia,1215220,799225,65.77,0.75
337,2021-03-26,FVG,6005,2606,3399,3831,2017,157,ITH,ITH4,6,Friuli-Venezia Giulia,Friuli Venezia Giulia,1215220,805230,66.26,0.49
338,2021-03-12,FVG,4102,1696,2406,2698,1381,23,ITH,ITH4,6,Friuli-Venezia Giulia,Friuli Venezia Giulia,1215220,809332,66.6,0.34
339,2021-01-02,FVG,1216,470,746,1216,0,0,ITH,ITH4,6,Friuli-Venezia Giulia,Friuli Venezia Giulia,1215220,810548,66.7,0.1
340,2021-05-25,FVG,12922,6384,6538,9294,3312,316,ITH,ITH4,6,Friuli-Venezia Giulia,Friuli Venezia Giulia,1215220,823470,67.76,1.06
341,2021-06-11,FVG,10637,5790,4847,9779,829,29,ITH,ITH4,6,Friuli-Venezia Giulia,Friuli Venezia Giulia,1215220,834107,68.64,0.88
342,2021-03-03,FVG,3646,1634,2012,2357,1275,14,ITH,ITH4,6,Friuli-Venezia Giulia,Friuli Venezia Giulia,1215220,837753,68.94,0.3
343,2021-05-27,FVG,12828,6142,6686,7409,5230,189,ITH,ITH4,6,Friuli-Venezia Giulia,Friuli Venezia Giulia,1215220,850581,69.99,1.06
344,2021-05-29,FVG,12025,5848,6177,6802,4987,236,ITH,ITH4,6,Friuli-Venezia Giulia,Friuli Venezia Giulia,1215220,862606,70.98,0.99
345,2021-07-11,FVG,6657,3494,3163,2181,4161,315,ITH,ITH4,6,Friuli-Venezia Giulia,Friuli Venezia Giulia,1215220,869263,71.53,0.55
346,2021-05-22,FVG,11585,5204,6381,7100,4239,246,ITH,ITH4,6,Friuli-Venezia Giulia,Friuli Venezia Giulia,1215220,880848,72.48,0.95
347,2021-04-12,FVG,7272,3188,4084,6000,1132,140,ITH,ITH4,6,Friuli-Venezia Giulia,Friuli Venezia Giulia,1215220,888120,73.08,0.6
348,2021-06-29,FVG,11270,5746,5524,1156,9996,118,ITH,ITH4,6,Friuli-Venezia Giulia,Friuli Venezia Giulia,1215220,899390,74.01,0.93
349,2021-04-07,FVG,7830,3627,4203,6942,782,106,ITH,ITH4,6,Friuli-Venezia Giulia,Friuli Venezia Giulia,1215220,907220,74.65,0.64
350,2021-03-07,FVG,2545,932,1613,2489,1,55,ITH,ITH4,6,Friuli-Venezia Giulia,Friuli Venezia Giulia,1215220,909765,74.86,0.21
351,2020-12-31,FVG,1048,381,667,1047,0,1,ITH,ITH4,6,Friuli-Venezia Giulia,Friuli Venezia Giulia,1215220,910813,74.95,0.09
352,2021-06-17,FVG,11318,5715,5603,2304,9009,5,ITH,ITH4,6,Friuli-Venezia Giulia,Friuli Venezia Giulia,1215220,922131,75.88,0.93
353,2021-05-30,FVG,11061,4989,6072,7243,3588,230,ITH,ITH4,6,Friuli-Venezia Giulia,Friuli Venezia Giulia,1215220,933192,76.79,0.91
354,2021-05-03,FVG,7216,3290,3926,3316,3785,115,ITH,ITH4,6,Friuli-Venezia Giulia,Friuli Venezia Giulia,1215220,940408,77.39,0.59
355,2021-01-14,FVG,2584,789,1795,2581,0,3,ITH,ITH4,6,Friuli-Venezia Giulia,Friuli Venezia Giulia,1215220,942992,77.6,0.21
356,2021-06-08,FVG,10465,5481,4984,9982,448,35,ITH,ITH4,6,Friuli-Venezia Giulia,Friuli Venezia Giulia,1215220,953457,78.46,0.86
357,2021-02-28,FVG,2686,1003,1683,2265,394,27,ITH,ITH4,6,Friuli-Venezia Giulia,Friuli Venezia Giulia,1215220,956143,78.68,0.22
358,2021-01-28,FVG,2240,794,1446,355,1885,0,ITH,ITH4,6,Friuli-Venezia Giulia,Friuli Venezia Giulia,1215220,958383,78.86,0.18
359,2021-05-08,FVG,10276,4647,5629,5312,4784,180,ITH,ITH4,6,Friuli-Venezia Giulia,Friuli Venezia Giulia,1215220,968659,79.71,0.85
360,2021-02-14,FVG,1,0,1,0,1,0,ITH,ITH4,6,Friuli-Venezia Giulia,Friuli Venezia Giulia,1215220,968660,79.71,0.0
361,2021-05-06,FVG,11921,5539,6382,7687,3972,262,ITH,ITH4,6,Friuli-Venezia Giulia,Friuli Venezia Giulia,1215220,980581,80.69,0.98
362,2021-07-02,FVG,10915,5642,5273,1934,8777,204,ITH,ITH4,6,Friuli-Venezia Giulia,Friuli Venezia Giulia,1215220,991496,81.59,0.9
363,2021-06-25,FVG,10736,5404,5332,2194,8535,7,ITH,ITH4,6,Friuli-Venezia Giulia,Friuli Venezia Giulia,1215220,1002232,82.47,0.88
364,2021-06-22,FVG,11488,5921,5567,2400,9079,9,ITH,ITH4,6,Friuli-Venezia Giulia,Friuli Venezia Giulia,1215220,1013720,83.42,0.95
365,2021-04-26,FVG,5463,2451,3012,3692,1650,121,ITH,ITH4,6,Friuli-Venezia Giulia,Friuli Venezia Giulia,1215220,1019183,83.87,0.45
366,2021-05-10,FVG,7941,3529,4412,6234,1542,165,ITH,ITH4,6,Friuli-Venezia Giulia,Friuli Venezia Giulia,1215220,1027124,84.52,0.65
367,2021-07-09,FVG,11716,6196,5520,1990,9430,296,ITH,ITH4,6,Friuli-Venezia Giulia,Friuli Venezia Giulia,1215220,1038840,85.49,0.96
368,2021-03-17,FVG,3237,1268,1969,739,2492,6,ITH,ITH4,6,Friuli-Venezia Giulia,Friuli Venezia Giulia,1215220,1042077,85.75,0.27
369,2021-05-13,FVG,11161,5383,5778,8734,2065,362,ITH,ITH4,6,Friuli-Venezia Giulia,Friuli Venezia Giulia,1215220,1053238,86.67,0.92
370,2021-02-16,FVG,2516,1135,1381,2397,116,3,ITH,ITH4,6,Friuli-Venezia Giulia,Friuli Venezia Giulia,1215220,1055754,86.88,0.21
371,2021-03-24,FVG,3975,1718,2257,2465,1481,29,ITH,ITH4,6,Friuli-Venezia Giulia,Friuli Venezia Giulia,1215220,1059729,87.2,0.33
372,2021-05-20,FVG,12707,6318,6389,9812,2520,375,ITH,ITH4,6,Friuli-Venezia Giulia,Friuli Venezia Giulia,1215220,1072436,88.25,1.05
373,2021-01-26,FVG,1977,647,1330,216,1760,1,ITH,ITH4,6,Friuli-Venezia Giulia,Friuli Venezia Giulia,1215220,1074413,88.41,0.16
374,2021-02-09,FVG,1842,555,1287,1556,286,0,ITH,ITH4,6,Friuli-Venezia Giulia,Friuli Venezia Giulia,1215220,1076255,88.56,0.15
375,2021-02-02,FVG,2467,806,1661,217,2250,0,ITH,ITH4,6,Friuli-Venezia Giulia,Friuli Venezia Giulia,1215220,1078722,88.77,0.2
376,2021-03-31,FVG,8139,3570,4569,7179,846,114,ITH,ITH4,6,Friuli-Venezia Giulia,Friuli Venezia Giulia,1215220,1086861,89.44,0.67
377,2021-06-04,FVG,12052,6191,5861,10631,1386,35,ITH,ITH4,6,Friuli-Venezia Giulia,Friuli Venezia Giulia,1215220,1098913,90.43,0.99
378,2021-07-05,FVG,9467,4817,4650,1281,8040,146,ITH,ITH4,6,Friuli-Venezia Giulia,Friuli Venezia Giulia,1215220,1108380,91.21,0.78
379,2021-06-21,FVG,9144,4466,4678,1895,7242,7,ITH,ITH4,6,Friuli-Venezia Giulia,Friuli Venezia Giulia,1215220,1117524,91.96,0.75
380,2021-03-13,FVG,2943,1124,1819,1658,1273,12,ITH,ITH4,6,Friuli-Venezia Giulia,Friuli Venezia Giulia,1215220,1120467,92.2,0.24
381,2021-05-02,FVG,6897,3248,3649,3809,2958,130,ITH,ITH4,6,Friuli-Venezia Giulia,Friuli Venezia Giulia,1215220,1127364,92.77,0.57
382,2021-05-16,FVG,9992,4780,5212,8366,1400,226,ITH,ITH4,6,Friuli-Venezia Giulia,Friuli Venezia Giulia,1215220,1137356,93.59,0.82
383,2021-06-18,FVG,10681,5233,5448,3375,7292,14,ITH,ITH4,6,Friuli-Venezia Giulia,Friuli Venezia Giulia,1215220,1148037,94.47,0.88
384,2021-03-10,FVG,3590,1701,1889,1743,1794,53,ITH,ITH4,6,Friuli-Venezia Giulia,Friuli Venezia Giulia,1215220,1151627,94.77,0.3
385,2021-02-24,FVG,2524,1088,1436,2496,18,10,ITH,ITH4,6,Friuli-Venezia Giulia,Friuli Venezia Giulia,1215220,1154151,94.97,0.21
386,2021-03-27,FVG,5377,2918,2459,3939,1411,27,ITH,ITH4,6,Friuli-Venezia Giulia,Friuli Venezia Giulia,1215220,1159528,95.42,0.44
387,2021-04-15,FVG,6513,2878,3635,5104,1270,139,ITH,ITH4,6,Friuli-Venezia Giulia,Friuli Venezia Giulia,1215220,1166041,95.95,0.54
388,2021-04-29,FVG,6761,2980,3781,3975,2592,194,ITH,ITH4,6,Friuli-Venezia Giulia,Friuli Venezia Giulia,1215220,1172802,96.51,0.56
389,2021-01-05,FVG,1678,551,1127,1677,0,1,ITH,ITH4,6,Friuli-Venezia Giulia,Friuli Venezia Giulia,1215220,1174480,96.65,0.14
390,2021-02-05,FVG,2610,784,1826,89,2521,0,ITH,ITH4,6,Friuli-Venezia Giulia,Friuli Venezia Giulia,1215220,1177090,96.86,0.21
391,2021-04-14,FVG,7234,3124,4110,5405,1712,117,ITH,ITH4,6,Friuli-Venezia Giulia,Friuli Venezia Giulia,1215220,1184324,97.46,0.6
392,2021-07-06,FVG,11084,5789,5295,1305,9666,113,ITH,ITH4,6,Friuli-Venezia Giulia,Friuli Venezia Giulia,1215220,1195408,98.37,0.91
393,2021-06-03,FVG,12391,6725,5666,10272,2081,38,ITH,ITH4,6,Friuli-Venezia Giulia,Friuli Venezia Giulia,1215220,1207799,99.39,1.02
394,2021-01-19,FVG,6,2,4,6,0,0,ITH,ITH4,6,Friuli-Venezia Giulia,Friuli Venezia Giulia,1215220,1207805,99.39,0.0
395,2021-06-04,BAS,4831,2288,2543,3749,1046,36,ITF,ITF5,17,Basilicata,Basilicata,559084,4831,0.86,0.86
396,2021-02-24,BAS,1807,743,1064,1723,73,11,ITF,ITF5,17,Basilicata,Basilicata,559084,6638,1.19,0.32
397,2021-02-22,BAS,1791,773,1018,1730,53,8,ITF,ITF5,17,Basilicata,Basilicata,559084,8429,1.51,0.32
398,2021-05-30,BAS,2776,1420,1356,919,1852,5,ITF,ITF5,17,Basilicata,Basilicata,559084,11205,2.0,0.5
399,2021-04-03,BAS,1809,750,1059,1461,336,12,ITF,ITF5,17,Basilicata,Basilicata,559084,13014,2.33,0.32
400,2021-02-05,BAS,990,445,545,63,926,1,ITF,ITF5,17,Basilicata,Basilicata,559084,14004,2.5,0.18
401,2021-07-12,BAS,5443,2594,2849,1606,3811,26,ITF,ITF5,17,Basilicata,Basilicata,559084,19447,3.48,0.97
402,2021-01-10,BAS,77,24,53,77,0,0,ITF,ITF5,17,Basilicata,Basilicata,559084,19524,3.49,0.01
403,2021-04-20,BAS,4067,1935,2132,2180,1863,24,ITF,ITF5,17,Basilicata,Basilicata,559084,23591,4.22,0.73
404,2021-01-08,BAS,554,219,335,554,0,0,ITF,ITF5,17,Basilicata,Basilicata,559084,24145,4.32,0.1
405,2021-03-15,BAS,2362,987,1375,508,1838,16,ITF,ITF5,17,Basilicata,Basilicata,559084,26507,4.74,0.42
406,2021-01-17,BAS,329,133,196,328,1,0,ITF,ITF5,17,Basilicata,Basilicata,559084,26836,4.8,0.06
407,2021-01-15,BAS,817,352,465,817,0,0,ITF,ITF5,17,Basilicata,Basilicata,559084,27653,4.95,0.15
408,2020-12-27,BAS,106,41,65,106,0,0,ITF,ITF5,17,Basilicata,Basilicata,559084,27759,4.97,0.02
409,2021-03-20,BAS,1294,573,721,274,1013,7,ITF,ITF5,17,Basilicata,Basilicata,559084,29053,5.2,0.23
410,2021-06-28,BAS,3640,1745,1895,2113,1509,18,ITF,ITF5,17,Basilicata,Basilicata,559084,32693,5.85,0.65
411,2021-03-06,BAS,1362,539,823,750,600,12,ITF,ITF5,17,Basilicata,Basilicata,559084,34055,6.09,0.24
412,2021-01-22,BAS,67,24,43,67,0,0,ITF,ITF5,17,Basilicata,Basilicata,559084,34122,6.1,0.01
413,2021-05-02,BAS,4181,2001,2180,3492,629,60,ITF,ITF5,17,Basilicata,Basilicata,559084,38303,6.85,0.75
414,2021-04-15,BAS,3386,1659,1727,2589,754,43,ITF,ITF5,17,Basilicata,Basilicata,559084,41689,7.46,0.61
415,2021-05-04,BAS,4138,1991,2147,3566,523,49,ITF,ITF5,17,Basilicata,Basilicata,559084,45827,8.2,0.74
416,2021-03-08,BAS,1463,715,748,818,615,30,ITF,ITF5,17,Basilicata,Basilicata,559084,47290,8.46,0.26
417,2021-06-16,BAS,4598,2083,2515,2122,2456,20,ITF,ITF5,17,Basilicata,Basilicata,559084,51888,9.28,0.82
418,2021-03-25,BAS,1884,604,1280,1519,344,21,ITF,ITF5,17,Basilicata,Basilicata,559084,53772,9.62,0.34
419,2021-01-27,BAS,413,175,238,113,300,0,ITF,ITF5,17,Basilicata,Basilicata,559084,54185,9.69,0.07
420,2021-02-10,BAS,549,238,311,495,52,2,ITF,ITF5,17,Basilicata,Basilicata,559084,54734,9.79,0.1
421,2021-05-21,BAS,4577,2321,2256,1480,3085,12,ITF,ITF5,17,Basilicata,Basilicata,559084,59311,10.61,0.82
422,2021-04-01,BAS,2722,1115,1607,1971,723,28,ITF,ITF5,17,Basilicata,Basilicata,559084,62033,11.1,0.49
423,2021-02-03,BAS,671,301,370,32,639,0,ITF,ITF5,17,Basilicata,Basilicata,559084,62704,11.22,0.12
424,2021-04-08,BAS,767,352,415,742,10,15,ITF,ITF5,17,Basilicata,Basilicata,559084,63471,11.35,0.14
425,2021-04-22,BAS,5044,2349,2695,3379,1610,55,ITF,ITF5,17,Basilicata,Basilicata,559084,68515,12.25,0.9
426,2021-06-30,BAS,3453,1669,1784,2315,1112,26,ITF,ITF5,17,Basilicata,Basilicata,559084,71968,12.87,0.62
427,2021-02-17,BAS,1135,493,642,1057,76,2,ITF,ITF5,17,Basilicata,Basilicata,559084,73103,13.08,0.2
428,2021-05-28,BAS,3615,1810,1805,919,2663,33,ITF,ITF5,17,Basilicata,Basilicata,559084,76718,13.72,0.65
429,2021-05-16,BAS,4972,2468,2504,2811,2113,48,ITF,ITF5,17,Basilicata,Basilicata,559084,81690,14.61,0.89
430,2021-05-23,BAS,4518,2302,2216,1527,2984,7,ITF,ITF5,17,Basilicata,Basilicata,559084,86208,15.42,0.81
431,2021-03-27,BAS,2253,864,1389,1808,431,14,ITF,ITF5,17,Basilicata,Basilicata,559084,88461,15.82,0.4
432,2021-07-05,BAS,3269,1614,1655,2214,1022,33,ITF,ITF5,17,Basilicata,Basilicata,559084,91730,16.41,0.58
433,2021-06-23,BAS,3290,1549,1741,2382,876,32,ITF,ITF5,17,Basilicata,Basilicata,559084,95020,17.0,0.59
434,2021-03-13,BAS,1799,890,909,735,1045,19,ITF,ITF5,17,Basilicata,Basilicata,559084,96819,17.32,0.32
435,2021-02-07,BAS,377,159,218,49,328,0,ITF,ITF5,17,Basilicata,Basilicata,559084,97196,17.38,0.07
436,2021-05-18,BAS,5897,2857,3040,3385,2492,20,ITF,ITF5,17,Basilicata,Basilicata,559084,103093,18.44,1.05
437,2021-05-01,BAS,4706,2138,2568,3887,752,67,ITF,ITF5,17,Basilicata,Basilicata,559084,107799,19.28,0.84
438,2021-04-27,BAS,4727,2242,2485,4351,325,51,ITF,ITF5,17,Basilicata,Basilicata,559084,112526,20.13,0.85
439,2021-06-27,BAS,3007,1477,1530,2378,615,14,ITF,ITF5,17,Basilicata,Basilicata,559084,115533,20.66,0.54
440,2021-05-09,BAS,4683,2339,2344,2940,1694,49,ITF,ITF5,17,Basilicata,Basilicata,559084,120216,21.5,0.84
441,2021-02-15,BAS,622,232,390,566,42,14,ITF,ITF5,17,Basilicata,Basilicata,559084,120838,21.61,0.11
442,2021-01-29,BAS,617,231,386,63,554,0,ITF,ITF5,17,Basilicata,Basilicata,559084,121455,21.72,0.11
443,2021-03-05,BAS,1857,858,999,1096,748,13,ITF,ITF5,17,Basilicata,Basilicata,559084,123312,22.06,0.33
444,2021-06-13,BAS,3017,1441,1576,2681,308,28,ITF,ITF5,17,Basilicata,Basilicata,559084,126329,22.6,0.54
445,2021-07-07,BAS,5208,2474,2734,2022,3174,12,ITF,ITF5,17,Basilicata,Basilicata,559084,131537,23.53,0.93
446,2021-01-03,BAS,901,344,557,901,0,0,ITF,ITF5,17,Basilicata,Basilicata,559084,132438,23.69,0.16
447,2021-06-09,BAS,4429,2074,2355,3973,424,32,ITF,ITF5,17,Basilicata,Basilicata,559084,136867,24.48,0.79
448,2021-04-13,BAS,2119,1053,1066,1285,817,17,ITF,ITF5,17,Basilicata,Basilicata,559084,138986,24.86,0.38
449,2021-03-01,BAS,550,286,264,383,167,0,ITF,ITF5,17,Basilicata,Basilicata,559084,139536,24.96,0.1
450,2021-06-18,BAS,4463,2065,2398,2179,2258,26,ITF,ITF5,17,Basilicata,Basilicata,559084,143999,25.76,0.8
451,2021-01-24,BAS,842,305,537,57,784,1,ITF,ITF5,17,Basilicata,Basilicata,559084,144841,25.91,0.15
452,2021-05-13,BAS,5986,2968,3018,3300,2596,90,ITF,ITF5,17,Basilicata,Basilicata,559084,150827,26.98,1.07
453,2021-06-11,BAS,4237,1982,2255,3168,1028,41,ITF,ITF5,17,Basilicata,Basilicata,559084,155064,27.74,0.76
454,2021-05-11,BAS,2654,1354,1300,1596,1033,25,ITF,ITF5,17,Basilicata,Basilicata,559084,157718,28.21,0.47
455,2021-07-14,BAS,5661,2727,2934,1628,4008,25,ITF,ITF5,17,Basilicata,Basilicata,559084,163379,29.22,1.01
456,2021-04-05,BAS,724,233,491,412,302,10,ITF,ITF5,17,Basilicata,Basilicata,559084,164103,29.35,0.13
457,2021-06-01,BAS,6136,2926,3210,3033,3076,27,ITF,ITF5,17,Basilicata,Basilicata,559084,170239,30.45,1.1
458,2021-06-08,BAS,4585,2194,2391,4190,357,38,ITF,ITF5,17,Basilicata,Basilicata,559084,174824,31.27,0.82
459,2021-01-07,BAS,641,319,322,641,0,0,ITF,ITF5,17,Basilicata,Basilicata,559084,175465,31.38,0.11
460,2021-02-19,BAS,1623,738,885,1556,62,5,ITF,ITF5,17,Basilicata,Basilicata,559084,177088,31.67,0.29
461,2021-02-12,BAS,777,332,445,744,32,1,ITF,ITF5,17,Basilicata,Basilicata,559084,177865,31.81,0.14
462,2021-02-26,BAS,2151,904,1247,2064,81,6,ITF,ITF5,17,Basilicata,Basilicata,559084,180016,32.2,0.38
463,2021-05-20,BAS,5878,2977,2901,2883,2967,28,ITF,ITF5,17,Basilicata,Basilicata,559084,185894,33.25,1.05
464,2021-06-06,BAS,4513,2074,2439,3696,779,38,ITF,ITF5,17,Basilicata,Basilicata,559084,190407,34.06,0.81
465,2021-04-29,BAS,4832,2385,2447,4339,421,72,ITF,ITF5,17,Basilicata,Basilicata,559084,195239,34.92,0.86
466,2021-03-17,BAS,1456,611,845,24,1428,4,ITF,ITF5,17,Basilicata,Basilicata,559084,196695,35.18,0.26
467,2021-01-19,BAS,199,84,115,199,0,0,ITF,ITF5,17,Basilicata,Basilicata,559084,196894,35.22,0.04
468,2021-06-25,BAS,3317,1572,1745,2453,831,33,ITF,ITF5,17,Basilicata,Basilicata,559084,200211,35.81,0.59
469,2021-07-04,BAS,3109,1562,1547,2163,921,25,ITF,ITF5,17,Basilicata,Basilicata,559084,203320,36.37,0.56
470,2021-03-24,BAS,1899,724,1175,1479,398,22,ITF,ITF5,17,Basilicata,Basilicata,559084,205219,36.71,0.34
471,2021-07-02,BAS,3690,1838,1852,2485,1176,29,ITF,ITF5,17,Basilicata,Basilicata,559084,208909,37.37,0.66
472,2021-05-27,BAS,3606,1858,1748,1063,2529,14,ITF,ITF5,17,Basilicata,Basilicata,559084,212515,38.01,0.64
473,2021-04-24,BAS,4543,2197,2346,3475,1013,55,ITF,ITF5,17,Basilicata,Basilicata,559084,217058,38.82,0.81
474,2021-07-09,BAS,5346,2612,2734,1699,3638,9,ITF,ITF5,17,Basilicata,Basilicata,559084,222404,39.78,0.96
475,2021-04-17,BAS,3461,1655,1806,2171,1262,28,ITF,ITF5,17,Basilicata,Basilicata,559084,225865,40.4,0.62
476,2021-03-29,BAS,2470,892,1578,2132,287,51,ITF,ITF5,17,Basilicata,Basilicata,559084,228335,40.84,0.44
477,2021-01-05,BAS,946,409,537,946,0,0,ITF,ITF5,17,Basilicata,Basilicata,559084,229281,41.01,0.17
478,2021-06-20,BAS,4011,1884,2127,1941,2036,34,ITF,ITF5,17,Basilicata,Basilicata,559084,233292,41.73,0.72
479,2021-05-08,BAS,4835,2400,2435,3385,1408,42,ITF,ITF5,17,Basilicata,Basilicata,559084,238127,42.59,0.86
480,2021-03-10,BAS,1681,843,838,833,839,9,ITF,ITF5,17,Basilicata,Basilicata,559084,239808,42.89,0.3
481,2021-01-26,BAS,803,355,448,101,702,0,ITF,ITF5,17,Basilicata,Basilicata,559084,240611,43.04,0.14
482,2021-05-06,BAS,5066,2439,2627,3431,1584,51,ITF,ITF5,17,Basilicata,Basilicata,559084,245677,43.94,0.91
483,2021-04-10,BAS,1033,378,655,924,83,26,ITF,ITF5,17,Basilicata,Basilicata,559084,246710,44.13,0.18
484,2021-06-24,BAS,4127,1954,2173,2187,1903,37,ITF,ITF5,17,Basilicata,Basilicata,559084,250837,44.87,0.74
485,2021-04-28,BAS,4706,2158,2548,4206,441,59,ITF,ITF5,17,Basilicata,Basilicata,559084,255543,45.71,0.84
486,2021-03-02,BAS,800,387,413,659,136,5,ITF,ITF5,17,Basilicata,Basilicata,559084,256343,45.85,0.14
487,2021-06-10,BAS,4349,2103,2246,3872,441,36,ITF,ITF5,17,Basilicata,Basilicata,559084,260692,46.63,0.78
488,2021-04-14,BAS,2043,1001,1042,1353,674,16,ITF,ITF5,17,Basilicata,Basilicata,559084,262735,46.99,0.37
489,2021-01-21,BAS,30,10,20,30,0,0,ITF,ITF5,17,Basilicata,Basilicata,559084,262765,47.0,0.01
490,2021-01-04,BAS,608,271,337,608,0,0,ITF,ITF5,17,Basilicata,Basilicata,559084,263373,47.11,0.11
491,2021-07-06,BAS,4072,1942,2130,2033,2005,34,ITF,ITF5,17,Basilicata,Basilicata,559084,267445,47.84,0.73
492,2021-02-11,BAS,952,401,551,867,83,2,ITF,ITF5,17,Basilicata,Basilicata,559084,268397,48.01,0.17
493,2021-05-22,BAS,5489,2723,2766,1927,3551,11,ITF,ITF5,17,Basilicata,Basilicata,559084,273886,48.99,0.98
494,2021-03-26,BAS,1955,703,1252,1669,260,26,ITF,ITF5,17,Basilicata,Basilicata,559084,275841,49.34,0.35
495,2021-03-14,BAS,1010,477,533,529,469,12,ITF,ITF5,17,Basilicata,Basilicata,559084,276851,49.52,0.18
496,2021-03-31,BAS,3100,1261,1839,2288,782,30,ITF,ITF5,17,Basilicata,Basilicata,559084,279951,50.07,0.55
497,2021-06-22,BAS,4364,2067,2297,2230,2102,32,ITF,ITF5,17,Basilicata,Basilicata,559084,284315,50.85,0.78
498,2021-06-05,BAS,4801,2210,2591,3825,941,35,ITF,ITF5,17,Basilicata,Basilicata,559084,289116,51.71,0.86
499,2021-03-19,BAS,2296,995,1301,259,2030,7,ITF,ITF5,17,Basilicata,Basilicata,559084,291412,52.12,0.41
500,2021-02-16,BAS,907,377,530,790,98,19,ITF,ITF5,17,Basilicata,Basilicata,559084,292319,52.29,0.16
501,2021-01-28,BAS,907,402,505,119,788,0,ITF,ITF5,17,Basilicata,Basilicata,559084,293226,52.45,0.16
502,2021-01-14,BAS,969,413,556,969,0,0,ITF,ITF5,17,Basilicata,Basilicata,559084,294195,52.62,0.17
503,2021-04-07,BAS,1213,552,661,1157,36,20,ITF,ITF5,17,Basilicata,Basilicata,559084,295408,52.84,0.22
504,2021-04-25,BAS,2988,1457,1531,2904,52,32,ITF,ITF5,17,Basilicata,Basilicata,559084,298396,53.37,0.53
505,2021-05-12,BAS,4724,2327,2397,2794,1882,48,ITF,ITF5,17,Basilicata,Basilicata,559084,303120,54.22,0.84
506,2021-06-17,BAS,4440,2044,2396,2089,2327,24,ITF,ITF5,17,Basilicata,Basilicata,559084,307560,55.01,0.79
507,2021-04-21,BAS,3927,1835,2092,2243,1655,29,ITF,ITF5,17,Basilicata,Basilicata,559084,311487,55.71,0.7
508,2021-04-12,BAS,2171,1052,1119,1654,488,29,ITF,ITF5,17,Basilicata,Basilicata,559084,313658,56.1,0.39
509,2021-04-19,BAS,4166,1913,2253,2398,1638,130,ITF,ITF5,17,Basilicata,Basilicata,559084,317824,56.85,0.75
510,2021-06-15,BAS,3219,1415,1804,2224,975,20,ITF,ITF5,17,Basilicata,Basilicata,559084,321043,57.42,0.58
511,2021-01-23,BAS,724,308,416,33,691,0,ITF,ITF5,17,Basilicata,Basilicata,559084,321767,57.55,0.13
512,2021-05-03,BAS,4510,2042,2468,3621,827,62,ITF,ITF5,17,Basilicata,Basilicata,559084,326277,58.36,0.81
513,2021-02-09,BAS,491,213,278,316,175,0,ITF,ITF5,17,Basilicata,Basilicata,559084,326768,58.45,0.09
514,2021-06-21,BAS,4253,2042,2211,2142,2092,19,ITF,ITF5,17,Basilicata,Basilicata,559084,331021,59.21,0.76
515,2021-06-19,BAS,4465,2178,2287,2370,2073,22,ITF,ITF5,17,Basilicata,Basilicata,559084,335486,60.01,0.8
516,2021-03-28,BAS,2143,743,1400,2109,17,17,ITF,ITF5,17,Basilicata,Basilicata,559084,337629,60.39,0.38
517,2021-05-15,BAS,6529,3344,3185,3875,2571,83,ITF,ITF5,17,Basilicata,Basilicata,559084,344158,61.56,1.17
518,2021-04-02,BAS,2340,1056,1284,1714,605,21,ITF,ITF5,17,Basilicata,Basilicata,559084,346498,61.98,0.42
519,2021-02-04,BAS,1099,443,656,63,1036,0,ITF,ITF5,17,Basilicata,Basilicata,559084,347597,62.17,0.2
520,2021-07-11,BAS,5032,2405,2627,1510,3497,25,ITF,ITF5,17,Basilicata,Basilicata,559084,352629,63.07,0.9
521,2021-02-02,BAS,367,143,224,174,192,1,ITF,ITF5,17,Basilicata,Basilicata,559084,352996,63.14,0.07
522,2021-04-09,BAS,1151,350,801,1064,63,24,ITF,ITF5,17,Basilicata,Basilicata,559084,354147,63.34,0.21
523,2021-07-13,BAS,5859,2825,3034,1774,4037,48,ITF,ITF5,17,Basilicata,Basilicata,559084,360006,64.39,1.05
524,2021-02-27,BAS,1993,861,1132,1812,164,17,ITF,ITF5,17,Basilicata,Basilicata,559084,361999,64.75,0.36
525,2021-06-07,BAS,4238,1920,2318,3885,315,38,ITF,ITF5,17,Basilicata,Basilicata,559084,366237,65.51,0.76
526,2021-04-11,BAS,880,344,536,757,94,29,ITF,ITF5,17,Basilicata,Basilicata,559084,367117,65.66,0.16
527,2021-07-15,BAS,3419,1653,1766,874,2536,9,ITF,ITF5,17,Basilicata,Basilicata,559084,370536,66.28,0.61
528,2021-04-06,BAS,1274,465,809,1075,184,15,ITF,ITF5,17,Basilicata,Basilicata,559084,371810,66.5,0.23
529,2021-06-14,BAS,4825,2156,2669,2092,2709,24,ITF,ITF5,17,Basilicata,Basilicata,559084,376635,67.37,0.86
530,2021-03-23,BAS,1592,611,981,1407,168,17,ITF,ITF5,17,Basilicata,Basilicata,559084,378227,67.65,0.28
531,2021-07-01,BAS,3706,1855,1851,2563,1110,33,ITF,ITF5,17,Basilicata,Basilicata,559084,381933,68.31,0.66
532,2021-02-23,BAS,1902,771,1131,1746,139,17,ITF,ITF5,17,Basilicata,Basilicata,559084,383835,68.65,0.34
533,2021-06-03,BAS,4921,2258,2663,3703,1180,38,ITF,ITF5,17,Basilicata,Basilicata,559084,388756,69.53,0.88
534,2021-03-12,BAS,1908,981,927,780,1102,26,ITF,ITF5,17,Basilicata,Basilicata,559084,390664,69.88,0.34
535,2021-05-17,BAS,5542,2734,2808,3360,2133,49,ITF,ITF5,17,Basilicata,Basilicata,559084,396206,70.87,0.99
536,2021-01-18,BAS,463,157,306,364,99,0,ITF,ITF5,17,Basilicata,Basilicata,559084,396669,70.95,0.08
537,2021-03-16,BAS,1910,804,1106,226,1681,3,ITF,ITF5,17,Basilicata,Basilicata,559084,398579,71.29,0.34
538,2021-05-05,BAS,4334,2048,2286,3378,890,66,ITF,ITF5,17,Basilicata,Basilicata,559084,402913,72.07,0.78
539,2021-03-09,BAS,1405,717,688,779,608,18,ITF,ITF5,17,Basilicata,Basilicata,559084,404318,72.32,0.25
540,2021-01-25,BAS,1027,430,597,73,953,1,ITF,ITF5,17,Basilicata,Basilicata,559084,405345,72.5,0.18
541,2021-01-11,BAS,183,66,117,183,0,0,ITF,ITF5,17,Basilicata,Basilicata,559084,405528,72.53,0.03
542,2021-02-01,BAS,243,91,152,46,197,0,ITF,ITF5,17,Basilicata,Basilicata,559084,405771,72.58,0.04
543,2021-05-26,BAS,4488,2259,2229,1677,2782,29,ITF,ITF5,17,Basilicata,Basilicata,559084,410259,73.38,0.8
544,2021-03-11,BAS,1794,928,866,817,959,18,ITF,ITF5,17,Basilicata,Basilicata,559084,412053,73.7,0.32
545,2021-04-04,BAS,610,225,385,191,413,6,ITF,ITF5,17,Basilicata,Basilicata,559084,412663,73.81,0.11
546,2021-02-13,BAS,800,314,486,701,61,38,ITF,ITF5,17,Basilicata,Basilicata,559084,413463,73.95,0.14
547,2021-05-24,BAS,4833,2343,2490,1090,3730,13,ITF,ITF5,17,Basilicata,Basilicata,559084,418296,74.82,0.86
548,2021-06-02,BAS,5959,2804,3155,4375,1543,41,ITF,ITF5,17,Basilicata,Basilicata,559084,424255,75.88,1.07
549,2021-04-18,BAS,3717,1843,1874,2329,1366,22,ITF,ITF5,17,Basilicata,Basilicata,559084,427972,76.55,0.66
550,2021-02-20,BAS,1163,532,631,1044,119,0,ITF,ITF5,17,Basilicata,Basilicata,559084,429135,76.76,0.21
551,2021-05-31,BAS,4229,2009,2220,1713,2508,8,ITF,ITF5,17,Basilicata,Basilicata,559084,433364,77.51,0.76
552,2021-02-18,BAS,1070,401,669,852,215,3,ITF,ITF5,17,Basilicata,Basilicata,559084,434434,77.7,0.19
553,2021-02-08,BAS,558,193,365,151,407,0,ITF,ITF5,17,Basilicata,Basilicata,559084,434992,77.8,0.1
554,2021-05-19,BAS,2873,1500,1373,1184,1676,13,ITF,ITF5,17,Basilicata,Basilicata,559084,437865,78.32,0.51
555,2021-02-25,BAS,1789,738,1051,1732,46,11,ITF,ITF5,17,Basilicata,Basilicata,559084,439654,78.64,0.32
556,2021-02-06,BAS,907,370,537,146,761,0,ITF,ITF5,17,Basilicata,Basilicata,559084,440561,78.8,0.16
557,2021-04-30,BAS,5285,2375,2910,4066,1162,57,ITF,ITF5,17,Basilicata,Basilicata,559084,445846,79.75,0.95
558,2021-01-20,BAS,84,22,62,84,0,0,ITF,ITF5,17,Basilicata,Basilicata,559084,445930,79.76,0.02
559,2021-02-28,BAS,810,346,464,771,35,4,ITF,ITF5,17,Basilicata,Basilicata,559084,446740,79.91,0.14
560,2021-01-02,BAS,950,381,569,949,0,1,ITF,ITF5,17,Basilicata,Basilicata,559084,447690,80.08,0.17
561,2021-01-16,BAS,722,304,418,722,0,0,ITF,ITF5,17,Basilicata,Basilicata,559084,448412,80.2,0.13
562,2021-04-26,BAS,4467,2165,2302,4200,221,46,ITF,ITF5,17,Basilicata,Basilicata,559084,452879,81.0,0.8
563,2021-03-30,BAS,2775,1169,1606,2414,346,15,ITF,ITF5,17,Basilicata,Basilicata,559084,455654,81.5,0.5
564,2021-07-08,BAS,5137,2429,2708,1854,3259,24,ITF,ITF5,17,Basilicata,Basilicata,559084,460791,82.42,0.92
565,2021-01-06,BAS,294,129,165,294,0,0,ITF,ITF5,17,Basilicata,Basilicata,559084,461085,82.47,0.05
566,2021-04-16,BAS,3321,1634,1687,2400,898,23,ITF,ITF5,17,Basilicata,Basilicata,559084,464406,83.07,0.59
567,2021-02-21,BAS,284,113,171,284,0,0,ITF,ITF5,17,Basilicata,Basilicata,559084,464690,83.12,0.05
568,2021-03-07,BAS,890,309,581,842,38,10,ITF,ITF5,17,Basilicata,Basilicata,559084,465580,83.28,0.16
569,2021-01-09,BAS,557,160,397,557,0,0,ITF,ITF5,17,Basilicata,Basilicata,559084,466137,83.38,0.1
570,2021-07-03,BAS,3945,2102,1843,2757,1145,43,ITF,ITF5,17,Basilicata,Basilicata,559084,470082,84.08,0.71
571,2021-05-07,BAS,4649,2284,2365,3271,1354,24,ITF,ITF5,17,Basilicata,Basilicata,559084,474731,84.91,0.83
572,2021-07-10,BAS,5559,2683,2876,1598,3952,9,ITF,ITF5,17,Basilicata,Basilicata,559084,480290,85.91,0.99
573,2021-05-14,BAS,5907,2799,3108,3273,2531,103,ITF,ITF5,17,Basilicata,Basilicata,559084,486197,86.96,1.06
574,2021-03-18,BAS,1353,565,788,17,1327,9,ITF,ITF5,17,Basilicata,Basilicata,559084,487550,87.21,0.24
575,2021-06-26,BAS,3328,1612,1716,2742,558,28,ITF,ITF5,17,Basilicata,Basilicata,559084,490878,87.8,0.6
576,2021-03-22,BAS,1190,537,653,634,548,8,ITF,ITF5,17,Basilicata,Basilicata,559084,492068,88.01,0.21
577,2021-03-03,BAS,1748,818,930,1167,559,22,ITF,ITF5,17,Basilicata,Basilicata,559084,493816,88.33,0.31
578,2021-05-25,BAS,4198,2113,2085,866,3322,10,ITF,ITF5,17,Basilicata,Basilicata,559084,498014,89.08,0.75
579,2021-02-14,BAS,151,48,103,105,0,46,ITF,ITF5,17,Basilicata,Basilicata,559084,498165,89.1,0.03
580,2021-01-31,BAS,77,24,53,0,77,0,ITF,ITF5,17,Basilicata,Basilicata,559084,498242,89.12,0.01
581,2021-01-12,BAS,217,88,129,217,0,0,ITF,ITF5,17,Basilicata,Basilicata,559084,498459,89.16,0.04
582,2021-05-10,BAS,4804,2382,2422,2718,2042,44,ITF,ITF5,17,Basilicata,Basilicata,559084,503263,90.02,0.86
583,2021-06-29,BAS,3866,1886,1980,2801,1039,26,ITF,ITF5,17,Basilicata,Basilicata,559084,507129,90.71,0.69
584,2021-03-21,BAS,1090,503,587,392,696,2,ITF,ITF5,17,Basilicata,Basilicata,559084,508219,90.9,0.19
585,2021-05-29,BAS,3060,1534,1526,826,2225,9,ITF,ITF5,17,Basilicata,Basilicata,559084,511279,91.45,0.55
586,2021-01-13,BAS,916,387,529,916,0,0,ITF,ITF5,17,Basilicata,Basilicata,559084,512195,91.61,0.16
587,2021-04-23,BAS,4537,2186,2351,3481,997,59,ITF,ITF5,17,Basilicata,Basilicata,559084,516732,92.42,0.81
588,2021-01-30,BAS,706,229,477,129,577,0,ITF,ITF5,17,Basilicata,Basilicata,559084,517438,92.55,0.13
589,2021-03-04,BAS,1886,893,993,1064,799,23,ITF,ITF5,17,Basilicata,Basilicata,559084,519324,92.89,0.34
590,2021-06-12,BAS,3672,1687,1985,2957,676,39,ITF,ITF5,17,Basilicata,Basilicata,559084,522996,93.55,0.66
591,2021-02-22,ABR,2643,1174,1469,2588,30,25,ITF,ITF1,13,Abruzzo,Abruzzo,1304970,2643,0.2,0.2
592,2021-02-05,ABR,1534,521,1013,772,746,16,ITF,ITF1,13,Abruzzo,Abruzzo,1304970,4177,0.32,0.12
593,2021-05-16,ABR,9576,4136,5440,5646,3813,117,ITF,ITF1,13,Abruzzo,Abruzzo,1304970,13753,1.05,0.73
594,2021-06-04,ABR,15637,7392,8245,10758,4693,186,ITF,ITF1,13,Abruzzo,Abruzzo,1304970,29390,2.25,1.2
595,2021-05-18,ABR,12110,5660,6450,7562,4380,168,ITF,ITF1,13,Abruzzo,Abruzzo,1304970,41500,3.18,0.93
596,2021-02-24,ABR,3305,1441,1864,3112,176,17,ITF,ITF1,13,Abruzzo,Abruzzo,1304970,44805,3.43,0.25
597,2021-05-30,ABR,8659,4110,4549,5326,3253,80,ITF,ITF1,13,Abruzzo,Abruzzo,1304970,53464,4.1,0.66
598,2021-04-03,ABR,5160,2257,2903,3484,1597,79,ITF,ITF1,13,Abruzzo,Abruzzo,1304970,58624,4.49,0.4
599,2021-07-12,ABR,15115,7476,7639,2402,12598,115,ITF,ITF1,13,Abruzzo,Abruzzo,1304970,73739,5.65,1.16
600,2021-01-10,ABR,1139,409,730,1135,0,4,ITF,ITF1,13,Abruzzo,Abruzzo,1304970,74878,5.74,0.09
601,2021-04-29,ABR,12673,5851,6822,9277,3094,302,ITF,ITF1,13,Abruzzo,Abruzzo,1304970,87551,6.71,0.97
602,2021-06-25,ABR,11053,5474,5579,4901,6010,142,ITF,ITF1,13,Abruzzo,Abruzzo,1304970,98604,7.56,0.85
603,2021-01-15,ABR,379,149,230,365,0,14,ITF,ITF1,13,Abruzzo,Abruzzo,1304970,98983,7.59,0.03
604,2021-04-27,ABR,9085,4368,4717,6506,2468,111,ITF,ITF1,13,Abruzzo,Abruzzo,1304970,108068,8.28,0.7
605,2021-07-02,ABR,11836,5946,5890,4831,6823,182,ITF,ITF1,13,Abruzzo,Abruzzo,1304970,119904,9.19,0.91
606,2020-12-27,ABR,37,19,18,37,0,0,ITF,ITF1,13,Abruzzo,Abruzzo,1304970,119941,9.19,0.0
607,2021-03-20,ABR,4793,2199,2594,2560,2171,62,ITF,ITF1,13,Abruzzo,Abruzzo,1304970,124734,9.56,0.37
608,2021-06-13,ABR,9848,4924,4924,7849,1833,166,ITF,ITF1,13,Abruzzo,Abruzzo,1304970,134582,10.31,0.75
609,2021-01-22,ABR,118,57,61,118,0,0,ITF,ITF1,13,Abruzzo,Abruzzo,1304970,134700,10.32,0.01
610,2021-01-03,ABR,471,185,286,469,0,2,ITF,ITF1,13,Abruzzo,Abruzzo,1304970,135171,10.36,0.04
611,2021-05-04,ABR,10861,5100,5761,7055,3616,190,ITF,ITF1,13,Abruzzo,Abruzzo,1304970,146032,11.19,0.83
612,2021-03-08,ABR,5151,1693,3458,4090,970,91,ITF,ITF1,13,Abruzzo,Abruzzo,1304970,151183,11.59,0.39
613,2021-01-24,ABR,50,22,28,6,44,0,ITF,ITF1,13,Abruzzo,Abruzzo,1304970,151233,11.59,0.0
614,2021-03-01,ABR,3478,1385,2093,2704,751,23,ITF,ITF1,13,Abruzzo,Abruzzo,1304970,154711,11.86,0.27
615,2021-06-18,ABR,10170,4993,5177,6542,3486,142,ITF,ITF1,13,Abruzzo,Abruzzo,1304970,164881,12.63,0.78
616,2021-02-10,ABR,947,312,635,493,444,10,ITF,ITF1,13,Abruzzo,Abruzzo,1304970,165828,12.71,0.07
617,2021-03-03,ABR,4632,1891,2741,3703,906,23,ITF,ITF1,13,Abruzzo,Abruzzo,1304970,170460,13.06,0.35
618,2021-07-14,ABR,13753,6808,6945,2441,11160,152,ITF,ITF1,13,Abruzzo,Abruzzo,1304970,184213,14.12,1.05
619,2021-04-08,ABR,7395,3338,4057,4934,2330,131,ITF,ITF1,13,Abruzzo,Abruzzo,1304970,191608,14.68,0.57
620,2021-04-22,ABR,6732,3250,3482,4829,1729,174,ITF,ITF1,13,Abruzzo,Abruzzo,1304970,198340,15.2,0.52
621,2021-03-22,ABR,4344,1908,2436,2312,1971,61,ITF,ITF1,13,Abruzzo,Abruzzo,1304970,202684,15.53,0.33
622,2021-06-30,ABR,11085,5394,5691,4445,6475,165,ITF,ITF1,13,Abruzzo,Abruzzo,1304970,213769,16.38,0.85
623,2021-02-12,ABR,1228,567,661,1026,189,13,ITF,ITF1,13,Abruzzo,Abruzzo,1304970,214997,16.48,0.09
624,2021-05-23,ABR,9881,4696,5185,7068,2692,121,ITF,ITF1,13,Abruzzo,Abruzzo,1304970,224878,17.23,0.76
625,2021-06-06,ABR,11148,5307,5841,8778,2241,129,ITF,ITF1,13,Abruzzo,Abruzzo,1304970,236026,18.09,0.85
626,2021-04-10,ABR,8774,4057,4717,6127,2508,139,ITF,ITF1,13,Abruzzo,Abruzzo,1304970,244800,18.76,0.67
627,2021-01-19,ABR,111,55,56,90,20,1,ITF,ITF1,13,Abruzzo,Abruzzo,1304970,244911,18.77,0.01
628,2021-02-07,ABR,779,308,471,200,578,1,ITF,ITF1,13,Abruzzo,Abruzzo,1304970,245690,18.83,0.06
629,2021-03-15,ABR,3683,1447,2236,1845,1807,31,ITF,ITF1,13,Abruzzo,Abruzzo,1304970,249373,19.11,0.28
630,2021-01-17,ABR,188,59,129,180,7,1,ITF,ITF1,13,Abruzzo,Abruzzo,1304970,249561,19.12,0.01
631,2021-06-23,ABR,11013,5284,5729,5584,5284,145,ITF,ITF1,13,Abruzzo,Abruzzo,1304970,260574,19.97,0.84
632,2021-03-17,ABR,4539,1873,2666,2776,1740,23,ITF,ITF1,13,Abruzzo,Abruzzo,1304970,265113,20.32,0.35
633,2021-01-29,ABR,1387,449,938,73,1313,1,ITF,ITF1,13,Abruzzo,Abruzzo,1304970,266500,20.42,0.11
634,2021-05-27,ABR,13310,6094,7216,8316,4820,174,ITF,ITF1,13,Abruzzo,Abruzzo,1304970,279810,21.44,1.02
635,2021-03-19,ABR,5794,2584,3210,2733,3020,41,ITF,ITF1,13,Abruzzo,Abruzzo,1304970,285604,21.89,0.44
636,2021-03-27,ABR,6121,2620,3501,3564,2486,71,ITF,ITF1,13,Abruzzo,Abruzzo,1304970,291725,22.35,0.47
637,2021-01-05,ABR,1615,604,1011,1610,0,5,ITF,ITF1,13,Abruzzo,Abruzzo,1304970,293340,22.48,0.12
638,2021-04-15,ABR,7818,3678,4140,5833,1840,145,ITF,ITF1,13,Abruzzo,Abruzzo,1304970,301158,23.08,0.6
639,2021-07-07,ABR,12008,5887,6121,4028,7742,238,ITF,ITF1,13,Abruzzo,Abruzzo,1304970,313166,24.0,0.92
640,2021-07-09,ABR,13600,6789,6811,2894,10573,133,ITF,ITF1,13,Abruzzo,Abruzzo,1304970,326766,25.04,1.04
641,2021-06-22,ABR,10402,4875,5527,5385,4839,178,ITF,ITF1,13,Abruzzo,Abruzzo,1304970,337168,25.84,0.8
642,2021-02-02,ABR,1763,668,1095,218,1541,4,ITF,ITF1,13,Abruzzo,Abruzzo,1304970,338931,25.97,0.14
643,2021-05-13,ABR,11147,5042,6105,6960,3959,228,ITF,ITF1,13,Abruzzo,Abruzzo,1304970,350078,26.83,0.85
644,2021-03-31,ABR,6715,2939,3776,4556,2069,90,ITF,ITF1,13,Abruzzo,Abruzzo,1304970,356793,27.34,0.51
645,2021-05-15,ABR,11426,5178,6248,5947,5303,176,ITF,ITF1,13,Abruzzo,Abruzzo,1304970,368219,28.22,0.88
646,2021-07-11,ABR,9885,4972,4913,2371,7384,130,ITF,ITF1,13,Abruzzo,Abruzzo,1304970,378104,28.97,0.76
647,2021-02-17,ABR,2071,948,1123,1780,282,9,ITF,ITF1,13,Abruzzo,Abruzzo,1304970,380175,29.13,0.16
648,2021-06-11,ABR,11775,5850,5925,8831,2763,181,ITF,ITF1,13,Abruzzo,Abruzzo,1304970,391950,30.04,0.9
649,2021-05-11,ABR,10761,5118,5643,5735,4851,175,ITF,ITF1,13,Abruzzo,Abruzzo,1304970,402711,30.86,0.82
650,2021-02-03,ABR,2063,717,1346,411,1644,8,ITF,ITF1,13,Abruzzo,Abruzzo,1304970,404774,31.02,0.16
651,2021-02-28,ABR,1704,510,1194,1668,2,34,ITF,ITF1,13,Abruzzo,Abruzzo,1304970,406478,31.15,0.13
652,2021-01-02,ABR,552,220,332,551,0,1,ITF,ITF1,13,Abruzzo,Abruzzo,1304970,407030,31.19,0.04
653,2021-06-08,ABR,12868,6617,6251,10434,2198,236,ITF,ITF1,13,Abruzzo,Abruzzo,1304970,419898,32.18,0.99
654,2021-04-26,ABR,8563,4065,4498,7142,1214,207,ITF,ITF1,13,Abruzzo,Abruzzo,1304970,428461,32.83,0.66
655,2021-06-01,ABR,11005,4884,6121,6511,4374,120,ITF,ITF1,13,Abruzzo,Abruzzo,1304970,439466,33.68,0.84
656,2021-04-17,ABR,7358,3401,3957,4217,3051,90,ITF,ITF1,13,Abruzzo,Abruzzo,1304970,446824,34.24,0.56
657,2021-02-19,ABR,3300,1551,1749,3162,100,38,ITF,ITF1,13,Abruzzo,Abruzzo,1304970,450124,34.49,0.25
658,2021-01-07,ABR,1605,553,1052,1598,0,7,ITF,ITF1,13,Abruzzo,Abruzzo,1304970,451729,34.62,0.12
659,2021-01-21,ABR,157,47,110,157,0,0,ITF,ITF1,13,Abruzzo,Abruzzo,1304970,451886,34.63,0.01
660,2021-05-01,ABR,10734,5042,5692,5628,4974,132,ITF,ITF1,13,Abruzzo,Abruzzo,1304970,462620,35.45,0.82
661,2021-05-20,ABR,12803,5928,6875,7415,5262,126,ITF,ITF1,13,Abruzzo,Abruzzo,1304970,475423,36.43,0.98
662,2021-03-24,ABR,6382,2784,3598,3998,2250,134,ITF,ITF1,13,Abruzzo,Abruzzo,1304970,481805,36.92,0.49
663,2021-02-09,ABR,909,312,597,499,409,1,ITF,ITF1,13,Abruzzo,Abruzzo,1304970,482714,36.99,0.07
664,2021-07-04,ABR,8374,4215,4159,3333,4917,124,ITF,ITF1,13,Abruzzo,Abruzzo,1304970,491088,37.63,0.64
665,2021-03-05,ABR,5349,1958,3391,4593,697,59,ITF,ITF1,13,Abruzzo,Abruzzo,1304970,496437,38.04,0.41
666,2021-06-27,ABR,8373,4304,4069,5014,3218,141,ITF,ITF1,13,Abruzzo,Abruzzo,1304970,504810,38.68,0.64
667,2021-04-07,ABR,7222,3333,3889,4314,2784,124,ITF,ITF1,13,Abruzzo,Abruzzo,1304970,512032,39.24,0.55
668,2021-05-08,ABR,10291,4870,5421,6338,3832,121,ITF,ITF1,13,Abruzzo,Abruzzo,1304970,522323,40.03,0.79
669,2021-04-24,ABR,8726,3974,4752,6943,1530,253,ITF,ITF1,13,Abruzzo,Abruzzo,1304970,531049,40.69,0.67
670,2021-03-29,ABR,5708,2599,3109,3020,2639,49,ITF,ITF1,13,Abruzzo,Abruzzo,1304970,536757,41.13,0.44
671,2021-06-03,ABR,13183,6278,6905,9237,3776,170,ITF,ITF1,13,Abruzzo,Abruzzo,1304970,549940,42.14,1.01
672,2021-03-10,ABR,5048,1682,3366,4027,957,64,ITF,ITF1,13,Abruzzo,Abruzzo,1304970,554988,42.53,0.39
673,2021-01-26,ABR,1542,567,975,29,1513,0,ITF,ITF1,13,Abruzzo,Abruzzo,1304970,556530,42.65,0.12
674,2021-05-06,ABR,12974,6073,6901,7795,5026,153,ITF,ITF1,13,Abruzzo,Abruzzo,1304970,569504,43.64,0.99
675,2021-02-26,ABR,3925,1680,2245,2930,969,26,ITF,ITF1,13,Abruzzo,Abruzzo,1304970,573429,43.94,0.3
676,2021-01-18,ABR,125,51,74,46,79,0,ITF,ITF1,13,Abruzzo,Abruzzo,1304970,573554,43.95,0.01
677,2021-06-24,ABR,10821,5384,5437,5685,4969,167,ITF,ITF1,13,Abruzzo,Abruzzo,1304970,584375,44.78,0.83
678,2021-04-28,ABR,9511,4586,4925,7316,2023,172,ITF,ITF1,13,Abruzzo,Abruzzo,1304970,593886,45.51,0.73
679,2021-05-12,ABR,9630,4601,5029,5875,3581,174,ITF,ITF1,13,Abruzzo,Abruzzo,1304970,603516,46.25,0.74
680,2021-06-19,ABR,10484,5164,5320,6485,3828,171,ITF,ITF1,13,Abruzzo,Abruzzo,1304970,614000,47.05,0.8
681,2021-03-28,ABR,2418,1017,1401,1994,374,50,ITF,ITF1,13,Abruzzo,Abruzzo,1304970,616418,47.24,0.19
682,2021-07-06,ABR,9915,4940,4975,4096,5655,164,ITF,ITF1,13,Abruzzo,Abruzzo,1304970,626333,48.0,0.76
683,2021-04-14,ABR,6593,2949,3644,4341,2120,132,ITF,ITF1,13,Abruzzo,Abruzzo,1304970,632926,48.5,0.51
684,2021-01-04,ABR,1403,576,827,1397,0,6,ITF,ITF1,13,Abruzzo,Abruzzo,1304970,634329,48.61,0.11
685,2021-01-23,ABR,264,115,149,51,207,6,ITF,ITF1,13,Abruzzo,Abruzzo,1304970,634593,48.63,0.02
686,2021-05-03,ABR,11147,5256,5891,7135,3833,179,ITF,ITF1,13,Abruzzo,Abruzzo,1304970,645740,49.48,0.85
687,2021-02-11,ABR,816,262,554,771,43,2,ITF,ITF1,13,Abruzzo,Abruzzo,1304970,646556,49.55,0.06
688,2021-05-24,ABR,12220,5836,6384,8723,3338,159,ITF,ITF1,13,Abruzzo,Abruzzo,1304970,658776,50.48,0.94
689,2021-02-18,ABR,2288,933,1355,2140,130,18,ITF,ITF1,13,Abruzzo,Abruzzo,1304970,661064,50.66,0.18
690,2021-03-12,ABR,6016,1987,4029,4356,1583,77,ITF,ITF1,13,Abruzzo,Abruzzo,1304970,667080,51.12,0.46
691,2021-06-20,ABR,8442,4238,4204,5414,2928,100,ITF,ITF1,13,Abruzzo,Abruzzo,1304970,675522,51.77,0.65
692,2021-03-14,ABR,1883,731,1152,1201,666,16,ITF,ITF1,13,Abruzzo,Abruzzo,1304970,677405,51.91,0.14
693,2021-02-25,ABR,3052,1340,1712,2506,528,18,ITF,ITF1,13,Abruzzo,Abruzzo,1304970,680457,52.14,0.23
694,2021-06-05,ABR,14614,6862,7752,10372,4044,198,ITF,ITF1,13,Abruzzo,Abruzzo,1304970,695071,53.26,1.12
695,2021-01-14,ABR,530,189,341,528,0,2,ITF,ITF1,13,Abruzzo,Abruzzo,1304970,695601,53.3,0.04
696,2021-02-16,ABR,1917,842,1075,1892,12,13,ITF,ITF1,13,Abruzzo,Abruzzo,1304970,697518,53.45,0.15
697,2021-03-02,ABR,3965,1675,2290,3261,684,20,ITF,ITF1,13,Abruzzo,Abruzzo,1304970,701483,53.75,0.3
698,2021-06-10,ABR,12705,6318,6387,10307,2160,238,ITF,ITF1,13,Abruzzo,Abruzzo,1304970,714188,54.73,0.97
699,2021-01-28,ABR,1433,495,938,12,1421,0,ITF,ITF1,13,Abruzzo,Abruzzo,1304970,715621,54.84,0.11
700,2021-01-11,ABR,1553,557,996,1549,0,4,ITF,ITF1,13,Abruzzo,Abruzzo,1304970,717174,54.96,0.12
701,2021-04-21,ABR,6389,3102,3287,4638,1674,77,ITF,ITF1,13,Abruzzo,Abruzzo,1304970,723563,55.45,0.49
702,2021-07-15,ABR,6570,3246,3324,954,5559,57,ITF,ITF1,13,Abruzzo,Abruzzo,1304970,730133,55.95,0.5
703,2021-06-28,ABR,10048,4833,5215,5307,4574,167,ITF,ITF1,13,Abruzzo,Abruzzo,1304970,740181,56.72,0.77
704,2021-04-06,ABR,7677,3578,4099,5234,2318,125,ITF,ITF1,13,Abruzzo,Abruzzo,1304970,747858,57.31,0.59
705,2021-03-16,ABR,3484,1452,2032,1802,1654,28,ITF,ITF1,13,Abruzzo,Abruzzo,1304970,751342,57.58,0.27
706,2021-05-05,ABR,11629,5568,6061,6268,5203,158,ITF,ITF1,13,Abruzzo,Abruzzo,1304970,762971,58.47,0.89
707,2021-03-09,ABR,5177,1804,3373,4156,938,83,ITF,ITF1,13,Abruzzo,Abruzzo,1304970,768148,58.86,0.4
708,2021-07-01,ABR,12753,6278,6475,5770,6760,223,ITF,ITF1,13,Abruzzo,Abruzzo,1304970,780901,59.84,0.98
709,2021-06-17,ABR,10913,5456,5457,7300,3455,158,ITF,ITF1,13,Abruzzo,Abruzzo,1304970,791814,60.68,0.84
710,2021-04-19,ABR,6232,2862,3370,3790,2372,70,ITF,ITF1,13,Abruzzo,Abruzzo,1304970,798046,61.15,0.48
711,2021-02-21,ABR,1218,550,668,1193,1,24,ITF,ITF1,13,Abruzzo,Abruzzo,1304970,799264,61.25,0.09
712,2021-06-15,ABR,11316,5560,5756,8683,2427,206,ITF,ITF1,13,Abruzzo,Abruzzo,1304970,810580,62.11,0.87
713,2021-04-12,ABR,6240,2958,3282,4987,1174,79,ITF,ITF1,13,Abruzzo,Abruzzo,1304970,816820,62.59,0.48
714,2021-07-08,ABR,13489,6677,6812,3417,9909,163,ITF,ITF1,13,Abruzzo,Abruzzo,1304970,830309,63.63,1.03
715,2021-04-16,ABR,7536,3487,4049,5498,1916,122,ITF,ITF1,13,Abruzzo,Abruzzo,1304970,837845,64.2,0.58
716,2021-03-11,ABR,5494,2220,3274,4272,1138,84,ITF,ITF1,13,Abruzzo,Abruzzo,1304970,843339,64.63,0.42
717,2021-06-02,ABR,9763,4744,5019,6836,2810,117,ITF,ITF1,13,Abruzzo,Abruzzo,1304970,853102,65.37,0.75
718,2021-03-13,ABR,4127,1421,2706,3015,1043,69,ITF,ITF1,13,Abruzzo,Abruzzo,1304970,857229,65.69,0.32
719,2021-04-09,ABR,8988,4258,4730,6247,2602,139,ITF,ITF1,13,Abruzzo,Abruzzo,1304970,866217,66.38,0.69
720,2021-04-02,ABR,6693,3102,3591,5118,1487,88,ITF,ITF1,13,Abruzzo,Abruzzo,1304970,872910,66.89,0.51
721,2021-02-04,ABR,1682,616,1066,598,1072,12,ITF,ITF1,13,Abruzzo,Abruzzo,1304970,874592,67.02,0.13
722,2021-04-04,ABR,1632,768,864,1460,129,43,ITF,ITF1,13,Abruzzo,Abruzzo,1304970,876224,67.15,0.13
723,2021-07-13,ABR,15543,7756,7787,2844,12521,178,ITF,ITF1,13,Abruzzo,Abruzzo,1304970,891767,68.34,1.19
724,2021-06-16,ABR,10882,5445,5437,7994,2675,213,ITF,ITF1,13,Abruzzo,Abruzzo,1304970,902649,69.17,0.83
725,2021-02-27,ABR,2813,1339,1474,2513,267,33,ITF,ITF1,13,Abruzzo,Abruzzo,1304970,905462,69.39,0.22
726,2021-05-09,ABR,9156,4090,5066,4175,4870,111,ITF,ITF1,13,Abruzzo,Abruzzo,1304970,914618,70.09,0.7
727,2021-02-15,ABR,1795,832,963,1736,42,17,ITF,ITF1,13,Abruzzo,Abruzzo,1304970,916413,70.22,0.14
728,2021-05-26,ABR,13544,6041,7503,8390,4992,162,ITF,ITF1,13,Abruzzo,Abruzzo,1304970,929957,71.26,1.04
729,2021-06-14,ABR,10968,5427,5541,7429,3368,171,ITF,ITF1,13,Abruzzo,Abruzzo,1304970,940925,72.1,0.84
730,2021-05-17,ABR,11033,5037,5996,6024,4853,156,ITF,ITF1,13,Abruzzo,Abruzzo,1304970,951958,72.95,0.85
731,2021-02-23,ABR,2780,1273,1507,2754,11,15,ITF,ITF1,13,Abruzzo,Abruzzo,1304970,954738,73.16,0.21
732,2021-02-06,ABR,1610,743,867,595,1008,7,ITF,ITF1,13,Abruzzo,Abruzzo,1304970,956348,73.29,0.12
733,2021-02-08,ABR,1193,394,799,485,708,0,ITF,ITF1,13,Abruzzo,Abruzzo,1304970,957541,73.38,0.09
734,2021-05-19,ABR,10728,5124,5604,7568,3037,123,ITF,ITF1,13,Abruzzo,Abruzzo,1304970,968269,74.2,0.82
735,2021-02-01,ABR,1631,573,1058,270,1360,1,ITF,ITF1,13,Abruzzo,Abruzzo,1304970,969900,74.32,0.12
736,2021-03-23,ABR,4831,2187,2644,2213,2566,52,ITF,ITF1,13,Abruzzo,Abruzzo,1304970,974731,74.69,0.37
737,2021-01-25,ABR,1604,632,972,15,1587,2,ITF,ITF1,13,Abruzzo,Abruzzo,1304970,976335,74.82,0.12
738,2021-06-21,ABR,11031,5381,5650,4931,5972,128,ITF,ITF1,13,Abruzzo,Abruzzo,1304970,987366,75.66,0.85
739,2021-03-30,ABR,5128,2261,2867,3147,1822,159,ITF,ITF1,13,Abruzzo,Abruzzo,1304970,992494,76.05,0.39
740,2021-01-06,ABR,1833,664,1169,1823,0,10,ITF,ITF1,13,Abruzzo,Abruzzo,1304970,994327,76.2,0.14
741,2021-06-07,ABR,11094,5289,5805,9071,1838,185,ITF,ITF1,13,Abruzzo,Abruzzo,1304970,1005421,77.05,0.85
742,2021-04-11,ABR,5380,2628,2752,4842,487,51,ITF,ITF1,13,Abruzzo,Abruzzo,1304970,1010801,77.46,0.41
743,2021-06-09,ABR,11573,6093,5480,9707,1685,181,ITF,ITF1,13,Abruzzo,Abruzzo,1304970,1022374,78.34,0.89
744,2021-03-06,ABR,4179,1359,2820,3569,570,40,ITF,ITF1,13,Abruzzo,Abruzzo,1304970,1026553,78.66,0.32
745,2021-05-29,ABR,10316,4428,5888,4456,5771,89,ITF,ITF1,13,Abruzzo,Abruzzo,1304970,1036869,79.46,0.79
746,2021-05-22,ABR,13153,6390,6763,8131,4910,112,ITF,ITF1,13,Abruzzo,Abruzzo,1304970,1050022,80.46,1.01
747,2021-03-26,ABR,5355,2312,3043,3178,2075,102,ITF,ITF1,13,Abruzzo,Abruzzo,1304970,1055377,80.87,0.41
748,2021-05-31,ABR,11333,5112,6221,6761,4444,128,ITF,ITF1,13,Abruzzo,Abruzzo,1304970,1066710,81.74,0.87
749,2021-04-20,ABR,5636,2713,2923,4110,1454,72,ITF,ITF1,13,Abruzzo,Abruzzo,1304970,1072346,82.17,0.43
750,2021-04-25,ABR,9067,4622,4445,8058,810,199,ITF,ITF1,13,Abruzzo,Abruzzo,1304970,1081413,82.87,0.69
751,2021-01-08,ABR,1526,507,1019,1517,0,9,ITF,ITF1,13,Abruzzo,Abruzzo,1304970,1082939,82.99,0.12
752,2021-04-18,ABR,5813,2727,3086,4725,943,145,ITF,ITF1,13,Abruzzo,Abruzzo,1304970,1088752,83.43,0.45
753,2021-04-30,ABR,12501,5867,6634,6515,5722,264,ITF,ITF1,13,Abruzzo,Abruzzo,1304970,1101253,84.39,0.96
754,2021-04-13,ABR,5893,2754,3139,4561,1237,95,ITF,ITF1,13,Abruzzo,Abruzzo,1304970,1107146,84.84,0.45
755,2021-01-20,ABR,447,156,291,425,2,20,ITF,ITF1,13,Abruzzo,Abruzzo,1304970,1107593,84.87,0.03
756,2021-07-05,ABR,10815,5307,5508,3974,6655,186,ITF,ITF1,13,Abruzzo,Abruzzo,1304970,1118408,85.7,0.83
757,2021-05-02,ABR,10460,5112,5348,5089,5229,142,ITF,ITF1,13,Abruzzo,Abruzzo,1304970,1128868,86.51,0.8
758,2021-01-16,ABR,934,430,504,926,0,8,ITF,ITF1,13,Abruzzo,Abruzzo,1304970,1129802,86.58,0.07
759,2021-03-07,ABR,2523,630,1893,2484,0,39,ITF,ITF1,13,Abruzzo,Abruzzo,1304970,1132325,86.77,0.19
760,2021-01-09,ABR,1484,566,918,1472,0,12,ITF,ITF1,13,Abruzzo,Abruzzo,1304970,1133809,86.88,0.11
761,2021-02-20,ABR,4777,1843,2934,4661,76,40,ITF,ITF1,13,Abruzzo,Abruzzo,1304970,1138586,87.25,0.37
762,2021-05-07,ABR,12198,5710,6488,7666,4413,119,ITF,ITF1,13,Abruzzo,Abruzzo,1304970,1150784,88.18,0.93
763,2021-03-25,ABR,5791,2660,3131,3065,2617,109,ITF,ITF1,13,Abruzzo,Abruzzo,1304970,1156575,88.63,0.44
764,2021-01-27,ABR,1365,515,850,38,1327,0,ITF,ITF1,13,Abruzzo,Abruzzo,1304970,1157940,88.73,0.1
765,2021-07-03,ABR,10206,5151,5055,3500,6558,148,ITF,ITF1,13,Abruzzo,Abruzzo,1304970,1168146,89.52,0.78
766,2021-05-21,ABR,13015,6327,6688,7862,4979,174,ITF,ITF1,13,Abruzzo,Abruzzo,1304970,1181161,90.51,1.0
767,2021-03-18,ABR,3896,1651,2245,2039,1831,26,ITF,ITF1,13,Abruzzo,Abruzzo,1304970,1185057,90.81,0.3
768,2021-06-26,ABR,10033,5011,5022,5679,4196,158,ITF,ITF1,13,Abruzzo,Abruzzo,1304970,1195090,91.58,0.77
769,2021-07-10,ABR,13138,6638,6500,3022,9953,163,ITF,ITF1,13,Abruzzo,Abruzzo,1304970,1208228,92.59,1.01
770,2021-05-14,ABR,10593,5069,5524,5285,5147,161,ITF,ITF1,13,Abruzzo,Abruzzo,1304970,1218821,93.4,0.81
771,2021-04-01,ABR,5591,2505,3086,3430,2087,74,ITF,ITF1,13,Abruzzo,Abruzzo,1304970,1224412,93.83,0.43
772,2021-04-05,ABR,2692,1147,1545,1731,879,82,ITF,ITF1,13,Abruzzo,Abruzzo,1304970,1227104,94.03,0.21
773,2021-01-12,ABR,1805,667,1138,1791,0,14,ITF,ITF1,13,Abruzzo,Abruzzo,1304970,1228909,94.17,0.14
774,2021-05-25,ABR,11419,5325,6094,8084,3137,198,ITF,ITF1,13,Abruzzo,Abruzzo,1304970,1240328,95.05,0.88
775,2021-01-31,ABR,1521,494,1027,288,1232,1,ITF,ITF1,13,Abruzzo,Abruzzo,1304970,1241849,95.16,0.12
776,2021-05-10,ABR,10108,4783,5325,5372,4650,86,ITF,ITF1,13,Abruzzo,Abruzzo,1304970,1251957,95.94,0.77
777,2021-04-23,ABR,7390,3392,3998,4922,2305,163,ITF,ITF1,13,Abruzzo,Abruzzo,1304970,1259347,96.5,0.57
778,2021-01-30,ABR,1511,568,943,68,1442,1,ITF,ITF1,13,Abruzzo,Abruzzo,1304970,1260858,96.62,0.12
779,2021-06-29,ABR,11388,5619,5769,5223,5979,186,ITF,ITF1,13,Abruzzo,Abruzzo,1304970,1272246,97.49,0.87
780,2021-03-21,ABR,2134,914,1220,840,1290,4,ITF,ITF1,13,Abruzzo,Abruzzo,1304970,1274380,97.66,0.16
781,2021-06-12,ABR,11404,5905,5499,9889,1337,178,ITF,ITF1,13,Abruzzo,Abruzzo,1304970,1285784,98.53,0.87
782,2021-01-13,ABR,1260,441,819,1252,0,8,ITF,ITF1,13,Abruzzo,Abruzzo,1304970,1287044,98.63,0.1
783,2021-02-13,ABR,854,385,469,434,416,4,ITF,ITF1,13,Abruzzo,Abruzzo,1304970,1287898,98.69,0.07
784,2021-03-04,ABR,5935,2360,3575,4973,922,40,ITF,ITF1,13,Abruzzo,Abruzzo,1304970,1293833,99.15,0.45
785,2021-05-28,ABR,14014,6307,7707,7490,6355,169,ITF,ITF1,13,Abruzzo,Abruzzo,1304970,1307847,100.22,1.07
786,2021-06-02,UMB,3915,1882,2033,3875,40,0,ITI,ITI2,10,Umbria,Umbria,882015,3915,0.44,0.44
787,2021-02-20,UMB,283,101,182,259,24,0,ITI,ITI2,10,Umbria,Umbria,882015,4198,0.48,0.03
788,2021-03-09,UMB,4088,2000,2088,2791,1288,9,ITI,ITI2,10,Umbria,Umbria,882015,8286,0.94,0.46
789,2021-06-14,UMB,5378,2745,2633,3368,2010,0,ITI,ITI2,10,Umbria,Umbria,882015,13664,1.55,0.61
790,2021-04-06,UMB,5287,2165,3122,2863,2387,37,ITI,ITI2,10,Umbria,Umbria,882015,18951,2.15,0.6
791,2021-03-28,UMB,1095,441,654,1040,24,31,ITI,ITI2,10,Umbria,Umbria,882015,20046,2.27,0.12
792,2021-01-30,UMB,1575,486,1089,44,1531,0,ITI,ITI2,10,Umbria,Umbria,882015,21621,2.45,0.18
793,2021-07-15,UMB,4773,2348,2425,315,4449,9,ITI,ITI2,10,Umbria,Umbria,882015,26394,2.99,0.54
794,2021-02-13,UMB,114,27,87,111,3,0,ITI,ITI2,10,Umbria,Umbria,882015,26508,3.01,0.01
795,2021-05-24,UMB,9055,4509,4546,8008,879,168,ITI,ITI2,10,Umbria,Umbria,882015,35563,4.03,1.03
796,2021-04-18,UMB,1531,681,850,578,930,23,ITI,ITI2,10,Umbria,Umbria,882015,37094,4.21,0.17
797,2021-01-11,UMB,1303,341,962,1303,0,0,ITI,ITI2,10,Umbria,Umbria,882015,38397,4.35,0.15
798,2021-05-05,UMB,7211,3301,3910,3827,3304,80,ITI,ITI2,10,Umbria,Umbria,882015,45608,5.17,0.82
799,2021-01-25,UMB,648,323,325,5,643,0,ITI,ITI2,10,Umbria,Umbria,882015,46256,5.24,0.07
800,2021-07-03,UMB,6452,3236,3216,2922,3475,55,ITI,ITI2,10,Umbria,Umbria,882015,52708,5.98,0.73
801,2021-03-23,UMB,3823,1712,2111,2157,1629,37,ITI,ITI2,10,Umbria,Umbria,882015,56531,6.41,0.43
802,2021-07-01,UMB,9662,4785,4877,3360,6261,41,ITI,ITI2,10,Umbria,Umbria,882015,66193,7.5,1.1
803,2021-02-08,UMB,635,203,432,88,547,0,ITI,ITI2,10,Umbria,Umbria,882015,66828,7.58,0.07
804,2021-05-19,UMB,9418,4215,5203,5589,3743,86,ITI,ITI2,10,Umbria,Umbria,882015,76246,8.64,1.07
805,2021-02-06,UMB,396,138,258,34,362,0,ITI,ITI2,10,Umbria,Umbria,882015,76642,8.69,0.04
806,2021-04-23,UMB,6613,2785,3828,3298,3120,195,ITI,ITI2,10,Umbria,Umbria,882015,83255,9.44,0.75
807,2021-02-25,UMB,1332,495,837,1272,52,8,ITI,ITI2,10,Umbria,Umbria,882015,84587,9.59,0.15
808,2021-03-11,UMB,3582,1722,1860,2564,1006,12,ITI,ITI2,10,Umbria,Umbria,882015,88169,10.0,0.41
809,2021-01-13,UMB,449,139,310,449,0,0,ITI,ITI2,10,Umbria,Umbria,882015,88618,10.05,0.05
810,2021-06-19,UMB,4568,2199,2369,2538,2030,0,ITI,ITI2,10,Umbria,Umbria,882015,93186,10.57,0.52
811,2021-01-06,UMB,846,325,521,846,0,0,ITI,ITI2,10,Umbria,Umbria,882015,94032,10.66,0.1
812,2021-06-12,UMB,7708,3683,4025,6129,1577,2,ITI,ITI2,10,Umbria,Umbria,882015,101740,11.53,0.87
813,2021-04-16,UMB,8097,3740,4357,6082,1838,177,ITI,ITI2,10,Umbria,Umbria,882015,109837,12.45,0.92
814,2021-04-30,UMB,6252,2971,3281,2734,3397,121,ITI,ITI2,10,Umbria,Umbria,882015,116089,13.16,0.71
815,2021-03-04,UMB,4484,1855,2629,3643,827,14,ITI,ITI2,10,Umbria,Umbria,882015,120573,13.67,0.51
816,2021-01-20,UMB,602,221,381,602,0,0,ITI,ITI2,10,Umbria,Umbria,882015,121175,13.74,0.07
817,2021-05-07,UMB,10099,4700,5399,6705,3191,203,ITI,ITI2,10,Umbria,Umbria,882015,131274,14.88,1.14
818,2021-04-25,UMB,4357,1684,2673,3866,82,409,ITI,ITI2,10,Umbria,Umbria,882015,135631,15.38,0.49
819,2021-06-21,UMB,7498,3930,3568,5161,2337,0,ITI,ITI2,10,Umbria,Umbria,882015,143129,16.23,0.85
820,2021-05-31,UMB,5809,2842,2967,4847,884,78,ITI,ITI2,10,Umbria,Umbria,882015,148938,16.89,0.66
821,2021-05-14,UMB,5326,2508,2818,3353,1817,156,ITI,ITI2,10,Umbria,Umbria,882015,154264,17.49,0.6
822,2021-02-01,UMB,1284,341,943,48,1236,0,ITI,ITI2,10,Umbria,Umbria,882015,155548,17.64,0.15
823,2021-02-18,UMB,1496,582,914,1029,466,1,ITI,ITI2,10,Umbria,Umbria,882015,157044,17.81,0.17
824,2021-07-08,UMB,9463,4583,4880,171,9247,45,ITI,ITI2,10,Umbria,Umbria,882015,166507,18.88,1.07
825,2021-05-12,UMB,6487,3024,3463,4193,2146,148,ITI,ITI2,10,Umbria,Umbria,882015,172994,19.61,0.74
826,2021-03-30,UMB,3976,1729,2247,2400,1540,36,ITI,ITI2,10,Umbria,Umbria,882015,176970,20.06,0.45
827,2020-12-27,UMB,84,44,40,84,0,0,ITI,ITI2,10,Umbria,Umbria,882015,177054,20.07,0.01
828,2021-02-22,UMB,1889,807,1082,1803,86,0,ITI,ITI2,10,Umbria,Umbria,882015,178943,20.29,0.21
829,2021-04-04,UMB,57,20,37,22,35,0,ITI,ITI2,10,Umbria,Umbria,882015,179000,20.29,0.01
830,2021-06-07,UMB,6942,3425,3517,6247,694,1,ITI,ITI2,10,Umbria,Umbria,882015,185942,21.08,0.79
831,2021-03-16,UMB,3538,1454,2084,1909,1627,2,ITI,ITI2,10,Umbria,Umbria,882015,189480,21.48,0.4
832,2021-02-27,UMB,1658,354,1304,1642,16,0,ITI,ITI2,10,Umbria,Umbria,882015,191138,21.67,0.19
833,2021-04-03,UMB,2097,712,1385,1034,1052,11,ITI,ITI2,10,Umbria,Umbria,882015,193235,21.91,0.24
834,2021-07-12,UMB,4527,2176,2351,106,4412,9,ITI,ITI2,10,Umbria,Umbria,882015,197762,22.42,0.51
835,2021-01-01,UMB,273,104,169,273,0,0,ITI,ITI2,10,Umbria,Umbria,882015,198035,22.45,0.03
836,2021-04-11,UMB,3097,1504,1593,3031,49,17,ITI,ITI2,10,Umbria,Umbria,882015,201132,22.8,0.35
837,2021-01-18,UMB,613,218,395,529,84,0,ITI,ITI2,10,Umbria,Umbria,882015,201745,22.87,0.07
838,2021-05-30,UMB,5982,2999,2983,5665,202,115,ITI,ITI2,10,Umbria,Umbria,882015,207727,23.55,0.68
839,2021-03-08,UMB,3696,1822,1874,2323,1361,12,ITI,ITI2,10,Umbria,Umbria,882015,211423,23.97,0.42
840,2021-06-16,UMB,6315,3092,3223,3221,3093,1,ITI,ITI2,10,Umbria,Umbria,882015,217738,24.69,0.72
841,2021-05-26,UMB,9646,4564,5082,8204,1250,192,ITI,ITI2,10,Umbria,Umbria,882015,227384,25.78,1.09
842,2021-05-28,UMB,9585,4436,5149,7110,2295,180,ITI,ITI2,10,Umbria,Umbria,882015,236969,26.87,1.09
843,2021-04-15,UMB,7637,3493,4144,5680,1887,70,ITI,ITI2,10,Umbria,Umbria,882015,244606,27.73,0.87
844,2021-02-17,UMB,1618,748,870,1266,351,1,ITI,ITI2,10,Umbria,Umbria,882015,246224,27.92,0.18
845,2021-03-18,UMB,2965,1171,1794,1699,1262,4,ITI,ITI2,10,Umbria,Umbria,882015,249189,28.25,0.34
846,2021-06-26,UMB,9304,4726,4578,5685,3619,0,ITI,ITI2,10,Umbria,Umbria,882015,258493,29.31,1.05
847,2021-07-10,UMB,7661,3801,3860,71,7582,8,ITI,ITI2,10,Umbria,Umbria,882015,266154,30.18,0.87
848,2021-04-20,UMB,5450,2364,3086,3430,1947,73,ITI,ITI2,10,Umbria,Umbria,882015,271604,30.79,0.62
849,2021-01-27,UMB,840,330,510,13,827,0,ITI,ITI2,10,Umbria,Umbria,882015,272444,30.89,0.1
850,2021-06-30,UMB,10465,5293,5172,3763,6702,0,ITI,ITI2,10,Umbria,Umbria,882015,282909,32.08,1.19
851,2021-07-07,UMB,9394,4449,4945,87,9283,24,ITI,ITI2,10,Umbria,Umbria,882015,292303,33.14,1.07
852,2021-03-06,UMB,4304,1146,3158,4134,138,32,ITI,ITI2,10,Umbria,Umbria,882015,296607,33.63,0.49
853,2021-01-22,UMB,276,105,171,32,244,0,ITI,ITI2,10,Umbria,Umbria,882015,296883,33.66,0.03
854,2021-06-28,UMB,9682,4785,4897,3782,5900,0,ITI,ITI2,10,Umbria,Umbria,882015,306565,34.76,1.1
855,2021-05-02,UMB,3780,1866,1914,1294,2454,32,ITI,ITI2,10,Umbria,Umbria,882015,310345,35.19,0.43
856,2021-03-20,UMB,2319,845,1474,2290,25,4,ITI,ITI2,10,Umbria,Umbria,882015,312664,35.45,0.26
857,2021-05-16,UMB,5218,2492,2726,5087,49,82,ITI,ITI2,10,Umbria,Umbria,882015,317882,36.04,0.59
858,2021-04-27,UMB,5664,2401,3263,3054,2578,32,ITI,ITI2,10,Umbria,Umbria,882015,323546,36.68,0.64
859,2021-02-03,UMB,724,174,550,67,657,0,ITI,ITI2,10,Umbria,Umbria,882015,324270,36.76,0.08
860,2021-06-11,UMB,6910,3468,3442,6143,767,0,ITI,ITI2,10,Umbria,Umbria,882015,331180,37.55,0.78
861,2021-04-08,UMB,5863,2509,3354,4006,1789,68,ITI,ITI2,10,Umbria,Umbria,882015,337043,38.21,0.66
862,2021-06-04,UMB,8909,4402,4507,7710,1197,2,ITI,ITI2,10,Umbria,Umbria,882015,345952,39.22,1.01
863,2021-01-08,UMB,1187,344,843,1187,0,0,ITI,ITI2,10,Umbria,Umbria,882015,347139,39.36,0.13
864,2021-05-23,UMB,5068,1854,3214,635,4416,17,ITI,ITI2,10,Umbria,Umbria,882015,352207,39.93,0.57
865,2021-03-25,UMB,3928,1724,2204,2820,1063,45,ITI,ITI2,10,Umbria,Umbria,882015,356135,40.38,0.45
866,2021-03-27,UMB,4251,1513,2738,3855,340,56,ITI,ITI2,10,Umbria,Umbria,882015,360386,40.86,0.48
867,2021-06-18,UMB,4758,2346,2412,1604,3153,1,ITI,ITI2,10,Umbria,Umbria,882015,365144,41.4,0.54
868,2021-04-13,UMB,7675,3397,4278,5918,1668,89,ITI,ITI2,10,Umbria,Umbria,882015,372819,42.27,0.87
869,2021-02-15,UMB,1367,692,675,1364,1,2,ITI,ITI2,10,Umbria,Umbria,882015,374186,42.42,0.15
870,2021-01-03,UMB,270,112,158,270,0,0,ITI,ITI2,10,Umbria,Umbria,882015,374456,42.45,0.03
871,2021-04-22,UMB,5447,2247,3200,2702,2665,80,ITI,ITI2,10,Umbria,Umbria,882015,379903,43.07,0.62
872,2021-03-13,UMB,1735,524,1211,1486,249,0,ITI,ITI2,10,Umbria,Umbria,882015,381638,43.27,0.2
873,2021-01-15,UMB,695,213,482,695,0,0,ITI,ITI2,10,Umbria,Umbria,882015,382333,43.35,0.08
874,2021-01-29,UMB,1230,348,882,79,1151,0,ITI,ITI2,10,Umbria,Umbria,882015,383563,43.49,0.14
875,2021-05-09,UMB,5753,2752,3001,5242,391,120,ITI,ITI2,10,Umbria,Umbria,882015,389316,44.14,0.65
876,2021-07-09,UMB,9445,4564,4881,117,9314,14,ITI,ITI2,10,Umbria,Umbria,882015,398761,45.21,1.07
877,2021-02-05,UMB,780,234,546,18,762,0,ITI,ITI2,10,Umbria,Umbria,882015,399541,45.3,0.09
878,2021-07-04,UMB,3407,1740,1667,2410,968,29,ITI,ITI2,10,Umbria,Umbria,882015,402948,45.68,0.39
879,2021-04-12,UMB,7084,3081,4003,5310,1717,57,ITI,ITI2,10,Umbria,Umbria,882015,410032,46.49,0.8
880,2021-01-19,UMB,102,23,79,102,0,0,ITI,ITI2,10,Umbria,Umbria,882015,410134,46.5,0.01
881,2021-04-29,UMB,5215,2249,2966,2807,2320,88,ITI,ITI2,10,Umbria,Umbria,882015,415349,47.09,0.59
882,2021-03-24,UMB,4104,1792,2312,2744,1323,37,ITI,ITI2,10,Umbria,Umbria,882015,419453,47.56,0.47
883,2021-07-02,UMB,8701,4303,4398,3047,5564,90,ITI,ITI2,10,Umbria,Umbria,882015,428154,48.54,0.99
884,2021-04-10,UMB,7388,3476,3912,7173,84,131,ITI,ITI2,10,Umbria,Umbria,882015,435542,49.38,0.84
885,2021-06-13,UMB,6763,3556,3207,6532,230,1,ITI,ITI2,10,Umbria,Umbria,882015,442305,50.15,0.77
886,2021-05-01,UMB,5370,2638,2732,2096,3230,44,ITI,ITI2,10,Umbria,Umbria,882015,447675,50.76,0.61
887,2021-03-05,UMB,4618,1402,3216,3947,656,15,ITI,ITI2,10,Umbria,Umbria,882015,452293,51.28,0.52
888,2021-03-03,UMB,4431,1770,2661,3718,710,3,ITI,ITI2,10,Umbria,Umbria,882015,456724,51.78,0.5
889,2021-07-05,UMB,8396,4069,4327,162,8228,6,ITI,ITI2,10,Umbria,Umbria,882015,465120,52.73,0.95
890,2021-05-13,UMB,5914,2657,3257,3701,2083,130,ITI,ITI2,10,Umbria,Umbria,882015,471034,53.4,0.67
891,2021-02-19,UMB,743,293,450,525,217,1,ITI,ITI2,10,Umbria,Umbria,882015,471777,53.49,0.08
892,2021-03-17,UMB,3329,1313,2016,1855,1472,2,ITI,ITI2,10,Umbria,Umbria,882015,475106,53.87,0.38
893,2021-01-07,UMB,1300,387,913,1300,0,0,ITI,ITI2,10,Umbria,Umbria,882015,476406,54.01,0.15
894,2021-06-25,UMB,10099,5228,4871,5383,4715,1,ITI,ITI2,10,Umbria,Umbria,882015,486505,55.16,1.14
895,2021-01-26,UMB,815,389,426,17,798,0,ITI,ITI2,10,Umbria,Umbria,882015,487320,55.25,0.09
896,2021-02-12,UMB,670,224,446,664,6,0,ITI,ITI2,10,Umbria,Umbria,882015,487990,55.33,0.08
897,2021-02-26,UMB,660,253,407,650,8,2,ITI,ITI2,10,Umbria,Umbria,882015,488650,55.4,0.07
898,2021-05-06,UMB,9449,4313,5136,6011,3314,124,ITI,ITI2,10,Umbria,Umbria,882015,498099,56.47,1.07
899,2021-06-10,UMB,7458,3718,3740,6684,774,0,ITI,ITI2,10,Umbria,Umbria,882015,505557,57.32,0.85
900,2021-05-20,UMB,9831,4585,5246,6100,3650,81,ITI,ITI2,10,Umbria,Umbria,882015,515388,58.43,1.11
901,2021-05-11,UMB,6234,2833,3401,3900,2193,141,ITI,ITI2,10,Umbria,Umbria,882015,521622,59.14,0.71
902,2021-01-17,UMB,54,17,37,54,0,0,ITI,ITI2,10,Umbria,Umbria,882015,521676,59.15,0.01
903,2020-12-31,UMB,322,127,195,322,0,0,ITI,ITI2,10,Umbria,Umbria,882015,521998,59.18,0.04
904,2021-06-15,UMB,5967,3007,2960,3900,2067,0,ITI,ITI2,10,Umbria,Umbria,882015,527965,59.86,0.68
905,2021-06-17,UMB,6968,3542,3426,4881,2079,8,ITI,ITI2,10,Umbria,Umbria,882015,534933,60.65,0.79
906,2021-04-17,UMB,6676,3069,3607,5171,1340,165,ITI,ITI2,10,Umbria,Umbria,882015,541609,61.41,0.76
907,2021-01-05,UMB,854,429,425,854,0,0,ITI,ITI2,10,Umbria,Umbria,882015,542463,61.5,0.1
908,2021-06-20,UMB,6211,2999,3212,1585,4626,0,ITI,ITI2,10,Umbria,Umbria,882015,548674,62.21,0.7
909,2021-04-24,UMB,4561,1961,2600,3276,1182,103,ITI,ITI2,10,Umbria,Umbria,882015,553235,62.72,0.52
910,2021-01-12,UMB,834,247,587,834,0,0,ITI,ITI2,10,Umbria,Umbria,882015,554069,62.82,0.09
911,2021-03-14,UMB,66,48,18,66,0,0,ITI,ITI2,10,Umbria,Umbria,882015,554135,62.83,0.01
912,2021-06-22,UMB,8032,4078,3954,5246,2784,2,ITI,ITI2,10,Umbria,Umbria,882015,562167,63.74,0.91
913,2021-03-12,UMB,2694,1081,1613,2191,495,8,ITI,ITI2,10,Umbria,Umbria,882015,564861,64.04,0.31
914,2021-07-13,UMB,4190,1985,2205,79,4105,6,ITI,ITI2,10,Umbria,Umbria,882015,569051,64.52,0.48
915,2021-04-21,UMB,5322,2317,3005,3056,2227,39,ITI,ITI2,10,Umbria,Umbria,882015,574373,65.12,0.6
916,2021-03-02,UMB,3641,1346,2295,3634,4,3,ITI,ITI2,10,Umbria,Umbria,882015,578014,65.53,0.41
917,2021-06-01,UMB,4381,2089,2292,4226,155,0,ITI,ITI2,10,Umbria,Umbria,882015,582395,66.03,0.5
918,2021-03-10,UMB,4031,1943,2088,2760,1256,15,ITI,ITI2,10,Umbria,Umbria,882015,586426,66.49,0.46
919,2021-01-16,UMB,217,71,146,216,0,1,ITI,ITI2,10,Umbria,Umbria,882015,586643,66.51,0.02
920,2021-02-02,UMB,942,272,670,32,910,0,ITI,ITI2,10,Umbria,Umbria,882015,587585,66.62,0.11
921,2021-03-31,UMB,3897,1728,2169,2179,1686,32,ITI,ITI2,10,Umbria,Umbria,882015,591482,67.06,0.44
922,2021-02-16,UMB,1308,655,653,1299,9,0,ITI,ITI2,10,Umbria,Umbria,882015,592790,67.21,0.15
923,2021-05-27,UMB,9965,4863,5102,8473,1317,175,ITI,ITI2,10,Umbria,Umbria,882015,602755,68.34,1.13
924,2021-01-04,UMB,809,398,411,809,0,0,ITI,ITI2,10,Umbria,Umbria,882015,603564,68.43,0.09
925,2021-04-14,UMB,8151,3679,4472,6095,1979,77,ITI,ITI2,10,Umbria,Umbria,882015,611715,69.35,0.92
926,2021-06-03,UMB,9036,4467,4569,8748,288,0,ITI,ITI2,10,Umbria,Umbria,882015,620751,70.38,1.02
927,2021-04-07,UMB,5571,2291,3280,3481,2005,85,ITI,ITI2,10,Umbria,Umbria,882015,626322,71.01,0.63
928,2021-02-23,UMB,1691,657,1034,1649,42,0,ITI,ITI2,10,Umbria,Umbria,882015,628013,71.2,0.19
929,2021-06-24,UMB,10132,5110,5022,6141,3991,0,ITI,ITI2,10,Umbria,Umbria,882015,638145,72.35,1.15
930,2021-03-26,UMB,4588,1712,2876,4345,172,71,ITI,ITI2,10,Umbria,Umbria,882015,642733,72.87,0.52
931,2021-01-02,UMB,304,111,193,304,0,0,ITI,ITI2,10,Umbria,Umbria,882015,643037,72.91,0.03
932,2021-03-07,UMB,845,180,665,837,7,1,ITI,ITI2,10,Umbria,Umbria,882015,643882,73.0,0.1
933,2021-03-21,UMB,675,338,337,672,0,3,ITI,ITI2,10,Umbria,Umbria,882015,644557,73.08,0.08
934,2021-06-29,UMB,9865,5025,4840,4189,5676,0,ITI,ITI2,10,Umbria,Umbria,882015,654422,74.2,1.12
935,2021-05-17,UMB,6368,3060,3308,4139,2177,52,ITI,ITI2,10,Umbria,Umbria,882015,660790,74.92,0.72
936,2021-01-14,UMB,722,192,530,722,0,0,ITI,ITI2,10,Umbria,Umbria,882015,661512,75.0,0.08
937,2021-03-19,UMB,1740,565,1175,1079,656,5,ITI,ITI2,10,Umbria,Umbria,882015,663252,75.2,0.2
938,2021-06-06,UMB,7608,3904,3704,6913,693,2,ITI,ITI2,10,Umbria,Umbria,882015,670860,76.06,0.86
939,2021-02-24,UMB,1518,563,955,1503,15,0,ITI,ITI2,10,Umbria,Umbria,882015,672378,76.23,0.17
940,2021-07-06,UMB,8577,4085,4492,145,8411,21,ITI,ITI2,10,Umbria,Umbria,882015,680955,77.2,0.97
941,2021-05-10,UMB,5977,2793,3184,3761,2148,68,ITI,ITI2,10,Umbria,Umbria,882015,686932,77.88,0.68
942,2021-05-08,UMB,8129,3739,4390,4794,3226,109,ITI,ITI2,10,Umbria,Umbria,882015,695061,78.8,0.92
943,2021-01-28,UMB,1248,394,854,19,1229,0,ITI,ITI2,10,Umbria,Umbria,882015,696309,78.95,0.14
944,2021-05-03,UMB,5086,2270,2816,2098,2887,101,ITI,ITI2,10,Umbria,Umbria,882015,701395,79.52,0.58
945,2021-01-23,UMB,280,100,180,2,278,0,ITI,ITI2,10,Umbria,Umbria,882015,701675,79.55,0.03
946,2021-01-21,UMB,608,202,406,338,269,1,ITI,ITI2,10,Umbria,Umbria,882015,702283,79.62,0.07
947,2021-04-26,UMB,5394,2340,3054,3103,2251,40,ITI,ITI2,10,Umbria,Umbria,882015,707677,80.23,0.61
948,2021-04-09,UMB,6731,3126,3605,6406,209,116,ITI,ITI2,10,Umbria,Umbria,882015,714408,81.0,0.76
949,2021-04-28,UMB,5381,2327,3054,2940,2395,46,ITI,ITI2,10,Umbria,Umbria,882015,719789,81.61,0.61
950,2021-02-04,UMB,733,226,507,25,708,0,ITI,ITI2,10,Umbria,Umbria,882015,720522,81.69,0.08
951,2021-05-15,UMB,4990,1882,3108,1764,3164,62,ITI,ITI2,10,Umbria,Umbria,882015,725512,82.26,0.57
952,2021-03-29,UMB,3629,1599,2030,2151,1420,58,ITI,ITI2,10,Umbria,Umbria,882015,729141,82.67,0.41
953,2021-01-31,UMB,1058,276,782,25,1033,0,ITI,ITI2,10,Umbria,Umbria,882015,730199,82.79,0.12
954,2021-05-25,UMB,8813,4301,4512,7584,1063,166,ITI,ITI2,10,Umbria,Umbria,882015,739012,83.79,1.0
955,2021-05-18,UMB,7741,3353,4388,3822,3837,82,ITI,ITI2,10,Umbria,Umbria,882015,746753,84.66,0.88
956,2021-03-22,UMB,3560,1655,1905,2304,1246,10,ITI,ITI2,10,Umbria,Umbria,882015,750313,85.07,0.4
957,2021-04-05,UMB,4248,1728,2520,2181,2055,12,ITI,ITI2,10,Umbria,Umbria,882015,754561,85.55,0.48
958,2021-05-29,UMB,7854,3609,4245,6174,1566,114,ITI,ITI2,10,Umbria,Umbria,882015,762415,86.44,0.89
959,2021-02-07,UMB,54,17,37,1,53,0,ITI,ITI2,10,Umbria,Umbria,882015,762469,86.45,0.01
960,2021-07-14,UMB,6073,2952,3121,1751,4139,183,ITI,ITI2,10,Umbria,Umbria,882015,768542,87.13,0.69
961,2021-06-05,UMB,8221,3775,4446,5564,2654,3,ITI,ITI2,10,Umbria,Umbria,882015,776763,88.07,0.93
962,2021-01-10,UMB,1065,274,791,1065,0,0,ITI,ITI2,10,Umbria,Umbria,882015,777828,88.19,0.12
963,2021-05-21,UMB,8969,3667,5302,4058,4828,83,ITI,ITI2,10,Umbria,Umbria,882015,786797,89.2,1.02
964,2021-05-04,UMB,5536,2543,2993,2352,3124,60,ITI,ITI2,10,Umbria,Umbria,882015,792333,89.83,0.63
965,2021-04-01,UMB,4372,1837,2535,2327,2009,36,ITI,ITI2,10,Umbria,Umbria,882015,796705,90.33,0.5
966,2021-03-01,UMB,1504,774,730,1384,114,6,ITI,ITI2,10,Umbria,Umbria,882015,798209,90.5,0.17
967,2021-06-09,UMB,8063,3908,4155,7341,722,0,ITI,ITI2,10,Umbria,Umbria,882015,806272,91.41,0.91
968,2021-06-23,UMB,11195,5717,5478,7796,3399,0,ITI,ITI2,10,Umbria,Umbria,882015,817467,92.68,1.27
969,2021-03-15,UMB,4594,1938,2656,2825,1766,3,ITI,ITI2,10,Umbria,Umbria,882015,822061,93.2,0.52
970,2021-02-10,UMB,714,348,366,699,15,0,ITI,ITI2,10,Umbria,Umbria,882015,822775,93.28,0.08
971,2021-01-24,UMB,258,106,152,1,257,0,ITI,ITI2,10,Umbria,Umbria,882015,823033,93.31,0.03
972,2021-06-08,UMB,7375,3640,3735,6829,544,2,ITI,ITI2,10,Umbria,Umbria,882015,830408,94.15,0.84
973,2021-06-27,UMB,7455,3729,3726,1767,5688,0,ITI,ITI2,10,Umbria,Umbria,882015,837863,94.99,0.85
974,2021-02-11,UMB,839,348,491,834,5,0,ITI,ITI2,10,Umbria,Umbria,882015,838702,95.09,0.1
975,2021-05-22,UMB,6960,2752,4208,2594,4319,47,ITI,ITI2,10,Umbria,Umbria,882015,845662,95.88,0.79
976,2021-07-11,UMB,5864,2956,2908,84,5779,1,ITI,ITI2,10,Umbria,Umbria,882015,851526,96.54,0.66
977,2021-04-02,UMB,4343,1778,2565,3545,755,43,ITI,ITI2,10,Umbria,Umbria,882015,855869,97.04,0.49
978,2021-01-09,UMB,1717,495,1222,1717,0,0,ITI,ITI2,10,Umbria,Umbria,882015,857586,97.23,0.19
979,2021-04-19,UMB,5033,2226,2807,2930,2048,55,ITI,ITI2,10,Umbria,Umbria,882015,862619,97.8,0.57
980,2021-02-18,LAZ,10018,4974,5044,9102,812,104,ITI,ITI4,12,Lazio,Lazio,5879082,10018,0.17,0.17
981,2021-05-12,LAZ,47562,21588,25974,30260,16658,644,ITI,ITI4,12,Lazio,Lazio,5879082,57580,0.98,0.81
982,2021-02-01,LAZ,5676,2179,3497,353,5322,1,ITI,ITI4,12,Lazio,Lazio,5879082,63256,1.08,0.1
983,2021-07-15,LAZ,20295,9889,10406,2609,17545,141,ITI,ITI4,12,Lazio,Lazio,5879082,83551,1.42,0.35
984,2021-01-13,LAZ,5694,2151,3543,5532,0,162,ITI,ITI4,12,Lazio,Lazio,5879082,89245,1.52,0.1
985,2021-04-23,LAZ,37712,18112,19600,21980,15281,451,ITI,ITI4,12,Lazio,Lazio,5879082,126957,2.16,0.64
986,2021-03-16,LAZ,13544,5739,7805,7020,6444,80,ITI,ITI4,12,Lazio,Lazio,5879082,140501,2.39,0.23
987,2021-03-09,LAZ,21969,9917,12052,16425,5200,344,ITI,ITI4,12,Lazio,Lazio,5879082,162470,2.76,0.37
988,2021-01-11,LAZ,5542,2109,3433,5397,0,145,ITI,ITI4,12,Lazio,Lazio,5879082,168012,2.86,0.09
989,2021-02-20,LAZ,9208,4273,4935,8364,773,71,ITI,ITI4,12,Lazio,Lazio,5879082,177220,3.01,0.16
990,2021-05-31,LAZ,51709,23019,28690,30829,19853,1027,ITI,ITI4,12,Lazio,Lazio,5879082,228929,3.89,0.88
991,2021-04-04,LAZ,17591,8161,9430,12214,5266,111,ITI,ITI4,12,Lazio,Lazio,5879082,246520,4.19,0.3
992,2021-03-30,LAZ,26954,13100,13854,19459,7149,346,ITI,ITI4,12,Lazio,Lazio,5879082,273474,4.65,0.46
993,2021-07-08,LAZ,63740,31310,32430,28058,35044,638,ITI,ITI4,12,Lazio,Lazio,5879082,337214,5.74,1.08
994,2021-04-18,LAZ,23813,10578,13235,15888,7654,271,ITI,ITI4,12,Lazio,Lazio,5879082,361027,6.14,0.41
995,2021-05-26,LAZ,47558,21851,25707,34800,12104,654,ITI,ITI4,12,Lazio,Lazio,5879082,408585,6.95,0.81
996,2021-03-04,LAZ,19414,8721,10693,14169,5018,227,ITI,ITI4,12,Lazio,Lazio,5879082,427999,7.28,0.33
997,2021-06-12,LAZ,69804,32056,37748,39822,29368,614,ITI,ITI4,12,Lazio,Lazio,5879082,497803,8.47,1.19
998,2021-06-14,LAZ,62771,29426,33345,32100,30140,531,ITI,ITI4,12,Lazio,Lazio,5879082,560574,9.54,1.07
999,2021-03-21,LAZ,18243,7177,11066,13006,5051,186,ITI,ITI4,12,Lazio,Lazio,5879082,578817,9.85,0.31
1000,2020-12-30,LAZ,1630,629,1001,1619,0,11,ITI,ITI4,12,Lazio,Lazio,5879082,580447,9.87,0.03
1001,2021-07-01,LAZ,48104,22991,25113,7111,40794,199,ITI,ITI4,12,Lazio,Lazio,5879082,628551,10.69,0.82
1002,2021-05-17,LAZ,44564,20411,24153,35580,8581,403,ITI,ITI4,12,Lazio,Lazio,5879082,673115,11.45,0.76
1003,2021-02-06,LAZ,6160,2493,3667,834,5320,6,ITI,ITI4,12,Lazio,Lazio,5879082,679275,11.55,0.1
1004,2021-02-11,LAZ,6999,3011,3988,6442,533,24,ITI,ITI4,12,Lazio,Lazio,5879082,686274,11.67,0.12
1005,2021-04-11,LAZ,19167,8480,10687,13119,5886,162,ITI,ITI4,12,Lazio,Lazio,5879082,705441,12.0,0.33
1006,2021-06-26,LAZ,56027,26402,29625,24581,30880,566,ITI,ITI4,12,Lazio,Lazio,5879082,761468,12.95,0.95
1007,2021-04-30,LAZ,41406,18352,23054,26481,14249,676,ITI,ITI4,12,Lazio,Lazio,5879082,802874,13.66,0.7
1008,2021-06-19,LAZ,66343,31277,35066,35225,30345,773,ITI,ITI4,12,Lazio,Lazio,5879082,869217,14.78,1.13
1009,2021-04-16,LAZ,34433,15700,18733,21957,12094,382,ITI,ITI4,12,Lazio,Lazio,5879082,903650,15.37,0.59
1010,2021-01-23,LAZ,7213,2869,4344,584,6629,0,ITI,ITI4,12,Lazio,Lazio,5879082,910863,15.49,0.12
1011,2021-01-06,LAZ,5123,1962,3161,5003,0,120,ITI,ITI4,12,Lazio,Lazio,5879082,915986,15.58,0.09
1012,2021-02-25,LAZ,12678,5537,7141,11417,1078,183,ITI,ITI4,12,Lazio,Lazio,5879082,928664,15.8,0.22
1013,2021-06-05,LAZ,66059,32578,33481,42677,22737,645,ITI,ITI4,12,Lazio,Lazio,5879082,994723,16.92,1.12
1014,2021-01-25,LAZ,8113,3247,4866,772,7341,0,ITI,ITI4,12,Lazio,Lazio,5879082,1002836,17.06,0.14
1015,2021-05-05,LAZ,46803,21476,25327,30397,15841,565,ITI,ITI4,12,Lazio,Lazio,5879082,1049639,17.85,0.8
1016,2021-03-02,LAZ,17191,7610,9581,13094,3936,161,ITI,ITI4,12,Lazio,Lazio,5879082,1066830,18.15,0.29
1017,2021-01-18,LAZ,6270,2560,3710,5165,979,126,ITI,ITI4,12,Lazio,Lazio,5879082,1073100,18.25,0.11
1018,2021-04-28,LAZ,32932,15027,17905,20957,11573,402,ITI,ITI4,12,Lazio,Lazio,5879082,1106032,18.81,0.56
1019,2021-03-27,LAZ,26437,10759,15678,19427,6475,535,ITI,ITI4,12,Lazio,Lazio,5879082,1132469,19.26,0.45
1020,2021-01-30,LAZ,7014,2895,4119,808,6205,1,ITI,ITI4,12,Lazio,Lazio,5879082,1139483,19.38,0.12
1021,2021-01-15,LAZ,6587,2710,3877,6417,0,170,ITI,ITI4,12,Lazio,Lazio,5879082,1146070,19.49,0.11
1022,2021-04-25,LAZ,24523,11250,13273,16424,7817,282,ITI,ITI4,12,Lazio,Lazio,5879082,1170593,19.91,0.42
1023,2021-03-28,LAZ,19186,7829,11357,13541,5310,335,ITI,ITI4,12,Lazio,Lazio,5879082,1189779,20.24,0.33
1024,2021-06-09,LAZ,70195,33198,36997,35796,33770,629,ITI,ITI4,12,Lazio,Lazio,5879082,1259974,21.43,1.19
1025,2021-05-19,LAZ,47175,21670,25505,36449,10112,614,ITI,ITI4,12,Lazio,Lazio,5879082,1307149,22.23,0.8
1026,2021-01-04,LAZ,7486,2909,4577,7382,0,104,ITI,ITI4,12,Lazio,Lazio,5879082,1314635,22.36,0.13
1027,2021-06-24,LAZ,63709,30395,33314,28514,34557,638,ITI,ITI4,12,Lazio,Lazio,5879082,1378344,23.44,1.08
1028,2021-06-07,LAZ,62308,29147,33161,32503,29223,582,ITI,ITI4,12,Lazio,Lazio,5879082,1440652,24.5,1.06
1029,2021-06-21,LAZ,61790,28698,33092,28437,32772,581,ITI,ITI4,12,Lazio,Lazio,5879082,1502442,25.56,1.05
1030,2021-03-13,LAZ,21805,8729,13076,15679,5894,232,ITI,ITI4,12,Lazio,Lazio,5879082,1524247,25.93,0.37
1031,2021-04-09,LAZ,27641,12563,15078,19103,8255,283,ITI,ITI4,12,Lazio,Lazio,5879082,1551888,26.4,0.47
1032,2021-03-23,LAZ,25375,11910,13465,18442,6598,335,ITI,ITI4,12,Lazio,Lazio,5879082,1577263,26.83,0.43
1033,2021-02-15,LAZ,8028,3541,4487,7310,634,84,ITI,ITI4,12,Lazio,Lazio,5879082,1585291,26.96,0.14
1034,2021-01-29,LAZ,8046,3081,4965,814,7230,2,ITI,ITI4,12,Lazio,Lazio,5879082,1593337,27.1,0.14
1035,2021-02-13,LAZ,6611,2627,3984,6147,418,46,ITI,ITI4,12,Lazio,Lazio,5879082,1599948,27.21,0.11
1036,2021-05-24,LAZ,43967,20153,23814,33533,9768,666,ITI,ITI4,12,Lazio,Lazio,5879082,1643915,27.96,0.75
1037,2021-01-03,LAZ,5255,1973,3282,5196,0,59,ITI,ITI4,12,Lazio,Lazio,5879082,1649170,28.05,0.09
1038,2021-04-13,LAZ,25778,11952,13826,17669,7717,392,ITI,ITI4,12,Lazio,Lazio,5879082,1674948,28.49,0.44
1039,2021-01-08,LAZ,7731,2895,4836,7534,0,197,ITI,ITI4,12,Lazio,Lazio,5879082,1682679,28.62,0.13
1040,2021-05-07,LAZ,48239,22617,25622,30072,17757,410,ITI,ITI4,12,Lazio,Lazio,5879082,1730918,29.44,0.82
1041,2021-03-11,LAZ,25367,11958,13409,18798,6233,336,ITI,ITI4,12,Lazio,Lazio,5879082,1756285,29.87,0.43
1042,2021-07-03,LAZ,53053,24989,28064,4610,48308,135,ITI,ITI4,12,Lazio,Lazio,5879082,1809338,30.78,0.9
1043,2021-02-03,LAZ,6490,2488,4002,958,5525,7,ITI,ITI4,12,Lazio,Lazio,5879082,1815828,30.89,0.11
1044,2021-01-20,LAZ,4813,1947,2866,3265,1544,4,ITI,ITI4,12,Lazio,Lazio,5879082,1820641,30.97,0.08
1045,2021-07-05,LAZ,61107,29404,31703,25530,34573,1004,ITI,ITI4,12,Lazio,Lazio,5879082,1881748,32.01,1.04
1046,2021-05-23,LAZ,47104,22859,24245,39037,7395,672,ITI,ITI4,12,Lazio,Lazio,5879082,1928852,32.81,0.8
1047,2021-05-09,LAZ,37542,17260,20282,25818,11274,450,ITI,ITI4,12,Lazio,Lazio,5879082,1966394,33.45,0.64
1048,2021-07-12,LAZ,41019,20478,20541,5845,34959,215,ITI,ITI4,12,Lazio,Lazio,5879082,2007413,34.15,0.7
1049,2021-05-16,LAZ,50950,24536,26414,36925,13488,537,ITI,ITI4,12,Lazio,Lazio,5879082,2058363,35.01,0.87
1050,2021-06-28,LAZ,58818,28118,30700,27452,30951,415,ITI,ITI4,12,Lazio,Lazio,5879082,2117181,36.01,1.0
1051,2021-04-06,LAZ,24466,11181,13285,17033,7115,318,ITI,ITI4,12,Lazio,Lazio,5879082,2141647,36.43,0.42
1052,2020-12-27,LAZ,274,132,142,274,0,0,ITI,ITI4,12,Lazio,Lazio,5879082,2141921,36.43,0.0
1053,2021-03-20,LAZ,19192,7640,11552,13047,5885,260,ITI,ITI4,12,Lazio,Lazio,5879082,2161113,36.76,0.33
1054,2021-06-30,LAZ,62784,29530,33254,29726,32535,523,ITI,ITI4,12,Lazio,Lazio,5879082,2223897,37.83,1.07
1055,2021-04-08,LAZ,26769,12269,14500,18720,7699,350,ITI,ITI4,12,Lazio,Lazio,5879082,2250666,38.28,0.46
1056,2021-04-27,LAZ,30712,13864,16848,19458,10850,404,ITI,ITI4,12,Lazio,Lazio,5879082,2281378,38.81,0.52
1057,2021-03-01,LAZ,17118,7368,9750,13001,3886,231,ITI,ITI4,12,Lazio,Lazio,5879082,2298496,39.1,0.29
1058,2021-02-22,LAZ,11457,4990,6467,10806,502,149,ITI,ITI4,12,Lazio,Lazio,5879082,2309953,39.29,0.19
1059,2021-06-02,LAZ,43265,21509,21756,31212,11513,540,ITI,ITI4,12,Lazio,Lazio,5879082,2353218,40.03,0.74
1060,2021-06-11,LAZ,69469,32691,36778,36487,32388,594,ITI,ITI4,12,Lazio,Lazio,5879082,2422687,41.21,1.18
1061,2021-02-08,LAZ,9741,4154,5587,4505,5234,2,ITI,ITI4,12,Lazio,Lazio,5879082,2432428,41.37,0.17
1062,2021-05-02,LAZ,32639,14341,18298,22808,9364,467,ITI,ITI4,12,Lazio,Lazio,5879082,2465067,41.93,0.56
1063,2021-01-22,LAZ,4008,1637,2371,493,3515,0,ITI,ITI4,12,Lazio,Lazio,5879082,2469075,42.0,0.07
1064,2021-02-27,LAZ,11448,4284,7164,10335,978,135,ITI,ITI4,12,Lazio,Lazio,5879082,2480523,42.19,0.19
1065,2021-02-17,LAZ,9190,4608,4582,8244,878,68,ITI,ITI4,12,Lazio,Lazio,5879082,2489713,42.35,0.16
1066,2021-05-28,LAZ,57114,26545,30569,43025,13293,796,ITI,ITI4,12,Lazio,Lazio,5879082,2546827,43.32,0.97
1067,2021-03-06,LAZ,18357,7083,11274,13884,4257,216,ITI,ITI4,12,Lazio,Lazio,5879082,2565184,43.63,0.31
1068,2021-01-01,LAZ,3555,1382,2173,3515,0,40,ITI,ITI4,12,Lazio,Lazio,5879082,2568739,43.69,0.06
1069,2021-01-10,LAZ,4044,1702,2342,3977,0,67,ITI,ITI4,12,Lazio,Lazio,5879082,2572783,43.76,0.07
1070,2021-06-16,LAZ,64446,30906,33540,32005,31831,610,ITI,ITI4,12,Lazio,Lazio,5879082,2637229,44.86,1.1
1071,2021-04-20,LAZ,31084,14274,16810,19411,11301,372,ITI,ITI4,12,Lazio,Lazio,5879082,2668313,45.39,0.53
1072,2021-03-08,LAZ,20866,9047,11819,15310,5273,283,ITI,ITI4,12,Lazio,Lazio,5879082,2689179,45.74,0.35
1073,2021-02-12,LAZ,6850,2850,4000,6350,418,82,ITI,ITI4,12,Lazio,Lazio,5879082,2696029,45.86,0.12
1074,2021-07-02,LAZ,48186,23082,25104,6558,41456,172,ITI,ITI4,12,Lazio,Lazio,5879082,2744215,46.68,0.82
1075,2021-05-06,LAZ,48799,22743,26056,30578,17558,663,ITI,ITI4,12,Lazio,Lazio,5879082,2793014,47.51,0.83
1076,2021-01-17,LAZ,4893,2027,2866,4618,212,63,ITI,ITI4,12,Lazio,Lazio,5879082,2797907,47.59,0.08
1077,2021-01-19,LAZ,4773,1959,2814,4316,454,3,ITI,ITI4,12,Lazio,Lazio,5879082,2802680,47.67,0.08
1078,2021-01-31,LAZ,4462,1855,2607,477,3984,1,ITI,ITI4,12,Lazio,Lazio,5879082,2807142,47.75,0.08
1079,2021-05-11,LAZ,48317,22188,26129,31178,16541,598,ITI,ITI4,12,Lazio,Lazio,5879082,2855459,48.57,0.82
1080,2021-04-24,LAZ,33431,15080,18351,20163,12777,491,ITI,ITI4,12,Lazio,Lazio,5879082,2888890,49.14,0.57
1081,2021-05-20,LAZ,51551,24788,26763,37083,13740,728,ITI,ITI4,12,Lazio,Lazio,5879082,2940441,50.02,0.88
1082,2021-06-20,LAZ,55245,25396,29849,29621,24900,724,ITI,ITI4,12,Lazio,Lazio,5879082,2995686,50.95,0.94
1083,2021-06-06,LAZ,58064,27994,30070,34981,22506,577,ITI,ITI4,12,Lazio,Lazio,5879082,3053750,51.94,0.99
1084,2021-02-26,LAZ,13120,5728,7392,11551,1395,174,ITI,ITI4,12,Lazio,Lazio,5879082,3066870,52.17,0.22
1085,2021-07-09,LAZ,64471,31131,33340,27563,36210,698,ITI,ITI4,12,Lazio,Lazio,5879082,3131341,53.26,1.1
1086,2021-05-01,LAZ,37976,17092,20884,25564,11970,442,ITI,ITI4,12,Lazio,Lazio,5879082,3169317,53.91,0.65
1087,2021-04-17,LAZ,32400,14220,18180,20004,11996,400,ITI,ITI4,12,Lazio,Lazio,5879082,3201717,54.46,0.55
1088,2021-03-12,LAZ,23993,11083,12910,17340,6317,336,ITI,ITI4,12,Lazio,Lazio,5879082,3225710,54.87,0.41
1089,2020-12-31,LAZ,5293,2121,3172,5233,0,60,ITI,ITI4,12,Lazio,Lazio,5879082,3231003,54.96,0.09
1090,2021-04-10,LAZ,23936,10414,13522,16499,7191,246,ITI,ITI4,12,Lazio,Lazio,5879082,3254939,55.36,0.41
1091,2021-02-05,LAZ,7312,2981,4331,1207,6103,2,ITI,ITI4,12,Lazio,Lazio,5879082,3262251,55.49,0.12
1092,2021-04-03,LAZ,24795,11193,13602,17876,6701,218,ITI,ITI4,12,Lazio,Lazio,5879082,3287046,55.91,0.42
1093,2021-02-19,LAZ,10047,5080,4967,9067,835,145,ITI,ITI4,12,Lazio,Lazio,5879082,3297093,56.08,0.17
1094,2021-05-14,LAZ,51530,23545,27985,32524,18339,667,ITI,ITI4,12,Lazio,Lazio,5879082,3348623,56.96,0.88
1095,2021-03-18,LAZ,14224,6077,8147,7751,6391,82,ITI,ITI4,12,Lazio,Lazio,5879082,3362847,57.2,0.24
1096,2021-03-25,LAZ,29271,13578,15693,22216,6612,443,ITI,ITI4,12,Lazio,Lazio,5879082,3392118,57.7,0.5
1097,2021-01-27,LAZ,6117,2389,3728,1000,5117,0,ITI,ITI4,12,Lazio,Lazio,5879082,3398235,57.8,0.1
1098,2021-03-22,LAZ,23320,10530,12790,16317,6677,326,ITI,ITI4,12,Lazio,Lazio,5879082,3421555,58.2,0.4
1099,2020-12-29,LAZ,488,176,312,484,0,4,ITI,ITI4,12,Lazio,Lazio,5879082,3422043,58.21,0.01
1100,2021-06-13,LAZ,58368,26187,32181,33043,24831,494,ITI,ITI4,12,Lazio,Lazio,5879082,3480411,59.2,0.99
1101,2021-03-07,LAZ,14132,5465,8667,10333,3593,206,ITI,ITI4,12,Lazio,Lazio,5879082,3494543,59.44,0.24
1102,2021-06-15,LAZ,65819,31797,34022,33169,32110,540,ITI,ITI4,12,Lazio,Lazio,5879082,3560362,60.56,1.12
1103,2021-03-24,LAZ,27873,13087,14786,21255,6237,381,ITI,ITI4,12,Lazio,Lazio,5879082,3588235,61.03,0.47
1104,2021-05-29,LAZ,51980,23365,28615,40123,10985,872,ITI,ITI4,12,Lazio,Lazio,5879082,3640215,61.92,0.88
1105,2021-04-22,LAZ,38887,19239,19648,23673,14625,589,ITI,ITI4,12,Lazio,Lazio,5879082,3679102,62.58,0.66
1106,2021-03-10,LAZ,23331,10654,12677,17355,5647,329,ITI,ITI4,12,Lazio,Lazio,5879082,3702433,62.98,0.4
1107,2021-01-12,LAZ,5414,1981,3433,5271,0,143,ITI,ITI4,12,Lazio,Lazio,5879082,3707847,63.07,0.09
1108,2021-06-18,LAZ,64129,30865,33264,30227,33194,708,ITI,ITI4,12,Lazio,Lazio,5879082,3771976,64.16,1.09
1109,2021-03-17,LAZ,13813,5915,7898,7447,6257,109,ITI,ITI4,12,Lazio,Lazio,5879082,3785789,64.39,0.23
1110,2021-06-25,LAZ,63038,30436,32602,27942,34531,565,ITI,ITI4,12,Lazio,Lazio,5879082,3848827,65.47,1.07
1111,2021-06-27,LAZ,47167,21560,25607,20581,26132,454,ITI,ITI4,12,Lazio,Lazio,5879082,3895994,66.27,0.8
1112,2021-02-04,LAZ,6337,2506,3831,1020,5316,1,ITI,ITI4,12,Lazio,Lazio,5879082,3902331,66.38,0.11
1113,2021-02-09,LAZ,8807,3774,5033,4575,4225,7,ITI,ITI4,12,Lazio,Lazio,5879082,3911138,66.53,0.15
1114,2021-02-23,LAZ,11094,4784,6310,10203,765,126,ITI,ITI4,12,Lazio,Lazio,5879082,3922232,66.72,0.19
1115,2021-01-21,LAZ,5604,2348,3256,551,5053,0,ITI,ITI4,12,Lazio,Lazio,5879082,3927836,66.81,0.1
1116,2021-05-30,LAZ,41207,17634,23573,33180,7355,672,ITI,ITI4,12,Lazio,Lazio,5879082,3969043,67.51,0.7
1117,2021-05-13,LAZ,50158,22539,27619,31680,17799,679,ITI,ITI4,12,Lazio,Lazio,5879082,4019201,68.36,0.85
1118,2021-06-29,LAZ,59306,28191,31115,27648,31101,557,ITI,ITI4,12,Lazio,Lazio,5879082,4078507,69.37,1.01
1119,2021-06-17,LAZ,66764,32090,34674,31735,34337,692,ITI,ITI4,12,Lazio,Lazio,5879082,4145271,70.51,1.14
1120,2021-04-21,LAZ,33042,15017,18025,20308,12376,358,ITI,ITI4,12,Lazio,Lazio,5879082,4178313,71.07,0.56
1121,2021-06-03,LAZ,56418,28539,27879,37999,17725,694,ITI,ITI4,12,Lazio,Lazio,5879082,4234731,72.03,0.96
1122,2021-06-10,LAZ,71678,33849,37829,36990,33892,796,ITI,ITI4,12,Lazio,Lazio,5879082,4306409,73.25,1.22
1123,2021-03-31,LAZ,27739,13420,14319,20311,7098,330,ITI,ITI4,12,Lazio,Lazio,5879082,4334148,73.72,0.47
1124,2021-01-07,LAZ,7751,2903,4848,7594,0,157,ITI,ITI4,12,Lazio,Lazio,5879082,4341899,73.85,0.13
1125,2021-05-10,LAZ,44469,20330,24139,30594,13420,455,ITI,ITI4,12,Lazio,Lazio,5879082,4386368,74.61,0.76
1126,2021-05-27,LAZ,58270,27065,31205,43738,13735,797,ITI,ITI4,12,Lazio,Lazio,5879082,4444638,75.6,0.99
1127,2021-05-22,LAZ,55130,27005,28125,43531,10683,916,ITI,ITI4,12,Lazio,Lazio,5879082,4499768,76.54,0.94
1128,2021-05-15,LAZ,57368,27408,29960,40042,16522,804,ITI,ITI4,12,Lazio,Lazio,5879082,4557136,77.51,0.98
1129,2021-03-19,LAZ,17451,7567,9884,10973,6329,149,ITI,ITI4,12,Lazio,Lazio,5879082,4574587,77.81,0.3
1130,2021-04-29,LAZ,38673,17255,21418,24818,13235,620,ITI,ITI4,12,Lazio,Lazio,5879082,4613260,78.47,0.66
1131,2021-03-03,LAZ,17861,7868,9993,13333,4295,233,ITI,ITI4,12,Lazio,Lazio,5879082,4631121,78.77,0.3
1132,2021-01-26,LAZ,7967,3130,4837,728,7239,0,ITI,ITI4,12,Lazio,Lazio,5879082,4639088,78.91,0.14
1133,2021-04-02,LAZ,29400,14089,15311,21679,7340,381,ITI,ITI4,12,Lazio,Lazio,5879082,4668488,79.41,0.5
1134,2021-07-11,LAZ,43885,22083,21802,3706,40038,141,ITI,ITI4,12,Lazio,Lazio,5879082,4712373,80.15,0.75
1135,2021-01-28,LAZ,8281,3166,5115,783,7497,1,ITI,ITI4,12,Lazio,Lazio,5879082,4720654,80.3,0.14
1136,2021-07-04,LAZ,46489,21628,24861,4073,42333,83,ITI,ITI4,12,Lazio,Lazio,5879082,4767143,81.09,0.79
1137,2021-05-08,LAZ,45447,20747,24700,29371,15421,655,ITI,ITI4,12,Lazio,Lazio,5879082,4812590,81.86,0.77
1138,2021-07-13,LAZ,42155,20652,21503,5468,36380,307,ITI,ITI4,12,Lazio,Lazio,5879082,4854745,82.58,0.72
1139,2021-03-26,LAZ,30204,13988,16216,22922,6848,434,ITI,ITI4,12,Lazio,Lazio,5879082,4884949,83.09,0.51
1140,2021-01-14,LAZ,5489,2146,3343,5315,0,174,ITI,ITI4,12,Lazio,Lazio,5879082,4890438,83.18,0.09
1141,2021-04-07,LAZ,25978,12142,13836,18329,7314,335,ITI,ITI4,12,Lazio,Lazio,5879082,4916416,83.63,0.44
1142,2020-12-28,LAZ,959,412,547,954,0,5,ITI,ITI4,12,Lazio,Lazio,5879082,4917375,83.64,0.02
1143,2021-01-16,LAZ,5648,2283,3365,5500,0,148,ITI,ITI4,12,Lazio,Lazio,5879082,4923023,83.74,0.1
1144,2021-04-26,LAZ,29241,13464,15777,19606,9204,431,ITI,ITI4,12,Lazio,Lazio,5879082,4952264,84.24,0.5
1145,2021-02-02,LAZ,5911,2213,3698,636,5272,3,ITI,ITI4,12,Lazio,Lazio,5879082,4958175,84.34,0.1
1146,2021-06-01,LAZ,48877,23585,25292,29894,18527,456,ITI,ITI4,12,Lazio,Lazio,5879082,5007052,85.17,0.83
1147,2021-04-05,LAZ,19865,9084,10781,13532,6181,152,ITI,ITI4,12,Lazio,Lazio,5879082,5026917,85.51,0.34
1148,2021-05-25,LAZ,47507,22293,25214,35223,11681,603,ITI,ITI4,12,Lazio,Lazio,5879082,5074424,86.31,0.81
1149,2021-04-12,LAZ,23870,10769,13101,16690,6903,277,ITI,ITI4,12,Lazio,Lazio,5879082,5098294,86.72,0.41
1150,2021-06-08,LAZ,66540,31757,34783,35980,29926,634,ITI,ITI4,12,Lazio,Lazio,5879082,5164834,87.85,1.13
1151,2021-07-14,LAZ,41640,20280,21360,6117,35179,344,ITI,ITI4,12,Lazio,Lazio,5879082,5206474,88.56,0.71
1152,2021-07-06,LAZ,62029,30112,31917,28463,33105,461,ITI,ITI4,12,Lazio,Lazio,5879082,5268503,89.61,1.06
1153,2021-03-05,LAZ,19569,8670,10899,14612,4734,223,ITI,ITI4,12,Lazio,Lazio,5879082,5288072,89.95,0.33
1154,2021-02-16,LAZ,8361,4037,4324,7710,608,43,ITI,ITI4,12,Lazio,Lazio,5879082,5296433,90.09,0.14
1155,2021-04-14,LAZ,29314,13287,16027,18872,10123,319,ITI,ITI4,12,Lazio,Lazio,5879082,5325747,90.59,0.5
1156,2021-01-09,LAZ,6300,2562,3738,6187,0,113,ITI,ITI4,12,Lazio,Lazio,5879082,5332047,90.7,0.11
1157,2021-04-19,LAZ,30109,13689,16420,19009,10683,417,ITI,ITI4,12,Lazio,Lazio,5879082,5362156,91.21,0.51
1158,2021-02-21,LAZ,6990,3180,3810,6484,463,43,ITI,ITI4,12,Lazio,Lazio,5879082,5369146,91.33,0.12
1159,2021-02-14,LAZ,5778,2372,3406,5276,472,30,ITI,ITI4,12,Lazio,Lazio,5879082,5374924,91.42,0.1
1160,2021-02-28,LAZ,10259,4016,6243,9653,515,91,ITI,ITI4,12,Lazio,Lazio,5879082,5385183,91.6,0.17
1161,2021-01-02,LAZ,6708,2631,4077,6628,0,80,ITI,ITI4,12,Lazio,Lazio,5879082,5391891,91.71,0.11
1162,2021-04-01,LAZ,29689,14085,15604,22175,7141,373,ITI,ITI4,12,Lazio,Lazio,5879082,5421580,92.22,0.5
1163,2021-07-10,LAZ,70730,35500,35230,25014,45112,604,ITI,ITI4,12,Lazio,Lazio,5879082,5492310,93.42,1.2
1164,2021-06-23,LAZ,62180,29280,32900,28372,33335,473,ITI,ITI4,12,Lazio,Lazio,5879082,5554490,94.48,1.06
1165,2021-04-15,LAZ,31946,14313,17633,20688,10814,444,ITI,ITI4,12,Lazio,Lazio,5879082,5586436,95.02,0.54
1166,2021-02-10,LAZ,8196,3406,4790,4845,3346,5,ITI,ITI4,12,Lazio,Lazio,5879082,5594632,95.16,0.14
1167,2021-05-21,LAZ,51876,24897,26979,37195,13961,720,ITI,ITI4,12,Lazio,Lazio,5879082,5646508,96.04,0.88
1168,2021-06-04,LAZ,61684,30111,31573,43285,17799,600,ITI,ITI4,12,Lazio,Lazio,5879082,5708192,97.09,1.05
1169,2021-05-04,LAZ,39891,18352,21539,25891,13526,474,ITI,ITI4,12,Lazio,Lazio,5879082,5748083,97.77,0.68
1170,2021-02-24,LAZ,12050,5209,6841,10934,995,121,ITI,ITI4,12,Lazio,Lazio,5879082,5760133,97.98,0.2
1171,2021-07-07,LAZ,62276,30891,31385,28365,33367,544,ITI,ITI4,12,Lazio,Lazio,5879082,5822409,99.04,1.06
1172,2021-03-29,LAZ,25372,12044,13328,18041,7037,294,ITI,ITI4,12,Lazio,Lazio,5879082,5847781,99.47,0.43
1173,2021-03-15,LAZ,20950,9831,11119,13977,6743,230,ITI,ITI4,12,Lazio,Lazio,5879082,5868731,99.82,0.36
1174,2021-01-05,LAZ,7376,2803,4573,7274,0,102,ITI,ITI4,12,Lazio,Lazio,5879082,5876107,99.95,0.13
1175,2021-01-24,LAZ,5697,2229,3468,613,5084,0,ITI,ITI4,12,Lazio,Lazio,5879082,5881804,100.05,0.1
1176,2021-02-07,LAZ,4944,2026,2918,386,4557,1,ITI,ITI4,12,Lazio,Lazio,5879082,5886748,100.13,0.08
1177,2021-05-18,LAZ,44961,20564,24397,34858,9546,557,ITI,ITI4,12,Lazio,Lazio,5879082,5931709,100.9,0.76
1178,2021-05-03,LAZ,39247,17726,21521,26034,12628,585,ITI,ITI4,12,Lazio,Lazio,5879082,5970956,101.56,0.67
1179,2021-06-22,LAZ,62663,28974,33689,28537,33451,675,ITI,ITI4,12,Lazio,Lazio,5879082,6033619,102.63,1.07
1180,2021-03-14,LAZ,17240,6754,10486,11829,5154,257,ITI,ITI4,12,Lazio,Lazio,5879082,6050859,102.92,0.29
1181,2021-02-21,PUG,2177,474,1703,2048,62,67,ITF,ITF4,16,Puglia,Puglia,4029053,2177,0.05,0.05
1182,2021-06-01,PUG,34866,17449,17417,21608,12873,385,ITF,ITF4,16,Puglia,Puglia,4029053,37043,0.92,0.87
1183,2021-05-15,PUG,43559,18964,24595,22825,20015,719,ITF,ITF4,16,Puglia,Puglia,4029053,80602,2.0,1.08
1184,2021-06-03,PUG,50470,24489,25981,30467,19265,738,ITF,ITF4,16,Puglia,Puglia,4029053,131072,3.25,1.25
1185,2021-03-10,PUG,14812,6616,8196,11536,3124,152,ITF,ITF4,16,Puglia,Puglia,4029053,145884,3.62,0.37
1186,2021-03-29,PUG,13541,6602,6939,6604,6743,194,ITF,ITF4,16,Puglia,Puglia,4029053,159425,3.96,0.34
1187,2021-02-09,PUG,3840,1569,2271,2149,1673,18,ITF,ITF4,16,Puglia,Puglia,4029053,163265,4.05,0.1
1188,2021-05-20,PUG,33595,15249,18346,20728,12347,520,ITF,ITF4,16,Puglia,Puglia,4029053,196860,4.89,0.83
1189,2021-03-24,PUG,13570,6509,7061,6147,7308,115,ITF,ITF4,16,Puglia,Puglia,4029053,210430,5.22,0.34
1190,2021-01-26,PUG,5366,2398,2968,570,4795,1,ITF,ITF4,16,Puglia,Puglia,4029053,215796,5.36,0.13
1191,2021-07-02,PUG,46667,22151,24516,17159,28554,954,ITF,ITF4,16,Puglia,Puglia,4029053,262463,6.51,1.16
1192,2021-05-06,PUG,39574,17303,22271,19324,19691,559,ITF,ITF4,16,Puglia,Puglia,4029053,302037,7.5,0.98
1193,2021-04-19,PUG,27711,12880,14831,24324,3044,343,ITF,ITF4,16,Puglia,Puglia,4029053,329748,8.18,0.69
1194,2021-04-24,PUG,29387,13379,16008,25109,3943,335,ITF,ITF4,16,Puglia,Puglia,4029053,359135,8.91,0.73
1195,2021-01-14,PUG,4072,1591,2481,4066,0,6,ITF,ITF4,16,Puglia,Puglia,4029053,363207,9.01,0.1
1196,2021-01-12,PUG,4213,1770,2443,4211,0,2,ITF,ITF4,16,Puglia,Puglia,4029053,367420,9.12,0.1
1197,2021-04-07,PUG,15703,7127,8576,8823,6678,202,ITF,ITF4,16,Puglia,Puglia,4029053,383123,9.51,0.39
1198,2021-02-07,PUG,1579,669,910,253,1326,0,ITF,ITF4,16,Puglia,Puglia,4029053,384702,9.55,0.04
1199,2021-01-21,PUG,2133,905,1228,1269,862,2,ITF,ITF4,16,Puglia,Puglia,4029053,386835,9.6,0.05
1200,2021-05-01,PUG,27619,12648,14971,16697,10651,271,ITF,ITF4,16,Puglia,Puglia,4029053,414454,10.29,0.69
1201,2021-01-02,PUG,2951,1302,1649,2951,0,0,ITF,ITF4,16,Puglia,Puglia,4029053,417405,10.36,0.07
1202,2021-04-12,PUG,29271,13791,15480,26079,2878,314,ITF,ITF4,16,Puglia,Puglia,4029053,446676,11.09,0.73
1203,2021-07-04,PUG,19668,9555,10113,7836,11536,296,ITF,ITF4,16,Puglia,Puglia,4029053,466344,11.57,0.49
1204,2021-03-05,PUG,17688,7170,10518,15170,2305,213,ITF,ITF4,16,Puglia,Puglia,4029053,484032,12.01,0.44
1205,2021-02-26,PUG,13766,5055,8711,12534,1036,196,ITF,ITF4,16,Puglia,Puglia,4029053,497798,12.36,0.34
1206,2020-12-31,PUG,1636,783,853,1636,0,0,ITF,ITF4,16,Puglia,Puglia,4029053,499434,12.4,0.04
1207,2021-06-15,PUG,42438,20757,21681,22233,19572,633,ITF,ITF4,16,Puglia,Puglia,4029053,541872,13.45,1.05
1208,2021-06-08,PUG,39266,19124,20142,20946,17760,560,ITF,ITF4,16,Puglia,Puglia,4029053,581138,14.42,0.97
1209,2021-07-11,PUG,11523,5411,6112,2513,8919,91,ITF,ITF4,16,Puglia,Puglia,4029053,592661,14.71,0.29
1210,2021-01-31,PUG,1816,832,984,75,1741,0,ITF,ITF4,16,Puglia,Puglia,4029053,594477,14.75,0.05
1211,2021-04-05,PUG,12750,6192,6558,12076,533,141,ITF,ITF4,16,Puglia,Puglia,4029053,607227,15.07,0.32
1212,2021-03-19,PUG,7965,3654,4311,3378,4550,37,ITF,ITF4,16,Puglia,Puglia,4029053,615192,15.27,0.2
1213,2021-06-27,PUG,18452,9167,9285,9913,8259,280,ITF,ITF4,16,Puglia,Puglia,4029053,633644,15.73,0.46
1214,2021-03-31,PUG,14557,6821,7736,8846,5561,150,ITF,ITF4,16,Puglia,Puglia,4029053,648201,16.09,0.36
1215,2021-02-02,PUG,4344,1846,2498,591,3752,1,ITF,ITF4,16,Puglia,Puglia,4029053,652545,16.2,0.11
1216,2021-07-09,PUG,35526,17073,18453,6357,28516,653,ITF,ITF4,16,Puglia,Puglia,4029053,688071,17.08,0.88
1217,2021-05-13,PUG,38730,17272,21458,20964,17187,579,ITF,ITF4,16,Puglia,Puglia,4029053,726801,18.04,0.96
1218,2021-03-17,PUG,10341,4700,5641,4105,6174,62,ITF,ITF4,16,Puglia,Puglia,4029053,737142,18.3,0.26
1219,2021-03-12,PUG,14281,6437,7844,10214,3930,137,ITF,ITF4,16,Puglia,Puglia,4029053,751423,18.65,0.35
1220,2021-06-20,PUG,21416,10774,10642,13927,7141,348,ITF,ITF4,16,Puglia,Puglia,4029053,772839,19.18,0.53
1221,2021-02-04,PUG,5928,2365,3563,1184,4735,9,ITF,ITF4,16,Puglia,Puglia,4029053,778767,19.33,0.15
1222,2021-05-17,PUG,32843,15217,17626,20477,11861,505,ITF,ITF4,16,Puglia,Puglia,4029053,811610,20.14,0.82
1223,2021-01-07,PUG,5717,2459,3258,5717,0,0,ITF,ITF4,16,Puglia,Puglia,4029053,817327,20.29,0.14
1224,2021-04-17,PUG,39995,18955,21040,36004,3570,421,ITF,ITF4,16,Puglia,Puglia,4029053,857322,21.28,0.99
1225,2021-02-19,PUG,4735,2012,2723,4291,391,53,ITF,ITF4,16,Puglia,Puglia,4029053,862057,21.4,0.12
1226,2021-06-22,PUG,42080,20398,21682,18804,22666,610,ITF,ITF4,16,Puglia,Puglia,4029053,904137,22.44,1.04
1227,2021-04-26,PUG,26270,12036,14234,22645,3234,391,ITF,ITF4,16,Puglia,Puglia,4029053,930407,23.09,0.65
1228,2021-03-16,PUG,9872,4688,5184,3455,6360,57,ITF,ITF4,16,Puglia,Puglia,4029053,940279,23.34,0.25
1229,2021-06-24,PUG,52311,25308,27003,23270,28210,831,ITF,ITF4,16,Puglia,Puglia,4029053,992590,24.64,1.3
1230,2021-04-28,PUG,19827,8890,10937,14790,4770,267,ITF,ITF4,16,Puglia,Puglia,4029053,1012417,25.13,0.49
1231,2021-05-27,PUG,40834,19296,21538,22869,17290,675,ITF,ITF4,16,Puglia,Puglia,4029053,1053251,26.14,1.01
1232,2021-03-02,PUG,16388,6092,10296,14843,1302,243,ITF,ITF4,16,Puglia,Puglia,4029053,1069639,26.55,0.41
1233,2021-06-10,PUG,46976,23094,23882,29234,16999,743,ITF,ITF4,16,Puglia,Puglia,4029053,1116615,27.71,1.17
1234,2021-04-04,PUG,5971,2965,3006,5885,5,81,ITF,ITF4,16,Puglia,Puglia,4029053,1122586,27.86,0.15
1235,2021-07-13,PUG,45920,21656,24264,7825,37517,578,ITF,ITF4,16,Puglia,Puglia,4029053,1168506,29.0,1.14
1236,2021-01-19,PUG,1221,452,769,1210,10,1,ITF,ITF4,16,Puglia,Puglia,4029053,1169727,29.03,0.03
1237,2021-07-08,PUG,40396,18716,21680,5483,34442,471,ITF,ITF4,16,Puglia,Puglia,4029053,1210123,30.03,1.0
1238,2021-06-13,PUG,21718,10883,10835,16215,5178,325,ITF,ITF4,16,Puglia,Puglia,4029053,1231841,30.57,0.54
1239,2021-02-28,PUG,6059,1807,4252,5799,186,74,ITF,ITF4,16,Puglia,Puglia,4029053,1237900,30.72,0.15
1240,2021-05-12,PUG,36565,16311,20254,23479,12492,594,ITF,ITF4,16,Puglia,Puglia,4029053,1274465,31.63,0.91
1241,2021-02-14,PUG,786,347,439,658,124,4,ITF,ITF4,16,Puglia,Puglia,4029053,1275251,31.65,0.02
1242,2021-05-25,PUG,34686,16184,18502,20585,13515,586,ITF,ITF4,16,Puglia,Puglia,4029053,1309937,32.51,0.86
1243,2021-05-08,PUG,54268,22972,31296,24018,29739,511,ITF,ITF4,16,Puglia,Puglia,4029053,1364205,33.86,1.35
1244,2021-05-29,PUG,30513,14369,16144,20548,9418,547,ITF,ITF4,16,Puglia,Puglia,4029053,1394718,34.62,0.76
1245,2021-04-02,PUG,12841,5998,6843,8166,4524,151,ITF,ITF4,16,Puglia,Puglia,4029053,1407559,34.94,0.32
1246,2021-05-31,PUG,37825,18227,19598,23096,14177,552,ITF,ITF4,16,Puglia,Puglia,4029053,1445384,35.87,0.94
1247,2021-02-23,PUG,9362,4423,4939,8782,489,91,ITF,ITF4,16,Puglia,Puglia,4029053,1454746,36.11,0.23
1248,2021-01-09,PUG,4886,2250,2636,4882,0,4,ITF,ITF4,16,Puglia,Puglia,4029053,1459632,36.23,0.12
1249,2021-07-01,PUG,47720,22338,25382,11321,35747,652,ITF,ITF4,16,Puglia,Puglia,4029053,1507352,37.41,1.18
1250,2021-03-14,PUG,3330,1435,1895,2475,819,36,ITF,ITF4,16,Puglia,Puglia,4029053,1510682,37.49,0.08
1251,2021-01-16,PUG,2507,1035,1472,2505,0,2,ITF,ITF4,16,Puglia,Puglia,4029053,1513189,37.56,0.06
1252,2021-03-21,PUG,2694,1227,1467,579,2104,11,ITF,ITF4,16,Puglia,Puglia,4029053,1515883,37.62,0.07
1253,2021-06-29,PUG,46163,22131,24032,15132,30311,720,ITF,ITF4,16,Puglia,Puglia,4029053,1562046,38.77,1.15
1254,2021-01-11,PUG,3754,1589,2165,3753,0,1,ITF,ITF4,16,Puglia,Puglia,4029053,1565800,38.86,0.09
1255,2021-04-21,PUG,23132,10682,12450,19093,3734,305,ITF,ITF4,16,Puglia,Puglia,4029053,1588932,39.44,0.57
1256,2021-05-24,PUG,36096,17033,19063,24486,10995,615,ITF,ITF4,16,Puglia,Puglia,4029053,1625028,40.33,0.9
1257,2021-02-16,PUG,3383,1455,1928,2707,646,30,ITF,ITF4,16,Puglia,Puglia,4029053,1628411,40.42,0.08
1258,2021-01-30,PUG,5531,2514,3017,408,5122,1,ITF,ITF4,16,Puglia,Puglia,4029053,1633942,40.55,0.14
1259,2021-05-10,PUG,37727,16669,21058,19294,17958,475,ITF,ITF4,16,Puglia,Puglia,4029053,1671669,41.49,0.94
1260,2021-01-04,PUG,4509,2016,2493,4507,0,2,ITF,ITF4,16,Puglia,Puglia,4029053,1676178,41.6,0.11
1261,2021-03-26,PUG,11999,5838,6161,7228,4645,126,ITF,ITF4,16,Puglia,Puglia,4029053,1688177,41.9,0.3
1262,2021-03-09,PUG,13624,6088,7536,11431,2011,182,ITF,ITF4,16,Puglia,Puglia,4029053,1701801,42.24,0.34
1263,2021-04-14,PUG,31981,15090,16891,28366,3307,308,ITF,ITF4,16,Puglia,Puglia,4029053,1733782,43.03,0.79
1264,2021-03-28,PUG,3541,1654,1887,1180,2327,34,ITF,ITF4,16,Puglia,Puglia,4029053,1737323,43.12,0.09
1265,2021-07-06,PUG,42076,19370,22706,6177,35469,430,ITF,ITF4,16,Puglia,Puglia,4029053,1779399,44.16,1.04
1266,2021-06-19,PUG,34488,17294,17194,21961,11821,706,ITF,ITF4,16,Puglia,Puglia,4029053,1813887,45.02,0.86
1267,2021-01-23,PUG,3039,1294,1745,885,2153,1,ITF,ITF4,16,Puglia,Puglia,4029053,1816926,45.1,0.08
1268,2021-05-03,PUG,33320,14891,18429,22097,10644,579,ITF,ITF4,16,Puglia,Puglia,4029053,1850246,45.92,0.83
1269,2021-03-07,PUG,4983,2000,2983,4372,571,40,ITF,ITF4,16,Puglia,Puglia,4029053,1855229,46.05,0.12
1270,2021-05-05,PUG,39158,17161,21997,24373,14191,594,ITF,ITF4,16,Puglia,Puglia,4029053,1894387,47.02,0.97
1271,2021-06-17,PUG,42595,20822,21773,21204,20786,605,ITF,ITF4,16,Puglia,Puglia,4029053,1936982,48.08,1.06
1272,2021-04-25,PUG,11301,5234,6067,10021,1149,131,ITF,ITF4,16,Puglia,Puglia,4029053,1948283,48.36,0.28
1273,2021-02-27,PUG,14223,4818,9405,12816,1226,181,ITF,ITF4,16,Puglia,Puglia,4029053,1962506,48.71,0.35
1274,2021-01-01,PUG,148,61,87,148,0,0,ITF,ITF4,16,Puglia,Puglia,4029053,1962654,48.71,0.0
1275,2021-06-07,PUG,44245,21615,22630,30270,13201,774,ITF,ITF4,16,Puglia,Puglia,4029053,2006899,49.81,1.1
1276,2021-04-11,PUG,16467,7253,9214,14632,1658,177,ITF,ITF4,16,Puglia,Puglia,4029053,2023366,50.22,0.41
1277,2021-01-18,PUG,1844,771,1073,1494,349,1,ITF,ITF4,16,Puglia,Puglia,4029053,2025210,50.27,0.05
1278,2021-02-06,PUG,4550,1931,2619,1578,2957,15,ITF,ITF4,16,Puglia,Puglia,4029053,2029760,50.38,0.11
1279,2021-01-20,PUG,1548,542,1006,1537,8,3,ITF,ITF4,16,Puglia,Puglia,4029053,2031308,50.42,0.04
1280,2021-04-30,PUG,34950,15659,19291,22412,11969,569,ITF,ITF4,16,Puglia,Puglia,4029053,2066258,51.28,0.87
1281,2021-04-13,PUG,28744,13633,15111,25032,3403,309,ITF,ITF4,16,Puglia,Puglia,4029053,2095002,52.0,0.71
1282,2021-07-05,PUG,37711,17711,20000,7060,30109,542,ITF,ITF4,16,Puglia,Puglia,4029053,2132713,52.93,0.94
1283,2021-05-02,PUG,21321,9664,11657,13872,7266,183,ITF,ITF4,16,Puglia,Puglia,4029053,2154034,53.46,0.53
1284,2021-05-21,PUG,39053,18538,20515,28207,10055,791,ITF,ITF4,16,Puglia,Puglia,4029053,2193087,54.43,0.97
1285,2021-05-19,PUG,26387,12759,13628,19514,6435,438,ITF,ITF4,16,Puglia,Puglia,4029053,2219474,55.09,0.65
1286,2021-03-23,PUG,11105,5634,5471,4541,6477,87,ITF,ITF4,16,Puglia,Puglia,4029053,2230579,55.36,0.28
1287,2021-06-21,PUG,41499,20228,21271,21204,19616,679,ITF,ITF4,16,Puglia,Puglia,4029053,2272078,56.39,1.03
1288,2021-02-13,PUG,3727,1456,2271,3015,696,16,ITF,ITF4,16,Puglia,Puglia,4029053,2275805,56.48,0.09
1289,2021-06-28,PUG,48219,23384,24835,21494,25851,874,ITF,ITF4,16,Puglia,Puglia,4029053,2324024,57.68,1.2
1290,2021-05-09,PUG,30701,12589,18112,14703,15619,379,ITF,ITF4,16,Puglia,Puglia,4029053,2354725,58.44,0.76
1291,2021-04-22,PUG,23022,10538,12484,17712,4920,390,ITF,ITF4,16,Puglia,Puglia,4029053,2377747,59.02,0.57
1292,2021-03-06,PUG,16146,6124,10022,13885,2094,167,ITF,ITF4,16,Puglia,Puglia,4029053,2393893,59.42,0.4
1293,2021-01-08,PUG,5652,2372,3280,5646,0,6,ITF,ITF4,16,Puglia,Puglia,4029053,2399545,59.56,0.14
1294,2021-06-14,PUG,41809,20455,21354,28608,12343,858,ITF,ITF4,16,Puglia,Puglia,4029053,2441354,60.59,1.04
1295,2021-04-18,PUG,22644,10833,11811,21391,1056,197,ITF,ITF4,16,Puglia,Puglia,4029053,2463998,61.16,0.56
1296,2021-02-20,PUG,2969,1078,1891,2684,257,28,ITF,ITF4,16,Puglia,Puglia,4029053,2466967,61.23,0.07
1297,2021-04-16,PUG,36038,16940,19098,32329,3282,427,ITF,ITF4,16,Puglia,Puglia,4029053,2503005,62.12,0.89
1298,2021-02-18,PUG,4380,1846,2534,3715,606,59,ITF,ITF4,16,Puglia,Puglia,4029053,2507385,62.23,0.11
1299,2021-04-09,PUG,22057,9506,12551,17047,4625,385,ITF,ITF4,16,Puglia,Puglia,4029053,2529442,62.78,0.55
1300,2021-02-11,PUG,3697,1401,2296,2393,1278,26,ITF,ITF4,16,Puglia,Puglia,4029053,2533139,62.87,0.09
1301,2021-05-22,PUG,34624,15860,18764,23681,10398,545,ITF,ITF4,16,Puglia,Puglia,4029053,2567763,63.73,0.86
1302,2021-02-25,PUG,11968,5062,6906,10661,1173,134,ITF,ITF4,16,Puglia,Puglia,4029053,2579731,64.03,0.3
1303,2021-06-05,PUG,42399,20779,21620,29053,12616,730,ITF,ITF4,16,Puglia,Puglia,4029053,2622130,65.08,1.05
1304,2021-06-18,PUG,47431,23350,24081,28576,17860,995,ITF,ITF4,16,Puglia,Puglia,4029053,2669561,66.26,1.18
1305,2021-03-30,PUG,12363,5921,6442,6285,5924,154,ITF,ITF4,16,Puglia,Puglia,4029053,2681924,66.56,0.31
1306,2021-02-01,PUG,3966,1660,2306,369,3595,2,ITF,ITF4,16,Puglia,Puglia,4029053,2685890,66.66,0.1
1307,2021-05-14,PUG,44922,20531,24391,27928,16129,865,ITF,ITF4,16,Puglia,Puglia,4029053,2730812,67.78,1.11
1308,2021-01-25,PUG,3829,1680,2149,424,3404,1,ITF,ITF4,16,Puglia,Puglia,4029053,2734641,67.87,0.1
1309,2021-07-10,PUG,21571,10618,10953,4390,16883,298,ITF,ITF4,16,Puglia,Puglia,4029053,2756212,68.41,0.54
1310,2021-04-08,PUG,17488,7587,9901,11095,6177,216,ITF,ITF4,16,Puglia,Puglia,4029053,2773700,68.84,0.43
1311,2021-06-06,PUG,30655,15432,15223,25289,5032,334,ITF,ITF4,16,Puglia,Puglia,4029053,2804355,69.6,0.76
1312,2021-02-12,PUG,4212,1672,2540,3098,1092,22,ITF,ITF4,16,Puglia,Puglia,4029053,2808567,69.71,0.1
1313,2021-01-29,PUG,6203,2664,3539,418,5781,4,ITF,ITF4,16,Puglia,Puglia,4029053,2814770,69.86,0.15
1314,2021-03-20,PUG,8413,3878,4535,3775,4595,43,ITF,ITF4,16,Puglia,Puglia,4029053,2823183,70.07,0.21
1315,2021-03-03,PUG,16783,6802,9981,14714,1919,150,ITF,ITF4,16,Puglia,Puglia,4029053,2839966,70.49,0.42
1316,2021-06-11,PUG,47690,23329,24361,32775,13961,954,ITF,ITF4,16,Puglia,Puglia,4029053,2887656,71.67,1.18
1317,2021-03-11,PUG,14812,6574,8238,11443,3172,197,ITF,ITF4,16,Puglia,Puglia,4029053,2902468,72.04,0.37
1318,2021-06-02,PUG,27010,13207,13803,21832,4815,363,ITF,ITF4,16,Puglia,Puglia,4029053,2929478,72.71,0.67
1319,2021-03-13,PUG,10468,4134,6334,8562,1808,98,ITF,ITF4,16,Puglia,Puglia,4029053,2939946,72.97,0.26
1320,2021-02-24,PUG,10047,4707,5340,9363,594,90,ITF,ITF4,16,Puglia,Puglia,4029053,2949993,73.22,0.25
1321,2021-06-04,PUG,52599,25450,27149,34103,17663,833,ITF,ITF4,16,Puglia,Puglia,4029053,3002592,74.52,1.31
1322,2021-05-18,PUG,28881,13440,15441,15846,12783,252,ITF,ITF4,16,Puglia,Puglia,4029053,3031473,75.24,0.72
1323,2021-01-15,PUG,4552,1866,2686,4547,0,5,ITF,ITF4,16,Puglia,Puglia,4029053,3036025,75.35,0.11
1324,2021-01-22,PUG,1409,578,831,990,418,1,ITF,ITF4,16,Puglia,Puglia,4029053,3037434,75.39,0.03
1325,2021-04-03,PUG,10559,4645,5914,6804,3559,196,ITF,ITF4,16,Puglia,Puglia,4029053,3047993,75.65,0.26
1326,2021-01-03,PUG,2006,942,1064,2005,0,1,ITF,ITF4,16,Puglia,Puglia,4029053,3049999,75.7,0.05
1327,2021-03-27,PUG,12155,5710,6445,6875,5171,109,ITF,ITF4,16,Puglia,Puglia,4029053,3062154,76.0,0.3
1328,2021-01-05,PUG,5110,2251,2859,5107,0,3,ITF,ITF4,16,Puglia,Puglia,4029053,3067264,76.13,0.13
1329,2021-04-15,PUG,32699,15260,17439,28687,3611,401,ITF,ITF4,16,Puglia,Puglia,4029053,3099963,76.94,0.81
1330,2021-07-07,PUG,38257,18315,19942,6170,31567,520,ITF,ITF4,16,Puglia,Puglia,4029053,3138220,77.89,0.95
1331,2021-04-10,PUG,30896,13104,17792,26293,4224,379,ITF,ITF4,16,Puglia,Puglia,4029053,3169116,78.66,0.77
1332,2021-04-01,PUG,13934,6543,7391,7374,6347,213,ITF,ITF4,16,Puglia,Puglia,4029053,3183050,79.0,0.35
1333,2021-02-03,PUG,5038,2006,3032,727,4308,3,ITF,ITF4,16,Puglia,Puglia,4029053,3188088,79.13,0.13
1334,2021-03-25,PUG,11715,6001,5714,5371,6246,98,ITF,ITF4,16,Puglia,Puglia,4029053,3199803,79.42,0.29
1335,2021-07-03,PUG,32302,16110,16192,13146,18633,523,ITF,ITF4,16,Puglia,Puglia,4029053,3232105,80.22,0.8
1336,2021-02-08,PUG,3994,1611,2383,1581,2397,16,ITF,ITF4,16,Puglia,Puglia,4029053,3236099,80.32,0.1
1337,2021-02-10,PUG,3646,1436,2210,2114,1511,21,ITF,ITF4,16,Puglia,Puglia,4029053,3239745,80.41,0.09
1338,2021-05-23,PUG,17918,8373,9545,13850,3806,262,ITF,ITF4,16,Puglia,Puglia,4029053,3257663,80.85,0.44
1339,2021-02-17,PUG,4280,1747,2533,3634,606,40,ITF,ITF4,16,Puglia,Puglia,4029053,3261943,80.96,0.11
1340,2021-05-28,PUG,43921,20798,23123,27415,15703,803,ITF,ITF4,16,Puglia,Puglia,4029053,3305864,82.05,1.09
1341,2021-05-30,PUG,20986,10049,10937,15691,5037,258,ITF,ITF4,16,Puglia,Puglia,4029053,3326850,82.57,0.52
1342,2021-04-29,PUG,26178,12112,14066,19091,6663,424,ITF,ITF4,16,Puglia,Puglia,4029053,3353028,83.22,0.65
1343,2021-02-22,PUG,9634,4536,5098,9213,334,87,ITF,ITF4,16,Puglia,Puglia,4029053,3362662,83.46,0.24
1344,2021-01-06,PUG,3952,1674,2278,3951,0,1,ITF,ITF4,16,Puglia,Puglia,4029053,3366614,83.56,0.1
1345,2021-06-16,PUG,41798,20553,21245,26642,14381,775,ITF,ITF4,16,Puglia,Puglia,4029053,3408412,84.6,1.04
1346,2021-07-12,PUG,42159,19918,22241,11767,29683,709,ITF,ITF4,16,Puglia,Puglia,4029053,3450571,85.64,1.05
1347,2021-06-25,PUG,50410,24833,25577,23633,25826,951,ITF,ITF4,16,Puglia,Puglia,4029053,3500981,86.89,1.25
1348,2021-02-05,PUG,5636,2273,3363,1328,4303,5,ITF,ITF4,16,Puglia,Puglia,4029053,3506617,87.03,0.14
1349,2021-05-16,PUG,24543,11069,13474,12485,11833,225,ITF,ITF4,16,Puglia,Puglia,4029053,3531160,87.64,0.61
1350,2020-12-30,PUG,1,0,1,1,0,0,ITF,ITF4,16,Puglia,Puglia,4029053,3531161,87.64,0.0
1351,2021-03-22,PUG,9948,5112,4836,4241,5646,61,ITF,ITF4,16,Puglia,Puglia,4029053,3541109,87.89,0.25
1352,2021-01-24,PUG,1670,750,920,154,1516,0,ITF,ITF4,16,Puglia,Puglia,4029053,3542779,87.93,0.04
1353,2021-06-30,PUG,47102,22872,24230,18530,27692,880,ITF,ITF4,16,Puglia,Puglia,4029053,3589881,89.1,1.17
1354,2021-03-15,PUG,12340,6148,6192,5734,6505,101,ITF,ITF4,16,Puglia,Puglia,4029053,3602221,89.41,0.31
1355,2021-01-17,PUG,1309,591,718,1239,69,1,ITF,ITF4,16,Puglia,Puglia,4029053,3603530,89.44,0.03
1356,2021-06-23,PUG,29160,14242,14918,16794,11725,641,ITF,ITF4,16,Puglia,Puglia,4029053,3632690,90.16,0.72
1357,2021-04-27,PUG,26682,12070,14612,20754,5603,325,ITF,ITF4,16,Puglia,Puglia,4029053,3659372,90.82,0.66
1358,2021-05-11,PUG,32562,14366,18196,13642,18426,494,ITF,ITF4,16,Puglia,Puglia,4029053,3691934,91.63,0.81
1359,2021-05-04,PUG,35066,14832,20234,18181,16469,416,ITF,ITF4,16,Puglia,Puglia,4029053,3727000,92.5,0.87
1360,2021-03-08,PUG,14994,6439,8555,12439,2402,153,ITF,ITF4,16,Puglia,Puglia,4029053,3741994,92.88,0.37
1361,2021-06-12,PUG,34090,17011,17079,24602,8860,628,ITF,ITF4,16,Puglia,Puglia,4029053,3776084,93.72,0.85
1362,2021-01-28,PUG,5474,2277,3197,471,5003,0,ITF,ITF4,16,Puglia,Puglia,4029053,3781558,93.86,0.14
1363,2021-04-23,PUG,29510,13714,15796,23839,5254,417,ITF,ITF4,16,Puglia,Puglia,4029053,3811068,94.59,0.73
1364,2021-03-18,PUG,9576,4349,5227,3334,6177,65,ITF,ITF4,16,Puglia,Puglia,4029053,3820644,94.83,0.24
1365,2021-06-26,PUG,32180,16199,15981,15753,15828,599,ITF,ITF4,16,Puglia,Puglia,4029053,3852824,95.63,0.8
1366,2021-03-04,PUG,15347,6096,9251,13701,1423,223,ITF,ITF4,16,Puglia,Puglia,4029053,3868171,96.01,0.38
1367,2021-06-09,PUG,41742,20667,21075,29826,11188,728,ITF,ITF4,16,Puglia,Puglia,4029053,3909913,97.04,1.04
1368,2021-02-15,PUG,3258,1270,1988,2592,622,44,ITF,ITF4,16,Puglia,Puglia,4029053,3913171,97.12,0.08
1369,2021-05-26,PUG,38508,18499,20009,26169,11687,652,ITF,ITF4,16,Puglia,Puglia,4029053,3951679,98.08,0.96
1370,2021-01-27,PUG,4603,1941,2662,629,3972,2,ITF,ITF4,16,Puglia,Puglia,4029053,3956282,98.19,0.11
1371,2021-05-07,PUG,50045,22336,27709,26018,23470,557,ITF,ITF4,16,Puglia,Puglia,4029053,4006327,99.44,1.24
1372,2021-01-13,PUG,4544,1729,2815,4541,0,3,ITF,ITF4,16,Puglia,Puglia,4029053,4010871,99.55,0.11
1373,2021-04-06,PUG,13848,6255,7593,6924,6755,169,ITF,ITF4,16,Puglia,Puglia,4029053,4024719,99.89,0.34
1374,2021-07-15,PUG,12834,6049,6785,2758,9873,203,ITF,ITF4,16,Puglia,Puglia,4029053,4037553,100.21,0.32
1375,2021-07-14,PUG,40606,19465,21141,11930,27904,772,ITF,ITF4,16,Puglia,Puglia,4029053,4078159,101.22,1.01
1376,2021-03-01,PUG,15104,5867,9237,13579,1372,153,ITF,ITF4,16,Puglia,Puglia,4029053,4093263,101.59,0.37
1377,2021-01-10,PUG,2348,1061,1287,2347,0,1,ITF,ITF4,16,Puglia,Puglia,4029053,4095611,101.65,0.06
1378,2021-04-20,PUG,21168,9833,11335,17440,3466,262,ITF,ITF4,16,Puglia,Puglia,4029053,4116779,102.18,0.53
1379,2020-12-27,PUG,510,252,258,510,0,0,ITF,ITF4,16,Puglia,Puglia,4029053,4117289,102.19,0.01
1380,2021-05-26,EMR,33237,14732,18505,9925,22928,384,ITH,ITH5,8,Emilia-Romagna,Emilia-Romagna,4459477,33237,0.75,0.75
1381,2021-06-12,EMR,41262,21821,19441,35794,4911,557,ITH,ITH5,8,Emilia-Romagna,Emilia-Romagna,4459477,74499,1.67,0.93
1382,2021-03-04,EMR,16452,5350,11102,13344,3017,91,ITH,ITH5,8,Emilia-Romagna,Emilia-Romagna,4459477,90951,2.04,0.37
1383,2021-05-24,EMR,29948,13716,16232,17950,11481,517,ITH,ITH5,8,Emilia-Romagna,Emilia-Romagna,4459477,120899,2.71,0.67
1384,2021-02-13,EMR,3627,1084,2543,3014,598,15,ITH,ITH5,8,Emilia-Romagna,Emilia-Romagna,4459477,124526,2.79,0.08
1385,2021-01-23,EMR,2448,871,1577,440,2008,0,ITH,ITH5,8,Emilia-Romagna,Emilia-Romagna,4459477,126974,2.85,0.05
1386,2021-05-07,EMR,35272,16962,18310,22724,11856,692,ITH,ITH5,8,Emilia-Romagna,Emilia-Romagna,4459477,162246,3.64,0.79
1387,2021-07-03,EMR,32021,15881,16140,11772,19956,293,ITH,ITH5,8,Emilia-Romagna,Emilia-Romagna,4459477,194267,4.36,0.72
1388,2021-04-11,EMR,15278,6935,8343,11981,3048,249,ITH,ITH5,8,Emilia-Romagna,Emilia-Romagna,4459477,209545,4.7,0.34
1389,2021-02-11,EMR,4255,1415,2840,3397,842,16,ITH,ITH5,8,Emilia-Romagna,Emilia-Romagna,4459477,213800,4.79,0.1
1390,2021-04-16,EMR,29229,13763,15466,20026,8838,365,ITH,ITH5,8,Emilia-Romagna,Emilia-Romagna,4459477,243029,5.45,0.66
1391,2021-01-06,EMR,8287,2955,5332,8286,0,1,ITH,ITH5,8,Emilia-Romagna,Emilia-Romagna,4459477,251316,5.64,0.19
1392,2021-04-30,EMR,36606,16788,19818,21188,14795,623,ITH,ITH5,8,Emilia-Romagna,Emilia-Romagna,4459477,287922,6.46,0.82
1393,2021-03-28,EMR,13501,6027,7474,9506,3870,125,ITH,ITH5,8,Emilia-Romagna,Emilia-Romagna,4459477,301423,6.76,0.3
1394,2021-02-25,EMR,9249,3499,5750,8274,954,21,ITH,ITH5,8,Emilia-Romagna,Emilia-Romagna,4459477,310672,6.97,0.21
1395,2021-01-30,EMR,10081,3520,6561,140,9940,1,ITH,ITH5,8,Emilia-Romagna,Emilia-Romagna,4459477,320753,7.19,0.23
1396,2021-07-15,EMR,13754,7068,6686,2176,11498,80,ITH,ITH5,8,Emilia-Romagna,Emilia-Romagna,4459477,334507,7.5,0.31
1397,2021-04-23,EMR,29563,13811,15752,14300,14882,381,ITH,ITH5,8,Emilia-Romagna,Emilia-Romagna,4459477,364070,8.16,0.66
1398,2021-02-18,EMR,7039,2892,4147,6440,583,16,ITH,ITH5,8,Emilia-Romagna,Emilia-Romagna,4459477,371109,8.32,0.16
1399,2021-06-07,EMR,40460,20767,19693,33881,6249,330,ITH,ITH5,8,Emilia-Romagna,Emilia-Romagna,4459477,411569,9.23,0.91
1400,2021-05-12,EMR,38904,18286,20618,28377,9676,851,ITH,ITH5,8,Emilia-Romagna,Emilia-Romagna,4459477,450473,10.1,0.87
1401,2021-02-01,EMR,10320,3610,6710,360,9958,2,ITH,ITH5,8,Emilia-Romagna,Emilia-Romagna,4459477,460793,10.33,0.23
1402,2021-01-18,EMR,3128,879,2249,2446,679,3,ITH,ITH5,8,Emilia-Romagna,Emilia-Romagna,4459477,463921,10.4,0.07
1403,2021-03-16,EMR,12246,5027,7219,4871,7309,66,ITH,ITH5,8,Emilia-Romagna,Emilia-Romagna,4459477,476167,10.68,0.27
1404,2021-01-25,EMR,6462,2146,4316,206,6255,1,ITH,ITH5,8,Emilia-Romagna,Emilia-Romagna,4459477,482629,10.82,0.14
1405,2021-07-01,EMR,34456,16838,17618,15332,18812,312,ITH,ITH5,8,Emilia-Romagna,Emilia-Romagna,4459477,517085,11.6,0.77
1406,2021-03-23,EMR,18798,8144,10654,11952,6687,159,ITH,ITH5,8,Emilia-Romagna,Emilia-Romagna,4459477,535883,12.02,0.42
1407,2021-06-21,EMR,37516,18969,18547,16392,20861,263,ITH,ITH5,8,Emilia-Romagna,Emilia-Romagna,4459477,573399,12.86,0.84
1408,2021-07-08,EMR,41093,20485,20608,4811,36009,273,ITH,ITH5,8,Emilia-Romagna,Emilia-Romagna,4459477,614492,13.78,0.92
1409,2021-03-30,EMR,23345,10338,13007,18008,5041,296,ITH,ITH5,8,Emilia-Romagna,Emilia-Romagna,4459477,637837,14.3,0.52
1410,2021-01-04,EMR,7315,2527,4788,7312,0,3,ITH,ITH5,8,Emilia-Romagna,Emilia-Romagna,4459477,645152,14.47,0.16
1411,2021-06-26,EMR,37413,18960,18453,21513,15509,391,ITH,ITH5,8,Emilia-Romagna,Emilia-Romagna,4459477,682565,15.31,0.84
1412,2021-07-10,EMR,41821,21292,20529,7042,34429,350,ITH,ITH5,8,Emilia-Romagna,Emilia-Romagna,4459477,724386,16.24,0.94
1413,2021-05-09,EMR,25609,12251,13358,18230,6968,411,ITH,ITH5,8,Emilia-Romagna,Emilia-Romagna,4459477,749995,16.82,0.57
1414,2021-01-29,EMR,10414,3496,6918,289,10124,1,ITH,ITH5,8,Emilia-Romagna,Emilia-Romagna,4459477,760409,17.05,0.23
1415,2021-02-15,EMR,2904,851,2053,2712,125,67,ITH,ITH5,8,Emilia-Romagna,Emilia-Romagna,4459477,763313,17.12,0.07
1416,2021-01-27,EMR,8362,2948,5414,462,7900,0,ITH,ITH5,8,Emilia-Romagna,Emilia-Romagna,4459477,771675,17.3,0.19
1417,2021-04-18,EMR,17504,8396,9108,12362,4918,224,ITH,ITH5,8,Emilia-Romagna,Emilia-Romagna,4459477,789179,17.7,0.39
1418,2021-06-14,EMR,41222,21303,19919,27711,13063,448,ITH,ITH5,8,Emilia-Romagna,Emilia-Romagna,4459477,830401,18.62,0.92
1419,2021-01-10,EMR,7171,2684,4487,7170,0,1,ITH,ITH5,8,Emilia-Romagna,Emilia-Romagna,4459477,837572,18.78,0.16
1420,2021-06-16,EMR,45689,23347,22342,25381,19916,392,ITH,ITH5,8,Emilia-Romagna,Emilia-Romagna,4459477,883261,19.81,1.02
1421,2021-03-08,EMR,12190,5092,7098,9465,2646,79,ITH,ITH5,8,Emilia-Romagna,Emilia-Romagna,4459477,895451,20.08,0.27
1422,2021-06-19,EMR,36604,18321,18283,17022,19374,208,ITH,ITH5,8,Emilia-Romagna,Emilia-Romagna,4459477,932055,20.9,0.82
1423,2021-03-11,EMR,17453,7306,10147,11431,5851,171,ITH,ITH5,8,Emilia-Romagna,Emilia-Romagna,4459477,949508,21.29,0.39
1424,2021-02-06,EMR,7594,2404,5190,2105,5485,4,ITH,ITH5,8,Emilia-Romagna,Emilia-Romagna,4459477,957102,21.46,0.17
1425,2021-01-13,EMR,9077,2942,6135,9072,0,5,ITH,ITH5,8,Emilia-Romagna,Emilia-Romagna,4459477,966179,21.67,0.2
1426,2021-04-04,EMR,9879,4717,5162,7525,2267,87,ITH,ITH5,8,Emilia-Romagna,Emilia-Romagna,4459477,976058,21.89,0.22
1427,2021-01-11,EMR,9347,3273,6074,9338,0,9,ITH,ITH5,8,Emilia-Romagna,Emilia-Romagna,4459477,985405,22.1,0.21
1428,2021-05-31,EMR,29740,13756,15984,17721,11471,548,ITH,ITH5,8,Emilia-Romagna,Emilia-Romagna,4459477,1015145,22.76,0.67
1429,2021-02-20,EMR,5319,2094,3225,5049,263,7,ITH,ITH5,8,Emilia-Romagna,Emilia-Romagna,4459477,1020464,22.88,0.12
1430,2021-01-15,EMR,7750,2404,5346,7742,0,8,ITH,ITH5,8,Emilia-Romagna,Emilia-Romagna,4459477,1028214,23.06,0.17
1431,2021-06-09,EMR,42985,21845,21140,36158,6359,468,ITH,ITH5,8,Emilia-Romagna,Emilia-Romagna,4459477,1071199,24.02,0.96
1432,2021-03-01,EMR,10097,3582,6515,7814,2258,25,ITH,ITH5,8,Emilia-Romagna,Emilia-Romagna,4459477,1081296,24.25,0.23
1433,2021-05-04,EMR,29274,13704,15570,15121,13659,494,ITH,ITH5,8,Emilia-Romagna,Emilia-Romagna,4459477,1110570,24.9,0.66
1434,2021-05-19,EMR,33730,14963,18767,18028,15182,520,ITH,ITH5,8,Emilia-Romagna,Emilia-Romagna,4459477,1144300,25.66,0.76
1435,2021-06-02,EMR,24097,12062,12035,18937,4970,190,ITH,ITH5,8,Emilia-Romagna,Emilia-Romagna,4459477,1168397,26.2,0.54
1436,2021-03-13,EMR,16137,6361,9776,10588,5313,236,ITH,ITH5,8,Emilia-Romagna,Emilia-Romagna,4459477,1184534,26.56,0.36
1437,2021-07-05,EMR,33059,16119,16940,11451,21291,317,ITH,ITH5,8,Emilia-Romagna,Emilia-Romagna,4459477,1217593,27.3,0.74
1438,2021-03-27,EMR,21660,9059,12601,14507,6908,245,ITH,ITH5,8,Emilia-Romagna,Emilia-Romagna,4459477,1239253,27.79,0.49
1439,2021-03-09,EMR,14757,6020,8737,10709,3953,95,ITH,ITH5,8,Emilia-Romagna,Emilia-Romagna,4459477,1254010,28.12,0.33
1440,2021-05-05,EMR,30100,13987,16113,18270,11253,577,ITH,ITH5,8,Emilia-Romagna,Emilia-Romagna,4459477,1284110,28.8,0.67
1441,2021-05-23,EMR,25481,11859,13622,13576,11593,312,ITH,ITH5,8,Emilia-Romagna,Emilia-Romagna,4459477,1309591,29.37,0.57
1442,2021-03-25,EMR,21483,9418,12065,14234,6990,259,ITH,ITH5,8,Emilia-Romagna,Emilia-Romagna,4459477,1331074,29.85,0.48
1443,2021-05-21,EMR,39279,17532,21747,21627,17039,613,ITH,ITH5,8,Emilia-Romagna,Emilia-Romagna,4459477,1370353,30.73,0.88
1444,2021-02-10,EMR,4023,1385,2638,2761,1256,6,ITH,ITH5,8,Emilia-Romagna,Emilia-Romagna,4459477,1374376,30.82,0.09
1445,2021-04-08,EMR,31212,14332,16880,25212,5303,697,ITH,ITH5,8,Emilia-Romagna,Emilia-Romagna,4459477,1405588,31.52,0.7
1446,2021-03-18,EMR,13675,5806,7869,5584,8000,91,ITH,ITH5,8,Emilia-Romagna,Emilia-Romagna,4459477,1419263,31.83,0.31
1447,2021-05-28,EMR,41195,18936,22259,17261,23343,591,ITH,ITH5,8,Emilia-Romagna,Emilia-Romagna,4459477,1460458,32.75,0.92
1448,2021-04-20,EMR,22625,10406,12219,13884,8354,387,ITH,ITH5,8,Emilia-Romagna,Emilia-Romagna,4459477,1483083,33.26,0.51
1449,2021-06-23,EMR,37729,18876,18853,18627,18823,279,ITH,ITH5,8,Emilia-Romagna,Emilia-Romagna,4459477,1520812,34.1,0.85
1450,2021-01-08,EMR,10868,3580,7288,10865,0,3,ITH,ITH5,8,Emilia-Romagna,Emilia-Romagna,4459477,1531680,34.35,0.24
1451,2021-06-04,EMR,45620,22976,22644,37170,8137,313,ITH,ITH5,8,Emilia-Romagna,Emilia-Romagna,4459477,1577300,35.37,1.02
1452,2021-01-20,EMR,1326,270,1056,1324,1,1,ITH,ITH5,8,Emilia-Romagna,Emilia-Romagna,4459477,1578626,35.4,0.03
1453,2021-06-30,EMR,34195,17258,16937,18227,15644,324,ITH,ITH5,8,Emilia-Romagna,Emilia-Romagna,4459477,1612821,36.17,0.77
1454,2021-06-11,EMR,45785,23777,22008,38700,6503,582,ITH,ITH5,8,Emilia-Romagna,Emilia-Romagna,4459477,1658606,37.19,1.03
1455,2021-06-28,EMR,40012,19630,20382,20012,19557,443,ITH,ITH5,8,Emilia-Romagna,Emilia-Romagna,4459477,1698618,38.09,0.9
1456,2021-03-20,EMR,16085,6829,9256,8955,6964,166,ITH,ITH5,8,Emilia-Romagna,Emilia-Romagna,4459477,1714703,38.45,0.36
1457,2021-04-06,EMR,24747,11173,13574,19718,4744,285,ITH,ITH5,8,Emilia-Romagna,Emilia-Romagna,4459477,1739450,39.01,0.55
1458,2020-12-27,EMR,972,373,599,972,0,0,ITH,ITH5,8,Emilia-Romagna,Emilia-Romagna,4459477,1740422,39.03,0.02
1459,2021-02-27,EMR,10961,3998,6963,9192,1738,31,ITH,ITH5,8,Emilia-Romagna,Emilia-Romagna,4459477,1751383,39.27,0.25
1460,2021-04-25,EMR,22351,10240,12111,14394,7511,446,ITH,ITH5,8,Emilia-Romagna,Emilia-Romagna,4459477,1773734,39.77,0.5
1461,2021-04-27,EMR,32100,14862,17238,19209,12458,433,ITH,ITH5,8,Emilia-Romagna,Emilia-Romagna,4459477,1805834,40.49,0.72
1462,2021-05-14,EMR,37258,17169,20089,26750,9609,899,ITH,ITH5,8,Emilia-Romagna,Emilia-Romagna,4459477,1843092,41.33,0.84
1463,2021-02-03,EMR,9340,2989,6351,964,8375,1,ITH,ITH5,8,Emilia-Romagna,Emilia-Romagna,4459477,1852432,41.54,0.21
1464,2021-04-01,EMR,23952,10772,13180,19064,4550,338,ITH,ITH5,8,Emilia-Romagna,Emilia-Romagna,4459477,1876384,42.08,0.54
1465,2021-02-17,EMR,6538,2764,3774,5754,772,12,ITH,ITH5,8,Emilia-Romagna,Emilia-Romagna,4459477,1882922,42.22,0.15
1466,2021-06-01,EMR,27137,13088,14049,17058,9893,186,ITH,ITH5,8,Emilia-Romagna,Emilia-Romagna,4459477,1910059,42.83,0.61
1467,2021-04-22,EMR,29052,13452,15600,14604,14077,371,ITH,ITH5,8,Emilia-Romagna,Emilia-Romagna,4459477,1939111,43.48,0.65
1468,2021-01-12,EMR,9476,3124,6352,9466,0,10,ITH,ITH5,8,Emilia-Romagna,Emilia-Romagna,4459477,1948587,43.7,0.21
1469,2021-06-27,EMR,29536,14856,14680,16524,12719,293,ITH,ITH5,8,Emilia-Romagna,Emilia-Romagna,4459477,1978123,44.36,0.66
1470,2021-07-14,EMR,47048,24054,22994,5654,41059,335,ITH,ITH5,8,Emilia-Romagna,Emilia-Romagna,4459477,2025171,45.41,1.06
1471,2021-04-05,EMR,14848,6802,8046,11779,2892,177,ITH,ITH5,8,Emilia-Romagna,Emilia-Romagna,4459477,2040019,45.75,0.33
1472,2021-03-06,EMR,20908,5941,14967,18049,2736,123,ITH,ITH5,8,Emilia-Romagna,Emilia-Romagna,4459477,2060927,46.21,0.47
1473,2021-05-20,EMR,40272,18310,21962,18402,21373,497,ITH,ITH5,8,Emilia-Romagna,Emilia-Romagna,4459477,2101199,47.12,0.9
1474,2021-06-25,EMR,42482,21508,20974,19794,22272,416,ITH,ITH5,8,Emilia-Romagna,Emilia-Romagna,4459477,2143681,48.07,0.95
1475,2021-06-13,EMR,28692,14960,13732,24113,4271,308,ITH,ITH5,8,Emilia-Romagna,Emilia-Romagna,4459477,2172373,48.71,0.64
1476,2021-03-05,EMR,17865,5843,12022,14291,3454,120,ITH,ITH5,8,Emilia-Romagna,Emilia-Romagna,4459477,2190238,49.11,0.4
1477,2021-03-22,EMR,17647,7814,9833,10617,6862,168,ITH,ITH5,8,Emilia-Romagna,Emilia-Romagna,4459477,2207885,49.51,0.4
1478,2021-03-03,EMR,15857,5253,10604,13320,2485,52,ITH,ITH5,8,Emilia-Romagna,Emilia-Romagna,4459477,2223742,49.87,0.36
1479,2021-04-15,EMR,29349,13981,15368,19246,9674,429,ITH,ITH5,8,Emilia-Romagna,Emilia-Romagna,4459477,2253091,50.52,0.66
1480,2021-06-18,EMR,42490,21269,21221,16366,25854,270,ITH,ITH5,8,Emilia-Romagna,Emilia-Romagna,4459477,2295581,51.48,0.95
1481,2021-03-10,EMR,18798,7741,11057,12974,5645,179,ITH,ITH5,8,Emilia-Romagna,Emilia-Romagna,4459477,2314379,51.9,0.42
1482,2021-05-18,EMR,29111,13248,15863,18089,10535,487,ITH,ITH5,8,Emilia-Romagna,Emilia-Romagna,4459477,2343490,52.55,0.65
1483,2021-02-07,EMR,4785,1536,3249,1722,3061,2,ITH,ITH5,8,Emilia-Romagna,Emilia-Romagna,4459477,2348275,52.66,0.11
1484,2021-02-24,EMR,9352,3566,5786,8450,885,17,ITH,ITH5,8,Emilia-Romagna,Emilia-Romagna,4459477,2357627,52.87,0.21
1485,2021-01-05,EMR,9362,3171,6191,9358,0,4,ITH,ITH5,8,Emilia-Romagna,Emilia-Romagna,4459477,2366989,53.08,0.21
1486,2021-04-29,EMR,44951,21134,23817,26591,17548,812,ITH,ITH5,8,Emilia-Romagna,Emilia-Romagna,4459477,2411940,54.09,1.01
1487,2021-01-19,EMR,2046,505,1541,2028,17,1,ITH,ITH5,8,Emilia-Romagna,Emilia-Romagna,4459477,2413986,54.13,0.05
1488,2021-07-07,EMR,37689,19026,18663,13825,23612,252,ITH,ITH5,8,Emilia-Romagna,Emilia-Romagna,4459477,2451675,54.98,0.85
1489,2021-03-29,EMR,21424,9613,11811,16535,4650,239,ITH,ITH5,8,Emilia-Romagna,Emilia-Romagna,4459477,2473099,55.46,0.48
1490,2021-02-21,EMR,4450,1708,2742,4000,440,10,ITH,ITH5,8,Emilia-Romagna,Emilia-Romagna,4459477,2477549,55.56,0.1
1491,2021-04-12,EMR,19246,9007,10239,14446,4447,353,ITH,ITH5,8,Emilia-Romagna,Emilia-Romagna,4459477,2496795,55.99,0.43
1492,2021-06-08,EMR,44913,22986,21927,37104,7457,352,ITH,ITH5,8,Emilia-Romagna,Emilia-Romagna,4459477,2541708,57.0,1.01
1493,2021-07-12,EMR,43565,22059,21506,5455,37807,303,ITH,ITH5,8,Emilia-Romagna,Emilia-Romagna,4459477,2585273,57.97,0.98
1494,2021-04-24,EMR,28634,13242,15392,14041,14230,363,ITH,ITH5,8,Emilia-Romagna,Emilia-Romagna,4459477,2613907,58.61,0.64
1495,2021-05-11,EMR,35786,16794,18992,27772,7254,760,ITH,ITH5,8,Emilia-Romagna,Emilia-Romagna,4459477,2649693,59.42,0.8
1496,2021-01-31,EMR,7698,2763,4935,241,7457,0,ITH,ITH5,8,Emilia-Romagna,Emilia-Romagna,4459477,2657391,59.59,0.17
1497,2021-06-29,EMR,37573,18522,19051,18523,18729,321,ITH,ITH5,8,Emilia-Romagna,Emilia-Romagna,4459477,2694964,60.43,0.84
1498,2021-03-21,EMR,11956,5296,6660,7261,4605,90,ITH,ITH5,8,Emilia-Romagna,Emilia-Romagna,4459477,2706920,60.7,0.27
1499,2021-05-06,EMR,35927,16602,19325,22155,13056,716,ITH,ITH5,8,Emilia-Romagna,Emilia-Romagna,4459477,2742847,61.51,0.81
1500,2021-01-26,EMR,8334,3000,5334,212,8121,1,ITH,ITH5,8,Emilia-Romagna,Emilia-Romagna,4459477,2751181,61.69,0.19
1501,2021-07-02,EMR,34677,17053,17624,12678,21668,331,ITH,ITH5,8,Emilia-Romagna,Emilia-Romagna,4459477,2785858,62.47,0.78
1502,2021-03-24,EMR,21219,9401,11818,13618,7382,219,ITH,ITH5,8,Emilia-Romagna,Emilia-Romagna,4459477,2807077,62.95,0.48
1503,2021-01-24,EMR,2443,885,1558,298,2145,0,ITH,ITH5,8,Emilia-Romagna,Emilia-Romagna,4459477,2809520,63.0,0.05
1504,2021-07-09,EMR,44539,22740,21799,5455,38798,286,ITH,ITH5,8,Emilia-Romagna,Emilia-Romagna,4459477,2854059,64.0,1.0
1505,2021-01-17,EMR,2890,887,2003,2643,246,1,ITH,ITH5,8,Emilia-Romagna,Emilia-Romagna,4459477,2856949,64.06,0.06
1506,2021-04-02,EMR,23394,10552,12842,18559,4481,354,ITH,ITH5,8,Emilia-Romagna,Emilia-Romagna,4459477,2880343,64.59,0.52
1507,2021-05-29,EMR,37844,16497,21347,16645,20681,518,ITH,ITH5,8,Emilia-Romagna,Emilia-Romagna,4459477,2918187,65.44,0.85
1508,2021-01-02,EMR,2378,916,1462,2378,0,0,ITH,ITH5,8,Emilia-Romagna,Emilia-Romagna,4459477,2920565,65.49,0.05
1509,2021-06-05,EMR,44201,22343,21858,36955,6869,377,ITH,ITH5,8,Emilia-Romagna,Emilia-Romagna,4459477,2964766,66.48,0.99
1510,2021-06-22,EMR,36339,18086,18253,16517,19560,262,ITH,ITH5,8,Emilia-Romagna,Emilia-Romagna,4459477,3001105,67.3,0.81
1511,2021-07-06,EMR,36589,18388,18201,13197,23097,295,ITH,ITH5,8,Emilia-Romagna,Emilia-Romagna,4459477,3037694,68.12,0.82
1512,2021-05-17,EMR,32405,15393,17012,22366,9498,541,ITH,ITH5,8,Emilia-Romagna,Emilia-Romagna,4459477,3070099,68.84,0.73
1513,2021-05-25,EMR,25114,11206,13908,11291,13399,424,ITH,ITH5,8,Emilia-Romagna,Emilia-Romagna,4459477,3095213,69.41,0.56
1514,2021-02-14,EMR,1403,378,1025,1275,120,8,ITH,ITH5,8,Emilia-Romagna,Emilia-Romagna,4459477,3096616,69.44,0.03
1515,2021-04-19,EMR,20901,9796,11105,14333,6273,295,ITH,ITH5,8,Emilia-Romagna,Emilia-Romagna,4459477,3117517,69.91,0.47
1516,2021-01-09,EMR,9988,3452,6536,9984,0,4,ITH,ITH5,8,Emilia-Romagna,Emilia-Romagna,4459477,3127505,70.13,0.22
1517,2021-06-15,EMR,43613,22472,21141,28035,15030,548,ITH,ITH5,8,Emilia-Romagna,Emilia-Romagna,4459477,3171118,71.11,0.98
1518,2021-03-07,EMR,7840,2959,4881,6288,1520,32,ITH,ITH5,8,Emilia-Romagna,Emilia-Romagna,4459477,3178958,71.29,0.18
1519,2021-05-03,EMR,28710,13563,15147,17372,10878,460,ITH,ITH5,8,Emilia-Romagna,Emilia-Romagna,4459477,3207668,71.93,0.64
1520,2021-02-28,EMR,6819,2527,4292,4955,1845,19,ITH,ITH5,8,Emilia-Romagna,Emilia-Romagna,4459477,3214487,72.08,0.15
1521,2021-04-26,EMR,27906,12937,14969,18028,9323,555,ITH,ITH5,8,Emilia-Romagna,Emilia-Romagna,4459477,3242393,72.71,0.63
1522,2021-01-16,EMR,5628,1718,3910,5627,0,1,ITH,ITH5,8,Emilia-Romagna,Emilia-Romagna,4459477,3248021,72.83,0.13
1523,2021-03-14,EMR,8802,3839,4963,4941,3798,63,ITH,ITH5,8,Emilia-Romagna,Emilia-Romagna,4459477,3256823,73.03,0.2
1524,2021-06-10,EMR,44913,23065,21848,39024,5351,538,ITH,ITH5,8,Emilia-Romagna,Emilia-Romagna,4459477,3301736,74.04,1.01
1525,2021-03-02,EMR,12659,4272,8387,10527,2077,55,ITH,ITH5,8,Emilia-Romagna,Emilia-Romagna,4459477,3314395,74.32,0.28
1526,2021-03-19,EMR,15925,6972,8953,7799,7969,157,ITH,ITH5,8,Emilia-Romagna,Emilia-Romagna,4459477,3330320,74.68,0.36
1527,2021-04-07,EMR,26117,11890,14227,19790,6012,315,ITH,ITH5,8,Emilia-Romagna,Emilia-Romagna,4459477,3356437,75.27,0.59
1528,2021-01-14,EMR,8129,2593,5536,8119,0,10,ITH,ITH5,8,Emilia-Romagna,Emilia-Romagna,4459477,3364566,75.45,0.18
1529,2021-07-11,EMR,30159,15116,15043,2858,27172,129,ITH,ITH5,8,Emilia-Romagna,Emilia-Romagna,4459477,3394725,76.12,0.68
1530,2021-03-31,EMR,25265,11043,14222,19492,5453,320,ITH,ITH5,8,Emilia-Romagna,Emilia-Romagna,4459477,3419990,76.69,0.57
1531,2021-07-13,EMR,47844,24508,23336,6647,40841,356,ITH,ITH5,8,Emilia-Romagna,Emilia-Romagna,4459477,3467834,77.76,1.07
1532,2021-03-17,EMR,13718,5692,8026,5814,7846,58,ITH,ITH5,8,Emilia-Romagna,Emilia-Romagna,4459477,3481552,78.07,0.31
1533,2021-05-13,EMR,35785,16494,19291,27250,7798,737,ITH,ITH5,8,Emilia-Romagna,Emilia-Romagna,4459477,3517337,78.87,0.8
1534,2021-03-15,EMR,13447,6247,7200,6849,6500,98,ITH,ITH5,8,Emilia-Romagna,Emilia-Romagna,4459477,3530784,79.17,0.3
1535,2021-02-09,EMR,4154,1249,2905,2306,1847,1,ITH,ITH5,8,Emilia-Romagna,Emilia-Romagna,4459477,3534938,79.27,0.09
1536,2021-05-15,EMR,33253,14984,18269,22196,10410,647,ITH,ITH5,8,Emilia-Romagna,Emilia-Romagna,4459477,3568191,80.01,0.75
1537,2021-02-04,EMR,9920,3201,6719,1229,8690,1,ITH,ITH5,8,Emilia-Romagna,Emilia-Romagna,4459477,3578111,80.24,0.22
1538,2021-05-22,EMR,33052,14137,18915,16454,16138,460,ITH,ITH5,8,Emilia-Romagna,Emilia-Romagna,4459477,3611163,80.98,0.74
1539,2021-04-09,EMR,25726,11667,14059,19530,5698,498,ITH,ITH5,8,Emilia-Romagna,Emilia-Romagna,4459477,3636889,81.55,0.58
1540,2021-02-02,EMR,9474,3048,6426,515,8959,0,ITH,ITH5,8,Emilia-Romagna,Emilia-Romagna,4459477,3646363,81.77,0.21
1541,2021-05-27,EMR,42248,18742,23506,13623,28193,432,ITH,ITH5,8,Emilia-Romagna,Emilia-Romagna,4459477,3688611,82.71,0.95
1542,2021-02-16,EMR,5772,2446,3326,5227,531,14,ITH,ITH5,8,Emilia-Romagna,Emilia-Romagna,4459477,3694383,82.84,0.13
1543,2021-05-10,EMR,33842,16125,17717,26013,7245,584,ITH,ITH5,8,Emilia-Romagna,Emilia-Romagna,4459477,3728225,83.6,0.76
1544,2021-04-21,EMR,23959,10963,12996,13855,9744,360,ITH,ITH5,8,Emilia-Romagna,Emilia-Romagna,4459477,3752184,84.14,0.54
1545,2021-02-12,EMR,5313,1673,3640,3886,1403,24,ITH,ITH5,8,Emilia-Romagna,Emilia-Romagna,4459477,3757497,84.26,0.12
1546,2021-04-10,EMR,20920,9300,11620,16444,4143,333,ITH,ITH5,8,Emilia-Romagna,Emilia-Romagna,4459477,3778417,84.73,0.47
1547,2021-04-17,EMR,27302,13075,14227,17571,9345,386,ITH,ITH5,8,Emilia-Romagna,Emilia-Romagna,4459477,3805719,85.34,0.61
1548,2021-01-07,EMR,10275,3407,6868,10271,0,4,ITH,ITH5,8,Emilia-Romagna,Emilia-Romagna,4459477,3815994,85.57,0.23
1549,2021-04-03,EMR,19939,8767,11172,15954,3740,245,ITH,ITH5,8,Emilia-Romagna,Emilia-Romagna,4459477,3835933,86.02,0.45
1550,2021-05-30,EMR,27075,12792,14283,12976,13693,406,ITH,ITH5,8,Emilia-Romagna,Emilia-Romagna,4459477,3863008,86.62,0.61
1551,2021-02-19,EMR,7327,3010,4317,6800,514,13,ITH,ITH5,8,Emilia-Romagna,Emilia-Romagna,4459477,3870335,86.79,0.16
1552,2020-12-31,EMR,2215,780,1435,2214,0,1,ITH,ITH5,8,Emilia-Romagna,Emilia-Romagna,4459477,3872550,86.84,0.05
1553,2021-06-06,EMR,36562,18983,17579,31990,4406,166,ITH,ITH5,8,Emilia-Romagna,Emilia-Romagna,4459477,3909112,87.66,0.82
1554,2021-02-26,EMR,9634,3673,5961,8566,1048,20,ITH,ITH5,8,Emilia-Romagna,Emilia-Romagna,4459477,3918746,87.87,0.22
1555,2021-07-04,EMR,24210,12033,12177,10426,13573,211,ITH,ITH5,8,Emilia-Romagna,Emilia-Romagna,4459477,3942956,88.42,0.54
1556,2021-03-26,EMR,23704,10110,13594,16997,6437,270,ITH,ITH5,8,Emilia-Romagna,Emilia-Romagna,4459477,3966660,88.95,0.53
1557,2021-05-08,EMR,32345,15095,17250,20375,11421,549,ITH,ITH5,8,Emilia-Romagna,Emilia-Romagna,4459477,3999005,89.67,0.73
1558,2021-01-28,EMR,10255,3339,6916,348,9907,0,ITH,ITH5,8,Emilia-Romagna,Emilia-Romagna,4459477,4009260,89.9,0.23
1559,2021-04-28,EMR,33718,15590,18128,20253,12887,578,ITH,ITH5,8,Emilia-Romagna,Emilia-Romagna,4459477,4042978,90.66,0.76
1560,2021-06-24,EMR,40186,20102,20084,20283,19543,360,ITH,ITH5,8,Emilia-Romagna,Emilia-Romagna,4459477,4083164,91.56,0.9
1561,2021-06-17,EMR,46299,23401,22898,21802,24140,357,ITH,ITH5,8,Emilia-Romagna,Emilia-Romagna,4459477,4129463,92.6,1.04
1562,2021-04-13,EMR,23713,11127,12586,19024,4342,347,ITH,ITH5,8,Emilia-Romagna,Emilia-Romagna,4459477,4153176,93.13,0.53
1563,2021-01-03,EMR,2763,943,1820,2763,0,0,ITH,ITH5,8,Emilia-Romagna,Emilia-Romagna,4459477,4155939,93.19,0.06
1564,2021-05-02,EMR,25578,11651,13927,13185,11990,403,ITH,ITH5,8,Emilia-Romagna,Emilia-Romagna,4459477,4181517,93.77,0.57
1565,2021-01-22,EMR,1829,477,1352,1086,741,2,ITH,ITH5,8,Emilia-Romagna,Emilia-Romagna,4459477,4183346,93.81,0.04
1566,2021-02-08,EMR,5231,1534,3697,2315,2913,3,ITH,ITH5,8,Emilia-Romagna,Emilia-Romagna,4459477,4188577,93.93,0.12
1567,2021-05-16,EMR,25845,12168,13677,18354,7112,379,ITH,ITH5,8,Emilia-Romagna,Emilia-Romagna,4459477,4214422,94.5,0.58
1568,2021-02-22,EMR,7482,3091,4391,7197,272,13,ITH,ITH5,8,Emilia-Romagna,Emilia-Romagna,4459477,4221904,94.67,0.17
1569,2021-05-01,EMR,28404,12774,15630,15268,12776,360,ITH,ITH5,8,Emilia-Romagna,Emilia-Romagna,4459477,4250308,95.31,0.64
1570,2021-02-05,EMR,9290,2956,6334,1601,7683,6,ITH,ITH5,8,Emilia-Romagna,Emilia-Romagna,4459477,4259598,95.52,0.21
1571,2021-06-20,EMR,30704,15582,15122,15931,14646,127,ITH,ITH5,8,Emilia-Romagna,Emilia-Romagna,4459477,4290302,96.21,0.69
1572,2021-04-14,EMR,27043,12844,14199,20511,6104,428,ITH,ITH5,8,Emilia-Romagna,Emilia-Romagna,4459477,4317345,96.81,0.61
1573,2021-01-21,EMR,2165,729,1436,819,1346,0,ITH,ITH5,8,Emilia-Romagna,Emilia-Romagna,4459477,4319510,96.86,0.05
1574,2021-06-03,EMR,37875,18427,19448,30100,7516,259,ITH,ITH5,8,Emilia-Romagna,Emilia-Romagna,4459477,4357385,97.71,0.85
1575,2021-02-23,EMR,8216,3219,4997,7819,386,11,ITH,ITH5,8,Emilia-Romagna,Emilia-Romagna,4459477,4365601,97.89,0.18
1576,2021-03-12,EMR,18306,7701,10605,11305,6717,284,ITH,ITH5,8,Emilia-Romagna,Emilia-Romagna,4459477,4383907,98.31,0.41
1577,2021-04-26,LIG,10558,4981,5577,7817,2636,105,ITC,ITC3,7,Liguria,Liguria,1550640,10558,0.68,0.68
1578,2021-01-16,LIG,1278,557,721,1273,0,5,ITC,ITC3,7,Liguria,Liguria,1550640,11836,0.76,0.08
1579,2021-02-02,LIG,2671,1005,1666,127,2542,2,ITC,ITC3,7,Liguria,Liguria,1550640,14507,0.94,0.17
1580,2021-04-28,LIG,14446,6520,7926,6344,7986,116,ITC,ITC3,7,Liguria,Liguria,1550640,28953,1.87,0.93
1581,2021-02-04,LIG,2817,986,1831,179,2638,0,ITC,ITC3,7,Liguria,Liguria,1550640,31770,2.05,0.18
1582,2021-05-15,LIG,7307,3264,4043,4275,2954,78,ITC,ITC3,7,Liguria,Liguria,1550640,39077,2.52,0.47
1583,2021-02-21,LIG,869,491,378,857,4,8,ITC,ITC3,7,Liguria,Liguria,1550640,39946,2.58,0.06
1584,2021-01-28,LIG,2848,972,1876,39,2809,0,ITC,ITC3,7,Liguria,Liguria,1550640,42794,2.76,0.18
1585,2021-01-21,LIG,1106,385,721,674,431,1,ITC,ITC3,7,Liguria,Liguria,1550640,43900,2.83,0.07
1586,2021-06-05,LIG,8097,4117,3980,4945,3152,0,ITC,ITC3,7,Liguria,Liguria,1550640,51997,3.35,0.52
1587,2021-04-09,LIG,12456,5560,6896,10551,1765,140,ITC,ITC3,7,Liguria,Liguria,1550640,64453,4.16,0.8
1588,2021-03-31,LIG,11926,5276,6650,9048,2770,108,ITC,ITC3,7,Liguria,Liguria,1550640,76379,4.93,0.77
1589,2021-02-11,LIG,1988,771,1217,1094,885,9,ITC,ITC3,7,Liguria,Liguria,1550640,78367,5.05,0.13
1590,2021-05-22,LIG,6649,3220,3429,4870,1684,95,ITC,ITC3,7,Liguria,Liguria,1550640,85016,5.48,0.43
1591,2021-06-10,LIG,18744,9674,9070,13117,5623,4,ITC,ITC3,7,Liguria,Liguria,1550640,103760,6.69,1.21
1592,2021-03-19,LIG,5296,2234,3062,2095,3146,55,ITC,ITC3,7,Liguria,Liguria,1550640,109056,7.03,0.34
1593,2021-03-02,LIG,4074,1689,2385,3753,310,11,ITC,ITC3,7,Liguria,Liguria,1550640,113130,7.3,0.26
1594,2021-07-11,LIG,2137,1187,950,1234,894,9,ITC,ITC3,7,Liguria,Liguria,1550640,115267,7.43,0.14
1595,2021-06-24,LIG,11082,5414,5668,6248,4822,12,ITC,ITC3,7,Liguria,Liguria,1550640,126349,8.15,0.71
1596,2021-04-02,LIG,11789,5219,6570,9207,2487,95,ITC,ITC3,7,Liguria,Liguria,1550640,138138,8.91,0.76
1597,2021-03-26,LIG,9336,4028,5308,6068,3156,112,ITC,ITC3,7,Liguria,Liguria,1550640,147474,9.51,0.6
1598,2021-07-04,LIG,4845,2576,2269,3838,992,15,ITC,ITC3,7,Liguria,Liguria,1550640,152319,9.82,0.31
1599,2021-01-02,LIG,691,245,446,691,0,0,ITC,ITC3,7,Liguria,Liguria,1550640,153010,9.87,0.04
1600,2021-06-15,LIG,17403,8460,8943,9328,8062,13,ITC,ITC3,7,Liguria,Liguria,1550640,170413,10.99,1.12
1601,2021-02-16,LIG,2427,956,1471,1995,423,9,ITC,ITC3,7,Liguria,Liguria,1550640,172840,11.15,0.16
1602,2021-05-27,LIG,16893,8659,8234,12578,4147,168,ITC,ITC3,7,Liguria,Liguria,1550640,189733,12.24,1.09
1603,2021-04-14,LIG,13075,5671,7404,10751,2201,123,ITC,ITC3,7,Liguria,Liguria,1550640,202808,13.08,0.84
1604,2021-05-29,LIG,6865,3253,3612,3976,2870,19,ITC,ITC3,7,Liguria,Liguria,1550640,209673,13.52,0.44
1605,2021-02-09,LIG,1952,694,1258,264,1686,2,ITC,ITC3,7,Liguria,Liguria,1550640,211625,13.65,0.13
1606,2021-03-14,LIG,1659,752,907,1033,604,22,ITC,ITC3,7,Liguria,Liguria,1550640,213284,13.75,0.11
1607,2021-06-22,LIG,15777,7448,8329,7643,8110,24,ITC,ITC3,7,Liguria,Liguria,1550640,229061,14.77,1.02
1608,2021-07-06,LIG,12255,6033,6222,5672,6548,35,ITC,ITC3,7,Liguria,Liguria,1550640,241316,15.56,0.79
1609,2021-05-10,LIG,12648,5642,7006,6210,6374,64,ITC,ITC3,7,Liguria,Liguria,1550640,253964,16.38,0.82
1610,2021-05-03,LIG,13283,5926,7357,6333,6815,135,ITC,ITC3,7,Liguria,Liguria,1550640,267247,17.23,0.86
1611,2021-03-21,LIG,550,220,330,69,481,0,ITC,ITC3,7,Liguria,Liguria,1550640,267797,17.27,0.04
1612,2021-01-23,LIG,809,295,514,153,656,0,ITC,ITC3,7,Liguria,Liguria,1550640,268606,17.32,0.05
1613,2021-02-28,LIG,1058,580,478,1042,9,7,ITC,ITC3,7,Liguria,Liguria,1550640,269664,17.39,0.07
1614,2021-01-14,LIG,2982,1055,1927,2980,0,2,ITC,ITC3,7,Liguria,Liguria,1550640,272646,17.58,0.19
1615,2021-03-12,LIG,6216,2873,3343,3688,2471,57,ITC,ITC3,7,Liguria,Liguria,1550640,278862,17.98,0.4
1616,2021-07-01,LIG,13491,6503,6988,7340,6118,33,ITC,ITC3,7,Liguria,Liguria,1550640,292353,18.85,0.87
1617,2020-12-30,LIG,12,5,7,12,0,0,ITC,ITC3,7,Liguria,Liguria,1550640,292365,18.85,0.0
1618,2021-07-03,LIG,8785,4353,4432,5466,3307,12,ITC,ITC3,7,Liguria,Liguria,1550640,301150,19.42,0.57
1619,2021-04-11,LIG,4246,1929,2317,3942,249,55,ITC,ITC3,7,Liguria,Liguria,1550640,305396,19.69,0.27
1620,2020-12-28,LIG,80,30,50,80,0,0,ITC,ITC3,7,Liguria,Liguria,1550640,305476,19.7,0.01
1621,2021-06-03,LIG,15522,7691,7831,9150,6365,7,ITC,ITC3,7,Liguria,Liguria,1550640,320998,20.7,1.0
1622,2021-04-07,LIG,13679,6108,7571,11301,2288,90,ITC,ITC3,7,Liguria,Liguria,1550640,334677,21.58,0.88
1623,2021-02-23,LIG,3806,1559,2247,3657,109,40,ITC,ITC3,7,Liguria,Liguria,1550640,338483,21.83,0.25
1624,2021-06-14,LIG,15108,7290,7818,8258,6848,2,ITC,ITC3,7,Liguria,Liguria,1550640,353591,22.8,0.97
1625,2021-02-25,LIG,3457,1349,2108,3307,130,20,ITC,ITC3,7,Liguria,Liguria,1550640,357048,23.03,0.22
1626,2021-04-21,LIG,14271,6446,7825,8844,5329,98,ITC,ITC3,7,Liguria,Liguria,1550640,371319,23.95,0.92
1627,2021-05-08,LIG,7527,3333,4194,2270,5213,44,ITC,ITC3,7,Liguria,Liguria,1550640,378846,24.43,0.49
1628,2021-01-25,LIG,2727,889,1838,476,2250,1,ITC,ITC3,7,Liguria,Liguria,1550640,381573,24.61,0.18
1629,2021-05-05,LIG,13715,6138,7577,5194,8418,103,ITC,ITC3,7,Liguria,Liguria,1550640,395288,25.49,0.88
1630,2021-03-07,LIG,1915,1138,777,1590,301,24,ITC,ITC3,7,Liguria,Liguria,1550640,397203,25.62,0.12
1631,2021-06-17,LIG,16620,7895,8725,9093,7511,16,ITC,ITC3,7,Liguria,Liguria,1550640,413823,26.69,1.07
1632,2021-04-23,LIG,14673,6638,8035,8412,6120,141,ITC,ITC3,7,Liguria,Liguria,1550640,428496,27.63,0.95
1633,2021-03-11,LIG,6399,3089,3310,4331,2011,57,ITC,ITC3,7,Liguria,Liguria,1550640,434895,28.05,0.41
1634,2021-01-13,LIG,2758,1014,1744,2757,0,1,ITC,ITC3,7,Liguria,Liguria,1550640,437653,28.22,0.18
1635,2021-01-09,LIG,1335,481,854,1334,0,1,ITC,ITC3,7,Liguria,Liguria,1550640,438988,28.31,0.09
1636,2021-04-19,LIG,12837,5619,7218,8916,3831,90,ITC,ITC3,7,Liguria,Liguria,1550640,451825,29.14,0.83
1637,2021-07-13,LIG,13016,6403,6613,3493,9503,20,ITC,ITC3,7,Liguria,Liguria,1550640,464841,29.98,0.84
1638,2021-06-29,LIG,15143,7211,7932,8689,6422,32,ITC,ITC3,7,Liguria,Liguria,1550640,479984,30.95,0.98
1639,2021-05-17,LIG,12026,5520,6506,8654,3322,50,ITC,ITC3,7,Liguria,Liguria,1550640,492010,31.73,0.78
1640,2021-01-30,LIG,1661,567,1094,23,1637,1,ITC,ITC3,7,Liguria,Liguria,1550640,493671,31.84,0.11
1641,2021-03-28,LIG,1141,511,630,378,751,12,ITC,ITC3,7,Liguria,Liguria,1550640,494812,31.91,0.07
1642,2021-05-19,LIG,13571,5962,7609,10306,3120,145,ITC,ITC3,7,Liguria,Liguria,1550640,508383,32.79,0.88
1643,2021-03-23,LIG,9273,4221,5052,5981,3209,83,ITC,ITC3,7,Liguria,Liguria,1550640,517656,33.38,0.6
1644,2021-07-15,LIG,4138,2096,2042,1222,2903,13,ITC,ITC3,7,Liguria,Liguria,1550640,521794,33.65,0.27
1645,2021-02-01,LIG,2559,923,1636,90,2469,0,ITC,ITC3,7,Liguria,Liguria,1550640,524353,33.82,0.17
1646,2021-07-08,LIG,13544,6675,6869,6164,7343,37,ITC,ITC3,7,Liguria,Liguria,1550640,537897,34.69,0.87
1647,2021-05-12,LIG,12037,5453,6584,6577,5348,112,ITC,ITC3,7,Liguria,Liguria,1550640,549934,35.46,0.78
1648,2021-05-26,LIG,16666,8416,8250,12138,4373,155,ITC,ITC3,7,Liguria,Liguria,1550640,566600,36.54,1.07
1649,2021-03-30,LIG,12214,5428,6786,8737,3388,89,ITC,ITC3,7,Liguria,Liguria,1550640,578814,37.33,0.79
1650,2021-01-18,LIG,2142,747,1395,1983,157,2,ITC,ITC3,7,Liguria,Liguria,1550640,580956,37.47,0.14
1651,2021-03-04,LIG,4738,2118,2620,3834,847,57,ITC,ITC3,7,Liguria,Liguria,1550640,585694,37.77,0.31
1652,2021-06-12,LIG,10230,4974,5256,7478,2752,0,ITC,ITC3,7,Liguria,Liguria,1550640,595924,38.43,0.66
1653,2021-04-30,LIG,14420,6440,7980,5732,8568,120,ITC,ITC3,7,Liguria,Liguria,1550640,610344,39.36,0.93
1654,2021-03-16,LIG,6083,2731,3352,2309,3733,41,ITC,ITC3,7,Liguria,Liguria,1550640,616427,39.75,0.39
1655,2021-06-02,LIG,8529,4341,4188,5361,3168,0,ITC,ITC3,7,Liguria,Liguria,1550640,624956,40.3,0.55
1656,2021-06-19,LIG,7401,3769,3632,5722,1663,16,ITC,ITC3,7,Liguria,Liguria,1550640,632357,40.78,0.48
1657,2021-02-18,LIG,2769,1126,1643,2423,335,11,ITC,ITC3,7,Liguria,Liguria,1550640,635126,40.96,0.18
1658,2021-05-14,LIG,13106,5838,7268,8592,4327,187,ITC,ITC3,7,Liguria,Liguria,1550640,648232,41.8,0.85
1659,2021-05-31,LIG,14644,7330,7314,9045,5514,85,ITC,ITC3,7,Liguria,Liguria,1550640,662876,42.75,0.94
1660,2021-01-04,LIG,2616,855,1761,2615,0,1,ITC,ITC3,7,Liguria,Liguria,1550640,665492,42.92,0.17
1661,2021-06-21,LIG,14801,7021,7780,8555,6231,15,ITC,ITC3,7,Liguria,Liguria,1550640,680293,43.87,0.95
1662,2021-04-16,LIG,12001,5293,6708,10008,1829,164,ITC,ITC3,7,Liguria,Liguria,1550640,692294,44.65,0.77
1663,2021-01-06,LIG,1664,618,1046,1661,0,3,ITC,ITC3,7,Liguria,Liguria,1550640,693958,44.75,0.11
1664,2021-04-06,LIG,13248,5902,7346,10882,2260,106,ITC,ITC3,7,Liguria,Liguria,1550640,707206,45.61,0.85
1665,2021-02-08,LIG,1978,742,1236,306,1672,0,ITC,ITC3,7,Liguria,Liguria,1550640,709184,45.73,0.13
1666,2020-12-27,LIG,135,56,79,134,0,1,ITC,ITC3,7,Liguria,Liguria,1550640,709319,45.74,0.01
1667,2021-06-16,LIG,15980,7687,8293,8974,6996,10,ITC,ITC3,7,Liguria,Liguria,1550640,725299,46.77,1.03
1668,2021-03-08,LIG,5624,2459,3165,3894,1689,41,ITC,ITC3,7,Liguria,Liguria,1550640,730923,47.14,0.36
1669,2021-03-25,LIG,9769,4232,5537,6229,3392,148,ITC,ITC3,7,Liguria,Liguria,1550640,740692,47.77,0.63
1670,2021-01-01,LIG,144,55,89,144,0,0,ITC,ITC3,7,Liguria,Liguria,1550640,740836,47.78,0.01
1671,2021-03-06,LIG,3304,1842,1462,2550,705,49,ITC,ITC3,7,Liguria,Liguria,1550640,744140,47.99,0.21
1672,2021-01-22,LIG,1819,604,1215,1330,486,3,ITC,ITC3,7,Liguria,Liguria,1550640,745959,48.11,0.12
1673,2021-05-02,LIG,3978,1836,2142,505,3467,6,ITC,ITC3,7,Liguria,Liguria,1550640,749937,48.36,0.26
1674,2021-05-04,LIG,13651,6088,7563,5336,8229,86,ITC,ITC3,7,Liguria,Liguria,1550640,763588,49.24,0.88
1675,2021-05-09,LIG,2824,1244,1580,1086,1709,29,ITC,ITC3,7,Liguria,Liguria,1550640,766412,49.43,0.18
1676,2021-03-09,LIG,5932,2754,3178,4440,1431,61,ITC,ITC3,7,Liguria,Liguria,1550640,772344,49.81,0.38
1677,2021-02-20,LIG,1335,637,698,1330,1,4,ITC,ITC3,7,Liguria,Liguria,1550640,773679,49.89,0.09
1678,2021-05-16,LIG,3705,1862,1843,2118,1560,27,ITC,ITC3,7,Liguria,Liguria,1550640,777384,50.13,0.24
1679,2021-02-22,LIG,3343,1476,1867,3191,142,10,ITC,ITC3,7,Liguria,Liguria,1550640,780727,50.35,0.22
1680,2021-01-11,LIG,2654,991,1663,2653,0,1,ITC,ITC3,7,Liguria,Liguria,1550640,783381,50.52,0.17
1681,2021-07-12,LIG,13353,6413,6940,4159,9165,29,ITC,ITC3,7,Liguria,Liguria,1550640,796734,51.38,0.86
1682,2021-01-10,LIG,648,262,386,644,0,4,ITC,ITC3,7,Liguria,Liguria,1550640,797382,51.42,0.04
1683,2021-04-20,LIG,14240,6520,7720,9733,4352,155,ITC,ITC3,7,Liguria,Liguria,1550640,811622,52.34,0.92
1684,2021-05-23,LIG,2305,1119,1186,1169,1123,13,ITC,ITC3,7,Liguria,Liguria,1550640,813927,52.49,0.15
1685,2021-03-01,LIG,3539,1447,2092,3383,136,20,ITC,ITC3,7,Liguria,Liguria,1550640,817466,52.72,0.23
1686,2021-06-09,LIG,19044,9558,9486,12483,6557,4,ITC,ITC3,7,Liguria,Liguria,1550640,836510,53.95,1.23
1687,2021-04-03,LIG,5407,2499,2908,4428,943,36,ITC,ITC3,7,Liguria,Liguria,1550640,841917,54.29,0.35
1688,2021-02-15,LIG,2262,839,1423,1855,397,10,ITC,ITC3,7,Liguria,Liguria,1550640,844179,54.44,0.15
1689,2021-01-03,LIG,734,230,504,732,0,2,ITC,ITC3,7,Liguria,Liguria,1550640,844913,54.49,0.05
1690,2021-02-06,LIG,1892,768,1124,145,1747,0,ITC,ITC3,7,Liguria,Liguria,1550640,846805,54.61,0.12
1691,2021-03-27,LIG,3932,1549,2383,2485,1395,52,ITC,ITC3,7,Liguria,Liguria,1550640,850737,54.86,0.25
1692,2021-07-05,LIG,11813,5729,6084,5337,6440,36,ITC,ITC3,7,Liguria,Liguria,1550640,862550,55.63,0.76
1693,2021-04-13,LIG,13080,5868,7212,10943,2025,112,ITC,ITC3,7,Liguria,Liguria,1550640,875630,56.47,0.84
1694,2021-05-13,LIG,13297,6081,7216,8882,4247,168,ITC,ITC3,7,Liguria,Liguria,1550640,888927,57.33,0.86
1695,2021-02-19,LIG,3219,1306,1913,2988,176,55,ITC,ITC3,7,Liguria,Liguria,1550640,892146,57.53,0.21
1696,2021-05-30,LIG,3302,1613,1689,1348,1941,13,ITC,ITC3,7,Liguria,Liguria,1550640,895448,57.75,0.21
1697,2021-06-28,LIG,11578,5599,5979,7244,4294,40,ITC,ITC3,7,Liguria,Liguria,1550640,907026,58.49,0.75
1698,2021-03-20,LIG,2316,995,1321,1124,1174,18,ITC,ITC3,7,Liguria,Liguria,1550640,909342,58.64,0.15
1699,2021-06-30,LIG,15032,7172,7860,8209,6780,43,ITC,ITC3,7,Liguria,Liguria,1550640,924374,59.61,0.97
1700,2021-01-15,LIG,2257,755,1502,2252,0,5,ITC,ITC3,7,Liguria,Liguria,1550640,926631,59.76,0.15
1701,2021-04-25,LIG,1935,920,1015,1506,415,14,ITC,ITC3,7,Liguria,Liguria,1550640,928566,59.88,0.12
1702,2021-03-13,LIG,3849,1637,2212,2949,855,45,ITC,ITC3,7,Liguria,Liguria,1550640,932415,60.13,0.25
1703,2021-06-23,LIG,14258,6821,7437,9064,5175,19,ITC,ITC3,7,Liguria,Liguria,1550640,946673,61.05,0.92
1704,2021-02-14,LIG,233,122,111,233,0,0,ITC,ITC3,7,Liguria,Liguria,1550640,946906,61.07,0.02
1705,2021-05-25,LIG,14121,6867,7254,10814,3179,128,ITC,ITC3,7,Liguria,Liguria,1550640,961027,61.98,0.91
1706,2021-01-24,LIG,756,237,519,113,643,0,ITC,ITC3,7,Liguria,Liguria,1550640,961783,62.02,0.05
1707,2021-06-27,LIG,1942,890,1052,691,1241,10,ITC,ITC3,7,Liguria,Liguria,1550640,963725,62.15,0.13
1708,2021-02-12,LIG,1935,690,1245,895,1038,2,ITC,ITC3,7,Liguria,Liguria,1550640,965660,62.27,0.12
1709,2021-04-27,LIG,14779,6681,8098,7109,7587,83,ITC,ITC3,7,Liguria,Liguria,1550640,980439,63.23,0.95
1710,2021-02-03,LIG,2316,791,1525,54,2262,0,ITC,ITC3,7,Liguria,Liguria,1550640,982755,63.38,0.15
1711,2021-04-29,LIG,15585,6980,8605,6591,8842,152,ITC,ITC3,7,Liguria,Liguria,1550640,998340,64.38,1.01
1712,2021-04-12,LIG,12389,5476,6913,10276,2019,94,ITC,ITC3,7,Liguria,Liguria,1550640,1010729,65.18,0.8
1713,2021-01-19,LIG,1374,439,935,1280,90,4,ITC,ITC3,7,Liguria,Liguria,1550640,1012103,65.27,0.09
1714,2021-01-07,LIG,3226,1095,2131,3223,0,3,ITC,ITC3,7,Liguria,Liguria,1550640,1015329,65.48,0.21
1715,2021-06-13,LIG,5616,2695,2921,5162,454,0,ITC,ITC3,7,Liguria,Liguria,1550640,1020945,65.84,0.36
1716,2021-04-17,LIG,7386,3219,4167,6564,751,71,ITC,ITC3,7,Liguria,Liguria,1550640,1028331,66.32,0.48
1717,2021-05-01,LIG,7143,3257,3886,1303,5801,39,ITC,ITC3,7,Liguria,Liguria,1550640,1035474,66.78,0.46
1718,2021-03-05,LIG,4869,2150,2719,3674,1132,63,ITC,ITC3,7,Liguria,Liguria,1550640,1040343,67.09,0.31
1719,2021-06-06,LIG,3809,2031,1778,2947,862,0,ITC,ITC3,7,Liguria,Liguria,1550640,1044152,67.34,0.25
1720,2021-04-24,LIG,8218,3795,4423,4957,3152,109,ITC,ITC3,7,Liguria,Liguria,1550640,1052370,67.87,0.53
1721,2021-03-15,LIG,7245,3096,4149,4490,2706,49,ITC,ITC3,7,Liguria,Liguria,1550640,1059615,68.33,0.47
1722,2021-06-01,LIG,16161,8117,8044,10792,5365,4,ITC,ITC3,7,Liguria,Liguria,1550640,1075776,69.38,1.04
1723,2021-06-18,LIG,15310,7461,7849,8160,7132,18,ITC,ITC3,7,Liguria,Liguria,1550640,1091086,70.36,0.99
1724,2021-03-10,LIG,5901,2862,3039,3929,1907,65,ITC,ITC3,7,Liguria,Liguria,1550640,1096987,70.74,0.38
1725,2021-03-22,LIG,7747,3469,4278,4736,2938,73,ITC,ITC3,7,Liguria,Liguria,1550640,1104734,71.24,0.5
1726,2021-02-07,LIG,407,153,254,2,405,0,ITC,ITC3,7,Liguria,Liguria,1550640,1105141,71.27,0.03
1727,2021-05-18,LIG,13466,6120,7346,10036,3293,137,ITC,ITC3,7,Liguria,Liguria,1550640,1118607,72.14,0.87
1728,2021-05-20,LIG,12873,5974,6899,8721,4025,127,ITC,ITC3,7,Liguria,Liguria,1550640,1131480,72.97,0.83
1729,2021-01-29,LIG,3082,1064,2018,67,3015,0,ITC,ITC3,7,Liguria,Liguria,1550640,1134562,73.17,0.2
1730,2021-01-20,LIG,1553,555,998,1540,12,1,ITC,ITC3,7,Liguria,Liguria,1550640,1136115,73.27,0.1
1731,2021-07-09,LIG,12761,6295,6466,4221,8521,19,ITC,ITC3,7,Liguria,Liguria,1550640,1148876,74.09,0.82
1732,2021-04-05,LIG,3978,1753,2225,2303,1649,26,ITC,ITC3,7,Liguria,Liguria,1550640,1152854,74.35,0.26
1733,2021-05-11,LIG,13916,6389,7527,7180,6617,119,ITC,ITC3,7,Liguria,Liguria,1550640,1166770,75.24,0.9
1734,2021-02-05,LIG,2682,987,1695,303,2377,2,ITC,ITC3,7,Liguria,Liguria,1550640,1169452,75.42,0.17
1735,2021-03-24,LIG,9181,4034,5147,5809,3287,85,ITC,ITC3,7,Liguria,Liguria,1550640,1178633,76.01,0.59
1736,2021-07-02,LIG,12912,6340,6572,6420,6461,31,ITC,ITC3,7,Liguria,Liguria,1550640,1191545,76.84,0.83
1737,2020-12-31,LIG,990,353,637,990,0,0,ITC,ITC3,7,Liguria,Liguria,1550640,1192535,76.91,0.06
1738,2021-04-10,LIG,7888,3561,4327,6890,914,84,ITC,ITC3,7,Liguria,Liguria,1550640,1200423,77.41,0.51
1739,2021-01-17,LIG,866,301,565,865,0,1,ITC,ITC3,7,Liguria,Liguria,1550640,1201289,77.47,0.06
1740,2021-06-11,LIG,17815,9073,8742,11747,6066,2,ITC,ITC3,7,Liguria,Liguria,1550640,1219104,78.62,1.15
1741,2021-04-15,LIG,11841,5236,6605,9885,1851,105,ITC,ITC3,7,Liguria,Liguria,1550640,1230945,79.38,0.76
1742,2021-04-08,LIG,13787,6179,7608,11589,2045,153,ITC,ITC3,7,Liguria,Liguria,1550640,1244732,80.27,0.89
1743,2021-06-04,LIG,14738,7235,7503,9245,5487,6,ITC,ITC3,7,Liguria,Liguria,1550640,1259470,81.22,0.95
1744,2021-03-29,LIG,10581,4620,5961,7343,3132,106,ITC,ITC3,7,Liguria,Liguria,1550640,1270051,81.9,0.68
1745,2021-01-31,LIG,624,270,354,9,615,0,ITC,ITC3,7,Liguria,Liguria,1550640,1270675,81.95,0.04
1746,2021-07-07,LIG,11693,5612,6081,4948,6727,18,ITC,ITC3,7,Liguria,Liguria,1550640,1282368,82.7,0.75
1747,2021-02-26,LIG,3766,1524,2242,3412,329,25,ITC,ITC3,7,Liguria,Liguria,1550640,1286134,82.94,0.24
1748,2021-06-20,LIG,1333,658,675,1051,275,7,ITC,ITC3,7,Liguria,Liguria,1550640,1287467,83.03,0.09
1749,2021-02-17,LIG,2690,1182,1508,2252,426,12,ITC,ITC3,7,Liguria,Liguria,1550640,1290157,83.2,0.17
1750,2021-05-28,LIG,16279,8128,8151,11597,4538,144,ITC,ITC3,7,Liguria,Liguria,1550640,1306436,84.25,1.05
1751,2021-01-05,LIG,2878,895,1983,2878,0,0,ITC,ITC3,7,Liguria,Liguria,1550640,1309314,84.44,0.19
1752,2021-03-03,LIG,4581,1847,2734,3444,1027,110,ITC,ITC3,7,Liguria,Liguria,1550640,1313895,84.73,0.3
1753,2021-02-24,LIG,3764,1560,2204,3448,258,58,ITC,ITC3,7,Liguria,Liguria,1550640,1317659,84.98,0.24
1754,2020-12-29,LIG,125,33,92,125,0,0,ITC,ITC3,7,Liguria,Liguria,1550640,1317784,84.98,0.01
1755,2021-01-12,LIG,2469,887,1582,2468,0,1,ITC,ITC3,7,Liguria,Liguria,1550640,1320253,85.14,0.16
1756,2021-04-22,LIG,13855,6210,7645,8616,5080,159,ITC,ITC3,7,Liguria,Liguria,1550640,1334108,86.04,0.89
1757,2021-05-24,LIG,11829,5565,6264,9232,2495,102,ITC,ITC3,7,Liguria,Liguria,1550640,1345937,86.8,0.76
1758,2021-05-07,LIG,13593,6040,7553,5733,7792,68,ITC,ITC3,7,Liguria,Liguria,1550640,1359530,87.68,0.88
1759,2021-02-13,LIG,1080,508,572,797,280,3,ITC,ITC3,7,Liguria,Liguria,1550640,1360610,87.75,0.07
1760,2021-06-07,LIG,15685,7654,8031,8666,7012,7,ITC,ITC3,7,Liguria,Liguria,1550640,1376295,88.76,1.01
1761,2021-06-26,LIG,7137,3311,3826,4486,2641,10,ITC,ITC3,7,Liguria,Liguria,1550640,1383432,89.22,0.46
1762,2021-07-10,LIG,6772,3417,3355,2748,4016,8,ITC,ITC3,7,Liguria,Liguria,1550640,1390204,89.65,0.44
1763,2021-04-04,LIG,756,366,390,499,249,8,ITC,ITC3,7,Liguria,Liguria,1550640,1390960,89.7,0.05
1764,2021-04-18,LIG,2613,1164,1449,2074,468,71,ITC,ITC3,7,Liguria,Liguria,1550640,1393573,89.87,0.17
1765,2021-01-08,LIG,2930,999,1931,2928,0,2,ITC,ITC3,7,Liguria,Liguria,1550640,1396503,90.06,0.19
1766,2021-01-27,LIG,1744,603,1141,140,1603,1,ITC,ITC3,7,Liguria,Liguria,1550640,1398247,90.17,0.11
1767,2021-05-21,LIG,12843,5954,6889,9573,3125,145,ITC,ITC3,7,Liguria,Liguria,1550640,1411090,91.0,0.83
1768,2021-02-27,LIG,1888,921,967,1750,129,9,ITC,ITC3,7,Liguria,Liguria,1550640,1412978,91.12,0.12
1769,2021-02-10,LIG,2315,837,1478,1015,1296,4,ITC,ITC3,7,Liguria,Liguria,1550640,1415293,91.27,0.15
1770,2021-03-18,LIG,4986,2124,2862,1972,2979,35,ITC,ITC3,7,Liguria,Liguria,1550640,1420279,91.59,0.32
1771,2021-04-01,LIG,12426,5511,6915,9567,2770,89,ITC,ITC3,7,Liguria,Liguria,1550640,1432705,92.39,0.8
1772,2021-06-08,LIG,18084,9020,9064,11448,6629,7,ITC,ITC3,7,Liguria,Liguria,1550640,1450789,93.56,1.17
1773,2021-03-17,LIG,5552,2368,3184,2451,3079,22,ITC,ITC3,7,Liguria,Liguria,1550640,1456341,93.92,0.36
1774,2021-06-25,LIG,13751,6578,7173,6872,6865,14,ITC,ITC3,7,Liguria,Liguria,1550640,1470092,94.81,0.89
1775,2021-07-14,LIG,11300,5577,5723,3421,7854,25,ITC,ITC3,7,Liguria,Liguria,1550640,1481392,95.53,0.73
1776,2021-05-06,LIG,14521,6442,8079,6040,8325,156,ITC,ITC3,7,Liguria,Liguria,1550640,1495913,96.47,0.94
1777,2021-01-26,LIG,2488,807,1681,16,2472,0,ITC,ITC3,7,Liguria,Liguria,1550640,1498401,96.63,0.16
1778,2021-06-17,VEN,51595,25862,25733,25395,24979,1221,ITH,ITH3,5,Veneto,Veneto,4905854,51595,1.05,1.05
1779,2021-03-09,VEN,16543,7446,9097,9824,6323,396,ITH,ITH3,5,Veneto,Veneto,4905854,68138,1.39,0.34
1780,2021-05-31,VEN,31612,16227,15385,20877,9913,822,ITH,ITH3,5,Veneto,Veneto,4905854,99750,2.03,0.64
1781,2021-03-26,VEN,29585,13146,16439,23268,5461,856,ITH,ITH3,5,Veneto,Veneto,4905854,129335,2.64,0.6
1782,2021-03-28,VEN,31298,13603,17695,26877,3612,809,ITH,ITH3,5,Veneto,Veneto,4905854,160633,3.27,0.64
1783,2021-06-19,VEN,49231,25052,24179,25594,22541,1096,ITH,ITH3,5,Veneto,Veneto,4905854,209864,4.28,1.0
1784,2021-07-06,VEN,36012,18560,17452,13143,22217,652,ITH,ITH3,5,Veneto,Veneto,4905854,245876,5.01,0.73
1785,2021-01-23,VEN,4051,1246,2805,31,4020,0,ITH,ITH3,5,Veneto,Veneto,4905854,249927,5.09,0.08
1786,2021-06-29,VEN,45491,22692,22799,18993,25783,715,ITH,ITH3,5,Veneto,Veneto,4905854,295418,6.02,0.93
1787,2021-03-21,VEN,11981,4753,7228,8278,3463,240,ITH,ITH3,5,Veneto,Veneto,4905854,307399,6.27,0.24
1788,2021-01-16,VEN,4611,1542,3069,4611,0,0,ITH,ITH3,5,Veneto,Veneto,4905854,312010,6.36,0.09
1789,2021-03-14,VEN,15176,5942,9234,13845,894,437,ITH,ITH3,5,Veneto,Veneto,4905854,327186,6.67,0.31
1790,2021-04-23,VEN,31257,13843,17414,21396,8707,1154,ITH,ITH3,5,Veneto,Veneto,4905854,358443,7.31,0.64
1791,2021-02-16,VEN,6644,2870,3774,6438,176,30,ITH,ITH3,5,Veneto,Veneto,4905854,365087,7.44,0.14
1792,2021-07-13,VEN,43303,22461,20842,5359,37660,284,ITH,ITH3,5,Veneto,Veneto,4905854,408390,8.32,0.88
1793,2021-04-04,VEN,7773,3529,4244,6501,1148,124,ITH,ITH3,5,Veneto,Veneto,4905854,416163,8.48,0.16
1794,2021-05-24,VEN,33029,16408,16621,7628,24998,403,ITH,ITH3,5,Veneto,Veneto,4905854,449192,9.16,0.67
1795,2021-05-17,VEN,26496,12978,13518,15650,10017,829,ITH,ITH3,5,Veneto,Veneto,4905854,475688,9.7,0.54
1796,2021-02-06,VEN,4095,1354,2741,709,3386,0,ITH,ITH3,5,Veneto,Veneto,4905854,479783,9.78,0.08
1797,2021-02-23,VEN,7382,3253,4129,7028,270,84,ITH,ITH3,5,Veneto,Veneto,4905854,487165,9.93,0.15
1798,2021-04-28,VEN,32408,15176,17232,22198,9019,1191,ITH,ITH3,5,Veneto,Veneto,4905854,519573,10.59,0.66
1799,2021-02-25,VEN,7898,3339,4559,7156,605,137,ITH,ITH3,5,Veneto,Veneto,4905854,527471,10.75,0.16
1800,2021-04-09,VEN,31192,13763,17429,21911,8341,940,ITH,ITH3,5,Veneto,Veneto,4905854,558663,11.39,0.64
1801,2021-06-05,VEN,46810,24108,22702,37314,8048,1448,ITH,ITH3,5,Veneto,Veneto,4905854,605473,12.34,0.95
1802,2021-05-05,VEN,44366,21255,23111,36154,6568,1644,ITH,ITH3,5,Veneto,Veneto,4905854,649839,13.25,0.9
1803,2021-07-01,VEN,50648,25871,24777,20560,29057,1031,ITH,ITH3,5,Veneto,Veneto,4905854,700487,14.28,1.03
1804,2021-05-12,VEN,36874,17852,19022,30133,5121,1620,ITH,ITH3,5,Veneto,Veneto,4905854,737361,15.03,0.75
1805,2021-07-08,VEN,46438,24169,22269,4425,41714,299,ITH,ITH3,5,Veneto,Veneto,4905854,783799,15.98,0.95
1806,2021-01-11,VEN,7241,2102,5139,7240,0,1,ITH,ITH3,5,Veneto,Veneto,4905854,791040,16.12,0.15
1807,2021-04-21,VEN,32342,13180,19162,15507,16059,776,ITH,ITH3,5,Veneto,Veneto,4905854,823382,16.78,0.66
1808,2021-05-22,VEN,34775,16676,18099,12701,21405,669,ITH,ITH3,5,Veneto,Veneto,4905854,858157,17.49,0.71
1809,2021-02-11,VEN,4012,1238,2774,3345,628,39,ITH,ITH3,5,Veneto,Veneto,4905854,862169,17.57,0.08
1810,2021-01-28,VEN,9212,2664,6548,170,9040,2,ITH,ITH3,5,Veneto,Veneto,4905854,871381,17.76,0.19
1811,2021-05-10,VEN,36499,17078,19421,25413,9849,1237,ITH,ITH3,5,Veneto,Veneto,4905854,907880,18.51,0.74
1812,2021-01-30,VEN,8747,2672,6075,693,8054,0,ITH,ITH3,5,Veneto,Veneto,4905854,916627,18.68,0.18
1813,2021-03-07,VEN,4493,1768,2725,3863,561,69,ITH,ITH3,5,Veneto,Veneto,4905854,921120,18.78,0.09
1814,2021-05-03,VEN,40686,19796,20890,32776,6441,1469,ITH,ITH3,5,Veneto,Veneto,4905854,961806,19.61,0.83
1815,2021-04-14,VEN,15914,6899,9015,8747,6627,540,ITH,ITH3,5,Veneto,Veneto,4905854,977720,19.93,0.32
1816,2021-01-04,VEN,6736,2034,4702,6734,0,2,ITH,ITH3,5,Veneto,Veneto,4905854,984456,20.07,0.14
1817,2021-05-14,VEN,46738,22228,24510,24282,20879,1577,ITH,ITH3,5,Veneto,Veneto,4905854,1031194,21.02,0.95
1818,2021-02-20,VEN,6424,2014,4410,6273,71,80,ITH,ITH3,5,Veneto,Veneto,4905854,1037618,21.15,0.13
1819,2021-06-02,VEN,20303,10234,10069,15350,4340,613,ITH,ITH3,5,Veneto,Veneto,4905854,1057921,21.56,0.41
1820,2021-05-29,VEN,33007,16677,16330,24229,7661,1117,ITH,ITH3,5,Veneto,Veneto,4905854,1090928,22.24,0.67
1821,2021-02-18,VEN,5828,2455,3373,5725,64,39,ITH,ITH3,5,Veneto,Veneto,4905854,1096756,22.36,0.12
1822,2021-04-16,VEN,24447,10492,13955,11880,11885,682,ITH,ITH3,5,Veneto,Veneto,4905854,1121203,22.85,0.5
1823,2021-04-18,VEN,17513,7253,10260,9499,7564,450,ITH,ITH3,5,Veneto,Veneto,4905854,1138716,23.21,0.36
1824,2021-01-09,VEN,7928,2539,5389,7922,0,6,ITH,ITH3,5,Veneto,Veneto,4905854,1146644,23.37,0.16
1825,2021-03-18,VEN,12612,5138,7474,7033,5228,351,ITH,ITH3,5,Veneto,Veneto,4905854,1159256,23.63,0.26
1826,2021-06-26,VEN,48026,24492,23534,13552,33967,507,ITH,ITH3,5,Veneto,Veneto,4905854,1207282,24.61,0.98
1827,2021-01-18,VEN,2762,776,1986,2558,199,5,ITH,ITH3,5,Veneto,Veneto,4905854,1210044,24.67,0.06
1828,2021-02-04,VEN,7387,2025,5362,550,6836,1,ITH,ITH3,5,Veneto,Veneto,4905854,1217431,24.82,0.15
1829,2021-04-30,VEN,50004,23481,26523,32934,15663,1407,ITH,ITH3,5,Veneto,Veneto,4905854,1267435,25.84,1.02
1830,2021-01-20,VEN,1038,368,670,386,652,0,ITH,ITH3,5,Veneto,Veneto,4905854,1268473,25.86,0.02
1831,2021-06-12,VEN,48581,24448,24133,36220,10777,1584,ITH,ITH3,5,Veneto,Veneto,4905854,1317054,26.85,0.99
1832,2021-05-02,VEN,37230,17261,19969,25609,10325,1296,ITH,ITH3,5,Veneto,Veneto,4905854,1354284,27.61,0.76
1833,2021-06-14,VEN,42584,21537,21047,26228,15302,1054,ITH,ITH3,5,Veneto,Veneto,4905854,1396868,28.47,0.87
1834,2021-03-06,VEN,10667,4356,6311,7218,3262,187,ITH,ITH3,5,Veneto,Veneto,4905854,1407535,28.69,0.22
1835,2021-03-02,VEN,11491,4625,6866,7935,3309,247,ITH,ITH3,5,Veneto,Veneto,4905854,1419026,28.93,0.23
1836,2021-06-10,VEN,52200,26946,25254,41131,9304,1765,ITH,ITH3,5,Veneto,Veneto,4905854,1471226,29.99,1.06
1837,2021-04-02,VEN,24093,10621,13472,17125,6328,640,ITH,ITH3,5,Veneto,Veneto,4905854,1495319,30.48,0.49
1838,2021-06-09,VEN,42710,21910,20800,33720,7426,1564,ITH,ITH3,5,Veneto,Veneto,4905854,1538029,31.35,0.87
1839,2021-06-24,VEN,56004,28358,27646,17534,37768,702,ITH,ITH3,5,Veneto,Veneto,4905854,1594033,32.49,1.14
1840,2021-03-16,VEN,12527,5353,7174,6640,5620,267,ITH,ITH3,5,Veneto,Veneto,4905854,1606560,32.75,0.26
1841,2021-03-23,VEN,22211,10239,11972,16864,4712,635,ITH,ITH3,5,Veneto,Veneto,4905854,1628771,33.2,0.45
1842,2021-05-19,VEN,33023,15120,17903,16174,15921,928,ITH,ITH3,5,Veneto,Veneto,4905854,1661794,33.87,0.67
1843,2021-05-28,VEN,46724,22878,23846,23668,21859,1197,ITH,ITH3,5,Veneto,Veneto,4905854,1708518,34.83,0.95
1844,2021-07-10,VEN,43071,23170,19901,6284,36425,362,ITH,ITH3,5,Veneto,Veneto,4905854,1751589,35.7,0.88
1845,2021-05-21,VEN,44783,22025,22758,19914,23765,1104,ITH,ITH3,5,Veneto,Veneto,4905854,1796372,36.62,0.91
1846,2021-03-11,VEN,19828,8889,10939,13793,5571,464,ITH,ITH3,5,Veneto,Veneto,4905854,1816200,37.02,0.4
1847,2021-01-08,VEN,9407,2835,6572,9393,0,14,ITH,ITH3,5,Veneto,Veneto,4905854,1825607,37.21,0.19
1848,2021-01-13,VEN,5985,1606,4379,5982,0,3,ITH,ITH3,5,Veneto,Veneto,4905854,1831592,37.33,0.12
1849,2021-04-25,VEN,18319,8151,10168,12878,4836,605,ITH,ITH3,5,Veneto,Veneto,4905854,1849911,37.71,0.37
1850,2021-06-21,VEN,44284,22164,22120,20403,22946,935,ITH,ITH3,5,Veneto,Veneto,4905854,1894195,38.61,0.9
1851,2021-01-06,VEN,8135,2387,5748,8132,0,3,ITH,ITH3,5,Veneto,Veneto,4905854,1902330,38.78,0.17
1852,2021-05-07,VEN,48568,23276,25292,37544,8667,2357,ITH,ITH3,5,Veneto,Veneto,4905854,1950898,39.77,0.99
1853,2021-01-27,VEN,7141,2064,5077,240,6900,1,ITH,ITH3,5,Veneto,Veneto,4905854,1958039,39.91,0.15
1854,2021-02-13,VEN,3266,1473,1793,3230,20,16,ITH,ITH3,5,Veneto,Veneto,4905854,1961305,39.98,0.07
1855,2021-07-03,VEN,38667,20098,18569,11010,27075,582,ITH,ITH3,5,Veneto,Veneto,4905854,1999972,40.77,0.79
1856,2021-06-16,VEN,47674,23519,24155,25176,21362,1136,ITH,ITH3,5,Veneto,Veneto,4905854,2047646,41.74,0.97
1857,2021-01-01,VEN,1528,471,1057,1527,0,1,ITH,ITH3,5,Veneto,Veneto,4905854,2049174,41.77,0.03
1858,2021-03-25,VEN,25955,11057,14898,18964,6100,891,ITH,ITH3,5,Veneto,Veneto,4905854,2075129,42.3,0.53
1859,2021-04-11,VEN,21001,8870,12131,14221,6293,487,ITH,ITH3,5,Veneto,Veneto,4905854,2096130,42.73,0.43
1860,2021-04-13,VEN,14026,6323,7703,8049,5479,498,ITH,ITH3,5,Veneto,Veneto,4905854,2110156,43.01,0.29
1861,2020-12-30,VEN,699,245,454,699,0,0,ITH,ITH3,5,Veneto,Veneto,4905854,2110855,43.03,0.01
1862,2021-06-07,VEN,44668,23302,21366,36180,7012,1476,ITH,ITH3,5,Veneto,Veneto,4905854,2155523,43.94,0.91
1863,2021-02-27,VEN,8990,2692,6298,7963,847,180,ITH,ITH3,5,Veneto,Veneto,4905854,2164513,44.12,0.18
1864,2021-03-04,VEN,12982,4885,8097,9120,3473,389,ITH,ITH3,5,Veneto,Veneto,4905854,2177495,44.39,0.26
1865,2021-02-17,VEN,6022,2772,3250,5900,94,28,ITH,ITH3,5,Veneto,Veneto,4905854,2183517,44.51,0.12
1866,2021-04-01,VEN,25338,11163,14175,18157,6411,770,ITH,ITH3,5,Veneto,Veneto,4905854,2208855,45.02,0.52
1867,2021-04-15,VEN,20911,8635,12276,9343,10823,745,ITH,ITH3,5,Veneto,Veneto,4905854,2229766,45.45,0.43
1868,2021-01-05,VEN,7330,2183,5147,7328,0,2,ITH,ITH3,5,Veneto,Veneto,4905854,2237096,45.6,0.15
1869,2021-04-27,VEN,28139,12759,15380,20054,6917,1168,ITH,ITH3,5,Veneto,Veneto,4905854,2265235,46.17,0.57
1870,2021-01-17,VEN,1933,781,1152,1584,349,0,ITH,ITH3,5,Veneto,Veneto,4905854,2267168,46.21,0.04
1871,2021-02-03,VEN,5946,1668,4278,476,5466,4,ITH,ITH3,5,Veneto,Veneto,4905854,2273114,46.33,0.12
1872,2021-04-29,VEN,50266,23380,26886,35352,13175,1739,ITH,ITH3,5,Veneto,Veneto,4905854,2323380,47.36,1.02
1873,2021-02-05,VEN,8378,2535,5843,1409,6960,9,ITH,ITH3,5,Veneto,Veneto,4905854,2331758,47.53,0.17
1874,2021-02-22,VEN,7014,3041,3973,6580,387,47,ITH,ITH3,5,Veneto,Veneto,4905854,2338772,47.67,0.14
1875,2021-05-16,VEN,28414,14008,14406,20305,7081,1028,ITH,ITH3,5,Veneto,Veneto,4905854,2367186,48.25,0.58
1876,2021-06-23,VEN,49105,24333,24772,14535,33739,831,ITH,ITH3,5,Veneto,Veneto,4905854,2416291,49.25,1.0
1877,2021-03-15,VEN,16668,7328,9340,10958,5208,502,ITH,ITH3,5,Veneto,Veneto,4905854,2432959,49.59,0.34
1878,2021-07-05,VEN,39069,20259,18810,14089,24166,814,ITH,ITH3,5,Veneto,Veneto,4905854,2472028,50.39,0.8
1879,2021-01-03,VEN,5157,1562,3595,5157,0,0,ITH,ITH3,5,Veneto,Veneto,4905854,2477185,50.49,0.11
1880,2021-03-08,VEN,13631,6271,7360,9300,4069,262,ITH,ITH3,5,Veneto,Veneto,4905854,2490816,50.77,0.28
1881,2021-03-03,VEN,12097,4647,7450,8387,3499,211,ITH,ITH3,5,Veneto,Veneto,4905854,2502913,51.02,0.25
1882,2021-06-11,VEN,47263,24580,22683,34606,11163,1494,ITH,ITH3,5,Veneto,Veneto,4905854,2550176,51.98,0.96
1883,2021-06-25,VEN,51609,26118,25491,14988,35967,654,ITH,ITH3,5,Veneto,Veneto,4905854,2601785,53.03,1.05
1884,2021-07-14,VEN,42683,21952,20731,5191,37105,387,ITH,ITH3,5,Veneto,Veneto,4905854,2644468,53.9,0.87
1885,2021-04-22,VEN,32019,13925,18094,15450,15749,820,ITH,ITH3,5,Veneto,Veneto,4905854,2676487,54.56,0.65
1886,2021-06-08,VEN,43819,22657,21162,36177,6130,1512,ITH,ITH3,5,Veneto,Veneto,4905854,2720306,55.45,0.89
1887,2021-05-25,VEN,27777,13411,14366,11244,16034,499,ITH,ITH3,5,Veneto,Veneto,4905854,2748083,56.02,0.57
1888,2021-02-10,VEN,4753,1589,3164,3689,1055,9,ITH,ITH3,5,Veneto,Veneto,4905854,2752836,56.11,0.1
1889,2021-04-08,VEN,32367,14366,18001,23322,7875,1170,ITH,ITH3,5,Veneto,Veneto,4905854,2785203,56.77,0.66
1890,2021-06-04,VEN,49583,25814,23769,39793,8118,1672,ITH,ITH3,5,Veneto,Veneto,4905854,2834786,57.78,1.01
1891,2021-02-24,VEN,8616,3679,4937,7994,488,134,ITH,ITH3,5,Veneto,Veneto,4905854,2843402,57.96,0.18
1892,2021-02-08,VEN,5003,1559,3444,1923,3074,6,ITH,ITH3,5,Veneto,Veneto,4905854,2848405,58.06,0.1
1893,2021-04-06,VEN,28959,13328,15631,23194,5042,723,ITH,ITH3,5,Veneto,Veneto,4905854,2877364,58.65,0.59
1894,2021-02-01,VEN,8561,2502,6059,159,8402,0,ITH,ITH3,5,Veneto,Veneto,4905854,2885925,58.83,0.17
1895,2021-02-15,VEN,4389,1824,2565,4140,240,9,ITH,ITH3,5,Veneto,Veneto,4905854,2890314,58.92,0.09
1896,2021-03-30,VEN,35961,15294,20667,29711,5243,1007,ITH,ITH3,5,Veneto,Veneto,4905854,2926275,59.65,0.73
1897,2020-12-31,VEN,3219,1042,2177,3219,0,0,ITH,ITH3,5,Veneto,Veneto,4905854,2929494,59.71,0.07
1898,2021-07-04,VEN,33864,17572,16292,14969,18276,619,ITH,ITH3,5,Veneto,Veneto,4905854,2963358,60.4,0.69
1899,2021-04-12,VEN,14904,6336,8568,6390,8214,300,ITH,ITH3,5,Veneto,Veneto,4905854,2978262,60.71,0.3
1900,2021-01-02,VEN,5744,1767,3977,5743,0,1,ITH,ITH3,5,Veneto,Veneto,4905854,2984006,60.83,0.12
1901,2021-07-07,VEN,40694,21177,19517,15566,24322,806,ITH,ITH3,5,Veneto,Veneto,4905854,3024700,61.65,0.83
1902,2021-05-11,VEN,33163,16500,16663,27121,4721,1321,ITH,ITH3,5,Veneto,Veneto,4905854,3057863,62.33,0.68
1903,2021-01-22,VEN,1080,332,748,25,1055,0,ITH,ITH3,5,Veneto,Veneto,4905854,3058943,62.35,0.02
1904,2021-05-04,VEN,42970,20350,22620,33284,8029,1657,ITH,ITH3,5,Veneto,Veneto,4905854,3101913,63.23,0.88
1905,2021-01-24,VEN,4117,1219,2898,28,4089,0,ITH,ITH3,5,Veneto,Veneto,4905854,3106030,63.31,0.08
1906,2021-04-07,VEN,36009,16183,19826,27565,7337,1107,ITH,ITH3,5,Veneto,Veneto,4905854,3142039,64.05,0.73
1907,2021-01-31,VEN,4769,1563,3206,391,4378,0,ITH,ITH3,5,Veneto,Veneto,4905854,3146808,64.14,0.1
1908,2021-03-29,VEN,31453,13697,17756,26637,3822,994,ITH,ITH3,5,Veneto,Veneto,4905854,3178261,64.79,0.64
1909,2021-02-14,VEN,126,56,70,113,13,0,ITH,ITH3,5,Veneto,Veneto,4905854,3178387,64.79,0.0
1910,2021-02-28,VEN,4136,1389,2747,3225,837,74,ITH,ITH3,5,Veneto,Veneto,4905854,3182523,64.87,0.08
1911,2021-03-17,VEN,14645,5992,8653,7526,6796,323,ITH,ITH3,5,Veneto,Veneto,4905854,3197168,65.17,0.3
1912,2021-01-12,VEN,5231,1517,3714,5223,0,8,ITH,ITH3,5,Veneto,Veneto,4905854,3202399,65.28,0.11
1913,2021-04-19,VEN,21543,8922,12621,4708,16408,427,ITH,ITH3,5,Veneto,Veneto,4905854,3223942,65.72,0.44
1914,2021-06-18,VEN,53536,26724,26812,23914,28536,1086,ITH,ITH3,5,Veneto,Veneto,4905854,3277478,66.81,1.09
1915,2021-03-27,VEN,32070,14012,18058,25368,5798,904,ITH,ITH3,5,Veneto,Veneto,4905854,3309548,67.46,0.65
1916,2021-06-03,VEN,54438,27990,26448,40835,11961,1642,ITH,ITH3,5,Veneto,Veneto,4905854,3363986,68.57,1.11
1917,2021-06-22,VEN,43687,21603,22084,18433,24365,889,ITH,ITH3,5,Veneto,Veneto,4905854,3407673,69.46,0.89
1918,2021-04-26,VEN,20722,9456,11266,14902,5140,680,ITH,ITH3,5,Veneto,Veneto,4905854,3428395,69.88,0.42
1919,2021-04-05,VEN,19154,8371,10783,13418,5435,301,ITH,ITH3,5,Veneto,Veneto,4905854,3447549,70.27,0.39
1920,2021-01-26,VEN,6920,2090,4830,149,6771,0,ITH,ITH3,5,Veneto,Veneto,4905854,3454469,70.42,0.14
1921,2021-05-06,VEN,46970,22031,24939,36472,8473,2025,ITH,ITH3,5,Veneto,Veneto,4905854,3501439,71.37,0.96
1922,2021-01-19,VEN,1310,473,837,1159,150,1,ITH,ITH3,5,Veneto,Veneto,4905854,3502749,71.4,0.03
1923,2021-05-01,VEN,38854,18238,20616,28689,8936,1229,ITH,ITH3,5,Veneto,Veneto,4905854,3541603,72.19,0.79
1924,2021-05-13,VEN,44259,21843,22416,32543,9885,1831,ITH,ITH3,5,Veneto,Veneto,4905854,3585862,73.09,0.9
1925,2021-02-02,VEN,6512,1881,4631,396,6116,0,ITH,ITH3,5,Veneto,Veneto,4905854,3592374,73.23,0.13
1926,2021-07-09,VEN,44895,23697,21198,4047,40567,281,ITH,ITH3,5,Veneto,Veneto,4905854,3637269,74.14,0.92
1927,2021-03-31,VEN,38836,16400,22436,30303,7499,1034,ITH,ITH3,5,Veneto,Veneto,4905854,3676105,74.93,0.79
1928,2021-07-11,VEN,34220,17916,16304,3689,30273,258,ITH,ITH3,5,Veneto,Veneto,4905854,3710325,75.63,0.7
1929,2021-05-18,VEN,26920,12517,14403,12622,13587,711,ITH,ITH3,5,Veneto,Veneto,4905854,3737245,76.18,0.55
1930,2021-06-30,VEN,45621,23008,22613,17760,27087,774,ITH,ITH3,5,Veneto,Veneto,4905854,3782866,77.11,0.93
1931,2021-03-22,VEN,18145,8177,9968,12583,5046,516,ITH,ITH3,5,Veneto,Veneto,4905854,3801011,77.48,0.37
1932,2021-03-13,VEN,17230,7303,9927,13728,3131,371,ITH,ITH3,5,Veneto,Veneto,4905854,3818241,77.83,0.35
1933,2021-01-15,VEN,5875,1820,4055,5869,0,6,ITH,ITH3,5,Veneto,Veneto,4905854,3824116,77.95,0.12
1934,2021-05-20,VEN,44776,21232,23544,19341,24330,1105,ITH,ITH3,5,Veneto,Veneto,4905854,3868892,78.86,0.91
1935,2021-02-09,VEN,5248,1891,3357,3432,1803,13,ITH,ITH3,5,Veneto,Veneto,4905854,3874140,78.97,0.11
1936,2021-05-27,VEN,46525,22864,23661,22323,23163,1039,ITH,ITH3,5,Veneto,Veneto,4905854,3920665,79.92,0.95
1937,2021-02-07,VEN,2315,862,1453,713,1601,1,ITH,ITH3,5,Veneto,Veneto,4905854,3922980,79.97,0.05
1938,2021-07-02,VEN,49388,25058,24330,16188,32396,804,ITH,ITH3,5,Veneto,Veneto,4905854,3972368,80.97,1.01
1939,2021-03-24,VEN,22111,9574,12537,14661,6803,647,ITH,ITH3,5,Veneto,Veneto,4905854,3994479,81.42,0.45
1940,2021-06-20,VEN,41184,20056,21128,18884,21528,772,ITH,ITH3,5,Veneto,Veneto,4905854,4035663,82.26,0.84
1941,2021-02-19,VEN,7322,3140,4182,6992,204,126,ITH,ITH3,5,Veneto,Veneto,4905854,4042985,82.41,0.15
1942,2021-02-21,VEN,4639,1212,3427,4515,5,119,ITH,ITH3,5,Veneto,Veneto,4905854,4047624,82.51,0.09
1943,2021-05-15,VEN,36221,17503,18718,24783,10004,1434,ITH,ITH3,5,Veneto,Veneto,4905854,4083845,83.24,0.74
1944,2021-06-01,VEN,26964,13555,13409,15779,10542,643,ITH,ITH3,5,Veneto,Veneto,4905854,4110809,83.79,0.55
1945,2021-04-10,VEN,27465,11976,15489,18375,8467,623,ITH,ITH3,5,Veneto,Veneto,4905854,4138274,84.35,0.56
1946,2021-06-06,VEN,37418,19155,18263,31479,4720,1219,ITH,ITH3,5,Veneto,Veneto,4905854,4175692,85.12,0.76
1947,2020-12-27,VEN,880,395,485,880,0,0,ITH,ITH3,5,Veneto,Veneto,4905854,4176572,85.13,0.02
1948,2021-05-30,VEN,22540,11265,11275,15203,6687,650,ITH,ITH3,5,Veneto,Veneto,4905854,4199112,85.59,0.46
1949,2021-06-15,VEN,47752,24252,23500,29018,17506,1228,ITH,ITH3,5,Veneto,Veneto,4905854,4246864,86.57,0.97
1950,2021-03-10,VEN,19039,8727,10312,12962,5683,394,ITH,ITH3,5,Veneto,Veneto,4905854,4265903,86.96,0.39
1951,2021-02-26,VEN,8295,3272,5023,6941,1260,94,ITH,ITH3,5,Veneto,Veneto,4905854,4274198,87.12,0.17
1952,2021-04-24,VEN,24758,10828,13930,14954,9079,725,ITH,ITH3,5,Veneto,Veneto,4905854,4298956,87.63,0.5
1953,2021-01-14,VEN,7063,1924,5139,7043,0,20,ITH,ITH3,5,Veneto,Veneto,4905854,4306019,87.77,0.14
1954,2021-03-12,VEN,18658,8194,10464,11330,6748,580,ITH,ITH3,5,Veneto,Veneto,4905854,4324677,88.15,0.38
1955,2021-04-17,VEN,22428,9088,13340,14354,7274,800,ITH,ITH3,5,Veneto,Veneto,4905854,4347105,88.61,0.46
1956,2021-01-07,VEN,8360,2318,6042,8359,0,1,ITH,ITH3,5,Veneto,Veneto,4905854,4355465,88.78,0.17
1957,2021-06-13,VEN,37328,19248,18080,29223,6965,1140,ITH,ITH3,5,Veneto,Veneto,4905854,4392793,89.54,0.76
1958,2021-01-21,VEN,2293,719,1574,21,2272,0,ITH,ITH3,5,Veneto,Veneto,4905854,4395086,89.59,0.05
1959,2021-03-05,VEN,13336,5020,8316,9222,3670,444,ITH,ITH3,5,Veneto,Veneto,4905854,4408422,89.86,0.27
1960,2021-06-28,VEN,47564,24068,23496,18355,28484,725,ITH,ITH3,5,Veneto,Veneto,4905854,4455986,90.83,0.97
1961,2021-01-25,VEN,6468,2075,4393,159,6309,0,ITH,ITH3,5,Veneto,Veneto,4905854,4462454,90.96,0.13
1962,2021-07-15,VEN,18770,9726,9044,1637,17035,98,ITH,ITH3,5,Veneto,Veneto,4905854,4481224,91.34,0.38
1963,2021-04-20,VEN,22434,9498,12936,7867,14000,567,ITH,ITH3,5,Veneto,Veneto,4905854,4503658,91.8,0.46
1964,2021-05-09,VEN,35070,16136,18934,23765,10057,1248,ITH,ITH3,5,Veneto,Veneto,4905854,4538728,92.52,0.71
1965,2021-05-26,VEN,31100,15199,15901,13961,16463,676,ITH,ITH3,5,Veneto,Veneto,4905854,4569828,93.15,0.63
1966,2021-03-01,VEN,9395,3716,5679,7410,1822,163,ITH,ITH3,5,Veneto,Veneto,4905854,4579223,93.34,0.19
1967,2021-07-12,VEN,43156,22741,20415,3968,38859,329,ITH,ITH3,5,Veneto,Veneto,4905854,4622379,94.22,0.88
1968,2021-04-03,VEN,21959,9630,12329,13847,7708,404,ITH,ITH3,5,Veneto,Veneto,4905854,4644338,94.67,0.45
1969,2021-03-20,VEN,13022,5388,7634,10649,2082,291,ITH,ITH3,5,Veneto,Veneto,4905854,4657360,94.93,0.27
1970,2021-01-10,VEN,5034,1672,3362,5033,0,1,ITH,ITH3,5,Veneto,Veneto,4905854,4662394,95.04,0.1
1971,2021-05-23,VEN,34484,16464,18020,10615,23400,469,ITH,ITH3,5,Veneto,Veneto,4905854,4696878,95.74,0.7
1972,2021-02-12,VEN,4314,1447,2867,3671,572,71,ITH,ITH3,5,Veneto,Veneto,4905854,4701192,95.83,0.09
1973,2021-01-29,VEN,9023,2788,6235,366,8657,0,ITH,ITH3,5,Veneto,Veneto,4905854,4710215,96.01,0.18
1974,2021-05-08,VEN,41458,18754,22704,28205,11811,1442,ITH,ITH3,5,Veneto,Veneto,4905854,4751673,96.86,0.85
1975,2021-06-27,VEN,40230,20551,19679,15330,24300,600,ITH,ITH3,5,Veneto,Veneto,4905854,4791903,97.68,0.82
1976,2021-03-19,VEN,13791,5668,8123,7404,6095,292,ITH,ITH3,5,Veneto,Veneto,4905854,4805694,97.96,0.28
1977,2021-06-29,PAT,6221,3135,3086,2643,3505,73,ITH,ITH2,4,Provincia Autonoma Trento,P.A. Trento,541380,6221,1.15,1.15
1978,2021-06-12,PAT,5361,2688,2673,424,4889,48,ITH,ITH2,4,Provincia Autonoma Trento,P.A. Trento,541380,11582,2.14,0.99
1979,2021-03-21,PAT,129,69,60,125,0,4,ITH,ITH2,4,Provincia Autonoma Trento,P.A. Trento,541380,11711,2.16,0.02
1980,2021-05-24,PAT,4386,2014,2372,1248,3024,114,ITH,ITH2,4,Provincia Autonoma Trento,P.A. Trento,541380,16097,2.97,0.81
1981,2021-03-02,PAT,1307,440,867,902,376,29,ITH,ITH2,4,Provincia Autonoma Trento,P.A. Trento,541380,17404,3.21,0.24
1982,2021-06-10,PAT,6128,2979,3149,1787,4212,129,ITH,ITH2,4,Provincia Autonoma Trento,P.A. Trento,541380,23532,4.35,1.13
1983,2021-04-09,PAT,2740,1162,1578,1473,1200,67,ITH,ITH2,4,Provincia Autonoma Trento,P.A. Trento,541380,26272,4.85,0.51
1984,2021-02-11,PAT,1135,365,770,795,339,1,ITH,ITH2,4,Provincia Autonoma Trento,P.A. Trento,541380,27407,5.06,0.21
1985,2021-02-25,PAT,1641,643,998,1190,441,10,ITH,ITH2,4,Provincia Autonoma Trento,P.A. Trento,541380,29048,5.37,0.3
1986,2020-12-30,PAT,7,3,4,7,0,0,ITH,ITH2,4,Provincia Autonoma Trento,P.A. Trento,541380,29055,5.37,0.0
1987,2021-06-05,PAT,4083,1916,2167,674,3333,76,ITH,ITH2,4,Provincia Autonoma Trento,P.A. Trento,541380,33138,6.12,0.75
1988,2021-05-22,PAT,3258,1598,1660,832,2333,93,ITH,ITH2,4,Provincia Autonoma Trento,P.A. Trento,541380,36396,6.72,0.6
1989,2021-01-23,PAT,577,334,243,387,189,1,ITH,ITH2,4,Provincia Autonoma Trento,P.A. Trento,541380,36973,6.83,0.11
1990,2021-05-03,PAT,4260,2197,2063,3807,154,299,ITH,ITH2,4,Provincia Autonoma Trento,P.A. Trento,541380,41233,7.62,0.79
1991,2021-07-01,PAT,6932,3605,3327,3434,3323,175,ITH,ITH2,4,Provincia Autonoma Trento,P.A. Trento,541380,48165,8.9,1.28
1992,2021-05-05,PAT,4991,2580,2411,4383,298,310,ITH,ITH2,4,Provincia Autonoma Trento,P.A. Trento,541380,53156,9.82,0.92
1993,2021-01-16,PAT,319,148,171,319,0,0,ITH,ITH2,4,Provincia Autonoma Trento,P.A. Trento,541380,53475,9.88,0.06
1994,2021-03-26,PAT,3232,1258,1974,2481,610,141,ITH,ITH2,4,Provincia Autonoma Trento,P.A. Trento,541380,56707,10.47,0.6
1995,2021-06-19,PAT,3098,1696,1402,224,2842,32,ITH,ITH2,4,Provincia Autonoma Trento,P.A. Trento,541380,59805,11.05,0.57
1996,2021-07-13,PAT,3561,1798,1763,1542,1908,111,ITH,ITH2,4,Provincia Autonoma Trento,P.A. Trento,541380,63366,11.7,0.66
1997,2021-04-21,PAT,2910,1359,1551,2710,50,150,ITH,ITH2,4,Provincia Autonoma Trento,P.A. Trento,541380,66276,12.24,0.54
1998,2021-01-28,PAT,530,147,383,48,482,0,ITH,ITH2,4,Provincia Autonoma Trento,P.A. Trento,541380,66806,12.34,0.1
1999,2021-01-11,PAT,732,223,509,732,0,0,ITH,ITH2,4,Provincia Autonoma Trento,P.A. Trento,541380,67538,12.48,0.14
2000,2021-02-16,PAT,666,246,420,650,5,11,ITH,ITH2,4,Provincia Autonoma Trento,P.A. Trento,541380,68204,12.6,0.12
2001,2021-04-23,PAT,3638,1770,1868,3405,54,179,ITH,ITH2,4,Provincia Autonoma Trento,P.A. Trento,541380,71842,13.27,0.67
2002,2021-03-09,PAT,1585,591,994,908,646,31,ITH,ITH2,4,Provincia Autonoma Trento,P.A. Trento,541380,73427,13.56,0.29
2003,2021-06-17,PAT,6602,3462,3140,1959,4480,163,ITH,ITH2,4,Provincia Autonoma Trento,P.A. Trento,541380,80029,14.78,1.22
2004,2021-03-14,PAT,108,65,43,19,87,2,ITH,ITH2,4,Provincia Autonoma Trento,P.A. Trento,541380,80137,14.8,0.02
2005,2021-05-31,PAT,4725,2175,2550,1569,3047,109,ITH,ITH2,4,Provincia Autonoma Trento,P.A. Trento,541380,84862,15.68,0.87
2006,2021-02-06,PAT,575,299,276,434,141,0,ITH,ITH2,4,Provincia Autonoma Trento,P.A. Trento,541380,85437,15.78,0.11
2007,2021-02-23,PAT,1112,395,717,878,213,21,ITH,ITH2,4,Provincia Autonoma Trento,P.A. Trento,541380,86549,15.99,0.21
2008,2021-05-17,PAT,4294,2122,2172,3710,351,233,ITH,ITH2,4,Provincia Autonoma Trento,P.A. Trento,541380,90843,16.78,0.79
2009,2021-04-14,PAT,3119,1465,1654,2231,737,151,ITH,ITH2,4,Provincia Autonoma Trento,P.A. Trento,541380,93962,17.36,0.58
2010,2021-03-28,PAT,753,294,459,705,2,46,ITH,ITH2,4,Provincia Autonoma Trento,P.A. Trento,541380,94715,17.5,0.14
2011,2021-05-29,PAT,2236,1167,1069,755,1397,84,ITH,ITH2,4,Provincia Autonoma Trento,P.A. Trento,541380,96951,17.91,0.41
2012,2021-04-02,PAT,2846,1157,1689,2010,675,161,ITH,ITH2,4,Provincia Autonoma Trento,P.A. Trento,541380,99797,18.43,0.53
2013,2021-04-16,PAT,2866,1360,1506,2566,145,155,ITH,ITH2,4,Provincia Autonoma Trento,P.A. Trento,541380,102663,18.96,0.53
2014,2021-02-18,PAT,1211,429,782,1136,63,12,ITH,ITH2,4,Provincia Autonoma Trento,P.A. Trento,541380,103874,19.19,0.22
2015,2021-03-04,PAT,2362,794,1568,1542,779,41,ITH,ITH2,4,Provincia Autonoma Trento,P.A. Trento,541380,106236,19.62,0.44
2016,2021-04-28,PAT,4251,1977,2274,3868,138,245,ITH,ITH2,4,Provincia Autonoma Trento,P.A. Trento,541380,110487,20.41,0.79
2017,2021-04-01,PAT,2905,1231,1674,1720,1094,91,ITH,ITH2,4,Provincia Autonoma Trento,P.A. Trento,541380,113392,20.94,0.54
2018,2021-07-10,PAT,1006,521,485,133,848,25,ITH,ITH2,4,Provincia Autonoma Trento,P.A. Trento,541380,114398,21.13,0.19
2019,2021-07-08,PAT,3937,2100,1837,2343,1434,160,ITH,ITH2,4,Provincia Autonoma Trento,P.A. Trento,541380,118335,21.86,0.73
2020,2021-02-04,PAT,976,304,672,421,554,1,ITH,ITH2,4,Provincia Autonoma Trento,P.A. Trento,541380,119311,22.04,0.18
2021,2021-04-13,PAT,2556,1059,1497,1970,507,79,ITH,ITH2,4,Provincia Autonoma Trento,P.A. Trento,541380,121867,22.51,0.47
2022,2021-01-20,PAT,292,73,219,280,12,0,ITH,ITH2,4,Provincia Autonoma Trento,P.A. Trento,541380,122159,22.56,0.05
2023,2021-04-30,PAT,4931,2405,2526,4410,152,369,ITH,ITH2,4,Provincia Autonoma Trento,P.A. Trento,541380,127090,23.48,0.91
2024,2021-05-19,PAT,5104,2460,2644,3600,1256,248,ITH,ITH2,4,Provincia Autonoma Trento,P.A. Trento,541380,132194,24.42,0.94
2025,2021-01-30,PAT,386,132,254,152,234,0,ITH,ITH2,4,Provincia Autonoma Trento,P.A. Trento,541380,132580,24.49,0.07
2026,2021-05-10,PAT,3213,1647,1566,2498,506,209,ITH,ITH2,4,Provincia Autonoma Trento,P.A. Trento,541380,135793,25.08,0.59
2027,2021-03-18,PAT,2320,957,1363,1216,1080,24,ITH,ITH2,4,Provincia Autonoma Trento,P.A. Trento,541380,138113,25.51,0.43
2028,2021-06-09,PAT,6243,3080,3163,2085,4079,79,ITH,ITH2,4,Provincia Autonoma Trento,P.A. Trento,541380,144356,26.66,1.15
2029,2021-06-26,PAT,1391,726,665,660,713,18,ITH,ITH2,4,Provincia Autonoma Trento,P.A. Trento,541380,145747,26.92,0.26
2030,2021-03-07,PAT,22,6,16,22,0,0,ITH,ITH2,4,Provincia Autonoma Trento,P.A. Trento,541380,145769,26.93,0.0
2031,2021-01-09,PAT,190,40,150,190,0,0,ITH,ITH2,4,Provincia Autonoma Trento,P.A. Trento,541380,145959,26.96,0.04
2032,2021-06-24,PAT,5923,3103,2820,3550,2185,188,ITH,ITH2,4,Provincia Autonoma Trento,P.A. Trento,541380,151882,28.05,1.09
2033,2021-05-12,PAT,3305,1494,1811,1953,1187,165,ITH,ITH2,4,Provincia Autonoma Trento,P.A. Trento,541380,155187,28.67,0.61
2034,2021-03-16,PAT,1391,506,885,577,783,31,ITH,ITH2,4,Provincia Autonoma Trento,P.A. Trento,541380,156578,28.92,0.26
2035,2021-05-14,PAT,5322,2543,2779,3640,1387,295,ITH,ITH2,4,Provincia Autonoma Trento,P.A. Trento,541380,161900,29.91,0.98
2036,2021-02-08,PAT,1153,319,834,342,811,0,ITH,ITH2,4,Provincia Autonoma Trento,P.A. Trento,541380,163053,30.12,0.21
2037,2021-01-04,PAT,872,229,643,870,0,2,ITH,ITH2,4,Provincia Autonoma Trento,P.A. Trento,541380,163925,30.28,0.16
2038,2021-07-06,PAT,5005,2634,2371,2912,1911,182,ITH,ITH2,4,Provincia Autonoma Trento,P.A. Trento,541380,168930,31.2,0.92
2039,2021-01-18,PAT,644,154,490,589,55,0,ITH,ITH2,4,Provincia Autonoma Trento,P.A. Trento,541380,169574,31.32,0.12
2040,2021-02-20,PAT,407,245,162,122,284,1,ITH,ITH2,4,Provincia Autonoma Trento,P.A. Trento,541380,169981,31.4,0.08
2041,2021-01-08,PAT,1451,314,1137,1450,0,1,ITH,ITH2,4,Provincia Autonoma Trento,P.A. Trento,541380,171432,31.67,0.27
2042,2021-06-14,PAT,5742,2969,2773,2001,3626,115,ITH,ITH2,4,Provincia Autonoma Trento,P.A. Trento,541380,177174,32.73,1.06
2043,2021-04-18,PAT,1855,845,1010,1788,9,58,ITH,ITH2,4,Provincia Autonoma Trento,P.A. Trento,541380,179029,33.07,0.34
2044,2021-01-06,PAT,42,13,29,42,0,0,ITH,ITH2,4,Provincia Autonoma Trento,P.A. Trento,541380,179071,33.08,0.01
2045,2021-06-16,PAT,6217,3348,2869,1928,4169,120,ITH,ITH2,4,Provincia Autonoma Trento,P.A. Trento,541380,185288,34.23,1.15
2046,2021-01-27,PAT,810,280,530,92,716,2,ITH,ITH2,4,Provincia Autonoma Trento,P.A. Trento,541380,186098,34.37,0.15
2047,2021-02-13,PAT,537,333,204,172,365,0,ITH,ITH2,4,Provincia Autonoma Trento,P.A. Trento,541380,186635,34.47,0.1
2048,2021-05-07,PAT,6000,3086,2914,4798,841,361,ITH,ITH2,4,Provincia Autonoma Trento,P.A. Trento,541380,192635,35.58,1.11
2049,2021-04-20,PAT,2879,1377,1502,2670,36,173,ITH,ITH2,4,Provincia Autonoma Trento,P.A. Trento,541380,195514,36.11,0.53
2050,2021-05-09,PAT,2324,1210,1114,1850,344,130,ITH,ITH2,4,Provincia Autonoma Trento,P.A. Trento,541380,197838,36.54,0.43
2051,2021-02-15,PAT,534,188,346,418,114,2,ITH,ITH2,4,Provincia Autonoma Trento,P.A. Trento,541380,198372,36.64,0.1
2052,2021-05-26,PAT,3918,1843,2075,1106,2692,120,ITH,ITH2,4,Provincia Autonoma Trento,P.A. Trento,541380,202290,37.37,0.72
2053,2021-03-23,PAT,2448,944,1504,1609,740,99,ITH,ITH2,4,Provincia Autonoma Trento,P.A. Trento,541380,204738,37.82,0.45
2054,2021-05-28,PAT,3721,1736,1985,1359,2228,134,ITH,ITH2,4,Provincia Autonoma Trento,P.A. Trento,541380,208459,38.51,0.69
2055,2021-01-25,PAT,818,215,603,24,794,0,ITH,ITH2,4,Provincia Autonoma Trento,P.A. Trento,541380,209277,38.66,0.15
2056,2021-03-25,PAT,2875,1105,1770,1719,1049,107,ITH,ITH2,4,Provincia Autonoma Trento,P.A. Trento,541380,212152,39.19,0.53
2057,2021-07-03,PAT,1256,669,587,79,1171,6,ITH,ITH2,4,Provincia Autonoma Trento,P.A. Trento,541380,213408,39.42,0.23
2058,2021-03-30,PAT,2388,973,1415,1652,637,99,ITH,ITH2,4,Provincia Autonoma Trento,P.A. Trento,541380,215796,39.86,0.44
2059,2021-06-02,PAT,2839,1359,1480,880,1894,65,ITH,ITH2,4,Provincia Autonoma Trento,P.A. Trento,541380,218635,40.38,0.52
2060,2021-03-11,PAT,2317,863,1454,1445,829,43,ITH,ITH2,4,Provincia Autonoma Trento,P.A. Trento,541380,220952,40.81,0.43
2061,2021-06-28,PAT,6759,3486,3273,2893,3809,57,ITH,ITH2,4,Provincia Autonoma Trento,P.A. Trento,541380,227711,42.06,1.25
2062,2021-04-06,PAT,2261,950,1311,1439,765,57,ITH,ITH2,4,Provincia Autonoma Trento,P.A. Trento,541380,229972,42.48,0.42
2063,2021-07-15,PAT,1495,815,680,431,1023,41,ITH,ITH2,4,Provincia Autonoma Trento,P.A. Trento,541380,231467,42.75,0.28
2064,2021-01-13,PAT,421,123,298,421,0,0,ITH,ITH2,4,Provincia Autonoma Trento,P.A. Trento,541380,231888,42.83,0.08
2065,2021-05-21,PAT,5055,2422,2633,3078,1711,266,ITH,ITH2,4,Provincia Autonoma Trento,P.A. Trento,541380,236943,43.77,0.93
2066,2021-02-01,PAT,1224,338,886,92,1132,0,ITH,ITH2,4,Provincia Autonoma Trento,P.A. Trento,541380,238167,43.99,0.23
2067,2021-03-15,PAT,1411,545,866,893,464,54,ITH,ITH2,4,Provincia Autonoma Trento,P.A. Trento,541380,239578,44.25,0.26
2068,2021-01-17,PAT,251,195,56,251,0,0,ITH,ITH2,4,Provincia Autonoma Trento,P.A. Trento,541380,239829,44.3,0.05
2069,2021-06-23,PAT,6514,3450,3064,4447,1871,196,ITH,ITH2,4,Provincia Autonoma Trento,P.A. Trento,541380,246343,45.5,1.2
2070,2021-05-11,PAT,3702,1751,1951,2612,851,239,ITH,ITH2,4,Provincia Autonoma Trento,P.A. Trento,541380,250045,46.19,0.68
2071,2021-04-27,PAT,3916,1882,2034,3570,69,277,ITH,ITH2,4,Provincia Autonoma Trento,P.A. Trento,541380,253961,46.91,0.72
2072,2021-06-06,PAT,2230,1062,1168,423,1785,22,ITH,ITH2,4,Provincia Autonoma Trento,P.A. Trento,541380,256191,47.32,0.41
2073,2021-07-12,PAT,4054,2030,2024,1919,1958,177,ITH,ITH2,4,Provincia Autonoma Trento,P.A. Trento,541380,260245,48.07,0.75
2074,2021-02-17,PAT,1113,425,688,1017,91,5,ITH,ITH2,4,Provincia Autonoma Trento,P.A. Trento,541380,261358,48.28,0.21
2075,2021-02-12,PAT,1013,341,672,588,423,2,ITH,ITH2,4,Provincia Autonoma Trento,P.A. Trento,541380,262371,48.46,0.19
2076,2021-03-01,PAT,1237,454,783,918,295,24,ITH,ITH2,4,Provincia Autonoma Trento,P.A. Trento,541380,263608,48.69,0.23
2077,2021-03-20,PAT,874,403,471,658,203,13,ITH,ITH2,4,Provincia Autonoma Trento,P.A. Trento,541380,264482,48.85,0.16
2078,2021-03-03,PAT,1659,622,1037,1107,518,34,ITH,ITH2,4,Provincia Autonoma Trento,P.A. Trento,541380,266141,49.16,0.31
2079,2021-06-11,PAT,7198,3426,3772,1473,5622,103,ITH,ITH2,4,Provincia Autonoma Trento,P.A. Trento,541380,273339,50.49,1.33
2080,2021-07-07,PAT,4338,2324,2014,2756,1385,197,ITH,ITH2,4,Provincia Autonoma Trento,P.A. Trento,541380,277677,51.29,0.8
2081,2021-01-03,PAT,493,160,333,493,0,0,ITH,ITH2,4,Provincia Autonoma Trento,P.A. Trento,541380,278170,51.38,0.09
2082,2021-02-22,PAT,747,259,488,657,84,6,ITH,ITH2,4,Provincia Autonoma Trento,P.A. Trento,541380,278917,51.52,0.14
2083,2021-05-18,PAT,4254,2010,2244,3130,846,278,ITH,ITH2,4,Provincia Autonoma Trento,P.A. Trento,541380,283171,52.31,0.79
2084,2021-03-12,PAT,2518,940,1578,1641,806,71,ITH,ITH2,4,Provincia Autonoma Trento,P.A. Trento,541380,285689,52.77,0.47
2085,2021-06-20,PAT,1869,1034,835,27,1837,5,ITH,ITH2,4,Provincia Autonoma Trento,P.A. Trento,541380,287558,53.12,0.35
2086,2021-01-02,PAT,502,143,359,502,0,0,ITH,ITH2,4,Provincia Autonoma Trento,P.A. Trento,541380,288060,53.21,0.09
2087,2021-05-04,PAT,4512,2448,2064,4123,95,294,ITH,ITH2,4,Provincia Autonoma Trento,P.A. Trento,541380,292572,54.04,0.83
2088,2021-03-08,PAT,1411,434,977,1028,354,29,ITH,ITH2,4,Provincia Autonoma Trento,P.A. Trento,541380,293983,54.3,0.26
2089,2021-03-22,PAT,2306,973,1333,1375,875,56,ITH,ITH2,4,Provincia Autonoma Trento,P.A. Trento,541380,296289,54.73,0.43
2090,2021-01-24,PAT,548,276,272,224,324,0,ITH,ITH2,4,Provincia Autonoma Trento,P.A. Trento,541380,296837,54.83,0.1
2091,2021-06-30,PAT,6674,3434,3240,2592,4002,80,ITH,ITH2,4,Provincia Autonoma Trento,P.A. Trento,541380,303511,56.06,1.23
2092,2021-03-06,PAT,786,277,509,595,151,40,ITH,ITH2,4,Provincia Autonoma Trento,P.A. Trento,541380,304297,56.21,0.15
2093,2021-04-11,PAT,2340,1135,1205,2161,91,88,ITH,ITH2,4,Provincia Autonoma Trento,P.A. Trento,541380,306637,56.64,0.43
2094,2021-02-27,PAT,1031,458,573,589,422,20,ITH,ITH2,4,Provincia Autonoma Trento,P.A. Trento,541380,307668,56.83,0.19
2095,2021-01-01,PAT,214,50,164,214,0,0,ITH,ITH2,4,Provincia Autonoma Trento,P.A. Trento,541380,307882,56.87,0.04
2096,2021-06-07,PAT,5789,2880,2909,2629,2983,177,ITH,ITH2,4,Provincia Autonoma Trento,P.A. Trento,541380,313671,57.94,1.07
2097,2021-04-25,PAT,1971,940,1031,1850,7,114,ITH,ITH2,4,Provincia Autonoma Trento,P.A. Trento,541380,315642,58.3,0.36
2098,2021-01-10,PAT,85,20,65,85,0,0,ITH,ITH2,4,Provincia Autonoma Trento,P.A. Trento,541380,315727,58.32,0.02
2099,2021-01-29,PAT,1358,334,1024,55,1303,0,ITH,ITH2,4,Provincia Autonoma Trento,P.A. Trento,541380,317085,58.57,0.25
2100,2021-07-14,PAT,3895,2025,1870,1494,2307,94,ITH,ITH2,4,Provincia Autonoma Trento,P.A. Trento,541380,320980,59.29,0.72
2101,2021-04-22,PAT,3152,1470,1682,2933,45,174,ITH,ITH2,4,Provincia Autonoma Trento,P.A. Trento,541380,324132,59.87,0.58
2102,2021-04-07,PAT,2624,1017,1607,1566,943,115,ITH,ITH2,4,Provincia Autonoma Trento,P.A. Trento,541380,326756,60.36,0.48
2103,2021-02-03,PAT,847,315,532,414,433,0,ITH,ITH2,4,Provincia Autonoma Trento,P.A. Trento,541380,327603,60.51,0.16
2104,2021-05-23,PAT,1956,994,962,420,1508,28,ITH,ITH2,4,Provincia Autonoma Trento,P.A. Trento,541380,329559,60.87,0.36
2105,2021-04-10,PAT,2824,1322,1502,1950,796,78,ITH,ITH2,4,Provincia Autonoma Trento,P.A. Trento,541380,332383,61.4,0.52
2106,2021-02-10,PAT,854,291,563,511,342,1,ITH,ITH2,4,Provincia Autonoma Trento,P.A. Trento,541380,333237,61.55,0.16
2107,2021-04-08,PAT,3141,1316,1825,1930,1119,92,ITH,ITH2,4,Provincia Autonoma Trento,P.A. Trento,541380,336378,62.13,0.58
2108,2020-12-31,PAT,1627,449,1178,1627,0,0,ITH,ITH2,4,Provincia Autonoma Trento,P.A. Trento,541380,338005,62.43,0.3
2109,2021-03-29,PAT,2494,967,1527,1640,735,119,ITH,ITH2,4,Provincia Autonoma Trento,P.A. Trento,541380,340499,62.89,0.46
2110,2021-04-12,PAT,3085,1408,1677,2468,496,121,ITH,ITH2,4,Provincia Autonoma Trento,P.A. Trento,541380,343584,63.46,0.57
2111,2021-01-21,PAT,353,95,258,229,124,0,ITH,ITH2,4,Provincia Autonoma Trento,P.A. Trento,541380,343937,63.53,0.07
2112,2021-05-01,PAT,4851,2470,2381,4531,36,284,ITH,ITH2,4,Provincia Autonoma Trento,P.A. Trento,541380,348788,64.43,0.9
2113,2021-02-21,PAT,155,92,63,43,112,0,ITH,ITH2,4,Provincia Autonoma Trento,P.A. Trento,541380,348943,64.45,0.03
2114,2021-06-13,PAT,3686,2033,1653,272,3391,23,ITH,ITH2,4,Provincia Autonoma Trento,P.A. Trento,541380,352629,65.14,0.68
2115,2020-12-27,PAT,103,40,63,103,0,0,ITH,ITH2,4,Provincia Autonoma Trento,P.A. Trento,541380,352732,65.15,0.02
2116,2021-01-31,PAT,76,16,60,1,75,0,ITH,ITH2,4,Provincia Autonoma Trento,P.A. Trento,541380,352808,65.17,0.01
2117,2021-07-04,PAT,211,119,92,61,148,2,ITH,ITH2,4,Provincia Autonoma Trento,P.A. Trento,541380,353019,65.21,0.04
2118,2021-05-15,PAT,1569,815,754,638,890,41,ITH,ITH2,4,Provincia Autonoma Trento,P.A. Trento,541380,354588,65.5,0.29
2119,2021-06-01,PAT,4018,1879,2139,1054,2858,106,ITH,ITH2,4,Provincia Autonoma Trento,P.A. Trento,541380,358606,66.24,0.74
2120,2021-06-27,PAT,1303,698,605,359,940,4,ITH,ITH2,4,Provincia Autonoma Trento,P.A. Trento,541380,359909,66.48,0.24
2121,2021-01-12,PAT,507,158,349,506,0,1,ITH,ITH2,4,Provincia Autonoma Trento,P.A. Trento,541380,360416,66.57,0.09
2122,2021-06-22,PAT,6189,3380,2809,3470,2537,182,ITH,ITH2,4,Provincia Autonoma Trento,P.A. Trento,541380,366605,67.72,1.14
2123,2021-03-05,PAT,2248,704,1544,1590,566,92,ITH,ITH2,4,Provincia Autonoma Trento,P.A. Trento,541380,368853,68.13,0.42
2124,2021-01-07,PAT,1272,310,962,1269,0,3,ITH,ITH2,4,Provincia Autonoma Trento,P.A. Trento,541380,370125,68.37,0.23
2125,2021-04-17,PAT,2232,1139,1093,2072,57,103,ITH,ITH2,4,Provincia Autonoma Trento,P.A. Trento,541380,372357,68.78,0.41
2126,2021-04-19,PAT,2625,1235,1390,2420,22,183,ITH,ITH2,4,Provincia Autonoma Trento,P.A. Trento,541380,374982,69.26,0.48
2127,2021-06-15,PAT,6241,3284,2957,1589,4518,134,ITH,ITH2,4,Provincia Autonoma Trento,P.A. Trento,541380,381223,70.42,1.15
2128,2021-05-30,PAT,1770,872,898,862,840,68,ITH,ITH2,4,Provincia Autonoma Trento,P.A. Trento,541380,382993,70.74,0.33
2129,2021-04-03,PAT,1143,471,672,905,171,67,ITH,ITH2,4,Provincia Autonoma Trento,P.A. Trento,541380,384136,70.95,0.21
2130,2021-04-24,PAT,3550,1701,1849,3336,15,199,ITH,ITH2,4,Provincia Autonoma Trento,P.A. Trento,541380,387686,71.61,0.66
2131,2021-02-26,PAT,1218,435,783,900,295,23,ITH,ITH2,4,Provincia Autonoma Trento,P.A. Trento,541380,388904,71.84,0.22
2132,2021-01-14,PAT,701,203,498,699,0,2,ITH,ITH2,4,Provincia Autonoma Trento,P.A. Trento,541380,389605,71.97,0.13
2133,2021-02-28,PAT,242,121,121,232,0,10,ITH,ITH2,4,Provincia Autonoma Trento,P.A. Trento,541380,389847,72.01,0.04
2134,2021-06-08,PAT,5920,2863,3057,1750,4050,120,ITH,ITH2,4,Provincia Autonoma Trento,P.A. Trento,541380,395767,73.1,1.09
2135,2021-04-26,PAT,2659,1254,1405,2399,95,165,ITH,ITH2,4,Provincia Autonoma Trento,P.A. Trento,541380,398426,73.59,0.49
2136,2021-02-19,PAT,929,359,570,838,59,32,ITH,ITH2,4,Provincia Autonoma Trento,P.A. Trento,541380,399355,73.77,0.17
2137,2021-05-25,PAT,4770,2269,2501,1721,2902,147,ITH,ITH2,4,Provincia Autonoma Trento,P.A. Trento,541380,404125,74.65,0.88
2138,2021-05-08,PAT,3162,1726,1436,2548,422,192,ITH,ITH2,4,Provincia Autonoma Trento,P.A. Trento,541380,407287,75.23,0.58
2139,2021-02-14,PAT,246,186,60,11,235,0,ITH,ITH2,4,Provincia Autonoma Trento,P.A. Trento,541380,407533,75.28,0.05
2140,2021-05-27,PAT,4295,1992,2303,1123,3043,129,ITH,ITH2,4,Provincia Autonoma Trento,P.A. Trento,541380,411828,76.07,0.79
2141,2021-06-25,PAT,7498,4019,3479,4037,3380,81,ITH,ITH2,4,Provincia Autonoma Trento,P.A. Trento,541380,419326,77.46,1.38
2142,2021-07-02,PAT,7163,3893,3270,3385,3557,221,ITH,ITH2,4,Provincia Autonoma Trento,P.A. Trento,541380,426489,78.78,1.32
2143,2021-03-19,PAT,2423,915,1508,1493,852,78,ITH,ITH2,4,Provincia Autonoma Trento,P.A. Trento,541380,428912,79.23,0.45
2144,2021-04-05,PAT,35,17,18,30,2,3,ITH,ITH2,4,Provincia Autonoma Trento,P.A. Trento,541380,428947,79.23,0.01
2145,2021-07-11,PAT,997,549,448,119,870,8,ITH,ITH2,4,Provincia Autonoma Trento,P.A. Trento,541380,429944,79.42,0.18
2146,2021-01-15,PAT,597,132,465,596,0,1,ITH,ITH2,4,Provincia Autonoma Trento,P.A. Trento,541380,430541,79.53,0.11
2147,2021-05-20,PAT,5016,2358,2658,3104,1636,276,ITH,ITH2,4,Provincia Autonoma Trento,P.A. Trento,541380,435557,80.45,0.93
2148,2021-03-24,PAT,2377,940,1437,1444,820,113,ITH,ITH2,4,Provincia Autonoma Trento,P.A. Trento,541380,437934,80.89,0.44
2149,2021-02-09,PAT,918,287,631,442,475,1,ITH,ITH2,4,Provincia Autonoma Trento,P.A. Trento,541380,438852,81.06,0.17
2150,2021-03-17,PAT,2071,792,1279,1120,871,80,ITH,ITH2,4,Provincia Autonoma Trento,P.A. Trento,541380,440923,81.44,0.38
2151,2021-02-02,PAT,910,240,670,191,719,0,ITH,ITH2,4,Provincia Autonoma Trento,P.A. Trento,541380,441833,81.61,0.17
2152,2021-07-09,PAT,4910,2611,2299,2848,1854,208,ITH,ITH2,4,Provincia Autonoma Trento,P.A. Trento,541380,446743,82.52,0.91
2153,2021-05-13,PAT,3407,1580,1827,2088,1102,217,ITH,ITH2,4,Provincia Autonoma Trento,P.A. Trento,541380,450150,83.15,0.63
2154,2021-03-31,PAT,2586,983,1603,1632,858,96,ITH,ITH2,4,Provincia Autonoma Trento,P.A. Trento,541380,452736,83.63,0.48
2155,2021-01-26,PAT,543,154,389,27,516,0,ITH,ITH2,4,Provincia Autonoma Trento,P.A. Trento,541380,453279,83.73,0.1
2156,2021-05-06,PAT,5533,2741,2792,4386,780,367,ITH,ITH2,4,Provincia Autonoma Trento,P.A. Trento,541380,458812,84.75,1.02
2157,2021-05-02,PAT,3514,1955,1559,3266,37,211,ITH,ITH2,4,Provincia Autonoma Trento,P.A. Trento,541380,462326,85.4,0.65
2158,2021-03-13,PAT,835,384,451,719,48,68,ITH,ITH2,4,Provincia Autonoma Trento,P.A. Trento,541380,463161,85.55,0.15
2159,2021-07-05,PAT,5233,2743,2490,3620,1375,238,ITH,ITH2,4,Provincia Autonoma Trento,P.A. Trento,541380,468394,86.52,0.97
2160,2021-06-21,PAT,6134,3312,2822,3556,2398,180,ITH,ITH2,4,Provincia Autonoma Trento,P.A. Trento,541380,474528,87.65,1.13
2161,2021-04-29,PAT,4650,2245,2405,4136,214,300,ITH,ITH2,4,Provincia Autonoma Trento,P.A. Trento,541380,479178,88.51,0.86
2162,2021-01-22,PAT,1674,435,1239,330,1343,1,ITH,ITH2,4,Provincia Autonoma Trento,P.A. Trento,541380,480852,88.82,0.31
2163,2021-02-05,PAT,805,272,533,283,522,0,ITH,ITH2,4,Provincia Autonoma Trento,P.A. Trento,541380,481657,88.97,0.15
2164,2021-05-16,PAT,1331,736,595,1025,239,67,ITH,ITH2,4,Provincia Autonoma Trento,P.A. Trento,541380,482988,89.21,0.25
2165,2021-01-05,PAT,711,233,478,711,0,0,ITH,ITH2,4,Provincia Autonoma Trento,P.A. Trento,541380,483699,89.35,0.13
2166,2021-04-15,PAT,3202,1443,1759,2810,154,238,ITH,ITH2,4,Provincia Autonoma Trento,P.A. Trento,541380,486901,89.94,0.59
2167,2021-06-18,PAT,6939,3692,3247,1727,5119,93,ITH,ITH2,4,Provincia Autonoma Trento,P.A. Trento,541380,493840,91.22,1.28
2168,2021-03-27,PAT,1620,710,910,1289,257,74,ITH,ITH2,4,Provincia Autonoma Trento,P.A. Trento,541380,495460,91.52,0.3
2169,2021-06-04,PAT,5829,2607,3222,1708,3995,126,ITH,ITH2,4,Provincia Autonoma Trento,P.A. Trento,541380,501289,92.59,1.08
2170,2021-02-24,PAT,1325,525,800,905,399,21,ITH,ITH2,4,Provincia Autonoma Trento,P.A. Trento,541380,502614,92.84,0.24
2171,2021-06-03,PAT,4767,2235,2532,1206,3465,96,ITH,ITH2,4,Provincia Autonoma Trento,P.A. Trento,541380,507381,93.72,0.88
2172,2021-01-19,PAT,407,77,330,407,0,0,ITH,ITH2,4,Provincia Autonoma Trento,P.A. Trento,541380,507788,93.8,0.08
2173,2021-03-10,PAT,2405,929,1476,1426,922,57,ITH,ITH2,4,Provincia Autonoma Trento,P.A. Trento,541380,510193,94.24,0.44
2174,2021-04-05,MAR,5691,2358,3333,4346,1269,76,ITI,ITI3,11,Marche,Marche,1525271,5691,0.37,0.37
2175,2021-06-27,MAR,9949,4820,5129,4487,5291,171,ITI,ITI3,11,Marche,Marche,1525271,15640,1.03,0.65
2176,2021-03-19,MAR,3880,1620,2260,325,3543,12,ITI,ITI3,11,Marche,Marche,1525271,19520,1.28,0.25
2177,2021-03-17,MAR,3477,1526,1951,105,3370,2,ITI,ITI3,11,Marche,Marche,1525271,22997,1.51,0.23
2178,2021-01-21,MAR,919,261,658,574,328,17,ITI,ITI3,11,Marche,Marche,1525271,23916,1.57,0.06
2179,2021-05-01,MAR,9318,3924,5394,3500,5742,76,ITI,ITI3,11,Marche,Marche,1525271,33234,2.18,0.61
2180,2021-03-05,MAR,6224,2872,3352,4693,1468,63,ITI,ITI3,11,Marche,Marche,1525271,39458,2.59,0.41
2181,2021-01-07,MAR,1809,636,1173,1793,0,16,ITI,ITI3,11,Marche,Marche,1525271,41267,2.71,0.12
2182,2021-05-20,MAR,12679,5959,6720,7535,4893,251,ITI,ITI3,11,Marche,Marche,1525271,53946,3.54,0.83
2183,2021-02-07,MAR,1871,735,1136,332,1527,12,ITI,ITI3,11,Marche,Marche,1525271,55817,3.66,0.12
2184,2021-05-15,MAR,14110,6433,7677,7831,6034,245,ITI,ITI3,11,Marche,Marche,1525271,69927,4.58,0.93
2185,2021-02-19,MAR,2002,739,1263,1826,135,41,ITI,ITI3,11,Marche,Marche,1525271,71929,4.72,0.13
2186,2021-01-26,MAR,2022,747,1275,80,1933,9,ITI,ITI3,11,Marche,Marche,1525271,73951,4.85,0.13
2187,2021-07-11,MAR,10415,5232,5183,1623,8656,136,ITI,ITI3,11,Marche,Marche,1525271,84366,5.53,0.68
2188,2021-04-19,MAR,9602,4498,5104,7901,1581,120,ITI,ITI3,11,Marche,Marche,1525271,93968,6.16,0.63
2189,2021-02-14,MAR,739,301,438,727,0,12,ITI,ITI3,11,Marche,Marche,1525271,94707,6.21,0.05
2190,2021-05-27,MAR,13732,6817,6915,9180,4301,251,ITI,ITI3,11,Marche,Marche,1525271,108439,7.11,0.9
2191,2021-03-31,MAR,7374,3086,4288,4268,3023,83,ITI,ITI3,11,Marche,Marche,1525271,115813,7.59,0.48
2192,2021-07-09,MAR,14915,7509,7406,2573,12129,213,ITI,ITI3,11,Marche,Marche,1525271,130728,8.57,0.98
2193,2021-06-15,MAR,13191,6567,6624,9823,3051,317,ITI,ITI3,11,Marche,Marche,1525271,143919,9.44,0.86
2194,2021-01-12,MAR,1231,417,814,1218,0,13,ITI,ITI3,11,Marche,Marche,1525271,145150,9.52,0.08
2195,2021-06-22,MAR,13203,6474,6729,6475,6445,283,ITI,ITI3,11,Marche,Marche,1525271,158353,10.38,0.87
2196,2021-04-26,MAR,9170,4062,5108,6024,3022,124,ITI,ITI3,11,Marche,Marche,1525271,167523,10.98,0.6
2197,2021-03-24,MAR,7079,3008,4071,3296,3715,68,ITI,ITI3,11,Marche,Marche,1525271,174602,11.45,0.46
2198,2021-06-01,MAR,12057,6158,5899,9683,2090,284,ITI,ITI3,11,Marche,Marche,1525271,186659,12.24,0.79
2199,2021-03-10,MAR,5710,2440,3270,4480,1178,52,ITI,ITI3,11,Marche,Marche,1525271,192369,12.61,0.37
2200,2021-02-21,MAR,376,141,235,363,1,12,ITI,ITI3,11,Marche,Marche,1525271,192745,12.64,0.02
2201,2021-01-19,MAR,232,87,145,139,90,3,ITI,ITI3,11,Marche,Marche,1525271,192977,12.65,0.02
2202,2021-03-12,MAR,4682,2000,2682,3348,1280,54,ITI,ITI3,11,Marche,Marche,1525271,197659,12.96,0.31
2203,2021-01-14,MAR,2012,694,1318,1988,0,24,ITI,ITI3,11,Marche,Marche,1525271,199671,13.09,0.13
2204,2021-06-20,MAR,11157,5545,5612,5990,4985,182,ITI,ITI3,11,Marche,Marche,1525271,210828,13.82,0.73
2205,2021-04-24,MAR,12166,5363,6803,7558,4464,144,ITI,ITI3,11,Marche,Marche,1525271,222994,14.62,0.8
2206,2021-02-26,MAR,3676,1522,2154,3097,476,103,ITI,ITI3,11,Marche,Marche,1525271,226670,14.86,0.24
2207,2021-02-28,MAR,2836,1251,1585,2822,6,8,ITI,ITI3,11,Marche,Marche,1525271,229506,15.05,0.19
2208,2021-06-08,MAR,14099,7096,7003,11197,2611,291,ITI,ITI3,11,Marche,Marche,1525271,243605,15.97,0.92
2209,2021-03-02,MAR,5002,1967,3035,4371,566,65,ITI,ITI3,11,Marche,Marche,1525271,248607,16.3,0.33
2210,2021-06-10,MAR,14921,7690,7231,12566,2013,342,ITI,ITI3,11,Marche,Marche,1525271,263528,17.28,0.98
2211,2021-01-31,MAR,1919,770,1149,97,1818,4,ITI,ITI3,11,Marche,Marche,1525271,265447,17.4,0.13
2212,2021-04-07,MAR,8179,3616,4563,7717,347,115,ITI,ITI3,11,Marche,Marche,1525271,273626,17.94,0.54
2213,2021-02-09,MAR,124,42,82,46,78,0,ITI,ITI3,11,Marche,Marche,1525271,273750,17.95,0.01
2214,2021-06-12,MAR,13775,7312,6463,12105,1339,331,ITI,ITI3,11,Marche,Marche,1525271,287525,18.85,0.9
2215,2021-04-16,MAR,10082,4702,5380,9361,525,196,ITI,ITI3,11,Marche,Marche,1525271,297607,19.51,0.66
2216,2021-07-04,MAR,10894,5444,5450,3203,7529,162,ITI,ITI3,11,Marche,Marche,1525271,308501,20.23,0.71
2217,2020-12-31,MAR,392,184,208,390,0,2,ITI,ITI3,11,Marche,Marche,1525271,308893,20.25,0.03
2218,2021-02-04,MAR,2386,843,1543,107,2274,5,ITI,ITI3,11,Marche,Marche,1525271,311279,20.41,0.16
2219,2021-01-18,MAR,696,237,459,536,149,11,ITI,ITI3,11,Marche,Marche,1525271,311975,20.45,0.05
2220,2021-05-08,MAR,12271,5477,6794,4857,7249,165,ITI,ITI3,11,Marche,Marche,1525271,324246,21.26,0.8
2221,2021-01-09,MAR,1716,606,1110,1696,0,20,ITI,ITI3,11,Marche,Marche,1525271,325962,21.37,0.11
2222,2021-04-02,MAR,6886,2983,3903,6039,739,108,ITI,ITI3,11,Marche,Marche,1525271,332848,21.82,0.45
2223,2021-03-16,MAR,3518,1520,1998,285,3227,6,ITI,ITI3,11,Marche,Marche,1525271,336366,22.05,0.23
2224,2021-03-29,MAR,5896,2581,3315,3393,2456,47,ITI,ITI3,11,Marche,Marche,1525271,342262,22.44,0.39
2225,2021-06-03,MAR,14633,7481,7152,12075,2252,306,ITI,ITI3,11,Marche,Marche,1525271,356895,23.4,0.96
2226,2021-02-18,MAR,2143,785,1358,1808,286,49,ITI,ITI3,11,Marche,Marche,1525271,359038,23.54,0.14
2227,2021-05-29,MAR,12861,6234,6627,8115,4528,218,ITI,ITI3,11,Marche,Marche,1525271,371899,24.38,0.84
2228,2021-02-02,MAR,1193,398,795,71,1122,0,ITI,ITI3,11,Marche,Marche,1525271,373092,24.46,0.08
2229,2021-05-13,MAR,12604,5695,6909,6827,5500,277,ITI,ITI3,11,Marche,Marche,1525271,385696,25.29,0.83
2230,2021-04-12,MAR,8565,3771,4794,7936,482,147,ITI,ITI3,11,Marche,Marche,1525271,394261,25.85,0.56
2231,2021-01-02,MAR,456,141,315,454,0,2,ITI,ITI3,11,Marche,Marche,1525271,394717,25.88,0.03
2232,2021-03-07,MAR,5180,2107,3073,4379,754,47,ITI,ITI3,11,Marche,Marche,1525271,399897,26.22,0.34
2233,2021-01-23,MAR,557,190,367,120,434,3,ITI,ITI3,11,Marche,Marche,1525271,400454,26.25,0.04
2234,2021-06-29,MAR,13372,6599,6773,4929,8216,227,ITI,ITI3,11,Marche,Marche,1525271,413826,27.13,0.88
2235,2021-05-03,MAR,10390,4681,5709,4848,5409,133,ITI,ITI3,11,Marche,Marche,1525271,424216,27.81,0.68
2236,2021-03-28,MAR,4125,1739,2386,2396,1691,38,ITI,ITI3,11,Marche,Marche,1525271,428341,28.08,0.27
2237,2021-01-30,MAR,1905,668,1237,26,1879,0,ITI,ITI3,11,Marche,Marche,1525271,430246,28.21,0.12
2238,2021-05-12,MAR,10431,4692,5739,4737,5504,190,ITI,ITI3,11,Marche,Marche,1525271,440677,28.89,0.68
2239,2021-07-08,MAR,15042,7542,7500,2790,12027,225,ITI,ITI3,11,Marche,Marche,1525271,455719,29.88,0.99
2240,2021-07-01,MAR,14684,7364,7320,4658,9748,278,ITI,ITI3,11,Marche,Marche,1525271,470403,30.84,0.96
2241,2021-05-24,MAR,10979,5184,5795,7944,2858,177,ITI,ITI3,11,Marche,Marche,1525271,481382,31.56,0.72
2242,2021-05-22,MAR,11937,5719,6218,7319,4448,170,ITI,ITI3,11,Marche,Marche,1525271,493319,32.34,0.78
2243,2021-02-11,MAR,1987,657,1330,1557,389,41,ITI,ITI3,11,Marche,Marche,1525271,495306,32.47,0.13
2244,2021-05-05,MAR,11691,5320,6371,5105,6429,157,ITI,ITI3,11,Marche,Marche,1525271,506997,33.24,0.77
2245,2021-01-04,MAR,1513,573,940,1501,0,12,ITI,ITI3,11,Marche,Marche,1525271,508510,33.34,0.1
2246,2021-04-14,MAR,10214,4563,5651,9660,370,184,ITI,ITI3,11,Marche,Marche,1525271,518724,34.01,0.67
2247,2020-12-30,MAR,17,5,12,17,0,0,ITI,ITI3,11,Marche,Marche,1525271,518741,34.01,0.0
2248,2021-04-09,MAR,9571,4191,5380,9158,200,213,ITI,ITI3,11,Marche,Marche,1525271,528312,34.64,0.63
2249,2021-04-28,MAR,10926,4979,5947,6023,4733,170,ITI,ITI3,11,Marche,Marche,1525271,539238,35.35,0.72
2250,2021-03-26,MAR,6380,2619,3761,3469,2855,56,ITI,ITI3,11,Marche,Marche,1525271,545618,35.77,0.42
2251,2021-06-17,MAR,15191,7557,7634,8800,6096,295,ITI,ITI3,11,Marche,Marche,1525271,560809,36.77,1.0
2252,2021-03-09,MAR,5431,2293,3138,4465,881,85,ITI,ITI3,11,Marche,Marche,1525271,566240,37.12,0.36
2253,2021-06-24,MAR,13828,6671,7157,6186,7371,271,ITI,ITI3,11,Marche,Marche,1525271,580068,38.03,0.91
2254,2021-01-11,MAR,1177,412,765,1159,0,18,ITI,ITI3,11,Marche,Marche,1525271,581245,38.11,0.08
2255,2021-04-21,MAR,10784,4968,5816,9437,1194,153,ITI,ITI3,11,Marche,Marche,1525271,592029,38.81,0.71
2256,2021-01-28,MAR,2087,725,1362,163,1923,1,ITI,ITI3,11,Marche,Marche,1525271,594116,38.95,0.14
2257,2021-02-16,MAR,1287,475,812,1226,30,31,ITI,ITI3,11,Marche,Marche,1525271,595403,39.04,0.08
2258,2021-02-25,MAR,3559,1463,2096,3319,181,59,ITI,ITI3,11,Marche,Marche,1525271,598962,39.27,0.23
2259,2021-06-05,MAR,13944,7011,6933,11521,2059,364,ITI,ITI3,11,Marche,Marche,1525271,612906,40.18,0.91
2260,2021-04-23,MAR,11306,5218,6088,8091,3055,160,ITI,ITI3,11,Marche,Marche,1525271,624212,40.92,0.74
2261,2021-02-23,MAR,3314,1432,1882,3243,56,15,ITI,ITI3,11,Marche,Marche,1525271,627526,41.14,0.22
2262,2021-02-15,MAR,967,412,555,939,13,15,ITI,ITI3,11,Marche,Marche,1525271,628493,41.21,0.06
2263,2021-05-26,MAR,11889,5953,5936,8449,3226,214,ITI,ITI3,11,Marche,Marche,1525271,640382,41.98,0.78
2264,2021-03-30,MAR,7475,3075,4400,4580,2823,72,ITI,ITI3,11,Marche,Marche,1525271,647857,42.47,0.49
2265,2021-02-01,MAR,1362,479,883,94,1265,3,ITI,ITI3,11,Marche,Marche,1525271,649219,42.56,0.09
2266,2021-05-07,MAR,12840,5807,7033,3584,9179,77,ITI,ITI3,11,Marche,Marche,1525271,662059,43.41,0.84
2267,2021-02-13,MAR,1093,462,631,988,82,23,ITI,ITI3,11,Marche,Marche,1525271,663152,43.48,0.07
2268,2021-01-27,MAR,2119,780,1339,118,1999,2,ITI,ITI3,11,Marche,Marche,1525271,665271,43.62,0.14
2269,2021-04-20,MAR,10752,5027,5725,9153,1470,129,ITI,ITI3,11,Marche,Marche,1525271,676023,44.32,0.7
2270,2021-01-06,MAR,2204,801,1403,2185,0,19,ITI,ITI3,11,Marche,Marche,1525271,678227,44.47,0.14
2271,2021-03-04,MAR,6536,2892,3644,5084,1393,59,ITI,ITI3,11,Marche,Marche,1525271,684763,44.89,0.43
2272,2021-03-13,MAR,5805,2681,3124,1765,4000,40,ITI,ITI3,11,Marche,Marche,1525271,690568,45.28,0.38
2273,2021-06-21,MAR,12603,6182,6421,5481,6877,245,ITI,ITI3,11,Marche,Marche,1525271,703171,46.1,0.83
2274,2021-05-09,MAR,8863,4020,4843,3559,5227,77,ITI,ITI3,11,Marche,Marche,1525271,712034,46.68,0.58
2275,2021-04-04,MAR,3824,1792,2032,2606,1169,49,ITI,ITI3,11,Marche,Marche,1525271,715858,46.93,0.25
2276,2021-07-13,MAR,14959,7327,7632,1454,13375,130,ITI,ITI3,11,Marche,Marche,1525271,730817,47.91,0.98
2277,2021-06-09,MAR,14279,7417,6862,12108,1870,301,ITI,ITI3,11,Marche,Marche,1525271,745096,48.85,0.94
2278,2021-06-07,MAR,13320,6588,6732,10568,2450,302,ITI,ITI3,11,Marche,Marche,1525271,758416,49.72,0.87
2279,2021-02-27,MAR,3401,1457,1944,3158,209,34,ITI,ITI3,11,Marche,Marche,1525271,761817,49.95,0.22
2280,2021-04-13,MAR,9838,4260,5578,9412,233,193,ITI,ITI3,11,Marche,Marche,1525271,771655,50.59,0.65
2281,2021-07-05,MAR,13153,6500,6653,2922,10060,171,ITI,ITI3,11,Marche,Marche,1525271,784808,51.45,0.86
2282,2021-06-16,MAR,13759,6915,6844,9130,4366,263,ITI,ITI3,11,Marche,Marche,1525271,798567,52.36,0.9
2283,2021-06-02,MAR,11901,5939,5962,11030,676,195,ITI,ITI3,11,Marche,Marche,1525271,810468,53.14,0.78
2284,2021-02-22,MAR,3459,1531,1928,3350,75,34,ITI,ITI3,11,Marche,Marche,1525271,813927,53.36,0.23
2285,2021-03-27,MAR,7415,3092,4323,4950,2393,72,ITI,ITI3,11,Marche,Marche,1525271,821342,53.85,0.49
2286,2021-04-10,MAR,10918,4621,6297,10370,313,235,ITI,ITI3,11,Marche,Marche,1525271,832260,54.56,0.72
2287,2021-01-03,MAR,907,354,553,897,0,10,ITI,ITI3,11,Marche,Marche,1525271,833167,54.62,0.06
2288,2021-04-06,MAR,8874,3693,5181,7931,810,133,ITI,ITI3,11,Marche,Marche,1525271,842041,55.21,0.58
2289,2021-03-23,MAR,5838,2557,3281,2227,3576,35,ITI,ITI3,11,Marche,Marche,1525271,847879,55.59,0.38
2290,2021-02-08,MAR,833,258,575,366,462,5,ITI,ITI3,11,Marche,Marche,1525271,848712,55.64,0.05
2291,2021-07-15,MAR,7428,3906,3522,652,6702,74,ITI,ITI3,11,Marche,Marche,1525271,856140,56.13,0.49
2292,2021-05-19,MAR,11654,5359,6295,8369,3090,195,ITI,ITI3,11,Marche,Marche,1525271,867794,56.89,0.76
2293,2021-05-10,MAR,9452,4338,5114,4771,4553,128,ITI,ITI3,11,Marche,Marche,1525271,877246,57.51,0.62
2294,2021-03-14,MAR,2499,1032,1467,1897,592,10,ITI,ITI3,11,Marche,Marche,1525271,879745,57.68,0.16
2295,2021-03-21,MAR,4505,1873,2632,1614,2876,15,ITI,ITI3,11,Marche,Marche,1525271,884250,57.97,0.3
2296,2021-02-06,MAR,2463,902,1561,513,1941,9,ITI,ITI3,11,Marche,Marche,1525271,886713,58.13,0.16
2297,2021-01-25,MAR,1596,558,1038,94,1502,0,ITI,ITI3,11,Marche,Marche,1525271,888309,58.24,0.1
2298,2021-01-08,MAR,1582,592,990,1567,0,15,ITI,ITI3,11,Marche,Marche,1525271,889891,58.34,0.1
2299,2021-04-18,MAR,8824,4131,4693,7735,921,168,ITI,ITI3,11,Marche,Marche,1525271,898715,58.92,0.58
2300,2021-01-15,MAR,1771,500,1271,1754,0,17,ITI,ITI3,11,Marche,Marche,1525271,900486,59.04,0.12
2301,2021-04-25,MAR,8599,3993,4606,6897,1575,127,ITI,ITI3,11,Marche,Marche,1525271,909085,59.6,0.56
2302,2021-01-13,MAR,2107,746,1361,2066,0,41,ITI,ITI3,11,Marche,Marche,1525271,911192,59.74,0.14
2303,2021-05-02,MAR,8900,3937,4963,3083,5738,79,ITI,ITI3,11,Marche,Marche,1525271,920092,60.32,0.58
2304,2021-06-28,MAR,12305,6001,6304,4611,7459,235,ITI,ITI3,11,Marche,Marche,1525271,932397,61.13,0.81
2305,2021-03-22,MAR,5698,2407,3291,2482,3173,43,ITI,ITI3,11,Marche,Marche,1525271,938095,61.5,0.37
2306,2021-03-08,MAR,6297,2759,3538,5187,1002,108,ITI,ITI3,11,Marche,Marche,1525271,944392,61.92,0.41
2307,2021-02-05,MAR,2156,654,1502,438,1717,1,ITI,ITI3,11,Marche,Marche,1525271,946548,62.06,0.14
2308,2021-05-16,MAR,10898,4957,5941,6551,4228,119,ITI,ITI3,11,Marche,Marche,1525271,957446,62.77,0.71
2309,2021-05-30,MAR,9732,4690,5042,6547,2989,196,ITI,ITI3,11,Marche,Marche,1525271,967178,63.41,0.64
2310,2021-03-18,MAR,3436,1504,1932,150,3274,12,ITI,ITI3,11,Marche,Marche,1525271,970614,63.64,0.23
2311,2021-06-26,MAR,13575,6904,6671,5688,7670,217,ITI,ITI3,11,Marche,Marche,1525271,984189,64.53,0.89
2312,2021-05-23,MAR,9208,4282,4926,7413,1671,124,ITI,ITI3,11,Marche,Marche,1525271,993397,65.13,0.6
2313,2021-05-06,MAR,12655,5822,6833,5362,7071,222,ITI,ITI3,11,Marche,Marche,1525271,1006052,65.96,0.83
2314,2021-02-12,MAR,1582,618,964,1404,152,26,ITI,ITI3,11,Marche,Marche,1525271,1007634,66.06,0.1
2315,2021-04-17,MAR,11704,5316,6388,10400,1073,231,ITI,ITI3,11,Marche,Marche,1525271,1019338,66.83,0.77
2316,2021-06-13,MAR,10746,5563,5183,9203,1294,249,ITI,ITI3,11,Marche,Marche,1525271,1030084,67.53,0.7
2317,2020-12-27,MAR,205,100,105,203,0,2,ITI,ITI3,11,Marche,Marche,1525271,1030289,67.55,0.01
2318,2021-04-27,MAR,9590,4389,5201,5509,3987,94,ITI,ITI3,11,Marche,Marche,1525271,1039879,68.18,0.63
2319,2021-01-17,MAR,1617,694,923,1550,61,6,ITI,ITI3,11,Marche,Marche,1525271,1041496,68.28,0.11
2320,2021-07-14,MAR,14057,6924,7133,1789,12077,191,ITI,ITI3,11,Marche,Marche,1525271,1055553,69.2,0.92
2321,2021-01-10,MAR,1745,701,1044,1731,0,14,ITI,ITI3,11,Marche,Marche,1525271,1057298,69.32,0.11
2322,2021-07-12,MAR,13723,6804,6919,1228,12377,118,ITI,ITI3,11,Marche,Marche,1525271,1071021,70.22,0.9
2323,2021-04-03,MAR,7573,3204,4369,6738,667,168,ITI,ITI3,11,Marche,Marche,1525271,1078594,70.71,0.5
2324,2021-06-25,MAR,14345,7173,7172,6424,7634,287,ITI,ITI3,11,Marche,Marche,1525271,1092939,71.66,0.94
2325,2021-01-24,MAR,881,339,542,5,876,0,ITI,ITI3,11,Marche,Marche,1525271,1093820,71.71,0.06
2326,2021-06-30,MAR,13657,6667,6990,4461,8985,211,ITI,ITI3,11,Marche,Marche,1525271,1107477,72.61,0.9
2327,2021-05-04,MAR,10972,4839,6133,4928,5903,141,ITI,ITI3,11,Marche,Marche,1525271,1118449,73.33,0.72
2328,2021-03-20,MAR,4175,1758,2417,1035,3126,14,ITI,ITI3,11,Marche,Marche,1525271,1122624,73.6,0.27
2329,2021-01-22,MAR,489,168,321,193,294,2,ITI,ITI3,11,Marche,Marche,1525271,1123113,73.63,0.03
2330,2021-07-07,MAR,14281,7082,7199,2961,11079,241,ITI,ITI3,11,Marche,Marche,1525271,1137394,74.57,0.94
2331,2021-03-06,MAR,5737,2640,3097,4423,1267,47,ITI,ITI3,11,Marche,Marche,1525271,1143131,74.95,0.38
2332,2021-06-14,MAR,12833,6484,6349,9256,3308,269,ITI,ITI3,11,Marche,Marche,1525271,1155964,75.79,0.84
2333,2021-01-29,MAR,1992,730,1262,161,1826,5,ITI,ITI3,11,Marche,Marche,1525271,1157956,75.92,0.13
2334,2021-05-18,MAR,11247,5335,5912,7477,3592,178,ITI,ITI3,11,Marche,Marche,1525271,1169203,76.66,0.74
2335,2021-05-11,MAR,10625,4834,5791,5490,4943,192,ITI,ITI3,11,Marche,Marche,1525271,1179828,77.35,0.7
2336,2021-02-10,MAR,1439,452,987,1038,359,42,ITI,ITI3,11,Marche,Marche,1525271,1181267,77.45,0.09
2337,2021-06-11,MAR,13991,7151,6840,11367,2321,303,ITI,ITI3,11,Marche,Marche,1525271,1195258,78.36,0.92
2338,2021-05-25,MAR,11764,5796,5968,8497,3047,220,ITI,ITI3,11,Marche,Marche,1525271,1207022,79.13,0.77
2339,2021-05-21,MAR,13898,6589,7309,7226,6461,211,ITI,ITI3,11,Marche,Marche,1525271,1220920,80.05,0.91
2340,2021-05-28,MAR,13957,6737,7220,8802,4857,298,ITI,ITI3,11,Marche,Marche,1525271,1234877,80.96,0.92
2341,2021-04-01,MAR,7576,3182,4394,4068,3416,92,ITI,ITI3,11,Marche,Marche,1525271,1242453,81.46,0.5
2342,2021-03-15,MAR,4446,2056,2390,1291,3134,21,ITI,ITI3,11,Marche,Marche,1525271,1246899,81.75,0.29
2343,2021-06-23,MAR,13887,6816,7071,6619,7013,255,ITI,ITI3,11,Marche,Marche,1525271,1260786,82.66,0.91
2344,2021-06-06,MAR,12451,6136,6315,10638,1577,236,ITI,ITI3,11,Marche,Marche,1525271,1273237,83.48,0.82
2345,2021-03-01,MAR,3772,1520,2252,3503,248,21,ITI,ITI3,11,Marche,Marche,1525271,1277009,83.72,0.25
2346,2021-07-10,MAR,14179,7240,6939,1674,12300,205,ITI,ITI3,11,Marche,Marche,1525271,1291188,84.65,0.93
2347,2021-04-22,MAR,10797,4930,5867,9083,1578,136,ITI,ITI3,11,Marche,Marche,1525271,1301985,85.36,0.71
2348,2021-02-24,MAR,3534,1547,1987,3424,78,32,ITI,ITI3,11,Marche,Marche,1525271,1305519,85.59,0.23
2349,2021-06-04,MAR,14335,7289,7046,11590,2438,307,ITI,ITI3,11,Marche,Marche,1525271,1319854,86.53,0.94
2350,2021-04-08,MAR,8691,3805,4886,8216,345,130,ITI,ITI3,11,Marche,Marche,1525271,1328545,87.1,0.57
2351,2021-03-03,MAR,6699,3076,3623,5718,884,97,ITI,ITI3,11,Marche,Marche,1525271,1335244,87.54,0.44
2352,2021-01-05,MAR,1577,591,986,1558,0,19,ITI,ITI3,11,Marche,Marche,1525271,1336821,87.64,0.1
2353,2021-04-15,MAR,10378,4675,5703,9579,565,234,ITI,ITI3,11,Marche,Marche,1525271,1347199,88.33,0.68
2354,2021-02-17,MAR,1827,700,1127,1641,118,68,ITI,ITI3,11,Marche,Marche,1525271,1349026,88.45,0.12
2355,2021-07-06,MAR,13968,6923,7045,3144,10601,223,ITI,ITI3,11,Marche,Marche,1525271,1362994,89.36,0.92
2356,2021-01-16,MAR,2036,733,1303,1986,0,50,ITI,ITI3,11,Marche,Marche,1525271,1365030,89.49,0.13
2357,2021-06-19,MAR,14688,7402,7286,7749,6674,265,ITI,ITI3,11,Marche,Marche,1525271,1379718,90.46,0.96
2358,2021-05-31,MAR,11783,5944,5839,8600,2931,252,ITI,ITI3,11,Marche,Marche,1525271,1391501,91.23,0.77
2359,2021-05-17,MAR,12037,5645,6392,7469,4348,220,ITI,ITI3,11,Marche,Marche,1525271,1403538,92.02,0.79
2360,2021-04-30,MAR,14151,6200,7951,5402,8559,190,ITI,ITI3,11,Marche,Marche,1525271,1417689,92.95,0.93
2361,2021-04-11,MAR,7116,3115,4001,6692,286,138,ITI,ITI3,11,Marche,Marche,1525271,1424805,93.41,0.47
2362,2021-03-11,MAR,6635,2824,3811,5149,1411,75,ITI,ITI3,11,Marche,Marche,1525271,1431440,93.85,0.44
2363,2021-03-25,MAR,6700,2794,3906,3190,3454,56,ITI,ITI3,11,Marche,Marche,1525271,1438140,94.29,0.44
2364,2021-07-03,MAR,13844,6991,6853,4136,9396,312,ITI,ITI3,11,Marche,Marche,1525271,1451984,95.2,0.91
2365,2021-02-20,MAR,4162,1732,2430,4041,111,10,ITI,ITI3,11,Marche,Marche,1525271,1456146,95.47,0.27
2366,2021-01-20,MAR,405,100,305,384,19,2,ITI,ITI3,11,Marche,Marche,1525271,1456551,95.49,0.03
2367,2021-02-03,MAR,2124,741,1383,98,2005,21,ITI,ITI3,11,Marche,Marche,1525271,1458675,95.63,0.14
2368,2021-05-14,MAR,13634,6292,7342,6509,6913,212,ITI,ITI3,11,Marche,Marche,1525271,1472309,96.53,0.89
2369,2021-07-02,MAR,14546,7174,7372,4675,9641,230,ITI,ITI3,11,Marche,Marche,1525271,1486855,97.48,0.95
2370,2021-06-18,MAR,15349,7649,7700,8299,6751,299,ITI,ITI3,11,Marche,Marche,1525271,1502204,98.49,1.01
2371,2021-04-29,MAR,13439,6153,7286,7163,6099,177,ITI,ITI3,11,Marche,Marche,1525271,1515643,99.37,0.88
2372,2021-02-19,MOL,169,93,76,167,2,0,ITF,ITF2,14,Molise,Molise,305617,169,0.06,0.06
2373,2021-03-10,MOL,1737,720,1017,1667,50,20,ITF,ITF2,14,Molise,Molise,305617,1906,0.62,0.57
2374,2021-06-01,MOL,2598,1322,1276,2454,108,36,ITF,ITF2,14,Molise,Molise,305617,4504,1.47,0.85
2375,2021-01-12,MOL,336,114,222,336,0,0,ITF,ITF2,14,Molise,Molise,305617,4840,1.58,0.11
2376,2021-02-24,MOL,666,278,388,325,333,8,ITF,ITF2,14,Molise,Molise,305617,5506,1.8,0.22
2377,2021-07-14,MOL,3163,1566,1597,177,2972,14,ITF,ITF2,14,Molise,Molise,305617,8669,2.84,1.03
2378,2021-04-05,MOL,391,189,202,292,99,0,ITF,ITF2,14,Molise,Molise,305617,9060,2.96,0.13
2379,2021-03-29,MOL,2033,835,1198,1518,486,29,ITF,ITF2,14,Molise,Molise,305617,11093,3.63,0.67
2380,2021-01-31,MOL,268,70,198,6,262,0,ITF,ITF2,14,Molise,Molise,305617,11361,3.72,0.09
2381,2021-01-26,MOL,450,184,266,8,442,0,ITF,ITF2,14,Molise,Molise,305617,11811,3.86,0.15
2382,2021-05-06,MOL,2679,1214,1465,2042,598,39,ITF,ITF2,14,Molise,Molise,305617,14490,4.74,0.88
2383,2021-03-24,MOL,1631,658,973,1212,402,17,ITF,ITF2,14,Molise,Molise,305617,16121,5.27,0.53
2384,2021-07-02,MOL,2627,1275,1352,121,2498,8,ITF,ITF2,14,Molise,Molise,305617,18748,6.13,0.86
2385,2021-07-04,MOL,2112,1058,1054,574,1515,23,ITF,ITF2,14,Molise,Molise,305617,20860,6.83,0.69
2386,2021-01-17,MOL,78,38,40,48,30,0,ITF,ITF2,14,Molise,Molise,305617,20938,6.85,0.03
2387,2021-02-07,MOL,66,32,34,19,47,0,ITF,ITF2,14,Molise,Molise,305617,21004,6.87,0.02
2388,2021-05-18,MOL,1645,877,768,984,655,6,ITF,ITF2,14,Molise,Molise,305617,22649,7.41,0.54
2389,2021-03-22,MOL,1149,441,708,889,244,16,ITF,ITF2,14,Molise,Molise,305617,23798,7.79,0.38
2390,2021-05-20,MOL,2661,1371,1290,2397,186,78,ITF,ITF2,14,Molise,Molise,305617,26459,8.66,0.87
2391,2021-05-01,MOL,2647,1268,1379,405,2223,19,ITF,ITF2,14,Molise,Molise,305617,29106,9.52,0.87
2392,2021-03-05,MOL,1219,649,570,1003,204,12,ITF,ITF2,14,Molise,Molise,305617,30325,9.92,0.4
2393,2021-06-13,MOL,2786,1486,1300,2428,325,33,ITF,ITF2,14,Molise,Molise,305617,33111,10.83,0.91
2394,2021-04-17,MOL,3054,1501,1553,1543,1486,25,ITF,ITF2,14,Molise,Molise,305617,36165,11.83,1.0
2395,2021-06-20,MOL,422,174,248,47,371,4,ITF,ITF2,14,Molise,Molise,305617,36587,11.97,0.14
2396,2021-04-24,MOL,2551,1202,1349,695,1841,15,ITF,ITF2,14,Molise,Molise,305617,39138,12.81,0.83
2397,2021-02-26,MOL,563,260,303,489,73,1,ITF,ITF2,14,Molise,Molise,305617,39701,12.99,0.18
2398,2021-06-06,MOL,2060,1059,1001,1720,323,17,ITF,ITF2,14,Molise,Molise,305617,41761,13.66,0.67
2399,2021-06-27,MOL,2364,1119,1245,1128,1226,10,ITF,ITF2,14,Molise,Molise,305617,44125,14.44,0.77
2400,2021-01-07,MOL,598,209,389,598,0,0,ITF,ITF2,14,Molise,Molise,305617,44723,14.63,0.2
2401,2021-02-12,MOL,332,150,182,207,124,1,ITF,ITF2,14,Molise,Molise,305617,45055,14.74,0.11
2402,2021-03-03,MOL,672,316,356,586,82,4,ITF,ITF2,14,Molise,Molise,305617,45727,14.96,0.22
2403,2021-01-05,MOL,449,180,269,449,0,0,ITF,ITF2,14,Molise,Molise,305617,46176,15.11,0.15
2404,2021-05-13,MOL,3039,1410,1629,2528,457,54,ITF,ITF2,14,Molise,Molise,305617,49215,16.1,0.99
2405,2021-04-28,MOL,1694,924,770,469,1218,7,ITF,ITF2,14,Molise,Molise,305617,50909,16.66,0.55
2406,2021-07-09,MOL,3429,1645,1784,166,3245,18,ITF,ITF2,14,Molise,Molise,305617,54338,17.78,1.12
2407,2021-03-31,MOL,2193,919,1274,1307,819,67,ITF,ITF2,14,Molise,Molise,305617,56531,18.5,0.72
2408,2021-03-17,MOL,908,385,523,518,332,58,ITF,ITF2,14,Molise,Molise,305617,57439,18.79,0.3
2409,2021-06-25,MOL,3431,1688,1743,1464,1915,52,ITF,ITF2,14,Molise,Molise,305617,60870,19.92,1.12
2410,2021-06-08,MOL,2886,1593,1293,2187,696,3,ITF,ITF2,14,Molise,Molise,305617,63756,20.86,0.94
2411,2021-04-10,MOL,2640,1261,1379,2453,152,35,ITF,ITF2,14,Molise,Molise,305617,66396,21.73,0.86
2412,2021-02-05,MOL,593,269,324,55,538,0,ITF,ITF2,14,Molise,Molise,305617,66989,21.92,0.19
2413,2021-01-19,MOL,173,63,110,162,11,0,ITF,ITF2,14,Molise,Molise,305617,67162,21.98,0.06
2414,2021-04-29,MOL,2239,1146,1093,877,1348,14,ITF,ITF2,14,Molise,Molise,305617,69401,22.71,0.73
2415,2021-04-12,MOL,1299,557,742,1037,251,11,ITF,ITF2,14,Molise,Molise,305617,70700,23.13,0.43
2416,2021-05-25,MOL,1963,887,1076,1297,630,36,ITF,ITF2,14,Molise,Molise,305617,72663,23.78,0.64
2417,2021-01-04,MOL,314,131,183,314,0,0,ITF,ITF2,14,Molise,Molise,305617,72977,23.88,0.1
2418,2021-04-14,MOL,1806,767,1039,1135,661,10,ITF,ITF2,14,Molise,Molise,305617,74783,24.47,0.59
2419,2021-02-16,MOL,156,70,86,149,6,1,ITF,ITF2,14,Molise,Molise,305617,74939,24.52,0.05
2420,2021-05-27,MOL,2835,1348,1487,1962,836,37,ITF,ITF2,14,Molise,Molise,305617,77774,25.45,0.93
2421,2021-03-15,MOL,832,338,494,570,245,17,ITF,ITF2,14,Molise,Molise,305617,78606,25.72,0.27
2422,2021-06-24,MOL,3308,1542,1766,432,2840,36,ITF,ITF2,14,Molise,Molise,305617,81914,26.8,1.08
2423,2021-03-02,MOL,667,383,284,504,158,5,ITF,ITF2,14,Molise,Molise,305617,82581,27.02,0.22
2424,2021-06-10,MOL,2571,1182,1389,1233,1301,37,ITF,ITF2,14,Molise,Molise,305617,85152,27.86,0.84
2425,2021-03-19,MOL,1184,482,702,740,427,17,ITF,ITF2,14,Molise,Molise,305617,86336,28.25,0.39
2426,2021-01-21,MOL,6,2,4,6,0,0,ITF,ITF2,14,Molise,Molise,305617,86342,28.25,0.0
2427,2021-07-06,MOL,1697,806,891,17,1677,3,ITF,ITF2,14,Molise,Molise,305617,88039,28.81,0.56
2428,2021-05-10,MOL,2891,1285,1606,2489,373,29,ITF,ITF2,14,Molise,Molise,305617,90930,29.75,0.95
2429,2021-06-29,MOL,2459,1147,1312,376,2057,26,ITF,ITF2,14,Molise,Molise,305617,93389,30.56,0.8
2430,2021-05-03,MOL,2486,1166,1320,2290,163,33,ITF,ITF2,14,Molise,Molise,305617,95875,31.37,0.81
2431,2021-05-17,MOL,2228,1092,1136,1705,496,27,ITF,ITF2,14,Molise,Molise,305617,98103,32.1,0.73
2432,2021-03-21,MOL,1246,542,704,477,767,2,ITF,ITF2,14,Molise,Molise,305617,99349,32.51,0.41
2433,2021-03-14,MOL,596,240,356,17,579,0,ITF,ITF2,14,Molise,Molise,305617,99945,32.7,0.2
2434,2021-06-22,MOL,2960,1368,1592,669,2274,17,ITF,ITF2,14,Molise,Molise,305617,102905,33.67,0.97
2435,2021-02-21,MOL,574,227,347,572,2,0,ITF,ITF2,14,Molise,Molise,305617,103479,33.86,0.19
2436,2021-02-04,MOL,758,295,463,77,681,0,ITF,ITF2,14,Molise,Molise,305617,104237,34.11,0.25
2437,2021-05-15,MOL,2980,1398,1582,2545,384,51,ITF,ITF2,14,Molise,Molise,305617,107217,35.08,0.98
2438,2021-02-02,MOL,539,176,363,215,323,1,ITF,ITF2,14,Molise,Molise,305617,107756,35.26,0.18
2439,2021-01-16,MOL,422,166,256,422,0,0,ITF,ITF2,14,Molise,Molise,305617,108178,35.4,0.14
2440,2021-04-26,MOL,1157,521,636,809,331,17,ITF,ITF2,14,Molise,Molise,305617,109335,35.78,0.38
2441,2021-04-09,MOL,2324,1251,1073,2105,191,28,ITF,ITF2,14,Molise,Molise,305617,111659,36.54,0.76
2442,2021-02-23,MOL,582,223,359,361,219,2,ITF,ITF2,14,Molise,Molise,305617,112241,36.73,0.19
2443,2021-06-03,MOL,3291,1566,1725,2704,554,33,ITF,ITF2,14,Molise,Molise,305617,115532,37.8,1.08
2444,2021-04-07,MOL,1688,847,841,1368,275,45,ITF,ITF2,14,Molise,Molise,305617,117220,38.36,0.55
2445,2021-06-05,MOL,2969,1508,1461,2787,155,27,ITF,ITF2,14,Molise,Molise,305617,120189,39.33,0.97
2446,2021-01-09,MOL,450,152,298,450,0,0,ITF,ITF2,14,Molise,Molise,305617,120639,39.47,0.15
2447,2021-04-19,MOL,1827,842,985,987,778,62,ITF,ITF2,14,Molise,Molise,305617,122466,40.07,0.6
2448,2021-07-13,MOL,2745,1396,1349,304,2424,17,ITF,ITF2,14,Molise,Molise,305617,125211,40.97,0.9
2449,2021-02-28,MOL,832,334,498,788,42,2,ITF,ITF2,14,Molise,Molise,305617,126043,41.24,0.27
2450,2021-03-07,MOL,1132,501,631,1127,2,3,ITF,ITF2,14,Molise,Molise,305617,127175,41.61,0.37
2451,2021-06-15,MOL,2215,1042,1173,748,1451,16,ITF,ITF2,14,Molise,Molise,305617,129390,42.34,0.72
2452,2021-06-17,MOL,2307,1017,1290,911,1369,27,ITF,ITF2,14,Molise,Molise,305617,131697,43.09,0.75
2453,2021-05-29,MOL,2351,1223,1128,1918,390,43,ITF,ITF2,14,Molise,Molise,305617,134048,43.86,0.77
2454,2021-02-09,MOL,359,170,189,197,162,0,ITF,ITF2,14,Molise,Molise,305617,134407,43.98,0.12
2455,2021-03-28,MOL,1627,748,879,518,1102,7,ITF,ITF2,14,Molise,Molise,305617,136034,44.51,0.53
2456,2021-01-30,MOL,461,158,303,12,449,0,ITF,ITF2,14,Molise,Molise,305617,136495,44.66,0.15
2457,2021-01-18,MOL,115,48,67,115,0,0,ITF,ITF2,14,Molise,Molise,305617,136610,44.7,0.04
2458,2021-04-11,MOL,1196,591,605,1168,14,14,ITF,ITF2,14,Molise,Molise,305617,137806,45.09,0.39
2459,2021-07-03,MOL,2737,1377,1360,565,2152,20,ITF,ITF2,14,Molise,Molise,305617,140543,45.99,0.9
2460,2021-03-04,MOL,850,417,433,514,324,12,ITF,ITF2,14,Molise,Molise,305617,141393,46.26,0.28
2461,2021-06-12,MOL,3408,1752,1656,3243,114,51,ITF,ITF2,14,Molise,Molise,305617,144801,47.38,1.12
2462,2021-06-14,MOL,1627,810,817,535,1075,17,ITF,ITF2,14,Molise,Molise,305617,146428,47.91,0.53
2463,2021-03-26,MOL,2575,1045,1530,1889,642,44,ITF,ITF2,14,Molise,Molise,305617,149003,48.75,0.84
2464,2021-02-18,MOL,319,74,245,302,13,4,ITF,ITF2,14,Molise,Molise,305617,149322,48.86,0.1
2465,2021-03-09,MOL,1329,579,750,1149,152,28,ITF,ITF2,14,Molise,Molise,305617,150651,49.29,0.43
2466,2021-02-27,MOL,1366,568,798,1342,19,5,ITF,ITF2,14,Molise,Molise,305617,152017,49.74,0.45
2467,2021-06-07,MOL,1953,859,1094,1113,819,21,ITF,ITF2,14,Molise,Molise,305617,153970,50.38,0.64
2468,2021-02-13,MOL,132,80,52,132,0,0,ITF,ITF2,14,Molise,Molise,305617,154102,50.42,0.04
2469,2021-05-24,MOL,1964,853,1111,1271,666,27,ITF,ITF2,14,Molise,Molise,305617,156066,51.07,0.64
2470,2021-05-07,MOL,2643,1228,1415,2021,597,25,ITF,ITF2,14,Molise,Molise,305617,158709,51.93,0.86
2471,2021-04-18,MOL,1083,483,600,144,934,5,ITF,ITF2,14,Molise,Molise,305617,159792,52.29,0.35
2472,2021-07-10,MOL,3721,1781,1940,321,3386,14,ITF,ITF2,14,Molise,Molise,305617,163513,53.5,1.22
2473,2021-04-04,MOL,253,141,112,233,15,5,ITF,ITF2,14,Molise,Molise,305617,163766,53.59,0.08
2474,2021-03-18,MOL,1157,476,681,633,465,59,ITF,ITF2,14,Molise,Molise,305617,164923,53.96,0.38
2475,2021-06-26,MOL,3119,1529,1590,523,2581,15,ITF,ITF2,14,Molise,Molise,305617,168042,54.98,1.02
2476,2021-02-10,MOL,151,79,72,131,20,0,ITF,ITF2,14,Molise,Molise,305617,168193,55.03,0.05
2477,2021-05-21,MOL,2100,1053,1047,1699,322,79,ITF,ITF2,14,Molise,Molise,305617,170293,55.72,0.69
2478,2021-01-27,MOL,674,251,423,8,666,0,ITF,ITF2,14,Molise,Molise,305617,170967,55.94,0.22
2479,2021-02-06,MOL,430,179,251,29,401,0,ITF,ITF2,14,Molise,Molise,305617,171397,56.08,0.14
2480,2021-01-28,MOL,613,217,396,17,596,0,ITF,ITF2,14,Molise,Molise,305617,172010,56.28,0.2
2481,2021-03-12,MOL,1459,637,822,1404,36,19,ITF,ITF2,14,Molise,Molise,305617,173469,56.76,0.48
2482,2021-01-14,MOL,646,239,407,646,0,0,ITF,ITF2,14,Molise,Molise,305617,174115,56.97,0.21
2483,2021-03-25,MOL,1806,730,1076,1284,497,25,ITF,ITF2,14,Molise,Molise,305617,175921,57.56,0.59
2484,2021-03-08,MOL,1379,522,857,1202,140,37,ITF,ITF2,14,Molise,Molise,305617,177300,58.01,0.45
2485,2021-06-16,MOL,2002,1013,989,1133,855,14,ITF,ITF2,14,Molise,Molise,305617,179302,58.67,0.66
2486,2021-04-13,MOL,1632,718,914,1037,587,8,ITF,ITF2,14,Molise,Molise,305617,180934,59.2,0.53
2487,2021-03-11,MOL,1465,637,828,1446,6,13,ITF,ITF2,14,Molise,Molise,305617,182399,59.68,0.48
2488,2021-01-06,MOL,689,260,429,689,0,0,ITF,ITF2,14,Molise,Molise,305617,183088,59.91,0.23
2489,2021-04-16,MOL,2431,1033,1398,1177,1233,21,ITF,ITF2,14,Molise,Molise,305617,185519,60.7,0.8
2490,2021-06-21,MOL,2901,1350,1551,1623,1232,46,ITF,ITF2,14,Molise,Molise,305617,188420,61.65,0.95
2491,2021-04-25,MOL,794,397,397,557,233,4,ITF,ITF2,14,Molise,Molise,305617,189214,61.91,0.26
2492,2021-01-13,MOL,474,160,314,474,0,0,ITF,ITF2,14,Molise,Molise,305617,189688,62.07,0.16
2493,2021-06-19,MOL,2331,1159,1172,1278,1011,42,ITF,ITF2,14,Molise,Molise,305617,192019,62.83,0.76
2494,2021-04-23,MOL,2050,882,1168,1374,659,17,ITF,ITF2,14,Molise,Molise,305617,194069,63.5,0.67
2495,2021-06-30,MOL,2927,1392,1535,873,1973,81,ITF,ITF2,14,Molise,Molise,305617,196996,64.46,0.96
2496,2021-01-08,MOL,430,141,289,430,0,0,ITF,ITF2,14,Molise,Molise,305617,197426,64.6,0.14
2497,2021-04-01,MOL,1469,667,802,729,726,14,ITF,ITF2,14,Molise,Molise,305617,198895,65.08,0.48
2498,2021-02-20,MOL,1019,442,577,999,20,0,ITF,ITF2,14,Molise,Molise,305617,199914,65.41,0.33
2499,2021-05-31,MOL,2361,1146,1215,1902,418,41,ITF,ITF2,14,Molise,Molise,305617,202275,66.19,0.77
2500,2021-05-14,MOL,2644,1215,1429,1890,718,36,ITF,ITF2,14,Molise,Molise,305617,204919,67.05,0.87
2501,2021-06-02,MOL,2809,1356,1453,2692,99,18,ITF,ITF2,14,Molise,Molise,305617,207728,67.97,0.92
2502,2021-06-04,MOL,3037,1490,1547,2566,442,29,ITF,ITF2,14,Molise,Molise,305617,210765,68.96,0.99
2503,2021-04-08,MOL,1767,904,863,1540,202,25,ITF,ITF2,14,Molise,Molise,305617,212532,69.54,0.58
2504,2021-04-22,MOL,1846,864,982,1057,779,10,ITF,ITF2,14,Molise,Molise,305617,214378,70.15,0.6
2505,2021-02-17,MOL,72,32,40,50,15,7,ITF,ITF2,14,Molise,Molise,305617,214450,70.17,0.02
2506,2021-05-28,MOL,2650,1365,1285,2038,547,65,ITF,ITF2,14,Molise,Molise,305617,217100,71.04,0.87
2507,2021-03-27,MOL,2743,1273,1470,1295,1433,15,ITF,ITF2,14,Molise,Molise,305617,219843,71.93,0.9
2508,2021-07-05,MOL,2728,1277,1451,39,2687,2,ITF,ITF2,14,Molise,Molise,305617,222571,72.83,0.89
2509,2021-06-18,MOL,2767,1248,1519,1283,1458,26,ITF,ITF2,14,Molise,Molise,305617,225338,73.73,0.91
2510,2021-05-30,MOL,1864,929,935,1552,285,27,ITF,ITF2,14,Molise,Molise,305617,227202,74.34,0.61
2511,2021-03-13,MOL,1189,594,595,183,989,17,ITF,ITF2,14,Molise,Molise,305617,228391,74.73,0.39
2512,2021-01-15,MOL,538,242,296,538,0,0,ITF,ITF2,14,Molise,Molise,305617,228929,74.91,0.18
2513,2021-06-23,MOL,2791,1286,1505,221,2560,10,ITF,ITF2,14,Molise,Molise,305617,231720,75.82,0.91
2514,2021-01-20,MOL,18,8,10,18,0,0,ITF,ITF2,14,Molise,Molise,305617,231738,75.83,0.01
2515,2021-04-30,MOL,2939,1557,1382,818,2109,12,ITF,ITF2,14,Molise,Molise,305617,234677,76.79,0.96
2516,2021-02-25,MOL,542,239,303,471,68,3,ITF,ITF2,14,Molise,Molise,305617,235219,76.97,0.18
2517,2021-01-29,MOL,422,136,286,6,416,0,ITF,ITF2,14,Molise,Molise,305617,235641,77.1,0.14
2518,2021-05-09,MOL,2053,933,1120,1923,97,33,ITF,ITF2,14,Molise,Molise,305617,237694,77.78,0.67
2519,2021-07-07,MOL,2957,1368,1589,56,2897,4,ITF,ITF2,14,Molise,Molise,305617,240651,78.74,0.97
2520,2021-05-11,MOL,3207,1414,1793,2909,250,48,ITF,ITF2,14,Molise,Molise,305617,243858,79.79,1.05
2521,2021-01-22,MOL,128,36,92,128,0,0,ITF,ITF2,14,Molise,Molise,305617,243986,79.83,0.04
2522,2021-02-03,MOL,731,249,482,338,393,0,ITF,ITF2,14,Molise,Molise,305617,244717,80.07,0.24
2523,2021-04-27,MOL,1595,768,827,444,1129,22,ITF,ITF2,14,Molise,Molise,305617,246312,80.59,0.52
2524,2021-05-16,MOL,1248,572,676,1046,182,20,ITF,ITF2,14,Molise,Molise,305617,247560,81.0,0.41
2525,2021-05-26,MOL,1549,698,851,769,754,26,ITF,ITF2,14,Molise,Molise,305617,249109,81.51,0.51
2526,2021-03-30,MOL,2003,857,1146,1472,512,19,ITF,ITF2,14,Molise,Molise,305617,251112,82.17,0.66
2527,2021-02-01,MOL,562,201,361,14,548,0,ITF,ITF2,14,Molise,Molise,305617,251674,82.35,0.18
2528,2021-07-08,MOL,3421,1649,1772,107,3291,23,ITF,ITF2,14,Molise,Molise,305617,255095,83.47,1.12
2529,2021-05-12,MOL,2852,1294,1558,2691,96,65,ITF,ITF2,14,Molise,Molise,305617,257947,84.4,0.93
2530,2021-04-06,MOL,1494,701,793,1131,343,20,ITF,ITF2,14,Molise,Molise,305617,259441,84.89,0.49
2531,2021-03-20,MOL,2321,968,1353,992,1321,8,ITF,ITF2,14,Molise,Molise,305617,261762,85.65,0.76
2532,2021-06-28,MOL,2888,1347,1541,996,1870,22,ITF,ITF2,14,Molise,Molise,305617,264650,86.6,0.94
2533,2021-05-02,MOL,1894,932,962,577,1306,11,ITF,ITF2,14,Molise,Molise,305617,266544,87.22,0.62
2534,2021-03-06,MOL,1728,807,921,1559,159,10,ITF,ITF2,14,Molise,Molise,305617,268272,87.78,0.57
2535,2021-06-11,MOL,3445,1655,1790,1973,1429,43,ITF,ITF2,14,Molise,Molise,305617,271717,88.91,1.13
2536,2021-04-15,MOL,1926,794,1132,1074,845,7,ITF,ITF2,14,Molise,Molise,305617,273643,89.54,0.63
2537,2021-02-08,MOL,335,141,194,216,119,0,ITF,ITF2,14,Molise,Molise,305617,273978,89.65,0.11
2538,2021-07-15,MOL,1026,511,515,99,920,7,ITF,ITF2,14,Molise,Molise,305617,275004,89.98,0.34
2539,2021-05-19,MOL,2342,1205,1137,1880,425,37,ITF,ITF2,14,Molise,Molise,305617,277346,90.75,0.77
2540,2021-03-23,MOL,1642,694,948,1411,207,24,ITF,ITF2,14,Molise,Molise,305617,278988,91.29,0.54
2541,2021-07-01,MOL,2659,1293,1366,269,2375,15,ITF,ITF2,14,Molise,Molise,305617,281647,92.16,0.87
2542,2021-02-15,MOL,144,70,74,141,3,0,ITF,ITF2,14,Molise,Molise,305617,281791,92.2,0.05
2543,2021-02-22,MOL,265,129,136,248,15,2,ITF,ITF2,14,Molise,Molise,305617,282056,92.29,0.09
2544,2020-12-27,MOL,50,20,30,50,0,0,ITF,ITF2,14,Molise,Molise,305617,282106,92.31,0.02
2545,2021-04-02,MOL,1456,710,746,663,778,15,ITF,ITF2,14,Molise,Molise,305617,283562,92.78,0.48
2546,2021-07-11,MOL,2449,1195,1254,179,2267,3,ITF,ITF2,14,Molise,Molise,305617,286011,93.58,0.8
2547,2021-05-08,MOL,2976,1455,1521,1698,1244,34,ITF,ITF2,14,Molise,Molise,305617,288987,94.56,0.97
2548,2021-04-21,MOL,1869,791,1078,968,895,6,ITF,ITF2,14,Molise,Molise,305617,290856,95.17,0.61
2549,2021-02-11,MOL,294,133,161,257,37,0,ITF,ITF2,14,Molise,Molise,305617,291150,95.27,0.1
2550,2021-05-22,MOL,1316,712,604,1225,84,7,ITF,ITF2,14,Molise,Molise,305617,292466,95.7,0.43
2551,2021-03-16,MOL,614,230,384,265,347,2,ITF,ITF2,14,Molise,Molise,305617,293080,95.9,0.2
2552,2021-01-11,MOL,557,194,363,557,0,0,ITF,ITF2,14,Molise,Molise,305617,293637,96.08,0.18
2553,2021-01-25,MOL,319,130,189,3,316,0,ITF,ITF2,14,Molise,Molise,305617,293956,96.18,0.1
2554,2021-05-05,MOL,2415,1042,1373,2250,141,24,ITF,ITF2,14,Molise,Molise,305617,296371,96.97,0.79
2555,2021-05-04,MOL,2705,1181,1524,2541,128,36,ITF,ITF2,14,Molise,Molise,305617,299076,97.86,0.89
2556,2021-01-10,MOL,270,72,198,270,0,0,ITF,ITF2,14,Molise,Molise,305617,299346,97.95,0.09
2557,2021-04-20,MOL,2321,1027,1294,1212,1100,9,ITF,ITF2,14,Molise,Molise,305617,301667,98.71,0.76
2558,2021-06-09,MOL,1023,565,458,507,500,16,ITF,ITF2,14,Molise,Molise,305617,302690,99.04,0.33
2559,2021-05-23,MOL,1703,866,837,1689,6,8,ITF,ITF2,14,Molise,Molise,305617,304393,99.6,0.56
2560,2021-03-01,MOL,662,274,388,430,215,17,ITF,ITF2,14,Molise,Molise,305617,305055,99.82,0.22
2561,2021-04-03,MOL,1773,851,922,1716,35,22,ITF,ITF2,14,Molise,Molise,305617,306828,100.4,0.58
2562,2021-07-12,MOL,2665,1314,1351,353,2291,21,ITF,ITF2,14,Molise,Molise,305617,309493,101.27,0.87
2563,2021-05-24,PIE,28971,13417,15554,16631,11962,378,ITC,ITC1,1,Piemonte,Piemonte,4356406,28971,0.67,0.67
2564,2021-03-02,PIE,11244,4547,6697,10244,815,185,ITC,ITC1,1,Piemonte,Piemonte,4356406,40215,0.92,0.26
2565,2021-02-11,PIE,6756,2105,4651,2979,3758,19,ITC,ITC1,1,Piemonte,Piemonte,4356406,46971,1.08,0.16
2566,2021-04-09,PIE,25832,11382,14450,20773,4503,556,ITC,ITC1,1,Piemonte,Piemonte,4356406,72803,1.67,0.59
2567,2020-12-30,PIE,730,322,408,730,0,0,ITC,ITC1,1,Piemonte,Piemonte,4356406,73533,1.69,0.02
2568,2021-06-05,PIE,36930,18920,18010,32472,4456,2,ITC,ITC1,1,Piemonte,Piemonte,4356406,110463,2.54,0.85
2569,2021-02-25,PIE,12207,5245,6962,11485,545,177,ITC,ITC1,1,Piemonte,Piemonte,4356406,122670,2.82,0.28
2570,2021-03-23,PIE,13179,5555,7624,6633,6242,304,ITC,ITC1,1,Piemonte,Piemonte,4356406,135849,3.12,0.3
2571,2021-01-16,PIE,7761,2624,5137,7754,0,7,ITC,ITC1,1,Piemonte,Piemonte,4356406,143610,3.3,0.18
2572,2021-07-08,PIE,40823,20877,19946,7952,32853,18,ITC,ITC1,1,Piemonte,Piemonte,4356406,184433,4.23,0.94
2573,2021-01-23,PIE,4254,1325,2929,876,3376,2,ITC,ITC1,1,Piemonte,Piemonte,4356406,188687,4.33,0.1
2574,2021-03-21,PIE,10722,4739,5983,4023,6532,167,ITC,ITC1,1,Piemonte,Piemonte,4356406,199409,4.58,0.25
2575,2021-06-19,PIE,40006,20298,19708,23358,16645,3,ITC,ITC1,1,Piemonte,Piemonte,4356406,239415,5.5,0.92
2576,2021-02-04,PIE,10200,3339,6861,581,9617,2,ITC,ITC1,1,Piemonte,Piemonte,4356406,249615,5.73,0.23
2577,2021-07-15,PIE,20664,10795,9869,1502,19053,109,ITC,ITC1,1,Piemonte,Piemonte,4356406,270279,6.2,0.47
2578,2021-04-23,PIE,27411,12593,14818,19964,6758,689,ITC,ITC1,1,Piemonte,Piemonte,4356406,297690,6.83,0.63
2579,2021-05-19,PIE,33135,15296,17839,21434,11121,580,ITC,ITC1,1,Piemonte,Piemonte,4356406,330825,7.59,0.76
2580,2021-03-14,PIE,8201,3335,4866,5170,2896,135,ITC,ITC1,1,Piemonte,Piemonte,4356406,339026,7.78,0.19
2581,2021-05-10,PIE,28949,13953,14996,15414,13107,428,ITC,ITC1,1,Piemonte,Piemonte,4356406,367975,8.45,0.66
2582,2021-01-30,PIE,5980,2135,3845,216,5763,1,ITC,ITC1,1,Piemonte,Piemonte,4356406,373955,8.58,0.14
2583,2021-06-24,PIE,39151,19642,19509,18871,20279,1,ITC,ITC1,1,Piemonte,Piemonte,4356406,413106,9.48,0.9
2584,2021-03-16,PIE,10511,4269,6242,4369,6051,91,ITC,ITC1,1,Piemonte,Piemonte,4356406,423617,9.72,0.24
2585,2021-05-12,PIE,31881,15183,16698,18370,12897,614,ITC,ITC1,1,Piemonte,Piemonte,4356406,455498,10.46,0.73
2586,2021-06-07,PIE,34888,17862,17026,30091,4792,5,ITC,ITC1,1,Piemonte,Piemonte,4356406,490386,11.26,0.8
2587,2020-12-28,PIE,1,1,0,1,0,0,ITC,ITC1,1,Piemonte,Piemonte,4356406,490387,11.26,0.0
2588,2021-07-06,PIE,38250,19372,18878,9179,29070,1,ITC,ITC1,1,Piemonte,Piemonte,4356406,528637,12.13,0.88
2589,2021-03-28,PIE,16055,6897,9158,8113,7621,321,ITC,ITC1,1,Piemonte,Piemonte,4356406,544692,12.5,0.37
2590,2021-04-11,PIE,20823,9319,11504,18221,2149,453,ITC,ITC1,1,Piemonte,Piemonte,4356406,565515,12.98,0.48
2591,2021-01-04,PIE,5558,1676,3882,5557,0,1,ITC,ITC1,1,Piemonte,Piemonte,4356406,571073,13.11,0.13
2592,2021-04-28,PIE,26027,11729,14298,15454,10032,541,ITC,ITC1,1,Piemonte,Piemonte,4356406,597100,13.71,0.6
2593,2021-01-18,PIE,6164,2046,4118,5911,249,4,ITC,ITC1,1,Piemonte,Piemonte,4356406,603264,13.85,0.14
2594,2021-04-02,PIE,20131,8311,11820,11316,8421,394,ITC,ITC1,1,Piemonte,Piemonte,4356406,623395,14.31,0.46
2595,2021-05-29,PIE,32794,15225,17569,20266,12165,363,ITC,ITC1,1,Piemonte,Piemonte,4356406,656189,15.06,0.75
2596,2021-02-18,PIE,4788,2094,2694,4273,430,85,ITC,ITC1,1,Piemonte,Piemonte,4356406,660977,15.17,0.11
2597,2021-04-16,PIE,28390,13205,15185,22653,4990,747,ITC,ITC1,1,Piemonte,Piemonte,4356406,689367,15.82,0.65
2598,2021-06-12,PIE,42547,22431,20116,39918,2629,0,ITC,ITC1,1,Piemonte,Piemonte,4356406,731914,16.8,0.98
2599,2021-07-12,PIE,39082,20158,18924,4874,34114,94,ITC,ITC1,1,Piemonte,Piemonte,4356406,770996,17.7,0.9
2600,2021-04-20,PIE,25475,11665,13810,18528,6341,606,ITC,ITC1,1,Piemonte,Piemonte,4356406,796471,18.28,0.58
2601,2021-05-07,PIE,33063,15635,17428,18554,14119,390,ITC,ITC1,1,Piemonte,Piemonte,4356406,829534,19.04,0.76
2602,2021-01-27,PIE,4193,1451,2742,994,3197,2,ITC,ITC1,1,Piemonte,Piemonte,4356406,833727,19.14,0.1
2603,2021-02-13,PIE,4153,1335,2818,2917,1222,14,ITC,ITC1,1,Piemonte,Piemonte,4356406,837880,19.23,0.1
2604,2021-05-05,PIE,32236,15143,17093,18545,13063,628,ITC,ITC1,1,Piemonte,Piemonte,4356406,870116,19.97,0.74
2605,2021-07-01,PIE,41832,20939,20893,20715,21114,3,ITC,ITC1,1,Piemonte,Piemonte,4356406,911948,20.93,0.96
2606,2021-04-30,PIE,31826,14317,17509,17836,13326,664,ITC,ITC1,1,Piemonte,Piemonte,4356406,943774,21.66,0.73
2607,2021-06-02,PIE,26529,12997,13532,22062,4467,0,ITC,ITC1,1,Piemonte,Piemonte,4356406,970303,22.27,0.61
2608,2021-02-22,PIE,8477,3468,5009,7787,590,100,ITC,ITC1,1,Piemonte,Piemonte,4356406,978780,22.47,0.19
2609,2021-03-11,PIE,13897,5204,8693,10562,3096,239,ITC,ITC1,1,Piemonte,Piemonte,4356406,992677,22.79,0.32
2610,2021-06-26,PIE,41116,20918,20198,22607,18509,0,ITC,ITC1,1,Piemonte,Piemonte,4356406,1033793,23.73,0.94
2611,2021-07-13,PIE,38776,20011,18765,3853,34806,117,ITC,ITC1,1,Piemonte,Piemonte,4356406,1072569,24.62,0.89
2612,2021-04-04,PIE,9252,4057,5195,6393,2710,149,ITC,ITC1,1,Piemonte,Piemonte,4356406,1081821,24.83,0.21
2613,2021-04-21,PIE,25724,11825,13899,19775,5337,612,ITC,ITC1,1,Piemonte,Piemonte,4356406,1107545,25.42,0.59
2614,2021-01-11,PIE,8737,2978,5759,8731,0,6,ITC,ITC1,1,Piemonte,Piemonte,4356406,1116282,25.62,0.2
2615,2021-06-28,PIE,38381,19060,19321,15664,22715,2,ITC,ITC1,1,Piemonte,Piemonte,4356406,1154663,26.5,0.88
2616,2021-04-06,PIE,20235,8808,11427,14591,5194,450,ITC,ITC1,1,Piemonte,Piemonte,4356406,1174898,26.97,0.46
2617,2020-12-27,PIE,913,369,544,913,0,0,ITC,ITC1,1,Piemonte,Piemonte,4356406,1175811,26.99,0.02
2618,2021-02-08,PIE,6914,2354,4560,661,6249,4,ITC,ITC1,1,Piemonte,Piemonte,4356406,1182725,27.15,0.16
2619,2021-05-17,PIE,30908,14600,16308,17479,13149,280,ITC,ITC1,1,Piemonte,Piemonte,4356406,1213633,27.86,0.71
2620,2021-02-06,PIE,7992,2665,5327,396,7594,2,ITC,ITC1,1,Piemonte,Piemonte,4356406,1221625,28.04,0.18
2621,2021-02-23,PIE,9231,3713,5518,8482,581,168,ITC,ITC1,1,Piemonte,Piemonte,4356406,1230856,28.25,0.21
2622,2021-05-31,PIE,29101,14054,15047,20139,8576,386,ITC,ITC1,1,Piemonte,Piemonte,4356406,1259957,28.92,0.67
2623,2021-06-17,PIE,41023,20594,20429,24709,16312,2,ITC,ITC1,1,Piemonte,Piemonte,4356406,1300980,29.86,0.94
2624,2021-03-09,PIE,14206,5651,8555,11642,2340,224,ITC,ITC1,1,Piemonte,Piemonte,4356406,1315186,30.19,0.33
2625,2021-05-02,PIE,25080,11268,13812,13956,10742,382,ITC,ITC1,1,Piemonte,Piemonte,4356406,1340266,30.77,0.58
2626,2021-02-27,PIE,12673,4845,7828,12103,344,226,ITC,ITC1,1,Piemonte,Piemonte,4356406,1352939,31.06,0.29
2627,2021-01-13,PIE,10072,3225,6847,10063,0,9,ITC,ITC1,1,Piemonte,Piemonte,4356406,1363011,31.29,0.23
2628,2021-06-16,PIE,40334,20218,20116,24089,16245,0,ITC,ITC1,1,Piemonte,Piemonte,4356406,1403345,32.21,0.93
2629,2021-01-06,PIE,3107,1103,2004,3106,0,1,ITC,ITC1,1,Piemonte,Piemonte,4356406,1406452,32.28,0.07
2630,2021-06-23,PIE,39663,19689,19974,16838,22825,0,ITC,ITC1,1,Piemonte,Piemonte,4356406,1446115,33.2,0.91
2631,2021-05-09,PIE,27142,12928,14214,13145,13618,379,ITC,ITC1,1,Piemonte,Piemonte,4356406,1473257,33.82,0.62
2632,2021-05-26,PIE,32740,15098,17642,15315,17077,348,ITC,ITC1,1,Piemonte,Piemonte,4356406,1505997,34.57,0.75
2633,2021-02-15,PIE,4425,1597,2828,3196,1205,24,ITC,ITC1,1,Piemonte,Piemonte,4356406,1510422,34.67,0.1
2634,2021-03-04,PIE,14631,5859,8772,11474,2939,218,ITC,ITC1,1,Piemonte,Piemonte,4356406,1525053,35.01,0.34
2635,2021-07-03,PIE,40043,20105,19938,16013,24028,2,ITC,ITC1,1,Piemonte,Piemonte,4356406,1565096,35.93,0.92
2636,2021-03-30,PIE,16979,7110,9869,8726,7870,383,ITC,ITC1,1,Piemonte,Piemonte,4356406,1582075,36.32,0.39
2637,2021-07-10,PIE,41100,20819,20281,7179,33876,45,ITC,ITC1,1,Piemonte,Piemonte,4356406,1623175,37.26,0.94
2638,2021-04-01,PIE,19361,8099,11262,10936,8119,306,ITC,ITC1,1,Piemonte,Piemonte,4356406,1642536,37.7,0.44
2639,2021-05-28,PIE,35033,16599,18434,18665,15978,390,ITC,ITC1,1,Piemonte,Piemonte,4356406,1677569,38.51,0.8
2640,2021-03-25,PIE,17123,7265,9858,8053,8635,435,ITC,ITC1,1,Piemonte,Piemonte,4356406,1694692,38.9,0.39
2641,2021-04-13,PIE,25924,11607,14317,21887,3457,580,ITC,ITC1,1,Piemonte,Piemonte,4356406,1720616,39.5,0.6
2642,2021-01-20,PIE,6600,2084,4516,5875,718,7,ITC,ITC1,1,Piemonte,Piemonte,4356406,1727216,39.65,0.15
2643,2021-02-03,PIE,10200,3305,6895,606,9592,2,ITC,ITC1,1,Piemonte,Piemonte,4356406,1737416,39.88,0.23
2644,2021-06-09,PIE,38573,20333,18240,35854,2713,6,ITC,ITC1,1,Piemonte,Piemonte,4356406,1775989,40.77,0.89
2645,2021-03-18,PIE,11756,4804,6952,3836,7730,190,ITC,ITC1,1,Piemonte,Piemonte,4356406,1787745,41.04,0.27
2646,2021-05-21,PIE,36067,16740,19327,19930,15636,501,ITC,ITC1,1,Piemonte,Piemonte,4356406,1823812,41.87,0.83
2647,2021-02-01,PIE,8655,3052,5603,575,8079,1,ITC,ITC1,1,Piemonte,Piemonte,4356406,1832467,42.06,0.2
2648,2021-05-14,PIE,33404,16272,17132,17327,15419,658,ITC,ITC1,1,Piemonte,Piemonte,4356406,1865871,42.83,0.77
2649,2021-03-08,PIE,14129,5462,8667,11190,2711,228,ITC,ITC1,1,Piemonte,Piemonte,4356406,1880000,43.15,0.32
2650,2021-05-04,PIE,28572,13136,15436,15885,12174,513,ITC,ITC1,1,Piemonte,Piemonte,4356406,1908572,43.81,0.66
2651,2021-01-24,PIE,3153,959,2194,432,2719,2,ITC,ITC1,1,Piemonte,Piemonte,4356406,1911725,43.88,0.07
2652,2021-06-30,PIE,41196,20150,21046,19269,21921,6,ITC,ITC1,1,Piemonte,Piemonte,4356406,1952921,44.83,0.95
2653,2021-03-22,PIE,11523,4891,6632,3717,7599,207,ITC,ITC1,1,Piemonte,Piemonte,4356406,1964444,45.09,0.26
2654,2021-06-25,PIE,45342,22578,22764,20828,24512,2,ITC,ITC1,1,Piemonte,Piemonte,4356406,2009786,46.13,1.04
2655,2021-04-03,PIE,19443,8179,11264,10597,8543,303,ITC,ITC1,1,Piemonte,Piemonte,4356406,2029229,46.58,0.45
2656,2021-01-10,PIE,5205,2272,2933,5203,0,2,ITC,ITC1,1,Piemonte,Piemonte,4356406,2034434,46.7,0.12
2657,2021-07-14,PIE,38783,19965,18818,3812,34816,155,ITC,ITC1,1,Piemonte,Piemonte,4356406,2073217,47.59,0.89
2658,2021-04-22,PIE,27654,12735,14919,20188,6687,779,ITC,ITC1,1,Piemonte,Piemonte,4356406,2100871,48.22,0.63
2659,2021-01-12,PIE,10077,3411,6666,10070,0,7,ITC,ITC1,1,Piemonte,Piemonte,4356406,2110948,48.46,0.23
2660,2021-01-29,PIE,5937,1883,4054,452,5485,0,ITC,ITC1,1,Piemonte,Piemonte,4356406,2116885,48.59,0.14
2661,2021-01-25,PIE,6211,1937,4274,976,5233,2,ITC,ITC1,1,Piemonte,Piemonte,4356406,2123096,48.74,0.14
2662,2021-05-30,PIE,27698,13182,14516,18007,9323,368,ITC,ITC1,1,Piemonte,Piemonte,4356406,2150794,49.37,0.64
2663,2021-02-19,PIE,5531,2174,3357,4911,501,119,ITC,ITC1,1,Piemonte,Piemonte,4356406,2156325,49.5,0.13
2664,2021-06-04,PIE,37530,19627,17903,34577,2950,3,ITC,ITC1,1,Piemonte,Piemonte,4356406,2193855,50.36,0.86
2665,2021-02-24,PIE,11373,4602,6771,10732,504,137,ITC,ITC1,1,Piemonte,Piemonte,4356406,2205228,50.62,0.26
2666,2021-03-03,PIE,12257,4771,7486,11251,818,188,ITC,ITC1,1,Piemonte,Piemonte,4356406,2217485,50.9,0.28
2667,2021-03-20,PIE,11915,4896,7019,5776,5896,243,ITC,ITC1,1,Piemonte,Piemonte,4356406,2229400,51.18,0.27
2668,2021-05-18,PIE,32113,14826,17287,19023,12657,433,ITC,ITC1,1,Piemonte,Piemonte,4356406,2261513,51.91,0.74
2669,2021-01-03,PIE,3059,965,2094,3057,0,2,ITC,ITC1,1,Piemonte,Piemonte,4356406,2264572,51.98,0.07
2670,2021-07-07,PIE,37894,18840,19054,10197,27677,20,ITC,ITC1,1,Piemonte,Piemonte,4356406,2302466,52.85,0.87
2671,2021-03-29,PIE,15238,6465,8773,8369,6610,259,ITC,ITC1,1,Piemonte,Piemonte,4356406,2317704,53.2,0.35
2672,2021-04-12,PIE,22925,10357,12568,19503,2985,437,ITC,ITC1,1,Piemonte,Piemonte,4356406,2340629,53.73,0.53
2673,2021-01-02,PIE,3539,1132,2407,3538,0,1,ITC,ITC1,1,Piemonte,Piemonte,4356406,2344168,53.81,0.08
2674,2021-04-27,PIE,22609,10219,12390,16837,5142,630,ITC,ITC1,1,Piemonte,Piemonte,4356406,2366777,54.33,0.52
2675,2021-01-17,PIE,3515,1168,2347,2864,649,2,ITC,ITC1,1,Piemonte,Piemonte,4356406,2370292,54.41,0.08
2676,2021-03-15,PIE,10680,4193,6487,4918,5611,151,ITC,ITC1,1,Piemonte,Piemonte,4356406,2380972,54.65,0.25
2677,2021-05-11,PIE,32044,15443,16601,18196,13215,633,ITC,ITC1,1,Piemonte,Piemonte,4356406,2413016,55.39,0.74
2678,2021-01-31,PIE,4114,1754,2360,111,4003,0,ITC,ITC1,1,Piemonte,Piemonte,4356406,2417130,55.48,0.09
2679,2021-04-25,PIE,20232,9308,10924,17282,2501,449,ITC,ITC1,1,Piemonte,Piemonte,4356406,2437362,55.95,0.46
2680,2021-01-15,PIE,9100,3006,6094,9094,0,6,ITC,ITC1,1,Piemonte,Piemonte,4356406,2446462,56.16,0.21
2681,2021-06-21,PIE,38326,19125,19201,17633,20692,1,ITC,ITC1,1,Piemonte,Piemonte,4356406,2484788,57.04,0.88
2682,2021-03-13,PIE,13023,4714,8309,11324,1432,267,ITC,ITC1,1,Piemonte,Piemonte,4356406,2497811,57.34,0.3
2683,2021-04-18,PIE,22927,10797,12130,19624,2747,556,ITC,ITC1,1,Piemonte,Piemonte,4356406,2520738,57.86,0.53
2684,2021-01-08,PIE,5523,1758,3765,5521,0,2,ITC,ITC1,1,Piemonte,Piemonte,4356406,2526261,57.99,0.13
2685,2021-06-14,PIE,37919,19540,18379,30824,7093,2,ITC,ITC1,1,Piemonte,Piemonte,4356406,2564180,58.86,0.87
2686,2021-03-06,PIE,13996,5217,8779,11036,2788,172,ITC,ITC1,1,Piemonte,Piemonte,4356406,2578176,59.18,0.32
2687,2021-02-28,PIE,10807,4057,6750,10394,240,173,ITC,ITC1,1,Piemonte,Piemonte,4356406,2588983,59.43,0.25
2688,2021-03-17,PIE,12511,5053,7458,5041,7290,180,ITC,ITC1,1,Piemonte,Piemonte,4356406,2601494,59.72,0.29
2689,2021-04-17,PIE,30442,14144,16298,26448,3306,688,ITC,ITC1,1,Piemonte,Piemonte,4356406,2631936,60.42,0.7
2690,2021-06-13,PIE,37877,19994,17883,33748,4129,0,ITC,ITC1,1,Piemonte,Piemonte,4356406,2669813,61.28,0.87
2691,2021-02-10,PIE,7528,2368,5160,1298,6215,15,ITC,ITC1,1,Piemonte,Piemonte,4356406,2677341,61.46,0.17
2692,2021-04-08,PIE,25145,10938,14207,19876,4723,546,ITC,ITC1,1,Piemonte,Piemonte,4356406,2702486,62.03,0.58
2693,2021-04-10,PIE,30143,13402,16741,25247,4263,633,ITC,ITC1,1,Piemonte,Piemonte,4356406,2732629,62.73,0.69
2694,2021-04-15,PIE,29522,13529,15993,23390,5476,656,ITC,ITC1,1,Piemonte,Piemonte,4356406,2762151,63.4,0.68
2695,2021-01-05,PIE,5373,1600,3773,5369,0,4,ITC,ITC1,1,Piemonte,Piemonte,4356406,2767524,63.53,0.12
2696,2021-06-22,PIE,40511,20004,20507,18292,22218,1,ITC,ITC1,1,Piemonte,Piemonte,4356406,2808035,64.46,0.93
2697,2021-01-07,PIE,5367,1729,3638,5365,0,2,ITC,ITC1,1,Piemonte,Piemonte,4356406,2813402,64.58,0.12
2698,2021-05-01,PIE,28521,12988,15533,16297,11788,436,ITC,ITC1,1,Piemonte,Piemonte,4356406,2841923,65.24,0.65
2699,2021-01-21,PIE,6868,2311,4557,3366,3496,6,ITC,ITC1,1,Piemonte,Piemonte,4356406,2848791,65.39,0.16
2700,2021-05-15,PIE,33766,15739,18027,19402,13714,650,ITC,ITC1,1,Piemonte,Piemonte,4356406,2882557,66.17,0.78
2701,2021-06-01,PIE,29281,14689,14592,24857,4424,0,ITC,ITC1,1,Piemonte,Piemonte,4356406,2911838,66.84,0.67
2702,2021-02-21,PIE,5088,2083,3005,4936,102,50,ITC,ITC1,1,Piemonte,Piemonte,4356406,2916926,66.96,0.12
2703,2021-06-20,PIE,33997,17028,16969,19271,14724,2,ITC,ITC1,1,Piemonte,Piemonte,4356406,2950923,67.74,0.78
2704,2021-05-06,PIE,33433,15776,17657,19317,13522,594,ITC,ITC1,1,Piemonte,Piemonte,4356406,2984356,68.51,0.77
2705,2021-05-23,PIE,28720,13140,15580,15464,12948,308,ITC,ITC1,1,Piemonte,Piemonte,4356406,3013076,69.16,0.66
2706,2021-02-12,PIE,6883,2212,4671,3899,2961,23,ITC,ITC1,1,Piemonte,Piemonte,4356406,3019959,69.32,0.16
2707,2021-03-01,PIE,12110,4910,7200,11133,808,169,ITC,ITC1,1,Piemonte,Piemonte,4356406,3032069,69.6,0.28
2708,2021-05-25,PIE,31140,14447,16693,15614,15141,385,ITC,ITC1,1,Piemonte,Piemonte,4356406,3063209,70.32,0.71
2709,2021-06-11,PIE,43514,23033,20481,40673,2835,6,ITC,ITC1,1,Piemonte,Piemonte,4356406,3106723,71.31,1.0
2710,2021-02-07,PIE,3083,971,2112,440,2642,1,ITC,ITC1,1,Piemonte,Piemonte,4356406,3109806,71.38,0.07
2711,2021-07-11,PIE,33094,16874,16220,4817,28274,3,ITC,ITC1,1,Piemonte,Piemonte,4356406,3142900,72.14,0.76
2712,2021-03-12,PIE,14097,5326,8771,10886,2935,276,ITC,ITC1,1,Piemonte,Piemonte,4356406,3156997,72.47,0.32
2713,2021-07-04,PIE,33704,16985,16719,11820,21883,1,ITC,ITC1,1,Piemonte,Piemonte,4356406,3190701,73.24,0.77
2714,2021-03-26,PIE,17881,7103,10778,8478,8882,521,ITC,ITC1,1,Piemonte,Piemonte,4356406,3208582,73.65,0.41
2715,2021-06-10,PIE,40337,21074,19263,37774,2558,5,ITC,ITC1,1,Piemonte,Piemonte,4356406,3248919,74.58,0.93
2716,2021-06-27,PIE,37421,18561,18860,15686,21734,1,ITC,ITC1,1,Piemonte,Piemonte,4356406,3286340,75.44,0.86
2717,2021-03-19,PIE,11022,4516,6506,4214,6602,206,ITC,ITC1,1,Piemonte,Piemonte,4356406,3297362,75.69,0.25
2718,2021-04-05,PIE,14742,6232,8510,11941,2550,251,ITC,ITC1,1,Piemonte,Piemonte,4356406,3312104,76.03,0.34
2719,2021-06-29,PIE,40453,20214,20239,19806,20646,1,ITC,ITC1,1,Piemonte,Piemonte,4356406,3352557,76.96,0.93
2720,2021-03-05,PIE,15550,6225,9325,11466,3816,268,ITC,ITC1,1,Piemonte,Piemonte,4356406,3368107,77.31,0.36
2721,2021-06-15,PIE,38873,20021,18852,27103,11766,4,ITC,ITC1,1,Piemonte,Piemonte,4356406,3406980,78.21,0.89
2722,2021-03-07,PIE,11977,4664,7313,10860,878,239,ITC,ITC1,1,Piemonte,Piemonte,4356406,3418957,78.48,0.27
2723,2020-12-31,PIE,3878,1320,2558,3878,0,0,ITC,ITC1,1,Piemonte,Piemonte,4356406,3422835,78.57,0.09
2724,2021-06-06,PIE,35075,18325,16750,32588,2487,0,ITC,ITC1,1,Piemonte,Piemonte,4356406,3457910,79.38,0.81
2725,2021-02-17,PIE,4790,2156,2634,3742,990,58,ITC,ITC1,1,Piemonte,Piemonte,4356406,3462700,79.49,0.11
2726,2021-06-08,PIE,37641,19493,18148,34806,2835,0,ITC,ITC1,1,Piemonte,Piemonte,4356406,3500341,80.35,0.86
2727,2021-04-26,PIE,19799,8751,11048,14910,4397,492,ITC,ITC1,1,Piemonte,Piemonte,4356406,3520140,80.8,0.45
2728,2021-05-03,PIE,26681,12207,14474,12036,14207,438,ITC,ITC1,1,Piemonte,Piemonte,4356406,3546821,81.42,0.61
2729,2021-02-26,PIE,12284,4928,7356,11344,736,204,ITC,ITC1,1,Piemonte,Piemonte,4356406,3559105,81.7,0.28
2730,2021-04-24,PIE,27495,12430,15065,21288,5657,550,ITC,ITC1,1,Piemonte,Piemonte,4356406,3586600,82.33,0.63
2731,2021-01-14,PIE,9754,3146,6608,9747,0,7,ITC,ITC1,1,Piemonte,Piemonte,4356406,3596354,82.55,0.22
2732,2021-04-19,PIE,22532,10759,11773,17635,4349,548,ITC,ITC1,1,Piemonte,Piemonte,4356406,3618886,83.07,0.52
2733,2021-01-09,PIE,6177,2182,3995,6176,0,1,ITC,ITC1,1,Piemonte,Piemonte,4356406,3625063,83.21,0.14
2734,2021-01-26,PIE,6331,1880,4451,731,5599,1,ITC,ITC1,1,Piemonte,Piemonte,4356406,3631394,83.36,0.15
2735,2021-05-08,PIE,34253,16255,17998,18111,15633,509,ITC,ITC1,1,Piemonte,Piemonte,4356406,3665647,84.14,0.79
2736,2021-01-22,PIE,3865,1249,2616,2523,1340,2,ITC,ITC1,1,Piemonte,Piemonte,4356406,3669512,84.23,0.09
2737,2021-07-02,PIE,43560,21909,21651,18095,25463,2,ITC,ITC1,1,Piemonte,Piemonte,4356406,3713072,85.23,1.0
2738,2021-05-22,PIE,33465,15106,18359,16855,16215,395,ITC,ITC1,1,Piemonte,Piemonte,4356406,3746537,86.0,0.77
2739,2021-01-28,PIE,5587,1808,3779,380,5207,0,ITC,ITC1,1,Piemonte,Piemonte,4356406,3752124,86.13,0.13
2740,2021-02-14,PIE,1476,498,978,869,600,7,ITC,ITC1,1,Piemonte,Piemonte,4356406,3753600,86.16,0.03
2741,2021-05-13,PIE,35662,17517,18145,19851,15112,699,ITC,ITC1,1,Piemonte,Piemonte,4356406,3789262,86.98,0.82
2742,2021-02-02,PIE,10244,3511,6733,805,9438,1,ITC,ITC1,1,Piemonte,Piemonte,4356406,3799506,87.22,0.24
2743,2021-07-09,PIE,40309,20557,19752,6186,34065,58,ITC,ITC1,1,Piemonte,Piemonte,4356406,3839815,88.14,0.93
2744,2021-03-31,PIE,19125,8120,11005,10100,8690,335,ITC,ITC1,1,Piemonte,Piemonte,4356406,3858940,88.58,0.44
2745,2021-05-27,PIE,37378,17382,19996,18813,18134,431,ITC,ITC1,1,Piemonte,Piemonte,4356406,3896318,89.44,0.86
2746,2021-02-16,PIE,3964,1754,2210,3158,758,48,ITC,ITC1,1,Piemonte,Piemonte,4356406,3900282,89.53,0.09
2747,2021-03-24,PIE,15552,6391,9161,6104,9120,328,ITC,ITC1,1,Piemonte,Piemonte,4356406,3915834,89.89,0.36
2748,2021-05-20,PIE,38609,17935,20674,13319,24938,352,ITC,ITC1,1,Piemonte,Piemonte,4356406,3954443,90.77,0.89
2749,2021-02-09,PIE,7385,2312,5073,714,6669,2,ITC,ITC1,1,Piemonte,Piemonte,4356406,3961828,90.94,0.17
2750,2021-04-07,PIE,23589,9986,13603,17618,5458,513,ITC,ITC1,1,Piemonte,Piemonte,4356406,3985417,91.48,0.54
2751,2021-01-01,PIE,1038,395,643,1037,0,1,ITC,ITC1,1,Piemonte,Piemonte,4356406,3986455,91.51,0.02
2752,2021-07-05,PIE,35555,17785,17770,12353,23201,1,ITC,ITC1,1,Piemonte,Piemonte,4356406,4022010,92.32,0.82
2753,2021-02-20,PIE,3831,1253,2578,3559,173,99,ITC,ITC1,1,Piemonte,Piemonte,4356406,4025841,92.41,0.09
2754,2021-04-29,PIE,48420,21943,26477,34647,12612,1161,ITC,ITC1,1,Piemonte,Piemonte,4356406,4074261,93.52,1.11
2755,2021-05-16,PIE,28125,12766,15359,14701,13055,369,ITC,ITC1,1,Piemonte,Piemonte,4356406,4102386,94.17,0.65
2756,2021-02-05,PIE,9597,3135,6462,653,8942,2,ITC,ITC1,1,Piemonte,Piemonte,4356406,4111983,94.39,0.22
2757,2021-06-18,PIE,40522,20240,20282,26368,14154,0,ITC,ITC1,1,Piemonte,Piemonte,4356406,4152505,95.32,0.93
2758,2021-03-10,PIE,13812,5338,8474,11271,2292,249,ITC,ITC1,1,Piemonte,Piemonte,4356406,4166317,95.64,0.32
2759,2021-03-27,PIE,18384,7822,10562,9128,8822,434,ITC,ITC1,1,Piemonte,Piemonte,4356406,4184701,96.06,0.42
2760,2021-01-19,PIE,6452,2102,4350,6434,9,9,ITC,ITC1,1,Piemonte,Piemonte,4356406,4191153,96.21,0.15
2761,2021-04-14,PIE,27673,12546,15127,22459,4519,695,ITC,ITC1,1,Piemonte,Piemonte,4356406,4218826,96.84,0.64
2762,2021-06-03,PIE,34606,17879,16727,30200,4403,3,ITC,ITC1,1,Piemonte,Piemonte,4356406,4253432,97.64,0.79
2763,2021-06-19,SAR,15337,7512,7825,9116,6122,99,ITG,ITG2,20,Sardegna,Sardegna,1639591,15337,0.94,0.94
2764,2021-07-06,SAR,15914,7716,8198,4665,11153,96,ITG,ITG2,20,Sardegna,Sardegna,1639591,31251,1.91,0.97
2765,2021-03-28,SAR,4528,1792,2736,4387,78,63,ITG,ITG2,20,Sardegna,Sardegna,1639591,35779,2.18,0.28
2766,2021-01-04,SAR,587,215,372,587,0,0,ITG,ITG2,20,Sardegna,Sardegna,1639591,36366,2.22,0.04
2767,2021-03-09,SAR,5528,2737,2791,4743,728,57,ITG,ITG2,20,Sardegna,Sardegna,1639591,41894,2.56,0.34
2768,2021-05-05,SAR,10160,4645,5515,7953,2013,194,ITG,ITG2,20,Sardegna,Sardegna,1639591,52054,3.17,0.62
2769,2021-02-11,SAR,1311,488,823,1200,111,0,ITG,ITG2,20,Sardegna,Sardegna,1639591,53365,3.25,0.08
2770,2021-05-24,SAR,14470,7256,7214,8354,5984,132,ITG,ITG2,20,Sardegna,Sardegna,1639591,67835,4.14,0.88
2771,2021-02-13,SAR,1446,562,884,1440,2,4,ITG,ITG2,20,Sardegna,Sardegna,1639591,69281,4.23,0.09
2772,2021-05-29,SAR,17993,8648,9345,13235,4591,167,ITG,ITG2,20,Sardegna,Sardegna,1639591,87274,5.32,1.1
2773,2021-02-18,SAR,1876,731,1145,1775,64,37,ITG,ITG2,20,Sardegna,Sardegna,1639591,89150,5.44,0.11
2774,2021-07-01,SAR,19828,9761,10067,7258,12478,92,ITG,ITG2,20,Sardegna,Sardegna,1639591,108978,6.65,1.21
2775,2021-03-23,SAR,6410,2879,3531,5180,1078,152,ITG,ITG2,20,Sardegna,Sardegna,1639591,115388,7.04,0.39
2776,2021-07-15,SAR,1412,702,710,369,1034,9,ITG,ITG2,20,Sardegna,Sardegna,1639591,116800,7.12,0.09
2777,2021-05-12,SAR,11133,5260,5873,7789,3138,206,ITG,ITG2,20,Sardegna,Sardegna,1639591,127933,7.8,0.68
2778,2021-05-19,SAR,17023,8665,8358,12629,4238,156,ITG,ITG2,20,Sardegna,Sardegna,1639591,144956,8.84,1.04
2779,2021-06-05,SAR,17876,8434,9442,11285,6457,134,ITG,ITG2,20,Sardegna,Sardegna,1639591,162832,9.93,1.09
2780,2021-02-25,SAR,2896,1254,1642,2261,604,31,ITG,ITG2,20,Sardegna,Sardegna,1639591,165728,10.11,0.18
2781,2021-03-14,SAR,604,376,228,595,0,9,ITG,ITG2,20,Sardegna,Sardegna,1639591,166332,10.14,0.04
2782,2021-04-09,SAR,12300,5468,6832,7828,4353,119,ITG,ITG2,20,Sardegna,Sardegna,1639591,178632,10.89,0.75
2783,2021-04-11,SAR,5399,2444,2955,4252,1121,26,ITG,ITG2,20,Sardegna,Sardegna,1639591,184031,11.22,0.33
2784,2021-06-07,SAR,12567,6146,6421,9441,3005,121,ITG,ITG2,20,Sardegna,Sardegna,1639591,196598,11.99,0.77
2785,2021-02-04,SAR,2269,815,1454,910,1356,3,ITG,ITG2,20,Sardegna,Sardegna,1639591,198867,12.13,0.14
2786,2021-04-02,SAR,8977,3543,5434,5587,3241,149,ITG,ITG2,20,Sardegna,Sardegna,1639591,207844,12.68,0.55
2787,2021-01-16,SAR,1490,525,965,1490,0,0,ITG,ITG2,20,Sardegna,Sardegna,1639591,209334,12.77,0.09
2788,2021-04-23,SAR,12858,5740,7118,7243,5478,137,ITG,ITG2,20,Sardegna,Sardegna,1639591,222192,13.55,0.78
2789,2021-05-10,SAR,9738,4340,5398,7032,2538,168,ITG,ITG2,20,Sardegna,Sardegna,1639591,231930,14.15,0.59
2790,2021-01-30,SAR,3865,1393,2472,363,3502,0,ITG,ITG2,20,Sardegna,Sardegna,1639591,235795,14.38,0.24
2791,2021-03-02,SAR,3034,1629,1405,1815,1153,66,ITG,ITG2,20,Sardegna,Sardegna,1639591,238829,14.57,0.19
2792,2021-04-28,SAR,9010,4276,4734,5165,3698,147,ITG,ITG2,20,Sardegna,Sardegna,1639591,247839,15.12,0.55
2793,2021-01-18,SAR,903,324,579,779,124,0,ITG,ITG2,20,Sardegna,Sardegna,1639591,248742,15.17,0.06
2794,2021-06-24,SAR,19162,9201,9961,8112,10949,101,ITG,ITG2,20,Sardegna,Sardegna,1639591,267904,16.34,1.17
2795,2021-03-16,SAR,4395,1953,2442,3434,921,40,ITG,ITG2,20,Sardegna,Sardegna,1639591,272299,16.61,0.27
2796,2021-04-21,SAR,12066,5551,6515,6438,5530,98,ITG,ITG2,20,Sardegna,Sardegna,1639591,284365,17.34,0.74
2797,2021-01-11,SAR,1182,504,678,1181,0,1,ITG,ITG2,20,Sardegna,Sardegna,1639591,285547,17.42,0.07
2798,2021-06-17,SAR,18460,8529,9931,9924,8416,120,ITG,ITG2,20,Sardegna,Sardegna,1639591,304007,18.54,1.13
2799,2021-07-08,SAR,18417,8956,9461,3835,14499,83,ITG,ITG2,20,Sardegna,Sardegna,1639591,322424,19.66,1.12
2800,2021-04-16,SAR,14442,6487,7955,8940,5340,162,ITG,ITG2,20,Sardegna,Sardegna,1639591,336866,20.55,0.88
2801,2021-01-23,SAR,60,22,38,0,60,0,ITG,ITG2,20,Sardegna,Sardegna,1639591,336926,20.55,0.0
2802,2021-02-22,SAR,1638,948,690,1384,228,26,ITG,ITG2,20,Sardegna,Sardegna,1639591,338564,20.65,0.1
2803,2021-03-11,SAR,6412,3083,3329,5145,1199,68,ITG,ITG2,20,Sardegna,Sardegna,1639591,344976,21.04,0.39
2804,2021-05-31,SAR,11366,5409,5957,8157,3110,99,ITG,ITG2,20,Sardegna,Sardegna,1639591,356342,21.73,0.69
2805,2021-04-18,SAR,5125,2224,2901,2230,2867,28,ITG,ITG2,20,Sardegna,Sardegna,1639591,361467,22.05,0.31
2806,2021-01-08,SAR,3257,1184,2073,3255,0,2,ITG,ITG2,20,Sardegna,Sardegna,1639591,364724,22.24,0.2
2807,2021-06-02,SAR,9785,4690,5095,8059,1640,86,ITG,ITG2,20,Sardegna,Sardegna,1639591,374509,22.84,0.6
2808,2020-12-28,SAR,65,25,40,65,0,0,ITG,ITG2,20,Sardegna,Sardegna,1639591,374574,22.85,0.0
2809,2021-06-14,SAR,13745,6639,7106,9995,3610,140,ITG,ITG2,20,Sardegna,Sardegna,1639591,388319,23.68,0.84
2810,2021-03-06,SAR,2635,1078,1557,781,1781,73,ITG,ITG2,20,Sardegna,Sardegna,1639591,390954,23.84,0.16
2811,2021-06-28,SAR,14987,7038,7949,3051,11871,65,ITG,ITG2,20,Sardegna,Sardegna,1639591,405941,24.76,0.91
2812,2021-04-06,SAR,7457,3123,4334,4970,2429,58,ITG,ITG2,20,Sardegna,Sardegna,1639591,413398,25.21,0.45
2813,2020-12-27,SAR,65,34,31,65,0,0,ITG,ITG2,20,Sardegna,Sardegna,1639591,413463,25.22,0.0
2814,2021-04-30,SAR,11128,5299,5829,6752,4205,171,ITG,ITG2,20,Sardegna,Sardegna,1639591,424591,25.9,0.68
2815,2021-05-17,SAR,12815,6258,6557,9126,3544,145,ITG,ITG2,20,Sardegna,Sardegna,1639591,437406,26.68,0.78
2816,2021-02-06,SAR,1969,697,1272,564,1402,3,ITG,ITG2,20,Sardegna,Sardegna,1639591,439375,26.8,0.12
2817,2021-02-23,SAR,1537,1026,511,1270,252,15,ITG,ITG2,20,Sardegna,Sardegna,1639591,440912,26.89,0.09
2818,2021-05-02,SAR,5882,2669,3213,5215,577,90,ITG,ITG2,20,Sardegna,Sardegna,1639591,446794,27.25,0.36
2819,2021-02-08,SAR,1466,531,935,852,613,1,ITG,ITG2,20,Sardegna,Sardegna,1639591,448260,27.34,0.09
2820,2021-07-13,SAR,17783,8515,9268,3252,14454,77,ITG,ITG2,20,Sardegna,Sardegna,1639591,466043,28.42,1.08
2821,2021-04-04,SAR,1,0,1,0,1,0,ITG,ITG2,20,Sardegna,Sardegna,1639591,466044,28.42,0.0
2822,2021-06-16,SAR,17633,8277,9356,12169,5304,160,ITG,ITG2,20,Sardegna,Sardegna,1639591,483677,29.5,1.08
2823,2021-06-12,SAR,14753,7192,7561,9938,4700,115,ITG,ITG2,20,Sardegna,Sardegna,1639591,498430,30.4,0.9
2824,2021-03-04,SAR,4361,2291,2070,3052,1255,54,ITG,ITG2,20,Sardegna,Sardegna,1639591,502791,30.67,0.27
2825,2021-03-21,SAR,4030,1809,2221,2571,1440,19,ITG,ITG2,20,Sardegna,Sardegna,1639591,506821,30.91,0.25
2826,2021-06-26,SAR,19125,9001,10124,5444,13607,74,ITG,ITG2,20,Sardegna,Sardegna,1639591,525946,32.08,1.17
2827,2021-05-07,SAR,14466,6632,7834,9716,4522,228,ITG,ITG2,20,Sardegna,Sardegna,1639591,540412,32.96,0.88
2828,2021-01-27,SAR,1413,498,915,78,1335,0,ITG,ITG2,20,Sardegna,Sardegna,1639591,541825,33.05,0.09
2829,2021-07-03,SAR,15830,7555,8275,3236,12563,31,ITG,ITG2,20,Sardegna,Sardegna,1639591,557655,34.01,0.97
2830,2021-03-25,SAR,9105,3969,5136,7686,1303,116,ITG,ITG2,20,Sardegna,Sardegna,1639591,566760,34.57,0.56
2831,2021-01-25,SAR,591,214,377,22,569,0,ITG,ITG2,20,Sardegna,Sardegna,1639591,567351,34.6,0.04
2832,2021-05-16,SAR,8222,3832,4390,5988,2160,74,ITG,ITG2,20,Sardegna,Sardegna,1639591,575573,35.1,0.5
2833,2021-07-12,SAR,15334,7416,7918,2408,12871,55,ITG,ITG2,20,Sardegna,Sardegna,1639591,590907,36.04,0.94
2834,2021-07-05,SAR,15570,7567,8003,3327,12194,49,ITG,ITG2,20,Sardegna,Sardegna,1639591,606477,36.99,0.95
2835,2021-06-04,SAR,14479,6930,7549,9768,4554,157,ITG,ITG2,20,Sardegna,Sardegna,1639591,620956,37.87,0.88
2836,2021-06-21,SAR,14014,6730,7284,5122,8820,72,ITG,ITG2,20,Sardegna,Sardegna,1639591,634970,38.73,0.85
2837,2021-03-13,SAR,2754,1075,1679,2434,281,39,ITG,ITG2,20,Sardegna,Sardegna,1639591,637724,38.9,0.17
2838,2021-03-30,SAR,8757,3582,5175,6345,2274,138,ITG,ITG2,20,Sardegna,Sardegna,1639591,646481,39.43,0.53
2839,2021-01-06,SAR,1613,547,1066,1613,0,0,ITG,ITG2,20,Sardegna,Sardegna,1639591,648094,39.53,0.1
2840,2021-06-23,SAR,20535,9662,10873,6193,14251,91,ITG,ITG2,20,Sardegna,Sardegna,1639591,668629,40.78,1.25
2841,2021-04-20,SAR,10990,4988,6002,7694,3205,91,ITG,ITG2,20,Sardegna,Sardegna,1639591,679619,41.45,0.67
2842,2021-04-25,SAR,4496,2269,2227,3672,778,46,ITG,ITG2,20,Sardegna,Sardegna,1639591,684115,41.72,0.27
2843,2021-01-15,SAR,1559,572,987,1557,0,2,ITG,ITG2,20,Sardegna,Sardegna,1639591,685674,41.82,0.1
2844,2021-02-01,SAR,1523,605,918,224,1299,0,ITG,ITG2,20,Sardegna,Sardegna,1639591,687197,41.91,0.09
2845,2021-05-09,SAR,6126,2873,3253,5113,926,87,ITG,ITG2,20,Sardegna,Sardegna,1639591,693323,42.29,0.37
2846,2021-05-26,SAR,15531,8188,7343,9702,5645,184,ITG,ITG2,20,Sardegna,Sardegna,1639591,708854,43.23,0.95
2847,2021-02-15,SAR,954,347,607,917,31,6,ITG,ITG2,20,Sardegna,Sardegna,1639591,709808,43.29,0.06
2848,2021-01-20,SAR,210,77,133,208,2,0,ITG,ITG2,20,Sardegna,Sardegna,1639591,710018,43.3,0.01
2849,2021-01-01,SAR,32,17,15,32,0,0,ITG,ITG2,20,Sardegna,Sardegna,1639591,710050,43.31,0.0
2850,2021-02-27,SAR,1914,642,1272,1318,555,41,ITG,ITG2,20,Sardegna,Sardegna,1639591,711964,43.42,0.12
2851,2021-04-13,SAR,7616,3598,4018,5734,1825,57,ITG,ITG2,20,Sardegna,Sardegna,1639591,719580,43.89,0.46
2852,2021-06-09,SAR,15503,7383,8120,11615,3739,149,ITG,ITG2,20,Sardegna,Sardegna,1639591,735083,44.83,0.95
2853,2021-02-05,SAR,1897,749,1148,431,1464,2,ITG,ITG2,20,Sardegna,Sardegna,1639591,736980,44.95,0.12
2854,2021-04-03,SAR,4666,1805,2861,2635,1967,64,ITG,ITG2,20,Sardegna,Sardegna,1639591,741646,45.23,0.28
2855,2021-05-30,SAR,9727,4836,4891,7300,2357,70,ITG,ITG2,20,Sardegna,Sardegna,1639591,751373,45.83,0.59
2856,2021-02-19,SAR,1496,470,1026,1397,56,43,ITG,ITG2,20,Sardegna,Sardegna,1639591,752869,45.92,0.09
2857,2021-05-18,SAR,14751,7378,7373,9447,5200,104,ITG,ITG2,20,Sardegna,Sardegna,1639591,767620,46.82,0.9
2858,2021-02-24,SAR,2408,1291,1117,2183,189,36,ITG,ITG2,20,Sardegna,Sardegna,1639591,770028,46.96,0.15
2859,2021-02-20,SAR,2040,854,1186,1683,334,23,ITG,ITG2,20,Sardegna,Sardegna,1639591,772068,47.09,0.12
2860,2021-04-29,SAR,11120,5105,6015,6616,4353,151,ITG,ITG2,20,Sardegna,Sardegna,1639591,783188,47.77,0.68
2861,2021-06-25,SAR,16494,7801,8693,3897,12541,56,ITG,ITG2,20,Sardegna,Sardegna,1639591,799682,48.77,1.01
2862,2021-01-10,SAR,2176,748,1428,2176,0,0,ITG,ITG2,20,Sardegna,Sardegna,1639591,801858,48.91,0.13
2863,2021-03-29,SAR,4736,1845,2891,4071,588,77,ITG,ITG2,20,Sardegna,Sardegna,1639591,806594,49.19,0.29
2864,2021-04-15,SAR,11842,5537,6305,6777,4954,111,ITG,ITG2,20,Sardegna,Sardegna,1639591,818436,49.92,0.72
2865,2021-01-05,SAR,1321,443,878,1321,0,0,ITG,ITG2,20,Sardegna,Sardegna,1639591,819757,50.0,0.08
2866,2021-01-22,SAR,83,47,36,55,28,0,ITG,ITG2,20,Sardegna,Sardegna,1639591,819840,50.0,0.01
2867,2021-04-17,SAR,10077,4499,5578,5403,4596,78,ITG,ITG2,20,Sardegna,Sardegna,1639591,829917,50.62,0.61
2868,2021-03-20,SAR,5194,2075,3119,2891,2277,26,ITG,ITG2,20,Sardegna,Sardegna,1639591,835111,50.93,0.32
2869,2021-06-13,SAR,9499,4675,4824,6159,3260,80,ITG,ITG2,20,Sardegna,Sardegna,1639591,844610,51.51,0.58
2870,2021-01-29,SAR,2955,1070,1885,45,2908,2,ITG,ITG2,20,Sardegna,Sardegna,1639591,847565,51.69,0.18
2871,2021-01-28,SAR,2972,1045,1927,69,2903,0,ITG,ITG2,20,Sardegna,Sardegna,1639591,850537,51.87,0.18
2872,2021-05-27,SAR,17824,9262,8562,12082,5534,208,ITG,ITG2,20,Sardegna,Sardegna,1639591,868361,52.96,1.09
2873,2021-03-27,SAR,5733,2192,3541,5224,422,87,ITG,ITG2,20,Sardegna,Sardegna,1639591,874094,53.31,0.35
2874,2021-05-23,SAR,9966,4807,5159,7625,2245,96,ITG,ITG2,20,Sardegna,Sardegna,1639591,884060,53.92,0.61
2875,2021-02-12,SAR,2236,933,1303,2172,59,5,ITG,ITG2,20,Sardegna,Sardegna,1639591,886296,54.06,0.14
2876,2021-04-10,SAR,10492,4747,5745,8454,1938,100,ITG,ITG2,20,Sardegna,Sardegna,1639591,896788,54.7,0.64
2877,2021-05-21,SAR,22639,11204,11435,16261,6098,280,ITG,ITG2,20,Sardegna,Sardegna,1639591,919427,56.08,1.38
2878,2021-03-18,SAR,7252,3070,4182,5574,1605,73,ITG,ITG2,20,Sardegna,Sardegna,1639591,926679,56.52,0.44
2879,2021-05-14,SAR,14567,6866,7701,10764,3641,162,ITG,ITG2,20,Sardegna,Sardegna,1639591,941246,57.41,0.89
2880,2021-02-03,SAR,1118,418,700,424,693,1,ITG,ITG2,20,Sardegna,Sardegna,1639591,942364,57.48,0.07
2881,2021-07-10,SAR,14224,6876,7348,2706,11485,33,ITG,ITG2,20,Sardegna,Sardegna,1639591,956588,58.34,0.87
2882,2021-04-01,SAR,10151,4066,6085,7005,3011,135,ITG,ITG2,20,Sardegna,Sardegna,1639591,966739,58.96,0.62
2883,2021-06-06,SAR,10035,5002,5033,6315,3651,69,ITG,ITG2,20,Sardegna,Sardegna,1639591,976774,59.57,0.61
2884,2021-03-08,SAR,4681,2429,2252,3419,1221,41,ITG,ITG2,20,Sardegna,Sardegna,1639591,981455,59.86,0.29
2885,2021-05-04,SAR,9538,4385,5153,7541,1852,145,ITG,ITG2,20,Sardegna,Sardegna,1639591,990993,60.44,0.58
2886,2021-01-24,SAR,90,34,56,5,85,0,ITG,ITG2,20,Sardegna,Sardegna,1639591,991083,60.45,0.01
2887,2021-06-18,SAR,16482,7505,8977,8601,7766,115,ITG,ITG2,20,Sardegna,Sardegna,1639591,1007565,61.45,1.01
2888,2021-03-10,SAR,6051,2955,3096,5138,851,62,ITG,ITG2,20,Sardegna,Sardegna,1639591,1013616,61.82,0.37
2889,2021-05-06,SAR,12945,6009,6936,9563,3145,237,ITG,ITG2,20,Sardegna,Sardegna,1639591,1026561,62.61,0.79
2890,2021-03-01,SAR,2264,1154,1110,1579,659,26,ITG,ITG2,20,Sardegna,Sardegna,1639591,1028825,62.75,0.14
2891,2021-05-13,SAR,12369,5860,6509,8724,3446,199,ITG,ITG2,20,Sardegna,Sardegna,1639591,1041194,63.5,0.75
2892,2021-02-02,SAR,1498,669,829,257,1241,0,ITG,ITG2,20,Sardegna,Sardegna,1639591,1042692,63.59,0.09
2893,2021-02-16,SAR,699,289,410,663,27,9,ITG,ITG2,20,Sardegna,Sardegna,1639591,1043391,63.64,0.04
2894,2021-03-05,SAR,5202,2602,2600,2813,2354,35,ITG,ITG2,20,Sardegna,Sardegna,1639591,1048593,63.95,0.32
2895,2021-03-19,SAR,7260,3046,4214,4993,2214,53,ITG,ITG2,20,Sardegna,Sardegna,1639591,1055853,64.4,0.44
2896,2021-01-03,SAR,90,36,54,90,0,0,ITG,ITG2,20,Sardegna,Sardegna,1639591,1055943,64.4,0.01
2897,2021-07-07,SAR,15893,7724,8169,4085,11757,51,ITG,ITG2,20,Sardegna,Sardegna,1639591,1071836,65.37,0.97
2898,2021-01-07,SAR,3103,1072,2031,3099,0,4,ITG,ITG2,20,Sardegna,Sardegna,1639591,1074939,65.56,0.19
2899,2021-06-10,SAR,17808,8478,9330,11647,6037,124,ITG,ITG2,20,Sardegna,Sardegna,1639591,1092747,66.65,1.09
2900,2020-12-31,SAR,32,16,16,32,0,0,ITG,ITG2,20,Sardegna,Sardegna,1639591,1092779,66.65,0.0
2901,2021-04-07,SAR,13541,6050,7491,7823,5650,68,ITG,ITG2,20,Sardegna,Sardegna,1639591,1106320,67.48,0.83
2902,2021-04-24,SAR,10356,4844,5512,7890,2339,127,ITG,ITG2,20,Sardegna,Sardegna,1639591,1116676,68.11,0.63
2903,2021-01-14,SAR,1105,425,680,1105,0,0,ITG,ITG2,20,Sardegna,Sardegna,1639591,1117781,68.17,0.07
2904,2021-04-14,SAR,8262,3905,4357,6963,1239,60,ITG,ITG2,20,Sardegna,Sardegna,1639591,1126043,68.68,0.5
2905,2021-05-01,SAR,9914,4763,5151,5368,4455,91,ITG,ITG2,20,Sardegna,Sardegna,1639591,1135957,69.28,0.6
2906,2021-01-21,SAR,126,60,66,94,32,0,ITG,ITG2,20,Sardegna,Sardegna,1639591,1136083,69.29,0.01
2907,2021-02-07,SAR,1118,395,723,227,890,1,ITG,ITG2,20,Sardegna,Sardegna,1639591,1137201,69.36,0.07
2908,2021-05-03,SAR,8186,3821,4365,6488,1597,101,ITG,ITG2,20,Sardegna,Sardegna,1639591,1145387,69.86,0.5
2909,2021-05-20,SAR,16360,7880,8480,11267,4893,200,ITG,ITG2,20,Sardegna,Sardegna,1639591,1161747,70.86,1.0
2910,2021-02-09,SAR,2285,835,1450,1284,996,5,ITG,ITG2,20,Sardegna,Sardegna,1639591,1164032,71.0,0.14
2911,2021-02-26,SAR,2798,1106,1692,2444,306,48,ITG,ITG2,20,Sardegna,Sardegna,1639591,1166830,71.17,0.17
2912,2021-05-15,SAR,13793,6423,7370,10198,3434,161,ITG,ITG2,20,Sardegna,Sardegna,1639591,1180623,72.01,0.84
2913,2021-07-11,SAR,6367,3113,3254,1426,4906,35,ITG,ITG2,20,Sardegna,Sardegna,1639591,1186990,72.4,0.39
2914,2021-01-26,SAR,1337,454,883,27,1310,0,ITG,ITG2,20,Sardegna,Sardegna,1639591,1188327,72.48,0.08
2915,2021-07-02,SAR,18920,8883,10037,4407,14417,96,ITG,ITG2,20,Sardegna,Sardegna,1639591,1207247,73.63,1.15
2916,2021-04-27,SAR,7616,3552,4064,5476,2042,98,ITG,ITG2,20,Sardegna,Sardegna,1639591,1214863,74.1,0.46
2917,2021-01-17,SAR,859,277,582,858,1,0,ITG,ITG2,20,Sardegna,Sardegna,1639591,1215722,74.15,0.05
2918,2021-03-15,SAR,2795,1317,1478,2382,373,40,ITG,ITG2,20,Sardegna,Sardegna,1639591,1218517,74.32,0.17
2919,2021-07-04,SAR,8199,3986,4213,2068,6116,15,ITG,ITG2,20,Sardegna,Sardegna,1639591,1226716,74.82,0.5
2920,2021-03-26,SAR,8457,3513,4944,6811,1526,120,ITG,ITG2,20,Sardegna,Sardegna,1639591,1235173,75.33,0.52
2921,2021-05-22,SAR,24841,11952,12889,19398,5138,305,ITG,ITG2,20,Sardegna,Sardegna,1639591,1260014,76.85,1.52
2922,2021-01-19,SAR,746,269,477,690,55,1,ITG,ITG2,20,Sardegna,Sardegna,1639591,1260760,76.89,0.05
2923,2021-03-17,SAR,6548,2845,3703,4904,1607,37,ITG,ITG2,20,Sardegna,Sardegna,1639591,1267308,77.29,0.4
2924,2021-06-27,SAR,9010,4306,4704,2956,6026,28,ITG,ITG2,20,Sardegna,Sardegna,1639591,1276318,77.84,0.55
2925,2021-03-24,SAR,7393,3105,4288,5905,1356,132,ITG,ITG2,20,Sardegna,Sardegna,1639591,1283711,78.29,0.45
2926,2021-06-22,SAR,19334,8988,10346,7168,12064,102,ITG,ITG2,20,Sardegna,Sardegna,1639591,1303045,79.47,1.18
2927,2021-07-09,SAR,15874,7599,8275,3435,12360,79,ITG,ITG2,20,Sardegna,Sardegna,1639591,1318919,80.44,0.97
2928,2021-03-31,SAR,10253,4150,6103,7702,2429,122,ITG,ITG2,20,Sardegna,Sardegna,1639591,1329172,81.07,0.63
2929,2021-02-10,SAR,1958,765,1193,1434,518,6,ITG,ITG2,20,Sardegna,Sardegna,1639591,1331130,81.19,0.12
2930,2021-05-08,SAR,13081,5970,7111,10667,2284,130,ITG,ITG2,20,Sardegna,Sardegna,1639591,1344211,81.98,0.8
2931,2021-06-03,SAR,16394,7643,8751,10566,5688,140,ITG,ITG2,20,Sardegna,Sardegna,1639591,1360605,82.98,1.0
2932,2021-06-20,SAR,6288,2804,3484,3636,2620,32,ITG,ITG2,20,Sardegna,Sardegna,1639591,1366893,83.37,0.38
2933,2021-03-12,SAR,5969,2616,3353,4519,1306,144,ITG,ITG2,20,Sardegna,Sardegna,1639591,1372862,83.73,0.36
2934,2021-04-12,SAR,6994,3179,3815,5215,1715,64,ITG,ITG2,20,Sardegna,Sardegna,1639591,1379856,84.16,0.43
2935,2021-01-02,SAR,60,21,39,60,0,0,ITG,ITG2,20,Sardegna,Sardegna,1639591,1379916,84.16,0.0
2936,2021-06-08,SAR,14829,7069,7760,11171,3505,153,ITG,ITG2,20,Sardegna,Sardegna,1639591,1394745,85.07,0.9
2937,2021-02-28,SAR,367,169,198,139,226,2,ITG,ITG2,20,Sardegna,Sardegna,1639591,1395112,85.09,0.02
2938,2021-04-26,SAR,6853,3275,3578,5861,904,88,ITG,ITG2,20,Sardegna,Sardegna,1639591,1401965,85.51,0.42
2939,2021-06-01,SAR,14319,6654,7665,9636,4589,94,ITG,ITG2,20,Sardegna,Sardegna,1639591,1416284,86.38,0.87
2940,2021-02-21,SAR,1588,709,879,1557,30,1,ITG,ITG2,20,Sardegna,Sardegna,1639591,1417872,86.48,0.1
2941,2021-04-19,SAR,10183,4621,5562,8624,1427,132,ITG,ITG2,20,Sardegna,Sardegna,1639591,1428055,87.1,0.62
2942,2021-01-09,SAR,4012,1414,2598,4012,0,0,ITG,ITG2,20,Sardegna,Sardegna,1639591,1432067,87.34,0.24
2943,2021-06-15,SAR,14687,6805,7882,9816,4738,133,ITG,ITG2,20,Sardegna,Sardegna,1639591,1446754,88.24,0.9
2944,2021-03-07,SAR,1657,751,906,1113,540,4,ITG,ITG2,20,Sardegna,Sardegna,1639591,1448411,88.34,0.1
2945,2021-01-13,SAR,574,178,396,574,0,0,ITG,ITG2,20,Sardegna,Sardegna,1639591,1448985,88.37,0.04
2946,2021-05-28,SAR,17950,8696,9254,13487,4275,188,ITG,ITG2,20,Sardegna,Sardegna,1639591,1466935,89.47,1.09
2947,2021-02-17,SAR,1403,576,827,1273,74,56,ITG,ITG2,20,Sardegna,Sardegna,1639591,1468338,89.56,0.09
2948,2021-05-25,SAR,15139,7702,7437,8488,6476,175,ITG,ITG2,20,Sardegna,Sardegna,1639591,1483477,90.48,0.92
2949,2021-06-11,SAR,14777,7021,7756,9094,5532,151,ITG,ITG2,20,Sardegna,Sardegna,1639591,1498254,91.38,0.9
2950,2021-03-03,SAR,4110,2275,1835,2738,1296,76,ITG,ITG2,20,Sardegna,Sardegna,1639591,1502364,91.63,0.25
2951,2021-06-30,SAR,17770,8512,9258,4814,12875,81,ITG,ITG2,20,Sardegna,Sardegna,1639591,1520134,92.71,1.08
2952,2021-03-22,SAR,3686,1492,2194,3099,512,75,ITG,ITG2,20,Sardegna,Sardegna,1639591,1523820,92.94,0.22
2953,2021-04-08,SAR,13435,5934,7501,8211,5115,109,ITG,ITG2,20,Sardegna,Sardegna,1639591,1537255,93.76,0.82
2954,2021-07-14,SAR,16899,8188,8711,3775,13014,110,ITG,ITG2,20,Sardegna,Sardegna,1639591,1554154,94.79,1.03
2955,2020-12-29,SAR,57,32,25,57,0,0,ITG,ITG2,20,Sardegna,Sardegna,1639591,1554211,94.79,0.0
2956,2021-04-22,SAR,10503,4661,5842,5502,4917,84,ITG,ITG2,20,Sardegna,Sardegna,1639591,1564714,95.43,0.64
2957,2021-01-12,SAR,865,408,457,865,0,0,ITG,ITG2,20,Sardegna,Sardegna,1639591,1565579,95.49,0.05
2958,2021-05-11,SAR,8908,4138,4770,6396,2386,126,ITG,ITG2,20,Sardegna,Sardegna,1639591,1574487,96.03,0.54
2959,2021-01-31,SAR,2117,749,1368,45,2072,0,ITG,ITG2,20,Sardegna,Sardegna,1639591,1576604,96.16,0.13
2960,2021-02-14,SAR,538,263,275,536,2,0,ITG,ITG2,20,Sardegna,Sardegna,1639591,1577142,96.19,0.03
2961,2021-04-05,SAR,2035,783,1252,2003,1,31,ITG,ITG2,20,Sardegna,Sardegna,1639591,1579177,96.32,0.12
2962,2021-06-29,SAR,17883,8602,9281,3757,14078,48,ITG,ITG2,20,Sardegna,Sardegna,1639591,1597060,97.41,1.09
2963,2021-03-22,PAB,1144,523,621,1138,5,1,ITH,ITH1,4,Provincia Autonoma Bolzano / Bozen,P.A. Bolzano,533050,1144,0.21,0.21
2964,2021-01-26,PAB,810,291,519,1,809,0,ITH,ITH1,4,Provincia Autonoma Bolzano / Bozen,P.A. Bolzano,533050,1954,0.37,0.15
2965,2021-07-02,PAB,3195,1657,1538,1023,2172,0,ITH,ITH1,4,Provincia Autonoma Bolzano / Bozen,P.A. Bolzano,533050,5149,0.97,0.6
2966,2021-03-24,PAB,2064,999,1065,2049,13,2,ITH,ITH1,4,Provincia Autonoma Bolzano / Bozen,P.A. Bolzano,533050,7213,1.35,0.39
2967,2021-03-10,PAB,1268,529,739,1123,143,2,ITH,ITH1,4,Provincia Autonoma Bolzano / Bozen,P.A. Bolzano,533050,8481,1.59,0.24
2968,2021-05-06,PAB,5181,2747,2434,2590,2568,23,ITH,ITH1,4,Provincia Autonoma Bolzano / Bozen,P.A. Bolzano,533050,13662,2.56,0.97
2969,2021-02-12,PAB,730,217,513,482,248,0,ITH,ITH1,4,Provincia Autonoma Bolzano / Bozen,P.A. Bolzano,533050,14392,2.7,0.14
2970,2021-04-10,PAB,5396,2666,2730,4802,588,6,ITH,ITH1,4,Provincia Autonoma Bolzano / Bozen,P.A. Bolzano,533050,19788,3.71,1.01
2971,2020-12-31,PAB,913,519,394,913,0,0,ITH,ITH1,4,Provincia Autonoma Bolzano / Bozen,P.A. Bolzano,533050,20701,3.88,0.17
2972,2021-04-19,PAB,1873,859,1014,1689,182,2,ITH,ITH1,4,Provincia Autonoma Bolzano / Bozen,P.A. Bolzano,533050,22574,4.23,0.35
2973,2021-06-15,PAB,2024,1167,857,492,1532,0,ITH,ITH1,4,Provincia Autonoma Bolzano / Bozen,P.A. Bolzano,533050,24598,4.61,0.38
2974,2021-04-17,PAB,5239,2602,2637,5184,44,11,ITH,ITH1,4,Provincia Autonoma Bolzano / Bozen,P.A. Bolzano,533050,29837,5.6,0.98
2975,2021-01-07,PAB,918,327,591,918,0,0,ITH,ITH1,4,Provincia Autonoma Bolzano / Bozen,P.A. Bolzano,533050,30755,5.77,0.17
2976,2021-05-20,PAB,4916,2472,2444,3419,1469,28,ITH,ITH1,4,Provincia Autonoma Bolzano / Bozen,P.A. Bolzano,533050,35671,6.69,0.92
2977,2021-07-09,PAB,5177,2579,2598,1021,4156,0,ITH,ITH1,4,Provincia Autonoma Bolzano / Bozen,P.A. Bolzano,533050,40848,7.66,0.97
2978,2021-03-31,PAB,1832,694,1138,821,1011,0,ITH,ITH1,4,Provincia Autonoma Bolzano / Bozen,P.A. Bolzano,533050,42680,8.01,0.34
2979,2021-04-24,PAB,5110,2452,2658,4607,485,18,ITH,ITH1,4,Provincia Autonoma Bolzano / Bozen,P.A. Bolzano,533050,47790,8.97,0.96
2980,2021-07-14,PAB,566,284,282,225,341,0,ITH,ITH1,4,Provincia Autonoma Bolzano / Bozen,P.A. Bolzano,533050,48356,9.07,0.11
2981,2021-04-05,PAB,301,144,157,22,278,1,ITH,ITH1,4,Provincia Autonoma Bolzano / Bozen,P.A. Bolzano,533050,48657,9.13,0.06
2982,2021-06-27,PAB,4425,2314,2111,618,3807,0,ITH,ITH1,4,Provincia Autonoma Bolzano / Bozen,P.A. Bolzano,533050,53082,9.96,0.83
2983,2021-01-12,PAB,1709,459,1250,1709,0,0,ITH,ITH1,4,Provincia Autonoma Bolzano / Bozen,P.A. Bolzano,533050,54791,10.28,0.32
2984,2021-06-06,PAB,4535,2178,2357,858,3677,0,ITH,ITH1,4,Provincia Autonoma Bolzano / Bozen,P.A. Bolzano,533050,59326,11.13,0.85
2985,2021-02-26,PAB,1527,551,976,1494,30,3,ITH,ITH1,4,Provincia Autonoma Bolzano / Bozen,P.A. Bolzano,533050,60853,11.42,0.29
2986,2021-06-01,PAB,3634,2364,1270,2162,1472,0,ITH,ITH1,4,Provincia Autonoma Bolzano / Bozen,P.A. Bolzano,533050,64487,12.1,0.68
2987,2021-02-19,PAB,2252,512,1740,2241,11,0,ITH,ITH1,4,Provincia Autonoma Bolzano / Bozen,P.A. Bolzano,533050,66739,12.52,0.42
2988,2021-01-24,PAB,12,10,2,0,12,0,ITH,ITH1,4,Provincia Autonoma Bolzano / Bozen,P.A. Bolzano,533050,66751,12.52,0.0
2989,2021-07-04,PAB,4412,2129,2283,188,4224,0,ITH,ITH1,4,Provincia Autonoma Bolzano / Bozen,P.A. Bolzano,533050,71163,13.35,0.83
2990,2021-06-20,PAB,5232,2845,2387,615,4593,24,ITH,ITH1,4,Provincia Autonoma Bolzano / Bozen,P.A. Bolzano,533050,76395,14.33,0.98
2991,2021-02-07,PAB,2362,1058,1304,14,2348,0,ITH,ITH1,4,Provincia Autonoma Bolzano / Bozen,P.A. Bolzano,533050,78757,14.77,0.44
2992,2021-05-18,PAB,3343,1754,1589,2135,1186,22,ITH,ITH1,4,Provincia Autonoma Bolzano / Bozen,P.A. Bolzano,533050,82100,15.4,0.63
2993,2021-03-17,PAB,582,213,369,580,2,0,ITH,ITH1,4,Provincia Autonoma Bolzano / Bozen,P.A. Bolzano,533050,82682,15.51,0.11
2994,2021-05-13,PAB,2995,1355,1640,1059,1930,6,ITH,ITH1,4,Provincia Autonoma Bolzano / Bozen,P.A. Bolzano,533050,85677,16.07,0.56
2995,2021-04-29,PAB,2631,1351,1280,1925,694,12,ITH,ITH1,4,Provincia Autonoma Bolzano / Bozen,P.A. Bolzano,533050,88308,16.57,0.49
2996,2021-01-19,PAB,853,371,482,723,130,0,ITH,ITH1,4,Provincia Autonoma Bolzano / Bozen,P.A. Bolzano,533050,89161,16.73,0.16
2997,2021-06-25,PAB,4170,2304,1866,1157,3013,0,ITH,ITH1,4,Provincia Autonoma Bolzano / Bozen,P.A. Bolzano,533050,93331,17.51,0.78
2998,2021-03-05,PAB,1840,625,1215,1395,443,2,ITH,ITH1,4,Provincia Autonoma Bolzano / Bozen,P.A. Bolzano,533050,95171,17.85,0.35
2999,2021-05-27,PAB,6146,3236,2910,4079,2010,57,ITH,ITH1,4,Provincia Autonoma Bolzano / Bozen,P.A. Bolzano,533050,101317,19.01,1.15
3000,2021-06-13,PAB,3682,2049,1633,490,3192,0,ITH,ITH1,4,Provincia Autonoma Bolzano / Bozen,P.A. Bolzano,533050,104999,19.7,0.69
3001,2021-05-25,PAB,3859,2000,1859,2955,886,18,ITH,ITH1,4,Provincia Autonoma Bolzano / Bozen,P.A. Bolzano,533050,108858,20.42,0.72
3002,2021-02-14,PAB,297,130,167,297,0,0,ITH,ITH1,4,Provincia Autonoma Bolzano / Bozen,P.A. Bolzano,533050,109155,20.48,0.06
3003,2021-05-08,PAB,4427,2382,2045,3749,663,15,ITH,ITH1,4,Provincia Autonoma Bolzano / Bozen,P.A. Bolzano,533050,113582,21.31,0.83
3004,2021-03-03,PAB,1181,395,786,1168,13,0,ITH,ITH1,4,Provincia Autonoma Bolzano / Bozen,P.A. Bolzano,533050,114763,21.53,0.22
3005,2021-04-12,PAB,2105,946,1159,2095,7,3,ITH,ITH1,4,Provincia Autonoma Bolzano / Bozen,P.A. Bolzano,533050,116868,21.92,0.39
3006,2021-03-07,PAB,114,13,101,9,105,0,ITH,ITH1,4,Provincia Autonoma Bolzano / Bozen,P.A. Bolzano,533050,116982,21.95,0.02
3007,2021-04-21,PAB,3013,1468,1545,2156,848,9,ITH,ITH1,4,Provincia Autonoma Bolzano / Bozen,P.A. Bolzano,533050,119995,22.51,0.57
3008,2021-06-24,PAB,3917,2026,1891,1727,2190,0,ITH,ITH1,4,Provincia Autonoma Bolzano / Bozen,P.A. Bolzano,533050,123912,23.25,0.73
3009,2021-01-05,PAB,830,286,544,830,0,0,ITH,ITH1,4,Provincia Autonoma Bolzano / Bozen,P.A. Bolzano,533050,124742,23.4,0.16
3010,2021-01-23,PAB,197,117,80,0,197,0,ITH,ITH1,4,Provincia Autonoma Bolzano / Bozen,P.A. Bolzano,533050,124939,23.44,0.04
3011,2021-05-03,PAB,1831,847,984,417,1413,1,ITH,ITH1,4,Provincia Autonoma Bolzano / Bozen,P.A. Bolzano,533050,126770,23.78,0.34
3012,2021-02-23,PAB,769,324,445,763,6,0,ITH,ITH1,4,Provincia Autonoma Bolzano / Bozen,P.A. Bolzano,533050,127539,23.93,0.14
3013,2021-05-17,PAB,3139,1516,1623,2436,694,9,ITH,ITH1,4,Provincia Autonoma Bolzano / Bozen,P.A. Bolzano,533050,130678,24.52,0.59
3014,2021-06-03,PAB,4800,2614,2186,3853,947,0,ITH,ITH1,4,Provincia Autonoma Bolzano / Bozen,P.A. Bolzano,533050,135478,25.42,0.9
3015,2021-06-29,PAB,1874,1011,863,257,1617,0,ITH,ITH1,4,Provincia Autonoma Bolzano / Bozen,P.A. Bolzano,533050,137352,25.77,0.35
3016,2021-03-21,PAB,768,285,483,14,754,0,ITH,ITH1,4,Provincia Autonoma Bolzano / Bozen,P.A. Bolzano,533050,138120,25.91,0.14
3017,2021-06-12,PAB,5053,2742,2311,1765,3288,0,ITH,ITH1,4,Provincia Autonoma Bolzano / Bozen,P.A. Bolzano,533050,143173,26.86,0.95
3018,2021-01-14,PAB,1946,575,1371,1946,0,0,ITH,ITH1,4,Provincia Autonoma Bolzano / Bozen,P.A. Bolzano,533050,145119,27.22,0.37
3019,2021-04-07,PAB,1798,823,975,1255,540,3,ITH,ITH1,4,Provincia Autonoma Bolzano / Bozen,P.A. Bolzano,533050,146917,27.56,0.34
3020,2021-06-08,PAB,4187,2137,2050,870,3317,0,ITH,ITH1,4,Provincia Autonoma Bolzano / Bozen,P.A. Bolzano,533050,151104,28.35,0.79
3021,2021-04-28,PAB,2464,1302,1162,2444,5,15,ITH,ITH1,4,Provincia Autonoma Bolzano / Bozen,P.A. Bolzano,533050,153568,28.81,0.46
3022,2021-05-01,PAB,2104,1067,1037,1940,160,4,ITH,ITH1,4,Provincia Autonoma Bolzano / Bozen,P.A. Bolzano,533050,155672,29.2,0.39
3023,2021-03-12,PAB,1664,734,930,1250,413,1,ITH,ITH1,4,Provincia Autonoma Bolzano / Bozen,P.A. Bolzano,533050,157336,29.52,0.31
3024,2021-03-29,PAB,1171,499,672,411,759,1,ITH,ITH1,4,Provincia Autonoma Bolzano / Bozen,P.A. Bolzano,533050,158507,29.74,0.22
3025,2021-05-15,PAB,7005,3691,3314,6679,294,32,ITH,ITH1,4,Provincia Autonoma Bolzano / Bozen,P.A. Bolzano,533050,165512,31.05,1.31
3026,2021-02-04,PAB,1958,593,1365,8,1950,0,ITH,ITH1,4,Provincia Autonoma Bolzano / Bozen,P.A. Bolzano,533050,167470,31.42,0.37
3027,2021-07-11,PAB,6036,3073,2963,1167,4869,0,ITH,ITH1,4,Provincia Autonoma Bolzano / Bozen,P.A. Bolzano,533050,173506,32.55,1.13
3028,2021-02-09,PAB,317,126,191,1,316,0,ITH,ITH1,4,Provincia Autonoma Bolzano / Bozen,P.A. Bolzano,533050,173823,32.61,0.06
3029,2021-07-13,PAB,3060,1553,1507,1174,1886,0,ITH,ITH1,4,Provincia Autonoma Bolzano / Bozen,P.A. Bolzano,533050,176883,33.18,0.57
3030,2021-02-02,PAB,1745,506,1239,8,1737,0,ITH,ITH1,4,Provincia Autonoma Bolzano / Bozen,P.A. Bolzano,533050,178628,33.51,0.33
3031,2021-05-10,PAB,3018,1300,1718,1412,1605,1,ITH,ITH1,4,Provincia Autonoma Bolzano / Bozen,P.A. Bolzano,533050,181646,34.08,0.57
3032,2021-02-16,PAB,530,205,325,530,0,0,ITH,ITH1,4,Provincia Autonoma Bolzano / Bozen,P.A. Bolzano,533050,182176,34.18,0.1
3033,2021-01-28,PAB,871,308,563,9,862,0,ITH,ITH1,4,Provincia Autonoma Bolzano / Bozen,P.A. Bolzano,533050,183047,34.34,0.16
3034,2021-01-09,PAB,612,326,286,612,0,0,ITH,ITH1,4,Provincia Autonoma Bolzano / Bozen,P.A. Bolzano,533050,183659,34.45,0.11
3035,2021-06-17,PAB,1763,977,786,684,1079,0,ITH,ITH1,4,Provincia Autonoma Bolzano / Bozen,P.A. Bolzano,533050,185422,34.79,0.33
3036,2021-07-06,PAB,1719,924,795,738,981,0,ITH,ITH1,4,Provincia Autonoma Bolzano / Bozen,P.A. Bolzano,533050,187141,35.11,0.32
3037,2021-06-22,PAB,2452,1409,1043,335,2117,0,ITH,ITH1,4,Provincia Autonoma Bolzano / Bozen,P.A. Bolzano,533050,189593,35.57,0.46
3038,2021-03-14,PAB,758,336,422,25,733,0,ITH,ITH1,4,Provincia Autonoma Bolzano / Bozen,P.A. Bolzano,533050,190351,35.71,0.14
3039,2021-04-14,PAB,3593,1645,1948,3488,91,14,ITH,ITH1,4,Provincia Autonoma Bolzano / Bozen,P.A. Bolzano,533050,193944,36.38,0.67
3040,2021-01-04,PAB,508,201,307,508,0,0,ITH,ITH1,4,Provincia Autonoma Bolzano / Bozen,P.A. Bolzano,533050,194452,36.48,0.1
3041,2021-03-02,PAB,695,200,495,692,2,1,ITH,ITH1,4,Provincia Autonoma Bolzano / Bozen,P.A. Bolzano,533050,195147,36.61,0.13
3042,2021-03-19,PAB,1906,773,1133,794,1107,5,ITH,ITH1,4,Provincia Autonoma Bolzano / Bozen,P.A. Bolzano,533050,197053,36.97,0.36
3043,2021-07-01,PAB,4623,2296,2327,1459,3164,0,ITH,ITH1,4,Provincia Autonoma Bolzano / Bozen,P.A. Bolzano,533050,201676,37.83,0.87
3044,2021-01-16,PAB,2840,1265,1575,2840,0,0,ITH,ITH1,4,Provincia Autonoma Bolzano / Bozen,P.A. Bolzano,533050,204516,38.37,0.53
3045,2021-06-10,PAB,4457,2312,2145,1362,3095,0,ITH,ITH1,4,Provincia Autonoma Bolzano / Bozen,P.A. Bolzano,533050,208973,39.2,0.84
3046,2021-04-26,PAB,1543,771,772,1532,5,6,ITH,ITH1,4,Provincia Autonoma Bolzano / Bozen,P.A. Bolzano,533050,210516,39.49,0.29
3047,2021-05-31,PAB,3000,1476,1524,2121,867,12,ITH,ITH1,4,Provincia Autonoma Bolzano / Bozen,P.A. Bolzano,533050,213516,40.06,0.56
3048,2021-01-01,PAB,6,5,1,6,0,0,ITH,ITH1,4,Provincia Autonoma Bolzano / Bozen,P.A. Bolzano,533050,213522,40.06,0.0
3049,2021-06-07,PAB,2951,1537,1414,2632,319,0,ITH,ITH1,4,Provincia Autonoma Bolzano / Bozen,P.A. Bolzano,533050,216473,40.61,0.55
3050,2021-02-27,PAB,2458,759,1699,2445,10,3,ITH,ITH1,4,Provincia Autonoma Bolzano / Bozen,P.A. Bolzano,533050,218931,41.07,0.46
3051,2021-04-25,PAB,3073,1497,1576,2398,672,3,ITH,ITH1,4,Provincia Autonoma Bolzano / Bozen,P.A. Bolzano,533050,222004,41.65,0.58
3052,2021-01-13,PAB,1691,557,1134,1691,0,0,ITH,ITH1,4,Provincia Autonoma Bolzano / Bozen,P.A. Bolzano,533050,223695,41.97,0.32
3053,2021-01-30,PAB,498,245,253,4,494,0,ITH,ITH1,4,Provincia Autonoma Bolzano / Bozen,P.A. Bolzano,533050,224193,42.06,0.09
3054,2021-04-23,PAB,4543,2151,2392,3243,1291,9,ITH,ITH1,4,Provincia Autonoma Bolzano / Bozen,P.A. Bolzano,533050,228736,42.91,0.85
3055,2021-01-02,PAB,91,48,43,91,0,0,ITH,ITH1,4,Provincia Autonoma Bolzano / Bozen,P.A. Bolzano,533050,228827,42.93,0.02
3056,2021-06-26,PAB,4538,2326,2212,1466,3072,0,ITH,ITH1,4,Provincia Autonoma Bolzano / Bozen,P.A. Bolzano,533050,233365,43.78,0.85
3057,2021-03-18,PAB,1302,531,771,226,1076,0,ITH,ITH1,4,Provincia Autonoma Bolzano / Bozen,P.A. Bolzano,533050,234667,44.02,0.24
3058,2021-05-14,PAB,5134,2320,2814,3086,2037,11,ITH,ITH1,4,Provincia Autonoma Bolzano / Bozen,P.A. Bolzano,533050,239801,44.99,0.96
3059,2021-03-16,PAB,1290,532,758,124,1166,0,ITH,ITH1,4,Provincia Autonoma Bolzano / Bozen,P.A. Bolzano,533050,241091,45.23,0.24
3060,2021-05-12,PAB,3792,2058,1734,3621,153,18,ITH,ITH1,4,Provincia Autonoma Bolzano / Bozen,P.A. Bolzano,533050,244883,45.94,0.71
3061,2021-02-01,PAB,1452,440,1012,12,1440,0,ITH,ITH1,4,Provincia Autonoma Bolzano / Bozen,P.A. Bolzano,533050,246335,46.21,0.27
3062,2021-03-04,PAB,1715,1005,710,1481,229,5,ITH,ITH1,4,Provincia Autonoma Bolzano / Bozen,P.A. Bolzano,533050,248050,46.53,0.32
3063,2021-05-26,PAB,4990,2517,2473,2997,1974,19,ITH,ITH1,4,Provincia Autonoma Bolzano / Bozen,P.A. Bolzano,533050,253040,47.47,0.94
3064,2021-02-06,PAB,2627,1172,1455,18,2608,1,ITH,ITH1,4,Provincia Autonoma Bolzano / Bozen,P.A. Bolzano,533050,255667,47.96,0.49
3065,2021-06-21,PAB,3162,1612,1550,295,2867,0,ITH,ITH1,4,Provincia Autonoma Bolzano / Bozen,P.A. Bolzano,533050,258829,48.56,0.59
3066,2021-03-28,PAB,569,212,357,11,558,0,ITH,ITH1,4,Provincia Autonoma Bolzano / Bozen,P.A. Bolzano,533050,259398,48.66,0.11
3067,2021-06-04,PAB,6561,3295,3266,5032,1529,0,ITH,ITH1,4,Provincia Autonoma Bolzano / Bozen,P.A. Bolzano,533050,265959,49.89,1.23
3068,2021-02-24,PAB,1367,406,961,1354,12,1,ITH,ITH1,4,Provincia Autonoma Bolzano / Bozen,P.A. Bolzano,533050,267326,50.15,0.26
3069,2021-02-13,PAB,318,79,239,312,6,0,ITH,ITH1,4,Provincia Autonoma Bolzano / Bozen,P.A. Bolzano,533050,267644,50.21,0.06
3070,2021-04-11,PAB,2724,1294,1430,2543,177,4,ITH,ITH1,4,Provincia Autonoma Bolzano / Bozen,P.A. Bolzano,533050,270368,50.72,0.51
3071,2021-05-24,PAB,1454,766,688,1103,333,18,ITH,ITH1,4,Provincia Autonoma Bolzano / Bozen,P.A. Bolzano,533050,271822,50.99,0.27
3072,2021-02-20,PAB,1802,540,1262,1784,18,0,ITH,ITH1,4,Provincia Autonoma Bolzano / Bozen,P.A. Bolzano,533050,273624,51.33,0.34
3073,2021-04-18,PAB,3110,1607,1503,2099,1010,1,ITH,ITH1,4,Provincia Autonoma Bolzano / Bozen,P.A. Bolzano,533050,276734,51.92,0.58
3074,2021-04-02,PAB,2077,837,1240,718,1357,2,ITH,ITH1,4,Provincia Autonoma Bolzano / Bozen,P.A. Bolzano,533050,278811,52.3,0.39
3075,2021-05-29,PAB,7316,3893,3423,4150,3139,27,ITH,ITH1,4,Provincia Autonoma Bolzano / Bozen,P.A. Bolzano,533050,286127,53.68,1.37
3076,2021-03-26,PAB,1657,733,924,523,1134,0,ITH,ITH1,4,Provincia Autonoma Bolzano / Bozen,P.A. Bolzano,533050,287784,53.99,0.31
3077,2021-04-09,PAB,2937,1301,1636,2200,730,7,ITH,ITH1,4,Provincia Autonoma Bolzano / Bozen,P.A. Bolzano,533050,290721,54.54,0.55
3078,2021-05-22,PAB,6832,3562,3270,4632,2166,34,ITH,ITH1,4,Provincia Autonoma Bolzano / Bozen,P.A. Bolzano,533050,297553,55.82,1.28
3079,2021-02-11,PAB,1094,432,662,239,855,0,ITH,ITH1,4,Provincia Autonoma Bolzano / Bozen,P.A. Bolzano,533050,298647,56.03,0.21
3080,2021-01-11,PAB,1574,513,1061,1574,0,0,ITH,ITH1,4,Provincia Autonoma Bolzano / Bozen,P.A. Bolzano,533050,300221,56.32,0.3
3081,2021-07-15,PAB,1827,976,851,389,1438,0,ITH,ITH1,4,Provincia Autonoma Bolzano / Bozen,P.A. Bolzano,533050,302048,56.66,0.34
3082,2021-04-06,PAB,2250,1118,1132,2146,103,1,ITH,ITH1,4,Provincia Autonoma Bolzano / Bozen,P.A. Bolzano,533050,304298,57.09,0.42
3083,2021-07-10,PAB,5764,2971,2793,1030,4734,0,ITH,ITH1,4,Provincia Autonoma Bolzano / Bozen,P.A. Bolzano,533050,310062,58.17,1.08
3084,2021-01-18,PAB,1772,687,1085,1767,5,0,ITH,ITH1,4,Provincia Autonoma Bolzano / Bozen,P.A. Bolzano,533050,311834,58.5,0.33
3085,2021-05-07,PAB,4194,2062,2132,3650,528,16,ITH,ITH1,4,Provincia Autonoma Bolzano / Bozen,P.A. Bolzano,533050,316028,59.29,0.79
3086,2021-07-03,PAB,5632,2790,2842,1072,4560,0,ITH,ITH1,4,Provincia Autonoma Bolzano / Bozen,P.A. Bolzano,533050,321660,60.34,1.06
3087,2021-05-05,PAB,4155,1945,2210,2026,2116,13,ITH,ITH1,4,Provincia Autonoma Bolzano / Bozen,P.A. Bolzano,533050,325815,61.12,0.78
3088,2021-01-25,PAB,487,183,304,3,484,0,ITH,ITH1,4,Provincia Autonoma Bolzano / Bozen,P.A. Bolzano,533050,326302,61.21,0.09
3089,2021-03-23,PAB,1555,760,795,1554,1,0,ITH,ITH1,4,Provincia Autonoma Bolzano / Bozen,P.A. Bolzano,533050,327857,61.51,0.29
3090,2021-04-01,PAB,2787,1407,1380,2638,144,5,ITH,ITH1,4,Provincia Autonoma Bolzano / Bozen,P.A. Bolzano,533050,330644,62.03,0.52
3091,2021-03-27,PAB,3051,1554,1497,1543,1508,0,ITH,ITH1,4,Provincia Autonoma Bolzano / Bozen,P.A. Bolzano,533050,333695,62.6,0.57
3092,2021-03-13,PAB,2885,1459,1426,2782,101,2,ITH,ITH1,4,Provincia Autonoma Bolzano / Bozen,P.A. Bolzano,533050,336580,63.14,0.54
3093,2021-02-05,PAB,3195,1181,2014,8,3187,0,ITH,ITH1,4,Provincia Autonoma Bolzano / Bozen,P.A. Bolzano,533050,339775,63.74,0.6
3094,2021-04-15,PAB,4399,2307,2092,4116,263,20,ITH,ITH1,4,Provincia Autonoma Bolzano / Bozen,P.A. Bolzano,533050,344174,64.57,0.83
3095,2021-06-14,PAB,2962,1606,1356,605,2357,0,ITH,ITH1,4,Provincia Autonoma Bolzano / Bozen,P.A. Bolzano,533050,347136,65.12,0.56
3096,2021-02-15,PAB,72,42,30,26,46,0,ITH,ITH1,4,Provincia Autonoma Bolzano / Bozen,P.A. Bolzano,533050,347208,65.14,0.01
3097,2021-05-11,PAB,2844,1335,1509,1310,1522,12,ITH,ITH1,4,Provincia Autonoma Bolzano / Bozen,P.A. Bolzano,533050,350052,65.67,0.53
3098,2021-01-15,PAB,3282,1228,2054,3282,0,0,ITH,ITH1,4,Provincia Autonoma Bolzano / Bozen,P.A. Bolzano,533050,353334,66.29,0.62
3099,2021-06-18,PAB,4157,2162,1995,1258,2899,0,ITH,ITH1,4,Provincia Autonoma Bolzano / Bozen,P.A. Bolzano,533050,357491,67.07,0.78
3100,2021-01-08,PAB,1521,479,1042,1521,0,0,ITH,ITH1,4,Provincia Autonoma Bolzano / Bozen,P.A. Bolzano,533050,359012,67.35,0.29
3101,2021-05-02,PAB,2457,1288,1169,1531,921,5,ITH,ITH1,4,Provincia Autonoma Bolzano / Bozen,P.A. Bolzano,533050,361469,67.81,0.46
3102,2021-01-22,PAB,248,143,105,124,124,0,ITH,ITH1,4,Provincia Autonoma Bolzano / Bozen,P.A. Bolzano,533050,361717,67.86,0.05
3103,2021-04-08,PAB,2767,1347,1420,2561,204,2,ITH,ITH1,4,Provincia Autonoma Bolzano / Bozen,P.A. Bolzano,533050,364484,68.38,0.52
3104,2020-12-27,PAB,144,65,79,144,0,0,ITH,ITH1,4,Provincia Autonoma Bolzano / Bozen,P.A. Bolzano,533050,364628,68.4,0.03
3105,2021-06-30,PAB,3060,1564,1496,456,2604,0,ITH,ITH1,4,Provincia Autonoma Bolzano / Bozen,P.A. Bolzano,533050,367688,68.98,0.57
3106,2021-06-11,PAB,5783,2974,2809,2304,3479,0,ITH,ITH1,4,Provincia Autonoma Bolzano / Bozen,P.A. Bolzano,533050,373471,70.06,1.08
3107,2021-03-20,PAB,1758,849,909,1132,625,1,ITH,ITH1,4,Provincia Autonoma Bolzano / Bozen,P.A. Bolzano,533050,375229,70.39,0.33
3108,2021-07-05,PAB,2933,1406,1527,950,1983,0,ITH,ITH1,4,Provincia Autonoma Bolzano / Bozen,P.A. Bolzano,533050,378162,70.94,0.55
3109,2021-05-30,PAB,4764,2516,2248,749,4012,3,ITH,ITH1,4,Provincia Autonoma Bolzano / Bozen,P.A. Bolzano,533050,382926,71.84,0.89
3110,2021-07-12,PAB,3528,1753,1775,287,3241,0,ITH,ITH1,4,Provincia Autonoma Bolzano / Bozen,P.A. Bolzano,533050,386454,72.5,0.66
3111,2021-04-03,PAB,831,364,467,20,810,1,ITH,ITH1,4,Provincia Autonoma Bolzano / Bozen,P.A. Bolzano,533050,387285,72.65,0.16
3112,2021-03-25,PAB,2151,1063,1088,1707,443,1,ITH,ITH1,4,Provincia Autonoma Bolzano / Bozen,P.A. Bolzano,533050,389436,73.06,0.4
3113,2021-01-27,PAB,85,29,56,2,83,0,ITH,ITH1,4,Provincia Autonoma Bolzano / Bozen,P.A. Bolzano,533050,389521,73.07,0.02
3114,2021-03-09,PAB,1194,543,651,1192,2,0,ITH,ITH1,4,Provincia Autonoma Bolzano / Bozen,P.A. Bolzano,533050,390715,73.3,0.22
3115,2021-05-23,PAB,4338,2303,2035,4311,8,19,ITH,ITH1,4,Provincia Autonoma Bolzano / Bozen,P.A. Bolzano,533050,395053,74.11,0.81
3116,2021-02-03,PAB,1503,478,1025,5,1498,0,ITH,ITH1,4,Provincia Autonoma Bolzano / Bozen,P.A. Bolzano,533050,396556,74.39,0.28
3117,2021-02-10,PAB,1636,605,1031,26,1610,0,ITH,ITH1,4,Provincia Autonoma Bolzano / Bozen,P.A. Bolzano,533050,398192,74.7,0.31
3118,2021-05-21,PAB,6948,3819,3129,5067,1846,35,ITH,ITH1,4,Provincia Autonoma Bolzano / Bozen,P.A. Bolzano,533050,405140,76.0,1.3
3119,2021-01-29,PAB,1497,510,987,24,1473,0,ITH,ITH1,4,Provincia Autonoma Bolzano / Bozen,P.A. Bolzano,533050,406637,76.28,0.28
3120,2021-04-22,PAB,2924,1501,1423,1975,942,7,ITH,ITH1,4,Provincia Autonoma Bolzano / Bozen,P.A. Bolzano,533050,409561,76.83,0.55
3121,2021-05-09,PAB,4241,2410,1831,3084,1152,5,ITH,ITH1,4,Provincia Autonoma Bolzano / Bozen,P.A. Bolzano,533050,413802,77.63,0.8
3122,2021-03-06,PAB,3973,2081,1892,3758,211,4,ITH,ITH1,4,Provincia Autonoma Bolzano / Bozen,P.A. Bolzano,533050,417775,78.37,0.75
3123,2021-05-28,PAB,6891,3610,3281,4985,1890,16,ITH,ITH1,4,Provincia Autonoma Bolzano / Bozen,P.A. Bolzano,533050,424666,79.67,1.29
3124,2021-02-17,PAB,156,51,105,139,17,0,ITH,ITH1,4,Provincia Autonoma Bolzano / Bozen,P.A. Bolzano,533050,424822,79.7,0.03
3125,2021-02-18,PAB,1839,457,1382,1832,7,0,ITH,ITH1,4,Provincia Autonoma Bolzano / Bozen,P.A. Bolzano,533050,426661,80.04,0.34
3126,2021-05-16,PAB,2025,932,1093,1329,692,4,ITH,ITH1,4,Provincia Autonoma Bolzano / Bozen,P.A. Bolzano,533050,428686,80.42,0.38
3127,2021-06-28,PAB,4607,2304,2303,240,4367,0,ITH,ITH1,4,Provincia Autonoma Bolzano / Bozen,P.A. Bolzano,533050,433293,81.29,0.86
3128,2020-12-30,PAB,388,182,206,388,0,0,ITH,ITH1,4,Provincia Autonoma Bolzano / Bozen,P.A. Bolzano,533050,433681,81.36,0.07
3129,2021-06-09,PAB,3813,1898,1915,1338,2475,0,ITH,ITH1,4,Provincia Autonoma Bolzano / Bozen,P.A. Bolzano,533050,437494,82.07,0.72
3130,2021-03-01,PAB,922,221,701,918,1,3,ITH,ITH1,4,Provincia Autonoma Bolzano / Bozen,P.A. Bolzano,533050,438416,82.25,0.17
3131,2021-03-15,PAB,1192,451,741,710,482,0,ITH,ITH1,4,Provincia Autonoma Bolzano / Bozen,P.A. Bolzano,533050,439608,82.47,0.22
3132,2021-04-27,PAB,2226,1013,1213,1146,1077,3,ITH,ITH1,4,Provincia Autonoma Bolzano / Bozen,P.A. Bolzano,533050,441834,82.89,0.42
3133,2021-01-17,PAB,2328,1044,1284,2317,11,0,ITH,ITH1,4,Provincia Autonoma Bolzano / Bozen,P.A. Bolzano,533050,444162,83.32,0.44
3134,2021-06-23,PAB,1149,592,557,384,765,0,ITH,ITH1,4,Provincia Autonoma Bolzano / Bozen,P.A. Bolzano,533050,445311,83.54,0.22
3135,2021-04-20,PAB,1562,784,778,1558,2,2,ITH,ITH1,4,Provincia Autonoma Bolzano / Bozen,P.A. Bolzano,533050,446873,83.83,0.29
3136,2021-01-10,PAB,2,2,0,2,0,0,ITH,ITH1,4,Provincia Autonoma Bolzano / Bozen,P.A. Bolzano,533050,446875,83.83,0.0
3137,2021-06-16,PAB,3812,2018,1794,9,3803,0,ITH,ITH1,4,Provincia Autonoma Bolzano / Bozen,P.A. Bolzano,533050,450687,84.55,0.72
3138,2021-03-08,PAB,1210,534,676,1183,27,0,ITH,ITH1,4,Provincia Autonoma Bolzano / Bozen,P.A. Bolzano,533050,451897,84.78,0.23
3139,2021-05-04,PAB,3449,1843,1606,2400,1037,12,ITH,ITH1,4,Provincia Autonoma Bolzano / Bozen,P.A. Bolzano,533050,455346,85.42,0.65
3140,2021-01-21,PAB,953,442,511,139,814,0,ITH,ITH1,4,Provincia Autonoma Bolzano / Bozen,P.A. Bolzano,533050,456299,85.6,0.18
3141,2021-06-05,PAB,6080,3030,3050,4984,1096,0,ITH,ITH1,4,Provincia Autonoma Bolzano / Bozen,P.A. Bolzano,533050,462379,86.74,1.14
3142,2021-04-30,PAB,3342,1594,1748,1559,1776,7,ITH,ITH1,4,Provincia Autonoma Bolzano / Bozen,P.A. Bolzano,533050,465721,87.37,0.63
3143,2021-01-20,PAB,618,253,365,410,208,0,ITH,ITH1,4,Provincia Autonoma Bolzano / Bozen,P.A. Bolzano,533050,466339,87.49,0.12
3144,2021-01-06,PAB,59,18,41,59,0,0,ITH,ITH1,4,Provincia Autonoma Bolzano / Bozen,P.A. Bolzano,533050,466398,87.5,0.01
3145,2021-03-30,PAB,1299,532,767,219,1080,0,ITH,ITH1,4,Provincia Autonoma Bolzano / Bozen,P.A. Bolzano,533050,467697,87.74,0.24
3146,2021-04-16,PAB,2951,1419,1532,2437,511,3,ITH,ITH1,4,Provincia Autonoma Bolzano / Bozen,P.A. Bolzano,533050,470648,88.29,0.55
3147,2021-07-08,PAB,5418,2738,2680,554,4864,0,ITH,ITH1,4,Provincia Autonoma Bolzano / Bozen,P.A. Bolzano,533050,476066,89.31,1.02
3148,2021-06-19,PAB,5660,3014,2646,627,5033,0,ITH,ITH1,4,Provincia Autonoma Bolzano / Bozen,P.A. Bolzano,533050,481726,90.37,1.06
3149,2021-03-11,PAB,1685,825,860,1136,538,11,ITH,ITH1,4,Provincia Autonoma Bolzano / Bozen,P.A. Bolzano,533050,483411,90.69,0.32
3150,2021-02-25,PAB,1498,549,949,1496,1,1,ITH,ITH1,4,Provincia Autonoma Bolzano / Bozen,P.A. Bolzano,533050,484909,90.97,0.28
3151,2021-06-02,PAB,1452,814,638,995,457,0,ITH,ITH1,4,Provincia Autonoma Bolzano / Bozen,P.A. Bolzano,533050,486361,91.24,0.27
3152,2021-02-08,PAB,2,1,1,1,1,0,ITH,ITH1,4,Provincia Autonoma Bolzano / Bozen,P.A. Bolzano,533050,486363,91.24,0.0
3153,2021-05-19,PAB,3849,1976,1873,2055,1786,8,ITH,ITH1,4,Provincia Autonoma Bolzano / Bozen,P.A. Bolzano,533050,490212,91.96,0.72
3154,2021-01-03,PAB,41,16,25,41,0,0,ITH,ITH1,4,Provincia Autonoma Bolzano / Bozen,P.A. Bolzano,533050,490253,91.97,0.01
3155,2021-04-13,PAB,2394,1132,1262,2385,7,2,ITH,ITH1,4,Provincia Autonoma Bolzano / Bozen,P.A. Bolzano,533050,492647,92.42,0.45
3156,2021-02-22,PAB,526,143,383,514,12,0,ITH,ITH1,4,Provincia Autonoma Bolzano / Bozen,P.A. Bolzano,533050,493173,92.52,0.1
3157,2021-07-07,PAB,1978,1026,952,644,1334,0,ITH,ITH1,4,Provincia Autonoma Bolzano / Bozen,P.A. Bolzano,533050,495151,92.89,0.37
3158,2021-04-15,VDA,810,377,433,638,139,33,ITC,ITC2,2,Valle d'Aosta / Vallée d'Aoste,Valle d'Aosta,125666,810,0.64,0.64
3159,2021-07-07,VDA,792,439,353,413,362,17,ITC,ITC2,2,Valle d'Aosta / Vallée d'Aoste,Valle d'Aosta,125666,1602,1.27,0.63
3160,2021-05-02,VDA,765,345,420,581,160,24,ITC,ITC2,2,Valle d'Aosta / Vallée d'Aoste,Valle d'Aosta,125666,2367,1.88,0.61
3161,2021-01-22,VDA,56,21,35,20,36,0,ITC,ITC2,2,Valle d'Aosta / Vallée d'Aoste,Valle d'Aosta,125666,2423,1.93,0.04
3162,2021-01-08,VDA,299,130,169,299,0,0,ITC,ITC2,2,Valle d'Aosta / Vallée d'Aoste,Valle d'Aosta,125666,2722,2.17,0.24
3163,2021-03-06,VDA,22,4,18,18,0,4,ITC,ITC2,2,Valle d'Aosta / Vallée d'Aoste,Valle d'Aosta,125666,2744,2.18,0.02
3164,2021-05-30,VDA,865,429,436,682,171,12,ITC,ITC2,2,Valle d'Aosta / Vallée d'Aoste,Valle d'Aosta,125666,3609,2.87,0.69
3165,2021-05-28,VDA,975,414,561,544,412,19,ITC,ITC2,2,Valle d'Aosta / Vallée d'Aoste,Valle d'Aosta,125666,4584,3.65,0.78
3166,2021-02-17,VDA,327,144,183,223,100,4,ITC,ITC2,2,Valle d'Aosta / Vallée d'Aoste,Valle d'Aosta,125666,4911,3.91,0.26
3167,2021-07-12,VDA,978,483,495,239,731,8,ITC,ITC2,2,Valle d'Aosta / Vallée d'Aoste,Valle d'Aosta,125666,5889,4.69,0.78
3168,2021-04-03,VDA,676,341,335,649,15,12,ITC,ITC2,2,Valle d'Aosta / Vallée d'Aoste,Valle d'Aosta,125666,6565,5.22,0.54
3169,2021-03-20,VDA,208,86,122,167,36,5,ITC,ITC2,2,Valle d'Aosta / Vallée d'Aoste,Valle d'Aosta,125666,6773,5.39,0.17
3170,2021-06-28,VDA,986,496,490,326,657,3,ITC,ITC2,2,Valle d'Aosta / Vallée d'Aoste,Valle d'Aosta,125666,7759,6.17,0.78
3171,2021-06-11,VDA,1047,483,564,756,283,8,ITC,ITC2,2,Valle d'Aosta / Vallée d'Aoste,Valle d'Aosta,125666,8806,7.01,0.83
3172,2021-05-23,VDA,999,465,534,652,341,6,ITC,ITC2,2,Valle d'Aosta / Vallée d'Aoste,Valle d'Aosta,125666,9805,7.8,0.79
3173,2021-01-29,VDA,318,138,180,2,316,0,ITC,ITC2,2,Valle d'Aosta / Vallée d'Aoste,Valle d'Aosta,125666,10123,8.06,0.25
3174,2021-02-05,VDA,294,102,192,101,193,0,ITC,ITC2,2,Valle d'Aosta / Vallée d'Aoste,Valle d'Aosta,125666,10417,8.29,0.23
3175,2021-02-22,VDA,316,94,222,210,103,3,ITC,ITC2,2,Valle d'Aosta / Vallée d'Aoste,Valle d'Aosta,125666,10733,8.54,0.25
3176,2021-05-16,VDA,688,341,347,338,341,9,ITC,ITC2,2,Valle d'Aosta / Vallée d'Aoste,Valle d'Aosta,125666,11421,9.09,0.55
3177,2021-02-03,VDA,351,114,237,14,337,0,ITC,ITC2,2,Valle d'Aosta / Vallée d'Aoste,Valle d'Aosta,125666,11772,9.37,0.28
3178,2021-04-01,VDA,777,394,383,746,12,19,ITC,ITC2,2,Valle d'Aosta / Vallée d'Aoste,Valle d'Aosta,125666,12549,9.99,0.62
3179,2021-03-08,VDA,485,233,252,237,245,3,ITC,ITC2,2,Valle d'Aosta / Vallée d'Aoste,Valle d'Aosta,125666,13034,10.37,0.39
3180,2021-05-04,VDA,1135,510,625,434,673,28,ITC,ITC2,2,Valle d'Aosta / Vallée d'Aoste,Valle d'Aosta,125666,14169,11.28,0.9
3181,2021-06-16,VDA,683,365,318,638,41,4,ITC,ITC2,2,Valle d'Aosta / Vallée d'Aoste,Valle d'Aosta,125666,14852,11.82,0.54
3182,2021-03-15,VDA,362,123,239,150,203,9,ITC,ITC2,2,Valle d'Aosta / Vallée d'Aoste,Valle d'Aosta,125666,15214,12.11,0.29
3183,2021-05-11,VDA,647,325,322,468,151,28,ITC,ITC2,2,Valle d'Aosta / Vallée d'Aoste,Valle d'Aosta,125666,15861,12.62,0.51
3184,2021-04-27,VDA,978,423,555,650,292,36,ITC,ITC2,2,Valle d'Aosta / Vallée d'Aoste,Valle d'Aosta,125666,16839,13.4,0.78
3185,2021-01-17,VDA,131,56,75,131,0,0,ITC,ITC2,2,Valle d'Aosta / Vallée d'Aoste,Valle d'Aosta,125666,16970,13.5,0.1
3186,2021-06-23,VDA,1043,551,492,423,616,4,ITC,ITC2,2,Valle d'Aosta / Vallée d'Aoste,Valle d'Aosta,125666,18013,14.33,0.83
3187,2021-01-27,VDA,151,71,80,79,72,0,ITC,ITC2,2,Valle d'Aosta / Vallée d'Aoste,Valle d'Aosta,125666,18164,14.45,0.12
3188,2021-04-20,VDA,933,430,503,707,194,32,ITC,ITC2,2,Valle d'Aosta / Vallée d'Aoste,Valle d'Aosta,125666,19097,15.2,0.74
3189,2021-01-10,VDA,220,71,149,208,0,12,ITC,ITC2,2,Valle d'Aosta / Vallée d'Aoste,Valle d'Aosta,125666,19317,15.37,0.18
3190,2020-12-27,VDA,20,9,11,20,0,0,ITC,ITC2,2,Valle d'Aosta / Vallée d'Aoste,Valle d'Aosta,125666,19337,15.39,0.02
3191,2021-03-13,VDA,147,88,59,141,0,6,ITC,ITC2,2,Valle d'Aosta / Vallée d'Aoste,Valle d'Aosta,125666,19484,15.5,0.12
3192,2021-01-15,VDA,218,82,136,218,0,0,ITC,ITC2,2,Valle d'Aosta / Vallée d'Aoste,Valle d'Aosta,125666,19702,15.68,0.17
3193,2021-04-13,VDA,373,171,202,311,44,18,ITC,ITC2,2,Valle d'Aosta / Vallée d'Aoste,Valle d'Aosta,125666,20075,15.97,0.3
3194,2021-07-05,VDA,834,355,479,312,508,14,ITC,ITC2,2,Valle d'Aosta / Vallée d'Aoste,Valle d'Aosta,125666,20909,16.64,0.66
3195,2021-03-27,VDA,333,164,169,289,31,13,ITC,ITC2,2,Valle d'Aosta / Vallée d'Aoste,Valle d'Aosta,125666,21242,16.9,0.26
3196,2021-06-18,VDA,998,443,555,589,399,10,ITC,ITC2,2,Valle d'Aosta / Vallée d'Aoste,Valle d'Aosta,125666,22240,17.7,0.79
3197,2021-02-10,VDA,248,77,171,141,107,0,ITC,ITC2,2,Valle d'Aosta / Vallée d'Aoste,Valle d'Aosta,125666,22488,17.9,0.2
3198,2021-03-25,VDA,389,154,235,364,10,15,ITC,ITC2,2,Valle d'Aosta / Vallée d'Aoste,Valle d'Aosta,125666,22877,18.2,0.31
3199,2021-05-21,VDA,917,433,484,515,386,16,ITC,ITC2,2,Valle d'Aosta / Vallée d'Aoste,Valle d'Aosta,125666,23794,18.93,0.73
3200,2021-04-17,VDA,638,407,231,593,2,43,ITC,ITC2,2,Valle d'Aosta / Vallée d'Aoste,Valle d'Aosta,125666,24432,19.44,0.51
3201,2021-01-07,VDA,276,111,165,276,0,0,ITC,ITC2,2,Valle d'Aosta / Vallée d'Aoste,Valle d'Aosta,125666,24708,19.66,0.22
3202,2021-02-19,VDA,292,102,190,266,24,2,ITC,ITC2,2,Valle d'Aosta / Vallée d'Aoste,Valle d'Aosta,125666,25000,19.89,0.23
3203,2021-04-22,VDA,1068,450,618,652,383,33,ITC,ITC2,2,Valle d'Aosta / Vallée d'Aoste,Valle d'Aosta,125666,26068,20.74,0.85
3204,2021-05-09,VDA,574,287,287,425,130,19,ITC,ITC2,2,Valle d'Aosta / Vallée d'Aoste,Valle d'Aosta,125666,26642,21.2,0.46
3205,2021-03-17,VDA,433,185,248,259,160,14,ITC,ITC2,2,Valle d'Aosta / Vallée d'Aoste,Valle d'Aosta,125666,27075,21.55,0.34
3206,2021-03-03,VDA,255,118,137,182,68,5,ITC,ITC2,2,Valle d'Aosta / Vallée d'Aoste,Valle d'Aosta,125666,27330,21.75,0.2
3207,2021-06-04,VDA,908,383,525,470,433,5,ITC,ITC2,2,Valle d'Aosta / Vallée d'Aoste,Valle d'Aosta,125666,28238,22.47,0.72
3208,2021-01-19,VDA,256,77,179,256,0,0,ITC,ITC2,2,Valle d'Aosta / Vallée d'Aoste,Valle d'Aosta,125666,28494,22.67,0.2
3209,2021-02-24,VDA,183,82,101,162,19,2,ITC,ITC2,2,Valle d'Aosta / Vallée d'Aoste,Valle d'Aosta,125666,28677,22.82,0.15
3210,2021-04-08,VDA,584,282,302,420,143,21,ITC,ITC2,2,Valle d'Aosta / Vallée d'Aoste,Valle d'Aosta,125666,29261,23.28,0.46
3211,2021-06-13,VDA,852,400,452,371,478,3,ITC,ITC2,2,Valle d'Aosta / Vallée d'Aoste,Valle d'Aosta,125666,30113,23.96,0.68
3212,2021-06-08,VDA,712,356,356,675,33,4,ITC,ITC2,2,Valle d'Aosta / Vallée d'Aoste,Valle d'Aosta,125666,30825,24.53,0.57
3213,2021-06-09,VDA,1027,535,492,983,36,8,ITC,ITC2,2,Valle d'Aosta / Vallée d'Aoste,Valle d'Aosta,125666,31852,25.35,0.82
3214,2021-03-01,VDA,181,66,115,139,34,8,ITC,ITC2,2,Valle d'Aosta / Vallée d'Aoste,Valle d'Aosta,125666,32033,25.49,0.14
3215,2021-02-15,VDA,264,136,128,225,35,4,ITC,ITC2,2,Valle d'Aosta / Vallée d'Aoste,Valle d'Aosta,125666,32297,25.7,0.21
3216,2021-06-30,VDA,1117,542,575,415,692,10,ITC,ITC2,2,Valle d'Aosta / Vallée d'Aoste,Valle d'Aosta,125666,33414,26.59,0.89
3217,2021-01-31,VDA,291,91,200,58,233,0,ITC,ITC2,2,Valle d'Aosta / Vallée d'Aoste,Valle d'Aosta,125666,33705,26.82,0.23
3218,2021-03-31,VDA,555,302,253,511,26,18,ITC,ITC2,2,Valle d'Aosta / Vallée d'Aoste,Valle d'Aosta,125666,34260,27.26,0.44
3219,2021-05-27,VDA,1089,497,592,574,503,12,ITC,ITC2,2,Valle d'Aosta / Vallée d'Aoste,Valle d'Aosta,125666,35349,28.13,0.87
3220,2021-05-13,VDA,1139,556,583,515,599,25,ITC,ITC2,2,Valle d'Aosta / Vallée d'Aoste,Valle d'Aosta,125666,36488,29.04,0.91
3221,2021-02-02,VDA,273,70,203,2,271,0,ITC,ITC2,2,Valle d'Aosta / Vallée d'Aoste,Valle d'Aosta,125666,36761,29.25,0.22
3222,2021-07-09,VDA,945,446,499,280,656,9,ITC,ITC2,2,Valle d'Aosta / Vallée d'Aoste,Valle d'Aosta,125666,37706,30.0,0.75
3223,2021-06-25,VDA,977,445,532,322,653,2,ITC,ITC2,2,Valle d'Aosta / Vallée d'Aoste,Valle d'Aosta,125666,38683,30.78,0.78
3224,2021-05-20,VDA,807,363,444,357,440,10,ITC,ITC2,2,Valle d'Aosta / Vallée d'Aoste,Valle d'Aosta,125666,39490,31.42,0.64
3225,2021-07-02,VDA,866,383,483,301,560,5,ITC,ITC2,2,Valle d'Aosta / Vallée d'Aoste,Valle d'Aosta,125666,40356,32.11,0.69
3226,2021-03-24,VDA,515,230,285,255,257,3,ITC,ITC2,2,Valle d'Aosta / Vallée d'Aoste,Valle d'Aosta,125666,40871,32.52,0.41
3227,2021-05-06,VDA,1075,512,563,657,384,34,ITC,ITC2,2,Valle d'Aosta / Vallée d'Aoste,Valle d'Aosta,125666,41946,33.38,0.86
3228,2021-03-29,VDA,493,233,260,448,40,5,ITC,ITC2,2,Valle d'Aosta / Vallée d'Aoste,Valle d'Aosta,125666,42439,33.77,0.39
3229,2021-06-20,VDA,1131,545,586,477,644,10,ITC,ITC2,2,Valle d'Aosta / Vallée d'Aoste,Valle d'Aosta,125666,43570,34.67,0.9
3230,2021-03-12,VDA,531,175,356,291,226,14,ITC,ITC2,2,Valle d'Aosta / Vallée d'Aoste,Valle d'Aosta,125666,44101,35.09,0.42
3231,2021-03-10,VDA,438,183,255,220,213,5,ITC,ITC2,2,Valle d'Aosta / Vallée d'Aoste,Valle d'Aosta,125666,44539,35.44,0.35
3232,2021-02-21,VDA,18,3,15,0,18,0,ITC,ITC2,2,Valle d'Aosta / Vallée d'Aoste,Valle d'Aosta,125666,44557,35.46,0.01
3233,2021-06-01,VDA,871,469,402,510,353,8,ITC,ITC2,2,Valle d'Aosta / Vallée d'Aoste,Valle d'Aosta,125666,45428,36.15,0.69
3234,2021-01-05,VDA,150,54,96,150,0,0,ITC,ITC2,2,Valle d'Aosta / Vallée d'Aoste,Valle d'Aosta,125666,45578,36.27,0.12
3235,2021-01-14,VDA,237,69,168,237,0,0,ITC,ITC2,2,Valle d'Aosta / Vallée d'Aoste,Valle d'Aosta,125666,45815,36.46,0.19
3236,2021-04-24,VDA,722,400,322,533,167,22,ITC,ITC2,2,Valle d'Aosta / Vallée d'Aoste,Valle d'Aosta,125666,46537,37.03,0.57
3237,2021-04-19,VDA,752,325,427,520,209,23,ITC,ITC2,2,Valle d'Aosta / Vallée d'Aoste,Valle d'Aosta,125666,47289,37.63,0.6
3238,2021-01-26,VDA,140,49,91,0,140,0,ITC,ITC2,2,Valle d'Aosta / Vallée d'Aoste,Valle d'Aosta,125666,47429,37.74,0.11
3239,2021-02-12,VDA,263,96,167,216,46,1,ITC,ITC2,2,Valle d'Aosta / Vallée d'Aoste,Valle d'Aosta,125666,47692,37.95,0.21
3240,2021-01-12,VDA,302,72,230,302,0,0,ITC,ITC2,2,Valle d'Aosta / Vallée d'Aoste,Valle d'Aosta,125666,47994,38.19,0.24
3241,2021-04-12,VDA,486,186,300,306,163,17,ITC,ITC2,2,Valle d'Aosta / Vallée d'Aoste,Valle d'Aosta,125666,48480,38.58,0.39
3242,2021-04-29,VDA,1291,634,657,736,534,21,ITC,ITC2,2,Valle d'Aosta / Vallée d'Aoste,Valle d'Aosta,125666,49771,39.61,1.03
3243,2021-07-04,VDA,1191,530,661,336,840,15,ITC,ITC2,2,Valle d'Aosta / Vallée d'Aoste,Valle d'Aosta,125666,50962,40.55,0.95
3244,2021-05-18,VDA,970,484,486,349,617,4,ITC,ITC2,2,Valle d'Aosta / Vallée d'Aoste,Valle d'Aosta,125666,51932,41.33,0.77
3245,2021-02-07,VDA,292,120,172,190,102,0,ITC,ITC2,2,Valle d'Aosta / Vallée d'Aoste,Valle d'Aosta,125666,52224,41.56,0.23
3246,2021-02-26,VDA,207,58,149,108,85,14,ITC,ITC2,2,Valle d'Aosta / Vallée d'Aoste,Valle d'Aosta,125666,52431,41.72,0.16
3247,2021-04-10,VDA,404,190,214,387,5,12,ITC,ITC2,2,Valle d'Aosta / Vallée d'Aoste,Valle d'Aosta,125666,52835,42.04,0.32
3248,2020-12-31,VDA,18,4,14,18,0,0,ITC,ITC2,2,Valle d'Aosta / Vallée d'Aoste,Valle d'Aosta,125666,52853,42.06,0.01
3249,2021-06-06,VDA,1160,582,578,782,373,5,ITC,ITC2,2,Valle d'Aosta / Vallée d'Aoste,Valle d'Aosta,125666,54013,42.98,0.92
3250,2021-06-15,VDA,876,479,397,608,255,13,ITC,ITC2,2,Valle d'Aosta / Vallée d'Aoste,Valle d'Aosta,125666,54889,43.68,0.7
3251,2021-03-05,VDA,276,124,152,52,223,1,ITC,ITC2,2,Valle d'Aosta / Vallée d'Aoste,Valle d'Aosta,125666,55165,43.9,0.22
3252,2021-02-16,VDA,326,53,273,309,6,11,ITC,ITC2,2,Valle d'Aosta / Vallée d'Aoste,Valle d'Aosta,125666,55491,44.16,0.26
3253,2021-02-23,VDA,216,123,93,215,0,1,ITC,ITC2,2,Valle d'Aosta / Vallée d'Aoste,Valle d'Aosta,125666,55707,44.33,0.17
3254,2021-06-03,VDA,1306,667,639,884,410,12,ITC,ITC2,2,Valle d'Aosta / Vallée d'Aoste,Valle d'Aosta,125666,57013,45.37,1.04
3255,2021-05-17,VDA,809,417,392,367,434,8,ITC,ITC2,2,Valle d'Aosta / Vallée d'Aoste,Valle d'Aosta,125666,57822,46.01,0.64
3256,2021-01-16,VDA,237,80,157,237,0,0,ITC,ITC2,2,Valle d'Aosta / Vallée d'Aoste,Valle d'Aosta,125666,58059,46.2,0.19
3257,2021-06-22,VDA,1189,666,523,529,648,12,ITC,ITC2,2,Valle d'Aosta / Vallée d'Aoste,Valle d'Aosta,125666,59248,47.15,0.95
3258,2021-03-14,VDA,392,200,192,373,0,19,ITC,ITC2,2,Valle d'Aosta / Vallée d'Aoste,Valle d'Aosta,125666,59640,47.46,0.31
3259,2021-04-26,VDA,715,327,388,512,170,33,ITC,ITC2,2,Valle d'Aosta / Vallée d'Aoste,Valle d'Aosta,125666,60355,48.03,0.57
3260,2021-07-01,VDA,962,473,489,328,621,13,ITC,ITC2,2,Valle d'Aosta / Vallée d'Aoste,Valle d'Aosta,125666,61317,48.79,0.77
3261,2021-05-01,VDA,940,563,377,439,484,17,ITC,ITC2,2,Valle d'Aosta / Vallée d'Aoste,Valle d'Aosta,125666,62257,49.54,0.75
3262,2021-04-14,VDA,941,430,511,689,224,28,ITC,ITC2,2,Valle d'Aosta / Vallée d'Aoste,Valle d'Aosta,125666,63198,50.29,0.75
3263,2021-07-06,VDA,880,478,402,155,720,5,ITC,ITC2,2,Valle d'Aosta / Vallée d'Aoste,Valle d'Aosta,125666,64078,50.99,0.7
3264,2021-01-02,VDA,6,5,1,6,0,0,ITC,ITC2,2,Valle d'Aosta / Vallée d'Aoste,Valle d'Aosta,125666,64084,51.0,0.0
3265,2021-03-26,VDA,498,204,294,472,7,19,ITC,ITC2,2,Valle d'Aosta / Vallée d'Aoste,Valle d'Aosta,125666,64582,51.39,0.4
3266,2021-06-17,VDA,775,422,353,614,149,12,ITC,ITC2,2,Valle d'Aosta / Vallée d'Aoste,Valle d'Aosta,125666,65357,52.01,0.62
3267,2021-05-24,VDA,1136,516,620,673,447,16,ITC,ITC2,2,Valle d'Aosta / Vallée d'Aoste,Valle d'Aosta,125666,66493,52.91,0.9
3268,2021-05-10,VDA,782,381,401,531,235,16,ITC,ITC2,2,Valle d'Aosta / Vallée d'Aoste,Valle d'Aosta,125666,67275,53.53,0.62
3269,2021-04-21,VDA,868,410,458,588,248,32,ITC,ITC2,2,Valle d'Aosta / Vallée d'Aoste,Valle d'Aosta,125666,68143,54.23,0.69
3270,2021-07-13,VDA,1061,567,494,307,748,6,ITC,ITC2,2,Valle d'Aosta / Vallée d'Aoste,Valle d'Aosta,125666,69204,55.07,0.84
3271,2021-03-21,VDA,355,165,190,346,0,9,ITC,ITC2,2,Valle d'Aosta / Vallée d'Aoste,Valle d'Aosta,125666,69559,55.35,0.28
3272,2021-06-29,VDA,780,390,390,235,542,3,ITC,ITC2,2,Valle d'Aosta / Vallée d'Aoste,Valle d'Aosta,125666,70339,55.97,0.62
3273,2021-06-10,VDA,1002,558,444,953,42,7,ITC,ITC2,2,Valle d'Aosta / Vallée d'Aoste,Valle d'Aosta,125666,71341,56.77,0.8
3274,2021-03-02,VDA,339,166,173,291,3,45,ITC,ITC2,2,Valle d'Aosta / Vallée d'Aoste,Valle d'Aosta,125666,71680,57.04,0.27
3275,2021-04-07,VDA,910,474,436,654,229,27,ITC,ITC2,2,Valle d'Aosta / Vallée d'Aoste,Valle d'Aosta,125666,72590,57.76,0.72
3276,2021-02-09,VDA,251,84,167,67,183,1,ITC,ITC2,2,Valle d'Aosta / Vallée d'Aoste,Valle d'Aosta,125666,72841,57.96,0.2
3277,2021-03-22,VDA,560,205,355,324,227,9,ITC,ITC2,2,Valle d'Aosta / Vallée d'Aoste,Valle d'Aosta,125666,73401,58.41,0.45
3278,2021-05-15,VDA,1065,614,451,367,685,13,ITC,ITC2,2,Valle d'Aosta / Vallée d'Aoste,Valle d'Aosta,125666,74466,59.26,0.85
3279,2021-02-04,VDA,294,86,208,8,286,0,ITC,ITC2,2,Valle d'Aosta / Vallée d'Aoste,Valle d'Aosta,125666,74760,59.49,0.23
3280,2021-04-28,VDA,1218,632,586,681,503,34,ITC,ITC2,2,Valle d'Aosta / Vallée d'Aoste,Valle d'Aosta,125666,75978,60.46,0.97
3281,2021-02-28,VDA,260,86,174,73,183,4,ITC,ITC2,2,Valle d'Aosta / Vallée d'Aoste,Valle d'Aosta,125666,76238,60.67,0.21
3282,2021-05-05,VDA,1038,566,472,434,582,22,ITC,ITC2,2,Valle d'Aosta / Vallée d'Aoste,Valle d'Aosta,125666,77276,61.49,0.83
3283,2021-05-03,VDA,839,400,439,458,351,30,ITC,ITC2,2,Valle d'Aosta / Vallée d'Aoste,Valle d'Aosta,125666,78115,62.16,0.67
3284,2021-03-07,VDA,64,30,34,11,53,0,ITC,ITC2,2,Valle d'Aosta / Vallée d'Aoste,Valle d'Aosta,125666,78179,62.21,0.05
3285,2021-01-30,VDA,439,202,237,12,425,2,ITC,ITC2,2,Valle d'Aosta / Vallée d'Aoste,Valle d'Aosta,125666,78618,62.56,0.35
3286,2021-01-11,VDA,325,112,213,325,0,0,ITC,ITC2,2,Valle d'Aosta / Vallée d'Aoste,Valle d'Aosta,125666,78943,62.82,0.26
3287,2021-04-04,VDA,572,253,319,550,1,21,ITC,ITC2,2,Valle d'Aosta / Vallée d'Aoste,Valle d'Aosta,125666,79515,63.27,0.46
3288,2021-01-21,VDA,33,12,21,33,0,0,ITC,ITC2,2,Valle d'Aosta / Vallée d'Aoste,Valle d'Aosta,125666,79548,63.3,0.03
3289,2021-01-04,VDA,142,59,83,142,0,0,ITC,ITC2,2,Valle d'Aosta / Vallée d'Aoste,Valle d'Aosta,125666,79690,63.41,0.11
3290,2021-03-28,VDA,522,212,310,493,1,28,ITC,ITC2,2,Valle d'Aosta / Vallée d'Aoste,Valle d'Aosta,125666,80212,63.83,0.42
3291,2021-03-11,VDA,197,76,121,66,131,0,ITC,ITC2,2,Valle d'Aosta / Vallée d'Aoste,Valle d'Aosta,125666,80409,63.99,0.16
3292,2021-06-02,VDA,1215,688,527,812,401,2,ITC,ITC2,2,Valle d'Aosta / Vallée d'Aoste,Valle d'Aosta,125666,81624,64.95,0.97
3293,2021-06-19,VDA,1288,667,621,657,619,12,ITC,ITC2,2,Valle d'Aosta / Vallée d'Aoste,Valle d'Aosta,125666,82912,65.98,1.02
3294,2021-04-18,VDA,522,254,268,492,4,26,ITC,ITC2,2,Valle d'Aosta / Vallée d'Aoste,Valle d'Aosta,125666,83434,66.39,0.42
3295,2021-06-14,VDA,307,164,143,12,295,0,ITC,ITC2,2,Valle d'Aosta / Vallée d'Aoste,Valle d'Aosta,125666,83741,66.64,0.24
3296,2021-05-31,VDA,880,396,484,490,379,11,ITC,ITC2,2,Valle d'Aosta / Vallée d'Aoste,Valle d'Aosta,125666,84621,67.34,0.7
3297,2021-04-25,VDA,849,408,441,673,139,37,ITC,ITC2,2,Valle d'Aosta / Vallée d'Aoste,Valle d'Aosta,125666,85470,68.01,0.68
3298,2021-02-13,VDA,216,196,20,213,1,2,ITC,ITC2,2,Valle d'Aosta / Vallée d'Aoste,Valle d'Aosta,125666,85686,68.19,0.17
3299,2021-02-06,VDA,289,104,185,91,197,1,ITC,ITC2,2,Valle d'Aosta / Vallée d'Aoste,Valle d'Aosta,125666,85975,68.42,0.23
3300,2021-04-30,VDA,831,355,476,467,346,18,ITC,ITC2,2,Valle d'Aosta / Vallée d'Aoste,Valle d'Aosta,125666,86806,69.08,0.66
3301,2021-01-20,VDA,23,8,15,23,0,0,ITC,ITC2,2,Valle d'Aosta / Vallée d'Aoste,Valle d'Aosta,125666,86829,69.1,0.02
3302,2021-01-25,VDA,147,65,82,0,147,0,ITC,ITC2,2,Valle d'Aosta / Vallée d'Aoste,Valle d'Aosta,125666,86976,69.21,0.12
3303,2021-07-10,VDA,1289,667,622,321,957,11,ITC,ITC2,2,Valle d'Aosta / Vallée d'Aoste,Valle d'Aosta,125666,88265,70.24,1.03
3304,2021-05-14,VDA,960,442,518,249,669,42,ITC,ITC2,2,Valle d'Aosta / Vallée d'Aoste,Valle d'Aosta,125666,89225,71.0,0.76
3305,2021-02-01,VDA,404,127,277,84,317,3,ITC,ITC2,2,Valle d'Aosta / Vallée d'Aoste,Valle d'Aosta,125666,89629,71.32,0.32
3306,2021-07-08,VDA,1275,709,566,341,924,10,ITC,ITC2,2,Valle d'Aosta / Vallée d'Aoste,Valle d'Aosta,125666,90904,72.34,1.01
3307,2021-03-30,VDA,402,223,179,365,20,17,ITC,ITC2,2,Valle d'Aosta / Vallée d'Aoste,Valle d'Aosta,125666,91306,72.66,0.32
3308,2021-05-12,VDA,1140,549,591,439,670,31,ITC,ITC2,2,Valle d'Aosta / Vallée d'Aoste,Valle d'Aosta,125666,92446,73.56,0.91
3309,2021-01-09,VDA,443,199,244,442,0,1,ITC,ITC2,2,Valle d'Aosta / Vallée d'Aoste,Valle d'Aosta,125666,92889,73.92,0.35
3310,2021-06-24,VDA,1221,629,592,379,833,9,ITC,ITC2,2,Valle d'Aosta / Vallée d'Aoste,Valle d'Aosta,125666,94110,74.89,0.97
3311,2021-07-03,VDA,935,484,451,390,536,9,ITC,ITC2,2,Valle d'Aosta / Vallée d'Aoste,Valle d'Aosta,125666,95045,75.63,0.74
3312,2021-02-08,VDA,223,83,140,25,198,0,ITC,ITC2,2,Valle d'Aosta / Vallée d'Aoste,Valle d'Aosta,125666,95268,75.81,0.18
3313,2021-03-23,VDA,379,150,229,228,134,17,ITC,ITC2,2,Valle d'Aosta / Vallée d'Aoste,Valle d'Aosta,125666,95647,76.11,0.3
3314,2021-05-19,VDA,993,498,495,411,575,7,ITC,ITC2,2,Valle d'Aosta / Vallée d'Aoste,Valle d'Aosta,125666,96640,76.9,0.79
3315,2021-03-16,VDA,182,37,145,109,64,9,ITC,ITC2,2,Valle d'Aosta / Vallée d'Aoste,Valle d'Aosta,125666,96822,77.05,0.14
3316,2021-03-09,VDA,206,96,110,166,32,8,ITC,ITC2,2,Valle d'Aosta / Vallée d'Aoste,Valle d'Aosta,125666,97028,77.21,0.16
3317,2021-02-20,VDA,251,210,41,238,10,3,ITC,ITC2,2,Valle d'Aosta / Vallée d'Aoste,Valle d'Aosta,125666,97279,77.41,0.2
3318,2021-06-05,VDA,925,476,449,729,188,8,ITC,ITC2,2,Valle d'Aosta / Vallée d'Aoste,Valle d'Aosta,125666,98204,78.15,0.74
3319,2021-02-11,VDA,231,107,124,221,9,1,ITC,ITC2,2,Valle d'Aosta / Vallée d'Aoste,Valle d'Aosta,125666,98435,78.33,0.18
3320,2021-04-09,VDA,237,111,126,200,33,4,ITC,ITC2,2,Valle d'Aosta / Vallée d'Aoste,Valle d'Aosta,125666,98672,78.52,0.19
3321,2021-05-22,VDA,940,494,446,531,400,9,ITC,ITC2,2,Valle d'Aosta / Vallée d'Aoste,Valle d'Aosta,125666,99612,79.27,0.75
3322,2021-04-16,VDA,599,261,338,565,2,32,ITC,ITC2,2,Valle d'Aosta / Vallée d'Aoste,Valle d'Aosta,125666,100211,79.74,0.48
3323,2021-04-02,VDA,873,344,529,595,225,53,ITC,ITC2,2,Valle d'Aosta / Vallée d'Aoste,Valle d'Aosta,125666,101084,80.44,0.69
3324,2021-05-29,VDA,798,434,364,553,237,8,ITC,ITC2,2,Valle d'Aosta / Vallée d'Aoste,Valle d'Aosta,125666,101882,81.07,0.64
3325,2021-01-18,VDA,213,74,139,213,0,0,ITC,ITC2,2,Valle d'Aosta / Vallée d'Aoste,Valle d'Aosta,125666,102095,81.24,0.17
3326,2021-04-11,VDA,479,208,271,462,0,17,ITC,ITC2,2,Valle d'Aosta / Vallée d'Aoste,Valle d'Aosta,125666,102574,81.62,0.38
3327,2021-06-21,VDA,1122,600,522,607,505,10,ITC,ITC2,2,Valle d'Aosta / Vallée d'Aoste,Valle d'Aosta,125666,103696,82.52,0.89
3328,2021-06-07,VDA,710,347,363,638,61,11,ITC,ITC2,2,Valle d'Aosta / Vallée d'Aoste,Valle d'Aosta,125666,104406,83.08,0.56
3329,2021-02-27,VDA,231,85,146,119,107,5,ITC,ITC2,2,Valle d'Aosta / Vallée d'Aoste,Valle d'Aosta,125666,104637,83.27,0.18
3330,2021-07-11,VDA,907,471,436,254,642,11,ITC,ITC2,2,Valle d'Aosta / Vallée d'Aoste,Valle d'Aosta,125666,105544,83.99,0.72
3331,2021-02-25,VDA,201,101,100,190,7,4,ITC,ITC2,2,Valle d'Aosta / Vallée d'Aoste,Valle d'Aosta,125666,105745,84.15,0.16
3332,2021-01-06,VDA,65,33,32,65,0,0,ITC,ITC2,2,Valle d'Aosta / Vallée d'Aoste,Valle d'Aosta,125666,105810,84.2,0.05
3333,2021-02-18,VDA,349,153,196,255,88,6,ITC,ITC2,2,Valle d'Aosta / Vallée d'Aoste,Valle d'Aosta,125666,106159,84.48,0.28
3334,2021-05-25,VDA,1115,530,585,529,574,12,ITC,ITC2,2,Valle d'Aosta / Vallée d'Aoste,Valle d'Aosta,125666,107274,85.36,0.89
3335,2021-02-14,VDA,48,16,32,1,47,0,ITC,ITC2,2,Valle d'Aosta / Vallée d'Aoste,Valle d'Aosta,125666,107322,85.4,0.04
3336,2021-05-08,VDA,904,540,364,497,378,29,ITC,ITC2,2,Valle d'Aosta / Vallée d'Aoste,Valle d'Aosta,125666,108226,86.12,0.72
3337,2021-04-05,VDA,464,223,241,439,6,19,ITC,ITC2,2,Valle d'Aosta / Vallée d'Aoste,Valle d'Aosta,125666,108690,86.49,0.37
3338,2021-06-27,VDA,1250,607,643,312,928,10,ITC,ITC2,2,Valle d'Aosta / Vallée d'Aoste,Valle d'Aosta,125666,109940,87.49,0.99
3339,2021-07-14,VDA,1019,532,487,293,726,0,ITC,ITC2,2,Valle d'Aosta / Vallée d'Aoste,Valle d'Aosta,125666,110959,88.3,0.81
3340,2021-01-28,VDA,291,123,168,56,235,0,ITC,ITC2,2,Valle d'Aosta / Vallée d'Aoste,Valle d'Aosta,125666,111250,88.53,0.23
3341,2021-06-12,VDA,1232,599,633,1062,166,4,ITC,ITC2,2,Valle d'Aosta / Vallée d'Aoste,Valle d'Aosta,125666,112482,89.51,0.98
3342,2021-03-19,VDA,322,85,237,277,35,10,ITC,ITC2,2,Valle d'Aosta / Vallée d'Aoste,Valle d'Aosta,125666,112804,89.76,0.26
3343,2021-05-07,VDA,564,245,319,517,31,16,ITC,ITC2,2,Valle d'Aosta / Vallée d'Aoste,Valle d'Aosta,125666,113368,90.21,0.45
3344,2021-04-23,VDA,921,443,478,509,383,29,ITC,ITC2,2,Valle d'Aosta / Vallée d'Aoste,Valle d'Aosta,125666,114289,90.95,0.73
3345,2021-01-13,VDA,337,110,227,337,0,0,ITC,ITC2,2,Valle d'Aosta / Vallée d'Aoste,Valle d'Aosta,125666,114626,91.21,0.27
3346,2021-07-15,VDA,481,250,231,8,473,0,ITC,ITC2,2,Valle d'Aosta / Vallée d'Aoste,Valle d'Aosta,125666,115107,91.6,0.38
3347,2021-04-06,VDA,741,381,360,595,112,34,ITC,ITC2,2,Valle d'Aosta / Vallée d'Aoste,Valle d'Aosta,125666,115848,92.19,0.59
3348,2021-03-18,VDA,136,43,93,96,37,3,ITC,ITC2,2,Valle d'Aosta / Vallée d'Aoste,Valle d'Aosta,125666,115984,92.3,0.11
3349,2021-06-26,VDA,1061,509,552,350,704,7,ITC,ITC2,2,Valle d'Aosta / Vallée d'Aoste,Valle d'Aosta,125666,117045,93.14,0.84
3350,2021-03-04,VDA,291,139,152,40,249,2,ITC,ITC2,2,Valle d'Aosta / Vallée d'Aoste,Valle d'Aosta,125666,117336,93.37,0.23
3351,2021-05-26,VDA,1209,587,622,565,633,11,ITC,ITC2,2,Valle d'Aosta / Vallée d'Aoste,Valle d'Aosta,125666,118545,94.33,0.96
3352,2021-06-05,LOM,102425,52953,49472,91099,9815,1511,ITC,ITC4,3,Lombardia,Lombardia,10060574,102425,1.02,1.02
3353,2021-03-14,LOM,14874,5348,9526,11218,3283,373,ITC,ITC4,3,Lombardia,Lombardia,10060574,117299,1.17,0.15
3354,2021-02-23,LOM,11829,4803,7026,11289,332,208,ITC,ITC4,3,Lombardia,Lombardia,10060574,129128,1.28,0.12
3355,2021-04-28,LOM,95741,43674,52067,66923,26904,1914,ITC,ITC4,3,Lombardia,Lombardia,10060574,224869,2.24,0.95
3356,2021-06-24,LOM,109516,56630,52886,78330,28800,2386,ITC,ITC4,3,Lombardia,Lombardia,10060574,334385,3.32,1.09
3357,2021-03-16,LOM,25497,10113,15384,16297,9078,122,ITC,ITC4,3,Lombardia,Lombardia,10060574,359882,3.58,0.25
3358,2021-05-12,LOM,87487,41750,45737,57406,27561,2520,ITC,ITC4,3,Lombardia,Lombardia,10060574,447369,4.45,0.87
3359,2021-02-04,LOM,27823,8110,19713,2007,25810,6,ITC,ITC4,3,Lombardia,Lombardia,10060574,475192,4.72,0.28
3360,2021-04-09,LOM,52391,22368,30023,35560,15993,838,ITC,ITC4,3,Lombardia,Lombardia,10060574,527583,5.24,0.52
3361,2021-07-13,LOM,108351,56645,51706,15401,91710,1240,ITC,ITC4,3,Lombardia,Lombardia,10060574,635934,6.32,1.08
3362,2021-04-04,LOM,7611,3230,4381,3682,3895,34,ITC,ITC4,3,Lombardia,Lombardia,10060574,643545,6.4,0.08
3363,2021-02-16,LOM,9506,3073,6433,8957,448,101,ITC,ITC4,3,Lombardia,Lombardia,10060574,653051,6.49,0.09
3364,2021-06-10,LOM,102609,52231,50378,86399,14410,1800,ITC,ITC4,3,Lombardia,Lombardia,10060574,755660,7.51,1.02
3365,2021-03-02,LOM,22816,9704,13112,19517,3040,259,ITC,ITC4,3,Lombardia,Lombardia,10060574,778476,7.74,0.23
3366,2020-12-28,LOM,107,47,60,107,0,0,ITC,ITC4,3,Lombardia,Lombardia,10060574,778583,7.74,0.0
3367,2021-04-21,LOM,71827,32562,39265,55829,14665,1333,ITC,ITC4,3,Lombardia,Lombardia,10060574,850410,8.45,0.71
3368,2021-01-11,LOM,16264,5379,10885,16254,0,10,ITC,ITC4,3,Lombardia,Lombardia,10060574,866674,8.61,0.16
3369,2021-01-28,LOM,12228,3703,8525,794,11427,7,ITC,ITC4,3,Lombardia,Lombardia,10060574,878902,8.74,0.12
3370,2021-03-28,LOM,20485,7818,12667,13935,6166,384,ITC,ITC4,3,Lombardia,Lombardia,10060574,899387,8.94,0.2
3371,2021-04-14,LOM,47185,21031,26154,33535,12971,679,ITC,ITC4,3,Lombardia,Lombardia,10060574,946572,9.41,0.47
3372,2021-01-04,LOM,6107,2107,4000,6101,0,6,ITC,ITC4,3,Lombardia,Lombardia,10060574,952679,9.47,0.06
3373,2021-06-19,LOM,104302,51985,52317,56248,46631,1423,ITC,ITC4,3,Lombardia,Lombardia,10060574,1056981,10.51,1.04
3374,2021-07-06,LOM,99261,49406,49855,22425,75457,1379,ITC,ITC4,3,Lombardia,Lombardia,10060574,1156242,11.49,0.99
3375,2021-05-24,LOM,89513,43483,46030,48579,40000,934,ITC,ITC4,3,Lombardia,Lombardia,10060574,1245755,12.38,0.89
3376,2021-02-11,LOM,17085,5012,12073,9631,7375,79,ITC,ITC4,3,Lombardia,Lombardia,10060574,1262840,12.55,0.17
3377,2021-05-31,LOM,95647,47396,48251,78343,16200,1104,ITC,ITC4,3,Lombardia,Lombardia,10060574,1358487,13.5,0.95
3378,2021-03-26,LOM,41319,15701,25618,27500,13149,670,ITC,ITC4,3,Lombardia,Lombardia,10060574,1399806,13.91,0.41
3379,2021-05-22,LOM,70597,33836,36761,31723,38160,714,ITC,ITC4,3,Lombardia,Lombardia,10060574,1470403,14.62,0.7
3380,2021-01-16,LOM,15438,5737,9701,15427,0,11,ITC,ITC4,3,Lombardia,Lombardia,10060574,1485841,14.77,0.15
3381,2021-04-23,LOM,73531,33324,40207,55562,16582,1387,ITC,ITC4,3,Lombardia,Lombardia,10060574,1559372,15.5,0.73
3382,2021-05-10,LOM,85269,40881,44388,62032,21579,1658,ITC,ITC4,3,Lombardia,Lombardia,10060574,1644641,16.35,0.85
3383,2021-01-30,LOM,12314,4566,7748,145,12160,9,ITC,ITC4,3,Lombardia,Lombardia,10060574,1656955,16.47,0.12
3384,2021-06-17,LOM,108527,52697,55830,51064,56283,1180,ITC,ITC4,3,Lombardia,Lombardia,10060574,1765482,17.55,1.08
3385,2021-03-09,LOM,33221,12863,20358,25242,7397,582,ITC,ITC4,3,Lombardia,Lombardia,10060574,1798703,17.88,0.33
3386,2021-05-05,LOM,87935,41926,46009,70357,15316,2262,ITC,ITC4,3,Lombardia,Lombardia,10060574,1886638,18.75,0.87
3387,2021-07-01,LOM,104919,52814,52105,53326,49195,2398,ITC,ITC4,3,Lombardia,Lombardia,10060574,1991557,19.8,1.04
3388,2021-05-17,LOM,94636,45350,49286,29524,64410,702,ITC,ITC4,3,Lombardia,Lombardia,10060574,2086193,20.74,0.94
3389,2021-05-19,LOM,83225,39744,43481,33095,49324,806,ITC,ITC4,3,Lombardia,Lombardia,10060574,2169418,21.56,0.83
3390,2021-02-08,LOM,10085,2919,7166,2122,7954,9,ITC,ITC4,3,Lombardia,Lombardia,10060574,2179503,21.66,0.1
3391,2021-02-25,LOM,15293,6349,8944,13520,1572,201,ITC,ITC4,3,Lombardia,Lombardia,10060574,2194796,21.82,0.15
3392,2021-04-02,LOM,41269,16881,24388,26197,14514,558,ITC,ITC4,3,Lombardia,Lombardia,10060574,2236065,22.23,0.41
3393,2021-04-11,LOM,32220,13944,18276,24314,7395,511,ITC,ITC4,3,Lombardia,Lombardia,10060574,2268285,22.55,0.32
3394,2021-01-01,LOM,24,7,17,24,0,0,ITC,ITC4,3,Lombardia,Lombardia,10060574,2268309,22.55,0.0
3395,2021-06-07,LOM,98959,50424,48535,84023,13317,1619,ITC,ITC4,3,Lombardia,Lombardia,10060574,2367268,23.53,0.98
3396,2021-02-27,LOM,13947,5872,8075,13152,641,154,ITC,ITC4,3,Lombardia,Lombardia,10060574,2381215,23.67,0.14
3397,2021-04-25,LOM,51500,23613,27887,45535,4744,1221,ITC,ITC4,3,Lombardia,Lombardia,10060574,2432715,24.18,0.51
3398,2021-06-28,LOM,107890,54975,52915,74277,31004,2609,ITC,ITC4,3,Lombardia,Lombardia,10060574,2540605,25.25,1.07
3399,2021-07-08,LOM,114293,58226,56067,13157,100105,1031,ITC,ITC4,3,Lombardia,Lombardia,10060574,2654898,26.39,1.14
3400,2021-04-16,LOM,53684,23928,29756,38429,14366,889,ITC,ITC4,3,Lombardia,Lombardia,10060574,2708582,26.92,0.53
3401,2021-05-03,LOM,83703,39756,43947,69455,12126,2122,ITC,ITC4,3,Lombardia,Lombardia,10060574,2792285,27.75,0.83
3402,2021-01-23,LOM,1116,357,759,914,199,3,ITC,ITC4,3,Lombardia,Lombardia,10060574,2793401,27.77,0.01
3403,2021-05-29,LOM,88305,42409,45896,41397,46066,842,ITC,ITC4,3,Lombardia,Lombardia,10060574,2881706,28.64,0.88
3404,2021-02-18,LOM,14050,4924,9126,12816,1037,197,ITC,ITC4,3,Lombardia,Lombardia,10060574,2895756,28.78,0.14
3405,2021-06-12,LOM,89310,48060,41250,84312,3156,1842,ITC,ITC4,3,Lombardia,Lombardia,10060574,2985066,29.67,0.89
3406,2021-06-29,LOM,107115,53132,53983,57387,47721,2007,ITC,ITC4,3,Lombardia,Lombardia,10060574,3092181,30.74,1.06
3407,2021-03-21,LOM,23514,8494,15020,17730,5194,590,ITC,ITC4,3,Lombardia,Lombardia,10060574,3115695,30.97,0.23
3408,2021-02-13,LOM,6419,2441,3978,4882,1477,60,ITC,ITC4,3,Lombardia,Lombardia,10060574,3122114,31.03,0.06
3409,2021-01-09,LOM,12426,4577,7849,12418,0,8,ITC,ITC4,3,Lombardia,Lombardia,10060574,3134540,31.16,0.12
3410,2021-03-07,LOM,12087,5361,6726,9337,2560,190,ITC,ITC4,3,Lombardia,Lombardia,10060574,3146627,31.28,0.12
3411,2021-01-27,LOM,8043,2677,5366,807,7234,2,ITC,ITC4,3,Lombardia,Lombardia,10060574,3154670,31.36,0.08
3412,2021-07-03,LOM,102316,51618,50698,44533,55675,2108,ITC,ITC4,3,Lombardia,Lombardia,10060574,3256986,32.37,1.02
3413,2021-03-25,LOM,42863,16031,26832,29238,12721,904,ITC,ITC4,3,Lombardia,Lombardia,10060574,3299849,32.8,0.43
3414,2021-05-21,LOM,93837,45238,48599,28379,64697,761,ITC,ITC4,3,Lombardia,Lombardia,10060574,3393686,33.73,0.93
3415,2021-01-18,LOM,9203,2972,6231,8213,975,15,ITC,ITC4,3,Lombardia,Lombardia,10060574,3402889,33.82,0.09
3416,2021-03-23,LOM,42574,15466,27108,28858,12861,855,ITC,ITC4,3,Lombardia,Lombardia,10060574,3445463,34.25,0.42
3417,2021-01-25,LOM,7022,2373,4649,472,6547,3,ITC,ITC4,3,Lombardia,Lombardia,10060574,3452485,34.32,0.07
3418,2021-02-01,LOM,16067,5322,10745,307,15758,2,ITC,ITC4,3,Lombardia,Lombardia,10060574,3468552,34.48,0.16
3419,2021-02-06,LOM,15264,5539,9725,1011,14249,4,ITC,ITC4,3,Lombardia,Lombardia,10060574,3483816,34.63,0.15
3420,2021-05-02,LOM,83506,38338,45168,59261,22464,1781,ITC,ITC4,3,Lombardia,Lombardia,10060574,3567322,35.46,0.83
3421,2021-04-13,LOM,47651,21269,26382,32928,14080,643,ITC,ITC4,3,Lombardia,Lombardia,10060574,3614973,35.93,0.47
3422,2021-04-30,LOM,117273,54801,62472,87206,27503,2564,ITC,ITC4,3,Lombardia,Lombardia,10060574,3732246,37.1,1.17
3423,2021-01-20,LOM,5669,1378,4291,5550,114,5,ITC,ITC4,3,Lombardia,Lombardia,10060574,3737915,37.15,0.06
3424,2020-12-30,LOM,114,42,72,114,0,0,ITC,ITC4,3,Lombardia,Lombardia,10060574,3738029,37.16,0.0
3425,2021-06-16,LOM,99218,50419,48799,49923,48142,1153,ITC,ITC4,3,Lombardia,Lombardia,10060574,3837247,38.14,0.99
3426,2021-03-06,LOM,21340,9099,12241,16529,4513,298,ITC,ITC4,3,Lombardia,Lombardia,10060574,3858587,38.35,0.21
3427,2021-06-09,LOM,103609,52209,51400,87423,14464,1722,ITC,ITC4,3,Lombardia,Lombardia,10060574,3962196,39.38,1.03
3428,2021-07-15,LOM,48895,24905,23990,4749,43720,426,ITC,ITC4,3,Lombardia,Lombardia,10060574,4011091,39.87,0.49
3429,2021-04-06,LOM,43076,17587,25489,24440,17946,690,ITC,ITC4,3,Lombardia,Lombardia,10060574,4054167,40.3,0.43
3430,2021-06-14,LOM,94750,48141,46609,49100,44518,1132,ITC,ITC4,3,Lombardia,Lombardia,10060574,4148917,41.24,0.94
3431,2021-05-26,LOM,93675,44651,49024,42731,50053,891,ITC,ITC4,3,Lombardia,Lombardia,10060574,4242592,42.17,0.93
3432,2021-02-15,LOM,8950,3137,5813,8353,418,179,ITC,ITC4,3,Lombardia,Lombardia,10060574,4251542,42.26,0.09
3433,2021-06-21,LOM,113256,58024,55232,78341,32740,2175,ITC,ITC4,3,Lombardia,Lombardia,10060574,4364798,43.39,1.13
3434,2021-06-02,LOM,84633,43574,41059,76985,6331,1317,ITC,ITC4,3,Lombardia,Lombardia,10060574,4449431,44.23,0.84
3435,2021-03-11,LOM,36220,13478,22742,25627,9909,684,ITC,ITC4,3,Lombardia,Lombardia,10060574,4485651,44.59,0.36
3436,2021-03-30,LOM,39632,15590,24042,24241,14780,611,ITC,ITC4,3,Lombardia,Lombardia,10060574,4525283,44.98,0.39
3437,2021-01-06,LOM,7062,2494,4568,7057,0,5,ITC,ITC4,3,Lombardia,Lombardia,10060574,4532345,45.05,0.07
3438,2021-02-20,LOM,9339,3868,5471,8844,298,197,ITC,ITC4,3,Lombardia,Lombardia,10060574,4541684,45.14,0.09
3439,2021-04-18,LOM,36404,16229,20175,30521,5240,643,ITC,ITC4,3,Lombardia,Lombardia,10060574,4578088,45.51,0.36
3440,2021-01-08,LOM,12714,3923,8791,12703,0,11,ITC,ITC4,3,Lombardia,Lombardia,10060574,4590802,45.63,0.13
3441,2021-07-05,LOM,101363,49514,51849,31224,68254,1885,ITC,ITC4,3,Lombardia,Lombardia,10060574,4692165,46.64,1.01
3442,2021-07-12,LOM,111586,57360,54226,14785,95660,1141,ITC,ITC4,3,Lombardia,Lombardia,10060574,4803751,47.75,1.11
3443,2021-01-22,LOM,3143,869,2274,3069,69,5,ITC,ITC4,3,Lombardia,Lombardia,10060574,4806894,47.78,0.03
3444,2021-07-07,LOM,111802,56048,55754,17979,92654,1169,ITC,ITC4,3,Lombardia,Lombardia,10060574,4918696,48.89,1.11
3445,2021-03-08,LOM,29758,11190,18568,22162,7079,517,ITC,ITC4,3,Lombardia,Lombardia,10060574,4948454,49.19,0.3
3446,2021-05-04,LOM,86819,41076,45743,70283,14394,2142,ITC,ITC4,3,Lombardia,Lombardia,10060574,5035273,50.05,0.86
3447,2021-01-24,LOM,1199,457,742,536,663,0,ITC,ITC4,3,Lombardia,Lombardia,10060574,5036472,50.06,0.01
3448,2021-05-18,LOM,88216,42164,46052,31874,55576,766,ITC,ITC4,3,Lombardia,Lombardia,10060574,5124688,50.94,0.88
3449,2021-06-04,LOM,104612,54303,50309,93188,9637,1787,ITC,ITC4,3,Lombardia,Lombardia,10060574,5229300,51.98,1.04
3450,2021-02-24,LOM,14720,5957,8763,13557,954,209,ITC,ITC4,3,Lombardia,Lombardia,10060574,5244020,52.12,0.15
3451,2021-05-16,LOM,68701,32507,36194,35587,32204,910,ITC,ITC4,3,Lombardia,Lombardia,10060574,5312721,52.81,0.68
3452,2021-02-05,LOM,25709,7458,18251,2409,23281,19,ITC,ITC4,3,Lombardia,Lombardia,10060574,5338430,53.06,0.26
3453,2021-02-22,LOM,11897,4809,7088,11393,305,199,ITC,ITC4,3,Lombardia,Lombardia,10060574,5350327,53.18,0.12
3454,2021-03-20,LOM,32592,12163,20429,22241,9851,500,ITC,ITC4,3,Lombardia,Lombardia,10060574,5382919,53.51,0.32
3455,2020-12-27,LOM,718,414,304,718,0,0,ITC,ITC4,3,Lombardia,Lombardia,10060574,5383637,53.51,0.01
3456,2021-05-09,LOM,69711,32886,36825,54466,13272,1973,ITC,ITC4,3,Lombardia,Lombardia,10060574,5453348,54.21,0.69
3457,2021-01-29,LOM,13491,4128,9363,684,12804,3,ITC,ITC4,3,Lombardia,Lombardia,10060574,5466839,54.34,0.13
3458,2021-06-13,LOM,75995,40559,35436,72284,2124,1587,ITC,ITC4,3,Lombardia,Lombardia,10060574,5542834,55.09,0.76
3459,2021-03-05,LOM,28949,11940,17009,20230,8419,300,ITC,ITC4,3,Lombardia,Lombardia,10060574,5571783,55.38,0.29
3460,2021-06-27,LOM,90904,46794,44110,69780,18828,2296,ITC,ITC4,3,Lombardia,Lombardia,10060574,5662687,56.29,0.9
3461,2021-03-19,LOM,32430,12916,19514,18905,13202,323,ITC,ITC4,3,Lombardia,Lombardia,10060574,5695117,56.61,0.32
3462,2021-04-03,LOM,36254,14865,21389,25772,10102,380,ITC,ITC4,3,Lombardia,Lombardia,10060574,5731371,56.97,0.36
3463,2021-05-30,LOM,74367,35587,38780,33790,39957,620,ITC,ITC4,3,Lombardia,Lombardia,10060574,5805738,57.71,0.74
3464,2021-05-23,LOM,60763,28928,31835,26293,33956,514,ITC,ITC4,3,Lombardia,Lombardia,10060574,5866501,58.31,0.6
3465,2021-02-12,LOM,13964,4366,9598,8869,4935,160,ITC,ITC4,3,Lombardia,Lombardia,10060574,5880465,58.45,0.14
3466,2021-04-10,LOM,52749,21845,30904,40042,11956,751,ITC,ITC4,3,Lombardia,Lombardia,10060574,5933214,58.97,0.52
3467,2021-06-06,LOM,90129,46348,43781,79528,9221,1380,ITC,ITC4,3,Lombardia,Lombardia,10060574,6023343,59.87,0.9
3468,2021-01-07,LOM,11764,3637,8127,11724,0,40,ITC,ITC4,3,Lombardia,Lombardia,10060574,6035107,59.99,0.12
3469,2021-05-07,LOM,92303,43701,48602,68366,22397,1540,ITC,ITC4,3,Lombardia,Lombardia,10060574,6127410,60.91,0.92
3470,2021-03-18,LOM,27391,10955,16436,15928,11238,225,ITC,ITC4,3,Lombardia,Lombardia,10060574,6154801,61.18,0.27
3471,2021-05-14,LOM,85953,41391,44562,53249,30321,2383,ITC,ITC4,3,Lombardia,Lombardia,10060574,6240754,62.03,0.85
3472,2021-07-10,LOM,107083,54211,52872,13911,91993,1179,ITC,ITC4,3,Lombardia,Lombardia,10060574,6347837,63.1,1.06
3473,2021-06-26,LOM,105870,55427,50443,77785,25685,2400,ITC,ITC4,3,Lombardia,Lombardia,10060574,6453707,64.15,1.05
3474,2021-04-15,LOM,49459,21862,27597,34883,13825,751,ITC,ITC4,3,Lombardia,Lombardia,10060574,6503166,64.64,0.49
3475,2021-01-05,LOM,7857,2576,5281,7851,0,6,ITC,ITC4,3,Lombardia,Lombardia,10060574,6511023,64.72,0.08
3476,2021-03-27,LOM,32441,12377,20064,23102,8708,631,ITC,ITC4,3,Lombardia,Lombardia,10060574,6543464,65.04,0.32
3477,2021-01-03,LOM,854,316,538,853,0,1,ITC,ITC4,3,Lombardia,Lombardia,10060574,6544318,65.05,0.01
3478,2021-01-15,LOM,25222,7435,17787,25170,0,52,ITC,ITC4,3,Lombardia,Lombardia,10060574,6569540,65.3,0.25
3479,2021-04-29,LOM,115533,53594,61939,83103,29856,2574,ITC,ITC4,3,Lombardia,Lombardia,10060574,6685073,66.45,1.15
3480,2021-06-25,LOM,108035,56065,51970,78196,27530,2309,ITC,ITC4,3,Lombardia,Lombardia,10060574,6793108,67.52,1.07
3481,2021-04-20,LOM,67673,30834,36839,55898,10345,1430,ITC,ITC4,3,Lombardia,Lombardia,10060574,6860781,68.19,0.67
3482,2021-01-10,LOM,10519,3960,6559,10510,0,9,ITC,ITC4,3,Lombardia,Lombardia,10060574,6871300,68.3,0.1
3483,2021-01-17,LOM,8351,3347,5004,8144,201,6,ITC,ITC4,3,Lombardia,Lombardia,10060574,6879651,68.38,0.08
3484,2021-06-23,LOM,110799,57326,53473,76725,31926,2148,ITC,ITC4,3,Lombardia,Lombardia,10060574,6990450,69.48,1.1
3485,2021-03-15,LOM,31558,11333,20225,22426,8518,614,ITC,ITC4,3,Lombardia,Lombardia,10060574,7022008,69.8,0.31
3486,2021-04-27,LOM,86017,39983,46034,67644,16565,1808,ITC,ITC4,3,Lombardia,Lombardia,10060574,7108025,70.65,0.85
3487,2021-05-27,LOM,94844,45442,49402,40614,53442,788,ITC,ITC4,3,Lombardia,Lombardia,10060574,7202869,71.6,0.94
3488,2021-04-24,LOM,75812,33599,42213,53439,21132,1241,ITC,ITC4,3,Lombardia,Lombardia,10060574,7278681,72.35,0.75
3489,2021-01-14,LOM,26925,7804,19121,26870,0,55,ITC,ITC4,3,Lombardia,Lombardia,10060574,7305606,72.62,0.27
3490,2021-05-08,LOM,87753,40761,46992,63467,22065,2221,ITC,ITC4,3,Lombardia,Lombardia,10060574,7393359,73.49,0.87
3491,2021-03-13,LOM,27188,9776,17412,20542,6095,551,ITC,ITC4,3,Lombardia,Lombardia,10060574,7420547,73.76,0.27
3492,2021-05-01,LOM,95982,43678,52304,65053,29216,1713,ITC,ITC4,3,Lombardia,Lombardia,10060574,7516529,74.71,0.95
3493,2021-01-21,LOM,5466,1599,3867,4760,690,16,ITC,ITC4,3,Lombardia,Lombardia,10060574,7521995,74.77,0.05
3494,2021-02-07,LOM,7312,2825,4487,335,6974,3,ITC,ITC4,3,Lombardia,Lombardia,10060574,7529307,74.84,0.07
3495,2021-02-19,LOM,14219,5400,8819,13321,723,175,ITC,ITC4,3,Lombardia,Lombardia,10060574,7543526,74.98,0.14
3496,2021-04-17,LOM,48512,21305,27207,36944,10850,718,ITC,ITC4,3,Lombardia,Lombardia,10060574,7592038,75.46,0.48
3497,2021-02-26,LOM,18399,7556,10843,16322,1873,204,ITC,ITC4,3,Lombardia,Lombardia,10060574,7610437,75.65,0.18
3498,2021-04-07,LOM,50592,20924,29668,34074,15812,706,ITC,ITC4,3,Lombardia,Lombardia,10060574,7661029,76.15,0.5
3499,2021-06-22,LOM,110991,57925,53066,78991,29880,2120,ITC,ITC4,3,Lombardia,Lombardia,10060574,7772020,77.25,1.1
3500,2021-07-09,LOM,115466,58874,56592,11722,102857,887,ITC,ITC4,3,Lombardia,Lombardia,10060574,7887486,78.4,1.15
3501,2021-06-03,LOM,97134,49712,47422,84600,10871,1663,ITC,ITC4,3,Lombardia,Lombardia,10060574,7984620,79.37,0.97
3502,2021-06-20,LOM,88952,44335,44617,52830,34884,1238,ITC,ITC4,3,Lombardia,Lombardia,10060574,8073572,80.25,0.88
3503,2021-03-12,LOM,35269,12967,22302,24447,10204,618,ITC,ITC4,3,Lombardia,Lombardia,10060574,8108841,80.6,0.35
3504,2021-03-29,LOM,40047,15543,24504,24529,14838,680,ITC,ITC4,3,Lombardia,Lombardia,10060574,8148888,81.0,0.4
3505,2021-03-17,LOM,26260,10497,15763,15100,11000,160,ITC,ITC4,3,Lombardia,Lombardia,10060574,8175148,81.26,0.26
3506,2021-07-04,LOM,86637,43333,43304,40178,44505,1954,ITC,ITC4,3,Lombardia,Lombardia,10060574,8261785,82.12,0.86
3507,2021-07-02,LOM,103744,51982,51762,48858,52679,2207,ITC,ITC4,3,Lombardia,Lombardia,10060574,8365529,83.15,1.03
3508,2021-06-18,LOM,107585,52844,54741,51939,54408,1238,ITC,ITC4,3,Lombardia,Lombardia,10060574,8473114,84.22,1.07
3509,2021-03-01,LOM,18796,8233,10563,16882,1707,207,ITC,ITC4,3,Lombardia,Lombardia,10060574,8491910,84.41,0.19
3510,2021-05-15,LOM,80906,38782,42124,45474,33384,2048,ITC,ITC4,3,Lombardia,Lombardia,10060574,8572816,85.21,0.8
3511,2021-07-11,LOM,90175,45614,44561,11767,77350,1058,ITC,ITC4,3,Lombardia,Lombardia,10060574,8662991,86.11,0.9
3512,2021-05-13,LOM,87191,41781,45410,55718,28878,2595,ITC,ITC4,3,Lombardia,Lombardia,10060574,8750182,86.97,0.87
3513,2021-02-02,LOM,19883,6598,13285,496,19384,3,ITC,ITC4,3,Lombardia,Lombardia,10060574,8770065,87.17,0.2
3514,2021-03-31,LOM,42154,17096,25058,26183,15293,678,ITC,ITC4,3,Lombardia,Lombardia,10060574,8812219,87.59,0.42
3515,2021-03-10,LOM,33291,12733,20558,24842,7863,586,ITC,ITC4,3,Lombardia,Lombardia,10060574,8845510,87.92,0.33
3516,2021-05-06,LOM,89847,42201,47646,70975,16505,2367,ITC,ITC4,3,Lombardia,Lombardia,10060574,8935357,88.82,0.89
3517,2021-01-26,LOM,8342,2706,5636,349,7993,0,ITC,ITC4,3,Lombardia,Lombardia,10060574,8943699,88.9,0.08
3518,2021-01-19,LOM,8053,2329,5724,7571,468,14,ITC,ITC4,3,Lombardia,Lombardia,10060574,8951752,88.98,0.08
3519,2021-02-10,LOM,14403,4508,9895,7547,6825,31,ITC,ITC4,3,Lombardia,Lombardia,10060574,8966155,89.12,0.14
3520,2021-02-03,LOM,25646,7917,17729,1076,24565,5,ITC,ITC4,3,Lombardia,Lombardia,10060574,8991801,89.38,0.25
3521,2021-04-01,LOM,42983,17240,25743,26051,16219,713,ITC,ITC4,3,Lombardia,Lombardia,10060574,9034784,89.8,0.43
3522,2021-03-24,LOM,43242,15610,27632,30466,11885,891,ITC,ITC4,3,Lombardia,Lombardia,10060574,9078026,90.23,0.43
3523,2021-02-09,LOM,12218,3334,8884,4023,8181,14,ITC,ITC4,3,Lombardia,Lombardia,10060574,9090244,90.36,0.12
3524,2020-12-31,LOM,714,302,412,714,0,0,ITC,ITC4,3,Lombardia,Lombardia,10060574,9090958,90.36,0.01
3525,2021-05-20,LOM,94438,45638,48800,31238,62556,644,ITC,ITC4,3,Lombardia,Lombardia,10060574,9185396,91.3,0.94
3526,2021-06-01,LOM,93959,46104,47855,75755,17097,1107,ITC,ITC4,3,Lombardia,Lombardia,10060574,9279355,92.23,0.93
3527,2021-01-02,LOM,202,74,128,202,0,0,ITC,ITC4,3,Lombardia,Lombardia,10060574,9279557,92.24,0.0
3528,2021-06-08,LOM,102872,52295,50577,87143,14054,1675,ITC,ITC4,3,Lombardia,Lombardia,10060574,9382429,93.26,1.02
3529,2021-02-28,LOM,7884,3254,4630,7602,210,72,ITC,ITC4,3,Lombardia,Lombardia,10060574,9390313,93.34,0.08
3530,2021-04-26,LOM,87965,40929,47036,67032,19165,1768,ITC,ITC4,3,Lombardia,Lombardia,10060574,9478278,94.21,0.87
3531,2021-04-12,LOM,47245,20583,26662,32266,14343,636,ITC,ITC4,3,Lombardia,Lombardia,10060574,9525523,94.68,0.47
3532,2021-02-21,LOM,5053,1864,3189,4942,17,94,ITC,ITC4,3,Lombardia,Lombardia,10060574,9530576,94.73,0.05
3533,2021-04-19,LOM,60118,27350,32768,49444,9404,1270,ITC,ITC4,3,Lombardia,Lombardia,10060574,9590694,95.33,0.6
3534,2021-06-15,LOM,95965,48838,47127,49003,45890,1072,ITC,ITC4,3,Lombardia,Lombardia,10060574,9686659,96.28,0.95
3535,2021-01-13,LOM,26433,8072,18361,26406,0,27,ITC,ITC4,3,Lombardia,Lombardia,10060574,9713092,96.55,0.26
3536,2021-03-04,LOM,29329,12113,17216,20039,9070,220,ITC,ITC4,3,Lombardia,Lombardia,10060574,9742421,96.84,0.29
3537,2021-06-30,LOM,106745,52894,53851,56571,48068,2106,ITC,ITC4,3,Lombardia,Lombardia,10060574,9849166,97.9,1.06
3538,2021-03-22,LOM,40336,14302,26034,28944,10557,835,ITC,ITC4,3,Lombardia,Lombardia,10060574,9889502,98.3,0.4
3539,2021-04-08,LOM,52374,21767,30607,35240,16462,672,ITC,ITC4,3,Lombardia,Lombardia,10060574,9941876,98.82,0.52
3540,2020-12-29,LOM,106,45,61,106,0,0,ITC,ITC4,3,Lombardia,Lombardia,10060574,9941982,98.82,0.0
3541,2021-07-14,LOM,109004,56651,52353,14324,93281,1399,ITC,ITC4,3,Lombardia,Lombardia,10060574,10050986,99.9,1.08
3542,2021-04-22,LOM,73947,33399,40548,56209,16355,1383,ITC,ITC4,3,Lombardia,Lombardia,10060574,10124933,100.64,0.74
3543,2021-03-03,LOM,26977,11515,15462,19478,7282,217,ITC,ITC4,3,Lombardia,Lombardia,10060574,10151910,100.91,0.27
3544,2021-05-11,LOM,86893,41441,45452,58251,26229,2413,ITC,ITC4,3,Lombardia,Lombardia,10060574,10238803,101.77,0.86
3545,2021-05-28,LOM,93540,44828,48712,42026,50601,913,ITC,ITC4,3,Lombardia,Lombardia,10060574,10332343,102.7,0.93
3546,2021-02-17,LOM,11990,3756,8234,10407,1390,193,ITC,ITC4,3,Lombardia,Lombardia,10060574,10344333,102.82,0.12
3547,2021-06-11,LOM,101408,51664,49744,84908,14603,1897,ITC,ITC4,3,Lombardia,Lombardia,10060574,10445741,103.83,1.01
3548,2021-04-05,LOM,27380,11695,15685,19023,8103,254,ITC,ITC4,3,Lombardia,Lombardia,10060574,10473121,104.1,0.27
3549,2021-01-31,LOM,9741,3766,5975,29,9712,0,ITC,ITC4,3,Lombardia,Lombardia,10060574,10482862,104.2,0.1
3550,2021-05-25,LOM,91163,43622,47541,43844,46495,824,ITC,ITC4,3,Lombardia,Lombardia,10060574,10574025,105.1,0.91
3551,2021-02-14,LOM,3583,1547,2036,2934,635,14,ITC,ITC4,3,Lombardia,Lombardia,10060574,10577608,105.14,0.04
3552,2021-01-12,LOM,20231,6701,13530,20202,0,29,ITC,ITC4,3,Lombardia,Lombardia,10060574,10597839,105.34,0.2
3553,2021-04-30,CAL,15025,7363,7662,10554,4403,68,ITF,ITF6,18,Calabria,Calabria,1947131,15025,0.77,0.77
3554,2021-01-18,CAL,1296,586,710,1051,241,4,ITF,ITF6,18,Calabria,Calabria,1947131,16321,0.84,0.07
3555,2021-07-01,CAL,12304,5799,6505,5401,6820,83,ITF,ITF6,18,Calabria,Calabria,1947131,28625,1.47,0.63
3556,2021-02-01,CAL,2530,1204,1326,242,2285,3,ITF,ITF6,18,Calabria,Calabria,1947131,31155,1.6,0.13
3557,2021-07-08,CAL,12043,5619,6424,2697,9304,42,ITF,ITF6,18,Calabria,Calabria,1947131,43198,2.22,0.62
3558,2021-05-12,CAL,16424,8015,8409,10835,5497,92,ITF,ITF6,18,Calabria,Calabria,1947131,59622,3.06,0.84
3559,2021-05-26,CAL,18711,9320,9391,10311,8308,92,ITF,ITF6,18,Calabria,Calabria,1947131,78333,4.02,0.96
3560,2021-06-14,CAL,14348,6506,7842,9624,4648,76,ITF,ITF6,18,Calabria,Calabria,1947131,92681,4.76,0.74
3561,2021-03-04,CAL,5483,3191,2292,4666,797,20,ITF,ITF6,18,Calabria,Calabria,1947131,98164,5.04,0.28
3562,2021-06-12,CAL,13224,6288,6936,10760,2401,63,ITF,ITF6,18,Calabria,Calabria,1947131,111388,5.72,0.68
3563,2021-01-11,CAL,2174,1054,1120,2172,0,2,ITF,ITF6,18,Calabria,Calabria,1947131,113562,5.83,0.11
3564,2021-01-25,CAL,1079,517,562,148,931,0,ITF,ITF6,18,Calabria,Calabria,1947131,114641,5.89,0.06
3565,2021-05-05,CAL,13534,6473,7061,8409,5054,71,ITF,ITF6,18,Calabria,Calabria,1947131,128175,6.58,0.7
3566,2021-03-02,CAL,4371,2493,1878,3607,756,8,ITF,ITF6,18,Calabria,Calabria,1947131,132546,6.81,0.22
3567,2021-03-16,CAL,3859,1892,1967,2187,1660,12,ITF,ITF6,18,Calabria,Calabria,1947131,136405,7.01,0.2
3568,2021-03-09,CAL,6489,3382,3107,5444,982,63,ITF,ITF6,18,Calabria,Calabria,1947131,142894,7.34,0.33
3569,2021-02-20,CAL,1438,765,673,1104,320,14,ITF,ITF6,18,Calabria,Calabria,1947131,144332,7.41,0.07
3570,2021-05-31,CAL,15295,7343,7952,7312,7902,81,ITF,ITF6,18,Calabria,Calabria,1947131,159627,8.2,0.79
3571,2021-01-06,CAL,936,505,431,936,0,0,ITF,ITF6,18,Calabria,Calabria,1947131,160563,8.25,0.05
3572,2021-04-16,CAL,10211,4977,5234,8571,1587,53,ITF,ITF6,18,Calabria,Calabria,1947131,170774,8.77,0.52
3573,2021-02-18,CAL,1851,850,1001,1608,228,15,ITF,ITF6,18,Calabria,Calabria,1947131,172625,8.87,0.1
3574,2021-06-21,CAL,15373,7078,8295,7978,7360,35,ITF,ITF6,18,Calabria,Calabria,1947131,187998,9.66,0.79
3575,2021-01-04,CAL,1069,530,539,1066,0,3,ITF,ITF6,18,Calabria,Calabria,1947131,189067,9.71,0.05
3576,2021-02-06,CAL,2913,1342,1571,444,2468,1,ITF,ITF6,18,Calabria,Calabria,1947131,191980,9.86,0.15
3577,2021-07-10,CAL,15930,7528,8402,3248,12639,43,ITF,ITF6,18,Calabria,Calabria,1947131,207910,10.68,0.82
3578,2021-01-23,CAL,401,186,215,359,42,0,ITF,ITF6,18,Calabria,Calabria,1947131,208311,10.7,0.02
3579,2021-03-28,CAL,2690,1232,1458,1565,1121,4,ITF,ITF6,18,Calabria,Calabria,1947131,211001,10.84,0.14
3580,2021-04-18,CAL,5847,2795,3052,4913,913,21,ITF,ITF6,18,Calabria,Calabria,1947131,216848,11.14,0.3
3581,2021-04-04,CAL,1570,785,785,1139,421,10,ITF,ITF6,18,Calabria,Calabria,1947131,218418,11.22,0.08
3582,2021-06-26,CAL,15559,7185,8374,7553,7939,67,ITF,ITF6,18,Calabria,Calabria,1947131,233977,12.02,0.8
3583,2021-06-07,CAL,17998,8420,9578,14710,3209,79,ITF,ITF6,18,Calabria,Calabria,1947131,251975,12.94,0.92
3584,2021-03-30,CAL,6416,2784,3632,3644,2755,17,ITF,ITF6,18,Calabria,Calabria,1947131,258391,13.27,0.33
3585,2021-05-19,CAL,18297,9063,9234,11249,6975,73,ITF,ITF6,18,Calabria,Calabria,1947131,276688,14.21,0.94
3586,2021-03-23,CAL,5250,2465,2785,3418,1811,21,ITF,ITF6,18,Calabria,Calabria,1947131,281938,14.48,0.27
3587,2021-07-15,CAL,6229,2972,3257,905,5309,15,ITF,ITF6,18,Calabria,Calabria,1947131,288167,14.8,0.32
3588,2021-07-03,CAL,15137,7128,8009,5258,9804,75,ITF,ITF6,18,Calabria,Calabria,1947131,303304,15.58,0.78
3589,2021-04-11,CAL,4189,1904,2285,2230,1943,16,ITF,ITF6,18,Calabria,Calabria,1947131,307493,15.79,0.22
3590,2021-04-13,CAL,6904,3385,3519,5571,1312,21,ITF,ITF6,18,Calabria,Calabria,1947131,314397,16.15,0.35
3591,2021-01-20,CAL,1405,628,777,1401,1,3,ITF,ITF6,18,Calabria,Calabria,1947131,315802,16.22,0.07
3592,2021-01-03,CAL,6,3,3,6,0,0,ITF,ITF6,18,Calabria,Calabria,1947131,315808,16.22,0.0
3593,2021-02-25,CAL,2891,1556,1335,2256,595,40,ITF,ITF6,18,Calabria,Calabria,1947131,318699,16.37,0.15
3594,2021-03-06,CAL,8455,4355,4100,7640,796,19,ITF,ITF6,18,Calabria,Calabria,1947131,327154,16.8,0.43
3595,2021-02-11,CAL,2340,1044,1296,1062,1256,22,ITF,ITF6,18,Calabria,Calabria,1947131,329494,16.92,0.12
3596,2021-05-23,CAL,11388,5553,5835,6995,4350,43,ITF,ITF6,18,Calabria,Calabria,1947131,340882,17.51,0.58
3597,2021-03-01,CAL,2730,1550,1180,2270,456,4,ITF,ITF6,18,Calabria,Calabria,1947131,343612,17.65,0.14
3598,2021-03-11,CAL,7259,3450,3809,5947,1267,45,ITF,ITF6,18,Calabria,Calabria,1947131,350871,18.02,0.37
3599,2021-06-19,CAL,15835,7410,8425,8494,7276,65,ITF,ITF6,18,Calabria,Calabria,1947131,366706,18.83,0.81
3600,2021-05-14,CAL,19918,9568,10350,12943,6867,108,ITF,ITF6,18,Calabria,Calabria,1947131,386624,19.86,1.02
3601,2021-04-27,CAL,9955,4895,5060,7963,1946,46,ITF,ITF6,18,Calabria,Calabria,1947131,396579,20.37,0.51
3602,2021-04-23,CAL,13125,6444,6681,9431,3598,96,ITF,ITF6,18,Calabria,Calabria,1947131,409704,21.04,0.67
3603,2021-01-13,CAL,2056,1037,1019,2044,0,12,ITF,ITF6,18,Calabria,Calabria,1947131,411760,21.15,0.11
3604,2021-06-23,CAL,17154,7842,9312,8092,8981,81,ITF,ITF6,18,Calabria,Calabria,1947131,428914,22.03,0.88
3605,2021-05-24,CAL,17765,8896,8869,9933,7749,83,ITF,ITF6,18,Calabria,Calabria,1947131,446679,22.94,0.91
3606,2021-05-07,CAL,16122,7596,8526,9659,6389,74,ITF,ITF6,18,Calabria,Calabria,1947131,462801,23.77,0.83
3607,2021-02-13,CAL,1398,604,794,1030,365,3,ITF,ITF6,18,Calabria,Calabria,1947131,464199,23.84,0.07
3608,2021-06-11,CAL,17823,8758,9065,15121,2586,116,ITF,ITF6,18,Calabria,Calabria,1947131,482022,24.76,0.92
3609,2021-01-08,CAL,2179,1038,1141,2172,0,7,ITF,ITF6,18,Calabria,Calabria,1947131,484201,24.87,0.11
3610,2021-03-18,CAL,4427,2070,2357,2332,2072,23,ITF,ITF6,18,Calabria,Calabria,1947131,488628,25.09,0.23
3611,2021-01-30,CAL,2190,1155,1035,341,1846,3,ITF,ITF6,18,Calabria,Calabria,1947131,490818,25.21,0.11
3612,2021-02-17,CAL,1869,826,1043,1645,211,13,ITF,ITF6,18,Calabria,Calabria,1947131,492687,25.3,0.1
3613,2021-05-28,CAL,20985,10197,10788,11415,9459,111,ITF,ITF6,18,Calabria,Calabria,1947131,513672,26.38,1.08
3614,2021-04-15,CAL,7742,3797,3945,5973,1731,38,ITF,ITF6,18,Calabria,Calabria,1947131,521414,26.78,0.4
3615,2021-04-01,CAL,8672,3947,4725,4161,4479,32,ITF,ITF6,18,Calabria,Calabria,1947131,530086,27.22,0.45
3616,2021-02-15,CAL,1151,546,605,995,151,5,ITF,ITF6,18,Calabria,Calabria,1947131,531237,27.28,0.06
3617,2020-12-27,CAL,312,170,142,312,0,0,ITF,ITF6,18,Calabria,Calabria,1947131,531549,27.3,0.02
3618,2021-03-27,CAL,8765,3987,4778,4651,4071,43,ITF,ITF6,18,Calabria,Calabria,1947131,540314,27.75,0.45
3619,2021-07-05,CAL,13382,6256,7126,4289,9037,56,ITF,ITF6,18,Calabria,Calabria,1947131,553696,28.44,0.69
3620,2021-03-08,CAL,5494,2973,2521,4399,1068,27,ITF,ITF6,18,Calabria,Calabria,1947131,559190,28.72,0.28
3621,2021-03-25,CAL,7464,3515,3949,4565,2869,30,ITF,ITF6,18,Calabria,Calabria,1947131,566654,29.1,0.38
3622,2021-06-16,CAL,18315,8464,9851,12114,6116,85,ITF,ITF6,18,Calabria,Calabria,1947131,584969,30.04,0.94
3623,2021-05-09,CAL,9632,4497,5135,6055,3536,41,ITF,ITF6,18,Calabria,Calabria,1947131,594601,30.54,0.49
3624,2021-01-29,CAL,2063,993,1070,227,1835,1,ITF,ITF6,18,Calabria,Calabria,1947131,596664,30.64,0.11
3625,2021-05-04,CAL,16434,7575,8859,11647,4702,85,ITF,ITF6,18,Calabria,Calabria,1947131,613098,31.49,0.84
3626,2021-01-22,CAL,659,275,384,657,2,0,ITF,ITF6,18,Calabria,Calabria,1947131,613757,31.52,0.03
3627,2021-05-02,CAL,12518,5844,6674,10612,1849,57,ITF,ITF6,18,Calabria,Calabria,1947131,626275,32.16,0.64
3628,2021-06-09,CAL,18228,8604,9624,15906,2240,82,ITF,ITF6,18,Calabria,Calabria,1947131,644503,33.1,0.94
3629,2021-07-12,CAL,17962,8529,9433,2680,15234,48,ITF,ITF6,18,Calabria,Calabria,1947131,662465,34.02,0.92
3630,2021-01-10,CAL,937,530,407,937,0,0,ITF,ITF6,18,Calabria,Calabria,1947131,663402,34.07,0.05
3631,2021-04-20,CAL,7856,3964,3892,6056,1728,72,ITF,ITF6,18,Calabria,Calabria,1947131,671258,34.47,0.4
3632,2021-02-03,CAL,2828,1454,1374,562,2261,5,ITF,ITF6,18,Calabria,Calabria,1947131,674086,34.62,0.15
3633,2021-02-22,CAL,2055,1043,1012,1488,558,9,ITF,ITF6,18,Calabria,Calabria,1947131,676141,34.72,0.11
3634,2021-06-02,CAL,12099,5802,6297,8787,3265,47,ITF,ITF6,18,Calabria,Calabria,1947131,688240,35.35,0.62
3635,2021-03-13,CAL,6948,3019,3929,5934,986,28,ITF,ITF6,18,Calabria,Calabria,1947131,695188,35.7,0.36
3636,2021-01-15,CAL,2803,1260,1543,2797,0,6,ITF,ITF6,18,Calabria,Calabria,1947131,697991,35.85,0.14
3637,2021-04-25,CAL,15884,8059,7825,14795,1028,61,ITF,ITF6,18,Calabria,Calabria,1947131,713875,36.66,0.82
3638,2021-06-30,CAL,16369,7494,8875,7008,9266,95,ITF,ITF6,18,Calabria,Calabria,1947131,730244,37.5,0.84
3639,2021-06-28,CAL,13280,6118,7162,5367,7849,64,ITF,ITF6,18,Calabria,Calabria,1947131,743524,38.19,0.68
3640,2021-03-20,CAL,6716,3076,3640,4183,2517,16,ITF,ITF6,18,Calabria,Calabria,1947131,750240,38.53,0.34
3641,2021-04-06,CAL,8109,3691,4418,4446,3639,24,ITF,ITF6,18,Calabria,Calabria,1947131,758349,38.95,0.42
3642,2021-02-08,CAL,1856,737,1119,659,1194,3,ITF,ITF6,18,Calabria,Calabria,1947131,760205,39.04,0.1
3643,2021-04-24,CAL,19254,9580,9674,15734,3437,83,ITF,ITF6,18,Calabria,Calabria,1947131,779459,40.03,0.99
3644,2021-02-26,CAL,3083,1645,1438,2615,453,15,ITF,ITF6,18,Calabria,Calabria,1947131,782542,40.19,0.16
3645,2021-06-20,CAL,6648,3151,3497,3809,2811,28,ITF,ITF6,18,Calabria,Calabria,1947131,789190,40.53,0.34
3646,2021-06-06,CAL,13725,6593,7132,11957,1700,68,ITF,ITF6,18,Calabria,Calabria,1947131,802915,41.24,0.7
3647,2021-06-18,CAL,18848,8783,10065,11250,7491,107,ITF,ITF6,18,Calabria,Calabria,1947131,821763,42.2,0.97
3648,2021-03-10,CAL,6768,3451,3317,5402,1337,29,ITF,ITF6,18,Calabria,Calabria,1947131,828531,42.55,0.35
3649,2021-06-01,CAL,12861,5963,6898,7884,4919,58,ITF,ITF6,18,Calabria,Calabria,1947131,841392,43.21,0.66
3650,2021-03-29,CAL,5762,2490,3272,3978,1760,24,ITF,ITF6,18,Calabria,Calabria,1947131,847154,43.51,0.3
3651,2021-01-31,CAL,1116,557,559,153,963,0,ITF,ITF6,18,Calabria,Calabria,1947131,848270,43.57,0.06
3652,2021-07-07,CAL,13960,6581,7379,3910,9979,71,ITF,ITF6,18,Calabria,Calabria,1947131,862230,44.28,0.72
3653,2021-05-11,CAL,15081,7305,7776,10237,4777,67,ITF,ITF6,18,Calabria,Calabria,1947131,877311,45.06,0.77
3654,2021-05-16,CAL,13783,6725,7058,9920,3811,52,ITF,ITF6,18,Calabria,Calabria,1947131,891094,45.76,0.71
3655,2021-01-17,CAL,897,431,466,797,95,5,ITF,ITF6,18,Calabria,Calabria,1947131,891991,45.81,0.05
3656,2021-03-24,CAL,7821,3578,4243,4514,3285,22,ITF,ITF6,18,Calabria,Calabria,1947131,899812,46.21,0.4
3657,2021-04-10,CAL,11645,5269,6376,6747,4855,43,ITF,ITF6,18,Calabria,Calabria,1947131,911457,46.81,0.6
3658,2021-02-12,CAL,1710,668,1042,941,763,6,ITF,ITF6,18,Calabria,Calabria,1947131,913167,46.9,0.09
3659,2021-06-27,CAL,8416,3939,4477,4980,3400,36,ITF,ITF6,18,Calabria,Calabria,1947131,921583,47.33,0.43
3660,2021-04-03,CAL,9414,4072,5342,4508,4848,58,ITF,ITF6,18,Calabria,Calabria,1947131,930997,47.81,0.48
3661,2021-01-28,CAL,2268,1126,1142,82,2186,0,ITF,ITF6,18,Calabria,Calabria,1947131,933265,47.93,0.12
3662,2021-05-08,CAL,18462,8390,10072,10541,7857,64,ITF,ITF6,18,Calabria,Calabria,1947131,951727,48.88,0.95
3663,2021-05-22,CAL,22179,10553,11626,14234,7855,90,ITF,ITF6,18,Calabria,Calabria,1947131,973906,50.02,1.14
3664,2021-04-21,CAL,11552,5803,5749,8603,2898,51,ITF,ITF6,18,Calabria,Calabria,1947131,985458,50.61,0.59
3665,2021-01-07,CAL,2204,1077,1127,2200,0,4,ITF,ITF6,18,Calabria,Calabria,1947131,987662,50.72,0.11
3666,2021-06-13,CAL,6817,3350,3467,5718,1047,52,ITF,ITF6,18,Calabria,Calabria,1947131,994479,51.07,0.35
3667,2021-04-17,CAL,10832,5074,5758,9007,1780,45,ITF,ITF6,18,Calabria,Calabria,1947131,1005311,51.63,0.56
3668,2021-05-01,CAL,16694,7953,8741,12375,4233,86,ITF,ITF6,18,Calabria,Calabria,1947131,1022005,52.49,0.86
3669,2021-03-05,CAL,6237,3620,2617,5647,575,15,ITF,ITF6,18,Calabria,Calabria,1947131,1028242,52.81,0.32
3670,2021-04-08,CAL,9296,4395,4901,5784,3467,45,ITF,ITF6,18,Calabria,Calabria,1947131,1037538,53.29,0.48
3671,2021-02-10,CAL,2514,1081,1433,868,1631,15,ITF,ITF6,18,Calabria,Calabria,1947131,1040052,53.41,0.13
3672,2021-06-04,CAL,17522,8153,9369,12951,4502,69,ITF,ITF6,18,Calabria,Calabria,1947131,1057574,54.31,0.9
3673,2021-05-21,CAL,21333,10864,10469,13864,7361,108,ITF,ITF6,18,Calabria,Calabria,1947131,1078907,55.41,1.1
3674,2021-05-13,CAL,15948,7674,8274,11172,4710,66,ITF,ITF6,18,Calabria,Calabria,1947131,1094855,56.23,0.82
3675,2021-02-19,CAL,1509,682,827,1239,261,9,ITF,ITF6,18,Calabria,Calabria,1947131,1096364,56.31,0.08
3676,2021-05-30,CAL,10956,5268,5688,6769,4151,36,ITF,ITF6,18,Calabria,Calabria,1947131,1107320,56.87,0.56
3677,2021-03-15,CAL,3619,1744,1875,2160,1450,9,ITF,ITF6,18,Calabria,Calabria,1947131,1110939,57.06,0.19
3678,2021-07-02,CAL,16252,7528,8724,6237,9934,81,ITF,ITF6,18,Calabria,Calabria,1947131,1127191,57.89,0.83
3679,2021-05-20,CAL,16967,8489,8478,11259,5641,67,ITF,ITF6,18,Calabria,Calabria,1947131,1144158,58.76,0.87
3680,2021-02-07,CAL,861,430,431,146,713,2,ITF,ITF6,18,Calabria,Calabria,1947131,1145019,58.81,0.04
3681,2021-05-18,CAL,15335,7670,7665,11849,3418,68,ITF,ITF6,18,Calabria,Calabria,1947131,1160354,59.59,0.79
3682,2021-03-22,CAL,4961,2328,2633,3172,1765,24,ITF,ITF6,18,Calabria,Calabria,1947131,1165315,59.85,0.25
3683,2021-04-02,CAL,8528,3905,4623,4579,3917,32,ITF,ITF6,18,Calabria,Calabria,1947131,1173843,60.29,0.44
3684,2021-06-24,CAL,15280,6964,8316,6882,8324,74,ITF,ITF6,18,Calabria,Calabria,1947131,1189123,61.07,0.78
3685,2021-03-19,CAL,4187,1955,2232,1887,2293,7,ITF,ITF6,18,Calabria,Calabria,1947131,1193310,61.29,0.22
3686,2021-07-11,CAL,6425,2979,3446,845,5570,10,ITF,ITF6,18,Calabria,Calabria,1947131,1199735,61.62,0.33
3687,2021-06-10,CAL,15886,7327,8559,12977,2815,94,ITF,ITF6,18,Calabria,Calabria,1947131,1215621,62.43,0.82
3688,2021-02-05,CAL,3821,1721,2100,474,3332,15,ITF,ITF6,18,Calabria,Calabria,1947131,1219442,62.63,0.2
3689,2021-04-29,CAL,12461,6054,6407,8658,3752,51,ITF,ITF6,18,Calabria,Calabria,1947131,1231903,63.27,0.64
3690,2021-04-12,CAL,7034,3424,3610,5367,1645,22,ITF,ITF6,18,Calabria,Calabria,1947131,1238937,63.63,0.36
3691,2021-01-19,CAL,1119,493,626,1105,12,2,ITF,ITF6,18,Calabria,Calabria,1947131,1240056,63.69,0.06
3692,2021-07-04,CAL,5934,2812,3122,1980,3919,35,ITF,ITF6,18,Calabria,Calabria,1947131,1245990,63.99,0.3
3693,2021-06-17,CAL,15795,7216,8579,9588,6157,50,ITF,ITF6,18,Calabria,Calabria,1947131,1261785,64.8,0.81
3694,2021-03-26,CAL,8088,3838,4250,4937,3123,28,ITF,ITF6,18,Calabria,Calabria,1947131,1269873,65.22,0.42
3695,2021-03-12,CAL,5152,2468,2684,4079,1055,18,ITF,ITF6,18,Calabria,Calabria,1947131,1275025,65.48,0.26
3696,2021-01-14,CAL,2646,1256,1390,2640,0,6,ITF,ITF6,18,Calabria,Calabria,1947131,1277671,65.62,0.14
3697,2021-01-21,CAL,966,450,516,932,31,3,ITF,ITF6,18,Calabria,Calabria,1947131,1278637,65.67,0.05
3698,2021-05-17,CAL,14916,7466,7450,10152,4714,50,ITF,ITF6,18,Calabria,Calabria,1947131,1293553,66.43,0.77
3699,2021-02-21,CAL,624,295,329,546,77,1,ITF,ITF6,18,Calabria,Calabria,1947131,1294177,66.47,0.03
3700,2021-04-28,CAL,12559,6089,6470,9624,2864,71,ITF,ITF6,18,Calabria,Calabria,1947131,1306736,67.11,0.65
3701,2021-02-04,CAL,3611,1717,1894,647,2958,6,ITF,ITF6,18,Calabria,Calabria,1947131,1310347,67.3,0.19
3702,2021-05-15,CAL,27246,13035,14211,20261,6854,131,ITF,ITF6,18,Calabria,Calabria,1947131,1337593,68.7,1.4
3703,2021-02-02,CAL,2354,1153,1201,177,2177,0,ITF,ITF6,18,Calabria,Calabria,1947131,1339947,68.82,0.12
3704,2021-01-16,CAL,2402,1126,1276,2399,0,3,ITF,ITF6,18,Calabria,Calabria,1947131,1342349,68.94,0.12
3705,2021-02-09,CAL,2158,912,1246,946,1203,9,ITF,ITF6,18,Calabria,Calabria,1947131,1344507,69.05,0.11
3706,2021-05-29,CAL,19272,8951,10321,9343,9853,76,ITF,ITF6,18,Calabria,Calabria,1947131,1363779,70.04,0.99
3707,2021-04-14,CAL,8074,3897,4177,6585,1444,45,ITF,ITF6,18,Calabria,Calabria,1947131,1371853,70.46,0.41
3708,2021-02-16,CAL,1742,738,1004,1458,279,5,ITF,ITF6,18,Calabria,Calabria,1947131,1373595,70.54,0.09
3709,2021-05-27,CAL,17652,8726,8926,9767,7803,82,ITF,ITF6,18,Calabria,Calabria,1947131,1391247,71.45,0.91
3710,2021-01-24,CAL,45,18,27,39,6,0,ITF,ITF6,18,Calabria,Calabria,1947131,1391292,71.45,0.0
3711,2021-07-09,CAL,15647,7299,8348,3629,11949,69,ITF,ITF6,18,Calabria,Calabria,1947131,1406939,72.26,0.8
3712,2020-12-28,CAL,6,2,4,6,0,0,ITF,ITF6,18,Calabria,Calabria,1947131,1406945,72.26,0.0
3713,2021-06-03,CAL,14223,6648,7575,9584,4584,55,ITF,ITF6,18,Calabria,Calabria,1947131,1421168,72.99,0.73
3714,2021-04-07,CAL,7134,3246,3888,4075,3014,45,ITF,ITF6,18,Calabria,Calabria,1947131,1428302,73.35,0.37
3715,2021-02-23,CAL,1595,754,841,1475,115,5,ITF,ITF6,18,Calabria,Calabria,1947131,1429897,73.44,0.08
3716,2021-03-31,CAL,9103,4150,4953,5029,4040,34,ITF,ITF6,18,Calabria,Calabria,1947131,1439000,73.9,0.47
3717,2021-04-09,CAL,7951,3729,4222,4983,2888,80,ITF,ITF6,18,Calabria,Calabria,1947131,1446951,74.31,0.41
3718,2021-07-06,CAL,11819,5453,6366,3616,8145,58,ITF,ITF6,18,Calabria,Calabria,1947131,1458770,74.92,0.61
3719,2021-01-05,CAL,1524,714,810,1522,0,2,ITF,ITF6,18,Calabria,Calabria,1947131,1460294,75.0,0.08
3720,2021-01-12,CAL,2077,1028,1049,2068,0,9,ITF,ITF6,18,Calabria,Calabria,1947131,1462371,75.1,0.11
3721,2021-02-24,CAL,1914,975,939,1430,478,6,ITF,ITF6,18,Calabria,Calabria,1947131,1464285,75.2,0.1
3722,2021-06-05,CAL,20682,9685,10997,17615,2988,79,ITF,ITF6,18,Calabria,Calabria,1947131,1484967,76.26,1.06
3723,2021-01-02,CAL,166,94,72,166,0,0,ITF,ITF6,18,Calabria,Calabria,1947131,1485133,76.27,0.01
3724,2021-03-03,CAL,5059,2764,2295,3966,1080,13,ITF,ITF6,18,Calabria,Calabria,1947131,1490192,76.53,0.26
3725,2021-06-29,CAL,13017,6012,7005,5330,7637,50,ITF,ITF6,18,Calabria,Calabria,1947131,1503209,77.2,0.67
3726,2021-05-03,CAL,14776,6774,8002,10464,4225,87,ITF,ITF6,18,Calabria,Calabria,1947131,1517985,77.96,0.76
3727,2021-03-21,CAL,4452,1922,2530,2726,1716,10,ITF,ITF6,18,Calabria,Calabria,1947131,1522437,78.19,0.23
3728,2021-03-07,CAL,3396,1732,1664,3291,92,13,ITF,ITF6,18,Calabria,Calabria,1947131,1525833,78.36,0.17
3729,2021-06-15,CAL,9835,4554,5281,6436,3345,54,ITF,ITF6,18,Calabria,Calabria,1947131,1535668,78.87,0.51
3730,2021-03-14,CAL,2716,1056,1660,2281,429,6,ITF,ITF6,18,Calabria,Calabria,1947131,1538384,79.01,0.14
3731,2021-06-22,CAL,14577,6894,7683,7353,7132,92,ITF,ITF6,18,Calabria,Calabria,1947131,1552961,79.76,0.75
3732,2021-05-10,CAL,13162,6124,7038,7709,5398,55,ITF,ITF6,18,Calabria,Calabria,1947131,1566123,80.43,0.68
3733,2021-04-26,CAL,10186,5058,5128,7725,2417,44,ITF,ITF6,18,Calabria,Calabria,1947131,1576309,80.96,0.52
3734,2021-02-27,CAL,4007,2063,1944,3618,382,7,ITF,ITF6,18,Calabria,Calabria,1947131,1580316,81.16,0.21
3735,2021-01-27,CAL,1475,745,730,395,1079,1,ITF,ITF6,18,Calabria,Calabria,1947131,1581791,81.24,0.08
3736,2021-02-14,CAL,471,215,256,440,30,1,ITF,ITF6,18,Calabria,Calabria,1947131,1582262,81.26,0.02
3737,2021-05-25,CAL,16402,8030,8372,10206,6112,84,ITF,ITF6,18,Calabria,Calabria,1947131,1598664,82.1,0.84
3738,2021-01-26,CAL,1854,884,970,276,1577,1,ITF,ITF6,18,Calabria,Calabria,1947131,1600518,82.2,0.1
3739,2021-04-22,CAL,9757,4871,4886,6824,2888,45,ITF,ITF6,18,Calabria,Calabria,1947131,1610275,82.7,0.5
3740,2021-05-06,CAL,13262,6276,6986,8924,4272,66,ITF,ITF6,18,Calabria,Calabria,1947131,1623537,83.38,0.68
3741,2021-07-14,CAL,22607,10659,11948,4163,18369,75,ITF,ITF6,18,Calabria,Calabria,1947131,1646144,84.54,1.16
3742,2021-04-05,CAL,3642,1727,1915,2671,959,12,ITF,ITF6,18,Calabria,Calabria,1947131,1649786,84.73,0.19
3743,2021-06-08,CAL,16666,7898,8768,14513,2033,120,ITF,ITF6,18,Calabria,Calabria,1947131,1666452,85.58,0.86
3744,2021-03-17,CAL,4113,1829,2284,2182,1924,7,ITF,ITF6,18,Calabria,Calabria,1947131,1670565,85.8,0.21
3745,2021-06-25,CAL,18793,8727,10066,8067,10649,77,ITF,ITF6,18,Calabria,Calabria,1947131,1689358,86.76,0.97
3746,2021-07-13,CAL,17402,8147,9255,2323,15013,66,ITF,ITF6,18,Calabria,Calabria,1947131,1706760,87.66,0.89
3747,2021-04-19,CAL,7873,3798,4075,6154,1674,45,ITF,ITF6,18,Calabria,Calabria,1947131,1714633,88.06,0.4
3748,2021-01-09,CAL,1979,1065,914,1971,0,8,ITF,ITF6,18,Calabria,Calabria,1947131,1716612,88.16,0.1
3749,2021-02-28,CAL,2339,1062,1277,2182,154,3,ITF,ITF6,18,Calabria,Calabria,1947131,1718951,88.28,0.12
3750,2021-07-13,TOS,29284,14709,14575,7712,21403,169,ITI,ITI1,9,Toscana,Toscana,3729641,29284,0.79,0.79
3751,2021-04-02,TOS,31989,13570,18419,23714,8027,248,ITI,ITI1,9,Toscana,Toscana,3729641,61273,1.64,0.86
3752,2021-07-11,TOS,26110,12681,13429,9136,16807,167,ITI,ITI1,9,Toscana,Toscana,3729641,87383,2.34,0.7
3753,2021-06-24,TOS,29424,14604,14820,19298,9738,388,ITI,ITI1,9,Toscana,Toscana,3729641,116807,3.13,0.79
3754,2021-06-22,TOS,31016,15604,15412,22439,8203,374,ITI,ITI1,9,Toscana,Toscana,3729641,147823,3.96,0.83
3755,2021-05-17,TOS,29755,14871,14884,20621,8933,201,ITI,ITI1,9,Toscana,Toscana,3729641,177578,4.76,0.8
3756,2021-03-21,TOS,3294,1628,1666,1819,1433,42,ITI,ITI1,9,Toscana,Toscana,3729641,180872,4.85,0.09
3757,2021-01-23,TOS,3966,1360,2606,634,3326,6,ITI,ITI1,9,Toscana,Toscana,3729641,184838,4.96,0.11
3758,2021-06-29,TOS,36986,18010,18976,7978,28865,143,ITI,ITI1,9,Toscana,Toscana,3729641,221824,5.95,0.99
3759,2021-05-03,TOS,11927,5507,6420,10369,1317,241,ITI,ITI1,9,Toscana,Toscana,3729641,233751,6.27,0.32
3760,2021-06-05,TOS,28425,13594,14831,20551,7610,264,ITI,ITI1,9,Toscana,Toscana,3729641,262176,7.03,0.76
3761,2021-01-11,TOS,5095,1691,3404,4995,0,100,ITI,ITI1,9,Toscana,Toscana,3729641,267271,7.17,0.14
3762,2021-04-21,TOS,29621,12678,16943,16863,12128,630,ITI,ITI1,9,Toscana,Toscana,3729641,296892,7.96,0.79
3763,2021-02-23,TOS,7723,3325,4398,7219,161,343,ITI,ITI1,9,Toscana,Toscana,3729641,304615,8.17,0.21
3764,2021-06-03,TOS,32040,15446,16594,27134,4584,322,ITI,ITI1,9,Toscana,Toscana,3729641,336655,9.03,0.86
3765,2021-01-16,TOS,3271,1046,2225,3213,0,58,ITI,ITI1,9,Toscana,Toscana,3729641,339926,9.11,0.09
3766,2021-04-26,TOS,10143,4933,5210,7458,2553,132,ITI,ITI1,9,Toscana,Toscana,3729641,350069,9.39,0.27
3767,2021-01-02,TOS,3497,1096,2401,3453,0,44,ITI,ITI1,9,Toscana,Toscana,3729641,353566,9.48,0.09
3768,2021-03-07,TOS,5647,2357,3290,1997,3544,106,ITI,ITI1,9,Toscana,Toscana,3729641,359213,9.63,0.15
3769,2021-05-22,TOS,26017,12658,13359,21457,4286,274,ITI,ITI1,9,Toscana,Toscana,3729641,385230,10.33,0.7
3770,2021-05-05,TOS,30113,13440,16673,14880,14512,721,ITI,ITI1,9,Toscana,Toscana,3729641,415343,11.14,0.81
3771,2021-02-28,TOS,1649,667,982,851,727,71,ITI,ITI1,9,Toscana,Toscana,3729641,416992,11.18,0.04
3772,2021-02-11,TOS,5384,2022,3362,5064,242,78,ITI,ITI1,9,Toscana,Toscana,3729641,422376,11.32,0.14
3773,2021-02-09,TOS,4488,1468,3020,3763,611,114,ITI,ITI1,9,Toscana,Toscana,3729641,426864,11.45,0.12
3774,2021-04-07,TOS,35826,15464,20362,28169,7249,408,ITI,ITI1,9,Toscana,Toscana,3729641,462690,12.41,0.96
3775,2021-06-12,TOS,29382,15147,14235,24650,4387,345,ITI,ITI1,9,Toscana,Toscana,3729641,492072,13.19,0.79
3776,2021-04-16,TOS,28947,12879,16068,21427,6898,622,ITI,ITI1,9,Toscana,Toscana,3729641,521019,13.97,0.78
3777,2021-01-28,TOS,6282,1882,4400,347,5928,7,ITI,ITI1,9,Toscana,Toscana,3729641,527301,14.14,0.17
3778,2021-03-19,TOS,10142,4460,5682,7131,2868,143,ITI,ITI1,9,Toscana,Toscana,3729641,537443,14.41,0.27
3779,2021-07-01,TOS,32036,15502,16534,10720,21049,267,ITI,ITI1,9,Toscana,Toscana,3729641,569479,15.27,0.86
3780,2021-03-26,TOS,20679,9393,11286,14716,5765,198,ITI,ITI1,9,Toscana,Toscana,3729641,590158,15.82,0.55
3781,2021-03-09,TOS,11131,4569,6562,5504,5552,75,ITI,ITI1,9,Toscana,Toscana,3729641,601289,16.12,0.3
3782,2021-04-09,TOS,24599,10580,14019,20746,3409,444,ITI,ITI1,9,Toscana,Toscana,3729641,625888,16.78,0.66
3783,2021-06-17,TOS,32530,16665,15865,26654,5545,331,ITI,ITI1,9,Toscana,Toscana,3729641,658418,17.65,0.87
3784,2021-02-04,TOS,4253,1594,2659,934,3292,27,ITI,ITI1,9,Toscana,Toscana,3729641,662671,17.77,0.11
3785,2021-03-28,TOS,6212,2808,3404,5880,254,78,ITI,ITI1,9,Toscana,Toscana,3729641,668883,17.93,0.17
3786,2021-01-30,TOS,4622,1622,3000,179,4425,18,ITI,ITI1,9,Toscana,Toscana,3729641,673505,18.06,0.12
3787,2021-07-06,TOS,25755,13021,12734,11040,14497,218,ITI,ITI1,9,Toscana,Toscana,3729641,699260,18.75,0.69
3788,2021-05-10,TOS,26205,12399,13806,15330,10631,244,ITI,ITI1,9,Toscana,Toscana,3729641,725465,19.45,0.7
3789,2021-03-14,TOS,7174,2569,4605,3150,3935,89,ITI,ITI1,9,Toscana,Toscana,3729641,732639,19.64,0.19
3790,2021-01-09,TOS,4485,1596,2889,4419,0,66,ITI,ITI1,9,Toscana,Toscana,3729641,737124,19.76,0.12
3791,2021-03-18,TOS,9980,3984,5996,5870,3972,138,ITI,ITI1,9,Toscana,Toscana,3729641,747104,20.03,0.27
3792,2021-06-26,TOS,34534,16756,17778,10000,24309,225,ITI,ITI1,9,Toscana,Toscana,3729641,781638,20.96,0.93
3793,2021-06-09,TOS,34791,17553,17238,33914,461,416,ITI,ITI1,9,Toscana,Toscana,3729641,816429,21.89,0.93
3794,2021-02-16,TOS,9280,3340,5940,8329,721,230,ITI,ITI1,9,Toscana,Toscana,3729641,825709,22.14,0.25
3795,2021-05-02,TOS,11167,4931,6236,8968,1964,235,ITI,ITI1,9,Toscana,Toscana,3729641,836876,22.44,0.3
3796,2021-02-25,TOS,10633,4306,6327,9471,998,164,ITI,ITI1,9,Toscana,Toscana,3729641,847509,22.72,0.29
3797,2021-06-28,TOS,37652,18114,19538,8442,29044,166,ITI,ITI1,9,Toscana,Toscana,3729641,885161,23.73,1.01
3798,2021-01-20,TOS,1332,638,694,1021,248,63,ITI,ITI1,9,Toscana,Toscana,3729641,886493,23.77,0.04
3799,2021-06-10,TOS,26374,13531,12843,25487,546,341,ITI,ITI1,9,Toscana,Toscana,3729641,912867,24.48,0.71
3800,2021-05-24,TOS,33736,16715,17021,23856,9578,302,ITI,ITI1,9,Toscana,Toscana,3729641,946603,25.38,0.9
3801,2021-01-25,TOS,5127,1895,3232,242,4880,5,ITI,ITI1,9,Toscana,Toscana,3729641,951730,25.52,0.14
3802,2021-04-18,TOS,8359,4091,4268,7060,1029,270,ITI,ITI1,9,Toscana,Toscana,3729641,960089,25.74,0.22
3803,2021-03-02,TOS,10599,3799,6800,7046,3444,109,ITI,ITI1,9,Toscana,Toscana,3729641,970688,26.03,0.28
3804,2021-01-04,TOS,5066,1895,3171,5001,0,65,ITI,ITI1,9,Toscana,Toscana,3729641,975754,26.16,0.14
3805,2021-04-14,TOS,20183,8345,11838,14538,5109,536,ITI,ITI1,9,Toscana,Toscana,3729641,995937,26.7,0.54
3806,2021-06-14,TOS,31785,16321,15464,27398,4106,281,ITI,ITI1,9,Toscana,Toscana,3729641,1027722,27.56,0.85
3807,2021-03-04,TOS,17847,6950,10897,14616,3082,149,ITI,ITI1,9,Toscana,Toscana,3729641,1045569,28.03,0.48
3808,2021-05-15,TOS,29345,13853,15492,22865,5892,588,ITI,ITI1,9,Toscana,Toscana,3729641,1074914,28.82,0.79
3809,2021-04-28,TOS,19121,8179,10942,3466,15307,348,ITI,ITI1,9,Toscana,Toscana,3729641,1094035,29.33,0.51
3810,2021-02-18,TOS,8822,3285,5537,7744,896,182,ITI,ITI1,9,Toscana,Toscana,3729641,1102857,29.57,0.24
3811,2021-05-29,TOS,31562,15258,16304,23173,8162,227,ITI,ITI1,9,Toscana,Toscana,3729641,1134419,30.42,0.85
3812,2021-03-23,TOS,9429,4402,5027,6964,2275,190,ITI,ITI1,9,Toscana,Toscana,3729641,1143848,30.67,0.25
3813,2020-12-30,TOS,327,104,223,326,0,1,ITI,ITI1,9,Toscana,Toscana,3729641,1144175,30.68,0.01
3814,2021-01-21,TOS,1589,686,903,858,722,9,ITI,ITI1,9,Toscana,Toscana,3729641,1145764,30.72,0.04
3815,2021-06-02,TOS,27588,13616,13972,21853,5507,228,ITI,ITI1,9,Toscana,Toscana,3729641,1173352,31.46,0.74
3816,2021-04-06,TOS,22225,9823,12402,18095,3717,413,ITI,ITI1,9,Toscana,Toscana,3729641,1195577,32.06,0.6
3817,2021-02-08,TOS,4099,1362,2737,3529,459,111,ITI,ITI1,9,Toscana,Toscana,3729641,1199676,32.17,0.11
3818,2021-07-15,TOS,11356,5488,5868,3552,7713,91,ITI,ITI1,9,Toscana,Toscana,3729641,1211032,32.47,0.3
3819,2021-05-19,TOS,27959,13578,14381,18624,9055,280,ITI,ITI1,9,Toscana,Toscana,3729641,1238991,33.22,0.75
3820,2021-04-13,TOS,8488,3505,4983,5750,2458,280,ITI,ITI1,9,Toscana,Toscana,3729641,1247479,33.45,0.23
3821,2021-02-06,TOS,4527,1550,2977,1262,3233,32,ITI,ITI1,9,Toscana,Toscana,3729641,1252006,33.57,0.12
3822,2021-04-04,TOS,13922,6609,7313,13508,253,161,ITI,ITI1,9,Toscana,Toscana,3729641,1265928,33.94,0.37
3823,2021-03-16,TOS,4899,1882,3017,2565,2251,83,ITI,ITI1,9,Toscana,Toscana,3729641,1270827,34.07,0.13
3824,2021-02-27,TOS,1984,756,1228,1007,902,75,ITI,ITI1,9,Toscana,Toscana,3729641,1272811,34.13,0.05
3825,2021-06-07,TOS,34904,17119,17785,30925,3648,331,ITI,ITI1,9,Toscana,Toscana,3729641,1307715,35.06,0.94
3826,2021-05-21,TOS,28917,13477,15440,17201,11442,274,ITI,ITI1,9,Toscana,Toscana,3729641,1336632,35.84,0.78
3827,2021-04-30,TOS,40194,17787,22407,19650,19894,650,ITI,ITI1,9,Toscana,Toscana,3729641,1376826,36.92,1.08
3828,2021-04-25,TOS,11058,5248,5810,8759,2139,160,ITI,ITI1,9,Toscana,Toscana,3729641,1387884,37.21,0.3
3829,2021-01-13,TOS,4062,1398,2664,3998,0,64,ITI,ITI1,9,Toscana,Toscana,3729641,1391946,37.32,0.11
3830,2021-04-23,TOS,25646,11415,14231,8839,16305,502,ITI,ITI1,9,Toscana,Toscana,3729641,1417592,38.01,0.69
3831,2021-02-20,TOS,4640,1789,2851,3995,513,132,ITI,ITI1,9,Toscana,Toscana,3729641,1422232,38.13,0.12
3832,2021-05-31,TOS,30326,14635,15691,19259,10826,241,ITI,ITI1,9,Toscana,Toscana,3729641,1452558,38.95,0.81
3833,2021-05-14,TOS,33352,15433,17919,20018,12700,634,ITI,ITI1,9,Toscana,Toscana,3729641,1485910,39.84,0.89
3834,2021-01-01,TOS,2370,788,1582,2325,0,45,ITI,ITI1,9,Toscana,Toscana,3729641,1488280,39.9,0.06
3835,2021-04-11,TOS,3645,1680,1965,3337,155,153,ITI,ITI1,9,Toscana,Toscana,3729641,1491925,40.0,0.1
3836,2021-07-10,TOS,29254,14156,15098,7949,21124,181,ITI,ITI1,9,Toscana,Toscana,3729641,1521179,40.79,0.78
3837,2021-05-07,TOS,32140,14707,17433,11571,20161,408,ITI,ITI1,9,Toscana,Toscana,3729641,1553319,41.65,0.86
3838,2021-06-21,TOS,31154,15456,15698,18135,12765,254,ITI,ITI1,9,Toscana,Toscana,3729641,1584473,42.48,0.84
3839,2021-01-06,TOS,4519,1460,3059,4467,0,52,ITI,ITI1,9,Toscana,Toscana,3729641,1588992,42.6,0.12
3840,2021-03-11,TOS,15897,6348,9549,12393,3329,175,ITI,ITI1,9,Toscana,Toscana,3729641,1604889,43.03,0.43
3841,2021-06-19,TOS,26466,13889,12577,21384,4754,328,ITI,ITI1,9,Toscana,Toscana,3729641,1631355,43.74,0.71
3842,2021-06-11,TOS,29731,15479,14252,24722,4656,353,ITI,ITI1,9,Toscana,Toscana,3729641,1661086,44.54,0.8
3843,2021-04-15,TOS,24404,10195,14209,15306,8572,526,ITI,ITI1,9,Toscana,Toscana,3729641,1685490,45.19,0.65
3844,2021-02-17,TOS,8176,3170,5006,7305,752,119,ITI,ITI1,9,Toscana,Toscana,3729641,1693666,45.41,0.22
3845,2021-03-01,TOS,4474,1734,2740,767,3641,66,ITI,ITI1,9,Toscana,Toscana,3729641,1698140,45.53,0.12
3846,2021-03-20,TOS,6587,2978,3609,5364,1136,87,ITI,ITI1,9,Toscana,Toscana,3729641,1704727,45.71,0.18
3847,2021-01-22,TOS,2866,1064,1802,525,2338,3,ITI,ITI1,9,Toscana,Toscana,3729641,1707593,45.78,0.08
3848,2021-07-07,TOS,25600,12592,13008,9333,16086,181,ITI,ITI1,9,Toscana,Toscana,3729641,1733193,46.47,0.69
3849,2021-02-13,TOS,7786,2361,5425,7416,227,143,ITI,ITI1,9,Toscana,Toscana,3729641,1740979,46.68,0.21
3850,2021-01-08,TOS,5947,1643,4304,5854,0,93,ITI,ITI1,9,Toscana,Toscana,3729641,1746926,46.84,0.16
3851,2021-07-12,TOS,28118,13923,14195,9558,18269,291,ITI,ITI1,9,Toscana,Toscana,3729641,1775044,47.59,0.75
3852,2021-04-01,TOS,27057,11231,15826,16163,10662,232,ITI,ITI1,9,Toscana,Toscana,3729641,1802101,48.32,0.73
3853,2021-03-15,TOS,8698,3645,5053,4084,4443,171,ITI,ITI1,9,Toscana,Toscana,3729641,1810799,48.55,0.23
3854,2021-06-23,TOS,31507,15271,16236,19784,11372,351,ITI,ITI1,9,Toscana,Toscana,3729641,1842306,49.4,0.84
3855,2021-07-03,TOS,29366,14789,14577,11852,17142,372,ITI,ITI1,9,Toscana,Toscana,3729641,1871672,50.18,0.79
3856,2021-03-06,TOS,7110,2852,4258,2832,4196,82,ITI,ITI1,9,Toscana,Toscana,3729641,1878782,50.37,0.19
3857,2021-02-03,TOS,4222,1452,2770,237,3981,4,ITI,ITI1,9,Toscana,Toscana,3729641,1883004,50.49,0.11
3858,2021-01-15,TOS,3878,1347,2531,3818,0,60,ITI,ITI1,9,Toscana,Toscana,3729641,1886882,50.59,0.1
3859,2021-06-18,TOS,30769,16233,14536,24991,5382,396,ITI,ITI1,9,Toscana,Toscana,3729641,1917651,51.42,0.82
3860,2021-03-25,TOS,23896,10377,13519,15296,8352,248,ITI,ITI1,9,Toscana,Toscana,3729641,1941547,52.06,0.64
3861,2021-04-12,TOS,2621,1190,1431,1800,654,167,ITI,ITI1,9,Toscana,Toscana,3729641,1944168,52.13,0.07
3862,2021-05-13,TOS,35106,15513,19593,13201,21265,640,ITI,ITI1,9,Toscana,Toscana,3729641,1979274,53.07,0.94
3863,2021-04-29,TOS,39305,17705,21600,18565,20083,657,ITI,ITI1,9,Toscana,Toscana,3729641,2018579,54.12,1.05
3864,2021-05-28,TOS,30114,13946,16168,17423,12464,227,ITI,ITI1,9,Toscana,Toscana,3729641,2048693,54.93,0.81
3865,2021-04-22,TOS,35698,15294,20404,17388,17487,823,ITI,ITI1,9,Toscana,Toscana,3729641,2084391,55.89,0.96
3866,2021-02-24,TOS,10371,4467,5904,10040,197,134,ITI,ITI1,9,Toscana,Toscana,3729641,2094762,56.17,0.28
3867,2021-06-04,TOS,28299,13422,14877,20244,7793,262,ITI,ITI1,9,Toscana,Toscana,3729641,2123061,56.92,0.76
3868,2021-04-08,TOS,29683,12557,17126,22937,6386,360,ITI,ITI1,9,Toscana,Toscana,3729641,2152744,57.72,0.8
3869,2021-03-03,TOS,18229,6539,11690,14499,3606,124,ITI,ITI1,9,Toscana,Toscana,3729641,2170973,58.21,0.49
3870,2021-05-26,TOS,35592,17103,18489,20124,15200,268,ITI,ITI1,9,Toscana,Toscana,3729641,2206565,59.16,0.95
3871,2021-03-30,TOS,17019,7643,9376,13267,3564,188,ITI,ITI1,9,Toscana,Toscana,3729641,2223584,59.62,0.46
3872,2021-07-08,TOS,20995,10320,10675,9242,11513,240,ITI,ITI1,9,Toscana,Toscana,3729641,2244579,60.18,0.56
3873,2021-05-23,TOS,28415,13661,14754,25563,2560,292,ITI,ITI1,9,Toscana,Toscana,3729641,2272994,60.94,0.76
3874,2021-02-10,TOS,4263,1281,2982,3584,523,156,ITI,ITI1,9,Toscana,Toscana,3729641,2277257,61.06,0.11
3875,2021-05-04,TOS,18313,8215,10098,12427,5452,434,ITI,ITI1,9,Toscana,Toscana,3729641,2295570,61.55,0.49
3876,2021-02-05,TOS,5750,2245,3505,1890,3826,34,ITI,ITI1,9,Toscana,Toscana,3729641,2301320,61.7,0.15
3877,2021-05-16,TOS,26675,12886,13789,23888,2467,320,ITI,ITI1,9,Toscana,Toscana,3729641,2327995,62.42,0.72
3878,2021-05-11,TOS,27949,12983,14966,12114,15467,368,ITI,ITI1,9,Toscana,Toscana,3729641,2355944,63.17,0.75
3879,2021-03-13,TOS,9288,3310,5978,5172,3964,152,ITI,ITI1,9,Toscana,Toscana,3729641,2365232,63.42,0.25
3880,2021-07-14,TOS,28473,14063,14410,8479,19750,244,ITI,ITI1,9,Toscana,Toscana,3729641,2393705,64.18,0.76
3881,2021-01-29,TOS,6144,1700,4444,292,5840,12,ITI,ITI1,9,Toscana,Toscana,3729641,2399849,64.35,0.16
3882,2021-05-09,TOS,22532,9768,12764,9418,12860,254,ITI,ITI1,9,Toscana,Toscana,3729641,2422381,64.95,0.6
3883,2021-03-24,TOS,20015,8303,11712,10418,9456,141,ITI,ITI1,9,Toscana,Toscana,3729641,2442396,65.49,0.54
3884,2021-02-21,TOS,5105,2089,3016,4730,170,205,ITI,ITI1,9,Toscana,Toscana,3729641,2447501,65.62,0.14
3885,2021-06-01,TOS,26948,13393,13555,22869,3834,245,ITI,ITI1,9,Toscana,Toscana,3729641,2474449,66.35,0.72
3886,2021-07-02,TOS,28185,14133,14052,10801,17105,279,ITI,ITI1,9,Toscana,Toscana,3729641,2502634,67.1,0.76
3887,2021-06-15,TOS,31186,16055,15131,26289,4564,333,ITI,ITI1,9,Toscana,Toscana,3729641,2533820,67.94,0.84
3888,2021-03-10,TOS,18374,7409,10965,14252,4018,104,ITI,ITI1,9,Toscana,Toscana,3729641,2552194,68.43,0.49
3889,2021-01-10,TOS,3002,1105,1897,2948,0,54,ITI,ITI1,9,Toscana,Toscana,3729641,2555196,68.51,0.08
3890,2021-04-20,TOS,18159,8109,10050,12228,5574,357,ITI,ITI1,9,Toscana,Toscana,3729641,2573355,69.0,0.49
3891,2021-04-03,TOS,15014,6646,8368,13675,1126,213,ITI,ITI1,9,Toscana,Toscana,3729641,2588369,69.4,0.4
3892,2021-01-27,TOS,4835,1573,3262,201,4629,5,ITI,ITI1,9,Toscana,Toscana,3729641,2593204,69.53,0.13
3893,2021-03-17,TOS,11421,4587,6834,6799,4529,93,ITI,ITI1,9,Toscana,Toscana,3729641,2604625,69.84,0.31
3894,2021-01-05,TOS,5249,1755,3494,5193,0,56,ITI,ITI1,9,Toscana,Toscana,3729641,2609874,69.98,0.14
3895,2021-01-19,TOS,1106,533,573,1064,0,42,ITI,ITI1,9,Toscana,Toscana,3729641,2610980,70.01,0.03
3896,2021-01-12,TOS,3581,1398,2183,3508,0,73,ITI,ITI1,9,Toscana,Toscana,3729641,2614561,70.1,0.1
3897,2021-02-02,TOS,3742,1475,2267,189,3546,7,ITI,ITI1,9,Toscana,Toscana,3729641,2618303,70.2,0.1
3898,2021-02-12,TOS,7618,2694,4924,7296,213,109,ITI,ITI1,9,Toscana,Toscana,3729641,2625921,70.41,0.2
3899,2021-01-26,TOS,5393,1792,3601,216,5173,4,ITI,ITI1,9,Toscana,Toscana,3729641,2631314,70.55,0.14
3900,2021-05-06,TOS,31340,13631,17709,13480,17180,680,ITI,ITI1,9,Toscana,Toscana,3729641,2662654,71.39,0.84
3901,2021-04-19,TOS,9097,4510,4587,7755,1032,310,ITI,ITI1,9,Toscana,Toscana,3729641,2671751,71.64,0.24
3902,2021-04-17,TOS,20535,9207,11328,17922,2134,479,ITI,ITI1,9,Toscana,Toscana,3729641,2692286,72.19,0.55
3903,2021-05-20,TOS,29759,13910,15849,18608,10839,312,ITI,ITI1,9,Toscana,Toscana,3729641,2722045,72.98,0.8
3904,2021-01-31,TOS,3050,1129,1921,103,2944,3,ITI,ITI1,9,Toscana,Toscana,3729641,2725095,73.07,0.08
3905,2021-04-05,TOS,15285,6826,8459,14376,737,172,ITI,ITI1,9,Toscana,Toscana,3729641,2740380,73.48,0.41
3906,2021-02-07,TOS,2807,953,1854,867,1920,20,ITI,ITI1,9,Toscana,Toscana,3729641,2743187,73.55,0.08
3907,2021-03-27,TOS,8863,4154,4709,8514,215,134,ITI,ITI1,9,Toscana,Toscana,3729641,2752050,73.79,0.24
3908,2021-06-30,TOS,38242,18502,19740,8453,29576,213,ITI,ITI1,9,Toscana,Toscana,3729641,2790292,74.81,1.03
3909,2021-02-14,TOS,9000,2569,6431,8740,110,150,ITI,ITI1,9,Toscana,Toscana,3729641,2799292,75.06,0.24
3910,2021-05-25,TOS,34177,16497,17680,19264,14629,284,ITI,ITI1,9,Toscana,Toscana,3729641,2833469,75.97,0.92
3911,2021-03-29,TOS,9672,4830,4842,9218,324,130,ITI,ITI1,9,Toscana,Toscana,3729641,2843141,76.23,0.26
3912,2021-05-27,TOS,28345,13192,15153,13268,14855,222,ITI,ITI1,9,Toscana,Toscana,3729641,2871486,76.99,0.76
3913,2021-03-31,TOS,32712,13255,19457,20222,12164,326,ITI,ITI1,9,Toscana,Toscana,3729641,2904198,77.87,0.88
3914,2021-07-09,TOS,29103,14096,15007,7708,21203,192,ITI,ITI1,9,Toscana,Toscana,3729641,2933301,78.65,0.78
3915,2021-03-22,TOS,5253,2765,2488,4678,446,129,ITI,ITI1,9,Toscana,Toscana,3729641,2938554,78.79,0.14
3916,2021-06-25,TOS,33603,16792,16811,12113,21215,275,ITI,ITI1,9,Toscana,Toscana,3729641,2972157,79.69,0.9
3917,2021-06-08,TOS,32568,16700,15868,31725,487,356,ITI,ITI1,9,Toscana,Toscana,3729641,3004725,80.56,0.87
3918,2021-02-26,TOS,10080,3834,6246,8659,1206,215,ITI,ITI1,9,Toscana,Toscana,3729641,3014805,80.83,0.27
3919,2021-06-06,TOS,28297,13649,14648,22577,5361,359,ITI,ITI1,9,Toscana,Toscana,3729641,3043102,81.59,0.76
3920,2020-12-27,TOS,620,267,353,615,0,5,ITI,ITI1,9,Toscana,Toscana,3729641,3043722,81.61,0.02
3921,2021-01-03,TOS,3336,1052,2284,3290,0,46,ITI,ITI1,9,Toscana,Toscana,3729641,3047058,81.7,0.09
3922,2021-02-15,TOS,8770,3376,5394,7775,826,169,ITI,ITI1,9,Toscana,Toscana,3729641,3055828,81.93,0.24
3923,2021-02-22,TOS,9818,4254,5564,9169,277,372,ITI,ITI1,9,Toscana,Toscana,3729641,3065646,82.2,0.26
3924,2021-05-18,TOS,28834,14268,14566,19741,8821,272,ITI,ITI1,9,Toscana,Toscana,3729641,3094480,82.97,0.77
3925,2021-01-24,TOS,3349,1073,2276,198,3148,3,ITI,ITI1,9,Toscana,Toscana,3729641,3097829,83.06,0.09
3926,2021-01-07,TOS,6018,1751,4267,5932,0,86,ITI,ITI1,9,Toscana,Toscana,3729641,3103847,83.22,0.16
3927,2021-05-08,TOS,29150,13112,16038,13287,15472,391,ITI,ITI1,9,Toscana,Toscana,3729641,3132997,84.0,0.78
3928,2021-03-12,TOS,16979,6616,10363,13269,3528,182,ITI,ITI1,9,Toscana,Toscana,3729641,3149976,84.46,0.46
3929,2021-01-14,TOS,3255,1179,2076,3220,0,35,ITI,ITI1,9,Toscana,Toscana,3729641,3153231,84.55,0.09
3930,2021-06-20,TOS,25176,12486,12690,15421,9517,238,ITI,ITI1,9,Toscana,Toscana,3729641,3178407,85.22,0.68
3931,2021-04-24,TOS,13434,6168,7266,5621,7445,368,ITI,ITI1,9,Toscana,Toscana,3729641,3191841,85.58,0.36
3932,2021-06-27,TOS,33295,16072,17223,5924,27243,128,ITI,ITI1,9,Toscana,Toscana,3729641,3225136,86.47,0.89
3933,2021-05-01,TOS,23316,10064,13252,13723,9183,410,ITI,ITI1,9,Toscana,Toscana,3729641,3248452,87.1,0.63
3934,2021-03-05,TOS,16878,6689,10189,11948,4755,175,ITI,ITI1,9,Toscana,Toscana,3729641,3265330,87.55,0.45
3935,2021-06-13,TOS,24606,12346,12260,22599,1659,348,ITI,ITI1,9,Toscana,Toscana,3729641,3289936,88.21,0.66
3936,2021-05-12,TOS,34200,15574,18626,13581,20032,587,ITI,ITI1,9,Toscana,Toscana,3729641,3324136,89.13,0.92
3937,2021-01-18,TOS,1119,636,483,971,98,50,ITI,ITI1,9,Toscana,Toscana,3729641,3325255,89.16,0.03
3938,2021-02-01,TOS,5509,1958,3551,511,4988,10,ITI,ITI1,9,Toscana,Toscana,3729641,3330764,89.31,0.15
3939,2021-04-27,TOS,10354,4916,5438,3666,6488,200,ITI,ITI1,9,Toscana,Toscana,3729641,3341118,89.58,0.28
3940,2021-01-17,TOS,2535,870,1665,1986,514,35,ITI,ITI1,9,Toscana,Toscana,3729641,3343653,89.65,0.07
3941,2021-07-05,TOS,30479,15063,15416,10334,19917,228,ITI,ITI1,9,Toscana,Toscana,3729641,3374132,90.47,0.82
3942,2021-03-08,TOS,6707,2945,3762,1844,4820,43,ITI,ITI1,9,Toscana,Toscana,3729641,3380839,90.65,0.18
3943,2021-06-16,TOS,31745,16253,15492,26255,5174,316,ITI,ITI1,9,Toscana,Toscana,3729641,3412584,91.5,0.85
3944,2021-05-30,TOS,28683,13945,14738,21495,6946,242,ITI,ITI1,9,Toscana,Toscana,3729641,3441267,92.27,0.77
3945,2021-07-04,TOS,31504,15292,16212,9369,21848,287,ITI,ITI1,9,Toscana,Toscana,3729641,3472771,93.11,0.84
3946,2020-12-31,TOS,802,201,601,798,0,4,ITI,ITI1,9,Toscana,Toscana,3729641,3473573,93.13,0.02
3947,2021-04-10,TOS,11722,5349,6373,10746,743,233,ITI,ITI1,9,Toscana,Toscana,3729641,3485295,93.45,0.31
3948,2021-02-19,TOS,8292,2952,5340,7602,513,177,ITI,ITI1,9,Toscana,Toscana,3729641,3493587,93.67,0.22
3949,2021-05-31,SIC,38089,17148,20941,21281,16511,297,ITG,ITG1,19,Sicilia,Sicilia,4999891,38089,0.76,0.76
3950,2021-03-02,SIC,14748,6367,8381,11861,2774,113,ITG,ITG1,19,Sicilia,Sicilia,4999891,52837,1.06,0.29
3951,2021-01-04,SIC,8424,4208,4216,8379,0,45,ITG,ITG1,19,Sicilia,Sicilia,4999891,61261,1.23,0.17
3952,2021-01-18,SIC,1595,653,942,1430,154,11,ITG,ITG1,19,Sicilia,Sicilia,4999891,62856,1.26,0.03
3953,2021-04-28,SIC,29260,13714,15546,19734,9144,382,ITG,ITG1,19,Sicilia,Sicilia,4999891,92116,1.84,0.59
3954,2021-01-30,SIC,7696,3537,4159,165,7529,2,ITG,ITG1,19,Sicilia,Sicilia,4999891,99812,2.0,0.15
3955,2021-03-28,SIC,10980,5147,5833,6909,4011,60,ITG,ITG1,19,Sicilia,Sicilia,4999891,110792,2.22,0.22
3956,2021-07-15,SIC,23263,10617,12646,3364,19792,107,ITG,ITG1,19,Sicilia,Sicilia,4999891,134055,2.68,0.47
3957,2021-04-04,SIC,6805,3322,3483,5451,1292,62,ITG,ITG1,19,Sicilia,Sicilia,4999891,140860,2.82,0.14
3958,2021-07-13,SIC,45925,21076,24849,6867,38843,215,ITG,ITG1,19,Sicilia,Sicilia,4999891,186785,3.74,0.92
3959,2021-06-24,SIC,42267,19626,22641,17569,24345,353,ITG,ITG1,19,Sicilia,Sicilia,4999891,229052,4.58,0.85
3960,2021-06-07,SIC,49674,23407,26267,41111,8034,529,ITG,ITG1,19,Sicilia,Sicilia,4999891,278726,5.57,0.99
3961,2021-01-25,SIC,7426,3676,3750,282,7137,7,ITG,ITG1,19,Sicilia,Sicilia,4999891,286152,5.72,0.15
3962,2021-05-05,SIC,26302,12190,14112,16250,9628,424,ITG,ITG1,19,Sicilia,Sicilia,4999891,312454,6.25,0.53
3963,2021-05-19,SIC,42855,20759,22096,28187,14302,366,ITG,ITG1,19,Sicilia,Sicilia,4999891,355309,7.11,0.86
3964,2021-04-11,SIC,15368,7591,7777,8234,7031,103,ITG,ITG1,19,Sicilia,Sicilia,4999891,370677,7.41,0.31
3965,2020-12-30,SIC,184,109,75,183,0,1,ITG,ITG1,19,Sicilia,Sicilia,4999891,370861,7.42,0.0
3966,2021-01-16,SIC,2716,1211,1505,2695,0,21,ITG,ITG1,19,Sicilia,Sicilia,4999891,373577,7.47,0.05
3967,2021-07-01,SIC,30953,14061,16892,10724,19974,255,ITG,ITG1,19,Sicilia,Sicilia,4999891,404530,8.09,0.62
3968,2021-04-09,SIC,20270,9876,10394,10947,9076,247,ITG,ITG1,19,Sicilia,Sicilia,4999891,424800,8.5,0.41
3969,2021-03-23,SIC,20938,10078,10860,15224,5562,152,ITG,ITG1,19,Sicilia,Sicilia,4999891,445738,8.91,0.42
3970,2021-02-13,SIC,2977,1123,1854,2686,255,36,ITG,ITG1,19,Sicilia,Sicilia,4999891,448715,8.97,0.06
3971,2021-05-24,SIC,35871,17437,18434,15591,20048,232,ITG,ITG1,19,Sicilia,Sicilia,4999891,484586,9.69,0.72
3972,2021-05-17,SIC,31927,15399,16528,19026,12616,285,ITG,ITG1,19,Sicilia,Sicilia,4999891,516513,10.33,0.64
3973,2021-03-21,SIC,15217,7340,7877,11181,3969,67,ITG,ITG1,19,Sicilia,Sicilia,4999891,531730,10.63,0.3
3974,2021-02-06,SIC,4699,2099,2600,1444,3234,21,ITG,ITG1,19,Sicilia,Sicilia,4999891,536429,10.73,0.09
3975,2021-06-19,SIC,44258,21042,23216,18749,25192,317,ITG,ITG1,19,Sicilia,Sicilia,4999891,580687,11.61,0.89
3976,2021-04-23,SIC,28566,13695,14871,22368,5835,363,ITG,ITG1,19,Sicilia,Sicilia,4999891,609253,12.19,0.57
3977,2021-06-26,SIC,37242,17770,19472,16356,20588,298,ITG,ITG1,19,Sicilia,Sicilia,4999891,646495,12.93,0.74
3978,2021-04-30,SIC,35013,16340,18673,23539,11028,446,ITG,ITG1,19,Sicilia,Sicilia,4999891,681508,13.63,0.7
3979,2021-02-25,SIC,9940,5204,4736,8691,1164,85,ITG,ITG1,19,Sicilia,Sicilia,4999891,691448,13.83,0.2
3980,2021-06-05,SIC,59924,28504,31420,48736,10569,619,ITG,ITG1,19,Sicilia,Sicilia,4999891,751372,15.03,1.2
3981,2021-03-14,SIC,8773,3927,4846,4886,3836,51,ITG,ITG1,19,Sicilia,Sicilia,4999891,760145,15.2,0.18
3982,2021-02-11,SIC,5237,2060,3177,4656,464,117,ITG,ITG1,19,Sicilia,Sicilia,4999891,765382,15.31,0.1
3983,2021-02-23,SIC,8746,4634,4112,8198,467,81,ITG,ITG1,19,Sicilia,Sicilia,4999891,774128,15.48,0.17
3984,2021-03-09,SIC,13152,5762,7390,10828,2200,124,ITG,ITG1,19,Sicilia,Sicilia,4999891,787280,15.75,0.26
3985,2021-01-11,SIC,5829,2572,3257,5771,0,58,ITG,ITG1,19,Sicilia,Sicilia,4999891,793109,15.86,0.12
3986,2021-02-18,SIC,5332,3139,2193,4838,430,64,ITG,ITG1,19,Sicilia,Sicilia,4999891,798441,15.97,0.11
3987,2021-05-12,SIC,36832,17365,19467,21390,14913,529,ITG,ITG1,19,Sicilia,Sicilia,4999891,835273,16.71,0.74
3988,2021-04-08,SIC,17549,8641,8908,8496,8902,151,ITG,ITG1,19,Sicilia,Sicilia,4999891,852822,17.06,0.35
3989,2021-06-04,SIC,57847,26738,31109,45406,11943,498,ITG,ITG1,19,Sicilia,Sicilia,4999891,910669,18.21,1.16
3990,2021-04-06,SIC,17743,8478,9265,13263,4283,197,ITG,ITG1,19,Sicilia,Sicilia,4999891,928412,18.57,0.35
3991,2021-03-16,SIC,9619,4321,5298,3556,5996,67,ITG,ITG1,19,Sicilia,Sicilia,4999891,938031,18.76,0.19
3992,2021-07-08,SIC,38319,17462,20857,6512,31590,217,ITG,ITG1,19,Sicilia,Sicilia,4999891,976350,19.53,0.77
3993,2021-02-27,SIC,12234,5500,6734,10935,1204,95,ITG,ITG1,19,Sicilia,Sicilia,4999891,988584,19.77,0.24
3994,2021-07-12,SIC,48966,22575,26391,6464,42308,194,ITG,ITG1,19,Sicilia,Sicilia,4999891,1037550,20.75,0.98
3995,2021-02-08,SIC,3884,1680,2204,2080,1755,49,ITG,ITG1,19,Sicilia,Sicilia,4999891,1041434,20.83,0.08
3996,2020-12-28,SIC,216,130,86,215,0,1,ITG,ITG1,19,Sicilia,Sicilia,4999891,1041650,20.83,0.0
3997,2021-06-16,SIC,40385,18782,21603,21232,18801,352,ITG,ITG1,19,Sicilia,Sicilia,4999891,1082035,21.64,0.81
3998,2021-03-25,SIC,20452,9526,10926,14740,5543,169,ITG,ITG1,19,Sicilia,Sicilia,4999891,1102487,22.05,0.41
3999,2021-02-04,SIC,6750,3075,3675,1423,5298,29,ITG,ITG1,19,Sicilia,Sicilia,4999891,1109237,22.19,0.14
4000,2021-01-01,SIC,819,438,381,815,0,4,ITG,ITG1,19,Sicilia,Sicilia,4999891,1110056,22.2,0.02
4001,2021-04-20,SIC,18994,9003,9991,13456,5247,291,ITG,ITG1,19,Sicilia,Sicilia,4999891,1129050,22.58,0.38
4002,2021-04-16,SIC,28850,14491,14359,20252,8294,304,ITG,ITG1,19,Sicilia,Sicilia,4999891,1157900,23.16,0.58
4003,2021-01-23,SIC,4437,2284,2153,194,4233,10,ITG,ITG1,19,Sicilia,Sicilia,4999891,1162337,23.25,0.09
4004,2021-01-06,SIC,6241,3285,2956,6181,0,60,ITG,ITG1,19,Sicilia,Sicilia,4999891,1168578,23.37,0.12
4005,2021-04-02,SIC,13879,6547,7332,9041,4734,104,ITG,ITG1,19,Sicilia,Sicilia,4999891,1182457,23.65,0.28
4006,2021-02-10,SIC,4354,1776,2578,3889,381,84,ITG,ITG1,19,Sicilia,Sicilia,4999891,1186811,23.74,0.09
4007,2021-05-21,SIC,48663,23055,25608,26652,21589,422,ITG,ITG1,19,Sicilia,Sicilia,4999891,1235474,24.71,0.97
4008,2021-03-04,SIC,15224,6685,8539,10983,4117,124,ITG,ITG1,19,Sicilia,Sicilia,4999891,1250698,25.01,0.3
4009,2021-06-12,SIC,45779,22390,23389,39365,5889,525,ITG,ITG1,19,Sicilia,Sicilia,4999891,1296477,25.93,0.92
4010,2021-05-07,SIC,36559,17260,19299,24626,11614,319,ITG,ITG1,19,Sicilia,Sicilia,4999891,1333036,26.66,0.73
4011,2021-03-11,SIC,15434,6700,8734,12878,2418,138,ITG,ITG1,19,Sicilia,Sicilia,4999891,1348470,26.97,0.31
4012,2021-01-27,SIC,7286,3711,3575,176,7109,1,ITG,ITG1,19,Sicilia,Sicilia,4999891,1355756,27.12,0.15
4013,2021-01-13,SIC,5175,2437,2738,5141,0,34,ITG,ITG1,19,Sicilia,Sicilia,4999891,1360931,27.22,0.1
4014,2021-05-16,SIC,33697,16436,17261,21894,11512,291,ITG,ITG1,19,Sicilia,Sicilia,4999891,1394628,27.89,0.67
4015,2021-05-02,SIC,24602,11427,13175,17706,6601,295,ITG,ITG1,19,Sicilia,Sicilia,4999891,1419230,28.39,0.49
4016,2021-03-20,SIC,18585,8978,9607,13363,5138,84,ITG,ITG1,19,Sicilia,Sicilia,4999891,1437815,28.76,0.37
4017,2021-06-28,SIC,31897,14852,17045,14886,16720,291,ITG,ITG1,19,Sicilia,Sicilia,4999891,1469712,29.39,0.64
4018,2021-07-05,SIC,37445,17547,19898,8924,28289,232,ITG,ITG1,19,Sicilia,Sicilia,4999891,1507157,30.14,0.75
4019,2021-02-20,SIC,7139,3692,3447,6801,241,97,ITG,ITG1,19,Sicilia,Sicilia,4999891,1514296,30.29,0.14
4020,2021-02-03,SIC,5922,2779,3143,713,5201,8,ITG,ITG1,19,Sicilia,Sicilia,4999891,1520218,30.41,0.12
4021,2021-04-27,SIC,26418,12670,13748,15175,10923,320,ITG,ITG1,19,Sicilia,Sicilia,4999891,1546636,30.93,0.53
4022,2021-05-14,SIC,52181,24462,27719,35762,15667,752,ITG,ITG1,19,Sicilia,Sicilia,4999891,1598817,31.98,1.04
4023,2021-01-15,SIC,5252,2294,2958,5185,0,67,ITG,ITG1,19,Sicilia,Sicilia,4999891,1604069,32.08,0.11
4024,2021-04-25,SIC,21391,10202,11189,16151,5015,225,ITG,ITG1,19,Sicilia,Sicilia,4999891,1625460,32.51,0.43
4025,2021-02-01,SIC,5905,2625,3280,306,5587,12,ITG,ITG1,19,Sicilia,Sicilia,4999891,1631365,32.63,0.12
4026,2021-02-22,SIC,7947,4133,3814,7375,493,79,ITG,ITG1,19,Sicilia,Sicilia,4999891,1639312,32.79,0.16
4027,2020-12-27,SIC,92,55,37,91,0,1,ITG,ITG1,19,Sicilia,Sicilia,4999891,1639404,32.79,0.0
4028,2021-06-02,SIC,35276,16298,18978,27105,7777,394,ITG,ITG1,19,Sicilia,Sicilia,4999891,1674680,33.49,0.71
4029,2021-03-01,SIC,12761,6070,6691,10980,1657,124,ITG,ITG1,19,Sicilia,Sicilia,4999891,1687441,33.75,0.26
4030,2021-06-09,SIC,49854,23722,26132,41980,7253,621,ITG,ITG1,19,Sicilia,Sicilia,4999891,1737295,34.75,1.0
4031,2021-01-22,SIC,1283,638,645,261,1020,2,ITG,ITG1,19,Sicilia,Sicilia,4999891,1738578,34.77,0.03
4032,2021-01-08,SIC,8120,3784,4336,8031,0,89,ITG,ITG1,19,Sicilia,Sicilia,4999891,1746698,34.93,0.16
4033,2021-04-18,SIC,19823,9912,9911,15287,4360,176,ITG,ITG1,19,Sicilia,Sicilia,4999891,1766521,35.33,0.4
4034,2021-03-30,SIC,14557,6760,7797,9701,4763,93,ITG,ITG1,19,Sicilia,Sicilia,4999891,1781078,35.62,0.29
4035,2021-07-03,SIC,33914,16301,17613,9037,24639,238,ITG,ITG1,19,Sicilia,Sicilia,4999891,1814992,36.3,0.68
4036,2021-03-06,SIC,12638,5058,7580,9761,2782,95,ITG,ITG1,19,Sicilia,Sicilia,4999891,1827630,36.55,0.25
4037,2021-06-14,SIC,43471,20647,22824,28159,14895,417,ITG,ITG1,19,Sicilia,Sicilia,4999891,1871101,37.42,0.87
4038,2021-05-28,SIC,51240,22980,28260,24313,26516,411,ITG,ITG1,19,Sicilia,Sicilia,4999891,1922341,38.45,1.02
4039,2021-02-15,SIC,3730,1733,1997,3092,564,74,ITG,ITG1,19,Sicilia,Sicilia,4999891,1926071,38.52,0.07
4040,2021-05-26,SIC,44643,20997,23646,23849,20450,344,ITG,ITG1,19,Sicilia,Sicilia,4999891,1970714,39.42,0.89
4041,2021-01-03,SIC,4786,2499,2287,4756,0,30,ITG,ITG1,19,Sicilia,Sicilia,4999891,1975500,39.51,0.1
4042,2021-04-13,SIC,20234,9862,10372,11241,8835,158,ITG,ITG1,19,Sicilia,Sicilia,4999891,1995734,39.92,0.4
4043,2021-06-21,SIC,40237,18630,21607,18426,21489,322,ITG,ITG1,19,Sicilia,Sicilia,4999891,2035971,40.72,0.8
4044,2021-05-09,SIC,28403,13305,15098,19778,8283,342,ITG,ITG1,19,Sicilia,Sicilia,4999891,2064374,41.29,0.57
4045,2021-02-05,SIC,6741,2980,3761,2089,4614,38,ITG,ITG1,19,Sicilia,Sicilia,4999891,2071115,41.42,0.13
4046,2021-04-03,SIC,16412,7816,8596,13424,2834,154,ITG,ITG1,19,Sicilia,Sicilia,4999891,2087527,41.75,0.33
4047,2021-03-22,SIC,16677,7913,8764,11165,5423,89,ITG,ITG1,19,Sicilia,Sicilia,4999891,2104204,42.08,0.33
4048,2021-06-30,SIC,32500,14985,17515,11393,20790,317,ITG,ITG1,19,Sicilia,Sicilia,4999891,2136704,42.74,0.65
4049,2020-12-29,SIC,243,152,91,243,0,0,ITG,ITG1,19,Sicilia,Sicilia,4999891,2136947,42.74,0.0
4050,2021-06-13,SIC,34536,17158,17378,30600,3505,431,ITG,ITG1,19,Sicilia,Sicilia,4999891,2171483,43.43,0.69
4051,2021-01-19,SIC,1505,665,840,1262,229,14,ITG,ITG1,19,Sicilia,Sicilia,4999891,2172988,43.46,0.03
4052,2021-06-11,SIC,49919,23817,26102,41559,7703,657,ITG,ITG1,19,Sicilia,Sicilia,4999891,2222907,44.46,1.0
4053,2021-04-29,SIC,31790,14831,16959,21796,9556,438,ITG,ITG1,19,Sicilia,Sicilia,4999891,2254697,45.09,0.64
4054,2021-03-03,SIC,14563,6544,8019,11372,3067,124,ITG,ITG1,19,Sicilia,Sicilia,4999891,2269260,45.39,0.29
4055,2021-02-19,SIC,4979,2695,2284,4335,563,81,ITG,ITG1,19,Sicilia,Sicilia,4999891,2274239,45.49,0.1
4056,2021-03-08,SIC,13488,5951,7537,10760,2614,114,ITG,ITG1,19,Sicilia,Sicilia,4999891,2287727,45.76,0.27
4057,2021-05-30,SIC,35766,16171,19595,17424,18046,296,ITG,ITG1,19,Sicilia,Sicilia,4999891,2323493,46.47,0.72
4058,2021-05-13,SIC,47463,22252,25211,30308,16536,619,ITG,ITG1,19,Sicilia,Sicilia,4999891,2370956,47.42,0.95
4059,2021-01-31,SIC,4034,1929,2105,110,3922,2,ITG,ITG1,19,Sicilia,Sicilia,4999891,2374990,47.5,0.08
4060,2021-03-13,SIC,12210,5387,6823,7626,4493,91,ITG,ITG1,19,Sicilia,Sicilia,4999891,2387200,47.75,0.24
4061,2021-04-17,SIC,25998,13150,12848,18671,7064,263,ITG,ITG1,19,Sicilia,Sicilia,4999891,2413198,48.27,0.52
4062,2021-03-17,SIC,15042,7436,7606,9074,5846,122,ITG,ITG1,19,Sicilia,Sicilia,4999891,2428240,48.57,0.3
4063,2021-06-25,SIC,39771,18669,21102,17377,22062,332,ITG,ITG1,19,Sicilia,Sicilia,4999891,2468011,49.36,0.8
4064,2021-07-09,SIC,44654,20553,24101,6387,38097,170,ITG,ITG1,19,Sicilia,Sicilia,4999891,2512665,50.25,0.89
4065,2021-06-06,SIC,49527,23919,25608,41150,7824,553,ITG,ITG1,19,Sicilia,Sicilia,4999891,2562192,51.24,0.99
4066,2021-02-26,SIC,11974,5874,6100,10181,1680,113,ITG,ITG1,19,Sicilia,Sicilia,4999891,2574166,51.48,0.24
4067,2021-05-06,SIC,29467,14007,15460,18169,10829,469,ITG,ITG1,19,Sicilia,Sicilia,4999891,2603633,52.07,0.59
4068,2021-03-31,SIC,14519,6706,7813,9447,4932,140,ITG,ITG1,19,Sicilia,Sicilia,4999891,2618152,52.36,0.29
4069,2021-01-07,SIC,8929,4132,4797,8849,0,80,ITG,ITG1,19,Sicilia,Sicilia,4999891,2627081,52.54,0.18
4070,2021-03-27,SIC,15645,7377,8268,10675,4852,118,ITG,ITG1,19,Sicilia,Sicilia,4999891,2642726,52.86,0.31
4071,2021-01-29,SIC,9185,4257,4928,413,8760,12,ITG,ITG1,19,Sicilia,Sicilia,4999891,2651911,53.04,0.18
4072,2021-02-12,SIC,4586,1811,2775,4242,266,78,ITG,ITG1,19,Sicilia,Sicilia,4999891,2656497,53.13,0.09
4073,2021-05-23,SIC,34087,16594,17493,19845,14013,229,ITG,ITG1,19,Sicilia,Sicilia,4999891,2690584,53.81,0.68
4074,2021-01-20,SIC,958,509,449,688,267,3,ITG,ITG1,19,Sicilia,Sicilia,4999891,2691542,53.83,0.02
4075,2021-03-18,SIC,15360,7715,7645,9739,5571,50,ITG,ITG1,19,Sicilia,Sicilia,4999891,2706902,54.14,0.31
4076,2021-04-10,SIC,20433,9971,10462,11314,8963,156,ITG,ITG1,19,Sicilia,Sicilia,4999891,2727335,54.55,0.41
4077,2021-01-17,SIC,1305,592,713,1236,60,9,ITG,ITG1,19,Sicilia,Sicilia,4999891,2728640,54.57,0.03
4078,2021-07-02,SIC,30499,14207,16292,9923,20298,278,ITG,ITG1,19,Sicilia,Sicilia,4999891,2759139,55.18,0.61
4079,2021-03-05,SIC,15759,6836,8923,11381,4236,142,ITG,ITG1,19,Sicilia,Sicilia,4999891,2774898,55.5,0.32
4080,2021-02-16,SIC,4201,2208,1993,3665,465,71,ITG,ITG1,19,Sicilia,Sicilia,4999891,2779099,55.58,0.08
4081,2021-01-10,SIC,3534,1578,1956,3513,0,21,ITG,ITG1,19,Sicilia,Sicilia,4999891,2782633,55.65,0.07
4082,2021-01-05,SIC,10341,5081,5260,10266,0,75,ITG,ITG1,19,Sicilia,Sicilia,4999891,2792974,55.86,0.21
4083,2021-04-15,SIC,21550,10480,11070,12009,9339,202,ITG,ITG1,19,Sicilia,Sicilia,4999891,2814524,56.29,0.43
4084,2021-06-20,SIC,33390,15801,17589,15114,18017,259,ITG,ITG1,19,Sicilia,Sicilia,4999891,2847914,56.96,0.67
4085,2021-04-22,SIC,26734,12627,14107,19880,6457,397,ITG,ITG1,19,Sicilia,Sicilia,4999891,2874648,57.49,0.53
4086,2021-03-10,SIC,13926,6119,7807,11613,2183,130,ITG,ITG1,19,Sicilia,Sicilia,4999891,2888574,57.77,0.28
4087,2021-01-12,SIC,4328,2122,2206,4284,0,44,ITG,ITG1,19,Sicilia,Sicilia,4999891,2892902,57.86,0.09
4088,2021-06-18,SIC,43538,20126,23412,18842,24330,366,ITG,ITG1,19,Sicilia,Sicilia,4999891,2936440,58.73,0.87
4089,2021-06-27,SIC,25292,12192,13100,12100,12966,226,ITG,ITG1,19,Sicilia,Sicilia,4999891,2961732,59.24,0.51
4090,2021-05-15,SIC,56476,26386,30090,40349,15236,891,ITG,ITG1,19,Sicilia,Sicilia,4999891,3018208,60.37,1.13
4091,2021-03-19,SIC,16305,8048,8257,10646,5571,88,ITG,ITG1,19,Sicilia,Sicilia,4999891,3034513,60.69,0.33
4092,2021-02-09,SIC,4346,1798,2548,3246,1035,65,ITG,ITG1,19,Sicilia,Sicilia,4999891,3038859,60.78,0.09
4093,2021-05-20,SIC,44058,21112,22946,27734,15911,413,ITG,ITG1,19,Sicilia,Sicilia,4999891,3082917,61.66,0.88
4094,2021-05-11,SIC,32578,15478,17100,19595,12489,494,ITG,ITG1,19,Sicilia,Sicilia,4999891,3115495,62.31,0.65
4095,2021-02-17,SIC,5218,3206,2012,4502,669,47,ITG,ITG1,19,Sicilia,Sicilia,4999891,3120713,62.42,0.1
4096,2021-04-24,SIC,31138,14697,16441,23122,7631,385,ITG,ITG1,19,Sicilia,Sicilia,4999891,3151851,63.04,0.62
4097,2021-06-10,SIC,53002,24884,28118,45142,7211,649,ITG,ITG1,19,Sicilia,Sicilia,4999891,3204853,64.1,1.06
4098,2021-05-27,SIC,47545,21893,25652,24449,22682,414,ITG,ITG1,19,Sicilia,Sicilia,4999891,3252398,65.05,0.95
4099,2021-04-14,SIC,20574,9937,10637,11629,8761,184,ITG,ITG1,19,Sicilia,Sicilia,4999891,3272972,65.46,0.41
4100,2021-04-21,SIC,22389,10745,11644,16002,6121,266,ITG,ITG1,19,Sicilia,Sicilia,4999891,3295361,65.91,0.45
4101,2021-04-07,SIC,15741,7760,7981,8284,7283,174,ITG,ITG1,19,Sicilia,Sicilia,4999891,3311102,66.22,0.31
4102,2021-06-03,SIC,45963,21080,24883,33765,11685,513,ITG,ITG1,19,Sicilia,Sicilia,4999891,3357065,67.14,0.92
4103,2021-06-17,SIC,41818,19474,22344,20309,21143,366,ITG,ITG1,19,Sicilia,Sicilia,4999891,3398883,67.98,0.84
4104,2020-12-31,SIC,887,473,414,879,0,8,ITG,ITG1,19,Sicilia,Sicilia,4999891,3399770,68.0,0.02
4105,2021-03-07,SIC,9260,3454,5806,8118,1083,59,ITG,ITG1,19,Sicilia,Sicilia,4999891,3409030,68.18,0.19
4106,2021-06-15,SIC,46179,21760,24419,28228,17522,429,ITG,ITG1,19,Sicilia,Sicilia,4999891,3455209,69.11,0.92
4107,2021-03-24,SIC,20965,9870,11095,15038,5737,190,ITG,ITG1,19,Sicilia,Sicilia,4999891,3476174,69.52,0.42
4108,2021-03-12,SIC,12864,5558,7306,10649,2067,148,ITG,ITG1,19,Sicilia,Sicilia,4999891,3489038,69.78,0.26
4109,2021-06-29,SIC,31262,14648,16614,15652,15213,397,ITG,ITG1,19,Sicilia,Sicilia,4999891,3520300,70.41,0.63
4110,2021-02-24,SIC,9371,4803,4568,8707,560,104,ITG,ITG1,19,Sicilia,Sicilia,4999891,3529671,70.59,0.19
4111,2021-01-21,SIC,1437,706,731,490,936,11,ITG,ITG1,19,Sicilia,Sicilia,4999891,3531108,70.62,0.03
4112,2021-05-01,SIC,24440,11312,13128,19002,5164,274,ITG,ITG1,19,Sicilia,Sicilia,4999891,3555548,71.11,0.49
4113,2021-07-06,SIC,37094,17161,19933,10280,26514,300,ITG,ITG1,19,Sicilia,Sicilia,4999891,3592642,71.85,0.74
4114,2021-05-10,SIC,28733,13791,14942,16249,12212,272,ITG,ITG1,19,Sicilia,Sicilia,4999891,3621375,72.43,0.57
4115,2021-03-26,SIC,17989,8355,9634,12356,5499,134,ITG,ITG1,19,Sicilia,Sicilia,4999891,3639364,72.79,0.36
4116,2021-01-28,SIC,9029,4271,4758,390,8638,1,ITG,ITG1,19,Sicilia,Sicilia,4999891,3648393,72.97,0.18
4117,2021-07-04,SIC,26534,12815,13719,7603,18762,169,ITG,ITG1,19,Sicilia,Sicilia,4999891,3674927,73.5,0.53
4118,2021-05-08,SIC,35629,17026,18603,24983,10297,349,ITG,ITG1,19,Sicilia,Sicilia,4999891,3710556,74.21,0.71
4119,2021-01-26,SIC,9548,4723,4825,246,9301,1,ITG,ITG1,19,Sicilia,Sicilia,4999891,3720104,74.4,0.19
4120,2021-04-26,SIC,21672,10260,11412,13291,8079,302,ITG,ITG1,19,Sicilia,Sicilia,4999891,3741776,74.84,0.43
4121,2021-02-02,SIC,5272,2472,2800,617,4645,10,ITG,ITG1,19,Sicilia,Sicilia,4999891,3747048,74.94,0.11
4122,2021-01-14,SIC,5251,2483,2768,5189,0,62,ITG,ITG1,19,Sicilia,Sicilia,4999891,3752299,75.05,0.11
4123,2021-02-07,SIC,2322,982,1340,665,1648,9,ITG,ITG1,19,Sicilia,Sicilia,4999891,3754621,75.09,0.05
4124,2021-07-14,SIC,47224,21888,25336,7893,39078,253,ITG,ITG1,19,Sicilia,Sicilia,4999891,3801845,76.04,0.94
4125,2021-05-18,SIC,36161,17402,18759,23292,12474,395,ITG,ITG1,19,Sicilia,Sicilia,4999891,3838006,76.76,0.72
4126,2021-07-07,SIC,35346,16163,19183,6033,29079,234,ITG,ITG1,19,Sicilia,Sicilia,4999891,3873352,77.47,0.71
4127,2021-05-25,SIC,33552,15428,18124,13950,19345,257,ITG,ITG1,19,Sicilia,Sicilia,4999891,3906904,78.14,0.67
4128,2021-03-29,SIC,15029,7074,7955,10398,4497,134,ITG,ITG1,19,Sicilia,Sicilia,4999891,3921933,78.44,0.3
4129,2021-05-29,SIC,47167,21461,25706,23528,23192,447,ITG,ITG1,19,Sicilia,Sicilia,4999891,3969100,79.38,0.94
4130,2021-06-01,SIC,38940,17713,21227,24626,13964,350,ITG,ITG1,19,Sicilia,Sicilia,4999891,4008040,80.16,0.78
4131,2021-04-05,SIC,8015,3954,4061,6511,1441,63,ITG,ITG1,19,Sicilia,Sicilia,4999891,4016055,80.32,0.16
4132,2021-04-12,SIC,19001,9210,9791,11485,7275,241,ITG,ITG1,19,Sicilia,Sicilia,4999891,4035056,80.7,0.38
4133,2021-02-14,SIC,1055,402,653,907,140,8,ITG,ITG1,19,Sicilia,Sicilia,4999891,4036111,80.72,0.02
4134,2021-01-02,SIC,4851,2526,2325,4821,0,30,ITG,ITG1,19,Sicilia,Sicilia,4999891,4040962,80.82,0.1
4135,2021-02-21,SIC,5168,2501,2667,5047,106,15,ITG,ITG1,19,Sicilia,Sicilia,4999891,4046130,80.92,0.1
4136,2021-04-01,SIC,14288,6617,7671,9496,4664,128,ITG,ITG1,19,Sicilia,Sicilia,4999891,4060418,81.21,0.29
4137,2021-07-10,SIC,46881,22330,24551,6059,40619,203,ITG,ITG1,19,Sicilia,Sicilia,4999891,4107299,82.15,0.94
4138,2021-06-23,SIC,44453,20680,23773,17889,26234,330,ITG,ITG1,19,Sicilia,Sicilia,4999891,4151752,83.04,0.89
4139,2021-01-24,SIC,4321,2259,2062,132,4187,2,ITG,ITG1,19,Sicilia,Sicilia,4999891,4156073,83.12,0.09
4140,2021-05-04,SIC,26827,12468,14359,17149,9291,387,ITG,ITG1,19,Sicilia,Sicilia,4999891,4182900,83.66,0.54
4141,2021-03-15,SIC,10670,4725,5945,5646,4948,76,ITG,ITG1,19,Sicilia,Sicilia,4999891,4193570,83.87,0.21
4142,2021-06-22,SIC,39962,18367,21595,18290,21300,372,ITG,ITG1,19,Sicilia,Sicilia,4999891,4233532,84.67,0.8
4143,2021-05-22,SIC,48007,22805,25202,28298,19310,399,ITG,ITG1,19,Sicilia,Sicilia,4999891,4281539,85.63,0.96
4144,2021-02-28,SIC,7165,3062,4103,6484,630,51,ITG,ITG1,19,Sicilia,Sicilia,4999891,4288704,85.78,0.14
4145,2021-06-08,SIC,47689,22393,25296,40475,6693,521,ITG,ITG1,19,Sicilia,Sicilia,4999891,4336393,86.73,0.95
4146,2021-01-09,SIC,7189,3390,3799,7129,0,60,ITG,ITG1,19,Sicilia,Sicilia,4999891,4343582,86.87,0.14
4147,2021-05-03,SIC,23307,10793,12514,13274,9787,246,ITG,ITG1,19,Sicilia,Sicilia,4999891,4366889,87.34,0.47
4148,2021-07-11,SIC,36066,16880,19186,3666,32305,95,ITG,ITG1,19,Sicilia,Sicilia,4999891,4402955,88.06,0.72
4149,2021-04-19,SIC,18282,8662,9620,12480,5581,221,ITG,ITG1,19,Sicilia,Sicilia,4999891,4421237,88.43,0.37
