,data,area,Vaccinazioni giornaliere,sesso_maschile,sesso_femminile,prima_dose,seconda_dose,pregressa_infezione,codice_NUTS1,codice_NUTS2,codice_regione_ISTAT,nome_area,Regione,popolazione,Totale vaccinazioni,Totale vaccinazioni ogni cento ab,Vaccinazioni giornaliere ogni cento ab
0,2021-04-16,LAZ,34558,15759,18799,21964,12209,385,ITI,ITI4,12,Lazio,Lazio,5879082,34558,0.59,0.59
1,2021-01-23,LAZ,7216,2870,4346,586,6630,0,ITI,ITI4,12,Lazio,Lazio,5879082,41774,0.71,0.12
2,2021-01-06,LAZ,5199,1991,3208,5079,0,120,ITI,ITI4,12,Lazio,Lazio,5879082,46973,0.8,0.09
3,2021-05-26,LAZ,47658,21920,25738,34871,12141,646,ITI,ITI4,12,Lazio,Lazio,5879082,94631,1.61,0.81
4,2021-03-04,LAZ,19459,8741,10718,14189,5033,237,ITI,ITI4,12,Lazio,Lazio,5879082,114090,1.94,0.33
5,2021-06-12,LAZ,69930,32119,37811,39885,29406,639,ITI,ITI4,12,Lazio,Lazio,5879082,184020,3.13,1.19
6,2021-06-14,LAZ,63080,29553,33527,32325,30193,562,ITI,ITI4,12,Lazio,Lazio,5879082,247100,4.2,1.07
7,2021-03-21,LAZ,18292,7202,11090,13029,5071,192,ITI,ITI4,12,Lazio,Lazio,5879082,265392,4.51,0.31
8,2021-03-30,LAZ,27111,13182,13929,19541,7214,356,ITI,ITI4,12,Lazio,Lazio,5879082,292503,4.98,0.46
9,2021-07-08,LAZ,64322,31579,32743,28171,35483,668,ITI,ITI4,12,Lazio,Lazio,5879082,356825,6.07,1.09
10,2021-07-27,LAZ,56343,27340,29003,8050,47965,328,ITI,ITI4,12,Lazio,Lazio,5879082,413168,7.03,0.96
11,2021-04-18,LAZ,23866,10608,13258,15894,7698,274,ITI,ITI4,12,Lazio,Lazio,5879082,437034,7.43,0.41
12,2021-02-18,LAZ,10027,4979,5048,9103,819,105,ITI,ITI4,12,Lazio,Lazio,5879082,447061,7.6,0.17
13,2021-05-12,LAZ,47615,21618,25997,30289,16686,640,ITI,ITI4,12,Lazio,Lazio,5879082,494676,8.41,0.81
14,2021-02-01,LAZ,5683,2184,3499,353,5329,1,ITI,ITI4,12,Lazio,Lazio,5879082,500359,8.51,0.1
15,2021-02-20,LAZ,9214,4274,4940,8367,775,72,ITI,ITI4,12,Lazio,Lazio,5879082,509573,8.67,0.16
16,2021-05-31,LAZ,51797,23065,28732,30875,19901,1021,ITI,ITI4,12,Lazio,Lazio,5879082,561370,9.55,0.88
17,2021-04-04,LAZ,17666,8200,9466,12261,5291,114,ITI,ITI4,12,Lazio,Lazio,5879082,579036,9.85,0.3
18,2021-03-16,LAZ,13599,5767,7832,7048,6468,83,ITI,ITI4,12,Lazio,Lazio,5879082,592635,10.08,0.23
19,2021-03-09,LAZ,22037,9957,12080,16454,5223,360,ITI,ITI4,12,Lazio,Lazio,5879082,614672,10.46,0.37
20,2021-01-11,LAZ,5663,2148,3515,5517,0,146,ITI,ITI4,12,Lazio,Lazio,5879082,620335,10.55,0.1
21,2021-08-08,LAZ,50090,25903,24187,17862,31409,819,ITI,ITI4,12,Lazio,Lazio,5879082,670425,11.4,0.85
22,2021-06-26,LAZ,56218,26497,29721,24706,30918,594,ITI,ITI4,12,Lazio,Lazio,5879082,726643,12.36,0.96
23,2021-04-30,LAZ,41707,18479,23228,26684,14368,655,ITI,ITI4,12,Lazio,Lazio,5879082,768350,13.07,0.71
24,2021-08-22,LAZ,8749,5284,3465,2522,6137,90,ITI,ITI4,12,Lazio,Lazio,5879082,777099,13.22,0.15
25,2021-06-19,LAZ,66557,31402,35155,35276,30462,819,ITI,ITI4,12,Lazio,Lazio,5879082,843656,14.35,1.13
26,2021-07-22,LAZ,61154,30557,30597,28494,31137,1523,ITI,ITI4,12,Lazio,Lazio,5879082,904810,15.39,1.04
27,2021-05-17,LAZ,44636,20439,24197,35607,8615,414,ITI,ITI4,12,Lazio,Lazio,5879082,949446,16.15,0.76
28,2021-02-06,LAZ,6226,2540,3686,898,5324,4,ITI,ITI4,12,Lazio,Lazio,5879082,955672,16.26,0.11
29,2021-02-25,LAZ,12776,5595,7181,11405,1181,190,ITI,ITI4,12,Lazio,Lazio,5879082,968448,16.47,0.22
30,2021-06-05,LAZ,66374,32703,33671,42928,22778,668,ITI,ITI4,12,Lazio,Lazio,5879082,1034822,17.6,1.13
31,2020-12-30,LAZ,1656,639,1017,1645,0,11,ITI,ITI4,12,Lazio,Lazio,5879082,1036478,17.63,0.03
32,2021-07-01,LAZ,48537,23223,25314,7203,41121,213,ITI,ITI4,12,Lazio,Lazio,5879082,1085015,18.46,0.83
33,2021-04-09,LAZ,27724,12622,15102,19155,8277,292,ITI,ITI4,12,Lazio,Lazio,5879082,1112739,18.93,0.47
34,2021-03-23,LAZ,25469,11958,13511,18479,6636,354,ITI,ITI4,12,Lazio,Lazio,5879082,1138208,19.36,0.43
35,2021-02-15,LAZ,8041,3548,4493,7310,643,88,ITI,ITI4,12,Lazio,Lazio,5879082,1146249,19.5,0.14
36,2021-08-10,LAZ,50568,26139,24429,21353,28257,958,ITI,ITI4,12,Lazio,Lazio,5879082,1196817,20.36,0.86
37,2021-05-19,LAZ,47311,21737,25574,36556,10152,603,ITI,ITI4,12,Lazio,Lazio,5879082,1244128,21.16,0.8
38,2021-08-27,LAZ,13849,7151,6698,4269,9253,327,ITI,ITI4,12,Lazio,Lazio,5879082,1257977,21.4,0.24
39,2021-01-04,LAZ,7575,2940,4635,7471,0,104,ITI,ITI4,12,Lazio,Lazio,5879082,1265552,21.53,0.13
40,2021-06-24,LAZ,64041,30550,33491,28622,34763,656,ITI,ITI4,12,Lazio,Lazio,5879082,1329593,22.62,1.09
41,2021-06-07,LAZ,62638,29317,33321,32708,29337,593,ITI,ITI4,12,Lazio,Lazio,5879082,1392231,23.68,1.07
42,2021-06-21,LAZ,62011,28807,33204,28500,32900,611,ITI,ITI4,12,Lazio,Lazio,5879082,1454242,24.74,1.05
43,2021-07-15,LAZ,44997,22034,22963,6716,37864,417,ITI,ITI4,12,Lazio,Lazio,5879082,1499239,25.5,0.77
44,2021-01-13,LAZ,5806,2191,3615,5644,0,162,ITI,ITI4,12,Lazio,Lazio,5879082,1505045,25.6,0.1
45,2021-04-23,LAZ,37971,18285,19686,22114,15401,456,ITI,ITI4,12,Lazio,Lazio,5879082,1543016,26.25,0.65
46,2021-08-03,LAZ,31568,16033,15535,4632,26748,188,ITI,ITI4,12,Lazio,Lazio,5879082,1574584,26.78,0.54
47,2021-01-30,LAZ,7020,2897,4123,813,6206,1,ITI,ITI4,12,Lazio,Lazio,5879082,1581604,26.9,0.12
48,2021-07-19,LAZ,63156,31056,32100,28320,33710,1126,ITI,ITI4,12,Lazio,Lazio,5879082,1644760,27.98,1.07
49,2021-01-15,LAZ,6709,2760,3949,6539,0,170,ITI,ITI4,12,Lazio,Lazio,5879082,1651469,28.09,0.11
50,2021-01-25,LAZ,8120,3251,4869,775,7345,0,ITI,ITI4,12,Lazio,Lazio,5879082,1659589,28.23,0.14
51,2021-05-05,LAZ,46849,21499,25350,30424,15866,559,ITI,ITI4,12,Lazio,Lazio,5879082,1706438,29.03,0.8
52,2021-03-02,LAZ,17236,7630,9606,13114,3956,166,ITI,ITI4,12,Lazio,Lazio,5879082,1723674,29.32,0.29
53,2021-01-18,LAZ,6386,2603,3783,5279,981,126,ITI,ITI4,12,Lazio,Lazio,5879082,1730060,29.43,0.11
54,2021-04-28,LAZ,33035,15074,17961,20978,11664,393,ITI,ITI4,12,Lazio,Lazio,5879082,1763095,29.99,0.56
55,2021-03-28,LAZ,19193,7835,11358,13542,5314,337,ITI,ITI4,12,Lazio,Lazio,5879082,1782288,30.32,0.33
56,2021-05-07,LAZ,48318,22653,25665,30095,17809,414,ITI,ITI4,12,Lazio,Lazio,5879082,1830606,31.14,0.82
57,2021-03-11,LAZ,25507,12032,13475,18867,6286,354,ITI,ITI4,12,Lazio,Lazio,5879082,1856113,31.57,0.43
58,2021-08-15,LAZ,1490,916,574,774,694,22,ITI,ITI4,12,Lazio,Lazio,5879082,1857603,31.6,0.03
59,2021-07-03,LAZ,53232,25065,28167,4643,48444,145,ITI,ITI4,12,Lazio,Lazio,5879082,1910835,32.5,0.91
60,2021-02-11,LAZ,7000,3011,3989,6441,533,26,ITI,ITI4,12,Lazio,Lazio,5879082,1917835,32.62,0.12
61,2021-04-11,LAZ,19237,8531,10706,13147,5926,164,ITI,ITI4,12,Lazio,Lazio,5879082,1937072,32.95,0.33
62,2021-02-13,LAZ,6612,2627,3985,6146,420,46,ITI,ITI4,12,Lazio,Lazio,5879082,1943684,33.06,0.11
63,2021-07-20,LAZ,63405,31636,31769,28461,33710,1234,ITI,ITI4,12,Lazio,Lazio,5879082,2007089,34.14,1.08
64,2021-05-24,LAZ,44036,20199,23837,33569,9815,652,ITI,ITI4,12,Lazio,Lazio,5879082,2051125,34.89,0.75
65,2021-01-03,LAZ,5338,2012,3326,5279,0,59,ITI,ITI4,12,Lazio,Lazio,5879082,2056463,34.98,0.09
66,2021-04-13,LAZ,25835,11977,13858,17692,7748,395,ITI,ITI4,12,Lazio,Lazio,5879082,2082298,35.42,0.44
67,2021-04-01,LAZ,29789,14134,15655,22233,7172,384,ITI,ITI4,12,Lazio,Lazio,5879082,2112087,35.93,0.51
68,2021-07-10,LAZ,71066,35661,35405,25032,45375,659,ITI,ITI4,12,Lazio,Lazio,5879082,2183153,37.13,1.21
69,2021-07-24,LAZ,30757,15515,15242,3231,27371,155,ITI,ITI4,12,Lazio,Lazio,5879082,2213910,37.66,0.52
70,2021-06-23,LAZ,62349,29371,32978,28439,33406,504,ITI,ITI4,12,Lazio,Lazio,5879082,2276259,38.72,1.06
71,2021-01-29,LAZ,8356,3190,5166,874,7480,2,ITI,ITI4,12,Lazio,Lazio,5879082,2284615,38.86,0.14
72,2021-02-17,LAZ,9211,4616,4595,8256,885,70,ITI,ITI4,12,Lazio,Lazio,5879082,2293826,39.02,0.16
73,2021-05-28,LAZ,57266,26636,30630,43148,13338,780,ITI,ITI4,12,Lazio,Lazio,5879082,2351092,39.99,0.97
74,2021-08-19,LAZ,9067,5189,3878,2838,6126,103,ITI,ITI4,12,Lazio,Lazio,5879082,2360159,40.15,0.15
75,2021-03-13,LAZ,21851,8756,13095,15698,5915,238,ITI,ITI4,12,Lazio,Lazio,5879082,2382010,40.52,0.37
76,2021-02-08,LAZ,9748,4159,5589,4507,5239,2,ITI,ITI4,12,Lazio,Lazio,5879082,2391758,40.68,0.17
77,2021-05-02,LAZ,32923,14456,18467,23000,9460,463,ITI,ITI4,12,Lazio,Lazio,5879082,2424681,41.24,0.56
78,2021-06-09,LAZ,70518,33398,37120,35985,33895,638,ITI,ITI4,12,Lazio,Lazio,5879082,2495199,42.44,1.2
79,2021-04-27,LAZ,30832,13923,16909,19471,10958,403,ITI,ITI4,12,Lazio,Lazio,5879082,2526031,42.97,0.52
80,2021-03-01,LAZ,17128,7370,9758,13003,3888,237,ITI,ITI4,12,Lazio,Lazio,5879082,2543159,43.26,0.29
81,2021-08-05,LAZ,32696,16923,15773,21331,10361,1004,ITI,ITI4,12,Lazio,Lazio,5879082,2575855,43.81,0.56
82,2021-02-22,LAZ,11466,4995,6471,10808,504,154,ITI,ITI4,12,Lazio,Lazio,5879082,2587321,44.01,0.2
83,2021-06-02,LAZ,43525,21600,21925,31443,11531,551,ITI,ITI4,12,Lazio,Lazio,5879082,2630846,44.75,0.74
84,2021-06-11,LAZ,69796,32841,36955,36689,32463,644,ITI,ITI4,12,Lazio,Lazio,5879082,2700642,45.94,1.19
85,2021-08-07,LAZ,34342,18475,15867,21439,11795,1108,ITI,ITI4,12,Lazio,Lazio,5879082,2734984,46.52,0.58
86,2021-05-06,LAZ,48880,22781,26099,30619,17605,656,ITI,ITI4,12,Lazio,Lazio,5879082,2783864,47.35,0.83
87,2021-03-27,LAZ,26547,10798,15749,19483,6516,548,ITI,ITI4,12,Lazio,Lazio,5879082,2810411,47.8,0.45
88,2021-07-05,LAZ,61705,29706,31999,25603,35039,1063,ITI,ITI4,12,Lazio,Lazio,5879082,2872116,48.85,1.05
89,2021-05-23,LAZ,47174,22889,24285,39126,7404,644,ITI,ITI4,12,Lazio,Lazio,5879082,2919290,49.66,0.8
90,2021-05-09,LAZ,37568,17271,20297,25834,11287,447,ITI,ITI4,12,Lazio,Lazio,5879082,2956858,50.29,0.64
91,2021-08-17,LAZ,7748,4384,3364,3579,4074,95,ITI,ITI4,12,Lazio,Lazio,5879082,2964606,50.43,0.13
92,2021-08-14,LAZ,1019,551,468,503,495,21,ITI,ITI4,12,Lazio,Lazio,5879082,2965625,50.44,0.02
93,2021-08-16,LAZ,3615,1985,1630,1987,1567,61,ITI,ITI4,12,Lazio,Lazio,5879082,2969240,50.51,0.06
94,2021-01-17,LAZ,4956,2049,2907,4679,213,64,ITI,ITI4,12,Lazio,Lazio,5879082,2974196,50.59,0.08
95,2021-01-19,LAZ,4781,1964,2817,4324,454,3,ITI,ITI4,12,Lazio,Lazio,5879082,2978977,50.67,0.08
96,2021-04-29,LAZ,38854,17349,21505,24881,13366,607,ITI,ITI4,12,Lazio,Lazio,5879082,3017831,51.33,0.66
97,2021-02-03,LAZ,6495,2491,4004,960,5528,7,ITI,ITI4,12,Lazio,Lazio,5879082,3024326,51.44,0.11
98,2021-01-20,LAZ,4819,1952,2867,3270,1545,4,ITI,ITI4,12,Lazio,Lazio,5879082,3029145,51.52,0.08
99,2021-05-14,LAZ,51626,23593,28033,32570,18395,661,ITI,ITI4,12,Lazio,Lazio,5879082,3080771,52.4,0.88
100,2021-03-18,LAZ,14298,6109,8189,7781,6432,85,ITI,ITI4,12,Lazio,Lazio,5879082,3095069,52.65,0.24
101,2021-03-25,LAZ,29525,13714,15811,22377,6677,471,ITI,ITI4,12,Lazio,Lazio,5879082,3124594,53.15,0.5
102,2021-01-27,LAZ,6125,2392,3733,1005,5120,0,ITI,ITI4,12,Lazio,Lazio,5879082,3130719,53.25,0.1
103,2021-06-01,LAZ,49152,23720,25432,30089,18586,477,ITI,ITI4,12,Lazio,Lazio,5879082,3179871,54.09,0.84
104,2021-04-05,LAZ,19983,9153,10830,13616,6214,153,ITI,ITI4,12,Lazio,Lazio,5879082,3199854,54.43,0.34
105,2021-07-28,LAZ,57727,29223,28504,8105,49274,348,ITI,ITI4,12,Lazio,Lazio,5879082,3257581,55.41,0.98
106,2021-03-06,LAZ,18392,7095,11297,13899,4273,220,ITI,ITI4,12,Lazio,Lazio,5879082,3275973,55.72,0.31
107,2021-01-22,LAZ,4012,1639,2373,496,3516,0,ITI,ITI4,12,Lazio,Lazio,5879082,3279985,55.79,0.07
108,2021-02-27,LAZ,11533,4336,7197,10345,1047,141,ITI,ITI4,12,Lazio,Lazio,5879082,3291518,55.99,0.2
109,2021-05-20,LAZ,51883,25040,26843,37174,13977,732,ITI,ITI4,12,Lazio,Lazio,5879082,3343401,56.87,0.88
110,2021-04-25,LAZ,24580,11280,13300,16422,7874,284,ITI,ITI4,12,Lazio,Lazio,5879082,3367981,57.29,0.42
111,2021-04-06,LAZ,24646,11283,13363,17148,7177,321,ITI,ITI4,12,Lazio,Lazio,5879082,3392627,57.71,0.42
112,2020-12-27,LAZ,276,132,144,276,0,0,ITI,ITI4,12,Lazio,Lazio,5879082,3392903,57.71,0.0
113,2021-04-15,LAZ,32040,14353,17687,20712,10880,448,ITI,ITI4,12,Lazio,Lazio,5879082,3424943,58.26,0.54
114,2021-08-26,LAZ,31940,16568,15372,8194,23200,546,ITI,ITI4,12,Lazio,Lazio,5879082,3456883,58.8,0.54
115,2021-02-10,LAZ,8208,3414,4794,4847,3356,5,ITI,ITI4,12,Lazio,Lazio,5879082,3465091,58.94,0.14
116,2021-05-21,LAZ,52098,25061,27037,37303,14098,697,ITI,ITI4,12,Lazio,Lazio,5879082,3517189,59.83,0.89
117,2021-06-04,LAZ,62057,30263,31794,43551,17862,644,ITI,ITI4,12,Lazio,Lazio,5879082,3579246,60.88,1.06
118,2021-05-04,LAZ,40284,18534,21750,26118,13697,469,ITI,ITI4,12,Lazio,Lazio,5879082,3619530,61.57,0.69
119,2021-08-12,LAZ,47606,24638,22968,20564,26066,976,ITI,ITI4,12,Lazio,Lazio,5879082,3667136,62.38,0.81
120,2021-03-03,LAZ,17901,7888,10013,13348,4311,242,ITI,ITI4,12,Lazio,Lazio,5879082,3685037,62.68,0.3
121,2021-08-09,LAZ,52401,26580,25821,21739,29605,1057,ITI,ITI4,12,Lazio,Lazio,5879082,3737438,63.57,0.89
122,2021-01-26,LAZ,7977,3132,4845,732,7245,0,ITI,ITI4,12,Lazio,Lazio,5879082,3745415,63.71,0.14
123,2021-04-02,LAZ,29550,14170,15380,21765,7396,389,ITI,ITI4,12,Lazio,Lazio,5879082,3774965,64.21,0.5
124,2021-07-11,LAZ,44143,22255,21888,3766,40226,151,ITI,ITI4,12,Lazio,Lazio,5879082,3819108,64.96,0.75
125,2021-01-28,LAZ,8288,3171,5117,787,7500,1,ITI,ITI4,12,Lazio,Lazio,5879082,3827396,65.1,0.14
126,2021-07-04,LAZ,46596,21694,24902,4121,42390,85,ITI,ITI4,12,Lazio,Lazio,5879082,3873992,65.89,0.79
127,2021-05-08,LAZ,45505,20776,24729,29402,15452,651,ITI,ITI4,12,Lazio,Lazio,5879082,3919497,66.67,0.77
128,2021-07-13,LAZ,42728,20943,21785,5511,36879,338,ITI,ITI4,12,Lazio,Lazio,5879082,3962225,67.4,0.73
129,2021-03-26,LAZ,30362,14065,16297,23014,6899,449,ITI,ITI4,12,Lazio,Lazio,5879082,3992587,67.91,0.52
130,2021-07-12,LAZ,41432,20721,20711,5867,35338,227,ITI,ITI4,12,Lazio,Lazio,5879082,4034019,68.62,0.7
131,2021-05-16,LAZ,51018,24571,26447,36974,13514,530,ITI,ITI4,12,Lazio,Lazio,5879082,4085037,69.48,0.87
132,2021-08-24,LAZ,18447,9839,8608,11444,6298,705,ITI,ITI4,12,Lazio,Lazio,5879082,4103484,69.8,0.31
133,2021-06-28,LAZ,58972,28195,30777,27508,31016,448,ITI,ITI4,12,Lazio,Lazio,5879082,4162456,70.8,1.0
134,2021-05-25,LAZ,47623,22359,25264,35308,11721,594,ITI,ITI4,12,Lazio,Lazio,5879082,4210079,71.61,0.81
135,2021-04-12,LAZ,23940,10795,13145,16691,6964,285,ITI,ITI4,12,Lazio,Lazio,5879082,4234019,72.02,0.41
136,2021-07-21,LAZ,62819,31721,31098,28650,32805,1364,ITI,ITI4,12,Lazio,Lazio,5879082,4296838,73.09,1.07
137,2021-06-08,LAZ,66815,31894,34921,36159,30007,649,ITI,ITI4,12,Lazio,Lazio,5879082,4363653,74.22,1.14
138,2021-07-14,LAZ,42180,20562,21618,6204,35614,362,ITI,ITI4,12,Lazio,Lazio,5879082,4405833,74.94,0.72
139,2021-02-12,LAZ,6856,2856,4000,6354,421,81,ITI,ITI4,12,Lazio,Lazio,5879082,4412689,75.06,0.12
140,2020-12-31,LAZ,5375,2151,3224,5315,0,60,ITI,ITI4,12,Lazio,Lazio,5879082,4418064,75.15,0.09
141,2021-04-10,LAZ,23948,10419,13529,16497,7201,250,ITI,ITI4,12,Lazio,Lazio,5879082,4442012,75.56,0.41
142,2021-02-05,LAZ,7335,2998,4337,1219,6113,3,ITI,ITI4,12,Lazio,Lazio,5879082,4449347,75.68,0.12
143,2021-01-31,LAZ,4464,1857,2607,479,3985,0,ITI,ITI4,12,Lazio,Lazio,5879082,4453811,75.76,0.08
144,2021-05-11,LAZ,48381,22220,26161,31200,16585,596,ITI,ITI4,12,Lazio,Lazio,5879082,4502192,76.58,0.82
145,2021-07-16,LAZ,43999,20999,23000,2914,40906,179,ITI,ITI4,12,Lazio,Lazio,5879082,4546191,77.33,0.75
146,2021-04-24,LAZ,33578,15154,18424,20187,12898,493,ITI,ITI4,12,Lazio,Lazio,5879082,4579769,77.9,0.57
147,2021-08-02,LAZ,35937,18748,17189,6001,29727,209,ITI,ITI4,12,Lazio,Lazio,5879082,4615706,78.51,0.61
148,2021-08-21,LAZ,10125,5815,4310,3192,6837,96,ITI,ITI4,12,Lazio,Lazio,5879082,4625831,78.68,0.17
149,2021-05-30,LAZ,41271,17655,23616,33232,7374,665,ITI,ITI4,12,Lazio,Lazio,5879082,4667102,79.38,0.7
150,2021-05-13,LAZ,50273,22596,27677,31726,17872,675,ITI,ITI4,12,Lazio,Lazio,5879082,4717375,80.24,0.86
151,2021-03-20,LAZ,19275,7674,11601,13087,5923,265,ITI,ITI4,12,Lazio,Lazio,5879082,4736650,80.57,0.33
152,2021-07-17,LAZ,43892,22142,21750,2178,41609,105,ITI,ITI4,12,Lazio,Lazio,5879082,4780542,81.31,0.75
153,2021-06-30,LAZ,63014,29657,33357,29756,32710,548,ITI,ITI4,12,Lazio,Lazio,5879082,4843556,82.39,1.07
154,2021-04-08,LAZ,26885,12328,14557,18821,7715,349,ITI,ITI4,12,Lazio,Lazio,5879082,4870441,82.84,0.46
155,2021-07-02,LAZ,48540,23263,25277,6620,41734,186,ITI,ITI4,12,Lazio,Lazio,5879082,4918981,83.67,0.83
156,2021-01-09,LAZ,6419,2611,3808,6306,0,113,ITI,ITI4,12,Lazio,Lazio,5879082,4925400,83.78,0.11
157,2021-04-19,LAZ,30157,13713,16444,19008,10728,421,ITI,ITI4,12,Lazio,Lazio,5879082,4955557,84.29,0.51
158,2021-02-21,LAZ,6997,3184,3813,6486,465,46,ITI,ITI4,12,Lazio,Lazio,5879082,4962554,84.41,0.12
159,2021-02-14,LAZ,5807,2381,3426,5301,475,31,ITI,ITI4,12,Lazio,Lazio,5879082,4968361,84.51,0.1
160,2021-02-28,LAZ,10286,4040,6246,9647,540,99,ITI,ITI4,12,Lazio,Lazio,5879082,4978647,84.68,0.17
161,2021-01-02,LAZ,6839,2681,4158,6759,0,80,ITI,ITI4,12,Lazio,Lazio,5879082,4985486,84.8,0.12
162,2021-06-20,LAZ,55327,25444,29883,29615,24953,759,ITI,ITI4,12,Lazio,Lazio,5879082,5040813,85.74,0.94
163,2021-06-06,LAZ,58270,28092,30178,35139,22535,596,ITI,ITI4,12,Lazio,Lazio,5879082,5099083,86.73,0.99
164,2021-02-26,LAZ,13132,5739,7393,11549,1405,178,ITI,ITI4,12,Lazio,Lazio,5879082,5112215,86.96,0.22
165,2021-07-09,LAZ,65008,31383,33625,27604,36659,745,ITI,ITI4,12,Lazio,Lazio,5879082,5177223,88.06,1.11
166,2021-05-01,LAZ,38266,17209,21057,25753,12076,437,ITI,ITI4,12,Lazio,Lazio,5879082,5215489,88.71,0.65
167,2021-04-17,LAZ,32485,14251,18234,20020,12065,400,ITI,ITI4,12,Lazio,Lazio,5879082,5247974,89.27,0.55
168,2021-07-26,LAZ,50839,25049,25790,6648,43880,311,ITI,ITI4,12,Lazio,Lazio,5879082,5298813,90.13,0.86
169,2021-03-12,LAZ,24105,11145,12960,17390,6356,359,ITI,ITI4,12,Lazio,Lazio,5879082,5322918,90.54,0.41
170,2021-08-13,LAZ,43444,22588,20856,20029,22365,1050,ITI,ITI4,12,Lazio,Lazio,5879082,5366362,91.28,0.74
171,2021-02-09,LAZ,8821,3782,5039,4578,4237,6,ITI,ITI4,12,Lazio,Lazio,5879082,5375183,91.43,0.15
172,2021-02-23,LAZ,11102,4790,6312,10204,769,129,ITI,ITI4,12,Lazio,Lazio,5879082,5386285,91.62,0.19
173,2021-02-24,LAZ,12058,5213,6845,10935,997,126,ITI,ITI4,12,Lazio,Lazio,5879082,5398343,91.82,0.21
174,2021-07-07,LAZ,62676,31042,31634,28395,33688,593,ITI,ITI4,12,Lazio,Lazio,5879082,5461019,92.89,1.07
175,2021-03-29,LAZ,25583,12151,13432,18188,7082,313,ITI,ITI4,12,Lazio,Lazio,5879082,5486602,93.32,0.44
176,2021-03-15,LAZ,21027,9873,11154,14002,6769,256,ITI,ITI4,12,Lazio,Lazio,5879082,5507629,93.68,0.36
177,2021-08-04,LAZ,46962,23619,23343,20334,25993,635,ITI,ITI4,12,Lazio,Lazio,5879082,5554591,94.48,0.8
178,2021-06-29,LAZ,59506,28277,31229,27739,31180,587,ITI,ITI4,12,Lazio,Lazio,5879082,5614097,95.49,1.01
179,2021-04-03,LAZ,24850,11220,13630,17896,6735,219,ITI,ITI4,12,Lazio,Lazio,5879082,5638947,95.92,0.42
180,2021-02-19,LAZ,10060,5085,4975,9073,838,149,ITI,ITI4,12,Lazio,Lazio,5879082,5649007,96.09,0.17
181,2021-07-06,LAZ,62593,30374,32219,28563,33537,493,ITI,ITI4,12,Lazio,Lazio,5879082,5711600,97.15,1.06
182,2021-01-21,LAZ,5664,2368,3296,556,5108,0,ITI,ITI4,12,Lazio,Lazio,5879082,5717264,97.25,0.1
183,2021-03-31,LAZ,27880,13481,14399,20393,7145,342,ITI,ITI4,12,Lazio,Lazio,5879082,5745144,97.72,0.47
184,2021-01-07,LAZ,7934,2976,4958,7777,0,157,ITI,ITI4,12,Lazio,Lazio,5879082,5753078,97.86,0.13
185,2021-01-05,LAZ,7456,2832,4624,7353,0,103,ITI,ITI4,12,Lazio,Lazio,5879082,5760534,97.98,0.13
186,2021-01-24,LAZ,5703,2230,3473,618,5085,0,ITI,ITI4,12,Lazio,Lazio,5879082,5766237,98.08,0.1
187,2021-02-07,LAZ,4970,2048,2922,410,4559,1,ITI,ITI4,12,Lazio,Lazio,5879082,5771207,98.17,0.08
188,2021-05-18,LAZ,45089,20631,24458,34953,9584,552,ITI,ITI4,12,Lazio,Lazio,5879082,5816296,98.93,0.77
189,2021-08-11,LAZ,48733,25514,23219,20273,27594,866,ITI,ITI4,12,Lazio,Lazio,5879082,5865029,99.76,0.83
190,2021-05-03,LAZ,39633,17896,21737,26277,12774,582,ITI,ITI4,12,Lazio,Lazio,5879082,5904662,100.44,0.67
191,2021-07-25,LAZ,24634,12121,12513,2079,22505,50,ITI,ITI4,12,Lazio,Lazio,5879082,5929296,100.85,0.42
192,2021-06-22,LAZ,62849,29077,33772,28602,33530,717,ITI,ITI4,12,Lazio,Lazio,5879082,5992145,101.92,1.07
193,2021-03-14,LAZ,17299,6779,10520,11854,5181,264,ITI,ITI4,12,Lazio,Lazio,5879082,6009444,102.22,0.29
194,2021-01-14,LAZ,5598,2179,3419,5424,0,174,ITI,ITI4,12,Lazio,Lazio,5879082,6015042,102.31,0.1
195,2021-04-07,LAZ,26040,12188,13852,18370,7325,345,ITI,ITI4,12,Lazio,Lazio,5879082,6041082,102.76,0.44
196,2020-12-28,LAZ,960,413,547,955,0,5,ITI,ITI4,12,Lazio,Lazio,5879082,6042042,102.77,0.02
197,2021-01-16,LAZ,5768,2334,3434,5620,0,148,ITI,ITI4,12,Lazio,Lazio,5879082,6047810,102.87,0.1
198,2021-04-26,LAZ,29338,13502,15836,19619,9288,431,ITI,ITI4,12,Lazio,Lazio,5879082,6077148,103.37,0.5
199,2021-02-02,LAZ,5918,2219,3699,639,5276,3,ITI,ITI4,12,Lazio,Lazio,5879082,6083066,103.47,0.1
200,2021-07-18,LAZ,58384,29727,28657,22797,34791,796,ITI,ITI4,12,Lazio,Lazio,5879082,6141450,104.46,0.99
201,2021-03-22,LAZ,23418,10562,12856,16356,6731,331,ITI,ITI4,12,Lazio,Lazio,5879082,6164868,104.86,0.4
202,2020-12-29,LAZ,496,182,314,492,0,4,ITI,ITI4,12,Lazio,Lazio,5879082,6165364,104.87,0.01
203,2021-06-13,LAZ,58451,26227,32224,33080,24866,505,ITI,ITI4,12,Lazio,Lazio,5879082,6223815,105.86,0.99
204,2021-03-07,LAZ,14163,5479,8684,10349,3603,211,ITI,ITI4,12,Lazio,Lazio,5879082,6237978,106.1,0.24
205,2021-06-15,LAZ,66200,31994,34206,33376,32254,570,ITI,ITI4,12,Lazio,Lazio,5879082,6304178,107.23,1.13
206,2021-03-24,LAZ,27986,13148,14838,21317,6274,395,ITI,ITI4,12,Lazio,Lazio,5879082,6332164,107.71,0.48
207,2021-08-20,LAZ,8236,4634,3602,2022,6121,93,ITI,ITI4,12,Lazio,Lazio,5879082,6340400,107.85,0.14
208,2021-05-29,LAZ,52100,23440,28660,40188,11049,863,ITI,ITI4,12,Lazio,Lazio,5879082,6392500,108.73,0.89
209,2021-08-01,LAZ,37596,19950,17646,5453,31856,287,ITI,ITI4,12,Lazio,Lazio,5879082,6430096,109.37,0.64
210,2021-05-10,LAZ,44509,20354,24155,30605,13444,460,ITI,ITI4,12,Lazio,Lazio,5879082,6474605,110.13,0.76
211,2021-08-18,LAZ,9379,5410,3969,3170,6094,115,ITI,ITI4,12,Lazio,Lazio,5879082,6483984,110.29,0.16
212,2021-06-17,LAZ,67041,32263,34778,31820,34499,722,ITI,ITI4,12,Lazio,Lazio,5879082,6551025,111.43,1.14
213,2021-04-21,LAZ,33159,15071,18088,20313,12485,361,ITI,ITI4,12,Lazio,Lazio,5879082,6584184,111.99,0.56
214,2021-07-30,LAZ,55855,28916,26939,7346,48157,352,ITI,ITI4,12,Lazio,Lazio,5879082,6640039,112.94,0.95
215,2021-06-03,LAZ,56860,28731,28129,38288,17852,720,ITI,ITI4,12,Lazio,Lazio,5879082,6696899,113.91,0.97
216,2021-05-27,LAZ,58532,27236,31296,43939,13803,790,ITI,ITI4,12,Lazio,Lazio,5879082,6755431,114.91,1.0
217,2021-03-05,LAZ,19605,8686,10919,14625,4752,228,ITI,ITI4,12,Lazio,Lazio,5879082,6775036,115.24,0.33
218,2021-02-16,LAZ,8359,4034,4325,7704,612,43,ITI,ITI4,12,Lazio,Lazio,5879082,6783395,115.38,0.14
219,2021-08-06,LAZ,32885,17175,15710,21826,10016,1043,ITI,ITI4,12,Lazio,Lazio,5879082,6816280,115.94,0.56
220,2021-06-10,LAZ,72209,34122,38087,37319,34049,841,ITI,ITI4,12,Lazio,Lazio,5879082,6888489,117.17,1.23
221,2021-04-14,LAZ,29401,13327,16074,18884,10197,320,ITI,ITI4,12,Lazio,Lazio,5879082,6917890,117.67,0.5
222,2021-07-23,LAZ,58442,29314,29128,26795,29885,1762,ITI,ITI4,12,Lazio,Lazio,5879082,6976332,118.66,0.99
223,2021-07-31,LAZ,56177,29527,26650,5544,50333,300,ITI,ITI4,12,Lazio,Lazio,5879082,7032509,119.62,0.96
224,2021-01-08,LAZ,7952,2978,4974,7755,0,197,ITI,ITI4,12,Lazio,Lazio,5879082,7040461,119.75,0.14
225,2021-07-29,LAZ,56029,28547,27482,7669,47987,373,ITI,ITI4,12,Lazio,Lazio,5879082,7096490,120.71,0.95
226,2021-01-01,LAZ,3599,1396,2203,3559,0,40,ITI,ITI4,12,Lazio,Lazio,5879082,7100089,120.77,0.06
227,2021-01-10,LAZ,4136,1739,2397,4069,0,67,ITI,ITI4,12,Lazio,Lazio,5879082,7104225,120.84,0.07
228,2021-06-16,LAZ,64718,31079,33639,32081,32003,634,ITI,ITI4,12,Lazio,Lazio,5879082,7168943,121.94,1.1
229,2021-04-20,LAZ,31151,14298,16853,19407,11365,379,ITI,ITI4,12,Lazio,Lazio,5879082,7200094,122.47,0.53
230,2021-03-08,LAZ,20953,9099,11854,15352,5305,296,ITI,ITI4,12,Lazio,Lazio,5879082,7221047,122.83,0.36
231,2021-04-22,LAZ,39222,19511,19711,23908,14723,591,ITI,ITI4,12,Lazio,Lazio,5879082,7260269,123.49,0.67
232,2021-03-10,LAZ,23369,10678,12691,17364,5661,344,ITI,ITI4,12,Lazio,Lazio,5879082,7283638,123.89,0.4
233,2021-01-12,LAZ,5513,2022,3491,5370,0,143,ITI,ITI4,12,Lazio,Lazio,5879082,7289151,123.98,0.09
234,2021-06-18,LAZ,64397,31026,33371,30308,33337,752,ITI,ITI4,12,Lazio,Lazio,5879082,7353548,125.08,1.1
235,2021-03-17,LAZ,13879,5950,7929,7477,6291,111,ITI,ITI4,12,Lazio,Lazio,5879082,7367427,125.32,0.24
236,2021-06-25,LAZ,63427,30639,32788,28141,34690,596,ITI,ITI4,12,Lazio,Lazio,5879082,7430854,126.39,1.08
237,2021-06-27,LAZ,47261,21615,25646,20593,26185,483,ITI,ITI4,12,Lazio,Lazio,5879082,7478115,127.2,0.8
238,2021-08-23,LAZ,22526,12272,10254,16249,5310,967,ITI,ITI4,12,Lazio,Lazio,5879082,7500641,127.58,0.38
239,2021-02-04,LAZ,6447,2568,3879,1125,5321,1,ITI,ITI4,12,Lazio,Lazio,5879082,7507088,127.69,0.11
240,2021-08-25,LAZ,31586,16574,15012,9864,21129,593,ITI,ITI4,12,Lazio,Lazio,5879082,7538674,128.23,0.54
241,2021-05-22,LAZ,55212,27053,28159,43661,10706,845,ITI,ITI4,12,Lazio,Lazio,5879082,7593886,129.17,0.94
242,2021-05-15,LAZ,57495,27464,30031,40127,16577,791,ITI,ITI4,12,Lazio,Lazio,5879082,7651381,130.15,0.98
243,2021-03-19,LAZ,17506,7596,9910,11003,6350,153,ITI,ITI4,12,Lazio,Lazio,5879082,7668887,130.44,0.3
244,2021-06-21,EMR,37591,19005,18586,16098,20891,602,ITH,ITH5,8,Emilia-Romagna,Emilia-Romagna,4459477,37591,0.84,0.84
245,2021-07-08,EMR,41347,20598,20749,4738,36199,410,ITH,ITH5,8,Emilia-Romagna,Emilia-Romagna,4459477,78938,1.77,0.93
246,2021-03-30,EMR,23349,10339,13010,17993,5042,314,ITH,ITH5,8,Emilia-Romagna,Emilia-Romagna,4459477,102287,2.29,0.52
247,2021-07-22,EMR,40359,21543,18816,15296,24178,885,ITH,ITH5,8,Emilia-Romagna,Emilia-Romagna,4459477,142646,3.2,0.91
248,2021-01-04,EMR,7306,2526,4780,7303,0,3,ITH,ITH5,8,Emilia-Romagna,Emilia-Romagna,4459477,149952,3.36,0.16
249,2021-01-30,EMR,10091,3526,6565,136,9954,1,ITH,ITH5,8,Emilia-Romagna,Emilia-Romagna,4459477,160043,3.59,0.23
250,2021-04-16,EMR,29242,13766,15476,20018,8841,383,ITH,ITH5,8,Emilia-Romagna,Emilia-Romagna,4459477,189285,4.24,0.66
251,2021-01-06,EMR,8286,2954,5332,8285,0,1,ITH,ITH5,8,Emilia-Romagna,Emilia-Romagna,4459477,197571,4.43,0.19
252,2021-08-08,EMR,21594,11702,9892,10556,10487,551,ITH,ITH5,8,Emilia-Romagna,Emilia-Romagna,4459477,219165,4.91,0.48
253,2021-04-30,EMR,36651,16804,19847,21232,14809,610,ITH,ITH5,8,Emilia-Romagna,Emilia-Romagna,4459477,255816,5.74,0.82
254,2021-03-28,EMR,13550,6059,7491,9544,3885,121,ITH,ITH5,8,Emilia-Romagna,Emilia-Romagna,4459477,269366,6.04,0.3
255,2021-08-17,EMR,22329,12269,10060,14468,6848,1013,ITH,ITH5,8,Emilia-Romagna,Emilia-Romagna,4459477,291695,6.54,0.5
256,2021-05-26,EMR,33341,14754,18587,9929,23027,385,ITH,ITH5,8,Emilia-Romagna,Emilia-Romagna,4459477,325036,7.29,0.75
257,2021-06-12,EMR,41384,21881,19503,35505,4918,961,ITH,ITH5,8,Emilia-Romagna,Emilia-Romagna,4459477,366420,8.22,0.93
258,2021-03-04,EMR,16456,5350,11106,13342,3025,89,ITH,ITH5,8,Emilia-Romagna,Emilia-Romagna,4459477,382876,8.59,0.37
259,2021-05-24,EMR,30005,13737,16268,17965,11526,514,ITH,ITH5,8,Emilia-Romagna,Emilia-Romagna,4459477,412881,9.26,0.67
260,2021-02-13,EMR,3629,1085,2544,3016,599,14,ITH,ITH5,8,Emilia-Romagna,Emilia-Romagna,4459477,416510,9.34,0.08
261,2021-07-20,EMR,43117,22541,20576,6684,35764,669,ITH,ITH5,8,Emilia-Romagna,Emilia-Romagna,4459477,459627,10.31,0.97
262,2021-04-11,EMR,15284,6939,8345,11982,3049,253,ITH,ITH5,8,Emilia-Romagna,Emilia-Romagna,4459477,474911,10.65,0.34
263,2021-02-11,EMR,4255,1413,2842,3395,843,17,ITH,ITH5,8,Emilia-Romagna,Emilia-Romagna,4459477,479166,10.74,0.1
264,2021-01-23,EMR,2448,871,1577,440,2008,0,ITH,ITH5,8,Emilia-Romagna,Emilia-Romagna,4459477,481614,10.8,0.05
265,2021-05-07,EMR,35335,16985,18350,22701,11891,743,ITH,ITH5,8,Emilia-Romagna,Emilia-Romagna,4459477,516949,11.59,0.79
266,2021-07-03,EMR,32115,15932,16183,11440,20014,661,ITH,ITH5,8,Emilia-Romagna,Emilia-Romagna,4459477,549064,12.31,0.72
267,2021-05-12,EMR,38953,18308,20645,28466,9695,792,ITH,ITH5,8,Emilia-Romagna,Emilia-Romagna,4459477,588017,13.19,0.87
268,2021-02-01,EMR,10327,3616,6711,354,9971,2,ITH,ITH5,8,Emilia-Romagna,Emilia-Romagna,4459477,598344,13.42,0.23
269,2021-01-18,EMR,3131,881,2250,2448,680,3,ITH,ITH5,8,Emilia-Romagna,Emilia-Romagna,4459477,601475,13.49,0.07
270,2021-03-16,EMR,12251,5028,7223,4875,7311,65,ITH,ITH5,8,Emilia-Romagna,Emilia-Romagna,4459477,613726,13.76,0.27
271,2021-01-25,EMR,6464,2148,4316,206,6257,1,ITH,ITH5,8,Emilia-Romagna,Emilia-Romagna,4459477,620190,13.91,0.14
272,2021-07-01,EMR,34534,16879,17655,14834,18844,856,ITH,ITH5,8,Emilia-Romagna,Emilia-Romagna,4459477,654724,14.68,0.77
273,2021-03-23,EMR,18800,8146,10654,11947,6688,165,ITH,ITH5,8,Emilia-Romagna,Emilia-Romagna,4459477,673524,15.1,0.42
274,2021-02-18,EMR,7044,2892,4152,6440,588,16,ITH,ITH5,8,Emilia-Romagna,Emilia-Romagna,4459477,680568,15.26,0.16
275,2021-06-07,EMR,40567,20823,19744,33482,6263,822,ITH,ITH5,8,Emilia-Romagna,Emilia-Romagna,4459477,721135,16.17,0.91
276,2021-08-03,EMR,38475,20246,18229,15563,22281,631,ITH,ITH5,8,Emilia-Romagna,Emilia-Romagna,4459477,759610,17.03,0.86
277,2021-08-27,EMR,8298,4449,3849,1858,6173,267,ITH,ITH5,8,Emilia-Romagna,Emilia-Romagna,4459477,767908,17.22,0.19
278,2021-05-19,EMR,33837,14996,18841,18042,15265,530,ITH,ITH5,8,Emilia-Romagna,Emilia-Romagna,4459477,801745,17.98,0.76
279,2021-06-02,EMR,24119,12068,12051,18709,4979,431,ITH,ITH5,8,Emilia-Romagna,Emilia-Romagna,4459477,825864,18.52,0.54
280,2021-07-15,EMR,50377,26239,24138,7916,41770,691,ITH,ITH5,8,Emilia-Romagna,Emilia-Romagna,4459477,876241,19.65,1.13
281,2021-04-23,EMR,29576,13815,15761,14305,14892,379,ITH,ITH5,8,Emilia-Romagna,Emilia-Romagna,4459477,905817,20.31,0.66
282,2021-01-13,EMR,9077,2943,6134,9072,0,5,ITH,ITH5,8,Emilia-Romagna,Emilia-Romagna,4459477,914894,20.52,0.2
283,2021-04-04,EMR,9882,4719,5163,7528,2271,83,ITH,ITH5,8,Emilia-Romagna,Emilia-Romagna,4459477,924776,20.74,0.22
284,2021-01-11,EMR,9349,3277,6072,9340,0,9,ITH,ITH5,8,Emilia-Romagna,Emilia-Romagna,4459477,934125,20.95,0.21
285,2021-02-25,EMR,9249,3499,5750,8272,954,23,ITH,ITH5,8,Emilia-Romagna,Emilia-Romagna,4459477,943374,21.15,0.21
286,2021-06-19,EMR,36682,18360,18322,16755,19399,528,ITH,ITH5,8,Emilia-Romagna,Emilia-Romagna,4459477,980056,21.98,0.82
287,2021-03-11,EMR,17497,7330,10167,11457,5854,186,ITH,ITH5,8,Emilia-Romagna,Emilia-Romagna,4459477,997553,22.37,0.39
288,2021-02-06,EMR,7600,2406,5194,2108,5488,4,ITH,ITH5,8,Emilia-Romagna,Emilia-Romagna,4459477,1005153,22.54,0.17
289,2021-05-09,EMR,25641,12267,13374,18277,6972,392,ITH,ITH5,8,Emilia-Romagna,Emilia-Romagna,4459477,1030794,23.11,0.57
290,2021-01-29,EMR,10423,3498,6925,289,10134,0,ITH,ITH5,8,Emilia-Romagna,Emilia-Romagna,4459477,1041217,23.35,0.23
291,2021-08-15,EMR,6640,3684,2956,3277,3197,166,ITH,ITH5,8,Emilia-Romagna,Emilia-Romagna,4459477,1047857,23.5,0.15
292,2021-06-26,EMR,37476,18991,18485,21036,15535,905,ITH,ITH5,8,Emilia-Romagna,Emilia-Romagna,4459477,1085333,24.34,0.84
293,2021-08-22,EMR,16385,8989,7396,6669,9094,622,ITH,ITH5,8,Emilia-Romagna,Emilia-Romagna,4459477,1101718,24.71,0.37
294,2021-07-10,EMR,42093,21432,20661,6807,34639,647,ITH,ITH5,8,Emilia-Romagna,Emilia-Romagna,4459477,1143811,25.65,0.94
295,2021-07-29,EMR,40757,21511,19246,14519,25535,703,ITH,ITH5,8,Emilia-Romagna,Emilia-Romagna,4459477,1184568,26.56,0.91
296,2021-07-27,EMR,41105,21837,19268,17003,23318,784,ITH,ITH5,8,Emilia-Romagna,Emilia-Romagna,4459477,1225673,27.48,0.92
297,2021-04-18,EMR,17525,8405,9120,12364,4932,229,ITH,ITH5,8,Emilia-Romagna,Emilia-Romagna,4459477,1243198,27.88,0.39
298,2021-06-14,EMR,41336,21371,19965,27493,13084,759,ITH,ITH5,8,Emilia-Romagna,Emilia-Romagna,4459477,1284534,28.8,0.93
299,2021-03-09,EMR,14804,6035,8769,10754,3954,96,ITH,ITH5,8,Emilia-Romagna,Emilia-Romagna,4459477,1299338,29.14,0.33
300,2021-05-05,EMR,30141,14002,16139,18307,11272,562,ITH,ITH5,8,Emilia-Romagna,Emilia-Romagna,4459477,1329479,29.81,0.68
301,2021-05-31,EMR,29791,13774,16017,17726,11513,552,ITH,ITH5,8,Emilia-Romagna,Emilia-Romagna,4459477,1359270,30.48,0.67
302,2021-02-20,EMR,5318,2094,3224,5048,263,7,ITH,ITH5,8,Emilia-Romagna,Emilia-Romagna,4459477,1364588,30.6,0.12
303,2021-01-15,EMR,7754,2406,5348,7746,0,8,ITH,ITH5,8,Emilia-Romagna,Emilia-Romagna,4459477,1372342,30.77,0.17
304,2021-08-10,EMR,31289,16736,14553,15362,14904,1023,ITH,ITH5,8,Emilia-Romagna,Emilia-Romagna,4459477,1403631,31.48,0.7
305,2021-03-13,EMR,16147,6365,9782,10594,5314,239,ITH,ITH5,8,Emilia-Romagna,Emilia-Romagna,4459477,1419778,31.84,0.36
306,2021-07-05,EMR,33232,16204,17028,11233,21374,625,ITH,ITH5,8,Emilia-Romagna,Emilia-Romagna,4459477,1453010,32.58,0.75
307,2021-03-27,EMR,21678,9070,12608,14521,6911,246,ITH,ITH5,8,Emilia-Romagna,Emilia-Romagna,4459477,1474688,33.07,0.49
308,2021-04-13,EMR,23725,11131,12594,19035,4344,346,ITH,ITH5,8,Emilia-Romagna,Emilia-Romagna,4459477,1498413,33.6,0.53
309,2021-01-03,EMR,2764,945,1819,2764,0,0,ITH,ITH5,8,Emilia-Romagna,Emilia-Romagna,4459477,1501177,33.66,0.06
310,2021-05-02,EMR,25594,11656,13938,13191,11999,404,ITH,ITH5,8,Emilia-Romagna,Emilia-Romagna,4459477,1526771,34.24,0.57
311,2021-06-30,EMR,34254,17286,16968,17712,15661,881,ITH,ITH5,8,Emilia-Romagna,Emilia-Romagna,4459477,1561025,35.0,0.77
312,2021-07-17,EMR,43651,23046,20605,7180,35737,734,ITH,ITH5,8,Emilia-Romagna,Emilia-Romagna,4459477,1604676,35.98,0.98
313,2021-06-11,EMR,45975,23860,22115,38350,6552,1073,ITH,ITH5,8,Emilia-Romagna,Emilia-Romagna,4459477,1650651,37.01,1.03
314,2021-06-28,EMR,40067,19661,20406,19660,19574,833,ITH,ITH5,8,Emilia-Romagna,Emilia-Romagna,4459477,1690718,37.91,0.9
315,2021-03-20,EMR,16090,6829,9261,8956,6965,169,ITH,ITH5,8,Emilia-Romagna,Emilia-Romagna,4459477,1706808,38.27,0.36
316,2021-08-26,EMR,27220,14492,12728,9090,17209,921,ITH,ITH5,8,Emilia-Romagna,Emilia-Romagna,4459477,1734028,38.88,0.61
317,2021-06-04,EMR,45754,23025,22729,36855,8199,700,ITH,ITH5,8,Emilia-Romagna,Emilia-Romagna,4459477,1779782,39.91,1.03
318,2021-01-10,EMR,7171,2685,4486,7170,0,1,ITH,ITH5,8,Emilia-Romagna,Emilia-Romagna,4459477,1786953,40.07,0.16
319,2021-06-16,EMR,45953,23534,22419,25264,19958,731,ITH,ITH5,8,Emilia-Romagna,Emilia-Romagna,4459477,1832906,41.1,1.03
320,2021-03-08,EMR,12219,5100,7119,9471,2664,84,ITH,ITH5,8,Emilia-Romagna,Emilia-Romagna,4459477,1845125,41.38,0.27
321,2021-04-20,EMR,22645,10413,12232,13887,8359,399,ITH,ITH5,8,Emilia-Romagna,Emilia-Romagna,4459477,1867770,41.88,0.51
322,2021-06-23,EMR,38056,19093,18963,18497,18862,697,ITH,ITH5,8,Emilia-Romagna,Emilia-Romagna,4459477,1905826,42.74,0.85
323,2021-01-08,EMR,10871,3581,7290,10868,0,3,ITH,ITH5,8,Emilia-Romagna,Emilia-Romagna,4459477,1916697,42.98,0.24
324,2021-03-06,EMR,21032,5969,15063,18167,2741,124,ITH,ITH5,8,Emilia-Romagna,Emilia-Romagna,4459477,1937729,43.45,0.47
325,2021-03-25,EMR,21487,9420,12067,14236,6992,259,ITH,ITH5,8,Emilia-Romagna,Emilia-Romagna,4459477,1959216,43.93,0.48
326,2021-05-21,EMR,39380,17557,21823,21636,17126,618,ITH,ITH5,8,Emilia-Romagna,Emilia-Romagna,4459477,1998596,44.82,0.88
327,2021-02-10,EMR,4023,1383,2640,2756,1261,6,ITH,ITH5,8,Emilia-Romagna,Emilia-Romagna,4459477,2002619,44.91,0.09
328,2021-04-08,EMR,31392,14414,16978,25329,5329,734,ITH,ITH5,8,Emilia-Romagna,Emilia-Romagna,4459477,2034011,45.61,0.7
329,2021-05-20,EMR,40408,18342,22066,18397,21497,514,ITH,ITH5,8,Emilia-Romagna,Emilia-Romagna,4459477,2074419,46.52,0.91
330,2021-08-23,EMR,22518,11720,10798,11802,9456,1260,ITH,ITH5,8,Emilia-Romagna,Emilia-Romagna,4459477,2096937,47.02,0.5
331,2021-06-25,EMR,42861,21811,21050,19779,22314,768,ITH,ITH5,8,Emilia-Romagna,Emilia-Romagna,4459477,2139798,47.98,0.96
332,2021-03-17,EMR,13731,5699,8032,5818,7855,58,ITH,ITH5,8,Emilia-Romagna,Emilia-Romagna,4459477,2153529,48.29,0.31
333,2021-08-21,EMR,19055,10660,8395,10425,7752,878,ITH,ITH5,8,Emilia-Romagna,Emilia-Romagna,4459477,2172584,48.72,0.43
334,2021-05-13,EMR,35852,16515,19337,27287,7847,718,ITH,ITH5,8,Emilia-Romagna,Emilia-Romagna,4459477,2208436,49.52,0.8
335,2021-05-23,EMR,25501,11867,13634,13578,11606,317,ITH,ITH5,8,Emilia-Romagna,Emilia-Romagna,4459477,2233937,50.09,0.57
336,2021-07-19,EMR,41983,22115,19868,6636,34754,593,ITH,ITH5,8,Emilia-Romagna,Emilia-Romagna,4459477,2275920,51.04,0.94
337,2021-07-12,EMR,44062,22328,21734,5430,38124,508,ITH,ITH5,8,Emilia-Romagna,Emilia-Romagna,4459477,2319982,52.02,0.99
338,2021-02-12,EMR,5328,1677,3651,3898,1407,23,ITH,ITH5,8,Emilia-Romagna,Emilia-Romagna,4459477,2325310,52.14,0.12
339,2021-04-10,EMR,20935,9303,11632,16454,4148,333,ITH,ITH5,8,Emilia-Romagna,Emilia-Romagna,4459477,2346245,52.61,0.47
340,2021-04-06,EMR,24767,11179,13588,19726,4750,291,ITH,ITH5,8,Emilia-Romagna,Emilia-Romagna,4459477,2371012,53.17,0.56
341,2020-12-27,EMR,971,374,597,971,0,0,ITH,ITH5,8,Emilia-Romagna,Emilia-Romagna,4459477,2371983,53.19,0.02
342,2021-01-20,EMR,1331,269,1062,1329,1,1,ITH,ITH5,8,Emilia-Romagna,Emilia-Romagna,4459477,2373314,53.22,0.03
343,2021-07-24,EMR,38846,20941,17905,17317,20624,905,ITH,ITH5,8,Emilia-Romagna,Emilia-Romagna,4459477,2412160,54.09,0.87
344,2021-04-15,EMR,29366,13986,15380,19245,9681,440,ITH,ITH5,8,Emilia-Romagna,Emilia-Romagna,4459477,2441526,54.75,0.66
345,2021-06-18,EMR,42783,21452,21331,16306,25924,553,ITH,ITH5,8,Emilia-Romagna,Emilia-Romagna,4459477,2484309,55.71,0.96
346,2021-03-10,EMR,18806,7741,11065,12981,5645,180,ITH,ITH5,8,Emilia-Romagna,Emilia-Romagna,4459477,2503115,56.13,0.42
347,2021-02-15,EMR,2903,850,2053,2711,125,67,ITH,ITH5,8,Emilia-Romagna,Emilia-Romagna,4459477,2506018,56.2,0.07
348,2021-01-27,EMR,8370,2951,5419,461,7909,0,ITH,ITH5,8,Emilia-Romagna,Emilia-Romagna,4459477,2514388,56.38,0.19
349,2021-07-31,EMR,36189,19214,16975,12138,23359,692,ITH,ITH5,8,Emilia-Romagna,Emilia-Romagna,4459477,2550577,57.19,0.81
350,2021-01-22,EMR,1829,476,1353,1086,741,2,ITH,ITH5,8,Emilia-Romagna,Emilia-Romagna,4459477,2552406,57.24,0.04
351,2021-08-24,EMR,23248,12636,10612,10454,11728,1066,ITH,ITH5,8,Emilia-Romagna,Emilia-Romagna,4459477,2575654,57.76,0.52
352,2021-02-08,EMR,5238,1536,3702,2317,2918,3,ITH,ITH5,8,Emilia-Romagna,Emilia-Romagna,4459477,2580892,57.87,0.12
353,2021-05-16,EMR,25883,12179,13704,18362,7141,380,ITH,ITH5,8,Emilia-Romagna,Emilia-Romagna,4459477,2606775,58.45,0.58
354,2021-02-22,EMR,7485,3093,4392,7199,273,13,ITH,ITH5,8,Emilia-Romagna,Emilia-Romagna,4459477,2614260,58.62,0.17
355,2021-03-15,EMR,13464,6255,7209,6855,6507,102,ITH,ITH5,8,Emilia-Romagna,Emilia-Romagna,4459477,2627724,58.92,0.3
356,2021-02-09,EMR,4161,1253,2908,2307,1853,1,ITH,ITH5,8,Emilia-Romagna,Emilia-Romagna,4459477,2631885,59.02,0.09
357,2021-05-15,EMR,33291,14997,18294,22217,10434,640,ITH,ITH5,8,Emilia-Romagna,Emilia-Romagna,4459477,2665176,59.76,0.75
358,2021-02-04,EMR,9931,3206,6725,1235,8695,1,ITH,ITH5,8,Emilia-Romagna,Emilia-Romagna,4459477,2675107,59.99,0.22
359,2021-05-22,EMR,33147,14151,18996,16474,16217,456,ITH,ITH5,8,Emilia-Romagna,Emilia-Romagna,4459477,2708254,60.73,0.74
360,2021-07-18,EMR,34570,17910,16660,8202,25814,554,ITH,ITH5,8,Emilia-Romagna,Emilia-Romagna,4459477,2742824,61.51,0.78
361,2021-04-09,EMR,25801,11694,14107,19529,5760,512,ITH,ITH5,8,Emilia-Romagna,Emilia-Romagna,4459477,2768625,62.08,0.58
362,2021-02-02,EMR,9488,3052,6436,526,8961,1,ITH,ITH5,8,Emilia-Romagna,Emilia-Romagna,4459477,2778113,62.3,0.21
363,2021-03-18,EMR,13773,5848,7925,5677,8005,91,ITH,ITH5,8,Emilia-Romagna,Emilia-Romagna,4459477,2791886,62.61,0.31
364,2021-05-14,EMR,37346,17198,20148,26794,9653,899,ITH,ITH5,8,Emilia-Romagna,Emilia-Romagna,4459477,2829232,63.44,0.84
365,2021-02-03,EMR,9348,2991,6357,961,8386,1,ITH,ITH5,8,Emilia-Romagna,Emilia-Romagna,4459477,2838580,63.65,0.21
366,2021-04-01,EMR,23973,10783,13190,19073,4556,344,ITH,ITH5,8,Emilia-Romagna,Emilia-Romagna,4459477,2862553,64.19,0.54
367,2021-02-17,EMR,6539,2764,3775,5754,772,13,ITH,ITH5,8,Emilia-Romagna,Emilia-Romagna,4459477,2869092,64.34,0.15
368,2021-06-01,EMR,27193,13112,14081,16850,9926,417,ITH,ITH5,8,Emilia-Romagna,Emilia-Romagna,4459477,2896285,64.95,0.61
369,2021-07-28,EMR,38682,20737,17945,14006,24037,639,ITH,ITH5,8,Emilia-Romagna,Emilia-Romagna,4459477,2934967,65.81,0.87
370,2021-04-17,EMR,27318,13084,14234,17573,9353,392,ITH,ITH5,8,Emilia-Romagna,Emilia-Romagna,4459477,2962285,66.43,0.61
371,2021-01-07,EMR,10288,3406,6882,10284,0,4,ITH,ITH5,8,Emilia-Romagna,Emilia-Romagna,4459477,2972573,66.66,0.23
372,2021-04-03,EMR,19999,8785,11214,15958,3798,243,ITH,ITH5,8,Emilia-Romagna,Emilia-Romagna,4459477,2992572,67.11,0.45
373,2021-05-30,EMR,27097,12804,14293,12983,13710,404,ITH,ITH5,8,Emilia-Romagna,Emilia-Romagna,4459477,3019669,67.71,0.61
374,2021-02-19,EMR,7329,3011,4318,6801,514,14,ITH,ITH5,8,Emilia-Romagna,Emilia-Romagna,4459477,3026998,67.88,0.16
375,2021-07-26,EMR,39551,21090,18461,15893,22873,785,ITH,ITH5,8,Emilia-Romagna,Emilia-Romagna,4459477,3066549,68.76,0.89
376,2020-12-31,EMR,2212,778,1434,2211,0,1,ITH,ITH5,8,Emilia-Romagna,Emilia-Romagna,4459477,3068761,68.81,0.05
377,2021-06-06,EMR,36597,18999,17598,31569,4415,613,ITH,ITH5,8,Emilia-Romagna,Emilia-Romagna,4459477,3105358,69.64,0.82
378,2021-02-26,EMR,9640,3676,5964,8564,1053,23,ITH,ITH5,8,Emilia-Romagna,Emilia-Romagna,4459477,3114998,69.85,0.22
379,2021-04-12,EMR,19258,9015,10243,14447,4452,359,ITH,ITH5,8,Emilia-Romagna,Emilia-Romagna,4459477,3134256,70.28,0.43
380,2021-06-08,EMR,45102,23081,22021,36826,7506,770,ITH,ITH5,8,Emilia-Romagna,Emilia-Romagna,4459477,3179358,71.29,1.01
381,2021-06-13,EMR,28770,15009,13761,23831,4285,654,ITH,ITH5,8,Emilia-Romagna,Emilia-Romagna,4459477,3208128,71.94,0.65
382,2021-03-05,EMR,17921,5861,12060,14292,3504,125,ITH,ITH5,8,Emilia-Romagna,Emilia-Romagna,4459477,3226049,72.34,0.4
383,2021-03-22,EMR,17658,7820,9838,10616,6871,171,ITH,ITH5,8,Emilia-Romagna,Emilia-Romagna,4459477,3243707,72.74,0.4
384,2021-03-03,EMR,15895,5268,10627,13356,2487,52,ITH,ITH5,8,Emilia-Romagna,Emilia-Romagna,4459477,3259602,73.09,0.36
385,2021-08-19,EMR,21505,11548,9957,11917,8719,869,ITH,ITH5,8,Emilia-Romagna,Emilia-Romagna,4459477,3281107,73.58,0.48
386,2021-05-28,EMR,41292,18962,22330,17269,23425,598,ITH,ITH5,8,Emilia-Romagna,Emilia-Romagna,4459477,3322399,74.5,0.93
387,2021-04-22,EMR,29059,13454,15605,14616,14080,363,ITH,ITH5,8,Emilia-Romagna,Emilia-Romagna,4459477,3351458,75.15,0.65
388,2021-01-12,EMR,9482,3126,6356,9473,0,9,ITH,ITH5,8,Emilia-Romagna,Emilia-Romagna,4459477,3360940,75.37,0.21
389,2021-07-16,EMR,49781,26275,23506,7062,42068,651,ITH,ITH5,8,Emilia-Romagna,Emilia-Romagna,4459477,3410721,76.48,1.12
390,2021-06-27,EMR,29590,14890,14700,16217,12730,643,ITH,ITH5,8,Emilia-Romagna,Emilia-Romagna,4459477,3440311,77.15,0.66
391,2021-07-14,EMR,47958,24534,23424,5596,41829,533,ITH,ITH5,8,Emilia-Romagna,Emilia-Romagna,4459477,3488269,78.22,1.08
392,2021-04-05,EMR,14861,6812,8049,11788,2894,179,ITH,ITH5,8,Emilia-Romagna,Emilia-Romagna,4459477,3503130,78.55,0.33
393,2021-08-06,EMR,34627,18575,16052,18756,14977,894,ITH,ITH5,8,Emilia-Romagna,Emilia-Romagna,4459477,3537757,79.33,0.78
394,2021-04-28,EMR,33751,15604,18147,20264,12899,588,ITH,ITH5,8,Emilia-Romagna,Emilia-Romagna,4459477,3571508,80.09,0.76
395,2021-06-24,EMR,40642,20412,20230,20322,19567,753,ITH,ITH5,8,Emilia-Romagna,Emilia-Romagna,4459477,3612150,81.0,0.91
396,2021-08-20,EMR,19671,10709,8962,10236,8500,935,ITH,ITH5,8,Emilia-Romagna,Emilia-Romagna,4459477,3631821,81.44,0.44
397,2021-05-18,EMR,29231,13279,15952,18097,10645,489,ITH,ITH5,8,Emilia-Romagna,Emilia-Romagna,4459477,3661052,82.1,0.66
398,2021-02-07,EMR,4789,1537,3252,1723,3064,2,ITH,ITH5,8,Emilia-Romagna,Emilia-Romagna,4459477,3665841,82.2,0.11
399,2021-02-24,EMR,9360,3568,5792,8454,890,16,ITH,ITH5,8,Emilia-Romagna,Emilia-Romagna,4459477,3675201,82.41,0.21
400,2021-01-05,EMR,9361,3169,6192,9357,0,4,ITH,ITH5,8,Emilia-Romagna,Emilia-Romagna,4459477,3684562,82.62,0.21
401,2021-04-29,EMR,44987,21150,23837,26608,17561,818,ITH,ITH5,8,Emilia-Romagna,Emilia-Romagna,4459477,3729549,83.63,1.01
402,2021-01-19,EMR,2051,508,1543,2033,17,1,ITH,ITH5,8,Emilia-Romagna,Emilia-Romagna,4459477,3731600,83.68,0.05
403,2021-07-07,EMR,37906,19145,18761,13409,23705,792,ITH,ITH5,8,Emilia-Romagna,Emilia-Romagna,4459477,3769506,84.53,0.85
404,2021-03-29,EMR,21444,9626,11818,16539,4663,242,ITH,ITH5,8,Emilia-Romagna,Emilia-Romagna,4459477,3790950,85.01,0.48
405,2021-02-21,EMR,4448,1705,2743,3998,440,10,ITH,ITH5,8,Emilia-Romagna,Emilia-Romagna,4459477,3795398,85.11,0.1
406,2021-07-25,EMR,28459,15178,13281,10560,17429,470,ITH,ITH5,8,Emilia-Romagna,Emilia-Romagna,4459477,3823857,85.75,0.64
407,2021-08-11,EMR,27712,14857,12855,12046,14858,808,ITH,ITH5,8,Emilia-Romagna,Emilia-Romagna,4459477,3851569,86.37,0.62
408,2021-08-25,EMR,25015,13460,11555,9510,14569,936,ITH,ITH5,8,Emilia-Romagna,Emilia-Romagna,4459477,3876584,86.93,0.56
409,2021-01-02,EMR,2379,917,1462,2379,0,0,ITH,ITH5,8,Emilia-Romagna,Emilia-Romagna,4459477,3878963,86.98,0.05
410,2021-06-05,EMR,44313,22379,21934,36642,6921,750,ITH,ITH5,8,Emilia-Romagna,Emilia-Romagna,4459477,3923276,87.98,0.99
411,2021-06-22,EMR,36537,18197,18340,16306,19633,598,ITH,ITH5,8,Emilia-Romagna,Emilia-Romagna,4459477,3959813,88.8,0.82
412,2021-08-09,EMR,30200,16111,14089,16608,12553,1039,ITH,ITH5,8,Emilia-Romagna,Emilia-Romagna,4459477,3990013,89.47,0.68
413,2021-05-01,EMR,28430,12781,15649,15278,12793,359,ITH,ITH5,8,Emilia-Romagna,Emilia-Romagna,4459477,4018443,90.11,0.64
414,2021-08-16,EMR,20193,10854,9339,12635,6570,988,ITH,ITH5,8,Emilia-Romagna,Emilia-Romagna,4459477,4038636,90.56,0.45
415,2021-05-25,EMR,25239,11237,14002,11300,13511,428,ITH,ITH5,8,Emilia-Romagna,Emilia-Romagna,4459477,4063875,91.13,0.57
416,2021-02-14,EMR,1402,378,1024,1274,120,8,ITH,ITH5,8,Emilia-Romagna,Emilia-Romagna,4459477,4065277,91.16,0.03
417,2021-08-04,EMR,35314,18824,16490,13058,21676,580,ITH,ITH5,8,Emilia-Romagna,Emilia-Romagna,4459477,4100591,91.95,0.79
418,2021-07-21,EMR,43669,23291,20378,10786,32267,616,ITH,ITH5,8,Emilia-Romagna,Emilia-Romagna,4459477,4144260,92.93,0.98
419,2021-07-06,EMR,36807,18505,18302,12949,23192,666,ITH,ITH5,8,Emilia-Romagna,Emilia-Romagna,4459477,4181067,93.76,0.83
420,2021-05-17,EMR,32475,15414,17061,22339,9559,577,ITH,ITH5,8,Emilia-Romagna,Emilia-Romagna,4459477,4213542,94.49,0.73
421,2021-02-05,EMR,9309,2963,6346,1616,7689,4,ITH,ITH5,8,Emilia-Romagna,Emilia-Romagna,4459477,4222851,94.69,0.21
422,2021-06-20,EMR,30743,15597,15146,15613,14666,464,ITH,ITH5,8,Emilia-Romagna,Emilia-Romagna,4459477,4253594,95.38,0.69
423,2021-07-23,EMR,40393,21890,18503,19831,19474,1088,ITH,ITH5,8,Emilia-Romagna,Emilia-Romagna,4459477,4293987,96.29,0.91
424,2021-04-14,EMR,27055,12848,14207,20517,6109,429,ITH,ITH5,8,Emilia-Romagna,Emilia-Romagna,4459477,4321042,96.9,0.61
425,2021-01-21,EMR,2167,730,1437,819,1348,0,ITH,ITH5,8,Emilia-Romagna,Emilia-Romagna,4459477,4323209,96.94,0.05
426,2021-05-27,EMR,42342,18769,23573,13564,28280,498,ITH,ITH5,8,Emilia-Romagna,Emilia-Romagna,4459477,4365551,97.89,0.95
427,2021-02-16,EMR,5774,2447,3327,5229,531,14,ITH,ITH5,8,Emilia-Romagna,Emilia-Romagna,4459477,4371325,98.02,0.13
428,2021-08-01,EMR,30000,16139,13861,10229,19339,432,ITH,ITH5,8,Emilia-Romagna,Emilia-Romagna,4459477,4401325,98.7,0.67
429,2021-08-18,EMR,22230,12173,10057,14538,6638,1054,ITH,ITH5,8,Emilia-Romagna,Emilia-Romagna,4459477,4423555,99.19,0.5
430,2021-05-10,EMR,33891,16150,17741,26016,7263,612,ITH,ITH5,8,Emilia-Romagna,Emilia-Romagna,4459477,4457446,99.95,0.76
431,2021-08-02,EMR,38503,20343,18160,14750,23083,670,ITH,ITH5,8,Emilia-Romagna,Emilia-Romagna,4459477,4495949,100.82,0.86
432,2021-04-24,EMR,28653,13249,15404,14063,14242,348,ITH,ITH5,8,Emilia-Romagna,Emilia-Romagna,4459477,4524602,101.46,0.64
433,2021-05-11,EMR,35814,16804,19010,27861,7262,691,ITH,ITH5,8,Emilia-Romagna,Emilia-Romagna,4459477,4560416,102.26,0.8
434,2021-01-31,EMR,7706,2769,4937,239,7467,0,ITH,ITH5,8,Emilia-Romagna,Emilia-Romagna,4459477,4568122,102.44,0.17
435,2021-06-17,EMR,46703,23665,23038,21830,24221,652,ITH,ITH5,8,Emilia-Romagna,Emilia-Romagna,4459477,4614825,103.48,1.05
436,2021-08-13,EMR,21227,11781,9446,14248,6079,900,ITH,ITH5,8,Emilia-Romagna,Emilia-Romagna,4459477,4636052,103.96,0.48
437,2021-07-30,EMR,39833,21401,18432,15662,23454,717,ITH,ITH5,8,Emilia-Romagna,Emilia-Romagna,4459477,4675885,104.85,0.89
438,2021-04-21,EMR,23973,10970,13003,13868,9742,363,ITH,ITH5,8,Emilia-Romagna,Emilia-Romagna,4459477,4699858,105.39,0.54
439,2021-05-08,EMR,32378,15111,17267,20399,11437,542,ITH,ITH5,8,Emilia-Romagna,Emilia-Romagna,4459477,4732236,106.12,0.73
440,2021-01-28,EMR,10262,3343,6919,348,9914,0,ITH,ITH5,8,Emilia-Romagna,Emilia-Romagna,4459477,4742498,106.35,0.23
441,2021-06-03,EMR,37930,18443,19487,29706,7557,667,ITH,ITH5,8,Emilia-Romagna,Emilia-Romagna,4459477,4780428,107.2,0.85
442,2021-02-23,EMR,8217,3219,4998,7819,386,12,ITH,ITH5,8,Emilia-Romagna,Emilia-Romagna,4459477,4788645,107.38,0.18
443,2021-03-12,EMR,18323,7710,10613,11309,6720,294,ITH,ITH5,8,Emilia-Romagna,Emilia-Romagna,4459477,4806968,107.79,0.41
444,2021-06-29,EMR,37725,18605,19120,18154,18792,779,ITH,ITH5,8,Emilia-Romagna,Emilia-Romagna,4459477,4844693,108.64,0.85
445,2021-03-21,EMR,11959,5296,6663,7262,4606,91,ITH,ITH5,8,Emilia-Romagna,Emilia-Romagna,4459477,4856652,108.91,0.27
446,2021-06-10,EMR,45095,23165,21930,38716,5382,997,ITH,ITH5,8,Emilia-Romagna,Emilia-Romagna,4459477,4901747,109.92,1.01
447,2021-03-02,EMR,12663,4273,8390,10515,2090,58,ITH,ITH5,8,Emilia-Romagna,Emilia-Romagna,4459477,4914410,110.2,0.28
448,2021-03-19,EMR,15924,6970,8954,7794,7970,160,ITH,ITH5,8,Emilia-Romagna,Emilia-Romagna,4459477,4930334,110.56,0.36
449,2021-04-19,EMR,20918,9802,11116,14334,6284,300,ITH,ITH5,8,Emilia-Romagna,Emilia-Romagna,4459477,4951252,111.03,0.47
450,2021-01-09,EMR,9992,3458,6534,9988,0,4,ITH,ITH5,8,Emilia-Romagna,Emilia-Romagna,4459477,4961244,111.25,0.22
451,2021-06-15,EMR,43868,22638,21230,27923,15068,877,ITH,ITH5,8,Emilia-Romagna,Emilia-Romagna,4459477,5005112,112.24,0.98
452,2021-03-07,EMR,7848,2961,4887,6289,1523,36,ITH,ITH5,8,Emilia-Romagna,Emilia-Romagna,4459477,5012960,112.41,0.18
453,2021-05-03,EMR,28736,13569,15167,17395,10887,454,ITH,ITH5,8,Emilia-Romagna,Emilia-Romagna,4459477,5041696,113.06,0.64
454,2021-02-28,EMR,6829,2528,4301,4959,1851,19,ITH,ITH5,8,Emilia-Romagna,Emilia-Romagna,4459477,5048525,113.21,0.15
455,2021-04-26,EMR,27914,12940,14974,18040,9323,551,ITH,ITH5,8,Emilia-Romagna,Emilia-Romagna,4459477,5076439,113.83,0.63
456,2021-01-16,EMR,5631,1718,3913,5630,0,1,ITH,ITH5,8,Emilia-Romagna,Emilia-Romagna,4459477,5082070,113.96,0.13
457,2021-04-07,EMR,26888,12306,14582,20476,6078,334,ITH,ITH5,8,Emilia-Romagna,Emilia-Romagna,4459477,5108958,114.56,0.6
458,2021-01-14,EMR,8130,2596,5534,8121,0,9,ITH,ITH5,8,Emilia-Romagna,Emilia-Romagna,4459477,5117088,114.75,0.18
459,2021-03-14,EMR,8809,3841,4968,4946,3799,64,ITH,ITH5,8,Emilia-Romagna,Emilia-Romagna,4459477,5125897,114.94,0.2
460,2021-06-09,EMR,43145,21915,21230,35721,6423,1001,ITH,ITH5,8,Emilia-Romagna,Emilia-Romagna,4459477,5169042,115.91,0.97
461,2021-03-01,EMR,10103,3584,6519,7816,2262,25,ITH,ITH5,8,Emilia-Romagna,Emilia-Romagna,4459477,5179145,116.14,0.23
462,2021-08-05,EMR,36730,19434,17296,18354,17403,973,ITH,ITH5,8,Emilia-Romagna,Emilia-Romagna,4459477,5215875,116.96,0.82
463,2021-08-12,EMR,27662,15025,12637,19235,6875,1552,ITH,ITH5,8,Emilia-Romagna,Emilia-Romagna,4459477,5243537,117.58,0.62
464,2021-05-04,EMR,29307,13724,15583,15165,13668,474,ITH,ITH5,8,Emilia-Romagna,Emilia-Romagna,4459477,5272844,118.24,0.66
465,2021-02-27,EMR,10970,3999,6971,9195,1742,33,ITH,ITH5,8,Emilia-Romagna,Emilia-Romagna,4459477,5283814,118.49,0.25
466,2021-04-25,EMR,22357,10242,12115,14402,7515,440,ITH,ITH5,8,Emilia-Romagna,Emilia-Romagna,4459477,5306171,118.99,0.5
467,2021-08-07,EMR,30929,17013,13916,17660,12202,1067,ITH,ITH5,8,Emilia-Romagna,Emilia-Romagna,4459477,5337100,119.68,0.69
468,2021-04-27,EMR,32130,14872,17258,19233,12468,429,ITH,ITH5,8,Emilia-Romagna,Emilia-Romagna,4459477,5369230,120.4,0.72
469,2021-08-14,EMR,15780,8899,6881,8316,7021,443,ITH,ITH5,8,Emilia-Romagna,Emilia-Romagna,4459477,5385010,120.75,0.35
470,2021-05-06,EMR,35980,16625,19355,22152,13099,729,ITH,ITH5,8,Emilia-Romagna,Emilia-Romagna,4459477,5420990,121.56,0.81
471,2021-01-26,EMR,8338,3002,5336,209,8128,1,ITH,ITH5,8,Emilia-Romagna,Emilia-Romagna,4459477,5429328,121.75,0.19
472,2021-07-02,EMR,34754,17090,17664,12408,21719,627,ITH,ITH5,8,Emilia-Romagna,Emilia-Romagna,4459477,5464082,122.53,0.78
473,2021-03-24,EMR,21235,9411,11824,13626,7386,223,ITH,ITH5,8,Emilia-Romagna,Emilia-Romagna,4459477,5485317,123.0,0.48
474,2021-01-24,EMR,2446,887,1559,298,2148,0,ITH,ITH5,8,Emilia-Romagna,Emilia-Romagna,4459477,5487763,123.06,0.05
475,2021-07-09,EMR,44916,22951,21965,5427,39073,416,ITH,ITH5,8,Emilia-Romagna,Emilia-Romagna,4459477,5532679,124.07,1.01
476,2021-01-17,EMR,2895,890,2005,2645,249,1,ITH,ITH5,8,Emilia-Romagna,Emilia-Romagna,4459477,5535574,124.13,0.06
477,2021-04-02,EMR,23411,10559,12852,18557,4488,366,ITH,ITH5,8,Emilia-Romagna,Emilia-Romagna,4459477,5558985,124.66,0.52
478,2021-05-29,EMR,37947,16519,21428,16661,20763,523,ITH,ITH5,8,Emilia-Romagna,Emilia-Romagna,4459477,5596932,125.51,0.85
479,2021-07-11,EMR,30393,15240,15153,2768,27362,263,ITH,ITH5,8,Emilia-Romagna,Emilia-Romagna,4459477,5627325,126.19,0.68
480,2021-03-31,EMR,25295,11059,14236,19500,5472,323,ITH,ITH5,8,Emilia-Romagna,Emilia-Romagna,4459477,5652620,126.76,0.57
481,2021-07-13,EMR,48483,24834,23649,6479,41326,678,ITH,ITH5,8,Emilia-Romagna,Emilia-Romagna,4459477,5701103,127.84,1.09
482,2021-07-04,EMR,24269,12068,12201,10202,13605,462,ITH,ITH5,8,Emilia-Romagna,Emilia-Romagna,4459477,5725372,128.39,0.54
483,2021-03-26,EMR,23736,10125,13611,17020,6442,274,ITH,ITH5,8,Emilia-Romagna,Emilia-Romagna,4459477,5749108,128.92,0.53
484,2021-04-18,CAL,5875,2807,3068,4934,917,24,ITF,ITF6,18,Calabria,Calabria,1947131,5875,0.3,0.3
485,2021-04-04,CAL,1574,789,785,1141,422,11,ITF,ITF6,18,Calabria,Calabria,1947131,7449,0.38,0.08
486,2021-06-26,CAL,15576,7198,8378,7572,7933,71,ITF,ITF6,18,Calabria,Calabria,1947131,23025,1.18,0.8
487,2021-03-09,CAL,6569,3431,3138,5512,989,68,ITF,ITF6,18,Calabria,Calabria,1947131,29594,1.52,0.34
488,2021-02-20,CAL,1498,787,711,1156,328,14,ITF,ITF6,18,Calabria,Calabria,1947131,31092,1.6,0.08
489,2021-08-22,CAL,1522,769,753,484,1019,19,ITF,ITF6,18,Calabria,Calabria,1947131,32614,1.67,0.08
490,2021-05-31,CAL,15299,7347,7952,7310,7908,81,ITF,ITF6,18,Calabria,Calabria,1947131,47913,2.46,0.79
491,2021-01-11,CAL,2188,1060,1128,2186,0,2,ITF,ITF6,18,Calabria,Calabria,1947131,50101,2.57,0.11
492,2021-01-25,CAL,1088,521,567,150,938,0,ITF,ITF6,18,Calabria,Calabria,1947131,51189,2.63,0.06
493,2021-05-05,CAL,13597,6501,7096,8407,5112,78,ITF,ITF6,18,Calabria,Calabria,1947131,64786,3.33,0.7
494,2021-08-17,CAL,7678,3910,3768,2757,4826,95,ITF,ITF6,18,Calabria,Calabria,1947131,72464,3.72,0.39
495,2021-08-08,CAL,4218,2146,2072,1492,2698,28,ITF,ITF6,18,Calabria,Calabria,1947131,76682,3.94,0.22
496,2021-07-22,CAL,18331,9029,9302,3493,14748,90,ITF,ITF6,18,Calabria,Calabria,1947131,95013,4.88,0.94
497,2021-04-30,CAL,15103,7406,7697,10533,4493,77,ITF,ITF6,18,Calabria,Calabria,1947131,110116,5.66,0.78
498,2021-08-10,CAL,9776,4914,4862,3596,6081,99,ITF,ITF6,18,Calabria,Calabria,1947131,119892,6.16,0.5
499,2021-06-14,CAL,14357,6511,7846,9628,4652,77,ITF,ITF6,18,Calabria,Calabria,1947131,134249,6.89,0.74
500,2021-03-04,CAL,5489,3194,2295,4670,799,20,ITF,ITF6,18,Calabria,Calabria,1947131,139738,7.18,0.28
501,2021-06-12,CAL,13248,6299,6949,10781,2399,68,ITF,ITF6,18,Calabria,Calabria,1947131,152986,7.86,0.68
502,2021-07-01,CAL,12391,5836,6555,5475,6832,84,ITF,ITF6,18,Calabria,Calabria,1947131,165377,8.49,0.64
503,2021-02-01,CAL,2555,1211,1344,238,2314,3,ITF,ITF6,18,Calabria,Calabria,1947131,167932,8.62,0.13
504,2021-07-08,CAL,12050,5617,6433,2694,9311,45,ITF,ITF6,18,Calabria,Calabria,1947131,179982,9.24,0.62
505,2021-05-12,CAL,16482,8042,8440,10831,5556,95,ITF,ITF6,18,Calabria,Calabria,1947131,196464,10.09,0.85
506,2021-02-06,CAL,2931,1348,1583,439,2491,1,ITF,ITF6,18,Calabria,Calabria,1947131,199395,10.24,0.15
507,2021-07-10,CAL,15944,7538,8406,3248,12653,43,ITF,ITF6,18,Calabria,Calabria,1947131,215339,11.06,0.82
508,2021-01-23,CAL,403,188,215,360,43,0,ITF,ITF6,18,Calabria,Calabria,1947131,215742,11.08,0.02
509,2021-07-27,CAL,17577,8987,8590,5019,12474,84,ITF,ITF6,18,Calabria,Calabria,1947131,233319,11.98,0.9
510,2021-01-06,CAL,955,519,436,955,0,0,ITF,ITF6,18,Calabria,Calabria,1947131,234274,12.03,0.05
511,2021-04-16,CAL,10327,5047,5280,8638,1632,57,ITF,ITF6,18,Calabria,Calabria,1947131,244601,12.56,0.53
512,2021-02-18,CAL,1885,873,1012,1634,232,19,ITF,ITF6,18,Calabria,Calabria,1947131,246486,12.66,0.1
513,2021-08-03,CAL,14093,7124,6969,3911,10110,72,ITF,ITF6,18,Calabria,Calabria,1947131,260579,13.38,0.72
514,2021-06-21,CAL,15412,7099,8313,7998,7375,39,ITF,ITF6,18,Calabria,Calabria,1947131,275991,14.17,0.79
515,2021-06-07,CAL,18006,8423,9583,14711,3214,81,ITF,ITF6,18,Calabria,Calabria,1947131,293997,15.1,0.92
516,2021-05-24,CAL,17783,8911,8872,9938,7763,82,ITF,ITF6,18,Calabria,Calabria,1947131,311780,16.01,0.91
517,2021-05-07,CAL,16256,7656,8600,9655,6515,86,ITF,ITF6,18,Calabria,Calabria,1947131,328036,16.85,0.83
518,2021-02-13,CAL,1417,612,805,1044,370,3,ITF,ITF6,18,Calabria,Calabria,1947131,329453,16.92,0.07
519,2021-08-15,CAL,51,24,27,17,33,1,ITF,ITF6,18,Calabria,Calabria,1947131,329504,16.92,0.0
520,2021-03-11,CAL,7308,3478,3830,5952,1305,51,ITF,ITF6,18,Calabria,Calabria,1947131,336812,17.3,0.38
521,2021-06-19,CAL,15853,7419,8434,8499,7286,68,ITF,ITF6,18,Calabria,Calabria,1947131,352665,18.11,0.81
522,2021-03-02,CAL,4422,2501,1921,3617,796,9,ITF,ITF6,18,Calabria,Calabria,1947131,357087,18.34,0.23
523,2021-03-16,CAL,3868,1898,1970,2183,1672,13,ITF,ITF6,18,Calabria,Calabria,1947131,360955,18.54,0.2
524,2021-07-29,CAL,17585,8767,8818,4716,12768,101,ITF,ITF6,18,Calabria,Calabria,1947131,378540,19.44,0.9
525,2021-02-11,CAL,2352,1052,1300,1064,1266,22,ITF,ITF6,18,Calabria,Calabria,1947131,380892,19.56,0.12
526,2021-01-18,CAL,1307,593,714,1054,249,4,ITF,ITF6,18,Calabria,Calabria,1947131,382199,19.63,0.07
527,2021-07-03,CAL,15180,7147,8033,5284,9818,78,ITF,ITF6,18,Calabria,Calabria,1947131,397379,20.41,0.78
528,2021-04-11,CAL,4209,1912,2297,2243,1949,17,ITF,ITF6,18,Calabria,Calabria,1947131,401588,20.62,0.22
529,2021-07-20,CAL,17497,8484,9013,3203,14222,72,ITF,ITF6,18,Calabria,Calabria,1947131,419085,21.52,0.9
530,2021-05-26,CAL,18739,9332,9407,10327,8319,93,ITF,ITF6,18,Calabria,Calabria,1947131,437824,22.49,0.96
531,2021-03-30,CAL,6505,2839,3666,3652,2831,22,ITF,ITF6,18,Calabria,Calabria,1947131,444329,22.82,0.33
532,2021-05-19,CAL,18326,9082,9244,11261,6989,76,ITF,ITF6,18,Calabria,Calabria,1947131,462655,23.76,0.94
533,2021-02-25,CAL,2920,1573,1347,2278,602,40,ITF,ITF6,18,Calabria,Calabria,1947131,465575,23.91,0.15
534,2021-03-28,CAL,2697,1236,1461,1565,1127,5,ITF,ITF6,18,Calabria,Calabria,1947131,468272,24.05,0.14
535,2021-01-30,CAL,2211,1170,1041,301,1907,3,ITF,ITF6,18,Calabria,Calabria,1947131,470483,24.16,0.11
536,2021-02-17,CAL,1879,833,1046,1649,213,17,ITF,ITF6,18,Calabria,Calabria,1947131,472362,24.26,0.1
537,2021-07-24,CAL,18028,9274,8754,4581,13348,99,ITF,ITF6,18,Calabria,Calabria,1947131,490390,25.19,0.93
538,2021-05-28,CAL,21001,10207,10794,11424,9464,113,ITF,ITF6,18,Calabria,Calabria,1947131,511391,26.26,1.08
539,2021-04-15,CAL,7782,3814,3968,5986,1749,47,ITF,ITF6,18,Calabria,Calabria,1947131,519173,26.66,0.4
540,2021-01-04,CAL,1074,532,542,1071,0,3,ITF,ITF6,18,Calabria,Calabria,1947131,520247,26.72,0.06
541,2021-04-23,CAL,13150,6458,6692,9440,3611,99,ITF,ITF6,18,Calabria,Calabria,1947131,533397,27.39,0.68
542,2021-01-13,CAL,2103,1062,1041,2091,0,12,ITF,ITF6,18,Calabria,Calabria,1947131,535500,27.5,0.11
543,2021-06-11,CAL,17829,8761,9068,15128,2577,124,ITF,ITF6,18,Calabria,Calabria,1947131,553329,28.42,0.92
544,2021-01-08,CAL,2201,1049,1152,2194,0,7,ITF,ITF6,18,Calabria,Calabria,1947131,555530,28.53,0.11
545,2021-03-18,CAL,4490,2100,2390,2338,2127,25,ITF,ITF6,18,Calabria,Calabria,1947131,560020,28.76,0.23
546,2021-02-27,CAL,4051,2085,1966,3659,385,7,ITF,ITF6,18,Calabria,Calabria,1947131,564071,28.97,0.21
547,2021-05-14,CAL,19942,9579,10363,12947,6884,111,ITF,ITF6,18,Calabria,Calabria,1947131,584013,29.99,1.02
548,2021-04-27,CAL,9978,4907,5071,7963,1967,48,ITF,ITF6,18,Calabria,Calabria,1947131,593991,30.51,0.51
549,2021-02-03,CAL,2869,1477,1392,520,2344,5,ITF,ITF6,18,Calabria,Calabria,1947131,596860,30.65,0.15
550,2021-07-19,CAL,19011,9107,9904,3031,15930,50,ITF,ITF6,18,Calabria,Calabria,1947131,615871,31.63,0.98
551,2021-08-05,CAL,12469,6290,6179,3881,8493,95,ITF,ITF6,18,Calabria,Calabria,1947131,628340,32.27,0.64
552,2021-05-23,CAL,11392,5553,5839,6996,4353,43,ITF,ITF6,18,Calabria,Calabria,1947131,639732,32.86,0.59
553,2021-03-01,CAL,2747,1558,1189,2282,461,4,ITF,ITF6,18,Calabria,Calabria,1947131,642479,33.0,0.14
554,2021-06-09,CAL,18257,8621,9636,15901,2272,84,ITF,ITF6,18,Calabria,Calabria,1947131,660736,33.93,0.94
555,2021-03-06,CAL,8535,4399,4136,7700,812,23,ITF,ITF6,18,Calabria,Calabria,1947131,669271,34.37,0.44
556,2021-08-19,CAL,5865,2939,2926,2344,3464,57,ITF,ITF6,18,Calabria,Calabria,1947131,675136,34.67,0.3
557,2021-05-09,CAL,9681,4519,5162,6045,3590,46,ITF,ITF6,18,Calabria,Calabria,1947131,684817,35.17,0.5
558,2021-01-29,CAL,2078,1004,1074,226,1851,1,ITF,ITF6,18,Calabria,Calabria,1947131,686895,35.28,0.11
559,2021-05-04,CAL,16514,7616,8898,11633,4785,96,ITF,ITF6,18,Calabria,Calabria,1947131,703409,36.13,0.85
560,2021-08-12,CAL,7636,3877,3759,2796,4664,176,ITF,ITF6,18,Calabria,Calabria,1947131,711045,36.52,0.39
561,2021-01-22,CAL,661,276,385,659,2,0,ITF,ITF6,18,Calabria,Calabria,1947131,711706,36.55,0.03
562,2021-05-02,CAL,12557,5860,6697,10587,1907,63,ITF,ITF6,18,Calabria,Calabria,1947131,724263,37.2,0.64
563,2021-03-29,CAL,5782,2500,3282,3984,1770,28,ITF,ITF6,18,Calabria,Calabria,1947131,730045,37.49,0.3
564,2021-01-31,CAL,1130,562,568,150,980,0,ITF,ITF6,18,Calabria,Calabria,1947131,731175,37.55,0.06
565,2021-07-07,CAL,13968,6581,7387,3902,9992,74,ITF,ITF6,18,Calabria,Calabria,1947131,745143,38.27,0.72
566,2021-03-23,CAL,5267,2469,2798,3422,1822,23,ITF,ITF6,18,Calabria,Calabria,1947131,750410,38.54,0.27
567,2021-08-27,CAL,3475,1774,1701,1305,2103,67,ITF,ITF6,18,Calabria,Calabria,1947131,753885,38.72,0.18
568,2021-07-15,CAL,18307,8820,9487,2533,15725,49,ITF,ITF6,18,Calabria,Calabria,1947131,772192,39.66,0.94
569,2021-02-15,CAL,1180,566,614,1011,164,5,ITF,ITF6,18,Calabria,Calabria,1947131,773372,39.72,0.06
570,2021-05-11,CAL,15133,7327,7806,10244,4819,70,ITF,ITF6,18,Calabria,Calabria,1947131,788505,40.5,0.78
571,2021-07-16,CAL,21058,10034,11024,3384,17597,77,ITF,ITF6,18,Calabria,Calabria,1947131,809563,41.58,1.08
572,2021-04-01,CAL,8691,3956,4735,4153,4500,38,ITF,ITF6,18,Calabria,Calabria,1947131,818254,42.02,0.45
573,2021-04-08,CAL,9356,4432,4924,5825,3482,49,ITF,ITF6,18,Calabria,Calabria,1947131,827610,42.5,0.48
574,2021-02-10,CAL,2524,1084,1440,874,1635,15,ITF,ITF6,18,Calabria,Calabria,1947131,830134,42.63,0.13
575,2021-07-17,CAL,18338,9046,9292,2712,15559,67,ITF,ITF6,18,Calabria,Calabria,1947131,848472,43.58,0.94
576,2021-06-04,CAL,17549,8161,9388,12958,4522,69,ITF,ITF6,18,Calabria,Calabria,1947131,866021,44.48,0.9
577,2021-05-21,CAL,21366,10882,10484,13858,7397,111,ITF,ITF6,18,Calabria,Calabria,1947131,887387,45.57,1.1
578,2021-01-05,CAL,1548,729,819,1546,0,2,ITF,ITF6,18,Calabria,Calabria,1947131,888935,45.65,0.08
579,2021-02-22,CAL,2090,1065,1025,1520,561,9,ITF,ITF6,18,Calabria,Calabria,1947131,891025,45.76,0.11
580,2021-06-02,CAL,12099,5800,6299,8787,3265,47,ITF,ITF6,18,Calabria,Calabria,1947131,903124,46.38,0.62
581,2021-08-07,CAL,9530,4874,4656,3020,6446,64,ITF,ITF6,18,Calabria,Calabria,1947131,912654,46.87,0.49
582,2021-05-16,CAL,13816,6742,7074,9920,3841,55,ITF,ITF6,18,Calabria,Calabria,1947131,926470,47.58,0.71
583,2021-08-24,CAL,6508,3231,3277,2323,4100,85,ITF,ITF6,18,Calabria,Calabria,1947131,932978,47.92,0.33
584,2021-07-21,CAL,22099,10610,11489,4512,17473,114,ITF,ITF6,18,Calabria,Calabria,1947131,955077,49.05,1.13
585,2021-07-12,CAL,17980,8540,9440,2687,15244,49,ITF,ITF6,18,Calabria,Calabria,1947131,973057,49.97,0.92
586,2021-01-10,CAL,955,538,417,955,0,0,ITF,ITF6,18,Calabria,Calabria,1947131,974012,50.02,0.05
587,2021-04-20,CAL,7891,3985,3906,6071,1744,76,ITF,ITF6,18,Calabria,Calabria,1947131,981903,50.43,0.41
588,2021-04-13,CAL,6962,3419,3543,5606,1331,25,ITF,ITF6,18,Calabria,Calabria,1947131,988865,50.79,0.36
589,2021-01-20,CAL,1410,630,780,1406,1,3,ITF,ITF6,18,Calabria,Calabria,1947131,990275,50.86,0.07
590,2021-01-03,CAL,6,3,3,6,0,0,ITF,ITF6,18,Calabria,Calabria,1947131,990281,50.86,0.0
591,2021-03-27,CAL,8843,4028,4815,4663,4135,45,ITF,ITF6,18,Calabria,Calabria,1947131,999124,51.31,0.45
592,2021-07-05,CAL,13384,6253,7131,4267,9054,63,ITF,ITF6,18,Calabria,Calabria,1947131,1012508,52.0,0.69
593,2021-07-31,CAL,13807,7059,6748,3639,10096,72,ITF,ITF6,18,Calabria,Calabria,1947131,1026315,52.71,0.71
594,2021-01-27,CAL,1491,757,734,385,1105,1,ITF,ITF6,18,Calabria,Calabria,1947131,1027806,52.79,0.08
595,2021-01-24,CAL,47,20,27,41,6,0,ITF,ITF6,18,Calabria,Calabria,1947131,1027853,52.79,0.0
596,2021-07-09,CAL,15676,7307,8369,3640,11966,70,ITF,ITF6,18,Calabria,Calabria,1947131,1043529,53.59,0.81
597,2021-08-21,CAL,3645,1860,1785,1440,2158,47,ITF,ITF6,18,Calabria,Calabria,1947131,1047174,53.78,0.19
598,2020-12-28,CAL,6,2,4,6,0,0,ITF,ITF6,18,Calabria,Calabria,1947131,1047180,53.78,0.0
599,2021-06-03,CAL,14251,6655,7596,9590,4606,55,ITF,ITF6,18,Calabria,Calabria,1947131,1061431,54.51,0.73
600,2021-04-07,CAL,9170,4169,5001,5050,4067,53,ITF,ITF6,18,Calabria,Calabria,1947131,1070601,54.98,0.47
601,2021-02-23,CAL,1611,762,849,1487,119,5,ITF,ITF6,18,Calabria,Calabria,1947131,1072212,55.07,0.08
602,2020-12-27,CAL,316,169,147,316,0,0,ITF,ITF6,18,Calabria,Calabria,1947131,1072528,55.08,0.02
603,2021-04-06,CAL,8172,3724,4448,4462,3675,35,ITF,ITF6,18,Calabria,Calabria,1947131,1080700,55.5,0.42
604,2021-02-08,CAL,1880,748,1132,667,1210,3,ITF,ITF6,18,Calabria,Calabria,1947131,1082580,55.6,0.1
605,2021-01-12,CAL,2091,1035,1056,2082,0,9,ITF,ITF6,18,Calabria,Calabria,1947131,1084671,55.71,0.11
606,2021-02-24,CAL,1946,995,951,1460,480,6,ITF,ITF6,18,Calabria,Calabria,1947131,1086617,55.81,0.1
607,2021-04-24,CAL,19298,9606,9692,15761,3451,86,ITF,ITF6,18,Calabria,Calabria,1947131,1105915,56.8,0.99
608,2021-02-26,CAL,3149,1676,1473,2671,463,15,ITF,ITF6,18,Calabria,Calabria,1947131,1109064,56.96,0.16
609,2021-08-02,CAL,15071,7534,7537,3724,11291,56,ITF,ITF6,18,Calabria,Calabria,1947131,1124135,57.73,0.77
610,2021-06-20,CAL,6651,3150,3501,3815,2808,28,ITF,ITF6,18,Calabria,Calabria,1947131,1130786,58.07,0.34
611,2021-06-06,CAL,13803,6636,7167,12015,1717,71,ITF,ITF6,18,Calabria,Calabria,1947131,1144589,58.78,0.71
612,2021-01-17,CAL,913,441,472,807,100,6,ITF,ITF6,18,Calabria,Calabria,1947131,1145502,58.83,0.05
613,2021-03-24,CAL,7939,3635,4304,4532,3383,24,ITF,ITF6,18,Calabria,Calabria,1947131,1153441,59.24,0.41
614,2021-04-10,CAL,11730,5309,6421,6821,4863,46,ITF,ITF6,18,Calabria,Calabria,1947131,1165171,59.84,0.6
615,2021-03-08,CAL,5520,2990,2530,4405,1083,32,ITF,ITF6,18,Calabria,Calabria,1947131,1170691,60.12,0.28
616,2021-03-25,CAL,7540,3561,3979,4583,2923,34,ITF,ITF6,18,Calabria,Calabria,1947131,1178231,60.51,0.39
617,2021-06-16,CAL,18339,8475,9864,12123,6126,90,ITF,ITF6,18,Calabria,Calabria,1947131,1196570,61.45,0.94
618,2021-06-18,CAL,18914,8806,10108,11285,7513,116,ITF,ITF6,18,Calabria,Calabria,1947131,1215484,62.42,0.97
619,2021-03-10,CAL,6881,3506,3375,5470,1373,38,ITF,ITF6,18,Calabria,Calabria,1947131,1222365,62.78,0.35
620,2021-08-23,CAL,7679,3813,3866,2794,4779,106,ITF,ITF6,18,Calabria,Calabria,1947131,1230044,63.17,0.39
621,2021-06-01,CAL,12881,5973,6908,7886,4936,59,ITF,ITF6,18,Calabria,Calabria,1947131,1242925,63.83,0.66
622,2021-03-03,CAL,5109,2791,2318,4006,1089,14,ITF,ITF6,18,Calabria,Calabria,1947131,1248034,64.1,0.26
623,2021-08-04,CAL,16010,8115,7895,4249,11660,101,ITF,ITF6,18,Calabria,Calabria,1947131,1264044,64.92,0.82
624,2021-06-29,CAL,13072,6039,7033,5357,7664,51,ITF,ITF6,18,Calabria,Calabria,1947131,1277116,65.59,0.67
625,2021-05-03,CAL,14845,6803,8042,10465,4291,89,ITF,ITF6,18,Calabria,Calabria,1947131,1291961,66.35,0.76
626,2021-03-21,CAL,4469,1930,2539,2730,1728,11,ITF,ITF6,18,Calabria,Calabria,1947131,1296430,66.58,0.23
627,2021-03-07,CAL,3408,1740,1668,3301,93,14,ITF,ITF6,18,Calabria,Calabria,1947131,1299838,66.76,0.18
628,2021-08-11,CAL,11045,5666,5379,3521,7409,115,ITF,ITF6,18,Calabria,Calabria,1947131,1310883,67.32,0.57
629,2021-06-15,CAL,15159,7051,8108,10238,4829,92,ITF,ITF6,18,Calabria,Calabria,1947131,1326042,68.1,0.78
630,2021-08-16,CAL,6974,3565,3409,2377,4534,63,ITF,ITF6,18,Calabria,Calabria,1947131,1333016,68.46,0.36
631,2021-02-12,CAL,1717,673,1044,944,767,6,ITF,ITF6,18,Calabria,Calabria,1947131,1334733,68.55,0.09
632,2021-06-27,CAL,8423,3946,4477,4987,3396,40,ITF,ITF6,18,Calabria,Calabria,1947131,1343156,68.98,0.43
633,2021-04-03,CAL,9446,4086,5360,4524,4859,63,ITF,ITF6,18,Calabria,Calabria,1947131,1352602,69.47,0.49
634,2021-01-28,CAL,2300,1144,1156,79,2221,0,ITF,ITF6,18,Calabria,Calabria,1947131,1354902,69.58,0.12
635,2021-08-13,CAL,7591,3917,3674,2442,5081,68,ITF,ITF6,18,Calabria,Calabria,1947131,1362493,69.97,0.39
636,2021-05-08,CAL,18551,8424,10127,10516,7965,70,ITF,ITF6,18,Calabria,Calabria,1947131,1381044,70.93,0.95
637,2021-05-22,CAL,22203,10566,11637,14213,7898,92,ITF,ITF6,18,Calabria,Calabria,1947131,1403247,72.07,1.14
638,2021-04-21,CAL,11616,5838,5778,8630,2928,58,ITF,ITF6,18,Calabria,Calabria,1947131,1414863,72.66,0.6
639,2021-07-30,CAL,19736,10060,9676,5525,14089,122,ITF,ITF6,18,Calabria,Calabria,1947131,1434599,73.68,1.01
640,2021-04-02,CAL,8545,3914,4631,4578,3933,34,ITF,ITF6,18,Calabria,Calabria,1947131,1443144,74.12,0.44
641,2021-06-24,CAL,15417,7025,8392,6983,8354,80,ITF,ITF6,18,Calabria,Calabria,1947131,1458561,74.91,0.79
642,2021-03-19,CAL,4247,1986,2261,1887,2353,7,ITF,ITF6,18,Calabria,Calabria,1947131,1462808,75.13,0.22
643,2021-07-11,CAL,6433,2984,3449,846,5576,11,ITF,ITF6,18,Calabria,Calabria,1947131,1469241,75.46,0.33
644,2021-06-10,CAL,15893,7333,8560,12985,2808,100,ITF,ITF6,18,Calabria,Calabria,1947131,1485134,76.27,0.82
645,2021-02-14,CAL,490,228,262,452,37,1,ITF,ITF6,18,Calabria,Calabria,1947131,1485624,76.3,0.03
646,2021-05-25,CAL,16423,8044,8379,10215,6121,87,ITF,ITF6,18,Calabria,Calabria,1947131,1502047,77.14,0.84
647,2021-01-26,CAL,1890,906,984,269,1620,1,ITF,ITF6,18,Calabria,Calabria,1947131,1503937,77.24,0.1
648,2021-07-28,CAL,21381,10734,10647,5898,15372,111,ITF,ITF6,18,Calabria,Calabria,1947131,1525318,78.34,1.1
649,2021-04-22,CAL,9832,4914,4918,6849,2929,54,ITF,ITF6,18,Calabria,Calabria,1947131,1535150,78.84,0.5
650,2021-05-06,CAL,13340,6315,7025,8924,4343,73,ITF,ITF6,18,Calabria,Calabria,1947131,1548490,79.53,0.69
651,2021-08-14,CAL,2229,1193,1036,724,1489,16,ITF,ITF6,18,Calabria,Calabria,1947131,1550719,79.64,0.11
652,2021-02-05,CAL,3863,1745,2118,473,3375,15,ITF,ITF6,18,Calabria,Calabria,1947131,1554582,79.84,0.2
653,2021-04-29,CAL,12507,6085,6422,8652,3798,57,ITF,ITF6,18,Calabria,Calabria,1947131,1567089,80.48,0.64
654,2021-04-12,CAL,7035,3423,3612,5351,1656,28,ITF,ITF6,18,Calabria,Calabria,1947131,1574124,80.84,0.36
655,2021-01-19,CAL,1132,499,633,1117,13,2,ITF,ITF6,18,Calabria,Calabria,1947131,1575256,80.9,0.06
656,2021-07-04,CAL,5955,2821,3134,1994,3925,36,ITF,ITF6,18,Calabria,Calabria,1947131,1581211,81.21,0.31
657,2021-06-17,CAL,15818,7227,8591,9597,6167,54,ITF,ITF6,18,Calabria,Calabria,1947131,1597029,82.02,0.81
658,2021-03-26,CAL,8107,3848,4259,4942,3133,32,ITF,ITF6,18,Calabria,Calabria,1947131,1605136,82.44,0.42
659,2021-01-07,CAL,2222,1091,1131,2218,0,4,ITF,ITF6,18,Calabria,Calabria,1947131,1607358,82.55,0.11
660,2021-06-13,CAL,6847,3360,3487,5731,1061,55,ITF,ITF6,18,Calabria,Calabria,1947131,1614205,82.9,0.35
661,2021-04-17,CAL,10854,5075,5779,9020,1784,50,ITF,ITF6,18,Calabria,Calabria,1947131,1625059,83.46,0.56
662,2021-05-01,CAL,16748,7981,8767,12404,4254,90,ITF,ITF6,18,Calabria,Calabria,1947131,1641807,84.32,0.86
663,2021-03-05,CAL,6242,3624,2618,5647,579,16,ITF,ITF6,18,Calabria,Calabria,1947131,1648049,84.64,0.32
664,2021-08-09,CAL,13165,6711,6454,4638,8364,163,ITF,ITF6,18,Calabria,Calabria,1947131,1661214,85.32,0.68
665,2021-07-26,CAL,18764,9321,9443,5188,13488,88,ITF,ITF6,18,Calabria,Calabria,1947131,1679978,86.28,0.96
666,2021-03-31,CAL,9163,4182,4981,5070,4057,36,ITF,ITF6,18,Calabria,Calabria,1947131,1689141,86.75,0.47
667,2021-04-09,CAL,8031,3767,4264,5054,2894,83,ITF,ITF6,18,Calabria,Calabria,1947131,1697172,87.16,0.41
668,2021-07-18,CAL,8788,4205,4583,1278,7477,33,ITF,ITF6,18,Calabria,Calabria,1947131,1705960,87.61,0.45
669,2021-06-05,CAL,20773,9707,11066,17630,3064,79,ITF,ITF6,18,Calabria,Calabria,1947131,1726733,88.68,1.07
670,2021-07-14,CAL,22618,10666,11952,4152,18389,77,ITF,ITF6,18,Calabria,Calabria,1947131,1749351,89.84,1.16
671,2021-04-05,CAL,3644,1729,1915,2673,959,12,ITF,ITF6,18,Calabria,Calabria,1947131,1752995,90.03,0.19
672,2021-06-08,CAL,16683,7901,8782,14516,2045,122,ITF,ITF6,18,Calabria,Calabria,1947131,1769678,90.89,0.86
673,2021-03-17,CAL,4184,1874,2310,2188,1986,10,ITF,ITF6,18,Calabria,Calabria,1947131,1773862,91.1,0.21
674,2021-06-25,CAL,18830,8743,10087,8069,10676,85,ITF,ITF6,18,Calabria,Calabria,1947131,1792692,92.07,0.97
675,2021-07-13,CAL,17430,8156,9274,2309,15052,69,ITF,ITF6,18,Calabria,Calabria,1947131,1810122,92.96,0.9
676,2021-04-19,CAL,7901,3816,4085,6169,1685,47,ITF,ITF6,18,Calabria,Calabria,1947131,1818023,93.37,0.41
677,2021-01-09,CAL,2092,1122,970,2084,0,8,ITF,ITF6,18,Calabria,Calabria,1947131,1820115,93.48,0.11
678,2021-05-13,CAL,15980,7690,8290,11177,4728,75,ITF,ITF6,18,Calabria,Calabria,1947131,1836095,94.3,0.82
679,2021-02-19,CAL,1518,687,831,1245,264,9,ITF,ITF6,18,Calabria,Calabria,1947131,1837613,94.38,0.08
680,2021-05-30,CAL,11003,5301,5702,6814,4154,35,ITF,ITF6,18,Calabria,Calabria,1947131,1848616,94.94,0.57
681,2021-03-14,CAL,2768,1071,1697,2282,479,7,ITF,ITF6,18,Calabria,Calabria,1947131,1851384,95.08,0.14
682,2021-08-18,CAL,9454,4850,4604,3394,5960,100,ITF,ITF6,18,Calabria,Calabria,1947131,1860838,95.57,0.49
683,2021-06-22,CAL,14623,6918,7705,7380,7147,96,ITF,ITF6,18,Calabria,Calabria,1947131,1875461,96.32,0.75
684,2021-05-10,CAL,13170,6127,7043,7696,5415,59,ITF,ITF6,18,Calabria,Calabria,1947131,1888631,97.0,0.68
685,2021-04-26,CAL,10195,5062,5133,7714,2433,48,ITF,ITF6,18,Calabria,Calabria,1947131,1898826,97.52,0.52
686,2021-07-06,CAL,12495,5753,6742,3835,8594,66,ITF,ITF6,18,Calabria,Calabria,1947131,1911321,98.16,0.64
687,2021-01-02,CAL,166,94,72,166,0,0,ITF,ITF6,18,Calabria,Calabria,1947131,1911487,98.17,0.01
688,2021-02-28,CAL,2372,1081,1291,2214,155,3,ITF,ITF6,18,Calabria,Calabria,1947131,1913859,98.29,0.12
689,2021-05-17,CAL,14910,7464,7446,10141,4717,52,ITF,ITF6,18,Calabria,Calabria,1947131,1928769,99.06,0.77
690,2021-08-25,CAL,8853,4335,4518,3334,5388,131,ITF,ITF6,18,Calabria,Calabria,1947131,1937622,99.51,0.45
691,2021-02-21,CAL,664,306,358,584,79,1,ITF,ITF6,18,Calabria,Calabria,1947131,1938286,99.55,0.03
692,2021-04-28,CAL,12576,6099,6477,9624,2880,72,ITF,ITF6,18,Calabria,Calabria,1947131,1950862,100.19,0.65
693,2021-02-04,CAL,3674,1748,1926,647,3021,6,ITF,ITF6,18,Calabria,Calabria,1947131,1954536,100.38,0.19
694,2021-05-15,CAL,27274,13053,14221,20267,6871,136,ITF,ITF6,18,Calabria,Calabria,1947131,1981810,101.78,1.4
695,2021-03-12,CAL,5161,2472,2689,4076,1063,22,ITF,ITF6,18,Calabria,Calabria,1947131,1986971,102.05,0.27
696,2021-01-14,CAL,2671,1269,1402,2665,0,6,ITF,ITF6,18,Calabria,Calabria,1947131,1989642,102.18,0.14
697,2021-01-21,CAL,981,459,522,945,33,3,ITF,ITF6,18,Calabria,Calabria,1947131,1990623,102.23,0.05
698,2021-08-20,CAL,7570,3825,3745,3022,4457,91,ITF,ITF6,18,Calabria,Calabria,1947131,1998193,102.62,0.39
699,2021-08-06,CAL,15615,7928,7687,5082,10402,131,ITF,ITF6,18,Calabria,Calabria,1947131,2013808,103.42,0.8
700,2021-02-02,CAL,2375,1170,1205,176,2199,0,ITF,ITF6,18,Calabria,Calabria,1947131,2016183,103.55,0.12
701,2021-01-16,CAL,2423,1137,1286,2420,0,3,ITF,ITF6,18,Calabria,Calabria,1947131,2018606,103.67,0.12
702,2021-06-23,CAL,17231,7870,9361,8148,9001,82,ITF,ITF6,18,Calabria,Calabria,1947131,2035837,104.56,0.88
703,2021-03-13,CAL,7013,3042,3971,5942,1034,37,ITF,ITF6,18,Calabria,Calabria,1947131,2042850,104.92,0.36
704,2021-01-15,CAL,2817,1266,1551,2811,0,6,ITF,ITF6,18,Calabria,Calabria,1947131,2045667,105.06,0.14
705,2021-04-25,CAL,15896,8066,7830,14799,1029,68,ITF,ITF6,18,Calabria,Calabria,1947131,2061563,105.88,0.82
706,2021-08-26,CAL,7230,3609,3621,3200,3912,118,ITF,ITF6,18,Calabria,Calabria,1947131,2068793,106.25,0.37
707,2021-06-30,CAL,16391,7506,8885,7021,9270,100,ITF,ITF6,18,Calabria,Calabria,1947131,2085184,107.09,0.84
708,2021-06-28,CAL,13304,6125,7179,5375,7862,67,ITF,ITF6,18,Calabria,Calabria,1947131,2098488,107.77,0.68
709,2021-03-20,CAL,6763,3096,3667,4177,2569,17,ITF,ITF6,18,Calabria,Calabria,1947131,2105251,108.12,0.35
710,2021-03-15,CAL,3654,1764,1890,2168,1475,11,ITF,ITF6,18,Calabria,Calabria,1947131,2108905,108.31,0.19
711,2021-07-02,CAL,16271,7533,8738,6243,9944,84,ITF,ITF6,18,Calabria,Calabria,1947131,2125176,109.14,0.84
712,2021-05-20,CAL,16996,8505,8491,11273,5655,68,ITF,ITF6,18,Calabria,Calabria,1947131,2142172,110.02,0.87
713,2021-02-07,CAL,871,435,436,143,726,2,ITF,ITF6,18,Calabria,Calabria,1947131,2143043,110.06,0.04
714,2021-05-18,CAL,15343,7676,7667,11846,3428,69,ITF,ITF6,18,Calabria,Calabria,1947131,2158386,110.85,0.79
715,2021-03-22,CAL,4990,2347,2643,3181,1784,25,ITF,ITF6,18,Calabria,Calabria,1947131,2163376,111.11,0.26
716,2021-02-09,CAL,2175,921,1254,950,1215,10,ITF,ITF6,18,Calabria,Calabria,1947131,2165551,111.22,0.11
717,2021-05-29,CAL,19295,8960,10335,9350,9869,76,ITF,ITF6,18,Calabria,Calabria,1947131,2184846,112.21,0.99
718,2021-07-25,CAL,6949,3571,3378,1470,5447,32,ITF,ITF6,18,Calabria,Calabria,1947131,2191795,112.57,0.36
719,2021-04-14,CAL,8090,3907,4183,6588,1453,49,ITF,ITF6,18,Calabria,Calabria,1947131,2199885,112.98,0.42
720,2021-02-16,CAL,1752,745,1007,1466,281,5,ITF,ITF6,18,Calabria,Calabria,1947131,2201637,113.07,0.09
721,2021-07-23,CAL,22741,11350,11391,5555,17088,98,ITF,ITF6,18,Calabria,Calabria,1947131,2224378,114.24,1.17
722,2021-05-27,CAL,17668,8739,8929,9774,7813,81,ITF,ITF6,18,Calabria,Calabria,1947131,2242046,115.15,0.91
723,2021-08-01,CAL,4895,2562,2333,1172,3699,24,ITF,ITF6,18,Calabria,Calabria,1947131,2246941,115.4,0.25
724,2021-04-08,BAS,789,362,427,763,10,16,ITF,ITF5,17,Basilicata,Basilicata,559084,789,0.14,0.14
725,2021-04-22,BAS,5050,2352,2698,3382,1613,55,ITF,ITF5,17,Basilicata,Basilicata,559084,5839,1.04,0.9
726,2021-07-31,BAS,5470,2879,2591,1825,3591,54,ITF,ITF5,17,Basilicata,Basilicata,559084,11309,2.02,0.98
727,2021-07-17,BAS,5859,2916,2943,1713,4107,39,ITF,ITF5,17,Basilicata,Basilicata,559084,17168,3.07,1.05
728,2021-06-30,BAS,3452,1668,1784,2315,1111,26,ITF,ITF5,17,Basilicata,Basilicata,559084,20620,3.69,0.62
729,2021-08-12,BAS,3918,2000,1918,1677,2159,82,ITF,ITF5,17,Basilicata,Basilicata,559084,24538,4.39,0.7
730,2021-07-26,BAS,5416,2720,2696,1991,3387,38,ITF,ITF5,17,Basilicata,Basilicata,559084,29954,5.36,0.97
731,2021-01-22,BAS,67,24,43,67,0,0,ITF,ITF5,17,Basilicata,Basilicata,559084,30021,5.37,0.01
732,2021-07-24,BAS,5748,2944,2804,1775,3923,50,ITF,ITF5,17,Basilicata,Basilicata,559084,35769,6.4,1.03
733,2021-01-15,BAS,819,353,466,819,0,0,ITF,ITF5,17,Basilicata,Basilicata,559084,36588,6.54,0.15
734,2020-12-27,BAS,106,41,65,106,0,0,ITF,ITF5,17,Basilicata,Basilicata,559084,36694,6.56,0.02
735,2021-03-20,BAS,1301,576,725,276,1018,7,ITF,ITF5,17,Basilicata,Basilicata,559084,37995,6.8,0.23
736,2021-06-28,BAS,3641,1747,1894,2113,1509,19,ITF,ITF5,17,Basilicata,Basilicata,559084,41636,7.45,0.65
737,2021-06-04,BAS,4832,2289,2543,3749,1046,37,ITF,ITF5,17,Basilicata,Basilicata,559084,46468,8.31,0.86
738,2021-02-24,BAS,1815,744,1071,1729,75,11,ITF,ITF5,17,Basilicata,Basilicata,559084,48283,8.64,0.32
739,2021-08-26,BAS,2528,1280,1248,1123,1341,64,ITF,ITF5,17,Basilicata,Basilicata,559084,50811,9.09,0.45
740,2021-02-22,BAS,1795,777,1018,1734,53,8,ITF,ITF5,17,Basilicata,Basilicata,559084,52606,9.41,0.32
741,2021-01-10,BAS,77,24,53,77,0,0,ITF,ITF5,17,Basilicata,Basilicata,559084,52683,9.42,0.01
742,2021-04-20,BAS,4146,1981,2165,2180,1939,27,ITF,ITF5,17,Basilicata,Basilicata,559084,56829,10.16,0.74
743,2021-08-07,BAS,4512,2375,2137,1359,3094,59,ITF,ITF5,17,Basilicata,Basilicata,559084,61341,10.97,0.81
744,2021-01-08,BAS,555,219,336,555,0,0,ITF,ITF5,17,Basilicata,Basilicata,559084,61896,11.07,0.1
745,2021-05-30,BAS,2779,1422,1357,921,1853,5,ITF,ITF5,17,Basilicata,Basilicata,559084,64675,11.57,0.5
746,2021-04-03,BAS,1814,754,1060,1465,337,12,ITF,ITF5,17,Basilicata,Basilicata,559084,66489,11.89,0.32
747,2021-08-24,BAS,3273,1767,1506,1480,1715,78,ITF,ITF5,17,Basilicata,Basilicata,559084,69762,12.48,0.59
748,2021-02-05,BAS,996,447,549,63,931,2,ITF,ITF5,17,Basilicata,Basilicata,559084,70758,12.66,0.18
749,2021-03-25,BAS,1884,604,1280,1515,345,24,ITF,ITF5,17,Basilicata,Basilicata,559084,72642,12.99,0.34
750,2021-01-27,BAS,419,177,242,113,306,0,ITF,ITF5,17,Basilicata,Basilicata,559084,73061,13.07,0.07
751,2021-02-10,BAS,551,240,311,496,53,2,ITF,ITF5,17,Basilicata,Basilicata,559084,73612,13.17,0.1
752,2021-05-21,BAS,4578,2321,2257,1480,3086,12,ITF,ITF5,17,Basilicata,Basilicata,559084,78190,13.99,0.82
753,2021-05-04,BAS,4143,1995,2148,3570,524,49,ITF,ITF5,17,Basilicata,Basilicata,559084,82333,14.73,0.74
754,2021-03-08,BAS,1472,722,750,820,620,32,ITF,ITF5,17,Basilicata,Basilicata,559084,83805,14.99,0.26
755,2021-06-16,BAS,4606,2086,2520,2126,2460,20,ITF,ITF5,17,Basilicata,Basilicata,559084,88411,15.81,0.82
756,2021-02-17,BAS,1137,493,644,1058,77,2,ITF,ITF5,17,Basilicata,Basilicata,559084,89548,16.02,0.2
757,2021-05-28,BAS,3619,1812,1807,918,2668,33,ITF,ITF5,17,Basilicata,Basilicata,559084,93167,16.66,0.65
758,2021-06-11,BAS,4236,1982,2254,3166,1028,42,ITF,ITF5,17,Basilicata,Basilicata,559084,97403,17.42,0.76
759,2021-08-19,BAS,3597,1873,1724,1672,1837,88,ITF,ITF5,17,Basilicata,Basilicata,559084,101000,18.07,0.64
760,2021-05-11,BAS,2654,1353,1301,1597,1033,24,ITF,ITF5,17,Basilicata,Basilicata,559084,103654,18.54,0.47
761,2021-05-02,BAS,4181,2001,2180,3490,629,62,ITF,ITF5,17,Basilicata,Basilicata,559084,107835,19.29,0.75
762,2021-04-15,BAS,3431,1679,1752,2588,799,44,ITF,ITF5,17,Basilicata,Basilicata,559084,111266,19.9,0.61
763,2021-07-07,BAS,5205,2472,2733,2019,3171,15,ITF,ITF5,17,Basilicata,Basilicata,559084,116471,20.83,0.93
764,2021-01-03,BAS,910,347,563,910,0,0,ITF,ITF5,17,Basilicata,Basilicata,559084,117381,21.0,0.16
765,2021-03-06,BAS,1371,541,830,752,606,13,ITF,ITF5,17,Basilicata,Basilicata,559084,118752,21.24,0.25
766,2021-05-09,BAS,4684,2339,2345,2941,1694,49,ITF,ITF5,17,Basilicata,Basilicata,559084,123436,22.08,0.84
767,2021-02-15,BAS,632,239,393,572,44,16,ITF,ITF5,17,Basilicata,Basilicata,559084,124068,22.19,0.11
768,2021-01-29,BAS,618,232,386,63,555,0,ITF,ITF5,17,Basilicata,Basilicata,559084,124686,22.3,0.11
769,2021-03-05,BAS,1868,862,1006,1097,757,14,ITF,ITF5,17,Basilicata,Basilicata,559084,126554,22.64,0.33
770,2021-06-23,BAS,3240,1522,1718,2332,876,32,ITF,ITF5,17,Basilicata,Basilicata,559084,129794,23.22,0.58
771,2021-03-13,BAS,1807,893,914,738,1049,20,ITF,ITF5,17,Basilicata,Basilicata,559084,131601,23.54,0.32
772,2021-02-07,BAS,381,161,220,49,332,0,ITF,ITF5,17,Basilicata,Basilicata,559084,131982,23.61,0.07
773,2021-05-18,BAS,5896,2856,3040,3381,2492,23,ITF,ITF5,17,Basilicata,Basilicata,559084,137878,24.66,1.05
774,2021-07-12,BAS,5441,2592,2849,1606,3809,26,ITF,ITF5,17,Basilicata,Basilicata,559084,143319,25.63,0.97
775,2021-05-16,BAS,4973,2468,2505,2812,2113,48,ITF,ITF5,17,Basilicata,Basilicata,559084,148292,26.52,0.89
776,2021-07-19,BAS,5927,2889,3038,1999,3886,42,ITF,ITF5,17,Basilicata,Basilicata,559084,154219,27.58,1.06
777,2021-05-23,BAS,4518,2302,2216,1527,2984,7,ITF,ITF5,17,Basilicata,Basilicata,559084,158737,28.39,0.81
778,2021-03-15,BAS,2369,992,1377,508,1844,17,ITF,ITF5,17,Basilicata,Basilicata,559084,161106,28.82,0.42
779,2021-01-17,BAS,329,133,196,328,1,0,ITF,ITF5,17,Basilicata,Basilicata,559084,161435,28.87,0.06
780,2021-04-27,BAS,4729,2243,2486,4349,327,53,ITF,ITF5,17,Basilicata,Basilicata,559084,166164,29.72,0.85
781,2021-08-05,BAS,4557,2319,2238,1283,3233,41,ITF,ITF5,17,Basilicata,Basilicata,559084,170721,30.54,0.82
782,2021-04-01,BAS,2732,1118,1614,1970,734,28,ITF,ITF5,17,Basilicata,Basilicata,559084,173453,31.02,0.49
783,2021-02-03,BAS,674,304,370,32,642,0,ITF,ITF5,17,Basilicata,Basilicata,559084,174127,31.15,0.12
784,2021-06-01,BAS,6138,2927,3211,3035,3076,27,ITF,ITF5,17,Basilicata,Basilicata,559084,180265,32.24,1.1
785,2021-06-09,BAS,4423,2072,2351,3967,423,33,ITF,ITF5,17,Basilicata,Basilicata,559084,184688,33.03,0.79
786,2021-04-13,BAS,2118,1053,1065,1282,818,18,ITF,ITF5,17,Basilicata,Basilicata,559084,186806,33.41,0.38
787,2021-03-01,BAS,553,286,267,384,169,0,ITF,ITF5,17,Basilicata,Basilicata,559084,187359,33.51,0.1
788,2021-08-14,BAS,3478,1906,1572,1421,1997,60,ITF,ITF5,17,Basilicata,Basilicata,559084,190837,34.13,0.62
789,2021-06-18,BAS,4464,2065,2399,2178,2259,27,ITF,ITF5,17,Basilicata,Basilicata,559084,195301,34.93,0.8
790,2021-08-23,BAS,3315,1736,1579,1369,1864,82,ITF,ITF5,17,Basilicata,Basilicata,559084,198616,35.53,0.59
791,2021-07-14,BAS,5642,2721,2921,1628,3989,25,ITF,ITF5,17,Basilicata,Basilicata,559084,204258,36.53,1.01
792,2021-04-05,BAS,726,235,491,412,304,10,ITF,ITF5,17,Basilicata,Basilicata,559084,204984,36.66,0.13
793,2021-03-22,BAS,1218,545,673,638,572,8,ITF,ITF5,17,Basilicata,Basilicata,559084,206202,36.88,0.22
794,2021-03-03,BAS,1751,821,930,1167,562,22,ITF,ITF5,17,Basilicata,Basilicata,559084,207953,37.2,0.31
795,2021-05-25,BAS,4200,2114,2086,868,3322,10,ITF,ITF5,17,Basilicata,Basilicata,559084,212153,37.95,0.75
796,2021-07-09,BAS,5338,2608,2730,1696,3633,9,ITF,ITF5,17,Basilicata,Basilicata,559084,217491,38.9,0.95
797,2021-04-17,BAS,3462,1655,1807,2172,1262,28,ITF,ITF5,17,Basilicata,Basilicata,559084,220953,39.52,0.62
798,2021-03-29,BAS,2482,898,1584,2141,288,53,ITF,ITF5,17,Basilicata,Basilicata,559084,223435,39.96,0.44
799,2021-01-05,BAS,951,410,541,951,0,0,ITF,ITF5,17,Basilicata,Basilicata,559084,224386,40.13,0.17
800,2021-06-13,BAS,3014,1440,1574,2678,308,28,ITF,ITF5,17,Basilicata,Basilicata,559084,227400,40.67,0.54
801,2021-05-27,BAS,3624,1864,1760,1074,2536,14,ITF,ITF5,17,Basilicata,Basilicata,559084,231024,41.32,0.65
802,2021-04-24,BAS,4583,2221,2362,3476,1051,56,ITF,ITF5,17,Basilicata,Basilicata,559084,235607,42.14,0.82
803,2021-06-27,BAS,3007,1477,1530,2378,615,14,ITF,ITF5,17,Basilicata,Basilicata,559084,238614,42.68,0.54
804,2021-04-29,BAS,4858,2398,2460,4342,441,75,ITF,ITF5,17,Basilicata,Basilicata,559084,243472,43.55,0.87
805,2021-03-17,BAS,1470,615,855,24,1442,4,ITF,ITF5,17,Basilicata,Basilicata,559084,244942,43.81,0.26
806,2021-01-19,BAS,199,84,115,199,0,0,ITF,ITF5,17,Basilicata,Basilicata,559084,245141,43.85,0.04
807,2021-06-25,BAS,3317,1571,1746,2444,839,34,ITF,ITF5,17,Basilicata,Basilicata,559084,248458,44.44,0.59
808,2021-07-04,BAS,3112,1563,1549,2164,922,26,ITF,ITF5,17,Basilicata,Basilicata,559084,251570,45.0,0.56
809,2021-03-24,BAS,1904,725,1179,1481,398,25,ITF,ITF5,17,Basilicata,Basilicata,559084,253474,45.34,0.34
810,2021-07-02,BAS,3689,1839,1850,2484,1176,29,ITF,ITF5,17,Basilicata,Basilicata,559084,257163,46.0,0.66
811,2021-03-27,BAS,2256,866,1390,1809,433,14,ITF,ITF5,17,Basilicata,Basilicata,559084,259419,46.4,0.4
812,2021-07-05,BAS,3270,1615,1655,2214,1022,34,ITF,ITF5,17,Basilicata,Basilicata,559084,262689,46.99,0.58
813,2021-01-07,BAS,644,321,323,644,0,0,ITF,ITF5,17,Basilicata,Basilicata,559084,263333,47.1,0.12
814,2021-02-19,BAS,1625,739,886,1557,63,5,ITF,ITF5,17,Basilicata,Basilicata,559084,264958,47.39,0.29
815,2021-02-11,BAS,956,405,551,871,83,2,ITF,ITF5,17,Basilicata,Basilicata,559084,265914,47.56,0.17
816,2021-05-22,BAS,5491,2724,2767,1929,3551,11,ITF,ITF5,17,Basilicata,Basilicata,559084,271405,48.54,0.98
817,2021-03-26,BAS,1956,703,1253,1667,261,28,ITF,ITF5,17,Basilicata,Basilicata,559084,273361,48.89,0.35
818,2021-08-04,BAS,4500,2232,2268,1424,3035,41,ITF,ITF5,17,Basilicata,Basilicata,559084,277861,49.7,0.8
819,2021-06-08,BAS,4587,2195,2392,4191,358,38,ITF,ITF5,17,Basilicata,Basilicata,559084,282448,50.52,0.82
820,2021-04-12,BAS,2175,1053,1122,1653,493,29,ITF,ITF5,17,Basilicata,Basilicata,559084,284623,50.91,0.39
821,2021-07-21,BAS,5846,2943,2903,1611,4202,33,ITF,ITF5,17,Basilicata,Basilicata,559084,290469,51.95,1.05
822,2021-04-19,BAS,4182,1921,2261,2396,1653,133,ITF,ITF5,17,Basilicata,Basilicata,559084,294651,52.7,0.75
823,2021-07-28,BAS,5036,2576,2460,1930,3047,59,ITF,ITF5,17,Basilicata,Basilicata,559084,299687,53.6,0.9
824,2021-06-15,BAS,3222,1417,1805,2226,975,21,ITF,ITF5,17,Basilicata,Basilicata,559084,302909,54.18,0.58
825,2021-06-20,BAS,4010,1884,2126,1940,2036,34,ITF,ITF5,17,Basilicata,Basilicata,559084,306919,54.9,0.72
826,2021-08-02,BAS,4609,2334,2275,1779,2790,40,ITF,ITF5,17,Basilicata,Basilicata,559084,311528,55.72,0.82
827,2021-07-16,BAS,5936,2901,3035,1805,4096,35,ITF,ITF5,17,Basilicata,Basilicata,559084,317464,56.78,1.06
828,2021-03-19,BAS,2307,999,1308,259,2041,7,ITF,ITF5,17,Basilicata,Basilicata,559084,319771,57.2,0.41
829,2021-08-20,BAS,3123,1679,1444,1452,1593,78,ITF,ITF5,17,Basilicata,Basilicata,559084,322894,57.75,0.56
830,2021-02-16,BAS,907,377,530,790,98,19,ITF,ITF5,17,Basilicata,Basilicata,559084,323801,57.92,0.16
831,2021-08-09,BAS,4010,2065,1945,1569,2395,46,ITF,ITF5,17,Basilicata,Basilicata,559084,327811,58.63,0.72
832,2021-07-23,BAS,5555,2782,2773,1890,3619,46,ITF,ITF5,17,Basilicata,Basilicata,559084,333366,59.63,0.99
833,2021-05-01,BAS,4710,2141,2569,3886,754,70,ITF,ITF5,17,Basilicata,Basilicata,559084,338076,60.47,0.84
834,2021-02-14,BAS,151,48,103,105,0,46,ITF,ITF5,17,Basilicata,Basilicata,559084,338227,60.5,0.03
835,2021-01-31,BAS,77,24,53,0,77,0,ITF,ITF5,17,Basilicata,Basilicata,559084,338304,60.51,0.01
836,2021-01-12,BAS,217,88,129,217,0,0,ITF,ITF5,17,Basilicata,Basilicata,559084,338521,60.55,0.04
837,2021-02-13,BAS,800,314,486,701,61,38,ITF,ITF5,17,Basilicata,Basilicata,559084,339321,60.69,0.14
838,2021-05-24,BAS,4834,2344,2490,1088,3733,13,ITF,ITF5,17,Basilicata,Basilicata,559084,344155,61.56,0.86
839,2021-07-29,BAS,4859,2525,2334,1909,2902,48,ITF,ITF5,17,Basilicata,Basilicata,559084,349014,62.43,0.87
840,2021-06-02,BAS,5961,2805,3156,4374,1544,43,ITF,ITF5,17,Basilicata,Basilicata,559084,354975,63.49,1.07
841,2021-04-18,BAS,3720,1843,1877,2327,1370,23,ITF,ITF5,17,Basilicata,Basilicata,559084,358695,64.16,0.67
842,2021-02-20,BAS,1168,535,633,1049,119,0,ITF,ITF5,17,Basilicata,Basilicata,559084,359863,64.37,0.21
843,2021-07-27,BAS,4714,2371,2343,1813,2855,46,ITF,ITF5,17,Basilicata,Basilicata,559084,364577,65.21,0.84
844,2021-05-31,BAS,4230,2010,2220,1713,2509,8,ITF,ITF5,17,Basilicata,Basilicata,559084,368807,65.97,0.76
845,2021-02-12,BAS,780,333,447,747,32,1,ITF,ITF5,17,Basilicata,Basilicata,559084,369587,66.11,0.14
846,2021-04-10,BAS,1036,380,656,924,84,28,ITF,ITF5,17,Basilicata,Basilicata,559084,370623,66.29,0.19
847,2021-06-24,BAS,4093,1940,2153,2154,1902,37,ITF,ITF5,17,Basilicata,Basilicata,559084,374716,67.02,0.73
848,2021-04-28,BAS,4709,2159,2550,4207,441,61,ITF,ITF5,17,Basilicata,Basilicata,559084,379425,67.87,0.84
849,2021-02-28,BAS,813,347,466,772,37,4,ITF,ITF5,17,Basilicata,Basilicata,559084,380238,68.01,0.15
850,2021-01-02,BAS,957,383,574,956,0,1,ITF,ITF5,17,Basilicata,Basilicata,559084,381195,68.18,0.17
851,2021-01-16,BAS,725,305,420,725,0,0,ITF,ITF5,17,Basilicata,Basilicata,559084,381920,68.31,0.13
852,2021-04-26,BAS,4466,2164,2302,4197,221,48,ITF,ITF5,17,Basilicata,Basilicata,559084,386386,69.11,0.8
853,2021-08-08,BAS,3664,1873,1791,1115,2520,29,ITF,ITF5,17,Basilicata,Basilicata,559084,390050,69.77,0.66
854,2021-03-02,BAS,802,387,415,659,138,5,ITF,ITF5,17,Basilicata,Basilicata,559084,390852,69.91,0.14
855,2021-08-06,BAS,4253,2176,2077,1316,2884,53,ITF,ITF5,17,Basilicata,Basilicata,559084,395105,70.67,0.76
856,2021-06-10,BAS,4346,2101,2245,3868,441,37,ITF,ITF5,17,Basilicata,Basilicata,559084,399451,71.45,0.78
857,2021-08-13,BAS,3660,1903,1757,1424,2145,91,ITF,ITF5,17,Basilicata,Basilicata,559084,403111,72.1,0.65
858,2021-03-14,BAS,1012,478,534,530,470,12,ITF,ITF5,17,Basilicata,Basilicata,559084,404123,72.28,0.18
859,2021-03-31,BAS,3115,1268,1847,2301,784,30,ITF,ITF5,17,Basilicata,Basilicata,559084,407238,72.84,0.56
860,2021-06-22,BAS,4355,2061,2294,2223,2100,32,ITF,ITF5,17,Basilicata,Basilicata,559084,411593,73.62,0.78
861,2021-06-05,BAS,4800,2210,2590,3823,941,36,ITF,ITF5,17,Basilicata,Basilicata,559084,416393,74.48,0.86
862,2021-08-27,BAS,1416,728,688,500,879,37,ITF,ITF5,17,Basilicata,Basilicata,559084,417809,74.73,0.25
863,2021-02-23,BAS,1908,772,1136,1750,140,18,ITF,ITF5,17,Basilicata,Basilicata,559084,419717,75.07,0.34
864,2021-06-03,BAS,4922,2258,2664,3704,1180,38,ITF,ITF5,17,Basilicata,Basilicata,559084,424639,75.95,0.88
865,2021-02-26,BAS,2156,905,1251,2069,81,6,ITF,ITF5,17,Basilicata,Basilicata,559084,426795,76.34,0.39
866,2021-05-20,BAS,5883,2980,2903,2885,2970,28,ITF,ITF5,17,Basilicata,Basilicata,559084,432678,77.39,1.05
867,2021-06-06,BAS,4512,2074,2438,3695,779,38,ITF,ITF5,17,Basilicata,Basilicata,559084,437190,78.2,0.81
868,2021-08-11,BAS,3710,1923,1787,1429,2223,58,ITF,ITF5,17,Basilicata,Basilicata,559084,440900,78.86,0.66
869,2021-04-14,BAS,2046,1001,1045,1354,676,16,ITF,ITF5,17,Basilicata,Basilicata,559084,442946,79.23,0.37
870,2021-01-21,BAS,31,10,21,30,1,0,ITF,ITF5,17,Basilicata,Basilicata,559084,442977,79.23,0.01
871,2021-01-04,BAS,613,274,339,613,0,0,ITF,ITF5,17,Basilicata,Basilicata,559084,443590,79.34,0.11
872,2021-07-06,BAS,4211,2009,2202,2115,2060,36,ITF,ITF5,17,Basilicata,Basilicata,559084,447801,80.1,0.75
873,2021-02-21,BAS,284,113,171,284,0,0,ITF,ITF5,17,Basilicata,Basilicata,559084,448085,80.15,0.05
874,2021-03-07,BAS,896,313,583,847,39,10,ITF,ITF5,17,Basilicata,Basilicata,559084,448981,80.31,0.16
875,2021-01-09,BAS,560,161,399,560,0,0,ITF,ITF5,17,Basilicata,Basilicata,559084,449541,80.41,0.1
876,2021-07-03,BAS,3946,2103,1843,2756,1144,46,ITF,ITF5,17,Basilicata,Basilicata,559084,453487,81.11,0.71
877,2021-05-07,BAS,4641,2282,2359,3273,1340,28,ITF,ITF5,17,Basilicata,Basilicata,559084,458128,81.94,0.83
878,2021-08-15,BAS,2705,1431,1274,1137,1528,40,ITF,ITF5,17,Basilicata,Basilicata,559084,460833,82.43,0.48
879,2021-07-10,BAS,5530,2669,2861,1596,3925,9,ITF,ITF5,17,Basilicata,Basilicata,559084,466363,83.42,0.99
880,2021-05-14,BAS,5907,2799,3108,3273,2531,103,ITF,ITF5,17,Basilicata,Basilicata,559084,472270,84.47,1.06
881,2021-01-28,BAS,919,407,512,119,800,0,ITF,ITF5,17,Basilicata,Basilicata,559084,473189,84.64,0.16
882,2021-01-14,BAS,972,413,559,972,0,0,ITF,ITF5,17,Basilicata,Basilicata,559084,474161,84.81,0.17
883,2021-04-07,BAS,1211,551,660,1155,36,20,ITF,ITF5,17,Basilicata,Basilicata,559084,475372,85.03,0.22
884,2021-04-25,BAS,2990,1459,1531,2906,52,32,ITF,ITF5,17,Basilicata,Basilicata,559084,478362,85.56,0.53
885,2021-08-03,BAS,5120,2599,2521,1828,3243,49,ITF,ITF5,17,Basilicata,Basilicata,559084,483482,86.48,0.92
886,2021-08-17,BAS,3508,1764,1744,1397,2045,66,ITF,ITF5,17,Basilicata,Basilicata,559084,486990,87.1,0.63
887,2021-05-12,BAS,4730,2330,2400,2801,1881,48,ITF,ITF5,17,Basilicata,Basilicata,559084,491720,87.95,0.85
888,2021-07-15,BAS,6481,3213,3268,1671,4785,25,ITF,ITF5,17,Basilicata,Basilicata,559084,498201,89.11,1.16
889,2021-04-06,BAS,1274,465,809,1073,184,17,ITF,ITF5,17,Basilicata,Basilicata,559084,499475,89.34,0.23
890,2021-06-14,BAS,4825,2156,2669,2091,2710,24,ITF,ITF5,17,Basilicata,Basilicata,559084,504300,90.2,0.86
891,2021-03-23,BAS,1639,632,1007,1450,169,20,ITF,ITF5,17,Basilicata,Basilicata,559084,505939,90.49,0.29
892,2021-07-01,BAS,3711,1856,1855,2566,1112,33,ITF,ITF5,17,Basilicata,Basilicata,559084,509650,91.16,0.66
893,2021-05-10,BAS,4802,2381,2421,2709,2042,51,ITF,ITF5,17,Basilicata,Basilicata,559084,514452,92.02,0.86
894,2021-08-18,BAS,3571,1975,1596,1499,1976,96,ITF,ITF5,17,Basilicata,Basilicata,559084,518023,92.66,0.64
895,2021-07-18,BAS,4388,2162,2226,1576,2785,27,ITF,ITF5,17,Basilicata,Basilicata,559084,522411,93.44,0.78
896,2021-08-01,BAS,4208,2114,2094,1632,2536,40,ITF,ITF5,17,Basilicata,Basilicata,559084,526619,94.19,0.75
897,2021-03-12,BAS,1918,986,932,786,1104,28,ITF,ITF5,17,Basilicata,Basilicata,559084,528537,94.54,0.34
898,2021-05-17,BAS,5549,2736,2813,3364,2136,49,ITF,ITF5,17,Basilicata,Basilicata,559084,534086,95.53,0.99
899,2021-08-25,BAS,2683,1408,1275,1261,1339,83,ITF,ITF5,17,Basilicata,Basilicata,559084,536769,96.01,0.48
900,2021-07-30,BAS,4766,2436,2330,1915,2802,49,ITF,ITF5,17,Basilicata,Basilicata,559084,541535,96.86,0.85
901,2021-06-17,BAS,4442,2045,2397,2087,2330,25,ITF,ITF5,17,Basilicata,Basilicata,559084,545977,97.66,0.79
902,2021-04-21,BAS,3951,1844,2107,2243,1678,30,ITF,ITF5,17,Basilicata,Basilicata,559084,549928,98.36,0.71
903,2021-01-18,BAS,465,158,307,366,99,0,ITF,ITF5,17,Basilicata,Basilicata,559084,550393,98.45,0.08
904,2021-02-18,BAS,1073,402,671,854,216,3,ITF,ITF5,17,Basilicata,Basilicata,559084,551466,98.64,0.19
905,2021-02-01,BAS,248,94,154,46,202,0,ITF,ITF5,17,Basilicata,Basilicata,559084,551714,98.68,0.04
906,2021-05-26,BAS,4489,2260,2229,1676,2784,29,ITF,ITF5,17,Basilicata,Basilicata,559084,556203,99.48,0.8
907,2021-06-29,BAS,3857,1881,1976,2786,1043,28,ITF,ITF5,17,Basilicata,Basilicata,559084,560060,100.17,0.69
908,2021-03-21,BAS,1176,547,629,473,700,3,ITF,ITF5,17,Basilicata,Basilicata,559084,561236,100.38,0.21
909,2021-05-29,BAS,3060,1534,1526,824,2225,11,ITF,ITF5,17,Basilicata,Basilicata,559084,564296,100.93,0.55
910,2021-01-13,BAS,917,387,530,917,0,0,ITF,ITF5,17,Basilicata,Basilicata,559084,565213,101.1,0.16
911,2021-04-23,BAS,4551,2191,2360,3480,1010,61,ITF,ITF5,17,Basilicata,Basilicata,559084,569764,101.91,0.81
912,2021-01-30,BAS,712,230,482,129,583,0,ITF,ITF5,17,Basilicata,Basilicata,559084,570476,102.04,0.13
913,2021-02-08,BAS,564,194,370,153,411,0,ITF,ITF5,17,Basilicata,Basilicata,559084,571040,102.14,0.1
914,2021-05-19,BAS,2872,1499,1373,1183,1676,13,ITF,ITF5,17,Basilicata,Basilicata,559084,573912,102.65,0.51
915,2021-02-25,BAS,1793,739,1054,1735,47,11,ITF,ITF5,17,Basilicata,Basilicata,559084,575705,102.97,0.32
916,2021-08-10,BAS,4377,2294,2083,1513,2796,68,ITF,ITF5,17,Basilicata,Basilicata,559084,580082,103.76,0.78
917,2021-02-06,BAS,926,380,546,146,780,0,ITF,ITF5,17,Basilicata,Basilicata,559084,581008,103.92,0.17
918,2021-04-30,BAS,5287,2377,2910,4065,1163,59,ITF,ITF5,17,Basilicata,Basilicata,559084,586295,104.87,0.95
919,2021-01-23,BAS,752,319,433,33,719,0,ITF,ITF5,17,Basilicata,Basilicata,559084,587047,105.0,0.13
920,2021-05-03,BAS,4510,2043,2467,3620,827,63,ITF,ITF5,17,Basilicata,Basilicata,559084,591557,105.81,0.81
921,2021-02-09,BAS,494,215,279,317,177,0,ITF,ITF5,17,Basilicata,Basilicata,559084,592051,105.9,0.09
922,2021-07-25,BAS,4478,2254,2224,1606,2848,24,ITF,ITF5,17,Basilicata,Basilicata,559084,596529,106.7,0.8
923,2021-06-21,BAS,4257,2045,2212,2142,2094,21,ITF,ITF5,17,Basilicata,Basilicata,559084,600786,107.46,0.76
924,2021-03-18,BAS,1361,568,793,17,1335,9,ITF,ITF5,17,Basilicata,Basilicata,559084,602147,107.7,0.24
925,2021-08-22,BAS,2443,1282,1161,1023,1371,49,ITF,ITF5,17,Basilicata,Basilicata,559084,604590,108.14,0.44
926,2021-06-26,BAS,3337,1614,1723,2751,558,28,ITF,ITF5,17,Basilicata,Basilicata,559084,607927,108.74,0.6
927,2021-01-20,BAS,85,22,63,84,1,0,ITF,ITF5,17,Basilicata,Basilicata,559084,608012,108.75,0.02
928,2021-03-04,BAS,1896,899,997,1066,807,23,ITF,ITF5,17,Basilicata,Basilicata,559084,609908,109.09,0.34
929,2021-06-12,BAS,3686,1694,1992,2959,689,38,ITF,ITF5,17,Basilicata,Basilicata,559084,613594,109.75,0.66
930,2021-06-19,BAS,4466,2178,2288,2370,2074,22,ITF,ITF5,17,Basilicata,Basilicata,559084,618060,110.55,0.8
931,2021-03-28,BAS,2145,744,1401,2111,17,17,ITF,ITF5,17,Basilicata,Basilicata,559084,620205,110.93,0.38
932,2021-03-11,BAS,1800,931,869,819,963,18,ITF,ITF5,17,Basilicata,Basilicata,559084,622005,111.25,0.32
933,2021-03-16,BAS,1919,807,1112,226,1690,3,ITF,ITF5,17,Basilicata,Basilicata,559084,623924,111.6,0.34
934,2021-05-05,BAS,4338,2051,2287,3379,890,69,ITF,ITF5,17,Basilicata,Basilicata,559084,628262,112.37,0.78
935,2021-03-09,BAS,1411,721,690,780,612,19,ITF,ITF5,17,Basilicata,Basilicata,559084,629673,112.63,0.25
936,2021-01-25,BAS,1044,438,606,73,970,1,ITF,ITF5,17,Basilicata,Basilicata,559084,630717,112.81,0.19
937,2021-03-30,BAS,2854,1214,1640,2493,346,15,ITF,ITF5,17,Basilicata,Basilicata,559084,633571,113.32,0.51
938,2021-07-08,BAS,5138,2429,2709,1854,3259,25,ITF,ITF5,17,Basilicata,Basilicata,559084,638709,114.24,0.92
939,2021-01-06,BAS,296,130,166,296,0,0,ITF,ITF5,17,Basilicata,Basilicata,559084,639005,114.29,0.05
940,2021-04-16,BAS,3324,1635,1689,2398,901,25,ITF,ITF5,17,Basilicata,Basilicata,559084,642329,114.89,0.59
941,2021-01-11,BAS,186,67,119,186,0,0,ITF,ITF5,17,Basilicata,Basilicata,559084,642515,114.92,0.03
942,2021-01-24,BAS,865,316,549,58,806,1,ITF,ITF5,17,Basilicata,Basilicata,559084,643380,115.08,0.15
943,2021-05-13,BAS,5986,2970,3016,3299,2597,90,ITF,ITF5,17,Basilicata,Basilicata,559084,649366,116.15,1.07
944,2021-08-21,BAS,3268,1778,1490,1711,1461,96,ITF,ITF5,17,Basilicata,Basilicata,559084,652634,116.73,0.58
945,2021-05-08,BAS,4845,2406,2439,3382,1414,49,ITF,ITF5,17,Basilicata,Basilicata,559084,657479,117.6,0.87
946,2021-08-16,BAS,3566,1866,1700,1484,1998,84,ITF,ITF5,17,Basilicata,Basilicata,559084,661045,118.24,0.64
947,2021-03-10,BAS,1686,846,840,836,839,11,ITF,ITF5,17,Basilicata,Basilicata,559084,662731,118.54,0.3
948,2021-01-26,BAS,812,357,455,101,711,0,ITF,ITF5,17,Basilicata,Basilicata,559084,663543,118.68,0.15
949,2021-05-06,BAS,5069,2440,2629,3432,1586,51,ITF,ITF5,17,Basilicata,Basilicata,559084,668612,119.59,0.91
950,2021-05-15,BAS,6533,3344,3189,3875,2575,83,ITF,ITF5,17,Basilicata,Basilicata,559084,675145,120.76,1.17
951,2021-04-02,BAS,2344,1057,1287,1714,605,25,ITF,ITF5,17,Basilicata,Basilicata,559084,677489,121.18,0.42
952,2021-02-04,BAS,1107,446,661,64,1043,0,ITF,ITF5,17,Basilicata,Basilicata,559084,678596,121.38,0.2
953,2021-07-11,BAS,5031,2405,2626,1508,3498,25,ITF,ITF5,17,Basilicata,Basilicata,559084,683627,122.28,0.9
954,2021-02-02,BAS,369,145,224,174,194,1,ITF,ITF5,17,Basilicata,Basilicata,559084,683996,122.34,0.07
955,2021-04-09,BAS,1153,350,803,1063,63,27,ITF,ITF5,17,Basilicata,Basilicata,559084,685149,122.55,0.21
956,2021-07-13,BAS,5854,2825,3029,1772,4034,48,ITF,ITF5,17,Basilicata,Basilicata,559084,691003,123.6,1.05
957,2021-02-27,BAS,1998,862,1136,1816,165,17,ITF,ITF5,17,Basilicata,Basilicata,559084,693001,123.95,0.36
958,2021-07-20,BAS,5696,2795,2901,1690,3966,40,ITF,ITF5,17,Basilicata,Basilicata,559084,698697,124.97,1.02
959,2021-06-07,BAS,4238,1921,2317,3885,315,38,ITF,ITF5,17,Basilicata,Basilicata,559084,702935,125.73,0.76
960,2021-04-11,BAS,965,393,572,760,175,30,ITF,ITF5,17,Basilicata,Basilicata,559084,703900,125.9,0.17
961,2021-04-04,BAS,612,227,385,188,418,6,ITF,ITF5,17,Basilicata,Basilicata,559084,704512,126.01,0.11
962,2021-07-22,BAS,5796,2888,2908,1786,3949,61,ITF,ITF5,17,Basilicata,Basilicata,559084,710308,127.05,1.04
963,2021-07-01,TOS,32075,15529,16546,10726,21072,277,ITI,ITI1,9,Toscana,Toscana,3729641,32075,0.86,0.86
964,2021-03-26,TOS,20750,9432,11318,14710,5831,209,ITI,ITI1,9,Toscana,Toscana,3729641,52825,1.42,0.56
965,2021-03-09,TOS,11143,4575,6568,5502,5563,78,ITI,ITI1,9,Toscana,Toscana,3729641,63968,1.72,0.3
966,2021-04-09,TOS,24620,10585,14035,20718,3453,449,ITI,ITI1,9,Toscana,Toscana,3729641,88588,2.38,0.66
967,2021-07-18,TOS,30382,15275,15107,8336,21836,210,ITI,ITI1,9,Toscana,Toscana,3729641,118970,3.19,0.81
968,2021-06-17,TOS,32614,16709,15905,26708,5561,345,ITI,ITI1,9,Toscana,Toscana,3729641,151584,4.06,0.87
969,2021-05-22,TOS,26036,12667,13369,21490,4297,249,ITI,ITI1,9,Toscana,Toscana,3729641,177620,4.76,0.7
970,2021-05-05,TOS,30161,13464,16697,14854,14571,736,ITI,ITI1,9,Toscana,Toscana,3729641,207781,5.57,0.81
971,2021-08-13,TOS,23073,12499,10574,11303,11224,546,ITI,ITI1,9,Toscana,Toscana,3729641,230854,6.19,0.62
972,2021-02-28,TOS,1649,667,982,852,727,70,ITI,ITI1,9,Toscana,Toscana,3729641,232503,6.23,0.04
973,2021-02-11,TOS,5384,2022,3362,5061,242,81,ITI,ITI1,9,Toscana,Toscana,3729641,237887,6.38,0.14
974,2021-02-09,TOS,4490,1470,3020,3765,611,114,ITI,ITI1,9,Toscana,Toscana,3729641,242377,6.5,0.12
975,2021-01-16,TOS,3271,1046,2225,3213,0,58,ITI,ITI1,9,Toscana,Toscana,3729641,245648,6.59,0.09
976,2021-04-26,TOS,10149,4936,5213,7456,2557,136,ITI,ITI1,9,Toscana,Toscana,3729641,255797,6.86,0.27
977,2021-01-02,TOS,3499,1096,2403,3455,0,44,ITI,ITI1,9,Toscana,Toscana,3729641,259296,6.95,0.09
978,2021-07-30,TOS,37908,20399,17509,10793,26761,354,ITI,ITI1,9,Toscana,Toscana,3729641,297204,7.97,1.02
979,2021-07-13,TOS,29346,14736,14610,7718,21455,173,ITI,ITI1,9,Toscana,Toscana,3729641,326550,8.76,0.79
980,2021-04-02,TOS,32035,13586,18449,23696,8084,255,ITI,ITI1,9,Toscana,Toscana,3729641,358585,9.61,0.86
981,2021-08-01,TOS,29922,15318,14604,13788,15651,483,ITI,ITI1,9,Toscana,Toscana,3729641,388507,10.42,0.8
982,2021-06-05,TOS,28451,13606,14845,20560,7618,273,ITI,ITI1,9,Toscana,Toscana,3729641,416958,11.18,0.76
983,2021-08-08,TOS,25030,12915,12115,14608,9923,499,ITI,ITI1,9,Toscana,Toscana,3729641,441988,11.85,0.67
984,2021-01-11,TOS,5095,1691,3404,4996,0,99,ITI,ITI1,9,Toscana,Toscana,3729641,447083,11.99,0.14
985,2021-04-21,TOS,29646,12688,16958,16848,12159,639,ITI,ITI1,9,Toscana,Toscana,3729641,476729,12.78,0.79
986,2021-02-23,TOS,7723,3325,4398,7209,162,352,ITI,ITI1,9,Toscana,Toscana,3729641,484452,12.99,0.21
987,2021-06-03,TOS,32065,15456,16609,27152,4589,324,ITI,ITI1,9,Toscana,Toscana,3729641,516517,13.85,0.86
988,2021-06-22,TOS,31059,15629,15430,22463,8218,378,ITI,ITI1,9,Toscana,Toscana,3729641,547576,14.68,0.83
989,2021-05-17,TOS,29779,14882,14897,20560,8940,279,ITI,ITI1,9,Toscana,Toscana,3729641,577355,15.48,0.8
990,2021-03-21,TOS,3296,1629,1667,1819,1434,43,ITI,ITI1,9,Toscana,Toscana,3729641,580651,15.57,0.09
991,2021-08-25,TOS,20164,10514,9650,10492,8950,722,ITI,ITI1,9,Toscana,Toscana,3729641,600815,16.11,0.54
992,2021-01-23,TOS,3970,1360,2610,630,3334,6,ITI,ITI1,9,Toscana,Toscana,3729641,604785,16.22,0.11
993,2021-06-29,TOS,37051,18041,19010,7992,28911,148,ITI,ITI1,9,Toscana,Toscana,3729641,641836,17.21,0.99
994,2021-05-03,TOS,11944,5518,6426,10363,1333,248,ITI,ITI1,9,Toscana,Toscana,3729641,653780,17.53,0.32
995,2021-08-27,TOS,6968,3652,3316,3176,3532,260,ITI,ITI1,9,Toscana,Toscana,3729641,660748,17.72,0.19
996,2021-01-28,TOS,6286,1883,4403,346,5933,7,ITI,ITI1,9,Toscana,Toscana,3729641,667034,17.88,0.17
997,2021-08-20,TOS,20186,11067,9119,9952,9740,494,ITI,ITI1,9,Toscana,Toscana,3729641,687220,18.43,0.54
998,2021-03-19,TOS,10172,4475,5697,7127,2897,148,ITI,ITI1,9,Toscana,Toscana,3729641,697392,18.7,0.27
999,2021-04-07,TOS,35857,15482,20375,28157,7277,423,ITI,ITI1,9,Toscana,Toscana,3729641,733249,19.66,0.96
1000,2021-02-04,TOS,4255,1595,2660,933,3295,27,ITI,ITI1,9,Toscana,Toscana,3729641,737504,19.77,0.11
1001,2021-05-15,TOS,29372,13863,15509,22872,5904,596,ITI,ITI1,9,Toscana,Toscana,3729641,766876,20.56,0.79
1002,2021-04-28,TOS,19150,8193,10957,3447,15346,357,ITI,ITI1,9,Toscana,Toscana,3729641,786026,21.08,0.51
1003,2021-02-18,TOS,8825,3286,5539,7745,896,184,ITI,ITI1,9,Toscana,Toscana,3729641,794851,21.31,0.24
1004,2021-05-29,TOS,31580,15267,16313,23180,8172,228,ITI,ITI1,9,Toscana,Toscana,3729641,826431,22.16,0.85
1005,2021-08-06,TOS,32942,17663,15279,15334,17132,476,ITI,ITI1,9,Toscana,Toscana,3729641,859373,23.04,0.88
1006,2021-06-10,TOS,26454,13571,12883,25547,559,348,ITI,ITI1,9,Toscana,Toscana,3729641,885827,23.75,0.71
1007,2021-05-24,TOS,33762,16726,17036,23897,9585,280,ITI,ITI1,9,Toscana,Toscana,3729641,919589,24.66,0.91
1008,2021-03-07,TOS,5649,2358,3291,1993,3545,111,ITI,ITI1,9,Toscana,Toscana,3729641,925238,24.81,0.15
1009,2021-07-20,TOS,37343,19108,18235,7972,29179,192,ITI,ITI1,9,Toscana,Toscana,3729641,962581,25.81,1.0
1010,2021-07-11,TOS,26190,12729,13461,9178,16839,173,ITI,ITI1,9,Toscana,Toscana,3729641,988771,26.51,0.7
1011,2021-06-24,TOS,29462,14628,14834,19317,9751,394,ITI,ITI1,9,Toscana,Toscana,3729641,1018233,27.3,0.79
1012,2021-01-09,TOS,4487,1597,2890,4421,0,66,ITI,ITI1,9,Toscana,Toscana,3729641,1022720,27.42,0.12
1013,2021-03-28,TOS,6212,2807,3405,5876,253,83,ITI,ITI1,9,Toscana,Toscana,3729641,1028932,27.59,0.17
1014,2021-01-30,TOS,4624,1623,3001,175,4431,18,ITI,ITI1,9,Toscana,Toscana,3729641,1033556,27.71,0.12
1015,2021-07-06,TOS,25797,13040,12757,11045,14528,224,ITI,ITI1,9,Toscana,Toscana,3729641,1059353,28.4,0.69
1016,2021-05-10,TOS,26240,12417,13823,15247,10647,346,ITI,ITI1,9,Toscana,Toscana,3729641,1085593,29.11,0.7
1017,2021-03-14,TOS,7177,2571,4606,3149,3935,93,ITI,ITI1,9,Toscana,Toscana,3729641,1092770,29.3,0.19
1018,2021-08-18,TOS,25938,13818,12120,12842,12492,604,ITI,ITI1,9,Toscana,Toscana,3729641,1118708,30.0,0.7
1019,2021-02-16,TOS,9282,3340,5942,8331,721,230,ITI,ITI1,9,Toscana,Toscana,3729641,1127990,30.24,0.25
1020,2021-05-02,TOS,11179,4935,6244,8977,1968,234,ITI,ITI1,9,Toscana,Toscana,3729641,1139169,30.54,0.3
1021,2021-08-10,TOS,25909,13480,12429,16343,8923,643,ITI,ITI1,9,Toscana,Toscana,3729641,1165078,31.24,0.69
1022,2021-01-21,TOS,1589,686,903,858,722,9,ITI,ITI1,9,Toscana,Toscana,3729641,1166667,31.28,0.04
1023,2021-06-02,TOS,27612,13633,13979,21866,5512,234,ITI,ITI1,9,Toscana,Toscana,3729641,1194279,32.02,0.74
1024,2021-06-12,TOS,29405,15158,14247,24659,4391,355,ITI,ITI1,9,Toscana,Toscana,3729641,1223684,32.81,0.79
1025,2021-04-16,TOS,28988,12894,16094,21433,6922,633,ITI,ITI1,9,Toscana,Toscana,3729641,1252672,33.59,0.78
1026,2021-07-25,TOS,33922,16773,17149,7051,26690,181,ITI,ITI1,9,Toscana,Toscana,3729641,1286594,34.5,0.91
1027,2021-03-02,TOS,10602,3799,6803,7041,3448,113,ITI,ITI1,9,Toscana,Toscana,3729641,1297196,34.78,0.28
1028,2021-01-04,TOS,5067,1896,3171,5002,0,65,ITI,ITI1,9,Toscana,Toscana,3729641,1302263,34.92,0.14
1029,2021-04-14,TOS,20211,8352,11859,14511,5153,547,ITI,ITI1,9,Toscana,Toscana,3729641,1322474,35.46,0.54
1030,2021-06-14,TOS,31830,16350,15480,27427,4109,294,ITI,ITI1,9,Toscana,Toscana,3729641,1354304,36.31,0.85
1031,2021-03-23,TOS,9453,4415,5038,6969,2285,199,ITI,ITI1,9,Toscana,Toscana,3729641,1363757,36.57,0.25
1032,2020-12-30,TOS,329,106,223,328,0,1,ITI,ITI1,9,Toscana,Toscana,3729641,1364086,36.57,0.01
1033,2021-08-24,TOS,21825,11441,10384,12684,8281,860,ITI,ITI1,9,Toscana,Toscana,3729641,1385911,37.16,0.59
1034,2021-08-05,TOS,34711,18003,16708,12107,22231,373,ITI,ITI1,9,Toscana,Toscana,3729641,1420622,38.09,0.93
1035,2021-05-12,TOS,34229,15590,18639,13585,20058,586,ITI,ITI1,9,Toscana,Toscana,3729641,1454851,39.01,0.92
1036,2021-01-25,TOS,5132,1895,3237,240,4888,4,ITI,ITI1,9,Toscana,Toscana,3729641,1459983,39.15,0.14
1037,2021-04-18,TOS,8370,4095,4275,7061,1033,276,ITI,ITI1,9,Toscana,Toscana,3729641,1468353,39.37,0.22
1038,2021-07-27,TOS,38722,20135,18587,11271,27110,341,ITI,ITI1,9,Toscana,Toscana,3729641,1507075,40.41,1.04
1039,2021-07-10,TOS,29316,14187,15129,7962,21169,185,ITI,ITI1,9,Toscana,Toscana,3729641,1536391,41.19,0.79
1040,2021-08-22,TOS,18521,9965,8556,7304,10902,315,ITI,ITI1,9,Toscana,Toscana,3729641,1554912,41.69,0.5
1041,2021-02-20,TOS,4664,1797,2867,3993,537,134,ITI,ITI1,9,Toscana,Toscana,3729641,1559576,41.82,0.13
1042,2021-05-31,TOS,30357,14650,15707,19268,10848,241,ITI,ITI1,9,Toscana,Toscana,3729641,1589933,42.63,0.81
1043,2021-05-14,TOS,33395,15456,17939,20021,12732,642,ITI,ITI1,9,Toscana,Toscana,3729641,1623328,43.53,0.9
1044,2021-02-25,TOS,10631,4305,6326,9463,998,170,ITI,ITI1,9,Toscana,Toscana,3729641,1633959,43.81,0.29
1045,2021-06-28,TOS,37704,18142,19562,8439,29098,167,ITI,ITI1,9,Toscana,Toscana,3729641,1671663,44.82,1.01
1046,2021-01-20,TOS,1334,640,694,1023,248,63,ITI,ITI1,9,Toscana,Toscana,3729641,1672997,44.86,0.04
1047,2021-04-30,TOS,40248,17813,22435,19654,19948,646,ITI,ITI1,9,Toscana,Toscana,3729641,1713245,45.94,1.08
1048,2021-04-25,TOS,11067,5252,5815,8760,2146,161,ITI,ITI1,9,Toscana,Toscana,3729641,1724312,46.23,0.3
1049,2021-08-03,TOS,36343,18921,17422,12168,23798,377,ITI,ITI1,9,Toscana,Toscana,3729641,1760655,47.21,0.97
1050,2021-01-13,TOS,4063,1398,2665,3999,0,64,ITI,ITI1,9,Toscana,Toscana,3729641,1764718,47.32,0.11
1051,2021-04-23,TOS,25675,11430,14245,8800,16344,531,ITI,ITI1,9,Toscana,Toscana,3729641,1790393,48.0,0.69
1052,2021-03-20,TOS,6590,2978,3612,5361,1138,91,ITI,ITI1,9,Toscana,Toscana,3729641,1796983,48.18,0.18
1053,2021-01-22,TOS,2866,1064,1802,524,2339,3,ITI,ITI1,9,Toscana,Toscana,3729641,1799849,48.26,0.08
1054,2021-07-07,TOS,25644,12608,13036,9335,16119,190,ITI,ITI1,9,Toscana,Toscana,3729641,1825493,48.95,0.69
1055,2021-03-27,TOS,8865,4155,4710,8511,216,138,ITI,ITI1,9,Toscana,Toscana,3729641,1834358,49.18,0.24
1056,2021-04-06,TOS,22234,9829,12405,18070,3745,419,ITI,ITI1,9,Toscana,Toscana,3729641,1856592,49.78,0.6
1057,2021-02-08,TOS,4099,1361,2738,3529,459,111,ITI,ITI1,9,Toscana,Toscana,3729641,1860691,49.89,0.11
1058,2021-07-15,TOS,31255,15295,15960,8088,22922,245,ITI,ITI1,9,Toscana,Toscana,3729641,1891946,50.73,0.84
1059,2021-05-19,TOS,27974,13587,14387,18645,9062,267,ITI,ITI1,9,Toscana,Toscana,3729641,1919920,51.48,0.75
1060,2021-04-13,TOS,8495,3508,4987,5736,2476,283,ITI,ITI1,9,Toscana,Toscana,3729641,1928415,51.71,0.23
1061,2021-07-22,TOS,39388,19796,19592,4484,34738,166,ITI,ITI1,9,Toscana,Toscana,3729641,1967803,52.76,1.06
1062,2021-05-26,TOS,35620,17114,18506,20148,15216,256,ITI,ITI1,9,Toscana,Toscana,3729641,2003423,53.72,0.96
1063,2021-03-30,TOS,17038,7647,9391,13266,3574,198,ITI,ITI1,9,Toscana,Toscana,3729641,2020461,54.17,0.46
1064,2021-07-08,TOS,21096,10371,10725,9269,11587,240,ITI,ITI1,9,Toscana,Toscana,3729641,2041557,54.74,0.57
1065,2020-12-27,TOS,620,267,353,615,0,5,ITI,ITI1,9,Toscana,Toscana,3729641,2042177,54.76,0.02
1066,2021-08-02,TOS,35297,18085,17212,13354,21551,392,ITI,ITI1,9,Toscana,Toscana,3729641,2077474,55.7,0.95
1067,2021-05-07,TOS,32174,14716,17458,11352,20210,612,ITI,ITI1,9,Toscana,Toscana,3729641,2109648,56.56,0.86
1068,2021-08-15,TOS,14688,7761,6927,5270,9234,184,ITI,ITI1,9,Toscana,Toscana,3729641,2124336,56.96,0.39
1069,2021-07-29,TOS,39407,20527,18880,12610,26452,345,ITI,ITI1,9,Toscana,Toscana,3729641,2163743,58.01,1.06
1070,2021-02-13,TOS,7787,2362,5425,7412,227,148,ITI,ITI1,9,Toscana,Toscana,3729641,2171530,58.22,0.21
1071,2021-01-08,TOS,5948,1644,4304,5855,0,93,ITI,ITI1,9,Toscana,Toscana,3729641,2177478,58.38,0.16
1072,2021-01-01,TOS,2370,788,1582,2325,0,45,ITI,ITI1,9,Toscana,Toscana,3729641,2179848,58.45,0.06
1073,2021-04-11,TOS,3646,1681,1965,3334,156,156,ITI,ITI1,9,Toscana,Toscana,3729641,2183494,58.54,0.1
1074,2021-07-03,TOS,29424,14825,14599,11871,17169,384,ITI,ITI1,9,Toscana,Toscana,3729641,2212918,59.33,0.79
1075,2021-08-07,TOS,30455,16287,14168,14208,15761,486,ITI,ITI1,9,Toscana,Toscana,3729641,2243373,60.15,0.82
1076,2021-03-06,TOS,7114,2853,4261,2826,4203,85,ITI,ITI1,9,Toscana,Toscana,3729641,2250487,60.34,0.19
1077,2021-08-21,TOS,17920,9925,7995,8089,9455,376,ITI,ITI1,9,Toscana,Toscana,3729641,2268407,60.82,0.48
1078,2021-03-18,TOS,9986,3987,5999,5857,3992,137,ITI,ITI1,9,Toscana,Toscana,3729641,2278393,61.09,0.27
1079,2021-06-26,TOS,34576,16772,17804,9997,24349,230,ITI,ITI1,9,Toscana,Toscana,3729641,2312969,62.02,0.93
1080,2021-06-09,TOS,34851,17583,17268,33962,462,427,ITI,ITI1,9,Toscana,Toscana,3729641,2347820,62.95,0.93
1081,2021-04-04,TOS,13927,6612,7315,13507,255,165,ITI,ITI1,9,Toscana,Toscana,3729641,2361747,63.32,0.37
1082,2021-03-16,TOS,4904,1885,3019,2569,2254,81,ITI,ITI1,9,Toscana,Toscana,3729641,2366651,63.46,0.13
1083,2021-02-27,TOS,1984,756,1228,1006,902,76,ITI,ITI1,9,Toscana,Toscana,3729641,2368635,63.51,0.05
1084,2021-01-18,TOS,1120,637,483,972,98,50,ITI,ITI1,9,Toscana,Toscana,3729641,2369755,63.54,0.03
1085,2021-02-01,TOS,5514,1959,3555,510,4994,10,ITI,ITI1,9,Toscana,Toscana,3729641,2375269,63.69,0.15
1086,2021-06-30,TOS,38282,18522,19760,8466,29599,217,ITI,ITI1,9,Toscana,Toscana,3729641,2413551,64.71,1.03
1087,2021-02-14,TOS,9001,2570,6431,8738,110,153,ITI,ITI1,9,Toscana,Toscana,3729641,2422552,64.95,0.24
1088,2021-05-25,TOS,34207,16515,17692,19292,14642,273,ITI,ITI1,9,Toscana,Toscana,3729641,2456759,65.87,0.92
1089,2021-03-29,TOS,9698,4849,4849,9213,351,134,ITI,ITI1,9,Toscana,Toscana,3729641,2466457,66.13,0.26
1090,2021-05-27,TOS,28379,13210,15169,13279,14878,222,ITI,ITI1,9,Toscana,Toscana,3729641,2494836,66.89,0.76
1091,2021-02-06,TOS,4529,1551,2978,1261,3236,32,ITI,ITI1,9,Toscana,Toscana,3729641,2499365,67.01,0.12
1092,2021-07-17,TOS,27753,14341,13412,8962,18550,241,ITI,ITI1,9,Toscana,Toscana,3729641,2527118,67.76,0.74
1093,2021-06-11,TOS,29757,15499,14258,24731,4660,366,ITI,ITI1,9,Toscana,Toscana,3729641,2556875,68.56,0.8
1094,2021-01-03,TOS,3337,1052,2285,3291,0,46,ITI,ITI1,9,Toscana,Toscana,3729641,2560212,68.64,0.09
1095,2021-02-15,TOS,8771,3377,5394,7772,826,173,ITI,ITI1,9,Toscana,Toscana,3729641,2568983,68.88,0.24
1096,2021-02-22,TOS,9821,4255,5566,9166,278,377,ITI,ITI1,9,Toscana,Toscana,3729641,2578804,69.14,0.26
1097,2021-04-15,TOS,24491,10237,14254,15343,8617,531,ITI,ITI1,9,Toscana,Toscana,3729641,2603295,69.8,0.66
1098,2021-02-17,TOS,8178,3171,5007,7300,754,124,ITI,ITI1,9,Toscana,Toscana,3729641,2611473,70.02,0.22
1099,2021-07-24,TOS,38448,19371,19077,6851,31367,230,ITI,ITI1,9,Toscana,Toscana,3729641,2649921,71.05,1.03
1100,2021-05-28,TOS,30148,13957,16191,17431,12489,228,ITI,ITI1,9,Toscana,Toscana,3729641,2680069,71.86,0.81
1101,2021-04-22,TOS,35776,15313,20463,17402,17546,828,ITI,ITI1,9,Toscana,Toscana,3729641,2715845,72.82,0.96
1102,2021-02-24,TOS,10374,4467,5907,10036,198,140,ITI,ITI1,9,Toscana,Toscana,3729641,2726219,73.1,0.28
1103,2021-07-31,TOS,35836,19211,16625,12373,23016,447,ITI,ITI1,9,Toscana,Toscana,3729641,2762055,74.06,0.96
1104,2021-07-12,TOS,28280,14002,14278,9664,18313,303,ITI,ITI1,9,Toscana,Toscana,3729641,2790335,74.82,0.76
1105,2021-04-01,TOS,27149,11261,15888,16183,10725,241,ITI,ITI1,9,Toscana,Toscana,3729641,2817484,75.54,0.73
1106,2021-03-15,TOS,8711,3658,5053,4088,4448,175,ITI,ITI1,9,Toscana,Toscana,3729641,2826195,75.78,0.23
1107,2021-06-23,TOS,31570,15304,16266,19823,11385,362,ITI,ITI1,9,Toscana,Toscana,3729641,2857765,76.62,0.85
1108,2021-06-07,TOS,34969,17159,17810,30974,3648,347,ITI,ITI1,9,Toscana,Toscana,3729641,2892734,77.56,0.94
1109,2021-05-21,TOS,28954,13500,15454,17227,11470,257,ITI,ITI1,9,Toscana,Toscana,3729641,2921688,78.34,0.78
1110,2021-03-01,TOS,4474,1734,2740,765,3642,67,ITI,ITI1,9,Toscana,Toscana,3729641,2926162,78.46,0.12
1111,2021-05-08,TOS,29185,13130,16055,13266,15518,401,ITI,ITI1,9,Toscana,Toscana,3729641,2955347,79.24,0.78
1112,2021-03-12,TOS,16994,6627,10367,13270,3531,193,ITI,ITI1,9,Toscana,Toscana,3729641,2972341,79.7,0.46
1113,2021-08-16,TOS,29982,15741,14241,16589,12691,702,ITI,ITI1,9,Toscana,Toscana,3729641,3002323,80.5,0.8
1114,2021-01-14,TOS,3255,1179,2076,3219,0,36,ITI,ITI1,9,Toscana,Toscana,3729641,3005578,80.59,0.09
1115,2021-06-20,TOS,25189,12490,12699,15425,9522,242,ITI,ITI1,9,Toscana,Toscana,3729641,3030767,81.26,0.68
1116,2021-04-24,TOS,13448,6174,7274,5619,7460,369,ITI,ITI1,9,Toscana,Toscana,3729641,3044215,81.62,0.36
1117,2021-02-03,TOS,4226,1452,2774,236,3986,4,ITI,ITI1,9,Toscana,Toscana,3729641,3048441,81.74,0.11
1118,2021-01-15,TOS,3879,1348,2531,3819,0,60,ITI,ITI1,9,Toscana,Toscana,3729641,3052320,81.84,0.1
1119,2021-06-18,TOS,30826,16267,14559,25008,5405,413,ITI,ITI1,9,Toscana,Toscana,3729641,3083146,82.67,0.83
1120,2021-03-25,TOS,23982,10413,13569,15313,8407,262,ITI,ITI1,9,Toscana,Toscana,3729641,3107128,83.31,0.64
1121,2021-04-12,TOS,2624,1193,1431,1799,656,169,ITI,ITI1,9,Toscana,Toscana,3729641,3109752,83.38,0.07
1122,2021-07-21,TOS,38510,19655,18855,7348,30928,234,ITI,ITI1,9,Toscana,Toscana,3729641,3148262,84.41,1.03
1123,2021-05-13,TOS,35196,15547,19649,13204,21351,641,ITI,ITI1,9,Toscana,Toscana,3729641,3183458,85.36,0.94
1124,2021-08-04,TOS,34798,18006,16792,11319,23064,415,ITI,ITI1,9,Toscana,Toscana,3729641,3218256,86.29,0.93
1125,2021-04-29,TOS,39379,17741,21638,18562,20155,662,ITI,ITI1,9,Toscana,Toscana,3729641,3257635,87.34,1.06
1126,2021-03-24,TOS,20045,8317,11728,10415,9486,144,ITI,ITI1,9,Toscana,Toscana,3729641,3277680,87.88,0.54
1127,2021-02-21,TOS,5104,2088,3016,4730,170,204,ITI,ITI1,9,Toscana,Toscana,3729641,3282784,88.02,0.14
1128,2021-06-01,TOS,26960,13397,13563,22872,3837,251,ITI,ITI1,9,Toscana,Toscana,3729641,3309744,88.74,0.72
1129,2021-07-02,TOS,28313,14210,14103,10815,17201,297,ITI,ITI1,9,Toscana,Toscana,3729641,3338057,89.5,0.76
1130,2021-06-15,TOS,31233,16076,15157,26312,4574,347,ITI,ITI1,9,Toscana,Toscana,3729641,3369290,90.34,0.84
1131,2021-03-10,TOS,18373,7408,10965,14268,3998,107,ITI,ITI1,9,Toscana,Toscana,3729641,3387663,90.83,0.49
1132,2021-04-27,TOS,10376,4927,5449,3666,6506,204,ITI,ITI1,9,Toscana,Toscana,3729641,3398039,91.11,0.28
1133,2021-07-19,TOS,38037,18959,19078,8814,28933,290,ITI,ITI1,9,Toscana,Toscana,3729641,3436076,92.13,1.02
1134,2021-01-17,TOS,2536,871,1665,1987,514,35,ITI,ITI1,9,Toscana,Toscana,3729641,3438612,92.2,0.07
1135,2021-01-10,TOS,3002,1105,1897,2947,0,55,ITI,ITI1,9,Toscana,Toscana,3729641,3441614,92.28,0.08
1136,2021-04-20,TOS,18161,8109,10052,12209,5588,364,ITI,ITI1,9,Toscana,Toscana,3729641,3459775,92.76,0.49
1137,2021-04-03,TOS,15017,6646,8371,13675,1126,216,ITI,ITI1,9,Toscana,Toscana,3729641,3474792,93.17,0.4
1138,2021-01-27,TOS,4837,1575,3262,200,4632,5,ITI,ITI1,9,Toscana,Toscana,3729641,3479629,93.3,0.13
1139,2021-03-17,TOS,11431,4593,6838,6801,4537,93,ITI,ITI1,9,Toscana,Toscana,3729641,3491060,93.6,0.31
1140,2021-06-04,TOS,28339,13450,14889,20266,7806,267,ITI,ITI1,9,Toscana,Toscana,3729641,3519399,94.36,0.76
1141,2021-04-08,TOS,29764,12595,17169,22943,6453,368,ITI,ITI1,9,Toscana,Toscana,3729641,3549163,95.16,0.8
1142,2021-03-03,TOS,18233,6540,11693,14496,3609,128,ITI,ITI1,9,Toscana,Toscana,3729641,3567396,95.65,0.49
1143,2021-01-05,TOS,5249,1755,3494,5193,0,56,ITI,ITI1,9,Toscana,Toscana,3729641,3572645,95.79,0.14
1144,2021-03-31,TOS,32784,13285,19499,20197,12245,342,ITI,ITI1,9,Toscana,Toscana,3729641,3605429,96.67,0.88
1145,2021-07-09,TOS,29138,14114,15024,7695,21249,194,ITI,ITI1,9,Toscana,Toscana,3729641,3634567,97.45,0.78
1146,2021-03-22,TOS,5260,2770,2490,4676,447,137,ITI,ITI1,9,Toscana,Toscana,3729641,3639827,97.59,0.14
1147,2021-02-02,TOS,3744,1476,2268,188,3549,7,ITI,ITI1,9,Toscana,Toscana,3729641,3643571,97.69,0.1
1148,2021-07-05,TOS,30529,15092,15437,10345,19953,231,ITI,ITI1,9,Toscana,Toscana,3729641,3674100,98.51,0.82
1149,2021-03-08,TOS,6713,2950,3763,1841,4825,47,ITI,ITI1,9,Toscana,Toscana,3729641,3680813,98.69,0.18
1150,2021-06-16,TOS,31796,16277,15519,26287,5187,322,ITI,ITI1,9,Toscana,Toscana,3729641,3712609,99.54,0.85
1151,2021-05-30,TOS,28705,13958,14747,21510,6953,242,ITI,ITI1,9,Toscana,Toscana,3729641,3741314,100.31,0.77
1152,2021-07-04,TOS,31543,15317,16226,9365,21881,297,ITI,ITI1,9,Toscana,Toscana,3729641,3772857,101.16,0.85
1153,2020-12-31,TOS,802,201,601,798,0,4,ITI,ITI1,9,Toscana,Toscana,3729641,3773659,101.18,0.02
1154,2021-04-10,TOS,11753,5368,6385,10772,743,238,ITI,ITI1,9,Toscana,Toscana,3729641,3785412,101.5,0.32
1155,2021-08-23,TOS,22731,11806,10925,11474,10529,728,ITI,ITI1,9,Toscana,Toscana,3729641,3808143,102.1,0.61
1156,2021-06-25,TOS,33649,16828,16821,12113,21255,281,ITI,ITI1,9,Toscana,Toscana,3729641,3841792,103.01,0.9
1157,2021-06-08,TOS,32610,16728,15882,31737,491,382,ITI,ITI1,9,Toscana,Toscana,3729641,3874402,103.88,0.87
1158,2021-02-26,TOS,10092,3841,6251,8662,1211,219,ITI,ITI1,9,Toscana,Toscana,3729641,3884494,104.15,0.27
1159,2021-06-06,TOS,28327,13664,14663,22591,5370,366,ITI,ITI1,9,Toscana,Toscana,3729641,3912821,104.91,0.76
1160,2021-05-23,TOS,28437,13672,14765,25607,2561,269,ITI,ITI1,9,Toscana,Toscana,3729641,3941258,105.67,0.76
1161,2021-08-14,TOS,22367,12206,10161,10449,11503,415,ITI,ITI1,9,Toscana,Toscana,3729641,3963625,106.27,0.6
1162,2021-08-12,TOS,25830,13436,12394,14302,10885,643,ITI,ITI1,9,Toscana,Toscana,3729641,3989455,106.97,0.69
1163,2021-07-26,TOS,38293,19863,18430,10085,27901,307,ITI,ITI1,9,Toscana,Toscana,3729641,4027748,107.99,1.03
1164,2021-02-10,TOS,4268,1285,2983,3587,525,156,ITI,ITI1,9,Toscana,Toscana,3729641,4032016,108.11,0.11
1165,2021-05-04,TOS,18328,8219,10109,12416,5466,446,ITI,ITI1,9,Toscana,Toscana,3729641,4050344,108.6,0.49
1166,2021-06-27,TOS,33307,16079,17228,5917,27257,133,ITI,ITI1,9,Toscana,Toscana,3729641,4083651,109.49,0.89
1167,2021-05-01,TOS,23342,10072,13270,13729,9228,385,ITI,ITI1,9,Toscana,Toscana,3729641,4106993,110.12,0.63
1168,2021-03-05,TOS,16884,6691,10193,11943,4760,181,ITI,ITI1,9,Toscana,Toscana,3729641,4123877,110.57,0.45
1169,2021-08-09,TOS,28955,14705,14250,18493,9754,708,ITI,ITI1,9,Toscana,Toscana,3729641,4152832,111.35,0.78
1170,2021-06-13,TOS,24621,12354,12267,22604,1659,358,ITI,ITI1,9,Toscana,Toscana,3729641,4177453,112.01,0.66
1171,2021-02-19,TOS,8293,2952,5341,7600,513,180,ITI,ITI1,9,Toscana,Toscana,3729641,4185746,112.23,0.22
1172,2021-02-12,TOS,7619,2694,4925,7293,213,113,ITI,ITI1,9,Toscana,Toscana,3729641,4193365,112.43,0.2
1173,2021-07-28,TOS,38565,20159,18406,12108,26119,338,ITI,ITI1,9,Toscana,Toscana,3729641,4231930,113.47,1.03
1174,2021-01-19,TOS,1105,532,573,1063,0,42,ITI,ITI1,9,Toscana,Toscana,3729641,4233035,113.5,0.03
1175,2021-01-26,TOS,5399,1794,3605,209,5186,4,ITI,ITI1,9,Toscana,Toscana,3729641,4238434,113.64,0.14
1176,2021-05-06,TOS,31434,13673,17761,13457,17283,694,ITI,ITI1,9,Toscana,Toscana,3729641,4269868,114.48,0.84
1177,2021-04-19,TOS,9105,4516,4589,7754,1034,317,ITI,ITI1,9,Toscana,Toscana,3729641,4278973,114.73,0.24
1178,2021-04-17,TOS,20578,9229,11349,17945,2143,490,ITI,ITI1,9,Toscana,Toscana,3729641,4299551,115.28,0.55
1179,2021-01-24,TOS,3349,1072,2277,196,3150,3,ITI,ITI1,9,Toscana,Toscana,3729641,4302900,115.37,0.09
1180,2021-01-07,TOS,6018,1751,4267,5932,0,86,ITI,ITI1,9,Toscana,Toscana,3729641,4308918,115.53,0.16
1181,2021-08-11,TOS,26982,14148,12834,16891,9360,731,ITI,ITI1,9,Toscana,Toscana,3729641,4335900,116.26,0.72
1182,2021-01-12,TOS,3583,1398,2185,3510,0,73,ITI,ITI1,9,Toscana,Toscana,3729641,4339483,116.35,0.1
1183,2021-03-04,TOS,17869,6964,10905,14627,3085,157,ITI,ITI1,9,Toscana,Toscana,3729641,4357352,116.83,0.48
1184,2021-08-17,TOS,25952,14003,11949,11442,14015,495,ITI,ITI1,9,Toscana,Toscana,3729641,4383304,117.53,0.7
1185,2021-06-21,TOS,31211,15501,15710,18146,12801,264,ITI,ITI1,9,Toscana,Toscana,3729641,4414515,118.36,0.84
1186,2021-01-06,TOS,4519,1460,3059,4467,0,52,ITI,ITI1,9,Toscana,Toscana,3729641,4419034,118.48,0.12
1187,2021-03-11,TOS,15972,6389,9583,12416,3373,183,ITI,ITI1,9,Toscana,Toscana,3729641,4435006,118.91,0.43
1188,2021-06-19,TOS,26525,13931,12594,21396,4791,338,ITI,ITI1,9,Toscana,Toscana,3729641,4461531,119.62,0.71
1189,2021-02-05,TOS,5751,2245,3506,1888,3829,34,ITI,ITI1,9,Toscana,Toscana,3729641,4467282,119.78,0.15
1190,2021-05-16,TOS,26691,12895,13796,23925,2470,296,ITI,ITI1,9,Toscana,Toscana,3729641,4493973,120.49,0.72
1191,2021-05-11,TOS,27968,12994,14974,12102,15487,379,ITI,ITI1,9,Toscana,Toscana,3729641,4521941,121.24,0.75
1192,2021-08-19,TOS,24168,12822,11346,11904,11638,626,ITI,ITI1,9,Toscana,Toscana,3729641,4546109,121.89,0.65
1193,2021-03-13,TOS,9291,3311,5980,5171,3966,154,ITI,ITI1,9,Toscana,Toscana,3729641,4555400,122.14,0.25
1194,2021-07-14,TOS,28937,14286,14651,8612,20070,255,ITI,ITI1,9,Toscana,Toscana,3729641,4584337,122.92,0.78
1195,2021-01-29,TOS,6150,1702,4448,290,5848,12,ITI,ITI1,9,Toscana,Toscana,3729641,4590487,123.08,0.16
1196,2021-05-09,TOS,22550,9781,12769,9413,12876,261,ITI,ITI1,9,Toscana,Toscana,3729641,4613037,123.69,0.6
1197,2021-08-26,TOS,18467,9683,8784,9433,8320,714,ITI,ITI1,9,Toscana,Toscana,3729641,4631504,124.18,0.5
1198,2021-07-16,TOS,27679,14046,13633,7700,19725,254,ITI,ITI1,9,Toscana,Toscana,3729641,4659183,124.92,0.74
1199,2021-05-20,TOS,29780,13924,15856,18641,10855,284,ITI,ITI1,9,Toscana,Toscana,3729641,4688963,125.72,0.8
1200,2021-01-31,TOS,3052,1131,1921,100,2949,3,ITI,ITI1,9,Toscana,Toscana,3729641,4692015,125.8,0.08
1201,2021-04-05,TOS,15289,6826,8463,14370,739,180,ITI,ITI1,9,Toscana,Toscana,3729641,4707304,126.21,0.41
1202,2021-02-07,TOS,2810,955,1855,864,1926,20,ITI,ITI1,9,Toscana,Toscana,3729641,4710114,126.29,0.08
1203,2021-07-23,TOS,38453,19303,19150,4388,33908,157,ITI,ITI1,9,Toscana,Toscana,3729641,4748567,127.32,1.03
1204,2021-05-18,TOS,28845,14279,14566,19761,8830,254,ITI,ITI1,9,Toscana,Toscana,3729641,4777412,128.09,0.77
1205,2021-01-27,VDA,156,75,81,80,76,0,ITC,ITC2,2,Valle d'Aosta / Vallée d'Aoste,Valle d'Aosta,125666,156,0.12,0.12
1206,2021-04-20,VDA,935,430,505,709,194,32,ITC,ITC2,2,Valle d'Aosta / Vallée d'Aoste,Valle d'Aosta,125666,1091,0.87,0.74
1207,2021-01-10,VDA,220,71,149,212,0,8,ITC,ITC2,2,Valle d'Aosta / Vallée d'Aoste,Valle d'Aosta,125666,1311,1.04,0.18
1208,2020-12-27,VDA,20,9,11,20,0,0,ITC,ITC2,2,Valle d'Aosta / Vallée d'Aoste,Valle d'Aosta,125666,1331,1.06,0.02
1209,2021-02-05,VDA,296,103,193,102,194,0,ITC,ITC2,2,Valle d'Aosta / Vallée d'Aoste,Valle d'Aosta,125666,1627,1.29,0.24
1210,2021-02-22,VDA,317,94,223,210,104,3,ITC,ITC2,2,Valle d'Aosta / Vallée d'Aoste,Valle d'Aosta,125666,1944,1.55,0.25
1211,2021-05-16,VDA,690,342,348,340,342,8,ITC,ITC2,2,Valle d'Aosta / Vallée d'Aoste,Valle d'Aosta,125666,2634,2.1,0.55
1212,2021-08-07,VDA,739,433,306,304,421,14,ITC,ITC2,2,Valle d'Aosta / Vallée d'Aoste,Valle d'Aosta,125666,3373,2.68,0.59
1213,2021-07-12,VDA,979,483,496,238,733,8,ITC,ITC2,2,Valle d'Aosta / Vallée d'Aoste,Valle d'Aosta,125666,4352,3.46,0.78
1214,2021-04-03,VDA,676,341,335,649,15,12,ITC,ITC2,2,Valle d'Aosta / Vallée d'Aoste,Valle d'Aosta,125666,5028,4.0,0.54
1215,2021-03-20,VDA,209,87,122,168,36,5,ITC,ITC2,2,Valle d'Aosta / Vallée d'Aoste,Valle d'Aosta,125666,5237,4.17,0.17
1216,2021-06-28,VDA,989,497,492,328,658,3,ITC,ITC2,2,Valle d'Aosta / Vallée d'Aoste,Valle d'Aosta,125666,6226,4.95,0.79
1217,2021-06-11,VDA,1048,484,564,755,283,10,ITC,ITC2,2,Valle d'Aosta / Vallée d'Aoste,Valle d'Aosta,125666,7274,5.79,0.83
1218,2021-04-15,VDA,814,378,436,641,140,33,ITC,ITC2,2,Valle d'Aosta / Vallée d'Aoste,Valle d'Aosta,125666,8088,6.44,0.65
1219,2021-07-07,VDA,793,440,353,413,363,17,ITC,ITC2,2,Valle d'Aosta / Vallée d'Aoste,Valle d'Aosta,125666,8881,7.07,0.63
1220,2021-07-24,VDA,1018,535,483,329,683,6,ITC,ITC2,2,Valle d'Aosta / Vallée d'Aoste,Valle d'Aosta,125666,9899,7.88,0.81
1221,2021-05-30,VDA,865,429,436,682,171,12,ITC,ITC2,2,Valle d'Aosta / Vallée d'Aoste,Valle d'Aosta,125666,10764,8.57,0.69
1222,2021-07-26,VDA,1005,512,493,314,686,5,ITC,ITC2,2,Valle d'Aosta / Vallée d'Aoste,Valle d'Aosta,125666,11769,9.37,0.8
1223,2021-05-28,VDA,977,415,562,545,413,19,ITC,ITC2,2,Valle d'Aosta / Vallée d'Aoste,Valle d'Aosta,125666,12746,10.14,0.78
1224,2021-02-17,VDA,329,146,183,224,101,4,ITC,ITC2,2,Valle d'Aosta / Vallée d'Aoste,Valle d'Aosta,125666,13075,10.4,0.26
1225,2021-05-02,VDA,765,345,420,581,160,24,ITC,ITC2,2,Valle d'Aosta / Vallée d'Aoste,Valle d'Aosta,125666,13840,11.01,0.61
1226,2021-01-22,VDA,58,22,36,22,36,0,ITC,ITC2,2,Valle d'Aosta / Vallée d'Aoste,Valle d'Aosta,125666,13898,11.06,0.05
1227,2021-01-08,VDA,301,131,170,301,0,0,ITC,ITC2,2,Valle d'Aosta / Vallée d'Aoste,Valle d'Aosta,125666,14199,11.3,0.24
1228,2021-03-06,VDA,22,4,18,18,0,4,ITC,ITC2,2,Valle d'Aosta / Vallée d'Aoste,Valle d'Aosta,125666,14221,11.32,0.02
1229,2021-03-08,VDA,488,233,255,240,245,3,ITC,ITC2,2,Valle d'Aosta / Vallée d'Aoste,Valle d'Aosta,125666,14709,11.7,0.39
1230,2021-08-12,VDA,375,204,171,117,248,10,ITC,ITC2,2,Valle d'Aosta / Vallée d'Aoste,Valle d'Aosta,125666,15084,12.0,0.3
1231,2021-05-04,VDA,1136,511,625,434,674,28,ITC,ITC2,2,Valle d'Aosta / Vallée d'Aoste,Valle d'Aosta,125666,16220,12.91,0.9
1232,2021-06-16,VDA,1062,565,497,664,394,4,ITC,ITC2,2,Valle d'Aosta / Vallée d'Aoste,Valle d'Aosta,125666,17282,13.75,0.85
1233,2021-03-15,VDA,387,141,246,175,203,9,ITC,ITC2,2,Valle d'Aosta / Vallée d'Aoste,Valle d'Aosta,125666,17669,14.06,0.31
1234,2021-08-19,VDA,265,158,107,70,180,15,ITC,ITC2,2,Valle d'Aosta / Vallée d'Aoste,Valle d'Aosta,125666,17934,14.27,0.21
1235,2021-05-11,VDA,649,326,323,471,150,28,ITC,ITC2,2,Valle d'Aosta / Vallée d'Aoste,Valle d'Aosta,125666,18583,14.79,0.52
1236,2021-04-27,VDA,979,424,555,651,292,36,ITC,ITC2,2,Valle d'Aosta / Vallée d'Aoste,Valle d'Aosta,125666,19562,15.57,0.78
1237,2021-01-17,VDA,131,56,75,131,0,0,ITC,ITC2,2,Valle d'Aosta / Vallée d'Aoste,Valle d'Aosta,125666,19693,15.67,0.1
1238,2021-06-23,VDA,1044,551,493,422,617,5,ITC,ITC2,2,Valle d'Aosta / Vallée d'Aoste,Valle d'Aosta,125666,20737,16.5,0.83
1239,2021-02-03,VDA,354,116,238,15,339,0,ITC,ITC2,2,Valle d'Aosta / Vallée d'Aoste,Valle d'Aosta,125666,21091,16.78,0.28
1240,2021-04-01,VDA,778,394,384,747,12,19,ITC,ITC2,2,Valle d'Aosta / Vallée d'Aoste,Valle d'Aosta,125666,21869,17.4,0.62
1241,2021-06-09,VDA,1050,558,492,1007,35,8,ITC,ITC2,2,Valle d'Aosta / Vallée d'Aoste,Valle d'Aosta,125666,22919,18.24,0.84
1242,2021-03-01,VDA,181,66,115,139,34,8,ITC,ITC2,2,Valle d'Aosta / Vallée d'Aoste,Valle d'Aosta,125666,23100,18.38,0.14
1243,2021-02-15,VDA,264,136,128,225,35,4,ITC,ITC2,2,Valle d'Aosta / Vallée d'Aoste,Valle d'Aosta,125666,23364,18.59,0.21
1244,2021-06-04,VDA,910,385,525,468,435,7,ITC,ITC2,2,Valle d'Aosta / Vallée d'Aoste,Valle d'Aosta,125666,24274,19.32,0.72
1245,2021-08-26,VDA,342,167,175,82,253,7,ITC,ITC2,2,Valle d'Aosta / Vallée d'Aoste,Valle d'Aosta,125666,24616,19.59,0.27
1246,2021-07-23,VDA,973,485,488,361,607,5,ITC,ITC2,2,Valle d'Aosta / Vallée d'Aoste,Valle d'Aosta,125666,25589,20.36,0.77
1247,2021-05-23,VDA,999,465,534,653,340,6,ITC,ITC2,2,Valle d'Aosta / Vallée d'Aoste,Valle d'Aosta,125666,26588,21.16,0.79
1248,2021-01-29,VDA,321,139,182,2,319,0,ITC,ITC2,2,Valle d'Aosta / Vallée d'Aoste,Valle d'Aosta,125666,26909,21.41,0.26
1249,2021-04-22,VDA,1068,450,618,652,383,33,ITC,ITC2,2,Valle d'Aosta / Vallée d'Aoste,Valle d'Aosta,125666,27977,22.26,0.85
1250,2021-05-09,VDA,574,287,287,425,130,19,ITC,ITC2,2,Valle d'Aosta / Vallée d'Aoste,Valle d'Aosta,125666,28551,22.72,0.46
1251,2021-07-31,VDA,889,464,425,317,558,14,ITC,ITC2,2,Valle d'Aosta / Vallée d'Aoste,Valle d'Aosta,125666,29440,23.43,0.71
1252,2021-04-13,VDA,373,171,202,311,44,18,ITC,ITC2,2,Valle d'Aosta / Vallée d'Aoste,Valle d'Aosta,125666,29813,23.72,0.3
1253,2021-07-05,VDA,835,356,479,313,509,13,ITC,ITC2,2,Valle d'Aosta / Vallée d'Aoste,Valle d'Aosta,125666,30648,24.39,0.66
1254,2021-03-27,VDA,337,166,171,292,31,14,ITC,ITC2,2,Valle d'Aosta / Vallée d'Aoste,Valle d'Aosta,125666,30985,24.66,0.27
1255,2021-06-18,VDA,1000,443,557,587,400,13,ITC,ITC2,2,Valle d'Aosta / Vallée d'Aoste,Valle d'Aosta,125666,31985,25.45,0.8
1256,2021-08-14,VDA,465,256,209,135,314,16,ITC,ITC2,2,Valle d'Aosta / Vallée d'Aoste,Valle d'Aosta,125666,32450,25.82,0.37
1257,2021-03-13,VDA,147,88,59,141,0,6,ITC,ITC2,2,Valle d'Aosta / Vallée d'Aoste,Valle d'Aosta,125666,32597,25.94,0.12
1258,2021-01-15,VDA,220,83,137,220,0,0,ITC,ITC2,2,Valle d'Aosta / Vallée d'Aoste,Valle d'Aosta,125666,32817,26.11,0.18
1259,2021-02-10,VDA,248,77,171,141,107,0,ITC,ITC2,2,Valle d'Aosta / Vallée d'Aoste,Valle d'Aosta,125666,33065,26.31,0.2
1260,2021-03-25,VDA,389,154,235,364,10,15,ITC,ITC2,2,Valle d'Aosta / Vallée d'Aoste,Valle d'Aosta,125666,33454,26.62,0.31
1261,2021-05-21,VDA,933,443,490,517,401,15,ITC,ITC2,2,Valle d'Aosta / Vallée d'Aoste,Valle d'Aosta,125666,34387,27.36,0.74
1262,2021-04-17,VDA,638,407,231,593,2,43,ITC,ITC2,2,Valle d'Aosta / Vallée d'Aoste,Valle d'Aosta,125666,35025,27.87,0.51
1263,2021-01-07,VDA,280,113,167,280,0,0,ITC,ITC2,2,Valle d'Aosta / Vallée d'Aoste,Valle d'Aosta,125666,35305,28.09,0.22
1264,2021-06-30,VDA,1120,543,577,416,695,9,ITC,ITC2,2,Valle d'Aosta / Vallée d'Aoste,Valle d'Aosta,125666,36425,28.99,0.89
1265,2021-07-19,VDA,878,460,418,255,618,5,ITC,ITC2,2,Valle d'Aosta / Vallée d'Aoste,Valle d'Aosta,125666,37303,29.68,0.7
1266,2021-02-24,VDA,185,84,101,163,21,1,ITC,ITC2,2,Valle d'Aosta / Vallée d'Aoste,Valle d'Aosta,125666,37488,29.83,0.15
1267,2021-04-08,VDA,585,282,303,419,144,22,ITC,ITC2,2,Valle d'Aosta / Vallée d'Aoste,Valle d'Aosta,125666,38073,30.3,0.47
1268,2021-06-13,VDA,856,403,453,371,482,3,ITC,ITC2,2,Valle d'Aosta / Vallée d'Aoste,Valle d'Aosta,125666,38929,30.98,0.68
1269,2021-05-25,VDA,1117,532,585,530,575,12,ITC,ITC2,2,Valle d'Aosta / Vallée d'Aoste,Valle d'Aosta,125666,40046,31.87,0.89
1270,2021-02-14,VDA,48,16,32,1,47,0,ITC,ITC2,2,Valle d'Aosta / Vallée d'Aoste,Valle d'Aosta,125666,40094,31.91,0.04
1271,2021-05-08,VDA,908,543,365,498,382,28,ITC,ITC2,2,Valle d'Aosta / Vallée d'Aoste,Valle d'Aosta,125666,41002,32.63,0.72
1272,2021-08-16,VDA,418,207,211,125,276,17,ITC,ITC2,2,Valle d'Aosta / Vallée d'Aoste,Valle d'Aosta,125666,41420,32.96,0.33
1273,2021-01-19,VDA,256,77,179,256,0,0,ITC,ITC2,2,Valle d'Aosta / Vallée d'Aoste,Valle d'Aosta,125666,41676,33.16,0.2
1274,2021-04-12,VDA,487,187,300,305,164,18,ITC,ITC2,2,Valle d'Aosta / Vallée d'Aoste,Valle d'Aosta,125666,42163,33.55,0.39
1275,2021-04-29,VDA,1293,636,657,740,532,21,ITC,ITC2,2,Valle d'Aosta / Vallée d'Aoste,Valle d'Aosta,125666,43456,34.58,1.03
1276,2021-07-21,VDA,1168,638,530,312,849,7,ITC,ITC2,2,Valle d'Aosta / Vallée d'Aoste,Valle d'Aosta,125666,44624,35.51,0.93
1277,2021-07-04,VDA,1192,530,662,349,829,14,ITC,ITC2,2,Valle d'Aosta / Vallée d'Aoste,Valle d'Aosta,125666,45816,36.46,0.95
1278,2021-03-17,VDA,437,185,252,259,164,14,ITC,ITC2,2,Valle d'Aosta / Vallée d'Aoste,Valle d'Aosta,125666,46253,36.81,0.35
1279,2021-03-03,VDA,258,119,139,182,71,5,ITC,ITC2,2,Valle d'Aosta / Vallée d'Aoste,Valle d'Aosta,125666,46511,37.01,0.21
1280,2021-07-16,VDA,1077,554,523,345,731,1,ITC,ITC2,2,Valle d'Aosta / Vallée d'Aoste,Valle d'Aosta,125666,47588,37.87,0.86
1281,2021-01-26,VDA,149,52,97,2,147,0,ITC,ITC2,2,Valle d'Aosta / Vallée d'Aoste,Valle d'Aosta,125666,47737,37.99,0.12
1282,2021-02-19,VDA,292,102,190,266,24,2,ITC,ITC2,2,Valle d'Aosta / Vallée d'Aoste,Valle d'Aosta,125666,48029,38.22,0.23
1283,2021-08-04,VDA,1045,571,474,371,657,17,ITC,ITC2,2,Valle d'Aosta / Vallée d'Aoste,Valle d'Aosta,125666,49074,39.05,0.83
1284,2021-01-05,VDA,151,55,96,151,0,0,ITC,ITC2,2,Valle d'Aosta / Vallée d'Aoste,Valle d'Aosta,125666,49225,39.17,0.12
1285,2021-01-14,VDA,237,69,168,237,0,0,ITC,ITC2,2,Valle d'Aosta / Vallée d'Aoste,Valle d'Aosta,125666,49462,39.36,0.19
1286,2021-08-02,VDA,760,407,353,304,446,10,ITC,ITC2,2,Valle d'Aosta / Vallée d'Aoste,Valle d'Aosta,125666,50222,39.96,0.6
1287,2021-04-24,VDA,723,401,322,534,167,22,ITC,ITC2,2,Valle d'Aosta / Vallée d'Aoste,Valle d'Aosta,125666,50945,40.54,0.58
1288,2021-07-28,VDA,1423,765,658,367,1048,8,ITC,ITC2,2,Valle d'Aosta / Vallée d'Aoste,Valle d'Aosta,125666,52368,41.67,1.13
1289,2021-04-19,VDA,753,326,427,520,209,24,ITC,ITC2,2,Valle d'Aosta / Vallée d'Aoste,Valle d'Aosta,125666,53121,42.27,0.6
1290,2021-01-16,VDA,237,80,157,237,0,0,ITC,ITC2,2,Valle d'Aosta / Vallée d'Aoste,Valle d'Aosta,125666,53358,42.46,0.19
1291,2021-06-22,VDA,1191,666,525,530,649,12,ITC,ITC2,2,Valle d'Aosta / Vallée d'Aoste,Valle d'Aosta,125666,54549,43.41,0.95
1292,2021-03-14,VDA,392,200,192,373,0,19,ITC,ITC2,2,Valle d'Aosta / Vallée d'Aoste,Valle d'Aosta,125666,54941,43.72,0.31
1293,2021-03-31,VDA,555,302,253,511,26,18,ITC,ITC2,2,Valle d'Aosta / Vallée d'Aoste,Valle d'Aosta,125666,55496,44.16,0.44
1294,2021-05-27,VDA,1093,498,595,575,506,12,ITC,ITC2,2,Valle d'Aosta / Vallée d'Aoste,Valle d'Aosta,125666,56589,45.03,0.87
1295,2021-05-13,VDA,1145,560,585,522,602,21,ITC,ITC2,2,Valle d'Aosta / Vallée d'Aoste,Valle d'Aosta,125666,57734,45.94,0.91
1296,2021-02-02,VDA,286,73,213,3,283,0,ITC,ITC2,2,Valle d'Aosta / Vallée d'Aoste,Valle d'Aosta,125666,58020,46.17,0.23
1297,2021-07-09,VDA,945,446,499,280,656,9,ITC,ITC2,2,Valle d'Aosta / Vallée d'Aoste,Valle d'Aosta,125666,58965,46.92,0.75
1298,2021-06-25,VDA,978,445,533,325,651,2,ITC,ITC2,2,Valle d'Aosta / Vallée d'Aoste,Valle d'Aosta,125666,59943,47.7,0.78
1299,2021-08-21,VDA,441,221,220,93,331,17,ITC,ITC2,2,Valle d'Aosta / Vallée d'Aoste,Valle d'Aosta,125666,60384,48.05,0.35
1300,2021-04-26,VDA,718,330,388,515,170,33,ITC,ITC2,2,Valle d'Aosta / Vallée d'Aoste,Valle d'Aosta,125666,61102,48.62,0.57
1301,2021-08-27,VDA,201,108,93,3,198,0,ITC,ITC2,2,Valle d'Aosta / Vallée d'Aoste,Valle d'Aosta,125666,61303,48.78,0.16
1302,2021-07-01,VDA,962,473,489,328,621,13,ITC,ITC2,2,Valle d'Aosta / Vallée d'Aoste,Valle d'Aosta,125666,62265,49.55,0.77
1303,2021-01-09,VDA,444,199,245,444,0,0,ITC,ITC2,2,Valle d'Aosta / Vallée d'Aoste,Valle d'Aosta,125666,62709,49.9,0.35
1304,2021-01-31,VDA,291,91,200,58,233,0,ITC,ITC2,2,Valle d'Aosta / Vallée d'Aoste,Valle d'Aosta,125666,63000,50.13,0.23
1305,2021-03-22,VDA,561,205,356,324,229,8,ITC,ITC2,2,Valle d'Aosta / Vallée d'Aoste,Valle d'Aosta,125666,63561,50.58,0.45
1306,2021-06-05,VDA,926,476,450,729,188,9,ITC,ITC2,2,Valle d'Aosta / Vallée d'Aoste,Valle d'Aosta,125666,64487,51.32,0.74
1307,2021-02-11,VDA,231,107,124,221,9,1,ITC,ITC2,2,Valle d'Aosta / Vallée d'Aoste,Valle d'Aosta,125666,64718,51.5,0.18
1308,2021-07-18,VDA,927,455,472,248,674,5,ITC,ITC2,2,Valle d'Aosta / Vallée d'Aoste,Valle d'Aosta,125666,65645,52.24,0.74
1309,2021-05-18,VDA,972,484,488,349,619,4,ITC,ITC2,2,Valle d'Aosta / Vallée d'Aoste,Valle d'Aosta,125666,66617,53.01,0.77
1310,2021-02-07,VDA,292,120,172,190,102,0,ITC,ITC2,2,Valle d'Aosta / Vallée d'Aoste,Valle d'Aosta,125666,66909,53.24,0.23
1311,2021-08-09,VDA,674,335,339,252,401,21,ITC,ITC2,2,Valle d'Aosta / Vallée d'Aoste,Valle d'Aosta,125666,67583,53.78,0.54
1312,2021-05-01,VDA,941,564,377,440,484,17,ITC,ITC2,2,Valle d'Aosta / Vallée d'Aoste,Valle d'Aosta,125666,68524,54.53,0.75
1313,2021-04-14,VDA,942,430,512,690,224,28,ITC,ITC2,2,Valle d'Aosta / Vallée d'Aoste,Valle d'Aosta,125666,69466,55.28,0.75
1314,2021-07-06,VDA,884,480,404,157,722,5,ITC,ITC2,2,Valle d'Aosta / Vallée d'Aoste,Valle d'Aosta,125666,70350,55.98,0.7
1315,2021-02-12,VDA,263,96,167,216,46,1,ITC,ITC2,2,Valle d'Aosta / Vallée d'Aoste,Valle d'Aosta,125666,70613,56.19,0.21
1316,2021-01-12,VDA,303,73,230,303,0,0,ITC,ITC2,2,Valle d'Aosta / Vallée d'Aoste,Valle d'Aosta,125666,70916,56.43,0.24
1317,2021-05-24,VDA,1138,517,621,675,447,16,ITC,ITC2,2,Valle d'Aosta / Vallée d'Aoste,Valle d'Aosta,125666,72054,57.34,0.91
1318,2021-05-10,VDA,783,382,401,534,235,14,ITC,ITC2,2,Valle d'Aosta / Vallée d'Aoste,Valle d'Aosta,125666,72837,57.96,0.62
1319,2021-08-18,VDA,687,356,331,235,433,19,ITC,ITC2,2,Valle d'Aosta / Vallée d'Aoste,Valle d'Aosta,125666,73524,58.51,0.55
1320,2021-03-29,VDA,494,233,261,449,40,5,ITC,ITC2,2,Valle d'Aosta / Vallée d'Aoste,Valle d'Aosta,125666,74018,58.9,0.39
1321,2021-06-20,VDA,1132,545,587,478,644,10,ITC,ITC2,2,Valle d'Aosta / Vallée d'Aoste,Valle d'Aosta,125666,75150,59.8,0.9
1322,2021-03-12,VDA,532,175,357,291,226,15,ITC,ITC2,2,Valle d'Aosta / Vallée d'Aoste,Valle d'Aosta,125666,75682,60.22,0.42
1323,2021-04-05,VDA,465,223,242,440,6,19,ITC,ITC2,2,Valle d'Aosta / Vallée d'Aoste,Valle d'Aosta,125666,76147,60.59,0.37
1324,2021-06-27,VDA,1253,608,645,311,931,11,ITC,ITC2,2,Valle d'Aosta / Vallée d'Aoste,Valle d'Aosta,125666,77400,61.59,1.0
1325,2021-07-14,VDA,1021,534,487,293,728,0,ITC,ITC2,2,Valle d'Aosta / Vallée d'Aoste,Valle d'Aosta,125666,78421,62.4,0.81
1326,2021-06-24,VDA,1225,631,594,380,837,8,ITC,ITC2,2,Valle d'Aosta / Vallée d'Aoste,Valle d'Aosta,125666,79646,63.38,0.97
1327,2021-07-03,VDA,936,485,451,390,537,9,ITC,ITC2,2,Valle d'Aosta / Vallée d'Aoste,Valle d'Aosta,125666,80582,64.12,0.74
1328,2021-02-08,VDA,224,83,141,25,199,0,ITC,ITC2,2,Valle d'Aosta / Vallée d'Aoste,Valle d'Aosta,125666,80806,64.3,0.18
1329,2021-03-23,VDA,380,150,230,228,135,17,ITC,ITC2,2,Valle d'Aosta / Vallée d'Aoste,Valle d'Aosta,125666,81186,64.6,0.3
1330,2021-05-19,VDA,993,498,495,411,575,7,ITC,ITC2,2,Valle d'Aosta / Vallée d'Aoste,Valle d'Aosta,125666,82179,65.39,0.79
1331,2021-05-20,VDA,1044,475,569,591,440,13,ITC,ITC2,2,Valle d'Aosta / Vallée d'Aoste,Valle d'Aosta,125666,83223,66.23,0.83
1332,2021-07-02,VDA,871,386,485,304,562,5,ITC,ITC2,2,Valle d'Aosta / Vallée d'Aoste,Valle d'Aosta,125666,84094,66.92,0.69
1333,2021-03-24,VDA,516,230,286,256,257,3,ITC,ITC2,2,Valle d'Aosta / Vallée d'Aoste,Valle d'Aosta,125666,84610,67.33,0.41
1334,2021-05-06,VDA,1083,516,567,664,385,34,ITC,ITC2,2,Valle d'Aosta / Vallée d'Aoste,Valle d'Aosta,125666,85693,68.19,0.86
1335,2021-02-16,VDA,326,53,273,309,6,11,ITC,ITC2,2,Valle d'Aosta / Vallée d'Aoste,Valle d'Aosta,125666,86019,68.45,0.26
1336,2021-04-09,VDA,238,111,127,201,33,4,ITC,ITC2,2,Valle d'Aosta / Vallée d'Aoste,Valle d'Aosta,125666,86257,68.64,0.19
1337,2021-05-22,VDA,956,505,451,545,401,10,ITC,ITC2,2,Valle d'Aosta / Vallée d'Aoste,Valle d'Aosta,125666,87213,69.4,0.76
1338,2021-07-25,VDA,1017,493,524,258,753,6,ITC,ITC2,2,Valle d'Aosta / Vallée d'Aoste,Valle d'Aosta,125666,88230,70.21,0.81
1339,2021-04-16,VDA,599,261,338,565,2,32,ITC,ITC2,2,Valle d'Aosta / Vallée d'Aoste,Valle d'Aosta,125666,88829,70.69,0.48
1340,2021-04-02,VDA,875,345,530,596,226,53,ITC,ITC2,2,Valle d'Aosta / Vallée d'Aoste,Valle d'Aosta,125666,89704,71.38,0.7
1341,2021-05-29,VDA,800,436,364,554,239,7,ITC,ITC2,2,Valle d'Aosta / Vallée d'Aoste,Valle d'Aosta,125666,90504,72.02,0.64
1342,2021-07-11,VDA,908,472,436,254,643,11,ITC,ITC2,2,Valle d'Aosta / Vallée d'Aoste,Valle d'Aosta,125666,91412,72.74,0.72
1343,2021-04-07,VDA,910,474,436,654,229,27,ITC,ITC2,2,Valle d'Aosta / Vallée d'Aoste,Valle d'Aosta,125666,92322,73.47,0.72
1344,2021-01-02,VDA,6,5,1,6,0,0,ITC,ITC2,2,Valle d'Aosta / Vallée d'Aoste,Valle d'Aosta,125666,92328,73.47,0.0
1345,2021-03-26,VDA,498,204,294,470,7,21,ITC,ITC2,2,Valle d'Aosta / Vallée d'Aoste,Valle d'Aosta,125666,92826,73.87,0.4
1346,2021-06-17,VDA,990,529,461,637,341,12,ITC,ITC2,2,Valle d'Aosta / Vallée d'Aoste,Valle d'Aosta,125666,93816,74.66,0.79
1347,2021-03-10,VDA,439,184,255,220,214,5,ITC,ITC2,2,Valle d'Aosta / Vallée d'Aoste,Valle d'Aosta,125666,94255,75.0,0.35
1348,2021-02-21,VDA,18,3,15,0,18,0,ITC,ITC2,2,Valle d'Aosta / Vallée d'Aoste,Valle d'Aosta,125666,94273,75.02,0.01
1349,2021-06-01,VDA,873,470,403,511,354,8,ITC,ITC2,2,Valle d'Aosta / Vallée d'Aoste,Valle d'Aosta,125666,95146,75.71,0.69
1350,2021-08-23,VDA,404,205,199,91,299,14,ITC,ITC2,2,Valle d'Aosta / Vallée d'Aoste,Valle d'Aosta,125666,95550,76.03,0.32
1351,2021-02-23,VDA,217,124,93,216,0,1,ITC,ITC2,2,Valle d'Aosta / Vallée d'Aoste,Valle d'Aosta,125666,95767,76.21,0.17
1352,2021-06-03,VDA,1309,669,640,882,413,14,ITC,ITC2,2,Valle d'Aosta / Vallée d'Aoste,Valle d'Aosta,125666,97076,77.25,1.04
1353,2021-08-25,VDA,681,348,333,128,527,26,ITC,ITC2,2,Valle d'Aosta / Vallée d'Aoste,Valle d'Aosta,125666,97757,77.79,0.54
1354,2021-05-17,VDA,809,417,392,365,434,10,ITC,ITC2,2,Valle d'Aosta / Vallée d'Aoste,Valle d'Aosta,125666,98566,78.43,0.64
1355,2021-02-25,VDA,202,101,101,190,8,4,ITC,ITC2,2,Valle d'Aosta / Vallée d'Aoste,Valle d'Aosta,125666,98768,78.6,0.16
1356,2021-08-05,VDA,786,406,380,282,482,22,ITC,ITC2,2,Valle d'Aosta / Vallée d'Aoste,Valle d'Aosta,125666,99554,79.22,0.63
1357,2021-01-06,VDA,66,34,32,66,0,0,ITC,ITC2,2,Valle d'Aosta / Vallée d'Aoste,Valle d'Aosta,125666,99620,79.27,0.05
1358,2021-02-18,VDA,349,153,196,256,88,5,ITC,ITC2,2,Valle d'Aosta / Vallée d'Aoste,Valle d'Aosta,125666,99969,79.55,0.28
1359,2021-07-30,VDA,965,501,464,420,525,20,ITC,ITC2,2,Valle d'Aosta / Vallée d'Aoste,Valle d'Aosta,125666,100934,80.32,0.77
1360,2021-04-21,VDA,869,410,459,588,249,32,ITC,ITC2,2,Valle d'Aosta / Vallée d'Aoste,Valle d'Aosta,125666,101803,81.01,0.69
1361,2021-07-13,VDA,1061,567,494,307,748,6,ITC,ITC2,2,Valle d'Aosta / Vallée d'Aoste,Valle d'Aosta,125666,102864,81.86,0.84
1362,2021-03-21,VDA,359,168,191,350,0,9,ITC,ITC2,2,Valle d'Aosta / Vallée d'Aoste,Valle d'Aosta,125666,103223,82.14,0.29
1363,2021-06-29,VDA,782,390,392,236,543,3,ITC,ITC2,2,Valle d'Aosta / Vallée d'Aoste,Valle d'Aosta,125666,104005,82.76,0.62
1364,2021-06-10,VDA,1057,610,447,1008,41,8,ITC,ITC2,2,Valle d'Aosta / Vallée d'Aoste,Valle d'Aosta,125666,105062,83.6,0.84
1365,2021-03-02,VDA,340,166,174,291,3,46,ITC,ITC2,2,Valle d'Aosta / Vallée d'Aoste,Valle d'Aosta,125666,105402,83.87,0.27
1366,2021-01-11,VDA,328,113,215,328,0,0,ITC,ITC2,2,Valle d'Aosta / Vallée d'Aoste,Valle d'Aosta,125666,105730,84.14,0.26
1367,2021-04-04,VDA,572,253,319,550,0,22,ITC,ITC2,2,Valle d'Aosta / Vallée d'Aoste,Valle d'Aosta,125666,106302,84.59,0.46
1368,2021-08-01,VDA,842,445,397,286,547,9,ITC,ITC2,2,Valle d'Aosta / Vallée d'Aoste,Valle d'Aosta,125666,107144,85.26,0.67
1369,2021-01-28,VDA,294,124,170,55,239,0,ITC,ITC2,2,Valle d'Aosta / Vallée d'Aoste,Valle d'Aosta,125666,107438,85.49,0.23
1370,2021-01-21,VDA,33,12,21,33,0,0,ITC,ITC2,2,Valle d'Aosta / Vallée d'Aoste,Valle d'Aosta,125666,107471,85.52,0.03
1371,2021-01-04,VDA,144,61,83,144,0,0,ITC,ITC2,2,Valle d'Aosta / Vallée d'Aoste,Valle d'Aosta,125666,107615,85.64,0.11
1372,2021-03-28,VDA,524,213,311,496,0,28,ITC,ITC2,2,Valle d'Aosta / Vallée d'Aoste,Valle d'Aosta,125666,108139,86.05,0.42
1373,2021-03-11,VDA,392,164,228,152,239,1,ITC,ITC2,2,Valle d'Aosta / Vallée d'Aoste,Valle d'Aosta,125666,108531,86.36,0.31
1374,2021-06-02,VDA,1216,688,528,811,402,3,ITC,ITC2,2,Valle d'Aosta / Vallée d'Aoste,Valle d'Aosta,125666,109747,87.33,0.97
1375,2021-06-19,VDA,1295,671,624,658,621,16,ITC,ITC2,2,Valle d'Aosta / Vallée d'Aoste,Valle d'Aosta,125666,111042,88.36,1.03
1376,2021-02-09,VDA,255,86,169,70,184,1,ITC,ITC2,2,Valle d'Aosta / Vallée d'Aoste,Valle d'Aosta,125666,111297,88.57,0.2
1377,2021-07-20,VDA,1119,585,534,391,723,5,ITC,ITC2,2,Valle d'Aosta / Vallée d'Aoste,Valle d'Aosta,125666,112416,89.46,0.89
1378,2021-03-16,VDA,184,37,147,109,66,9,ITC,ITC2,2,Valle d'Aosta / Vallée d'Aoste,Valle d'Aosta,125666,112600,89.6,0.15
1379,2021-08-17,VDA,559,305,254,210,341,8,ITC,ITC2,2,Valle d'Aosta / Vallée d'Aoste,Valle d'Aosta,125666,113159,90.05,0.44
1380,2021-02-13,VDA,217,197,20,214,1,2,ITC,ITC2,2,Valle d'Aosta / Vallée d'Aoste,Valle d'Aosta,125666,113376,90.22,0.17
1381,2021-06-12,VDA,1234,600,634,1062,167,5,ITC,ITC2,2,Valle d'Aosta / Vallée d'Aoste,Valle d'Aosta,125666,114610,91.2,0.98
1382,2021-03-19,VDA,322,85,237,277,35,10,ITC,ITC2,2,Valle d'Aosta / Vallée d'Aoste,Valle d'Aosta,125666,114932,91.46,0.26
1383,2021-05-07,VDA,566,247,319,516,30,20,ITC,ITC2,2,Valle d'Aosta / Vallée d'Aoste,Valle d'Aosta,125666,115498,91.91,0.45
1384,2021-04-23,VDA,923,443,480,512,383,28,ITC,ITC2,2,Valle d'Aosta / Vallée d'Aoste,Valle d'Aosta,125666,116421,92.64,0.73
1385,2021-01-13,VDA,338,110,228,338,0,0,ITC,ITC2,2,Valle d'Aosta / Vallée d'Aoste,Valle d'Aosta,125666,116759,92.91,0.27
1386,2021-07-29,VDA,996,508,488,319,667,10,ITC,ITC2,2,Valle d'Aosta / Vallée d'Aoste,Valle d'Aosta,125666,117755,93.7,0.79
1387,2021-07-15,VDA,1096,595,501,296,798,2,ITC,ITC2,2,Valle d'Aosta / Vallée d'Aoste,Valle d'Aosta,125666,118851,94.58,0.87
1388,2021-04-06,VDA,743,382,361,598,112,33,ITC,ITC2,2,Valle d'Aosta / Vallée d'Aoste,Valle d'Aosta,125666,119594,95.17,0.59
1389,2021-03-18,VDA,136,43,93,96,37,3,ITC,ITC2,2,Valle d'Aosta / Vallée d'Aoste,Valle d'Aosta,125666,119730,95.28,0.11
1390,2021-06-26,VDA,1065,512,553,351,707,7,ITC,ITC2,2,Valle d'Aosta / Vallée d'Aoste,Valle d'Aosta,125666,120795,96.12,0.85
1391,2021-03-04,VDA,291,139,152,39,250,2,ITC,ITC2,2,Valle d'Aosta / Vallée d'Aoste,Valle d'Aosta,125666,121086,96.36,0.23
1392,2021-08-24,VDA,671,369,302,143,518,10,ITC,ITC2,2,Valle d'Aosta / Vallée d'Aoste,Valle d'Aosta,125666,121757,96.89,0.53
1393,2021-03-09,VDA,206,96,110,166,32,8,ITC,ITC2,2,Valle d'Aosta / Vallée d'Aoste,Valle d'Aosta,125666,121963,97.05,0.16
1394,2021-02-20,VDA,256,214,42,243,10,3,ITC,ITC2,2,Valle d'Aosta / Vallée d'Aoste,Valle d'Aosta,125666,122219,97.26,0.2
1395,2021-08-08,VDA,579,297,282,175,394,10,ITC,ITC2,2,Valle d'Aosta / Vallée d'Aoste,Valle d'Aosta,125666,122798,97.72,0.46
1396,2021-05-15,VDA,1067,614,453,368,686,13,ITC,ITC2,2,Valle d'Aosta / Vallée d'Aoste,Valle d'Aosta,125666,123865,98.57,0.85
1397,2021-02-04,VDA,295,86,209,8,287,0,ITC,ITC2,2,Valle d'Aosta / Vallée d'Aoste,Valle d'Aosta,125666,124160,98.8,0.23
1398,2021-04-28,VDA,1220,633,587,683,503,34,ITC,ITC2,2,Valle d'Aosta / Vallée d'Aoste,Valle d'Aosta,125666,125380,99.77,0.97
1399,2021-08-06,VDA,820,400,420,407,398,15,ITC,ITC2,2,Valle d'Aosta / Vallée d'Aoste,Valle d'Aosta,125666,126200,100.42,0.65
1400,2021-05-26,VDA,1212,587,625,567,634,11,ITC,ITC2,2,Valle d'Aosta / Vallée d'Aoste,Valle d'Aosta,125666,127412,101.39,0.96
1401,2021-08-10,VDA,850,436,414,579,261,10,ITC,ITC2,2,Valle d'Aosta / Vallée d'Aoste,Valle d'Aosta,125666,128262,102.07,0.68
1402,2021-02-06,VDA,289,104,185,91,197,1,ITC,ITC2,2,Valle d'Aosta / Vallée d'Aoste,Valle d'Aosta,125666,128551,102.3,0.23
1403,2021-04-30,VDA,833,357,476,468,347,18,ITC,ITC2,2,Valle d'Aosta / Vallée d'Aoste,Valle d'Aosta,125666,129384,102.96,0.66
1404,2021-01-20,VDA,64,15,49,64,0,0,ITC,ITC2,2,Valle d'Aosta / Vallée d'Aoste,Valle d'Aosta,125666,129448,103.01,0.05
1405,2021-04-18,VDA,523,255,268,495,2,26,ITC,ITC2,2,Valle d'Aosta / Vallée d'Aoste,Valle d'Aosta,125666,129971,103.43,0.42
1406,2021-06-14,VDA,1017,523,494,575,428,14,ITC,ITC2,2,Valle d'Aosta / Vallée d'Aoste,Valle d'Aosta,125666,130988,104.24,0.81
1407,2021-05-31,VDA,881,396,485,490,380,11,ITC,ITC2,2,Valle d'Aosta / Vallée d'Aoste,Valle d'Aosta,125666,131869,104.94,0.7
1408,2021-07-27,VDA,1121,596,525,563,554,4,ITC,ITC2,2,Valle d'Aosta / Vallée d'Aoste,Valle d'Aosta,125666,132990,105.83,0.89
1409,2021-07-22,VDA,979,518,461,274,702,3,ITC,ITC2,2,Valle d'Aosta / Vallée d'Aoste,Valle d'Aosta,125666,133969,106.61,0.78
1410,2021-01-18,VDA,214,74,140,214,0,0,ITC,ITC2,2,Valle d'Aosta / Vallée d'Aoste,Valle d'Aosta,125666,134183,106.78,0.17
1411,2021-04-11,VDA,479,208,271,462,0,17,ITC,ITC2,2,Valle d'Aosta / Vallée d'Aoste,Valle d'Aosta,125666,134662,107.16,0.38
1412,2021-04-25,VDA,850,409,441,673,139,38,ITC,ITC2,2,Valle d'Aosta / Vallée d'Aoste,Valle d'Aosta,125666,135512,107.84,0.68
1413,2021-06-21,VDA,1123,600,523,608,505,10,ITC,ITC2,2,Valle d'Aosta / Vallée d'Aoste,Valle d'Aosta,125666,136635,108.73,0.89
1414,2021-06-07,VDA,711,347,364,637,61,13,ITC,ITC2,2,Valle d'Aosta / Vallée d'Aoste,Valle d'Aosta,125666,137346,109.29,0.57
1415,2021-02-27,VDA,232,86,146,120,107,5,ITC,ITC2,2,Valle d'Aosta / Vallée d'Aoste,Valle d'Aosta,125666,137578,109.48,0.18
1416,2021-08-03,VDA,936,485,451,565,362,9,ITC,ITC2,2,Valle d'Aosta / Vallée d'Aoste,Valle d'Aosta,125666,138514,110.22,0.74
1417,2021-06-08,VDA,770,408,362,733,33,4,ITC,ITC2,2,Valle d'Aosta / Vallée d'Aoste,Valle d'Aosta,125666,139284,110.84,0.61
1418,2021-02-26,VDA,209,58,151,109,86,14,ITC,ITC2,2,Valle d'Aosta / Vallée d'Aoste,Valle d'Aosta,125666,139493,111.0,0.17
1419,2021-04-10,VDA,405,191,214,388,5,12,ITC,ITC2,2,Valle d'Aosta / Vallée d'Aoste,Valle d'Aosta,125666,139898,111.33,0.32
1420,2020-12-31,VDA,18,4,14,18,0,0,ITC,ITC2,2,Valle d'Aosta / Vallée d'Aoste,Valle d'Aosta,125666,139916,111.34,0.01
1421,2021-06-06,VDA,1160,582,578,781,373,6,ITC,ITC2,2,Valle d'Aosta / Vallée d'Aoste,Valle d'Aosta,125666,141076,112.26,0.92
1422,2021-06-15,VDA,924,508,416,654,257,13,ITC,ITC2,2,Valle d'Aosta / Vallée d'Aoste,Valle d'Aosta,125666,142000,113.0,0.74
1423,2021-08-11,VDA,776,380,396,304,452,20,ITC,ITC2,2,Valle d'Aosta / Vallée d'Aoste,Valle d'Aosta,125666,142776,113.62,0.62
1424,2021-03-05,VDA,277,125,152,53,223,1,ITC,ITC2,2,Valle d'Aosta / Vallée d'Aoste,Valle d'Aosta,125666,143053,113.84,0.22
1425,2021-02-28,VDA,260,86,174,73,183,4,ITC,ITC2,2,Valle d'Aosta / Vallée d'Aoste,Valle d'Aosta,125666,143313,114.04,0.21
1426,2021-05-05,VDA,1038,566,472,434,582,22,ITC,ITC2,2,Valle d'Aosta / Vallée d'Aoste,Valle d'Aosta,125666,144351,114.87,0.83
1427,2021-08-13,VDA,493,272,221,204,281,8,ITC,ITC2,2,Valle d'Aosta / Vallée d'Aoste,Valle d'Aosta,125666,144844,115.26,0.39
1428,2021-05-03,VDA,841,400,441,459,352,30,ITC,ITC2,2,Valle d'Aosta / Vallée d'Aoste,Valle d'Aosta,125666,145685,115.93,0.67
1429,2021-03-07,VDA,64,30,34,11,53,0,ITC,ITC2,2,Valle d'Aosta / Vallée d'Aoste,Valle d'Aosta,125666,145749,115.98,0.05
1430,2021-08-20,VDA,473,240,233,142,316,15,ITC,ITC2,2,Valle d'Aosta / Vallée d'Aoste,Valle d'Aosta,125666,146222,116.36,0.38
1431,2021-01-30,VDA,439,202,237,12,425,2,ITC,ITC2,2,Valle d'Aosta / Vallée d'Aoste,Valle d'Aosta,125666,146661,116.71,0.35
1432,2021-01-25,VDA,150,67,83,1,149,0,ITC,ITC2,2,Valle d'Aosta / Vallée d'Aoste,Valle d'Aosta,125666,146811,116.83,0.12
1433,2021-07-10,VDA,1295,670,625,321,963,11,ITC,ITC2,2,Valle d'Aosta / Vallée d'Aoste,Valle d'Aosta,125666,148106,117.86,1.03
1434,2021-08-22,VDA,176,88,88,8,168,0,ITC,ITC2,2,Valle d'Aosta / Vallée d'Aoste,Valle d'Aosta,125666,148282,118.0,0.14
1435,2021-05-14,VDA,964,444,520,253,670,41,ITC,ITC2,2,Valle d'Aosta / Vallée d'Aoste,Valle d'Aosta,125666,149246,118.76,0.77
1436,2021-02-01,VDA,409,128,281,86,320,3,ITC,ITC2,2,Valle d'Aosta / Vallée d'Aoste,Valle d'Aosta,125666,149655,119.09,0.33
1437,2021-07-08,VDA,1276,709,567,341,924,11,ITC,ITC2,2,Valle d'Aosta / Vallée d'Aoste,Valle d'Aosta,125666,150931,120.1,1.02
1438,2021-03-30,VDA,402,223,179,364,20,18,ITC,ITC2,2,Valle d'Aosta / Vallée d'Aoste,Valle d'Aosta,125666,151333,120.42,0.32
1439,2021-05-12,VDA,1144,550,594,449,671,24,ITC,ITC2,2,Valle d'Aosta / Vallée d'Aoste,Valle d'Aosta,125666,152477,121.34,0.91
1440,2021-07-17,VDA,987,521,466,256,729,2,ITC,ITC2,2,Valle d'Aosta / Vallée d'Aoste,Valle d'Aosta,125666,153464,122.12,0.79
1441,2021-02-06,PAT,582,302,280,439,143,0,ITH,ITH2,4,Provincia Autonoma Trento,P.A. Trento,541380,582,0.11,0.11
1442,2021-02-23,PAT,1128,403,725,887,218,23,ITH,ITH2,4,Provincia Autonoma Trento,P.A. Trento,541380,1710,0.32,0.21
1443,2021-05-17,PAT,4356,2156,2200,3752,363,241,ITH,ITH2,4,Provincia Autonoma Trento,P.A. Trento,541380,6066,1.12,0.8
1444,2021-08-25,PAT,4381,2341,2040,1077,3232,72,ITH,ITH2,4,Provincia Autonoma Trento,P.A. Trento,541380,10447,1.93,0.81
1445,2021-07-13,PAT,3834,1951,1883,1777,1932,125,ITH,ITH2,4,Provincia Autonoma Trento,P.A. Trento,541380,14281,2.64,0.71
1446,2021-04-21,PAT,2941,1371,1570,2736,51,154,ITH,ITH2,4,Provincia Autonoma Trento,P.A. Trento,541380,17222,3.18,0.54
1447,2021-01-28,PAT,554,156,398,51,503,0,ITH,ITH2,4,Provincia Autonoma Trento,P.A. Trento,541380,17776,3.28,0.1
1448,2021-01-11,PAT,765,235,530,765,0,0,ITH,ITH2,4,Provincia Autonoma Trento,P.A. Trento,541380,18541,3.42,0.14
1449,2021-08-08,PAT,634,337,297,241,385,8,ITH,ITH2,4,Provincia Autonoma Trento,P.A. Trento,541380,19175,3.54,0.12
1450,2021-08-27,PAT,1443,790,653,290,1111,42,ITH,ITH2,4,Provincia Autonoma Trento,P.A. Trento,541380,20618,3.81,0.27
1451,2021-03-26,PAT,3273,1279,1994,2517,612,144,ITH,ITH2,4,Provincia Autonoma Trento,P.A. Trento,541380,23891,4.41,0.6
1452,2021-06-29,PAT,6422,3238,3184,2784,3533,105,ITH,ITH2,4,Provincia Autonoma Trento,P.A. Trento,541380,30313,5.6,1.19
1453,2021-06-12,PAT,5426,2716,2710,435,4941,50,ITH,ITH2,4,Provincia Autonoma Trento,P.A. Trento,541380,35739,6.6,1.0
1454,2021-03-21,PAT,136,74,62,131,0,5,ITH,ITH2,4,Provincia Autonoma Trento,P.A. Trento,541380,35875,6.63,0.03
1455,2021-05-24,PAT,4492,2077,2415,1269,3109,114,ITH,ITH2,4,Provincia Autonoma Trento,P.A. Trento,541380,40367,7.46,0.83
1456,2021-01-23,PAT,584,338,246,389,194,1,ITH,ITH2,4,Provincia Autonoma Trento,P.A. Trento,541380,40951,7.56,0.11
1457,2021-05-03,PAT,4311,2223,2088,3845,157,309,ITH,ITH2,4,Provincia Autonoma Trento,P.A. Trento,541380,45262,8.36,0.8
1458,2021-08-13,PAT,5940,3363,2577,2569,3225,146,ITH,ITH2,4,Provincia Autonoma Trento,P.A. Trento,541380,51202,9.46,1.1
1459,2021-07-01,PAT,7144,3734,3410,3596,3362,186,ITH,ITH2,4,Provincia Autonoma Trento,P.A. Trento,541380,58346,10.78,1.32
1460,2021-05-05,PAT,5050,2609,2441,4431,305,314,ITH,ITH2,4,Provincia Autonoma Trento,P.A. Trento,541380,63396,11.71,0.93
1461,2021-04-09,PAT,2804,1193,1611,1526,1209,69,ITH,ITH2,4,Provincia Autonoma Trento,P.A. Trento,541380,66200,12.23,0.52
1462,2021-02-11,PAT,1171,377,794,803,367,1,ITH,ITH2,4,Provincia Autonoma Trento,P.A. Trento,541380,67371,12.44,0.22
1463,2021-07-18,PAT,463,242,221,119,339,5,ITH,ITH2,4,Provincia Autonoma Trento,P.A. Trento,541380,67834,12.53,0.09
1464,2021-02-25,PAT,1652,648,1004,1197,445,10,ITH,ITH2,4,Provincia Autonoma Trento,P.A. Trento,541380,69486,12.83,0.31
1465,2020-12-30,PAT,7,3,4,7,0,0,ITH,ITH2,4,Provincia Autonoma Trento,P.A. Trento,541380,69493,12.84,0.0
1466,2021-06-05,PAT,4131,1939,2192,690,3364,77,ITH,ITH2,4,Provincia Autonoma Trento,P.A. Trento,541380,73624,13.6,0.76
1467,2021-07-27,PAT,4809,2544,2265,1753,2949,107,ITH,ITH2,4,Provincia Autonoma Trento,P.A. Trento,541380,78433,14.49,0.89
1468,2021-05-31,PAT,4805,2213,2592,1609,3087,109,ITH,ITH2,4,Provincia Autonoma Trento,P.A. Trento,541380,83238,15.38,0.89
1469,2021-03-09,PAT,1667,618,1049,978,653,36,ITH,ITH2,4,Provincia Autonoma Trento,P.A. Trento,541380,84905,15.68,0.31
1470,2021-06-17,PAT,6746,3559,3187,2044,4534,168,ITH,ITH2,4,Provincia Autonoma Trento,P.A. Trento,541380,91651,16.93,1.25
1471,2021-04-14,PAT,3144,1478,1666,2251,738,155,ITH,ITH2,4,Provincia Autonoma Trento,P.A. Trento,541380,94795,17.51,0.58
1472,2021-03-28,PAT,767,303,464,717,2,48,ITH,ITH2,4,Provincia Autonoma Trento,P.A. Trento,541380,95562,17.65,0.14
1473,2021-01-04,PAT,905,250,655,903,0,2,ITH,ITH2,4,Provincia Autonoma Trento,P.A. Trento,541380,96467,17.82,0.17
1474,2021-07-06,PAT,5229,2760,2469,3116,1927,186,ITH,ITH2,4,Provincia Autonoma Trento,P.A. Trento,541380,101696,18.78,0.97
1475,2021-01-18,PAT,690,168,522,631,59,0,ITH,ITH2,4,Provincia Autonoma Trento,P.A. Trento,541380,102386,18.91,0.13
1476,2021-02-16,PAT,676,248,428,660,5,11,ITH,ITH2,4,Provincia Autonoma Trento,P.A. Trento,541380,103062,19.04,0.12
1477,2021-04-23,PAT,3668,1786,1882,3431,56,181,ITH,ITH2,4,Provincia Autonoma Trento,P.A. Trento,541380,106730,19.71,0.68
1478,2021-01-30,PAT,396,136,260,155,241,0,ITH,ITH2,4,Provincia Autonoma Trento,P.A. Trento,541380,107126,19.79,0.07
1479,2021-05-10,PAT,3267,1678,1589,2532,516,219,ITH,ITH2,4,Provincia Autonoma Trento,P.A. Trento,541380,110393,20.39,0.6
1480,2021-06-19,PAT,3146,1722,1424,236,2879,31,ITH,ITH2,4,Provincia Autonoma Trento,P.A. Trento,541380,113539,20.97,0.58
1481,2021-07-08,PAT,4161,2211,1950,2513,1482,166,ITH,ITH2,4,Provincia Autonoma Trento,P.A. Trento,541380,117700,21.74,0.77
1482,2021-02-04,PAT,1012,321,691,428,583,1,ITH,ITH2,4,Provincia Autonoma Trento,P.A. Trento,541380,118712,21.93,0.19
1483,2021-03-02,PAT,1322,445,877,910,382,30,ITH,ITH2,4,Provincia Autonoma Trento,P.A. Trento,541380,120034,22.17,0.24
1484,2021-06-10,PAT,6212,3026,3186,1813,4265,134,ITH,ITH2,4,Provincia Autonoma Trento,P.A. Trento,541380,126246,23.32,1.15
1485,2021-05-22,PAT,3370,1664,1706,849,2430,91,ITH,ITH2,4,Provincia Autonoma Trento,P.A. Trento,541380,129616,23.94,0.62
1486,2021-05-29,PAT,2444,1328,1116,785,1570,89,ITH,ITH2,4,Provincia Autonoma Trento,P.A. Trento,541380,132060,24.39,0.45
1487,2021-04-02,PAT,2888,1178,1710,2041,684,163,ITH,ITH2,4,Provincia Autonoma Trento,P.A. Trento,541380,134948,24.93,0.53
1488,2021-04-16,PAT,2905,1377,1528,2597,149,159,ITH,ITH2,4,Provincia Autonoma Trento,P.A. Trento,541380,137853,25.46,0.54
1489,2021-02-18,PAT,1431,500,931,1345,69,17,ITH,ITH2,4,Provincia Autonoma Trento,P.A. Trento,541380,139284,25.73,0.26
1490,2021-07-25,PAT,365,204,161,138,218,9,ITH,ITH2,4,Provincia Autonoma Trento,P.A. Trento,541380,139649,25.8,0.07
1491,2021-08-06,PAT,6465,3563,2902,2661,3683,121,ITH,ITH2,4,Provincia Autonoma Trento,P.A. Trento,541380,146114,26.99,1.19
1492,2021-01-16,PAT,322,148,174,322,0,0,ITH,ITH2,4,Provincia Autonoma Trento,P.A. Trento,541380,146436,27.05,0.06
1493,2021-04-28,PAT,4285,1991,2294,3895,139,251,ITH,ITH2,4,Provincia Autonoma Trento,P.A. Trento,541380,150721,27.84,0.79
1494,2021-07-20,PAT,4824,2607,2217,1747,2933,144,ITH,ITH2,4,Provincia Autonoma Trento,P.A. Trento,541380,155545,28.73,0.89
1495,2021-02-20,PAT,412,247,165,124,287,1,ITH,ITH2,4,Provincia Autonoma Trento,P.A. Trento,541380,155957,28.81,0.08
1496,2021-03-14,PAT,110,67,43,19,89,2,ITH,ITH2,4,Provincia Autonoma Trento,P.A. Trento,541380,156067,28.83,0.02
1497,2021-03-07,PAT,23,6,17,23,0,0,ITH,ITH2,4,Provincia Autonoma Trento,P.A. Trento,541380,156090,28.83,0.0
1498,2021-01-09,PAT,195,42,153,195,0,0,ITH,ITH2,4,Provincia Autonoma Trento,P.A. Trento,541380,156285,28.87,0.04
1499,2021-06-24,PAT,6053,3169,2884,3655,2207,191,ITH,ITH2,4,Provincia Autonoma Trento,P.A. Trento,541380,162338,29.99,1.12
1500,2021-05-12,PAT,3346,1511,1835,1961,1219,166,ITH,ITH2,4,Provincia Autonoma Trento,P.A. Trento,541380,165684,30.6,0.62
1501,2021-03-16,PAT,1407,514,893,581,792,34,ITH,ITH2,4,Provincia Autonoma Trento,P.A. Trento,541380,167091,30.86,0.26
1502,2021-08-20,PAT,5198,2869,2329,1478,3623,97,ITH,ITH2,4,Provincia Autonoma Trento,P.A. Trento,541380,172289,31.82,0.96
1503,2021-05-14,PAT,5438,2612,2826,3712,1427,299,ITH,ITH2,4,Provincia Autonoma Trento,P.A. Trento,541380,177727,32.83,1.0
1504,2021-08-22,PAT,406,243,163,220,171,15,ITH,ITH2,4,Provincia Autonoma Trento,P.A. Trento,541380,178133,32.9,0.07
1505,2021-08-24,PAT,4592,2464,2128,1284,3216,92,ITH,ITH2,4,Provincia Autonoma Trento,P.A. Trento,541380,182725,33.75,0.85
1506,2021-07-24,PAT,994,547,447,525,445,24,ITH,ITH2,4,Provincia Autonoma Trento,P.A. Trento,541380,183719,33.94,0.18
1507,2021-05-02,PAT,3563,1979,1584,3295,39,229,ITH,ITH2,4,Provincia Autonoma Trento,P.A. Trento,541380,187282,34.59,0.66
1508,2021-08-10,PAT,5982,3195,2787,2888,2910,184,ITH,ITH2,4,Provincia Autonoma Trento,P.A. Trento,541380,193264,35.7,1.1
1509,2021-03-18,PAT,2335,964,1371,1222,1089,24,ITH,ITH2,4,Provincia Autonoma Trento,P.A. Trento,541380,195599,36.13,0.43
1510,2021-06-09,PAT,6323,3120,3203,2115,4126,82,ITH,ITH2,4,Provincia Autonoma Trento,P.A. Trento,541380,201922,37.3,1.17
1511,2021-06-26,PAT,1434,752,682,681,725,28,ITH,ITH2,4,Provincia Autonoma Trento,P.A. Trento,541380,203356,37.56,0.26
1512,2021-06-28,PAT,6947,3596,3351,2978,3869,100,ITH,ITH2,4,Provincia Autonoma Trento,P.A. Trento,541380,210303,38.85,1.28
1513,2021-04-06,PAT,2288,969,1319,1459,770,59,ITH,ITH2,4,Provincia Autonoma Trento,P.A. Trento,541380,212591,39.27,0.42
1514,2021-07-15,PAT,4295,2298,1997,1790,2362,143,ITH,ITH2,4,Provincia Autonoma Trento,P.A. Trento,541380,216886,40.06,0.79
1515,2021-04-13,PAT,2617,1089,1528,2027,509,81,ITH,ITH2,4,Provincia Autonoma Trento,P.A. Trento,541380,219503,40.55,0.48
1516,2021-01-20,PAT,308,77,231,296,12,0,ITH,ITH2,4,Provincia Autonoma Trento,P.A. Trento,541380,219811,40.6,0.06
1517,2021-04-30,PAT,4989,2433,2556,4444,163,382,ITH,ITH2,4,Provincia Autonoma Trento,P.A. Trento,541380,224800,41.52,0.92
1518,2021-05-19,PAT,5192,2512,2680,3670,1272,250,ITH,ITH2,4,Provincia Autonoma Trento,P.A. Trento,541380,229992,42.48,0.96
1519,2021-04-01,PAT,2945,1251,1694,1745,1106,94,ITH,ITH2,4,Provincia Autonoma Trento,P.A. Trento,541380,232937,43.03,0.54
1520,2021-07-10,PAT,1097,564,533,149,920,28,ITH,ITH2,4,Provincia Autonoma Trento,P.A. Trento,541380,234034,43.23,0.2
1521,2021-03-23,PAT,2483,962,1521,1628,755,100,ITH,ITH2,4,Provincia Autonoma Trento,P.A. Trento,541380,236517,43.69,0.46
1522,2021-05-28,PAT,3805,1768,2037,1399,2265,141,ITH,ITH2,4,Provincia Autonoma Trento,P.A. Trento,541380,240322,44.39,0.7
1523,2021-01-25,PAT,849,231,618,25,824,0,ITH,ITH2,4,Provincia Autonoma Trento,P.A. Trento,541380,241171,44.55,0.16
1524,2021-03-25,PAT,2915,1127,1788,1742,1060,113,ITH,ITH2,4,Provincia Autonoma Trento,P.A. Trento,541380,244086,45.09,0.54
1525,2021-07-03,PAT,1268,681,587,78,1185,5,ITH,ITH2,4,Provincia Autonoma Trento,P.A. Trento,541380,245354,45.32,0.23
1526,2021-03-30,PAT,2465,998,1467,1671,692,102,ITH,ITH2,4,Provincia Autonoma Trento,P.A. Trento,541380,247819,45.78,0.46
1527,2021-01-06,PAT,43,13,30,43,0,0,ITH,ITH2,4,Provincia Autonoma Trento,P.A. Trento,541380,247862,45.78,0.01
1528,2021-08-05,PAT,6384,3490,2894,2946,3315,123,ITH,ITH2,4,Provincia Autonoma Trento,P.A. Trento,541380,254246,46.96,1.18
1529,2021-06-06,PAT,2267,1079,1188,431,1815,21,ITH,ITH2,4,Provincia Autonoma Trento,P.A. Trento,541380,256513,47.38,0.42
1530,2021-07-12,PAT,4267,2148,2119,2042,2040,185,ITH,ITH2,4,Provincia Autonoma Trento,P.A. Trento,541380,260780,48.17,0.79
1531,2021-02-17,PAT,1173,450,723,1056,112,5,ITH,ITH2,4,Provincia Autonoma Trento,P.A. Trento,541380,261953,48.39,0.22
1532,2021-05-30,PAT,1777,876,901,865,843,69,ITH,ITH2,4,Provincia Autonoma Trento,P.A. Trento,541380,263730,48.71,0.33
1533,2021-04-03,PAT,1178,485,693,933,177,68,ITH,ITH2,4,Provincia Autonoma Trento,P.A. Trento,541380,264908,48.93,0.22
1534,2021-01-08,PAT,1535,340,1195,1534,0,1,ITH,ITH2,4,Provincia Autonoma Trento,P.A. Trento,541380,266443,49.22,0.28
1535,2021-06-14,PAT,5810,3005,2805,2040,3656,114,ITH,ITH2,4,Provincia Autonoma Trento,P.A. Trento,541380,272253,50.29,1.07
1536,2021-04-18,PAT,1864,849,1015,1796,9,59,ITH,ITH2,4,Provincia Autonoma Trento,P.A. Trento,541380,274117,50.63,0.34
1537,2021-03-06,PAT,808,285,523,614,152,42,ITH,ITH2,4,Provincia Autonoma Trento,P.A. Trento,541380,274925,50.78,0.15
1538,2021-04-11,PAT,2390,1160,1230,2200,99,91,ITH,ITH2,4,Provincia Autonoma Trento,P.A. Trento,541380,277315,51.22,0.44
1539,2021-02-27,PAT,1053,468,585,605,428,20,ITH,ITH2,4,Provincia Autonoma Trento,P.A. Trento,541380,278368,51.42,0.19
1540,2021-08-03,PAT,6195,3347,2848,2480,3594,121,ITH,ITH2,4,Provincia Autonoma Trento,P.A. Trento,541380,284563,52.56,1.14
1541,2021-01-01,PAT,222,51,171,222,0,0,ITH,ITH2,4,Provincia Autonoma Trento,P.A. Trento,541380,284785,52.6,0.04
1542,2021-06-07,PAT,5879,2925,2954,2681,3022,176,ITH,ITH2,4,Provincia Autonoma Trento,P.A. Trento,541380,290664,53.69,1.09
1543,2021-04-25,PAT,2002,952,1050,1873,7,122,ITH,ITH2,4,Provincia Autonoma Trento,P.A. Trento,541380,292666,54.06,0.37
1544,2021-01-13,PAT,444,131,313,444,0,0,ITH,ITH2,4,Provincia Autonoma Trento,P.A. Trento,541380,293110,54.14,0.08
1545,2021-02-12,PAT,1033,346,687,592,439,2,ITH,ITH2,4,Provincia Autonoma Trento,P.A. Trento,541380,294143,54.33,0.19
1546,2021-06-02,PAT,2879,1381,1498,897,1914,68,ITH,ITH2,4,Provincia Autonoma Trento,P.A. Trento,541380,297022,54.86,0.53
1547,2021-03-11,PAT,2612,978,1634,1504,1048,60,ITH,ITH2,4,Provincia Autonoma Trento,P.A. Trento,541380,299634,55.35,0.48
1548,2021-07-22,PAT,4774,2585,2189,1901,2737,136,ITH,ITH2,4,Provincia Autonoma Trento,P.A. Trento,541380,304408,56.23,0.88
1549,2021-07-07,PAT,4524,2428,2096,2925,1404,195,ITH,ITH2,4,Provincia Autonoma Trento,P.A. Trento,541380,308932,57.06,0.84
1550,2021-01-03,PAT,502,166,336,502,0,0,ITH,ITH2,4,Provincia Autonoma Trento,P.A. Trento,541380,309434,57.16,0.09
1551,2021-03-04,PAT,2388,807,1581,1556,790,42,ITH,ITH2,4,Provincia Autonoma Trento,P.A. Trento,541380,311822,57.6,0.44
1552,2021-01-27,PAT,873,310,563,115,756,2,ITH,ITH2,4,Provincia Autonoma Trento,P.A. Trento,541380,312695,57.76,0.16
1553,2021-02-13,PAT,540,335,205,172,368,0,ITH,ITH2,4,Provincia Autonoma Trento,P.A. Trento,541380,313235,57.86,0.1
1554,2021-03-13,PAT,965,496,469,841,48,76,ITH,ITH2,4,Provincia Autonoma Trento,P.A. Trento,541380,314200,58.04,0.18
1555,2021-07-05,PAT,5428,2849,2579,3794,1389,245,ITH,ITH2,4,Provincia Autonoma Trento,P.A. Trento,541380,319628,59.04,1.0
1556,2021-06-21,PAT,6259,3387,2872,3650,2425,184,ITH,ITH2,4,Provincia Autonoma Trento,P.A. Trento,541380,325887,60.2,1.16
1557,2021-04-24,PAT,3580,1714,1866,3354,16,210,ITH,ITH2,4,Provincia Autonoma Trento,P.A. Trento,541380,329467,60.86,0.66
1558,2021-02-26,PAT,1257,445,812,933,299,25,ITH,ITH2,4,Provincia Autonoma Trento,P.A. Trento,541380,330724,61.09,0.23
1559,2021-01-14,PAT,731,218,513,729,0,2,ITH,ITH2,4,Provincia Autonoma Trento,P.A. Trento,541380,331455,61.22,0.14
1560,2021-02-28,PAT,246,122,124,236,0,10,ITH,ITH2,4,Provincia Autonoma Trento,P.A. Trento,541380,331701,61.27,0.05
1561,2021-08-04,PAT,6204,3309,2895,2570,3496,138,ITH,ITH2,4,Provincia Autonoma Trento,P.A. Trento,541380,337905,62.42,1.15
1562,2021-06-08,PAT,6042,2917,3125,1788,4132,122,ITH,ITH2,4,Provincia Autonoma Trento,P.A. Trento,541380,343947,63.53,1.12
1563,2021-04-26,PAT,2676,1260,1416,2411,96,169,ITH,ITH2,4,Provincia Autonoma Trento,P.A. Trento,541380,346623,64.03,0.49
1564,2021-02-19,PAT,945,366,579,847,65,33,ITH,ITH2,4,Provincia Autonoma Trento,P.A. Trento,541380,347568,64.2,0.17
1565,2021-08-12,PAT,5687,3045,2642,2184,3329,174,ITH,ITH2,4,Provincia Autonoma Trento,P.A. Trento,541380,353255,65.25,1.05
1566,2021-07-29,PAT,5475,2909,2566,2646,2713,116,ITH,ITH2,4,Provincia Autonoma Trento,P.A. Trento,541380,358730,66.26,1.01
1567,2021-06-16,PAT,6320,3413,2907,1989,4207,124,ITH,ITH2,4,Provincia Autonoma Trento,P.A. Trento,541380,365050,67.43,1.17
1568,2021-03-15,PAT,1453,573,880,929,469,55,ITH,ITH2,4,Provincia Autonoma Trento,P.A. Trento,541380,366503,67.7,0.27
1569,2021-08-19,PAT,4620,2480,2140,1101,3436,83,ITH,ITH2,4,Provincia Autonoma Trento,P.A. Trento,541380,371123,68.55,0.85
1570,2021-01-17,PAT,255,199,56,255,0,0,ITH,ITH2,4,Provincia Autonoma Trento,P.A. Trento,541380,371378,68.6,0.05
1571,2021-08-21,PAT,1322,786,536,605,679,38,ITH,ITH2,4,Provincia Autonoma Trento,P.A. Trento,541380,372700,68.84,0.24
1572,2021-06-25,PAT,7777,4148,3629,4203,3440,134,ITH,ITH2,4,Provincia Autonoma Trento,P.A. Trento,541380,380477,70.28,1.44
1573,2021-08-14,PAT,289,155,134,49,237,3,ITH,ITH2,4,Provincia Autonoma Trento,P.A. Trento,541380,380766,70.33,0.05
1574,2021-07-02,PAT,7414,4031,3383,3589,3592,233,ITH,ITH2,4,Provincia Autonoma Trento,P.A. Trento,541380,388180,71.7,1.37
1575,2021-06-23,PAT,6690,3544,3146,4625,1871,194,ITH,ITH2,4,Provincia Autonoma Trento,P.A. Trento,541380,394870,72.94,1.24
1576,2021-05-11,PAT,3741,1767,1974,2643,862,236,ITH,ITH2,4,Provincia Autonoma Trento,P.A. Trento,541380,398611,73.63,0.69
1577,2021-04-27,PAT,3952,1900,2052,3595,70,287,ITH,ITH2,4,Provincia Autonoma Trento,P.A. Trento,541380,402563,74.36,0.73
1578,2021-05-04,PAT,4570,2490,2080,4169,97,304,ITH,ITH2,4,Provincia Autonoma Trento,P.A. Trento,541380,407133,75.2,0.84
1579,2021-03-08,PAT,1425,439,986,1041,354,30,ITH,ITH2,4,Provincia Autonoma Trento,P.A. Trento,541380,408558,75.47,0.26
1580,2021-03-22,PAT,2348,995,1353,1405,885,58,ITH,ITH2,4,Provincia Autonoma Trento,P.A. Trento,541380,410906,75.9,0.43
1581,2021-03-01,PAT,1254,460,794,929,301,24,ITH,ITH2,4,Provincia Autonoma Trento,P.A. Trento,541380,412160,76.13,0.23
1582,2021-03-20,PAT,888,409,479,663,211,14,ITH,ITH2,4,Provincia Autonoma Trento,P.A. Trento,541380,413048,76.3,0.16
1583,2021-03-03,PAT,1672,628,1044,1115,520,37,ITH,ITH2,4,Provincia Autonoma Trento,P.A. Trento,541380,414720,76.6,0.31
1584,2021-06-11,PAT,7302,3475,3827,1493,5706,103,ITH,ITH2,4,Provincia Autonoma Trento,P.A. Trento,541380,422022,77.95,1.35
1585,2021-06-13,PAT,3733,2060,1673,280,3430,23,ITH,ITH2,4,Provincia Autonoma Trento,P.A. Trento,541380,425755,78.64,0.69
1586,2020-12-27,PAT,107,43,64,107,0,0,ITH,ITH2,4,Provincia Autonoma Trento,P.A. Trento,541380,425862,78.66,0.02
1587,2021-05-07,PAT,6088,3131,2957,4855,853,380,ITH,ITH2,4,Provincia Autonoma Trento,P.A. Trento,541380,431950,79.79,1.12
1588,2021-04-20,PAT,2908,1387,1521,2689,37,182,ITH,ITH2,4,Provincia Autonoma Trento,P.A. Trento,541380,434858,80.32,0.54
1589,2021-05-09,PAT,2354,1225,1129,1871,347,136,ITH,ITH2,4,Provincia Autonoma Trento,P.A. Trento,541380,437212,80.76,0.43
1590,2021-08-17,PAT,5431,2875,2556,1929,3373,129,ITH,ITH2,4,Provincia Autonoma Trento,P.A. Trento,541380,442643,81.76,1.0
1591,2021-02-15,PAT,547,193,354,419,126,2,ITH,ITH2,4,Provincia Autonoma Trento,P.A. Trento,541380,443190,81.86,0.1
1592,2021-05-26,PAT,3961,1868,2093,1117,2722,122,ITH,ITH2,4,Provincia Autonoma Trento,P.A. Trento,541380,447151,82.59,0.73
1593,2021-08-02,PAT,5372,2850,2522,1608,3700,64,ITH,ITH2,4,Provincia Autonoma Trento,P.A. Trento,541380,452523,83.59,0.99
1594,2021-01-15,PAT,628,149,479,627,0,1,ITH,ITH2,4,Provincia Autonoma Trento,P.A. Trento,541380,453151,83.7,0.12
1595,2021-05-20,PAT,5117,2406,2711,3149,1686,282,ITH,ITH2,4,Provincia Autonoma Trento,P.A. Trento,541380,458268,84.65,0.95
1596,2021-03-24,PAT,2415,963,1452,1469,827,119,ITH,ITH2,4,Provincia Autonoma Trento,P.A. Trento,541380,460683,85.09,0.45
1597,2021-02-09,PAT,952,303,649,448,503,1,ITH,ITH2,4,Provincia Autonoma Trento,P.A. Trento,541380,461635,85.27,0.18
1598,2021-03-17,PAT,2130,812,1318,1131,906,93,ITH,ITH2,4,Provincia Autonoma Trento,P.A. Trento,541380,463765,85.66,0.39
1599,2021-02-02,PAT,942,254,688,192,750,0,ITH,ITH2,4,Provincia Autonoma Trento,P.A. Trento,541380,464707,85.84,0.17
1600,2021-07-09,PAT,5145,2729,2416,3043,1882,220,ITH,ITH2,4,Provincia Autonoma Trento,P.A. Trento,541380,469852,86.79,0.95
1601,2021-05-13,PAT,3455,1605,1850,2102,1126,227,ITH,ITH2,4,Provincia Autonoma Trento,P.A. Trento,541380,473307,87.43,0.64
1602,2021-03-31,PAT,2621,1001,1620,1654,868,99,ITH,ITH2,4,Provincia Autonoma Trento,P.A. Trento,541380,475928,87.91,0.48
1603,2021-07-21,PAT,4704,2519,2185,1525,3085,94,ITH,ITH2,4,Provincia Autonoma Trento,P.A. Trento,541380,480632,88.78,0.87
1604,2021-08-09,PAT,5341,2847,2494,2277,2923,141,ITH,ITH2,4,Provincia Autonoma Trento,P.A. Trento,541380,485973,89.77,0.99
1605,2021-08-26,PAT,3897,2034,1863,1031,2774,92,ITH,ITH2,4,Provincia Autonoma Trento,P.A. Trento,541380,489870,90.49,0.72
1606,2021-02-22,PAT,755,262,493,663,86,6,ITH,ITH2,4,Provincia Autonoma Trento,P.A. Trento,541380,490625,90.62,0.14
1607,2021-05-18,PAT,4319,2046,2273,3170,867,282,ITH,ITH2,4,Provincia Autonoma Trento,P.A. Trento,541380,494944,91.42,0.8
1608,2021-03-12,PAT,2602,991,1611,1712,815,75,ITH,ITH2,4,Provincia Autonoma Trento,P.A. Trento,541380,497546,91.9,0.48
1609,2021-06-20,PAT,1900,1050,850,31,1864,5,ITH,ITH2,4,Provincia Autonoma Trento,P.A. Trento,541380,499446,92.25,0.35
1610,2021-01-02,PAT,522,149,373,522,0,0,ITH,ITH2,4,Provincia Autonoma Trento,P.A. Trento,541380,499968,92.35,0.1
1611,2021-03-29,PAT,2564,1010,1554,1694,742,128,ITH,ITH2,4,Provincia Autonoma Trento,P.A. Trento,541380,502532,92.82,0.47
1612,2021-04-12,PAT,3156,1455,1701,2527,504,125,ITH,ITH2,4,Provincia Autonoma Trento,P.A. Trento,541380,505688,93.41,0.58
1613,2021-01-21,PAT,376,104,272,247,129,0,ITH,ITH2,4,Provincia Autonoma Trento,P.A. Trento,541380,506064,93.48,0.07
1614,2021-05-01,PAT,4888,2486,2402,4554,37,297,ITH,ITH2,4,Provincia Autonoma Trento,P.A. Trento,541380,510952,94.38,0.9
1615,2021-04-29,PAT,4698,2263,2435,4170,214,314,ITH,ITH2,4,Provincia Autonoma Trento,P.A. Trento,541380,515650,95.25,0.87
1616,2021-08-07,PAT,1620,928,692,815,769,36,ITH,ITH2,4,Provincia Autonoma Trento,P.A. Trento,541380,517270,95.55,0.3
1617,2021-01-22,PAT,1748,459,1289,350,1396,2,ITH,ITH2,4,Provincia Autonoma Trento,P.A. Trento,541380,519018,95.87,0.32
1618,2021-02-05,PAT,835,288,547,285,550,0,ITH,ITH2,4,Provincia Autonoma Trento,P.A. Trento,541380,519853,96.02,0.15
1619,2021-05-16,PAT,1358,756,602,1041,248,69,ITH,ITH2,4,Provincia Autonoma Trento,P.A. Trento,541380,521211,96.27,0.25
1620,2021-01-05,PAT,759,262,497,759,0,0,ITH,ITH2,4,Provincia Autonoma Trento,P.A. Trento,541380,521970,96.41,0.14
1621,2021-04-15,PAT,3233,1458,1775,2830,156,247,ITH,ITH2,4,Provincia Autonoma Trento,P.A. Trento,541380,525203,97.01,0.6
1622,2021-07-30,PAT,5837,3095,2742,2291,3442,104,ITH,ITH2,4,Provincia Autonoma Trento,P.A. Trento,541380,531040,98.09,1.08
1623,2021-08-16,PAT,4836,2557,2279,1803,2925,108,ITH,ITH2,4,Provincia Autonoma Trento,P.A. Trento,541380,535876,98.98,0.89
1624,2021-01-24,PAT,562,285,277,226,336,0,ITH,ITH2,4,Provincia Autonoma Trento,P.A. Trento,541380,536438,99.09,0.1
1625,2021-06-30,PAT,6863,3526,3337,2705,4053,105,ITH,ITH2,4,Provincia Autonoma Trento,P.A. Trento,541380,543301,100.35,1.27
1626,2021-08-11,PAT,5833,3143,2690,3083,2591,159,ITH,ITH2,4,Provincia Autonoma Trento,P.A. Trento,541380,549134,101.43,1.08
1627,2021-02-21,PAT,158,95,63,44,114,0,ITH,ITH2,4,Provincia Autonoma Trento,P.A. Trento,541380,549292,101.46,0.03
1628,2021-05-15,PAT,1604,832,772,649,914,41,ITH,ITH2,4,Provincia Autonoma Trento,P.A. Trento,541380,550896,101.76,0.3
1629,2021-06-01,PAT,4103,1925,2178,1082,2910,111,ITH,ITH2,4,Provincia Autonoma Trento,P.A. Trento,541380,554999,102.52,0.76
1630,2021-06-18,PAT,7064,3758,3306,1784,5188,92,ITH,ITH2,4,Provincia Autonoma Trento,P.A. Trento,541380,562063,103.82,1.3
1631,2021-03-27,PAT,1671,746,925,1324,263,84,ITH,ITH2,4,Provincia Autonoma Trento,P.A. Trento,541380,563734,104.13,0.31
1632,2021-06-04,PAT,5926,2650,3276,1733,4062,131,ITH,ITH2,4,Provincia Autonoma Trento,P.A. Trento,541380,569660,105.22,1.09
1633,2021-02-24,PAT,1371,541,830,942,405,24,ITH,ITH2,4,Provincia Autonoma Trento,P.A. Trento,541380,571031,105.48,0.25
1634,2021-06-03,PAT,4843,2279,2564,1237,3514,92,ITH,ITH2,4,Provincia Autonoma Trento,P.A. Trento,541380,575874,106.37,0.89
1635,2021-01-19,PAT,434,89,345,434,0,0,ITH,ITH2,4,Provincia Autonoma Trento,P.A. Trento,541380,576308,106.45,0.08
1636,2021-07-23,PAT,4750,2435,2315,1667,2952,131,ITH,ITH2,4,Provincia Autonoma Trento,P.A. Trento,541380,581058,107.33,0.88
1637,2021-05-25,PAT,4866,2315,2551,1743,2974,149,ITH,ITH2,4,Provincia Autonoma Trento,P.A. Trento,541380,585924,108.23,0.9
1638,2021-05-08,PAT,3195,1743,1452,2571,426,198,ITH,ITH2,4,Provincia Autonoma Trento,P.A. Trento,541380,589119,108.82,0.59
1639,2021-02-14,PAT,250,189,61,11,239,0,ITH,ITH2,4,Provincia Autonoma Trento,P.A. Trento,541380,589369,108.86,0.05
1640,2021-08-18,PAT,4633,2552,2081,1428,3118,87,ITH,ITH2,4,Provincia Autonoma Trento,P.A. Trento,541380,594002,109.72,0.86
1641,2021-05-27,PAT,4378,2033,2345,1166,3080,132,ITH,ITH2,4,Provincia Autonoma Trento,P.A. Trento,541380,598380,110.53,0.81
1642,2021-01-10,PAT,87,20,67,87,0,0,ITH,ITH2,4,Provincia Autonoma Trento,P.A. Trento,541380,598467,110.54,0.02
1643,2021-01-29,PAT,1423,362,1061,56,1367,0,ITH,ITH2,4,Provincia Autonoma Trento,P.A. Trento,541380,599890,110.81,0.26
1644,2021-07-14,PAT,4182,2173,2009,1714,2353,115,ITH,ITH2,4,Provincia Autonoma Trento,P.A. Trento,541380,604072,111.58,0.77
1645,2021-04-22,PAT,3174,1481,1693,2946,46,182,ITH,ITH2,4,Provincia Autonoma Trento,P.A. Trento,541380,607246,112.17,0.59
1646,2021-07-31,PAT,1494,856,638,1072,383,39,ITH,ITH2,4,Provincia Autonoma Trento,P.A. Trento,541380,608740,112.44,0.28
1647,2021-01-26,PAT,577,173,404,28,549,0,ITH,ITH2,4,Provincia Autonoma Trento,P.A. Trento,541380,609317,112.55,0.11
1648,2021-05-06,PAT,5614,2793,2821,4445,793,376,ITH,ITH2,4,Provincia Autonoma Trento,P.A. Trento,541380,614931,113.59,1.04
1649,2021-03-10,PAT,2482,973,1509,1471,947,64,ITH,ITH2,4,Provincia Autonoma Trento,P.A. Trento,541380,617413,114.04,0.46
1650,2021-04-07,PAT,2652,1027,1625,1576,954,122,ITH,ITH2,4,Provincia Autonoma Trento,P.A. Trento,541380,620065,114.53,0.49
1651,2021-07-16,PAT,4596,2368,2228,1740,2704,152,ITH,ITH2,4,Provincia Autonoma Trento,P.A. Trento,541380,624661,115.38,0.85
1652,2021-06-27,PAT,1368,735,633,396,961,11,ITH,ITH2,4,Provincia Autonoma Trento,P.A. Trento,541380,626029,115.64,0.25
1653,2021-01-31,PAT,77,16,61,1,76,0,ITH,ITH2,4,Provincia Autonoma Trento,P.A. Trento,541380,626106,115.65,0.01
1654,2021-07-04,PAT,225,125,100,66,157,2,ITH,ITH2,4,Provincia Autonoma Trento,P.A. Trento,541380,626331,115.69,0.04
1655,2021-01-12,PAT,541,173,368,540,0,1,ITH,ITH2,4,Provincia Autonoma Trento,P.A. Trento,541380,626872,115.79,0.1
1656,2021-03-19,PAT,2467,925,1542,1503,881,83,ITH,ITH2,4,Provincia Autonoma Trento,P.A. Trento,541380,629339,116.25,0.46
1657,2021-04-05,PAT,35,17,18,30,2,3,ITH,ITH2,4,Provincia Autonoma Trento,P.A. Trento,541380,629374,116.25,0.01
1658,2021-08-23,PAT,4319,2283,2036,1415,2739,165,ITH,ITH2,4,Provincia Autonoma Trento,P.A. Trento,541380,633693,117.05,0.8
1659,2021-07-11,PAT,1034,565,469,131,894,9,ITH,ITH2,4,Provincia Autonoma Trento,P.A. Trento,541380,634727,117.24,0.19
1660,2021-02-08,PAT,1194,333,861,347,847,0,ITH,ITH2,4,Provincia Autonoma Trento,P.A. Trento,541380,635921,117.46,0.22
1661,2021-07-17,PAT,1098,537,561,272,808,18,ITH,ITH2,4,Provincia Autonoma Trento,P.A. Trento,541380,637019,117.67,0.2
1662,2021-05-21,PAT,5210,2504,2706,3136,1802,272,ITH,ITH2,4,Provincia Autonoma Trento,P.A. Trento,541380,642229,118.63,0.96
1663,2021-02-01,PAT,1278,356,922,98,1180,0,ITH,ITH2,4,Provincia Autonoma Trento,P.A. Trento,541380,643507,118.86,0.24
1664,2021-02-03,PAT,876,325,551,416,460,0,ITH,ITH2,4,Provincia Autonoma Trento,P.A. Trento,541380,644383,119.03,0.16
1665,2021-07-19,PAT,4805,2528,2277,1454,3223,128,ITH,ITH2,4,Provincia Autonoma Trento,P.A. Trento,541380,649188,119.91,0.89
1666,2021-05-23,PAT,1995,1015,980,432,1535,28,ITH,ITH2,4,Provincia Autonoma Trento,P.A. Trento,541380,651183,120.28,0.37
1667,2021-04-10,PAT,2876,1352,1524,1994,803,79,ITH,ITH2,4,Provincia Autonoma Trento,P.A. Trento,541380,654059,120.81,0.53
1668,2021-02-10,PAT,872,295,577,513,358,1,ITH,ITH2,4,Provincia Autonoma Trento,P.A. Trento,541380,654931,120.97,0.16
1669,2021-07-26,PAT,3893,2053,1840,835,2992,66,ITH,ITH2,4,Provincia Autonoma Trento,P.A. Trento,541380,658824,121.69,0.72
1670,2021-04-08,PAT,3175,1333,1842,1949,1133,93,ITH,ITH2,4,Provincia Autonoma Trento,P.A. Trento,541380,661999,122.28,0.59
1671,2020-12-31,PAT,1701,480,1221,1701,0,0,ITH,ITH2,4,Provincia Autonoma Trento,P.A. Trento,541380,663700,122.59,0.31
1672,2021-06-22,PAT,6383,3480,2903,3628,2568,187,ITH,ITH2,4,Provincia Autonoma Trento,P.A. Trento,541380,670083,123.77,1.18
1673,2021-03-05,PAT,2305,736,1569,1640,569,96,ITH,ITH2,4,Provincia Autonoma Trento,P.A. Trento,541380,672388,124.2,0.43
1674,2021-01-07,PAT,1301,328,973,1298,0,3,ITH,ITH2,4,Provincia Autonoma Trento,P.A. Trento,541380,673689,124.44,0.24
1675,2021-04-17,PAT,2251,1146,1105,2088,57,106,ITH,ITH2,4,Provincia Autonoma Trento,P.A. Trento,541380,675940,124.86,0.42
1676,2021-04-19,PAT,2645,1244,1401,2431,23,191,ITH,ITH2,4,Provincia Autonoma Trento,P.A. Trento,541380,678585,125.34,0.49
1677,2021-07-28,PAT,4863,2666,2197,2162,2570,131,ITH,ITH2,4,Provincia Autonoma Trento,P.A. Trento,541380,683448,126.24,0.9
1678,2021-06-15,PAT,6327,3339,2988,1630,4564,133,ITH,ITH2,4,Provincia Autonoma Trento,P.A. Trento,541380,689775,127.41,1.17
1679,2021-06-27,MOL,2378,1127,1251,1135,1232,11,ITF,ITF2,14,Molise,Molise,305617,2378,0.78,0.78
1680,2021-01-07,MOL,600,209,391,600,0,0,ITF,ITF2,14,Molise,Molise,305617,2978,0.97,0.2
1681,2021-02-12,MOL,336,151,185,211,124,1,ITF,ITF2,14,Molise,Molise,305617,3314,1.08,0.11
1682,2021-03-24,MOL,1633,658,975,1214,402,17,ITF,ITF2,14,Molise,Molise,305617,4947,1.62,0.53
1683,2021-07-02,MOL,2685,1301,1384,134,2542,9,ITF,ITF2,14,Molise,Molise,305617,7632,2.5,0.88
1684,2021-07-04,MOL,2154,1087,1067,580,1551,23,ITF,ITF2,14,Molise,Molise,305617,9786,3.2,0.7
1685,2021-01-26,MOL,450,184,266,8,442,0,ITF,ITF2,14,Molise,Molise,305617,10236,3.35,0.15
1686,2021-05-06,MOL,2700,1222,1478,2049,606,45,ITF,ITF2,14,Molise,Molise,305617,12936,4.23,0.88
1687,2021-07-28,MOL,2434,1289,1145,1136,1266,32,ITF,ITF2,14,Molise,Molise,305617,15370,5.03,0.8
1688,2021-08-23,MOL,1721,932,789,270,1438,13,ITF,ITF2,14,Molise,Molise,305617,17091,5.59,0.56
1689,2021-02-19,MOL,171,95,76,169,2,0,ITF,ITF2,14,Molise,Molise,305617,17262,5.65,0.06
1690,2021-03-10,MOL,1745,722,1023,1673,50,22,ITF,ITF2,14,Molise,Molise,305617,19007,6.22,0.57
1691,2021-06-01,MOL,2610,1326,1284,2464,108,38,ITF,ITF2,14,Molise,Molise,305617,21617,7.07,0.85
1692,2021-07-14,MOL,3407,1668,1739,196,3195,16,ITF,ITF2,14,Molise,Molise,305617,25024,8.19,1.11
1693,2021-04-05,MOL,391,189,202,292,99,0,ITF,ITF2,14,Molise,Molise,305617,25415,8.32,0.13
1694,2021-03-29,MOL,2038,836,1202,1518,488,32,ITF,ITF2,14,Molise,Molise,305617,27453,8.98,0.67
1695,2021-01-31,MOL,268,70,198,6,262,0,ITF,ITF2,14,Molise,Molise,305617,27721,9.07,0.09
1696,2021-08-11,MOL,2019,1056,963,1147,814,58,ITF,ITF2,14,Molise,Molise,305617,29740,9.73,0.66
1697,2021-01-12,MOL,336,114,222,336,0,0,ITF,ITF2,14,Molise,Molise,305617,30076,9.84,0.11
1698,2021-05-01,MOL,2654,1272,1382,407,2228,19,ITF,ITF2,14,Molise,Molise,305617,32730,10.71,0.87
1699,2021-03-05,MOL,1228,653,575,1007,208,13,ITF,ITF2,14,Molise,Molise,305617,33958,11.11,0.4
1700,2021-08-09,MOL,3439,1779,1660,1631,1759,49,ITF,ITF2,14,Molise,Molise,305617,37397,12.24,1.13
1701,2021-06-13,MOL,2914,1552,1362,2547,328,39,ITF,ITF2,14,Molise,Molise,305617,40311,13.19,0.95
1702,2021-04-17,MOL,3062,1507,1555,1543,1492,27,ITF,ITF2,14,Molise,Molise,305617,43373,14.19,1.0
1703,2021-02-07,MOL,66,32,34,19,47,0,ITF,ITF2,14,Molise,Molise,305617,43439,14.21,0.02
1704,2021-05-18,MOL,1663,887,776,999,658,6,ITF,ITF2,14,Molise,Molise,305617,45102,14.76,0.54
1705,2021-03-22,MOL,1153,443,710,891,245,17,ITF,ITF2,14,Molise,Molise,305617,46255,15.13,0.38
1706,2021-07-23,MOL,2920,1520,1400,874,1992,54,ITF,ITF2,14,Molise,Molise,305617,49175,16.09,0.96
1707,2021-08-16,MOL,1782,923,859,825,941,16,ITF,ITF2,14,Molise,Molise,305617,50957,16.67,0.58
1708,2021-03-15,MOL,834,340,494,570,245,19,ITF,ITF2,14,Molise,Molise,305617,51791,16.95,0.27
1709,2021-01-17,MOL,78,38,40,48,30,0,ITF,ITF2,14,Molise,Molise,305617,51869,16.97,0.03
1710,2021-04-10,MOL,2647,1264,1383,2456,152,39,ITF,ITF2,14,Molise,Molise,305617,54516,17.84,0.87
1711,2021-02-05,MOL,595,270,325,55,540,0,ITF,ITF2,14,Molise,Molise,305617,55111,18.03,0.19
1712,2021-01-19,MOL,174,63,111,163,11,0,ITF,ITF2,14,Molise,Molise,305617,55285,18.09,0.06
1713,2021-04-29,MOL,2244,1148,1096,878,1351,15,ITF,ITF2,14,Molise,Molise,305617,57529,18.82,0.73
1714,2021-04-12,MOL,1299,557,742,1037,251,11,ITF,ITF2,14,Molise,Molise,305617,58828,19.25,0.43
1715,2021-07-21,MOL,2062,1040,1022,783,1241,38,ITF,ITF2,14,Molise,Molise,305617,60890,19.92,0.67
1716,2021-03-17,MOL,914,386,528,521,333,60,ITF,ITF2,14,Molise,Molise,305617,61804,20.22,0.3
1717,2021-06-25,MOL,3447,1694,1753,1474,1917,56,ITF,ITF2,14,Molise,Molise,305617,65251,21.35,1.13
1718,2021-06-08,MOL,2900,1601,1299,2201,696,3,ITF,ITF2,14,Molise,Molise,305617,68151,22.3,0.95
1719,2021-05-13,MOL,3051,1418,1633,2538,460,53,ITF,ITF2,14,Molise,Molise,305617,71202,23.3,1.0
1720,2021-08-21,MOL,2135,1203,932,1080,1014,41,ITF,ITF2,14,Molise,Molise,305617,73337,24.0,0.7
1721,2021-08-04,MOL,2515,1303,1212,956,1541,18,ITF,ITF2,14,Molise,Molise,305617,75852,24.82,0.82
1722,2021-04-28,MOL,1699,926,773,472,1220,7,ITF,ITF2,14,Molise,Molise,305617,77551,25.38,0.56
1723,2021-08-06,MOL,2325,1227,1098,1079,1203,43,ITF,ITF2,14,Molise,Molise,305617,79876,26.14,0.76
1724,2021-02-24,MOL,670,281,389,326,336,8,ITF,ITF2,14,Molise,Molise,305617,80546,26.36,0.22
1725,2021-07-16,MOL,3072,1556,1516,384,2660,28,ITF,ITF2,14,Molise,Molise,305617,83618,27.36,1.01
1726,2021-07-09,MOL,3439,1651,1788,166,3255,18,ITF,ITF2,14,Molise,Molise,305617,87057,28.49,1.13
1727,2021-06-20,MOL,423,174,249,48,371,4,ITF,ITF2,14,Molise,Molise,305617,87480,28.62,0.14
1728,2021-04-24,MOL,2559,1207,1352,697,1847,15,ITF,ITF2,14,Molise,Molise,305617,90039,29.46,0.84
1729,2021-02-26,MOL,564,261,303,490,73,1,ITF,ITF2,14,Molise,Molise,305617,90603,29.65,0.18
1730,2021-08-02,MOL,2699,1409,1290,1193,1463,43,ITF,ITF2,14,Molise,Molise,305617,93302,30.53,0.88
1731,2021-06-06,MOL,2088,1074,1014,1746,324,18,ITF,ITF2,14,Molise,Molise,305617,95390,31.21,0.68
1732,2021-03-19,MOL,1187,483,704,742,428,17,ITF,ITF2,14,Molise,Molise,305617,96577,31.6,0.39
1733,2021-01-21,MOL,6,2,4,6,0,0,ITF,ITF2,14,Molise,Molise,305617,96583,31.6,0.0
1734,2021-05-20,MOL,2677,1380,1297,2404,189,84,ITF,ITF2,14,Molise,Molise,305617,99260,32.48,0.88
1735,2021-05-25,MOL,1971,889,1082,1303,632,36,ITF,ITF2,14,Molise,Molise,305617,101231,33.12,0.64
1736,2021-01-04,MOL,314,131,183,314,0,0,ITF,ITF2,14,Molise,Molise,305617,101545,33.23,0.1
1737,2021-04-14,MOL,1812,769,1043,1136,665,11,ITF,ITF2,14,Molise,Molise,305617,103357,33.82,0.59
1738,2021-06-24,MOL,3345,1556,1789,440,2867,38,ITF,ITF2,14,Molise,Molise,305617,106702,34.91,1.09
1739,2021-03-02,MOL,670,385,285,506,158,6,ITF,ITF2,14,Molise,Molise,305617,107372,35.13,0.22
1740,2021-06-10,MOL,2591,1192,1399,1252,1301,38,ITF,ITF2,14,Molise,Molise,305617,109963,35.98,0.85
1741,2021-04-02,MOL,1463,713,750,663,780,20,ITF,ITF2,14,Molise,Molise,305617,111426,36.46,0.48
1742,2021-07-11,MOL,2457,1196,1261,180,2274,3,ITF,ITF2,14,Molise,Molise,305617,113883,37.26,0.8
1743,2021-03-07,MOL,1133,501,632,1128,2,3,ITF,ITF2,14,Molise,Molise,305617,115016,37.63,0.37
1744,2021-06-15,MOL,2236,1053,1183,762,1457,17,ITF,ITF2,14,Molise,Molise,305617,117252,38.37,0.73
1745,2021-06-17,MOL,2313,1020,1293,915,1371,27,ITF,ITF2,14,Molise,Molise,305617,119565,39.12,0.76
1746,2021-01-09,MOL,453,154,299,453,0,0,ITF,ITF2,14,Molise,Molise,305617,120018,39.27,0.15
1747,2021-04-19,MOL,1830,843,987,988,780,62,ITF,ITF2,14,Molise,Molise,305617,121848,39.87,0.6
1748,2021-03-31,MOL,2199,920,1279,1308,820,71,ITF,ITF2,14,Molise,Molise,305617,124047,40.59,0.72
1749,2021-02-23,MOL,585,223,362,362,221,2,ITF,ITF2,14,Molise,Molise,305617,124632,40.78,0.19
1750,2021-06-03,MOL,3312,1578,1734,2713,560,39,ITF,ITF2,14,Molise,Molise,305617,127944,41.86,1.08
1751,2021-04-07,MOL,1691,849,842,1371,275,45,ITF,ITF2,14,Molise,Molise,305617,129635,42.42,0.55
1752,2021-06-05,MOL,3013,1523,1490,2811,174,28,ITF,ITF2,14,Molise,Molise,305617,132648,43.4,0.99
1753,2021-07-18,MOL,1764,887,877,126,1629,9,ITF,ITF2,14,Molise,Molise,305617,134412,43.98,0.58
1754,2021-03-03,MOL,675,319,356,588,82,5,ITF,ITF2,14,Molise,Molise,305617,135087,44.2,0.22
1755,2021-01-05,MOL,449,180,269,449,0,0,ITF,ITF2,14,Molise,Molise,305617,135536,44.35,0.15
1756,2021-07-06,MOL,3066,1430,1636,38,3024,4,ITF,ITF2,14,Molise,Molise,305617,138602,45.35,1.0
1757,2021-05-10,MOL,2905,1291,1614,2497,373,35,ITF,ITF2,14,Molise,Molise,305617,141507,46.3,0.95
1758,2021-06-29,MOL,2498,1162,1336,381,2089,28,ITF,ITF2,14,Molise,Molise,305617,144005,47.12,0.82
1759,2021-05-03,MOL,2506,1179,1327,2302,163,41,ITF,ITF2,14,Molise,Molise,305617,146511,47.94,0.82
1760,2021-03-04,MOL,852,417,435,515,325,12,ITF,ITF2,14,Molise,Molise,305617,147363,48.22,0.28
1761,2021-06-12,MOL,5944,3057,2887,5657,203,84,ITF,ITF2,14,Molise,Molise,305617,153307,50.16,1.94
1762,2021-08-17,MOL,1663,876,787,339,1309,15,ITF,ITF2,14,Molise,Molise,305617,154970,50.71,0.54
1763,2021-06-14,MOL,1645,816,829,546,1082,17,ITF,ITF2,14,Molise,Molise,305617,156615,51.25,0.54
1764,2021-01-20,MOL,18,8,10,18,0,0,ITF,ITF2,14,Molise,Molise,305617,156633,51.25,0.01
1765,2021-08-20,MOL,2455,1292,1163,503,1934,18,ITF,ITF2,14,Molise,Molise,305617,159088,52.05,0.8
1766,2021-01-28,MOL,615,217,398,17,598,0,ITF,ITF2,14,Molise,Molise,305617,159703,52.26,0.2
1767,2021-03-12,MOL,1464,640,824,1406,36,22,ITF,ITF2,14,Molise,Molise,305617,161167,52.73,0.48
1768,2021-01-14,MOL,649,240,409,649,0,0,ITF,ITF2,14,Molise,Molise,305617,161816,52.95,0.21
1769,2021-03-26,MOL,2583,1046,1537,1892,645,46,ITF,ITF2,14,Molise,Molise,305617,164399,53.79,0.85
1770,2021-07-13,MOL,2810,1427,1383,320,2473,17,ITF,ITF2,14,Molise,Molise,305617,167209,54.71,0.92
1771,2021-02-28,MOL,835,336,499,791,42,2,ITF,ITF2,14,Molise,Molise,305617,168044,54.99,0.27
1772,2021-02-27,MOL,1370,570,800,1346,19,5,ITF,ITF2,14,Molise,Molise,305617,169414,55.43,0.45
1773,2021-06-07,MOL,1968,864,1104,1124,820,24,ITF,ITF2,14,Molise,Molise,305617,171382,56.08,0.64
1774,2021-02-13,MOL,132,80,52,132,0,0,ITF,ITF2,14,Molise,Molise,305617,171514,56.12,0.04
1775,2021-05-24,MOL,1972,857,1115,1272,672,28,ITF,ITF2,14,Molise,Molise,305617,173486,56.77,0.65
1776,2021-02-21,MOL,576,227,349,574,2,0,ITF,ITF2,14,Molise,Molise,305617,174062,56.95,0.19
1777,2021-02-04,MOL,761,296,465,77,684,0,ITF,ITF2,14,Molise,Molise,305617,174823,57.2,0.25
1778,2021-05-15,MOL,2990,1404,1586,2551,386,53,ITF,ITF2,14,Molise,Molise,305617,177813,58.18,0.98
1779,2021-08-13,MOL,1532,798,734,1120,383,29,ITF,ITF2,14,Molise,Molise,305617,179345,58.68,0.5
1780,2021-05-08,MOL,2991,1459,1532,1705,1248,38,ITF,ITF2,14,Molise,Molise,305617,182336,59.66,0.98
1781,2021-04-21,MOL,1878,795,1083,970,901,7,ITF,ITF2,14,Molise,Molise,305617,184214,60.28,0.61
1782,2021-07-30,MOL,2682,1388,1294,1436,1190,56,ITF,ITF2,14,Molise,Molise,305617,186896,61.15,0.88
1783,2021-02-11,MOL,295,133,162,258,37,0,ITF,ITF2,14,Molise,Molise,305617,187191,61.25,0.1
1784,2021-05-22,MOL,2282,1180,1102,2176,88,18,ITF,ITF2,14,Molise,Molise,305617,189473,62.0,0.75
1785,2021-04-30,MOL,2951,1563,1388,821,2115,15,ITF,ITF2,14,Molise,Molise,305617,192424,62.96,0.97
1786,2021-02-25,MOL,542,239,303,471,68,3,ITF,ITF2,14,Molise,Molise,305617,192966,63.14,0.18
1787,2021-08-10,MOL,1925,1046,879,686,1207,32,ITF,ITF2,14,Molise,Molise,305617,194891,63.77,0.63
1788,2021-08-12,MOL,1463,760,703,1027,398,38,ITF,ITF2,14,Molise,Molise,305617,196354,64.25,0.48
1789,2021-01-29,MOL,424,137,287,6,418,0,ITF,ITF2,14,Molise,Molise,305617,196778,64.39,0.14
1790,2021-05-09,MOL,2063,938,1125,1930,98,35,ITF,ITF2,14,Molise,Molise,305617,198841,65.06,0.68
1791,2021-07-07,MOL,2959,1368,1591,57,2898,4,ITF,ITF2,14,Molise,Molise,305617,201800,66.03,0.97
1792,2021-05-11,MOL,3230,1423,1807,2915,254,61,ITF,ITF2,14,Molise,Molise,305617,205030,67.09,1.06
1793,2021-08-19,MOL,2281,1145,1136,606,1648,27,ITF,ITF2,14,Molise,Molise,305617,207311,67.83,0.75
1794,2021-05-17,MOL,2231,1093,1138,1707,496,28,ITF,ITF2,14,Molise,Molise,305617,209542,68.56,0.73
1795,2021-03-21,MOL,1251,544,707,480,769,2,ITF,ITF2,14,Molise,Molise,305617,210793,68.97,0.41
1796,2021-08-25,MOL,706,353,353,184,517,5,ITF,ITF2,14,Molise,Molise,305617,211499,69.2,0.23
1797,2021-03-14,MOL,599,241,358,18,581,0,ITF,ITF2,14,Molise,Molise,305617,212098,69.4,0.2
1798,2021-08-18,MOL,1344,705,639,343,979,22,ITF,ITF2,14,Molise,Molise,305617,213442,69.84,0.44
1799,2021-06-22,MOL,2972,1372,1600,672,2280,20,ITF,ITF2,14,Molise,Molise,305617,216414,70.81,0.97
1800,2021-05-26,MOL,1599,721,878,810,756,33,ITF,ITF2,14,Molise,Molise,305617,218013,71.34,0.52
1801,2021-03-30,MOL,2007,859,1148,1474,513,20,ITF,ITF2,14,Molise,Molise,305617,220020,71.99,0.66
1802,2021-02-01,MOL,563,201,362,14,549,0,ITF,ITF2,14,Molise,Molise,305617,220583,72.18,0.18
1803,2021-07-08,MOL,3433,1652,1781,108,3302,23,ITF,ITF2,14,Molise,Molise,305617,224016,73.3,1.12
1804,2021-05-12,MOL,2864,1299,1565,2698,98,68,ITF,ITF2,14,Molise,Molise,305617,226880,74.24,0.94
1805,2021-04-06,MOL,1500,703,797,1133,345,22,ITF,ITF2,14,Molise,Molise,305617,228380,74.73,0.49
1806,2021-02-08,MOL,335,141,194,216,119,0,ITF,ITF2,14,Molise,Molise,305617,228715,74.84,0.11
1807,2021-03-28,MOL,1629,749,880,519,1103,7,ITF,ITF2,14,Molise,Molise,305617,230344,75.37,0.53
1808,2021-01-30,MOL,464,161,303,12,452,0,ITF,ITF2,14,Molise,Molise,305617,230808,75.52,0.15
1809,2021-02-18,MOL,321,74,247,304,13,4,ITF,ITF2,14,Molise,Molise,305617,231129,75.63,0.11
1810,2021-03-09,MOL,1334,582,752,1152,154,28,ITF,ITF2,14,Molise,Molise,305617,232463,76.06,0.44
1811,2021-02-20,MOL,1020,443,577,1000,20,0,ITF,ITF2,14,Molise,Molise,305617,233483,76.4,0.33
1812,2021-05-31,MOL,2377,1155,1222,1907,427,43,ITF,ITF2,14,Molise,Molise,305617,235860,77.18,0.78
1813,2021-05-14,MOL,2653,1220,1433,1894,722,37,ITF,ITF2,14,Molise,Molise,305617,238513,78.04,0.87
1814,2021-08-22,MOL,389,202,187,3,386,0,ITF,ITF2,14,Molise,Molise,305617,238902,78.17,0.13
1815,2021-02-02,MOL,540,176,364,216,323,1,ITF,ITF2,14,Molise,Molise,305617,239442,78.35,0.18
1816,2021-01-16,MOL,422,166,256,422,0,0,ITF,ITF2,14,Molise,Molise,305617,239864,78.49,0.14
1817,2021-04-26,MOL,1159,521,638,810,331,18,ITF,ITF2,14,Molise,Molise,305617,241023,78.86,0.38
1818,2021-04-09,MOL,2329,1254,1075,2108,191,30,ITF,ITF2,14,Molise,Molise,305617,243352,79.63,0.76
1819,2021-01-18,MOL,115,48,67,115,0,0,ITF,ITF2,14,Molise,Molise,305617,243467,79.66,0.04
1820,2021-04-11,MOL,1199,593,606,1167,14,18,ITF,ITF2,14,Molise,Molise,305617,244666,80.06,0.39
1821,2021-07-20,MOL,2177,1100,1077,1016,1114,47,ITF,ITF2,14,Molise,Molise,305617,246843,80.77,0.71
1822,2021-07-03,MOL,2746,1382,1364,571,2155,20,ITF,ITF2,14,Molise,Molise,305617,249589,81.67,0.9
1823,2021-08-08,MOL,889,465,424,647,227,15,ITF,ITF2,14,Molise,Molise,305617,250478,81.96,0.29
1824,2021-07-22,MOL,2208,1094,1114,842,1311,55,ITF,ITF2,14,Molise,Molise,305617,252686,82.68,0.72
1825,2021-07-15,MOL,3214,1616,1598,209,2990,15,ITF,ITF2,14,Molise,Molise,305617,255900,83.73,1.05
1826,2021-05-19,MOL,2354,1211,1143,1886,430,38,ITF,ITF2,14,Molise,Molise,305617,258254,84.5,0.77
1827,2021-03-23,MOL,1649,697,952,1415,209,25,ITF,ITF2,14,Molise,Molise,305617,259903,85.04,0.54
1828,2021-08-27,MOL,793,398,395,211,568,14,ITF,ITF2,14,Molise,Molise,305617,260696,85.3,0.26
1829,2021-07-01,MOL,2670,1299,1371,272,2383,15,ITF,ITF2,14,Molise,Molise,305617,263366,86.18,0.87
1830,2021-07-26,MOL,2428,1253,1175,1250,1118,60,ITF,ITF2,14,Molise,Molise,305617,265794,86.97,0.79
1831,2021-02-15,MOL,144,70,74,141,3,0,ITF,ITF2,14,Molise,Molise,305617,265938,87.02,0.05
1832,2021-05-07,MOL,2656,1235,1421,2021,599,36,ITF,ITF2,14,Molise,Molise,305617,268594,87.89,0.87
1833,2021-04-18,MOL,1087,484,603,143,937,7,ITF,ITF2,14,Molise,Molise,305617,269681,88.24,0.36
1834,2021-07-27,MOL,1926,1062,864,1314,551,61,ITF,ITF2,14,Molise,Molise,305617,271607,88.87,0.63
1835,2021-07-10,MOL,3727,1782,1945,322,3391,14,ITF,ITF2,14,Molise,Molise,305617,275334,90.09,1.22
1836,2021-04-04,MOL,253,141,112,231,15,7,ITF,ITF2,14,Molise,Molise,305617,275587,90.17,0.08
1837,2021-03-18,MOL,1159,477,682,635,465,59,ITF,ITF2,14,Molise,Molise,305617,276746,90.55,0.38
1838,2021-06-26,MOL,3132,1538,1594,528,2589,15,ITF,ITF2,14,Molise,Molise,305617,279878,91.58,1.02
1839,2021-02-10,MOL,151,79,72,131,20,0,ITF,ITF2,14,Molise,Molise,305617,280029,91.63,0.05
1840,2021-05-21,MOL,2196,1102,1094,1789,325,82,ITF,ITF2,14,Molise,Molise,305617,282225,92.35,0.72
1841,2021-01-27,MOL,675,251,424,8,667,0,ITF,ITF2,14,Molise,Molise,305617,282900,92.57,0.22
1842,2021-08-14,MOL,1619,874,745,706,894,19,ITF,ITF2,14,Molise,Molise,305617,284519,93.1,0.53
1843,2021-01-08,MOL,432,142,290,432,0,0,ITF,ITF2,14,Molise,Molise,305617,284951,93.24,0.14
1844,2021-04-01,MOL,1478,669,809,733,730,15,ITF,ITF2,14,Molise,Molise,305617,286429,93.72,0.48
1845,2021-03-16,MOL,615,230,385,265,348,2,ITF,ITF2,14,Molise,Molise,305617,287044,93.92,0.2
1846,2021-06-02,MOL,2822,1365,1457,2698,100,24,ITF,ITF2,14,Molise,Molise,305617,289866,94.85,0.92
1847,2021-02-06,MOL,430,179,251,29,401,0,ITF,ITF2,14,Molise,Molise,305617,290296,94.99,0.14
1848,2021-06-04,MOL,3076,1510,1566,2589,457,30,ITF,ITF2,14,Molise,Molise,305617,293372,95.99,1.01
1849,2021-01-22,MOL,128,36,92,128,0,0,ITF,ITF2,14,Molise,Molise,305617,293500,96.04,0.04
1850,2021-05-02,MOL,1900,934,966,580,1307,13,ITF,ITF2,14,Molise,Molise,305617,295400,96.66,0.62
1851,2021-03-06,MOL,1728,807,921,1559,159,10,ITF,ITF2,14,Molise,Molise,305617,297128,97.22,0.57
1852,2021-01-11,MOL,558,194,364,558,0,0,ITF,ITF2,14,Molise,Molise,305617,297686,97.4,0.18
1853,2021-07-29,MOL,2452,1256,1196,1588,818,46,ITF,ITF2,14,Molise,Molise,305617,300138,98.21,0.8
1854,2021-01-25,MOL,319,130,189,3,316,0,ITF,ITF2,14,Molise,Molise,305617,300457,98.31,0.1
1855,2021-05-05,MOL,2463,1058,1405,2287,144,32,ITF,ITF2,14,Molise,Molise,305617,302920,99.12,0.81
1856,2021-05-04,MOL,2714,1182,1532,2549,128,37,ITF,ITF2,14,Molise,Molise,305617,305634,100.01,0.89
1857,2021-01-10,MOL,270,72,198,270,0,0,ITF,ITF2,14,Molise,Molise,305617,305904,100.09,0.09
1858,2021-04-20,MOL,2331,1033,1298,1213,1109,9,ITF,ITF2,14,Molise,Molise,305617,308235,100.86,0.76
1859,2021-06-09,MOL,1810,911,899,853,928,29,ITF,ITF2,14,Molise,Molise,305617,310045,101.45,0.59
1860,2021-05-23,MOL,1784,897,887,1743,9,32,ITF,ITF2,14,Molise,Molise,305617,311829,102.03,0.58
1861,2021-07-19,MOL,2777,1356,1421,506,2244,27,ITF,ITF2,14,Molise,Molise,305617,314606,102.94,0.91
1862,2021-02-03,MOL,744,254,490,344,400,0,ITF,ITF2,14,Molise,Molise,305617,315350,103.18,0.24
1863,2021-04-27,MOL,1601,771,830,445,1131,25,ITF,ITF2,14,Molise,Molise,305617,316951,103.71,0.52
1864,2021-08-05,MOL,2283,1155,1128,1612,622,49,ITF,ITF2,14,Molise,Molise,305617,319234,104.46,0.75
1865,2021-03-25,MOL,1812,732,1080,1286,498,28,ITF,ITF2,14,Molise,Molise,305617,321046,105.05,0.59
1866,2021-03-08,MOL,1390,525,865,1212,140,38,ITF,ITF2,14,Molise,Molise,305617,322436,105.5,0.45
1867,2021-02-22,MOL,265,129,136,248,15,2,ITF,ITF2,14,Molise,Molise,305617,322701,105.59,0.09
1868,2020-12-27,MOL,50,20,30,50,0,0,ITF,ITF2,14,Molise,Molise,305617,322751,105.61,0.02
1869,2021-05-16,MOL,1259,577,682,1053,184,22,ITF,ITF2,14,Molise,Molise,305617,324010,106.02,0.41
1870,2021-08-24,MOL,1646,887,759,230,1394,22,ITF,ITF2,14,Molise,Molise,305617,325656,106.56,0.54
1871,2021-08-07,MOL,1922,1063,859,1047,848,27,ITF,ITF2,14,Molise,Molise,305617,327578,107.19,0.63
1872,2021-03-01,MOL,663,274,389,431,215,17,ITF,ITF2,14,Molise,Molise,305617,328241,107.4,0.22
1873,2021-04-03,MOL,1777,854,923,1721,35,21,ITF,ITF2,14,Molise,Molise,305617,330018,107.98,0.58
1874,2021-07-12,MOL,2678,1321,1357,356,2301,21,ITF,ITF2,14,Molise,Molise,305617,332696,108.86,0.88
1875,2021-06-16,MOL,2100,1038,1062,1151,934,15,ITF,ITF2,14,Molise,Molise,305617,334796,109.55,0.69
1876,2021-04-13,MOL,1633,718,915,1037,588,8,ITF,ITF2,14,Molise,Molise,305617,336429,110.08,0.53
1877,2021-03-27,MOL,2747,1275,1472,1296,1434,17,ITF,ITF2,14,Molise,Molise,305617,339176,110.98,0.9
1878,2021-07-05,MOL,2742,1284,1458,40,2700,2,ITF,ITF2,14,Molise,Molise,305617,341918,111.88,0.9
1879,2021-06-18,MOL,2778,1256,1522,1290,1460,28,ITF,ITF2,14,Molise,Molise,305617,344696,112.79,0.91
1880,2021-04-08,MOL,1775,908,867,1545,203,27,ITF,ITF2,14,Molise,Molise,305617,346471,113.37,0.58
1881,2021-07-17,MOL,2854,1523,1331,293,2539,22,ITF,ITF2,14,Molise,Molise,305617,349325,114.3,0.93
1882,2021-04-22,MOL,1849,866,983,1059,779,11,ITF,ITF2,14,Molise,Molise,305617,351174,114.91,0.61
1883,2021-07-31,MOL,1992,1113,879,756,1195,41,ITF,ITF2,14,Molise,Molise,305617,353166,115.56,0.65
1884,2021-02-17,MOL,72,32,40,50,15,7,ITF,ITF2,14,Molise,Molise,305617,353238,115.58,0.02
1885,2021-07-24,MOL,3139,1687,1452,731,2378,30,ITF,ITF2,14,Molise,Molise,305617,356377,116.61,1.03
1886,2021-05-28,MOL,2663,1370,1293,2043,547,73,ITF,ITF2,14,Molise,Molise,305617,359040,117.48,0.87
1887,2021-05-30,MOL,1873,935,938,1559,286,28,ITF,ITF2,14,Molise,Molise,305617,360913,118.09,0.61
1888,2021-06-11,MOL,3464,1666,1798,1986,1432,46,ITF,ITF2,14,Molise,Molise,305617,364377,119.23,1.13
1889,2021-04-15,MOL,1940,801,1139,1085,849,6,ITF,ITF2,14,Molise,Molise,305617,366317,119.86,0.63
1890,2021-02-16,MOL,158,72,86,151,6,1,ITF,ITF2,14,Molise,Molise,305617,366475,119.91,0.05
1891,2021-05-27,MOL,2844,1351,1493,1967,841,36,ITF,ITF2,14,Molise,Molise,305617,369319,120.84,0.93
1892,2021-07-25,MOL,2014,1063,951,355,1644,15,ITF,ITF2,14,Molise,Molise,305617,371333,121.5,0.66
1893,2021-05-29,MOL,2371,1234,1137,1937,393,41,ITF,ITF2,14,Molise,Molise,305617,373704,122.28,0.78
1894,2021-02-09,MOL,360,170,190,197,163,0,ITF,ITF2,14,Molise,Molise,305617,374064,122.4,0.12
1895,2021-08-01,MOL,960,525,435,754,175,31,ITF,ITF2,14,Molise,Molise,305617,375024,122.71,0.31
1896,2021-08-03,MOL,2201,1143,1058,1215,952,34,ITF,ITF2,14,Molise,Molise,305617,377225,123.43,0.72
1897,2021-03-11,MOL,1472,641,831,1451,6,15,ITF,ITF2,14,Molise,Molise,305617,378697,123.91,0.48
1898,2021-01-06,MOL,690,260,430,690,0,0,ITF,ITF2,14,Molise,Molise,305617,379387,124.14,0.23
1899,2021-04-16,MOL,2435,1035,1400,1178,1234,23,ITF,ITF2,14,Molise,Molise,305617,381822,124.93,0.8
1900,2021-06-21,MOL,2924,1361,1563,1640,1237,47,ITF,ITF2,14,Molise,Molise,305617,384746,125.89,0.96
1901,2021-04-25,MOL,794,397,397,557,233,4,ITF,ITF2,14,Molise,Molise,305617,385540,126.15,0.26
1902,2021-01-13,MOL,479,163,316,479,0,0,ITF,ITF2,14,Molise,Molise,305617,386019,126.31,0.16
1903,2021-06-19,MOL,2357,1174,1183,1289,1023,45,ITF,ITF2,14,Molise,Molise,305617,388376,127.08,0.77
1904,2021-04-23,MOL,2059,886,1173,1378,662,19,ITF,ITF2,14,Molise,Molise,305617,390435,127.75,0.67
1905,2021-08-26,MOL,1667,899,768,305,1356,6,ITF,ITF2,14,Molise,Molise,305617,392102,128.3,0.55
1906,2021-06-30,MOL,2973,1414,1559,877,2012,84,ITF,ITF2,14,Molise,Molise,305617,395075,129.27,0.97
1907,2021-03-13,MOL,1192,597,595,184,990,18,ITF,ITF2,14,Molise,Molise,305617,396267,129.66,0.39
1908,2021-01-15,MOL,540,243,297,540,0,0,ITF,ITF2,14,Molise,Molise,305617,396807,129.84,0.18
1909,2021-06-23,MOL,2799,1289,1510,222,2567,10,ITF,ITF2,14,Molise,Molise,305617,399606,130.75,0.92
1910,2021-03-20,MOL,2330,975,1355,997,1323,10,ITF,ITF2,14,Molise,Molise,305617,401936,131.52,0.76
1911,2021-06-28,MOL,2920,1361,1559,1008,1889,23,ITF,ITF2,14,Molise,Molise,305617,404856,132.47,0.96
1912,2021-08-15,UMB,4388,2384,2004,2861,1382,145,ITI,ITI2,10,Umbria,Umbria,882015,4388,0.5,0.5
1913,2021-07-29,UMB,8193,4222,3971,2145,5930,118,ITI,ITI2,10,Umbria,Umbria,882015,12581,1.43,0.93
1914,2021-05-07,UMB,10126,4714,5412,6651,3192,283,ITI,ITI2,10,Umbria,Umbria,882015,22707,2.57,1.15
1915,2021-07-03,UMB,6473,3246,3227,2826,3496,151,ITI,ITI2,10,Umbria,Umbria,882015,29180,3.31,0.73
1916,2021-07-20,UMB,8264,4106,4158,1096,7084,84,ITI,ITI2,10,Umbria,Umbria,882015,37444,4.25,0.94
1917,2021-02-13,UMB,114,27,87,111,3,0,ITI,ITI2,10,Umbria,Umbria,882015,37558,4.26,0.01
1918,2021-05-24,UMB,9066,4514,4552,8021,880,165,ITI,ITI2,10,Umbria,Umbria,882015,46624,5.29,1.03
1919,2021-04-18,UMB,1532,681,851,578,931,23,ITI,ITI2,10,Umbria,Umbria,882015,48156,5.46,0.17
1920,2021-01-11,UMB,1309,345,964,1309,0,0,ITI,ITI2,10,Umbria,Umbria,882015,49465,5.61,0.15
1921,2021-07-27,UMB,8136,4086,4050,2694,5326,116,ITI,ITI2,10,Umbria,Umbria,882015,57601,6.53,0.92
1922,2021-05-05,UMB,7223,3306,3917,3833,3306,84,ITI,ITI2,10,Umbria,Umbria,882015,64824,7.35,0.82
1923,2021-01-25,UMB,648,322,326,5,643,0,ITI,ITI2,10,Umbria,Umbria,882015,65472,7.42,0.07
1924,2021-06-02,UMB,3923,1885,2038,3802,42,79,ITI,ITI2,10,Umbria,Umbria,882015,69395,7.87,0.44
1925,2021-02-20,UMB,283,101,182,259,24,0,ITI,ITI2,10,Umbria,Umbria,882015,69678,7.9,0.03
1926,2021-03-09,UMB,4089,2001,2088,2792,1288,9,ITI,ITI2,10,Umbria,Umbria,882015,73767,8.36,0.46
1927,2021-04-06,UMB,5291,2167,3124,2864,2390,37,ITI,ITI2,10,Umbria,Umbria,882015,79058,8.96,0.6
1928,2021-03-28,UMB,1096,441,655,1041,24,31,ITI,ITI2,10,Umbria,Umbria,882015,80154,9.09,0.12
1929,2021-01-30,UMB,1575,486,1089,43,1532,0,ITI,ITI2,10,Umbria,Umbria,882015,81729,9.27,0.18
1930,2021-07-15,UMB,10565,5176,5389,562,9905,98,ITI,ITI2,10,Umbria,Umbria,882015,92294,10.46,1.2
1931,2021-08-10,UMB,7391,3929,3462,3999,3249,143,ITI,ITI2,10,Umbria,Umbria,882015,99685,11.3,0.84
1932,2021-06-14,UMB,5380,2745,2635,3252,2011,117,ITI,ITI2,10,Umbria,Umbria,882015,105065,11.91,0.61
1933,2021-04-23,UMB,6656,2820,3836,3299,3158,199,ITI,ITI2,10,Umbria,Umbria,882015,111721,12.67,0.75
1934,2021-02-25,UMB,1333,495,838,1273,52,8,ITI,ITI2,10,Umbria,Umbria,882015,113054,12.82,0.15
1935,2021-03-11,UMB,3590,1727,1863,2571,1006,13,ITI,ITI2,10,Umbria,Umbria,882015,116644,13.22,0.41
1936,2021-01-13,UMB,450,139,311,450,0,0,ITI,ITI2,10,Umbria,Umbria,882015,117094,13.28,0.05
1937,2021-06-19,UMB,4571,2200,2371,2460,2032,79,ITI,ITI2,10,Umbria,Umbria,882015,121665,13.79,0.52
1938,2021-01-06,UMB,847,326,521,847,0,0,ITI,ITI2,10,Umbria,Umbria,882015,122512,13.89,0.1
1939,2021-06-12,UMB,7716,3687,4029,5960,1579,177,ITI,ITI2,10,Umbria,Umbria,882015,130228,14.76,0.87
1940,2021-04-16,UMB,8099,3743,4356,6082,1838,179,ITI,ITI2,10,Umbria,Umbria,882015,138327,15.68,0.92
1941,2021-04-30,UMB,6256,2971,3285,2734,3400,122,ITI,ITI2,10,Umbria,Umbria,882015,144583,16.39,0.71
1942,2021-03-23,UMB,3825,1713,2112,2158,1630,37,ITI,ITI2,10,Umbria,Umbria,882015,148408,16.83,0.43
1943,2021-08-27,UMB,2538,1340,1198,737,1757,44,ITI,ITI2,10,Umbria,Umbria,882015,150946,17.11,0.29
1944,2021-07-01,UMB,9691,4797,4894,3296,6285,110,ITI,ITI2,10,Umbria,Umbria,882015,160637,18.21,1.1
1945,2021-02-08,UMB,636,203,433,88,548,0,ITI,ITI2,10,Umbria,Umbria,882015,161273,18.28,0.07
1946,2021-05-19,UMB,9422,4218,5204,5592,3745,85,ITI,ITI2,10,Umbria,Umbria,882015,170695,19.35,1.07
1947,2021-03-18,UMB,2982,1177,1805,1711,1264,7,ITI,ITI2,10,Umbria,Umbria,882015,173677,19.69,0.34
1948,2021-06-26,UMB,9326,4737,4589,5571,3633,122,ITI,ITI2,10,Umbria,Umbria,882015,183003,20.75,1.06
1949,2021-07-10,UMB,7687,3810,3877,66,7607,14,ITI,ITI2,10,Umbria,Umbria,882015,190690,21.62,0.87
1950,2021-07-22,UMB,10060,4913,5147,1652,8303,105,ITI,ITI2,10,Umbria,Umbria,882015,200750,22.76,1.14
1951,2021-01-01,UMB,273,104,169,273,0,0,ITI,ITI2,10,Umbria,Umbria,882015,201023,22.79,0.03
1952,2021-04-11,UMB,3099,1505,1594,3033,49,17,ITI,ITI2,10,Umbria,Umbria,882015,204122,23.14,0.35
1953,2021-01-18,UMB,617,220,397,530,87,0,ITI,ITI2,10,Umbria,Umbria,882015,204739,23.21,0.07
1954,2021-04-04,UMB,57,20,37,22,35,0,ITI,ITI2,10,Umbria,Umbria,882015,204796,23.22,0.01
1955,2021-06-07,UMB,6947,3427,3520,6074,696,177,ITI,ITI2,10,Umbria,Umbria,882015,211743,24.01,0.79
1956,2021-03-16,UMB,3538,1454,2084,1909,1627,2,ITI,ITI2,10,Umbria,Umbria,882015,215281,24.41,0.4
1957,2021-02-27,UMB,1658,354,1304,1642,16,0,ITI,ITI2,10,Umbria,Umbria,882015,216939,24.6,0.19
1958,2021-04-03,UMB,2099,712,1387,1034,1054,11,ITI,ITI2,10,Umbria,Umbria,882015,219038,24.83,0.24
1959,2021-07-12,UMB,4622,2236,2386,105,4505,12,ITI,ITI2,10,Umbria,Umbria,882015,223660,25.36,0.52
1960,2021-08-22,UMB,1469,772,697,478,977,14,ITI,ITI2,10,Umbria,Umbria,882015,225129,25.52,0.17
1961,2021-05-31,UMB,5818,2846,2972,4848,885,85,ITI,ITI2,10,Umbria,Umbria,882015,230947,26.18,0.66
1962,2021-05-14,UMB,5334,2515,2819,3352,1819,163,ITI,ITI2,10,Umbria,Umbria,882015,236281,26.79,0.6
1963,2021-02-01,UMB,1284,341,943,48,1236,0,ITI,ITI2,10,Umbria,Umbria,882015,237565,26.93,0.15
1964,2021-02-18,UMB,1496,582,914,1029,466,1,ITI,ITI2,10,Umbria,Umbria,882015,239061,27.1,0.17
1965,2021-04-25,UMB,4358,1684,2674,3866,83,409,ITI,ITI2,10,Umbria,Umbria,882015,243419,27.6,0.49
1966,2021-08-03,UMB,9190,4756,4434,3501,5512,177,ITI,ITI2,10,Umbria,Umbria,882015,252609,28.64,1.04
1967,2021-08-17,UMB,3662,1906,1756,2486,1088,88,ITI,ITI2,10,Umbria,Umbria,882015,256271,29.06,0.42
1968,2021-07-08,UMB,9570,4631,4939,179,9344,47,ITI,ITI2,10,Umbria,Umbria,882015,265841,30.14,1.09
1969,2021-05-12,UMB,6498,3027,3471,4202,2147,149,ITI,ITI2,10,Umbria,Umbria,882015,272339,30.88,0.74
1970,2021-03-30,UMB,3981,1733,2248,2401,1542,38,ITI,ITI2,10,Umbria,Umbria,882015,276320,31.33,0.45
1971,2020-12-27,UMB,87,46,41,87,0,0,ITI,ITI2,10,Umbria,Umbria,882015,276407,31.34,0.01
1972,2021-03-04,UMB,4485,1855,2630,3643,827,15,ITI,ITI2,10,Umbria,Umbria,882015,280892,31.85,0.51
1973,2021-08-08,UMB,5060,2710,2350,3553,1414,93,ITI,ITI2,10,Umbria,Umbria,882015,285952,32.42,0.57
1974,2021-01-20,UMB,603,221,382,603,0,0,ITI,ITI2,10,Umbria,Umbria,882015,286555,32.49,0.07
1975,2021-02-06,UMB,411,144,267,34,377,0,ITI,ITI2,10,Umbria,Umbria,882015,286966,32.54,0.05
1976,2021-05-26,UMB,9657,4569,5088,8213,1252,192,ITI,ITI2,10,Umbria,Umbria,882015,296623,33.63,1.09
1977,2021-07-26,UMB,9079,4796,4283,3876,5079,124,ITI,ITI2,10,Umbria,Umbria,882015,305702,34.66,1.03
1978,2021-04-20,UMB,5451,2365,3086,3429,1947,75,ITI,ITI2,10,Umbria,Umbria,882015,311153,35.28,0.62
1979,2021-01-27,UMB,841,330,511,13,828,0,ITI,ITI2,10,Umbria,Umbria,882015,311994,35.37,0.1
1980,2021-01-10,UMB,1066,274,792,1066,0,0,ITI,ITI2,10,Umbria,Umbria,882015,313060,35.49,0.12
1981,2021-05-21,UMB,8977,3671,5306,4063,4829,85,ITI,ITI2,10,Umbria,Umbria,882015,322037,36.51,1.02
1982,2021-05-04,UMB,5540,2546,2994,2353,3125,62,ITI,ITI2,10,Umbria,Umbria,882015,327577,37.14,0.63
1983,2021-04-01,UMB,4379,1841,2538,2325,2016,38,ITI,ITI2,10,Umbria,Umbria,882015,331956,37.64,0.5
1984,2021-05-30,UMB,5982,2999,2983,5662,202,118,ITI,ITI2,10,Umbria,Umbria,882015,337938,38.31,0.68
1985,2021-03-08,UMB,3700,1825,1875,2326,1361,13,ITI,ITI2,10,Umbria,Umbria,882015,341638,38.73,0.42
1986,2021-06-16,UMB,6318,3092,3226,3069,3097,152,ITI,ITI2,10,Umbria,Umbria,882015,347956,39.45,0.72
1987,2021-03-25,UMB,3934,1726,2208,2823,1064,47,ITI,ITI2,10,Umbria,Umbria,882015,351890,39.9,0.45
1988,2021-03-27,UMB,4251,1513,2738,3855,340,56,ITI,ITI2,10,Umbria,Umbria,882015,356141,40.38,0.48
1989,2021-01-08,UMB,1187,344,843,1187,0,0,ITI,ITI2,10,Umbria,Umbria,882015,357328,40.51,0.13
1990,2021-05-23,UMB,5071,1856,3215,636,4419,16,ITI,ITI2,10,Umbria,Umbria,882015,362399,41.09,0.57
1991,2021-02-22,UMB,1889,807,1082,1803,86,0,ITI,ITI2,10,Umbria,Umbria,882015,364288,41.3,0.21
1992,2021-06-11,UMB,7000,3518,3482,5992,772,236,ITI,ITI2,10,Umbria,Umbria,882015,371288,42.1,0.79
1993,2021-04-08,UMB,5881,2515,3366,4005,1804,72,ITI,ITI2,10,Umbria,Umbria,882015,377169,42.76,0.67
1994,2021-07-17,UMB,7665,3855,3810,1284,6232,149,ITI,ITI2,10,Umbria,Umbria,882015,384834,43.63,0.87
1995,2021-06-04,UMB,8920,4410,4510,7537,1202,181,ITI,ITI2,10,Umbria,Umbria,882015,393754,44.64,1.01
1996,2021-06-13,UMB,6764,3557,3207,6390,230,144,ITI,ITI2,10,Umbria,Umbria,882015,400518,45.41,0.77
1997,2021-06-21,UMB,7509,3935,3574,5063,2338,108,ITI,ITI2,10,Umbria,Umbria,882015,408027,46.26,0.85
1998,2021-03-06,UMB,4306,1147,3159,4134,138,34,ITI,ITI2,10,Umbria,Umbria,882015,412333,46.75,0.49
1999,2021-01-22,UMB,276,105,171,32,244,0,ITI,ITI2,10,Umbria,Umbria,882015,412609,46.78,0.03
2000,2021-06-28,UMB,9772,4819,4953,3714,5982,76,ITI,ITI2,10,Umbria,Umbria,882015,422381,47.89,1.11
2001,2021-05-02,UMB,3781,1867,1914,1298,2454,29,ITI,ITI2,10,Umbria,Umbria,882015,426162,48.32,0.43
2002,2021-05-01,UMB,5372,2639,2733,2096,3230,46,ITI,ITI2,10,Umbria,Umbria,882015,431534,48.93,0.61
2003,2021-03-05,UMB,4620,1402,3218,3948,657,15,ITI,ITI2,10,Umbria,Umbria,882015,436154,49.45,0.52
2004,2021-08-09,UMB,6688,3544,3144,3501,3029,158,ITI,ITI2,10,Umbria,Umbria,882015,442842,50.21,0.76
2005,2021-03-03,UMB,4432,1772,2660,3718,711,3,ITI,ITI2,10,Umbria,Umbria,882015,447274,50.71,0.5
2006,2021-08-11,UMB,7608,4082,3526,3723,3703,182,ITI,ITI2,10,Umbria,Umbria,882015,454882,51.57,0.86
2007,2021-06-06,UMB,7609,3905,3704,6791,694,124,ITI,ITI2,10,Umbria,Umbria,882015,462491,52.44,0.86
2008,2021-08-12,UMB,7339,3894,3445,4576,2544,219,ITI,ITI2,10,Umbria,Umbria,882015,469830,53.27,0.83
2009,2021-06-30,UMB,10486,5299,5187,3668,6717,101,ITI,ITI2,10,Umbria,Umbria,882015,480316,54.46,1.19
2010,2021-07-07,UMB,9493,4499,4994,89,9374,30,ITI,ITI2,10,Umbria,Umbria,882015,489809,55.53,1.08
2011,2021-05-11,UMB,6255,2840,3415,3921,2193,141,ITI,ITI2,10,Umbria,Umbria,882015,496064,56.24,0.71
2012,2021-08-19,UMB,5704,3023,2681,3929,1597,178,ITI,ITI2,10,Umbria,Umbria,882015,501768,56.89,0.65
2013,2021-08-26,UMB,4052,2148,1904,1786,2157,109,ITI,ITI2,10,Umbria,Umbria,882015,505820,57.35,0.46
2014,2021-03-29,UMB,3636,1603,2033,2152,1423,61,ITI,ITI2,10,Umbria,Umbria,882015,509456,57.76,0.41
2015,2021-06-18,UMB,4778,2356,2422,1568,3158,52,ITI,ITI2,10,Umbria,Umbria,882015,514234,58.3,0.54
2016,2021-07-05,UMB,8418,4082,4336,153,8251,14,ITI,ITI2,10,Umbria,Umbria,882015,522652,59.26,0.95
2017,2021-05-13,UMB,5941,2670,3271,3727,2085,129,ITI,ITI2,10,Umbria,Umbria,882015,528593,59.93,0.67
2018,2021-08-21,UMB,2785,1463,1322,1608,1112,65,ITI,ITI2,10,Umbria,Umbria,882015,531378,60.25,0.32
2019,2021-02-19,UMB,743,293,450,525,217,1,ITI,ITI2,10,Umbria,Umbria,882015,532121,60.33,0.08
2020,2021-08-14,UMB,5839,3228,2611,2916,2777,146,ITI,ITI2,10,Umbria,Umbria,882015,537960,60.99,0.66
2021,2021-03-17,UMB,3330,1313,2017,1855,1473,2,ITI,ITI2,10,Umbria,Umbria,882015,541290,61.37,0.38
2022,2021-01-07,UMB,1301,388,913,1301,0,0,ITI,ITI2,10,Umbria,Umbria,882015,542591,61.52,0.15
2023,2021-08-07,UMB,7226,3798,3428,2540,4614,72,ITI,ITI2,10,Umbria,Umbria,882015,549817,62.34,0.82
2024,2021-05-16,UMB,5222,2493,2729,5087,50,85,ITI,ITI2,10,Umbria,Umbria,882015,555039,62.93,0.59
2025,2021-08-24,UMB,4426,2242,2184,1866,2471,89,ITI,ITI2,10,Umbria,Umbria,882015,559465,63.43,0.5
2026,2021-08-05,UMB,9683,5071,4612,3837,5683,163,ITI,ITI2,10,Umbria,Umbria,882015,569148,64.53,1.1
2027,2021-03-01,UMB,1505,775,730,1385,114,6,ITI,ITI2,10,Umbria,Umbria,882015,570653,64.7,0.17
2028,2021-06-09,UMB,8153,3949,4204,7129,725,299,ITI,ITI2,10,Umbria,Umbria,882015,578806,65.62,0.92
2029,2021-06-23,UMB,11217,5733,5484,7660,3409,148,ITI,ITI2,10,Umbria,Umbria,882015,590023,66.89,1.27
2030,2021-03-15,UMB,4597,1941,2656,2827,1767,3,ITI,ITI2,10,Umbria,Umbria,882015,594620,67.42,0.52
2031,2021-02-10,UMB,715,350,365,700,15,0,ITI,ITI2,10,Umbria,Umbria,882015,595335,67.5,0.08
2032,2021-02-24,UMB,1519,563,956,1504,15,0,ITI,ITI2,10,Umbria,Umbria,882015,596854,67.67,0.17
2033,2021-08-18,UMB,4696,2457,2239,3432,1146,118,ITI,ITI2,10,Umbria,Umbria,882015,601550,68.2,0.53
2034,2021-07-06,UMB,8594,4093,4501,150,8421,23,ITI,ITI2,10,Umbria,Umbria,882015,610144,69.18,0.97
2035,2021-05-10,UMB,6000,2804,3196,3733,2151,116,ITI,ITI2,10,Umbria,Umbria,882015,616144,69.86,0.68
2036,2021-05-08,UMB,8153,3746,4407,4802,3245,106,ITI,ITI2,10,Umbria,Umbria,882015,624297,70.78,0.92
2037,2021-01-28,UMB,1248,394,854,18,1230,0,ITI,ITI2,10,Umbria,Umbria,882015,625545,70.92,0.14
2038,2021-05-03,UMB,5088,2271,2817,2097,2887,104,ITI,ITI2,10,Umbria,Umbria,882015,630633,71.5,0.58
2039,2021-01-23,UMB,280,100,180,2,278,0,ITI,ITI2,10,Umbria,Umbria,882015,630913,71.53,0.03
2040,2021-01-21,UMB,608,202,406,338,269,1,ITI,ITI2,10,Umbria,Umbria,882015,631521,71.6,0.07
2041,2021-03-20,UMB,2319,845,1474,2289,25,5,ITI,ITI2,10,Umbria,Umbria,882015,633840,71.86,0.26
2042,2021-03-13,UMB,1735,524,1211,1486,249,0,ITI,ITI2,10,Umbria,Umbria,882015,635575,72.06,0.2
2043,2021-01-15,UMB,697,213,484,697,0,0,ITI,ITI2,10,Umbria,Umbria,882015,636272,72.14,0.08
2044,2021-01-29,UMB,1233,350,883,80,1153,0,ITI,ITI2,10,Umbria,Umbria,882015,637505,72.28,0.14
2045,2021-05-09,UMB,5758,2754,3004,5247,391,120,ITI,ITI2,10,Umbria,Umbria,882015,643263,72.93,0.65
2046,2021-01-31,UMB,1059,276,783,25,1034,0,ITI,ITI2,10,Umbria,Umbria,882015,644322,73.05,0.12
2047,2021-05-25,UMB,8818,4301,4517,7583,1063,172,ITI,ITI2,10,Umbria,Umbria,882015,653140,74.05,1.0
2048,2021-05-18,UMB,7757,3359,4398,3831,3841,85,ITI,ITI2,10,Umbria,Umbria,882015,660897,74.93,0.88
2049,2021-03-22,UMB,3561,1656,1905,2305,1246,10,ITI,ITI2,10,Umbria,Umbria,882015,664458,75.33,0.4
2050,2021-04-05,UMB,4251,1729,2522,2182,2057,12,ITI,ITI2,10,Umbria,Umbria,882015,668709,75.82,0.48
2051,2021-02-07,UMB,54,17,37,1,53,0,ITI,ITI2,10,Umbria,Umbria,882015,668763,75.82,0.01
2052,2021-07-14,UMB,6198,3008,3190,1630,4262,306,ITI,ITI2,10,Umbria,Umbria,882015,674961,76.52,0.7
2053,2021-07-09,UMB,9562,4630,4932,128,9410,24,ITI,ITI2,10,Umbria,Umbria,882015,684523,77.61,1.08
2054,2021-07-23,UMB,10645,5444,5201,1325,9215,105,ITI,ITI2,10,Umbria,Umbria,882015,695168,78.82,1.21
2055,2021-08-04,UMB,10638,5530,5108,3297,7172,169,ITI,ITI2,10,Umbria,Umbria,882015,705806,80.02,1.21
2056,2021-07-19,UMB,7660,3838,3822,1524,6035,101,ITI,ITI2,10,Umbria,Umbria,882015,713466,80.89,0.87
2057,2021-04-27,UMB,5667,2401,3266,3055,2579,33,ITI,ITI2,10,Umbria,Umbria,882015,719133,81.53,0.64
2058,2021-02-03,UMB,725,174,551,67,658,0,ITI,ITI2,10,Umbria,Umbria,882015,719858,81.62,0.08
2059,2021-02-05,UMB,782,234,548,18,764,0,ITI,ITI2,10,Umbria,Umbria,882015,720640,81.7,0.09
2060,2021-07-21,UMB,9847,4912,4935,1229,8531,87,ITI,ITI2,10,Umbria,Umbria,882015,730487,82.82,1.12
2061,2021-07-04,UMB,3407,1740,1667,2342,968,97,ITI,ITI2,10,Umbria,Umbria,882015,733894,83.21,0.39
2062,2021-04-12,UMB,7086,3081,4005,5311,1717,58,ITI,ITI2,10,Umbria,Umbria,882015,740980,84.01,0.8
2063,2021-01-19,UMB,102,23,79,102,0,0,ITI,ITI2,10,Umbria,Umbria,882015,741082,84.02,0.01
2064,2021-04-29,UMB,5219,2252,2967,2807,2323,89,ITI,ITI2,10,Umbria,Umbria,882015,746301,84.61,0.59
2065,2021-03-24,UMB,4104,1792,2312,2744,1323,37,ITI,ITI2,10,Umbria,Umbria,882015,750405,85.08,0.47
2066,2021-07-02,UMB,8746,4329,4417,2966,5603,177,ITI,ITI2,10,Umbria,Umbria,882015,759151,86.07,0.99
2067,2021-04-10,UMB,7396,3479,3917,7179,84,133,ITI,ITI2,10,Umbria,Umbria,882015,766547,86.91,0.84
2068,2021-08-01,UMB,3022,1532,1490,1326,1650,46,ITI,ITI2,10,Umbria,Umbria,882015,769569,87.25,0.34
2069,2021-07-18,UMB,7853,4063,3790,273,7553,27,ITI,ITI2,10,Umbria,Umbria,882015,777422,88.14,0.89
2070,2021-06-05,UMB,8227,3777,4450,5414,2655,158,ITI,ITI2,10,Umbria,Umbria,882015,785649,89.07,0.93
2071,2021-06-25,UMB,10187,5292,4895,5248,4777,162,ITI,ITI2,10,Umbria,Umbria,882015,795836,90.23,1.15
2072,2021-01-26,UMB,816,390,426,17,799,0,ITI,ITI2,10,Umbria,Umbria,882015,796652,90.32,0.09
2073,2021-02-12,UMB,672,224,448,666,6,0,ITI,ITI2,10,Umbria,Umbria,882015,797324,90.4,0.08
2074,2021-02-26,UMB,660,253,407,650,8,2,ITI,ITI2,10,Umbria,Umbria,882015,797984,90.47,0.07
2075,2021-05-06,UMB,9467,4323,5144,6026,3314,127,ITI,ITI2,10,Umbria,Umbria,882015,807451,91.55,1.07
2076,2021-06-10,UMB,7558,3764,3794,6460,785,313,ITI,ITI2,10,Umbria,Umbria,882015,815009,92.4,0.86
2077,2021-08-13,UMB,6958,3865,3093,4242,2521,195,ITI,ITI2,10,Umbria,Umbria,882015,821967,93.19,0.79
2078,2021-07-13,UMB,4232,2006,2226,78,4146,8,ITI,ITI2,10,Umbria,Umbria,882015,826199,93.67,0.48
2079,2021-04-21,UMB,5329,2320,3009,3060,2230,39,ITI,ITI2,10,Umbria,Umbria,882015,831528,94.28,0.6
2080,2021-01-24,UMB,258,106,152,1,257,0,ITI,ITI2,10,Umbria,Umbria,882015,831786,94.31,0.03
2081,2021-08-16,UMB,3514,1740,1774,1977,1469,68,ITI,ITI2,10,Umbria,Umbria,882015,835300,94.7,0.4
2082,2021-06-08,UMB,7384,3643,3741,6630,548,206,ITI,ITI2,10,Umbria,Umbria,882015,842684,95.54,0.84
2083,2021-08-23,UMB,5287,2819,2468,1542,3660,85,ITI,ITI2,10,Umbria,Umbria,882015,847971,96.14,0.6
2084,2021-06-01,UMB,4385,2090,2295,4157,156,72,ITI,ITI2,10,Umbria,Umbria,882015,852356,96.64,0.5
2085,2021-03-10,UMB,4031,1943,2088,2759,1257,15,ITI,ITI2,10,Umbria,Umbria,882015,856387,97.09,0.46
2086,2021-01-16,UMB,212,67,145,211,0,1,ITI,ITI2,10,Umbria,Umbria,882015,856599,97.12,0.02
2087,2021-02-02,UMB,944,272,672,32,912,0,ITI,ITI2,10,Umbria,Umbria,882015,857543,97.23,0.11
2088,2021-07-16,UMB,9625,4898,4727,665,8881,79,ITI,ITI2,10,Umbria,Umbria,882015,867168,98.32,1.09
2089,2021-05-20,UMB,9864,4606,5258,6098,3657,109,ITI,ITI2,10,Umbria,Umbria,882015,877032,99.44,1.12
2090,2021-08-20,UMB,4341,2312,2029,2920,1277,144,ITI,ITI2,10,Umbria,Umbria,882015,881373,99.93,0.49
2091,2021-07-30,UMB,6209,3236,2973,3183,2907,119,ITI,ITI2,10,Umbria,Umbria,882015,887582,100.63,0.7
2092,2021-03-02,UMB,3643,1346,2297,3635,5,3,ITI,ITI2,10,Umbria,Umbria,882015,891225,101.04,0.41
2093,2021-06-24,UMB,10163,5120,5043,6009,4009,145,ITI,ITI2,10,Umbria,Umbria,882015,901388,102.2,1.15
2094,2021-06-27,UMB,7461,3732,3729,1728,5671,62,ITI,ITI2,10,Umbria,Umbria,882015,908849,103.04,0.85
2095,2021-07-28,UMB,8234,4332,3902,2970,5151,113,ITI,ITI2,10,Umbria,Umbria,882015,917083,103.98,0.93
2096,2021-02-11,UMB,839,348,491,834,5,0,ITI,ITI2,10,Umbria,Umbria,882015,917922,104.07,0.1
2097,2021-05-22,UMB,6975,2756,4219,2601,4326,48,ITI,ITI2,10,Umbria,Umbria,882015,924897,104.86,0.79
2098,2021-04-26,UMB,5399,2341,3058,3103,2255,41,ITI,ITI2,10,Umbria,Umbria,882015,930296,105.47,0.61
2099,2021-04-09,UMB,6747,3129,3618,6410,215,122,ITI,ITI2,10,Umbria,Umbria,882015,937043,106.24,0.76
2100,2021-01-17,UMB,54,17,37,54,0,0,ITI,ITI2,10,Umbria,Umbria,882015,937097,106.25,0.01
2101,2020-12-31,UMB,322,127,195,322,0,0,ITI,ITI2,10,Umbria,Umbria,882015,937419,106.28,0.04
2102,2021-06-15,UMB,5982,3014,2968,3793,2071,118,ITI,ITI2,10,Umbria,Umbria,882015,943401,106.96,0.68
2103,2021-07-25,UMB,7304,3848,3456,1165,6095,44,ITI,ITI2,10,Umbria,Umbria,882015,950705,107.79,0.83
2104,2021-04-28,UMB,5392,2331,3061,2938,2397,57,ITI,ITI2,10,Umbria,Umbria,882015,956097,108.4,0.61
2105,2021-08-06,UMB,8222,4301,3921,3326,4808,88,ITI,ITI2,10,Umbria,Umbria,882015,964319,109.33,0.93
2106,2021-02-04,UMB,734,226,508,26,708,0,ITI,ITI2,10,Umbria,Umbria,882015,965053,109.41,0.08
2107,2021-05-15,UMB,4992,1883,3109,1765,3164,63,ITI,ITI2,10,Umbria,Umbria,882015,970045,109.98,0.57
2108,2021-02-21,UMB,1,0,1,1,0,0,ITI,ITI2,10,Umbria,Umbria,882015,970046,109.98,0.0
2109,2021-07-11,UMB,5875,2967,2908,89,5785,1,ITI,ITI2,10,Umbria,Umbria,882015,975921,110.65,0.67
2110,2021-04-02,UMB,4344,1778,2566,3544,755,45,ITI,ITI2,10,Umbria,Umbria,882015,980265,111.14,0.49
2111,2021-01-09,UMB,1717,495,1222,1717,0,0,ITI,ITI2,10,Umbria,Umbria,882015,981982,111.33,0.19
2112,2021-04-19,UMB,5036,2227,2809,2932,2048,56,ITI,ITI2,10,Umbria,Umbria,882015,987018,111.9,0.57
2113,2021-06-17,UMB,6971,3543,3428,4749,2080,142,ITI,ITI2,10,Umbria,Umbria,882015,993989,112.7,0.79
2114,2021-03-26,UMB,4597,1718,2879,4345,172,80,ITI,ITI2,10,Umbria,Umbria,882015,998586,113.22,0.52
2115,2021-01-02,UMB,304,111,193,304,0,0,ITI,ITI2,10,Umbria,Umbria,882015,998890,113.25,0.03
2116,2021-03-07,UMB,845,180,665,837,7,1,ITI,ITI2,10,Umbria,Umbria,882015,999735,113.35,0.1
2117,2021-03-31,UMB,3896,1727,2169,2179,1685,32,ITI,ITI2,10,Umbria,Umbria,882015,1003631,113.79,0.44
2118,2021-02-16,UMB,1308,655,653,1299,9,0,ITI,ITI2,10,Umbria,Umbria,882015,1004939,113.94,0.15
2119,2021-05-27,UMB,9977,4868,5109,8473,1321,183,ITI,ITI2,10,Umbria,Umbria,882015,1014916,115.07,1.13
2120,2021-01-04,UMB,809,397,412,809,0,0,ITI,ITI2,10,Umbria,Umbria,882015,1015725,115.16,0.09
2121,2021-04-14,UMB,8155,3681,4474,6097,1979,79,ITI,ITI2,10,Umbria,Umbria,882015,1023880,116.08,0.92
2122,2021-06-03,UMB,9046,4471,4575,8584,290,172,ITI,ITI2,10,Umbria,Umbria,882015,1032926,117.11,1.03
2123,2021-05-29,UMB,7859,3612,4247,6176,1569,114,ITI,ITI2,10,Umbria,Umbria,882015,1040785,118.0,0.89
2124,2021-04-07,UMB,5625,2305,3320,3533,2006,86,ITI,ITI2,10,Umbria,Umbria,882015,1046410,118.64,0.64
2125,2021-02-23,UMB,1691,657,1034,1648,42,1,ITI,ITI2,10,Umbria,Umbria,882015,1048101,118.83,0.19
2126,2021-05-28,UMB,9596,4440,5156,7112,2300,184,ITI,ITI2,10,Umbria,Umbria,882015,1057697,119.92,1.09
2127,2021-04-15,UMB,7662,3504,4158,5700,1889,73,ITI,ITI2,10,Umbria,Umbria,882015,1065359,120.79,0.87
2128,2021-02-17,UMB,1619,748,871,1266,352,1,ITI,ITI2,10,Umbria,Umbria,882015,1066978,120.97,0.18
2129,2021-07-24,UMB,8696,4368,4328,1346,7282,68,ITI,ITI2,10,Umbria,Umbria,882015,1075674,121.96,0.99
2130,2021-04-13,UMB,7682,3402,4280,5923,1669,90,ITI,ITI2,10,Umbria,Umbria,882015,1083356,122.83,0.87
2131,2021-02-15,UMB,1367,692,675,1364,1,2,ITI,ITI2,10,Umbria,Umbria,882015,1084723,122.98,0.15
2132,2021-01-03,UMB,270,112,158,270,0,0,ITI,ITI2,10,Umbria,Umbria,882015,1084993,123.01,0.03
2133,2021-07-31,UMB,4329,2261,2068,1477,2805,47,ITI,ITI2,10,Umbria,Umbria,882015,1089322,123.5,0.49
2134,2021-04-22,UMB,5457,2251,3206,2702,2673,82,ITI,ITI2,10,Umbria,Umbria,882015,1094779,124.12,0.62
2135,2021-04-17,UMB,6693,3075,3618,5184,1342,167,ITI,ITI2,10,Umbria,Umbria,882015,1101472,124.88,0.76
2136,2021-01-05,UMB,855,430,425,855,0,0,ITI,ITI2,10,Umbria,Umbria,882015,1102327,124.98,0.1
2137,2021-08-02,UMB,5529,2896,2633,256,5251,22,ITI,ITI2,10,Umbria,Umbria,882015,1107856,125.61,0.63
2138,2021-06-20,UMB,6219,3007,3212,1575,4603,41,ITI,ITI2,10,Umbria,Umbria,882015,1114075,126.31,0.71
2139,2021-04-24,UMB,4563,1962,2601,3274,1183,106,ITI,ITI2,10,Umbria,Umbria,882015,1118638,126.83,0.52
2140,2021-01-12,UMB,836,247,589,836,0,0,ITI,ITI2,10,Umbria,Umbria,882015,1119474,126.92,0.09
2141,2021-03-14,UMB,66,48,18,66,0,0,ITI,ITI2,10,Umbria,Umbria,882015,1119540,126.93,0.01
2142,2021-06-22,UMB,8040,4082,3958,5142,2795,103,ITI,ITI2,10,Umbria,Umbria,882015,1127580,127.84,0.91
2143,2021-03-12,UMB,2695,1082,1613,2191,496,8,ITI,ITI2,10,Umbria,Umbria,882015,1130275,128.15,0.31
2144,2021-03-21,UMB,675,338,337,672,0,3,ITI,ITI2,10,Umbria,Umbria,882015,1130950,128.22,0.08
2145,2021-08-25,UMB,4268,2221,2047,1526,2662,80,ITI,ITI2,10,Umbria,Umbria,882015,1135218,128.71,0.48
2146,2021-06-29,UMB,9895,5038,4857,4107,5693,95,ITI,ITI2,10,Umbria,Umbria,882015,1145113,129.83,1.12
2147,2021-05-17,UMB,6373,3064,3309,4108,2179,86,ITI,ITI2,10,Umbria,Umbria,882015,1151486,130.55,0.72
2148,2021-01-14,UMB,723,192,531,723,0,0,ITI,ITI2,10,Umbria,Umbria,882015,1152209,130.63,0.08
2149,2021-03-19,UMB,1743,565,1178,1082,656,5,ITI,ITI2,10,Umbria,Umbria,882015,1153952,130.83,0.2
2150,2021-03-24,MAR,7084,3009,4075,3294,3717,73,ITI,ITI3,11,Marche,Marche,1525271,7084,0.46,0.46
2151,2021-06-01,MAR,12055,6157,5898,9680,2089,286,ITI,ITI3,11,Marche,Marche,1525271,19139,1.25,0.79
2152,2021-03-10,MAR,5712,2442,3270,4480,1180,52,ITI,ITI3,11,Marche,Marche,1525271,24851,1.63,0.37
2153,2021-02-21,MAR,376,141,235,363,1,12,ITI,ITI3,11,Marche,Marche,1525271,25227,1.65,0.02
2154,2021-01-26,MAR,2021,747,1274,74,1938,9,ITI,ITI3,11,Marche,Marche,1525271,27248,1.79,0.13
2155,2021-07-11,MAR,10401,5221,5180,1606,8658,137,ITI,ITI3,11,Marche,Marche,1525271,37649,2.47,0.68
2156,2021-04-19,MAR,9608,4503,5105,7901,1586,121,ITI,ITI3,11,Marche,Marche,1525271,47257,3.1,0.63
2157,2021-07-28,MAR,14200,7371,6829,3249,10719,232,ITI,ITI3,11,Marche,Marche,1525271,61457,4.03,0.93
2158,2021-08-06,MAR,11704,6353,5351,4144,7279,281,ITI,ITI3,11,Marche,Marche,1525271,73161,4.8,0.77
2159,2021-05-15,MAR,14118,6441,7677,7828,6044,246,ITI,ITI3,11,Marche,Marche,1525271,87279,5.72,0.93
2160,2021-08-23,MAR,6196,3341,2855,2279,3650,267,ITI,ITI3,11,Marche,Marche,1525271,93475,6.13,0.41
2161,2021-02-19,MAR,2002,739,1263,1826,135,41,ITI,ITI3,11,Marche,Marche,1525271,95477,6.26,0.13
2162,2021-04-05,MAR,5704,2368,3336,4356,1269,79,ITI,ITI3,11,Marche,Marche,1525271,101181,6.63,0.37
2163,2021-06-27,MAR,9949,4819,5130,4487,5291,171,ITI,ITI3,11,Marche,Marche,1525271,111130,7.29,0.65
2164,2021-03-19,MAR,3881,1621,2260,325,3544,12,ITI,ITI3,11,Marche,Marche,1525271,115011,7.54,0.25
2165,2021-03-17,MAR,3476,1525,1951,105,3369,2,ITI,ITI3,11,Marche,Marche,1525271,118487,7.77,0.23
2166,2021-05-20,MAR,12684,5961,6723,7537,4896,251,ITI,ITI3,11,Marche,Marche,1525271,131171,8.6,0.83
2167,2021-02-07,MAR,1872,735,1137,331,1529,12,ITI,ITI3,11,Marche,Marche,1525271,133043,8.72,0.12
2168,2021-07-23,MAR,15542,8280,7262,2529,12789,224,ITI,ITI3,11,Marche,Marche,1525271,148585,9.74,1.02
2169,2021-01-21,MAR,922,262,660,577,328,17,ITI,ITI3,11,Marche,Marche,1525271,149507,9.8,0.06
2170,2021-05-01,MAR,9325,3925,5400,3500,5749,76,ITI,ITI3,11,Marche,Marche,1525271,158832,10.41,0.61
2171,2021-08-11,MAR,7571,4099,3472,3170,4165,236,ITI,ITI3,11,Marche,Marche,1525271,166403,10.91,0.5
2172,2021-06-15,MAR,13192,6567,6625,9823,3052,317,ITI,ITI3,11,Marche,Marche,1525271,179595,11.77,0.86
2173,2021-01-12,MAR,1234,418,816,1221,0,13,ITI,ITI3,11,Marche,Marche,1525271,180829,11.86,0.08
2174,2021-06-22,MAR,13220,6482,6738,6475,6461,284,ITI,ITI3,11,Marche,Marche,1525271,194049,12.72,0.87
2175,2021-04-26,MAR,9171,4061,5110,6017,3025,129,ITI,ITI3,11,Marche,Marche,1525271,203220,13.32,0.6
2176,2021-05-27,MAR,13733,6818,6915,9180,4301,252,ITI,ITI3,11,Marche,Marche,1525271,216953,14.22,0.9
2177,2021-03-31,MAR,7376,3087,4289,4269,3023,84,ITI,ITI3,11,Marche,Marche,1525271,224329,14.71,0.48
2178,2021-07-09,MAR,14902,7502,7400,2556,12132,214,ITI,ITI3,11,Marche,Marche,1525271,239231,15.68,0.98
2179,2021-01-19,MAR,233,87,146,140,90,3,ITI,ITI3,11,Marche,Marche,1525271,239464,15.7,0.02
2180,2021-02-02,MAR,1193,398,795,70,1123,0,ITI,ITI3,11,Marche,Marche,1525271,240657,15.78,0.08
2181,2021-05-13,MAR,12613,5698,6915,6827,5508,278,ITI,ITI3,11,Marche,Marche,1525271,253270,16.6,0.83
2182,2021-04-12,MAR,8571,3774,4797,7933,482,156,ITI,ITI3,11,Marche,Marche,1525271,261841,17.17,0.56
2183,2021-01-02,MAR,458,143,315,456,0,2,ITI,ITI3,11,Marche,Marche,1525271,262299,17.2,0.03
2184,2021-08-25,MAR,5621,3013,2608,2750,2550,321,ITI,ITI3,11,Marche,Marche,1525271,267920,17.57,0.37
2185,2021-02-14,MAR,739,301,438,727,0,12,ITI,ITI3,11,Marche,Marche,1525271,268659,17.61,0.05
2186,2021-08-16,MAR,5166,2781,2385,2984,2022,160,ITI,ITI3,11,Marche,Marche,1525271,273825,17.95,0.34
2187,2021-05-08,MAR,12292,5486,6806,4855,7264,173,ITI,ITI3,11,Marche,Marche,1525271,286117,18.76,0.81
2188,2021-07-30,MAR,14711,7863,6848,4866,9557,288,ITI,ITI3,11,Marche,Marche,1525271,300828,19.72,0.96
2189,2021-07-04,MAR,10896,5445,5451,3204,7531,161,ITI,ITI3,11,Marche,Marche,1525271,311724,20.44,0.71
2190,2020-12-31,MAR,392,184,208,390,0,2,ITI,ITI3,11,Marche,Marche,1525271,312116,20.46,0.03
2191,2021-02-28,MAR,2836,1251,1585,2822,6,8,ITI,ITI3,11,Marche,Marche,1525271,314952,20.65,0.19
2192,2021-06-08,MAR,14098,7095,7003,11196,2610,292,ITI,ITI3,11,Marche,Marche,1525271,329050,21.57,0.92
2193,2021-03-05,MAR,6228,2876,3352,4694,1469,65,ITI,ITI3,11,Marche,Marche,1525271,335278,21.98,0.41
2194,2021-01-07,MAR,1819,641,1178,1802,0,17,ITI,ITI3,11,Marche,Marche,1525271,337097,22.1,0.12
2195,2021-03-12,MAR,4683,2001,2682,3348,1280,55,ITI,ITI3,11,Marche,Marche,1525271,341780,22.41,0.31
2196,2021-01-14,MAR,2018,696,1322,1994,0,24,ITI,ITI3,11,Marche,Marche,1525271,343798,22.54,0.13
2197,2021-06-20,MAR,11159,5546,5613,5990,4987,182,ITI,ITI3,11,Marche,Marche,1525271,354957,23.27,0.73
2198,2021-07-18,MAR,12124,6310,5814,1333,10673,118,ITI,ITI3,11,Marche,Marche,1525271,367081,24.07,0.79
2199,2021-01-31,MAR,1921,772,1149,93,1824,4,ITI,ITI3,11,Marche,Marche,1525271,369002,24.19,0.13
2200,2021-04-07,MAR,8847,3922,4925,8342,369,136,ITI,ITI3,11,Marche,Marche,1525271,377849,24.77,0.58
2201,2021-02-09,MAR,125,42,83,46,79,0,ITI,ITI3,11,Marche,Marche,1525271,377974,24.78,0.01
2202,2021-07-16,MAR,15838,8239,7599,1843,13736,259,ITI,ITI3,11,Marche,Marche,1525271,393812,25.82,1.04
2203,2021-06-12,MAR,13781,7315,6466,12104,1346,331,ITI,ITI3,11,Marche,Marche,1525271,407593,26.72,0.9
2204,2021-04-16,MAR,10086,4704,5382,9360,525,201,ITI,ITI3,11,Marche,Marche,1525271,417679,27.38,0.66
2205,2021-08-18,MAR,6421,3421,3000,3214,2872,335,ITI,ITI3,11,Marche,Marche,1525271,424100,27.8,0.42
2206,2021-08-04,MAR,12002,6380,5622,4060,7700,242,ITI,ITI3,11,Marche,Marche,1525271,436102,28.59,0.79
2207,2021-01-23,MAR,557,190,367,118,436,3,ITI,ITI3,11,Marche,Marche,1525271,436659,28.63,0.04
2208,2021-06-29,MAR,13371,6599,6772,4929,8215,227,ITI,ITI3,11,Marche,Marche,1525271,450030,29.5,0.88
2209,2021-05-03,MAR,10413,4690,5723,4860,5414,139,ITI,ITI3,11,Marche,Marche,1525271,460443,30.19,0.68
2210,2021-03-29,MAR,5894,2581,3313,3391,2455,48,ITI,ITI3,11,Marche,Marche,1525271,466337,30.57,0.39
2211,2021-06-03,MAR,14638,7483,7155,12081,2252,305,ITI,ITI3,11,Marche,Marche,1525271,480975,31.53,0.96
2212,2021-03-07,MAR,5180,2107,3073,4378,754,48,ITI,ITI3,11,Marche,Marche,1525271,486155,31.87,0.34
2213,2021-08-08,MAR,5635,3019,2616,1679,3845,111,ITI,ITI3,11,Marche,Marche,1525271,491790,32.24,0.37
2214,2021-07-06,MAR,13962,6920,7042,3142,10597,223,ITI,ITI3,11,Marche,Marche,1525271,505752,33.16,0.92
2215,2021-07-20,MAR,14398,7435,6963,1770,12454,174,ITI,ITI3,11,Marche,Marche,1525271,520150,34.1,0.94
2216,2021-01-16,MAR,2039,734,1305,1988,0,51,ITI,ITI3,11,Marche,Marche,1525271,522189,34.24,0.13
2217,2021-01-09,MAR,1718,606,1112,1698,0,20,ITI,ITI3,11,Marche,Marche,1525271,523907,34.35,0.11
2218,2021-04-02,MAR,6895,2987,3908,6045,739,111,ITI,ITI3,11,Marche,Marche,1525271,530802,34.8,0.45
2219,2021-03-16,MAR,3521,1523,1998,285,3230,6,ITI,ITI3,11,Marche,Marche,1525271,534323,35.03,0.23
2220,2021-06-24,MAR,13836,6672,7164,6188,7377,271,ITI,ITI3,11,Marche,Marche,1525271,548159,35.94,0.91
2221,2021-02-04,MAR,2391,844,1547,107,2279,5,ITI,ITI3,11,Marche,Marche,1525271,550550,36.1,0.16
2222,2021-01-18,MAR,696,237,459,536,149,11,ITI,ITI3,11,Marche,Marche,1525271,551246,36.14,0.05
2223,2021-04-28,MAR,10934,4982,5952,6022,4740,172,ITI,ITI3,11,Marche,Marche,1525271,562180,36.86,0.72
2224,2021-07-25,MAR,9350,4932,4418,1005,8248,97,ITI,ITI3,11,Marche,Marche,1525271,571530,37.47,0.61
2225,2021-01-04,MAR,1527,574,953,1514,0,13,ITI,ITI3,11,Marche,Marche,1525271,573057,37.57,0.1
2226,2021-04-14,MAR,10220,4567,5653,9656,369,195,ITI,ITI3,11,Marche,Marche,1525271,583277,38.24,0.67
2227,2020-12-30,MAR,17,5,12,17,0,0,ITI,ITI3,11,Marche,Marche,1525271,583294,38.24,0.0
2228,2021-04-09,MAR,9573,4192,5381,9156,200,217,ITI,ITI3,11,Marche,Marche,1525271,592867,38.87,0.63
2229,2021-07-27,MAR,14363,7531,6832,3032,11105,226,ITI,ITI3,11,Marche,Marche,1525271,607230,39.81,0.94
2230,2021-01-06,MAR,2212,804,1408,2193,0,19,ITI,ITI3,11,Marche,Marche,1525271,609442,39.96,0.15
2231,2021-03-04,MAR,6540,2894,3646,5084,1395,61,ITI,ITI3,11,Marche,Marche,1525271,615982,40.39,0.43
2232,2021-03-13,MAR,5807,2681,3126,1765,4002,40,ITI,ITI3,11,Marche,Marche,1525271,621789,40.77,0.38
2233,2021-08-17,MAR,7596,4042,3554,3086,4286,224,ITI,ITI3,11,Marche,Marche,1525271,629385,41.26,0.5
2234,2021-06-21,MAR,12609,6185,6424,5481,6881,247,ITI,ITI3,11,Marche,Marche,1525271,641994,42.09,0.83
2235,2021-04-24,MAR,12173,5367,6806,7559,4467,147,ITI,ITI3,11,Marche,Marche,1525271,654167,42.89,0.8
2236,2021-02-26,MAR,3679,1523,2156,3097,478,104,ITI,ITI3,11,Marche,Marche,1525271,657846,43.13,0.24
2237,2021-05-12,MAR,10430,4691,5739,4732,5505,193,ITI,ITI3,11,Marche,Marche,1525271,668276,43.81,0.68
2238,2021-08-20,MAR,4963,2693,2270,2954,1687,322,ITI,ITI3,11,Marche,Marche,1525271,673239,44.14,0.33
2239,2021-07-08,MAR,15040,7539,7501,2788,12027,225,ITI,ITI3,11,Marche,Marche,1525271,688279,45.13,0.99
2240,2021-05-09,MAR,8866,4022,4844,3560,5229,77,ITI,ITI3,11,Marche,Marche,1525271,697145,45.71,0.58
2241,2021-03-06,MAR,5738,2641,3097,4419,1268,51,ITI,ITI3,11,Marche,Marche,1525271,702883,46.08,0.38
2242,2021-03-28,MAR,4125,1739,2386,2396,1691,38,ITI,ITI3,11,Marche,Marche,1525271,707008,46.35,0.27
2243,2021-01-30,MAR,1905,668,1237,24,1881,0,ITI,ITI3,11,Marche,Marche,1525271,708913,46.48,0.12
2244,2021-05-10,MAR,9452,4338,5114,4761,4555,136,ITI,ITI3,11,Marche,Marche,1525271,718365,47.1,0.62
2245,2021-03-14,MAR,2499,1032,1467,1897,592,10,ITI,ITI3,11,Marche,Marche,1525271,720864,47.26,0.16
2246,2021-03-21,MAR,4505,1873,2632,1614,2876,15,ITI,ITI3,11,Marche,Marche,1525271,725369,47.56,0.3
2247,2021-02-06,MAR,2463,902,1561,512,1942,9,ITI,ITI3,11,Marche,Marche,1525271,727832,47.72,0.16
2248,2021-01-11,MAR,1181,413,768,1163,0,18,ITI,ITI3,11,Marche,Marche,1525271,729013,47.8,0.08
2249,2021-04-21,MAR,10787,4969,5818,9432,1195,160,ITI,ITI3,11,Marche,Marche,1525271,739800,48.5,0.71
2250,2021-01-28,MAR,2090,725,1365,161,1928,1,ITI,ITI3,11,Marche,Marche,1525271,741890,48.64,0.14
2251,2021-04-04,MAR,3836,1797,2039,2614,1169,53,ITI,ITI3,11,Marche,Marche,1525271,745726,48.89,0.25
2252,2021-07-13,MAR,14851,7277,7574,1456,13266,129,ITI,ITI3,11,Marche,Marche,1525271,760577,49.87,0.97
2253,2021-06-09,MAR,14279,7417,6862,12108,1869,302,ITI,ITI3,11,Marche,Marche,1525271,774856,50.8,0.94
2254,2021-03-26,MAR,6392,2627,3765,3475,2859,58,ITI,ITI3,11,Marche,Marche,1525271,781248,51.22,0.42
2255,2021-06-17,MAR,15206,7565,7641,8798,6111,297,ITI,ITI3,11,Marche,Marche,1525271,796454,52.22,1.0
2256,2021-03-09,MAR,5432,2295,3137,4461,881,90,ITI,ITI3,11,Marche,Marche,1525271,801886,52.57,0.36
2257,2021-07-22,MAR,15746,8047,7699,2019,13486,241,ITI,ITI3,11,Marche,Marche,1525271,817632,53.61,1.03
2258,2021-04-13,MAR,9841,4261,5580,9402,234,205,ITI,ITI3,11,Marche,Marche,1525271,827473,54.25,0.65
2259,2021-03-02,MAR,5002,1967,3035,4371,566,65,ITI,ITI3,11,Marche,Marche,1525271,832475,54.58,0.33
2260,2021-06-10,MAR,14930,7695,7235,12575,2013,342,ITI,ITI3,11,Marche,Marche,1525271,847405,55.56,0.98
2261,2021-08-15,MAR,225,112,113,205,13,7,ITI,ITI3,11,Marche,Marche,1525271,847630,55.57,0.01
2262,2021-05-24,MAR,10998,5193,5805,7957,2864,177,ITI,ITI3,11,Marche,Marche,1525271,858628,56.29,0.72
2263,2021-06-19,MAR,14693,7403,7290,7748,6679,266,ITI,ITI3,11,Marche,Marche,1525271,873321,57.26,0.96
2264,2021-05-31,MAR,11782,5944,5838,8599,2931,252,ITI,ITI3,11,Marche,Marche,1525271,885103,58.03,0.77
2265,2021-05-17,MAR,12049,5651,6398,7470,4354,225,ITI,ITI3,11,Marche,Marche,1525271,897152,58.82,0.79
2266,2021-04-30,MAR,14164,6203,7961,5399,8572,193,ITI,ITI3,11,Marche,Marche,1525271,911316,59.75,0.93
2267,2021-06-14,MAR,12839,6487,6352,9258,3310,271,ITI,ITI3,11,Marche,Marche,1525271,924155,60.59,0.84
2268,2021-01-29,MAR,1994,731,1263,155,1834,5,ITI,ITI3,11,Marche,Marche,1525271,926149,60.72,0.13
2269,2021-05-18,MAR,11271,5347,5924,7490,3602,179,ITI,ITI3,11,Marche,Marche,1525271,937420,61.46,0.74
2270,2021-08-26,MAR,5690,3030,2660,2776,2553,361,ITI,ITI3,11,Marche,Marche,1525271,943110,61.83,0.37
2271,2021-08-21,MAR,2978,1664,1314,1492,1312,174,ITI,ITI3,11,Marche,Marche,1525271,946088,62.03,0.2
2272,2021-05-11,MAR,10624,4831,5793,5490,4943,191,ITI,ITI3,11,Marche,Marche,1525271,956712,62.72,0.7
2273,2021-08-27,MAR,3522,1869,1653,1560,1751,211,ITI,ITI3,11,Marche,Marche,1525271,960234,62.95,0.23
2274,2021-07-01,MAR,14695,7367,7328,4659,9758,278,ITI,ITI3,11,Marche,Marche,1525271,974929,63.92,0.96
2275,2021-02-15,MAR,967,412,555,939,13,15,ITI,ITI3,11,Marche,Marche,1525271,975896,63.98,0.06
2276,2021-05-26,MAR,11889,5952,5937,8449,3226,214,ITI,ITI3,11,Marche,Marche,1525271,987785,64.76,0.78
2277,2021-07-17,MAR,15138,7792,7346,1384,13543,211,ITI,ITI3,11,Marche,Marche,1525271,1002923,65.75,0.99
2278,2021-05-21,MAR,13909,6593,7316,7225,6472,212,ITI,ITI3,11,Marche,Marche,1525271,1016832,66.67,0.91
2279,2021-05-28,MAR,13964,6741,7223,8802,4864,298,ITI,ITI3,11,Marche,Marche,1525271,1030796,67.58,0.92
2280,2021-04-01,MAR,7579,3185,4394,4066,3418,95,ITI,ITI3,11,Marche,Marche,1525271,1038375,68.08,0.5
2281,2021-07-24,MAR,13276,7118,6158,2943,10076,257,ITI,ITI3,11,Marche,Marche,1525271,1051651,68.95,0.87
2282,2021-03-30,MAR,7486,3079,4407,4578,2833,75,ITI,ITI3,11,Marche,Marche,1525271,1059137,69.44,0.49
2283,2021-02-01,MAR,1362,479,883,93,1266,3,ITI,ITI3,11,Marche,Marche,1525271,1060499,69.53,0.09
2284,2021-04-06,MAR,8877,3694,5183,7930,810,137,ITI,ITI3,11,Marche,Marche,1525271,1069376,70.11,0.58
2285,2021-06-07,MAR,13322,6589,6733,10569,2450,303,ITI,ITI3,11,Marche,Marche,1525271,1082698,70.98,0.87
2286,2021-02-27,MAR,3402,1458,1944,3159,209,34,ITI,ITI3,11,Marche,Marche,1525271,1086100,71.21,0.22
2287,2021-05-22,MAR,11942,5721,6221,7321,4449,172,ITI,ITI3,11,Marche,Marche,1525271,1098042,71.99,0.78
2288,2021-02-11,MAR,1988,657,1331,1557,390,41,ITI,ITI3,11,Marche,Marche,1525271,1100030,72.12,0.13
2289,2021-05-05,MAR,11695,5321,6374,5104,6431,160,ITI,ITI3,11,Marche,Marche,1525271,1111725,72.89,0.77
2290,2021-08-13,MAR,6750,3758,2992,3387,3151,212,ITI,ITI3,11,Marche,Marche,1525271,1118475,73.33,0.44
2291,2021-05-07,MAR,12837,5802,7035,3562,9185,90,ITI,ITI3,11,Marche,Marche,1525271,1131312,74.17,0.84
2292,2021-02-13,MAR,1093,462,631,988,82,23,ITI,ITI3,11,Marche,Marche,1525271,1132405,74.24,0.07
2293,2021-01-27,MAR,2119,778,1341,113,2004,2,ITI,ITI3,11,Marche,Marche,1525271,1134524,74.38,0.14
2294,2021-04-20,MAR,10755,5029,5726,9150,1471,134,ITI,ITI3,11,Marche,Marche,1525271,1145279,75.09,0.71
2295,2021-07-29,MAR,14845,7880,6965,4579,9955,311,ITI,ITI3,11,Marche,Marche,1525271,1160124,76.06,0.97
2296,2021-07-10,MAR,14160,7233,6927,1656,12301,203,ITI,ITI3,11,Marche,Marche,1525271,1174284,76.99,0.93
2297,2021-04-22,MAR,10799,4931,5868,9078,1579,142,ITI,ITI3,11,Marche,Marche,1525271,1185083,77.7,0.71
2298,2021-02-24,MAR,3534,1547,1987,3424,78,32,ITI,ITI3,11,Marche,Marche,1525271,1188617,77.93,0.23
2299,2021-06-04,MAR,14338,7290,7048,11588,2440,310,ITI,ITI3,11,Marche,Marche,1525271,1202955,78.87,0.94
2300,2021-04-08,MAR,9207,4036,5171,8680,369,158,ITI,ITI3,11,Marche,Marche,1525271,1212162,79.47,0.6
2301,2021-03-03,MAR,6700,3076,3624,5717,885,98,ITI,ITI3,11,Marche,Marche,1525271,1218862,79.91,0.44
2302,2021-01-05,MAR,1586,593,993,1567,0,19,ITI,ITI3,11,Marche,Marche,1525271,1220448,80.02,0.1
2303,2021-07-05,MAR,13166,6509,6657,2919,10075,172,ITI,ITI3,11,Marche,Marche,1525271,1233614,80.88,0.86
2304,2021-06-16,MAR,13755,6912,6843,9126,4365,264,ITI,ITI3,11,Marche,Marche,1525271,1247369,81.78,0.9
2305,2021-06-02,MAR,11901,5938,5963,11029,676,196,ITI,ITI3,11,Marche,Marche,1525271,1259270,82.56,0.78
2306,2021-02-22,MAR,3461,1532,1929,3351,75,35,ITI,ITI3,11,Marche,Marche,1525271,1262731,82.79,0.23
2307,2021-08-24,MAR,6436,3400,3036,3297,2757,382,ITI,ITI3,11,Marche,Marche,1525271,1269167,83.21,0.42
2308,2021-08-05,MAR,11906,6393,5513,4080,7560,266,ITI,ITI3,11,Marche,Marche,1525271,1281073,83.99,0.78
2309,2021-03-27,MAR,7427,3097,4330,4959,2395,73,ITI,ITI3,11,Marche,Marche,1525271,1288500,84.48,0.49
2310,2021-04-10,MAR,10932,4627,6305,10375,314,243,ITI,ITI3,11,Marche,Marche,1525271,1299432,85.19,0.72
2311,2021-01-03,MAR,912,358,554,902,0,10,ITI,ITI3,11,Marche,Marche,1525271,1300344,85.25,0.06
2312,2021-07-19,MAR,14677,7531,7146,1926,12537,214,ITI,ITI3,11,Marche,Marche,1525271,1315021,86.22,0.96
2313,2021-03-08,MAR,6297,2759,3538,5186,1002,109,ITI,ITI3,11,Marche,Marche,1525271,1321318,86.63,0.41
2314,2021-02-05,MAR,2158,655,1503,438,1719,1,ITI,ITI3,11,Marche,Marche,1525271,1323476,86.77,0.14
2315,2021-05-16,MAR,10900,4958,5942,6549,4230,121,ITI,ITI3,11,Marche,Marche,1525271,1334376,87.48,0.71
2316,2021-05-30,MAR,9734,4690,5044,6546,2991,197,ITI,ITI3,11,Marche,Marche,1525271,1344110,88.12,0.64
2317,2021-04-11,MAR,7118,3117,4001,6689,287,142,ITI,ITI3,11,Marche,Marche,1525271,1351228,88.59,0.47
2318,2021-03-11,MAR,6636,2824,3812,5146,1411,79,ITI,ITI3,11,Marche,Marche,1525271,1357864,89.02,0.44
2319,2021-03-25,MAR,6704,2795,3909,3192,3456,56,ITI,ITI3,11,Marche,Marche,1525271,1364568,89.46,0.44
2320,2021-07-03,MAR,13843,6991,6852,4136,9395,312,ITI,ITI3,11,Marche,Marche,1525271,1378411,90.37,0.91
2321,2021-03-18,MAR,3439,1506,1933,149,3278,12,ITI,ITI3,11,Marche,Marche,1525271,1381850,90.6,0.23
2322,2021-06-26,MAR,13577,6906,6671,5688,7672,217,ITI,ITI3,11,Marche,Marche,1525271,1395427,91.49,0.89
2323,2021-05-23,MAR,9210,4284,4926,7414,1672,124,ITI,ITI3,11,Marche,Marche,1525271,1404637,92.09,0.6
2324,2021-05-06,MAR,12659,5825,6834,5362,7074,223,ITI,ITI3,11,Marche,Marche,1525271,1417296,92.92,0.83
2325,2021-02-12,MAR,1581,618,963,1404,151,26,ITI,ITI3,11,Marche,Marche,1525271,1418877,93.02,0.1
2326,2021-03-23,MAR,5839,2557,3282,2226,3576,37,ITI,ITI3,11,Marche,Marche,1525271,1424716,93.41,0.38
2327,2021-02-08,MAR,834,259,575,366,463,5,ITI,ITI3,11,Marche,Marche,1525271,1425550,93.46,0.05
2328,2021-07-15,MAR,16009,8286,7723,1751,14030,228,ITI,ITI3,11,Marche,Marche,1525271,1441559,94.51,1.05
2329,2021-05-19,MAR,11665,5365,6300,8369,3099,197,ITI,ITI3,11,Marche,Marche,1525271,1453224,95.28,0.76
2330,2021-03-15,MAR,4451,2060,2391,1291,3139,21,ITI,ITI3,11,Marche,Marche,1525271,1457675,95.57,0.29
2331,2021-08-19,MAR,6273,3346,2927,3491,2453,329,ITI,ITI3,11,Marche,Marche,1525271,1463948,95.98,0.41
2332,2021-06-23,MAR,13892,6817,7075,6626,7010,256,ITI,ITI3,11,Marche,Marche,1525271,1477840,96.89,0.91
2333,2021-04-27,MAR,9595,4390,5205,5508,3990,97,ITI,ITI3,11,Marche,Marche,1525271,1487435,97.52,0.63
2334,2021-01-17,MAR,1624,695,929,1554,64,6,ITI,ITI3,11,Marche,Marche,1525271,1489059,97.63,0.11
2335,2021-02-20,MAR,4163,1732,2431,4042,111,10,ITI,ITI3,11,Marche,Marche,1525271,1493222,97.9,0.27
2336,2021-08-22,MAR,109,60,49,75,26,8,ITI,ITI3,11,Marche,Marche,1525271,1493331,97.91,0.01
2337,2021-01-20,MAR,406,100,306,384,20,2,ITI,ITI3,11,Marche,Marche,1525271,1493737,97.93,0.03
2338,2021-02-03,MAR,2129,743,1386,97,2011,21,ITI,ITI3,11,Marche,Marche,1525271,1495866,98.07,0.14
2339,2021-05-14,MAR,13638,6294,7344,6508,6914,216,ITI,ITI3,11,Marche,Marche,1525271,1509504,98.97,0.89
2340,2021-07-02,MAR,14552,7177,7375,4674,9647,231,ITI,ITI3,11,Marche,Marche,1525271,1524056,99.92,0.95
2341,2021-06-18,MAR,15346,7647,7699,8293,6753,300,ITI,ITI3,11,Marche,Marche,1525271,1539402,100.93,1.01
2342,2021-08-07,MAR,9452,5193,4259,3473,5742,237,ITI,ITI3,11,Marche,Marche,1525271,1548854,101.55,0.62
2343,2021-08-14,MAR,2400,1378,1022,1033,1318,49,ITI,ITI3,11,Marche,Marche,1525271,1551254,101.7,0.16
2344,2021-02-10,MAR,1440,452,988,1039,359,42,ITI,ITI3,11,Marche,Marche,1525271,1552694,101.8,0.09
2345,2021-06-11,MAR,14004,7156,6848,11374,2324,306,ITI,ITI3,11,Marche,Marche,1525271,1566698,102.72,0.92
2346,2021-01-25,MAR,1597,559,1038,90,1507,0,ITI,ITI3,11,Marche,Marche,1525271,1568295,102.82,0.1
2347,2021-01-08,MAR,1583,592,991,1568,0,15,ITI,ITI3,11,Marche,Marche,1525271,1569878,102.92,0.1
2348,2021-04-18,MAR,8824,4132,4692,7730,921,173,ITI,ITI3,11,Marche,Marche,1525271,1578702,103.5,0.58
2349,2021-04-15,MAR,10378,4676,5702,9574,564,240,ITI,ITI3,11,Marche,Marche,1525271,1589080,104.18,0.68
2350,2021-02-17,MAR,1828,701,1127,1642,118,68,ITI,ITI3,11,Marche,Marche,1525271,1590908,104.3,0.12
2351,2021-05-25,MAR,11770,5798,5972,8497,3052,221,ITI,ITI3,11,Marche,Marche,1525271,1602678,105.07,0.77
2352,2021-03-01,MAR,3772,1520,2252,3503,248,21,ITI,ITI3,11,Marche,Marche,1525271,1606450,105.32,0.25
2353,2021-07-21,MAR,14921,7617,7304,2065,12643,213,ITI,ITI3,11,Marche,Marche,1525271,1621371,106.3,0.98
2354,2021-04-29,MAR,13451,6159,7292,7165,6104,182,ITI,ITI3,11,Marche,Marche,1525271,1634822,107.18,0.88
2355,2021-07-31,MAR,13203,7250,5953,5142,7731,330,ITI,ITI3,11,Marche,Marche,1525271,1648025,108.05,0.87
2356,2021-07-14,MAR,13850,6818,7032,1784,11875,191,ITI,ITI3,11,Marche,Marche,1525271,1661875,108.96,0.91
2357,2021-01-10,MAR,1746,702,1044,1732,0,14,ITI,ITI3,11,Marche,Marche,1525271,1663621,109.07,0.11
2358,2021-07-12,MAR,13724,6805,6919,1228,12378,118,ITI,ITI3,11,Marche,Marche,1525271,1677345,109.97,0.9
2359,2021-04-03,MAR,7575,3204,4371,6736,667,172,ITI,ITI3,11,Marche,Marche,1525271,1684920,110.47,0.5
2360,2021-04-17,MAR,11707,5318,6389,10398,1073,236,ITI,ITI3,11,Marche,Marche,1525271,1696627,111.23,0.77
2361,2021-07-26,MAR,11030,5736,5294,2109,8716,205,ITI,ITI3,11,Marche,Marche,1525271,1707657,111.96,0.72
2362,2021-08-09,MAR,9094,4828,4266,4051,4770,273,ITI,ITI3,11,Marche,Marche,1525271,1716751,112.55,0.6
2363,2021-06-13,MAR,10752,5566,5186,9204,1299,249,ITI,ITI3,11,Marche,Marche,1525271,1727503,113.26,0.7
2364,2020-12-27,MAR,209,100,109,207,0,2,ITI,ITI3,11,Marche,Marche,1525271,1727712,113.27,0.01
2365,2021-06-25,MAR,14345,7171,7174,6419,7637,289,ITI,ITI3,11,Marche,Marche,1525271,1742057,114.21,0.94
2366,2021-08-02,MAR,11724,6208,5516,4599,6867,258,ITI,ITI3,11,Marche,Marche,1525271,1753781,114.98,0.77
2367,2021-06-06,MAR,12452,6137,6315,10638,1578,236,ITI,ITI3,11,Marche,Marche,1525271,1766233,115.8,0.82
2368,2021-02-18,MAR,2145,786,1359,1806,288,51,ITI,ITI3,11,Marche,Marche,1525271,1768378,115.94,0.14
2369,2021-05-29,MAR,12875,6239,6636,8117,4540,218,ITI,ITI3,11,Marche,Marche,1525271,1781253,116.78,0.84
2370,2021-02-16,MAR,1287,475,812,1225,30,32,ITI,ITI3,11,Marche,Marche,1525271,1782540,116.87,0.08
2371,2021-02-25,MAR,3561,1465,2096,3320,181,60,ITI,ITI3,11,Marche,Marche,1525271,1786101,117.1,0.23
2372,2021-08-01,MAR,7495,4049,3446,1833,5577,85,ITI,ITI3,11,Marche,Marche,1525271,1793596,117.59,0.49
2373,2021-06-05,MAR,13943,7011,6932,11519,2058,366,ITI,ITI3,11,Marche,Marche,1525271,1807539,118.51,0.91
2374,2021-04-23,MAR,11317,5222,6095,8100,3055,162,ITI,ITI3,11,Marche,Marche,1525271,1818856,119.25,0.74
2375,2021-02-23,MAR,3314,1432,1882,3243,56,15,ITI,ITI3,11,Marche,Marche,1525271,1822170,119.47,0.22
2376,2021-01-15,MAR,1772,500,1272,1755,0,17,ITI,ITI3,11,Marche,Marche,1525271,1823942,119.58,0.12
2377,2021-04-25,MAR,8601,3995,4606,6892,1578,131,ITI,ITI3,11,Marche,Marche,1525271,1832543,120.15,0.56
2378,2021-08-03,MAR,10878,5737,5141,4030,6582,266,ITI,ITI3,11,Marche,Marche,1525271,1843421,120.86,0.71
2379,2021-08-12,MAR,8017,4329,3688,3888,3768,361,ITI,ITI3,11,Marche,Marche,1525271,1851438,121.38,0.53
2380,2021-01-13,MAR,2114,747,1367,2073,0,41,ITI,ITI3,11,Marche,Marche,1525271,1853552,121.52,0.14
2381,2021-05-02,MAR,8905,3939,4966,3082,5741,82,ITI,ITI3,11,Marche,Marche,1525271,1862457,122.11,0.58
2382,2021-08-10,MAR,9202,4815,4387,3333,5593,276,ITI,ITI3,11,Marche,Marche,1525271,1871659,122.71,0.6
2383,2021-06-28,MAR,12361,6026,6335,4613,7511,237,ITI,ITI3,11,Marche,Marche,1525271,1884020,123.52,0.81
2384,2021-03-22,MAR,5702,2411,3291,2479,3177,46,ITI,ITI3,11,Marche,Marche,1525271,1889722,123.89,0.37
2385,2021-01-24,MAR,882,340,542,4,878,0,ITI,ITI3,11,Marche,Marche,1525271,1890604,123.95,0.06
2386,2021-06-30,MAR,13651,6664,6987,4452,8988,211,ITI,ITI3,11,Marche,Marche,1525271,1904255,124.85,0.89
2387,2021-05-04,MAR,10975,4841,6134,4927,5905,143,ITI,ITI3,11,Marche,Marche,1525271,1915230,125.57,0.72
2388,2021-03-20,MAR,4178,1759,2419,1035,3129,14,ITI,ITI3,11,Marche,Marche,1525271,1919408,125.84,0.27
2389,2021-01-22,MAR,489,168,321,193,294,2,ITI,ITI3,11,Marche,Marche,1525271,1919897,125.87,0.03
2390,2021-07-07,MAR,14257,7068,7189,2935,11080,242,ITI,ITI3,11,Marche,Marche,1525271,1934154,126.81,0.93
2391,2021-03-28,FVG,4944,2355,2589,4690,158,96,ITH,ITH4,6,Friuli-Venezia Giulia,Friuli Venezia Giulia,1215220,4944,0.41,0.41
2392,2021-01-18,FVG,1963,607,1356,1869,94,0,ITH,ITH4,6,Friuli-Venezia Giulia,Friuli Venezia Giulia,1215220,6907,0.57,0.16
2393,2021-01-04,FVG,1507,558,949,1507,0,0,ITH,ITH4,6,Friuli-Venezia Giulia,Friuli Venezia Giulia,1215220,8414,0.69,0.12
2394,2021-01-30,FVG,2283,745,1538,270,2013,0,ITH,ITH4,6,Friuli-Venezia Giulia,Friuli Venezia Giulia,1215220,10697,0.88,0.19
2395,2021-07-13,FVG,11073,5704,5369,1168,9754,151,ITH,ITH4,6,Friuli-Venezia Giulia,Friuli Venezia Giulia,1215220,21770,1.79,0.91
2396,2021-07-08,FVG,13091,7080,6011,1355,11554,182,ITH,ITH4,6,Friuli-Venezia Giulia,Friuli Venezia Giulia,1215220,34861,2.87,1.08
2397,2021-02-04,FVG,2727,808,1919,35,2692,0,ITH,ITH4,6,Friuli-Venezia Giulia,Friuli Venezia Giulia,1215220,37588,3.09,0.22
2398,2021-08-08,FVG,4243,2306,1937,1834,2314,95,ITH,ITH4,6,Friuli-Venezia Giulia,Friuli Venezia Giulia,1215220,41831,3.44,0.35
2399,2021-04-30,FVG,7409,3268,4141,3574,3661,174,ITH,ITH4,6,Friuli-Venezia Giulia,Friuli Venezia Giulia,1215220,49240,4.05,0.61
2400,2021-05-24,FVG,11470,5551,5919,7524,3643,303,ITH,ITH4,6,Friuli-Venezia Giulia,Friuli Venezia Giulia,1215220,60710,5.0,0.94
2401,2021-02-13,FVG,566,179,387,558,6,2,ITH,ITH4,6,Friuli-Venezia Giulia,Friuli Venezia Giulia,1215220,61276,5.04,0.05
2402,2021-08-15,FVG,1,1,0,0,1,0,ITH,ITH4,6,Friuli-Venezia Giulia,Friuli Venezia Giulia,1215220,61277,5.04,0.0
2403,2021-03-02,FVG,4222,1519,2703,2701,1500,21,ITH,ITH4,6,Friuli-Venezia Giulia,Friuli Venezia Giulia,1215220,65499,5.39,0.35
2404,2021-03-04,FVG,3458,1599,1859,2769,661,28,ITH,ITH4,6,Friuli-Venezia Giulia,Friuli Venezia Giulia,1215220,68957,5.67,0.28
2405,2021-06-12,FVG,8225,4715,3510,6801,1161,263,ITH,ITH4,6,Friuli-Venezia Giulia,Friuli Venezia Giulia,1215220,77182,6.35,0.68
2406,2021-04-28,FVG,7331,3237,4094,3686,3509,136,ITH,ITH4,6,Friuli-Venezia Giulia,Friuli Venezia Giulia,1215220,84513,6.95,0.6
2407,2021-01-23,FVG,815,323,492,4,811,0,ITH,ITH4,6,Friuli-Venezia Giulia,Friuli Venezia Giulia,1215220,85328,7.02,0.07
2408,2021-02-18,FVG,3227,1500,1727,2801,408,18,ITH,ITH4,6,Friuli-Venezia Giulia,Friuli Venezia Giulia,1215220,88555,7.29,0.27
2409,2021-04-02,FVG,6603,2933,3670,4634,1840,129,ITH,ITH4,6,Friuli-Venezia Giulia,Friuli Venezia Giulia,1215220,95158,7.83,0.54
2410,2021-07-20,FVG,9390,4923,4467,2438,6653,299,ITH,ITH4,6,Friuli-Venezia Giulia,Friuli Venezia Giulia,1215220,104548,8.6,0.77
2411,2021-08-03,FVG,9889,5183,4706,4974,4543,372,ITH,ITH4,6,Friuli-Venezia Giulia,Friuli Venezia Giulia,1215220,114437,9.42,0.81
2412,2021-04-11,FVG,3433,1519,1914,2415,906,112,ITH,ITH4,6,Friuli-Venezia Giulia,Friuli Venezia Giulia,1215220,117870,9.7,0.28
2413,2021-06-07,FVG,9215,4777,4438,7845,996,374,ITH,ITH4,6,Friuli-Venezia Giulia,Friuli Venezia Giulia,1215220,127085,10.46,0.76
2414,2021-06-24,FVG,11102,5662,5440,1896,9099,107,ITH,ITH4,6,Friuli-Venezia Giulia,Friuli Venezia Giulia,1215220,138187,11.37,0.91
2415,2021-03-16,FVG,3189,1300,1889,1024,2083,82,ITH,ITH4,6,Friuli-Venezia Giulia,Friuli Venezia Giulia,1215220,141376,11.63,0.26
2416,2021-08-20,FVG,6194,3491,2703,2640,3281,273,ITH,ITH4,6,Friuli-Venezia Giulia,Friuli Venezia Giulia,1215220,147570,12.14,0.51
2417,2021-05-12,FVG,11180,5169,6011,9347,1425,408,ITH,ITH4,6,Friuli-Venezia Giulia,Friuli Venezia Giulia,1215220,158750,13.06,0.92
2418,2021-02-06,FVG,1155,339,816,21,1133,1,ITH,ITH4,6,Friuli-Venezia Giulia,Friuli Venezia Giulia,1215220,159905,13.16,0.1
2419,2021-02-23,FVG,2648,1279,1369,2460,181,7,ITH,ITH4,6,Friuli-Venezia Giulia,Friuli Venezia Giulia,1215220,162553,13.38,0.22
2420,2021-05-17,FVG,8842,4107,4735,6081,2494,267,ITH,ITH4,6,Friuli-Venezia Giulia,Friuli Venezia Giulia,1215220,171395,14.1,0.73
2421,2021-03-09,FVG,4021,1728,2293,1242,2755,24,ITH,ITH4,6,Friuli-Venezia Giulia,Friuli Venezia Giulia,1215220,175416,14.43,0.33
2422,2021-06-26,FVG,10363,5279,5084,4158,6170,35,ITH,ITH4,6,Friuli-Venezia Giulia,Friuli Venezia Giulia,1215220,185779,15.29,0.85
2423,2021-04-21,FVG,7779,3469,4310,4016,3683,80,ITH,ITH4,6,Friuli-Venezia Giulia,Friuli Venezia Giulia,1215220,193558,15.93,0.64
2424,2021-01-11,FVG,1885,608,1277,1884,0,1,ITH,ITH4,6,Friuli-Venezia Giulia,Friuli Venezia Giulia,1215220,195443,16.08,0.16
2425,2021-07-15,FVG,10077,5132,4945,942,8891,244,ITH,ITH4,6,Friuli-Venezia Giulia,Friuli Venezia Giulia,1215220,205520,16.91,0.83
2426,2021-04-23,FVG,7500,3390,4110,3489,3874,137,ITH,ITH4,6,Friuli-Venezia Giulia,Friuli Venezia Giulia,1215220,213020,17.53,0.62
2427,2021-08-01,FVG,3556,1910,1646,1437,1871,248,ITH,ITH4,6,Friuli-Venezia Giulia,Friuli Venezia Giulia,1215220,216576,17.82,0.29
2428,2021-08-27,FVG,1894,1025,869,84,1786,24,ITH,ITH4,6,Friuli-Venezia Giulia,Friuli Venezia Giulia,1215220,218470,17.98,0.16
2429,2021-06-19,FVG,8559,4459,4100,1346,7148,65,ITH,ITH4,6,Friuli-Venezia Giulia,Friuli Venezia Giulia,1215220,227029,18.68,0.7
2430,2021-03-11,FVG,3482,1519,1963,1713,1754,15,ITH,ITH4,6,Friuli-Venezia Giulia,Friuli Venezia Giulia,1215220,230511,18.97,0.29
2431,2021-03-21,FVG,2675,1002,1673,2215,410,50,ITH,ITH4,6,Friuli-Venezia Giulia,Friuli Venezia Giulia,1215220,233186,19.19,0.22
2432,2021-01-27,FVG,1272,426,846,449,821,2,ITH,ITH4,6,Friuli-Venezia Giulia,Friuli Venezia Giulia,1215220,234458,19.29,0.1
2433,2021-05-07,FVG,10912,4994,5918,7178,3541,193,ITH,ITH4,6,Friuli-Venezia Giulia,Friuli Venezia Giulia,1215220,245370,20.19,0.9
2434,2021-04-16,FVG,6976,3032,3944,4913,1929,134,ITH,ITH4,6,Friuli-Venezia Giulia,Friuli Venezia Giulia,1215220,252346,20.77,0.57
2435,2021-01-06,FVG,716,265,451,716,0,0,ITH,ITH4,6,Friuli-Venezia Giulia,Friuli Venezia Giulia,1215220,253062,20.82,0.06
2436,2021-02-11,FVG,1932,664,1268,1736,193,3,ITH,ITH4,6,Friuli-Venezia Giulia,Friuli Venezia Giulia,1215220,254994,20.98,0.16
2437,2021-04-09,FVG,7937,3667,4270,6510,1255,172,ITH,ITH4,6,Friuli-Venezia Giulia,Friuli Venezia Giulia,1215220,262931,21.64,0.65
2438,2021-05-05,FVG,9797,4278,5519,6077,3477,243,ITH,ITH4,6,Friuli-Venezia Giulia,Friuli Venezia Giulia,1215220,272728,22.44,0.81
2439,2021-01-25,FVG,1587,568,1019,195,1392,0,ITH,ITH4,6,Friuli-Venezia Giulia,Friuli Venezia Giulia,1215220,274315,22.57,0.13
2440,2021-07-01,FVG,12375,6439,5936,2636,9483,256,ITH,ITH4,6,Friuli-Venezia Giulia,Friuli Venezia Giulia,1215220,286690,23.59,1.02
2441,2021-03-23,FVG,3903,1691,2212,1741,2144,18,ITH,ITH4,6,Friuli-Venezia Giulia,Friuli Venezia Giulia,1215220,290593,23.91,0.32
2442,2021-01-16,FVG,1232,362,870,1232,0,0,ITH,ITH4,6,Friuli-Venezia Giulia,Friuli Venezia Giulia,1215220,291825,24.01,0.1
2443,2021-07-03,FVG,11418,6091,5327,1092,10178,148,ITH,ITH4,6,Friuli-Venezia Giulia,Friuli Venezia Giulia,1215220,303243,24.95,0.94
2444,2021-03-25,FVG,5539,2428,3111,3328,2139,72,ITH,ITH4,6,Friuli-Venezia Giulia,Friuli Venezia Giulia,1215220,308782,25.41,0.46
2445,2021-05-31,FVG,8951,4443,4508,6476,2226,249,ITH,ITH4,6,Friuli-Venezia Giulia,Friuli Venezia Giulia,1215220,317733,26.15,0.74
2446,2021-07-27,FVG,9484,4766,4718,2621,6635,228,ITH,ITH4,6,Friuli-Venezia Giulia,Friuli Venezia Giulia,1215220,327217,26.93,0.78
2447,2021-02-27,FVG,3535,1202,2333,3517,1,17,ITH,ITH4,6,Friuli-Venezia Giulia,Friuli Venezia Giulia,1215220,330752,27.22,0.29
2448,2021-08-22,FVG,2018,1153,865,779,1202,37,ITH,ITH4,6,Friuli-Venezia Giulia,Friuli Venezia Giulia,1215220,332770,27.38,0.17
2449,2021-05-19,FVG,12114,5976,6138,9318,2364,432,ITH,ITH4,6,Friuli-Venezia Giulia,Friuli Venezia Giulia,1215220,344884,28.38,1.0
2450,2021-03-14,FVG,1402,554,848,1124,252,26,ITH,ITH4,6,Friuli-Venezia Giulia,Friuli Venezia Giulia,1215220,346286,28.5,0.12
2451,2021-06-04,FVG,12148,6225,5923,10291,1449,408,ITH,ITH4,6,Friuli-Venezia Giulia,Friuli Venezia Giulia,1215220,358434,29.5,1.0
2452,2021-07-05,FVG,9545,4850,4695,1313,8089,143,ITH,ITH4,6,Friuli-Venezia Giulia,Friuli Venezia Giulia,1215220,367979,30.28,0.79
2453,2021-06-21,FVG,9210,4500,4710,1823,7250,137,ITH,ITH4,6,Friuli-Venezia Giulia,Friuli Venezia Giulia,1215220,377189,31.04,0.76
2454,2021-03-13,FVG,2946,1125,1821,1659,1274,13,ITH,ITH4,6,Friuli-Venezia Giulia,Friuli Venezia Giulia,1215220,380135,31.28,0.24
2455,2021-06-09,FVG,11350,5972,5378,9488,1395,467,ITH,ITH4,6,Friuli-Venezia Giulia,Friuli Venezia Giulia,1215220,391485,32.22,0.93
2456,2021-03-01,FVG,2967,1044,1923,2891,53,23,ITH,ITH4,6,Friuli-Venezia Giulia,Friuli Venezia Giulia,1215220,394452,32.46,0.24
2457,2021-03-18,FVG,3377,1424,1953,1683,1686,8,ITH,ITH4,6,Friuli-Venezia Giulia,Friuli Venezia Giulia,1215220,397829,32.74,0.28
2458,2021-04-13,FVG,7387,3296,4091,5650,1609,128,ITH,ITH4,6,Friuli-Venezia Giulia,Friuli Venezia Giulia,1215220,405216,33.35,0.61
2459,2021-01-03,FVG,313,123,190,313,0,0,ITH,ITH4,6,Friuli-Venezia Giulia,Friuli Venezia Giulia,1215220,405529,33.37,0.03
2460,2021-07-22,FVG,7667,4055,3612,3221,4143,303,ITH,ITH4,6,Friuli-Venezia Giulia,Friuli Venezia Giulia,1215220,413196,34.0,0.63
2461,2021-01-20,FVG,749,320,429,13,736,0,ITH,ITH4,6,Friuli-Venezia Giulia,Friuli Venezia Giulia,1215220,413945,34.06,0.06
2462,2021-03-30,FVG,7609,3402,4207,6282,1195,132,ITH,ITH4,6,Friuli-Venezia Giulia,Friuli Venezia Giulia,1215220,421554,34.69,0.63
2463,2021-07-10,FVG,8804,4542,4262,142,8636,26,ITH,ITH4,6,Friuli-Venezia Giulia,Friuli Venezia Giulia,1215220,430358,35.41,0.72
2464,2021-04-01,FVG,6430,3071,3359,5324,1017,89,ITH,ITH4,6,Friuli-Venezia Giulia,Friuli Venezia Giulia,1215220,436788,35.94,0.53
2465,2021-05-28,FVG,10648,5101,5547,6230,4138,280,ITH,ITH4,6,Friuli-Venezia Giulia,Friuli Venezia Giulia,1215220,447436,36.82,0.88
2466,2021-07-12,FVG,10019,5143,4876,1102,8762,155,ITH,ITH4,6,Friuli-Venezia Giulia,Friuli Venezia Giulia,1215220,457455,37.64,0.82
2467,2021-02-19,FVG,3270,1299,1971,2827,428,15,ITH,ITH4,6,Friuli-Venezia Giulia,Friuli Venezia Giulia,1215220,460725,37.91,0.27
2468,2020-12-30,FVG,626,244,382,626,0,0,ITH,ITH4,6,Friuli-Venezia Giulia,Friuli Venezia Giulia,1215220,461351,37.96,0.05
2469,2021-06-05,FVG,10334,5342,4992,8400,1552,382,ITH,ITH4,6,Friuli-Venezia Giulia,Friuli Venezia Giulia,1215220,471685,38.81,0.85
2470,2021-02-25,FVG,3177,1659,1518,3117,29,31,ITH,ITH4,6,Friuli-Venezia Giulia,Friuli Venezia Giulia,1215220,474862,39.08,0.26
2471,2021-06-16,FVG,12192,5915,6277,3894,8034,264,ITH,ITH4,6,Friuli-Venezia Giulia,Friuli Venezia Giulia,1215220,487054,40.08,1.0
2472,2021-08-12,FVG,7791,4161,3630,4996,2494,301,ITH,ITH4,6,Friuli-Venezia Giulia,Friuli Venezia Giulia,1215220,494845,40.72,0.64
2473,2021-04-24,FVG,6690,2951,3739,5207,1245,238,ITH,ITH4,6,Friuli-Venezia Giulia,Friuli Venezia Giulia,1215220,501535,41.27,0.55
2474,2021-06-06,FVG,9496,4631,4865,7643,1567,286,ITH,ITH4,6,Friuli-Venezia Giulia,Friuli Venezia Giulia,1215220,511031,42.05,0.78
2475,2021-02-26,FVG,3747,2104,1643,3567,148,32,ITH,ITH4,6,Friuli-Venezia Giulia,Friuli Venezia Giulia,1215220,514778,42.36,0.31
2476,2021-02-17,FVG,2361,1003,1358,1874,485,2,ITH,ITH4,6,Friuli-Venezia Giulia,Friuli Venezia Giulia,1215220,517139,42.56,0.19
2477,2021-04-25,FVG,2381,992,1389,2187,13,181,ITH,ITH4,6,Friuli-Venezia Giulia,Friuli Venezia Giulia,1215220,519520,42.75,0.2
2478,2021-01-15,FVG,2020,605,1415,2019,0,1,ITH,ITH4,6,Friuli-Venezia Giulia,Friuli Venezia Giulia,1215220,521540,42.92,0.17
2479,2021-04-18,FVG,6055,2812,3243,5418,408,229,ITH,ITH4,6,Friuli-Venezia Giulia,Friuli Venezia Giulia,1215220,527595,43.42,0.5
2480,2021-01-08,FVG,2325,747,1578,2325,0,0,ITH,ITH4,6,Friuli-Venezia Giulia,Friuli Venezia Giulia,1215220,529920,43.61,0.19
2481,2021-06-14,FVG,10305,5001,5304,5182,4834,289,ITH,ITH4,6,Friuli-Venezia Giulia,Friuli Venezia Giulia,1215220,540225,44.45,0.85
2482,2021-02-20,FVG,2077,940,1137,1930,144,3,ITH,ITH4,6,Friuli-Venezia Giulia,Friuli Venezia Giulia,1215220,542302,44.63,0.17
2483,2021-01-22,FVG,90,30,60,1,89,0,ITH,ITH4,6,Friuli-Venezia Giulia,Friuli Venezia Giulia,1215220,542392,44.63,0.01
2484,2021-03-06,FVG,3501,1197,2304,3144,325,32,ITH,ITH4,6,Friuli-Venezia Giulia,Friuli Venezia Giulia,1215220,545893,44.92,0.29
2485,2021-06-28,FVG,9915,4996,4919,2165,7707,43,ITH,ITH4,6,Friuli-Venezia Giulia,Friuli Venezia Giulia,1215220,555808,45.74,0.82
2486,2021-03-20,FVG,3407,1412,1995,1300,2093,14,ITH,ITH4,6,Friuli-Venezia Giulia,Friuli Venezia Giulia,1215220,559215,46.02,0.28
2487,2021-01-13,FVG,2651,835,1816,2650,0,1,ITH,ITH4,6,Friuli-Venezia Giulia,Friuli Venezia Giulia,1215220,561866,46.24,0.22
2488,2021-04-06,FVG,6686,3139,3547,5427,1154,105,ITH,ITH4,6,Friuli-Venezia Giulia,Friuli Venezia Giulia,1215220,568552,46.79,0.55
2489,2020-12-27,FVG,262,149,113,261,0,1,ITH,ITH4,6,Friuli-Venezia Giulia,Friuli Venezia Giulia,1215220,568814,46.81,0.02
2490,2021-02-22,FVG,2490,1197,1293,2067,418,5,ITH,ITH4,6,Friuli-Venezia Giulia,Friuli Venezia Giulia,1215220,571304,47.01,0.2
2491,2021-06-02,FVG,9426,4960,4466,8823,282,321,ITH,ITH4,6,Friuli-Venezia Giulia,Friuli Venezia Giulia,1215220,580730,47.79,0.78
2492,2021-08-09,FVG,7787,4166,3621,2324,5276,187,ITH,ITH4,6,Friuli-Venezia Giulia,Friuli Venezia Giulia,1215220,588517,48.43,0.64
2493,2021-02-07,FVG,1567,482,1085,384,1182,1,ITH,ITH4,6,Friuli-Venezia Giulia,Friuli Venezia Giulia,1215220,590084,48.56,0.13
2494,2021-05-09,FVG,7380,3317,4063,3373,3874,133,ITH,ITH4,6,Friuli-Venezia Giulia,Friuli Venezia Giulia,1215220,597464,49.17,0.61
2495,2021-07-31,FVG,7339,3765,3574,1261,5988,90,ITH,ITH4,6,Friuli-Venezia Giulia,Friuli Venezia Giulia,1215220,604803,49.77,0.6
2496,2021-08-17,FVG,3482,1869,1613,2652,595,235,ITH,ITH4,6,Friuli-Venezia Giulia,Friuli Venezia Giulia,1215220,608285,50.06,0.29
2497,2021-05-26,FVG,13446,6716,6730,9649,3447,350,ITH,ITH4,6,Friuli-Venezia Giulia,Friuli Venezia Giulia,1215220,621731,51.16,1.11
2498,2021-02-15,FVG,2459,914,1545,2199,254,6,ITH,ITH4,6,Friuli-Venezia Giulia,Friuli Venezia Giulia,1215220,624190,51.36,0.2
2499,2021-07-24,FVG,6156,3324,2832,2911,3073,172,ITH,ITH4,6,Friuli-Venezia Giulia,Friuli Venezia Giulia,1215220,630346,51.87,0.51
2500,2021-08-24,FVG,6362,3358,3004,669,5562,131,ITH,ITH4,6,Friuli-Venezia Giulia,Friuli Venezia Giulia,1215220,636708,52.39,0.52
2501,2021-08-10,FVG,7124,3963,3161,5097,1649,378,ITH,ITH4,6,Friuli-Venezia Giulia,Friuli Venezia Giulia,1215220,643832,52.98,0.59
2502,2021-05-02,FVG,6907,3253,3654,3805,2961,141,ITH,ITH4,6,Friuli-Venezia Giulia,Friuli Venezia Giulia,1215220,650739,53.55,0.57
2503,2021-05-16,FVG,10021,4797,5224,8372,1405,244,ITH,ITH4,6,Friuli-Venezia Giulia,Friuli Venezia Giulia,1215220,660760,54.37,0.82
2504,2021-05-30,FVG,11069,4995,6074,7234,3588,247,ITH,ITH4,6,Friuli-Venezia Giulia,Friuli Venezia Giulia,1215220,671829,55.28,0.91
2505,2021-08-06,FVG,6412,3362,3050,2304,3930,178,ITH,ITH4,6,Friuli-Venezia Giulia,Friuli Venezia Giulia,1215220,678241,55.81,0.53
2506,2021-08-11,FVG,7788,4115,3673,5080,2368,340,ITH,ITH4,6,Friuli-Venezia Giulia,Friuli Venezia Giulia,1215220,686029,56.45,0.64
2507,2021-05-03,FVG,7249,3298,3951,3346,3788,115,ITH,ITH4,6,Friuli-Venezia Giulia,Friuli Venezia Giulia,1215220,693278,57.05,0.6
2508,2021-01-14,FVG,2587,791,1796,2584,0,3,ITH,ITH4,6,Friuli-Venezia Giulia,Friuli Venezia Giulia,1215220,695865,57.26,0.21
2509,2021-08-13,FVG,3782,2119,1663,2614,964,204,ITH,ITH4,6,Friuli-Venezia Giulia,Friuli Venezia Giulia,1215220,699647,57.57,0.31
2510,2021-06-08,FVG,10516,5502,5014,9640,466,410,ITH,ITH4,6,Friuli-Venezia Giulia,Friuli Venezia Giulia,1215220,710163,58.44,0.87
2511,2021-02-28,FVG,2691,1005,1686,2268,394,29,ITH,ITH4,6,Friuli-Venezia Giulia,Friuli Venezia Giulia,1215220,712854,58.66,0.22
2512,2021-08-04,FVG,9111,4695,4416,4431,4373,307,ITH,ITH4,6,Friuli-Venezia Giulia,Friuli Venezia Giulia,1215220,721965,59.41,0.75
2513,2021-06-23,FVG,12090,5850,6240,1997,9951,142,ITH,ITH4,6,Friuli-Venezia Giulia,Friuli Venezia Giulia,1215220,734055,60.41,0.99
2514,2021-08-19,FVG,4773,2554,2219,1619,2997,157,ITH,ITH4,6,Friuli-Venezia Giulia,Friuli Venezia Giulia,1215220,738828,60.8,0.39
2515,2021-08-05,FVG,6954,3570,3384,3055,3691,208,ITH,ITH4,6,Friuli-Venezia Giulia,Friuli Venezia Giulia,1215220,745782,61.37,0.57
2516,2021-04-27,FVG,8147,3742,4405,3550,4496,101,ITH,ITH4,6,Friuli-Venezia Giulia,Friuli Venezia Giulia,1215220,753929,62.04,0.67
2517,2021-05-04,FVG,9607,4334,5273,5995,3387,225,ITH,ITH4,6,Friuli-Venezia Giulia,Friuli Venezia Giulia,1215220,763536,62.83,0.79
2518,2021-01-24,FVG,306,120,186,1,305,0,ITH,ITH4,6,Friuli-Venezia Giulia,Friuli Venezia Giulia,1215220,763842,62.86,0.03
2519,2021-06-30,FVG,13188,6713,6475,1381,11634,173,ITH,ITH4,6,Friuli-Venezia Giulia,Friuli Venezia Giulia,1215220,777030,63.94,1.09
2520,2021-08-14,FVG,197,145,52,179,4,14,ITH,ITH4,6,Friuli-Venezia Giulia,Friuli Venezia Giulia,1215220,777227,63.96,0.02
2521,2021-05-06,FVG,11962,5556,6406,7710,3976,276,ITH,ITH4,6,Friuli-Venezia Giulia,Friuli Venezia Giulia,1215220,789189,64.94,0.98
2522,2021-07-02,FVG,11112,5744,5368,2115,8805,192,ITH,ITH4,6,Friuli-Venezia Giulia,Friuli Venezia Giulia,1215220,800301,65.86,0.91
2523,2021-06-25,FVG,10990,5527,5463,2401,8554,35,ITH,ITH4,6,Friuli-Venezia Giulia,Friuli Venezia Giulia,1215220,811291,66.76,0.9
2524,2021-03-08,FVG,4132,1646,2486,2027,2090,15,ITH,ITH4,6,Friuli-Venezia Giulia,Friuli Venezia Giulia,1215220,815423,67.1,0.34
2525,2021-03-22,FVG,3668,1454,2214,1671,1958,39,ITH,ITH4,6,Friuli-Venezia Giulia,Friuli Venezia Giulia,1215220,819091,67.4,0.3
2526,2021-01-17,FVG,1715,522,1193,1713,0,2,ITH,ITH4,6,Friuli-Venezia Giulia,Friuli Venezia Giulia,1215220,820806,67.54,0.14
2527,2021-03-15,FVG,3958,1812,2146,1610,2325,23,ITH,ITH4,6,Friuli-Venezia Giulia,Friuli Venezia Giulia,1215220,824764,67.87,0.33
2528,2021-02-12,FVG,1195,428,767,1142,49,4,ITH,ITH4,6,Friuli-Venezia Giulia,Friuli Venezia Giulia,1215220,825959,67.97,0.1
2529,2021-05-25,FVG,12944,6399,6545,9284,3318,342,ITH,ITH4,6,Friuli-Venezia Giulia,Friuli Venezia Giulia,1215220,838903,69.03,1.07
2530,2021-07-29,FVG,9562,4877,4685,3186,6075,301,ITH,ITH4,6,Friuli-Venezia Giulia,Friuli Venezia Giulia,1215220,848465,69.82,0.79
2531,2021-04-20,FVG,7139,3075,4064,3096,3916,127,ITH,ITH4,6,Friuli-Venezia Giulia,Friuli Venezia Giulia,1215220,855604,70.41,0.59
2532,2021-01-10,FVG,2942,919,2023,2942,0,0,ITH,ITH4,6,Friuli-Venezia Giulia,Friuli Venezia Giulia,1215220,858546,70.65,0.24
2533,2021-07-14,FVG,10900,5577,5323,1256,9452,192,ITH,ITH4,6,Friuli-Venezia Giulia,Friuli Venezia Giulia,1215220,869446,71.55,0.9
2534,2021-04-05,FVG,2897,1440,1457,2821,15,61,ITH,ITH4,6,Friuli-Venezia Giulia,Friuli Venezia Giulia,1215220,872343,71.78,0.24
2535,2021-01-12,FVG,2259,714,1545,2259,0,0,ITH,ITH4,6,Friuli-Venezia Giulia,Friuli Venezia Giulia,1215220,874602,71.97,0.19
2536,2021-01-29,FVG,2417,814,1603,265,2152,0,ITH,ITH4,6,Friuli-Venezia Giulia,Friuli Venezia Giulia,1215220,877019,72.17,0.2
2537,2021-04-22,FVG,6796,3090,3706,3033,3691,72,ITH,ITH4,6,Friuli-Venezia Giulia,Friuli Venezia Giulia,1215220,883815,72.73,0.56
2538,2021-07-09,FVG,11939,6342,5597,2113,9538,288,ITH,ITH4,6,Friuli-Venezia Giulia,Friuli Venezia Giulia,1215220,895754,73.71,0.98
2539,2021-03-17,FVG,3240,1270,1970,736,2494,10,ITH,ITH4,6,Friuli-Venezia Giulia,Friuli Venezia Giulia,1215220,898994,73.98,0.27
2540,2021-08-21,FVG,2850,1528,1322,277,2531,42,ITH,ITH4,6,Friuli-Venezia Giulia,Friuli Venezia Giulia,1215220,901844,74.21,0.23
2541,2021-05-13,FVG,11205,5414,5791,8738,2074,393,ITH,ITH4,6,Friuli-Venezia Giulia,Friuli Venezia Giulia,1215220,913049,75.13,0.92
2542,2021-02-16,FVG,2517,1135,1382,2397,116,4,ITH,ITH4,6,Friuli-Venezia Giulia,Friuli Venezia Giulia,1215220,915566,75.34,0.21
2543,2021-03-24,FVG,3984,1725,2259,2462,1484,38,ITH,ITH4,6,Friuli-Venezia Giulia,Friuli Venezia Giulia,1215220,919550,75.67,0.33
2544,2021-05-20,FVG,12723,6328,6395,9793,2526,404,ITH,ITH4,6,Friuli-Venezia Giulia,Friuli Venezia Giulia,1215220,932273,76.72,1.05
2545,2021-01-26,FVG,1978,648,1330,216,1761,1,ITH,ITH4,6,Friuli-Venezia Giulia,Friuli Venezia Giulia,1215220,934251,76.88,0.16
2546,2021-02-09,FVG,1842,555,1287,1555,286,1,ITH,ITH4,6,Friuli-Venezia Giulia,Friuli Venezia Giulia,1215220,936093,77.03,0.15
2547,2021-08-26,FVG,7039,3808,3231,1093,5751,195,ITH,ITH4,6,Friuli-Venezia Giulia,Friuli Venezia Giulia,1215220,943132,77.61,0.58
2548,2021-05-18,FVG,10855,5429,5426,8399,2095,361,ITH,ITH4,6,Friuli-Venezia Giulia,Friuli Venezia Giulia,1215220,953987,78.5,0.89
2549,2021-06-01,FVG,10141,5129,5012,7709,2125,307,ITH,ITH4,6,Friuli-Venezia Giulia,Friuli Venezia Giulia,1215220,964128,79.34,0.83
2550,2021-06-20,FVG,6518,3232,3286,1490,4937,91,ITH,ITH4,6,Friuli-Venezia Giulia,Friuli Venezia Giulia,1215220,970646,79.87,0.54
2551,2021-03-29,FVG,7035,3131,3904,5371,1589,75,ITH,ITH4,6,Friuli-Venezia Giulia,Friuli Venezia Giulia,1215220,977681,80.45,0.58
2552,2021-07-07,FVG,11311,5794,5517,1448,9737,126,ITH,ITH4,6,Friuli-Venezia Giulia,Friuli Venezia Giulia,1215220,988992,81.38,0.93
2553,2021-07-21,FVG,8632,4377,4255,2039,6331,262,ITH,ITH4,6,Friuli-Venezia Giulia,Friuli Venezia Giulia,1215220,997624,82.09,0.71
2554,2021-05-15,FVG,12688,6119,6569,7687,4703,298,ITH,ITH4,6,Friuli-Venezia Giulia,Friuli Venezia Giulia,1215220,1010312,83.14,1.04
2555,2021-05-01,FVG,7206,3249,3957,5905,1045,256,ITH,ITH4,6,Friuli-Venezia Giulia,Friuli Venezia Giulia,1215220,1017518,83.73,0.59
2556,2021-01-21,FVG,897,345,552,1,896,0,ITH,ITH4,6,Friuli-Venezia Giulia,Friuli Venezia Giulia,1215220,1018415,83.8,0.07
2557,2021-02-21,FVG,801,281,520,421,378,2,ITH,ITH4,6,Friuli-Venezia Giulia,Friuli Venezia Giulia,1215220,1019216,83.87,0.07
2558,2021-07-04,FVG,9346,4792,4554,2890,6201,255,ITH,ITH4,6,Friuli-Venezia Giulia,Friuli Venezia Giulia,1215220,1028562,84.64,0.77
2559,2021-03-26,FVG,6024,2611,3413,3830,2020,174,ITH,ITH4,6,Friuli-Venezia Giulia,Friuli Venezia Giulia,1215220,1034586,85.14,0.5
2560,2021-03-12,FVG,4108,1701,2407,2700,1382,26,ITH,ITH4,6,Friuli-Venezia Giulia,Friuli Venezia Giulia,1215220,1038694,85.47,0.34
2561,2021-06-18,FVG,10962,5413,5549,3399,7305,258,ITH,ITH4,6,Friuli-Venezia Giulia,Friuli Venezia Giulia,1215220,1049656,86.38,0.9
2562,2021-03-10,FVG,3599,1707,1892,1745,1796,58,ITH,ITH4,6,Friuli-Venezia Giulia,Friuli Venezia Giulia,1215220,1053255,86.67,0.3
2563,2021-02-24,FVG,2531,1093,1438,2502,18,11,ITH,ITH4,6,Friuli-Venezia Giulia,Friuli Venezia Giulia,1215220,1055786,86.88,0.21
2564,2021-03-27,FVG,5382,2921,2461,3922,1412,48,ITH,ITH4,6,Friuli-Venezia Giulia,Friuli Venezia Giulia,1215220,1061168,87.32,0.44
2565,2021-08-16,FVG,4715,2531,2184,2588,1871,256,ITH,ITH4,6,Friuli-Venezia Giulia,Friuli Venezia Giulia,1215220,1065883,87.71,0.39
2566,2021-06-11,FVG,10927,5956,4971,9631,838,458,ITH,ITH4,6,Friuli-Venezia Giulia,Friuli Venezia Giulia,1215220,1076810,88.61,0.9
2567,2021-03-03,FVG,3650,1638,2012,2344,1277,29,ITH,ITH4,6,Friuli-Venezia Giulia,Friuli Venezia Giulia,1215220,1080460,88.91,0.3
2568,2021-05-27,FVG,12849,6154,6695,7390,5237,222,ITH,ITH4,6,Friuli-Venezia Giulia,Friuli Venezia Giulia,1215220,1093309,89.97,1.06
2569,2021-05-11,FVG,9149,4398,4751,7125,1809,215,ITH,ITH4,6,Friuli-Venezia Giulia,Friuli Venezia Giulia,1215220,1102458,90.72,0.75
2570,2021-01-31,FVG,2726,842,1884,385,2341,0,ITH,ITH4,6,Friuli-Venezia Giulia,Friuli Venezia Giulia,1215220,1105184,90.95,0.22
2571,2021-04-26,FVG,5474,2455,3019,3703,1651,120,ITH,ITH4,6,Friuli-Venezia Giulia,Friuli Venezia Giulia,1215220,1110658,91.4,0.45
2572,2021-01-02,FVG,1217,470,747,1217,0,0,ITH,ITH4,6,Friuli-Venezia Giulia,Friuli Venezia Giulia,1215220,1111875,91.5,0.1
2573,2021-04-12,FVG,7287,3196,4091,5998,1136,153,ITH,ITH4,6,Friuli-Venezia Giulia,Friuli Venezia Giulia,1215220,1119162,92.1,0.6
2574,2021-04-15,FVG,6520,2881,3639,5090,1274,156,ITH,ITH4,6,Friuli-Venezia Giulia,Friuli Venezia Giulia,1215220,1125682,92.63,0.54
2575,2021-04-29,FVG,6797,2992,3805,4015,2596,186,ITH,ITH4,6,Friuli-Venezia Giulia,Friuli Venezia Giulia,1215220,1132479,93.19,0.56
2576,2021-01-05,FVG,1678,551,1127,1676,0,2,ITH,ITH4,6,Friuli-Venezia Giulia,Friuli Venezia Giulia,1215220,1134157,93.33,0.14
2577,2021-08-07,FVG,4650,2501,2149,2588,1930,132,ITH,ITH4,6,Friuli-Venezia Giulia,Friuli Venezia Giulia,1215220,1138807,93.71,0.38
2578,2021-02-05,FVG,2613,785,1828,89,2524,0,ITH,ITH4,6,Friuli-Venezia Giulia,Friuli Venezia Giulia,1215220,1141420,93.93,0.22
2579,2021-04-14,FVG,7250,3134,4116,5409,1716,125,ITH,ITH4,6,Friuli-Venezia Giulia,Friuli Venezia Giulia,1215220,1148670,94.52,0.6
2580,2021-07-06,FVG,11217,5855,5362,1353,9753,111,ITH,ITH4,6,Friuli-Venezia Giulia,Friuli Venezia Giulia,1215220,1159887,95.45,0.92
2581,2021-07-23,FVG,9029,4626,4403,3028,5576,425,ITH,ITH4,6,Friuli-Venezia Giulia,Friuli Venezia Giulia,1215220,1168916,96.19,0.74
2582,2021-08-25,FVG,7607,4071,3536,2828,4437,342,ITH,ITH4,6,Friuli-Venezia Giulia,Friuli Venezia Giulia,1215220,1176523,96.82,0.63
2583,2021-06-03,FVG,12454,6755,5699,9915,2125,414,ITH,ITH4,6,Friuli-Venezia Giulia,Friuli Venezia Giulia,1215220,1188977,97.84,1.02
2584,2021-07-30,FVG,9021,4695,4326,2730,6023,268,ITH,ITH4,6,Friuli-Venezia Giulia,Friuli Venezia Giulia,1215220,1197998,98.58,0.74
2585,2021-01-28,FVG,2249,797,1452,355,1894,0,ITH,ITH4,6,Friuli-Venezia Giulia,Friuli Venezia Giulia,1215220,1200247,98.77,0.19
2586,2021-05-08,FVG,10331,4671,5660,5357,4788,186,ITH,ITH4,6,Friuli-Venezia Giulia,Friuli Venezia Giulia,1215220,1210578,99.62,0.85
2587,2021-08-02,FVG,8962,4598,4364,2792,5907,263,ITH,ITH4,6,Friuli-Venezia Giulia,Friuli Venezia Giulia,1215220,1219540,100.36,0.74
2588,2021-04-03,FVG,4021,1993,2028,2624,1338,59,ITH,ITH4,6,Friuli-Venezia Giulia,Friuli Venezia Giulia,1215220,1223561,100.69,0.33
2589,2021-06-10,FVG,11563,6017,5546,9702,1467,394,ITH,ITH4,6,Friuli-Venezia Giulia,Friuli Venezia Giulia,1215220,1235124,101.64,0.95
2590,2021-03-19,FVG,3254,1351,1903,1303,1936,15,ITH,ITH4,6,Friuli-Venezia Giulia,Friuli Venezia Giulia,1215220,1238378,101.91,0.27
2591,2021-02-02,FVG,2474,808,1666,218,2256,0,ITH,ITH4,6,Friuli-Venezia Giulia,Friuli Venezia Giulia,1215220,1240852,102.11,0.2
2592,2021-03-31,FVG,8147,3574,4573,7173,850,124,ITH,ITH4,6,Friuli-Venezia Giulia,Friuli Venezia Giulia,1215220,1248999,102.78,0.67
2593,2021-02-14,FVG,1,0,1,0,1,0,ITH,ITH4,6,Friuli-Venezia Giulia,Friuli Venezia Giulia,1215220,1249000,102.78,0.0
2594,2021-08-18,FVG,4666,2489,2177,2973,1456,237,ITH,ITH4,6,Friuli-Venezia Giulia,Friuli Venezia Giulia,1215220,1253666,103.16,0.38
2595,2021-05-10,FVG,8003,3555,4448,6222,1543,238,ITH,ITH4,6,Friuli-Venezia Giulia,Friuli Venezia Giulia,1215220,1261669,103.82,0.66
2596,2021-01-19,FVG,6,2,4,6,0,0,ITH,ITH4,6,Friuli-Venezia Giulia,Friuli Venezia Giulia,1215220,1261675,103.82,0.0
2597,2021-06-27,FVG,7633,3814,3819,3763,3833,37,ITH,ITH4,6,Friuli-Venezia Giulia,Friuli Venezia Giulia,1215220,1269308,104.45,0.63
2598,2021-06-29,FVG,11376,5800,5576,1227,10042,107,ITH,ITH4,6,Friuli-Venezia Giulia,Friuli Venezia Giulia,1215220,1280684,105.39,0.94
2599,2021-07-16,FVG,9789,5230,4559,1692,7944,153,ITH,ITH4,6,Friuli-Venezia Giulia,Friuli Venezia Giulia,1215220,1290473,106.19,0.81
2600,2021-04-07,FVG,7851,3639,4212,6946,786,119,ITH,ITH4,6,Friuli-Venezia Giulia,Friuli Venezia Giulia,1215220,1298324,106.84,0.65
2601,2021-08-23,FVG,4672,2409,2263,2545,1771,356,ITH,ITH4,6,Friuli-Venezia Giulia,Friuli Venezia Giulia,1215220,1302996,107.22,0.38
2602,2021-05-29,FVG,12036,5852,6184,6785,4991,260,ITH,ITH4,6,Friuli-Venezia Giulia,Friuli Venezia Giulia,1215220,1315032,108.21,0.99
2603,2021-07-25,FVG,3883,2021,1862,1915,1863,105,ITH,ITH4,6,Friuli-Venezia Giulia,Friuli Venezia Giulia,1215220,1318915,108.53,0.32
2604,2021-07-11,FVG,6857,3581,3276,2379,4178,300,ITH,ITH4,6,Friuli-Venezia Giulia,Friuli Venezia Giulia,1215220,1325772,109.1,0.56
2605,2021-05-22,FVG,11598,5207,6391,7089,4241,268,ITH,ITH4,6,Friuli-Venezia Giulia,Friuli Venezia Giulia,1215220,1337370,110.05,0.95
2606,2021-07-18,FVG,5457,2954,2503,435,4998,24,ITH,ITH4,6,Friuli-Venezia Giulia,Friuli Venezia Giulia,1215220,1342827,110.5,0.45
2607,2021-04-08,FVG,7468,3234,4234,5406,1930,132,ITH,ITH4,6,Friuli-Venezia Giulia,Friuli Venezia Giulia,1215220,1350295,111.12,0.61
2608,2021-05-21,FVG,11247,5030,6217,7910,2995,342,ITH,ITH4,6,Friuli-Venezia Giulia,Friuli Venezia Giulia,1215220,1361542,112.04,0.93
2609,2021-02-10,FVG,1350,496,854,1264,86,0,ITH,ITH4,6,Friuli-Venezia Giulia,Friuli Venezia Giulia,1215220,1362892,112.15,0.11
2610,2021-07-17,FVG,7375,3957,3418,616,6675,84,ITH,ITH4,6,Friuli-Venezia Giulia,Friuli Venezia Giulia,1215220,1370267,112.76,0.61
2611,2021-02-01,FVG,2106,690,1416,17,2089,0,ITH,ITH4,6,Friuli-Venezia Giulia,Friuli Venezia Giulia,1215220,1372373,112.93,0.17
2612,2021-05-14,FVG,10831,5388,5443,7927,2608,296,ITH,ITH4,6,Friuli-Venezia Giulia,Friuli Venezia Giulia,1215220,1383204,113.82,0.89
2613,2021-02-03,FVG,2650,792,1858,22,2627,1,ITH,ITH4,6,Friuli-Venezia Giulia,Friuli Venezia Giulia,1215220,1385854,114.04,0.22
2614,2021-02-08,FVG,2359,695,1664,90,2268,1,ITH,ITH4,6,Friuli-Venezia Giulia,Friuli Venezia Giulia,1215220,1388213,114.24,0.19
2615,2021-06-13,FVG,8703,4530,4173,5187,3329,187,ITH,ITH4,6,Friuli-Venezia Giulia,Friuli Venezia Giulia,1215220,1396916,114.95,0.72
2616,2021-07-26,FVG,8534,4254,4280,1760,6561,213,ITH,ITH4,6,Friuli-Venezia Giulia,Friuli Venezia Giulia,1215220,1405450,115.65,0.7
2617,2021-04-17,FVG,7463,3239,4224,5816,1484,163,ITH,ITH4,6,Friuli-Venezia Giulia,Friuli Venezia Giulia,1215220,1412913,116.27,0.61
2618,2021-07-28,FVG,10473,5341,5132,3982,6037,454,ITH,ITH4,6,Friuli-Venezia Giulia,Friuli Venezia Giulia,1215220,1423386,117.13,0.86
2619,2021-07-19,FVG,9428,4926,4502,849,8425,154,ITH,ITH4,6,Friuli-Venezia Giulia,Friuli Venezia Giulia,1215220,1432814,117.91,0.78
2620,2021-04-10,FVG,5058,2215,2843,3751,1230,77,ITH,ITH4,6,Friuli-Venezia Giulia,Friuli Venezia Giulia,1215220,1437872,118.32,0.42
2621,2021-05-23,FVG,10286,4863,5423,5919,4155,212,ITH,ITH4,6,Friuli-Venezia Giulia,Friuli Venezia Giulia,1215220,1448158,119.17,0.85
2622,2021-01-07,FVG,2105,724,1381,2105,0,0,ITH,ITH4,6,Friuli-Venezia Giulia,Friuli Venezia Giulia,1215220,1450263,119.34,0.17
2623,2021-03-05,FVG,3827,1544,2283,2724,1078,25,ITH,ITH4,6,Friuli-Venezia Giulia,Friuli Venezia Giulia,1215220,1454090,119.66,0.31
2624,2021-04-19,FVG,6729,3140,3589,3213,3424,92,ITH,ITH4,6,Friuli-Venezia Giulia,Friuli Venezia Giulia,1215220,1460819,120.21,0.55
2625,2021-01-09,FVG,2515,841,1674,2514,0,1,ITH,ITH4,6,Friuli-Venezia Giulia,Friuli Venezia Giulia,1215220,1463334,120.42,0.21
2626,2021-06-15,FVG,12164,6189,5975,5351,6538,275,ITH,ITH4,6,Friuli-Venezia Giulia,Friuli Venezia Giulia,1215220,1475498,121.42,1.0
2627,2021-03-07,FVG,2552,935,1617,2493,1,58,ITH,ITH4,6,Friuli-Venezia Giulia,Friuli Venezia Giulia,1215220,1478050,121.63,0.21
2628,2020-12-31,FVG,1048,381,667,1047,0,1,ITH,ITH4,6,Friuli-Venezia Giulia,Friuli Venezia Giulia,1215220,1479098,121.71,0.09
2629,2021-06-17,FVG,11432,5783,5649,2285,9040,107,ITH,ITH4,6,Friuli-Venezia Giulia,Friuli Venezia Giulia,1215220,1490530,122.66,0.94
2630,2021-06-22,FVG,11604,5976,5628,2367,9106,131,ITH,ITH4,6,Friuli-Venezia Giulia,Friuli Venezia Giulia,1215220,1502134,123.61,0.95
2631,2021-04-05,PUG,12771,6204,6567,12097,533,141,ITF,ITF4,16,Puglia,Puglia,4029053,12771,0.32,0.32
2632,2021-03-19,PUG,7994,3670,4324,3367,4591,36,ITF,ITF4,16,Puglia,Puglia,4029053,20765,0.52,0.2
2633,2021-06-27,PUG,18564,9221,9343,9957,8343,264,ITF,ITF4,16,Puglia,Puglia,4029053,39329,0.98,0.46
2634,2021-02-07,PUG,1584,669,915,253,1331,0,ITF,ITF4,16,Puglia,Puglia,4029053,40913,1.02,0.04
2635,2021-01-21,PUG,2132,905,1227,1268,862,2,ITF,ITF4,16,Puglia,Puglia,4029053,43045,1.07,0.05
2636,2021-05-01,PUG,27705,12689,15016,16718,10706,281,ITF,ITF4,16,Puglia,Puglia,4029053,70750,1.76,0.69
2637,2021-08-09,PUG,27850,14329,13521,11214,15766,870,ITF,ITF4,16,Puglia,Puglia,4029053,98600,2.45,0.69
2638,2021-01-02,PUG,2958,1306,1652,2958,0,0,ITF,ITF4,16,Puglia,Puglia,4029053,101558,2.52,0.07
2639,2021-04-12,PUG,29484,13869,15615,26145,3023,316,ITF,ITF4,16,Puglia,Puglia,4029053,131042,3.25,0.73
2640,2021-01-12,PUG,4222,1774,2448,4221,0,1,ITF,ITF4,16,Puglia,Puglia,4029053,135264,3.36,0.1
2641,2021-04-07,PUG,15739,7146,8593,8837,6704,198,ITF,ITF4,16,Puglia,Puglia,4029053,151003,3.75,0.39
2642,2021-07-16,PUG,46551,22589,23962,12938,32801,812,ITF,ITF4,16,Puglia,Puglia,4029053,197554,4.9,1.16
2643,2021-02-21,PUG,2178,475,1703,2065,63,50,ITF,ITF4,16,Puglia,Puglia,4029053,199732,4.96,0.05
2644,2021-06-01,PUG,35039,17550,17489,21644,12998,397,ITF,ITF4,16,Puglia,Puglia,4029053,234771,5.83,0.87
2645,2021-05-15,PUG,43704,19033,24671,22832,20160,712,ITF,ITF4,16,Puglia,Puglia,4029053,278475,6.91,1.08
2646,2021-06-03,PUG,50685,24587,26098,30536,19424,725,ITF,ITF4,16,Puglia,Puglia,4029053,329160,8.17,1.26
2647,2021-03-10,PUG,14853,6643,8210,11555,3138,160,ITF,ITF4,16,Puglia,Puglia,4029053,344013,8.54,0.37
2648,2021-04-19,PUG,27761,12897,14864,24376,3047,338,ITF,ITF4,16,Puglia,Puglia,4029053,371774,9.23,0.69
2649,2021-07-28,PUG,45293,22899,22394,14660,29726,907,ITF,ITF4,16,Puglia,Puglia,4029053,417067,10.35,1.12
2650,2021-04-24,PUG,29459,13422,16037,25170,3954,335,ITF,ITF4,16,Puglia,Puglia,4029053,446526,11.08,0.73
2651,2021-02-09,PUG,3853,1574,2279,2157,1676,20,ITF,ITF4,16,Puglia,Puglia,4029053,450379,11.18,0.1
2652,2021-05-20,PUG,33715,15304,18411,20760,12438,517,ITF,ITF4,16,Puglia,Puglia,4029053,484094,12.02,0.84
2653,2021-03-24,PUG,13618,6538,7080,6045,7453,120,ITF,ITF4,16,Puglia,Puglia,4029053,497712,12.35,0.34
2654,2021-01-26,PUG,5380,2407,2973,563,4816,1,ITF,ITF4,16,Puglia,Puglia,4029053,503092,12.49,0.13
2655,2021-07-02,PUG,47426,22544,24882,17363,29137,926,ITF,ITF4,16,Puglia,Puglia,4029053,550518,13.66,1.18
2656,2021-07-11,PUG,12182,5759,6423,2576,9508,98,ITF,ITF4,16,Puglia,Puglia,4029053,562700,13.97,0.3
2657,2021-08-23,PUG,30017,15513,14504,10621,18504,892,ITF,ITF4,16,Puglia,Puglia,4029053,592717,14.71,0.75
2658,2021-03-05,PUG,17731,7197,10534,15194,2316,221,ITF,ITF4,16,Puglia,Puglia,4029053,610448,15.15,0.44
2659,2021-02-26,PUG,13798,5068,8730,12523,1079,196,ITF,ITF4,16,Puglia,Puglia,4029053,624246,15.49,0.34
2660,2020-12-31,PUG,1638,785,853,1638,0,0,ITF,ITF4,16,Puglia,Puglia,4029053,625884,15.53,0.04
2661,2021-08-11,PUG,23795,12233,11562,12066,10718,1011,ITF,ITF4,16,Puglia,Puglia,4029053,649679,16.12,0.59
2662,2021-06-15,PUG,42724,20886,21838,22388,19743,593,ITF,ITF4,16,Puglia,Puglia,4029053,692403,17.19,1.06
2663,2021-06-08,PUG,39387,19182,20205,20958,17867,562,ITF,ITF4,16,Puglia,Puglia,4029053,731790,18.16,0.98
2664,2021-02-14,PUG,790,348,442,658,127,5,ITF,ITF4,16,Puglia,Puglia,4029053,732580,18.18,0.02
2665,2021-05-25,PUG,34827,16259,18568,20581,13660,586,ITF,ITF4,16,Puglia,Puglia,4029053,767407,19.05,0.86
2666,2021-05-08,PUG,54458,23053,31405,23969,29928,561,ITF,ITF4,16,Puglia,Puglia,4029053,821865,20.4,1.35
2667,2021-08-16,PUG,12025,6371,5654,7047,4341,637,ITF,ITF4,16,Puglia,Puglia,4029053,833890,20.7,0.3
2668,2021-07-21,PUG,45001,22190,22811,11876,32276,849,ITF,ITF4,16,Puglia,Puglia,4029053,878891,21.81,1.12
2669,2021-07-04,PUG,19928,9692,10236,7932,11710,286,ITF,ITF4,16,Puglia,Puglia,4029053,898819,22.31,0.49
2670,2021-07-23,PUG,43272,21890,21382,13614,28679,979,ITF,ITF4,16,Puglia,Puglia,4029053,942091,23.38,1.07
2671,2021-01-19,PUG,1222,453,769,1211,10,1,ITF,ITF4,16,Puglia,Puglia,4029053,943313,23.41,0.03
2672,2021-07-30,PUG,36325,18661,17664,13086,22358,881,ITF,ITF4,16,Puglia,Puglia,4029053,979638,24.31,0.9
2673,2021-05-27,PUG,41005,19377,21628,22900,17427,678,ITF,ITF4,16,Puglia,Puglia,4029053,1020643,25.33,1.02
2674,2021-08-18,PUG,20085,10623,9462,10651,8512,922,ITF,ITF4,16,Puglia,Puglia,4029053,1040728,25.83,0.5
2675,2021-03-29,PUG,13574,6623,6951,6612,6763,199,ITF,ITF4,16,Puglia,Puglia,4029053,1054302,26.17,0.34
2676,2021-03-12,PUG,14316,6456,7860,10230,3946,140,ITF,ITF4,16,Puglia,Puglia,4029053,1068618,26.52,0.36
2677,2021-06-20,PUG,21611,10862,10749,14063,7222,326,ITF,ITF4,16,Puglia,Puglia,4029053,1090229,27.06,0.54
2678,2021-02-04,PUG,5935,2366,3569,1134,4798,3,ITF,ITF4,16,Puglia,Puglia,4029053,1096164,27.21,0.15
2679,2021-05-06,PUG,39764,17396,22368,19306,19899,559,ITF,ITF4,16,Puglia,Puglia,4029053,1135928,28.19,0.99
2680,2021-03-31,PUG,14582,6835,7747,8842,5590,150,ITF,ITF4,16,Puglia,Puglia,4029053,1150510,28.56,0.36
2681,2021-02-02,PUG,4363,1856,2507,574,3788,1,ITF,ITF4,16,Puglia,Puglia,4029053,1154873,28.66,0.11
2682,2021-07-09,PUG,37130,17886,19244,6408,30044,678,ITF,ITF4,16,Puglia,Puglia,4029053,1192003,29.59,0.92
2683,2021-01-14,PUG,4080,1594,2486,4079,0,1,ITF,ITF4,16,Puglia,Puglia,4029053,1196083,29.69,0.1
2684,2021-01-07,PUG,5734,2468,3266,5734,0,0,ITF,ITF4,16,Puglia,Puglia,4029053,1201817,29.83,0.14
2685,2021-04-17,PUG,40089,19000,21089,36080,3586,423,ITF,ITF4,16,Puglia,Puglia,4029053,1241906,30.82,0.99
2686,2021-02-19,PUG,4751,2021,2730,4303,393,55,ITF,ITF4,16,Puglia,Puglia,4029053,1246657,30.94,0.12
2687,2021-06-22,PUG,42538,20634,21904,19059,22908,571,ITF,ITF4,16,Puglia,Puglia,4029053,1289195,32.0,1.06
2688,2021-04-26,PUG,26350,12075,14275,22722,3239,389,ITF,ITF4,16,Puglia,Puglia,4029053,1315545,32.65,0.65
2689,2021-08-04,PUG,35110,17873,17237,12310,21731,1069,ITF,ITF4,16,Puglia,Puglia,4029053,1350655,33.52,0.87
2690,2021-01-31,PUG,1823,834,989,73,1750,0,ITF,ITF4,16,Puglia,Puglia,4029053,1352478,33.57,0.05
2691,2021-05-29,PUG,30684,14465,16219,20597,9539,548,ITF,ITF4,16,Puglia,Puglia,4029053,1383162,34.33,0.76
2692,2021-04-02,PUG,12864,6009,6855,8185,4528,151,ITF,ITF4,16,Puglia,Puglia,4029053,1396026,34.65,0.32
2693,2021-06-13,PUG,21869,10952,10917,16359,5224,286,ITF,ITF4,16,Puglia,Puglia,4029053,1417895,35.19,0.54
2694,2021-02-28,PUG,6076,1811,4265,5810,191,75,ITF,ITF4,16,Puglia,Puglia,4029053,1423971,35.34,0.15
2695,2021-05-12,PUG,36649,16347,20302,23526,12540,583,ITF,ITF4,16,Puglia,Puglia,4029053,1460620,36.25,0.91
2696,2021-08-20,PUG,17696,9159,8537,8104,8851,741,ITF,ITF4,16,Puglia,Puglia,4029053,1478316,36.69,0.44
2697,2021-06-12,PUG,34648,17270,17378,25076,8978,594,ITF,ITF4,16,Puglia,Puglia,4029053,1512964,37.55,0.86
2698,2021-07-08,PUG,41577,19276,22301,5436,35682,459,ITF,ITF4,16,Puglia,Puglia,4029053,1554541,38.58,1.03
2699,2021-01-04,PUG,4513,2016,2497,4511,0,2,ITF,ITF4,16,Puglia,Puglia,4029053,1559054,38.7,0.11
2700,2021-03-26,PUG,12034,5860,6174,7219,4677,138,ITF,ITF4,16,Puglia,Puglia,4029053,1571088,38.99,0.3
2701,2021-03-02,PUG,16419,6101,10318,14866,1308,245,ITF,ITF4,16,Puglia,Puglia,4029053,1587507,39.4,0.41
2702,2021-06-10,PUG,47255,23235,24020,29406,17130,719,ITF,ITF4,16,Puglia,Puglia,4029053,1634762,40.57,1.17
2703,2021-04-04,PUG,5996,2976,3020,5907,7,82,ITF,ITF4,16,Puglia,Puglia,4029053,1640758,40.72,0.15
2704,2021-07-13,PUG,48824,23024,25800,7802,40438,584,ITF,ITF4,16,Puglia,Puglia,4029053,1689582,41.93,1.21
2705,2021-03-21,PUG,2697,1227,1470,578,2107,12,ITF,ITF4,16,Puglia,Puglia,4029053,1692279,42.0,0.07
2706,2021-06-29,PUG,46710,22399,24311,15366,30653,691,ITF,ITF4,16,Puglia,Puglia,4029053,1738989,43.16,1.16
2707,2021-03-16,PUG,9888,4694,5194,3452,6379,57,ITF,ITF4,16,Puglia,Puglia,4029053,1748877,43.41,0.25
2708,2021-06-24,PUG,52994,25637,27357,23583,28625,786,ITF,ITF4,16,Puglia,Puglia,4029053,1801871,44.72,1.32
2709,2021-04-28,PUG,19870,8911,10959,14816,4790,264,ITF,ITF4,16,Puglia,Puglia,4029053,1821741,45.22,0.49
2710,2021-08-06,PUG,30195,15693,14502,9028,20408,759,ITF,ITF4,16,Puglia,Puglia,4029053,1851936,45.96,0.75
2711,2021-01-09,PUG,4899,2252,2647,4895,0,4,ITF,ITF4,16,Puglia,Puglia,4029053,1856835,46.09,0.12
2712,2021-07-01,PUG,48481,22696,25785,11451,36397,633,ITF,ITF4,16,Puglia,Puglia,4029053,1905316,47.29,1.2
2713,2021-03-14,PUG,3379,1464,1915,2474,867,38,ITF,ITF4,16,Puglia,Puglia,4029053,1908695,47.37,0.08
2714,2021-01-16,PUG,2508,1035,1473,2507,0,1,ITF,ITF4,16,Puglia,Puglia,4029053,1911203,47.44,0.06
2715,2021-05-13,PUG,38872,17331,21541,21003,17304,565,ITF,ITF4,16,Puglia,Puglia,4029053,1950075,48.4,0.96
2716,2021-03-17,PUG,10357,4706,5651,4104,6191,62,ITF,ITF4,16,Puglia,Puglia,4029053,1960432,48.66,0.26
2717,2021-07-20,PUG,47008,23060,23948,8212,38286,510,ITF,ITF4,16,Puglia,Puglia,4029053,2007440,49.82,1.17
2718,2021-05-21,PUG,39243,18639,20604,28269,10180,794,ITF,ITF4,16,Puglia,Puglia,4029053,2046683,50.8,0.97
2719,2021-05-19,PUG,26481,12804,13677,19560,6486,435,ITF,ITF4,16,Puglia,Puglia,4029053,2073164,51.46,0.66
2720,2021-03-23,PUG,11154,5663,5491,4532,6528,94,ITF,ITF4,16,Puglia,Puglia,4029053,2084318,51.73,0.28
2721,2021-04-16,PUG,36141,16991,19150,32423,3287,431,ITF,ITF4,16,Puglia,Puglia,4029053,2120459,52.63,0.9
2722,2021-02-18,PUG,4387,1848,2539,3717,610,60,ITF,ITF4,16,Puglia,Puglia,4029053,2124846,52.74,0.11
2723,2021-07-25,PUG,14301,7396,6905,4267,9828,206,ITF,ITF4,16,Puglia,Puglia,4029053,2139147,53.09,0.35
2724,2021-04-09,PUG,22110,9529,12581,17078,4645,387,ITF,ITF4,16,Puglia,Puglia,4029053,2161257,53.64,0.55
2725,2021-02-11,PUG,3699,1401,2298,2392,1279,28,ITF,ITF4,16,Puglia,Puglia,4029053,2164956,53.73,0.09
2726,2021-07-18,PUG,18833,9646,9187,6208,12287,338,ITF,ITF4,16,Puglia,Puglia,4029053,2183789,54.2,0.47
2727,2021-05-22,PUG,34771,15919,18852,23648,10578,545,ITF,ITF4,16,Puglia,Puglia,4029053,2218560,55.06,0.86
2728,2021-02-25,PUG,11992,5068,6924,10673,1182,137,ITF,ITF4,16,Puglia,Puglia,4029053,2230552,55.36,0.3
2729,2021-06-05,PUG,42661,20892,21769,29187,12753,721,ITF,ITF4,16,Puglia,Puglia,4029053,2273213,56.42,1.06
2730,2021-03-09,PUG,13695,6123,7572,11496,2018,181,ITF,ITF4,16,Puglia,Puglia,4029053,2286908,56.76,0.34
2731,2021-04-14,PUG,32046,15120,16926,28438,3302,306,ITF,ITF4,16,Puglia,Puglia,4029053,2318954,57.56,0.8
2732,2021-03-28,PUG,3548,1659,1889,1178,2335,35,ITF,ITF4,16,Puglia,Puglia,4029053,2322502,57.64,0.09
2733,2021-07-06,PUG,42426,19536,22890,6113,35896,417,ITF,ITF4,16,Puglia,Puglia,4029053,2364928,58.7,1.05
2734,2021-06-19,PUG,34815,17464,17351,22222,11939,654,ITF,ITF4,16,Puglia,Puglia,4029053,2399743,59.56,0.86
2735,2021-06-21,PUG,41924,20447,21477,21453,19835,636,ITF,ITF4,16,Puglia,Puglia,4029053,2441667,60.6,1.04
2736,2021-01-11,PUG,3758,1592,2166,3757,0,1,ITF,ITF4,16,Puglia,Puglia,4029053,2445425,60.69,0.09
2737,2021-04-21,PUG,23169,10697,12472,19122,3745,302,ITF,ITF4,16,Puglia,Puglia,4029053,2468594,61.27,0.58
2738,2021-05-24,PUG,36211,17084,19127,24505,11094,612,ITF,ITF4,16,Puglia,Puglia,4029053,2504805,62.17,0.9
2739,2021-02-16,PUG,3392,1456,1936,2712,649,31,ITF,ITF4,16,Puglia,Puglia,4029053,2508197,62.25,0.08
2740,2021-01-30,PUG,5541,2516,3025,380,5160,1,ITF,ITF4,16,Puglia,Puglia,4029053,2513738,62.39,0.14
2741,2021-05-10,PUG,37915,16758,21157,19326,18093,496,ITF,ITF4,16,Puglia,Puglia,4029053,2551653,63.33,0.94
2742,2021-08-17,PUG,19891,10316,9575,9247,9945,699,ITF,ITF4,16,Puglia,Puglia,4029053,2571544,63.83,0.49
2743,2021-05-17,PUG,32962,15281,17681,20465,11998,499,ITF,ITF4,16,Puglia,Puglia,4029053,2604506,64.64,0.82
2744,2021-08-25,PUG,24944,13055,11889,9980,14032,932,ITF,ITF4,16,Puglia,Puglia,4029053,2629450,65.26,0.62
2745,2021-08-08,PUG,5113,2597,2516,1654,3409,50,ITF,ITF4,16,Puglia,Puglia,4029053,2634563,65.39,0.13
2746,2021-08-27,PUG,8642,4472,4170,3302,5003,337,ITF,ITF4,16,Puglia,Puglia,4029053,2643205,65.6,0.21
2747,2021-01-28,PUG,5489,2286,3203,441,5048,0,ITF,ITF4,16,Puglia,Puglia,4029053,2648694,65.74,0.14
2748,2021-08-15,PUG,55,34,21,55,0,0,ITF,ITF4,16,Puglia,Puglia,4029053,2648749,65.74,0.0
2749,2021-04-23,PUG,29618,13768,15850,23916,5287,415,ITF,ITF4,16,Puglia,Puglia,4029053,2678367,66.48,0.74
2750,2021-08-01,PUG,12409,6498,5911,4308,7978,123,ITF,ITF4,16,Puglia,Puglia,4029053,2690776,66.78,0.31
2751,2021-03-25,PUG,11769,6032,5737,5253,6415,101,ITF,ITF4,16,Puglia,Puglia,4029053,2702545,67.08,0.29
2752,2021-07-03,PUG,33287,16679,16608,13468,19317,502,ITF,ITF4,16,Puglia,Puglia,4029053,2735832,67.9,0.83
2753,2021-02-08,PUG,4009,1620,2389,1582,2412,15,ITF,ITF4,16,Puglia,Puglia,4029053,2739841,68.0,0.1
2754,2021-02-10,PUG,3658,1442,2216,2125,1513,20,ITF,ITF4,16,Puglia,Puglia,4029053,2743499,68.09,0.09
2755,2021-05-23,PUG,17965,8399,9566,13867,3837,261,ITF,ITF4,16,Puglia,Puglia,4029053,2761464,68.54,0.45
2756,2021-02-17,PUG,4297,1754,2543,3618,640,39,ITF,ITF4,16,Puglia,Puglia,4029053,2765761,68.65,0.11
2757,2021-05-28,PUG,44127,20891,23236,27433,15892,802,ITF,ITF4,16,Puglia,Puglia,4029053,2809888,69.74,1.1
2758,2021-07-27,PUG,48545,24150,24395,13276,34450,819,ITF,ITF4,16,Puglia,Puglia,4029053,2858433,70.95,1.2
2759,2021-05-31,PUG,37964,18308,19656,23158,14250,556,ITF,ITF4,16,Puglia,Puglia,4029053,2896397,71.89,0.94
2760,2021-08-05,PUG,34291,17234,17057,9413,23999,879,ITF,ITF4,16,Puglia,Puglia,4029053,2930688,72.74,0.85
2761,2021-01-06,PUG,3961,1678,2283,3960,0,1,ITF,ITF4,16,Puglia,Puglia,4029053,2934649,72.84,0.1
2762,2021-08-12,PUG,19380,10301,9079,10936,7534,910,ITF,ITF4,16,Puglia,Puglia,4029053,2954029,73.32,0.48
2763,2021-06-16,PUG,42151,20747,21404,26911,14511,729,ITF,ITF4,16,Puglia,Puglia,4029053,2996180,74.36,1.05
2764,2021-04-25,PUG,11328,5243,6085,10051,1144,133,ITF,ITF4,16,Puglia,Puglia,4029053,3007508,74.65,0.28
2765,2021-02-27,PUG,14246,4826,9420,12828,1235,183,ITF,ITF4,16,Puglia,Puglia,4029053,3021754,75.0,0.35
2766,2021-08-03,PUG,36380,18459,17921,9164,26445,771,ITF,ITF4,16,Puglia,Puglia,4029053,3058134,75.9,0.9
2767,2021-01-01,PUG,150,61,89,150,0,0,ITF,ITF4,16,Puglia,Puglia,4029053,3058284,75.91,0.0
2768,2021-06-07,PUG,44458,21703,22755,30385,13309,764,ITF,ITF4,16,Puglia,Puglia,4029053,3102742,77.01,1.1
2769,2021-04-11,PUG,16488,7268,9220,14659,1648,181,ITF,ITF4,16,Puglia,Puglia,4029053,3119230,77.42,0.41
2770,2021-08-24,PUG,24975,12777,12198,9281,14870,824,ITF,ITF4,16,Puglia,Puglia,4029053,3144205,78.04,0.62
2771,2021-02-23,PUG,9396,4431,4965,8809,495,92,ITF,ITF4,16,Puglia,Puglia,4029053,3153601,78.27,0.23
2772,2021-01-18,PUG,1848,772,1076,1496,351,1,ITF,ITF4,16,Puglia,Puglia,4029053,3155449,78.32,0.05
2773,2021-02-06,PUG,4556,1935,2621,1578,2963,15,ITF,ITF4,16,Puglia,Puglia,4029053,3160005,78.43,0.11
2774,2021-01-20,PUG,1547,541,1006,1537,8,2,ITF,ITF4,16,Puglia,Puglia,4029053,3161552,78.47,0.04
2775,2021-04-30,PUG,35040,15702,19338,22470,12004,566,ITF,ITF4,16,Puglia,Puglia,4029053,3196592,79.34,0.87
2776,2021-04-13,PUG,28783,13651,15132,24931,3538,314,ITF,ITF4,16,Puglia,Puglia,4029053,3225375,80.05,0.71
2777,2021-07-22,PUG,47600,23604,23996,8479,38429,692,ITF,ITF4,16,Puglia,Puglia,4029053,3272975,81.23,1.18
2778,2021-07-05,PUG,38934,18271,20663,7242,31138,554,ITF,ITF4,16,Puglia,Puglia,4029053,3311909,82.2,0.97
2779,2021-05-02,PUG,21357,9676,11681,13900,7278,179,ITF,ITF4,16,Puglia,Puglia,4029053,3333266,82.73,0.53
2780,2020-12-30,PUG,1,0,1,1,0,0,ITF,ITF4,16,Puglia,Puglia,4029053,3333267,82.73,0.0
2781,2021-03-22,PUG,9983,5139,4844,4245,5667,71,ITF,ITF4,16,Puglia,Puglia,4029053,3343250,82.98,0.25
2782,2021-01-24,PUG,1673,754,919,151,1522,0,ITF,ITF4,16,Puglia,Puglia,4029053,3344923,83.02,0.04
2783,2021-06-30,PUG,47890,23224,24666,18828,28205,857,ITF,ITF4,16,Puglia,Puglia,4029053,3392813,84.21,1.19
2784,2021-03-15,PUG,12358,6160,6198,5737,6516,105,ITF,ITF4,16,Puglia,Puglia,4029053,3405171,84.52,0.31
2785,2021-08-19,PUG,17792,9267,8525,8717,8350,725,ITF,ITF4,16,Puglia,Puglia,4029053,3422963,84.96,0.44
2786,2021-01-17,PUG,1311,592,719,1241,70,0,ITF,ITF4,16,Puglia,Puglia,4029053,3424274,84.99,0.03
2787,2021-06-23,PUG,29436,14384,15052,16944,11881,611,ITF,ITF4,16,Puglia,Puglia,4029053,3453710,85.72,0.73
2788,2021-04-27,PUG,26732,12097,14635,20782,5623,327,ITF,ITF4,16,Puglia,Puglia,4029053,3480442,86.38,0.66
2789,2021-05-11,PUG,32722,14458,18264,13692,18543,487,ITF,ITF4,16,Puglia,Puglia,4029053,3513164,87.2,0.81
2790,2021-05-04,PUG,35226,14901,20325,18247,16560,419,ITF,ITF4,16,Puglia,Puglia,4029053,3548390,88.07,0.87
2791,2021-02-13,PUG,3732,1461,2271,3020,696,16,ITF,ITF4,16,Puglia,Puglia,4029053,3552122,88.16,0.09
2792,2021-06-28,PUG,48713,23631,25082,21671,26245,797,ITF,ITF4,16,Puglia,Puglia,4029053,3600835,89.37,1.21
2793,2021-05-09,PUG,30836,12659,18177,14793,15672,371,ITF,ITF4,16,Puglia,Puglia,4029053,3631671,90.14,0.77
2794,2021-04-22,PUG,23066,10557,12509,17741,4940,385,ITF,ITF4,16,Puglia,Puglia,4029053,3654737,90.71,0.57
2795,2021-07-31,PUG,19975,10615,9360,7873,11620,482,ITF,ITF4,16,Puglia,Puglia,4029053,3674712,91.21,0.5
2796,2021-02-12,PUG,4216,1673,2543,3098,1094,24,ITF,ITF4,16,Puglia,Puglia,4029053,3678928,91.31,0.1
2797,2021-01-29,PUG,6216,2670,3546,222,5994,0,ITF,ITF4,16,Puglia,Puglia,4029053,3685144,91.46,0.15
2798,2021-03-20,PUG,8440,3891,4549,3770,4625,45,ITF,ITF4,16,Puglia,Puglia,4029053,3693584,91.67,0.21
2799,2021-03-03,PUG,16821,6825,9996,14732,1938,151,ITF,ITF4,16,Puglia,Puglia,4029053,3710405,92.09,0.42
2800,2021-06-11,PUG,48019,23488,24531,33006,14103,910,ITF,ITF4,16,Puglia,Puglia,4029053,3758424,93.28,1.19
2801,2021-03-18,PUG,9620,4372,5248,3344,6210,66,ITF,ITF4,16,Puglia,Puglia,4029053,3768044,93.52,0.24
2802,2021-06-26,PUG,32457,16347,16110,15901,15988,568,ITF,ITF4,16,Puglia,Puglia,4029053,3800501,94.33,0.81
2803,2021-03-04,PUG,15389,6113,9276,13721,1440,228,ITF,ITF4,16,Puglia,Puglia,4029053,3815890,94.71,0.38
2804,2021-06-09,PUG,41993,20795,21198,29973,11314,706,ITF,ITF4,16,Puglia,Puglia,4029053,3857883,95.75,1.04
2805,2021-02-15,PUG,3266,1271,1995,2599,622,45,ITF,ITF4,16,Puglia,Puglia,4029053,3861149,95.83,0.08
2806,2021-05-26,PUG,38712,18601,20111,26237,11820,655,ITF,ITF4,16,Puglia,Puglia,4029053,3899861,96.79,0.96
2807,2021-03-11,PUG,14856,6600,8256,11459,3193,204,ITF,ITF4,16,Puglia,Puglia,4029053,3914717,97.16,0.37
2808,2021-06-02,PUG,27092,13246,13846,21895,4840,357,ITF,ITF4,16,Puglia,Puglia,4029053,3941809,97.83,0.67
2809,2021-03-13,PUG,10482,4140,6342,8568,1817,97,ITF,ITF4,16,Puglia,Puglia,4029053,3952291,98.09,0.26
2810,2021-02-24,PUG,10068,4717,5351,9373,597,98,ITF,ITF4,16,Puglia,Puglia,4029053,3962359,98.34,0.25
2811,2021-06-04,PUG,52856,25574,27282,34191,17836,829,ITF,ITF4,16,Puglia,Puglia,4029053,4015215,99.66,1.31
2812,2021-05-18,PUG,28976,13479,15497,15795,12902,279,ITF,ITF4,16,Puglia,Puglia,4029053,4044191,100.38,0.72
2813,2021-03-06,PUG,16182,6139,10043,13888,2125,169,ITF,ITF4,16,Puglia,Puglia,4029053,4060373,100.78,0.4
2814,2021-01-08,PUG,5694,2395,3299,5692,0,2,ITF,ITF4,16,Puglia,Puglia,4029053,4066067,100.92,0.14
2815,2021-06-14,PUG,42107,20602,21505,28850,12467,790,ITF,ITF4,16,Puglia,Puglia,4029053,4108174,101.96,1.05
2816,2021-04-18,PUG,22679,10852,11827,21427,1057,195,ITF,ITF4,16,Puglia,Puglia,4029053,4130853,102.53,0.56
2817,2021-02-20,PUG,2977,1080,1897,2688,257,32,ITF,ITF4,16,Puglia,Puglia,4029053,4133830,102.6,0.07
2818,2021-08-14,PUG,1082,557,525,493,570,19,ITF,ITF4,16,Puglia,Puglia,4029053,4134912,102.63,0.03
2819,2021-07-26,PUG,47908,23917,23991,17065,29901,942,ITF,ITF4,16,Puglia,Puglia,4029053,4182820,103.82,1.19
2820,2021-05-30,PUG,21055,10075,10980,15725,5073,257,ITF,ITF4,16,Puglia,Puglia,4029053,4203875,104.34,0.52
2821,2021-04-03,PUG,10586,4661,5925,6820,3574,192,ITF,ITF4,16,Puglia,Puglia,4029053,4214461,104.6,0.26
2822,2021-01-27,PUG,4604,1943,2661,617,3987,0,ITF,ITF4,16,Puglia,Puglia,4029053,4219065,104.72,0.11
2823,2021-05-07,PUG,50243,22421,27822,25978,23678,587,ITF,ITF4,16,Puglia,Puglia,4029053,4269308,105.96,1.25
2824,2021-07-29,PUG,42949,21707,21242,12241,29908,800,ITF,ITF4,16,Puglia,Puglia,4029053,4312257,107.03,1.07
2825,2021-01-13,PUG,4551,1732,2819,4550,0,1,ITF,ITF4,16,Puglia,Puglia,4029053,4316808,107.14,0.11
2826,2021-04-06,PUG,13867,6265,7602,6924,6773,170,ITF,ITF4,16,Puglia,Puglia,4029053,4330675,107.49,0.34
2827,2021-07-15,PUG,44868,21711,23157,8881,35309,678,ITF,ITF4,16,Puglia,Puglia,4029053,4375543,108.6,1.11
2828,2021-07-14,PUG,46242,22180,24062,13375,32031,836,ITF,ITF4,16,Puglia,Puglia,4029053,4421785,109.75,1.15
2829,2021-08-02,PUG,39620,20086,19534,14126,24263,1231,ITF,ITF4,16,Puglia,Puglia,4029053,4461405,110.73,0.98
2830,2021-03-01,PUG,15128,5878,9250,13591,1385,152,ITF,ITF4,16,Puglia,Puglia,4029053,4476533,111.11,0.38
2831,2021-08-26,PUG,19242,9928,9314,8089,10344,809,ITF,ITF4,16,Puglia,Puglia,4029053,4495775,111.58,0.48
2832,2021-04-29,PUG,26317,12169,14148,19189,6703,425,ITF,ITF4,16,Puglia,Puglia,4029053,4522092,112.24,0.65
2833,2021-08-07,PUG,10080,5323,4757,3537,6245,298,ITF,ITF4,16,Puglia,Puglia,4029053,4532172,112.49,0.25
2834,2021-08-10,PUG,27066,14059,13007,13926,11983,1157,ITF,ITF4,16,Puglia,Puglia,4029053,4559238,113.16,0.67
2835,2021-07-24,PUG,26723,13867,12856,7980,18267,476,ITF,ITF4,16,Puglia,Puglia,4029053,4585961,113.82,0.66
2836,2021-06-18,PUG,47876,23566,24310,28878,18074,924,ITF,ITF4,16,Puglia,Puglia,4029053,4633837,115.01,1.19
2837,2021-03-08,PUG,15014,6442,8572,12441,2415,158,ITF,ITF4,16,Puglia,Puglia,4029053,4648851,115.38,0.37
2838,2021-02-22,PUG,9652,4539,5113,9227,336,89,ITF,ITF4,16,Puglia,Puglia,4029053,4658503,115.62,0.24
2839,2021-02-05,PUG,5647,2276,3371,1311,4331,5,ITF,ITF4,16,Puglia,Puglia,4029053,4664150,115.76,0.14
2840,2021-05-16,PUG,24644,11115,13529,12468,11951,225,ITF,ITF4,16,Puglia,Puglia,4029053,4688794,116.37,0.61
2841,2021-01-10,PUG,2351,1062,1289,2351,0,0,ITF,ITF4,16,Puglia,Puglia,4029053,4691145,116.43,0.06
2842,2021-04-20,PUG,21223,9857,11366,17472,3485,266,ITF,ITF4,16,Puglia,Puglia,4029053,4712368,116.96,0.53
2843,2020-12-27,PUG,510,252,258,510,0,0,ITF,ITF4,16,Puglia,Puglia,4029053,4712878,116.97,0.01
2844,2021-01-03,PUG,2010,945,1065,2009,0,1,ITF,ITF4,16,Puglia,Puglia,4029053,4714888,117.02,0.05
2845,2021-03-27,PUG,12180,5723,6457,6880,5188,112,ITF,ITF4,16,Puglia,Puglia,4029053,4727068,117.32,0.3
2846,2021-01-05,PUG,5116,2255,2861,5113,0,3,ITF,ITF4,16,Puglia,Puglia,4029053,4732184,117.45,0.13
2847,2021-04-15,PUG,32768,15290,17478,28588,3779,401,ITF,ITF4,16,Puglia,Puglia,4029053,4764952,118.26,0.81
2848,2021-01-15,PUG,4557,1866,2691,4552,0,5,ITF,ITF4,16,Puglia,Puglia,4029053,4769509,118.38,0.11
2849,2021-01-22,PUG,1414,580,834,992,421,1,ITF,ITF4,16,Puglia,Puglia,4029053,4770923,118.41,0.04
2850,2021-07-07,PUG,38750,18551,20199,6099,32143,508,ITF,ITF4,16,Puglia,Puglia,4029053,4809673,119.37,0.96
2851,2021-08-21,PUG,4255,2279,1976,1933,2091,231,ITF,ITF4,16,Puglia,Puglia,4029053,4813928,119.48,0.11
2852,2021-06-25,PUG,50911,25073,25838,23838,26173,900,ITF,ITF4,16,Puglia,Puglia,4029053,4864839,120.74,1.26
2853,2021-01-23,PUG,3043,1294,1749,882,2160,1,ITF,ITF4,16,Puglia,Puglia,4029053,4867882,120.82,0.08
2854,2021-05-03,PUG,33414,14936,18478,22160,10690,564,ITF,ITF4,16,Puglia,Puglia,4029053,4901296,121.65,0.83
2855,2021-03-07,PUG,4993,2007,2986,4370,578,45,ITF,ITF4,16,Puglia,Puglia,4029053,4906289,121.77,0.12
2856,2021-05-05,PUG,39349,17276,22073,24504,14255,590,ITF,ITF4,16,Puglia,Puglia,4029053,4945638,122.75,0.98
2857,2021-08-13,PUG,13734,7302,6432,7269,5881,584,ITF,ITF4,16,Puglia,Puglia,4029053,4959372,123.09,0.34
2858,2021-06-17,PUG,42939,20983,21956,21405,20972,562,ITF,ITF4,16,Puglia,Puglia,4029053,5002311,124.16,1.07
2859,2021-03-30,PUG,12447,5968,6479,6195,6098,154,ITF,ITF4,16,Puglia,Puglia,4029053,5014758,124.46,0.31
2860,2021-02-01,PUG,3977,1665,2312,353,3623,1,ITF,ITF4,16,Puglia,Puglia,4029053,5018735,124.56,0.1
2861,2021-07-17,PUG,30832,15478,15354,9532,20670,630,ITF,ITF4,16,Puglia,Puglia,4029053,5049567,125.33,0.77
2862,2021-05-14,PUG,45096,20613,24483,28014,16226,856,ITF,ITF4,16,Puglia,Puglia,4029053,5094663,126.45,1.12
2863,2021-08-22,PUG,1469,765,704,527,919,23,ITF,ITF4,16,Puglia,Puglia,4029053,5096132,126.48,0.04
2864,2021-01-25,PUG,3837,1685,2152,424,3412,1,ITF,ITF4,16,Puglia,Puglia,4029053,5099969,126.58,0.1
2865,2021-07-10,PUG,22399,11030,11369,4465,17638,296,ITF,ITF4,16,Puglia,Puglia,4029053,5122368,127.14,0.56
2866,2021-04-08,PUG,17523,7608,9915,11111,6197,215,ITF,ITF4,16,Puglia,Puglia,4029053,5139891,127.57,0.43
2867,2021-06-06,PUG,30754,15491,15263,25366,5066,322,ITF,ITF4,16,Puglia,Puglia,4029053,5170645,128.33,0.76
2868,2021-04-10,PUG,30953,13129,17824,26108,4462,383,ITF,ITF4,16,Puglia,Puglia,4029053,5201598,129.1,0.77
2869,2021-07-19,PUG,49520,24329,25191,10953,37805,762,ITF,ITF4,16,Puglia,Puglia,4029053,5251118,130.33,1.23
2870,2021-04-01,PUG,13979,6570,7409,7381,6382,216,ITF,ITF4,16,Puglia,Puglia,4029053,5265097,130.68,0.35
2871,2021-02-03,PUG,5054,2008,3046,705,4348,1,ITF,ITF4,16,Puglia,Puglia,4029053,5270151,130.8,0.13
2872,2021-07-12,PUG,45778,21613,24165,12747,32278,753,ITF,ITF4,16,Puglia,Puglia,4029053,5315929,131.94,1.14
2873,2021-01-11,VEN,7244,2102,5142,7243,0,1,ITH,ITH3,5,Veneto,Veneto,4905854,7244,0.15,0.15
2874,2021-04-21,VEN,32406,13204,19202,15565,16065,776,ITH,ITH3,5,Veneto,Veneto,4905854,39650,0.81,0.66
2875,2021-05-22,VEN,34832,16702,18130,12717,21446,669,ITH,ITH3,5,Veneto,Veneto,4905854,74482,1.52,0.71
2876,2021-02-11,VEN,4015,1238,2777,3349,628,38,ITH,ITH3,5,Veneto,Veneto,4905854,78497,1.6,0.08
2877,2021-01-28,VEN,9216,2666,6550,169,9045,2,ITH,ITH3,5,Veneto,Veneto,4905854,87713,1.79,0.19
2878,2021-05-17,VEN,26553,13002,13551,15660,10075,818,ITH,ITH3,5,Veneto,Veneto,4905854,114266,2.33,0.54
2879,2021-02-06,VEN,4099,1354,2745,708,3391,0,ITH,ITH3,5,Veneto,Veneto,4905854,118365,2.41,0.08
2880,2021-08-25,VEN,19935,10819,9116,7976,11385,574,ITH,ITH3,5,Veneto,Veneto,4905854,138300,2.82,0.41
2881,2021-02-23,VEN,7384,3253,4131,7030,270,84,ITH,ITH3,5,Veneto,Veneto,4905854,145684,2.97,0.15
2882,2021-07-13,VEN,43567,22611,20956,5420,37839,308,ITH,ITH3,5,Veneto,Veneto,4905854,189251,3.86,0.89
2883,2021-04-04,VEN,7789,3534,4255,6516,1148,125,ITH,ITH3,5,Veneto,Veneto,4905854,197040,4.02,0.16
2884,2021-06-17,VEN,51746,25929,25817,25553,25051,1142,ITH,ITH3,5,Veneto,Veneto,4905854,248786,5.07,1.05
2885,2021-03-09,VEN,16552,7451,9101,9831,6324,397,ITH,ITH3,5,Veneto,Veneto,4905854,265338,5.41,0.34
2886,2021-05-31,VEN,31651,16245,15406,20896,9934,821,ITH,ITH3,5,Veneto,Veneto,4905854,296989,6.05,0.65
2887,2021-03-26,VEN,29616,13163,16453,23284,5467,865,ITH,ITH3,5,Veneto,Veneto,4905854,326605,6.66,0.6
2888,2021-03-28,VEN,31316,13611,17705,26888,3616,812,ITH,ITH3,5,Veneto,Veneto,4905854,357921,7.3,0.64
2889,2021-07-27,VEN,42216,22155,20061,11748,30037,431,ITH,ITH3,5,Veneto,Veneto,4905854,400137,8.16,0.86
2890,2021-08-01,VEN,27907,14938,12969,11035,16355,517,ITH,ITH3,5,Veneto,Veneto,4905854,428044,8.73,0.57
2891,2021-04-23,VEN,31302,13857,17445,21435,8708,1159,ITH,ITH3,5,Veneto,Veneto,4905854,459346,9.36,0.64
2892,2021-02-16,VEN,6644,2870,3774,6439,176,29,ITH,ITH3,5,Veneto,Veneto,4905854,465990,9.5,0.14
2893,2021-01-23,VEN,4057,1250,2807,31,4026,0,ITH,ITH3,5,Veneto,Veneto,4905854,470047,9.58,0.08
2894,2021-06-29,VEN,45569,22731,22838,19049,25837,683,ITH,ITH3,5,Veneto,Veneto,4905854,515616,10.51,0.93
2895,2021-03-21,VEN,11992,4756,7236,8286,3466,240,ITH,ITH3,5,Veneto,Veneto,4905854,527608,10.75,0.24
2896,2021-01-16,VEN,4612,1542,3070,4612,0,0,ITH,ITH3,5,Veneto,Veneto,4905854,532220,10.85,0.09
2897,2021-03-14,VEN,15184,5945,9239,13847,894,443,ITH,ITH3,5,Veneto,Veneto,4905854,547404,11.16,0.31
2898,2021-08-13,VEN,24422,13806,10616,18285,5359,778,ITH,ITH3,5,Veneto,Veneto,4905854,571826,11.66,0.5
2899,2021-08-27,VEN,11438,5982,5456,3121,8066,251,ITH,ITH3,5,Veneto,Veneto,4905854,583264,11.89,0.23
2900,2021-05-05,VEN,44411,21279,23132,36230,6562,1619,ITH,ITH3,5,Veneto,Veneto,4905854,627675,12.79,0.91
2901,2021-07-01,VEN,50998,26048,24950,20695,29301,1002,ITH,ITH3,5,Veneto,Veneto,4905854,678673,13.83,1.04
2902,2021-07-18,VEN,37719,19760,17959,3849,33623,247,ITH,ITH3,5,Veneto,Veneto,4905854,716392,14.6,0.77
2903,2021-02-25,VEN,7905,3345,4560,7161,607,137,ITH,ITH3,5,Veneto,Veneto,4905854,724297,14.76,0.16
2904,2021-04-09,VEN,31206,13768,17438,21913,8351,942,ITH,ITH3,5,Veneto,Veneto,4905854,755503,15.4,0.64
2905,2021-06-05,VEN,46876,24145,22731,37322,8103,1451,ITH,ITH3,5,Veneto,Veneto,4905854,802379,16.36,0.96
2906,2021-03-02,VEN,11496,4628,6868,7936,3312,248,ITH,ITH3,5,Veneto,Veneto,4905854,813875,16.59,0.23
2907,2021-06-10,VEN,52394,27037,25357,41327,9374,1693,ITH,ITH3,5,Veneto,Veneto,4905854,866269,17.66,1.07
2908,2021-04-02,VEN,24120,10635,13485,17145,6332,643,ITH,ITH3,5,Veneto,Veneto,4905854,890389,18.15,0.49
2909,2021-08-06,VEN,38246,20870,17376,19820,17548,878,ITH,ITH3,5,Veneto,Veneto,4905854,928635,18.93,0.78
2910,2021-04-28,VEN,32465,15198,17267,22257,9024,1184,ITH,ITH3,5,Veneto,Veneto,4905854,961100,19.59,0.66
2911,2021-07-20,VEN,44366,23687,20679,6880,36981,505,ITH,ITH3,5,Veneto,Veneto,4905854,1005466,20.5,0.9
2912,2021-01-18,VEN,2766,778,1988,2560,201,5,ITH,ITH3,5,Veneto,Veneto,4905854,1008232,20.55,0.06
2913,2021-02-04,VEN,7397,2029,5368,550,6846,1,ITH,ITH3,5,Veneto,Veneto,4905854,1015629,20.7,0.15
2914,2021-08-08,VEN,20513,11393,9120,10662,9542,309,ITH,ITH3,5,Veneto,Veneto,4905854,1036142,21.12,0.42
2915,2021-05-24,VEN,33091,16436,16655,7631,25054,406,ITH,ITH3,5,Veneto,Veneto,4905854,1069233,21.8,0.67
2916,2021-08-15,VEN,3104,1761,1343,2614,425,65,ITH,ITH3,5,Veneto,Veneto,4905854,1072337,21.86,0.06
2917,2021-01-09,VEN,7937,2539,5398,7932,0,5,ITH,ITH3,5,Veneto,Veneto,4905854,1080274,22.02,0.16
2918,2021-03-18,VEN,12626,5145,7481,7038,5235,353,ITH,ITH3,5,Veneto,Veneto,4905854,1092900,22.28,0.26
2919,2021-06-26,VEN,48089,24517,23572,13599,34002,488,ITH,ITH3,5,Veneto,Veneto,4905854,1140989,23.26,0.98
2920,2021-06-19,VEN,49299,25081,24218,25681,22590,1028,ITH,ITH3,5,Veneto,Veneto,4905854,1190288,24.26,1.0
2921,2021-07-06,VEN,36149,18625,17524,13213,22304,632,ITH,ITH3,5,Veneto,Veneto,4905854,1226437,25.0,0.74
2922,2021-04-14,VEN,15943,6915,9028,8765,6634,544,ITH,ITH3,5,Veneto,Veneto,4905854,1242380,25.32,0.32
2923,2021-01-04,VEN,6741,2038,4703,6739,0,2,ITH,ITH3,5,Veneto,Veneto,4905854,1249121,25.46,0.14
2924,2021-08-22,VEN,9240,5041,4199,5857,3105,278,ITH,ITH3,5,Veneto,Veneto,4905854,1258361,25.65,0.19
2925,2021-05-14,VEN,46829,22274,24555,24299,20952,1578,ITH,ITH3,5,Veneto,Veneto,4905854,1305190,26.6,0.95
2926,2021-02-20,VEN,6430,2018,4412,6276,73,81,ITH,ITH3,5,Veneto,Veneto,4905854,1311620,26.74,0.13
2927,2021-05-10,VEN,36515,17085,19430,25422,9854,1239,ITH,ITH3,5,Veneto,Veneto,4905854,1348135,27.48,0.74
2928,2021-01-30,VEN,8761,2679,6082,689,8072,0,ITH,ITH3,5,Veneto,Veneto,4905854,1356896,27.66,0.18
2929,2021-03-07,VEN,4496,1769,2727,3866,560,70,ITH,ITH3,5,Veneto,Veneto,4905854,1361392,27.75,0.09
2930,2021-05-29,VEN,33060,16699,16361,24251,7696,1113,ITH,ITH3,5,Veneto,Veneto,4905854,1394452,28.42,0.67
2931,2021-02-18,VEN,5833,2456,3377,5730,64,39,ITH,ITH3,5,Veneto,Veneto,4905854,1400285,28.54,0.12
2932,2021-07-25,VEN,33187,17537,15650,10831,21890,466,ITH,ITH3,5,Veneto,Veneto,4905854,1433472,29.22,0.68
2933,2021-04-16,VEN,24467,10502,13965,11892,11893,682,ITH,ITH3,5,Veneto,Veneto,4905854,1457939,29.72,0.5
2934,2021-05-12,VEN,36996,17909,19087,30251,5128,1617,ITH,ITH3,5,Veneto,Veneto,4905854,1494935,30.47,0.75
2935,2021-07-08,VEN,46724,24311,22413,4505,41919,300,ITH,ITH3,5,Veneto,Veneto,4905854,1541659,31.42,0.95
2936,2021-06-24,VEN,56211,28472,27739,17638,37892,681,ITH,ITH3,5,Veneto,Veneto,4905854,1597870,32.57,1.15
2937,2021-03-16,VEN,12538,5358,7180,6643,5626,269,ITH,ITH3,5,Veneto,Veneto,4905854,1610408,32.83,0.26
2938,2021-08-20,VEN,19401,10513,8888,11263,7553,585,ITH,ITH3,5,Veneto,Veneto,4905854,1629809,33.22,0.4
2939,2021-06-12,VEN,48700,24501,24199,36409,10830,1461,ITH,ITH3,5,Veneto,Veneto,4905854,1678509,34.21,0.99
2940,2021-06-09,VEN,42824,21966,20858,33781,7499,1544,ITH,ITH3,5,Veneto,Veneto,4905854,1721333,35.09,0.87
2941,2021-06-28,VEN,47667,24122,23545,18425,28542,700,ITH,ITH3,5,Veneto,Veneto,4905854,1769000,36.06,0.97
2942,2021-01-25,VEN,6471,2077,4394,157,6314,0,ITH,ITH3,5,Veneto,Veneto,4905854,1775471,36.19,0.13
2943,2021-07-29,VEN,47494,25110,22384,20103,26537,854,ITH,ITH3,5,Veneto,Veneto,4905854,1822965,37.16,0.97
2944,2021-07-15,VEN,51415,26909,24506,6032,45007,376,ITH,ITH3,5,Veneto,Veneto,4905854,1874380,38.21,1.05
2945,2021-04-30,VEN,50264,23622,26642,33176,15673,1415,ITH,ITH3,5,Veneto,Veneto,4905854,1924644,39.23,1.02
2946,2021-01-20,VEN,1039,368,671,387,652,0,ITH,ITH3,5,Veneto,Veneto,4905854,1925683,39.25,0.02
2947,2021-07-03,VEN,38707,20121,18586,11032,27103,572,ITH,ITH3,5,Veneto,Veneto,4905854,1964390,40.04,0.79
2948,2021-05-07,VEN,48641,23302,25339,37611,8676,2354,ITH,ITH3,5,Veneto,Veneto,4905854,2013031,41.03,0.99
2949,2021-01-27,VEN,7148,2069,5079,240,6907,1,ITH,ITH3,5,Veneto,Veneto,4905854,2020179,41.18,0.15
2950,2021-08-05,VEN,39122,21385,17737,15630,22885,607,ITH,ITH3,5,Veneto,Veneto,4905854,2059301,41.98,0.8
2951,2021-04-18,VEN,17530,7262,10268,9510,7567,453,ITH,ITH3,5,Veneto,Veneto,4905854,2076831,42.33,0.36
2952,2021-01-08,VEN,9416,2837,6579,9402,0,14,ITH,ITH3,5,Veneto,Veneto,4905854,2086247,42.53,0.19
2953,2021-01-13,VEN,5988,1606,4382,5985,0,3,ITH,ITH3,5,Veneto,Veneto,4905854,2092235,42.65,0.12
2954,2021-08-03,VEN,40703,21548,19155,17566,22420,717,ITH,ITH3,5,Veneto,Veneto,4905854,2132938,43.48,0.83
2955,2021-04-25,VEN,18336,8156,10180,12909,4835,592,ITH,ITH3,5,Veneto,Veneto,4905854,2151274,43.85,0.37
2956,2021-06-21,VEN,44332,22186,22146,20464,22963,905,ITH,ITH3,5,Veneto,Veneto,4905854,2195606,44.75,0.9
2957,2021-01-06,VEN,8140,2389,5751,8137,0,3,ITH,ITH3,5,Veneto,Veneto,4905854,2203746,44.92,0.17
2958,2021-06-23,VEN,49357,24454,24903,14561,33998,798,ITH,ITH3,5,Veneto,Veneto,4905854,2253103,45.93,1.01
2959,2021-05-03,VEN,40711,19812,20899,32805,6439,1467,ITH,ITH3,5,Veneto,Veneto,4905854,2293814,46.76,0.83
2960,2021-05-28,VEN,46947,22975,23972,23684,22063,1200,ITH,ITH3,5,Veneto,Veneto,4905854,2340761,47.71,0.96
2961,2021-07-24,VEN,41665,22339,19326,13262,27768,635,ITH,ITH3,5,Veneto,Veneto,4905854,2382426,48.56,0.85
2962,2021-07-10,VEN,43196,23215,19981,6302,36542,352,ITH,ITH3,5,Veneto,Veneto,4905854,2425622,49.44,0.88
2963,2021-03-15,VEN,16672,7331,9341,10958,5212,502,ITH,ITH3,5,Veneto,Veneto,4905854,2442294,49.78,0.34
2964,2021-05-18,VEN,27031,12550,14481,12638,13634,759,ITH,ITH3,5,Veneto,Veneto,4905854,2469325,50.33,0.55
2965,2021-03-23,VEN,22227,10249,11978,16870,4717,640,ITH,ITH3,5,Veneto,Veneto,4905854,2491552,50.79,0.45
2966,2021-05-19,VEN,33154,15183,17971,16229,15992,933,ITH,ITH3,5,Veneto,Veneto,4905854,2524706,51.46,0.68
2967,2021-02-08,VEN,5007,1559,3448,1923,3078,6,ITH,ITH3,5,Veneto,Veneto,4905854,2529713,51.57,0.1
2968,2021-04-06,VEN,29032,13367,15665,23259,5047,726,ITH,ITH3,5,Veneto,Veneto,4905854,2558745,52.16,0.59
2969,2021-02-01,VEN,8563,2502,6061,157,8406,0,ITH,ITH3,5,Veneto,Veneto,4905854,2567308,52.33,0.17
2970,2021-02-15,VEN,4393,1827,2566,4144,240,9,ITH,ITH3,5,Veneto,Veneto,4905854,2571701,52.42,0.09
2971,2021-03-30,VEN,36007,15317,20690,29741,5252,1014,ITH,ITH3,5,Veneto,Veneto,4905854,2607708,53.16,0.73
2972,2021-08-02,VEN,40074,21018,19056,16274,23159,641,ITH,ITH3,5,Veneto,Veneto,4905854,2647782,53.97,0.82
2973,2021-04-10,VEN,27483,11986,15497,18380,8473,630,ITH,ITH3,5,Veneto,Veneto,4905854,2675265,54.53,0.56
2974,2021-06-06,VEN,37450,19174,18276,31495,4732,1223,ITH,ITH3,5,Veneto,Veneto,4905854,2712715,55.3,0.76
2975,2021-06-16,VEN,47791,23579,24212,25270,21433,1088,ITH,ITH3,5,Veneto,Veneto,4905854,2760506,56.27,0.97
2976,2021-01-01,VEN,1528,471,1057,1527,0,1,ITH,ITH3,5,Veneto,Veneto,4905854,2762034,56.3,0.03
2977,2021-03-25,VEN,25976,11063,14913,18975,6104,897,ITH,ITH3,5,Veneto,Veneto,4905854,2788010,56.83,0.53
2978,2021-04-11,VEN,21013,8877,12136,14231,6297,485,ITH,ITH3,5,Veneto,Veneto,4905854,2809023,57.26,0.43
2979,2021-07-22,VEN,48379,25114,23265,13302,34429,648,ITH,ITH3,5,Veneto,Veneto,4905854,2857402,58.24,0.99
2980,2021-04-13,VEN,14038,6326,7712,8057,5479,502,ITH,ITH3,5,Veneto,Veneto,4905854,2871440,58.53,0.29
2981,2021-07-05,VEN,39142,20286,18856,14159,24193,790,ITH,ITH3,5,Veneto,Veneto,4905854,2910582,59.33,0.8
2982,2021-01-03,VEN,5158,1562,3596,5158,0,0,ITH,ITH3,5,Veneto,Veneto,4905854,2915740,59.43,0.11
2983,2021-02-13,VEN,3266,1473,1793,3230,20,16,ITH,ITH3,5,Veneto,Veneto,4905854,2919006,59.5,0.07
2984,2021-06-02,VEN,20317,10239,10078,15350,4347,620,ITH,ITH3,5,Veneto,Veneto,4905854,2939323,59.91,0.41
2985,2021-08-24,VEN,19781,10539,9242,8843,10408,530,ITH,ITH3,5,Veneto,Veneto,4905854,2959104,60.32,0.4
2986,2021-03-11,VEN,19839,8893,10946,13796,5577,466,ITH,ITH3,5,Veneto,Veneto,4905854,2978943,60.72,0.4
2987,2021-04-20,VEN,22464,9506,12958,7884,14009,571,ITH,ITH3,5,Veneto,Veneto,4905854,3001407,61.18,0.46
2988,2021-08-17,VEN,19201,10434,8767,11157,7579,465,ITH,ITH3,5,Veneto,Veneto,4905854,3020608,61.57,0.39
2989,2021-05-09,VEN,35088,16144,18944,23794,10054,1240,ITH,ITH3,5,Veneto,Veneto,4905854,3055696,62.29,0.72
2990,2021-05-26,VEN,31163,15233,15930,13991,16495,677,ITH,ITH3,5,Veneto,Veneto,4905854,3086859,62.92,0.64
2991,2021-06-30,VEN,45812,23101,22711,17877,27191,744,ITH,ITH3,5,Veneto,Veneto,4905854,3132671,63.86,0.93
2992,2021-03-22,VEN,18156,8184,9972,12588,5050,518,ITH,ITH3,5,Veneto,Veneto,4905854,3150827,64.23,0.37
2993,2021-03-13,VEN,17241,7312,9929,13736,3133,372,ITH,ITH3,5,Veneto,Veneto,4905854,3168068,64.58,0.35
2994,2021-01-15,VEN,5878,1819,4059,5872,0,6,ITH,ITH3,5,Veneto,Veneto,4905854,3173946,64.7,0.12
2995,2021-05-20,VEN,44842,21259,23583,19365,24373,1104,ITH,ITH3,5,Veneto,Veneto,4905854,3218788,65.61,0.91
2996,2021-02-09,VEN,5250,1892,3358,3431,1806,13,ITH,ITH3,5,Veneto,Veneto,4905854,3224038,65.72,0.11
2997,2021-05-27,VEN,46666,22924,23742,22368,23255,1043,ITH,ITH3,5,Veneto,Veneto,4905854,3270704,66.67,0.95
2998,2021-02-07,VEN,2316,863,1453,714,1601,1,ITH,ITH3,5,Veneto,Veneto,4905854,3273020,66.72,0.05
2999,2021-07-17,VEN,40604,21481,19123,4294,35968,342,ITH,ITH3,5,Veneto,Veneto,4905854,3313624,67.54,0.83
3000,2021-05-21,VEN,44852,22059,22793,19805,23945,1102,ITH,ITH3,5,Veneto,Veneto,4905854,3358476,68.46,0.91
3001,2020-12-27,VEN,880,395,485,880,0,0,ITH,ITH3,5,Veneto,Veneto,4905854,3359356,68.48,0.02
3002,2021-05-30,VEN,22550,11273,11277,15207,6691,652,ITH,ITH3,5,Veneto,Veneto,4905854,3381906,68.94,0.46
3003,2021-07-26,VEN,43623,22930,20693,16974,26008,641,ITH,ITH3,5,Veneto,Veneto,4905854,3425529,69.83,0.89
3004,2021-02-17,VEN,6022,2772,3250,5900,94,28,ITH,ITH3,5,Veneto,Veneto,4905854,3431551,69.95,0.12
3005,2021-04-01,VEN,25403,11197,14206,18212,6414,777,ITH,ITH3,5,Veneto,Veneto,4905854,3456954,70.47,0.52
3006,2021-04-15,VEN,20941,8653,12288,9362,10833,746,ITH,ITH3,5,Veneto,Veneto,4905854,3477895,70.89,0.43
3007,2021-01-05,VEN,7335,2186,5149,7333,0,2,ITH,ITH3,5,Veneto,Veneto,4905854,3485230,71.04,0.15
3008,2021-03-08,VEN,13645,6282,7363,9304,4078,263,ITH,ITH3,5,Veneto,Veneto,4905854,3498875,71.32,0.28
3009,2021-04-27,VEN,28211,12799,15412,20136,6915,1160,ITH,ITH3,5,Veneto,Veneto,4905854,3527086,71.9,0.58
3010,2021-01-17,VEN,1933,781,1152,1584,349,0,ITH,ITH3,5,Veneto,Veneto,4905854,3529019,71.93,0.04
3011,2021-02-03,VEN,5955,1672,4283,474,5477,4,ITH,ITH3,5,Veneto,Veneto,4905854,3534974,72.06,0.12
3012,2021-08-07,VEN,28937,16286,12651,16324,12063,550,ITH,ITH3,5,Veneto,Veneto,4905854,3563911,72.65,0.59
3013,2021-04-29,VEN,50328,23411,26917,35411,13183,1734,ITH,ITH3,5,Veneto,Veneto,4905854,3614239,73.67,1.03
3014,2021-07-21,VEN,43260,22330,20930,8694,34069,497,ITH,ITH3,5,Veneto,Veneto,4905854,3657499,74.55,0.88
3015,2021-02-05,VEN,8390,2541,5849,1409,6972,9,ITH,ITH3,5,Veneto,Veneto,4905854,3665889,74.72,0.17
3016,2021-02-22,VEN,7019,3044,3975,6581,391,47,ITH,ITH3,5,Veneto,Veneto,4905854,3672908,74.87,0.14
3017,2021-05-16,VEN,28423,14015,14408,20325,7080,1018,ITH,ITH3,5,Veneto,Veneto,4905854,3701331,75.45,0.58
3018,2021-07-19,VEN,44747,23569,21178,7960,36391,396,ITH,ITH3,5,Veneto,Veneto,4905854,3746078,76.36,0.91
3019,2021-02-26,VEN,8299,3274,5025,6944,1260,95,ITH,ITH3,5,Veneto,Veneto,4905854,3754377,76.53,0.17
3020,2021-04-24,VEN,24769,10832,13937,14967,9080,722,ITH,ITH3,5,Veneto,Veneto,4905854,3779146,77.03,0.5
3021,2021-01-14,VEN,7066,1927,5139,7046,0,20,ITH,ITH3,5,Veneto,Veneto,4905854,3786212,77.18,0.14
3022,2021-03-12,VEN,18663,8196,10467,11329,6751,583,ITH,ITH3,5,Veneto,Veneto,4905854,3804875,77.56,0.38
3023,2021-04-17,VEN,22450,9099,13351,14375,7277,798,ITH,ITH3,5,Veneto,Veneto,4905854,3827325,78.02,0.46
3024,2021-01-07,VEN,8361,2317,6044,8360,0,1,ITH,ITH3,5,Veneto,Veneto,4905854,3835686,78.19,0.17
3025,2021-06-13,VEN,37343,19258,18085,29321,6957,1065,ITH,ITH3,5,Veneto,Veneto,4905854,3873029,78.95,0.76
3026,2021-01-21,VEN,2294,719,1575,19,2275,0,ITH,ITH3,5,Veneto,Veneto,4905854,3875323,78.99,0.05
3027,2021-03-05,VEN,13341,5023,8318,9222,3674,445,ITH,ITH3,5,Veneto,Veneto,4905854,3888664,79.27,0.27
3028,2021-03-03,VEN,12101,4648,7453,8388,3502,211,ITH,ITH3,5,Veneto,Veneto,4905854,3900765,79.51,0.25
3029,2021-06-11,VEN,47327,24621,22706,34723,11187,1417,ITH,ITH3,5,Veneto,Veneto,4905854,3948092,80.48,0.96
3030,2021-06-25,VEN,51713,26163,25550,15075,36002,636,ITH,ITH3,5,Veneto,Veneto,4905854,3999805,81.53,1.05
3031,2021-07-14,VEN,43616,22424,21192,5284,37940,392,ITH,ITH3,5,Veneto,Veneto,4905854,4043421,82.42,0.89
3032,2021-04-22,VEN,32072,13944,18128,15473,15777,822,ITH,ITH3,5,Veneto,Veneto,4905854,4075493,83.07,0.65
3033,2021-07-31,VEN,35129,18881,16248,16990,17491,648,ITH,ITH3,5,Veneto,Veneto,4905854,4110622,83.79,0.72
3034,2021-08-14,VEN,9904,5799,4105,7260,2393,251,ITH,ITH3,5,Veneto,Veneto,4905854,4120526,83.99,0.2
3035,2021-06-08,VEN,43852,22672,21180,36190,6146,1516,ITH,ITH3,5,Veneto,Veneto,4905854,4164378,84.89,0.89
3036,2021-05-25,VEN,27866,13450,14416,11273,16095,498,ITH,ITH3,5,Veneto,Veneto,4905854,4192244,85.45,0.57
3037,2021-02-14,VEN,125,55,70,112,13,0,ITH,ITH3,5,Veneto,Veneto,4905854,4192369,85.46,0.0
3038,2021-02-28,VEN,4136,1389,2747,3224,837,75,ITH,ITH3,5,Veneto,Veneto,4905854,4196505,85.54,0.08
3039,2021-03-17,VEN,14645,5991,8654,7525,6796,324,ITH,ITH3,5,Veneto,Veneto,4905854,4211150,85.84,0.3
3040,2021-03-01,VEN,9395,3717,5678,7411,1822,162,ITH,ITH3,5,Veneto,Veneto,4905854,4220545,86.03,0.19
3041,2021-07-12,VEN,43245,22781,20464,4013,38910,322,ITH,ITH3,5,Veneto,Veneto,4905854,4263790,86.91,0.88
3042,2021-04-03,VEN,21990,9644,12346,13865,7721,404,ITH,ITH3,5,Veneto,Veneto,4905854,4285780,87.36,0.45
3043,2021-03-20,VEN,13035,5393,7642,10659,2082,294,ITH,ITH3,5,Veneto,Veneto,4905854,4298815,87.63,0.27
3044,2021-06-18,VEN,53655,26776,26879,23989,28628,1038,ITH,ITH3,5,Veneto,Veneto,4905854,4352470,88.72,1.09
3045,2021-03-27,VEN,32089,14016,18073,25379,5806,904,ITH,ITH3,5,Veneto,Veneto,4905854,4384559,89.37,0.65
3046,2021-06-03,VEN,54525,28038,26487,40881,11997,1647,ITH,ITH3,5,Veneto,Veneto,4905854,4439084,90.49,1.11
3047,2021-02-10,VEN,4759,1592,3167,3692,1058,9,ITH,ITH3,5,Veneto,Veneto,4905854,4443843,90.58,0.1
3048,2021-04-08,VEN,32408,14387,18021,23348,7886,1174,ITH,ITH3,5,Veneto,Veneto,4905854,4476251,91.24,0.66
3049,2021-06-04,VEN,49654,25843,23811,39840,8145,1669,ITH,ITH3,5,Veneto,Veneto,4905854,4525905,92.26,1.01
3050,2021-02-24,VEN,8621,3680,4941,7998,489,134,ITH,ITH3,5,Veneto,Veneto,4905854,4534526,92.43,0.18
3051,2021-07-02,VEN,49548,25136,24412,16293,32479,776,ITH,ITH3,5,Veneto,Veneto,4905854,4584074,93.44,1.01
3052,2021-03-24,VEN,22126,9581,12545,14669,6806,651,ITH,ITH3,5,Veneto,Veneto,4905854,4606200,93.89,0.45
3053,2021-07-28,VEN,40263,20907,19356,12027,27780,456,ITH,ITH3,5,Veneto,Veneto,4905854,4646463,94.71,0.82
3054,2021-01-12,VEN,5231,1517,3714,5223,0,8,ITH,ITH3,5,Veneto,Veneto,4905854,4651694,94.82,0.11
3055,2021-04-19,VEN,21557,8931,12626,4709,16420,428,ITH,ITH3,5,Veneto,Veneto,4905854,4673251,95.26,0.44
3056,2021-04-05,VEN,19165,8376,10789,13423,5439,303,ITH,ITH3,5,Veneto,Veneto,4905854,4692416,95.65,0.39
3057,2021-01-26,VEN,6925,2092,4833,149,6776,0,ITH,ITH3,5,Veneto,Veneto,4905854,4699341,95.79,0.14
3058,2021-05-06,VEN,47048,22065,24983,36583,8492,1973,ITH,ITH3,5,Veneto,Veneto,4905854,4746389,96.75,0.96
3059,2021-01-10,VEN,5036,1673,3363,5035,0,1,ITH,ITH3,5,Veneto,Veneto,4905854,4751425,96.85,0.1
3060,2021-05-23,VEN,34489,16468,18021,10619,23399,471,ITH,ITH3,5,Veneto,Veneto,4905854,4785914,97.56,0.7
3061,2021-02-12,VEN,4314,1446,2868,3671,572,71,ITH,ITH3,5,Veneto,Veneto,4905854,4790228,97.64,0.09
3062,2021-01-29,VEN,9029,2789,6240,365,8664,0,ITH,ITH3,5,Veneto,Veneto,4905854,4799257,97.83,0.18
3063,2021-05-08,VEN,41518,18780,22738,28268,11827,1423,ITH,ITH3,5,Veneto,Veneto,4905854,4840775,98.67,0.85
3064,2021-07-30,VEN,45554,24231,21323,22593,22076,885,ITH,ITH3,5,Veneto,Veneto,4905854,4886329,99.6,0.93
3065,2021-08-16,VEN,19675,10650,9025,12919,6166,590,ITH,ITH3,5,Veneto,Veneto,4905854,4906004,100.0,0.4
3066,2021-06-27,VEN,40240,20556,19684,15354,24309,577,ITH,ITH3,5,Veneto,Veneto,4905854,4946244,100.82,0.82
3067,2021-03-19,VEN,13803,5672,8131,7406,6104,293,ITH,ITH3,5,Veneto,Veneto,4905854,4960047,101.1,0.28
3068,2021-06-20,VEN,41206,20065,21141,18932,21537,737,ITH,ITH3,5,Veneto,Veneto,4905854,5001253,101.94,0.84
3069,2021-02-19,VEN,7323,3141,4182,6995,204,124,ITH,ITH3,5,Veneto,Veneto,4905854,5008576,102.09,0.15
3070,2021-08-23,VEN,24463,12999,11464,10534,13216,713,ITH,ITH3,5,Veneto,Veneto,4905854,5033039,102.59,0.5
3071,2021-02-21,VEN,4640,1212,3428,4516,5,119,ITH,ITH3,5,Veneto,Veneto,4905854,5037679,102.69,0.09
3072,2021-08-09,VEN,34760,18636,16124,17128,16861,771,ITH,ITH3,5,Veneto,Veneto,4905854,5072439,103.4,0.71
3073,2021-08-26,VEN,22116,11794,10322,8223,13295,598,ITH,ITH3,5,Veneto,Veneto,4905854,5094555,103.85,0.45
3074,2020-12-31,VEN,3221,1042,2179,3221,0,0,ITH,ITH3,5,Veneto,Veneto,4905854,5097776,103.91,0.07
3075,2021-07-04,VEN,33885,17579,16306,14997,18287,601,ITH,ITH3,5,Veneto,Veneto,4905854,5131661,104.6,0.69
3076,2021-05-15,VEN,36268,17519,18749,24818,10022,1428,ITH,ITH3,5,Veneto,Veneto,4905854,5167929,105.34,0.74
3077,2021-06-01,VEN,26991,13568,13423,15790,10557,644,ITH,ITH3,5,Veneto,Veneto,4905854,5194920,105.89,0.55
3078,2021-03-10,VEN,19043,8728,10315,12963,5686,394,ITH,ITH3,5,Veneto,Veneto,4905854,5213963,106.28,0.39
3079,2021-04-12,VEN,14918,6344,8574,6399,8217,302,ITH,ITH3,5,Veneto,Veneto,4905854,5228881,106.58,0.3
3080,2021-01-02,VEN,5744,1767,3977,5743,0,1,ITH,ITH3,5,Veneto,Veneto,4905854,5234625,106.7,0.12
3081,2021-01-19,VEN,1313,475,838,1163,149,1,ITH,ITH3,5,Veneto,Veneto,4905854,5235938,106.73,0.03
3082,2021-07-23,VEN,44475,23442,21033,15121,28783,571,ITH,ITH3,5,Veneto,Veneto,4905854,5280413,107.63,0.91
3083,2021-06-22,VEN,43744,21628,22116,18508,24386,850,ITH,ITH3,5,Veneto,Veneto,4905854,5324157,108.53,0.89
3084,2021-08-18,VEN,23277,12550,10727,14167,8427,683,ITH,ITH3,5,Veneto,Veneto,4905854,5347434,109.0,0.47
3085,2021-08-04,VEN,42383,22631,19752,22552,18739,1092,ITH,ITH3,5,Veneto,Veneto,4905854,5389817,109.87,0.86
3086,2021-04-26,VEN,20732,9461,11271,14915,5140,677,ITH,ITH3,5,Veneto,Veneto,4905854,5410549,110.29,0.42
3087,2021-05-01,VEN,38872,18249,20623,28713,8929,1230,ITH,ITH3,5,Veneto,Veneto,4905854,5449421,111.08,0.79
3088,2021-06-15,VEN,47839,24301,23538,29146,17544,1149,ITH,ITH3,5,Veneto,Veneto,4905854,5497260,112.06,0.98
3089,2021-08-11,VEN,26745,14772,11973,15609,10561,575,ITH,ITH3,5,Veneto,Veneto,4905854,5524005,112.6,0.55
3090,2021-05-02,VEN,37246,17266,19980,25613,10331,1302,ITH,ITH3,5,Veneto,Veneto,4905854,5561251,113.36,0.76
3091,2021-06-14,VEN,42625,21559,21066,26302,15317,1006,ITH,ITH3,5,Veneto,Veneto,4905854,5603876,114.23,0.87
3092,2021-03-06,VEN,10684,4357,6327,7216,3278,190,ITH,ITH3,5,Veneto,Veneto,4905854,5614560,114.45,0.22
3093,2021-08-10,VEN,28486,15632,12854,16408,11473,605,ITH,ITH3,5,Veneto,Veneto,4905854,5643046,115.03,0.58
3094,2020-12-30,VEN,699,245,454,699,0,0,ITH,ITH3,5,Veneto,Veneto,4905854,5643745,115.04,0.01
3095,2021-08-12,VEN,24146,13076,11070,17295,6149,702,ITH,ITH3,5,Veneto,Veneto,4905854,5667891,115.53,0.49
3096,2021-06-07,VEN,44700,23320,21380,36182,7042,1476,ITH,ITH3,5,Veneto,Veneto,4905854,5712591,116.44,0.91
3097,2021-02-27,VEN,8994,2693,6301,7965,849,180,ITH,ITH3,5,Veneto,Veneto,4905854,5721585,116.63,0.18
3098,2021-03-04,VEN,12989,4890,8099,9121,3478,390,ITH,ITH3,5,Veneto,Veneto,4905854,5734574,116.89,0.26
3099,2021-07-07,VEN,40973,21319,19654,15651,24535,787,ITH,ITH3,5,Veneto,Veneto,4905854,5775547,117.73,0.84
3100,2021-08-19,VEN,19492,10626,8866,12164,6794,534,ITH,ITH3,5,Veneto,Veneto,4905854,5795039,118.12,0.4
3101,2021-05-11,VEN,33198,16516,16682,27154,4729,1315,ITH,ITH3,5,Veneto,Veneto,4905854,5828237,118.8,0.68
3102,2021-01-22,VEN,1080,332,748,25,1055,0,ITH,ITH3,5,Veneto,Veneto,4905854,5829317,118.82,0.02
3103,2021-08-21,VEN,12141,6856,5285,8253,3372,516,ITH,ITH3,5,Veneto,Veneto,4905854,5841458,119.07,0.25
3104,2021-05-04,VEN,43031,20382,22649,33362,8034,1635,ITH,ITH3,5,Veneto,Veneto,4905854,5884489,119.95,0.88
3105,2021-01-24,VEN,4117,1219,2898,28,4089,0,ITH,ITH3,5,Veneto,Veneto,4905854,5888606,120.03,0.08
3106,2021-04-07,VEN,36061,16203,19858,27607,7340,1114,ITH,ITH3,5,Veneto,Veneto,4905854,5924667,120.77,0.74
3107,2021-07-16,VEN,44727,24059,20668,6957,37311,459,ITH,ITH3,5,Veneto,Veneto,4905854,5969394,121.68,0.91
3108,2021-01-31,VEN,4789,1566,3223,408,4381,0,ITH,ITH3,5,Veneto,Veneto,4905854,5974183,121.78,0.1
3109,2021-03-29,VEN,31475,13707,17768,26653,3827,995,ITH,ITH3,5,Veneto,Veneto,4905854,6005658,122.42,0.64
3110,2021-05-13,VEN,44341,21880,22461,32595,9917,1829,ITH,ITH3,5,Veneto,Veneto,4905854,6049999,123.32,0.9
3111,2021-02-02,VEN,6514,1881,4633,396,6118,0,ITH,ITH3,5,Veneto,Veneto,4905854,6056513,123.45,0.13
3112,2021-07-09,VEN,45081,23776,21305,4124,40672,285,ITH,ITH3,5,Veneto,Veneto,4905854,6101594,124.37,0.92
3113,2021-03-31,VEN,38974,16458,22516,30422,7507,1045,ITH,ITH3,5,Veneto,Veneto,4905854,6140568,125.17,0.79
3114,2021-07-11,VEN,34237,17926,16311,3700,30285,252,ITH,ITH3,5,Veneto,Veneto,4905854,6174805,125.87,0.7
3115,2021-02-28,LIG,1060,580,480,1048,11,1,ITC,ITC3,7,Liguria,Liguria,1550640,1060,0.07,0.07
3116,2021-03-26,LIG,9356,4040,5316,6094,3157,105,ITC,ITC3,7,Liguria,Liguria,1550640,10416,0.67,0.6
3117,2021-07-04,LIG,4860,2583,2277,3828,997,35,ITC,ITC3,7,Liguria,Liguria,1550640,15276,0.99,0.31
3118,2021-01-02,LIG,693,247,446,693,0,0,ITC,ITC3,7,Liguria,Liguria,1550640,15969,1.03,0.04
3119,2021-02-11,LIG,1990,772,1218,1093,888,9,ITC,ITC3,7,Liguria,Liguria,1550640,17959,1.16,0.13
3120,2021-05-22,LIG,6656,3222,3434,4880,1685,91,ITC,ITC3,7,Liguria,Liguria,1550640,24615,1.59,0.43
3121,2021-06-10,LIG,18871,9729,9142,13145,5669,57,ITC,ITC3,7,Liguria,Liguria,1550640,43486,2.8,1.22
3122,2021-03-19,LIG,5301,2236,3065,2099,3151,51,ITC,ITC3,7,Liguria,Liguria,1550640,48787,3.15,0.34
3123,2021-03-02,LIG,4080,1692,2388,3762,310,8,ITC,ITC3,7,Liguria,Liguria,1550640,52867,3.41,0.26
3124,2021-07-11,LIG,2151,1194,957,1235,903,13,ITC,ITC3,7,Liguria,Liguria,1550640,55018,3.55,0.14
3125,2021-04-26,LIG,10583,4989,5594,7858,2641,84,ITC,ITC3,7,Liguria,Liguria,1550640,65601,4.23,0.68
3126,2021-01-16,LIG,1279,558,721,1274,0,5,ITC,ITC3,7,Liguria,Liguria,1550640,66880,4.31,0.08
3127,2021-02-02,LIG,2675,1007,1668,127,2546,2,ITC,ITC3,7,Liguria,Liguria,1550640,69555,4.49,0.17
3128,2021-04-28,LIG,14465,6525,7940,6383,7996,86,ITC,ITC3,7,Liguria,Liguria,1550640,84020,5.42,0.93
3129,2021-08-06,LIG,12177,6182,5995,3961,8111,105,ITC,ITC3,7,Liguria,Liguria,1550640,96197,6.2,0.79
3130,2021-02-04,LIG,2819,989,1830,177,2642,0,ITC,ITC3,7,Liguria,Liguria,1550640,99016,6.39,0.18
3131,2021-05-15,LIG,7324,3276,4048,4295,2962,67,ITC,ITC3,7,Liguria,Liguria,1550640,106340,6.86,0.47
3132,2021-07-18,LIG,2385,1224,1161,390,1983,12,ITC,ITC3,7,Liguria,Liguria,1550640,108725,7.01,0.15
3133,2021-06-05,LIG,8098,4123,3975,4925,3155,18,ITC,ITC3,7,Liguria,Liguria,1550640,116823,7.53,0.52
3134,2021-04-09,LIG,12473,5565,6908,10560,1778,135,ITC,ITC3,7,Liguria,Liguria,1550640,129296,8.34,0.8
3135,2021-03-31,LIG,11951,5289,6662,9070,2780,101,ITC,ITC3,7,Liguria,Liguria,1550640,141247,9.11,0.77
3136,2021-01-28,LIG,2851,972,1879,38,2813,0,ITC,ITC3,7,Liguria,Liguria,1550640,144098,9.29,0.18
3137,2021-03-14,LIG,1660,753,907,1043,605,12,ITC,ITC3,7,Liguria,Liguria,1550640,145758,9.4,0.11
3138,2021-08-18,LIG,12191,6581,5610,4251,7831,109,ITC,ITC3,7,Liguria,Liguria,1550640,157949,10.19,0.79
3139,2021-06-22,LIG,15797,7464,8333,7632,8115,50,ITC,ITC3,7,Liguria,Liguria,1550640,173746,11.2,1.02
3140,2021-07-06,LIG,12366,6071,6295,5655,6645,66,ITC,ITC3,7,Liguria,Liguria,1550640,186112,12.0,0.8
3141,2021-05-10,LIG,12661,5648,7013,6205,6381,75,ITC,ITC3,7,Liguria,Liguria,1550640,198773,12.82,0.82
3142,2021-08-01,LIG,1490,857,633,152,1338,0,ITC,ITC3,7,Liguria,Liguria,1550640,200263,12.91,0.1
3143,2021-02-16,LIG,2429,958,1471,1993,430,6,ITC,ITC3,7,Liguria,Liguria,1550640,202692,13.07,0.16
3144,2021-07-23,LIG,19998,10306,9692,5137,14762,99,ITC,ITC3,7,Liguria,Liguria,1550640,222690,14.36,1.29
3145,2021-05-27,LIG,17003,8720,8283,12679,4170,154,ITC,ITC3,7,Liguria,Liguria,1550640,239693,15.46,1.1
3146,2021-04-14,LIG,13083,5674,7409,10751,2211,121,ITC,ITC3,7,Liguria,Liguria,1550640,252776,16.3,0.84
3147,2021-05-29,LIG,6871,3254,3617,3978,2873,20,ITC,ITC3,7,Liguria,Liguria,1550640,259647,16.74,0.44
3148,2021-01-09,LIG,1338,484,854,1337,0,1,ITC,ITC3,7,Liguria,Liguria,1550640,260985,16.83,0.09
3149,2021-04-19,LIG,12840,5621,7219,8918,3834,88,ITC,ITC3,7,Liguria,Liguria,1550640,273825,17.66,0.83
3150,2021-07-13,LIG,13099,6442,6657,3486,9578,35,ITC,ITC3,7,Liguria,Liguria,1550640,286924,18.5,0.84
3151,2021-06-15,LIG,17397,8467,8930,9288,8063,46,ITC,ITC3,7,Liguria,Liguria,1550640,304321,19.63,1.12
3152,2021-03-07,LIG,1915,1139,776,1603,301,11,ITC,ITC3,7,Liguria,Liguria,1550640,306236,19.75,0.12
3153,2021-06-17,LIG,16706,7940,8766,9100,7538,68,ITC,ITC3,7,Liguria,Liguria,1550640,322942,20.83,1.08
3154,2021-06-24,LIG,11157,5451,5706,6253,4853,51,ITC,ITC3,7,Liguria,Liguria,1550640,334099,21.55,0.72
3155,2021-04-02,LIG,11794,5221,6573,9222,2488,84,ITC,ITC3,7,Liguria,Liguria,1550640,345893,22.31,0.76
3156,2021-04-21,LIG,14295,6460,7835,8861,5345,89,ITC,ITC3,7,Liguria,Liguria,1550640,360188,23.23,0.92
3157,2021-07-30,LIG,16058,8319,7739,4654,11328,76,ITC,ITC3,7,Liguria,Liguria,1550640,376246,24.26,1.04
3158,2021-08-13,LIG,10878,5618,5260,3926,6867,85,ITC,ITC3,7,Liguria,Liguria,1550640,387124,24.97,0.7
3159,2021-05-08,LIG,7538,3337,4201,2273,5227,38,ITC,ITC3,7,Liguria,Liguria,1550640,394662,25.45,0.49
3160,2021-01-25,LIG,2734,893,1841,475,2258,1,ITC,ITC3,7,Liguria,Liguria,1550640,397396,25.63,0.18
3161,2021-05-05,LIG,13723,6141,7582,5178,8462,83,ITC,ITC3,7,Liguria,Liguria,1550640,411119,26.51,0.88
3162,2021-02-21,LIG,869,491,378,863,4,2,ITC,ITC3,7,Liguria,Liguria,1550640,411988,26.57,0.06
3163,2021-01-21,LIG,1109,385,724,677,431,1,ITC,ITC3,7,Liguria,Liguria,1550640,413097,26.64,0.07
3164,2021-08-20,LIG,9362,4973,4389,3126,6169,67,ITC,ITC3,7,Liguria,Liguria,1550640,422459,27.24,0.6
3165,2021-01-14,LIG,2983,1056,1927,2982,0,1,ITC,ITC3,7,Liguria,Liguria,1550640,425442,27.44,0.19
3166,2020-12-28,LIG,80,30,50,80,0,0,ITC,ITC3,7,Liguria,Liguria,1550640,425522,27.44,0.01
3167,2021-06-03,LIG,15548,7706,7842,9115,6391,42,ITC,ITC3,7,Liguria,Liguria,1550640,441070,28.44,1.0
3168,2021-04-07,LIG,13690,6113,7577,11310,2291,89,ITC,ITC3,7,Liguria,Liguria,1550640,454760,29.33,0.88
3169,2021-02-23,LIG,3809,1559,2250,3663,109,37,ITC,ITC3,7,Liguria,Liguria,1550640,458569,29.57,0.25
3170,2021-08-10,LIG,13110,6544,6566,4275,8709,126,ITC,ITC3,7,Liguria,Liguria,1550640,471679,30.42,0.85
3171,2021-06-14,LIG,15158,7318,7840,8238,6875,45,ITC,ITC3,7,Liguria,Liguria,1550640,486837,31.4,0.98
3172,2021-05-03,LIG,13266,5922,7344,6358,6821,87,ITC,ITC3,7,Liguria,Liguria,1550640,500103,32.25,0.86
3173,2021-08-11,LIG,13119,6726,6393,4789,8226,104,ITC,ITC3,7,Liguria,Liguria,1550640,513222,33.1,0.85
3174,2021-03-21,LIG,551,220,331,69,482,0,ITC,ITC3,7,Liguria,Liguria,1550640,513773,33.13,0.04
3175,2021-08-25,LIG,9308,5010,4298,3208,6009,91,ITC,ITC3,7,Liguria,Liguria,1550640,523081,33.73,0.6
3176,2021-01-23,LIG,813,298,515,156,657,0,ITC,ITC3,7,Liguria,Liguria,1550640,523894,33.79,0.05
3177,2021-06-29,LIG,15190,7233,7957,8670,6452,68,ITC,ITC3,7,Liguria,Liguria,1550640,539084,34.77,0.98
3178,2021-05-17,LIG,12047,5528,6519,8643,3341,63,ITC,ITC3,7,Liguria,Liguria,1550640,551131,35.54,0.78
3179,2021-07-25,LIG,6397,3267,3130,649,5738,10,ITC,ITC3,7,Liguria,Liguria,1550640,557528,35.95,0.41
3180,2021-02-09,LIG,1956,696,1260,263,1691,2,ITC,ITC3,7,Liguria,Liguria,1550640,559484,36.08,0.13
3181,2021-08-15,LIG,1410,785,625,853,527,30,ITC,ITC3,7,Liguria,Liguria,1550640,560894,36.17,0.09
3182,2021-05-24,LIG,11886,5594,6292,9278,2510,98,ITC,ITC3,7,Liguria,Liguria,1550640,572780,36.94,0.77
3183,2021-05-07,LIG,13616,6048,7568,5725,7812,79,ITC,ITC3,7,Liguria,Liguria,1550640,586396,37.82,0.88
3184,2021-02-13,LIG,1080,508,572,797,280,3,ITC,ITC3,7,Liguria,Liguria,1550640,587476,37.89,0.07
3185,2021-06-07,LIG,15701,7665,8036,8633,7034,34,ITC,ITC3,7,Liguria,Liguria,1550640,603177,38.9,1.01
3186,2021-06-02,LIG,8541,4348,4193,5343,3177,21,ITC,ITC3,7,Liguria,Liguria,1550640,611718,39.45,0.55
3187,2021-06-19,LIG,7416,3777,3639,5702,1671,43,ITC,ITC3,7,Liguria,Liguria,1550640,619134,39.93,0.48
3188,2021-07-29,LIG,17971,9194,8777,4408,13493,70,ITC,ITC3,7,Liguria,Liguria,1550640,637105,41.09,1.16
3189,2021-03-16,LIG,6089,2732,3357,2316,3735,38,ITC,ITC3,7,Liguria,Liguria,1550640,643194,41.48,0.39
3190,2021-02-25,LIG,3459,1349,2110,3307,130,22,ITC,ITC3,7,Liguria,Liguria,1550640,646653,41.7,0.22
3191,2021-08-17,LIG,9836,5163,4673,3649,6109,78,ITC,ITC3,7,Liguria,Liguria,1550640,656489,42.34,0.63
3192,2021-03-04,LIG,4742,2119,2623,3838,849,55,ITC,ITC3,7,Liguria,Liguria,1550640,661231,42.64,0.31
3193,2021-06-12,LIG,10254,4990,5264,7460,2760,34,ITC,ITC3,7,Liguria,Liguria,1550640,671485,43.3,0.66
3194,2021-04-30,LIG,14438,6450,7988,5773,8579,86,ITC,ITC3,7,Liguria,Liguria,1550640,685923,44.23,0.93
3195,2021-03-06,LIG,3305,1842,1463,2581,705,19,ITC,ITC3,7,Liguria,Liguria,1550640,689228,44.45,0.21
3196,2021-01-22,LIG,1828,606,1222,1337,489,2,ITC,ITC3,7,Liguria,Liguria,1550640,691056,44.57,0.12
3197,2021-05-02,LIG,3981,1837,2144,503,3472,6,ITC,ITC3,7,Liguria,Liguria,1550640,695037,44.82,0.26
3198,2021-03-12,LIG,6221,2874,3347,3689,2474,58,ITC,ITC3,7,Liguria,Liguria,1550640,701258,45.22,0.4
3199,2021-07-01,LIG,13567,6541,7026,7329,6167,71,ITC,ITC3,7,Liguria,Liguria,1550640,714825,46.1,0.87
3200,2021-05-19,LIG,13582,5965,7617,10325,3125,132,ITC,ITC3,7,Liguria,Liguria,1550640,728407,46.97,0.88
3201,2021-03-23,LIG,9293,4231,5062,5991,3216,86,ITC,ITC3,7,Liguria,Liguria,1550640,737700,47.57,0.6
3202,2021-08-27,LIG,2669,1420,1249,724,1924,21,ITC,ITC3,7,Liguria,Liguria,1550640,740369,47.75,0.17
3203,2021-07-15,LIG,14781,7476,7305,5174,9502,105,ITC,ITC3,7,Liguria,Liguria,1550640,755150,48.7,0.95
3204,2021-05-04,LIG,13659,6093,7566,5361,8233,65,ITC,ITC3,7,Liguria,Liguria,1550640,768809,49.58,0.88
3205,2021-08-12,LIG,12515,6433,6082,4598,7839,78,ITC,ITC3,7,Liguria,Liguria,1550640,781324,50.39,0.81
3206,2021-05-09,LIG,2826,1244,1582,1085,1711,30,ITC,ITC3,7,Liguria,Liguria,1550640,784150,50.57,0.18
3207,2021-01-29,LIG,3100,1069,2031,64,3036,0,ITC,ITC3,7,Liguria,Liguria,1550640,787250,50.77,0.2
3208,2021-01-30,LIG,1665,571,1094,23,1641,1,ITC,ITC3,7,Liguria,Liguria,1550640,788915,50.88,0.11
3209,2021-03-28,LIG,1142,511,631,382,752,8,ITC,ITC3,7,Liguria,Liguria,1550640,790057,50.95,0.07
3210,2021-02-06,LIG,1892,768,1124,145,1747,0,ITC,ITC3,7,Liguria,Liguria,1550640,791949,51.07,0.12
3211,2021-06-11,LIG,17859,9092,8767,11734,6080,45,ITC,ITC3,7,Liguria,Liguria,1550640,809808,52.22,1.15
3212,2021-04-15,LIG,11852,5241,6611,9894,1856,102,ITC,ITC3,7,Liguria,Liguria,1550640,821660,52.99,0.76
3213,2021-02-18,LIG,2772,1128,1644,2425,339,8,ITC,ITC3,7,Liguria,Liguria,1550640,824432,53.17,0.18
3214,2021-05-14,LIG,13157,5869,7288,8645,4338,174,ITC,ITC3,7,Liguria,Liguria,1550640,837589,54.02,0.85
3215,2021-08-22,LIG,758,441,317,175,577,6,ITC,ITC3,7,Liguria,Liguria,1550640,838347,54.06,0.05
3216,2021-05-31,LIG,14726,7385,7341,9125,5523,78,ITC,ITC3,7,Liguria,Liguria,1550640,853073,55.01,0.95
3217,2021-03-09,LIG,5939,2757,3182,4449,1432,58,ITC,ITC3,7,Liguria,Liguria,1550640,859012,55.4,0.38
3218,2021-02-20,LIG,1337,639,698,1334,1,2,ITC,ITC3,7,Liguria,Liguria,1550640,860349,55.48,0.09
3219,2021-08-07,LIG,5190,2651,2539,1117,4058,15,ITC,ITC3,7,Liguria,Liguria,1550640,865539,55.82,0.33
3220,2021-01-11,LIG,2658,994,1664,2656,0,2,ITC,ITC3,7,Liguria,Liguria,1550640,868197,55.99,0.17
3221,2020-12-30,LIG,12,5,7,12,0,0,ITC,ITC3,7,Liguria,Liguria,1550640,868209,55.99,0.0
3222,2021-07-03,LIG,8823,4372,4451,5466,3324,33,ITC,ITC3,7,Liguria,Liguria,1550640,877032,56.56,0.57
3223,2021-04-11,LIG,4251,1930,2321,3959,249,43,ITC,ITC3,7,Liguria,Liguria,1550640,881283,56.83,0.27
3224,2021-07-20,LIG,13967,6881,7086,2736,11186,45,ITC,ITC3,7,Liguria,Liguria,1550640,895250,57.73,0.9
3225,2021-01-18,LIG,2146,749,1397,1987,157,2,ITC,ITC3,7,Liguria,Liguria,1550640,897396,57.87,0.14
3226,2021-06-26,LIG,7227,3363,3864,4451,2717,59,ITC,ITC3,7,Liguria,Liguria,1550640,904623,58.34,0.47
3227,2021-07-10,LIG,6904,3481,3423,2743,4132,29,ITC,ITC3,7,Liguria,Liguria,1550640,911527,58.78,0.45
3228,2021-04-04,LIG,764,369,395,508,251,5,ITC,ITC3,7,Liguria,Liguria,1550640,912291,58.83,0.05
3229,2021-04-18,LIG,2618,1165,1453,2094,469,55,ITC,ITC3,7,Liguria,Liguria,1550640,914909,59.0,0.17
3230,2021-07-27,LIG,17422,8880,8542,4363,12993,66,ITC,ITC3,7,Liguria,Liguria,1550640,932331,60.13,1.12
3231,2021-01-08,LIG,2939,1000,1939,2937,0,2,ITC,ITC3,7,Liguria,Liguria,1550640,935270,60.32,0.19
3232,2021-01-20,LIG,1560,557,1003,1547,12,1,ITC,ITC3,7,Liguria,Liguria,1550640,936830,60.42,0.1
3233,2021-08-19,LIG,9806,5162,4644,2726,7001,79,ITC,ITC3,7,Liguria,Liguria,1550640,946636,61.05,0.63
3234,2021-07-09,LIG,12843,6330,6513,4210,8583,50,ITC,ITC3,7,Liguria,Liguria,1550640,959479,61.88,0.83
3235,2021-04-05,LIG,3984,1756,2228,2312,1651,21,ITC,ITC3,7,Liguria,Liguria,1550640,963463,62.13,0.26
3236,2021-07-16,LIG,12623,6221,6402,3137,9437,49,ITC,ITC3,7,Liguria,Liguria,1550640,976086,62.95,0.81
3237,2021-02-01,LIG,2582,935,1647,109,2473,0,ITC,ITC3,7,Liguria,Liguria,1550640,978668,63.11,0.17
3238,2021-07-08,LIG,13656,6718,6938,6182,7404,70,ITC,ITC3,7,Liguria,Liguria,1550640,992324,63.99,0.88
3239,2021-05-12,LIG,12121,5492,6629,6612,5409,100,ITC,ITC3,7,Liguria,Liguria,1550640,1004445,64.78,0.78
3240,2021-05-26,LIG,16696,8431,8265,12171,4381,144,ITC,ITC3,7,Liguria,Liguria,1550640,1021141,65.85,1.08
3241,2021-03-30,LIG,12226,5432,6794,8753,3393,80,ITC,ITC3,7,Liguria,Liguria,1550640,1033367,66.64,0.79
3242,2021-04-08,LIG,13794,6183,7611,11611,2048,135,ITC,ITC3,7,Liguria,Liguria,1550640,1047161,67.53,0.89
3243,2021-07-17,LIG,6514,3360,3154,1807,4694,13,ITC,ITC3,7,Liguria,Liguria,1550640,1053675,67.95,0.42
3244,2021-07-31,LIG,8257,4411,3846,1313,6925,19,ITC,ITC3,7,Liguria,Liguria,1550640,1061932,68.48,0.53
3245,2021-06-04,LIG,14798,7265,7533,9254,5498,46,ITC,ITC3,7,Liguria,Liguria,1550640,1076730,69.44,0.95
3246,2021-04-06,LIG,13261,5903,7358,10891,2265,105,ITC,ITC3,7,Liguria,Liguria,1550640,1089991,70.29,0.86
3247,2021-02-08,LIG,1983,744,1239,299,1684,0,ITC,ITC3,7,Liguria,Liguria,1550640,1091974,70.42,0.13
3248,2020-12-27,LIG,135,56,79,134,0,1,ITC,ITC3,7,Liguria,Liguria,1550640,1092109,70.43,0.01
3249,2021-05-16,LIG,3712,1863,1849,2119,1567,26,ITC,ITC3,7,Liguria,Liguria,1550640,1095821,70.67,0.24
3250,2021-08-24,LIG,8726,4527,4199,2919,5731,76,ITC,ITC3,7,Liguria,Liguria,1550640,1104547,71.23,0.56
3251,2021-02-22,LIG,3347,1477,1870,3195,143,9,ITC,ITC3,7,Liguria,Liguria,1550640,1107894,71.45,0.22
3252,2021-08-08,LIG,1205,648,557,543,658,4,ITC,ITC3,7,Liguria,Liguria,1550640,1109099,71.53,0.08
3253,2021-07-22,LIG,21423,10888,10535,4577,16755,91,ITC,ITC3,7,Liguria,Liguria,1550640,1130522,72.91,1.38
3254,2021-06-16,LIG,16393,7924,8469,9227,7114,52,ITC,ITC3,7,Liguria,Liguria,1550640,1146915,73.96,1.06
3255,2021-03-08,LIG,5631,2462,3169,3907,1692,32,ITC,ITC3,7,Liguria,Liguria,1550640,1152546,74.33,0.36
3256,2021-03-25,LIG,9779,4235,5544,6243,3394,142,ITC,ITC3,7,Liguria,Liguria,1550640,1162325,74.96,0.63
3257,2021-01-01,LIG,146,56,90,146,0,0,ITC,ITC3,7,Liguria,Liguria,1550640,1162471,74.97,0.01
3258,2021-02-17,LIG,2699,1184,1515,2252,435,12,ITC,ITC3,7,Liguria,Liguria,1550640,1165170,75.14,0.17
3259,2021-07-24,LIG,11605,6037,5568,2316,9244,45,ITC,ITC3,7,Liguria,Liguria,1550640,1176775,75.89,0.75
3260,2021-05-28,LIG,16318,8154,8164,11623,4557,138,ITC,ITC3,7,Liguria,Liguria,1550640,1193093,76.94,1.05
3261,2021-01-05,LIG,2880,896,1984,2880,0,0,ITC,ITC3,7,Liguria,Liguria,1550640,1195973,77.13,0.19
3262,2021-03-03,LIG,4583,1848,2735,3445,1029,109,ITC,ITC3,7,Liguria,Liguria,1550640,1200556,77.42,0.3
3263,2021-08-04,LIG,13848,6971,6877,3265,10484,99,ITC,ITC3,7,Liguria,Liguria,1550640,1214404,78.32,0.89
3264,2021-02-24,LIG,3767,1561,2206,3456,259,52,ITC,ITC3,7,Liguria,Liguria,1550640,1218171,78.56,0.24
3265,2020-12-29,LIG,125,33,92,125,0,0,ITC,ITC3,7,Liguria,Liguria,1550640,1218296,78.57,0.01
3266,2021-01-12,LIG,2476,890,1586,2475,0,1,ITC,ITC3,7,Liguria,Liguria,1550640,1220772,78.73,0.16
3267,2021-04-22,LIG,13879,6217,7662,8657,5089,133,ITC,ITC3,7,Liguria,Liguria,1550640,1234651,79.62,0.9
3268,2021-07-12,LIG,13429,6440,6989,4152,9228,49,ITC,ITC3,7,Liguria,Liguria,1550640,1248080,80.49,0.87
3269,2021-01-10,LIG,651,264,387,647,0,4,ITC,ITC3,7,Liguria,Liguria,1550640,1248731,80.53,0.04
3270,2021-04-20,LIG,14252,6525,7727,9741,4360,151,ITC,ITC3,7,Liguria,Liguria,1550640,1262983,81.45,0.92
3271,2021-05-23,LIG,2310,1121,1189,1172,1124,14,ITC,ITC3,7,Liguria,Liguria,1550640,1265293,81.6,0.15
3272,2021-03-01,LIG,3540,1447,2093,3385,136,19,ITC,ITC3,7,Liguria,Liguria,1550640,1268833,81.83,0.23
3273,2021-06-09,LIG,19086,9576,9510,12451,6579,56,ITC,ITC3,7,Liguria,Liguria,1550640,1287919,83.06,1.23
3274,2021-04-03,LIG,5409,2500,2909,4436,943,30,ITC,ITC3,7,Liguria,Liguria,1550640,1293328,83.41,0.35
3275,2021-01-24,LIG,761,241,520,116,645,0,ITC,ITC3,7,Liguria,Liguria,1550640,1294089,83.46,0.05
3276,2021-06-27,LIG,1951,895,1056,689,1251,11,ITC,ITC3,7,Liguria,Liguria,1550640,1296040,83.58,0.13
3277,2021-02-12,LIG,1941,691,1250,895,1045,1,ITC,ITC3,7,Liguria,Liguria,1550640,1297981,83.71,0.13
3278,2021-01-27,LIG,1748,604,1144,139,1608,1,ITC,ITC3,7,Liguria,Liguria,1550640,1299729,83.82,0.11
3279,2021-05-21,LIG,12870,5966,6904,9603,3135,132,ITC,ITC3,7,Liguria,Liguria,1550640,1312599,84.65,0.83
3280,2021-02-27,LIG,1888,921,967,1755,129,4,ITC,ITC3,7,Liguria,Liguria,1550640,1314487,84.77,0.12
3281,2021-02-10,LIG,2323,839,1484,1015,1304,4,ITC,ITC3,7,Liguria,Liguria,1550640,1316810,84.92,0.15
3282,2021-07-19,LIG,12108,6036,6072,3357,8694,57,ITC,ITC3,7,Liguria,Liguria,1550640,1328918,85.7,0.78
3283,2021-08-05,LIG,14221,7348,6873,4113,10035,73,ITC,ITC3,7,Liguria,Liguria,1550640,1343139,86.62,0.92
3284,2021-04-27,LIG,14820,6700,8120,7149,7605,66,ITC,ITC3,7,Liguria,Liguria,1550640,1357959,87.57,0.96
3285,2021-02-03,LIG,2320,792,1528,51,2269,0,ITC,ITC3,7,Liguria,Liguria,1550640,1360279,87.72,0.15
3286,2021-07-21,LIG,19199,9517,9682,3826,15308,65,ITC,ITC3,7,Liguria,Liguria,1550640,1379478,88.96,1.24
3287,2021-04-29,LIG,15591,6982,8609,6648,8852,91,ITC,ITC3,7,Liguria,Liguria,1550640,1395069,89.97,1.01
3288,2021-04-12,LIG,12392,5477,6915,10277,2021,94,ITC,ITC3,7,Liguria,Liguria,1550640,1407461,90.77,0.8
3289,2021-01-19,LIG,1376,441,935,1282,90,4,ITC,ITC3,7,Liguria,Liguria,1550640,1408837,90.86,0.09
3290,2021-02-15,LIG,2264,839,1425,1854,399,11,ITC,ITC3,7,Liguria,Liguria,1550640,1411101,91.0,0.15
3291,2021-01-03,LIG,737,232,505,735,0,2,ITC,ITC3,7,Liguria,Liguria,1550640,1411838,91.05,0.05
3292,2021-05-11,LIG,13939,6400,7539,7199,6629,111,ITC,ITC3,7,Liguria,Liguria,1550640,1425777,91.95,0.9
3293,2021-03-29,LIG,10592,4627,5965,7362,3135,95,ITC,ITC3,7,Liguria,Liguria,1550640,1436369,92.63,0.68
3294,2021-01-31,LIG,624,270,354,4,620,0,ITC,ITC3,7,Liguria,Liguria,1550640,1436993,92.67,0.04
3295,2021-07-07,LIG,11781,5647,6134,4938,6779,64,ITC,ITC3,7,Liguria,Liguria,1550640,1448774,93.43,0.76
3296,2021-08-16,LIG,9907,5125,4782,3773,6040,94,ITC,ITC3,7,Liguria,Liguria,1550640,1458681,94.07,0.64
3297,2021-03-15,LIG,7369,3120,4249,4505,2818,46,ITC,ITC3,7,Liguria,Liguria,1550640,1466050,94.54,0.48
3298,2021-08-14,LIG,3198,1707,1491,895,2288,15,ITC,ITC3,7,Liguria,Liguria,1550640,1469248,94.75,0.21
3299,2021-03-18,LIG,4989,2124,2865,1977,2982,30,ITC,ITC3,7,Liguria,Liguria,1550640,1474237,95.07,0.32
3300,2021-04-01,LIG,12440,5518,6922,9586,2777,77,ITC,ITC3,7,Liguria,Liguria,1550640,1486677,95.88,0.8
3301,2021-06-08,LIG,18115,9036,9079,11409,6650,56,ITC,ITC3,7,Liguria,Liguria,1550640,1504792,97.04,1.17
3302,2021-03-17,LIG,5558,2371,3187,2455,3084,19,ITC,ITC3,7,Liguria,Liguria,1550640,1510350,97.4,0.36
3303,2021-06-25,LIG,13852,6622,7230,6880,6920,52,ITC,ITC3,7,Liguria,Liguria,1550640,1524202,98.3,0.89
3304,2021-07-14,LIG,11522,5670,5852,3437,8028,57,ITC,ITC3,7,Liguria,Liguria,1550640,1535724,99.04,0.74
3305,2021-07-28,LIG,18457,9506,8951,5809,12533,115,ITC,ITC3,7,Liguria,Liguria,1550640,1554181,100.23,1.19
3306,2021-05-06,LIG,14541,6446,8095,6074,8339,128,ITC,ITC3,7,Liguria,Liguria,1550640,1568722,101.17,0.94
3307,2021-02-05,LIG,2740,994,1746,299,2440,1,ITC,ITC3,7,Liguria,Liguria,1550640,1571462,101.34,0.18
3308,2021-03-24,LIG,9189,4035,5154,5819,3290,80,ITC,ITC3,7,Liguria,Liguria,1550640,1580651,101.94,0.59
3309,2021-07-02,LIG,12985,6374,6611,6401,6510,74,ITC,ITC3,7,Liguria,Liguria,1550640,1593636,102.77,0.84
3310,2020-12-31,LIG,990,353,637,990,0,0,ITC,ITC3,7,Liguria,Liguria,1550640,1594626,102.84,0.06
3311,2021-03-27,LIG,3934,1549,2385,2513,1397,24,ITC,ITC3,7,Liguria,Liguria,1550640,1598560,103.09,0.25
3312,2021-07-05,LIG,11921,5776,6145,5335,6525,61,ITC,ITC3,7,Liguria,Liguria,1550640,1610481,103.86,0.77
3313,2021-04-13,LIG,13086,5872,7214,10949,2026,111,ITC,ITC3,7,Liguria,Liguria,1550640,1623567,104.7,0.84
3314,2021-08-21,LIG,3055,1662,1393,901,2113,41,ITC,ITC3,7,Liguria,Liguria,1550640,1626622,104.9,0.2
3315,2021-04-10,LIG,7894,3563,4331,6905,914,75,ITC,ITC3,7,Liguria,Liguria,1550640,1634516,105.41,0.51
3316,2021-01-17,LIG,866,301,565,865,0,1,ITC,ITC3,7,Liguria,Liguria,1550640,1635382,105.46,0.06
3317,2021-01-26,LIG,2490,809,1681,16,2474,0,ITC,ITC3,7,Liguria,Liguria,1550640,1637872,105.63,0.16
3318,2021-05-13,LIG,13330,6094,7236,8902,4272,156,ITC,ITC3,7,Liguria,Liguria,1550640,1651202,106.49,0.86
3319,2021-02-19,LIG,3222,1307,1915,3032,176,14,ITC,ITC3,7,Liguria,Liguria,1550640,1654424,106.69,0.21
3320,2021-05-30,LIG,3304,1612,1692,1338,1946,20,ITC,ITC3,7,Liguria,Liguria,1550640,1657728,106.91,0.21
3321,2021-08-23,LIG,10512,5484,5028,3530,6900,82,ITC,ITC3,7,Liguria,Liguria,1550640,1668240,107.58,0.68
3322,2021-06-01,LIG,16348,8231,8117,10930,5374,44,ITC,ITC3,7,Liguria,Liguria,1550640,1684588,108.64,1.05
3323,2021-06-18,LIG,15422,7507,7915,8139,7220,63,ITC,ITC3,7,Liguria,Liguria,1550640,1700010,109.63,0.99
3324,2021-07-26,LIG,17637,9000,8637,4707,12840,90,ITC,ITC3,7,Liguria,Liguria,1550640,1717647,110.77,1.14
3325,2021-01-07,LIG,3227,1096,2131,3224,0,3,ITC,ITC3,7,Liguria,Liguria,1550640,1720874,110.98,0.21
3326,2021-06-13,LIG,5635,2703,2932,5150,456,29,ITC,ITC3,7,Liguria,Liguria,1550640,1726509,111.34,0.36
3327,2021-04-17,LIG,7392,3219,4173,6584,753,55,ITC,ITC3,7,Liguria,Liguria,1550640,1733901,111.82,0.48
3328,2021-05-01,LIG,7152,3259,3893,1314,5808,30,ITC,ITC3,7,Liguria,Liguria,1550640,1741053,112.28,0.46
3329,2021-03-05,LIG,4873,2153,2720,3692,1135,46,ITC,ITC3,7,Liguria,Liguria,1550640,1745926,112.59,0.31
3330,2021-08-09,LIG,11975,6082,5893,4346,7518,111,ITC,ITC3,7,Liguria,Liguria,1550640,1757901,113.37,0.77
3331,2021-03-10,LIG,5923,2869,3054,3952,1916,55,ITC,ITC3,7,Liguria,Liguria,1550640,1763824,113.75,0.38
3332,2021-06-06,LIG,3815,2032,1783,2943,862,10,ITC,ITC3,7,Liguria,Liguria,1550640,1767639,113.99,0.25
3333,2021-04-24,LIG,8220,3797,4423,4985,3154,81,ITC,ITC3,7,Liguria,Liguria,1550640,1775859,114.52,0.53
3334,2021-02-26,LIG,3770,1525,2245,3416,329,25,ITC,ITC3,7,Liguria,Liguria,1550640,1779629,114.77,0.24
3335,2021-08-02,LIG,13079,6501,6578,2964,10045,70,ITC,ITC3,7,Liguria,Liguria,1550640,1792708,115.61,0.84
3336,2021-06-20,LIG,1335,658,677,1049,275,11,ITC,ITC3,7,Liguria,Liguria,1550640,1794043,115.7,0.09
3337,2021-04-23,LIG,14698,6653,8045,8460,6130,108,ITC,ITC3,7,Liguria,Liguria,1550640,1808741,116.64,0.95
3338,2021-03-11,LIG,6413,3100,3313,4350,2013,50,ITC,ITC3,7,Liguria,Liguria,1550640,1815154,117.06,0.41
3339,2021-01-13,LIG,2760,1015,1745,2759,0,1,ITC,ITC3,7,Liguria,Liguria,1550640,1817914,117.24,0.18
3340,2021-01-04,LIG,2624,857,1767,2623,0,1,ITC,ITC3,7,Liguria,Liguria,1550640,1820538,117.41,0.17
3341,2021-08-03,LIG,14122,7215,6907,3980,10057,85,ITC,ITC3,7,Liguria,Liguria,1550640,1834660,118.32,0.91
3342,2021-06-21,LIG,14846,7041,7805,8529,6252,65,ITC,ITC3,7,Liguria,Liguria,1550640,1849506,119.27,0.96
3343,2021-04-16,LIG,12010,5294,6716,10022,1832,156,ITC,ITC3,7,Liguria,Liguria,1550640,1861516,120.05,0.77
3344,2021-01-06,LIG,1666,618,1048,1664,0,2,ITC,ITC3,7,Liguria,Liguria,1550640,1863182,120.16,0.11
3345,2021-06-28,LIG,11621,5621,6000,7239,4308,74,ITC,ITC3,7,Liguria,Liguria,1550640,1874803,120.91,0.75
3346,2021-03-20,LIG,2315,994,1321,1128,1174,13,ITC,ITC3,7,Liguria,Liguria,1550640,1877118,121.05,0.15
3347,2021-08-26,LIG,8998,4700,4298,2613,6327,58,ITC,ITC3,7,Liguria,Liguria,1550640,1886116,121.63,0.58
3348,2021-06-30,LIG,15093,7202,7891,8212,6811,70,ITC,ITC3,7,Liguria,Liguria,1550640,1901209,122.61,0.97
3349,2021-01-15,LIG,2264,756,1508,2259,0,5,ITC,ITC3,7,Liguria,Liguria,1550640,1903473,122.75,0.15
3350,2021-04-25,LIG,1936,921,1015,1509,415,12,ITC,ITC3,7,Liguria,Liguria,1550640,1905409,122.88,0.12
3351,2021-03-13,LIG,3851,1638,2213,2963,858,30,ITC,ITC3,7,Liguria,Liguria,1550640,1909260,123.13,0.25
3352,2021-06-23,LIG,14349,6863,7486,9074,5207,68,ITC,ITC3,7,Liguria,Liguria,1550640,1923609,124.05,0.93
3353,2021-02-14,LIG,233,122,111,233,0,0,ITC,ITC3,7,Liguria,Liguria,1550640,1923842,124.07,0.02
3354,2021-05-25,LIG,14278,6960,7318,10960,3193,125,ITC,ITC3,7,Liguria,Liguria,1550640,1938120,124.99,0.92
3355,2021-03-22,LIG,7757,3475,4282,4742,2942,73,ITC,ITC3,7,Liguria,Liguria,1550640,1945877,125.49,0.5
3356,2021-02-07,LIG,407,153,254,2,405,0,ITC,ITC3,7,Liguria,Liguria,1550640,1946284,125.51,0.03
3357,2021-05-18,LIG,13502,6136,7366,10065,3313,124,ITC,ITC3,7,Liguria,Liguria,1550640,1959786,126.39,0.87
3358,2021-05-20,LIG,12950,6010,6940,8791,4038,121,ITC,ITC3,7,Liguria,Liguria,1550640,1972736,127.22,0.84
3359,2021-06-20,PAB,5247,2853,2394,621,4602,24,ITH,ITH1,4,Provincia Autonoma Bolzano / Bozen,P.A. Bolzano,533050,5247,0.98,0.98
3360,2021-02-07,PAB,2680,1186,1494,330,2350,0,ITH,ITH1,4,Provincia Autonoma Bolzano / Bozen,P.A. Bolzano,533050,7927,1.49,0.5
3361,2021-05-18,PAB,3364,1765,1599,2091,1191,82,ITH,ITH1,4,Provincia Autonoma Bolzano / Bozen,P.A. Bolzano,533050,11291,2.12,0.63
3362,2021-07-16,PAB,4511,2448,2063,1072,3319,120,ITH,ITH1,4,Provincia Autonoma Bolzano / Bozen,P.A. Bolzano,533050,15802,2.96,0.85
3363,2021-04-24,PAB,5119,2458,2661,4632,487,0,ITH,ITH1,4,Provincia Autonoma Bolzano / Bozen,P.A. Bolzano,533050,20921,3.92,0.96
3364,2021-08-02,PAB,2131,1277,854,1167,875,89,ITH,ITH1,4,Provincia Autonoma Bolzano / Bozen,P.A. Bolzano,533050,23052,4.32,0.4
3365,2021-07-14,PAB,872,452,420,481,361,30,ITH,ITH1,4,Provincia Autonoma Bolzano / Bozen,P.A. Bolzano,533050,23924,4.49,0.16
3366,2021-04-05,PAB,304,147,157,24,280,0,ITH,ITH1,4,Provincia Autonoma Bolzano / Bozen,P.A. Bolzano,533050,24228,4.55,0.06
3367,2021-06-27,PAB,4429,2315,2114,591,3810,28,ITH,ITH1,4,Provincia Autonoma Bolzano / Bozen,P.A. Bolzano,533050,28657,5.38,0.83
3368,2021-01-12,PAB,1710,460,1250,1710,0,0,ITH,ITH1,4,Provincia Autonoma Bolzano / Bozen,P.A. Bolzano,533050,30367,5.7,0.32
3369,2021-05-20,PAB,4974,2502,2472,3345,1479,150,ITH,ITH1,4,Provincia Autonoma Bolzano / Bozen,P.A. Bolzano,533050,35341,6.63,0.93
3370,2021-08-11,PAB,1195,599,596,710,485,0,ITH,ITH1,4,Provincia Autonoma Bolzano / Bozen,P.A. Bolzano,533050,36536,6.85,0.22
3371,2021-07-09,PAB,5225,2612,2613,917,4167,141,ITH,ITH1,4,Provincia Autonoma Bolzano / Bozen,P.A. Bolzano,533050,41761,7.83,0.98
3372,2021-03-31,PAB,1835,695,1140,821,1014,0,ITH,ITH1,4,Provincia Autonoma Bolzano / Bozen,P.A. Bolzano,533050,43596,8.18,0.34
3373,2021-03-22,PAB,1159,527,632,1124,17,18,ITH,ITH1,4,Provincia Autonoma Bolzano / Bozen,P.A. Bolzano,533050,44755,8.4,0.22
3374,2021-02-12,PAB,730,217,513,482,248,0,ITH,ITH1,4,Provincia Autonoma Bolzano / Bozen,P.A. Bolzano,533050,45485,8.53,0.14
3375,2021-04-10,PAB,5416,2673,2743,4826,590,0,ITH,ITH1,4,Provincia Autonoma Bolzano / Bozen,P.A. Bolzano,533050,50901,9.55,1.02
3376,2020-12-31,PAB,929,528,401,929,0,0,ITH,ITH1,4,Provincia Autonoma Bolzano / Bozen,P.A. Bolzano,533050,51830,9.72,0.17
3377,2021-04-19,PAB,1876,860,1016,1694,182,0,ITH,ITH1,4,Provincia Autonoma Bolzano / Bozen,P.A. Bolzano,533050,53706,10.08,0.35
3378,2021-06-15,PAB,2045,1184,861,481,1534,30,ITH,ITH1,4,Provincia Autonoma Bolzano / Bozen,P.A. Bolzano,533050,55751,10.46,0.38
3379,2021-07-28,PAB,1437,784,653,881,495,61,ITH,ITH1,4,Provincia Autonoma Bolzano / Bozen,P.A. Bolzano,533050,57188,10.73,0.27
3380,2021-01-26,PAB,810,291,519,1,809,0,ITH,ITH1,4,Provincia Autonoma Bolzano / Bozen,P.A. Bolzano,533050,57998,10.88,0.15
3381,2021-07-02,PAB,3202,1658,1544,857,2172,173,ITH,ITH1,4,Provincia Autonoma Bolzano / Bozen,P.A. Bolzano,533050,61200,11.48,0.6
3382,2021-03-24,PAB,2066,1001,1065,2048,13,5,ITH,ITH1,4,Provincia Autonoma Bolzano / Bozen,P.A. Bolzano,533050,63266,11.87,0.39
3383,2021-03-10,PAB,1277,537,740,1133,144,0,ITH,ITH1,4,Provincia Autonoma Bolzano / Bozen,P.A. Bolzano,533050,64543,12.11,0.24
3384,2021-05-06,PAB,5191,2752,2439,2374,2571,246,ITH,ITH1,4,Provincia Autonoma Bolzano / Bozen,P.A. Bolzano,533050,69734,13.08,0.97
3385,2021-08-23,PAB,2127,1202,925,801,1326,0,ITH,ITH1,4,Provincia Autonoma Bolzano / Bozen,P.A. Bolzano,533050,71861,13.48,0.4
3386,2021-06-06,PAB,4553,2189,2364,811,3693,49,ITH,ITH1,4,Provincia Autonoma Bolzano / Bozen,P.A. Bolzano,533050,76414,14.34,0.85
3387,2021-02-26,PAB,1528,551,977,1498,30,0,ITH,ITH1,4,Provincia Autonoma Bolzano / Bozen,P.A. Bolzano,533050,77942,14.62,0.29
3388,2021-06-01,PAB,3676,2384,1292,2061,1478,137,ITH,ITH1,4,Provincia Autonoma Bolzano / Bozen,P.A. Bolzano,533050,81618,15.31,0.69
3389,2021-02-19,PAB,2252,512,1740,2241,11,0,ITH,ITH1,4,Provincia Autonoma Bolzano / Bozen,P.A. Bolzano,533050,83870,15.73,0.42
3390,2021-08-09,PAB,1540,859,681,1126,414,0,ITH,ITH1,4,Provincia Autonoma Bolzano / Bozen,P.A. Bolzano,533050,85410,16.02,0.29
3391,2021-05-01,PAB,2105,1067,1038,1815,160,130,ITH,ITH1,4,Provincia Autonoma Bolzano / Bozen,P.A. Bolzano,533050,87515,16.42,0.39
3392,2021-03-12,PAB,1667,735,932,1252,413,2,ITH,ITH1,4,Provincia Autonoma Bolzano / Bozen,P.A. Bolzano,533050,89182,16.73,0.31
3393,2021-03-29,PAB,1172,500,672,412,760,0,ITH,ITH1,4,Provincia Autonoma Bolzano / Bozen,P.A. Bolzano,533050,90354,16.95,0.22
3394,2021-06-29,PAB,1882,1016,866,246,1616,20,ITH,ITH1,4,Provincia Autonoma Bolzano / Bozen,P.A. Bolzano,533050,92236,17.3,0.35
3395,2021-07-23,PAB,4357,2376,1981,1709,2391,257,ITH,ITH1,4,Provincia Autonoma Bolzano / Bozen,P.A. Bolzano,533050,96593,18.12,0.82
3396,2021-01-05,PAB,830,286,544,829,0,1,ITH,ITH1,4,Provincia Autonoma Bolzano / Bozen,P.A. Bolzano,533050,97423,18.28,0.16
3397,2021-01-23,PAB,197,117,80,0,197,0,ITH,ITH1,4,Provincia Autonoma Bolzano / Bozen,P.A. Bolzano,533050,97620,18.31,0.04
3398,2021-08-25,PAB,2711,1437,1274,802,1909,0,ITH,ITH1,4,Provincia Autonoma Bolzano / Bozen,P.A. Bolzano,533050,100331,18.82,0.51
3399,2021-05-03,PAB,1838,851,987,398,1419,21,ITH,ITH1,4,Provincia Autonoma Bolzano / Bozen,P.A. Bolzano,533050,102169,19.17,0.34
3400,2021-03-05,PAB,1843,627,1216,1397,443,3,ITH,ITH1,4,Provincia Autonoma Bolzano / Bozen,P.A. Bolzano,533050,104012,19.51,0.35
3401,2021-05-27,PAB,6209,3275,2934,3913,2014,282,ITH,ITH1,4,Provincia Autonoma Bolzano / Bozen,P.A. Bolzano,533050,110221,20.68,1.16
3402,2021-06-13,PAB,3689,2055,1634,453,3197,39,ITH,ITH1,4,Provincia Autonoma Bolzano / Bozen,P.A. Bolzano,533050,113910,21.37,0.69
3403,2021-05-25,PAB,3897,2023,1874,2909,888,100,ITH,ITH1,4,Provincia Autonoma Bolzano / Bozen,P.A. Bolzano,533050,117807,22.1,0.73
3404,2021-02-14,PAB,299,131,168,297,2,0,ITH,ITH1,4,Provincia Autonoma Bolzano / Bozen,P.A. Bolzano,533050,118106,22.16,0.06
3405,2021-08-16,PAB,1959,1113,846,877,1082,0,ITH,ITH1,4,Provincia Autonoma Bolzano / Bozen,P.A. Bolzano,533050,120065,22.52,0.37
3406,2021-05-08,PAB,4430,2383,2047,3575,664,191,ITH,ITH1,4,Provincia Autonoma Bolzano / Bozen,P.A. Bolzano,533050,124495,23.36,0.83
3407,2021-03-03,PAB,1181,395,786,1168,13,0,ITH,ITH1,4,Provincia Autonoma Bolzano / Bozen,P.A. Bolzano,533050,125676,23.58,0.22
3408,2021-03-17,PAB,581,213,368,580,1,0,ITH,ITH1,4,Provincia Autonoma Bolzano / Bozen,P.A. Bolzano,533050,126257,23.69,0.11
3409,2021-08-21,PAB,1703,916,787,629,1074,0,ITH,ITH1,4,Provincia Autonoma Bolzano / Bozen,P.A. Bolzano,533050,127960,24.01,0.32
3410,2021-05-13,PAB,3005,1360,1645,1023,1934,48,ITH,ITH1,4,Provincia Autonoma Bolzano / Bozen,P.A. Bolzano,533050,130965,24.57,0.56
3411,2021-04-29,PAB,2638,1356,1282,1942,696,0,ITH,ITH1,4,Provincia Autonoma Bolzano / Bozen,P.A. Bolzano,533050,133603,25.06,0.49
3412,2021-04-17,PAB,5255,2609,2646,5211,44,0,ITH,ITH1,4,Provincia Autonoma Bolzano / Bozen,P.A. Bolzano,533050,138858,26.05,0.99
3413,2021-01-07,PAB,921,329,592,921,0,0,ITH,ITH1,4,Provincia Autonoma Bolzano / Bozen,P.A. Bolzano,533050,139779,26.22,0.17
3414,2021-07-21,PAB,3219,1881,1338,536,2644,39,ITH,ITH1,4,Provincia Autonoma Bolzano / Bozen,P.A. Bolzano,533050,142998,26.83,0.6
3415,2021-04-12,PAB,2110,948,1162,2104,6,0,ITH,ITH1,4,Provincia Autonoma Bolzano / Bozen,P.A. Bolzano,533050,145108,27.22,0.4
3416,2021-01-24,PAB,12,10,2,0,12,0,ITH,ITH1,4,Provincia Autonoma Bolzano / Bozen,P.A. Bolzano,533050,145120,27.22,0.0
3417,2021-07-04,PAB,4420,2131,2289,160,4232,28,ITH,ITH1,4,Provincia Autonoma Bolzano / Bozen,P.A. Bolzano,533050,149540,28.05,0.83
3418,2021-08-04,PAB,3809,2015,1794,2723,978,108,ITH,ITH1,4,Provincia Autonoma Bolzano / Bozen,P.A. Bolzano,533050,153349,28.77,0.71
3419,2021-06-08,PAB,4259,2179,2080,890,3341,28,ITH,ITH1,4,Provincia Autonoma Bolzano / Bozen,P.A. Bolzano,533050,157608,29.57,0.8
3420,2021-08-08,PAB,1867,1020,847,1010,852,5,ITH,ITH1,4,Provincia Autonoma Bolzano / Bozen,P.A. Bolzano,533050,159475,29.92,0.35
3421,2021-01-21,PAB,969,452,517,140,829,0,ITH,ITH1,4,Provincia Autonoma Bolzano / Bozen,P.A. Bolzano,533050,160444,30.1,0.18
3422,2021-07-25,PAB,1891,1127,764,665,1146,80,ITH,ITH1,4,Provincia Autonoma Bolzano / Bozen,P.A. Bolzano,533050,162335,30.45,0.35
3423,2021-03-21,PAB,769,286,483,15,754,0,ITH,ITH1,4,Provincia Autonoma Bolzano / Bozen,P.A. Bolzano,533050,163104,30.6,0.14
3424,2021-06-12,PAB,5079,2754,2325,1675,3289,115,ITH,ITH1,4,Provincia Autonoma Bolzano / Bozen,P.A. Bolzano,533050,168183,31.55,0.95
3425,2021-01-14,PAB,1952,578,1374,1952,0,0,ITH,ITH1,4,Provincia Autonoma Bolzano / Bozen,P.A. Bolzano,533050,170135,31.92,0.37
3426,2021-04-07,PAB,1803,825,978,1262,541,0,ITH,ITH1,4,Provincia Autonoma Bolzano / Bozen,P.A. Bolzano,533050,171938,32.26,0.34
3427,2021-03-02,PAB,696,200,496,694,2,0,ITH,ITH1,4,Provincia Autonoma Bolzano / Bozen,P.A. Bolzano,533050,172634,32.39,0.13
3428,2021-03-19,PAB,1921,777,1144,801,1120,0,ITH,ITH1,4,Provincia Autonoma Bolzano / Bozen,P.A. Bolzano,533050,174555,32.75,0.36
3429,2021-02-23,PAB,769,324,445,763,6,0,ITH,ITH1,4,Provincia Autonoma Bolzano / Bozen,P.A. Bolzano,533050,175324,32.89,0.14
3430,2021-05-17,PAB,3154,1525,1629,2287,697,170,ITH,ITH1,4,Provincia Autonoma Bolzano / Bozen,P.A. Bolzano,533050,178478,33.48,0.59
3431,2021-06-03,PAB,4890,2663,2227,3690,972,228,ITH,ITH1,4,Provincia Autonoma Bolzano / Bozen,P.A. Bolzano,533050,183368,34.4,0.92
3432,2021-07-06,PAB,1721,925,796,694,982,45,ITH,ITH1,4,Provincia Autonoma Bolzano / Bozen,P.A. Bolzano,533050,185089,34.72,0.32
3433,2021-06-22,PAB,2471,1423,1048,319,2126,26,ITH,ITH1,4,Provincia Autonoma Bolzano / Bozen,P.A. Bolzano,533050,187560,35.19,0.46
3434,2021-03-14,PAB,758,336,422,25,733,0,ITH,ITH1,4,Provincia Autonoma Bolzano / Bozen,P.A. Bolzano,533050,188318,35.33,0.14
3435,2021-04-14,PAB,3603,1650,1953,3508,95,0,ITH,ITH1,4,Provincia Autonoma Bolzano / Bozen,P.A. Bolzano,533050,191921,36.0,0.68
3436,2021-03-07,PAB,440,150,290,19,420,1,ITH,ITH1,4,Provincia Autonoma Bolzano / Bozen,P.A. Bolzano,533050,192361,36.09,0.08
3437,2021-07-30,PAB,5291,2835,2456,3398,1541,352,ITH,ITH1,4,Provincia Autonoma Bolzano / Bozen,P.A. Bolzano,533050,197652,37.08,0.99
3438,2021-04-21,PAB,3016,1469,1547,2169,847,0,ITH,ITH1,4,Provincia Autonoma Bolzano / Bozen,P.A. Bolzano,533050,200668,37.65,0.57
3439,2021-06-24,PAB,3942,2040,1902,1570,2200,172,ITH,ITH1,4,Provincia Autonoma Bolzano / Bozen,P.A. Bolzano,533050,204610,38.38,0.74
3440,2021-01-09,PAB,612,326,286,612,0,0,ITH,ITH1,4,Provincia Autonoma Bolzano / Bozen,P.A. Bolzano,533050,205222,38.5,0.11
3441,2021-06-17,PAB,1773,982,791,623,1078,72,ITH,ITH1,4,Provincia Autonoma Bolzano / Bozen,P.A. Bolzano,533050,206995,38.83,0.33
3442,2021-01-02,PAB,91,48,43,91,0,0,ITH,ITH1,4,Provincia Autonoma Bolzano / Bozen,P.A. Bolzano,533050,207086,38.85,0.02
3443,2021-06-26,PAB,4547,2330,2217,1365,3076,106,ITH,ITH1,4,Provincia Autonoma Bolzano / Bozen,P.A. Bolzano,533050,211633,39.7,0.85
3444,2021-01-19,PAB,853,371,482,723,130,0,ITH,ITH1,4,Provincia Autonoma Bolzano / Bozen,P.A. Bolzano,533050,212486,39.86,0.16
3445,2021-06-25,PAB,4179,2308,1871,1026,3014,139,ITH,ITH1,4,Provincia Autonoma Bolzano / Bozen,P.A. Bolzano,533050,216665,40.65,0.78
3446,2021-02-09,PAB,317,126,191,1,316,0,ITH,ITH1,4,Provincia Autonoma Bolzano / Bozen,P.A. Bolzano,533050,216982,40.71,0.06
3447,2021-07-13,PAB,3383,1732,1651,1325,1930,128,ITH,ITH1,4,Provincia Autonoma Bolzano / Bozen,P.A. Bolzano,533050,220365,41.34,0.63
3448,2021-03-18,PAB,1302,531,771,226,1076,0,ITH,ITH1,4,Provincia Autonoma Bolzano / Bozen,P.A. Bolzano,533050,221667,41.58,0.24
3449,2021-08-22,PAB,991,544,447,306,685,0,ITH,ITH1,4,Provincia Autonoma Bolzano / Bozen,P.A. Bolzano,533050,222658,41.77,0.19
3450,2021-05-14,PAB,5145,2323,2822,2904,2044,197,ITH,ITH1,4,Provincia Autonoma Bolzano / Bozen,P.A. Bolzano,533050,227803,42.74,0.97
3451,2021-03-16,PAB,1290,532,758,124,1166,0,ITH,ITH1,4,Provincia Autonoma Bolzano / Bozen,P.A. Bolzano,533050,229093,42.98,0.24
3452,2021-05-12,PAB,3805,2063,1742,3422,154,229,ITH,ITH1,4,Provincia Autonoma Bolzano / Bozen,P.A. Bolzano,533050,232898,43.69,0.71
3453,2021-02-01,PAB,1465,448,1017,14,1451,0,ITH,ITH1,4,Provincia Autonoma Bolzano / Bozen,P.A. Bolzano,533050,234363,43.97,0.27
3454,2021-05-15,PAB,7019,3695,3324,6335,294,390,ITH,ITH1,4,Provincia Autonoma Bolzano / Bozen,P.A. Bolzano,533050,241382,45.28,1.32
3455,2021-02-04,PAB,1965,596,1369,8,1957,0,ITH,ITH1,4,Provincia Autonoma Bolzano / Bozen,P.A. Bolzano,533050,243347,45.65,0.37
3456,2021-07-11,PAB,6075,3094,2981,1092,4879,104,ITH,ITH1,4,Provincia Autonoma Bolzano / Bozen,P.A. Bolzano,533050,249422,46.79,1.14
3457,2021-04-02,PAB,2090,841,1249,701,1357,32,ITH,ITH1,4,Provincia Autonoma Bolzano / Bozen,P.A. Bolzano,533050,251512,47.18,0.39
3458,2021-05-29,PAB,7340,3907,3433,4043,3144,153,ITH,ITH1,4,Provincia Autonoma Bolzano / Bozen,P.A. Bolzano,533050,258852,48.56,1.38
3459,2021-03-26,PAB,1663,737,926,524,1137,2,ITH,ITH1,4,Provincia Autonoma Bolzano / Bozen,P.A. Bolzano,533050,260515,48.87,0.31
3460,2021-04-09,PAB,2942,1303,1639,2212,730,0,ITH,ITH1,4,Provincia Autonoma Bolzano / Bozen,P.A. Bolzano,533050,263457,49.42,0.55
3461,2021-05-22,PAB,6843,3571,3272,4479,2168,196,ITH,ITH1,4,Provincia Autonoma Bolzano / Bozen,P.A. Bolzano,533050,270300,50.71,1.28
3462,2021-02-11,PAB,1094,432,662,239,855,0,ITH,ITH1,4,Provincia Autonoma Bolzano / Bozen,P.A. Bolzano,533050,271394,50.91,0.21
3463,2021-07-18,PAB,1867,1033,834,648,1150,69,ITH,ITH1,4,Provincia Autonoma Bolzano / Bozen,P.A. Bolzano,533050,273261,51.26,0.35
3464,2021-07-01,PAB,4637,2304,2333,1312,3166,159,ITH,ITH1,4,Provincia Autonoma Bolzano / Bozen,P.A. Bolzano,533050,277898,52.13,0.87
3465,2021-03-04,PAB,1720,1010,710,1487,229,4,ITH,ITH1,4,Provincia Autonoma Bolzano / Bozen,P.A. Bolzano,533050,279618,52.46,0.32
3466,2021-01-04,PAB,510,201,309,510,0,0,ITH,ITH1,4,Provincia Autonoma Bolzano / Bozen,P.A. Bolzano,533050,280128,52.55,0.1
3467,2021-08-20,PAB,3917,2064,1853,951,2966,0,ITH,ITH1,4,Provincia Autonoma Bolzano / Bozen,P.A. Bolzano,533050,284045,53.29,0.73
3468,2021-05-10,PAB,3029,1306,1723,1338,1611,80,ITH,ITH1,4,Provincia Autonoma Bolzano / Bozen,P.A. Bolzano,533050,287074,53.85,0.57
3469,2021-08-01,PAB,1315,758,557,711,550,54,ITH,ITH1,4,Provincia Autonoma Bolzano / Bozen,P.A. Bolzano,533050,288389,54.1,0.25
3470,2021-06-05,PAB,6086,3034,3052,4699,1097,290,ITH,ITH1,4,Provincia Autonoma Bolzano / Bozen,P.A. Bolzano,533050,294475,55.24,1.14
3471,2021-08-27,PAB,843,486,357,242,601,0,ITH,ITH1,4,Provincia Autonoma Bolzano / Bozen,P.A. Bolzano,533050,295318,55.4,0.16
3472,2021-04-30,PAB,3348,1599,1749,1570,1778,0,ITH,ITH1,4,Provincia Autonoma Bolzano / Bozen,P.A. Bolzano,533050,298666,56.03,0.63
3473,2021-01-20,PAB,619,254,365,410,209,0,ITH,ITH1,4,Provincia Autonoma Bolzano / Bozen,P.A. Bolzano,533050,299285,56.15,0.12
3474,2021-03-09,PAB,1194,543,651,1192,2,0,ITH,ITH1,4,Provincia Autonoma Bolzano / Bozen,P.A. Bolzano,533050,300479,56.37,0.22
3475,2021-05-23,PAB,4343,2305,2038,4141,8,194,ITH,ITH1,4,Provincia Autonoma Bolzano / Bozen,P.A. Bolzano,533050,304822,57.18,0.81
3476,2021-07-19,PAB,2781,1394,1387,625,2047,109,ITH,ITH1,4,Provincia Autonoma Bolzano / Bozen,P.A. Bolzano,533050,307603,57.71,0.52
3477,2021-02-03,PAB,1506,479,1027,5,1501,0,ITH,ITH1,4,Provincia Autonoma Bolzano / Bozen,P.A. Bolzano,533050,309109,57.99,0.28
3478,2021-02-10,PAB,1637,605,1032,27,1610,0,ITH,ITH1,4,Provincia Autonoma Bolzano / Bozen,P.A. Bolzano,533050,310746,58.3,0.31
3479,2021-05-21,PAB,7395,4064,3331,5230,1878,287,ITH,ITH1,4,Provincia Autonoma Bolzano / Bozen,P.A. Bolzano,533050,318141,59.68,1.39
3480,2021-02-02,PAB,1752,509,1243,8,1744,0,ITH,ITH1,4,Provincia Autonoma Bolzano / Bozen,P.A. Bolzano,533050,319893,60.01,0.33
3481,2021-07-20,PAB,3133,1730,1403,1404,1524,205,ITH,ITH1,4,Provincia Autonoma Bolzano / Bozen,P.A. Bolzano,533050,323026,60.6,0.59
3482,2021-02-18,PAB,1838,457,1381,1830,7,1,ITH,ITH1,4,Provincia Autonoma Bolzano / Bozen,P.A. Bolzano,533050,324864,60.94,0.34
3483,2021-07-29,PAB,1340,717,623,719,570,51,ITH,ITH1,4,Provincia Autonoma Bolzano / Bozen,P.A. Bolzano,533050,326204,61.2,0.25
3484,2021-05-31,PAB,3067,1514,1553,2086,867,114,ITH,ITH1,4,Provincia Autonoma Bolzano / Bozen,P.A. Bolzano,533050,329271,61.77,0.58
3485,2021-01-01,PAB,6,5,1,6,0,0,ITH,ITH1,4,Provincia Autonoma Bolzano / Bozen,P.A. Bolzano,533050,329277,61.77,0.0
3486,2021-06-07,PAB,2985,1553,1432,2524,323,138,ITH,ITH1,4,Provincia Autonoma Bolzano / Bozen,P.A. Bolzano,533050,332262,62.33,0.56
3487,2021-02-27,PAB,2458,759,1699,2448,10,0,ITH,ITH1,4,Provincia Autonoma Bolzano / Bozen,P.A. Bolzano,533050,334720,62.79,0.46
3488,2021-05-26,PAB,5020,2538,2482,2870,1978,172,ITH,ITH1,4,Provincia Autonoma Bolzano / Bozen,P.A. Bolzano,533050,339740,63.74,0.94
3489,2021-08-17,PAB,1244,688,556,854,390,0,ITH,ITH1,4,Provincia Autonoma Bolzano / Bozen,P.A. Bolzano,533050,340984,63.97,0.23
3490,2021-08-18,PAB,878,460,418,381,497,0,ITH,ITH1,4,Provincia Autonoma Bolzano / Bozen,P.A. Bolzano,533050,341862,64.13,0.16
3491,2021-02-16,PAB,530,205,325,530,0,0,ITH,ITH1,4,Provincia Autonoma Bolzano / Bozen,P.A. Bolzano,533050,342392,64.23,0.1
3492,2021-01-28,PAB,872,309,563,9,863,0,ITH,ITH1,4,Provincia Autonoma Bolzano / Bozen,P.A. Bolzano,533050,343264,64.4,0.16
3493,2021-04-25,PAB,3078,1501,1577,2406,672,0,ITH,ITH1,4,Provincia Autonoma Bolzano / Bozen,P.A. Bolzano,533050,346342,64.97,0.58
3494,2021-08-03,PAB,2942,1581,1361,1981,834,127,ITH,ITH1,4,Provincia Autonoma Bolzano / Bozen,P.A. Bolzano,533050,349284,65.53,0.55
3495,2021-01-13,PAB,1726,569,1157,1726,0,0,ITH,ITH1,4,Provincia Autonoma Bolzano / Bozen,P.A. Bolzano,533050,351010,65.85,0.32
3496,2021-01-30,PAB,498,245,253,4,494,0,ITH,ITH1,4,Provincia Autonoma Bolzano / Bozen,P.A. Bolzano,533050,351508,65.94,0.09
3497,2021-04-23,PAB,4554,2157,2397,3261,1293,0,ITH,ITH1,4,Provincia Autonoma Bolzano / Bozen,P.A. Bolzano,533050,356062,66.8,0.85
3498,2020-12-30,PAB,389,183,206,389,0,0,ITH,ITH1,4,Provincia Autonoma Bolzano / Bozen,P.A. Bolzano,533050,356451,66.87,0.07
3499,2021-06-09,PAB,3854,1912,1942,1262,2483,109,ITH,ITH1,4,Provincia Autonoma Bolzano / Bozen,P.A. Bolzano,533050,360305,67.59,0.72
3500,2021-03-01,PAB,924,223,701,923,1,0,ITH,ITH1,4,Provincia Autonoma Bolzano / Bozen,P.A. Bolzano,533050,361229,67.77,0.17
3501,2021-08-05,PAB,3466,1885,1581,1801,1577,88,ITH,ITH1,4,Provincia Autonoma Bolzano / Bozen,P.A. Bolzano,533050,364695,68.42,0.65
3502,2021-03-15,PAB,1194,452,742,711,482,1,ITH,ITH1,4,Provincia Autonoma Bolzano / Bozen,P.A. Bolzano,533050,365889,68.64,0.22
3503,2021-04-27,PAB,2234,1015,1219,1156,1078,0,ITH,ITH1,4,Provincia Autonoma Bolzano / Bozen,P.A. Bolzano,533050,368123,69.06,0.42
3504,2021-01-17,PAB,2329,1044,1285,2318,11,0,ITH,ITH1,4,Provincia Autonoma Bolzano / Bozen,P.A. Bolzano,533050,370452,69.5,0.44
3505,2021-06-23,PAB,1153,595,558,333,768,52,ITH,ITH1,4,Provincia Autonoma Bolzano / Bozen,P.A. Bolzano,533050,371605,69.71,0.22
3506,2021-04-20,PAB,1565,785,780,1562,3,0,ITH,ITH1,4,Provincia Autonoma Bolzano / Bozen,P.A. Bolzano,533050,373170,70.01,0.29
3507,2021-01-10,PAB,2,2,0,2,0,0,ITH,ITH1,4,Provincia Autonoma Bolzano / Bozen,P.A. Bolzano,533050,373172,70.01,0.0
3508,2021-06-16,PAB,3823,2028,1795,11,3807,5,ITH,ITH1,4,Provincia Autonoma Bolzano / Bozen,P.A. Bolzano,533050,376995,70.72,0.72
3509,2021-03-08,PAB,1211,534,677,1184,27,0,ITH,ITH1,4,Provincia Autonoma Bolzano / Bozen,P.A. Bolzano,533050,378206,70.95,0.23
3510,2021-08-12,PAB,3354,1716,1638,646,2706,2,ITH,ITH1,4,Provincia Autonoma Bolzano / Bozen,P.A. Bolzano,533050,381560,71.58,0.63
3511,2021-05-04,PAB,3452,1844,1608,2269,1038,145,ITH,ITH1,4,Provincia Autonoma Bolzano / Bozen,P.A. Bolzano,533050,385012,72.23,0.65
3512,2021-02-06,PAB,2633,1176,1457,19,2614,0,ITH,ITH1,4,Provincia Autonoma Bolzano / Bozen,P.A. Bolzano,533050,387645,72.72,0.49
3513,2021-06-21,PAB,3168,1615,1553,260,2868,40,ITH,ITH1,4,Provincia Autonoma Bolzano / Bozen,P.A. Bolzano,533050,390813,73.32,0.59
3514,2021-03-28,PAB,569,212,357,11,558,0,ITH,ITH1,4,Provincia Autonoma Bolzano / Bozen,P.A. Bolzano,533050,391382,73.42,0.11
3515,2021-08-10,PAB,1843,1012,831,1565,278,0,ITH,ITH1,4,Provincia Autonoma Bolzano / Bozen,P.A. Bolzano,533050,393225,73.77,0.35
3516,2021-06-04,PAB,6720,3386,3334,4950,1537,233,ITH,ITH1,4,Provincia Autonoma Bolzano / Bozen,P.A. Bolzano,533050,399945,75.03,1.26
3517,2021-02-24,PAB,1368,407,961,1356,12,0,ITH,ITH1,4,Provincia Autonoma Bolzano / Bozen,P.A. Bolzano,533050,401313,75.29,0.26
3518,2021-03-27,PAB,3053,1554,1499,1545,1508,0,ITH,ITH1,4,Provincia Autonoma Bolzano / Bozen,P.A. Bolzano,533050,404366,75.86,0.57
3519,2021-03-13,PAB,2886,1460,1426,2785,101,0,ITH,ITH1,4,Provincia Autonoma Bolzano / Bozen,P.A. Bolzano,533050,407252,76.4,0.54
3520,2021-02-05,PAB,3201,1186,2015,8,3193,0,ITH,ITH1,4,Provincia Autonoma Bolzano / Bozen,P.A. Bolzano,533050,410453,77.0,0.6
3521,2021-07-22,PAB,3734,1940,1794,1734,1788,212,ITH,ITH1,4,Provincia Autonoma Bolzano / Bozen,P.A. Bolzano,533050,414187,77.7,0.7
3522,2021-01-06,PAB,59,18,41,59,0,0,ITH,ITH1,4,Provincia Autonoma Bolzano / Bozen,P.A. Bolzano,533050,414246,77.71,0.01
3523,2021-03-30,PAB,1302,532,770,220,1082,0,ITH,ITH1,4,Provincia Autonoma Bolzano / Bozen,P.A. Bolzano,533050,415548,77.96,0.24
3524,2021-04-16,PAB,2958,1424,1534,2445,512,1,ITH,ITH1,4,Provincia Autonoma Bolzano / Bozen,P.A. Bolzano,533050,418506,78.51,0.55
3525,2021-07-08,PAB,5511,2783,2728,549,4887,75,ITH,ITH1,4,Provincia Autonoma Bolzano / Bozen,P.A. Bolzano,533050,424017,79.55,1.03
3526,2021-06-19,PAB,5664,3016,2648,555,5037,72,ITH,ITH1,4,Provincia Autonoma Bolzano / Bozen,P.A. Bolzano,533050,429681,80.61,1.06
3527,2021-06-14,PAB,2984,1617,1367,577,2361,46,ITH,ITH1,4,Provincia Autonoma Bolzano / Bozen,P.A. Bolzano,533050,432665,81.17,0.56
3528,2021-02-15,PAB,72,42,30,26,46,0,ITH,ITH1,4,Provincia Autonoma Bolzano / Bozen,P.A. Bolzano,533050,432737,81.18,0.01
3529,2021-08-19,PAB,1738,957,781,1125,613,0,ITH,ITH1,4,Provincia Autonoma Bolzano / Bozen,P.A. Bolzano,533050,434475,81.51,0.33
3530,2021-05-11,PAB,2854,1338,1516,1262,1523,69,ITH,ITH1,4,Provincia Autonoma Bolzano / Bozen,P.A. Bolzano,533050,437329,82.04,0.54
3531,2021-02-13,PAB,318,79,239,312,6,0,ITH,ITH1,4,Provincia Autonoma Bolzano / Bozen,P.A. Bolzano,533050,437647,82.1,0.06
3532,2021-04-11,PAB,2734,1301,1433,2556,178,0,ITH,ITH1,4,Provincia Autonoma Bolzano / Bozen,P.A. Bolzano,533050,440381,82.62,0.51
3533,2021-05-24,PAB,1459,769,690,1060,335,64,ITH,ITH1,4,Provincia Autonoma Bolzano / Bozen,P.A. Bolzano,533050,441840,82.89,0.27
3534,2021-02-20,PAB,1802,540,1262,1784,18,0,ITH,ITH1,4,Provincia Autonoma Bolzano / Bozen,P.A. Bolzano,533050,443642,83.23,0.34
3535,2021-07-27,PAB,3157,1885,1272,908,2181,68,ITH,ITH1,4,Provincia Autonoma Bolzano / Bozen,P.A. Bolzano,533050,446799,83.82,0.59
3536,2021-04-18,PAB,3116,1611,1505,2105,1011,0,ITH,ITH1,4,Provincia Autonoma Bolzano / Bozen,P.A. Bolzano,533050,449915,84.4,0.58
3537,2021-08-24,PAB,1965,1025,940,571,1394,0,ITH,ITH1,4,Provincia Autonoma Bolzano / Bozen,P.A. Bolzano,533050,451880,84.77,0.37
3538,2021-05-16,PAB,2029,935,1094,1285,694,50,ITH,ITH1,4,Provincia Autonoma Bolzano / Bozen,P.A. Bolzano,533050,453909,85.15,0.38
3539,2021-04-15,PAB,4410,2314,2096,4144,266,0,ITH,ITH1,4,Provincia Autonoma Bolzano / Bozen,P.A. Bolzano,533050,458319,85.98,0.83
3540,2021-07-24,PAB,4827,2847,1980,1387,3329,111,ITH,ITH1,4,Provincia Autonoma Bolzano / Bozen,P.A. Bolzano,533050,463146,86.89,0.91
3541,2021-05-02,PAB,2453,1284,1169,1431,915,107,ITH,ITH1,4,Provincia Autonoma Bolzano / Bozen,P.A. Bolzano,533050,465599,87.35,0.46
3542,2021-01-22,PAB,248,143,105,124,124,0,ITH,ITH1,4,Provincia Autonoma Bolzano / Bozen,P.A. Bolzano,533050,465847,87.39,0.05
3543,2021-03-11,PAB,1691,830,861,1146,538,7,ITH,ITH1,4,Provincia Autonoma Bolzano / Bozen,P.A. Bolzano,533050,467538,87.71,0.32
3544,2021-02-25,PAB,1498,549,949,1497,1,0,ITH,ITH1,4,Provincia Autonoma Bolzano / Bozen,P.A. Bolzano,533050,469036,87.99,0.28
3545,2021-06-02,PAB,1468,824,644,978,459,31,ITH,ITH1,4,Provincia Autonoma Bolzano / Bozen,P.A. Bolzano,533050,470504,88.27,0.28
3546,2021-02-08,PAB,2,1,1,1,1,0,ITH,ITH1,4,Provincia Autonoma Bolzano / Bozen,P.A. Bolzano,533050,470506,88.27,0.0
3547,2021-05-19,PAB,3886,1996,1890,1963,1789,134,ITH,ITH1,4,Provincia Autonoma Bolzano / Bozen,P.A. Bolzano,533050,474392,89.0,0.73
3548,2021-01-03,PAB,41,16,25,41,0,0,ITH,ITH1,4,Provincia Autonoma Bolzano / Bozen,P.A. Bolzano,533050,474433,89.0,0.01
3549,2021-04-13,PAB,2399,1134,1265,2392,7,0,ITH,ITH1,4,Provincia Autonoma Bolzano / Bozen,P.A. Bolzano,533050,476832,89.45,0.45
3550,2021-07-26,PAB,1627,939,688,1124,411,92,ITH,ITH1,4,Provincia Autonoma Bolzano / Bozen,P.A. Bolzano,533050,478459,89.76,0.31
3551,2021-02-22,PAB,526,143,383,514,12,0,ITH,ITH1,4,Provincia Autonoma Bolzano / Bozen,P.A. Bolzano,533050,478985,89.86,0.1
3552,2021-07-31,PAB,3168,1720,1448,2114,924,130,ITH,ITH1,4,Provincia Autonoma Bolzano / Bozen,P.A. Bolzano,533050,482153,90.45,0.59
3553,2021-01-29,PAB,1512,517,995,24,1488,0,ITH,ITH1,4,Provincia Autonoma Bolzano / Bozen,P.A. Bolzano,533050,483665,90.74,0.28
3554,2021-04-22,PAB,2938,1511,1427,1996,942,0,ITH,ITH1,4,Provincia Autonoma Bolzano / Bozen,P.A. Bolzano,533050,486603,91.29,0.55
3555,2021-05-09,PAB,4243,2410,1833,2934,1150,159,ITH,ITH1,4,Provincia Autonoma Bolzano / Bozen,P.A. Bolzano,533050,490846,92.08,0.8
3556,2021-01-11,PAB,1591,522,1069,1591,0,0,ITH,ITH1,4,Provincia Autonoma Bolzano / Bozen,P.A. Bolzano,533050,492437,92.38,0.3
3557,2021-07-15,PAB,4390,2316,2074,1513,2701,176,ITH,ITH1,4,Provincia Autonoma Bolzano / Bozen,P.A. Bolzano,533050,496827,93.2,0.82
3558,2021-04-06,PAB,2253,1120,1133,2151,102,0,ITH,ITH1,4,Provincia Autonoma Bolzano / Bozen,P.A. Bolzano,533050,499080,93.63,0.42
3559,2021-03-06,PAB,3976,2082,1894,3765,211,0,ITH,ITH1,4,Provincia Autonoma Bolzano / Bozen,P.A. Bolzano,533050,503056,94.37,0.75
3560,2021-05-28,PAB,7466,3942,3524,5368,1895,203,ITH,ITH1,4,Provincia Autonoma Bolzano / Bozen,P.A. Bolzano,533050,510522,95.77,1.4
3561,2021-02-17,PAB,156,51,105,139,17,0,ITH,ITH1,4,Provincia Autonoma Bolzano / Bozen,P.A. Bolzano,533050,510678,95.8,0.03
3562,2021-08-26,PAB,1940,968,972,715,1225,0,ITH,ITH1,4,Provincia Autonoma Bolzano / Bozen,P.A. Bolzano,533050,512618,96.17,0.36
3563,2021-07-07,PAB,1992,1033,959,601,1336,55,ITH,ITH1,4,Provincia Autonoma Bolzano / Bozen,P.A. Bolzano,533050,514610,96.54,0.37
3564,2021-07-17,PAB,3147,1801,1346,712,2351,84,ITH,ITH1,4,Provincia Autonoma Bolzano / Bozen,P.A. Bolzano,533050,517757,97.13,0.59
3565,2021-04-08,PAB,2794,1360,1434,2585,204,5,ITH,ITH1,4,Provincia Autonoma Bolzano / Bozen,P.A. Bolzano,533050,520551,97.66,0.52
3566,2020-12-27,PAB,144,65,79,144,0,0,ITH,ITH1,4,Provincia Autonoma Bolzano / Bozen,P.A. Bolzano,533050,520695,97.68,0.03
3567,2021-01-15,PAB,3288,1232,2056,3288,0,0,ITH,ITH1,4,Provincia Autonoma Bolzano / Bozen,P.A. Bolzano,533050,523983,98.3,0.62
3568,2021-08-14,PAB,2053,1118,935,784,1269,0,ITH,ITH1,4,Provincia Autonoma Bolzano / Bozen,P.A. Bolzano,533050,526036,98.68,0.39
3569,2021-06-18,PAB,4542,2350,2192,1469,2910,163,ITH,ITH1,4,Provincia Autonoma Bolzano / Bozen,P.A. Bolzano,533050,530578,99.54,0.85
3570,2021-06-30,PAB,3063,1565,1498,399,2607,57,ITH,ITH1,4,Provincia Autonoma Bolzano / Bozen,P.A. Bolzano,533050,533641,100.11,0.57
3571,2021-06-11,PAB,5838,3003,2835,2140,3486,212,ITH,ITH1,4,Provincia Autonoma Bolzano / Bozen,P.A. Bolzano,533050,539479,101.21,1.1
3572,2021-03-20,PAB,1760,851,909,1130,625,5,ITH,ITH1,4,Provincia Autonoma Bolzano / Bozen,P.A. Bolzano,533050,541239,101.54,0.33
3573,2021-06-28,PAB,4612,2307,2305,217,4371,24,ITH,ITH1,4,Provincia Autonoma Bolzano / Bozen,P.A. Bolzano,533050,545851,102.4,0.87
3574,2021-01-08,PAB,1537,484,1053,1537,0,0,ITH,ITH1,4,Provincia Autonoma Bolzano / Bozen,P.A. Bolzano,533050,547388,102.69,0.29
3575,2021-08-07,PAB,2363,1347,1016,1698,664,1,ITH,ITH1,4,Provincia Autonoma Bolzano / Bozen,P.A. Bolzano,533050,549751,103.13,0.44
3576,2021-08-06,PAB,3623,1909,1714,1195,2424,4,ITH,ITH1,4,Provincia Autonoma Bolzano / Bozen,P.A. Bolzano,533050,553374,103.81,0.68
3577,2021-04-28,PAB,2469,1307,1162,2464,5,0,ITH,ITH1,4,Provincia Autonoma Bolzano / Bozen,P.A. Bolzano,533050,555843,104.28,0.46
3578,2021-01-16,PAB,2841,1265,1576,2841,0,0,ITH,ITH1,4,Provincia Autonoma Bolzano / Bozen,P.A. Bolzano,533050,558684,104.81,0.53
3579,2021-06-10,PAB,4498,2334,2164,1308,3098,92,ITH,ITH1,4,Provincia Autonoma Bolzano / Bozen,P.A. Bolzano,533050,563182,105.65,0.84
3580,2021-08-13,PAB,2888,1546,1342,1595,1293,0,ITH,ITH1,4,Provincia Autonoma Bolzano / Bozen,P.A. Bolzano,533050,566070,106.19,0.54
3581,2021-04-26,PAB,1549,776,773,1544,5,0,ITH,ITH1,4,Provincia Autonoma Bolzano / Bozen,P.A. Bolzano,533050,567619,106.49,0.29
3582,2021-07-10,PAB,5812,3001,2811,958,4748,106,ITH,ITH1,4,Provincia Autonoma Bolzano / Bozen,P.A. Bolzano,533050,573431,107.58,1.09
3583,2021-01-18,PAB,1775,688,1087,1770,5,0,ITH,ITH1,4,Provincia Autonoma Bolzano / Bozen,P.A. Bolzano,533050,575206,107.91,0.33
3584,2021-08-15,PAB,614,332,282,281,333,0,ITH,ITH1,4,Provincia Autonoma Bolzano / Bozen,P.A. Bolzano,533050,575820,108.02,0.12
3585,2021-05-07,PAB,4200,2063,2137,3398,528,274,ITH,ITH1,4,Provincia Autonoma Bolzano / Bozen,P.A. Bolzano,533050,580020,108.81,0.79
3586,2021-07-03,PAB,5638,2792,2846,975,4565,98,ITH,ITH1,4,Provincia Autonoma Bolzano / Bozen,P.A. Bolzano,533050,585658,109.87,1.06
3587,2021-05-05,PAB,4161,1948,2213,1827,2118,216,ITH,ITH1,4,Provincia Autonoma Bolzano / Bozen,P.A. Bolzano,533050,589819,110.65,0.78
3588,2021-01-25,PAB,493,187,306,3,490,0,ITH,ITH1,4,Provincia Autonoma Bolzano / Bozen,P.A. Bolzano,533050,590312,110.74,0.09
3589,2021-03-23,PAB,1555,760,795,1543,1,11,ITH,ITH1,4,Provincia Autonoma Bolzano / Bozen,P.A. Bolzano,533050,591867,111.03,0.29
3590,2021-04-01,PAB,2791,1409,1382,2645,146,0,ITH,ITH1,4,Provincia Autonoma Bolzano / Bozen,P.A. Bolzano,533050,594658,111.56,0.52
3591,2021-07-05,PAB,2936,1406,1530,823,1984,129,ITH,ITH1,4,Provincia Autonoma Bolzano / Bozen,P.A. Bolzano,533050,597594,112.11,0.55
3592,2021-05-30,PAB,4793,2531,2262,733,4030,30,ITH,ITH1,4,Provincia Autonoma Bolzano / Bozen,P.A. Bolzano,533050,602387,113.01,0.9
3593,2021-07-12,PAB,3533,1755,1778,252,3243,38,ITH,ITH1,4,Provincia Autonoma Bolzano / Bozen,P.A. Bolzano,533050,605920,113.67,0.66
3594,2021-04-03,PAB,833,366,467,22,811,0,ITH,ITH1,4,Provincia Autonoma Bolzano / Bozen,P.A. Bolzano,533050,606753,113.83,0.16
3595,2021-03-25,PAB,2171,1080,1091,1725,443,3,ITH,ITH1,4,Provincia Autonoma Bolzano / Bozen,P.A. Bolzano,533050,608924,114.23,0.41
3596,2021-01-27,PAB,85,29,56,2,83,0,ITH,ITH1,4,Provincia Autonoma Bolzano / Bozen,P.A. Bolzano,533050,609009,114.25,0.02
3597,2021-03-03,ABR,4641,1899,2742,3713,906,22,ITF,ITF1,13,Abruzzo,Abruzzo,1304970,4641,0.36,0.36
3598,2021-07-14,ABR,13722,6798,6924,2437,11134,151,ITF,ITF1,13,Abruzzo,Abruzzo,1304970,18363,1.41,1.05
3599,2021-04-08,ABR,7393,3334,4059,4934,2331,128,ITF,ITF1,13,Abruzzo,Abruzzo,1304970,25756,1.97,0.57
3600,2021-04-22,ABR,6736,3251,3485,4828,1733,175,ITF,ITF1,13,Abruzzo,Abruzzo,1304970,32492,2.49,0.52
3601,2021-07-31,ABR,11742,6340,5402,3480,8060,202,ITF,ITF1,13,Abruzzo,Abruzzo,1304970,44234,3.39,0.9
3602,2021-03-22,ABR,4348,1912,2436,2310,1971,67,ITF,ITF1,13,Abruzzo,Abruzzo,1304970,48582,3.72,0.33
3603,2021-01-22,ABR,118,57,61,118,0,0,ITF,ITF1,13,Abruzzo,Abruzzo,1304970,48700,3.73,0.01
3604,2021-01-03,ABR,501,212,289,499,0,2,ITF,ITF1,13,Abruzzo,Abruzzo,1304970,49201,3.77,0.04
3605,2020-12-27,ABR,46,24,22,46,0,0,ITF,ITF1,13,Abruzzo,Abruzzo,1304970,49247,3.77,0.0
3606,2021-03-20,ABR,4794,2200,2594,2561,2171,62,ITF,ITF1,13,Abruzzo,Abruzzo,1304970,54041,4.14,0.37
3607,2021-06-13,ABR,9844,4925,4919,7846,1833,165,ITF,ITF1,13,Abruzzo,Abruzzo,1304970,63885,4.9,0.75
3608,2021-02-22,ABR,2643,1174,1469,2587,30,26,ITF,ITF1,13,Abruzzo,Abruzzo,1304970,66528,5.1,0.2
3609,2021-02-05,ABR,1536,521,1015,772,748,16,ITF,ITF1,13,Abruzzo,Abruzzo,1304970,68064,5.22,0.12
3610,2021-05-16,ABR,9577,4134,5443,5647,3811,119,ITF,ITF1,13,Abruzzo,Abruzzo,1304970,77641,5.95,0.73
3611,2021-06-04,ABR,15651,7396,8255,10761,4703,187,ITF,ITF1,13,Abruzzo,Abruzzo,1304970,93292,7.15,1.2
3612,2021-05-18,ABR,12111,5661,6450,7563,4379,169,ITF,ITF1,13,Abruzzo,Abruzzo,1304970,105403,8.08,0.93
3613,2021-02-24,ABR,3306,1442,1864,3112,177,17,ITF,ITF1,13,Abruzzo,Abruzzo,1304970,108709,8.33,0.25
3614,2021-08-09,ABR,10695,5543,5152,3093,7409,193,ITF,ITF1,13,Abruzzo,Abruzzo,1304970,119404,9.15,0.82
3615,2021-08-26,ABR,5774,3017,2757,2018,3604,152,ITF,ITF1,13,Abruzzo,Abruzzo,1304970,125178,9.59,0.44
3616,2021-01-10,ABR,1270,538,732,1266,0,4,ITF,ITF1,13,Abruzzo,Abruzzo,1304970,126448,9.69,0.1
3617,2021-04-29,ABR,12683,5854,6829,9277,3097,309,ITF,ITF1,13,Abruzzo,Abruzzo,1304970,139131,10.66,0.97
3618,2021-08-07,ABR,6489,3615,2874,1836,4558,95,ITF,ITF1,13,Abruzzo,Abruzzo,1304970,145620,11.16,0.5
3619,2021-06-25,ABR,11062,5479,5583,4906,6013,143,ITF,ITF1,13,Abruzzo,Abruzzo,1304970,156682,12.01,0.85
3620,2021-01-15,ABR,385,155,230,371,0,14,ITF,ITF1,13,Abruzzo,Abruzzo,1304970,157067,12.04,0.03
3621,2021-05-30,ABR,8660,4110,4550,5326,3255,79,ITF,ITF1,13,Abruzzo,Abruzzo,1304970,165727,12.7,0.66
3622,2021-04-03,ABR,5189,2264,2925,3485,1624,80,ITF,ITF1,13,Abruzzo,Abruzzo,1304970,170916,13.1,0.4
3623,2021-07-26,ABR,14259,7459,6800,3871,10190,198,ITF,ITF1,13,Abruzzo,Abruzzo,1304970,185175,14.19,1.09
3624,2021-07-12,ABR,15076,7458,7618,2361,12600,115,ITF,ITF1,13,Abruzzo,Abruzzo,1304970,200251,15.35,1.16
3625,2021-02-10,ABR,946,311,635,492,444,10,ITF,ITF1,13,Abruzzo,Abruzzo,1304970,201197,15.42,0.07
3626,2021-08-21,ABR,3844,2100,1744,1729,1993,122,ITF,ITF1,13,Abruzzo,Abruzzo,1304970,205041,15.71,0.29
3627,2021-05-04,ABR,10854,5094,5760,7042,3623,189,ITF,ITF1,13,Abruzzo,Abruzzo,1304970,215895,16.54,0.83
3628,2021-03-08,ABR,5155,1694,3461,4083,976,96,ITF,ITF1,13,Abruzzo,Abruzzo,1304970,221050,16.94,0.4
3629,2021-01-24,ABR,50,22,28,6,44,0,ITF,ITF1,13,Abruzzo,Abruzzo,1304970,221100,16.94,0.0
3630,2021-03-01,ABR,3477,1384,2093,2702,751,24,ITF,ITF1,13,Abruzzo,Abruzzo,1304970,224577,17.21,0.27
3631,2021-06-30,ABR,11169,5430,5739,4494,6509,166,ITF,ITF1,13,Abruzzo,Abruzzo,1304970,235746,18.07,0.86
3632,2021-02-17,ABR,2071,948,1123,1780,282,9,ITF,ITF1,13,Abruzzo,Abruzzo,1304970,237817,18.22,0.16
3633,2021-06-11,ABR,11779,5853,5926,8830,2763,186,ITF,ITF1,13,Abruzzo,Abruzzo,1304970,249596,19.13,0.9
3634,2021-08-19,ABR,6727,3611,3116,3258,3278,191,ITF,ITF1,13,Abruzzo,Abruzzo,1304970,256323,19.64,0.52
3635,2021-05-11,ABR,10763,5119,5644,5731,4855,177,ITF,ITF1,13,Abruzzo,Abruzzo,1304970,267086,20.47,0.82
3636,2021-03-27,ABR,6125,2622,3503,3562,2491,72,ITF,ITF1,13,Abruzzo,Abruzzo,1304970,273211,20.94,0.47
3637,2021-01-05,ABR,1733,721,1012,1728,0,5,ITF,ITF1,13,Abruzzo,Abruzzo,1304970,274944,21.07,0.13
3638,2021-04-15,ABR,7829,3685,4144,5826,1843,160,ITF,ITF1,13,Abruzzo,Abruzzo,1304970,282773,21.67,0.6
3639,2021-07-07,ABR,12065,5907,6158,4034,7792,239,ITF,ITF1,13,Abruzzo,Abruzzo,1304970,294838,22.59,0.92
3640,2021-07-09,ABR,13610,6793,6817,2891,10581,138,ITF,ITF1,13,Abruzzo,Abruzzo,1304970,308448,23.64,1.04
3641,2021-01-29,ABR,1387,449,938,71,1315,1,ITF,ITF1,13,Abruzzo,Abruzzo,1304970,309835,23.74,0.11
3642,2021-08-02,ABR,13855,7154,6701,3546,10051,258,ITF,ITF1,13,Abruzzo,Abruzzo,1304970,323690,24.8,1.06
3643,2021-05-27,ABR,13322,6105,7217,8317,4830,175,ITF,ITF1,13,Abruzzo,Abruzzo,1304970,337012,25.83,1.02
3644,2021-02-12,ABR,1228,567,661,1026,189,13,ITF,ITF1,13,Abruzzo,Abruzzo,1304970,338240,25.92,0.09
3645,2021-07-19,ABR,11777,5983,5794,2665,8942,170,ITF,ITF1,13,Abruzzo,Abruzzo,1304970,350017,26.82,0.9
3646,2021-05-23,ABR,9882,4694,5188,7068,2693,121,ITF,ITF1,13,Abruzzo,Abruzzo,1304970,359899,27.58,0.76
3647,2021-06-06,ABR,11151,5309,5842,8777,2242,132,ITF,ITF1,13,Abruzzo,Abruzzo,1304970,371050,28.43,0.85
3648,2021-04-10,ABR,8778,4059,4719,6123,2510,145,ITF,ITF1,13,Abruzzo,Abruzzo,1304970,379828,29.11,0.67
3649,2021-04-27,ABR,9084,4366,4718,6505,2466,113,ITF,ITF1,13,Abruzzo,Abruzzo,1304970,388912,29.8,0.7
3650,2021-07-02,ABR,11837,5946,5891,4833,6820,184,ITF,ITF1,13,Abruzzo,Abruzzo,1304970,400749,30.71,0.91
3651,2021-03-15,ABR,3681,1445,2236,1841,1808,32,ITF,ITF1,13,Abruzzo,Abruzzo,1304970,404430,30.99,0.28
3652,2021-01-17,ABR,191,62,129,183,7,1,ITF,ITF1,13,Abruzzo,Abruzzo,1304970,404621,31.01,0.01
3653,2021-06-23,ABR,11015,5283,5732,5580,5290,145,ITF,ITF1,13,Abruzzo,Abruzzo,1304970,415636,31.85,0.84
3654,2021-07-21,ABR,11075,5717,5358,2423,8517,135,ITF,ITF1,13,Abruzzo,Abruzzo,1304970,426711,32.7,0.85
3655,2021-02-03,ABR,2062,717,1345,411,1643,8,ITF,ITF1,13,Abruzzo,Abruzzo,1304970,428773,32.86,0.16
3656,2021-02-28,ABR,1703,509,1194,1665,2,36,ITF,ITF1,13,Abruzzo,Abruzzo,1304970,430476,32.99,0.13
3657,2021-08-04,ABR,10882,5629,5253,4302,6338,242,ITF,ITF1,13,Abruzzo,Abruzzo,1304970,441358,33.82,0.83
3658,2021-08-14,ABR,128,69,59,101,25,2,ITF,ITF1,13,Abruzzo,Abruzzo,1304970,441486,33.83,0.01
3659,2021-06-18,ABR,10193,5006,5187,6554,3492,147,ITF,ITF1,13,Abruzzo,Abruzzo,1304970,451679,34.61,0.78
3660,2021-02-02,ABR,1763,668,1095,218,1541,4,ITF,ITF1,13,Abruzzo,Abruzzo,1304970,453442,34.75,0.14
3661,2021-05-13,ABR,11150,5043,6107,6960,3961,229,ITF,ITF1,13,Abruzzo,Abruzzo,1304970,464592,35.6,0.85
3662,2021-03-31,ABR,6723,2945,3778,4560,2069,94,ITF,ITF1,13,Abruzzo,Abruzzo,1304970,471315,36.12,0.52
3663,2021-08-18,ABR,7378,3917,3461,3091,4097,190,ITF,ITF1,13,Abruzzo,Abruzzo,1304970,478693,36.68,0.57
3664,2021-04-05,ABR,2693,1147,1546,1730,880,83,ITF,ITF1,13,Abruzzo,Abruzzo,1304970,481386,36.89,0.21
3665,2021-06-22,ABR,10412,4878,5534,5386,4847,179,ITF,ITF1,13,Abruzzo,Abruzzo,1304970,491798,37.69,0.8
3666,2021-03-19,ABR,5797,2585,3212,2731,3024,42,ITF,ITF1,13,Abruzzo,Abruzzo,1304970,497595,38.13,0.44
3667,2021-03-05,ABR,5346,1957,3389,4586,697,63,ITF,ITF1,13,Abruzzo,Abruzzo,1304970,502941,38.54,0.41
3668,2021-06-27,ABR,8369,4301,4068,5020,3209,140,ITF,ITF1,13,Abruzzo,Abruzzo,1304970,511310,39.18,0.64
3669,2021-04-07,ABR,7540,3483,4057,4515,2891,134,ITF,ITF1,13,Abruzzo,Abruzzo,1304970,518850,39.76,0.58
3670,2021-07-16,ABR,16148,8238,7910,2469,13562,117,ITF,ITF1,13,Abruzzo,Abruzzo,1304970,534998,41.0,1.24
3671,2021-03-17,ABR,4541,1873,2668,2778,1740,23,ITF,ITF1,13,Abruzzo,Abruzzo,1304970,539539,41.34,0.35
3672,2021-03-24,ABR,6387,2785,3602,3993,2252,142,ITF,ITF1,13,Abruzzo,Abruzzo,1304970,545926,41.83,0.49
3673,2021-02-09,ABR,918,320,598,508,409,1,ITF,ITF1,13,Abruzzo,Abruzzo,1304970,546844,41.9,0.07
3674,2021-07-04,ABR,8370,4214,4156,3332,4913,125,ITF,ITF1,13,Abruzzo,Abruzzo,1304970,555214,42.55,0.64
3675,2021-02-11,ABR,816,262,554,771,43,2,ITF,ITF1,13,Abruzzo,Abruzzo,1304970,556030,42.61,0.06
3676,2021-04-17,ABR,7359,3403,3956,4212,3052,95,ITF,ITF1,13,Abruzzo,Abruzzo,1304970,563389,43.17,0.56
3677,2021-02-19,ABR,3301,1553,1748,3162,100,39,ITF,ITF1,13,Abruzzo,Abruzzo,1304970,566690,43.43,0.25
3678,2021-01-07,ABR,1712,657,1055,1705,0,7,ITF,ITF1,13,Abruzzo,Abruzzo,1304970,568402,43.56,0.13
3679,2021-05-24,ABR,12222,5839,6383,8725,3341,156,ITF,ITF1,13,Abruzzo,Abruzzo,1304970,580624,44.49,0.94
3680,2021-02-18,ABR,2291,933,1358,2141,133,17,ITF,ITF1,13,Abruzzo,Abruzzo,1304970,582915,44.67,0.18
3681,2021-05-29,ABR,10320,4432,5888,4458,5772,90,ITF,ITF1,13,Abruzzo,Abruzzo,1304970,593235,45.46,0.79
3682,2021-01-02,ABR,559,226,333,558,0,1,ITF,ITF1,13,Abruzzo,Abruzzo,1304970,593794,45.5,0.04
3683,2021-06-08,ABR,12869,6623,6246,10433,2196,240,ITF,ITF1,13,Abruzzo,Abruzzo,1304970,606663,46.49,0.99
3684,2021-04-26,ABR,8563,4066,4497,7139,1213,211,ITF,ITF1,13,Abruzzo,Abruzzo,1304970,615226,47.14,0.66
3685,2021-06-01,ABR,10999,4877,6122,6510,4368,121,ITF,ITF1,13,Abruzzo,Abruzzo,1304970,626225,47.99,0.84
3686,2021-04-19,ABR,6234,2862,3372,3787,2374,73,ITF,ITF1,13,Abruzzo,Abruzzo,1304970,632459,48.47,0.48
3687,2021-02-21,ABR,1218,550,668,1193,1,24,ITF,ITF1,13,Abruzzo,Abruzzo,1304970,633677,48.56,0.09
3688,2021-07-28,ABR,13274,6955,6319,3435,9672,167,ITF,ITF1,13,Abruzzo,Abruzzo,1304970,646951,49.58,1.02
3689,2021-06-15,ABR,11331,5563,5768,8683,2439,209,ITF,ITF1,13,Abruzzo,Abruzzo,1304970,658282,50.44,0.87
3690,2021-04-12,ABR,6240,2958,3282,4985,1174,81,ITF,ITF1,13,Abruzzo,Abruzzo,1304970,664522,50.92,0.48
3691,2021-01-16,ABR,937,430,507,929,0,8,ITF,ITF1,13,Abruzzo,Abruzzo,1304970,665459,50.99,0.07
3692,2021-03-29,ABR,5710,2600,3110,3020,2640,50,ITF,ITF1,13,Abruzzo,Abruzzo,1304970,671169,51.43,0.44
3693,2021-06-03,ABR,13199,6286,6913,9245,3779,175,ITF,ITF1,13,Abruzzo,Abruzzo,1304970,684368,52.44,1.01
3694,2021-03-12,ABR,6042,1993,4049,4348,1611,83,ITF,ITF1,13,Abruzzo,Abruzzo,1304970,690410,52.91,0.46
3695,2021-06-20,ABR,8444,4237,4207,5410,2931,103,ITF,ITF1,13,Abruzzo,Abruzzo,1304970,698854,53.55,0.65
3696,2021-03-14,ABR,1886,732,1154,1200,669,17,ITF,ITF1,13,Abruzzo,Abruzzo,1304970,700740,53.7,0.14
3697,2021-05-08,ABR,10291,4871,5420,6319,3835,137,ITF,ITF1,13,Abruzzo,Abruzzo,1304970,711031,54.49,0.79
3698,2021-04-24,ABR,8730,3975,4755,6938,1532,260,ITF,ITF1,13,Abruzzo,Abruzzo,1304970,719761,55.16,0.67
3699,2021-08-16,ABR,6091,3206,2885,2255,3690,146,ITF,ITF1,13,Abruzzo,Abruzzo,1304970,725852,55.62,0.47
3700,2021-01-14,ABR,568,227,341,566,0,2,ITF,ITF1,13,Abruzzo,Abruzzo,1304970,726420,55.67,0.04
3701,2021-01-19,ABR,112,56,56,90,21,1,ITF,ITF1,13,Abruzzo,Abruzzo,1304970,726532,55.67,0.01
3702,2021-02-07,ABR,779,307,472,200,578,1,ITF,ITF1,13,Abruzzo,Abruzzo,1304970,727311,55.73,0.06
3703,2021-07-23,ABR,12571,6462,6109,2852,9559,160,ITF,ITF1,13,Abruzzo,Abruzzo,1304970,739882,56.7,0.96
3704,2021-01-21,ABR,157,47,110,157,0,0,ITF,ITF1,13,Abruzzo,Abruzzo,1304970,740039,56.71,0.01
3705,2021-05-01,ABR,10745,5047,5698,5628,4981,136,ITF,ITF1,13,Abruzzo,Abruzzo,1304970,750784,57.53,0.82
3706,2021-05-20,ABR,12804,5925,6879,7410,5267,127,ITF,ITF1,13,Abruzzo,Abruzzo,1304970,763588,58.51,0.98
3707,2021-01-12,ABR,1899,761,1138,1885,0,14,ITF,ITF1,13,Abruzzo,Abruzzo,1304970,765487,58.66,0.15
3708,2021-05-25,ABR,11420,5324,6096,8084,3138,198,ITF,ITF1,13,Abruzzo,Abruzzo,1304970,776907,59.53,0.88
3709,2021-01-31,ABR,1522,494,1028,287,1234,1,ITF,ITF1,13,Abruzzo,Abruzzo,1304970,778429,59.65,0.12
3710,2021-05-10,ABR,10118,4787,5331,5361,4650,107,ITF,ITF1,13,Abruzzo,Abruzzo,1304970,788547,60.43,0.78
3711,2021-04-23,ABR,7403,3398,4005,4928,2307,168,ITF,ITF1,13,Abruzzo,Abruzzo,1304970,795950,60.99,0.57
3712,2021-05-22,ABR,13162,6393,6769,8132,4917,113,ITF,ITF1,13,Abruzzo,Abruzzo,1304970,809112,62.0,1.01
3713,2021-03-26,ABR,5362,2315,3047,3178,2079,105,ITF,ITF1,13,Abruzzo,Abruzzo,1304970,814474,62.41,0.41
3714,2021-07-27,ABR,15140,7905,7235,3343,11622,175,ITF,ITF1,13,Abruzzo,Abruzzo,1304970,829614,63.57,1.16
3715,2021-05-31,ABR,11339,5114,6225,6768,4444,127,ITF,ITF1,13,Abruzzo,Abruzzo,1304970,840953,64.44,0.87
3716,2021-04-20,ABR,5636,2713,2923,4104,1456,76,ITF,ITF1,13,Abruzzo,Abruzzo,1304970,846589,64.87,0.43
3717,2021-07-29,ABR,15181,7974,7207,3928,11043,210,ITF,ITF1,13,Abruzzo,Abruzzo,1304970,861770,66.04,1.16
3718,2021-04-25,ABR,9073,4627,4446,8055,809,209,ITF,ITF1,13,Abruzzo,Abruzzo,1304970,870843,66.73,0.7
3719,2021-08-05,ABR,13899,7160,6739,4715,8914,270,ITF,ITF1,13,Abruzzo,Abruzzo,1304970,884742,67.8,1.07
3720,2021-01-08,ABR,1660,638,1022,1651,0,9,ITF,ITF1,13,Abruzzo,Abruzzo,1304970,886402,67.93,0.13
3721,2021-04-18,ABR,5821,2729,3092,4729,943,149,ITF,ITF1,13,Abruzzo,Abruzzo,1304970,892223,68.37,0.45
3722,2021-07-30,ABR,12087,6434,5653,3795,8068,224,ITF,ITF1,13,Abruzzo,Abruzzo,1304970,904310,69.3,0.93
3723,2021-02-26,ABR,3924,1679,2245,2929,969,26,ITF,ITF1,13,Abruzzo,Abruzzo,1304970,908234,69.6,0.3
3724,2021-03-07,ABR,2523,630,1893,2482,0,41,ITF,ITF1,13,Abruzzo,Abruzzo,1304970,910757,69.79,0.19
3725,2021-01-09,ABR,1612,692,920,1600,0,12,ITF,ITF1,13,Abruzzo,Abruzzo,1304970,912369,69.91,0.12
3726,2021-01-18,ABR,152,70,82,53,99,0,ITF,ITF1,13,Abruzzo,Abruzzo,1304970,912521,69.93,0.01
3727,2021-06-24,ABR,10873,5412,5461,5724,4979,170,ITF,ITF1,13,Abruzzo,Abruzzo,1304970,923394,70.76,0.83
3728,2021-04-28,ABR,9519,4591,4928,7311,2025,183,ITF,ITF1,13,Abruzzo,Abruzzo,1304970,932913,71.49,0.73
3729,2021-05-12,ABR,9630,4602,5028,5873,3582,175,ITF,ITF1,13,Abruzzo,Abruzzo,1304970,942543,72.23,0.74
3730,2021-03-16,ABR,3484,1452,2032,1802,1654,28,ITF,ITF1,13,Abruzzo,Abruzzo,1304970,946027,72.49,0.27
3731,2021-08-20,ABR,6051,3169,2882,2037,3883,131,ITF,ITF1,13,Abruzzo,Abruzzo,1304970,952078,72.96,0.46
3732,2021-08-06,ABR,10669,5703,4966,3684,6744,241,ITF,ITF1,13,Abruzzo,Abruzzo,1304970,962747,73.78,0.82
3733,2021-02-25,ABR,3056,1344,1712,2507,530,19,ITF,ITF1,13,Abruzzo,Abruzzo,1304970,965803,74.01,0.23
3734,2021-06-05,ABR,14617,6865,7752,10368,4049,200,ITF,ITF1,13,Abruzzo,Abruzzo,1304970,980420,75.13,1.12
3735,2021-08-08,ABR,4451,2429,2022,1886,2475,90,ITF,ITF1,13,Abruzzo,Abruzzo,1304970,984871,75.47,0.34
3736,2021-05-17,ABR,11037,5039,5998,6020,4856,161,ITF,ITF1,13,Abruzzo,Abruzzo,1304970,995908,76.32,0.85
3737,2021-08-25,ABR,7127,3793,3334,2376,4584,167,ITF,ITF1,13,Abruzzo,Abruzzo,1304970,1003035,76.86,0.55
3738,2021-08-11,ABR,8271,4413,3858,2612,5501,158,ITF,ITF1,13,Abruzzo,Abruzzo,1304970,1011306,77.5,0.63
3739,2021-06-19,ABR,10557,5201,5356,6484,3900,173,ITF,ITF1,13,Abruzzo,Abruzzo,1304970,1021863,78.31,0.81
3740,2021-03-28,ABR,2426,1018,1408,1994,382,50,ITF,ITF1,13,Abruzzo,Abruzzo,1304970,1024289,78.49,0.19
3741,2021-07-06,ABR,10466,5200,5266,4303,5988,175,ITF,ITF1,13,Abruzzo,Abruzzo,1304970,1034755,79.29,0.8
3742,2021-04-14,ABR,6598,2952,3646,4340,2123,135,ITF,ITF1,13,Abruzzo,Abruzzo,1304970,1041353,79.8,0.51
3743,2021-01-04,ABR,1513,685,828,1507,0,6,ITF,ITF1,13,Abruzzo,Abruzzo,1304970,1042866,79.91,0.12
3744,2021-01-23,ABR,264,115,149,51,207,6,ITF,ITF1,13,Abruzzo,Abruzzo,1304970,1043130,79.94,0.02
3745,2021-05-03,ABR,11153,5262,5891,7133,3837,183,ITF,ITF1,13,Abruzzo,Abruzzo,1304970,1054283,80.79,0.85
3746,2021-05-07,ABR,12211,5714,6497,7656,4423,132,ITF,ITF1,13,Abruzzo,Abruzzo,1304970,1066494,81.73,0.94
3747,2021-03-25,ABR,5800,2665,3135,3065,2622,113,ITF,ITF1,13,Abruzzo,Abruzzo,1304970,1072294,82.17,0.44
3748,2021-01-27,ABR,1367,515,852,35,1332,0,ITF,ITF1,13,Abruzzo,Abruzzo,1304970,1073661,82.27,0.1
3749,2021-07-03,ABR,10195,5150,5045,3502,6545,148,ITF,ITF1,13,Abruzzo,Abruzzo,1304970,1083856,83.06,0.78
3750,2021-05-21,ABR,13019,6329,6690,7866,4978,175,ITF,ITF1,13,Abruzzo,Abruzzo,1304970,1096875,84.05,1.0
3751,2021-03-18,ABR,3900,1652,2248,2038,1835,27,ITF,ITF1,13,Abruzzo,Abruzzo,1304970,1100775,84.35,0.3
3752,2021-08-22,ABR,1832,948,884,539,1242,51,ITF,ITF1,13,Abruzzo,Abruzzo,1304970,1102607,84.49,0.14
3753,2021-06-26,ABR,10054,5020,5034,5693,4199,162,ITF,ITF1,13,Abruzzo,Abruzzo,1304970,1112661,85.26,0.77
3754,2021-02-16,ABR,1916,842,1074,1891,12,13,ITF,ITF1,13,Abruzzo,Abruzzo,1304970,1114577,85.41,0.15
3755,2021-03-02,ABR,3967,1676,2291,3261,686,20,ITF,ITF1,13,Abruzzo,Abruzzo,1304970,1118544,85.71,0.3
3756,2021-06-10,ABR,12709,6319,6390,10308,2163,238,ITF,ITF1,13,Abruzzo,Abruzzo,1304970,1131253,86.69,0.97
3757,2021-01-28,ABR,1432,495,937,11,1421,0,ITF,ITF1,13,Abruzzo,Abruzzo,1304970,1132685,86.8,0.11
3758,2021-01-11,ABR,1688,690,998,1684,0,4,ITF,ITF1,13,Abruzzo,Abruzzo,1304970,1134373,86.93,0.13
3759,2021-04-21,ABR,6391,3103,3288,4637,1672,82,ITF,ITF1,13,Abruzzo,Abruzzo,1304970,1140764,87.42,0.49
3760,2021-07-15,ABR,15943,8088,7855,3131,12636,176,ITF,ITF1,13,Abruzzo,Abruzzo,1304970,1156707,88.64,1.22
3761,2021-06-28,ABR,10052,4837,5215,5310,4573,169,ITF,ITF1,13,Abruzzo,Abruzzo,1304970,1166759,89.41,0.77
3762,2021-04-06,ABR,7677,3578,4099,5229,2320,128,ITF,ITF1,13,Abruzzo,Abruzzo,1304970,1174436,90.0,0.59
3763,2021-08-03,ABR,12720,6573,6147,3648,8905,167,ITF,ITF1,13,Abruzzo,Abruzzo,1304970,1187156,90.97,0.97
3764,2021-08-17,ABR,6583,3468,3115,2827,3539,217,ITF,ITF1,13,Abruzzo,Abruzzo,1304970,1193739,91.48,0.5
3765,2021-05-09,ABR,9157,4090,5067,4174,4872,111,ITF,ITF1,13,Abruzzo,Abruzzo,1304970,1202896,92.18,0.7
3766,2021-02-15,ABR,1794,832,962,1735,42,17,ITF,ITF1,13,Abruzzo,Abruzzo,1304970,1204690,92.32,0.14
3767,2021-01-30,ABR,1514,570,944,64,1449,1,ITF,ITF1,13,Abruzzo,Abruzzo,1304970,1206204,92.43,0.12
3768,2021-08-01,ABR,7570,4056,3514,2004,5464,102,ITF,ITF1,13,Abruzzo,Abruzzo,1304970,1213774,93.01,0.58
3769,2021-08-27,ABR,3690,1947,1743,1236,2385,69,ITF,ITF1,13,Abruzzo,Abruzzo,1304970,1217464,93.29,0.28
3770,2021-02-23,ABR,2780,1273,1507,2754,11,15,ITF,ITF1,13,Abruzzo,Abruzzo,1304970,1220244,93.51,0.21
3771,2021-02-06,ABR,1611,743,868,595,1009,7,ITF,ITF1,13,Abruzzo,Abruzzo,1304970,1221855,93.63,0.12
3772,2021-02-08,ABR,1196,396,800,486,710,0,ITF,ITF1,13,Abruzzo,Abruzzo,1304970,1223051,93.72,0.09
3773,2021-05-19,ABR,10730,5126,5604,7569,3037,124,ITF,ITF1,13,Abruzzo,Abruzzo,1304970,1233781,94.54,0.82
3774,2021-05-05,ABR,11644,5574,6070,6275,5209,160,ITF,ITF1,13,Abruzzo,Abruzzo,1304970,1245425,95.44,0.89
3775,2021-03-09,ABR,5177,1805,3372,4150,938,89,ITF,ITF1,13,Abruzzo,Abruzzo,1304970,1250602,95.83,0.4
3776,2021-08-13,ABR,7119,3830,3289,2014,5000,105,ITF,ITF1,13,Abruzzo,Abruzzo,1304970,1257721,96.38,0.55
3777,2021-07-01,ABR,12762,6283,6479,5770,6767,225,ITF,ITF1,13,Abruzzo,Abruzzo,1304970,1270483,97.36,0.98
3778,2021-06-17,ABR,10915,5458,5457,7301,3452,162,ITF,ITF1,13,Abruzzo,Abruzzo,1304970,1281398,98.19,0.84
3779,2021-02-20,ABR,4778,1845,2933,4658,76,44,ITF,ITF1,13,Abruzzo,Abruzzo,1304970,1286176,98.56,0.37
3780,2021-05-26,ABR,13549,6044,7505,8395,4994,160,ITF,ITF1,13,Abruzzo,Abruzzo,1304970,1299725,99.6,1.04
3781,2021-06-14,ABR,10978,5430,5548,7425,3379,174,ITF,ITF1,13,Abruzzo,Abruzzo,1304970,1310703,100.44,0.84
3782,2021-06-29,ABR,11430,5640,5790,5246,5997,187,ITF,ITF1,13,Abruzzo,Abruzzo,1304970,1322133,101.32,0.88
3783,2021-03-21,ABR,2133,914,1219,838,1291,4,ITF,ITF1,13,Abruzzo,Abruzzo,1304970,1324266,101.48,0.16
3784,2021-06-12,ABR,11423,5916,5507,9891,1351,181,ITF,ITF1,13,Abruzzo,Abruzzo,1304970,1335689,102.35,0.88
3785,2021-01-13,ABR,1302,483,819,1294,0,8,ITF,ITF1,13,Abruzzo,Abruzzo,1304970,1336991,102.45,0.1
3786,2021-02-13,ABR,866,393,473,438,424,4,ITF,ITF1,13,Abruzzo,Abruzzo,1304970,1337857,102.52,0.07
3787,2021-07-17,ABR,14096,7386,6710,2660,11260,176,ITF,ITF1,13,Abruzzo,Abruzzo,1304970,1351953,103.6,1.08
3788,2021-03-04,ABR,5938,2361,3577,4973,923,42,ITF,ITF1,13,Abruzzo,Abruzzo,1304970,1357891,104.06,0.46
3789,2021-04-30,ABR,12511,5870,6641,6510,5728,273,ITF,ITF1,13,Abruzzo,Abruzzo,1304970,1370402,105.01,0.96
3790,2021-04-13,ABR,5895,2756,3139,4561,1238,96,ITF,ITF1,13,Abruzzo,Abruzzo,1304970,1376297,105.47,0.45
3791,2021-01-20,ABR,449,157,292,427,2,20,ITF,ITF1,13,Abruzzo,Abruzzo,1304970,1376746,105.5,0.03
3792,2021-07-05,ABR,10907,5347,5560,4043,6674,190,ITF,ITF1,13,Abruzzo,Abruzzo,1304970,1387653,106.34,0.84
3793,2021-07-22,ABR,14485,7412,7073,3516,10760,209,ITF,ITF1,13,Abruzzo,Abruzzo,1304970,1402138,107.45,1.11
3794,2021-07-25,ABR,9862,5217,4645,2170,7569,123,ITF,ITF1,13,Abruzzo,Abruzzo,1304970,1412000,108.2,0.76
3795,2021-07-08,ABR,13491,6680,6811,3412,9914,165,ITF,ITF1,13,Abruzzo,Abruzzo,1304970,1425491,109.24,1.03
3796,2021-04-16,ABR,7543,3491,4052,5499,1916,128,ITF,ITF1,13,Abruzzo,Abruzzo,1304970,1433034,109.81,0.58
3797,2021-03-11,ABR,5490,2216,3274,4266,1138,86,ITF,ITF1,13,Abruzzo,Abruzzo,1304970,1438524,110.23,0.42
3798,2021-07-10,ABR,13120,6632,6488,3010,9945,165,ITF,ITF1,13,Abruzzo,Abruzzo,1304970,1451644,111.24,1.01
3799,2021-05-14,ABR,10596,5072,5524,5284,5151,161,ITF,ITF1,13,Abruzzo,Abruzzo,1304970,1462240,112.05,0.81
3800,2021-04-01,ABR,5627,2520,3107,3431,2119,77,ITF,ITF1,13,Abruzzo,Abruzzo,1304970,1467867,112.48,0.43
3801,2021-07-24,ABR,12633,6841,5792,3813,8585,235,ITF,ITF1,13,Abruzzo,Abruzzo,1304970,1480500,113.45,0.97
3802,2021-05-02,ABR,10465,5115,5350,5087,5232,146,ITF,ITF1,13,Abruzzo,Abruzzo,1304970,1490965,114.25,0.8
3803,2021-08-10,ABR,9269,4962,4307,3398,5660,211,ITF,ITF1,13,Abruzzo,Abruzzo,1304970,1500234,114.96,0.71
3804,2021-05-28,ABR,14024,6310,7714,7492,6364,168,ITF,ITF1,13,Abruzzo,Abruzzo,1304970,1514258,116.04,1.07
3805,2021-06-02,ABR,9770,4747,5023,6837,2816,117,ITF,ITF1,13,Abruzzo,Abruzzo,1304970,1524028,116.79,0.75
3806,2021-03-13,ABR,4125,1420,2705,3012,1043,70,ITF,ITF1,13,Abruzzo,Abruzzo,1304970,1528153,117.1,0.32
3807,2021-06-21,ABR,11055,5388,5667,4939,5988,128,ITF,ITF1,13,Abruzzo,Abruzzo,1304970,1539208,117.95,0.85
3808,2021-08-24,ABR,6355,3407,2948,1877,4326,152,ITF,ITF1,13,Abruzzo,Abruzzo,1304970,1545563,118.44,0.49
3809,2021-03-30,ABR,5128,2262,2866,3144,1823,161,ITF,ITF1,13,Abruzzo,Abruzzo,1304970,1550691,118.83,0.39
3810,2021-01-06,ABR,1990,819,1171,1980,0,10,ITF,ITF1,13,Abruzzo,Abruzzo,1304970,1552681,118.98,0.15
3811,2021-02-01,ABR,1633,574,1059,268,1364,1,ITF,ITF1,13,Abruzzo,Abruzzo,1304970,1554314,119.11,0.13
3812,2021-03-23,ABR,4837,2192,2645,2213,2567,57,ITF,ITF1,13,Abruzzo,Abruzzo,1304970,1559151,119.48,0.37
3813,2021-01-25,ABR,1605,633,972,13,1590,2,ITF,ITF1,13,Abruzzo,Abruzzo,1304970,1560756,119.6,0.12
3814,2021-05-15,ABR,11443,5185,6258,5943,5322,178,ITF,ITF1,13,Abruzzo,Abruzzo,1304970,1572199,120.48,0.88
3815,2021-08-23,ABR,5921,3108,2813,1665,4111,145,ITF,ITF1,13,Abruzzo,Abruzzo,1304970,1578120,120.93,0.45
3816,2021-07-11,ABR,9884,4974,4910,2365,7384,135,ITF,ITF1,13,Abruzzo,Abruzzo,1304970,1588004,121.69,0.76
3817,2021-03-10,ABR,5051,1686,3365,4025,958,68,ITF,ITF1,13,Abruzzo,Abruzzo,1304970,1593055,122.08,0.39
3818,2021-01-26,ABR,1550,568,982,32,1518,0,ITF,ITF1,13,Abruzzo,Abruzzo,1304970,1594605,122.19,0.12
3819,2021-05-06,ABR,13003,6087,6916,7797,5048,158,ITF,ITF1,13,Abruzzo,Abruzzo,1304970,1607608,123.19,1.0
3820,2021-04-09,ABR,8993,4261,4732,6245,2603,145,ITF,ITF1,13,Abruzzo,Abruzzo,1304970,1616601,123.88,0.69
3821,2021-07-18,ABR,12204,6310,5894,2003,10082,119,ITF,ITF1,13,Abruzzo,Abruzzo,1304970,1628805,124.82,0.94
3822,2021-04-02,ABR,6698,3104,3594,5113,1489,96,ITF,ITF1,13,Abruzzo,Abruzzo,1304970,1635503,125.33,0.51
3823,2021-02-04,ABR,1685,617,1068,601,1072,12,ITF,ITF1,13,Abruzzo,Abruzzo,1304970,1637188,125.46,0.13
3824,2021-07-20,ABR,12589,6388,6201,3228,9176,185,ITF,ITF1,13,Abruzzo,Abruzzo,1304970,1649777,126.42,0.96
3825,2021-04-04,ABR,1633,768,865,1459,129,45,ITF,ITF1,13,Abruzzo,Abruzzo,1304970,1651410,126.55,0.13
3826,2021-07-13,ABR,15526,7753,7773,2827,12522,177,ITF,ITF1,13,Abruzzo,Abruzzo,1304970,1666936,127.74,1.19
3827,2021-08-12,ABR,8768,4626,4142,3181,5407,180,ITF,ITF1,13,Abruzzo,Abruzzo,1304970,1675704,128.41,0.67
3828,2021-06-16,ABR,10896,5453,5443,7992,2688,216,ITF,ITF1,13,Abruzzo,Abruzzo,1304970,1686600,129.24,0.83
3829,2021-02-27,ABR,2813,1339,1474,2512,267,34,ITF,ITF1,13,Abruzzo,Abruzzo,1304970,1689413,129.46,0.22
3830,2021-06-07,ABR,11101,5290,5811,9072,1844,185,ITF,ITF1,13,Abruzzo,Abruzzo,1304970,1700514,130.31,0.85
3831,2021-04-11,ABR,5381,2629,2752,4836,487,58,ITF,ITF1,13,Abruzzo,Abruzzo,1304970,1705895,130.72,0.41
3832,2021-06-09,ABR,11574,6093,5481,9708,1684,182,ITF,ITF1,13,Abruzzo,Abruzzo,1304970,1717469,131.61,0.89
3833,2021-03-06,ABR,4182,1361,2821,3569,571,42,ITF,ITF1,13,Abruzzo,Abruzzo,1304970,1721651,131.93,0.32
3834,2021-05-24,CAM,31356,15153,16203,15853,15155,348,ITF,ITF3,15,Campania,Campania,5801692,31356,0.54,0.54
3835,2021-02-13,CAM,5507,2550,2957,5106,217,184,ITF,ITF3,15,Campania,Campania,5801692,36863,0.64,0.09
3836,2021-08-01,CAM,16064,8395,7669,7002,8831,231,ITF,ITF3,15,Campania,Campania,5801692,52927,0.91,0.28
3837,2021-04-23,CAM,32355,15533,16822,22457,9156,742,ITF,ITF3,15,Campania,Campania,5801692,85282,1.47,0.56
3838,2021-08-15,CAM,1118,637,481,216,895,7,ITF,ITF3,15,Campania,Campania,5801692,86400,1.49,0.02
3839,2021-03-28,CAM,15566,7511,8055,13587,1625,354,ITF,ITF3,15,Campania,Campania,5801692,101966,1.76,0.27
3840,2021-01-04,CAM,5826,2962,2864,5726,0,100,ITF,ITF3,15,Campania,Campania,5801692,107792,1.86,0.1
3841,2021-06-19,CAM,62406,29712,32694,24202,37767,437,ITF,ITF3,15,Campania,Campania,5801692,170198,2.93,1.08
3842,2021-03-02,CAM,12763,4560,8203,8196,4345,222,ITF,ITF3,15,Campania,Campania,5801692,182961,3.15,0.22
3843,2021-07-15,CAM,66732,32054,34678,9308,57076,348,ITF,ITF3,15,Campania,Campania,5801692,249693,4.3,1.15
3844,2021-01-11,CAM,4075,1874,2201,3966,0,109,ITF,ITF3,15,Campania,Campania,5801692,253768,4.37,0.07
3845,2021-04-11,CAM,17528,8609,8919,15041,2087,400,ITF,ITF3,15,Campania,Campania,5801692,271296,4.68,0.3
3846,2021-04-28,CAM,36423,17631,18792,25862,9760,801,ITF,ITF3,15,Campania,Campania,5801692,307719,5.3,0.63
3847,2021-01-18,CAM,959,399,560,683,244,32,ITF,ITF3,15,Campania,Campania,5801692,308678,5.32,0.02
3848,2021-07-20,CAM,40122,19800,20322,6325,33331,466,ITF,ITF3,15,Campania,Campania,5801692,348800,6.01,0.69
3849,2021-06-07,CAM,57594,27724,29870,52764,4046,784,ITF,ITF3,15,Campania,Campania,5801692,406394,7.0,0.99
3850,2021-02-25,CAM,12430,4481,7949,10945,1194,291,ITF,ITF3,15,Campania,Campania,5801692,418824,7.22,0.21
3851,2021-04-09,CAM,29952,14085,15867,23184,6138,630,ITF,ITF3,15,Campania,Campania,5801692,448776,7.74,0.52
3852,2021-06-05,CAM,77649,37593,40056,70790,6039,820,ITF,ITF3,15,Campania,Campania,5801692,526425,9.07,1.34
3853,2021-06-24,CAM,66089,31840,34249,13428,52279,382,ITF,ITF3,15,Campania,Campania,5801692,592514,10.21,1.14
3854,2021-03-16,CAM,8088,3519,4569,3700,4316,72,ITF,ITF3,15,Campania,Campania,5801692,600602,10.35,0.14
3855,2021-08-20,CAM,17345,9297,8048,7448,9369,528,ITF,ITF3,15,Campania,Campania,5801692,617947,10.65,0.3
3856,2021-01-25,CAM,5750,2927,2823,167,5583,0,ITF,ITF3,15,Campania,Campania,5801692,623697,10.75,0.1
3857,2021-07-01,CAM,61521,29856,31665,19791,41017,713,ITF,ITF3,15,Campania,Campania,5801692,685218,11.81,1.06
3858,2021-03-23,CAM,15742,7445,8297,12867,2513,362,ITF,ITF3,15,Campania,Campania,5801692,700960,12.08,0.27
3859,2021-08-27,CAM,10936,5670,5266,3009,7630,297,ITF,ITF3,15,Campania,Campania,5801692,711896,12.27,0.19
3860,2021-01-30,CAM,10732,5083,5649,43,10687,2,ITF,ITF3,15,Campania,Campania,5801692,722628,12.46,0.18
3861,2021-07-03,CAM,67284,32498,34786,8171,58711,402,ITF,ITF3,15,Campania,Campania,5801692,789912,13.62,1.16
3862,2021-01-16,CAM,3372,1677,1695,3261,0,111,ITF,ITF3,15,Campania,Campania,5801692,793284,13.67,0.06
3863,2021-08-03,CAM,31998,16215,15783,14591,16649,758,ITF,ITF3,15,Campania,Campania,5801692,825282,14.22,0.55
3864,2021-02-11,CAM,6284,2707,3577,5922,67,295,ITF,ITF3,15,Campania,Campania,5801692,831566,14.33,0.11
3865,2021-07-27,CAM,49098,24386,24712,12722,35718,658,ITF,ITF3,15,Campania,Campania,5801692,880664,15.18,0.85
3866,2021-06-26,CAM,62948,30693,32255,14639,47859,450,ITF,ITF3,15,Campania,Campania,5801692,943612,16.26,1.08
3867,2021-07-13,CAM,53687,25792,27895,4892,48499,296,ITF,ITF3,15,Campania,Campania,5801692,997299,17.19,0.93
3868,2021-04-04,CAM,7966,4017,3949,6688,1047,231,ITF,ITF3,15,Campania,Campania,5801692,1005265,17.33,0.14
3869,2021-06-12,CAM,64002,31546,32456,55831,7216,955,ITF,ITF3,15,Campania,Campania,5801692,1069267,18.43,1.1
3870,2021-03-04,CAM,14708,5396,9312,8536,5896,276,ITF,ITF3,15,Campania,Campania,5801692,1083975,18.68,0.25
3871,2021-03-09,CAM,14139,6874,7265,9919,3798,422,ITF,ITF3,15,Campania,Campania,5801692,1098114,18.93,0.24
3872,2021-05-31,CAM,40795,20694,20101,29844,10380,571,ITF,ITF3,15,Campania,Campania,5801692,1138909,19.63,0.7
3873,2021-08-26,CAM,24483,12718,11765,8170,15519,794,ITF,ITF3,15,Campania,Campania,5801692,1163392,20.05,0.42
3874,2021-05-26,CAM,52731,25870,26861,21107,31152,472,ITF,ITF3,15,Campania,Campania,5801692,1216123,20.96,0.91
3875,2021-05-17,CAM,49502,21755,27747,23656,25389,457,ITF,ITF3,15,Campania,Campania,5801692,1265625,21.81,0.85
3876,2021-02-06,CAM,5341,2666,2675,2004,3239,98,ITF,ITF3,15,Campania,Campania,5801692,1270966,21.91,0.09
3877,2021-07-22,CAM,61812,30514,31298,6543,54749,520,ITF,ITF3,15,Campania,Campania,5801692,1332778,22.97,1.07
3878,2021-08-08,CAM,7571,4039,3532,4648,2665,258,ITF,ITF3,15,Campania,Campania,5801692,1340349,23.1,0.13
3879,2021-04-30,CAM,42327,20195,22132,24975,16507,845,ITF,ITF3,15,Campania,Campania,5801692,1382676,23.83,0.73
3880,2021-02-04,CAM,7943,3429,4514,1249,6635,59,ITF,ITF3,15,Campania,Campania,5801692,1390619,23.97,0.14
3881,2021-01-01,CAM,919,506,413,899,0,20,ITF,ITF3,15,Campania,Campania,5801692,1391538,23.99,0.02
3882,2021-05-19,CAM,51287,22649,28638,33813,16738,736,ITF,ITF3,15,Campania,Campania,5801692,1442825,24.87,0.88
3883,2021-05-05,CAM,51189,24867,26322,43224,6396,1569,ITF,ITF3,15,Campania,Campania,5801692,1494014,25.75,0.88
3884,2021-05-12,CAM,40921,19968,20953,30591,9171,1159,ITF,ITF3,15,Campania,Campania,5801692,1534935,26.46,0.71
3885,2021-06-14,CAM,37129,17920,19209,18763,18020,346,ITF,ITF3,15,Campania,Campania,5801692,1572064,27.1,0.64
3886,2021-08-10,CAM,21637,11191,10446,13690,6946,1001,ITF,ITF3,15,Campania,Campania,5801692,1593701,27.47,0.37
3887,2021-08-22,CAM,6762,3834,2928,2493,4125,144,ITF,ITF3,15,Campania,Campania,5801692,1600463,27.59,0.12
3888,2021-01-23,CAM,3843,2032,1811,267,3570,6,ITF,ITF3,15,Campania,Campania,5801692,1604306,27.65,0.07
3889,2021-03-21,CAM,10074,4676,5398,7493,2391,190,ITF,ITF3,15,Campania,Campania,5801692,1614380,27.83,0.17
3890,2021-02-10,CAM,6909,3415,3494,6483,178,248,ITF,ITF3,15,Campania,Campania,5801692,1621289,27.95,0.12
3891,2021-07-17,CAM,55268,27560,27708,3501,51546,221,ITF,ITF3,15,Campania,Campania,5801692,1676557,28.9,0.95
3892,2021-04-08,CAM,28498,13822,14676,22045,5847,606,ITF,ITF3,15,Campania,Campania,5801692,1705055,29.39,0.49
3893,2021-06-04,CAM,74567,35834,38733,64679,9132,756,ITF,ITF3,15,Campania,Campania,5801692,1779622,30.67,1.29
3894,2021-04-16,CAM,34441,16635,17806,23077,10668,696,ITF,ITF3,15,Campania,Campania,5801692,1814063,31.27,0.59
3895,2021-01-06,CAM,7650,3750,3900,7506,0,144,ITF,ITF3,15,Campania,Campania,5801692,1821713,31.4,0.13
3896,2021-02-18,CAM,9091,3818,5273,8155,707,229,ITF,ITF3,15,Campania,Campania,5801692,1830804,31.56,0.16
3897,2021-04-25,CAM,30748,15180,15568,24563,5408,777,ITF,ITF3,15,Campania,Campania,5801692,1861552,32.09,0.53
3898,2021-07-31,CAM,30718,16211,14507,10580,19594,544,ITF,ITF3,15,Campania,Campania,5801692,1892270,32.62,0.53
3899,2021-05-07,CAM,59787,29213,30574,42540,15966,1281,ITF,ITF3,15,Campania,Campania,5801692,1952057,33.65,1.03
3900,2021-01-27,CAM,7739,3820,3919,156,7578,5,ITF,ITF3,15,Campania,Campania,5801692,1959796,33.78,0.13
3901,2021-06-02,CAM,42935,20181,22754,37735,4727,473,ITF,ITF3,15,Campania,Campania,5801692,2002731,34.52,0.74
3902,2021-02-22,CAM,10688,3296,7392,10163,268,257,ITF,ITF3,15,Campania,Campania,5801692,2013419,34.7,0.18
3903,2021-03-11,CAM,18014,9066,8948,10288,7292,434,ITF,ITF3,15,Campania,Campania,5801692,2031433,35.01,0.31
3904,2021-08-24,CAM,22665,11757,10908,8763,13180,722,ITF,ITF3,15,Campania,Campania,5801692,2054098,35.41,0.39
3905,2021-05-16,CAM,51151,23227,27924,32858,17576,717,ITF,ITF3,15,Campania,Campania,5801692,2105249,36.29,0.88
3906,2021-02-20,CAM,8573,3080,5493,8096,303,174,ITF,ITF3,15,Campania,Campania,5801692,2113822,36.43,0.15
3907,2021-04-06,CAM,24519,11563,12956,19477,4525,517,ITF,ITF3,15,Campania,Campania,5801692,2138341,36.86,0.42
3908,2021-07-12,CAM,56695,27373,29322,3744,52603,348,ITF,ITF3,15,Campania,Campania,5801692,2195036,37.83,0.98
3909,2020-12-27,CAM,720,422,298,716,0,4,ITF,ITF3,15,Campania,Campania,5801692,2195756,37.85,0.01
3910,2021-07-29,CAM,48531,24371,24160,13624,34129,778,ITF,ITF3,15,Campania,Campania,5801692,2244287,38.68,0.84
3911,2021-04-20,CAM,32146,15540,16606,20241,11316,589,ITF,ITF3,15,Campania,Campania,5801692,2276433,39.24,0.55
3912,2021-06-28,CAM,46530,22741,23789,20543,25408,579,ITF,ITF3,15,Campania,Campania,5801692,2322963,40.04,0.8
3913,2021-03-20,CAM,13989,6530,7459,9986,3739,264,ITF,ITF3,15,Campania,Campania,5801692,2336952,40.28,0.24
3914,2021-02-27,CAM,13955,4472,9483,11971,1650,334,ITF,ITF3,15,Campania,Campania,5801692,2350907,40.52,0.24
3915,2021-06-16,CAM,31651,15010,16641,20548,10773,330,ITF,ITF3,15,Campania,Campania,5801692,2382558,41.07,0.55
3916,2021-08-12,CAM,18919,9994,8925,12424,5710,785,ITF,ITF3,15,Campania,Campania,5801692,2401477,41.39,0.33
3917,2021-05-02,CAM,43477,21538,21939,31215,11361,901,ITF,ITF3,15,Campania,Campania,5801692,2444954,42.14,0.75
3918,2021-01-22,CAM,1525,776,749,659,852,14,ITF,ITF3,15,Campania,Campania,5801692,2446479,42.17,0.03
3919,2021-03-06,CAM,16373,6816,9557,10383,5670,320,ITF,ITF3,15,Campania,Campania,5801692,2462852,42.45,0.28
3920,2021-08-19,CAM,21967,11620,10347,9593,11726,648,ITF,ITF3,15,Campania,Campania,5801692,2484819,42.83,0.38
3921,2021-03-08,CAM,14691,6849,7842,9459,4780,452,ITF,ITF3,15,Campania,Campania,5801692,2499510,43.08,0.25
3922,2021-07-08,CAM,61118,29416,31702,5640,55146,332,ITF,ITF3,15,Campania,Campania,5801692,2560628,44.14,1.05
3923,2021-05-04,CAM,48479,23343,25136,38278,8906,1295,ITF,ITF3,15,Campania,Campania,5801692,2609107,44.97,0.84
3924,2021-01-24,CAM,4122,2119,2003,360,3745,17,ITF,ITF3,15,Campania,Campania,5801692,2613229,45.04,0.07
3925,2021-08-21,CAM,9882,5415,4467,4069,5441,372,ITF,ITF3,15,Campania,Campania,5801692,2623111,45.21,0.17
3926,2021-05-13,CAM,55457,24834,30623,37848,16023,1586,ITF,ITF3,15,Campania,Campania,5801692,2678568,46.17,0.96
3927,2021-07-09,CAM,61489,29766,31723,4340,56824,325,ITF,ITF3,15,Campania,Campania,5801692,2740057,47.23,1.06
3928,2021-01-31,CAM,8070,3712,4358,22,8047,1,ITF,ITF3,15,Campania,Campania,5801692,2748127,47.37,0.14
3929,2021-05-21,CAM,63864,29647,34217,42154,20698,1012,ITF,ITF3,15,Campania,Campania,5801692,2811991,48.47,1.1
3930,2021-04-01,CAM,24683,12013,12670,20054,4133,496,ITF,ITF3,15,Campania,Campania,5801692,2836674,48.89,0.43
3931,2021-05-28,CAM,73072,35323,37749,26270,46181,621,ITF,ITF3,15,Campania,Campania,5801692,2909746,50.15,1.26
3932,2021-05-14,CAM,61045,27583,33462,34808,24733,1504,ITF,ITF3,15,Campania,Campania,5801692,2970791,51.21,1.05
3933,2021-07-10,CAM,66912,32668,34244,2732,63961,219,ITF,ITF3,15,Campania,Campania,5801692,3037703,52.36,1.15
3934,2021-02-24,CAM,11785,4150,7635,10829,688,268,ITF,ITF3,15,Campania,Campania,5801692,3049488,52.56,0.2
3935,2021-02-03,CAM,8903,4003,4900,842,8025,36,ITF,ITF3,15,Campania,Campania,5801692,3058391,52.72,0.15
3936,2021-05-18,CAM,52231,23248,28983,31857,19711,663,ITF,ITF3,15,Campania,Campania,5801692,3110622,53.62,0.9
3937,2021-02-15,CAM,5472,2516,2956,5151,175,146,ITF,ITF3,15,Campania,Campania,5801692,3116094,53.71,0.09
3938,2021-06-09,CAM,53059,26052,27007,41618,10912,529,ITF,ITF3,15,Campania,Campania,5801692,3169153,54.62,0.91
3939,2021-03-01,CAM,12133,4248,7885,7757,4113,263,ITF,ITF3,15,Campania,Campania,5801692,3181286,54.83,0.21
3940,2021-08-17,CAM,22271,12038,10233,7304,14432,535,ITF,ITF3,15,Campania,Campania,5801692,3203557,55.22,0.38
3941,2021-05-09,CAM,43211,20293,22918,30906,11104,1201,ITF,ITF3,15,Campania,Campania,5801692,3246768,55.96,0.74
3942,2021-01-10,CAM,8165,3736,4429,7963,0,202,ITF,ITF3,15,Campania,Campania,5801692,3254933,56.1,0.14
3943,2021-03-25,CAM,20325,9656,10669,16345,3505,475,ITF,ITF3,15,Campania,Campania,5801692,3275258,56.45,0.35
3944,2021-07-24,CAM,47993,24871,23122,6740,40887,366,ITF,ITF3,15,Campania,Campania,5801692,3323251,57.28,0.83
3945,2021-03-18,CAM,12178,5383,6795,5794,6191,193,ITF,ITF3,15,Campania,Campania,5801692,3335429,57.49,0.21
3946,2021-07-14,CAM,51112,24580,26532,4305,46497,310,ITF,ITF3,15,Campania,Campania,5801692,3386541,58.37,0.88
3947,2021-05-11,CAM,39888,19250,20638,29545,9406,937,ITF,ITF3,15,Campania,Campania,5801692,3426429,59.06,0.69
3948,2021-07-11,CAM,40867,19669,21198,1007,39774,86,ITF,ITF3,15,Campania,Campania,5801692,3467296,59.76,0.7
3949,2021-02-02,CAM,5724,2806,2918,413,5280,31,ITF,ITF3,15,Campania,Campania,5801692,3473020,59.86,0.1
3950,2021-03-31,CAM,23198,11376,11822,19328,3440,430,ITF,ITF3,15,Campania,Campania,5801692,3496218,60.26,0.4
3951,2021-07-18,CAM,31342,15762,15580,3832,27166,344,ITF,ITF3,15,Campania,Campania,5801692,3527560,60.8,0.54
3952,2021-04-07,CAM,24975,11989,12986,19680,4725,570,ITF,ITF3,15,Campania,Campania,5801692,3552535,61.23,0.43
3953,2021-02-08,CAM,5120,2453,2667,4165,808,147,ITF,ITF3,15,Campania,Campania,5801692,3557655,61.32,0.09
3954,2021-02-01,CAM,3987,1813,2174,103,3876,8,ITF,ITF3,15,Campania,Campania,5801692,3561642,61.39,0.07
3955,2021-03-30,CAM,22055,10579,11476,18576,2957,522,ITF,ITF3,15,Campania,Campania,5801692,3583697,61.77,0.38
3956,2021-01-05,CAM,7237,3637,3600,7073,0,164,ITF,ITF3,15,Campania,Campania,5801692,3590934,61.89,0.12
3957,2021-02-17,CAM,7407,3220,4187,6213,1064,130,ITF,ITF3,15,Campania,Campania,5801692,3598341,62.02,0.13
3958,2021-04-15,CAM,34347,16664,17683,23785,9905,657,ITF,ITF3,15,Campania,Campania,5801692,3632688,62.61,0.59
3959,2021-04-17,CAM,36201,17517,18684,23964,11517,720,ITF,ITF3,15,Campania,Campania,5801692,3668889,63.24,0.62
3960,2021-06-13,CAM,43430,21245,22185,38008,4731,691,ITF,ITF3,15,Campania,Campania,5801692,3712319,63.99,0.75
3961,2021-05-30,CAM,52167,25452,26715,37958,13325,884,ITF,ITF3,15,Campania,Campania,5801692,3764486,64.89,0.9
3962,2021-02-19,CAM,9575,3561,6014,8695,650,230,ITF,ITF3,15,Campania,Campania,5801692,3774061,65.05,0.17
3963,2021-07-26,CAM,48881,24338,24543,10423,37936,522,ITF,ITF3,15,Campania,Campania,5801692,3822942,65.89,0.84
3964,2021-08-09,CAM,25073,13080,11993,13737,10459,877,ITF,ITF3,15,Campania,Campania,5801692,3848015,66.33,0.43
3965,2021-02-05,CAM,7266,3463,3803,2023,5128,115,ITF,ITF3,15,Campania,Campania,5801692,3855281,66.45,0.13
3966,2021-08-07,CAM,17211,9197,8014,11233,5283,695,ITF,ITF3,15,Campania,Campania,5801692,3872492,66.75,0.3
3967,2021-04-29,CAM,41561,20183,21378,24008,16746,807,ITF,ITF3,15,Campania,Campania,5801692,3914053,67.46,0.72
3968,2021-01-19,CAM,1095,474,621,1042,3,50,ITF,ITF3,15,Campania,Campania,5801692,3915148,67.48,0.02
3969,2021-07-21,CAM,50211,24459,25752,8623,40885,703,ITF,ITF3,15,Campania,Campania,5801692,3965359,68.35,0.87
3970,2021-01-20,CAM,1259,650,609,1228,0,31,ITF,ITF3,15,Campania,Campania,5801692,3966618,68.37,0.02
3971,2021-04-13,CAM,26612,12687,13925,20549,5535,528,ITF,ITF3,15,Campania,Campania,5801692,3993230,68.83,0.46
3972,2021-01-03,CAM,3836,2009,1827,3787,0,49,ITF,ITF3,15,Campania,Campania,5801692,3997066,68.89,0.07
3973,2021-07-05,CAM,63303,30514,32789,12720,49877,706,ITF,ITF3,15,Campania,Campania,5801692,4060369,69.99,1.09
3974,2021-07-07,CAM,52309,24823,27486,7235,44639,435,ITF,ITF3,15,Campania,Campania,5801692,4112678,70.89,0.9
3975,2021-03-29,CAM,19407,9577,9830,17447,1550,410,ITF,ITF3,15,Campania,Campania,5801692,4132085,71.22,0.33
3976,2021-07-28,CAM,49489,24589,24900,13947,34775,767,ITF,ITF3,15,Campania,Campania,5801692,4181574,72.08,0.85
3977,2021-06-22,CAM,52456,25015,27441,13175,39006,275,ITF,ITF3,15,Campania,Campania,5801692,4234030,72.98,0.9
3978,2021-03-14,CAM,8618,3828,4790,4364,4142,112,ITF,ITF3,15,Campania,Campania,5801692,4242648,73.13,0.15
3979,2021-05-10,CAM,35479,16392,19087,24904,9932,643,ITF,ITF3,15,Campania,Campania,5801692,4278127,73.74,0.61
3980,2021-06-08,CAM,53115,25876,27239,45393,7076,646,ITF,ITF3,15,Campania,Campania,5801692,4331242,74.65,0.92
3981,2021-08-04,CAM,29831,15296,14535,15953,13086,792,ITF,ITF3,15,Campania,Campania,5801692,4361073,75.17,0.51
3982,2021-04-26,CAM,34050,16651,17399,27545,5623,882,ITF,ITF3,15,Campania,Campania,5801692,4395123,75.76,0.59
3983,2021-03-07,CAM,11973,5405,6568,7785,3844,344,ITF,ITF3,15,Campania,Campania,5801692,4407096,75.96,0.21
3984,2021-04-03,CAM,21119,10316,10803,18252,2383,484,ITF,ITF3,15,Campania,Campania,5801692,4428215,76.33,0.36
3985,2021-08-16,CAM,12464,6693,5771,6232,5721,511,ITF,ITF3,15,Campania,Campania,5801692,4440679,76.54,0.21
3986,2021-05-23,CAM,58763,28648,30115,37212,20905,646,ITF,ITF3,15,Campania,Campania,5801692,4499442,77.55,1.01
3987,2021-02-12,CAM,6533,2861,3672,6088,188,257,ITF,ITF3,15,Campania,Campania,5801692,4505975,77.67,0.11
3988,2021-01-29,CAM,10062,4814,5248,49,10009,4,ITF,ITF3,15,Campania,Campania,5801692,4516037,77.84,0.17
3989,2021-06-27,CAM,43558,21452,22106,14077,29071,410,ITF,ITF3,15,Campania,Campania,5801692,4559595,78.59,0.75
3990,2021-03-19,CAM,11149,4975,6174,7082,3875,192,ITF,ITF3,15,Campania,Campania,5801692,4570744,78.78,0.19
3991,2021-06-10,CAM,75990,36706,39284,67891,7084,1015,ITF,ITF3,15,Campania,Campania,5801692,4646734,80.09,1.31
3992,2021-05-08,CAM,56447,27148,29299,39065,15844,1538,ITF,ITF3,15,Campania,Campania,5801692,4703181,81.07,0.97
3993,2021-01-28,CAM,8840,4126,4714,131,8701,8,ITF,ITF3,15,Campania,Campania,5801692,4712021,81.22,0.15
3994,2021-07-30,CAM,44738,22766,21972,14419,29498,821,ITF,ITF3,15,Campania,Campania,5801692,4756759,81.99,0.77
3995,2021-04-05,CAM,11640,5542,6098,8914,2424,302,ITF,ITF3,15,Campania,Campania,5801692,4768399,82.19,0.2
3996,2021-03-17,CAM,11595,5101,6494,4850,6588,157,ITF,ITF3,15,Campania,Campania,5801692,4779994,82.39,0.2
3997,2021-06-11,CAM,70822,34407,36415,63800,6049,973,ITF,ITF3,15,Campania,Campania,5801692,4850816,83.61,1.22
3998,2021-03-03,CAM,13922,5494,8428,7081,6631,210,ITF,ITF3,15,Campania,Campania,5801692,4864738,83.85,0.24
3999,2021-06-25,CAM,65517,31805,33712,13744,51345,428,ITF,ITF3,15,Campania,Campania,5801692,4930255,84.98,1.13
4000,2021-01-21,CAM,2093,1116,977,669,1417,7,ITF,ITF3,15,Campania,Campania,5801692,4932348,85.02,0.04
4001,2021-07-23,CAM,61830,30805,31025,8474,52862,494,ITF,ITF3,15,Campania,Campania,5801692,4994178,86.08,1.07
4002,2020-12-31,CAM,1490,811,679,1470,0,20,ITF,ITF3,15,Campania,Campania,5801692,4995668,86.11,0.03
4003,2021-06-06,CAM,63232,31448,31784,61827,649,756,ITF,ITF3,15,Campania,Campania,5801692,5058900,87.2,1.09
4004,2021-02-26,CAM,13343,4230,9113,11704,1342,297,ITF,ITF3,15,Campania,Campania,5801692,5072243,87.43,0.23
4005,2021-08-02,CAM,41759,21218,20541,13211,27999,549,ITF,ITF3,15,Campania,Campania,5801692,5114002,88.15,0.72
4006,2021-04-24,CAM,36380,17535,18845,24337,11249,794,ITF,ITF3,15,Campania,Campania,5801692,5150382,88.77,0.63
4007,2021-07-19,CAM,43991,21540,22451,5189,38371,431,ITF,ITF3,15,Campania,Campania,5801692,5194373,89.53,0.76
4008,2021-04-10,CAM,28361,13495,14866,22785,4917,659,ITF,ITF3,15,Campania,Campania,5801692,5222734,90.02,0.49
4009,2021-07-16,CAM,61051,29863,31188,6727,53903,421,ITF,ITF3,15,Campania,Campania,5801692,5283785,91.07,1.05
4010,2021-04-02,CAM,21867,10525,11342,19067,2324,476,ITF,ITF3,15,Campania,Campania,5801692,5305652,91.45,0.38
4011,2021-04-21,CAM,30337,14766,15571,17548,12231,558,ITF,ITF3,15,Campania,Campania,5801692,5335989,91.97,0.52
4012,2021-05-25,CAM,46550,22407,24143,22541,23455,554,ITF,ITF3,15,Campania,Campania,5801692,5382539,92.78,0.8
4013,2021-04-22,CAM,34118,16636,17482,20914,12544,660,ITF,ITF3,15,Campania,Campania,5801692,5416657,93.36,0.59
4014,2021-01-12,CAM,5214,2564,2650,5075,0,139,ITF,ITF3,15,Campania,Campania,5801692,5421871,93.45,0.09
4015,2021-08-14,CAM,4917,2804,2113,2053,2705,159,ITF,ITF3,15,Campania,Campania,5801692,5426788,93.54,0.08
4016,2021-05-06,CAM,57616,28137,29479,41235,14775,1606,ITF,ITF3,15,Campania,Campania,5801692,5484404,94.53,0.99
4017,2021-08-18,CAM,19579,10337,9242,7754,11277,548,ITF,ITF3,15,Campania,Campania,5801692,5503983,94.87,0.34
4018,2021-02-28,CAM,10413,3207,7206,8290,1900,223,ITF,ITF3,15,Campania,Campania,5801692,5514396,95.05,0.18
4019,2021-02-14,CAM,3929,1923,2006,3842,34,53,ITF,ITF3,15,Campania,Campania,5801692,5518325,95.12,0.07
4020,2021-04-14,CAM,27666,13338,14328,18649,8590,427,ITF,ITF3,15,Campania,Campania,5801692,5545991,95.59,0.48
4021,2021-05-01,CAM,46352,22665,23687,29281,16111,960,ITF,ITF3,15,Campania,Campania,5801692,5592343,96.39,0.8
4022,2021-07-06,CAM,56703,27070,29633,16112,40092,499,ITF,ITF3,15,Campania,Campania,5801692,5649046,97.37,0.98
4023,2021-04-12,CAM,23307,10920,12387,19750,3035,522,ITF,ITF3,15,Campania,Campania,5801692,5672353,97.77,0.4
4024,2021-01-02,CAM,3671,1962,1709,3613,0,58,ITF,ITF3,15,Campania,Campania,5801692,5676024,97.83,0.06
4025,2021-06-17,CAM,60216,28868,31348,32837,26799,580,ITF,ITF3,15,Campania,Campania,5801692,5736240,98.87,1.04
4026,2021-07-04,CAM,48822,23766,25056,6302,42318,202,ITF,ITF3,15,Campania,Campania,5801692,5785062,99.71,0.84
4027,2021-03-26,CAM,19868,9324,10544,15614,3817,437,ITF,ITF3,15,Campania,Campania,5801692,5804930,100.06,0.34
4028,2021-06-20,CAM,47611,22747,24864,14299,32992,320,ITF,ITF3,15,Campania,Campania,5801692,5852541,100.88,0.82
4029,2021-03-27,CAM,21515,10241,11274,17229,3868,418,ITF,ITF3,15,Campania,Campania,5801692,5874056,101.25,0.37
4030,2021-06-01,CAM,42275,20966,21309,31486,10541,248,ITF,ITF3,15,Campania,Campania,5801692,5916331,101.98,0.73
4031,2021-06-18,CAM,65898,31406,34492,35019,30305,574,ITF,ITF3,15,Campania,Campania,5801692,5982229,103.11,1.14
4032,2021-03-10,CAM,15632,7732,7900,8435,6850,347,ITF,ITF3,15,Campania,Campania,5801692,5997861,103.38,0.27
4033,2021-08-06,CAM,31221,16255,14966,17575,12638,1008,ITF,ITF3,15,Campania,Campania,5801692,6029082,103.92,0.54
4034,2021-08-23,CAM,23711,12357,11354,9546,13335,830,ITF,ITF3,15,Campania,Campania,5801692,6052793,104.33,0.41
4035,2021-05-15,CAM,62815,29082,33733,42120,18870,1825,ITF,ITF3,15,Campania,Campania,5801692,6115608,105.41,1.08
4036,2021-08-11,CAM,21050,11094,9956,12111,8142,797,ITF,ITF3,15,Campania,Campania,5801692,6136658,105.77,0.36
4037,2021-05-03,CAM,40752,19891,20861,27868,11864,1020,ITF,ITF3,15,Campania,Campania,5801692,6177410,106.48,0.7
4038,2021-06-29,CAM,49341,23996,25345,19726,29118,497,ITF,ITF3,15,Campania,Campania,5801692,6226751,107.33,0.85
4039,2021-06-15,CAM,18682,9093,9589,11009,7418,255,ITF,ITF3,15,Campania,Campania,5801692,6245433,107.65,0.32
4040,2021-01-26,CAM,7343,3728,3615,331,6991,21,ITF,ITF3,15,Campania,Campania,5801692,6252776,107.78,0.13
4041,2021-04-19,CAM,30772,14827,15945,18664,11577,531,ITF,ITF3,15,Campania,Campania,5801692,6283548,108.31,0.53
4042,2021-01-09,CAM,10564,5022,5542,10302,0,262,ITF,ITF3,15,Campania,Campania,5801692,6294112,108.49,0.18
4043,2021-03-12,CAM,14579,7412,7167,8161,6086,332,ITF,ITF3,15,Campania,Campania,5801692,6308691,108.74,0.25
4044,2021-01-07,CAM,8909,4167,4742,8735,0,174,ITF,ITF3,15,Campania,Campania,5801692,6317600,108.89,0.15
4045,2021-03-05,CAM,16821,6668,10153,9842,6669,310,ITF,ITF3,15,Campania,Campania,5801692,6334421,109.18,0.29
4046,2021-08-13,CAM,16862,9150,7712,9733,6600,529,ITF,ITF3,15,Campania,Campania,5801692,6351283,109.47,0.29
4047,2021-06-03,CAM,72648,35234,37414,61060,10680,908,ITF,ITF3,15,Campania,Campania,5801692,6423931,110.73,1.25
4048,2021-02-23,CAM,11009,3394,7615,10175,534,300,ITF,ITF3,15,Campania,Campania,5801692,6434940,110.91,0.19
4049,2021-08-25,CAM,22835,12030,10805,8746,13400,689,ITF,ITF3,15,Campania,Campania,5801692,6457775,111.31,0.39
4050,2021-02-21,CAM,5837,2241,3596,5493,225,119,ITF,ITF3,15,Campania,Campania,5801692,6463612,111.41,0.1
4051,2021-01-14,CAM,7074,2977,4097,6809,0,265,ITF,ITF3,15,Campania,Campania,5801692,6470686,111.53,0.12
4052,2021-01-13,CAM,8021,3667,4354,7776,0,245,ITF,ITF3,15,Campania,Campania,5801692,6478707,111.67,0.14
4053,2021-04-18,CAM,27220,13286,13934,17787,8903,530,ITF,ITF3,15,Campania,Campania,5801692,6505927,112.14,0.47
4054,2021-01-08,CAM,10453,4967,5486,10192,0,261,ITF,ITF3,15,Campania,Campania,5801692,6516380,112.32,0.18
4055,2021-04-27,CAM,32169,15632,16537,23450,7930,789,ITF,ITF3,15,Campania,Campania,5801692,6548549,112.87,0.55
4056,2021-06-23,CAM,46768,22090,24678,10721,35798,249,ITF,ITF3,15,Campania,Campania,5801692,6595317,113.68,0.81
4057,2021-08-05,CAM,35233,18074,17159,17374,16835,1024,ITF,ITF3,15,Campania,Campania,5801692,6630550,114.29,0.61
4058,2021-01-15,CAM,4978,2380,2598,4820,0,158,ITF,ITF3,15,Campania,Campania,5801692,6635528,114.37,0.09
4059,2021-06-21,CAM,46879,22645,24234,11302,35248,329,ITF,ITF3,15,Campania,Campania,5801692,6682407,115.18,0.81
4060,2021-03-13,CAM,14524,7042,7482,8962,5283,279,ITF,ITF3,15,Campania,Campania,5801692,6696931,115.43,0.25
4061,2021-03-22,CAM,13183,6346,6837,10835,2043,305,ITF,ITF3,15,Campania,Campania,5801692,6710114,115.66,0.23
4062,2021-02-07,CAM,2929,1382,1547,2066,771,92,ITF,ITF3,15,Campania,Campania,5801692,6713043,115.71,0.05
4063,2021-06-30,CAM,47664,22772,24892,18359,28647,658,ITF,ITF3,15,Campania,Campania,5801692,6760707,116.53,0.82
4064,2021-01-17,CAM,1155,551,604,682,453,20,ITF,ITF3,15,Campania,Campania,5801692,6761862,116.55,0.02
4065,2021-03-15,CAM,13348,6494,6854,8317,4747,284,ITF,ITF3,15,Campania,Campania,5801692,6775210,116.78,0.23
4066,2021-07-02,CAM,55881,27002,28879,14413,40951,517,ITF,ITF3,15,Campania,Campania,5801692,6831091,117.74,0.96
4067,2021-05-27,CAM,73027,35382,37645,25812,46652,563,ITF,ITF3,15,Campania,Campania,5801692,6904118,119.0,1.26
4068,2021-02-16,CAM,5455,2418,3037,4508,771,176,ITF,ITF3,15,Campania,Campania,5801692,6909573,119.1,0.09
4069,2021-05-22,CAM,68130,32556,35574,45614,21658,858,ITF,ITF3,15,Campania,Campania,5801692,6977703,120.27,1.17
4070,2021-03-24,CAM,17923,8370,9553,14589,2958,376,ITF,ITF3,15,Campania,Campania,5801692,6995626,120.58,0.31
4071,2021-05-20,CAM,61003,28241,32762,42240,17791,972,ITF,ITF3,15,Campania,Campania,5801692,7056629,121.63,1.05
4072,2021-02-09,CAM,4643,2202,2441,4231,252,160,ITF,ITF3,15,Campania,Campania,5801692,7061272,121.71,0.08
4073,2021-05-29,CAM,67852,32275,35577,43071,23934,847,ITF,ITF3,15,Campania,Campania,5801692,7129124,122.88,1.17
4074,2021-07-25,CAM,23174,11755,11419,4289,18738,147,ITF,ITF3,15,Campania,Campania,5801692,7152298,123.28,0.4
4075,2021-07-06,PIE,38309,19397,18912,8645,29119,545,ITC,ITC1,1,Piemonte,Piemonte,4356406,38309,0.88,0.88
4076,2021-03-28,PIE,16078,6902,9176,8120,7624,334,ITC,ITC1,1,Piemonte,Piemonte,4356406,54387,1.25,0.37
4077,2021-07-20,PIE,39075,20557,18518,5745,32764,566,ITC,ITC1,1,Piemonte,Piemonte,4356406,93462,2.15,0.9
4078,2021-04-11,PIE,20844,9323,11521,18226,2151,467,ITC,ITC1,1,Piemonte,Piemonte,4356406,114306,2.62,0.48
4079,2021-01-04,PIE,5573,1684,3889,5572,0,1,ITC,ITC1,1,Piemonte,Piemonte,4356406,119879,2.75,0.13
4080,2021-04-28,PIE,26086,11757,14329,15479,10056,551,ITC,ITC1,1,Piemonte,Piemonte,4356406,145965,3.35,0.6
4081,2021-01-18,PIE,6173,2049,4124,5918,251,4,ITC,ITC1,1,Piemonte,Piemonte,4356406,152138,3.49,0.14
4082,2021-07-15,PIE,42571,21997,20574,4088,38025,458,ITC,ITC1,1,Piemonte,Piemonte,4356406,194709,4.47,0.98
4083,2021-08-01,PIE,27149,14379,12770,8427,18280,442,ITC,ITC1,1,Piemonte,Piemonte,4356406,221858,5.09,0.62
4084,2021-04-23,PIE,27458,12610,14848,19986,6765,707,ITC,ITC1,1,Piemonte,Piemonte,4356406,249316,5.72,0.63
4085,2021-06-19,PIE,40113,20342,19771,22883,16677,553,ITC,ITC1,1,Piemonte,Piemonte,4356406,289429,6.64,0.92
4086,2021-02-04,PIE,10225,3350,6875,582,9641,2,ITC,ITC1,1,Piemonte,Piemonte,4356406,299654,6.88,0.23
4087,2021-08-15,PIE,6562,3623,2939,5026,1268,268,ITC,ITC1,1,Piemonte,Piemonte,4356406,306216,7.03,0.15
4088,2021-05-24,PIE,29011,13431,15580,16646,11982,383,ITC,ITC1,1,Piemonte,Piemonte,4356406,335227,7.7,0.67
4089,2021-03-02,PIE,11327,4615,6712,10323,813,191,ITC,ITC1,1,Piemonte,Piemonte,4356406,346554,7.96,0.26
4090,2021-03-23,PIE,13206,5570,7636,6640,6247,319,ITC,ITC1,1,Piemonte,Piemonte,4356406,359760,8.26,0.3
4091,2021-01-16,PIE,7774,2625,5149,7767,0,7,ITC,ITC1,1,Piemonte,Piemonte,4356406,367534,8.44,0.18
4092,2021-07-08,PIE,40992,20967,20025,7446,32979,567,ITC,ITC1,1,Piemonte,Piemonte,4356406,408526,9.38,0.94
4093,2021-02-11,PIE,6768,2108,4660,2987,3762,19,ITC,ITC1,1,Piemonte,Piemonte,4356406,415294,9.53,0.16
4094,2021-04-09,PIE,25907,11406,14501,20826,4505,576,ITC,ITC1,1,Piemonte,Piemonte,4356406,441201,10.13,0.59
4095,2020-12-30,PIE,734,323,411,734,0,0,ITC,ITC1,1,Piemonte,Piemonte,4356406,441935,10.14,0.02
4096,2021-06-05,PIE,36978,18936,18042,31880,4460,638,ITC,ITC1,1,Piemonte,Piemonte,4356406,478913,10.99,0.85
4097,2021-02-25,PIE,12269,5294,6975,11538,547,184,ITC,ITC1,1,Piemonte,Piemonte,4356406,491182,11.27,0.28
4098,2021-06-07,PIE,34939,17876,17063,29517,4804,618,ITC,ITC1,1,Piemonte,Piemonte,4356406,526121,12.08,0.8
4099,2021-08-03,PIE,30124,15758,14366,9297,20378,449,ITC,ITC1,1,Piemonte,Piemonte,4356406,556245,12.77,0.69
4100,2021-08-27,PIE,9049,4791,4258,3730,5024,295,ITC,ITC1,1,Piemonte,Piemonte,4356406,565294,12.98,0.21
4101,2021-05-19,PIE,33148,15302,17846,21419,11139,590,ITC,ITC1,1,Piemonte,Piemonte,4356406,598442,13.74,0.76
4102,2021-03-14,PIE,8214,3340,4874,5174,2900,140,ITC,ITC1,1,Piemonte,Piemonte,4356406,606656,13.93,0.19
4103,2021-05-10,PIE,29062,14022,15040,15301,13135,626,ITC,ITC1,1,Piemonte,Piemonte,4356406,635718,14.59,0.67
4104,2021-01-30,PIE,5992,2142,3850,217,5774,1,ITC,ITC1,1,Piemonte,Piemonte,4356406,641710,14.73,0.14
4105,2021-06-24,PIE,39264,19707,19557,18328,20336,600,ITC,ITC1,1,Piemonte,Piemonte,4356406,680974,15.63,0.9
4106,2021-03-16,PIE,10528,4276,6252,4368,6066,94,ITC,ITC1,1,Piemonte,Piemonte,4356406,691502,15.87,0.24
4107,2021-08-20,PIE,16435,8810,7625,10235,5525,675,ITC,ITC1,1,Piemonte,Piemonte,4356406,707937,16.25,0.38
4108,2021-05-12,PIE,31940,15205,16735,18377,12940,623,ITC,ITC1,1,Piemonte,Piemonte,4356406,739877,16.98,0.73
4109,2021-05-17,PIE,30983,14633,16350,17375,13198,410,ITC,ITC1,1,Piemonte,Piemonte,4356406,770860,17.69,0.71
4110,2021-02-06,PIE,8005,2666,5339,396,7607,2,ITC,ITC1,1,Piemonte,Piemonte,4356406,778865,17.88,0.18
4111,2021-02-23,PIE,9253,3725,5528,8492,586,175,ITC,ITC1,1,Piemonte,Piemonte,4356406,788118,18.09,0.21
4112,2021-05-31,PIE,29146,14071,15075,20150,8586,410,ITC,ITC1,1,Piemonte,Piemonte,4356406,817264,18.76,0.67
4113,2021-06-17,PIE,41172,20668,20504,24198,16355,619,ITC,ITC1,1,Piemonte,Piemonte,4356406,858436,19.71,0.95
4114,2021-03-09,PIE,14322,5734,8588,11739,2348,235,ITC,ITC1,1,Piemonte,Piemonte,4356406,872758,20.03,0.33
4115,2021-06-26,PIE,41245,20984,20261,21950,18585,710,ITC,ITC1,1,Piemonte,Piemonte,4356406,914003,20.98,0.95
4116,2021-07-13,PIE,38879,20058,18821,3669,34878,332,ITC,ITC1,1,Piemonte,Piemonte,4356406,952882,21.87,0.89
4117,2021-04-04,PIE,9261,4059,5202,6398,2712,151,ITC,ITC1,1,Piemonte,Piemonte,4356406,962143,22.09,0.21
4118,2021-04-21,PIE,25775,11845,13930,19752,5355,668,ITC,ITC1,1,Piemonte,Piemonte,4356406,987918,22.68,0.59
4119,2021-01-11,PIE,8750,2981,5769,8744,0,6,ITC,ITC1,1,Piemonte,Piemonte,4356406,996668,22.88,0.2
4120,2021-08-08,PIE,20243,10818,9425,8996,10922,325,ITC,ITC1,1,Piemonte,Piemonte,4356406,1016911,23.34,0.46
4121,2021-04-30,PIE,31976,14383,17593,17945,13344,687,ITC,ITC1,1,Piemonte,Piemonte,4356406,1048887,24.08,0.73
4122,2021-06-02,PIE,26737,13084,13653,21647,4648,442,ITC,ITC1,1,Piemonte,Piemonte,4356406,1075624,24.69,0.61
4123,2021-06-12,PIE,42658,22483,20175,39237,2627,794,ITC,ITC1,1,Piemonte,Piemonte,4356406,1118282,25.67,0.98
4124,2021-04-02,PIE,20166,8329,11837,11335,8432,399,ITC,ITC1,1,Piemonte,Piemonte,4356406,1138448,26.13,0.46
4125,2021-05-29,PIE,32841,15245,17596,20296,12186,359,ITC,ITC1,1,Piemonte,Piemonte,4356406,1171289,26.89,0.75
4126,2021-02-18,PIE,4803,2104,2699,4286,429,88,ITC,ITC1,1,Piemonte,Piemonte,4356406,1176092,27.0,0.11
4127,2021-07-25,PIE,28683,15214,13469,6583,21604,496,ITC,ITC1,1,Piemonte,Piemonte,4356406,1204775,27.66,0.66
4128,2021-04-16,PIE,28450,13226,15224,22677,5012,761,ITC,ITC1,1,Piemonte,Piemonte,4356406,1233225,28.31,0.65
4129,2021-01-23,PIE,4262,1326,2936,878,3382,2,ITC,ITC1,1,Piemonte,Piemonte,4356406,1237487,28.41,0.1
4130,2021-03-21,PIE,10734,4741,5993,4023,6538,173,ITC,ITC1,1,Piemonte,Piemonte,4356406,1248221,28.65,0.25
4131,2021-08-13,PIE,19928,10628,9300,12033,7221,674,ITC,ITC1,1,Piemonte,Piemonte,4356406,1268149,29.11,0.46
4132,2021-05-05,PIE,34688,16246,18442,20328,13668,692,ITC,ITC1,1,Piemonte,Piemonte,4356406,1302837,29.91,0.8
4133,2021-07-01,PIE,41949,20993,20956,19794,21137,1018,ITC,ITC1,1,Piemonte,Piemonte,4356406,1344786,30.87,0.96
4134,2020-12-28,PIE,1,1,0,1,0,0,ITC,ITC1,1,Piemonte,Piemonte,4356406,1344787,30.87,0.0
4135,2021-07-27,PIE,33752,17617,16135,8219,24976,557,ITC,ITC1,1,Piemonte,Piemonte,4356406,1378539,31.64,0.77
4136,2021-05-02,PIE,25156,11291,13865,14011,10749,396,ITC,ITC1,1,Piemonte,Piemonte,4356406,1403695,32.22,0.58
4137,2021-08-22,PIE,9574,5230,4344,5124,4097,353,ITC,ITC1,1,Piemonte,Piemonte,4356406,1413269,32.44,0.22
4138,2021-02-08,PIE,6923,2355,4568,661,6257,5,ITC,ITC1,1,Piemonte,Piemonte,4356406,1420192,32.6,0.16
4139,2021-08-24,PIE,15175,8094,7081,7832,6718,625,ITC,ITC1,1,Piemonte,Piemonte,4356406,1435367,32.95,0.35
4140,2021-01-01,PIE,1041,396,645,1040,0,1,ITC,ITC1,1,Piemonte,Piemonte,4356406,1436408,32.97,0.02
4141,2021-06-28,PIE,38461,19098,19363,15119,22748,594,ITC,ITC1,1,Piemonte,Piemonte,4356406,1474869,33.86,0.88
4142,2021-04-06,PIE,20736,9041,11695,15077,5205,454,ITC,ITC1,1,Piemonte,Piemonte,4356406,1495605,34.33,0.48
4143,2020-12-27,PIE,914,370,544,914,0,0,ITC,ITC1,1,Piemonte,Piemonte,4356406,1496519,34.35,0.02
4144,2021-02-22,PIE,8496,3472,5024,7797,594,105,ITC,ITC1,1,Piemonte,Piemonte,4356406,1505015,34.55,0.2
4145,2021-03-11,PIE,14031,5312,8719,10682,3098,251,ITC,ITC1,1,Piemonte,Piemonte,4356406,1519046,34.87,0.32
4146,2021-03-25,PIE,17145,7273,9872,8067,8637,441,ITC,ITC1,1,Piemonte,Piemonte,4356406,1536191,35.26,0.39
4147,2021-07-22,PIE,41610,21910,19700,6996,34018,596,ITC,ITC1,1,Piemonte,Piemonte,4356406,1577801,36.22,0.96
4148,2021-07-03,PIE,40099,20126,19973,15330,24042,727,ITC,ITC1,1,Piemonte,Piemonte,4356406,1617900,37.14,0.92
4149,2021-03-30,PIE,17000,7119,9881,8731,7875,394,ITC,ITC1,1,Piemonte,Piemonte,4356406,1634900,37.53,0.39
4150,2021-07-10,PIE,41190,20871,20319,6723,33932,535,ITC,ITC1,1,Piemonte,Piemonte,4356406,1676090,38.47,0.95
4151,2021-04-01,PIE,19418,8142,11276,10965,8130,323,ITC,ITC1,1,Piemonte,Piemonte,4356406,1695508,38.92,0.45
4152,2021-05-28,PIE,35105,16627,18478,18675,16018,412,ITC,ITC1,1,Piemonte,Piemonte,4356406,1730613,39.73,0.81
4153,2021-01-25,PIE,6224,1943,4281,975,5247,2,ITC,ITC1,1,Piemonte,Piemonte,4356406,1736837,39.87,0.14
4154,2021-01-13,PIE,10086,3228,6858,10077,0,9,ITC,ITC1,1,Piemonte,Piemonte,4356406,1746923,40.1,0.23
4155,2021-06-16,PIE,40430,20259,20171,23539,16266,625,ITC,ITC1,1,Piemonte,Piemonte,4356406,1787353,41.03,0.93
4156,2021-08-12,PIE,21967,11787,10180,13442,7811,714,ITC,ITC1,1,Piemonte,Piemonte,4356406,1809320,41.53,0.5
4157,2021-05-30,PIE,27807,13220,14587,18035,9396,376,ITC,ITC1,1,Piemonte,Piemonte,4356406,1837127,42.17,0.64
4158,2021-02-19,PIE,5546,2181,3365,4923,501,122,ITC,ITC1,1,Piemonte,Piemonte,4356406,1842673,42.3,0.13
4159,2021-06-04,PIE,37634,19679,17955,34058,2964,612,ITC,ITC1,1,Piemonte,Piemonte,4356406,1880307,43.16,0.86
4160,2021-02-24,PIE,11394,4611,6783,10741,503,150,ITC,ITC1,1,Piemonte,Piemonte,4356406,1891701,43.42,0.26
4161,2021-02-27,PIE,12696,4852,7844,12127,337,232,ITC,ITC1,1,Piemonte,Piemonte,4356406,1904397,43.71,0.29
4162,2021-04-25,PIE,20247,9313,10934,17287,2503,457,ITC,ITC1,1,Piemonte,Piemonte,4356406,1924644,44.18,0.46
4163,2021-01-15,PIE,9119,3010,6109,9113,0,6,ITC,ITC1,1,Piemonte,Piemonte,4356406,1933763,44.39,0.21
4164,2021-06-21,PIE,38488,19242,19246,17149,20776,563,ITC,ITC1,1,Piemonte,Piemonte,4356406,1972251,45.27,0.88
4165,2021-03-13,PIE,13040,4719,8321,11339,1430,271,ITC,ITC1,1,Piemonte,Piemonte,4356406,1985291,45.57,0.3
4166,2021-04-18,PIE,22954,10810,12144,19628,2753,573,ITC,ITC1,1,Piemonte,Piemonte,4356406,2008245,46.1,0.53
4167,2021-01-08,PIE,5536,1763,3773,5534,0,2,ITC,ITC1,1,Piemonte,Piemonte,4356406,2013781,46.23,0.13
4168,2021-06-14,PIE,38040,19592,18448,30240,7097,703,ITC,ITC1,1,Piemonte,Piemonte,4356406,2051821,47.1,0.87
4169,2021-03-06,PIE,14021,5228,8793,11048,2794,179,ITC,ITC1,1,Piemonte,Piemonte,4356406,2065842,47.42,0.32
4170,2021-08-10,PIE,21845,11574,10271,12418,8820,607,ITC,ITC1,1,Piemonte,Piemonte,4356406,2087687,47.92,0.5
4171,2021-01-22,PIE,3872,1251,2621,2526,1345,1,ITC,ITC1,1,Piemonte,Piemonte,4356406,2091559,48.01,0.09
4172,2021-08-21,PIE,13246,7084,6162,7677,5077,492,ITC,ITC1,1,Piemonte,Piemonte,4356406,2104805,48.32,0.3
4173,2021-06-09,PIE,38669,20372,18297,35157,2726,786,ITC,ITC1,1,Piemonte,Piemonte,4356406,2143474,49.2,0.89
4174,2021-03-18,PIE,11775,4812,6963,3839,7743,193,ITC,ITC1,1,Piemonte,Piemonte,4356406,2155249,49.47,0.27
4175,2021-03-03,PIE,12367,4863,7504,11355,819,193,ITC,ITC1,1,Piemonte,Piemonte,4356406,2167616,49.76,0.28
4176,2021-03-20,PIE,11925,4897,7028,5775,5900,250,ITC,ITC1,1,Piemonte,Piemonte,4356406,2179541,50.03,0.27
4177,2021-04-13,PIE,26717,12015,14702,22585,3461,671,ITC,ITC1,1,Piemonte,Piemonte,4356406,2206258,50.64,0.61
4178,2021-01-20,PIE,6612,2086,4526,5890,715,7,ITC,ITC1,1,Piemonte,Piemonte,4356406,2212870,50.8,0.15
4179,2021-02-03,PIE,10216,3309,6907,609,9605,2,ITC,ITC1,1,Piemonte,Piemonte,4356406,2223086,51.03,0.23
4180,2021-07-12,PIE,39210,20226,18984,4560,34182,468,ITC,ITC1,1,Piemonte,Piemonte,4356406,2262296,51.93,0.9
4181,2021-07-29,PIE,36633,19042,17591,9341,26643,649,ITC,ITC1,1,Piemonte,Piemonte,4356406,2298929,52.77,0.84
4182,2021-04-20,PIE,25526,11686,13840,18542,6355,629,ITC,ITC1,1,Piemonte,Piemonte,4356406,2324455,53.36,0.59
4183,2021-05-07,PIE,33132,15678,17454,18366,14150,616,ITC,ITC1,1,Piemonte,Piemonte,4356406,2357587,54.12,0.76
4184,2021-01-27,PIE,4196,1451,2745,994,3200,2,ITC,ITC1,1,Piemonte,Piemonte,4356406,2361783,54.21,0.1
4185,2021-02-13,PIE,4163,1341,2822,2924,1224,15,ITC,ITC1,1,Piemonte,Piemonte,4356406,2365946,54.31,0.1
4186,2021-07-31,PIE,35679,18968,16711,10723,24619,337,ITC,ITC1,1,Piemonte,Piemonte,4356406,2401625,55.13,0.82
4187,2021-08-17,PIE,18000,9658,8342,11665,5582,753,ITC,ITC1,1,Piemonte,Piemonte,4356406,2419625,55.54,0.41
4188,2021-05-09,PIE,27166,12937,14229,13155,13623,388,ITC,ITC1,1,Piemonte,Piemonte,4356406,2446791,56.17,0.62
4189,2021-07-05,PIE,35609,17818,17791,11693,23233,683,ITC,ITC1,1,Piemonte,Piemonte,4356406,2482400,56.98,0.82
4190,2021-02-20,PIE,3839,1258,2581,3564,174,101,ITC,ITC1,1,Piemonte,Piemonte,4356406,2486239,57.07,0.09
4191,2021-07-24,PIE,34841,18327,16514,7885,26355,601,ITC,ITC1,1,Piemonte,Piemonte,4356406,2521080,57.87,0.8
4192,2021-08-07,PIE,29696,15892,13804,12625,16634,437,ITC,ITC1,1,Piemonte,Piemonte,4356406,2550776,58.55,0.68
4193,2021-04-29,PIE,48545,21997,26548,34701,12647,1197,ITC,ITC1,1,Piemonte,Piemonte,4356406,2599321,59.67,1.11
4194,2021-06-06,PIE,35134,18350,16784,32091,2491,552,ITC,ITC1,1,Piemonte,Piemonte,4356406,2634455,60.47,0.81
4195,2021-08-02,PIE,29890,15773,14117,9357,20044,489,ITC,ITC1,1,Piemonte,Piemonte,4356406,2664345,61.16,0.69
4196,2021-02-17,PIE,4804,2162,2642,3752,990,62,ITC,ITC1,1,Piemonte,Piemonte,4356406,2669149,61.27,0.11
4197,2021-06-08,PIE,37718,19521,18197,34154,2853,711,ITC,ITC1,1,Piemonte,Piemonte,4356406,2706867,62.14,0.87
4198,2021-08-04,PIE,29215,15428,13787,8899,19836,480,ITC,ITC1,1,Piemonte,Piemonte,4356406,2736082,62.81,0.67
4199,2021-04-26,PIE,19824,8761,11063,14913,4400,511,ITC,ITC1,1,Piemonte,Piemonte,4356406,2755906,63.26,0.46
4200,2021-08-11,PIE,23334,12549,10785,13391,9349,594,ITC,ITC1,1,Piemonte,Piemonte,4356406,2779240,63.8,0.54
4201,2021-05-03,PIE,26705,12217,14488,12044,14221,440,ITC,ITC1,1,Piemonte,Piemonte,4356406,2805945,64.41,0.61
4202,2021-02-26,PIE,12301,4938,7363,11354,739,208,ITC,ITC1,1,Piemonte,Piemonte,4356406,2818246,64.69,0.28
4203,2021-04-24,PIE,27533,12447,15086,21305,5664,564,ITC,ITC1,1,Piemonte,Piemonte,4356406,2845779,65.32,0.63
4204,2021-01-06,PIE,3110,1103,2007,3109,0,1,ITC,ITC1,1,Piemonte,Piemonte,4356406,2848889,65.4,0.07
4205,2021-08-05,PIE,30273,16064,14209,11218,18533,522,ITC,ITC1,1,Piemonte,Piemonte,4356406,2879162,66.09,0.69
4206,2021-06-23,PIE,39777,19756,20021,16402,22874,501,ITC,ITC1,1,Piemonte,Piemonte,4356406,2918939,67.0,0.91
4207,2021-08-19,PIE,15828,8519,7309,10532,4592,704,ITC,ITC1,1,Piemonte,Piemonte,4356406,2934767,67.37,0.36
4208,2021-07-02,PIE,43786,22025,21761,17354,25576,856,ITC,ITC1,1,Piemonte,Piemonte,4356406,2978553,68.37,1.01
4209,2021-03-08,PIE,14300,5602,8698,11346,2713,241,ITC,ITC1,1,Piemonte,Piemonte,4356406,2992853,68.7,0.33
4210,2021-05-04,PIE,31563,14586,16977,17295,13678,590,ITC,ITC1,1,Piemonte,Piemonte,4356406,3024416,69.42,0.72
4211,2021-01-24,PIE,3160,964,2196,434,2724,2,ITC,ITC1,1,Piemonte,Piemonte,4356406,3027576,69.5,0.07
4212,2021-06-30,PIE,41290,20184,21106,18452,21965,873,ITC,ITC1,1,Piemonte,Piemonte,4356406,3068866,70.44,0.95
4213,2021-03-22,PIE,11535,4894,6641,3713,7605,217,ITC,ITC1,1,Piemonte,Piemonte,4356406,3080401,70.71,0.26
4214,2021-08-14,PIE,15054,8107,6947,9759,4753,542,ITC,ITC1,1,Piemonte,Piemonte,4356406,3095455,71.06,0.35
4215,2021-05-06,PIE,33443,15793,17650,19293,13549,601,ITC,ITC1,1,Piemonte,Piemonte,4356406,3128898,71.82,0.77
4216,2021-05-23,PIE,28804,13166,15638,15477,13012,315,ITC,ITC1,1,Piemonte,Piemonte,4356406,3157702,72.48,0.66
4217,2021-02-12,PIE,6897,2217,4680,3912,2961,24,ITC,ITC1,1,Piemonte,Piemonte,4356406,3164599,72.64,0.16
4218,2021-05-26,PIE,34194,15758,18436,15331,18507,356,ITC,ITC1,1,Piemonte,Piemonte,4356406,3198793,73.43,0.78
4219,2021-02-15,PIE,4436,1600,2836,3207,1206,23,ITC,ITC1,1,Piemonte,Piemonte,4356406,3203229,73.53,0.1
4220,2021-03-04,PIE,14723,5932,8791,11553,2947,223,ITC,ITC1,1,Piemonte,Piemonte,4356406,3217952,73.87,0.34
4221,2021-06-25,PIE,45556,22700,22856,20277,24569,710,ITC,ITC1,1,Piemonte,Piemonte,4356406,3263508,74.91,1.05
4222,2021-04-03,PIE,19484,8198,11286,10597,8573,314,ITC,ITC1,1,Piemonte,Piemonte,4356406,3282992,75.36,0.45
4223,2021-01-10,PIE,5215,2275,2940,5213,0,2,ITC,ITC1,1,Piemonte,Piemonte,4356406,3288207,75.48,0.12
4224,2021-07-14,PIE,39027,20071,18956,3592,35011,424,ITC,ITC1,1,Piemonte,Piemonte,4356406,3327234,76.38,0.9
4225,2021-04-22,PIE,27685,12750,14935,20197,6694,794,ITC,ITC1,1,Piemonte,Piemonte,4356406,3354919,77.01,0.64
4226,2021-01-12,PIE,10091,3415,6676,10085,0,6,ITC,ITC1,1,Piemonte,Piemonte,4356406,3365010,77.24,0.23
4227,2021-01-29,PIE,5949,1888,4061,452,5497,0,ITC,ITC1,1,Piemonte,Piemonte,4356406,3370959,77.38,0.14
4228,2021-05-13,PIE,35737,17551,18186,19887,15138,712,ITC,ITC1,1,Piemonte,Piemonte,4356406,3406696,78.2,0.82
4229,2021-02-02,PIE,10271,3516,6755,810,9460,1,ITC,ITC1,1,Piemonte,Piemonte,4356406,3416967,78.44,0.24
4230,2021-07-09,PIE,40442,20634,19808,5749,34163,530,ITC,ITC1,1,Piemonte,Piemonte,4356406,3457409,79.36,0.93
4231,2021-03-31,PIE,19138,8127,11011,10101,8695,342,ITC,ITC1,1,Piemonte,Piemonte,4356406,3476547,79.8,0.44
4232,2021-05-27,PIE,37467,17419,20048,18837,18188,442,ITC,ITC1,1,Piemonte,Piemonte,4356406,3514014,80.66,0.86
4233,2021-02-16,PIE,3980,1764,2216,3167,764,49,ITC,ITC1,1,Piemonte,Piemonte,4356406,3517994,80.75,0.09
4234,2021-03-24,PIE,15588,6406,9182,6096,9136,356,ITC,ITC1,1,Piemonte,Piemonte,4356406,3533582,81.11,0.36
4235,2021-05-20,PIE,38679,17969,20710,13346,24976,357,ITC,ITC1,1,Piemonte,Piemonte,4356406,3572261,82.0,0.89
4236,2021-02-09,PIE,7404,2319,5085,715,6687,2,ITC,ITC1,1,Piemonte,Piemonte,4356406,3579665,82.17,0.17
4237,2021-07-16,PIE,42079,21979,20100,3597,38067,415,ITC,ITC1,1,Piemonte,Piemonte,4356406,3621744,83.14,0.97
4238,2021-08-09,PIE,24688,12886,11802,12025,11987,676,ITC,ITC1,1,Piemonte,Piemonte,4356406,3646432,83.7,0.57
4239,2021-08-26,PIE,16685,9031,7654,8008,7956,721,ITC,ITC1,1,Piemonte,Piemonte,4356406,3663117,84.09,0.38
4240,2021-05-18,PIE,32198,14859,17339,19072,12683,443,ITC,ITC1,1,Piemonte,Piemonte,4356406,3695315,84.82,0.74
4241,2021-01-03,PIE,3066,971,2095,3065,0,1,ITC,ITC1,1,Piemonte,Piemonte,4356406,3698381,84.9,0.07
4242,2021-07-07,PIE,37995,18881,19114,9682,27732,581,ITC,ITC1,1,Piemonte,Piemonte,4356406,3736376,85.77,0.87
4243,2021-03-29,PIE,15265,6482,8783,8389,6615,261,ITC,ITC1,1,Piemonte,Piemonte,4356406,3751641,86.12,0.35
4244,2021-07-21,PIE,38001,20159,17842,6541,30941,519,ITC,ITC1,1,Piemonte,Piemonte,4356406,3789642,86.99,0.87
4245,2021-04-12,PIE,22960,10366,12594,19446,2993,521,ITC,ITC1,1,Piemonte,Piemonte,4356406,3812602,87.52,0.53
4246,2021-01-02,PIE,3548,1132,2416,3547,0,1,ITC,ITC1,1,Piemonte,Piemonte,4356406,3816150,87.6,0.08
4247,2021-05-01,PIE,28570,13007,15563,16318,11801,451,ITC,ITC1,1,Piemonte,Piemonte,4356406,3844720,88.25,0.66
4248,2021-01-21,PIE,6879,2313,4566,3371,3502,6,ITC,ITC1,1,Piemonte,Piemonte,4356406,3851599,88.41,0.16
4249,2021-08-23,PIE,18197,9778,8419,8735,8893,569,ITC,ITC1,1,Piemonte,Piemonte,4356406,3869796,88.83,0.42
4250,2021-05-15,PIE,33806,15759,18047,19402,13737,667,ITC,ITC1,1,Piemonte,Piemonte,4356406,3903602,89.61,0.78
4251,2021-06-01,PIE,29590,14876,14714,24478,4682,430,ITC,ITC1,1,Piemonte,Piemonte,4356406,3933192,90.29,0.68
4252,2021-02-21,PIE,5098,2085,3013,4944,104,50,ITC,ITC1,1,Piemonte,Piemonte,4356406,3938290,90.4,0.12
4253,2021-05-16,PIE,28211,12804,15407,14751,13087,373,ITC,ITC1,1,Piemonte,Piemonte,4356406,3966501,91.05,0.65
4254,2021-02-05,PIE,9620,3140,6480,653,8965,2,ITC,ITC1,1,Piemonte,Piemonte,4356406,3976121,91.27,0.22
4255,2021-03-01,PIE,12171,4962,7209,11181,810,180,ITC,ITC1,1,Piemonte,Piemonte,4356406,3988292,91.55,0.28
4256,2021-05-25,PIE,31917,14794,17123,15630,15894,393,ITC,ITC1,1,Piemonte,Piemonte,4356406,4020209,92.28,0.73
4257,2021-06-11,PIE,43619,23086,20533,39968,2839,812,ITC,ITC1,1,Piemonte,Piemonte,4356406,4063828,93.28,1.0
4258,2021-04-27,PIE,22648,10232,12416,16837,5160,651,ITC,ITC1,1,Piemonte,Piemonte,4356406,4086476,93.8,0.52
4259,2021-01-17,PIE,3525,1169,2356,2874,649,2,ITC,ITC1,1,Piemonte,Piemonte,4356406,4090001,93.88,0.08
4260,2021-03-15,PIE,10695,4196,6499,4931,5608,156,ITC,ITC1,1,Piemonte,Piemonte,4356406,4100696,94.13,0.25
4261,2021-05-11,PIE,32236,15541,16695,18351,13250,635,ITC,ITC1,1,Piemonte,Piemonte,4356406,4132932,94.87,0.74
4262,2021-01-31,PIE,4129,1758,2371,114,4015,0,ITC,ITC1,1,Piemonte,Piemonte,4356406,4137061,94.97,0.09
4263,2021-07-18,PIE,32904,17257,15647,3239,29333,332,ITC,ITC1,1,Piemonte,Piemonte,4356406,4169965,95.72,0.76
4264,2021-01-14,PIE,9781,3155,6626,9775,0,6,ITC,ITC1,1,Piemonte,Piemonte,4356406,4179746,95.94,0.22
4265,2021-06-20,PIE,34115,17104,17011,18774,14779,562,ITC,ITC1,1,Piemonte,Piemonte,4356406,4213861,96.73,0.78
4266,2021-03-12,PIE,14218,5408,8810,10987,2942,289,ITC,ITC1,1,Piemonte,Piemonte,4356406,4228079,97.05,0.33
4267,2021-07-04,PIE,33802,17040,16762,11235,21949,618,ITC,ITC1,1,Piemonte,Piemonte,4356406,4261881,97.83,0.78
4268,2021-03-26,PIE,17931,7130,10801,8516,8886,529,ITC,ITC1,1,Piemonte,Piemonte,4356406,4279812,98.24,0.41
4269,2021-06-18,PIE,40674,20340,20334,25767,14227,680,ITC,ITC1,1,Piemonte,Piemonte,4356406,4320486,99.18,0.93
4270,2021-03-10,PIE,13940,5447,8493,11384,2293,263,ITC,ITC1,1,Piemonte,Piemonte,4356406,4334426,99.5,0.32
4271,2021-03-27,PIE,18405,7833,10572,9130,8831,444,ITC,ITC1,1,Piemonte,Piemonte,4356406,4352831,99.92,0.42
4272,2021-01-19,PIE,6467,2108,4359,6449,9,9,ITC,ITC1,1,Piemonte,Piemonte,4356406,4359298,100.07,0.15
4273,2021-07-23,PIE,38030,20024,18006,8002,29401,627,ITC,ITC1,1,Piemonte,Piemonte,4356406,4397328,100.94,0.87
4274,2021-04-14,PIE,28324,12825,15499,23046,4565,713,ITC,ITC1,1,Piemonte,Piemonte,4356406,4425652,101.59,0.65
4275,2021-08-06,PIE,30397,16083,14314,13284,16495,618,ITC,ITC1,1,Piemonte,Piemonte,4356406,4456049,102.29,0.7
4276,2021-08-18,PIE,18034,9742,8292,11558,5751,725,ITC,ITC1,1,Piemonte,Piemonte,4356406,4474083,102.7,0.41
4277,2021-04-19,PIE,22570,10771,11799,17652,4356,562,ITC,ITC1,1,Piemonte,Piemonte,4356406,4496653,103.22,0.52
4278,2021-01-09,PIE,6188,2189,3999,6186,0,2,ITC,ITC1,1,Piemonte,Piemonte,4356406,4502841,103.36,0.14
4279,2021-01-26,PIE,6357,1894,4463,736,5620,1,ITC,ITC1,1,Piemonte,Piemonte,4356406,4509198,103.51,0.15
4280,2021-02-28,PIE,10820,4059,6761,10401,241,178,ITC,ITC1,1,Piemonte,Piemonte,4356406,4520018,103.76,0.25
4281,2021-03-17,PIE,12527,5060,7467,5036,7303,188,ITC,ITC1,1,Piemonte,Piemonte,4356406,4532545,104.04,0.29
4282,2021-04-07,PIE,23643,10005,13638,17645,5461,537,ITC,ITC1,1,Piemonte,Piemonte,4356406,4556188,104.59,0.54
4283,2021-07-30,PIE,35734,18661,17073,9513,25761,460,ITC,ITC1,1,Piemonte,Piemonte,4356406,4591922,105.41,0.82
4284,2021-08-16,PIE,19176,10188,8988,11567,6800,809,ITC,ITC1,1,Piemonte,Piemonte,4356406,4611098,105.85,0.44
4285,2021-05-08,PIE,34318,16275,18043,18140,15658,520,ITC,ITC1,1,Piemonte,Piemonte,4356406,4645416,106.63,0.79
4286,2021-01-28,PIE,5605,1811,3794,380,5225,0,ITC,ITC1,1,Piemonte,Piemonte,4356406,4651021,106.76,0.13
4287,2021-02-14,PIE,1482,501,981,871,604,7,ITC,ITC1,1,Piemonte,Piemonte,4356406,4652503,106.8,0.03
4288,2021-08-25,PIE,16349,8823,7526,8240,7404,705,ITC,ITC1,1,Piemonte,Piemonte,4356406,4668852,107.17,0.38
4289,2021-06-03,PIE,34755,17982,16773,29726,4487,542,ITC,ITC1,1,Piemonte,Piemonte,4356406,4703607,107.97,0.8
4290,2021-06-10,PIE,40536,21194,19342,37074,2593,869,ITC,ITC1,1,Piemonte,Piemonte,4356406,4744143,108.9,0.93
4291,2021-06-27,PIE,37557,18614,18943,15202,21760,595,ITC,ITC1,1,Piemonte,Piemonte,4356406,4781700,109.76,0.86
4292,2021-03-19,PIE,11037,4522,6515,4219,6609,209,ITC,ITC1,1,Piemonte,Piemonte,4356406,4792737,110.02,0.25
4293,2021-04-05,PIE,14762,6241,8521,11950,2560,252,ITC,ITC1,1,Piemonte,Piemonte,4356406,4807499,110.35,0.34
4294,2021-02-07,PIE,3093,973,2120,442,2650,1,ITC,ITC1,1,Piemonte,Piemonte,4356406,4810592,110.43,0.07
4295,2021-07-11,PIE,33195,16919,16276,4524,28354,317,ITC,ITC1,1,Piemonte,Piemonte,4356406,4843787,111.19,0.76
4296,2021-06-29,PIE,40563,20258,20305,19173,20694,696,ITC,ITC1,1,Piemonte,Piemonte,4356406,4884350,112.12,0.93
4297,2021-05-22,PIE,33555,15151,18404,16909,16238,408,ITC,ITC1,1,Piemonte,Piemonte,4356406,4917905,112.89,0.77
4298,2021-05-21,PIE,36220,16821,19399,20044,15657,519,ITC,ITC1,1,Piemonte,Piemonte,4356406,4954125,113.72,0.83
4299,2021-07-17,PIE,42009,22110,19899,4948,36571,490,ITC,ITC1,1,Piemonte,Piemonte,4356406,4996134,114.68,0.96
4300,2021-02-01,PIE,8668,3056,5612,578,8089,1,ITC,ITC1,1,Piemonte,Piemonte,4356406,5004802,114.88,0.2
4301,2021-05-14,PIE,33465,16297,17168,17353,15445,667,ITC,ITC1,1,Piemonte,Piemonte,4356406,5038267,115.65,0.77
4302,2021-07-26,PIE,32751,17037,15714,8272,23846,633,ITC,ITC1,1,Piemonte,Piemonte,4356406,5071018,116.4,0.75
4303,2021-04-17,PIE,30485,14161,16324,26461,3311,713,ITC,ITC1,1,Piemonte,Piemonte,4356406,5101503,117.1,0.7
4304,2021-06-13,PIE,38039,20073,17966,33143,4134,762,ITC,ITC1,1,Piemonte,Piemonte,4356406,5139542,117.98,0.87
4305,2021-02-10,PIE,7548,2374,5174,1300,6233,15,ITC,ITC1,1,Piemonte,Piemonte,4356406,5147090,118.15,0.17
4306,2021-04-08,PIE,25339,11030,14309,20046,4727,566,ITC,ITC1,1,Piemonte,Piemonte,4356406,5172429,118.73,0.58
4307,2021-07-19,PIE,39596,20604,18992,4469,34709,418,ITC,ITC1,1,Piemonte,Piemonte,4356406,5212025,119.64,0.91
4308,2021-04-10,PIE,30187,13422,16765,25266,4267,654,ITC,ITC1,1,Piemonte,Piemonte,4356406,5242212,120.33,0.69
4309,2021-04-15,PIE,29613,13568,16045,23409,5521,683,ITC,ITC1,1,Piemonte,Piemonte,4356406,5271825,121.01,0.68
4310,2021-01-05,PIE,5393,1610,3783,5387,0,6,ITC,ITC1,1,Piemonte,Piemonte,4356406,5277218,121.14,0.12
4311,2021-06-22,PIE,40666,20107,20559,17785,22325,556,ITC,ITC1,1,Piemonte,Piemonte,4356406,5317884,122.07,0.93
4312,2021-01-07,PIE,5388,1734,3654,5386,0,2,ITC,ITC1,1,Piemonte,Piemonte,4356406,5323272,122.19,0.12
4313,2021-03-05,PIE,15642,6296,9346,11536,3827,279,ITC,ITC1,1,Piemonte,Piemonte,4356406,5338914,122.55,0.36
4314,2021-07-28,PIE,34769,18067,16702,9132,25034,603,ITC,ITC1,1,Piemonte,Piemonte,4356406,5373683,123.35,0.8
4315,2021-06-15,PIE,38991,20077,18914,26525,11783,683,ITC,ITC1,1,Piemonte,Piemonte,4356406,5412674,124.25,0.9
4316,2021-03-07,PIE,11997,4671,7326,10867,877,253,ITC,ITC1,1,Piemonte,Piemonte,4356406,5424671,124.52,0.28
4317,2020-12-31,PIE,3891,1326,2565,3891,0,0,ITC,ITC1,1,Piemonte,Piemonte,4356406,5428562,124.61,0.09
4318,2021-08-01,SAR,3054,1501,1553,1030,1988,36,ITG,ITG2,20,Sardegna,Sardegna,1639591,3054,0.19,0.19
4319,2021-04-23,SAR,12887,5757,7130,7248,5490,149,ITG,ITG2,20,Sardegna,Sardegna,1639591,15941,0.97,0.79
4320,2021-05-10,SAR,9869,4402,5467,7150,2541,178,ITG,ITG2,20,Sardegna,Sardegna,1639591,25810,1.57,0.6
4321,2021-01-30,SAR,3870,1394,2476,363,3507,0,ITG,ITG2,20,Sardegna,Sardegna,1639591,29680,1.81,0.24
4322,2021-08-27,SAR,4491,2443,2048,2199,2234,58,ITG,ITG2,20,Sardegna,Sardegna,1639591,34171,2.08,0.27
4323,2021-05-19,SAR,17046,8678,8368,12621,4257,168,ITG,ITG2,20,Sardegna,Sardegna,1639591,51217,3.12,1.04
4324,2021-06-05,SAR,17886,8440,9446,11285,6466,135,ITG,ITG2,20,Sardegna,Sardegna,1639591,69103,4.21,1.09
4325,2021-02-25,SAR,2900,1255,1645,2262,604,34,ITG,ITG2,20,Sardegna,Sardegna,1639591,72003,4.39,0.18
4326,2021-03-14,SAR,606,378,228,596,1,9,ITG,ITG2,20,Sardegna,Sardegna,1639591,72609,4.43,0.04
4327,2021-07-01,SAR,19835,9765,10070,7259,12483,93,ITG,ITG2,20,Sardegna,Sardegna,1639591,92444,5.64,1.21
4328,2021-03-23,SAR,6432,2892,3540,5180,1082,170,ITG,ITG2,20,Sardegna,Sardegna,1639591,98876,6.03,0.39
4329,2021-07-15,SAR,18777,9236,9541,4646,14031,100,ITG,ITG2,20,Sardegna,Sardegna,1639591,117653,7.18,1.15
4330,2021-08-03,SAR,14573,7506,7067,7516,6862,195,ITG,ITG2,20,Sardegna,Sardegna,1639591,132226,8.06,0.89
4331,2021-06-19,SAR,15344,7515,7829,9120,6125,99,ITG,ITG2,20,Sardegna,Sardegna,1639591,147570,9.0,0.94
4332,2021-07-06,SAR,15934,7722,8212,4661,11173,100,ITG,ITG2,20,Sardegna,Sardegna,1639591,163504,9.97,0.97
4333,2021-03-28,SAR,4550,1801,2749,4401,78,71,ITG,ITG2,20,Sardegna,Sardegna,1639591,168054,10.25,0.28
4334,2021-01-04,SAR,588,215,373,588,0,0,ITG,ITG2,20,Sardegna,Sardegna,1639591,168642,10.29,0.04
4335,2021-02-11,SAR,1311,488,823,1200,111,0,ITG,ITG2,20,Sardegna,Sardegna,1639591,169953,10.37,0.08
4336,2021-05-24,SAR,14470,7256,7214,8355,5983,132,ITG,ITG2,20,Sardegna,Sardegna,1639591,184423,11.25,0.88
4337,2021-02-13,SAR,1447,562,885,1441,2,4,ITG,ITG2,20,Sardegna,Sardegna,1639591,185870,11.34,0.09
4338,2021-03-09,SAR,5543,2745,2798,4747,727,69,ITG,ITG2,20,Sardegna,Sardegna,1639591,191413,11.67,0.34
4339,2021-08-13,SAR,9949,5418,4531,6314,3516,119,ITG,ITG2,20,Sardegna,Sardegna,1639591,201362,12.28,0.61
4340,2021-05-05,SAR,10200,4657,5543,7951,2039,210,ITG,ITG2,20,Sardegna,Sardegna,1639591,211562,12.9,0.62
4341,2021-01-16,SAR,1493,527,966,1493,0,0,ITG,ITG2,20,Sardegna,Sardegna,1639591,213055,12.99,0.09
4342,2021-08-15,SAR,21,11,10,11,10,0,ITG,ITG2,20,Sardegna,Sardegna,1639591,213076,13.0,0.0
4343,2021-04-09,SAR,12342,5485,6857,7835,4369,138,ITG,ITG2,20,Sardegna,Sardegna,1639591,225418,13.75,0.75
4344,2021-07-20,SAR,16153,7933,8220,3659,12404,90,ITG,ITG2,20,Sardegna,Sardegna,1639591,241571,14.73,0.99
4345,2021-04-11,SAR,5402,2446,2956,4252,1122,28,ITG,ITG2,20,Sardegna,Sardegna,1639591,246973,15.06,0.33
4346,2021-06-07,SAR,12565,6145,6420,9437,3006,122,ITG,ITG2,20,Sardegna,Sardegna,1639591,259538,15.83,0.77
4347,2021-02-04,SAR,2273,815,1458,910,1360,3,ITG,ITG2,20,Sardegna,Sardegna,1639591,261811,15.97,0.14
4348,2021-06-12,SAR,14756,7195,7561,9936,4702,118,ITG,ITG2,20,Sardegna,Sardegna,1639591,276567,16.87,0.9
4349,2021-03-04,SAR,4377,2305,2072,3059,1256,62,ITG,ITG2,20,Sardegna,Sardegna,1639591,280944,17.14,0.27
4350,2021-03-21,SAR,4039,1813,2226,2573,1440,26,ITG,ITG2,20,Sardegna,Sardegna,1639591,284983,17.38,0.25
4351,2021-04-30,SAR,11154,5309,5845,6755,4212,187,ITG,ITG2,20,Sardegna,Sardegna,1639591,296137,18.06,0.68
4352,2021-05-17,SAR,12822,6261,6561,9127,3547,148,ITG,ITG2,20,Sardegna,Sardegna,1639591,308959,18.84,0.78
4353,2021-02-06,SAR,1974,701,1273,564,1407,3,ITG,ITG2,20,Sardegna,Sardegna,1639591,310933,18.96,0.12
4354,2021-02-23,SAR,1568,1046,522,1270,281,17,ITG,ITG2,20,Sardegna,Sardegna,1639591,312501,19.06,0.1
4355,2021-07-24,SAR,12386,6387,5999,1997,10362,27,ITG,ITG2,20,Sardegna,Sardegna,1639591,324887,19.82,0.76
4356,2021-08-20,SAR,10173,5354,4819,4796,5227,150,ITG,ITG2,20,Sardegna,Sardegna,1639591,335060,20.44,0.62
4357,2021-05-12,SAR,11145,5266,5879,7796,3139,210,ITG,ITG2,20,Sardegna,Sardegna,1639591,346205,21.12,0.68
4358,2020-12-28,SAR,66,26,40,66,0,0,ITG,ITG2,20,Sardegna,Sardegna,1639591,346271,21.12,0.0
4359,2021-06-14,SAR,13748,6643,7105,9790,3816,142,ITG,ITG2,20,Sardegna,Sardegna,1639591,360019,21.96,0.84
4360,2021-03-06,SAR,2640,1082,1558,782,1781,77,ITG,ITG2,20,Sardegna,Sardegna,1639591,362659,22.12,0.16
4361,2021-06-28,SAR,14994,7041,7953,3051,11877,66,ITG,ITG2,20,Sardegna,Sardegna,1639591,377653,23.03,0.91
4362,2021-07-08,SAR,18445,8971,9474,3832,14528,85,ITG,ITG2,20,Sardegna,Sardegna,1639591,396098,24.16,1.12
4363,2021-07-25,SAR,4343,2142,2201,863,3465,15,ITG,ITG2,20,Sardegna,Sardegna,1639591,400441,24.42,0.26
4364,2021-04-16,SAR,14459,6497,7962,8941,5344,174,ITG,ITG2,20,Sardegna,Sardegna,1639591,414900,25.31,0.88
4365,2021-01-23,SAR,60,22,38,0,60,0,ITG,ITG2,20,Sardegna,Sardegna,1639591,414960,25.31,0.0
4366,2021-03-02,SAR,3041,1631,1410,1814,1154,73,ITG,ITG2,20,Sardegna,Sardegna,1639591,418001,25.49,0.19
4367,2021-04-28,SAR,9027,4284,4743,5165,3712,150,ITG,ITG2,20,Sardegna,Sardegna,1639591,427028,26.04,0.55
4368,2021-01-18,SAR,903,324,579,779,124,0,ITG,ITG2,20,Sardegna,Sardegna,1639591,427931,26.1,0.06
4369,2021-06-24,SAR,19198,9211,9987,8114,10981,103,ITG,ITG2,20,Sardegna,Sardegna,1639591,447129,27.27,1.17
4370,2021-03-16,SAR,4399,1953,2446,3432,923,44,ITG,ITG2,20,Sardegna,Sardegna,1639591,451528,27.54,0.27
4371,2021-05-29,SAR,18000,8652,9348,13235,4598,167,ITG,ITG2,20,Sardegna,Sardegna,1639591,469528,28.64,1.1
4372,2021-02-18,SAR,1878,731,1147,1774,64,40,ITG,ITG2,20,Sardegna,Sardegna,1639591,471406,28.75,0.11
4373,2021-05-31,SAR,11368,5410,5958,8160,3110,98,ITG,ITG2,20,Sardegna,Sardegna,1639591,482774,29.44,0.69
4374,2021-07-27,SAR,16534,8384,8150,4217,12206,111,ITG,ITG2,20,Sardegna,Sardegna,1639591,499308,30.45,1.01
4375,2021-04-18,SAR,5136,2229,2907,2230,2878,28,ITG,ITG2,20,Sardegna,Sardegna,1639591,504444,30.77,0.31
4376,2021-01-08,SAR,3260,1186,2074,3258,0,2,ITG,ITG2,20,Sardegna,Sardegna,1639591,507704,30.97,0.2
4377,2021-08-08,SAR,1885,980,905,1021,841,23,ITG,ITG2,20,Sardegna,Sardegna,1639591,509589,31.08,0.11
4378,2021-06-26,SAR,19161,9014,10147,5456,13630,75,ITG,ITG2,20,Sardegna,Sardegna,1639591,528750,32.25,1.17
4379,2021-08-22,SAR,1163,650,513,403,757,3,ITG,ITG2,20,Sardegna,Sardegna,1639591,529913,32.32,0.07
4380,2021-04-02,SAR,8997,3554,5443,5591,3246,160,ITG,ITG2,20,Sardegna,Sardegna,1639591,538910,32.87,0.55
4381,2021-07-13,SAR,17806,8523,9283,3250,14478,78,ITG,ITG2,20,Sardegna,Sardegna,1639591,556716,33.95,1.09
4382,2021-04-04,SAR,2,1,1,0,2,0,ITG,ITG2,20,Sardegna,Sardegna,1639591,556718,33.95,0.0
4383,2021-01-13,SAR,575,179,396,575,0,0,ITG,ITG2,20,Sardegna,Sardegna,1639591,557293,33.99,0.04
4384,2021-07-17,SAR,12871,6303,6568,3180,9624,67,ITG,ITG2,20,Sardegna,Sardegna,1639591,570164,34.77,0.79
4385,2021-08-10,SAR,14240,7507,6733,6251,7827,162,ITG,ITG2,20,Sardegna,Sardegna,1639591,584404,35.64,0.87
4386,2021-05-02,SAR,5986,2708,3278,5217,667,102,ITG,ITG2,20,Sardegna,Sardegna,1639591,590390,36.01,0.37
4387,2021-02-08,SAR,1469,533,936,852,616,1,ITG,ITG2,20,Sardegna,Sardegna,1639591,591859,36.1,0.09
4388,2021-08-12,SAR,12478,6613,5865,6626,5684,168,ITG,ITG2,20,Sardegna,Sardegna,1639591,604337,36.86,0.76
4389,2021-04-06,SAR,7475,3126,4349,4973,2429,73,ITG,ITG2,20,Sardegna,Sardegna,1639591,611812,37.31,0.46
4390,2020-12-27,SAR,65,34,31,65,0,0,ITG,ITG2,20,Sardegna,Sardegna,1639591,611877,37.32,0.0
4391,2021-04-25,SAR,4505,2273,2232,3676,781,48,ITG,ITG2,20,Sardegna,Sardegna,1639591,616382,37.59,0.27
4392,2021-01-15,SAR,1561,572,989,1559,0,2,ITG,ITG2,20,Sardegna,Sardegna,1639591,617943,37.69,0.1
4393,2021-08-17,SAR,10608,5534,5074,6093,4389,126,ITG,ITG2,20,Sardegna,Sardegna,1639591,628551,38.34,0.65
4394,2021-02-01,SAR,1525,607,918,224,1301,0,ITG,ITG2,20,Sardegna,Sardegna,1639591,630076,38.43,0.09
4395,2021-05-09,SAR,6125,2873,3252,5108,925,92,ITG,ITG2,20,Sardegna,Sardegna,1639591,636201,38.8,0.37
4396,2021-06-02,SAR,9787,4693,5094,8060,1640,87,ITG,ITG2,20,Sardegna,Sardegna,1639591,645988,39.4,0.6
4397,2021-07-29,SAR,17899,9045,8854,6526,11207,166,ITG,ITG2,20,Sardegna,Sardegna,1639591,663887,40.49,1.09
4398,2021-04-20,SAR,11012,5001,6011,7693,3221,98,ITG,ITG2,20,Sardegna,Sardegna,1639591,674899,41.16,0.67
4399,2021-08-05,SAR,15653,8231,7422,8692,6801,160,ITG,ITG2,20,Sardegna,Sardegna,1639591,690552,42.12,0.95
4400,2021-02-20,SAR,2040,854,1186,1683,334,23,ITG,ITG2,20,Sardegna,Sardegna,1639591,692592,42.24,0.12
4401,2021-08-07,SAR,8211,4308,3903,5437,2706,68,ITG,ITG2,20,Sardegna,Sardegna,1639591,700803,42.74,0.5
4402,2021-04-29,SAR,11130,5108,6022,6613,4359,158,ITG,ITG2,20,Sardegna,Sardegna,1639591,711933,43.42,0.68
4403,2021-04-21,SAR,12082,5557,6525,6439,5541,102,ITG,ITG2,20,Sardegna,Sardegna,1639591,724015,44.16,0.74
4404,2021-01-11,SAR,1185,506,679,1184,0,1,ITG,ITG2,20,Sardegna,Sardegna,1639591,725200,44.23,0.07
4405,2021-06-17,SAR,18463,8531,9932,9918,8424,121,ITG,ITG2,20,Sardegna,Sardegna,1639591,743663,45.36,1.13
4406,2021-01-25,SAR,591,214,377,22,569,0,ITG,ITG2,20,Sardegna,Sardegna,1639591,744254,45.39,0.04
4407,2021-08-24,SAR,10103,5398,4705,4812,5138,153,ITG,ITG2,20,Sardegna,Sardegna,1639591,754357,46.01,0.62
4408,2021-05-16,SAR,8225,3833,4392,5984,2161,80,ITG,ITG2,20,Sardegna,Sardegna,1639591,762582,46.51,0.5
4409,2021-07-12,SAR,15336,7413,7923,2403,12877,56,ITG,ITG2,20,Sardegna,Sardegna,1639591,777918,47.45,0.94
4410,2021-06-25,SAR,16512,7810,8702,3899,12556,57,ITG,ITG2,20,Sardegna,Sardegna,1639591,794430,48.45,1.01
4411,2021-01-10,SAR,2182,749,1433,2180,0,2,ITG,ITG2,20,Sardegna,Sardegna,1639591,796612,48.59,0.13
4412,2021-05-07,SAR,14491,6640,7851,9710,4530,251,ITG,ITG2,20,Sardegna,Sardegna,1639591,811103,49.47,0.88
4413,2021-01-27,SAR,1416,498,918,78,1338,0,ITG,ITG2,20,Sardegna,Sardegna,1639591,812519,49.56,0.09
4414,2021-07-03,SAR,15842,7562,8280,3236,12575,31,ITG,ITG2,20,Sardegna,Sardegna,1639591,828361,50.52,0.97
4415,2021-03-25,SAR,9135,3987,5148,7688,1305,142,ITG,ITG2,20,Sardegna,Sardegna,1639591,837496,51.08,0.56
4416,2021-05-21,SAR,22644,11205,11439,16264,6100,280,ITG,ITG2,20,Sardegna,Sardegna,1639591,860140,52.46,1.38
4417,2021-03-18,SAR,7255,3074,4181,5573,1607,75,ITG,ITG2,20,Sardegna,Sardegna,1639591,867395,52.9,0.44
4418,2021-05-14,SAR,14586,6874,7712,10760,3644,182,ITG,ITG2,20,Sardegna,Sardegna,1639591,881981,53.79,0.89
4419,2021-02-03,SAR,1119,419,700,424,694,1,ITG,ITG2,20,Sardegna,Sardegna,1639591,883100,53.86,0.07
4420,2021-07-10,SAR,14240,6887,7353,2705,11502,33,ITG,ITG2,20,Sardegna,Sardegna,1639591,897340,54.73,0.87
4421,2021-04-01,SAR,10174,4078,6096,7008,3018,148,ITG,ITG2,20,Sardegna,Sardegna,1639591,907514,55.35,0.62
4422,2021-07-21,SAR,19399,9503,9896,3914,15400,85,ITG,ITG2,20,Sardegna,Sardegna,1639591,926913,56.53,1.18
4423,2021-01-20,SAR,210,77,133,208,2,0,ITG,ITG2,20,Sardegna,Sardegna,1639591,927123,56.55,0.01
4424,2021-03-29,SAR,4755,1854,2901,4076,589,90,ITG,ITG2,20,Sardegna,Sardegna,1639591,931878,56.84,0.29
4425,2021-04-15,SAR,11854,5543,6311,6779,4956,119,ITG,ITG2,20,Sardegna,Sardegna,1639591,943732,57.56,0.72
4426,2021-01-05,SAR,1322,443,879,1322,0,0,ITG,ITG2,20,Sardegna,Sardegna,1639591,945054,57.64,0.08
4427,2021-01-22,SAR,83,47,36,55,28,0,ITG,ITG2,20,Sardegna,Sardegna,1639591,945137,57.64,0.01
4428,2021-05-26,SAR,15537,8190,7347,9702,5651,184,ITG,ITG2,20,Sardegna,Sardegna,1639591,960674,58.59,0.95
4429,2021-02-15,SAR,957,349,608,920,31,6,ITG,ITG2,20,Sardegna,Sardegna,1639591,961631,58.65,0.06
4430,2021-03-20,SAR,5198,2076,3122,2893,2278,27,ITG,ITG2,20,Sardegna,Sardegna,1639591,966829,58.97,0.32
4431,2021-02-22,SAR,1639,948,691,1385,228,26,ITG,ITG2,20,Sardegna,Sardegna,1639591,968468,59.07,0.1
4432,2021-03-11,SAR,6431,3095,3336,5149,1201,81,ITG,ITG2,20,Sardegna,Sardegna,1639591,974899,59.46,0.39
4433,2021-06-04,SAR,14500,6939,7561,9782,4559,159,ITG,ITG2,20,Sardegna,Sardegna,1639591,989399,60.34,0.88
4434,2021-06-21,SAR,14025,6733,7292,5122,8829,74,ITG,ITG2,20,Sardegna,Sardegna,1639591,1003424,61.2,0.86
4435,2021-07-31,SAR,10320,5458,4862,5277,4962,81,ITG,ITG2,20,Sardegna,Sardegna,1639591,1013744,61.83,0.63
4436,2021-08-19,SAR,10752,5683,5069,5732,4889,131,ITG,ITG2,20,Sardegna,Sardegna,1639591,1024496,62.48,0.66
4437,2021-05-28,SAR,17957,8700,9257,13492,4277,188,ITG,ITG2,20,Sardegna,Sardegna,1639591,1042453,63.58,1.1
4438,2021-02-17,SAR,1408,579,829,1274,74,60,ITG,ITG2,20,Sardegna,Sardegna,1639591,1043861,63.67,0.09
4439,2021-05-25,SAR,15143,7705,7438,8490,6478,175,ITG,ITG2,20,Sardegna,Sardegna,1639591,1059004,64.59,0.92
4440,2021-07-02,SAR,18934,8892,10042,4405,14431,98,ITG,ITG2,20,Sardegna,Sardegna,1639591,1077938,65.74,1.15
4441,2021-04-27,SAR,7634,3563,4071,5477,2045,112,ITG,ITG2,20,Sardegna,Sardegna,1639591,1085572,66.21,0.47
4442,2021-01-17,SAR,860,277,583,859,1,0,ITG,ITG2,20,Sardegna,Sardegna,1639591,1086432,66.26,0.05
4443,2021-03-15,SAR,2801,1318,1483,2385,374,42,ITG,ITG2,20,Sardegna,Sardegna,1639591,1089233,66.43,0.17
4444,2021-07-04,SAR,8207,3988,4219,2067,6125,15,ITG,ITG2,20,Sardegna,Sardegna,1639591,1097440,66.93,0.5
4445,2021-03-26,SAR,8477,3524,4953,6812,1528,137,ITG,ITG2,20,Sardegna,Sardegna,1639591,1105917,67.45,0.52
4446,2021-05-22,SAR,24942,11989,12953,19491,5146,305,ITG,ITG2,20,Sardegna,Sardegna,1639591,1130859,68.97,1.52
4447,2021-01-19,SAR,747,269,478,691,55,1,ITG,ITG2,20,Sardegna,Sardegna,1639591,1131606,69.02,0.05
4448,2021-03-17,SAR,6553,2848,3705,4907,1609,37,ITG,ITG2,20,Sardegna,Sardegna,1639591,1138159,69.42,0.4
4449,2021-06-27,SAR,9020,4310,4710,2957,6035,28,ITG,ITG2,20,Sardegna,Sardegna,1639591,1147179,69.97,0.55
4450,2021-03-24,SAR,7411,3114,4297,5910,1357,144,ITG,ITG2,20,Sardegna,Sardegna,1639591,1154590,70.42,0.45
4451,2021-07-05,SAR,15583,7572,8011,3327,12207,49,ITG,ITG2,20,Sardegna,Sardegna,1639591,1170173,71.37,0.95
4452,2021-02-10,SAR,1961,766,1195,1435,520,6,ITG,ITG2,20,Sardegna,Sardegna,1639591,1172134,71.49,0.12
4453,2021-02-05,SAR,1905,752,1153,430,1473,2,ITG,ITG2,20,Sardegna,Sardegna,1639591,1174039,71.61,0.12
4454,2021-04-03,SAR,4680,1811,2869,2640,1971,69,ITG,ITG2,20,Sardegna,Sardegna,1639591,1178719,71.89,0.29
4455,2021-05-30,SAR,9729,4838,4891,7301,2358,70,ITG,ITG2,20,Sardegna,Sardegna,1639591,1188448,72.48,0.59
4456,2021-02-19,SAR,1504,473,1031,1401,56,47,ITG,ITG2,20,Sardegna,Sardegna,1639591,1189952,72.58,0.09
4457,2021-07-26,SAR,14598,7287,7311,4122,10399,77,ITG,ITG2,20,Sardegna,Sardegna,1639591,1204550,73.47,0.89
4458,2021-04-17,SAR,10090,4504,5586,5401,4607,82,ITG,ITG2,20,Sardegna,Sardegna,1639591,1214640,74.08,0.62
4459,2021-03-13,SAR,2757,1077,1680,2435,281,41,ITG,ITG2,20,Sardegna,Sardegna,1639591,1217397,74.25,0.17
4460,2021-03-30,SAR,8776,3593,5183,6350,2275,151,ITG,ITG2,20,Sardegna,Sardegna,1639591,1226173,74.79,0.54
4461,2021-01-06,SAR,1619,548,1071,1619,0,0,ITG,ITG2,20,Sardegna,Sardegna,1639591,1227792,74.88,0.1
4462,2021-06-23,SAR,20547,9668,10879,6192,14262,93,ITG,ITG2,20,Sardegna,Sardegna,1639591,1248339,76.14,1.25
4463,2021-08-09,SAR,13415,6973,6442,6475,6794,146,ITG,ITG2,20,Sardegna,Sardegna,1639591,1261754,76.96,0.82
4464,2021-08-26,SAR,9426,4996,4430,5355,3945,126,ITG,ITG2,20,Sardegna,Sardegna,1639591,1271180,77.53,0.57
4465,2021-05-18,SAR,14760,7382,7378,9420,5211,129,ITG,ITG2,20,Sardegna,Sardegna,1639591,1285940,78.43,0.9
4466,2021-02-24,SAR,2420,1299,1121,2184,194,42,ITG,ITG2,20,Sardegna,Sardegna,1639591,1288360,78.58,0.15
4467,2021-04-12,SAR,6999,3183,3816,5216,1713,70,ITG,ITG2,20,Sardegna,Sardegna,1639591,1295359,79.01,0.43
4468,2021-01-02,SAR,60,21,39,60,0,0,ITG,ITG2,20,Sardegna,Sardegna,1639591,1295419,79.01,0.0
4469,2021-06-08,SAR,14836,7071,7765,11169,3512,155,ITG,ITG2,20,Sardegna,Sardegna,1639591,1310255,79.91,0.9
4470,2021-02-28,SAR,367,169,198,139,226,2,ITG,ITG2,20,Sardegna,Sardegna,1639591,1310622,79.94,0.02
4471,2021-08-04,SAR,16216,8528,7688,9600,6353,263,ITG,ITG2,20,Sardegna,Sardegna,1639591,1326838,80.92,0.99
4472,2021-04-26,SAR,6862,3277,3585,5865,903,94,ITG,ITG2,20,Sardegna,Sardegna,1639591,1333700,81.34,0.42
4473,2021-06-01,SAR,14324,6657,7667,9638,4591,95,ITG,ITG2,20,Sardegna,Sardegna,1639591,1348024,82.22,0.87
4474,2021-02-21,SAR,1588,709,879,1557,30,1,ITG,ITG2,20,Sardegna,Sardegna,1639591,1349612,82.31,0.1
4475,2021-07-28,SAR,16795,8620,8175,6319,10328,148,ITG,ITG2,20,Sardegna,Sardegna,1639591,1366407,83.34,1.02
4476,2021-04-19,SAR,10193,4627,5566,8624,1429,140,ITG,ITG2,20,Sardegna,Sardegna,1639591,1376600,83.96,0.62
4477,2021-01-09,SAR,4015,1415,2600,4015,0,0,ITG,ITG2,20,Sardegna,Sardegna,1639591,1380615,84.2,0.24
4478,2021-06-15,SAR,14688,6808,7880,9813,4741,134,ITG,ITG2,20,Sardegna,Sardegna,1639591,1395303,85.1,0.9
4479,2021-03-07,SAR,1658,751,907,1113,541,4,ITG,ITG2,20,Sardegna,Sardegna,1639591,1396961,85.2,0.1
4480,2021-06-13,SAR,9502,4678,4824,6162,3260,80,ITG,ITG2,20,Sardegna,Sardegna,1639591,1406463,85.78,0.58
4481,2021-01-29,SAR,2959,1072,1887,45,2912,2,ITG,ITG2,20,Sardegna,Sardegna,1639591,1409422,85.96,0.18
4482,2021-08-02,SAR,13117,6602,6515,6210,6729,178,ITG,ITG2,20,Sardegna,Sardegna,1639591,1422539,86.76,0.8
4483,2021-01-28,SAR,2976,1045,1931,68,2908,0,ITG,ITG2,20,Sardegna,Sardegna,1639591,1425515,86.94,0.18
4484,2021-05-27,SAR,17829,9263,8566,12084,5537,208,ITG,ITG2,20,Sardegna,Sardegna,1639591,1443344,88.03,1.09
4485,2021-02-16,SAR,699,289,410,663,27,9,ITG,ITG2,20,Sardegna,Sardegna,1639591,1444043,88.07,0.04
4486,2021-03-05,SAR,5215,2611,2604,2817,2359,39,ITG,ITG2,20,Sardegna,Sardegna,1639591,1449258,88.39,0.32
4487,2021-03-19,SAR,7269,3047,4222,4992,2219,58,ITG,ITG2,20,Sardegna,Sardegna,1639591,1456527,88.83,0.44
4488,2021-06-11,SAR,14784,7025,7759,9092,5538,154,ITG,ITG2,20,Sardegna,Sardegna,1639591,1471311,89.74,0.9
4489,2021-03-03,SAR,4122,2285,1837,2740,1299,83,ITG,ITG2,20,Sardegna,Sardegna,1639591,1475433,89.99,0.25
4490,2021-06-30,SAR,17775,8516,9259,4808,12886,81,ITG,ITG2,20,Sardegna,Sardegna,1639591,1493208,91.07,1.08
4491,2021-03-22,SAR,3697,1499,2198,3101,514,82,ITG,ITG2,20,Sardegna,Sardegna,1639591,1496905,91.3,0.23
4492,2021-04-08,SAR,13450,5935,7515,8215,5120,115,ITG,ITG2,20,Sardegna,Sardegna,1639591,1510355,92.12,0.82
4493,2021-01-03,SAR,90,36,54,90,0,0,ITG,ITG2,20,Sardegna,Sardegna,1639591,1510445,92.12,0.01
4494,2021-07-07,SAR,15910,7730,8180,4086,11771,53,ITG,ITG2,20,Sardegna,Sardegna,1639591,1526355,93.09,0.97
4495,2021-03-27,SAR,5741,2194,3547,5224,422,95,ITG,ITG2,20,Sardegna,Sardegna,1639591,1532096,93.44,0.35
4496,2021-05-23,SAR,9968,4809,5159,7623,2247,98,ITG,ITG2,20,Sardegna,Sardegna,1639591,1542064,94.05,0.61
4497,2021-02-12,SAR,2241,934,1307,2176,59,6,ITG,ITG2,20,Sardegna,Sardegna,1639591,1544305,94.19,0.14
4498,2021-07-19,SAR,15232,7631,7601,2800,12382,50,ITG,ITG2,20,Sardegna,Sardegna,1639591,1559537,95.12,0.93
4499,2021-04-10,SAR,10506,4754,5752,8453,1945,108,ITG,ITG2,20,Sardegna,Sardegna,1639591,1570043,95.76,0.64
4500,2021-07-16,SAR,16937,8477,8460,4555,12248,134,ITG,ITG2,20,Sardegna,Sardegna,1639591,1586980,96.79,1.03
4501,2021-04-07,SAR,13561,6056,7505,7827,5657,77,ITG,ITG2,20,Sardegna,Sardegna,1639591,1600541,97.62,0.83
4502,2021-04-24,SAR,10387,4857,5530,7888,2365,134,ITG,ITG2,20,Sardegna,Sardegna,1639591,1610928,98.25,0.63
4503,2021-01-14,SAR,1106,425,681,1106,0,0,ITG,ITG2,20,Sardegna,Sardegna,1639591,1612034,98.32,0.07
4504,2021-07-14,SAR,16909,8191,8718,3775,13023,111,ITG,ITG2,20,Sardegna,Sardegna,1639591,1628943,99.35,1.03
4505,2020-12-29,SAR,57,32,25,57,0,0,ITG,ITG2,20,Sardegna,Sardegna,1639591,1629000,99.35,0.0
4506,2021-04-22,SAR,10516,4667,5849,5500,4924,92,ITG,ITG2,20,Sardegna,Sardegna,1639591,1639516,100.0,0.64
4507,2021-01-12,SAR,866,408,458,866,0,0,ITG,ITG2,20,Sardegna,Sardegna,1639591,1640382,100.05,0.05
4508,2021-05-11,SAR,8968,4191,4777,6399,2435,134,ITG,ITG2,20,Sardegna,Sardegna,1639591,1649350,100.6,0.55
4509,2021-01-31,SAR,2122,752,1370,45,2077,0,ITG,ITG2,20,Sardegna,Sardegna,1639591,1651472,100.72,0.13
4510,2021-02-14,SAR,538,263,275,536,2,0,ITG,ITG2,20,Sardegna,Sardegna,1639591,1652010,100.76,0.03
4511,2021-07-18,SAR,5695,2876,2819,984,4701,10,ITG,ITG2,20,Sardegna,Sardegna,1639591,1657705,101.1,0.35
4512,2021-08-18,SAR,10693,5533,5160,5707,4856,130,ITG,ITG2,20,Sardegna,Sardegna,1639591,1668398,101.76,0.65
4513,2021-04-05,SAR,2043,784,1259,2003,1,39,ITG,ITG2,20,Sardegna,Sardegna,1639591,1670441,101.88,0.12
4514,2021-06-22,SAR,19342,8991,10351,7166,12075,101,ITG,ITG2,20,Sardegna,Sardegna,1639591,1689783,103.06,1.18
4515,2021-07-09,SAR,15880,7599,8281,3433,12365,82,ITG,ITG2,20,Sardegna,Sardegna,1639591,1705663,104.03,0.97
4516,2021-03-31,SAR,10268,4156,6112,7703,2432,133,ITG,ITG2,20,Sardegna,Sardegna,1639591,1715931,104.66,0.63
4517,2021-06-06,SAR,10036,5001,5035,6314,3653,69,ITG,ITG2,20,Sardegna,Sardegna,1639591,1725967,105.27,0.61
4518,2021-08-25,SAR,10074,5297,4777,4249,5717,108,ITG,ITG2,20,Sardegna,Sardegna,1639591,1736041,105.88,0.61
4519,2021-06-03,SAR,16398,7645,8753,10565,5692,141,ITG,ITG2,20,Sardegna,Sardegna,1639591,1752439,106.88,1.0
4520,2021-06-20,SAR,6294,2806,3488,3635,2627,32,ITG,ITG2,20,Sardegna,Sardegna,1639591,1758733,107.27,0.38
4521,2021-03-12,SAR,5975,2620,3355,4518,1308,149,ITG,ITG2,20,Sardegna,Sardegna,1639591,1764708,107.63,0.36
4522,2021-06-29,SAR,17893,8605,9288,3755,14089,49,ITG,ITG2,20,Sardegna,Sardegna,1639591,1782601,108.72,1.09
4523,2021-07-23,SAR,15759,7787,7972,3404,12277,78,ITG,ITG2,20,Sardegna,Sardegna,1639591,1798360,109.68,0.96
4524,2021-04-14,SAR,8268,3910,4358,6967,1239,62,ITG,ITG2,20,Sardegna,Sardegna,1639591,1806628,110.19,0.5
4525,2021-05-01,SAR,9932,4773,5159,5369,4461,102,ITG,ITG2,20,Sardegna,Sardegna,1639591,1816560,110.79,0.61
4526,2021-01-21,SAR,127,61,66,94,33,0,ITG,ITG2,20,Sardegna,Sardegna,1639591,1816687,110.8,0.01
4527,2021-02-07,SAR,1120,396,724,227,892,1,ITG,ITG2,20,Sardegna,Sardegna,1639591,1817807,110.87,0.07
4528,2021-01-07,SAR,3107,1073,2034,3103,0,4,ITG,ITG2,20,Sardegna,Sardegna,1639591,1820914,111.06,0.19
4529,2021-06-10,SAR,17812,8479,9333,11644,6042,126,ITG,ITG2,20,Sardegna,Sardegna,1639591,1838726,112.15,1.09
4530,2021-08-06,SAR,13829,7177,6652,7992,5664,173,ITG,ITG2,20,Sardegna,Sardegna,1639591,1852555,112.99,0.84
4531,2021-08-11,SAR,11926,6362,5564,6146,5600,180,ITG,ITG2,20,Sardegna,Sardegna,1639591,1864481,113.72,0.73
4532,2021-05-03,SAR,8204,3832,4372,6491,1601,112,ITG,ITG2,20,Sardegna,Sardegna,1639591,1872685,114.22,0.5
4533,2021-05-20,SAR,16368,7883,8485,11262,4900,206,ITG,ITG2,20,Sardegna,Sardegna,1639591,1889053,115.21,1.0
4534,2021-02-09,SAR,2288,835,1453,1284,999,5,ITG,ITG2,20,Sardegna,Sardegna,1639591,1891341,115.35,0.14
4535,2021-02-26,SAR,2803,1106,1697,2446,306,51,ITG,ITG2,20,Sardegna,Sardegna,1639591,1894144,115.53,0.17
4536,2020-12-31,SAR,32,16,16,32,0,0,ITG,ITG2,20,Sardegna,Sardegna,1639591,1894176,115.53,0.0
4537,2021-07-30,SAR,15205,7856,7349,6623,8416,166,ITG,ITG2,20,Sardegna,Sardegna,1639591,1909381,116.45,0.93
4538,2021-06-16,SAR,17635,8277,9358,12165,5309,161,ITG,ITG2,20,Sardegna,Sardegna,1639591,1927016,117.53,1.08
4539,2021-01-01,SAR,32,17,15,32,0,0,ITG,ITG2,20,Sardegna,Sardegna,1639591,1927048,117.53,0.0
4540,2021-02-27,SAR,1918,644,1274,1318,559,41,ITG,ITG2,20,Sardegna,Sardegna,1639591,1928966,117.65,0.12
4541,2021-07-22,SAR,18335,9265,9070,4508,13718,109,ITG,ITG2,20,Sardegna,Sardegna,1639591,1947301,118.77,1.12
4542,2021-04-13,SAR,7630,3602,4028,5739,1826,65,ITG,ITG2,20,Sardegna,Sardegna,1639591,1954931,119.23,0.47
4543,2021-06-09,SAR,15468,7368,8100,11574,3743,151,ITG,ITG2,20,Sardegna,Sardegna,1639591,1970399,120.18,0.94
4544,2021-08-21,SAR,5645,3068,2577,3657,1897,91,ITG,ITG2,20,Sardegna,Sardegna,1639591,1976044,120.52,0.34
4545,2021-03-08,SAR,4697,2441,2256,3422,1222,53,ITG,ITG2,20,Sardegna,Sardegna,1639591,1980741,120.81,0.29
4546,2021-05-04,SAR,9578,4401,5177,7541,1881,156,ITG,ITG2,20,Sardegna,Sardegna,1639591,1990319,121.39,0.58
4547,2021-01-24,SAR,91,35,56,5,86,0,ITG,ITG2,20,Sardegna,Sardegna,1639591,1990410,121.4,0.01
4548,2021-06-18,SAR,16489,7509,8980,8604,7770,115,ITG,ITG2,20,Sardegna,Sardegna,1639591,2006899,122.4,1.01
4549,2021-03-10,SAR,6059,2959,3100,5135,853,71,ITG,ITG2,20,Sardegna,Sardegna,1639591,2012958,122.77,0.37
4550,2021-08-14,SAR,1774,1014,760,971,794,9,ITG,ITG2,20,Sardegna,Sardegna,1639591,2014732,122.88,0.11
4551,2021-05-06,SAR,12971,6021,6950,9565,3157,249,ITG,ITG2,20,Sardegna,Sardegna,1639591,2027703,123.67,0.79
4552,2021-03-01,SAR,2273,1158,1115,1583,660,30,ITG,ITG2,20,Sardegna,Sardegna,1639591,2029976,123.81,0.14
4553,2021-05-13,SAR,12383,5866,6517,8724,3448,211,ITG,ITG2,20,Sardegna,Sardegna,1639591,2042359,124.57,0.76
4554,2021-02-02,SAR,1501,670,831,257,1244,0,ITG,ITG2,20,Sardegna,Sardegna,1639591,2043860,124.66,0.09
4555,2021-08-23,SAR,10522,5566,4956,5636,4710,176,ITG,ITG2,20,Sardegna,Sardegna,1639591,2054382,125.3,0.64
4556,2021-05-15,SAR,13817,6433,7384,10195,3438,184,ITG,ITG2,20,Sardegna,Sardegna,1639591,2068199,126.14,0.84
4557,2021-07-11,SAR,6380,3120,3260,1425,4920,35,ITG,ITG2,20,Sardegna,Sardegna,1639591,2074579,126.53,0.39
4558,2021-01-26,SAR,1340,455,885,27,1313,0,ITG,ITG2,20,Sardegna,Sardegna,1639591,2075919,126.61,0.08
4559,2021-08-16,SAR,8461,4412,4049,4550,3796,115,ITG,ITG2,20,Sardegna,Sardegna,1639591,2084380,127.13,0.52
4560,2021-05-08,SAR,13103,5978,7125,10659,2287,157,ITG,ITG2,20,Sardegna,Sardegna,1639591,2097483,127.93,0.8
4561,2021-02-25,SIC,9944,5208,4736,8688,1164,92,ITG,ITG1,19,Sicilia,Sicilia,4999891,9944,0.2,0.2
4562,2021-06-05,SIC,59960,28522,31438,48736,10597,627,ITG,ITG1,19,Sicilia,Sicilia,4999891,69904,1.4,1.2
4563,2021-03-14,SIC,8779,3930,4849,4891,3836,52,ITG,ITG1,19,Sicilia,Sicilia,4999891,78683,1.57,0.18
4564,2021-02-11,SIC,5238,2060,3178,4652,467,119,ITG,ITG1,19,Sicilia,Sicilia,4999891,83921,1.68,0.1
4565,2021-04-11,SIC,15382,7595,7787,8230,7040,112,ITG,ITG1,19,Sicilia,Sicilia,4999891,99303,1.99,0.31
4566,2021-07-20,SIC,48487,23617,24870,12798,35335,354,ITG,ITG1,19,Sicilia,Sicilia,4999891,147790,2.96,0.97
4567,2020-12-30,SIC,186,110,76,185,0,1,ITG,ITG1,19,Sicilia,Sicilia,4999891,147976,2.96,0.0
4568,2021-01-16,SIC,2736,1220,1516,2715,0,21,ITG,ITG1,19,Sicilia,Sicilia,4999891,150712,3.01,0.05
4569,2021-07-01,SIC,30967,14067,16900,10728,19982,257,ITG,ITG1,19,Sicilia,Sicilia,4999891,181679,3.63,0.62
4570,2021-04-09,SIC,20226,9840,10386,10922,9041,263,ITG,ITG1,19,Sicilia,Sicilia,4999891,201905,4.04,0.4
4571,2021-03-23,SIC,20981,10095,10886,15236,5567,178,ITG,ITG1,19,Sicilia,Sicilia,4999891,222886,4.46,0.42
4572,2021-06-24,SIC,42366,19670,22696,17634,24372,360,ITG,ITG1,19,Sicilia,Sicilia,4999891,265252,5.31,0.85
4573,2021-06-07,SIC,49683,23412,26271,41115,8036,532,ITG,ITG1,19,Sicilia,Sicilia,4999891,314935,6.3,0.99
4574,2021-01-25,SIC,7452,3690,3762,268,7177,7,ITG,ITG1,19,Sicilia,Sicilia,4999891,322387,6.45,0.15
4575,2021-05-05,SIC,26405,12232,14173,16285,9682,438,ITG,ITG1,19,Sicilia,Sicilia,4999891,348792,6.98,0.53
4576,2021-05-19,SIC,42891,20765,22126,28186,14330,375,ITG,ITG1,19,Sicilia,Sicilia,4999891,391683,7.83,0.86
4577,2021-07-27,SIC,43274,21446,21828,19248,23564,462,ITG,ITG1,19,Sicilia,Sicilia,4999891,434957,8.7,0.87
4578,2021-08-03,SIC,32063,15726,16337,13877,17765,421,ITG,ITG1,19,Sicilia,Sicilia,4999891,467020,9.34,0.64
4579,2021-01-30,SIC,7733,3555,4178,147,7583,3,ITG,ITG1,19,Sicilia,Sicilia,4999891,474753,9.5,0.15
4580,2021-03-28,SIC,10992,5153,5839,6915,4012,65,ITG,ITG1,19,Sicilia,Sicilia,4999891,485745,9.72,0.22
4581,2021-07-15,SIC,48353,22445,25908,7987,40103,263,ITG,ITG1,19,Sicilia,Sicilia,4999891,534098,10.68,0.97
4582,2021-03-02,SIC,14785,6381,8404,11890,2780,115,ITG,ITG1,19,Sicilia,Sicilia,4999891,548883,10.98,0.3
4583,2021-01-04,SIC,8520,4251,4269,8471,0,49,ITG,ITG1,19,Sicilia,Sicilia,4999891,557403,11.15,0.17
4584,2021-01-18,SIC,1625,675,950,1455,159,11,ITG,ITG1,19,Sicilia,Sicilia,4999891,559028,11.18,0.03
4585,2021-04-28,SIC,29290,13726,15564,19722,9163,405,ITG,ITG1,19,Sicilia,Sicilia,4999891,588318,11.77,0.59
4586,2021-08-10,SIC,21847,10885,10962,10672,10917,258,ITG,ITG1,19,Sicilia,Sicilia,4999891,610165,12.2,0.44
4587,2021-08-15,SIC,2513,1428,1085,1509,954,50,ITG,ITG1,19,Sicilia,Sicilia,4999891,612678,12.25,0.05
4588,2021-08-01,SIC,19963,10431,9532,7855,11961,147,ITG,ITG1,19,Sicilia,Sicilia,4999891,632641,12.65,0.4
4589,2021-06-19,SIC,44297,21061,23236,18765,25213,319,ITG,ITG1,19,Sicilia,Sicilia,4999891,676938,13.54,0.89
4590,2021-04-23,SIC,28642,13731,14911,22411,5842,389,ITG,ITG1,19,Sicilia,Sicilia,4999891,705580,14.11,0.57
4591,2021-02-13,SIC,2979,1124,1855,2686,256,37,ITG,ITG1,19,Sicilia,Sicilia,4999891,708559,14.17,0.06
4592,2021-05-24,SIC,35879,17445,18434,15588,20058,233,ITG,ITG1,19,Sicilia,Sicilia,4999891,744438,14.89,0.72
4593,2021-08-27,SIC,12373,6233,6140,4735,7468,170,ITG,ITG1,19,Sicilia,Sicilia,4999891,756811,15.14,0.25
4594,2021-04-16,SIC,28868,14501,14367,20254,8301,313,ITG,ITG1,19,Sicilia,Sicilia,4999891,785679,15.71,0.58
4595,2021-01-23,SIC,4487,2309,2178,208,4269,10,ITG,ITG1,19,Sicilia,Sicilia,4999891,790166,15.8,0.09
4596,2021-01-06,SIC,6265,3299,2966,6202,0,63,ITG,ITG1,19,Sicilia,Sicilia,4999891,796431,15.93,0.13
4597,2020-12-28,SIC,225,138,87,224,0,1,ITG,ITG1,19,Sicilia,Sicilia,4999891,796656,15.93,0.0
4598,2021-03-16,SIC,9639,4330,5309,3566,6003,70,ITG,ITG1,19,Sicilia,Sicilia,4999891,806295,16.13,0.19
4599,2021-07-08,SIC,38396,17498,20898,6540,31633,223,ITG,ITG1,19,Sicilia,Sicilia,4999891,844691,16.89,0.77
4600,2021-02-27,SIC,12243,5506,6737,10940,1204,99,ITG,ITG1,19,Sicilia,Sicilia,4999891,856934,17.14,0.24
4601,2021-05-31,SIC,38120,17165,20955,21274,16550,296,ITG,ITG1,19,Sicilia,Sicilia,4999891,895054,17.9,0.76
4602,2021-08-22,SIC,10327,5500,4827,3916,6294,117,ITG,ITG1,19,Sicilia,Sicilia,4999891,905381,18.11,0.21
4603,2021-02-18,SIC,5342,3147,2195,4843,431,68,ITG,ITG1,19,Sicilia,Sicilia,4999891,910723,18.21,0.11
4604,2021-05-12,SIC,36831,17380,19451,21390,14922,519,ITG,ITG1,19,Sicilia,Sicilia,4999891,947554,18.95,0.74
4605,2021-08-20,SIC,18793,9360,9433,9855,8673,265,ITG,ITG1,19,Sicilia,Sicilia,4999891,966347,19.33,0.38
4606,2021-07-17,SIC,49329,24296,25033,9323,39707,299,ITG,ITG1,19,Sicilia,Sicilia,4999891,1015676,20.31,0.99
4607,2021-04-08,SIC,19006,9344,9662,9273,9540,193,ITG,ITG1,19,Sicilia,Sicilia,4999891,1034682,20.69,0.38
4608,2021-02-23,SIC,8785,4667,4118,8229,468,88,ITG,ITG1,19,Sicilia,Sicilia,4999891,1043467,20.87,0.18
4609,2021-03-09,SIC,13168,5770,7398,10836,2202,130,ITG,ITG1,19,Sicilia,Sicilia,4999891,1056635,21.13,0.26
4610,2021-01-11,SIC,5920,2613,3307,5862,0,58,ITG,ITG1,19,Sicilia,Sicilia,4999891,1062555,21.25,0.12
4611,2021-04-04,SIC,6797,3321,3476,5434,1295,68,ITG,ITG1,19,Sicilia,Sicilia,4999891,1069352,21.39,0.14
4612,2021-07-13,SIC,46107,21163,24944,6903,38986,218,ITG,ITG1,19,Sicilia,Sicilia,4999891,1115459,22.31,0.92
4613,2021-06-26,SIC,37267,17782,19485,16352,20607,308,ITG,ITG1,19,Sicilia,Sicilia,4999891,1152726,23.06,0.75
4614,2021-04-30,SIC,35070,16367,18703,23536,11053,481,ITG,ITG1,19,Sicilia,Sicilia,4999891,1187796,23.76,0.7
4615,2021-03-04,SIC,15260,6708,8552,11012,4121,127,ITG,ITG1,19,Sicilia,Sicilia,4999891,1203056,24.06,0.31
4616,2021-08-08,SIC,15317,8131,7186,7413,7715,189,ITG,ITG1,19,Sicilia,Sicilia,4999891,1218373,24.37,0.31
4617,2021-06-12,SIC,45799,22401,23398,39374,5895,530,ITG,ITG1,19,Sicilia,Sicilia,4999891,1264172,25.28,0.92
4618,2021-05-07,SIC,36601,17281,19320,24598,11625,378,ITG,ITG1,19,Sicilia,Sicilia,4999891,1300773,26.02,0.73
4619,2021-05-17,SIC,31931,15408,16523,18997,12642,292,ITG,ITG1,19,Sicilia,Sicilia,4999891,1332704,26.65,0.64
4620,2021-03-21,SIC,15227,7347,7880,11185,3970,72,ITG,ITG1,19,Sicilia,Sicilia,4999891,1347931,26.96,0.3
4621,2021-02-06,SIC,4735,2118,2617,1449,3266,20,ITG,ITG1,19,Sicilia,Sicilia,4999891,1352666,27.05,0.09
4622,2021-02-04,SIC,6761,3083,3678,1421,5310,30,ITG,ITG1,19,Sicilia,Sicilia,4999891,1359427,27.19,0.14
4623,2021-01-01,SIC,824,441,383,820,0,4,ITG,ITG1,19,Sicilia,Sicilia,4999891,1360251,27.21,0.02
4624,2021-04-02,SIC,13904,6561,7343,9047,4736,121,ITG,ITG1,19,Sicilia,Sicilia,4999891,1374155,27.48,0.28
4625,2021-02-10,SIC,4353,1776,2577,3888,382,83,ITG,ITG1,19,Sicilia,Sicilia,4999891,1378508,27.57,0.09
4626,2021-05-21,SIC,48701,23074,25627,26659,21619,423,ITG,ITG1,19,Sicilia,Sicilia,4999891,1427209,28.54,0.97
4627,2021-08-12,SIC,15213,7623,7590,7997,6974,242,ITG,ITG1,19,Sicilia,Sicilia,4999891,1442422,28.85,0.3
4628,2021-04-01,SIC,14328,6626,7702,9519,4668,141,ITG,ITG1,19,Sicilia,Sicilia,4999891,1456750,29.14,0.29
4629,2021-06-16,SIC,40441,18805,21636,21270,18812,359,ITG,ITG1,19,Sicilia,Sicilia,4999891,1497191,29.94,0.81
4630,2021-03-25,SIC,20482,9537,10945,14754,5547,181,ITG,ITG1,19,Sicilia,Sicilia,4999891,1517673,30.35,0.41
4631,2021-07-03,SIC,33884,16287,17597,9035,24605,244,ITG,ITG1,19,Sicilia,Sicilia,4999891,1551557,31.03,0.68
4632,2021-03-06,SIC,12649,5062,7587,9769,2782,98,ITG,ITG1,19,Sicilia,Sicilia,4999891,1564206,31.28,0.25
4633,2021-06-14,SIC,43495,20663,22832,28170,14897,428,ITG,ITG1,19,Sicilia,Sicilia,4999891,1607701,32.15,0.87
4634,2021-07-12,SIC,48999,22615,26384,6444,42356,199,ITG,ITG1,19,Sicilia,Sicilia,4999891,1656700,33.13,0.98
4635,2021-02-08,SIC,3890,1681,2209,2081,1761,48,ITG,ITG1,19,Sicilia,Sicilia,4999891,1660590,33.21,0.08
4636,2021-01-22,SIC,1293,641,652,261,1030,2,ITG,ITG1,19,Sicilia,Sicilia,4999891,1661883,33.24,0.03
4637,2021-01-08,SIC,8154,3796,4358,8061,0,93,ITG,ITG1,19,Sicilia,Sicilia,4999891,1670037,33.4,0.16
4638,2021-04-18,SIC,19838,9917,9921,15288,4362,188,ITG,ITG1,19,Sicilia,Sicilia,4999891,1689875,33.8,0.4
4639,2021-06-04,SIC,57871,26771,31100,45405,11961,505,ITG,ITG1,19,Sicilia,Sicilia,4999891,1747746,34.96,1.16
4640,2021-04-06,SIC,17768,8487,9281,13258,4298,212,ITG,ITG1,19,Sicilia,Sicilia,4999891,1765514,35.31,0.36
4641,2021-02-22,SIC,7947,4132,3815,7372,493,82,ITG,ITG1,19,Sicilia,Sicilia,4999891,1773461,35.47,0.16
4642,2020-12-27,SIC,93,55,38,92,0,1,ITG,ITG1,19,Sicilia,Sicilia,4999891,1773554,35.47,0.0
4643,2021-06-02,SIC,35285,16298,18987,27105,7782,398,ITG,ITG1,19,Sicilia,Sicilia,4999891,1808839,36.18,0.71
4644,2021-03-01,SIC,12774,6076,6698,10991,1657,126,ITG,ITG1,19,Sicilia,Sicilia,4999891,1821613,36.43,0.26
4645,2021-06-09,SIC,49788,23683,26105,41912,7266,610,ITG,ITG1,19,Sicilia,Sicilia,4999891,1871401,37.43,1.0
4646,2021-05-16,SIC,33704,16441,17263,21890,11519,295,ITG,ITG1,19,Sicilia,Sicilia,4999891,1905105,38.1,0.67
4647,2021-05-02,SIC,24617,11435,13182,17703,6605,309,ITG,ITG1,19,Sicilia,Sicilia,4999891,1929722,38.6,0.49
4648,2021-03-20,SIC,18605,8986,9619,13368,5143,94,ITG,ITG1,19,Sicilia,Sicilia,4999891,1948327,38.97,0.37
4649,2021-08-09,SIC,25172,12858,12314,12483,12313,376,ITG,ITG1,19,Sicilia,Sicilia,4999891,1973499,39.47,0.5
4650,2021-01-19,SIC,1523,677,846,1267,241,15,ITG,ITG1,19,Sicilia,Sicilia,4999891,1975022,39.5,0.03
4651,2021-06-11,SIC,49973,23846,26127,41599,7709,665,ITG,ITG1,19,Sicilia,Sicilia,4999891,2024995,40.5,1.0
4652,2021-04-29,SIC,31823,14848,16975,21809,9562,452,ITG,ITG1,19,Sicilia,Sicilia,4999891,2056818,41.14,0.64
4653,2021-03-03,SIC,14591,6551,8040,11387,3075,129,ITG,ITG1,19,Sicilia,Sicilia,4999891,2071409,41.43,0.29
4654,2021-08-07,SIC,20061,10407,9654,10819,8905,337,ITG,ITG1,19,Sicilia,Sicilia,4999891,2091470,41.83,0.4
4655,2021-08-16,SIC,20448,10492,9956,10973,9162,313,ITG,ITG1,19,Sicilia,Sicilia,4999891,2111918,42.24,0.41
4656,2021-03-11,SIC,15455,6710,8745,12885,2418,152,ITG,ITG1,19,Sicilia,Sicilia,4999891,2127373,42.55,0.31
4657,2021-01-27,SIC,7294,3713,3581,167,7126,1,ITG,ITG1,19,Sicilia,Sicilia,4999891,2134667,42.69,0.15
4658,2021-01-13,SIC,5187,2444,2743,5153,0,34,ITG,ITG1,19,Sicilia,Sicilia,4999891,2139854,42.8,0.1
4659,2021-01-20,SIC,968,513,455,691,274,3,ITG,ITG1,19,Sicilia,Sicilia,4999891,2140822,42.82,0.02
4660,2021-03-18,SIC,15415,7758,7657,9738,5621,56,ITG,ITG1,19,Sicilia,Sicilia,4999891,2156237,43.13,0.31
4661,2021-08-26,SIC,20071,10145,9926,9125,10636,310,ITG,ITG1,19,Sicilia,Sicilia,4999891,2176308,43.53,0.4
4662,2021-02-07,SIC,2322,982,1340,664,1648,10,ITG,ITG1,19,Sicilia,Sicilia,4999891,2178630,43.57,0.05
4663,2021-07-14,SIC,47529,22016,25513,7930,39340,259,ITG,ITG1,19,Sicilia,Sicilia,4999891,2226159,44.52,0.95
4664,2021-05-18,SIC,36126,17389,18737,23240,12485,401,ITG,ITG1,19,Sicilia,Sicilia,4999891,2262285,45.25,0.72
4665,2021-05-28,SIC,51262,22985,28277,24309,26541,412,ITG,ITG1,19,Sicilia,Sicilia,4999891,2313547,46.27,1.03
4666,2021-08-19,SIC,19609,9790,9819,10508,8791,310,ITG,ITG1,19,Sicilia,Sicilia,4999891,2333156,46.66,0.39
4667,2021-03-30,SIC,14588,6774,7814,9717,4769,102,ITG,ITG1,19,Sicilia,Sicilia,4999891,2347744,46.96,0.29
4668,2021-03-13,SIC,12223,5394,6829,7634,4499,90,ITG,ITG1,19,Sicilia,Sicilia,4999891,2359967,47.2,0.24
4669,2021-04-17,SIC,26011,13154,12857,18670,7067,274,ITG,ITG1,19,Sicilia,Sicilia,4999891,2385978,47.72,0.52
4670,2021-07-26,SIC,44509,22175,22334,16688,27450,371,ITG,ITG1,19,Sicilia,Sicilia,4999891,2430487,48.61,0.89
4671,2021-02-20,SIC,7170,3707,3463,6803,272,95,ITG,ITG1,19,Sicilia,Sicilia,4999891,2437657,48.75,0.14
4672,2021-02-03,SIC,5943,2792,3151,708,5227,8,ITG,ITG1,19,Sicilia,Sicilia,4999891,2443600,48.87,0.12
4673,2021-07-10,SIC,46911,22353,24558,6055,40648,208,ITG,ITG1,19,Sicilia,Sicilia,4999891,2490511,49.81,0.94
4674,2021-06-23,SIC,44507,20706,23801,17924,26248,335,ITG,ITG1,19,Sicilia,Sicilia,4999891,2535018,50.7,0.89
4675,2021-01-24,SIC,4335,2267,2068,124,4209,2,ITG,ITG1,19,Sicilia,Sicilia,4999891,2539353,50.79,0.09
4676,2021-02-24,SIC,9380,4805,4575,8707,566,107,ITG,ITG1,19,Sicilia,Sicilia,4999891,2548733,50.98,0.19
4677,2021-01-21,SIC,1456,715,741,490,955,11,ITG,ITG1,19,Sicilia,Sicilia,4999891,2550189,51.0,0.03
4678,2021-05-01,SIC,24454,11318,13136,19001,5169,284,ITG,ITG1,19,Sicilia,Sicilia,4999891,2574643,51.49,0.49
4679,2021-07-06,SIC,37097,17155,19942,10278,26509,310,ITG,ITG1,19,Sicilia,Sicilia,4999891,2611740,52.24,0.74
4680,2021-05-10,SIC,28734,13793,14941,16191,12217,326,ITG,ITG1,19,Sicilia,Sicilia,4999891,2640474,52.81,0.57
4681,2021-08-18,SIC,22005,11370,10635,11689,9946,370,ITG,ITG1,19,Sicilia,Sicilia,4999891,2662479,53.25,0.44
4682,2021-03-26,SIC,18004,8366,9638,12346,5502,156,ITG,ITG1,19,Sicilia,Sicilia,4999891,2680483,53.61,0.36
4683,2021-01-28,SIC,9035,4275,4760,363,8671,1,ITG,ITG1,19,Sicilia,Sicilia,4999891,2689518,53.79,0.18
4684,2021-07-04,SIC,26512,12800,13712,7612,18726,174,ITG,ITG1,19,Sicilia,Sicilia,4999891,2716030,54.32,0.53
4685,2021-05-08,SIC,35670,17044,18626,24918,10318,434,ITG,ITG1,19,Sicilia,Sicilia,4999891,2751700,55.04,0.71
4686,2021-01-26,SIC,9581,4745,4836,219,9361,1,ITG,ITG1,19,Sicilia,Sicilia,4999891,2761281,55.23,0.19
4687,2021-08-24,SIC,23759,11788,11971,10970,12422,367,ITG,ITG1,19,Sicilia,Sicilia,4999891,2785040,55.7,0.48
4688,2021-06-28,SIC,31939,14876,17063,14905,16740,294,ITG,ITG1,19,Sicilia,Sicilia,4999891,2816979,56.34,0.64
4689,2021-07-05,SIC,37526,17613,19913,8916,28370,240,ITG,ITG1,19,Sicilia,Sicilia,4999891,2854505,57.09,0.75
4690,2021-06-21,SIC,40249,18632,21617,18419,21501,329,ITG,ITG1,19,Sicilia,Sicilia,4999891,2894754,57.9,0.8
4691,2021-05-09,SIC,28426,13316,15110,19767,8294,365,ITG,ITG1,19,Sicilia,Sicilia,4999891,2923180,58.46,0.57
4692,2021-08-17,SIC,18656,9542,9114,10157,8172,327,ITG,ITG1,19,Sicilia,Sicilia,4999891,2941836,58.84,0.37
4693,2021-07-21,SIC,42948,20959,21989,10637,32001,310,ITG,ITG1,19,Sicilia,Sicilia,4999891,2984784,59.7,0.86
4694,2021-07-07,SIC,35422,16204,19218,6043,29139,240,ITG,ITG1,19,Sicilia,Sicilia,4999891,3020206,60.41,0.71
4695,2021-05-25,SIC,33559,15431,18128,13940,19363,256,ITG,ITG1,19,Sicilia,Sicilia,4999891,3053765,61.08,0.67
4696,2021-03-29,SIC,15051,7085,7966,10400,4499,152,ITG,ITG1,19,Sicilia,Sicilia,4999891,3068816,61.38,0.3
4697,2021-02-05,SIC,6788,3005,3783,2087,4663,38,ITG,ITG1,19,Sicilia,Sicilia,4999891,3075604,61.51,0.14
4698,2021-04-03,SIC,16420,7818,8602,13420,2837,163,ITG,ITG1,19,Sicilia,Sicilia,4999891,3092024,61.84,0.33
4699,2021-02-19,SIC,4980,2696,2284,4329,564,87,ITG,ITG1,19,Sicilia,Sicilia,4999891,3097004,61.94,0.1
4700,2021-03-08,SIC,13523,5972,7551,10781,2616,126,ITG,ITG1,19,Sicilia,Sicilia,4999891,3110527,62.21,0.27
4701,2021-08-21,SIC,13743,7169,6574,6204,7352,187,ITG,ITG1,19,Sicilia,Sicilia,4999891,3124270,62.49,0.27
4702,2021-05-30,SIC,35775,16175,19600,17425,18055,295,ITG,ITG1,19,Sicilia,Sicilia,4999891,3160045,63.2,0.72
4703,2021-05-13,SIC,47468,22258,25210,30287,16548,633,ITG,ITG1,19,Sicilia,Sicilia,4999891,3207513,64.15,0.95
4704,2021-01-31,SIC,4059,1942,2117,107,3950,2,ITG,ITG1,19,Sicilia,Sicilia,4999891,3211572,64.23,0.08
4705,2021-05-11,SIC,32682,15501,17181,19681,12496,505,ITG,ITG1,19,Sicilia,Sicilia,4999891,3244254,64.89,0.65
4706,2021-02-17,SIC,5220,3204,2016,4500,670,50,ITG,ITG1,19,Sicilia,Sicilia,4999891,3249474,64.99,0.1
4707,2021-04-27,SIC,26471,12694,13777,15157,10960,354,ITG,ITG1,19,Sicilia,Sicilia,4999891,3275945,65.52,0.53
4708,2021-08-05,SIC,23852,11841,12011,11520,12026,306,ITG,ITG1,19,Sicilia,Sicilia,4999891,3299797,66.0,0.48
4709,2021-05-14,SIC,52191,24474,27717,35746,15676,769,ITG,ITG1,19,Sicilia,Sicilia,4999891,3351988,67.04,1.04
4710,2021-01-15,SIC,5325,2335,2990,5258,0,67,ITG,ITG1,19,Sicilia,Sicilia,4999891,3357313,67.15,0.11
4711,2021-04-25,SIC,21406,10211,11195,16147,5018,241,ITG,ITG1,19,Sicilia,Sicilia,4999891,3378719,67.58,0.43
4712,2021-02-01,SIC,5953,2642,3311,297,5642,14,ITG,ITG1,19,Sicilia,Sicilia,4999891,3384672,67.69,0.12
4713,2021-03-22,SIC,16690,7919,8771,11167,5427,96,ITG,ITG1,19,Sicilia,Sicilia,4999891,3401362,68.03,0.33
4714,2021-06-30,SIC,32613,15038,17575,11447,20845,321,ITG,ITG1,19,Sicilia,Sicilia,4999891,3433975,68.68,0.65
4715,2020-12-29,SIC,245,152,93,244,0,1,ITG,ITG1,19,Sicilia,Sicilia,4999891,3434220,68.69,0.0
4716,2021-06-13,SIC,34547,17166,17381,30606,3508,433,ITG,ITG1,19,Sicilia,Sicilia,4999891,3468767,69.38,0.69
4717,2021-06-01,SIC,38987,17725,21262,24597,14039,351,ITG,ITG1,19,Sicilia,Sicilia,4999891,3507754,70.16,0.78
4718,2021-04-05,SIC,8023,3957,4066,6512,1442,69,ITG,ITG1,19,Sicilia,Sicilia,4999891,3515777,70.32,0.16
4719,2021-04-12,SIC,19022,9221,9801,11487,7276,259,ITG,ITG1,19,Sicilia,Sicilia,4999891,3534799,70.7,0.38
4720,2021-02-14,SIC,1055,402,653,905,140,10,ITG,ITG1,19,Sicilia,Sicilia,4999891,3535854,70.72,0.02
4721,2021-01-02,SIC,4886,2545,2341,4850,0,36,ITG,ITG1,19,Sicilia,Sicilia,4999891,3540740,70.82,0.1
4722,2021-03-17,SIC,15055,7444,7611,9078,5851,126,ITG,ITG1,19,Sicilia,Sicilia,4999891,3555795,71.12,0.3
4723,2021-06-25,SIC,39804,18679,21125,17384,22081,339,ITG,ITG1,19,Sicilia,Sicilia,4999891,3595599,71.91,0.8
4724,2021-07-09,SIC,44822,20684,24138,6406,38234,182,ITG,ITG1,19,Sicilia,Sicilia,4999891,3640421,72.81,0.9
4725,2021-06-06,SIC,49532,23923,25609,41149,7827,556,ITG,ITG1,19,Sicilia,Sicilia,4999891,3689953,73.8,0.99
4726,2021-02-26,SIC,11987,5882,6105,10191,1681,115,ITG,ITG1,19,Sicilia,Sicilia,4999891,3701940,74.04,0.24
4727,2021-05-06,SIC,29487,14015,15472,18164,10838,485,ITG,ITG1,19,Sicilia,Sicilia,4999891,3731427,74.63,0.59
4728,2021-08-14,SIC,6217,3368,2849,3359,2737,121,ITG,ITG1,19,Sicilia,Sicilia,4999891,3737644,74.75,0.12
4729,2021-03-31,SIC,14527,6710,7817,9443,4932,152,ITG,ITG1,19,Sicilia,Sicilia,4999891,3752171,75.05,0.29
4730,2021-01-07,SIC,8986,4156,4830,8904,0,82,ITG,ITG1,19,Sicilia,Sicilia,4999891,3761157,75.22,0.18
4731,2021-08-13,SIC,11654,6036,5618,6024,5391,239,ITG,ITG1,19,Sicilia,Sicilia,4999891,3772811,75.46,0.23
4732,2021-02-09,SIC,4349,1800,2549,3247,1037,65,ITG,ITG1,19,Sicilia,Sicilia,4999891,3777160,75.54,0.09
4733,2021-05-04,SIC,26863,12478,14385,17155,9297,411,ITG,ITG1,19,Sicilia,Sicilia,4999891,3804023,76.08,0.54
4734,2021-04-24,SIC,31222,14722,16500,23143,7639,440,ITG,ITG1,19,Sicilia,Sicilia,4999891,3835245,76.71,0.62
4735,2021-08-02,SIC,32982,16395,16587,12859,19776,347,ITG,ITG1,19,Sicilia,Sicilia,4999891,3868227,77.37,0.66
4736,2021-08-06,SIC,24790,12578,12212,13505,10876,409,ITG,ITG1,19,Sicilia,Sicilia,4999891,3893017,77.86,0.5
4737,2021-03-27,SIC,15704,7407,8297,10687,4889,128,ITG,ITG1,19,Sicilia,Sicilia,4999891,3908721,78.18,0.31
4738,2021-01-29,SIC,9185,4256,4929,406,8767,12,ITG,ITG1,19,Sicilia,Sicilia,4999891,3917906,78.36,0.18
4739,2021-02-12,SIC,4606,1829,2777,4241,286,79,ITG,ITG1,19,Sicilia,Sicilia,4999891,3922512,78.45,0.09
4740,2021-05-23,SIC,34099,16602,17497,19850,14020,229,ITG,ITG1,19,Sicilia,Sicilia,4999891,3956611,79.13,0.68
4741,2021-05-20,SIC,44090,21126,22964,27743,15932,415,ITG,ITG1,19,Sicilia,Sicilia,4999891,4000701,80.02,0.88
4742,2021-03-15,SIC,10690,4735,5955,5655,4955,80,ITG,ITG1,19,Sicilia,Sicilia,4999891,4011391,80.23,0.21
4743,2021-07-28,SIC,37653,18859,18794,14682,22650,321,ITG,ITG1,19,Sicilia,Sicilia,4999891,4049044,80.98,0.75
4744,2021-06-22,SIC,40055,18409,21646,18341,21336,378,ITG,ITG1,19,Sicilia,Sicilia,4999891,4089099,81.78,0.8
4745,2021-05-22,SIC,48022,22811,25211,28309,19317,396,ITG,ITG1,19,Sicilia,Sicilia,4999891,4137121,82.74,0.96
4746,2021-02-28,SIC,7131,3032,4099,6456,630,45,ITG,ITG1,19,Sicilia,Sicilia,4999891,4144252,82.89,0.14
4747,2021-06-08,SIC,47711,22402,25309,40460,6714,537,ITG,ITG1,19,Sicilia,Sicilia,4999891,4191963,83.84,0.95
4748,2021-04-26,SIC,21713,10279,11434,13304,8086,323,ITG,ITG1,19,Sicilia,Sicilia,4999891,4213676,84.28,0.43
4749,2021-02-02,SIC,5320,2495,2825,612,4698,10,ITG,ITG1,19,Sicilia,Sicilia,4999891,4218996,84.38,0.11
4750,2021-08-04,SIC,24311,11991,12320,10954,13035,322,ITG,ITG1,19,Sicilia,Sicilia,4999891,4243307,84.87,0.49
4751,2021-07-18,SIC,39289,19788,19501,8109,30945,235,ITG,ITG1,19,Sicilia,Sicilia,4999891,4282596,85.65,0.79
4752,2021-01-14,SIC,5266,2493,2773,5204,0,62,ITG,ITG1,19,Sicilia,Sicilia,4999891,4287862,85.76,0.11
4753,2021-04-10,SIC,20447,9976,10471,11303,8970,174,ITG,ITG1,19,Sicilia,Sicilia,4999891,4308309,86.17,0.41
4754,2021-01-17,SIC,1314,598,716,1240,65,9,ITG,ITG1,19,Sicilia,Sicilia,4999891,4309623,86.19,0.03
4755,2021-07-02,SIC,30563,14232,16331,9930,20347,286,ITG,ITG1,19,Sicilia,Sicilia,4999891,4340186,86.81,0.61
4756,2021-07-19,SIC,48976,23599,25377,11660,36958,358,ITG,ITG1,19,Sicilia,Sicilia,4999891,4389162,87.79,0.98
4757,2021-02-21,SIC,5170,2501,2669,5046,107,17,ITG,ITG1,19,Sicilia,Sicilia,4999891,4394332,87.89,0.1
4758,2021-08-11,SIC,16239,8358,7881,8736,7213,290,ITG,ITG1,19,Sicilia,Sicilia,4999891,4410571,88.21,0.32
4759,2021-01-09,SIC,7252,3423,3829,7191,0,61,ITG,ITG1,19,Sicilia,Sicilia,4999891,4417823,88.36,0.15
4760,2021-05-03,SIC,23324,10801,12523,13268,9793,263,ITG,ITG1,19,Sicilia,Sicilia,4999891,4441147,88.82,0.47
4761,2021-07-11,SIC,36042,16871,19171,3665,32282,95,ITG,ITG1,19,Sicilia,Sicilia,4999891,4477189,89.55,0.72
4762,2021-07-25,SIC,31809,16763,15046,11849,19702,258,ITG,ITG1,19,Sicilia,Sicilia,4999891,4508998,90.18,0.64
4763,2021-04-19,SIC,18290,8671,9619,12464,5589,237,ITG,ITG1,19,Sicilia,Sicilia,4999891,4527288,90.55,0.37
4764,2021-03-05,SIC,15786,6852,8934,11395,4242,149,ITG,ITG1,19,Sicilia,Sicilia,4999891,4543074,90.86,0.32
4765,2021-02-16,SIC,4201,2208,1993,3664,467,70,ITG,ITG1,19,Sicilia,Sicilia,4999891,4547275,90.95,0.08
4766,2021-06-17,SIC,41880,19502,22378,20360,21150,370,ITG,ITG1,19,Sicilia,Sicilia,4999891,4589155,91.79,0.84
4767,2021-06-10,SIC,53044,24903,28141,45148,7245,651,ITG,ITG1,19,Sicilia,Sicilia,4999891,4642199,92.85,1.06
4768,2021-05-27,SIC,47606,21930,25676,24457,22729,420,ITG,ITG1,19,Sicilia,Sicilia,4999891,4689805,93.8,0.95
4769,2021-04-14,SIC,20586,9939,10647,11623,8771,192,ITG,ITG1,19,Sicilia,Sicilia,4999891,4710391,94.21,0.41
4770,2021-07-23,SIC,41460,20832,20628,14359,26774,327,ITG,ITG1,19,Sicilia,Sicilia,4999891,4751851,95.04,0.83
4771,2021-04-21,SIC,22395,10750,11645,15992,6126,277,ITG,ITG1,19,Sicilia,Sicilia,4999891,4774246,95.49,0.45
4772,2021-04-07,SIC,18445,9061,9384,9738,8513,194,ITG,ITG1,19,Sicilia,Sicilia,4999891,4792691,95.86,0.37
4773,2020-12-31,SIC,896,477,419,888,0,8,ITG,ITG1,19,Sicilia,Sicilia,4999891,4793587,95.87,0.02
4774,2021-03-07,SIC,9269,3457,5812,8129,1083,57,ITG,ITG1,19,Sicilia,Sicilia,4999891,4802856,96.06,0.19
4775,2021-06-15,SIC,46146,21754,24392,28183,17530,433,ITG,ITG1,19,Sicilia,Sicilia,4999891,4849002,96.98,0.92
4776,2021-03-24,SIC,20987,9879,11108,15045,5743,199,ITG,ITG1,19,Sicilia,Sicilia,4999891,4869989,97.4,0.42
4777,2021-05-29,SIC,47193,21469,25724,23531,23214,448,ITG,ITG1,19,Sicilia,Sicilia,4999891,4917182,98.35,0.94
4778,2021-07-16,SIC,49341,23368,25973,8717,40340,284,ITG,ITG1,19,Sicilia,Sicilia,4999891,4966523,99.33,0.99
4779,2021-07-30,SIC,32475,16083,16392,12075,20115,285,ITG,ITG1,19,Sicilia,Sicilia,4999891,4998998,99.98,0.65
4780,2021-06-03,SIC,46008,21099,24909,33772,11716,520,ITG,ITG1,19,Sicilia,Sicilia,4999891,5045006,100.9,0.92
4781,2021-04-20,SIC,19002,9005,9997,13441,5249,312,ITG,ITG1,19,Sicilia,Sicilia,4999891,5064008,101.28,0.38
4782,2021-07-29,SIC,36181,17879,18302,14319,21522,340,ITG,ITG1,19,Sicilia,Sicilia,4999891,5100189,102.01,0.72
4783,2021-07-24,SIC,40733,21211,19522,16797,23631,305,ITG,ITG1,19,Sicilia,Sicilia,4999891,5140922,102.82,0.81
4784,2021-02-15,SIC,3775,1768,2007,3135,564,76,ITG,ITG1,19,Sicilia,Sicilia,4999891,5144697,102.9,0.08
4785,2021-07-22,SIC,40637,19955,20682,11240,29102,295,ITG,ITG1,19,Sicilia,Sicilia,4999891,5185334,103.71,0.81
4786,2021-05-26,SIC,44716,21028,23688,23897,20476,343,ITG,ITG1,19,Sicilia,Sicilia,4999891,5230050,104.6,0.89
4787,2021-01-03,SIC,4809,2512,2297,4775,0,34,ITG,ITG1,19,Sicilia,Sicilia,4999891,5234859,104.7,0.1
4788,2021-04-13,SIC,20271,9874,10397,11232,8843,196,ITG,ITG1,19,Sicilia,Sicilia,4999891,5255130,105.1,0.41
4789,2021-07-31,SIC,28748,14935,13813,10443,18040,265,ITG,ITG1,19,Sicilia,Sicilia,4999891,5283878,105.68,0.57
4790,2021-01-10,SIC,3566,1598,1968,3544,0,22,ITG,ITG1,19,Sicilia,Sicilia,4999891,5287444,105.75,0.07
4791,2021-01-05,SIC,10427,5126,5301,10344,0,83,ITG,ITG1,19,Sicilia,Sicilia,4999891,5297871,105.96,0.21
4792,2021-04-15,SIC,21591,10495,11096,12007,9355,229,ITG,ITG1,19,Sicilia,Sicilia,4999891,5319462,106.39,0.43
4793,2021-06-20,SIC,33450,15828,17622,15115,18075,260,ITG,ITG1,19,Sicilia,Sicilia,4999891,5352912,107.06,0.67
4794,2021-04-22,SIC,26781,12646,14135,19897,6462,422,ITG,ITG1,19,Sicilia,Sicilia,4999891,5379693,107.6,0.54
4795,2021-03-10,SIC,13957,6135,7822,11627,2186,144,ITG,ITG1,19,Sicilia,Sicilia,4999891,5393650,107.88,0.28
4796,2021-01-12,SIC,4373,2141,2232,4327,0,46,ITG,ITG1,19,Sicilia,Sicilia,4999891,5398023,107.96,0.09
4797,2021-06-18,SIC,43609,20151,23458,18864,24374,371,ITG,ITG1,19,Sicilia,Sicilia,4999891,5441632,108.84,0.87
4798,2021-06-27,SIC,25312,12203,13109,12098,12983,231,ITG,ITG1,19,Sicilia,Sicilia,4999891,5466944,109.34,0.51
4799,2021-05-15,SIC,56515,26396,30119,40365,15246,904,ITG,ITG1,19,Sicilia,Sicilia,4999891,5523459,110.47,1.13
4800,2021-03-19,SIC,16327,8061,8266,10655,5578,94,ITG,ITG1,19,Sicilia,Sicilia,4999891,5539786,110.8,0.33
4801,2021-08-23,SIC,24096,11910,12186,10800,12945,351,ITG,ITG1,19,Sicilia,Sicilia,4999891,5563882,111.28,0.48
4802,2021-03-12,SIC,12885,5570,7315,10660,2070,155,ITG,ITG1,19,Sicilia,Sicilia,4999891,5576767,111.54,0.26
4803,2021-08-25,SIC,21879,10859,11020,9985,11533,361,ITG,ITG1,19,Sicilia,Sicilia,4999891,5598646,111.98,0.44
4804,2021-06-29,SIC,31435,14725,16710,15713,15317,405,ITG,ITG1,19,Sicilia,Sicilia,4999891,5630081,112.6,0.63
4805,2021-08-01,LOM,53140,28434,24706,27337,24264,1539,ITC,ITC4,3,Lombardia,Lombardia,10060574,53140,0.53,0.53
4806,2021-04-23,LOM,73632,33368,40264,55596,16645,1391,ITC,ITC4,3,Lombardia,Lombardia,10060574,126772,1.26,0.73
4807,2021-05-10,LOM,85319,40907,44412,61996,21598,1725,ITC,ITC4,3,Lombardia,Lombardia,10060574,212091,2.11,0.85
4808,2021-03-28,LOM,20634,7878,12756,13964,6285,385,ITC,ITC4,3,Lombardia,Lombardia,10060574,232725,2.31,0.21
4809,2021-04-14,LOM,47235,21047,26188,33557,12985,693,ITC,ITC4,3,Lombardia,Lombardia,10060574,279960,2.78,0.47
4810,2021-01-04,LOM,6130,2118,4012,6123,0,7,ITC,ITC4,3,Lombardia,Lombardia,10060574,286090,2.84,0.06
4811,2021-06-19,LOM,104401,52031,52370,56232,46747,1422,ITC,ITC4,3,Lombardia,Lombardia,10060574,390491,3.88,1.04
4812,2021-07-06,LOM,102171,50882,51289,23098,77657,1416,ITC,ITC4,3,Lombardia,Lombardia,10060574,492662,4.9,1.02
4813,2021-02-16,LOM,9526,3080,6446,8975,450,101,ITC,ITC4,3,Lombardia,Lombardia,10060574,502188,4.99,0.09
4814,2021-06-10,LOM,102724,52271,50453,86433,14492,1799,ITC,ITC4,3,Lombardia,Lombardia,10060574,604912,6.01,1.02
4815,2021-03-02,LOM,22841,9711,13130,19531,3046,264,ITC,ITC4,3,Lombardia,Lombardia,10060574,627753,6.24,0.23
4816,2021-08-20,LOM,27090,14997,12093,14124,11871,1095,ITC,ITC4,3,Lombardia,Lombardia,10060574,654843,6.51,0.27
4817,2020-12-28,LOM,108,47,61,108,0,0,ITC,ITC4,3,Lombardia,Lombardia,10060574,654951,6.51,0.0
4818,2021-08-27,LOM,16361,8794,7567,7929,7328,1104,ITC,ITC4,3,Lombardia,Lombardia,10060574,671312,6.67,0.16
4819,2021-06-05,LOM,102448,52963,49485,91105,9831,1512,ITC,ITC4,3,Lombardia,Lombardia,10060574,773760,7.69,1.02
4820,2021-03-14,LOM,14882,5349,9533,11217,3289,376,ITC,ITC4,3,Lombardia,Lombardia,10060574,788642,7.84,0.15
4821,2021-07-20,LOM,95030,49096,45934,6916,87369,745,ITC,ITC4,3,Lombardia,Lombardia,10060574,883672,8.78,0.94
4822,2021-02-04,LOM,28005,8163,19842,2047,25953,5,ITC,ITC4,3,Lombardia,Lombardia,10060574,911677,9.06,0.28
4823,2021-07-18,LOM,97120,50601,46519,8560,87867,693,ITC,ITC4,3,Lombardia,Lombardia,10060574,1008797,10.03,0.97
4824,2021-04-09,LOM,52449,22393,30056,35589,16019,841,ITC,ITC4,3,Lombardia,Lombardia,10060574,1061246,10.55,0.52
4825,2021-07-13,LOM,108707,56838,51869,15456,92015,1236,ITC,ITC4,3,Lombardia,Lombardia,10060574,1169953,11.63,1.08
4826,2021-04-04,LOM,7614,3231,4383,3682,3898,34,ITC,ITC4,3,Lombardia,Lombardia,10060574,1177567,11.7,0.08
4827,2021-08-06,LOM,85570,46631,38939,17767,66946,857,ITC,ITC4,3,Lombardia,Lombardia,10060574,1263137,12.56,0.85
4828,2021-04-28,LOM,95798,43690,52108,66932,26940,1926,ITC,ITC4,3,Lombardia,Lombardia,10060574,1358935,13.51,0.95
4829,2021-06-24,LOM,109763,56738,53025,78379,29007,2377,ITC,ITC4,3,Lombardia,Lombardia,10060574,1468698,14.6,1.09
4830,2021-03-16,LOM,25535,10130,15405,16307,9106,122,ITC,ITC4,3,Lombardia,Lombardia,10060574,1494233,14.85,0.25
4831,2021-05-12,LOM,87567,41775,45792,57432,27605,2530,ITC,ITC4,3,Lombardia,Lombardia,10060574,1581800,15.72,0.87
4832,2021-01-16,LOM,15646,5786,9860,15635,0,11,ITC,ITC4,3,Lombardia,Lombardia,10060574,1597446,15.88,0.16
4833,2021-08-15,LOM,7000,3988,3012,2934,3883,183,ITC,ITC4,3,Lombardia,Lombardia,10060574,1604446,15.95,0.07
4834,2021-05-24,LOM,89621,43526,46095,48600,40084,937,ITC,ITC4,3,Lombardia,Lombardia,10060574,1694067,16.84,0.89
4835,2021-02-11,LOM,17130,5024,12106,9636,7415,79,ITC,ITC4,3,Lombardia,Lombardia,10060574,1711197,17.01,0.17
4836,2021-05-31,LOM,95738,47429,48309,78386,16247,1105,ITC,ITC4,3,Lombardia,Lombardia,10060574,1806935,17.96,0.95
4837,2021-01-30,LOM,12354,4584,7770,146,12199,9,ITC,ITC4,3,Lombardia,Lombardia,10060574,1819289,18.08,0.12
4838,2021-06-12,LOM,89327,48065,41262,84312,3174,1841,ITC,ITC4,3,Lombardia,Lombardia,10060574,1908616,18.97,0.89
4839,2021-06-29,LOM,107306,53210,54096,57431,47869,2006,ITC,ITC4,3,Lombardia,Lombardia,10060574,2015922,20.04,1.07
4840,2021-03-21,LOM,23522,8499,15023,17728,5197,597,ITC,ITC4,3,Lombardia,Lombardia,10060574,2039444,20.27,0.23
4841,2021-07-08,LOM,114692,58447,56245,13230,100438,1024,ITC,ITC4,3,Lombardia,Lombardia,10060574,2154136,21.41,1.14
4842,2021-07-25,LOM,86637,45735,40902,9422,76434,781,ITC,ITC4,3,Lombardia,Lombardia,10060574,2240773,22.27,0.86
4843,2021-04-16,LOM,53727,23937,29790,38435,14391,901,ITC,ITC4,3,Lombardia,Lombardia,10060574,2294500,22.81,0.53
4844,2021-05-03,LOM,83743,39779,43964,69474,12141,2128,ITC,ITC4,3,Lombardia,Lombardia,10060574,2378243,23.64,0.83
4845,2021-01-23,LOM,1127,361,766,925,199,3,ITC,ITC4,3,Lombardia,Lombardia,10060574,2379370,23.65,0.01
4846,2021-04-21,LOM,71885,32580,39305,55842,14697,1346,ITC,ITC4,3,Lombardia,Lombardia,10060574,2451255,24.36,0.71
4847,2021-01-11,LOM,16311,5390,10921,16301,0,10,ITC,ITC4,3,Lombardia,Lombardia,10060574,2467566,24.53,0.16
4848,2021-01-28,LOM,12267,3721,8546,795,11465,7,ITC,ITC4,3,Lombardia,Lombardia,10060574,2479833,24.65,0.12
4849,2021-02-23,LOM,11833,4806,7027,11291,332,210,ITC,ITC4,3,Lombardia,Lombardia,10060574,2491666,24.77,0.12
4850,2021-08-08,LOM,58836,31954,26882,16680,41362,794,ITC,ITC4,3,Lombardia,Lombardia,10060574,2550502,25.35,0.58
4851,2021-08-25,LOM,44473,24031,20442,21641,19724,3108,ITC,ITC4,3,Lombardia,Lombardia,10060574,2594975,25.79,0.44
4852,2021-05-17,LOM,94693,45374,49319,29550,64439,704,ITC,ITC4,3,Lombardia,Lombardia,10060574,2689668,26.73,0.94
4853,2021-06-17,LOM,108655,52751,55904,50552,56925,1178,ITC,ITC4,3,Lombardia,Lombardia,10060574,2798323,27.81,1.08
4854,2021-03-09,LOM,33262,12879,20383,25251,7420,591,ITC,ITC4,3,Lombardia,Lombardia,10060574,2831585,28.15,0.33
4855,2021-08-13,LOM,53434,29602,23832,20516,31654,1264,ITC,ITC4,3,Lombardia,Lombardia,10060574,2885019,28.68,0.53
4856,2021-05-05,LOM,88119,42011,46108,70488,15355,2276,ITC,ITC4,3,Lombardia,Lombardia,10060574,2973138,29.55,0.88
4857,2021-07-01,LOM,105124,52885,52239,53343,49384,2397,ITC,ITC4,3,Lombardia,Lombardia,10060574,3078262,30.6,1.04
4858,2021-04-02,LOM,41415,16951,24464,26212,14648,555,ITC,ITC4,3,Lombardia,Lombardia,10060574,3119677,31.01,0.41
4859,2021-08-12,LOM,56887,31250,25637,21987,33519,1381,ITC,ITC4,3,Lombardia,Lombardia,10060574,3176564,31.57,0.57
4860,2021-01-09,LOM,12506,4612,7894,12498,0,8,ITC,ITC4,3,Lombardia,Lombardia,10060574,3189070,31.7,0.12
4861,2021-03-07,LOM,12095,5364,6731,9339,2563,193,ITC,ITC4,3,Lombardia,Lombardia,10060574,3201165,31.82,0.12
4862,2021-01-27,LOM,8070,2685,5385,807,7261,2,ITC,ITC4,3,Lombardia,Lombardia,10060574,3209235,31.9,0.08
4863,2021-07-03,LOM,102506,51714,50792,44537,55858,2111,ITC,ITC4,3,Lombardia,Lombardia,10060574,3311741,32.92,1.02
4864,2021-03-25,LOM,43042,16094,26948,29254,12877,911,ITC,ITC4,3,Lombardia,Lombardia,10060574,3354783,33.35,0.43
4865,2021-05-21,LOM,93925,45276,48649,28390,64774,761,ITC,ITC4,3,Lombardia,Lombardia,10060574,3448708,34.28,0.93
4866,2021-07-27,LOM,104935,56843,48092,7478,96753,704,ITC,ITC4,3,Lombardia,Lombardia,10060574,3553643,35.32,1.04
4867,2021-03-26,LOM,41375,15728,25647,27505,13190,680,ITC,ITC4,3,Lombardia,Lombardia,10060574,3595018,35.73,0.41
4868,2021-05-22,LOM,70668,33863,36805,31726,38226,716,ITC,ITC4,3,Lombardia,Lombardia,10060574,3665686,36.44,0.7
4869,2021-05-29,LOM,88388,42438,45950,41398,46147,843,ITC,ITC4,3,Lombardia,Lombardia,10060574,3754074,37.31,0.88
4870,2021-02-18,LOM,14062,4930,9132,12825,1038,199,ITC,ITC4,3,Lombardia,Lombardia,10060574,3768136,37.45,0.14
4871,2021-02-13,LOM,6426,2444,3982,4886,1479,61,ITC,ITC4,3,Lombardia,Lombardia,10060574,3774562,37.52,0.06
4872,2021-07-17,LOM,108531,57308,51223,10245,97358,928,ITC,ITC4,3,Lombardia,Lombardia,10060574,3883093,38.6,1.08
4873,2021-01-13,LOM,26481,8099,18382,26456,0,25,ITC,ITC4,3,Lombardia,Lombardia,10060574,3909574,38.86,0.26
4874,2021-06-21,LOM,113373,58079,55294,78308,32895,2170,ITC,ITC4,3,Lombardia,Lombardia,10060574,4022947,39.99,1.13
4875,2021-06-02,LOM,84695,43609,41086,76988,6388,1319,ITC,ITC4,3,Lombardia,Lombardia,10060574,4107642,40.83,0.84
4876,2021-03-11,LOM,36274,13502,22772,25639,9950,685,ITC,ITC4,3,Lombardia,Lombardia,10060574,4143916,41.19,0.36
4877,2021-08-03,LOM,85806,46523,39283,13466,71610,730,ITC,ITC4,3,Lombardia,Lombardia,10060574,4229722,42.04,0.85
4878,2021-04-25,LOM,51614,23663,27951,45552,4839,1223,ITC,ITC4,3,Lombardia,Lombardia,10060574,4281336,42.56,0.51
4879,2021-06-28,LOM,108095,55065,53030,74298,31191,2606,ITC,ITC4,3,Lombardia,Lombardia,10060574,4389431,43.63,1.07
4880,2021-07-15,LOM,109392,56280,53112,13387,94815,1190,ITC,ITC4,3,Lombardia,Lombardia,10060574,4498823,44.72,1.09
4881,2021-04-06,LOM,43099,17596,25503,24452,17955,692,ITC,ITC4,3,Lombardia,Lombardia,10060574,4541922,45.15,0.43
4882,2021-04-11,LOM,32226,13944,18282,24318,7396,512,ITC,ITC4,3,Lombardia,Lombardia,10060574,4574148,45.47,0.32
4883,2021-01-01,LOM,24,7,17,24,0,0,ITC,ITC4,3,Lombardia,Lombardia,10060574,4574172,45.47,0.0
4884,2021-06-07,LOM,99013,50441,48572,84033,13357,1623,ITC,ITC4,3,Lombardia,Lombardia,10060574,4673185,46.45,0.98
4885,2021-02-27,LOM,13955,5876,8079,13153,645,157,ITC,ITC4,3,Lombardia,Lombardia,10060574,4687140,46.59,0.14
4886,2020-12-30,LOM,115,42,73,115,0,0,ITC,ITC4,3,Lombardia,Lombardia,10060574,4687255,46.59,0.0
4887,2021-06-16,LOM,99367,50474,48893,49861,48355,1151,ITC,ITC4,3,Lombardia,Lombardia,10060574,4786622,47.58,0.99
4888,2021-03-06,LOM,21363,9108,12255,16544,4519,300,ITC,ITC4,3,Lombardia,Lombardia,10060574,4807985,47.79,0.21
4889,2021-06-09,LOM,103712,52252,51460,87440,14548,1724,ITC,ITC4,3,Lombardia,Lombardia,10060574,4911697,48.82,1.03
4890,2021-03-08,LOM,29814,11208,18606,22169,7120,525,ITC,ITC4,3,Lombardia,Lombardia,10060574,4941511,49.12,0.3
4891,2021-05-04,LOM,86881,41096,45785,70305,14421,2155,ITC,ITC4,3,Lombardia,Lombardia,10060574,5028392,49.98,0.86
4892,2021-01-24,LOM,1202,458,744,538,664,0,ITC,ITC4,3,Lombardia,Lombardia,10060574,5029594,49.99,0.01
4893,2021-01-18,LOM,9266,2991,6275,8276,975,15,ITC,ITC4,3,Lombardia,Lombardia,10060574,5038860,50.09,0.09
4894,2021-03-23,LOM,42630,15490,27140,28867,12900,863,ITC,ITC4,3,Lombardia,Lombardia,10060574,5081490,50.51,0.42
4895,2021-08-24,LOM,47527,25865,21662,24442,19451,3634,ITC,ITC4,3,Lombardia,Lombardia,10060574,5129017,50.98,0.47
4896,2021-08-21,LOM,21328,11876,9452,9484,11072,772,ITC,ITC4,3,Lombardia,Lombardia,10060574,5150345,51.19,0.21
4897,2021-05-07,LOM,92422,43742,48680,68356,22437,1629,ITC,ITC4,3,Lombardia,Lombardia,10060574,5242767,52.11,0.92
4898,2021-03-18,LOM,27459,10981,16478,15939,11293,227,ITC,ITC4,3,Lombardia,Lombardia,10060574,5270226,52.38,0.27
4899,2021-08-22,LOM,18209,10164,8045,7600,10067,542,ITC,ITC4,3,Lombardia,Lombardia,10060574,5288435,52.57,0.18
4900,2021-05-14,LOM,86046,41436,44610,53293,30368,2385,ITC,ITC4,3,Lombardia,Lombardia,10060574,5374481,53.42,0.86
4901,2021-07-10,LOM,107266,54301,52965,13916,92171,1179,ITC,ITC4,3,Lombardia,Lombardia,10060574,5481747,54.49,1.07
4902,2021-06-26,LOM,105927,55458,50469,77785,25739,2403,ITC,ITC4,3,Lombardia,Lombardia,10060574,5587674,55.54,1.05
4903,2021-02-10,LOM,14458,4526,9932,7567,6862,29,ITC,ITC4,3,Lombardia,Lombardia,10060574,5602132,55.68,0.14
4904,2021-03-30,LOM,39729,15629,24100,24256,14860,613,ITC,ITC4,3,Lombardia,Lombardia,10060574,5641861,56.08,0.39
4905,2021-01-06,LOM,7167,2531,4636,7161,0,6,ITC,ITC4,3,Lombardia,Lombardia,10060574,5649028,56.15,0.07
4906,2021-08-26,LOM,38628,20758,17870,20328,15512,2788,ITC,ITC4,3,Lombardia,Lombardia,10060574,5687656,56.53,0.38
4907,2021-06-14,LOM,94875,48202,46673,49128,44628,1119,ITC,ITC4,3,Lombardia,Lombardia,10060574,5782531,57.48,0.94
4908,2021-08-17,LOM,33256,18410,14846,17405,14666,1185,ITC,ITC4,3,Lombardia,Lombardia,10060574,5815787,57.81,0.33
4909,2021-05-26,LOM,93782,44684,49098,42747,50145,890,ITC,ITC4,3,Lombardia,Lombardia,10060574,5909569,58.74,0.93
4910,2021-02-15,LOM,9049,3165,5884,8390,479,180,ITC,ITC4,3,Lombardia,Lombardia,10060574,5918618,58.83,0.09
4911,2021-05-19,LOM,83303,39786,43517,33119,49373,811,ITC,ITC4,3,Lombardia,Lombardia,10060574,6001921,59.66,0.83
4912,2021-02-08,LOM,10132,2935,7197,2125,7999,8,ITC,ITC4,3,Lombardia,Lombardia,10060574,6012053,59.76,0.1
4913,2021-02-25,LOM,15356,6370,8986,13536,1620,200,ITC,ITC4,3,Lombardia,Lombardia,10060574,6027409,59.91,0.15
4914,2021-02-06,LOM,15307,5555,9752,1013,14289,5,ITC,ITC4,3,Lombardia,Lombardia,10060574,6042716,60.06,0.15
4915,2021-03-04,LOM,29373,12134,17239,20066,9086,221,ITC,ITC4,3,Lombardia,Lombardia,10060574,6072089,60.36,0.29
4916,2021-06-18,LOM,107721,52911,54810,51885,54597,1239,ITC,ITC4,3,Lombardia,Lombardia,10060574,6179810,61.43,1.07
4917,2021-08-14,LOM,26543,14887,11656,11134,14860,549,ITC,ITC4,3,Lombardia,Lombardia,10060574,6206353,61.69,0.26
4918,2021-03-01,LOM,18800,8236,10564,16886,1708,206,ITC,ITC4,3,Lombardia,Lombardia,10060574,6225153,61.88,0.19
4919,2021-08-23,LOM,57468,31495,25973,23768,30415,3285,ITC,ITC4,3,Lombardia,Lombardia,10060574,6282621,62.45,0.57
4920,2021-05-15,LOM,80990,38809,42181,45491,33443,2056,ITC,ITC4,3,Lombardia,Lombardia,10060574,6363611,63.25,0.81
4921,2021-07-11,LOM,90330,45699,44631,11765,77507,1058,ITC,ITC4,3,Lombardia,Lombardia,10060574,6453941,64.15,0.9
4922,2021-05-13,LOM,87229,41797,45432,55733,28898,2598,ITC,ITC4,3,Lombardia,Lombardia,10060574,6541170,65.02,0.87
4923,2021-02-02,LOM,19998,6644,13354,497,19498,3,ITC,ITC4,3,Lombardia,Lombardia,10060574,6561168,65.22,0.2
4924,2021-03-31,LOM,42264,17146,25118,26200,15381,683,ITC,ITC4,3,Lombardia,Lombardia,10060574,6603432,65.64,0.42
4925,2021-03-10,LOM,33360,12759,20601,24858,7904,598,ITC,ITC4,3,Lombardia,Lombardia,10060574,6636792,65.97,0.33
4926,2021-01-25,LOM,7119,2396,4723,513,6603,3,ITC,ITC4,3,Lombardia,Lombardia,10060574,6643911,66.04,0.07
4927,2021-02-01,LOM,16119,5335,10784,307,15810,2,ITC,ITC4,3,Lombardia,Lombardia,10060574,6660030,66.2,0.16
4928,2021-07-05,LOM,101925,49784,52141,31506,68529,1890,ITC,ITC4,3,Lombardia,Lombardia,10060574,6761955,67.21,1.01
4929,2021-02-03,LOM,25718,7948,17770,1078,24635,5,ITC,ITC4,3,Lombardia,Lombardia,10060574,6787673,67.47,0.26
4930,2021-04-01,LOM,43191,17318,25873,26087,16393,711,ITC,ITC4,3,Lombardia,Lombardia,10060574,6830864,67.9,0.43
4931,2021-07-12,LOM,111871,57506,54365,14803,95929,1139,ITC,ITC4,3,Lombardia,Lombardia,10060574,6942735,69.01,1.11
4932,2021-04-03,LOM,36317,14892,21425,25789,10145,383,ITC,ITC4,3,Lombardia,Lombardia,10060574,6979052,69.37,0.36
4933,2021-05-30,LOM,74422,35613,38809,33795,40008,619,ITC,ITC4,3,Lombardia,Lombardia,10060574,7053474,70.11,0.74
4934,2021-07-26,LOM,109597,58906,50691,7707,101131,759,ITC,ITC4,3,Lombardia,Lombardia,10060574,7163071,71.2,1.09
4935,2021-05-18,LOM,88247,42173,46074,31886,55588,773,ITC,ITC4,3,Lombardia,Lombardia,10060574,7251318,72.08,0.88
4936,2021-06-04,LOM,104651,54322,50329,93201,9662,1788,ITC,ITC4,3,Lombardia,Lombardia,10060574,7355969,73.12,1.04
4937,2021-02-24,LOM,14728,5961,8767,13576,958,194,ITC,ITC4,3,Lombardia,Lombardia,10060574,7370697,73.26,0.15
4938,2021-05-16,LOM,68737,32517,36220,35585,32232,920,ITC,ITC4,3,Lombardia,Lombardia,10060574,7439434,73.95,0.68
4939,2021-02-05,LOM,25781,7489,18292,2427,23341,13,ITC,ITC4,3,Lombardia,Lombardia,10060574,7465215,74.2,0.26
4940,2021-02-22,LOM,11947,4821,7126,11439,310,198,ITC,ITC4,3,Lombardia,Lombardia,10060574,7477162,74.32,0.12
4941,2021-07-24,LOM,95877,50656,45221,9742,85278,857,ITC,ITC4,3,Lombardia,Lombardia,10060574,7573039,75.27,0.95
4942,2021-08-10,LOM,61447,33257,28190,18700,41684,1063,ITC,ITC4,3,Lombardia,Lombardia,10060574,7634486,75.89,0.61
4943,2021-05-02,LOM,83537,38346,45191,59262,22479,1796,ITC,ITC4,3,Lombardia,Lombardia,10060574,7718023,76.72,0.83
4944,2021-07-22,LOM,99397,52036,47361,12511,85435,1451,ITC,ITC4,3,Lombardia,Lombardia,10060574,7817420,77.7,0.99
4945,2021-04-13,LOM,47689,21286,26403,32939,14105,645,ITC,ITC4,3,Lombardia,Lombardia,10060574,7865109,78.18,0.47
4946,2021-04-30,LOM,117534,54892,62642,87259,27681,2594,ITC,ITC4,3,Lombardia,Lombardia,10060574,7982643,79.35,1.17
4947,2021-01-20,LOM,5713,1392,4321,5593,115,5,ITC,ITC4,3,Lombardia,Lombardia,10060574,7988356,79.4,0.06
4948,2021-01-22,LOM,3199,885,2314,3125,69,5,ITC,ITC4,3,Lombardia,Lombardia,10060574,7991555,79.43,0.03
4949,2021-07-07,LOM,112040,56163,55877,18001,92879,1160,ITC,ITC4,3,Lombardia,Lombardia,10060574,8103595,80.55,1.11
4950,2021-06-01,LOM,94035,46128,47907,75803,17124,1108,ITC,ITC4,3,Lombardia,Lombardia,10060574,8197630,81.48,0.93
4951,2021-01-02,LOM,202,74,128,202,0,0,ITC,ITC4,3,Lombardia,Lombardia,10060574,8197832,81.48,0.0
4952,2021-06-08,LOM,102941,52320,50621,87178,14084,1679,ITC,ITC4,3,Lombardia,Lombardia,10060574,8300773,82.51,1.02
4953,2021-02-28,LOM,7886,3256,4630,7604,210,72,ITC,ITC4,3,Lombardia,Lombardia,10060574,8308659,82.59,0.08
4954,2021-08-04,LOM,90136,48819,41317,14462,75009,665,ITC,ITC4,3,Lombardia,Lombardia,10060574,8398795,83.48,0.9
4955,2021-04-26,LOM,88023,40949,47074,67078,19170,1775,ITC,ITC4,3,Lombardia,Lombardia,10060574,8486818,84.36,0.87
4956,2021-07-21,LOM,94010,48497,45513,8620,84525,865,ITC,ITC4,3,Lombardia,Lombardia,10060574,8580828,85.29,0.93
4957,2021-04-12,LOM,47336,20621,26715,32304,14395,637,ITC,ITC4,3,Lombardia,Lombardia,10060574,8628164,85.76,0.47
4958,2021-03-20,LOM,32611,12172,20439,22248,9859,504,ITC,ITC4,3,Lombardia,Lombardia,10060574,8660775,86.09,0.32
4959,2020-12-27,LOM,718,414,304,718,0,0,ITC,ITC4,3,Lombardia,Lombardia,10060574,8661493,86.09,0.01
4960,2021-08-02,LOM,83619,45299,38320,18330,64377,912,ITC,ITC4,3,Lombardia,Lombardia,10060574,8745112,86.92,0.83
4961,2021-05-09,LOM,69729,32895,36834,54470,13280,1979,ITC,ITC4,3,Lombardia,Lombardia,10060574,8814841,87.62,0.69
4962,2021-01-29,LOM,13544,4145,9399,686,12855,3,ITC,ITC4,3,Lombardia,Lombardia,10060574,8828385,87.75,0.13
4963,2021-06-13,LOM,76003,40566,35437,72286,2131,1586,ITC,ITC4,3,Lombardia,Lombardia,10060574,8904388,88.51,0.76
4964,2021-03-05,LOM,29003,11970,17033,20255,8443,305,ITC,ITC4,3,Lombardia,Lombardia,10060574,8933391,88.8,0.29
4965,2021-06-27,LOM,90952,46823,44129,69783,18871,2298,ITC,ITC4,3,Lombardia,Lombardia,10060574,9024343,89.7,0.9
4966,2021-03-19,LOM,32503,12946,19557,18919,13261,323,ITC,ITC4,3,Lombardia,Lombardia,10060574,9056846,90.02,0.32
4967,2021-05-27,LOM,95010,45503,49507,40622,53596,792,ITC,ITC4,3,Lombardia,Lombardia,10060574,9151856,90.97,0.94
4968,2021-04-24,LOM,75864,33622,42242,53450,21162,1252,ITC,ITC4,3,Lombardia,Lombardia,10060574,9227720,91.72,0.75
4969,2021-01-14,LOM,26971,7820,19151,26919,0,52,ITC,ITC4,3,Lombardia,Lombardia,10060574,9254691,91.99,0.27
4970,2021-08-16,LOM,38916,21047,17869,16830,21046,1040,ITC,ITC4,3,Lombardia,Lombardia,10060574,9293607,92.38,0.39
4971,2021-05-08,LOM,87833,40787,47046,63479,22112,2242,ITC,ITC4,3,Lombardia,Lombardia,10060574,9381440,93.25,0.87
4972,2021-06-30,LOM,106994,53001,53993,56590,48282,2122,ITC,ITC4,3,Lombardia,Lombardia,10060574,9488434,94.31,1.06
4973,2021-03-22,LOM,40364,14314,26050,28952,10575,837,ITC,ITC4,3,Lombardia,Lombardia,10060574,9528798,94.71,0.4
4974,2021-04-08,LOM,52464,21795,30669,35299,16490,675,ITC,ITC4,3,Lombardia,Lombardia,10060574,9581262,95.24,0.52
4975,2020-12-29,LOM,106,45,61,106,0,0,ITC,ITC4,3,Lombardia,Lombardia,10060574,9581368,95.24,0.0
4976,2021-07-14,LOM,109438,56851,52587,14357,93675,1406,ITC,ITC4,3,Lombardia,Lombardia,10060574,9690806,96.32,1.09
4977,2021-07-31,LOM,71109,38777,32332,36367,32721,2021,ITC,ITC4,3,Lombardia,Lombardia,10060574,9761915,97.03,0.71
4978,2021-04-22,LOM,74068,33442,40626,56246,16440,1382,ITC,ITC4,3,Lombardia,Lombardia,10060574,9835983,97.77,0.74
4979,2021-03-03,LOM,27023,11531,15492,19487,7316,220,ITC,ITC4,3,Lombardia,Lombardia,10060574,9863006,98.04,0.27
4980,2021-03-13,LOM,27228,9794,17434,20557,6117,554,ITC,ITC4,3,Lombardia,Lombardia,10060574,9890234,98.31,0.27
4981,2021-07-23,LOM,95521,50065,45456,11421,82838,1262,ITC,ITC4,3,Lombardia,Lombardia,10060574,9985755,99.26,0.95
4982,2021-08-09,LOM,68958,37019,31939,18624,49282,1052,ITC,ITC4,3,Lombardia,Lombardia,10060574,10054713,99.94,0.69
4983,2021-05-01,LOM,96087,43723,52364,65057,29311,1719,ITC,ITC4,3,Lombardia,Lombardia,10060574,10150800,100.9,0.96
4984,2021-01-21,LOM,5530,1612,3918,4818,695,17,ITC,ITC4,3,Lombardia,Lombardia,10060574,10156330,100.95,0.05
4985,2021-05-23,LOM,60816,28963,31853,26296,34006,514,ITC,ITC4,3,Lombardia,Lombardia,10060574,10217146,101.56,0.6
4986,2021-02-12,LOM,14026,4389,9637,8885,4981,160,ITC,ITC4,3,Lombardia,Lombardia,10060574,10231172,101.7,0.14
4987,2021-07-19,LOM,96929,50319,46610,10810,85040,1079,ITC,ITC4,3,Lombardia,Lombardia,10060574,10328101,102.66,0.96
4988,2021-04-10,LOM,52817,21875,30942,40092,11974,751,ITC,ITC4,3,Lombardia,Lombardia,10060574,10380918,103.18,0.52
4989,2021-06-06,LOM,90136,46351,43785,79536,9222,1378,ITC,ITC4,3,Lombardia,Lombardia,10060574,10471054,104.08,0.9
4990,2021-01-07,LOM,11807,3657,8150,11766,0,41,ITC,ITC4,3,Lombardia,Lombardia,10060574,10482861,104.2,0.12
4991,2021-05-06,LOM,89948,42230,47718,70984,16578,2386,ITC,ITC4,3,Lombardia,Lombardia,10060574,10572809,105.09,0.89
4992,2021-01-26,LOM,8392,2718,5674,348,8043,1,ITC,ITC4,3,Lombardia,Lombardia,10060574,10581201,105.17,0.08
4993,2021-07-16,LOM,108928,56713,52215,11140,96625,1163,ITC,ITC4,3,Lombardia,Lombardia,10060574,10690129,106.26,1.08
4994,2021-04-07,LOM,50624,20937,29687,34080,15835,709,ITC,ITC4,3,Lombardia,Lombardia,10060574,10740753,106.76,0.5
4995,2021-08-19,LOM,28954,15933,13021,14772,13060,1122,ITC,ITC4,3,Lombardia,Lombardia,10060574,10769707,107.05,0.29
4996,2021-05-11,LOM,86940,41460,45480,58273,26247,2420,ITC,ITC4,3,Lombardia,Lombardia,10060574,10856647,107.91,0.86
4997,2021-05-28,LOM,93695,44883,48812,42039,50741,915,ITC,ITC4,3,Lombardia,Lombardia,10060574,10950342,108.84,0.93
4998,2021-02-17,LOM,12032,3777,8255,10445,1392,195,ITC,ITC4,3,Lombardia,Lombardia,10060574,10962374,108.96,0.12
4999,2021-06-11,LOM,101535,51718,49817,84944,14697,1894,ITC,ITC4,3,Lombardia,Lombardia,10060574,11063909,109.97,1.01
5000,2021-04-05,LOM,27391,11698,15693,19028,8109,254,ITC,ITC4,3,Lombardia,Lombardia,10060574,11091300,110.25,0.27
5001,2021-08-18,LOM,30867,17024,13843,17868,11630,1369,ITC,ITC4,3,Lombardia,Lombardia,10060574,11122167,110.55,0.31
5002,2021-01-31,LOM,9820,3811,6009,29,9791,0,ITC,ITC4,3,Lombardia,Lombardia,10060574,11131987,110.65,0.1
5003,2021-05-25,LOM,91218,43643,47575,43861,46533,824,ITC,ITC4,3,Lombardia,Lombardia,10060574,11223205,111.56,0.91
5004,2021-02-07,LOM,7319,2829,4490,335,6981,3,ITC,ITC4,3,Lombardia,Lombardia,10060574,11230524,111.63,0.07
5005,2021-01-19,LOM,8061,2331,5730,7578,469,14,ITC,ITC4,3,Lombardia,Lombardia,10060574,11238585,111.71,0.08
5006,2021-04-15,LOM,49486,21874,27612,34894,13840,752,ITC,ITC4,3,Lombardia,Lombardia,10060574,11288071,112.2,0.49
5007,2021-01-05,LOM,7874,2582,5292,7868,0,6,ITC,ITC4,3,Lombardia,Lombardia,10060574,11295945,112.28,0.08
5008,2021-03-27,LOM,32524,12409,20115,23118,8771,635,ITC,ITC4,3,Lombardia,Lombardia,10060574,11328469,112.6,0.32
5009,2021-01-03,LOM,856,316,540,855,0,1,ITC,ITC4,3,Lombardia,Lombardia,10060574,11329325,112.61,0.01
5010,2021-02-21,LOM,5054,1864,3190,4941,17,96,ITC,ITC4,3,Lombardia,Lombardia,10060574,11334379,112.66,0.05
5011,2021-07-28,LOM,77450,41727,35723,19110,56583,1757,ITC,ITC4,3,Lombardia,Lombardia,10060574,11411829,113.43,0.77
5012,2021-04-19,LOM,60406,27489,32917,49701,9419,1286,ITC,ITC4,3,Lombardia,Lombardia,10060574,11472235,114.03,0.6
5013,2021-06-15,LOM,96068,48889,47179,49025,45989,1054,ITC,ITC4,3,Lombardia,Lombardia,10060574,11568303,114.99,0.95
5014,2021-08-11,LOM,61366,33583,27783,22445,37574,1347,ITC,ITC4,3,Lombardia,Lombardia,10060574,11629669,115.6,0.61
5015,2021-05-20,LOM,95616,46244,49372,31695,63081,840,ITC,ITC4,3,Lombardia,Lombardia,10060574,11725285,116.55,0.95
5016,2021-02-14,LOM,3586,1547,2039,2934,637,15,ITC,ITC4,3,Lombardia,Lombardia,10060574,11728871,116.58,0.04
5017,2021-01-12,LOM,20337,6743,13594,20306,0,31,ITC,ITC4,3,Lombardia,Lombardia,10060574,11749208,116.78,0.2
5018,2021-06-22,LOM,111248,58102,53146,79173,29952,2123,ITC,ITC4,3,Lombardia,Lombardia,10060574,11860456,117.89,1.11
5019,2021-07-09,LOM,115776,59009,56767,11738,103153,885,ITC,ITC4,3,Lombardia,Lombardia,10060574,11976232,119.04,1.15
5020,2021-06-03,LOM,97193,49741,47452,84613,10913,1667,ITC,ITC4,3,Lombardia,Lombardia,10060574,12073425,120.01,0.97
5021,2021-06-20,LOM,89040,44370,44670,52816,34983,1241,ITC,ITC4,3,Lombardia,Lombardia,10060574,12162465,120.89,0.89
5022,2021-03-12,LOM,35327,12987,22340,24458,10250,619,ITC,ITC4,3,Lombardia,Lombardia,10060574,12197792,121.24,0.35
5023,2021-03-29,LOM,40069,15551,24518,24536,14856,677,ITC,ITC4,3,Lombardia,Lombardia,10060574,12237861,121.64,0.4
5024,2021-02-19,LOM,14230,5402,8828,13329,725,176,ITC,ITC4,3,Lombardia,Lombardia,10060574,12252091,121.78,0.14
5025,2021-04-17,LOM,48581,21328,27253,36988,10873,720,ITC,ITC4,3,Lombardia,Lombardia,10060574,12300672,122.27,0.48
5026,2021-02-26,LOM,18443,7572,10871,16330,1906,207,ITC,ITC4,3,Lombardia,Lombardia,10060574,12319115,122.45,0.18
5027,2021-07-30,LOM,73260,39761,33499,35056,36084,2120,ITC,ITC4,3,Lombardia,Lombardia,10060574,12392375,123.18,0.73
5028,2020-12-31,LOM,715,302,413,715,0,0,ITC,ITC4,3,Lombardia,Lombardia,10060574,12393090,123.18,0.01
5029,2021-07-29,LOM,74419,40425,33994,33768,38695,1956,ITC,ITC4,3,Lombardia,Lombardia,10060574,12467509,123.92,0.74
5030,2021-02-20,LOM,9370,3872,5498,8847,327,196,ITC,ITC4,3,Lombardia,Lombardia,10060574,12476879,124.02,0.09
5031,2021-04-18,LOM,36437,16241,20196,30547,5245,645,ITC,ITC4,3,Lombardia,Lombardia,10060574,12513316,124.38,0.36
5032,2021-01-08,LOM,12752,3938,8814,12741,0,11,ITC,ITC4,3,Lombardia,Lombardia,10060574,12526068,124.51,0.13
5033,2021-08-05,LOM,90284,49269,41015,15725,73742,817,ITC,ITC4,3,Lombardia,Lombardia,10060574,12616352,125.4,0.9
5034,2021-01-15,LOM,25287,7454,17833,25235,0,52,ITC,ITC4,3,Lombardia,Lombardia,10060574,12641639,125.66,0.25
5035,2021-08-07,LOM,79717,43272,36445,16070,62842,805,ITC,ITC4,3,Lombardia,Lombardia,10060574,12721356,126.45,0.79
5036,2021-04-29,LOM,115644,53630,62014,83144,29911,2589,ITC,ITC4,3,Lombardia,Lombardia,10060574,12837000,127.6,1.15
5037,2021-06-25,LOM,108327,56254,52073,78362,27659,2306,ITC,ITC4,3,Lombardia,Lombardia,10060574,12945327,128.67,1.08
5038,2021-04-20,LOM,67709,30851,36858,55913,10356,1440,ITC,ITC4,3,Lombardia,Lombardia,10060574,13013036,129.35,0.67
5039,2021-01-10,LOM,10555,3982,6573,10547,0,8,ITC,ITC4,3,Lombardia,Lombardia,10060574,13023591,129.45,0.1
5040,2021-01-17,LOM,8359,3350,5009,8152,201,6,ITC,ITC4,3,Lombardia,Lombardia,10060574,13031950,129.53,0.08
5041,2021-06-23,LOM,111065,57458,53607,76710,32219,2136,ITC,ITC4,3,Lombardia,Lombardia,10060574,13143015,130.64,1.1
5042,2021-03-15,LOM,31622,11356,20266,22427,8574,621,ITC,ITC4,3,Lombardia,Lombardia,10060574,13174637,130.95,0.31
5043,2021-04-27,LOM,86112,40010,46102,67682,16611,1819,ITC,ITC4,3,Lombardia,Lombardia,10060574,13260749,131.81,0.86
5044,2021-03-17,LOM,26309,10512,15797,15114,11035,160,ITC,ITC4,3,Lombardia,Lombardia,10060574,13287058,132.07,0.26
5045,2021-07-04,LOM,86760,43397,43363,40193,44611,1956,ITC,ITC4,3,Lombardia,Lombardia,10060574,13373818,132.93,0.86
5046,2021-07-02,LOM,104019,52138,51881,48881,52938,2200,ITC,ITC4,3,Lombardia,Lombardia,10060574,13477837,133.97,1.03
5047,2021-03-24,LOM,43392,15665,27727,30472,12026,894,ITC,ITC4,3,Lombardia,Lombardia,10060574,13521229,134.4,0.43
5048,2021-02-09,LOM,12232,3336,8896,4027,8191,14,ITC,ITC4,3,Lombardia,Lombardia,10060574,13533461,134.52,0.12
