,data,area,Vaccinazioni giornaliere,sesso_maschile,sesso_femminile,Operatori sanitari - sociosanitari,Personale non sanitario,Ospiti RSA,categoria_personale_scolastico,categoria_60_69,categoria_70_79,categoria_over80,categoria_soggetti_fragili,categoria_forze_armate,categoria_altro,prima_dose,seconda_dose,codice_NUTS1,codice_NUTS2,codice_regione_ISTAT,nome_area,Regione,popolazione,Totale vaccinazioni,Totale vaccinazioni ogni cento ab,Vaccinazioni giornaliere ogni cento ab
0,2021-02-01,PIE,8642,3053,5589,6177,1397,1068,0,0,0,0,0,0,0,578,8064,ITC,ITC1,1,Piemonte,Piemonte,4356406,8642,0.2,0.2
1,2021-02-05,PIE,9452,3079,6373,5766,2041,1643,0,0,0,1,0,0,1,657,8795,ITC,ITC1,1,Piemonte,Piemonte,4356406,18094,0.42,0.22
2,2021-02-20,PIE,3829,1252,2577,1100,1064,219,1416,0,0,30,0,0,0,3656,173,ITC,ITC1,1,Piemonte,Piemonte,4356406,21923,0.5,0.09
3,2021-04-28,PIE,25589,11532,14057,564,274,105,54,3442,3970,7799,9342,25,14,15664,9925,ITC,ITC1,1,Piemonte,Piemonte,4356406,47512,1.09,0.59
4,2021-03-26,PIE,17733,6977,10756,1162,744,529,2428,3,14,11528,608,710,7,8829,8904,ITC,ITC1,1,Piemonte,Piemonte,4356406,65245,1.5,0.41
5,2021-04-19,PIE,22269,10633,11636,304,159,203,28,786,5401,4765,10602,1,20,17942,4327,ITC,ITC1,1,Piemonte,Piemonte,4356406,87514,2.01,0.51
6,2021-02-19,PIE,5532,2174,3358,1989,1752,666,1078,0,1,34,0,1,11,5030,502,ITC,ITC1,1,Piemonte,Piemonte,4356406,93046,2.14,0.13
7,2021-04-25,PIE,19921,9176,10745,212,108,9,18,1246,6276,2500,9529,8,15,17414,2507,ITC,ITC1,1,Piemonte,Piemonte,4356406,112967,2.59,0.46
8,2021-04-05,PIE,14736,6233,8503,148,115,0,703,1,3904,7987,1844,33,1,12175,2561,ITC,ITC1,1,Piemonte,Piemonte,4356406,127703,2.93,0.34
9,2021-04-15,PIE,29378,13453,15925,895,399,365,53,1202,9644,6835,9951,7,27,23908,5470,ITC,ITC1,1,Piemonte,Piemonte,4356406,157081,3.61,0.67
10,2021-01-16,PIE,7771,2630,5141,4803,1596,1372,0,0,0,0,0,0,0,7771,0,ITC,ITC1,1,Piemonte,Piemonte,4356406,164852,3.78,0.18
11,2021-02-03,PIE,10197,3303,6894,6643,2299,1246,0,2,0,5,0,0,2,611,9586,ITC,ITC1,1,Piemonte,Piemonte,4356406,175049,4.02,0.23
12,2021-04-01,PIE,19277,8032,11245,672,371,289,914,6,1954,13846,960,261,4,11170,8107,ITC,ITC1,1,Piemonte,Piemonte,4356406,194326,4.46,0.44
13,2021-01-19,PIE,6423,2099,4324,3574,1301,1548,0,0,0,0,0,0,0,6414,9,ITC,ITC1,1,Piemonte,Piemonte,4356406,200749,4.61,0.15
14,2021-02-13,PIE,4152,1334,2818,2310,722,1114,5,0,0,1,0,0,0,2931,1221,ITC,ITC1,1,Piemonte,Piemonte,4356406,204901,4.7,0.1
15,2021-01-18,PIE,6164,2047,4117,3238,1403,1523,0,0,0,0,0,0,0,5916,248,ITC,ITC1,1,Piemonte,Piemonte,4356406,211065,4.84,0.14
16,2021-01-03,PIE,3063,967,2096,2715,295,52,0,0,0,0,0,0,1,3063,0,ITC,ITC1,1,Piemonte,Piemonte,4356406,214128,4.92,0.07
17,2021-01-04,PIE,5563,1679,3884,4590,736,235,0,0,0,0,0,0,2,5563,0,ITC,ITC1,1,Piemonte,Piemonte,4356406,219691,5.04,0.13
18,2021-02-12,PIE,6887,2213,4674,3527,1645,1707,2,1,0,4,0,0,1,3928,2959,ITC,ITC1,1,Piemonte,Piemonte,4356406,226578,5.2,0.16
19,2021-03-09,PIE,13939,5417,8522,1688,1543,356,2330,2,6,8007,1,6,0,11597,2342,ITC,ITC1,1,Piemonte,Piemonte,4356406,240517,5.52,0.32
20,2021-02-27,PIE,12678,4846,7832,885,963,232,3038,0,0,7558,1,0,1,12331,347,ITC,ITC1,1,Piemonte,Piemonte,4356406,253195,5.81,0.29
21,2021-03-20,PIE,11912,4896,7016,882,1039,163,1937,20,17,7683,21,21,129,6016,5896,ITC,ITC1,1,Piemonte,Piemonte,4356406,265107,6.09,0.27
22,2021-02-17,PIE,4787,2154,2633,2245,2030,497,1,0,1,1,0,0,12,3798,989,ITC,ITC1,1,Piemonte,Piemonte,4356406,269894,6.2,0.11
23,2021-03-08,PIE,13921,5284,8637,2035,1425,413,2628,1,1,7403,0,12,3,11208,2713,ITC,ITC1,1,Piemonte,Piemonte,4356406,283815,6.51,0.32
24,2021-03-27,PIE,18346,7814,10532,1215,1621,110,2109,13,939,11696,446,191,6,9533,8813,ITC,ITC1,1,Piemonte,Piemonte,4356406,302161,6.94,0.42
25,2021-03-01,PIE,12035,4839,7196,1157,1277,281,2435,0,4,6873,0,7,1,11226,809,ITC,ITC1,1,Piemonte,Piemonte,4356406,314196,7.21,0.28
26,2021-01-29,PIE,5942,1886,4056,4199,1067,673,0,0,0,2,0,0,1,455,5487,ITC,ITC1,1,Piemonte,Piemonte,4356406,320138,7.35,0.14
27,2021-02-16,PIE,3965,1754,2211,1815,1588,548,1,0,4,1,0,2,6,3207,758,ITC,ITC1,1,Piemonte,Piemonte,4356406,324103,7.44,0.09
28,2021-02-14,PIE,1476,498,978,796,381,285,14,0,0,0,0,0,0,876,600,ITC,ITC1,1,Piemonte,Piemonte,4356406,325579,7.47,0.03
29,2021-02-24,PIE,11406,4629,6777,1855,1291,408,2155,0,3,5684,0,5,5,10900,506,ITC,ITC1,1,Piemonte,Piemonte,4356406,336985,7.74,0.26
30,2021-03-31,PIE,19092,8097,10995,962,687,311,687,8,2527,13170,524,209,7,10402,8690,ITC,ITC1,1,Piemonte,Piemonte,4356406,356077,8.17,0.44
31,2021-01-09,PIE,6183,2185,3998,4499,1113,568,0,1,0,0,0,0,2,6183,0,ITC,ITC1,1,Piemonte,Piemonte,4356406,362260,8.32,0.14
32,2021-01-07,PIE,5387,1739,3648,4159,885,341,0,1,0,0,0,0,1,5387,0,ITC,ITC1,1,Piemonte,Piemonte,4356406,367647,8.44,0.12
33,2021-04-30,PIE,29822,13407,16415,699,398,271,122,4070,5015,8359,10740,119,29,16936,12886,ITC,ITC1,1,Piemonte,Piemonte,4356406,397469,9.12,0.68
34,2021-02-09,PIE,7351,2309,5042,4154,1367,1830,0,0,0,0,0,0,0,722,6629,ITC,ITC1,1,Piemonte,Piemonte,4356406,404820,9.29,0.17
35,2021-02-15,PIE,4431,1596,2835,2319,1144,962,1,0,2,2,0,1,0,3226,1205,ITC,ITC1,1,Piemonte,Piemonte,4356406,409251,9.39,0.1
36,2021-01-27,PIE,4196,1453,2743,2982,657,557,0,0,0,0,0,0,0,999,3197,ITC,ITC1,1,Piemonte,Piemonte,4356406,413447,9.49,0.1
37,2021-01-06,PIE,3116,1111,2005,2370,429,313,0,0,1,1,0,0,2,3116,0,ITC,ITC1,1,Piemonte,Piemonte,4356406,416563,9.56,0.07
38,2021-04-20,PIE,25301,11587,13714,706,271,241,35,1204,6119,6632,10078,2,13,19035,6266,ITC,ITC1,1,Piemonte,Piemonte,4356406,441864,10.14,0.58
39,2021-03-11,PIE,13714,5037,8677,2312,1416,381,2184,0,5,7371,0,38,7,10623,3091,ITC,ITC1,1,Piemonte,Piemonte,4356406,455578,10.46,0.31
40,2021-01-20,PIE,6615,2089,4526,3618,1182,1813,0,0,0,0,0,0,2,5898,717,ITC,ITC1,1,Piemonte,Piemonte,4356406,462193,10.61,0.15
41,2021-01-05,PIE,5381,1603,3778,4368,721,285,0,0,2,1,0,0,4,5381,0,ITC,ITC1,1,Piemonte,Piemonte,4356406,467574,10.73,0.12
42,2021-04-02,PIE,20068,8260,11808,885,438,390,879,7,2690,13336,1259,153,31,11661,8407,ITC,ITC1,1,Piemonte,Piemonte,4356406,487642,11.19,0.46
43,2021-04-09,PIE,25768,11344,14424,1218,523,252,46,44,7362,11140,5133,35,15,21260,4508,ITC,ITC1,1,Piemonte,Piemonte,4356406,513410,11.79,0.59
44,2021-01-28,PIE,5589,1809,3780,4119,878,590,0,1,0,1,0,0,0,384,5205,ITC,ITC1,1,Piemonte,Piemonte,4356406,518999,11.91,0.13
45,2021-02-25,PIE,12211,5249,6962,1447,2064,405,1959,0,2,6329,0,1,4,11665,546,ITC,ITC1,1,Piemonte,Piemonte,4356406,531210,12.19,0.28
46,2021-01-15,PIE,8968,2955,6013,5499,1922,1546,0,0,0,0,0,0,1,8968,0,ITC,ITC1,1,Piemonte,Piemonte,4356406,540178,12.4,0.21
47,2021-04-07,PIE,23528,9956,13572,952,441,272,533,7,5777,12362,3052,66,66,18070,5458,ITC,ITC1,1,Piemonte,Piemonte,4356406,563706,12.94,0.54
48,2021-01-11,PIE,8741,2980,5761,6060,1553,1126,0,1,0,0,0,0,1,8741,0,ITC,ITC1,1,Piemonte,Piemonte,4356406,572447,13.14,0.2
49,2021-02-02,PIE,10237,3507,6730,6871,2048,1317,0,0,0,0,0,0,1,815,9422,ITC,ITC1,1,Piemonte,Piemonte,4356406,582684,13.38,0.23
50,2021-02-11,PIE,6764,2107,4657,3422,1328,2010,3,0,0,0,0,0,1,3006,3758,ITC,ITC1,1,Piemonte,Piemonte,4356406,589448,13.53,0.16
51,2021-03-02,PIE,11192,4502,6690,907,1122,215,2517,0,4,6416,0,9,2,10376,816,ITC,ITC1,1,Piemonte,Piemonte,4356406,600640,13.79,0.26
52,2021-03-07,PIE,11968,4656,7312,1322,1134,111,2050,0,5,7344,0,0,2,11088,880,ITC,ITC1,1,Piemonte,Piemonte,4356406,612608,14.06,0.27
53,2021-01-14,PIE,9763,3151,6612,6180,2097,1484,0,0,0,0,0,0,2,9763,0,ITC,ITC1,1,Piemonte,Piemonte,4356406,622371,14.29,0.22
54,2021-03-25,PIE,17079,7201,9878,1035,963,626,1375,4,25,12004,568,472,7,8444,8635,ITC,ITC1,1,Piemonte,Piemonte,4356406,639450,14.68,0.39
55,2021-01-23,PIE,4257,1325,2932,3210,526,520,0,0,0,1,0,0,0,879,3378,ITC,ITC1,1,Piemonte,Piemonte,4356406,643707,14.78,0.1
56,2021-03-13,PIE,13032,4717,8315,1169,996,158,2138,1,3,8558,0,4,5,11589,1443,ITC,ITC1,1,Piemonte,Piemonte,4356406,656739,15.08,0.3
57,2021-01-17,PIE,3517,1168,2349,2081,596,840,0,0,0,0,0,0,0,2870,647,ITC,ITC1,1,Piemonte,Piemonte,4356406,660256,15.16,0.08
58,2021-04-08,PIE,25055,10883,14172,1056,522,274,412,25,7376,11243,4034,107,6,20336,4719,ITC,ITC1,1,Piemonte,Piemonte,4356406,685311,15.73,0.58
59,2021-01-26,PIE,6330,1879,4451,4726,874,728,0,0,0,0,0,0,2,735,5595,ITC,ITC1,1,Piemonte,Piemonte,4356406,691641,15.88,0.15
60,2021-04-24,PIE,27056,12263,14793,461,168,21,23,2646,8134,5189,10336,48,30,21437,5619,ITC,ITC1,1,Piemonte,Piemonte,4356406,718697,16.5,0.62
61,2021-03-17,PIE,12509,5050,7459,2083,806,236,9,1,9,9100,9,250,6,5221,7288,ITC,ITC1,1,Piemonte,Piemonte,4356406,731206,16.78,0.29
62,2021-03-14,PIE,8200,3331,4869,794,588,2,990,0,5,5815,0,1,5,5307,2893,ITC,ITC1,1,Piemonte,Piemonte,4356406,739406,16.97,0.19
63,2021-02-04,PIE,10198,3337,6861,6234,2199,1763,0,0,0,0,0,0,2,588,9610,ITC,ITC1,1,Piemonte,Piemonte,4356406,749604,17.21,0.23
64,2021-04-26,PIE,19491,8623,10868,306,99,83,44,1508,3328,4801,9297,11,14,15117,4374,ITC,ITC1,1,Piemonte,Piemonte,4356406,769095,17.65,0.45
65,2021-02-10,PIE,7533,2370,5163,3905,1530,2097,0,0,0,0,0,0,1,1316,6217,ITC,ITC1,1,Piemonte,Piemonte,4356406,776628,17.83,0.17
66,2021-01-31,PIE,4106,1748,2358,3076,655,375,0,0,0,0,0,0,0,112,3994,ITC,ITC1,1,Piemonte,Piemonte,4356406,780734,17.92,0.09
67,2021-02-18,PIE,4785,2090,2695,2254,1898,624,2,0,0,0,0,1,6,4355,430,ITC,ITC1,1,Piemonte,Piemonte,4356406,785519,18.03,0.11
68,2020-12-30,PIE,730,322,408,685,45,0,0,0,0,0,0,0,0,730,0,ITC,ITC1,1,Piemonte,Piemonte,4356406,786249,18.05,0.02
69,2021-03-19,PIE,11012,4508,6504,1126,650,432,271,3,19,8179,25,301,6,4413,6599,ITC,ITC1,1,Piemonte,Piemonte,4356406,797261,18.3,0.25
70,2021-03-28,PIE,16035,6892,9143,926,1914,34,2480,3,461,8926,1076,208,7,8427,7608,ITC,ITC1,1,Piemonte,Piemonte,4356406,813296,18.67,0.37
71,2020-12-31,PIE,3909,1334,2575,3415,356,134,0,0,0,0,0,0,4,3909,0,ITC,ITC1,1,Piemonte,Piemonte,4356406,817205,18.76,0.09
72,2021-04-06,PIE,20188,8786,11402,647,592,260,1319,16,5170,9641,2405,113,25,15012,5176,ITC,ITC1,1,Piemonte,Piemonte,4356406,837393,19.22,0.46
73,2021-02-07,PIE,3087,974,2113,1648,662,777,0,0,0,0,0,0,0,445,2642,ITC,ITC1,1,Piemonte,Piemonte,4356406,840480,19.29,0.07
74,2021-04-12,PIE,22876,10326,12550,612,296,243,60,236,7766,7327,6279,10,47,19894,2982,ITC,ITC1,1,Piemonte,Piemonte,4356406,863356,19.82,0.53
75,2021-01-08,PIE,5530,1761,3769,4078,1027,422,0,0,0,0,0,0,3,5530,0,ITC,ITC1,1,Piemonte,Piemonte,4356406,868886,19.95,0.13
76,2021-04-11,PIE,20795,9307,11488,399,231,68,254,217,7627,6874,5110,5,10,18633,2162,ITC,ITC1,1,Piemonte,Piemonte,4356406,889681,20.42,0.48
77,2021-03-18,PIE,11739,4798,6941,1464,770,343,18,3,14,8871,7,235,14,4028,7711,ITC,ITC1,1,Piemonte,Piemonte,4356406,901420,20.69,0.27
78,2021-01-21,PIE,6880,2314,4566,4707,840,1318,0,3,0,0,0,0,12,3385,3495,ITC,ITC1,1,Piemonte,Piemonte,4356406,908300,20.85,0.16
79,2021-02-26,PIE,12281,4927,7354,843,1436,490,2896,0,1,6613,0,1,1,11544,737,ITC,ITC1,1,Piemonte,Piemonte,4356406,920581,21.13,0.28
80,2021-03-03,PIE,12114,4640,7474,1103,1025,257,2665,0,2,7059,0,3,0,11295,819,ITC,ITC1,1,Piemonte,Piemonte,4356406,932695,21.41,0.28
81,2021-03-05,PIE,15260,5956,9304,2540,2011,655,2370,1,5,7673,1,4,0,11443,3817,ITC,ITC1,1,Piemonte,Piemonte,4356406,947955,21.76,0.35
82,2021-02-23,PIE,9231,3712,5519,2298,1346,389,1052,0,2,4106,0,33,5,8651,580,ITC,ITC1,1,Piemonte,Piemonte,4356406,957186,21.97,0.21
83,2021-01-25,PIE,6213,1938,4275,4786,862,562,0,0,1,1,0,0,1,983,5230,ITC,ITC1,1,Piemonte,Piemonte,4356406,963399,22.11,0.14
84,2021-01-01,PIE,1038,395,643,922,116,0,0,0,0,0,0,0,0,1038,0,ITC,ITC1,1,Piemonte,Piemonte,4356406,964437,22.14,0.02
85,2021-03-06,PIE,13988,5209,8779,2262,1126,462,2697,1,2,7437,1,0,0,11199,2789,ITC,ITC1,1,Piemonte,Piemonte,4356406,978425,22.46,0.32
86,2021-04-04,PIE,9241,4053,5188,197,302,0,294,0,2034,4226,2173,9,6,6529,2712,ITC,ITC1,1,Piemonte,Piemonte,4356406,987666,22.67,0.21
87,2021-03-16,PIE,10517,4267,6250,2229,872,322,13,7,10,6798,65,162,39,4462,6055,ITC,ITC1,1,Piemonte,Piemonte,4356406,998183,22.91,0.24
88,2021-04-22,PIE,27364,12585,14779,589,330,417,60,1654,5401,6486,12368,20,39,20785,6579,ITC,ITC1,1,Piemonte,Piemonte,4356406,1025547,23.54,0.63
89,2020-12-27,PIE,913,369,544,761,73,76,0,1,0,0,0,0,2,913,0,ITC,ITC1,1,Piemonte,Piemonte,4356406,1026460,23.56,0.02
90,2021-01-22,PIE,3866,1249,2617,2279,650,934,0,1,0,1,0,0,1,2525,1341,ITC,ITC1,1,Piemonte,Piemonte,4356406,1030326,23.65,0.09
91,2021-04-21,PIE,25469,11706,13763,798,357,264,45,1392,7065,6093,9424,11,20,20163,5306,ITC,ITC1,1,Piemonte,Piemonte,4356406,1055795,24.24,0.58
92,2021-03-12,PIE,13929,5173,8756,2142,1295,472,2274,0,4,7627,6,108,1,10995,2934,ITC,ITC1,1,Piemonte,Piemonte,4356406,1069724,24.56,0.32
93,2021-04-18,PIE,22902,10809,12093,341,240,24,46,912,5673,4371,11268,10,17,20151,2751,ITC,ITC1,1,Piemonte,Piemonte,4356406,1092626,25.08,0.53
94,2021-04-17,PIE,30239,14057,16182,746,317,116,56,2804,9974,4878,11324,9,15,26973,3266,ITC,ITC1,1,Piemonte,Piemonte,4356406,1122865,25.78,0.69
95,2021-03-10,PIE,13604,5146,8458,1666,1339,280,2240,1,6,8017,1,53,1,11310,2294,ITC,ITC1,1,Piemonte,Piemonte,4356406,1136469,26.09,0.31
96,2021-04-03,PIE,19382,8112,11270,309,237,76,540,13,2973,13411,1663,114,46,10837,8545,ITC,ITC1,1,Piemonte,Piemonte,4356406,1155851,26.53,0.44
97,2021-02-22,PIE,8467,3464,5003,1705,1398,512,920,2,4,3914,0,9,3,7877,590,ITC,ITC1,1,Piemonte,Piemonte,4356406,1164318,26.73,0.19
98,2021-02-28,PIE,10812,4058,6754,642,501,53,2790,1,1,6822,0,0,2,10572,240,ITC,ITC1,1,Piemonte,Piemonte,4356406,1175130,26.97,0.25
99,2021-02-08,PIE,6916,2355,4561,3786,1557,1572,0,0,0,0,0,0,1,666,6250,ITC,ITC1,1,Piemonte,Piemonte,4356406,1182046,27.13,0.16
100,2021-04-29,PIE,47116,21340,25776,1224,560,301,61,9059,10936,9076,15634,163,102,34615,12501,ITC,ITC1,1,Piemonte,Piemonte,4356406,1229162,28.22,1.08
101,2021-02-21,PIE,5086,2080,3006,685,263,47,737,0,0,3353,0,0,1,4984,102,ITC,ITC1,1,Piemonte,Piemonte,4356406,1234248,28.33,0.12
102,2021-01-10,PIE,5214,2275,2939,3910,783,519,0,0,0,0,0,0,2,5214,0,ITC,ITC1,1,Piemonte,Piemonte,4356406,1239462,28.45,0.12
103,2021-04-27,PIE,22404,10144,12260,356,212,156,80,3083,3886,4942,9640,31,18,17339,5065,ITC,ITC1,1,Piemonte,Piemonte,4356406,1261866,28.97,0.51
104,2021-04-14,PIE,27555,12502,15053,860,434,445,60,782,10246,7025,7676,9,18,23041,4514,ITC,ITC1,1,Piemonte,Piemonte,4356406,1289421,29.6,0.63
105,2021-01-12,PIE,10047,3404,6643,6863,2009,1170,0,2,0,0,0,0,3,10047,0,ITC,ITC1,1,Piemonte,Piemonte,4356406,1299468,29.83,0.23
106,2021-03-21,PIE,10586,4679,5907,585,1475,9,1318,2,165,6897,1,133,1,4063,6523,ITC,ITC1,1,Piemonte,Piemonte,4356406,1310054,30.07,0.24
107,2021-03-29,PIE,15118,6360,8758,415,543,137,1330,1,1259,10371,733,327,2,8507,6611,ITC,ITC1,1,Piemonte,Piemonte,4356406,1325172,30.42,0.35
108,2021-04-23,PIE,27202,12511,14691,695,273,273,30,1798,5249,6425,12397,41,21,20508,6694,ITC,ITC1,1,Piemonte,Piemonte,4356406,1352374,31.04,0.62
109,2021-03-15,PIE,10644,4155,6489,1716,1460,231,1469,2,5,5731,0,28,2,5028,5616,ITC,ITC1,1,Piemonte,Piemonte,4356406,1363018,31.29,0.24
110,2021-03-30,PIE,16883,7030,9853,783,436,287,994,7,1375,12119,580,297,5,9013,7870,ITC,ITC1,1,Piemonte,Piemonte,4356406,1379901,31.68,0.39
111,2021-01-30,PIE,5978,2135,3843,4375,1108,495,0,0,0,0,0,0,0,218,5760,ITC,ITC1,1,Piemonte,Piemonte,4356406,1385879,31.81,0.14
112,2021-04-16,PIE,27985,13037,14948,1040,465,412,76,1624,7581,5802,10949,5,31,23104,4881,ITC,ITC1,1,Piemonte,Piemonte,4356406,1413864,32.45,0.64
113,2020-12-28,PIE,1,1,0,1,0,0,0,0,0,0,0,0,0,1,0,ITC,ITC1,1,Piemonte,Piemonte,4356406,1413865,32.45,0.0
114,2021-01-13,PIE,10080,3223,6857,6488,2259,1329,0,0,0,0,0,0,4,10080,0,ITC,ITC1,1,Piemonte,Piemonte,4356406,1423945,32.69,0.23
115,2021-04-13,PIE,25818,11556,14262,665,266,261,121,898,10383,7006,6188,7,23,22380,3438,ITC,ITC1,1,Piemonte,Piemonte,4356406,1449763,33.28,0.59
116,2021-02-06,PIE,7983,2664,5319,5101,1629,1251,0,0,0,1,0,0,1,400,7583,ITC,ITC1,1,Piemonte,Piemonte,4356406,1457746,33.46,0.18
117,2021-04-10,PIE,30084,13375,16709,898,454,138,134,359,11957,10213,5907,15,9,25806,4278,ITC,ITC1,1,Piemonte,Piemonte,4356406,1487830,34.15,0.69
118,2021-03-22,PIE,11433,4843,6590,875,909,181,1221,1,9,7914,72,249,2,3850,7583,ITC,ITC1,1,Piemonte,Piemonte,4356406,1499263,34.42,0.26
119,2021-03-04,PIE,14479,5727,8752,2185,1951,609,2190,0,2,7535,0,3,4,11530,2949,ITC,ITC1,1,Piemonte,Piemonte,4356406,1513742,34.75,0.33
120,2021-03-24,PIE,15473,6334,9139,1072,766,479,840,5,21,11510,394,376,10,6347,9126,ITC,ITC1,1,Piemonte,Piemonte,4356406,1529215,35.1,0.36
121,2021-03-23,PIE,13000,5411,7589,689,1020,222,1334,5,15,9240,277,187,11,6763,6237,ITC,ITC1,1,Piemonte,Piemonte,4356406,1542215,35.4,0.3
122,2021-01-02,PIE,3545,1134,2411,3081,407,53,0,1,0,1,0,0,2,3545,0,ITC,ITC1,1,Piemonte,Piemonte,4356406,1545760,35.48,0.08
123,2021-01-24,PIE,3153,959,2194,2636,370,146,0,0,0,0,0,0,1,434,2719,ITC,ITC1,1,Piemonte,Piemonte,4356406,1548913,35.55,0.07
124,2021-02-01,UMB,1285,342,943,877,35,373,0,0,0,0,0,0,0,48,1237,ITI,ITI2,10,Umbria,Umbria,882015,1285,0.15,0.15
125,2021-04-12,UMB,7073,3071,4002,204,17,0,17,30,2417,2910,1462,4,12,5355,1718,ITI,ITI2,10,Umbria,Umbria,882015,8358,0.95,0.8
126,2021-02-20,UMB,282,100,182,83,7,39,0,0,0,152,0,0,1,258,24,ITI,ITI2,10,Umbria,Umbria,882015,8640,0.98,0.03
127,2021-01-02,UMB,304,111,193,304,0,0,0,0,0,0,0,0,0,304,0,ITI,ITI2,10,Umbria,Umbria,882015,8944,1.01,0.03
128,2021-01-11,UMB,1315,346,969,880,14,415,0,1,0,0,0,0,5,1315,0,ITI,ITI2,10,Umbria,Umbria,882015,10259,1.16,0.15
129,2021-03-09,UMB,4051,1971,2080,143,568,122,23,0,1,2915,7,217,55,2759,1292,ITI,ITI2,10,Umbria,Umbria,882015,14310,1.62,0.46
130,2021-01-25,UMB,648,323,325,646,2,0,0,0,0,0,0,0,0,5,643,ITI,ITI2,10,Umbria,Umbria,882015,14958,1.7,0.07
131,2021-01-19,UMB,103,23,80,21,2,80,0,0,0,0,0,0,0,103,0,ITI,ITI2,10,Umbria,Umbria,882015,15061,1.71,0.01
132,2021-02-06,UMB,396,138,258,333,47,16,0,0,0,0,0,0,0,34,362,ITI,ITI2,10,Umbria,Umbria,882015,15457,1.75,0.04
133,2021-01-04,UMB,810,398,412,810,0,0,0,0,0,0,0,0,0,810,0,ITI,ITI2,10,Umbria,Umbria,882015,16267,1.84,0.09
134,2021-04-10,UMB,7437,3495,3942,81,62,30,50,49,2471,691,3971,18,14,7323,114,ITI,ITI2,10,Umbria,Umbria,882015,23704,2.69,0.84
135,2021-02-05,UMB,780,234,546,645,51,84,0,0,0,0,0,0,0,18,762,ITI,ITI2,10,Umbria,Umbria,882015,24484,2.78,0.09
136,2021-02-03,UMB,725,174,551,560,34,131,0,0,0,0,0,0,0,67,658,ITI,ITI2,10,Umbria,Umbria,882015,25209,2.86,0.08
137,2021-02-26,UMB,660,253,407,386,73,40,3,0,0,154,0,4,0,652,8,ITI,ITI2,10,Umbria,Umbria,882015,25869,2.93,0.07
138,2021-01-07,UMB,1299,387,912,892,1,404,0,0,0,1,0,0,1,1299,0,ITI,ITI2,10,Umbria,Umbria,882015,27168,3.08,0.15
139,2021-03-11,UMB,3563,1695,1868,144,652,263,158,0,0,2018,1,291,36,2557,1006,ITI,ITI2,10,Umbria,Umbria,882015,30731,3.48,0.4
140,2021-03-14,UMB,66,48,18,0,6,1,4,6,2,0,0,0,47,66,0,ITI,ITI2,10,Umbria,Umbria,882015,30797,3.49,0.01
141,2021-04-27,UMB,5596,2379,3217,200,11,1,8,27,1125,2461,1731,8,24,3042,2554,ITI,ITI2,10,Umbria,Umbria,882015,36393,4.13,0.63
142,2021-04-24,UMB,4541,1957,2584,42,15,0,81,35,1121,1064,2178,3,2,3375,1166,ITI,ITI2,10,Umbria,Umbria,882015,40934,4.64,0.51
143,2021-04-30,UMB,6035,2897,3138,69,27,13,77,20,322,237,5256,8,6,2729,3306,ITI,ITI2,10,Umbria,Umbria,882015,46969,5.33,0.68
144,2021-04-22,UMB,5374,2211,3163,258,21,76,5,37,759,3004,1199,7,8,2728,2646,ITI,ITI2,10,Umbria,Umbria,882015,52343,5.93,0.61
145,2021-01-06,UMB,846,325,521,843,0,0,0,1,0,0,0,0,2,846,0,ITI,ITI2,10,Umbria,Umbria,882015,53189,6.03,0.1
146,2021-03-10,UMB,4012,1927,2085,123,785,180,75,3,3,2566,6,263,8,2756,1256,ITI,ITI2,10,Umbria,Umbria,882015,57201,6.49,0.45
147,2021-03-06,UMB,4267,1110,3157,422,186,26,2322,6,5,1128,0,125,47,4124,143,ITI,ITI2,10,Umbria,Umbria,882015,61468,6.97,0.48
148,2021-02-16,UMB,1308,655,653,34,4,0,0,2,1,1263,4,0,0,1299,9,ITI,ITI2,10,Umbria,Umbria,882015,62776,7.12,0.15
149,2021-04-21,UMB,5283,2300,2983,237,9,1,9,73,1048,2692,1201,5,8,3063,2220,ITI,ITI2,10,Umbria,Umbria,882015,68059,7.72,0.6
150,2021-02-17,UMB,1618,748,870,363,4,0,1,0,6,1240,1,0,3,1267,351,ITI,ITI2,10,Umbria,Umbria,882015,69677,7.9,0.18
151,2021-03-01,UMB,1503,774,729,110,10,0,1,0,0,1249,0,133,0,1389,114,ITI,ITI2,10,Umbria,Umbria,882015,71180,8.07,0.17
152,2021-01-05,UMB,854,429,425,851,0,0,0,1,0,0,0,0,2,854,0,ITI,ITI2,10,Umbria,Umbria,882015,72034,8.17,0.1
153,2021-04-03,UMB,2092,710,1382,143,208,30,216,5,32,1265,169,21,3,1056,1036,ITI,ITI2,10,Umbria,Umbria,882015,74126,8.4,0.24
154,2021-02-24,UMB,1520,565,955,1083,45,90,0,1,0,292,0,9,0,1505,15,ITI,ITI2,10,Umbria,Umbria,882015,75646,8.58,0.17
155,2021-01-16,UMB,221,73,148,146,32,43,0,0,0,0,0,0,0,221,0,ITI,ITI2,10,Umbria,Umbria,882015,75867,8.6,0.03
156,2021-04-01,UMB,4319,1788,2531,204,14,309,19,5,7,3257,452,5,47,2323,1996,ITI,ITI2,10,Umbria,Umbria,882015,80186,9.09,0.49
157,2021-03-20,UMB,2297,832,1465,317,682,21,1200,0,0,0,0,72,5,2272,25,ITI,ITI2,10,Umbria,Umbria,882015,82483,9.35,0.26
158,2021-02-08,UMB,637,203,434,368,111,154,0,0,0,0,0,4,0,88,549,ITI,ITI2,10,Umbria,Umbria,882015,83120,9.42,0.07
159,2021-01-15,UMB,701,215,486,590,44,67,0,0,0,0,0,0,0,701,0,ITI,ITI2,10,Umbria,Umbria,882015,83821,9.5,0.08
160,2021-01-09,UMB,1745,499,1246,894,7,844,0,0,0,0,0,0,0,1745,0,ITI,ITI2,10,Umbria,Umbria,882015,85566,9.7,0.2
161,2021-01-14,UMB,752,201,551,697,35,19,1,0,0,0,0,0,0,752,0,ITI,ITI2,10,Umbria,Umbria,882015,86318,9.79,0.09
162,2021-03-29,UMB,3799,1648,2151,247,42,58,26,9,11,2832,534,21,19,2320,1479,ITI,ITI2,10,Umbria,Umbria,882015,90117,10.22,0.43
163,2021-03-05,UMB,4591,1379,3212,604,320,7,2554,2,1,712,0,383,8,3935,656,ITI,ITI2,10,Umbria,Umbria,882015,94708,10.74,0.52
164,2021-02-02,UMB,944,274,670,714,17,212,0,0,0,0,0,0,1,32,912,ITI,ITI2,10,Umbria,Umbria,882015,95652,10.84,0.11
165,2021-04-18,UMB,1529,680,849,67,11,0,41,2,171,840,376,21,0,598,931,ITI,ITI2,10,Umbria,Umbria,882015,97181,11.02,0.17
166,2021-03-15,UMB,4596,1930,2666,1426,264,79,263,2,1,2343,7,206,5,2828,1768,ITI,ITI2,10,Umbria,Umbria,882015,101777,11.54,0.52
167,2021-02-10,UMB,715,349,366,606,106,3,0,0,0,0,0,0,0,700,15,ITI,ITI2,10,Umbria,Umbria,882015,102492,11.62,0.08
168,2021-04-14,UMB,8134,3668,4466,226,35,15,19,58,2920,3148,1694,12,7,6155,1979,ITI,ITI2,10,Umbria,Umbria,882015,110626,12.54,0.92
169,2021-03-07,UMB,845,180,665,17,82,25,676,0,0,45,0,0,0,838,7,ITI,ITI2,10,Umbria,Umbria,882015,111471,12.64,0.1
170,2021-01-13,UMB,450,139,311,379,29,42,0,0,0,0,0,0,0,450,0,ITI,ITI2,10,Umbria,Umbria,882015,111921,12.69,0.05
171,2021-04-07,UMB,5525,2277,3248,482,42,92,19,8,920,3183,759,18,2,3520,2005,ITI,ITI2,10,Umbria,Umbria,882015,117446,13.32,0.63
172,2021-03-13,UMB,1731,524,1207,120,154,49,1152,3,0,152,0,91,10,1486,245,ITI,ITI2,10,Umbria,Umbria,882015,119177,13.51,0.2
173,2021-01-18,UMB,614,219,395,348,114,144,0,2,1,0,0,0,5,529,85,ITI,ITI2,10,Umbria,Umbria,882015,119791,13.58,0.07
174,2021-02-15,UMB,1368,692,676,10,4,0,0,0,1,1351,2,0,0,1367,1,ITI,ITI2,10,Umbria,Umbria,882015,121159,13.74,0.16
175,2021-03-27,UMB,4252,1512,2740,752,595,1,576,4,7,2238,1,24,54,3912,340,ITI,ITI2,10,Umbria,Umbria,882015,125411,14.22,0.48
176,2021-03-04,UMB,4485,1853,2632,849,184,4,1466,2,0,1563,0,410,7,3657,828,ITI,ITI2,10,Umbria,Umbria,882015,129896,14.73,0.51
177,2021-04-02,UMB,4263,1708,2555,376,318,68,331,3,23,886,2155,35,68,3516,747,ITI,ITI2,10,Umbria,Umbria,882015,134159,15.21,0.48
178,2021-01-27,UMB,840,330,510,839,1,0,0,0,0,0,0,0,0,13,827,ITI,ITI2,10,Umbria,Umbria,882015,134999,15.31,0.1
179,2021-02-13,UMB,115,28,87,68,46,0,0,0,0,1,0,0,0,112,3,ITI,ITI2,10,Umbria,Umbria,882015,135114,15.32,0.01
180,2021-01-26,UMB,816,390,426,815,1,0,0,0,0,0,0,0,0,18,798,ITI,ITI2,10,Umbria,Umbria,882015,135930,15.41,0.09
181,2021-01-31,UMB,1058,276,782,767,10,281,0,0,0,0,0,0,0,25,1033,ITI,ITI2,10,Umbria,Umbria,882015,136988,15.53,0.12
182,2021-04-13,UMB,7669,3396,4273,218,23,21,19,61,2861,2875,1573,8,10,6000,1669,ITI,ITI2,10,Umbria,Umbria,882015,144657,16.4,0.87
183,2021-03-30,UMB,3947,1705,2242,179,31,108,20,0,0,3074,432,15,88,2415,1532,ITI,ITI2,10,Umbria,Umbria,882015,148604,16.85,0.45
184,2021-01-20,UMB,613,222,391,583,15,14,1,0,0,0,0,0,0,613,0,ITI,ITI2,10,Umbria,Umbria,882015,149217,16.92,0.07
185,2021-01-03,UMB,270,112,158,270,0,0,0,0,0,0,0,0,0,270,0,ITI,ITI2,10,Umbria,Umbria,882015,149487,16.95,0.03
186,2021-02-12,UMB,671,224,447,459,208,1,2,0,0,1,0,0,0,665,6,ITI,ITI2,10,Umbria,Umbria,882015,150158,17.02,0.08
187,2021-01-22,UMB,276,105,171,273,1,2,0,0,0,0,0,0,0,32,244,ITI,ITI2,10,Umbria,Umbria,882015,150434,17.06,0.03
188,2021-03-08,UMB,3668,1799,1869,141,289,46,42,0,1,2855,2,292,0,2305,1363,ITI,ITI2,10,Umbria,Umbria,882015,154102,17.47,0.42
189,2021-04-17,UMB,6655,3054,3601,164,31,23,127,39,1749,1443,3061,11,7,5313,1342,ITI,ITI2,10,Umbria,Umbria,882015,160757,18.23,0.75
190,2021-01-23,UMB,280,100,180,279,1,0,0,0,0,0,0,0,0,2,278,ITI,ITI2,10,Umbria,Umbria,882015,161037,18.26,0.03
191,2021-02-04,UMB,733,226,507,693,20,20,0,0,0,0,0,0,0,25,708,ITI,ITI2,10,Umbria,Umbria,882015,161770,18.34,0.08
192,2021-03-02,UMB,3640,1345,2295,318,234,55,1446,0,1,1303,0,283,0,3636,4,ITI,ITI2,10,Umbria,Umbria,882015,165410,18.75,0.41
193,2021-03-17,UMB,3331,1313,2018,1430,55,131,16,2,0,1684,1,8,4,1859,1472,ITI,ITI2,10,Umbria,Umbria,882015,168741,19.13,0.38
194,2021-04-08,UMB,5823,2461,3362,343,28,287,12,23,1396,2903,810,13,8,4028,1795,ITI,ITI2,10,Umbria,Umbria,882015,174564,19.79,0.66
195,2021-03-22,UMB,3559,1654,1905,163,235,0,147,3,2,2830,0,174,5,2313,1246,ITI,ITI2,10,Umbria,Umbria,882015,178123,20.2,0.4
196,2021-01-28,UMB,1246,394,852,897,4,345,0,0,0,0,0,0,0,19,1227,ITI,ITI2,10,Umbria,Umbria,882015,179369,20.34,0.14
197,2021-03-31,UMB,3901,1732,2169,178,39,183,23,1,5,2962,425,6,79,2214,1687,ITI,ITI2,10,Umbria,Umbria,882015,183270,20.78,0.44
198,2021-01-10,UMB,1070,277,793,745,3,318,0,1,1,1,0,0,1,1070,0,ITI,ITI2,10,Umbria,Umbria,882015,184340,20.9,0.12
199,2021-02-27,UMB,1658,354,1304,14,11,13,1560,0,0,0,0,60,0,1642,16,ITI,ITI2,10,Umbria,Umbria,882015,185998,21.09,0.19
200,2021-04-06,UMB,5288,2169,3119,599,56,113,29,16,378,3353,713,5,26,2901,2387,ITI,ITI2,10,Umbria,Umbria,882015,191286,21.69,0.6
201,2020-12-31,UMB,322,127,195,310,0,0,0,2,0,0,0,0,10,322,0,ITI,ITI2,10,Umbria,Umbria,882015,191608,21.72,0.04
202,2021-02-23,UMB,1693,658,1035,1187,95,17,0,0,0,394,0,0,0,1651,42,ITI,ITI2,10,Umbria,Umbria,882015,193301,21.92,0.19
203,2021-03-21,UMB,665,330,335,31,285,0,64,34,6,0,0,34,211,665,0,ITI,ITI2,10,Umbria,Umbria,882015,193966,21.99,0.08
204,2021-03-03,UMB,4437,1772,2665,720,247,86,1534,0,0,1519,0,329,2,3725,712,ITI,ITI2,10,Umbria,Umbria,882015,198403,22.49,0.5
205,2021-02-18,UMB,1496,582,914,325,14,170,0,0,0,985,1,0,1,1030,466,ITI,ITI2,10,Umbria,Umbria,882015,199899,22.66,0.17
206,2021-04-11,UMB,3101,1502,1599,30,1,2,4,23,924,136,1942,39,0,3052,49,ITI,ITI2,10,Umbria,Umbria,882015,203000,23.02,0.35
207,2021-01-08,UMB,1190,345,845,942,8,239,0,0,1,0,0,0,0,1190,0,ITI,ITI2,10,Umbria,Umbria,882015,204190,23.15,0.13
208,2021-04-05,UMB,4249,1728,2521,764,22,69,26,3,88,2653,615,6,3,2194,2055,ITI,ITI2,10,Umbria,Umbria,882015,208439,23.63,0.48
209,2021-04-25,UMB,4361,1685,2676,12,13,8,1,20,187,3995,124,1,0,4280,81,ITI,ITI2,10,Umbria,Umbria,882015,212800,24.13,0.49
210,2021-04-28,UMB,5268,2279,2989,183,37,15,4,24,1063,2161,1773,6,2,2889,2379,ITI,ITI2,10,Umbria,Umbria,882015,218068,24.72,0.6
211,2021-04-04,UMB,59,20,39,0,0,0,0,0,22,37,0,0,0,23,36,ITI,ITI2,10,Umbria,Umbria,882015,218127,24.73,0.01
212,2021-04-20,UMB,5421,2345,3076,203,18,27,16,37,1311,2525,1278,0,6,3474,1947,ITI,ITI2,10,Umbria,Umbria,882015,223548,25.35,0.61
213,2021-02-25,UMB,1336,497,839,827,96,99,6,1,0,305,0,0,2,1284,52,ITI,ITI2,10,Umbria,Umbria,882015,224884,25.5,0.15
214,2021-02-19,UMB,743,293,450,282,12,14,0,0,0,433,2,0,0,526,217,ITI,ITI2,10,Umbria,Umbria,882015,225627,25.58,0.08
215,2021-03-26,UMB,4569,1682,2887,570,496,91,738,2,4,2487,0,155,26,4396,173,ITI,ITI2,10,Umbria,Umbria,882015,230196,26.1,0.52
216,2021-04-23,UMB,6562,2770,3792,66,36,83,92,50,1115,1001,4097,8,14,3452,3110,ITI,ITI2,10,Umbria,Umbria,882015,236758,26.84,0.74
217,2021-01-29,UMB,1232,348,884,944,16,272,0,0,0,0,0,0,0,79,1153,ITI,ITI2,10,Umbria,Umbria,882015,237990,26.98,0.14
218,2021-03-16,UMB,3538,1454,2084,1634,79,98,11,0,2,1708,1,0,5,1911,1627,ITI,ITI2,10,Umbria,Umbria,882015,241528,27.38,0.4
219,2021-03-12,UMB,2652,1039,1613,113,454,59,1194,2,0,465,2,309,54,2154,498,ITI,ITI2,10,Umbria,Umbria,882015,244180,27.68,0.3
220,2021-04-09,UMB,6772,3151,3621,105,62,53,86,35,1800,708,3890,10,23,6555,217,ITI,ITI2,10,Umbria,Umbria,882015,250952,28.45,0.77
221,2021-02-07,UMB,54,17,37,46,8,0,0,0,0,0,0,0,0,1,53,ITI,ITI2,10,Umbria,Umbria,882015,251006,28.46,0.01
222,2021-01-30,UMB,1590,490,1100,852,18,719,0,0,0,1,0,0,0,44,1546,ITI,ITI2,10,Umbria,Umbria,882015,252596,28.64,0.18
223,2021-03-25,UMB,3902,1698,2204,260,72,80,32,5,8,3271,1,123,50,2838,1064,ITI,ITI2,10,Umbria,Umbria,882015,256498,29.08,0.44
224,2021-01-24,UMB,258,106,152,258,0,0,0,0,0,0,0,0,0,1,257,ITI,ITI2,10,Umbria,Umbria,882015,256756,29.11,0.03
225,2020-12-27,UMB,86,45,41,68,2,16,0,0,0,0,0,0,0,86,0,ITI,ITI2,10,Umbria,Umbria,882015,256842,29.12,0.01
226,2021-03-24,UMB,4072,1760,2312,215,165,1,42,3,2,3531,0,111,2,2749,1323,ITI,ITI2,10,Umbria,Umbria,882015,260914,29.58,0.46
227,2021-03-23,UMB,3795,1685,2110,395,237,12,60,4,3,2854,0,175,55,2166,1629,ITI,ITI2,10,Umbria,Umbria,882015,264709,30.01,0.43
228,2021-01-21,UMB,610,202,408,428,13,169,0,0,0,0,0,0,0,341,269,ITI,ITI2,10,Umbria,Umbria,882015,265319,30.08,0.07
229,2021-04-26,UMB,5296,2287,3009,202,20,0,8,10,1228,2326,1494,2,6,3057,2239,ITI,ITI2,10,Umbria,Umbria,882015,270615,30.68,0.6
230,2021-04-16,UMB,8081,3731,4350,166,34,96,180,90,2588,1903,2978,18,28,6244,1837,ITI,ITI2,10,Umbria,Umbria,882015,278696,31.6,0.92
231,2021-04-19,UMB,4974,2193,2781,205,44,34,23,45,769,2514,1322,5,13,2925,2049,ITI,ITI2,10,Umbria,Umbria,882015,283670,32.16,0.56
232,2021-02-22,UMB,1859,778,1081,736,89,1,0,1,2,1007,5,0,18,1773,86,ITI,ITI2,10,Umbria,Umbria,882015,285529,32.37,0.21
233,2021-01-17,UMB,54,17,37,47,7,0,0,0,0,0,0,0,0,54,0,ITI,ITI2,10,Umbria,Umbria,882015,285583,32.38,0.01
234,2021-03-19,UMB,1743,565,1178,462,237,74,724,4,0,192,0,27,23,1087,656,ITI,ITI2,10,Umbria,Umbria,882015,287326,32.58,0.2
235,2021-03-28,UMB,1096,442,654,65,15,5,37,5,7,938,0,24,0,1072,24,ITI,ITI2,10,Umbria,Umbria,882015,288422,32.7,0.12
236,2021-02-11,UMB,842,349,493,735,98,5,3,1,0,0,0,0,0,837,5,ITI,ITI2,10,Umbria,Umbria,882015,289264,32.8,0.1
237,2021-01-12,UMB,838,248,590,677,15,146,0,0,0,0,0,0,0,838,0,ITI,ITI2,10,Umbria,Umbria,882015,290102,32.89,0.1
238,2021-04-29,UMB,5056,2189,2867,204,26,32,8,29,923,2033,1790,6,5,2763,2293,ITI,ITI2,10,Umbria,Umbria,882015,295158,33.46,0.57
239,2021-03-18,UMB,2942,1164,1778,975,124,350,12,3,5,1463,0,3,7,1704,1238,ITI,ITI2,10,Umbria,Umbria,882015,298100,33.8,0.33
240,2021-04-15,UMB,7604,3473,4131,256,34,49,25,76,2570,2865,1668,44,17,5729,1875,ITI,ITI2,10,Umbria,Umbria,882015,305704,34.66,0.86
241,2021-01-01,UMB,274,105,169,273,0,0,0,0,0,0,0,0,1,274,0,ITI,ITI2,10,Umbria,Umbria,882015,305978,34.69,0.03
242,2021-03-21,MOL,1246,542,704,14,1,0,0,0,2,1090,133,0,6,479,767,ITF,ITF2,14,Molise,Molise,305617,1246,0.41,0.41
243,2021-03-07,MOL,1131,501,630,2,16,0,0,0,0,1113,0,0,0,1129,2,ITF,ITF2,14,Molise,Molise,305617,2377,0.78,0.37
244,2021-02-23,MOL,581,223,358,136,39,61,1,0,0,340,0,0,4,362,219,ITF,ITF2,14,Molise,Molise,305617,2958,0.97,0.19
245,2021-01-13,MOL,474,160,314,256,69,144,1,1,1,0,0,0,2,474,0,ITF,ITF2,14,Molise,Molise,305617,3432,1.12,0.16
246,2021-02-02,MOL,539,176,363,295,64,180,0,0,0,0,0,0,0,216,323,ITF,ITF2,14,Molise,Molise,305617,3971,1.3,0.18
247,2021-03-12,MOL,1459,637,822,42,33,0,505,0,1,719,35,116,8,1423,36,ITF,ITF2,14,Molise,Molise,305617,5430,1.78,0.48
248,2021-04-21,MOL,1858,785,1073,19,5,1,26,19,712,420,633,6,17,965,893,ITF,ITF2,14,Molise,Molise,305617,7288,2.38,0.61
249,2021-03-24,MOL,1630,658,972,77,57,0,450,2,3,707,275,48,11,1228,402,ITF,ITF2,14,Molise,Molise,305617,8918,2.92,0.53
250,2021-03-23,MOL,1642,694,948,76,8,6,454,2,4,606,367,97,22,1435,207,ITF,ITF2,14,Molise,Molise,305617,10560,3.46,0.54
251,2021-04-18,MOL,610,264,346,0,0,0,1,1,87,325,191,0,5,104,506,ITF,ITF2,14,Molise,Molise,305617,11170,3.65,0.2
252,2020-12-27,MOL,50,20,30,29,4,17,0,0,0,0,0,0,0,50,0,ITF,ITF2,14,Molise,Molise,305617,11220,3.67,0.02
253,2021-04-06,MOL,1493,700,793,33,9,9,1,2,5,254,1160,18,2,1150,343,ITF,ITF2,14,Molise,Molise,305617,12713,4.16,0.49
254,2021-01-08,MOL,429,141,288,244,7,120,0,13,0,0,0,0,45,429,0,ITF,ITF2,14,Molise,Molise,305617,13142,4.3,0.14
255,2021-02-21,MOL,573,227,346,1,1,0,0,0,1,570,0,0,0,571,2,ITF,ITF2,14,Molise,Molise,305617,13715,4.49,0.19
256,2021-03-14,MOL,595,239,356,2,0,0,0,1,1,582,7,0,2,17,578,ITF,ITF2,14,Molise,Molise,305617,14310,4.68,0.19
257,2021-04-24,MOL,2064,967,1097,11,3,0,17,4,217,344,1461,3,4,593,1471,ITF,ITF2,14,Molise,Molise,305617,16374,5.36,0.68
258,2021-02-28,MOL,829,331,498,38,3,27,0,0,0,761,0,0,0,787,42,ITF,ITF2,14,Molise,Molise,305617,17203,5.63,0.27
259,2021-02-18,MOL,319,74,245,296,8,0,0,0,0,0,0,0,15,306,13,ITF,ITF2,14,Molise,Molise,305617,17522,5.73,0.1
260,2021-01-10,MOL,270,72,198,82,19,169,0,0,0,0,0,0,0,270,0,ITF,ITF2,14,Molise,Molise,305617,17792,5.82,0.09
261,2021-01-31,MOL,268,70,198,85,18,164,1,0,0,0,0,0,0,6,262,ITF,ITF2,14,Molise,Molise,305617,18060,5.91,0.09
262,2021-02-09,MOL,359,170,189,161,83,110,0,0,0,0,0,0,5,197,162,ITF,ITF2,14,Molise,Molise,305617,18419,6.03,0.12
263,2021-04-27,MOL,1584,763,821,29,8,17,1,3,115,247,1128,1,35,456,1128,ITF,ITF2,14,Molise,Molise,305617,20003,6.55,0.52
264,2021-01-26,MOL,450,184,266,444,0,0,1,2,0,0,0,0,3,8,442,ITF,ITF2,14,Molise,Molise,305617,20453,6.69,0.15
265,2021-02-19,MOL,169,93,76,95,70,1,3,0,0,0,0,0,0,167,2,ITF,ITF2,14,Molise,Molise,305617,20622,6.75,0.06
266,2021-04-20,MOL,2311,1020,1291,23,7,1,23,11,740,420,1052,18,16,1219,1092,ITF,ITF2,14,Molise,Molise,305617,22933,7.5,0.76
267,2021-04-28,MOL,1637,887,750,10,4,5,34,127,170,103,1107,4,73,451,1186,ITF,ITF2,14,Molise,Molise,305617,24570,8.04,0.54
268,2021-01-28,MOL,613,217,396,430,9,154,1,4,1,0,0,0,14,17,596,ITF,ITF2,14,Molise,Molise,305617,25183,8.24,0.2
269,2021-03-15,MOL,832,338,494,137,43,67,297,24,4,118,31,61,50,587,245,ITF,ITF2,14,Molise,Molise,305617,26015,8.51,0.27
270,2021-03-10,MOL,1737,720,1017,188,7,1,509,2,5,757,54,187,27,1687,50,ITF,ITF2,14,Molise,Molise,305617,27752,9.08,0.57
271,2021-04-17,MOL,1688,823,865,5,3,0,3,1,169,553,915,34,5,960,728,ITF,ITF2,14,Molise,Molise,305617,29440,9.63,0.55
272,2021-02-27,MOL,1366,568,798,25,29,14,1,1,0,1290,0,0,6,1347,19,ITF,ITF2,14,Molise,Molise,305617,30806,10.08,0.45
273,2021-03-30,MOL,1964,845,1119,46,1,1,424,2,4,573,810,82,21,1452,512,ITF,ITF2,14,Molise,Molise,305617,32770,10.72,0.64
274,2021-01-22,MOL,126,35,91,21,32,73,0,0,0,0,0,0,0,126,0,ITF,ITF2,14,Molise,Molise,305617,32896,10.76,0.04
275,2021-04-13,MOL,1615,710,905,7,4,1,1,12,910,322,350,1,7,1028,587,ITF,ITF2,14,Molise,Molise,305617,34511,11.29,0.53
276,2021-03-22,MOL,1146,439,707,106,5,2,458,7,3,255,216,59,35,903,243,ITF,ITF2,14,Molise,Molise,305617,35657,11.67,0.37
277,2021-04-10,MOL,2555,1233,1322,10,4,0,19,1,12,237,2261,9,2,2404,151,ITF,ITF2,14,Molise,Molise,305617,38212,12.5,0.84
278,2021-03-16,MOL,614,230,384,13,4,11,0,3,7,395,173,4,4,267,347,ITF,ITF2,14,Molise,Molise,305617,38826,12.7,0.2
279,2021-02-05,MOL,593,269,324,460,22,63,0,13,0,0,0,0,35,55,538,ITF,ITF2,14,Molise,Molise,305617,39419,12.9,0.19
280,2021-03-17,MOL,908,385,523,48,25,42,1,8,4,573,176,13,18,576,332,ITF,ITF2,14,Molise,Molise,305617,40327,13.2,0.3
281,2021-04-26,MOL,1134,509,625,7,0,0,1,3,108,215,788,10,2,805,329,ITF,ITF2,14,Molise,Molise,305617,41461,13.57,0.37
282,2021-02-08,MOL,334,141,193,206,39,85,0,3,0,0,0,0,1,216,118,ITF,ITF2,14,Molise,Molise,305617,41795,13.68,0.11
283,2021-02-01,MOL,562,201,361,301,144,111,1,1,0,0,0,0,4,14,548,ITF,ITF2,14,Molise,Molise,305617,42357,13.86,0.18
284,2021-03-28,MOL,1589,741,848,155,15,0,1,0,1,1184,231,1,1,487,1102,ITF,ITF2,14,Molise,Molise,305617,43946,14.38,0.52
285,2021-02-22,MOL,265,129,136,56,65,62,0,27,0,8,0,0,47,250,15,ITF,ITF2,14,Molise,Molise,305617,44211,14.47,0.09
286,2021-04-19,MOL,1801,830,971,18,5,51,7,13,652,249,763,24,19,1037,764,ITF,ITF2,14,Molise,Molise,305617,46012,15.06,0.59
287,2021-01-17,MOL,78,38,40,78,0,0,0,0,0,0,0,0,0,48,30,ITF,ITF2,14,Molise,Molise,305617,46090,15.08,0.03
288,2021-03-19,MOL,1184,482,702,32,1,9,248,2,4,727,155,2,4,757,427,ITF,ITF2,14,Molise,Molise,305617,47274,15.47,0.39
289,2021-01-29,MOL,421,136,285,227,23,109,3,12,0,0,0,0,47,6,415,ITF,ITF2,14,Molise,Molise,305617,47695,15.61,0.14
290,2021-03-29,MOL,2032,835,1197,108,8,5,525,4,55,514,774,22,17,1546,486,ITF,ITF2,14,Molise,Molise,305617,49727,16.27,0.66
291,2021-04-15,MOL,1895,777,1118,3,3,0,27,7,692,649,496,4,14,1057,838,ITF,ITF2,14,Molise,Molise,305617,51622,16.89,0.62
292,2021-03-18,MOL,1156,476,680,73,10,45,0,2,3,855,157,0,11,692,464,ITF,ITF2,14,Molise,Molise,305617,52778,17.27,0.38
293,2021-01-12,MOL,336,114,222,132,74,129,0,0,0,0,0,0,1,336,0,ITF,ITF2,14,Molise,Molise,305617,53114,17.38,0.11
294,2021-03-05,MOL,1219,649,570,322,5,0,73,9,2,618,0,151,39,1015,204,ITF,ITF2,14,Molise,Molise,305617,54333,17.78,0.4
295,2021-01-09,MOL,450,152,298,221,27,178,0,5,0,0,0,0,19,450,0,ITF,ITF2,14,Molise,Molise,305617,54783,17.93,0.15
296,2021-02-16,MOL,156,70,86,148,5,0,0,2,0,0,0,0,1,150,6,ITF,ITF2,14,Molise,Molise,305617,54939,17.98,0.05
297,2021-03-20,MOL,2320,968,1352,28,23,0,222,1,6,1857,147,21,15,999,1321,ITF,ITF2,14,Molise,Molise,305617,57259,18.74,0.76
298,2021-02-17,MOL,72,32,40,47,10,6,0,0,0,1,0,0,8,57,15,ITF,ITF2,14,Molise,Molise,305617,57331,18.76,0.02
299,2021-02-07,MOL,66,32,34,49,1,16,0,0,0,0,0,0,0,19,47,ITF,ITF2,14,Molise,Molise,305617,57397,18.78,0.02
300,2021-02-24,MOL,666,278,388,242,66,44,1,6,7,274,0,0,26,333,333,ITF,ITF2,14,Molise,Molise,305617,58063,19.0,0.22
301,2021-04-29,MOL,2211,1135,1076,108,2,2,7,7,146,154,1708,31,46,880,1331,ITF,ITF2,14,Molise,Molise,305617,60274,19.72,0.72
302,2021-03-25,MOL,1806,730,1076,53,4,18,493,3,10,832,269,107,17,1309,497,ITF,ITF2,14,Molise,Molise,305617,62080,20.31,0.59
303,2021-01-30,MOL,461,158,303,189,52,180,0,6,0,0,0,0,34,12,449,ITF,ITF2,14,Molise,Molise,305617,62541,20.46,0.15
304,2021-03-04,MOL,850,417,433,252,20,69,0,0,1,469,0,36,3,526,324,ITF,ITF2,14,Molise,Molise,305617,63391,20.74,0.28
305,2021-01-14,MOL,646,239,407,418,102,115,0,2,0,0,0,0,9,646,0,ITF,ITF2,14,Molise,Molise,305617,64037,20.95,0.21
306,2021-04-01,MOL,1437,654,783,27,18,21,20,0,2,715,566,62,6,712,725,ITF,ITF2,14,Molise,Molise,305617,65474,21.42,0.47
307,2021-04-25,MOL,785,392,393,2,0,0,0,0,217,62,504,0,0,557,228,ITF,ITF2,14,Molise,Molise,305617,66259,21.68,0.26
308,2021-01-16,MOL,420,166,254,270,16,127,0,1,0,0,0,0,6,420,0,ITF,ITF2,14,Molise,Molise,305617,66679,21.82,0.14
309,2021-04-03,MOL,1765,848,917,28,74,0,26,13,16,266,1323,7,12,1732,33,ITF,ITF2,14,Molise,Molise,305617,68444,22.4,0.58
310,2021-04-05,MOL,389,188,201,1,0,0,0,1,1,113,273,0,0,290,99,ITF,ITF2,14,Molise,Molise,305617,68833,22.52,0.13
311,2021-03-06,MOL,1728,807,921,156,18,0,0,2,4,1395,0,152,1,1569,159,ITF,ITF2,14,Molise,Molise,305617,70561,23.09,0.57
312,2021-03-03,MOL,672,316,356,63,4,48,127,0,0,385,0,45,0,590,82,ITF,ITF2,14,Molise,Molise,305617,71233,23.31,0.22
313,2021-01-06,MOL,689,260,429,456,26,171,0,1,2,21,0,0,12,689,0,ITF,ITF2,14,Molise,Molise,305617,71922,23.53,0.23
314,2021-04-30,MOL,2783,1484,1299,20,0,1,2,5,262,95,2384,0,14,744,2039,ITF,ITF2,14,Molise,Molise,305617,74705,24.44,0.91
315,2021-04-23,MOL,2037,877,1160,50,18,0,20,7,605,226,1096,11,4,1378,659,ITF,ITF2,14,Molise,Molise,305617,76742,25.11,0.67
316,2021-01-05,MOL,449,180,269,441,0,0,0,1,0,0,0,0,7,449,0,ITF,ITF2,14,Molise,Molise,305617,77191,25.26,0.15
317,2021-02-03,MOL,731,249,482,391,112,180,1,4,3,0,0,0,40,338,393,ITF,ITF2,14,Molise,Molise,305617,77922,25.5,0.24
318,2021-01-19,MOL,173,63,110,90,57,22,2,0,0,0,0,0,2,162,11,ITF,ITF2,14,Molise,Molise,305617,78095,25.55,0.06
319,2021-01-15,MOL,538,242,296,398,17,81,0,8,0,0,0,0,34,538,0,ITF,ITF2,14,Molise,Molise,305617,78633,25.73,0.18
320,2021-01-04,MOL,314,131,183,301,0,0,0,2,0,0,0,0,11,314,0,ITF,ITF2,14,Molise,Molise,305617,78947,25.83,0.1
321,2021-02-06,MOL,429,179,250,276,14,130,1,2,0,0,0,0,6,29,400,ITF,ITF2,14,Molise,Molise,305617,79376,25.97,0.14
322,2021-04-16,MOL,2411,1027,1384,56,5,11,8,7,693,738,880,7,6,1184,1227,ITF,ITF2,14,Molise,Molise,305617,81787,26.76,0.79
323,2021-04-09,MOL,2295,1240,1055,33,10,1,1,93,9,136,2004,2,6,2104,191,ITF,ITF2,14,Molise,Molise,305617,84082,27.51,0.75
324,2021-02-25,MOL,541,239,302,68,3,28,0,6,0,434,0,0,2,473,68,ITF,ITF2,14,Molise,Molise,305617,84623,27.69,0.18
325,2021-03-08,MOL,1378,522,856,359,51,23,404,2,1,411,36,76,15,1238,140,ITF,ITF2,14,Molise,Molise,305617,86001,28.14,0.45
326,2021-01-07,MOL,598,209,389,414,2,145,0,5,1,4,0,0,27,598,0,ITF,ITF2,14,Molise,Molise,305617,86599,28.34,0.2
327,2021-04-22,MOL,1833,857,976,12,2,6,5,19,752,338,681,8,10,1062,771,ITF,ITF2,14,Molise,Molise,305617,88432,28.94,0.6
328,2021-01-20,MOL,18,8,10,14,4,0,0,0,0,0,0,0,0,18,0,ITF,ITF2,14,Molise,Molise,305617,88450,28.94,0.01
329,2021-03-11,MOL,1463,636,827,42,2,14,499,4,2,699,12,185,4,1457,6,ITF,ITF2,14,Molise,Molise,305617,89913,29.42,0.48
330,2021-01-25,MOL,319,130,189,317,0,0,2,0,0,0,0,0,0,3,316,ITF,ITF2,14,Molise,Molise,305617,90232,29.52,0.1
331,2021-02-12,MOL,330,149,181,224,13,72,2,7,1,0,0,0,11,208,122,ITF,ITF2,14,Molise,Molise,305617,90562,29.63,0.11
332,2021-04-11,MOL,1146,579,567,0,5,0,0,1,1,48,1087,0,4,1133,13,ITF,ITF2,14,Molise,Molise,305617,91708,30.01,0.37
333,2021-01-11,MOL,557,194,363,196,243,111,0,1,0,0,0,0,6,557,0,ITF,ITF2,14,Molise,Molise,305617,92265,30.19,0.18
334,2021-02-04,MOL,758,295,463,502,95,141,1,3,0,0,0,0,16,77,681,ITF,ITF2,14,Molise,Molise,305617,93023,30.44,0.25
335,2021-04-07,MOL,1686,846,840,36,12,62,80,10,3,133,1315,29,6,1411,275,ITF,ITF2,14,Molise,Molise,305617,94709,30.99,0.55
336,2021-03-02,MOL,667,383,284,98,106,51,151,0,0,139,0,113,9,509,158,ITF,ITF2,14,Molise,Molise,305617,95376,31.21,0.22
337,2021-04-08,MOL,1751,899,852,105,15,6,35,5,3,195,1368,8,11,1550,201,ITF,ITF2,14,Molise,Molise,305617,97127,31.78,0.57
338,2021-03-31,MOL,2192,918,1274,202,13,32,263,10,18,826,707,96,25,1373,819,ITF,ITF2,14,Molise,Molise,305617,99319,32.5,0.72
339,2021-04-04,MOL,253,141,112,1,0,0,0,0,0,3,248,0,1,238,15,ITF,ITF2,14,Molise,Molise,305617,99572,32.58,0.08
340,2021-02-11,MOL,293,133,160,225,19,45,1,0,0,0,0,3,0,257,36,ITF,ITF2,14,Molise,Molise,305617,99865,32.68,0.1
341,2021-03-01,MOL,661,274,387,200,36,108,147,8,1,135,0,2,24,447,214,ITF,ITF2,14,Molise,Molise,305617,100526,32.89,0.22
342,2021-03-13,MOL,1189,594,595,29,5,6,0,5,4,981,6,151,2,200,989,ITF,ITF2,14,Molise,Molise,305617,101715,33.28,0.39
343,2021-03-26,MOL,2573,1044,1529,72,63,23,548,7,16,1014,747,70,13,1931,642,ITF,ITF2,14,Molise,Molise,305617,104288,34.12,0.84
344,2021-02-10,MOL,150,78,72,91,6,53,0,0,0,0,0,0,0,130,20,ITF,ITF2,14,Molise,Molise,305617,104438,34.17,0.05
345,2021-04-14,MOL,1785,760,1025,44,1,11,3,5,974,431,307,5,4,1133,652,ITF,ITF2,14,Molise,Molise,305617,106223,34.76,0.58
346,2021-02-15,MOL,144,70,74,117,10,15,0,0,0,0,0,0,2,141,3,ITF,ITF2,14,Molise,Molise,305617,106367,34.8,0.05
347,2021-02-20,MOL,1018,441,577,20,5,8,0,0,1,983,0,0,1,998,20,ITF,ITF2,14,Molise,Molise,305617,107385,35.14,0.33
348,2021-01-18,MOL,114,48,66,97,14,0,0,1,0,0,0,0,2,114,0,ITF,ITF2,14,Molise,Molise,305617,107499,35.17,0.04
349,2021-04-12,MOL,1256,547,709,17,2,1,0,11,944,87,188,1,5,1014,242,ITF,ITF2,14,Molise,Molise,305617,108755,35.59,0.41
350,2021-02-13,MOL,132,80,52,129,3,0,0,0,0,0,0,0,0,132,0,ITF,ITF2,14,Molise,Molise,305617,108887,35.63,0.04
351,2021-01-27,MOL,674,251,423,436,12,209,1,10,0,0,0,1,5,8,666,ITF,ITF2,14,Molise,Molise,305617,109561,35.85,0.22
352,2021-02-26,MOL,563,260,303,42,7,3,55,9,1,406,1,0,39,490,73,ITF,ITF2,14,Molise,Molise,305617,110124,36.03,0.18
353,2021-03-09,MOL,1329,579,750,199,6,0,393,4,1,409,76,218,23,1177,152,ITF,ITF2,14,Molise,Molise,305617,111453,36.47,0.43
354,2021-03-27,MOL,2737,1272,1465,18,58,0,1,6,4,1907,717,23,3,1304,1433,ITF,ITF2,14,Molise,Molise,305617,114190,37.36,0.9
355,2021-04-02,MOL,1404,691,713,47,77,0,2,8,8,663,476,105,18,643,761,ITF,ITF2,14,Molise,Molise,305617,115594,37.82,0.46
356,2021-01-21,MOL,6,2,4,0,6,0,0,0,0,0,0,0,0,6,0,ITF,ITF2,14,Molise,Molise,305617,115600,37.83,0.0
357,2021-03-21,PUG,2688,1224,1464,462,32,13,285,0,5,1792,14,38,47,585,2103,ITF,ITF4,16,Puglia,Puglia,4029053,2688,0.07,0.07
358,2021-01-30,PUG,5526,2514,3012,4750,325,419,6,0,2,3,5,4,12,411,5115,ITF,ITF4,16,Puglia,Puglia,4029053,8214,0.2,0.14
359,2021-01-14,PUG,4066,1587,2479,3184,377,499,2,1,0,0,0,0,3,4066,0,ITF,ITF4,16,Puglia,Puglia,4029053,12280,0.3,0.1
360,2021-04-20,PUG,20613,9555,11058,493,209,121,91,1387,8948,3360,5715,76,213,17162,3451,ITF,ITF4,16,Puglia,Puglia,4029053,32893,0.82,0.51
361,2021-01-24,PUG,1669,749,920,1286,231,150,0,0,0,1,1,0,0,153,1516,ITF,ITF4,16,Puglia,Puglia,4029053,34562,0.86,0.04
362,2021-03-05,PUG,17031,6782,10249,2311,827,274,7001,34,23,5335,18,1172,36,14867,2164,ITF,ITF4,16,Puglia,Puglia,4029053,51593,1.28,0.42
363,2021-03-15,PUG,11758,5614,6144,2092,646,116,682,24,30,7672,22,461,13,5265,6493,ITF,ITF4,16,Puglia,Puglia,4029053,63351,1.57,0.29
364,2021-03-03,PUG,16571,6657,9914,2039,636,246,6708,5,5,5988,2,939,3,14685,1886,ITF,ITF4,16,Puglia,Puglia,4029053,79922,1.98,0.41
365,2021-03-07,PUG,4914,1940,2974,930,101,3,1852,5,4,1681,7,325,6,4343,571,ITF,ITF4,16,Puglia,Puglia,4029053,84836,2.11,0.12
366,2021-04-14,PUG,31531,14863,16668,626,219,39,83,4653,15196,4883,5401,122,309,28222,3309,ITF,ITF4,16,Puglia,Puglia,4029053,116367,2.89,0.78
367,2021-04-25,PUG,10657,4921,5736,180,80,43,145,890,3169,1107,4845,11,187,9508,1149,ITF,ITF4,16,Puglia,Puglia,4029053,127024,3.15,0.26
368,2021-01-13,PUG,4537,1729,2808,3973,329,230,2,1,0,0,0,0,2,4537,0,ITF,ITF4,16,Puglia,Puglia,4029053,131561,3.27,0.11
369,2021-04-19,PUG,27207,12630,14577,546,143,76,57,1981,14641,3259,6268,49,187,24158,3049,ITF,ITF4,16,Puglia,Puglia,4029053,158768,3.94,0.68
370,2021-02-23,PUG,9338,4415,4923,1789,362,169,1018,11,15,5554,1,400,19,8863,475,ITF,ITF4,16,Puglia,Puglia,4029053,168106,4.17,0.23
371,2021-04-26,PUG,25446,11664,13782,418,228,97,106,6449,8025,2714,7211,34,164,22253,3193,ITF,ITF4,16,Puglia,Puglia,4029053,193552,4.8,0.63
372,2021-02-12,PUG,4099,1629,2470,2938,443,690,5,0,0,5,5,10,3,3008,1091,ITF,ITF4,16,Puglia,Puglia,4029053,197651,4.91,0.1
373,2021-03-20,PUG,8234,3721,4513,1427,87,54,811,23,51,5648,43,69,21,3653,4581,ITF,ITF4,16,Puglia,Puglia,4029053,205885,5.11,0.2
374,2021-01-27,PUG,4576,1928,2648,3932,239,396,2,1,3,0,0,0,3,610,3966,ITF,ITF4,16,Puglia,Puglia,4029053,210461,5.22,0.11
375,2021-03-18,PUG,9392,4247,5145,1754,488,225,90,17,26,6689,43,40,20,3280,6112,ITF,ITF4,16,Puglia,Puglia,4029053,219853,5.46,0.23
376,2021-01-29,PUG,6192,2659,3533,5516,376,288,3,3,0,1,0,0,5,436,5756,ITF,ITF4,16,Puglia,Puglia,4029053,226045,5.61,0.15
377,2021-02-24,PUG,10026,4699,5327,1925,602,117,559,9,12,6410,0,375,17,9437,589,ITF,ITF4,16,Puglia,Puglia,4029053,236071,5.86,0.25
378,2021-02-13,PUG,3723,1454,2269,2883,517,290,7,0,2,5,0,18,1,3029,694,ITF,ITF4,16,Puglia,Puglia,4029053,239794,5.95,0.09
379,2021-01-22,PUG,1409,578,831,878,154,373,1,0,0,1,1,0,1,991,418,ITF,ITF4,16,Puglia,Puglia,4029053,241203,5.99,0.03
380,2021-02-10,PUG,3635,1429,2206,2511,254,869,1,0,0,0,0,0,0,2125,1510,ITF,ITF4,16,Puglia,Puglia,4029053,244838,6.08,0.09
381,2021-03-08,PUG,14656,6075,8581,2140,840,224,3938,13,9,6829,6,635,22,12262,2394,ITF,ITF4,16,Puglia,Puglia,4029053,259494,6.44,0.36
382,2021-01-09,PUG,4876,2248,2628,4323,255,246,1,5,1,4,5,0,36,4876,0,ITF,ITF4,16,Puglia,Puglia,4029053,264370,6.56,0.12
383,2021-01-21,PUG,2129,903,1226,1429,167,527,0,0,1,3,0,0,2,1270,859,ITF,ITF4,16,Puglia,Puglia,4029053,266499,6.61,0.05
384,2021-02-15,PUG,3254,1268,1986,2249,527,454,3,0,1,1,1,7,11,2634,620,ITF,ITF4,16,Puglia,Puglia,4029053,269753,6.7,0.08
385,2021-03-19,PUG,7949,3646,4303,1761,279,70,260,14,20,5383,74,66,22,3408,4541,ITF,ITF4,16,Puglia,Puglia,4029053,277702,6.89,0.2
386,2021-03-29,PUG,12819,5981,6838,1594,585,241,1129,35,140,7958,659,409,69,6101,6718,ITF,ITF4,16,Puglia,Puglia,4029053,290521,7.21,0.32
387,2021-03-13,PUG,10294,4060,6234,2160,277,131,3322,7,12,4054,45,254,32,8565,1729,ITF,ITF4,16,Puglia,Puglia,4029053,300815,7.47,0.26
388,2021-03-17,PUG,10268,4681,5587,1792,464,63,70,30,39,7674,38,51,47,4166,6102,ITF,ITF4,16,Puglia,Puglia,4029053,311083,7.72,0.25
389,2021-01-28,PUG,5465,2271,3194,4782,339,327,3,3,0,0,0,6,5,473,4992,ITF,ITF4,16,Puglia,Puglia,4029053,316548,7.86,0.14
390,2021-04-11,PUG,16139,7110,9029,331,86,15,119,392,1035,5480,8556,18,107,14471,1668,ITF,ITF4,16,Puglia,Puglia,4029053,332687,8.26,0.4
391,2021-02-26,PUG,13662,5010,8652,2125,681,298,4658,12,10,5226,18,612,22,12635,1027,ITF,ITF4,16,Puglia,Puglia,4029053,346349,8.6,0.34
392,2021-01-04,PUG,4503,2012,2491,4397,88,11,1,0,0,0,0,0,6,4503,0,ITF,ITF4,16,Puglia,Puglia,4029053,350852,8.71,0.11
393,2021-03-02,PUG,16282,6040,10242,1396,665,113,8168,17,17,4351,5,1537,13,14977,1305,ITF,ITF4,16,Puglia,Puglia,4029053,367134,9.11,0.4
394,2021-01-19,PUG,1221,452,769,531,113,577,0,0,0,0,0,0,0,1211,10,ITF,ITF4,16,Puglia,Puglia,4029053,368355,9.14,0.03
395,2021-04-07,PUG,14856,6552,8304,1034,418,87,363,183,568,8665,3149,145,244,8243,6613,ITF,ITF4,16,Puglia,Puglia,4029053,383211,9.51,0.37
396,2021-01-23,PUG,3037,1292,1745,2523,176,309,1,3,6,14,0,0,5,886,2151,ITF,ITF4,16,Puglia,Puglia,4029053,386248,9.59,0.08
397,2021-02-03,PUG,5031,2002,3029,4366,476,184,3,2,0,0,0,0,0,730,4301,ITF,ITF4,16,Puglia,Puglia,4029053,391279,9.71,0.12
398,2021-04-08,PUG,17131,7453,9678,1027,330,181,506,215,803,9617,4189,89,174,11061,6070,ITF,ITF4,16,Puglia,Puglia,4029053,408410,10.14,0.43
399,2021-01-18,PUG,1846,770,1076,1183,215,445,0,0,0,1,0,1,1,1497,349,ITF,ITF4,16,Puglia,Puglia,4029053,410256,10.18,0.05
400,2021-01-06,PUG,3942,1664,2278,3313,224,372,0,11,1,0,0,0,21,3942,0,ITF,ITF4,16,Puglia,Puglia,4029053,414198,10.28,0.1
401,2021-03-06,PUG,15892,5937,9955,2175,472,99,7040,16,14,5470,25,566,15,13825,2067,ITF,ITF4,16,Puglia,Puglia,4029053,430090,10.67,0.39
402,2021-01-08,PUG,5577,2335,3242,4866,373,328,3,0,0,0,2,4,1,5577,0,ITF,ITF4,16,Puglia,Puglia,4029053,435667,10.81,0.14
403,2021-03-01,PUG,15048,5843,9205,1973,724,83,5145,7,15,6184,4,891,22,13679,1369,ITF,ITF4,16,Puglia,Puglia,4029053,450715,11.19,0.37
404,2021-04-30,PUG,28256,12677,15579,759,364,110,156,3310,7256,6343,9488,109,361,17863,10393,ITF,ITF4,16,Puglia,Puglia,4029053,478971,11.89,0.7
405,2020-12-31,PUG,1635,782,853,1549,38,44,3,0,1,0,0,0,0,1635,0,ITF,ITF4,16,Puglia,Puglia,4029053,480606,11.93,0.04
406,2021-04-22,PUG,22430,10236,12194,734,280,216,113,1822,9114,4135,5682,56,278,17675,4755,ITF,ITF4,16,Puglia,Puglia,4029053,503036,12.49,0.56
407,2021-02-09,PUG,3838,1568,2270,2532,661,622,6,2,3,9,1,0,2,2166,1672,ITF,ITF4,16,Puglia,Puglia,4029053,506874,12.58,0.1
408,2021-03-27,PUG,12077,5666,6411,967,592,71,1372,35,90,7556,1102,216,76,6933,5144,ITF,ITF4,16,Puglia,Puglia,4029053,518951,12.88,0.3
409,2021-02-28,PUG,5886,1785,4101,559,136,26,3416,6,3,1543,0,194,3,5700,186,ITF,ITF4,16,Puglia,Puglia,4029053,524837,13.03,0.15
410,2021-03-26,PUG,11433,5334,6099,1611,919,287,1340,39,119,6462,97,442,117,6793,4640,ITF,ITF4,16,Puglia,Puglia,4029053,536270,13.31,0.28
411,2021-01-31,PUG,1808,825,983,1502,103,198,2,1,0,2,0,0,0,73,1735,ITF,ITF4,16,Puglia,Puglia,4029053,538078,13.35,0.04
412,2021-04-04,PUG,5930,2951,2979,98,25,7,46,30,45,286,5319,26,48,5924,6,ITF,ITF4,16,Puglia,Puglia,4029053,544008,13.5,0.15
413,2021-04-05,PUG,12658,6150,6508,55,59,4,29,66,238,941,11189,11,66,12125,533,ITF,ITF4,16,Puglia,Puglia,4029053,556666,13.82,0.31
414,2021-01-11,PUG,3749,1587,2162,3221,336,175,2,4,0,0,0,6,5,3749,0,ITF,ITF4,16,Puglia,Puglia,4029053,560415,13.91,0.09
415,2021-01-20,PUG,1546,541,1005,781,125,627,0,0,3,9,0,0,1,1538,8,ITF,ITF4,16,Puglia,Puglia,4029053,561961,13.95,0.04
416,2021-01-02,PUG,2948,1300,1648,2829,91,23,4,0,0,0,0,0,1,2948,0,ITF,ITF4,16,Puglia,Puglia,4029053,564909,14.02,0.07
417,2021-02-21,PUG,2172,472,1700,537,73,49,1456,1,5,32,0,12,7,2111,61,ITF,ITF4,16,Puglia,Puglia,4029053,567081,14.07,0.05
418,2021-01-16,PUG,2507,1033,1474,1682,300,518,1,1,1,0,0,0,4,2507,0,ITF,ITF4,16,Puglia,Puglia,4029053,569588,14.14,0.06
419,2021-02-02,PUG,4339,1843,2496,3629,389,317,3,1,0,0,0,0,0,593,3746,ITF,ITF4,16,Puglia,Puglia,4029053,573927,14.24,0.11
420,2021-03-11,PUG,14344,6180,8164,2911,932,515,3676,5,7,5279,8,991,20,11242,3102,ITF,ITF4,16,Puglia,Puglia,4029053,588271,14.6,0.36
421,2021-01-15,PUG,4551,1866,2685,3598,369,558,4,2,0,1,1,13,5,4551,0,ITF,ITF4,16,Puglia,Puglia,4029053,592822,14.71,0.11
422,2021-04-01,PUG,13363,6097,7266,1245,453,220,1038,57,300,8046,1562,319,123,7025,6338,ITF,ITF4,16,Puglia,Puglia,4029053,606185,15.05,0.33
423,2021-04-18,PUG,22282,10644,11638,80,38,4,9,4063,9432,1437,6996,12,211,21193,1089,ITF,ITF4,16,Puglia,Puglia,4029053,628467,15.6,0.55
424,2020-12-27,PUG,507,250,257,438,6,63,0,0,0,0,0,0,0,507,0,ITF,ITF4,16,Puglia,Puglia,4029053,628974,15.61,0.01
425,2021-02-17,PUG,4268,1744,2524,2463,1171,598,1,7,2,2,1,1,22,3669,599,ITF,ITF4,16,Puglia,Puglia,4029053,633242,15.72,0.11
426,2021-03-23,PUG,10389,4986,5403,1850,413,51,991,29,44,6091,52,743,125,3933,6456,ITF,ITF4,16,Puglia,Puglia,4029053,643631,15.97,0.26
427,2021-03-24,PUG,12945,5968,6977,1905,628,193,1543,29,57,7921,67,497,105,5694,7251,ITF,ITF4,16,Puglia,Puglia,4029053,656576,16.3,0.32
428,2021-04-21,PUG,22811,10533,12278,678,240,61,377,1963,12266,2779,4182,115,150,19101,3710,ITF,ITF4,16,Puglia,Puglia,4029053,679387,16.86,0.57
429,2021-04-27,PUG,25653,11605,14048,653,259,232,237,5187,7401,4128,7227,63,266,20224,5429,ITF,ITF4,16,Puglia,Puglia,4029053,705040,17.5,0.64
430,2021-04-24,PUG,28520,12993,15527,551,291,92,74,2489,11181,3575,9788,33,446,24533,3987,ITF,ITF4,16,Puglia,Puglia,4029053,733560,18.21,0.71
431,2021-02-16,PUG,3378,1451,1927,2151,740,412,2,9,0,5,0,16,43,2734,644,ITF,ITF4,16,Puglia,Puglia,4029053,736938,18.29,0.08
432,2021-03-14,PUG,3313,1428,1885,957,89,107,1001,28,10,976,9,43,93,2503,810,ITF,ITF4,16,Puglia,Puglia,4029053,740251,18.37,0.08
433,2021-04-02,PUG,12465,5709,6756,895,398,298,695,113,627,7461,1473,193,312,7946,4519,ITF,ITF4,16,Puglia,Puglia,4029053,752716,18.68,0.31
434,2021-01-12,PUG,4208,1768,2440,3635,343,218,5,2,3,1,0,0,1,4208,0,ITF,ITF4,16,Puglia,Puglia,4029053,756924,18.79,0.1
435,2021-01-25,PUG,3820,1677,2143,3471,170,169,1,1,0,2,0,0,6,422,3398,ITF,ITF4,16,Puglia,Puglia,4029053,760744,18.88,0.09
436,2021-04-12,PUG,28706,13513,15193,504,236,26,158,2180,14747,4837,5657,150,211,25886,2820,ITF,ITF4,16,Puglia,Puglia,4029053,789450,19.59,0.71
437,2021-01-01,PUG,146,60,86,145,1,0,0,0,0,0,0,0,0,146,0,ITF,ITF4,16,Puglia,Puglia,4029053,789596,19.6,0.0
438,2021-03-04,PUG,15029,5862,9167,1532,589,323,6288,20,15,4778,5,1451,28,13649,1380,ITF,ITF4,16,Puglia,Puglia,4029053,804625,19.97,0.37
439,2021-02-11,PUG,3698,1402,2296,2571,391,725,2,1,0,0,0,0,8,2422,1276,ITF,ITF4,16,Puglia,Puglia,4029053,808323,20.06,0.09
440,2021-04-29,PUG,23928,11062,12866,542,343,124,67,2910,8905,3935,6798,29,275,17666,6262,ITF,ITF4,16,Puglia,Puglia,4029053,832251,20.66,0.59
441,2021-03-09,PUG,13157,5743,7414,1870,711,225,3544,17,10,5627,7,1090,56,11160,1997,ITF,ITF4,16,Puglia,Puglia,4029053,845408,20.98,0.33
442,2021-03-12,PUG,13907,6099,7808,3282,1136,432,3019,9,16,5005,9,987,12,9983,3924,ITF,ITF4,16,Puglia,Puglia,4029053,859315,21.33,0.35
443,2021-01-07,PUG,5714,2455,3259,5218,263,217,3,4,0,0,2,7,0,5714,0,ITF,ITF4,16,Puglia,Puglia,4029053,865029,21.47,0.14
444,2021-02-22,PUG,9620,4527,5093,1439,650,140,319,14,19,6809,4,215,11,9288,332,ITF,ITF4,16,Puglia,Puglia,4029053,874649,21.71,0.24
445,2021-02-08,PUG,3993,1611,2382,2966,605,389,1,1,0,1,1,26,3,1598,2395,ITF,ITF4,16,Puglia,Puglia,4029053,878642,21.81,0.1
446,2021-02-01,PUG,3961,1657,2304,3443,287,208,5,4,0,0,0,6,8,375,3586,ITF,ITF4,16,Puglia,Puglia,4029053,882603,21.91,0.1
447,2021-02-20,PUG,2967,1079,1888,2116,233,168,425,0,1,9,1,4,10,2711,256,ITF,ITF4,16,Puglia,Puglia,4029053,885570,21.98,0.07
448,2021-04-10,PUG,30175,12833,17342,630,235,121,278,653,1663,11825,14353,149,268,25999,4176,ITF,ITF4,16,Puglia,Puglia,4029053,915745,22.73,0.75
449,2021-02-05,PUG,5630,2271,3359,4568,512,526,6,0,0,0,0,14,4,1330,4300,ITF,ITF4,16,Puglia,Puglia,4029053,921375,22.87,0.14
450,2021-03-22,PUG,9345,4551,4794,608,369,12,1070,17,39,6753,49,362,66,3701,5644,ITF,ITF4,16,Puglia,Puglia,4029053,930720,23.1,0.23
451,2021-02-27,PUG,14111,4778,9333,1587,653,181,6172,14,7,5117,17,350,13,12932,1179,ITF,ITF4,16,Puglia,Puglia,4029053,944831,23.45,0.35
452,2021-04-16,PUG,35194,16546,18648,689,280,135,210,4888,14889,4554,9107,101,341,31895,3299,ITF,ITF4,16,Puglia,Puglia,4029053,980025,24.32,0.87
453,2021-01-17,PUG,1309,590,719,818,154,337,0,0,0,0,0,0,0,1240,69,ITF,ITF4,16,Puglia,Puglia,4029053,981334,24.36,0.03
454,2021-03-31,PUG,14007,6341,7666,1790,564,177,810,30,194,8627,1335,371,109,8454,5553,ITF,ITF4,16,Puglia,Puglia,4029053,995341,24.7,0.35
455,2021-02-04,PUG,5897,2357,3540,4444,792,653,6,0,0,0,1,0,1,1167,4730,ITF,ITF4,16,Puglia,Puglia,4029053,1001238,24.85,0.15
456,2021-02-06,PUG,4510,1916,2594,3493,484,527,3,0,1,0,0,0,2,1589,2921,ITF,ITF4,16,Puglia,Puglia,4029053,1005748,24.96,0.11
457,2021-02-18,PUG,4370,1844,2526,2702,959,680,2,1,1,5,1,11,8,3767,603,ITF,ITF4,16,Puglia,Puglia,4029053,1010118,25.07,0.11
458,2021-04-03,PUG,10363,4535,5828,919,218,135,541,122,361,5414,2346,18,289,6819,3544,ITF,ITF4,16,Puglia,Puglia,4029053,1020481,25.33,0.26
459,2021-03-28,PUG,3520,1648,1872,636,151,47,119,6,11,2016,519,3,12,1197,2323,ITF,ITF4,16,Puglia,Puglia,4029053,1024001,25.42,0.09
460,2021-04-06,PUG,13323,5893,7430,748,376,156,220,89,506,8440,2566,131,91,6704,6619,ITF,ITF4,16,Puglia,Puglia,4029053,1037324,25.75,0.33
461,2021-04-15,PUG,31823,14834,16989,559,221,77,121,4261,13211,5099,7835,96,343,28334,3489,ITF,ITF4,16,Puglia,Puglia,4029053,1069147,26.54,0.79
462,2021-03-10,PUG,14373,6231,8142,2602,1070,355,3078,6,33,6546,7,655,21,11257,3116,ITF,ITF4,16,Puglia,Puglia,4029053,1083520,26.89,0.36
463,2021-04-17,PUG,38674,18339,20335,520,166,83,181,4752,12996,4788,14625,82,481,35289,3385,ITF,ITF4,16,Puglia,Puglia,4029053,1122194,27.85,0.96
464,2021-04-28,PUG,18776,8433,10343,329,161,93,84,2152,7507,3172,5126,55,97,14204,4572,ITF,ITF4,16,Puglia,Puglia,4029053,1140970,28.32,0.47
465,2021-02-19,PUG,4729,2010,2719,3064,1189,389,7,2,1,2,0,49,26,4338,391,ITF,ITF4,16,Puglia,Puglia,4029053,1145699,28.44,0.12
466,2021-02-14,PUG,785,348,437,682,32,70,1,0,0,0,0,0,0,662,123,ITF,ITF4,16,Puglia,Puglia,4029053,1146484,28.46,0.02
467,2021-04-09,PUG,21457,9209,12248,1106,544,165,415,460,1158,9769,7378,145,317,16829,4628,ITF,ITF4,16,Puglia,Puglia,4029053,1167941,28.99,0.53
468,2021-03-16,PUG,9855,4680,5175,2201,553,91,38,22,23,6630,129,143,25,3499,6356,ITF,ITF4,16,Puglia,Puglia,4029053,1177796,29.23,0.24
469,2021-01-03,PUG,2007,943,1064,1818,38,145,1,1,1,0,3,0,0,2007,0,ITF,ITF4,16,Puglia,Puglia,4029053,1179803,29.28,0.05
470,2021-02-25,PUG,11889,5037,6852,1747,763,420,2380,19,15,5784,1,726,34,10732,1157,ITF,ITF4,16,Puglia,Puglia,4029053,1191692,29.58,0.3
471,2021-04-13,PUG,28269,13423,14846,661,250,54,119,4548,10798,5300,6062,122,355,24864,3405,ITF,ITF4,16,Puglia,Puglia,4029053,1219961,30.28,0.7
472,2021-01-26,PUG,5358,2396,2962,4850,269,232,0,2,1,1,0,0,3,571,4787,ITF,ITF4,16,Puglia,Puglia,4029053,1225319,30.41,0.13
473,2021-01-05,PUG,5099,2247,2852,4783,178,98,4,9,9,5,0,0,13,5099,0,ITF,ITF4,16,Puglia,Puglia,4029053,1230418,30.54,0.13
474,2021-01-10,PUG,2349,1061,1288,2038,106,202,0,2,0,0,1,0,0,2349,0,ITF,ITF4,16,Puglia,Puglia,4029053,1232767,30.6,0.06
475,2021-03-30,PUG,11812,5479,6333,1335,493,266,960,47,166,7119,998,372,56,5948,5864,ITF,ITF4,16,Puglia,Puglia,4029053,1244579,30.89,0.29
476,2020-12-30,PUG,1,0,1,1,0,0,0,0,0,0,0,0,0,1,0,ITF,ITF4,16,Puglia,Puglia,4029053,1244580,30.89,0.0
477,2021-03-25,PUG,10782,5230,5552,1268,671,100,658,22,49,7194,59,675,86,4629,6153,ITF,ITF4,16,Puglia,Puglia,4029053,1255362,31.16,0.27
478,2021-04-23,PUG,28500,13228,15272,643,240,190,103,2428,12907,4502,6892,195,400,23544,4956,ITF,ITF4,16,Puglia,Puglia,4029053,1283862,31.87,0.71
479,2021-02-07,PUG,1578,669,909,1039,227,309,1,0,2,0,0,0,0,253,1325,ITF,ITF4,16,Puglia,Puglia,4029053,1285440,31.9,0.04
480,2021-02-28,LOM,7884,3255,4629,1106,761,76,31,594,199,4343,0,88,686,7668,216,ITC,ITC4,3,Lombardia,Lombardia,10060574,7884,0.08,0.08
481,2021-03-19,LOM,32365,12887,19478,2748,1933,1418,3009,69,115,22423,350,158,142,19183,13182,ITC,ITC4,3,Lombardia,Lombardia,10060574,40249,0.4,0.32
482,2021-02-15,LOM,8913,3119,5794,6034,1677,1071,9,12,9,29,4,31,37,8491,422,ITC,ITC4,3,Lombardia,Lombardia,10060574,49162,0.49,0.09
483,2021-02-18,LOM,14037,4926,9111,6163,1880,1593,28,13,18,3438,3,859,42,13010,1027,ITC,ITC4,3,Lombardia,Lombardia,10060574,63199,0.63,0.14
484,2021-01-08,LOM,12664,3910,8754,9964,2236,376,0,17,9,6,1,0,55,12664,0,ITC,ITC4,3,Lombardia,Lombardia,10060574,75863,0.75,0.13
485,2021-04-06,LOM,42975,17538,25437,2178,1931,685,4532,281,556,27980,4392,128,312,25022,17953,ITC,ITC4,3,Lombardia,Lombardia,10060574,118838,1.18,0.43
486,2020-12-30,LOM,114,42,72,106,7,0,0,0,0,0,0,0,1,114,0,ITC,ITC4,3,Lombardia,Lombardia,10060574,118952,1.18,0.0
487,2021-03-28,LOM,20377,7764,12613,2015,1291,115,3875,197,427,11310,1008,34,105,14239,6138,ITC,ITC4,3,Lombardia,Lombardia,10060574,139329,1.38,0.2
488,2020-12-31,LOM,713,300,413,657,56,0,0,0,0,0,0,0,0,713,0,ITC,ITC4,3,Lombardia,Lombardia,10060574,140042,1.39,0.01
489,2021-02-09,LOM,12247,3328,8919,5738,2236,4128,4,16,5,78,4,2,36,4109,8138,ITC,ITC4,3,Lombardia,Lombardia,10060574,152289,1.51,0.12
490,2021-02-21,LOM,5052,1862,3190,1766,910,57,3,2,14,2234,2,42,22,5032,20,ITC,ITC4,3,Lombardia,Lombardia,10060574,157341,1.56,0.05
491,2021-04-02,LOM,41014,16779,24235,2553,1825,1166,4639,539,2171,24628,3017,130,346,26617,14397,ITC,ITC4,3,Lombardia,Lombardia,10060574,198355,1.97,0.41
492,2021-01-12,LOM,19859,6616,13243,13439,4542,1631,0,20,13,102,2,1,109,19859,0,ITC,ITC4,3,Lombardia,Lombardia,10060574,218214,2.17,0.2
493,2021-01-01,LOM,24,7,17,24,0,0,0,0,0,0,0,0,0,24,0,ITC,ITC4,3,Lombardia,Lombardia,10060574,218238,2.17,0.0
494,2021-03-16,LOM,25472,10111,15361,3316,1463,1458,76,311,249,18138,28,17,416,16415,9057,ITC,ITC4,3,Lombardia,Lombardia,10060574,243710,2.42,0.25
495,2021-04-20,LOM,67337,30676,36661,1158,586,749,567,8883,34189,10942,9521,228,514,57044,10293,ITC,ITC4,3,Lombardia,Lombardia,10060574,311047,3.09,0.67
496,2021-01-21,LOM,5341,1569,3772,3024,1211,1025,0,8,4,7,1,0,61,4652,689,ITC,ITC4,3,Lombardia,Lombardia,10060574,316388,3.14,0.05
497,2021-03-15,LOM,31529,11313,20216,4685,2871,879,8320,273,376,13072,8,637,408,23004,8525,ITC,ITC4,3,Lombardia,Lombardia,10060574,347917,3.46,0.31
498,2021-02-19,LOM,14110,5368,8742,5570,1752,1153,16,22,42,4543,2,929,81,13425,685,ITC,ITC4,3,Lombardia,Lombardia,10060574,362027,3.6,0.14
499,2021-04-28,LOM,94491,43292,51199,1387,654,710,313,23404,28578,22682,15763,310,690,68050,26441,ITC,ITC4,3,Lombardia,Lombardia,10060574,456518,4.54,0.94
500,2021-01-22,LOM,3097,864,2233,1581,619,874,0,2,3,13,0,0,5,3027,70,ITC,ITC4,3,Lombardia,Lombardia,10060574,459615,4.57,0.03
501,2021-03-12,LOM,35239,12947,22292,5134,3225,1507,7388,184,278,16071,10,1114,328,25020,10219,ITC,ITC4,3,Lombardia,Lombardia,10060574,494854,4.92,0.35
502,2021-02-08,LOM,10076,2915,7161,5323,2251,2404,4,5,2,53,4,0,30,2138,7938,ITC,ITC4,3,Lombardia,Lombardia,10060574,504930,5.02,0.1
503,2021-04-22,LOM,73106,33045,40061,1189,704,995,438,11016,31862,15360,10821,185,536,56898,16208,ITC,ITC4,3,Lombardia,Lombardia,10060574,578036,5.75,0.73
504,2021-03-10,LOM,33218,12723,20495,6906,3853,2102,5479,429,302,12092,9,1608,438,25366,7852,ITC,ITC4,3,Lombardia,Lombardia,10060574,611254,6.08,0.33
505,2021-03-08,LOM,29730,11167,18563,6595,2985,1160,4622,423,211,11766,10,1613,345,22658,7072,ITC,ITC4,3,Lombardia,Lombardia,10060574,640984,6.37,0.3
506,2021-04-17,LOM,47693,20947,26746,519,203,287,381,423,28538,11517,5561,124,140,36979,10714,ITC,ITC4,3,Lombardia,Lombardia,10060574,688677,6.85,0.47
507,2021-04-18,LOM,36228,16155,20073,262,115,72,142,235,25850,5655,3684,99,114,30994,5234,ITC,ITC4,3,Lombardia,Lombardia,10060574,724905,7.21,0.36
508,2021-03-17,LOM,26150,10452,15698,2533,1418,1969,44,73,108,19534,175,45,251,15233,10917,ITC,ITC4,3,Lombardia,Lombardia,10060574,751055,7.47,0.26
509,2021-02-04,LOM,27644,8069,19575,15831,5866,5659,0,11,1,199,4,7,66,1962,25682,ITC,ITC4,3,Lombardia,Lombardia,10060574,778699,7.74,0.27
510,2021-03-31,LOM,41835,16925,24910,2598,1888,1471,6196,403,1820,24071,2811,150,427,26685,15150,ITC,ITC4,3,Lombardia,Lombardia,10060574,820534,8.16,0.42
511,2021-04-21,LOM,71314,32401,38913,1051,482,721,346,10500,32395,14437,10783,178,421,56771,14543,ITC,ITC4,3,Lombardia,Lombardia,10060574,891848,8.86,0.71
512,2021-02-17,LOM,11965,3743,8222,7640,2229,1950,10,7,9,40,6,38,36,10575,1390,ITC,ITC4,3,Lombardia,Lombardia,10060574,903813,8.98,0.12
513,2020-12-27,LOM,717,413,304,615,46,14,0,13,7,1,1,0,20,717,0,ITC,ITC4,3,Lombardia,Lombardia,10060574,904530,8.99,0.01
514,2021-04-19,LOM,60016,27329,32687,1168,445,417,480,3370,34717,9963,8797,177,482,50599,9417,ITC,ITC4,3,Lombardia,Lombardia,10060574,964546,9.59,0.6
515,2021-04-24,LOM,74571,33089,41482,645,351,88,166,12508,29453,20906,9768,278,408,53940,20631,ITC,ITC4,3,Lombardia,Lombardia,10060574,1039117,10.33,0.74
516,2021-04-05,LOM,27339,11672,15667,545,569,70,703,196,325,23709,1104,28,90,19257,8082,ITC,ITC4,3,Lombardia,Lombardia,10060574,1066456,10.6,0.27
517,2021-02-01,LOM,16054,5316,10738,11676,3377,903,1,3,3,45,3,1,42,303,15751,ITC,ITC4,3,Lombardia,Lombardia,10060574,1082510,10.76,0.16
518,2021-01-31,LOM,9745,3763,5982,7576,2043,87,0,2,2,7,3,2,23,33,9712,ITC,ITC4,3,Lombardia,Lombardia,10060574,1092255,10.86,0.1
519,2021-01-28,LOM,12180,3691,8489,9192,1858,971,1,11,5,29,2,1,110,776,11404,ITC,ITC4,3,Lombardia,Lombardia,10060574,1104435,10.98,0.12
520,2021-01-03,LOM,853,316,537,744,89,4,0,0,0,1,1,0,14,853,0,ITC,ITC4,3,Lombardia,Lombardia,10060574,1105288,10.99,0.01
521,2021-01-04,LOM,6075,2097,3978,4993,736,173,0,22,4,11,0,0,136,6075,0,ITC,ITC4,3,Lombardia,Lombardia,10060574,1111363,11.05,0.06
522,2021-01-19,LOM,8101,2348,5753,4045,1772,2169,0,9,5,67,4,1,29,7626,475,ITC,ITC4,3,Lombardia,Lombardia,10060574,1119464,11.13,0.08
523,2021-02-25,LOM,15181,6295,8886,2975,1339,1294,10,39,86,8100,4,1251,83,13634,1547,ITC,ITC4,3,Lombardia,Lombardia,10060574,1134645,11.28,0.15
524,2021-02-03,LOM,25544,7896,17648,15595,5628,4081,1,17,9,144,6,8,55,1128,24416,ITC,ITC4,3,Lombardia,Lombardia,10060574,1160189,11.53,0.25
525,2021-02-14,LOM,3578,1546,2032,2750,623,42,10,5,1,3,2,0,142,2944,634,ITC,ITC4,3,Lombardia,Lombardia,10060574,1163767,11.57,0.04
526,2021-02-27,LOM,13942,5867,8075,2090,1234,568,48,208,309,8311,7,1124,43,13297,645,ITC,ITC4,3,Lombardia,Lombardia,10060574,1177709,11.71,0.14
527,2021-03-18,LOM,27415,10954,16461,2204,1209,1547,100,65,161,21448,503,50,128,16186,11229,ITC,ITC4,3,Lombardia,Lombardia,10060574,1205124,11.98,0.27
528,2021-02-07,LOM,7208,2797,4411,5546,1315,293,5,5,2,18,0,3,21,339,6869,ITC,ITC4,3,Lombardia,Lombardia,10060574,1212332,12.05,0.07
529,2021-04-13,LOM,47754,21340,26414,946,646,701,956,537,25205,13426,4910,129,298,33680,14074,ITC,ITC4,3,Lombardia,Lombardia,10060574,1260086,12.52,0.47
530,2020-12-28,LOM,107,47,60,105,2,0,0,0,0,0,0,0,0,107,0,ITC,ITC4,3,Lombardia,Lombardia,10060574,1260193,12.53,0.0
531,2021-03-07,LOM,11916,5304,6612,3012,2099,82,707,261,329,4543,2,672,209,9356,2560,ITC,ITC4,3,Lombardia,Lombardia,10060574,1272109,12.64,0.12
532,2021-03-25,LOM,42444,15843,26601,3452,2237,1428,10845,228,767,21169,1664,318,336,29992,12452,ITC,ITC4,3,Lombardia,Lombardia,10060574,1314553,13.07,0.42
533,2021-03-30,LOM,39409,15453,23956,2777,1927,1166,6910,262,414,22325,2862,223,543,24647,14762,ITC,ITC4,3,Lombardia,Lombardia,10060574,1353962,13.46,0.39
534,2021-01-26,LOM,8338,2711,5627,6651,1337,223,0,22,4,27,0,0,74,334,8004,ITC,ITC4,3,Lombardia,Lombardia,10060574,1362300,13.54,0.08
535,2021-03-04,LOM,29307,12129,17178,6999,2477,2141,376,1623,1848,11147,6,2054,636,20251,9056,ITC,ITC4,3,Lombardia,Lombardia,10060574,1391607,13.83,0.29
536,2021-01-17,LOM,8290,3327,4963,5555,748,244,0,169,55,72,6,5,1436,8089,201,ITC,ITC4,3,Lombardia,Lombardia,10060574,1399897,13.91,0.08
537,2021-02-05,LOM,25584,7429,18155,14464,6214,4524,7,19,11,260,2,2,81,2379,23205,ITC,ITC4,3,Lombardia,Lombardia,10060574,1425481,14.17,0.25
538,2021-03-24,LOM,43223,15591,27632,2985,2447,1502,12497,413,748,20380,1263,563,425,31381,11842,ITC,ITC4,3,Lombardia,Lombardia,10060574,1468704,14.6,0.43
539,2021-04-10,LOM,51661,21430,30231,874,854,314,1465,508,2934,38546,5857,61,248,39867,11794,ITC,ITC4,3,Lombardia,Lombardia,10060574,1520365,15.11,0.51
540,2021-03-22,LOM,40258,14273,25985,2520,2361,895,12170,255,193,20475,541,533,315,29727,10531,ITC,ITC4,3,Lombardia,Lombardia,10060574,1560623,15.51,0.4
541,2021-03-23,LOM,42415,15371,27044,2253,2329,1310,12511,430,584,21314,770,405,509,29627,12788,ITC,ITC4,3,Lombardia,Lombardia,10060574,1603038,15.93,0.42
542,2021-01-24,LOM,1201,459,742,832,136,36,0,8,2,1,1,0,185,537,664,ITC,ITC4,3,Lombardia,Lombardia,10060574,1604239,15.95,0.01
543,2021-01-30,LOM,12321,4569,7752,9910,2118,161,1,18,2,8,1,1,101,170,12151,ITC,ITC4,3,Lombardia,Lombardia,10060574,1616560,16.07,0.12
544,2021-04-26,LOM,87575,40792,46783,623,360,288,383,22157,30859,18440,13645,205,615,68517,19058,ITC,ITC4,3,Lombardia,Lombardia,10060574,1704135,16.94,0.87
545,2021-04-01,LOM,42673,17116,25557,2719,2084,1277,5748,823,1629,25089,2761,135,408,26661,16012,ITC,ITC4,3,Lombardia,Lombardia,10060574,1746808,17.36,0.42
546,2021-01-05,LOM,7817,2565,5252,6271,1207,173,0,29,4,8,0,0,125,7817,0,ITC,ITC4,3,Lombardia,Lombardia,10060574,1754625,17.44,0.08
547,2021-02-22,LOM,11891,4807,7084,4235,1468,1026,28,13,22,4066,4,966,63,11581,310,ITC,ITC4,3,Lombardia,Lombardia,10060574,1766516,17.56,0.12
548,2021-01-18,LOM,9155,2968,6187,5196,1962,1852,0,16,13,54,5,2,55,8173,982,ITC,ITC4,3,Lombardia,Lombardia,10060574,1775671,17.65,0.09
549,2021-04-03,LOM,36135,14824,21311,961,963,86,2241,1004,1545,27462,1649,80,144,26069,10066,ITC,ITC4,3,Lombardia,Lombardia,10060574,1811806,18.01,0.36
550,2021-04-15,LOM,49073,21710,27363,1106,640,1066,653,278,25694,12742,6586,97,211,35275,13798,ITC,ITC4,3,Lombardia,Lombardia,10060574,1860879,18.5,0.49
551,2021-01-16,LOM,15358,5706,9652,8616,1384,1505,0,556,211,227,5,3,2851,15358,0,ITC,ITC4,3,Lombardia,Lombardia,10060574,1876237,18.65,0.15
552,2021-03-06,LOM,21313,9085,12228,4764,2181,451,1357,1898,1306,7524,7,1147,678,16799,4514,ITC,ITC4,3,Lombardia,Lombardia,10060574,1897550,18.86,0.21
553,2021-03-27,LOM,32173,12257,19916,1973,2424,323,6664,404,583,18204,1172,71,355,23566,8607,ITC,ITC4,3,Lombardia,Lombardia,10060574,1929723,19.18,0.32
554,2021-01-06,LOM,7058,2489,4569,5847,1106,38,2,24,1,0,0,0,40,7058,0,ITC,ITC4,3,Lombardia,Lombardia,10060574,1936781,19.25,0.07
555,2021-04-30,LOM,113435,53210,60225,1671,717,542,1074,32325,27308,19226,27814,448,2310,88124,25311,ITC,ITC4,3,Lombardia,Lombardia,10060574,2050216,20.38,1.13
556,2021-03-01,LOM,18774,8223,10551,2718,1181,930,29,554,321,10845,3,1656,537,17068,1706,ITC,ITC4,3,Lombardia,Lombardia,10060574,2068990,20.57,0.19
557,2021-03-20,LOM,32508,12150,20358,1991,2348,524,7861,155,140,18459,544,322,164,22656,9852,ITC,ITC4,3,Lombardia,Lombardia,10060574,2101498,20.89,0.32
558,2021-04-09,LOM,51947,22205,29742,2237,1905,1252,3036,261,2330,33954,6428,97,447,35970,15977,ITC,ITC4,3,Lombardia,Lombardia,10060574,2153445,21.4,0.52
559,2021-01-29,LOM,13438,4114,9324,10487,2325,573,0,5,3,9,1,0,35,654,12784,ITC,ITC4,3,Lombardia,Lombardia,10060574,2166883,21.54,0.13
560,2021-02-24,LOM,14667,5923,8744,3594,1500,1787,24,36,44,6321,0,1203,158,13742,925,ITC,ITC4,3,Lombardia,Lombardia,10060574,2181550,21.68,0.15
561,2021-02-16,LOM,9539,3085,6454,5848,2209,1395,19,13,4,10,7,8,26,9084,455,ITC,ITC4,3,Lombardia,Lombardia,10060574,2191089,21.78,0.09
562,2021-01-09,LOM,12407,4571,7836,9525,2121,196,0,60,12,6,0,1,486,12407,0,ITC,ITC4,3,Lombardia,Lombardia,10060574,2203496,21.9,0.12
563,2021-01-07,LOM,11713,3622,8091,8963,1794,786,1,14,8,34,2,1,110,11713,0,ITC,ITC4,3,Lombardia,Lombardia,10060574,2215209,22.02,0.12
564,2021-03-29,LOM,39972,15498,24474,2996,2154,455,8608,221,471,21719,2708,209,431,25170,14802,ITC,ITC4,3,Lombardia,Lombardia,10060574,2255181,22.42,0.4
565,2021-02-20,LOM,9431,3895,5536,4299,1020,225,4,24,37,2919,2,864,37,9131,300,ITC,ITC4,3,Lombardia,Lombardia,10060574,2264612,22.51,0.09
566,2021-04-11,LOM,32050,13877,18173,967,543,437,1214,227,711,23107,3971,795,78,24655,7395,ITC,ITC4,3,Lombardia,Lombardia,10060574,2296662,22.83,0.32
567,2021-03-21,LOM,23577,8551,15026,1086,1632,441,9133,114,207,9738,198,756,272,18304,5273,ITC,ITC4,3,Lombardia,Lombardia,10060574,2320239,23.06,0.23
568,2021-04-04,LOM,7613,3230,4383,204,263,68,206,199,347,5876,361,9,80,3715,3898,ITC,ITC4,3,Lombardia,Lombardia,10060574,2327852,23.14,0.08
569,2020-12-29,LOM,104,44,60,103,1,0,0,0,0,0,0,0,0,104,0,ITC,ITC4,3,Lombardia,Lombardia,10060574,2327956,23.14,0.0
570,2021-03-05,LOM,28970,11939,17031,7241,3080,1550,424,1294,2142,11072,15,1980,172,20571,8399,ITC,ITC4,3,Lombardia,Lombardia,10060574,2356926,23.43,0.29
571,2021-02-26,LOM,18344,7548,10796,3321,1716,1183,24,66,40,10579,7,1339,69,16496,1848,ITC,ITC4,3,Lombardia,Lombardia,10060574,2375270,23.61,0.18
572,2021-03-26,LOM,41073,15584,25489,2720,2218,834,8659,250,552,22696,2456,256,432,28082,12991,ITC,ITC4,3,Lombardia,Lombardia,10060574,2416343,24.02,0.41
573,2021-02-23,LOM,11770,4791,6979,3959,1411,877,3,20,31,4312,0,991,166,11460,310,ITC,ITC4,3,Lombardia,Lombardia,10060574,2428113,24.13,0.12
574,2021-01-13,LOM,26213,8007,18206,15796,5795,4193,1,28,14,197,4,3,182,26213,0,ITC,ITC4,3,Lombardia,Lombardia,10060574,2454326,24.4,0.26
575,2021-04-25,LOM,51102,23474,27628,422,143,12,287,10014,26854,4634,8292,154,290,46622,4480,ITC,ITC4,3,Lombardia,Lombardia,10060574,2505428,24.9,0.51
576,2021-03-14,LOM,14875,5348,9527,1520,1746,80,5450,99,117,5274,2,413,174,11587,3288,ITC,ITC4,3,Lombardia,Lombardia,10060574,2520303,25.05,0.15
577,2021-02-10,LOM,14390,4503,9887,8534,2364,3336,6,25,17,79,1,3,25,7569,6821,ITC,ITC4,3,Lombardia,Lombardia,10060574,2534693,25.19,0.14
578,2021-04-23,LOM,73108,33183,39925,1402,607,698,348,12265,30450,15243,11391,237,467,56691,16417,ITC,ITC4,3,Lombardia,Lombardia,10060574,2607801,25.92,0.73
579,2021-04-14,LOM,46902,20943,25959,924,742,670,786,292,24942,12337,5914,86,209,33979,12923,ITC,ITC4,3,Lombardia,Lombardia,10060574,2654703,26.39,0.47
580,2021-04-27,LOM,85252,39735,45517,1091,457,288,356,22987,29360,14374,15430,308,601,68882,16370,ITC,ITC4,3,Lombardia,Lombardia,10060574,2739955,27.23,0.85
581,2021-01-10,LOM,10518,3957,6561,8175,2197,85,1,4,1,12,5,2,36,10518,0,ITC,ITC4,3,Lombardia,Lombardia,10060574,2750473,27.34,0.1
582,2021-03-03,LOM,26900,11488,15412,6403,1783,1799,471,1269,1900,10199,11,2030,1035,19627,7273,ITC,ITC4,3,Lombardia,Lombardia,10060574,2777373,27.61,0.27
583,2021-01-25,LOM,7024,2372,4652,5632,941,218,0,26,3,15,0,0,189,488,6536,ITC,ITC4,3,Lombardia,Lombardia,10060574,2784397,27.68,0.07
584,2021-02-12,LOM,13945,4355,9590,8115,2724,2957,3,7,8,102,3,5,21,9028,4917,ITC,ITC4,3,Lombardia,Lombardia,10060574,2798342,27.81,0.14
585,2021-01-27,LOM,8044,2677,5367,6204,1338,434,2,22,3,1,0,0,40,820,7224,ITC,ITC4,3,Lombardia,Lombardia,10060574,2806386,27.89,0.08
586,2021-03-09,LOM,33232,12845,20387,6078,4095,2389,5482,434,352,12532,10,1464,396,25797,7435,ITC,ITC4,3,Lombardia,Lombardia,10060574,2839618,28.23,0.33
587,2021-02-06,LOM,15249,5527,9722,9854,3034,1896,3,42,13,75,2,1,329,1063,14186,ITC,ITC4,3,Lombardia,Lombardia,10060574,2854867,28.38,0.15
588,2021-02-13,LOM,6414,2441,3973,4178,1466,709,4,7,6,17,3,4,20,4937,1477,ITC,ITC4,3,Lombardia,Lombardia,10060574,2861281,28.44,0.06
589,2021-04-16,LOM,53445,23845,29600,1739,723,1019,458,384,28431,13395,6976,113,207,39163,14282,ITC,ITC4,3,Lombardia,Lombardia,10060574,2914726,28.97,0.53
590,2021-04-12,LOM,47124,20535,26589,1139,902,500,1677,312,24477,13768,4075,76,198,32823,14301,ITC,ITC4,3,Lombardia,Lombardia,10060574,2961850,29.44,0.47
591,2021-01-02,LOM,199,72,127,178,16,0,0,1,0,0,0,0,4,199,0,ITC,ITC4,3,Lombardia,Lombardia,10060574,2962049,29.44,0.0
592,2021-02-02,LOM,19844,6582,13262,13498,4508,1684,1,6,4,76,0,7,60,489,19355,ITC,ITC4,3,Lombardia,Lombardia,10060574,2981893,29.64,0.2
593,2021-01-20,LOM,5579,1364,4215,2743,1176,1558,0,14,6,61,0,0,21,5464,115,ITC,ITC4,3,Lombardia,Lombardia,10060574,2987472,29.69,0.06
594,2021-01-15,LOM,25134,7419,17715,13799,5912,4737,9,54,24,316,3,2,278,25134,0,ITC,ITC4,3,Lombardia,Lombardia,10060574,3012606,29.94,0.25
595,2021-03-11,LOM,36169,13451,22718,5875,3535,2192,6670,225,298,15612,9,1295,458,26257,9912,ITC,ITC4,3,Lombardia,Lombardia,10060574,3048775,30.3,0.36
596,2021-01-11,LOM,16035,5329,10706,11823,3366,701,2,9,5,44,1,1,83,16035,0,ITC,ITC4,3,Lombardia,Lombardia,10060574,3064810,30.46,0.16
597,2021-03-02,LOM,22812,9691,13121,3193,1452,2200,130,1113,378,11264,8,1843,1231,19778,3034,ITC,ITC4,3,Lombardia,Lombardia,10060574,3087622,30.69,0.23
598,2021-04-07,LOM,50440,20849,29591,1735,1437,1186,2473,280,1911,36777,4198,69,374,34655,15785,ITC,ITC4,3,Lombardia,Lombardia,10060574,3138062,31.19,0.5
599,2021-01-23,LOM,1114,357,757,644,259,138,0,8,6,1,0,0,58,916,198,ITC,ITC4,3,Lombardia,Lombardia,10060574,3139176,31.2,0.01
600,2021-04-08,LOM,52053,21658,30395,2247,1365,918,1565,286,2248,37425,5437,69,493,35574,16479,ITC,ITC4,3,Lombardia,Lombardia,10060574,3191229,31.72,0.52
601,2021-02-11,LOM,17040,5002,12038,9763,3334,3872,6,3,2,33,1,4,22,9695,7345,ITC,ITC4,3,Lombardia,Lombardia,10060574,3208269,31.89,0.17
602,2021-04-29,LOM,113298,52756,60542,2047,727,579,407,30883,28407,23603,24362,302,1981,84675,28623,ITC,ITC4,3,Lombardia,Lombardia,10060574,3321567,33.02,1.13
603,2021-01-14,LOM,26727,7770,18957,15204,5577,5458,2,34,14,249,3,1,185,26727,0,ITC,ITC4,3,Lombardia,Lombardia,10060574,3348294,33.28,0.27
604,2021-03-13,LOM,27116,9753,17363,3750,2789,264,8141,222,681,10340,15,639,275,21053,6063,ITC,ITC4,3,Lombardia,Lombardia,10060574,3375410,33.55,0.27
605,2021-01-04,TOS,5065,1894,3171,4100,29,933,0,0,0,0,0,0,3,5065,0,ITI,ITI1,9,Toscana,Toscana,3729641,5065,0.14,0.14
606,2021-03-11,TOS,15485,5989,9496,2440,907,270,12,0,7,10322,1293,217,17,12166,3319,ITI,ITI1,9,Toscana,Toscana,3729641,20550,0.55,0.42
607,2021-03-03,TOS,18139,6470,11669,3324,1083,135,3446,3,0,9183,1,954,10,14534,3605,ITI,ITI1,9,Toscana,Toscana,3729641,38689,1.04,0.49
608,2021-02-20,TOS,4641,1790,2851,3350,1038,203,18,0,0,17,0,15,0,4128,513,ITI,ITI1,9,Toscana,Toscana,3729641,43330,1.16,0.12
609,2021-01-19,TOS,1104,531,573,392,220,491,0,0,0,0,0,0,1,1104,0,ITI,ITI1,9,Toscana,Toscana,3729641,44434,1.19,0.03
610,2021-03-18,TOS,9967,3979,5988,438,562,280,3,2,3,7795,871,7,6,6005,3962,ITI,ITI1,9,Toscana,Toscana,3729641,54401,1.46,0.27
611,2021-04-25,TOS,11041,5244,5797,242,101,61,15,32,6267,389,3923,5,6,8904,2137,ITI,ITI1,9,Toscana,Toscana,3729641,65442,1.75,0.3
612,2021-02-13,TOS,7785,2360,5425,3667,574,163,2,0,2,0,0,186,3191,7558,227,ITI,ITI1,9,Toscana,Toscana,3729641,73227,1.96,0.21
613,2021-04-05,TOS,15278,6823,8455,27,52,0,35,12,13541,256,1328,4,23,14541,737,ITI,ITI1,9,Toscana,Toscana,3729641,88505,2.37,0.41
614,2021-04-23,TOS,25479,11358,14121,344,245,112,6,167,485,16425,7535,13,147,9206,16273,ITI,ITI1,9,Toscana,Toscana,3729641,113984,3.06,0.68
615,2021-02-01,TOS,5508,1958,3550,4485,403,616,0,0,0,0,0,0,4,520,4988,ITI,ITI1,9,Toscana,Toscana,3729641,119492,3.2,0.15
616,2021-02-25,TOS,10632,4304,6328,1078,1634,259,3199,0,1,3232,5,1220,4,9634,998,ITI,ITI1,9,Toscana,Toscana,3729641,130124,3.49,0.29
617,2021-01-03,TOS,3336,1052,2284,2565,9,762,0,0,0,0,0,0,0,3336,0,ITI,ITI1,9,Toscana,Toscana,3729641,133460,3.58,0.09
618,2021-02-06,TOS,4527,1550,2977,3725,574,227,0,0,0,0,0,0,1,1294,3233,ITI,ITI1,9,Toscana,Toscana,3729641,137987,3.7,0.12
619,2021-01-22,TOS,2866,1064,1802,2026,81,758,0,0,0,0,1,0,0,528,2338,ITI,ITI1,9,Toscana,Toscana,3729641,140853,3.78,0.08
620,2021-02-12,TOS,7606,2683,4923,3742,380,188,0,0,1,3,0,402,2890,7393,213,ITI,ITI1,9,Toscana,Toscana,3729641,148459,3.98,0.2
621,2021-04-17,TOS,20468,9175,11293,598,388,83,1,22,7391,5914,6041,8,22,18349,2119,ITI,ITI1,9,Toscana,Toscana,3729641,168927,4.53,0.55
622,2021-03-08,TOS,6346,2610,3736,4063,747,191,8,0,0,66,965,304,2,1527,4819,ITI,ITI1,9,Toscana,Toscana,3729641,175273,4.7,0.17
623,2021-04-13,TOS,8489,3504,4985,250,462,266,5,35,54,5554,1821,30,12,6032,2457,ITI,ITI1,9,Toscana,Toscana,3729641,183762,4.93,0.23
624,2021-02-26,TOS,10074,3831,6243,1556,1653,298,3562,0,0,1816,2,1187,0,8868,1206,ITI,ITI1,9,Toscana,Toscana,3729641,193836,5.2,0.27
625,2021-04-22,TOS,35588,15234,20354,316,499,139,6,124,7342,20404,6620,15,123,18190,17398,ITI,ITI1,9,Toscana,Toscana,3729641,229424,6.15,0.95
626,2021-02-03,TOS,4221,1452,2769,3475,239,505,0,0,0,1,0,0,1,241,3980,ITI,ITI1,9,Toscana,Toscana,3729641,233645,6.26,0.11
627,2021-04-16,TOS,28829,12832,15997,521,522,92,2,65,6605,15141,5810,22,49,21953,6876,ITI,ITI1,9,Toscana,Toscana,3729641,262474,7.04,0.77
628,2021-01-23,TOS,3949,1354,2595,2936,170,841,0,0,0,0,0,0,2,640,3309,ITI,ITI1,9,Toscana,Toscana,3729641,266423,7.14,0.11
629,2021-03-22,TOS,4881,2443,2438,221,367,380,314,27,2418,474,466,139,75,4438,443,ITI,ITI1,9,Toscana,Toscana,3729641,271304,7.27,0.13
630,2021-04-08,TOS,29641,12524,17117,264,320,206,5,63,1784,23688,3234,17,60,23265,6376,ITI,ITI1,9,Toscana,Toscana,3729641,300945,8.07,0.79
631,2021-03-30,TOS,16793,7459,9334,212,151,250,113,13,4545,8514,2736,212,47,13230,3563,ITI,ITI1,9,Toscana,Toscana,3729641,317738,8.52,0.45
632,2021-01-24,TOS,3349,1073,2276,2602,35,709,0,0,0,1,0,0,2,201,3148,ITI,ITI1,9,Toscana,Toscana,3729641,321087,8.61,0.09
633,2021-03-25,TOS,23570,10109,13461,225,313,406,711,46,2777,16108,2662,247,75,15247,8323,ITI,ITI1,9,Toscana,Toscana,3729641,344657,9.24,0.63
634,2021-03-02,TOS,10588,3789,6799,3171,986,154,3512,0,0,1851,0,910,4,7144,3444,ITI,ITI1,9,Toscana,Toscana,3729641,355245,9.52,0.28
635,2021-01-14,TOS,3254,1179,2075,2459,475,320,0,0,0,0,0,0,0,3254,0,ITI,ITI1,9,Toscana,Toscana,3729641,358499,9.61,0.09
636,2021-04-19,TOS,9084,4500,4584,636,245,74,7,24,378,509,7206,2,3,8057,1027,ITI,ITI1,9,Toscana,Toscana,3729641,367583,9.86,0.24
637,2021-02-15,TOS,8767,3373,5394,4536,922,216,1138,0,0,56,0,800,1099,7942,825,ITI,ITI1,9,Toscana,Toscana,3729641,376350,10.09,0.24
638,2021-03-19,TOS,10137,4457,5680,641,442,303,35,22,2644,5284,712,13,41,7275,2862,ITI,ITI1,9,Toscana,Toscana,3729641,386487,10.36,0.27
639,2021-03-04,TOS,17529,6679,10850,2816,953,274,3694,2,8,8236,597,945,4,14447,3082,ITI,ITI1,9,Toscana,Toscana,3729641,404016,10.83,0.47
640,2021-01-17,TOS,2535,871,1664,2002,293,240,0,0,0,0,0,0,0,2022,513,ITI,ITI1,9,Toscana,Toscana,3729641,406551,10.9,0.07
641,2021-04-26,TOS,10082,4914,5168,117,272,72,4,47,4247,196,5079,7,41,7564,2518,ITI,ITI1,9,Toscana,Toscana,3729641,416633,11.17,0.27
642,2021-04-14,TOS,20072,8292,11780,398,406,122,1,34,145,16627,2289,10,40,14982,5090,ITI,ITI1,9,Toscana,Toscana,3729641,436705,11.71,0.54
643,2021-04-29,TOS,38922,17539,21383,299,327,147,14,96,13124,19220,5616,16,63,19139,19783,ITI,ITI1,9,Toscana,Toscana,3729641,475627,12.75,1.04
644,2021-03-28,TOS,6198,2800,3398,37,26,145,89,22,2401,893,2545,22,18,5944,254,ITI,ITI1,9,Toscana,Toscana,3729641,481825,12.92,0.17
645,2021-04-02,TOS,31900,13509,18391,297,65,370,6,15,8606,19821,2553,117,50,23886,8014,ITI,ITI1,9,Toscana,Toscana,3729641,513725,13.77,0.86
646,2021-04-03,TOS,15009,6643,8366,101,64,99,13,16,6586,4913,3181,10,26,13882,1127,ITI,ITI1,9,Toscana,Toscana,3729641,528734,14.18,0.4
647,2021-02-18,TOS,8817,3285,5532,2924,1447,230,3142,0,0,214,0,860,0,7923,894,ITI,ITI1,9,Toscana,Toscana,3729641,537551,14.41,0.24
648,2021-03-15,TOS,8312,3309,5003,3214,1609,404,2281,0,2,36,325,438,3,3870,4442,ITI,ITI1,9,Toscana,Toscana,3729641,545863,14.64,0.22
649,2021-01-15,TOS,3878,1347,2531,2758,674,444,0,0,0,0,0,0,2,3878,0,ITI,ITI1,9,Toscana,Toscana,3729641,549741,14.74,0.1
650,2021-01-21,TOS,1589,686,903,579,220,790,0,0,0,0,0,0,0,867,722,ITI,ITI1,9,Toscana,Toscana,3729641,551330,14.78,0.04
651,2021-03-27,TOS,8823,4121,4702,113,71,242,198,17,3197,2074,2840,51,20,8608,215,ITI,ITI1,9,Toscana,Toscana,3729641,560153,15.02,0.24
652,2021-03-20,TOS,6489,2882,3607,914,563,165,34,4,3576,773,423,27,10,5354,1135,ITI,ITI1,9,Toscana,Toscana,3729641,566642,15.19,0.17
653,2021-02-17,TOS,8173,3168,5005,3464,1122,249,2485,0,0,218,0,635,0,7422,751,ITI,ITI1,9,Toscana,Toscana,3729641,574815,15.41,0.22
654,2021-04-09,TOS,24474,10525,13949,241,121,220,3,42,94,20263,3435,17,38,21076,3398,ITI,ITI1,9,Toscana,Toscana,3729641,599289,16.07,0.66
655,2021-02-23,TOS,7720,3324,4396,1490,1512,204,2831,0,0,510,1,1170,2,7559,161,ITI,ITI1,9,Toscana,Toscana,3729641,607009,16.28,0.21
656,2021-02-24,TOS,10371,4466,5905,81,1513,301,2947,0,0,4142,0,1382,5,10170,201,ITI,ITI1,9,Toscana,Toscana,3729641,617380,16.55,0.28
657,2021-03-07,TOS,5647,2356,3291,3103,642,123,774,0,0,15,417,573,0,2105,3542,ITI,ITI1,9,Toscana,Toscana,3729641,623027,16.7,0.15
658,2021-01-13,TOS,4062,1398,2664,3308,348,404,0,0,0,0,0,0,2,4062,0,ITI,ITI1,9,Toscana,Toscana,3729641,627089,16.81,0.11
659,2021-02-16,TOS,9278,3339,5939,5084,952,188,2323,0,0,10,0,720,1,8557,721,ITI,ITI1,9,Toscana,Toscana,3729641,636367,17.06,0.25
660,2021-04-04,TOS,13907,6600,7307,17,20,1,52,14,12884,171,723,5,20,13654,253,ITI,ITI1,9,Toscana,Toscana,3729641,650274,17.44,0.37
661,2021-03-01,TOS,4387,1671,2716,3192,597,137,25,0,0,9,1,424,2,747,3640,ITI,ITI1,9,Toscana,Toscana,3729641,654661,17.55,0.12
662,2021-04-18,TOS,8321,4077,4244,426,217,68,2,25,678,1412,5462,4,27,7325,996,ITI,ITI1,9,Toscana,Toscana,3729641,662982,17.78,0.22
663,2021-01-07,TOS,6018,1751,4267,5308,29,680,0,0,0,0,0,0,1,6018,0,ITI,ITI1,9,Toscana,Toscana,3729641,669000,17.94,0.16
664,2021-03-31,TOS,32541,13120,19421,278,111,269,3699,64,2643,23388,1484,451,154,20403,12138,ITI,ITI1,9,Toscana,Toscana,3729641,701541,18.81,0.87
665,2021-01-09,TOS,4485,1596,2889,3780,143,560,0,0,0,1,0,0,1,4485,0,ITI,ITI1,9,Toscana,Toscana,3729641,706026,18.93,0.12
666,2021-02-28,TOS,1649,667,982,1111,202,78,9,0,0,0,0,249,0,922,727,ITI,ITI1,9,Toscana,Toscana,3729641,707675,18.97,0.04
667,2021-04-24,TOS,13136,6016,7120,123,129,84,4,74,299,6561,5788,2,72,5745,7391,ITI,ITI1,9,Toscana,Toscana,3729641,720811,19.33,0.35
668,2021-01-31,TOS,3049,1129,1920,2465,133,448,0,0,0,1,0,0,2,106,2943,ITI,ITI1,9,Toscana,Toscana,3729641,723860,19.41,0.08
669,2021-04-01,TOS,26862,11084,15778,248,111,303,6,5,30,24551,1401,158,49,16264,10598,ITI,ITI1,9,Toscana,Toscana,3729641,750722,20.13,0.72
670,2021-02-21,TOS,5105,2089,3016,3666,1220,195,9,0,0,2,0,13,0,4935,170,ITI,ITI1,9,Toscana,Toscana,3729641,755827,20.27,0.14
671,2021-01-16,TOS,3271,1046,2225,2493,538,240,0,0,0,0,0,0,0,3271,0,ITI,ITI1,9,Toscana,Toscana,3729641,759098,20.35,0.09
672,2021-02-04,TOS,4253,1594,2659,3168,623,456,0,0,0,5,0,0,1,961,3292,ITI,ITI1,9,Toscana,Toscana,3729641,763351,20.47,0.11
673,2021-03-26,TOS,20371,9146,11225,250,326,213,333,27,3492,11876,3664,145,45,14629,5742,ITI,ITI1,9,Toscana,Toscana,3729641,783722,21.01,0.55
674,2021-04-06,TOS,22140,9759,12381,805,398,136,1626,125,10038,5662,2910,165,275,18429,3711,ITI,ITI1,9,Toscana,Toscana,3729641,805862,21.61,0.59
675,2021-01-10,TOS,3001,1104,1897,2432,134,431,0,1,0,0,0,0,3,3001,0,ITI,ITI1,9,Toscana,Toscana,3729641,808863,21.69,0.08
676,2021-01-20,TOS,1331,637,694,435,255,640,0,0,0,0,0,0,1,1083,248,ITI,ITI1,9,Toscana,Toscana,3729641,810194,21.72,0.04
677,2021-01-28,TOS,6282,1883,4399,5427,64,788,0,0,0,1,0,0,2,354,5928,ITI,ITI1,9,Toscana,Toscana,3729641,816476,21.89,0.17
678,2021-04-07,TOS,35585,15274,20311,310,594,98,20,57,11343,19884,3093,64,122,28351,7234,ITI,ITI1,9,Toscana,Toscana,3729641,852061,22.85,0.95
679,2021-01-11,TOS,5094,1691,3403,4362,209,522,0,0,0,0,0,0,1,5094,0,ITI,ITI1,9,Toscana,Toscana,3729641,857155,22.98,0.14
680,2021-04-12,TOS,2607,1180,1427,168,440,225,6,4,13,381,1364,4,2,1954,653,ITI,ITI1,9,Toscana,Toscana,3729641,859762,23.05,0.07
681,2021-01-25,TOS,5126,1896,3230,4160,54,909,0,0,0,1,0,0,2,249,4877,ITI,ITI1,9,Toscana,Toscana,3729641,864888,23.19,0.14
682,2021-04-11,TOS,3631,1673,1958,62,87,98,4,7,67,1665,1637,0,4,3477,154,ITI,ITI1,9,Toscana,Toscana,3729641,868519,23.29,0.1
683,2021-03-09,TOS,10590,4091,6499,4806,907,180,11,2,3,3301,1163,214,3,5038,5552,ITI,ITI1,9,Toscana,Toscana,3729641,879109,23.57,0.28
684,2021-02-27,TOS,1944,723,1221,1352,311,132,19,0,0,1,0,128,1,1042,902,ITI,ITI1,9,Toscana,Toscana,3729641,881053,23.62,0.05
685,2021-01-02,TOS,3497,1096,2401,2681,15,801,0,0,0,0,0,0,0,3497,0,ITI,ITI1,9,Toscana,Toscana,3729641,884550,23.72,0.09
686,2021-03-24,TOS,19619,7952,11667,222,385,195,773,51,2845,13974,872,224,78,10167,9452,ITI,ITI1,9,Toscana,Toscana,3729641,904169,24.24,0.53
687,2021-03-23,TOS,9064,4088,4976,310,312,328,338,52,2819,4030,659,148,68,6816,2248,ITI,ITI1,9,Toscana,Toscana,3729641,913233,24.49,0.24
688,2021-02-05,TOS,5749,2245,3504,4122,1180,442,0,0,0,1,0,0,4,1924,3825,ITI,ITI1,9,Toscana,Toscana,3729641,918982,24.64,0.15
689,2021-02-02,TOS,3742,1475,2267,3021,283,422,0,0,0,6,0,6,4,195,3547,ITI,ITI1,9,Toscana,Toscana,3729641,922724,24.74,0.1
690,2021-02-11,TOS,5383,2021,3362,2809,284,323,11,0,0,12,0,10,1934,5141,242,ITI,ITI1,9,Toscana,Toscana,3729641,928107,24.88,0.14
691,2021-04-10,TOS,11715,5345,6370,290,195,117,3,26,79,8129,2847,10,19,10969,746,ITI,ITI1,9,Toscana,Toscana,3729641,939822,25.2,0.31
692,2021-03-13,TOS,9274,3300,5974,2835,1697,68,3740,0,2,178,384,369,1,5312,3962,ITI,ITI1,9,Toscana,Toscana,3729641,949096,25.45,0.25
693,2021-01-18,TOS,1119,636,483,430,313,375,0,0,0,0,0,0,1,1021,98,ITI,ITI1,9,Toscana,Toscana,3729641,950215,25.48,0.03
694,2021-02-10,TOS,4263,1281,2982,3535,239,485,0,1,1,1,0,1,0,3740,523,ITI,ITI1,9,Toscana,Toscana,3729641,954478,25.59,0.11
695,2021-01-27,TOS,4834,1572,3262,4018,73,742,0,0,0,0,0,0,1,207,4627,ITI,ITI1,9,Toscana,Toscana,3729641,959312,25.72,0.13
696,2021-02-22,TOS,9818,4254,5564,3483,2235,316,2703,0,0,22,0,1058,1,9541,277,ITI,ITI1,9,Toscana,Toscana,3729641,969130,25.98,0.26
697,2021-04-15,TOS,24311,10163,14148,358,300,174,6,37,148,20248,2980,11,49,15801,8510,ITI,ITI1,9,Toscana,Toscana,3729641,993441,26.64,0.65
698,2021-01-06,TOS,4519,1459,3060,3984,9,525,0,0,0,0,0,0,1,4519,0,ITI,ITI1,9,Toscana,Toscana,3729641,997960,26.76,0.12
699,2021-03-29,TOS,9377,4579,4798,227,140,244,200,15,4855,774,2709,197,16,9053,324,ITI,ITI1,9,Toscana,Toscana,3729641,1007337,27.01,0.25
700,2021-02-07,TOS,2806,953,1853,2349,299,157,0,0,0,0,0,0,1,885,1921,ITI,ITI1,9,Toscana,Toscana,3729641,1010143,27.08,0.08
701,2021-01-01,TOS,2369,787,1582,1715,2,650,0,0,0,2,0,0,0,2369,0,ITI,ITI1,9,Toscana,Toscana,3729641,1012512,27.15,0.06
702,2021-01-08,TOS,5944,1641,4303,5360,36,545,0,0,0,0,0,0,3,5944,0,ITI,ITI1,9,Toscana,Toscana,3729641,1018456,27.31,0.16
703,2021-03-05,TOS,16466,6319,10147,3921,1684,170,3871,0,2,5297,656,861,4,11726,4740,ITI,ITI1,9,Toscana,Toscana,3729641,1034922,27.75,0.44
704,2021-01-05,TOS,5249,1755,3494,4354,15,878,0,0,0,0,0,0,2,5249,0,ITI,ITI1,9,Toscana,Toscana,3729641,1040171,27.89,0.14
705,2021-01-12,TOS,3581,1398,2183,2944,282,354,0,0,0,0,0,0,1,3581,0,ITI,ITI1,9,Toscana,Toscana,3729641,1043752,27.99,0.1
706,2021-02-08,TOS,4097,1360,2737,3373,343,377,0,0,0,2,0,0,2,3638,459,ITI,ITI1,9,Toscana,Toscana,3729641,1047849,28.1,0.11
707,2021-01-30,TOS,4622,1622,3000,3765,218,638,0,0,0,0,0,0,1,198,4424,ITI,ITI1,9,Toscana,Toscana,3729641,1052471,28.22,0.12
708,2021-04-20,TOS,18136,8099,10037,225,295,70,3,36,7071,6513,3896,3,24,12574,5562,ITI,ITI1,9,Toscana,Toscana,3729641,1070607,28.71,0.49
709,2021-01-29,TOS,6136,1698,4438,5375,138,622,0,0,0,0,0,0,1,302,5834,ITI,ITI1,9,Toscana,Toscana,3729641,1076743,28.87,0.16
710,2021-03-12,TOS,16508,6216,10292,2612,1587,303,3922,3,4,7033,302,728,14,12980,3528,ITI,ITI1,9,Toscana,Toscana,3729641,1093251,29.31,0.44
711,2021-03-21,TOS,3232,1574,1658,660,796,77,12,0,1245,274,160,6,2,1799,1433,ITI,ITI1,9,Toscana,Toscana,3729641,1096483,29.4,0.09
712,2021-04-28,TOS,18983,8141,10842,413,362,19,6,56,159,13941,3913,30,84,3811,15172,ITI,ITI1,9,Toscana,Toscana,3729641,1115466,29.91,0.51
713,2021-03-10,TOS,17977,7046,10931,3006,851,271,14,3,3,12284,1317,217,11,13960,4017,ITI,ITI1,9,Toscana,Toscana,3729641,1133443,30.39,0.48
714,2021-02-19,TOS,8286,2947,5339,2967,1207,245,3105,0,0,154,1,605,2,7779,507,ITI,ITI1,9,Toscana,Toscana,3729641,1141729,30.61,0.22
715,2020-12-27,TOS,620,267,353,460,10,13,0,23,4,5,0,0,105,620,0,ITI,ITI1,9,Toscana,Toscana,3729641,1142349,30.63,0.02
716,2020-12-30,TOS,327,104,223,34,10,283,0,0,0,0,0,0,0,327,0,ITI,ITI1,9,Toscana,Toscana,3729641,1142676,30.64,0.01
717,2021-03-16,TOS,4899,1881,3018,1551,427,124,16,1,5,2116,643,13,3,2656,2243,ITI,ITI1,9,Toscana,Toscana,3729641,1147575,30.77,0.13
718,2021-03-06,TOS,7095,2838,4257,3803,657,145,1146,0,2,30,918,394,0,2904,4191,ITI,ITI1,9,Toscana,Toscana,3729641,1154670,30.96,0.19
719,2021-04-30,TOS,35917,16021,19896,269,96,96,2,92,13125,14880,7229,36,92,19360,16557,ITI,ITI1,9,Toscana,Toscana,3729641,1190587,31.92,0.96
720,2021-04-21,TOS,29514,12626,16888,297,283,76,2,131,7377,16753,4461,16,118,17437,12077,ITI,ITI1,9,Toscana,Toscana,3729641,1220101,32.71,0.79
721,2021-03-14,TOS,7207,2574,4633,3104,1195,122,2476,0,1,44,26,239,0,3272,3935,ITI,ITI1,9,Toscana,Toscana,3729641,1227308,32.91,0.19
722,2021-02-09,TOS,4488,1468,3020,3582,386,514,0,0,0,4,0,0,2,3877,611,ITI,ITI1,9,Toscana,Toscana,3729641,1231796,33.03,0.12
723,2021-03-17,TOS,11415,4584,6831,364,327,189,2,5,8,9766,740,2,12,6887,4528,ITI,ITI1,9,Toscana,Toscana,3729641,1243211,33.33,0.31
724,2021-02-14,TOS,8996,2567,6429,3033,549,81,8,2,1,0,0,261,5061,8886,110,ITI,ITI1,9,Toscana,Toscana,3729641,1252207,33.57,0.24
725,2021-04-27,TOS,10259,4866,5393,332,346,39,1,47,342,3944,5165,2,41,3844,6415,ITI,ITI1,9,Toscana,Toscana,3729641,1262466,33.85,0.28
726,2021-01-26,TOS,5393,1792,3601,4358,81,951,0,0,0,0,0,0,3,220,5173,ITI,ITI1,9,Toscana,Toscana,3729641,1267859,33.99,0.14
727,2020-12-31,TOS,805,202,603,97,10,698,0,0,0,0,0,0,0,805,0,ITI,ITI1,9,Toscana,Toscana,3729641,1268664,34.02,0.02
728,2021-01-07,LIG,3230,1095,2135,2340,316,466,4,18,5,0,0,1,80,3230,0,ITC,ITC3,7,Liguria,Liguria,1550640,3230,0.21,0.21
729,2021-01-08,LIG,2926,999,1927,2083,343,431,4,12,0,0,0,1,52,2926,0,ITC,ITC3,7,Liguria,Liguria,1550640,6156,0.4,0.19
730,2021-02-18,LIG,2762,1126,1636,958,195,350,2,22,7,1006,35,0,187,2431,331,ITC,ITC3,7,Liguria,Liguria,1550640,8918,0.58,0.18
731,2021-02-19,LIG,3098,1280,1818,990,246,97,3,39,22,1450,0,4,247,2922,176,ITC,ITC3,7,Liguria,Liguria,1550640,12016,0.77,0.2
732,2021-04-28,LIG,14389,6500,7889,275,181,85,332,3099,4038,3106,2864,59,350,6415,7974,ITC,ITC3,7,Liguria,Liguria,1550640,26405,1.7,0.93
733,2021-04-10,LIG,7620,3458,4162,215,90,34,9,172,3944,1327,1616,6,207,6942,678,ITC,ITC3,7,Liguria,Liguria,1550640,34025,2.19,0.49
734,2021-02-11,LIG,1963,761,1202,1241,230,456,6,2,1,0,4,0,23,1094,869,ITC,ITC3,7,Liguria,Liguria,1550640,35988,2.32,0.13
735,2021-03-13,LIG,3576,1517,2059,332,120,71,790,100,45,1533,11,179,395,2722,854,ITC,ITC3,7,Liguria,Liguria,1550640,39564,2.55,0.23
736,2021-01-18,LIG,2133,744,1389,1251,384,438,10,12,5,1,0,0,32,1976,157,ITC,ITC3,7,Liguria,Liguria,1550640,41697,2.69,0.14
737,2021-02-22,LIG,3330,1463,1867,713,104,236,2,2,13,2236,0,7,17,3192,138,ITC,ITC3,7,Liguria,Liguria,1550640,45027,2.9,0.21
738,2021-03-16,LIG,6069,2719,3350,935,176,324,6,35,77,4275,142,14,85,2349,3720,ITC,ITC3,7,Liguria,Liguria,1550640,51096,3.3,0.39
739,2020-12-29,LIG,125,33,92,93,11,21,0,0,0,0,0,0,0,125,0,ITC,ITC3,7,Liguria,Liguria,1550640,51221,3.3,0.01
740,2021-03-26,LIG,9122,3854,5268,602,325,65,1297,221,265,3896,1840,377,234,5968,3154,ITC,ITC3,7,Liguria,Liguria,1550640,60343,3.89,0.59
741,2021-03-12,LIG,6032,2771,3261,1208,459,84,4,77,79,3385,53,590,93,3563,2469,ITC,ITC3,7,Liguria,Liguria,1550640,66375,4.28,0.39
742,2021-04-02,LIG,11657,5110,6547,434,225,40,905,355,3176,3623,2464,139,296,9171,2486,ITC,ITC3,7,Liguria,Liguria,1550640,78032,5.03,0.75
743,2021-01-16,LIG,1278,557,721,753,196,299,1,4,2,0,1,0,22,1278,0,ITC,ITC3,7,Liguria,Liguria,1550640,79310,5.11,0.08
744,2021-04-04,LIG,756,366,390,30,0,0,0,36,64,325,222,0,79,507,249,ITC,ITC3,7,Liguria,Liguria,1550640,80066,5.16,0.05
745,2021-01-01,LIG,144,55,89,139,5,0,0,0,0,0,0,0,0,144,0,ITC,ITC3,7,Liguria,Liguria,1550640,80210,5.17,0.01
746,2021-01-05,LIG,2879,896,1983,2308,240,261,7,7,1,17,0,0,38,2879,0,ITC,ITC3,7,Liguria,Liguria,1550640,83089,5.36,0.19
747,2021-04-01,LIG,12376,5467,6909,437,239,141,939,345,3489,3710,2546,188,342,9606,2770,ITC,ITC3,7,Liguria,Liguria,1550640,95465,6.16,0.8
748,2021-01-20,LIG,1549,554,995,727,332,480,2,0,2,0,0,0,6,1537,12,ITC,ITC3,7,Liguria,Liguria,1550640,97014,6.26,0.1
749,2021-04-03,LIG,5403,2497,2906,116,79,3,19,136,2417,1395,1124,9,105,4461,942,ITC,ITC3,7,Liguria,Liguria,1550640,102417,6.6,0.35
750,2021-01-15,LIG,2254,753,1501,1326,349,517,2,8,1,2,1,0,48,2254,0,ITC,ITC3,7,Liguria,Liguria,1550640,104671,6.75,0.15
751,2021-01-06,LIG,1660,616,1044,1230,142,113,3,36,10,65,0,0,61,1660,0,ITC,ITC3,7,Liguria,Liguria,1550640,106331,6.86,0.11
752,2021-01-10,LIG,648,262,386,369,101,176,0,1,0,0,0,0,1,648,0,ITC,ITC3,7,Liguria,Liguria,1550640,106979,6.9,0.04
753,2021-02-02,LIG,2668,1005,1663,1974,216,464,2,2,0,0,0,0,10,134,2534,ITC,ITC3,7,Liguria,Liguria,1550640,109647,7.07,0.17
754,2021-04-07,LIG,13455,5972,7483,433,296,108,574,491,4244,4165,2632,150,362,11296,2159,ITC,ITC3,7,Liguria,Liguria,1550640,123102,7.94,0.87
755,2021-01-28,LIG,2841,969,1872,2239,270,310,5,0,0,1,0,1,15,39,2802,ITC,ITC3,7,Liguria,Liguria,1550640,125943,8.12,0.18
756,2021-01-02,LIG,691,245,446,595,95,0,0,0,0,0,0,0,1,691,0,ITC,ITC3,7,Liguria,Liguria,1550640,126634,8.17,0.04
757,2021-04-09,LIG,12233,5488,6745,530,353,79,581,440,4131,3505,2241,61,312,10625,1608,ITC,ITC3,7,Liguria,Liguria,1550640,138867,8.96,0.79
758,2021-01-11,LIG,2654,990,1664,1992,314,315,1,7,0,0,1,0,24,2654,0,ITC,ITC3,7,Liguria,Liguria,1550640,141521,9.13,0.17
759,2021-01-14,LIG,2982,1056,1926,1872,524,553,1,5,0,0,0,2,25,2982,0,ITC,ITC3,7,Liguria,Liguria,1550640,144503,9.32,0.19
760,2021-03-03,LIG,4578,1846,2732,1039,202,308,4,4,5,2982,0,4,30,3555,1023,ITC,ITC3,7,Liguria,Liguria,1550640,149081,9.61,0.3
761,2021-01-09,LIG,1335,481,854,999,131,188,2,4,0,0,0,1,10,1335,0,ITC,ITC3,7,Liguria,Liguria,1550640,150416,9.7,0.09
762,2021-02-16,LIG,2393,950,1443,982,238,283,2,19,4,704,12,0,149,2000,393,ITC,ITC3,7,Liguria,Liguria,1550640,152809,9.85,0.15
763,2021-04-18,LIG,2604,1160,1444,217,93,44,1,19,825,520,879,0,6,2135,469,ITC,ITC3,7,Liguria,Liguria,1550640,155413,10.02,0.17
764,2021-04-24,LIG,8154,3780,4374,137,116,58,4,1877,2563,1276,1899,8,216,5002,3152,ITC,ITC3,7,Liguria,Liguria,1550640,163567,10.55,0.53
765,2021-04-29,LIG,15426,6934,8492,554,224,84,524,3457,4690,2913,2619,82,279,6669,8757,ITC,ITC3,7,Liguria,Liguria,1550640,178993,11.54,0.99
766,2021-02-10,LIG,2297,834,1463,1354,391,513,5,6,2,5,0,0,21,1015,1282,ITC,ITC3,7,Liguria,Liguria,1550640,181290,11.69,0.15
767,2021-01-31,LIG,624,270,354,418,71,135,0,0,0,0,0,0,0,9,615,ITC,ITC3,7,Liguria,Liguria,1550640,181914,11.73,0.04
768,2021-02-20,LIG,1335,636,699,160,107,122,0,34,5,589,0,4,314,1334,1,ITC,ITC3,7,Liguria,Liguria,1550640,183249,11.82,0.09
769,2021-01-21,LIG,1102,385,717,584,159,332,0,2,2,1,0,0,22,672,430,ITC,ITC3,7,Liguria,Liguria,1550640,184351,11.89,0.07
770,2021-02-23,LIG,3804,1559,2245,687,163,116,1,5,5,2749,42,4,32,3695,109,ITC,ITC3,7,Liguria,Liguria,1550640,188155,12.13,0.25
771,2021-02-26,LIG,3760,1521,2239,782,147,168,2,16,26,2604,0,0,15,3433,327,ITC,ITC3,7,Liguria,Liguria,1550640,191915,12.38,0.24
772,2021-04-30,LIG,11634,5193,6441,286,148,21,461,2110,3611,2477,2248,46,226,4252,7382,ITC,ITC3,7,Liguria,Liguria,1550640,203549,13.13,0.75
773,2021-04-11,LIG,4236,1928,2308,66,57,24,73,67,2107,624,1169,10,39,3987,249,ITC,ITC3,7,Liguria,Liguria,1550640,207785,13.4,0.27
774,2021-02-13,LIG,1080,508,572,543,80,148,0,0,0,257,0,2,50,800,280,ITC,ITC3,7,Liguria,Liguria,1550640,208865,13.47,0.07
775,2021-02-24,LIG,3759,1558,2201,804,193,153,1,2,6,2581,1,0,18,3501,258,ITC,ITC3,7,Liguria,Liguria,1550640,212624,13.71,0.24
776,2021-03-20,LIG,2316,995,1321,224,81,0,0,12,44,1857,12,67,19,1142,1174,ITC,ITC3,7,Liguria,Liguria,1550640,214940,13.86,0.15
777,2021-02-17,LIG,2623,1164,1459,883,202,261,1,15,8,1121,0,8,124,2261,362,ITC,ITC3,7,Liguria,Liguria,1550640,217563,14.03,0.17
778,2021-03-06,LIG,3302,1841,1461,377,151,120,1,58,6,1537,0,559,493,2597,705,ITC,ITC3,7,Liguria,Liguria,1550640,220865,14.24,0.21
779,2021-01-25,LIG,2717,888,1829,2208,175,317,2,5,1,0,0,0,9,471,2246,ITC,ITC3,7,Liguria,Liguria,1550640,223582,14.42,0.18
780,2021-04-12,LIG,12235,5409,6826,528,224,111,45,539,4157,4086,2150,68,327,10335,1900,ITC,ITC3,7,Liguria,Liguria,1550640,235817,15.21,0.79
781,2021-02-12,LIG,1919,687,1232,871,203,394,1,2,1,431,0,7,9,898,1021,ITC,ITC3,7,Liguria,Liguria,1550640,237736,15.33,0.12
782,2021-03-10,LIG,5756,2782,2974,823,352,95,1,23,28,3634,43,610,147,3853,1903,ITC,ITC3,7,Liguria,Liguria,1550640,243492,15.7,0.37
783,2021-04-22,LIG,13808,6190,7618,530,166,50,534,2714,3376,3002,2957,135,344,8744,5064,ITC,ITC3,7,Liguria,Liguria,1550640,257300,16.59,0.89
784,2021-03-27,LIG,3920,1538,2382,176,175,36,706,26,89,2057,502,92,61,2525,1395,ITC,ITC3,7,Liguria,Liguria,1550640,261220,16.85,0.25
785,2021-03-31,LIG,11843,5207,6636,527,179,103,879,352,2610,4217,2445,219,312,9073,2770,ITC,ITC3,7,Liguria,Liguria,1550640,273063,17.61,0.76
786,2021-04-08,LIG,13588,6096,7492,686,322,109,651,461,4351,3809,2786,76,337,11664,1924,ITC,ITC3,7,Liguria,Liguria,1550640,286651,18.49,0.88
787,2021-03-02,LIG,4072,1687,2385,726,93,76,4,8,16,3088,42,3,16,3762,310,ITC,ITC3,7,Liguria,Liguria,1550640,290723,18.75,0.26
788,2021-03-01,LIG,3500,1427,2073,528,81,106,1,4,6,2751,0,0,23,3378,122,ITC,ITC3,7,Liguria,Liguria,1550640,294223,18.97,0.23
789,2021-03-30,LIG,12144,5378,6766,484,255,152,850,317,2406,4296,2815,280,289,8755,3389,ITC,ITC3,7,Liguria,Liguria,1550640,306367,19.76,0.78
790,2021-03-08,LIG,5621,2456,3165,1123,319,80,7,35,15,3570,11,384,77,3934,1687,ITC,ITC3,7,Liguria,Liguria,1550640,311988,20.12,0.36
791,2021-04-17,LIG,7283,3189,4094,177,153,106,4,1234,2623,1493,1320,8,165,6551,732,ITC,ITC3,7,Liguria,Liguria,1550640,319271,20.59,0.47
792,2021-03-17,LIG,5551,2368,3183,782,156,93,8,20,74,4258,109,4,47,2474,3077,ITC,ITC3,7,Liguria,Liguria,1550640,324822,20.95,0.36
793,2021-02-04,LIG,2814,985,1829,1866,460,471,8,0,0,0,0,1,8,179,2635,ITC,ITC3,7,Liguria,Liguria,1550640,327636,21.13,0.18
794,2021-01-23,LIG,809,295,514,633,129,43,1,2,1,0,0,0,0,153,656,ITC,ITC3,7,Liguria,Liguria,1550640,328445,21.18,0.05
795,2021-04-06,LIG,13044,5807,7237,543,269,208,553,376,4063,4029,2491,134,378,10924,2120,ITC,ITC3,7,Liguria,Liguria,1550640,341489,22.02,0.84
796,2021-02-15,LIG,2260,838,1422,1087,217,241,2,13,1,663,0,1,35,1863,397,ITC,ITC3,7,Liguria,Liguria,1550640,343749,22.17,0.15
797,2021-02-28,LIG,1060,581,479,12,2,4,0,63,7,474,0,0,498,1051,9,ITC,ITC3,7,Liguria,Liguria,1550640,344809,22.24,0.07
798,2020-12-30,LIG,12,5,7,12,0,0,0,0,0,0,0,0,0,12,0,ITC,ITC3,7,Liguria,Liguria,1550640,344821,22.24,0.0
799,2021-02-09,LIG,1906,684,1222,1089,325,455,22,2,0,0,0,0,13,256,1650,ITC,ITC3,7,Liguria,Liguria,1550640,346727,22.36,0.12
800,2021-03-22,LIG,7535,3340,4195,579,192,83,877,122,95,3969,1107,370,141,4602,2933,ITC,ITC3,7,Liguria,Liguria,1550640,354262,22.85,0.49
801,2021-01-17,LIG,861,300,561,516,30,262,1,4,2,0,0,0,46,861,0,ITC,ITC3,7,Liguria,Liguria,1550640,355123,22.9,0.06
802,2021-04-26,LIG,10403,4888,5515,350,110,123,3,3406,2501,1365,2328,58,159,7784,2619,ITC,ITC3,7,Liguria,Liguria,1550640,365526,23.57,0.67
803,2021-02-07,LIG,407,153,254,191,18,187,0,0,0,0,9,0,2,2,405,ITC,ITC3,7,Liguria,Liguria,1550640,365933,23.6,0.03
804,2021-03-11,LIG,6227,2998,3229,1145,170,262,2,42,39,3680,90,720,77,4222,2005,ITC,ITC3,7,Liguria,Liguria,1550640,372160,24.0,0.4
805,2021-04-05,LIG,3976,1751,2225,188,44,10,10,141,921,2211,338,5,108,2327,1649,ITC,ITC3,7,Liguria,Liguria,1550640,376136,24.26,0.26
806,2021-01-04,LIG,2616,854,1762,2198,158,176,3,22,3,0,1,0,55,2616,0,ITC,ITC3,7,Liguria,Liguria,1550640,378752,24.43,0.17
807,2021-04-25,LIG,1936,921,1015,12,2,0,0,676,739,162,340,0,5,1521,415,ITC,ITC3,7,Liguria,Liguria,1550640,380688,24.55,0.12
808,2021-04-23,LIG,14588,6619,7969,352,220,72,544,3314,3468,3261,2978,90,289,8502,6086,ITC,ITC3,7,Liguria,Liguria,1550640,395276,25.49,0.94
809,2020-12-31,LIG,989,354,635,751,34,155,0,4,10,28,0,0,7,989,0,ITC,ITC3,7,Liguria,Liguria,1550640,396265,25.55,0.06
810,2021-03-15,LIG,7300,3074,4226,819,338,106,962,126,83,3781,628,304,153,4597,2703,ITC,ITC3,7,Liguria,Liguria,1550640,403565,26.03,0.47
811,2021-02-21,LIG,869,491,378,183,21,102,0,38,4,267,0,0,254,865,4,ITC,ITC3,7,Liguria,Liguria,1550640,404434,26.08,0.06
812,2021-02-06,LIG,1891,767,1124,1309,186,375,1,0,1,0,0,0,19,145,1746,ITC,ITC3,7,Liguria,Liguria,1550640,406325,26.2,0.12
813,2021-01-13,LIG,2755,1013,1742,1913,307,487,4,8,7,1,0,0,28,2755,0,ITC,ITC3,7,Liguria,Liguria,1550640,409080,26.38,0.18
814,2021-04-13,LIG,12918,5795,7123,513,227,111,103,592,4635,4240,2137,88,272,11012,1906,ITC,ITC3,7,Liguria,Liguria,1550640,421998,27.21,0.83
815,2021-01-03,LIG,734,230,504,658,62,0,1,2,0,0,0,0,11,734,0,ITC,ITC3,7,Liguria,Liguria,1550640,422732,27.26,0.05
816,2021-04-16,LIG,11937,5263,6674,489,249,113,42,1845,3422,3450,2031,77,219,10137,1800,ITC,ITC3,7,Liguria,Liguria,1550640,434669,28.03,0.77
817,2021-01-19,LIG,1366,435,931,716,312,328,3,1,0,0,0,0,6,1276,90,ITC,ITC3,7,Liguria,Liguria,1550640,436035,28.12,0.09
818,2021-01-30,LIG,1661,567,1094,1261,121,257,2,6,0,0,0,0,14,25,1636,ITC,ITC3,7,Liguria,Liguria,1550640,437696,28.23,0.11
819,2021-04-20,LIG,14218,6505,7713,460,131,171,378,3174,3312,3466,2790,18,318,9869,4349,ITC,ITC3,7,Liguria,Liguria,1550640,451914,29.14,0.92
820,2021-02-05,LIG,2673,986,1687,1743,417,494,4,1,1,0,0,0,13,304,2369,ITC,ITC3,7,Liguria,Liguria,1550640,454587,29.32,0.17
821,2021-02-03,LIG,2315,791,1524,1626,225,416,1,7,4,0,0,0,36,55,2260,ITC,ITC3,7,Liguria,Liguria,1550640,456902,29.47,0.15
822,2021-02-25,LIG,3442,1348,2094,551,135,88,1,7,2,2586,42,2,28,3313,129,ITC,ITC3,7,Liguria,Liguria,1550640,460344,29.69,0.22
823,2020-12-28,LIG,80,30,50,77,0,0,0,1,0,1,0,0,1,80,0,ITC,ITC3,7,Liguria,Liguria,1550640,460424,29.69,0.01
824,2021-01-24,LIG,756,237,519,632,61,60,0,0,0,0,0,0,3,113,643,ITC,ITC3,7,Liguria,Liguria,1550640,461180,29.74,0.05
825,2021-03-25,LIG,9521,4053,5468,649,265,172,1614,151,259,3680,2059,524,148,6130,3391,ITC,ITC3,7,Liguria,Liguria,1550640,470701,30.36,0.61
826,2021-03-24,LIG,8798,3774,5024,523,236,103,1337,154,140,4226,1369,555,155,5510,3288,ITC,ITC3,7,Liguria,Liguria,1550640,479499,30.92,0.57
827,2021-03-07,LIG,1858,1085,773,184,200,258,1,29,3,509,0,405,269,1557,301,ITC,ITC3,7,Liguria,Liguria,1550640,481357,31.04,0.12
828,2021-03-23,LIG,8909,4022,4887,663,222,126,1311,147,103,3934,1657,583,163,5699,3210,ITC,ITC3,7,Liguria,Liguria,1550640,490266,31.62,0.57
829,2021-04-14,LIG,12869,5596,7273,458,292,125,61,567,4736,4221,2127,38,244,10787,2082,ITC,ITC3,7,Liguria,Liguria,1550640,503135,32.45,0.83
830,2020-12-27,LIG,135,56,79,88,0,45,0,0,0,0,0,0,2,135,0,ITC,ITC3,7,Liguria,Liguria,1550640,503270,32.46,0.01
831,2021-01-27,LIG,1744,603,1141,1337,169,226,1,0,0,0,0,0,11,141,1603,ITC,ITC3,7,Liguria,Liguria,1550640,505014,32.57,0.11
832,2021-04-19,LIG,12808,5618,7190,551,168,101,247,2652,2940,3339,2551,35,224,9002,3806,ITC,ITC3,7,Liguria,Liguria,1550640,517822,33.39,0.83
833,2021-03-04,LIG,4735,2117,2618,921,171,289,4,3,8,2922,42,327,48,3891,844,ITC,ITC3,7,Liguria,Liguria,1550640,522557,33.7,0.31
834,2021-03-09,LIG,5807,2702,3105,1031,324,132,0,51,45,3466,42,630,86,4381,1426,ITC,ITC3,7,Liguria,Liguria,1550640,528364,34.07,0.37
835,2021-03-14,LIG,1658,752,906,66,68,176,431,70,13,577,3,52,202,1054,604,ITC,ITC3,7,Liguria,Liguria,1550640,530022,34.18,0.11
836,2021-04-21,LIG,14220,6419,7801,517,195,61,498,2662,3508,3661,2753,78,287,8897,5323,ITC,ITC3,7,Liguria,Liguria,1550640,544242,35.1,0.92
837,2021-02-14,LIG,233,122,111,31,0,112,0,0,0,60,0,0,30,233,0,ITC,ITC3,7,Liguria,Liguria,1550640,544475,35.11,0.02
838,2021-04-27,LIG,14659,6648,8011,319,169,87,320,3768,3737,3250,2719,42,248,7098,7561,ITC,ITC3,7,Liguria,Liguria,1550640,559134,36.06,0.95
839,2021-01-26,LIG,2484,803,1681,1965,253,252,5,1,0,0,1,0,7,13,2471,ITC,ITC3,7,Liguria,Liguria,1550640,561618,36.22,0.16
840,2021-03-29,LIG,10441,4511,5930,467,259,119,884,255,1566,3962,2396,205,328,7311,3130,ITC,ITC3,7,Liguria,Liguria,1550640,572059,36.89,0.67
841,2021-01-12,LIG,2460,886,1574,1750,250,439,2,2,1,0,0,1,15,2460,0,ITC,ITC3,7,Liguria,Liguria,1550640,574519,37.05,0.16
842,2021-03-28,LIG,1142,511,631,135,92,145,0,25,86,532,86,2,39,391,751,ITC,ITC3,7,Liguria,Liguria,1550640,575661,37.12,0.07
843,2021-02-01,LIG,2552,917,1635,1946,202,380,1,6,0,0,1,0,16,85,2467,ITC,ITC3,7,Liguria,Liguria,1550640,578213,37.29,0.16
844,2021-04-15,LIG,11794,5215,6579,485,257,138,58,485,4037,3655,2401,76,202,9999,1795,ITC,ITC3,7,Liguria,Liguria,1550640,590007,38.05,0.76
845,2021-02-08,LIG,1977,742,1235,1256,367,311,7,11,4,1,0,0,20,306,1671,ITC,ITC3,7,Liguria,Liguria,1550640,591984,38.18,0.13
846,2021-03-19,LIG,5291,2232,3059,734,202,137,83,54,80,3699,165,88,49,2159,3132,ITC,ITC3,7,Liguria,Liguria,1550640,597275,38.52,0.34
847,2021-03-21,LIG,552,221,331,7,3,0,0,0,13,525,1,0,3,69,483,ITC,ITC3,7,Liguria,Liguria,1550640,597827,38.55,0.04
848,2021-01-29,LIG,3077,1064,2013,2312,300,441,2,4,0,0,0,0,18,67,3010,ITC,ITC3,7,Liguria,Liguria,1550640,600904,38.75,0.2
849,2021-02-27,LIG,1888,921,967,139,18,5,0,61,0,1205,0,0,460,1759,129,ITC,ITC3,7,Liguria,Liguria,1550640,602792,38.87,0.12
850,2021-01-22,LIG,1814,603,1211,1065,175,565,0,2,0,1,1,0,5,1328,486,ITC,ITC3,7,Liguria,Liguria,1550640,604606,38.99,0.12
851,2021-03-18,LIG,4980,2123,2857,634,87,98,5,63,80,3691,219,6,97,2009,2971,ITC,ITC3,7,Liguria,Liguria,1550640,609586,39.31,0.32
852,2021-03-05,LIG,4863,2148,2715,796,221,81,5,5,8,3339,6,365,37,3737,1126,ITC,ITC3,7,Liguria,Liguria,1550640,614449,39.63,0.31
853,2020-12-31,EMR,2205,777,1428,1676,96,328,0,9,5,13,0,0,78,2205,0,ITH,ITH5,8,Emilia-Romagna,Emilia-Romagna,4459477,2205,0.05,0.05
854,2021-04-12,EMR,19053,8920,10133,438,169,304,62,392,4513,6643,6400,95,37,14654,4399,ITH,ITH5,8,Emilia-Romagna,Emilia-Romagna,4459477,21258,0.48,0.43
855,2021-02-07,EMR,4790,1535,3255,3687,565,446,3,8,1,10,0,0,70,1729,3061,ITH,ITH5,8,Emilia-Romagna,Emilia-Romagna,4459477,26048,0.58,0.11
856,2021-03-28,EMR,12646,5636,7010,277,139,48,326,60,3969,4848,2659,246,74,9158,3488,ITH,ITH5,8,Emilia-Romagna,Emilia-Romagna,4459477,38694,0.87,0.28
857,2021-01-17,EMR,2890,887,2003,1914,378,547,4,14,5,2,0,0,26,2644,246,ITH,ITH5,8,Emilia-Romagna,Emilia-Romagna,4459477,41584,0.93,0.06
858,2021-03-19,EMR,15295,6637,8658,1124,555,118,338,79,844,10490,906,713,128,7534,7761,ITH,ITH5,8,Emilia-Romagna,Emilia-Romagna,4459477,56879,1.28,0.34
859,2021-04-26,EMR,27507,12777,14730,873,244,80,17,1252,8819,5543,10396,136,147,18370,9137,ITH,ITH5,8,Emilia-Romagna,Emilia-Romagna,4459477,84386,1.89,0.62
860,2021-03-20,EMR,16037,6808,9229,702,385,98,832,57,2957,9339,941,572,154,9103,6934,ITH,ITH5,8,Emilia-Romagna,Emilia-Romagna,4459477,100423,2.25,0.36
861,2021-04-06,EMR,24578,11097,13481,639,205,187,410,241,5959,11501,5202,86,148,19847,4731,ITH,ITH5,8,Emilia-Romagna,Emilia-Romagna,4459477,125001,2.8,0.55
862,2021-03-05,EMR,17628,5736,11892,3087,855,272,5942,59,40,6397,109,544,323,14191,3437,ITH,ITH5,8,Emilia-Romagna,Emilia-Romagna,4459477,142629,3.2,0.4
863,2021-01-11,EMR,9331,3269,6062,6579,1347,1267,0,25,5,4,0,0,104,9331,0,ITH,ITH5,8,Emilia-Romagna,Emilia-Romagna,4459477,151960,3.41,0.21
864,2021-01-25,EMR,6435,2137,4298,5252,317,679,0,21,2,3,0,0,161,201,6234,ITH,ITH5,8,Emilia-Romagna,Emilia-Romagna,4459477,158395,3.55,0.14
865,2021-04-11,EMR,15100,6857,8243,405,135,104,59,353,2367,6815,4671,77,114,12070,3030,ITH,ITH5,8,Emilia-Romagna,Emilia-Romagna,4459477,173495,3.89,0.34
866,2021-01-30,EMR,10075,3518,6557,7566,1400,801,0,45,5,2,0,0,256,142,9933,ITH,ITH5,8,Emilia-Romagna,Emilia-Romagna,4459477,183570,4.12,0.23
867,2021-01-21,EMR,2155,727,1428,1286,156,653,0,9,1,0,0,0,50,810,1345,ITH,ITH5,8,Emilia-Romagna,Emilia-Romagna,4459477,185725,4.16,0.05
868,2021-04-17,EMR,26950,12893,14057,390,148,66,57,352,8427,4204,13222,23,61,17680,9270,ITH,ITH5,8,Emilia-Romagna,Emilia-Romagna,4459477,212675,4.77,0.6
869,2021-03-10,EMR,18669,7649,11020,1315,586,143,4540,28,66,10045,284,1594,68,13030,5639,ITH,ITH5,8,Emilia-Romagna,Emilia-Romagna,4459477,231344,5.19,0.42
870,2021-04-18,EMR,17371,8326,9045,264,163,152,26,212,6248,2343,7928,14,21,12508,4863,ITH,ITH5,8,Emilia-Romagna,Emilia-Romagna,4459477,248715,5.58,0.39
871,2021-03-06,EMR,20545,5865,14680,2715,412,49,10392,65,46,5920,111,565,270,17821,2724,ITH,ITH5,8,Emilia-Romagna,Emilia-Romagna,4459477,269260,6.04,0.46
872,2021-04-22,EMR,28853,13356,15497,563,133,146,41,278,8345,8354,10943,13,37,14871,13982,ITH,ITH5,8,Emilia-Romagna,Emilia-Romagna,4459477,298113,6.68,0.65
873,2021-04-04,EMR,9883,4718,5165,187,113,0,58,146,1631,4658,2873,54,163,7614,2269,ITH,ITH5,8,Emilia-Romagna,Emilia-Romagna,4459477,307996,6.91,0.22
874,2021-03-16,EMR,12216,5012,7204,418,93,116,123,34,113,10889,392,9,29,4934,7282,ITH,ITH5,8,Emilia-Romagna,Emilia-Romagna,4459477,320212,7.18,0.27
875,2021-01-22,EMR,1828,477,1351,942,66,722,0,19,1,10,0,0,68,1088,740,ITH,ITH5,8,Emilia-Romagna,Emilia-Romagna,4459477,322040,7.22,0.04
876,2021-04-21,EMR,23672,10847,12825,382,89,79,48,202,7832,6700,8315,7,18,14054,9618,ITH,ITH5,8,Emilia-Romagna,Emilia-Romagna,4459477,345712,7.75,0.53
877,2021-04-13,EMR,23417,10980,12437,467,143,187,51,345,10324,6096,5683,50,71,19170,4247,ITH,ITH5,8,Emilia-Romagna,Emilia-Romagna,4459477,369129,8.28,0.53
878,2021-02-02,EMR,9474,3047,6427,6240,1347,1632,1,27,4,127,6,0,90,526,8948,ITH,ITH5,8,Emilia-Romagna,Emilia-Romagna,4459477,378603,8.49,0.21
879,2021-03-14,EMR,8690,3742,4948,729,212,69,926,16,66,5528,650,407,87,4895,3795,ITH,ITH5,8,Emilia-Romagna,Emilia-Romagna,4459477,387293,8.68,0.19
880,2021-01-31,EMR,7695,2761,4934,6174,1124,263,0,16,12,32,0,0,74,242,7453,ITH,ITH5,8,Emilia-Romagna,Emilia-Romagna,4459477,394988,8.86,0.17
881,2021-03-17,EMR,13692,5686,8006,361,137,108,19,52,399,11871,668,1,76,5864,7828,ITH,ITH5,8,Emilia-Romagna,Emilia-Romagna,4459477,408680,9.16,0.31
882,2021-01-06,EMR,8263,2943,5320,6853,641,648,0,13,9,44,0,1,54,8263,0,ITH,ITH5,8,Emilia-Romagna,Emilia-Romagna,4459477,416943,9.35,0.19
883,2021-04-03,EMR,19923,8758,11165,376,192,39,428,194,2855,10577,5081,76,105,16185,3738,ITH,ITH5,8,Emilia-Romagna,Emilia-Romagna,4459477,436866,9.8,0.45
884,2021-02-25,EMR,9226,3496,5730,799,187,157,95,47,41,7671,30,0,199,8271,955,ITH,ITH5,8,Emilia-Romagna,Emilia-Romagna,4459477,446092,10.0,0.21
885,2021-04-24,EMR,28498,13183,15315,498,249,37,37,382,7196,8576,11400,32,91,14314,14184,ITH,ITH5,8,Emilia-Romagna,Emilia-Romagna,4459477,474590,10.64,0.64
886,2021-01-26,EMR,8333,3000,5333,6608,537,1031,0,22,2,5,0,0,128,215,8118,ITH,ITH5,8,Emilia-Romagna,Emilia-Romagna,4459477,482923,10.83,0.19
887,2021-02-04,EMR,9928,3201,6727,6435,1464,1674,0,39,11,160,5,0,140,1251,8677,ITH,ITH5,8,Emilia-Romagna,Emilia-Romagna,4459477,492851,11.05,0.22
888,2021-04-27,EMR,29310,13528,15782,797,157,55,26,3302,7728,7045,9866,180,154,17088,12222,ITH,ITH5,8,Emilia-Romagna,Emilia-Romagna,4459477,522161,11.71,0.66
889,2021-03-15,EMR,13221,6058,7163,812,461,190,531,25,101,9158,812,1075,56,6726,6495,ITH,ITH5,8,Emilia-Romagna,Emilia-Romagna,4459477,535382,12.01,0.3
890,2021-03-29,EMR,21101,9391,11710,694,192,118,640,127,5484,9292,4245,204,105,16495,4606,ITH,ITH5,8,Emilia-Romagna,Emilia-Romagna,4459477,556483,12.48,0.47
891,2021-01-12,EMR,9409,3111,6298,6377,1182,1690,0,31,2,32,0,0,95,9409,0,ITH,ITH5,8,Emilia-Romagna,Emilia-Romagna,4459477,565892,12.69,0.21
892,2021-01-10,EMR,7130,2665,4465,5647,952,499,1,4,1,7,0,0,19,7130,0,ITH,ITH5,8,Emilia-Romagna,Emilia-Romagna,4459477,573022,12.85,0.16
893,2021-03-21,EMR,11905,5263,6642,566,356,114,587,31,2734,6115,802,495,105,7301,4604,ITH,ITH5,8,Emilia-Romagna,Emilia-Romagna,4459477,584927,13.12,0.27
894,2021-01-13,EMR,9070,2939,6131,6009,916,1744,1,39,12,91,0,0,258,9070,0,ITH,ITH5,8,Emilia-Romagna,Emilia-Romagna,4459477,593997,13.32,0.2
895,2021-04-23,EMR,29213,13647,15566,499,113,112,54,288,7127,8911,12059,20,30,14565,14648,ITH,ITH5,8,Emilia-Romagna,Emilia-Romagna,4459477,623210,13.97,0.66
896,2021-02-06,EMR,7598,2405,5193,5379,862,1221,0,13,4,51,0,1,67,2130,5468,ITH,ITH5,8,Emilia-Romagna,Emilia-Romagna,4459477,630808,14.15,0.17
897,2021-02-26,EMR,7836,2979,4857,1059,360,244,312,24,28,5595,60,0,154,6790,1046,ITH,ITH5,8,Emilia-Romagna,Emilia-Romagna,4459477,638644,14.32,0.18
898,2021-04-16,EMR,28620,13468,15152,612,149,89,71,366,10467,5800,10930,34,102,19864,8756,ITH,ITH5,8,Emilia-Romagna,Emilia-Romagna,4459477,667264,14.96,0.64
899,2021-02-05,EMR,9312,2965,6347,6216,1148,1611,1,19,9,223,3,0,82,1637,7675,ITH,ITH5,8,Emilia-Romagna,Emilia-Romagna,4459477,676576,15.17,0.21
900,2021-01-24,EMR,2443,885,1558,2080,93,249,0,5,1,0,0,0,15,299,2144,ITH,ITH5,8,Emilia-Romagna,Emilia-Romagna,4459477,679019,15.23,0.05
901,2021-04-02,EMR,23185,10435,12750,721,313,105,944,339,3797,10955,5696,227,88,18729,4456,ITH,ITH5,8,Emilia-Romagna,Emilia-Romagna,4459477,702204,15.75,0.52
902,2021-02-13,EMR,3623,1085,2538,2789,382,144,0,8,7,244,0,0,49,3025,598,ITH,ITH5,8,Emilia-Romagna,Emilia-Romagna,4459477,705827,15.83,0.08
903,2021-03-23,EMR,18684,8057,10627,1126,486,196,1361,80,3704,9340,1866,432,93,11998,6686,ITH,ITH5,8,Emilia-Romagna,Emilia-Romagna,4459477,724511,16.25,0.42
904,2021-03-04,EMR,16392,5338,11054,2611,604,254,5437,50,55,6405,163,511,302,13389,3003,ITH,ITH5,8,Emilia-Romagna,Emilia-Romagna,4459477,740903,16.61,0.37
905,2021-03-22,EMR,17449,7641,9808,1135,426,169,600,50,3597,9567,1245,585,75,10585,6864,ITH,ITH5,8,Emilia-Romagna,Emilia-Romagna,4459477,758352,17.01,0.39
906,2021-04-10,EMR,20796,9241,11555,512,209,88,189,191,4087,8926,6499,24,71,16669,4127,ITH,ITH5,8,Emilia-Romagna,Emilia-Romagna,4459477,779148,17.47,0.47
907,2021-03-24,EMR,21010,9276,11734,1215,377,124,1709,269,3440,10632,2700,393,151,13643,7367,ITH,ITH5,8,Emilia-Romagna,Emilia-Romagna,4459477,800158,17.94,0.47
908,2021-04-29,EMR,44288,20849,23439,1384,255,78,64,7167,7508,8565,18840,70,357,27025,17263,ITH,ITH5,8,Emilia-Romagna,Emilia-Romagna,4459477,844446,18.94,0.99
909,2021-02-08,EMR,5227,1532,3695,2840,577,1485,1,10,8,247,0,0,59,2313,2914,ITH,ITH5,8,Emilia-Romagna,Emilia-Romagna,4459477,849673,19.05,0.12
910,2021-04-08,EMR,30604,14025,16579,2476,571,222,312,402,6643,11025,8584,135,234,25328,5276,ITH,ITH5,8,Emilia-Romagna,Emilia-Romagna,4459477,880277,19.74,0.69
911,2021-02-22,EMR,7480,3090,4390,389,110,130,0,12,25,6796,9,0,9,7205,275,ITH,ITH5,8,Emilia-Romagna,Emilia-Romagna,4459477,887757,19.91,0.17
912,2021-04-19,EMR,20755,9724,11031,324,108,164,25,169,8517,3356,8031,21,40,14507,6248,ITH,ITH5,8,Emilia-Romagna,Emilia-Romagna,4459477,908512,20.37,0.47
913,2021-02-01,EMR,10317,3609,6708,7471,1502,1260,0,13,7,0,0,0,64,364,9953,ITH,ITH5,8,Emilia-Romagna,Emilia-Romagna,4459477,918829,20.6,0.23
914,2021-02-03,EMR,9337,2991,6346,6239,1177,1652,0,29,15,126,7,1,91,972,8365,ITH,ITH5,8,Emilia-Romagna,Emilia-Romagna,4459477,928166,20.81,0.21
915,2021-01-16,EMR,5594,1717,3877,3688,690,1110,1,18,2,0,0,3,82,5594,0,ITH,ITH5,8,Emilia-Romagna,Emilia-Romagna,4459477,933760,20.94,0.13
916,2021-03-12,EMR,18069,7527,10542,1584,898,311,3026,47,73,9901,462,1554,213,11352,6717,ITH,ITH5,8,Emilia-Romagna,Emilia-Romagna,4459477,951829,21.34,0.41
917,2021-04-01,EMR,23738,10681,13057,1019,267,118,994,216,4248,11281,5325,170,100,19276,4462,ITH,ITH5,8,Emilia-Romagna,Emilia-Romagna,4459477,975567,21.88,0.53
918,2021-01-19,EMR,2045,505,1540,747,133,1161,0,0,0,0,0,0,4,2028,17,ITH,ITH5,8,Emilia-Romagna,Emilia-Romagna,4459477,977612,21.92,0.05
919,2021-01-18,EMR,3126,879,2247,1681,239,1129,0,12,0,3,0,0,62,2449,677,ITH,ITH5,8,Emilia-Romagna,Emilia-Romagna,4459477,980738,21.99,0.07
920,2021-01-03,EMR,2753,941,1812,2503,61,170,0,3,0,0,0,0,16,2753,0,ITH,ITH5,8,Emilia-Romagna,Emilia-Romagna,4459477,983491,22.05,0.06
921,2021-01-04,EMR,7269,2514,4755,6172,350,578,0,16,9,43,0,1,100,7269,0,ITH,ITH5,8,Emilia-Romagna,Emilia-Romagna,4459477,990760,22.22,0.16
922,2021-03-08,EMR,12018,4965,7053,2306,614,324,2341,19,39,4339,82,1810,144,9348,2670,ITH,ITH5,8,Emilia-Romagna,Emilia-Romagna,4459477,1002778,22.49,0.27
923,2021-01-15,EMR,7742,2402,5340,5302,946,1319,1,15,11,61,0,0,87,7742,0,ITH,ITH5,8,Emilia-Romagna,Emilia-Romagna,4459477,1010520,22.66,0.17
924,2021-03-30,EMR,23257,10284,12973,871,246,164,1178,124,5416,10712,4289,140,117,18225,5032,ITH,ITH5,8,Emilia-Romagna,Emilia-Romagna,4459477,1033777,23.18,0.52
925,2021-01-29,EMR,10409,3496,6913,8107,1084,1060,1,32,7,11,0,0,107,290,10119,ITH,ITH5,8,Emilia-Romagna,Emilia-Romagna,4459477,1044186,23.41,0.23
926,2021-02-12,EMR,5319,1678,3641,3399,772,704,0,10,19,359,11,0,45,3916,1403,ITH,ITH5,8,Emilia-Romagna,Emilia-Romagna,4459477,1049505,23.53,0.12
927,2021-04-09,EMR,25313,11478,13835,1355,283,168,435,263,4861,10666,7168,83,31,19695,5618,ITH,ITH5,8,Emilia-Romagna,Emilia-Romagna,4459477,1074818,24.1,0.57
928,2021-04-15,EMR,28746,13680,15066,940,207,141,50,302,10030,5793,11126,33,124,19169,9577,ITH,ITH5,8,Emilia-Romagna,Emilia-Romagna,4459477,1103564,24.75,0.64
929,2021-03-01,EMR,10082,3572,6510,1834,339,434,1254,25,37,5619,65,311,164,7831,2251,ITH,ITH5,8,Emilia-Romagna,Emilia-Romagna,4459477,1113646,24.97,0.23
930,2021-04-30,EMR,35384,16271,19113,1065,219,87,99,5501,7249,7244,13577,76,267,21052,14332,ITH,ITH5,8,Emilia-Romagna,Emilia-Romagna,4459477,1149030,25.77,0.79
931,2021-02-18,EMR,7039,2892,4147,894,180,236,0,4,13,5672,26,1,13,6456,583,ITH,ITH5,8,Emilia-Romagna,Emilia-Romagna,4459477,1156069,25.92,0.16
932,2021-03-31,EMR,24928,10858,14070,1169,286,123,1286,185,4674,12365,4545,160,135,19509,5419,ITH,ITH5,8,Emilia-Romagna,Emilia-Romagna,4459477,1180997,26.48,0.56
933,2021-01-09,EMR,9938,3439,6499,7862,1067,889,0,18,2,2,0,0,98,9938,0,ITH,ITH5,8,Emilia-Romagna,Emilia-Romagna,4459477,1190935,26.71,0.22
934,2021-02-17,EMR,6537,2764,3773,803,258,404,0,10,15,4990,24,0,33,5764,773,ITH,ITH5,8,Emilia-Romagna,Emilia-Romagna,4459477,1197472,26.85,0.15
935,2021-02-16,EMR,5766,2443,3323,745,339,437,0,8,7,4207,8,2,13,5235,531,ITH,ITH5,8,Emilia-Romagna,Emilia-Romagna,4459477,1203238,26.98,0.13
936,2021-01-08,EMR,10834,3569,7265,8465,1135,1089,1,25,3,5,0,1,110,10834,0,ITH,ITH5,8,Emilia-Romagna,Emilia-Romagna,4459477,1214072,27.22,0.24
937,2021-02-24,EMR,9320,3555,5765,651,156,228,63,50,29,7854,19,0,270,8443,877,ITH,ITH5,8,Emilia-Romagna,Emilia-Romagna,4459477,1223392,27.43,0.21
938,2021-02-27,EMR,10958,3996,6962,1731,245,116,940,37,30,7755,8,0,96,9220,1738,ITH,ITH5,8,Emilia-Romagna,Emilia-Romagna,4459477,1234350,27.68,0.25
939,2021-02-19,EMR,7323,3010,4313,821,214,257,0,4,18,5955,33,0,21,6809,514,ITH,ITH5,8,Emilia-Romagna,Emilia-Romagna,4459477,1241673,27.84,0.16
940,2021-04-25,EMR,22168,10160,12008,773,129,6,32,249,6799,4097,9783,159,141,14742,7426,ITH,ITH5,8,Emilia-Romagna,Emilia-Romagna,4459477,1263841,28.34,0.5
941,2021-04-05,EMR,14781,6773,8008,282,87,6,243,75,2909,7537,3576,28,38,11898,2883,ITH,ITH5,8,Emilia-Romagna,Emilia-Romagna,4459477,1278622,28.67,0.33
942,2021-02-21,EMR,4450,1708,2742,396,108,190,0,4,11,3708,18,0,15,4010,440,ITH,ITH5,8,Emilia-Romagna,Emilia-Romagna,4459477,1283072,28.77,0.1
943,2021-04-28,EMR,32048,14789,17259,842,143,97,147,5087,7163,6674,11665,41,189,19274,12774,ITH,ITH5,8,Emilia-Romagna,Emilia-Romagna,4459477,1315120,29.49,0.72
944,2021-02-14,EMR,1401,378,1023,860,363,39,0,19,5,19,1,0,95,1281,120,ITH,ITH5,8,Emilia-Romagna,Emilia-Romagna,4459477,1316521,29.52,0.03
945,2021-02-28,EMR,6822,2527,4295,1775,248,53,304,29,17,4251,8,4,133,4977,1845,ITH,ITH5,8,Emilia-Romagna,Emilia-Romagna,4459477,1323343,29.67,0.15
946,2021-03-26,EMR,23373,9879,13494,1420,600,219,2642,174,4779,9342,3785,276,136,16955,6418,ITH,ITH5,8,Emilia-Romagna,Emilia-Romagna,4459477,1346716,30.2,0.52
947,2021-02-09,EMR,4151,1246,2905,2219,376,1198,0,2,15,278,0,0,63,2306,1845,ITH,ITH5,8,Emilia-Romagna,Emilia-Romagna,4459477,1350867,30.29,0.09
948,2021-01-20,EMR,1322,269,1053,392,131,787,0,0,0,1,0,0,11,1321,1,ITH,ITH5,8,Emilia-Romagna,Emilia-Romagna,4459477,1352189,30.32,0.03
949,2021-01-02,EMR,2352,905,1447,2074,57,198,0,3,0,2,0,0,18,2352,0,ITH,ITH5,8,Emilia-Romagna,Emilia-Romagna,4459477,1354541,30.37,0.05
950,2020-12-27,EMR,969,372,597,824,5,26,0,24,1,0,0,0,89,969,0,ITH,ITH5,8,Emilia-Romagna,Emilia-Romagna,4459477,1355510,30.4,0.02
951,2021-04-20,EMR,22432,10313,12119,301,83,58,30,205,7735,5560,8419,21,20,14148,8284,ITH,ITH5,8,Emilia-Romagna,Emilia-Romagna,4459477,1377942,30.9,0.5
952,2021-01-05,EMR,9346,3167,6179,7928,552,769,0,18,4,0,1,0,74,9346,0,ITH,ITH5,8,Emilia-Romagna,Emilia-Romagna,4459477,1387288,31.11,0.21
953,2021-03-11,EMR,17208,7111,10097,1134,836,319,3830,35,52,8851,425,1532,194,11357,5851,ITH,ITH5,8,Emilia-Romagna,Emilia-Romagna,4459477,1404496,31.49,0.39
954,2021-03-18,EMR,13654,5799,7855,449,150,94,49,47,473,10843,1353,5,191,5657,7997,ITH,ITH5,8,Emilia-Romagna,Emilia-Romagna,4459477,1418150,31.8,0.31
955,2021-01-07,EMR,10215,3384,6831,8187,855,1068,0,20,5,3,0,0,77,10215,0,ITH,ITH5,8,Emilia-Romagna,Emilia-Romagna,4459477,1428365,32.03,0.23
956,2021-02-23,EMR,8214,3218,4996,409,147,113,1,24,22,7455,23,0,20,7828,386,ITH,ITH5,8,Emilia-Romagna,Emilia-Romagna,4459477,1436579,32.21,0.18
957,2021-04-07,EMR,25657,11657,14000,662,187,143,360,370,5587,12951,5219,78,100,19679,5978,ITH,ITH5,8,Emilia-Romagna,Emilia-Romagna,4459477,1462236,32.79,0.58
958,2021-01-28,EMR,10241,3336,6905,8075,860,1126,0,28,10,0,0,0,142,351,9890,ITH,ITH5,8,Emilia-Romagna,Emilia-Romagna,4459477,1472477,33.02,0.23
959,2021-03-03,EMR,15760,5228,10532,2533,524,154,4812,50,48,6848,95,342,354,13300,2460,ITH,ITH5,8,Emilia-Romagna,Emilia-Romagna,4459477,1488237,33.37,0.35
960,2021-03-07,EMR,6851,2636,4215,1459,338,22,1250,10,14,2597,565,560,36,5334,1517,ITH,ITH5,8,Emilia-Romagna,Emilia-Romagna,4459477,1495088,33.53,0.15
961,2021-01-23,EMR,2446,870,1576,1902,86,430,0,5,1,2,0,0,20,443,2003,ITH,ITH5,8,Emilia-Romagna,Emilia-Romagna,4459477,1497534,33.58,0.05
962,2021-03-02,EMR,11811,3888,7923,1973,409,229,3047,42,40,5419,41,373,238,9790,2021,ITH,ITH5,8,Emilia-Romagna,Emilia-Romagna,4459477,1509345,33.85,0.26
963,2021-01-14,EMR,8095,2576,5519,5398,920,1606,0,39,7,5,1,1,118,8095,0,ITH,ITH5,8,Emilia-Romagna,Emilia-Romagna,4459477,1517440,34.03,0.18
964,2021-02-11,EMR,4246,1414,2832,2529,528,719,2,15,18,374,3,0,58,3407,839,ITH,ITH5,8,Emilia-Romagna,Emilia-Romagna,4459477,1521686,34.12,0.1
965,2021-04-14,EMR,26695,12678,14017,654,192,138,71,524,10042,7351,7647,54,22,20675,6020,ITH,ITH5,8,Emilia-Romagna,Emilia-Romagna,4459477,1548381,34.72,0.6
966,2021-03-13,EMR,16040,6298,9742,1251,479,81,3990,49,55,8275,567,1124,169,10730,5310,ITH,ITH5,8,Emilia-Romagna,Emilia-Romagna,4459477,1564421,35.08,0.36
967,2021-03-25,EMR,21356,9330,12026,1101,351,165,2089,156,3063,9930,3621,723,157,14371,6985,ITH,ITH5,8,Emilia-Romagna,Emilia-Romagna,4459477,1585777,35.56,0.48
968,2021-03-27,EMR,21511,9002,12509,753,293,48,2336,117,4190,9566,3816,237,155,14620,6891,ITH,ITH5,8,Emilia-Romagna,Emilia-Romagna,4459477,1607288,36.04,0.48
969,2021-03-09,EMR,14616,5944,8672,1027,456,227,3566,21,56,7702,186,1332,43,10661,3955,ITH,ITH5,8,Emilia-Romagna,Emilia-Romagna,4459477,1621904,36.37,0.33
970,2021-02-10,EMR,4012,1378,2634,2396,357,779,0,23,15,317,9,0,116,2759,1253,ITH,ITH5,8,Emilia-Romagna,Emilia-Romagna,4459477,1625916,36.46,0.09
971,2021-01-27,EMR,8358,2947,5411,6906,653,672,0,26,4,2,0,1,94,464,7894,ITH,ITH5,8,Emilia-Romagna,Emilia-Romagna,4459477,1634274,36.65,0.19
972,2021-02-20,EMR,5316,2093,3223,408,116,155,0,7,21,4590,5,0,14,5052,264,ITH,ITH5,8,Emilia-Romagna,Emilia-Romagna,4459477,1639590,36.77,0.12
973,2021-02-15,EMR,2898,848,2050,1983,369,160,0,3,9,326,18,0,30,2772,126,ITH,ITH5,8,Emilia-Romagna,Emilia-Romagna,4459477,1642488,36.83,0.06
974,2021-01-17,ABR,187,59,128,136,44,0,0,0,0,0,0,0,7,180,7,ITF,ITF1,13,Abruzzo,Abruzzo,1304970,187,0.01,0.01
975,2021-03-17,ABR,4545,1876,2669,285,102,144,11,19,33,3876,16,36,23,2802,1743,ITF,ITF1,13,Abruzzo,Abruzzo,1304970,4732,0.36,0.35
976,2021-02-28,ABR,1708,511,1197,23,6,0,1423,8,1,79,0,149,19,1706,2,ITF,ITF1,13,Abruzzo,Abruzzo,1304970,6440,0.49,0.13
977,2021-02-09,ABR,908,311,597,612,161,131,0,1,1,1,0,0,1,499,409,ITF,ITF1,13,Abruzzo,Abruzzo,1304970,7348,0.56,0.07
978,2021-02-04,ABR,1682,617,1065,1168,415,57,0,5,0,0,0,0,37,609,1073,ITF,ITF1,13,Abruzzo,Abruzzo,1304970,9030,0.69,0.13
979,2021-04-06,ABR,7689,3583,4106,433,98,44,54,115,499,2350,3944,46,106,5369,2320,ITF,ITF1,13,Abruzzo,Abruzzo,1304970,16719,1.28,0.59
980,2021-01-23,ABR,264,114,150,224,14,26,0,0,0,0,0,0,0,57,207,ITF,ITF1,13,Abruzzo,Abruzzo,1304970,16983,1.3,0.02
981,2021-04-26,ABR,8569,4070,4499,138,104,131,20,1663,2915,1078,2329,38,153,7350,1219,ITF,ITF1,13,Abruzzo,Abruzzo,1304970,25552,1.96,0.66
982,2021-03-22,ABR,4288,1852,2436,385,389,56,442,32,19,2578,10,234,143,2318,1970,ITF,ITF1,13,Abruzzo,Abruzzo,1304970,29840,2.29,0.33
983,2021-01-21,ABR,157,47,110,10,6,141,0,0,0,0,0,0,0,157,0,ITF,ITF1,13,Abruzzo,Abruzzo,1304970,29997,2.3,0.01
984,2021-03-28,ABR,2422,1021,1401,247,132,1,175,106,54,896,422,242,147,2050,372,ITF,ITF1,13,Abruzzo,Abruzzo,1304970,32419,2.48,0.19
985,2021-02-07,ABR,777,307,470,646,111,1,0,3,0,0,0,0,16,201,576,ITF,ITF1,13,Abruzzo,Abruzzo,1304970,33196,2.54,0.06
986,2021-03-29,ABR,5627,2525,3102,463,54,49,195,71,73,3616,907,63,136,2987,2640,ITF,ITF1,13,Abruzzo,Abruzzo,1304970,38823,2.98,0.43
987,2021-03-19,ABR,5797,2584,3213,756,280,118,13,14,42,4400,19,103,52,2776,3021,ITF,ITF1,13,Abruzzo,Abruzzo,1304970,44620,3.42,0.44
988,2021-02-15,ABR,1796,831,965,625,258,221,0,0,10,395,0,261,26,1754,42,ITF,ITF1,13,Abruzzo,Abruzzo,1304970,46416,3.56,0.14
989,2021-02-21,ABR,1221,551,670,2,0,3,0,0,2,1210,0,2,2,1220,1,ITF,ITF1,13,Abruzzo,Abruzzo,1304970,47637,3.65,0.09
990,2021-01-22,ABR,118,57,61,2,1,112,0,1,0,0,0,0,2,118,0,ITF,ITF1,13,Abruzzo,Abruzzo,1304970,47755,3.66,0.01
991,2021-02-26,ABR,3920,1671,2249,1025,336,160,262,64,11,1651,6,270,135,2951,969,ITF,ITF1,13,Abruzzo,Abruzzo,1304970,51675,3.96,0.3
992,2021-04-30,ABR,11756,5506,6250,344,137,70,98,1753,2711,1051,5327,33,232,6190,5566,ITF,ITF1,13,Abruzzo,Abruzzo,1304970,63431,4.86,0.9
993,2021-02-12,ABR,1228,567,661,438,151,310,0,1,0,66,0,260,2,1039,189,ITF,ITF1,13,Abruzzo,Abruzzo,1304970,64659,4.95,0.09
994,2021-03-06,ABR,4175,1354,2821,433,187,52,1559,29,8,1748,0,15,144,3605,570,ITF,ITF1,13,Abruzzo,Abruzzo,1304970,68834,5.27,0.32
995,2021-01-12,ABR,1804,666,1138,1470,190,0,0,23,33,28,0,0,60,1804,0,ITF,ITF1,13,Abruzzo,Abruzzo,1304970,70638,5.41,0.14
996,2021-03-21,ABR,2136,914,1222,9,0,1,130,7,9,1924,13,34,9,844,1292,ITF,ITF1,13,Abruzzo,Abruzzo,1304970,72774,5.58,0.16
997,2021-03-05,ABR,5263,1938,3325,561,218,108,1353,77,4,2582,2,232,126,4565,698,ITF,ITF1,13,Abruzzo,Abruzzo,1304970,78037,5.98,0.4
998,2021-03-18,ABR,3896,1651,2245,281,135,20,7,21,33,3297,4,68,30,2065,1831,ITF,ITF1,13,Abruzzo,Abruzzo,1304970,81933,6.28,0.3
999,2021-02-13,ABR,851,384,467,554,207,72,0,1,1,8,0,0,8,437,414,ITF,ITF1,13,Abruzzo,Abruzzo,1304970,82784,6.34,0.07
1000,2021-03-01,ABR,3490,1393,2097,698,176,174,282,18,10,1915,2,131,84,2725,765,ITF,ITF1,13,Abruzzo,Abruzzo,1304970,86274,6.61,0.27
1001,2021-04-22,ABR,6668,3193,3475,83,46,116,28,313,2116,921,2870,37,138,4984,1684,ITF,ITF1,13,Abruzzo,Abruzzo,1304970,92942,7.12,0.51
1002,2021-03-03,ABR,4629,1883,2746,1222,211,105,855,28,0,1587,3,385,233,3723,906,ITF,ITF1,13,Abruzzo,Abruzzo,1304970,97571,7.48,0.35
1003,2021-04-17,ABR,7348,3399,3949,349,251,23,65,192,454,2264,3666,32,52,4295,3053,ITF,ITF1,13,Abruzzo,Abruzzo,1304970,104919,8.04,0.56
1004,2020-12-27,ABR,37,19,18,34,1,2,0,0,0,0,0,0,0,37,0,ITF,ITF1,13,Abruzzo,Abruzzo,1304970,104956,8.04,0.0
1005,2021-03-08,ABR,5128,1670,3458,1190,280,116,2195,51,3,1032,0,105,156,4153,975,ITF,ITF1,13,Abruzzo,Abruzzo,1304970,110084,8.44,0.39
1006,2021-03-31,ABR,6656,2883,3773,446,279,80,245,54,83,3258,2048,30,133,4588,2068,ITF,ITF1,13,Abruzzo,Abruzzo,1304970,116740,8.95,0.51
1007,2021-03-10,ABR,4951,1640,3311,736,300,248,1872,27,4,1520,11,130,103,3994,957,ITF,ITF1,13,Abruzzo,Abruzzo,1304970,121691,9.33,0.38
1008,2021-02-23,ABR,2784,1274,1510,324,184,217,100,4,8,1491,2,287,167,2773,11,ITF,ITF1,13,Abruzzo,Abruzzo,1304970,124475,9.54,0.21
1009,2021-04-19,ABR,6231,2860,3371,76,74,36,22,148,2251,1259,2221,26,118,3858,2373,ITF,ITF1,13,Abruzzo,Abruzzo,1304970,130706,10.02,0.48
1010,2021-04-18,ABR,5815,2726,3089,149,71,25,19,76,169,964,4304,13,25,4873,942,ITF,ITF1,13,Abruzzo,Abruzzo,1304970,136521,10.46,0.45
1011,2021-03-04,ABR,5937,2359,3578,1171,322,93,818,39,12,2992,5,329,156,5015,922,ITF,ITF1,13,Abruzzo,Abruzzo,1304970,142458,10.92,0.45
1012,2021-04-24,ABR,8716,3974,4742,84,138,137,23,324,1368,1227,5318,21,76,7184,1532,ITF,ITF1,13,Abruzzo,Abruzzo,1304970,151174,11.58,0.67
1013,2021-03-23,ABR,4786,2145,2641,180,183,183,400,14,23,3356,13,356,78,2217,2569,ITF,ITF1,13,Abruzzo,Abruzzo,1304970,155960,11.95,0.37
1014,2021-01-24,ABR,50,22,28,49,1,0,0,0,0,0,0,0,0,6,44,ITF,ITF1,13,Abruzzo,Abruzzo,1304970,156010,11.96,0.0
1015,2021-01-31,ABR,1502,488,1014,1154,236,103,0,1,0,0,0,0,8,287,1215,ITF,ITF1,13,Abruzzo,Abruzzo,1304970,157512,12.07,0.12
1016,2021-01-27,ABR,1364,515,849,1301,61,0,0,1,0,0,0,0,1,39,1325,ITF,ITF1,13,Abruzzo,Abruzzo,1304970,158876,12.17,0.1
1017,2021-03-09,ABR,5173,1796,3377,991,311,86,2046,31,3,1320,69,214,102,4234,939,ITF,ITF1,13,Abruzzo,Abruzzo,1304970,164049,12.57,0.4
1018,2021-01-04,ABR,1401,575,826,1396,5,0,0,0,0,0,0,0,0,1401,0,ITF,ITF1,13,Abruzzo,Abruzzo,1304970,165450,12.68,0.11
1019,2021-03-11,ABR,5430,2191,3239,1328,265,241,1565,50,20,1539,16,247,159,4291,1139,ITF,ITF1,13,Abruzzo,Abruzzo,1304970,170880,13.09,0.42
1020,2021-02-01,ABR,1632,573,1059,1384,228,1,0,3,0,0,0,0,16,271,1361,ITF,ITF1,13,Abruzzo,Abruzzo,1304970,172512,13.22,0.13
1021,2021-01-20,ABR,447,156,291,147,73,204,0,12,0,0,0,0,11,445,2,ITF,ITF1,13,Abruzzo,Abruzzo,1304970,172959,13.25,0.03
1022,2021-04-05,ABR,2697,1151,1546,137,205,4,16,31,41,1372,845,11,35,1817,880,ITF,ITF1,13,Abruzzo,Abruzzo,1304970,175656,13.46,0.21
1023,2021-01-03,ABR,471,185,286,464,7,0,0,0,0,0,0,0,0,471,0,ITF,ITF1,13,Abruzzo,Abruzzo,1304970,176127,13.5,0.04
1024,2021-03-15,ABR,3640,1399,2241,657,358,79,330,27,41,1964,2,55,127,1824,1816,ITF,ITF1,13,Abruzzo,Abruzzo,1304970,179767,13.78,0.28
1025,2021-04-13,ABR,5890,2757,3133,94,63,78,150,86,409,1261,3670,31,48,4689,1201,ITF,ITF1,13,Abruzzo,Abruzzo,1304970,185657,14.23,0.45
1026,2021-04-09,ABR,8744,4113,4631,312,121,32,45,101,807,3287,3903,40,96,6202,2542,ITF,ITF1,13,Abruzzo,Abruzzo,1304970,194401,14.9,0.67
1027,2021-04-07,ABR,7122,3284,3838,187,214,82,15,69,106,3220,3056,96,77,4396,2726,ITF,ITF1,13,Abruzzo,Abruzzo,1304970,201523,15.44,0.55
1028,2021-01-28,ABR,1433,495,938,1370,61,1,0,0,1,0,0,0,0,12,1421,ITF,ITF1,13,Abruzzo,Abruzzo,1304970,202956,15.55,0.11
1029,2021-02-03,ABR,2061,717,1344,1541,362,118,0,4,0,0,0,0,36,419,1642,ITF,ITF1,13,Abruzzo,Abruzzo,1304970,205017,15.71,0.16
1030,2021-01-19,ABR,111,55,56,27,3,50,0,8,0,0,0,0,23,91,20,ITF,ITF1,13,Abruzzo,Abruzzo,1304970,205128,15.72,0.01
1031,2021-03-27,ABR,6120,2620,3500,189,229,48,216,87,157,4264,736,77,117,3641,2479,ITF,ITF1,13,Abruzzo,Abruzzo,1304970,211248,16.19,0.47
1032,2021-01-13,ABR,1253,440,813,1103,99,0,0,7,1,7,0,0,36,1253,0,ITF,ITF1,13,Abruzzo,Abruzzo,1304970,212501,16.28,0.1
1033,2021-03-07,ABR,2523,630,1893,28,99,4,1823,68,10,463,0,1,27,2523,0,ITF,ITF1,13,Abruzzo,Abruzzo,1304970,215024,16.48,0.19
1034,2021-03-24,ABR,6353,2766,3587,485,300,231,430,108,230,3409,541,344,275,4097,2256,ITF,ITF1,13,Abruzzo,Abruzzo,1304970,221377,16.96,0.49
1035,2021-03-30,ABR,5061,2199,2862,211,205,38,286,52,57,2745,1328,51,88,3236,1825,ITF,ITF1,13,Abruzzo,Abruzzo,1304970,226438,17.35,0.39
1036,2021-03-25,ABR,5691,2565,3126,249,211,40,448,59,102,3825,239,311,207,3074,2617,ITF,ITF1,13,Abruzzo,Abruzzo,1304970,232129,17.79,0.44
1037,2021-04-14,ABR,6507,2898,3609,336,94,119,61,84,434,1467,3848,18,46,4429,2078,ITF,ITF1,13,Abruzzo,Abruzzo,1304970,238636,18.29,0.5
1038,2021-03-13,ABR,4254,1460,2794,539,624,138,1061,82,36,1468,6,106,194,3178,1076,ITF,ITF1,13,Abruzzo,Abruzzo,1304970,242890,18.61,0.33
1039,2021-04-04,ABR,1625,766,859,94,57,2,4,8,280,446,717,2,15,1496,129,ITF,ITF1,13,Abruzzo,Abruzzo,1304970,244515,18.74,0.12
1040,2021-03-26,ABR,5292,2258,3034,264,213,37,449,75,122,3389,357,241,145,3231,2061,ITF,ITF1,13,Abruzzo,Abruzzo,1304970,249807,19.14,0.41
1041,2021-04-28,ABR,9505,4583,4922,162,149,74,20,2353,1816,848,3888,35,160,7480,2025,ITF,ITF1,13,Abruzzo,Abruzzo,1304970,259312,19.87,0.73
1042,2021-02-22,ABR,2644,1175,1469,477,275,46,251,4,4,1094,0,419,74,2614,30,ITF,ITF1,13,Abruzzo,Abruzzo,1304970,261956,20.07,0.2
1043,2021-03-12,ABR,6024,1990,4034,1006,593,138,2189,46,11,1727,1,144,169,4441,1583,ITF,ITF1,13,Abruzzo,Abruzzo,1304970,267980,20.54,0.46
1044,2021-04-02,ABR,6688,3096,3592,184,611,26,94,76,215,3308,2044,79,51,5201,1487,ITF,ITF1,13,Abruzzo,Abruzzo,1304970,274668,21.05,0.51
1045,2021-01-16,ABR,928,428,500,711,188,15,0,4,0,0,0,0,10,928,0,ITF,ITF1,13,Abruzzo,Abruzzo,1304970,275596,21.12,0.07
1046,2021-04-10,ABR,8774,4059,4715,390,302,13,147,224,1133,2931,3458,32,144,6266,2508,ITF,ITF1,13,Abruzzo,Abruzzo,1304970,284370,21.79,0.67
1047,2021-02-11,ABR,816,262,554,473,184,154,0,0,0,0,0,0,5,773,43,ITF,ITF1,13,Abruzzo,Abruzzo,1304970,285186,21.85,0.06
1048,2021-03-16,ABR,3486,1453,2033,284,74,169,12,19,44,2850,6,8,20,1831,1655,ITF,ITF1,13,Abruzzo,Abruzzo,1304970,288672,22.12,0.27
1049,2021-04-15,ABR,7751,3614,4137,201,97,92,53,87,331,1567,5245,22,56,5906,1845,ITF,ITF1,13,Abruzzo,Abruzzo,1304970,296423,22.71,0.59
1050,2021-01-06,ABR,1830,664,1166,1546,148,133,0,0,0,0,0,0,3,1830,0,ITF,ITF1,13,Abruzzo,Abruzzo,1304970,298253,22.86,0.14
1051,2021-04-03,ABR,5073,2213,2860,174,91,28,84,73,112,2401,1958,62,90,3479,1594,ITF,ITF1,13,Abruzzo,Abruzzo,1304970,303326,23.24,0.39
1052,2021-01-05,ABR,1614,604,1010,1604,10,0,0,0,0,0,0,0,0,1614,0,ITF,ITF1,13,Abruzzo,Abruzzo,1304970,304940,23.37,0.12
1053,2021-02-08,ABR,1201,398,803,710,218,264,0,1,0,0,0,0,8,491,710,ITF,ITF1,13,Abruzzo,Abruzzo,1304970,306141,23.46,0.09
1054,2021-01-18,ABR,122,48,74,106,8,2,0,3,0,0,0,0,3,46,76,ITF,ITF1,13,Abruzzo,Abruzzo,1304970,306263,23.47,0.01
1055,2021-04-01,ABR,5531,2450,3081,274,117,57,153,153,156,2913,1527,48,133,3442,2089,ITF,ITF1,13,Abruzzo,Abruzzo,1304970,311794,23.89,0.42
1056,2021-01-15,ABR,379,149,230,223,79,35,0,7,2,0,0,0,33,379,0,ITF,ITF1,13,Abruzzo,Abruzzo,1304970,312173,23.92,0.03
1057,2021-02-27,ABR,2809,1337,1472,253,84,125,874,17,6,732,1,656,61,2543,266,ITF,ITF1,13,Abruzzo,Abruzzo,1304970,314982,24.14,0.22
1058,2021-02-24,ABR,3304,1440,1864,391,180,248,131,13,12,1969,4,247,109,3128,176,ITF,ITF1,13,Abruzzo,Abruzzo,1304970,318286,24.39,0.25
1059,2021-01-29,ABR,1386,449,937,1290,95,0,0,1,0,0,0,0,0,74,1312,ITF,ITF1,13,Abruzzo,Abruzzo,1304970,319672,24.5,0.11
1060,2021-04-11,ABR,5332,2606,2726,15,8,7,6,93,628,784,3734,6,51,4849,483,ITF,ITF1,13,Abruzzo,Abruzzo,1304970,325004,24.91,0.41
1061,2021-01-25,ABR,1604,633,971,1584,19,0,0,0,0,0,0,0,1,20,1584,ITF,ITF1,13,Abruzzo,Abruzzo,1304970,326608,25.03,0.12
1062,2021-02-17,ABR,2077,952,1125,512,144,394,1,0,22,718,0,210,76,1794,283,ITF,ITF1,13,Abruzzo,Abruzzo,1304970,328685,25.19,0.16
1063,2021-03-20,ABR,4733,2159,2574,318,206,63,97,50,99,3653,45,99,103,2569,2164,ITF,ITF1,13,Abruzzo,Abruzzo,1304970,333418,25.55,0.36
1064,2021-04-12,ABR,6227,2950,3277,217,66,50,36,194,505,1300,3758,20,81,5055,1172,ITF,ITF1,13,Abruzzo,Abruzzo,1304970,339645,26.03,0.48
1065,2021-01-07,ABR,1603,552,1051,1566,37,0,0,0,0,0,0,0,0,1603,0,ITF,ITF1,13,Abruzzo,Abruzzo,1304970,341248,26.15,0.12
1066,2021-01-09,ABR,1483,565,918,1430,50,0,0,1,0,0,0,0,2,1483,0,ITF,ITF1,13,Abruzzo,Abruzzo,1304970,342731,26.26,0.11
1067,2021-01-08,ABR,1525,507,1018,1487,36,0,0,1,1,0,0,0,0,1525,0,ITF,ITF1,13,Abruzzo,Abruzzo,1304970,344256,26.38,0.12
1068,2021-02-18,ABR,2291,934,1357,670,297,417,0,3,5,612,0,215,72,2161,130,ITF,ITF1,13,Abruzzo,Abruzzo,1304970,346547,26.56,0.18
1069,2021-02-19,ABR,3301,1552,1749,990,346,371,8,10,9,1113,1,402,51,3201,100,ITF,ITF1,13,Abruzzo,Abruzzo,1304970,349848,26.81,0.25
1070,2021-02-16,ABR,1978,869,1109,841,278,139,0,4,2,561,0,75,78,1966,12,ITF,ITF1,13,Abruzzo,Abruzzo,1304970,351826,26.96,0.15
1071,2021-01-14,ABR,530,189,341,364,114,0,0,4,5,34,0,0,9,530,0,ITF,ITF1,13,Abruzzo,Abruzzo,1304970,352356,27.0,0.04
1072,2021-01-26,ABR,1542,567,975,1513,29,0,0,0,0,0,0,0,0,29,1513,ITF,ITF1,13,Abruzzo,Abruzzo,1304970,353898,27.12,0.12
1073,2021-04-21,ABR,6386,3101,3285,63,53,13,14,990,1514,1020,2597,9,113,4711,1675,ITF,ITF1,13,Abruzzo,Abruzzo,1304970,360284,27.61,0.49
1074,2021-02-25,ABR,3086,1347,1739,615,398,57,126,28,6,1508,2,262,84,2558,528,ITF,ITF1,13,Abruzzo,Abruzzo,1304970,363370,27.85,0.24
1075,2021-04-29,ABR,11914,5476,6438,283,82,85,109,2404,2984,812,4927,54,174,8817,3097,ITF,ITF1,13,Abruzzo,Abruzzo,1304970,375284,28.76,0.91
1076,2021-02-10,ABR,948,313,635,622,182,116,0,5,0,0,0,0,23,504,444,ITF,ITF1,13,Abruzzo,Abruzzo,1304970,376232,28.83,0.07
1077,2021-02-20,ABR,4782,1843,2939,310,444,193,1887,5,12,1417,1,406,107,4706,76,ITF,ITF1,13,Abruzzo,Abruzzo,1304970,381014,29.2,0.37
1078,2021-04-25,ABR,9067,4617,4450,67,54,22,5,4353,1779,589,2069,19,110,8256,811,ITF,ITF1,13,Abruzzo,Abruzzo,1304970,390081,29.89,0.69
1079,2021-01-10,ABR,1139,409,730,1091,44,0,0,0,0,0,0,0,4,1139,0,ITF,ITF1,13,Abruzzo,Abruzzo,1304970,391220,29.98,0.09
1080,2021-04-27,ABR,8977,4315,4662,115,101,22,34,1749,2277,959,3558,27,135,6505,2472,ITF,ITF1,13,Abruzzo,Abruzzo,1304970,400197,30.67,0.69
1081,2021-03-14,ABR,1895,733,1162,8,3,0,249,20,7,1489,0,2,117,1228,667,ITF,ITF1,13,Abruzzo,Abruzzo,1304970,402092,30.81,0.15
1082,2021-04-23,ABR,7353,3376,3977,157,67,122,27,533,1641,1521,3173,14,98,5068,2285,ITF,ITF1,13,Abruzzo,Abruzzo,1304970,409445,31.38,0.56
1083,2021-02-05,ABR,1536,521,1015,1188,188,107,0,9,0,0,0,0,44,789,747,ITF,ITF1,13,Abruzzo,Abruzzo,1304970,410981,31.49,0.12
1084,2021-04-20,ABR,5590,2690,2900,39,83,1,20,326,2180,920,1948,18,55,4179,1411,ITF,ITF1,13,Abruzzo,Abruzzo,1304970,416571,31.92,0.43
1085,2021-04-16,ABR,7542,3491,4051,157,79,46,33,168,271,1685,5048,12,43,5622,1920,ITF,ITF1,13,Abruzzo,Abruzzo,1304970,424113,32.5,0.58
1086,2021-01-30,ABR,1510,567,943,1349,112,47,0,0,0,0,0,0,2,69,1441,ITF,ITF1,13,Abruzzo,Abruzzo,1304970,425623,32.62,0.12
1087,2021-01-02,ABR,548,218,330,540,5,0,0,0,0,0,0,0,3,548,0,ITF,ITF1,13,Abruzzo,Abruzzo,1304970,426171,32.66,0.04
1088,2021-02-06,ABR,1611,742,869,1168,278,72,0,14,7,2,0,0,70,602,1009,ITF,ITF1,13,Abruzzo,Abruzzo,1304970,427782,32.78,0.12
1089,2021-01-11,ABR,1551,557,994,1337,152,48,0,3,0,0,0,0,11,1551,0,ITF,ITF1,13,Abruzzo,Abruzzo,1304970,429333,32.9,0.12
1090,2021-03-02,ABR,3964,1676,2288,934,220,53,405,82,3,1857,2,299,109,3280,684,ITF,ITF1,13,Abruzzo,Abruzzo,1304970,433297,33.2,0.3
1091,2021-04-08,ABR,7353,3322,4031,156,84,73,203,70,409,2633,3629,45,51,5072,2281,ITF,ITF1,13,Abruzzo,Abruzzo,1304970,440650,33.77,0.56
1092,2021-02-02,ABR,1798,677,1121,1243,404,142,0,1,0,0,0,0,8,241,1557,ITF,ITF1,13,Abruzzo,Abruzzo,1304970,442448,33.9,0.14
1093,2021-01-30,PAT,386,132,254,346,7,32,1,0,0,0,0,0,0,152,234,ITH,ITH2,4,Provincia Autonoma Trento,P.A. Trento,541380,386,0.07,0.07
1094,2021-03-05,PAT,2228,700,1528,126,70,102,774,5,24,957,1,158,11,1662,566,ITH,ITH2,4,Provincia Autonoma Trento,P.A. Trento,541380,2614,0.48,0.41
1095,2021-01-14,PAT,699,203,496,482,6,208,0,0,0,0,0,0,3,699,0,ITH,ITH2,4,Provincia Autonoma Trento,P.A. Trento,541380,3313,0.61,0.13
1096,2021-01-24,PAT,547,276,271,535,12,0,0,0,0,0,0,0,0,224,323,ITH,ITH2,4,Provincia Autonoma Trento,P.A. Trento,541380,3860,0.71,0.1
1097,2021-03-15,PAT,1410,545,865,58,130,26,175,3,285,624,15,54,40,946,464,ITH,ITH2,4,Provincia Autonoma Trento,P.A. Trento,541380,5270,0.97,0.26
1098,2021-01-21,PAT,351,94,257,320,13,16,0,0,0,0,0,0,2,228,123,ITH,ITH2,4,Provincia Autonoma Trento,P.A. Trento,541380,5621,1.04,0.06
1099,2021-04-29,PAT,3952,1916,2036,77,84,11,20,2078,1072,148,427,2,33,3788,164,ITH,ITH2,4,Provincia Autonoma Trento,P.A. Trento,541380,9573,1.77,0.73
1100,2021-03-04,PAT,2351,790,1561,161,26,23,347,14,12,1727,0,19,22,1572,779,ITH,ITH2,4,Provincia Autonoma Trento,P.A. Trento,541380,11924,2.2,0.43
1101,2021-03-21,PAT,129,69,60,34,1,0,18,2,18,0,56,0,0,129,0,ITH,ITH2,4,Provincia Autonoma Trento,P.A. Trento,541380,12053,2.23,0.02
1102,2021-04-25,PAT,1968,938,1030,9,4,0,0,1303,215,31,384,0,22,1959,9,ITH,ITH2,4,Provincia Autonoma Trento,P.A. Trento,541380,14021,2.59,0.36
1103,2021-04-14,PAT,3109,1463,1646,115,50,7,7,97,1486,1019,311,2,15,2373,736,ITH,ITH2,4,Provincia Autonoma Trento,P.A. Trento,541380,17130,3.16,0.57
1104,2021-03-03,PAT,1653,621,1032,74,11,60,203,4,5,1267,3,19,7,1136,517,ITH,ITH2,4,Provincia Autonoma Trento,P.A. Trento,541380,18783,3.47,0.31
1105,2021-04-05,PAT,33,16,17,0,0,0,1,21,11,0,0,0,0,33,0,ITH,ITH2,4,Provincia Autonoma Trento,P.A. Trento,541380,18816,3.48,0.01
1106,2021-04-19,PAT,2619,1234,1385,40,12,0,6,592,906,314,678,2,69,2593,26,ITH,ITH2,4,Provincia Autonoma Trento,P.A. Trento,541380,21435,3.96,0.48
1107,2021-02-23,PAT,1108,395,713,272,13,17,50,1,0,751,0,3,1,897,211,ITH,ITH2,4,Provincia Autonoma Trento,P.A. Trento,541380,22543,4.16,0.2
1108,2021-01-13,PAT,421,123,298,392,6,23,0,0,0,0,0,0,0,421,0,ITH,ITH2,4,Provincia Autonoma Trento,P.A. Trento,541380,22964,4.24,0.08
1109,2021-03-07,PAT,22,6,16,0,0,0,22,0,0,0,0,0,0,22,0,ITH,ITH2,4,Provincia Autonoma Trento,P.A. Trento,541380,22986,4.25,0.0
1110,2021-01-27,PAT,802,277,525,463,33,304,0,0,0,1,0,0,1,91,711,ITH,ITH2,4,Provincia Autonoma Trento,P.A. Trento,541380,23788,4.39,0.15
1111,2021-01-29,PAT,1352,331,1021,724,74,542,0,0,0,3,0,0,9,55,1297,ITH,ITH2,4,Provincia Autonoma Trento,P.A. Trento,541380,25140,4.64,0.25
1112,2021-04-15,PAT,3151,1427,1724,179,111,16,3,129,1513,504,680,1,15,2999,152,ITH,ITH2,4,Provincia Autonoma Trento,P.A. Trento,541380,28291,5.23,0.58
1113,2021-03-18,PAT,2297,950,1347,63,1,2,3,9,530,1662,16,2,9,1224,1073,ITH,ITH2,4,Provincia Autonoma Trento,P.A. Trento,541380,30588,5.65,0.42
1114,2021-02-13,PAT,536,333,203,373,4,0,0,1,0,158,0,0,0,171,365,ITH,ITH2,4,Provincia Autonoma Trento,P.A. Trento,541380,31124,5.75,0.1
1115,2021-03-27,PAT,1612,707,905,271,362,0,165,12,352,61,227,135,27,1360,252,ITH,ITH2,4,Provincia Autonoma Trento,P.A. Trento,541380,32736,6.05,0.3
1116,2021-02-12,PAT,1010,340,670,335,54,55,0,2,9,553,0,0,2,589,421,ITH,ITH2,4,Provincia Autonoma Trento,P.A. Trento,541380,33746,6.23,0.19
1117,2021-03-20,PAT,870,401,469,154,97,0,69,0,342,78,127,0,3,669,201,ITH,ITH2,4,Provincia Autonoma Trento,P.A. Trento,541380,34616,6.39,0.16
1118,2021-03-10,PAT,2398,925,1473,356,36,25,316,4,10,1421,2,221,7,1477,921,ITH,ITH2,4,Provincia Autonoma Trento,P.A. Trento,541380,37014,6.84,0.44
1119,2021-01-09,PAT,190,40,150,146,13,31,0,0,0,0,0,0,0,190,0,ITH,ITH2,4,Provincia Autonoma Trento,P.A. Trento,541380,37204,6.87,0.04
1120,2021-03-08,PAT,1398,433,965,65,15,0,277,2,6,1017,1,7,8,1045,353,ITH,ITH2,4,Provincia Autonoma Trento,P.A. Trento,541380,38602,7.13,0.26
1121,2021-03-29,PAT,2451,956,1495,98,30,5,91,32,802,1004,99,4,286,1716,735,ITH,ITH2,4,Provincia Autonoma Trento,P.A. Trento,541380,41053,7.58,0.45
1122,2021-04-17,PAT,2201,1119,1082,13,2,0,0,146,1503,77,449,0,11,2144,57,ITH,ITH2,4,Provincia Autonoma Trento,P.A. Trento,541380,43254,7.99,0.41
1123,2021-01-22,PAT,1668,433,1235,904,121,631,3,3,5,1,0,0,0,329,1339,ITH,ITH2,4,Provincia Autonoma Trento,P.A. Trento,541380,44922,8.3,0.31
1124,2021-02-16,PAT,663,244,419,73,2,3,10,0,8,563,0,0,4,658,5,ITH,ITH2,4,Provincia Autonoma Trento,P.A. Trento,541380,45585,8.42,0.12
1125,2021-02-24,PAT,1318,523,795,236,5,29,66,4,2,974,1,1,0,922,396,ITH,ITH2,4,Provincia Autonoma Trento,P.A. Trento,541380,46903,8.66,0.24
1126,2021-01-23,PAT,577,334,243,487,2,88,0,0,0,0,0,0,0,388,189,ITH,ITH2,4,Provincia Autonoma Trento,P.A. Trento,541380,47480,8.77,0.11
1127,2021-03-17,PAT,2075,795,1280,399,15,55,10,4,279,1270,23,1,19,1202,873,ITH,ITH2,4,Provincia Autonoma Trento,P.A. Trento,541380,49555,9.15,0.38
1128,2021-03-02,PAT,1302,440,862,138,16,55,146,4,9,925,1,1,7,926,376,ITH,ITH2,4,Provincia Autonoma Trento,P.A. Trento,541380,50857,9.39,0.24
1129,2021-02-26,PAT,1218,435,783,250,12,19,105,3,2,823,0,1,3,923,295,ITH,ITH2,4,Provincia Autonoma Trento,P.A. Trento,541380,52075,9.62,0.22
1130,2021-04-07,PAT,2588,1008,1580,264,27,29,101,19,630,1363,131,9,15,1648,940,ITH,ITH2,4,Provincia Autonoma Trento,P.A. Trento,541380,54663,10.1,0.48
1131,2021-04-08,PAT,3111,1293,1818,182,25,46,38,57,1023,1414,307,3,16,1993,1118,ITH,ITH2,4,Provincia Autonoma Trento,P.A. Trento,541380,57774,10.67,0.57
1132,2021-03-13,PAT,829,380,449,203,15,30,259,0,0,44,0,278,0,781,48,ITH,ITH2,4,Provincia Autonoma Trento,P.A. Trento,541380,58603,10.82,0.15
1133,2021-01-08,PAT,1449,313,1136,775,128,530,0,0,7,7,0,0,2,1449,0,ITH,ITH2,4,Provincia Autonoma Trento,P.A. Trento,541380,60052,11.09,0.27
1134,2021-04-11,PAT,2332,1131,1201,45,57,8,175,26,1754,21,233,7,6,2241,91,ITH,ITH2,4,Provincia Autonoma Trento,P.A. Trento,541380,62384,11.52,0.43
1135,2020-12-31,PAT,1624,449,1175,841,105,676,0,0,1,1,0,0,0,1624,0,ITH,ITH2,4,Provincia Autonoma Trento,P.A. Trento,541380,64008,11.82,0.3
1136,2021-02-15,PAT,533,187,346,145,21,27,11,1,1,322,0,0,5,419,114,ITH,ITH2,4,Provincia Autonoma Trento,P.A. Trento,541380,64541,11.92,0.1
1137,2021-03-01,PAT,1237,454,783,74,1,10,95,5,8,1037,0,3,4,942,295,ITH,ITH2,4,Provincia Autonoma Trento,P.A. Trento,541380,65778,12.15,0.23
1138,2021-02-09,PAT,914,287,627,447,8,73,0,2,1,381,0,0,2,441,473,ITH,ITH2,4,Provincia Autonoma Trento,P.A. Trento,541380,66692,12.32,0.17
1139,2021-04-22,PAT,3115,1455,1660,74,49,8,0,1315,897,236,518,2,16,3069,46,ITH,ITH2,4,Provincia Autonoma Trento,P.A. Trento,541380,69807,12.89,0.58
1140,2021-03-06,PAT,773,277,496,362,11,0,195,3,0,195,0,5,2,622,151,ITH,ITH2,4,Provincia Autonoma Trento,P.A. Trento,541380,70580,13.04,0.14
1141,2021-04-30,PAT,3348,1641,1707,36,56,0,15,1957,618,118,457,1,90,3257,91,ITH,ITH2,4,Provincia Autonoma Trento,P.A. Trento,541380,73928,13.66,0.62
1142,2021-01-06,PAT,42,13,29,42,0,0,0,0,0,0,0,0,0,42,0,ITH,ITH2,4,Provincia Autonoma Trento,P.A. Trento,541380,73970,13.66,0.01
1143,2021-01-18,PAT,643,154,489,529,35,73,0,1,0,1,0,0,4,588,55,ITH,ITH2,4,Provincia Autonoma Trento,P.A. Trento,541380,74613,13.78,0.12
1144,2021-01-05,PAT,709,232,477,495,46,162,0,1,1,0,0,0,4,709,0,ITH,ITH2,4,Provincia Autonoma Trento,P.A. Trento,541380,75322,13.91,0.13
1145,2021-04-20,PAT,2860,1369,1491,40,20,0,4,942,1274,175,388,2,15,2820,40,ITH,ITH2,4,Provincia Autonoma Trento,P.A. Trento,541380,78182,14.44,0.53
1146,2021-03-26,PAT,3149,1225,1924,136,178,108,554,30,1095,901,63,46,38,2550,599,ITH,ITH2,4,Provincia Autonoma Trento,P.A. Trento,541380,81331,15.02,0.58
1147,2021-04-23,PAT,3568,1736,1832,33,16,20,9,1590,798,191,882,1,28,3511,57,ITH,ITH2,4,Provincia Autonoma Trento,P.A. Trento,541380,84899,15.68,0.66
1148,2021-02-06,PAT,574,298,276,179,0,0,0,1,0,391,0,0,3,433,141,ITH,ITH2,4,Provincia Autonoma Trento,P.A. Trento,541380,85473,15.79,0.11
1149,2021-02-21,PAT,155,92,63,154,0,0,1,0,0,0,0,0,0,43,112,ITH,ITH2,4,Provincia Autonoma Trento,P.A. Trento,541380,85628,15.82,0.03
1150,2021-01-20,PAT,290,72,218,231,10,48,0,0,0,0,0,0,1,278,12,ITH,ITH2,4,Provincia Autonoma Trento,P.A. Trento,541380,85918,15.87,0.05
1151,2021-01-02,PAT,502,143,359,336,21,141,0,0,0,3,0,0,1,502,0,ITH,ITH2,4,Provincia Autonoma Trento,P.A. Trento,541380,86420,15.96,0.09
1152,2021-04-01,PAT,2891,1227,1664,192,137,8,125,35,501,1644,120,24,105,1798,1093,ITH,ITH2,4,Provincia Autonoma Trento,P.A. Trento,541380,89311,16.5,0.53
1153,2021-03-11,PAT,2293,851,1442,105,50,41,391,8,13,1587,22,59,17,1471,822,ITH,ITH2,4,Provincia Autonoma Trento,P.A. Trento,541380,91604,16.92,0.42
1154,2021-02-02,PAT,907,240,667,507,33,189,0,2,5,170,0,0,1,190,717,ITH,ITH2,4,Provincia Autonoma Trento,P.A. Trento,541380,92511,17.09,0.17
1155,2021-01-11,PAT,730,221,509,523,49,153,0,1,0,0,0,0,4,730,0,ITH,ITH2,4,Provincia Autonoma Trento,P.A. Trento,541380,93241,17.22,0.13
1156,2021-04-18,PAT,1853,844,1009,10,54,4,3,1025,509,23,219,0,6,1845,8,ITH,ITH2,4,Provincia Autonoma Trento,P.A. Trento,541380,95094,17.57,0.34
1157,2021-01-15,PAT,594,131,463,463,18,111,0,0,1,0,0,0,1,594,0,ITH,ITH2,4,Provincia Autonoma Trento,P.A. Trento,541380,95688,17.67,0.11
1158,2021-04-21,PAT,2891,1347,1544,47,12,3,1,1175,920,195,531,0,7,2836,55,ITH,ITH2,4,Provincia Autonoma Trento,P.A. Trento,541380,98579,18.21,0.53
1159,2021-02-17,PAT,1110,425,685,326,9,35,12,3,11,709,0,3,2,1020,90,ITH,ITH2,4,Provincia Autonoma Trento,P.A. Trento,541380,99689,18.41,0.21
1160,2021-03-23,PAT,2430,939,1491,146,111,71,163,7,845,1002,35,34,16,1698,732,ITH,ITH2,4,Provincia Autonoma Trento,P.A. Trento,541380,102119,18.86,0.45
1161,2021-03-24,PAT,2373,939,1434,207,89,42,224,6,237,1450,66,42,10,1553,820,ITH,ITH2,4,Provincia Autonoma Trento,P.A. Trento,541380,104492,19.3,0.44
1162,2020-12-27,PAT,103,40,63,76,4,21,0,0,0,0,0,0,2,103,0,ITH,ITH2,4,Provincia Autonoma Trento,P.A. Trento,541380,104595,19.32,0.02
1163,2021-03-14,PAT,107,65,42,102,0,0,5,0,0,0,0,0,0,20,87,ITH,ITH2,4,Provincia Autonoma Trento,P.A. Trento,541380,104702,19.34,0.02
1164,2021-04-24,PAT,3440,1654,1786,3,30,3,2,2124,338,43,884,0,13,3421,19,ITH,ITH2,4,Provincia Autonoma Trento,P.A. Trento,541380,108142,19.98,0.64
1165,2021-04-27,PAT,3832,1843,1989,26,104,1,5,2086,897,130,526,16,41,3776,56,ITH,ITH2,4,Provincia Autonoma Trento,P.A. Trento,541380,111974,20.68,0.71
1166,2021-01-10,PAT,84,19,65,54,18,12,0,0,0,0,0,0,0,84,0,ITH,ITH2,4,Provincia Autonoma Trento,P.A. Trento,541380,112058,20.7,0.02
1167,2021-01-31,PAT,75,15,60,55,13,6,0,1,0,0,0,0,0,1,74,ITH,ITH2,4,Provincia Autonoma Trento,P.A. Trento,541380,112133,20.71,0.01
1168,2021-02-10,PAT,850,290,560,310,7,51,0,1,0,481,0,0,0,509,341,ITH,ITH2,4,Provincia Autonoma Trento,P.A. Trento,541380,112983,20.87,0.16
1169,2021-04-02,PAT,2773,1140,1633,152,65,44,297,58,1168,689,133,15,152,2109,664,ITH,ITH2,4,Provincia Autonoma Trento,P.A. Trento,541380,115756,21.38,0.51
1170,2021-01-12,PAT,505,158,347,418,25,61,0,0,0,0,0,0,1,505,0,ITH,ITH2,4,Provincia Autonoma Trento,P.A. Trento,541380,116261,21.47,0.09
1171,2021-01-01,PAT,213,50,163,114,11,88,0,0,0,0,0,0,0,213,0,ITH,ITH2,4,Provincia Autonoma Trento,P.A. Trento,541380,116474,21.51,0.04
1172,2021-02-11,PAT,1132,365,767,332,3,48,0,0,5,739,0,0,5,796,336,ITH,ITH2,4,Provincia Autonoma Trento,P.A. Trento,541380,117606,21.72,0.21
1173,2021-03-09,PAT,1579,588,991,98,44,31,199,2,8,1102,1,92,2,936,643,ITH,ITH2,4,Provincia Autonoma Trento,P.A. Trento,541380,119185,22.02,0.29
1174,2021-04-12,PAT,3076,1400,1676,137,29,31,364,80,1321,754,317,12,31,2581,495,ITH,ITH2,4,Provincia Autonoma Trento,P.A. Trento,541380,122261,22.58,0.57
1175,2021-02-01,PAT,1220,335,885,767,70,375,0,1,1,0,0,0,6,92,1128,ITH,ITH2,4,Provincia Autonoma Trento,P.A. Trento,541380,123481,22.81,0.23
1176,2021-03-12,PAT,2492,931,1561,207,253,106,557,9,26,1120,5,203,6,1688,804,ITH,ITH2,4,Provincia Autonoma Trento,P.A. Trento,541380,125973,23.27,0.46
1177,2021-01-07,PAT,1270,310,960,649,46,557,0,1,4,13,0,0,0,1270,0,ITH,ITH2,4,Provincia Autonoma Trento,P.A. Trento,541380,127243,23.5,0.23
1178,2021-02-27,PAT,1024,455,569,459,5,2,113,0,2,434,0,4,5,604,420,ITH,ITH2,4,Provincia Autonoma Trento,P.A. Trento,541380,128267,23.69,0.19
1179,2021-02-20,PAT,406,245,161,330,10,30,31,0,0,1,0,3,1,122,284,ITH,ITH2,4,Provincia Autonoma Trento,P.A. Trento,541380,128673,23.77,0.07
1180,2021-01-25,PAT,817,215,602,524,27,263,0,0,0,2,0,0,1,23,794,ITH,ITH2,4,Provincia Autonoma Trento,P.A. Trento,541380,129490,23.92,0.15
1181,2021-02-08,PAT,1151,318,833,551,53,237,1,1,4,303,0,0,1,342,809,ITH,ITH2,4,Provincia Autonoma Trento,P.A. Trento,541380,130641,24.13,0.21
1182,2021-03-31,PAT,2552,983,1569,147,34,5,227,26,480,1474,101,6,52,1695,857,ITH,ITH2,4,Provincia Autonoma Trento,P.A. Trento,541380,133193,24.6,0.47
1183,2021-02-04,PAT,972,304,668,543,10,89,0,1,2,325,0,0,2,420,552,ITH,ITH2,4,Provincia Autonoma Trento,P.A. Trento,541380,134165,24.78,0.18
1184,2021-02-05,PAT,802,271,531,467,19,66,0,1,0,248,0,0,1,283,519,ITH,ITH2,4,Provincia Autonoma Trento,P.A. Trento,541380,134967,24.93,0.15
1185,2021-04-10,PAT,2789,1305,1484,21,8,1,187,42,2183,67,257,11,12,1995,794,ITH,ITH2,4,Provincia Autonoma Trento,P.A. Trento,541380,137756,25.45,0.52
1186,2021-03-22,PAT,2304,972,1332,82,132,8,103,11,849,994,61,38,26,1429,875,ITH,ITH2,4,Provincia Autonoma Trento,P.A. Trento,541380,140060,25.87,0.43
1187,2021-01-17,PAT,251,195,56,251,0,0,0,0,0,0,0,0,0,251,0,ITH,ITH2,4,Provincia Autonoma Trento,P.A. Trento,541380,140311,25.92,0.05
1188,2021-04-16,PAT,2792,1318,1474,82,28,25,8,223,1237,388,774,2,25,2647,145,ITH,ITH2,4,Provincia Autonoma Trento,P.A. Trento,541380,143103,26.43,0.52
1189,2021-01-16,PAT,319,148,171,304,0,15,0,0,0,0,0,0,0,319,0,ITH,ITH2,4,Provincia Autonoma Trento,P.A. Trento,541380,143422,26.49,0.06
1190,2021-02-18,PAT,1205,426,779,300,25,35,55,2,3,782,0,3,0,1143,62,ITH,ITH2,4,Provincia Autonoma Trento,P.A. Trento,541380,144627,26.71,0.22
1191,2021-02-28,PAT,242,121,121,231,0,0,11,0,0,0,0,0,0,242,0,ITH,ITH2,4,Provincia Autonoma Trento,P.A. Trento,541380,144869,26.76,0.04
1192,2021-04-06,PAT,2254,948,1306,39,6,9,101,11,849,1068,141,18,12,1488,766,ITH,ITH2,4,Provincia Autonoma Trento,P.A. Trento,541380,147123,27.18,0.42
1193,2021-03-28,PAT,746,290,456,18,413,0,2,9,18,8,167,107,4,743,3,ITH,ITH2,4,Provincia Autonoma Trento,P.A. Trento,541380,147869,27.31,0.14
1194,2021-04-03,PAT,1132,471,661,143,266,0,31,9,146,60,365,107,5,965,167,ITH,ITH2,4,Provincia Autonoma Trento,P.A. Trento,541380,149001,27.52,0.21
1195,2021-02-22,PAT,745,259,486,119,4,70,45,1,4,501,0,0,1,661,84,ITH,ITH2,4,Provincia Autonoma Trento,P.A. Trento,541380,149746,27.66,0.14
1196,2021-04-26,PAT,2635,1243,1392,18,12,0,10,667,1147,148,615,1,17,2544,91,ITH,ITH2,4,Provincia Autonoma Trento,P.A. Trento,541380,152381,28.15,0.49
1197,2021-03-19,PAT,2423,915,1508,321,70,53,68,17,758,1065,50,2,19,1571,852,ITH,ITH2,4,Provincia Autonoma Trento,P.A. Trento,541380,154804,28.59,0.45
1198,2021-02-19,PAT,927,358,569,170,37,93,28,5,11,582,0,1,0,869,58,ITH,ITH2,4,Provincia Autonoma Trento,P.A. Trento,541380,155731,28.77,0.17
1199,2021-01-28,PAT,530,147,383,390,29,107,0,1,1,2,0,0,0,48,482,ITH,ITH2,4,Provincia Autonoma Trento,P.A. Trento,541380,156261,28.86,0.1
1200,2021-03-16,PAT,1391,506,885,221,7,36,5,1,24,1073,11,0,13,608,783,ITH,ITH2,4,Provincia Autonoma Trento,P.A. Trento,541380,157652,29.12,0.26
1201,2021-01-04,PAT,870,227,643,486,41,336,0,2,4,1,0,0,0,870,0,ITH,ITH2,4,Provincia Autonoma Trento,P.A. Trento,541380,158522,29.28,0.16
1202,2021-04-09,PAT,2705,1143,1562,86,27,27,196,60,1290,897,111,4,7,1506,1199,ITH,ITH2,4,Provincia Autonoma Trento,P.A. Trento,541380,161227,29.78,0.5
1203,2021-02-25,PAT,1639,642,997,120,9,32,93,2,3,1377,0,1,2,1199,440,ITH,ITH2,4,Provincia Autonoma Trento,P.A. Trento,541380,162866,30.08,0.3
1204,2021-01-03,PAT,492,160,332,419,9,63,0,0,0,0,0,0,1,492,0,ITH,ITH2,4,Provincia Autonoma Trento,P.A. Trento,541380,163358,30.17,0.09
1205,2021-04-28,PAT,4095,1911,2184,91,43,5,21,2327,888,151,529,1,39,3966,129,ITH,ITH2,4,Provincia Autonoma Trento,P.A. Trento,541380,167453,30.93,0.76
1206,2021-01-19,PAT,405,77,328,365,3,36,0,0,0,0,0,0,1,405,0,ITH,ITH2,4,Provincia Autonoma Trento,P.A. Trento,541380,167858,31.01,0.07
1207,2021-02-03,PAT,846,314,532,356,13,73,0,1,2,400,0,0,1,414,432,ITH,ITH2,4,Provincia Autonoma Trento,P.A. Trento,541380,168704,31.16,0.16
1208,2021-02-14,PAT,246,186,60,246,0,0,0,0,0,0,0,0,0,11,235,ITH,ITH2,4,Provincia Autonoma Trento,P.A. Trento,541380,168950,31.21,0.05
1209,2021-04-13,PAT,2544,1053,1491,25,12,3,387,40,1218,693,144,2,20,2037,507,ITH,ITH2,4,Provincia Autonoma Trento,P.A. Trento,541380,171494,31.68,0.47
1210,2020-12-30,PAT,7,3,4,4,1,2,0,0,0,0,0,0,0,7,0,ITH,ITH2,4,Provincia Autonoma Trento,P.A. Trento,541380,171501,31.68,0.0
1211,2021-03-25,PAT,2871,1103,1768,183,141,28,359,32,631,1326,83,25,63,1822,1049,ITH,ITH2,4,Provincia Autonoma Trento,P.A. Trento,541380,174372,32.21,0.53
1212,2021-03-30,PAT,2379,970,1409,71,60,53,176,18,792,1048,94,9,58,1742,637,ITH,ITH2,4,Provincia Autonoma Trento,P.A. Trento,541380,176751,32.65,0.44
1213,2021-01-26,PAT,542,154,388,441,16,84,0,0,0,0,0,0,1,27,515,ITH,ITH2,4,Provincia Autonoma Trento,P.A. Trento,541380,177293,32.75,0.1
1214,2021-04-10,CAM,28338,13486,14852,259,61,90,733,333,7069,6314,12857,211,411,23423,4915,ITF,ITF3,15,Campania,Campania,5801692,28338,0.49,0.49
1215,2021-04-04,CAM,7943,4003,3940,177,28,6,73,46,1211,1996,4044,63,299,6900,1043,ITF,ITF3,15,Campania,Campania,5801692,36281,0.63,0.14
1216,2021-04-28,CAM,36409,17613,18796,168,46,52,226,7009,6953,3725,15803,335,2092,26691,9718,ITF,ITF3,15,Campania,Campania,5801692,72690,1.25,0.63
1217,2021-01-12,CAM,5214,2563,2651,3439,722,340,0,104,29,7,0,0,573,5214,0,ITF,ITF3,15,Campania,Campania,5801692,77904,1.34,0.09
1218,2021-04-02,CAM,21734,10410,11324,263,48,108,1063,138,6340,3968,8558,515,733,19416,2318,ITF,ITF3,15,Campania,Campania,5801692,99638,1.72,0.37
1219,2021-02-19,CAM,9554,3556,5998,1663,169,161,2192,103,35,4457,0,0,774,8904,650,ITF,ITF3,15,Campania,Campania,5801692,109192,1.88,0.16
1220,2021-01-01,CAM,919,506,413,831,85,0,0,2,0,0,0,0,1,919,0,ITF,ITF3,15,Campania,Campania,5801692,110111,1.9,0.02
1221,2021-03-26,CAM,19453,8929,10524,363,40,142,1634,100,3152,7624,5466,464,468,15643,3810,ITF,ITF3,15,Campania,Campania,5801692,129564,2.23,0.34
1222,2021-02-11,CAM,6278,2704,3574,1861,279,129,0,238,90,2410,0,0,1271,6212,66,ITF,ITF3,15,Campania,Campania,5801692,135842,2.34,0.11
1223,2021-01-18,CAM,957,399,558,576,93,187,0,12,4,17,0,0,68,713,244,ITF,ITF3,15,Campania,Campania,5801692,136799,2.36,0.02
1224,2021-02-22,CAM,10664,3292,7372,545,60,143,5542,63,38,3899,0,0,374,10401,263,ITF,ITF3,15,Campania,Campania,5801692,147463,2.54,0.18
1225,2021-04-03,CAM,21106,10310,10796,203,50,185,558,106,5970,4524,8849,207,454,18730,2376,ITF,ITF3,15,Campania,Campania,5801692,168569,2.91,0.36
1226,2021-02-08,CAM,5112,2449,2663,1387,320,226,0,327,180,1436,0,0,1236,4310,802,ITF,ITF3,15,Campania,Campania,5801692,173681,2.99,0.09
1227,2021-01-16,CAM,3369,1675,1694,1355,230,373,0,231,63,32,0,0,1085,3369,0,ITF,ITF3,15,Campania,Campania,5801692,177050,3.05,0.06
1228,2021-04-01,CAM,24304,11665,12639,416,63,83,1626,170,4315,7020,9396,572,643,20174,4130,ITF,ITF3,15,Campania,Campania,5801692,201354,3.47,0.42
1229,2021-03-13,CAM,14252,6793,7459,404,136,193,3685,84,27,6717,0,2322,684,8967,5285,ITF,ITF3,15,Campania,Campania,5801692,215606,3.72,0.25
1230,2021-01-06,CAM,7652,3749,3903,5781,838,300,0,116,29,4,0,0,584,7652,0,ITF,ITF3,15,Campania,Campania,5801692,223258,3.85,0.13
1231,2021-03-16,CAM,8088,3519,4569,289,61,60,114,47,85,6876,235,29,292,3774,4314,ITF,ITF3,15,Campania,Campania,5801692,231346,3.99,0.14
1232,2021-03-12,CAM,14247,7095,7152,1022,156,82,2802,114,56,6606,0,2438,971,8164,6083,ITF,ITF3,15,Campania,Campania,5801692,245593,4.23,0.25
1233,2021-04-15,CAM,34293,16644,17649,313,46,21,318,4261,7018,6153,15607,121,435,24420,9873,ITF,ITF3,15,Campania,Campania,5801692,279886,4.82,0.59
1234,2020-12-27,CAM,720,422,298,703,14,0,0,0,1,0,0,0,2,720,0,ITF,ITF3,15,Campania,Campania,5801692,280606,4.84,0.01
1235,2021-04-18,CAM,27159,13263,13896,108,23,7,240,3940,5519,5346,11734,84,158,18265,8894,ITF,ITF3,15,Campania,Campania,5801692,307765,5.3,0.47
1236,2021-01-29,CAM,10052,4812,5240,6405,1052,259,0,307,75,19,0,0,1935,47,10005,ITF,ITF3,15,Campania,Campania,5801692,317817,5.48,0.17
1237,2021-04-12,CAM,23301,10919,12382,149,64,70,217,1027,10305,3270,7759,129,311,20264,3037,ITF,ITF3,15,Campania,Campania,5801692,341118,5.88,0.4
1238,2021-02-17,CAM,7388,3210,4178,1013,208,38,362,129,70,4913,0,0,655,6328,1060,ITF,ITF3,15,Campania,Campania,5801692,348506,6.01,0.13
1239,2021-02-16,CAM,5435,2410,3025,983,276,169,1,118,43,3189,0,0,656,4664,771,ITF,ITF3,15,Campania,Campania,5801692,353941,6.1,0.09
1240,2021-04-21,CAM,30276,14738,15538,103,43,6,266,5935,7879,3778,11924,104,238,18059,12217,ITF,ITF3,15,Campania,Campania,5801692,384217,6.62,0.52
1241,2021-01-25,CAM,5744,2926,2818,4743,644,56,0,46,13,2,0,0,240,164,5580,ITF,ITF3,15,Campania,Campania,5801692,389961,6.72,0.1
1242,2021-02-27,CAM,13943,4471,9472,825,290,82,8311,245,112,3184,0,0,894,12301,1642,ITF,ITF3,15,Campania,Campania,5801692,403904,6.96,0.24
1243,2021-01-09,CAM,10566,5024,5542,6759,1256,269,0,253,64,21,0,0,1944,10566,0,ITF,ITF3,15,Campania,Campania,5801692,414470,7.14,0.18
1244,2021-04-24,CAM,36297,17518,18779,147,36,7,371,4560,8223,4164,18177,148,464,25065,11232,ITF,ITF3,15,Campania,Campania,5801692,450767,7.77,0.63
1245,2021-02-18,CAM,9079,3811,5268,1752,241,89,438,142,57,5561,0,1,798,8371,708,ITF,ITF3,15,Campania,Campania,5801692,459846,7.93,0.16
1246,2021-01-08,CAM,10456,4969,5487,6715,1147,212,0,309,80,18,0,0,1975,10456,0,ITF,ITF3,15,Campania,Campania,5801692,470302,8.11,0.18
1247,2021-04-11,CAM,17521,8606,8915,116,34,2,203,313,5114,1834,9597,82,226,15443,2078,ITF,ITF3,15,Campania,Campania,5801692,487823,8.41,0.3
1248,2021-04-29,CAM,41251,19994,21257,267,106,76,674,7035,7484,3615,19960,344,1690,24793,16458,ITF,ITF3,15,Campania,Campania,5801692,529074,9.12,0.71
1249,2021-02-25,CAM,12422,4479,7943,803,119,124,4805,144,81,5692,0,0,654,11234,1188,ITF,ITF3,15,Campania,Campania,5801692,541496,9.33,0.21
1250,2021-01-14,CAM,7073,2977,4096,3707,1264,350,0,206,61,14,0,0,1471,7073,0,ITF,ITF3,15,Campania,Campania,5801692,548569,9.46,0.12
1251,2021-02-20,CAM,8564,3079,5485,1023,158,145,1966,57,13,4588,0,0,614,8261,303,ITF,ITF3,15,Campania,Campania,5801692,557133,9.6,0.15
1252,2021-04-27,CAM,32038,15557,16481,228,270,14,456,6666,6225,2849,14046,279,1005,24157,7881,ITF,ITF3,15,Campania,Campania,5801692,589171,10.16,0.55
1253,2021-01-26,CAM,7340,3726,3614,5775,847,231,0,87,27,5,0,0,368,353,6987,ITF,ITF3,15,Campania,Campania,5801692,596511,10.28,0.13
1254,2021-02-14,CAM,3924,1921,2003,626,102,15,0,130,122,2472,0,0,457,3890,34,ITF,ITF3,15,Campania,Campania,5801692,600435,10.35,0.07
1255,2021-04-13,CAM,26595,12675,13920,226,69,97,244,2700,11287,4202,7135,135,500,21067,5528,ITF,ITF3,15,Campania,Campania,5801692,627030,10.81,0.46
1256,2021-03-14,CAM,8505,3721,4784,328,115,2,2018,56,27,4563,0,975,421,4367,4138,ITF,ITF3,15,Campania,Campania,5801692,635535,10.95,0.15
1257,2021-02-10,CAM,6904,3413,3491,1945,284,98,0,448,235,2218,0,0,1676,6728,176,ITF,ITF3,15,Campania,Campania,5801692,642439,11.07,0.12
1258,2021-02-06,CAM,5341,2665,2676,1990,520,459,0,427,176,58,0,0,1711,2103,3238,ITF,ITF3,15,Campania,Campania,5801692,647780,11.17,0.09
1259,2021-01-10,CAM,8165,3736,4429,5179,1010,97,0,232,62,13,0,0,1572,8165,0,ITF,ITF3,15,Campania,Campania,5801692,655945,11.31,0.14
1260,2021-04-20,CAM,32093,15545,16548,152,40,199,332,7679,7197,4717,11293,142,342,20772,11321,ITF,ITF3,15,Campania,Campania,5801692,688038,11.86,0.55
1261,2021-01-05,CAM,7236,3637,3599,5809,923,106,0,68,20,4,0,0,306,7236,0,ITF,ITF3,15,Campania,Campania,5801692,695274,11.98,0.12
1262,2021-01-30,CAM,10721,5079,5642,6930,1278,227,0,251,68,18,0,0,1949,39,10682,ITF,ITF3,15,Campania,Campania,5801692,705995,12.17,0.18
1263,2021-04-25,CAM,30683,15163,15520,343,104,5,200,8496,5521,2241,13358,89,326,25298,5385,ITF,ITF3,15,Campania,Campania,5801692,736678,12.7,0.53
1264,2021-04-23,CAM,32323,15514,16809,161,42,69,320,5736,6225,3796,15470,181,323,23189,9134,ITF,ITF3,15,Campania,Campania,5801692,769001,13.25,0.56
1265,2021-02-05,CAM,7261,3463,3798,3447,995,308,0,348,140,35,0,0,1988,2133,5128,ITF,ITF3,15,Campania,Campania,5801692,776262,13.38,0.13
1266,2021-01-11,CAM,4072,1871,2201,2386,681,252,0,111,28,14,0,0,600,4072,0,ITF,ITF3,15,Campania,Campania,5801692,780334,13.45,0.07
1267,2021-04-16,CAM,34284,16546,17738,236,50,108,314,3195,6274,6624,16838,277,368,23630,10654,ITF,ITF3,15,Campania,Campania,5801692,814618,14.04,0.59
1268,2021-03-27,CAM,21275,10028,11247,356,39,63,1957,88,4053,7142,6936,210,431,17412,3863,ITF,ITF3,15,Campania,Campania,5801692,835893,14.41,0.37
1269,2021-03-22,CAM,12744,5922,6822,309,762,72,2470,80,3639,3502,588,922,400,10706,2038,ITF,ITF3,15,Campania,Campania,5801692,848637,14.63,0.22
1270,2021-03-17,CAM,11586,5096,6490,490,134,49,137,55,158,10009,141,43,370,5007,6579,ITF,ITF3,15,Campania,Campania,5801692,860223,14.83,0.2
1271,2021-03-01,CAM,12122,4245,7877,1153,319,147,5786,304,181,3104,0,0,1128,8011,4111,ITF,ITF3,15,Campania,Campania,5801692,872345,15.04,0.21
1272,2021-02-04,CAM,7943,3429,4514,3965,1245,292,0,328,140,25,0,0,1948,1308,6635,ITF,ITF3,15,Campania,Campania,5801692,880288,15.17,0.14
1273,2021-03-31,CAM,22677,10902,11775,340,85,111,1164,143,7471,5176,7334,307,546,19239,3438,ITF,ITF3,15,Campania,Campania,5801692,902965,15.56,0.39
1274,2021-03-02,CAM,12745,4550,8195,1294,197,147,5899,365,225,3279,0,2,1337,8402,4343,ITF,ITF3,15,Campania,Campania,5801692,915710,15.78,0.22
1275,2021-01-23,CAM,3838,2028,1810,3161,343,69,0,40,8,0,0,0,217,273,3565,ITF,ITF3,15,Campania,Campania,5801692,919548,15.85,0.07
1276,2021-02-09,CAM,4643,2202,2441,1148,178,6,0,356,211,1381,0,0,1363,4391,252,ITF,ITF3,15,Campania,Campania,5801692,924191,15.93,0.08
1277,2021-02-15,CAM,5470,2516,2954,987,238,94,1,98,64,3403,1,1,583,5297,173,ITF,ITF3,15,Campania,Campania,5801692,929661,16.02,0.09
1278,2021-03-28,CAM,15548,7497,8051,79,156,18,679,55,3590,5102,5532,165,172,13925,1623,ITF,ITF3,15,Campania,Campania,5801692,945209,16.29,0.27
1279,2021-02-24,CAM,11767,4146,7621,845,194,145,4189,45,24,5963,1,0,361,11079,688,ITF,ITF3,15,Campania,Campania,5801692,956976,16.49,0.2
1280,2021-04-06,CAM,24381,11420,12961,306,116,141,1555,101,10173,5375,5994,208,412,19864,4517,ITF,ITF3,15,Campania,Campania,5801692,981357,16.92,0.42
1281,2021-02-28,CAM,10411,3206,7205,496,116,22,5496,302,139,2261,0,0,1579,8511,1900,ITF,ITF3,15,Campania,Campania,5801692,991768,17.09,0.18
1282,2021-02-07,CAM,2929,1382,1547,706,189,225,0,260,155,342,0,0,1052,2158,771,ITF,ITF3,15,Campania,Campania,5801692,994697,17.14,0.05
1283,2020-12-31,CAM,1490,811,679,1273,150,1,0,11,2,0,0,0,53,1490,0,ITF,ITF3,15,Campania,Campania,5801692,996187,17.17,0.03
1284,2021-03-20,CAM,13894,6433,7461,295,43,35,2883,76,1677,6516,772,1020,577,10155,3739,ITF,ITF3,15,Campania,Campania,5801692,1010081,17.41,0.24
1285,2021-04-26,CAM,33889,16587,17302,216,140,4,165,8369,4157,2321,18044,148,325,28273,5616,ITF,ITF3,15,Campania,Campania,5801692,1043970,17.99,0.58
1286,2021-01-17,CAM,1155,551,604,718,54,151,0,22,7,3,0,0,200,702,453,ITF,ITF3,15,Campania,Campania,5801692,1045125,18.01,0.02
1287,2021-02-21,CAM,5833,2239,3594,780,45,22,508,56,14,3871,0,0,537,5608,225,ITF,ITF3,15,Campania,Campania,5801692,1050958,18.11,0.1
1288,2021-03-19,CAM,11030,4868,6162,392,68,21,853,70,134,8441,474,138,439,7161,3869,ITF,ITF3,15,Campania,Campania,5801692,1061988,18.3,0.19
1289,2021-01-21,CAM,2093,1116,977,1379,153,75,0,95,32,22,0,0,337,677,1416,ITF,ITF3,15,Campania,Campania,5801692,1064081,18.34,0.04
1290,2021-03-29,CAM,18950,9134,9816,362,51,129,1198,83,4477,5050,6846,304,450,17406,1544,ITF,ITF3,15,Campania,Campania,5801692,1083031,18.67,0.33
1291,2021-02-26,CAM,13327,4228,9099,951,127,220,7829,130,65,3422,0,1,582,11992,1335,ITF,ITF3,15,Campania,Campania,5801692,1096358,18.9,0.23
1292,2021-03-18,CAM,12163,5376,6787,460,79,34,459,72,260,9973,231,99,496,5975,6188,ITF,ITF3,15,Campania,Campania,5801692,1108521,19.11,0.21
1293,2021-03-05,CAM,16475,6347,10128,1683,243,64,5787,320,141,6364,0,4,1869,9815,6660,ITF,ITF3,15,Campania,Campania,5801692,1124996,19.39,0.28
1294,2021-01-07,CAM,8910,4166,4744,6313,1087,332,0,193,29,11,0,0,945,8910,0,ITF,ITF3,15,Campania,Campania,5801692,1133906,19.54,0.15
1295,2021-03-06,CAM,16304,6750,9554,993,135,173,5486,250,170,7145,0,1105,847,10637,5667,ITF,ITF3,15,Campania,Campania,5801692,1150210,19.83,0.28
1296,2021-04-22,CAM,33910,16513,17397,226,53,21,306,5244,6685,5070,15842,135,328,21517,12393,ITF,ITF3,15,Campania,Campania,5801692,1184120,20.41,0.58
1297,2021-04-30,CAM,41924,19979,21945,313,66,68,1041,6317,8458,3469,18988,529,2675,25603,16321,ITF,ITF3,15,Campania,Campania,5801692,1226044,21.13,0.72
1298,2021-03-03,CAM,13916,5492,8424,2088,240,156,4232,469,251,4809,0,4,1667,7287,6629,ITF,ITF3,15,Campania,Campania,5801692,1239960,21.37,0.24
1299,2021-04-17,CAM,36168,17497,18671,217,41,7,433,4708,6964,6358,16960,140,340,24644,11524,ITF,ITF3,15,Campania,Campania,5801692,1276128,22.0,0.62
1300,2021-03-10,CAM,15241,7375,7866,705,246,26,2468,121,44,8441,1,2345,844,8411,6830,ITF,ITF3,15,Campania,Campania,5801692,1291369,22.26,0.26
1301,2021-03-21,CAM,9982,4592,5390,168,28,17,1677,46,3787,2935,762,383,179,7593,2389,ITF,ITF3,15,Campania,Campania,5801692,1301351,22.43,0.17
1302,2021-03-08,CAM,14535,6715,7820,888,248,70,4957,156,78,4873,0,2275,990,9760,4775,ITF,ITF3,15,Campania,Campania,5801692,1315886,22.68,0.25
1303,2021-02-23,CAM,10995,3385,7610,520,87,295,5939,57,30,3760,0,0,307,10469,526,ITF,ITF3,15,Campania,Campania,5801692,1326881,22.87,0.19
1304,2021-01-22,CAM,1523,775,748,970,120,209,0,28,6,4,0,0,186,673,850,ITF,ITF3,15,Campania,Campania,5801692,1328404,22.9,0.03
1305,2021-02-12,CAM,6528,2860,3668,1885,306,208,4,160,69,3062,0,0,834,6342,186,ITF,ITF3,15,Campania,Campania,5801692,1334932,23.01,0.11
1306,2021-03-04,CAM,14648,5349,9299,1901,305,136,4835,302,98,5595,0,1,1475,8755,5893,ITF,ITF3,15,Campania,Campania,5801692,1349580,23.26,0.25
1307,2021-03-23,CAM,15331,7055,8276,359,491,181,3292,160,2743,4739,2113,577,676,12826,2505,ITF,ITF3,15,Campania,Campania,5801692,1364911,23.53,0.26
1308,2021-03-24,CAM,17618,8081,9537,410,99,70,2442,111,1943,6725,4802,621,395,14667,2951,ITF,ITF3,15,Campania,Campania,5801692,1382529,23.83,0.3
1309,2021-01-24,CAM,4128,2123,2005,3140,410,166,0,46,10,0,0,0,356,383,3745,ITF,ITF3,15,Campania,Campania,5801692,1386657,23.9,0.07
1310,2021-03-25,CAM,19996,9339,10657,308,52,8,2483,124,2563,7454,6029,396,579,16494,3502,ITF,ITF3,15,Campania,Campania,5801692,1406653,24.25,0.34
1311,2021-02-13,CAM,5509,2550,2959,960,114,131,2,160,127,3622,0,0,393,5292,217,ITF,ITF3,15,Campania,Campania,5801692,1412162,24.34,0.09
1312,2021-04-19,CAM,30458,14747,15711,177,51,91,241,7794,5423,5106,11191,121,263,18895,11563,ITF,ITF3,15,Campania,Campania,5801692,1442620,24.87,0.52
1313,2021-02-01,CAM,3985,1813,2172,2504,656,152,0,102,26,14,0,0,531,110,3875,ITF,ITF3,15,Campania,Campania,5801692,1446605,24.93,0.07
1314,2021-01-02,CAM,3673,1962,1711,3167,340,0,0,22,8,0,0,0,136,3673,0,ITF,ITF3,15,Campania,Campania,5801692,1450278,25.0,0.06
1315,2021-01-20,CAM,1257,650,607,395,146,101,0,101,100,17,0,0,397,1257,0,ITF,ITF3,15,Campania,Campania,5801692,1451535,25.02,0.02
1316,2021-03-09,CAM,13838,6619,7219,797,276,184,4187,177,49,4512,1,2515,1140,10057,3781,ITF,ITF3,15,Campania,Campania,5801692,1465373,25.26,0.24
1317,2021-04-05,CAM,11635,5542,6093,141,23,6,432,31,2455,2878,5306,111,252,9213,2422,ITF,ITF3,15,Campania,Campania,5801692,1477008,25.46,0.2
1318,2021-01-27,CAM,7738,3820,3918,5839,875,270,0,118,32,4,0,0,600,163,7575,ITF,ITF3,15,Campania,Campania,5801692,1484746,25.59,0.13
1319,2021-01-31,CAM,8066,3711,4355,5106,1012,67,0,238,61,12,0,0,1570,23,8043,ITF,ITF3,15,Campania,Campania,5801692,1492812,25.73,0.14
1320,2021-01-19,CAM,1095,474,621,534,129,171,0,36,7,1,0,0,217,1092,3,ITF,ITF3,15,Campania,Campania,5801692,1493907,25.75,0.02
1321,2021-03-11,CAM,17573,8665,8908,1049,295,105,2834,180,87,8955,0,2956,1112,10297,7276,ITF,ITF3,15,Campania,Campania,5801692,1511480,26.05,0.3
1322,2021-01-28,CAM,8833,4122,4711,6216,1094,347,0,190,32,12,0,0,942,135,8698,ITF,ITF3,15,Campania,Campania,5801692,1520313,26.2,0.15
1323,2021-01-04,CAM,5826,2963,2863,4850,679,0,0,45,5,1,0,0,246,5826,0,ITF,ITF3,15,Campania,Campania,5801692,1526139,26.31,0.1
1324,2021-04-09,CAM,29810,13949,15861,261,74,39,958,183,9292,7321,10728,353,601,23694,6116,ITF,ITF3,15,Campania,Campania,5801692,1555949,26.82,0.51
1325,2021-02-02,CAM,5722,2804,2918,3640,828,354,0,140,50,22,0,0,688,443,5279,ITF,ITF3,15,Campania,Campania,5801692,1561671,26.92,0.1
1326,2021-03-15,CAM,12936,6087,6849,821,142,78,2561,82,1445,6287,12,1065,443,8191,4745,ITF,ITF3,15,Campania,Campania,5801692,1574607,27.14,0.22
1327,2021-02-03,CAM,8902,4002,4900,4736,1101,714,0,295,74,34,0,0,1948,878,8024,ITF,ITF3,15,Campania,Campania,5801692,1583509,27.29,0.15
1328,2021-04-08,CAM,28266,13636,14630,283,131,58,1040,135,6668,7227,11878,401,445,22431,5835,ITF,ITF3,15,Campania,Campania,5801692,1611775,27.78,0.49
1329,2021-01-15,CAM,4980,2381,2599,2740,832,191,0,159,72,22,0,0,964,4980,0,ITF,ITF3,15,Campania,Campania,5801692,1616755,27.87,0.09
1330,2021-04-14,CAM,27636,13327,14309,268,55,22,268,3203,11169,5110,7059,133,349,19073,8563,ITF,ITF3,15,Campania,Campania,5801692,1644391,28.34,0.48
1331,2021-01-03,CAM,3837,2009,1828,3191,401,0,0,31,6,0,0,0,208,3837,0,ITF,ITF3,15,Campania,Campania,5801692,1648228,28.41,0.07
1332,2021-03-07,CAM,11911,5344,6567,533,110,85,4351,158,134,4030,0,1953,557,8070,3841,ITF,ITF3,15,Campania,Campania,5801692,1660139,28.61,0.21
1333,2021-03-30,CAM,21723,10271,11452,278,47,182,1836,155,5858,5685,6765,284,633,18767,2956,ITF,ITF3,15,Campania,Campania,5801692,1681862,28.99,0.37
1334,2021-01-13,CAM,8019,3665,4354,4350,1031,587,0,267,65,30,0,0,1689,8019,0,ITF,ITF3,15,Campania,Campania,5801692,1689881,29.13,0.14
1335,2021-04-07,CAM,24734,11769,12965,347,206,62,1043,135,7507,6622,7999,274,539,20012,4722,ITF,ITF3,15,Campania,Campania,5801692,1714615,29.55,0.43
1336,2021-01-31,LAZ,4409,1830,2579,3572,142,244,0,57,43,153,0,0,198,426,3983,ITI,ITI4,12,Lazio,Lazio,5879082,4409,0.07,0.07
1337,2021-01-26,LAZ,7907,3095,4812,6592,219,631,0,81,44,154,0,0,186,676,7231,ITI,ITI4,12,Lazio,Lazio,5879082,12316,0.21,0.13
1338,2021-02-13,LAZ,6539,2590,3949,2123,100,280,0,58,69,3710,0,0,199,6190,349,ITI,ITI4,12,Lazio,Lazio,5879082,18855,0.32,0.11
1339,2021-03-18,LAZ,14213,6072,8141,1025,94,330,6,378,1038,9667,1285,15,375,7827,6386,ITI,ITI4,12,Lazio,Lazio,5879082,33068,0.56,0.24
1340,2021-04-13,LAZ,25221,11685,13536,730,109,289,55,4877,8075,7783,2875,23,405,17539,7682,ITI,ITI4,12,Lazio,Lazio,5879082,58289,0.99,0.43
1341,2021-01-27,LAZ,6079,2362,3717,4797,228,457,0,99,50,148,0,0,300,962,5117,ITI,ITI4,12,Lazio,Lazio,5879082,64368,1.09,0.1
1342,2021-02-10,LAZ,8127,3366,4761,2647,278,634,0,95,79,4044,0,0,350,4846,3281,ITI,ITI4,12,Lazio,Lazio,5879082,72495,1.23,0.14
1343,2021-02-25,LAZ,12649,5516,7133,1754,440,489,2611,139,117,5231,1,1423,444,11600,1049,ITI,ITI4,12,Lazio,Lazio,5879082,85144,1.45,0.22
1344,2021-03-08,LAZ,20004,8288,11716,1578,135,380,4709,930,271,9234,906,1102,759,14733,5271,ITI,ITI4,12,Lazio,Lazio,5879082,105148,1.79,0.34
1345,2021-04-08,LAZ,26493,12079,14414,1227,93,186,59,3587,9042,8435,2520,162,1182,18831,7662,ITI,ITI4,12,Lazio,Lazio,5879082,131641,2.24,0.45
1346,2021-03-02,LAZ,16899,7374,9525,1477,362,229,3754,462,96,8226,328,1278,687,12966,3933,ITI,ITI4,12,Lazio,Lazio,5879082,148540,2.53,0.29
1347,2021-01-10,LAZ,4039,1700,2339,3424,160,252,0,35,27,24,0,0,117,4039,0,ITI,ITI4,12,Lazio,Lazio,5879082,152579,2.6,0.07
1348,2021-01-20,LAZ,4763,1919,2844,3282,233,427,0,90,58,367,0,0,306,3220,1543,ITI,ITI4,12,Lazio,Lazio,5879082,157342,2.68,0.08
1349,2021-04-20,LAZ,30594,14053,16541,688,137,230,75,7318,10116,7925,3662,32,411,19436,11158,ITI,ITI4,12,Lazio,Lazio,5879082,187936,3.2,0.52
1350,2021-01-24,LAZ,5664,2214,3450,4945,132,134,0,55,98,166,0,0,134,582,5082,ITI,ITI4,12,Lazio,Lazio,5879082,193600,3.29,0.1
1351,2021-03-15,LAZ,19253,8321,10932,1603,136,411,2526,708,1675,9759,813,964,658,12517,6736,ITI,ITI4,12,Lazio,Lazio,5879082,212853,3.62,0.33
1352,2021-01-28,LAZ,8236,3142,5094,6811,381,514,0,103,36,146,0,0,245,740,7496,ITI,ITI4,12,Lazio,Lazio,5879082,221089,3.76,0.14
1353,2021-04-07,LAZ,24850,11254,13596,1135,89,189,94,2825,8833,8430,2075,117,1063,17603,7247,ITI,ITI4,12,Lazio,Lazio,5879082,245939,4.18,0.42
1354,2021-01-30,LAZ,6916,2838,4078,5299,283,651,0,109,67,184,0,0,323,714,6202,ITI,ITI4,12,Lazio,Lazio,5879082,252855,4.3,0.12
1355,2021-04-14,LAZ,28887,13120,15767,656,85,148,82,5014,9670,9057,3706,19,450,18814,10073,ITI,ITI4,12,Lazio,Lazio,5879082,281742,4.79,0.49
1356,2021-01-11,LAZ,5526,2103,3423,4553,311,569,0,12,9,14,0,0,58,5526,0,ITI,ITI4,12,Lazio,Lazio,5879082,287268,4.89,0.09
1357,2021-03-07,LAZ,14073,5424,8649,1000,27,148,3533,311,137,7465,405,697,350,10483,3590,ITI,ITI4,12,Lazio,Lazio,5879082,301341,5.13,0.24
1358,2021-04-19,LAZ,29833,13575,16258,626,106,157,37,6855,9919,8268,3361,43,461,19238,10595,ITI,ITI4,12,Lazio,Lazio,5879082,331174,5.63,0.51
1359,2021-01-13,LAZ,5665,2143,3522,4147,273,1009,0,38,12,26,0,0,160,5665,0,ITI,ITI4,12,Lazio,Lazio,5879082,336839,5.73,0.1
1360,2021-02-22,LAZ,11434,4979,6455,1779,130,473,2222,36,30,5276,1,1390,97,10932,502,ITI,ITI4,12,Lazio,Lazio,5879082,348273,5.92,0.19
1361,2021-02-24,LAZ,12030,5192,6838,1799,434,337,2400,75,64,5245,0,1327,349,11036,994,ITI,ITI4,12,Lazio,Lazio,5879082,360303,6.13,0.2
1362,2021-04-10,LAZ,23667,10269,13398,673,59,111,86,3933,7261,7821,3198,31,494,16501,7166,ITI,ITI4,12,Lazio,Lazio,5879082,383970,6.53,0.4
1363,2021-03-22,LAZ,21561,8988,12573,883,80,245,3861,421,4367,9333,1380,558,433,14971,6590,ITI,ITI4,12,Lazio,Lazio,5879082,405531,6.9,0.37
1364,2021-03-16,LAZ,13532,5729,7803,1194,70,280,6,215,849,9684,860,9,365,7090,6442,ITI,ITI4,12,Lazio,Lazio,5879082,419063,7.13,0.23
1365,2020-12-30,LAZ,1630,629,1001,1603,0,27,0,0,0,0,0,0,0,1630,0,ITI,ITI4,12,Lazio,Lazio,5879082,420693,7.16,0.03
1366,2021-01-17,LAZ,4798,1971,2827,3243,148,177,0,54,77,896,0,0,203,4586,212,ITI,ITI4,12,Lazio,Lazio,5879082,425491,7.24,0.08
1367,2021-04-26,LAZ,28832,13243,15589,974,83,336,57,7283,11208,5627,2649,426,189,19655,9177,ITI,ITI4,12,Lazio,Lazio,5879082,454323,7.73,0.49
1368,2021-04-09,LAZ,27031,12121,14910,845,148,163,70,4176,8851,8592,2881,155,1150,18836,8195,ITI,ITI4,12,Lazio,Lazio,5879082,481354,8.19,0.46
1369,2021-04-02,LAZ,28045,13085,14960,1167,114,166,197,3262,9011,9401,3363,291,1073,20734,7311,ITI,ITI4,12,Lazio,Lazio,5879082,509399,8.66,0.48
1370,2021-03-20,LAZ,18202,6803,11399,909,148,360,3047,397,2115,9117,1473,214,422,12320,5882,ITI,ITI4,12,Lazio,Lazio,5879082,527601,8.97,0.31
1371,2021-04-28,LAZ,32427,14836,17591,2016,166,67,94,7962,11166,5838,4205,329,584,20984,11443,ITI,ITI4,12,Lazio,Lazio,5879082,560028,9.53,0.55
1372,2020-12-29,LAZ,488,176,312,486,2,0,0,0,0,0,0,0,0,488,0,ITI,ITI4,12,Lazio,Lazio,5879082,560516,9.53,0.01
1373,2021-03-28,LAZ,18814,7536,11278,550,22,77,2606,1389,4235,8571,961,139,264,13505,5309,ITI,ITI4,12,Lazio,Lazio,5879082,579330,9.85,0.32
1374,2021-01-09,LAZ,6294,2561,3733,5116,240,620,0,61,41,39,0,0,177,6294,0,ITI,ITI4,12,Lazio,Lazio,5879082,585624,9.96,0.11
1375,2021-01-05,LAZ,7371,2802,4569,6691,98,577,0,1,1,1,0,1,1,7371,0,ITI,ITI4,12,Lazio,Lazio,5879082,592995,10.09,0.13
1376,2021-03-19,LAZ,17157,7325,9832,1160,149,389,1006,397,2073,9691,1485,267,540,10835,6322,ITI,ITI4,12,Lazio,Lazio,5879082,610152,10.38,0.29
1377,2020-12-28,LAZ,959,412,547,957,2,0,0,0,0,0,0,0,0,959,0,ITI,ITI4,12,Lazio,Lazio,5879082,611111,10.39,0.02
1378,2021-02-07,LAZ,4898,1990,2908,3252,139,218,1,84,92,893,0,0,219,386,4512,ITI,ITI4,12,Lazio,Lazio,5879082,616009,10.48,0.08
1379,2021-02-08,LAZ,9709,4132,5577,3789,430,918,0,133,98,3826,0,0,515,4506,5203,ITI,ITI4,12,Lazio,Lazio,5879082,625718,10.64,0.17
1380,2021-03-29,LAZ,23879,10726,13153,769,94,143,803,1553,7481,9778,2417,368,473,16877,7002,ITI,ITI4,12,Lazio,Lazio,5879082,649597,11.05,0.41
1381,2021-02-27,LAZ,11397,4255,7142,1360,403,515,2703,83,103,4899,12,1120,199,10443,954,ITI,ITI4,12,Lazio,Lazio,5879082,660994,11.24,0.19
1382,2021-01-22,LAZ,3954,1605,2349,3380,76,70,0,51,21,165,0,0,191,439,3515,ITI,ITI4,12,Lazio,Lazio,5879082,664948,11.31,0.07
1383,2021-03-05,LAZ,18728,7919,10809,1787,180,256,3970,1078,188,8584,562,1323,800,13997,4731,ITI,ITI4,12,Lazio,Lazio,5879082,683676,11.63,0.32
1384,2021-04-18,LAZ,23609,10478,13131,446,23,37,26,6110,7879,7047,1857,11,173,15995,7614,ITI,ITI4,12,Lazio,Lazio,5879082,707285,12.03,0.4
1385,2021-03-21,LAZ,17831,6821,11010,1148,33,111,3436,115,3156,8277,1233,118,204,12782,5049,ITI,ITI4,12,Lazio,Lazio,5879082,725116,12.33,0.3
1386,2021-02-04,LAZ,6275,2459,3816,4460,358,892,0,105,68,119,0,0,273,982,5293,ITI,ITI4,12,Lazio,Lazio,5879082,731391,12.44,0.11
1387,2021-04-06,LAZ,23804,10612,13192,1119,88,94,167,2630,8560,8192,1922,234,798,16721,7083,ITI,ITI4,12,Lazio,Lazio,5879082,755195,12.85,0.4
1388,2021-03-10,LAZ,21948,9452,12496,1890,177,452,4617,2210,546,9061,913,1179,903,16304,5644,ITI,ITI4,12,Lazio,Lazio,5879082,777143,13.22,0.37
1389,2021-04-24,LAZ,32648,14634,18014,697,95,152,93,8477,10965,7165,3890,550,564,20270,12378,ITI,ITI4,12,Lazio,Lazio,5879082,809791,13.77,0.56
1390,2021-02-18,LAZ,9956,4943,5013,2162,111,473,1,160,60,4980,0,1665,344,9187,769,ITI,ITI4,12,Lazio,Lazio,5879082,819747,13.94,0.17
1391,2021-02-19,LAZ,9987,5044,4943,2170,105,408,34,93,93,5132,0,1636,316,9202,785,ITI,ITI4,12,Lazio,Lazio,5879082,829734,14.11,0.17
1392,2021-04-17,LAZ,32056,14072,17984,830,101,218,54,7123,9270,9288,4375,10,787,20170,11886,ITI,ITI4,12,Lazio,Lazio,5879082,861790,14.66,0.55
1393,2021-02-14,LAZ,5736,2351,3385,1645,38,127,0,73,121,3498,0,0,234,5294,442,ITI,ITI4,12,Lazio,Lazio,5879082,867526,14.76,0.1
1394,2021-01-14,LAZ,5435,2119,3316,3890,306,811,0,63,37,105,0,0,223,5435,0,ITI,ITI4,12,Lazio,Lazio,5879082,872961,14.85,0.09
1395,2021-04-29,LAZ,37596,16771,20825,3372,435,217,126,9373,11754,5858,5032,310,1119,24719,12877,ITI,ITI4,12,Lazio,Lazio,5879082,910557,15.49,0.64
1396,2021-01-02,LAZ,6705,2630,4075,6269,77,358,0,0,0,0,0,0,1,6705,0,ITI,ITI4,12,Lazio,Lazio,5879082,917262,15.6,0.11
1397,2021-03-09,LAZ,20837,8927,11910,1904,113,338,4617,1505,333,9103,1060,1230,634,15642,5195,ITI,ITI4,12,Lazio,Lazio,5879082,938099,15.96,0.35
1398,2021-03-04,LAZ,18537,7931,10606,2013,216,507,3905,924,132,8281,429,1322,808,13522,5015,ITI,ITI4,12,Lazio,Lazio,5879082,956636,16.27,0.32
1399,2021-01-04,LAZ,7480,2908,4572,7077,86,316,1,0,0,0,0,0,0,7480,0,ITI,ITI4,12,Lazio,Lazio,5879082,964116,16.4,0.13
1400,2021-02-01,LAZ,5672,2174,3498,4784,193,559,0,17,27,30,1,0,61,354,5318,ITI,ITI4,12,Lazio,Lazio,5879082,969788,16.5,0.1
1401,2021-03-11,LAZ,23708,10542,13166,1993,133,440,4437,2759,735,9465,1072,1892,782,17481,6227,ITI,ITI4,12,Lazio,Lazio,5879082,993496,16.9,0.4
1402,2021-04-23,LAZ,36788,17642,19146,765,154,176,88,8058,12057,7735,5560,673,1522,22013,14775,ITI,ITI4,12,Lazio,Lazio,5879082,1030284,17.52,0.63
1403,2021-01-07,LAZ,7743,2901,4842,6898,182,566,0,16,10,9,0,0,62,7743,0,ITI,ITI4,12,Lazio,Lazio,5879082,1038027,17.66,0.13
1404,2021-02-20,LAZ,9095,4207,4888,1942,123,298,22,109,113,4854,0,1310,324,8416,679,ITI,ITI4,12,Lazio,Lazio,5879082,1047122,17.81,0.15
1405,2021-04-05,LAZ,19736,8973,10763,502,36,29,63,1809,8148,7594,1250,20,285,13559,6177,ITI,ITI4,12,Lazio,Lazio,5879082,1066858,18.15,0.34
1406,2021-01-03,LAZ,5250,1972,3278,5125,50,65,0,1,4,1,0,0,4,5250,0,ITI,ITI4,12,Lazio,Lazio,5879082,1072108,18.24,0.09
1407,2021-02-06,LAZ,5358,2209,3149,3279,218,680,0,140,151,606,0,0,284,812,4546,ITI,ITI4,12,Lazio,Lazio,5879082,1077466,18.33,0.09
1408,2021-04-16,LAZ,33821,15435,18386,693,140,335,85,6755,10374,9554,4920,53,912,21892,11929,ITI,ITI4,12,Lazio,Lazio,5879082,1111287,18.9,0.58
1409,2021-02-05,LAZ,7246,2942,4304,5095,380,995,0,118,93,252,0,0,313,1173,6073,ITI,ITI4,12,Lazio,Lazio,5879082,1118533,19.03,0.12
1410,2021-03-13,LAZ,21367,8389,12978,1376,120,330,3739,3183,1277,9182,722,856,582,15473,5894,ITI,ITI4,12,Lazio,Lazio,5879082,1139900,19.39,0.36
1411,2021-02-03,LAZ,6442,2455,3987,4621,342,1078,0,63,38,83,0,0,217,952,5490,ITI,ITI4,12,Lazio,Lazio,5879082,1146342,19.5,0.11
1412,2021-03-24,LAZ,25789,11242,14547,1027,103,107,3605,1730,6506,9665,1816,280,950,19567,6222,ITI,ITI4,12,Lazio,Lazio,5879082,1172131,19.94,0.44
1413,2021-03-23,LAZ,23398,10159,13239,1036,101,181,3857,1054,4926,9329,1410,640,864,16877,6521,ITI,ITI4,12,Lazio,Lazio,5879082,1195529,20.34,0.4
1414,2021-01-19,LAZ,4734,1929,2805,2968,223,424,0,115,118,454,0,0,432,4280,454,ITI,ITI4,12,Lazio,Lazio,5879082,1200263,20.42,0.08
1415,2021-01-18,LAZ,6202,2524,3678,3906,388,725,0,113,74,512,0,0,484,5224,978,ITI,ITI4,12,Lazio,Lazio,5879082,1206465,20.52,0.11
1416,2021-03-30,LAZ,25161,11522,13639,1234,96,249,294,2447,7829,9619,2334,378,681,18030,7131,ITI,ITI4,12,Lazio,Lazio,5879082,1231626,20.95,0.43
1417,2021-04-15,LAZ,31425,14095,17330,690,118,333,85,5388,10298,9601,4057,45,810,20698,10727,ITI,ITI4,12,Lazio,Lazio,5879082,1263051,21.48,0.53
1418,2021-03-25,LAZ,26769,11448,15321,934,95,318,3491,2225,6667,9896,1960,234,949,20222,6547,ITI,ITI4,12,Lazio,Lazio,5879082,1289820,21.94,0.46
1419,2021-03-27,LAZ,25916,10347,15569,1307,127,290,3463,2065,5470,9660,2257,204,1073,19490,6426,ITI,ITI4,12,Lazio,Lazio,5879082,1315736,22.38,0.44
1420,2021-01-29,LAZ,7883,3017,4866,6374,262,704,0,88,46,130,0,0,279,764,7119,ITI,ITI4,12,Lazio,Lazio,5879082,1323619,22.51,0.13
1421,2021-02-11,LAZ,6931,2965,3966,2197,179,500,0,76,37,3674,0,0,268,6466,465,ITI,ITI4,12,Lazio,Lazio,5879082,1330550,22.63,0.12
1422,2021-02-28,LAZ,10232,3998,6234,1601,265,77,2599,88,45,4677,5,682,193,9718,514,ITI,ITI4,12,Lazio,Lazio,5879082,1340782,22.81,0.17
1423,2021-01-01,LAZ,3554,1382,2172,3483,2,68,0,0,0,0,0,0,1,3554,0,ITI,ITI4,12,Lazio,Lazio,5879082,1344336,22.87,0.06
1424,2021-03-26,LAZ,28101,12190,15911,1016,119,330,3271,1984,6712,10273,2583,309,1504,21294,6807,ITI,ITI4,12,Lazio,Lazio,5879082,1372437,23.34,0.48
1425,2021-03-12,LAZ,22827,10095,12732,2004,188,400,3948,2396,1172,9643,916,1194,966,16515,6312,ITI,ITI4,12,Lazio,Lazio,5879082,1395264,23.73,0.39
1426,2021-01-23,LAZ,7148,2836,4312,6064,255,417,0,40,47,170,0,0,155,519,6629,ITI,ITI4,12,Lazio,Lazio,5879082,1402412,23.85,0.12
1427,2021-04-04,LAZ,17447,8028,9419,307,40,11,42,1815,7360,6805,877,17,173,12181,5266,ITI,ITI4,12,Lazio,Lazio,5879082,1419859,24.15,0.3
1428,2021-01-12,LAZ,5391,1974,3417,4343,344,584,0,21,11,10,0,0,78,5391,0,ITI,ITI4,12,Lazio,Lazio,5879082,1425250,24.24,0.09
1429,2021-01-16,LAZ,5609,2257,3352,3358,246,1064,0,73,86,545,0,0,237,5609,0,ITI,ITI4,12,Lazio,Lazio,5879082,1430859,24.34,0.1
1430,2021-01-15,LAZ,6540,2684,3856,4498,423,988,0,94,65,194,0,0,278,6540,0,ITI,ITI4,12,Lazio,Lazio,5879082,1437399,24.45,0.11
1431,2021-01-21,LAZ,5542,2309,3233,4781,92,232,0,56,15,167,0,0,199,490,5052,ITI,ITI4,12,Lazio,Lazio,5879082,1442941,24.54,0.09
1432,2021-02-02,LAZ,5878,2198,3680,4712,368,571,0,55,36,33,0,0,103,607,5271,ITI,ITI4,12,Lazio,Lazio,5879082,1448819,24.64,0.1
1433,2021-02-21,LAZ,6933,3151,3782,1245,65,51,16,87,93,4579,0,607,190,6522,411,ITI,ITI4,12,Lazio,Lazio,5879082,1455752,24.76,0.12
1434,2021-04-01,LAZ,28017,12843,15174,1127,111,284,256,2979,8982,9715,3287,340,936,20883,7134,ITI,ITI4,12,Lazio,Lazio,5879082,1483769,25.24,0.48
1435,2020-12-27,LAZ,272,131,141,272,0,0,0,0,0,0,0,0,0,272,0,ITI,ITI4,12,Lazio,Lazio,5879082,1484041,25.24,0.0
1436,2021-02-15,LAZ,8034,3558,4476,2447,377,379,0,84,82,4288,0,8,369,7437,597,ITI,ITI4,12,Lazio,Lazio,5879082,1492075,25.38,0.14
1437,2021-04-03,LAZ,24289,10850,13439,842,72,111,214,3082,8225,8588,2199,44,912,17606,6683,ITI,ITI4,12,Lazio,Lazio,5879082,1516364,25.79,0.41
1438,2021-04-30,LAZ,39512,17603,21909,4448,553,80,192,9272,11691,5700,5937,337,1302,25993,13519,ITI,ITI4,12,Lazio,Lazio,5879082,1555876,26.46,0.67
1439,2021-02-26,LAZ,13027,5674,7353,1909,542,352,2740,117,94,5260,4,1385,624,11695,1332,ITI,ITI4,12,Lazio,Lazio,5879082,1568903,26.69,0.22
1440,2021-02-17,LAZ,9133,4572,4561,2282,247,499,1,117,62,4275,0,1345,305,8296,837,ITI,ITI4,12,Lazio,Lazio,5879082,1578036,26.84,0.16
1441,2021-02-12,LAZ,6792,2818,3974,1996,183,302,0,82,41,3833,0,0,355,6429,363,ITI,ITI4,12,Lazio,Lazio,5879082,1584828,26.96,0.12
1442,2021-04-21,LAZ,32561,14805,17756,688,120,135,69,7573,10741,8191,4400,47,597,20286,12275,ITI,ITI4,12,Lazio,Lazio,5879082,1617389,27.51,0.55
1443,2021-01-25,LAZ,8073,3220,4853,7006,218,363,0,61,64,139,0,0,222,733,7340,ITI,ITI4,12,Lazio,Lazio,5879082,1625462,27.65,0.14
1444,2021-03-06,LAZ,18200,7003,11197,1508,119,327,3773,2223,143,8031,583,932,561,13946,4254,ITI,ITI4,12,Lazio,Lazio,5879082,1643662,27.96,0.31
1445,2021-04-11,LAZ,18947,8382,10565,388,30,50,31,3778,6111,6458,2001,14,86,13070,5877,ITI,ITI4,12,Lazio,Lazio,5879082,1662609,28.28,0.32
1446,2021-04-12,LAZ,23374,10500,12874,632,77,101,72,4120,7612,7706,2584,107,363,16501,6873,ITI,ITI4,12,Lazio,Lazio,5879082,1685983,28.68,0.4
1447,2021-03-17,LAZ,13728,5862,7866,1045,100,255,14,288,936,9698,965,7,420,7483,6245,ITI,ITI4,12,Lazio,Lazio,5879082,1699711,28.91,0.23
1448,2021-03-14,LAZ,17054,6598,10456,1162,96,81,3446,452,1099,8439,543,565,1171,11900,5154,ITI,ITI4,12,Lazio,Lazio,5879082,1716765,29.2,0.29
1449,2021-03-01,LAZ,16952,7268,9684,1325,531,385,3579,385,137,8176,390,1406,638,13073,3879,ITI,ITI4,12,Lazio,Lazio,5879082,1733717,29.49,0.29
1450,2021-02-16,LAZ,8352,4054,4298,2058,125,261,1,133,91,4258,0,951,474,7794,558,ITI,ITI4,12,Lazio,Lazio,5879082,1742069,29.63,0.14
1451,2021-01-08,LAZ,7726,2894,4832,6519,196,798,0,36,32,32,0,0,113,7726,0,ITI,ITI4,12,Lazio,Lazio,5879082,1749795,29.76,0.13
1452,2021-03-03,LAZ,17251,7309,9942,1560,211,379,3937,693,117,8193,259,1249,653,12959,4292,ITI,ITI4,12,Lazio,Lazio,5879082,1767046,30.06,0.29
1453,2021-01-06,LAZ,5119,1960,3159,4619,154,320,1,1,4,8,5,1,6,5119,0,ITI,ITI4,12,Lazio,Lazio,5879082,1772165,30.14,0.09
1454,2021-04-25,LAZ,24270,11125,13145,787,23,10,21,7076,9641,5187,1111,152,262,16483,7787,ITI,ITI4,12,Lazio,Lazio,5879082,1796435,30.56,0.41
1455,2021-02-23,LAZ,11048,4758,6290,1897,119,309,1910,65,56,5222,0,1015,455,10318,730,ITI,ITI4,12,Lazio,Lazio,5879082,1807483,30.74,0.19
1456,2021-03-31,LAZ,25996,11984,14012,1012,96,135,255,2515,8136,9623,2835,369,1020,18925,7071,ITI,ITI4,12,Lazio,Lazio,5879082,1833479,31.19,0.44
1457,2021-04-27,LAZ,30212,13642,16570,1474,163,44,78,7543,11067,5746,3308,382,407,19469,10743,ITI,ITI4,12,Lazio,Lazio,5879082,1863691,31.7,0.51
1458,2021-02-09,LAZ,8762,3742,5020,3258,246,548,0,115,119,4058,0,0,418,4579,4183,ITI,ITI4,12,Lazio,Lazio,5879082,1872453,31.85,0.15
1459,2020-12-31,LAZ,5291,2121,3170,4987,20,279,0,1,0,0,0,0,4,5291,0,ITI,ITI4,12,Lazio,Lazio,5879082,1877744,31.94,0.09
1460,2021-04-22,LAZ,37728,18554,19174,859,113,296,77,7887,11688,8154,5071,476,3107,23607,14121,ITI,ITI4,12,Lazio,Lazio,5879082,1915472,32.58,0.64
1461,2021-01-07,PAB,917,327,590,617,107,0,0,25,16,61,0,0,91,917,0,ITH,ITH1,4,Provincia Autonoma Bolzano / Bozen,P.A. Bolzano,533050,917,0.17,0.17
1462,2021-04-23,PAB,4539,2148,2391,230,109,22,15,1791,718,489,1114,27,24,3248,1291,ITH,ITH1,4,Provincia Autonoma Bolzano / Bozen,P.A. Bolzano,533050,5456,1.02,0.85
1463,2021-01-04,PAB,508,201,307,420,49,4,0,6,6,0,0,0,23,508,0,ITH,ITH1,4,Provincia Autonoma Bolzano / Bozen,P.A. Bolzano,533050,5964,1.12,0.1
1464,2021-02-20,PAB,1502,471,1031,196,53,24,729,5,6,477,0,1,11,1484,18,ITH,ITH1,4,Provincia Autonoma Bolzano / Bozen,P.A. Bolzano,533050,7466,1.4,0.28
1465,2021-03-11,PAB,1681,823,858,89,309,79,335,3,14,371,87,379,15,1143,538,ITH,ITH1,4,Provincia Autonoma Bolzano / Bozen,P.A. Bolzano,533050,9147,1.72,0.32
1466,2021-02-01,PAB,1449,439,1010,772,314,295,1,6,0,2,1,1,57,12,1437,ITH,ITH1,4,Provincia Autonoma Bolzano / Bozen,P.A. Bolzano,533050,10596,1.99,0.27
1467,2021-04-05,PAB,301,144,157,4,3,0,1,6,16,62,201,7,1,23,278,ITH,ITH1,4,Provincia Autonoma Bolzano / Bozen,P.A. Bolzano,533050,10897,2.04,0.06
1468,2021-02-05,PAB,3195,1181,2014,762,505,440,0,21,12,1381,0,0,74,8,3187,ITH,ITH1,4,Provincia Autonoma Bolzano / Bozen,P.A. Bolzano,533050,14092,2.64,0.6
1469,2021-04-10,PAB,5389,2664,2725,146,54,3,22,183,3270,552,940,197,22,4801,588,ITH,ITH1,4,Provincia Autonoma Bolzano / Bozen,P.A. Bolzano,533050,19481,3.65,1.01
1470,2021-02-06,PAB,2626,1171,1455,452,43,6,1,28,76,1932,0,0,88,18,2608,ITH,ITH1,4,Provincia Autonoma Bolzano / Bozen,P.A. Bolzano,533050,22107,4.15,0.49
1471,2021-04-30,PAB,1419,719,700,26,13,2,3,309,175,37,744,19,91,620,799,ITH,ITH1,4,Provincia Autonoma Bolzano / Bozen,P.A. Bolzano,533050,23526,4.41,0.27
1472,2021-02-26,PAB,1525,550,975,62,32,2,333,4,1,1051,2,0,38,1495,30,ITH,ITH1,4,Provincia Autonoma Bolzano / Bozen,P.A. Bolzano,533050,25051,4.7,0.29
1473,2021-03-06,PAB,3969,2079,1890,479,164,7,381,10,19,1981,48,859,21,3758,211,ITH,ITH1,4,Provincia Autonoma Bolzano / Bozen,P.A. Bolzano,533050,29020,5.44,0.74
1474,2021-01-22,PAB,248,143,105,136,8,84,1,4,0,3,1,0,11,124,124,ITH,ITH1,4,Provincia Autonoma Bolzano / Bozen,P.A. Bolzano,533050,29268,5.49,0.05
1475,2021-04-17,PAB,5230,2598,2632,69,12,36,76,2791,1237,99,734,161,15,5186,44,ITH,ITH1,4,Provincia Autonoma Bolzano / Bozen,P.A. Bolzano,533050,34498,6.47,0.98
1476,2021-02-03,PAB,1503,478,1025,666,341,321,0,12,5,72,1,0,85,5,1498,ITH,ITH1,4,Provincia Autonoma Bolzano / Bozen,P.A. Bolzano,533050,36001,6.75,0.28
1477,2021-04-16,PAB,2949,1418,1531,194,36,5,38,1422,616,115,419,98,6,2438,511,ITH,ITH1,4,Provincia Autonoma Bolzano / Bozen,P.A. Bolzano,533050,38950,7.31,0.55
1478,2021-03-13,PAB,2885,1459,1426,168,59,1,20,11,879,1295,58,381,13,2784,101,ITH,ITH1,4,Provincia Autonoma Bolzano / Bozen,P.A. Bolzano,533050,41835,7.85,0.54
1479,2021-01-19,PAB,853,371,482,174,55,0,0,7,6,578,3,0,30,723,130,ITH,ITH1,4,Provincia Autonoma Bolzano / Bozen,P.A. Bolzano,533050,42688,8.01,0.16
1480,2021-04-03,PAB,831,364,467,9,6,0,0,1,12,799,0,4,0,22,809,ITH,ITH1,4,Provincia Autonoma Bolzano / Bozen,P.A. Bolzano,533050,43519,8.16,0.16
1481,2021-04-22,PAB,2921,1499,1422,66,29,16,88,728,614,165,844,350,21,1979,942,ITH,ITH1,4,Provincia Autonoma Bolzano / Bozen,P.A. Bolzano,533050,46440,8.71,0.55
1482,2021-03-01,PAB,917,220,697,18,2,5,735,18,0,0,0,0,139,917,0,ITH,ITH1,4,Provincia Autonoma Bolzano / Bozen,P.A. Bolzano,533050,47357,8.88,0.17
1483,2021-02-16,PAB,529,205,324,10,1,0,0,0,0,517,1,0,0,529,0,ITH,ITH1,4,Provincia Autonoma Bolzano / Bozen,P.A. Bolzano,533050,47886,8.98,0.1
1484,2021-01-06,PAB,59,18,41,58,1,0,0,0,0,0,0,0,0,59,0,ITH,ITH1,4,Provincia Autonoma Bolzano / Bozen,P.A. Bolzano,533050,47945,8.99,0.01
1485,2021-03-10,PAB,1261,524,737,660,102,0,118,4,9,134,10,133,91,1118,143,ITH,ITH1,4,Provincia Autonoma Bolzano / Bozen,P.A. Bolzano,533050,49206,9.23,0.24
1486,2021-01-02,PAB,91,48,43,69,1,0,0,5,1,0,0,0,15,91,0,ITH,ITH1,4,Provincia Autonoma Bolzano / Bozen,P.A. Bolzano,533050,49297,9.25,0.02
1487,2020-12-30,PAB,388,182,206,343,41,0,0,0,0,0,0,0,4,388,0,ITH,ITH1,4,Provincia Autonoma Bolzano / Bozen,P.A. Bolzano,533050,49685,9.32,0.07
1488,2021-01-11,PAB,1569,513,1056,586,284,175,0,54,41,161,1,0,267,1569,0,ITH,ITH1,4,Provincia Autonoma Bolzano / Bozen,P.A. Bolzano,533050,51254,9.62,0.29
1489,2021-04-09,PAB,2923,1290,1633,336,111,102,14,48,632,279,1363,13,25,2193,730,ITH,ITH1,4,Provincia Autonoma Bolzano / Bozen,P.A. Bolzano,533050,54177,10.16,0.55
1490,2021-02-08,PAB,2,1,1,0,0,0,0,0,0,1,0,0,1,1,1,ITH,ITH1,4,Provincia Autonoma Bolzano / Bozen,P.A. Bolzano,533050,54179,10.16,0.0
1491,2021-02-02,PAB,1745,506,1239,630,370,605,0,9,10,11,0,0,110,8,1737,ITH,ITH1,4,Provincia Autonoma Bolzano / Bozen,P.A. Bolzano,533050,55924,10.49,0.33
1492,2021-01-14,PAB,1945,575,1370,521,441,313,0,63,42,329,0,0,236,1945,0,ITH,ITH1,4,Provincia Autonoma Bolzano / Bozen,P.A. Bolzano,533050,57869,10.86,0.36
1493,2021-01-15,PAB,3282,1228,2054,608,307,342,0,81,29,1447,0,0,468,3282,0,ITH,ITH1,4,Provincia Autonoma Bolzano / Bozen,P.A. Bolzano,533050,61151,11.47,0.62
1494,2021-01-09,PAB,612,326,286,76,28,75,0,66,19,13,0,0,335,612,0,ITH,ITH1,4,Provincia Autonoma Bolzano / Bozen,P.A. Bolzano,533050,61763,11.59,0.11
1495,2021-03-29,PAB,990,423,567,11,2,0,13,0,157,711,67,26,3,231,759,ITH,ITH1,4,Provincia Autonoma Bolzano / Bozen,P.A. Bolzano,533050,62753,11.77,0.19
1496,2021-03-15,PAB,848,295,553,294,97,13,4,15,216,66,66,4,73,366,482,ITH,ITH1,4,Provincia Autonoma Bolzano / Bozen,P.A. Bolzano,533050,63601,11.93,0.16
1497,2021-03-19,PAB,1904,773,1131,158,58,15,14,10,138,1182,310,1,18,798,1106,ITH,ITH1,4,Provincia Autonoma Bolzano / Bozen,P.A. Bolzano,533050,65505,12.29,0.36
1498,2021-04-24,PAB,5100,2448,2652,294,197,2,7,2726,762,184,856,54,18,4616,484,ITH,ITH1,4,Provincia Autonoma Bolzano / Bozen,P.A. Bolzano,533050,70605,13.25,0.96
1499,2021-03-05,PAB,1838,624,1214,337,98,59,240,8,2,896,125,9,64,1396,442,ITH,ITH1,4,Provincia Autonoma Bolzano / Bozen,P.A. Bolzano,533050,72443,13.59,0.34
1500,2021-04-18,PAB,3110,1607,1503,28,14,2,27,1916,524,134,188,273,4,2100,1010,ITH,ITH1,4,Provincia Autonoma Bolzano / Bozen,P.A. Bolzano,533050,75553,14.17,0.58
1501,2021-03-21,PAB,768,285,483,165,17,1,3,3,9,568,0,0,2,14,754,ITH,ITH1,4,Provincia Autonoma Bolzano / Bozen,P.A. Bolzano,533050,76321,14.32,0.14
1502,2021-01-13,PAB,1691,557,1134,446,310,270,0,66,30,175,0,0,394,1691,0,ITH,ITH1,4,Provincia Autonoma Bolzano / Bozen,P.A. Bolzano,533050,78012,14.64,0.32
1503,2021-03-30,PAB,1298,532,766,51,7,153,27,0,121,924,1,11,3,218,1080,ITH,ITH1,4,Provincia Autonoma Bolzano / Bozen,P.A. Bolzano,533050,79310,14.88,0.24
1504,2021-01-18,PAB,1772,687,1085,391,102,8,0,32,56,1019,0,0,164,1767,5,ITH,ITH1,4,Provincia Autonoma Bolzano / Bozen,P.A. Bolzano,533050,81082,15.21,0.33
1505,2021-03-27,PAB,3047,1552,1495,320,36,0,46,31,484,1441,358,305,26,1541,1506,ITH,ITH1,4,Provincia Autonoma Bolzano / Bozen,P.A. Bolzano,533050,84129,15.78,0.57
1506,2021-03-07,PAB,114,13,101,59,50,0,1,0,0,3,0,0,1,9,105,ITH,ITH1,4,Provincia Autonoma Bolzano / Bozen,P.A. Bolzano,533050,84243,15.8,0.02
1507,2021-04-14,PAB,3589,1643,1946,418,139,20,30,1094,829,124,845,80,10,3497,92,ITH,ITH1,4,Provincia Autonoma Bolzano / Bozen,P.A. Bolzano,533050,87832,16.48,0.67
1508,2021-04-02,PAB,2077,837,1240,189,66,60,17,5,253,935,532,11,9,720,1357,ITH,ITH1,4,Provincia Autonoma Bolzano / Bozen,P.A. Bolzano,533050,89909,16.87,0.39
1509,2021-04-12,PAB,2101,943,1158,33,11,1,2,159,1651,93,142,3,6,2095,6,ITH,ITH1,4,Provincia Autonoma Bolzano / Bozen,P.A. Bolzano,533050,92010,17.26,0.39
1510,2021-03-20,PAB,1757,848,909,115,48,9,1,7,265,967,238,99,8,1132,625,ITH,ITH1,4,Provincia Autonoma Bolzano / Bozen,P.A. Bolzano,533050,93767,17.59,0.33
1511,2021-04-26,PAB,1540,770,770,24,36,0,56,918,285,31,101,85,4,1535,5,ITH,ITH1,4,Provincia Autonoma Bolzano / Bozen,P.A. Bolzano,533050,95307,17.88,0.29
1512,2021-02-12,PAB,730,217,513,322,71,106,0,10,6,141,0,2,72,482,248,ITH,ITH1,4,Provincia Autonoma Bolzano / Bozen,P.A. Bolzano,533050,96037,18.02,0.14
1513,2021-02-22,PAB,526,143,383,342,68,0,10,15,4,5,0,1,81,514,12,ITH,ITH1,4,Provincia Autonoma Bolzano / Bozen,P.A. Bolzano,533050,96563,18.12,0.1
1514,2021-03-04,PAB,1709,1000,709,307,80,39,262,12,5,171,74,710,49,1480,229,ITH,ITH1,4,Provincia Autonoma Bolzano / Bozen,P.A. Bolzano,533050,98272,18.44,0.32
1515,2021-02-13,PAB,318,79,239,126,57,7,0,0,0,126,0,0,2,312,6,ITH,ITH1,4,Provincia Autonoma Bolzano / Bozen,P.A. Bolzano,533050,98590,18.5,0.06
1516,2021-02-24,PAB,1365,405,960,10,3,0,1344,0,0,0,0,8,0,1353,12,ITH,ITH1,4,Provincia Autonoma Bolzano / Bozen,P.A. Bolzano,533050,99955,18.75,0.26
1517,2021-03-09,PAB,1194,543,651,29,81,22,47,0,1,930,0,80,4,1192,2,ITH,ITH1,4,Provincia Autonoma Bolzano / Bozen,P.A. Bolzano,533050,101149,18.98,0.22
1518,2021-01-27,PAB,84,28,56,54,26,0,0,1,0,0,0,0,3,1,83,ITH,ITH1,4,Provincia Autonoma Bolzano / Bozen,P.A. Bolzano,533050,101233,18.99,0.02
1519,2021-03-31,PAB,1831,693,1138,419,304,22,16,15,160,430,425,20,20,819,1012,ITH,ITH1,4,Provincia Autonoma Bolzano / Bozen,P.A. Bolzano,533050,103064,19.33,0.34
1520,2021-03-08,PAB,1200,526,674,23,10,166,3,30,47,755,147,0,19,1173,27,ITH,ITH1,4,Provincia Autonoma Bolzano / Bozen,P.A. Bolzano,533050,104264,19.56,0.23
1521,2021-01-10,PAB,2,2,0,1,0,0,0,0,0,0,0,0,1,2,0,ITH,ITH1,4,Provincia Autonoma Bolzano / Bozen,P.A. Bolzano,533050,104266,19.56,0.0
1522,2021-04-08,PAB,2752,1336,1416,47,34,121,2,17,2011,83,309,91,37,2550,202,ITH,ITH1,4,Provincia Autonoma Bolzano / Bozen,P.A. Bolzano,533050,107018,20.08,0.52
1523,2021-03-02,PAB,695,200,495,11,1,0,676,0,0,0,0,7,0,693,2,ITH,ITH1,4,Provincia Autonoma Bolzano / Bozen,P.A. Bolzano,533050,107713,20.21,0.13
1524,2021-01-20,PAB,617,252,365,287,51,0,0,6,3,257,0,0,13,409,208,ITH,ITH1,4,Provincia Autonoma Bolzano / Bozen,P.A. Bolzano,533050,108330,20.32,0.12
1525,2021-01-23,PAB,197,117,80,191,0,0,0,2,0,0,0,0,4,0,197,ITH,ITH1,4,Provincia Autonoma Bolzano / Bozen,P.A. Bolzano,533050,108527,20.36,0.04
1526,2021-04-06,PAB,2042,1024,1018,107,46,130,3,10,826,83,805,16,16,1940,102,ITH,ITH1,4,Provincia Autonoma Bolzano / Bozen,P.A. Bolzano,533050,110569,20.74,0.38
1527,2021-01-17,PAB,2328,1044,1284,56,38,37,0,57,46,1989,0,0,105,2317,11,ITH,ITH1,4,Provincia Autonoma Bolzano / Bozen,P.A. Bolzano,533050,112897,21.18,0.44
1528,2021-02-04,PAB,1957,593,1364,650,507,458,0,23,25,233,0,0,61,8,1949,ITH,ITH1,4,Provincia Autonoma Bolzano / Bozen,P.A. Bolzano,533050,114854,21.55,0.37
1529,2021-04-11,PAB,2720,1291,1429,46,17,3,63,350,1672,84,222,258,5,2542,178,ITH,ITH1,4,Provincia Autonoma Bolzano / Bozen,P.A. Bolzano,533050,117574,22.06,0.51
1530,2021-01-28,PAB,869,307,562,584,187,69,0,8,0,0,0,2,19,10,859,ITH,ITH1,4,Provincia Autonoma Bolzano / Bozen,P.A. Bolzano,533050,118443,22.22,0.16
1531,2021-03-22,PAB,1133,514,619,2,0,0,0,6,900,192,13,15,5,1129,4,ITH,ITH1,4,Provincia Autonoma Bolzano / Bozen,P.A. Bolzano,533050,119576,22.43,0.21
1532,2021-02-27,PAB,2457,759,1698,202,87,8,1233,8,13,885,0,3,18,2447,10,ITH,ITH1,4,Provincia Autonoma Bolzano / Bozen,P.A. Bolzano,533050,122033,22.89,0.46
1533,2021-01-25,PAB,487,183,304,401,68,0,1,4,0,1,0,2,10,3,484,ITH,ITH1,4,Provincia Autonoma Bolzano / Bozen,P.A. Bolzano,533050,122520,22.98,0.09
1534,2021-04-07,PAB,1777,802,975,128,81,57,2,6,908,459,26,100,10,1238,539,ITH,ITH1,4,Provincia Autonoma Bolzano / Bozen,P.A. Bolzano,533050,124297,23.32,0.33
1535,2021-02-09,PAB,317,126,191,64,17,2,2,1,0,228,0,0,3,1,316,ITH,ITH1,4,Provincia Autonoma Bolzano / Bozen,P.A. Bolzano,533050,124614,23.38,0.06
1536,2021-03-17,PAB,580,213,367,11,6,46,0,0,16,491,0,0,10,579,1,ITH,ITH1,4,Provincia Autonoma Bolzano / Bozen,P.A. Bolzano,533050,125194,23.49,0.11
1537,2021-04-25,PAB,3068,1496,1572,53,24,0,24,1445,735,156,442,180,9,2397,671,ITH,ITH1,4,Provincia Autonoma Bolzano / Bozen,P.A. Bolzano,533050,128262,24.06,0.58
1538,2021-03-03,PAB,1178,393,785,24,5,6,738,3,0,349,0,51,2,1165,13,ITH,ITH1,4,Provincia Autonoma Bolzano / Bozen,P.A. Bolzano,533050,129440,24.28,0.22
1539,2021-01-08,PAB,1521,479,1042,790,170,168,0,51,29,104,0,0,209,1521,0,ITH,ITH1,4,Provincia Autonoma Bolzano / Bozen,P.A. Bolzano,533050,130961,24.57,0.29
1540,2021-02-19,PAB,1975,450,1525,122,143,84,1511,3,3,86,6,0,17,1964,11,ITH,ITH1,4,Provincia Autonoma Bolzano / Bozen,P.A. Bolzano,533050,132936,24.94,0.37
1541,2021-02-18,PAB,1646,401,1245,23,44,21,1285,1,1,261,0,0,10,1642,4,ITH,ITH1,4,Provincia Autonoma Bolzano / Bozen,P.A. Bolzano,533050,134582,25.25,0.31
1542,2021-02-25,PAB,1498,549,949,22,5,0,405,2,1,1041,0,0,22,1497,1,ITH,ITH1,4,Provincia Autonoma Bolzano / Bozen,P.A. Bolzano,533050,136080,25.53,0.28
1543,2020-12-31,PAB,911,518,393,478,61,0,0,47,9,1,0,0,315,911,0,ITH,ITH1,4,Provincia Autonoma Bolzano / Bozen,P.A. Bolzano,533050,136991,25.7,0.17
1544,2021-01-03,PAB,41,16,25,33,5,0,0,0,0,1,0,0,2,41,0,ITH,ITH1,4,Provincia Autonoma Bolzano / Bozen,P.A. Bolzano,533050,137032,25.71,0.01
1545,2021-01-26,PAB,810,291,519,673,129,0,0,3,1,0,0,0,4,1,809,ITH,ITH1,4,Provincia Autonoma Bolzano / Bozen,P.A. Bolzano,533050,137842,25.86,0.15
1546,2021-03-26,PAB,1644,721,923,30,16,68,1,8,132,917,424,0,48,511,1133,ITH,ITH1,4,Provincia Autonoma Bolzano / Bozen,P.A. Bolzano,533050,139486,26.17,0.31
1547,2021-03-16,PAB,776,308,468,26,31,48,0,4,14,646,4,2,1,123,653,ITH,ITH1,4,Provincia Autonoma Bolzano / Bozen,P.A. Bolzano,533050,140262,26.31,0.15
1548,2021-04-01,PAB,2786,1407,1379,238,104,44,65,22,512,607,731,446,17,2642,144,ITH,ITH1,4,Provincia Autonoma Bolzano / Bozen,P.A. Bolzano,533050,143048,26.84,0.52
1549,2021-04-13,PAB,2391,1130,1261,23,4,1,6,1246,932,30,93,55,1,2383,8,ITH,ITH1,4,Provincia Autonoma Bolzano / Bozen,P.A. Bolzano,533050,145439,27.28,0.45
1550,2021-01-16,PAB,2840,1265,1575,435,93,77,1,54,98,1976,0,0,106,2840,0,ITH,ITH1,4,Provincia Autonoma Bolzano / Bozen,P.A. Bolzano,533050,148279,27.82,0.53
1551,2021-04-28,PAB,2442,1296,1146,77,56,10,59,1156,461,66,470,74,13,2436,6,ITH,ITH1,4,Provincia Autonoma Bolzano / Bozen,P.A. Bolzano,533050,150721,28.28,0.46
1552,2021-02-07,PAB,2361,1057,1304,102,75,68,0,51,44,1951,0,0,70,14,2347,ITH,ITH1,4,Provincia Autonoma Bolzano / Bozen,P.A. Bolzano,533050,153082,28.72,0.44
1553,2021-01-21,PAB,952,442,510,750,88,68,0,1,0,28,0,5,12,139,813,ITH,ITH1,4,Provincia Autonoma Bolzano / Bozen,P.A. Bolzano,533050,154034,28.9,0.18
1554,2021-03-25,PAB,2139,1058,1081,230,72,27,46,24,843,305,297,268,27,1697,442,ITH,ITH1,4,Provincia Autonoma Bolzano / Bozen,P.A. Bolzano,533050,156173,29.3,0.4
1555,2021-03-23,PAB,1552,759,793,0,1,0,34,5,1156,215,58,68,15,1551,1,ITH,ITH1,4,Provincia Autonoma Bolzano / Bozen,P.A. Bolzano,533050,157725,29.59,0.29
1556,2021-03-24,PAB,2040,977,1063,13,16,7,29,6,1361,248,278,61,21,2027,13,ITH,ITH1,4,Provincia Autonoma Bolzano / Bozen,P.A. Bolzano,533050,159765,29.97,0.38
1557,2021-01-05,PAB,830,286,544,734,62,0,0,8,2,0,0,0,24,830,0,ITH,ITH1,4,Provincia Autonoma Bolzano / Bozen,P.A. Bolzano,533050,160595,30.13,0.16
1558,2020-12-27,PAB,144,65,79,139,2,0,0,0,0,1,0,0,2,144,0,ITH,ITH1,4,Provincia Autonoma Bolzano / Bozen,P.A. Bolzano,533050,160739,30.15,0.03
1559,2021-03-14,PAB,758,336,422,130,11,33,0,3,7,562,1,2,9,25,733,ITH,ITH1,4,Provincia Autonoma Bolzano / Bozen,P.A. Bolzano,533050,161497,30.3,0.14
1560,2021-01-30,PAB,498,245,253,217,46,101,0,29,2,0,0,0,103,4,494,ITH,ITH1,4,Provincia Autonoma Bolzano / Bozen,P.A. Bolzano,533050,161995,30.39,0.09
1561,2021-04-20,PAB,1557,780,777,10,13,12,8,619,363,46,474,9,3,1556,1,ITH,ITH1,4,Provincia Autonoma Bolzano / Bozen,P.A. Bolzano,533050,163552,30.68,0.29
1562,2021-01-24,PAB,12,10,2,1,0,0,0,2,1,0,0,0,8,0,12,ITH,ITH1,4,Provincia Autonoma Bolzano / Bozen,P.A. Bolzano,533050,163564,30.68,0.0
1563,2021-04-21,PAB,3008,1467,1541,112,12,2,11,1727,490,88,540,17,9,2161,847,ITH,ITH1,4,Provincia Autonoma Bolzano / Bozen,P.A. Bolzano,533050,166572,31.25,0.56
1564,2021-02-17,PAB,4,1,3,1,0,0,0,0,0,2,1,0,0,2,2,ITH,ITH1,4,Provincia Autonoma Bolzano / Bozen,P.A. Bolzano,533050,166576,31.25,0.0
1565,2021-02-23,PAB,768,323,445,0,0,0,85,2,1,672,0,0,8,762,6,ITH,ITH1,4,Provincia Autonoma Bolzano / Bozen,P.A. Bolzano,533050,167344,31.39,0.14
1566,2021-04-19,PAB,1869,857,1012,44,22,1,11,1039,300,166,269,8,9,1687,182,ITH,ITH1,4,Provincia Autonoma Bolzano / Bozen,P.A. Bolzano,533050,169213,31.74,0.35
1567,2021-04-27,PAB,2224,1011,1213,109,58,21,53,589,1115,78,118,76,7,1148,1076,ITH,ITH1,4,Provincia Autonoma Bolzano / Bozen,P.A. Bolzano,533050,171437,32.16,0.42
1568,2021-04-15,PAB,4394,2305,2089,119,48,38,118,1385,735,174,1260,493,24,4131,263,ITH,ITH1,4,Provincia Autonoma Bolzano / Bozen,P.A. Bolzano,533050,175831,32.99,0.82
1569,2021-03-28,PAB,569,212,357,45,38,0,2,6,5,470,2,0,1,11,558,ITH,ITH1,4,Provincia Autonoma Bolzano / Bozen,P.A. Bolzano,533050,176400,33.09,0.11
1570,2021-01-12,PAB,1709,459,1250,369,228,479,0,54,43,134,0,0,402,1709,0,ITH,ITH1,4,Provincia Autonoma Bolzano / Bozen,P.A. Bolzano,533050,178109,33.41,0.32
1571,2021-02-11,PAB,1092,431,661,214,92,104,0,4,2,589,57,0,30,239,853,ITH,ITH1,4,Provincia Autonoma Bolzano / Bozen,P.A. Bolzano,533050,179201,33.62,0.2
1572,2021-04-29,PAB,2619,1345,1274,127,117,64,74,598,541,122,509,245,222,1926,693,ITH,ITH1,4,Provincia Autonoma Bolzano / Bozen,P.A. Bolzano,533050,181820,34.11,0.49
1573,2021-02-10,PAB,1635,604,1031,489,166,1,0,18,5,872,0,1,83,26,1609,ITH,ITH1,4,Provincia Autonoma Bolzano / Bozen,P.A. Bolzano,533050,183455,34.42,0.31
1574,2021-01-01,PAB,6,5,1,6,0,0,0,0,0,0,0,0,0,6,0,ITH,ITH1,4,Provincia Autonoma Bolzano / Bozen,P.A. Bolzano,533050,183461,34.42,0.0
1575,2021-01-29,PAB,1497,510,987,882,282,295,4,7,1,4,0,0,22,24,1473,ITH,ITH1,4,Provincia Autonoma Bolzano / Bozen,P.A. Bolzano,533050,184958,34.7,0.28
1576,2021-03-18,PAB,1302,531,771,50,16,51,0,10,15,1056,69,0,35,226,1076,ITH,ITH1,4,Provincia Autonoma Bolzano / Bozen,P.A. Bolzano,533050,186260,34.94,0.24
1577,2021-03-12,PAB,1664,734,930,150,173,82,101,9,268,524,134,204,19,1251,413,ITH,ITH1,4,Provincia Autonoma Bolzano / Bozen,P.A. Bolzano,533050,187924,35.25,0.31
1578,2021-02-15,PAB,72,42,30,17,2,40,0,0,1,7,0,0,5,26,46,ITH,ITH1,4,Provincia Autonoma Bolzano / Bozen,P.A. Bolzano,533050,187996,35.27,0.01
1579,2021-03-29,VEN,31345,13571,17774,634,428,484,445,989,5772,17001,3654,835,1103,27458,3887,ITH,ITH3,5,Veneto,Veneto,4905854,31345,0.64,0.64
1580,2021-01-02,VEN,5742,1765,3977,4820,233,544,3,24,2,3,0,0,113,5742,0,ITH,ITH3,5,Veneto,Veneto,4905854,37087,0.76,0.12
1581,2021-03-15,VEN,16592,7257,9335,1389,772,429,1969,145,599,9248,1060,708,273,11377,5215,ITH,ITH3,5,Veneto,Veneto,4905854,53679,1.09,0.34
1582,2021-03-09,VEN,16456,7378,9078,1353,348,749,2948,108,60,8546,687,1116,541,10145,6311,ITH,ITH3,5,Veneto,Veneto,4905854,70135,1.43,0.34
1583,2021-04-20,VEN,22046,9380,12666,532,121,492,155,828,4552,9705,5203,31,427,8135,13911,ITH,ITH3,5,Veneto,Veneto,4905854,92181,1.88,0.45
1584,2021-02-05,VEN,8371,2537,5834,4450,1466,2166,14,66,20,8,1,6,174,1424,6947,ITH,ITH3,5,Veneto,Veneto,4905854,100552,2.05,0.17
1585,2021-04-23,VEN,30239,13446,16793,636,305,282,116,1003,13168,6876,7064,37,752,21603,8636,ITH,ITH3,5,Veneto,Veneto,4905854,130791,2.67,0.62
1586,2021-01-07,VEN,8360,2319,6041,5565,858,1804,2,41,18,35,0,0,37,8360,0,ITH,ITH3,5,Veneto,Veneto,4905854,139151,2.84,0.17
1587,2021-03-18,VEN,12598,5133,7465,1685,482,495,855,105,140,7505,1054,36,241,7372,5226,ITH,ITH3,5,Veneto,Veneto,4905854,151749,3.09,0.26
1588,2021-02-26,VEN,8287,3266,5021,1803,544,746,315,64,30,4380,145,91,169,7036,1251,ITH,ITH3,5,Veneto,Veneto,4905854,160036,3.26,0.17
1589,2021-01-13,VEN,5986,1607,4379,2889,1129,1888,2,21,6,3,2,1,45,5986,0,ITH,ITH3,5,Veneto,Veneto,4905854,166022,3.38,0.12
1590,2021-03-21,VEN,11981,4754,7227,1600,1131,42,2532,130,201,4244,1639,180,282,8521,3460,ITH,ITH3,5,Veneto,Veneto,4905854,178003,3.63,0.24
1591,2021-03-11,VEN,19690,8763,10927,1839,958,888,3689,191,72,9321,728,1285,719,14107,5583,ITH,ITH3,5,Veneto,Veneto,4905854,197693,4.03,0.4
1592,2021-02-23,VEN,7364,3244,4120,1100,205,245,183,48,21,5342,49,69,102,7104,260,ITH,ITH3,5,Veneto,Veneto,4905854,205057,4.18,0.15
1593,2021-03-01,VEN,9388,3711,5677,2146,421,954,2519,107,21,2608,164,272,176,7567,1821,ITH,ITH3,5,Veneto,Veneto,4905854,214445,4.37,0.19
1594,2021-02-16,VEN,6631,2868,3763,727,241,478,3,18,14,5020,34,2,94,6454,177,ITH,ITH3,5,Veneto,Veneto,4905854,221076,4.51,0.14
1595,2021-02-17,VEN,6021,2771,3250,424,158,361,4,23,11,4946,25,5,64,5927,94,ITH,ITH3,5,Veneto,Veneto,4905854,227097,4.63,0.12
1596,2021-03-06,VEN,10597,4280,6317,3561,566,1491,1329,63,26,1971,1274,128,188,7325,3272,ITH,ITH3,5,Veneto,Veneto,4905854,237694,4.85,0.22
1597,2021-01-22,VEN,1080,332,748,962,52,57,3,1,0,0,0,0,5,25,1055,ITH,ITH3,5,Veneto,Veneto,4905854,238774,4.87,0.02
1598,2021-04-17,VEN,22201,8998,13203,807,216,129,86,498,3415,10281,6463,16,290,14918,7283,ITH,ITH3,5,Veneto,Veneto,4905854,260975,5.32,0.45
1599,2021-01-29,VEN,9014,2785,6229,6198,1230,1437,6,64,18,4,0,2,55,368,8646,ITH,ITH3,5,Veneto,Veneto,4905854,269989,5.5,0.18
1600,2021-03-03,VEN,12024,4586,7438,3356,661,1236,2342,101,41,3377,144,438,328,8530,3494,ITH,ITH3,5,Veneto,Veneto,4905854,282013,5.75,0.25
1601,2021-03-31,VEN,38375,16092,22283,1896,664,811,414,1252,9242,18498,4121,414,1063,30932,7443,ITH,ITH3,5,Veneto,Veneto,4905854,320388,6.53,0.78
1602,2021-04-22,VEN,31095,13515,17580,673,294,373,110,1032,12736,9116,5898,44,819,15445,15650,ITH,ITH3,5,Veneto,Veneto,4905854,351483,7.16,0.63
1603,2021-02-28,VEN,4136,1389,2747,1741,942,15,15,22,1,992,301,76,31,3299,837,ITH,ITH3,5,Veneto,Veneto,4905854,355619,7.25,0.08
1604,2021-02-04,VEN,7318,2015,5303,3584,1102,2380,6,34,15,20,1,0,176,553,6765,ITH,ITH3,5,Veneto,Veneto,4905854,362937,7.4,0.15
1605,2021-03-10,VEN,18881,8586,10295,1566,791,560,4150,189,86,9048,650,1270,571,13198,5683,ITH,ITH3,5,Veneto,Veneto,4905854,381818,7.78,0.38
1606,2021-01-31,VEN,4767,1562,3205,3753,562,377,4,16,2,5,2,12,34,393,4374,ITH,ITH3,5,Veneto,Veneto,4905854,386585,7.88,0.1
1607,2021-02-09,VEN,5240,1890,3350,3099,643,1265,6,41,10,21,1,1,153,3445,1795,ITH,ITH3,5,Veneto,Veneto,4905854,391825,7.99,0.11
1608,2021-02-21,VEN,4629,1206,3423,495,0,18,3690,0,0,417,0,2,7,4625,4,ITH,ITH3,5,Veneto,Veneto,4905854,396454,8.08,0.09
1609,2021-01-26,VEN,6914,2089,4825,5363,521,976,5,9,3,0,0,1,36,154,6760,ITH,ITH3,5,Veneto,Veneto,4905854,403368,8.22,0.14
1610,2021-03-17,VEN,14624,5981,8643,2252,485,317,700,126,192,8777,1428,26,321,7844,6780,ITH,ITH3,5,Veneto,Veneto,4905854,417992,8.52,0.3
1611,2021-01-09,VEN,7928,2538,5390,5245,975,1573,6,37,4,3,22,12,51,7928,0,ITH,ITH3,5,Veneto,Veneto,4905854,425920,8.68,0.16
1612,2021-04-13,VEN,13875,6252,7623,743,174,300,66,341,2212,5173,4456,26,384,8398,5477,ITH,ITH3,5,Veneto,Veneto,4905854,439795,8.96,0.28
1613,2021-03-14,VEN,15161,5931,9230,3409,1054,100,3661,155,1441,3750,995,275,321,14267,894,ITH,ITH3,5,Veneto,Veneto,4905854,454956,9.27,0.31
1614,2021-02-07,VEN,2315,862,1453,1974,238,50,2,14,3,2,0,7,25,714,1601,ITH,ITH3,5,Veneto,Veneto,4905854,457271,9.32,0.05
1615,2021-01-04,VEN,6735,2033,4702,5341,425,913,6,14,2,1,0,0,33,6735,0,ITH,ITH3,5,Veneto,Veneto,4905854,464006,9.46,0.14
1616,2021-01-18,VEN,2763,777,1986,1224,478,992,1,11,4,8,0,1,44,2564,199,ITH,ITH3,5,Veneto,Veneto,4905854,466769,9.51,0.06
1617,2020-12-30,VEN,699,245,454,598,52,39,2,0,0,0,0,0,8,699,0,ITH,ITH3,5,Veneto,Veneto,4905854,467468,9.53,0.01
1618,2021-02-01,VEN,8524,2494,6030,4422,1541,2105,10,68,25,267,0,0,86,161,8363,ITH,ITH3,5,Veneto,Veneto,4905854,475992,9.7,0.17
1619,2021-01-19,VEN,1308,471,837,726,218,325,0,6,3,7,1,0,22,1159,149,ITH,ITH3,5,Veneto,Veneto,4905854,477300,9.73,0.03
1620,2021-03-12,VEN,18550,8112,10438,2138,1193,754,3510,210,117,8047,861,1009,711,11833,6717,ITH,ITH3,5,Veneto,Veneto,4905854,495850,10.11,0.38
1621,2020-12-31,VEN,3219,1042,2177,2765,94,252,2,23,0,0,0,0,83,3219,0,ITH,ITH3,5,Veneto,Veneto,4905854,499069,10.17,0.07
1622,2021-04-05,VEN,19145,8370,10775,659,392,327,176,338,9876,5521,1702,22,132,13693,5452,ITH,ITH3,5,Veneto,Veneto,4905854,518214,10.56,0.39
1623,2021-01-03,VEN,5159,1563,3596,4608,255,249,2,13,1,0,0,0,31,5159,0,ITH,ITH3,5,Veneto,Veneto,4905854,523373,10.67,0.11
1624,2021-01-21,VEN,2291,719,1572,2052,74,141,3,11,0,0,0,0,10,21,2270,ITH,ITH3,5,Veneto,Veneto,4905854,525664,10.72,0.05
1625,2021-03-30,VEN,35774,15143,20631,869,404,584,478,1510,8618,16800,4762,492,1257,30529,5245,ITH,ITH3,5,Veneto,Veneto,4905854,561438,11.44,0.73
1626,2021-02-03,VEN,5936,1662,4274,2949,1141,1750,6,23,7,3,3,0,54,481,5455,ITH,ITH3,5,Veneto,Veneto,4905854,567374,11.57,0.12
1627,2021-01-30,VEN,8745,2671,6074,6335,1026,1235,9,53,4,4,2,13,64,692,8053,ITH,ITH3,5,Veneto,Veneto,4905854,576119,11.74,0.18
1628,2021-02-13,VEN,3267,1474,1793,1592,198,1438,1,11,2,3,1,1,20,3247,20,ITH,ITH3,5,Veneto,Veneto,4905854,579386,11.81,0.07
1629,2021-02-06,VEN,4093,1353,2740,3098,542,367,4,19,5,3,0,1,54,709,3384,ITH,ITH3,5,Veneto,Veneto,4905854,583479,11.89,0.08
1630,2021-01-24,VEN,4117,1219,2898,3763,94,222,4,5,1,1,1,0,26,28,4089,ITH,ITH3,5,Veneto,Veneto,4905854,587596,11.98,0.08
1631,2021-04-16,VEN,24243,10416,13827,744,299,440,123,539,5817,10034,5698,35,514,12330,11913,ITH,ITH3,5,Veneto,Veneto,4905854,611839,12.47,0.49
1632,2021-03-22,VEN,18085,8131,9954,1478,1154,549,2496,211,2765,6700,1614,783,335,13044,5041,ITH,ITH3,5,Veneto,Veneto,4905854,629924,12.84,0.37
1633,2021-03-23,VEN,22137,10183,11954,1302,1131,678,2867,284,5281,6686,2361,1046,501,17421,4716,ITH,ITH3,5,Veneto,Veneto,4905854,652061,13.29,0.45
1634,2021-03-24,VEN,22017,9501,12516,1215,1050,807,3107,264,1506,10424,2225,969,450,15209,6808,ITH,ITH3,5,Veneto,Veneto,4905854,674078,13.74,0.45
1635,2021-04-10,VEN,27278,11890,15388,589,310,407,115,451,9386,10839,4858,13,310,18798,8480,ITH,ITH3,5,Veneto,Veneto,4905854,701356,14.3,0.56
1636,2021-04-02,VEN,23851,10496,13355,1212,510,379,298,509,7222,9697,3408,206,410,17521,6330,ITH,ITH3,5,Veneto,Veneto,4905854,725207,14.78,0.49
1637,2021-03-04,VEN,12866,4780,8086,3217,844,1422,2833,91,56,3415,318,432,238,9401,3465,ITH,ITH3,5,Veneto,Veneto,4905854,738073,15.04,0.26
1638,2021-04-19,VEN,20967,8676,12291,886,176,286,208,526,2921,11342,4291,19,312,4624,16343,ITH,ITH3,5,Veneto,Veneto,4905854,759040,15.47,0.43
1639,2021-04-29,VEN,49280,22967,26313,632,201,389,207,22760,10386,5571,7718,158,1258,36211,13069,ITH,ITH3,5,Veneto,Veneto,4905854,808320,16.48,1.0
1640,2021-02-22,VEN,7012,3040,3972,758,138,362,243,26,15,5401,40,1,28,6625,387,ITH,ITH3,5,Veneto,Veneto,4905854,815332,16.62,0.14
1641,2021-02-08,VEN,4974,1540,3434,2823,784,1178,4,37,8,12,1,0,127,1930,3044,ITH,ITH3,5,Veneto,Veneto,4905854,820306,16.72,0.1
1642,2021-01-01,VEN,1527,471,1056,1513,7,1,3,0,0,0,0,0,3,1527,0,ITH,ITH3,5,Veneto,Veneto,4905854,821833,16.75,0.03
1643,2021-01-27,VEN,7140,2065,5075,5406,723,879,9,89,23,2,0,0,9,245,6895,ITH,ITH3,5,Veneto,Veneto,4905854,828973,16.9,0.15
1644,2021-01-05,VEN,7329,2182,5147,5447,662,1122,5,23,2,1,0,2,65,7329,0,ITH,ITH3,5,Veneto,Veneto,4905854,836302,17.05,0.15
1645,2021-01-20,VEN,1038,368,670,695,116,213,1,5,1,2,0,0,5,386,652,ITH,ITH3,5,Veneto,Veneto,4905854,837340,17.07,0.02
1646,2021-02-02,VEN,6403,1843,4560,2997,1135,1996,3,25,6,153,6,0,82,390,6013,ITH,ITH3,5,Veneto,Veneto,4905854,843743,17.2,0.13
1647,2021-04-18,VEN,17483,7244,10239,520,155,69,110,380,2306,7382,6311,14,236,9896,7587,ITH,ITH3,5,Veneto,Veneto,4905854,861226,17.56,0.36
1648,2021-04-27,VEN,27702,12590,15112,854,221,265,74,3049,13228,4503,4940,45,523,20813,6889,ITH,ITH3,5,Veneto,Veneto,4905854,888928,18.12,0.56
1649,2020-12-27,VEN,880,395,485,875,1,0,1,0,1,0,0,0,2,880,0,ITH,ITH3,5,Veneto,Veneto,4905854,889808,18.14,0.02
1650,2021-04-03,VEN,21851,9582,12269,1868,302,150,129,497,6430,8434,3488,31,522,14132,7719,ITH,ITH3,5,Veneto,Veneto,4905854,911659,18.58,0.45
1651,2021-01-28,VEN,9206,2662,6544,6583,1080,1451,5,40,2,7,2,0,36,173,9033,ITH,ITH3,5,Veneto,Veneto,4905854,920865,18.77,0.19
1652,2021-04-21,VEN,31621,12896,18725,996,304,395,119,653,10351,13147,5155,15,486,15711,15910,ITH,ITH3,5,Veneto,Veneto,4905854,952486,19.42,0.64
1653,2021-04-08,VEN,31977,14179,17798,1155,378,580,442,938,11035,10223,6572,120,534,24109,7868,ITH,ITH3,5,Veneto,Veneto,4905854,984463,20.07,0.65
1654,2021-01-10,VEN,5032,1671,3361,3893,565,462,1,10,2,4,0,2,93,5032,0,ITH,ITH3,5,Veneto,Veneto,4905854,989495,20.17,0.1
1655,2021-04-24,VEN,24145,10560,13585,604,262,105,60,611,10130,7006,4813,17,537,15089,9056,ITH,ITH3,5,Veneto,Veneto,4905854,1013640,20.66,0.49
1656,2021-02-18,VEN,5792,2444,3348,958,249,667,8,33,14,3798,3,1,61,5728,64,ITH,ITH3,5,Veneto,Veneto,4905854,1019432,20.78,0.12
1657,2021-02-27,VEN,8989,2693,6296,2322,180,64,4137,44,14,1964,32,86,146,8138,851,ITH,ITH3,5,Veneto,Veneto,4905854,1028421,20.96,0.18
1658,2021-04-04,VEN,7776,3532,4244,24,40,1,13,135,4969,1318,1230,2,44,6625,1151,ITH,ITH3,5,Veneto,Veneto,4905854,1036197,21.12,0.16
1659,2021-03-16,VEN,12481,5342,7139,1478,382,485,129,125,113,7719,1769,21,260,6872,5609,ITH,ITH3,5,Veneto,Veneto,4905854,1048678,21.38,0.25
1660,2021-02-25,VEN,7896,3339,4557,1548,342,473,297,34,35,4936,21,109,101,7294,602,ITH,ITH3,5,Veneto,Veneto,4905854,1056574,21.54,0.16
1661,2021-03-26,VEN,29489,13073,16416,1294,1752,1228,1922,467,8141,9815,3171,985,714,24024,5465,ITH,ITH3,5,Veneto,Veneto,4905854,1086063,22.14,0.6
1662,2021-02-19,VEN,7296,3123,4173,1546,565,664,9,35,15,4367,5,4,86,7093,203,ITH,ITH3,5,Veneto,Veneto,4905854,1093359,22.29,0.15
1663,2021-01-06,VEN,8131,2385,5746,6514,672,808,10,83,24,2,2,2,14,8131,0,ITH,ITH3,5,Veneto,Veneto,4905854,1101490,22.45,0.17
1664,2021-02-14,VEN,125,56,69,97,22,0,0,2,0,0,0,0,4,112,13,ITH,ITH3,5,Veneto,Veneto,4905854,1101615,22.46,0.0
1665,2021-01-08,VEN,9403,2835,6568,6133,1323,1805,12,65,18,4,1,1,41,9403,0,ITH,ITH3,5,Veneto,Veneto,4905854,1111018,22.65,0.19
1666,2021-04-28,VEN,30993,14541,16452,641,223,537,85,4549,15035,2670,6314,36,903,22261,8732,ITH,ITH3,5,Veneto,Veneto,4905854,1142011,23.28,0.63
1667,2021-01-16,VEN,4608,1542,3066,3195,670,657,0,14,6,0,0,1,65,4608,0,ITH,ITH3,5,Veneto,Veneto,4905854,1146619,23.37,0.09
1668,2021-03-20,VEN,12929,5336,7593,710,269,320,2402,152,1613,4728,2100,219,416,10830,2099,ITH,ITH3,5,Veneto,Veneto,4905854,1159548,23.64,0.26
1669,2021-04-01,VEN,24592,10773,13819,1054,604,585,161,670,6847,9829,4054,290,498,18221,6371,ITH,ITH3,5,Veneto,Veneto,4905854,1184140,24.14,0.5
1670,2021-03-19,VEN,13788,5667,8121,2161,862,516,727,157,127,7562,1254,55,367,7694,6094,ITH,ITH3,5,Veneto,Veneto,4905854,1197928,24.42,0.28
1671,2021-04-26,VEN,20236,9224,11012,463,155,113,87,879,10324,2979,4618,47,571,15084,5152,ITH,ITH3,5,Veneto,Veneto,4905854,1218164,24.83,0.41
1672,2021-01-17,VEN,1933,781,1152,1589,193,120,2,3,1,3,0,0,22,1584,349,ITH,ITH3,5,Veneto,Veneto,4905854,1220097,24.87,0.04
1673,2021-04-25,VEN,18212,8113,10099,354,94,111,59,416,9059,4008,3882,4,225,13390,4822,ITH,ITH3,5,Veneto,Veneto,4905854,1238309,25.24,0.37
1674,2021-04-06,VEN,28374,13046,15328,438,205,389,104,533,16357,5369,4693,69,217,23301,5073,ITH,ITH3,5,Veneto,Veneto,4905854,1266683,25.82,0.58
1675,2021-02-24,VEN,8611,3677,4934,1592,410,521,14,35,28,5592,37,273,109,8127,484,ITH,ITH3,5,Veneto,Veneto,4905854,1275294,26.0,0.18
1676,2021-03-28,VEN,31283,13595,17688,1467,1448,172,2443,1170,8603,9243,3872,56,2809,27612,3671,ITH,ITH3,5,Veneto,Veneto,4905854,1306577,26.63,0.64
1677,2021-02-12,VEN,4313,1447,2866,2768,441,692,8,43,14,6,0,4,337,3741,572,ITH,ITH3,5,Veneto,Veneto,4905854,1310890,26.72,0.09
1678,2021-01-25,VEN,6467,2075,4392,5137,377,904,2,13,2,6,0,0,26,160,6307,ITH,ITH3,5,Veneto,Veneto,4905854,1317357,26.85,0.13
1679,2021-04-30,VEN,47674,22433,25241,607,284,372,228,20568,9765,5421,8931,102,1396,32158,15516,ITH,ITH3,5,Veneto,Veneto,4905854,1365031,27.82,0.97
1680,2021-03-05,VEN,13252,4949,8303,3643,692,1467,2979,109,50,3091,474,323,424,9592,3660,ITH,ITH3,5,Veneto,Veneto,4905854,1378283,28.09,0.27
1681,2021-01-11,VEN,7239,2101,5138,3688,1161,1958,8,58,22,254,6,0,84,7239,0,ITH,ITH3,5,Veneto,Veneto,4905854,1385522,28.24,0.15
1682,2021-01-15,VEN,5866,1821,4045,3124,992,1570,4,46,18,9,0,5,98,5866,0,ITH,ITH3,5,Veneto,Veneto,4905854,1391388,28.36,0.12
1683,2021-04-11,VEN,20946,8847,12099,1895,136,83,345,323,4329,8218,5332,11,274,14635,6311,ITH,ITH3,5,Veneto,Veneto,4905854,1412334,28.79,0.43
1684,2021-04-12,VEN,14722,6245,8477,690,117,122,939,322,2132,6058,3961,18,363,6585,8137,ITH,ITH3,5,Veneto,Veneto,4905854,1427056,29.09,0.3
1685,2021-03-08,VEN,13491,6155,7336,716,201,385,2947,84,54,7165,474,1119,346,9432,4059,ITH,ITH3,5,Veneto,Veneto,4905854,1440547,29.36,0.27
1686,2021-04-15,VEN,20658,8533,12125,758,255,487,688,431,3809,8848,4936,8,438,9850,10808,ITH,ITH3,5,Veneto,Veneto,4905854,1461205,29.78,0.42
1687,2021-01-14,VEN,7061,1924,5137,3349,1065,2491,4,26,7,17,1,0,101,7061,0,ITH,ITH3,5,Veneto,Veneto,4905854,1468266,29.93,0.14
1688,2021-04-07,VEN,35505,15941,19564,2007,685,743,358,986,18006,5567,5947,109,1097,28174,7331,ITH,ITH3,5,Veneto,Veneto,4905854,1503771,30.65,0.72
1689,2021-04-14,VEN,15395,6688,8707,812,262,183,131,400,3544,5358,4273,22,410,8895,6500,ITH,ITH3,5,Veneto,Veneto,4905854,1519166,30.97,0.31
1690,2021-02-11,VEN,4013,1239,2774,2661,390,804,8,20,8,10,6,2,104,3385,628,ITH,ITH3,5,Veneto,Veneto,4905854,1523179,31.05,0.08
1691,2021-01-12,VEN,5230,1516,3714,2275,855,1753,5,29,16,176,0,0,121,5230,0,ITH,ITH3,5,Veneto,Veneto,4905854,1528409,31.15,0.11
1692,2021-03-07,VEN,4454,1743,2711,1909,195,23,832,24,4,982,388,39,58,3901,553,ITH,ITH3,5,Veneto,Veneto,4905854,1532863,31.25,0.09
1693,2021-03-02,VEN,11447,4613,6834,2930,775,1197,1869,95,32,3290,465,468,326,8169,3278,ITH,ITH3,5,Veneto,Veneto,4905854,1544310,31.48,0.23
1694,2021-01-23,VEN,4053,1247,2806,3425,173,437,3,3,2,1,1,0,8,34,4019,ITH,ITH3,5,Veneto,Veneto,4905854,1548363,31.56,0.08
1695,2021-04-09,VEN,30957,13627,17330,1747,908,605,199,978,8518,9972,6982,93,955,22630,8327,ITH,ITH3,5,Veneto,Veneto,4905854,1579320,32.19,0.63
1696,2021-03-27,VEN,32010,13967,18043,2284,1676,197,1581,668,6993,12305,4036,222,2048,26200,5810,ITH,ITH3,5,Veneto,Veneto,4905854,1611330,32.85,0.65
1697,2021-03-13,VEN,17174,7255,9919,2682,1651,109,4041,274,209,4814,2103,462,829,14068,3106,ITH,ITH3,5,Veneto,Veneto,4905854,1628504,33.2,0.35
1698,2021-02-10,VEN,4751,1588,3163,3175,552,783,2,50,19,6,1,0,163,3697,1054,ITH,ITH3,5,Veneto,Veneto,4905854,1633255,33.29,0.1
1699,2021-02-15,VEN,4386,1821,2565,486,84,383,2,19,9,3273,54,14,62,4145,241,ITH,ITH3,5,Veneto,Veneto,4905854,1637641,33.38,0.09
1700,2021-03-25,VEN,25824,10947,14877,1535,1437,1020,2262,350,5621,9924,2248,842,585,19705,6119,ITH,ITH3,5,Veneto,Veneto,4905854,1663465,33.91,0.53
1701,2021-02-20,VEN,6421,2015,4406,1905,113,100,3243,31,10,968,3,6,42,6352,69,ITH,ITH3,5,Veneto,Veneto,4905854,1669886,34.04,0.13
1702,2021-04-07,FVG,7498,3322,4176,340,299,114,33,5,2714,2100,1872,13,8,6713,785,ITH,ITH4,6,Friuli-Venezia Giulia,Friuli Venezia Giulia,1215220,7498,0.62,0.62
1703,2021-02-27,FVG,3426,1178,2248,203,140,4,1503,1,0,1523,27,25,0,3425,1,ITH,ITH4,6,Friuli-Venezia Giulia,Friuli Venezia Giulia,1215220,10924,0.9,0.28
1704,2021-01-02,FVG,1217,471,746,1150,67,0,0,0,0,0,0,0,0,1217,0,ITH,ITH4,6,Friuli-Venezia Giulia,Friuli Venezia Giulia,1215220,12141,1.0,0.1
1705,2021-01-24,FVG,305,119,186,277,27,1,0,0,0,0,0,0,0,1,304,ITH,ITH4,6,Friuli-Venezia Giulia,Friuli Venezia Giulia,1215220,12446,1.02,0.03
1706,2021-01-14,FVG,2588,789,1799,1608,550,430,0,0,0,0,0,0,0,2588,0,ITH,ITH4,6,Friuli-Venezia Giulia,Friuli Venezia Giulia,1215220,15034,1.24,0.21
1707,2021-01-07,FVG,2092,718,1374,1760,222,110,0,0,0,0,0,0,0,2092,0,ITH,ITH4,6,Friuli-Venezia Giulia,Friuli Venezia Giulia,1215220,17126,1.41,0.17
1708,2021-04-28,FVG,7084,3151,3933,256,131,38,4,357,2049,1819,2388,3,39,3648,3436,ITH,ITH4,6,Friuli-Venezia Giulia,Friuli Venezia Giulia,1215220,24210,1.99,0.58
1709,2021-03-04,FVG,3425,1591,1834,357,216,96,402,1,1,1815,33,504,0,2783,642,ITH,ITH4,6,Friuli-Venezia Giulia,Friuli Venezia Giulia,1215220,27635,2.27,0.28
1710,2021-01-08,FVG,2322,747,1575,1680,242,396,0,1,0,0,0,0,3,2322,0,ITH,ITH4,6,Friuli-Venezia Giulia,Friuli Venezia Giulia,1215220,29957,2.47,0.19
1711,2021-03-26,FVG,5806,2429,3377,500,212,234,754,22,650,2050,1264,88,32,3791,2015,ITH,ITH4,6,Friuli-Venezia Giulia,Friuli Venezia Giulia,1215220,35763,2.94,0.48
1712,2021-04-19,FVG,6678,3122,3556,190,155,39,29,264,1103,1761,3125,2,10,3279,3399,ITH,ITH4,6,Friuli-Venezia Giulia,Friuli Venezia Giulia,1215220,42441,3.49,0.55
1713,2021-02-18,FVG,3217,1492,1725,229,122,331,983,0,0,1502,16,34,0,2811,406,ITH,ITH4,6,Friuli-Venezia Giulia,Friuli Venezia Giulia,1215220,45658,3.76,0.26
1714,2021-02-19,FVG,3254,1290,1964,568,309,315,426,0,0,1589,11,35,1,2825,429,ITH,ITH4,6,Friuli-Venezia Giulia,Friuli Venezia Giulia,1215220,48912,4.02,0.27
1715,2021-02-20,FVG,2068,933,1135,11,1,148,306,0,2,1584,16,0,0,1924,144,ITH,ITH4,6,Friuli-Venezia Giulia,Friuli Venezia Giulia,1215220,50980,4.2,0.17
1716,2021-03-12,FVG,3942,1545,2397,178,63,47,589,1,5,2865,92,101,1,2562,1380,ITH,ITH4,6,Friuli-Venezia Giulia,Friuli Venezia Giulia,1215220,54922,4.52,0.32
1717,2021-02-01,FVG,2096,688,1408,1590,371,135,0,0,0,0,0,0,0,15,2081,ITH,ITH4,6,Friuli-Venezia Giulia,Friuli Venezia Giulia,1215220,57018,4.69,0.17
1718,2021-02-13,FVG,567,179,388,337,230,0,0,0,0,0,0,0,0,561,6,ITH,ITH4,6,Friuli-Venezia Giulia,Friuli Venezia Giulia,1215220,57585,4.74,0.05
1719,2021-02-08,FVG,2357,694,1663,1401,521,435,0,0,0,0,0,0,0,92,2265,ITH,ITH4,6,Friuli-Venezia Giulia,Friuli Venezia Giulia,1215220,59942,4.93,0.19
1720,2021-01-18,FVG,1962,607,1355,1360,492,110,0,0,0,0,0,0,0,1868,94,ITH,ITH4,6,Friuli-Venezia Giulia,Friuli Venezia Giulia,1215220,61904,5.09,0.16
1721,2021-01-27,FVG,1272,425,847,851,357,64,0,0,0,0,0,0,0,450,822,ITH,ITH4,6,Friuli-Venezia Giulia,Friuli Venezia Giulia,1215220,63176,5.2,0.1
1722,2021-02-12,FVG,1200,428,772,674,392,128,1,0,1,2,1,0,1,1150,50,ITH,ITH4,6,Friuli-Venezia Giulia,Friuli Venezia Giulia,1215220,64376,5.3,0.1
1723,2021-04-30,FVG,6625,2962,3663,305,229,0,7,287,1124,1660,2980,2,31,3303,3322,ITH,ITH4,6,Friuli-Venezia Giulia,Friuli Venezia Giulia,1215220,71001,5.84,0.55
1724,2021-04-15,FVG,6462,2848,3614,218,66,83,5,247,1102,1954,2765,1,21,5198,1264,ITH,ITH4,6,Friuli-Venezia Giulia,Friuli Venezia Giulia,1215220,77463,6.37,0.53
1725,2021-03-08,FVG,4041,1574,2467,694,513,140,436,0,7,2190,22,39,0,1953,2088,ITH,ITH4,6,Friuli-Venezia Giulia,Friuli Venezia Giulia,1215220,81504,6.71,0.33
1726,2021-04-10,FVG,4959,2144,2815,156,188,81,76,27,746,2082,1571,13,19,3735,1224,ITH,ITH4,6,Friuli-Venezia Giulia,Friuli Venezia Giulia,1215220,86463,7.12,0.41
1727,2021-03-01,FVG,2958,1042,1916,93,81,176,949,1,1,1636,17,4,0,2905,53,ITH,ITH4,6,Friuli-Venezia Giulia,Friuli Venezia Giulia,1215220,89421,7.36,0.24
1728,2021-01-29,FVG,2414,814,1600,1856,321,237,0,0,0,0,0,0,0,264,2150,ITH,ITH4,6,Friuli-Venezia Giulia,Friuli Venezia Giulia,1215220,91835,7.56,0.2
1729,2021-03-22,FVG,3544,1344,2200,150,88,206,464,0,1,2471,155,6,3,1589,1955,ITH,ITH4,6,Friuli-Venezia Giulia,Friuli Venezia Giulia,1215220,95379,7.85,0.29
1730,2021-03-31,FVG,8039,3503,4536,170,108,296,878,5,2336,2163,1968,112,3,7190,849,ITH,ITH4,6,Friuli-Venezia Giulia,Friuli Venezia Giulia,1215220,103418,8.51,0.66
1731,2021-04-02,FVG,6577,2917,3660,369,242,83,3,1,608,3137,2094,15,25,4741,1836,ITH,ITH4,6,Friuli-Venezia Giulia,Friuli Venezia Giulia,1215220,109995,9.05,0.54
1732,2021-02-22,FVG,2493,1196,1297,431,312,115,5,1,0,1369,14,246,0,2075,418,ITH,ITH4,6,Friuli-Venezia Giulia,Friuli Venezia Giulia,1215220,112488,9.26,0.21
1733,2021-02-28,FVG,2669,989,1680,234,162,0,1488,0,0,405,1,379,0,2274,395,ITH,ITH4,6,Friuli-Venezia Giulia,Friuli Venezia Giulia,1215220,115157,9.48,0.22
1734,2021-02-25,FVG,3076,1608,1468,22,5,299,744,0,1,1557,12,436,0,3051,25,ITH,ITH4,6,Friuli-Venezia Giulia,Friuli Venezia Giulia,1215220,118233,9.73,0.25
1735,2021-02-21,FVG,800,281,519,213,166,27,1,0,0,382,10,1,0,423,377,ITH,ITH4,6,Friuli-Venezia Giulia,Friuli Venezia Giulia,1215220,119033,9.8,0.07
1736,2021-04-29,FVG,6317,2790,3527,333,142,6,7,389,1197,1418,2767,1,57,3946,2371,ITH,ITH4,6,Friuli-Venezia Giulia,Friuli Venezia Giulia,1215220,125350,10.32,0.52
1737,2021-03-15,FVG,3765,1637,2128,329,256,180,234,1,1,2426,101,237,0,1445,2320,ITH,ITH4,6,Friuli-Venezia Giulia,Friuli Venezia Giulia,1215220,129115,10.62,0.31
1738,2021-04-03,FVG,3982,1970,2012,36,580,4,149,3,3,2248,919,36,4,2653,1329,ITH,ITH4,6,Friuli-Venezia Giulia,Friuli Venezia Giulia,1215220,133097,10.95,0.33
1739,2021-01-04,FVG,1510,559,951,1392,118,0,0,0,0,0,0,0,0,1510,0,ITH,ITH4,6,Friuli-Venezia Giulia,Friuli Venezia Giulia,1215220,134607,11.08,0.12
1740,2021-01-19,FVG,7,2,5,5,0,2,0,0,0,0,0,0,0,7,0,ITH,ITH4,6,Friuli-Venezia Giulia,Friuli Venezia Giulia,1215220,134614,11.08,0.0
1741,2021-04-05,FVG,2868,1427,1441,34,222,13,121,3,607,468,1373,27,0,2852,16,ITH,ITH4,6,Friuli-Venezia Giulia,Friuli Venezia Giulia,1215220,137482,11.31,0.24
1742,2020-12-30,FVG,630,246,384,601,29,0,0,0,0,0,0,0,0,630,0,ITH,ITH4,6,Friuli-Venezia Giulia,Friuli Venezia Giulia,1215220,138112,11.37,0.05
1743,2021-04-27,FVG,7968,3671,4297,293,287,29,2,575,1893,2106,2743,1,39,3533,4435,ITH,ITH4,6,Friuli-Venezia Giulia,Friuli Venezia Giulia,1215220,146080,12.02,0.66
1744,2020-12-31,FVG,1053,384,669,1011,42,0,0,0,0,0,0,0,0,1053,0,ITH,ITH4,6,Friuli-Venezia Giulia,Friuli Venezia Giulia,1215220,147133,12.11,0.09
1745,2021-02-07,FVG,1562,483,1079,867,693,2,0,0,0,0,0,0,0,386,1176,ITH,ITH4,6,Friuli-Venezia Giulia,Friuli Venezia Giulia,1215220,148695,12.24,0.13
1746,2021-01-03,FVG,312,122,190,285,26,1,0,0,0,0,0,0,0,312,0,ITH,ITH4,6,Friuli-Venezia Giulia,Friuli Venezia Giulia,1215220,149007,12.26,0.03
1747,2021-02-05,FVG,2613,784,1829,1612,511,490,0,0,0,0,0,0,0,90,2523,ITH,ITH4,6,Friuli-Venezia Giulia,Friuli Venezia Giulia,1215220,151620,12.48,0.22
1748,2021-04-13,FVG,7352,3284,4068,349,308,189,23,244,2209,2230,1778,13,9,5746,1606,ITH,ITH4,6,Friuli-Venezia Giulia,Friuli Venezia Giulia,1215220,158972,13.08,0.6
1749,2021-03-30,FVG,7093,3142,3951,421,334,404,138,14,2004,1937,1785,53,3,6173,920,ITH,ITH4,6,Friuli-Venezia Giulia,Friuli Venezia Giulia,1215220,166065,13.67,0.58
1750,2021-01-30,FVG,2271,744,1527,1475,354,442,0,0,0,0,0,0,0,270,2001,ITH,ITH4,6,Friuli-Venezia Giulia,Friuli Venezia Giulia,1215220,168336,13.85,0.19
1751,2021-02-03,FVG,2647,791,1856,1702,558,386,0,0,0,1,0,0,0,23,2624,ITH,ITH4,6,Friuli-Venezia Giulia,Friuli Venezia Giulia,1215220,170983,14.07,0.22
1752,2021-04-23,FVG,7355,3335,4020,300,138,43,7,403,1191,2201,3038,4,30,3550,3805,ITH,ITH4,6,Friuli-Venezia Giulia,Friuli Venezia Giulia,1215220,178338,14.68,0.61
1753,2021-01-10,FVG,2941,919,2022,1745,951,245,0,0,0,0,0,0,0,2941,0,ITH,ITH4,6,Friuli-Venezia Giulia,Friuli Venezia Giulia,1215220,181279,14.92,0.24
1754,2021-01-13,FVG,2651,834,1817,1822,599,230,0,0,0,0,0,0,0,2651,0,ITH,ITH4,6,Friuli-Venezia Giulia,Friuli Venezia Giulia,1215220,183930,15.14,0.22
1755,2021-02-02,FVG,2467,806,1661,1658,393,416,0,0,0,0,0,0,0,217,2250,ITH,ITH4,6,Friuli-Venezia Giulia,Friuli Venezia Giulia,1215220,186397,15.34,0.2
1756,2021-03-06,FVG,3492,1194,2298,182,249,5,1465,0,0,1565,6,20,0,3166,326,ITH,ITH4,6,Friuli-Venezia Giulia,Friuli Venezia Giulia,1215220,189889,15.63,0.29
1757,2021-04-22,FVG,6729,3068,3661,122,110,34,2,329,1559,2116,2440,1,16,3058,3671,ITH,ITH4,6,Friuli-Venezia Giulia,Friuli Venezia Giulia,1215220,196618,16.18,0.55
1758,2021-04-16,FVG,6889,2984,3905,289,181,171,16,308,982,2029,2889,1,23,4971,1918,ITH,ITH4,6,Friuli-Venezia Giulia,Friuli Venezia Giulia,1215220,203507,16.75,0.57
1759,2021-03-24,FVG,3772,1530,2242,183,183,148,427,1,21,2324,419,62,4,2290,1482,ITH,ITH4,6,Friuli-Venezia Giulia,Friuli Venezia Giulia,1215220,207279,17.06,0.31
1760,2021-04-18,FVG,5978,2770,3208,320,75,81,2,396,1484,728,2864,0,28,5572,406,ITH,ITH4,6,Friuli-Venezia Giulia,Friuli Venezia Giulia,1215220,213257,17.55,0.49
1761,2021-03-23,FVG,3761,1561,2200,321,303,245,241,0,3,2449,169,29,1,1618,2143,ITH,ITH4,6,Friuli-Venezia Giulia,Friuli Venezia Giulia,1215220,217018,17.86,0.31
1762,2021-03-03,FVG,3642,1628,2014,750,546,104,427,0,0,1331,15,469,0,2364,1278,ITH,ITH4,6,Friuli-Venezia Giulia,Friuli Venezia Giulia,1215220,220660,18.16,0.3
1763,2020-12-27,FVG,262,149,113,259,3,0,0,0,0,0,0,0,0,262,0,ITH,ITH4,6,Friuli-Venezia Giulia,Friuli Venezia Giulia,1215220,220922,18.18,0.02
1764,2021-04-17,FVG,7366,3206,4160,317,116,1,3,625,592,2425,3261,2,24,5884,1482,ITH,ITH4,6,Friuli-Venezia Giulia,Friuli Venezia Giulia,1215220,228288,18.79,0.61
1765,2021-02-06,FVG,1154,338,816,755,208,191,0,0,0,0,0,0,0,22,1132,ITH,ITH4,6,Friuli-Venezia Giulia,Friuli Venezia Giulia,1215220,229442,18.88,0.09
1766,2021-01-22,FVG,90,30,60,89,1,0,0,0,0,0,0,0,0,0,90,ITH,ITH4,6,Friuli-Venezia Giulia,Friuli Venezia Giulia,1215220,229532,18.89,0.01
1767,2021-04-24,FVG,6644,2926,3718,430,55,0,1,522,281,1987,3310,1,57,5400,1244,ITH,ITH4,6,Friuli-Venezia Giulia,Friuli Venezia Giulia,1215220,236176,19.43,0.55
1768,2021-01-31,FVG,2715,836,1879,1693,1004,18,0,0,0,0,0,0,0,385,2330,ITH,ITH4,6,Friuli-Venezia Giulia,Friuli Venezia Giulia,1215220,238891,19.66,0.22
1769,2021-03-17,FVG,3236,1268,1968,429,219,200,6,0,1,2247,131,3,0,743,2493,ITH,ITH4,6,Friuli-Venezia Giulia,Friuli Venezia Giulia,1215220,242127,19.92,0.27
1770,2021-03-10,FVG,3362,1494,1868,306,301,209,195,0,1,1973,67,309,1,1570,1792,ITH,ITH4,6,Friuli-Venezia Giulia,Friuli Venezia Giulia,1215220,245489,20.2,0.28
1771,2021-03-27,FVG,4983,2560,2423,60,811,1,98,3,906,1990,1096,16,2,3572,1411,ITH,ITH4,6,Friuli-Venezia Giulia,Friuli Venezia Giulia,1215220,250472,20.61,0.41
1772,2021-04-21,FVG,7680,3433,4247,108,73,30,9,549,2463,2056,2382,4,6,4015,3665,ITH,ITH4,6,Friuli-Venezia Giulia,Friuli Venezia Giulia,1215220,258152,21.24,0.63
1773,2021-03-14,FVG,1397,548,849,0,1,0,797,0,0,248,16,335,0,1144,253,ITH,ITH4,6,Friuli-Venezia Giulia,Friuli Venezia Giulia,1215220,259549,21.36,0.11
1774,2021-02-10,FVG,1352,496,856,745,487,119,1,0,0,0,0,0,0,1266,86,ITH,ITH4,6,Friuli-Venezia Giulia,Friuli Venezia Giulia,1215220,260901,21.47,0.11
1775,2021-04-08,FVG,7169,3000,4169,262,144,237,34,4,1533,2973,1969,4,9,5247,1922,ITH,ITH4,6,Friuli-Venezia Giulia,Friuli Venezia Giulia,1215220,268070,22.06,0.59
1776,2021-01-26,FVG,1975,647,1328,1442,152,381,0,0,0,0,0,0,0,214,1761,ITH,ITH4,6,Friuli-Venezia Giulia,Friuli Venezia Giulia,1215220,270045,22.22,0.16
1777,2021-03-29,FVG,6877,3002,3875,240,211,161,311,10,2110,2417,1355,47,15,5297,1580,ITH,ITH4,6,Friuli-Venezia Giulia,Friuli Venezia Giulia,1215220,276922,22.79,0.57
1778,2021-01-12,FVG,2260,713,1547,1529,370,361,0,0,0,0,0,0,0,2260,0,ITH,ITH4,6,Friuli-Venezia Giulia,Friuli Venezia Giulia,1215220,279182,22.97,0.19
1779,2021-03-09,FVG,3863,1590,2273,657,480,200,424,2,4,2005,28,60,3,1110,2753,ITH,ITH4,6,Friuli-Venezia Giulia,Friuli Venezia Giulia,1215220,283045,23.29,0.32
1780,2021-03-28,FVG,4808,2272,2536,13,745,5,1306,8,1526,425,662,111,7,4668,140,ITH,ITH4,6,Friuli-Venezia Giulia,Friuli Venezia Giulia,1215220,287853,23.69,0.4
1781,2021-03-19,FVG,3236,1341,1895,107,47,296,134,0,0,2513,139,0,0,1302,1934,ITH,ITH4,6,Friuli-Venezia Giulia,Friuli Venezia Giulia,1215220,291089,23.95,0.27
1782,2021-01-17,FVG,1720,524,1196,674,560,486,0,0,0,0,0,0,0,1720,0,ITH,ITH4,6,Friuli-Venezia Giulia,Friuli Venezia Giulia,1215220,292809,24.1,0.14
1783,2021-04-26,FVG,5400,2436,2964,186,147,16,14,328,2092,697,1867,5,48,3770,1630,ITH,ITH4,6,Friuli-Venezia Giulia,Friuli Venezia Giulia,1215220,298209,24.54,0.44
1784,2021-01-25,FVG,1584,568,1016,1371,141,72,0,0,0,0,0,0,0,194,1390,ITH,ITH4,6,Friuli-Venezia Giulia,Friuli Venezia Giulia,1215220,299793,24.67,0.13
1785,2021-02-23,FVG,2615,1252,1363,104,44,247,1,0,2,1943,19,255,0,2437,178,ITH,ITH4,6,Friuli-Venezia Giulia,Friuli Venezia Giulia,1215220,302408,24.89,0.22
1786,2021-02-26,FVG,3740,2094,1646,75,26,561,299,0,2,1739,5,1033,0,3593,147,ITH,ITH4,6,Friuli-Venezia Giulia,Friuli Venezia Giulia,1215220,306148,25.19,0.31
1787,2021-04-12,FVG,7216,3167,4049,281,180,230,20,99,1751,2071,2555,4,25,6089,1127,ITH,ITH4,6,Friuli-Venezia Giulia,Friuli Venezia Giulia,1215220,313364,25.79,0.59
1788,2021-03-21,FVG,2600,937,1663,6,9,88,1119,0,0,1333,3,27,15,2192,408,ITH,ITH4,6,Friuli-Venezia Giulia,Friuli Venezia Giulia,1215220,315964,26.0,0.21
1789,2021-01-21,FVG,895,345,550,864,31,0,0,0,0,0,0,0,0,1,894,ITH,ITH4,6,Friuli-Venezia Giulia,Friuli Venezia Giulia,1215220,316859,26.07,0.07
1790,2021-04-11,FVG,3434,1519,1915,234,100,7,27,13,537,1225,1266,7,18,2528,906,ITH,ITH4,6,Friuli-Venezia Giulia,Friuli Venezia Giulia,1215220,320293,26.36,0.28
1791,2021-03-18,FVG,3374,1423,1951,60,23,168,4,1,1,2864,253,0,0,1692,1682,ITH,ITH4,6,Friuli-Venezia Giulia,Friuli Venezia Giulia,1215220,323667,26.63,0.28
1792,2021-03-05,FVG,3741,1481,2260,1050,654,77,146,0,8,1733,25,46,2,2668,1073,ITH,ITH4,6,Friuli-Venezia Giulia,Friuli Venezia Giulia,1215220,327408,26.94,0.31
1793,2021-01-23,FVG,816,324,492,768,48,0,0,0,0,0,0,0,0,4,812,ITH,ITH4,6,Friuli-Venezia Giulia,Friuli Venezia Giulia,1215220,328224,27.01,0.07
1794,2021-03-07,FVG,2537,926,1611,1,5,153,1782,0,0,143,0,453,0,2536,1,ITH,ITH4,6,Friuli-Venezia Giulia,Friuli Venezia Giulia,1215220,330761,27.22,0.21
1795,2021-03-02,FVG,4220,1518,2702,1163,659,203,634,0,1,1538,17,5,0,2717,1503,ITH,ITH4,6,Friuli-Venezia Giulia,Friuli Venezia Giulia,1215220,334981,27.57,0.35
1796,2021-04-09,FVG,7696,3500,4196,299,172,77,22,57,1280,2621,3156,0,12,6476,1220,ITH,ITH4,6,Friuli-Venezia Giulia,Friuli Venezia Giulia,1215220,342677,28.2,0.63
1797,2021-02-24,FVG,2518,1082,1436,23,5,312,297,1,0,1835,15,0,30,2500,18,ITH,ITH4,6,Friuli-Venezia Giulia,Friuli Venezia Giulia,1215220,345195,28.41,0.21
1798,2021-04-14,FVG,7177,3102,4075,330,224,74,3,281,1564,2148,2544,2,7,5471,1706,ITH,ITH4,6,Friuli-Venezia Giulia,Friuli Venezia Giulia,1215220,352372,29.0,0.59
1799,2021-02-11,FVG,1935,665,1270,1134,566,230,0,0,1,3,0,1,0,1742,193,ITH,ITH4,6,Friuli-Venezia Giulia,Friuli Venezia Giulia,1215220,354307,29.16,0.16
1800,2021-03-20,FVG,3347,1353,1994,415,279,10,66,2,1,2381,14,179,0,1252,2095,ITH,ITH4,6,Friuli-Venezia Giulia,Friuli Venezia Giulia,1215220,357654,29.43,0.28
1801,2021-02-17,FVG,2352,998,1354,329,178,230,0,0,0,1555,14,46,0,1873,479,ITH,ITH4,6,Friuli-Venezia Giulia,Friuli Venezia Giulia,1215220,360006,29.62,0.19
1802,2021-02-16,FVG,2516,1135,1381,260,244,221,0,0,3,1760,28,0,0,2400,116,ITH,ITH4,6,Friuli-Venezia Giulia,Friuli Venezia Giulia,1215220,362522,29.83,0.21
1803,2021-03-16,FVG,3155,1288,1867,330,256,245,1,0,3,2203,117,0,0,1075,2080,ITH,ITH4,6,Friuli-Venezia Giulia,Friuli Venezia Giulia,1215220,365677,30.09,0.26
1804,2021-02-09,FVG,1848,556,1292,1053,509,286,0,0,0,0,0,0,0,1559,289,ITH,ITH4,6,Friuli-Venezia Giulia,Friuli Venezia Giulia,1215220,367525,30.24,0.15
1805,2021-03-25,FVG,5313,2261,3052,55,57,303,835,3,956,2059,980,63,2,3178,2135,ITH,ITH4,6,Friuli-Venezia Giulia,Friuli Venezia Giulia,1215220,372838,30.68,0.44
1806,2021-02-15,FVG,2454,909,1545,700,390,316,0,0,4,1034,10,0,0,2204,250,ITH,ITH4,6,Friuli-Venezia Giulia,Friuli Venezia Giulia,1215220,375292,30.88,0.2
1807,2021-01-09,FVG,2518,841,1677,1519,406,593,0,0,0,0,0,0,0,2518,0,ITH,ITH4,6,Friuli-Venezia Giulia,Friuli Venezia Giulia,1215220,377810,31.09,0.21
1808,2021-03-13,FVG,2935,1119,1816,12,4,86,723,1,2,2058,9,40,0,1662,1273,ITH,ITH4,6,Friuli-Venezia Giulia,Friuli Venezia Giulia,1215220,380745,31.33,0.24
1809,2021-01-20,FVG,751,323,428,719,32,0,0,0,0,0,0,0,0,12,739,ITH,ITH4,6,Friuli-Venezia Giulia,Friuli Venezia Giulia,1215220,381496,31.39,0.06
1810,2021-01-05,FVG,1680,551,1129,1350,133,197,0,0,0,0,0,0,0,1680,0,ITH,ITH4,6,Friuli-Venezia Giulia,Friuli Venezia Giulia,1215220,383176,31.53,0.14
1811,2021-02-04,FVG,2731,807,1924,1723,543,465,0,0,0,0,0,0,0,36,2695,ITH,ITH4,6,Friuli-Venezia Giulia,Friuli Venezia Giulia,1215220,385907,31.76,0.22
1812,2021-04-06,FVG,6281,2773,3508,256,204,132,29,5,1098,2696,1838,19,4,5129,1152,ITH,ITH4,6,Friuli-Venezia Giulia,Friuli Venezia Giulia,1215220,392188,32.27,0.52
1813,2021-04-25,FVG,2360,988,1372,331,50,0,1,733,478,66,684,0,17,2349,11,ITH,ITH4,6,Friuli-Venezia Giulia,Friuli Venezia Giulia,1215220,394548,32.47,0.19
1814,2021-01-16,FVG,1231,360,871,771,212,248,0,0,0,0,0,0,0,1231,0,ITH,ITH4,6,Friuli-Venezia Giulia,Friuli Venezia Giulia,1215220,395779,32.57,0.1
1815,2021-04-01,FVG,6315,2995,3320,171,118,199,94,2,1171,2058,2433,57,12,5300,1015,ITH,ITH4,6,Friuli-Venezia Giulia,Friuli Venezia Giulia,1215220,402094,33.09,0.52
1816,2021-04-20,FVG,7092,3051,4041,498,314,38,8,430,1150,2362,2285,1,6,3198,3894,ITH,ITH4,6,Friuli-Venezia Giulia,Friuli Venezia Giulia,1215220,409186,33.67,0.58
1817,2021-01-06,FVG,710,264,446,515,195,0,0,0,0,0,0,0,0,710,0,ITH,ITH4,6,Friuli-Venezia Giulia,Friuli Venezia Giulia,1215220,409896,33.73,0.06
1818,2021-03-11,FVG,3343,1405,1938,263,114,290,504,1,2,2014,35,118,2,1594,1749,ITH,ITH4,6,Friuli-Venezia Giulia,Friuli Venezia Giulia,1215220,413239,34.01,0.28
1819,2021-01-28,FVG,2237,793,1444,1756,287,194,0,0,0,0,0,0,0,354,1883,ITH,ITH4,6,Friuli-Venezia Giulia,Friuli Venezia Giulia,1215220,415476,34.19,0.18
1820,2021-01-15,FVG,2028,606,1422,1283,370,375,0,0,0,0,0,0,0,2028,0,ITH,ITH4,6,Friuli-Venezia Giulia,Friuli Venezia Giulia,1215220,417504,34.36,0.17
1821,2021-01-11,FVG,1884,609,1275,1502,336,46,0,0,0,0,0,0,0,1884,0,ITH,ITH4,6,Friuli-Venezia Giulia,Friuli Venezia Giulia,1215220,419388,34.51,0.16
1822,2021-04-18,SIC,19797,9894,9903,243,84,105,95,6005,1815,2686,8667,15,82,15409,4388,ITG,ITG1,19,Sicilia,Sicilia,4999891,19797,0.4,0.4
1823,2021-04-24,SIC,31329,14794,16535,443,161,353,136,4690,2833,5664,16654,99,296,23643,7686,ITG,ITG1,19,Sicilia,Sicilia,4999891,51126,1.02,0.63
1824,2021-01-31,SIC,4113,1959,2154,2602,835,295,0,61,26,26,0,0,268,114,3999,ITG,ITG1,19,Sicilia,Sicilia,4999891,55239,1.1,0.08
1825,2021-02-10,SIC,4434,1819,2615,1975,1154,741,0,59,33,18,0,0,454,4009,425,ITG,ITG1,19,Sicilia,Sicilia,4999891,59673,1.19,0.09
1826,2021-02-17,SIC,5434,3294,2140,1531,719,887,2,39,8,10,0,1999,239,4760,674,ITG,ITG1,19,Sicilia,Sicilia,4999891,65107,1.3,0.11
1827,2021-04-21,SIC,22650,10877,11773,552,221,348,121,1670,1614,3738,14107,29,250,16454,6196,ITG,ITG1,19,Sicilia,Sicilia,4999891,87757,1.76,0.45
1828,2021-03-23,SIC,21098,10116,10982,886,421,407,1648,184,3537,5911,7399,405,300,15490,5608,ITG,ITG1,19,Sicilia,Sicilia,4999891,108855,2.18,0.42
1829,2021-03-14,SIC,8835,3951,4884,571,415,180,678,146,1692,4351,148,67,587,4977,3858,ITG,ITG1,19,Sicilia,Sicilia,4999891,117690,2.35,0.18
1830,2021-04-27,SIC,26277,12645,13632,616,221,408,103,1794,1785,4323,16742,97,188,15451,10826,ITG,ITG1,19,Sicilia,Sicilia,4999891,143967,2.88,0.53
1831,2021-01-10,SIC,3619,1615,2004,2127,552,464,0,42,22,92,0,0,320,3619,0,ITG,ITG1,19,Sicilia,Sicilia,4999891,147586,2.95,0.07
1832,2021-03-15,SIC,10876,4736,6140,1255,496,731,1155,60,1533,4920,134,308,284,5803,5073,ITG,ITG1,19,Sicilia,Sicilia,4999891,158462,3.17,0.22
1833,2021-01-28,SIC,9333,4402,4931,7469,1371,295,0,35,11,4,0,0,148,414,8919,ITG,ITG1,19,Sicilia,Sicilia,4999891,167795,3.36,0.19
1834,2021-02-14,SIC,1057,402,655,433,300,236,0,9,3,4,0,0,72,917,140,ITG,ITG1,19,Sicilia,Sicilia,4999891,168852,3.38,0.02
1835,2021-03-16,SIC,10176,4466,5710,1665,549,852,218,60,128,5733,620,75,276,4024,6152,ITG,ITG1,19,Sicilia,Sicilia,4999891,179028,3.58,0.2
1836,2021-04-20,SIC,19359,9115,10244,475,281,457,59,1477,1443,3613,11409,22,123,14001,5358,ITG,ITG1,19,Sicilia,Sicilia,4999891,198387,3.97,0.39
1837,2021-01-02,SIC,4876,2536,2340,4315,144,0,0,87,7,2,0,0,321,4876,0,ITG,ITG1,19,Sicilia,Sicilia,4999891,203263,4.07,0.1
1838,2021-04-28,SIC,29399,13802,15597,650,236,449,96,2455,2158,4477,18363,167,348,20182,9217,ITG,ITG1,19,Sicilia,Sicilia,4999891,232662,4.65,0.59
1839,2021-02-02,SIC,5542,2624,2918,3157,1562,429,0,50,7,21,0,0,316,634,4908,ITG,ITG1,19,Sicilia,Sicilia,4999891,238204,4.76,0.11
1840,2020-12-28,SIC,207,124,83,205,2,0,0,0,0,0,0,0,0,207,0,ITG,ITG1,19,Sicilia,Sicilia,4999891,238411,4.77,0.0
1841,2021-01-15,SIC,5082,2234,2848,2826,1047,479,0,67,19,2,0,0,642,5082,0,ITG,ITG1,19,Sicilia,Sicilia,4999891,243493,4.87,0.1
1842,2021-03-11,SIC,15506,6547,8959,1611,1276,1026,3325,200,2112,4052,158,993,753,12932,2574,ITG,ITG1,19,Sicilia,Sicilia,4999891,258999,5.18,0.31
1843,2021-01-11,SIC,5906,2592,3314,3923,1015,382,0,83,17,89,0,0,397,5906,0,ITG,ITG1,19,Sicilia,Sicilia,4999891,264905,5.3,0.12
1844,2021-03-24,SIC,21186,9916,11270,958,492,606,1463,346,3222,5953,7634,200,312,15297,5889,ITG,ITG1,19,Sicilia,Sicilia,4999891,286091,5.72,0.42
1845,2021-03-07,SIC,9300,3471,5829,968,561,479,3299,88,12,3462,18,227,186,8216,1084,ITG,ITG1,19,Sicilia,Sicilia,4999891,295391,5.91,0.19
1846,2021-03-26,SIC,17962,8369,9593,1074,580,364,1308,225,2838,5585,5621,125,242,12427,5535,ITG,ITG1,19,Sicilia,Sicilia,4999891,313353,6.27,0.36
1847,2021-02-28,SIC,7181,3072,4109,871,410,112,1359,90,7,3359,2,268,703,6551,630,ITG,ITG1,19,Sicilia,Sicilia,4999891,320534,6.41,0.14
1848,2021-04-07,SIC,15766,7765,8001,764,386,473,182,244,1685,4451,7162,81,338,8595,7171,ITG,ITG1,19,Sicilia,Sicilia,4999891,336300,6.73,0.32
1849,2021-01-16,SIC,2776,1195,1581,1329,561,298,0,24,15,6,0,0,543,2776,0,ITG,ITG1,19,Sicilia,Sicilia,4999891,339076,6.78,0.06
1850,2021-04-04,SIC,6987,3384,3603,192,106,184,44,114,855,2489,2894,17,92,5694,1293,ITG,ITG1,19,Sicilia,Sicilia,4999891,346063,6.92,0.14
1851,2021-01-23,SIC,4191,2165,2026,3953,199,16,0,1,2,0,0,0,20,225,3966,ITG,ITG1,19,Sicilia,Sicilia,4999891,350254,7.01,0.08
1852,2021-02-11,SIC,5335,2103,3232,2458,1444,891,0,77,25,7,0,0,433,4868,467,ITG,ITG1,19,Sicilia,Sicilia,4999891,355589,7.11,0.11
1853,2021-04-06,SIC,18177,8723,9454,804,275,602,188,280,1950,5486,8034,105,453,13854,4323,ITG,ITG1,19,Sicilia,Sicilia,4999891,373766,7.48,0.36
1854,2021-03-13,SIC,12465,5492,6973,1174,771,513,1768,210,2143,4707,133,202,844,7859,4606,ITG,ITG1,19,Sicilia,Sicilia,4999891,386231,7.72,0.25
1855,2021-02-04,SIC,6969,3198,3771,4431,1464,573,0,49,13,18,0,0,421,1460,5509,ITG,ITG1,19,Sicilia,Sicilia,4999891,393200,7.86,0.14
1856,2021-02-15,SIC,3968,1873,2095,1704,995,628,26,28,10,14,10,351,202,3399,569,ITG,ITG1,19,Sicilia,Sicilia,4999891,397168,7.94,0.08
1857,2021-04-01,SIC,14478,6701,7777,625,239,520,191,129,2244,5114,4870,405,141,9749,4729,ITG,ITG1,19,Sicilia,Sicilia,4999891,411646,8.23,0.29
1858,2021-02-19,SIC,5177,2763,2414,1488,852,610,239,31,13,83,2,1541,318,4606,571,ITG,ITG1,19,Sicilia,Sicilia,4999891,416823,8.34,0.1
1859,2021-02-18,SIC,5497,3174,2323,1636,884,834,96,21,8,10,5,1836,167,5065,432,ITG,ITG1,19,Sicilia,Sicilia,4999891,422320,8.45,0.11
1860,2021-02-21,SIC,5178,2508,2670,379,165,174,153,38,6,3920,3,174,166,5070,108,ITG,ITG1,19,Sicilia,Sicilia,4999891,427498,8.55,0.1
1861,2021-01-18,SIC,1578,659,919,723,166,229,0,22,11,0,0,0,427,1432,146,ITG,ITG1,19,Sicilia,Sicilia,4999891,429076,8.58,0.03
1862,2021-04-03,SIC,16398,7799,8599,439,167,282,199,1006,4322,4984,4565,36,398,13555,2843,ITG,ITG1,19,Sicilia,Sicilia,4999891,445474,8.91,0.33
1863,2021-03-27,SIC,15815,7464,8351,652,410,366,742,248,1826,5663,5579,56,273,10894,4921,ITG,ITG1,19,Sicilia,Sicilia,4999891,461289,9.23,0.32
1864,2021-02-12,SIC,4747,1853,2894,2301,1398,644,0,45,17,10,0,0,332,4416,331,ITG,ITG1,19,Sicilia,Sicilia,4999891,466036,9.32,0.09
1865,2021-01-27,SIC,7535,3839,3696,6331,819,152,0,44,11,7,0,0,171,189,7346,ITG,ITG1,19,Sicilia,Sicilia,4999891,473571,9.47,0.15
1866,2021-04-02,SIC,14058,6616,7442,633,223,377,205,131,2133,5219,4897,79,161,9265,4793,ITG,ITG1,19,Sicilia,Sicilia,4999891,487629,9.75,0.28
1867,2021-02-13,SIC,3107,1168,1939,1296,921,570,0,36,19,13,0,0,252,2850,257,ITG,ITG1,19,Sicilia,Sicilia,4999891,490736,9.81,0.06
1868,2021-01-25,SIC,7517,3701,3816,6638,577,70,0,21,7,44,0,0,160,322,7195,ITG,ITG1,19,Sicilia,Sicilia,4999891,498253,9.97,0.15
1869,2021-04-12,SIC,19100,9298,9802,424,152,397,118,1396,1675,3666,11051,27,194,11742,7358,ITG,ITG1,19,Sicilia,Sicilia,4999891,517353,10.35,0.38
1870,2021-03-20,SIC,18944,9094,9850,836,316,434,1221,191,2527,5565,7308,113,433,13554,5390,ITG,ITG1,19,Sicilia,Sicilia,4999891,536297,10.73,0.38
1871,2021-04-11,SIC,15506,7628,7878,220,102,188,97,794,1033,3250,9690,15,117,8476,7030,ITG,ITG1,19,Sicilia,Sicilia,4999891,551803,11.04,0.31
1872,2021-03-09,SIC,13247,5635,7612,1595,1210,713,3699,112,19,4036,218,1138,507,10871,2376,ITG,ITG1,19,Sicilia,Sicilia,4999891,565050,11.3,0.26
1873,2021-02-24,SIC,9601,4870,4731,1423,755,504,923,25,23,4101,1,1618,228,9005,596,ITG,ITG1,19,Sicilia,Sicilia,4999891,574651,11.49,0.19
1874,2021-04-22,SIC,27066,12795,14271,625,158,364,98,3052,2046,4401,16078,36,208,20571,6495,ITG,ITG1,19,Sicilia,Sicilia,4999891,601717,12.03,0.54
1875,2021-02-08,SIC,4086,1759,2327,2346,1028,397,0,37,5,16,0,0,257,2128,1958,ITG,ITG1,19,Sicilia,Sicilia,4999891,605803,12.12,0.08
1876,2021-01-07,SIC,9173,4239,4934,7694,974,210,0,64,8,2,0,0,221,9173,0,ITG,ITG1,19,Sicilia,Sicilia,4999891,614976,12.3,0.18
1877,2021-02-16,SIC,4414,2300,2114,1465,976,818,1,35,9,27,8,878,197,3947,467,ITG,ITG1,19,Sicilia,Sicilia,4999891,619390,12.39,0.09
1878,2021-01-09,SIC,7326,3424,3902,5034,1070,456,0,117,36,41,0,0,572,7326,0,ITG,ITG1,19,Sicilia,Sicilia,4999891,626716,12.53,0.15
1879,2021-03-31,SIC,14648,6765,7883,649,299,539,190,140,2230,5246,5072,108,175,9620,5028,ITG,ITG1,19,Sicilia,Sicilia,4999891,641364,12.83,0.29
1880,2021-03-08,SIC,13586,5850,7736,2013,1127,715,4001,135,24,3936,73,1025,537,10772,2814,ITG,ITG1,19,Sicilia,Sicilia,4999891,654950,13.1,0.27
1881,2021-03-29,SIC,15034,7047,7987,877,348,342,304,129,2532,5043,5176,104,179,10516,4518,ITG,ITG1,19,Sicilia,Sicilia,4999891,669984,13.4,0.3
1882,2021-01-30,SIC,7839,3569,4270,5452,1611,475,0,47,12,4,0,0,238,175,7664,ITG,ITG1,19,Sicilia,Sicilia,4999891,677823,13.56,0.16
1883,2021-01-14,SIC,5259,2518,2741,3052,1281,259,0,106,34,90,0,0,437,5259,0,ITG,ITG1,19,Sicilia,Sicilia,4999891,683082,13.66,0.11
1884,2021-03-21,SIC,15227,7338,7889,489,228,75,958,161,2142,4573,6220,112,269,11252,3975,ITG,ITG1,19,Sicilia,Sicilia,4999891,698309,13.97,0.3
1885,2021-01-13,SIC,5263,2489,2774,3045,1192,459,0,92,28,27,0,1,419,5263,0,ITG,ITG1,19,Sicilia,Sicilia,4999891,703572,14.07,0.11
1886,2021-03-04,SIC,15216,6560,8656,2811,1839,750,3832,117,36,4034,27,1207,563,11012,4204,ITG,ITG1,19,Sicilia,Sicilia,4999891,718788,14.38,0.3
1887,2021-03-05,SIC,15948,6877,9071,3193,1697,757,4085,94,30,4081,106,1489,416,11622,4326,ITG,ITG1,19,Sicilia,Sicilia,4999891,734736,14.7,0.32
1888,2021-04-29,SIC,31639,14776,16863,912,287,426,108,2646,2198,4505,20125,152,280,22215,9424,ITG,ITG1,19,Sicilia,Sicilia,4999891,766375,15.33,0.63
1889,2021-01-24,SIC,4341,2266,2075,3996,265,3,0,12,6,37,0,0,22,148,4193,ITG,ITG1,19,Sicilia,Sicilia,4999891,770716,15.41,0.09
1890,2021-02-23,SIC,8951,4690,4261,1268,736,535,581,16,9,4077,2,1486,241,8461,490,ITG,ITG1,19,Sicilia,Sicilia,4999891,779667,15.59,0.18
1891,2021-04-19,SIC,18595,8799,9796,671,435,387,80,917,1255,3505,11184,24,137,12867,5728,ITG,ITG1,19,Sicilia,Sicilia,4999891,798262,15.97,0.37
1892,2021-04-25,SIC,21329,10187,11142,251,135,126,51,3358,1751,3634,11823,54,146,16409,4920,ITG,ITG1,19,Sicilia,Sicilia,4999891,819591,16.39,0.43
1893,2021-01-04,SIC,8373,4172,4201,7595,547,6,0,26,8,2,0,0,189,8373,0,ITG,ITG1,19,Sicilia,Sicilia,4999891,827964,16.56,0.17
1894,2021-03-03,SIC,14710,6548,8162,2409,1520,517,3833,68,15,4374,44,1427,503,11622,3088,ITG,ITG1,19,Sicilia,Sicilia,4999891,842674,16.85,0.29
1895,2021-04-23,SIC,28913,13844,15069,640,215,406,109,4086,2412,4341,16432,64,208,22980,5933,ITG,ITG1,19,Sicilia,Sicilia,4999891,871587,17.43,0.58
1896,2021-04-05,SIC,8193,4034,4159,232,72,177,56,116,964,2926,3583,5,62,6752,1441,ITG,ITG1,19,Sicilia,Sicilia,4999891,879780,17.6,0.16
1897,2021-02-25,SIC,10175,5279,4896,1772,927,527,672,30,7,4058,26,1743,413,8995,1180,ITG,ITG1,19,Sicilia,Sicilia,4999891,889955,17.8,0.2
1898,2021-02-01,SIC,6080,2685,3395,4168,1239,318,0,47,13,44,0,0,251,304,5776,ITG,ITG1,19,Sicilia,Sicilia,4999891,896035,17.92,0.12
1899,2021-04-14,SIC,20670,9940,10730,601,191,393,100,1634,1626,4180,11759,29,157,11836,8834,ITG,ITG1,19,Sicilia,Sicilia,4999891,916705,18.33,0.41
1900,2021-01-26,SIC,9530,4686,4844,8393,768,254,0,21,7,2,0,0,85,265,9265,ITG,ITG1,19,Sicilia,Sicilia,4999891,926235,18.53,0.19
1901,2021-04-09,SIC,20689,10094,10595,740,355,385,285,916,1935,4401,11342,89,241,11496,9193,ITG,ITG1,19,Sicilia,Sicilia,4999891,946924,18.94,0.41
1902,2021-01-03,SIC,4695,2455,2240,4363,206,0,0,34,3,1,0,0,88,4695,0,ITG,ITG1,19,Sicilia,Sicilia,4999891,951619,19.03,0.09
1903,2021-02-06,SIC,5071,2229,2842,2537,1496,592,0,36,12,5,0,0,393,1488,3583,ITG,ITG1,19,Sicilia,Sicilia,4999891,956690,19.13,0.1
1904,2021-01-19,SIC,1274,522,752,523,125,238,0,20,13,18,0,0,337,1094,180,ITG,ITG1,19,Sicilia,Sicilia,4999891,957964,19.16,0.03
1905,2021-02-03,SIC,6106,2859,3247,3359,1499,624,0,91,20,11,0,0,502,756,5350,ITG,ITG1,19,Sicilia,Sicilia,4999891,964070,19.28,0.12
1906,2021-04-13,SIC,20157,9799,10358,674,217,330,127,1599,1867,3811,11354,41,137,11296,8861,ITG,ITG1,19,Sicilia,Sicilia,4999891,984227,19.68,0.4
1907,2021-04-16,SIC,28842,14475,14367,746,332,661,107,8350,2387,4278,11770,33,178,20456,8386,ITG,ITG1,19,Sicilia,Sicilia,4999891,1013069,20.26,0.58
1908,2021-02-07,SIC,2349,997,1352,1611,435,157,0,16,9,1,0,0,120,675,1674,ITG,ITG1,19,Sicilia,Sicilia,4999891,1015418,20.31,0.05
1909,2021-04-08,SIC,17038,8400,8638,700,430,484,158,235,1585,3877,9159,132,278,8514,8524,ITG,ITG1,19,Sicilia,Sicilia,4999891,1032456,20.65,0.34
1910,2021-03-02,SIC,14957,6389,8568,2383,1211,525,4334,50,5,4535,57,1411,446,12132,2825,ITG,ITG1,19,Sicilia,Sicilia,4999891,1047413,20.95,0.3
1911,2021-03-25,SIC,20529,9546,10983,1326,536,612,1381,256,3206,5611,7178,195,228,14987,5542,ITG,ITG1,19,Sicilia,Sicilia,4999891,1067942,21.36,0.41
1912,2021-03-30,SIC,14625,6771,7854,717,403,390,255,149,2531,5126,4717,171,166,9797,4828,ITG,ITG1,19,Sicilia,Sicilia,4999891,1082567,21.65,0.29
1913,2021-01-20,SIC,810,412,398,424,59,192,0,20,2,0,0,0,113,573,237,ITG,ITG1,19,Sicilia,Sicilia,4999891,1083377,21.67,0.02
1914,2021-01-17,SIC,1299,587,712,621,319,160,0,12,8,3,0,0,176,1245,54,ITG,ITG1,19,Sicilia,Sicilia,4999891,1084676,21.69,0.03
1915,2021-04-26,SIC,21967,10395,11572,490,221,475,73,1392,1356,3696,14081,51,132,13810,8157,ITG,ITG1,19,Sicilia,Sicilia,4999891,1106643,22.13,0.44
1916,2020-12-29,SIC,235,146,89,235,0,0,0,0,0,0,0,0,0,235,0,ITG,ITG1,19,Sicilia,Sicilia,4999891,1106878,22.14,0.0
1917,2021-03-06,SIC,12956,5184,7772,2003,1212,878,3652,106,20,3963,65,704,353,10049,2907,ITG,ITG1,19,Sicilia,Sicilia,4999891,1119834,22.4,0.26
1918,2021-03-22,SIC,16869,7949,8920,915,358,370,1231,151,2166,5647,5682,121,228,11316,5553,ITG,ITG1,19,Sicilia,Sicilia,4999891,1136703,22.73,0.34
1919,2021-04-10,SIC,20687,10101,10586,487,196,367,240,1395,1768,4247,11736,44,207,11629,9058,ITG,ITG1,19,Sicilia,Sicilia,4999891,1157390,23.15,0.41
1920,2021-02-05,SIC,7217,3232,3985,3618,1903,856,0,74,32,109,0,0,625,2132,5085,ITG,ITG1,19,Sicilia,Sicilia,4999891,1164607,23.29,0.14
1921,2020-12-30,SIC,173,101,72,156,11,0,0,0,0,0,0,0,6,173,0,ITG,ITG1,19,Sicilia,Sicilia,4999891,1164780,23.3,0.0
1922,2021-04-30,SIC,33504,15681,17823,896,350,286,169,2914,2596,4846,20926,196,325,22664,10840,ITG,ITG1,19,Sicilia,Sicilia,4999891,1198284,23.97,0.67
1923,2021-02-26,SIC,12249,5978,6271,1837,1124,399,2454,47,18,3954,1,1854,561,10559,1690,ITG,ITG1,19,Sicilia,Sicilia,4999891,1210533,24.21,0.24
1924,2021-02-09,SIC,4371,1831,2540,2241,871,640,0,59,27,15,0,0,518,3365,1006,ITG,ITG1,19,Sicilia,Sicilia,4999891,1214904,24.3,0.09
1925,2021-03-17,SIC,15457,7577,7880,1406,547,688,306,158,206,5778,6049,73,246,9510,5947,ITG,ITG1,19,Sicilia,Sicilia,4999891,1230361,24.61,0.31
1926,2021-02-22,SIC,8041,4163,3878,1109,452,561,322,30,10,4149,0,1153,255,7547,494,ITG,ITG1,19,Sicilia,Sicilia,4999891,1238402,24.77,0.16
1927,2021-03-19,SIC,16532,8131,8401,1264,579,614,456,149,579,5435,7121,52,283,10803,5729,ITG,ITG1,19,Sicilia,Sicilia,4999891,1254934,25.1,0.33
1928,2021-01-06,SIC,6472,3403,3069,5718,434,2,0,51,31,15,0,0,221,6472,0,ITG,ITG1,19,Sicilia,Sicilia,4999891,1261406,25.23,0.13
1929,2021-04-15,SIC,21421,10412,11009,801,448,345,112,1746,1531,4207,11997,35,199,11831,9590,ITG,ITG1,19,Sicilia,Sicilia,4999891,1282827,25.66,0.43
1930,2021-01-08,SIC,8328,3864,4464,6591,942,213,0,78,33,23,0,0,448,8328,0,ITG,ITG1,19,Sicilia,Sicilia,4999891,1291155,25.82,0.17
1931,2021-03-01,SIC,12983,6131,6852,1558,1042,395,3154,58,18,4376,34,1859,489,11324,1659,ITG,ITG1,19,Sicilia,Sicilia,4999891,1304138,26.08,0.26
1932,2021-03-28,SIC,11042,5186,5856,535,303,171,187,90,948,4521,4117,28,142,7025,4017,ITG,ITG1,19,Sicilia,Sicilia,4999891,1315180,26.3,0.22
1933,2021-01-12,SIC,4543,2235,2308,2863,1177,195,0,61,14,29,0,0,204,4543,0,ITG,ITG1,19,Sicilia,Sicilia,4999891,1319723,26.4,0.09
1934,2020-12-31,SIC,878,470,408,828,6,0,0,4,0,0,0,0,40,878,0,ITG,ITG1,19,Sicilia,Sicilia,4999891,1320601,26.41,0.02
1935,2021-01-05,SIC,10528,5160,5368,9075,915,207,0,47,7,4,0,0,273,10528,0,ITG,ITG1,19,Sicilia,Sicilia,4999891,1331129,26.62,0.21
1936,2021-01-22,SIC,1237,627,610,1037,59,118,0,3,0,0,0,0,20,242,995,ITG,ITG1,19,Sicilia,Sicilia,4999891,1332366,26.65,0.02
1937,2021-01-01,SIC,815,437,378,740,29,0,0,10,0,0,0,0,36,815,0,ITG,ITG1,19,Sicilia,Sicilia,4999891,1333181,26.66,0.02
1938,2021-01-29,SIC,9364,4323,5041,7155,1601,305,0,27,8,79,0,0,189,432,8932,ITG,ITG1,19,Sicilia,Sicilia,4999891,1342545,26.85,0.19
1939,2021-03-18,SIC,15647,7796,7851,1285,500,617,37,162,191,5468,7023,73,291,9920,5727,ITG,ITG1,19,Sicilia,Sicilia,4999891,1358192,27.16,0.31
1940,2021-03-12,SIC,13146,5622,7524,1391,873,751,2407,238,1989,3885,158,627,827,10922,2224,ITG,ITG1,19,Sicilia,Sicilia,4999891,1371338,27.43,0.26
1941,2021-02-27,SIC,12450,5570,6880,1515,777,280,3371,149,11,3976,2,1146,1223,11239,1211,ITG,ITG1,19,Sicilia,Sicilia,4999891,1383788,27.68,0.25
1942,2021-03-10,SIC,13991,5977,8014,1481,1362,983,3767,148,24,4189,154,1120,763,11600,2391,ITG,ITG1,19,Sicilia,Sicilia,4999891,1397779,27.96,0.28
1943,2021-01-21,SIC,1340,652,688,1012,124,138,0,11,4,0,0,0,51,500,840,ITG,ITG1,19,Sicilia,Sicilia,4999891,1399119,27.98,0.03
1944,2021-04-17,SIC,26210,13241,12969,324,118,247,89,7813,2371,3876,11183,31,158,19053,7157,ITG,ITG1,19,Sicilia,Sicilia,4999891,1425329,28.51,0.52
1945,2020-12-27,SIC,90,54,36,62,1,26,0,0,0,0,0,0,1,90,0,ITG,ITG1,19,Sicilia,Sicilia,4999891,1425419,28.51,0.0
1946,2021-02-20,SIC,7285,3737,3548,848,712,561,175,39,14,3987,9,730,210,7033,252,ITG,ITG1,19,Sicilia,Sicilia,4999891,1432704,28.65,0.15
1947,2021-01-26,BAS,793,350,443,622,70,35,0,18,0,0,0,0,48,101,692,ITF,ITF5,17,Basilicata,Basilicata,559084,793,0.14,0.14
1948,2021-01-31,BAS,77,24,53,75,2,0,0,0,0,0,0,0,0,0,77,ITF,ITF5,17,Basilicata,Basilicata,559084,870,0.16,0.01
1949,2021-02-10,BAS,547,237,310,176,153,127,1,0,0,90,0,0,0,495,52,ITF,ITF5,17,Basilicata,Basilicata,559084,1417,0.25,0.1
1950,2021-04-13,BAS,2135,1060,1075,147,15,1,73,420,443,821,178,6,31,1303,832,ITF,ITF5,17,Basilicata,Basilicata,559084,3552,0.64,0.38
1951,2021-03-27,BAS,2075,771,1304,18,34,0,381,14,19,1560,30,5,14,1760,315,ITF,ITF5,17,Basilicata,Basilicata,559084,5627,1.01,0.37
1952,2021-04-15,BAS,3454,1675,1779,115,37,1,35,243,207,738,2038,6,34,2645,809,ITF,ITF5,17,Basilicata,Basilicata,559084,9081,1.62,0.62
1953,2021-03-10,BAS,1650,814,836,101,57,33,273,1,4,877,2,300,2,811,839,ITF,ITF5,17,Basilicata,Basilicata,559084,10731,1.92,0.3
1954,2021-03-08,BAS,1450,707,743,221,158,38,273,7,12,410,2,299,30,840,610,ITF,ITF5,17,Basilicata,Basilicata,559084,12181,2.18,0.26
1955,2021-03-28,BAS,2148,745,1403,92,6,8,713,3,8,1279,7,2,30,2126,22,ITF,ITF5,17,Basilicata,Basilicata,559084,14329,2.56,0.38
1956,2021-03-20,BAS,1286,566,720,45,69,0,178,0,8,950,30,5,1,275,1011,ITF,ITF5,17,Basilicata,Basilicata,559084,15615,2.79,0.23
1957,2021-04-06,BAS,1403,481,922,206,70,7,589,29,8,345,61,27,61,1207,196,ITF,ITF5,17,Basilicata,Basilicata,559084,17018,3.04,0.25
1958,2021-04-26,BAS,4462,2163,2299,24,12,0,69,440,1008,180,2636,17,76,4245,217,ITF,ITF5,17,Basilicata,Basilicata,559084,21480,3.84,0.8
1959,2021-03-19,BAS,2284,988,1296,58,96,0,142,1,8,1950,2,22,5,261,2023,ITF,ITF5,17,Basilicata,Basilicata,559084,23764,4.25,0.41
1960,2021-01-29,BAS,613,229,384,398,38,70,0,41,2,16,0,0,48,63,550,ITF,ITF5,17,Basilicata,Basilicata,559084,24377,4.36,0.11
1961,2021-02-24,BAS,1803,743,1060,85,14,2,0,4,8,1686,0,1,3,1734,69,ITF,ITF5,17,Basilicata,Basilicata,559084,26180,4.68,0.32
1962,2021-02-07,BAS,373,159,214,259,74,40,0,0,0,0,0,0,0,49,324,ITF,ITF5,17,Basilicata,Basilicata,559084,26553,4.75,0.07
1963,2021-01-17,BAS,328,133,195,233,12,54,0,5,1,0,0,0,23,327,1,ITF,ITF5,17,Basilicata,Basilicata,559084,26881,4.81,0.06
1964,2021-04-11,BAS,847,330,517,74,3,9,225,3,5,47,473,3,5,786,61,ITF,ITF5,17,Basilicata,Basilicata,559084,27728,4.96,0.15
1965,2021-01-21,BAS,30,10,20,0,0,0,0,2,0,4,0,0,24,30,0,ITF,ITF5,17,Basilicata,Basilicata,559084,27758,4.96,0.01
1966,2021-04-12,BAS,2249,1086,1163,227,24,31,102,719,440,523,157,14,12,1675,574,ITF,ITF5,17,Basilicata,Basilicata,559084,30007,5.37,0.4
1967,2021-02-23,BAS,1901,771,1130,159,24,35,0,4,15,1658,0,0,6,1763,138,ITF,ITF5,17,Basilicata,Basilicata,559084,31908,5.71,0.34
1968,2021-02-26,BAS,2148,904,1244,88,94,1,0,2,6,1954,0,0,3,2069,79,ITF,ITF5,17,Basilicata,Basilicata,559084,34056,6.09,0.38
1969,2021-01-25,BAS,1021,428,593,829,80,1,0,33,2,0,0,0,76,74,947,ITF,ITF5,17,Basilicata,Basilicata,559084,35077,6.27,0.18
1970,2021-03-21,BAS,1047,482,565,32,1,0,159,2,9,805,0,0,39,352,695,ITF,ITF5,17,Basilicata,Basilicata,559084,36124,6.46,0.19
1971,2021-03-05,BAS,1849,855,994,298,157,72,309,6,12,689,2,296,8,1104,745,ITF,ITF5,17,Basilicata,Basilicata,559084,37973,6.79,0.33
1972,2021-01-07,BAS,640,319,321,556,8,29,0,16,0,0,0,0,31,640,0,ITF,ITF5,17,Basilicata,Basilicata,559084,38613,6.91,0.11
1973,2021-04-04,BAS,543,215,328,9,8,0,88,7,0,406,20,4,1,130,413,ITF,ITF5,17,Basilicata,Basilicata,559084,39156,7.0,0.1
1974,2021-04-17,BAS,3457,1656,1801,53,7,0,10,13,17,1235,2105,12,5,2192,1265,ITF,ITF5,17,Basilicata,Basilicata,559084,42613,7.62,0.62
1975,2021-04-22,BAS,5035,2346,2689,61,17,23,85,273,903,1449,2080,61,83,3434,1601,ITF,ITF5,17,Basilicata,Basilicata,559084,47648,8.52,0.9
1976,2021-03-03,BAS,1740,813,927,191,298,99,244,3,3,590,58,253,1,1184,556,ITF,ITF5,17,Basilicata,Basilicata,559084,49388,8.83,0.31
1977,2021-03-06,BAS,1351,535,816,296,140,57,259,0,2,383,0,212,2,757,594,ITF,ITF5,17,Basilicata,Basilicata,559084,50739,9.08,0.24
1978,2021-01-22,BAS,67,24,43,6,0,0,0,13,10,19,0,0,19,67,0,ITF,ITF5,17,Basilicata,Basilicata,559084,50806,9.09,0.01
1979,2021-03-25,BAS,1747,580,1167,38,53,11,659,4,12,915,28,24,3,1435,312,ITF,ITF5,17,Basilicata,Basilicata,559084,52553,9.4,0.31
1980,2021-03-16,BAS,1899,799,1100,103,30,0,62,4,13,1671,2,6,8,228,1671,ITF,ITF5,17,Basilicata,Basilicata,559084,54452,9.74,0.34
1981,2021-01-09,BAS,557,160,397,386,55,67,1,7,0,0,0,0,41,557,0,ITF,ITF5,17,Basilicata,Basilicata,559084,55009,9.84,0.1
1982,2021-02-15,BAS,621,232,389,191,134,46,0,0,3,246,0,1,0,580,41,ITF,ITF5,17,Basilicata,Basilicata,559084,55630,9.95,0.11
1983,2021-03-13,BAS,1794,888,906,82,325,46,213,2,6,864,1,245,10,749,1045,ITF,ITF5,17,Basilicata,Basilicata,559084,57424,10.27,0.32
1984,2021-02-09,BAS,491,213,278,200,237,54,0,0,0,0,0,0,0,316,175,ITF,ITF5,17,Basilicata,Basilicata,559084,57915,10.36,0.09
1985,2020-12-27,BAS,106,41,65,104,0,0,0,0,0,0,0,0,2,106,0,ITF,ITF5,17,Basilicata,Basilicata,559084,58021,10.38,0.02
1986,2021-01-27,BAS,411,175,236,299,17,26,0,12,9,25,0,0,23,113,298,ITF,ITF5,17,Basilicata,Basilicata,559084,58432,10.45,0.07
1987,2021-01-02,BAS,949,380,569,855,43,0,3,9,0,0,0,0,39,949,0,ITF,ITF5,17,Basilicata,Basilicata,559084,59381,10.62,0.17
1988,2021-01-05,BAS,945,409,536,861,44,0,0,12,0,0,0,0,28,945,0,ITF,ITF5,17,Basilicata,Basilicata,559084,60326,10.79,0.17
1989,2021-01-20,BAS,84,22,62,0,0,0,0,10,8,43,0,0,23,84,0,ITF,ITF5,17,Basilicata,Basilicata,559084,60410,10.81,0.02
1990,2021-03-09,BAS,1391,706,685,222,51,33,238,2,2,545,0,292,6,787,604,ITF,ITF5,17,Basilicata,Basilicata,559084,61801,11.05,0.25
1991,2021-03-23,BAS,1198,492,706,49,5,2,279,5,2,827,5,21,3,1091,107,ITF,ITF5,17,Basilicata,Basilicata,559084,62999,11.27,0.21
1992,2021-04-20,BAS,4031,1916,2115,32,13,10,60,57,213,1698,1922,10,16,2195,1836,ITF,ITF5,17,Basilicata,Basilicata,559084,67030,11.99,0.72
1993,2021-01-15,BAS,813,350,463,578,21,174,0,5,1,1,0,0,33,813,0,ITF,ITF5,17,Basilicata,Basilicata,559084,67843,12.13,0.15
1994,2021-04-19,BAS,4213,1923,2290,77,21,58,125,30,103,1590,2159,11,39,2552,1661,ITF,ITF5,17,Basilicata,Basilicata,559084,72056,12.89,0.75
1995,2021-04-08,BAS,886,408,478,264,57,0,188,16,9,85,199,37,31,875,11,ITF,ITF5,17,Basilicata,Basilicata,559084,72942,13.05,0.16
1996,2021-01-11,BAS,183,66,117,107,21,41,0,4,0,0,0,0,10,183,0,ITF,ITF5,17,Basilicata,Basilicata,559084,73125,13.08,0.03
1997,2021-01-28,BAS,903,401,502,717,24,81,0,30,0,1,0,0,50,119,784,ITF,ITF5,17,Basilicata,Basilicata,559084,74028,13.24,0.16
1998,2021-03-11,BAS,1783,919,864,163,83,77,223,5,5,905,3,289,30,824,959,ITF,ITF5,17,Basilicata,Basilicata,559084,75811,13.56,0.32
1999,2021-03-02,BAS,791,381,410,110,33,5,213,5,4,184,0,237,0,656,135,ITF,ITF5,17,Basilicata,Basilicata,559084,76602,13.7,0.14
2000,2021-02-11,BAS,951,401,550,200,158,107,0,0,6,472,0,4,4,868,83,ITF,ITF5,17,Basilicata,Basilicata,559084,77553,13.87,0.17
2001,2021-04-14,BAS,2081,1011,1070,34,4,2,92,295,602,676,337,14,25,1391,690,ITF,ITF5,17,Basilicata,Basilicata,559084,79634,14.24,0.37
2002,2021-01-12,BAS,217,88,129,87,22,99,0,1,0,0,0,0,8,217,0,ITF,ITF5,17,Basilicata,Basilicata,559084,79851,14.28,0.04
2003,2021-01-23,BAS,711,301,410,596,38,1,0,18,2,8,0,0,48,33,678,ITF,ITF5,17,Basilicata,Basilicata,559084,80562,14.41,0.13
2004,2021-04-09,BAS,1151,351,800,142,16,1,621,12,12,137,128,50,32,1084,67,ITF,ITF5,17,Basilicata,Basilicata,559084,81713,14.62,0.21
2005,2021-01-14,BAS,969,413,556,504,112,323,0,6,0,0,0,0,24,969,0,ITF,ITF5,17,Basilicata,Basilicata,559084,82682,14.79,0.17
2006,2021-03-07,BAS,882,308,574,39,12,4,471,2,0,328,0,22,4,844,38,ITF,ITF5,17,Basilicata,Basilicata,559084,83564,14.95,0.16
2007,2021-01-18,BAS,463,157,306,364,52,45,0,0,0,0,0,0,2,364,99,ITF,ITF5,17,Basilicata,Basilicata,559084,84027,15.03,0.08
2008,2021-04-07,BAS,1404,581,823,269,21,20,584,8,10,109,340,23,20,1369,35,ITF,ITF5,17,Basilicata,Basilicata,559084,85431,15.28,0.25
2009,2021-03-04,BAS,1872,889,983,217,151,66,241,1,5,843,41,302,5,1079,793,ITF,ITF5,17,Basilicata,Basilicata,559084,87303,15.62,0.33
2010,2021-04-28,BAS,4702,2156,2546,117,51,11,41,334,1150,133,2733,11,121,4266,436,ITF,ITF5,17,Basilicata,Basilicata,559084,92005,16.46,0.84
2011,2021-02-20,BAS,1161,531,630,77,171,80,0,0,9,810,11,0,3,1043,118,ITF,ITF5,17,Basilicata,Basilicata,559084,93166,16.66,0.21
2012,2021-04-05,BAS,439,166,273,2,3,0,72,2,1,338,16,4,1,137,302,ITF,ITF5,17,Basilicata,Basilicata,559084,93605,16.74,0.08
2013,2021-02-14,BAS,151,48,103,55,12,65,0,0,1,18,0,0,0,151,0,ITF,ITF5,17,Basilicata,Basilicata,559084,93756,16.77,0.03
2014,2021-02-19,BAS,1622,737,885,219,360,66,0,1,13,962,0,0,1,1560,62,ITF,ITF5,17,Basilicata,Basilicata,559084,95378,17.06,0.29
2015,2021-03-26,BAS,1959,708,1251,196,8,3,475,13,9,1209,22,8,16,1697,262,ITF,ITF5,17,Basilicata,Basilicata,559084,97337,17.41,0.35
2016,2021-01-08,BAS,554,219,335,383,33,59,0,36,0,0,0,0,43,554,0,ITF,ITF5,17,Basilicata,Basilicata,559084,97891,17.51,0.1
2017,2021-02-01,BAS,242,91,151,156,24,48,0,4,1,0,0,0,9,46,196,ITF,ITF5,17,Basilicata,Basilicata,559084,98133,17.55,0.04
2018,2021-01-16,BAS,721,304,417,466,17,161,2,17,0,1,0,0,57,721,0,ITF,ITF5,17,Basilicata,Basilicata,559084,98854,17.68,0.13
2019,2021-03-12,BAS,1896,975,921,266,64,37,258,1,8,985,0,274,3,798,1098,ITF,ITF5,17,Basilicata,Basilicata,559084,100750,18.02,0.34
2020,2021-01-19,BAS,199,84,115,78,48,44,0,3,6,8,0,0,12,199,0,ITF,ITF5,17,Basilicata,Basilicata,559084,100949,18.06,0.04
2021,2021-04-25,BAS,2985,1459,1526,18,10,12,84,184,648,33,1946,10,40,2929,56,ITF,ITF5,17,Basilicata,Basilicata,559084,103934,18.59,0.53
2022,2021-01-04,BAS,607,271,336,550,49,0,2,1,0,0,0,0,5,607,0,ITF,ITF5,17,Basilicata,Basilicata,559084,104541,18.7,0.11
2023,2021-04-01,BAS,2851,1154,1697,79,33,24,293,15,23,2193,104,18,69,2136,715,ITF,ITF5,17,Basilicata,Basilicata,559084,107392,19.21,0.51
2024,2021-03-14,BAS,1008,477,531,41,110,8,249,0,3,516,0,79,2,539,469,ITF,ITF5,17,Basilicata,Basilicata,559084,108400,19.39,0.18
2025,2021-04-24,BAS,4536,2198,2338,50,16,2,100,370,877,771,2249,14,87,3557,979,ITF,ITF5,17,Basilicata,Basilicata,559084,112936,20.2,0.81
2026,2021-03-17,BAS,1448,606,842,22,12,0,2,6,9,1390,0,5,2,27,1421,ITF,ITF5,17,Basilicata,Basilicata,559084,114384,20.46,0.26
2027,2021-04-21,BAS,3935,1847,2088,20,6,0,66,113,231,1493,1963,21,22,2268,1667,ITF,ITF5,17,Basilicata,Basilicata,559084,118319,21.16,0.7
2028,2021-04-30,BAS,5213,2346,2867,133,58,2,379,322,868,463,2804,57,127,4068,1145,ITF,ITF5,17,Basilicata,Basilicata,559084,123532,22.1,0.93
2029,2021-02-12,BAS,775,332,443,288,192,90,0,3,4,192,0,6,0,744,31,ITF,ITF5,17,Basilicata,Basilicata,559084,124307,22.23,0.14
2030,2021-02-16,BAS,905,377,528,250,93,67,0,1,1,492,0,1,0,807,98,ITF,ITF5,17,Basilicata,Basilicata,559084,125212,22.4,0.16
2031,2021-02-27,BAS,1986,856,1130,103,123,21,0,16,6,1678,4,0,35,1822,164,ITF,ITF5,17,Basilicata,Basilicata,559084,127198,22.75,0.36
2032,2021-02-17,BAS,1135,493,642,123,53,57,1,0,12,885,0,1,3,1059,76,ITF,ITF5,17,Basilicata,Basilicata,559084,128333,22.95,0.2
2033,2021-02-04,BAS,1094,441,653,638,106,281,0,26,0,3,0,0,40,63,1031,ITF,ITF5,17,Basilicata,Basilicata,559084,129427,23.15,0.2
2034,2021-03-31,BAS,3253,1294,1959,69,46,0,234,20,13,2673,130,21,47,2469,784,ITF,ITF5,17,Basilicata,Basilicata,559084,132680,23.73,0.58
2035,2021-04-27,BAS,4709,2239,2470,73,21,0,23,340,1159,211,2793,18,71,4399,310,ITF,ITF5,17,Basilicata,Basilicata,559084,137389,24.57,0.84
2036,2021-01-06,BAS,294,129,165,229,9,36,0,6,0,0,0,0,14,294,0,ITF,ITF5,17,Basilicata,Basilicata,559084,137683,24.63,0.05
2037,2021-03-01,BAS,540,279,261,121,107,4,50,1,1,169,0,86,1,376,164,ITF,ITF5,17,Basilicata,Basilicata,559084,138223,24.72,0.1
2038,2021-02-18,BAS,1070,401,669,270,59,150,0,0,0,588,0,0,3,855,215,ITF,ITF5,17,Basilicata,Basilicata,559084,139293,24.91,0.19
2039,2021-03-18,BAS,1348,562,786,32,0,0,0,1,7,1306,0,0,2,24,1324,ITF,ITF5,17,Basilicata,Basilicata,559084,140641,25.16,0.24
2040,2021-02-28,BAS,802,342,460,32,29,0,0,0,0,740,0,0,1,774,28,ITF,ITF5,17,Basilicata,Basilicata,559084,141443,25.3,0.14
2041,2021-04-29,BAS,4835,2381,2454,189,62,1,13,549,829,76,2958,33,125,4415,420,ITF,ITF5,17,Basilicata,Basilicata,559084,146278,26.16,0.86
2042,2021-02-21,BAS,284,113,171,16,1,11,1,0,1,254,0,0,0,284,0,ITF,ITF5,17,Basilicata,Basilicata,559084,146562,26.21,0.05
2043,2021-02-25,BAS,1787,736,1051,67,3,0,0,1,6,1705,0,1,4,1741,46,ITF,ITF5,17,Basilicata,Basilicata,559084,148349,26.53,0.32
2044,2021-02-22,BAS,1790,773,1017,125,23,2,0,2,7,1627,0,0,4,1737,53,ITF,ITF5,17,Basilicata,Basilicata,559084,150139,26.85,0.32
2045,2021-02-08,BAS,557,193,364,436,72,49,0,0,0,0,0,0,0,151,406,ITF,ITF5,17,Basilicata,Basilicata,559084,150696,26.95,0.1
2046,2021-04-18,BAS,3721,1846,1875,30,6,0,17,44,214,1341,2051,15,3,2353,1368,ITF,ITF5,17,Basilicata,Basilicata,559084,154417,27.62,0.67
2047,2021-04-03,BAS,1823,759,1064,43,3,0,314,12,8,1113,294,14,22,1479,344,ITF,ITF5,17,Basilicata,Basilicata,559084,156240,27.95,0.33
2048,2021-03-29,BAS,2691,988,1703,71,20,1,674,15,10,1790,60,8,42,2351,340,ITF,ITF5,17,Basilicata,Basilicata,559084,158931,28.43,0.48
2049,2021-03-15,BAS,2347,981,1366,78,30,0,266,3,6,1934,1,23,6,520,1827,ITF,ITF5,17,Basilicata,Basilicata,559084,161278,28.85,0.42
2050,2021-02-02,BAS,367,143,224,212,15,102,0,9,1,0,0,2,26,175,192,ITF,ITF5,17,Basilicata,Basilicata,559084,161645,28.91,0.07
2051,2021-01-30,BAS,704,227,477,424,82,126,0,20,0,0,0,0,52,128,576,ITF,ITF5,17,Basilicata,Basilicata,559084,162349,29.04,0.13
2052,2021-02-03,BAS,666,300,366,425,15,172,0,40,1,0,0,0,13,32,634,ITF,ITF5,17,Basilicata,Basilicata,559084,163015,29.16,0.12
2053,2021-04-23,BAS,4534,2181,2353,75,29,6,46,233,997,761,2244,22,121,3535,999,ITF,ITF5,17,Basilicata,Basilicata,559084,167549,29.97,0.81
2054,2021-01-03,BAS,900,344,556,790,53,0,2,7,0,0,0,0,48,900,0,ITF,ITF5,17,Basilicata,Basilicata,559084,168449,30.13,0.16
2055,2021-01-10,BAS,77,24,53,9,2,0,0,7,4,0,0,0,55,77,0,ITF,ITF5,17,Basilicata,Basilicata,559084,168526,30.14,0.01
2056,2021-03-30,BAS,2931,1197,1734,37,15,0,513,8,15,2206,99,13,25,2586,345,ITF,ITF5,17,Basilicata,Basilicata,559084,171457,30.67,0.52
2057,2021-02-05,BAS,984,443,541,611,38,191,0,23,8,5,0,0,108,64,920,ITF,ITF5,17,Basilicata,Basilicata,559084,172441,30.84,0.18
2058,2021-01-13,BAS,916,387,529,699,11,148,1,37,1,1,0,0,18,916,0,ITF,ITF5,17,Basilicata,Basilicata,559084,173357,31.01,0.16
2059,2021-03-24,BAS,1565,638,927,69,24,0,430,5,8,956,6,45,22,1209,356,ITF,ITF5,17,Basilicata,Basilicata,559084,174922,31.29,0.28
2060,2021-04-02,BAS,2322,1050,1272,98,34,2,25,18,33,1740,271,42,59,1715,607,ITF,ITF5,17,Basilicata,Basilicata,559084,177244,31.7,0.42
2061,2021-01-24,BAS,836,300,536,708,46,1,0,13,0,0,0,0,68,58,778,ITF,ITF5,17,Basilicata,Basilicata,559084,178080,31.85,0.15
2062,2021-02-06,BAS,902,367,535,546,186,168,1,1,0,0,0,0,0,146,756,ITF,ITF5,17,Basilicata,Basilicata,559084,178982,32.01,0.16
2063,2021-04-16,BAS,3357,1648,1709,32,21,1,71,19,35,888,2269,6,15,2439,918,ITF,ITF5,17,Basilicata,Basilicata,559084,182339,32.61,0.6
2064,2021-03-22,BAS,1173,530,643,46,68,0,385,2,5,642,7,16,2,626,547,ITF,ITF5,17,Basilicata,Basilicata,559084,183512,32.82,0.21
2065,2021-04-10,BAS,1037,384,653,64,12,8,486,5,4,148,282,21,7,955,82,ITF,ITF5,17,Basilicata,Basilicata,559084,184549,33.01,0.19
2066,2021-02-13,BAS,799,313,486,279,155,115,0,5,14,201,0,2,28,738,61,ITF,ITF5,17,Basilicata,Basilicata,559084,185348,33.15,0.14
2067,2021-04-27,MAR,9414,4315,5099,146,57,37,290,1367,3923,1045,2468,37,44,5414,4000,ITI,ITI3,11,Marche,Marche,1525271,9414,0.62,0.62
2068,2021-02-16,MAR,1292,475,817,737,434,92,0,3,2,0,0,0,24,1262,30,ITI,ITI3,11,Marche,Marche,1525271,10706,0.7,0.08
2069,2021-02-28,MAR,2841,1251,1590,19,6,0,2,2,3,2800,0,2,7,2835,6,ITI,ITI3,11,Marche,Marche,1525271,13547,0.89,0.19
2070,2021-03-25,MAR,6657,2774,3883,464,148,373,519,95,27,4383,258,122,268,3247,3410,ITI,ITI3,11,Marche,Marche,1525271,20204,1.32,0.44
2071,2021-01-23,MAR,560,190,370,441,55,63,0,0,0,0,0,0,1,123,437,ITI,ITI3,11,Marche,Marche,1525271,20764,1.36,0.04
2072,2021-03-22,MAR,5661,2378,3283,408,232,70,433,14,14,4183,19,238,50,2532,3129,ITI,ITI3,11,Marche,Marche,1525271,26425,1.73,0.37
2073,2021-04-29,MAR,13249,6064,7185,264,136,92,636,1908,3646,1415,4964,90,98,7157,6092,ITI,ITI3,11,Marche,Marche,1525271,39674,2.6,0.87
2074,2021-02-21,MAR,377,142,235,204,62,57,1,11,1,0,0,0,41,376,1,ITI,ITI3,11,Marche,Marche,1525271,40051,2.63,0.02
2075,2021-03-29,MAR,5898,2587,3311,228,147,39,215,34,67,4280,732,75,81,3446,2452,ITI,ITI3,11,Marche,Marche,1525271,45949,3.01,0.39
2076,2021-03-09,MAR,5533,2376,3157,754,226,41,1070,20,4,2588,124,652,54,4644,889,ITI,ITI3,11,Marche,Marche,1525271,51482,3.38,0.36
2077,2021-01-02,MAR,453,139,314,444,9,0,0,0,0,0,0,0,0,453,0,ITI,ITI3,11,Marche,Marche,1525271,51935,3.4,0.03
2078,2021-02-15,MAR,973,413,560,544,390,1,0,4,1,1,12,0,20,960,13,ITI,ITI3,11,Marche,Marche,1525271,52908,3.47,0.06
2079,2021-02-03,MAR,2125,742,1383,1344,569,166,0,4,5,2,0,0,35,119,2006,ITI,ITI3,11,Marche,Marche,1525271,55033,3.61,0.14
2080,2021-01-15,MAR,1771,500,1271,985,357,366,0,9,3,0,0,0,51,1771,0,ITI,ITI3,11,Marche,Marche,1525271,56804,3.72,0.12
2081,2021-04-23,MAR,11164,5141,6023,182,84,73,53,2841,3419,1686,2723,45,58,8108,3056,ITI,ITI3,11,Marche,Marche,1525271,67968,4.46,0.73
2082,2021-01-24,MAR,894,344,550,775,118,0,0,0,0,0,0,0,1,17,877,ITI,ITI3,11,Marche,Marche,1525271,68862,4.51,0.06
2083,2021-04-20,MAR,10726,5007,5719,181,74,101,87,1953,4637,594,3053,21,25,9301,1425,ITI,ITI3,11,Marche,Marche,1525271,79588,5.22,0.7
2084,2021-03-15,MAR,4513,2120,2393,300,81,11,242,38,8,3478,27,217,111,1423,3090,ITI,ITI3,11,Marche,Marche,1525271,84101,5.51,0.3
2085,2021-04-01,MAR,7605,3195,4410,390,239,46,284,37,159,4615,1692,70,73,4179,3426,ITI,ITI3,11,Marche,Marche,1525271,91706,6.01,0.5
2086,2021-01-03,MAR,896,348,548,759,130,0,0,1,0,0,0,0,6,896,0,ITI,ITI3,11,Marche,Marche,1525271,92602,6.07,0.06
2087,2021-01-04,MAR,1502,564,938,1291,195,11,0,1,0,0,0,0,4,1502,0,ITI,ITI3,11,Marche,Marche,1525271,94104,6.17,0.1
2088,2021-01-19,MAR,226,82,144,121,20,85,0,0,0,0,0,0,0,141,85,ITI,ITI3,11,Marche,Marche,1525271,94330,6.18,0.01
2089,2021-03-11,MAR,6832,2930,3902,1094,386,52,1148,25,9,3227,86,700,105,5461,1371,ITI,ITI3,11,Marche,Marche,1525271,101162,6.63,0.45
2090,2021-03-13,MAR,5877,2708,3169,664,168,58,237,26,10,4248,13,353,100,1916,3961,ITI,ITI3,11,Marche,Marche,1525271,107039,7.02,0.39
2091,2021-04-16,MAR,10156,4743,5413,324,148,76,513,228,3852,696,4089,21,209,9619,537,ITI,ITI3,11,Marche,Marche,1525271,117195,7.68,0.67
2092,2021-03-30,MAR,7448,3057,4391,524,321,276,367,44,113,4273,1385,80,65,4610,2838,ITI,ITI3,11,Marche,Marche,1525271,124643,8.17,0.49
2093,2021-01-13,MAR,2105,746,1359,1408,578,76,0,6,5,15,0,0,17,2105,0,ITI,ITI3,11,Marche,Marche,1525271,126748,8.31,0.14
2094,2021-02-06,MAR,2460,900,1560,1402,536,415,0,21,8,4,0,0,74,523,1937,ITI,ITI3,11,Marche,Marche,1525271,129208,8.47,0.16
2095,2021-02-05,MAR,2157,653,1504,1318,347,419,0,6,8,2,0,0,57,440,1717,ITI,ITI3,11,Marche,Marche,1525271,131365,8.61,0.14
2096,2021-04-19,MAR,9613,4500,5113,245,124,13,64,1479,4118,975,2416,36,143,8030,1583,ITI,ITI3,11,Marche,Marche,1525271,140978,9.24,0.63
2097,2021-02-19,MAR,1971,716,1255,1273,405,203,2,7,4,2,13,0,62,1836,135,ITI,ITI3,11,Marche,Marche,1525271,142949,9.37,0.13
2098,2021-02-18,MAR,2105,746,1359,1150,502,402,1,14,4,1,0,0,31,1817,288,ITI,ITI3,11,Marche,Marche,1525271,145054,9.51,0.14
2099,2021-03-27,MAR,7421,3084,4337,278,170,144,711,77,107,4087,1536,133,178,5052,2369,ITI,ITI3,11,Marche,Marche,1525271,152475,10.0,0.49
2100,2021-01-31,MAR,1929,773,1156,1533,392,0,0,1,0,0,0,0,3,105,1824,ITI,ITI3,11,Marche,Marche,1525271,154404,10.12,0.13
2101,2021-01-14,MAR,2010,692,1318,1112,558,298,0,4,1,0,0,0,37,2010,0,ITI,ITI3,11,Marche,Marche,1525271,156414,10.25,0.13
2102,2021-02-10,MAR,1439,452,987,881,292,215,0,6,1,0,0,0,44,1080,359,ITI,ITI3,11,Marche,Marche,1525271,157853,10.35,0.09
2103,2021-04-17,MAR,11750,5331,6419,204,152,130,614,326,4108,921,5165,14,116,10675,1075,ITI,ITI3,11,Marche,Marche,1525271,169603,11.12,0.77
2104,2021-03-10,MAR,5783,2490,3293,721,411,114,1041,12,11,2675,100,652,46,4646,1137,ITI,ITI3,11,Marche,Marche,1525271,175386,11.5,0.38
2105,2021-01-18,MAR,673,230,443,370,116,132,0,5,8,30,0,0,12,547,126,ITI,ITI3,11,Marche,Marche,1525271,176059,11.54,0.04
2106,2020-12-30,MAR,17,5,12,14,3,0,0,0,0,0,0,0,0,17,0,ITI,ITI3,11,Marche,Marche,1525271,176076,11.54,0.0
2107,2021-02-24,MAR,3496,1518,1978,229,191,214,1,5,4,2823,22,3,4,3416,80,ITI,ITI3,11,Marche,Marche,1525271,179572,11.77,0.23
2108,2021-01-17,MAR,1604,685,919,969,367,46,0,50,30,4,0,0,138,1550,54,ITI,ITI3,11,Marche,Marche,1525271,181176,11.88,0.11
2109,2021-03-02,MAR,4966,1943,3023,589,184,259,538,12,3,3320,4,3,54,4400,566,ITI,ITI3,11,Marche,Marche,1525271,186142,12.2,0.33
2110,2021-02-20,MAR,4127,1708,2419,118,118,261,0,17,13,3581,0,3,16,4016,111,ITI,ITI3,11,Marche,Marche,1525271,190269,12.47,0.27
2111,2021-04-28,MAR,10732,4891,5841,217,60,84,322,1631,3738,990,3400,42,248,6001,4731,ITI,ITI3,11,Marche,Marche,1525271,201001,13.18,0.7
2112,2021-04-09,MAR,9688,4262,5426,273,73,104,1321,108,2334,1619,3693,70,93,9486,202,ITI,ITI3,11,Marche,Marche,1525271,210689,13.81,0.64
2113,2021-04-26,MAR,8994,3987,5007,158,70,30,179,1740,4042,898,1776,42,59,5969,3025,ITI,ITI3,11,Marche,Marche,1525271,219683,14.4,0.59
2114,2021-03-20,MAR,4146,1745,2401,181,63,114,89,10,4,3641,14,12,18,1054,3092,ITI,ITI3,11,Marche,Marche,1525271,223829,14.67,0.27
2115,2021-04-05,MAR,5696,2359,3337,253,84,103,758,54,1005,2268,1112,28,31,4427,1269,ITI,ITI3,11,Marche,Marche,1525271,229525,15.05,0.37
2116,2021-04-11,MAR,7135,3124,4011,282,97,10,783,47,2168,1233,2451,44,20,6849,286,ITI,ITI3,11,Marche,Marche,1525271,236660,15.52,0.47
2117,2021-03-28,MAR,4134,1744,2390,45,45,6,396,17,32,2667,873,11,42,2439,1695,ITI,ITI3,11,Marche,Marche,1525271,240794,15.79,0.27
2118,2021-01-09,MAR,1709,605,1104,1406,238,0,0,17,2,0,0,0,46,1709,0,ITI,ITI3,11,Marche,Marche,1525271,242503,15.9,0.11
2119,2021-04-12,MAR,8579,3779,4800,179,82,88,1157,107,2845,1315,2609,79,118,8092,487,ITI,ITI3,11,Marche,Marche,1525271,251082,16.46,0.56
2120,2021-01-25,MAR,1597,560,1037,1426,111,56,0,0,0,2,0,0,2,97,1500,ITI,ITI3,11,Marche,Marche,1525271,252679,16.57,0.1
2121,2021-01-07,MAR,1802,633,1169,1480,279,0,0,8,0,0,0,0,35,1802,0,ITI,ITI3,11,Marche,Marche,1525271,254481,16.68,0.12
2122,2021-03-19,MAR,3870,1605,2265,495,135,293,6,5,7,2838,63,13,15,343,3527,ITI,ITI3,11,Marche,Marche,1525271,258351,16.94,0.25
2123,2021-02-12,MAR,1583,618,965,815,423,88,0,32,14,3,0,0,208,1431,152,ITI,ITI3,11,Marche,Marche,1525271,259934,17.04,0.1
2124,2021-04-21,MAR,10811,4978,5833,273,111,46,81,2394,4300,557,2874,43,132,9612,1199,ITI,ITI3,11,Marche,Marche,1525271,270745,17.75,0.71
2125,2021-02-04,MAR,2342,810,1532,1406,602,275,0,11,3,1,0,0,44,112,2230,ITI,ITI3,11,Marche,Marche,1525271,273087,17.9,0.15
2126,2021-04-06,MAR,8887,3697,5190,310,185,161,1728,97,1740,1890,2582,98,96,8072,815,ITI,ITI3,11,Marche,Marche,1525271,281974,18.49,0.58
2127,2021-04-25,MAR,8854,4119,4735,207,37,1,20,4116,2156,677,1603,22,15,7212,1642,ITI,ITI3,11,Marche,Marche,1525271,290828,19.07,0.58
2128,2021-01-22,MAR,487,167,320,315,74,87,0,1,0,0,0,0,10,194,293,ITI,ITI3,11,Marche,Marche,1525271,291315,19.1,0.03
2129,2021-03-14,MAR,2517,1036,1481,442,58,1,456,4,3,1537,5,2,9,1919,598,ITI,ITI3,11,Marche,Marche,1525271,293832,19.26,0.17
2130,2021-03-05,MAR,6294,2957,3337,1128,324,144,803,52,27,2389,185,1116,126,4827,1467,ITI,ITI3,11,Marche,Marche,1525271,300126,19.68,0.41
2131,2021-02-09,MAR,125,42,83,78,21,26,0,0,0,0,0,0,0,47,78,ITI,ITI3,11,Marche,Marche,1525271,300251,19.69,0.01
2132,2021-03-01,MAR,3727,1489,2238,387,138,87,286,4,1,2793,4,5,22,3480,247,ITI,ITI3,11,Marche,Marche,1525271,303978,19.93,0.24
2133,2021-04-30,MAR,13731,6034,7697,341,78,92,1476,1643,3673,1573,4695,55,105,5346,8385,ITI,ITI3,11,Marche,Marche,1525271,317709,20.83,0.9
2134,2021-03-03,MAR,6762,3095,3667,818,374,256,783,36,12,3134,195,1056,98,5881,881,ITI,ITI3,11,Marche,Marche,1525271,324471,21.27,0.44
2135,2021-02-27,MAR,3374,1440,1934,186,142,161,1,6,1,2848,17,6,6,3165,209,ITI,ITI3,11,Marche,Marche,1525271,327845,21.49,0.22
2136,2021-01-06,MAR,2181,792,1389,1738,261,147,0,5,1,0,0,0,29,2181,0,ITI,ITI3,11,Marche,Marche,1525271,330026,21.64,0.14
2137,2021-02-23,MAR,3274,1400,1874,219,57,118,0,7,4,2826,0,8,35,3218,56,ITI,ITI3,11,Marche,Marche,1525271,333300,21.85,0.21
2138,2021-03-31,MAR,7381,3086,4295,477,327,162,257,31,103,4560,1299,87,78,4355,3026,ITI,ITI3,11,Marche,Marche,1525271,340681,22.34,0.48
2139,2021-04-14,MAR,10278,4595,5683,418,161,80,1013,182,3551,902,3794,41,136,9904,374,ITI,ITI3,11,Marche,Marche,1525271,350959,23.01,0.67
2140,2021-02-11,MAR,1988,658,1330,1155,370,212,0,32,22,32,0,0,165,1599,389,ITI,ITI3,11,Marche,Marche,1525271,352947,23.14,0.13
2141,2021-02-22,MAR,3414,1499,1915,326,89,77,2,7,0,2869,1,5,38,3339,75,ITI,ITI3,11,Marche,Marche,1525271,356361,23.36,0.22
2142,2021-04-10,MAR,11108,4714,6394,313,169,80,1112,210,2823,2241,4031,53,76,10789,319,ITI,ITI3,11,Marche,Marche,1525271,367469,24.09,0.73
2143,2021-03-16,MAR,3577,1549,2028,317,71,56,5,7,6,2931,46,111,27,394,3183,ITI,ITI3,11,Marche,Marche,1525271,371046,24.33,0.23
2144,2021-04-04,MAR,3828,1793,2035,189,117,7,84,10,633,2010,755,10,13,2657,1171,ITI,ITI3,11,Marche,Marche,1525271,374874,24.58,0.25
2145,2021-03-07,MAR,5183,2108,3075,607,167,32,896,13,2,3007,76,336,47,4430,753,ITI,ITI3,11,Marche,Marche,1525271,380057,24.92,0.34
2146,2021-04-02,MAR,7002,3033,3969,389,210,112,424,47,735,2701,2129,213,42,6259,743,ITI,ITI3,11,Marche,Marche,1525271,387059,25.38,0.46
2147,2021-01-12,MAR,1226,413,813,912,255,50,0,2,0,0,0,0,7,1226,0,ITI,ITI3,11,Marche,Marche,1525271,388285,25.46,0.08
2148,2021-02-02,MAR,1193,397,796,804,265,93,0,5,0,5,0,0,21,73,1120,ITI,ITI3,11,Marche,Marche,1525271,389478,25.54,0.08
2149,2021-02-08,MAR,833,258,575,408,133,262,0,6,3,4,0,0,17,371,462,ITI,ITI3,11,Marche,Marche,1525271,390311,25.59,0.05
2150,2021-02-25,MAR,3563,1447,2116,432,137,423,1,8,5,2493,27,3,34,3384,179,ITI,ITI3,11,Marche,Marche,1525271,393874,25.82,0.23
2151,2021-01-05,MAR,1562,586,976,1436,112,0,0,3,2,0,0,0,9,1562,0,ITI,ITI3,11,Marche,Marche,1525271,395436,25.93,0.1
2152,2021-01-27,MAR,2122,780,1342,1754,156,140,0,13,10,8,0,0,41,122,2000,ITI,ITI3,11,Marche,Marche,1525271,397558,26.06,0.14
2153,2021-04-03,MAR,7597,3217,4380,322,152,60,293,76,827,2954,2820,20,73,6925,672,ITI,ITI3,11,Marche,Marche,1525271,405155,26.56,0.5
2154,2020-12-27,MAR,200,97,103,184,12,4,0,0,0,0,0,0,0,200,0,ITI,ITI3,11,Marche,Marche,1525271,405355,26.58,0.01
2155,2021-03-18,MAR,3445,1514,1931,326,188,125,3,7,8,2653,23,98,14,216,3229,ITI,ITI3,11,Marche,Marche,1525271,408800,26.8,0.23
2156,2021-01-10,MAR,1737,699,1038,1462,253,0,0,5,1,0,0,0,16,1737,0,ITI,ITI3,11,Marche,Marche,1525271,410537,26.92,0.11
2157,2021-02-07,MAR,1873,735,1138,1156,482,46,0,41,20,4,0,0,124,344,1529,ITI,ITI3,11,Marche,Marche,1525271,412410,27.04,0.12
2158,2021-04-08,MAR,7536,3290,4246,273,95,96,715,82,2073,1334,2803,26,39,7205,331,ITI,ITI3,11,Marche,Marche,1525271,419946,27.53,0.49
2159,2021-03-23,MAR,5819,2538,3281,260,104,139,328,23,7,4639,27,220,72,2272,3547,ITI,ITI3,11,Marche,Marche,1525271,425765,27.91,0.38
2160,2021-03-24,MAR,7038,2983,4055,484,152,202,592,40,25,4814,321,161,247,3369,3669,ITI,ITI3,11,Marche,Marche,1525271,432803,28.38,0.46
2161,2021-01-20,MAR,400,100,300,148,56,190,0,2,0,1,0,0,3,386,14,ITI,ITI3,11,Marche,Marche,1525271,433203,28.4,0.03
2162,2021-04-07,MAR,7821,3442,4379,189,143,176,973,75,1888,1335,2904,30,108,7485,336,ITI,ITI3,11,Marche,Marche,1525271,441024,28.91,0.51
2163,2021-01-11,MAR,1176,411,765,1021,155,0,0,0,0,0,0,0,0,1176,0,ITI,ITI3,11,Marche,Marche,1525271,442200,28.99,0.08
2164,2021-01-28,MAR,1975,661,1314,1583,238,101,0,9,1,0,0,0,43,167,1808,ITI,ITI3,11,Marche,Marche,1525271,444175,29.12,0.13
2165,2021-01-30,MAR,1908,669,1239,1566,293,0,0,12,0,0,0,0,37,29,1879,ITI,ITI3,11,Marche,Marche,1525271,446083,29.25,0.13
2166,2020-12-31,MAR,385,180,205,371,14,0,0,0,0,0,0,0,0,385,0,ITI,ITI3,11,Marche,Marche,1525271,446468,29.27,0.03
2167,2021-02-14,MAR,738,301,437,578,109,0,0,10,0,0,0,0,41,738,0,ITI,ITI3,11,Marche,Marche,1525271,447206,29.32,0.05
2168,2021-01-08,MAR,1576,588,988,1227,324,0,0,5,0,0,0,0,20,1576,0,ITI,ITI3,11,Marche,Marche,1525271,448782,29.42,0.1
2169,2021-01-26,MAR,2017,746,1271,1736,153,86,0,15,4,1,0,0,22,92,1925,ITI,ITI3,11,Marche,Marche,1525271,450799,29.56,0.13
2170,2021-04-15,MAR,10389,4679,5710,503,138,128,932,192,3639,780,3841,55,181,9824,565,ITI,ITI3,11,Marche,Marche,1525271,461188,30.24,0.68
2171,2021-02-13,MAR,1064,455,609,457,311,90,0,25,10,16,0,0,155,1012,52,ITI,ITI3,11,Marche,Marche,1525271,462252,30.31,0.07
2172,2021-04-22,MAR,10805,4942,5863,236,84,30,58,2750,3928,688,2953,37,41,9224,1581,ITI,ITI3,11,Marche,Marche,1525271,473057,31.01,0.71
2173,2021-03-04,MAR,6627,2978,3649,1064,375,115,769,53,18,2806,222,1041,164,5233,1394,ITI,ITI3,11,Marche,Marche,1525271,479684,31.45,0.43
2174,2021-03-08,MAR,6368,2809,3559,768,228,220,1015,8,2,3102,147,830,48,5366,1002,ITI,ITI3,11,Marche,Marche,1525271,486052,31.87,0.42
2175,2021-01-29,MAR,1992,730,1262,1480,404,74,0,6,0,3,0,0,25,168,1824,ITI,ITI3,11,Marche,Marche,1525271,488044,32.0,0.13
2176,2021-01-16,MAR,2006,723,1283,1059,415,285,0,53,42,21,0,0,131,2006,0,ITI,ITI3,11,Marche,Marche,1525271,490050,32.13,0.13
2177,2021-03-12,MAR,4718,2020,2698,821,445,17,929,20,11,1907,3,487,78,3472,1246,ITI,ITI3,11,Marche,Marche,1525271,494768,32.44,0.31
2178,2021-03-26,MAR,6346,2614,3732,336,222,190,501,58,31,4092,396,204,316,3535,2811,ITI,ITI3,11,Marche,Marche,1525271,501114,32.85,0.42
2179,2021-02-01,MAR,1365,480,885,1057,200,81,0,5,0,0,0,0,22,98,1267,ITI,ITI3,11,Marche,Marche,1525271,502479,32.94,0.09
2180,2021-04-13,MAR,9861,4275,5586,204,105,60,1075,163,3748,955,3469,32,50,9620,241,ITI,ITI3,11,Marche,Marche,1525271,512340,33.59,0.65
2181,2021-03-21,MAR,4512,1878,2634,87,42,57,205,19,7,4047,9,13,26,1632,2880,ITI,ITI3,11,Marche,Marche,1525271,516852,33.89,0.3
2182,2021-01-21,MAR,899,255,644,461,85,336,0,1,0,3,0,0,13,585,314,ITI,ITI3,11,Marche,Marche,1525271,517751,33.94,0.06
2183,2021-04-18,MAR,8841,4139,4702,261,67,2,455,1076,2951,377,3618,11,23,7920,921,ITI,ITI3,11,Marche,Marche,1525271,526592,34.52,0.58
2184,2021-04-24,MAR,12033,5311,6722,132,134,46,78,2368,3734,1675,3744,33,89,7564,4469,ITI,ITI3,11,Marche,Marche,1525271,538625,35.31,0.79
2185,2021-02-17,MAR,1791,664,1127,968,472,309,0,6,1,1,22,0,12,1672,119,ITI,ITI3,11,Marche,Marche,1525271,540416,35.43,0.12
2186,2021-03-06,MAR,5734,2649,3085,973,225,172,747,37,7,2400,221,866,86,4466,1268,ITI,ITI3,11,Marche,Marche,1525271,546150,35.81,0.38
2187,2021-03-17,MAR,3435,1497,1938,301,79,117,5,10,10,2822,61,7,23,111,3324,ITI,ITI3,11,Marche,Marche,1525271,549585,36.03,0.23
2188,2021-02-26,MAR,3636,1503,2133,449,178,389,39,8,4,2521,31,4,13,3160,476,ITI,ITI3,11,Marche,Marche,1525271,553221,36.27,0.24
2189,2021-04-09,VDA,235,111,124,0,1,7,0,154,32,30,8,0,3,202,33,ITC,ITC2,2,Valle d'Aosta / Vallée d'Aoste,Valle d'Aosta,125666,235,0.19,0.19
2190,2021-01-29,VDA,316,138,178,259,32,16,0,6,3,0,0,0,0,2,314,ITC,ITC2,2,Valle d'Aosta / Vallée d'Aoste,Valle d'Aosta,125666,551,0.44,0.25
2191,2021-03-20,VDA,208,86,122,5,5,15,2,87,46,14,1,27,6,172,36,ITC,ITC2,2,Valle d'Aosta / Vallée d'Aoste,Valle d'Aosta,125666,759,0.6,0.17
2192,2021-02-24,VDA,183,82,101,30,9,13,7,0,4,66,0,54,0,164,19,ITC,ITC2,2,Valle d'Aosta / Vallée d'Aoste,Valle d'Aosta,125666,942,0.75,0.15
2193,2021-01-09,VDA,443,199,244,225,183,22,0,7,6,0,0,0,0,443,0,ITC,ITC2,2,Valle d'Aosta / Vallée d'Aoste,Valle d'Aosta,125666,1385,1.1,0.35
2194,2021-02-07,VDA,292,120,172,110,63,0,3,1,1,105,7,2,0,190,102,ITC,ITC2,2,Valle d'Aosta / Vallée d'Aoste,Valle d'Aosta,125666,1677,1.33,0.23
2195,2021-03-29,VDA,493,233,260,7,5,18,2,50,172,209,23,1,6,453,40,ITC,ITC2,2,Valle d'Aosta / Vallée d'Aoste,Valle d'Aosta,125666,2170,1.73,0.39
2196,2021-02-16,VDA,325,53,272,10,0,14,236,11,8,32,0,4,10,320,5,ITC,ITC2,2,Valle d'Aosta / Vallée d'Aoste,Valle d'Aosta,125666,2495,1.99,0.26
2197,2021-01-21,VDA,33,12,21,0,0,33,0,0,0,0,0,0,0,33,0,ITC,ITC2,2,Valle d'Aosta / Vallée d'Aoste,Valle d'Aosta,125666,2528,2.01,0.03
2198,2021-02-21,VDA,18,3,15,0,0,18,0,0,0,0,0,0,0,0,18,ITC,ITC2,2,Valle d'Aosta / Vallée d'Aoste,Valle d'Aosta,125666,2546,2.03,0.01
2199,2021-03-25,VDA,389,154,235,13,0,1,1,8,57,287,14,0,8,379,10,ITC,ITC2,2,Valle d'Aosta / Vallée d'Aoste,Valle d'Aosta,125666,2935,2.34,0.31
2200,2021-03-15,VDA,362,123,239,21,4,10,65,8,16,217,14,7,0,159,203,ITC,ITC2,2,Valle d'Aosta / Vallée d'Aoste,Valle d'Aosta,125666,3297,2.62,0.29
2201,2021-01-30,VDA,437,202,235,232,181,12,0,7,4,0,0,0,1,14,423,ITC,ITC2,2,Valle d'Aosta / Vallée d'Aoste,Valle d'Aosta,125666,3734,2.97,0.35
2202,2021-01-14,VDA,237,69,168,151,62,0,0,16,6,2,0,0,0,237,0,ITC,ITC2,2,Valle d'Aosta / Vallée d'Aoste,Valle d'Aosta,125666,3971,3.16,0.19
2203,2021-04-19,VDA,751,325,426,12,5,2,1,105,132,311,175,1,7,542,209,ITC,ITC2,2,Valle d'Aosta / Vallée d'Aoste,Valle d'Aosta,125666,4722,3.76,0.6
2204,2021-02-22,VDA,316,94,222,62,10,39,67,0,15,111,0,6,6,213,103,ITC,ITC2,2,Valle d'Aosta / Vallée d'Aoste,Valle d'Aosta,125666,5038,4.01,0.25
2205,2021-03-04,VDA,291,139,152,56,19,2,2,3,10,160,2,14,23,42,249,ITC,ITC2,2,Valle d'Aosta / Vallée d'Aoste,Valle d'Aosta,125666,5329,4.24,0.23
2206,2021-01-13,VDA,337,110,227,166,138,28,0,3,2,0,0,0,0,337,0,ITC,ITC2,2,Valle d'Aosta / Vallée d'Aoste,Valle d'Aosta,125666,5666,4.51,0.27
2207,2021-04-10,VDA,404,190,214,2,3,1,0,109,223,22,32,0,12,399,5,ITC,ITC2,2,Valle d'Aosta / Vallée d'Aoste,Valle d'Aosta,125666,6070,4.83,0.32
2208,2021-02-05,VDA,294,102,192,159,52,0,0,14,16,53,0,0,0,101,193,ITC,ITC2,2,Valle d'Aosta / Vallée d'Aoste,Valle d'Aosta,125666,6364,5.06,0.23
2209,2021-04-29,VDA,1291,634,657,9,3,39,0,242,506,243,223,6,20,757,534,ITC,ITC2,2,Valle d'Aosta / Vallée d'Aoste,Valle d'Aosta,125666,7655,6.09,1.03
2210,2021-04-16,VDA,599,261,338,63,10,2,0,235,81,26,172,0,10,597,2,ITC,ITC2,2,Valle d'Aosta / Vallée d'Aoste,Valle d'Aosta,125666,8254,6.57,0.48
2211,2021-03-13,VDA,145,86,59,3,11,0,3,82,0,0,0,24,22,145,0,ITC,ITC2,2,Valle d'Aosta / Vallée d'Aoste,Valle d'Aosta,125666,8399,6.68,0.12
2212,2021-04-14,VDA,935,425,510,16,3,0,1,83,257,405,150,3,17,712,223,ITC,ITC2,2,Valle d'Aosta / Vallée d'Aoste,Valle d'Aosta,125666,9334,7.43,0.74
2213,2021-04-15,VDA,809,377,432,30,1,0,1,232,135,241,155,2,12,670,139,ITC,ITC2,2,Valle d'Aosta / Vallée d'Aoste,Valle d'Aosta,125666,10143,8.07,0.64
2214,2021-03-27,VDA,333,164,169,24,12,14,1,111,72,66,4,21,8,302,31,ITC,ITC2,2,Valle d'Aosta / Vallée d'Aoste,Valle d'Aosta,125666,10476,8.34,0.26
2215,2021-03-07,VDA,64,30,34,16,3,0,1,1,4,26,0,2,11,11,53,ITC,ITC2,2,Valle d'Aosta / Vallée d'Aoste,Valle d'Aosta,125666,10540,8.39,0.05
2216,2021-01-18,VDA,213,74,139,29,7,27,0,104,0,46,0,0,0,213,0,ITC,ITC2,2,Valle d'Aosta / Vallée d'Aoste,Valle d'Aosta,125666,10753,8.56,0.17
2217,2021-02-27,VDA,230,84,146,69,8,2,0,10,4,128,0,4,5,124,106,ITC,ITC2,2,Valle d'Aosta / Vallée d'Aoste,Valle d'Aosta,125666,10983,8.74,0.18
2218,2021-01-02,VDA,6,5,1,0,0,6,0,0,0,0,0,0,0,6,0,ITC,ITC2,2,Valle d'Aosta / Vallée d'Aoste,Valle d'Aosta,125666,10989,8.74,0.0
2219,2021-03-18,VDA,136,43,93,4,0,26,0,0,2,102,1,1,0,99,37,ITC,ITC2,2,Valle d'Aosta / Vallée d'Aoste,Valle d'Aosta,125666,11125,8.85,0.11
2220,2021-01-22,VDA,56,21,35,36,0,20,0,0,0,0,0,0,0,20,36,ITC,ITC2,2,Valle d'Aosta / Vallée d'Aoste,Valle d'Aosta,125666,11181,8.9,0.04
2221,2021-02-06,VDA,289,104,185,170,36,0,0,1,2,74,5,1,0,92,197,ITC,ITC2,2,Valle d'Aosta / Vallée d'Aoste,Valle d'Aosta,125666,11470,9.13,0.23
2222,2021-03-10,VDA,437,182,255,9,0,17,0,1,19,362,20,7,2,225,212,ITC,ITC2,2,Valle d'Aosta / Vallée d'Aoste,Valle d'Aosta,125666,11907,9.48,0.35
2223,2021-03-02,VDA,339,166,173,17,9,39,5,34,1,145,0,65,24,336,3,ITC,ITC2,2,Valle d'Aosta / Vallée d'Aoste,Valle d'Aosta,125666,12246,9.74,0.27
2224,2021-01-20,VDA,23,8,15,0,0,6,0,0,0,17,0,0,0,23,0,ITC,ITC2,2,Valle d'Aosta / Vallée d'Aoste,Valle d'Aosta,125666,12269,9.76,0.02
2225,2021-03-11,VDA,195,74,121,4,0,8,2,1,10,167,1,1,1,65,130,ITC,ITC2,2,Valle d'Aosta / Vallée d'Aoste,Valle d'Aosta,125666,12464,9.92,0.16
2226,2021-02-20,VDA,251,210,41,6,17,11,9,3,2,8,0,183,12,241,10,ITC,ITC2,2,Valle d'Aosta / Vallée d'Aoste,Valle d'Aosta,125666,12715,10.12,0.2
2227,2021-04-08,VDA,584,282,302,6,0,4,2,50,146,281,82,0,13,440,144,ITC,ITC2,2,Valle d'Aosta / Vallée d'Aoste,Valle d'Aosta,125666,13299,10.58,0.46
2228,2021-01-11,VDA,325,112,213,238,50,30,0,3,3,0,0,0,1,325,0,ITC,ITC2,2,Valle d'Aosta / Vallée d'Aoste,Valle d'Aosta,125666,13624,10.84,0.26
2229,2021-04-17,VDA,638,407,231,8,8,0,2,158,199,46,207,0,10,636,2,ITC,ITC2,2,Valle d'Aosta / Vallée d'Aoste,Valle d'Aosta,125666,14262,11.35,0.51
2230,2021-04-11,VDA,479,208,271,3,4,0,3,265,142,6,47,0,9,479,0,ITC,ITC2,2,Valle d'Aosta / Vallée d'Aoste,Valle d'Aosta,125666,14741,11.73,0.38
2231,2021-02-23,VDA,216,123,93,0,1,0,16,0,0,0,0,46,153,216,0,ITC,ITC2,2,Valle d'Aosta / Vallée d'Aoste,Valle d'Aosta,125666,14957,11.9,0.17
2232,2021-03-17,VDA,433,185,248,36,4,16,7,14,23,254,9,42,28,273,160,ITC,ITC2,2,Valle d'Aosta / Vallée d'Aoste,Valle d'Aosta,125666,15390,12.25,0.34
2233,2021-02-09,VDA,251,84,167,78,16,14,53,8,3,75,2,1,1,68,183,ITC,ITC2,2,Valle d'Aosta / Vallée d'Aoste,Valle d'Aosta,125666,15641,12.45,0.2
2234,2021-02-17,VDA,327,144,183,25,1,30,0,0,16,237,0,17,1,227,100,ITC,ITC2,2,Valle d'Aosta / Vallée d'Aoste,Valle d'Aosta,125666,15968,12.71,0.26
2235,2021-03-06,VDA,22,4,18,13,0,5,0,0,0,4,0,0,0,22,0,ITC,ITC2,2,Valle d'Aosta / Vallée d'Aoste,Valle d'Aosta,125666,15990,12.72,0.02
2236,2021-02-26,VDA,206,57,149,67,8,6,1,6,6,102,1,4,5,122,84,ITC,ITC2,2,Valle d'Aosta / Vallée d'Aoste,Valle d'Aosta,125666,16196,12.89,0.16
2237,2021-04-30,VDA,831,355,476,65,9,5,2,227,233,28,212,14,36,485,346,ITC,ITC2,2,Valle d'Aosta / Vallée d'Aoste,Valle d'Aosta,125666,17027,13.55,0.66
2238,2021-04-21,VDA,868,410,458,24,16,1,5,66,152,285,259,10,50,619,249,ITC,ITC2,2,Valle d'Aosta / Vallée d'Aoste,Valle d'Aosta,125666,17895,14.24,0.69
2239,2021-01-05,VDA,150,54,96,127,11,11,0,0,1,0,0,0,0,150,0,ITC,ITC2,2,Valle d'Aosta / Vallée d'Aoste,Valle d'Aosta,125666,18045,14.36,0.12
2240,2021-01-08,VDA,299,130,169,240,35,16,0,5,3,0,0,0,0,299,0,ITC,ITC2,2,Valle d'Aosta / Vallée d'Aoste,Valle d'Aosta,125666,18344,14.6,0.24
2241,2021-04-25,VDA,848,408,440,3,7,0,1,299,334,55,127,1,21,709,139,ITC,ITC2,2,Valle d'Aosta / Vallée d'Aoste,Valle d'Aosta,125666,19192,15.27,0.67
2242,2020-12-31,VDA,18,4,14,16,2,0,0,0,0,0,0,0,0,18,0,ITC,ITC2,2,Valle d'Aosta / Vallée d'Aoste,Valle d'Aosta,125666,19210,15.29,0.01
2243,2021-03-14,VDA,392,200,192,8,21,0,52,205,1,0,0,34,71,392,0,ITC,ITC2,2,Valle d'Aosta / Vallée d'Aoste,Valle d'Aosta,125666,19602,15.6,0.31
2244,2021-03-01,VDA,181,66,115,19,8,29,0,0,3,116,2,2,2,147,34,ITC,ITC2,2,Valle d'Aosta / Vallée d'Aoste,Valle d'Aosta,125666,19783,15.74,0.14
2245,2021-04-22,VDA,1065,447,618,9,3,3,3,182,249,465,128,2,21,684,381,ITC,ITC2,2,Valle d'Aosta / Vallée d'Aoste,Valle d'Aosta,125666,20848,16.59,0.85
2246,2021-04-27,VDA,977,423,554,41,13,4,1,129,278,231,227,3,50,685,292,ITC,ITC2,2,Valle d'Aosta / Vallée d'Aoste,Valle d'Aosta,125666,21825,17.37,0.78
2247,2021-01-10,VDA,220,71,149,172,25,19,0,4,0,0,0,0,0,220,0,ITC,ITC2,2,Valle d'Aosta / Vallée d'Aoste,Valle d'Aosta,125666,22045,17.54,0.18
2248,2021-03-03,VDA,255,118,137,9,11,1,4,4,9,208,6,1,2,186,69,ITC,ITC2,2,Valle d'Aosta / Vallée d'Aoste,Valle d'Aosta,125666,22300,17.75,0.2
2249,2021-01-06,VDA,65,33,32,29,8,18,0,7,3,0,0,0,0,65,0,ITC,ITC2,2,Valle d'Aosta / Vallée d'Aoste,Valle d'Aosta,125666,22365,17.8,0.05
2250,2021-04-23,VDA,921,443,478,40,7,29,0,165,277,252,139,0,12,538,383,ITC,ITC2,2,Valle d'Aosta / Vallée d'Aoste,Valle d'Aosta,125666,23286,18.53,0.73
2251,2021-04-02,VDA,872,344,528,63,9,12,178,89,167,195,74,11,74,648,224,ITC,ITC2,2,Valle d'Aosta / Vallée d'Aoste,Valle d'Aosta,125666,24158,19.22,0.69
2252,2021-03-12,VDA,531,175,356,15,8,8,255,44,21,148,8,2,22,305,226,ITC,ITC2,2,Valle d'Aosta / Vallée d'Aoste,Valle d'Aosta,125666,24689,19.65,0.42
2253,2021-01-12,VDA,302,72,230,242,34,11,0,14,1,0,0,0,0,302,0,ITC,ITC2,2,Valle d'Aosta / Vallée d'Aoste,Valle d'Aosta,125666,24991,19.89,0.24
2254,2021-03-16,VDA,180,37,143,4,0,13,0,15,14,121,0,0,13,118,62,ITC,ITC2,2,Valle d'Aosta / Vallée d'Aoste,Valle d'Aosta,125666,25171,20.03,0.14
2255,2021-04-04,VDA,571,252,319,1,8,0,96,270,155,22,5,4,10,570,1,ITC,ITC2,2,Valle d'Aosta / Vallée d'Aoste,Valle d'Aosta,125666,25742,20.48,0.45
2256,2021-02-11,VDA,231,107,124,53,21,0,0,2,10,128,1,13,3,222,9,ITC,ITC2,2,Valle d'Aosta / Vallée d'Aoste,Valle d'Aosta,125666,25973,20.67,0.18
2257,2021-04-20,VDA,931,430,501,25,9,8,2,152,174,278,253,1,29,738,193,ITC,ITC2,2,Valle d'Aosta / Vallée d'Aoste,Valle d'Aosta,125666,26904,21.41,0.74
2258,2021-04-28,VDA,1215,631,584,24,7,30,0,81,597,235,212,1,28,712,503,ITC,ITC2,2,Valle d'Aosta / Vallée d'Aoste,Valle d'Aosta,125666,28119,22.38,0.97
2259,2021-03-26,VDA,498,204,294,4,2,0,227,54,79,100,3,3,26,491,7,ITC,ITC2,2,Valle d'Aosta / Vallée d'Aoste,Valle d'Aosta,125666,28617,22.77,0.4
2260,2021-01-15,VDA,218,82,136,116,32,28,0,18,17,6,0,0,1,218,0,ITC,ITC2,2,Valle d'Aosta / Vallée d'Aoste,Valle d'Aosta,125666,28835,22.95,0.17
2261,2021-03-24,VDA,515,230,285,11,5,0,1,16,34,420,18,3,7,258,257,ITC,ITC2,2,Valle d'Aosta / Vallée d'Aoste,Valle d'Aosta,125666,29350,23.36,0.41
2262,2020-12-27,VDA,20,9,11,20,0,0,0,0,0,0,0,0,0,20,0,ITC,ITC2,2,Valle d'Aosta / Vallée d'Aoste,Valle d'Aosta,125666,29370,23.37,0.02
2263,2021-04-01,VDA,776,394,382,1,1,0,0,205,306,201,55,0,7,764,12,ITC,ITC2,2,Valle d'Aosta / Vallée d'Aoste,Valle d'Aosta,125666,30146,23.99,0.62
2264,2021-02-08,VDA,223,83,140,28,19,3,25,82,0,64,0,0,2,25,198,ITC,ITC2,2,Valle d'Aosta / Vallée d'Aoste,Valle d'Aosta,125666,30369,24.17,0.18
2265,2021-02-02,VDA,271,70,201,225,34,3,0,8,1,0,0,0,0,2,269,ITC,ITC2,2,Valle d'Aosta / Vallée d'Aoste,Valle d'Aosta,125666,30640,24.38,0.22
2266,2021-03-23,VDA,378,150,228,14,2,7,9,37,18,279,0,9,3,244,134,ITC,ITC2,2,Valle d'Aosta / Vallée d'Aoste,Valle d'Aosta,125666,31018,24.68,0.3
2267,2021-04-07,VDA,907,473,434,16,0,0,1,84,271,390,92,0,53,678,229,ITC,ITC2,2,Valle d'Aosta / Vallée d'Aoste,Valle d'Aosta,125666,31925,25.4,0.72
2268,2021-03-22,VDA,560,205,355,37,5,18,19,54,37,340,29,11,10,333,227,ITC,ITC2,2,Valle d'Aosta / Vallée d'Aoste,Valle d'Aosta,125666,32485,25.85,0.45
2269,2021-02-10,VDA,248,77,171,51,14,26,18,4,3,128,0,1,3,141,107,ITC,ITC2,2,Valle d'Aosta / Vallée d'Aoste,Valle d'Aosta,125666,32733,26.05,0.2
2270,2021-01-17,VDA,131,56,75,49,2,20,0,1,0,59,0,0,0,131,0,ITC,ITC2,2,Valle d'Aosta / Vallée d'Aoste,Valle d'Aosta,125666,32864,26.15,0.1
2271,2021-04-26,VDA,715,327,388,13,2,0,2,80,246,213,126,7,26,545,170,ITC,ITC2,2,Valle d'Aosta / Vallée d'Aoste,Valle d'Aosta,125666,33579,26.72,0.57
2272,2021-02-15,VDA,264,136,128,24,2,25,2,0,6,173,2,29,1,229,35,ITC,ITC2,2,Valle d'Aosta / Vallée d'Aoste,Valle d'Aosta,125666,33843,26.93,0.21
2273,2021-03-28,VDA,522,212,310,52,10,0,47,168,99,53,18,55,20,521,1,ITC,ITC2,2,Valle d'Aosta / Vallée d'Aoste,Valle d'Aosta,125666,34365,27.35,0.42
2274,2021-03-19,VDA,322,85,237,9,1,21,211,42,1,9,0,1,27,286,36,ITC,ITC2,2,Valle d'Aosta / Vallée d'Aoste,Valle d'Aosta,125666,34687,27.6,0.26
2275,2021-01-28,VDA,290,123,167,202,35,6,0,12,7,2,0,0,26,56,234,ITC,ITC2,2,Valle d'Aosta / Vallée d'Aoste,Valle d'Aosta,125666,34977,27.83,0.23
2276,2021-04-13,VDA,373,171,202,2,1,8,0,69,108,120,56,0,9,329,44,ITC,ITC2,2,Valle d'Aosta / Vallée d'Aoste,Valle d'Aosta,125666,35350,28.13,0.3
2277,2021-01-27,VDA,151,71,80,55,8,18,0,10,3,53,0,0,4,79,72,ITC,ITC2,2,Valle d'Aosta / Vallée d'Aoste,Valle d'Aosta,125666,35501,28.25,0.12
2278,2021-03-09,VDA,206,96,110,3,0,23,26,56,5,36,0,39,18,174,32,ITC,ITC2,2,Valle d'Aosta / Vallée d'Aoste,Valle d'Aosta,125666,35707,28.41,0.16
2279,2021-02-13,VDA,215,195,20,0,0,0,0,0,0,0,0,215,0,215,0,ITC,ITC2,2,Valle d'Aosta / Vallée d'Aoste,Valle d'Aosta,125666,35922,28.59,0.17
2280,2021-01-19,VDA,256,77,179,160,10,15,0,10,3,57,0,0,1,256,0,ITC,ITC2,2,Valle d'Aosta / Vallée d'Aoste,Valle d'Aosta,125666,36178,28.79,0.2
2281,2021-02-14,VDA,48,16,32,6,0,42,0,0,0,0,0,0,0,1,47,ITC,ITC2,2,Valle d'Aosta / Vallée d'Aoste,Valle d'Aosta,125666,36226,28.83,0.04
2282,2021-01-26,VDA,139,48,91,115,11,12,0,0,1,0,0,0,0,0,139,ITC,ITC2,2,Valle d'Aosta / Vallée d'Aoste,Valle d'Aosta,125666,36365,28.94,0.11
2283,2021-02-12,VDA,263,96,167,51,13,28,5,2,10,133,18,0,3,217,46,ITC,ITC2,2,Valle d'Aosta / Vallée d'Aoste,Valle d'Aosta,125666,36628,29.15,0.21
2284,2021-02-03,VDA,351,114,237,157,136,52,0,4,1,1,0,0,0,14,337,ITC,ITC2,2,Valle d'Aosta / Vallée d'Aoste,Valle d'Aosta,125666,36979,29.43,0.28
2285,2021-01-25,VDA,147,65,82,125,13,6,0,3,0,0,0,0,0,0,147,ITC,ITC2,2,Valle d'Aosta / Vallée d'Aoste,Valle d'Aosta,125666,37126,29.54,0.12
2286,2021-04-12,VDA,483,185,298,8,9,22,2,89,60,229,61,0,3,321,162,ITC,ITC2,2,Valle d'Aosta / Vallée d'Aoste,Valle d'Aosta,125666,37609,29.93,0.38
2287,2021-02-01,VDA,403,127,276,268,56,70,0,2,2,3,0,0,2,87,316,ITC,ITC2,2,Valle d'Aosta / Vallée d'Aoste,Valle d'Aosta,125666,38012,30.25,0.32
2288,2021-03-31,VDA,555,302,253,7,1,0,0,22,309,203,6,0,7,529,26,ITC,ITC2,2,Valle d'Aosta / Vallée d'Aoste,Valle d'Aosta,125666,38567,30.69,0.44
2289,2021-01-07,VDA,275,111,164,224,38,5,0,3,2,0,0,0,3,275,0,ITC,ITC2,2,Valle d'Aosta / Vallée d'Aoste,Valle d'Aosta,125666,38842,30.91,0.22
2290,2021-03-08,VDA,482,231,251,29,1,13,1,6,25,365,7,28,7,237,245,ITC,ITC2,2,Valle d'Aosta / Vallée d'Aoste,Valle d'Aosta,125666,39324,31.29,0.38
2291,2021-03-30,VDA,402,223,179,11,2,5,5,32,180,124,28,9,6,382,20,ITC,ITC2,2,Valle d'Aosta / Vallée d'Aoste,Valle d'Aosta,125666,39726,31.61,0.32
2292,2021-04-18,VDA,520,253,267,11,6,4,4,203,82,13,183,0,14,516,4,ITC,ITC2,2,Valle d'Aosta / Vallée d'Aoste,Valle d'Aosta,125666,40246,32.03,0.41
2293,2021-03-05,VDA,275,124,151,51,10,13,5,4,10,138,18,0,26,53,222,ITC,ITC2,2,Valle d'Aosta / Vallée d'Aoste,Valle d'Aosta,125666,40521,32.24,0.22
2294,2021-01-16,VDA,236,80,156,127,32,22,0,2,2,51,0,0,0,236,0,ITC,ITC2,2,Valle d'Aosta / Vallée d'Aoste,Valle d'Aosta,125666,40757,32.43,0.19
2295,2021-04-06,VDA,741,381,360,24,4,1,0,55,192,239,160,14,52,629,112,ITC,ITC2,2,Valle d'Aosta / Vallée d'Aoste,Valle d'Aosta,125666,41498,33.02,0.59
2296,2021-04-24,VDA,722,400,322,14,7,7,1,131,174,96,238,4,50,555,167,ITC,ITC2,2,Valle d'Aosta / Vallée d'Aoste,Valle d'Aosta,125666,42220,33.6,0.57
2297,2021-02-04,VDA,294,86,208,168,76,34,0,12,3,1,0,0,0,8,286,ITC,ITC2,2,Valle d'Aosta / Vallée d'Aoste,Valle d'Aosta,125666,42514,33.83,0.23
2298,2021-02-28,VDA,260,86,174,78,36,24,4,7,10,94,0,3,4,77,183,ITC,ITC2,2,Valle d'Aosta / Vallée d'Aoste,Valle d'Aosta,125666,42774,34.04,0.21
2299,2021-03-21,VDA,355,165,190,2,5,0,30,208,57,1,0,27,25,355,0,ITC,ITC2,2,Valle d'Aosta / Vallée d'Aoste,Valle d'Aosta,125666,43129,34.32,0.28
2300,2021-01-31,VDA,290,90,200,231,33,18,0,5,0,0,0,0,3,58,232,ITC,ITC2,2,Valle d'Aosta / Vallée d'Aoste,Valle d'Aosta,125666,43419,34.55,0.23
2301,2021-04-05,VDA,461,222,239,18,4,0,35,186,118,8,84,0,8,457,4,ITC,ITC2,2,Valle d'Aosta / Vallée d'Aoste,Valle d'Aosta,125666,43880,34.92,0.37
2302,2021-02-18,VDA,349,153,196,61,9,45,8,6,17,184,0,16,3,261,88,ITC,ITC2,2,Valle d'Aosta / Vallée d'Aoste,Valle d'Aosta,125666,44229,35.2,0.28
2303,2021-02-19,VDA,292,102,190,17,1,35,65,3,16,154,0,0,1,268,24,ITC,ITC2,2,Valle d'Aosta / Vallée d'Aoste,Valle d'Aosta,125666,44521,35.43,0.23
2304,2021-01-04,VDA,142,59,83,126,14,0,0,2,0,0,0,0,0,142,0,ITC,ITC2,2,Valle d'Aosta / Vallée d'Aoste,Valle d'Aosta,125666,44663,35.54,0.11
2305,2021-02-25,VDA,201,101,100,6,4,12,2,84,1,0,0,27,65,194,7,ITC,ITC2,2,Valle d'Aosta / Vallée d'Aoste,Valle d'Aosta,125666,44864,35.7,0.16
2306,2021-04-03,VDA,676,341,335,13,11,4,1,117,333,58,72,5,62,661,15,ITC,ITC2,2,Valle d'Aosta / Vallée d'Aoste,Valle d'Aosta,125666,45540,36.24,0.54
2307,2021-04-14,CAL,8003,3870,4133,172,185,141,175,208,1539,1570,3826,74,113,6536,1467,ITF,ITF6,18,Calabria,Calabria,1947131,8003,0.41,0.41
2308,2021-01-30,CAL,2175,1148,1027,1976,189,0,0,3,0,1,0,0,6,358,1817,ITF,ITF6,18,Calabria,Calabria,1947131,10178,0.52,0.11
2309,2021-01-12,CAL,2058,1017,1041,1706,237,29,0,21,1,19,0,0,45,2058,0,ITF,ITF6,18,Calabria,Calabria,1947131,12236,0.63,0.11
2310,2021-04-02,CAL,8080,3689,4391,362,135,605,1154,115,177,2800,2247,198,287,4217,3863,ITF,ITF6,18,Calabria,Calabria,1947131,20316,1.04,0.41
2311,2021-04-04,CAL,1738,877,861,34,23,23,67,249,266,505,516,2,53,1236,502,ITF,ITF6,18,Calabria,Calabria,1947131,22054,1.13,0.09
2312,2021-02-25,CAL,2821,1519,1302,736,228,235,4,41,15,971,36,425,130,2242,579,ITF,ITF6,18,Calabria,Calabria,1947131,24875,1.28,0.14
2313,2021-02-11,CAL,2342,1044,1298,1465,372,241,0,25,18,156,0,0,65,1081,1261,ITF,ITF6,18,Calabria,Calabria,1947131,27217,1.4,0.12
2314,2021-03-07,CAL,3132,1561,1571,106,33,348,2,10,31,1741,474,363,24,3042,90,ITF,ITF6,18,Calabria,Calabria,1947131,30349,1.56,0.16
2315,2021-03-16,CAL,3778,1851,1927,460,203,22,30,49,79,2138,594,68,135,2180,1598,ITF,ITF6,18,Calabria,Calabria,1947131,34127,1.75,0.19
2316,2020-12-27,CAL,279,154,125,278,1,0,0,0,0,0,0,0,0,279,0,ITF,ITF6,18,Calabria,Calabria,1947131,34406,1.77,0.01
2317,2021-03-18,CAL,4248,1979,2269,360,210,232,45,65,115,2312,753,60,96,2278,1970,ITF,ITF6,18,Calabria,Calabria,1947131,38654,1.99,0.22
2318,2021-03-19,CAL,4188,1949,2239,486,121,295,102,64,114,2010,883,12,101,1900,2288,ITF,ITF6,18,Calabria,Calabria,1947131,42842,2.2,0.22
2319,2021-03-08,CAL,5323,2822,2501,708,245,453,3,49,65,1553,1138,849,260,4265,1058,ITF,ITF6,18,Calabria,Calabria,1947131,48165,2.47,0.27
2320,2021-01-29,CAL,2055,989,1066,1756,234,49,0,3,3,1,0,0,9,234,1821,ITF,ITF6,18,Calabria,Calabria,1947131,50220,2.58,0.11
2321,2021-01-27,CAL,1458,735,723,1227,201,23,0,4,0,0,0,0,3,396,1062,ITF,ITF6,18,Calabria,Calabria,1947131,51678,2.65,0.07
2322,2021-03-31,CAL,8826,4006,4820,378,283,653,2053,145,193,2693,1988,118,322,4886,3940,ITF,ITF6,18,Calabria,Calabria,1947131,60504,3.11,0.45
2323,2021-02-08,CAL,1847,733,1114,1214,406,121,0,14,1,0,0,0,91,661,1186,ITF,ITF6,18,Calabria,Calabria,1947131,62351,3.2,0.09
2324,2021-03-20,CAL,6483,2983,3500,432,100,408,466,72,124,3574,1022,75,210,4094,2389,ITF,ITF6,18,Calabria,Calabria,1947131,68834,3.54,0.33
2325,2021-02-24,CAL,1843,940,903,658,108,115,4,15,10,754,84,47,48,1368,475,ITF,ITF6,18,Calabria,Calabria,1947131,70677,3.63,0.09
2326,2021-01-22,CAL,658,274,384,298,146,112,0,37,29,4,0,0,32,656,2,ITF,ITF6,18,Calabria,Calabria,1947131,71335,3.66,0.03
2327,2021-04-21,CAL,11483,5782,5701,260,200,196,238,1608,2286,1124,5162,187,222,8571,2912,ITF,ITF6,18,Calabria,Calabria,1947131,82818,4.25,0.59
2328,2021-01-09,CAL,1916,1036,880,1529,315,0,0,26,2,1,0,0,43,1916,0,ITF,ITF6,18,Calabria,Calabria,1947131,84734,4.35,0.1
2329,2021-01-21,CAL,958,444,514,735,82,115,0,4,2,0,0,0,20,929,29,ITF,ITF6,18,Calabria,Calabria,1947131,85692,4.4,0.05
2330,2021-03-14,CAL,2543,1018,1525,322,103,312,722,15,30,811,128,30,70,2143,400,ITF,ITF6,18,Calabria,Calabria,1947131,88235,4.53,0.13
2331,2021-04-11,CAL,4083,1860,2223,136,49,51,167,59,209,1725,1619,12,56,2142,1941,ITF,ITF6,18,Calabria,Calabria,1947131,92318,4.74,0.21
2332,2021-04-24,CAL,18759,9354,9405,287,229,146,113,6014,3564,1920,5940,230,316,15387,3372,ITF,ITF6,18,Calabria,Calabria,1947131,111077,5.7,0.96
2333,2021-03-05,CAL,6173,3566,2607,696,257,712,5,46,61,2014,880,1405,97,5597,576,ITF,ITF6,18,Calabria,Calabria,1947131,117250,6.02,0.32
2334,2021-04-18,CAL,5775,2761,3014,149,89,102,79,130,1436,1202,2529,12,47,4896,879,ITF,ITF6,18,Calabria,Calabria,1947131,123025,6.32,0.3
2335,2021-02-28,CAL,2169,983,1186,114,39,190,0,10,24,1707,28,6,51,2017,152,ITF,ITF6,18,Calabria,Calabria,1947131,125194,6.43,0.11
2336,2021-02-09,CAL,2148,904,1244,1423,394,231,0,20,5,0,0,0,75,948,1200,ITF,ITF6,18,Calabria,Calabria,1947131,127342,6.54,0.11
2337,2021-02-06,CAL,2910,1338,1572,2095,368,248,0,45,9,10,0,0,135,442,2468,ITF,ITF6,18,Calabria,Calabria,1947131,130252,6.69,0.15
2338,2021-04-25,CAL,15756,7988,7768,150,314,121,122,5767,2982,746,4519,273,762,14635,1121,ITF,ITF6,18,Calabria,Calabria,1947131,146008,7.5,0.81
2339,2021-02-05,CAL,3798,1709,2089,2329,745,554,0,41,8,3,0,0,118,490,3308,ITF,ITF6,18,Calabria,Calabria,1947131,149806,7.69,0.2
2340,2021-03-03,CAL,4871,2655,2216,631,351,917,4,38,43,1408,462,935,82,3808,1063,ITF,ITF6,18,Calabria,Calabria,1947131,154677,7.94,0.25
2341,2021-04-26,CAL,10314,5183,5131,224,144,409,112,1388,1668,977,4864,401,127,7912,2402,ITF,ITF6,18,Calabria,Calabria,1947131,164991,8.47,0.53
2342,2021-04-06,CAL,7217,3236,3981,377,163,453,804,103,241,2464,2372,51,189,4144,3073,ITF,ITF6,18,Calabria,Calabria,1947131,172208,8.84,0.37
2343,2021-02-04,CAL,3391,1623,1768,2560,505,222,0,23,6,7,0,0,68,644,2747,ITF,ITF6,18,Calabria,Calabria,1947131,175599,9.02,0.17
2344,2021-04-17,CAL,10643,4994,5649,211,138,218,118,302,2655,2181,4526,98,196,8926,1717,ITF,ITF6,18,Calabria,Calabria,1947131,186242,9.56,0.55
2345,2021-01-17,CAL,867,418,449,527,121,48,0,17,4,33,0,0,117,801,66,ITF,ITF6,18,Calabria,Calabria,1947131,187109,9.61,0.04
2346,2021-04-16,CAL,10131,4955,5176,332,213,288,233,254,2333,1094,5020,133,231,8532,1599,ITF,ITF6,18,Calabria,Calabria,1947131,197240,10.13,0.52
2347,2021-02-27,CAL,3681,1913,1768,422,193,396,2,24,41,2075,96,348,84,3302,379,ITF,ITF6,18,Calabria,Calabria,1947131,200921,10.32,0.19
2348,2021-03-04,CAL,5390,3112,2278,646,252,744,2,63,46,1636,631,1237,133,4594,796,ITF,ITF6,18,Calabria,Calabria,1947131,206311,10.6,0.28
2349,2021-01-31,CAL,1108,554,554,765,282,58,0,1,0,0,0,0,2,155,953,ITF,ITF6,18,Calabria,Calabria,1947131,207419,10.65,0.06
2350,2021-03-28,CAL,2535,1172,1363,127,109,31,412,74,67,785,739,15,176,1405,1130,ITF,ITF6,18,Calabria,Calabria,1947131,209954,10.78,0.13
2351,2021-04-28,CAL,12485,6033,6452,174,152,237,167,2323,2217,630,6258,91,236,9683,2802,ITF,ITF6,18,Calabria,Calabria,1947131,222439,11.42,0.64
2352,2021-02-13,CAL,1331,583,748,731,144,111,0,31,9,167,0,0,138,968,363,ITF,ITF6,18,Calabria,Calabria,1947131,223770,11.49,0.07
2353,2021-02-18,CAL,1801,804,997,586,369,299,61,7,6,388,11,0,74,1578,223,ITF,ITF6,18,Calabria,Calabria,1947131,225571,11.58,0.09
2354,2021-01-25,CAL,1078,520,558,1033,35,0,0,0,1,0,0,0,9,156,922,ITF,ITF6,18,Calabria,Calabria,1947131,226649,11.64,0.06
2355,2021-03-10,CAL,6446,3281,3165,744,516,586,64,79,53,2233,1023,797,351,5252,1194,ITF,ITF6,18,Calabria,Calabria,1947131,233095,11.97,0.33
2356,2021-04-15,CAL,7394,3626,3768,161,153,162,199,144,1667,1064,3694,34,116,5790,1604,ITF,ITF6,18,Calabria,Calabria,1947131,240489,12.35,0.38
2357,2021-02-19,CAL,1461,652,809,544,208,195,0,9,9,422,57,1,16,1200,261,ITF,ITF6,18,Calabria,Calabria,1947131,241950,12.43,0.08
2358,2021-04-12,CAL,6695,3263,3432,219,136,276,104,105,858,1435,3433,37,92,5093,1602,ITF,ITF6,18,Calabria,Calabria,1947131,248645,12.77,0.34
2359,2021-02-12,CAL,1711,669,1042,815,300,136,0,64,32,210,0,0,154,943,768,ITF,ITF6,18,Calabria,Calabria,1947131,250356,12.86,0.09
2360,2021-01-11,CAL,2154,1040,1114,1759,301,3,0,17,4,39,0,0,31,2154,0,ITF,ITF6,18,Calabria,Calabria,1947131,252510,12.97,0.11
2361,2021-03-02,CAL,4137,2396,1741,705,202,430,2,26,24,1451,222,1003,72,3428,709,ITF,ITF6,18,Calabria,Calabria,1947131,256647,13.18,0.21
2362,2021-01-04,CAL,1003,496,507,975,28,0,0,0,0,0,0,0,0,1003,0,ITF,ITF6,18,Calabria,Calabria,1947131,257650,13.23,0.05
2363,2021-04-09,CAL,7822,3667,4155,342,139,471,306,151,506,2172,3495,31,209,4909,2913,ITF,ITF6,18,Calabria,Calabria,1947131,265472,13.63,0.4
2364,2021-03-15,CAL,3508,1675,1833,542,166,140,587,56,81,1183,431,177,145,2079,1429,ITF,ITF6,18,Calabria,Calabria,1947131,268980,13.81,0.18
2365,2021-02-02,CAL,2293,1114,1179,1867,341,75,0,1,1,1,0,0,7,177,2116,ITF,ITF6,18,Calabria,Calabria,1947131,271273,13.93,0.12
2366,2021-01-14,CAL,2557,1214,1343,1962,349,3,0,61,24,47,0,0,111,2557,0,ITF,ITF6,18,Calabria,Calabria,1947131,273830,14.06,0.13
2367,2021-04-05,CAL,3457,1633,1824,133,22,149,134,286,439,1181,1041,18,54,2556,901,ITF,ITF6,18,Calabria,Calabria,1947131,277287,14.24,0.18
2368,2021-01-10,CAL,929,524,405,830,99,0,0,0,0,0,0,0,0,929,0,ITF,ITF6,18,Calabria,Calabria,1947131,278216,14.29,0.05
2369,2021-02-07,CAL,860,428,432,567,121,81,0,10,0,0,0,0,81,147,713,ITF,ITF6,18,Calabria,Calabria,1947131,279076,14.33,0.04
2370,2021-01-23,CAL,400,186,214,325,25,23,0,2,0,1,0,0,24,358,42,ITF,ITF6,18,Calabria,Calabria,1947131,279476,14.35,0.02
2371,2021-03-25,CAL,7003,3315,3688,293,362,564,1100,112,124,2270,1839,80,259,4484,2519,ITF,ITF6,18,Calabria,Calabria,1947131,286479,14.71,0.36
2372,2021-02-10,CAL,2463,1074,1389,1469,340,357,0,56,25,72,0,0,144,839,1624,ITF,ITF6,18,Calabria,Calabria,1947131,288942,14.84,0.13
2373,2021-02-15,CAL,1137,538,599,499,121,164,1,11,20,294,4,0,23,989,148,ITF,ITF6,18,Calabria,Calabria,1947131,290079,14.9,0.06
2374,2021-04-23,CAL,12518,6227,6291,302,189,226,203,1709,2403,1196,5803,180,307,9276,3242,ITF,ITF6,18,Calabria,Calabria,1947131,302597,15.54,0.64
2375,2021-02-03,CAL,2767,1432,1335,2173,394,103,0,18,4,2,0,0,73,583,2184,ITF,ITF6,18,Calabria,Calabria,1947131,305364,15.68,0.14
2376,2021-01-13,CAL,2028,1022,1006,1800,152,34,0,14,4,4,0,0,20,2028,0,ITF,ITF6,18,Calabria,Calabria,1947131,307392,15.79,0.1
2377,2021-03-13,CAL,6676,2946,3730,425,159,356,685,95,43,3805,749,123,236,5683,993,ITF,ITF6,18,Calabria,Calabria,1947131,314068,16.13,0.34
2378,2021-01-19,CAL,1109,488,621,853,105,76,0,11,11,14,0,0,39,1098,11,ITF,ITF6,18,Calabria,Calabria,1947131,315177,16.19,0.06
2379,2021-04-27,CAL,9976,4895,5081,167,161,173,85,1992,2005,675,4507,75,136,8069,1907,ITF,ITF6,18,Calabria,Calabria,1947131,325153,16.7,0.51
2380,2021-03-01,CAL,2689,1534,1155,399,156,258,3,10,11,1053,71,656,72,2239,450,ITF,ITF6,18,Calabria,Calabria,1947131,327842,16.84,0.14
2381,2021-02-17,CAL,1683,673,1010,675,239,285,81,7,6,354,2,0,34,1472,211,ITF,ITF6,18,Calabria,Calabria,1947131,329525,16.92,0.09
2382,2021-04-03,CAL,8826,3789,5037,363,123,359,622,88,215,4981,1905,57,113,4205,4621,ITF,ITF6,18,Calabria,Calabria,1947131,338351,17.38,0.45
2383,2021-01-06,CAL,926,500,426,822,90,0,0,5,0,0,0,0,9,926,0,ITF,ITF6,18,Calabria,Calabria,1947131,339277,17.42,0.05
2384,2021-02-16,CAL,1534,643,891,659,191,265,0,14,23,334,1,0,47,1255,279,ITF,ITF6,18,Calabria,Calabria,1947131,340811,17.5,0.08
2385,2021-02-21,CAL,608,286,322,36,46,48,0,2,2,374,28,30,42,531,77,ITF,ITF6,18,Calabria,Calabria,1947131,341419,17.53,0.03
2386,2021-03-29,CAL,5638,2385,3253,207,320,134,1580,134,162,1130,1673,71,227,3883,1755,ITF,ITF6,18,Calabria,Calabria,1947131,347057,17.82,0.29
2387,2021-03-09,CAL,5827,3034,2793,803,267,461,18,65,71,1926,1124,934,158,4850,977,ITF,ITF6,18,Calabria,Calabria,1947131,352884,18.12,0.3
2388,2021-04-29,CAL,11626,5653,5973,287,216,208,170,2085,1938,920,5568,49,185,8286,3340,ITF,ITF6,18,Calabria,Calabria,1947131,364510,18.72,0.6
2389,2021-03-12,CAL,5093,2438,2655,468,397,220,786,61,38,2148,412,403,160,4050,1043,ITF,ITF6,18,Calabria,Calabria,1947131,369603,18.98,0.26
2390,2021-02-20,CAL,1359,735,624,439,185,55,2,13,5,490,54,19,97,1044,315,ITF,ITF6,18,Calabria,Calabria,1947131,370962,19.05,0.07
2391,2021-02-01,CAL,2503,1195,1308,2050,359,43,0,14,2,1,0,0,34,248,2255,ITF,ITF6,18,Calabria,Calabria,1947131,373465,19.18,0.13
2392,2021-04-30,CAL,14468,7123,7345,311,300,330,283,2520,2396,856,7139,104,229,10376,4092,ITF,ITF6,18,Calabria,Calabria,1947131,387933,19.92,0.74
2393,2021-01-07,CAL,2181,1061,1120,1884,211,0,0,20,4,0,0,0,62,2181,0,ITF,ITF6,18,Calabria,Calabria,1947131,390114,20.04,0.11
2394,2021-03-21,CAL,4366,1883,2483,135,38,200,745,80,92,2129,695,83,169,2663,1703,ITF,ITF6,18,Calabria,Calabria,1947131,394480,20.26,0.22
2395,2021-02-23,CAL,1549,728,821,437,177,206,1,13,10,583,63,2,57,1434,115,ITF,ITF6,18,Calabria,Calabria,1947131,396029,20.34,0.08
2396,2021-01-18,CAL,1238,555,683,989,138,11,0,25,3,6,0,0,66,1040,198,ITF,ITF6,18,Calabria,Calabria,1947131,397267,20.4,0.06
2397,2021-03-06,CAL,7958,4063,3895,703,225,760,6,41,97,4059,1136,840,91,7202,756,ITF,ITF6,18,Calabria,Calabria,1947131,405225,20.81,0.41
2398,2021-01-28,CAL,2235,1109,1126,1923,284,0,0,2,1,0,0,0,25,84,2151,ITF,ITF6,18,Calabria,Calabria,1947131,407460,20.93,0.11
2399,2021-04-07,CAL,6197,2809,3388,193,70,399,539,113,181,2098,2441,32,131,3641,2556,ITF,ITF6,18,Calabria,Calabria,1947131,413657,21.24,0.32
2400,2021-03-17,CAL,3646,1626,2020,280,148,165,95,40,82,2179,584,31,42,1948,1698,ITF,ITF6,18,Calabria,Calabria,1947131,417303,21.43,0.19
2401,2021-02-26,CAL,3081,1632,1449,540,193,408,4,21,18,1362,84,370,81,2611,470,ITF,ITF6,18,Calabria,Calabria,1947131,420384,21.59,0.16
2402,2021-02-14,CAL,371,145,226,146,31,83,0,2,2,95,0,0,12,341,30,ITF,ITF6,18,Calabria,Calabria,1947131,420755,21.61,0.02
2403,2021-03-27,CAL,8321,3778,4543,306,389,148,1400,125,179,3416,1871,66,421,4460,3861,ITF,ITF6,18,Calabria,Calabria,1947131,429076,22.04,0.43
2404,2021-04-22,CAL,9354,4670,4684,236,170,274,96,1451,1801,966,4105,41,214,6666,2688,ITF,ITF6,18,Calabria,Calabria,1947131,438430,22.52,0.48
2405,2021-01-08,CAL,2113,1016,1097,1899,203,0,0,3,0,0,0,0,8,2113,0,ITF,ITF6,18,Calabria,Calabria,1947131,440543,22.63,0.11
2406,2021-01-26,CAL,1895,915,980,1608,202,70,0,1,0,0,0,0,14,285,1610,ITF,ITF6,18,Calabria,Calabria,1947131,442438,22.72,0.1
2407,2021-01-03,CAL,6,3,3,4,2,0,0,0,0,0,0,0,0,6,0,ITF,ITF6,18,Calabria,Calabria,1947131,442444,22.72,0.0
2408,2021-04-13,CAL,6489,3197,3292,245,92,40,106,103,1275,1273,3084,153,118,5231,1258,ITF,ITF6,18,Calabria,Calabria,1947131,448933,23.06,0.33
2409,2021-03-26,CAL,7648,3628,4020,511,371,218,1039,151,231,2562,2059,135,371,4533,3115,ITF,ITF6,18,Calabria,Calabria,1947131,456581,23.45,0.39
2410,2021-01-02,CAL,165,94,71,165,0,0,0,0,0,0,0,0,0,165,0,ITF,ITF6,18,Calabria,Calabria,1947131,456746,23.46,0.01
2411,2021-01-24,CAL,44,18,26,15,3,26,0,0,0,0,0,0,0,39,5,ITF,ITF6,18,Calabria,Calabria,1947131,456790,23.46,0.0
2412,2020-12-28,CAL,6,2,4,6,0,0,0,0,0,0,0,0,0,6,0,ITF,ITF6,18,Calabria,Calabria,1947131,456796,23.46,0.0
2413,2021-04-01,CAL,8354,3774,4580,455,247,680,1116,122,218,3070,1991,113,342,3850,4504,ITF,ITF6,18,Calabria,Calabria,1947131,465150,23.89,0.43
2414,2021-03-24,CAL,7390,3367,4023,386,289,699,1495,151,146,2605,1295,105,219,4211,3179,ITF,ITF6,18,Calabria,Calabria,1947131,472540,24.27,0.38
2415,2021-03-23,CAL,5207,2442,2765,280,145,55,1083,98,74,2046,1078,102,246,3409,1798,ITF,ITF6,18,Calabria,Calabria,1947131,477747,24.54,0.27
2416,2021-01-05,CAL,1441,674,767,1308,120,0,0,2,0,0,0,0,11,1441,0,ITF,ITF6,18,Calabria,Calabria,1947131,479188,24.61,0.07
2417,2021-01-16,CAL,2394,1120,1274,1664,264,241,0,49,12,9,0,0,155,2394,0,ITF,ITF6,18,Calabria,Calabria,1947131,481582,24.73,0.12
2418,2021-03-30,CAL,5793,2490,3303,166,103,213,1122,154,196,1991,1473,89,286,3200,2593,ITF,ITF6,18,Calabria,Calabria,1947131,487375,25.03,0.3
2419,2021-03-11,CAL,6886,3282,3604,934,474,574,600,122,88,2560,873,412,249,5630,1256,ITF,ITF6,18,Calabria,Calabria,1947131,494261,25.38,0.35
2420,2021-04-08,CAL,9380,4411,4969,452,178,537,304,216,581,3377,3462,44,229,5702,3678,ITF,ITF6,18,Calabria,Calabria,1947131,503641,25.87,0.48
2421,2021-04-10,CAL,11174,5032,6142,424,161,462,303,144,703,5598,3147,49,183,6343,4831,ITF,ITF6,18,Calabria,Calabria,1947131,514815,26.44,0.57
2422,2021-03-22,CAL,4709,2203,2506,195,125,148,1125,49,50,1994,804,77,142,3041,1668,ITF,ITF6,18,Calabria,Calabria,1947131,519524,26.68,0.24
2423,2021-04-20,CAL,7645,3840,3805,295,300,137,165,420,1715,1066,3151,115,281,6023,1622,ITF,ITF6,18,Calabria,Calabria,1947131,527169,27.07,0.39
2424,2021-01-15,CAL,2793,1258,1535,1690,349,412,0,54,19,44,0,0,225,2793,0,ITF,ITF6,18,Calabria,Calabria,1947131,529962,27.22,0.14
2425,2021-01-20,CAL,1397,624,773,866,127,179,0,41,14,25,0,0,145,1396,1,ITF,ITF6,18,Calabria,Calabria,1947131,531359,27.29,0.07
2426,2021-02-22,CAL,1998,1014,984,729,231,166,5,32,7,678,33,3,114,1441,557,ITF,ITF6,18,Calabria,Calabria,1947131,533357,27.39,0.1
2427,2021-04-19,CAL,7698,3706,3992,291,132,63,156,244,1971,1172,3482,92,95,6080,1618,ITF,ITF6,18,Calabria,Calabria,1947131,541055,27.79,0.4
2428,2021-04-20,SAR,10693,4866,5827,143,97,75,31,3938,2448,2002,1891,6,62,7539,3154,ITG,ITG2,20,Sardegna,Sardegna,1639591,10693,0.65,0.65
2429,2021-03-29,SAR,4379,1546,2833,624,490,182,1411,22,117,1022,312,98,101,3791,588,ITG,ITG2,20,Sardegna,Sardegna,1639591,15072,0.92,0.27
2430,2021-01-02,SAR,60,21,39,60,0,0,0,0,0,0,0,0,0,60,0,ITG,ITG2,20,Sardegna,Sardegna,1639591,15132,0.92,0.0
2431,2021-03-09,SAR,5150,2371,2779,1057,567,287,310,9,32,2278,16,561,33,4421,729,ITG,ITG2,20,Sardegna,Sardegna,1639591,20282,1.24,0.31
2432,2021-03-15,SAR,2685,1216,1469,458,591,86,1019,7,10,325,8,170,11,2312,373,ITG,ITG2,20,Sardegna,Sardegna,1639591,22967,1.4,0.16
2433,2021-01-07,SAR,3111,1077,2034,2720,373,0,0,1,2,0,0,11,4,3111,0,ITG,ITG2,20,Sardegna,Sardegna,1639591,26078,1.59,0.19
2434,2021-04-23,SAR,12331,5513,6818,395,189,70,129,2221,1940,3408,3666,8,305,7221,5110,ITG,ITG2,20,Sardegna,Sardegna,1639591,38409,2.34,0.75
2435,2021-02-26,SAR,2800,1108,1692,1224,878,221,7,20,16,289,5,98,42,2494,306,ITG,ITG2,20,Sardegna,Sardegna,1639591,41209,2.51,0.17
2436,2021-02-05,SAR,1897,749,1148,1214,511,164,0,0,0,1,1,3,3,433,1464,ITG,ITG2,20,Sardegna,Sardegna,1639591,43106,2.63,0.12
2437,2021-02-23,SAR,1519,1010,509,602,387,89,0,7,6,16,0,374,38,1285,234,ITG,ITG2,20,Sardegna,Sardegna,1639591,44625,2.72,0.09
2438,2020-12-28,SAR,65,25,40,65,0,0,0,0,0,0,0,0,0,65,0,ITG,ITG2,20,Sardegna,Sardegna,1639591,44690,2.73,0.0
2439,2021-01-13,SAR,573,178,395,494,79,0,0,0,0,0,0,0,0,573,0,ITG,ITG2,20,Sardegna,Sardegna,1639591,45263,2.76,0.03
2440,2021-03-21,SAR,4030,1809,2221,64,240,1,575,14,56,2890,17,107,66,2590,1440,ITG,ITG2,20,Sardegna,Sardegna,1639591,49293,3.01,0.25
2441,2021-03-11,SAR,6035,2725,3310,1011,567,418,102,52,98,2957,120,643,67,4834,1201,ITG,ITG2,20,Sardegna,Sardegna,1639591,55328,3.37,0.37
2442,2021-03-18,SAR,7253,3069,4184,1078,315,354,63,55,639,4243,431,12,63,5650,1603,ITG,ITG2,20,Sardegna,Sardegna,1639591,62581,3.82,0.44
2443,2021-03-31,SAR,10136,4043,6093,396,575,230,1379,148,701,5003,1486,33,185,7689,2447,ITG,ITG2,20,Sardegna,Sardegna,1639591,72717,4.44,0.62
2444,2021-04-17,SAR,9902,4432,5470,299,90,108,24,1693,2689,3610,1214,3,172,5450,4452,ITG,ITG2,20,Sardegna,Sardegna,1639591,82619,5.04,0.6
2445,2021-01-29,SAR,2952,1067,1885,2581,366,3,0,0,0,0,0,0,2,48,2904,ITG,ITG2,20,Sardegna,Sardegna,1639591,85571,5.22,0.18
2446,2021-03-03,SAR,3834,2061,1773,1070,554,600,1,5,5,704,1,857,37,2607,1227,ITG,ITG2,20,Sardegna,Sardegna,1639591,89405,5.45,0.23
2447,2021-01-09,SAR,4026,1417,2609,3182,832,0,0,3,1,1,0,0,7,4026,0,ITG,ITG2,20,Sardegna,Sardegna,1639591,93431,5.7,0.25
2448,2021-03-01,SAR,2162,1055,1107,1137,341,141,1,8,19,104,10,391,10,1503,659,ITG,ITG2,20,Sardegna,Sardegna,1639591,95593,5.83,0.13
2449,2021-01-22,SAR,83,47,36,45,38,0,0,0,0,0,0,0,0,55,28,ITG,ITG2,20,Sardegna,Sardegna,1639591,95676,5.84,0.01
2450,2021-02-17,SAR,1406,576,830,689,338,313,0,1,0,0,1,33,31,1332,74,ITG,ITG2,20,Sardegna,Sardegna,1639591,97082,5.92,0.09
2451,2021-03-06,SAR,2639,1079,1560,1108,886,469,36,3,10,24,2,79,22,858,1781,ITG,ITG2,20,Sardegna,Sardegna,1639591,99721,6.08,0.16
2452,2021-02-16,SAR,700,289,411,376,211,112,0,0,0,0,0,0,1,673,27,ITG,ITG2,20,Sardegna,Sardegna,1639591,100421,6.12,0.04
2453,2021-04-22,SAR,10236,4524,5712,218,121,76,36,2579,1562,2887,2524,6,227,5391,4845,ITG,ITG2,20,Sardegna,Sardegna,1639591,110657,6.75,0.62
2454,2021-04-27,SAR,7518,3510,4008,163,65,51,42,527,869,1584,4079,2,136,5487,2031,ITG,ITG2,20,Sardegna,Sardegna,1639591,118175,7.21,0.46
2455,2021-03-10,SAR,6009,2917,3092,719,497,414,335,14,85,2986,29,902,28,5159,850,ITG,ITG2,20,Sardegna,Sardegna,1639591,124184,7.57,0.37
2456,2021-04-13,SAR,7585,3584,4001,216,62,45,15,486,3658,1491,1433,144,35,5761,1824,ITG,ITG2,20,Sardegna,Sardegna,1639591,131769,8.04,0.46
2457,2021-02-21,SAR,1589,710,879,67,28,59,0,0,7,1422,0,6,0,1559,30,ITG,ITG2,20,Sardegna,Sardegna,1639591,133358,8.13,0.1
2458,2021-02-28,SAR,368,169,199,245,76,47,0,0,0,0,0,0,0,142,226,ITG,ITG2,20,Sardegna,Sardegna,1639591,133726,8.16,0.02
2459,2021-01-26,SAR,1336,453,883,1296,39,0,1,0,0,0,0,0,0,27,1309,ITG,ITG2,20,Sardegna,Sardegna,1639591,135062,8.24,0.08
2460,2021-02-09,SAR,2286,837,1449,1308,471,497,1,4,0,1,2,0,2,1290,996,ITG,ITG2,20,Sardegna,Sardegna,1639591,137348,8.38,0.14
2461,2021-01-31,SAR,2121,750,1371,1544,555,0,0,6,0,1,1,0,14,48,2073,ITG,ITG2,20,Sardegna,Sardegna,1639591,139469,8.51,0.13
2462,2021-01-16,SAR,1492,525,967,1282,207,0,1,1,1,0,0,0,0,1492,0,ITG,ITG2,20,Sardegna,Sardegna,1639591,140961,8.6,0.09
2463,2021-04-25,SAR,3960,2029,1931,41,4,0,3,1250,855,594,1200,1,12,3445,515,ITG,ITG2,20,Sardegna,Sardegna,1639591,144921,8.84,0.24
2464,2021-02-24,SAR,2410,1292,1118,1193,521,301,0,6,2,7,0,366,14,2221,189,ITG,ITG2,20,Sardegna,Sardegna,1639591,147331,8.99,0.15
2465,2021-03-20,SAR,5193,2073,3120,696,307,127,855,19,91,2744,203,105,46,2916,2277,ITG,ITG2,20,Sardegna,Sardegna,1639591,152524,9.3,0.32
2466,2021-04-06,SAR,7435,3106,4329,657,252,226,456,102,1847,2833,588,35,439,5008,2427,ITG,ITG2,20,Sardegna,Sardegna,1639591,159959,9.76,0.45
2467,2021-03-28,SAR,4619,1814,2805,83,42,23,681,49,131,3276,216,13,105,4540,79,ITG,ITG2,20,Sardegna,Sardegna,1639591,164578,10.04,0.28
2468,2021-01-17,SAR,860,277,583,747,113,0,0,0,0,0,0,0,0,859,1,ITG,ITG2,20,Sardegna,Sardegna,1639591,165438,10.09,0.05
2469,2021-03-19,SAR,7262,3045,4217,1315,773,222,10,141,581,3507,325,247,141,5050,2212,ITG,ITG2,20,Sardegna,Sardegna,1639591,172700,10.53,0.44
2470,2021-04-01,SAR,10092,4021,6071,460,377,210,1257,169,896,4686,1534,203,300,7081,3011,ITG,ITG2,20,Sardegna,Sardegna,1639591,182792,11.15,0.62
2471,2021-04-26,SAR,6448,3094,3354,56,84,24,7,2306,1170,819,1943,4,35,5575,873,ITG,ITG2,20,Sardegna,Sardegna,1639591,189240,11.54,0.39
2472,2021-04-12,SAR,6950,3165,3785,88,83,44,11,599,2800,2202,997,30,96,5237,1713,ITG,ITG2,20,Sardegna,Sardegna,1639591,196190,11.97,0.42
2473,2021-03-05,SAR,5033,2443,2590,1694,1153,669,10,29,14,647,14,747,56,2681,2352,ITG,ITG2,20,Sardegna,Sardegna,1639591,201223,12.27,0.31
2474,2021-04-30,SAR,9389,4535,4854,374,160,13,203,757,896,1102,5417,334,133,5729,3660,ITG,ITG2,20,Sardegna,Sardegna,1639591,210612,12.85,0.57
2475,2021-03-08,SAR,4004,1786,2218,740,1027,650,153,8,8,854,46,505,13,2784,1220,ITG,ITG2,20,Sardegna,Sardegna,1639591,214616,13.09,0.24
2476,2021-01-11,SAR,1183,505,678,656,525,0,0,0,0,1,0,0,1,1183,0,ITG,ITG2,20,Sardegna,Sardegna,1639591,215799,13.16,0.07
2477,2021-01-25,SAR,588,212,376,553,34,0,0,0,0,0,0,0,1,22,566,ITG,ITG2,20,Sardegna,Sardegna,1639591,216387,13.2,0.04
2478,2021-04-09,SAR,12158,5390,6768,437,257,39,163,442,3510,4893,2162,37,218,7805,4353,ITG,ITG2,20,Sardegna,Sardegna,1639591,228545,13.94,0.74
2479,2021-02-12,SAR,2237,933,1304,986,720,501,0,4,0,1,4,0,21,2178,59,ITG,ITG2,20,Sardegna,Sardegna,1639591,230782,14.08,0.14
2480,2021-04-11,SAR,5389,2442,2947,62,16,1,20,26,3233,1860,150,9,12,4269,1120,ITG,ITG2,20,Sardegna,Sardegna,1639591,236171,14.4,0.33
2481,2021-01-15,SAR,1563,573,990,1170,384,0,0,0,0,0,6,3,0,1563,0,ITG,ITG2,20,Sardegna,Sardegna,1639591,237734,14.5,0.1
2482,2021-01-23,SAR,60,22,38,60,0,0,0,0,0,0,0,0,0,0,60,ITG,ITG2,20,Sardegna,Sardegna,1639591,237794,14.5,0.0
2483,2021-01-12,SAR,865,408,457,504,361,0,0,0,0,0,0,0,0,865,0,ITG,ITG2,20,Sardegna,Sardegna,1639591,238659,14.56,0.05
2484,2021-01-14,SAR,1105,426,679,885,220,0,0,0,0,0,0,0,0,1105,0,ITG,ITG2,20,Sardegna,Sardegna,1639591,239764,14.62,0.07
2485,2021-03-07,SAR,1657,750,907,323,230,78,2,4,1,1012,0,0,7,1117,540,ITG,ITG2,20,Sardegna,Sardegna,1639591,241421,14.72,0.1
2486,2021-03-02,SAR,2865,1459,1406,1067,608,381,2,8,10,324,1,461,3,1712,1153,ITG,ITG2,20,Sardegna,Sardegna,1639591,244286,14.9,0.17
2487,2021-02-11,SAR,1315,490,825,588,266,369,0,31,1,3,0,0,57,1204,111,ITG,ITG2,20,Sardegna,Sardegna,1639591,245601,14.98,0.08
2488,2021-04-07,SAR,13435,5961,7474,673,443,257,352,188,3336,5599,2342,72,173,7787,5648,ITG,ITG2,20,Sardegna,Sardegna,1639591,259036,15.8,0.82
2489,2021-04-14,SAR,8152,3857,4295,145,34,96,17,477,4874,831,1622,1,55,6920,1232,ITG,ITG2,20,Sardegna,Sardegna,1639591,267188,16.3,0.5
2490,2021-02-10,SAR,1959,765,1194,1169,299,488,1,0,1,0,0,0,1,1441,518,ITG,ITG2,20,Sardegna,Sardegna,1639591,269147,16.42,0.12
2491,2021-03-25,SAR,8790,3702,5088,815,312,189,1562,156,455,3870,947,343,141,7486,1304,ITG,ITG2,20,Sardegna,Sardegna,1639591,277937,16.95,0.54
2492,2021-02-20,SAR,2041,855,1186,484,150,195,1,2,4,1204,0,0,1,1707,334,ITG,ITG2,20,Sardegna,Sardegna,1639591,279978,17.08,0.12
2493,2021-02-15,SAR,958,349,609,440,231,279,0,2,0,0,3,0,3,927,31,ITG,ITG2,20,Sardegna,Sardegna,1639591,280936,17.13,0.06
2494,2021-03-13,SAR,2751,1072,1679,274,142,240,132,13,101,1765,22,44,18,2470,281,ITG,ITG2,20,Sardegna,Sardegna,1639591,283687,17.3,0.17
2495,2021-03-27,SAR,5711,2174,3537,331,322,217,1309,31,188,2634,507,83,89,5289,422,ITG,ITG2,20,Sardegna,Sardegna,1639591,289398,17.65,0.35
2496,2021-02-02,SAR,1482,655,827,988,475,0,0,0,0,0,0,0,19,241,1241,ITG,ITG2,20,Sardegna,Sardegna,1639591,290880,17.74,0.09
2497,2021-01-20,SAR,210,77,133,154,56,0,0,0,0,0,0,0,0,208,2,ITG,ITG2,20,Sardegna,Sardegna,1639591,291090,17.75,0.01
2498,2021-03-23,SAR,6142,2632,3510,1109,317,283,1140,34,166,2311,607,95,80,5064,1078,ITG,ITG2,20,Sardegna,Sardegna,1639591,297232,18.13,0.37
2499,2021-01-05,SAR,1327,446,881,1283,40,0,0,1,0,0,0,0,3,1327,0,ITG,ITG2,20,Sardegna,Sardegna,1639591,298559,18.21,0.08
2500,2021-04-03,SAR,4453,1717,2736,181,275,153,425,53,431,2607,209,23,96,2692,1761,ITG,ITG2,20,Sardegna,Sardegna,1639591,303012,18.48,0.27
2501,2020-12-27,SAR,65,34,31,65,0,0,0,0,0,0,0,0,0,65,0,ITG,ITG2,20,Sardegna,Sardegna,1639591,303077,18.48,0.0
2502,2021-04-18,SAR,5155,2239,2916,48,6,0,3,863,323,3472,418,11,11,2287,2868,ITG,ITG2,20,Sardegna,Sardegna,1639591,308232,18.8,0.31
2503,2021-01-27,SAR,1409,494,915,1304,103,0,0,0,0,0,0,0,2,79,1330,ITG,ITG2,20,Sardegna,Sardegna,1639591,309641,18.89,0.09
2504,2021-03-17,SAR,6552,2849,3703,1077,529,528,128,80,443,3341,367,5,54,4945,1607,ITG,ITG2,20,Sardegna,Sardegna,1639591,316193,19.28,0.4
2505,2021-04-24,SAR,10288,4820,5468,109,54,58,41,1956,1934,2243,3713,2,178,7961,2327,ITG,ITG2,20,Sardegna,Sardegna,1639591,326481,19.91,0.63
2506,2021-01-28,SAR,2968,1044,1924,2554,400,0,0,1,0,0,0,11,2,69,2899,ITG,ITG2,20,Sardegna,Sardegna,1639591,329449,20.09,0.18
2507,2021-01-10,SAR,2183,750,1433,1632,548,0,0,0,0,0,0,0,3,2183,0,ITG,ITG2,20,Sardegna,Sardegna,1639591,331632,20.23,0.13
2508,2021-03-14,SAR,606,376,230,34,210,0,12,2,1,251,0,87,9,606,0,ITG,ITG2,20,Sardegna,Sardegna,1639591,332238,20.26,0.04
2509,2021-04-21,SAR,12001,5537,6464,151,63,101,41,2750,1972,4290,2500,8,125,6526,5475,ITG,ITG2,20,Sardegna,Sardegna,1639591,344239,21.0,0.73
2510,2021-04-08,SAR,13416,5918,7498,715,198,77,288,393,2923,4977,3631,41,173,8298,5118,ITG,ITG2,20,Sardegna,Sardegna,1639591,357655,21.81,0.82
2511,2021-01-08,SAR,3258,1184,2074,2930,323,0,0,0,0,2,1,0,2,3258,0,ITG,ITG2,20,Sardegna,Sardegna,1639591,360913,22.01,0.2
2512,2021-02-18,SAR,1878,732,1146,1074,344,298,110,4,0,1,1,33,13,1814,64,ITG,ITG2,20,Sardegna,Sardegna,1639591,362791,22.13,0.11
2513,2021-02-27,SAR,1921,647,1274,1059,316,306,0,14,2,178,0,0,46,1366,555,ITG,ITG2,20,Sardegna,Sardegna,1639591,364712,22.24,0.12
2514,2021-04-04,SAR,1,0,1,0,0,0,0,0,0,1,0,0,0,0,1,ITG,ITG2,20,Sardegna,Sardegna,1639591,364713,22.24,0.0
2515,2021-02-04,SAR,2271,816,1455,1737,360,170,0,1,1,1,1,0,0,916,1355,ITG,ITG2,20,Sardegna,Sardegna,1639591,366984,22.38,0.14
2516,2021-02-19,SAR,1498,472,1026,677,390,388,0,4,4,1,13,1,20,1442,56,ITG,ITG2,20,Sardegna,Sardegna,1639591,368482,22.47,0.09
2517,2021-04-05,SAR,2032,783,1249,55,150,0,694,93,395,146,123,22,354,2031,1,ITG,ITG2,20,Sardegna,Sardegna,1639591,370514,22.6,0.12
2518,2020-12-29,SAR,57,32,25,56,1,0,0,0,0,0,0,0,0,57,0,ITG,ITG2,20,Sardegna,Sardegna,1639591,370571,22.6,0.0
2519,2021-03-16,SAR,4374,1949,2425,663,224,352,8,36,163,2549,337,1,41,3452,922,ITG,ITG2,20,Sardegna,Sardegna,1639591,374945,22.87,0.27
2520,2021-03-26,SAR,8085,3178,4907,845,567,414,1522,140,466,2760,1002,227,142,6560,1525,ITG,ITG2,20,Sardegna,Sardegna,1639591,383030,23.36,0.49
2521,2021-04-28,SAR,8402,3973,4429,111,87,49,11,1014,1408,2130,3504,4,84,4763,3639,ITG,ITG2,20,Sardegna,Sardegna,1639591,391432,23.87,0.51
2522,2021-02-14,SAR,539,263,276,286,188,57,0,1,0,3,0,0,4,537,2,ITG,ITG2,20,Sardegna,Sardegna,1639591,391971,23.91,0.03
2523,2021-01-06,SAR,1615,549,1066,1510,99,0,0,0,0,1,0,0,5,1615,0,ITG,ITG2,20,Sardegna,Sardegna,1639591,393586,24.01,0.1
2524,2021-02-25,SAR,2899,1255,1644,1474,611,466,9,6,2,242,2,74,13,2294,605,ITG,ITG2,20,Sardegna,Sardegna,1639591,396485,24.18,0.18
2525,2021-03-12,SAR,5756,2408,3348,1048,766,464,159,33,56,2573,84,468,105,4448,1308,ITG,ITG2,20,Sardegna,Sardegna,1639591,402241,24.53,0.35
2526,2021-01-04,SAR,591,217,374,565,20,0,0,0,0,1,0,0,5,591,0,ITG,ITG2,20,Sardegna,Sardegna,1639591,402832,24.57,0.04
2527,2020-12-31,SAR,32,16,16,28,4,0,0,0,0,0,0,0,0,32,0,ITG,ITG2,20,Sardegna,Sardegna,1639591,402864,24.57,0.0
2528,2021-02-01,SAR,1524,605,919,896,551,77,0,0,0,0,0,0,0,225,1299,ITG,ITG2,20,Sardegna,Sardegna,1639591,404388,24.66,0.09
2529,2021-01-19,SAR,747,270,477,423,163,160,1,0,0,0,0,0,0,692,55,ITG,ITG2,20,Sardegna,Sardegna,1639591,405135,24.71,0.05
2530,2021-02-07,SAR,1116,394,722,975,141,0,0,0,0,0,0,0,0,228,888,ITG,ITG2,20,Sardegna,Sardegna,1639591,406251,24.78,0.07
2531,2021-01-18,SAR,904,326,578,714,188,0,0,0,0,0,0,1,1,780,124,ITG,ITG2,20,Sardegna,Sardegna,1639591,407155,24.83,0.06
2532,2021-03-30,SAR,8581,3435,5146,651,514,237,1453,104,894,3360,1211,60,97,6309,2272,ITG,ITG2,20,Sardegna,Sardegna,1639591,415736,25.36,0.52
2533,2021-01-03,SAR,90,36,54,89,1,0,0,0,0,0,0,0,0,90,0,ITG,ITG2,20,Sardegna,Sardegna,1639591,415826,25.36,0.01
2534,2021-01-30,SAR,3862,1392,2470,2987,873,0,0,0,0,1,0,0,1,362,3500,ITG,ITG2,20,Sardegna,Sardegna,1639591,419688,25.6,0.24
2535,2021-01-21,SAR,126,60,66,60,66,0,0,0,0,0,0,0,0,94,32,ITG,ITG2,20,Sardegna,Sardegna,1639591,419814,25.6,0.01
2536,2021-02-03,SAR,1119,419,700,920,169,19,0,1,0,0,0,0,10,426,693,ITG,ITG2,20,Sardegna,Sardegna,1639591,420933,25.67,0.07
2537,2021-04-02,SAR,8973,3540,5433,533,693,177,1309,96,803,4208,920,71,163,5744,3229,ITG,ITG2,20,Sardegna,Sardegna,1639591,429906,26.22,0.55
2538,2021-04-16,SAR,14419,6484,7935,477,159,107,27,2160,4361,4305,2685,19,119,9077,5342,ITG,ITG2,20,Sardegna,Sardegna,1639591,444325,27.1,0.88
2539,2021-01-24,SAR,90,34,56,89,1,0,0,0,0,0,0,0,0,5,85,ITG,ITG2,20,Sardegna,Sardegna,1639591,444415,27.11,0.01
2540,2021-03-24,SAR,7277,2993,4284,739,254,397,1059,58,400,3162,784,330,94,5919,1358,ITG,ITG2,20,Sardegna,Sardegna,1639591,451692,27.55,0.44
2541,2021-03-22,SAR,3548,1362,2186,838,344,109,1136,15,42,784,153,105,22,3035,513,ITG,ITG2,20,Sardegna,Sardegna,1639591,455240,27.77,0.22
2542,2021-04-10,SAR,10319,4652,5667,153,110,11,218,590,4668,3600,801,11,157,8383,1936,ITG,ITG2,20,Sardegna,Sardegna,1639591,465559,28.39,0.63
2543,2021-02-06,SAR,1970,697,1273,1544,284,139,1,0,1,0,0,0,1,569,1401,ITG,ITG2,20,Sardegna,Sardegna,1639591,467529,28.51,0.12
2544,2021-02-13,SAR,1456,565,891,732,433,256,5,4,3,1,1,0,21,1454,2,ITG,ITG2,20,Sardegna,Sardegna,1639591,468985,28.6,0.09
2545,2021-02-08,SAR,1470,533,937,998,337,126,0,1,0,1,1,1,5,856,614,ITG,ITG2,20,Sardegna,Sardegna,1639591,470455,28.69,0.09
2546,2021-01-01,SAR,30,16,14,30,0,0,0,0,0,0,0,0,0,30,0,ITG,ITG2,20,Sardegna,Sardegna,1639591,470485,28.7,0.0
2547,2021-04-19,SAR,9858,4463,5395,186,75,88,43,3694,2969,1395,1371,6,31,8506,1352,ITG,ITG2,20,Sardegna,Sardegna,1639591,480343,29.3,0.6
2548,2021-03-04,SAR,4002,1953,2049,987,552,542,42,44,18,1153,1,581,82,2747,1255,ITG,ITG2,20,Sardegna,Sardegna,1639591,484345,29.54,0.24
2549,2021-02-22,SAR,1638,948,690,606,294,190,0,6,3,5,11,516,7,1410,228,ITG,ITG2,20,Sardegna,Sardegna,1639591,485983,29.64,0.1
2550,2021-04-15,SAR,11748,5496,6252,271,93,134,20,1054,3997,3873,2143,29,134,6798,4950,ITG,ITG2,20,Sardegna,Sardegna,1639591,497731,30.36,0.72
2551,2021-04-29,SAR,9428,4430,4998,227,93,54,21,915,1064,978,5971,5,100,5976,3452,ITG,ITG2,20,Sardegna,Sardegna,1639591,507159,30.93,0.58
