,data,area,Vaccinazioni giornaliere,sesso_maschile,sesso_femminile,prima_dose,seconda_dose,pregressa_infezione,codice_NUTS1,codice_NUTS2,codice_regione_ISTAT,nome_area,Regione,popolazione,Totale vaccinazioni,Totale vaccinazioni ogni cento ab,Vaccinazioni giornaliere ogni cento ab
0,2021-01-12,PUG,4222,1774,2448,4221,0,1,ITF,ITF4,16,Puglia,Puglia,4029053,4222,0.1,0.1
1,2021-04-07,PUG,15744,7149,8595,8838,6709,197,ITF,ITF4,16,Puglia,Puglia,4029053,19966,0.5,0.39
2,2021-07-16,PUG,46583,22609,23974,12948,32823,812,ITF,ITF4,16,Puglia,Puglia,4029053,66549,1.65,1.16
3,2021-02-07,PUG,1584,669,915,253,1331,0,ITF,ITF4,16,Puglia,Puglia,4029053,68133,1.69,0.04
4,2021-01-21,PUG,2132,905,1227,1268,862,2,ITF,ITF4,16,Puglia,Puglia,4029053,70265,1.74,0.05
5,2021-05-01,PUG,27709,12690,15019,16721,10707,281,ITF,ITF4,16,Puglia,Puglia,4029053,97974,2.43,0.69
6,2021-08-09,PUG,27893,14357,13536,11228,15795,870,ITF,ITF4,16,Puglia,Puglia,4029053,125867,3.12,0.69
7,2021-01-02,PUG,2958,1306,1652,2958,0,0,ITF,ITF4,16,Puglia,Puglia,4029053,128825,3.2,0.07
8,2021-04-12,PUG,29491,13871,15620,26151,3023,317,ITF,ITF4,16,Puglia,Puglia,4029053,158316,3.93,0.73
9,2021-04-19,PUG,27764,12900,14864,24379,3047,338,ITF,ITF4,16,Puglia,Puglia,4029053,186080,4.62,0.69
10,2021-07-28,PUG,45342,22925,22417,14700,29750,892,ITF,ITF4,16,Puglia,Puglia,4029053,231422,5.74,1.13
11,2021-04-24,PUG,29460,13422,16038,25171,3954,335,ITF,ITF4,16,Puglia,Puglia,4029053,260882,6.48,0.73
12,2021-03-05,PUG,17736,7199,10537,15198,2317,221,ITF,ITF4,16,Puglia,Puglia,4029053,278618,6.92,0.44
13,2021-02-26,PUG,13801,5069,8732,12525,1079,197,ITF,ITF4,16,Puglia,Puglia,4029053,292419,7.26,0.34
14,2020-12-31,PUG,1638,785,853,1638,0,0,ITF,ITF4,16,Puglia,Puglia,4029053,294057,7.3,0.04
15,2021-08-11,PUG,23831,12248,11583,12058,10759,1014,ITF,ITF4,16,Puglia,Puglia,4029053,317888,7.89,0.59
16,2021-06-15,PUG,42731,20891,21840,22387,19751,593,ITF,ITF4,16,Puglia,Puglia,4029053,360619,8.95,1.06
17,2021-06-08,PUG,39396,19185,20211,20960,17874,562,ITF,ITF4,16,Puglia,Puglia,4029053,400015,9.93,0.98
18,2021-04-05,PUG,12777,6205,6572,12103,533,141,ITF,ITF4,16,Puglia,Puglia,4029053,412792,10.25,0.32
19,2021-03-19,PUG,7995,3670,4325,3368,4591,36,ITF,ITF4,16,Puglia,Puglia,4029053,420787,10.44,0.2
20,2021-06-27,PUG,18574,9225,9349,9959,8350,265,ITF,ITF4,16,Puglia,Puglia,4029053,439361,10.9,0.46
21,2021-02-21,PUG,2179,475,1704,2065,63,51,ITF,ITF4,16,Puglia,Puglia,4029053,441540,10.96,0.05
22,2021-06-01,PUG,35047,17556,17491,21648,13002,397,ITF,ITF4,16,Puglia,Puglia,4029053,476587,11.83,0.87
23,2021-05-15,PUG,43714,19036,24678,22837,20166,711,ITF,ITF4,16,Puglia,Puglia,4029053,520301,12.91,1.08
24,2021-06-03,PUG,50698,24594,26104,30539,19434,725,ITF,ITF4,16,Puglia,Puglia,4029053,570999,14.17,1.26
25,2021-03-10,PUG,14857,6645,8212,11560,3137,160,ITF,ITF4,16,Puglia,Puglia,4029053,585856,14.54,0.37
26,2021-02-09,PUG,3854,1575,2279,2158,1676,20,ITF,ITF4,16,Puglia,Puglia,4029053,589710,14.64,0.1
27,2021-05-20,PUG,33729,15309,18420,20766,12446,517,ITF,ITF4,16,Puglia,Puglia,4029053,623439,15.47,0.84
28,2021-03-24,PUG,13621,6538,7083,6047,7454,120,ITF,ITF4,16,Puglia,Puglia,4029053,637060,15.81,0.34
29,2021-08-28,PUG,5693,3110,2583,2003,3502,188,ITF,ITF4,16,Puglia,Puglia,4029053,642753,15.95,0.14
30,2021-01-26,PUG,5380,2407,2973,563,4816,1,ITF,ITF4,16,Puglia,Puglia,4029053,648133,16.09,0.13
31,2021-07-02,PUG,47451,22559,24892,17369,29157,925,ITF,ITF4,16,Puglia,Puglia,4029053,695584,17.26,1.18
32,2021-01-14,PUG,4081,1595,2486,4080,0,1,ITF,ITF4,16,Puglia,Puglia,4029053,699665,17.37,0.1
33,2021-01-07,PUG,5734,2468,3266,5734,0,0,ITF,ITF4,16,Puglia,Puglia,4029053,705399,17.51,0.14
34,2021-04-17,PUG,40094,19002,21092,36081,3590,423,ITF,ITF4,16,Puglia,Puglia,4029053,745493,18.5,1.0
35,2021-02-19,PUG,4750,2020,2730,4302,393,55,ITF,ITF4,16,Puglia,Puglia,4029053,750243,18.62,0.12
36,2021-06-22,PUG,42555,20647,21908,19062,22922,571,ITF,ITF4,16,Puglia,Puglia,4029053,792798,19.68,1.06
37,2021-04-26,PUG,26359,12080,14279,22729,3239,391,ITF,ITF4,16,Puglia,Puglia,4029053,819157,20.33,0.65
38,2021-08-04,PUG,35221,17939,17282,12384,21770,1067,ITF,ITF4,16,Puglia,Puglia,4029053,854378,21.21,0.87
39,2021-02-14,PUG,790,348,442,658,127,5,ITF,ITF4,16,Puglia,Puglia,4029053,855168,21.23,0.02
40,2021-05-25,PUG,34840,16267,18573,20582,13672,586,ITF,ITF4,16,Puglia,Puglia,4029053,890008,22.09,0.86
41,2021-05-08,PUG,54475,23060,31415,23965,29943,567,ITF,ITF4,16,Puglia,Puglia,4029053,944483,23.44,1.35
42,2021-08-16,PUG,12042,6385,5657,7043,4359,640,ITF,ITF4,16,Puglia,Puglia,4029053,956525,23.74,0.3
43,2021-05-06,PUG,39778,17400,22378,19304,19913,561,ITF,ITF4,16,Puglia,Puglia,4029053,996303,24.73,0.99
44,2021-03-31,PUG,14584,6837,7747,8843,5590,151,ITF,ITF4,16,Puglia,Puglia,4029053,1010887,25.09,0.36
45,2021-02-02,PUG,4363,1856,2507,574,3788,1,ITF,ITF4,16,Puglia,Puglia,4029053,1015250,25.2,0.11
46,2021-03-29,PUG,13582,6629,6953,6615,6768,199,ITF,ITF4,16,Puglia,Puglia,4029053,1028832,25.54,0.34
47,2021-03-12,PUG,14320,6457,7863,10231,3947,142,ITF,ITF4,16,Puglia,Puglia,4029053,1043152,25.89,0.36
48,2021-06-20,PUG,21618,10863,10755,14064,7228,326,ITF,ITF4,16,Puglia,Puglia,4029053,1064770,26.43,0.54
49,2021-02-04,PUG,5938,2367,3571,1134,4801,3,ITF,ITF4,16,Puglia,Puglia,4029053,1070708,26.57,0.15
50,2021-07-21,PUG,45042,22205,22837,11885,32312,845,ITF,ITF4,16,Puglia,Puglia,4029053,1115750,27.69,1.12
51,2021-07-04,PUG,19944,9699,10245,7936,11722,286,ITF,ITF4,16,Puglia,Puglia,4029053,1135694,28.19,0.5
52,2021-07-23,PUG,43318,21917,21401,13636,28705,977,ITF,ITF4,16,Puglia,Puglia,4029053,1179012,29.26,1.08
53,2021-01-19,PUG,1221,452,769,1210,10,1,ITF,ITF4,16,Puglia,Puglia,4029053,1180233,29.29,0.03
54,2021-06-13,PUG,21880,10959,10921,16369,5225,286,ITF,ITF4,16,Puglia,Puglia,4029053,1202113,29.84,0.54
55,2021-02-28,PUG,6078,1811,4267,5811,191,76,ITF,ITF4,16,Puglia,Puglia,4029053,1208191,29.99,0.15
56,2021-05-12,PUG,36655,16346,20309,23526,12544,585,ITF,ITF4,16,Puglia,Puglia,4029053,1244846,30.9,0.91
57,2021-07-30,PUG,36370,18684,17686,13115,22375,880,ITF,ITF4,16,Puglia,Puglia,4029053,1281216,31.8,0.9
58,2021-05-27,PUG,41019,19388,21631,22904,17438,677,ITF,ITF4,16,Puglia,Puglia,4029053,1322235,32.82,1.02
59,2021-08-18,PUG,20124,10651,9473,10664,8536,924,ITF,ITF4,16,Puglia,Puglia,4029053,1342359,33.32,0.5
60,2021-03-16,PUG,9890,4694,5196,3452,6380,58,ITF,ITF4,16,Puglia,Puglia,4029053,1352249,33.56,0.25
61,2021-06-24,PUG,53016,25651,27365,23589,28638,789,ITF,ITF4,16,Puglia,Puglia,4029053,1405265,34.88,1.32
62,2021-04-28,PUG,19887,8919,10968,14832,4791,264,ITF,ITF4,16,Puglia,Puglia,4029053,1425152,35.37,0.49
63,2021-08-06,PUG,30274,15738,14536,9059,20454,761,ITF,ITF4,16,Puglia,Puglia,4029053,1455426,36.12,0.75
64,2021-01-09,PUG,4899,2252,2647,4895,0,4,ITF,ITF4,16,Puglia,Puglia,4029053,1460325,36.24,0.12
65,2021-07-01,PUG,48515,22715,25800,11451,36430,634,ITF,ITF4,16,Puglia,Puglia,4029053,1508840,37.45,1.2
66,2021-06-12,PUG,34659,17273,17386,25081,8983,595,ITF,ITF4,16,Puglia,Puglia,4029053,1543499,38.31,0.86
67,2021-07-11,PUG,12185,5760,6425,2574,9513,98,ITF,ITF4,16,Puglia,Puglia,4029053,1555684,38.61,0.3
68,2021-08-23,PUG,30239,15638,14601,10614,18733,892,ITF,ITF4,16,Puglia,Puglia,4029053,1585923,39.36,0.75
69,2021-05-17,PUG,32979,15292,17687,20471,12007,501,ITF,ITF4,16,Puglia,Puglia,4029053,1618902,40.18,0.82
70,2021-08-25,PUG,25313,13260,12053,10138,14237,938,ITF,ITF4,16,Puglia,Puglia,4029053,1644215,40.81,0.63
71,2021-08-08,PUG,5119,2601,2518,1659,3410,50,ITF,ITF4,16,Puglia,Puglia,4029053,1649334,40.94,0.13
72,2021-08-27,PUG,23758,12437,11321,9895,12920,943,ITF,ITF4,16,Puglia,Puglia,4029053,1673092,41.53,0.59
73,2021-07-08,PUG,41608,19296,22312,5436,35714,458,ITF,ITF4,16,Puglia,Puglia,4029053,1714700,42.56,1.03
74,2021-01-04,PUG,4513,2016,2497,4511,0,2,ITF,ITF4,16,Puglia,Puglia,4029053,1719213,42.67,0.11
75,2021-03-02,PUG,16425,6105,10320,14870,1310,245,ITF,ITF4,16,Puglia,Puglia,4029053,1735638,43.08,0.41
76,2021-06-10,PUG,47265,23241,24024,29410,17136,719,ITF,ITF4,16,Puglia,Puglia,4029053,1782903,44.25,1.17
77,2021-04-04,PUG,5998,2977,3021,5909,7,82,ITF,ITF4,16,Puglia,Puglia,4029053,1788901,44.4,0.15
78,2021-07-13,PUG,48843,23031,25812,7794,40464,585,ITF,ITF4,16,Puglia,Puglia,4029053,1837744,45.61,1.21
79,2021-03-21,PUG,2697,1227,1470,578,2107,12,ITF,ITF4,16,Puglia,Puglia,4029053,1840441,45.68,0.07
80,2021-06-29,PUG,46728,22411,24317,15363,30672,693,ITF,ITF4,16,Puglia,Puglia,4029053,1887169,46.84,1.16
81,2021-08-20,PUG,17811,9257,8554,8125,8945,741,ITF,ITF4,16,Puglia,Puglia,4029053,1904980,47.28,0.44
82,2021-01-23,PUG,3043,1294,1749,881,2161,1,ITF,ITF4,16,Puglia,Puglia,4029053,1908023,47.36,0.08
83,2021-05-03,PUG,33425,14940,18485,22164,10696,565,ITF,ITF4,16,Puglia,Puglia,4029053,1941448,48.19,0.83
84,2021-03-07,PUG,4995,2007,2988,4372,578,45,ITF,ITF4,16,Puglia,Puglia,4029053,1946443,48.31,0.12
85,2021-03-14,PUG,3381,1465,1916,2474,867,40,ITF,ITF4,16,Puglia,Puglia,4029053,1949824,48.39,0.08
86,2021-01-16,PUG,2508,1035,1473,2507,0,1,ITF,ITF4,16,Puglia,Puglia,4029053,1952332,48.46,0.06
87,2021-02-23,PUG,9399,4432,4967,8811,496,92,ITF,ITF4,16,Puglia,Puglia,4029053,1961731,48.69,0.23
88,2021-03-26,PUG,12039,5862,6177,7221,4678,140,ITF,ITF4,16,Puglia,Puglia,4029053,1973770,48.99,0.3
89,2021-03-09,PUG,13694,6124,7570,11492,2018,184,ITF,ITF4,16,Puglia,Puglia,4029053,1987464,49.33,0.34
90,2021-04-14,PUG,32066,15127,16939,28456,3304,306,ITF,ITF4,16,Puglia,Puglia,4029053,2019530,50.12,0.8
91,2021-03-28,PUG,3550,1659,1891,1179,2336,35,ITF,ITF4,16,Puglia,Puglia,4029053,2023080,50.21,0.09
92,2021-07-06,PUG,42437,19541,22896,6110,35910,417,ITF,ITF4,16,Puglia,Puglia,4029053,2065517,51.27,1.05
93,2021-06-19,PUG,34826,17467,17359,22224,11948,654,ITF,ITF4,16,Puglia,Puglia,4029053,2100343,52.13,0.86
94,2021-06-21,PUG,41944,20455,21489,21460,19847,637,ITF,ITF4,16,Puglia,Puglia,4029053,2142287,53.17,1.04
95,2021-01-28,PUG,5489,2286,3203,441,5048,0,ITF,ITF4,16,Puglia,Puglia,4029053,2147776,53.31,0.14
96,2021-08-15,PUG,55,34,21,55,0,0,ITF,ITF4,16,Puglia,Puglia,4029053,2147831,53.31,0.0
97,2021-04-23,PUG,29623,13770,15853,23920,5288,415,ITF,ITF4,16,Puglia,Puglia,4029053,2177454,54.04,0.74
98,2021-08-01,PUG,12413,6501,5912,4310,7980,123,ITF,ITF4,16,Puglia,Puglia,4029053,2189867,54.35,0.31
99,2021-05-05,PUG,39358,17280,22078,24507,14261,590,ITF,ITF4,16,Puglia,Puglia,4029053,2229225,55.33,0.98
100,2021-08-13,PUG,13758,7314,6444,7270,5898,590,ITF,ITF4,16,Puglia,Puglia,4029053,2242983,55.67,0.34
101,2021-06-17,PUG,42955,20991,21964,21405,20988,562,ITF,ITF4,16,Puglia,Puglia,4029053,2285938,56.74,1.07
102,2021-03-30,PUG,12450,5969,6481,6196,6099,155,ITF,ITF4,16,Puglia,Puglia,4029053,2298388,57.05,0.31
103,2021-02-01,PUG,3979,1667,2312,353,3625,1,ITF,ITF4,16,Puglia,Puglia,4029053,2302367,57.14,0.1
104,2021-01-11,PUG,3758,1592,2166,3757,0,1,ITF,ITF4,16,Puglia,Puglia,4029053,2306125,57.24,0.09
105,2021-04-21,PUG,23173,10700,12473,19127,3746,300,ITF,ITF4,16,Puglia,Puglia,4029053,2329298,57.81,0.58
106,2021-05-24,PUG,36222,17089,19133,24509,11101,612,ITF,ITF4,16,Puglia,Puglia,4029053,2365520,58.71,0.9
107,2021-09-01,PUG,22754,11838,10916,8686,13149,919,ITF,ITF4,16,Puglia,Puglia,4029053,2388274,59.28,0.56
108,2021-02-16,PUG,3392,1456,1936,2712,649,31,ITF,ITF4,16,Puglia,Puglia,4029053,2391666,59.36,0.08
109,2021-01-30,PUG,5541,2516,3025,380,5160,1,ITF,ITF4,16,Puglia,Puglia,4029053,2397207,59.5,0.14
110,2021-05-10,PUG,37924,16763,21161,19318,18104,502,ITF,ITF4,16,Puglia,Puglia,4029053,2435131,60.44,0.94
111,2021-08-17,PUG,19908,10330,9578,9249,9961,698,ITF,ITF4,16,Puglia,Puglia,4029053,2455039,60.93,0.49
112,2021-05-21,PUG,39255,18647,20608,28276,10185,794,ITF,ITF4,16,Puglia,Puglia,4029053,2494294,61.91,0.97
113,2021-08-31,PUG,24021,12377,11644,8073,15122,826,ITF,ITF4,16,Puglia,Puglia,4029053,2518315,62.5,0.6
114,2021-05-19,PUG,26498,12809,13689,19565,6498,435,ITF,ITF4,16,Puglia,Puglia,4029053,2544813,63.16,0.66
115,2021-03-23,PUG,11159,5666,5493,4532,6532,95,ITF,ITF4,16,Puglia,Puglia,4029053,2555972,63.44,0.28
116,2021-08-30,PUG,27890,14511,13379,11389,15477,1024,ITF,ITF4,16,Puglia,Puglia,4029053,2583862,64.13,0.69
117,2021-01-31,PUG,1824,835,989,74,1750,0,ITF,ITF4,16,Puglia,Puglia,4029053,2585686,64.18,0.05
118,2021-05-29,PUG,30695,14468,16227,20604,9545,546,ITF,ITF4,16,Puglia,Puglia,4029053,2616381,64.94,0.76
119,2021-04-02,PUG,12867,6011,6856,8187,4530,150,ITF,ITF4,16,Puglia,Puglia,4029053,2629248,65.26,0.32
120,2021-08-24,PUG,25035,12812,12223,9283,14928,824,ITF,ITF4,16,Puglia,Puglia,4029053,2654283,65.88,0.62
121,2021-01-18,PUG,1848,772,1076,1496,351,1,ITF,ITF4,16,Puglia,Puglia,4029053,2656131,65.92,0.05
122,2021-02-06,PUG,4556,1935,2621,1578,2963,15,ITF,ITF4,16,Puglia,Puglia,4029053,2660687,66.04,0.11
123,2021-01-20,PUG,1547,541,1006,1537,8,2,ITF,ITF4,16,Puglia,Puglia,4029053,2662234,66.08,0.04
124,2021-04-30,PUG,35044,15705,19339,22472,12006,566,ITF,ITF4,16,Puglia,Puglia,4029053,2697278,66.95,0.87
125,2021-04-13,PUG,28790,13656,15134,24936,3539,315,ITF,ITF4,16,Puglia,Puglia,4029053,2726068,67.66,0.71
126,2021-07-22,PUG,47634,23621,24013,8488,38460,686,ITF,ITF4,16,Puglia,Puglia,4029053,2773702,68.84,1.18
127,2021-07-05,PUG,38953,18279,20674,7246,31155,552,ITF,ITF4,16,Puglia,Puglia,4029053,2812655,69.81,0.97
128,2021-07-17,PUG,30851,15488,15363,9540,20682,629,ITF,ITF4,16,Puglia,Puglia,4029053,2843506,70.58,0.77
129,2021-05-14,PUG,45106,20616,24490,28015,16233,858,ITF,ITF4,16,Puglia,Puglia,4029053,2888612,71.69,1.12
130,2021-08-22,PUG,1474,768,706,531,920,23,ITF,ITF4,16,Puglia,Puglia,4029053,2890086,71.73,0.04
131,2021-02-13,PUG,3732,1461,2271,3020,696,16,ITF,ITF4,16,Puglia,Puglia,4029053,2893818,71.82,0.09
132,2021-06-28,PUG,48730,23636,25094,21666,26267,797,ITF,ITF4,16,Puglia,Puglia,4029053,2942548,73.03,1.21
133,2021-03-18,PUG,9625,4375,5250,3345,6214,66,ITF,ITF4,16,Puglia,Puglia,4029053,2952173,73.27,0.24
134,2021-06-26,PUG,32467,16353,16114,15901,15998,568,ITF,ITF4,16,Puglia,Puglia,4029053,2984640,74.08,0.81
135,2021-03-04,PUG,15395,6116,9279,13725,1440,230,ITF,ITF4,16,Puglia,Puglia,4029053,3000035,74.46,0.38
136,2021-06-09,PUG,42009,20802,21207,29979,11322,708,ITF,ITF4,16,Puglia,Puglia,4029053,3042044,75.5,1.04
137,2021-02-15,PUG,3267,1271,1996,2600,622,45,ITF,ITF4,16,Puglia,Puglia,4029053,3045311,75.58,0.08
138,2021-03-25,PUG,11778,6038,5740,5257,6420,101,ITF,ITF4,16,Puglia,Puglia,4029053,3057089,75.88,0.29
139,2021-08-29,PUG,1282,663,619,421,833,28,ITF,ITF4,16,Puglia,Puglia,4029053,3058371,75.91,0.03
140,2021-07-03,PUG,33301,16685,16616,13467,19333,501,ITF,ITF4,16,Puglia,Puglia,4029053,3091672,76.73,0.83
141,2021-02-08,PUG,4011,1622,2389,1583,2413,15,ITF,ITF4,16,Puglia,Puglia,4029053,3095683,76.83,0.1
142,2021-04-16,PUG,36148,16993,19155,32429,3288,431,ITF,ITF4,16,Puglia,Puglia,4029053,3131831,77.73,0.9
143,2021-02-18,PUG,4389,1849,2540,3719,610,60,ITF,ITF4,16,Puglia,Puglia,4029053,3136220,77.84,0.11
144,2021-07-25,PUG,14316,7403,6913,4279,9833,204,ITF,ITF4,16,Puglia,Puglia,4029053,3150536,78.2,0.36
145,2021-04-09,PUG,22117,9533,12584,17085,4645,387,ITF,ITF4,16,Puglia,Puglia,4029053,3172653,78.74,0.55
146,2021-02-11,PUG,3699,1401,2298,2392,1279,28,ITF,ITF4,16,Puglia,Puglia,4029053,3176352,78.84,0.09
147,2021-07-18,PUG,18844,9651,9193,6207,12300,337,ITF,ITF4,16,Puglia,Puglia,4029053,3195196,79.3,0.47
148,2021-01-25,PUG,3837,1685,2152,424,3412,1,ITF,ITF4,16,Puglia,Puglia,4029053,3199033,79.4,0.1
149,2021-07-10,PUG,22406,11034,11372,4463,17647,296,ITF,ITF4,16,Puglia,Puglia,4029053,3221439,79.96,0.56
150,2021-03-11,PUG,14862,6602,8260,11464,3194,204,ITF,ITF4,16,Puglia,Puglia,4029053,3236301,80.32,0.37
151,2021-06-02,PUG,27101,13249,13852,21903,4841,357,ITF,ITF4,16,Puglia,Puglia,4029053,3263402,81.0,0.67
152,2021-03-13,PUG,10484,4141,6343,8570,1817,97,ITF,ITF4,16,Puglia,Puglia,4029053,3273886,81.26,0.26
153,2021-02-24,PUG,10068,4718,5350,9372,597,99,ITF,ITF4,16,Puglia,Puglia,4029053,3283954,81.51,0.25
154,2021-06-04,PUG,52881,25588,27293,34201,17850,830,ITF,ITF4,16,Puglia,Puglia,4029053,3336835,82.82,1.31
155,2021-05-18,PUG,28983,13483,15500,15794,12907,282,ITF,ITF4,16,Puglia,Puglia,4029053,3365818,83.54,0.72
156,2021-05-02,PUG,21363,9679,11684,13903,7280,180,ITF,ITF4,16,Puglia,Puglia,4029053,3387181,84.07,0.53
157,2021-08-10,PUG,27125,14090,13035,13939,12024,1162,ITF,ITF4,16,Puglia,Puglia,4029053,3414306,84.74,0.67
158,2021-07-24,PUG,26749,13877,12872,8002,18274,473,ITF,ITF4,16,Puglia,Puglia,4029053,3441055,85.41,0.66
159,2021-06-18,PUG,47898,23575,24323,28881,18091,926,ITF,ITF4,16,Puglia,Puglia,4029053,3488953,86.59,1.19
160,2021-05-26,PUG,38736,18609,20127,26241,11839,656,ITF,ITF4,16,Puglia,Puglia,4029053,3527689,87.56,0.96
161,2021-01-27,PUG,4605,1944,2661,617,3988,0,ITF,ITF4,16,Puglia,Puglia,4029053,3532294,87.67,0.11
162,2021-05-07,PUG,50260,22429,27831,25975,23688,597,ITF,ITF4,16,Puglia,Puglia,4029053,3582554,88.92,1.25
163,2021-07-29,PUG,42992,21730,21262,12259,29934,799,ITF,ITF4,16,Puglia,Puglia,4029053,3625546,89.99,1.07
164,2021-01-13,PUG,4554,1733,2821,4553,0,1,ITF,ITF4,16,Puglia,Puglia,4029053,3630100,90.1,0.11
165,2021-04-06,PUG,13869,6266,7603,6926,6773,170,ITF,ITF4,16,Puglia,Puglia,4029053,3643969,90.44,0.34
166,2021-07-15,PUG,44887,21720,23167,8880,35330,677,ITF,ITF4,16,Puglia,Puglia,4029053,3688856,91.56,1.11
167,2021-05-09,PUG,30845,12661,18184,14795,15677,373,ITF,ITF4,16,Puglia,Puglia,4029053,3719701,92.32,0.77
168,2021-04-22,PUG,23072,10558,12514,17741,4946,385,ITF,ITF4,16,Puglia,Puglia,4029053,3742773,92.89,0.57
169,2021-07-31,PUG,19989,10621,9368,7887,11622,480,ITF,ITF4,16,Puglia,Puglia,4029053,3762762,93.39,0.5
170,2021-02-10,PUG,3659,1443,2216,2126,1513,20,ITF,ITF4,16,Puglia,Puglia,4029053,3766421,93.48,0.09
171,2021-05-23,PUG,17976,8406,9570,13877,3838,261,ITF,ITF4,16,Puglia,Puglia,4029053,3784397,93.93,0.45
172,2021-02-17,PUG,4297,1754,2543,3617,640,40,ITF,ITF4,16,Puglia,Puglia,4029053,3788694,94.03,0.11
173,2021-05-28,PUG,44139,20899,23240,27435,15902,802,ITF,ITF4,16,Puglia,Puglia,4029053,3832833,95.13,1.1
174,2021-04-08,PUG,17529,7613,9916,11117,6197,215,ITF,ITF4,16,Puglia,Puglia,4029053,3850362,95.56,0.44
175,2021-06-06,PUG,30766,15498,15268,25376,5069,321,ITF,ITF4,16,Puglia,Puglia,4029053,3881128,96.33,0.76
176,2021-04-10,PUG,30959,13131,17828,26111,4464,384,ITF,ITF4,16,Puglia,Puglia,4029053,3912087,97.1,0.77
177,2021-07-19,PUG,49550,24348,25202,10957,37830,763,ITF,ITF4,16,Puglia,Puglia,4029053,3961637,98.33,1.23
178,2021-08-26,PUG,20177,10409,9768,8623,10681,873,ITF,ITF4,16,Puglia,Puglia,4029053,3981814,98.83,0.5
179,2021-04-29,PUG,26323,12173,14150,19191,6705,427,ITF,ITF4,16,Puglia,Puglia,4029053,4008137,99.48,0.65
180,2021-08-07,PUG,10086,5326,4760,3541,6248,297,ITF,ITF4,16,Puglia,Puglia,4029053,4018223,99.73,0.25
181,2021-05-22,PUG,34780,15920,18860,23651,10583,546,ITF,ITF4,16,Puglia,Puglia,4029053,4053003,100.59,0.86
182,2021-02-25,PUG,11997,5071,6926,10677,1183,137,ITF,ITF4,16,Puglia,Puglia,4029053,4065000,100.89,0.3
183,2021-06-05,PUG,42674,20900,21774,29194,12759,721,ITF,ITF4,16,Puglia,Puglia,4029053,4107674,101.95,1.06
184,2021-01-03,PUG,2010,945,1065,2009,0,1,ITF,ITF4,16,Puglia,Puglia,4029053,4109684,102.0,0.05
185,2021-03-27,PUG,12183,5724,6459,6881,5190,112,ITF,ITF4,16,Puglia,Puglia,4029053,4121867,102.3,0.3
186,2021-01-05,PUG,5116,2255,2861,5113,0,3,ITF,ITF4,16,Puglia,Puglia,4029053,4126983,102.43,0.13
187,2021-02-12,PUG,4216,1673,2543,3098,1094,24,ITF,ITF4,16,Puglia,Puglia,4029053,4131199,102.54,0.1
188,2021-01-29,PUG,6216,2670,3546,220,5996,0,ITF,ITF4,16,Puglia,Puglia,4029053,4137415,102.69,0.15
189,2021-03-20,PUG,8441,3891,4550,3769,4626,46,ITF,ITF4,16,Puglia,Puglia,4029053,4145856,102.9,0.21
190,2021-03-03,PUG,16825,6827,9998,14733,1940,152,ITF,ITF4,16,Puglia,Puglia,4029053,4162681,103.32,0.42
191,2021-06-11,PUG,48035,23496,24539,33016,14110,909,ITF,ITF4,16,Puglia,Puglia,4029053,4210716,104.51,1.19
192,2021-07-26,PUG,47965,23939,24026,17111,29929,925,ITF,ITF4,16,Puglia,Puglia,4029053,4258681,105.7,1.19
193,2021-05-30,PUG,21062,10078,10984,15729,5076,257,ITF,ITF4,16,Puglia,Puglia,4029053,4279743,106.22,0.52
194,2021-04-01,PUG,13983,6573,7410,7383,6382,218,ITF,ITF4,16,Puglia,Puglia,4029053,4293726,106.57,0.35
195,2021-02-03,PUG,5055,2008,3047,705,4349,1,ITF,ITF4,16,Puglia,Puglia,4029053,4298781,106.69,0.13
196,2021-07-12,PUG,45797,21620,24177,12742,32302,753,ITF,ITF4,16,Puglia,Puglia,4029053,4344578,107.83,1.14
197,2021-02-22,PUG,9652,4538,5114,9227,336,89,ITF,ITF4,16,Puglia,Puglia,4029053,4354230,108.07,0.24
198,2021-02-05,PUG,5650,2277,3373,1311,4334,5,ITF,ITF4,16,Puglia,Puglia,4029053,4359880,108.21,0.14
199,2021-05-16,PUG,24645,11117,13528,12468,11952,225,ITF,ITF4,16,Puglia,Puglia,4029053,4384525,108.82,0.61
200,2021-08-05,PUG,34320,17254,17066,9412,24027,881,ITF,ITF4,16,Puglia,Puglia,4029053,4418845,109.67,0.85
201,2021-01-06,PUG,3963,1679,2284,3962,0,1,ITF,ITF4,16,Puglia,Puglia,4029053,4422808,109.77,0.1
202,2021-08-12,PUG,19399,10312,9087,10939,7550,910,ITF,ITF4,16,Puglia,Puglia,4029053,4442207,110.25,0.48
203,2021-04-03,PUG,10586,4661,5925,6817,3576,193,ITF,ITF4,16,Puglia,Puglia,4029053,4452793,110.52,0.26
204,2021-07-14,PUG,46264,22195,24069,13374,32055,835,ITF,ITF4,16,Puglia,Puglia,4029053,4499057,111.67,1.15
205,2021-08-02,PUG,39688,20118,19570,14162,24297,1229,ITF,ITF4,16,Puglia,Puglia,4029053,4538745,112.65,0.99
206,2021-03-01,PUG,15133,5882,9251,13595,1385,153,ITF,ITF4,16,Puglia,Puglia,4029053,4553878,113.03,0.38
207,2021-04-15,PUG,32783,15298,17485,28600,3782,401,ITF,ITF4,16,Puglia,Puglia,4029053,4586661,113.84,0.81
208,2021-07-07,PUG,38767,18560,20207,6094,32164,509,ITF,ITF4,16,Puglia,Puglia,4029053,4625428,114.8,0.96
209,2021-06-16,PUG,42166,20755,21411,26916,14520,730,ITF,ITF4,16,Puglia,Puglia,4029053,4667594,115.85,1.05
210,2020-12-30,PUG,1,0,1,1,0,0,ITF,ITF4,16,Puglia,Puglia,4029053,4667595,115.85,0.0
211,2021-03-22,PUG,9984,5139,4845,4246,5667,71,ITF,ITF4,16,Puglia,Puglia,4029053,4677579,116.1,0.25
212,2021-01-24,PUG,1673,754,919,151,1522,0,ITF,ITF4,16,Puglia,Puglia,4029053,4679252,116.14,0.04
213,2021-06-30,PUG,47920,23239,24681,18841,28221,858,ITF,ITF4,16,Puglia,Puglia,4029053,4727172,117.33,1.19
214,2021-03-15,PUG,12361,6160,6201,5738,6518,105,ITF,ITF4,16,Puglia,Puglia,4029053,4739533,117.63,0.31
215,2021-08-19,PUG,17804,9278,8526,8710,8370,724,ITF,ITF4,16,Puglia,Puglia,4029053,4757337,118.08,0.44
216,2021-01-17,PUG,1311,592,719,1241,70,0,ITF,ITF4,16,Puglia,Puglia,4029053,4758648,118.11,0.03
217,2021-06-23,PUG,29445,14389,15056,16946,11888,611,ITF,ITF4,16,Puglia,Puglia,4029053,4788093,118.84,0.73
218,2021-04-27,PUG,26738,12101,14637,20786,5625,327,ITF,ITF4,16,Puglia,Puglia,4029053,4814831,119.5,0.66
219,2021-01-10,PUG,2351,1062,1289,2351,0,0,ITF,ITF4,16,Puglia,Puglia,4029053,4817182,119.56,0.06
220,2021-04-20,PUG,21230,9860,11370,17476,3485,269,ITF,ITF4,16,Puglia,Puglia,4029053,4838412,120.09,0.53
221,2020-12-27,PUG,510,252,258,510,0,0,ITF,ITF4,16,Puglia,Puglia,4029053,4838922,120.1,0.01
222,2021-05-11,PUG,32742,14469,18273,13703,18550,489,ITF,ITF4,16,Puglia,Puglia,4029053,4871664,120.91,0.81
223,2021-05-04,PUG,35232,14903,20329,18248,16564,420,ITF,ITF4,16,Puglia,Puglia,4029053,4906896,121.79,0.87
224,2021-03-08,PUG,15017,6445,8572,12443,2415,159,ITF,ITF4,16,Puglia,Puglia,4029053,4921913,122.16,0.37
225,2021-07-09,PUG,37151,17896,19255,6402,30070,679,ITF,ITF4,16,Puglia,Puglia,4029053,4959064,123.08,0.92
226,2021-05-13,PUG,38884,17338,21546,21007,17312,565,ITF,ITF4,16,Puglia,Puglia,4029053,4997948,124.05,0.97
227,2021-03-17,PUG,10357,4706,5651,4104,6191,62,ITF,ITF4,16,Puglia,Puglia,4029053,5008305,124.3,0.26
228,2021-07-20,PUG,47029,23073,23956,8220,38301,508,ITF,ITF4,16,Puglia,Puglia,4029053,5055334,125.47,1.17
229,2021-07-27,PUG,48614,24185,24429,13328,34476,810,ITF,ITF4,16,Puglia,Puglia,4029053,5103948,126.68,1.21
230,2021-05-31,PUG,37976,18316,19660,23165,14255,556,ITF,ITF4,16,Puglia,Puglia,4029053,5141924,127.62,0.94
231,2021-04-25,PUG,11328,5243,6085,10051,1144,133,ITF,ITF4,16,Puglia,Puglia,4029053,5153252,127.9,0.28
232,2021-02-27,PUG,14246,4827,9419,12827,1235,184,ITF,ITF4,16,Puglia,Puglia,4029053,5167498,128.26,0.35
233,2021-08-03,PUG,36414,18477,17937,9183,26462,769,ITF,ITF4,16,Puglia,Puglia,4029053,5203912,129.16,0.9
234,2021-01-01,PUG,150,61,89,150,0,0,ITF,ITF4,16,Puglia,Puglia,4029053,5204062,129.16,0.0
235,2021-06-07,PUG,44463,21705,22758,30385,13313,765,ITF,ITF4,16,Puglia,Puglia,4029053,5248525,130.27,1.1
236,2021-04-11,PUG,16490,7268,9222,14660,1648,182,ITF,ITF4,16,Puglia,Puglia,4029053,5265015,130.68,0.41
237,2021-03-06,PUG,16183,6139,10044,13887,2125,171,ITF,ITF4,16,Puglia,Puglia,4029053,5281198,131.08,0.4
238,2021-01-08,PUG,5695,2395,3300,5693,0,2,ITF,ITF4,16,Puglia,Puglia,4029053,5286893,131.22,0.14
239,2021-06-14,PUG,42126,20609,21517,28859,12477,790,ITF,ITF4,16,Puglia,Puglia,4029053,5329019,132.26,1.05
240,2021-04-18,PUG,22687,10855,11832,21434,1057,196,ITF,ITF4,16,Puglia,Puglia,4029053,5351706,132.83,0.56
241,2021-02-20,PUG,2977,1080,1897,2687,257,33,ITF,ITF4,16,Puglia,Puglia,4029053,5354683,132.9,0.07
242,2021-08-14,PUG,1086,560,526,497,570,19,ITF,ITF4,16,Puglia,Puglia,4029053,5355769,132.93,0.03
243,2021-01-15,PUG,4559,1867,2692,4554,0,5,ITF,ITF4,16,Puglia,Puglia,4029053,5360328,133.04,0.11
244,2021-01-22,PUG,1414,580,834,992,421,1,ITF,ITF4,16,Puglia,Puglia,4029053,5361742,133.08,0.04
245,2021-08-21,PUG,4291,2298,1993,1960,2098,233,ITF,ITF4,16,Puglia,Puglia,4029053,5366033,133.18,0.11
246,2021-06-25,PUG,50927,25080,25847,23843,26184,900,ITF,ITF4,16,Puglia,Puglia,4029053,5416960,134.45,1.26
247,2021-02-16,LOM,9528,3081,6447,8976,451,101,ITC,ITC4,3,Lombardia,Lombardia,10060574,9528,0.09,0.09
248,2021-06-10,LOM,102723,52270,50453,86431,14493,1799,ITC,ITC4,3,Lombardia,Lombardia,10060574,112251,1.12,1.02
249,2021-03-02,LOM,22842,9711,13131,19530,3047,265,ITC,ITC4,3,Lombardia,Lombardia,10060574,135093,1.34,0.23
250,2021-08-20,LOM,27103,15000,12103,14128,11880,1095,ITC,ITC4,3,Lombardia,Lombardia,10060574,162196,1.61,0.27
251,2021-03-28,LOM,20637,7880,12757,13966,6286,385,ITC,ITC4,3,Lombardia,Lombardia,10060574,182833,1.82,0.21
252,2021-04-14,LOM,47242,21048,26194,33539,12986,717,ITC,ITC4,3,Lombardia,Lombardia,10060574,230075,2.29,0.47
253,2021-01-04,LOM,6133,2119,4014,6126,0,7,ITC,ITC4,3,Lombardia,Lombardia,10060574,236208,2.35,0.06
254,2021-06-19,LOM,104406,52033,52373,56232,46752,1422,ITC,ITC4,3,Lombardia,Lombardia,10060574,340614,3.39,1.04
255,2021-07-06,LOM,102173,50884,51289,23097,77660,1416,ITC,ITC4,3,Lombardia,Lombardia,10060574,442787,4.4,1.02
256,2021-07-20,LOM,95032,49097,45935,6925,87368,739,ITC,ITC4,3,Lombardia,Lombardia,10060574,537819,5.35,0.94
257,2021-02-04,LOM,28013,8168,19845,2047,25961,5,ITC,ITC4,3,Lombardia,Lombardia,10060574,565832,5.62,0.28
258,2021-07-18,LOM,97107,50594,46513,8545,87868,694,ITC,ITC4,3,Lombardia,Lombardia,10060574,662939,6.59,0.97
259,2021-04-09,LOM,52452,22394,30058,35588,16022,842,ITC,ITC4,3,Lombardia,Lombardia,10060574,715391,7.11,0.52
260,2021-07-13,LOM,108715,56843,51872,15457,92023,1235,ITC,ITC4,3,Lombardia,Lombardia,10060574,824106,8.19,1.08
261,2021-04-04,LOM,7615,3232,4383,3682,3899,34,ITC,ITC4,3,Lombardia,Lombardia,10060574,831721,8.27,0.08
262,2021-09-01,LOM,60168,32341,27827,30523,25918,3727,ITC,ITC4,3,Lombardia,Lombardia,10060574,891889,8.87,0.6
263,2021-05-24,LOM,89624,43528,46096,48600,40086,938,ITC,ITC4,3,Lombardia,Lombardia,10060574,981513,9.76,0.89
264,2021-02-11,LOM,17133,5024,12109,9636,7418,79,ITC,ITC4,3,Lombardia,Lombardia,10060574,998646,9.93,0.17
265,2021-05-31,LOM,95742,47432,48310,78390,16249,1103,ITC,ITC4,3,Lombardia,Lombardia,10060574,1094388,10.88,0.95
266,2021-08-01,LOM,53143,28436,24707,27340,24264,1539,ITC,ITC4,3,Lombardia,Lombardia,10060574,1147531,11.41,0.53
267,2021-04-23,LOM,73639,33369,40270,55554,16650,1435,ITC,ITC4,3,Lombardia,Lombardia,10060574,1221170,12.14,0.73
268,2021-08-27,LOM,35738,19220,16518,18536,14617,2585,ITC,ITC4,3,Lombardia,Lombardia,10060574,1256908,12.49,0.36
269,2021-06-05,LOM,102448,52962,49486,91104,9831,1513,ITC,ITC4,3,Lombardia,Lombardia,10060574,1359356,13.51,1.02
270,2021-03-14,LOM,14882,5349,9533,11216,3289,377,ITC,ITC4,3,Lombardia,Lombardia,10060574,1374238,13.66,0.15
271,2021-08-06,LOM,85584,46641,38943,17784,66947,853,ITC,ITC4,3,Lombardia,Lombardia,10060574,1459822,14.51,0.85
272,2021-04-28,LOM,95808,43695,52113,66896,26944,1968,ITC,ITC4,3,Lombardia,Lombardia,10060574,1555630,15.46,0.95
273,2021-06-24,LOM,109764,56739,53025,78378,29008,2378,ITC,ITC4,3,Lombardia,Lombardia,10060574,1665394,16.55,1.09
274,2021-03-16,LOM,25536,10131,15405,16307,9107,122,ITC,ITC4,3,Lombardia,Lombardia,10060574,1690930,16.81,0.25
275,2021-05-12,LOM,87568,41776,45792,57283,27607,2678,ITC,ITC4,3,Lombardia,Lombardia,10060574,1778498,17.68,0.87
276,2021-04-02,LOM,41416,16951,24465,26213,14648,555,ITC,ITC4,3,Lombardia,Lombardia,10060574,1819914,18.09,0.41
277,2021-08-12,LOM,56891,31253,25638,21990,33519,1382,ITC,ITC4,3,Lombardia,Lombardia,10060574,1876805,18.66,0.57
278,2021-05-10,LOM,85340,40913,44427,61585,21598,2157,ITC,ITC4,3,Lombardia,Lombardia,10060574,1962145,19.5,0.85
279,2021-01-30,LOM,12355,4585,7770,146,12200,9,ITC,ITC4,3,Lombardia,Lombardia,10060574,1974500,19.63,0.12
280,2021-06-12,LOM,89332,48067,41265,84313,3174,1845,ITC,ITC4,3,Lombardia,Lombardia,10060574,2063832,20.51,0.89
281,2021-06-29,LOM,107315,53216,54099,57430,47878,2007,ITC,ITC4,3,Lombardia,Lombardia,10060574,2171147,21.58,1.07
282,2021-06-17,LOM,108661,52752,55909,50506,56978,1177,ITC,ITC4,3,Lombardia,Lombardia,10060574,2279808,22.66,1.08
283,2021-03-09,LOM,33266,12882,20384,25250,7422,594,ITC,ITC4,3,Lombardia,Lombardia,10060574,2313074,22.99,0.33
284,2021-08-13,LOM,53437,29604,23833,20516,31656,1265,ITC,ITC4,3,Lombardia,Lombardia,10060574,2366511,23.52,0.53
285,2021-05-05,LOM,88136,42020,46116,70430,15358,2348,ITC,ITC4,3,Lombardia,Lombardia,10060574,2454647,24.4,0.88
286,2021-07-01,LOM,105137,52892,52245,53343,49393,2401,ITC,ITC4,3,Lombardia,Lombardia,10060574,2559784,25.44,1.05
287,2021-02-23,LOM,11834,4807,7027,11292,332,210,ITC,ITC4,3,Lombardia,Lombardia,10060574,2571618,25.56,0.12
288,2021-08-08,LOM,58837,31955,26882,16681,41362,794,ITC,ITC4,3,Lombardia,Lombardia,10060574,2630455,26.15,0.58
289,2021-08-25,LOM,44496,24037,20459,21652,19734,3110,ITC,ITC4,3,Lombardia,Lombardia,10060574,2674951,26.59,0.44
290,2021-05-17,LOM,94693,45375,49318,29504,64440,749,ITC,ITC4,3,Lombardia,Lombardia,10060574,2769644,27.53,0.94
291,2021-07-08,LOM,114706,58456,56250,13233,100449,1024,ITC,ITC4,3,Lombardia,Lombardia,10060574,2884350,28.67,1.14
292,2021-07-25,LOM,86639,45735,40904,9422,76436,781,ITC,ITC4,3,Lombardia,Lombardia,10060574,2970989,29.53,0.86
293,2021-04-16,LOM,53734,23942,29792,38419,14393,922,ITC,ITC4,3,Lombardia,Lombardia,10060574,3024723,30.07,0.53
294,2021-05-03,LOM,83770,39792,43978,69455,12141,2174,ITC,ITC4,3,Lombardia,Lombardia,10060574,3108493,30.9,0.83
295,2021-01-23,LOM,1127,361,766,925,199,3,ITC,ITC4,3,Lombardia,Lombardia,10060574,3109620,30.91,0.01
296,2021-07-27,LOM,104936,56844,48092,7479,96754,703,ITC,ITC4,3,Lombardia,Lombardia,10060574,3214556,31.95,1.04
297,2021-03-26,LOM,41376,15729,25647,27506,13190,680,ITC,ITC4,3,Lombardia,Lombardia,10060574,3255932,32.36,0.41
298,2021-05-22,LOM,70679,33868,36811,31728,38235,716,ITC,ITC4,3,Lombardia,Lombardia,10060574,3326611,33.07,0.7
299,2021-05-29,LOM,88392,42441,45951,41398,46150,844,ITC,ITC4,3,Lombardia,Lombardia,10060574,3415003,33.94,0.88
300,2021-02-18,LOM,14063,4930,9133,12826,1038,199,ITC,ITC4,3,Lombardia,Lombardia,10060574,3429066,34.08,0.14
301,2020-12-28,LOM,108,47,61,108,0,0,ITC,ITC4,3,Lombardia,Lombardia,10060574,3429174,34.09,0.0
302,2021-04-21,LOM,71892,32583,39309,55820,14698,1374,ITC,ITC4,3,Lombardia,Lombardia,10060574,3501066,34.8,0.71
303,2021-01-11,LOM,16312,5391,10921,16302,0,10,ITC,ITC4,3,Lombardia,Lombardia,10060574,3517378,34.96,0.16
304,2021-01-28,LOM,12273,3722,8551,795,11471,7,ITC,ITC4,3,Lombardia,Lombardia,10060574,3529651,35.08,0.12
305,2021-04-11,LOM,32228,13946,18282,24319,7397,512,ITC,ITC4,3,Lombardia,Lombardia,10060574,3561879,35.4,0.32
306,2021-01-01,LOM,24,7,17,24,0,0,ITC,ITC4,3,Lombardia,Lombardia,10060574,3561903,35.4,0.0
307,2021-06-07,LOM,99018,50444,48574,84031,13362,1625,ITC,ITC4,3,Lombardia,Lombardia,10060574,3660921,36.39,0.98
308,2021-02-27,LOM,13955,5876,8079,13153,645,157,ITC,ITC4,3,Lombardia,Lombardia,10060574,3674876,36.53,0.14
309,2020-12-30,LOM,115,42,73,115,0,0,ITC,ITC4,3,Lombardia,Lombardia,10060574,3674991,36.53,0.0
310,2021-06-16,LOM,99370,50475,48895,49860,48359,1151,ITC,ITC4,3,Lombardia,Lombardia,10060574,3774361,37.52,0.99
311,2021-03-21,LOM,23522,8499,15023,17728,5197,597,ITC,ITC4,3,Lombardia,Lombardia,10060574,3797883,37.75,0.23
312,2021-02-13,LOM,6427,2445,3982,4887,1479,61,ITC,ITC4,3,Lombardia,Lombardia,10060574,3804310,37.81,0.06
313,2021-07-17,LOM,108504,57293,51211,10220,97359,925,ITC,ITC4,3,Lombardia,Lombardia,10060574,3912814,38.89,1.08
314,2021-01-13,LOM,26481,8099,18382,26456,0,25,ITC,ITC4,3,Lombardia,Lombardia,10060574,3939295,39.16,0.26
315,2021-01-16,LOM,15646,5786,9860,15635,0,11,ITC,ITC4,3,Lombardia,Lombardia,10060574,3954941,39.31,0.16
316,2021-08-15,LOM,7001,3989,3012,2934,3884,183,ITC,ITC4,3,Lombardia,Lombardia,10060574,3961942,39.38,0.07
317,2021-05-19,LOM,83304,39786,43518,33120,49373,811,ITC,ITC4,3,Lombardia,Lombardia,10060574,4045246,40.21,0.83
318,2021-02-08,LOM,10133,2935,7198,2125,8000,8,ITC,ITC4,3,Lombardia,Lombardia,10060574,4055379,40.31,0.1
319,2021-02-25,LOM,15357,6371,8986,13536,1621,200,ITC,ITC4,3,Lombardia,Lombardia,10060574,4070736,40.46,0.15
320,2021-02-06,LOM,15309,5556,9753,1014,14290,5,ITC,ITC4,3,Lombardia,Lombardia,10060574,4086045,40.61,0.15
321,2021-06-21,LOM,113382,58084,55298,78298,32913,2171,ITC,ITC4,3,Lombardia,Lombardia,10060574,4199427,41.74,1.13
322,2021-06-02,LOM,84704,43614,41090,76990,6394,1320,ITC,ITC4,3,Lombardia,Lombardia,10060574,4284131,42.58,0.84
323,2021-03-11,LOM,36276,13502,22774,25638,9952,686,ITC,ITC4,3,Lombardia,Lombardia,10060574,4320407,42.94,0.36
324,2021-08-03,LOM,85836,46544,39292,13489,71619,728,ITC,ITC4,3,Lombardia,Lombardia,10060574,4406243,43.8,0.85
325,2021-04-25,LOM,51626,23670,27956,45525,4840,1261,ITC,ITC4,3,Lombardia,Lombardia,10060574,4457869,44.31,0.51
326,2021-06-28,LOM,108098,55067,53031,74300,31191,2607,ITC,ITC4,3,Lombardia,Lombardia,10060574,4565967,45.38,1.07
327,2021-07-15,LOM,109395,56282,53113,13385,94820,1190,ITC,ITC4,3,Lombardia,Lombardia,10060574,4675362,46.47,1.09
328,2021-04-06,LOM,43101,17598,25503,24452,17956,693,ITC,ITC4,3,Lombardia,Lombardia,10060574,4718463,46.9,0.43
329,2021-07-29,LOM,74423,40427,33996,33775,38696,1952,ITC,ITC4,3,Lombardia,Lombardia,10060574,4792886,47.64,0.74
330,2021-03-06,LOM,21363,9108,12255,16542,4519,302,ITC,ITC4,3,Lombardia,Lombardia,10060574,4814249,47.85,0.21
331,2021-06-09,LOM,103714,52251,51463,87439,14550,1725,ITC,ITC4,3,Lombardia,Lombardia,10060574,4917963,48.88,1.03
332,2021-03-08,LOM,29823,11212,18611,22170,7126,527,ITC,ITC4,3,Lombardia,Lombardia,10060574,4947786,49.18,0.3
333,2021-05-04,LOM,86907,41113,45794,70266,14423,2218,ITC,ITC4,3,Lombardia,Lombardia,10060574,5034693,50.04,0.86
334,2021-01-24,LOM,1202,458,744,538,664,0,ITC,ITC4,3,Lombardia,Lombardia,10060574,5035895,50.06,0.01
335,2021-07-24,LOM,95876,50656,45220,9741,85279,856,ITC,ITC4,3,Lombardia,Lombardia,10060574,5131771,51.01,0.95
336,2021-08-10,LOM,61455,33261,28194,18704,41685,1066,ITC,ITC4,3,Lombardia,Lombardia,10060574,5193226,51.62,0.61
337,2021-05-02,LOM,83558,38357,45201,59237,22481,1840,ITC,ITC4,3,Lombardia,Lombardia,10060574,5276784,52.45,0.83
338,2021-07-22,LOM,99431,52049,47382,12542,85437,1452,ITC,ITC4,3,Lombardia,Lombardia,10060574,5376215,53.44,0.99
339,2021-04-13,LOM,47692,21287,26405,32929,14106,657,ITC,ITC4,3,Lombardia,Lombardia,10060574,5423907,53.91,0.47
340,2021-04-30,LOM,117564,54906,62658,87205,27681,2678,ITC,ITC4,3,Lombardia,Lombardia,10060574,5541471,55.08,1.17
341,2021-01-20,LOM,5713,1392,4321,5593,115,5,ITC,ITC4,3,Lombardia,Lombardia,10060574,5547184,55.14,0.06
342,2021-03-30,LOM,39736,15633,24103,24258,14863,615,ITC,ITC4,3,Lombardia,Lombardia,10060574,5586920,55.53,0.39
343,2021-01-06,LOM,7167,2531,4636,7161,0,6,ITC,ITC4,3,Lombardia,Lombardia,10060574,5594087,55.6,0.07
344,2021-08-26,LOM,38667,20774,17893,20338,15536,2793,ITC,ITC4,3,Lombardia,Lombardia,10060574,5632754,55.99,0.38
345,2021-03-04,LOM,29375,12135,17240,20066,9087,222,ITC,ITC4,3,Lombardia,Lombardia,10060574,5662129,56.28,0.29
346,2021-02-20,LOM,9371,3872,5499,8847,328,196,ITC,ITC4,3,Lombardia,Lombardia,10060574,5671500,56.37,0.09
347,2021-04-18,LOM,36440,16242,20198,30527,5245,668,ITC,ITC4,3,Lombardia,Lombardia,10060574,5707940,56.74,0.36
348,2021-01-08,LOM,12754,3939,8815,12743,0,11,ITC,ITC4,3,Lombardia,Lombardia,10060574,5720694,56.86,0.13
349,2021-08-05,LOM,90286,49268,41018,15724,73745,817,ITC,ITC4,3,Lombardia,Lombardia,10060574,5810980,57.76,0.9
350,2021-06-14,LOM,94882,48206,46676,49129,44634,1119,ITC,ITC4,3,Lombardia,Lombardia,10060574,5905862,58.7,0.94
351,2021-08-17,LOM,33257,18410,14847,17405,14667,1185,ITC,ITC4,3,Lombardia,Lombardia,10060574,5939119,59.03,0.33
352,2021-05-26,LOM,93786,44685,49101,42749,50147,890,ITC,ITC4,3,Lombardia,Lombardia,10060574,6032905,59.97,0.93
353,2021-02-15,LOM,9054,3168,5886,8394,480,180,ITC,ITC4,3,Lombardia,Lombardia,10060574,6041959,60.06,0.09
354,2021-08-21,LOM,21330,11878,9452,9484,11073,773,ITC,ITC4,3,Lombardia,Lombardia,10060574,6063289,60.27,0.21
355,2021-01-09,LOM,12506,4612,7894,12498,0,8,ITC,ITC4,3,Lombardia,Lombardia,10060574,6075795,60.39,0.12
356,2021-03-07,LOM,12097,5365,6732,9340,2563,194,ITC,ITC4,3,Lombardia,Lombardia,10060574,6087892,60.51,0.12
357,2021-01-27,LOM,8070,2685,5385,807,7261,2,ITC,ITC4,3,Lombardia,Lombardia,10060574,6095962,60.59,0.08
358,2021-07-03,LOM,102513,51719,50794,44539,55864,2110,ITC,ITC4,3,Lombardia,Lombardia,10060574,6198475,61.61,1.02
359,2021-03-25,LOM,43042,16094,26948,29254,12877,911,ITC,ITC4,3,Lombardia,Lombardia,10060574,6241517,62.04,0.43
360,2021-08-29,LOM,25190,13531,11659,12730,11160,1300,ITC,ITC4,3,Lombardia,Lombardia,10060574,6266707,62.29,0.25
361,2021-05-21,LOM,93931,45279,48652,28391,64779,761,ITC,ITC4,3,Lombardia,Lombardia,10060574,6360638,63.22,0.93
362,2021-05-18,LOM,88251,42174,46077,31857,55591,803,ITC,ITC4,3,Lombardia,Lombardia,10060574,6448889,64.1,0.88
363,2021-06-04,LOM,104654,54324,50330,93204,9662,1788,ITC,ITC4,3,Lombardia,Lombardia,10060574,6553543,65.14,1.04
364,2021-02-24,LOM,14728,5961,8767,13576,958,194,ITC,ITC4,3,Lombardia,Lombardia,10060574,6568271,65.29,0.15
365,2021-05-16,LOM,68739,32518,36221,35547,32233,959,ITC,ITC4,3,Lombardia,Lombardia,10060574,6637010,65.97,0.68
366,2021-02-05,LOM,25784,7491,18293,2427,23344,13,ITC,ITC4,3,Lombardia,Lombardia,10060574,6662794,66.23,0.26
367,2021-02-22,LOM,11949,4821,7128,11441,310,198,ITC,ITC4,3,Lombardia,Lombardia,10060574,6674743,66.35,0.12
368,2021-01-22,LOM,3199,885,2314,3125,69,5,ITC,ITC4,3,Lombardia,Lombardia,10060574,6677942,66.38,0.03
369,2021-01-15,LOM,25289,7455,17834,25237,0,52,ITC,ITC4,3,Lombardia,Lombardia,10060574,6703231,66.63,0.25
370,2021-08-07,LOM,79723,43275,36448,16072,62846,805,ITC,ITC4,3,Lombardia,Lombardia,10060574,6782954,67.42,0.79
371,2021-04-29,LOM,115667,53636,62031,83091,29911,2665,ITC,ITC4,3,Lombardia,Lombardia,10060574,6898621,68.57,1.15
372,2021-06-25,LOM,108330,56256,52074,78362,27662,2306,ITC,ITC4,3,Lombardia,Lombardia,10060574,7006951,69.65,1.08
373,2021-04-20,LOM,67715,30856,36859,55893,10359,1463,ITC,ITC4,3,Lombardia,Lombardia,10060574,7074666,70.32,0.67
374,2021-01-10,LOM,10556,3982,6574,10547,0,9,ITC,ITC4,3,Lombardia,Lombardia,10060574,7085222,70.43,0.1
375,2021-01-17,LOM,8359,3350,5009,8152,201,6,ITC,ITC4,3,Lombardia,Lombardia,10060574,7093581,70.51,0.08
376,2021-03-20,LOM,32612,12172,20440,22248,9860,504,ITC,ITC4,3,Lombardia,Lombardia,10060574,7126193,70.83,0.32
377,2020-12-27,LOM,718,414,304,718,0,0,ITC,ITC4,3,Lombardia,Lombardia,10060574,7126911,70.84,0.01
378,2021-08-02,LOM,83631,45304,38327,18331,64388,912,ITC,ITC4,3,Lombardia,Lombardia,10060574,7210542,71.67,0.83
379,2021-06-30,LOM,107007,53009,53998,56594,48289,2124,ITC,ITC4,3,Lombardia,Lombardia,10060574,7317549,72.73,1.06
380,2021-03-22,LOM,40365,14315,26050,28952,10576,837,ITC,ITC4,3,Lombardia,Lombardia,10060574,7357914,73.14,0.4
381,2021-04-08,LOM,52465,21795,30670,35298,16491,676,ITC,ITC4,3,Lombardia,Lombardia,10060574,7410379,73.66,0.52
382,2020-12-29,LOM,106,45,61,106,0,0,ITC,ITC4,3,Lombardia,Lombardia,10060574,7410485,73.66,0.0
383,2021-07-14,LOM,109443,56855,52588,14353,93684,1406,ITC,ITC4,3,Lombardia,Lombardia,10060574,7519928,74.75,1.09
384,2021-07-31,LOM,71109,38777,32332,36367,32721,2021,ITC,ITC4,3,Lombardia,Lombardia,10060574,7591037,75.45,0.71
385,2021-04-22,LOM,74075,33446,40629,56221,16443,1411,ITC,ITC4,3,Lombardia,Lombardia,10060574,7665112,76.19,0.74
386,2021-03-03,LOM,27026,11531,15495,19489,7317,220,ITC,ITC4,3,Lombardia,Lombardia,10060574,7692138,76.46,0.27
387,2021-06-18,LOM,107721,52911,54810,51871,54609,1241,ITC,ITC4,3,Lombardia,Lombardia,10060574,7799859,77.53,1.07
388,2021-08-14,LOM,26544,14887,11657,11133,14861,550,ITC,ITC4,3,Lombardia,Lombardia,10060574,7826403,77.79,0.26
389,2021-03-01,LOM,18800,8236,10564,16888,1708,204,ITC,ITC4,3,Lombardia,Lombardia,10060574,7845203,77.98,0.19
390,2021-08-23,LOM,57476,31495,25981,23769,30421,3286,ITC,ITC4,3,Lombardia,Lombardia,10060574,7902679,78.55,0.57
391,2021-05-07,LOM,92442,43750,48692,68026,22442,1974,ITC,ITC4,3,Lombardia,Lombardia,10060574,7995121,79.47,0.92
392,2021-03-18,LOM,27461,10982,16479,15939,11295,227,ITC,ITC4,3,Lombardia,Lombardia,10060574,8022582,79.74,0.27
393,2021-08-22,LOM,18210,10165,8045,7601,10067,542,ITC,ITC4,3,Lombardia,Lombardia,10060574,8040792,79.92,0.18
394,2021-05-14,LOM,86047,41436,44611,53158,30369,2520,ITC,ITC4,3,Lombardia,Lombardia,10060574,8126839,80.78,0.86
395,2021-06-23,LOM,111074,57460,53614,76701,32237,2136,ITC,ITC4,3,Lombardia,Lombardia,10060574,8237913,81.88,1.1
396,2021-03-15,LOM,31627,11356,20271,22427,8579,621,ITC,ITC4,3,Lombardia,Lombardia,10060574,8269540,82.2,0.31
397,2021-04-27,LOM,86123,40016,46107,67638,16611,1874,ITC,ITC4,3,Lombardia,Lombardia,10060574,8355663,83.05,0.86
398,2021-03-13,LOM,27231,9794,17437,20557,6120,554,ITC,ITC4,3,Lombardia,Lombardia,10060574,8382894,83.32,0.27
399,2021-07-23,LOM,95548,50079,45469,11449,82839,1260,ITC,ITC4,3,Lombardia,Lombardia,10060574,8478442,84.27,0.95
400,2021-08-09,LOM,68960,37019,31941,18627,49283,1050,ITC,ITC4,3,Lombardia,Lombardia,10060574,8547402,84.96,0.69
401,2021-05-01,LOM,96104,43731,52373,65021,29319,1764,ITC,ITC4,3,Lombardia,Lombardia,10060574,8643506,85.91,0.96
402,2021-01-21,LOM,5533,1612,3921,4820,696,17,ITC,ITC4,3,Lombardia,Lombardia,10060574,8649039,85.97,0.05
403,2021-07-07,LOM,112049,56167,55882,18003,92886,1160,ITC,ITC4,3,Lombardia,Lombardia,10060574,8761088,87.08,1.11
404,2021-04-15,LOM,49489,21873,27616,34891,13840,758,ITC,ITC4,3,Lombardia,Lombardia,10060574,8810577,87.58,0.49
405,2021-01-05,LOM,7875,2583,5292,7869,0,6,ITC,ITC4,3,Lombardia,Lombardia,10060574,8818452,87.65,0.08
406,2021-03-27,LOM,32525,12410,20115,23115,8772,638,ITC,ITC4,3,Lombardia,Lombardia,10060574,8850977,87.98,0.32
407,2021-01-03,LOM,857,316,541,856,0,1,ITC,ITC4,3,Lombardia,Lombardia,10060574,8851834,87.99,0.01
408,2021-08-19,LOM,28963,15935,13028,14772,13068,1123,ITC,ITC4,3,Lombardia,Lombardia,10060574,8880797,88.27,0.29
409,2021-05-11,LOM,86964,41471,45493,58212,26247,2505,ITC,ITC4,3,Lombardia,Lombardia,10060574,8967761,89.14,0.86
410,2021-05-28,LOM,93695,44881,48814,42038,50744,913,ITC,ITC4,3,Lombardia,Lombardia,10060574,9061456,90.07,0.93
411,2021-02-17,LOM,12035,3778,8257,10447,1392,196,ITC,ITC4,3,Lombardia,Lombardia,10060574,9073491,90.19,0.12
412,2021-06-11,LOM,101532,51718,49814,84942,14697,1893,ITC,ITC4,3,Lombardia,Lombardia,10060574,9175023,91.2,1.01
413,2021-05-09,LOM,69741,32899,36842,54431,13282,2028,ITC,ITC4,3,Lombardia,Lombardia,10060574,9244764,91.89,0.69
414,2021-01-29,LOM,13547,4147,9400,686,12858,3,ITC,ITC4,3,Lombardia,Lombardia,10060574,9258311,92.03,0.13
415,2021-06-13,LOM,76004,40566,35438,72285,2131,1588,ITC,ITC4,3,Lombardia,Lombardia,10060574,9334315,92.78,0.76
416,2021-03-05,LOM,29004,11971,17033,20254,8444,306,ITC,ITC4,3,Lombardia,Lombardia,10060574,9363319,93.07,0.29
417,2021-06-27,LOM,90954,46824,44130,69783,18871,2300,ITC,ITC4,3,Lombardia,Lombardia,10060574,9454273,93.97,0.9
418,2021-03-19,LOM,32506,12947,19559,18921,13262,323,ITC,ITC4,3,Lombardia,Lombardia,10060574,9486779,94.3,0.32
419,2021-05-15,LOM,80992,38810,42182,45385,33445,2162,ITC,ITC4,3,Lombardia,Lombardia,10060574,9567771,95.1,0.81
420,2021-07-11,LOM,90335,45701,44634,11765,77512,1058,ITC,ITC4,3,Lombardia,Lombardia,10060574,9658106,96.0,0.9
421,2021-05-13,LOM,87233,41798,45435,55591,28900,2742,ITC,ITC4,3,Lombardia,Lombardia,10060574,9745339,96.87,0.87
422,2021-02-02,LOM,20000,6644,13356,497,19500,3,ITC,ITC4,3,Lombardia,Lombardia,10060574,9765339,97.07,0.2
423,2021-03-31,LOM,42266,17146,25120,26200,15383,683,ITC,ITC4,3,Lombardia,Lombardia,10060574,9807605,97.49,0.42
424,2021-03-17,LOM,26323,10520,15803,15124,11039,160,ITC,ITC4,3,Lombardia,Lombardia,10060574,9833928,97.75,0.26
425,2021-02-07,LOM,7319,2829,4490,335,6981,3,ITC,ITC4,3,Lombardia,Lombardia,10060574,9841247,97.82,0.07
426,2021-01-19,LOM,8062,2332,5730,7579,469,14,ITC,ITC4,3,Lombardia,Lombardia,10060574,9849309,97.9,0.08
427,2021-07-10,LOM,107270,54304,52966,13916,92174,1180,ITC,ITC4,3,Lombardia,Lombardia,10060574,9956579,98.97,1.07
428,2021-06-26,LOM,105928,55458,50470,77786,25740,2402,ITC,ITC4,3,Lombardia,Lombardia,10060574,10062507,100.02,1.05
429,2021-02-10,LOM,14460,4527,9933,7568,6863,29,ITC,ITC4,3,Lombardia,Lombardia,10060574,10076967,100.16,0.14
430,2021-06-22,LOM,111258,58111,53147,79178,29957,2123,ITC,ITC4,3,Lombardia,Lombardia,10060574,10188225,101.27,1.11
431,2021-07-09,LOM,115780,59011,56769,11739,103157,884,ITC,ITC4,3,Lombardia,Lombardia,10060574,10304005,102.42,1.15
432,2021-06-03,LOM,97197,49740,47457,84613,10917,1667,ITC,ITC4,3,Lombardia,Lombardia,10060574,10401202,103.39,0.97
433,2021-06-20,LOM,89045,44373,44672,52812,34992,1241,ITC,ITC4,3,Lombardia,Lombardia,10060574,10490247,104.27,0.89
434,2021-05-27,LOM,95019,45508,49511,40622,53606,791,ITC,ITC4,3,Lombardia,Lombardia,10060574,10585266,105.22,0.94
435,2021-04-24,LOM,75864,33619,42245,53412,21162,1290,ITC,ITC4,3,Lombardia,Lombardia,10060574,10661130,105.97,0.75
436,2021-01-14,LOM,26976,7822,19154,26924,0,52,ITC,ITC4,3,Lombardia,Lombardia,10060574,10688106,106.24,0.27
437,2021-03-10,LOM,33364,12760,20604,24856,7907,601,ITC,ITC4,3,Lombardia,Lombardia,10060574,10721470,106.57,0.33
438,2021-05-06,LOM,89968,42244,47724,70963,16581,2424,ITC,ITC4,3,Lombardia,Lombardia,10060574,10811438,107.46,0.89
439,2021-01-26,LOM,8393,2718,5675,348,8044,1,ITC,ITC4,3,Lombardia,Lombardia,10060574,10819831,107.55,0.08
440,2021-07-04,LOM,86768,43401,43367,40192,44620,1956,ITC,ITC4,3,Lombardia,Lombardia,10060574,10906599,108.41,0.86
441,2021-08-30,LOM,71224,37842,33382,43184,22394,5646,ITC,ITC4,3,Lombardia,Lombardia,10060574,10977823,109.12,0.71
442,2021-07-02,LOM,104025,52142,51883,48879,52946,2200,ITC,ITC4,3,Lombardia,Lombardia,10060574,11081848,110.15,1.03
443,2021-03-24,LOM,43414,15677,27737,30471,12046,897,ITC,ITC4,3,Lombardia,Lombardia,10060574,11125262,110.58,0.43
444,2021-02-09,LOM,12232,3336,8896,4027,8191,14,ITC,ITC4,3,Lombardia,Lombardia,10060574,11137494,110.7,0.12
445,2021-08-11,LOM,61377,33589,27788,22450,37577,1350,ITC,ITC4,3,Lombardia,Lombardia,10060574,11198871,111.31,0.61
446,2021-08-28,LOM,35009,19240,15769,17768,15038,2203,ITC,ITC4,3,Lombardia,Lombardia,10060574,11233880,111.66,0.35
447,2021-05-20,LOM,95614,46243,49371,31717,63081,816,ITC,ITC4,3,Lombardia,Lombardia,10060574,11329494,112.61,0.95
448,2021-02-03,LOM,25720,7950,17770,1078,24637,5,ITC,ITC4,3,Lombardia,Lombardia,10060574,11355214,112.87,0.26
449,2021-04-01,LOM,43191,17318,25873,26085,16393,713,ITC,ITC4,3,Lombardia,Lombardia,10060574,11398405,113.3,0.43
450,2021-08-16,LOM,38924,21049,17875,16833,21050,1041,ITC,ITC4,3,Lombardia,Lombardia,10060574,11437329,113.68,0.39
451,2021-05-08,LOM,87854,40801,47053,63438,22116,2300,ITC,ITC4,3,Lombardia,Lombardia,10060574,11525183,114.56,0.87
452,2021-07-16,LOM,108923,56710,52213,11134,96626,1163,ITC,ITC4,3,Lombardia,Lombardia,10060574,11634106,115.64,1.08
453,2021-04-07,LOM,50635,20944,29691,34081,15845,709,ITC,ITC4,3,Lombardia,Lombardia,10060574,11684741,116.14,0.5
454,2021-04-05,LOM,27391,11698,15693,19028,8109,254,ITC,ITC4,3,Lombardia,Lombardia,10060574,11712132,116.42,0.27
455,2021-08-18,LOM,30877,17032,13845,17869,11637,1371,ITC,ITC4,3,Lombardia,Lombardia,10060574,11743009,116.72,0.31
456,2021-01-31,LOM,9824,3813,6011,29,9795,0,ITC,ITC4,3,Lombardia,Lombardia,10060574,11752833,116.82,0.1
457,2021-03-12,LOM,35331,12989,22342,24458,10254,619,ITC,ITC4,3,Lombardia,Lombardia,10060574,11788164,117.17,0.35
458,2021-03-29,LOM,40073,15555,24518,24539,14858,676,ITC,ITC4,3,Lombardia,Lombardia,10060574,11828237,117.57,0.4
459,2021-06-01,LOM,94040,46130,47910,75802,17129,1109,ITC,ITC4,3,Lombardia,Lombardia,10060574,11922277,118.5,0.93
460,2021-01-02,LOM,202,74,128,202,0,0,ITC,ITC4,3,Lombardia,Lombardia,10060574,11922479,118.51,0.0
461,2021-06-08,LOM,102940,52319,50621,87175,14086,1679,ITC,ITC4,3,Lombardia,Lombardia,10060574,12025419,119.53,1.02
462,2021-02-28,LOM,7886,3256,4630,7604,210,72,ITC,ITC4,3,Lombardia,Lombardia,10060574,12033305,119.61,0.08
463,2021-08-04,LOM,90156,48831,41325,14479,75015,662,ITC,ITC4,3,Lombardia,Lombardia,10060574,12123461,120.5,0.9
464,2021-04-26,LOM,88039,40959,47080,67041,19171,1827,ITC,ITC4,3,Lombardia,Lombardia,10060574,12211500,121.38,0.88
465,2021-07-21,LOM,94011,48498,45513,8621,84526,864,ITC,ITC4,3,Lombardia,Lombardia,10060574,12305511,122.31,0.93
466,2021-05-25,LOM,91219,43644,47575,43859,46536,824,ITC,ITC4,3,Lombardia,Lombardia,10060574,12396730,123.22,0.91
467,2021-02-14,LOM,3586,1547,2039,2934,637,15,ITC,ITC4,3,Lombardia,Lombardia,10060574,12400316,123.26,0.04
468,2021-01-12,LOM,20337,6743,13594,20306,0,31,ITC,ITC4,3,Lombardia,Lombardia,10060574,12420653,123.46,0.2
469,2021-04-12,LOM,47337,20622,26715,32289,14397,651,ITC,ITC4,3,Lombardia,Lombardia,10060574,12467990,123.93,0.47
470,2021-02-21,LOM,5054,1864,3190,4941,17,96,ITC,ITC4,3,Lombardia,Lombardia,10060574,12473044,123.98,0.05
471,2021-07-28,LOM,77453,41727,35726,19115,56583,1755,ITC,ITC4,3,Lombardia,Lombardia,10060574,12550497,124.75,0.77
472,2021-04-19,LOM,60412,27489,32923,49683,9420,1309,ITC,ITC4,3,Lombardia,Lombardia,10060574,12610909,125.35,0.6
473,2021-06-15,LOM,96075,48894,47181,49025,45995,1055,ITC,ITC4,3,Lombardia,Lombardia,10060574,12706984,126.3,0.95
474,2021-01-18,LOM,9266,2991,6275,8276,975,15,ITC,ITC4,3,Lombardia,Lombardia,10060574,12716250,126.4,0.09
475,2021-03-23,LOM,42632,15490,27142,28866,12902,864,ITC,ITC4,3,Lombardia,Lombardia,10060574,12758882,126.82,0.42
476,2021-08-24,LOM,47534,25867,21667,24445,19453,3636,ITC,ITC4,3,Lombardia,Lombardia,10060574,12806416,127.29,0.47
477,2021-01-25,LOM,7122,2397,4725,513,6606,3,ITC,ITC4,3,Lombardia,Lombardia,10060574,12813538,127.36,0.07
478,2021-02-01,LOM,16122,5337,10785,307,15813,2,ITC,ITC4,3,Lombardia,Lombardia,10060574,12829660,127.52,0.16
479,2021-07-05,LOM,101933,49789,52144,31508,68535,1890,ITC,ITC4,3,Lombardia,Lombardia,10060574,12931593,128.54,1.01
480,2021-08-31,LOM,62819,33493,29326,36697,21571,4551,ITC,ITC4,3,Lombardia,Lombardia,10060574,12994412,129.16,0.62
481,2021-07-12,LOM,111879,57507,54372,14803,95937,1139,ITC,ITC4,3,Lombardia,Lombardia,10060574,13106291,130.27,1.11
482,2021-04-03,LOM,36326,14898,21428,25791,10152,383,ITC,ITC4,3,Lombardia,Lombardia,10060574,13142617,130.63,0.36
483,2021-05-30,LOM,74420,35612,38808,33793,40008,619,ITC,ITC4,3,Lombardia,Lombardia,10060574,13217037,131.37,0.74
484,2021-07-26,LOM,109611,58919,50692,7714,101141,756,ITC,ITC4,3,Lombardia,Lombardia,10060574,13326648,132.46,1.09
485,2021-05-23,LOM,60819,28964,31855,26297,34009,513,ITC,ITC4,3,Lombardia,Lombardia,10060574,13387467,133.07,0.6
486,2021-02-12,LOM,14026,4389,9637,8885,4981,160,ITC,ITC4,3,Lombardia,Lombardia,10060574,13401493,133.21,0.14
487,2021-07-19,LOM,96928,50320,46608,10808,85040,1080,ITC,ITC4,3,Lombardia,Lombardia,10060574,13498421,134.17,0.96
488,2021-04-10,LOM,52820,21875,30945,40093,11976,751,ITC,ITC4,3,Lombardia,Lombardia,10060574,13551241,134.7,0.53
489,2021-06-06,LOM,90138,46353,43785,79537,9222,1379,ITC,ITC4,3,Lombardia,Lombardia,10060574,13641379,135.59,0.9
490,2021-01-07,LOM,11807,3657,8150,11766,0,41,ITC,ITC4,3,Lombardia,Lombardia,10060574,13653186,135.71,0.12
491,2021-02-19,LOM,14230,5402,8828,13329,725,176,ITC,ITC4,3,Lombardia,Lombardia,10060574,13667416,135.85,0.14
492,2021-04-17,LOM,48584,21331,27253,36980,10873,731,ITC,ITC4,3,Lombardia,Lombardia,10060574,13716000,136.33,0.48
493,2021-02-26,LOM,18444,7572,10872,16330,1906,208,ITC,ITC4,3,Lombardia,Lombardia,10060574,13734444,136.52,0.18
494,2021-07-30,LOM,73290,39790,33500,35079,36091,2120,ITC,ITC4,3,Lombardia,Lombardia,10060574,13807734,137.25,0.73
495,2020-12-31,LOM,715,302,413,715,0,0,ITC,ITC4,3,Lombardia,Lombardia,10060574,13808449,137.25,0.01
496,2021-03-02,CAM,12763,4560,8203,8191,4345,227,ITF,ITF3,15,Campania,Campania,5801692,12763,0.22,0.22
497,2021-07-15,CAM,66733,32055,34678,9269,57078,386,ITF,ITF3,15,Campania,Campania,5801692,79496,1.37,1.15
498,2021-03-28,CAM,15566,7511,8055,13581,1625,360,ITF,ITF3,15,Campania,Campania,5801692,95062,1.64,0.27
499,2021-01-04,CAM,5827,2962,2865,5727,0,100,ITF,ITF3,15,Campania,Campania,5801692,100889,1.74,0.1
500,2021-06-19,CAM,62407,29712,32695,24187,37768,452,ITF,ITF3,15,Campania,Campania,5801692,163296,2.81,1.08
501,2021-06-07,CAM,57600,27728,29872,52745,4049,806,ITF,ITF3,15,Campania,Campania,5801692,220896,3.81,0.99
502,2021-02-25,CAM,12444,4487,7957,10943,1208,293,ITF,ITF3,15,Campania,Campania,5801692,233340,4.02,0.21
503,2021-04-09,CAM,29953,14085,15868,23181,6139,633,ITF,ITF3,15,Campania,Campania,5801692,263293,4.54,0.52
504,2021-06-05,CAM,77649,37593,40056,70759,6039,851,ITF,ITF3,15,Campania,Campania,5801692,340942,5.88,1.34
505,2021-08-03,CAM,31993,16220,15773,14556,16653,784,ITF,ITF3,15,Campania,Campania,5801692,372935,6.43,0.55
506,2021-02-11,CAM,6293,2715,3578,5918,77,298,ITF,ITF3,15,Campania,Campania,5801692,379228,6.54,0.11
507,2021-07-27,CAM,49160,24446,24714,12772,35718,670,ITF,ITF3,15,Campania,Campania,5801692,428388,7.38,0.85
508,2021-05-24,CAM,31357,15153,16204,15851,15156,350,ITF,ITF3,15,Campania,Campania,5801692,459745,7.92,0.54
509,2021-02-13,CAM,5508,2550,2958,5107,217,184,ITF,ITF3,15,Campania,Campania,5801692,465253,8.02,0.09
510,2021-08-01,CAM,16086,8415,7671,7018,8833,235,ITF,ITF3,15,Campania,Campania,5801692,481339,8.3,0.28
511,2021-04-23,CAM,32360,15537,16823,22452,9159,749,ITF,ITF3,15,Campania,Campania,5801692,513699,8.85,0.56
512,2021-08-15,CAM,1120,637,483,216,897,7,ITF,ITF3,15,Campania,Campania,5801692,514819,8.87,0.02
513,2021-04-11,CAM,17529,8610,8919,15039,2088,402,ITF,ITF3,15,Campania,Campania,5801692,532348,9.18,0.3
514,2021-04-28,CAM,36424,17631,18793,25851,9761,812,ITF,ITF3,15,Campania,Campania,5801692,568772,9.8,0.63
515,2021-01-18,CAM,959,399,560,683,244,32,ITF,ITF3,15,Campania,Campania,5801692,569731,9.82,0.02
516,2021-07-20,CAM,40105,19783,20322,6296,33332,477,ITF,ITF3,15,Campania,Campania,5801692,609836,10.51,0.69
517,2021-06-24,CAM,66091,31841,34250,13417,52281,393,ITF,ITF3,15,Campania,Campania,5801692,675927,11.65,1.14
518,2021-03-16,CAM,8090,3519,4571,3700,4317,73,ITF,ITF3,15,Campania,Campania,5801692,684017,11.79,0.14
519,2021-08-20,CAM,17370,9314,8056,7465,9375,530,ITF,ITF3,15,Campania,Campania,5801692,701387,12.09,0.3
520,2021-01-25,CAM,5759,2929,2830,174,5585,0,ITF,ITF3,15,Campania,Campania,5801692,707146,12.19,0.1
521,2021-07-01,CAM,61523,29855,31668,19771,41019,733,ITF,ITF3,15,Campania,Campania,5801692,768669,13.25,1.06
522,2021-03-23,CAM,15744,7447,8297,12861,2515,368,ITF,ITF3,15,Campania,Campania,5801692,784413,13.52,0.27
523,2021-08-27,CAM,24400,13014,11386,7844,15881,675,ITF,ITF3,15,Campania,Campania,5801692,808813,13.94,0.42
524,2021-06-14,CAM,37132,17921,19211,18754,18023,355,ITF,ITF3,15,Campania,Campania,5801692,845945,14.58,0.64
525,2021-08-10,CAM,21639,11192,10447,13670,6948,1021,ITF,ITF3,15,Campania,Campania,5801692,867584,14.95,0.37
526,2021-06-26,CAM,62950,30694,32256,14627,47861,462,ITF,ITF3,15,Campania,Campania,5801692,930534,16.04,1.09
527,2021-07-13,CAM,53690,25793,27897,4879,48501,310,ITF,ITF3,15,Campania,Campania,5801692,984224,16.96,0.93
528,2021-04-04,CAM,7966,4017,3949,6686,1047,233,ITF,ITF3,15,Campania,Campania,5801692,992190,17.1,0.14
529,2021-06-12,CAM,64002,31546,32456,55803,7217,982,ITF,ITF3,15,Campania,Campania,5801692,1056192,18.2,1.1
530,2021-03-04,CAM,14710,5396,9314,8532,5897,281,ITF,ITF3,15,Campania,Campania,5801692,1070902,18.46,0.25
531,2021-05-19,CAM,51307,22660,28647,33813,16757,737,ITF,ITF3,15,Campania,Campania,5801692,1122209,19.34,0.88
532,2021-05-05,CAM,51189,24868,26321,43208,6397,1584,ITF,ITF3,15,Campania,Campania,5801692,1173398,20.23,0.88
533,2021-05-12,CAM,40926,19973,20953,30590,9171,1165,ITF,ITF3,15,Campania,Campania,5801692,1214324,20.93,0.71
534,2021-05-17,CAM,49504,21755,27749,23655,25391,458,ITF,ITF3,15,Campania,Campania,5801692,1263828,21.78,0.85
535,2021-02-06,CAM,5343,2666,2677,2003,3241,99,ITF,ITF3,15,Campania,Campania,5801692,1269171,21.88,0.09
536,2021-07-22,CAM,61823,30525,31298,6534,54761,528,ITF,ITF3,15,Campania,Campania,5801692,1330994,22.94,1.07
537,2021-08-08,CAM,7572,4040,3532,4650,2666,256,ITF,ITF3,15,Campania,Campania,5801692,1338566,23.07,0.13
538,2021-04-30,CAM,42332,20199,22133,24968,16509,855,ITF,ITF3,15,Campania,Campania,5801692,1380898,23.8,0.73
539,2021-02-04,CAM,7945,3429,4516,1250,6636,59,ITF,ITF3,15,Campania,Campania,5801692,1388843,23.94,0.14
540,2021-01-01,CAM,919,506,413,899,0,20,ITF,ITF3,15,Campania,Campania,5801692,1389762,23.95,0.02
541,2021-03-09,CAM,14140,6874,7266,9909,3799,432,ITF,ITF3,15,Campania,Campania,5801692,1403902,24.2,0.24
542,2021-05-31,CAM,40798,20695,20103,29844,10383,571,ITF,ITF3,15,Campania,Campania,5801692,1444700,24.9,0.7
543,2021-08-26,CAM,24535,12758,11777,8203,15527,805,ITF,ITF3,15,Campania,Campania,5801692,1469235,25.32,0.42
544,2021-04-16,CAM,34450,16638,17812,23084,10668,698,ITF,ITF3,15,Campania,Campania,5801692,1503685,25.92,0.59
545,2021-01-06,CAM,7652,3751,3901,7508,0,144,ITF,ITF3,15,Campania,Campania,5801692,1511337,26.05,0.13
546,2021-02-18,CAM,9111,3833,5278,8153,727,231,ITF,ITF3,15,Campania,Campania,5801692,1520448,26.21,0.16
547,2021-04-25,CAM,30743,15177,15566,24549,5408,786,ITF,ITF3,15,Campania,Campania,5801692,1551191,26.74,0.53
548,2021-01-11,CAM,4081,1879,2202,3971,0,110,ITF,ITF3,15,Campania,Campania,5801692,1555272,26.81,0.07
549,2021-05-26,CAM,52737,25874,26863,21110,31155,472,ITF,ITF3,15,Campania,Campania,5801692,1608009,27.72,0.91
550,2021-02-27,CAM,13958,4472,9486,11968,1653,337,ITF,ITF3,15,Campania,Campania,5801692,1621967,27.96,0.24
551,2021-06-16,CAM,31651,15010,16641,20529,10774,348,ITF,ITF3,15,Campania,Campania,5801692,1653618,28.5,0.55
552,2021-08-12,CAM,18919,9994,8925,12422,5710,787,ITF,ITF3,15,Campania,Campania,5801692,1672537,28.83,0.33
553,2021-05-02,CAM,43493,21549,21944,31202,11375,916,ITF,ITF3,15,Campania,Campania,5801692,1716030,29.58,0.75
554,2021-01-22,CAM,1534,783,751,666,854,14,ITF,ITF3,15,Campania,Campania,5801692,1717564,29.6,0.03
555,2021-07-31,CAM,30723,16215,14508,10572,19597,554,ITF,ITF3,15,Campania,Campania,5801692,1748287,30.13,0.53
556,2021-05-07,CAM,59788,29214,30574,42489,15967,1332,ITF,ITF3,15,Campania,Campania,5801692,1808075,31.16,1.03
557,2021-01-27,CAM,7755,3824,3931,168,7582,5,ITF,ITF3,15,Campania,Campania,5801692,1815830,31.3,0.13
558,2021-01-30,CAM,10732,5083,5649,43,10687,2,ITF,ITF3,15,Campania,Campania,5801692,1826562,31.48,0.18
559,2021-07-03,CAM,67284,32498,34786,8167,58711,406,ITF,ITF3,15,Campania,Campania,5801692,1893846,32.64,1.16
560,2021-08-29,CAM,10256,5573,4683,3710,6277,269,ITF,ITF3,15,Campania,Campania,5801692,1904102,32.82,0.18
561,2021-01-16,CAM,3372,1677,1695,3261,0,111,ITF,ITF3,15,Campania,Campania,5801692,1907474,32.88,0.06
562,2021-03-25,CAM,20328,9657,10671,16339,3507,482,ITF,ITF3,15,Campania,Campania,5801692,1927802,33.23,0.35
563,2021-07-24,CAM,47997,24873,23124,6734,40888,375,ITF,ITF3,15,Campania,Campania,5801692,1975799,34.06,0.83
564,2021-06-02,CAM,42941,20183,22758,37723,4729,489,ITF,ITF3,15,Campania,Campania,5801692,2018740,34.8,0.74
565,2021-02-22,CAM,10700,3299,7401,10158,279,263,ITF,ITF3,15,Campania,Campania,5801692,2029440,34.98,0.18
566,2021-03-11,CAM,18016,9067,8949,10282,7293,441,ITF,ITF3,15,Campania,Campania,5801692,2047456,35.29,0.31
567,2021-08-24,CAM,22601,11701,10900,8681,13184,736,ITF,ITF3,15,Campania,Campania,5801692,2070057,35.68,0.39
568,2021-05-16,CAM,51162,23230,27932,32854,17587,721,ITF,ITF3,15,Campania,Campania,5801692,2121219,36.56,0.88
569,2021-02-20,CAM,8573,3080,5493,8091,303,179,ITF,ITF3,15,Campania,Campania,5801692,2129792,36.71,0.15
570,2021-04-06,CAM,24526,11567,12959,19482,4525,519,ITF,ITF3,15,Campania,Campania,5801692,2154318,37.13,0.42
571,2021-07-12,CAM,56695,27373,29322,3734,52603,358,ITF,ITF3,15,Campania,Campania,5801692,2211013,38.11,0.98
572,2020-12-27,CAM,720,422,298,716,0,4,ITF,ITF3,15,Campania,Campania,5801692,2211733,38.12,0.01
573,2021-07-29,CAM,48525,24356,24169,13590,34138,797,ITF,ITF3,15,Campania,Campania,5801692,2260258,38.96,0.84
574,2021-04-20,CAM,32166,15550,16616,20246,11323,597,ITF,ITF3,15,Campania,Campania,5801692,2292424,39.51,0.55
575,2021-06-28,CAM,46529,22740,23789,20521,25408,600,ITF,ITF3,15,Campania,Campania,5801692,2338953,40.32,0.8
576,2021-03-20,CAM,13989,6530,7459,9982,3739,268,ITF,ITF3,15,Campania,Campania,5801692,2352942,40.56,0.24
577,2021-01-13,CAM,8032,3676,4356,7787,0,245,ITF,ITF3,15,Campania,Campania,5801692,2360974,40.69,0.14
578,2021-04-18,CAM,27221,13286,13935,17786,8903,532,ITF,ITF3,15,Campania,Campania,5801692,2388195,41.16,0.47
579,2021-03-06,CAM,16376,6818,9558,10377,5672,327,ITF,ITF3,15,Campania,Campania,5801692,2404571,41.45,0.28
580,2021-08-19,CAM,21973,11626,10347,9596,11726,651,ITF,ITF3,15,Campania,Campania,5801692,2426544,41.82,0.38
581,2021-01-20,CAM,1264,654,610,1233,0,31,ITF,ITF3,15,Campania,Campania,5801692,2427808,41.85,0.02
582,2021-04-13,CAM,26616,12690,13926,20542,5538,536,ITF,ITF3,15,Campania,Campania,5801692,2454424,42.31,0.46
583,2021-01-03,CAM,3836,2009,1827,3787,0,49,ITF,ITF3,15,Campania,Campania,5801692,2458260,42.37,0.07
584,2021-07-05,CAM,63306,30516,32790,12707,49880,719,ITF,ITF3,15,Campania,Campania,5801692,2521566,43.46,1.09
585,2021-02-03,CAM,8908,4006,4902,843,8029,36,ITF,ITF3,15,Campania,Campania,5801692,2530474,43.62,0.15
586,2021-05-18,CAM,52246,23253,28993,31854,19727,665,ITF,ITF3,15,Campania,Campania,5801692,2582720,44.52,0.9
587,2021-03-18,CAM,12181,5384,6797,5793,6193,195,ITF,ITF3,15,Campania,Campania,5801692,2594901,44.73,0.21
588,2021-01-08,CAM,10458,4970,5488,10197,0,261,ITF,ITF3,15,Campania,Campania,5801692,2605359,44.91,0.18
589,2021-04-27,CAM,32170,15633,16537,23440,7930,800,ITF,ITF3,15,Campania,Campania,5801692,2637529,45.46,0.55
590,2021-06-23,CAM,46773,22094,24679,10712,35800,261,ITF,ITF3,15,Campania,Campania,5801692,2684302,46.27,0.81
591,2021-08-05,CAM,35177,18026,17151,17310,16836,1031,ITF,ITF3,15,Campania,Campania,5801692,2719479,46.87,0.61
592,2021-01-15,CAM,5000,2394,2606,4842,0,158,ITF,ITF3,15,Campania,Campania,5801692,2724479,46.96,0.09
593,2021-06-21,CAM,46883,22649,24234,11287,35253,343,ITF,ITF3,15,Campania,Campania,5801692,2771362,47.77,0.81
594,2021-03-13,CAM,14525,7043,7482,8957,5283,285,ITF,ITF3,15,Campania,Campania,5801692,2785887,48.02,0.25
595,2021-03-22,CAM,13184,6347,6837,10828,2043,313,ITF,ITF3,15,Campania,Campania,5801692,2799071,48.25,0.23
596,2021-02-07,CAM,2929,1382,1547,2066,771,92,ITF,ITF3,15,Campania,Campania,5801692,2802000,48.3,0.05
597,2021-08-31,CAM,27699,13933,13766,10807,15935,957,ITF,ITF3,15,Campania,Campania,5801692,2829699,48.77,0.48
598,2021-02-15,CAM,5472,2516,2956,5151,175,146,ITF,ITF3,15,Campania,Campania,5801692,2835171,48.87,0.09
599,2021-06-09,CAM,53062,26052,27010,41586,10915,561,ITF,ITF3,15,Campania,Campania,5801692,2888233,49.78,0.91
600,2021-03-01,CAM,12133,4248,7885,7748,4113,272,ITF,ITF3,15,Campania,Campania,5801692,2900366,49.99,0.21
601,2021-08-17,CAM,22273,12040,10233,7303,14433,537,ITF,ITF3,15,Campania,Campania,5801692,2922639,50.38,0.38
602,2021-05-09,CAM,43213,20293,22920,30893,11106,1214,ITF,ITF3,15,Campania,Campania,5801692,2965852,51.12,0.74
603,2021-03-08,CAM,14692,6850,7842,9452,4781,459,ITF,ITF3,15,Campania,Campania,5801692,2980544,51.37,0.25
604,2021-05-04,CAM,48478,23342,25136,38259,8906,1313,ITF,ITF3,15,Campania,Campania,5801692,3029022,52.21,0.84
605,2021-01-24,CAM,4123,2120,2003,361,3745,17,ITF,ITF3,15,Campania,Campania,5801692,3033145,52.28,0.07
606,2021-08-21,CAM,9904,5430,4474,4086,5442,376,ITF,ITF3,15,Campania,Campania,5801692,3043049,52.45,0.17
607,2021-05-13,CAM,55457,24833,30624,37841,16024,1592,ITF,ITF3,15,Campania,Campania,5801692,3098506,53.41,0.96
608,2021-07-09,CAM,61493,29767,31726,4334,56829,330,ITF,ITF3,15,Campania,Campania,5801692,3159999,54.47,1.06
609,2021-01-31,CAM,8070,3712,4358,22,8047,1,ITF,ITF3,15,Campania,Campania,5801692,3168069,54.61,0.14
610,2021-08-22,CAM,6808,3875,2933,2538,4125,145,ITF,ITF3,15,Campania,Campania,5801692,3174877,54.72,0.12
611,2021-01-23,CAM,3843,2032,1811,267,3570,6,ITF,ITF3,15,Campania,Campania,5801692,3178720,54.79,0.07
612,2021-03-21,CAM,10074,4676,5398,7492,2391,191,ITF,ITF3,15,Campania,Campania,5801692,3188794,54.96,0.17
613,2021-02-10,CAM,6939,3439,3500,6484,206,249,ITF,ITF3,15,Campania,Campania,5801692,3195733,55.08,0.12
614,2021-07-17,CAM,55271,27563,27708,3492,51547,232,ITF,ITF3,15,Campania,Campania,5801692,3251004,56.04,0.95
615,2021-04-08,CAM,28500,13823,14677,22039,5848,613,ITF,ITF3,15,Campania,Campania,5801692,3279504,56.53,0.49
616,2021-06-04,CAM,74588,35845,38743,64669,9133,786,ITF,ITF3,15,Campania,Campania,5801692,3354092,57.81,1.29
617,2021-08-09,CAM,25086,13085,12001,13725,10464,897,ITF,ITF3,15,Campania,Campania,5801692,3379178,58.24,0.43
618,2021-02-05,CAM,7268,3464,3804,2023,5130,115,ITF,ITF3,15,Campania,Campania,5801692,3386446,58.37,0.13
619,2021-08-07,CAM,17196,9179,8017,11209,5287,700,ITF,ITF3,15,Campania,Campania,5801692,3403642,58.67,0.3
620,2021-04-29,CAM,41563,20183,21380,24000,16748,815,ITF,ITF3,15,Campania,Campania,5801692,3445205,59.38,0.72
621,2021-01-19,CAM,1110,485,625,1055,5,50,ITF,ITF3,15,Campania,Campania,5801692,3446315,59.4,0.02
622,2021-07-21,CAM,50180,24428,25752,8573,40887,720,ITF,ITF3,15,Campania,Campania,5801692,3496495,60.27,0.86
623,2021-07-07,CAM,52310,24822,27488,7220,44642,448,ITF,ITF3,15,Campania,Campania,5801692,3548805,61.17,0.9
624,2021-03-29,CAM,19409,9578,9831,17443,1550,416,ITF,ITF3,15,Campania,Campania,5801692,3568214,61.5,0.33
625,2021-06-30,CAM,47667,22775,24892,18340,28651,676,ITF,ITF3,15,Campania,Campania,5801692,3615881,62.32,0.82
626,2021-01-10,CAM,8165,3736,4429,7963,0,202,ITF,ITF3,15,Campania,Campania,5801692,3624046,62.47,0.14
627,2021-04-03,CAM,21119,10316,10803,18250,2383,486,ITF,ITF3,15,Campania,Campania,5801692,3645165,62.83,0.36
628,2021-08-16,CAM,12464,6693,5771,6229,5721,514,ITF,ITF3,15,Campania,Campania,5801692,3657629,63.04,0.21
629,2021-07-14,CAM,51115,24581,26534,4295,46499,321,ITF,ITF3,15,Campania,Campania,5801692,3708744,63.93,0.88
630,2021-04-05,CAM,11640,5541,6099,8911,2424,305,ITF,ITF3,15,Campania,Campania,5801692,3720384,64.13,0.2
631,2021-03-17,CAM,11598,5102,6496,4849,6591,158,ITF,ITF3,15,Campania,Campania,5801692,3731982,64.33,0.2
632,2021-06-11,CAM,70828,34411,36417,63746,6058,1024,ITF,ITF3,15,Campania,Campania,5801692,3802810,65.55,1.22
633,2021-03-03,CAM,13924,5496,8428,7077,6632,215,ITF,ITF3,15,Campania,Campania,5801692,3816734,65.79,0.24
634,2021-06-25,CAM,65519,31805,33714,13731,51347,441,ITF,ITF3,15,Campania,Campania,5801692,3882253,66.92,1.13
635,2021-05-11,CAM,39889,19251,20638,29539,9407,943,ITF,ITF3,15,Campania,Campania,5801692,3922142,67.6,0.69
636,2021-07-11,CAM,40867,19669,21198,1005,39774,88,ITF,ITF3,15,Campania,Campania,5801692,3963009,68.31,0.7
637,2021-05-21,CAM,63872,29652,34220,42155,20701,1016,ITF,ITF3,15,Campania,Campania,5801692,4026881,69.41,1.1
638,2021-04-01,CAM,24685,12014,12671,20046,4134,505,ITF,ITF3,15,Campania,Campania,5801692,4051566,69.83,0.43
639,2021-05-28,CAM,73071,35324,37747,26266,46181,624,ITF,ITF3,15,Campania,Campania,5801692,4124637,71.09,1.26
640,2021-01-17,CAM,1155,551,604,682,453,20,ITF,ITF3,15,Campania,Campania,5801692,4125792,71.11,0.02
641,2021-03-15,CAM,13350,6495,6855,8315,4747,288,ITF,ITF3,15,Campania,Campania,5801692,4139142,71.34,0.23
642,2021-07-02,CAM,55882,27003,28879,14402,40952,528,ITF,ITF3,15,Campania,Campania,5801692,4195024,72.31,0.96
643,2021-08-28,CAM,17706,9616,8090,5368,11841,497,ITF,ITF3,15,Campania,Campania,5801692,4212730,72.61,0.31
644,2021-01-21,CAM,2106,1125,981,678,1421,7,ITF,ITF3,15,Campania,Campania,5801692,4214836,72.65,0.04
645,2021-06-20,CAM,47612,22747,24865,14291,32993,328,ITF,ITF3,15,Campania,Campania,5801692,4262448,73.47,0.82
646,2021-03-27,CAM,21516,10241,11275,17220,3869,427,ITF,ITF3,15,Campania,Campania,5801692,4283964,73.84,0.37
647,2021-06-01,CAM,42280,20969,21311,31478,10545,257,ITF,ITF3,15,Campania,Campania,5801692,4326244,74.57,0.73
648,2021-06-18,CAM,65898,31406,34492,34999,30305,594,ITF,ITF3,15,Campania,Campania,5801692,4392142,75.7,1.14
649,2021-03-10,CAM,15634,7734,7900,8430,6852,352,ITF,ITF3,15,Campania,Campania,5801692,4407776,75.97,0.27
650,2021-08-06,CAM,31219,16254,14965,17554,12637,1028,ITF,ITF3,15,Campania,Campania,5801692,4438995,76.51,0.54
651,2021-08-23,CAM,23700,12348,11352,9526,13337,837,ITF,ITF3,15,Campania,Campania,5801692,4462695,76.92,0.41
652,2021-05-15,CAM,62815,29082,33733,42108,18870,1837,ITF,ITF3,15,Campania,Campania,5801692,4525510,78.0,1.08
653,2021-05-25,CAM,46551,22407,24144,22540,23455,556,ITF,ITF3,15,Campania,Campania,5801692,4572061,78.81,0.8
654,2021-04-22,CAM,34120,16637,17483,20910,12545,665,ITF,ITF3,15,Campania,Campania,5801692,4606181,79.39,0.59
655,2021-01-12,CAM,5221,2569,2652,5082,0,139,ITF,ITF3,15,Campania,Campania,5801692,4611402,79.48,0.09
656,2021-08-14,CAM,4917,2804,2113,2052,2705,160,ITF,ITF3,15,Campania,Campania,5801692,4616319,79.57,0.08
657,2021-05-23,CAM,58764,28648,30116,37213,20905,646,ITF,ITF3,15,Campania,Campania,5801692,4675083,80.58,1.01
658,2021-02-12,CAM,6563,2876,3687,6087,218,258,ITF,ITF3,15,Campania,Campania,5801692,4681646,80.69,0.11
659,2021-01-29,CAM,10084,4821,5263,65,10015,4,ITF,ITF3,15,Campania,Campania,5801692,4691730,80.87,0.17
660,2021-06-27,CAM,43559,21452,22107,14067,29072,420,ITF,ITF3,15,Campania,Campania,5801692,4735289,81.62,0.75
661,2021-03-19,CAM,11152,4978,6174,7083,3877,192,ITF,ITF3,15,Campania,Campania,5801692,4746441,81.81,0.19
662,2021-02-02,CAM,5732,2811,2921,415,5286,31,ITF,ITF3,15,Campania,Campania,5801692,4752173,81.91,0.1
663,2021-03-31,CAM,23201,11377,11824,19325,3442,434,ITF,ITF3,15,Campania,Campania,5801692,4775374,82.31,0.4
664,2021-07-18,CAM,31385,15806,15579,3872,27166,347,ITF,ITF3,15,Campania,Campania,5801692,4806759,82.85,0.54
665,2021-04-07,CAM,24975,11989,12986,19671,4726,578,ITF,ITF3,15,Campania,Campania,5801692,4831734,83.28,0.43
666,2021-05-27,CAM,73031,35383,37648,25810,46655,566,ITF,ITF3,15,Campania,Campania,5801692,4904765,84.54,1.26
667,2021-02-16,CAM,5471,2431,3040,4508,787,176,ITF,ITF3,15,Campania,Campania,5801692,4910236,84.63,0.09
668,2021-05-22,CAM,68131,32557,35574,45614,21658,859,ITF,ITF3,15,Campania,Campania,5801692,4978367,85.81,1.17
669,2021-08-30,CAM,29052,14989,14063,9733,18515,804,ITF,ITF3,15,Campania,Campania,5801692,5007419,86.31,0.5
670,2021-07-23,CAM,61835,30810,31025,8465,52862,508,ITF,ITF3,15,Campania,Campania,5801692,5069254,87.38,1.07
671,2021-04-14,CAM,27665,13338,14327,18645,8590,430,ITF,ITF3,15,Campania,Campania,5801692,5096919,87.85,0.48
672,2021-05-01,CAM,46353,22666,23687,29270,16112,971,ITF,ITF3,15,Campania,Campania,5801692,5143272,88.65,0.8
673,2021-07-06,CAM,56701,27070,29631,16081,40098,522,ITF,ITF3,15,Campania,Campania,5801692,5199973,89.63,0.98
674,2021-04-12,CAM,23309,10920,12389,19745,3037,527,ITF,ITF3,15,Campania,Campania,5801692,5223282,90.03,0.4
675,2021-01-02,CAM,3672,1963,1709,3614,0,58,ITF,ITF3,15,Campania,Campania,5801692,5226954,90.09,0.06
676,2021-06-17,CAM,60216,28868,31348,32822,26799,595,ITF,ITF3,15,Campania,Campania,5801692,5287170,91.13,1.04
677,2021-07-04,CAM,48823,23766,25057,6293,42319,211,ITF,ITF3,15,Campania,Campania,5801692,5335993,91.97,0.84
678,2021-03-26,CAM,19870,9326,10544,15612,3818,440,ITF,ITF3,15,Campania,Campania,5801692,5355863,92.32,0.34
679,2021-05-14,CAM,61048,27584,33464,34800,24737,1511,ITF,ITF3,15,Campania,Campania,5801692,5416911,93.37,1.05
680,2021-07-10,CAM,66913,32668,34245,2725,63962,226,ITF,ITF3,15,Campania,Campania,5801692,5483824,94.52,1.15
681,2021-02-24,CAM,11810,4158,7652,10818,715,277,ITF,ITF3,15,Campania,Campania,5801692,5495634,94.72,0.2
682,2021-03-12,CAM,14582,7413,7169,8153,6088,341,ITF,ITF3,15,Campania,Campania,5801692,5510216,94.98,0.25
683,2021-06-10,CAM,76012,36709,39303,67856,7108,1048,ITF,ITF3,15,Campania,Campania,5801692,5586228,96.29,1.31
684,2021-05-08,CAM,56448,27148,29300,39057,15845,1546,ITF,ITF3,15,Campania,Campania,5801692,5642676,97.26,0.97
685,2021-01-28,CAM,8851,4130,4721,140,8703,8,ITF,ITF3,15,Campania,Campania,5801692,5651527,97.41,0.15
686,2021-07-16,CAM,61055,29868,31187,6711,53906,438,ITF,ITF3,15,Campania,Campania,5801692,5712582,98.46,1.05
687,2021-04-02,CAM,21867,10525,11342,19061,2324,482,ITF,ITF3,15,Campania,Campania,5801692,5734449,98.84,0.38
688,2021-03-24,CAM,17923,8370,9553,14584,2958,381,ITF,ITF3,15,Campania,Campania,5801692,5752372,99.15,0.31
689,2021-05-20,CAM,61013,28245,32768,42244,17795,974,ITF,ITF3,15,Campania,Campania,5801692,5813385,100.2,1.05
690,2021-02-09,CAM,4654,2209,2445,4231,263,160,ITF,ITF3,15,Campania,Campania,5801692,5818039,100.28,0.08
691,2021-05-29,CAM,67879,32282,35597,43066,23962,851,ITF,ITF3,15,Campania,Campania,5801692,5885918,101.45,1.17
692,2021-07-25,CAM,23223,11802,11421,4335,18738,150,ITF,ITF3,15,Campania,Campania,5801692,5909141,101.85,0.4
693,2021-01-05,CAM,7237,3637,3600,7072,0,165,ITF,ITF3,15,Campania,Campania,5801692,5916378,101.98,0.12
694,2021-02-17,CAM,7418,3229,4189,6215,1073,130,ITF,ITF3,15,Campania,Campania,5801692,5923796,102.1,0.13
695,2021-04-15,CAM,34348,16665,17683,23781,9905,662,ITF,ITF3,15,Campania,Campania,5801692,5958144,102.7,0.59
696,2021-07-30,CAM,44832,22821,22011,14484,29501,847,ITF,ITF3,15,Campania,Campania,5801692,6002976,103.47,0.77
697,2021-04-21,CAM,30345,14770,15575,17550,12232,563,ITF,ITF3,15,Campania,Campania,5801692,6033321,103.99,0.52
698,2021-05-06,CAM,57620,28139,29481,41224,14776,1620,ITF,ITF3,15,Campania,Campania,5801692,6090941,104.99,0.99
699,2021-09-01,CAM,27271,13758,13513,10304,16121,846,ITF,ITF3,15,Campania,Campania,5801692,6118212,105.46,0.47
700,2021-08-18,CAM,19582,10340,9242,7750,11280,552,ITF,ITF3,15,Campania,Campania,5801692,6137794,105.79,0.34
701,2021-02-28,CAM,10414,3208,7206,8282,1901,231,ITF,ITF3,15,Campania,Campania,5801692,6148208,105.97,0.18
702,2021-02-14,CAM,3929,1923,2006,3842,34,53,ITF,ITF3,15,Campania,Campania,5801692,6152137,106.04,0.07
703,2021-06-03,CAM,72646,35234,37412,61035,10680,931,ITF,ITF3,15,Campania,Campania,5801692,6224783,107.29,1.25
704,2021-02-23,CAM,11017,3396,7621,10163,541,313,ITF,ITF3,15,Campania,Campania,5801692,6235800,107.48,0.19
705,2021-08-25,CAM,22823,12013,10810,8715,13409,699,ITF,ITF3,15,Campania,Campania,5801692,6258623,107.88,0.39
706,2021-02-21,CAM,5840,2242,3598,5489,228,123,ITF,ITF3,15,Campania,Campania,5801692,6264463,107.98,0.1
707,2021-07-28,CAM,49452,24547,24905,13901,34775,776,ITF,ITF3,15,Campania,Campania,5801692,6313915,108.83,0.85
708,2021-06-22,CAM,52454,25014,27440,13168,39004,282,ITF,ITF3,15,Campania,Campania,5801692,6366369,109.73,0.9
709,2021-03-14,CAM,8619,3828,4791,4362,4142,115,ITF,ITF3,15,Campania,Campania,5801692,6374988,109.88,0.15
710,2021-05-10,CAM,35480,16393,19087,24879,9932,669,ITF,ITF3,15,Campania,Campania,5801692,6410468,110.49,0.61
711,2021-06-08,CAM,53115,25876,27239,45368,7077,670,ITF,ITF3,15,Campania,Campania,5801692,6463583,111.41,0.92
712,2021-08-04,CAM,29829,15307,14522,15931,13092,806,ITF,ITF3,15,Campania,Campania,5801692,6493412,111.92,0.51
713,2021-04-26,CAM,34059,16654,17405,27540,5630,889,ITF,ITF3,15,Campania,Campania,5801692,6527471,112.51,0.59
714,2021-01-26,CAM,7350,3733,3617,335,6994,21,ITF,ITF3,15,Campania,Campania,5801692,6534821,112.64,0.13
715,2021-04-19,CAM,30773,14828,15945,18660,11577,536,ITF,ITF3,15,Campania,Campania,5801692,6565594,113.17,0.53
716,2021-01-09,CAM,10563,5022,5541,10301,0,262,ITF,ITF3,15,Campania,Campania,5801692,6576157,113.35,0.18
717,2021-03-07,CAM,11973,5406,6567,7778,3844,351,ITF,ITF3,15,Campania,Campania,5801692,6588130,113.56,0.21
718,2021-08-11,CAM,21050,11094,9956,12103,8143,804,ITF,ITF3,15,Campania,Campania,5801692,6609180,113.92,0.36
719,2021-05-03,CAM,40761,19894,20867,27859,11871,1031,ITF,ITF3,15,Campania,Campania,5801692,6649941,114.62,0.7
720,2021-06-29,CAM,49341,23996,25345,19716,29119,506,ITF,ITF3,15,Campania,Campania,5801692,6699282,115.47,0.85
721,2021-06-15,CAM,18684,9093,9591,10998,7419,267,ITF,ITF3,15,Campania,Campania,5801692,6717966,115.79,0.32
722,2021-07-08,CAM,61120,29417,31703,5635,55148,337,ITF,ITF3,15,Campania,Campania,5801692,6779086,116.85,1.05
723,2021-02-08,CAM,5128,2459,2669,4166,815,147,ITF,ITF3,15,Campania,Campania,5801692,6784214,116.94,0.09
724,2021-02-01,CAM,3988,1814,2174,104,3876,8,ITF,ITF3,15,Campania,Campania,5801692,6788202,117.0,0.07
725,2021-03-30,CAM,22057,10581,11476,18569,2958,530,ITF,ITF3,15,Campania,Campania,5801692,6810259,117.38,0.38
726,2021-04-17,CAM,36203,17518,18685,23953,11518,732,ITF,ITF3,15,Campania,Campania,5801692,6846462,118.01,0.62
727,2021-06-13,CAM,43430,21245,22185,37991,4731,708,ITF,ITF3,15,Campania,Campania,5801692,6889892,118.76,0.75
728,2021-05-30,CAM,52167,25452,26715,37958,13325,884,ITF,ITF3,15,Campania,Campania,5801692,6942059,119.66,0.9
729,2021-02-19,CAM,9588,3569,6019,8691,662,235,ITF,ITF3,15,Campania,Campania,5801692,6951647,119.82,0.17
730,2021-07-26,CAM,48859,24317,24542,10389,37936,534,ITF,ITF3,15,Campania,Campania,5801692,7000506,120.66,0.84
731,2020-12-31,CAM,1490,811,679,1470,0,20,ITF,ITF3,15,Campania,Campania,5801692,7001996,120.69,0.03
732,2021-06-06,CAM,63233,31449,31784,61794,650,789,ITF,ITF3,15,Campania,Campania,5801692,7065229,121.78,1.09
733,2021-02-26,CAM,13367,4237,9130,11697,1366,304,ITF,ITF3,15,Campania,Campania,5801692,7078596,122.01,0.23
734,2021-08-02,CAM,41770,21214,20556,13190,28019,561,ITF,ITF3,15,Campania,Campania,5801692,7120366,122.73,0.72
735,2021-04-24,CAM,36381,17535,18846,24326,11249,806,ITF,ITF3,15,Campania,Campania,5801692,7156747,123.36,0.63
736,2021-07-19,CAM,43996,21545,22451,5181,38373,442,ITF,ITF3,15,Campania,Campania,5801692,7200743,124.11,0.76
737,2021-04-10,CAM,28362,13496,14866,22785,4917,660,ITF,ITF3,15,Campania,Campania,5801692,7229105,124.6,0.49
738,2021-01-07,CAM,8909,4167,4742,8735,0,174,ITF,ITF3,15,Campania,Campania,5801692,7238014,124.76,0.15
739,2021-03-05,CAM,16826,6670,10156,9836,6672,318,ITF,ITF3,15,Campania,Campania,5801692,7254840,125.05,0.29
740,2021-08-13,CAM,16868,9154,7714,9732,6603,533,ITF,ITF3,15,Campania,Campania,5801692,7271708,125.34,0.29
741,2021-01-14,CAM,7080,2982,4098,6815,0,265,ITF,ITF3,15,Campania,Campania,5801692,7278788,125.46,0.12
742,2021-05-20,PAB,4974,2502,2472,3346,1479,149,ITH,ITH1,4,Provincia Autonoma Bolzano / Bozen,P.A. Bolzano,533050,4974,0.93,0.93
743,2021-08-11,PAB,1195,599,596,710,485,0,ITH,ITH1,4,Provincia Autonoma Bolzano / Bozen,P.A. Bolzano,533050,6169,1.16,0.22
744,2021-08-28,PAB,3260,1831,1429,1053,2207,0,ITH,ITH1,4,Provincia Autonoma Bolzano / Bozen,P.A. Bolzano,533050,9429,1.77,0.61
745,2021-07-09,PAB,5227,2612,2615,918,4168,141,ITH,ITH1,4,Provincia Autonoma Bolzano / Bozen,P.A. Bolzano,533050,14656,2.75,0.98
746,2021-07-16,PAB,4511,2448,2063,1072,3319,120,ITH,ITH1,4,Provincia Autonoma Bolzano / Bozen,P.A. Bolzano,533050,19167,3.6,0.85
747,2021-04-24,PAB,5119,2458,2661,4632,487,0,ITH,ITH1,4,Provincia Autonoma Bolzano / Bozen,P.A. Bolzano,533050,24286,4.56,0.96
748,2021-08-02,PAB,2131,1277,854,1167,875,89,ITH,ITH1,4,Provincia Autonoma Bolzano / Bozen,P.A. Bolzano,533050,26417,4.96,0.4
749,2021-07-14,PAB,872,452,420,481,361,30,ITH,ITH1,4,Provincia Autonoma Bolzano / Bozen,P.A. Bolzano,533050,27289,5.12,0.16
750,2021-04-05,PAB,304,147,157,24,280,0,ITH,ITH1,4,Provincia Autonoma Bolzano / Bozen,P.A. Bolzano,533050,27593,5.18,0.06
751,2021-06-27,PAB,4429,2315,2114,591,3810,28,ITH,ITH1,4,Provincia Autonoma Bolzano / Bozen,P.A. Bolzano,533050,32022,6.01,0.83
752,2021-01-12,PAB,1711,460,1251,1711,0,0,ITH,ITH1,4,Provincia Autonoma Bolzano / Bozen,P.A. Bolzano,533050,33733,6.33,0.32
753,2021-02-12,PAB,730,217,513,482,248,0,ITH,ITH1,4,Provincia Autonoma Bolzano / Bozen,P.A. Bolzano,533050,34463,6.47,0.14
754,2021-04-10,PAB,5416,2673,2743,4826,590,0,ITH,ITH1,4,Provincia Autonoma Bolzano / Bozen,P.A. Bolzano,533050,39879,7.48,1.02
755,2020-12-31,PAB,929,528,401,929,0,0,ITH,ITH1,4,Provincia Autonoma Bolzano / Bozen,P.A. Bolzano,533050,40808,7.66,0.17
756,2021-04-19,PAB,1876,860,1016,1694,182,0,ITH,ITH1,4,Provincia Autonoma Bolzano / Bozen,P.A. Bolzano,533050,42684,8.01,0.35
757,2021-06-15,PAB,2045,1184,861,481,1534,30,ITH,ITH1,4,Provincia Autonoma Bolzano / Bozen,P.A. Bolzano,533050,44729,8.39,0.38
758,2021-07-28,PAB,1437,784,653,881,495,61,ITH,ITH1,4,Provincia Autonoma Bolzano / Bozen,P.A. Bolzano,533050,46166,8.66,0.27
759,2021-06-06,PAB,4553,2189,2364,811,3693,49,ITH,ITH1,4,Provincia Autonoma Bolzano / Bozen,P.A. Bolzano,533050,50719,9.51,0.85
760,2021-02-26,PAB,1528,551,977,1498,30,0,ITH,ITH1,4,Provincia Autonoma Bolzano / Bozen,P.A. Bolzano,533050,52247,9.8,0.29
761,2021-06-01,PAB,3676,2384,1292,2061,1478,137,ITH,ITH1,4,Provincia Autonoma Bolzano / Bozen,P.A. Bolzano,533050,55923,10.49,0.69
762,2021-02-19,PAB,2252,512,1740,2241,11,0,ITH,ITH1,4,Provincia Autonoma Bolzano / Bozen,P.A. Bolzano,533050,58175,10.91,0.42
763,2021-06-20,PAB,5249,2854,2395,621,4604,24,ITH,ITH1,4,Provincia Autonoma Bolzano / Bozen,P.A. Bolzano,533050,63424,11.9,0.98
764,2021-02-07,PAB,2680,1186,1494,330,2350,0,ITH,ITH1,4,Provincia Autonoma Bolzano / Bozen,P.A. Bolzano,533050,66104,12.4,0.5
765,2021-05-18,PAB,3364,1765,1599,2091,1191,82,ITH,ITH1,4,Provincia Autonoma Bolzano / Bozen,P.A. Bolzano,533050,69468,13.03,0.63
766,2021-03-22,PAB,1159,527,632,1124,17,18,ITH,ITH1,4,Provincia Autonoma Bolzano / Bozen,P.A. Bolzano,533050,70627,13.25,0.22
767,2021-01-26,PAB,810,291,519,1,809,0,ITH,ITH1,4,Provincia Autonoma Bolzano / Bozen,P.A. Bolzano,533050,71437,13.4,0.15
768,2021-07-02,PAB,3202,1658,1544,857,2172,173,ITH,ITH1,4,Provincia Autonoma Bolzano / Bozen,P.A. Bolzano,533050,74639,14.0,0.6
769,2021-03-24,PAB,2067,1002,1065,2048,13,6,ITH,ITH1,4,Provincia Autonoma Bolzano / Bozen,P.A. Bolzano,533050,76706,14.39,0.39
770,2021-03-10,PAB,1277,537,740,1133,144,0,ITH,ITH1,4,Provincia Autonoma Bolzano / Bozen,P.A. Bolzano,533050,77983,14.63,0.24
771,2021-05-06,PAB,5191,2752,2439,2374,2571,246,ITH,ITH1,4,Provincia Autonoma Bolzano / Bozen,P.A. Bolzano,533050,83174,15.6,0.97
772,2021-04-17,PAB,5255,2609,2646,5211,44,0,ITH,ITH1,4,Provincia Autonoma Bolzano / Bozen,P.A. Bolzano,533050,88429,16.59,0.99
773,2021-01-07,PAB,921,329,592,921,0,0,ITH,ITH1,4,Provincia Autonoma Bolzano / Bozen,P.A. Bolzano,533050,89350,16.76,0.17
774,2021-07-21,PAB,3219,1881,1338,536,2644,39,ITH,ITH1,4,Provincia Autonoma Bolzano / Bozen,P.A. Bolzano,533050,92569,17.37,0.6
775,2021-04-12,PAB,2110,948,1162,2104,6,0,ITH,ITH1,4,Provincia Autonoma Bolzano / Bozen,P.A. Bolzano,533050,94679,17.76,0.4
776,2021-08-09,PAB,1542,861,681,1128,414,0,ITH,ITH1,4,Provincia Autonoma Bolzano / Bozen,P.A. Bolzano,533050,96221,18.05,0.29
777,2021-05-01,PAB,2105,1067,1038,1815,160,130,ITH,ITH1,4,Provincia Autonoma Bolzano / Bozen,P.A. Bolzano,533050,98326,18.45,0.39
778,2021-03-12,PAB,1668,736,932,1252,413,3,ITH,ITH1,4,Provincia Autonoma Bolzano / Bozen,P.A. Bolzano,533050,99994,18.76,0.31
779,2021-03-29,PAB,1172,500,672,412,760,0,ITH,ITH1,4,Provincia Autonoma Bolzano / Bozen,P.A. Bolzano,533050,101166,18.98,0.22
780,2021-03-17,PAB,581,213,368,580,1,0,ITH,ITH1,4,Provincia Autonoma Bolzano / Bozen,P.A. Bolzano,533050,101747,19.09,0.11
781,2021-08-21,PAB,1704,917,787,629,1075,0,ITH,ITH1,4,Provincia Autonoma Bolzano / Bozen,P.A. Bolzano,533050,103451,19.41,0.32
782,2021-05-13,PAB,3005,1360,1645,1023,1934,48,ITH,ITH1,4,Provincia Autonoma Bolzano / Bozen,P.A. Bolzano,533050,106456,19.97,0.56
783,2021-04-29,PAB,2638,1356,1282,1942,696,0,ITH,ITH1,4,Provincia Autonoma Bolzano / Bozen,P.A. Bolzano,533050,109094,20.47,0.49
784,2021-03-05,PAB,1843,627,1216,1397,443,3,ITH,ITH1,4,Provincia Autonoma Bolzano / Bozen,P.A. Bolzano,533050,110937,20.81,0.35
785,2021-05-27,PAB,6211,3276,2935,3915,2014,282,ITH,ITH1,4,Provincia Autonoma Bolzano / Bozen,P.A. Bolzano,533050,117148,21.98,1.17
786,2021-06-13,PAB,3689,2055,1634,453,3197,39,ITH,ITH1,4,Provincia Autonoma Bolzano / Bozen,P.A. Bolzano,533050,120837,22.67,0.69
787,2021-05-25,PAB,3898,2024,1874,2910,888,100,ITH,ITH1,4,Provincia Autonoma Bolzano / Bozen,P.A. Bolzano,533050,124735,23.4,0.73
788,2021-02-14,PAB,299,131,168,297,2,0,ITH,ITH1,4,Provincia Autonoma Bolzano / Bozen,P.A. Bolzano,533050,125034,23.46,0.06
789,2021-08-16,PAB,1961,1113,848,878,1083,0,ITH,ITH1,4,Provincia Autonoma Bolzano / Bozen,P.A. Bolzano,533050,126995,23.82,0.37
790,2021-05-08,PAB,4430,2383,2047,3575,664,191,ITH,ITH1,4,Provincia Autonoma Bolzano / Bozen,P.A. Bolzano,533050,131425,24.66,0.83
791,2021-03-03,PAB,1181,395,786,1168,13,0,ITH,ITH1,4,Provincia Autonoma Bolzano / Bozen,P.A. Bolzano,533050,132606,24.88,0.22
792,2021-06-29,PAB,1882,1016,866,246,1616,20,ITH,ITH1,4,Provincia Autonoma Bolzano / Bozen,P.A. Bolzano,533050,134488,25.23,0.35
793,2021-08-04,PAB,3811,2017,1794,2725,978,108,ITH,ITH1,4,Provincia Autonoma Bolzano / Bozen,P.A. Bolzano,533050,138299,25.94,0.71
794,2021-06-08,PAB,4265,2183,2082,892,3345,28,ITH,ITH1,4,Provincia Autonoma Bolzano / Bozen,P.A. Bolzano,533050,142564,26.74,0.8
795,2021-03-31,PAB,1835,695,1140,821,1014,0,ITH,ITH1,4,Provincia Autonoma Bolzano / Bozen,P.A. Bolzano,533050,144399,27.09,0.34
796,2021-07-23,PAB,4357,2376,1981,1709,2391,257,ITH,ITH1,4,Provincia Autonoma Bolzano / Bozen,P.A. Bolzano,533050,148756,27.91,0.82
797,2021-01-05,PAB,830,286,544,829,0,1,ITH,ITH1,4,Provincia Autonoma Bolzano / Bozen,P.A. Bolzano,533050,149586,28.06,0.16
798,2021-01-23,PAB,197,117,80,0,197,0,ITH,ITH1,4,Provincia Autonoma Bolzano / Bozen,P.A. Bolzano,533050,149783,28.1,0.04
799,2021-08-25,PAB,2731,1451,1280,818,1913,0,ITH,ITH1,4,Provincia Autonoma Bolzano / Bozen,P.A. Bolzano,533050,152514,28.61,0.51
800,2021-05-03,PAB,1838,851,987,398,1419,21,ITH,ITH1,4,Provincia Autonoma Bolzano / Bozen,P.A. Bolzano,533050,154352,28.96,0.34
801,2021-03-07,PAB,440,150,290,19,420,1,ITH,ITH1,4,Provincia Autonoma Bolzano / Bozen,P.A. Bolzano,533050,154792,29.04,0.08
802,2021-07-30,PAB,5298,2841,2457,3406,1542,350,ITH,ITH1,4,Provincia Autonoma Bolzano / Bozen,P.A. Bolzano,533050,160090,30.03,0.99
803,2021-04-21,PAB,3016,1469,1547,2169,847,0,ITH,ITH1,4,Provincia Autonoma Bolzano / Bozen,P.A. Bolzano,533050,163106,30.6,0.57
804,2021-06-24,PAB,3943,2041,1902,1570,2201,172,ITH,ITH1,4,Provincia Autonoma Bolzano / Bozen,P.A. Bolzano,533050,167049,31.34,0.74
805,2021-01-09,PAB,612,326,286,612,0,0,ITH,ITH1,4,Provincia Autonoma Bolzano / Bozen,P.A. Bolzano,533050,167661,31.45,0.11
806,2021-08-08,PAB,1875,1024,851,1013,855,7,ITH,ITH1,4,Provincia Autonoma Bolzano / Bozen,P.A. Bolzano,533050,169536,31.8,0.35
807,2021-01-21,PAB,969,452,517,140,829,0,ITH,ITH1,4,Provincia Autonoma Bolzano / Bozen,P.A. Bolzano,533050,170505,31.99,0.18
808,2021-07-25,PAB,1891,1127,764,665,1146,80,ITH,ITH1,4,Provincia Autonoma Bolzano / Bozen,P.A. Bolzano,533050,172396,32.34,0.35
809,2021-08-23,PAB,2127,1202,925,801,1326,0,ITH,ITH1,4,Provincia Autonoma Bolzano / Bozen,P.A. Bolzano,533050,174523,32.74,0.4
810,2021-08-20,PAB,3920,2066,1854,951,2968,1,ITH,ITH1,4,Provincia Autonoma Bolzano / Bozen,P.A. Bolzano,533050,178443,33.48,0.74
811,2021-05-10,PAB,3029,1306,1723,1338,1611,80,ITH,ITH1,4,Provincia Autonoma Bolzano / Bozen,P.A. Bolzano,533050,181472,34.04,0.57
812,2021-08-01,PAB,1318,759,559,713,551,54,ITH,ITH1,4,Provincia Autonoma Bolzano / Bozen,P.A. Bolzano,533050,182790,34.29,0.25
813,2021-03-21,PAB,769,286,483,15,754,0,ITH,ITH1,4,Provincia Autonoma Bolzano / Bozen,P.A. Bolzano,533050,183559,34.44,0.14
814,2021-06-12,PAB,5079,2754,2325,1675,3289,115,ITH,ITH1,4,Provincia Autonoma Bolzano / Bozen,P.A. Bolzano,533050,188638,35.39,0.95
815,2021-01-14,PAB,1953,578,1375,1953,0,0,ITH,ITH1,4,Provincia Autonoma Bolzano / Bozen,P.A. Bolzano,533050,190591,35.75,0.37
816,2021-04-07,PAB,1803,825,978,1262,541,0,ITH,ITH1,4,Provincia Autonoma Bolzano / Bozen,P.A. Bolzano,533050,192394,36.09,0.34
817,2021-03-02,PAB,696,200,496,694,2,0,ITH,ITH1,4,Provincia Autonoma Bolzano / Bozen,P.A. Bolzano,533050,193090,36.22,0.13
818,2021-03-19,PAB,1921,777,1144,801,1120,0,ITH,ITH1,4,Provincia Autonoma Bolzano / Bozen,P.A. Bolzano,533050,195011,36.58,0.36
819,2021-02-23,PAB,769,324,445,763,6,0,ITH,ITH1,4,Provincia Autonoma Bolzano / Bozen,P.A. Bolzano,533050,195780,36.73,0.14
820,2021-05-17,PAB,3154,1525,1629,2287,697,170,ITH,ITH1,4,Provincia Autonoma Bolzano / Bozen,P.A. Bolzano,533050,198934,37.32,0.59
821,2021-06-03,PAB,4890,2663,2227,3690,972,228,ITH,ITH1,4,Provincia Autonoma Bolzano / Bozen,P.A. Bolzano,533050,203824,38.24,0.92
822,2021-07-06,PAB,1721,925,796,694,982,45,ITH,ITH1,4,Provincia Autonoma Bolzano / Bozen,P.A. Bolzano,533050,205545,38.56,0.32
823,2021-06-22,PAB,2471,1423,1048,319,2126,26,ITH,ITH1,4,Provincia Autonoma Bolzano / Bozen,P.A. Bolzano,533050,208016,39.02,0.46
824,2021-03-14,PAB,758,336,422,25,733,0,ITH,ITH1,4,Provincia Autonoma Bolzano / Bozen,P.A. Bolzano,533050,208774,39.17,0.14
825,2021-08-06,PAB,3636,1915,1721,1203,2427,6,ITH,ITH1,4,Provincia Autonoma Bolzano / Bozen,P.A. Bolzano,533050,212410,39.85,0.68
826,2021-04-28,PAB,2469,1307,1162,2464,5,0,ITH,ITH1,4,Provincia Autonoma Bolzano / Bozen,P.A. Bolzano,533050,214879,40.31,0.46
827,2021-06-17,PAB,1773,982,791,623,1078,72,ITH,ITH1,4,Provincia Autonoma Bolzano / Bozen,P.A. Bolzano,533050,216652,40.64,0.33
828,2021-01-02,PAB,91,48,43,91,0,0,ITH,ITH1,4,Provincia Autonoma Bolzano / Bozen,P.A. Bolzano,533050,216743,40.66,0.02
829,2021-06-26,PAB,4548,2331,2217,1365,3077,106,ITH,ITH1,4,Provincia Autonoma Bolzano / Bozen,P.A. Bolzano,533050,221291,41.51,0.85
830,2021-08-18,PAB,879,461,418,381,498,0,ITH,ITH1,4,Provincia Autonoma Bolzano / Bozen,P.A. Bolzano,533050,222170,41.68,0.16
831,2021-02-16,PAB,530,205,325,530,0,0,ITH,ITH1,4,Provincia Autonoma Bolzano / Bozen,P.A. Bolzano,533050,222700,41.78,0.1
832,2021-01-28,PAB,872,309,563,9,863,0,ITH,ITH1,4,Provincia Autonoma Bolzano / Bozen,P.A. Bolzano,533050,223572,41.94,0.16
833,2021-07-01,PAB,4637,2304,2333,1312,3166,159,ITH,ITH1,4,Provincia Autonoma Bolzano / Bozen,P.A. Bolzano,533050,228209,42.81,0.87
834,2021-03-04,PAB,1720,1010,710,1487,229,4,ITH,ITH1,4,Provincia Autonoma Bolzano / Bozen,P.A. Bolzano,533050,229929,43.13,0.32
835,2021-06-05,PAB,6086,3034,3052,4699,1097,290,ITH,ITH1,4,Provincia Autonoma Bolzano / Bozen,P.A. Bolzano,533050,236015,44.28,1.14
836,2021-08-27,PAB,2709,1407,1302,990,1719,0,ITH,ITH1,4,Provincia Autonoma Bolzano / Bozen,P.A. Bolzano,533050,238724,44.78,0.51
837,2021-04-30,PAB,3348,1599,1749,1570,1778,0,ITH,ITH1,4,Provincia Autonoma Bolzano / Bozen,P.A. Bolzano,533050,242072,45.41,0.63
838,2021-01-16,PAB,2841,1265,1576,2841,0,0,ITH,ITH1,4,Provincia Autonoma Bolzano / Bozen,P.A. Bolzano,533050,244913,45.95,0.53
839,2021-06-10,PAB,4498,2334,2164,1308,3098,92,ITH,ITH1,4,Provincia Autonoma Bolzano / Bozen,P.A. Bolzano,533050,249411,46.79,0.84
840,2021-08-13,PAB,2904,1554,1350,1602,1299,3,ITH,ITH1,4,Provincia Autonoma Bolzano / Bozen,P.A. Bolzano,533050,252315,47.33,0.54
841,2021-04-26,PAB,1549,776,773,1544,5,0,ITH,ITH1,4,Provincia Autonoma Bolzano / Bozen,P.A. Bolzano,533050,253864,47.62,0.29
842,2021-04-14,PAB,3603,1650,1953,3508,95,0,ITH,ITH1,4,Provincia Autonoma Bolzano / Bozen,P.A. Bolzano,533050,257467,48.3,0.68
843,2021-01-04,PAB,510,201,309,510,0,0,ITH,ITH1,4,Provincia Autonoma Bolzano / Bozen,P.A. Bolzano,533050,257977,48.4,0.1
844,2021-03-18,PAB,1302,531,771,226,1076,0,ITH,ITH1,4,Provincia Autonoma Bolzano / Bozen,P.A. Bolzano,533050,259279,48.64,0.24
845,2021-08-22,PAB,992,545,447,307,685,0,ITH,ITH1,4,Provincia Autonoma Bolzano / Bozen,P.A. Bolzano,533050,260271,48.83,0.19
846,2021-05-14,PAB,5145,2323,2822,2904,2044,197,ITH,ITH1,4,Provincia Autonoma Bolzano / Bozen,P.A. Bolzano,533050,265416,49.79,0.97
847,2021-03-16,PAB,1290,532,758,124,1166,0,ITH,ITH1,4,Provincia Autonoma Bolzano / Bozen,P.A. Bolzano,533050,266706,50.03,0.24
848,2021-05-12,PAB,3805,2063,1742,3422,154,229,ITH,ITH1,4,Provincia Autonoma Bolzano / Bozen,P.A. Bolzano,533050,270511,50.75,0.71
849,2021-02-01,PAB,1466,448,1018,14,1452,0,ITH,ITH1,4,Provincia Autonoma Bolzano / Bozen,P.A. Bolzano,533050,271977,51.02,0.28
850,2021-08-29,PAB,868,479,389,370,498,0,ITH,ITH1,4,Provincia Autonoma Bolzano / Bozen,P.A. Bolzano,533050,272845,51.19,0.16
851,2021-01-24,PAB,12,10,2,0,12,0,ITH,ITH1,4,Provincia Autonoma Bolzano / Bozen,P.A. Bolzano,533050,272857,51.19,0.0
852,2021-07-04,PAB,4421,2132,2289,160,4233,28,ITH,ITH1,4,Provincia Autonoma Bolzano / Bozen,P.A. Bolzano,533050,277278,52.02,0.83
853,2021-08-30,PAB,2135,1123,1012,845,1290,0,ITH,ITH1,4,Provincia Autonoma Bolzano / Bozen,P.A. Bolzano,533050,279413,52.42,0.4
854,2021-05-26,PAB,5019,2537,2482,2869,1978,172,ITH,ITH1,4,Provincia Autonoma Bolzano / Bozen,P.A. Bolzano,533050,284432,53.36,0.94
855,2021-08-17,PAB,1244,688,556,854,390,0,ITH,ITH1,4,Provincia Autonoma Bolzano / Bozen,P.A. Bolzano,533050,285676,53.59,0.23
856,2021-04-25,PAB,3078,1501,1577,2406,672,0,ITH,ITH1,4,Provincia Autonoma Bolzano / Bozen,P.A. Bolzano,533050,288754,54.17,0.58
857,2021-08-03,PAB,2947,1586,1361,1982,837,128,ITH,ITH1,4,Provincia Autonoma Bolzano / Bozen,P.A. Bolzano,533050,291701,54.72,0.55
858,2021-01-13,PAB,1727,569,1158,1727,0,0,ITH,ITH1,4,Provincia Autonoma Bolzano / Bozen,P.A. Bolzano,533050,293428,55.05,0.32
859,2021-01-30,PAB,498,245,253,4,494,0,ITH,ITH1,4,Provincia Autonoma Bolzano / Bozen,P.A. Bolzano,533050,293926,55.14,0.09
860,2021-07-10,PAB,5812,3001,2811,958,4748,106,ITH,ITH1,4,Provincia Autonoma Bolzano / Bozen,P.A. Bolzano,533050,299738,56.23,1.09
861,2021-01-18,PAB,1775,688,1087,1770,5,0,ITH,ITH1,4,Provincia Autonoma Bolzano / Bozen,P.A. Bolzano,533050,301513,56.56,0.33
862,2021-02-06,PAB,2633,1176,1457,19,2614,0,ITH,ITH1,4,Provincia Autonoma Bolzano / Bozen,P.A. Bolzano,533050,304146,57.06,0.49
863,2021-06-21,PAB,3168,1615,1553,260,2868,40,ITH,ITH1,4,Provincia Autonoma Bolzano / Bozen,P.A. Bolzano,533050,307314,57.65,0.59
864,2021-01-20,PAB,619,254,365,410,209,0,ITH,ITH1,4,Provincia Autonoma Bolzano / Bozen,P.A. Bolzano,533050,307933,57.77,0.12
865,2021-07-22,PAB,3734,1940,1794,1735,1788,211,ITH,ITH1,4,Provincia Autonoma Bolzano / Bozen,P.A. Bolzano,533050,311667,58.47,0.7
866,2021-01-06,PAB,59,18,41,59,0,0,ITH,ITH1,4,Provincia Autonoma Bolzano / Bozen,P.A. Bolzano,533050,311726,58.48,0.01
867,2021-03-30,PAB,1302,532,770,220,1082,0,ITH,ITH1,4,Provincia Autonoma Bolzano / Bozen,P.A. Bolzano,533050,313028,58.72,0.24
868,2021-04-16,PAB,2958,1424,1534,2445,512,1,ITH,ITH1,4,Provincia Autonoma Bolzano / Bozen,P.A. Bolzano,533050,315986,59.28,0.55
869,2021-07-08,PAB,5511,2783,2728,549,4887,75,ITH,ITH1,4,Provincia Autonoma Bolzano / Bozen,P.A. Bolzano,533050,321497,60.31,1.03
870,2021-03-09,PAB,1194,543,651,1192,2,0,ITH,ITH1,4,Provincia Autonoma Bolzano / Bozen,P.A. Bolzano,533050,322691,60.54,0.22
871,2021-05-23,PAB,4343,2305,2038,4141,8,194,ITH,ITH1,4,Provincia Autonoma Bolzano / Bozen,P.A. Bolzano,533050,327034,61.35,0.81
872,2021-07-19,PAB,2781,1394,1387,625,2047,109,ITH,ITH1,4,Provincia Autonoma Bolzano / Bozen,P.A. Bolzano,533050,329815,61.87,0.52
873,2021-02-03,PAB,1506,479,1027,5,1501,0,ITH,ITH1,4,Provincia Autonoma Bolzano / Bozen,P.A. Bolzano,533050,331321,62.16,0.28
874,2021-05-15,PAB,7019,3695,3324,6336,294,389,ITH,ITH1,4,Provincia Autonoma Bolzano / Bozen,P.A. Bolzano,533050,338340,63.47,1.32
875,2021-02-04,PAB,1966,596,1370,8,1958,0,ITH,ITH1,4,Provincia Autonoma Bolzano / Bozen,P.A. Bolzano,533050,340306,63.84,0.37
876,2021-07-11,PAB,6075,3094,2981,1090,4879,106,ITH,ITH1,4,Provincia Autonoma Bolzano / Bozen,P.A. Bolzano,533050,346381,64.98,1.14
877,2021-04-02,PAB,2090,841,1249,701,1357,32,ITH,ITH1,4,Provincia Autonoma Bolzano / Bozen,P.A. Bolzano,533050,348471,65.37,0.39
878,2021-05-29,PAB,7340,3907,3433,4043,3144,153,ITH,ITH1,4,Provincia Autonoma Bolzano / Bozen,P.A. Bolzano,533050,355811,66.75,1.38
879,2021-08-15,PAB,614,332,282,281,333,0,ITH,ITH1,4,Provincia Autonoma Bolzano / Bozen,P.A. Bolzano,533050,356425,66.87,0.12
880,2021-05-07,PAB,4200,2063,2137,3398,528,274,ITH,ITH1,4,Provincia Autonoma Bolzano / Bozen,P.A. Bolzano,533050,360625,67.65,0.79
881,2021-07-03,PAB,5638,2792,2846,975,4565,98,ITH,ITH1,4,Provincia Autonoma Bolzano / Bozen,P.A. Bolzano,533050,366263,68.71,1.06
882,2021-05-05,PAB,4161,1948,2213,1827,2118,216,ITH,ITH1,4,Provincia Autonoma Bolzano / Bozen,P.A. Bolzano,533050,370424,69.49,0.78
883,2021-01-25,PAB,493,187,306,3,490,0,ITH,ITH1,4,Provincia Autonoma Bolzano / Bozen,P.A. Bolzano,533050,370917,69.58,0.09
884,2021-03-23,PAB,1555,760,795,1543,1,11,ITH,ITH1,4,Provincia Autonoma Bolzano / Bozen,P.A. Bolzano,533050,372472,69.88,0.29
885,2021-06-14,PAB,2984,1617,1367,577,2361,46,ITH,ITH1,4,Provincia Autonoma Bolzano / Bozen,P.A. Bolzano,533050,375456,70.44,0.56
886,2021-02-15,PAB,72,42,30,26,46,0,ITH,ITH1,4,Provincia Autonoma Bolzano / Bozen,P.A. Bolzano,533050,375528,70.45,0.01
887,2021-08-19,PAB,1746,962,784,1132,613,1,ITH,ITH1,4,Provincia Autonoma Bolzano / Bozen,P.A. Bolzano,533050,377274,70.78,0.33
888,2021-05-11,PAB,2854,1338,1516,1262,1523,69,ITH,ITH1,4,Provincia Autonoma Bolzano / Bozen,P.A. Bolzano,533050,380128,71.31,0.54
889,2021-04-23,PAB,4554,2157,2397,3261,1293,0,ITH,ITH1,4,Provincia Autonoma Bolzano / Bozen,P.A. Bolzano,533050,384682,72.17,0.85
890,2021-01-11,PAB,1593,522,1071,1593,0,0,ITH,ITH1,4,Provincia Autonoma Bolzano / Bozen,P.A. Bolzano,533050,386275,72.47,0.3
891,2021-07-15,PAB,4391,2317,2074,1515,2701,175,ITH,ITH1,4,Provincia Autonoma Bolzano / Bozen,P.A. Bolzano,533050,390666,73.29,0.82
892,2021-04-06,PAB,2253,1120,1133,2151,102,0,ITH,ITH1,4,Provincia Autonoma Bolzano / Bozen,P.A. Bolzano,533050,392919,73.71,0.42
893,2021-06-19,PAB,5664,3016,2648,555,5037,72,ITH,ITH1,4,Provincia Autonoma Bolzano / Bozen,P.A. Bolzano,533050,398583,74.77,1.06
894,2021-03-11,PAB,1691,830,861,1145,538,8,ITH,ITH1,4,Provincia Autonoma Bolzano / Bozen,P.A. Bolzano,533050,400274,75.09,0.32
895,2021-02-25,PAB,1498,549,949,1497,1,0,ITH,ITH1,4,Provincia Autonoma Bolzano / Bozen,P.A. Bolzano,533050,401772,75.37,0.28
896,2021-06-02,PAB,1468,824,644,978,459,31,ITH,ITH1,4,Provincia Autonoma Bolzano / Bozen,P.A. Bolzano,533050,403240,75.65,0.28
897,2021-02-08,PAB,2,1,1,1,1,0,ITH,ITH1,4,Provincia Autonoma Bolzano / Bozen,P.A. Bolzano,533050,403242,75.65,0.0
898,2021-03-28,PAB,569,212,357,11,558,0,ITH,ITH1,4,Provincia Autonoma Bolzano / Bozen,P.A. Bolzano,533050,403811,75.75,0.11
899,2021-08-10,PAB,1846,1013,833,1567,278,1,ITH,ITH1,4,Provincia Autonoma Bolzano / Bozen,P.A. Bolzano,533050,405657,76.1,0.35
900,2021-02-10,PAB,1637,605,1032,27,1610,0,ITH,ITH1,4,Provincia Autonoma Bolzano / Bozen,P.A. Bolzano,533050,407294,76.41,0.31
901,2021-08-31,PAB,1960,1052,908,718,1242,0,ITH,ITH1,4,Provincia Autonoma Bolzano / Bozen,P.A. Bolzano,533050,409254,76.78,0.37
902,2021-05-21,PAB,7395,4064,3331,5230,1878,287,ITH,ITH1,4,Provincia Autonoma Bolzano / Bozen,P.A. Bolzano,533050,416649,78.16,1.39
903,2021-04-01,PAB,2791,1409,1382,2645,146,0,ITH,ITH1,4,Provincia Autonoma Bolzano / Bozen,P.A. Bolzano,533050,419440,78.69,0.52
904,2021-07-05,PAB,2936,1406,1530,823,1984,129,ITH,ITH1,4,Provincia Autonoma Bolzano / Bozen,P.A. Bolzano,533050,422376,79.24,0.55
905,2021-05-30,PAB,4793,2531,2262,733,4030,30,ITH,ITH1,4,Provincia Autonoma Bolzano / Bozen,P.A. Bolzano,533050,427169,80.14,0.9
906,2021-07-12,PAB,3533,1755,1778,252,3243,38,ITH,ITH1,4,Provincia Autonoma Bolzano / Bozen,P.A. Bolzano,533050,430702,80.8,0.66
907,2021-04-03,PAB,833,366,467,22,811,0,ITH,ITH1,4,Provincia Autonoma Bolzano / Bozen,P.A. Bolzano,533050,431535,80.96,0.16
908,2021-03-25,PAB,2171,1080,1091,1725,443,3,ITH,ITH1,4,Provincia Autonoma Bolzano / Bozen,P.A. Bolzano,533050,433706,81.36,0.41
909,2021-07-31,PAB,3168,1720,1448,2114,924,130,ITH,ITH1,4,Provincia Autonoma Bolzano / Bozen,P.A. Bolzano,533050,436874,81.96,0.59
910,2021-01-29,PAB,1515,518,997,24,1491,0,ITH,ITH1,4,Provincia Autonoma Bolzano / Bozen,P.A. Bolzano,533050,438389,82.24,0.28
911,2021-04-22,PAB,2938,1511,1427,1996,942,0,ITH,ITH1,4,Provincia Autonoma Bolzano / Bozen,P.A. Bolzano,533050,441327,82.79,0.55
912,2021-05-09,PAB,4243,2410,1833,2934,1150,159,ITH,ITH1,4,Provincia Autonoma Bolzano / Bozen,P.A. Bolzano,533050,445570,83.59,0.8
913,2021-03-26,PAB,1663,737,926,524,1137,2,ITH,ITH1,4,Provincia Autonoma Bolzano / Bozen,P.A. Bolzano,533050,447233,83.9,0.31
914,2021-04-09,PAB,2942,1303,1639,2212,730,0,ITH,ITH1,4,Provincia Autonoma Bolzano / Bozen,P.A. Bolzano,533050,450175,84.45,0.55
915,2021-05-22,PAB,6843,3571,3272,4479,2168,196,ITH,ITH1,4,Provincia Autonoma Bolzano / Bozen,P.A. Bolzano,533050,457018,85.74,1.28
916,2021-02-11,PAB,1094,432,662,239,855,0,ITH,ITH1,4,Provincia Autonoma Bolzano / Bozen,P.A. Bolzano,533050,458112,85.94,0.21
917,2021-07-18,PAB,1868,1033,835,649,1150,69,ITH,ITH1,4,Provincia Autonoma Bolzano / Bozen,P.A. Bolzano,533050,459980,86.29,0.35
918,2021-07-17,PAB,3147,1801,1346,712,2351,84,ITH,ITH1,4,Provincia Autonoma Bolzano / Bozen,P.A. Bolzano,533050,463127,86.88,0.59
919,2021-04-08,PAB,2795,1360,1435,2586,204,5,ITH,ITH1,4,Provincia Autonoma Bolzano / Bozen,P.A. Bolzano,533050,465922,87.41,0.52
920,2020-12-27,PAB,144,65,79,144,0,0,ITH,ITH1,4,Provincia Autonoma Bolzano / Bozen,P.A. Bolzano,533050,466066,87.43,0.03
921,2021-06-04,PAB,6719,3386,3333,4949,1537,233,ITH,ITH1,4,Provincia Autonoma Bolzano / Bozen,P.A. Bolzano,533050,472785,88.69,1.26
922,2021-02-24,PAB,1368,407,961,1356,12,0,ITH,ITH1,4,Provincia Autonoma Bolzano / Bozen,P.A. Bolzano,533050,474153,88.95,0.26
923,2021-03-27,PAB,3053,1554,1499,1545,1508,0,ITH,ITH1,4,Provincia Autonoma Bolzano / Bozen,P.A. Bolzano,533050,477206,89.52,0.57
924,2021-03-13,PAB,2886,1460,1426,2785,101,0,ITH,ITH1,4,Provincia Autonoma Bolzano / Bozen,P.A. Bolzano,533050,480092,90.07,0.54
925,2021-02-05,PAB,3202,1187,2015,8,3194,0,ITH,ITH1,4,Provincia Autonoma Bolzano / Bozen,P.A. Bolzano,533050,483294,90.67,0.6
926,2021-08-24,PAB,1968,1027,941,572,1396,0,ITH,ITH1,4,Provincia Autonoma Bolzano / Bozen,P.A. Bolzano,533050,485262,91.03,0.37
927,2021-05-16,PAB,2029,935,1094,1285,694,50,ITH,ITH1,4,Provincia Autonoma Bolzano / Bozen,P.A. Bolzano,533050,487291,91.42,0.38
928,2021-01-27,PAB,85,29,56,2,83,0,ITH,ITH1,4,Provincia Autonoma Bolzano / Bozen,P.A. Bolzano,533050,487376,91.43,0.02
929,2021-03-06,PAB,3976,2082,1894,3765,211,0,ITH,ITH1,4,Provincia Autonoma Bolzano / Bozen,P.A. Bolzano,533050,491352,92.18,0.75
930,2021-05-28,PAB,7466,3942,3524,5368,1895,203,ITH,ITH1,4,Provincia Autonoma Bolzano / Bozen,P.A. Bolzano,533050,498818,93.58,1.4
931,2021-02-17,PAB,156,51,105,139,17,0,ITH,ITH1,4,Provincia Autonoma Bolzano / Bozen,P.A. Bolzano,533050,498974,93.61,0.03
932,2021-02-18,PAB,1838,457,1381,1830,7,1,ITH,ITH1,4,Provincia Autonoma Bolzano / Bozen,P.A. Bolzano,533050,500812,93.95,0.34
933,2021-07-29,PAB,1340,717,623,719,570,51,ITH,ITH1,4,Provincia Autonoma Bolzano / Bozen,P.A. Bolzano,533050,502152,94.2,0.25
934,2021-04-15,PAB,4410,2314,2096,4144,266,0,ITH,ITH1,4,Provincia Autonoma Bolzano / Bozen,P.A. Bolzano,533050,506562,95.03,0.83
935,2021-07-24,PAB,4827,2847,1980,1387,3329,111,ITH,ITH1,4,Provincia Autonoma Bolzano / Bozen,P.A. Bolzano,533050,511389,95.94,0.91
936,2021-05-02,PAB,2453,1284,1169,1431,915,107,ITH,ITH1,4,Provincia Autonoma Bolzano / Bozen,P.A. Bolzano,533050,513842,96.4,0.46
937,2021-01-22,PAB,248,143,105,124,124,0,ITH,ITH1,4,Provincia Autonoma Bolzano / Bozen,P.A. Bolzano,533050,514090,96.44,0.05
938,2021-05-19,PAB,3886,1996,1890,1963,1789,134,ITH,ITH1,4,Provincia Autonoma Bolzano / Bozen,P.A. Bolzano,533050,517976,97.17,0.73
939,2021-01-03,PAB,41,16,25,41,0,0,ITH,ITH1,4,Provincia Autonoma Bolzano / Bozen,P.A. Bolzano,533050,518017,97.18,0.01
940,2021-04-13,PAB,2399,1134,1265,2392,7,0,ITH,ITH1,4,Provincia Autonoma Bolzano / Bozen,P.A. Bolzano,533050,520416,97.63,0.45
941,2021-07-26,PAB,1628,940,688,1126,411,91,ITH,ITH1,4,Provincia Autonoma Bolzano / Bozen,P.A. Bolzano,533050,522044,97.94,0.31
942,2021-06-30,PAB,3064,1565,1499,400,2608,56,ITH,ITH1,4,Provincia Autonoma Bolzano / Bozen,P.A. Bolzano,533050,525108,98.51,0.57
943,2021-06-11,PAB,5838,3003,2835,2140,3486,212,ITH,ITH1,4,Provincia Autonoma Bolzano / Bozen,P.A. Bolzano,533050,530946,99.61,1.1
944,2021-03-20,PAB,1760,851,909,1130,625,5,ITH,ITH1,4,Provincia Autonoma Bolzano / Bozen,P.A. Bolzano,533050,532706,99.94,0.33
945,2021-06-28,PAB,4613,2307,2306,217,4372,24,ITH,ITH1,4,Provincia Autonoma Bolzano / Bozen,P.A. Bolzano,533050,537319,100.8,0.87
946,2020-12-30,PAB,389,183,206,389,0,0,ITH,ITH1,4,Provincia Autonoma Bolzano / Bozen,P.A. Bolzano,533050,537708,100.87,0.07
947,2021-06-09,PAB,3868,1919,1949,1263,2497,108,ITH,ITH1,4,Provincia Autonoma Bolzano / Bozen,P.A. Bolzano,533050,541576,101.6,0.73
948,2021-03-01,PAB,924,223,701,923,1,0,ITH,ITH1,4,Provincia Autonoma Bolzano / Bozen,P.A. Bolzano,533050,542500,101.77,0.17
949,2021-08-05,PAB,3466,1885,1581,1801,1577,88,ITH,ITH1,4,Provincia Autonoma Bolzano / Bozen,P.A. Bolzano,533050,545966,102.42,0.65
950,2021-03-15,PAB,1194,452,742,711,482,1,ITH,ITH1,4,Provincia Autonoma Bolzano / Bozen,P.A. Bolzano,533050,547160,102.65,0.22
951,2021-04-27,PAB,2234,1015,1219,1156,1078,0,ITH,ITH1,4,Provincia Autonoma Bolzano / Bozen,P.A. Bolzano,533050,549394,103.07,0.42
952,2021-01-17,PAB,2329,1044,1285,2318,11,0,ITH,ITH1,4,Provincia Autonoma Bolzano / Bozen,P.A. Bolzano,533050,551723,103.5,0.44
953,2021-06-23,PAB,1153,595,558,333,768,52,ITH,ITH1,4,Provincia Autonoma Bolzano / Bozen,P.A. Bolzano,533050,552876,103.72,0.22
954,2021-04-20,PAB,1565,785,780,1562,3,0,ITH,ITH1,4,Provincia Autonoma Bolzano / Bozen,P.A. Bolzano,533050,554441,104.01,0.29
955,2021-01-10,PAB,2,2,0,2,0,0,ITH,ITH1,4,Provincia Autonoma Bolzano / Bozen,P.A. Bolzano,533050,554443,104.01,0.0
956,2021-06-16,PAB,3823,2028,1795,11,3807,5,ITH,ITH1,4,Provincia Autonoma Bolzano / Bozen,P.A. Bolzano,533050,558266,104.73,0.72
957,2021-02-22,PAB,526,143,383,514,12,0,ITH,ITH1,4,Provincia Autonoma Bolzano / Bozen,P.A. Bolzano,533050,558792,104.83,0.1
958,2021-08-26,PAB,2235,1131,1104,880,1355,0,ITH,ITH1,4,Provincia Autonoma Bolzano / Bozen,P.A. Bolzano,533050,561027,105.25,0.42
959,2021-07-07,PAB,1992,1033,959,601,1336,55,ITH,ITH1,4,Provincia Autonoma Bolzano / Bozen,P.A. Bolzano,533050,563019,105.62,0.37
960,2021-03-08,PAB,1211,534,677,1184,27,0,ITH,ITH1,4,Provincia Autonoma Bolzano / Bozen,P.A. Bolzano,533050,564230,105.85,0.23
961,2021-08-12,PAB,3357,1719,1638,646,2709,2,ITH,ITH1,4,Provincia Autonoma Bolzano / Bozen,P.A. Bolzano,533050,567587,106.48,0.63
962,2021-05-04,PAB,3452,1844,1608,2269,1038,145,ITH,ITH1,4,Provincia Autonoma Bolzano / Bozen,P.A. Bolzano,533050,571039,107.13,0.65
963,2021-01-19,PAB,853,371,482,723,130,0,ITH,ITH1,4,Provincia Autonoma Bolzano / Bozen,P.A. Bolzano,533050,571892,107.29,0.16
964,2021-06-25,PAB,4179,2308,1871,1026,3014,139,ITH,ITH1,4,Provincia Autonoma Bolzano / Bozen,P.A. Bolzano,533050,576071,108.07,0.78
965,2021-02-09,PAB,317,126,191,1,316,0,ITH,ITH1,4,Provincia Autonoma Bolzano / Bozen,P.A. Bolzano,533050,576388,108.13,0.06
966,2021-07-13,PAB,3383,1732,1651,1325,1930,128,ITH,ITH1,4,Provincia Autonoma Bolzano / Bozen,P.A. Bolzano,533050,579771,108.76,0.63
967,2021-02-02,PAB,1752,509,1243,8,1744,0,ITH,ITH1,4,Provincia Autonoma Bolzano / Bozen,P.A. Bolzano,533050,581523,109.09,0.33
968,2021-07-20,PAB,3133,1730,1403,1404,1524,205,ITH,ITH1,4,Provincia Autonoma Bolzano / Bozen,P.A. Bolzano,533050,584656,109.68,0.59
969,2021-09-01,PAB,492,234,258,303,189,0,ITH,ITH1,4,Provincia Autonoma Bolzano / Bozen,P.A. Bolzano,533050,585148,109.77,0.09
970,2021-05-31,PAB,3067,1514,1553,2086,867,114,ITH,ITH1,4,Provincia Autonoma Bolzano / Bozen,P.A. Bolzano,533050,588215,110.35,0.58
971,2021-01-01,PAB,6,5,1,6,0,0,ITH,ITH1,4,Provincia Autonoma Bolzano / Bozen,P.A. Bolzano,533050,588221,110.35,0.0
972,2021-06-07,PAB,2986,1554,1432,2524,324,138,ITH,ITH1,4,Provincia Autonoma Bolzano / Bozen,P.A. Bolzano,533050,591207,110.91,0.56
973,2021-02-27,PAB,2458,759,1699,2448,10,0,ITH,ITH1,4,Provincia Autonoma Bolzano / Bozen,P.A. Bolzano,533050,593665,111.37,0.46
974,2021-02-13,PAB,318,79,239,312,6,0,ITH,ITH1,4,Provincia Autonoma Bolzano / Bozen,P.A. Bolzano,533050,593983,111.43,0.06
975,2021-04-11,PAB,2734,1301,1433,2555,178,1,ITH,ITH1,4,Provincia Autonoma Bolzano / Bozen,P.A. Bolzano,533050,596717,111.94,0.51
976,2021-05-24,PAB,1459,769,690,1060,335,64,ITH,ITH1,4,Provincia Autonoma Bolzano / Bozen,P.A. Bolzano,533050,598176,112.22,0.27
977,2021-02-20,PAB,1802,540,1262,1784,18,0,ITH,ITH1,4,Provincia Autonoma Bolzano / Bozen,P.A. Bolzano,533050,599978,112.56,0.34
978,2021-07-27,PAB,3157,1885,1272,908,2181,68,ITH,ITH1,4,Provincia Autonoma Bolzano / Bozen,P.A. Bolzano,533050,603135,113.15,0.59
979,2021-04-18,PAB,3116,1611,1505,2105,1011,0,ITH,ITH1,4,Provincia Autonoma Bolzano / Bozen,P.A. Bolzano,533050,606251,113.73,0.58
980,2021-01-15,PAB,3291,1233,2058,3291,0,0,ITH,ITH1,4,Provincia Autonoma Bolzano / Bozen,P.A. Bolzano,533050,609542,114.35,0.62
981,2021-08-14,PAB,2057,1119,938,788,1269,0,ITH,ITH1,4,Provincia Autonoma Bolzano / Bozen,P.A. Bolzano,533050,611599,114.74,0.39
982,2021-06-18,PAB,4543,2350,2193,1469,2911,163,ITH,ITH1,4,Provincia Autonoma Bolzano / Bozen,P.A. Bolzano,533050,616142,115.59,0.85
983,2021-01-08,PAB,1537,484,1053,1537,0,0,ITH,ITH1,4,Provincia Autonoma Bolzano / Bozen,P.A. Bolzano,533050,617679,115.88,0.29
984,2021-08-07,PAB,2368,1348,1020,1689,665,14,ITH,ITH1,4,Provincia Autonoma Bolzano / Bozen,P.A. Bolzano,533050,620047,116.32,0.44
985,2021-08-30,LIG,9777,5219,4558,2473,7235,69,ITC,ITC3,7,Liguria,Liguria,1550640,9777,0.63,0.63
986,2021-02-11,LIG,1990,772,1218,1093,888,9,ITC,ITC3,7,Liguria,Liguria,1550640,11767,0.76,0.13
987,2021-05-22,LIG,6657,3222,3435,4879,1687,91,ITC,ITC3,7,Liguria,Liguria,1550640,18424,1.19,0.43
988,2021-06-10,LIG,18885,9734,9151,13138,5671,76,ITC,ITC3,7,Liguria,Liguria,1550640,37309,2.41,1.22
989,2021-03-19,LIG,5301,2236,3065,2099,3151,51,ITC,ITC3,7,Liguria,Liguria,1550640,42610,2.75,0.34
990,2021-03-02,LIG,4080,1692,2388,3762,310,8,ITC,ITC3,7,Liguria,Liguria,1550640,46690,3.01,0.26
991,2021-07-11,LIG,2153,1196,957,1234,903,16,ITC,ITC3,7,Liguria,Liguria,1550640,48843,3.15,0.14
992,2021-03-26,LIG,9356,4040,5316,6093,3157,106,ITC,ITC3,7,Liguria,Liguria,1550640,58199,3.75,0.6
993,2021-07-04,LIG,4861,2583,2278,3820,998,43,ITC,ITC3,7,Liguria,Liguria,1550640,63060,4.07,0.31
994,2021-01-02,LIG,693,247,446,693,0,0,ITC,ITC3,7,Liguria,Liguria,1550640,63753,4.11,0.04
995,2021-07-18,LIG,2385,1224,1161,389,1984,12,ITC,ITC3,7,Liguria,Liguria,1550640,66138,4.27,0.15
996,2021-06-05,LIG,8103,4125,3978,4923,3156,24,ITC,ITC3,7,Liguria,Liguria,1550640,74241,4.79,0.52
997,2021-04-09,LIG,12482,5568,6914,10560,1787,135,ITC,ITC3,7,Liguria,Liguria,1550640,86723,5.59,0.8
998,2021-03-31,LIG,11953,5290,6663,9071,2780,102,ITC,ITC3,7,Liguria,Liguria,1550640,98676,6.36,0.77
999,2021-08-01,LIG,1491,858,633,152,1339,0,ITC,ITC3,7,Liguria,Liguria,1550640,100167,6.46,0.1
1000,2021-02-16,LIG,2429,958,1471,1993,430,6,ITC,ITC3,7,Liguria,Liguria,1550640,102596,6.62,0.16
1001,2021-07-23,LIG,19997,10304,9693,5128,14765,104,ITC,ITC3,7,Liguria,Liguria,1550640,122593,7.91,1.29
1002,2021-05-27,LIG,17010,8720,8290,12679,4173,158,ITC,ITC3,7,Liguria,Liguria,1550640,139603,9.0,1.1
1003,2021-04-14,LIG,13084,5674,7410,10752,2211,121,ITC,ITC3,7,Liguria,Liguria,1550640,152687,9.85,0.84
1004,2021-05-29,LIG,6874,3255,3619,3977,2873,24,ITC,ITC3,7,Liguria,Liguria,1550640,159561,10.29,0.44
1005,2021-02-28,LIG,1060,580,480,1048,11,1,ITC,ITC3,7,Liguria,Liguria,1550640,160621,10.36,0.07
1006,2021-09-01,LIG,8432,4438,3994,2692,5679,61,ITC,ITC3,7,Liguria,Liguria,1550640,169053,10.9,0.54
1007,2021-04-26,LIG,10584,4991,5593,7858,2641,85,ITC,ITC3,7,Liguria,Liguria,1550640,179637,11.58,0.68
1008,2021-01-16,LIG,1279,558,721,1274,0,5,ITC,ITC3,7,Liguria,Liguria,1550640,180916,11.67,0.08
1009,2021-02-02,LIG,2675,1007,1668,127,2546,2,ITC,ITC3,7,Liguria,Liguria,1550640,183591,11.84,0.17
1010,2021-04-28,LIG,14465,6526,7939,6381,7998,86,ITC,ITC3,7,Liguria,Liguria,1550640,198056,12.77,0.93
1011,2021-08-06,LIG,12183,6186,5997,3957,8115,111,ITC,ITC3,7,Liguria,Liguria,1550640,210239,13.56,0.79
1012,2021-02-04,LIG,2820,990,1830,177,2643,0,ITC,ITC3,7,Liguria,Liguria,1550640,213059,13.74,0.18
1013,2021-01-28,LIG,2851,972,1879,38,2813,0,ITC,ITC3,7,Liguria,Liguria,1550640,215910,13.92,0.18
1014,2020-12-28,LIG,80,30,50,80,0,0,ITC,ITC3,7,Liguria,Liguria,1550640,215990,13.93,0.01
1015,2021-06-03,LIG,15551,7708,7843,9114,6390,47,ITC,ITC3,7,Liguria,Liguria,1550640,231541,14.93,1.0
1016,2021-04-07,LIG,13693,6114,7579,11311,2292,90,ITC,ITC3,7,Liguria,Liguria,1550640,245234,15.82,0.88
1017,2021-02-23,LIG,3809,1559,2250,3663,109,37,ITC,ITC3,7,Liguria,Liguria,1550640,249043,16.06,0.25
1018,2021-08-10,LIG,13115,6548,6567,4273,8709,133,ITC,ITC3,7,Liguria,Liguria,1550640,262158,16.91,0.85
1019,2021-06-14,LIG,15167,7322,7845,8229,6877,61,ITC,ITC3,7,Liguria,Liguria,1550640,277325,17.88,0.98
1020,2021-01-09,LIG,1338,484,854,1337,0,1,ITC,ITC3,7,Liguria,Liguria,1550640,278663,17.97,0.09
1021,2021-04-19,LIG,12840,5621,7219,8918,3834,88,ITC,ITC3,7,Liguria,Liguria,1550640,291503,18.8,0.83
1022,2021-07-13,LIG,13100,6442,6658,3483,9579,38,ITC,ITC3,7,Liguria,Liguria,1550640,304603,19.64,0.84
1023,2021-01-21,LIG,1109,385,724,677,431,1,ITC,ITC3,7,Liguria,Liguria,1550640,305712,19.72,0.07
1024,2021-08-20,LIG,9366,4976,4390,3116,6172,78,ITC,ITC3,7,Liguria,Liguria,1550640,315078,20.32,0.6
1025,2021-01-14,LIG,2983,1056,1927,2982,0,1,ITC,ITC3,7,Liguria,Liguria,1550640,318061,20.51,0.19
1026,2021-05-15,LIG,7325,3276,4049,4296,2962,67,ITC,ITC3,7,Liguria,Liguria,1550640,325386,20.98,0.47
1027,2021-02-21,LIG,869,491,378,863,4,2,ITC,ITC3,7,Liguria,Liguria,1550640,326255,21.04,0.06
1028,2021-06-15,LIG,17399,8469,8930,9280,8064,55,ITC,ITC3,7,Liguria,Liguria,1550640,343654,22.16,1.12
1029,2021-03-07,LIG,1915,1139,776,1602,301,12,ITC,ITC3,7,Liguria,Liguria,1550640,345569,22.29,0.12
1030,2021-06-17,LIG,16705,7940,8765,9094,7538,73,ITC,ITC3,7,Liguria,Liguria,1550640,362274,23.36,1.08
1031,2021-07-25,LIG,6400,3269,3131,650,5740,10,ITC,ITC3,7,Liguria,Liguria,1550640,368674,23.78,0.41
1032,2021-02-09,LIG,1956,696,1260,263,1691,2,ITC,ITC3,7,Liguria,Liguria,1550640,370630,23.9,0.13
1033,2021-06-24,LIG,11159,5451,5708,6246,4855,58,ITC,ITC3,7,Liguria,Liguria,1550640,381789,24.62,0.72
1034,2021-04-02,LIG,11794,5222,6572,9221,2488,85,ITC,ITC3,7,Liguria,Liguria,1550640,393583,25.38,0.76
1035,2021-04-21,LIG,14296,6461,7835,8862,5345,89,ITC,ITC3,7,Liguria,Liguria,1550640,407879,26.3,0.92
1036,2021-07-30,LIG,16068,8327,7741,4661,11330,77,ITC,ITC3,7,Liguria,Liguria,1550640,423947,27.34,1.04
1037,2021-08-13,LIG,10880,5618,5262,3928,6867,85,ITC,ITC3,7,Liguria,Liguria,1550640,434827,28.04,0.7
1038,2021-05-08,LIG,7539,3337,4202,2273,5228,38,ITC,ITC3,7,Liguria,Liguria,1550640,442366,28.53,0.49
1039,2021-01-25,LIG,2734,893,1841,475,2258,1,ITC,ITC3,7,Liguria,Liguria,1550640,445100,28.7,0.18
1040,2021-05-05,LIG,13725,6142,7583,5178,8463,84,ITC,ITC3,7,Liguria,Liguria,1550640,458825,29.59,0.89
1041,2021-02-25,LIG,3459,1349,2110,3307,130,22,ITC,ITC3,7,Liguria,Liguria,1550640,462284,29.81,0.22
1042,2021-08-15,LIG,1411,786,625,852,528,31,ITC,ITC3,7,Liguria,Liguria,1550640,463695,29.9,0.09
1043,2021-05-24,LIG,11888,5595,6293,9278,2511,99,ITC,ITC3,7,Liguria,Liguria,1550640,475583,30.67,0.77
1044,2021-05-07,LIG,13616,6048,7568,5718,7812,86,ITC,ITC3,7,Liguria,Liguria,1550640,489199,31.55,0.88
1045,2021-02-13,LIG,1080,508,572,797,280,3,ITC,ITC3,7,Liguria,Liguria,1550640,490279,31.62,0.07
1046,2021-06-07,LIG,15718,7671,8047,8635,7036,47,ITC,ITC3,7,Liguria,Liguria,1550640,505997,32.63,1.01
1047,2021-03-14,LIG,1660,753,907,1043,605,12,ITC,ITC3,7,Liguria,Liguria,1550640,507657,32.74,0.11
1048,2021-08-18,LIG,12191,6581,5610,4247,7833,111,ITC,ITC3,7,Liguria,Liguria,1550640,519848,33.52,0.79
1049,2021-06-22,LIG,15798,7465,8333,7628,8117,53,ITC,ITC3,7,Liguria,Liguria,1550640,535646,34.54,1.02
1050,2021-07-06,LIG,12368,6072,6296,5648,6648,72,ITC,ITC3,7,Liguria,Liguria,1550640,548014,35.34,0.8
1051,2021-05-10,LIG,12663,5650,7013,6205,6381,77,ITC,ITC3,7,Liguria,Liguria,1550640,560677,36.16,0.82
1052,2020-12-30,LIG,12,5,7,12,0,0,ITC,ITC3,7,Liguria,Liguria,1550640,560689,36.16,0.0
1053,2021-07-03,LIG,8823,4372,4451,5457,3326,40,ITC,ITC3,7,Liguria,Liguria,1550640,569512,36.73,0.57
1054,2021-04-11,LIG,4251,1930,2321,3959,249,43,ITC,ITC3,7,Liguria,Liguria,1550640,573763,37.0,0.27
1055,2021-07-20,LIG,13972,6884,7088,2731,11191,50,ITC,ITC3,7,Liguria,Liguria,1550640,587735,37.9,0.9
1056,2021-01-18,LIG,2146,749,1397,1987,157,2,ITC,ITC3,7,Liguria,Liguria,1550640,589881,38.04,0.14
1057,2021-06-02,LIG,8542,4348,4194,5338,3177,27,ITC,ITC3,7,Liguria,Liguria,1550640,598423,38.59,0.55
1058,2021-06-19,LIG,7416,3777,3639,5699,1671,46,ITC,ITC3,7,Liguria,Liguria,1550640,605839,39.07,0.48
1059,2021-07-29,LIG,17975,9195,8780,4405,13497,73,ITC,ITC3,7,Liguria,Liguria,1550640,623814,40.23,1.16
1060,2021-03-16,LIG,6089,2732,3357,2316,3735,38,ITC,ITC3,7,Liguria,Liguria,1550640,629903,40.62,0.39
1061,2021-04-23,LIG,14699,6654,8045,8462,6129,108,ITC,ITC3,7,Liguria,Liguria,1550640,644602,41.57,0.95
1062,2021-03-11,LIG,6425,3104,3321,4360,2014,51,ITC,ITC3,7,Liguria,Liguria,1550640,651027,41.98,0.41
1063,2021-01-13,LIG,2761,1016,1745,2760,0,1,ITC,ITC3,7,Liguria,Liguria,1550640,653788,42.16,0.18
1064,2021-01-04,LIG,2624,857,1767,2623,0,1,ITC,ITC3,7,Liguria,Liguria,1550640,656412,42.33,0.17
1065,2021-08-03,LIG,14129,7217,6912,3980,10061,88,ITC,ITC3,7,Liguria,Liguria,1550640,670541,43.24,0.91
1066,2021-06-21,LIG,14847,7042,7805,8521,6253,73,ITC,ITC3,7,Liguria,Liguria,1550640,685388,44.2,0.96
1067,2021-08-17,LIG,9841,5164,4677,3648,6110,83,ITC,ITC3,7,Liguria,Liguria,1550640,695229,44.83,0.63
1068,2021-03-04,LIG,4744,2119,2625,3840,849,55,ITC,ITC3,7,Liguria,Liguria,1550640,699973,45.14,0.31
1069,2021-06-12,LIG,10258,4991,5267,7451,2760,47,ITC,ITC3,7,Liguria,Liguria,1550640,710231,45.8,0.66
1070,2021-04-30,LIG,14438,6450,7988,5773,8579,86,ITC,ITC3,7,Liguria,Liguria,1550640,724669,46.73,0.93
1071,2021-03-06,LIG,3305,1842,1463,2581,705,19,ITC,ITC3,7,Liguria,Liguria,1550640,727974,46.95,0.21
1072,2021-01-22,LIG,1828,606,1222,1337,489,2,ITC,ITC3,7,Liguria,Liguria,1550640,729802,47.06,0.12
1073,2021-05-02,LIG,3981,1837,2144,503,3472,6,ITC,ITC3,7,Liguria,Liguria,1550640,733783,47.32,0.26
1074,2021-08-08,LIG,1207,649,558,545,658,4,ITC,ITC3,7,Liguria,Liguria,1550640,734990,47.4,0.08
1075,2021-07-22,LIG,21435,10891,10544,4574,16765,96,ITC,ITC3,7,Liguria,Liguria,1550640,756425,48.78,1.38
1076,2021-02-18,LIG,2772,1128,1644,2425,339,8,ITC,ITC3,7,Liguria,Liguria,1550640,759197,48.96,0.18
1077,2021-05-14,LIG,13159,5869,7290,8635,4350,174,ITC,ITC3,7,Liguria,Liguria,1550640,772356,49.81,0.85
1078,2021-08-22,LIG,761,441,320,176,579,6,ITC,ITC3,7,Liguria,Liguria,1550640,773117,49.86,0.05
1079,2021-05-31,LIG,14729,7385,7344,9123,5524,82,ITC,ITC3,7,Liguria,Liguria,1550640,787846,50.81,0.95
1080,2021-03-09,LIG,5939,2757,3182,4449,1432,58,ITC,ITC3,7,Liguria,Liguria,1550640,793785,51.19,0.38
1081,2021-02-20,LIG,1337,639,698,1334,1,2,ITC,ITC3,7,Liguria,Liguria,1550640,795122,51.28,0.09
1082,2021-08-07,LIG,5189,2650,2539,1115,4055,19,ITC,ITC3,7,Liguria,Liguria,1550640,800311,51.61,0.33
1083,2021-06-26,LIG,7225,3361,3864,4444,2718,63,ITC,ITC3,7,Liguria,Liguria,1550640,807536,52.08,0.47
1084,2021-07-10,LIG,6904,3482,3422,2737,4131,36,ITC,ITC3,7,Liguria,Liguria,1550640,814440,52.52,0.45
1085,2021-04-04,LIG,764,369,395,508,251,5,ITC,ITC3,7,Liguria,Liguria,1550640,815204,52.57,0.05
1086,2021-04-18,LIG,2618,1165,1453,2094,469,55,ITC,ITC3,7,Liguria,Liguria,1550640,817822,52.74,0.17
1087,2021-07-27,LIG,17428,8880,8548,4354,13000,74,ITC,ITC3,7,Liguria,Liguria,1550640,835250,53.86,1.12
1088,2021-04-16,LIG,12010,5294,6716,10022,1832,156,ITC,ITC3,7,Liguria,Liguria,1550640,847260,54.64,0.77
1089,2021-01-06,LIG,1666,618,1048,1664,0,2,ITC,ITC3,7,Liguria,Liguria,1550640,848926,54.75,0.11
1090,2021-06-28,LIG,11621,5621,6000,7230,4309,82,ITC,ITC3,7,Liguria,Liguria,1550640,860547,55.5,0.75
1091,2021-01-11,LIG,2658,994,1664,2656,0,2,ITC,ITC3,7,Liguria,Liguria,1550640,863205,55.67,0.17
1092,2021-05-04,LIG,13661,6095,7566,5360,8235,66,ITC,ITC3,7,Liguria,Liguria,1550640,876866,56.55,0.88
1093,2021-08-12,LIG,12516,6434,6082,4594,7840,82,ITC,ITC3,7,Liguria,Liguria,1550640,889382,57.36,0.81
1094,2021-05-09,LIG,2826,1244,1582,1085,1711,30,ITC,ITC3,7,Liguria,Liguria,1550640,892208,57.54,0.18
1095,2021-01-29,LIG,3101,1070,2031,64,3037,0,ITC,ITC3,7,Liguria,Liguria,1550640,895309,57.74,0.2
1096,2021-05-03,LIG,13267,5922,7345,6358,6822,87,ITC,ITC3,7,Liguria,Liguria,1550640,908576,58.59,0.86
1097,2021-08-11,LIG,13119,6727,6392,4784,8229,106,ITC,ITC3,7,Liguria,Liguria,1550640,921695,59.44,0.85
1098,2021-03-21,LIG,551,220,331,69,482,0,ITC,ITC3,7,Liguria,Liguria,1550640,922246,59.48,0.04
1099,2021-08-25,LIG,9308,5007,4301,3202,6011,95,ITC,ITC3,7,Liguria,Liguria,1550640,931554,60.08,0.6
1100,2021-01-23,LIG,813,297,516,156,657,0,ITC,ITC3,7,Liguria,Liguria,1550640,932367,60.13,0.05
1101,2021-06-29,LIG,15189,7233,7956,8653,6457,79,ITC,ITC3,7,Liguria,Liguria,1550640,947556,61.11,0.98
1102,2021-05-17,LIG,12046,5527,6519,8613,3368,65,ITC,ITC3,7,Liguria,Liguria,1550640,959602,61.88,0.78
1103,2021-05-16,LIG,3712,1863,1849,2119,1567,26,ITC,ITC3,7,Liguria,Liguria,1550640,963314,62.12,0.24
1104,2021-08-24,LIG,8727,4527,4200,2916,5732,79,ITC,ITC3,7,Liguria,Liguria,1550640,972041,62.69,0.56
1105,2021-02-22,LIG,3347,1477,1870,3195,143,9,ITC,ITC3,7,Liguria,Liguria,1550640,975388,62.9,0.22
1106,2021-06-16,LIG,16394,7924,8470,9210,7117,67,ITC,ITC3,7,Liguria,Liguria,1550640,991782,63.96,1.06
1107,2021-03-08,LIG,5631,2462,3169,3907,1692,32,ITC,ITC3,7,Liguria,Liguria,1550640,997413,64.32,0.36
1108,2021-03-25,LIG,9782,4235,5547,6244,3396,142,ITC,ITC3,7,Liguria,Liguria,1550640,1007195,64.95,0.63
1109,2021-01-01,LIG,146,56,90,146,0,0,ITC,ITC3,7,Liguria,Liguria,1550640,1007341,64.96,0.01
1110,2021-03-20,LIG,2315,994,1321,1128,1174,13,ITC,ITC3,7,Liguria,Liguria,1550640,1009656,65.11,0.15
1111,2021-08-26,LIG,9009,4707,4302,2608,6339,62,ITC,ITC3,7,Liguria,Liguria,1550640,1018665,65.69,0.58
1112,2021-06-30,LIG,15093,7202,7891,8205,6813,75,ITC,ITC3,7,Liguria,Liguria,1550640,1033758,66.67,0.97
1113,2021-01-15,LIG,2264,756,1508,2259,0,5,ITC,ITC3,7,Liguria,Liguria,1550640,1036022,66.81,0.15
1114,2021-07-12,LIG,13431,6442,6989,4145,9233,53,ITC,ITC3,7,Liguria,Liguria,1550640,1049453,67.68,0.87
1115,2021-01-10,LIG,651,264,387,647,0,4,ITC,ITC3,7,Liguria,Liguria,1550640,1050104,67.72,0.04
1116,2021-04-20,LIG,14253,6525,7728,9743,4359,151,ITC,ITC3,7,Liguria,Liguria,1550640,1064357,68.64,0.92
1117,2021-08-31,LIG,9499,5015,4484,2631,6815,53,ITC,ITC3,7,Liguria,Liguria,1550640,1073856,69.25,0.61
1118,2021-01-08,LIG,2940,1001,1939,2938,0,2,ITC,ITC3,7,Liguria,Liguria,1550640,1076796,69.44,0.19
1119,2021-01-27,LIG,1748,604,1144,139,1608,1,ITC,ITC3,7,Liguria,Liguria,1550640,1078544,69.55,0.11
1120,2021-05-21,LIG,12869,5967,6902,9602,3135,132,ITC,ITC3,7,Liguria,Liguria,1550640,1091413,70.38,0.83
1121,2021-02-27,LIG,1888,921,967,1755,129,4,ITC,ITC3,7,Liguria,Liguria,1550640,1093301,70.51,0.12
1122,2021-01-20,LIG,1560,557,1003,1547,12,1,ITC,ITC3,7,Liguria,Liguria,1550640,1094861,70.61,0.1
1123,2021-08-19,LIG,9809,5163,4646,2719,7004,86,ITC,ITC3,7,Liguria,Liguria,1550640,1104670,71.24,0.63
1124,2021-01-30,LIG,1666,572,1094,23,1642,1,ITC,ITC3,7,Liguria,Liguria,1550640,1106336,71.35,0.11
1125,2021-03-28,LIG,1142,511,631,382,752,8,ITC,ITC3,7,Liguria,Liguria,1550640,1107478,71.42,0.07
1126,2021-08-29,LIG,738,420,318,173,562,3,ITC,ITC3,7,Liguria,Liguria,1550640,1108216,71.47,0.05
1127,2021-04-25,LIG,1936,921,1015,1509,415,12,ITC,ITC3,7,Liguria,Liguria,1550640,1110152,71.59,0.12
1128,2021-03-13,LIG,3852,1638,2214,2964,858,30,ITC,ITC3,7,Liguria,Liguria,1550640,1114004,71.84,0.25
1129,2021-06-23,LIG,14349,6863,7486,9065,5207,77,ITC,ITC3,7,Liguria,Liguria,1550640,1128353,72.77,0.93
1130,2021-02-14,LIG,233,122,111,233,0,0,ITC,ITC3,7,Liguria,Liguria,1550640,1128586,72.78,0.02
1131,2021-05-25,LIG,14279,6959,7320,10960,3193,126,ITC,ITC3,7,Liguria,Liguria,1550640,1142865,73.7,0.92
1132,2021-07-19,LIG,12109,6036,6073,3352,8694,63,ITC,ITC3,7,Liguria,Liguria,1550640,1154974,74.48,0.78
1133,2021-08-05,LIG,14224,7350,6874,4111,10036,77,ITC,ITC3,7,Liguria,Liguria,1550640,1169198,75.4,0.92
1134,2021-04-27,LIG,14840,6709,8131,7164,7609,67,ITC,ITC3,7,Liguria,Liguria,1550640,1184038,76.36,0.96
1135,2021-02-03,LIG,2320,792,1528,51,2269,0,ITC,ITC3,7,Liguria,Liguria,1550640,1186358,76.51,0.15
1136,2021-07-21,LIG,19202,9519,9683,3819,15313,70,ITC,ITC3,7,Liguria,Liguria,1550640,1205560,77.75,1.24
1137,2021-04-29,LIG,15593,6984,8609,6647,8854,92,ITC,ITC3,7,Liguria,Liguria,1550640,1221153,78.75,1.01
1138,2021-04-12,LIG,12394,5478,6916,10278,2022,94,ITC,ITC3,7,Liguria,Liguria,1550640,1233547,79.55,0.8
1139,2021-01-19,LIG,1376,441,935,1282,90,4,ITC,ITC3,7,Liguria,Liguria,1550640,1234923,79.64,0.09
1140,2021-03-27,LIG,3934,1549,2385,2513,1397,24,ITC,ITC3,7,Liguria,Liguria,1550640,1238857,79.89,0.25
1141,2021-07-05,LIG,11923,5776,6147,5322,6532,69,ITC,ITC3,7,Liguria,Liguria,1550640,1250780,80.66,0.77
1142,2021-04-13,LIG,13088,5874,7214,10950,2027,111,ITC,ITC3,7,Liguria,Liguria,1550640,1263868,81.51,0.84
1143,2021-02-10,LIG,2324,839,1485,1016,1305,3,ITC,ITC3,7,Liguria,Liguria,1550640,1266192,81.66,0.15
1144,2021-08-14,LIG,3200,1707,1493,896,2288,16,ITC,ITC3,7,Liguria,Liguria,1550640,1269392,81.86,0.21
1145,2021-03-18,LIG,4991,2125,2866,1978,2983,30,ITC,ITC3,7,Liguria,Liguria,1550640,1274383,82.18,0.32
1146,2021-04-01,LIG,12440,5518,6922,9584,2777,79,ITC,ITC3,7,Liguria,Liguria,1550640,1286823,82.99,0.8
1147,2021-05-23,LIG,2310,1121,1189,1172,1124,14,ITC,ITC3,7,Liguria,Liguria,1550640,1289133,83.14,0.15
1148,2021-03-01,LIG,3541,1447,2094,3386,136,19,ITC,ITC3,7,Liguria,Liguria,1550640,1292674,83.36,0.23
1149,2021-06-09,LIG,19096,9581,9515,12444,6588,64,ITC,ITC3,7,Liguria,Liguria,1550640,1311770,84.6,1.23
1150,2021-07-09,LIG,12843,6330,6513,4195,8587,61,ITC,ITC3,7,Liguria,Liguria,1550640,1324613,85.42,0.83
1151,2021-04-05,LIG,3984,1756,2228,2312,1651,21,ITC,ITC3,7,Liguria,Liguria,1550640,1328597,85.68,0.26
1152,2021-03-22,LIG,7759,3476,4283,4743,2943,73,ITC,ITC3,7,Liguria,Liguria,1550640,1336356,86.18,0.5
1153,2021-02-07,LIG,407,153,254,2,405,0,ITC,ITC3,7,Liguria,Liguria,1550640,1336763,86.21,0.03
1154,2021-05-18,LIG,13502,6136,7366,10062,3315,125,ITC,ITC3,7,Liguria,Liguria,1550640,1350265,87.08,0.87
1155,2021-02-05,LIG,2739,994,1745,299,2439,1,ITC,ITC3,7,Liguria,Liguria,1550640,1353004,87.25,0.18
1156,2021-03-24,LIG,9193,4038,5155,5823,3290,80,ITC,ITC3,7,Liguria,Liguria,1550640,1362197,87.85,0.59
1157,2021-07-02,LIG,12990,6374,6616,6390,6517,83,ITC,ITC3,7,Liguria,Liguria,1550640,1375187,88.69,0.84
1158,2021-02-06,LIG,1892,768,1124,145,1747,0,ITC,ITC3,7,Liguria,Liguria,1550640,1377079,88.81,0.12
1159,2021-06-11,LIG,17867,9095,8772,11729,6081,57,ITC,ITC3,7,Liguria,Liguria,1550640,1394946,89.96,1.15
1160,2021-04-15,LIG,11852,5241,6611,9891,1857,104,ITC,ITC3,7,Liguria,Liguria,1550640,1406798,90.72,0.76
1161,2021-08-21,LIG,3055,1662,1393,897,2114,44,ITC,ITC3,7,Liguria,Liguria,1550640,1409853,90.92,0.2
1162,2021-05-13,LIG,13326,6092,7234,8898,4271,157,ITC,ITC3,7,Liguria,Liguria,1550640,1423179,91.78,0.86
1163,2021-02-19,LIG,3222,1307,1915,3032,176,14,ITC,ITC3,7,Liguria,Liguria,1550640,1426401,91.99,0.21
1164,2021-05-30,LIG,3307,1614,1693,1338,1946,23,ITC,ITC3,7,Liguria,Liguria,1550640,1429708,92.2,0.21
1165,2021-08-23,LIG,10523,5489,5034,3524,6912,87,ITC,ITC3,7,Liguria,Liguria,1550640,1440231,92.88,0.68
1166,2021-06-01,LIG,16349,8231,8118,10924,5376,49,ITC,ITC3,7,Liguria,Liguria,1550640,1456580,93.93,1.05
1167,2021-06-18,LIG,15424,7508,7916,8128,7222,74,ITC,ITC3,7,Liguria,Liguria,1550640,1472004,94.93,0.99
1168,2021-04-03,LIG,5410,2500,2910,4436,944,30,ITC,ITC3,7,Liguria,Liguria,1550640,1477414,95.28,0.35
1169,2021-01-24,LIG,761,241,520,116,645,0,ITC,ITC3,7,Liguria,Liguria,1550640,1478175,95.33,0.05
1170,2021-06-27,LIG,1951,895,1056,684,1253,14,ITC,ITC3,7,Liguria,Liguria,1550640,1480126,95.45,0.13
1171,2021-07-16,LIG,12628,6223,6405,3137,9438,53,ITC,ITC3,7,Liguria,Liguria,1550640,1492754,96.27,0.81
1172,2021-05-11,LIG,13939,6399,7540,7199,6629,111,ITC,ITC3,7,Liguria,Liguria,1550640,1506693,97.17,0.9
1173,2021-03-29,LIG,10593,4628,5965,7363,3135,95,ITC,ITC3,7,Liguria,Liguria,1550640,1517286,97.85,0.68
1174,2021-01-31,LIG,624,270,354,4,620,0,ITC,ITC3,7,Liguria,Liguria,1550640,1517910,97.89,0.04
1175,2021-07-07,LIG,11783,5647,6136,4931,6782,70,ITC,ITC3,7,Liguria,Liguria,1550640,1529693,98.65,0.76
1176,2021-08-28,LIG,4130,2337,1793,1011,3099,20,ITC,ITC3,7,Liguria,Liguria,1550640,1533823,98.92,0.27
1177,2021-05-20,LIG,12951,6011,6940,8791,4039,121,ITC,ITC3,7,Liguria,Liguria,1550640,1546774,99.75,0.84
1178,2020-12-31,LIG,990,352,638,990,0,0,ITC,ITC3,7,Liguria,Liguria,1550640,1547764,99.81,0.06
1179,2021-04-10,LIG,7895,3564,4331,6906,914,75,ITC,ITC3,7,Liguria,Liguria,1550640,1555659,100.32,0.51
1180,2021-01-17,LIG,866,301,565,865,0,1,ITC,ITC3,7,Liguria,Liguria,1550640,1556525,100.38,0.06
1181,2021-04-08,LIG,13796,6185,7611,11612,2049,135,ITC,ITC3,7,Liguria,Liguria,1550640,1570321,101.27,0.89
1182,2021-07-17,LIG,6513,3359,3154,1806,4694,13,ITC,ITC3,7,Liguria,Liguria,1550640,1576834,101.69,0.42
1183,2021-07-31,LIG,8262,4414,3848,1313,6926,23,ITC,ITC3,7,Liguria,Liguria,1550640,1585096,102.22,0.53
1184,2021-06-04,LIG,14802,7268,7534,9246,5499,57,ITC,ITC3,7,Liguria,Liguria,1550640,1599898,103.18,0.95
1185,2021-02-12,LIG,1941,691,1250,895,1045,1,ITC,ITC3,7,Liguria,Liguria,1550640,1601839,103.3,0.13
1186,2021-08-16,LIG,9909,5126,4783,3769,6042,98,ITC,ITC3,7,Liguria,Liguria,1550640,1611748,103.94,0.64
1187,2021-03-15,LIG,7368,3121,4247,4502,2819,47,ITC,ITC3,7,Liguria,Liguria,1550640,1619116,104.42,0.48
1188,2021-06-08,LIG,18123,9041,9082,11407,6652,64,ITC,ITC3,7,Liguria,Liguria,1550640,1637239,105.58,1.17
1189,2021-03-17,LIG,5558,2371,3187,2455,3084,19,ITC,ITC3,7,Liguria,Liguria,1550640,1642797,105.94,0.36
1190,2021-06-25,LIG,13851,6622,7229,6874,6921,56,ITC,ITC3,7,Liguria,Liguria,1550640,1656648,106.84,0.89
1191,2021-07-14,LIG,11523,5671,5852,3434,8029,60,ITC,ITC3,7,Liguria,Liguria,1550640,1668171,107.58,0.74
1192,2021-07-28,LIG,18476,9521,8955,5807,12549,120,ITC,ITC3,7,Liguria,Liguria,1550640,1686647,108.77,1.19
1193,2021-03-10,LIG,5925,2869,3056,3953,1917,55,ITC,ITC3,7,Liguria,Liguria,1550640,1692572,109.15,0.38
1194,2021-02-17,LIG,2701,1185,1516,2254,435,12,ITC,ITC3,7,Liguria,Liguria,1550640,1695273,109.33,0.17
1195,2021-07-24,LIG,11605,6038,5567,2315,9245,45,ITC,ITC3,7,Liguria,Liguria,1550640,1706878,110.08,0.75
1196,2021-05-28,LIG,16325,8157,8168,11623,4558,144,ITC,ITC3,7,Liguria,Liguria,1550640,1723203,111.13,1.05
1197,2021-01-05,LIG,2879,896,1983,2879,0,0,ITC,ITC3,7,Liguria,Liguria,1550640,1726082,111.31,0.19
1198,2021-03-03,LIG,4583,1848,2735,3445,1029,109,ITC,ITC3,7,Liguria,Liguria,1550640,1730665,111.61,0.3
1199,2021-08-04,LIG,13850,6973,6877,3261,10487,102,ITC,ITC3,7,Liguria,Liguria,1550640,1744515,112.5,0.89
1200,2021-02-24,LIG,3767,1561,2206,3456,259,52,ITC,ITC3,7,Liguria,Liguria,1550640,1748282,112.75,0.24
1201,2020-12-29,LIG,125,33,92,125,0,0,ITC,ITC3,7,Liguria,Liguria,1550640,1748407,112.75,0.01
1202,2021-01-12,LIG,2475,890,1585,2474,0,1,ITC,ITC3,7,Liguria,Liguria,1550640,1750882,112.91,0.16
1203,2021-04-22,LIG,13878,6217,7661,8655,5089,134,ITC,ITC3,7,Liguria,Liguria,1550640,1764760,113.81,0.89
1204,2021-05-06,LIG,14542,6447,8095,6075,8339,128,ITC,ITC3,7,Liguria,Liguria,1550640,1779302,114.75,0.94
1205,2021-01-26,LIG,2490,809,1681,16,2474,0,ITC,ITC3,7,Liguria,Liguria,1550640,1781792,114.91,0.16
1206,2021-03-12,LIG,6221,2874,3347,3689,2474,58,ITC,ITC3,7,Liguria,Liguria,1550640,1788013,115.31,0.4
1207,2021-07-01,LIG,13570,6543,7027,7318,6169,83,ITC,ITC3,7,Liguria,Liguria,1550640,1801583,116.18,0.88
1208,2021-05-19,LIG,13580,5965,7615,10324,3124,132,ITC,ITC3,7,Liguria,Liguria,1550640,1815163,117.06,0.88
1209,2021-03-23,LIG,9294,4232,5062,5992,3216,86,ITC,ITC3,7,Liguria,Liguria,1550640,1824457,117.66,0.6
1210,2021-08-27,LIG,9198,4907,4291,2834,6297,67,ITC,ITC3,7,Liguria,Liguria,1550640,1833655,118.25,0.59
1211,2021-07-15,LIG,14781,7476,7305,5159,9507,115,ITC,ITC3,7,Liguria,Liguria,1550640,1848436,119.2,0.95
1212,2021-02-01,LIG,2574,929,1645,101,2473,0,ITC,ITC3,7,Liguria,Liguria,1550640,1851010,119.37,0.17
1213,2021-07-08,LIG,13658,6717,6941,6166,7409,83,ITC,ITC3,7,Liguria,Liguria,1550640,1864668,120.25,0.88
1214,2021-05-12,LIG,12122,5492,6630,6612,5409,101,ITC,ITC3,7,Liguria,Liguria,1550640,1876790,121.03,0.78
1215,2021-05-26,LIG,16697,8432,8265,12171,4382,144,ITC,ITC3,7,Liguria,Liguria,1550640,1893487,122.11,1.08
1216,2021-03-30,LIG,12226,5432,6794,8753,3393,80,ITC,ITC3,7,Liguria,Liguria,1550640,1905713,122.9,0.79
1217,2021-04-06,LIG,13264,5904,7360,10893,2265,106,ITC,ITC3,7,Liguria,Liguria,1550640,1918977,123.75,0.86
1218,2021-02-08,LIG,1983,744,1239,299,1684,0,ITC,ITC3,7,Liguria,Liguria,1550640,1920960,123.88,0.13
1219,2020-12-27,LIG,135,56,79,134,0,1,ITC,ITC3,7,Liguria,Liguria,1550640,1921095,123.89,0.01
1220,2021-02-15,LIG,2264,839,1425,1854,399,11,ITC,ITC3,7,Liguria,Liguria,1550640,1923359,124.04,0.15
1221,2021-01-03,LIG,737,232,505,735,0,2,ITC,ITC3,7,Liguria,Liguria,1550640,1924096,124.08,0.05
1222,2021-07-26,LIG,17646,9004,8642,4708,12847,91,ITC,ITC3,7,Liguria,Liguria,1550640,1941742,125.22,1.14
1223,2021-01-07,LIG,3228,1097,2131,3225,0,3,ITC,ITC3,7,Liguria,Liguria,1550640,1944970,125.43,0.21
1224,2021-06-13,LIG,5638,2704,2934,5145,456,37,ITC,ITC3,7,Liguria,Liguria,1550640,1950608,125.79,0.36
1225,2021-04-17,LIG,7391,3218,4173,6583,753,55,ITC,ITC3,7,Liguria,Liguria,1550640,1957999,126.27,0.48
1226,2021-05-01,LIG,7153,3260,3893,1314,5809,30,ITC,ITC3,7,Liguria,Liguria,1550640,1965152,126.73,0.46
1227,2021-03-05,LIG,4873,2153,2720,3691,1135,47,ITC,ITC3,7,Liguria,Liguria,1550640,1970025,127.05,0.31
1228,2021-08-09,LIG,11982,6089,5893,4340,7526,116,ITC,ITC3,7,Liguria,Liguria,1550640,1982007,127.82,0.77
1229,2021-06-06,LIG,3815,2032,1783,2941,862,12,ITC,ITC3,7,Liguria,Liguria,1550640,1985822,128.06,0.25
1230,2021-04-24,LIG,8220,3797,4423,4984,3154,82,ITC,ITC3,7,Liguria,Liguria,1550640,1994042,128.59,0.53
1231,2021-02-26,LIG,3770,1525,2245,3416,329,25,ITC,ITC3,7,Liguria,Liguria,1550640,1997812,128.84,0.24
1232,2021-08-02,LIG,13097,6512,6585,2973,10051,73,ITC,ITC3,7,Liguria,Liguria,1550640,2010909,129.68,0.84
1233,2021-06-20,LIG,1335,658,677,1044,275,16,ITC,ITC3,7,Liguria,Liguria,1550640,2012244,129.77,0.09
1234,2021-01-11,CAL,2190,1060,1130,2188,0,2,ITF,ITF6,18,Calabria,Calabria,1947131,2190,0.11,0.11
1235,2021-01-25,CAL,1089,522,567,150,939,0,ITF,ITF6,18,Calabria,Calabria,1947131,3279,0.17,0.06
1236,2021-05-05,CAL,13608,6507,7101,8406,5124,78,ITF,ITF6,18,Calabria,Calabria,1947131,16887,0.87,0.7
1237,2021-08-17,CAL,7679,3911,3768,2758,4826,95,ITF,ITF6,18,Calabria,Calabria,1947131,24566,1.26,0.39
1238,2021-03-09,CAL,6576,3434,3142,5516,989,71,ITF,ITF6,18,Calabria,Calabria,1947131,31142,1.6,0.34
1239,2021-02-20,CAL,1502,788,714,1160,328,14,ITF,ITF6,18,Calabria,Calabria,1947131,32644,1.68,0.08
1240,2021-08-22,CAL,1522,769,753,484,1019,19,ITF,ITF6,18,Calabria,Calabria,1947131,34166,1.75,0.08
1241,2021-05-31,CAL,15299,7347,7952,7310,7908,81,ITF,ITF6,18,Calabria,Calabria,1947131,49465,2.54,0.79
1242,2021-08-10,CAL,9779,4913,4866,3595,6083,101,ITF,ITF6,18,Calabria,Calabria,1947131,59244,3.04,0.5
1243,2021-06-14,CAL,14358,6511,7847,9628,4653,77,ITF,ITF6,18,Calabria,Calabria,1947131,73602,3.78,0.74
1244,2021-03-04,CAL,5490,3195,2295,4671,799,20,ITF,ITF6,18,Calabria,Calabria,1947131,79092,4.06,0.28
1245,2021-06-12,CAL,13247,6298,6949,10781,2398,68,ITF,ITF6,18,Calabria,Calabria,1947131,92339,4.74,0.68
1246,2021-07-27,CAL,17584,8989,8595,5022,12477,85,ITF,ITF6,18,Calabria,Calabria,1947131,109923,5.65,0.9
1247,2021-01-06,CAL,955,519,436,955,0,0,ITF,ITF6,18,Calabria,Calabria,1947131,110878,5.69,0.05
1248,2021-04-16,CAL,10335,5047,5288,8644,1633,58,ITF,ITF6,18,Calabria,Calabria,1947131,121213,6.23,0.53
1249,2021-02-18,CAL,1885,874,1011,1633,233,19,ITF,ITF6,18,Calabria,Calabria,1947131,123098,6.32,0.1
1250,2021-08-03,CAL,14092,7123,6969,3910,10109,73,ITF,ITF6,18,Calabria,Calabria,1947131,137190,7.05,0.72
1251,2021-06-21,CAL,15413,7099,8314,7994,7380,39,ITF,ITF6,18,Calabria,Calabria,1947131,152603,7.84,0.79
1252,2021-04-18,CAL,5876,2807,3069,4935,917,24,ITF,ITF6,18,Calabria,Calabria,1947131,158479,8.14,0.3
1253,2021-04-04,CAL,1574,789,785,1141,422,11,ITF,ITF6,18,Calabria,Calabria,1947131,160053,8.22,0.08
1254,2021-06-26,CAL,15580,7201,8379,7575,7934,71,ITF,ITF6,18,Calabria,Calabria,1947131,175633,9.02,0.8
1255,2021-08-08,CAL,4218,2146,2072,1492,2698,28,ITF,ITF6,18,Calabria,Calabria,1947131,179851,9.24,0.22
1256,2021-07-22,CAL,18329,9028,9301,3491,14748,90,ITF,ITF6,18,Calabria,Calabria,1947131,198180,10.18,0.94
1257,2021-04-30,CAL,15108,7410,7698,10533,4498,77,ITF,ITF6,18,Calabria,Calabria,1947131,213288,10.95,0.78
1258,2021-07-01,CAL,12395,5836,6559,5475,6836,84,ITF,ITF6,18,Calabria,Calabria,1947131,225683,11.59,0.64
1259,2021-02-01,CAL,2556,1212,1344,237,2316,3,ITF,ITF6,18,Calabria,Calabria,1947131,228239,11.72,0.13
1260,2021-07-08,CAL,12047,5615,6432,2693,9309,45,ITF,ITF6,18,Calabria,Calabria,1947131,240286,12.34,0.62
1261,2021-02-25,CAL,2922,1574,1348,2280,602,40,ITF,ITF6,18,Calabria,Calabria,1947131,243208,12.49,0.15
1262,2021-06-07,CAL,18006,8423,9583,14711,3214,81,ITF,ITF6,18,Calabria,Calabria,1947131,261214,13.42,0.92
1263,2021-05-24,CAL,17784,8911,8873,9938,7764,82,ITF,ITF6,18,Calabria,Calabria,1947131,278998,14.33,0.91
1264,2021-05-07,CAL,16279,7665,8614,9660,6532,87,ITF,ITF6,18,Calabria,Calabria,1947131,295277,15.16,0.84
1265,2021-02-13,CAL,1418,612,806,1045,370,3,ITF,ITF6,18,Calabria,Calabria,1947131,296695,15.24,0.07
1266,2021-08-15,CAL,51,24,27,17,33,1,ITF,ITF6,18,Calabria,Calabria,1947131,296746,15.24,0.0
1267,2021-05-12,CAL,16493,8048,8445,10830,5566,97,ITF,ITF6,18,Calabria,Calabria,1947131,313239,16.09,0.85
1268,2021-05-26,CAL,18740,9333,9407,10328,8320,92,ITF,ITF6,18,Calabria,Calabria,1947131,331979,17.05,0.96
1269,2021-03-30,CAL,6511,2842,3669,3653,2835,23,ITF,ITF6,18,Calabria,Calabria,1947131,338490,17.38,0.33
1270,2021-05-19,CAL,18326,9081,9245,11261,6989,76,ITF,ITF6,18,Calabria,Calabria,1947131,356816,18.33,0.94
1271,2021-01-18,CAL,1308,594,714,1055,249,4,ITF,ITF6,18,Calabria,Calabria,1947131,358124,18.39,0.07
1272,2021-07-03,CAL,15180,7147,8033,5283,9819,78,ITF,ITF6,18,Calabria,Calabria,1947131,373304,19.17,0.78
1273,2021-04-11,CAL,4210,1913,2297,2243,1950,17,ITF,ITF6,18,Calabria,Calabria,1947131,377514,19.39,0.22
1274,2021-07-20,CAL,17498,8485,9013,3202,14223,73,ITF,ITF6,18,Calabria,Calabria,1947131,395012,20.29,0.9
1275,2021-03-11,CAL,7312,3479,3833,5952,1308,52,ITF,ITF6,18,Calabria,Calabria,1947131,402324,20.66,0.38
1276,2021-06-19,CAL,15852,7418,8434,8498,7286,68,ITF,ITF6,18,Calabria,Calabria,1947131,418176,21.48,0.81
1277,2021-01-04,CAL,1075,533,542,1072,0,3,ITF,ITF6,18,Calabria,Calabria,1947131,419251,21.53,0.06
1278,2021-04-23,CAL,13150,6458,6692,9440,3611,99,ITF,ITF6,18,Calabria,Calabria,1947131,432401,22.21,0.68
1279,2021-01-13,CAL,2109,1066,1043,2097,0,12,ITF,ITF6,18,Calabria,Calabria,1947131,434510,22.32,0.11
1280,2021-03-02,CAL,4424,2502,1922,3619,796,9,ITF,ITF6,18,Calabria,Calabria,1947131,438934,22.54,0.23
1281,2021-03-16,CAL,3872,1900,1972,2183,1676,13,ITF,ITF6,18,Calabria,Calabria,1947131,442806,22.74,0.2
1282,2021-07-29,CAL,17593,8772,8821,4717,12775,101,ITF,ITF6,18,Calabria,Calabria,1947131,460399,23.64,0.9
1283,2021-02-11,CAL,2353,1053,1300,1064,1267,22,ITF,ITF6,18,Calabria,Calabria,1947131,462752,23.77,0.12
1284,2021-03-06,CAL,8539,4400,4139,7699,816,24,ITF,ITF6,18,Calabria,Calabria,1947131,471291,24.2,0.44
1285,2021-08-19,CAL,5871,2944,2927,2347,3467,57,ITF,ITF6,18,Calabria,Calabria,1947131,477162,24.51,0.3
1286,2021-05-09,CAL,9685,4524,5161,6042,3596,47,ITF,ITF6,18,Calabria,Calabria,1947131,486847,25.0,0.5
1287,2021-01-29,CAL,2079,1004,1075,226,1852,1,ITF,ITF6,18,Calabria,Calabria,1947131,488926,25.11,0.11
1288,2021-06-11,CAL,17829,8760,9069,15127,2578,124,ITF,ITF6,18,Calabria,Calabria,1947131,506755,26.03,0.92
1289,2021-01-08,CAL,2201,1049,1152,2194,0,7,ITF,ITF6,18,Calabria,Calabria,1947131,508956,26.14,0.11
1290,2021-03-18,CAL,4496,2103,2393,2342,2128,26,ITF,ITF6,18,Calabria,Calabria,1947131,513452,26.37,0.23
1291,2021-02-06,CAL,2932,1350,1582,440,2491,1,ITF,ITF6,18,Calabria,Calabria,1947131,516384,26.52,0.15
1292,2021-07-10,CAL,15942,7537,8405,3246,12653,43,ITF,ITF6,18,Calabria,Calabria,1947131,532326,27.34,0.82
1293,2021-01-23,CAL,403,188,215,360,43,0,ITF,ITF6,18,Calabria,Calabria,1947131,532729,27.36,0.02
1294,2021-04-13,CAL,6964,3420,3544,5607,1332,25,ITF,ITF6,18,Calabria,Calabria,1947131,539693,27.72,0.36
1295,2021-01-20,CAL,1410,630,780,1406,1,3,ITF,ITF6,18,Calabria,Calabria,1947131,541103,27.79,0.07
1296,2021-01-03,CAL,6,3,3,6,0,0,ITF,ITF6,18,Calabria,Calabria,1947131,541109,27.79,0.0
1297,2021-03-27,CAL,8844,4027,4817,4663,4136,45,ITF,ITF6,18,Calabria,Calabria,1947131,549953,28.24,0.45
1298,2021-07-05,CAL,13384,6251,7133,4264,9056,64,ITF,ITF6,18,Calabria,Calabria,1947131,563337,28.93,0.69
1299,2021-05-14,CAL,19941,9580,10361,12944,6883,114,ITF,ITF6,18,Calabria,Calabria,1947131,583278,29.96,1.02
1300,2021-04-27,CAL,9977,4907,5070,7962,1967,48,ITF,ITF6,18,Calabria,Calabria,1947131,593255,30.47,0.51
1301,2021-02-03,CAL,2873,1482,1391,519,2349,5,ITF,ITF6,18,Calabria,Calabria,1947131,596128,30.62,0.15
1302,2021-07-19,CAL,19013,9106,9907,3032,15931,50,ITF,ITF6,18,Calabria,Calabria,1947131,615141,31.59,0.98
1303,2021-08-05,CAL,12470,6290,6180,3881,8494,95,ITF,ITF6,18,Calabria,Calabria,1947131,627611,32.23,0.64
1304,2021-05-23,CAL,11392,5553,5839,6996,4353,43,ITF,ITF6,18,Calabria,Calabria,1947131,639003,32.82,0.59
1305,2021-03-01,CAL,2751,1560,1191,2286,461,4,ITF,ITF6,18,Calabria,Calabria,1947131,641754,32.96,0.14
1306,2021-06-09,CAL,18257,8620,9637,15901,2272,84,ITF,ITF6,18,Calabria,Calabria,1947131,660011,33.9,0.94
1307,2021-08-31,CAL,6827,3376,3451,2670,4029,128,ITF,ITF6,18,Calabria,Calabria,1947131,666838,34.25,0.35
1308,2021-06-23,CAL,17233,7870,9363,8146,9004,83,ITF,ITF6,18,Calabria,Calabria,1947131,684071,35.13,0.89
1309,2021-03-13,CAL,7021,3044,3977,5944,1040,37,ITF,ITF6,18,Calabria,Calabria,1947131,691092,35.49,0.36
1310,2021-01-15,CAL,2818,1267,1551,2812,0,6,ITF,ITF6,18,Calabria,Calabria,1947131,693910,35.64,0.14
1311,2021-05-04,CAL,16521,7621,8900,11629,4791,101,ITF,ITF6,18,Calabria,Calabria,1947131,710431,36.49,0.85
1312,2021-08-12,CAL,7638,3877,3761,2798,4664,176,ITF,ITF6,18,Calabria,Calabria,1947131,718069,36.88,0.39
1313,2021-01-22,CAL,661,276,385,659,2,0,ITF,ITF6,18,Calabria,Calabria,1947131,718730,36.91,0.03
1314,2021-05-02,CAL,12557,5861,6696,10586,1907,64,ITF,ITF6,18,Calabria,Calabria,1947131,731287,37.56,0.64
1315,2021-03-29,CAL,5782,2500,3282,3978,1775,29,ITF,ITF6,18,Calabria,Calabria,1947131,737069,37.85,0.3
1316,2021-01-31,CAL,1131,562,569,149,982,0,ITF,ITF6,18,Calabria,Calabria,1947131,738200,37.91,0.06
1317,2021-07-07,CAL,13969,6582,7387,3900,9994,75,ITF,ITF6,18,Calabria,Calabria,1947131,752169,38.63,0.72
1318,2021-03-08,CAL,5524,2992,2532,4407,1084,33,ITF,ITF6,18,Calabria,Calabria,1947131,757693,38.91,0.28
1319,2021-03-25,CAL,7549,3565,3984,4585,2929,35,ITF,ITF6,18,Calabria,Calabria,1947131,765242,39.3,0.39
1320,2021-06-16,CAL,18339,8476,9863,12125,6124,90,ITF,ITF6,18,Calabria,Calabria,1947131,783581,40.24,0.94
1321,2021-02-22,CAL,2097,1069,1028,1527,561,9,ITF,ITF6,18,Calabria,Calabria,1947131,785678,40.35,0.11
1322,2021-06-02,CAL,12100,5799,6301,8788,3265,47,ITF,ITF6,18,Calabria,Calabria,1947131,797778,40.97,0.62
1323,2021-08-07,CAL,9527,4873,4654,3018,6445,64,ITF,ITF6,18,Calabria,Calabria,1947131,807305,41.46,0.49
1324,2021-05-16,CAL,13817,6742,7075,9920,3842,55,ITF,ITF6,18,Calabria,Calabria,1947131,821122,42.17,0.71
1325,2021-08-24,CAL,6505,3228,3277,2321,4099,85,ITF,ITF6,18,Calabria,Calabria,1947131,827627,42.5,0.33
1326,2021-07-21,CAL,22105,10615,11490,4513,17478,114,ITF,ITF6,18,Calabria,Calabria,1947131,849732,43.64,1.14
1327,2021-02-27,CAL,4055,2089,1966,3661,387,7,ITF,ITF6,18,Calabria,Calabria,1947131,853787,43.85,0.21
1328,2021-07-31,CAL,13810,7061,6749,3640,10098,72,ITF,ITF6,18,Calabria,Calabria,1947131,867597,44.56,0.71
1329,2021-01-27,CAL,1492,757,735,385,1106,1,ITF,ITF6,18,Calabria,Calabria,1947131,869089,44.63,0.08
1330,2021-04-25,CAL,15897,8067,7830,14800,1029,68,ITF,ITF6,18,Calabria,Calabria,1947131,884986,45.45,0.82
1331,2021-08-26,CAL,7207,3603,3604,3181,3905,121,ITF,ITF6,18,Calabria,Calabria,1947131,892193,45.82,0.37
1332,2021-06-30,CAL,16391,7507,8884,7019,9270,102,ITF,ITF6,18,Calabria,Calabria,1947131,908584,46.66,0.84
1333,2021-06-28,CAL,13304,6125,7179,5375,7862,67,ITF,ITF6,18,Calabria,Calabria,1947131,921888,47.35,0.68
1334,2021-03-20,CAL,6769,3100,3669,4180,2572,17,ITF,ITF6,18,Calabria,Calabria,1947131,928657,47.69,0.35
1335,2021-07-12,CAL,17981,8540,9441,2687,15245,49,ITF,ITF6,18,Calabria,Calabria,1947131,946638,48.62,0.92
1336,2021-01-10,CAL,956,538,418,956,0,0,ITF,ITF6,18,Calabria,Calabria,1947131,947594,48.67,0.05
1337,2021-04-20,CAL,7896,3989,3907,6073,1746,77,ITF,ITF6,18,Calabria,Calabria,1947131,955490,49.07,0.41
1338,2021-05-11,CAL,15135,7331,7804,10243,4821,71,ITF,ITF6,18,Calabria,Calabria,1947131,970625,49.85,0.78
1339,2021-07-16,CAL,21056,10032,11024,3377,17603,76,ITF,ITF6,18,Calabria,Calabria,1947131,991681,50.93,1.08
1340,2021-03-28,CAL,2697,1236,1461,1565,1127,5,ITF,ITF6,18,Calabria,Calabria,1947131,994378,51.07,0.14
1341,2021-08-29,CAL,1684,887,797,721,933,30,ITF,ITF6,18,Calabria,Calabria,1947131,996062,51.16,0.09
1342,2021-01-30,CAL,2210,1170,1040,298,1909,3,ITF,ITF6,18,Calabria,Calabria,1947131,998272,51.27,0.11
1343,2021-02-17,CAL,1879,833,1046,1649,213,17,ITF,ITF6,18,Calabria,Calabria,1947131,1000151,51.37,0.1
1344,2021-07-24,CAL,18031,9276,8755,4572,13359,100,ITF,ITF6,18,Calabria,Calabria,1947131,1018182,52.29,0.93
1345,2021-05-28,CAL,21014,10213,10801,11424,9477,113,ITF,ITF6,18,Calabria,Calabria,1947131,1039196,53.37,1.08
1346,2021-04-15,CAL,7788,3816,3972,5989,1752,47,ITF,ITF6,18,Calabria,Calabria,1947131,1046984,53.77,0.4
1347,2021-01-17,CAL,914,442,472,807,101,6,ITF,ITF6,18,Calabria,Calabria,1947131,1047898,53.82,0.05
1348,2021-03-24,CAL,7963,3643,4320,4547,3391,25,ITF,ITF6,18,Calabria,Calabria,1947131,1055861,54.23,0.41
1349,2021-04-10,CAL,11732,5310,6422,6823,4863,46,ITF,ITF6,18,Calabria,Calabria,1947131,1067593,54.83,0.6
1350,2021-06-18,CAL,18918,8808,10110,11286,7516,116,ITF,ITF6,18,Calabria,Calabria,1947131,1086511,55.8,0.97
1351,2021-03-10,CAL,6888,3509,3379,5473,1377,38,ITF,ITF6,18,Calabria,Calabria,1947131,1093399,56.15,0.35
1352,2021-08-23,CAL,7678,3812,3866,2792,4780,106,ITF,ITF6,18,Calabria,Calabria,1947131,1101077,56.55,0.39
1353,2021-06-01,CAL,12882,5975,6907,7885,4938,59,ITF,ITF6,18,Calabria,Calabria,1947131,1113959,57.21,0.66
1354,2021-03-15,CAL,3657,1768,1889,2166,1477,14,ITF,ITF6,18,Calabria,Calabria,1947131,1117616,57.4,0.19
1355,2021-08-28,CAL,5305,2780,2525,1895,3317,93,ITF,ITF6,18,Calabria,Calabria,1947131,1122921,57.67,0.27
1356,2021-07-02,CAL,16272,7533,8739,6242,9946,84,ITF,ITF6,18,Calabria,Calabria,1947131,1139193,58.51,0.84
1357,2021-05-20,CAL,16999,8508,8491,11273,5658,68,ITF,ITF6,18,Calabria,Calabria,1947131,1156192,59.38,0.87
1358,2021-02-07,CAL,871,435,436,143,726,2,ITF,ITF6,18,Calabria,Calabria,1947131,1157063,59.42,0.04
1359,2021-08-16,CAL,6975,3567,3408,2377,4536,62,ITF,ITF6,18,Calabria,Calabria,1947131,1164038,59.78,0.36
1360,2021-02-12,CAL,1718,673,1045,943,769,6,ITF,ITF6,18,Calabria,Calabria,1947131,1165756,59.87,0.09
1361,2021-06-27,CAL,8424,3947,4477,4988,3396,40,ITF,ITF6,18,Calabria,Calabria,1947131,1174180,60.3,0.43
1362,2021-02-14,CAL,490,228,262,452,37,1,ITF,ITF6,18,Calabria,Calabria,1947131,1174670,60.33,0.03
1363,2021-05-25,CAL,16424,8045,8379,10215,6122,87,ITF,ITF6,18,Calabria,Calabria,1947131,1191094,61.17,0.84
1364,2021-01-26,CAL,1892,908,984,269,1622,1,ITF,ITF6,18,Calabria,Calabria,1947131,1192986,61.27,0.1
1365,2021-07-28,CAL,21381,10734,10647,5897,15370,114,ITF,ITF6,18,Calabria,Calabria,1947131,1214367,62.37,1.1
1366,2021-04-22,CAL,9831,4915,4916,6846,2931,54,ITF,ITF6,18,Calabria,Calabria,1947131,1224198,62.87,0.5
1367,2021-05-06,CAL,13350,6319,7031,8925,4352,73,ITF,ITF6,18,Calabria,Calabria,1947131,1237548,63.56,0.69
1368,2021-01-24,CAL,47,20,27,41,6,0,ITF,ITF6,18,Calabria,Calabria,1947131,1237595,63.56,0.0
1369,2021-07-09,CAL,15675,7306,8369,3637,11967,71,ITF,ITF6,18,Calabria,Calabria,1947131,1253270,64.36,0.81
1370,2021-08-21,CAL,3643,1858,1785,1438,2158,47,ITF,ITF6,18,Calabria,Calabria,1947131,1256913,64.55,0.19
1371,2020-12-28,CAL,6,2,4,6,0,0,ITF,ITF6,18,Calabria,Calabria,1947131,1256919,64.55,0.0
1372,2021-04-01,CAL,8695,3960,4735,4154,4503,38,ITF,ITF6,18,Calabria,Calabria,1947131,1265614,65.0,0.45
1373,2021-04-08,CAL,9358,4434,4924,5826,3483,49,ITF,ITF6,18,Calabria,Calabria,1947131,1274972,65.48,0.48
1374,2021-02-10,CAL,2526,1086,1440,876,1635,15,ITF,ITF6,18,Calabria,Calabria,1947131,1277498,65.61,0.13
1375,2021-07-17,CAL,18339,9047,9292,2711,15560,68,ITF,ITF6,18,Calabria,Calabria,1947131,1295837,66.55,0.94
1376,2021-05-18,CAL,15344,7677,7667,11846,3428,70,ITF,ITF6,18,Calabria,Calabria,1947131,1311181,67.34,0.79
1377,2021-03-22,CAL,4994,2348,2646,3181,1788,25,ITF,ITF6,18,Calabria,Calabria,1947131,1316175,67.6,0.26
1378,2021-02-05,CAL,3865,1746,2119,473,3377,15,ITF,ITF6,18,Calabria,Calabria,1947131,1320040,67.79,0.2
1379,2021-04-29,CAL,12514,6088,6426,8653,3803,58,ITF,ITF6,18,Calabria,Calabria,1947131,1332554,68.44,0.64
1380,2021-04-12,CAL,7038,3426,3612,5350,1660,28,ITF,ITF6,18,Calabria,Calabria,1947131,1339592,68.8,0.36
1381,2021-01-19,CAL,1132,499,633,1117,13,2,ITF,ITF6,18,Calabria,Calabria,1947131,1340724,68.86,0.06
1382,2021-07-04,CAL,5953,2821,3132,1991,3926,36,ITF,ITF6,18,Calabria,Calabria,1947131,1346677,69.16,0.31
1383,2021-06-17,CAL,15819,7227,8592,9598,6167,54,ITF,ITF6,18,Calabria,Calabria,1947131,1362496,69.97,0.81
1384,2021-03-26,CAL,8111,3850,4261,4941,3137,33,ITF,ITF6,18,Calabria,Calabria,1947131,1370607,70.39,0.42
1385,2021-05-13,CAL,15981,7690,8291,11175,4728,78,ITF,ITF6,18,Calabria,Calabria,1947131,1386588,71.21,0.82
1386,2021-02-19,CAL,1520,688,832,1247,264,9,ITF,ITF6,18,Calabria,Calabria,1947131,1388108,71.29,0.08
1387,2021-05-30,CAL,11003,5302,5701,6814,4154,35,ITF,ITF6,18,Calabria,Calabria,1947131,1399111,71.86,0.57
1388,2021-08-14,CAL,2229,1193,1036,724,1489,16,ITF,ITF6,18,Calabria,Calabria,1947131,1401340,71.97,0.11
1389,2021-07-14,CAL,22645,10678,11967,4159,18409,77,ITF,ITF6,18,Calabria,Calabria,1947131,1423985,73.13,1.16
1390,2021-04-05,CAL,3643,1728,1915,2672,959,12,ITF,ITF6,18,Calabria,Calabria,1947131,1427628,73.32,0.19
1391,2021-06-08,CAL,16686,7902,8784,14518,2046,122,ITF,ITF6,18,Calabria,Calabria,1947131,1444314,74.18,0.86
1392,2021-03-17,CAL,4188,1875,2313,2189,1989,10,ITF,ITF6,18,Calabria,Calabria,1947131,1448502,74.39,0.22
1393,2021-06-25,CAL,18835,8747,10088,8070,10679,86,ITF,ITF6,18,Calabria,Calabria,1947131,1467337,75.36,0.97
1394,2021-04-03,CAL,9450,4088,5362,4528,4859,63,ITF,ITF6,18,Calabria,Calabria,1947131,1476787,75.84,0.49
1395,2021-01-28,CAL,2300,1144,1156,79,2221,0,ITF,ITF6,18,Calabria,Calabria,1947131,1479087,75.96,0.12
1396,2021-08-13,CAL,7593,3918,3675,2443,5082,68,ITF,ITF6,18,Calabria,Calabria,1947131,1486680,76.35,0.39
1397,2021-05-08,CAL,18558,8424,10134,10511,7974,73,ITF,ITF6,18,Calabria,Calabria,1947131,1505238,77.31,0.95
1398,2021-05-22,CAL,22200,10565,11635,14211,7898,91,ITF,ITF6,18,Calabria,Calabria,1947131,1527438,78.45,1.14
1399,2021-08-30,CAL,9387,4721,4666,3162,6103,122,ITF,ITF6,18,Calabria,Calabria,1947131,1536825,78.93,0.48
1400,2021-06-03,CAL,14255,6656,7599,9589,4612,54,ITF,ITF6,18,Calabria,Calabria,1947131,1551080,79.66,0.73
1401,2021-04-07,CAL,9175,4171,5004,5052,4068,55,ITF,ITF6,18,Calabria,Calabria,1947131,1560255,80.13,0.47
1402,2021-02-23,CAL,1613,763,850,1489,119,5,ITF,ITF6,18,Calabria,Calabria,1947131,1561868,80.21,0.08
1403,2021-02-09,CAL,2175,921,1254,950,1215,10,ITF,ITF6,18,Calabria,Calabria,1947131,1564043,80.33,0.11
1404,2021-05-29,CAL,19296,8961,10335,9351,9869,76,ITF,ITF6,18,Calabria,Calabria,1947131,1583339,81.32,0.99
1405,2021-07-25,CAL,6948,3570,3378,1469,5447,32,ITF,ITF6,18,Calabria,Calabria,1947131,1590287,81.67,0.36
1406,2021-04-14,CAL,8091,3907,4184,6586,1456,49,ITF,ITF6,18,Calabria,Calabria,1947131,1598378,82.09,0.42
1407,2021-06-04,CAL,17548,8159,9389,12956,4523,69,ITF,ITF6,18,Calabria,Calabria,1947131,1615926,82.99,0.9
1408,2021-05-21,CAL,21369,10884,10485,13858,7400,111,ITF,ITF6,18,Calabria,Calabria,1947131,1637295,84.09,1.1
1409,2021-01-05,CAL,1550,730,820,1548,0,2,ITF,ITF6,18,Calabria,Calabria,1947131,1638845,84.17,0.08
1410,2021-05-17,CAL,14917,7469,7448,10144,4719,54,ITF,ITF6,18,Calabria,Calabria,1947131,1653762,84.93,0.77
1411,2021-08-25,CAL,8849,4330,4519,3331,5385,133,ITF,ITF6,18,Calabria,Calabria,1947131,1662611,85.39,0.45
1412,2021-02-21,CAL,666,306,360,586,79,1,ITF,ITF6,18,Calabria,Calabria,1947131,1663277,85.42,0.03
1413,2021-04-28,CAL,12576,6099,6477,9624,2880,72,ITF,ITF6,18,Calabria,Calabria,1947131,1675853,86.07,0.65
1414,2021-02-04,CAL,3674,1748,1926,646,3022,6,ITF,ITF6,18,Calabria,Calabria,1947131,1679527,86.26,0.19
1415,2021-04-21,CAL,11621,5840,5781,8632,2930,59,ITF,ITF6,18,Calabria,Calabria,1947131,1691148,86.85,0.6
1416,2021-07-30,CAL,19737,10060,9677,5523,14091,123,ITF,ITF6,18,Calabria,Calabria,1947131,1710885,87.87,1.01
1417,2021-04-02,CAL,8547,3916,4631,4578,3935,34,ITF,ITF6,18,Calabria,Calabria,1947131,1719432,88.31,0.44
1418,2021-06-24,CAL,15418,7025,8393,6982,8356,80,ITF,ITF6,18,Calabria,Calabria,1947131,1734850,89.1,0.79
1419,2021-03-19,CAL,4248,1986,2262,1885,2356,7,ITF,ITF6,18,Calabria,Calabria,1947131,1739098,89.32,0.22
1420,2021-07-11,CAL,6434,2984,3450,846,5577,11,ITF,ITF6,18,Calabria,Calabria,1947131,1745532,89.65,0.33
1421,2021-03-31,CAL,9152,4174,4978,5058,4058,36,ITF,ITF6,18,Calabria,Calabria,1947131,1754684,90.12,0.47
1422,2021-04-09,CAL,8033,3769,4264,5054,2895,84,ITF,ITF6,18,Calabria,Calabria,1947131,1762717,90.53,0.41
1423,2021-07-18,CAL,8789,4205,4584,1280,7477,32,ITF,ITF6,18,Calabria,Calabria,1947131,1771506,90.98,0.45
1424,2021-06-05,CAL,20789,9711,11078,17632,3078,79,ITF,ITF6,18,Calabria,Calabria,1947131,1792295,92.05,1.07
1425,2021-02-16,CAL,1752,745,1007,1466,281,5,ITF,ITF6,18,Calabria,Calabria,1947131,1794047,92.14,0.09
1426,2021-07-23,CAL,22739,11349,11390,5555,17083,101,ITF,ITF6,18,Calabria,Calabria,1947131,1816786,93.31,1.17
1427,2021-05-27,CAL,17673,8741,8932,9772,7818,83,ITF,ITF6,18,Calabria,Calabria,1947131,1834459,94.21,0.91
1428,2021-08-01,CAL,4895,2562,2333,1172,3699,24,ITF,ITF6,18,Calabria,Calabria,1947131,1839354,94.46,0.25
1429,2021-07-06,CAL,12496,5753,6743,3836,8594,66,ITF,ITF6,18,Calabria,Calabria,1947131,1851850,95.11,0.64
1430,2021-01-02,CAL,166,94,72,166,0,0,ITF,ITF6,18,Calabria,Calabria,1947131,1852016,95.12,0.01
1431,2021-01-12,CAL,2092,1035,1057,2083,0,9,ITF,ITF6,18,Calabria,Calabria,1947131,1854108,95.22,0.11
1432,2021-02-24,CAL,1947,995,952,1462,479,6,ITF,ITF6,18,Calabria,Calabria,1947131,1856055,95.32,0.1
1433,2021-06-10,CAL,15894,7333,8561,12986,2808,100,ITF,ITF6,18,Calabria,Calabria,1947131,1871949,96.14,0.82
1434,2021-07-13,CAL,17438,8157,9281,2311,15058,69,ITF,ITF6,18,Calabria,Calabria,1947131,1889387,97.03,0.9
1435,2021-04-19,CAL,7906,3818,4088,6172,1686,48,ITF,ITF6,18,Calabria,Calabria,1947131,1897293,97.44,0.41
1436,2021-01-09,CAL,2095,1123,972,2087,0,8,ITF,ITF6,18,Calabria,Calabria,1947131,1899388,97.55,0.11
1437,2021-05-15,CAL,27280,13055,14225,20269,6875,136,ITF,ITF6,18,Calabria,Calabria,1947131,1926668,98.95,1.4
1438,2021-08-06,CAL,15617,7930,7687,5083,10402,132,ITF,ITF6,18,Calabria,Calabria,1947131,1942285,99.75,0.8
1439,2021-02-02,CAL,2375,1170,1205,176,2199,0,ITF,ITF6,18,Calabria,Calabria,1947131,1944660,99.87,0.12
1440,2021-01-16,CAL,2424,1138,1286,2421,0,3,ITF,ITF6,18,Calabria,Calabria,1947131,1947084,100.0,0.12
1441,2021-03-03,CAL,5113,2791,2322,4009,1090,14,ITF,ITF6,18,Calabria,Calabria,1947131,1952197,100.26,0.26
1442,2021-08-04,CAL,16013,8117,7896,4248,11664,101,ITF,ITF6,18,Calabria,Calabria,1947131,1968210,101.08,0.82
1443,2021-06-29,CAL,13073,6040,7033,5354,7668,51,ITF,ITF6,18,Calabria,Calabria,1947131,1981283,101.75,0.67
1444,2021-05-03,CAL,14848,6805,8043,10463,4293,92,ITF,ITF6,18,Calabria,Calabria,1947131,1996131,102.52,0.76
1445,2021-03-21,CAL,4469,1930,2539,2730,1728,11,ITF,ITF6,18,Calabria,Calabria,1947131,2000600,102.75,0.23
1446,2021-03-07,CAL,3409,1740,1669,3302,93,14,ITF,ITF6,18,Calabria,Calabria,1947131,2004009,102.92,0.18
1447,2021-08-11,CAL,11045,5667,5378,3519,7410,116,ITF,ITF6,18,Calabria,Calabria,1947131,2015054,103.49,0.57
1448,2021-06-15,CAL,15161,7051,8110,10239,4830,92,ITF,ITF6,18,Calabria,Calabria,1947131,2030215,104.27,0.78
1449,2021-09-01,CAL,9068,4651,4417,3450,5473,145,ITF,ITF6,18,Calabria,Calabria,1947131,2039283,104.73,0.47
1450,2021-02-28,CAL,2373,1082,1291,2215,155,3,ITF,ITF6,18,Calabria,Calabria,1947131,2041656,104.85,0.12
1451,2021-03-14,CAL,2770,1071,1699,2282,481,7,ITF,ITF6,18,Calabria,Calabria,1947131,2044426,105.0,0.14
1452,2021-08-18,CAL,9456,4850,4606,3392,5964,100,ITF,ITF6,18,Calabria,Calabria,1947131,2053882,105.48,0.49
1453,2021-06-22,CAL,14625,6919,7706,7381,7148,96,ITF,ITF6,18,Calabria,Calabria,1947131,2068507,106.23,0.75
1454,2021-05-10,CAL,13174,6128,7046,7694,5417,63,ITF,ITF6,18,Calabria,Calabria,1947131,2081681,106.91,0.68
1455,2021-04-26,CAL,10195,5062,5133,7714,2433,48,ITF,ITF6,18,Calabria,Calabria,1947131,2091876,107.43,0.52
1456,2021-03-23,CAL,5267,2469,2798,3421,1823,23,ITF,ITF6,18,Calabria,Calabria,1947131,2097143,107.7,0.27
1457,2021-08-27,CAL,9154,4763,4391,3607,5387,160,ITF,ITF6,18,Calabria,Calabria,1947131,2106297,108.17,0.47
1458,2021-07-15,CAL,18280,8808,9472,2522,15708,50,ITF,ITF6,18,Calabria,Calabria,1947131,2124577,109.11,0.94
1459,2021-02-15,CAL,1181,566,615,1011,165,5,ITF,ITF6,18,Calabria,Calabria,1947131,2125758,109.17,0.06
1460,2020-12-27,CAL,319,171,148,319,0,0,ITF,ITF6,18,Calabria,Calabria,1947131,2126077,109.19,0.02
1461,2021-04-06,CAL,8176,3726,4450,4461,3678,37,ITF,ITF6,18,Calabria,Calabria,1947131,2134253,109.61,0.42
1462,2021-02-08,CAL,1880,748,1132,667,1210,3,ITF,ITF6,18,Calabria,Calabria,1947131,2136133,109.71,0.1
1463,2021-04-24,CAL,19302,9607,9695,15760,3454,88,ITF,ITF6,18,Calabria,Calabria,1947131,2155435,110.7,0.99
1464,2021-02-26,CAL,3152,1677,1475,2674,463,15,ITF,ITF6,18,Calabria,Calabria,1947131,2158587,110.86,0.16
1465,2021-08-02,CAL,15074,7534,7540,3724,11294,56,ITF,ITF6,18,Calabria,Calabria,1947131,2173661,111.63,0.77
1466,2021-06-20,CAL,6651,3150,3501,3815,2808,28,ITF,ITF6,18,Calabria,Calabria,1947131,2180312,111.98,0.34
1467,2021-06-06,CAL,13807,6638,7169,12016,1720,71,ITF,ITF6,18,Calabria,Calabria,1947131,2194119,112.68,0.71
1468,2021-01-07,CAL,2223,1091,1132,2219,0,4,ITF,ITF6,18,Calabria,Calabria,1947131,2196342,112.8,0.11
1469,2021-06-13,CAL,6852,3362,3490,5731,1066,55,ITF,ITF6,18,Calabria,Calabria,1947131,2203194,113.15,0.35
1470,2021-04-17,CAL,10856,5075,5781,9021,1784,51,ITF,ITF6,18,Calabria,Calabria,1947131,2214050,113.71,0.56
1471,2021-05-01,CAL,16749,7982,8767,12402,4256,91,ITF,ITF6,18,Calabria,Calabria,1947131,2230799,114.57,0.86
1472,2021-03-05,CAL,6246,3626,2620,5651,579,16,ITF,ITF6,18,Calabria,Calabria,1947131,2237045,114.89,0.32
1473,2021-08-09,CAL,13167,6711,6456,4638,8367,162,ITF,ITF6,18,Calabria,Calabria,1947131,2250212,115.57,0.68
1474,2021-07-26,CAL,18789,9333,9456,5215,13485,89,ITF,ITF6,18,Calabria,Calabria,1947131,2269001,116.53,0.96
1475,2021-03-12,CAL,5161,2471,2690,4074,1064,23,ITF,ITF6,18,Calabria,Calabria,1947131,2274162,116.8,0.27
1476,2021-01-14,CAL,2674,1271,1403,2668,0,6,ITF,ITF6,18,Calabria,Calabria,1947131,2276836,116.93,0.14
1477,2021-01-21,CAL,983,460,523,946,34,3,ITF,ITF6,18,Calabria,Calabria,1947131,2277819,116.98,0.05
1478,2021-08-20,CAL,7566,3822,3744,3019,4456,91,ITF,ITF6,18,Calabria,Calabria,1947131,2285385,117.37,0.39
1479,2021-07-13,VEN,43570,22612,20958,5420,37842,308,ITH,ITH3,5,Veneto,Veneto,4905854,43570,0.89,0.89
1480,2021-04-04,VEN,7789,3534,4255,6516,1148,125,ITH,ITH3,5,Veneto,Veneto,4905854,51359,1.05,0.16
1481,2021-09-01,VEN,20793,10637,10156,7538,12503,752,ITH,ITH3,5,Veneto,Veneto,4905854,72152,1.47,0.42
1482,2021-05-17,VEN,26551,13002,13549,15657,10075,819,ITH,ITH3,5,Veneto,Veneto,4905854,98703,2.01,0.54
1483,2021-02-06,VEN,4099,1354,2745,708,3391,0,ITH,ITH3,5,Veneto,Veneto,4905854,102802,2.1,0.08
1484,2021-08-25,VEN,20010,10855,9155,8000,11432,578,ITH,ITH3,5,Veneto,Veneto,4905854,122812,2.5,0.41
1485,2021-02-23,VEN,7384,3253,4131,7030,270,84,ITH,ITH3,5,Veneto,Veneto,4905854,130196,2.65,0.15
1486,2021-07-27,VEN,42248,22174,20074,11782,30037,429,ITH,ITH3,5,Veneto,Veneto,4905854,172444,3.52,0.86
1487,2021-08-01,VEN,27911,14941,12970,11037,16359,515,ITH,ITH3,5,Veneto,Veneto,4905854,200355,4.08,0.57
1488,2021-04-23,VEN,31303,13857,17446,21433,8710,1160,ITH,ITH3,5,Veneto,Veneto,4905854,231658,4.72,0.64
1489,2021-02-16,VEN,6644,2870,3774,6439,176,29,ITH,ITH3,5,Veneto,Veneto,4905854,238302,4.86,0.14
1490,2021-07-18,VEN,37719,19760,17959,3848,33622,249,ITH,ITH3,5,Veneto,Veneto,4905854,276021,5.63,0.77
1491,2021-02-25,VEN,7905,3345,4560,7160,607,138,ITH,ITH3,5,Veneto,Veneto,4905854,283926,5.79,0.16
1492,2021-04-09,VEN,31204,13767,17437,21912,8349,943,ITH,ITH3,5,Veneto,Veneto,4905854,315130,6.42,0.64
1493,2021-06-05,VEN,46876,24145,22731,37322,8103,1451,ITH,ITH3,5,Veneto,Veneto,4905854,362006,7.38,0.96
1494,2021-01-11,VEN,7244,2102,5142,7243,0,1,ITH,ITH3,5,Veneto,Veneto,4905854,369250,7.53,0.15
1495,2021-04-21,VEN,32408,13205,19203,15566,16065,777,ITH,ITH3,5,Veneto,Veneto,4905854,401658,8.19,0.66
1496,2021-05-22,VEN,34835,16704,18131,12719,21447,669,ITH,ITH3,5,Veneto,Veneto,4905854,436493,8.9,0.71
1497,2021-02-11,VEN,4015,1238,2777,3349,628,38,ITH,ITH3,5,Veneto,Veneto,4905854,440508,8.98,0.08
1498,2021-01-28,VEN,9216,2666,6550,169,9045,2,ITH,ITH3,5,Veneto,Veneto,4905854,449724,9.17,0.19
1499,2021-06-17,VEN,51754,25932,25822,25555,25055,1144,ITH,ITH3,5,Veneto,Veneto,4905854,501478,10.22,1.05
1500,2021-03-09,VEN,16566,7459,9107,9830,6338,398,ITH,ITH3,5,Veneto,Veneto,4905854,518044,10.56,0.34
1501,2021-05-31,VEN,31656,16247,15409,20897,9935,824,ITH,ITH3,5,Veneto,Veneto,4905854,549700,11.2,0.65
1502,2021-03-26,VEN,29618,13164,16454,23283,5468,867,ITH,ITH3,5,Veneto,Veneto,4905854,579318,11.81,0.6
1503,2021-03-28,VEN,31315,13610,17705,26887,3616,812,ITH,ITH3,5,Veneto,Veneto,4905854,610633,12.45,0.64
1504,2021-01-23,VEN,4057,1250,2807,31,4026,0,ITH,ITH3,5,Veneto,Veneto,4905854,614690,12.53,0.08
1505,2021-06-29,VEN,45573,22735,22838,19051,25838,684,ITH,ITH3,5,Veneto,Veneto,4905854,660263,13.46,0.93
1506,2021-03-21,VEN,11992,4756,7236,8286,3466,240,ITH,ITH3,5,Veneto,Veneto,4905854,672255,13.7,0.24
1507,2021-01-16,VEN,4612,1542,3070,4612,0,0,ITH,ITH3,5,Veneto,Veneto,4905854,676867,13.8,0.09
1508,2021-03-14,VEN,15186,5945,9241,13847,894,445,ITH,ITH3,5,Veneto,Veneto,4905854,692053,14.11,0.31
1509,2021-05-29,VEN,33063,16700,16363,24250,7697,1116,ITH,ITH3,5,Veneto,Veneto,4905854,725116,14.78,0.67
1510,2021-02-18,VEN,5833,2456,3377,5730,64,39,ITH,ITH3,5,Veneto,Veneto,4905854,730949,14.9,0.12
1511,2021-07-25,VEN,33198,17543,15655,10844,21890,464,ITH,ITH3,5,Veneto,Veneto,4905854,764147,15.58,0.68
1512,2021-04-16,VEN,24470,10502,13968,11894,11893,683,ITH,ITH3,5,Veneto,Veneto,4905854,788617,16.08,0.5
1513,2021-03-02,VEN,11497,4628,6869,7936,3312,249,ITH,ITH3,5,Veneto,Veneto,4905854,800114,16.31,0.23
1514,2021-06-10,VEN,52401,27040,25361,41327,9377,1697,ITH,ITH3,5,Veneto,Veneto,4905854,852515,17.38,1.07
1515,2021-04-02,VEN,24121,10635,13486,17146,6332,643,ITH,ITH3,5,Veneto,Veneto,4905854,876636,17.87,0.49
1516,2021-05-10,VEN,36518,17087,19431,25417,9855,1246,ITH,ITH3,5,Veneto,Veneto,4905854,913154,18.61,0.74
1517,2021-01-30,VEN,8761,2679,6082,688,8073,0,ITH,ITH3,5,Veneto,Veneto,4905854,921915,18.79,0.18
1518,2021-03-07,VEN,4496,1769,2727,3864,560,72,ITH,ITH3,5,Veneto,Veneto,4905854,926411,18.88,0.09
1519,2021-06-19,VEN,49303,25083,24220,25680,22594,1029,ITH,ITH3,5,Veneto,Veneto,4905854,975714,19.89,1.0
1520,2021-07-06,VEN,36148,18625,17523,13210,22307,631,ITH,ITH3,5,Veneto,Veneto,4905854,1011862,20.63,0.74
1521,2021-04-14,VEN,15943,6915,9028,8765,6634,544,ITH,ITH3,5,Veneto,Veneto,4905854,1027805,20.95,0.32
1522,2021-01-04,VEN,6740,2037,4703,6738,0,2,ITH,ITH3,5,Veneto,Veneto,4905854,1034545,21.09,0.14
1523,2021-08-22,VEN,9244,5043,4201,5859,3107,278,ITH,ITH3,5,Veneto,Veneto,4905854,1043789,21.28,0.19
1524,2021-05-14,VEN,46833,22277,24556,24297,20954,1582,ITH,ITH3,5,Veneto,Veneto,4905854,1090622,22.23,0.95
1525,2021-08-06,VEN,38285,20891,17394,19839,17569,877,ITH,ITH3,5,Veneto,Veneto,4905854,1128907,23.01,0.78
1526,2021-04-28,VEN,32465,15198,17267,22254,9024,1187,ITH,ITH3,5,Veneto,Veneto,4905854,1161372,23.67,0.66
1527,2021-07-20,VEN,44373,23690,20683,6879,36986,508,ITH,ITH3,5,Veneto,Veneto,4905854,1205745,24.58,0.9
1528,2021-01-18,VEN,2766,778,1988,2560,201,5,ITH,ITH3,5,Veneto,Veneto,4905854,1208511,24.63,0.06
1529,2021-02-04,VEN,7397,2029,5368,550,6846,1,ITH,ITH3,5,Veneto,Veneto,4905854,1215908,24.78,0.15
1530,2021-08-08,VEN,20522,11398,9124,10668,9544,310,ITH,ITH3,5,Veneto,Veneto,4905854,1236430,25.2,0.42
1531,2021-06-12,VEN,48699,24501,24198,36406,10830,1463,ITH,ITH3,5,Veneto,Veneto,4905854,1285129,26.2,0.99
1532,2021-05-24,VEN,33092,16436,16656,7630,25054,408,ITH,ITH3,5,Veneto,Veneto,4905854,1318221,26.87,0.67
1533,2021-08-15,VEN,3104,1761,1343,2614,425,65,ITH,ITH3,5,Veneto,Veneto,4905854,1321325,26.93,0.06
1534,2021-01-09,VEN,7938,2540,5398,7933,0,5,ITH,ITH3,5,Veneto,Veneto,4905854,1329263,27.1,0.16
1535,2021-03-18,VEN,12627,5145,7482,7038,5236,353,ITH,ITH3,5,Veneto,Veneto,4905854,1341890,27.35,0.26
1536,2021-06-26,VEN,48091,24518,23573,13597,34005,489,ITH,ITH3,5,Veneto,Veneto,4905854,1389981,28.33,0.98
1537,2021-08-05,VEN,39189,21413,17776,15675,22906,608,ITH,ITH3,5,Veneto,Veneto,4905854,1429170,29.13,0.8
1538,2021-04-18,VEN,17531,7263,10268,9511,7567,453,ITH,ITH3,5,Veneto,Veneto,4905854,1446701,29.49,0.36
1539,2021-01-08,VEN,9416,2837,6579,9402,0,14,ITH,ITH3,5,Veneto,Veneto,4905854,1456117,29.68,0.19
1540,2021-01-13,VEN,5988,1606,4382,5985,0,3,ITH,ITH3,5,Veneto,Veneto,4905854,1462105,29.8,0.12
1541,2021-06-09,VEN,42829,21968,20861,33781,7499,1549,ITH,ITH3,5,Veneto,Veneto,4905854,1504934,30.68,0.87
1542,2021-06-28,VEN,47672,24125,23547,18426,28546,700,ITH,ITH3,5,Veneto,Veneto,4905854,1552606,31.65,0.97
1543,2021-01-25,VEN,6471,2077,4394,157,6314,0,ITH,ITH3,5,Veneto,Veneto,4905854,1559077,31.78,0.13
1544,2021-07-29,VEN,47517,25118,22399,20123,26540,854,ITH,ITH3,5,Veneto,Veneto,4905854,1606594,32.75,0.97
1545,2021-07-15,VEN,51422,26913,24509,6032,45013,377,ITH,ITH3,5,Veneto,Veneto,4905854,1658016,33.8,1.05
1546,2021-08-13,VEN,24425,13808,10617,18281,5362,782,ITH,ITH3,5,Veneto,Veneto,4905854,1682441,34.29,0.5
1547,2021-08-27,VEN,26703,14286,12417,8250,17875,578,ITH,ITH3,5,Veneto,Veneto,4905854,1709144,34.84,0.54
1548,2021-05-05,VEN,44412,21279,23133,36226,6562,1624,ITH,ITH3,5,Veneto,Veneto,4905854,1753556,35.74,0.91
1549,2021-07-01,VEN,51003,26052,24951,20695,29304,1004,ITH,ITH3,5,Veneto,Veneto,4905854,1804559,36.78,1.04
1550,2021-02-20,VEN,6430,2018,4412,6276,73,81,ITH,ITH3,5,Veneto,Veneto,4905854,1810989,36.91,0.13
1551,2021-06-02,VEN,20317,10239,10078,15350,4347,620,ITH,ITH3,5,Veneto,Veneto,4905854,1831306,37.33,0.41
1552,2021-08-24,VEN,19828,10565,9263,8866,10431,531,ITH,ITH3,5,Veneto,Veneto,4905854,1851134,37.73,0.4
1553,2021-04-30,VEN,50268,23621,26647,33172,15674,1422,ITH,ITH3,5,Veneto,Veneto,4905854,1901402,38.76,1.02
1554,2021-01-20,VEN,1039,368,671,387,652,0,ITH,ITH3,5,Veneto,Veneto,4905854,1902441,38.78,0.02
1555,2021-07-03,VEN,38708,20122,18586,11029,27104,575,ITH,ITH3,5,Veneto,Veneto,4905854,1941149,39.57,0.79
1556,2021-05-07,VEN,48649,23309,25340,37612,8679,2358,ITH,ITH3,5,Veneto,Veneto,4905854,1989798,40.56,0.99
1557,2021-01-27,VEN,7148,2069,5079,239,6908,1,ITH,ITH3,5,Veneto,Veneto,4905854,1996946,40.71,0.15
1558,2021-05-02,VEN,37247,17266,19981,25612,10331,1304,ITH,ITH3,5,Veneto,Veneto,4905854,2034193,41.46,0.76
1559,2021-06-14,VEN,42629,21560,21069,26299,15319,1011,ITH,ITH3,5,Veneto,Veneto,4905854,2076822,42.33,0.87
1560,2021-03-06,VEN,10684,4357,6327,7214,3278,192,ITH,ITH3,5,Veneto,Veneto,4905854,2087506,42.55,0.22
1561,2021-08-10,VEN,28471,15623,12848,16393,11471,607,ITH,ITH3,5,Veneto,Veneto,4905854,2115977,43.13,0.58
1562,2020-12-30,VEN,699,245,454,699,0,0,ITH,ITH3,5,Veneto,Veneto,4905854,2116676,43.15,0.01
1563,2021-08-12,VEN,24139,13069,11070,17280,6154,705,ITH,ITH3,5,Veneto,Veneto,4905854,2140815,43.64,0.49
1564,2021-08-03,VEN,40714,21553,19161,17575,22423,716,ITH,ITH3,5,Veneto,Veneto,4905854,2181529,44.47,0.83
1565,2021-04-25,VEN,18336,8156,10180,12906,4835,595,ITH,ITH3,5,Veneto,Veneto,4905854,2199865,44.84,0.37
1566,2021-06-21,VEN,44336,22189,22147,20462,22965,909,ITH,ITH3,5,Veneto,Veneto,4905854,2244201,45.75,0.9
1567,2021-01-06,VEN,8142,2391,5751,8139,0,3,ITH,ITH3,5,Veneto,Veneto,4905854,2252343,45.91,0.17
1568,2021-06-23,VEN,49360,24455,24905,14560,34002,798,ITH,ITH3,5,Veneto,Veneto,4905854,2301703,46.92,1.01
1569,2021-03-11,VEN,19839,8893,10946,13796,5577,466,ITH,ITH3,5,Veneto,Veneto,4905854,2321542,47.32,0.4
1570,2021-04-27,VEN,28214,12799,15415,20137,6916,1161,ITH,ITH3,5,Veneto,Veneto,4905854,2349756,47.9,0.58
1571,2021-01-17,VEN,1933,781,1152,1584,349,0,ITH,ITH3,5,Veneto,Veneto,4905854,2351689,47.94,0.04
1572,2021-06-16,VEN,47790,23577,24213,25266,21434,1090,ITH,ITH3,5,Veneto,Veneto,4905854,2399479,48.91,0.97
1573,2021-01-01,VEN,1527,471,1056,1526,0,1,ITH,ITH3,5,Veneto,Veneto,4905854,2401006,48.94,0.03
1574,2021-03-25,VEN,25976,11063,14913,18974,6104,898,ITH,ITH3,5,Veneto,Veneto,4905854,2426982,49.47,0.53
1575,2021-04-11,VEN,21013,8877,12136,14229,6297,487,ITH,ITH3,5,Veneto,Veneto,4905854,2447995,49.9,0.43
1576,2021-07-22,VEN,48388,25120,23268,13310,34429,649,ITH,ITH3,5,Veneto,Veneto,4905854,2496383,50.89,0.99
1577,2021-04-13,VEN,14039,6327,7712,8057,5479,503,ITH,ITH3,5,Veneto,Veneto,4905854,2510422,51.17,0.29
1578,2021-07-05,VEN,39143,20286,18857,14155,24194,794,ITH,ITH3,5,Veneto,Veneto,4905854,2549565,51.97,0.8
1579,2021-01-03,VEN,5158,1562,3596,5158,0,0,ITH,ITH3,5,Veneto,Veneto,4905854,2554723,52.07,0.11
1580,2021-04-20,VEN,22466,9506,12960,7881,14011,574,ITH,ITH3,5,Veneto,Veneto,4905854,2577189,52.53,0.46
1581,2021-08-17,VEN,19227,10446,8781,11180,7582,465,ITH,ITH3,5,Veneto,Veneto,4905854,2596416,52.92,0.39
1582,2021-05-09,VEN,35089,16144,18945,23791,10054,1244,ITH,ITH3,5,Veneto,Veneto,4905854,2631505,53.64,0.72
1583,2021-05-26,VEN,31163,15233,15930,13990,16495,678,ITH,ITH3,5,Veneto,Veneto,4905854,2662668,54.28,0.64
1584,2021-08-31,VEN,19595,10346,9249,6940,12062,593,ITH,ITH3,5,Veneto,Veneto,4905854,2682263,54.67,0.4
1585,2021-06-07,VEN,44700,23319,21381,36176,7043,1481,ITH,ITH3,5,Veneto,Veneto,4905854,2726963,55.59,0.91
1586,2021-02-27,VEN,8994,2693,6301,7965,849,180,ITH,ITH3,5,Veneto,Veneto,4905854,2735957,55.77,0.18
1587,2021-03-04,VEN,12989,4890,8099,9121,3478,390,ITH,ITH3,5,Veneto,Veneto,4905854,2748946,56.03,0.26
1588,2021-02-13,VEN,3266,1473,1793,3230,20,16,ITH,ITH3,5,Veneto,Veneto,4905854,2752212,56.1,0.07
1589,2021-03-15,VEN,16672,7331,9341,10958,5212,502,ITH,ITH3,5,Veneto,Veneto,4905854,2768884,56.44,0.34
1590,2021-05-18,VEN,27031,12550,14481,12635,13635,761,ITH,ITH3,5,Veneto,Veneto,4905854,2795915,56.99,0.55
1591,2021-05-12,VEN,36997,17909,19088,30249,5128,1620,ITH,ITH3,5,Veneto,Veneto,4905854,2832912,57.75,0.75
1592,2021-07-08,VEN,46726,24311,22415,4504,41921,301,ITH,ITH3,5,Veneto,Veneto,4905854,2879638,58.7,0.95
1593,2021-06-24,VEN,56217,28475,27742,17639,37896,682,ITH,ITH3,5,Veneto,Veneto,4905854,2935855,59.84,1.15
1594,2021-03-16,VEN,12538,5358,7180,6642,5626,270,ITH,ITH3,5,Veneto,Veneto,4905854,2948393,60.1,0.26
1595,2021-08-20,VEN,19428,10525,8903,11278,7563,587,ITH,ITH3,5,Veneto,Veneto,4905854,2967821,60.5,0.4
1596,2021-03-08,VEN,13645,6282,7363,9305,4077,263,ITH,ITH3,5,Veneto,Veneto,4905854,2981466,60.77,0.28
1597,2021-02-03,VEN,5955,1672,4283,474,5477,4,ITH,ITH3,5,Veneto,Veneto,4905854,2987421,60.9,0.12
1598,2021-08-07,VEN,28945,16292,12653,16329,12067,549,ITH,ITH3,5,Veneto,Veneto,4905854,3016366,61.49,0.59
1599,2021-04-29,VEN,50329,23412,26917,35409,13183,1737,ITH,ITH3,5,Veneto,Veneto,4905854,3066695,62.51,1.03
1600,2021-07-21,VEN,43270,22334,20936,8699,34075,496,ITH,ITH3,5,Veneto,Veneto,4905854,3109965,63.39,0.88
1601,2021-02-05,VEN,8390,2541,5849,1409,6972,9,ITH,ITH3,5,Veneto,Veneto,4905854,3118355,63.56,0.17
1602,2021-02-22,VEN,7019,3044,3975,6581,391,47,ITH,ITH3,5,Veneto,Veneto,4905854,3125374,63.71,0.14
1603,2021-05-16,VEN,28422,14015,14407,20322,7080,1020,ITH,ITH3,5,Veneto,Veneto,4905854,3153796,64.29,0.58
1604,2021-07-07,VEN,40979,21325,19654,15648,24539,792,ITH,ITH3,5,Veneto,Veneto,4905854,3194775,65.12,0.84
1605,2021-08-19,VEN,19529,10643,8886,12193,6802,534,ITH,ITH3,5,Veneto,Veneto,4905854,3214304,65.52,0.4
1606,2021-05-11,VEN,33197,16515,16682,27149,4729,1319,ITH,ITH3,5,Veneto,Veneto,4905854,3247501,66.2,0.68
1607,2021-01-22,VEN,1080,332,748,25,1055,0,ITH,ITH3,5,Veneto,Veneto,4905854,3248581,66.22,0.02
1608,2021-08-21,VEN,12155,6862,5293,8260,3377,518,ITH,ITH3,5,Veneto,Veneto,4905854,3260736,66.47,0.25
1609,2021-03-03,VEN,12101,4648,7453,8388,3502,211,ITH,ITH3,5,Veneto,Veneto,4905854,3272837,66.71,0.25
1610,2021-06-11,VEN,47327,24622,22705,34721,11186,1420,ITH,ITH3,5,Veneto,Veneto,4905854,3320164,67.68,0.96
1611,2021-06-25,VEN,51713,26163,25550,15071,36004,638,ITH,ITH3,5,Veneto,Veneto,4905854,3371877,68.73,1.05
1612,2021-03-01,VEN,9395,3717,5678,7410,1822,163,ITH,ITH3,5,Veneto,Veneto,4905854,3381272,68.92,0.19
1613,2021-07-12,VEN,43248,22782,20466,4013,38913,322,ITH,ITH3,5,Veneto,Veneto,4905854,3424520,69.8,0.88
1614,2021-04-03,VEN,21991,9644,12347,13865,7721,405,ITH,ITH3,5,Veneto,Veneto,4905854,3446511,70.25,0.45
1615,2021-03-20,VEN,13036,5393,7643,10658,2082,296,ITH,ITH3,5,Veneto,Veneto,4905854,3459547,70.52,0.27
1616,2021-06-30,VEN,45812,23102,22710,17872,27193,747,ITH,ITH3,5,Veneto,Veneto,4905854,3505359,71.45,0.93
1617,2021-03-22,VEN,18156,8184,9972,12587,5050,519,ITH,ITH3,5,Veneto,Veneto,4905854,3523515,71.82,0.37
1618,2021-03-13,VEN,17241,7312,9929,13735,3133,373,ITH,ITH3,5,Veneto,Veneto,4905854,3540756,72.17,0.35
1619,2021-01-15,VEN,5878,1819,4059,5872,0,6,ITH,ITH3,5,Veneto,Veneto,4905854,3546634,72.29,0.12
1620,2021-08-28,VEN,20818,11565,9253,8618,11465,735,ITH,ITH3,5,Veneto,Veneto,4905854,3567452,72.72,0.42
1621,2021-05-20,VEN,44844,21260,23584,19365,24375,1104,ITH,ITH3,5,Veneto,Veneto,4905854,3612296,73.63,0.91
1622,2021-02-09,VEN,5250,1892,3358,3431,1806,13,ITH,ITH3,5,Veneto,Veneto,4905854,3617546,73.74,0.11
1623,2021-03-23,VEN,22228,10249,11979,16870,4718,640,ITH,ITH3,5,Veneto,Veneto,4905854,3639774,74.19,0.45
1624,2021-05-19,VEN,33157,15185,17972,16230,15993,934,ITH,ITH3,5,Veneto,Veneto,4905854,3672931,74.87,0.68
1625,2021-02-08,VEN,5007,1559,3448,1923,3078,6,ITH,ITH3,5,Veneto,Veneto,4905854,3677938,74.97,0.1
1626,2021-04-06,VEN,29033,13368,15665,23259,5047,727,ITH,ITH3,5,Veneto,Veneto,4905854,3706971,75.56,0.59
1627,2021-05-04,VEN,43031,20382,22649,33360,8032,1639,ITH,ITH3,5,Veneto,Veneto,4905854,3750002,76.44,0.88
1628,2021-01-24,VEN,4117,1219,2898,28,4089,0,ITH,ITH3,5,Veneto,Veneto,4905854,3754119,76.52,0.08
1629,2021-04-07,VEN,36062,16205,19857,27607,7341,1114,ITH,ITH3,5,Veneto,Veneto,4905854,3790181,77.26,0.74
1630,2021-07-16,VEN,44731,24063,20668,6957,37314,460,ITH,ITH3,5,Veneto,Veneto,4905854,3834912,78.17,0.91
1631,2021-06-18,VEN,53660,26779,26881,23986,28635,1039,ITH,ITH3,5,Veneto,Veneto,4905854,3888572,79.26,1.09
1632,2021-03-27,VEN,32092,14018,18074,25380,5807,905,ITH,ITH3,5,Veneto,Veneto,4905854,3920664,79.92,0.65
1633,2021-06-03,VEN,54532,28043,26489,40881,12000,1651,ITH,ITH3,5,Veneto,Veneto,4905854,3975196,81.03,1.11
1634,2021-08-09,VEN,34760,18636,16124,17128,16859,773,ITH,ITH3,5,Veneto,Veneto,4905854,4009956,81.74,0.71
1635,2021-08-26,VEN,22227,11841,10386,8270,13357,600,ITH,ITH3,5,Veneto,Veneto,4905854,4032183,82.19,0.45
1636,2021-01-10,VEN,5036,1673,3363,5035,0,1,ITH,ITH3,5,Veneto,Veneto,4905854,4037219,82.29,0.1
1637,2021-05-23,VEN,34491,16470,18021,10621,23399,471,ITH,ITH3,5,Veneto,Veneto,4905854,4071710,83.0,0.7
1638,2021-02-12,VEN,4314,1446,2868,3671,572,71,ITH,ITH3,5,Veneto,Veneto,4905854,4076024,83.08,0.09
1639,2021-01-29,VEN,9029,2789,6240,365,8664,0,ITH,ITH3,5,Veneto,Veneto,4905854,4085053,83.27,0.18
1640,2021-07-14,VEN,43620,22425,21195,5283,37944,393,ITH,ITH3,5,Veneto,Veneto,4905854,4128673,84.16,0.89
1641,2021-04-22,VEN,32076,13945,18131,15471,15780,825,ITH,ITH3,5,Veneto,Veneto,4905854,4160749,84.81,0.65
1642,2021-07-31,VEN,35150,18886,16264,17001,17501,648,ITH,ITH3,5,Veneto,Veneto,4905854,4195899,85.53,0.72
1643,2021-08-14,VEN,9911,5804,4107,7261,2399,251,ITH,ITH3,5,Veneto,Veneto,4905854,4205810,85.73,0.2
1644,2021-08-30,VEN,26848,14229,12619,7945,18287,616,ITH,ITH3,5,Veneto,Veneto,4905854,4232658,86.28,0.55
1645,2021-05-27,VEN,46668,22924,23744,22367,23256,1045,ITH,ITH3,5,Veneto,Veneto,4905854,4279326,87.23,0.95
1646,2021-02-07,VEN,2316,863,1453,714,1601,1,ITH,ITH3,5,Veneto,Veneto,4905854,4281642,87.28,0.05
1647,2021-01-31,VEN,4789,1566,3223,408,4381,0,ITH,ITH3,5,Veneto,Veneto,4905854,4286431,87.37,0.1
1648,2021-03-29,VEN,31475,13707,17768,26652,3828,995,ITH,ITH3,5,Veneto,Veneto,4905854,4317906,88.02,0.64
1649,2021-05-13,VEN,44341,21881,22460,32589,9917,1835,ITH,ITH3,5,Veneto,Veneto,4905854,4362247,88.92,0.9
1650,2021-02-02,VEN,6514,1881,4633,396,6118,0,ITH,ITH3,5,Veneto,Veneto,4905854,4368761,89.05,0.13
1651,2021-07-09,VEN,45089,23781,21308,4126,40678,285,ITH,ITH3,5,Veneto,Veneto,4905854,4413850,89.97,0.92
1652,2021-03-31,VEN,38974,16458,22516,30422,7506,1046,ITH,ITH3,5,Veneto,Veneto,4905854,4452824,90.77,0.79
1653,2021-06-20,VEN,41207,20065,21142,18929,21539,739,ITH,ITH3,5,Veneto,Veneto,4905854,4494031,91.61,0.84
1654,2021-02-19,VEN,7323,3141,4182,6995,204,124,ITH,ITH3,5,Veneto,Veneto,4905854,4501354,91.75,0.15
1655,2021-08-23,VEN,24483,13013,11470,10548,13224,711,ITH,ITH3,5,Veneto,Veneto,4905854,4525837,92.25,0.5
1656,2021-02-01,VEN,8563,2502,6061,157,8406,0,ITH,ITH3,5,Veneto,Veneto,4905854,4534400,92.43,0.17
1657,2021-02-15,VEN,4393,1827,2566,4144,240,9,ITH,ITH3,5,Veneto,Veneto,4905854,4538793,92.52,0.09
1658,2021-03-30,VEN,36008,15317,20691,29738,5253,1017,ITH,ITH3,5,Veneto,Veneto,4905854,4574801,93.25,0.73
1659,2021-08-02,VEN,40090,21029,19061,16288,23163,639,ITH,ITH3,5,Veneto,Veneto,4905854,4614891,94.07,0.82
1660,2021-04-10,VEN,27484,11987,15497,18378,8474,632,ITH,ITH3,5,Veneto,Veneto,4905854,4642375,94.63,0.56
1661,2021-06-06,VEN,37449,19174,18275,31494,4732,1223,ITH,ITH3,5,Veneto,Veneto,4905854,4679824,95.39,0.76
1662,2020-12-31,VEN,3221,1042,2179,3221,0,0,ITH,ITH3,5,Veneto,Veneto,4905854,4683045,95.46,0.07
1663,2021-07-04,VEN,33886,17579,16307,14997,18287,602,ITH,ITH3,5,Veneto,Veneto,4905854,4716931,96.15,0.69
1664,2021-04-12,VEN,14919,6345,8574,6399,8218,302,ITH,ITH3,5,Veneto,Veneto,4905854,4731850,96.45,0.3
1665,2021-01-02,VEN,5743,1767,3976,5742,0,1,ITH,ITH3,5,Veneto,Veneto,4905854,4737593,96.57,0.12
1666,2021-01-19,VEN,1313,475,838,1163,149,1,ITH,ITH3,5,Veneto,Veneto,4905854,4738906,96.6,0.03
1667,2021-07-23,VEN,44494,23455,21039,15142,28781,571,ITH,ITH3,5,Veneto,Veneto,4905854,4783400,97.5,0.91
1668,2021-06-08,VEN,43852,22672,21180,36189,6145,1518,ITH,ITH3,5,Veneto,Veneto,4905854,4827252,98.4,0.89
1669,2021-05-25,VEN,27867,13451,14416,11274,16095,498,ITH,ITH3,5,Veneto,Veneto,4905854,4855119,98.97,0.57
1670,2021-02-14,VEN,125,55,70,112,13,0,ITH,ITH3,5,Veneto,Veneto,4905854,4855244,98.97,0.0
1671,2021-02-28,VEN,4136,1389,2747,3224,837,75,ITH,ITH3,5,Veneto,Veneto,4905854,4859380,99.05,0.08
1672,2021-03-17,VEN,14646,5991,8655,7526,6797,323,ITH,ITH3,5,Veneto,Veneto,4905854,4874026,99.35,0.3
1673,2021-07-02,VEN,49558,25139,24419,16290,32489,779,ITH,ITH3,5,Veneto,Veneto,4905854,4923584,100.36,1.01
1674,2021-03-24,VEN,22126,9581,12545,14668,6806,652,ITH,ITH3,5,Veneto,Veneto,4905854,4945710,100.81,0.45
1675,2021-07-11,VEN,34236,17925,16311,3700,30284,252,ITH,ITH3,5,Veneto,Veneto,4905854,4979946,101.51,0.7
1676,2021-02-21,VEN,4640,1212,3428,4516,5,119,ITH,ITH3,5,Veneto,Veneto,4905854,4984586,101.6,0.09
1677,2021-05-15,VEN,36275,17520,18755,24821,10023,1431,ITH,ITH3,5,Veneto,Veneto,4905854,5020861,102.34,0.74
1678,2021-06-01,VEN,26990,13568,13422,15789,10557,644,ITH,ITH3,5,Veneto,Veneto,4905854,5047851,102.89,0.55
1679,2021-03-10,VEN,19043,8728,10315,12961,5686,396,ITH,ITH3,5,Veneto,Veneto,4905854,5066894,103.28,0.39
1680,2020-12-27,VEN,880,395,485,880,0,0,ITH,ITH3,5,Veneto,Veneto,4905854,5067774,103.3,0.02
1681,2021-05-30,VEN,22550,11273,11277,15206,6691,653,ITH,ITH3,5,Veneto,Veneto,4905854,5090324,103.76,0.46
1682,2021-07-26,VEN,43639,22941,20698,16994,26010,635,ITH,ITH3,5,Veneto,Veneto,4905854,5133963,104.65,0.89
1683,2021-07-28,VEN,40279,20913,19366,12046,27783,450,ITH,ITH3,5,Veneto,Veneto,4905854,5174242,105.47,0.82
1684,2021-01-12,VEN,5231,1517,3714,5223,0,8,ITH,ITH3,5,Veneto,Veneto,4905854,5179473,105.58,0.11
1685,2021-04-19,VEN,21556,8930,12626,4709,16419,428,ITH,ITH3,5,Veneto,Veneto,4905854,5201029,106.02,0.44
1686,2021-04-05,VEN,19165,8376,10789,13422,5439,304,ITH,ITH3,5,Veneto,Veneto,4905854,5220194,106.41,0.39
1687,2021-01-26,VEN,6925,2092,4833,149,6776,0,ITH,ITH3,5,Veneto,Veneto,4905854,5227119,106.55,0.14
1688,2021-05-06,VEN,47050,22067,24983,36583,8493,1974,ITH,ITH3,5,Veneto,Veneto,4905854,5274169,107.51,0.96
1689,2021-05-08,VEN,41518,18780,22738,28264,11827,1427,ITH,ITH3,5,Veneto,Veneto,4905854,5315687,108.35,0.85
1690,2021-07-30,VEN,45570,24235,21335,22605,22081,884,ITH,ITH3,5,Veneto,Veneto,4905854,5361257,109.28,0.93
1691,2021-08-16,VEN,19692,10659,9033,12936,6167,589,ITH,ITH3,5,Veneto,Veneto,4905854,5380949,109.68,0.4
1692,2021-05-01,VEN,38874,18250,20624,28712,8929,1233,ITH,ITH3,5,Veneto,Veneto,4905854,5419823,110.48,0.79
1693,2021-07-19,VEN,44749,23569,21180,7967,36388,394,ITH,ITH3,5,Veneto,Veneto,4905854,5464572,111.39,0.91
1694,2021-02-26,VEN,8299,3274,5025,6944,1260,95,ITH,ITH3,5,Veneto,Veneto,4905854,5472871,111.56,0.17
1695,2021-04-24,VEN,24769,10832,13937,14967,9080,722,ITH,ITH3,5,Veneto,Veneto,4905854,5497640,112.06,0.5
1696,2021-01-14,VEN,7066,1927,5139,7046,0,20,ITH,ITH3,5,Veneto,Veneto,4905854,5504706,112.21,0.14
1697,2021-03-12,VEN,18663,8196,10467,11329,6751,583,ITH,ITH3,5,Veneto,Veneto,4905854,5523369,112.59,0.38
1698,2021-04-17,VEN,22451,9099,13352,14375,7278,798,ITH,ITH3,5,Veneto,Veneto,4905854,5545820,113.04,0.46
1699,2021-01-07,VEN,8361,2317,6044,8360,0,1,ITH,ITH3,5,Veneto,Veneto,4905854,5554181,113.22,0.17
1700,2021-06-13,VEN,37344,19258,18086,29319,6957,1068,ITH,ITH3,5,Veneto,Veneto,4905854,5591525,113.98,0.76
1701,2021-01-21,VEN,2294,719,1575,19,2275,0,ITH,ITH3,5,Veneto,Veneto,4905854,5593819,114.02,0.05
1702,2021-03-05,VEN,13341,5023,8318,9224,3674,443,ITH,ITH3,5,Veneto,Veneto,4905854,5607160,114.3,0.27
1703,2021-06-27,VEN,40242,20559,19683,15353,24311,578,ITH,ITH3,5,Veneto,Veneto,4905854,5647402,115.12,0.82
1704,2021-03-19,VEN,13804,5673,8131,7405,6105,294,ITH,ITH3,5,Veneto,Veneto,4905854,5661206,115.4,0.28
1705,2021-05-03,VEN,40711,19812,20899,32802,6439,1470,ITH,ITH3,5,Veneto,Veneto,4905854,5701917,116.23,0.83
1706,2021-05-28,VEN,46950,22976,23974,23681,22065,1204,ITH,ITH3,5,Veneto,Veneto,4905854,5748867,117.18,0.96
1707,2021-07-24,VEN,41700,22361,19339,13301,27766,633,ITH,ITH3,5,Veneto,Veneto,4905854,5790567,118.03,0.85
1708,2021-07-10,VEN,43196,23215,19981,6303,36541,352,ITH,ITH3,5,Veneto,Veneto,4905854,5833763,118.91,0.88
1709,2021-07-17,VEN,40609,21484,19125,4293,35973,343,ITH,ITH3,5,Veneto,Veneto,4905854,5874372,119.74,0.83
1710,2021-08-29,VEN,13377,7341,6036,4489,8567,321,ITH,ITH3,5,Veneto,Veneto,4905854,5887749,120.01,0.27
1711,2021-05-21,VEN,44857,22059,22798,19803,23950,1104,ITH,ITH3,5,Veneto,Veneto,4905854,5932606,120.93,0.91
1712,2021-02-17,VEN,6022,2772,3250,5900,94,28,ITH,ITH3,5,Veneto,Veneto,4905854,5938628,121.05,0.12
1713,2021-04-01,VEN,25404,11197,14207,18213,6414,777,ITH,ITH3,5,Veneto,Veneto,4905854,5964032,121.57,0.52
1714,2021-04-15,VEN,20942,8654,12288,9363,10833,746,ITH,ITH3,5,Veneto,Veneto,4905854,5984974,122.0,0.43
1715,2021-01-05,VEN,7335,2186,5149,7333,0,2,ITH,ITH3,5,Veneto,Veneto,4905854,5992309,122.15,0.15
1716,2021-02-10,VEN,4761,1592,3169,3692,1060,9,ITH,ITH3,5,Veneto,Veneto,4905854,5997070,122.24,0.1
1717,2021-04-08,VEN,32408,14387,18021,23347,7886,1175,ITH,ITH3,5,Veneto,Veneto,4905854,6029478,122.9,0.66
1718,2021-06-04,VEN,49655,25843,23812,39838,8145,1672,ITH,ITH3,5,Veneto,Veneto,4905854,6079133,123.92,1.01
1719,2021-02-24,VEN,8622,3680,4942,7999,489,134,ITH,ITH3,5,Veneto,Veneto,4905854,6087755,124.09,0.18
1720,2021-06-22,VEN,43742,21627,22115,18508,24385,849,ITH,ITH3,5,Veneto,Veneto,4905854,6131497,124.98,0.89
1721,2021-08-18,VEN,23296,12556,10740,14177,8434,685,ITH,ITH3,5,Veneto,Veneto,4905854,6154793,125.46,0.47
1722,2021-08-04,VEN,42419,22655,19764,22563,18760,1096,ITH,ITH3,5,Veneto,Veneto,4905854,6197212,126.32,0.86
1723,2021-04-26,VEN,20733,9461,11272,14915,5140,678,ITH,ITH3,5,Veneto,Veneto,4905854,6217945,126.75,0.42
1724,2021-06-15,VEN,47840,24302,23538,29143,17545,1152,ITH,ITH3,5,Veneto,Veneto,4905854,6265785,127.72,0.98
1725,2021-08-11,VEN,26746,14771,11975,15607,10563,576,ITH,ITH3,5,Veneto,Veneto,4905854,6292531,128.27,0.55
1726,2020-12-27,ABR,47,24,23,47,0,0,ITF,ITF1,13,Abruzzo,Abruzzo,1304970,47,0.0,0.0
1727,2021-03-20,ABR,4794,2200,2594,2563,2171,60,ITF,ITF1,13,Abruzzo,Abruzzo,1304970,4841,0.37,0.37
1728,2021-06-13,ABR,9844,4925,4919,7846,1833,165,ITF,ITF1,13,Abruzzo,Abruzzo,1304970,14685,1.13,0.75
1729,2021-01-22,ABR,118,57,61,118,0,0,ITF,ITF1,13,Abruzzo,Abruzzo,1304970,14803,1.13,0.01
1730,2021-01-03,ABR,501,212,289,499,0,2,ITF,ITF1,13,Abruzzo,Abruzzo,1304970,15304,1.17,0.04
1731,2021-01-10,ABR,1271,539,732,1267,0,4,ITF,ITF1,13,Abruzzo,Abruzzo,1304970,16575,1.27,0.1
1732,2021-04-29,ABR,12684,5854,6830,9274,3097,313,ITF,ITF1,13,Abruzzo,Abruzzo,1304970,29259,2.24,0.97
1733,2021-08-07,ABR,6490,3615,2875,1837,4558,95,ITF,ITF1,13,Abruzzo,Abruzzo,1304970,35749,2.74,0.5
1734,2021-06-25,ABR,11061,5479,5582,4905,6013,143,ITF,ITF1,13,Abruzzo,Abruzzo,1304970,46810,3.59,0.85
1735,2021-01-15,ABR,385,155,230,371,0,14,ITF,ITF1,13,Abruzzo,Abruzzo,1304970,47195,3.62,0.03
1736,2021-08-21,ABR,3842,2098,1744,1729,1991,122,ITF,ITF1,13,Abruzzo,Abruzzo,1304970,51037,3.91,0.29
1737,2021-05-04,ABR,10854,5093,5761,7042,3625,187,ITF,ITF1,13,Abruzzo,Abruzzo,1304970,61891,4.74,0.83
1738,2021-03-08,ABR,5156,1694,3462,4085,976,95,ITF,ITF1,13,Abruzzo,Abruzzo,1304970,67047,5.14,0.4
1739,2021-01-24,ABR,50,22,28,6,44,0,ITF,ITF1,13,Abruzzo,Abruzzo,1304970,67097,5.14,0.0
1740,2021-03-03,ABR,4641,1899,2742,3716,906,19,ITF,ITF1,13,Abruzzo,Abruzzo,1304970,71738,5.5,0.36
1741,2021-07-14,ABR,13722,6798,6924,2436,11135,151,ITF,ITF1,13,Abruzzo,Abruzzo,1304970,85460,6.55,1.05
1742,2021-04-08,ABR,7393,3334,4059,4934,2331,128,ITF,ITF1,13,Abruzzo,Abruzzo,1304970,92853,7.12,0.57
1743,2021-04-22,ABR,6736,3251,3485,4827,1733,176,ITF,ITF1,13,Abruzzo,Abruzzo,1304970,99589,7.63,0.52
1744,2021-07-31,ABR,11741,6341,5400,3479,8059,203,ITF,ITF1,13,Abruzzo,Abruzzo,1304970,111330,8.53,0.9
1745,2021-02-22,ABR,2643,1174,1469,2587,30,26,ITF,ITF1,13,Abruzzo,Abruzzo,1304970,113973,8.73,0.2
1746,2021-02-05,ABR,1535,521,1014,772,747,16,ITF,ITF1,13,Abruzzo,Abruzzo,1304970,115508,8.85,0.12
1747,2021-05-16,ABR,9577,4134,5443,5646,3812,119,ITF,ITF1,13,Abruzzo,Abruzzo,1304970,125085,9.59,0.73
1748,2021-06-04,ABR,15651,7397,8254,10759,4703,189,ITF,ITF1,13,Abruzzo,Abruzzo,1304970,140736,10.78,1.2
1749,2021-05-18,ABR,12110,5660,6450,7562,4379,169,ITF,ITF1,13,Abruzzo,Abruzzo,1304970,152846,11.71,0.93
1750,2021-02-24,ABR,3306,1442,1864,3112,177,17,ITF,ITF1,13,Abruzzo,Abruzzo,1304970,156152,11.97,0.25
1751,2021-08-09,ABR,10697,5545,5152,3094,7410,193,ITF,ITF1,13,Abruzzo,Abruzzo,1304970,166849,12.79,0.82
1752,2021-08-26,ABR,5769,3015,2754,2014,3604,151,ITF,ITF1,13,Abruzzo,Abruzzo,1304970,172618,13.23,0.44
1753,2021-05-30,ABR,8660,4110,4550,5326,3255,79,ITF,ITF1,13,Abruzzo,Abruzzo,1304970,181278,13.89,0.66
1754,2021-04-03,ABR,5162,2258,2904,3484,1598,80,ITF,ITF1,13,Abruzzo,Abruzzo,1304970,186440,14.29,0.4
1755,2021-07-26,ABR,14259,7460,6799,3871,10190,198,ITF,ITF1,13,Abruzzo,Abruzzo,1304970,200699,15.38,1.09
1756,2021-07-12,ABR,15079,7460,7619,2362,12600,117,ITF,ITF1,13,Abruzzo,Abruzzo,1304970,215778,16.54,1.16
1757,2021-04-27,ABR,9083,4366,4717,6504,2466,113,ITF,ITF1,13,Abruzzo,Abruzzo,1304970,224861,17.23,0.7
1758,2021-07-02,ABR,11835,5947,5888,4831,6820,184,ITF,ITF1,13,Abruzzo,Abruzzo,1304970,236696,18.14,0.91
1759,2021-03-15,ABR,3680,1445,2235,1840,1808,32,ITF,ITF1,13,Abruzzo,Abruzzo,1304970,240376,18.42,0.28
1760,2021-01-17,ABR,192,63,129,184,7,1,ITF,ITF1,13,Abruzzo,Abruzzo,1304970,240568,18.43,0.01
1761,2021-06-23,ABR,11014,5283,5731,5579,5290,145,ITF,ITF1,13,Abruzzo,Abruzzo,1304970,251582,19.28,0.84
1762,2021-03-22,ABR,4348,1912,2436,2311,1971,66,ITF,ITF1,13,Abruzzo,Abruzzo,1304970,255930,19.61,0.33
1763,2021-06-30,ABR,11169,5430,5739,4494,6509,166,ITF,ITF1,13,Abruzzo,Abruzzo,1304970,267099,20.47,0.86
1764,2021-02-17,ABR,2071,948,1123,1780,282,9,ITF,ITF1,13,Abruzzo,Abruzzo,1304970,269170,20.63,0.16
1765,2021-06-11,ABR,11783,5855,5928,8833,2764,186,ITF,ITF1,13,Abruzzo,Abruzzo,1304970,280953,21.53,0.9
1766,2021-08-19,ABR,6724,3611,3113,3256,3277,191,ITF,ITF1,13,Abruzzo,Abruzzo,1304970,287677,22.04,0.52
1767,2021-02-12,ABR,1228,567,661,1026,189,13,ITF,ITF1,13,Abruzzo,Abruzzo,1304970,288905,22.14,0.09
1768,2021-07-19,ABR,11778,5982,5796,2666,8942,170,ITF,ITF1,13,Abruzzo,Abruzzo,1304970,300683,23.04,0.9
1769,2021-05-23,ABR,9880,4693,5187,7067,2692,121,ITF,ITF1,13,Abruzzo,Abruzzo,1304970,310563,23.8,0.76
1770,2021-06-06,ABR,11151,5309,5842,8776,2242,133,ITF,ITF1,13,Abruzzo,Abruzzo,1304970,321714,24.65,0.85
1771,2021-04-10,ABR,8778,4060,4718,6123,2510,145,ITF,ITF1,13,Abruzzo,Abruzzo,1304970,330492,25.33,0.67
1772,2021-08-28,ABR,2305,1332,973,701,1555,49,ITF,ITF1,13,Abruzzo,Abruzzo,1304970,332797,25.5,0.18
1773,2021-03-27,ABR,6124,2622,3502,3561,2491,72,ITF,ITF1,13,Abruzzo,Abruzzo,1304970,338921,25.97,0.47
1774,2021-01-05,ABR,1734,721,1013,1729,0,5,ITF,ITF1,13,Abruzzo,Abruzzo,1304970,340655,26.1,0.13
1775,2021-04-15,ABR,7829,3686,4143,5825,1843,161,ITF,ITF1,13,Abruzzo,Abruzzo,1304970,348484,26.7,0.6
1776,2021-07-07,ABR,12071,5909,6162,4039,7792,240,ITF,ITF1,13,Abruzzo,Abruzzo,1304970,360555,27.63,0.93
1777,2021-07-09,ABR,13612,6793,6819,2891,10583,138,ITF,ITF1,13,Abruzzo,Abruzzo,1304970,374167,28.67,1.04
1778,2021-03-01,ABR,3477,1384,2093,2702,751,24,ITF,ITF1,13,Abruzzo,Abruzzo,1304970,377644,28.94,0.27
1779,2021-08-14,ABR,128,69,59,101,25,2,ITF,ITF1,13,Abruzzo,Abruzzo,1304970,377772,28.95,0.01
1780,2021-06-18,ABR,10193,5005,5188,6552,3494,147,ITF,ITF1,13,Abruzzo,Abruzzo,1304970,387965,29.73,0.78
1781,2021-02-02,ABR,1764,668,1096,218,1542,4,ITF,ITF1,13,Abruzzo,Abruzzo,1304970,389729,29.86,0.14
1782,2021-05-13,ABR,11151,5043,6108,6958,3961,232,ITF,ITF1,13,Abruzzo,Abruzzo,1304970,400880,30.72,0.85
1783,2021-03-31,ABR,6721,2945,3776,4558,2069,94,ITF,ITF1,13,Abruzzo,Abruzzo,1304970,407601,31.23,0.52
1784,2021-01-29,ABR,1387,449,938,71,1315,1,ITF,ITF1,13,Abruzzo,Abruzzo,1304970,408988,31.34,0.11
1785,2021-08-02,ABR,13854,7154,6700,3544,10051,259,ITF,ITF1,13,Abruzzo,Abruzzo,1304970,422842,32.4,1.06
1786,2021-05-27,ABR,13323,6106,7217,8317,4830,176,ITF,ITF1,13,Abruzzo,Abruzzo,1304970,436165,33.42,1.02
1787,2021-03-17,ABR,4541,1873,2668,2778,1740,23,ITF,ITF1,13,Abruzzo,Abruzzo,1304970,440706,33.77,0.35
1788,2021-03-24,ABR,6387,2785,3602,3993,2252,142,ITF,ITF1,13,Abruzzo,Abruzzo,1304970,447093,34.26,0.49
1789,2021-05-11,ABR,10763,5120,5643,5731,4856,176,ITF,ITF1,13,Abruzzo,Abruzzo,1304970,457856,35.09,0.82
1790,2021-08-18,ABR,7377,3915,3462,3088,4098,191,ITF,ITF1,13,Abruzzo,Abruzzo,1304970,465233,35.65,0.57
1791,2021-04-05,ABR,2692,1147,1545,1729,880,83,ITF,ITF1,13,Abruzzo,Abruzzo,1304970,467925,35.86,0.21
1792,2021-02-10,ABR,946,311,635,492,444,10,ITF,ITF1,13,Abruzzo,Abruzzo,1304970,468871,35.93,0.07
1793,2021-01-19,ABR,112,56,56,90,21,1,ITF,ITF1,13,Abruzzo,Abruzzo,1304970,468983,35.94,0.01
1794,2021-02-07,ABR,780,308,472,200,579,1,ITF,ITF1,13,Abruzzo,Abruzzo,1304970,469763,36.0,0.06
1795,2021-07-23,ABR,12574,6465,6109,2853,9561,160,ITF,ITF1,13,Abruzzo,Abruzzo,1304970,482337,36.96,0.96
1796,2021-01-21,ABR,157,47,110,157,0,0,ITF,ITF1,13,Abruzzo,Abruzzo,1304970,482494,36.97,0.01
1797,2021-05-01,ABR,10748,5049,5699,5630,4982,136,ITF,ITF1,13,Abruzzo,Abruzzo,1304970,493242,37.8,0.82
1798,2021-05-20,ABR,12807,5926,6881,7413,5268,126,ITF,ITF1,13,Abruzzo,Abruzzo,1304970,506049,38.78,0.98
1799,2021-06-22,ABR,10412,4878,5534,5386,4847,179,ITF,ITF1,13,Abruzzo,Abruzzo,1304970,516461,39.58,0.8
1800,2021-03-19,ABR,5797,2585,3212,2731,3024,42,ITF,ITF1,13,Abruzzo,Abruzzo,1304970,522258,40.02,0.44
1801,2021-03-05,ABR,5346,1957,3389,4590,697,59,ITF,ITF1,13,Abruzzo,Abruzzo,1304970,527604,40.43,0.41
1802,2021-06-27,ABR,8371,4302,4069,5021,3210,140,ITF,ITF1,13,Abruzzo,Abruzzo,1304970,535975,41.07,0.64
1803,2021-04-07,ABR,7541,3483,4058,4515,2892,134,ITF,ITF1,13,Abruzzo,Abruzzo,1304970,543516,41.65,0.58
1804,2021-07-16,ABR,16148,8237,7911,2469,13562,117,ITF,ITF1,13,Abruzzo,Abruzzo,1304970,559664,42.89,1.24
1805,2021-05-15,ABR,11443,5184,6259,5942,5323,178,ITF,ITF1,13,Abruzzo,Abruzzo,1304970,571107,43.76,0.88
1806,2021-08-23,ABR,5918,3107,2811,1662,4112,144,ITF,ITF1,13,Abruzzo,Abruzzo,1304970,577025,44.22,0.45
1807,2021-07-11,ABR,9890,4977,4913,2369,7386,135,ITF,ITF1,13,Abruzzo,Abruzzo,1304970,586915,44.98,0.76
1808,2021-02-09,ABR,920,322,598,510,409,1,ITF,ITF1,13,Abruzzo,Abruzzo,1304970,587835,45.05,0.07
1809,2021-07-04,ABR,8370,4214,4156,3332,4913,125,ITF,ITF1,13,Abruzzo,Abruzzo,1304970,596205,45.69,0.64
1810,2021-08-30,ABR,7414,4055,3359,1941,5343,130,ITF,ITF1,13,Abruzzo,Abruzzo,1304970,603619,46.26,0.57
1811,2021-09-01,ABR,6870,3659,3211,1587,5185,98,ITF,ITF1,13,Abruzzo,Abruzzo,1304970,610489,46.78,0.53
1812,2021-08-11,ABR,8276,4415,3861,2614,5504,158,ITF,ITF1,13,Abruzzo,Abruzzo,1304970,618765,47.42,0.63
1813,2021-06-19,ABR,10557,5201,5356,6484,3900,173,ITF,ITF1,13,Abruzzo,Abruzzo,1304970,629322,48.23,0.81
1814,2021-03-29,ABR,5710,2600,3110,3020,2640,50,ITF,ITF1,13,Abruzzo,Abruzzo,1304970,635032,48.66,0.44
1815,2021-06-03,ABR,13199,6286,6913,9245,3779,175,ITF,ITF1,13,Abruzzo,Abruzzo,1304970,648231,49.67,1.01
1816,2021-03-12,ABR,6043,1993,4050,4353,1611,79,ITF,ITF1,13,Abruzzo,Abruzzo,1304970,654274,50.14,0.46
1817,2021-06-20,ABR,8443,4237,4206,5409,2931,103,ITF,ITF1,13,Abruzzo,Abruzzo,1304970,662717,50.78,0.65
1818,2021-03-14,ABR,1886,732,1154,1204,669,13,ITF,ITF1,13,Abruzzo,Abruzzo,1304970,664603,50.93,0.14
1819,2021-01-12,ABR,1900,761,1139,1886,0,14,ITF,ITF1,13,Abruzzo,Abruzzo,1304970,666503,51.07,0.15
1820,2021-05-25,ABR,11421,5325,6096,8084,3139,198,ITF,ITF1,13,Abruzzo,Abruzzo,1304970,677924,51.95,0.88
1821,2021-01-31,ABR,1524,495,1029,287,1236,1,ITF,ITF1,13,Abruzzo,Abruzzo,1304970,679448,52.07,0.12
1822,2021-05-10,ABR,10108,4783,5325,5350,4650,108,ITF,ITF1,13,Abruzzo,Abruzzo,1304970,689556,52.84,0.77
1823,2021-03-10,ABR,5052,1686,3366,4027,958,67,ITF,ITF1,13,Abruzzo,Abruzzo,1304970,694608,53.23,0.39
1824,2021-01-26,ABR,1549,568,981,31,1518,0,ITF,ITF1,13,Abruzzo,Abruzzo,1304970,696157,53.35,0.12
1825,2021-05-06,ABR,13003,6087,6916,7796,5048,159,ITF,ITF1,13,Abruzzo,Abruzzo,1304970,709160,54.34,1.0
1826,2021-05-08,ABR,10291,4870,5421,6310,3836,145,ITF,ITF1,13,Abruzzo,Abruzzo,1304970,719451,55.13,0.79
1827,2021-04-24,ABR,8731,3975,4756,6939,1532,260,ITF,ITF1,13,Abruzzo,Abruzzo,1304970,728182,55.8,0.67
1828,2021-08-16,ABR,6095,3208,2887,2255,3694,146,ITF,ITF1,13,Abruzzo,Abruzzo,1304970,734277,56.27,0.47
1829,2021-01-14,ABR,568,227,341,566,0,2,ITF,ITF1,13,Abruzzo,Abruzzo,1304970,734845,56.31,0.04
1830,2021-02-11,ABR,815,262,553,770,43,2,ITF,ITF1,13,Abruzzo,Abruzzo,1304970,735660,56.37,0.06
1831,2021-05-24,ABR,12222,5839,6383,8725,3341,156,ITF,ITF1,13,Abruzzo,Abruzzo,1304970,747882,57.31,0.94
1832,2021-02-18,ABR,2291,933,1358,2141,133,17,ITF,ITF1,13,Abruzzo,Abruzzo,1304970,750173,57.49,0.18
1833,2021-07-21,ABR,11075,5718,5357,2424,8516,135,ITF,ITF1,13,Abruzzo,Abruzzo,1304970,761248,58.33,0.85
1834,2021-02-03,ABR,2062,717,1345,411,1643,8,ITF,ITF1,13,Abruzzo,Abruzzo,1304970,763310,58.49,0.16
1835,2021-02-25,ABR,3056,1344,1712,2507,530,19,ITF,ITF1,13,Abruzzo,Abruzzo,1304970,766366,58.73,0.23
1836,2021-06-05,ABR,14618,6866,7752,10366,4050,202,ITF,ITF1,13,Abruzzo,Abruzzo,1304970,780984,59.85,1.12
1837,2021-08-08,ABR,4452,2429,2023,1886,2476,90,ITF,ITF1,13,Abruzzo,Abruzzo,1304970,785436,60.19,0.34
1838,2021-05-17,ABR,11037,5039,5998,6019,4856,162,ITF,ITF1,13,Abruzzo,Abruzzo,1304970,796473,61.03,0.85
1839,2021-08-25,ABR,7123,3792,3331,2372,4582,169,ITF,ITF1,13,Abruzzo,Abruzzo,1304970,803596,61.58,0.55
1840,2021-03-28,ABR,2428,1018,1410,1994,384,50,ITF,ITF1,13,Abruzzo,Abruzzo,1304970,806024,61.77,0.19
1841,2021-07-06,ABR,10471,5202,5269,4307,5988,176,ITF,ITF1,13,Abruzzo,Abruzzo,1304970,816495,62.57,0.8
1842,2021-04-14,ABR,6597,2952,3645,4339,2123,135,ITF,ITF1,13,Abruzzo,Abruzzo,1304970,823092,63.07,0.51
1843,2021-01-04,ABR,1514,685,829,1508,0,6,ITF,ITF1,13,Abruzzo,Abruzzo,1304970,824606,63.19,0.12
1844,2021-01-23,ABR,265,116,149,51,208,6,ITF,ITF1,13,Abruzzo,Abruzzo,1304970,824871,63.21,0.02
1845,2021-05-03,ABR,11152,5260,5892,7130,3837,185,ITF,ITF1,13,Abruzzo,Abruzzo,1304970,836023,64.06,0.85
1846,2021-04-09,ABR,8993,4261,4732,6246,2603,144,ITF,ITF1,13,Abruzzo,Abruzzo,1304970,845016,64.75,0.69
1847,2021-07-18,ABR,12204,6310,5894,2002,10082,120,ITF,ITF1,13,Abruzzo,Abruzzo,1304970,857220,65.69,0.94
1848,2021-04-02,ABR,6696,3104,3592,5112,1489,95,ITF,ITF1,13,Abruzzo,Abruzzo,1304970,863916,66.2,0.51
1849,2021-02-04,ABR,1685,617,1068,601,1072,12,ITF,ITF1,13,Abruzzo,Abruzzo,1304970,865601,66.33,0.13
1850,2021-07-20,ABR,12585,6385,6200,3224,9176,185,ITF,ITF1,13,Abruzzo,Abruzzo,1304970,878186,67.3,0.96
1851,2021-02-16,ABR,1916,842,1074,1891,12,13,ITF,ITF1,13,Abruzzo,Abruzzo,1304970,880102,67.44,0.15
1852,2021-03-02,ABR,3967,1676,2291,3264,686,17,ITF,ITF1,13,Abruzzo,Abruzzo,1304970,884069,67.75,0.3
1853,2021-06-10,ABR,12709,6319,6390,10307,2163,239,ITF,ITF1,13,Abruzzo,Abruzzo,1304970,896778,68.72,0.97
1854,2021-04-23,ABR,7402,3397,4005,4926,2307,169,ITF,ITF1,13,Abruzzo,Abruzzo,1304970,904180,69.29,0.57
1855,2021-01-30,ABR,1515,571,944,64,1450,1,ITF,ITF1,13,Abruzzo,Abruzzo,1304970,905695,69.4,0.12
1856,2021-08-01,ABR,7570,4056,3514,2004,5464,102,ITF,ITF1,13,Abruzzo,Abruzzo,1304970,913265,69.98,0.58
1857,2021-05-29,ABR,10318,4430,5888,4456,5772,90,ITF,ITF1,13,Abruzzo,Abruzzo,1304970,923583,70.77,0.79
1858,2021-05-22,ABR,13161,6393,6768,8132,4917,112,ITF,ITF1,13,Abruzzo,Abruzzo,1304970,936744,71.78,1.01
1859,2021-03-26,ABR,5360,2314,3046,3176,2079,105,ITF,ITF1,13,Abruzzo,Abruzzo,1304970,942104,72.19,0.41
1860,2021-07-27,ABR,15138,7905,7233,3340,11623,175,ITF,ITF1,13,Abruzzo,Abruzzo,1304970,957242,73.35,1.16
1861,2021-05-31,ABR,11339,5115,6224,6769,4444,126,ITF,ITF1,13,Abruzzo,Abruzzo,1304970,968581,74.22,0.87
1862,2021-04-20,ABR,5637,2713,2924,4105,1456,76,ITF,ITF1,13,Abruzzo,Abruzzo,1304970,974218,74.65,0.43
1863,2021-07-29,ABR,15177,7971,7206,3928,11039,210,ITF,ITF1,13,Abruzzo,Abruzzo,1304970,989395,75.82,1.16
1864,2021-02-28,ABR,1703,509,1194,1665,2,36,ITF,ITF1,13,Abruzzo,Abruzzo,1304970,991098,75.95,0.13
1865,2021-08-04,ABR,10883,5629,5254,4301,6339,243,ITF,ITF1,13,Abruzzo,Abruzzo,1304970,1001981,76.78,0.83
1866,2021-01-02,ABR,559,226,333,558,0,1,ITF,ITF1,13,Abruzzo,Abruzzo,1304970,1002540,76.82,0.04
1867,2021-06-08,ABR,12869,6623,6246,10433,2196,240,ITF,ITF1,13,Abruzzo,Abruzzo,1304970,1015409,77.81,0.99
1868,2021-04-26,ABR,8562,4066,4496,7138,1213,211,ITF,ITF1,13,Abruzzo,Abruzzo,1304970,1023971,78.47,0.66
1869,2021-06-01,ABR,10999,4878,6121,6510,4368,121,ITF,ITF1,13,Abruzzo,Abruzzo,1304970,1034970,79.31,0.84
1870,2021-04-04,ABR,1632,768,864,1458,129,45,ITF,ITF1,13,Abruzzo,Abruzzo,1304970,1036602,79.43,0.13
1871,2021-07-13,ABR,15528,7753,7775,2827,12523,178,ITF,ITF1,13,Abruzzo,Abruzzo,1304970,1052130,80.62,1.19
1872,2021-08-12,ABR,8768,4626,4142,3181,5407,180,ITF,ITF1,13,Abruzzo,Abruzzo,1304970,1060898,81.3,0.67
1873,2021-06-16,ABR,10895,5452,5443,7991,2688,216,ITF,ITF1,13,Abruzzo,Abruzzo,1304970,1071793,82.13,0.83
1874,2021-08-27,ABR,7946,4188,3758,2461,5325,160,ITF,ITF1,13,Abruzzo,Abruzzo,1304970,1079739,82.74,0.61
1875,2021-02-23,ABR,2780,1273,1507,2754,11,15,ITF,ITF1,13,Abruzzo,Abruzzo,1304970,1082519,82.95,0.21
1876,2021-02-06,ABR,1611,743,868,595,1009,7,ITF,ITF1,13,Abruzzo,Abruzzo,1304970,1084130,83.08,0.12
1877,2021-02-08,ABR,1196,396,800,486,710,0,ITF,ITF1,13,Abruzzo,Abruzzo,1304970,1085326,83.17,0.09
1878,2021-07-25,ABR,9862,5217,4645,2170,7569,123,ITF,ITF1,13,Abruzzo,Abruzzo,1304970,1095188,83.92,0.76
1879,2021-07-08,ABR,13493,6682,6811,3411,9917,165,ITF,ITF1,13,Abruzzo,Abruzzo,1304970,1108681,84.96,1.03
1880,2021-04-16,ABR,7543,3491,4052,5499,1916,128,ITF,ITF1,13,Abruzzo,Abruzzo,1304970,1116224,85.54,0.58
1881,2021-06-29,ABR,11430,5640,5790,5246,5997,187,ITF,ITF1,13,Abruzzo,Abruzzo,1304970,1127654,86.41,0.88
1882,2021-03-21,ABR,2133,914,1219,838,1291,4,ITF,ITF1,13,Abruzzo,Abruzzo,1304970,1129787,86.58,0.16
1883,2021-06-12,ABR,11423,5916,5507,9891,1351,181,ITF,ITF1,13,Abruzzo,Abruzzo,1304970,1141210,87.45,0.88
1884,2021-01-28,ABR,1434,495,939,11,1423,0,ITF,ITF1,13,Abruzzo,Abruzzo,1304970,1142644,87.56,0.11
1885,2021-01-11,ABR,1688,690,998,1684,0,4,ITF,ITF1,13,Abruzzo,Abruzzo,1304970,1144332,87.69,0.13
1886,2021-04-21,ABR,6390,3103,3287,4633,1672,85,ITF,ITF1,13,Abruzzo,Abruzzo,1304970,1150722,88.18,0.49
1887,2021-07-15,ABR,15943,8088,7855,3129,12638,176,ITF,ITF1,13,Abruzzo,Abruzzo,1304970,1166665,89.4,1.22
1888,2021-04-25,ABR,9071,4625,4446,8053,809,209,ITF,ITF1,13,Abruzzo,Abruzzo,1304970,1175736,90.1,0.7
1889,2021-08-05,ABR,13899,7161,6738,4714,8914,271,ITF,ITF1,13,Abruzzo,Abruzzo,1304970,1189635,91.16,1.07
1890,2021-02-27,ABR,2813,1339,1474,2513,267,33,ITF,ITF1,13,Abruzzo,Abruzzo,1304970,1192448,91.38,0.22
1891,2021-06-07,ABR,11101,5290,5811,9071,1844,186,ITF,ITF1,13,Abruzzo,Abruzzo,1304970,1203549,92.23,0.85
1892,2021-04-11,ABR,5379,2628,2751,4834,487,58,ITF,ITF1,13,Abruzzo,Abruzzo,1304970,1208928,92.64,0.41
1893,2021-06-09,ABR,11575,6092,5483,9708,1685,182,ITF,ITF1,13,Abruzzo,Abruzzo,1304970,1220503,93.53,0.89
1894,2021-05-19,ABR,10730,5126,5604,7570,3037,123,ITF,ITF1,13,Abruzzo,Abruzzo,1304970,1231233,94.35,0.82
1895,2021-04-30,ABR,12510,5870,6640,6509,5728,273,ITF,ITF1,13,Abruzzo,Abruzzo,1304970,1243743,95.31,0.96
1896,2021-04-13,ABR,5894,2755,3139,4559,1238,97,ITF,ITF1,13,Abruzzo,Abruzzo,1304970,1249637,95.76,0.45
1897,2021-01-20,ABR,449,157,292,427,2,20,ITF,ITF1,13,Abruzzo,Abruzzo,1304970,1250086,95.79,0.03
1898,2021-07-05,ABR,10909,5348,5561,4044,6675,190,ITF,ITF1,13,Abruzzo,Abruzzo,1304970,1260995,96.63,0.84
1899,2021-07-22,ABR,14487,7412,7075,3517,10761,209,ITF,ITF1,13,Abruzzo,Abruzzo,1304970,1275482,97.74,1.11
1900,2021-04-19,ABR,6233,2862,3371,3786,2374,73,ITF,ITF1,13,Abruzzo,Abruzzo,1304970,1281715,98.22,0.48
1901,2021-02-21,ABR,1218,550,668,1193,1,24,ITF,ITF1,13,Abruzzo,Abruzzo,1304970,1282933,98.31,0.09
1902,2021-07-28,ABR,13274,6955,6319,3435,9672,167,ITF,ITF1,13,Abruzzo,Abruzzo,1304970,1296207,99.33,1.02
1903,2021-06-15,ABR,11331,5563,5768,8683,2439,209,ITF,ITF1,13,Abruzzo,Abruzzo,1304970,1307538,100.2,0.87
1904,2021-04-12,ABR,6240,2958,3282,4984,1175,81,ITF,ITF1,13,Abruzzo,Abruzzo,1304970,1313778,100.67,0.48
1905,2021-03-11,ABR,5493,2218,3275,4267,1139,87,ITF,ITF1,13,Abruzzo,Abruzzo,1304970,1319271,101.1,0.42
1906,2021-06-02,ABR,9771,4748,5023,6836,2817,118,ITF,ITF1,13,Abruzzo,Abruzzo,1304970,1329042,101.84,0.75
1907,2021-03-13,ABR,4123,1420,2703,3018,1043,62,ITF,ITF1,13,Abruzzo,Abruzzo,1304970,1333165,102.16,0.32
1908,2021-06-21,ABR,11055,5388,5667,4939,5988,128,ITF,ITF1,13,Abruzzo,Abruzzo,1304970,1344220,103.01,0.85
1909,2021-06-28,ABR,10052,4837,5215,5310,4573,169,ITF,ITF1,13,Abruzzo,Abruzzo,1304970,1354272,103.78,0.77
1910,2021-04-06,ABR,7677,3578,4099,5227,2320,130,ITF,ITF1,13,Abruzzo,Abruzzo,1304970,1361949,104.37,0.59
1911,2021-08-03,ABR,12720,6573,6147,3646,8905,169,ITF,ITF1,13,Abruzzo,Abruzzo,1304970,1374669,105.34,0.97
1912,2021-08-17,ABR,6583,3467,3116,2825,3541,217,ITF,ITF1,13,Abruzzo,Abruzzo,1304970,1381252,105.85,0.5
1913,2021-01-08,ABR,1659,638,1021,1650,0,9,ITF,ITF1,13,Abruzzo,Abruzzo,1304970,1382911,105.97,0.13
1914,2021-04-18,ABR,5819,2729,3090,4727,944,148,ITF,ITF1,13,Abruzzo,Abruzzo,1304970,1388730,106.42,0.45
1915,2021-02-20,ABR,4779,1845,2934,4659,76,44,ITF,ITF1,13,Abruzzo,Abruzzo,1304970,1393509,106.78,0.37
1916,2021-03-06,ABR,4182,1361,2821,3570,571,41,ITF,ITF1,13,Abruzzo,Abruzzo,1304970,1397691,107.11,0.32
1917,2021-07-24,ABR,12632,6841,5791,3811,8586,235,ITF,ITF1,13,Abruzzo,Abruzzo,1304970,1410323,108.07,0.97
1918,2021-05-02,ABR,10464,5115,5349,5087,5232,145,ITF,ITF1,13,Abruzzo,Abruzzo,1304970,1420787,108.88,0.8
1919,2021-08-10,ABR,9269,4962,4307,3398,5660,211,ITF,ITF1,13,Abruzzo,Abruzzo,1304970,1430056,109.59,0.71
1920,2021-01-16,ABR,937,430,507,929,0,8,ITF,ITF1,13,Abruzzo,Abruzzo,1304970,1430993,109.66,0.07
1921,2021-03-07,ABR,2523,630,1893,2485,0,38,ITF,ITF1,13,Abruzzo,Abruzzo,1304970,1433516,109.85,0.19
1922,2021-01-09,ABR,1613,693,920,1601,0,12,ITF,ITF1,13,Abruzzo,Abruzzo,1304970,1435129,109.97,0.12
1923,2021-05-09,ABR,9159,4091,5068,4174,4872,113,ITF,ITF1,13,Abruzzo,Abruzzo,1304970,1444288,110.68,0.7
1924,2021-02-15,ABR,1794,832,962,1735,42,17,ITF,ITF1,13,Abruzzo,Abruzzo,1304970,1446082,110.81,0.14
1925,2021-05-26,ABR,13550,6044,7506,8397,4994,159,ITF,ITF1,13,Abruzzo,Abruzzo,1304970,1459632,111.85,1.04
1926,2021-06-14,ABR,10978,5430,5548,7425,3379,174,ITF,ITF1,13,Abruzzo,Abruzzo,1304970,1470610,112.69,0.84
1927,2021-01-13,ABR,1303,483,820,1295,0,8,ITF,ITF1,13,Abruzzo,Abruzzo,1304970,1471913,112.79,0.1
1928,2021-02-13,ABR,866,393,473,438,424,4,ITF,ITF1,13,Abruzzo,Abruzzo,1304970,1472779,112.86,0.07
1929,2021-07-17,ABR,14096,7386,6710,2658,11262,176,ITF,ITF1,13,Abruzzo,Abruzzo,1304970,1486875,113.94,1.08
1930,2021-03-04,ABR,5941,2360,3581,4972,927,42,ITF,ITF1,13,Abruzzo,Abruzzo,1304970,1492816,114.39,0.46
1931,2021-03-30,ABR,5128,2262,2866,3144,1823,161,ITF,ITF1,13,Abruzzo,Abruzzo,1304970,1497944,114.79,0.39
1932,2021-01-06,ABR,1991,819,1172,1981,0,10,ITF,ITF1,13,Abruzzo,Abruzzo,1304970,1499935,114.94,0.15
1933,2021-05-07,ABR,12211,5714,6497,7653,4423,135,ITF,ITF1,13,Abruzzo,Abruzzo,1304970,1512146,115.88,0.94
1934,2021-03-25,ABR,5799,2665,3134,3064,2622,113,ITF,ITF1,13,Abruzzo,Abruzzo,1304970,1517945,116.32,0.44
1935,2021-08-29,ABR,1467,877,590,522,931,14,ITF,ITF1,13,Abruzzo,Abruzzo,1304970,1519412,116.43,0.11
1936,2021-01-27,ABR,1367,515,852,34,1333,0,ITF,ITF1,13,Abruzzo,Abruzzo,1304970,1520779,116.54,0.1
1937,2021-07-03,ABR,10194,5149,5045,3501,6545,148,ITF,ITF1,13,Abruzzo,Abruzzo,1304970,1530973,117.32,0.78
1938,2021-05-21,ABR,13019,6329,6690,7865,4978,176,ITF,ITF1,13,Abruzzo,Abruzzo,1304970,1543992,118.32,1.0
1939,2021-03-18,ABR,3900,1652,2248,2038,1835,27,ITF,ITF1,13,Abruzzo,Abruzzo,1304970,1547892,118.62,0.3
1940,2021-08-22,ABR,1834,948,886,538,1244,52,ITF,ITF1,13,Abruzzo,Abruzzo,1304970,1549726,118.76,0.14
1941,2021-06-26,ABR,10052,5019,5033,5691,4199,162,ITF,ITF1,13,Abruzzo,Abruzzo,1304970,1559778,119.53,0.77
1942,2021-05-28,ABR,14025,6311,7714,7491,6364,170,ITF,ITF1,13,Abruzzo,Abruzzo,1304970,1573803,120.6,1.07
1943,2021-07-10,ABR,13119,6631,6488,3009,9945,165,ITF,ITF1,13,Abruzzo,Abruzzo,1304970,1586922,121.61,1.01
1944,2021-05-14,ABR,10595,5071,5524,5283,5151,161,ITF,ITF1,13,Abruzzo,Abruzzo,1304970,1597517,122.42,0.81
1945,2021-04-01,ABR,5627,2520,3107,3429,2120,78,ITF,ITF1,13,Abruzzo,Abruzzo,1304970,1603144,122.85,0.43
1946,2021-04-17,ABR,7357,3402,3955,4210,3051,96,ITF,ITF1,13,Abruzzo,Abruzzo,1304970,1610501,123.41,0.56
1947,2021-02-19,ABR,3300,1552,1748,3161,100,39,ITF,ITF1,13,Abruzzo,Abruzzo,1304970,1613801,123.67,0.25
1948,2021-01-07,ABR,1712,657,1055,1705,0,7,ITF,ITF1,13,Abruzzo,Abruzzo,1304970,1615513,123.8,0.13
1949,2021-07-30,ABR,12086,6434,5652,3794,8068,224,ITF,ITF1,13,Abruzzo,Abruzzo,1304970,1627599,124.72,0.93
1950,2021-02-26,ABR,3923,1679,2244,2928,969,26,ITF,ITF1,13,Abruzzo,Abruzzo,1304970,1631522,125.02,0.3
1951,2021-01-18,ABR,152,70,82,53,99,0,ITF,ITF1,13,Abruzzo,Abruzzo,1304970,1631674,125.04,0.01
1952,2021-06-24,ABR,10874,5412,5462,5725,4979,170,ITF,ITF1,13,Abruzzo,Abruzzo,1304970,1642548,125.87,0.83
1953,2021-04-28,ABR,9517,4591,4926,7309,2025,183,ITF,ITF1,13,Abruzzo,Abruzzo,1304970,1652065,126.6,0.73
1954,2021-05-12,ABR,9631,4602,5029,5872,3582,177,ITF,ITF1,13,Abruzzo,Abruzzo,1304970,1661696,127.34,0.74
1955,2021-03-16,ABR,3484,1452,2032,1802,1654,28,ITF,ITF1,13,Abruzzo,Abruzzo,1304970,1665180,127.6,0.27
1956,2021-08-20,ABR,6048,3167,2881,2034,3883,131,ITF,ITF1,13,Abruzzo,Abruzzo,1304970,1671228,128.07,0.46
1957,2021-08-06,ABR,10671,5705,4966,3686,6744,241,ITF,ITF1,13,Abruzzo,Abruzzo,1304970,1681899,128.88,0.82
1958,2021-05-05,ABR,11644,5574,6070,6275,5209,160,ITF,ITF1,13,Abruzzo,Abruzzo,1304970,1693543,129.78,0.89
1959,2021-03-09,ABR,5176,1805,3371,4148,938,90,ITF,ITF1,13,Abruzzo,Abruzzo,1304970,1698719,130.17,0.4
1960,2021-08-13,ABR,7119,3830,3289,2014,5000,105,ITF,ITF1,13,Abruzzo,Abruzzo,1304970,1705838,130.72,0.55
1961,2021-07-01,ABR,12762,6283,6479,5769,6768,225,ITF,ITF1,13,Abruzzo,Abruzzo,1304970,1718600,131.7,0.98
1962,2021-06-17,ABR,10915,5458,5457,7300,3452,163,ITF,ITF1,13,Abruzzo,Abruzzo,1304970,1729515,132.53,0.84
1963,2021-08-24,ABR,6358,3409,2949,1877,4329,152,ITF,ITF1,13,Abruzzo,Abruzzo,1304970,1735873,133.02,0.49
1964,2021-02-01,ABR,1633,574,1059,268,1364,1,ITF,ITF1,13,Abruzzo,Abruzzo,1304970,1737506,133.15,0.13
1965,2021-08-31,ABR,6403,3496,2907,1712,4583,108,ITF,ITF1,13,Abruzzo,Abruzzo,1304970,1743909,133.64,0.49
1966,2021-03-23,ABR,4835,2191,2644,2209,2567,59,ITF,ITF1,13,Abruzzo,Abruzzo,1304970,1748744,134.01,0.37
1967,2021-01-25,ABR,1606,634,972,13,1591,2,ITF,ITF1,13,Abruzzo,Abruzzo,1304970,1750350,134.13,0.12
1968,2021-06-24,SIC,42364,19670,22694,17632,24372,360,ITG,ITG1,19,Sicilia,Sicilia,4999891,42364,0.85,0.85
1969,2021-06-07,SIC,49687,23415,26272,41115,8038,534,ITG,ITG1,19,Sicilia,Sicilia,4999891,92051,1.84,0.99
1970,2021-01-25,SIC,7452,3690,3762,267,7178,7,ITG,ITG1,19,Sicilia,Sicilia,4999891,99503,1.99,0.15
1971,2021-05-05,SIC,26407,12233,14174,16284,9684,439,ITG,ITG1,19,Sicilia,Sicilia,4999891,125910,2.52,0.53
1972,2021-05-19,SIC,42888,20763,22125,28182,14330,376,ITG,ITG1,19,Sicilia,Sicilia,4999891,168798,3.38,0.86
1973,2021-07-27,SIC,43335,21479,21856,19277,23596,462,ITG,ITG1,19,Sicilia,Sicilia,4999891,212133,4.24,0.87
1974,2021-04-11,SIC,15381,7595,7786,8229,7040,112,ITG,ITG1,19,Sicilia,Sicilia,4999891,227514,4.55,0.31
1975,2021-07-20,SIC,48500,23623,24877,12793,35352,355,ITG,ITG1,19,Sicilia,Sicilia,4999891,276014,5.52,0.97
1976,2020-12-30,SIC,186,110,76,185,0,1,ITG,ITG1,19,Sicilia,Sicilia,4999891,276200,5.52,0.0
1977,2021-01-16,SIC,2737,1221,1516,2716,0,21,ITG,ITG1,19,Sicilia,Sicilia,4999891,278937,5.58,0.05
1978,2021-07-01,SIC,31001,14084,16917,10758,19986,257,ITG,ITG1,19,Sicilia,Sicilia,4999891,309938,6.2,0.62
1979,2021-04-09,SIC,20227,9840,10387,10922,9043,262,ITG,ITG1,19,Sicilia,Sicilia,4999891,330165,6.6,0.4
1980,2021-03-23,SIC,20975,10090,10885,15233,5567,175,ITG,ITG1,19,Sicilia,Sicilia,4999891,351140,7.02,0.42
1981,2021-01-30,SIC,7733,3555,4178,145,7585,3,ITG,ITG1,19,Sicilia,Sicilia,4999891,358873,7.18,0.15
1982,2021-03-28,SIC,10993,5152,5841,6915,4012,66,ITG,ITG1,19,Sicilia,Sicilia,4999891,369866,7.4,0.22
1983,2021-07-15,SIC,48393,22462,25931,7997,40134,262,ITG,ITG1,19,Sicilia,Sicilia,4999891,418259,8.37,0.97
1984,2021-02-13,SIC,2979,1124,1855,2686,256,37,ITG,ITG1,19,Sicilia,Sicilia,4999891,421238,8.42,0.06
1985,2021-05-24,SIC,35879,17445,18434,15589,20057,233,ITG,ITG1,19,Sicilia,Sicilia,4999891,457117,9.14,0.72
1986,2021-08-27,SIC,23371,11885,11486,9859,13184,328,ITG,ITG1,19,Sicilia,Sicilia,4999891,480488,9.61,0.47
1987,2021-08-29,SIC,14524,7927,6597,4757,9623,144,ITG,ITG1,19,Sicilia,Sicilia,4999891,495012,9.9,0.29
1988,2021-02-25,SIC,9943,5207,4736,8687,1164,92,ITG,ITG1,19,Sicilia,Sicilia,4999891,504955,10.1,0.2
1989,2021-06-05,SIC,59962,28524,31438,48738,10597,627,ITG,ITG1,19,Sicilia,Sicilia,4999891,564917,11.3,1.2
1990,2021-03-14,SIC,8779,3930,4849,4891,3836,52,ITG,ITG1,19,Sicilia,Sicilia,4999891,573696,11.47,0.18
1991,2021-08-03,SIC,32059,15722,16337,13873,17766,420,ITG,ITG1,19,Sicilia,Sicilia,4999891,605755,12.12,0.64
1992,2021-03-02,SIC,14783,6379,8404,11889,2780,114,ITG,ITG1,19,Sicilia,Sicilia,4999891,620538,12.41,0.3
1993,2021-01-04,SIC,8521,4253,4268,8472,0,49,ITG,ITG1,19,Sicilia,Sicilia,4999891,629059,12.58,0.17
1994,2021-01-18,SIC,1625,675,950,1455,159,11,ITG,ITG1,19,Sicilia,Sicilia,4999891,630684,12.61,0.03
1995,2021-04-28,SIC,29286,13723,15563,19720,9163,403,ITG,ITG1,19,Sicilia,Sicilia,4999891,659970,13.2,0.59
1996,2021-08-10,SIC,21832,10874,10958,10656,10916,260,ITG,ITG1,19,Sicilia,Sicilia,4999891,681802,13.64,0.44
1997,2021-04-04,SIC,6798,3322,3476,5434,1295,69,ITG,ITG1,19,Sicilia,Sicilia,4999891,688600,13.77,0.14
1998,2021-07-13,SIC,46110,21162,24948,6903,38990,217,ITG,ITG1,19,Sicilia,Sicilia,4999891,734710,14.69,0.92
1999,2021-02-11,SIC,5238,2060,3178,4652,467,119,ITG,ITG1,19,Sicilia,Sicilia,4999891,739948,14.8,0.1
2000,2021-04-16,SIC,28869,14501,14368,20252,8299,318,ITG,ITG1,19,Sicilia,Sicilia,4999891,768817,15.38,0.58
2001,2021-01-23,SIC,4487,2309,2178,208,4269,10,ITG,ITG1,19,Sicilia,Sicilia,4999891,773304,15.47,0.09
2002,2021-01-06,SIC,6268,3302,2966,6205,0,63,ITG,ITG1,19,Sicilia,Sicilia,4999891,779572,15.59,0.13
2003,2021-02-23,SIC,8786,4667,4119,8230,468,88,ITG,ITG1,19,Sicilia,Sicilia,4999891,788358,15.77,0.18
2004,2021-03-09,SIC,13170,5772,7398,10837,2202,131,ITG,ITG1,19,Sicilia,Sicilia,4999891,801528,16.03,0.26
2005,2021-01-11,SIC,5922,2614,3308,5863,0,59,ITG,ITG1,19,Sicilia,Sicilia,4999891,807450,16.15,0.12
2006,2021-05-31,SIC,38123,17166,20957,21275,16552,296,ITG,ITG1,19,Sicilia,Sicilia,4999891,845573,16.91,0.76
2007,2021-08-22,SIC,10325,5500,4825,3914,6293,118,ITG,ITG1,19,Sicilia,Sicilia,4999891,855898,17.12,0.21
2008,2021-02-18,SIC,5342,3147,2195,4842,431,69,ITG,ITG1,19,Sicilia,Sicilia,4999891,861240,17.23,0.11
2009,2021-05-12,SIC,36859,17392,19467,21411,14925,523,ITG,ITG1,19,Sicilia,Sicilia,4999891,898099,17.96,0.74
2010,2021-08-20,SIC,18793,9359,9434,9854,8674,265,ITG,ITG1,19,Sicilia,Sicilia,4999891,916892,18.34,0.38
2011,2021-07-17,SIC,49323,24293,25030,9316,39708,299,ITG,ITG1,19,Sicilia,Sicilia,4999891,966215,19.32,0.99
2012,2020-12-28,SIC,225,138,87,224,0,1,ITG,ITG1,19,Sicilia,Sicilia,4999891,966440,19.33,0.0
2013,2021-05-17,SIC,31940,15410,16530,19002,12645,293,ITG,ITG1,19,Sicilia,Sicilia,4999891,998380,19.97,0.64
2014,2021-03-21,SIC,15227,7346,7881,11185,3970,72,ITG,ITG1,19,Sicilia,Sicilia,4999891,1013607,20.27,0.3
2015,2021-02-06,SIC,4735,2118,2617,1449,3266,20,ITG,ITG1,19,Sicilia,Sicilia,4999891,1018342,20.37,0.09
2016,2021-02-04,SIC,6762,3083,3679,1421,5311,30,ITG,ITG1,19,Sicilia,Sicilia,4999891,1025104,20.5,0.14
2017,2021-01-01,SIC,825,441,384,821,0,4,ITG,ITG1,19,Sicilia,Sicilia,4999891,1025929,20.52,0.02
2018,2021-03-16,SIC,9640,4331,5309,3567,6003,70,ITG,ITG1,19,Sicilia,Sicilia,4999891,1035569,20.71,0.19
2019,2021-07-08,SIC,38394,17495,20899,6534,31637,223,ITG,ITG1,19,Sicilia,Sicilia,4999891,1073963,21.48,0.77
2020,2021-02-27,SIC,12241,5505,6736,10936,1204,101,ITG,ITG1,19,Sicilia,Sicilia,4999891,1086204,21.72,0.24
2021,2021-06-04,SIC,57871,26769,31102,45405,11961,505,ITG,ITG1,19,Sicilia,Sicilia,4999891,1144075,22.88,1.16
2022,2021-04-06,SIC,17764,8485,9279,13257,4297,210,ITG,ITG1,19,Sicilia,Sicilia,4999891,1161839,23.24,0.36
2023,2021-02-22,SIC,7947,4132,3815,7372,493,82,ITG,ITG1,19,Sicilia,Sicilia,4999891,1169786,23.4,0.16
2024,2020-12-27,SIC,93,55,38,92,0,1,ITG,ITG1,19,Sicilia,Sicilia,4999891,1169879,23.4,0.0
2025,2021-06-02,SIC,35283,16298,18985,27103,7782,398,ITG,ITG1,19,Sicilia,Sicilia,4999891,1205162,24.1,0.71
2026,2021-04-02,SIC,13904,6560,7344,9047,4737,120,ITG,ITG1,19,Sicilia,Sicilia,4999891,1219066,24.38,0.28
2027,2021-02-10,SIC,4353,1776,2577,3888,382,83,ITG,ITG1,19,Sicilia,Sicilia,4999891,1223419,24.47,0.09
2028,2021-05-21,SIC,48700,23072,25628,26657,21619,424,ITG,ITG1,19,Sicilia,Sicilia,4999891,1272119,25.44,0.97
2029,2021-08-12,SIC,15120,7580,7540,7976,6902,242,ITG,ITG1,19,Sicilia,Sicilia,4999891,1287239,25.75,0.3
2030,2021-08-15,SIC,2513,1428,1085,1509,954,50,ITG,ITG1,19,Sicilia,Sicilia,4999891,1289752,25.8,0.05
2031,2021-08-01,SIC,19963,10430,9533,7851,11965,147,ITG,ITG1,19,Sicilia,Sicilia,4999891,1309715,26.19,0.4
2032,2021-06-19,SIC,44301,21062,23239,18765,25216,320,ITG,ITG1,19,Sicilia,Sicilia,4999891,1354016,27.08,0.89
2033,2021-04-23,SIC,28632,13723,14909,22409,5841,382,ITG,ITG1,19,Sicilia,Sicilia,4999891,1382648,27.65,0.57
2034,2021-04-08,SIC,19006,9343,9663,9270,9540,196,ITG,ITG1,19,Sicilia,Sicilia,4999891,1401654,28.03,0.38
2035,2021-02-20,SIC,7170,3707,3463,6803,272,95,ITG,ITG1,19,Sicilia,Sicilia,4999891,1408824,28.18,0.14
2036,2021-02-03,SIC,5943,2792,3151,708,5227,8,ITG,ITG1,19,Sicilia,Sicilia,4999891,1414767,28.3,0.12
2037,2021-06-16,SIC,40444,18807,21637,21272,18813,359,ITG,ITG1,19,Sicilia,Sicilia,4999891,1455211,29.1,0.81
2038,2021-03-25,SIC,20480,9535,10945,14756,5547,177,ITG,ITG1,19,Sicilia,Sicilia,4999891,1475691,29.51,0.41
2039,2021-07-03,SIC,33884,16288,17596,9033,24607,244,ITG,ITG1,19,Sicilia,Sicilia,4999891,1509575,30.19,0.68
2040,2021-03-06,SIC,12649,5062,7587,9766,2782,101,ITG,ITG1,19,Sicilia,Sicilia,4999891,1522224,30.45,0.25
2041,2021-06-14,SIC,43493,20661,22832,28168,14896,429,ITG,ITG1,19,Sicilia,Sicilia,4999891,1565717,31.32,0.87
2042,2021-07-12,SIC,49001,22614,26387,6441,42360,200,ITG,ITG1,19,Sicilia,Sicilia,4999891,1614718,32.3,0.98
2043,2021-02-08,SIC,3888,1680,2208,2081,1759,48,ITG,ITG1,19,Sicilia,Sicilia,4999891,1618606,32.37,0.08
2044,2021-01-22,SIC,1295,641,654,262,1031,2,ITG,ITG1,19,Sicilia,Sicilia,4999891,1619901,32.4,0.03
2045,2021-01-08,SIC,8155,3796,4359,8062,0,93,ITG,ITG1,19,Sicilia,Sicilia,4999891,1628056,32.56,0.16
2046,2021-04-18,SIC,19834,9916,9918,15285,4363,186,ITG,ITG1,19,Sicilia,Sicilia,4999891,1647890,32.96,0.4
2047,2021-04-20,SIC,18993,9004,9989,13438,5249,306,ITG,ITG1,19,Sicilia,Sicilia,4999891,1666883,33.34,0.38
2048,2021-07-29,SIC,36189,17884,18305,14322,21526,341,ITG,ITG1,19,Sicilia,Sicilia,4999891,1703072,34.06,0.72
2049,2021-03-01,SIC,12775,6078,6697,10991,1659,125,ITG,ITG1,19,Sicilia,Sicilia,4999891,1715847,34.32,0.26
2050,2021-06-09,SIC,49787,23683,26104,41910,7266,611,ITG,ITG1,19,Sicilia,Sicilia,4999891,1765634,35.31,1.0
2051,2021-04-27,SIC,26460,12690,13770,15154,10959,347,ITG,ITG1,19,Sicilia,Sicilia,4999891,1792094,35.84,0.53
2052,2021-08-05,SIC,23856,11844,12012,11522,12028,306,ITG,ITG1,19,Sicilia,Sicilia,4999891,1815950,36.32,0.48
2053,2021-05-14,SIC,52251,24501,27750,35795,15684,772,ITG,ITG1,19,Sicilia,Sicilia,4999891,1868201,37.36,1.05
2054,2021-01-15,SIC,5325,2335,2990,5258,0,67,ITG,ITG1,19,Sicilia,Sicilia,4999891,1873526,37.47,0.11
2055,2021-04-25,SIC,21401,10207,11194,16144,5018,239,ITG,ITG1,19,Sicilia,Sicilia,4999891,1894927,37.9,0.43
2056,2021-02-01,SIC,5952,2641,3311,296,5642,14,ITG,ITG1,19,Sicilia,Sicilia,4999891,1900879,38.02,0.12
2057,2021-03-22,SIC,16690,7919,8771,11167,5427,96,ITG,ITG1,19,Sicilia,Sicilia,4999891,1917569,38.35,0.33
2058,2021-05-28,SIC,51264,22985,28279,24307,26544,413,ITG,ITG1,19,Sicilia,Sicilia,4999891,1968833,39.38,1.03
2059,2021-08-19,SIC,19605,9790,9815,10505,8790,310,ITG,ITG1,19,Sicilia,Sicilia,4999891,1988438,39.77,0.39
2060,2021-04-01,SIC,14330,6627,7703,9520,4668,142,ITG,ITG1,19,Sicilia,Sicilia,4999891,2002768,40.06,0.29
2061,2021-07-10,SIC,46914,22353,24561,6055,40651,208,ITG,ITG1,19,Sicilia,Sicilia,4999891,2049682,40.99,0.94
2062,2021-06-23,SIC,44511,20710,23801,17927,26248,336,ITG,ITG1,19,Sicilia,Sicilia,4999891,2094193,41.88,0.89
2063,2021-07-24,SIC,40737,21212,19525,16800,23629,308,ITG,ITG1,19,Sicilia,Sicilia,4999891,2134930,42.7,0.81
2064,2021-02-15,SIC,3775,1768,2007,3135,564,76,ITG,ITG1,19,Sicilia,Sicilia,4999891,2138705,42.78,0.08
2065,2021-07-22,SIC,40676,19970,20706,11234,29148,294,ITG,ITG1,19,Sicilia,Sicilia,4999891,2179381,43.59,0.81
2066,2021-05-26,SIC,44722,21031,23691,23897,20481,344,ITG,ITG1,19,Sicilia,Sicilia,4999891,2224103,44.48,0.89
2067,2021-01-03,SIC,4810,2513,2297,4776,0,34,ITG,ITG1,19,Sicilia,Sicilia,4999891,2228913,44.58,0.1
2068,2021-04-13,SIC,20273,9876,10397,11231,8843,199,ITG,ITG1,19,Sicilia,Sicilia,4999891,2249186,44.98,0.41
2069,2021-07-31,SIC,28756,14937,13819,10448,18043,265,ITG,ITG1,19,Sicilia,Sicilia,4999891,2277942,45.56,0.58
2070,2021-08-31,SIC,27990,14186,13804,10312,17380,298,ITG,ITG1,19,Sicilia,Sicilia,4999891,2305932,46.12,0.56
2071,2021-03-30,SIC,14586,6773,7813,9714,4770,102,ITG,ITG1,19,Sicilia,Sicilia,4999891,2320518,46.41,0.29
2072,2021-03-13,SIC,12223,5394,6829,7634,4499,90,ITG,ITG1,19,Sicilia,Sicilia,4999891,2332741,46.66,0.24
2073,2021-08-09,SIC,25172,12857,12315,12481,12315,376,ITG,ITG1,19,Sicilia,Sicilia,4999891,2357913,47.16,0.5
2074,2021-01-19,SIC,1523,677,846,1267,241,15,ITG,ITG1,19,Sicilia,Sicilia,4999891,2359436,47.19,0.03
2075,2021-06-11,SIC,49973,23847,26126,41598,7710,665,ITG,ITG1,19,Sicilia,Sicilia,4999891,2409409,48.19,1.0
2076,2021-04-29,SIC,31821,14848,16973,21808,9562,451,ITG,ITG1,19,Sicilia,Sicilia,4999891,2441230,48.83,0.64
2077,2021-03-03,SIC,14590,6552,8038,11385,3075,130,ITG,ITG1,19,Sicilia,Sicilia,4999891,2455820,49.12,0.29
2078,2021-08-07,SIC,20062,10408,9654,10820,8905,337,ITG,ITG1,19,Sicilia,Sicilia,4999891,2475882,49.52,0.4
2079,2021-08-16,SIC,20450,10492,9958,10973,9163,314,ITG,ITG1,19,Sicilia,Sicilia,4999891,2496332,49.93,0.41
2080,2021-06-26,SIC,37269,17783,19486,16351,20610,308,ITG,ITG1,19,Sicilia,Sicilia,4999891,2533601,50.67,0.75
2081,2021-04-30,SIC,35060,16357,18703,23528,11054,478,ITG,ITG1,19,Sicilia,Sicilia,4999891,2568661,51.37,0.7
2082,2021-03-04,SIC,15258,6707,8551,11010,4121,127,ITG,ITG1,19,Sicilia,Sicilia,4999891,2583919,51.68,0.31
2083,2021-08-08,SIC,15317,8130,7187,7413,7715,189,ITG,ITG1,19,Sicilia,Sicilia,4999891,2599236,51.99,0.31
2084,2021-06-12,SIC,45799,22399,23400,39372,5895,532,ITG,ITG1,19,Sicilia,Sicilia,4999891,2645035,52.9,0.92
2085,2021-02-19,SIC,4980,2696,2284,4329,564,87,ITG,ITG1,19,Sicilia,Sicilia,4999891,2650015,53.0,0.1
2086,2021-03-08,SIC,13524,5973,7551,10780,2616,128,ITG,ITG1,19,Sicilia,Sicilia,4999891,2663539,53.27,0.27
2087,2021-08-21,SIC,13739,7166,6573,6201,7351,187,ITG,ITG1,19,Sicilia,Sicilia,4999891,2677278,53.55,0.27
2088,2021-05-30,SIC,35779,16177,19602,17426,18056,297,ITG,ITG1,19,Sicilia,Sicilia,4999891,2713057,54.26,0.72
2089,2021-05-13,SIC,47497,22275,25222,30305,16551,641,ITG,ITG1,19,Sicilia,Sicilia,4999891,2760554,55.21,0.95
2090,2021-01-31,SIC,4059,1942,2117,107,3950,2,ITG,ITG1,19,Sicilia,Sicilia,4999891,2764613,55.29,0.08
2091,2021-05-11,SIC,32691,15506,17185,19686,12500,505,ITG,ITG1,19,Sicilia,Sicilia,4999891,2797304,55.95,0.65
2092,2021-02-17,SIC,5221,3204,2017,4500,670,51,ITG,ITG1,19,Sicilia,Sicilia,4999891,2802525,56.05,0.1
2093,2021-06-30,SIC,32613,15038,17575,11447,20845,321,ITG,ITG1,19,Sicilia,Sicilia,4999891,2835138,56.7,0.65
2094,2020-12-29,SIC,245,152,93,244,0,1,ITG,ITG1,19,Sicilia,Sicilia,4999891,2835383,56.71,0.0
2095,2021-06-13,SIC,34545,17165,17380,30603,3509,433,ITG,ITG1,19,Sicilia,Sicilia,4999891,2869928,57.4,0.69
2096,2021-01-10,SIC,3566,1598,1968,3544,0,22,ITG,ITG1,19,Sicilia,Sicilia,4999891,2873494,57.47,0.07
2097,2021-01-05,SIC,10430,5126,5304,10347,0,83,ITG,ITG1,19,Sicilia,Sicilia,4999891,2883924,57.68,0.21
2098,2021-04-15,SIC,21591,10495,11096,12005,9355,231,ITG,ITG1,19,Sicilia,Sicilia,4999891,2905515,58.11,0.43
2099,2021-04-17,SIC,26010,13153,12857,18667,7068,275,ITG,ITG1,19,Sicilia,Sicilia,4999891,2931525,58.63,0.52
2100,2021-07-26,SIC,44527,22188,22339,16699,27456,372,ITG,ITG1,19,Sicilia,Sicilia,4999891,2976052,59.52,0.89
2101,2021-03-17,SIC,15055,7444,7611,9077,5852,126,ITG,ITG1,19,Sicilia,Sicilia,4999891,2991107,59.82,0.3
2102,2021-06-25,SIC,39802,18677,21125,17383,22080,339,ITG,ITG1,19,Sicilia,Sicilia,4999891,3030909,60.62,0.8
2103,2021-07-09,SIC,44824,20685,24139,6403,38239,182,ITG,ITG1,19,Sicilia,Sicilia,4999891,3075733,61.52,0.9
2104,2021-06-06,SIC,49532,23924,25608,41149,7827,556,ITG,ITG1,19,Sicilia,Sicilia,4999891,3125265,62.51,0.99
2105,2021-01-24,SIC,4335,2268,2067,123,4210,2,ITG,ITG1,19,Sicilia,Sicilia,4999891,3129600,62.59,0.09
2106,2021-05-04,SIC,26863,12477,14386,17152,9298,413,ITG,ITG1,19,Sicilia,Sicilia,4999891,3156463,63.13,0.54
2107,2021-02-24,SIC,9380,4804,4576,8706,567,107,ITG,ITG1,19,Sicilia,Sicilia,4999891,3165843,63.32,0.19
2108,2021-01-21,SIC,1457,715,742,490,956,11,ITG,ITG1,19,Sicilia,Sicilia,4999891,3167300,63.35,0.03
2109,2021-05-01,SIC,24455,11319,13136,19001,5170,284,ITG,ITG1,19,Sicilia,Sicilia,4999891,3191755,63.84,0.49
2110,2021-05-07,SIC,36600,17280,19320,24591,11625,384,ITG,ITG1,19,Sicilia,Sicilia,4999891,3228355,64.57,0.73
2111,2021-03-11,SIC,15455,6710,8745,12883,2418,154,ITG,ITG1,19,Sicilia,Sicilia,4999891,3243810,64.88,0.31
2112,2021-01-27,SIC,7295,3714,3581,167,7127,1,ITG,ITG1,19,Sicilia,Sicilia,4999891,3251105,65.02,0.15
2113,2021-01-13,SIC,5187,2444,2743,5153,0,34,ITG,ITG1,19,Sicilia,Sicilia,4999891,3256292,65.13,0.1
2114,2021-06-20,SIC,33452,15829,17623,15114,18078,260,ITG,ITG1,19,Sicilia,Sicilia,4999891,3289744,65.8,0.67
2115,2021-04-22,SIC,26773,12641,14132,19891,6461,421,ITG,ITG1,19,Sicilia,Sicilia,4999891,3316517,66.33,0.54
2116,2021-03-10,SIC,13956,6134,7822,11625,2187,144,ITG,ITG1,19,Sicilia,Sicilia,4999891,3330473,66.61,0.28
2117,2021-01-12,SIC,4374,2142,2232,4328,0,46,ITG,ITG1,19,Sicilia,Sicilia,4999891,3334847,66.7,0.09
2118,2021-06-18,SIC,43608,20150,23458,18862,24375,371,ITG,ITG1,19,Sicilia,Sicilia,4999891,3378455,67.57,0.87
2119,2021-06-27,SIC,25314,12205,13109,12098,12984,232,ITG,ITG1,19,Sicilia,Sicilia,4999891,3403769,68.08,0.51
2120,2021-05-15,SIC,56539,26407,30132,40379,15249,911,ITG,ITG1,19,Sicilia,Sicilia,4999891,3460308,69.21,1.13
2121,2021-03-19,SIC,16325,8061,8264,10652,5579,94,ITG,ITG1,19,Sicilia,Sicilia,4999891,3476633,69.53,0.33
2122,2021-04-24,SIC,31214,14716,16498,23140,7640,434,ITG,ITG1,19,Sicilia,Sicilia,4999891,3507847,70.16,0.62
2123,2021-08-02,SIC,32946,16373,16573,12832,19768,346,ITG,ITG1,19,Sicilia,Sicilia,4999891,3540793,70.82,0.66
2124,2021-08-06,SIC,24785,12576,12209,13501,10875,409,ITG,ITG1,19,Sicilia,Sicilia,4999891,3565578,71.31,0.5
2125,2021-04-10,SIC,20447,9978,10469,11302,8972,173,ITG,ITG1,19,Sicilia,Sicilia,4999891,3586025,71.72,0.41
2126,2021-01-17,SIC,1314,598,716,1240,65,9,ITG,ITG1,19,Sicilia,Sicilia,4999891,3587339,71.75,0.03
2127,2021-07-02,SIC,30577,14239,16338,9942,20349,286,ITG,ITG1,19,Sicilia,Sicilia,4999891,3617916,72.36,0.61
2128,2021-07-19,SIC,48974,23597,25377,11654,36962,358,ITG,ITG1,19,Sicilia,Sicilia,4999891,3666890,73.34,0.98
2129,2021-03-15,SIC,10689,4734,5955,5655,4954,80,ITG,ITG1,19,Sicilia,Sicilia,4999891,3677579,73.55,0.21
2130,2021-02-26,SIC,11988,5882,6106,10191,1681,116,ITG,ITG1,19,Sicilia,Sicilia,4999891,3689567,73.79,0.24
2131,2021-05-06,SIC,29487,14016,15471,18159,10839,489,ITG,ITG1,19,Sicilia,Sicilia,4999891,3719054,74.38,0.59
2132,2021-08-28,SIC,20868,11176,9692,7259,13389,220,ITG,ITG1,19,Sicilia,Sicilia,4999891,3739922,74.8,0.42
2133,2021-08-14,SIC,6148,3341,2807,3311,2716,121,ITG,ITG1,19,Sicilia,Sicilia,4999891,3746070,74.92,0.12
2134,2021-07-06,SIC,37099,17155,19944,10277,26512,310,ITG,ITG1,19,Sicilia,Sicilia,4999891,3783169,75.67,0.74
2135,2021-05-10,SIC,28735,13795,14940,16184,12221,330,ITG,ITG1,19,Sicilia,Sicilia,4999891,3811904,76.24,0.57
2136,2021-08-18,SIC,22004,11371,10633,11687,9948,369,ITG,ITG1,19,Sicilia,Sicilia,4999891,3833908,76.68,0.44
2137,2021-03-26,SIC,17996,8361,9635,12341,5502,153,ITG,ITG1,19,Sicilia,Sicilia,4999891,3851904,77.04,0.36
2138,2021-01-28,SIC,9036,4276,4760,363,8672,1,ITG,ITG1,19,Sicilia,Sicilia,4999891,3860940,77.22,0.18
2139,2021-07-04,SIC,26514,12802,13712,7610,18729,175,ITG,ITG1,19,Sicilia,Sicilia,4999891,3887454,77.75,0.53
2140,2021-05-08,SIC,35674,17046,18628,24904,10323,447,ITG,ITG1,19,Sicilia,Sicilia,4999891,3923128,78.46,0.71
2141,2021-08-23,SIC,24082,11901,12181,10792,12938,352,ITG,ITG1,19,Sicilia,Sicilia,4999891,3947210,78.95,0.48
2142,2021-09-01,SIC,24982,12737,12245,10586,14043,353,ITG,ITG1,19,Sicilia,Sicilia,4999891,3972192,79.45,0.5
2143,2021-03-12,SIC,12886,5571,7315,10660,2070,156,ITG,ITG1,19,Sicilia,Sicilia,4999891,3985078,79.7,0.26
2144,2021-04-26,SIC,21706,10276,11430,13303,8086,317,ITG,ITG1,19,Sicilia,Sicilia,4999891,4006784,80.14,0.43
2145,2021-02-02,SIC,5322,2497,2825,612,4700,10,ITG,ITG1,19,Sicilia,Sicilia,4999891,4012106,80.24,0.11
2146,2021-08-04,SIC,24341,12000,12341,10971,13048,322,ITG,ITG1,19,Sicilia,Sicilia,4999891,4036447,80.73,0.49
2147,2021-07-18,SIC,39285,19786,19499,8103,30949,233,ITG,ITG1,19,Sicilia,Sicilia,4999891,4075732,81.52,0.79
2148,2021-01-14,SIC,5266,2493,2773,5204,0,62,ITG,ITG1,19,Sicilia,Sicilia,4999891,4080998,81.62,0.11
2149,2021-01-20,SIC,969,513,456,691,275,3,ITG,ITG1,19,Sicilia,Sicilia,4999891,4081967,81.64,0.02
2150,2021-03-18,SIC,15415,7757,7658,9738,5622,55,ITG,ITG1,19,Sicilia,Sicilia,4999891,4097382,81.95,0.31
2151,2021-08-26,SIC,20021,10111,9910,9105,10607,309,ITG,ITG1,19,Sicilia,Sicilia,4999891,4117403,82.35,0.4
2152,2021-02-07,SIC,2323,983,1340,664,1649,10,ITG,ITG1,19,Sicilia,Sicilia,4999891,4119726,82.4,0.05
2153,2021-07-14,SIC,47541,22024,25517,7932,39350,259,ITG,ITG1,19,Sicilia,Sicilia,4999891,4167267,83.35,0.95
2154,2021-05-18,SIC,36140,17400,18740,23250,12489,401,ITG,ITG1,19,Sicilia,Sicilia,4999891,4203407,84.07,0.72
2155,2021-03-05,SIC,15789,6852,8937,11396,4244,149,ITG,ITG1,19,Sicilia,Sicilia,4999891,4219196,84.39,0.32
2156,2021-02-16,SIC,4201,2208,1993,3664,467,70,ITG,ITG1,19,Sicilia,Sicilia,4999891,4223397,84.47,0.08
2157,2021-06-17,SIC,41881,19501,22380,20359,21150,372,ITG,ITG1,19,Sicilia,Sicilia,4999891,4265278,85.31,0.84
2158,2021-03-31,SIC,14525,6709,7816,9442,4934,149,ITG,ITG1,19,Sicilia,Sicilia,4999891,4279803,85.6,0.29
2159,2021-01-07,SIC,8990,4159,4831,8906,0,84,ITG,ITG1,19,Sicilia,Sicilia,4999891,4288793,85.78,0.18
2160,2021-08-13,SIC,11520,5969,5551,5986,5295,239,ITG,ITG1,19,Sicilia,Sicilia,4999891,4300313,86.01,0.23
2161,2021-01-26,SIC,9580,4746,4834,215,9364,1,ITG,ITG1,19,Sicilia,Sicilia,4999891,4309893,86.2,0.19
2162,2021-08-25,SIC,21844,10843,11001,9968,11516,360,ITG,ITG1,19,Sicilia,Sicilia,4999891,4331737,86.64,0.44
2163,2021-06-29,SIC,31456,14737,16719,15726,15325,405,ITG,ITG1,19,Sicilia,Sicilia,4999891,4363193,87.27,0.63
2164,2021-07-21,SIC,42968,20964,22004,10643,32015,310,ITG,ITG1,19,Sicilia,Sicilia,4999891,4406161,88.13,0.86
2165,2021-07-07,SIC,35417,16201,19216,6040,29138,239,ITG,ITG1,19,Sicilia,Sicilia,4999891,4441578,88.83,0.71
2166,2021-05-25,SIC,33560,15431,18129,13940,19364,256,ITG,ITG1,19,Sicilia,Sicilia,4999891,4475138,89.5,0.67
2167,2021-03-29,SIC,15048,7085,7963,10398,4500,150,ITG,ITG1,19,Sicilia,Sicilia,4999891,4490186,89.81,0.3
2168,2021-02-09,SIC,4350,1800,2550,3248,1037,65,ITG,ITG1,19,Sicilia,Sicilia,4999891,4494536,89.89,0.09
2169,2021-05-20,SIC,44092,21127,22965,27743,15933,416,ITG,ITG1,19,Sicilia,Sicilia,4999891,4538628,90.77,0.88
2170,2021-07-28,SIC,37664,18865,18799,14690,22653,321,ITG,ITG1,19,Sicilia,Sicilia,4999891,4576292,91.53,0.75
2171,2021-06-22,SIC,40054,18408,21646,18342,21334,378,ITG,ITG1,19,Sicilia,Sicilia,4999891,4616346,92.33,0.8
2172,2021-05-22,SIC,48025,22811,25214,28309,19320,396,ITG,ITG1,19,Sicilia,Sicilia,4999891,4664371,93.29,0.96
2173,2021-08-30,SIC,28204,14371,13833,10217,17643,344,ITG,ITG1,19,Sicilia,Sicilia,4999891,4692575,93.85,0.56
2174,2021-02-28,SIC,7131,3032,4099,6456,630,45,ITG,ITG1,19,Sicilia,Sicilia,4999891,4699706,94.0,0.14
2175,2021-06-08,SIC,47707,22402,25305,40457,6713,537,ITG,ITG1,19,Sicilia,Sicilia,4999891,4747413,94.95,0.95
2176,2020-12-31,SIC,897,477,420,889,0,8,ITG,ITG1,19,Sicilia,Sicilia,4999891,4748310,94.97,0.02
2177,2021-03-07,SIC,9271,3457,5814,8129,1083,59,ITG,ITG1,19,Sicilia,Sicilia,4999891,4757581,95.15,0.19
2178,2021-06-15,SIC,46150,21755,24395,28184,17531,435,ITG,ITG1,19,Sicilia,Sicilia,4999891,4803731,96.08,0.92
2179,2021-03-24,SIC,20986,9879,11107,15043,5743,200,ITG,ITG1,19,Sicilia,Sicilia,4999891,4824717,96.5,0.42
2180,2021-05-29,SIC,47195,21470,25725,23530,23215,450,ITG,ITG1,19,Sicilia,Sicilia,4999891,4871912,97.44,0.94
2181,2021-06-01,SIC,38988,17725,21263,24597,14040,351,ITG,ITG1,19,Sicilia,Sicilia,4999891,4910900,98.22,0.78
2182,2021-04-05,SIC,8024,3957,4067,6512,1442,70,ITG,ITG1,19,Sicilia,Sicilia,4999891,4918924,98.38,0.16
2183,2021-04-12,SIC,19022,9221,9801,11487,7276,259,ITG,ITG1,19,Sicilia,Sicilia,4999891,4937946,98.76,0.38
2184,2021-02-14,SIC,1055,402,653,905,140,10,ITG,ITG1,19,Sicilia,Sicilia,4999891,4939001,98.78,0.02
2185,2021-01-02,SIC,4886,2545,2341,4850,0,36,ITG,ITG1,19,Sicilia,Sicilia,4999891,4943887,98.88,0.1
2186,2021-08-11,SIC,16208,8342,7866,8732,7186,290,ITG,ITG1,19,Sicilia,Sicilia,4999891,4960095,99.2,0.32
2187,2021-01-09,SIC,7252,3423,3829,7191,0,61,ITG,ITG1,19,Sicilia,Sicilia,4999891,4967347,99.35,0.15
2188,2021-05-03,SIC,23324,10801,12523,13264,9796,264,ITG,ITG1,19,Sicilia,Sicilia,4999891,4990671,99.82,0.47
2189,2021-07-11,SIC,36041,16870,19171,3663,32283,95,ITG,ITG1,19,Sicilia,Sicilia,4999891,5026712,100.54,0.72
2190,2021-07-25,SIC,31806,16763,15043,11846,19702,258,ITG,ITG1,19,Sicilia,Sicilia,4999891,5058518,101.17,0.64
2191,2021-04-19,SIC,18290,8671,9619,12464,5589,237,ITG,ITG1,19,Sicilia,Sicilia,4999891,5076808,101.54,0.37
2192,2021-02-21,SIC,5169,2501,2668,5045,107,17,ITG,ITG1,19,Sicilia,Sicilia,4999891,5081977,101.64,0.1
2193,2021-05-16,SIC,33717,16444,17273,21896,11525,296,ITG,ITG1,19,Sicilia,Sicilia,4999891,5115694,102.32,0.67
2194,2021-05-02,SIC,24617,11435,13182,17701,6605,311,ITG,ITG1,19,Sicilia,Sicilia,4999891,5140311,102.81,0.49
2195,2021-03-20,SIC,18604,8986,9618,13367,5143,94,ITG,ITG1,19,Sicilia,Sicilia,4999891,5158915,103.18,0.37
2196,2021-08-24,SIC,23728,11756,11972,10967,12394,367,ITG,ITG1,19,Sicilia,Sicilia,4999891,5182643,103.66,0.47
2197,2021-06-28,SIC,31941,14877,17064,14906,16741,294,ITG,ITG1,19,Sicilia,Sicilia,4999891,5214584,104.29,0.64
2198,2021-07-05,SIC,37526,17613,19913,8911,28374,241,ITG,ITG1,19,Sicilia,Sicilia,4999891,5252110,105.04,0.75
2199,2021-06-21,SIC,40251,18634,21617,18419,21503,329,ITG,ITG1,19,Sicilia,Sicilia,4999891,5292361,105.85,0.81
2200,2021-05-09,SIC,28440,13320,15120,19772,8297,371,ITG,ITG1,19,Sicilia,Sicilia,4999891,5320801,106.42,0.57
2201,2021-08-17,SIC,18655,9541,9114,10155,8173,327,ITG,ITG1,19,Sicilia,Sicilia,4999891,5339456,106.79,0.37
2202,2021-02-05,SIC,6788,3005,3783,2086,4664,38,ITG,ITG1,19,Sicilia,Sicilia,4999891,5346244,106.93,0.14
2203,2021-04-03,SIC,16422,7818,8604,13421,2837,164,ITG,ITG1,19,Sicilia,Sicilia,4999891,5362666,107.26,0.33
2204,2021-03-27,SIC,15701,7407,8294,10686,4888,127,ITG,ITG1,19,Sicilia,Sicilia,4999891,5378367,107.57,0.31
2205,2021-01-29,SIC,9185,4256,4929,405,8768,12,ITG,ITG1,19,Sicilia,Sicilia,4999891,5387552,107.75,0.18
2206,2021-02-12,SIC,4606,1829,2777,4241,286,79,ITG,ITG1,19,Sicilia,Sicilia,4999891,5392158,107.85,0.09
2207,2021-05-23,SIC,34098,16603,17495,19847,14022,229,ITG,ITG1,19,Sicilia,Sicilia,4999891,5426256,108.53,0.68
2208,2021-06-10,SIC,53053,24908,28145,45149,7252,652,ITG,ITG1,19,Sicilia,Sicilia,4999891,5479309,109.59,1.06
2209,2021-05-27,SIC,47609,21930,25679,24456,22732,421,ITG,ITG1,19,Sicilia,Sicilia,4999891,5526918,110.54,0.95
2210,2021-04-14,SIC,20586,9940,10646,11620,8772,194,ITG,ITG1,19,Sicilia,Sicilia,4999891,5547504,110.95,0.41
2211,2021-07-23,SIC,41482,20841,20641,14364,26794,324,ITG,ITG1,19,Sicilia,Sicilia,4999891,5588986,111.78,0.83
2212,2021-04-21,SIC,22395,10750,11645,15992,6126,277,ITG,ITG1,19,Sicilia,Sicilia,4999891,5611381,112.23,0.45
2213,2021-04-07,SIC,18445,9062,9383,9738,8514,193,ITG,ITG1,19,Sicilia,Sicilia,4999891,5629826,112.6,0.37
2214,2021-07-16,SIC,49345,23368,25977,8713,40344,288,ITG,ITG1,19,Sicilia,Sicilia,4999891,5679171,113.59,0.99
2215,2021-07-30,SIC,32484,16089,16395,12080,20118,286,ITG,ITG1,19,Sicilia,Sicilia,4999891,5711655,114.24,0.65
2216,2021-06-03,SIC,46004,21099,24905,33765,11718,521,ITG,ITG1,19,Sicilia,Sicilia,4999891,5757659,115.16,0.92
2217,2021-01-15,BAS,819,353,466,819,0,0,ITF,ITF5,17,Basilicata,Basilicata,559084,819,0.15,0.15
2218,2020-12-27,BAS,106,41,65,106,0,0,ITF,ITF5,17,Basilicata,Basilicata,559084,925,0.17,0.02
2219,2021-03-20,BAS,1306,577,729,276,1023,7,ITF,ITF5,17,Basilicata,Basilicata,559084,2231,0.4,0.23
2220,2021-06-28,BAS,3642,1748,1894,2113,1510,19,ITF,ITF5,17,Basilicata,Basilicata,559084,5873,1.05,0.65
2221,2021-08-12,BAS,3918,2000,1918,1677,2159,82,ITF,ITF5,17,Basilicata,Basilicata,559084,9791,1.75,0.7
2222,2021-07-26,BAS,5416,2720,2696,1991,3387,38,ITF,ITF5,17,Basilicata,Basilicata,559084,15207,2.72,0.97
2223,2021-01-22,BAS,67,24,43,67,0,0,ITF,ITF5,17,Basilicata,Basilicata,559084,15274,2.73,0.01
2224,2021-07-24,BAS,5748,2944,2804,1775,3923,50,ITF,ITF5,17,Basilicata,Basilicata,559084,21022,3.76,1.03
2225,2021-01-10,BAS,77,24,53,77,0,0,ITF,ITF5,17,Basilicata,Basilicata,559084,21099,3.77,0.01
2226,2021-04-20,BAS,4147,1982,2165,2180,1940,27,ITF,ITF5,17,Basilicata,Basilicata,559084,25246,4.52,0.74
2227,2021-08-07,BAS,4514,2376,2138,1361,3094,59,ITF,ITF5,17,Basilicata,Basilicata,559084,29760,5.32,0.81
2228,2021-01-08,BAS,555,219,336,555,0,0,ITF,ITF5,17,Basilicata,Basilicata,559084,30315,5.42,0.1
2229,2021-05-04,BAS,4143,1995,2148,3570,524,49,ITF,ITF5,17,Basilicata,Basilicata,559084,34458,6.16,0.74
2230,2021-03-08,BAS,1472,722,750,820,620,32,ITF,ITF5,17,Basilicata,Basilicata,559084,35930,6.43,0.26
2231,2021-06-16,BAS,4606,2086,2520,2126,2460,20,ITF,ITF5,17,Basilicata,Basilicata,559084,40536,7.25,0.82
2232,2021-04-08,BAS,790,361,429,760,10,20,ITF,ITF5,17,Basilicata,Basilicata,559084,41326,7.39,0.14
2233,2021-04-22,BAS,5050,2352,2698,3382,1613,55,ITF,ITF5,17,Basilicata,Basilicata,559084,46376,8.29,0.9
2234,2021-07-31,BAS,5470,2878,2592,1826,3590,54,ITF,ITF5,17,Basilicata,Basilicata,559084,51846,9.27,0.98
2235,2021-07-17,BAS,5855,2915,2940,1709,4107,39,ITF,ITF5,17,Basilicata,Basilicata,559084,57701,10.32,1.05
2236,2021-06-30,BAS,3452,1668,1784,2315,1111,26,ITF,ITF5,17,Basilicata,Basilicata,559084,61153,10.94,0.62
2237,2021-06-04,BAS,4832,2289,2543,3749,1046,37,ITF,ITF5,17,Basilicata,Basilicata,559084,65985,11.8,0.86
2238,2021-02-24,BAS,1815,744,1071,1729,75,11,ITF,ITF5,17,Basilicata,Basilicata,559084,67800,12.13,0.32
2239,2021-08-26,BAS,2523,1278,1245,1120,1339,64,ITF,ITF5,17,Basilicata,Basilicata,559084,70323,12.58,0.45
2240,2021-02-22,BAS,1796,777,1019,1735,53,8,ITF,ITF5,17,Basilicata,Basilicata,559084,72119,12.9,0.32
2241,2021-05-30,BAS,2778,1421,1357,920,1853,5,ITF,ITF5,17,Basilicata,Basilicata,559084,74897,13.4,0.5
2242,2021-04-03,BAS,1815,754,1061,1465,337,13,ITF,ITF5,17,Basilicata,Basilicata,559084,76712,13.72,0.32
2243,2021-08-24,BAS,3267,1766,1501,1477,1713,77,ITF,ITF5,17,Basilicata,Basilicata,559084,79979,14.31,0.58
2244,2021-03-15,BAS,2372,992,1380,508,1846,18,ITF,ITF5,17,Basilicata,Basilicata,559084,82351,14.73,0.42
2245,2021-01-17,BAS,330,133,197,329,1,0,ITF,ITF5,17,Basilicata,Basilicata,559084,82681,14.79,0.06
2246,2021-04-27,BAS,4729,2243,2486,4348,327,54,ITF,ITF5,17,Basilicata,Basilicata,559084,87410,15.63,0.85
2247,2021-08-05,BAS,4556,2319,2237,1283,3232,41,ITF,ITF5,17,Basilicata,Basilicata,559084,91966,16.45,0.81
2248,2021-02-17,BAS,1137,493,644,1058,77,2,ITF,ITF5,17,Basilicata,Basilicata,559084,93103,16.65,0.2
2249,2021-05-28,BAS,3617,1811,1806,918,2666,33,ITF,ITF5,17,Basilicata,Basilicata,559084,96720,17.3,0.65
2250,2021-06-11,BAS,4236,1982,2254,3166,1028,42,ITF,ITF5,17,Basilicata,Basilicata,559084,100956,18.06,0.76
2251,2021-08-19,BAS,3596,1872,1724,1671,1837,88,ITF,ITF5,17,Basilicata,Basilicata,559084,104552,18.7,0.64
2252,2021-05-11,BAS,2654,1353,1301,1597,1033,24,ITF,ITF5,17,Basilicata,Basilicata,559084,107206,19.18,0.47
2253,2021-02-05,BAS,996,447,549,63,931,2,ITF,ITF5,17,Basilicata,Basilicata,559084,108202,19.35,0.18
2254,2021-07-12,BAS,5441,2592,2849,1606,3809,26,ITF,ITF5,17,Basilicata,Basilicata,559084,113643,20.33,0.97
2255,2021-05-16,BAS,4974,2469,2505,2813,2113,48,ITF,ITF5,17,Basilicata,Basilicata,559084,118617,21.22,0.89
2256,2021-07-19,BAS,5926,2890,3036,1999,3886,41,ITF,ITF5,17,Basilicata,Basilicata,559084,124543,22.28,1.06
2257,2021-05-23,BAS,4518,2302,2216,1527,2984,7,ITF,ITF5,17,Basilicata,Basilicata,559084,129061,23.08,0.81
2258,2021-06-23,BAS,3240,1522,1718,2332,876,32,ITF,ITF5,17,Basilicata,Basilicata,559084,132301,23.66,0.58
2259,2021-03-13,BAS,1807,893,914,738,1049,20,ITF,ITF5,17,Basilicata,Basilicata,559084,134108,23.99,0.32
2260,2021-02-07,BAS,382,161,221,49,333,0,ITF,ITF5,17,Basilicata,Basilicata,559084,134490,24.06,0.07
2261,2021-05-18,BAS,5895,2855,3040,3379,2492,24,ITF,ITF5,17,Basilicata,Basilicata,559084,140385,25.11,1.05
2262,2021-05-02,BAS,4181,2001,2180,3490,629,62,ITF,ITF5,17,Basilicata,Basilicata,559084,144566,25.86,0.75
2263,2021-04-15,BAS,3431,1679,1752,2586,799,46,ITF,ITF5,17,Basilicata,Basilicata,559084,147997,26.47,0.61
2264,2021-07-07,BAS,5203,2470,2733,2019,3169,15,ITF,ITF5,17,Basilicata,Basilicata,559084,153200,27.4,0.93
2265,2021-01-03,BAS,910,347,563,910,0,0,ITF,ITF5,17,Basilicata,Basilicata,559084,154110,27.56,0.16
2266,2021-06-09,BAS,4423,2072,2351,3967,423,33,ITF,ITF5,17,Basilicata,Basilicata,559084,158533,28.36,0.79
2267,2021-04-13,BAS,2118,1053,1065,1282,818,18,ITF,ITF5,17,Basilicata,Basilicata,559084,160651,28.73,0.38
2268,2021-03-01,BAS,553,286,267,384,169,0,ITF,ITF5,17,Basilicata,Basilicata,559084,161204,28.83,0.1
2269,2021-08-14,BAS,3478,1906,1572,1421,1997,60,ITF,ITF5,17,Basilicata,Basilicata,559084,164682,29.46,0.62
2270,2021-06-18,BAS,4465,2066,2399,2179,2259,27,ITF,ITF5,17,Basilicata,Basilicata,559084,169147,30.25,0.8
2271,2021-08-23,BAS,3315,1736,1579,1369,1864,82,ITF,ITF5,17,Basilicata,Basilicata,559084,172462,30.85,0.59
2272,2021-03-06,BAS,1373,543,830,752,608,13,ITF,ITF5,17,Basilicata,Basilicata,559084,173835,31.09,0.25
2273,2021-05-09,BAS,4684,2339,2345,2941,1694,49,ITF,ITF5,17,Basilicata,Basilicata,559084,178519,31.93,0.84
2274,2021-02-15,BAS,633,239,394,573,44,16,ITF,ITF5,17,Basilicata,Basilicata,559084,179152,32.04,0.11
2275,2021-01-29,BAS,618,232,386,63,555,0,ITF,ITF5,17,Basilicata,Basilicata,559084,179770,32.15,0.11
2276,2021-06-27,BAS,3007,1477,1530,2378,615,14,ITF,ITF5,17,Basilicata,Basilicata,559084,182777,32.69,0.54
2277,2021-04-29,BAS,4858,2398,2460,4342,441,75,ITF,ITF5,17,Basilicata,Basilicata,559084,187635,33.56,0.87
2278,2021-03-17,BAS,1470,615,855,24,1442,4,ITF,ITF5,17,Basilicata,Basilicata,559084,189105,33.82,0.26
2279,2021-01-19,BAS,199,84,115,199,0,0,ITF,ITF5,17,Basilicata,Basilicata,559084,189304,33.86,0.04
2280,2021-06-25,BAS,3317,1571,1746,2444,839,34,ITF,ITF5,17,Basilicata,Basilicata,559084,192621,34.45,0.59
2281,2021-07-04,BAS,3112,1563,1549,2164,922,26,ITF,ITF5,17,Basilicata,Basilicata,559084,195733,35.01,0.56
2282,2021-07-14,BAS,5642,2721,2921,1628,3989,25,ITF,ITF5,17,Basilicata,Basilicata,559084,201375,36.02,1.01
2283,2021-04-05,BAS,726,235,491,412,304,10,ITF,ITF5,17,Basilicata,Basilicata,559084,202101,36.15,0.13
2284,2021-03-22,BAS,1222,549,673,641,573,8,ITF,ITF5,17,Basilicata,Basilicata,559084,203323,36.37,0.22
2285,2021-03-03,BAS,1794,836,958,1209,563,22,ITF,ITF5,17,Basilicata,Basilicata,559084,205117,36.69,0.32
2286,2021-03-25,BAS,1885,605,1280,1514,347,24,ITF,ITF5,17,Basilicata,Basilicata,559084,207002,37.03,0.34
2287,2021-01-27,BAS,419,177,242,113,306,0,ITF,ITF5,17,Basilicata,Basilicata,559084,207421,37.1,0.07
2288,2021-02-10,BAS,552,241,311,497,53,2,ITF,ITF5,17,Basilicata,Basilicata,559084,207973,37.2,0.1
2289,2021-05-21,BAS,4578,2321,2257,1480,3086,12,ITF,ITF5,17,Basilicata,Basilicata,559084,212551,38.02,0.82
2290,2021-08-09,BAS,4010,2065,1945,1569,2395,46,ITF,ITF5,17,Basilicata,Basilicata,559084,216561,38.73,0.72
2291,2021-07-23,BAS,5551,2781,2770,1889,3616,46,ITF,ITF5,17,Basilicata,Basilicata,559084,222112,39.73,0.99
2292,2021-05-01,BAS,4708,2139,2569,3883,755,70,ITF,ITF5,17,Basilicata,Basilicata,559084,226820,40.57,0.84
2293,2021-07-09,BAS,5339,2609,2730,1697,3633,9,ITF,ITF5,17,Basilicata,Basilicata,559084,232159,41.52,0.95
2294,2021-04-17,BAS,3461,1655,1806,2170,1262,29,ITF,ITF5,17,Basilicata,Basilicata,559084,235620,42.14,0.62
2295,2021-03-29,BAS,2484,899,1585,2141,288,55,ITF,ITF5,17,Basilicata,Basilicata,559084,238104,42.59,0.44
2296,2021-01-05,BAS,952,410,542,952,0,0,ITF,ITF5,17,Basilicata,Basilicata,559084,239056,42.76,0.17
2297,2021-03-05,BAS,1870,864,1006,1097,758,15,ITF,ITF5,17,Basilicata,Basilicata,559084,240926,43.09,0.33
2298,2021-06-13,BAS,3014,1440,1574,2678,308,28,ITF,ITF5,17,Basilicata,Basilicata,559084,243940,43.63,0.54
2299,2021-05-27,BAS,3623,1863,1760,1073,2536,14,ITF,ITF5,17,Basilicata,Basilicata,559084,247563,44.28,0.65
2300,2021-01-24,BAS,865,316,549,58,806,1,ITF,ITF5,17,Basilicata,Basilicata,559084,248428,44.43,0.15
2301,2021-05-13,BAS,5985,2969,3016,3298,2597,90,ITF,ITF5,17,Basilicata,Basilicata,559084,254413,45.51,1.07
2302,2021-08-21,BAS,3268,1778,1490,1711,1461,96,ITF,ITF5,17,Basilicata,Basilicata,559084,257681,46.09,0.58
2303,2021-05-08,BAS,4846,2407,2439,3382,1412,52,ITF,ITF5,17,Basilicata,Basilicata,559084,262527,46.96,0.87
2304,2021-08-30,BAS,3200,1711,1489,1550,1546,104,ITF,ITF5,17,Basilicata,Basilicata,559084,265727,47.53,0.57
2305,2021-03-24,BAS,1999,769,1230,1481,493,25,ITF,ITF5,17,Basilicata,Basilicata,559084,267726,47.89,0.36
2306,2021-07-02,BAS,3689,1839,1850,2484,1176,29,ITF,ITF5,17,Basilicata,Basilicata,559084,271415,48.55,0.66
2307,2021-02-26,BAS,2158,906,1252,2071,81,6,ITF,ITF5,17,Basilicata,Basilicata,559084,273573,48.93,0.39
2308,2021-05-20,BAS,5885,2981,2904,2886,2971,28,ITF,ITF5,17,Basilicata,Basilicata,559084,279458,49.98,1.05
2309,2021-08-28,BAS,2275,1287,988,1110,1105,60,ITF,ITF5,17,Basilicata,Basilicata,559084,281733,50.39,0.41
2310,2021-06-06,BAS,4512,2074,2438,3695,779,38,ITF,ITF5,17,Basilicata,Basilicata,559084,286245,51.2,0.81
2311,2021-08-11,BAS,3710,1923,1787,1429,2223,58,ITF,ITF5,17,Basilicata,Basilicata,559084,289955,51.86,0.66
2312,2021-06-20,BAS,4011,1884,2127,1940,2037,34,ITF,ITF5,17,Basilicata,Basilicata,559084,293966,52.58,0.72
2313,2021-05-25,BAS,4200,2114,2086,868,3322,10,ITF,ITF5,17,Basilicata,Basilicata,559084,298166,53.33,0.75
2314,2021-02-14,BAS,151,48,103,105,0,46,ITF,ITF5,17,Basilicata,Basilicata,559084,298317,53.36,0.03
2315,2021-01-31,BAS,78,24,54,0,78,0,ITF,ITF5,17,Basilicata,Basilicata,559084,298395,53.37,0.01
2316,2021-01-12,BAS,217,88,129,217,0,0,ITF,ITF5,17,Basilicata,Basilicata,559084,298612,53.41,0.04
2317,2021-08-16,BAS,3566,1866,1700,1484,1998,84,ITF,ITF5,17,Basilicata,Basilicata,559084,302178,54.05,0.64
2318,2021-03-10,BAS,1686,846,840,836,839,11,ITF,ITF5,17,Basilicata,Basilicata,559084,303864,54.35,0.3
2319,2021-01-26,BAS,812,357,455,101,711,0,ITF,ITF5,17,Basilicata,Basilicata,559084,304676,54.5,0.15
2320,2021-05-06,BAS,5069,2440,2629,3432,1586,51,ITF,ITF5,17,Basilicata,Basilicata,559084,309745,55.4,0.91
2321,2021-05-15,BAS,6533,3344,3189,3875,2575,83,ITF,ITF5,17,Basilicata,Basilicata,559084,316278,56.57,1.17
2322,2021-04-02,BAS,2345,1058,1287,1715,605,25,ITF,ITF5,17,Basilicata,Basilicata,559084,318623,56.99,0.42
2323,2021-04-24,BAS,4583,2221,2362,3476,1051,56,ITF,ITF5,17,Basilicata,Basilicata,559084,323206,57.81,0.82
2324,2021-08-02,BAS,4609,2334,2275,1779,2790,40,ITF,ITF5,17,Basilicata,Basilicata,559084,327815,58.63,0.82
2325,2021-07-16,BAS,5932,2899,3033,1803,4095,34,ITF,ITF5,17,Basilicata,Basilicata,559084,333747,59.7,1.06
2326,2021-03-19,BAS,2311,1001,1310,260,2044,7,ITF,ITF5,17,Basilicata,Basilicata,559084,336058,60.11,0.41
2327,2021-08-20,BAS,3123,1679,1444,1452,1593,78,ITF,ITF5,17,Basilicata,Basilicata,559084,339181,60.67,0.56
2328,2021-09-01,BAS,3253,1686,1567,1046,2108,99,ITF,ITF5,17,Basilicata,Basilicata,559084,342434,61.25,0.58
2329,2021-02-11,BAS,957,406,551,872,83,2,ITF,ITF5,17,Basilicata,Basilicata,559084,343391,61.42,0.17
2330,2021-05-22,BAS,5493,2725,2768,1929,3553,11,ITF,ITF5,17,Basilicata,Basilicata,559084,348884,62.4,0.98
2331,2021-03-26,BAS,1956,703,1253,1667,261,28,ITF,ITF5,17,Basilicata,Basilicata,559084,350840,62.75,0.35
2332,2021-04-01,BAS,2733,1119,1614,1970,734,29,ITF,ITF5,17,Basilicata,Basilicata,559084,353573,63.24,0.49
2333,2021-02-03,BAS,674,304,370,32,642,0,ITF,ITF5,17,Basilicata,Basilicata,559084,354247,63.36,0.12
2334,2021-06-01,BAS,6137,2927,3210,3034,3076,27,ITF,ITF5,17,Basilicata,Basilicata,559084,360384,64.46,1.1
2335,2021-03-14,BAS,1012,478,534,530,470,12,ITF,ITF5,17,Basilicata,Basilicata,559084,361396,64.64,0.18
2336,2021-03-31,BAS,3116,1268,1848,2301,785,30,ITF,ITF5,17,Basilicata,Basilicata,559084,364512,65.2,0.56
2337,2021-06-22,BAS,4355,2061,2294,2223,2100,32,ITF,ITF5,17,Basilicata,Basilicata,559084,368867,65.98,0.78
2338,2021-06-05,BAS,4800,2210,2590,3823,941,36,ITF,ITF5,17,Basilicata,Basilicata,559084,373667,66.84,0.86
2339,2021-08-27,BAS,2480,1313,1167,1000,1410,70,ITF,ITF5,17,Basilicata,Basilicata,559084,376147,67.28,0.44
2340,2021-02-23,BAS,1909,772,1137,1751,140,18,ITF,ITF5,17,Basilicata,Basilicata,559084,378056,67.62,0.34
2341,2021-06-03,BAS,4923,2259,2664,3705,1180,38,ITF,ITF5,17,Basilicata,Basilicata,559084,382979,68.5,0.88
2342,2021-04-14,BAS,2046,1001,1045,1354,676,16,ITF,ITF5,17,Basilicata,Basilicata,559084,385025,68.87,0.37
2343,2021-01-21,BAS,31,10,21,30,1,0,ITF,ITF5,17,Basilicata,Basilicata,559084,385056,68.87,0.01
2344,2021-01-04,BAS,613,274,339,613,0,0,ITF,ITF5,17,Basilicata,Basilicata,559084,385669,68.98,0.11
2345,2021-07-06,BAS,4211,2009,2202,2115,2060,36,ITF,ITF5,17,Basilicata,Basilicata,559084,389880,69.74,0.75
2346,2021-02-04,BAS,1108,446,662,64,1044,0,ITF,ITF5,17,Basilicata,Basilicata,559084,390988,69.93,0.2
2347,2021-07-11,BAS,5031,2405,2626,1508,3498,25,ITF,ITF5,17,Basilicata,Basilicata,559084,396019,70.83,0.9
2348,2021-02-02,BAS,369,145,224,174,194,1,ITF,ITF5,17,Basilicata,Basilicata,559084,396388,70.9,0.07
2349,2021-04-09,BAS,1153,350,803,1062,63,28,ITF,ITF5,17,Basilicata,Basilicata,559084,397541,71.11,0.21
2350,2021-02-16,BAS,907,377,530,790,98,19,ITF,ITF5,17,Basilicata,Basilicata,559084,398448,71.27,0.16
2351,2021-01-28,BAS,919,407,512,119,800,0,ITF,ITF5,17,Basilicata,Basilicata,559084,399367,71.43,0.16
2352,2021-05-10,BAS,4803,2382,2421,2708,2042,53,ITF,ITF5,17,Basilicata,Basilicata,559084,404170,72.29,0.86
2353,2021-08-18,BAS,3571,1975,1596,1499,1976,96,ITF,ITF5,17,Basilicata,Basilicata,559084,407741,72.93,0.64
2354,2021-07-18,BAS,4389,2163,2226,1577,2785,27,ITF,ITF5,17,Basilicata,Basilicata,559084,412130,73.72,0.79
2355,2021-08-01,BAS,4208,2114,2094,1632,2536,40,ITF,ITF5,17,Basilicata,Basilicata,559084,416338,74.47,0.75
2356,2021-02-13,BAS,801,314,487,702,61,38,ITF,ITF5,17,Basilicata,Basilicata,559084,417139,74.61,0.14
2357,2021-08-04,BAS,4500,2232,2268,1424,3035,41,ITF,ITF5,17,Basilicata,Basilicata,559084,421639,75.42,0.8
2358,2021-06-08,BAS,4587,2195,2392,4191,358,38,ITF,ITF5,17,Basilicata,Basilicata,559084,426226,76.24,0.82
2359,2021-04-12,BAS,2175,1054,1121,1651,494,30,ITF,ITF5,17,Basilicata,Basilicata,559084,428401,76.63,0.39
2360,2021-07-13,BAS,5853,2825,3028,1772,4033,48,ITF,ITF5,17,Basilicata,Basilicata,559084,434254,77.67,1.05
2361,2021-02-27,BAS,1999,862,1137,1817,165,17,ITF,ITF5,17,Basilicata,Basilicata,559084,436253,78.03,0.36
2362,2021-03-12,BAS,1921,986,935,786,1107,28,ITF,ITF5,17,Basilicata,Basilicata,559084,438174,78.37,0.34
2363,2021-05-17,BAS,5548,2735,2813,3363,2136,49,ITF,ITF5,17,Basilicata,Basilicata,559084,443722,79.37,0.99
2364,2021-08-25,BAS,2682,1407,1275,1259,1339,84,ITF,ITF5,17,Basilicata,Basilicata,559084,446404,79.85,0.48
2365,2021-01-23,BAS,752,319,433,33,719,0,ITF,ITF5,17,Basilicata,Basilicata,559084,447156,79.98,0.13
2366,2021-05-03,BAS,4511,2043,2468,3621,827,63,ITF,ITF5,17,Basilicata,Basilicata,559084,451667,80.79,0.81
2367,2021-02-09,BAS,494,215,279,317,177,0,ITF,ITF5,17,Basilicata,Basilicata,559084,452161,80.88,0.09
2368,2021-07-25,BAS,4478,2254,2224,1606,2848,24,ITF,ITF5,17,Basilicata,Basilicata,559084,456639,81.68,0.8
2369,2021-06-21,BAS,4257,2045,2212,2142,2094,21,ITF,ITF5,17,Basilicata,Basilicata,559084,460896,82.44,0.76
2370,2021-06-29,BAS,3856,1880,1976,2785,1043,28,ITF,ITF5,17,Basilicata,Basilicata,559084,464752,83.13,0.69
2371,2021-03-21,BAS,1177,547,630,474,700,3,ITF,ITF5,17,Basilicata,Basilicata,559084,465929,83.34,0.21
2372,2021-05-29,BAS,3060,1534,1526,824,2225,11,ITF,ITF5,17,Basilicata,Basilicata,559084,468989,83.89,0.55
2373,2021-01-14,BAS,973,413,560,973,0,0,ITF,ITF5,17,Basilicata,Basilicata,559084,469962,84.06,0.17
2374,2021-04-07,BAS,1212,552,660,1156,36,20,ITF,ITF5,17,Basilicata,Basilicata,559084,471174,84.28,0.22
2375,2021-04-25,BAS,2991,1459,1532,2907,52,32,ITF,ITF5,17,Basilicata,Basilicata,559084,474165,84.81,0.53
2376,2021-08-03,BAS,5070,2575,2495,1828,3193,49,ITF,ITF5,17,Basilicata,Basilicata,559084,479235,85.72,0.91
2377,2021-08-17,BAS,3508,1763,1745,1398,2044,66,ITF,ITF5,17,Basilicata,Basilicata,559084,482743,86.35,0.63
2378,2021-05-12,BAS,4730,2330,2400,2801,1881,48,ITF,ITF5,17,Basilicata,Basilicata,559084,487473,87.19,0.85
2379,2021-05-24,BAS,4833,2344,2489,1087,3733,13,ITF,ITF5,17,Basilicata,Basilicata,559084,492306,88.06,0.86
2380,2021-07-29,BAS,4857,2524,2333,1908,2902,47,ITF,ITF5,17,Basilicata,Basilicata,559084,497163,88.92,0.87
2381,2021-06-02,BAS,5962,2806,3156,4375,1544,43,ITF,ITF5,17,Basilicata,Basilicata,559084,503125,89.99,1.07
2382,2021-04-18,BAS,3720,1843,1877,2327,1370,23,ITF,ITF5,17,Basilicata,Basilicata,559084,506845,90.66,0.67
2383,2021-02-20,BAS,1169,536,633,1050,119,0,ITF,ITF5,17,Basilicata,Basilicata,559084,508014,90.87,0.21
2384,2021-07-27,BAS,4715,2371,2344,1814,2855,46,ITF,ITF5,17,Basilicata,Basilicata,559084,512729,91.71,0.84
2385,2021-07-20,BAS,5693,2792,2901,1688,3965,40,ITF,ITF5,17,Basilicata,Basilicata,559084,518422,92.73,1.02
2386,2021-06-07,BAS,4238,1921,2317,3884,316,38,ITF,ITF5,17,Basilicata,Basilicata,559084,522660,93.49,0.76
2387,2021-04-11,BAS,966,393,573,760,176,30,ITF,ITF5,17,Basilicata,Basilicata,559084,523626,93.66,0.17
2388,2021-02-08,BAS,564,194,370,153,411,0,ITF,ITF5,17,Basilicata,Basilicata,559084,524190,93.76,0.1
2389,2021-05-19,BAS,2872,1499,1373,1183,1676,13,ITF,ITF5,17,Basilicata,Basilicata,559084,527062,94.27,0.51
2390,2021-02-25,BAS,1795,740,1055,1737,47,11,ITF,ITF5,17,Basilicata,Basilicata,559084,528857,94.59,0.32
2391,2021-08-10,BAS,4417,2327,2090,1513,2833,71,ITF,ITF5,17,Basilicata,Basilicata,559084,533274,95.38,0.79
2392,2021-02-06,BAS,926,380,546,146,780,0,ITF,ITF5,17,Basilicata,Basilicata,559084,534200,95.55,0.17
2393,2021-07-21,BAS,5851,2946,2905,1616,4201,34,ITF,ITF5,17,Basilicata,Basilicata,559084,540051,96.6,1.05
2394,2021-04-19,BAS,4182,1920,2262,2395,1653,134,ITF,ITF5,17,Basilicata,Basilicata,559084,544233,97.34,0.75
2395,2021-07-28,BAS,5036,2576,2460,1930,3047,59,ITF,ITF5,17,Basilicata,Basilicata,559084,549269,98.24,0.9
2396,2021-06-15,BAS,3222,1417,1805,2225,976,21,ITF,ITF5,17,Basilicata,Basilicata,559084,552491,98.82,0.58
2397,2021-06-19,BAS,4466,2178,2288,2370,2074,22,ITF,ITF5,17,Basilicata,Basilicata,559084,556957,99.62,0.8
2398,2021-03-28,BAS,2147,746,1401,2111,19,17,ITF,ITF5,17,Basilicata,Basilicata,559084,559104,100.0,0.38
2399,2021-03-11,BAS,1800,931,869,819,963,18,ITF,ITF5,17,Basilicata,Basilicata,559084,560904,100.33,0.32
2400,2021-07-15,BAS,6479,3211,3268,1668,4784,27,ITF,ITF5,17,Basilicata,Basilicata,559084,567383,101.48,1.16
2401,2021-04-06,BAS,1275,466,809,1074,184,17,ITF,ITF5,17,Basilicata,Basilicata,559084,568658,101.71,0.23
2402,2021-06-14,BAS,4826,2157,2669,2091,2711,24,ITF,ITF5,17,Basilicata,Basilicata,559084,573484,102.58,0.86
2403,2021-03-23,BAS,1641,633,1008,1452,169,20,ITF,ITF5,17,Basilicata,Basilicata,559084,575125,102.87,0.29
2404,2021-07-01,BAS,3711,1856,1855,2566,1112,33,ITF,ITF5,17,Basilicata,Basilicata,559084,578836,103.53,0.66
2405,2021-05-31,BAS,4230,2010,2220,1713,2509,8,ITF,ITF5,17,Basilicata,Basilicata,559084,583066,104.29,0.76
2406,2021-02-18,BAS,1073,402,671,854,216,3,ITF,ITF5,17,Basilicata,Basilicata,559084,584139,104.48,0.19
2407,2021-04-04,BAS,612,227,385,188,418,6,ITF,ITF5,17,Basilicata,Basilicata,559084,584751,104.59,0.11
2408,2021-07-22,BAS,5798,2889,2909,1787,3949,62,ITF,ITF5,17,Basilicata,Basilicata,559084,590549,105.63,1.04
2409,2021-04-30,BAS,5287,2377,2910,4065,1163,59,ITF,ITF5,17,Basilicata,Basilicata,559084,595836,106.57,0.95
2410,2021-01-20,BAS,85,22,63,84,1,0,ITF,ITF5,17,Basilicata,Basilicata,559084,595921,106.59,0.02
2411,2021-02-28,BAS,813,347,466,772,37,4,ITF,ITF5,17,Basilicata,Basilicata,559084,596734,106.73,0.15
2412,2021-01-02,BAS,957,383,574,956,0,1,ITF,ITF5,17,Basilicata,Basilicata,559084,597691,106.91,0.17
2413,2021-01-16,BAS,725,305,420,725,0,0,ITF,ITF5,17,Basilicata,Basilicata,559084,598416,107.04,0.13
2414,2021-04-26,BAS,4466,2164,2302,4197,221,48,ITF,ITF5,17,Basilicata,Basilicata,559084,602882,107.83,0.8
2415,2021-08-08,BAS,3664,1873,1791,1115,2520,29,ITF,ITF5,17,Basilicata,Basilicata,559084,606546,108.49,0.66
2416,2021-02-01,BAS,248,94,154,46,202,0,ITF,ITF5,17,Basilicata,Basilicata,559084,606794,108.53,0.04
2417,2021-05-26,BAS,4489,2260,2229,1676,2784,29,ITF,ITF5,17,Basilicata,Basilicata,559084,611283,109.34,0.8
2418,2021-01-13,BAS,917,387,530,917,0,0,ITF,ITF5,17,Basilicata,Basilicata,559084,612200,109.5,0.16
2419,2021-04-23,BAS,4550,2191,2359,3478,1011,61,ITF,ITF5,17,Basilicata,Basilicata,559084,616750,110.31,0.81
2420,2021-01-30,BAS,713,230,483,129,584,0,ITF,ITF5,17,Basilicata,Basilicata,559084,617463,110.44,0.13
2421,2021-03-30,BAS,2855,1214,1641,2494,346,15,ITF,ITF5,17,Basilicata,Basilicata,559084,620318,110.95,0.51
2422,2021-07-08,BAS,5137,2429,2708,1853,3259,25,ITF,ITF5,17,Basilicata,Basilicata,559084,625455,111.87,0.92
2423,2021-01-06,BAS,296,130,166,296,0,0,ITF,ITF5,17,Basilicata,Basilicata,559084,625751,111.92,0.05
2424,2021-04-16,BAS,3324,1635,1689,2398,901,25,ITF,ITF5,17,Basilicata,Basilicata,559084,629075,112.52,0.59
2425,2021-02-21,BAS,284,113,171,284,0,0,ITF,ITF5,17,Basilicata,Basilicata,559084,629359,112.57,0.05
2426,2021-03-07,BAS,896,313,583,847,39,10,ITF,ITF5,17,Basilicata,Basilicata,559084,630255,112.73,0.16
2427,2021-01-09,BAS,560,161,399,560,0,0,ITF,ITF5,17,Basilicata,Basilicata,559084,630815,112.83,0.1
2428,2021-08-29,BAS,2331,1249,1082,1255,979,97,ITF,ITF5,17,Basilicata,Basilicata,559084,633146,113.25,0.42
2429,2021-07-03,BAS,3946,2103,1843,2756,1144,46,ITF,ITF5,17,Basilicata,Basilicata,559084,637092,113.95,0.71
2430,2021-05-07,BAS,4638,2280,2358,3268,1340,30,ITF,ITF5,17,Basilicata,Basilicata,559084,641730,114.78,0.83
2431,2021-08-15,BAS,2705,1431,1274,1137,1528,40,ITF,ITF5,17,Basilicata,Basilicata,559084,644435,115.27,0.48
2432,2021-07-10,BAS,5530,2669,2861,1596,3925,9,ITF,ITF5,17,Basilicata,Basilicata,559084,649965,116.26,0.99
2433,2021-05-14,BAS,5907,2798,3109,3274,2530,103,ITF,ITF5,17,Basilicata,Basilicata,559084,655872,117.31,1.06
2434,2021-03-04,BAS,1899,901,998,1068,807,24,ITF,ITF5,17,Basilicata,Basilicata,559084,657771,117.65,0.34
2435,2021-06-12,BAS,3686,1694,1992,2959,689,38,ITF,ITF5,17,Basilicata,Basilicata,559084,661457,118.31,0.66
2436,2021-03-18,BAS,1362,569,793,17,1336,9,ITF,ITF5,17,Basilicata,Basilicata,559084,662819,118.55,0.24
2437,2021-08-22,BAS,2443,1282,1161,1023,1371,49,ITF,ITF5,17,Basilicata,Basilicata,559084,665262,118.99,0.44
2438,2021-06-26,BAS,3337,1614,1723,2751,558,28,ITF,ITF5,17,Basilicata,Basilicata,559084,668599,119.59,0.6
2439,2021-03-27,BAS,2258,866,1392,1809,434,15,ITF,ITF5,17,Basilicata,Basilicata,559084,670857,119.99,0.4
2440,2021-08-31,BAS,3101,1594,1507,1678,1277,146,ITF,ITF5,17,Basilicata,Basilicata,559084,673958,120.55,0.55
2441,2021-07-05,BAS,3270,1615,1655,2214,1022,34,ITF,ITF5,17,Basilicata,Basilicata,559084,677228,121.13,0.58
2442,2021-01-07,BAS,644,321,323,644,0,0,ITF,ITF5,17,Basilicata,Basilicata,559084,677872,121.25,0.12
2443,2021-02-19,BAS,1629,739,890,1561,63,5,ITF,ITF5,17,Basilicata,Basilicata,559084,679501,121.54,0.29
2444,2021-02-12,BAS,781,334,447,748,32,1,ITF,ITF5,17,Basilicata,Basilicata,559084,680282,121.68,0.14
2445,2021-04-10,BAS,1035,379,656,923,84,28,ITF,ITF5,17,Basilicata,Basilicata,559084,681317,121.86,0.19
2446,2021-06-24,BAS,4091,1940,2151,2152,1902,37,ITF,ITF5,17,Basilicata,Basilicata,559084,685408,122.59,0.73
2447,2021-04-28,BAS,4709,2159,2550,4207,441,61,ITF,ITF5,17,Basilicata,Basilicata,559084,690117,123.44,0.84
2448,2021-03-02,BAS,802,387,415,659,138,5,ITF,ITF5,17,Basilicata,Basilicata,559084,690919,123.58,0.14
2449,2021-08-06,BAS,4226,2163,2063,1317,2856,53,ITF,ITF5,17,Basilicata,Basilicata,559084,695145,124.34,0.76
2450,2021-06-10,BAS,4347,2102,2245,3868,442,37,ITF,ITF5,17,Basilicata,Basilicata,559084,699492,125.11,0.78
2451,2021-08-13,BAS,3661,1904,1757,1423,2147,91,ITF,ITF5,17,Basilicata,Basilicata,559084,703153,125.77,0.65
2452,2021-07-30,BAS,4766,2436,2330,1915,2802,49,ITF,ITF5,17,Basilicata,Basilicata,559084,707919,126.62,0.85
2453,2021-06-17,BAS,4442,2045,2397,2087,2330,25,ITF,ITF5,17,Basilicata,Basilicata,559084,712361,127.42,0.79
2454,2021-04-21,BAS,3951,1844,2107,2243,1678,30,ITF,ITF5,17,Basilicata,Basilicata,559084,716312,128.12,0.71
2455,2021-01-18,BAS,465,158,307,366,99,0,ITF,ITF5,17,Basilicata,Basilicata,559084,716777,128.21,0.08
2456,2021-03-16,BAS,1922,808,1114,226,1693,3,ITF,ITF5,17,Basilicata,Basilicata,559084,718699,128.55,0.34
2457,2021-05-05,BAS,4339,2050,2289,3378,891,70,ITF,ITF5,17,Basilicata,Basilicata,559084,723038,129.33,0.78
2458,2021-03-09,BAS,1412,722,690,780,612,20,ITF,ITF5,17,Basilicata,Basilicata,559084,724450,129.58,0.25
2459,2021-01-25,BAS,1044,438,606,73,970,1,ITF,ITF5,17,Basilicata,Basilicata,559084,725494,129.76,0.19
2460,2021-01-11,BAS,186,67,119,186,0,0,ITF,ITF5,17,Basilicata,Basilicata,559084,725680,129.8,0.03
2461,2021-07-01,SAR,19833,9764,10069,7256,12484,93,ITG,ITG2,20,Sardegna,Sardegna,1639591,19833,1.21,1.21
2462,2021-03-23,SAR,6496,2903,3593,5229,1089,178,ITG,ITG2,20,Sardegna,Sardegna,1639591,26329,1.61,0.4
2463,2021-07-15,SAR,18778,9236,9542,4646,14031,101,ITG,ITG2,20,Sardegna,Sardegna,1639591,45107,2.75,1.15
2464,2021-08-03,SAR,14573,7507,7066,7516,6862,195,ITG,ITG2,20,Sardegna,Sardegna,1639591,59680,3.64,0.89
2465,2021-08-27,SAR,8387,4496,3891,4911,3335,141,ITG,ITG2,20,Sardegna,Sardegna,1639591,68067,4.15,0.51
2466,2021-05-19,SAR,17079,8681,8398,12632,4278,169,ITG,ITG2,20,Sardegna,Sardegna,1639591,85146,5.19,1.04
2467,2021-06-05,SAR,17888,8441,9447,11285,6468,135,ITG,ITG2,20,Sardegna,Sardegna,1639591,103034,6.28,1.09
2468,2021-02-25,SAR,2939,1275,1664,2296,609,34,ITG,ITG2,20,Sardegna,Sardegna,1639591,105973,6.46,0.18
2469,2021-03-14,SAR,611,379,232,601,1,9,ITG,ITG2,20,Sardegna,Sardegna,1639591,106584,6.5,0.04
2470,2021-02-11,SAR,1321,490,831,1207,114,0,ITG,ITG2,20,Sardegna,Sardegna,1639591,107905,6.58,0.08
2471,2021-09-01,SAR,8214,4309,3905,3093,5034,87,ITG,ITG2,20,Sardegna,Sardegna,1639591,116119,7.08,0.5
2472,2021-05-24,SAR,14488,7258,7230,8358,5998,132,ITG,ITG2,20,Sardegna,Sardegna,1639591,130607,7.97,0.88
2473,2021-02-13,SAR,1458,563,895,1452,2,4,ITG,ITG2,20,Sardegna,Sardegna,1639591,132065,8.05,0.09
2474,2021-04-09,SAR,12468,5520,6948,7930,4397,141,ITG,ITG2,20,Sardegna,Sardegna,1639591,144533,8.82,0.76
2475,2021-07-20,SAR,16147,7930,8217,3653,12404,90,ITG,ITG2,20,Sardegna,Sardegna,1639591,160680,9.8,0.98
2476,2021-04-11,SAR,5416,2450,2966,4263,1124,29,ITG,ITG2,20,Sardegna,Sardegna,1639591,166096,10.13,0.33
2477,2021-06-07,SAR,12564,6145,6419,9436,3006,122,ITG,ITG2,20,Sardegna,Sardegna,1639591,178660,10.9,0.77
2478,2021-08-01,SAR,3054,1501,1553,1030,1988,36,ITG,ITG2,20,Sardegna,Sardegna,1639591,181714,11.08,0.19
2479,2021-04-23,SAR,13062,5789,7273,7360,5555,147,ITG,ITG2,20,Sardegna,Sardegna,1639591,194776,11.88,0.8
2480,2021-05-10,SAR,9939,4417,5522,7207,2554,178,ITG,ITG2,20,Sardegna,Sardegna,1639591,204715,12.49,0.61
2481,2021-01-30,SAR,3946,1426,2520,368,3578,0,ITG,ITG2,20,Sardegna,Sardegna,1639591,208661,12.73,0.24
2482,2021-06-19,SAR,15347,7516,7831,9121,6127,99,ITG,ITG2,20,Sardegna,Sardegna,1639591,224008,13.66,0.94
2483,2021-07-06,SAR,15936,7723,8213,4662,11174,100,ITG,ITG2,20,Sardegna,Sardegna,1639591,239944,14.63,0.97
2484,2021-03-28,SAR,4610,1820,2790,4459,79,72,ITG,ITG2,20,Sardegna,Sardegna,1639591,244554,14.92,0.28
2485,2021-01-04,SAR,608,230,378,608,0,0,ITG,ITG2,20,Sardegna,Sardegna,1639591,245162,14.95,0.04
2486,2021-03-09,SAR,5557,2749,2808,4755,732,70,ITG,ITG2,20,Sardegna,Sardegna,1639591,250719,15.29,0.34
2487,2021-08-13,SAR,9949,5418,4531,6314,3516,119,ITG,ITG2,20,Sardegna,Sardegna,1639591,260668,15.9,0.61
2488,2021-05-05,SAR,10277,4675,5602,8008,2059,210,ITG,ITG2,20,Sardegna,Sardegna,1639591,270945,16.53,0.63
2489,2021-05-29,SAR,18028,8656,9372,13249,4611,168,ITG,ITG2,20,Sardegna,Sardegna,1639591,288973,17.62,1.1
2490,2021-02-18,SAR,1898,738,1160,1794,64,40,ITG,ITG2,20,Sardegna,Sardegna,1639591,290871,17.74,0.12
2491,2021-05-31,SAR,11371,5409,5962,8161,3112,98,ITG,ITG2,20,Sardegna,Sardegna,1639591,302242,18.43,0.69
2492,2021-07-27,SAR,16536,8387,8149,4220,12205,111,ITG,ITG2,20,Sardegna,Sardegna,1639591,318778,19.44,1.01
2493,2021-04-18,SAR,5150,2235,2915,2238,2883,29,ITG,ITG2,20,Sardegna,Sardegna,1639591,323928,19.76,0.31
2494,2021-01-08,SAR,3348,1235,2113,3346,0,2,ITG,ITG2,20,Sardegna,Sardegna,1639591,327276,19.96,0.2
2495,2021-06-12,SAR,14755,7194,7561,9935,4702,118,ITG,ITG2,20,Sardegna,Sardegna,1639591,342031,20.86,0.9
2496,2021-03-04,SAR,4392,2313,2079,3067,1260,65,ITG,ITG2,20,Sardegna,Sardegna,1639591,346423,21.13,0.27
2497,2021-03-21,SAR,4053,1815,2238,2586,1441,26,ITG,ITG2,20,Sardegna,Sardegna,1639591,350476,21.38,0.25
2498,2021-03-02,SAR,3057,1634,1423,1821,1162,74,ITG,ITG2,20,Sardegna,Sardegna,1639591,353533,21.56,0.19
2499,2021-04-28,SAR,9114,4304,4810,5212,3751,151,ITG,ITG2,20,Sardegna,Sardegna,1639591,362647,22.12,0.56
2500,2021-01-18,SAR,910,328,582,781,129,0,ITG,ITG2,20,Sardegna,Sardegna,1639591,363557,22.17,0.06
2501,2021-06-24,SAR,19202,9213,9989,8117,10982,103,ITG,ITG2,20,Sardegna,Sardegna,1639591,382759,23.34,1.17
2502,2021-03-16,SAR,4445,1967,2478,3471,930,44,ITG,ITG2,20,Sardegna,Sardegna,1639591,387204,23.62,0.27
2503,2021-07-08,SAR,18443,8971,9472,3831,14527,85,ITG,ITG2,20,Sardegna,Sardegna,1639591,405647,24.74,1.12
2504,2021-07-25,SAR,4343,2142,2201,862,3466,15,ITG,ITG2,20,Sardegna,Sardegna,1639591,409990,25.01,0.26
2505,2021-04-16,SAR,14601,6528,8073,9004,5420,177,ITG,ITG2,20,Sardegna,Sardegna,1639591,424591,25.9,0.89
2506,2021-01-23,SAR,61,23,38,0,61,0,ITG,ITG2,20,Sardegna,Sardegna,1639591,424652,25.9,0.0
2507,2021-04-30,SAR,11310,5340,5970,6823,4300,187,ITG,ITG2,20,Sardegna,Sardegna,1639591,435962,26.59,0.69
2508,2021-05-17,SAR,12839,6265,6574,9138,3554,147,ITG,ITG2,20,Sardegna,Sardegna,1639591,448801,27.37,0.78
2509,2021-02-06,SAR,1983,706,1277,566,1414,3,ITG,ITG2,20,Sardegna,Sardegna,1639591,450784,27.49,0.12
2510,2021-02-23,SAR,1577,1050,527,1278,282,17,ITG,ITG2,20,Sardegna,Sardegna,1639591,452361,27.59,0.1
2511,2021-07-24,SAR,12383,6384,5999,1994,10362,27,ITG,ITG2,20,Sardegna,Sardegna,1639591,464744,28.35,0.76
2512,2021-02-04,SAR,2302,825,1477,915,1384,3,ITG,ITG2,20,Sardegna,Sardegna,1639591,467046,28.49,0.14
2513,2021-04-02,SAR,9328,3625,5703,5930,3252,146,ITG,ITG2,20,Sardegna,Sardegna,1639591,476374,29.05,0.57
2514,2021-07-13,SAR,17805,8522,9283,3249,14478,78,ITG,ITG2,20,Sardegna,Sardegna,1639591,494179,30.14,1.09
2515,2021-04-04,SAR,2,1,1,0,2,0,ITG,ITG2,20,Sardegna,Sardegna,1639591,494181,30.14,0.0
2516,2021-08-20,SAR,10172,5352,4820,4794,5228,150,ITG,ITG2,20,Sardegna,Sardegna,1639591,504353,30.76,0.62
2517,2021-05-12,SAR,11222,5281,5941,7864,3154,204,ITG,ITG2,20,Sardegna,Sardegna,1639591,515575,31.45,0.68
2518,2020-12-28,SAR,68,27,41,68,0,0,ITG,ITG2,20,Sardegna,Sardegna,1639591,515643,31.45,0.0
2519,2021-06-14,SAR,13748,6643,7105,9790,3816,142,ITG,ITG2,20,Sardegna,Sardegna,1639591,529391,32.29,0.84
2520,2021-03-06,SAR,2950,1219,1731,1081,1795,74,ITG,ITG2,20,Sardegna,Sardegna,1639591,532341,32.47,0.18
2521,2021-06-02,SAR,9786,4692,5094,8060,1640,86,ITG,ITG2,20,Sardegna,Sardegna,1639591,542127,33.06,0.6
2522,2021-07-29,SAR,17896,9044,8852,6525,11205,166,ITG,ITG2,20,Sardegna,Sardegna,1639591,560023,34.16,1.09
2523,2021-04-20,SAR,11192,5064,6128,7798,3296,98,ITG,ITG2,20,Sardegna,Sardegna,1639591,571215,34.84,0.68
2524,2021-01-13,SAR,579,182,397,579,0,0,ITG,ITG2,20,Sardegna,Sardegna,1639591,571794,34.87,0.04
2525,2021-07-17,SAR,12869,6301,6568,3178,9624,67,ITG,ITG2,20,Sardegna,Sardegna,1639591,584663,35.66,0.78
2526,2021-01-16,SAR,1498,530,968,1498,0,0,ITG,ITG2,20,Sardegna,Sardegna,1639591,586161,35.75,0.09
2527,2021-08-15,SAR,19,10,9,9,10,0,ITG,ITG2,20,Sardegna,Sardegna,1639591,586180,35.75,0.0
2528,2021-02-22,SAR,1651,954,697,1391,234,26,ITG,ITG2,20,Sardegna,Sardegna,1639591,587831,35.85,0.1
2529,2021-03-11,SAR,6458,3107,3351,5168,1209,81,ITG,ITG2,20,Sardegna,Sardegna,1639591,594289,36.25,0.39
2530,2021-06-04,SAR,14506,6943,7563,9784,4563,159,ITG,ITG2,20,Sardegna,Sardegna,1639591,608795,37.13,0.88
2531,2021-08-10,SAR,14239,7507,6732,6249,7828,162,ITG,ITG2,20,Sardegna,Sardegna,1639591,623034,38.0,0.87
2532,2021-05-02,SAR,6075,2727,3348,5298,674,103,ITG,ITG2,20,Sardegna,Sardegna,1639591,629109,38.37,0.37
2533,2021-02-08,SAR,1477,536,941,859,617,1,ITG,ITG2,20,Sardegna,Sardegna,1639591,630586,38.46,0.09
2534,2021-08-12,SAR,12480,6614,5866,6626,5686,168,ITG,ITG2,20,Sardegna,Sardegna,1639591,643066,39.22,0.76
2535,2021-06-28,SAR,14993,7041,7952,3050,11877,66,ITG,ITG2,20,Sardegna,Sardegna,1639591,658059,40.14,0.91
2536,2021-04-06,SAR,7575,3157,4418,5061,2439,75,ITG,ITG2,20,Sardegna,Sardegna,1639591,665634,40.6,0.46
2537,2020-12-27,SAR,68,37,31,68,0,0,ITG,ITG2,20,Sardegna,Sardegna,1639591,665702,40.6,0.0
2538,2021-04-25,SAR,4534,2282,2252,3701,784,49,ITG,ITG2,20,Sardegna,Sardegna,1639591,670236,40.88,0.28
2539,2021-01-15,SAR,1572,574,998,1570,0,2,ITG,ITG2,20,Sardegna,Sardegna,1639591,671808,40.97,0.1
2540,2021-08-17,SAR,10608,5535,5073,6093,4389,126,ITG,ITG2,20,Sardegna,Sardegna,1639591,682416,41.62,0.65
2541,2021-06-16,SAR,17634,8275,9359,12164,5309,161,ITG,ITG2,20,Sardegna,Sardegna,1639591,700050,42.7,1.08
2542,2021-01-01,SAR,33,17,16,33,0,0,ITG,ITG2,20,Sardegna,Sardegna,1639591,700083,42.7,0.0
2543,2021-02-27,SAR,1928,644,1284,1326,561,41,ITG,ITG2,20,Sardegna,Sardegna,1639591,702011,42.82,0.12
2544,2021-08-05,SAR,15652,8231,7421,8692,6800,160,ITG,ITG2,20,Sardegna,Sardegna,1639591,717663,43.77,0.95
2545,2021-02-20,SAR,2044,856,1188,1683,337,24,ITG,ITG2,20,Sardegna,Sardegna,1639591,719707,43.9,0.12
2546,2021-08-07,SAR,8212,4308,3904,5438,2706,68,ITG,ITG2,20,Sardegna,Sardegna,1639591,727919,44.4,0.5
2547,2021-04-29,SAR,11270,5130,6140,6684,4431,155,ITG,ITG2,20,Sardegna,Sardegna,1639591,739189,45.08,0.69
2548,2021-06-21,SAR,14031,6736,7295,5122,8835,74,ITG,ITG2,20,Sardegna,Sardegna,1639591,753220,45.94,0.86
2549,2021-03-13,SAR,2773,1084,1689,2451,281,41,ITG,ITG2,20,Sardegna,Sardegna,1639591,755993,46.11,0.17
2550,2021-03-30,SAR,8922,3621,5301,6485,2284,153,ITG,ITG2,20,Sardegna,Sardegna,1639591,764915,46.65,0.54
2551,2021-01-06,SAR,1636,556,1080,1636,0,0,ITG,ITG2,20,Sardegna,Sardegna,1639591,766551,46.75,0.1
2552,2021-06-23,SAR,20547,9668,10879,6192,14262,93,ITG,ITG2,20,Sardegna,Sardegna,1639591,787098,48.01,1.25
2553,2021-01-20,SAR,215,78,137,213,2,0,ITG,ITG2,20,Sardegna,Sardegna,1639591,787313,48.02,0.01
2554,2021-03-29,SAR,4858,1886,2972,4169,595,94,ITG,ITG2,20,Sardegna,Sardegna,1639591,792171,48.32,0.3
2555,2021-04-15,SAR,11953,5574,6379,6815,5020,118,ITG,ITG2,20,Sardegna,Sardegna,1639591,804124,49.04,0.73
2556,2021-01-05,SAR,1358,458,900,1358,0,0,ITG,ITG2,20,Sardegna,Sardegna,1639591,805482,49.13,0.08
2557,2021-07-31,SAR,10320,5458,4862,5276,4963,81,ITG,ITG2,20,Sardegna,Sardegna,1639591,815802,49.76,0.63
2558,2021-08-19,SAR,10754,5686,5068,5733,4889,132,ITG,ITG2,20,Sardegna,Sardegna,1639591,826556,50.41,0.66
2559,2021-05-28,SAR,18008,8711,9297,13525,4296,187,ITG,ITG2,20,Sardegna,Sardegna,1639591,844564,51.51,1.1
2560,2021-02-17,SAR,1414,580,834,1279,74,61,ITG,ITG2,20,Sardegna,Sardegna,1639591,845978,51.6,0.09
2561,2021-05-25,SAR,15157,7705,7452,8495,6487,175,ITG,ITG2,20,Sardegna,Sardegna,1639591,861135,52.52,0.92
2562,2021-07-22,SAR,18334,9266,9068,4507,13718,109,ITG,ITG2,20,Sardegna,Sardegna,1639591,879469,53.64,1.12
2563,2021-04-13,SAR,7704,3624,4080,5785,1854,65,ITG,ITG2,20,Sardegna,Sardegna,1639591,887173,54.11,0.47
2564,2021-06-09,SAR,15470,7368,8102,11574,3745,151,ITG,ITG2,20,Sardegna,Sardegna,1639591,902643,55.05,0.94
2565,2021-02-01,SAR,1554,620,934,226,1328,0,ITG,ITG2,20,Sardegna,Sardegna,1639591,904197,55.15,0.09
2566,2021-05-09,SAR,6179,2888,3291,5161,926,92,ITG,ITG2,20,Sardegna,Sardegna,1639591,910376,55.52,0.38
2567,2021-05-26,SAR,15549,8195,7354,9706,5661,182,ITG,ITG2,20,Sardegna,Sardegna,1639591,925925,56.47,0.95
2568,2021-02-15,SAR,960,349,611,923,31,6,ITG,ITG2,20,Sardegna,Sardegna,1639591,926885,56.53,0.06
2569,2021-06-25,SAR,16513,7810,8703,3900,12556,57,ITG,ITG2,20,Sardegna,Sardegna,1639591,943398,57.54,1.01
2570,2021-01-10,SAR,2220,762,1458,2219,0,1,ITG,ITG2,20,Sardegna,Sardegna,1639591,945618,57.67,0.14
2571,2021-08-08,SAR,1884,979,905,1020,841,23,ITG,ITG2,20,Sardegna,Sardegna,1639591,947502,57.79,0.11
2572,2021-06-26,SAR,19160,9013,10147,5454,13631,75,ITG,ITG2,20,Sardegna,Sardegna,1639591,966662,58.96,1.17
2573,2021-08-22,SAR,1162,650,512,403,756,3,ITG,ITG2,20,Sardegna,Sardegna,1639591,967824,59.03,0.07
2574,2021-01-22,SAR,84,47,37,56,28,0,ITG,ITG2,20,Sardegna,Sardegna,1639591,967908,59.03,0.01
2575,2021-07-26,SAR,14599,7287,7312,4123,10399,77,ITG,ITG2,20,Sardegna,Sardegna,1639591,982507,59.92,0.89
2576,2021-04-17,SAR,10172,4523,5649,5422,4667,83,ITG,ITG2,20,Sardegna,Sardegna,1639591,992679,60.54,0.62
2577,2021-08-09,SAR,13414,6972,6442,6474,6794,146,ITG,ITG2,20,Sardegna,Sardegna,1639591,1006093,61.36,0.82
2578,2021-08-26,SAR,9428,4999,4429,5356,3946,126,ITG,ITG2,20,Sardegna,Sardegna,1639591,1015521,61.94,0.58
2579,2021-05-18,SAR,14789,7387,7402,9432,5224,133,ITG,ITG2,20,Sardegna,Sardegna,1639591,1030310,62.84,0.9
2580,2021-02-24,SAR,2447,1309,1138,2211,195,41,ITG,ITG2,20,Sardegna,Sardegna,1639591,1032757,62.99,0.15
2581,2021-08-21,SAR,5620,3054,2566,3636,1894,90,ITG,ITG2,20,Sardegna,Sardegna,1639591,1038377,63.33,0.34
2582,2021-03-08,SAR,4734,2464,2270,3455,1226,53,ITG,ITG2,20,Sardegna,Sardegna,1639591,1043111,63.62,0.29
2583,2021-05-04,SAR,9681,4427,5254,7623,1904,154,ITG,ITG2,20,Sardegna,Sardegna,1639591,1052792,64.21,0.59
2584,2021-01-24,SAR,91,35,56,5,86,0,ITG,ITG2,20,Sardegna,Sardegna,1639591,1052883,64.22,0.01
2585,2021-03-20,SAR,5222,2079,3143,2909,2286,27,ITG,ITG2,20,Sardegna,Sardegna,1639591,1058105,64.53,0.32
2586,2021-06-13,SAR,9501,4677,4824,6161,3260,80,ITG,ITG2,20,Sardegna,Sardegna,1639591,1067606,65.11,0.58
2587,2021-01-29,SAR,3044,1118,1926,45,2997,2,ITG,ITG2,20,Sardegna,Sardegna,1639591,1070650,65.3,0.19
2588,2021-06-11,SAR,14782,7025,7757,9090,5538,154,ITG,ITG2,20,Sardegna,Sardegna,1639591,1085432,66.2,0.9
2589,2021-03-03,SAR,4138,2294,1844,2746,1306,86,ITG,ITG2,20,Sardegna,Sardegna,1639591,1089570,66.45,0.25
2590,2021-06-30,SAR,17775,8515,9260,4807,12886,82,ITG,ITG2,20,Sardegna,Sardegna,1639591,1107345,67.54,1.08
2591,2021-03-22,SAR,3743,1516,2227,3132,526,85,ITG,ITG2,20,Sardegna,Sardegna,1639591,1111088,67.77,0.23
2592,2021-07-02,SAR,18943,8892,10051,4404,14441,98,ITG,ITG2,20,Sardegna,Sardegna,1639591,1130031,68.92,1.16
2593,2021-04-27,SAR,7754,3589,4165,5573,2070,111,ITG,ITG2,20,Sardegna,Sardegna,1639591,1137785,69.39,0.47
2594,2021-01-17,SAR,867,278,589,866,1,0,ITG,ITG2,20,Sardegna,Sardegna,1639591,1138652,69.45,0.05
2595,2021-03-15,SAR,2826,1328,1498,2407,377,42,ITG,ITG2,20,Sardegna,Sardegna,1639591,1141478,69.62,0.17
2596,2021-07-04,SAR,8206,3988,4218,2066,6125,15,ITG,ITG2,20,Sardegna,Sardegna,1639591,1149684,70.12,0.5
2597,2021-03-26,SAR,8629,3549,5080,6961,1532,136,ITG,ITG2,20,Sardegna,Sardegna,1639591,1158313,70.65,0.53
2598,2021-08-30,SAR,8750,4668,4082,4836,3757,157,ITG,ITG2,20,Sardegna,Sardegna,1639591,1167063,71.18,0.53
2599,2021-05-22,SAR,25066,12010,13056,19587,5176,303,ITG,ITG2,20,Sardegna,Sardegna,1639591,1192129,72.71,1.53
2600,2021-05-07,SAR,14594,6660,7934,9790,4551,253,ITG,ITG2,20,Sardegna,Sardegna,1639591,1206723,73.6,0.89
2601,2021-01-27,SAR,1433,506,927,78,1355,0,ITG,ITG2,20,Sardegna,Sardegna,1639591,1208156,73.69,0.09
2602,2021-07-03,SAR,15842,7562,8280,3235,12575,32,ITG,ITG2,20,Sardegna,Sardegna,1639591,1223998,74.65,0.97
2603,2021-03-25,SAR,9269,4020,5249,7819,1308,142,ITG,ITG2,20,Sardegna,Sardegna,1639591,1233267,75.22,0.57
2604,2021-08-29,SAR,467,250,217,355,98,14,ITG,ITG2,20,Sardegna,Sardegna,1639591,1233734,75.25,0.03
2605,2021-05-21,SAR,22795,11230,11565,16383,6132,280,ITG,ITG2,20,Sardegna,Sardegna,1639591,1256529,76.64,1.39
2606,2021-06-18,SAR,16490,7509,8981,8604,7770,116,ITG,ITG2,20,Sardegna,Sardegna,1639591,1273019,77.64,1.01
2607,2021-03-10,SAR,6076,2961,3115,5147,855,74,ITG,ITG2,20,Sardegna,Sardegna,1639591,1279095,78.01,0.37
2608,2021-08-14,SAR,1794,1025,769,990,794,10,ITG,ITG2,20,Sardegna,Sardegna,1639591,1280889,78.12,0.11
2609,2021-05-06,SAR,13166,6063,7103,9733,3188,245,ITG,ITG2,20,Sardegna,Sardegna,1639591,1294055,78.93,0.8
2610,2021-03-01,SAR,2295,1166,1129,1598,667,30,ITG,ITG2,20,Sardegna,Sardegna,1639591,1296350,79.07,0.14
2611,2021-01-03,SAR,90,36,54,90,0,0,ITG,ITG2,20,Sardegna,Sardegna,1639591,1296440,79.07,0.01
2612,2021-07-07,SAR,15908,7729,8179,4084,11771,53,ITG,ITG2,20,Sardegna,Sardegna,1639591,1312348,80.04,0.97
2613,2021-08-28,SAR,4163,2395,1768,2853,1251,59,ITG,ITG2,20,Sardegna,Sardegna,1639591,1316511,80.3,0.25
2614,2021-06-06,SAR,10036,5001,5035,6314,3653,69,ITG,ITG2,20,Sardegna,Sardegna,1639591,1326547,80.91,0.61
2615,2021-04-08,SAR,13604,5969,7635,8333,5154,117,ITG,ITG2,20,Sardegna,Sardegna,1639591,1340151,81.74,0.83
2616,2021-07-14,SAR,16907,8190,8717,3773,13023,111,ITG,ITG2,20,Sardegna,Sardegna,1639591,1357058,82.77,1.03
2617,2020-12-29,SAR,57,32,25,57,0,0,ITG,ITG2,20,Sardegna,Sardegna,1639591,1357115,82.77,0.0
2618,2021-04-22,SAR,10627,4685,5942,5541,4993,93,ITG,ITG2,20,Sardegna,Sardegna,1639591,1367742,83.42,0.65
2619,2021-01-12,SAR,890,417,473,890,0,0,ITG,ITG2,20,Sardegna,Sardegna,1639591,1368632,83.47,0.05
2620,2021-05-11,SAR,9109,4246,4863,6453,2519,137,ITG,ITG2,20,Sardegna,Sardegna,1639591,1377741,84.03,0.56
2621,2021-01-31,SAR,2153,765,1388,45,2108,0,ITG,ITG2,20,Sardegna,Sardegna,1639591,1379894,84.16,0.13
2622,2021-08-02,SAR,13117,6602,6515,6210,6729,178,ITG,ITG2,20,Sardegna,Sardegna,1639591,1393011,84.96,0.8
2623,2021-01-28,SAR,3037,1083,1954,68,2969,0,ITG,ITG2,20,Sardegna,Sardegna,1639591,1396048,85.15,0.19
2624,2021-01-19,SAR,751,271,480,695,55,1,ITG,ITG2,20,Sardegna,Sardegna,1639591,1396799,85.19,0.05
2625,2021-03-17,SAR,6626,2869,3757,4955,1633,38,ITG,ITG2,20,Sardegna,Sardegna,1639591,1403425,85.6,0.4
2626,2021-06-27,SAR,9019,4310,4709,2956,6035,28,ITG,ITG2,20,Sardegna,Sardegna,1639591,1412444,86.15,0.55
2627,2021-05-13,SAR,12456,5878,6578,8775,3470,211,ITG,ITG2,20,Sardegna,Sardegna,1639591,1424900,86.91,0.76
2628,2021-02-02,SAR,1534,681,853,258,1276,0,ITG,ITG2,20,Sardegna,Sardegna,1639591,1426434,87.0,0.09
2629,2021-08-23,SAR,10521,5566,4955,5635,4710,176,ITG,ITG2,20,Sardegna,Sardegna,1639591,1436955,87.64,0.64
2630,2021-05-15,SAR,13876,6442,7434,10244,3445,187,ITG,ITG2,20,Sardegna,Sardegna,1639591,1450831,88.49,0.85
2631,2021-07-11,SAR,6379,3119,3260,1424,4920,35,ITG,ITG2,20,Sardegna,Sardegna,1639591,1457210,88.88,0.39
2632,2021-06-22,SAR,19343,8990,10353,7166,12076,101,ITG,ITG2,20,Sardegna,Sardegna,1639591,1476553,90.06,1.18
2633,2021-07-09,SAR,15879,7599,8280,3431,12365,83,ITG,ITG2,20,Sardegna,Sardegna,1639591,1492432,91.02,0.97
2634,2021-03-31,SAR,10626,4230,6396,8064,2435,127,ITG,ITG2,20,Sardegna,Sardegna,1639591,1503058,91.67,0.65
2635,2021-03-18,SAR,7315,3096,4219,5600,1639,76,ITG,ITG2,20,Sardegna,Sardegna,1639591,1510373,92.12,0.45
2636,2021-05-14,SAR,14655,6887,7768,10819,3651,185,ITG,ITG2,20,Sardegna,Sardegna,1639591,1525028,93.01,0.89
2637,2021-02-03,SAR,1122,419,703,426,695,1,ITG,ITG2,20,Sardegna,Sardegna,1639591,1526150,93.08,0.07
2638,2021-07-10,SAR,14240,6888,7352,2704,11503,33,ITG,ITG2,20,Sardegna,Sardegna,1639591,1540390,93.95,0.87
2639,2021-04-01,SAR,10290,4104,6186,7119,3024,147,ITG,ITG2,20,Sardegna,Sardegna,1639591,1550680,94.58,0.63
2640,2021-07-21,SAR,19394,9500,9894,3910,15400,84,ITG,ITG2,20,Sardegna,Sardegna,1639591,1570074,95.76,1.18
2641,2021-07-23,SAR,15759,7787,7972,3404,12277,78,ITG,ITG2,20,Sardegna,Sardegna,1639591,1585833,96.72,0.96
2642,2021-04-14,SAR,8366,3927,4439,7029,1276,61,ITG,ITG2,20,Sardegna,Sardegna,1639591,1594199,97.23,0.51
2643,2021-05-01,SAR,10005,4795,5210,5421,4483,101,ITG,ITG2,20,Sardegna,Sardegna,1639591,1604204,97.84,0.61
2644,2021-01-21,SAR,140,69,71,98,42,0,ITG,ITG2,20,Sardegna,Sardegna,1639591,1604344,97.85,0.01
2645,2021-02-07,SAR,1128,397,731,228,899,1,ITG,ITG2,20,Sardegna,Sardegna,1639591,1605472,97.92,0.07
2646,2021-05-27,SAR,17858,9266,8592,12108,5542,208,ITG,ITG2,20,Sardegna,Sardegna,1639591,1623330,99.01,1.09
2647,2021-02-16,SAR,703,291,412,667,27,9,ITG,ITG2,20,Sardegna,Sardegna,1639591,1624033,99.05,0.04
2648,2021-03-05,SAR,5233,2620,2613,2822,2372,39,ITG,ITG2,20,Sardegna,Sardegna,1639591,1629266,99.37,0.32
2649,2021-03-19,SAR,7319,3063,4256,5017,2243,59,ITG,ITG2,20,Sardegna,Sardegna,1639591,1636585,99.82,0.45
2650,2021-03-24,SAR,7502,3133,4369,5996,1360,146,ITG,ITG2,20,Sardegna,Sardegna,1639591,1644087,100.27,0.46
2651,2021-01-26,SAR,1379,473,906,27,1352,0,ITG,ITG2,20,Sardegna,Sardegna,1639591,1645466,100.36,0.08
2652,2021-08-16,SAR,8462,4412,4050,4550,3796,116,ITG,ITG2,20,Sardegna,Sardegna,1639591,1653928,100.87,0.52
2653,2021-05-08,SAR,13205,5996,7209,10756,2289,160,ITG,ITG2,20,Sardegna,Sardegna,1639591,1667133,101.68,0.81
2654,2021-08-25,SAR,10062,5290,4772,4240,5711,111,ITG,ITG2,20,Sardegna,Sardegna,1639591,1677195,102.29,0.61
2655,2021-06-03,SAR,16397,7645,8752,10564,5692,141,ITG,ITG2,20,Sardegna,Sardegna,1639591,1693592,103.29,1.0
2656,2021-06-20,SAR,6295,2807,3488,3635,2628,32,ITG,ITG2,20,Sardegna,Sardegna,1639591,1699887,103.68,0.38
2657,2021-03-12,SAR,6020,2632,3388,4552,1317,151,ITG,ITG2,20,Sardegna,Sardegna,1639591,1705907,104.04,0.37
2658,2021-02-10,SAR,1976,775,1201,1444,526,6,ITG,ITG2,20,Sardegna,Sardegna,1639591,1707883,104.17,0.12
2659,2021-07-16,SAR,16935,8476,8459,4552,12247,136,ITG,ITG2,20,Sardegna,Sardegna,1639591,1724818,105.2,1.03
2660,2021-04-07,SAR,13724,6101,7623,7908,5737,79,ITG,ITG2,20,Sardegna,Sardegna,1639591,1738542,106.04,0.84
2661,2021-04-24,SAR,10512,4890,5622,7959,2420,133,ITG,ITG2,20,Sardegna,Sardegna,1639591,1749054,106.68,0.64
2662,2021-01-14,SAR,1127,432,695,1127,0,0,ITG,ITG2,20,Sardegna,Sardegna,1639591,1750181,106.74,0.07
2663,2021-02-14,SAR,542,263,279,540,2,0,ITG,ITG2,20,Sardegna,Sardegna,1639591,1750723,106.78,0.03
2664,2021-07-18,SAR,5693,2874,2819,982,4701,10,ITG,ITG2,20,Sardegna,Sardegna,1639591,1756416,107.13,0.35
2665,2021-08-18,SAR,10693,5533,5160,5706,4857,130,ITG,ITG2,20,Sardegna,Sardegna,1639591,1767109,107.78,0.65
2666,2021-04-05,SAR,2090,798,1292,2047,1,42,ITG,ITG2,20,Sardegna,Sardegna,1639591,1769199,107.9,0.13
2667,2021-08-11,SAR,11925,6361,5564,6145,5600,180,ITG,ITG2,20,Sardegna,Sardegna,1639591,1781124,108.63,0.73
2668,2021-05-03,SAR,8335,3854,4481,6601,1623,111,ITG,ITG2,20,Sardegna,Sardegna,1639591,1789459,109.14,0.51
2669,2021-05-20,SAR,16414,7894,8520,11295,4913,206,ITG,ITG2,20,Sardegna,Sardegna,1639591,1805873,110.14,1.0
2670,2021-02-09,SAR,2297,839,1458,1290,1002,5,ITG,ITG2,20,Sardegna,Sardegna,1639591,1808170,110.28,0.14
2671,2021-02-26,SAR,2832,1115,1717,2473,308,51,ITG,ITG2,20,Sardegna,Sardegna,1639591,1811002,110.45,0.17
2672,2021-04-12,SAR,7056,3200,3856,5257,1727,72,ITG,ITG2,20,Sardegna,Sardegna,1639591,1818058,110.88,0.43
2673,2021-01-02,SAR,61,22,39,61,0,0,ITG,ITG2,20,Sardegna,Sardegna,1639591,1818119,110.89,0.0
2674,2021-06-08,SAR,14835,7071,7764,11169,3511,155,ITG,ITG2,20,Sardegna,Sardegna,1639591,1832954,111.79,0.9
2675,2021-02-28,SAR,368,169,199,139,227,2,ITG,ITG2,20,Sardegna,Sardegna,1639591,1833322,111.82,0.02
2676,2021-08-04,SAR,16216,8528,7688,9599,6353,264,ITG,ITG2,20,Sardegna,Sardegna,1639591,1849538,112.8,0.99
2677,2021-04-26,SAR,6942,3294,3648,5921,926,95,ITG,ITG2,20,Sardegna,Sardegna,1639591,1856480,113.23,0.42
2678,2021-06-01,SAR,14327,6658,7669,9637,4595,95,ITG,ITG2,20,Sardegna,Sardegna,1639591,1870807,114.1,0.87
2679,2021-02-21,SAR,1589,709,880,1558,30,1,ITG,ITG2,20,Sardegna,Sardegna,1639591,1872396,114.2,0.1
2680,2021-07-28,SAR,16793,8620,8173,6319,10326,148,ITG,ITG2,20,Sardegna,Sardegna,1639591,1889189,115.22,1.02
2681,2021-04-19,SAR,10251,4643,5608,8663,1446,142,ITG,ITG2,20,Sardegna,Sardegna,1639591,1899440,115.85,0.63
2682,2021-01-09,SAR,4085,1443,2642,4085,0,0,ITG,ITG2,20,Sardegna,Sardegna,1639591,1903525,116.1,0.25
2683,2021-06-15,SAR,14687,6808,7879,9812,4741,134,ITG,ITG2,20,Sardegna,Sardegna,1639591,1918212,116.99,0.9
2684,2021-06-29,SAR,17893,8606,9287,3753,14091,49,ITG,ITG2,20,Sardegna,Sardegna,1639591,1936105,118.08,1.09
2685,2021-03-07,SAR,1663,752,911,1114,545,4,ITG,ITG2,20,Sardegna,Sardegna,1639591,1937768,118.19,0.1
2686,2021-04-21,SAR,12177,5578,6599,6477,5597,103,ITG,ITG2,20,Sardegna,Sardegna,1639591,1949945,118.93,0.74
2687,2021-01-11,SAR,1217,520,697,1216,0,1,ITG,ITG2,20,Sardegna,Sardegna,1639591,1951162,119.0,0.07
2688,2021-06-17,SAR,18464,8530,9934,9918,8425,121,ITG,ITG2,20,Sardegna,Sardegna,1639591,1969626,120.13,1.13
2689,2021-01-25,SAR,611,228,383,23,588,0,ITG,ITG2,20,Sardegna,Sardegna,1639591,1970237,120.17,0.04
2690,2021-08-24,SAR,10101,5401,4700,4812,5134,155,ITG,ITG2,20,Sardegna,Sardegna,1639591,1980338,120.78,0.62
2691,2021-05-16,SAR,8247,3836,4411,6003,2161,83,ITG,ITG2,20,Sardegna,Sardegna,1639591,1988585,121.29,0.5
2692,2021-07-12,SAR,15334,7413,7921,2401,12877,56,ITG,ITG2,20,Sardegna,Sardegna,1639591,2003919,122.22,0.94
2693,2021-07-05,SAR,15582,7571,8011,3326,12207,49,ITG,ITG2,20,Sardegna,Sardegna,1639591,2019501,123.17,0.95
2694,2021-08-31,SAR,9295,4956,4339,4748,4388,159,ITG,ITG2,20,Sardegna,Sardegna,1639591,2028796,123.74,0.57
2695,2021-02-05,SAR,1923,757,1166,435,1486,2,ITG,ITG2,20,Sardegna,Sardegna,1639591,2030719,123.86,0.12
2696,2021-04-03,SAR,4724,1823,2901,2670,1985,69,ITG,ITG2,20,Sardegna,Sardegna,1639591,2035443,124.14,0.29
2697,2021-05-30,SAR,9743,4840,4903,7311,2364,68,ITG,ITG2,20,Sardegna,Sardegna,1639591,2045186,124.74,0.59
2698,2021-02-19,SAR,1517,476,1041,1414,56,47,ITG,ITG2,20,Sardegna,Sardegna,1639591,2046703,124.83,0.09
2699,2021-03-27,SAR,5827,2215,3612,5310,423,94,ITG,ITG2,20,Sardegna,Sardegna,1639591,2052530,125.19,0.36
2700,2021-05-23,SAR,10035,4817,5218,7684,2255,96,ITG,ITG2,20,Sardegna,Sardegna,1639591,2062565,125.8,0.61
2701,2021-02-12,SAR,2249,938,1311,2183,60,6,ITG,ITG2,20,Sardegna,Sardegna,1639591,2064814,125.93,0.14
2702,2021-07-19,SAR,15230,7630,7600,2797,12383,50,ITG,ITG2,20,Sardegna,Sardegna,1639591,2080044,126.86,0.93
2703,2021-04-10,SAR,10598,4782,5816,8535,1959,104,ITG,ITG2,20,Sardegna,Sardegna,1639591,2090642,127.51,0.65
2704,2021-01-07,SAR,3169,1110,2059,3165,0,4,ITG,ITG2,20,Sardegna,Sardegna,1639591,2093811,127.7,0.19
2705,2021-06-10,SAR,17813,8480,9333,11644,6043,126,ITG,ITG2,20,Sardegna,Sardegna,1639591,2111624,128.79,1.09
2706,2021-08-06,SAR,13822,7173,6649,7990,5659,173,ITG,ITG2,20,Sardegna,Sardegna,1639591,2125446,129.63,0.84
2707,2020-12-31,SAR,41,22,19,41,0,0,ITG,ITG2,20,Sardegna,Sardegna,1639591,2125487,129.64,0.0
2708,2021-07-30,SAR,15205,7856,7349,6623,8416,166,ITG,ITG2,20,Sardegna,Sardegna,1639591,2140692,130.56,0.93
2709,2021-01-16,TOS,3271,1046,2225,3213,0,58,ITI,ITI1,9,Toscana,Toscana,3729641,3271,0.09,0.09
2710,2021-04-26,TOS,10149,4936,5213,7456,2557,136,ITI,ITI1,9,Toscana,Toscana,3729641,13420,0.36,0.27
2711,2021-01-02,TOS,3499,1096,2403,3455,0,44,ITI,ITI1,9,Toscana,Toscana,3729641,16919,0.45,0.09
2712,2021-05-22,TOS,26037,12667,13370,21490,4298,249,ITI,ITI1,9,Toscana,Toscana,3729641,42956,1.15,0.7
2713,2021-05-05,TOS,30162,13464,16698,14854,14572,736,ITI,ITI1,9,Toscana,Toscana,3729641,73118,1.96,0.81
2714,2021-08-13,TOS,23102,12516,10586,11330,11226,546,ITI,ITI1,9,Toscana,Toscana,3729641,96220,2.58,0.62
2715,2021-02-28,TOS,1649,667,982,852,727,70,ITI,ITI1,9,Toscana,Toscana,3729641,97869,2.62,0.04
2716,2021-02-11,TOS,5383,2022,3361,5060,242,81,ITI,ITI1,9,Toscana,Toscana,3729641,103252,2.77,0.14
2717,2021-02-09,TOS,4490,1470,3020,3765,611,114,ITI,ITI1,9,Toscana,Toscana,3729641,107742,2.89,0.12
2718,2021-08-01,TOS,29922,15318,14604,13786,15651,485,ITI,ITI1,9,Toscana,Toscana,3729641,137664,3.69,0.8
2719,2021-06-05,TOS,28453,13608,14845,20559,7620,274,ITI,ITI1,9,Toscana,Toscana,3729641,166117,4.45,0.76
2720,2021-08-08,TOS,25032,12916,12116,14609,9924,499,ITI,ITI1,9,Toscana,Toscana,3729641,191149,5.13,0.67
2721,2021-01-11,TOS,5095,1691,3404,4996,0,99,ITI,ITI1,9,Toscana,Toscana,3729641,196244,5.26,0.14
2722,2021-04-21,TOS,29649,12688,16961,16851,12159,639,ITI,ITI1,9,Toscana,Toscana,3729641,225893,6.06,0.79
2723,2021-02-23,TOS,7723,3325,4398,7209,162,352,ITI,ITI1,9,Toscana,Toscana,3729641,233616,6.26,0.21
2724,2021-06-03,TOS,32066,15457,16609,27153,4589,324,ITI,ITI1,9,Toscana,Toscana,3729641,265682,7.12,0.86
2725,2021-04-07,TOS,35859,15485,20374,28159,7277,423,ITI,ITI1,9,Toscana,Toscana,3729641,301541,8.08,0.96
2726,2021-07-01,TOS,32077,15530,16547,10722,21074,281,ITI,ITI1,9,Toscana,Toscana,3729641,333618,8.95,0.86
2727,2021-03-26,TOS,20750,9432,11318,14709,5831,210,ITI,ITI1,9,Toscana,Toscana,3729641,354368,9.5,0.56
2728,2021-03-09,TOS,11144,4576,6568,5502,5563,79,ITI,ITI1,9,Toscana,Toscana,3729641,365512,9.8,0.3
2729,2021-04-09,TOS,24620,10585,14035,20717,3453,450,ITI,ITI1,9,Toscana,Toscana,3729641,390132,10.46,0.66
2730,2021-07-18,TOS,30386,15279,15107,8339,21837,210,ITI,ITI1,9,Toscana,Toscana,3729641,420518,11.28,0.81
2731,2021-06-17,TOS,32614,16709,15905,26708,5561,345,ITI,ITI1,9,Toscana,Toscana,3729641,453132,12.15,0.87
2732,2021-07-30,TOS,37910,20401,17509,10794,26761,355,ITI,ITI1,9,Toscana,Toscana,3729641,491042,13.17,1.02
2733,2021-07-13,TOS,29346,14736,14610,7718,21455,173,ITI,ITI1,9,Toscana,Toscana,3729641,520388,13.95,0.79
2734,2021-04-02,TOS,32034,13585,18449,23695,8084,255,ITI,ITI1,9,Toscana,Toscana,3729641,552422,14.81,0.86
2735,2021-06-22,TOS,31059,15629,15430,22463,8218,378,ITI,ITI1,9,Toscana,Toscana,3729641,583481,15.64,0.83
2736,2021-05-17,TOS,29781,14883,14898,20560,8942,279,ITI,ITI1,9,Toscana,Toscana,3729641,613262,16.44,0.8
2737,2021-03-21,TOS,3296,1629,1667,1819,1434,43,ITI,ITI1,9,Toscana,Toscana,3729641,616558,16.53,0.09
2738,2021-08-25,TOS,20288,10596,9692,10596,8968,724,ITI,ITI1,9,Toscana,Toscana,3729641,636846,17.08,0.54
2739,2021-01-23,TOS,3970,1360,2610,630,3334,6,ITI,ITI1,9,Toscana,Toscana,3729641,640816,17.18,0.11
2740,2021-06-29,TOS,37054,18042,19012,7991,28915,148,ITI,ITI1,9,Toscana,Toscana,3729641,677870,18.18,0.99
2741,2021-05-03,TOS,11944,5518,6426,10363,1333,248,ITI,ITI1,9,Toscana,Toscana,3729641,689814,18.5,0.32
2742,2021-02-16,TOS,9282,3340,5942,8331,721,230,ITI,ITI1,9,Toscana,Toscana,3729641,699096,18.74,0.25
2743,2021-05-02,TOS,11180,4936,6244,8977,1969,234,ITI,ITI1,9,Toscana,Toscana,3729641,710276,19.04,0.3
2744,2021-02-04,TOS,4255,1595,2660,933,3295,27,ITI,ITI1,9,Toscana,Toscana,3729641,714531,19.16,0.11
2745,2021-05-15,TOS,29371,13863,15508,22871,5904,596,ITI,ITI1,9,Toscana,Toscana,3729641,743902,19.95,0.79
2746,2021-04-28,TOS,19150,8193,10957,3447,15346,357,ITI,ITI1,9,Toscana,Toscana,3729641,763052,20.46,0.51
2747,2021-02-18,TOS,8825,3286,5539,7745,896,184,ITI,ITI1,9,Toscana,Toscana,3729641,771877,20.7,0.24
2748,2021-05-29,TOS,31581,15267,16314,23181,8172,228,ITI,ITI1,9,Toscana,Toscana,3729641,803458,21.54,0.85
2749,2021-08-06,TOS,32954,17669,15285,15343,17135,476,ITI,ITI1,9,Toscana,Toscana,3729641,836412,22.43,0.88
2750,2021-03-28,TOS,6212,2807,3405,5876,253,83,ITI,ITI1,9,Toscana,Toscana,3729641,842624,22.59,0.17
2751,2021-01-30,TOS,4624,1623,3001,175,4431,18,ITI,ITI1,9,Toscana,Toscana,3729641,847248,22.72,0.12
2752,2021-07-06,TOS,25797,13040,12757,11043,14529,225,ITI,ITI1,9,Toscana,Toscana,3729641,873045,23.41,0.69
2753,2021-05-10,TOS,26242,12417,13825,15247,10648,347,ITI,ITI1,9,Toscana,Toscana,3729641,899287,24.11,0.7
2754,2021-03-14,TOS,7177,2571,4606,3149,3935,93,ITI,ITI1,9,Toscana,Toscana,3729641,906464,24.3,0.19
2755,2021-08-18,TOS,25940,13816,12124,12842,12494,604,ITI,ITI1,9,Toscana,Toscana,3729641,932404,25.0,0.7
2756,2021-07-11,TOS,26193,12730,13463,9178,16842,173,ITI,ITI1,9,Toscana,Toscana,3729641,958597,25.7,0.7
2757,2021-06-24,TOS,29463,14628,14835,19318,9751,394,ITI,ITI1,9,Toscana,Toscana,3729641,988060,26.49,0.79
2758,2021-01-09,TOS,4487,1597,2890,4421,0,66,ITI,ITI1,9,Toscana,Toscana,3729641,992547,26.61,0.12
2759,2021-06-10,TOS,26455,13572,12883,25548,559,348,ITI,ITI1,9,Toscana,Toscana,3729641,1019002,27.32,0.71
2760,2021-05-24,TOS,33762,16726,17036,23896,9586,280,ITI,ITI1,9,Toscana,Toscana,3729641,1052764,28.23,0.91
2761,2021-06-12,TOS,29405,15158,14247,24659,4391,355,ITI,ITI1,9,Toscana,Toscana,3729641,1082169,29.02,0.79
2762,2021-04-16,TOS,28989,12894,16095,21433,6923,633,ITI,ITI1,9,Toscana,Toscana,3729641,1111158,29.79,0.78
2763,2021-07-25,TOS,33940,16787,17153,7067,26692,181,ITI,ITI1,9,Toscana,Toscana,3729641,1145098,30.7,0.91
2764,2021-03-02,TOS,10602,3799,6803,7041,3448,113,ITI,ITI1,9,Toscana,Toscana,3729641,1155700,30.99,0.28
2765,2021-01-04,TOS,5067,1896,3171,5002,0,65,ITI,ITI1,9,Toscana,Toscana,3729641,1160767,31.12,0.14
2766,2021-04-14,TOS,20213,8353,11860,14511,5155,547,ITI,ITI1,9,Toscana,Toscana,3729641,1180980,31.66,0.54
2767,2021-06-14,TOS,31831,16351,15480,27428,4109,294,ITI,ITI1,9,Toscana,Toscana,3729641,1212811,32.52,0.85
2768,2021-03-07,TOS,5649,2358,3291,1993,3545,111,ITI,ITI1,9,Toscana,Toscana,3729641,1218460,32.67,0.15
2769,2021-07-20,TOS,37344,19108,18236,7971,29181,192,ITI,ITI1,9,Toscana,Toscana,3729641,1255804,33.67,1.0
2770,2021-08-10,TOS,25914,13483,12431,16344,8925,645,ITI,ITI1,9,Toscana,Toscana,3729641,1281718,34.37,0.69
2771,2021-02-25,TOS,10632,4305,6327,9464,998,170,ITI,ITI1,9,Toscana,Toscana,3729641,1292350,34.65,0.29
2772,2021-06-28,TOS,37706,18144,19562,8438,29101,167,ITI,ITI1,9,Toscana,Toscana,3729641,1330056,35.66,1.01
2773,2021-01-20,TOS,1334,640,694,1023,248,63,ITI,ITI1,9,Toscana,Toscana,3729641,1331390,35.7,0.04
2774,2021-04-30,TOS,40250,17813,22437,19653,19951,646,ITI,ITI1,9,Toscana,Toscana,3729641,1371640,36.78,1.08
2775,2021-04-25,TOS,11067,5252,5815,8760,2146,161,ITI,ITI1,9,Toscana,Toscana,3729641,1382707,37.07,0.3
2776,2021-03-23,TOS,9453,4415,5038,6969,2285,199,ITI,ITI1,9,Toscana,Toscana,3729641,1392160,37.33,0.25
2777,2020-12-30,TOS,329,106,223,328,0,1,ITI,ITI1,9,Toscana,Toscana,3729641,1392489,37.34,0.01
2778,2021-08-24,TOS,21864,11461,10403,12717,8285,862,ITI,ITI1,9,Toscana,Toscana,3729641,1414353,37.92,0.59
2779,2021-08-05,TOS,34735,18014,16721,12122,22240,373,ITI,ITI1,9,Toscana,Toscana,3729641,1449088,38.85,0.93
2780,2021-08-27,TOS,16114,8586,7528,7615,7975,524,ITI,ITI1,9,Toscana,Toscana,3729641,1465202,39.29,0.43
2781,2021-01-28,TOS,6286,1883,4403,346,5933,7,ITI,ITI1,9,Toscana,Toscana,3729641,1471488,39.45,0.17
2782,2021-08-20,TOS,20206,11082,9124,9959,9752,495,ITI,ITI1,9,Toscana,Toscana,3729641,1491694,40.0,0.54
2783,2021-03-18,TOS,9988,3987,6001,5857,3994,137,ITI,ITI1,9,Toscana,Toscana,3729641,1501682,40.26,0.27
2784,2021-06-26,TOS,34576,16771,17805,9994,24352,230,ITI,ITI1,9,Toscana,Toscana,3729641,1536258,41.19,0.93
2785,2021-06-09,TOS,34851,17583,17268,33961,463,427,ITI,ITI1,9,Toscana,Toscana,3729641,1571109,42.12,0.93
2786,2021-04-04,TOS,13927,6612,7315,13507,255,165,ITI,ITI1,9,Toscana,Toscana,3729641,1585036,42.5,0.37
2787,2021-03-16,TOS,4905,1885,3020,2569,2255,81,ITI,ITI1,9,Toscana,Toscana,3729641,1589941,42.63,0.13
2788,2021-01-25,TOS,5132,1895,3237,240,4888,4,ITI,ITI1,9,Toscana,Toscana,3729641,1595073,42.77,0.14
2789,2021-04-18,TOS,8371,4096,4275,7062,1033,276,ITI,ITI1,9,Toscana,Toscana,3729641,1603444,42.99,0.22
2790,2021-07-27,TOS,38723,20135,18588,11269,27110,344,ITI,ITI1,9,Toscana,Toscana,3729641,1642167,44.03,1.04
2791,2021-07-10,TOS,29316,14187,15129,7957,21170,189,ITI,ITI1,9,Toscana,Toscana,3729641,1671483,44.82,0.79
2792,2021-08-22,TOS,18520,9964,8556,7303,10902,315,ITI,ITI1,9,Toscana,Toscana,3729641,1690003,45.31,0.5
2793,2021-02-20,TOS,4664,1797,2867,3993,537,134,ITI,ITI1,9,Toscana,Toscana,3729641,1694667,45.44,0.13
2794,2021-05-31,TOS,30357,14650,15707,19267,10848,242,ITI,ITI1,9,Toscana,Toscana,3729641,1725024,46.25,0.81
2795,2021-05-14,TOS,33398,15458,17940,20021,12734,643,ITI,ITI1,9,Toscana,Toscana,3729641,1758422,47.15,0.9
2796,2021-03-04,TOS,17869,6964,10905,14627,3085,157,ITI,ITI1,9,Toscana,Toscana,3729641,1776291,47.63,0.48
2797,2021-08-17,TOS,25984,14018,11966,11461,14028,495,ITI,ITI1,9,Toscana,Toscana,3729641,1802275,48.32,0.7
2798,2021-06-21,TOS,31208,15499,15709,18143,12801,264,ITI,ITI1,9,Toscana,Toscana,3729641,1833483,49.16,0.84
2799,2021-08-03,TOS,36345,18921,17424,12167,23800,378,ITI,ITI1,9,Toscana,Toscana,3729641,1869828,50.13,0.97
2800,2021-01-13,TOS,4063,1398,2665,3999,0,64,ITI,ITI1,9,Toscana,Toscana,3729641,1873891,50.24,0.11
2801,2021-04-23,TOS,25682,11433,14249,8801,16350,531,ITI,ITI1,9,Toscana,Toscana,3729641,1899573,50.93,0.69
2802,2021-02-27,TOS,1984,756,1228,1006,902,76,ITI,ITI1,9,Toscana,Toscana,3729641,1901557,50.98,0.05
2803,2021-06-07,TOS,34973,17160,17813,30976,3649,348,ITI,ITI1,9,Toscana,Toscana,3729641,1936530,51.92,0.94
2804,2021-05-21,TOS,28956,13500,15456,17227,11472,257,ITI,ITI1,9,Toscana,Toscana,3729641,1965486,52.7,0.78
2805,2021-08-29,TOS,16857,8899,7958,7466,8819,572,ITI,ITI1,9,Toscana,Toscana,3729641,1982343,53.15,0.45
2806,2021-05-07,TOS,32180,14717,17463,11351,20217,612,ITI,ITI1,9,Toscana,Toscana,3729641,2014523,54.01,0.86
2807,2021-08-15,TOS,14687,7760,6927,5269,9234,184,ITI,ITI1,9,Toscana,Toscana,3729641,2029210,54.41,0.39
2808,2021-07-29,TOS,39410,20528,18882,12612,26452,346,ITI,ITI1,9,Toscana,Toscana,3729641,2068620,55.46,1.06
2809,2021-02-13,TOS,7788,2362,5426,7413,227,148,ITI,ITI1,9,Toscana,Toscana,3729641,2076408,55.67,0.21
2810,2021-01-08,TOS,5948,1644,4304,5855,0,93,ITI,ITI1,9,Toscana,Toscana,3729641,2082356,55.83,0.16
2811,2021-05-12,TOS,34232,15590,18642,13584,20062,586,ITI,ITI1,9,Toscana,Toscana,3729641,2116588,56.75,0.92
2812,2021-01-18,TOS,1120,637,483,972,98,50,ITI,ITI1,9,Toscana,Toscana,3729641,2117708,56.78,0.03
2813,2021-02-01,TOS,5514,1959,3555,510,4994,10,ITI,ITI1,9,Toscana,Toscana,3729641,2123222,56.93,0.15
2814,2021-01-06,TOS,4519,1460,3059,4467,0,52,ITI,ITI1,9,Toscana,Toscana,3729641,2127741,57.05,0.12
2815,2021-03-11,TOS,15973,6389,9584,12417,3373,183,ITI,ITI1,9,Toscana,Toscana,3729641,2143714,57.48,0.43
2816,2021-06-19,TOS,26525,13931,12594,21395,4791,339,ITI,ITI1,9,Toscana,Toscana,3729641,2170239,58.19,0.71
2817,2021-01-01,TOS,2370,788,1582,2325,0,45,ITI,ITI1,9,Toscana,Toscana,3729641,2172609,58.25,0.06
2818,2021-04-11,TOS,3646,1681,1965,3334,156,156,ITI,ITI1,9,Toscana,Toscana,3729641,2176255,58.35,0.1
2819,2021-07-03,TOS,29428,14827,14601,11871,17172,385,ITI,ITI1,9,Toscana,Toscana,3729641,2205683,59.14,0.79
2820,2021-08-07,TOS,30463,16290,14173,14211,15765,487,ITI,ITI1,9,Toscana,Toscana,3729641,2236146,59.96,0.82
2821,2021-03-06,TOS,7114,2853,4261,2826,4203,85,ITI,ITI1,9,Toscana,Toscana,3729641,2243260,60.15,0.19
2822,2021-03-20,TOS,6590,2978,3612,5361,1138,91,ITI,ITI1,9,Toscana,Toscana,3729641,2249850,60.32,0.18
2823,2021-01-22,TOS,2866,1064,1802,524,2339,3,ITI,ITI1,9,Toscana,Toscana,3729641,2252716,60.4,0.08
2824,2021-07-07,TOS,25645,12608,13037,9334,16120,191,ITI,ITI1,9,Toscana,Toscana,3729641,2278361,61.09,0.69
2825,2021-03-27,TOS,8865,4155,4710,8511,216,138,ITI,ITI1,9,Toscana,Toscana,3729641,2287226,61.33,0.24
2826,2021-03-19,TOS,10172,4475,5697,7127,2897,148,ITI,ITI1,9,Toscana,Toscana,3729641,2297398,61.6,0.27
2827,2021-01-21,TOS,1589,686,903,858,722,9,ITI,ITI1,9,Toscana,Toscana,3729641,2298987,61.64,0.04
2828,2021-07-12,TOS,28283,14004,14279,9665,18314,304,ITI,ITI1,9,Toscana,Toscana,3729641,2327270,62.4,0.76
2829,2021-04-01,TOS,27156,11264,15892,16184,10731,241,ITI,ITI1,9,Toscana,Toscana,3729641,2354426,63.13,0.73
2830,2021-03-15,TOS,8712,3658,5054,4089,4448,175,ITI,ITI1,9,Toscana,Toscana,3729641,2363138,63.36,0.23
2831,2021-06-23,TOS,31578,15312,16266,19821,11395,362,ITI,ITI1,9,Toscana,Toscana,3729641,2394716,64.21,0.85
2832,2021-03-01,TOS,4474,1734,2740,765,3642,67,ITI,ITI1,9,Toscana,Toscana,3729641,2399190,64.33,0.12
2833,2021-02-05,TOS,5751,2245,3506,1888,3829,34,ITI,ITI1,9,Toscana,Toscana,3729641,2404941,64.48,0.15
2834,2021-05-16,TOS,26691,12895,13796,23925,2470,296,ITI,ITI1,9,Toscana,Toscana,3729641,2431632,65.2,0.72
2835,2021-05-11,TOS,27971,12996,14975,12102,15489,380,ITI,ITI1,9,Toscana,Toscana,3729641,2459603,65.95,0.75
2836,2021-08-19,TOS,24171,12823,11348,11902,11642,627,ITI,ITI1,9,Toscana,Toscana,3729641,2483774,66.6,0.65
2837,2021-08-21,TOS,17922,9926,7996,8090,9456,376,ITI,ITI1,9,Toscana,Toscana,3729641,2501696,67.08,0.48
2838,2021-02-03,TOS,4226,1452,2774,236,3986,4,ITI,ITI1,9,Toscana,Toscana,3729641,2505922,67.19,0.11
2839,2021-01-15,TOS,3879,1348,2531,3819,0,60,ITI,ITI1,9,Toscana,Toscana,3729641,2509801,67.29,0.1
2840,2021-04-27,TOS,10377,4927,5450,3667,6506,204,ITI,ITI1,9,Toscana,Toscana,3729641,2520178,67.57,0.28
2841,2021-07-19,TOS,38038,18959,19079,8811,28937,290,ITI,ITI1,9,Toscana,Toscana,3729641,2558216,68.59,1.02
2842,2021-06-30,TOS,38283,18522,19761,8462,29601,220,ITI,ITI1,9,Toscana,Toscana,3729641,2596499,69.62,1.03
2843,2021-02-14,TOS,9001,2570,6431,8738,110,153,ITI,ITI1,9,Toscana,Toscana,3729641,2605500,69.86,0.24
2844,2021-05-25,TOS,34210,16517,17693,19293,14644,273,ITI,ITI1,9,Toscana,Toscana,3729641,2639710,70.78,0.92
2845,2021-03-29,TOS,9699,4850,4849,9213,351,135,ITI,ITI1,9,Toscana,Toscana,3729641,2649409,71.04,0.26
2846,2021-06-02,TOS,27612,13632,13980,21866,5512,234,ITI,ITI1,9,Toscana,Toscana,3729641,2677021,71.78,0.74
2847,2021-04-06,TOS,22242,9837,12405,18078,3745,419,ITI,ITI1,9,Toscana,Toscana,3729641,2699263,72.37,0.6
2848,2021-02-08,TOS,4099,1361,2738,3529,459,111,ITI,ITI1,9,Toscana,Toscana,3729641,2703362,72.48,0.11
2849,2021-07-15,TOS,31256,15295,15961,8089,22922,245,ITI,ITI1,9,Toscana,Toscana,3729641,2734618,73.32,0.84
2850,2021-05-19,TOS,27975,13587,14388,18645,9063,267,ITI,ITI1,9,Toscana,Toscana,3729641,2762593,74.07,0.75
2851,2021-04-13,TOS,8495,3508,4987,5736,2476,283,ITI,ITI1,9,Toscana,Toscana,3729641,2771088,74.3,0.23
2852,2021-03-13,TOS,9292,3311,5981,5170,3968,154,ITI,ITI1,9,Toscana,Toscana,3729641,2780380,74.55,0.25
2853,2021-07-14,TOS,28960,14295,14665,8610,20093,257,ITI,ITI1,9,Toscana,Toscana,3729641,2809340,75.32,0.78
2854,2021-01-29,TOS,6150,1702,4448,290,5848,12,ITI,ITI1,9,Toscana,Toscana,3729641,2815490,75.49,0.16
2855,2021-05-09,TOS,22553,9783,12770,9412,12879,262,ITI,ITI1,9,Toscana,Toscana,3729641,2838043,76.09,0.6
2856,2021-08-26,TOS,18562,9729,8833,9489,8355,718,ITI,ITI1,9,Toscana,Toscana,3729641,2856605,76.59,0.5
2857,2021-01-10,TOS,3002,1105,1897,2947,0,55,ITI,ITI1,9,Toscana,Toscana,3729641,2859607,76.67,0.08
2858,2021-04-20,TOS,18161,8109,10052,12208,5589,364,ITI,ITI1,9,Toscana,Toscana,3729641,2877768,77.16,0.49
2859,2021-04-03,TOS,15017,6646,8371,13675,1126,216,ITI,ITI1,9,Toscana,Toscana,3729641,2892785,77.56,0.4
2860,2021-01-27,TOS,4837,1575,3262,200,4632,5,ITI,ITI1,9,Toscana,Toscana,3729641,2897622,77.69,0.13
2861,2021-08-30,TOS,24714,12485,12229,13092,10500,1122,ITI,ITI1,9,Toscana,Toscana,3729641,2922336,78.35,0.66
2862,2021-03-17,TOS,11431,4593,6838,6801,4537,93,ITI,ITI1,9,Toscana,Toscana,3729641,2933767,78.66,0.31
2863,2021-05-23,TOS,28437,13672,14765,25607,2561,269,ITI,ITI1,9,Toscana,Toscana,3729641,2962204,79.42,0.76
2864,2021-08-31,TOS,20513,10659,9854,11149,8627,737,ITI,ITI1,9,Toscana,Toscana,3729641,2982717,79.97,0.55
2865,2021-08-14,TOS,22370,12208,10162,10451,11504,415,ITI,ITI1,9,Toscana,Toscana,3729641,3005087,80.57,0.6
2866,2021-08-12,TOS,25835,13439,12396,14301,10890,644,ITI,ITI1,9,Toscana,Toscana,3729641,3030922,81.27,0.69
2867,2021-07-26,TOS,38296,19866,18430,10083,27903,310,ITI,ITI1,9,Toscana,Toscana,3729641,3069218,82.29,1.03
2868,2021-02-10,TOS,4268,1285,2983,3587,525,156,ITI,ITI1,9,Toscana,Toscana,3729641,3073486,82.41,0.11
2869,2021-05-04,TOS,18328,8219,10109,12415,5467,446,ITI,ITI1,9,Toscana,Toscana,3729641,3091814,82.9,0.49
2870,2021-01-17,TOS,2536,871,1665,1987,514,35,ITI,ITI1,9,Toscana,Toscana,3729641,3094350,82.97,0.07
2871,2021-07-05,TOS,30530,15093,15437,10343,19956,231,ITI,ITI1,9,Toscana,Toscana,3729641,3124880,83.79,0.82
2872,2021-03-08,TOS,6713,2950,3763,1841,4825,47,ITI,ITI1,9,Toscana,Toscana,3729641,3131593,83.96,0.18
2873,2021-06-16,TOS,31799,16279,15520,26287,5190,322,ITI,ITI1,9,Toscana,Toscana,3729641,3163392,84.82,0.85
2874,2021-05-30,TOS,28705,13958,14747,21510,6953,242,ITI,ITI1,9,Toscana,Toscana,3729641,3192097,85.59,0.77
2875,2021-06-18,TOS,30826,16267,14559,25007,5406,413,ITI,ITI1,9,Toscana,Toscana,3729641,3222923,86.41,0.83
2876,2021-03-25,TOS,23983,10413,13570,15313,8408,262,ITI,ITI1,9,Toscana,Toscana,3729641,3246906,87.06,0.64
2877,2021-04-12,TOS,2624,1193,1431,1799,656,169,ITI,ITI1,9,Toscana,Toscana,3729641,3249530,87.13,0.07
2878,2021-07-21,TOS,38512,19655,18857,7348,30930,234,ITI,ITI1,9,Toscana,Toscana,3729641,3288042,88.16,1.03
2879,2021-05-13,TOS,35197,15547,19650,13204,21352,641,ITI,ITI1,9,Toscana,Toscana,3729641,3323239,89.1,0.94
2880,2021-07-16,TOS,27683,14048,13635,7704,19725,254,ITI,ITI1,9,Toscana,Toscana,3729641,3350922,89.85,0.74
2881,2021-05-20,TOS,29781,13925,15856,18641,10856,284,ITI,ITI1,9,Toscana,Toscana,3729641,3380703,90.64,0.8
2882,2021-08-28,TOS,15773,8498,7275,6379,8941,453,ITI,ITI1,9,Toscana,Toscana,3729641,3396476,91.07,0.42
2883,2021-01-31,TOS,3052,1131,1921,100,2949,3,ITI,ITI1,9,Toscana,Toscana,3729641,3399528,91.15,0.08
2884,2021-04-05,TOS,15289,6826,8463,14370,739,180,ITI,ITI1,9,Toscana,Toscana,3729641,3414817,91.56,0.41
2885,2021-02-07,TOS,2810,955,1855,864,1926,20,ITI,ITI1,9,Toscana,Toscana,3729641,3417627,91.63,0.08
2886,2021-06-25,TOS,33651,16830,16821,12111,21258,282,ITI,ITI1,9,Toscana,Toscana,3729641,3451278,92.54,0.9
2887,2021-06-08,TOS,32610,16728,15882,31736,491,383,ITI,ITI1,9,Toscana,Toscana,3729641,3483888,93.41,0.87
2888,2021-02-26,TOS,10092,3841,6251,8662,1211,219,ITI,ITI1,9,Toscana,Toscana,3729641,3493980,93.68,0.27
2889,2021-06-06,TOS,28327,13664,14663,22591,5370,366,ITI,ITI1,9,Toscana,Toscana,3729641,3522307,94.44,0.76
2890,2021-07-22,TOS,39388,19796,19592,4481,34740,167,ITI,ITI1,9,Toscana,Toscana,3729641,3561695,95.5,1.06
2891,2021-05-26,TOS,35623,17116,18507,20148,15219,256,ITI,ITI1,9,Toscana,Toscana,3729641,3597318,96.45,0.96
2892,2021-03-30,TOS,17039,7647,9392,13267,3574,198,ITI,ITI1,9,Toscana,Toscana,3729641,3614357,96.91,0.46
2893,2021-07-08,TOS,21095,10370,10725,9267,11587,241,ITI,ITI1,9,Toscana,Toscana,3729641,3635452,97.47,0.57
2894,2020-12-27,TOS,620,267,353,615,0,5,ITI,ITI1,9,Toscana,Toscana,3729641,3636072,97.49,0.02
2895,2021-02-12,TOS,7619,2694,4925,7293,213,113,ITI,ITI1,9,Toscana,Toscana,3729641,3643691,97.7,0.2
2896,2021-07-28,TOS,38566,20161,18405,12107,26120,339,ITI,ITI1,9,Toscana,Toscana,3729641,3682257,98.73,1.03
2897,2021-08-04,TOS,34799,18006,16793,11319,23065,415,ITI,ITI1,9,Toscana,Toscana,3729641,3717056,99.66,0.93
2898,2021-04-29,TOS,39382,17742,21640,18561,20157,664,ITI,ITI1,9,Toscana,Toscana,3729641,3756438,100.72,1.06
2899,2021-03-24,TOS,20047,8318,11729,10415,9487,145,ITI,ITI1,9,Toscana,Toscana,3729641,3776485,101.26,0.54
2900,2021-02-21,TOS,5104,2088,3016,4730,170,204,ITI,ITI1,9,Toscana,Toscana,3729641,3781589,101.39,0.14
2901,2021-06-01,TOS,26960,13397,13563,22871,3837,252,ITI,ITI1,9,Toscana,Toscana,3729641,3808549,102.12,0.72
2902,2021-05-27,TOS,28381,13211,15170,13280,14879,222,ITI,ITI1,9,Toscana,Toscana,3729641,3836930,102.88,0.76
2903,2021-03-31,TOS,32786,13286,19500,20198,12246,342,ITI,ITI1,9,Toscana,Toscana,3729641,3869716,103.76,0.88
2904,2021-07-09,TOS,29138,14115,15023,7693,21250,195,ITI,ITI1,9,Toscana,Toscana,3729641,3898854,104.54,0.78
2905,2021-03-22,TOS,5261,2771,2490,4676,447,138,ITI,ITI1,9,Toscana,Toscana,3729641,3904115,104.68,0.14
2906,2021-07-23,TOS,38453,19303,19150,4388,33908,157,ITI,ITI1,9,Toscana,Toscana,3729641,3942568,105.71,1.03
2907,2021-05-18,TOS,28846,14279,14567,19762,8830,254,ITI,ITI1,9,Toscana,Toscana,3729641,3971414,106.48,0.77
2908,2021-08-02,TOS,35300,18085,17215,13357,21551,392,ITI,ITI1,9,Toscana,Toscana,3729641,4006714,107.43,0.95
2909,2021-01-03,TOS,3338,1053,2285,3292,0,46,ITI,ITI1,9,Toscana,Toscana,3729641,4010052,107.52,0.09
2910,2021-02-15,TOS,8771,3377,5394,7772,826,173,ITI,ITI1,9,Toscana,Toscana,3729641,4018823,107.75,0.24
2911,2021-07-02,TOS,28312,14209,14103,10814,17200,298,ITI,ITI1,9,Toscana,Toscana,3729641,4047135,108.51,0.76
2912,2021-06-15,TOS,31233,16076,15157,26311,4574,348,ITI,ITI1,9,Toscana,Toscana,3729641,4078368,109.35,0.84
2913,2021-03-10,TOS,18373,7408,10965,14268,3998,107,ITI,ITI1,9,Toscana,Toscana,3729641,4096741,109.84,0.49
2914,2021-02-02,TOS,3744,1476,2268,187,3550,7,ITI,ITI1,9,Toscana,Toscana,3729641,4100485,109.94,0.1
2915,2021-07-04,TOS,31547,15320,16227,9364,21885,298,ITI,ITI1,9,Toscana,Toscana,3729641,4132032,110.79,0.85
2916,2020-12-31,TOS,802,201,601,798,0,4,ITI,ITI1,9,Toscana,Toscana,3729641,4132834,110.81,0.02
2917,2021-04-10,TOS,11753,5368,6385,10772,743,238,ITI,ITI1,9,Toscana,Toscana,3729641,4144587,111.13,0.32
2918,2021-01-26,TOS,5399,1794,3605,209,5186,4,ITI,ITI1,9,Toscana,Toscana,3729641,4149986,111.27,0.14
2919,2021-05-06,TOS,31437,13675,17762,13457,17286,694,ITI,ITI1,9,Toscana,Toscana,3729641,4181423,112.11,0.84
2920,2021-04-19,TOS,9105,4516,4589,7754,1034,317,ITI,ITI1,9,Toscana,Toscana,3729641,4190528,112.36,0.24
2921,2021-04-17,TOS,20580,9230,11350,17947,2143,490,ITI,ITI1,9,Toscana,Toscana,3729641,4211108,112.91,0.55
2922,2021-01-24,TOS,3349,1072,2277,196,3150,3,ITI,ITI1,9,Toscana,Toscana,3729641,4214457,113.0,0.09
2923,2021-01-07,TOS,6018,1751,4267,5932,0,86,ITI,ITI1,9,Toscana,Toscana,3729641,4220475,113.16,0.16
2924,2021-02-22,TOS,9821,4255,5566,9166,278,377,ITI,ITI1,9,Toscana,Toscana,3729641,4230296,113.42,0.26
2925,2021-05-08,TOS,29187,13131,16056,13263,15523,401,ITI,ITI1,9,Toscana,Toscana,3729641,4259483,114.21,0.78
2926,2021-03-12,TOS,16994,6627,10367,13270,3531,193,ITI,ITI1,9,Toscana,Toscana,3729641,4276477,114.66,0.46
2927,2021-08-16,TOS,29984,15743,14241,16589,12693,702,ITI,ITI1,9,Toscana,Toscana,3729641,4306461,115.47,0.8
2928,2021-01-14,TOS,3255,1179,2076,3219,0,36,ITI,ITI1,9,Toscana,Toscana,3729641,4309716,115.55,0.09
2929,2021-06-20,TOS,25189,12490,12699,15425,9522,242,ITI,ITI1,9,Toscana,Toscana,3729641,4334905,116.23,0.68
2930,2021-04-24,TOS,13449,6174,7275,5620,7460,369,ITI,ITI1,9,Toscana,Toscana,3729641,4348354,116.59,0.36
2931,2021-08-23,TOS,22732,11806,10926,11471,10532,729,ITI,ITI1,9,Toscana,Toscana,3729641,4371086,117.2,0.61
2932,2021-02-19,TOS,8293,2952,5341,7600,513,180,ITI,ITI1,9,Toscana,Toscana,3729641,4379379,117.42,0.22
2933,2021-06-27,TOS,33308,16079,17229,5916,27259,133,ITI,ITI1,9,Toscana,Toscana,3729641,4412687,118.31,0.89
2934,2021-05-01,TOS,23342,10072,13270,13729,9228,385,ITI,ITI1,9,Toscana,Toscana,3729641,4436029,118.94,0.63
2935,2021-03-05,TOS,16884,6691,10193,11943,4760,181,ITI,ITI1,9,Toscana,Toscana,3729641,4452913,119.39,0.45
2936,2021-08-09,TOS,28957,14706,14251,18494,9755,708,ITI,ITI1,9,Toscana,Toscana,3729641,4481870,120.17,0.78
2937,2021-06-13,TOS,24621,12354,12267,22601,1659,361,ITI,ITI1,9,Toscana,Toscana,3729641,4506491,120.83,0.66
2938,2021-02-06,TOS,4529,1551,2978,1261,3236,32,ITI,ITI1,9,Toscana,Toscana,3729641,4511020,120.95,0.12
2939,2021-07-17,TOS,27758,14343,13415,8966,18551,241,ITI,ITI1,9,Toscana,Toscana,3729641,4538778,121.69,0.74
2940,2021-06-11,TOS,29759,15499,14260,24732,4661,366,ITI,ITI1,9,Toscana,Toscana,3729641,4568537,122.49,0.8
2941,2021-04-15,TOS,24494,10238,14256,15343,8620,531,ITI,ITI1,9,Toscana,Toscana,3729641,4593031,123.15,0.66
2942,2021-02-17,TOS,8178,3171,5007,7300,754,124,ITI,ITI1,9,Toscana,Toscana,3729641,4601209,123.37,0.22
2943,2021-07-24,TOS,38450,19373,19077,6850,31369,231,ITI,ITI1,9,Toscana,Toscana,3729641,4639659,124.4,1.03
2944,2021-05-28,TOS,30150,13957,16193,17429,12491,230,ITI,ITI1,9,Toscana,Toscana,3729641,4669809,125.21,0.81
2945,2021-04-22,TOS,35785,15316,20469,17402,17555,828,ITI,ITI1,9,Toscana,Toscana,3729641,4705594,126.17,0.96
2946,2021-02-24,TOS,10374,4467,5907,10036,198,140,ITI,ITI1,9,Toscana,Toscana,3729641,4715968,126.45,0.28
2947,2021-07-31,TOS,35839,19212,16627,12373,23017,449,ITI,ITI1,9,Toscana,Toscana,3729641,4751807,127.41,0.96
2948,2021-06-04,TOS,28340,13450,14890,20265,7807,268,ITI,ITI1,9,Toscana,Toscana,3729641,4780147,128.17,0.76
2949,2021-04-08,TOS,29766,12596,17170,22944,6453,369,ITI,ITI1,9,Toscana,Toscana,3729641,4809913,128.96,0.8
2950,2021-03-03,TOS,18233,6540,11693,14496,3609,128,ITI,ITI1,9,Toscana,Toscana,3729641,4828146,129.45,0.49
2951,2021-01-05,TOS,5249,1755,3494,5193,0,56,ITI,ITI1,9,Toscana,Toscana,3729641,4833395,129.59,0.14
2952,2021-01-19,TOS,1105,532,573,1063,0,42,ITI,ITI1,9,Toscana,Toscana,3729641,4834500,129.62,0.03
2953,2021-08-11,TOS,27031,14173,12858,16891,9407,733,ITI,ITI1,9,Toscana,Toscana,3729641,4861531,130.35,0.72
2954,2021-01-12,TOS,3583,1398,2185,3510,0,73,ITI,ITI1,9,Toscana,Toscana,3729641,4865114,130.44,0.1
2955,2021-04-16,EMR,29241,13765,15476,20015,8841,385,ITH,ITH5,8,Emilia-Romagna,Emilia-Romagna,4459477,29241,0.66,0.66
2956,2021-01-06,EMR,8286,2954,5332,8285,0,1,ITH,ITH5,8,Emilia-Romagna,Emilia-Romagna,4459477,37527,0.84,0.19
2957,2021-08-08,EMR,21604,11707,9897,10572,10493,539,ITH,ITH5,8,Emilia-Romagna,Emilia-Romagna,4459477,59131,1.33,0.48
2958,2021-04-30,EMR,36655,16807,19848,21237,14809,609,ITH,ITH5,8,Emilia-Romagna,Emilia-Romagna,4459477,95786,2.15,0.82
2959,2021-03-28,EMR,13550,6059,7491,9544,3885,121,ITH,ITH5,8,Emilia-Romagna,Emilia-Romagna,4459477,109336,2.45,0.3
2960,2021-01-30,EMR,10094,3528,6566,137,9956,1,ITH,ITH5,8,Emilia-Romagna,Emilia-Romagna,4459477,119430,2.68,0.23
2961,2021-07-20,EMR,43124,22544,20580,6677,35771,676,ITH,ITH5,8,Emilia-Romagna,Emilia-Romagna,4459477,162554,3.65,0.97
2962,2021-04-11,EMR,15285,6940,8345,11982,3049,254,ITH,ITH5,8,Emilia-Romagna,Emilia-Romagna,4459477,177839,3.99,0.34
2963,2021-02-11,EMR,4256,1414,2842,3396,843,17,ITH,ITH5,8,Emilia-Romagna,Emilia-Romagna,4459477,182095,4.08,0.1
2964,2021-02-18,EMR,7044,2892,4152,6440,588,16,ITH,ITH5,8,Emilia-Romagna,Emilia-Romagna,4459477,189139,4.24,0.16
2965,2021-06-07,EMR,40569,20824,19745,33475,6263,831,ITH,ITH5,8,Emilia-Romagna,Emilia-Romagna,4459477,229708,5.15,0.91
2966,2021-08-03,EMR,38492,20259,18233,15560,22287,645,ITH,ITH5,8,Emilia-Romagna,Emilia-Romagna,4459477,268200,6.01,0.86
2967,2021-06-21,EMR,37594,19006,18588,16094,20893,607,ITH,ITH5,8,Emilia-Romagna,Emilia-Romagna,4459477,305794,6.86,0.84
2968,2021-07-08,EMR,41349,20599,20750,4737,36201,411,ITH,ITH5,8,Emilia-Romagna,Emilia-Romagna,4459477,347143,7.78,0.93
2969,2021-03-30,EMR,23350,10340,13010,17993,5042,315,ITH,ITH5,8,Emilia-Romagna,Emilia-Romagna,4459477,370493,8.31,0.52
2970,2021-07-22,EMR,40368,21549,18819,15290,24188,890,ITH,ITH5,8,Emilia-Romagna,Emilia-Romagna,4459477,410861,9.21,0.91
2971,2021-01-04,EMR,7307,2526,4781,7304,0,3,ITH,ITH5,8,Emilia-Romagna,Emilia-Romagna,4459477,418168,9.38,0.16
2972,2021-08-17,EMR,22348,12281,10067,14477,6855,1016,ITH,ITH5,8,Emilia-Romagna,Emilia-Romagna,4459477,440516,9.88,0.5
2973,2021-05-26,EMR,33345,14756,18589,9929,23031,385,ITH,ITH5,8,Emilia-Romagna,Emilia-Romagna,4459477,473861,10.63,0.75
2974,2021-06-12,EMR,41388,21885,19503,35490,4919,979,ITH,ITH5,8,Emilia-Romagna,Emilia-Romagna,4459477,515249,11.55,0.93
2975,2021-03-04,EMR,16459,5351,11108,13345,3025,89,ITH,ITH5,8,Emilia-Romagna,Emilia-Romagna,4459477,531708,11.92,0.37
2976,2021-05-24,EMR,30010,13739,16271,17968,11528,514,ITH,ITH5,8,Emilia-Romagna,Emilia-Romagna,4459477,561718,12.6,0.67
2977,2021-02-13,EMR,3629,1085,2544,3016,599,14,ITH,ITH5,8,Emilia-Romagna,Emilia-Romagna,4459477,565347,12.68,0.08
2978,2021-01-23,EMR,2448,871,1577,439,2009,0,ITH,ITH5,8,Emilia-Romagna,Emilia-Romagna,4459477,567795,12.73,0.05
2979,2021-05-07,EMR,35335,16985,18350,22700,11892,743,ITH,ITH5,8,Emilia-Romagna,Emilia-Romagna,4459477,603130,13.52,0.79
2980,2021-07-03,EMR,32122,15935,16187,11438,20019,665,ITH,ITH5,8,Emilia-Romagna,Emilia-Romagna,4459477,635252,14.24,0.72
2981,2021-08-29,EMR,20508,11338,9170,8419,11242,847,ITH,ITH5,8,Emilia-Romagna,Emilia-Romagna,4459477,655760,14.7,0.46
2982,2021-07-29,EMR,40769,21518,19251,14515,25544,710,ITH,ITH5,8,Emilia-Romagna,Emilia-Romagna,4459477,696529,15.62,0.91
2983,2021-07-27,EMR,41120,21847,19273,17020,23320,780,ITH,ITH5,8,Emilia-Romagna,Emilia-Romagna,4459477,737649,16.54,0.92
2984,2021-04-18,EMR,17526,8406,9120,12364,4933,229,ITH,ITH5,8,Emilia-Romagna,Emilia-Romagna,4459477,755175,16.93,0.39
2985,2021-06-14,EMR,41342,21373,19969,27480,13087,775,ITH,ITH5,8,Emilia-Romagna,Emilia-Romagna,4459477,796517,17.86,0.93
2986,2021-08-27,EMR,27830,14974,12856,6921,20179,730,ITH,ITH5,8,Emilia-Romagna,Emilia-Romagna,4459477,824347,18.49,0.62
2987,2021-05-19,EMR,33838,14996,18842,18042,15266,530,ITH,ITH5,8,Emilia-Romagna,Emilia-Romagna,4459477,858185,19.24,0.76
2988,2021-06-02,EMR,24120,12070,12050,18701,4978,441,ITH,ITH5,8,Emilia-Romagna,Emilia-Romagna,4459477,882305,19.78,0.54
2989,2021-08-15,EMR,6644,3686,2958,3277,3199,168,ITH,ITH5,8,Emilia-Romagna,Emilia-Romagna,4459477,888949,19.93,0.15
2990,2021-06-26,EMR,37477,18992,18485,21029,15536,912,ITH,ITH5,8,Emilia-Romagna,Emilia-Romagna,4459477,926426,20.77,0.84
2991,2021-08-22,EMR,16396,8999,7397,6674,9097,625,ITH,ITH5,8,Emilia-Romagna,Emilia-Romagna,4459477,942822,21.14,0.37
2992,2021-07-10,EMR,42098,21435,20663,6807,34644,647,ITH,ITH5,8,Emilia-Romagna,Emilia-Romagna,4459477,984920,22.09,0.94
2993,2021-05-09,EMR,25643,12269,13374,18280,6972,391,ITH,ITH5,8,Emilia-Romagna,Emilia-Romagna,4459477,1010563,22.66,0.58
2994,2021-01-29,EMR,10424,3498,6926,290,10134,0,ITH,ITH5,8,Emilia-Romagna,Emilia-Romagna,4459477,1020987,22.89,0.23
2995,2021-07-15,EMR,50384,26243,24141,7913,41778,693,ITH,ITH5,8,Emilia-Romagna,Emilia-Romagna,4459477,1071371,24.02,1.13
2996,2021-04-23,EMR,29579,13816,15763,14307,14893,379,ITH,ITH5,8,Emilia-Romagna,Emilia-Romagna,4459477,1100950,24.69,0.66
2997,2021-01-13,EMR,9078,2943,6135,9073,0,5,ITH,ITH5,8,Emilia-Romagna,Emilia-Romagna,4459477,1110028,24.89,0.2
2998,2021-04-04,EMR,9882,4719,5163,7528,2271,83,ITH,ITH5,8,Emilia-Romagna,Emilia-Romagna,4459477,1119910,25.11,0.22
2999,2021-01-11,EMR,9350,3278,6072,9341,0,9,ITH,ITH5,8,Emilia-Romagna,Emilia-Romagna,4459477,1129260,25.32,0.21
3000,2021-05-31,EMR,29811,13775,16036,17729,11530,552,ITH,ITH5,8,Emilia-Romagna,Emilia-Romagna,4459477,1159071,25.99,0.67
3001,2021-02-20,EMR,5318,2094,3224,5048,263,7,ITH,ITH5,8,Emilia-Romagna,Emilia-Romagna,4459477,1164389,26.11,0.12
3002,2021-01-15,EMR,7754,2406,5348,7746,0,8,ITH,ITH5,8,Emilia-Romagna,Emilia-Romagna,4459477,1172143,26.28,0.17
3003,2021-02-25,EMR,9249,3498,5751,8271,955,23,ITH,ITH5,8,Emilia-Romagna,Emilia-Romagna,4459477,1181392,26.49,0.21
3004,2021-06-19,EMR,36690,18364,18326,16758,19401,531,ITH,ITH5,8,Emilia-Romagna,Emilia-Romagna,4459477,1218082,27.31,0.82
3005,2021-03-11,EMR,17497,7330,10167,11457,5854,186,ITH,ITH5,8,Emilia-Romagna,Emilia-Romagna,4459477,1235579,27.71,0.39
3006,2021-02-06,EMR,7601,2407,5194,2108,5489,4,ITH,ITH5,8,Emilia-Romagna,Emilia-Romagna,4459477,1243180,27.88,0.17
3007,2021-01-10,EMR,7172,2685,4487,7171,0,1,ITH,ITH5,8,Emilia-Romagna,Emilia-Romagna,4459477,1250352,28.04,0.16
3008,2021-06-16,EMR,45957,23537,22420,25259,19960,738,ITH,ITH5,8,Emilia-Romagna,Emilia-Romagna,4459477,1296309,29.07,1.03
3009,2021-03-08,EMR,12219,5100,7119,9470,2664,85,ITH,ITH5,8,Emilia-Romagna,Emilia-Romagna,4459477,1308528,29.34,0.27
3010,2021-08-10,EMR,31305,16745,14560,15377,14908,1020,ITH,ITH5,8,Emilia-Romagna,Emilia-Romagna,4459477,1339833,30.04,0.7
3011,2021-03-13,EMR,16147,6365,9782,10594,5314,239,ITH,ITH5,8,Emilia-Romagna,Emilia-Romagna,4459477,1355980,30.41,0.36
3012,2021-07-05,EMR,33234,16205,17029,11228,21376,630,ITH,ITH5,8,Emilia-Romagna,Emilia-Romagna,4459477,1389214,31.15,0.75
3013,2021-03-27,EMR,21681,9072,12609,14523,6911,247,ITH,ITH5,8,Emilia-Romagna,Emilia-Romagna,4459477,1410895,31.64,0.49
3014,2021-04-13,EMR,23725,11131,12594,19034,4344,347,ITH,ITH5,8,Emilia-Romagna,Emilia-Romagna,4459477,1434620,32.17,0.53
3015,2021-01-03,EMR,2764,945,1819,2764,0,0,ITH,ITH5,8,Emilia-Romagna,Emilia-Romagna,4459477,1437384,32.23,0.06
3016,2021-05-12,EMR,38961,18311,20650,28470,9698,793,ITH,ITH5,8,Emilia-Romagna,Emilia-Romagna,4459477,1476345,33.11,0.87
3017,2021-02-01,EMR,10329,3618,6711,355,9972,2,ITH,ITH5,8,Emilia-Romagna,Emilia-Romagna,4459477,1486674,33.34,0.23
3018,2021-01-18,EMR,3131,881,2250,2448,680,3,ITH,ITH5,8,Emilia-Romagna,Emilia-Romagna,4459477,1489805,33.41,0.07
3019,2021-03-16,EMR,12252,5028,7224,4875,7312,65,ITH,ITH5,8,Emilia-Romagna,Emilia-Romagna,4459477,1502057,33.68,0.27
3020,2021-01-25,EMR,6464,2148,4316,206,6257,1,ITH,ITH5,8,Emilia-Romagna,Emilia-Romagna,4459477,1508521,33.83,0.14
3021,2021-07-01,EMR,34536,16880,17656,14831,18847,858,ITH,ITH5,8,Emilia-Romagna,Emilia-Romagna,4459477,1543057,34.6,0.77
3022,2021-03-23,EMR,18801,8147,10654,11947,6689,165,ITH,ITH5,8,Emilia-Romagna,Emilia-Romagna,4459477,1561858,35.02,0.42
3023,2021-02-15,EMR,2903,850,2053,2710,125,68,ITH,ITH5,8,Emilia-Romagna,Emilia-Romagna,4459477,1564761,35.09,0.07
3024,2021-01-27,EMR,8371,2951,5420,461,7910,0,ITH,ITH5,8,Emilia-Romagna,Emilia-Romagna,4459477,1573132,35.28,0.19
3025,2021-07-31,EMR,36200,19222,16978,12139,23367,694,ITH,ITH5,8,Emilia-Romagna,Emilia-Romagna,4459477,1609332,36.09,0.81
3026,2021-06-30,EMR,34257,17288,16969,17709,15664,884,ITH,ITH5,8,Emilia-Romagna,Emilia-Romagna,4459477,1643589,36.86,0.77
3027,2021-07-17,EMR,43659,23050,20609,7181,35743,735,ITH,ITH5,8,Emilia-Romagna,Emilia-Romagna,4459477,1687248,37.84,0.98
3028,2021-06-11,EMR,45981,23866,22115,38347,6554,1080,ITH,ITH5,8,Emilia-Romagna,Emilia-Romagna,4459477,1733229,38.87,1.03
3029,2021-06-28,EMR,40072,19664,20408,19655,19578,839,ITH,ITH5,8,Emilia-Romagna,Emilia-Romagna,4459477,1773301,39.76,0.9
3030,2021-03-20,EMR,16090,6829,9261,8956,6965,169,ITH,ITH5,8,Emilia-Romagna,Emilia-Romagna,4459477,1789391,40.13,0.36
3031,2021-08-26,EMR,27569,14713,12856,9359,17279,931,ITH,ITH5,8,Emilia-Romagna,Emilia-Romagna,4459477,1816960,40.74,0.62
3032,2021-06-04,EMR,45758,23027,22731,36849,8200,709,ITH,ITH5,8,Emilia-Romagna,Emilia-Romagna,4459477,1862718,41.77,1.03
3033,2021-06-09,EMR,43152,21918,21234,35718,6427,1007,ITH,ITH5,8,Emilia-Romagna,Emilia-Romagna,4459477,1905870,42.74,0.97
3034,2021-03-01,EMR,10103,3584,6519,7816,2262,25,ITH,ITH5,8,Emilia-Romagna,Emilia-Romagna,4459477,1915973,42.96,0.23
3035,2021-08-05,EMR,36743,19443,17300,18363,17406,974,ITH,ITH5,8,Emilia-Romagna,Emilia-Romagna,4459477,1952716,43.79,0.82
3036,2021-08-12,EMR,27680,15036,12644,19250,6875,1555,ITH,ITH5,8,Emilia-Romagna,Emilia-Romagna,4459477,1980396,44.41,0.62
3037,2021-05-04,EMR,29310,13727,15583,15166,13669,475,ITH,ITH5,8,Emilia-Romagna,Emilia-Romagna,4459477,2009706,45.07,0.66
3038,2021-02-27,EMR,10970,3999,6971,9195,1742,33,ITH,ITH5,8,Emilia-Romagna,Emilia-Romagna,4459477,2020676,45.31,0.25
3039,2021-04-25,EMR,22358,10243,12115,14401,7515,442,ITH,ITH5,8,Emilia-Romagna,Emilia-Romagna,4459477,2043034,45.81,0.5
3040,2021-08-07,EMR,30944,17018,13926,17676,12205,1063,ITH,ITH5,8,Emilia-Romagna,Emilia-Romagna,4459477,2073978,46.51,0.69
3041,2021-04-20,EMR,22653,10418,12235,13886,8367,400,ITH,ITH5,8,Emilia-Romagna,Emilia-Romagna,4459477,2096631,47.02,0.51
3042,2021-06-23,EMR,38075,19095,18980,18490,18882,703,ITH,ITH5,8,Emilia-Romagna,Emilia-Romagna,4459477,2134706,47.87,0.85
3043,2021-01-08,EMR,10873,3584,7289,10870,0,3,ITH,ITH5,8,Emilia-Romagna,Emilia-Romagna,4459477,2145579,48.11,0.24
3044,2021-03-06,EMR,21034,5970,15064,18167,2743,124,ITH,ITH5,8,Emilia-Romagna,Emilia-Romagna,4459477,2166613,48.58,0.47
3045,2021-08-19,EMR,21515,11554,9961,11919,8722,874,ITH,ITH5,8,Emilia-Romagna,Emilia-Romagna,4459477,2188128,49.07,0.48
3046,2021-05-28,EMR,41299,18965,22334,17271,23430,598,ITH,ITH5,8,Emilia-Romagna,Emilia-Romagna,4459477,2229427,49.99,0.93
3047,2021-04-22,EMR,29060,13455,15605,14616,14080,364,ITH,ITH5,8,Emilia-Romagna,Emilia-Romagna,4459477,2258487,50.64,0.65
3048,2021-04-06,EMR,24770,11180,13590,19726,4751,293,ITH,ITH5,8,Emilia-Romagna,Emilia-Romagna,4459477,2283257,51.2,0.56
3049,2020-12-27,EMR,970,374,596,970,0,0,ITH,ITH5,8,Emilia-Romagna,Emilia-Romagna,4459477,2284227,51.22,0.02
3050,2021-05-02,EMR,25594,11656,13938,13191,11999,404,ITH,ITH5,8,Emilia-Romagna,Emilia-Romagna,4459477,2309821,51.8,0.57
3051,2021-01-22,EMR,1830,476,1354,1087,741,2,ITH,ITH5,8,Emilia-Romagna,Emilia-Romagna,4459477,2311651,51.84,0.04
3052,2021-08-24,EMR,23296,12658,10638,10472,11745,1079,ITH,ITH5,8,Emilia-Romagna,Emilia-Romagna,4459477,2334947,52.36,0.52
3053,2021-02-08,EMR,5238,1536,3702,2317,2918,3,ITH,ITH5,8,Emilia-Romagna,Emilia-Romagna,4459477,2340185,52.48,0.12
3054,2021-05-16,EMR,25885,12178,13707,18362,7143,380,ITH,ITH5,8,Emilia-Romagna,Emilia-Romagna,4459477,2366070,53.06,0.58
3055,2021-02-22,EMR,7485,3093,4392,7199,273,13,ITH,ITH5,8,Emilia-Romagna,Emilia-Romagna,4459477,2373555,53.22,0.17
3056,2021-04-27,EMR,32132,14874,17258,19233,12469,430,ITH,ITH5,8,Emilia-Romagna,Emilia-Romagna,4459477,2405687,53.95,0.72
3057,2021-08-14,EMR,15783,8901,6882,8318,7022,443,ITH,ITH5,8,Emilia-Romagna,Emilia-Romagna,4459477,2421470,54.3,0.35
3058,2021-01-20,EMR,1331,269,1062,1329,1,1,ITH,ITH5,8,Emilia-Romagna,Emilia-Romagna,4459477,2422801,54.33,0.03
3059,2021-07-24,EMR,38860,20954,17906,17328,20628,904,ITH,ITH5,8,Emilia-Romagna,Emilia-Romagna,4459477,2461661,55.2,0.87
3060,2021-04-15,EMR,29366,13986,15380,19244,9681,441,ITH,ITH5,8,Emilia-Romagna,Emilia-Romagna,4459477,2491027,55.86,0.66
3061,2021-06-18,EMR,42788,21454,21334,16304,25928,556,ITH,ITH5,8,Emilia-Romagna,Emilia-Romagna,4459477,2533815,56.82,0.96
3062,2021-03-10,EMR,18810,7742,11068,12982,5646,182,ITH,ITH5,8,Emilia-Romagna,Emilia-Romagna,4459477,2552625,57.24,0.42
3063,2021-08-28,EMR,26241,14507,11734,8610,16820,811,ITH,ITH5,8,Emilia-Romagna,Emilia-Romagna,4459477,2578866,57.83,0.59
3064,2021-05-20,EMR,40412,18344,22068,18396,21502,514,ITH,ITH5,8,Emilia-Romagna,Emilia-Romagna,4459477,2619278,58.74,0.91
3065,2021-08-23,EMR,22561,11745,10816,11825,9466,1270,ITH,ITH5,8,Emilia-Romagna,Emilia-Romagna,4459477,2641839,59.24,0.51
3066,2021-06-25,EMR,42862,21811,21051,19773,22315,774,ITH,ITH5,8,Emilia-Romagna,Emilia-Romagna,4459477,2684701,60.2,0.96
3067,2021-03-17,EMR,13731,5699,8032,5818,7855,58,ITH,ITH5,8,Emilia-Romagna,Emilia-Romagna,4459477,2698432,60.51,0.31
3068,2021-08-21,EMR,19066,10666,8400,10422,7760,884,ITH,ITH5,8,Emilia-Romagna,Emilia-Romagna,4459477,2717498,60.94,0.43
3069,2021-03-09,EMR,14803,6035,8768,10753,3954,96,ITH,ITH5,8,Emilia-Romagna,Emilia-Romagna,4459477,2732301,61.27,0.33
3070,2021-05-05,EMR,30143,14003,16140,18306,11273,564,ITH,ITH5,8,Emilia-Romagna,Emilia-Romagna,4459477,2762444,61.95,0.68
3071,2021-06-13,EMR,28770,15009,13761,23827,4286,657,ITH,ITH5,8,Emilia-Romagna,Emilia-Romagna,4459477,2791214,62.59,0.65
3072,2021-03-05,EMR,17921,5862,12059,14292,3504,125,ITH,ITH5,8,Emilia-Romagna,Emilia-Romagna,4459477,2809135,62.99,0.4
3073,2021-03-22,EMR,17658,7820,9838,10615,6871,172,ITH,ITH5,8,Emilia-Romagna,Emilia-Romagna,4459477,2826793,63.39,0.4
3074,2021-03-03,EMR,15896,5268,10628,13357,2487,52,ITH,ITH5,8,Emilia-Romagna,Emilia-Romagna,4459477,2842689,63.74,0.36
3075,2021-01-12,EMR,9482,3126,6356,9473,0,9,ITH,ITH5,8,Emilia-Romagna,Emilia-Romagna,4459477,2852171,63.96,0.21
3076,2021-07-16,EMR,49787,26279,23508,7056,42075,656,ITH,ITH5,8,Emilia-Romagna,Emilia-Romagna,4459477,2901958,65.07,1.12
3077,2021-06-27,EMR,29592,14891,14701,16211,12733,648,ITH,ITH5,8,Emilia-Romagna,Emilia-Romagna,4459477,2931550,65.74,0.66
3078,2021-07-14,EMR,47966,24539,23427,5592,41841,533,ITH,ITH5,8,Emilia-Romagna,Emilia-Romagna,4459477,2979516,66.81,1.08
3079,2021-04-05,EMR,14861,6812,8049,11788,2894,179,ITH,ITH5,8,Emilia-Romagna,Emilia-Romagna,4459477,2994377,67.15,0.33
3080,2021-05-06,EMR,35981,16626,19355,22152,13099,730,ITH,ITH5,8,Emilia-Romagna,Emilia-Romagna,4459477,3030358,67.95,0.81
3081,2021-01-26,EMR,8337,3002,5335,209,8127,1,ITH,ITH5,8,Emilia-Romagna,Emilia-Romagna,4459477,3038695,68.14,0.19
3082,2021-07-02,EMR,34759,17093,17666,12404,21723,632,ITH,ITH5,8,Emilia-Romagna,Emilia-Romagna,4459477,3073454,68.92,0.78
3083,2021-03-24,EMR,21237,9412,11825,13627,7387,223,ITH,ITH5,8,Emilia-Romagna,Emilia-Romagna,4459477,3094691,69.4,0.48
3084,2021-01-24,EMR,2446,887,1559,298,2148,0,ITH,ITH5,8,Emilia-Romagna,Emilia-Romagna,4459477,3097137,69.45,0.05
3085,2021-05-18,EMR,29234,13281,15953,18099,10646,489,ITH,ITH5,8,Emilia-Romagna,Emilia-Romagna,4459477,3126371,70.11,0.66
3086,2021-02-07,EMR,4790,1537,3253,1724,3064,2,ITH,ITH5,8,Emilia-Romagna,Emilia-Romagna,4459477,3131161,70.21,0.11
3087,2021-02-24,EMR,9360,3568,5792,8454,890,16,ITH,ITH5,8,Emilia-Romagna,Emilia-Romagna,4459477,3140521,70.42,0.21
3088,2021-01-05,EMR,9363,3170,6193,9359,0,4,ITH,ITH5,8,Emilia-Romagna,Emilia-Romagna,4459477,3149884,70.63,0.21
3089,2021-04-29,EMR,44990,21152,23838,26608,17564,818,ITH,ITH5,8,Emilia-Romagna,Emilia-Romagna,4459477,3194874,71.64,1.01
3090,2021-01-19,EMR,2050,507,1543,2032,17,1,ITH,ITH5,8,Emilia-Romagna,Emilia-Romagna,4459477,3196924,71.69,0.05
3091,2021-08-09,EMR,30210,16118,14092,16627,12556,1027,ITH,ITH5,8,Emilia-Romagna,Emilia-Romagna,4459477,3227134,72.37,0.68
3092,2021-05-01,EMR,28432,12782,15650,15278,12795,359,ITH,ITH5,8,Emilia-Romagna,Emilia-Romagna,4459477,3255566,73.0,0.64
3093,2021-05-13,EMR,35856,16517,19339,27290,7849,717,ITH,ITH5,8,Emilia-Romagna,Emilia-Romagna,4459477,3291422,73.81,0.8
3094,2021-03-15,EMR,13464,6255,7209,6854,6507,103,ITH,ITH5,8,Emilia-Romagna,Emilia-Romagna,4459477,3304886,74.11,0.3
3095,2021-08-31,EMR,27806,14780,13026,8231,18535,1040,ITH,ITH5,8,Emilia-Romagna,Emilia-Romagna,4459477,3332692,74.73,0.62
3096,2021-05-23,EMR,25503,11867,13636,13578,11608,317,ITH,ITH5,8,Emilia-Romagna,Emilia-Romagna,4459477,3358195,75.3,0.57
3097,2021-07-19,EMR,41992,22118,19874,6634,34763,595,ITH,ITH5,8,Emilia-Romagna,Emilia-Romagna,4459477,3400187,76.25,0.94
3098,2021-07-09,EMR,44918,22951,21967,5422,39077,419,ITH,ITH5,8,Emilia-Romagna,Emilia-Romagna,4459477,3445105,77.25,1.01
3099,2021-01-17,EMR,2895,890,2005,2645,249,1,ITH,ITH5,8,Emilia-Romagna,Emilia-Romagna,4459477,3448000,77.32,0.06
3100,2021-04-02,EMR,23411,10559,12852,18557,4488,366,ITH,ITH5,8,Emilia-Romagna,Emilia-Romagna,4459477,3471411,77.84,0.52
3101,2021-05-29,EMR,37950,16521,21429,16662,20764,524,ITH,ITH5,8,Emilia-Romagna,Emilia-Romagna,4459477,3509361,78.69,0.85
3102,2021-08-16,EMR,20207,10864,9343,12639,6574,994,ITH,ITH5,8,Emilia-Romagna,Emilia-Romagna,4459477,3529568,79.15,0.45
3103,2021-05-25,EMR,25240,11238,14002,11299,13512,429,ITH,ITH5,8,Emilia-Romagna,Emilia-Romagna,4459477,3554808,79.71,0.57
3104,2021-02-14,EMR,1402,378,1024,1274,120,8,ITH,ITH5,8,Emilia-Romagna,Emilia-Romagna,4459477,3556210,79.75,0.03
3105,2021-08-02,EMR,38512,20347,18165,14750,23089,673,ITH,ITH5,8,Emilia-Romagna,Emilia-Romagna,4459477,3594722,80.61,0.86
3106,2021-04-24,EMR,28654,13250,15404,14064,14242,348,ITH,ITH5,8,Emilia-Romagna,Emilia-Romagna,4459477,3623376,81.25,0.64
3107,2021-05-11,EMR,35817,16805,19012,27865,7262,690,ITH,ITH5,8,Emilia-Romagna,Emilia-Romagna,4459477,3659193,82.05,0.8
3108,2021-01-31,EMR,7708,2769,4939,240,7468,0,ITH,ITH5,8,Emilia-Romagna,Emilia-Romagna,4459477,3666901,82.23,0.17
3109,2021-02-05,EMR,9310,2963,6347,1617,7689,4,ITH,ITH5,8,Emilia-Romagna,Emilia-Romagna,4459477,3676211,82.44,0.21
3110,2021-06-20,EMR,30745,15596,15149,15610,14668,467,ITH,ITH5,8,Emilia-Romagna,Emilia-Romagna,4459477,3706956,83.13,0.69
3111,2021-07-07,EMR,37912,19146,18766,13407,23711,794,ITH,ITH5,8,Emilia-Romagna,Emilia-Romagna,4459477,3744868,83.98,0.85
3112,2021-03-29,EMR,21446,9627,11819,16541,4663,242,ITH,ITH5,8,Emilia-Romagna,Emilia-Romagna,4459477,3766314,84.46,0.48
3113,2021-02-21,EMR,4447,1705,2742,3997,440,10,ITH,ITH5,8,Emilia-Romagna,Emilia-Romagna,4459477,3770761,84.56,0.1
3114,2021-07-25,EMR,28467,15176,13291,10567,17436,464,ITH,ITH5,8,Emilia-Romagna,Emilia-Romagna,4459477,3799228,85.19,0.64
3115,2021-08-11,EMR,27729,14866,12863,12062,14867,800,ITH,ITH5,8,Emilia-Romagna,Emilia-Romagna,4459477,3826957,85.82,0.62
3116,2021-02-09,EMR,4161,1253,2908,2307,1853,1,ITH,ITH5,8,Emilia-Romagna,Emilia-Romagna,4459477,3831118,85.91,0.09
3117,2021-09-01,EMR,22231,11865,10366,6943,14567,721,ITH,ITH5,8,Emilia-Romagna,Emilia-Romagna,4459477,3853349,86.41,0.5
3118,2021-05-15,EMR,33294,14998,18296,22217,10436,641,ITH,ITH5,8,Emilia-Romagna,Emilia-Romagna,4459477,3886643,87.15,0.75
3119,2021-02-04,EMR,9933,3206,6727,1236,8696,1,ITH,ITH5,8,Emilia-Romagna,Emilia-Romagna,4459477,3896576,87.38,0.22
3120,2021-05-22,EMR,33160,14157,19003,16475,16229,456,ITH,ITH5,8,Emilia-Romagna,Emilia-Romagna,4459477,3929736,88.12,0.74
3121,2021-07-18,EMR,34574,17911,16663,8199,25817,558,ITH,ITH5,8,Emilia-Romagna,Emilia-Romagna,4459477,3964310,88.9,0.78
3122,2021-04-09,EMR,25802,11695,14107,19530,5760,512,ITH,ITH5,8,Emilia-Romagna,Emilia-Romagna,4459477,3990112,89.47,0.58
3123,2021-02-02,EMR,9489,3052,6437,526,8962,1,ITH,ITH5,8,Emilia-Romagna,Emilia-Romagna,4459477,3999601,89.69,0.21
3124,2021-07-11,EMR,30394,15241,15153,2765,27365,264,ITH,ITH5,8,Emilia-Romagna,Emilia-Romagna,4459477,4029995,90.37,0.68
3125,2021-05-27,EMR,42346,18770,23576,13562,28284,500,ITH,ITH5,8,Emilia-Romagna,Emilia-Romagna,4459477,4072341,91.32,0.95
3126,2021-02-16,EMR,5773,2447,3326,5228,531,14,ITH,ITH5,8,Emilia-Romagna,Emilia-Romagna,4459477,4078114,91.45,0.13
3127,2021-08-01,EMR,30017,16149,13868,10237,19348,432,ITH,ITH5,8,Emilia-Romagna,Emilia-Romagna,4459477,4108131,92.12,0.67
3128,2021-08-18,EMR,22239,12179,10060,14542,6642,1055,ITH,ITH5,8,Emilia-Romagna,Emilia-Romagna,4459477,4130370,92.62,0.5
3129,2021-05-10,EMR,33895,16151,17744,26013,7263,619,ITH,ITH5,8,Emilia-Romagna,Emilia-Romagna,4459477,4164265,93.38,0.76
3130,2021-07-12,EMR,44067,22330,21737,5429,38129,509,ITH,ITH5,8,Emilia-Romagna,Emilia-Romagna,4459477,4208332,94.37,0.99
3131,2021-06-29,EMR,37726,18605,19121,18148,18794,784,ITH,ITH5,8,Emilia-Romagna,Emilia-Romagna,4459477,4246058,95.21,0.85
3132,2021-03-21,EMR,11958,5296,6662,7259,4606,93,ITH,ITH5,8,Emilia-Romagna,Emilia-Romagna,4459477,4258016,95.48,0.27
3133,2021-06-10,EMR,45097,23166,21931,38703,5384,1010,ITH,ITH5,8,Emilia-Romagna,Emilia-Romagna,4459477,4303113,96.49,1.01
3134,2021-03-02,EMR,12663,4272,8391,10514,2091,58,ITH,ITH5,8,Emilia-Romagna,Emilia-Romagna,4459477,4315776,96.78,0.28
3135,2021-03-19,EMR,15924,6970,8954,7792,7971,161,ITH,ITH5,8,Emilia-Romagna,Emilia-Romagna,4459477,4331700,97.13,0.36
3136,2021-08-25,EMR,25097,13523,11574,9574,14584,939,ITH,ITH5,8,Emilia-Romagna,Emilia-Romagna,4459477,4356797,97.7,0.56
3137,2021-01-02,EMR,2379,917,1462,2379,0,0,ITH,ITH5,8,Emilia-Romagna,Emilia-Romagna,4459477,4359176,97.75,0.05
3138,2021-06-05,EMR,44317,22380,21937,36636,6923,758,ITH,ITH5,8,Emilia-Romagna,Emilia-Romagna,4459477,4403493,98.74,0.99
3139,2021-08-30,EMR,26848,14079,12769,7518,18320,1010,ITH,ITH5,8,Emilia-Romagna,Emilia-Romagna,4459477,4430341,99.35,0.6
3140,2021-03-31,EMR,25296,11061,14235,19502,5472,322,ITH,ITH5,8,Emilia-Romagna,Emilia-Romagna,4459477,4455637,99.91,0.57
3141,2021-07-13,EMR,48487,24836,23651,6477,41329,681,ITH,ITH5,8,Emilia-Romagna,Emilia-Romagna,4459477,4504124,101.0,1.09
3142,2021-07-04,EMR,24271,12069,12202,10200,13607,464,ITH,ITH5,8,Emilia-Romagna,Emilia-Romagna,4459477,4528395,101.55,0.54
3143,2021-03-26,EMR,23738,10125,13613,17020,6443,275,ITH,ITH5,8,Emilia-Romagna,Emilia-Romagna,4459477,4552133,102.08,0.53
3144,2021-07-30,EMR,39845,21405,18440,15666,23462,717,ITH,ITH5,8,Emilia-Romagna,Emilia-Romagna,4459477,4591978,102.97,0.89
3145,2021-04-21,EMR,23974,10971,13003,13869,9742,363,ITH,ITH5,8,Emilia-Romagna,Emilia-Romagna,4459477,4615952,103.51,0.54
3146,2021-05-08,EMR,32379,15112,17267,20400,11438,541,ITH,ITH5,8,Emilia-Romagna,Emilia-Romagna,4459477,4648331,104.23,0.73
3147,2021-01-28,EMR,10262,3343,6919,348,9914,0,ITH,ITH5,8,Emilia-Romagna,Emilia-Romagna,4459477,4658593,104.47,0.23
3148,2021-02-12,EMR,5329,1678,3651,3899,1407,23,ITH,ITH5,8,Emilia-Romagna,Emilia-Romagna,4459477,4663922,104.58,0.12
3149,2021-04-10,EMR,20935,9303,11632,16453,4148,334,ITH,ITH5,8,Emilia-Romagna,Emilia-Romagna,4459477,4684857,105.05,0.47
3150,2021-04-17,EMR,27319,13084,14235,17574,9354,391,ITH,ITH5,8,Emilia-Romagna,Emilia-Romagna,4459477,4712176,105.67,0.61
3151,2021-01-07,EMR,10288,3405,6883,10284,0,4,ITH,ITH5,8,Emilia-Romagna,Emilia-Romagna,4459477,4722464,105.9,0.23
3152,2021-04-03,EMR,19999,8785,11214,15957,3798,244,ITH,ITH5,8,Emilia-Romagna,Emilia-Romagna,4459477,4742463,106.35,0.45
3153,2021-05-30,EMR,27099,12805,14294,12984,13711,404,ITH,ITH5,8,Emilia-Romagna,Emilia-Romagna,4459477,4769562,106.95,0.61
3154,2021-02-19,EMR,7328,3010,4318,6800,514,14,ITH,ITH5,8,Emilia-Romagna,Emilia-Romagna,4459477,4776890,107.12,0.16
3155,2021-07-26,EMR,39556,21093,18463,15907,22877,772,ITH,ITH5,8,Emilia-Romagna,Emilia-Romagna,4459477,4816446,108.0,0.89
3156,2020-12-31,EMR,2212,778,1434,2211,0,1,ITH,ITH5,8,Emilia-Romagna,Emilia-Romagna,4459477,4818658,108.05,0.05
3157,2021-06-06,EMR,36599,19000,17599,31562,4415,622,ITH,ITH5,8,Emilia-Romagna,Emilia-Romagna,4459477,4855257,108.88,0.82
3158,2021-02-26,EMR,9642,3677,5965,8563,1054,25,ITH,ITH5,8,Emilia-Romagna,Emilia-Romagna,4459477,4864899,109.09,0.22
3159,2021-06-22,EMR,36541,18199,18342,16297,19636,608,ITH,ITH5,8,Emilia-Romagna,Emilia-Romagna,4459477,4901440,109.91,0.82
3160,2021-07-06,EMR,36810,18507,18303,12942,23195,673,ITH,ITH5,8,Emilia-Romagna,Emilia-Romagna,4459477,4938250,110.74,0.83
3161,2021-05-17,EMR,32478,15416,17062,22335,9560,583,ITH,ITH5,8,Emilia-Romagna,Emilia-Romagna,4459477,4970728,111.46,0.73
3162,2021-07-23,EMR,40423,21902,18521,19867,19482,1074,ITH,ITH5,8,Emilia-Romagna,Emilia-Romagna,4459477,5011151,112.37,0.91
3163,2021-04-14,EMR,27062,12851,14211,20520,6114,428,ITH,ITH5,8,Emilia-Romagna,Emilia-Romagna,4459477,5038213,112.98,0.61
3164,2021-01-21,EMR,2167,730,1437,819,1348,0,ITH,ITH5,8,Emilia-Romagna,Emilia-Romagna,4459477,5040380,113.03,0.05
3165,2021-04-07,EMR,26890,12307,14583,20464,6079,347,ITH,ITH5,8,Emilia-Romagna,Emilia-Romagna,4459477,5067270,113.63,0.6
3166,2021-01-14,EMR,8129,2595,5534,8120,0,9,ITH,ITH5,8,Emilia-Romagna,Emilia-Romagna,4459477,5075399,113.81,0.18
3167,2021-08-06,EMR,34642,18582,16060,18768,14984,890,ITH,ITH5,8,Emilia-Romagna,Emilia-Romagna,4459477,5110041,114.59,0.78
3168,2021-04-28,EMR,33751,15604,18147,20263,12899,589,ITH,ITH5,8,Emilia-Romagna,Emilia-Romagna,4459477,5143792,115.35,0.76
3169,2021-06-24,EMR,40648,20415,20233,20318,19569,761,ITH,ITH5,8,Emilia-Romagna,Emilia-Romagna,4459477,5184440,116.26,0.91
3170,2021-08-20,EMR,19686,10721,8965,10245,8503,938,ITH,ITH5,8,Emilia-Romagna,Emilia-Romagna,4459477,5204126,116.7,0.44
3171,2021-06-03,EMR,37932,18443,19489,29703,7559,670,ITH,ITH5,8,Emilia-Romagna,Emilia-Romagna,4459477,5242058,117.55,0.85
3172,2021-02-23,EMR,8217,3219,4998,7819,386,12,ITH,ITH5,8,Emilia-Romagna,Emilia-Romagna,4459477,5250275,117.73,0.18
3173,2021-03-12,EMR,18323,7709,10614,11310,6720,293,ITH,ITH5,8,Emilia-Romagna,Emilia-Romagna,4459477,5268598,118.14,0.41
3174,2021-06-17,EMR,46708,23667,23041,21823,24225,660,ITH,ITH5,8,Emilia-Romagna,Emilia-Romagna,4459477,5315306,119.19,1.05
3175,2021-08-13,EMR,21240,11791,9449,14253,6083,904,ITH,ITH5,8,Emilia-Romagna,Emilia-Romagna,4459477,5336546,119.67,0.48
3176,2021-03-25,EMR,21488,9421,12067,14238,6992,258,ITH,ITH5,8,Emilia-Romagna,Emilia-Romagna,4459477,5358034,120.15,0.48
3177,2021-05-21,EMR,39384,17560,21824,21635,17130,619,ITH,ITH5,8,Emilia-Romagna,Emilia-Romagna,4459477,5397418,121.03,0.88
3178,2021-02-10,EMR,4023,1383,2640,2756,1261,6,ITH,ITH5,8,Emilia-Romagna,Emilia-Romagna,4459477,5401441,121.12,0.09
3179,2021-04-08,EMR,31395,14416,16979,25327,5331,737,ITH,ITH5,8,Emilia-Romagna,Emilia-Romagna,4459477,5432836,121.83,0.7
3180,2021-03-18,EMR,13776,5850,7926,5680,8005,91,ITH,ITH5,8,Emilia-Romagna,Emilia-Romagna,4459477,5446612,122.14,0.31
3181,2021-05-14,EMR,37351,17200,20151,26797,9655,899,ITH,ITH5,8,Emilia-Romagna,Emilia-Romagna,4459477,5483963,122.97,0.84
3182,2021-02-03,EMR,9348,2991,6357,961,8386,1,ITH,ITH5,8,Emilia-Romagna,Emilia-Romagna,4459477,5493311,123.18,0.21
3183,2021-04-01,EMR,23973,10783,13190,19071,4556,346,ITH,ITH5,8,Emilia-Romagna,Emilia-Romagna,4459477,5517284,123.72,0.54
3184,2021-02-17,EMR,6540,2765,3775,5755,772,13,ITH,ITH5,8,Emilia-Romagna,Emilia-Romagna,4459477,5523824,123.87,0.15
3185,2021-06-01,EMR,27195,13113,14082,16847,9928,420,ITH,ITH5,8,Emilia-Romagna,Emilia-Romagna,4459477,5551019,124.48,0.61
3186,2021-07-28,EMR,38691,20744,17947,14016,24041,634,ITH,ITH5,8,Emilia-Romagna,Emilia-Romagna,4459477,5589710,125.34,0.87
3187,2021-04-12,EMR,19258,9015,10243,14447,4452,359,ITH,ITH5,8,Emilia-Romagna,Emilia-Romagna,4459477,5608968,125.78,0.43
3188,2021-06-08,EMR,45104,23084,22020,36820,7508,776,ITH,ITH5,8,Emilia-Romagna,Emilia-Romagna,4459477,5654072,126.79,1.01
3189,2021-08-04,EMR,35321,18827,16494,13059,21679,583,ITH,ITH5,8,Emilia-Romagna,Emilia-Romagna,4459477,5689393,127.58,0.79
3190,2021-07-21,EMR,43677,23296,20381,10789,32272,616,ITH,ITH5,8,Emilia-Romagna,Emilia-Romagna,4459477,5733070,128.56,0.98
3191,2021-04-19,EMR,20919,9803,11116,14335,6284,300,ITH,ITH5,8,Emilia-Romagna,Emilia-Romagna,4459477,5753989,129.03,0.47
3192,2021-01-09,EMR,9993,3458,6535,9989,0,4,ITH,ITH5,8,Emilia-Romagna,Emilia-Romagna,4459477,5763982,129.25,0.22
3193,2021-06-15,EMR,43874,22641,21233,27918,15073,883,ITH,ITH5,8,Emilia-Romagna,Emilia-Romagna,4459477,5807856,130.24,0.98
3194,2021-03-07,EMR,7848,2961,4887,6289,1523,36,ITH,ITH5,8,Emilia-Romagna,Emilia-Romagna,4459477,5815704,130.41,0.18
3195,2021-05-03,EMR,28737,13569,15168,17394,10887,456,ITH,ITH5,8,Emilia-Romagna,Emilia-Romagna,4459477,5844441,131.06,0.64
3196,2021-02-28,EMR,6829,2528,4301,4958,1852,19,ITH,ITH5,8,Emilia-Romagna,Emilia-Romagna,4459477,5851270,131.21,0.15
3197,2021-04-26,EMR,27914,12940,14974,18039,9323,552,ITH,ITH5,8,Emilia-Romagna,Emilia-Romagna,4459477,5879184,131.84,0.63
3198,2021-01-16,EMR,5631,1718,3913,5630,0,1,ITH,ITH5,8,Emilia-Romagna,Emilia-Romagna,4459477,5884815,131.96,0.13
3199,2021-03-14,EMR,8809,3841,4968,4946,3799,64,ITH,ITH5,8,Emilia-Romagna,Emilia-Romagna,4459477,5893624,132.16,0.2
3200,2021-08-08,PAT,634,337,297,241,385,8,ITH,ITH2,4,Provincia Autonoma Trento,P.A. Trento,541380,634,0.12,0.12
3201,2021-08-27,PAT,3794,2063,1731,927,2787,80,ITH,ITH2,4,Provincia Autonoma Trento,P.A. Trento,541380,4428,0.82,0.7
3202,2021-03-26,PAT,3274,1280,1994,2518,612,144,ITH,ITH2,4,Provincia Autonoma Trento,P.A. Trento,541380,7702,1.42,0.6
3203,2021-07-13,PAT,3836,1951,1885,1777,1932,127,ITH,ITH2,4,Provincia Autonoma Trento,P.A. Trento,541380,11538,2.13,0.71
3204,2021-04-21,PAT,2944,1372,1572,2738,51,155,ITH,ITH2,4,Provincia Autonoma Trento,P.A. Trento,541380,14482,2.68,0.54
3205,2021-01-28,PAT,554,156,398,51,503,0,ITH,ITH2,4,Provincia Autonoma Trento,P.A. Trento,541380,15036,2.78,0.1
3206,2021-01-11,PAT,765,235,530,765,0,0,ITH,ITH2,4,Provincia Autonoma Trento,P.A. Trento,541380,15801,2.92,0.14
3207,2021-01-23,PAT,584,338,246,389,194,1,ITH,ITH2,4,Provincia Autonoma Trento,P.A. Trento,541380,16385,3.03,0.11
3208,2021-05-03,PAT,4311,2223,2088,3843,157,311,ITH,ITH2,4,Provincia Autonoma Trento,P.A. Trento,541380,20696,3.82,0.8
3209,2021-08-13,PAT,5943,3364,2579,2569,3226,148,ITH,ITH2,4,Provincia Autonoma Trento,P.A. Trento,541380,26639,4.92,1.1
3210,2021-07-01,PAT,7147,3736,3411,3595,3363,189,ITH,ITH2,4,Provincia Autonoma Trento,P.A. Trento,541380,33786,6.24,1.32
3211,2021-05-05,PAT,5055,2610,2445,4433,305,317,ITH,ITH2,4,Provincia Autonoma Trento,P.A. Trento,541380,38841,7.17,0.93
3212,2021-03-09,PAT,1668,619,1049,978,653,37,ITH,ITH2,4,Provincia Autonoma Trento,P.A. Trento,541380,40509,7.48,0.31
3213,2021-06-17,PAT,6750,3561,3189,2044,4536,170,ITH,ITH2,4,Provincia Autonoma Trento,P.A. Trento,541380,47259,8.73,1.25
3214,2021-02-06,PAT,582,302,280,439,143,0,ITH,ITH2,4,Provincia Autonoma Trento,P.A. Trento,541380,47841,8.84,0.11
3215,2021-02-23,PAT,1128,403,725,887,218,23,ITH,ITH2,4,Provincia Autonoma Trento,P.A. Trento,541380,48969,9.05,0.21
3216,2021-05-17,PAT,4356,2156,2200,3752,363,241,ITH,ITH2,4,Provincia Autonoma Trento,P.A. Trento,541380,53325,9.85,0.8
3217,2021-08-25,PAT,4386,2344,2042,1080,3234,72,ITH,ITH2,4,Provincia Autonoma Trento,P.A. Trento,541380,57711,10.66,0.81
3218,2021-06-29,PAT,6423,3238,3185,2777,3533,113,ITH,ITH2,4,Provincia Autonoma Trento,P.A. Trento,541380,64134,11.85,1.19
3219,2021-06-12,PAT,5427,2716,2711,435,4942,50,ITH,ITH2,4,Provincia Autonoma Trento,P.A. Trento,541380,69561,12.85,1.0
3220,2021-03-21,PAT,136,74,62,131,0,5,ITH,ITH2,4,Provincia Autonoma Trento,P.A. Trento,541380,69697,12.87,0.03
3221,2021-05-24,PAT,4492,2077,2415,1269,3109,114,ITH,ITH2,4,Provincia Autonoma Trento,P.A. Trento,541380,74189,13.7,0.83
3222,2021-04-09,PAT,2805,1194,1611,1527,1209,69,ITH,ITH2,4,Provincia Autonoma Trento,P.A. Trento,541380,76994,14.22,0.52
3223,2021-02-11,PAT,1171,377,794,803,367,1,ITH,ITH2,4,Provincia Autonoma Trento,P.A. Trento,541380,78165,14.44,0.22
3224,2021-07-18,PAT,463,242,221,118,339,6,ITH,ITH2,4,Provincia Autonoma Trento,P.A. Trento,541380,78628,14.52,0.09
3225,2021-02-25,PAT,1655,649,1006,1199,446,10,ITH,ITH2,4,Provincia Autonoma Trento,P.A. Trento,541380,80283,14.83,0.31
3226,2020-12-30,PAT,7,3,4,7,0,0,ITH,ITH2,4,Provincia Autonoma Trento,P.A. Trento,541380,80290,14.83,0.0
3227,2021-06-05,PAT,4132,1939,2193,689,3364,79,ITH,ITH2,4,Provincia Autonoma Trento,P.A. Trento,541380,84422,15.59,0.76
3228,2021-08-06,PAT,6470,3564,2906,2664,3685,121,ITH,ITH2,4,Provincia Autonoma Trento,P.A. Trento,541380,90892,16.79,1.2
3229,2021-01-16,PAT,322,148,174,322,0,0,ITH,ITH2,4,Provincia Autonoma Trento,P.A. Trento,541380,91214,16.85,0.06
3230,2021-04-28,PAT,4286,1991,2295,3894,139,253,ITH,ITH2,4,Provincia Autonoma Trento,P.A. Trento,541380,95500,17.64,0.79
3231,2021-04-14,PAT,3144,1478,1666,2251,738,155,ITH,ITH2,4,Provincia Autonoma Trento,P.A. Trento,541380,98644,18.22,0.58
3232,2021-03-28,PAT,767,303,464,717,2,48,ITH,ITH2,4,Provincia Autonoma Trento,P.A. Trento,541380,99411,18.36,0.14
3233,2021-01-04,PAT,905,250,655,903,0,2,ITH,ITH2,4,Provincia Autonoma Trento,P.A. Trento,541380,100316,18.53,0.17
3234,2021-07-06,PAT,5232,2761,2471,3114,1929,189,ITH,ITH2,4,Provincia Autonoma Trento,P.A. Trento,541380,105548,19.5,0.97
3235,2021-01-18,PAT,690,168,522,631,59,0,ITH,ITH2,4,Provincia Autonoma Trento,P.A. Trento,541380,106238,19.62,0.13
3236,2021-05-22,PAT,3371,1665,1706,849,2431,91,ITH,ITH2,4,Provincia Autonoma Trento,P.A. Trento,541380,109609,20.25,0.62
3237,2021-05-29,PAT,2444,1328,1116,784,1570,90,ITH,ITH2,4,Provincia Autonoma Trento,P.A. Trento,541380,112053,20.7,0.45
3238,2021-04-02,PAT,2891,1178,1713,2043,684,164,ITH,ITH2,4,Provincia Autonoma Trento,P.A. Trento,541380,114944,21.23,0.53
3239,2021-04-16,PAT,2905,1377,1528,2597,149,159,ITH,ITH2,4,Provincia Autonoma Trento,P.A. Trento,541380,117849,21.77,0.54
3240,2021-02-18,PAT,1434,503,931,1347,69,18,ITH,ITH2,4,Provincia Autonoma Trento,P.A. Trento,541380,119283,22.03,0.26
3241,2021-07-25,PAT,365,204,161,138,218,9,ITH,ITH2,4,Provincia Autonoma Trento,P.A. Trento,541380,119648,22.1,0.07
3242,2021-09-01,PAT,3426,1834,1592,671,2694,61,ITH,ITH2,4,Provincia Autonoma Trento,P.A. Trento,541380,123074,22.73,0.63
3243,2021-03-02,PAT,1322,445,877,910,382,30,ITH,ITH2,4,Provincia Autonoma Trento,P.A. Trento,541380,124396,22.98,0.24
3244,2021-06-10,PAT,6214,3027,3187,1813,4265,136,ITH,ITH2,4,Provincia Autonoma Trento,P.A. Trento,541380,130610,24.13,1.15
3245,2021-02-16,PAT,676,248,428,660,5,11,ITH,ITH2,4,Provincia Autonoma Trento,P.A. Trento,541380,131286,24.25,0.12
3246,2021-04-23,PAT,3668,1786,1882,3431,56,181,ITH,ITH2,4,Provincia Autonoma Trento,P.A. Trento,541380,134954,24.93,0.68
3247,2021-01-30,PAT,396,136,260,155,241,0,ITH,ITH2,4,Provincia Autonoma Trento,P.A. Trento,541380,135350,25.0,0.07
3248,2021-05-10,PAT,3269,1678,1591,2532,518,219,ITH,ITH2,4,Provincia Autonoma Trento,P.A. Trento,541380,138619,25.6,0.6
3249,2021-03-14,PAT,110,67,43,19,89,2,ITH,ITH2,4,Provincia Autonoma Trento,P.A. Trento,541380,138729,25.63,0.02
3250,2021-03-07,PAT,24,6,18,24,0,0,ITH,ITH2,4,Provincia Autonoma Trento,P.A. Trento,541380,138753,25.63,0.0
3251,2021-01-09,PAT,195,42,153,195,0,0,ITH,ITH2,4,Provincia Autonoma Trento,P.A. Trento,541380,138948,25.67,0.04
3252,2021-06-24,PAT,6055,3171,2884,3652,2207,196,ITH,ITH2,4,Provincia Autonoma Trento,P.A. Trento,541380,145003,26.78,1.12
3253,2021-05-12,PAT,3347,1511,1836,1962,1219,166,ITH,ITH2,4,Provincia Autonoma Trento,P.A. Trento,541380,148350,27.4,0.62
3254,2021-03-16,PAT,1407,514,893,581,792,34,ITH,ITH2,4,Provincia Autonoma Trento,P.A. Trento,541380,149757,27.66,0.26
3255,2021-08-20,PAT,5210,2877,2333,1485,3627,98,ITH,ITH2,4,Provincia Autonoma Trento,P.A. Trento,541380,154967,28.62,0.96
3256,2021-05-14,PAT,5440,2613,2827,3711,1428,301,ITH,ITH2,4,Provincia Autonoma Trento,P.A. Trento,541380,160407,29.63,1.0
3257,2021-08-22,PAT,406,243,163,220,171,15,ITH,ITH2,4,Provincia Autonoma Trento,P.A. Trento,541380,160813,29.7,0.07
3258,2021-06-19,PAT,3146,1722,1424,236,2879,31,ITH,ITH2,4,Provincia Autonoma Trento,P.A. Trento,541380,163959,30.29,0.58
3259,2021-07-08,PAT,4164,2213,1951,2514,1482,168,ITH,ITH2,4,Provincia Autonoma Trento,P.A. Trento,541380,168123,31.05,0.77
3260,2021-02-04,PAT,1014,321,693,430,583,1,ITH,ITH2,4,Provincia Autonoma Trento,P.A. Trento,541380,169137,31.24,0.19
3261,2021-04-01,PAT,2945,1251,1694,1745,1106,94,ITH,ITH2,4,Provincia Autonoma Trento,P.A. Trento,541380,172082,31.79,0.54
3262,2021-07-10,PAT,1098,565,533,148,920,30,ITH,ITH2,4,Provincia Autonoma Trento,P.A. Trento,541380,173180,31.99,0.2
3263,2021-03-23,PAT,2483,962,1521,1628,755,100,ITH,ITH2,4,Provincia Autonoma Trento,P.A. Trento,541380,175663,32.45,0.46
3264,2021-05-28,PAT,3805,1768,2037,1399,2265,141,ITH,ITH2,4,Provincia Autonoma Trento,P.A. Trento,541380,179468,33.15,0.7
3265,2021-01-25,PAT,849,231,618,25,824,0,ITH,ITH2,4,Provincia Autonoma Trento,P.A. Trento,541380,180317,33.31,0.16
3266,2021-03-25,PAT,2915,1127,1788,1742,1060,113,ITH,ITH2,4,Provincia Autonoma Trento,P.A. Trento,541380,183232,33.85,0.54
3267,2021-07-03,PAT,1268,681,587,78,1185,5,ITH,ITH2,4,Provincia Autonoma Trento,P.A. Trento,541380,184500,34.08,0.23
3268,2021-08-24,PAT,4600,2467,2133,1287,3220,93,ITH,ITH2,4,Provincia Autonoma Trento,P.A. Trento,541380,189100,34.93,0.85
3269,2021-07-24,PAT,994,547,447,525,445,24,ITH,ITH2,4,Provincia Autonoma Trento,P.A. Trento,541380,190094,35.11,0.18
3270,2021-05-02,PAT,3564,1979,1585,3294,39,231,ITH,ITH2,4,Provincia Autonoma Trento,P.A. Trento,541380,193658,35.77,0.66
3271,2021-08-10,PAT,5988,3199,2789,2893,2910,185,ITH,ITH2,4,Provincia Autonoma Trento,P.A. Trento,541380,199646,36.88,1.11
3272,2021-07-27,PAT,4811,2544,2267,1751,2950,110,ITH,ITH2,4,Provincia Autonoma Trento,P.A. Trento,541380,204457,37.77,0.89
3273,2021-05-31,PAT,4805,2213,2592,1608,3087,110,ITH,ITH2,4,Provincia Autonoma Trento,P.A. Trento,541380,209262,38.65,0.89
3274,2021-03-04,PAT,2388,807,1581,1556,790,42,ITH,ITH2,4,Provincia Autonoma Trento,P.A. Trento,541380,211650,39.09,0.44
3275,2021-01-27,PAT,873,310,563,115,756,2,ITH,ITH2,4,Provincia Autonoma Trento,P.A. Trento,541380,212523,39.26,0.16
3276,2021-03-18,PAT,2335,964,1371,1222,1089,24,ITH,ITH2,4,Provincia Autonoma Trento,P.A. Trento,541380,214858,39.69,0.43
3277,2021-06-09,PAT,6324,3121,3203,2114,4127,83,ITH,ITH2,4,Provincia Autonoma Trento,P.A. Trento,541380,221182,40.86,1.17
3278,2021-06-26,PAT,1435,753,682,679,726,30,ITH,ITH2,4,Provincia Autonoma Trento,P.A. Trento,541380,222617,41.12,0.27
3279,2021-06-28,PAT,6948,3596,3352,2969,3869,110,ITH,ITH2,4,Provincia Autonoma Trento,P.A. Trento,541380,229565,42.4,1.28
3280,2021-04-06,PAT,2288,969,1319,1459,770,59,ITH,ITH2,4,Provincia Autonoma Trento,P.A. Trento,541380,231853,42.83,0.42
3281,2021-07-15,PAT,4296,2299,1997,1791,2362,143,ITH,ITH2,4,Provincia Autonoma Trento,P.A. Trento,541380,236149,43.62,0.79
3282,2021-04-13,PAT,2617,1089,1528,2026,509,82,ITH,ITH2,4,Provincia Autonoma Trento,P.A. Trento,541380,238766,44.1,0.48
3283,2021-01-20,PAT,308,77,231,296,12,0,ITH,ITH2,4,Provincia Autonoma Trento,P.A. Trento,541380,239074,44.16,0.06
3284,2021-04-30,PAT,4991,2433,2558,4443,163,385,ITH,ITH2,4,Provincia Autonoma Trento,P.A. Trento,541380,244065,45.08,0.92
3285,2021-05-19,PAT,5194,2512,2682,3671,1273,250,ITH,ITH2,4,Provincia Autonoma Trento,P.A. Trento,541380,249259,46.04,0.96
3286,2021-02-08,PAT,1194,333,861,347,847,0,ITH,ITH2,4,Provincia Autonoma Trento,P.A. Trento,541380,250453,46.26,0.22
3287,2021-08-29,PAT,615,346,269,310,281,24,ITH,ITH2,4,Provincia Autonoma Trento,P.A. Trento,541380,251068,46.38,0.11
3288,2021-03-30,PAT,2466,998,1468,1672,692,102,ITH,ITH2,4,Provincia Autonoma Trento,P.A. Trento,541380,253534,46.83,0.46
3289,2021-02-13,PAT,540,335,205,172,368,0,ITH,ITH2,4,Provincia Autonoma Trento,P.A. Trento,541380,254074,46.93,0.1
3290,2021-05-07,PAT,6089,3131,2958,4852,853,384,ITH,ITH2,4,Provincia Autonoma Trento,P.A. Trento,541380,260163,48.06,1.12
3291,2021-04-20,PAT,2908,1387,1521,2689,37,182,ITH,ITH2,4,Provincia Autonoma Trento,P.A. Trento,541380,263071,48.59,0.54
3292,2021-05-09,PAT,2354,1225,1129,1870,347,137,ITH,ITH2,4,Provincia Autonoma Trento,P.A. Trento,541380,265425,49.03,0.43
3293,2021-08-17,PAT,5435,2877,2558,1931,3375,129,ITH,ITH2,4,Provincia Autonoma Trento,P.A. Trento,541380,270860,50.03,1.0
3294,2021-02-15,PAT,547,193,354,419,126,2,ITH,ITH2,4,Provincia Autonoma Trento,P.A. Trento,541380,271407,50.13,0.1
3295,2021-05-26,PAT,3961,1868,2093,1116,2722,123,ITH,ITH2,4,Provincia Autonoma Trento,P.A. Trento,541380,275368,50.86,0.73
3296,2021-01-13,PAT,444,131,313,444,0,0,ITH,ITH2,4,Provincia Autonoma Trento,P.A. Trento,541380,275812,50.95,0.08
3297,2021-03-13,PAT,965,496,469,841,48,76,ITH,ITH2,4,Provincia Autonoma Trento,P.A. Trento,541380,276777,51.12,0.18
3298,2021-07-05,PAT,5429,2849,2580,3793,1390,246,ITH,ITH2,4,Provincia Autonoma Trento,P.A. Trento,541380,282206,52.13,1.0
3299,2021-06-21,PAT,6259,3387,2872,3648,2425,186,ITH,ITH2,4,Provincia Autonoma Trento,P.A. Trento,541380,288465,53.28,1.16
3300,2021-07-17,PAT,1099,537,562,271,809,19,ITH,ITH2,4,Provincia Autonoma Trento,P.A. Trento,541380,289564,53.49,0.2
3301,2021-05-21,PAT,5213,2505,2708,3138,1803,272,ITH,ITH2,4,Provincia Autonoma Trento,P.A. Trento,541380,294777,54.45,0.96
3302,2021-02-01,PAT,1278,356,922,98,1180,0,ITH,ITH2,4,Provincia Autonoma Trento,P.A. Trento,541380,296055,54.69,0.24
3303,2021-08-31,PAT,4395,2288,2107,1239,3056,100,ITH,ITH2,4,Provincia Autonoma Trento,P.A. Trento,541380,300450,55.5,0.81
3304,2021-06-02,PAT,2880,1381,1499,895,1915,70,ITH,ITH2,4,Provincia Autonoma Trento,P.A. Trento,541380,303330,56.03,0.53
3305,2021-03-11,PAT,2617,982,1635,1506,1051,60,ITH,ITH2,4,Provincia Autonoma Trento,P.A. Trento,541380,305947,56.51,0.48
3306,2021-07-22,PAT,4777,2586,2191,1901,2738,138,ITH,ITH2,4,Provincia Autonoma Trento,P.A. Trento,541380,310724,57.39,0.88
3307,2021-07-07,PAT,4524,2428,2096,2922,1404,198,ITH,ITH2,4,Provincia Autonoma Trento,P.A. Trento,541380,315248,58.23,0.84
3308,2021-06-06,PAT,2267,1079,1188,431,1815,21,ITH,ITH2,4,Provincia Autonoma Trento,P.A. Trento,541380,317515,58.65,0.42
3309,2021-07-12,PAT,4267,2148,2119,2038,2040,189,ITH,ITH2,4,Provincia Autonoma Trento,P.A. Trento,541380,321782,59.44,0.79
3310,2021-02-17,PAT,1174,450,724,1057,112,5,ITH,ITH2,4,Provincia Autonoma Trento,P.A. Trento,541380,322956,59.65,0.22
3311,2021-05-30,PAT,1777,876,901,865,843,69,ITH,ITH2,4,Provincia Autonoma Trento,P.A. Trento,541380,324733,59.98,0.33
3312,2021-07-20,PAT,4828,2610,2218,1745,2933,150,ITH,ITH2,4,Provincia Autonoma Trento,P.A. Trento,541380,329561,60.87,0.89
3313,2021-02-20,PAT,412,247,165,124,287,1,ITH,ITH2,4,Provincia Autonoma Trento,P.A. Trento,541380,329973,60.95,0.08
3314,2021-02-12,PAT,1033,346,687,592,439,2,ITH,ITH2,4,Provincia Autonoma Trento,P.A. Trento,541380,331006,61.14,0.19
3315,2021-03-01,PAT,1254,460,794,928,301,25,ITH,ITH2,4,Provincia Autonoma Trento,P.A. Trento,541380,332260,61.37,0.23
3316,2021-03-20,PAT,888,409,479,663,211,14,ITH,ITH2,4,Provincia Autonoma Trento,P.A. Trento,541380,333148,61.54,0.16
3317,2021-03-03,PAT,1672,628,1044,1115,520,37,ITH,ITH2,4,Provincia Autonoma Trento,P.A. Trento,541380,334820,61.85,0.31
3318,2021-06-11,PAT,7307,3475,3832,1491,5710,106,ITH,ITH2,4,Provincia Autonoma Trento,P.A. Trento,541380,342127,63.2,1.35
3319,2021-06-13,PAT,3733,2060,1673,279,3430,24,ITH,ITH2,4,Provincia Autonoma Trento,P.A. Trento,541380,345860,63.88,0.69
3320,2020-12-27,PAT,107,43,64,107,0,0,ITH,ITH2,4,Provincia Autonoma Trento,P.A. Trento,541380,345967,63.9,0.02
3321,2021-08-02,PAT,5376,2852,2524,1608,3701,67,ITH,ITH2,4,Provincia Autonoma Trento,P.A. Trento,541380,351343,64.9,0.99
3322,2021-02-03,PAT,876,325,551,416,460,0,ITH,ITH2,4,Provincia Autonoma Trento,P.A. Trento,541380,352219,65.06,0.16
3323,2021-07-19,PAT,4808,2531,2277,1456,3223,129,ITH,ITH2,4,Provincia Autonoma Trento,P.A. Trento,541380,357027,65.95,0.89
3324,2021-05-23,PAT,1995,1015,980,432,1535,28,ITH,ITH2,4,Provincia Autonoma Trento,P.A. Trento,541380,359022,66.32,0.37
3325,2021-04-10,PAT,2876,1352,1524,1994,803,79,ITH,ITH2,4,Provincia Autonoma Trento,P.A. Trento,541380,361898,66.85,0.53
3326,2021-01-03,PAT,502,166,336,502,0,0,ITH,ITH2,4,Provincia Autonoma Trento,P.A. Trento,541380,362400,66.94,0.09
3327,2021-07-21,PAT,4705,2520,2185,1526,3085,94,ITH,ITH2,4,Provincia Autonoma Trento,P.A. Trento,541380,367105,67.81,0.87
3328,2021-08-09,PAT,5346,2851,2495,2281,2924,141,ITH,ITH2,4,Provincia Autonoma Trento,P.A. Trento,541380,372451,68.8,0.99
3329,2021-08-26,PAT,4119,2161,1958,1068,2954,97,ITH,ITH2,4,Provincia Autonoma Trento,P.A. Trento,541380,376570,69.56,0.76
3330,2021-02-22,PAT,755,262,493,663,86,6,ITH,ITH2,4,Provincia Autonoma Trento,P.A. Trento,541380,377325,69.7,0.14
3331,2021-04-29,PAT,4699,2264,2435,4171,214,314,ITH,ITH2,4,Provincia Autonoma Trento,P.A. Trento,541380,382024,70.56,0.87
3332,2021-08-07,PAT,1622,929,693,817,769,36,ITH,ITH2,4,Provincia Autonoma Trento,P.A. Trento,541380,383646,70.86,0.3
3333,2021-01-22,PAT,1748,459,1289,350,1396,2,ITH,ITH2,4,Provincia Autonoma Trento,P.A. Trento,541380,385394,71.19,0.32
3334,2021-02-05,PAT,835,288,547,285,550,0,ITH,ITH2,4,Provincia Autonoma Trento,P.A. Trento,541380,386229,71.34,0.15
3335,2021-05-16,PAT,1358,756,602,1041,248,69,ITH,ITH2,4,Provincia Autonoma Trento,P.A. Trento,541380,387587,71.59,0.25
3336,2021-01-05,PAT,759,262,497,759,0,0,ITH,ITH2,4,Provincia Autonoma Trento,P.A. Trento,541380,388346,71.73,0.14
3337,2021-04-15,PAT,3234,1459,1775,2831,156,247,ITH,ITH2,4,Provincia Autonoma Trento,P.A. Trento,541380,391580,72.33,0.6
3338,2021-04-03,PAT,1178,485,693,933,177,68,ITH,ITH2,4,Provincia Autonoma Trento,P.A. Trento,541380,392758,72.55,0.22
3339,2021-04-24,PAT,3580,1714,1866,3353,16,211,ITH,ITH2,4,Provincia Autonoma Trento,P.A. Trento,541380,396338,73.21,0.66
3340,2021-02-26,PAT,1257,445,812,933,299,25,ITH,ITH2,4,Provincia Autonoma Trento,P.A. Trento,541380,397595,73.44,0.23
3341,2021-01-14,PAT,731,218,513,729,0,2,ITH,ITH2,4,Provincia Autonoma Trento,P.A. Trento,541380,398326,73.58,0.14
3342,2021-01-08,PAT,1537,341,1196,1536,0,1,ITH,ITH2,4,Provincia Autonoma Trento,P.A. Trento,541380,399863,73.86,0.28
3343,2021-06-14,PAT,5815,3009,2806,2043,3656,116,ITH,ITH2,4,Provincia Autonoma Trento,P.A. Trento,541380,405678,74.93,1.07
3344,2021-04-18,PAT,1864,849,1015,1796,9,59,ITH,ITH2,4,Provincia Autonoma Trento,P.A. Trento,541380,407542,75.28,0.34
3345,2021-03-06,PAT,808,285,523,614,152,42,ITH,ITH2,4,Provincia Autonoma Trento,P.A. Trento,541380,408350,75.43,0.15
3346,2021-04-11,PAT,2392,1161,1231,2201,99,92,ITH,ITH2,4,Provincia Autonoma Trento,P.A. Trento,541380,410742,75.87,0.44
3347,2021-02-10,PAT,872,295,577,513,358,1,ITH,ITH2,4,Provincia Autonoma Trento,P.A. Trento,541380,411614,76.03,0.16
3348,2021-07-26,PAT,3898,2056,1842,836,2995,67,ITH,ITH2,4,Provincia Autonoma Trento,P.A. Trento,541380,415512,76.75,0.72
3349,2021-04-08,PAT,3179,1334,1845,1951,1133,95,ITH,ITH2,4,Provincia Autonoma Trento,P.A. Trento,541380,418691,77.34,0.59
3350,2021-07-30,PAT,5844,3095,2749,2292,3446,106,ITH,ITH2,4,Provincia Autonoma Trento,P.A. Trento,541380,424535,78.42,1.08
3351,2021-08-16,PAT,4844,2559,2285,1805,2930,109,ITH,ITH2,4,Provincia Autonoma Trento,P.A. Trento,541380,429379,79.31,0.89
3352,2021-01-10,PAT,87,20,67,87,0,0,ITH,ITH2,4,Provincia Autonoma Trento,P.A. Trento,541380,429466,79.33,0.02
3353,2021-01-29,PAT,1425,363,1062,56,1369,0,ITH,ITH2,4,Provincia Autonoma Trento,P.A. Trento,541380,430891,79.59,0.26
3354,2021-07-14,PAT,4186,2176,2010,1706,2354,126,ITH,ITH2,4,Provincia Autonoma Trento,P.A. Trento,541380,435077,80.36,0.77
3355,2021-04-22,PAT,3174,1481,1693,2946,46,182,ITH,ITH2,4,Provincia Autonoma Trento,P.A. Trento,541380,438251,80.95,0.59
3356,2021-07-31,PAT,1496,856,640,1074,383,39,ITH,ITH2,4,Provincia Autonoma Trento,P.A. Trento,541380,439747,81.23,0.28
3357,2021-06-18,PAT,7066,3759,3307,1785,5189,92,ITH,ITH2,4,Provincia Autonoma Trento,P.A. Trento,541380,446813,82.53,1.31
3358,2021-03-27,PAT,1673,747,926,1324,263,86,ITH,ITH2,4,Provincia Autonoma Trento,P.A. Trento,541380,448486,82.84,0.31
3359,2021-06-04,PAT,5927,2650,3277,1731,4062,134,ITH,ITH2,4,Provincia Autonoma Trento,P.A. Trento,541380,454413,83.94,1.09
3360,2021-05-18,PAT,4320,2046,2274,3168,868,284,ITH,ITH2,4,Provincia Autonoma Trento,P.A. Trento,541380,458733,84.73,0.8
3361,2021-03-12,PAT,2602,991,1611,1708,815,79,ITH,ITH2,4,Provincia Autonoma Trento,P.A. Trento,541380,461335,85.21,0.48
3362,2021-06-20,PAT,1900,1050,850,31,1864,5,ITH,ITH2,4,Provincia Autonoma Trento,P.A. Trento,541380,463235,85.57,0.35
3363,2021-02-28,PAT,246,122,124,236,0,10,ITH,ITH2,4,Provincia Autonoma Trento,P.A. Trento,541380,463481,85.61,0.05
3364,2021-08-04,PAT,6208,3312,2896,2572,3498,138,ITH,ITH2,4,Provincia Autonoma Trento,P.A. Trento,541380,469689,86.76,1.15
3365,2021-06-08,PAT,6042,2917,3125,1786,4132,124,ITH,ITH2,4,Provincia Autonoma Trento,P.A. Trento,541380,475731,87.87,1.12
3366,2021-04-26,PAT,2676,1260,1416,2411,96,169,ITH,ITH2,4,Provincia Autonoma Trento,P.A. Trento,541380,478407,88.37,0.49
3367,2020-12-31,PAT,1701,480,1221,1701,0,0,ITH,ITH2,4,Provincia Autonoma Trento,P.A. Trento,541380,480108,88.68,0.31
3368,2021-06-22,PAT,6383,3479,2904,3628,2568,187,ITH,ITH2,4,Provincia Autonoma Trento,P.A. Trento,541380,486491,89.86,1.18
3369,2021-03-05,PAT,2307,736,1571,1642,569,96,ITH,ITH2,4,Provincia Autonoma Trento,P.A. Trento,541380,488798,90.29,0.43
3370,2021-01-07,PAT,1301,328,973,1298,0,3,ITH,ITH2,4,Provincia Autonoma Trento,P.A. Trento,541380,490099,90.53,0.24
3371,2021-05-25,PAT,4866,2315,2551,1743,2974,149,ITH,ITH2,4,Provincia Autonoma Trento,P.A. Trento,541380,494965,91.43,0.9
3372,2021-05-08,PAT,3195,1743,1452,2571,426,198,ITH,ITH2,4,Provincia Autonoma Trento,P.A. Trento,541380,498160,92.02,0.59
3373,2021-02-14,PAT,250,189,61,11,239,0,ITH,ITH2,4,Provincia Autonoma Trento,P.A. Trento,541380,498410,92.06,0.05
3374,2021-08-18,PAT,4633,2552,2081,1428,3118,87,ITH,ITH2,4,Provincia Autonoma Trento,P.A. Trento,541380,503043,92.92,0.86
3375,2021-05-27,PAT,4379,2034,2345,1164,3081,134,ITH,ITH2,4,Provincia Autonoma Trento,P.A. Trento,541380,507422,93.73,0.81
3376,2021-02-27,PAT,1053,468,585,605,428,20,ITH,ITH2,4,Provincia Autonoma Trento,P.A. Trento,541380,508475,93.92,0.19
3377,2021-08-03,PAT,6208,3356,2852,2486,3595,127,ITH,ITH2,4,Provincia Autonoma Trento,P.A. Trento,541380,514683,95.07,1.15
3378,2021-01-01,PAT,222,51,171,222,0,0,ITH,ITH2,4,Provincia Autonoma Trento,P.A. Trento,541380,514905,95.11,0.04
3379,2021-06-07,PAT,5882,2926,2956,2680,3025,177,ITH,ITH2,4,Provincia Autonoma Trento,P.A. Trento,541380,520787,96.2,1.09
3380,2021-04-25,PAT,2002,952,1050,1873,7,122,ITH,ITH2,4,Provincia Autonoma Trento,P.A. Trento,541380,522789,96.57,0.37
3381,2021-04-07,PAT,2653,1028,1625,1575,954,124,ITH,ITH2,4,Provincia Autonoma Trento,P.A. Trento,541380,525442,97.06,0.49
3382,2021-07-16,PAT,4597,2368,2229,1740,2704,153,ITH,ITH2,4,Provincia Autonoma Trento,P.A. Trento,541380,530039,97.91,0.85
3383,2021-01-02,PAT,522,149,373,522,0,0,ITH,ITH2,4,Provincia Autonoma Trento,P.A. Trento,541380,530561,98.0,0.1
3384,2021-03-29,PAT,2567,1011,1556,1696,742,129,ITH,ITH2,4,Provincia Autonoma Trento,P.A. Trento,541380,533128,98.48,0.47
3385,2021-04-12,PAT,3156,1455,1701,2527,504,125,ITH,ITH2,4,Provincia Autonoma Trento,P.A. Trento,541380,536284,99.06,0.58
3386,2021-01-21,PAT,376,104,272,247,129,0,ITH,ITH2,4,Provincia Autonoma Trento,P.A. Trento,541380,536660,99.13,0.07
3387,2021-05-01,PAT,4888,2486,2402,4553,37,298,ITH,ITH2,4,Provincia Autonoma Trento,P.A. Trento,541380,541548,100.03,0.9
3388,2021-02-19,PAT,945,366,579,847,65,33,ITH,ITH2,4,Provincia Autonoma Trento,P.A. Trento,541380,542493,100.21,0.17
3389,2021-08-11,PAT,5838,3146,2692,3085,2591,162,ITH,ITH2,4,Provincia Autonoma Trento,P.A. Trento,541380,548331,101.28,1.08
3390,2021-04-17,PAT,2252,1147,1105,2090,57,105,ITH,ITH2,4,Provincia Autonoma Trento,P.A. Trento,541380,550583,101.7,0.42
3391,2021-04-19,PAT,2646,1244,1402,2430,23,193,ITH,ITH2,4,Provincia Autonoma Trento,P.A. Trento,541380,553229,102.19,0.49
3392,2021-07-28,PAT,4867,2669,2198,2161,2571,135,ITH,ITH2,4,Provincia Autonoma Trento,P.A. Trento,541380,558096,103.09,0.9
3393,2021-06-15,PAT,6328,3340,2988,1630,4564,134,ITH,ITH2,4,Provincia Autonoma Trento,P.A. Trento,541380,564424,104.26,1.17
3394,2021-08-28,PAT,1336,821,515,547,752,37,ITH,ITH2,4,Provincia Autonoma Trento,P.A. Trento,541380,565760,104.5,0.25
3395,2021-08-21,PAT,1318,782,536,601,678,39,ITH,ITH2,4,Provincia Autonoma Trento,P.A. Trento,541380,567078,104.75,0.24
3396,2021-06-25,PAT,7788,4155,3633,4186,3446,156,ITH,ITH2,4,Provincia Autonoma Trento,P.A. Trento,541380,574866,106.19,1.44
3397,2021-08-14,PAT,290,156,134,50,237,3,ITH,ITH2,4,Provincia Autonoma Trento,P.A. Trento,541380,575156,106.24,0.05
3398,2021-02-21,PAT,158,95,63,44,114,0,ITH,ITH2,4,Provincia Autonoma Trento,P.A. Trento,541380,575314,106.27,0.03
3399,2021-05-15,PAT,1604,832,772,649,914,41,ITH,ITH2,4,Provincia Autonoma Trento,P.A. Trento,541380,576918,106.56,0.3
3400,2021-06-01,PAT,4103,1925,2178,1082,2910,111,ITH,ITH2,4,Provincia Autonoma Trento,P.A. Trento,541380,581021,107.32,0.76
3401,2021-02-24,PAT,1371,541,830,942,405,24,ITH,ITH2,4,Provincia Autonoma Trento,P.A. Trento,541380,582392,107.58,0.25
3402,2021-06-03,PAT,4844,2279,2565,1237,3515,92,ITH,ITH2,4,Provincia Autonoma Trento,P.A. Trento,541380,587236,108.47,0.89
3403,2021-01-19,PAT,434,89,345,434,0,0,ITH,ITH2,4,Provincia Autonoma Trento,P.A. Trento,541380,587670,108.55,0.08
3404,2021-07-23,PAT,4754,2437,2317,1669,2953,132,ITH,ITH2,4,Provincia Autonoma Trento,P.A. Trento,541380,592424,109.43,0.88
3405,2021-06-27,PAT,1368,735,633,396,961,11,ITH,ITH2,4,Provincia Autonoma Trento,P.A. Trento,541380,593792,109.68,0.25
3406,2021-01-12,PAT,541,173,368,540,0,1,ITH,ITH2,4,Provincia Autonoma Trento,P.A. Trento,541380,594333,109.78,0.1
3407,2021-03-19,PAT,2467,925,1542,1503,881,83,ITH,ITH2,4,Provincia Autonoma Trento,P.A. Trento,541380,596800,110.24,0.46
3408,2021-04-05,PAT,35,17,18,30,2,3,ITH,ITH2,4,Provincia Autonoma Trento,P.A. Trento,541380,596835,110.24,0.01
3409,2021-07-02,PAT,7419,4034,3385,3587,3595,237,ITH,ITH2,4,Provincia Autonoma Trento,P.A. Trento,541380,604254,111.61,1.37
3410,2021-01-15,PAT,628,149,479,627,0,1,ITH,ITH2,4,Provincia Autonoma Trento,P.A. Trento,541380,604882,111.73,0.12
3411,2021-05-20,PAT,5120,2407,2713,3148,1689,283,ITH,ITH2,4,Provincia Autonoma Trento,P.A. Trento,541380,610002,112.68,0.95
3412,2021-03-24,PAT,2415,963,1452,1468,827,120,ITH,ITH2,4,Provincia Autonoma Trento,P.A. Trento,541380,612417,113.12,0.45
3413,2021-02-09,PAT,952,303,649,448,503,1,ITH,ITH2,4,Provincia Autonoma Trento,P.A. Trento,541380,613369,113.3,0.18
3414,2021-03-17,PAT,2130,812,1318,1131,906,93,ITH,ITH2,4,Provincia Autonoma Trento,P.A. Trento,541380,615499,113.69,0.39
3415,2021-02-02,PAT,942,254,688,192,750,0,ITH,ITH2,4,Provincia Autonoma Trento,P.A. Trento,541380,616441,113.86,0.17
3416,2021-07-09,PAT,5151,2731,2420,3045,1884,222,ITH,ITH2,4,Provincia Autonoma Trento,P.A. Trento,541380,621592,114.82,0.95
3417,2021-05-13,PAT,3455,1605,1850,2102,1126,227,ITH,ITH2,4,Provincia Autonoma Trento,P.A. Trento,541380,625047,115.45,0.64
3418,2021-03-10,PAT,2483,973,1510,1472,947,64,ITH,ITH2,4,Provincia Autonoma Trento,P.A. Trento,541380,627530,115.91,0.46
3419,2021-03-31,PAT,2621,1001,1620,1653,868,100,ITH,ITH2,4,Provincia Autonoma Trento,P.A. Trento,541380,630151,116.4,0.48
3420,2021-01-26,PAT,577,173,404,28,549,0,ITH,ITH2,4,Provincia Autonoma Trento,P.A. Trento,541380,630728,116.5,0.11
3421,2021-05-06,PAT,5615,2794,2821,4446,794,375,ITH,ITH2,4,Provincia Autonoma Trento,P.A. Trento,541380,636343,117.54,1.04
3422,2021-01-06,PAT,43,13,30,43,0,0,ITH,ITH2,4,Provincia Autonoma Trento,P.A. Trento,541380,636386,117.55,0.01
3423,2021-08-05,PAT,6387,3492,2895,2948,3316,123,ITH,ITH2,4,Provincia Autonoma Trento,P.A. Trento,541380,642773,118.73,1.18
3424,2021-08-12,PAT,5688,3046,2642,2184,3329,175,ITH,ITH2,4,Provincia Autonoma Trento,P.A. Trento,541380,648461,119.78,1.05
3425,2021-07-29,PAT,5479,2912,2567,2648,2714,117,ITH,ITH2,4,Provincia Autonoma Trento,P.A. Trento,541380,653940,120.79,1.01
3426,2021-06-16,PAT,6321,3414,2907,1990,4208,123,ITH,ITH2,4,Provincia Autonoma Trento,P.A. Trento,541380,660261,121.96,1.17
3427,2021-03-15,PAT,1453,573,880,929,469,55,ITH,ITH2,4,Provincia Autonoma Trento,P.A. Trento,541380,661714,122.23,0.27
3428,2021-08-19,PAT,4622,2480,2142,1102,3437,83,ITH,ITH2,4,Provincia Autonoma Trento,P.A. Trento,541380,666336,123.08,0.85
3429,2021-01-17,PAT,255,199,56,255,0,0,ITH,ITH2,4,Provincia Autonoma Trento,P.A. Trento,541380,666591,123.13,0.05
3430,2021-06-23,PAT,6692,3546,3146,4626,1871,195,ITH,ITH2,4,Provincia Autonoma Trento,P.A. Trento,541380,673283,124.36,1.24
3431,2021-05-11,PAT,3741,1767,1974,2642,862,237,ITH,ITH2,4,Provincia Autonoma Trento,P.A. Trento,541380,677024,125.06,0.69
3432,2021-04-27,PAT,3954,1900,2054,3595,70,289,ITH,ITH2,4,Provincia Autonoma Trento,P.A. Trento,541380,680978,125.79,0.73
3433,2021-05-04,PAT,4570,2490,2080,4168,97,305,ITH,ITH2,4,Provincia Autonoma Trento,P.A. Trento,541380,685548,126.63,0.84
3434,2021-03-08,PAT,1426,439,987,1042,354,30,ITH,ITH2,4,Provincia Autonoma Trento,P.A. Trento,541380,686974,126.89,0.26
3435,2021-03-22,PAT,2349,995,1354,1406,885,58,ITH,ITH2,4,Provincia Autonoma Trento,P.A. Trento,541380,689323,127.33,0.43
3436,2021-01-24,PAT,562,285,277,226,336,0,ITH,ITH2,4,Provincia Autonoma Trento,P.A. Trento,541380,689885,127.43,0.1
3437,2021-06-30,PAT,6871,3530,3341,2698,4056,117,ITH,ITH2,4,Provincia Autonoma Trento,P.A. Trento,541380,696756,128.7,1.27
3438,2021-01-31,PAT,77,16,61,1,76,0,ITH,ITH2,4,Provincia Autonoma Trento,P.A. Trento,541380,696833,128.71,0.01
3439,2021-07-04,PAT,225,125,100,66,157,2,ITH,ITH2,4,Provincia Autonoma Trento,P.A. Trento,541380,697058,128.76,0.04
3440,2021-08-30,PAT,3889,1984,1905,1183,2598,108,ITH,ITH2,4,Provincia Autonoma Trento,P.A. Trento,541380,700947,129.47,0.72
3441,2021-08-23,PAT,4338,2288,2050,1428,2745,165,ITH,ITH2,4,Provincia Autonoma Trento,P.A. Trento,541380,705285,130.28,0.8
3442,2021-07-11,PAT,1035,566,469,132,894,9,ITH,ITH2,4,Provincia Autonoma Trento,P.A. Trento,541380,706320,130.47,0.19
3443,2021-07-12,VDA,979,483,496,238,733,8,ITC,ITC2,2,Valle d'Aosta / Vallée d'Aoste,Valle d'Aosta,125666,979,0.78,0.78
3444,2021-04-03,VDA,676,341,335,649,15,12,ITC,ITC2,2,Valle d'Aosta / Vallée d'Aoste,Valle d'Aosta,125666,1655,1.32,0.54
3445,2021-03-20,VDA,209,87,122,168,36,5,ITC,ITC2,2,Valle d'Aosta / Vallée d'Aoste,Valle d'Aosta,125666,1864,1.48,0.17
3446,2021-06-28,VDA,990,497,493,327,659,4,ITC,ITC2,2,Valle d'Aosta / Vallée d'Aoste,Valle d'Aosta,125666,2854,2.27,0.79
3447,2021-06-11,VDA,1048,484,564,754,283,11,ITC,ITC2,2,Valle d'Aosta / Vallée d'Aoste,Valle d'Aosta,125666,3902,3.11,0.83
3448,2021-02-05,VDA,296,103,193,102,194,0,ITC,ITC2,2,Valle d'Aosta / Vallée d'Aoste,Valle d'Aosta,125666,4198,3.34,0.24
3449,2021-02-22,VDA,317,94,223,211,104,2,ITC,ITC2,2,Valle d'Aosta / Vallée d'Aoste,Valle d'Aosta,125666,4515,3.59,0.25
3450,2021-05-16,VDA,690,342,348,341,342,7,ITC,ITC2,2,Valle d'Aosta / Vallée d'Aoste,Valle d'Aosta,125666,5205,4.14,0.55
3451,2021-08-07,VDA,739,433,306,304,421,14,ITC,ITC2,2,Valle d'Aosta / Vallée d'Aoste,Valle d'Aosta,125666,5944,4.73,0.59
3452,2021-05-30,VDA,865,429,436,683,171,11,ITC,ITC2,2,Valle d'Aosta / Vallée d'Aoste,Valle d'Aosta,125666,6809,5.42,0.69
3453,2021-07-26,VDA,1006,512,494,316,682,8,ITC,ITC2,2,Valle d'Aosta / Vallée d'Aoste,Valle d'Aosta,125666,7815,6.22,0.8
3454,2021-05-28,VDA,977,415,562,546,413,18,ITC,ITC2,2,Valle d'Aosta / Vallée d'Aoste,Valle d'Aosta,125666,8792,7.0,0.78
3455,2021-02-17,VDA,329,146,183,225,101,3,ITC,ITC2,2,Valle d'Aosta / Vallée d'Aoste,Valle d'Aosta,125666,9121,7.26,0.26
3456,2021-02-03,VDA,354,116,238,15,339,0,ITC,ITC2,2,Valle d'Aosta / Vallée d'Aoste,Valle d'Aosta,125666,9475,7.54,0.28
3457,2021-04-01,VDA,778,394,384,747,12,19,ITC,ITC2,2,Valle d'Aosta / Vallée d'Aoste,Valle d'Aosta,125666,10253,8.16,0.62
3458,2021-01-27,VDA,156,75,81,80,76,0,ITC,ITC2,2,Valle d'Aosta / Vallée d'Aoste,Valle d'Aosta,125666,10409,8.28,0.12
3459,2021-04-20,VDA,935,430,505,710,194,31,ITC,ITC2,2,Valle d'Aosta / Vallée d'Aoste,Valle d'Aosta,125666,11344,9.03,0.74
3460,2021-01-10,VDA,220,71,149,212,0,8,ITC,ITC2,2,Valle d'Aosta / Vallée d'Aoste,Valle d'Aosta,125666,11564,9.2,0.18
3461,2020-12-27,VDA,20,9,11,20,0,0,ITC,ITC2,2,Valle d'Aosta / Vallée d'Aoste,Valle d'Aosta,125666,11584,9.22,0.02
3462,2021-04-15,VDA,814,378,436,643,140,31,ITC,ITC2,2,Valle d'Aosta / Vallée d'Aoste,Valle d'Aosta,125666,12398,9.87,0.65
3463,2021-07-07,VDA,793,440,353,413,363,17,ITC,ITC2,2,Valle d'Aosta / Vallée d'Aoste,Valle d'Aosta,125666,13191,10.5,0.63
3464,2021-07-24,VDA,1019,536,483,331,682,6,ITC,ITC2,2,Valle d'Aosta / Vallée d'Aoste,Valle d'Aosta,125666,14210,11.31,0.81
3465,2021-05-02,VDA,765,345,420,581,160,24,ITC,ITC2,2,Valle d'Aosta / Vallée d'Aoste,Valle d'Aosta,125666,14975,11.92,0.61
3466,2021-01-22,VDA,58,22,36,22,36,0,ITC,ITC2,2,Valle d'Aosta / Vallée d'Aoste,Valle d'Aosta,125666,15033,11.96,0.05
3467,2021-01-08,VDA,301,131,170,301,0,0,ITC,ITC2,2,Valle d'Aosta / Vallée d'Aoste,Valle d'Aosta,125666,15334,12.2,0.24
3468,2021-03-06,VDA,22,4,18,18,0,4,ITC,ITC2,2,Valle d'Aosta / Vallée d'Aoste,Valle d'Aosta,125666,15356,12.22,0.02
3469,2021-02-10,VDA,248,77,171,141,107,0,ITC,ITC2,2,Valle d'Aosta / Vallée d'Aoste,Valle d'Aosta,125666,15604,12.42,0.2
3470,2021-03-25,VDA,389,154,235,364,10,15,ITC,ITC2,2,Valle d'Aosta / Vallée d'Aoste,Valle d'Aosta,125666,15993,12.73,0.31
3471,2021-05-21,VDA,933,443,490,523,401,9,ITC,ITC2,2,Valle d'Aosta / Vallée d'Aoste,Valle d'Aosta,125666,16926,13.47,0.74
3472,2021-04-17,VDA,638,407,231,596,2,40,ITC,ITC2,2,Valle d'Aosta / Vallée d'Aoste,Valle d'Aosta,125666,17564,13.98,0.51
3473,2021-01-07,VDA,280,113,167,280,0,0,ITC,ITC2,2,Valle d'Aosta / Vallée d'Aoste,Valle d'Aosta,125666,17844,14.2,0.22
3474,2021-06-09,VDA,1051,559,492,1008,35,8,ITC,ITC2,2,Valle d'Aosta / Vallée d'Aoste,Valle d'Aosta,125666,18895,15.04,0.84
3475,2021-03-01,VDA,181,66,115,139,34,8,ITC,ITC2,2,Valle d'Aosta / Vallée d'Aoste,Valle d'Aosta,125666,19076,15.18,0.14
3476,2021-02-15,VDA,264,136,128,226,35,3,ITC,ITC2,2,Valle d'Aosta / Vallée d'Aoste,Valle d'Aosta,125666,19340,15.39,0.21
3477,2021-08-14,VDA,465,256,209,135,314,16,ITC,ITC2,2,Valle d'Aosta / Vallée d'Aoste,Valle d'Aosta,125666,19805,15.76,0.37
3478,2021-03-13,VDA,147,88,59,141,0,6,ITC,ITC2,2,Valle d'Aosta / Vallée d'Aoste,Valle d'Aosta,125666,19952,15.88,0.12
3479,2021-01-15,VDA,220,83,137,220,0,0,ITC,ITC2,2,Valle d'Aosta / Vallée d'Aoste,Valle d'Aosta,125666,20172,16.05,0.18
3480,2021-04-13,VDA,373,171,202,312,44,17,ITC,ITC2,2,Valle d'Aosta / Vallée d'Aoste,Valle d'Aosta,125666,20545,16.35,0.3
3481,2021-07-05,VDA,836,357,479,313,510,13,ITC,ITC2,2,Valle d'Aosta / Vallée d'Aoste,Valle d'Aosta,125666,21381,17.01,0.67
3482,2021-03-27,VDA,337,166,171,292,31,14,ITC,ITC2,2,Valle d'Aosta / Vallée d'Aoste,Valle d'Aosta,125666,21718,17.28,0.27
3483,2021-06-18,VDA,1000,443,557,586,400,14,ITC,ITC2,2,Valle d'Aosta / Vallée d'Aoste,Valle d'Aosta,125666,22718,18.08,0.8
3484,2021-06-04,VDA,910,385,525,468,435,7,ITC,ITC2,2,Valle d'Aosta / Vallée d'Aoste,Valle d'Aosta,125666,23628,18.8,0.72
3485,2021-08-26,VDA,342,167,175,82,253,7,ITC,ITC2,2,Valle d'Aosta / Vallée d'Aoste,Valle d'Aosta,125666,23970,19.07,0.27
3486,2021-07-23,VDA,973,485,488,360,607,6,ITC,ITC2,2,Valle d'Aosta / Vallée d'Aoste,Valle d'Aosta,125666,24943,19.85,0.77
3487,2021-07-19,VDA,878,460,418,255,618,5,ITC,ITC2,2,Valle d'Aosta / Vallée d'Aoste,Valle d'Aosta,125666,25821,20.55,0.7
3488,2021-02-24,VDA,185,84,101,163,21,1,ITC,ITC2,2,Valle d'Aosta / Vallée d'Aoste,Valle d'Aosta,125666,26006,20.69,0.15
3489,2021-04-08,VDA,585,282,303,420,144,21,ITC,ITC2,2,Valle d'Aosta / Vallée d'Aoste,Valle d'Aosta,125666,26591,21.16,0.47
3490,2021-06-13,VDA,857,403,454,372,482,3,ITC,ITC2,2,Valle d'Aosta / Vallée d'Aoste,Valle d'Aosta,125666,27448,21.84,0.68
3491,2021-05-23,VDA,999,465,534,654,340,5,ITC,ITC2,2,Valle d'Aosta / Vallée d'Aoste,Valle d'Aosta,125666,28447,22.64,0.79
3492,2021-01-29,VDA,321,139,182,2,319,0,ITC,ITC2,2,Valle d'Aosta / Vallée d'Aoste,Valle d'Aosta,125666,28768,22.89,0.26
3493,2021-08-31,VDA,672,344,328,135,531,6,ITC,ITC2,2,Valle d'Aosta / Vallée d'Aoste,Valle d'Aosta,125666,29440,23.43,0.53
3494,2021-04-22,VDA,1068,450,618,652,383,33,ITC,ITC2,2,Valle d'Aosta / Vallée d'Aoste,Valle d'Aosta,125666,30508,24.28,0.85
3495,2021-05-09,VDA,574,287,287,425,130,19,ITC,ITC2,2,Valle d'Aosta / Vallée d'Aoste,Valle d'Aosta,125666,31082,24.73,0.46
3496,2021-07-31,VDA,890,465,425,318,558,14,ITC,ITC2,2,Valle d'Aosta / Vallée d'Aoste,Valle d'Aosta,125666,31972,25.44,0.71
3497,2021-02-19,VDA,292,102,190,267,24,1,ITC,ITC2,2,Valle d'Aosta / Vallée d'Aoste,Valle d'Aosta,125666,32264,25.67,0.23
3498,2021-08-04,VDA,1046,571,475,370,658,18,ITC,ITC2,2,Valle d'Aosta / Vallée d'Aoste,Valle d'Aosta,125666,33310,26.51,0.83
3499,2021-01-05,VDA,151,55,96,151,0,0,ITC,ITC2,2,Valle d'Aosta / Vallée d'Aoste,Valle d'Aosta,125666,33461,26.63,0.12
3500,2021-01-14,VDA,237,69,168,237,0,0,ITC,ITC2,2,Valle d'Aosta / Vallée d'Aoste,Valle d'Aosta,125666,33698,26.82,0.19
3501,2021-08-02,VDA,760,407,353,304,446,10,ITC,ITC2,2,Valle d'Aosta / Vallée d'Aoste,Valle d'Aosta,125666,34458,27.42,0.6
3502,2021-04-24,VDA,723,401,322,534,167,22,ITC,ITC2,2,Valle d'Aosta / Vallée d'Aoste,Valle d'Aosta,125666,35181,28.0,0.58
3503,2021-05-25,VDA,1117,532,585,530,575,12,ITC,ITC2,2,Valle d'Aosta / Vallée d'Aoste,Valle d'Aosta,125666,36298,28.88,0.89
3504,2021-02-14,VDA,48,16,32,1,47,0,ITC,ITC2,2,Valle d'Aosta / Vallée d'Aoste,Valle d'Aosta,125666,36346,28.92,0.04
3505,2021-05-08,VDA,908,543,365,500,382,26,ITC,ITC2,2,Valle d'Aosta / Vallée d'Aoste,Valle d'Aosta,125666,37254,29.65,0.72
3506,2021-08-16,VDA,420,209,211,127,276,17,ITC,ITC2,2,Valle d'Aosta / Vallée d'Aoste,Valle d'Aosta,125666,37674,29.98,0.33
3507,2021-03-08,VDA,488,233,255,240,245,3,ITC,ITC2,2,Valle d'Aosta / Vallée d'Aoste,Valle d'Aosta,125666,38162,30.37,0.39
3508,2021-08-12,VDA,375,204,171,117,248,10,ITC,ITC2,2,Valle d'Aosta / Vallée d'Aoste,Valle d'Aosta,125666,38537,30.67,0.3
3509,2021-05-04,VDA,1136,511,625,435,674,27,ITC,ITC2,2,Valle d'Aosta / Vallée d'Aoste,Valle d'Aosta,125666,39673,31.57,0.9
3510,2021-06-16,VDA,1064,565,499,666,394,4,ITC,ITC2,2,Valle d'Aosta / Vallée d'Aoste,Valle d'Aosta,125666,40737,32.42,0.85
3511,2021-03-15,VDA,387,141,246,175,203,9,ITC,ITC2,2,Valle d'Aosta / Vallée d'Aoste,Valle d'Aosta,125666,41124,32.72,0.31
3512,2021-08-19,VDA,265,158,107,70,180,15,ITC,ITC2,2,Valle d'Aosta / Vallée d'Aoste,Valle d'Aosta,125666,41389,32.94,0.21
3513,2021-05-11,VDA,649,326,323,472,150,27,ITC,ITC2,2,Valle d'Aosta / Vallée d'Aoste,Valle d'Aosta,125666,42038,33.45,0.52
3514,2021-04-27,VDA,979,424,555,653,292,34,ITC,ITC2,2,Valle d'Aosta / Vallée d'Aoste,Valle d'Aosta,125666,43017,34.23,0.78
3515,2021-01-17,VDA,131,56,75,131,0,0,ITC,ITC2,2,Valle d'Aosta / Vallée d'Aoste,Valle d'Aosta,125666,43148,34.34,0.1
3516,2021-06-23,VDA,1044,551,493,422,617,5,ITC,ITC2,2,Valle d'Aosta / Vallée d'Aoste,Valle d'Aosta,125666,44192,35.17,0.83
3517,2021-03-29,VDA,494,233,261,450,40,4,ITC,ITC2,2,Valle d'Aosta / Vallée d'Aoste,Valle d'Aosta,125666,44686,35.56,0.39
3518,2021-06-20,VDA,1132,545,587,478,644,10,ITC,ITC2,2,Valle d'Aosta / Vallée d'Aoste,Valle d'Aosta,125666,45818,36.46,0.9
3519,2021-03-12,VDA,535,177,358,301,226,8,ITC,ITC2,2,Valle d'Aosta / Vallée d'Aoste,Valle d'Aosta,125666,46353,36.89,0.43
3520,2021-01-19,VDA,256,77,179,256,0,0,ITC,ITC2,2,Valle d'Aosta / Vallée d'Aoste,Valle d'Aosta,125666,46609,37.09,0.2
3521,2021-04-12,VDA,487,187,300,305,164,18,ITC,ITC2,2,Valle d'Aosta / Vallée d'Aoste,Valle d'Aosta,125666,47096,37.48,0.39
3522,2021-04-29,VDA,1293,636,657,742,532,19,ITC,ITC2,2,Valle d'Aosta / Vallée d'Aoste,Valle d'Aosta,125666,48389,38.51,1.03
3523,2021-07-21,VDA,1168,638,530,311,849,8,ITC,ITC2,2,Valle d'Aosta / Vallée d'Aoste,Valle d'Aosta,125666,49557,39.44,0.93
3524,2021-07-04,VDA,1192,530,662,349,829,14,ITC,ITC2,2,Valle d'Aosta / Vallée d'Aoste,Valle d'Aosta,125666,50749,40.38,0.95
3525,2021-03-17,VDA,438,185,253,259,165,14,ITC,ITC2,2,Valle d'Aosta / Vallée d'Aoste,Valle d'Aosta,125666,51187,40.73,0.35
3526,2021-03-03,VDA,258,119,139,182,71,5,ITC,ITC2,2,Valle d'Aosta / Vallée d'Aoste,Valle d'Aosta,125666,51445,40.94,0.21
3527,2021-07-16,VDA,1077,554,523,345,731,1,ITC,ITC2,2,Valle d'Aosta / Vallée d'Aoste,Valle d'Aosta,125666,52522,41.79,0.86
3528,2021-06-08,VDA,770,408,362,732,33,5,ITC,ITC2,2,Valle d'Aosta / Vallée d'Aoste,Valle d'Aosta,125666,53292,42.41,0.61
3529,2021-02-26,VDA,210,58,152,110,86,14,ITC,ITC2,2,Valle d'Aosta / Vallée d'Aoste,Valle d'Aosta,125666,53502,42.57,0.17
3530,2021-04-10,VDA,405,191,214,389,5,11,ITC,ITC2,2,Valle d'Aosta / Vallée d'Aoste,Valle d'Aosta,125666,53907,42.9,0.32
3531,2021-07-28,VDA,1424,765,659,363,1048,13,ITC,ITC2,2,Valle d'Aosta / Vallée d'Aoste,Valle d'Aosta,125666,55331,44.03,1.13
3532,2021-04-19,VDA,753,326,427,521,209,23,ITC,ITC2,2,Valle d'Aosta / Vallée d'Aoste,Valle d'Aosta,125666,56084,44.63,0.6
3533,2021-01-16,VDA,237,80,157,237,0,0,ITC,ITC2,2,Valle d'Aosta / Vallée d'Aoste,Valle d'Aosta,125666,56321,44.82,0.19
3534,2021-06-22,VDA,1191,666,525,530,649,12,ITC,ITC2,2,Valle d'Aosta / Vallée d'Aoste,Valle d'Aosta,125666,57512,45.77,0.95
3535,2021-03-10,VDA,439,184,255,220,214,5,ITC,ITC2,2,Valle d'Aosta / Vallée d'Aoste,Valle d'Aosta,125666,57951,46.12,0.35
3536,2021-02-21,VDA,18,3,15,0,18,0,ITC,ITC2,2,Valle d'Aosta / Vallée d'Aoste,Valle d'Aosta,125666,57969,46.13,0.01
3537,2021-06-01,VDA,873,470,403,510,354,9,ITC,ITC2,2,Valle d'Aosta / Vallée d'Aoste,Valle d'Aosta,125666,58842,46.82,0.69
3538,2021-08-23,VDA,404,205,199,91,299,14,ITC,ITC2,2,Valle d'Aosta / Vallée d'Aoste,Valle d'Aosta,125666,59246,47.15,0.32
3539,2021-05-18,VDA,972,484,488,349,619,4,ITC,ITC2,2,Valle d'Aosta / Vallée d'Aoste,Valle d'Aosta,125666,60218,47.92,0.77
3540,2021-02-07,VDA,292,120,172,190,102,0,ITC,ITC2,2,Valle d'Aosta / Vallée d'Aoste,Valle d'Aosta,125666,60510,48.15,0.23
3541,2021-08-09,VDA,674,335,339,252,401,21,ITC,ITC2,2,Valle d'Aosta / Vallée d'Aoste,Valle d'Aosta,125666,61184,48.69,0.54
3542,2021-05-01,VDA,941,564,377,440,484,17,ITC,ITC2,2,Valle d'Aosta / Vallée d'Aoste,Valle d'Aosta,125666,62125,49.44,0.75
3543,2021-04-14,VDA,942,430,512,692,224,26,ITC,ITC2,2,Valle d'Aosta / Vallée d'Aoste,Valle d'Aosta,125666,63067,50.19,0.75
3544,2021-07-06,VDA,885,480,405,158,722,5,ITC,ITC2,2,Valle d'Aosta / Vallée d'Aoste,Valle d'Aosta,125666,63952,50.89,0.7
3545,2021-04-05,VDA,465,223,242,445,6,14,ITC,ITC2,2,Valle d'Aosta / Vallée d'Aoste,Valle d'Aosta,125666,64417,51.26,0.37
3546,2021-06-27,VDA,1253,608,645,311,931,11,ITC,ITC2,2,Valle d'Aosta / Vallée d'Aoste,Valle d'Aosta,125666,65670,52.26,1.0
3547,2021-07-14,VDA,1021,534,487,292,728,1,ITC,ITC2,2,Valle d'Aosta / Vallée d'Aoste,Valle d'Aosta,125666,66691,53.07,0.81
3548,2020-12-31,VDA,18,4,14,18,0,0,ITC,ITC2,2,Valle d'Aosta / Vallée d'Aoste,Valle d'Aosta,125666,66709,53.08,0.01
3549,2021-06-06,VDA,1160,582,578,781,373,6,ITC,ITC2,2,Valle d'Aosta / Vallée d'Aoste,Valle d'Aosta,125666,67869,54.01,0.92
3550,2021-06-15,VDA,924,508,416,654,257,13,ITC,ITC2,2,Valle d'Aosta / Vallée d'Aoste,Valle d'Aosta,125666,68793,54.74,0.74
3551,2021-08-11,VDA,776,380,396,303,452,21,ITC,ITC2,2,Valle d'Aosta / Vallée d'Aoste,Valle d'Aosta,125666,69569,55.36,0.62
3552,2021-03-05,VDA,277,125,152,53,223,1,ITC,ITC2,2,Valle d'Aosta / Vallée d'Aoste,Valle d'Aosta,125666,69846,55.58,0.22
3553,2021-01-26,VDA,149,52,97,2,147,0,ITC,ITC2,2,Valle d'Aosta / Vallée d'Aoste,Valle d'Aosta,125666,69995,55.7,0.12
3554,2021-02-12,VDA,263,96,167,216,46,1,ITC,ITC2,2,Valle d'Aosta / Vallée d'Aoste,Valle d'Aosta,125666,70258,55.91,0.21
3555,2021-01-12,VDA,303,73,230,303,0,0,ITC,ITC2,2,Valle d'Aosta / Vallée d'Aoste,Valle d'Aosta,125666,70561,56.15,0.24
3556,2021-09-01,VDA,799,428,371,186,587,26,ITC,ITC2,2,Valle d'Aosta / Vallée d'Aoste,Valle d'Aosta,125666,71360,56.79,0.64
3557,2021-05-24,VDA,1138,517,621,676,447,15,ITC,ITC2,2,Valle d'Aosta / Vallée d'Aoste,Valle d'Aosta,125666,72498,57.69,0.91
3558,2021-05-10,VDA,783,382,401,533,235,15,ITC,ITC2,2,Valle d'Aosta / Vallée d'Aoste,Valle d'Aosta,125666,73281,58.31,0.62
3559,2021-03-14,VDA,392,200,192,374,0,18,ITC,ITC2,2,Valle d'Aosta / Vallée d'Aoste,Valle d'Aosta,125666,73673,58.63,0.31
3560,2021-04-26,VDA,718,330,388,516,170,32,ITC,ITC2,2,Valle d'Aosta / Vallée d'Aoste,Valle d'Aosta,125666,74391,59.2,0.57
3561,2021-08-27,VDA,497,258,239,124,367,6,ITC,ITC2,2,Valle d'Aosta / Vallée d'Aoste,Valle d'Aosta,125666,74888,59.59,0.4
3562,2021-07-01,VDA,962,473,489,328,621,13,ITC,ITC2,2,Valle d'Aosta / Vallée d'Aoste,Valle d'Aosta,125666,75850,60.36,0.77
3563,2021-06-30,VDA,1120,543,577,416,695,9,ITC,ITC2,2,Valle d'Aosta / Vallée d'Aoste,Valle d'Aosta,125666,76970,61.25,0.89
3564,2021-01-02,VDA,6,5,1,6,0,0,ITC,ITC2,2,Valle d'Aosta / Vallée d'Aoste,Valle d'Aosta,125666,76976,61.25,0.0
3565,2021-03-26,VDA,498,204,294,481,7,10,ITC,ITC2,2,Valle d'Aosta / Vallée d'Aoste,Valle d'Aosta,125666,77474,61.65,0.4
3566,2021-06-17,VDA,990,529,461,637,341,12,ITC,ITC2,2,Valle d'Aosta / Vallée d'Aoste,Valle d'Aosta,125666,78464,62.44,0.79
3567,2021-02-23,VDA,217,124,93,216,0,1,ITC,ITC2,2,Valle d'Aosta / Vallée d'Aoste,Valle d'Aosta,125666,78681,62.61,0.17
3568,2021-06-03,VDA,1309,669,640,882,413,14,ITC,ITC2,2,Valle d'Aosta / Vallée d'Aoste,Valle d'Aosta,125666,79990,63.65,1.04
3569,2021-02-28,VDA,260,86,174,73,183,4,ITC,ITC2,2,Valle d'Aosta / Vallée d'Aoste,Valle d'Aosta,125666,80250,63.86,0.21
3570,2021-05-05,VDA,1038,566,472,434,582,22,ITC,ITC2,2,Valle d'Aosta / Vallée d'Aoste,Valle d'Aosta,125666,81288,64.69,0.83
3571,2021-08-13,VDA,493,272,221,204,280,9,ITC,ITC2,2,Valle d'Aosta / Vallée d'Aoste,Valle d'Aosta,125666,81781,65.08,0.39
3572,2021-08-18,VDA,687,356,331,235,433,19,ITC,ITC2,2,Valle d'Aosta / Vallée d'Aoste,Valle d'Aosta,125666,82468,65.62,0.55
3573,2021-07-30,VDA,965,501,464,419,525,21,ITC,ITC2,2,Valle d'Aosta / Vallée d'Aoste,Valle d'Aosta,125666,83433,66.39,0.77
3574,2021-04-21,VDA,869,410,459,588,249,32,ITC,ITC2,2,Valle d'Aosta / Vallée d'Aoste,Valle d'Aosta,125666,84302,67.08,0.69
3575,2021-07-13,VDA,1061,567,494,307,748,6,ITC,ITC2,2,Valle d'Aosta / Vallée d'Aoste,Valle d'Aosta,125666,85363,67.93,0.84
3576,2021-03-21,VDA,360,169,191,351,0,9,ITC,ITC2,2,Valle d'Aosta / Vallée d'Aoste,Valle d'Aosta,125666,85723,68.21,0.29
3577,2021-06-29,VDA,782,390,392,236,543,3,ITC,ITC2,2,Valle d'Aosta / Vallée d'Aoste,Valle d'Aosta,125666,86505,68.84,0.62
3578,2021-08-01,VDA,842,445,397,286,547,9,ITC,ITC2,2,Valle d'Aosta / Vallée d'Aoste,Valle d'Aosta,125666,87347,69.51,0.67
3579,2021-01-28,VDA,294,124,170,55,239,0,ITC,ITC2,2,Valle d'Aosta / Vallée d'Aoste,Valle d'Aosta,125666,87641,69.74,0.23
3580,2021-01-09,VDA,445,200,245,445,0,0,ITC,ITC2,2,Valle d'Aosta / Vallée d'Aoste,Valle d'Aosta,125666,88086,70.1,0.35
3581,2021-06-24,VDA,1226,631,595,381,837,8,ITC,ITC2,2,Valle d'Aosta / Vallée d'Aoste,Valle d'Aosta,125666,89312,71.07,0.98
3582,2021-07-03,VDA,936,485,451,390,537,9,ITC,ITC2,2,Valle d'Aosta / Vallée d'Aoste,Valle d'Aosta,125666,90248,71.82,0.74
3583,2021-08-29,VDA,209,120,89,6,202,1,ITC,ITC2,2,Valle d'Aosta / Vallée d'Aoste,Valle d'Aosta,125666,90457,71.98,0.17
3584,2021-08-30,VDA,546,275,271,115,393,38,ITC,ITC2,2,Valle d'Aosta / Vallée d'Aoste,Valle d'Aosta,125666,91003,72.42,0.43
3585,2021-01-31,VDA,291,91,200,58,233,0,ITC,ITC2,2,Valle d'Aosta / Vallée d'Aoste,Valle d'Aosta,125666,91294,72.65,0.23
3586,2021-05-03,VDA,841,400,441,459,352,30,ITC,ITC2,2,Valle d'Aosta / Vallée d'Aoste,Valle d'Aosta,125666,92135,73.32,0.67
3587,2021-03-07,VDA,64,30,34,11,53,0,ITC,ITC2,2,Valle d'Aosta / Vallée d'Aoste,Valle d'Aosta,125666,92199,73.37,0.05
3588,2021-08-20,VDA,473,240,233,142,316,15,ITC,ITC2,2,Valle d'Aosta / Vallée d'Aoste,Valle d'Aosta,125666,92672,73.74,0.38
3589,2021-01-21,VDA,33,12,21,33,0,0,ITC,ITC2,2,Valle d'Aosta / Vallée d'Aoste,Valle d'Aosta,125666,92705,73.77,0.03
3590,2021-01-04,VDA,144,61,83,144,0,0,ITC,ITC2,2,Valle d'Aosta / Vallée d'Aoste,Valle d'Aosta,125666,92849,73.89,0.11
3591,2021-03-28,VDA,524,213,311,497,0,27,ITC,ITC2,2,Valle d'Aosta / Vallée d'Aoste,Valle d'Aosta,125666,93373,74.3,0.42
3592,2021-03-11,VDA,392,164,228,152,239,1,ITC,ITC2,2,Valle d'Aosta / Vallée d'Aoste,Valle d'Aosta,125666,93765,74.61,0.31
3593,2021-06-02,VDA,1216,688,528,810,402,4,ITC,ITC2,2,Valle d'Aosta / Vallée d'Aoste,Valle d'Aosta,125666,94981,75.58,0.97
3594,2021-08-25,VDA,681,348,333,128,527,26,ITC,ITC2,2,Valle d'Aosta / Vallée d'Aoste,Valle d'Aosta,125666,95662,76.12,0.54
3595,2021-05-17,VDA,809,417,392,365,434,10,ITC,ITC2,2,Valle d'Aosta / Vallée d'Aoste,Valle d'Aosta,125666,96471,76.77,0.64
3596,2021-08-08,VDA,579,297,282,175,394,10,ITC,ITC2,2,Valle d'Aosta / Vallée d'Aoste,Valle d'Aosta,125666,97050,77.23,0.46
3597,2021-05-15,VDA,1067,614,453,368,686,13,ITC,ITC2,2,Valle d'Aosta / Vallée d'Aoste,Valle d'Aosta,125666,98117,78.08,0.85
3598,2021-02-04,VDA,295,86,209,8,287,0,ITC,ITC2,2,Valle d'Aosta / Vallée d'Aoste,Valle d'Aosta,125666,98412,78.31,0.23
3599,2021-04-28,VDA,1220,633,587,683,503,34,ITC,ITC2,2,Valle d'Aosta / Vallée d'Aoste,Valle d'Aosta,125666,99632,79.28,0.97
3600,2021-08-06,VDA,820,400,420,406,397,17,ITC,ITC2,2,Valle d'Aosta / Vallée d'Aoste,Valle d'Aosta,125666,100452,79.94,0.65
3601,2021-06-12,VDA,1234,600,634,1060,167,7,ITC,ITC2,2,Valle d'Aosta / Vallée d'Aoste,Valle d'Aosta,125666,101686,80.92,0.98
3602,2021-03-19,VDA,322,85,237,285,35,2,ITC,ITC2,2,Valle d'Aosta / Vallée d'Aoste,Valle d'Aosta,125666,102008,81.17,0.26
3603,2021-06-10,VDA,1057,610,447,1008,41,8,ITC,ITC2,2,Valle d'Aosta / Vallée d'Aoste,Valle d'Aosta,125666,103065,82.02,0.84
3604,2021-03-02,VDA,340,166,174,291,3,46,ITC,ITC2,2,Valle d'Aosta / Vallée d'Aoste,Valle d'Aosta,125666,103405,82.29,0.27
3605,2021-02-08,VDA,224,83,141,25,199,0,ITC,ITC2,2,Valle d'Aosta / Vallée d'Aoste,Valle d'Aosta,125666,103629,82.46,0.18
3606,2021-03-23,VDA,380,150,230,229,135,16,ITC,ITC2,2,Valle d'Aosta / Vallée d'Aoste,Valle d'Aosta,125666,104009,82.77,0.3
3607,2021-05-19,VDA,993,498,495,411,575,7,ITC,ITC2,2,Valle d'Aosta / Vallée d'Aoste,Valle d'Aosta,125666,105002,83.56,0.79
3608,2021-01-30,VDA,440,203,237,12,426,2,ITC,ITC2,2,Valle d'Aosta / Vallée d'Aoste,Valle d'Aosta,125666,105442,83.91,0.35
3609,2021-01-25,VDA,150,67,83,1,149,0,ITC,ITC2,2,Valle d'Aosta / Vallée d'Aoste,Valle d'Aosta,125666,105592,84.03,0.12
3610,2021-07-10,VDA,1295,670,625,320,964,11,ITC,ITC2,2,Valle d'Aosta / Vallée d'Aoste,Valle d'Aosta,125666,106887,85.06,1.03
3611,2021-08-22,VDA,177,88,89,8,169,0,ITC,ITC2,2,Valle d'Aosta / Vallée d'Aoste,Valle d'Aosta,125666,107064,85.2,0.14
3612,2021-05-14,VDA,964,444,520,265,670,29,ITC,ITC2,2,Valle d'Aosta / Vallée d'Aoste,Valle d'Aosta,125666,108028,85.96,0.77
3613,2021-06-19,VDA,1295,671,624,658,621,16,ITC,ITC2,2,Valle d'Aosta / Vallée d'Aoste,Valle d'Aosta,125666,109323,86.99,1.03
3614,2021-08-24,VDA,671,369,302,143,518,10,ITC,ITC2,2,Valle d'Aosta / Vallée d'Aoste,Valle d'Aosta,125666,109994,87.53,0.53
3615,2021-03-09,VDA,206,96,110,167,32,7,ITC,ITC2,2,Valle d'Aosta / Vallée d'Aoste,Valle d'Aosta,125666,110200,87.69,0.16
3616,2021-02-20,VDA,256,214,42,243,10,3,ITC,ITC2,2,Valle d'Aosta / Vallée d'Aoste,Valle d'Aosta,125666,110456,87.9,0.2
3617,2021-03-22,VDA,561,205,356,326,229,6,ITC,ITC2,2,Valle d'Aosta / Vallée d'Aoste,Valle d'Aosta,125666,111017,88.34,0.45
3618,2021-08-10,VDA,850,436,414,579,261,10,ITC,ITC2,2,Valle d'Aosta / Vallée d'Aoste,Valle d'Aosta,125666,111867,89.02,0.68
3619,2021-02-06,VDA,289,104,185,91,197,1,ITC,ITC2,2,Valle d'Aosta / Vallée d'Aoste,Valle d'Aosta,125666,112156,89.25,0.23
3620,2021-04-30,VDA,833,357,476,469,347,17,ITC,ITC2,2,Valle d'Aosta / Vallée d'Aoste,Valle d'Aosta,125666,112989,89.91,0.66
3621,2021-01-11,VDA,328,113,215,328,0,0,ITC,ITC2,2,Valle d'Aosta / Vallée d'Aoste,Valle d'Aosta,125666,113317,90.17,0.26
3622,2021-04-04,VDA,572,253,319,562,0,10,ITC,ITC2,2,Valle d'Aosta / Vallée d'Aoste,Valle d'Aosta,125666,113889,90.63,0.46
3623,2021-03-16,VDA,185,37,148,109,67,9,ITC,ITC2,2,Valle d'Aosta / Vallée d'Aoste,Valle d'Aosta,125666,114074,90.78,0.15
3624,2021-02-01,VDA,409,128,281,86,320,3,ITC,ITC2,2,Valle d'Aosta / Vallée d'Aoste,Valle d'Aosta,125666,114483,91.1,0.33
3625,2021-07-08,VDA,1276,709,567,341,924,11,ITC,ITC2,2,Valle d'Aosta / Vallée d'Aoste,Valle d'Aosta,125666,115759,92.12,1.02
3626,2021-03-30,VDA,402,223,179,364,20,18,ITC,ITC2,2,Valle d'Aosta / Vallée d'Aoste,Valle d'Aosta,125666,116161,92.44,0.32
3627,2021-05-12,VDA,1144,550,594,449,671,24,ITC,ITC2,2,Valle d'Aosta / Vallée d'Aoste,Valle d'Aosta,125666,117305,93.35,0.91
3628,2021-07-17,VDA,987,521,466,253,730,4,ITC,ITC2,2,Valle d'Aosta / Vallée d'Aoste,Valle d'Aosta,125666,118292,94.13,0.79
3629,2021-06-05,VDA,926,476,450,729,188,9,ITC,ITC2,2,Valle d'Aosta / Vallée d'Aoste,Valle d'Aosta,125666,119218,94.87,0.74
3630,2021-02-11,VDA,231,107,124,221,9,1,ITC,ITC2,2,Valle d'Aosta / Vallée d'Aoste,Valle d'Aosta,125666,119449,95.05,0.18
3631,2021-07-18,VDA,928,455,473,248,674,6,ITC,ITC2,2,Valle d'Aosta / Vallée d'Aoste,Valle d'Aosta,125666,120377,95.79,0.74
3632,2021-04-09,VDA,238,111,127,201,33,4,ITC,ITC2,2,Valle d'Aosta / Vallée d'Aoste,Valle d'Aosta,125666,120615,95.98,0.19
3633,2021-05-22,VDA,956,505,451,545,401,10,ITC,ITC2,2,Valle d'Aosta / Vallée d'Aoste,Valle d'Aosta,125666,121571,96.74,0.76
3634,2021-07-25,VDA,1021,494,527,265,749,7,ITC,ITC2,2,Valle d'Aosta / Vallée d'Aoste,Valle d'Aosta,125666,122592,97.55,0.81
3635,2021-04-16,VDA,599,261,338,566,2,31,ITC,ITC2,2,Valle d'Aosta / Vallée d'Aoste,Valle d'Aosta,125666,123191,98.03,0.48
3636,2021-04-02,VDA,875,345,530,626,226,23,ITC,ITC2,2,Valle d'Aosta / Vallée d'Aoste,Valle d'Aosta,125666,124066,98.73,0.7
3637,2021-08-17,VDA,560,306,254,210,342,8,ITC,ITC2,2,Valle d'Aosta / Vallée d'Aoste,Valle d'Aosta,125666,124626,99.17,0.45
3638,2021-02-13,VDA,217,197,20,214,1,2,ITC,ITC2,2,Valle d'Aosta / Vallée d'Aoste,Valle d'Aosta,125666,124843,99.35,0.17
3639,2021-05-07,VDA,566,247,319,515,30,21,ITC,ITC2,2,Valle d'Aosta / Vallée d'Aoste,Valle d'Aosta,125666,125409,99.8,0.45
3640,2021-04-23,VDA,923,443,480,511,383,29,ITC,ITC2,2,Valle d'Aosta / Vallée d'Aoste,Valle d'Aosta,125666,126332,100.53,0.73
3641,2021-01-13,VDA,338,110,228,338,0,0,ITC,ITC2,2,Valle d'Aosta / Vallée d'Aoste,Valle d'Aosta,125666,126670,100.8,0.27
3642,2021-07-29,VDA,996,508,488,319,667,10,ITC,ITC2,2,Valle d'Aosta / Vallée d'Aoste,Valle d'Aosta,125666,127666,101.59,0.79
3643,2021-07-15,VDA,1098,595,503,295,800,3,ITC,ITC2,2,Valle d'Aosta / Vallée d'Aoste,Valle d'Aosta,125666,128764,102.47,0.87
3644,2021-04-06,VDA,743,382,361,598,112,33,ITC,ITC2,2,Valle d'Aosta / Vallée d'Aoste,Valle d'Aosta,125666,129507,103.06,0.59
3645,2021-03-18,VDA,136,43,93,96,37,3,ITC,ITC2,2,Valle d'Aosta / Vallée d'Aoste,Valle d'Aosta,125666,129643,103.16,0.11
3646,2021-01-20,VDA,64,15,49,64,0,0,ITC,ITC2,2,Valle d'Aosta / Vallée d'Aoste,Valle d'Aosta,125666,129707,103.22,0.05
3647,2021-07-22,VDA,981,519,462,271,704,6,ITC,ITC2,2,Valle d'Aosta / Vallée d'Aoste,Valle d'Aosta,125666,130688,104.0,0.78
3648,2021-01-18,VDA,214,74,140,214,0,0,ITC,ITC2,2,Valle d'Aosta / Vallée d'Aoste,Valle d'Aosta,125666,130902,104.17,0.17
3649,2021-04-11,VDA,479,208,271,462,0,17,ITC,ITC2,2,Valle d'Aosta / Vallée d'Aoste,Valle d'Aosta,125666,131381,104.55,0.38
3650,2021-05-29,VDA,800,436,364,554,239,7,ITC,ITC2,2,Valle d'Aosta / Vallée d'Aoste,Valle d'Aosta,125666,132181,105.18,0.64
3651,2021-07-11,VDA,908,472,436,254,643,11,ITC,ITC2,2,Valle d'Aosta / Vallée d'Aoste,Valle d'Aosta,125666,133089,105.91,0.72
3652,2021-02-25,VDA,202,101,101,190,8,4,ITC,ITC2,2,Valle d'Aosta / Vallée d'Aoste,Valle d'Aosta,125666,133291,106.07,0.16
3653,2021-08-05,VDA,786,406,380,281,482,23,ITC,ITC2,2,Valle d'Aosta / Vallée d'Aoste,Valle d'Aosta,125666,134077,106.69,0.63
3654,2021-01-06,VDA,66,34,32,66,0,0,ITC,ITC2,2,Valle d'Aosta / Vallée d'Aoste,Valle d'Aosta,125666,134143,106.75,0.05
3655,2021-06-26,VDA,1065,512,553,351,707,7,ITC,ITC2,2,Valle d'Aosta / Vallée d'Aoste,Valle d'Aosta,125666,135208,107.59,0.85
3656,2021-03-04,VDA,291,139,152,39,250,2,ITC,ITC2,2,Valle d'Aosta / Vallée d'Aoste,Valle d'Aosta,125666,135499,107.82,0.23
3657,2021-05-26,VDA,1212,587,625,567,634,11,ITC,ITC2,2,Valle d'Aosta / Vallée d'Aoste,Valle d'Aosta,125666,136711,108.79,0.96
3658,2021-02-18,VDA,349,153,196,256,88,5,ITC,ITC2,2,Valle d'Aosta / Vallée d'Aoste,Valle d'Aosta,125666,137060,109.07,0.28
3659,2021-03-31,VDA,555,302,253,511,26,18,ITC,ITC2,2,Valle d'Aosta / Vallée d'Aoste,Valle d'Aosta,125666,137615,109.51,0.44
3660,2021-05-27,VDA,1093,498,595,575,506,12,ITC,ITC2,2,Valle d'Aosta / Vallée d'Aoste,Valle d'Aosta,125666,138708,110.38,0.87
3661,2021-05-13,VDA,1145,560,585,522,602,21,ITC,ITC2,2,Valle d'Aosta / Vallée d'Aoste,Valle d'Aosta,125666,139853,111.29,0.91
3662,2021-02-02,VDA,287,73,214,3,284,0,ITC,ITC2,2,Valle d'Aosta / Vallée d'Aoste,Valle d'Aosta,125666,140140,111.52,0.23
3663,2021-07-09,VDA,945,446,499,279,656,10,ITC,ITC2,2,Valle d'Aosta / Vallée d'Aoste,Valle d'Aosta,125666,141085,112.27,0.75
3664,2021-06-25,VDA,978,445,533,325,651,2,ITC,ITC2,2,Valle d'Aosta / Vallée d'Aoste,Valle d'Aosta,125666,142063,113.05,0.78
3665,2021-08-21,VDA,441,221,220,93,331,17,ITC,ITC2,2,Valle d'Aosta / Vallée d'Aoste,Valle d'Aosta,125666,142504,113.4,0.35
3666,2021-05-20,VDA,1045,475,570,592,440,13,ITC,ITC2,2,Valle d'Aosta / Vallée d'Aoste,Valle d'Aosta,125666,143549,114.23,0.83
3667,2021-07-02,VDA,871,386,485,304,562,5,ITC,ITC2,2,Valle d'Aosta / Vallée d'Aoste,Valle d'Aosta,125666,144420,114.92,0.69
3668,2021-03-24,VDA,516,230,286,256,257,3,ITC,ITC2,2,Valle d'Aosta / Vallée d'Aoste,Valle d'Aosta,125666,144936,115.33,0.41
3669,2021-08-28,VDA,535,285,250,91,423,21,ITC,ITC2,2,Valle d'Aosta / Vallée d'Aoste,Valle d'Aosta,125666,145471,115.76,0.43
3670,2021-05-06,VDA,1083,516,567,664,385,34,ITC,ITC2,2,Valle d'Aosta / Vallée d'Aoste,Valle d'Aosta,125666,146554,116.62,0.86
3671,2021-02-16,VDA,327,53,274,315,6,6,ITC,ITC2,2,Valle d'Aosta / Vallée d'Aoste,Valle d'Aosta,125666,146881,116.88,0.26
3672,2021-04-07,VDA,910,474,436,655,229,26,ITC,ITC2,2,Valle d'Aosta / Vallée d'Aoste,Valle d'Aosta,125666,147791,117.61,0.72
3673,2021-02-09,VDA,255,86,169,70,184,1,ITC,ITC2,2,Valle d'Aosta / Vallée d'Aoste,Valle d'Aosta,125666,148046,117.81,0.2
3674,2021-07-20,VDA,1120,585,535,391,724,5,ITC,ITC2,2,Valle d'Aosta / Vallée d'Aoste,Valle d'Aosta,125666,149166,118.7,0.89
3675,2021-04-18,VDA,523,255,268,495,2,26,ITC,ITC2,2,Valle d'Aosta / Vallée d'Aoste,Valle d'Aosta,125666,149689,119.12,0.42
3676,2021-06-14,VDA,1017,523,494,575,428,14,ITC,ITC2,2,Valle d'Aosta / Vallée d'Aoste,Valle d'Aosta,125666,150706,119.93,0.81
3677,2021-05-31,VDA,881,396,485,490,380,11,ITC,ITC2,2,Valle d'Aosta / Vallée d'Aoste,Valle d'Aosta,125666,151587,120.63,0.7
3678,2021-07-27,VDA,1121,596,525,565,552,4,ITC,ITC2,2,Valle d'Aosta / Vallée d'Aoste,Valle d'Aosta,125666,152708,121.52,0.89
3679,2021-04-25,VDA,850,409,441,674,139,37,ITC,ITC2,2,Valle d'Aosta / Vallée d'Aoste,Valle d'Aosta,125666,153558,122.2,0.68
3680,2021-06-21,VDA,1123,600,523,608,505,10,ITC,ITC2,2,Valle d'Aosta / Vallée d'Aoste,Valle d'Aosta,125666,154681,123.09,0.89
3681,2021-06-07,VDA,711,347,364,637,61,13,ITC,ITC2,2,Valle d'Aosta / Vallée d'Aoste,Valle d'Aosta,125666,155392,123.65,0.57
3682,2021-02-27,VDA,232,86,146,120,107,5,ITC,ITC2,2,Valle d'Aosta / Vallée d'Aoste,Valle d'Aosta,125666,155624,123.84,0.18
3683,2021-08-03,VDA,936,485,451,561,362,13,ITC,ITC2,2,Valle d'Aosta / Vallée d'Aoste,Valle d'Aosta,125666,156560,124.58,0.74
3684,2021-02-13,UMB,114,27,87,111,3,0,ITI,ITI2,10,Umbria,Umbria,882015,114,0.01,0.01
3685,2021-05-24,UMB,9068,4516,4552,8023,880,165,ITI,ITI2,10,Umbria,Umbria,882015,9182,1.04,1.03
3686,2021-04-18,UMB,1532,681,851,578,931,23,ITI,ITI2,10,Umbria,Umbria,882015,10714,1.21,0.17
3687,2021-01-11,UMB,1319,352,967,1319,0,0,ITI,ITI2,10,Umbria,Umbria,882015,12033,1.36,0.15
3688,2021-07-27,UMB,8137,4087,4050,2695,5326,116,ITI,ITI2,10,Umbria,Umbria,882015,20170,2.29,0.92
3689,2021-05-05,UMB,7223,3306,3917,3833,3306,84,ITI,ITI2,10,Umbria,Umbria,882015,27393,3.11,0.82
3690,2021-01-25,UMB,648,322,326,5,643,0,ITI,ITI2,10,Umbria,Umbria,882015,28041,3.18,0.07
3691,2021-07-03,UMB,6473,3246,3227,2826,3496,151,ITI,ITI2,10,Umbria,Umbria,882015,34514,3.91,0.73
3692,2021-07-20,UMB,8264,4106,4158,1096,7084,84,ITI,ITI2,10,Umbria,Umbria,882015,42778,4.85,0.94
3693,2021-04-06,UMB,5291,2167,3124,2864,2390,37,ITI,ITI2,10,Umbria,Umbria,882015,48069,5.45,0.6
3694,2021-03-28,UMB,1096,441,655,1041,24,31,ITI,ITI2,10,Umbria,Umbria,882015,49165,5.57,0.12
3695,2021-01-30,UMB,1575,486,1089,43,1532,0,ITI,ITI2,10,Umbria,Umbria,882015,50740,5.75,0.18
3696,2021-07-15,UMB,10567,5176,5391,562,9907,98,ITI,ITI2,10,Umbria,Umbria,882015,61307,6.95,1.2
3697,2021-03-23,UMB,3825,1713,2112,2158,1630,37,ITI,ITI2,10,Umbria,Umbria,882015,65132,7.38,0.43
3698,2021-08-27,UMB,4597,2417,2180,1499,2997,101,ITI,ITI2,10,Umbria,Umbria,882015,69729,7.91,0.52
3699,2021-07-01,UMB,9694,4797,4897,3293,6286,115,ITI,ITI2,10,Umbria,Umbria,882015,79423,9.0,1.1
3700,2021-02-08,UMB,636,203,433,88,548,0,ITI,ITI2,10,Umbria,Umbria,882015,80059,9.08,0.07
3701,2021-05-19,UMB,9422,4218,5204,5592,3745,85,ITI,ITI2,10,Umbria,Umbria,882015,89481,10.15,1.07
3702,2021-08-15,UMB,4388,2384,2004,2861,1382,145,ITI,ITI2,10,Umbria,Umbria,882015,93869,10.64,0.5
3703,2021-07-29,UMB,8195,4222,3973,2144,5933,118,ITI,ITI2,10,Umbria,Umbria,882015,102064,11.57,0.93
3704,2021-05-07,UMB,10125,4713,5412,6649,3192,284,ITI,ITI2,10,Umbria,Umbria,882015,112189,12.72,1.15
3705,2021-08-29,UMB,1927,990,937,669,1249,9,ITI,ITI2,10,Umbria,Umbria,882015,114116,12.94,0.22
3706,2021-06-02,UMB,3923,1885,2038,3802,42,79,ITI,ITI2,10,Umbria,Umbria,882015,118039,13.38,0.44
3707,2021-02-20,UMB,283,101,182,259,24,0,ITI,ITI2,10,Umbria,Umbria,882015,118322,13.41,0.03
3708,2021-03-09,UMB,4089,2001,2088,2792,1288,9,ITI,ITI2,10,Umbria,Umbria,882015,122411,13.88,0.46
3709,2021-08-10,UMB,7392,3930,3462,4000,3249,143,ITI,ITI2,10,Umbria,Umbria,882015,129803,14.72,0.84
3710,2021-06-14,UMB,5380,2745,2635,3252,2011,117,ITI,ITI2,10,Umbria,Umbria,882015,135183,15.33,0.61
3711,2021-07-08,UMB,9570,4631,4939,179,9344,47,ITI,ITI2,10,Umbria,Umbria,882015,144753,16.41,1.09
3712,2021-05-12,UMB,6499,3028,3471,4203,2147,149,ITI,ITI2,10,Umbria,Umbria,882015,151252,17.15,0.74
3713,2021-03-30,UMB,3981,1733,2248,2401,1542,38,ITI,ITI2,10,Umbria,Umbria,882015,155233,17.6,0.45
3714,2020-12-27,UMB,87,46,41,87,0,0,ITI,ITI2,10,Umbria,Umbria,882015,155320,17.61,0.01
3715,2021-03-18,UMB,2983,1177,1806,1711,1264,8,ITI,ITI2,10,Umbria,Umbria,882015,158303,17.95,0.34
3716,2021-06-26,UMB,9329,4738,4591,5570,3635,124,ITI,ITI2,10,Umbria,Umbria,882015,167632,19.01,1.06
3717,2021-07-10,UMB,7688,3810,3878,66,7608,14,ITI,ITI2,10,Umbria,Umbria,882015,175320,19.88,0.87
3718,2021-04-25,UMB,4359,1685,2674,3867,83,409,ITI,ITI2,10,Umbria,Umbria,882015,179679,20.37,0.49
3719,2021-08-03,UMB,9196,4758,4438,3503,5513,180,ITI,ITI2,10,Umbria,Umbria,882015,188875,21.41,1.04
3720,2021-08-22,UMB,1469,772,697,478,977,14,ITI,ITI2,10,Umbria,Umbria,882015,190344,21.58,0.17
3721,2021-05-31,UMB,5819,2846,2973,4849,885,85,ITI,ITI2,10,Umbria,Umbria,882015,196163,22.24,0.66
3722,2021-05-14,UMB,5334,2515,2819,3351,1819,164,ITI,ITI2,10,Umbria,Umbria,882015,201497,22.85,0.6
3723,2021-02-01,UMB,1284,341,943,48,1236,0,ITI,ITI2,10,Umbria,Umbria,882015,202781,22.99,0.15
3724,2021-02-18,UMB,1496,582,914,1029,466,1,ITI,ITI2,10,Umbria,Umbria,882015,204277,23.16,0.17
3725,2021-07-22,UMB,10061,4914,5147,1652,8304,105,ITI,ITI2,10,Umbria,Umbria,882015,214338,24.3,1.14
3726,2021-01-01,UMB,273,104,169,273,0,0,ITI,ITI2,10,Umbria,Umbria,882015,214611,24.33,0.03
3727,2021-04-11,UMB,3099,1505,1594,3033,49,17,ITI,ITI2,10,Umbria,Umbria,882015,217710,24.68,0.35
3728,2021-01-18,UMB,617,220,397,530,87,0,ITI,ITI2,10,Umbria,Umbria,882015,218327,24.75,0.07
3729,2021-02-06,UMB,420,151,269,34,386,0,ITI,ITI2,10,Umbria,Umbria,882015,218747,24.8,0.05
3730,2021-05-26,UMB,9658,4570,5088,8214,1252,192,ITI,ITI2,10,Umbria,Umbria,882015,228405,25.9,1.09
3731,2021-07-26,UMB,9082,4799,4283,3876,5081,125,ITI,ITI2,10,Umbria,Umbria,882015,237487,26.93,1.03
3732,2021-04-04,UMB,57,20,37,22,35,0,ITI,ITI2,10,Umbria,Umbria,882015,237544,26.93,0.01
3733,2021-06-07,UMB,6947,3427,3520,6074,696,177,ITI,ITI2,10,Umbria,Umbria,882015,244491,27.72,0.79
3734,2021-03-16,UMB,3538,1454,2084,1909,1627,2,ITI,ITI2,10,Umbria,Umbria,882015,248029,28.12,0.4
3735,2021-02-27,UMB,1658,354,1304,1642,16,0,ITI,ITI2,10,Umbria,Umbria,882015,249687,28.31,0.19
3736,2021-04-03,UMB,2099,712,1387,1034,1054,11,ITI,ITI2,10,Umbria,Umbria,882015,251786,28.55,0.24
3737,2021-07-12,UMB,4625,2237,2388,105,4508,12,ITI,ITI2,10,Umbria,Umbria,882015,256411,29.07,0.52
3738,2021-02-22,UMB,1889,807,1082,1803,86,0,ITI,ITI2,10,Umbria,Umbria,882015,258300,29.29,0.21
3739,2021-06-11,UMB,7000,3518,3482,5992,772,236,ITI,ITI2,10,Umbria,Umbria,882015,265300,30.08,0.79
3740,2021-04-20,UMB,5451,2365,3086,3429,1947,75,ITI,ITI2,10,Umbria,Umbria,882015,270751,30.7,0.62
3741,2021-01-27,UMB,841,330,511,13,828,0,ITI,ITI2,10,Umbria,Umbria,882015,271592,30.79,0.1
3742,2021-01-10,UMB,1066,274,792,1066,0,0,ITI,ITI2,10,Umbria,Umbria,882015,272658,30.91,0.12
3743,2021-05-21,UMB,8978,3671,5307,4063,4830,85,ITI,ITI2,10,Umbria,Umbria,882015,281636,31.93,1.02
3744,2021-05-04,UMB,5540,2546,2994,2353,3125,62,ITI,ITI2,10,Umbria,Umbria,882015,287176,32.56,0.63
3745,2021-04-01,UMB,4424,1875,2549,2325,2061,38,ITI,ITI2,10,Umbria,Umbria,882015,291600,33.06,0.5
3746,2021-04-23,UMB,6657,2820,3837,3300,3158,199,ITI,ITI2,10,Umbria,Umbria,882015,298257,33.82,0.75
3747,2021-02-25,UMB,1333,495,838,1273,52,8,ITI,ITI2,10,Umbria,Umbria,882015,299590,33.97,0.15
3748,2021-03-11,UMB,3636,1762,1874,2617,1006,13,ITI,ITI2,10,Umbria,Umbria,882015,303226,34.38,0.41
3749,2021-01-13,UMB,450,139,311,450,0,0,ITI,ITI2,10,Umbria,Umbria,882015,303676,34.43,0.05
3750,2021-06-19,UMB,4571,2200,2371,2459,2032,80,ITI,ITI2,10,Umbria,Umbria,882015,308247,34.95,0.52
3751,2021-01-06,UMB,847,326,521,847,0,0,ITI,ITI2,10,Umbria,Umbria,882015,309094,35.04,0.1
3752,2021-06-12,UMB,7716,3687,4029,5960,1579,177,ITI,ITI2,10,Umbria,Umbria,882015,316810,35.92,0.87
3753,2021-04-16,UMB,8099,3743,4356,6082,1838,179,ITI,ITI2,10,Umbria,Umbria,882015,324909,36.84,0.92
3754,2021-04-30,UMB,6257,2971,3286,2735,3400,122,ITI,ITI2,10,Umbria,Umbria,882015,331166,37.55,0.71
3755,2021-08-07,UMB,7226,3798,3428,2540,4614,72,ITI,ITI2,10,Umbria,Umbria,882015,338392,38.37,0.82
3756,2021-05-16,UMB,5222,2493,2729,5087,50,85,ITI,ITI2,10,Umbria,Umbria,882015,343614,38.96,0.59
3757,2021-08-24,UMB,4431,2246,2185,1868,2474,89,ITI,ITI2,10,Umbria,Umbria,882015,348045,39.46,0.5
3758,2021-08-05,UMB,9684,5072,4612,3837,5684,163,ITI,ITI2,10,Umbria,Umbria,882015,357729,40.56,1.1
3759,2021-05-30,UMB,5982,2999,2983,5662,202,118,ITI,ITI2,10,Umbria,Umbria,882015,363711,41.24,0.68
3760,2021-03-08,UMB,3700,1825,1875,2326,1361,13,ITI,ITI2,10,Umbria,Umbria,882015,367411,41.66,0.42
3761,2021-06-16,UMB,6319,3092,3227,3069,3098,152,ITI,ITI2,10,Umbria,Umbria,882015,373730,42.37,0.72
3762,2021-03-25,UMB,3934,1726,2208,2823,1064,47,ITI,ITI2,10,Umbria,Umbria,882015,377664,42.82,0.45
3763,2021-03-27,UMB,4251,1513,2738,3855,340,56,ITI,ITI2,10,Umbria,Umbria,882015,381915,43.3,0.48
3764,2021-01-08,UMB,1187,344,843,1187,0,0,ITI,ITI2,10,Umbria,Umbria,882015,383102,43.43,0.13
3765,2021-05-23,UMB,5071,1856,3215,636,4419,16,ITI,ITI2,10,Umbria,Umbria,882015,388173,44.01,0.57
3766,2021-08-31,UMB,4118,2127,1991,1218,2831,69,ITI,ITI2,10,Umbria,Umbria,882015,392291,44.48,0.47
3767,2021-05-28,UMB,9596,4440,5156,7112,2300,184,ITI,ITI2,10,Umbria,Umbria,882015,401887,45.56,1.09
3768,2021-04-15,UMB,7663,3504,4159,5701,1889,73,ITI,ITI2,10,Umbria,Umbria,882015,409550,46.43,0.87
3769,2021-02-17,UMB,1619,748,871,1266,352,1,ITI,ITI2,10,Umbria,Umbria,882015,411169,46.62,0.18
3770,2021-07-24,UMB,8696,4368,4328,1347,7282,67,ITI,ITI2,10,Umbria,Umbria,882015,419865,47.6,0.99
3771,2021-04-13,UMB,7682,3402,4280,5923,1669,90,ITI,ITI2,10,Umbria,Umbria,882015,427547,48.47,0.87
3772,2021-02-15,UMB,1367,692,675,1364,1,2,ITI,ITI2,10,Umbria,Umbria,882015,428914,48.63,0.15
3773,2021-04-08,UMB,5884,2516,3368,4007,1805,72,ITI,ITI2,10,Umbria,Umbria,882015,434798,49.3,0.67
3774,2021-07-17,UMB,7665,3855,3810,1284,6232,149,ITI,ITI2,10,Umbria,Umbria,882015,442463,50.17,0.87
3775,2021-06-04,UMB,8920,4410,4510,7537,1202,181,ITI,ITI2,10,Umbria,Umbria,882015,451383,51.18,1.01
3776,2021-06-13,UMB,6764,3557,3207,6390,230,144,ITI,ITI2,10,Umbria,Umbria,882015,458147,51.94,0.77
3777,2021-07-19,UMB,7660,3838,3822,1524,6035,101,ITI,ITI2,10,Umbria,Umbria,882015,465807,52.81,0.87
3778,2021-04-27,UMB,5667,2401,3266,3054,2579,34,ITI,ITI2,10,Umbria,Umbria,882015,471474,53.45,0.64
3779,2021-02-03,UMB,725,174,551,67,658,0,ITI,ITI2,10,Umbria,Umbria,882015,472199,53.54,0.08
3780,2021-02-05,UMB,782,234,548,18,764,0,ITI,ITI2,10,Umbria,Umbria,882015,472981,53.63,0.09
3781,2021-06-18,UMB,4779,2356,2423,1568,3159,52,ITI,ITI2,10,Umbria,Umbria,882015,477760,54.17,0.54
3782,2021-07-05,UMB,8418,4082,4336,153,8251,14,ITI,ITI2,10,Umbria,Umbria,882015,486178,55.12,0.95
3783,2021-05-13,UMB,5941,2670,3271,3727,2085,129,ITI,ITI2,10,Umbria,Umbria,882015,492119,55.79,0.67
3784,2021-08-21,UMB,2786,1464,1322,1607,1114,65,ITI,ITI2,10,Umbria,Umbria,882015,494905,56.11,0.32
3785,2021-02-19,UMB,743,293,450,525,217,1,ITI,ITI2,10,Umbria,Umbria,882015,495648,56.19,0.08
3786,2021-03-01,UMB,1505,775,730,1385,114,6,ITI,ITI2,10,Umbria,Umbria,882015,497153,56.37,0.17
3787,2021-06-09,UMB,8154,3950,4204,7130,725,299,ITI,ITI2,10,Umbria,Umbria,882015,505307,57.29,0.92
3788,2021-06-23,UMB,11222,5734,5488,7645,3410,167,ITI,ITI2,10,Umbria,Umbria,882015,516529,58.56,1.27
3789,2021-03-15,UMB,4597,1941,2656,2827,1767,3,ITI,ITI2,10,Umbria,Umbria,882015,521126,59.08,0.52
3790,2021-02-10,UMB,715,350,365,700,15,0,ITI,ITI2,10,Umbria,Umbria,882015,521841,59.16,0.08
3791,2021-01-03,UMB,270,112,158,270,0,0,ITI,ITI2,10,Umbria,Umbria,882015,522111,59.2,0.03
3792,2021-07-31,UMB,4329,2261,2068,1477,2805,47,ITI,ITI2,10,Umbria,Umbria,882015,526440,59.69,0.49
3793,2021-04-22,UMB,5457,2251,3206,2702,2673,82,ITI,ITI2,10,Umbria,Umbria,882015,531897,60.3,0.62
3794,2021-08-14,UMB,5841,3230,2611,2917,2777,147,ITI,ITI2,10,Umbria,Umbria,882015,537738,60.97,0.66
3795,2021-03-17,UMB,3330,1313,2017,1855,1473,2,ITI,ITI2,10,Umbria,Umbria,882015,541068,61.34,0.38
3796,2021-05-01,UMB,5373,2639,2734,2097,3230,46,ITI,ITI2,10,Umbria,Umbria,882015,546441,61.95,0.61
3797,2021-03-05,UMB,4620,1402,3218,3948,657,15,ITI,ITI2,10,Umbria,Umbria,882015,551061,62.48,0.52
3798,2021-08-09,UMB,6688,3544,3144,3500,3029,159,ITI,ITI2,10,Umbria,Umbria,882015,557749,63.24,0.76
3799,2021-03-03,UMB,4432,1772,2660,3718,711,3,ITI,ITI2,10,Umbria,Umbria,882015,562181,63.74,0.5
3800,2021-08-11,UMB,7609,4082,3527,3722,3705,182,ITI,ITI2,10,Umbria,Umbria,882015,569790,64.6,0.86
3801,2021-03-04,UMB,4485,1855,2630,3643,827,15,ITI,ITI2,10,Umbria,Umbria,882015,574275,65.11,0.51
3802,2021-08-08,UMB,5060,2710,2350,3552,1414,94,ITI,ITI2,10,Umbria,Umbria,882015,579335,65.68,0.57
3803,2021-01-20,UMB,603,221,382,603,0,0,ITI,ITI2,10,Umbria,Umbria,882015,579938,65.75,0.07
3804,2021-08-04,UMB,10640,5533,5107,3303,7174,163,ITI,ITI2,10,Umbria,Umbria,882015,590578,66.96,1.21
3805,2021-07-21,UMB,9848,4912,4936,1230,8531,87,ITI,ITI2,10,Umbria,Umbria,882015,600426,68.07,1.12
3806,2021-07-04,UMB,3407,1740,1667,2342,968,97,ITI,ITI2,10,Umbria,Umbria,882015,603833,68.46,0.39
3807,2021-04-12,UMB,7089,3081,4008,5313,1717,59,ITI,ITI2,10,Umbria,Umbria,882015,610922,69.26,0.8
3808,2021-01-19,UMB,102,23,79,102,0,0,ITI,ITI2,10,Umbria,Umbria,882015,611024,69.28,0.01
3809,2021-04-29,UMB,5221,2253,2968,2806,2325,90,ITI,ITI2,10,Umbria,Umbria,882015,616245,69.87,0.59
3810,2021-03-24,UMB,4104,1792,2312,2744,1323,37,ITI,ITI2,10,Umbria,Umbria,882015,620349,70.33,0.47
3811,2021-07-02,UMB,8747,4329,4418,2966,5603,178,ITI,ITI2,10,Umbria,Umbria,882015,629096,71.32,0.99
3812,2021-04-17,UMB,6694,3075,3619,5185,1342,167,ITI,ITI2,10,Umbria,Umbria,882015,635790,72.08,0.76
3813,2021-01-05,UMB,855,430,425,855,0,0,ITI,ITI2,10,Umbria,Umbria,882015,636645,72.18,0.1
3814,2021-01-07,UMB,1301,388,913,1301,0,0,ITI,ITI2,10,Umbria,Umbria,882015,637946,72.33,0.15
3815,2021-06-25,UMB,10188,5293,4895,5242,4778,168,ITI,ITI2,10,Umbria,Umbria,882015,648134,73.48,1.16
3816,2021-01-26,UMB,816,390,426,17,799,0,ITI,ITI2,10,Umbria,Umbria,882015,648950,73.58,0.09
3817,2021-02-12,UMB,672,224,448,666,6,0,ITI,ITI2,10,Umbria,Umbria,882015,649622,73.65,0.08
3818,2021-02-26,UMB,660,253,407,650,8,2,ITI,ITI2,10,Umbria,Umbria,882015,650282,73.73,0.07
3819,2021-01-24,UMB,258,106,152,1,257,0,ITI,ITI2,10,Umbria,Umbria,882015,650540,73.76,0.03
3820,2021-08-16,UMB,3516,1741,1775,1977,1471,68,ITI,ITI2,10,Umbria,Umbria,882015,654056,74.15,0.4
3821,2021-08-30,UMB,1950,951,999,1500,372,78,ITI,ITI2,10,Umbria,Umbria,882015,656006,74.38,0.22
3822,2021-06-08,UMB,7384,3643,3741,6629,548,207,ITI,ITI2,10,Umbria,Umbria,882015,663390,75.21,0.84
3823,2021-06-06,UMB,7609,3905,3704,6790,694,125,ITI,ITI2,10,Umbria,Umbria,882015,670999,76.08,0.86
3824,2021-02-24,UMB,1519,563,956,1504,15,0,ITI,ITI2,10,Umbria,Umbria,882015,672518,76.25,0.17
3825,2021-08-18,UMB,4696,2457,2239,3432,1146,118,ITI,ITI2,10,Umbria,Umbria,882015,677214,76.78,0.53
3826,2021-07-06,UMB,8594,4093,4501,150,8421,23,ITI,ITI2,10,Umbria,Umbria,882015,685808,77.75,0.97
3827,2021-05-10,UMB,6000,2804,3196,3733,2151,116,ITI,ITI2,10,Umbria,Umbria,882015,691808,78.43,0.68
3828,2021-08-12,UMB,7341,3895,3446,4578,2544,219,ITI,ITI2,10,Umbria,Umbria,882015,699149,79.27,0.83
3829,2021-06-30,UMB,10487,5299,5188,3664,6717,106,ITI,ITI2,10,Umbria,Umbria,882015,709636,80.46,1.19
3830,2021-07-07,UMB,9494,4500,4994,89,9375,30,ITI,ITI2,10,Umbria,Umbria,882015,719130,81.53,1.08
3831,2021-08-02,UMB,5530,2896,2634,258,5250,22,ITI,ITI2,10,Umbria,Umbria,882015,724660,82.16,0.63
3832,2021-06-20,UMB,6219,3007,3212,1575,4603,41,ITI,ITI2,10,Umbria,Umbria,882015,730879,82.86,0.71
3833,2021-04-24,UMB,4563,1962,2601,3274,1183,106,ITI,ITI2,10,Umbria,Umbria,882015,735442,83.38,0.52
3834,2021-01-12,UMB,836,247,589,836,0,0,ITI,ITI2,10,Umbria,Umbria,882015,736278,83.48,0.09
3835,2021-03-14,UMB,66,48,18,66,0,0,ITI,ITI2,10,Umbria,Umbria,882015,736344,83.48,0.01
3836,2021-06-22,UMB,8042,4082,3960,5143,2795,104,ITI,ITI2,10,Umbria,Umbria,882015,744386,84.4,0.91
3837,2021-08-23,UMB,5289,2820,2469,1542,3662,85,ITI,ITI2,10,Umbria,Umbria,882015,749675,85.0,0.6
3838,2021-06-01,UMB,4385,2090,2295,4157,156,72,ITI,ITI2,10,Umbria,Umbria,882015,754060,85.49,0.5
3839,2021-03-10,UMB,4031,1943,2088,2759,1257,15,ITI,ITI2,10,Umbria,Umbria,882015,758091,85.95,0.46
3840,2021-01-16,UMB,202,60,142,201,0,1,ITI,ITI2,10,Umbria,Umbria,882015,758293,85.97,0.02
3841,2021-02-02,UMB,944,272,672,32,912,0,ITI,ITI2,10,Umbria,Umbria,882015,759237,86.08,0.11
3842,2021-04-10,UMB,7396,3479,3917,7178,84,134,ITI,ITI2,10,Umbria,Umbria,882015,766633,86.92,0.84
3843,2021-01-17,UMB,54,17,37,54,0,0,ITI,ITI2,10,Umbria,Umbria,882015,766687,86.92,0.01
3844,2020-12-31,UMB,322,127,195,322,0,0,ITI,ITI2,10,Umbria,Umbria,882015,767009,86.96,0.04
3845,2021-06-15,UMB,5982,3014,2968,3793,2071,118,ITI,ITI2,10,Umbria,Umbria,882015,772991,87.64,0.68
3846,2021-06-27,UMB,7461,3732,3729,1728,5671,62,ITI,ITI2,10,Umbria,Umbria,882015,780452,88.49,0.85
3847,2021-07-28,UMB,8236,4333,3903,2971,5152,113,ITI,ITI2,10,Umbria,Umbria,882015,788688,89.42,0.93
3848,2021-05-06,UMB,9470,4325,5145,6027,3315,128,ITI,ITI2,10,Umbria,Umbria,882015,798158,90.49,1.07
3849,2021-09-01,UMB,4526,2334,2192,1114,3357,55,ITI,ITI2,10,Umbria,Umbria,882015,802684,91.01,0.51
3850,2021-05-08,UMB,8155,3747,4408,4802,3247,106,ITI,ITI2,10,Umbria,Umbria,882015,810839,91.93,0.92
3851,2021-01-28,UMB,1248,394,854,18,1230,0,ITI,ITI2,10,Umbria,Umbria,882015,812087,92.07,0.14
3852,2021-05-03,UMB,5088,2271,2817,2097,2887,104,ITI,ITI2,10,Umbria,Umbria,882015,817175,92.65,0.58
3853,2021-01-23,UMB,280,100,180,2,278,0,ITI,ITI2,10,Umbria,Umbria,882015,817455,92.68,0.03
3854,2021-03-12,UMB,2695,1082,1613,2191,496,8,ITI,ITI2,10,Umbria,Umbria,882015,820150,92.99,0.31
3855,2021-03-21,UMB,675,338,337,672,0,3,ITI,ITI2,10,Umbria,Umbria,882015,820825,93.06,0.08
3856,2021-08-25,UMB,4282,2228,2054,1539,2663,80,ITI,ITI2,10,Umbria,Umbria,882015,825107,93.55,0.49
3857,2021-06-29,UMB,9898,5040,4858,4100,5695,103,ITI,ITI2,10,Umbria,Umbria,882015,835005,94.67,1.12
3858,2021-04-26,UMB,5399,2341,3058,3103,2255,41,ITI,ITI2,10,Umbria,Umbria,882015,840404,95.28,0.61
3859,2021-04-09,UMB,6747,3129,3618,6410,215,122,ITI,ITI2,10,Umbria,Umbria,882015,847151,96.05,0.76
3860,2021-05-11,UMB,6256,2841,3415,3921,2193,142,ITI,ITI2,10,Umbria,Umbria,882015,853407,96.76,0.71
3861,2021-08-19,UMB,5717,3036,2681,3931,1608,178,ITI,ITI2,10,Umbria,Umbria,882015,859124,97.4,0.65
3862,2021-08-26,UMB,4059,2151,1908,1791,2158,110,ITI,ITI2,10,Umbria,Umbria,882015,863183,97.86,0.46
3863,2021-06-17,UMB,6972,3543,3429,4750,2080,142,ITI,ITI2,10,Umbria,Umbria,882015,870155,98.66,0.79
3864,2021-03-26,UMB,4599,1720,2879,4345,172,82,ITI,ITI2,10,Umbria,Umbria,882015,874754,99.18,0.52
3865,2021-01-02,UMB,304,111,193,304,0,0,ITI,ITI2,10,Umbria,Umbria,882015,875058,99.21,0.03
3866,2021-03-07,UMB,845,180,665,837,7,1,ITI,ITI2,10,Umbria,Umbria,882015,875903,99.31,0.1
3867,2021-06-10,UMB,7559,3764,3795,6461,785,313,ITI,ITI2,10,Umbria,Umbria,882015,883462,100.16,0.86
3868,2021-08-13,UMB,6960,3866,3094,4243,2521,196,ITI,ITI2,10,Umbria,Umbria,882015,890422,100.95,0.79
3869,2021-01-21,UMB,608,202,406,338,269,1,ITI,ITI2,10,Umbria,Umbria,882015,891030,101.02,0.07
3870,2021-08-20,UMB,4340,2312,2028,2919,1277,144,ITI,ITI2,10,Umbria,Umbria,882015,895370,101.51,0.49
3871,2021-05-17,UMB,6373,3064,3309,4108,2179,86,ITI,ITI2,10,Umbria,Umbria,882015,901743,102.24,0.72
3872,2021-01-14,UMB,723,192,531,723,0,0,ITI,ITI2,10,Umbria,Umbria,882015,902466,102.32,0.08
3873,2021-03-19,UMB,1743,565,1178,1082,656,5,ITI,ITI2,10,Umbria,Umbria,882015,904209,102.52,0.2
3874,2021-04-28,UMB,5392,2331,3061,2938,2397,57,ITI,ITI2,10,Umbria,Umbria,882015,909601,103.13,0.61
3875,2021-08-06,UMB,8221,4300,3921,3325,4808,88,ITI,ITI2,10,Umbria,Umbria,882015,917822,104.06,0.93
3876,2021-02-04,UMB,734,226,508,26,708,0,ITI,ITI2,10,Umbria,Umbria,882015,918556,104.14,0.08
3877,2021-05-15,UMB,4992,1883,3109,1765,3164,63,ITI,ITI2,10,Umbria,Umbria,882015,923548,104.71,0.57
3878,2021-02-21,UMB,1,0,1,1,0,0,ITI,ITI2,10,Umbria,Umbria,882015,923549,104.71,0.0
3879,2021-03-29,UMB,3636,1603,2033,2152,1423,61,ITI,ITI2,10,Umbria,Umbria,882015,927185,105.12,0.41
3880,2021-01-31,UMB,1059,276,783,25,1034,0,ITI,ITI2,10,Umbria,Umbria,882015,928244,105.24,0.12
3881,2021-05-25,UMB,8818,4301,4517,7583,1063,172,ITI,ITI2,10,Umbria,Umbria,882015,937062,106.24,1.0
3882,2021-05-18,UMB,7758,3360,4398,3831,3841,86,ITI,ITI2,10,Umbria,Umbria,882015,944820,107.12,0.88
3883,2021-07-13,UMB,4232,2006,2226,78,4146,8,ITI,ITI2,10,Umbria,Umbria,882015,949052,107.6,0.48
3884,2021-04-21,UMB,5329,2320,3009,3060,2230,39,ITI,ITI2,10,Umbria,Umbria,882015,954381,108.2,0.6
3885,2021-07-30,UMB,6211,3238,2973,3184,2908,119,ITI,ITI2,10,Umbria,Umbria,882015,960592,108.91,0.7
3886,2021-03-02,UMB,3643,1346,2297,3635,5,3,ITI,ITI2,10,Umbria,Umbria,882015,964235,109.32,0.41
3887,2021-06-24,UMB,10161,5120,5041,5998,4009,154,ITI,ITI2,10,Umbria,Umbria,882015,974396,110.47,1.15
3888,2021-02-11,UMB,839,348,491,834,5,0,ITI,ITI2,10,Umbria,Umbria,882015,975235,110.57,0.1
3889,2021-05-22,UMB,6977,2757,4220,2601,4327,49,ITI,ITI2,10,Umbria,Umbria,882015,982212,111.36,0.79
3890,2021-05-29,UMB,7859,3612,4247,6176,1569,114,ITI,ITI2,10,Umbria,Umbria,882015,990071,112.25,0.89
3891,2021-03-22,UMB,3561,1656,1905,2305,1246,10,ITI,ITI2,10,Umbria,Umbria,882015,993632,112.65,0.4
3892,2021-04-05,UMB,4251,1729,2522,2182,2057,12,ITI,ITI2,10,Umbria,Umbria,882015,997883,113.14,0.48
3893,2021-02-07,UMB,54,17,37,1,53,0,ITI,ITI2,10,Umbria,Umbria,882015,997937,113.14,0.01
3894,2021-07-14,UMB,6199,3008,3191,1630,4262,307,ITI,ITI2,10,Umbria,Umbria,882015,1004136,113.85,0.7
3895,2021-08-01,UMB,3024,1532,1492,1330,1648,46,ITI,ITI2,10,Umbria,Umbria,882015,1007160,114.19,0.34
3896,2021-07-18,UMB,7853,4063,3790,273,7553,27,ITI,ITI2,10,Umbria,Umbria,882015,1015013,115.08,0.89
3897,2021-06-05,UMB,8227,3777,4450,5413,2655,159,ITI,ITI2,10,Umbria,Umbria,882015,1023240,116.01,0.93
3898,2021-07-11,UMB,5875,2967,2908,89,5785,1,ITI,ITI2,10,Umbria,Umbria,882015,1029115,116.68,0.67
3899,2021-04-02,UMB,4345,1778,2567,3545,755,45,ITI,ITI2,10,Umbria,Umbria,882015,1033460,117.17,0.49
3900,2021-01-09,UMB,1717,495,1222,1717,0,0,ITI,ITI2,10,Umbria,Umbria,882015,1035177,117.37,0.19
3901,2021-04-19,UMB,5036,2227,2809,2932,2048,56,ITI,ITI2,10,Umbria,Umbria,882015,1040213,117.94,0.57
3902,2021-07-25,UMB,7305,3849,3456,1166,6095,44,ITI,ITI2,10,Umbria,Umbria,882015,1047518,118.76,0.83
3903,2021-08-17,UMB,3662,1906,1756,2486,1088,88,ITI,ITI2,10,Umbria,Umbria,882015,1051180,119.18,0.42
3904,2021-06-21,UMB,7509,3935,3574,5059,2338,112,ITI,ITI2,10,Umbria,Umbria,882015,1058689,120.03,0.85
3905,2021-03-06,UMB,4306,1147,3159,4134,138,34,ITI,ITI2,10,Umbria,Umbria,882015,1062995,120.52,0.49
3906,2021-01-22,UMB,276,105,171,32,244,0,ITI,ITI2,10,Umbria,Umbria,882015,1063271,120.55,0.03
3907,2021-06-28,UMB,9776,4819,4957,3709,5985,82,ITI,ITI2,10,Umbria,Umbria,882015,1073047,121.66,1.11
3908,2021-05-02,UMB,3781,1867,1914,1298,2454,29,ITI,ITI2,10,Umbria,Umbria,882015,1076828,122.09,0.43
3909,2021-03-20,UMB,2319,845,1474,2289,25,5,ITI,ITI2,10,Umbria,Umbria,882015,1079147,122.35,0.26
3910,2021-03-13,UMB,1735,524,1211,1486,249,0,ITI,ITI2,10,Umbria,Umbria,882015,1080882,122.55,0.2
3911,2021-01-15,UMB,697,213,484,697,0,0,ITI,ITI2,10,Umbria,Umbria,882015,1081579,122.63,0.08
3912,2021-01-29,UMB,1233,350,883,79,1154,0,ITI,ITI2,10,Umbria,Umbria,882015,1082812,122.77,0.14
3913,2021-05-09,UMB,5758,2754,3004,5247,391,120,ITI,ITI2,10,Umbria,Umbria,882015,1088570,123.42,0.65
3914,2021-07-09,UMB,9562,4630,4932,128,9410,24,ITI,ITI2,10,Umbria,Umbria,882015,1098132,124.5,1.08
3915,2021-07-23,UMB,10645,5444,5201,1325,9215,105,ITI,ITI2,10,Umbria,Umbria,882015,1108777,125.71,1.21
3916,2021-08-28,UMB,2765,1426,1339,1356,1338,71,ITI,ITI2,10,Umbria,Umbria,882015,1111542,126.02,0.31
3917,2021-07-16,UMB,9626,4898,4728,666,8881,79,ITI,ITI2,10,Umbria,Umbria,882015,1121168,127.11,1.09
3918,2021-05-20,UMB,9864,4606,5258,6098,3657,109,ITI,ITI2,10,Umbria,Umbria,882015,1131032,128.23,1.12
3919,2021-03-31,UMB,3896,1727,2169,2179,1685,32,ITI,ITI2,10,Umbria,Umbria,882015,1134928,128.67,0.44
3920,2021-02-16,UMB,1308,655,653,1299,9,0,ITI,ITI2,10,Umbria,Umbria,882015,1136236,128.82,0.15
3921,2021-05-27,UMB,9978,4869,5109,8473,1323,182,ITI,ITI2,10,Umbria,Umbria,882015,1146214,129.95,1.13
3922,2021-01-04,UMB,809,397,412,809,0,0,ITI,ITI2,10,Umbria,Umbria,882015,1147023,130.05,0.09
3923,2021-04-14,UMB,8155,3681,4474,6097,1979,79,ITI,ITI2,10,Umbria,Umbria,882015,1155178,130.97,0.92
3924,2021-06-03,UMB,9046,4471,4575,8584,290,172,ITI,ITI2,10,Umbria,Umbria,882015,1164224,132.0,1.03
3925,2021-04-07,UMB,5625,2305,3320,3533,2006,86,ITI,ITI2,10,Umbria,Umbria,882015,1169849,132.63,0.64
3926,2021-02-23,UMB,1691,657,1034,1648,42,1,ITI,ITI2,10,Umbria,Umbria,882015,1171540,132.83,0.19
3927,2021-03-30,LAZ,27117,13187,13930,19541,7215,361,ITI,ITI4,12,Lazio,Lazio,5879082,27117,0.46,0.46
3928,2021-07-08,LAZ,64342,31585,32757,28176,35494,672,ITI,ITI4,12,Lazio,Lazio,5879082,91459,1.56,1.09
3929,2021-07-27,LAZ,56400,27385,29015,8091,47981,328,ITI,ITI4,12,Lazio,Lazio,5879082,147859,2.52,0.96
3930,2021-04-18,LAZ,23866,10608,13258,15852,7698,316,ITI,ITI4,12,Lazio,Lazio,5879082,171725,2.92,0.41
3931,2021-05-26,LAZ,47667,21924,25743,34875,12146,646,ITI,ITI4,12,Lazio,Lazio,5879082,219392,3.73,0.81
3932,2021-03-04,LAZ,19462,8744,10718,14182,5033,247,ITI,ITI4,12,Lazio,Lazio,5879082,238854,4.06,0.33
3933,2021-06-12,LAZ,69943,32123,37820,39884,29413,646,ITI,ITI4,12,Lazio,Lazio,5879082,308797,5.25,1.19
3934,2021-06-14,LAZ,63090,29557,33533,32327,30197,566,ITI,ITI4,12,Lazio,Lazio,5879082,371887,6.33,1.07
3935,2021-03-21,LAZ,18291,7201,11090,13027,5071,193,ITI,ITI4,12,Lazio,Lazio,5879082,390178,6.64,0.31
3936,2021-02-20,LAZ,9216,4275,4941,8367,777,72,ITI,ITI4,12,Lazio,Lazio,5879082,399394,6.79,0.16
3937,2021-05-31,LAZ,51802,23067,28735,30878,19903,1021,ITI,ITI4,12,Lazio,Lazio,5879082,451196,7.67,0.88
3938,2021-04-04,LAZ,17668,8202,9466,12262,5291,115,ITI,ITI4,12,Lazio,Lazio,5879082,468864,7.98,0.3
3939,2021-07-22,LAZ,61171,30567,30604,28499,31145,1527,ITI,ITI4,12,Lazio,Lazio,5879082,530035,9.02,1.04
3940,2021-05-17,LAZ,44642,20442,24200,35411,8617,614,ITI,ITI4,12,Lazio,Lazio,5879082,574677,9.77,0.76
3941,2021-02-06,LAZ,6232,2543,3689,899,5329,4,ITI,ITI4,12,Lazio,Lazio,5879082,580909,9.88,0.11
3942,2021-04-16,LAZ,34562,15760,18802,21918,12210,434,ITI,ITI4,12,Lazio,Lazio,5879082,615471,10.47,0.59
3943,2021-01-23,LAZ,7216,2870,4346,586,6630,0,ITI,ITI4,12,Lazio,Lazio,5879082,622687,10.59,0.12
3944,2021-01-06,LAZ,5201,1991,3210,5081,0,120,ITI,ITI4,12,Lazio,Lazio,5879082,627888,10.68,0.09
3945,2021-02-18,LAZ,10028,4980,5048,9101,820,107,ITI,ITI4,12,Lazio,Lazio,5879082,637916,10.85,0.17
3946,2021-05-12,LAZ,47617,21620,25997,30238,16686,693,ITI,ITI4,12,Lazio,Lazio,5879082,685533,11.66,0.81
3947,2021-02-01,LAZ,5683,2184,3499,352,5330,1,ITI,ITI4,12,Lazio,Lazio,5879082,691216,11.76,0.1
3948,2021-03-16,LAZ,13628,5774,7854,7049,6496,83,ITI,ITI4,12,Lazio,Lazio,5879082,704844,11.99,0.23
3949,2021-03-09,LAZ,22039,9957,12082,16453,5223,363,ITI,ITI4,12,Lazio,Lazio,5879082,726883,12.36,0.37
3950,2021-01-11,LAZ,5663,2148,3515,5517,0,146,ITI,ITI4,12,Lazio,Lazio,5879082,732546,12.46,0.1
3951,2021-03-28,LAZ,19194,7835,11359,13541,5314,339,ITI,ITI4,12,Lazio,Lazio,5879082,751740,12.79,0.33
3952,2021-02-25,LAZ,12778,5596,7182,11395,1181,202,ITI,ITI4,12,Lazio,Lazio,5879082,764518,13.0,0.22
3953,2021-06-05,LAZ,66385,32708,33677,42938,22779,668,ITI,ITI4,12,Lazio,Lazio,5879082,830903,14.13,1.13
3954,2021-01-25,LAZ,8121,3251,4870,776,7345,0,ITI,ITI4,12,Lazio,Lazio,5879082,839024,14.27,0.14
3955,2021-05-05,LAZ,46857,21501,25356,30357,15871,629,ITI,ITI4,12,Lazio,Lazio,5879082,885881,15.07,0.8
3956,2021-03-02,LAZ,17239,7631,9608,13105,3956,178,ITI,ITI4,12,Lazio,Lazio,5879082,903120,15.36,0.29
3957,2021-01-18,LAZ,6387,2604,3783,5280,981,126,ITI,ITI4,12,Lazio,Lazio,5879082,909507,15.47,0.11
3958,2021-04-28,LAZ,33039,15075,17964,20912,11668,459,ITI,ITI4,12,Lazio,Lazio,5879082,942546,16.03,0.56
3959,2021-07-15,LAZ,45020,22044,22976,6721,37877,422,ITI,ITI4,12,Lazio,Lazio,5879082,987566,16.8,0.77
3960,2021-01-13,LAZ,5806,2191,3615,5644,0,162,ITI,ITI4,12,Lazio,Lazio,5879082,993372,16.9,0.1
3961,2021-04-23,LAZ,37976,18286,19690,22033,15405,538,ITI,ITI4,12,Lazio,Lazio,5879082,1031348,17.54,0.65
3962,2021-08-03,LAZ,32080,16316,15764,4977,26908,195,ITI,ITI4,12,Lazio,Lazio,5879082,1063428,18.09,0.55
3963,2021-01-30,LAZ,7021,2897,4124,814,6206,1,ITI,ITI4,12,Lazio,Lazio,5879082,1070449,18.21,0.12
3964,2021-07-19,LAZ,63174,31064,32110,28325,33721,1128,ITI,ITI4,12,Lazio,Lazio,5879082,1133623,19.28,1.07
3965,2020-12-30,LAZ,1656,639,1017,1645,0,11,ITI,ITI4,12,Lazio,Lazio,5879082,1135279,19.31,0.03
3966,2021-07-01,LAZ,48559,23231,25328,7199,41144,216,ITI,ITI4,12,Lazio,Lazio,5879082,1183838,20.14,0.83
3967,2021-04-09,LAZ,27729,12625,15104,19121,8279,329,ITI,ITI4,12,Lazio,Lazio,5879082,1211567,20.61,0.47
3968,2021-03-23,LAZ,25472,11960,13512,18480,6638,354,ITI,ITI4,12,Lazio,Lazio,5879082,1237039,21.04,0.43
3969,2021-02-15,LAZ,8045,3549,4496,7310,646,89,ITI,ITI4,12,Lazio,Lazio,5879082,1245084,21.18,0.14
3970,2021-02-11,LAZ,7002,3012,3990,6442,535,25,ITI,ITI4,12,Lazio,Lazio,5879082,1252086,21.3,0.12
3971,2021-04-11,LAZ,19240,8532,10708,13121,5929,190,ITI,ITI4,12,Lazio,Lazio,5879082,1271326,21.62,0.33
3972,2021-02-13,LAZ,6612,2627,3985,6145,420,47,ITI,ITI4,12,Lazio,Lazio,5879082,1277938,21.74,0.11
3973,2021-07-20,LAZ,63425,31643,31782,28464,33725,1236,ITI,ITI4,12,Lazio,Lazio,5879082,1341363,22.82,1.08
3974,2021-05-24,LAZ,44040,20203,23837,33568,9820,652,ITI,ITI4,12,Lazio,Lazio,5879082,1385403,23.56,0.75
3975,2021-01-03,LAZ,5339,2013,3326,5280,0,59,ITI,ITI4,12,Lazio,Lazio,5879082,1390742,23.66,0.09
3976,2021-08-10,LAZ,50809,26272,24537,21454,28384,971,ITI,ITI4,12,Lazio,Lazio,5879082,1441551,24.52,0.86
3977,2021-05-19,LAZ,47320,21741,25579,36486,10156,678,ITI,ITI4,12,Lazio,Lazio,5879082,1488871,25.32,0.8
3978,2021-08-27,LAZ,30553,16036,14517,7642,22350,561,ITI,ITI4,12,Lazio,Lazio,5879082,1519424,25.84,0.52
3979,2021-01-04,LAZ,7579,2941,4638,7473,0,106,ITI,ITI4,12,Lazio,Lazio,5879082,1527003,25.97,0.13
3980,2021-06-24,LAZ,64051,30553,33498,28621,34772,658,ITI,ITI4,12,Lazio,Lazio,5879082,1591054,27.06,1.09
3981,2021-06-07,LAZ,62655,29324,33331,32711,29348,596,ITI,ITI4,12,Lazio,Lazio,5879082,1653709,28.13,1.07
3982,2021-06-09,LAZ,70533,33406,37127,35990,33903,640,ITI,ITI4,12,Lazio,Lazio,5879082,1724242,29.33,1.2
3983,2021-04-27,LAZ,30834,13923,16911,19421,10959,454,ITI,ITI4,12,Lazio,Lazio,5879082,1755076,29.85,0.52
3984,2021-03-01,LAZ,17130,7370,9760,12981,3889,260,ITI,ITI4,12,Lazio,Lazio,5879082,1772206,30.14,0.29
3985,2021-08-05,LAZ,33224,17198,16026,21696,10516,1012,ITI,ITI4,12,Lazio,Lazio,5879082,1805430,30.71,0.57
3986,2021-02-22,LAZ,11466,4995,6471,10809,504,153,ITI,ITI4,12,Lazio,Lazio,5879082,1816896,30.9,0.2
3987,2021-08-29,LAZ,27415,13950,13465,9021,17805,589,ITI,ITI4,12,Lazio,Lazio,5879082,1844311,31.37,0.47
3988,2021-04-01,LAZ,29795,14135,15660,22227,7177,391,ITI,ITI4,12,Lazio,Lazio,5879082,1874106,31.88,0.51
3989,2021-07-10,LAZ,71104,35686,35418,25038,45405,661,ITI,ITI4,12,Lazio,Lazio,5879082,1945210,33.09,1.21
3990,2021-07-24,LAZ,30761,15517,15244,3228,27377,156,ITI,ITI4,12,Lazio,Lazio,5879082,1975971,33.61,0.52
3991,2021-06-23,LAZ,62354,29375,32979,28436,33413,505,ITI,ITI4,12,Lazio,Lazio,5879082,2038325,34.67,1.06
3992,2021-08-08,LAZ,50240,26008,24232,17980,31438,822,ITI,ITI4,12,Lazio,Lazio,5879082,2088565,35.53,0.85
3993,2021-06-26,LAZ,56229,26504,29725,24709,30928,592,ITI,ITI4,12,Lazio,Lazio,5879082,2144794,36.48,0.96
3994,2021-04-30,LAZ,41711,18481,23230,26620,14372,719,ITI,ITI4,12,Lazio,Lazio,5879082,2186505,37.19,0.71
3995,2021-08-22,LAZ,8754,5289,3465,2523,6141,90,ITI,ITI4,12,Lazio,Lazio,5879082,2195259,37.34,0.15
3996,2021-06-19,LAZ,66570,31407,35163,35278,30472,820,ITI,ITI4,12,Lazio,Lazio,5879082,2261829,38.47,1.13
3997,2021-01-15,LAZ,6710,2760,3950,6539,0,171,ITI,ITI4,12,Lazio,Lazio,5879082,2268539,38.59,0.11
3998,2021-04-25,LAZ,24581,11280,13301,16374,7875,332,ITI,ITI4,12,Lazio,Lazio,5879082,2293120,39.0,0.42
3999,2021-04-06,LAZ,24649,11286,13363,17146,7178,325,ITI,ITI4,12,Lazio,Lazio,5879082,2317769,39.42,0.42
4000,2021-01-29,LAZ,8357,3191,5166,874,7481,2,ITI,ITI4,12,Lazio,Lazio,5879082,2326126,39.57,0.14
4001,2021-02-17,LAZ,9212,4616,4596,8256,885,71,ITI,ITI4,12,Lazio,Lazio,5879082,2335338,39.72,0.16
4002,2021-05-28,LAZ,57269,26638,30631,43147,13341,781,ITI,ITI4,12,Lazio,Lazio,5879082,2392607,40.7,0.97
4003,2021-08-19,LAZ,9105,5213,3892,2852,6149,104,ITI,ITI4,12,Lazio,Lazio,5879082,2401712,40.85,0.15
4004,2021-06-21,LAZ,62020,28813,33207,28504,32904,612,ITI,ITI4,12,Lazio,Lazio,5879082,2463732,41.91,1.05
4005,2021-03-13,LAZ,21852,8757,13095,15700,5915,237,ITI,ITI4,12,Lazio,Lazio,5879082,2485584,42.28,0.37
4006,2021-02-08,LAZ,9749,4160,5589,4507,5240,2,ITI,ITI4,12,Lazio,Lazio,5879082,2495333,42.44,0.17
4007,2021-04-13,LAZ,25840,11980,13860,17637,7749,454,ITI,ITI4,12,Lazio,Lazio,5879082,2521173,42.88,0.44
4008,2021-07-31,LAZ,56214,29544,26670,5558,50352,304,ITI,ITI4,12,Lazio,Lazio,5879082,2577387,43.84,0.96
4009,2021-01-08,LAZ,7956,2979,4977,7759,0,197,ITI,ITI4,12,Lazio,Lazio,5879082,2585343,43.98,0.14
4010,2021-06-02,LAZ,43528,21602,21926,31440,11532,556,ITI,ITI4,12,Lazio,Lazio,5879082,2628871,44.72,0.74
4011,2021-06-11,LAZ,69807,32846,36961,36683,32471,653,ITI,ITI4,12,Lazio,Lazio,5879082,2698678,45.9,1.19
4012,2021-08-07,LAZ,34764,18791,15973,21805,11846,1113,ITI,ITI4,12,Lazio,Lazio,5879082,2733442,46.49,0.59
4013,2021-05-06,LAZ,48884,22781,26103,30541,17611,732,ITI,ITI4,12,Lazio,Lazio,5879082,2782326,47.33,0.83
4014,2020-12-27,LAZ,276,132,144,276,0,0,ITI,ITI4,12,Lazio,Lazio,5879082,2782602,47.33,0.0
4015,2021-03-20,LAZ,19276,7674,11602,13086,5923,267,ITI,ITI4,12,Lazio,Lazio,5879082,2801878,47.66,0.33
4016,2021-07-17,LAZ,43922,22155,21767,2179,41638,105,ITI,ITI4,12,Lazio,Lazio,5879082,2845800,48.41,0.75
4017,2021-06-30,LAZ,63027,29663,33364,29755,32721,551,ITI,ITI4,12,Lazio,Lazio,5879082,2908827,49.48,1.07
4018,2021-04-08,LAZ,26889,12328,14561,18761,7716,412,ITI,ITI4,12,Lazio,Lazio,5879082,2935716,49.93,0.46
4019,2021-07-02,LAZ,48553,23268,25285,6619,41745,189,ITI,ITI4,12,Lazio,Lazio,5879082,2984269,50.76,0.83
4020,2021-03-06,LAZ,18393,7096,11297,13897,4273,223,ITI,ITI4,12,Lazio,Lazio,5879082,3002662,51.07,0.31
4021,2021-04-15,LAZ,32050,14356,17694,20658,10884,508,ITI,ITI4,12,Lazio,Lazio,5879082,3034712,51.62,0.55
4022,2021-08-26,LAZ,32082,16641,15441,8217,23312,553,ITI,ITI4,12,Lazio,Lazio,5879082,3066794,52.16,0.55
4023,2021-02-10,LAZ,8209,3414,4795,4847,3357,5,ITI,ITI4,12,Lazio,Lazio,5879082,3075003,52.3,0.14
4024,2021-05-21,LAZ,52111,25068,27043,37302,14107,702,ITI,ITI4,12,Lazio,Lazio,5879082,3127114,53.19,0.89
4025,2021-06-04,LAZ,62069,30268,31801,43560,17862,647,ITI,ITI4,12,Lazio,Lazio,5879082,3189183,54.25,1.06
4026,2021-05-04,LAZ,40295,18540,21755,26069,13703,523,ITI,ITI4,12,Lazio,Lazio,5879082,3229478,54.93,0.69
4027,2021-08-12,LAZ,47744,24723,23021,20639,26125,980,ITI,ITI4,12,Lazio,Lazio,5879082,3277222,55.74,0.81
4028,2021-07-29,LAZ,56044,28556,27488,7667,47999,378,ITI,ITI4,12,Lazio,Lazio,5879082,3333266,56.7,0.95
4029,2021-01-01,LAZ,3600,1396,2204,3560,0,40,ITI,ITI4,12,Lazio,Lazio,5879082,3336866,56.76,0.06
4030,2021-01-10,LAZ,4136,1739,2397,4069,0,67,ITI,ITI4,12,Lazio,Lazio,5879082,3341002,56.83,0.07
4031,2021-06-16,LAZ,64730,31085,33645,32078,32013,639,ITI,ITI4,12,Lazio,Lazio,5879082,3405732,57.93,1.1
4032,2021-04-20,LAZ,31153,14299,16854,19348,11366,439,ITI,ITI4,12,Lazio,Lazio,5879082,3436885,58.46,0.53
4033,2021-03-08,LAZ,20954,9100,11854,15348,5305,301,ITI,ITI4,12,Lazio,Lazio,5879082,3457839,58.82,0.36
4034,2021-05-02,LAZ,32926,14457,18469,22935,9462,529,ITI,ITI4,12,Lazio,Lazio,5879082,3490765,59.38,0.56
4035,2021-01-22,LAZ,4013,1640,2373,497,3516,0,ITI,ITI4,12,Lazio,Lazio,5879082,3494778,59.44,0.07
4036,2021-02-27,LAZ,11534,4336,7198,10342,1047,145,ITI,ITI4,12,Lazio,Lazio,5879082,3506312,59.64,0.2
4037,2021-05-20,LAZ,51896,25048,26848,37182,13982,732,ITI,ITI4,12,Lazio,Lazio,5879082,3558208,60.52,0.88
4038,2021-08-14,LAZ,2522,1425,1097,993,1497,32,ITI,ITI4,12,Lazio,Lazio,5879082,3560730,60.57,0.04
4039,2021-08-16,LAZ,3678,2028,1650,2046,1571,61,ITI,ITI4,12,Lazio,Lazio,5879082,3564408,60.63,0.06
4040,2021-01-17,LAZ,4956,2049,2907,4678,213,65,ITI,ITI4,12,Lazio,Lazio,5879082,3569364,60.71,0.08
4041,2021-01-19,LAZ,4781,1964,2817,4324,454,3,ITI,ITI4,12,Lazio,Lazio,5879082,3574145,60.79,0.08
4042,2021-05-07,LAZ,48330,22656,25674,29789,17819,722,ITI,ITI4,12,Lazio,Lazio,5879082,3622475,61.62,0.82
4043,2021-03-11,LAZ,25510,12032,13478,18864,6287,359,ITI,ITI4,12,Lazio,Lazio,5879082,3647985,62.05,0.43
4044,2021-08-15,LAZ,1498,922,576,780,696,22,ITI,ITI4,12,Lazio,Lazio,5879082,3649483,62.08,0.03
4045,2021-07-03,LAZ,53244,25072,28172,4642,48455,147,ITI,ITI4,12,Lazio,Lazio,5879082,3702727,62.98,0.91
4046,2021-01-31,LAZ,4466,1858,2608,481,3985,0,ITI,ITI4,12,Lazio,Lazio,5879082,3707193,63.06,0.08
4047,2021-05-11,LAZ,48388,22224,26164,31121,16588,679,ITI,ITI4,12,Lazio,Lazio,5879082,3755581,63.88,0.82
4048,2021-07-16,LAZ,44029,21014,23015,2926,40924,179,ITI,ITI4,12,Lazio,Lazio,5879082,3799610,64.63,0.75
4049,2021-04-24,LAZ,33582,15155,18427,20139,12901,542,ITI,ITI4,12,Lazio,Lazio,5879082,3833192,65.2,0.57
4050,2021-08-02,LAZ,37105,19384,17721,6403,30476,226,ITI,ITI4,12,Lazio,Lazio,5879082,3870297,65.83,0.63
4051,2021-08-21,LAZ,10143,5828,4315,3191,6852,100,ITI,ITI4,12,Lazio,Lazio,5879082,3880440,66.0,0.17
4052,2021-05-30,LAZ,41276,17657,23619,33235,7376,665,ITI,ITI4,12,Lazio,Lazio,5879082,3921716,66.71,0.7
4053,2021-05-13,LAZ,50278,22600,27678,31654,17874,750,ITI,ITI4,12,Lazio,Lazio,5879082,3971994,67.56,0.86
4054,2021-04-22,LAZ,39226,19513,19713,23814,14725,687,ITI,ITI4,12,Lazio,Lazio,5879082,4011220,68.23,0.67
4055,2021-03-10,LAZ,23371,10679,12692,17358,5662,351,ITI,ITI4,12,Lazio,Lazio,5879082,4034591,68.63,0.4
4056,2021-01-12,LAZ,5515,2022,3493,5372,0,143,ITI,ITI4,12,Lazio,Lazio,5879082,4040106,68.72,0.09
4057,2021-06-18,LAZ,64420,31037,33383,30305,33357,758,ITI,ITI4,12,Lazio,Lazio,5879082,4104526,69.82,1.1
4058,2021-08-28,LAZ,32525,16983,15542,11017,20765,743,ITI,ITI4,12,Lazio,Lazio,5879082,4137051,70.37,0.55
4059,2021-06-20,LAZ,55332,25449,29883,29614,24958,760,ITI,ITI4,12,Lazio,Lazio,5879082,4192383,71.31,0.94
4060,2021-06-06,LAZ,58282,28100,30182,35146,22538,598,ITI,ITI4,12,Lazio,Lazio,5879082,4250665,72.3,0.99
4061,2021-02-26,LAZ,13134,5740,7394,11543,1406,185,ITI,ITI4,12,Lazio,Lazio,5879082,4263799,72.52,0.22
4062,2021-07-09,LAZ,65049,31397,33652,27629,36673,747,ITI,ITI4,12,Lazio,Lazio,5879082,4328848,73.63,1.11
4063,2021-02-24,LAZ,12058,5213,6845,10932,997,129,ITI,ITI4,12,Lazio,Lazio,5879082,4340906,73.84,0.21
4064,2021-07-07,LAZ,62687,31046,31641,28392,33698,597,ITI,ITI4,12,Lazio,Lazio,5879082,4403593,74.9,1.07
4065,2021-03-29,LAZ,25585,12151,13434,18188,7083,314,ITI,ITI4,12,Lazio,Lazio,5879082,4429178,75.34,0.44
4066,2021-03-15,LAZ,21034,9873,11161,14001,6770,263,ITI,ITI4,12,Lazio,Lazio,5879082,4450212,75.7,0.36
4067,2021-04-29,LAZ,38859,17352,21507,24804,13372,683,ITI,ITI4,12,Lazio,Lazio,5879082,4489071,76.36,0.66
4068,2021-03-03,LAZ,17904,7891,10013,13338,4311,255,ITI,ITI4,12,Lazio,Lazio,5879082,4506975,76.66,0.3
4069,2021-08-09,LAZ,52535,26664,25871,21847,29632,1056,ITI,ITI4,12,Lazio,Lazio,5879082,4559510,77.55,0.89
4070,2021-01-26,LAZ,7977,3132,4845,732,7245,0,ITI,ITI4,12,Lazio,Lazio,5879082,4567487,77.69,0.14
4071,2021-04-02,LAZ,29556,14173,15383,21758,7398,400,ITI,ITI4,12,Lazio,Lazio,5879082,4597043,78.19,0.5
4072,2021-02-03,LAZ,6495,2491,4004,960,5528,7,ITI,ITI4,12,Lazio,Lazio,5879082,4603538,78.3,0.11
4073,2021-01-20,LAZ,4820,1952,2868,3270,1545,5,ITI,ITI4,12,Lazio,Lazio,5879082,4608358,78.39,0.08
4074,2021-05-14,LAZ,51637,23596,28041,32417,18404,816,ITI,ITI4,12,Lazio,Lazio,5879082,4659995,79.26,0.88
4075,2021-03-18,LAZ,14301,6111,8190,7779,6432,90,ITI,ITI4,12,Lazio,Lazio,5879082,4674296,79.51,0.24
4076,2021-03-17,LAZ,13881,5951,7930,7472,6291,118,ITI,ITI4,12,Lazio,Lazio,5879082,4688177,79.74,0.24
4077,2021-06-25,LAZ,63448,30651,32797,28142,34708,598,ITI,ITI4,12,Lazio,Lazio,5879082,4751625,80.82,1.08
4078,2021-06-27,LAZ,47263,21617,25646,20587,26189,487,ITI,ITI4,12,Lazio,Lazio,5879082,4798888,81.63,0.8
4079,2021-08-23,LAZ,22638,12340,10298,16294,5369,975,ITI,ITI4,12,Lazio,Lazio,5879082,4821526,82.01,0.39
4080,2021-08-04,LAZ,47518,23927,23591,20539,26329,650,ITI,ITI4,12,Lazio,Lazio,5879082,4869044,82.82,0.81
4081,2021-06-29,LAZ,59518,28286,31232,27743,31183,592,ITI,ITI4,12,Lazio,Lazio,5879082,4928562,83.83,1.01
4082,2021-03-22,LAZ,23422,10564,12858,16356,6732,334,ITI,ITI4,12,Lazio,Lazio,5879082,4951984,84.23,0.4
4083,2020-12-29,LAZ,496,182,314,492,0,4,ITI,ITI4,12,Lazio,Lazio,5879082,4952480,84.24,0.01
4084,2021-06-13,LAZ,58457,26231,32226,33080,24871,506,ITI,ITI4,12,Lazio,Lazio,5879082,5010937,85.23,0.99
4085,2021-03-07,LAZ,14165,5480,8685,10349,3603,213,ITI,ITI4,12,Lazio,Lazio,5879082,5025102,85.47,0.24
4086,2021-06-15,LAZ,66210,31998,34212,33379,32259,572,ITI,ITI4,12,Lazio,Lazio,5879082,5091312,86.6,1.13
4087,2021-01-05,LAZ,7456,2832,4624,7353,0,103,ITI,ITI4,12,Lazio,Lazio,5879082,5098768,86.73,0.13
4088,2021-01-24,LAZ,5703,2230,3473,618,5085,0,ITI,ITI4,12,Lazio,Lazio,5879082,5104471,86.82,0.1
4089,2021-02-07,LAZ,4970,2048,2922,410,4559,1,ITI,ITI4,12,Lazio,Lazio,5879082,5109441,86.91,0.08
4090,2021-05-18,LAZ,45093,20632,24461,34894,9585,614,ITI,ITI4,12,Lazio,Lazio,5879082,5154534,87.68,0.77
4091,2021-05-01,LAZ,38268,17209,21059,25704,12077,487,ITI,ITI4,12,Lazio,Lazio,5879082,5192802,88.33,0.65
4092,2021-04-17,LAZ,32488,14252,18236,19958,12066,464,ITI,ITI4,12,Lazio,Lazio,5879082,5225290,88.88,0.55
4093,2021-07-26,LAZ,50872,25062,25810,6663,43895,314,ITI,ITI4,12,Lazio,Lazio,5879082,5276162,89.74,0.87
4094,2021-07-11,LAZ,44151,22262,21889,3765,40234,152,ITI,ITI4,12,Lazio,Lazio,5879082,5320313,90.5,0.75
4095,2021-01-28,LAZ,8288,3171,5117,787,7500,1,ITI,ITI4,12,Lazio,Lazio,5879082,5328601,90.64,0.14
4096,2021-07-04,LAZ,46600,21696,24904,4120,42394,86,ITI,ITI4,12,Lazio,Lazio,5879082,5375201,91.43,0.79
4097,2021-05-08,LAZ,45511,20779,24732,29322,15455,734,ITI,ITI4,12,Lazio,Lazio,5879082,5420712,92.2,0.77
4098,2021-07-13,LAZ,42740,20952,21788,5512,36889,339,ITI,ITI4,12,Lazio,Lazio,5879082,5463452,92.93,0.73
4099,2021-03-26,LAZ,30362,14066,16296,23003,6901,458,ITI,ITI4,12,Lazio,Lazio,5879082,5493814,93.45,0.52
4100,2021-02-04,LAZ,6447,2568,3879,1125,5321,1,ITI,ITI4,12,Lazio,Lazio,5879082,5500261,93.56,0.11
4101,2021-08-25,LAZ,31657,16617,15040,9894,21164,599,ITI,ITI4,12,Lazio,Lazio,5879082,5531918,94.09,0.54
4102,2021-05-22,LAZ,55222,27061,28161,43670,10707,845,ITI,ITI4,12,Lazio,Lazio,5879082,5587140,95.03,0.94
4103,2021-01-14,LAZ,5598,2179,3419,5424,0,174,ITI,ITI4,12,Lazio,Lazio,5879082,5592738,95.13,0.1
4104,2021-04-07,LAZ,26043,12191,13852,18346,7325,372,ITI,ITI4,12,Lazio,Lazio,5879082,5618781,95.57,0.44
4105,2020-12-28,LAZ,960,413,547,955,0,5,ITI,ITI4,12,Lazio,Lazio,5879082,5619741,95.59,0.02
4106,2021-01-16,LAZ,5772,2335,3437,5624,0,148,ITI,ITI4,12,Lazio,Lazio,5879082,5625513,95.69,0.1
4107,2021-04-26,LAZ,29342,13503,15839,19544,9290,508,ITI,ITI4,12,Lazio,Lazio,5879082,5654855,96.19,0.5
4108,2021-02-02,LAZ,5918,2219,3699,639,5276,3,ITI,ITI4,12,Lazio,Lazio,5879082,5660773,96.29,0.1
4109,2021-07-18,LAZ,58392,29730,28662,22799,34797,796,ITI,ITI4,12,Lazio,Lazio,5879082,5719165,97.28,0.99
4110,2021-03-25,LAZ,29529,13717,15812,22376,6679,474,ITI,ITI4,12,Lazio,Lazio,5879082,5748694,97.78,0.5
4111,2021-01-27,LAZ,6126,2392,3734,1005,5121,0,ITI,ITI4,12,Lazio,Lazio,5879082,5754820,97.89,0.1
4112,2021-06-01,LAZ,49162,23725,25437,30088,18594,480,ITI,ITI4,12,Lazio,Lazio,5879082,5803982,98.72,0.84
4113,2021-04-05,LAZ,19983,9153,10830,13615,6214,154,ITI,ITI4,12,Lazio,Lazio,5879082,5823965,99.06,0.34
4114,2021-03-24,LAZ,27989,13150,14839,21313,6275,401,ITI,ITI4,12,Lazio,Lazio,5879082,5851954,99.54,0.48
4115,2021-08-20,LAZ,8304,4675,3629,2061,6150,93,ITI,ITI4,12,Lazio,Lazio,5879082,5860258,99.68,0.14
4116,2021-05-29,LAZ,52108,23445,28663,40194,11050,864,ITI,ITI4,12,Lazio,Lazio,5879082,5912366,100.57,0.89
4117,2021-08-01,LAZ,39344,20972,18372,5659,33380,305,ITI,ITI4,12,Lazio,Lazio,5879082,5951710,101.24,0.67
4118,2021-05-10,LAZ,44512,20355,24157,30355,13446,711,ITI,ITI4,12,Lazio,Lazio,5879082,5996222,101.99,0.76
4119,2021-03-12,LAZ,24106,11146,12960,17389,6356,361,ITI,ITI4,12,Lazio,Lazio,5879082,6020328,102.4,0.41
4120,2021-08-13,LAZ,43499,22622,20877,20048,22391,1060,ITI,ITI4,12,Lazio,Lazio,5879082,6063827,103.14,0.74
4121,2021-02-09,LAZ,8821,3782,5039,4577,4237,7,ITI,ITI4,12,Lazio,Lazio,5879082,6072648,103.29,0.15
4122,2021-02-23,LAZ,11105,4790,6315,10208,769,128,ITI,ITI4,12,Lazio,Lazio,5879082,6083753,103.48,0.19
4123,2021-07-06,LAZ,62603,30377,32226,28563,33545,495,ITI,ITI4,12,Lazio,Lazio,5879082,6146356,104.55,1.06
4124,2021-08-30,LAZ,30466,15376,15090,9972,19820,674,ITI,ITI4,12,Lazio,Lazio,5879082,6176822,105.06,0.52
4125,2021-05-15,LAZ,57507,27471,30036,40044,16582,881,ITI,ITI4,12,Lazio,Lazio,5879082,6234329,106.04,0.98
4126,2021-03-19,LAZ,17508,7597,9911,11003,6351,154,ITI,ITI4,12,Lazio,Lazio,5879082,6251837,106.34,0.3
4127,2021-09-01,LAZ,26246,13455,12791,8058,17680,508,ITI,ITI4,12,Lazio,Lazio,5879082,6278083,106.79,0.45
4128,2021-07-28,LAZ,57746,29231,28515,8103,49292,351,ITI,ITI4,12,Lazio,Lazio,5879082,6335829,107.77,0.98
4129,2021-05-25,LAZ,47635,22363,25272,35312,11729,594,ITI,ITI4,12,Lazio,Lazio,5879082,6383464,108.58,0.81
4130,2021-04-12,LAZ,23942,10795,13147,16649,6964,329,ITI,ITI4,12,Lazio,Lazio,5879082,6407406,108.99,0.41
4131,2021-07-21,LAZ,62838,31731,31107,28653,32818,1367,ITI,ITI4,12,Lazio,Lazio,5879082,6470244,110.06,1.07
4132,2021-06-08,LAZ,66825,31898,34927,36154,30015,656,ITI,ITI4,12,Lazio,Lazio,5879082,6537069,111.19,1.14
4133,2021-01-21,LAZ,5669,2370,3299,558,5111,0,ITI,ITI4,12,Lazio,Lazio,5879082,6542738,111.29,0.1
4134,2021-03-31,LAZ,27882,13482,14400,20393,7146,343,ITI,ITI4,12,Lazio,Lazio,5879082,6570620,111.76,0.47
4135,2021-01-07,LAZ,7937,2978,4959,7780,0,157,ITI,ITI4,12,Lazio,Lazio,5879082,6578557,111.9,0.14
4136,2021-08-11,LAZ,48819,25572,23247,20346,27608,865,ITI,ITI4,12,Lazio,Lazio,5879082,6627376,112.73,0.83
4137,2021-05-03,LAZ,39638,17899,21739,26182,12777,679,ITI,ITI4,12,Lazio,Lazio,5879082,6667014,113.4,0.67
4138,2021-07-25,LAZ,24657,12138,12519,2097,22510,50,ITI,ITI4,12,Lazio,Lazio,5879082,6691671,113.82,0.42
4139,2021-06-22,LAZ,62853,29078,33775,28596,33536,721,ITI,ITI4,12,Lazio,Lazio,5879082,6754524,114.89,1.07
4140,2021-08-18,LAZ,9419,5442,3977,3207,6097,115,ITI,ITI4,12,Lazio,Lazio,5879082,6763943,115.05,0.16
4141,2021-05-27,LAZ,58545,27241,31304,43946,13808,791,ITI,ITI4,12,Lazio,Lazio,5879082,6822488,116.05,1.0
4142,2021-03-05,LAZ,19609,8688,10921,14616,4753,240,ITI,ITI4,12,Lazio,Lazio,5879082,6842097,116.38,0.33
4143,2021-02-16,LAZ,8359,4034,4325,7703,612,44,ITI,ITI4,12,Lazio,Lazio,5879082,6850456,116.52,0.14
4144,2021-07-14,LAZ,42206,20575,21631,6212,35631,363,ITI,ITI4,12,Lazio,Lazio,5879082,6892662,117.24,0.72
4145,2021-01-09,LAZ,6419,2611,3808,6306,0,113,ITI,ITI4,12,Lazio,Lazio,5879082,6899081,117.35,0.11
4146,2021-04-19,LAZ,30161,13714,16447,18953,10729,479,ITI,ITI4,12,Lazio,Lazio,5879082,6929242,117.86,0.51
4147,2021-02-21,LAZ,7000,3184,3816,6485,467,48,ITI,ITI4,12,Lazio,Lazio,5879082,6936242,117.98,0.12
4148,2021-02-14,LAZ,5808,2382,3426,5302,475,31,ITI,ITI4,12,Lazio,Lazio,5879082,6942050,118.08,0.1
4149,2021-03-14,LAZ,17299,6779,10520,11850,5181,268,ITI,ITI4,12,Lazio,Lazio,5879082,6959349,118.37,0.29
4150,2021-02-28,LAZ,10286,4040,6246,9646,540,100,ITI,ITI4,12,Lazio,Lazio,5879082,6969635,118.55,0.17
4151,2021-01-02,LAZ,6839,2681,4158,6759,0,80,ITI,ITI4,12,Lazio,Lazio,5879082,6976474,118.67,0.12
4152,2021-03-27,LAZ,26551,10799,15752,19486,6517,548,ITI,ITI4,12,Lazio,Lazio,5879082,7003025,119.12,0.45
4153,2021-08-31,LAZ,30853,15265,15588,11573,18352,928,ITI,ITI4,12,Lazio,Lazio,5879082,7033878,119.64,0.52
4154,2021-07-05,LAZ,61714,29710,32004,25603,35045,1066,ITI,ITI4,12,Lazio,Lazio,5879082,7095592,120.69,1.05
4155,2021-05-23,LAZ,47179,22892,24287,39128,7406,645,ITI,ITI4,12,Lazio,Lazio,5879082,7142771,121.49,0.8
4156,2021-05-09,LAZ,37571,17271,20300,25781,11288,502,ITI,ITI4,12,Lazio,Lazio,5879082,7180342,122.13,0.64
4157,2021-08-17,LAZ,7840,4449,3391,3647,4097,96,ITI,ITI4,12,Lazio,Lazio,5879082,7188182,122.27,0.13
4158,2021-07-12,LAZ,41442,20726,20716,5870,35343,229,ITI,ITI4,12,Lazio,Lazio,5879082,7229624,122.97,0.7
4159,2021-05-16,LAZ,51019,24571,26448,36901,13515,603,ITI,ITI4,12,Lazio,Lazio,5879082,7280643,123.84,0.87
4160,2021-08-24,LAZ,18543,9888,8655,11523,6310,710,ITI,ITI4,12,Lazio,Lazio,5879082,7299186,124.16,0.32
4161,2021-06-28,LAZ,58980,28201,30779,27510,31021,449,ITI,ITI4,12,Lazio,Lazio,5879082,7358166,125.16,1.0
4162,2021-02-12,LAZ,6858,2857,4001,6354,422,82,ITI,ITI4,12,Lazio,Lazio,5879082,7365024,125.28,0.12
4163,2020-12-31,LAZ,5375,2151,3224,5315,0,60,ITI,ITI4,12,Lazio,Lazio,5879082,7370399,125.37,0.09
4164,2021-04-10,LAZ,23951,10423,13528,16472,7204,275,ITI,ITI4,12,Lazio,Lazio,5879082,7394350,125.77,0.41
4165,2021-02-05,LAZ,7337,2999,4338,1219,6114,4,ITI,ITI4,12,Lazio,Lazio,5879082,7401687,125.9,0.12
4166,2021-04-03,LAZ,24853,11223,13630,17889,6737,227,ITI,ITI4,12,Lazio,Lazio,5879082,7426540,126.32,0.42
4167,2021-02-19,LAZ,10062,5086,4976,9074,839,149,ITI,ITI4,12,Lazio,Lazio,5879082,7436602,126.49,0.17
4168,2021-06-17,LAZ,67054,32271,34783,31820,34509,725,ITI,ITI4,12,Lazio,Lazio,5879082,7503656,127.63,1.14
4169,2021-04-21,LAZ,33162,15073,18089,20232,12487,443,ITI,ITI4,12,Lazio,Lazio,5879082,7536818,128.2,0.56
4170,2021-07-30,LAZ,55952,28977,26975,7383,48212,357,ITI,ITI4,12,Lazio,Lazio,5879082,7592770,129.15,0.95
4171,2021-06-03,LAZ,56868,28735,28133,38287,17855,726,ITI,ITI4,12,Lazio,Lazio,5879082,7649638,130.12,0.97
4172,2021-08-06,LAZ,33324,17480,15844,22172,10100,1052,ITI,ITI4,12,Lazio,Lazio,5879082,7682962,130.68,0.57
4173,2021-06-10,LAZ,72222,34127,38095,37317,34056,849,ITI,ITI4,12,Lazio,Lazio,5879082,7755184,131.91,1.23
4174,2021-04-14,LAZ,29401,13327,16074,18849,10197,355,ITI,ITI4,12,Lazio,Lazio,5879082,7784585,132.41,0.5
4175,2021-07-23,LAZ,58475,29335,29140,26807,29897,1771,ITI,ITI4,12,Lazio,Lazio,5879082,7843060,133.41,0.99
4176,2021-06-19,PIE,40126,20349,19777,22892,16679,555,ITC,ITC1,1,Piemonte,Piemonte,4356406,40126,0.92,0.92
4177,2021-02-04,PIE,10229,3352,6877,582,9645,2,ITC,ITC1,1,Piemonte,Piemonte,4356406,50355,1.16,0.23
4178,2021-07-15,PIE,42589,22007,20582,4093,38038,458,ITC,ITC1,1,Piemonte,Piemonte,4356406,92944,2.13,0.98
4179,2021-08-01,PIE,27218,14419,12799,8480,18284,454,ITC,ITC1,1,Piemonte,Piemonte,4356406,120162,2.76,0.62
4180,2021-04-23,PIE,27463,12610,14853,19988,6765,710,ITC,ITC1,1,Piemonte,Piemonte,4356406,147625,3.39,0.63
4181,2021-03-23,PIE,13210,5573,7637,6643,6248,319,ITC,ITC1,1,Piemonte,Piemonte,4356406,160835,3.69,0.3
4182,2021-01-16,PIE,7775,2625,5150,7768,0,7,ITC,ITC1,1,Piemonte,Piemonte,4356406,168610,3.87,0.18
4183,2021-08-27,PIE,17329,9247,8082,7461,9223,645,ITC,ITC1,1,Piemonte,Piemonte,4356406,185939,4.27,0.4
4184,2021-05-19,PIE,33183,15326,17857,21449,11140,594,ITC,ITC1,1,Piemonte,Piemonte,4356406,219122,5.03,0.76
4185,2021-03-14,PIE,8216,3340,4876,5175,2900,141,ITC,ITC1,1,Piemonte,Piemonte,4356406,227338,5.22,0.19
4186,2021-05-10,PIE,29071,14028,15043,15307,13135,629,ITC,ITC1,1,Piemonte,Piemonte,4356406,256409,5.89,0.67
4187,2021-01-30,PIE,5993,2142,3851,217,5775,1,ITC,ITC1,1,Piemonte,Piemonte,4356406,262402,6.02,0.14
4188,2021-06-24,PIE,39279,19715,19564,18337,20340,602,ITC,ITC1,1,Piemonte,Piemonte,4356406,301681,6.92,0.9
4189,2021-03-16,PIE,10531,4278,6253,4370,6067,94,ITC,ITC1,1,Piemonte,Piemonte,4356406,312212,7.17,0.24
4190,2021-08-20,PIE,16470,8825,7645,10251,5530,689,ITC,ITC1,1,Piemonte,Piemonte,4356406,328682,7.54,0.38
4191,2021-05-12,PIE,31949,15207,16742,18380,12943,626,ITC,ITC1,1,Piemonte,Piemonte,4356406,360631,8.28,0.73
4192,2021-07-06,PIE,38318,19398,18920,8645,29125,548,ITC,ITC1,1,Piemonte,Piemonte,4356406,398949,9.16,0.88
4193,2021-03-28,PIE,16083,6903,9180,8122,7624,337,ITC,ITC1,1,Piemonte,Piemonte,4356406,415032,9.53,0.37
4194,2021-07-20,PIE,39095,20572,18523,5751,32776,568,ITC,ITC1,1,Piemonte,Piemonte,4356406,454127,10.42,0.9
4195,2021-04-11,PIE,20848,9325,11523,18229,2151,468,ITC,ITC1,1,Piemonte,Piemonte,4356406,474975,10.9,0.48
4196,2021-01-04,PIE,5580,1687,3893,5579,0,1,ITC,ITC1,1,Piemonte,Piemonte,4356406,480555,11.03,0.13
4197,2021-04-28,PIE,26089,11759,14330,15480,10057,552,ITC,ITC1,1,Piemonte,Piemonte,4356406,506644,11.63,0.6
4198,2021-01-18,PIE,6175,2050,4125,5920,251,4,ITC,ITC1,1,Piemonte,Piemonte,4356406,512819,11.77,0.14
4199,2021-08-15,PIE,6567,3624,2943,5028,1268,271,ITC,ITC1,1,Piemonte,Piemonte,4356406,519386,11.92,0.15
4200,2021-09-01,PIE,18508,9556,8952,6681,11149,678,ITC,ITC1,1,Piemonte,Piemonte,4356406,537894,12.35,0.42
4201,2021-05-24,PIE,29015,13434,15581,16649,11983,383,ITC,ITC1,1,Piemonte,Piemonte,4356406,566909,13.01,0.67
4202,2021-03-02,PIE,11329,4616,6713,10324,813,192,ITC,ITC1,1,Piemonte,Piemonte,4356406,578238,13.27,0.26
4203,2021-02-11,PIE,6769,2108,4661,2987,3763,19,ITC,ITC1,1,Piemonte,Piemonte,4356406,585007,13.43,0.16
4204,2021-04-09,PIE,25911,11409,14502,20829,4505,577,ITC,ITC1,1,Piemonte,Piemonte,4356406,610918,14.02,0.59
4205,2020-12-30,PIE,735,323,412,735,0,0,ITC,ITC1,1,Piemonte,Piemonte,4356406,611653,14.04,0.02
4206,2021-06-05,PIE,36998,18944,18054,31895,4461,642,ITC,ITC1,1,Piemonte,Piemonte,4356406,648651,14.89,0.85
4207,2021-02-25,PIE,12278,5299,6979,11545,547,186,ITC,ITC1,1,Piemonte,Piemonte,4356406,660929,15.17,0.28
4208,2021-07-08,PIE,41017,20978,20039,7453,32994,570,ITC,ITC1,1,Piemonte,Piemonte,4356406,701946,16.11,0.94
4209,2021-01-23,PIE,4263,1327,2936,878,3383,2,ITC,ITC1,1,Piemonte,Piemonte,4356406,706209,16.21,0.1
4210,2021-03-21,PIE,10734,4741,5993,4023,6538,173,ITC,ITC1,1,Piemonte,Piemonte,4356406,716943,16.46,0.25
4211,2021-08-13,PIE,19949,10636,9313,12040,7224,685,ITC,ITC1,1,Piemonte,Piemonte,4356406,736892,16.92,0.46
4212,2021-05-05,PIE,34697,16250,18447,20335,13668,694,ITC,ITC1,1,Piemonte,Piemonte,4356406,771589,17.71,0.8
4213,2021-07-01,PIE,41969,21005,20964,19804,21140,1025,ITC,ITC1,1,Piemonte,Piemonte,4356406,813558,18.67,0.96
4214,2021-05-17,PIE,30992,14634,16358,17379,13201,412,ITC,ITC1,1,Piemonte,Piemonte,4356406,844550,19.39,0.71
4215,2021-02-06,PIE,8005,2666,5339,396,7607,2,ITC,ITC1,1,Piemonte,Piemonte,4356406,852555,19.57,0.18
4216,2021-02-23,PIE,9258,3728,5530,8497,586,175,ITC,ITC1,1,Piemonte,Piemonte,4356406,861813,19.78,0.21
4217,2021-05-31,PIE,29151,14073,15078,20154,8586,411,ITC,ITC1,1,Piemonte,Piemonte,4356406,890964,20.45,0.67
4218,2021-06-17,PIE,41185,20676,20509,24206,16356,623,ITC,ITC1,1,Piemonte,Piemonte,4356406,932149,21.4,0.95
4219,2021-03-09,PIE,14326,5734,8592,11742,2349,235,ITC,ITC1,1,Piemonte,Piemonte,4356406,946475,21.73,0.33
4220,2021-04-02,PIE,20172,8329,11843,11336,8433,403,ITC,ITC1,1,Piemonte,Piemonte,4356406,966647,22.19,0.46
4221,2021-05-29,PIE,32844,15245,17599,20297,12187,360,ITC,ITC1,1,Piemonte,Piemonte,4356406,999491,22.94,0.75
4222,2021-02-18,PIE,4810,2109,2701,4293,429,88,ITC,ITC1,1,Piemonte,Piemonte,4356406,1004301,23.05,0.11
4223,2021-07-25,PIE,28689,15220,13469,6590,21604,495,ITC,ITC1,1,Piemonte,Piemonte,4356406,1032990,23.71,0.66
4224,2021-04-16,PIE,28459,13228,15231,22685,5013,761,ITC,ITC1,1,Piemonte,Piemonte,4356406,1061449,24.37,0.65
4225,2021-06-12,PIE,42677,22495,20182,39252,2627,798,ITC,ITC1,1,Piemonte,Piemonte,4356406,1104126,25.34,0.98
4226,2021-06-26,PIE,41263,20994,20269,21959,18591,713,ITC,ITC1,1,Piemonte,Piemonte,4356406,1145389,26.29,0.95
4227,2021-07-13,PIE,38889,20064,18825,3670,34884,335,ITC,ITC1,1,Piemonte,Piemonte,4356406,1184278,27.18,0.89
4228,2021-04-04,PIE,9263,4059,5204,6397,2712,154,ITC,ITC1,1,Piemonte,Piemonte,4356406,1193541,27.4,0.21
4229,2021-04-21,PIE,25792,11851,13941,19767,5356,669,ITC,ITC1,1,Piemonte,Piemonte,4356406,1219333,27.99,0.59
4230,2021-01-11,PIE,8752,2982,5770,8746,0,6,ITC,ITC1,1,Piemonte,Piemonte,4356406,1228085,28.19,0.2
4231,2021-08-22,PIE,9582,5234,4348,5125,4097,360,ITC,ITC1,1,Piemonte,Piemonte,4356406,1237667,28.41,0.22
4232,2021-02-08,PIE,6924,2355,4569,661,6258,5,ITC,ITC1,1,Piemonte,Piemonte,4356406,1244591,28.57,0.16
4233,2021-08-08,PIE,20253,10819,9434,8995,10925,333,ITC,ITC1,1,Piemonte,Piemonte,4356406,1264844,29.03,0.46
4234,2021-04-30,PIE,31981,14385,17596,17949,13344,688,ITC,ITC1,1,Piemonte,Piemonte,4356406,1296825,29.77,0.73
4235,2021-07-03,PIE,40127,20140,19987,15345,24045,737,ITC,ITC1,1,Piemonte,Piemonte,4356406,1336952,30.69,0.92
4236,2021-08-24,PIE,15202,8114,7088,7850,6722,630,ITC,ITC1,1,Piemonte,Piemonte,4356406,1352154,31.04,0.35
4237,2021-01-01,PIE,1041,396,645,1040,0,1,ITC,ITC1,1,Piemonte,Piemonte,4356406,1353195,31.06,0.02
4238,2021-06-07,PIE,34951,17879,17072,29526,4806,619,ITC,ITC1,1,Piemonte,Piemonte,4356406,1388146,31.86,0.8
4239,2021-08-03,PIE,30149,15773,14376,9304,20384,461,ITC,ITC1,1,Piemonte,Piemonte,4356406,1418295,32.56,0.69
4240,2021-07-12,PIE,39220,20229,18991,4560,34188,472,ITC,ITC1,1,Piemonte,Piemonte,4356406,1457515,33.46,0.9
4241,2021-07-29,PIE,36649,19051,17598,9348,26650,651,ITC,ITC1,1,Piemonte,Piemonte,4356406,1494164,34.3,0.84
4242,2021-04-20,PIE,25530,11688,13842,18542,6357,631,ITC,ITC1,1,Piemonte,Piemonte,4356406,1519694,34.88,0.59
4243,2021-05-07,PIE,33136,15678,17458,18367,14152,617,ITC,ITC1,1,Piemonte,Piemonte,4356406,1552830,35.64,0.76
4244,2021-01-27,PIE,4201,1452,2749,994,3205,2,ITC,ITC1,1,Piemonte,Piemonte,4356406,1557031,35.74,0.1
4245,2021-02-13,PIE,4164,1342,2822,2924,1224,16,ITC,ITC1,1,Piemonte,Piemonte,4356406,1561195,35.84,0.1
4246,2021-07-31,PIE,35713,18985,16728,10731,24626,356,ITC,ITC1,1,Piemonte,Piemonte,4356406,1596908,36.66,0.82
4247,2021-08-17,PIE,18034,9675,8359,11676,5592,766,ITC,ITC1,1,Piemonte,Piemonte,4356406,1614942,37.07,0.41
4248,2021-05-09,PIE,27168,12938,14230,13155,13623,390,ITC,ITC1,1,Piemonte,Piemonte,4356406,1642110,37.69,0.62
4249,2021-06-28,PIE,38477,19107,19370,15131,22750,596,ITC,ITC1,1,Piemonte,Piemonte,4356406,1680587,38.58,0.88
4250,2021-04-06,PIE,20746,9045,11701,15084,5208,454,ITC,ITC1,1,Piemonte,Piemonte,4356406,1701333,39.05,0.48
4251,2020-12-27,PIE,914,370,544,914,0,0,ITC,ITC1,1,Piemonte,Piemonte,4356406,1702247,39.07,0.02
4252,2021-08-31,PIE,18949,10001,8948,6799,11605,545,ITC,ITC1,1,Piemonte,Piemonte,4356406,1721196,39.51,0.43
4253,2021-06-02,PIE,26745,13089,13656,21652,4648,445,ITC,ITC1,1,Piemonte,Piemonte,4356406,1747941,40.12,0.61
4254,2021-02-22,PIE,8500,3473,5027,7800,595,105,ITC,ITC1,1,Piemonte,Piemonte,4356406,1756441,40.32,0.2
4255,2021-03-11,PIE,14033,5314,8719,10683,3099,251,ITC,ITC1,1,Piemonte,Piemonte,4356406,1770474,40.64,0.32
4256,2021-03-25,PIE,17149,7276,9873,8071,8637,441,ITC,ITC1,1,Piemonte,Piemonte,4356406,1787623,41.03,0.39
4257,2021-08-29,PIE,15104,8102,7002,5025,9660,419,ITC,ITC1,1,Piemonte,Piemonte,4356406,1802727,41.38,0.35
4258,2021-05-21,PIE,36235,16830,19405,20054,15661,520,ITC,ITC1,1,Piemonte,Piemonte,4356406,1838962,42.21,0.83
4259,2021-07-17,PIE,42017,22112,19905,4951,36576,490,ITC,ITC1,1,Piemonte,Piemonte,4356406,1880979,43.18,0.96
4260,2021-02-01,PIE,8673,3060,5613,579,8093,1,ITC,ITC1,1,Piemonte,Piemonte,4356406,1889652,43.38,0.2
4261,2021-03-30,PIE,17003,7121,9882,8732,7875,396,ITC,ITC1,1,Piemonte,Piemonte,4356406,1906655,43.77,0.39
4262,2021-07-10,PIE,41200,20876,20324,6725,33936,539,ITC,ITC1,1,Piemonte,Piemonte,4356406,1947855,44.71,0.95
4263,2021-04-01,PIE,19421,8144,11277,10966,8132,323,ITC,ITC1,1,Piemonte,Piemonte,4356406,1967276,45.16,0.45
4264,2021-05-28,PIE,35111,16629,18482,18681,16018,412,ITC,ITC1,1,Piemonte,Piemonte,4356406,2002387,45.96,0.81
4265,2021-01-25,PIE,6229,1946,4283,975,5252,2,ITC,ITC1,1,Piemonte,Piemonte,4356406,2008616,46.11,0.14
4266,2021-05-26,PIE,34203,15764,18439,15339,18508,356,ITC,ITC1,1,Piemonte,Piemonte,4356406,2042819,46.89,0.79
4267,2021-02-15,PIE,4436,1600,2836,3207,1206,23,ITC,ITC1,1,Piemonte,Piemonte,4356406,2047255,46.99,0.1
4268,2021-03-04,PIE,14734,5937,8797,11563,2947,224,ITC,ITC1,1,Piemonte,Piemonte,4356406,2061989,47.33,0.34
4269,2021-06-09,PIE,38692,20382,18310,35165,2739,788,ITC,ITC1,1,Piemonte,Piemonte,4356406,2100681,48.22,0.89
4270,2021-03-18,PIE,11778,4814,6964,3839,7746,193,ITC,ITC1,1,Piemonte,Piemonte,4356406,2112459,48.49,0.27
4271,2021-03-03,PIE,12375,4865,7510,11363,819,193,ITC,ITC1,1,Piemonte,Piemonte,4356406,2124834,48.77,0.28
4272,2021-03-20,PIE,11926,4897,7029,5774,5900,252,ITC,ITC1,1,Piemonte,Piemonte,4356406,2136760,49.05,0.27
4273,2021-07-05,PIE,35615,17819,17796,11693,23236,686,ITC,ITC1,1,Piemonte,Piemonte,4356406,2172375,49.87,0.82
4274,2021-02-20,PIE,3845,1262,2583,3570,174,101,ITC,ITC1,1,Piemonte,Piemonte,4356406,2176220,49.95,0.09
4275,2021-07-24,PIE,34847,18330,16517,7893,26356,598,ITC,ITC1,1,Piemonte,Piemonte,4356406,2211067,50.75,0.8
4276,2021-08-07,PIE,29735,15908,13827,12641,16639,455,ITC,ITC1,1,Piemonte,Piemonte,4356406,2240802,51.44,0.68
4277,2021-04-29,PIE,48566,22007,26559,34714,12648,1204,ITC,ITC1,1,Piemonte,Piemonte,4356406,2289368,52.55,1.11
4278,2021-05-14,PIE,33476,16305,17171,17355,15448,673,ITC,ITC1,1,Piemonte,Piemonte,4356406,2322844,53.32,0.77
4279,2021-07-22,PIE,41627,21917,19710,7007,34027,593,ITC,ITC1,1,Piemonte,Piemonte,4356406,2364471,54.28,0.96
4280,2021-04-13,PIE,26730,12021,14709,22591,3463,676,ITC,ITC1,1,Piemonte,Piemonte,4356406,2391201,54.89,0.61
4281,2021-01-20,PIE,6614,2086,4528,5891,716,7,ITC,ITC1,1,Piemonte,Piemonte,4356406,2397815,55.04,0.15
4282,2021-02-03,PIE,10216,3309,6907,609,9605,2,ITC,ITC1,1,Piemonte,Piemonte,4356406,2408031,55.28,0.23
4283,2021-05-30,PIE,27814,13224,14590,18042,9396,376,ITC,ITC1,1,Piemonte,Piemonte,4356406,2435845,55.91,0.64
4284,2021-02-19,PIE,5549,2181,3368,4926,501,122,ITC,ITC1,1,Piemonte,Piemonte,4356406,2441394,56.04,0.13
4285,2021-06-04,PIE,37657,19689,17968,34075,2965,617,ITC,ITC1,1,Piemonte,Piemonte,4356406,2479051,56.91,0.86
4286,2021-02-24,PIE,11398,4613,6785,10744,504,150,ITC,ITC1,1,Piemonte,Piemonte,4356406,2490449,57.17,0.26
4287,2020-12-28,PIE,1,1,0,1,0,0,ITC,ITC1,1,Piemonte,Piemonte,4356406,2490450,57.17,0.0
4288,2021-07-27,PIE,33780,17635,16145,8238,24981,561,ITC,ITC1,1,Piemonte,Piemonte,4356406,2524230,57.94,0.78
4289,2021-05-02,PIE,25158,11291,13867,14012,10750,396,ITC,ITC1,1,Piemonte,Piemonte,4356406,2549388,58.52,0.58
4290,2021-08-14,PIE,15077,8120,6957,9770,4756,551,ITC,ITC1,1,Piemonte,Piemonte,4356406,2564465,58.87,0.35
4291,2021-05-06,PIE,33451,15797,17654,19297,13551,603,ITC,ITC1,1,Piemonte,Piemonte,4356406,2597916,59.63,0.77
4292,2021-05-23,PIE,28808,13166,15642,15480,13012,316,ITC,ITC1,1,Piemonte,Piemonte,4356406,2626724,60.3,0.66
4293,2021-02-12,PIE,6903,2220,4683,3915,2963,25,ITC,ITC1,1,Piemonte,Piemonte,4356406,2633627,60.45,0.16
4294,2021-06-25,PIE,45573,22709,22864,20282,24574,717,ITC,ITC1,1,Piemonte,Piemonte,4356406,2679200,61.5,1.05
4295,2021-04-03,PIE,19490,8201,11289,10602,8574,314,ITC,ITC1,1,Piemonte,Piemonte,4356406,2698690,61.95,0.45
4296,2021-01-10,PIE,5219,2278,2941,5217,0,2,ITC,ITC1,1,Piemonte,Piemonte,4356406,2703909,62.07,0.12
4297,2021-07-14,PIE,39042,20078,18964,3593,35022,427,ITC,ITC1,1,Piemonte,Piemonte,4356406,2742951,62.96,0.9
4298,2021-04-22,PIE,27687,12751,14936,20200,6694,793,ITC,ITC1,1,Piemonte,Piemonte,4356406,2770638,63.6,0.64
4299,2021-01-12,PIE,10094,3417,6677,10088,0,6,ITC,ITC1,1,Piemonte,Piemonte,4356406,2780732,63.83,0.23
4300,2021-01-29,PIE,5953,1889,4064,452,5501,0,ITC,ITC1,1,Piemonte,Piemonte,4356406,2786685,63.97,0.14
4301,2021-07-26,PIE,32796,17066,15730,8283,23880,633,ITC,ITC1,1,Piemonte,Piemonte,4356406,2819481,64.72,0.75
4302,2021-04-17,PIE,30500,14164,16336,26472,3311,717,ITC,ITC1,1,Piemonte,Piemonte,4356406,2849981,65.42,0.7
4303,2021-06-13,PIE,38049,20078,17971,33151,4134,764,ITC,ITC1,1,Piemonte,Piemonte,4356406,2888030,66.29,0.87
4304,2021-02-10,PIE,7549,2375,5174,1301,6233,15,ITC,ITC1,1,Piemonte,Piemonte,4356406,2895579,66.47,0.17
4305,2021-04-08,PIE,25344,11033,14311,20051,4727,566,ITC,ITC1,1,Piemonte,Piemonte,4356406,2920923,67.05,0.58
4306,2021-08-09,PIE,24706,12892,11814,12025,11989,692,ITC,ITC1,1,Piemonte,Piemonte,4356406,2945629,67.62,0.57
4307,2021-08-26,PIE,16799,9090,7709,8053,8003,743,ITC,ITC1,1,Piemonte,Piemonte,4356406,2962428,68.0,0.39
4308,2021-05-18,PIE,32215,14865,17350,19086,12684,445,ITC,ITC1,1,Piemonte,Piemonte,4356406,2994643,68.74,0.74
4309,2021-05-16,PIE,28216,12805,15411,14753,13088,375,ITC,ITC1,1,Piemonte,Piemonte,4356406,3022859,69.39,0.65
4310,2021-02-05,PIE,9622,3140,6482,655,8965,2,ITC,ITC1,1,Piemonte,Piemonte,4356406,3032481,69.61,0.22
4311,2021-06-06,PIE,35150,18361,16789,32106,2491,553,ITC,ITC1,1,Piemonte,Piemonte,4356406,3067631,70.42,0.81
4312,2021-08-02,PIE,29928,15799,14129,9367,20056,505,ITC,ITC1,1,Piemonte,Piemonte,4356406,3097559,71.1,0.69
4313,2021-02-17,PIE,4808,2166,2642,3756,990,62,ITC,ITC1,1,Piemonte,Piemonte,4356406,3102367,71.21,0.11
4314,2021-06-08,PIE,37733,19527,18206,34166,2853,714,ITC,ITC1,1,Piemonte,Piemonte,4356406,3140100,72.08,0.87
4315,2021-08-04,PIE,29249,15446,13803,8909,19848,492,ITC,ITC1,1,Piemonte,Piemonte,4356406,3169349,72.75,0.67
4316,2021-04-26,PIE,19829,8763,11066,14916,4400,513,ITC,ITC1,1,Piemonte,Piemonte,4356406,3189178,73.21,0.46
4317,2021-02-27,PIE,12703,4852,7851,12133,337,233,ITC,ITC1,1,Piemonte,Piemonte,4356406,3201881,73.5,0.29
4318,2021-04-25,PIE,20253,9317,10936,17288,2503,462,ITC,ITC1,1,Piemonte,Piemonte,4356406,3222134,73.96,0.46
4319,2021-01-15,PIE,9119,3010,6109,9113,0,6,ITC,ITC1,1,Piemonte,Piemonte,4356406,3231253,74.17,0.21
4320,2021-06-21,PIE,38502,19251,19251,17157,20779,566,ITC,ITC1,1,Piemonte,Piemonte,4356406,3269755,75.06,0.88
4321,2021-03-13,PIE,13046,4724,8322,11342,1432,272,ITC,ITC1,1,Piemonte,Piemonte,4356406,3282801,75.36,0.3
4322,2021-07-19,PIE,39626,20620,19006,4487,34721,418,ITC,ITC1,1,Piemonte,Piemonte,4356406,3322427,76.27,0.91
4323,2021-04-10,PIE,30194,13423,16771,25271,4267,656,ITC,ITC1,1,Piemonte,Piemonte,4356406,3352621,76.96,0.69
4324,2021-04-15,PIE,29620,13573,16047,23408,5524,688,ITC,ITC1,1,Piemonte,Piemonte,4356406,3382241,77.64,0.68
4325,2021-01-05,PIE,5397,1610,3787,5390,0,7,ITC,ITC1,1,Piemonte,Piemonte,4356406,3387638,77.76,0.12
4326,2021-03-01,PIE,12177,4965,7212,11187,810,180,ITC,ITC1,1,Piemonte,Piemonte,4356406,3399815,78.04,0.28
4327,2021-05-25,PIE,31923,14794,17129,15634,15895,394,ITC,ITC1,1,Piemonte,Piemonte,4356406,3431738,78.77,0.73
4328,2021-06-11,PIE,43644,23098,20546,39988,2841,815,ITC,ITC1,1,Piemonte,Piemonte,4356406,3475382,79.78,1.0
4329,2021-02-28,PIE,10827,4063,6764,10407,241,179,ITC,ITC1,1,Piemonte,Piemonte,4356406,3486209,80.02,0.25
4330,2021-03-17,PIE,12529,5061,7468,5037,7303,189,ITC,ITC1,1,Piemonte,Piemonte,4356406,3498738,80.31,0.29
4331,2021-06-18,PIE,40686,20345,20341,25769,14232,685,ITC,ITC1,1,Piemonte,Piemonte,4356406,3539424,81.25,0.93
4332,2021-03-10,PIE,13944,5449,8495,11386,2293,265,ITC,ITC1,1,Piemonte,Piemonte,4356406,3553368,81.57,0.32
4333,2021-03-27,PIE,18409,7833,10576,9130,8832,447,ITC,ITC1,1,Piemonte,Piemonte,4356406,3571777,81.99,0.42
4334,2021-01-03,PIE,3066,971,2095,3065,0,1,ITC,ITC1,1,Piemonte,Piemonte,4356406,3574843,82.06,0.07
4335,2021-07-07,PIE,38012,18889,19123,9690,27738,584,ITC,ITC1,1,Piemonte,Piemonte,4356406,3612855,82.93,0.87
4336,2021-03-29,PIE,15265,6482,8783,8389,6615,261,ITC,ITC1,1,Piemonte,Piemonte,4356406,3628120,83.28,0.35
4337,2021-07-21,PIE,38017,20170,17847,6540,30957,520,ITC,ITC1,1,Piemonte,Piemonte,4356406,3666137,84.16,0.87
4338,2021-04-12,PIE,22964,10368,12596,19447,2994,523,ITC,ITC1,1,Piemonte,Piemonte,4356406,3689101,84.68,0.53
4339,2021-01-02,PIE,3550,1133,2417,3549,0,1,ITC,ITC1,1,Piemonte,Piemonte,4356406,3692651,84.76,0.08
4340,2021-08-11,PIE,23373,12572,10801,13409,9351,613,ITC,ITC1,1,Piemonte,Piemonte,4356406,3716024,85.3,0.54
4341,2021-05-03,PIE,26707,12217,14490,12043,14221,443,ITC,ITC1,1,Piemonte,Piemonte,4356406,3742731,85.91,0.61
4342,2021-06-22,PIE,40678,20114,20564,17789,22329,560,ITC,ITC1,1,Piemonte,Piemonte,4356406,3783409,86.85,0.93
4343,2021-01-07,PIE,5393,1735,3658,5391,0,2,ITC,ITC1,1,Piemonte,Piemonte,4356406,3788802,86.97,0.12
4344,2021-03-05,PIE,15652,6299,9353,11543,3830,279,ITC,ITC1,1,Piemonte,Piemonte,4356406,3804454,87.33,0.36
4345,2021-07-28,PIE,34790,18077,16713,9146,25039,605,ITC,ITC1,1,Piemonte,Piemonte,4356406,3839244,88.13,0.8
4346,2021-06-15,PIE,39005,20086,18919,26531,11785,689,ITC,ITC1,1,Piemonte,Piemonte,4356406,3878249,89.02,0.9
4347,2021-03-07,PIE,11999,4672,7327,10868,877,254,ITC,ITC1,1,Piemonte,Piemonte,4356406,3890248,89.3,0.28
4348,2021-08-18,PIE,18053,9750,8303,11568,5752,733,ITC,ITC1,1,Piemonte,Piemonte,4356406,3908301,89.71,0.41
4349,2021-04-19,PIE,22572,10773,11799,17653,4356,563,ITC,ITC1,1,Piemonte,Piemonte,4356406,3930873,90.23,0.52
4350,2021-01-09,PIE,6190,2190,4000,6188,0,2,ITC,ITC1,1,Piemonte,Piemonte,4356406,3937063,90.37,0.14
4351,2021-01-26,PIE,6358,1894,4464,736,5621,1,ITC,ITC1,1,Piemonte,Piemonte,4356406,3943421,90.52,0.15
4352,2021-04-18,PIE,22959,10812,12147,19630,2753,576,ITC,ITC1,1,Piemonte,Piemonte,4356406,3966380,91.05,0.53
4353,2021-01-08,PIE,5540,1764,3776,5538,0,2,ITC,ITC1,1,Piemonte,Piemonte,4356406,3971920,91.17,0.13
4354,2021-06-14,PIE,38052,19599,18453,30249,7098,705,ITC,ITC1,1,Piemonte,Piemonte,4356406,4009972,92.05,0.87
4355,2021-03-06,PIE,14026,5229,8797,11052,2794,180,ITC,ITC1,1,Piemonte,Piemonte,4356406,4023998,92.37,0.32
4356,2021-08-10,PIE,21999,11653,10346,12492,8878,629,ITC,ITC1,1,Piemonte,Piemonte,4356406,4045997,92.87,0.5
4357,2021-01-22,PIE,3874,1253,2621,2528,1345,1,ITC,ITC1,1,Piemonte,Piemonte,4356406,4049871,92.96,0.09
4358,2021-08-21,PIE,13274,7098,6176,7688,5081,505,ITC,ITC1,1,Piemonte,Piemonte,4356406,4063145,93.27,0.3
4359,2021-06-10,PIE,40560,21207,19353,37092,2593,875,ITC,ITC1,1,Piemonte,Piemonte,4356406,4103705,94.2,0.93
4360,2021-06-27,PIE,37573,18618,18955,15207,21766,600,ITC,ITC1,1,Piemonte,Piemonte,4356406,4141278,95.06,0.86
4361,2021-03-19,PIE,11037,4522,6515,4219,6609,209,ITC,ITC1,1,Piemonte,Piemonte,4356406,4152315,95.32,0.25
4362,2021-04-05,PIE,14766,6243,8523,11952,2562,252,ITC,ITC1,1,Piemonte,Piemonte,4356406,4167081,95.65,0.34
4363,2021-05-01,PIE,28574,13008,15566,16321,11801,452,ITC,ITC1,1,Piemonte,Piemonte,4356406,4195655,96.31,0.66
4364,2021-01-21,PIE,6879,2313,4566,3371,3502,6,ITC,ITC1,1,Piemonte,Piemonte,4356406,4202534,96.47,0.16
4365,2021-08-23,PIE,18299,9826,8473,8799,8917,583,ITC,ITC1,1,Piemonte,Piemonte,4356406,4220833,96.89,0.42
4366,2021-05-15,PIE,33817,15765,18052,19410,13740,667,ITC,ITC1,1,Piemonte,Piemonte,4356406,4254650,97.66,0.78
4367,2021-06-01,PIE,29599,14878,14721,24483,4683,433,ITC,ITC1,1,Piemonte,Piemonte,4356406,4284249,98.34,0.68
4368,2021-02-21,PIE,5098,2085,3013,4944,104,50,ITC,ITC1,1,Piemonte,Piemonte,4356406,4289347,98.46,0.12
4369,2021-02-26,PIE,12306,4938,7368,11354,741,211,ITC,ITC1,1,Piemonte,Piemonte,4356406,4301653,98.74,0.28
4370,2021-04-24,PIE,27541,12450,15091,21312,5664,565,ITC,ITC1,1,Piemonte,Piemonte,4356406,4329194,99.38,0.63
4371,2021-01-14,PIE,9784,3156,6628,9778,0,6,ITC,ITC1,1,Piemonte,Piemonte,4356406,4338978,99.6,0.22
4372,2020-12-31,PIE,3891,1326,2565,3891,0,0,ITC,ITC1,1,Piemonte,Piemonte,4356406,4342869,99.69,0.09
4373,2021-07-30,PIE,35765,18676,17089,9512,25771,482,ITC,ITC1,1,Piemonte,Piemonte,4356406,4378634,100.51,0.82
4374,2021-08-16,PIE,19199,10193,9006,11566,6804,829,ITC,ITC1,1,Piemonte,Piemonte,4356406,4397833,100.95,0.44
4375,2021-05-08,PIE,34331,16282,18049,18146,15660,525,ITC,ITC1,1,Piemonte,Piemonte,4356406,4432164,101.74,0.79
4376,2021-01-28,PIE,5606,1811,3795,380,5226,0,ITC,ITC1,1,Piemonte,Piemonte,4356406,4437770,101.87,0.13
4377,2021-02-14,PIE,1482,501,981,871,604,7,ITC,ITC1,1,Piemonte,Piemonte,4356406,4439252,101.9,0.03
4378,2021-07-02,PIE,43804,22035,21769,17367,25579,858,ITC,ITC1,1,Piemonte,Piemonte,4356406,4483056,102.91,1.01
4379,2021-08-28,PIE,17408,9168,8240,7248,9551,609,ITC,ITC1,1,Piemonte,Piemonte,4356406,4500464,103.31,0.4
4380,2021-06-20,PIE,34122,17107,17015,18780,14779,563,ITC,ITC1,1,Piemonte,Piemonte,4356406,4534586,104.09,0.78
4381,2021-03-12,PIE,14226,5410,8816,10990,2945,291,ITC,ITC1,1,Piemonte,Piemonte,4356406,4548812,104.42,0.33
4382,2021-07-04,PIE,33820,17051,16769,11242,21955,623,ITC,ITC1,1,Piemonte,Piemonte,4356406,4582632,105.19,0.78
4383,2021-03-26,PIE,17939,7132,10807,8522,8887,530,ITC,ITC1,1,Piemonte,Piemonte,4356406,4600571,105.6,0.41
4384,2021-01-19,PIE,6470,2108,4362,6452,9,9,ITC,ITC1,1,Piemonte,Piemonte,4356406,4607041,105.75,0.15
4385,2021-07-23,PIE,38130,20100,18030,8014,29486,630,ITC,ITC1,1,Piemonte,Piemonte,4356406,4645171,106.63,0.88
4386,2021-04-14,PIE,28335,12828,15507,23049,4569,717,ITC,ITC1,1,Piemonte,Piemonte,4356406,4673506,107.28,0.65
4387,2021-08-06,PIE,30434,16100,14334,13295,16502,637,ITC,ITC1,1,Piemonte,Piemonte,4356406,4703940,107.98,0.7
4388,2021-06-29,PIE,40610,20282,20328,19211,20698,701,ITC,ITC1,1,Piemonte,Piemonte,4356406,4744550,108.91,0.93
4389,2021-05-13,PIE,35744,17556,18188,19890,15139,715,ITC,ITC1,1,Piemonte,Piemonte,4356406,4780294,109.73,0.82
4390,2021-02-02,PIE,10272,3516,6756,810,9461,1,ITC,ITC1,1,Piemonte,Piemonte,4356406,4790566,109.97,0.24
4391,2021-07-09,PIE,40462,20646,19816,5755,34175,532,ITC,ITC1,1,Piemonte,Piemonte,4356406,4831028,110.89,0.93
4392,2021-03-31,PIE,19138,8127,11011,10101,8695,342,ITC,ITC1,1,Piemonte,Piemonte,4356406,4850166,111.33,0.44
4393,2021-05-27,PIE,37495,17430,20065,18849,18198,448,ITC,ITC1,1,Piemonte,Piemonte,4356406,4887661,112.19,0.86
4394,2021-02-16,PIE,3981,1764,2217,3168,764,49,ITC,ITC1,1,Piemonte,Piemonte,4356406,4891642,112.29,0.09
4395,2021-03-24,PIE,15600,6409,9191,6101,9137,362,ITC,ITC1,1,Piemonte,Piemonte,4356406,4907242,112.64,0.36
4396,2021-08-25,PIE,16379,8840,7539,8256,7411,712,ITC,ITC1,1,Piemonte,Piemonte,4356406,4923621,113.02,0.38
4397,2021-06-03,PIE,34777,17998,16779,29741,4491,545,ITC,ITC1,1,Piemonte,Piemonte,4356406,4958398,113.82,0.8
4398,2021-05-20,PIE,38687,17973,20714,13352,24976,359,ITC,ITC1,1,Piemonte,Piemonte,4356406,4997085,114.71,0.89
4399,2021-02-09,PIE,7405,2319,5086,715,6688,2,ITC,ITC1,1,Piemonte,Piemonte,4356406,5004490,114.88,0.17
4400,2021-07-16,PIE,42111,21997,20114,3601,38093,417,ITC,ITC1,1,Piemonte,Piemonte,4356406,5046601,115.84,0.97
4401,2021-04-07,PIE,23647,10007,13640,17648,5461,538,ITC,ITC1,1,Piemonte,Piemonte,4356406,5070248,116.39,0.54
4402,2021-01-13,PIE,10087,3228,6859,10078,0,9,ITC,ITC1,1,Piemonte,Piemonte,4356406,5080335,116.62,0.23
4403,2021-06-16,PIE,40442,20263,20179,23544,16267,631,ITC,ITC1,1,Piemonte,Piemonte,4356406,5120777,117.55,0.93
4404,2021-08-12,PIE,21998,11804,10194,13452,7816,730,ITC,ITC1,1,Piemonte,Piemonte,4356406,5142775,118.05,0.5
4405,2021-01-06,PIE,3115,1104,2011,3114,0,1,ITC,ITC1,1,Piemonte,Piemonte,4356406,5145890,118.12,0.07
4406,2021-08-05,PIE,30302,16079,14223,11217,18545,540,ITC,ITC1,1,Piemonte,Piemonte,4356406,5176192,118.82,0.7
4407,2021-06-23,PIE,39793,19766,20027,16410,22879,504,ITC,ITC1,1,Piemonte,Piemonte,4356406,5215985,119.73,0.91
4408,2021-08-19,PIE,15849,8532,7317,10541,4593,715,ITC,ITC1,1,Piemonte,Piemonte,4356406,5231834,120.1,0.36
4409,2021-03-08,PIE,14301,5602,8699,11345,2713,243,ITC,ITC1,1,Piemonte,Piemonte,4356406,5246135,120.42,0.33
4410,2021-05-04,PIE,31576,14595,16981,17299,13686,591,ITC,ITC1,1,Piemonte,Piemonte,4356406,5277711,121.15,0.72
4411,2021-01-24,PIE,3160,964,2196,434,2724,2,ITC,ITC1,1,Piemonte,Piemonte,4356406,5280871,121.22,0.07
4412,2021-06-30,PIE,41314,20197,21117,18470,21968,876,ITC,ITC1,1,Piemonte,Piemonte,4356406,5322185,122.17,0.95
4413,2021-03-22,PIE,11539,4897,6642,3715,7607,217,ITC,ITC1,1,Piemonte,Piemonte,4356406,5333724,122.43,0.26
4414,2021-04-27,PIE,22653,10235,12418,16841,5160,652,ITC,ITC1,1,Piemonte,Piemonte,4356406,5356377,122.95,0.52
4415,2021-01-17,PIE,3526,1169,2357,2875,649,2,ITC,ITC1,1,Piemonte,Piemonte,4356406,5359903,123.03,0.08
4416,2021-03-15,PIE,10700,4198,6502,4934,5610,156,ITC,ITC1,1,Piemonte,Piemonte,4356406,5370603,123.28,0.25
4417,2021-05-11,PIE,32247,15545,16702,18358,13252,637,ITC,ITC1,1,Piemonte,Piemonte,4356406,5402850,124.02,0.74
4418,2021-01-31,PIE,4132,1759,2373,115,4017,0,ITC,ITC1,1,Piemonte,Piemonte,4356406,5406982,124.12,0.09
4419,2021-07-18,PIE,32920,17265,15655,3245,29341,334,ITC,ITC1,1,Piemonte,Piemonte,4356406,5439902,124.87,0.76
4420,2021-02-07,PIE,3094,973,2121,442,2651,1,ITC,ITC1,1,Piemonte,Piemonte,4356406,5442996,124.94,0.07
4421,2021-07-11,PIE,33208,16925,16283,4526,28362,320,ITC,ITC1,1,Piemonte,Piemonte,4356406,5476204,125.7,0.76
4422,2021-08-30,PIE,20734,10779,9955,7204,12871,659,ITC,ITC1,1,Piemonte,Piemonte,4356406,5496938,126.18,0.48
4423,2021-05-22,PIE,33562,15157,18405,16913,16238,411,ITC,ITC1,1,Piemonte,Piemonte,4356406,5530500,126.95,0.77
4424,2021-07-08,FVG,13099,7080,6019,1357,11560,182,ITH,ITH4,6,Friuli-Venezia Giulia,Friuli Venezia Giulia,1215220,13099,1.08,1.08
4425,2021-02-04,FVG,2727,808,1919,35,2692,0,ITH,ITH4,6,Friuli-Venezia Giulia,Friuli Venezia Giulia,1215220,15826,1.3,0.22
4426,2021-08-08,FVG,4287,2330,1957,1878,2316,93,ITH,ITH4,6,Friuli-Venezia Giulia,Friuli Venezia Giulia,1215220,20113,1.66,0.35
4427,2021-04-30,FVG,7411,3268,4143,3575,3662,174,ITH,ITH4,6,Friuli-Venezia Giulia,Friuli Venezia Giulia,1215220,27524,2.26,0.61
4428,2021-01-30,FVG,2284,745,1539,270,2014,0,ITH,ITH4,6,Friuli-Venezia Giulia,Friuli Venezia Giulia,1215220,29808,2.45,0.19
4429,2021-07-13,FVG,11079,5709,5370,1170,9758,151,ITH,ITH4,6,Friuli-Venezia Giulia,Friuli Venezia Giulia,1215220,40887,3.36,0.91
4430,2021-04-28,FVG,7334,3238,4096,3687,3510,137,ITH,ITH4,6,Friuli-Venezia Giulia,Friuli Venezia Giulia,1215220,48221,3.97,0.6
4431,2021-01-23,FVG,815,323,492,4,811,0,ITH,ITH4,6,Friuli-Venezia Giulia,Friuli Venezia Giulia,1215220,49036,4.04,0.07
4432,2021-08-29,FVG,3141,1767,1374,1789,1252,100,ITH,ITH4,6,Friuli-Venezia Giulia,Friuli Venezia Giulia,1215220,52177,4.29,0.26
4433,2021-06-24,FVG,11103,5663,5440,1895,9099,109,ITH,ITH4,6,Friuli-Venezia Giulia,Friuli Venezia Giulia,1215220,63280,5.21,0.91
4434,2021-03-16,FVG,3190,1300,1890,1023,2084,83,ITH,ITH4,6,Friuli-Venezia Giulia,Friuli Venezia Giulia,1215220,66470,5.47,0.26
4435,2021-08-20,FVG,6226,3514,2712,2661,3292,273,ITH,ITH4,6,Friuli-Venezia Giulia,Friuli Venezia Giulia,1215220,72696,5.98,0.51
4436,2021-05-12,FVG,11185,5173,6012,9348,1427,410,ITH,ITH4,6,Friuli-Venezia Giulia,Friuli Venezia Giulia,1215220,83881,6.9,0.92
4437,2021-03-28,FVG,4944,2355,2589,4690,158,96,ITH,ITH4,6,Friuli-Venezia Giulia,Friuli Venezia Giulia,1215220,88825,7.31,0.41
4438,2021-01-18,FVG,1964,608,1356,1870,94,0,ITH,ITH4,6,Friuli-Venezia Giulia,Friuli Venezia Giulia,1215220,90789,7.47,0.16
4439,2021-01-04,FVG,1507,558,949,1507,0,0,ITH,ITH4,6,Friuli-Venezia Giulia,Friuli Venezia Giulia,1215220,92296,7.6,0.12
4440,2021-05-24,FVG,11478,5556,5922,7528,3647,303,ITH,ITH4,6,Friuli-Venezia Giulia,Friuli Venezia Giulia,1215220,103774,8.54,0.94
4441,2021-02-13,FVG,566,179,387,558,6,2,ITH,ITH4,6,Friuli-Venezia Giulia,Friuli Venezia Giulia,1215220,104340,8.59,0.05
4442,2021-08-15,FVG,1,1,0,0,1,0,ITH,ITH4,6,Friuli-Venezia Giulia,Friuli Venezia Giulia,1215220,104341,8.59,0.0
4443,2021-03-02,FVG,4223,1520,2703,2701,1500,22,ITH,ITH4,6,Friuli-Venezia Giulia,Friuli Venezia Giulia,1215220,108564,8.93,0.35
4444,2021-03-04,FVG,3458,1599,1859,2768,661,29,ITH,ITH4,6,Friuli-Venezia Giulia,Friuli Venezia Giulia,1215220,112022,9.22,0.28
4445,2021-06-12,FVG,8230,4717,3513,6798,1161,271,ITH,ITH4,6,Friuli-Venezia Giulia,Friuli Venezia Giulia,1215220,120252,9.9,0.68
4446,2021-02-18,FVG,3228,1501,1727,2802,408,18,ITH,ITH4,6,Friuli-Venezia Giulia,Friuli Venezia Giulia,1215220,123480,10.16,0.27
4447,2021-04-02,FVG,6604,2934,3670,4635,1840,129,ITH,ITH4,6,Friuli-Venezia Giulia,Friuli Venezia Giulia,1215220,130084,10.7,0.54
4448,2021-05-05,FVG,9800,4279,5521,6079,3477,244,ITH,ITH4,6,Friuli-Venezia Giulia,Friuli Venezia Giulia,1215220,139884,11.51,0.81
4449,2021-01-25,FVG,1587,568,1019,195,1392,0,ITH,ITH4,6,Friuli-Venezia Giulia,Friuli Venezia Giulia,1215220,141471,11.64,0.13
4450,2021-07-01,FVG,12378,6440,5938,2637,9485,256,ITH,ITH4,6,Friuli-Venezia Giulia,Friuli Venezia Giulia,1215220,153849,12.66,1.02
4451,2021-03-23,FVG,3906,1694,2212,1741,2145,20,ITH,ITH4,6,Friuli-Venezia Giulia,Friuli Venezia Giulia,1215220,157755,12.98,0.32
4452,2021-01-16,FVG,1232,362,870,1232,0,0,ITH,ITH4,6,Friuli-Venezia Giulia,Friuli Venezia Giulia,1215220,158987,13.08,0.1
4453,2021-07-03,FVG,11422,6091,5331,1094,10180,148,ITH,ITH4,6,Friuli-Venezia Giulia,Friuli Venezia Giulia,1215220,170409,14.02,0.94
4454,2021-03-25,FVG,5542,2430,3112,3330,2140,72,ITH,ITH4,6,Friuli-Venezia Giulia,Friuli Venezia Giulia,1215220,175951,14.48,0.46
4455,2021-02-06,FVG,1155,339,816,21,1133,1,ITH,ITH4,6,Friuli-Venezia Giulia,Friuli Venezia Giulia,1215220,177106,14.57,0.1
4456,2021-02-23,FVG,2649,1279,1370,2461,181,7,ITH,ITH4,6,Friuli-Venezia Giulia,Friuli Venezia Giulia,1215220,179755,14.79,0.22
4457,2021-05-17,FVG,8843,4107,4736,6080,2495,268,ITH,ITH4,6,Friuli-Venezia Giulia,Friuli Venezia Giulia,1215220,188598,15.52,0.73
4458,2021-03-09,FVG,4023,1728,2295,1243,2756,24,ITH,ITH4,6,Friuli-Venezia Giulia,Friuli Venezia Giulia,1215220,192621,15.85,0.33
4459,2021-04-16,FVG,6983,3033,3950,4919,1930,134,ITH,ITH4,6,Friuli-Venezia Giulia,Friuli Venezia Giulia,1215220,199604,16.43,0.57
4460,2021-01-06,FVG,716,265,451,716,0,0,ITH,ITH4,6,Friuli-Venezia Giulia,Friuli Venezia Giulia,1215220,200320,16.48,0.06
4461,2021-02-11,FVG,1933,665,1268,1735,194,4,ITH,ITH4,6,Friuli-Venezia Giulia,Friuli Venezia Giulia,1215220,202253,16.64,0.16
4462,2021-04-09,FVG,7948,3669,4279,6520,1256,172,ITH,ITH4,6,Friuli-Venezia Giulia,Friuli Venezia Giulia,1215220,210201,17.3,0.65
4463,2021-03-21,FVG,2675,1002,1673,2215,410,50,ITH,ITH4,6,Friuli-Venezia Giulia,Friuli Venezia Giulia,1215220,212876,17.52,0.22
4464,2021-01-27,FVG,1272,426,846,449,821,2,ITH,ITH4,6,Friuli-Venezia Giulia,Friuli Venezia Giulia,1215220,214148,17.62,0.1
4465,2021-06-26,FVG,10371,5284,5087,4139,6172,60,ITH,ITH4,6,Friuli-Venezia Giulia,Friuli Venezia Giulia,1215220,224519,18.48,0.85
4466,2021-04-21,FVG,7780,3469,4311,4017,3683,80,ITH,ITH4,6,Friuli-Venezia Giulia,Friuli Venezia Giulia,1215220,232299,19.12,0.64
4467,2021-01-11,FVG,1885,609,1276,1884,0,1,ITH,ITH4,6,Friuli-Venezia Giulia,Friuli Venezia Giulia,1215220,234184,19.27,0.16
4468,2021-07-15,FVG,10080,5133,4947,942,8894,244,ITH,ITH4,6,Friuli-Venezia Giulia,Friuli Venezia Giulia,1215220,244264,20.1,0.83
4469,2021-04-23,FVG,7514,3394,4120,3499,3876,139,ITH,ITH4,6,Friuli-Venezia Giulia,Friuli Venezia Giulia,1215220,251778,20.72,0.62
4470,2021-08-01,FVG,3583,1920,1663,1464,1871,248,ITH,ITH4,6,Friuli-Venezia Giulia,Friuli Venezia Giulia,1215220,255361,21.01,0.29
4471,2021-08-22,FVG,2049,1175,874,782,1230,37,ITH,ITH4,6,Friuli-Venezia Giulia,Friuli Venezia Giulia,1215220,257410,21.18,0.17
4472,2021-05-19,FVG,12120,5979,6141,9319,2369,432,ITH,ITH4,6,Friuli-Venezia Giulia,Friuli Venezia Giulia,1215220,269530,22.18,1.0
4473,2021-03-14,FVG,1403,554,849,1125,252,26,ITH,ITH4,6,Friuli-Venezia Giulia,Friuli Venezia Giulia,1215220,270933,22.29,0.12
4474,2021-08-27,FVG,6129,3303,2826,1377,4541,211,ITH,ITH4,6,Friuli-Venezia Giulia,Friuli Venezia Giulia,1215220,277062,22.8,0.5
4475,2021-06-19,FVG,8563,4462,4101,1348,7150,65,ITH,ITH4,6,Friuli-Venezia Giulia,Friuli Venezia Giulia,1215220,285625,23.5,0.7
4476,2021-03-11,FVG,3482,1519,1963,1713,1754,15,ITH,ITH4,6,Friuli-Venezia Giulia,Friuli Venezia Giulia,1215220,289107,23.79,0.29
4477,2021-03-30,FVG,7614,3405,4209,6282,1198,134,ITH,ITH4,6,Friuli-Venezia Giulia,Friuli Venezia Giulia,1215220,296721,24.42,0.63
4478,2021-07-10,FVG,8804,4542,4262,142,8636,26,ITH,ITH4,6,Friuli-Venezia Giulia,Friuli Venezia Giulia,1215220,305525,25.14,0.72
4479,2021-06-04,FVG,12161,6232,5929,10286,1453,422,ITH,ITH4,6,Friuli-Venezia Giulia,Friuli Venezia Giulia,1215220,317686,26.14,1.0
4480,2021-07-05,FVG,9552,4854,4698,1315,8094,143,ITH,ITH4,6,Friuli-Venezia Giulia,Friuli Venezia Giulia,1215220,327238,26.93,0.79
4481,2021-06-21,FVG,9212,4502,4710,1824,7251,137,ITH,ITH4,6,Friuli-Venezia Giulia,Friuli Venezia Giulia,1215220,336450,27.69,0.76
4482,2021-03-13,FVG,2946,1125,1821,1659,1274,13,ITH,ITH4,6,Friuli-Venezia Giulia,Friuli Venezia Giulia,1215220,339396,27.93,0.24
4483,2021-07-20,FVG,9398,4926,4472,2445,6655,298,ITH,ITH4,6,Friuli-Venezia Giulia,Friuli Venezia Giulia,1215220,348794,28.7,0.77
4484,2021-08-03,FVG,10141,5337,4804,5228,4549,364,ITH,ITH4,6,Friuli-Venezia Giulia,Friuli Venezia Giulia,1215220,358935,29.54,0.83
4485,2021-04-11,FVG,3433,1519,1914,2414,906,113,ITH,ITH4,6,Friuli-Venezia Giulia,Friuli Venezia Giulia,1215220,362368,29.82,0.28
4486,2021-06-07,FVG,9219,4780,4439,7845,996,378,ITH,ITH4,6,Friuli-Venezia Giulia,Friuli Venezia Giulia,1215220,371587,30.58,0.76
4487,2021-05-07,FVG,10928,4999,5929,7181,3551,196,ITH,ITH4,6,Friuli-Venezia Giulia,Friuli Venezia Giulia,1215220,382515,31.48,0.9
4488,2021-05-09,FVG,7384,3317,4067,3374,3876,134,ITH,ITH4,6,Friuli-Venezia Giulia,Friuli Venezia Giulia,1215220,389899,32.08,0.61
4489,2021-07-31,FVG,7350,3773,3577,1269,5991,90,ITH,ITH4,6,Friuli-Venezia Giulia,Friuli Venezia Giulia,1215220,397249,32.69,0.6
4490,2021-08-17,FVG,3489,1874,1615,2657,597,235,ITH,ITH4,6,Friuli-Venezia Giulia,Friuli Venezia Giulia,1215220,400738,32.98,0.29
4491,2021-05-26,FVG,13455,6719,6736,9649,3455,351,ITH,ITH4,6,Friuli-Venezia Giulia,Friuli Venezia Giulia,1215220,414193,34.08,1.11
4492,2021-02-15,FVG,2461,914,1547,2201,254,6,ITH,ITH4,6,Friuli-Venezia Giulia,Friuli Venezia Giulia,1215220,416654,34.29,0.2
4493,2021-06-09,FVG,11355,5975,5380,9489,1395,471,ITH,ITH4,6,Friuli-Venezia Giulia,Friuli Venezia Giulia,1215220,428009,35.22,0.93
4494,2021-03-01,FVG,2967,1044,1923,2891,53,23,ITH,ITH4,6,Friuli-Venezia Giulia,Friuli Venezia Giulia,1215220,430976,35.46,0.24
4495,2021-03-18,FVG,3377,1424,1953,1683,1686,8,ITH,ITH4,6,Friuli-Venezia Giulia,Friuli Venezia Giulia,1215220,434353,35.74,0.28
4496,2021-04-13,FVG,7391,3299,4092,5654,1609,128,ITH,ITH4,6,Friuli-Venezia Giulia,Friuli Venezia Giulia,1215220,441744,36.35,0.61
4497,2021-01-03,FVG,313,123,190,313,0,0,ITH,ITH4,6,Friuli-Venezia Giulia,Friuli Venezia Giulia,1215220,442057,36.38,0.03
4498,2021-07-22,FVG,7709,4097,3612,3261,4145,303,ITH,ITH4,6,Friuli-Venezia Giulia,Friuli Venezia Giulia,1215220,449766,37.01,0.63
4499,2021-01-20,FVG,749,320,429,13,736,0,ITH,ITH4,6,Friuli-Venezia Giulia,Friuli Venezia Giulia,1215220,450515,37.07,0.06
4500,2021-04-08,FVG,7468,3234,4234,5405,1930,133,ITH,ITH4,6,Friuli-Venezia Giulia,Friuli Venezia Giulia,1215220,457983,37.69,0.61
4501,2021-05-21,FVG,11258,5032,6226,7908,3005,345,ITH,ITH4,6,Friuli-Venezia Giulia,Friuli Venezia Giulia,1215220,469241,38.61,0.93
4502,2021-02-10,FVG,1351,497,854,1265,86,0,ITH,ITH4,6,Friuli-Venezia Giulia,Friuli Venezia Giulia,1215220,470592,38.72,0.11
4503,2021-07-17,FVG,7381,3959,3422,620,6678,83,ITH,ITH4,6,Friuli-Venezia Giulia,Friuli Venezia Giulia,1215220,477973,39.33,0.61
4504,2021-02-01,FVG,2106,690,1416,17,2089,0,ITH,ITH4,6,Friuli-Venezia Giulia,Friuli Venezia Giulia,1215220,480079,39.51,0.17
4505,2021-08-31,FVG,7183,3826,3357,1333,5660,190,ITH,ITH4,6,Friuli-Venezia Giulia,Friuli Venezia Giulia,1215220,487262,40.1,0.59
4506,2021-05-14,FVG,10839,5391,5448,7926,2616,297,ITH,ITH4,6,Friuli-Venezia Giulia,Friuli Venezia Giulia,1215220,498101,40.99,0.89
4507,2021-02-03,FVG,2650,792,1858,22,2627,1,ITH,ITH4,6,Friuli-Venezia Giulia,Friuli Venezia Giulia,1215220,500751,41.21,0.22
4508,2021-04-01,FVG,6431,3072,3359,5324,1017,90,ITH,ITH4,6,Friuli-Venezia Giulia,Friuli Venezia Giulia,1215220,507182,41.74,0.53
4509,2021-05-28,FVG,10651,5104,5547,6230,4141,280,ITH,ITH4,6,Friuli-Venezia Giulia,Friuli Venezia Giulia,1215220,517833,42.61,0.88
4510,2021-07-12,FVG,10021,5144,4877,1103,8763,155,ITH,ITH4,6,Friuli-Venezia Giulia,Friuli Venezia Giulia,1215220,527854,43.44,0.82
4511,2021-02-19,FVG,3272,1301,1971,2829,428,15,ITH,ITH4,6,Friuli-Venezia Giulia,Friuli Venezia Giulia,1215220,531126,43.71,0.27
4512,2021-07-29,FVG,9591,4890,4701,3208,6082,301,ITH,ITH4,6,Friuli-Venezia Giulia,Friuli Venezia Giulia,1215220,540717,44.5,0.79
4513,2021-04-20,FVG,7139,3075,4064,3095,3916,128,ITH,ITH4,6,Friuli-Venezia Giulia,Friuli Venezia Giulia,1215220,547856,45.08,0.59
4514,2021-06-28,FVG,9920,4998,4922,2158,7711,51,ITH,ITH4,6,Friuli-Venezia Giulia,Friuli Venezia Giulia,1215220,557776,45.9,0.82
4515,2021-03-20,FVG,3408,1413,1995,1300,2094,14,ITH,ITH4,6,Friuli-Venezia Giulia,Friuli Venezia Giulia,1215220,561184,46.18,0.28
4516,2021-01-13,FVG,2653,835,1818,2652,0,1,ITH,ITH4,6,Friuli-Venezia Giulia,Friuli Venezia Giulia,1215220,563837,46.4,0.22
4517,2021-04-06,FVG,6686,3139,3547,5427,1154,105,ITH,ITH4,6,Friuli-Venezia Giulia,Friuli Venezia Giulia,1215220,570523,46.95,0.55
4518,2020-12-27,FVG,262,149,113,261,0,1,ITH,ITH4,6,Friuli-Venezia Giulia,Friuli Venezia Giulia,1215220,570785,46.97,0.02
4519,2021-07-24,FVG,6161,3328,2833,2913,3076,172,ITH,ITH4,6,Friuli-Venezia Giulia,Friuli Venezia Giulia,1215220,576946,47.48,0.51
4520,2021-08-24,FVG,6565,3545,3020,713,5720,132,ITH,ITH4,6,Friuli-Venezia Giulia,Friuli Venezia Giulia,1215220,583511,48.02,0.54
4521,2021-08-10,FVG,7225,4022,3203,5215,1650,360,ITH,ITH4,6,Friuli-Venezia Giulia,Friuli Venezia Giulia,1215220,590736,48.61,0.59
4522,2021-05-02,FVG,6909,3254,3655,3807,2961,141,ITH,ITH4,6,Friuli-Venezia Giulia,Friuli Venezia Giulia,1215220,597645,49.18,0.57
4523,2021-05-16,FVG,10023,4799,5224,8373,1406,244,ITH,ITH4,6,Friuli-Venezia Giulia,Friuli Venezia Giulia,1215220,607668,50.0,0.82
4524,2021-02-08,FVG,2360,696,1664,90,2269,1,ITH,ITH4,6,Friuli-Venezia Giulia,Friuli Venezia Giulia,1215220,610028,50.2,0.19
4525,2021-06-13,FVG,8708,4531,4177,5180,3329,199,ITH,ITH4,6,Friuli-Venezia Giulia,Friuli Venezia Giulia,1215220,618736,50.92,0.72
4526,2021-07-26,FVG,8549,4260,4289,1774,6565,210,ITH,ITH4,6,Friuli-Venezia Giulia,Friuli Venezia Giulia,1215220,627285,51.62,0.7
4527,2021-02-22,FVG,2491,1197,1294,2067,419,5,ITH,ITH4,6,Friuli-Venezia Giulia,Friuli Venezia Giulia,1215220,629776,51.82,0.2
4528,2021-06-02,FVG,9429,4963,4466,8823,282,324,ITH,ITH4,6,Friuli-Venezia Giulia,Friuli Venezia Giulia,1215220,639205,52.6,0.78
4529,2021-08-09,FVG,7801,4174,3627,2335,5279,187,ITH,ITH4,6,Friuli-Venezia Giulia,Friuli Venezia Giulia,1215220,647006,53.24,0.64
4530,2021-04-24,FVG,6691,2951,3740,5207,1245,239,ITH,ITH4,6,Friuli-Venezia Giulia,Friuli Venezia Giulia,1215220,653697,53.79,0.55
4531,2021-06-06,FVG,9497,4630,4867,7643,1567,287,ITH,ITH4,6,Friuli-Venezia Giulia,Friuli Venezia Giulia,1215220,663194,54.57,0.78
4532,2021-02-26,FVG,3749,2106,1643,3569,148,32,ITH,ITH4,6,Friuli-Venezia Giulia,Friuli Venezia Giulia,1215220,666943,54.88,0.31
4533,2021-02-17,FVG,2361,1003,1358,1874,485,2,ITH,ITH4,6,Friuli-Venezia Giulia,Friuli Venezia Giulia,1215220,669304,55.08,0.19
4534,2021-05-31,FVG,8956,4446,4510,6476,2229,251,ITH,ITH4,6,Friuli-Venezia Giulia,Friuli Venezia Giulia,1215220,678260,55.81,0.74
4535,2021-07-27,FVG,9511,4784,4727,2642,6641,228,ITH,ITH4,6,Friuli-Venezia Giulia,Friuli Venezia Giulia,1215220,687771,56.6,0.78
4536,2021-02-12,FVG,1195,428,767,1142,49,4,ITH,ITH4,6,Friuli-Venezia Giulia,Friuli Venezia Giulia,1215220,688966,56.69,0.1
4537,2021-01-10,FVG,2942,919,2023,2942,0,0,ITH,ITH4,6,Friuli-Venezia Giulia,Friuli Venezia Giulia,1215220,691908,56.94,0.24
4538,2021-07-14,FVG,10905,5578,5327,1256,9457,192,ITH,ITH4,6,Friuli-Venezia Giulia,Friuli Venezia Giulia,1215220,702813,57.83,0.9
4539,2021-04-05,FVG,2897,1440,1457,2821,15,61,ITH,ITH4,6,Friuli-Venezia Giulia,Friuli Venezia Giulia,1215220,705710,58.07,0.24
4540,2021-01-12,FVG,2262,715,1547,2262,0,0,ITH,ITH4,6,Friuli-Venezia Giulia,Friuli Venezia Giulia,1215220,707972,58.26,0.19
4541,2021-01-29,FVG,2417,814,1603,264,2153,0,ITH,ITH4,6,Friuli-Venezia Giulia,Friuli Venezia Giulia,1215220,710389,58.46,0.2
4542,2021-04-22,FVG,6799,3092,3707,3034,3693,72,ITH,ITH4,6,Friuli-Venezia Giulia,Friuli Venezia Giulia,1215220,717188,59.02,0.56
4543,2021-04-17,FVG,7463,3239,4224,5817,1484,162,ITH,ITH4,6,Friuli-Venezia Giulia,Friuli Venezia Giulia,1215220,724651,59.63,0.61
4544,2021-07-28,FVG,10487,5346,5141,3995,6039,453,ITH,ITH4,6,Friuli-Venezia Giulia,Friuli Venezia Giulia,1215220,735138,60.49,0.86
4545,2021-07-19,FVG,9430,4927,4503,851,8425,154,ITH,ITH4,6,Friuli-Venezia Giulia,Friuli Venezia Giulia,1215220,744568,61.27,0.78
4546,2021-04-10,FVG,5059,2216,2843,3752,1230,77,ITH,ITH4,6,Friuli-Venezia Giulia,Friuli Venezia Giulia,1215220,749627,61.69,0.42
4547,2021-05-23,FVG,10288,4864,5424,5919,4155,214,ITH,ITH4,6,Friuli-Venezia Giulia,Friuli Venezia Giulia,1215220,759915,62.53,0.85
4548,2021-02-07,FVG,1567,482,1085,384,1182,1,ITH,ITH4,6,Friuli-Venezia Giulia,Friuli Venezia Giulia,1215220,761482,62.66,0.13
4549,2021-08-26,FVG,7387,3992,3395,1352,5803,232,ITH,ITH4,6,Friuli-Venezia Giulia,Friuli Venezia Giulia,1215220,768869,63.27,0.61
4550,2021-05-18,FVG,10858,5429,5429,8400,2097,361,ITH,ITH4,6,Friuli-Venezia Giulia,Friuli Venezia Giulia,1215220,779727,64.16,0.89
4551,2021-06-01,FVG,10141,5129,5012,7703,2125,313,ITH,ITH4,6,Friuli-Venezia Giulia,Friuli Venezia Giulia,1215220,789868,65.0,0.83
4552,2021-06-20,FVG,6521,3235,3286,1491,4937,93,ITH,ITH4,6,Friuli-Venezia Giulia,Friuli Venezia Giulia,1215220,796389,65.53,0.54
4553,2021-03-29,FVG,7036,3132,3904,5372,1589,75,ITH,ITH4,6,Friuli-Venezia Giulia,Friuli Venezia Giulia,1215220,803425,66.11,0.58
4554,2021-06-18,FVG,10965,5415,5550,3397,7306,262,ITH,ITH4,6,Friuli-Venezia Giulia,Friuli Venezia Giulia,1215220,814390,67.02,0.9
4555,2021-03-10,FVG,3600,1708,1892,1745,1796,59,ITH,ITH4,6,Friuli-Venezia Giulia,Friuli Venezia Giulia,1215220,817990,67.31,0.3
4556,2021-02-24,FVG,2531,1093,1438,2502,18,11,ITH,ITH4,6,Friuli-Venezia Giulia,Friuli Venezia Giulia,1215220,820521,67.52,0.21
4557,2021-03-27,FVG,5382,2921,2461,3922,1412,48,ITH,ITH4,6,Friuli-Venezia Giulia,Friuli Venezia Giulia,1215220,825903,67.96,0.44
4558,2021-05-30,FVG,11074,4996,6078,7236,3591,247,ITH,ITH4,6,Friuli-Venezia Giulia,Friuli Venezia Giulia,1215220,836977,68.87,0.91
4559,2021-02-27,FVG,3536,1203,2333,3518,1,17,ITH,ITH4,6,Friuli-Venezia Giulia,Friuli Venezia Giulia,1215220,840513,69.17,0.29
4560,2021-04-25,FVG,2381,992,1389,2187,13,181,ITH,ITH4,6,Friuli-Venezia Giulia,Friuli Venezia Giulia,1215220,842894,69.36,0.2
4561,2021-01-15,FVG,2020,605,1415,2019,0,1,ITH,ITH4,6,Friuli-Venezia Giulia,Friuli Venezia Giulia,1215220,844914,69.53,0.17
4562,2021-01-07,FVG,2105,724,1381,2105,0,0,ITH,ITH4,6,Friuli-Venezia Giulia,Friuli Venezia Giulia,1215220,847019,69.7,0.17
4563,2021-03-05,FVG,3824,1541,2283,2723,1078,23,ITH,ITH4,6,Friuli-Venezia Giulia,Friuli Venezia Giulia,1215220,850843,70.02,0.31
4564,2021-05-25,FVG,12947,6399,6548,9286,3318,343,ITH,ITH4,6,Friuli-Venezia Giulia,Friuli Venezia Giulia,1215220,863790,71.08,1.07
4565,2021-08-16,FVG,4723,2536,2187,2593,1873,257,ITH,ITH4,6,Friuli-Venezia Giulia,Friuli Venezia Giulia,1215220,868513,71.47,0.39
4566,2021-06-11,FVG,10933,5962,4971,9635,838,460,ITH,ITH4,6,Friuli-Venezia Giulia,Friuli Venezia Giulia,1215220,879446,72.37,0.9
4567,2021-03-03,FVG,3651,1639,2012,2344,1277,30,ITH,ITH4,6,Friuli-Venezia Giulia,Friuli Venezia Giulia,1215220,883097,72.67,0.3
4568,2021-05-27,FVG,12854,6155,6699,7389,5242,223,ITH,ITH4,6,Friuli-Venezia Giulia,Friuli Venezia Giulia,1215220,895951,73.73,1.06
4569,2021-08-02,FVG,9012,4625,4387,2847,5907,258,ITH,ITH4,6,Friuli-Venezia Giulia,Friuli Venezia Giulia,1215220,904963,74.47,0.74
4570,2021-04-03,FVG,4021,1993,2028,2623,1338,60,ITH,ITH4,6,Friuli-Venezia Giulia,Friuli Venezia Giulia,1215220,908984,74.8,0.33
4571,2021-06-10,FVG,11567,6019,5548,9700,1468,399,ITH,ITH4,6,Friuli-Venezia Giulia,Friuli Venezia Giulia,1215220,920551,75.75,0.95
4572,2021-04-15,FVG,6521,2881,3640,5091,1274,156,ITH,ITH4,6,Friuli-Venezia Giulia,Friuli Venezia Giulia,1215220,927072,76.29,0.54
4573,2021-04-29,FVG,6797,2992,3805,4014,2596,187,ITH,ITH4,6,Friuli-Venezia Giulia,Friuli Venezia Giulia,1215220,933869,76.85,0.56
4574,2021-01-05,FVG,1678,551,1127,1676,0,2,ITH,ITH4,6,Friuli-Venezia Giulia,Friuli Venezia Giulia,1215220,935547,76.99,0.14
4575,2021-08-07,FVG,4751,2558,2193,2690,1930,131,ITH,ITH4,6,Friuli-Venezia Giulia,Friuli Venezia Giulia,1215220,940298,77.38,0.39
4576,2021-02-05,FVG,2614,786,1828,89,2525,0,ITH,ITH4,6,Friuli-Venezia Giulia,Friuli Venezia Giulia,1215220,942912,77.59,0.22
4577,2021-07-07,FVG,11316,5796,5520,1449,9741,126,ITH,ITH4,6,Friuli-Venezia Giulia,Friuli Venezia Giulia,1215220,954228,78.52,0.93
4578,2021-07-21,FVG,8639,4379,4260,2042,6336,261,ITH,ITH4,6,Friuli-Venezia Giulia,Friuli Venezia Giulia,1215220,962867,79.23,0.71
4579,2021-08-06,FVG,6431,3374,3057,2326,3931,174,ITH,ITH4,6,Friuli-Venezia Giulia,Friuli Venezia Giulia,1215220,969298,79.76,0.53
4580,2021-08-11,FVG,7854,4147,3707,5147,2370,337,ITH,ITH4,6,Friuli-Venezia Giulia,Friuli Venezia Giulia,1215220,977152,80.41,0.65
4581,2021-05-03,FVG,7251,3299,3952,3346,3790,115,ITH,ITH4,6,Friuli-Venezia Giulia,Friuli Venezia Giulia,1215220,984403,81.01,0.6
4582,2021-01-14,FVG,2587,791,1796,2584,0,3,ITH,ITH4,6,Friuli-Venezia Giulia,Friuli Venezia Giulia,1215220,986990,81.22,0.21
4583,2021-08-13,FVG,3786,2120,1666,2616,966,204,ITH,ITH4,6,Friuli-Venezia Giulia,Friuli Venezia Giulia,1215220,990776,81.53,0.31
4584,2021-04-19,FVG,6730,3141,3589,3213,3425,92,ITH,ITH4,6,Friuli-Venezia Giulia,Friuli Venezia Giulia,1215220,997506,82.08,0.55
4585,2021-01-09,FVG,2517,842,1675,2516,0,1,ITH,ITH4,6,Friuli-Venezia Giulia,Friuli Venezia Giulia,1215220,1000023,82.29,0.21
4586,2021-06-15,FVG,12164,6189,5975,5350,6538,276,ITH,ITH4,6,Friuli-Venezia Giulia,Friuli Venezia Giulia,1215220,1012187,83.29,1.0
4587,2021-03-07,FVG,2556,938,1618,2497,1,58,ITH,ITH4,6,Friuli-Venezia Giulia,Friuli Venezia Giulia,1215220,1014743,83.5,0.21
4588,2020-12-31,FVG,1048,381,667,1047,0,1,ITH,ITH4,6,Friuli-Venezia Giulia,Friuli Venezia Giulia,1215220,1015791,83.59,0.09
4589,2021-07-30,FVG,9049,4713,4336,2759,6026,264,ITH,ITH4,6,Friuli-Venezia Giulia,Friuli Venezia Giulia,1215220,1024840,84.33,0.74
4590,2021-01-28,FVG,2249,797,1452,355,1894,0,ITH,ITH4,6,Friuli-Venezia Giulia,Friuli Venezia Giulia,1215220,1027089,84.52,0.19
4591,2021-05-08,FVG,10335,4672,5663,5360,4790,185,ITH,ITH4,6,Friuli-Venezia Giulia,Friuli Venezia Giulia,1215220,1037424,85.37,0.85
4592,2021-04-18,FVG,6057,2812,3245,5420,408,229,ITH,ITH4,6,Friuli-Venezia Giulia,Friuli Venezia Giulia,1215220,1043481,85.87,0.5
4593,2021-01-08,FVG,2324,746,1578,2324,0,0,ITH,ITH4,6,Friuli-Venezia Giulia,Friuli Venezia Giulia,1215220,1045805,86.06,0.19
4594,2021-06-14,FVG,10309,5002,5307,5181,4836,292,ITH,ITH4,6,Friuli-Venezia Giulia,Friuli Venezia Giulia,1215220,1056114,86.91,0.85
4595,2021-02-20,FVG,2079,942,1137,1932,144,3,ITH,ITH4,6,Friuli-Venezia Giulia,Friuli Venezia Giulia,1215220,1058193,87.08,0.17
4596,2021-01-22,FVG,90,30,60,1,89,0,ITH,ITH4,6,Friuli-Venezia Giulia,Friuli Venezia Giulia,1215220,1058283,87.09,0.01
4597,2021-03-06,FVG,3502,1197,2305,3145,325,32,ITH,ITH4,6,Friuli-Venezia Giulia,Friuli Venezia Giulia,1215220,1061785,87.37,0.29
4598,2021-09-01,FVG,8147,4406,3741,1844,6105,198,ITH,ITH4,6,Friuli-Venezia Giulia,Friuli Venezia Giulia,1215220,1069932,88.04,0.67
4599,2021-03-19,FVG,3254,1351,1903,1303,1936,15,ITH,ITH4,6,Friuli-Venezia Giulia,Friuli Venezia Giulia,1215220,1073186,88.31,0.27
4600,2021-06-27,FVG,7650,3818,3832,3752,3846,52,ITH,ITH4,6,Friuli-Venezia Giulia,Friuli Venezia Giulia,1215220,1080836,88.94,0.63
4601,2021-06-29,FVG,11377,5801,5576,1227,10043,107,ITH,ITH4,6,Friuli-Venezia Giulia,Friuli Venezia Giulia,1215220,1092213,89.88,0.94
4602,2021-05-15,FVG,12691,6120,6571,7687,4704,300,ITH,ITH4,6,Friuli-Venezia Giulia,Friuli Venezia Giulia,1215220,1104904,90.92,1.04
4603,2021-05-01,FVG,7206,3249,3957,5904,1045,257,ITH,ITH4,6,Friuli-Venezia Giulia,Friuli Venezia Giulia,1215220,1112110,91.52,0.59
4604,2021-01-21,FVG,897,345,552,1,896,0,ITH,ITH4,6,Friuli-Venezia Giulia,Friuli Venezia Giulia,1215220,1113007,91.59,0.07
4605,2021-02-21,FVG,801,281,520,421,378,2,ITH,ITH4,6,Friuli-Venezia Giulia,Friuli Venezia Giulia,1215220,1113808,91.65,0.07
4606,2021-06-08,FVG,10520,5505,5015,9636,467,417,ITH,ITH4,6,Friuli-Venezia Giulia,Friuli Venezia Giulia,1215220,1124328,92.52,0.87
4607,2021-02-28,FVG,2691,1005,1686,2268,394,29,ITH,ITH4,6,Friuli-Venezia Giulia,Friuli Venezia Giulia,1215220,1127019,92.74,0.22
4608,2021-08-04,FVG,9298,4803,4495,4618,4377,303,ITH,ITH4,6,Friuli-Venezia Giulia,Friuli Venezia Giulia,1215220,1136317,93.51,0.77
4609,2021-04-26,FVG,5478,2457,3021,3707,1651,120,ITH,ITH4,6,Friuli-Venezia Giulia,Friuli Venezia Giulia,1215220,1141795,93.96,0.45
4610,2021-06-17,FVG,11438,5787,5651,2287,9044,107,ITH,ITH4,6,Friuli-Venezia Giulia,Friuli Venezia Giulia,1215220,1153233,94.9,0.94
4611,2021-06-22,FVG,11606,5976,5630,2365,9108,133,ITH,ITH4,6,Friuli-Venezia Giulia,Friuli Venezia Giulia,1215220,1164839,95.85,0.96
4612,2021-02-14,FVG,1,0,1,0,1,0,ITH,ITH4,6,Friuli-Venezia Giulia,Friuli Venezia Giulia,1215220,1164840,95.85,0.0
4613,2021-08-18,FVG,4682,2495,2187,2981,1464,237,ITH,ITH4,6,Friuli-Venezia Giulia,Friuli Venezia Giulia,1215220,1169522,96.24,0.39
4614,2021-05-10,FVG,8006,3557,4449,6224,1543,239,ITH,ITH4,6,Friuli-Venezia Giulia,Friuli Venezia Giulia,1215220,1177528,96.9,0.66
4615,2021-08-14,FVG,198,146,52,180,4,14,ITH,ITH4,6,Friuli-Venezia Giulia,Friuli Venezia Giulia,1215220,1177726,96.91,0.02
4616,2021-08-28,FVG,2885,1568,1317,1772,955,158,ITH,ITH4,6,Friuli-Venezia Giulia,Friuli Venezia Giulia,1215220,1180611,97.15,0.24
4617,2021-05-06,FVG,11970,5563,6407,7712,3980,278,ITH,ITH4,6,Friuli-Venezia Giulia,Friuli Venezia Giulia,1215220,1192581,98.14,0.99
4618,2021-07-02,FVG,11112,5744,5368,2115,8805,192,ITH,ITH4,6,Friuli-Venezia Giulia,Friuli Venezia Giulia,1215220,1203693,99.05,0.91
4619,2021-06-25,FVG,10994,5528,5466,2393,8555,46,ITH,ITH4,6,Friuli-Venezia Giulia,Friuli Venezia Giulia,1215220,1214687,99.96,0.9
4620,2021-07-04,FVG,9352,4794,4558,2892,6205,255,ITH,ITH4,6,Friuli-Venezia Giulia,Friuli Venezia Giulia,1215220,1224039,100.73,0.77
4621,2021-03-26,FVG,6029,2611,3418,3833,2021,175,ITH,ITH4,6,Friuli-Venezia Giulia,Friuli Venezia Giulia,1215220,1230068,101.22,0.5
4622,2021-03-12,FVG,4109,1702,2407,2701,1382,26,ITH,ITH4,6,Friuli-Venezia Giulia,Friuli Venezia Giulia,1215220,1234177,101.56,0.34
4623,2021-01-02,FVG,1217,470,747,1217,0,0,ITH,ITH4,6,Friuli-Venezia Giulia,Friuli Venezia Giulia,1215220,1235394,101.66,0.1
4624,2021-04-12,FVG,7288,3196,4092,5998,1136,154,ITH,ITH4,6,Friuli-Venezia Giulia,Friuli Venezia Giulia,1215220,1242682,102.26,0.6
4625,2021-04-14,FVG,7251,3134,4117,5409,1717,125,ITH,ITH4,6,Friuli-Venezia Giulia,Friuli Venezia Giulia,1215220,1249933,102.86,0.6
4626,2021-07-06,FVG,11220,5856,5364,1353,9755,112,ITH,ITH4,6,Friuli-Venezia Giulia,Friuli Venezia Giulia,1215220,1261153,103.78,0.92
4627,2021-07-23,FVG,9040,4633,4407,3032,5583,425,ITH,ITH4,6,Friuli-Venezia Giulia,Friuli Venezia Giulia,1215220,1270193,104.52,0.74
4628,2021-08-25,FVG,7823,4183,3640,3011,4448,364,ITH,ITH4,6,Friuli-Venezia Giulia,Friuli Venezia Giulia,1215220,1278016,105.17,0.64
4629,2021-06-03,FVG,12460,6757,5703,9913,2127,420,ITH,ITH4,6,Friuli-Venezia Giulia,Friuli Venezia Giulia,1215220,1290476,106.19,1.03
4630,2021-07-16,FVG,9795,5234,4561,1695,7948,152,ITH,ITH4,6,Friuli-Venezia Giulia,Friuli Venezia Giulia,1215220,1300271,107.0,0.81
4631,2021-04-07,FVG,7851,3639,4212,6946,786,119,ITH,ITH4,6,Friuli-Venezia Giulia,Friuli Venezia Giulia,1215220,1308122,107.64,0.65
4632,2021-07-09,FVG,11942,6342,5600,2115,9539,288,ITH,ITH4,6,Friuli-Venezia Giulia,Friuli Venezia Giulia,1215220,1320064,108.63,0.98
4633,2021-03-17,FVG,3240,1270,1970,736,2494,10,ITH,ITH4,6,Friuli-Venezia Giulia,Friuli Venezia Giulia,1215220,1323304,108.89,0.27
4634,2021-08-21,FVG,2892,1556,1336,278,2572,42,ITH,ITH4,6,Friuli-Venezia Giulia,Friuli Venezia Giulia,1215220,1326196,109.13,0.24
4635,2021-05-13,FVG,11209,5418,5791,8740,2076,393,ITH,ITH4,6,Friuli-Venezia Giulia,Friuli Venezia Giulia,1215220,1337405,110.05,0.92
4636,2021-02-16,FVG,2517,1135,1382,2397,116,4,ITH,ITH4,6,Friuli-Venezia Giulia,Friuli Venezia Giulia,1215220,1339922,110.26,0.21
4637,2021-03-24,FVG,3984,1725,2259,2462,1484,38,ITH,ITH4,6,Friuli-Venezia Giulia,Friuli Venezia Giulia,1215220,1343906,110.59,0.33
4638,2021-05-20,FVG,12723,6328,6395,9793,2526,404,ITH,ITH4,6,Friuli-Venezia Giulia,Friuli Venezia Giulia,1215220,1356629,111.64,1.05
4639,2021-01-26,FVG,1978,648,1330,216,1761,1,ITH,ITH4,6,Friuli-Venezia Giulia,Friuli Venezia Giulia,1215220,1358607,111.8,0.16
4640,2021-02-09,FVG,1842,555,1287,1555,286,1,ITH,ITH4,6,Friuli-Venezia Giulia,Friuli Venezia Giulia,1215220,1360449,111.95,0.15
4641,2021-01-19,FVG,6,2,4,6,0,0,ITH,ITH4,6,Friuli-Venezia Giulia,Friuli Venezia Giulia,1215220,1360455,111.95,0.0
4642,2021-02-02,FVG,2477,810,1667,218,2259,0,ITH,ITH4,6,Friuli-Venezia Giulia,Friuli Venezia Giulia,1215220,1362932,112.16,0.2
4643,2021-03-31,FVG,8147,3574,4573,7171,850,126,ITH,ITH4,6,Friuli-Venezia Giulia,Friuli Venezia Giulia,1215220,1371079,112.83,0.67
4644,2020-12-30,FVG,626,244,382,626,0,0,ITH,ITH4,6,Friuli-Venezia Giulia,Friuli Venezia Giulia,1215220,1371705,112.88,0.05
4645,2021-06-05,FVG,10338,5343,4995,8402,1552,384,ITH,ITH4,6,Friuli-Venezia Giulia,Friuli Venezia Giulia,1215220,1382043,113.73,0.85
4646,2021-02-25,FVG,3177,1659,1518,3116,29,32,ITH,ITH4,6,Friuli-Venezia Giulia,Friuli Venezia Giulia,1215220,1385220,113.99,0.26
4647,2021-06-16,FVG,12192,5915,6277,3894,8034,264,ITH,ITH4,6,Friuli-Venezia Giulia,Friuli Venezia Giulia,1215220,1397412,114.99,1.0
4648,2021-08-12,FVG,7794,4164,3630,4998,2495,301,ITH,ITH4,6,Friuli-Venezia Giulia,Friuli Venezia Giulia,1215220,1405206,115.63,0.64
4649,2021-06-23,FVG,12094,5854,6240,1995,9955,144,ITH,ITH4,6,Friuli-Venezia Giulia,Friuli Venezia Giulia,1215220,1417300,116.63,1.0
4650,2021-08-19,FVG,4782,2558,2224,1625,3000,157,ITH,ITH4,6,Friuli-Venezia Giulia,Friuli Venezia Giulia,1215220,1422082,117.02,0.39
4651,2021-08-05,FVG,7043,3618,3425,3147,3692,204,ITH,ITH4,6,Friuli-Venezia Giulia,Friuli Venezia Giulia,1215220,1429125,117.6,0.58
4652,2021-04-27,FVG,8147,3742,4405,3550,4496,101,ITH,ITH4,6,Friuli-Venezia Giulia,Friuli Venezia Giulia,1215220,1437272,118.27,0.67
4653,2021-05-04,FVG,9607,4334,5273,5995,3387,225,ITH,ITH4,6,Friuli-Venezia Giulia,Friuli Venezia Giulia,1215220,1446879,119.06,0.79
4654,2021-01-24,FVG,307,121,186,2,305,0,ITH,ITH4,6,Friuli-Venezia Giulia,Friuli Venezia Giulia,1215220,1447186,119.09,0.03
4655,2021-06-30,FVG,13193,6715,6478,1381,11639,173,ITH,ITH4,6,Friuli-Venezia Giulia,Friuli Venezia Giulia,1215220,1460379,120.17,1.09
4656,2021-03-08,FVG,4133,1646,2487,2027,2091,15,ITH,ITH4,6,Friuli-Venezia Giulia,Friuli Venezia Giulia,1215220,1464512,120.51,0.34
4657,2021-03-22,FVG,3668,1454,2214,1671,1958,39,ITH,ITH4,6,Friuli-Venezia Giulia,Friuli Venezia Giulia,1215220,1468180,120.82,0.3
4658,2021-01-17,FVG,1715,522,1193,1713,0,2,ITH,ITH4,6,Friuli-Venezia Giulia,Friuli Venezia Giulia,1215220,1469895,120.96,0.14
4659,2021-03-15,FVG,3959,1813,2146,1612,2324,23,ITH,ITH4,6,Friuli-Venezia Giulia,Friuli Venezia Giulia,1215220,1473854,121.28,0.33
4660,2021-05-11,FVG,9152,4400,4752,7124,1811,217,ITH,ITH4,6,Friuli-Venezia Giulia,Friuli Venezia Giulia,1215220,1483006,122.04,0.75
4661,2021-01-31,FVG,2726,842,1884,385,2341,0,ITH,ITH4,6,Friuli-Venezia Giulia,Friuli Venezia Giulia,1215220,1485732,122.26,0.22
4662,2021-08-23,FVG,4688,2419,2269,2556,1775,357,ITH,ITH4,6,Friuli-Venezia Giulia,Friuli Venezia Giulia,1215220,1490420,122.65,0.39
4663,2021-05-29,FVG,12040,5856,6184,6785,4993,262,ITH,ITH4,6,Friuli-Venezia Giulia,Friuli Venezia Giulia,1215220,1502460,123.64,0.99
4664,2021-07-25,FVG,3893,2025,1868,1916,1871,106,ITH,ITH4,6,Friuli-Venezia Giulia,Friuli Venezia Giulia,1215220,1506353,123.96,0.32
4665,2021-07-11,FVG,6861,3582,3279,2379,4182,300,ITH,ITH4,6,Friuli-Venezia Giulia,Friuli Venezia Giulia,1215220,1513214,124.52,0.56
4666,2021-08-30,FVG,7206,3835,3371,2400,4577,229,ITH,ITH4,6,Friuli-Venezia Giulia,Friuli Venezia Giulia,1215220,1520420,125.11,0.59
4667,2021-05-22,FVG,11600,5207,6393,7089,4241,270,ITH,ITH4,6,Friuli-Venezia Giulia,Friuli Venezia Giulia,1215220,1532020,126.07,0.95
4668,2021-07-18,FVG,5460,2955,2505,435,5001,24,ITH,ITH4,6,Friuli-Venezia Giulia,Friuli Venezia Giulia,1215220,1537480,126.52,0.45
4669,2021-08-06,MAR,11705,6354,5351,4145,7278,282,ITI,ITI3,11,Marche,Marche,1525271,11705,0.77,0.77
4670,2021-05-15,MAR,14119,6441,7678,7827,6044,248,ITI,ITI3,11,Marche,Marche,1525271,25824,1.69,0.93
4671,2021-08-23,MAR,6196,3341,2855,2279,3650,267,ITI,ITI3,11,Marche,Marche,1525271,32020,2.1,0.41
4672,2021-02-19,MAR,2002,739,1263,1826,135,41,ITI,ITI3,11,Marche,Marche,1525271,34022,2.23,0.13
4673,2021-01-26,MAR,2021,747,1274,73,1939,9,ITI,ITI3,11,Marche,Marche,1525271,36043,2.36,0.13
4674,2021-07-11,MAR,10399,5220,5179,1605,8657,137,ITI,ITI3,11,Marche,Marche,1525271,46442,3.04,0.68
4675,2021-04-19,MAR,9608,4503,5105,7900,1586,122,ITI,ITI3,11,Marche,Marche,1525271,56050,3.67,0.63
4676,2021-07-28,MAR,14201,7371,6830,3250,10719,232,ITI,ITI3,11,Marche,Marche,1525271,70251,4.61,0.93
4677,2021-05-20,MAR,12685,5961,6724,7537,4897,251,ITI,ITI3,11,Marche,Marche,1525271,82936,5.44,0.83
4678,2021-02-07,MAR,1872,735,1137,331,1529,12,ITI,ITI3,11,Marche,Marche,1525271,84808,5.56,0.12
4679,2021-07-23,MAR,15542,8280,7262,2529,12789,224,ITI,ITI3,11,Marche,Marche,1525271,100350,6.58,1.02
4680,2021-05-27,MAR,13733,6818,6915,9180,4301,252,ITI,ITI3,11,Marche,Marche,1525271,114083,7.48,0.9
4681,2021-03-31,MAR,7374,3087,4287,4266,3024,84,ITI,ITI3,11,Marche,Marche,1525271,121457,7.96,0.48
4682,2021-03-24,MAR,7080,3008,4072,3291,3716,73,ITI,ITI3,11,Marche,Marche,1525271,128537,8.43,0.46
4683,2021-06-01,MAR,12055,6157,5898,9679,2090,286,ITI,ITI3,11,Marche,Marche,1525271,140592,9.22,0.79
4684,2021-03-10,MAR,5712,2442,3270,4479,1180,53,ITI,ITI3,11,Marche,Marche,1525271,146304,9.59,0.37
4685,2021-02-21,MAR,376,141,235,363,1,12,ITI,ITI3,11,Marche,Marche,1525271,146680,9.62,0.02
4686,2021-04-05,MAR,5704,2368,3336,4354,1269,81,ITI,ITI3,11,Marche,Marche,1525271,152384,9.99,0.37
4687,2021-06-27,MAR,9950,4819,5131,4487,5292,171,ITI,ITI3,11,Marche,Marche,1525271,162334,10.64,0.65
4688,2021-03-19,MAR,3881,1621,2260,325,3544,12,ITI,ITI3,11,Marche,Marche,1525271,166215,10.9,0.25
4689,2021-03-17,MAR,3476,1525,1951,105,3369,2,ITI,ITI3,11,Marche,Marche,1525271,169691,11.13,0.23
4690,2021-01-21,MAR,922,262,660,577,328,17,ITI,ITI3,11,Marche,Marche,1525271,170613,11.19,0.06
4691,2021-05-01,MAR,9326,3926,5400,3499,5751,76,ITI,ITI3,11,Marche,Marche,1525271,179939,11.8,0.61
4692,2021-07-18,MAR,12124,6310,5814,1333,10673,118,ITI,ITI3,11,Marche,Marche,1525271,192063,12.59,0.79
4693,2021-01-31,MAR,1921,772,1149,93,1824,4,ITI,ITI3,11,Marche,Marche,1525271,193984,12.72,0.13
4694,2021-04-07,MAR,8870,3933,4937,8362,369,139,ITI,ITI3,11,Marche,Marche,1525271,202854,13.3,0.58
4695,2021-02-09,MAR,125,42,83,46,79,0,ITI,ITI3,11,Marche,Marche,1525271,202979,13.31,0.01
4696,2021-07-16,MAR,15839,8240,7599,1844,13736,259,ITI,ITI3,11,Marche,Marche,1525271,218818,14.35,1.04
4697,2021-06-12,MAR,13781,7315,6466,12104,1346,331,ITI,ITI3,11,Marche,Marche,1525271,232599,15.25,0.9
4698,2021-04-16,MAR,10085,4704,5381,9353,525,207,ITI,ITI3,11,Marche,Marche,1525271,242684,15.91,0.66
4699,2021-01-19,MAR,233,87,146,140,90,3,ITI,ITI3,11,Marche,Marche,1525271,242917,15.93,0.02
4700,2021-02-02,MAR,1193,398,795,70,1123,0,ITI,ITI3,11,Marche,Marche,1525271,244110,16.0,0.08
4701,2021-05-13,MAR,12613,5698,6915,6826,5508,279,ITI,ITI3,11,Marche,Marche,1525271,256723,16.83,0.83
4702,2021-04-12,MAR,8573,3775,4798,7933,482,158,ITI,ITI3,11,Marche,Marche,1525271,265296,17.39,0.56
4703,2021-01-02,MAR,458,143,315,456,0,2,ITI,ITI3,11,Marche,Marche,1525271,265754,17.42,0.03
4704,2021-03-05,MAR,6226,2874,3352,4691,1469,66,ITI,ITI3,11,Marche,Marche,1525271,271980,17.83,0.41
4705,2021-01-07,MAR,1820,641,1179,1803,0,17,ITI,ITI3,11,Marche,Marche,1525271,273800,17.95,0.12
4706,2021-03-12,MAR,4681,1999,2682,3346,1280,55,ITI,ITI3,11,Marche,Marche,1525271,278481,18.26,0.31
4707,2021-01-14,MAR,2019,696,1323,1995,0,24,ITI,ITI3,11,Marche,Marche,1525271,280500,18.39,0.13
4708,2021-06-20,MAR,11160,5547,5613,5990,4988,182,ITI,ITI3,11,Marche,Marche,1525271,291660,19.12,0.73
4709,2021-08-30,MAR,5679,2842,2837,2360,3049,270,ITI,ITI3,11,Marche,Marche,1525271,297339,19.49,0.37
4710,2021-02-28,MAR,2836,1251,1585,2822,6,8,ITI,ITI3,11,Marche,Marche,1525271,300175,19.68,0.19
4711,2021-06-08,MAR,14099,7095,7004,11195,2612,292,ITI,ITI3,11,Marche,Marche,1525271,314274,20.6,0.92
4712,2021-02-14,MAR,739,301,438,727,0,12,ITI,ITI3,11,Marche,Marche,1525271,315013,20.65,0.05
4713,2021-08-16,MAR,5165,2781,2384,2983,2022,160,ITI,ITI3,11,Marche,Marche,1525271,320178,20.99,0.34
4714,2021-05-08,MAR,12292,5486,6806,4854,7264,174,ITI,ITI3,11,Marche,Marche,1525271,332470,21.8,0.81
4715,2021-07-30,MAR,14711,7863,6848,4866,9557,288,ITI,ITI3,11,Marche,Marche,1525271,347181,22.76,0.96
4716,2021-07-09,MAR,14903,7502,7401,2557,12132,214,ITI,ITI3,11,Marche,Marche,1525271,362084,23.74,0.98
4717,2021-03-29,MAR,5897,2583,3314,3391,2458,48,ITI,ITI3,11,Marche,Marche,1525271,367981,24.13,0.39
4718,2021-06-03,MAR,14638,7483,7155,12081,2252,305,ITI,ITI3,11,Marche,Marche,1525271,382619,25.09,0.96
4719,2021-07-04,MAR,10896,5445,5451,3204,7531,161,ITI,ITI3,11,Marche,Marche,1525271,393515,25.8,0.71
4720,2020-12-31,MAR,392,184,208,390,0,2,ITI,ITI3,11,Marche,Marche,1525271,393907,25.83,0.03
4721,2021-07-25,MAR,9351,4933,4418,1005,8249,97,ITI,ITI3,11,Marche,Marche,1525271,403258,26.44,0.61
4722,2021-01-04,MAR,1527,574,953,1514,0,13,ITI,ITI3,11,Marche,Marche,1525271,404785,26.54,0.1
4723,2021-04-14,MAR,10220,4565,5655,9654,369,197,ITI,ITI3,11,Marche,Marche,1525271,415005,27.21,0.67
4724,2020-12-30,MAR,17,5,12,17,0,0,ITI,ITI3,11,Marche,Marche,1525271,415022,27.21,0.0
4725,2021-08-25,MAR,5583,2989,2594,2724,2538,321,ITI,ITI3,11,Marche,Marche,1525271,420605,27.58,0.37
4726,2021-03-07,MAR,5180,2107,3073,4378,754,48,ITI,ITI3,11,Marche,Marche,1525271,425785,27.92,0.34
4727,2021-08-08,MAR,5637,3020,2617,1681,3845,111,ITI,ITI3,11,Marche,Marche,1525271,431422,28.28,0.37
4728,2021-07-06,MAR,13964,6921,7043,3144,10597,223,ITI,ITI3,11,Marche,Marche,1525271,445386,29.2,0.92
4729,2021-07-20,MAR,14396,7435,6961,1768,12454,174,ITI,ITI3,11,Marche,Marche,1525271,459782,30.14,0.94
4730,2021-01-16,MAR,2040,735,1305,1989,0,51,ITI,ITI3,11,Marche,Marche,1525271,461822,30.28,0.13
4731,2021-08-11,MAR,7571,4099,3472,3170,4165,236,ITI,ITI3,11,Marche,Marche,1525271,469393,30.77,0.5
4732,2021-06-15,MAR,13192,6567,6625,9823,3052,317,ITI,ITI3,11,Marche,Marche,1525271,482585,31.64,0.86
4733,2021-01-12,MAR,1234,418,816,1221,0,13,ITI,ITI3,11,Marche,Marche,1525271,483819,31.72,0.08
4734,2021-06-22,MAR,13219,6482,6737,6475,6461,283,ITI,ITI3,11,Marche,Marche,1525271,497038,32.59,0.87
4735,2021-04-26,MAR,9173,4063,5110,6017,3026,130,ITI,ITI3,11,Marche,Marche,1525271,506211,33.19,0.6
4736,2021-03-02,MAR,5002,1967,3035,4370,566,66,ITI,ITI3,11,Marche,Marche,1525271,511213,33.52,0.33
4737,2021-06-10,MAR,14930,7695,7235,12575,2013,342,ITI,ITI3,11,Marche,Marche,1525271,526143,34.5,0.98
4738,2021-09-01,MAR,6205,3280,2925,2020,3953,232,ITI,ITI3,11,Marche,Marche,1525271,532348,34.9,0.41
4739,2021-08-15,MAR,225,112,113,205,13,7,ITI,ITI3,11,Marche,Marche,1525271,532573,34.92,0.01
4740,2021-05-24,MAR,10999,5193,5806,7957,2865,177,ITI,ITI3,11,Marche,Marche,1525271,543572,35.64,0.72
4741,2021-01-09,MAR,1718,606,1112,1698,0,20,ITI,ITI3,11,Marche,Marche,1525271,545290,35.75,0.11
4742,2021-04-02,MAR,6895,2987,3908,6044,739,112,ITI,ITI3,11,Marche,Marche,1525271,552185,36.2,0.45
4743,2021-03-16,MAR,3521,1523,1998,285,3230,6,ITI,ITI3,11,Marche,Marche,1525271,555706,36.43,0.23
4744,2021-06-24,MAR,13835,6672,7163,6187,7377,271,ITI,ITI3,11,Marche,Marche,1525271,569541,37.34,0.91
4745,2021-02-04,MAR,2389,844,1545,107,2277,5,ITI,ITI3,11,Marche,Marche,1525271,571930,37.5,0.16
4746,2021-01-18,MAR,696,237,459,536,149,11,ITI,ITI3,11,Marche,Marche,1525271,572626,37.54,0.05
4747,2021-04-28,MAR,10935,4982,5953,6020,4742,173,ITI,ITI3,11,Marche,Marche,1525271,583561,38.26,0.72
4748,2021-02-18,MAR,2147,787,1360,1807,288,52,ITI,ITI3,11,Marche,Marche,1525271,585708,38.4,0.14
4749,2021-05-29,MAR,12875,6239,6636,8117,4540,218,ITI,ITI3,11,Marche,Marche,1525271,598583,39.24,0.84
4750,2021-02-16,MAR,1287,475,812,1225,30,32,ITI,ITI3,11,Marche,Marche,1525271,599870,39.33,0.08
4751,2021-02-25,MAR,3563,1465,2098,3319,181,63,ITI,ITI3,11,Marche,Marche,1525271,603433,39.56,0.23
4752,2021-08-01,MAR,7495,4049,3446,1833,5577,85,ITI,ITI3,11,Marche,Marche,1525271,610928,40.05,0.49
4753,2021-06-05,MAR,13943,7011,6932,11519,2058,366,ITI,ITI3,11,Marche,Marche,1525271,624871,40.97,0.91
4754,2021-04-09,MAR,9573,4193,5380,9152,200,221,ITI,ITI3,11,Marche,Marche,1525271,634444,41.6,0.63
4755,2021-07-27,MAR,14363,7531,6832,3032,11105,226,ITI,ITI3,11,Marche,Marche,1525271,648807,42.54,0.94
4756,2021-01-06,MAR,2213,804,1409,2194,0,19,ITI,ITI3,11,Marche,Marche,1525271,651020,42.68,0.15
4757,2021-03-04,MAR,6540,2895,3645,5082,1395,63,ITI,ITI3,11,Marche,Marche,1525271,657560,43.11,0.43
4758,2021-03-13,MAR,5807,2681,3126,1765,4002,40,ITI,ITI3,11,Marche,Marche,1525271,663367,43.49,0.38
4759,2021-08-17,MAR,7596,4042,3554,3086,4286,224,ITI,ITI3,11,Marche,Marche,1525271,670963,43.99,0.5
4760,2021-05-22,MAR,11941,5720,6221,7321,4449,171,ITI,ITI3,11,Marche,Marche,1525271,682904,44.77,0.78
4761,2021-02-11,MAR,1988,657,1331,1557,390,41,ITI,ITI3,11,Marche,Marche,1525271,684892,44.9,0.13
4762,2021-05-05,MAR,11696,5322,6374,5102,6432,162,ITI,ITI3,11,Marche,Marche,1525271,696588,45.67,0.77
4763,2021-08-13,MAR,6750,3758,2992,3387,3151,212,ITI,ITI3,11,Marche,Marche,1525271,703338,46.11,0.44
4764,2021-01-11,MAR,1181,413,768,1163,0,18,ITI,ITI3,11,Marche,Marche,1525271,704519,46.19,0.08
4765,2021-04-21,MAR,10787,4970,5817,9429,1195,163,ITI,ITI3,11,Marche,Marche,1525271,715306,46.9,0.71
4766,2021-01-28,MAR,2091,726,1365,159,1931,1,ITI,ITI3,11,Marche,Marche,1525271,717397,47.03,0.14
4767,2021-04-04,MAR,3835,1797,2038,2614,1169,52,ITI,ITI3,11,Marche,Marche,1525271,721232,47.29,0.25
4768,2021-07-13,MAR,14852,7278,7574,1456,13267,129,ITI,ITI3,11,Marche,Marche,1525271,736084,48.26,0.97
4769,2021-08-31,MAR,4836,2563,2273,2020,2587,229,ITI,ITI3,11,Marche,Marche,1525271,740920,48.58,0.32
4770,2021-06-09,MAR,14283,7420,6863,12112,1869,302,ITI,ITI3,11,Marche,Marche,1525271,755203,49.51,0.94
4771,2021-06-19,MAR,14694,7403,7291,7748,6680,266,ITI,ITI3,11,Marche,Marche,1525271,769897,50.48,0.96
4772,2021-05-31,MAR,11782,5944,5838,8599,2931,252,ITI,ITI3,11,Marche,Marche,1525271,781679,51.25,0.77
4773,2021-05-17,MAR,12050,5651,6399,7469,4354,227,ITI,ITI3,11,Marche,Marche,1525271,793729,52.04,0.79
4774,2021-04-23,MAR,11317,5222,6095,8099,3055,163,ITI,ITI3,11,Marche,Marche,1525271,805046,52.78,0.74
4775,2021-02-23,MAR,3314,1432,1882,3243,56,15,ITI,ITI3,11,Marche,Marche,1525271,808360,53.0,0.22
4776,2021-03-26,MAR,6392,2626,3766,3475,2859,58,ITI,ITI3,11,Marche,Marche,1525271,814752,53.42,0.42
4777,2021-06-17,MAR,15206,7566,7640,8798,6111,297,ITI,ITI3,11,Marche,Marche,1525271,829958,54.41,1.0
4778,2021-03-09,MAR,5430,2293,3137,4458,881,91,ITI,ITI3,11,Marche,Marche,1525271,835388,54.77,0.36
4779,2021-07-22,MAR,15747,8048,7699,2019,13487,241,ITI,ITI3,11,Marche,Marche,1525271,851135,55.8,1.03
4780,2021-04-13,MAR,9839,4261,5578,9399,234,206,ITI,ITI3,11,Marche,Marche,1525271,860974,56.45,0.65
4781,2021-06-21,MAR,12607,6184,6423,5479,6881,247,ITI,ITI3,11,Marche,Marche,1525271,873581,57.27,0.83
4782,2021-05-09,MAR,8866,4022,4844,3560,5229,77,ITI,ITI3,11,Marche,Marche,1525271,882447,57.86,0.58
4783,2021-08-18,MAR,6421,3421,3000,3214,2872,335,ITI,ITI3,11,Marche,Marche,1525271,888868,58.28,0.42
4784,2021-08-04,MAR,12002,6380,5622,4059,7701,242,ITI,ITI3,11,Marche,Marche,1525271,900870,59.06,0.79
4785,2021-01-23,MAR,557,190,367,118,436,3,ITI,ITI3,11,Marche,Marche,1525271,901427,59.1,0.04
4786,2021-06-29,MAR,13372,6600,6772,4929,8215,228,ITI,ITI3,11,Marche,Marche,1525271,914799,59.98,0.88
4787,2021-05-03,MAR,10410,4689,5721,4858,5413,139,ITI,ITI3,11,Marche,Marche,1525271,925209,60.66,0.68
4788,2021-06-07,MAR,13322,6589,6733,10569,2450,303,ITI,ITI3,11,Marche,Marche,1525271,938531,61.53,0.87
4789,2021-02-27,MAR,3401,1457,1944,3158,209,34,ITI,ITI3,11,Marche,Marche,1525271,941932,61.76,0.22
4790,2021-05-07,MAR,12837,5801,7036,3560,9185,92,ITI,ITI3,11,Marche,Marche,1525271,954769,62.6,0.84
4791,2021-02-13,MAR,1093,462,631,988,82,23,ITI,ITI3,11,Marche,Marche,1525271,955862,62.67,0.07
4792,2021-01-27,MAR,2119,778,1341,113,2004,2,ITI,ITI3,11,Marche,Marche,1525271,957981,62.81,0.14
4793,2021-04-20,MAR,10756,5030,5726,9149,1472,135,ITI,ITI3,11,Marche,Marche,1525271,968737,63.51,0.71
4794,2021-01-15,MAR,1772,500,1272,1755,0,17,ITI,ITI3,11,Marche,Marche,1525271,970509,63.63,0.12
4795,2021-04-25,MAR,8601,3995,4606,6892,1578,131,ITI,ITI3,11,Marche,Marche,1525271,979110,64.19,0.56
4796,2021-08-03,MAR,10878,5737,5141,4030,6582,266,ITI,ITI3,11,Marche,Marche,1525271,989988,64.91,0.71
4797,2021-08-12,MAR,8017,4329,3688,3888,3768,361,ITI,ITI3,11,Marche,Marche,1525271,998005,65.43,0.53
4798,2021-07-05,MAR,13166,6509,6657,2919,10075,172,ITI,ITI3,11,Marche,Marche,1525271,1011171,66.29,0.86
4799,2021-06-16,MAR,13755,6912,6843,9126,4365,264,ITI,ITI3,11,Marche,Marche,1525271,1024926,67.2,0.9
4800,2021-06-02,MAR,11900,5938,5962,11028,676,196,ITI,ITI3,11,Marche,Marche,1525271,1036826,67.98,0.78
4801,2021-02-22,MAR,3461,1532,1929,3351,75,35,ITI,ITI3,11,Marche,Marche,1525271,1040287,68.2,0.23
4802,2021-04-30,MAR,14166,6205,7961,5396,8573,197,ITI,ITI3,11,Marche,Marche,1525271,1054453,69.13,0.93
4803,2021-04-11,MAR,7118,3116,4002,6686,287,145,ITI,ITI3,11,Marche,Marche,1525271,1061571,69.6,0.47
4804,2021-03-11,MAR,6637,2825,3812,5146,1412,79,ITI,ITI3,11,Marche,Marche,1525271,1068208,70.03,0.44
4805,2021-03-25,MAR,6702,2794,3908,3187,3456,59,ITI,ITI3,11,Marche,Marche,1525271,1074910,70.47,0.44
4806,2021-03-06,MAR,5739,2642,3097,4419,1268,52,ITI,ITI3,11,Marche,Marche,1525271,1080649,70.85,0.38
4807,2021-06-14,MAR,12838,6486,6352,9257,3310,271,ITI,ITI3,11,Marche,Marche,1525271,1093487,71.69,0.84
4808,2021-08-28,MAR,3145,1696,1449,1201,1800,144,ITI,ITI3,11,Marche,Marche,1525271,1096632,71.9,0.21
4809,2021-03-28,MAR,4125,1739,2386,2396,1691,38,ITI,ITI3,11,Marche,Marche,1525271,1100757,72.17,0.27
4810,2021-01-30,MAR,1905,668,1237,24,1881,0,ITI,ITI3,11,Marche,Marche,1525271,1102662,72.29,0.12
4811,2021-01-13,MAR,2114,747,1367,2073,0,41,ITI,ITI3,11,Marche,Marche,1525271,1104776,72.43,0.14
4812,2021-05-02,MAR,8904,3939,4965,3080,5742,82,ITI,ITI3,11,Marche,Marche,1525271,1113680,73.02,0.58
4813,2021-08-10,MAR,9202,4815,4387,3333,5593,276,ITI,ITI3,11,Marche,Marche,1525271,1122882,73.62,0.6
4814,2021-06-28,MAR,12362,6026,6336,4614,7511,237,ITI,ITI3,11,Marche,Marche,1525271,1135244,74.43,0.81
4815,2021-03-18,MAR,3440,1507,1933,149,3279,12,ITI,ITI3,11,Marche,Marche,1525271,1138684,74.65,0.23
4816,2021-06-26,MAR,13579,6907,6672,5690,7672,217,ITI,ITI3,11,Marche,Marche,1525271,1152263,75.54,0.89
4817,2021-05-23,MAR,9210,4284,4926,7414,1672,124,ITI,ITI3,11,Marche,Marche,1525271,1161473,76.15,0.6
4818,2021-05-06,MAR,12661,5825,6836,5359,7075,227,ITI,ITI3,11,Marche,Marche,1525271,1174134,76.98,0.83
4819,2021-02-12,MAR,1581,618,963,1404,151,26,ITI,ITI3,11,Marche,Marche,1525271,1175715,77.08,0.1
4820,2021-07-29,MAR,14846,7880,6966,4580,9955,311,ITI,ITI3,11,Marche,Marche,1525271,1190561,78.06,0.97
4821,2021-01-25,MAR,1597,559,1038,90,1507,0,ITI,ITI3,11,Marche,Marche,1525271,1192158,78.16,0.1
4822,2021-01-08,MAR,1583,592,991,1568,0,15,ITI,ITI3,11,Marche,Marche,1525271,1193741,78.26,0.1
4823,2021-04-18,MAR,8824,4132,4692,7728,921,175,ITI,ITI3,11,Marche,Marche,1525271,1202565,78.84,0.58
4824,2021-07-03,MAR,13843,6991,6852,4136,9395,312,ITI,ITI3,11,Marche,Marche,1525271,1216408,79.75,0.91
4825,2021-02-20,MAR,4163,1732,2431,4042,111,10,ITI,ITI3,11,Marche,Marche,1525271,1220571,80.02,0.27
4826,2021-08-22,MAR,109,60,49,75,26,8,ITI,ITI3,11,Marche,Marche,1525271,1220680,80.03,0.01
4827,2021-01-20,MAR,406,100,306,384,20,2,ITI,ITI3,11,Marche,Marche,1525271,1221086,80.06,0.03
4828,2021-02-03,MAR,2129,743,1386,97,2011,21,ITI,ITI3,11,Marche,Marche,1525271,1223215,80.2,0.14
4829,2021-05-14,MAR,13638,6294,7344,6508,6914,216,ITI,ITI3,11,Marche,Marche,1525271,1236853,81.09,0.89
4830,2021-08-24,MAR,6438,3401,3037,3298,2758,382,ITI,ITI3,11,Marche,Marche,1525271,1243291,81.51,0.42
4831,2021-08-05,MAR,11906,6393,5513,4080,7560,266,ITI,ITI3,11,Marche,Marche,1525271,1255197,82.29,0.78
4832,2021-03-27,MAR,7428,3097,4331,4959,2395,74,ITI,ITI3,11,Marche,Marche,1525271,1262625,82.78,0.49
4833,2021-04-10,MAR,10934,4628,6306,10373,314,247,ITI,ITI3,11,Marche,Marche,1525271,1273559,83.5,0.72
4834,2021-01-03,MAR,912,358,554,902,0,10,ITI,ITI3,11,Marche,Marche,1525271,1274471,83.56,0.06
4835,2021-07-19,MAR,14678,7531,7147,1925,12538,215,ITI,ITI3,11,Marche,Marche,1525271,1289149,84.52,0.96
4836,2021-01-29,MAR,1994,731,1263,155,1834,5,ITI,ITI3,11,Marche,Marche,1525271,1291143,84.65,0.13
4837,2021-05-18,MAR,11272,5347,5925,7490,3603,179,ITI,ITI3,11,Marche,Marche,1525271,1302415,85.39,0.74
4838,2021-08-26,MAR,5680,3027,2653,2775,2545,360,ITI,ITI3,11,Marche,Marche,1525271,1308095,85.76,0.37
4839,2021-08-21,MAR,2977,1663,1314,1492,1311,174,ITI,ITI3,11,Marche,Marche,1525271,1311072,85.96,0.2
4840,2021-03-22,MAR,5705,2413,3292,2480,3178,47,ITI,ITI3,11,Marche,Marche,1525271,1316777,86.33,0.37
4841,2021-01-24,MAR,881,339,542,3,878,0,ITI,ITI3,11,Marche,Marche,1525271,1317658,86.39,0.06
4842,2021-06-30,MAR,13649,6663,6986,4452,8986,211,ITI,ITI3,11,Marche,Marche,1525271,1331307,87.28,0.89
4843,2021-05-04,MAR,10975,4841,6134,4927,5905,143,ITI,ITI3,11,Marche,Marche,1525271,1342282,88.0,0.72
4844,2021-08-14,MAR,2400,1378,1022,1033,1318,49,ITI,ITI3,11,Marche,Marche,1525271,1344682,88.16,0.16
4845,2021-02-10,MAR,1440,452,988,1039,359,42,ITI,ITI3,11,Marche,Marche,1525271,1346122,88.25,0.09
4846,2021-06-11,MAR,14003,7156,6847,11374,2324,305,ITI,ITI3,11,Marche,Marche,1525271,1360125,89.17,0.92
4847,2021-05-10,MAR,9452,4338,5114,4761,4555,136,ITI,ITI3,11,Marche,Marche,1525271,1369577,89.79,0.62
4848,2021-03-14,MAR,2499,1032,1467,1897,592,10,ITI,ITI3,11,Marche,Marche,1525271,1372076,89.96,0.16
4849,2021-03-21,MAR,4506,1873,2633,1612,2877,17,ITI,ITI3,11,Marche,Marche,1525271,1376582,90.25,0.3
4850,2021-02-06,MAR,2463,902,1561,512,1942,9,ITI,ITI3,11,Marche,Marche,1525271,1379045,90.41,0.16
4851,2021-07-31,MAR,13203,7250,5953,5142,7731,330,ITI,ITI3,11,Marche,Marche,1525271,1392248,91.28,0.87
4852,2021-07-14,MAR,13851,6818,7033,1784,11875,192,ITI,ITI3,11,Marche,Marche,1525271,1406099,92.19,0.91
4853,2021-01-10,MAR,1746,702,1044,1732,0,14,ITI,ITI3,11,Marche,Marche,1525271,1407845,92.3,0.11
4854,2021-07-12,MAR,13724,6805,6919,1228,12378,118,ITI,ITI3,11,Marche,Marche,1525271,1421569,93.2,0.9
4855,2021-03-08,MAR,6301,2762,3539,5189,1002,110,ITI,ITI3,11,Marche,Marche,1525271,1427870,93.61,0.41
4856,2021-02-05,MAR,2158,655,1503,438,1719,1,ITI,ITI3,11,Marche,Marche,1525271,1430028,93.76,0.14
4857,2021-05-16,MAR,10899,4958,5941,6547,4231,121,ITI,ITI3,11,Marche,Marche,1525271,1440927,94.47,0.71
4858,2021-05-30,MAR,9735,4690,5045,6546,2992,197,ITI,ITI3,11,Marche,Marche,1525271,1450662,95.11,0.64
4859,2021-05-11,MAR,10624,4832,5792,5491,4943,190,ITI,ITI3,11,Marche,Marche,1525271,1461286,95.81,0.7
4860,2021-03-15,MAR,4452,2061,2391,1291,3140,21,ITI,ITI3,11,Marche,Marche,1525271,1465738,96.1,0.29
4861,2021-08-19,MAR,6272,3346,2926,3490,2453,329,ITI,ITI3,11,Marche,Marche,1525271,1472010,96.51,0.41
4862,2021-06-23,MAR,13892,6818,7074,6626,7010,256,ITI,ITI3,11,Marche,Marche,1525271,1485902,97.42,0.91
4863,2021-03-20,MAR,4178,1759,2419,1035,3129,14,ITI,ITI3,11,Marche,Marche,1525271,1490080,97.69,0.27
4864,2021-01-22,MAR,489,168,321,193,294,2,ITI,ITI3,11,Marche,Marche,1525271,1490569,97.72,0.03
4865,2021-07-07,MAR,14260,7069,7191,2938,11080,242,ITI,ITI3,11,Marche,Marche,1525271,1504829,98.66,0.93
4866,2021-05-25,MAR,11769,5798,5971,8497,3052,220,ITI,ITI3,11,Marche,Marche,1525271,1516598,99.43,0.77
4867,2021-03-01,MAR,3772,1520,2252,3503,248,21,ITI,ITI3,11,Marche,Marche,1525271,1520370,99.68,0.25
4868,2021-07-17,MAR,15139,7792,7347,1384,13544,211,ITI,ITI3,11,Marche,Marche,1525271,1535509,100.67,0.99
4869,2021-05-21,MAR,13909,6594,7315,7225,6472,212,ITI,ITI3,11,Marche,Marche,1525271,1549418,101.58,0.91
4870,2021-08-29,MAR,453,255,198,245,182,26,ITI,ITI3,11,Marche,Marche,1525271,1549871,101.61,0.03
4871,2021-05-28,MAR,13963,6741,7222,8801,4864,298,ITI,ITI3,11,Marche,Marche,1525271,1563834,102.53,0.92
4872,2021-04-01,MAR,7578,3185,4393,4065,3418,95,ITI,ITI3,11,Marche,Marche,1525271,1571412,103.03,0.5
4873,2021-04-27,MAR,9595,4390,5205,5508,3990,97,ITI,ITI3,11,Marche,Marche,1525271,1581007,103.65,0.63
4874,2021-01-17,MAR,1624,695,929,1554,64,6,ITI,ITI3,11,Marche,Marche,1525271,1582631,103.76,0.11
4875,2021-07-02,MAR,14552,7177,7375,4674,9647,231,ITI,ITI3,11,Marche,Marche,1525271,1597183,104.71,0.95
4876,2021-06-18,MAR,15347,7647,7700,8293,6753,301,ITI,ITI3,11,Marche,Marche,1525271,1612530,105.72,1.01
4877,2021-04-03,MAR,7577,3204,4373,6736,667,174,ITI,ITI3,11,Marche,Marche,1525271,1620107,106.22,0.5
4878,2021-06-25,MAR,14344,7171,7173,6418,7637,289,ITI,ITI3,11,Marche,Marche,1525271,1634451,107.16,0.94
4879,2021-07-24,MAR,13274,7116,6158,2943,10074,257,ITI,ITI3,11,Marche,Marche,1525271,1647725,108.03,0.87
4880,2021-07-10,MAR,14160,7233,6927,1656,12301,203,ITI,ITI3,11,Marche,Marche,1525271,1661885,108.96,0.93
4881,2021-04-22,MAR,10798,4931,5867,9078,1579,141,ITI,ITI3,11,Marche,Marche,1525271,1672683,109.66,0.71
4882,2021-02-24,MAR,3534,1547,1987,3424,78,32,ITI,ITI3,11,Marche,Marche,1525271,1676217,109.9,0.23
4883,2021-06-04,MAR,14338,7290,7048,11588,2440,310,ITI,ITI3,11,Marche,Marche,1525271,1690555,110.84,0.94
4884,2021-04-08,MAR,9489,4157,5332,8961,370,158,ITI,ITI3,11,Marche,Marche,1525271,1700044,111.46,0.62
4885,2021-03-03,MAR,6701,3077,3624,5717,885,99,ITI,ITI3,11,Marche,Marche,1525271,1706745,111.9,0.44
4886,2021-01-05,MAR,1586,593,993,1567,0,19,ITI,ITI3,11,Marche,Marche,1525271,1708331,112.0,0.1
4887,2021-08-07,MAR,9453,5194,4259,3473,5742,238,ITI,ITI3,11,Marche,Marche,1525271,1717784,112.62,0.62
4888,2021-07-21,MAR,14921,7618,7303,2065,12643,213,ITI,ITI3,11,Marche,Marche,1525271,1732705,113.6,0.98
4889,2021-04-29,MAR,13450,6158,7292,7162,6105,183,ITI,ITI3,11,Marche,Marche,1525271,1746155,114.48,0.88
4890,2021-04-15,MAR,10379,4676,5703,9573,564,242,ITI,ITI3,11,Marche,Marche,1525271,1756534,115.16,0.68
4891,2021-02-17,MAR,1828,701,1127,1642,118,68,ITI,ITI3,11,Marche,Marche,1525271,1758362,115.28,0.12
4892,2021-04-24,MAR,12173,5367,6806,7559,4467,147,ITI,ITI3,11,Marche,Marche,1525271,1770535,116.08,0.8
4893,2021-02-26,MAR,3680,1524,2156,3097,478,105,ITI,ITI3,11,Marche,Marche,1525271,1774215,116.32,0.24
4894,2021-05-12,MAR,10430,4691,5739,4732,5505,193,ITI,ITI3,11,Marche,Marche,1525271,1784645,117.01,0.68
4895,2021-08-20,MAR,4965,2694,2271,2954,1687,324,ITI,ITI3,11,Marche,Marche,1525271,1789610,117.33,0.33
4896,2021-07-08,MAR,15040,7539,7501,2788,12027,225,ITI,ITI3,11,Marche,Marche,1525271,1804650,118.32,0.99
4897,2021-08-27,MAR,5715,3050,2665,2800,2514,401,ITI,ITI3,11,Marche,Marche,1525271,1810365,118.69,0.37
4898,2021-07-01,MAR,14696,7367,7329,4659,9759,278,ITI,ITI3,11,Marche,Marche,1525271,1825061,119.65,0.96
4899,2021-02-15,MAR,967,412,555,939,13,15,ITI,ITI3,11,Marche,Marche,1525271,1826028,119.72,0.06
4900,2021-05-26,MAR,11890,5953,5937,8449,3227,214,ITI,ITI3,11,Marche,Marche,1525271,1837918,120.5,0.78
4901,2021-03-30,MAR,7486,3079,4407,4578,2833,75,ITI,ITI3,11,Marche,Marche,1525271,1845404,120.99,0.49
4902,2021-02-01,MAR,1362,479,883,93,1266,3,ITI,ITI3,11,Marche,Marche,1525271,1846766,121.08,0.09
4903,2021-04-06,MAR,8877,3693,5184,7930,810,137,ITI,ITI3,11,Marche,Marche,1525271,1855643,121.66,0.58
4904,2021-03-23,MAR,5839,2557,3282,2225,3576,38,ITI,ITI3,11,Marche,Marche,1525271,1861482,122.04,0.38
4905,2021-02-08,MAR,834,259,575,366,463,5,ITI,ITI3,11,Marche,Marche,1525271,1862316,122.1,0.05
4906,2021-07-15,MAR,16009,8286,7723,1750,14031,228,ITI,ITI3,11,Marche,Marche,1525271,1878325,123.15,1.05
4907,2021-05-19,MAR,11665,5364,6301,8367,3101,197,ITI,ITI3,11,Marche,Marche,1525271,1889990,123.91,0.76
4908,2021-04-17,MAR,11706,5318,6388,10396,1073,237,ITI,ITI3,11,Marche,Marche,1525271,1901696,124.68,0.77
4909,2021-07-26,MAR,11029,5736,5293,2109,8715,205,ITI,ITI3,11,Marche,Marche,1525271,1912725,125.4,0.72
4910,2021-08-09,MAR,9094,4828,4266,4051,4770,273,ITI,ITI3,11,Marche,Marche,1525271,1921819,126.0,0.6
4911,2021-06-13,MAR,10752,5566,5186,9204,1299,249,ITI,ITI3,11,Marche,Marche,1525271,1932571,126.7,0.7
4912,2020-12-27,MAR,209,100,109,207,0,2,ITI,ITI3,11,Marche,Marche,1525271,1932780,126.72,0.01
4913,2021-08-02,MAR,11724,6208,5516,4599,6867,258,ITI,ITI3,11,Marche,Marche,1525271,1944504,127.49,0.77
4914,2021-06-06,MAR,12452,6137,6315,10639,1578,235,ITI,ITI3,11,Marche,Marche,1525271,1956956,128.3,0.82
4915,2021-01-26,MOL,450,184,266,8,442,0,ITF,ITF2,14,Molise,Molise,305617,450,0.15,0.15
4916,2021-05-06,MOL,2702,1222,1480,2050,607,45,ITF,ITF2,14,Molise,Molise,305617,3152,1.03,0.88
4917,2021-07-28,MOL,2443,1294,1149,1144,1267,32,ITF,ITF2,14,Molise,Molise,305617,5595,1.83,0.8
4918,2021-03-24,MOL,1634,658,976,1214,402,18,ITF,ITF2,14,Molise,Molise,305617,7229,2.37,0.53
4919,2021-07-02,MOL,2693,1307,1386,137,2547,9,ITF,ITF2,14,Molise,Molise,305617,9922,3.25,0.88
4920,2021-07-04,MOL,2155,1088,1067,581,1551,23,ITF,ITF2,14,Molise,Molise,305617,12077,3.95,0.71
4921,2021-07-14,MOL,3411,1670,1741,200,3195,16,ITF,ITF2,14,Molise,Molise,305617,15488,5.07,1.12
4922,2021-04-05,MOL,391,189,202,292,99,0,ITF,ITF2,14,Molise,Molise,305617,15879,5.2,0.13
4923,2021-03-29,MOL,2039,836,1203,1518,489,32,ITF,ITF2,14,Molise,Molise,305617,17918,5.86,0.67
4924,2021-01-31,MOL,268,70,198,6,262,0,ITF,ITF2,14,Molise,Molise,305617,18186,5.95,0.09
4925,2021-02-07,MOL,67,32,35,20,47,0,ITF,ITF2,14,Molise,Molise,305617,18253,5.97,0.02
4926,2021-05-18,MOL,1663,887,776,998,658,7,ITF,ITF2,14,Molise,Molise,305617,19916,6.52,0.54
4927,2021-03-22,MOL,1153,443,710,891,245,17,ITF,ITF2,14,Molise,Molise,305617,21069,6.89,0.38
4928,2021-07-23,MOL,2920,1520,1400,874,1992,54,ITF,ITF2,14,Molise,Molise,305617,23989,7.85,0.96
4929,2021-08-28,MOL,1722,958,764,643,1063,16,ITF,ITF2,14,Molise,Molise,305617,25711,8.41,0.56
4930,2021-06-27,MOL,2379,1127,1252,1136,1232,11,ITF,ITF2,14,Molise,Molise,305617,28090,9.19,0.78
4931,2021-01-07,MOL,600,209,391,600,0,0,ITF,ITF2,14,Molise,Molise,305617,28690,9.39,0.2
4932,2021-02-12,MOL,337,152,185,212,124,1,ITF,ITF2,14,Molise,Molise,305617,29027,9.5,0.11
4933,2021-08-23,MOL,1721,932,789,270,1438,13,ITF,ITF2,14,Molise,Molise,305617,30748,10.06,0.56
4934,2021-02-19,MOL,171,95,76,169,2,0,ITF,ITF2,14,Molise,Molise,305617,30919,10.12,0.06
4935,2021-03-10,MOL,1745,722,1023,1673,50,22,ITF,ITF2,14,Molise,Molise,305617,32664,10.69,0.57
4936,2021-06-01,MOL,2616,1329,1287,2466,109,41,ITF,ITF2,14,Molise,Molise,305617,35280,11.54,0.86
4937,2021-08-11,MOL,2022,1057,965,1149,815,58,ITF,ITF2,14,Molise,Molise,305617,37302,12.21,0.66
4938,2021-01-12,MOL,336,114,222,336,0,0,ITF,ITF2,14,Molise,Molise,305617,37638,12.32,0.11
4939,2021-07-16,MOL,3075,1558,1517,386,2661,28,ITF,ITF2,14,Molise,Molise,305617,40713,13.32,1.01
4940,2021-07-09,MOL,3440,1652,1788,167,3255,18,ITF,ITF2,14,Molise,Molise,305617,44153,14.45,1.13
4941,2021-08-16,MOL,1782,923,859,825,941,16,ITF,ITF2,14,Molise,Molise,305617,45935,15.03,0.58
4942,2021-03-15,MOL,834,340,494,570,245,19,ITF,ITF2,14,Molise,Molise,305617,46769,15.3,0.27
4943,2021-02-24,MOL,671,281,390,326,337,8,ITF,ITF2,14,Molise,Molise,305617,47440,15.52,0.22
4944,2021-05-13,MOL,3051,1418,1633,2538,460,53,ITF,ITF2,14,Molise,Molise,305617,50491,16.52,1.0
4945,2021-08-21,MOL,2135,1203,932,1080,1014,41,ITF,ITF2,14,Molise,Molise,305617,52626,17.22,0.7
4946,2021-08-04,MOL,2518,1305,1213,959,1541,18,ITF,ITF2,14,Molise,Molise,305617,55144,18.04,0.82
4947,2021-04-28,MOL,1699,926,773,472,1220,7,ITF,ITF2,14,Molise,Molise,305617,56843,18.6,0.56
4948,2021-08-06,MOL,2327,1229,1098,1081,1204,42,ITF,ITF2,14,Molise,Molise,305617,59170,19.36,0.76
4949,2021-01-17,MOL,78,38,40,48,30,0,ITF,ITF2,14,Molise,Molise,305617,59248,19.39,0.03
4950,2021-04-10,MOL,2647,1264,1383,2456,152,39,ITF,ITF2,14,Molise,Molise,305617,61895,20.25,0.87
4951,2021-02-05,MOL,596,270,326,55,541,0,ITF,ITF2,14,Molise,Molise,305617,62491,20.45,0.2
4952,2021-01-19,MOL,174,63,111,163,11,0,ITF,ITF2,14,Molise,Molise,305617,62665,20.5,0.06
4953,2021-04-29,MOL,2244,1148,1096,878,1351,15,ITF,ITF2,14,Molise,Molise,305617,64909,21.24,0.73
4954,2021-04-12,MOL,1300,557,743,1038,251,11,ITF,ITF2,14,Molise,Molise,305617,66209,21.66,0.43
4955,2021-07-21,MOL,2081,1045,1036,788,1252,41,ITF,ITF2,14,Molise,Molise,305617,68290,22.34,0.68
4956,2021-05-20,MOL,2679,1382,1297,2406,189,84,ITF,ITF2,14,Molise,Molise,305617,70969,23.22,0.88
4957,2021-05-25,MOL,1972,890,1082,1304,632,36,ITF,ITF2,14,Molise,Molise,305617,72941,23.87,0.65
4958,2021-01-04,MOL,314,131,183,314,0,0,ITF,ITF2,14,Molise,Molise,305617,73255,23.97,0.1
4959,2021-03-17,MOL,914,386,528,521,333,60,ITF,ITF2,14,Molise,Molise,305617,74169,24.27,0.3
4960,2021-06-25,MOL,3449,1696,1753,1474,1917,58,ITF,ITF2,14,Molise,Molise,305617,77618,25.4,1.13
4961,2021-06-08,MOL,2900,1601,1299,2201,696,3,ITF,ITF2,14,Molise,Molise,305617,80518,26.35,0.95
4962,2021-03-31,MOL,2199,920,1279,1308,820,71,ITF,ITF2,14,Molise,Molise,305617,82717,27.07,0.72
4963,2021-08-30,MOL,1486,811,675,201,1267,18,ITF,ITF2,14,Molise,Molise,305617,84203,27.55,0.49
4964,2021-06-24,MOL,3346,1557,1789,440,2868,38,ITF,ITF2,14,Molise,Molise,305617,87549,28.65,1.09
4965,2021-03-02,MOL,671,385,286,507,158,6,ITF,ITF2,14,Molise,Molise,305617,88220,28.87,0.22
4966,2021-06-10,MOL,2603,1195,1408,1258,1301,44,ITF,ITF2,14,Molise,Molise,305617,90823,29.72,0.85
4967,2021-04-02,MOL,1465,714,751,663,781,21,ITF,ITF2,14,Molise,Molise,305617,92288,30.2,0.48
4968,2021-07-11,MOL,2459,1197,1262,181,2274,4,ITF,ITF2,14,Molise,Molise,305617,94747,31.0,0.8
4969,2021-05-01,MOL,2654,1272,1382,407,2228,19,ITF,ITF2,14,Molise,Molise,305617,97401,31.87,0.87
4970,2021-03-05,MOL,1229,654,575,1007,209,13,ITF,ITF2,14,Molise,Molise,305617,98630,32.27,0.4
4971,2021-08-09,MOL,3439,1779,1660,1631,1759,49,ITF,ITF2,14,Molise,Molise,305617,102069,33.4,1.13
4972,2021-06-13,MOL,2916,1554,1362,2549,328,39,ITF,ITF2,14,Molise,Molise,305617,104985,34.35,0.95
4973,2021-04-17,MOL,3064,1507,1557,1543,1493,28,ITF,ITF2,14,Molise,Molise,305617,108049,35.35,1.0
4974,2021-02-21,MOL,576,227,349,574,2,0,ITF,ITF2,14,Molise,Molise,305617,108625,35.54,0.19
4975,2021-02-04,MOL,762,296,466,78,684,0,ITF,ITF2,14,Molise,Molise,305617,109387,35.79,0.25
4976,2021-05-15,MOL,2992,1406,1586,2551,387,54,ITF,ITF2,14,Molise,Molise,305617,112379,36.77,0.98
4977,2021-03-07,MOL,1133,501,632,1128,2,3,ITF,ITF2,14,Molise,Molise,305617,113512,37.14,0.37
4978,2021-06-15,MOL,2239,1053,1186,765,1457,17,ITF,ITF2,14,Molise,Molise,305617,115751,37.87,0.73
4979,2021-06-17,MOL,2315,1022,1293,916,1371,28,ITF,ITF2,14,Molise,Molise,305617,118066,38.63,0.76
4980,2021-09-01,MOL,1585,834,751,373,1192,20,ITF,ITF2,14,Molise,Molise,305617,119651,39.15,0.52
4981,2021-01-09,MOL,453,154,299,453,0,0,ITF,ITF2,14,Molise,Molise,305617,120104,39.3,0.15
4982,2021-04-19,MOL,1830,843,987,988,780,62,ITF,ITF2,14,Molise,Molise,305617,121934,39.9,0.6
4983,2021-04-14,MOL,1812,769,1043,1136,665,11,ITF,ITF2,14,Molise,Molise,305617,123746,40.49,0.59
4984,2021-02-16,MOL,158,72,86,151,6,1,ITF,ITF2,14,Molise,Molise,305617,123904,40.54,0.05
4985,2021-05-27,MOL,2846,1352,1494,1969,841,36,ITF,ITF2,14,Molise,Molise,305617,126750,41.47,0.93
4986,2021-07-25,MOL,2014,1063,951,355,1644,15,ITF,ITF2,14,Molise,Molise,305617,128764,42.13,0.66
4987,2021-05-29,MOL,2372,1235,1137,1938,393,41,ITF,ITF2,14,Molise,Molise,305617,131136,42.91,0.78
4988,2021-02-23,MOL,585,223,362,362,221,2,ITF,ITF2,14,Molise,Molise,305617,131721,43.1,0.19
4989,2021-06-03,MOL,3313,1578,1735,2713,560,40,ITF,ITF2,14,Molise,Molise,305617,135034,44.18,1.08
4990,2021-04-07,MOL,1692,849,843,1371,275,46,ITF,ITF2,14,Molise,Molise,305617,136726,44.74,0.55
4991,2021-06-05,MOL,3020,1527,1493,2816,174,30,ITF,ITF2,14,Molise,Molise,305617,139746,45.73,0.99
4992,2021-07-18,MOL,1769,890,879,126,1634,9,ITF,ITF2,14,Molise,Molise,305617,141515,46.3,0.58
4993,2021-02-02,MOL,540,176,364,216,323,1,ITF,ITF2,14,Molise,Molise,305617,142055,46.48,0.18
4994,2021-01-16,MOL,422,166,256,422,0,0,ITF,ITF2,14,Molise,Molise,305617,142477,46.62,0.14
4995,2021-04-26,MOL,1159,521,638,810,331,18,ITF,ITF2,14,Molise,Molise,305617,143636,47.0,0.38
4996,2021-04-09,MOL,2330,1254,1076,2108,191,31,ITF,ITF2,14,Molise,Molise,305617,145966,47.76,0.76
4997,2021-01-18,MOL,115,48,67,115,0,0,ITF,ITF2,14,Molise,Molise,305617,146081,47.8,0.04
4998,2021-03-26,MOL,2584,1046,1538,1892,645,47,ITF,ITF2,14,Molise,Molise,305617,148665,48.64,0.85
4999,2021-08-13,MOL,1533,798,735,1120,384,29,ITF,ITF2,14,Molise,Molise,305617,150198,49.15,0.5
5000,2021-05-08,MOL,2992,1459,1533,1705,1249,38,ITF,ITF2,14,Molise,Molise,305617,153190,50.12,0.98
5001,2021-04-21,MOL,1879,796,1083,970,902,7,ITF,ITF2,14,Molise,Molise,305617,155069,50.74,0.61
5002,2021-07-30,MOL,2685,1391,1294,1438,1191,56,ITF,ITF2,14,Molise,Molise,305617,157754,51.62,0.88
5003,2021-02-11,MOL,295,133,162,258,37,0,ITF,ITF2,14,Molise,Molise,305617,158049,51.71,0.1
5004,2021-05-22,MOL,2289,1186,1103,2181,88,20,ITF,ITF2,14,Molise,Molise,305617,160338,52.46,0.75
5005,2021-02-09,MOL,360,170,190,197,163,0,ITF,ITF2,14,Molise,Molise,305617,160698,52.58,0.12
5006,2021-08-01,MOL,961,526,435,755,175,31,ITF,ITF2,14,Molise,Molise,305617,161659,52.9,0.31
5007,2021-08-03,MOL,2202,1144,1058,1216,952,34,ITF,ITF2,14,Molise,Molise,305617,163861,53.62,0.72
5008,2021-07-13,MOL,2812,1427,1385,320,2475,17,ITF,ITF2,14,Molise,Molise,305617,166673,54.54,0.92
5009,2021-02-28,MOL,837,336,501,792,43,2,ITF,ITF2,14,Molise,Molise,305617,167510,54.81,0.27
5010,2021-02-27,MOL,1370,570,800,1346,19,5,ITF,ITF2,14,Molise,Molise,305617,168880,55.26,0.45
5011,2021-06-07,MOL,1969,864,1105,1124,820,25,ITF,ITF2,14,Molise,Molise,305617,170849,55.9,0.64
5012,2021-02-13,MOL,132,80,52,132,0,0,ITF,ITF2,14,Molise,Molise,305617,170981,55.95,0.04
5013,2021-03-04,MOL,852,417,435,515,325,12,ITF,ITF2,14,Molise,Molise,305617,171833,56.22,0.28
5014,2021-06-12,MOL,5948,3058,2890,5661,203,84,ITF,ITF2,14,Molise,Molise,305617,177781,58.17,1.95
5015,2021-08-17,MOL,1664,877,787,339,1310,15,ITF,ITF2,14,Molise,Molise,305617,179445,58.72,0.54
5016,2021-06-14,MOL,1645,816,829,546,1082,17,ITF,ITF2,14,Molise,Molise,305617,181090,59.25,0.54
5017,2021-06-20,MOL,423,174,249,48,371,4,ITF,ITF2,14,Molise,Molise,305617,181513,59.39,0.14
5018,2021-04-24,MOL,2560,1208,1352,698,1847,15,ITF,ITF2,14,Molise,Molise,305617,184073,60.23,0.84
5019,2021-02-26,MOL,564,261,303,490,73,1,ITF,ITF2,14,Molise,Molise,305617,184637,60.41,0.18
5020,2021-08-02,MOL,2704,1411,1293,1193,1467,44,ITF,ITF2,14,Molise,Molise,305617,187341,61.3,0.88
5021,2021-06-06,MOL,2094,1078,1016,1751,324,19,ITF,ITF2,14,Molise,Molise,305617,189435,61.98,0.69
5022,2021-03-19,MOL,1188,484,704,743,428,17,ITF,ITF2,14,Molise,Molise,305617,190623,62.37,0.39
5023,2021-01-21,MOL,6,2,4,6,0,0,ITF,ITF2,14,Molise,Molise,305617,190629,62.38,0.0
5024,2021-02-18,MOL,321,74,247,304,13,4,ITF,ITF2,14,Molise,Molise,305617,190950,62.48,0.11
5025,2021-03-09,MOL,1334,582,752,1152,154,28,ITF,ITF2,14,Molise,Molise,305617,192284,62.92,0.44
5026,2021-02-20,MOL,1020,443,577,1000,20,0,ITF,ITF2,14,Molise,Molise,305617,193304,63.25,0.33
5027,2021-05-31,MOL,2377,1155,1222,1907,427,43,ITF,ITF2,14,Molise,Molise,305617,195681,64.03,0.78
5028,2021-05-14,MOL,2653,1220,1433,1894,722,37,ITF,ITF2,14,Molise,Molise,305617,198334,64.9,0.87
5029,2021-04-11,MOL,1200,594,606,1167,14,19,ITF,ITF2,14,Molise,Molise,305617,199534,65.29,0.39
5030,2021-07-20,MOL,2178,1101,1077,1017,1114,47,ITF,ITF2,14,Molise,Molise,305617,201712,66.0,0.71
5031,2021-07-03,MOL,2747,1383,1364,571,2156,20,ITF,ITF2,14,Molise,Molise,305617,204459,66.9,0.9
5032,2021-08-08,MOL,890,466,424,648,227,15,ITF,ITF2,14,Molise,Molise,305617,205349,67.19,0.29
5033,2021-07-22,MOL,2220,1097,1123,842,1323,55,ITF,ITF2,14,Molise,Molise,305617,207569,67.92,0.73
5034,2021-03-11,MOL,1472,641,831,1451,6,15,ITF,ITF2,14,Molise,Molise,305617,209041,68.4,0.48
5035,2021-01-06,MOL,690,260,430,690,0,0,ITF,ITF2,14,Molise,Molise,305617,209731,68.63,0.23
5036,2021-04-16,MOL,2435,1035,1400,1178,1234,23,ITF,ITF2,14,Molise,Molise,305617,212166,69.42,0.8
5037,2021-06-21,MOL,2927,1362,1565,1643,1237,47,ITF,ITF2,14,Molise,Molise,305617,215093,70.38,0.96
5038,2021-04-25,MOL,794,397,397,557,233,4,ITF,ITF2,14,Molise,Molise,305617,215887,70.64,0.26
5039,2021-08-29,MOL,1429,778,651,110,1311,8,ITF,ITF2,14,Molise,Molise,305617,217316,71.11,0.47
5040,2021-05-24,MOL,1974,858,1116,1274,672,28,ITF,ITF2,14,Molise,Molise,305617,219290,71.75,0.65
5041,2021-05-07,MOL,2657,1236,1421,2021,599,37,ITF,ITF2,14,Molise,Molise,305617,221947,72.62,0.87
5042,2021-04-18,MOL,1087,484,603,143,937,7,ITF,ITF2,14,Molise,Molise,305617,223034,72.98,0.36
5043,2021-07-27,MOL,1928,1064,864,1315,551,62,ITF,ITF2,14,Molise,Molise,305617,224962,73.61,0.63
5044,2021-07-10,MOL,3731,1783,1948,324,3393,14,ITF,ITF2,14,Molise,Molise,305617,228693,74.83,1.22
5045,2021-04-04,MOL,253,141,112,231,15,7,ITF,ITF2,14,Molise,Molise,305617,228946,74.91,0.08
5046,2021-03-16,MOL,615,230,385,265,348,2,ITF,ITF2,14,Molise,Molise,305617,229561,75.11,0.2
5047,2021-01-20,MOL,18,8,10,18,0,0,ITF,ITF2,14,Molise,Molise,305617,229579,75.12,0.01
5048,2021-04-30,MOL,2951,1563,1388,821,2115,15,ITF,ITF2,14,Molise,Molise,305617,232530,76.09,0.97
5049,2021-02-25,MOL,543,239,304,471,69,3,ITF,ITF2,14,Molise,Molise,305617,233073,76.26,0.18
5050,2021-08-10,MOL,1926,1046,880,687,1207,32,ITF,ITF2,14,Molise,Molise,305617,234999,76.89,0.63
5051,2021-08-20,MOL,2457,1293,1164,504,1935,18,ITF,ITF2,14,Molise,Molise,305617,237456,77.7,0.8
5052,2021-01-28,MOL,615,217,398,17,598,0,ITF,ITF2,14,Molise,Molise,305617,238071,77.9,0.2
5053,2021-03-12,MOL,1466,640,826,1407,36,23,ITF,ITF2,14,Molise,Molise,305617,239537,78.38,0.48
5054,2021-01-13,MOL,480,163,317,480,0,0,ITF,ITF2,14,Molise,Molise,305617,240017,78.54,0.16
5055,2021-06-19,MOL,2360,1175,1185,1291,1023,46,ITF,ITF2,14,Molise,Molise,305617,242377,79.31,0.77
5056,2021-04-23,MOL,2059,886,1173,1378,662,19,ITF,ITF2,14,Molise,Molise,305617,244436,79.98,0.67
5057,2021-08-26,MOL,1723,934,789,307,1410,6,ITF,ITF2,14,Molise,Molise,305617,246159,80.54,0.56
5058,2021-08-22,MOL,389,202,187,3,386,0,ITF,ITF2,14,Molise,Molise,305617,246548,80.67,0.13
5059,2021-06-02,MOL,2823,1366,1457,2697,100,26,ITF,ITF2,14,Molise,Molise,305617,249371,81.6,0.92
5060,2021-01-11,MOL,558,194,364,558,0,0,ITF,ITF2,14,Molise,Molise,305617,249929,81.78,0.18
5061,2021-07-29,MOL,2456,1259,1197,1590,820,46,ITF,ITF2,14,Molise,Molise,305617,252385,82.58,0.8
5062,2021-01-25,MOL,319,130,189,3,316,0,ITF,ITF2,14,Molise,Molise,305617,252704,82.69,0.1
5063,2021-03-18,MOL,1159,477,682,635,465,59,ITF,ITF2,14,Molise,Molise,305617,253863,83.07,0.38
5064,2021-06-26,MOL,3134,1540,1594,530,2589,15,ITF,ITF2,14,Molise,Molise,305617,256997,84.09,1.03
5065,2021-02-10,MOL,151,79,72,131,20,0,ITF,ITF2,14,Molise,Molise,305617,257148,84.14,0.05
5066,2021-05-21,MOL,2203,1105,1098,1793,326,84,ITF,ITF2,14,Molise,Molise,305617,259351,84.86,0.72
5067,2021-01-27,MOL,675,251,424,8,667,0,ITF,ITF2,14,Molise,Molise,305617,260026,85.08,0.22
5068,2021-08-12,MOL,1464,761,703,1027,399,38,ITF,ITF2,14,Molise,Molise,305617,261490,85.56,0.48
5069,2021-01-29,MOL,424,137,287,6,418,0,ITF,ITF2,14,Molise,Molise,305617,261914,85.7,0.14
5070,2021-05-09,MOL,2065,940,1125,1931,98,36,ITF,ITF2,14,Molise,Molise,305617,263979,86.38,0.68
5071,2021-07-07,MOL,2960,1369,1591,57,2899,4,ITF,ITF2,14,Molise,Molise,305617,266939,87.34,0.97
5072,2021-05-11,MOL,3231,1424,1807,2915,254,62,ITF,ITF2,14,Molise,Molise,305617,270170,88.4,1.06
5073,2021-08-19,MOL,2281,1145,1136,606,1648,27,ITF,ITF2,14,Molise,Molise,305617,272451,89.15,0.75
5074,2021-06-30,MOL,2974,1414,1560,878,2012,84,ITF,ITF2,14,Molise,Molise,305617,275425,90.12,0.97
5075,2021-03-13,MOL,1192,597,595,184,990,18,ITF,ITF2,14,Molise,Molise,305617,276617,90.51,0.39
5076,2021-01-15,MOL,541,243,298,541,0,0,ITF,ITF2,14,Molise,Molise,305617,277158,90.69,0.18
5077,2021-07-19,MOL,2781,1357,1424,507,2247,27,ITF,ITF2,14,Molise,Molise,305617,279939,91.6,0.91
5078,2021-02-03,MOL,745,254,491,344,401,0,ITF,ITF2,14,Molise,Molise,305617,280684,91.84,0.24
5079,2021-04-27,MOL,1601,771,830,445,1131,25,ITF,ITF2,14,Molise,Molise,305617,282285,92.37,0.52
5080,2021-08-05,MOL,2286,1157,1129,1614,623,49,ITF,ITF2,14,Molise,Molise,305617,284571,93.11,0.75
5081,2021-01-14,MOL,649,240,409,649,0,0,ITF,ITF2,14,Molise,Molise,305617,285220,93.33,0.21
5082,2021-03-25,MOL,1812,732,1080,1286,498,28,ITF,ITF2,14,Molise,Molise,305617,287032,93.92,0.59
5083,2021-03-08,MOL,1391,525,866,1213,140,38,ITF,ITF2,14,Molise,Molise,305617,288423,94.37,0.46
5084,2021-06-16,MOL,2112,1043,1069,1157,940,15,ITF,ITF2,14,Molise,Molise,305617,290535,95.07,0.69
5085,2021-04-13,MOL,1633,718,915,1037,588,8,ITF,ITF2,14,Molise,Molise,305617,292168,95.6,0.53
5086,2021-03-27,MOL,2747,1275,1472,1296,1434,17,ITF,ITF2,14,Molise,Molise,305617,294915,96.5,0.9
5087,2021-07-05,MOL,2743,1285,1458,40,2701,2,ITF,ITF2,14,Molise,Molise,305617,297658,97.4,0.9
5088,2021-06-18,MOL,2779,1257,1522,1291,1460,28,ITF,ITF2,14,Molise,Molise,305617,300437,98.31,0.91
5089,2021-08-14,MOL,1620,874,746,707,894,19,ITF,ITF2,14,Molise,Molise,305617,302057,98.84,0.53
5090,2021-01-08,MOL,432,142,290,432,0,0,ITF,ITF2,14,Molise,Molise,305617,302489,98.98,0.14
5091,2021-04-01,MOL,1479,670,809,734,730,15,ITF,ITF2,14,Molise,Molise,305617,303968,99.46,0.48
5092,2021-01-22,MOL,128,36,92,128,0,0,ITF,ITF2,14,Molise,Molise,305617,304096,99.5,0.04
5093,2021-05-02,MOL,1901,935,966,580,1308,13,ITF,ITF2,14,Molise,Molise,305617,305997,100.12,0.62
5094,2021-03-06,MOL,1728,807,921,1559,159,10,ITF,ITF2,14,Molise,Molise,305617,307725,100.69,0.57
5095,2021-06-23,MOL,2800,1289,1511,222,2568,10,ITF,ITF2,14,Molise,Molise,305617,310525,101.61,0.92
5096,2021-03-20,MOL,2332,975,1357,998,1323,11,ITF,ITF2,14,Molise,Molise,305617,312857,102.37,0.76
5097,2021-06-28,MOL,2922,1362,1560,1009,1890,23,ITF,ITF2,14,Molise,Molise,305617,315779,103.33,0.96
5098,2021-05-16,MOL,1259,577,682,1053,184,22,ITF,ITF2,14,Molise,Molise,305617,317038,103.74,0.41
5099,2021-08-24,MOL,1649,890,759,230,1397,22,ITF,ITF2,14,Molise,Molise,305617,318687,104.28,0.54
5100,2021-08-07,MOL,1925,1064,861,1050,848,27,ITF,ITF2,14,Molise,Molise,305617,320612,104.91,0.63
5101,2021-05-26,MOL,1609,726,883,816,756,37,ITF,ITF2,14,Molise,Molise,305617,322221,105.43,0.53
5102,2021-03-30,MOL,2008,860,1148,1475,513,20,ITF,ITF2,14,Molise,Molise,305617,324229,106.09,0.66
5103,2021-02-01,MOL,563,201,362,14,549,0,ITF,ITF2,14,Molise,Molise,305617,324792,106.27,0.18
5104,2021-07-08,MOL,3435,1654,1781,108,3304,23,ITF,ITF2,14,Molise,Molise,305617,328227,107.4,1.12
5105,2021-05-12,MOL,2865,1300,1565,2698,98,69,ITF,ITF2,14,Molise,Molise,305617,331092,108.34,0.94
5106,2021-05-05,MOL,2471,1060,1411,2295,144,32,ITF,ITF2,14,Molise,Molise,305617,333563,109.14,0.81
5107,2021-05-04,MOL,2716,1184,1532,2551,128,37,ITF,ITF2,14,Molise,Molise,305617,336279,110.03,0.89
5108,2021-01-10,MOL,270,72,198,270,0,0,ITF,ITF2,14,Molise,Molise,305617,336549,110.12,0.09
5109,2021-04-20,MOL,2331,1033,1298,1213,1109,9,ITF,ITF2,14,Molise,Molise,305617,338880,110.88,0.76
5110,2021-06-09,MOL,1815,912,903,858,928,29,ITF,ITF2,14,Molise,Molise,305617,340695,111.48,0.59
5111,2021-05-23,MOL,1784,897,887,1743,9,32,ITF,ITF2,14,Molise,Molise,305617,342479,112.06,0.58
5112,2021-08-31,MOL,1201,656,545,233,959,9,ITF,ITF2,14,Molise,Molise,305617,343680,112.45,0.39
5113,2021-05-30,MOL,1874,935,939,1560,286,28,ITF,ITF2,14,Molise,Molise,305617,345554,113.07,0.61
5114,2021-04-06,MOL,1501,703,798,1133,345,23,ITF,ITF2,14,Molise,Molise,305617,347055,113.56,0.49
5115,2021-02-08,MOL,335,141,194,216,119,0,ITF,ITF2,14,Molise,Molise,305617,347390,113.67,0.11
5116,2021-07-15,MOL,3216,1618,1598,210,2991,15,ITF,ITF2,14,Molise,Molise,305617,350606,114.72,1.05
5117,2021-05-19,MOL,2355,1211,1144,1887,430,38,ITF,ITF2,14,Molise,Molise,305617,352961,115.49,0.77
5118,2021-03-23,MOL,1652,698,954,1417,210,25,ITF,ITF2,14,Molise,Molise,305617,354613,116.03,0.54
5119,2021-08-27,MOL,2118,1090,1028,414,1682,22,ITF,ITF2,14,Molise,Molise,305617,356731,116.72,0.69
5120,2021-07-01,MOL,2674,1302,1372,274,2385,15,ITF,ITF2,14,Molise,Molise,305617,359405,117.6,0.87
5121,2021-07-26,MOL,2432,1254,1178,1253,1119,60,ITF,ITF2,14,Molise,Molise,305617,361837,118.4,0.8
5122,2021-02-15,MOL,144,70,74,141,3,0,ITF,ITF2,14,Molise,Molise,305617,361981,118.44,0.05
5123,2021-03-01,MOL,663,274,389,431,215,17,ITF,ITF2,14,Molise,Molise,305617,362644,118.66,0.22
5124,2021-04-03,MOL,1779,856,923,1722,36,21,ITF,ITF2,14,Molise,Molise,305617,364423,119.24,0.58
5125,2021-07-12,MOL,2680,1322,1358,358,2301,21,ITF,ITF2,14,Molise,Molise,305617,367103,120.12,0.88
5126,2021-02-22,MOL,265,129,136,248,15,2,ITF,ITF2,14,Molise,Molise,305617,367368,120.21,0.09
5127,2020-12-27,MOL,50,20,30,50,0,0,ITF,ITF2,14,Molise,Molise,305617,367418,120.22,0.02
5128,2021-03-03,MOL,675,319,356,588,82,5,ITF,ITF2,14,Molise,Molise,305617,368093,120.44,0.22
5129,2021-01-05,MOL,449,180,269,449,0,0,ITF,ITF2,14,Molise,Molise,305617,368542,120.59,0.15
5130,2021-07-06,MOL,3067,1431,1636,38,3025,4,ITF,ITF2,14,Molise,Molise,305617,371609,121.59,1.0
5131,2021-05-10,MOL,2908,1292,1616,2500,373,35,ITF,ITF2,14,Molise,Molise,305617,374517,122.54,0.95
5132,2021-06-29,MOL,2501,1164,1337,382,2089,30,ITF,ITF2,14,Molise,Molise,305617,377018,123.36,0.82
5133,2021-05-03,MOL,2506,1179,1327,2302,163,41,ITF,ITF2,14,Molise,Molise,305617,379524,124.18,0.82
5134,2021-05-17,MOL,2231,1093,1138,1707,496,28,ITF,ITF2,14,Molise,Molise,305617,381755,124.91,0.73
5135,2021-03-21,MOL,1251,544,707,480,769,2,ITF,ITF2,14,Molise,Molise,305617,383006,125.32,0.41
5136,2021-08-25,MOL,728,366,362,186,537,5,ITF,ITF2,14,Molise,Molise,305617,383734,125.56,0.24
5137,2021-03-14,MOL,599,241,358,18,581,0,ITF,ITF2,14,Molise,Molise,305617,384333,125.76,0.2
5138,2021-08-18,MOL,1344,705,639,343,979,22,ITF,ITF2,14,Molise,Molise,305617,385677,126.2,0.44
5139,2021-06-22,MOL,2972,1372,1600,672,2280,20,ITF,ITF2,14,Molise,Molise,305617,388649,127.17,0.97
5140,2021-03-28,MOL,1629,749,880,519,1103,7,ITF,ITF2,14,Molise,Molise,305617,390278,127.7,0.53
5141,2021-01-30,MOL,465,161,304,12,453,0,ITF,ITF2,14,Molise,Molise,305617,390743,127.85,0.15
5142,2021-02-06,MOL,430,179,251,29,401,0,ITF,ITF2,14,Molise,Molise,305617,391173,127.99,0.14
5143,2021-06-04,MOL,3083,1516,1567,2591,458,34,ITF,ITF2,14,Molise,Molise,305617,394256,129.0,1.01
5144,2021-04-08,MOL,1775,908,867,1545,203,27,ITF,ITF2,14,Molise,Molise,305617,396031,129.58,0.58
5145,2021-07-17,MOL,2857,1524,1333,293,2542,22,ITF,ITF2,14,Molise,Molise,305617,398888,130.52,0.93
5146,2021-04-22,MOL,1850,867,983,1060,779,11,ITF,ITF2,14,Molise,Molise,305617,400738,131.12,0.61
5147,2021-07-31,MOL,1995,1115,880,758,1196,41,ITF,ITF2,14,Molise,Molise,305617,402733,131.78,0.65
5148,2021-02-17,MOL,72,32,40,50,15,7,ITF,ITF2,14,Molise,Molise,305617,402805,131.8,0.02
5149,2021-07-24,MOL,3140,1688,1452,731,2379,30,ITF,ITF2,14,Molise,Molise,305617,405945,132.83,1.03
5150,2021-05-28,MOL,2663,1370,1293,2043,547,73,ITF,ITF2,14,Molise,Molise,305617,408608,133.7,0.87
5151,2021-06-11,MOL,3466,1666,1800,1986,1433,47,ITF,ITF2,14,Molise,Molise,305617,412074,134.83,1.13
5152,2021-04-15,MOL,1941,801,1140,1086,849,6,ITF,ITF2,14,Molise,Molise,305617,414015,135.47,0.64
