,data,area,Vaccinazioni giornaliere,sesso_maschile,sesso_femminile,prima_dose,seconda_dose,codice_NUTS1,codice_NUTS2,codice_regione_ISTAT,nome_area,Regione,popolazione,Totale vaccinazioni,Totale vaccinazioni ogni cento ab,Vaccinazioni giornaliere ogni cento ab
0,2021-04-11,CAM,17523,8606,8917,15441,2082,ITF,ITF3,15,Campania,Campania,5801692,17523,0.3,0.3
1,2021-04-28,CAM,36409,17619,18790,26659,9750,ITF,ITF3,15,Campania,Campania,5801692,53932,0.93,0.63
2,2021-01-18,CAM,957,399,558,713,244,ITF,ITF3,15,Campania,Campania,5801692,54889,0.95,0.02
3,2021-05-17,CAM,49227,21607,27620,24088,25139,ITF,ITF3,15,Campania,Campania,5801692,104116,1.79,0.85
4,2021-02-06,CAM,5340,2665,2675,2102,3238,ITF,ITF3,15,Campania,Campania,5801692,109456,1.89,0.09
5,2021-04-30,CAM,42242,20136,22106,25794,16448,ITF,ITF3,15,Campania,Campania,5801692,151698,2.61,0.73
6,2021-02-04,CAM,7943,3429,4514,1308,6635,ITF,ITF3,15,Campania,Campania,5801692,159641,2.75,0.14
7,2021-02-11,CAM,6278,2704,3574,6212,66,ITF,ITF3,15,Campania,Campania,5801692,165919,2.86,0.11
8,2021-04-16,CAM,34304,16552,17752,23646,10658,ITF,ITF3,15,Campania,Campania,5801692,200223,3.45,0.59
9,2021-01-06,CAM,7652,3749,3903,7652,0,ITF,ITF3,15,Campania,Campania,5801692,207875,3.58,0.13
10,2021-06-07,CAM,55240,26337,28903,51602,3638,ITF,ITF3,15,Campania,Campania,5801692,263115,4.54,0.95
11,2021-02-25,CAM,12425,4478,7947,11237,1188,ITF,ITF3,15,Campania,Campania,5801692,275540,4.75,0.21
12,2021-04-09,CAM,29846,13964,15882,23719,6127,ITF,ITF3,15,Campania,Campania,5801692,305386,5.26,0.51
13,2021-06-05,CAM,76891,37175,39716,70961,5930,ITF,ITF3,15,Campania,Campania,5801692,382277,6.59,1.33
14,2021-03-16,CAM,8087,3519,4568,3773,4314,ITF,ITF3,15,Campania,Campania,5801692,390364,6.73,0.14
15,2021-01-25,CAM,5745,2927,2818,164,5581,ITF,ITF3,15,Campania,Campania,5801692,396109,6.83,0.1
16,2021-03-23,CAM,15335,7055,8280,12822,2513,ITF,ITF3,15,Campania,Campania,5801692,411444,7.09,0.26
17,2021-05-19,CAM,51018,22494,28524,34518,16500,ITF,ITF3,15,Campania,Campania,5801692,462462,7.97,0.88
18,2021-05-05,CAM,51132,24843,26289,44753,6379,ITF,ITF3,15,Campania,Campania,5801692,513594,8.85,0.88
19,2021-03-28,CAM,15552,7501,8051,13927,1625,ITF,ITF3,15,Campania,Campania,5801692,529146,9.12,0.27
20,2021-01-04,CAM,5825,2962,2863,5825,0,ITF,ITF3,15,Campania,Campania,5801692,534971,9.22,0.1
21,2021-03-09,CAM,13881,6637,7244,10096,3785,ITF,ITF3,15,Campania,Campania,5801692,548852,9.46,0.24
22,2021-05-31,CAM,40081,20081,20000,30075,10006,ITF,ITF3,15,Campania,Campania,5801692,588933,10.15,0.69
23,2021-01-30,CAM,10721,5079,5642,38,10683,ITF,ITF3,15,Campania,Campania,5801692,599654,10.34,0.18
24,2021-01-16,CAM,3369,1675,1694,3369,0,ITF,ITF3,15,Campania,Campania,5801692,603023,10.39,0.06
25,2021-01-23,CAM,3838,2028,1810,273,3565,ITF,ITF3,15,Campania,Campania,5801692,606861,10.46,0.07
26,2021-03-21,CAM,9982,4591,5391,7592,2390,ITF,ITF3,15,Campania,Campania,5801692,616843,10.63,0.17
27,2021-02-10,CAM,6904,3413,3491,6728,176,ITF,ITF3,15,Campania,Campania,5801692,623747,10.75,0.12
28,2021-04-08,CAM,28271,13639,14632,22435,5836,ITF,ITF3,15,Campania,Campania,5801692,652018,11.24,0.49
29,2021-06-04,CAM,73759,35239,38520,65061,8698,ITF,ITF3,15,Campania,Campania,5801692,725777,12.51,1.27
30,2021-05-24,CAM,31077,14899,16178,16187,14890,ITF,ITF3,15,Campania,Campania,5801692,756854,13.05,0.54
31,2021-02-13,CAM,5508,2550,2958,5291,217,ITF,ITF3,15,Campania,Campania,5801692,762362,13.14,0.09
32,2021-04-23,CAM,32301,15509,16792,23161,9140,ITF,ITF3,15,Campania,Campania,5801692,794663,13.7,0.56
33,2021-04-04,CAM,7962,4014,3948,6918,1044,ITF,ITF3,15,Campania,Campania,5801692,802625,13.83,0.14
34,2021-03-02,CAM,12757,4554,8203,8412,4345,ITF,ITF3,15,Campania,Campania,5801692,815382,14.05,0.22
35,2021-01-11,CAM,4072,1871,2201,4072,0,ITF,ITF3,15,Campania,Campania,5801692,819454,14.12,0.07
36,2021-05-26,CAM,52361,25580,26781,21455,30906,ITF,ITF3,15,Campania,Campania,5801692,871815,15.03,0.9
37,2021-01-01,CAM,919,506,413,919,0,ITF,ITF3,15,Campania,Campania,5801692,872734,15.04,0.02
38,2021-03-25,CAM,19990,9335,10655,16487,3503,ITF,ITF3,15,Campania,Campania,5801692,892724,15.39,0.34
39,2021-01-20,CAM,1257,650,607,1257,0,ITF,ITF3,15,Campania,Campania,5801692,893981,15.41,0.02
40,2021-02-18,CAM,9080,3812,5268,8372,708,ITF,ITF3,15,Campania,Campania,5801692,903061,15.57,0.16
41,2021-04-25,CAM,30731,15171,15560,25339,5392,ITF,ITF3,15,Campania,Campania,5801692,933792,16.1,0.53
42,2021-01-13,CAM,8020,3666,4354,8020,0,ITF,ITF3,15,Campania,Campania,5801692,941812,16.23,0.14
43,2021-04-18,CAM,27216,13281,13935,18318,8898,ITF,ITF3,15,Campania,Campania,5801692,969028,16.7,0.47
44,2021-01-08,CAM,10454,4967,5487,10454,0,ITF,ITF3,15,Campania,Campania,5801692,979482,16.88,0.18
45,2021-04-27,CAM,32131,15598,16533,24211,7920,ITF,ITF3,15,Campania,Campania,5801692,1011613,17.44,0.55
46,2021-02-27,CAM,13950,4473,9477,12308,1642,ITF,ITF3,15,Campania,Campania,5801692,1025563,17.68,0.24
47,2021-05-02,CAM,43493,21539,21954,32139,11354,ITF,ITF3,15,Campania,Campania,5801692,1069056,18.43,0.75
48,2021-01-22,CAM,1524,776,748,673,851,ITF,ITF3,15,Campania,Campania,5801692,1070580,18.45,0.03
49,2021-03-06,CAM,16308,6753,9555,10639,5669,ITF,ITF3,15,Campania,Campania,5801692,1086888,18.73,0.28
50,2021-05-12,CAM,40828,19923,20905,31688,9140,ITF,ITF3,15,Campania,Campania,5801692,1127716,19.44,0.7
51,2021-02-08,CAM,5113,2449,2664,4310,803,ITF,ITF3,15,Campania,Campania,5801692,1132829,19.53,0.09
52,2021-06-02,CAM,42733,20103,22630,38106,4627,ITF,ITF3,15,Campania,Campania,5801692,1175562,20.26,0.74
53,2021-02-22,CAM,10680,3294,7386,10417,263,ITF,ITF3,15,Campania,Campania,5801692,1186242,20.45,0.18
54,2021-03-11,CAM,17584,8672,8912,10306,7278,ITF,ITF3,15,Campania,Campania,5801692,1203826,20.75,0.3
55,2021-05-16,CAM,51118,23199,27919,33572,17546,ITF,ITF3,15,Campania,Campania,5801692,1254944,21.63,0.88
56,2021-02-20,CAM,8573,3080,5493,8270,303,ITF,ITF3,15,Campania,Campania,5801692,1263517,21.78,0.15
57,2021-02-03,CAM,8903,4003,4900,878,8025,ITF,ITF3,15,Campania,Campania,5801692,1272420,21.93,0.15
58,2021-05-21,CAM,63386,29339,34047,43179,20207,ITF,ITF3,15,Campania,Campania,5801692,1335806,23.02,1.09
59,2021-04-01,CAM,24338,11687,12651,20205,4133,ITF,ITF3,15,Campania,Campania,5801692,1360144,23.44,0.42
60,2021-05-28,CAM,72251,34637,37614,26640,45611,ITF,ITF3,15,Campania,Campania,5801692,1432395,24.69,1.25
61,2021-05-14,CAM,60802,27470,33332,36310,24492,ITF,ITF3,15,Campania,Campania,5801692,1493197,25.74,1.05
62,2021-04-06,CAM,24372,11420,12952,19848,4524,ITF,ITF3,15,Campania,Campania,5801692,1517569,26.16,0.42
63,2020-12-27,CAM,720,422,298,720,0,ITF,ITF3,15,Campania,Campania,5801692,1518289,26.17,0.01
64,2021-04-20,CAM,32035,15498,16537,20727,11308,ITF,ITF3,15,Campania,Campania,5801692,1550324,26.72,0.55
65,2021-03-20,CAM,13881,6428,7453,10142,3739,ITF,ITF3,15,Campania,Campania,5801692,1564205,26.96,0.24
66,2021-02-15,CAM,5470,2516,2954,5297,173,ITF,ITF3,15,Campania,Campania,5801692,1569675,27.06,0.09
67,2021-03-04,CAM,14658,5352,9306,8765,5893,ITF,ITF3,15,Campania,Campania,5801692,1584333,27.31,0.25
68,2021-05-07,CAM,59717,29181,30536,43773,15944,ITF,ITF3,15,Campania,Campania,5801692,1644050,28.34,1.03
69,2021-01-27,CAM,7738,3820,3918,162,7576,ITF,ITF3,15,Campania,Campania,5801692,1651788,28.47,0.13
70,2021-03-18,CAM,12172,5378,6794,5984,6188,ITF,ITF3,15,Campania,Campania,5801692,1663960,28.68,0.21
71,2021-04-13,CAM,26601,12682,13919,21071,5530,ITF,ITF3,15,Campania,Campania,5801692,1690561,29.14,0.46
72,2021-01-03,CAM,3836,2009,1827,3836,0,ITF,ITF3,15,Campania,Campania,5801692,1694397,29.21,0.07
73,2021-03-29,CAM,18947,9134,9813,17401,1546,ITF,ITF3,15,Campania,Campania,5801692,1713344,29.53,0.33
74,2021-01-15,CAM,4980,2381,2599,4980,0,ITF,ITF3,15,Campania,Campania,5801692,1718324,29.62,0.09
75,2021-03-13,CAM,14253,6797,7456,8971,5282,ITF,ITF3,15,Campania,Campania,5801692,1732577,29.86,0.25
76,2021-03-22,CAM,12740,5921,6819,10700,2040,ITF,ITF3,15,Campania,Campania,5801692,1745317,30.08,0.22
77,2021-02-07,CAM,2929,1382,1547,2158,771,ITF,ITF3,15,Campania,Campania,5801692,1748246,30.13,0.05
78,2021-01-17,CAM,1155,551,604,702,453,ITF,ITF3,15,Campania,Campania,5801692,1749401,30.15,0.02
79,2021-03-15,CAM,12932,6088,6844,8187,4745,ITF,ITF3,15,Campania,Campania,5801692,1762333,30.38,0.22
80,2021-05-27,CAM,72111,34650,37461,26019,46092,ITF,ITF3,15,Campania,Campania,5801692,1834444,31.62,1.24
81,2021-02-16,CAM,5440,2411,3029,4669,771,ITF,ITF3,15,Campania,Campania,5801692,1839884,31.71,0.09
82,2021-05-22,CAM,67839,32442,35397,46440,21399,ITF,ITF3,15,Campania,Campania,5801692,1907723,32.88,1.17
83,2021-03-08,CAM,14542,6717,7825,9766,4776,ITF,ITF3,15,Campania,Campania,5801692,1922265,33.13,0.25
84,2021-05-04,CAM,48468,23340,25128,39571,8897,ITF,ITF3,15,Campania,Campania,5801692,1970733,33.97,0.84
85,2021-01-24,CAM,4122,2119,2003,377,3745,ITF,ITF3,15,Campania,Campania,5801692,1974855,34.04,0.07
86,2021-05-13,CAM,55402,24812,30590,39410,15992,ITF,ITF3,15,Campania,Campania,5801692,2030257,34.99,0.95
87,2021-01-31,CAM,8067,3711,4356,23,8044,ITF,ITF3,15,Campania,Campania,5801692,2038324,35.13,0.14
88,2021-05-11,CAM,39829,19228,20601,30459,9370,ITF,ITF3,15,Campania,Campania,5801692,2078153,35.82,0.69
89,2021-05-18,CAM,52070,23148,28922,32506,19564,ITF,ITF3,15,Campania,Campania,5801692,2130223,36.72,0.9
90,2021-02-05,CAM,7260,3463,3797,2133,5127,ITF,ITF3,15,Campania,Campania,5801692,2137483,36.84,0.13
91,2021-04-29,CAM,41296,20009,21287,24821,16475,ITF,ITF3,15,Campania,Campania,5801692,2178779,37.55,0.71
92,2021-01-19,CAM,1095,474,621,1092,3,ITF,ITF3,15,Campania,Campania,5801692,2179874,37.57,0.02
93,2021-02-01,CAM,3985,1813,2172,110,3875,ITF,ITF3,15,Campania,Campania,5801692,2183859,37.64,0.07
94,2021-03-30,CAM,21729,10271,11458,18771,2958,ITF,ITF3,15,Campania,Campania,5801692,2205588,38.02,0.37
95,2021-04-17,CAM,36173,17507,18666,24667,11506,ITF,ITF3,15,Campania,Campania,5801692,2241761,38.64,0.62
96,2021-05-30,CAM,52080,25385,26695,38835,13245,ITF,ITF3,15,Campania,Campania,5801692,2293841,39.54,0.9
97,2021-02-19,CAM,9570,3559,6011,8920,650,ITF,ITF3,15,Campania,Campania,5801692,2303411,39.7,0.16
98,2020-12-31,CAM,1490,811,679,1490,0,ITF,ITF3,15,Campania,Campania,5801692,2304901,39.73,0.03
99,2021-06-06,CAM,62303,30966,31337,61672,631,ITF,ITF3,15,Campania,Campania,5801692,2367204,40.8,1.07
100,2021-02-26,CAM,13339,4230,9109,12004,1335,ITF,ITF3,15,Campania,Campania,5801692,2380543,41.03,0.23
101,2021-04-24,CAM,36330,17519,18811,25083,11247,ITF,ITF3,15,Campania,Campania,5801692,2416873,41.66,0.63
102,2021-04-10,CAM,28340,13486,14854,23427,4913,ITF,ITF3,15,Campania,Campania,5801692,2445213,42.15,0.49
103,2021-01-07,CAM,8910,4166,4744,8910,0,ITF,ITF3,15,Campania,Campania,5801692,2454123,42.3,0.15
104,2021-03-05,CAM,16483,6348,10135,9820,6663,ITF,ITF3,15,Campania,Campania,5801692,2470606,42.58,0.28
105,2021-04-05,CAM,11638,5543,6095,9215,2423,ITF,ITF3,15,Campania,Campania,5801692,2482244,42.78,0.2
106,2021-03-17,CAM,11588,5099,6489,5008,6580,ITF,ITF3,15,Campania,Campania,5801692,2493832,42.98,0.2
107,2021-03-03,CAM,13921,5494,8427,7291,6630,ITF,ITF3,15,Campania,Campania,5801692,2507753,43.22,0.24
108,2021-05-25,CAM,45967,21932,24035,22884,23083,ITF,ITF3,15,Campania,Campania,5801692,2553720,44.02,0.79
109,2021-02-02,CAM,5723,2804,2919,444,5279,ITF,ITF3,15,Campania,Campania,5801692,2559443,44.12,0.1
110,2021-03-31,CAM,22687,10906,11781,19248,3439,ITF,ITF3,15,Campania,Campania,5801692,2582130,44.51,0.39
111,2021-04-07,CAM,24757,11781,12976,20035,4722,ITF,ITF3,15,Campania,Campania,5801692,2606887,44.93,0.43
112,2021-03-24,CAM,17621,8082,9539,14664,2957,ITF,ITF3,15,Campania,Campania,5801692,2624508,45.24,0.3
113,2021-05-20,CAM,60458,27825,32633,43079,17379,ITF,ITF3,15,Campania,Campania,5801692,2684966,46.28,1.04
114,2021-02-09,CAM,4643,2202,2441,4391,252,ITF,ITF3,15,Campania,Campania,5801692,2689609,46.36,0.08
115,2021-05-29,CAM,67665,32146,35519,43927,23738,ITF,ITF3,15,Campania,Campania,5801692,2757274,47.53,1.17
116,2021-03-27,CAM,21282,10034,11248,17417,3865,ITF,ITF3,15,Campania,Campania,5801692,2778556,47.89,0.37
117,2021-06-01,CAM,41367,20339,21028,31254,10113,ITF,ITF3,15,Campania,Campania,5801692,2819923,48.61,0.71
118,2021-03-10,CAM,15254,7381,7873,8419,6835,ITF,ITF3,15,Campania,Campania,5801692,2835177,48.87,0.26
119,2021-05-15,CAM,62625,29040,33585,43945,18680,ITF,ITF3,15,Campania,Campania,5801692,2897802,49.95,1.08
120,2021-03-12,CAM,14249,7097,7152,8166,6083,ITF,ITF3,15,Campania,Campania,5801692,2912051,50.19,0.25
121,2021-01-14,CAM,7073,2977,4096,7073,0,ITF,ITF3,15,Campania,Campania,5801692,2919124,50.32,0.12
122,2021-06-03,CAM,71765,34485,37280,61610,10155,ITF,ITF3,15,Campania,Campania,5801692,2990889,51.55,1.24
123,2021-02-23,CAM,11003,3388,7615,10477,526,ITF,ITF3,15,Campania,Campania,5801692,3001892,51.74,0.19
124,2021-02-21,CAM,5834,2239,3595,5609,225,ITF,ITF3,15,Campania,Campania,5801692,3007726,51.84,0.1
125,2021-02-24,CAM,11786,4149,7637,11098,688,ITF,ITF3,15,Campania,Campania,5801692,3019512,52.05,0.2
126,2021-01-05,CAM,7237,3637,3600,7237,0,ITF,ITF3,15,Campania,Campania,5801692,3026749,52.17,0.12
127,2021-02-17,CAM,7388,3210,4178,6328,1060,ITF,ITF3,15,Campania,Campania,5801692,3034137,52.3,0.13
128,2021-04-15,CAM,34337,16659,17678,24439,9898,ITF,ITF3,15,Campania,Campania,5801692,3068474,52.89,0.59
129,2021-04-22,CAM,33941,16531,17410,21538,12403,ITF,ITF3,15,Campania,Campania,5801692,3102415,53.47,0.59
130,2021-01-12,CAM,5214,2563,2651,5214,0,ITF,ITF3,15,Campania,Campania,5801692,3107629,53.56,0.09
131,2021-05-06,CAM,57261,27896,29365,42821,14440,ITF,ITF3,15,Campania,Campania,5801692,3164890,54.55,0.99
132,2021-02-28,CAM,10411,3206,7205,8511,1900,ITF,ITF3,15,Campania,Campania,5801692,3175301,54.73,0.18
133,2021-02-14,CAM,3928,1923,2005,3894,34,ITF,ITF3,15,Campania,Campania,5801692,3179229,54.8,0.07
134,2021-01-21,CAM,2092,1115,977,676,1416,ITF,ITF3,15,Campania,Campania,5801692,3181321,54.83,0.04
135,2021-04-14,CAM,27637,13330,14307,19070,8567,ITF,ITF3,15,Campania,Campania,5801692,3208958,55.31,0.48
136,2021-05-01,CAM,46333,22659,23674,30231,16102,ITF,ITF3,15,Campania,Campania,5801692,3255291,56.11,0.8
137,2021-04-12,CAM,23299,10917,12382,20263,3036,ITF,ITF3,15,Campania,Campania,5801692,3278590,56.51,0.4
138,2021-01-02,CAM,3672,1962,1710,3672,0,ITF,ITF3,15,Campania,Campania,5801692,3282262,56.57,0.06
139,2021-03-26,CAM,19459,8930,10529,15645,3814,ITF,ITF3,15,Campania,Campania,5801692,3301721,56.91,0.34
140,2021-01-26,CAM,7340,3726,3614,351,6989,ITF,ITF3,15,Campania,Campania,5801692,3309061,57.04,0.13
141,2021-04-19,CAM,30734,14819,15915,19167,11567,ITF,ITF3,15,Campania,Campania,5801692,3339795,57.57,0.53
142,2021-01-09,CAM,10567,5024,5543,10567,0,ITF,ITF3,15,Campania,Campania,5801692,3350362,57.75,0.18
143,2021-04-02,CAM,21730,10411,11319,19409,2321,ITF,ITF3,15,Campania,Campania,5801692,3372092,58.12,0.37
144,2021-03-14,CAM,8501,3721,4780,4362,4139,ITF,ITF3,15,Campania,Campania,5801692,3380593,58.27,0.15
145,2021-05-10,CAM,35417,16374,19043,25499,9918,ITF,ITF3,15,Campania,Campania,5801692,3416010,58.88,0.61
146,2021-06-08,CAM,50763,24525,26238,44104,6659,ITF,ITF3,15,Campania,Campania,5801692,3466773,59.75,0.87
147,2021-04-26,CAM,34001,16636,17365,28379,5622,ITF,ITF3,15,Campania,Campania,5801692,3500774,60.34,0.59
148,2021-03-07,CAM,11911,5344,6567,8068,3843,ITF,ITF3,15,Campania,Campania,5801692,3512685,60.55,0.21
149,2021-05-03,CAM,40749,19888,20861,28902,11847,ITF,ITF3,15,Campania,Campania,5801692,3553434,61.25,0.7
150,2021-03-01,CAM,12130,4247,7883,8017,4113,ITF,ITF3,15,Campania,Campania,5801692,3565564,61.46,0.21
151,2021-05-09,CAM,43171,20273,22898,32079,11092,ITF,ITF3,15,Campania,Campania,5801692,3608735,62.2,0.74
152,2021-01-10,CAM,8165,3736,4429,8165,0,ITF,ITF3,15,Campania,Campania,5801692,3616900,62.34,0.14
153,2021-04-03,CAM,21115,10315,10800,18735,2380,ITF,ITF3,15,Campania,Campania,5801692,3638015,62.71,0.36
154,2021-05-23,CAM,58715,28617,30098,37838,20877,ITF,ITF3,15,Campania,Campania,5801692,3696730,63.72,1.01
155,2021-02-12,CAM,6529,2861,3668,6343,186,ITF,ITF3,15,Campania,Campania,5801692,3703259,63.83,0.11
156,2021-01-29,CAM,10052,4812,5240,47,10005,ITF,ITF3,15,Campania,Campania,5801692,3713311,64.0,0.17
157,2021-03-19,CAM,11037,4870,6167,7165,3872,ITF,ITF3,15,Campania,Campania,5801692,3724348,64.19,0.19
158,2021-05-08,CAM,56350,27098,29252,40526,15824,ITF,ITF3,15,Campania,Campania,5801692,3780698,65.17,0.97
159,2021-01-28,CAM,8832,4121,4711,134,8698,ITF,ITF3,15,Campania,Campania,5801692,3789530,65.32,0.15
160,2021-04-21,CAM,30227,14724,15503,18000,12227,ITF,ITF3,15,Campania,Campania,5801692,3819757,65.84,0.52
161,2021-05-24,FVG,11025,5277,5748,7525,3500,ITH,ITH4,6,Friuli-Venezia Giulia,Friuli Venezia Giulia,1215220,11025,0.91,0.91
162,2021-02-13,FVG,566,179,387,560,6,ITH,ITH4,6,Friuli-Venezia Giulia,Friuli Venezia Giulia,1215220,11591,0.95,0.05
163,2021-03-02,FVG,4219,1519,2700,2720,1499,ITH,ITH4,6,Friuli-Venezia Giulia,Friuli Venezia Giulia,1215220,15810,1.3,0.35
164,2021-03-04,FVG,3446,1595,1851,2788,658,ITH,ITH4,6,Friuli-Venezia Giulia,Friuli Venezia Giulia,1215220,19256,1.58,0.28
165,2021-03-21,FVG,2602,937,1665,2193,409,ITH,ITH4,6,Friuli-Venezia Giulia,Friuli Venezia Giulia,1215220,21858,1.8,0.21
166,2021-03-16,FVG,3153,1287,1866,1073,2080,ITH,ITH4,6,Friuli-Venezia Giulia,Friuli Venezia Giulia,1215220,25011,2.06,0.26
167,2021-05-12,FVG,10747,4967,5780,9392,1355,ITH,ITH4,6,Friuli-Venezia Giulia,Friuli Venezia Giulia,1215220,35758,2.94,0.88
168,2021-05-19,FVG,11856,5801,6055,9551,2305,ITH,ITH4,6,Friuli-Venezia Giulia,Friuli Venezia Giulia,1215220,47614,3.92,0.98
169,2021-03-14,FVG,1397,549,848,1145,252,ITH,ITH4,6,Friuli-Venezia Giulia,Friuli Venezia Giulia,1215220,49011,4.03,0.11
170,2021-04-28,FVG,7260,3201,4059,3796,3464,ITH,ITH4,6,Friuli-Venezia Giulia,Friuli Venezia Giulia,1215220,56271,4.63,0.6
171,2021-01-23,FVG,816,324,492,4,812,ITH,ITH4,6,Friuli-Venezia Giulia,Friuli Venezia Giulia,1215220,57087,4.7,0.07
172,2021-05-05,FVG,9710,4232,5478,6269,3441,ITH,ITH4,6,Friuli-Venezia Giulia,Friuli Venezia Giulia,1215220,66797,5.5,0.8
173,2021-01-25,FVG,1583,567,1016,194,1389,ITH,ITH4,6,Friuli-Venezia Giulia,Friuli Venezia Giulia,1215220,68380,5.63,0.13
174,2021-03-23,FVG,3753,1559,2194,1613,2140,ITH,ITH4,6,Friuli-Venezia Giulia,Friuli Venezia Giulia,1215220,72133,5.94,0.31
175,2021-02-18,FVG,3218,1492,1726,2811,407,ITH,ITH4,6,Friuli-Venezia Giulia,Friuli Venezia Giulia,1215220,75351,6.2,0.26
176,2021-04-02,FVG,6566,2915,3651,4733,1833,ITH,ITH4,6,Friuli-Venezia Giulia,Friuli Venezia Giulia,1215220,81917,6.74,0.54
177,2021-04-16,FVG,6915,2997,3918,4991,1924,ITH,ITH4,6,Friuli-Venezia Giulia,Friuli Venezia Giulia,1215220,88832,7.31,0.57
178,2021-01-06,FVG,710,264,446,710,0,ITH,ITH4,6,Friuli-Venezia Giulia,Friuli Venezia Giulia,1215220,89542,7.37,0.06
179,2021-01-30,FVG,2275,745,1530,270,2005,ITH,ITH4,6,Friuli-Venezia Giulia,Friuli Venezia Giulia,1215220,91817,7.56,0.19
180,2021-04-21,FVG,7745,3453,4292,4066,3679,ITH,ITH4,6,Friuli-Venezia Giulia,Friuli Venezia Giulia,1215220,99562,8.19,0.64
181,2021-01-11,FVG,1882,608,1274,1882,0,ITH,ITH4,6,Friuli-Venezia Giulia,Friuli Venezia Giulia,1215220,101444,8.35,0.15
182,2021-04-11,FVG,3433,1520,1913,2527,906,ITH,ITH4,6,Friuli-Venezia Giulia,Friuli Venezia Giulia,1215220,104877,8.63,0.28
183,2021-06-07,FVG,8572,4368,4204,7899,673,ITH,ITH4,6,Friuli-Venezia Giulia,Friuli Venezia Giulia,1215220,113449,9.34,0.71
184,2021-05-31,FVG,8375,4086,4289,6375,2000,ITH,ITH4,6,Friuli-Venezia Giulia,Friuli Venezia Giulia,1215220,121824,10.02,0.69
185,2021-02-27,FVG,3529,1200,2329,3528,1,ITH,ITH4,6,Friuli-Venezia Giulia,Friuli Venezia Giulia,1215220,125353,10.32,0.29
186,2021-03-28,FVG,4823,2277,2546,4682,141,ITH,ITH4,6,Friuli-Venezia Giulia,Friuli Venezia Giulia,1215220,130176,10.71,0.4
187,2021-01-18,FVG,1961,606,1355,1867,94,ITH,ITH4,6,Friuli-Venezia Giulia,Friuli Venezia Giulia,1215220,132137,10.87,0.16
188,2021-01-04,FVG,1507,558,949,1507,0,ITH,ITH4,6,Friuli-Venezia Giulia,Friuli Venezia Giulia,1215220,133644,11.0,0.12
189,2021-02-06,FVG,1154,338,816,22,1132,ITH,ITH4,6,Friuli-Venezia Giulia,Friuli Venezia Giulia,1215220,134798,11.09,0.09
190,2021-02-23,FVG,2643,1277,1366,2463,180,ITH,ITH4,6,Friuli-Venezia Giulia,Friuli Venezia Giulia,1215220,137441,11.31,0.22
191,2021-05-17,FVG,8775,4076,4699,6294,2481,ITH,ITH4,6,Friuli-Venezia Giulia,Friuli Venezia Giulia,1215220,146216,12.03,0.72
192,2021-03-09,FVG,3861,1589,2272,1114,2747,ITH,ITH4,6,Friuli-Venezia Giulia,Friuli Venezia Giulia,1215220,150077,12.35,0.32
193,2021-02-04,FVG,2725,808,1917,35,2690,ITH,ITH4,6,Friuli-Venezia Giulia,Friuli Venezia Giulia,1215220,152802,12.57,0.22
194,2021-04-30,FVG,7322,3230,4092,3692,3630,ITH,ITH4,6,Friuli-Venezia Giulia,Friuli Venezia Giulia,1215220,160124,13.18,0.6
195,2021-01-27,FVG,1272,425,847,450,822,ITH,ITH4,6,Friuli-Venezia Giulia,Friuli Venezia Giulia,1215220,161396,13.28,0.1
196,2021-05-07,FVG,10573,4833,5740,7087,3486,ITH,ITH4,6,Friuli-Venezia Giulia,Friuli Venezia Giulia,1215220,171969,14.15,0.87
197,2021-05-09,FVG,7349,3298,4051,3494,3855,ITH,ITH4,6,Friuli-Venezia Giulia,Friuli Venezia Giulia,1215220,179318,14.76,0.6
198,2021-05-26,FVG,12748,6310,6438,9440,3308,ITH,ITH4,6,Friuli-Venezia Giulia,Friuli Venezia Giulia,1215220,192066,15.81,1.05
199,2021-02-15,FVG,2453,911,1542,2201,252,ITH,ITH4,6,Friuli-Venezia Giulia,Friuli Venezia Giulia,1215220,194519,16.01,0.2
200,2021-04-08,FVG,7212,3017,4195,5290,1922,ITH,ITH4,6,Friuli-Venezia Giulia,Friuli Venezia Giulia,1215220,201731,16.6,0.59
201,2021-05-21,FVG,11059,4923,6136,8170,2889,ITH,ITH4,6,Friuli-Venezia Giulia,Friuli Venezia Giulia,1215220,212790,17.51,0.91
202,2021-02-10,FVG,1352,496,856,1266,86,ITH,ITH4,6,Friuli-Venezia Giulia,Friuli Venezia Giulia,1215220,214142,17.62,0.11
203,2021-02-01,FVG,2097,688,1409,16,2081,ITH,ITH4,6,Friuli-Venezia Giulia,Friuli Venezia Giulia,1215220,216239,17.79,0.17
204,2021-05-14,FVG,10616,5261,5355,8134,2482,ITH,ITH4,6,Friuli-Venezia Giulia,Friuli Venezia Giulia,1215220,226855,18.67,0.87
205,2021-02-03,FVG,2647,791,1856,23,2624,ITH,ITH4,6,Friuli-Venezia Giulia,Friuli Venezia Giulia,1215220,229502,18.89,0.22
206,2021-01-16,FVG,1230,360,870,1230,0,ITH,ITH4,6,Friuli-Venezia Giulia,Friuli Venezia Giulia,1215220,230732,18.99,0.1
207,2021-03-25,FVG,5313,2262,3051,3180,2133,ITH,ITH4,6,Friuli-Venezia Giulia,Friuli Venezia Giulia,1215220,236045,19.42,0.44
208,2021-03-30,FVG,7093,3141,3952,6171,922,ITH,ITH4,6,Friuli-Venezia Giulia,Friuli Venezia Giulia,1215220,243138,20.01,0.58
209,2021-04-01,FVG,6315,2993,3322,5300,1015,ITH,ITH4,6,Friuli-Venezia Giulia,Friuli Venezia Giulia,1215220,249453,20.53,0.52
210,2021-05-28,FVG,9915,4593,5322,5952,3963,ITH,ITH4,6,Friuli-Venezia Giulia,Friuli Venezia Giulia,1215220,259368,21.34,0.82
211,2021-02-11,FVG,1930,664,1266,1738,192,ITH,ITH4,6,Friuli-Venezia Giulia,Friuli Venezia Giulia,1215220,261298,21.5,0.16
212,2021-04-09,FVG,7763,3528,4235,6519,1244,ITH,ITH4,6,Friuli-Venezia Giulia,Friuli Venezia Giulia,1215220,269061,22.14,0.64
213,2020-12-30,FVG,626,244,382,626,0,ITH,ITH4,6,Friuli-Venezia Giulia,Friuli Venezia Giulia,1215220,269687,22.19,0.05
214,2021-06-05,FVG,10110,5231,4879,8598,1512,ITH,ITH4,6,Friuli-Venezia Giulia,Friuli Venezia Giulia,1215220,279797,23.02,0.83
215,2021-02-25,FVG,3160,1651,1509,3135,25,ITH,ITH4,6,Friuli-Venezia Giulia,Friuli Venezia Giulia,1215220,282957,23.28,0.26
216,2021-04-27,FVG,8079,3704,4375,3622,4457,ITH,ITH4,6,Friuli-Venezia Giulia,Friuli Venezia Giulia,1215220,291036,23.95,0.66
217,2021-04-23,FVG,7457,3376,4081,3599,3858,ITH,ITH4,6,Friuli-Venezia Giulia,Friuli Venezia Giulia,1215220,298493,24.56,0.61
218,2021-03-01,FVG,2957,1041,1916,2905,52,ITH,ITH4,6,Friuli-Venezia Giulia,Friuli Venezia Giulia,1215220,301450,24.81,0.24
219,2021-03-18,FVG,3372,1421,1951,1691,1681,ITH,ITH4,6,Friuli-Venezia Giulia,Friuli Venezia Giulia,1215220,304822,25.08,0.28
220,2021-03-20,FVG,3341,1352,1989,1250,2091,ITH,ITH4,6,Friuli-Venezia Giulia,Friuli Venezia Giulia,1215220,308163,25.36,0.27
221,2021-01-13,FVG,2650,834,1816,2650,0,ITH,ITH4,6,Friuli-Venezia Giulia,Friuli Venezia Giulia,1215220,310813,25.58,0.22
222,2021-04-06,FVG,6279,2772,3507,5129,1150,ITH,ITH4,6,Friuli-Venezia Giulia,Friuli Venezia Giulia,1215220,317092,26.09,0.52
223,2021-04-25,FVG,2363,990,1373,2352,11,ITH,ITH4,6,Friuli-Venezia Giulia,Friuli Venezia Giulia,1215220,319455,26.29,0.19
224,2021-01-15,FVG,2021,605,1416,2021,0,ITH,ITH4,6,Friuli-Venezia Giulia,Friuli Venezia Giulia,1215220,321476,26.45,0.17
225,2021-04-18,FVG,6038,2799,3239,5631,407,ITH,ITH4,6,Friuli-Venezia Giulia,Friuli Venezia Giulia,1215220,327514,26.95,0.5
226,2021-01-08,FVG,2322,747,1575,2322,0,ITH,ITH4,6,Friuli-Venezia Giulia,Friuli Venezia Giulia,1215220,329836,27.14,0.19
227,2021-02-20,FVG,2068,933,1135,1924,144,ITH,ITH4,6,Friuli-Venezia Giulia,Friuli Venezia Giulia,1215220,331904,27.31,0.17
228,2021-01-22,FVG,90,30,60,0,90,ITH,ITH4,6,Friuli-Venezia Giulia,Friuli Venezia Giulia,1215220,331994,27.32,0.01
229,2021-03-06,FVG,3500,1196,2304,3175,325,ITH,ITH4,6,Friuli-Venezia Giulia,Friuli Venezia Giulia,1215220,335494,27.61,0.29
230,2021-03-11,FVG,3357,1414,1943,1606,1751,ITH,ITH4,6,Friuli-Venezia Giulia,Friuli Venezia Giulia,1215220,338851,27.88,0.28
231,2021-04-13,FVG,7362,3289,4073,5758,1604,ITH,ITH4,6,Friuli-Venezia Giulia,Friuli Venezia Giulia,1215220,346213,28.49,0.61
232,2021-01-03,FVG,312,122,190,312,0,ITH,ITH4,6,Friuli-Venezia Giulia,Friuli Venezia Giulia,1215220,346525,28.52,0.03
233,2021-01-20,FVG,748,320,428,13,735,ITH,ITH4,6,Friuli-Venezia Giulia,Friuli Venezia Giulia,1215220,347273,28.58,0.06
234,2021-06-04,FVG,11283,5750,5533,10117,1166,ITH,ITH4,6,Friuli-Venezia Giulia,Friuli Venezia Giulia,1215220,358556,29.51,0.93
235,2021-03-13,FVG,2935,1120,1815,1664,1271,ITH,ITH4,6,Friuli-Venezia Giulia,Friuli Venezia Giulia,1215220,361491,29.75,0.24
236,2021-04-20,FVG,7107,3059,4048,3204,3903,ITH,ITH4,6,Friuli-Venezia Giulia,Friuli Venezia Giulia,1215220,368598,30.33,0.58
237,2021-01-10,FVG,2939,918,2021,2939,0,ITH,ITH4,6,Friuli-Venezia Giulia,Friuli Venezia Giulia,1215220,371537,30.57,0.24
238,2021-04-05,FVG,2868,1425,1443,2853,15,ITH,ITH4,6,Friuli-Venezia Giulia,Friuli Venezia Giulia,1215220,374405,30.81,0.24
239,2021-01-12,FVG,2260,713,1547,2260,0,ITH,ITH4,6,Friuli-Venezia Giulia,Friuli Venezia Giulia,1215220,376665,31.0,0.19
240,2021-01-29,FVG,2414,814,1600,264,2150,ITH,ITH4,6,Friuli-Venezia Giulia,Friuli Venezia Giulia,1215220,379079,31.19,0.2
241,2021-04-22,FVG,6771,3079,3692,3084,3687,ITH,ITH4,6,Friuli-Venezia Giulia,Friuli Venezia Giulia,1215220,385850,31.75,0.56
242,2021-02-08,FVG,2357,694,1663,92,2265,ITH,ITH4,6,Friuli-Venezia Giulia,Friuli Venezia Giulia,1215220,388207,31.95,0.19
243,2021-04-17,FVG,7449,3232,4217,5966,1483,ITH,ITH4,6,Friuli-Venezia Giulia,Friuli Venezia Giulia,1215220,395656,32.56,0.61
244,2021-04-10,FVG,4986,2164,2822,3761,1225,ITH,ITH4,6,Friuli-Venezia Giulia,Friuli Venezia Giulia,1215220,400642,32.97,0.41
245,2021-05-23,FVG,10263,4851,5412,6115,4148,ITH,ITH4,6,Friuli-Venezia Giulia,Friuli Venezia Giulia,1215220,410905,33.81,0.84
246,2021-01-07,FVG,2091,717,1374,2091,0,ITH,ITH4,6,Friuli-Venezia Giulia,Friuli Venezia Giulia,1215220,412996,33.99,0.17
247,2021-03-05,FVG,3736,1478,2258,2663,1073,ITH,ITH4,6,Friuli-Venezia Giulia,Friuli Venezia Giulia,1215220,416732,34.29,0.31
248,2021-04-19,FVG,6705,3131,3574,3293,3412,ITH,ITH4,6,Friuli-Venezia Giulia,Friuli Venezia Giulia,1215220,423437,34.84,0.55
249,2021-01-09,FVG,2513,841,1672,2513,0,ITH,ITH4,6,Friuli-Venezia Giulia,Friuli Venezia Giulia,1215220,425950,35.05,0.21
250,2021-03-07,FVG,2547,932,1615,2546,1,ITH,ITH4,6,Friuli-Venezia Giulia,Friuli Venezia Giulia,1215220,428497,35.26,0.21
251,2020-12-31,FVG,1053,384,669,1053,0,ITH,ITH4,6,Friuli-Venezia Giulia,Friuli Venezia Giulia,1215220,429550,35.35,0.09
252,2021-02-19,FVG,3252,1290,1962,2825,427,ITH,ITH4,6,Friuli-Venezia Giulia,Friuli Venezia Giulia,1215220,432802,35.62,0.27
253,2021-04-24,FVG,6673,2944,3729,5431,1242,ITH,ITH4,6,Friuli-Venezia Giulia,Friuli Venezia Giulia,1215220,439475,36.16,0.55
254,2021-06-06,FVG,9365,4568,4797,7847,1518,ITH,ITH4,6,Friuli-Venezia Giulia,Friuli Venezia Giulia,1215220,448840,36.93,0.77
255,2021-02-26,FVG,3736,2093,1643,3588,148,ITH,ITH4,6,Friuli-Venezia Giulia,Friuli Venezia Giulia,1215220,452576,37.24,0.31
256,2021-02-17,FVG,2353,999,1354,1873,480,ITH,ITH4,6,Friuli-Venezia Giulia,Friuli Venezia Giulia,1215220,454929,37.44,0.19
257,2020-12-27,FVG,262,149,113,262,0,ITH,ITH4,6,Friuli-Venezia Giulia,Friuli Venezia Giulia,1215220,455191,37.46,0.02
258,2021-02-12,FVG,1193,428,765,1146,47,ITH,ITH4,6,Friuli-Venezia Giulia,Friuli Venezia Giulia,1215220,456384,37.56,0.1
259,2021-05-25,FVG,12475,6077,6398,9284,3191,ITH,ITH4,6,Friuli-Venezia Giulia,Friuli Venezia Giulia,1215220,468859,38.58,1.03
260,2021-03-03,FVG,3638,1627,2011,2365,1273,ITH,ITH4,6,Friuli-Venezia Giulia,Friuli Venezia Giulia,1215220,472497,38.88,0.3
261,2021-05-04,FVG,9514,4290,5224,6161,3353,ITH,ITH4,6,Friuli-Venezia Giulia,Friuli Venezia Giulia,1215220,482011,39.66,0.78
262,2021-01-24,FVG,305,119,186,1,304,ITH,ITH4,6,Friuli-Venezia Giulia,Friuli Venezia Giulia,1215220,482316,39.69,0.03
263,2021-03-08,FVG,4063,1593,2470,1978,2085,ITH,ITH4,6,Friuli-Venezia Giulia,Friuli Venezia Giulia,1215220,486379,40.02,0.33
264,2021-03-22,FVG,3540,1343,2197,1586,1954,ITH,ITH4,6,Friuli-Venezia Giulia,Friuli Venezia Giulia,1215220,489919,40.32,0.29
265,2021-01-17,FVG,1716,523,1193,1716,0,ITH,ITH4,6,Friuli-Venezia Giulia,Friuli Venezia Giulia,1215220,491635,40.46,0.14
266,2021-03-15,FVG,3767,1637,2130,1446,2321,ITH,ITH4,6,Friuli-Venezia Giulia,Friuli Venezia Giulia,1215220,495402,40.77,0.31
267,2021-05-11,FVG,8966,4299,4667,7169,1797,ITH,ITH4,6,Friuli-Venezia Giulia,Friuli Venezia Giulia,1215220,504368,41.5,0.74
268,2021-01-31,FVG,2715,836,1879,385,2330,ITH,ITH4,6,Friuli-Venezia Giulia,Friuli Venezia Giulia,1215220,507083,41.73,0.22
269,2021-05-29,FVG,11950,5810,6140,7007,4943,ITH,ITH4,6,Friuli-Venezia Giulia,Friuli Venezia Giulia,1215220,519033,42.71,0.98
270,2021-05-02,FVG,6838,3210,3628,3939,2899,ITH,ITH4,6,Friuli-Venezia Giulia,Friuli Venezia Giulia,1215220,525871,43.27,0.56
271,2021-05-16,FVG,9943,4762,5181,8546,1397,ITH,ITH4,6,Friuli-Venezia Giulia,Friuli Venezia Giulia,1215220,535814,44.09,0.82
272,2021-03-10,FVG,3358,1493,1865,1566,1792,ITH,ITH4,6,Friuli-Venezia Giulia,Friuli Venezia Giulia,1215220,539172,44.37,0.28
273,2021-02-24,FVG,2521,1085,1436,2503,18,ITH,ITH4,6,Friuli-Venezia Giulia,Friuli Venezia Giulia,1215220,541693,44.58,0.21
274,2021-03-27,FVG,4985,2560,2425,3574,1411,ITH,ITH4,6,Friuli-Venezia Giulia,Friuli Venezia Giulia,1215220,546678,44.99,0.41
275,2021-05-30,FVG,11041,4982,6059,7461,3580,ITH,ITH4,6,Friuli-Venezia Giulia,Friuli Venezia Giulia,1215220,557719,45.89,0.91
276,2021-05-03,FVG,7197,3275,3922,3419,3778,ITH,ITH4,6,Friuli-Venezia Giulia,Friuli Venezia Giulia,1215220,564916,46.49,0.59
277,2021-01-14,FVG,2584,789,1795,2584,0,ITH,ITH4,6,Friuli-Venezia Giulia,Friuli Venezia Giulia,1215220,567500,46.7,0.21
278,2021-04-03,FVG,3982,1968,2014,2654,1328,ITH,ITH4,6,Friuli-Venezia Giulia,Friuli Venezia Giulia,1215220,571482,47.03,0.33
279,2021-03-19,FVG,3235,1340,1895,1302,1933,ITH,ITH4,6,Friuli-Venezia Giulia,Friuli Venezia Giulia,1215220,574717,47.29,0.27
280,2021-04-07,FVG,7500,3325,4175,6719,781,ITH,ITH4,6,Friuli-Venezia Giulia,Friuli Venezia Giulia,1215220,582217,47.91,0.62
281,2021-05-22,FVG,11509,5167,6342,7286,4223,ITH,ITH4,6,Friuli-Venezia Giulia,Friuli Venezia Giulia,1215220,593726,48.86,0.95
282,2021-05-06,FVG,11868,5513,6355,7915,3953,ITH,ITH4,6,Friuli-Venezia Giulia,Friuli Venezia Giulia,1215220,605594,49.83,0.98
283,2021-03-17,FVG,3234,1266,1968,744,2490,ITH,ITH4,6,Friuli-Venezia Giulia,Friuli Venezia Giulia,1215220,608828,50.1,0.27
284,2021-04-15,FVG,6488,2860,3628,5217,1271,ITH,ITH4,6,Friuli-Venezia Giulia,Friuli Venezia Giulia,1215220,615316,50.63,0.53
285,2021-04-29,FVG,6697,2939,3758,4164,2533,ITH,ITH4,6,Friuli-Venezia Giulia,Friuli Venezia Giulia,1215220,622013,51.19,0.55
286,2021-01-05,FVG,1678,551,1127,1678,0,ITH,ITH4,6,Friuli-Venezia Giulia,Friuli Venezia Giulia,1215220,623691,51.32,0.14
287,2021-02-05,FVG,2614,785,1829,90,2524,ITH,ITH4,6,Friuli-Venezia Giulia,Friuli Venezia Giulia,1215220,626305,51.54,0.22
288,2021-04-14,FVG,7215,3118,4097,5503,1712,ITH,ITH4,6,Friuli-Venezia Giulia,Friuli Venezia Giulia,1215220,633520,52.13,0.59
289,2021-06-03,FVG,11444,6142,5302,9600,1844,ITH,ITH4,6,Friuli-Venezia Giulia,Friuli Venezia Giulia,1215220,644964,53.07,0.94
290,2021-05-27,FVG,12323,5809,6514,7204,5119,ITH,ITH4,6,Friuli-Venezia Giulia,Friuli Venezia Giulia,1215220,657287,54.09,1.01
291,2021-01-28,FVG,2239,794,1445,354,1885,ITH,ITH4,6,Friuli-Venezia Giulia,Friuli Venezia Giulia,1215220,659526,54.27,0.18
292,2021-05-08,FVG,10258,4636,5622,5481,4777,ITH,ITH4,6,Friuli-Venezia Giulia,Friuli Venezia Giulia,1215220,669784,55.12,0.84
293,2021-01-19,FVG,6,2,4,6,0,ITH,ITH4,6,Friuli-Venezia Giulia,Friuli Venezia Giulia,1215220,669790,55.12,0.0
294,2021-06-08,FVG,9385,4847,4538,9187,198,ITH,ITH4,6,Friuli-Venezia Giulia,Friuli Venezia Giulia,1215220,679175,55.89,0.77
295,2021-02-28,FVG,2685,1002,1683,2292,393,ITH,ITH4,6,Friuli-Venezia Giulia,Friuli Venezia Giulia,1215220,681860,56.11,0.22
296,2021-04-26,FVG,5457,2449,3008,3808,1649,ITH,ITH4,6,Friuli-Venezia Giulia,Friuli Venezia Giulia,1215220,687317,56.56,0.45
297,2021-05-10,FVG,7914,3515,4399,6375,1539,ITH,ITH4,6,Friuli-Venezia Giulia,Friuli Venezia Giulia,1215220,695231,57.21,0.65
298,2021-05-13,FVG,11026,5304,5722,9008,2018,ITH,ITH4,6,Friuli-Venezia Giulia,Friuli Venezia Giulia,1215220,706257,58.12,0.91
299,2021-02-16,FVG,2516,1135,1381,2400,116,ITH,ITH4,6,Friuli-Venezia Giulia,Friuli Venezia Giulia,1215220,708773,58.32,0.21
300,2021-03-24,FVG,3766,1530,2236,2286,1480,ITH,ITH4,6,Friuli-Venezia Giulia,Friuli Venezia Giulia,1215220,712539,58.63,0.31
301,2021-05-20,FVG,12525,6180,6345,10100,2425,ITH,ITH4,6,Friuli-Venezia Giulia,Friuli Venezia Giulia,1215220,725064,59.67,1.03
302,2021-01-26,FVG,1977,647,1330,217,1760,ITH,ITH4,6,Friuli-Venezia Giulia,Friuli Venezia Giulia,1215220,727041,59.83,0.16
303,2021-02-09,FVG,1842,555,1287,1556,286,ITH,ITH4,6,Friuli-Venezia Giulia,Friuli Venezia Giulia,1215220,728883,59.98,0.15
304,2021-02-02,FVG,2467,806,1661,217,2250,ITH,ITH4,6,Friuli-Venezia Giulia,Friuli Venezia Giulia,1215220,731350,60.18,0.2
305,2021-03-31,FVG,8034,3503,4531,7188,846,ITH,ITH4,6,Friuli-Venezia Giulia,Friuli Venezia Giulia,1215220,739384,60.84,0.66
306,2021-02-22,FVG,2485,1193,1292,2067,418,ITH,ITH4,6,Friuli-Venezia Giulia,Friuli Venezia Giulia,1215220,741869,61.05,0.2
307,2021-06-02,FVG,9386,4942,4444,9113,273,ITH,ITH4,6,Friuli-Venezia Giulia,Friuli Venezia Giulia,1215220,751255,61.82,0.77
308,2021-02-07,FVG,1562,483,1079,385,1177,ITH,ITH4,6,Friuli-Venezia Giulia,Friuli Venezia Giulia,1215220,752817,61.95,0.13
309,2021-05-18,FVG,10561,5269,5292,8543,2018,ITH,ITH4,6,Friuli-Venezia Giulia,Friuli Venezia Giulia,1215220,763378,62.82,0.87
310,2021-06-01,FVG,9769,4876,4893,7690,2079,ITH,ITH4,6,Friuli-Venezia Giulia,Friuli Venezia Giulia,1215220,773147,63.62,0.8
311,2021-03-29,FVG,6875,3001,3874,5296,1579,ITH,ITH4,6,Friuli-Venezia Giulia,Friuli Venezia Giulia,1215220,780022,64.19,0.57
312,2021-05-15,FVG,12604,6077,6527,7923,4681,ITH,ITH4,6,Friuli-Venezia Giulia,Friuli Venezia Giulia,1215220,792626,65.22,1.04
313,2021-05-01,FVG,7186,3244,3942,6143,1043,ITH,ITH4,6,Friuli-Venezia Giulia,Friuli Venezia Giulia,1215220,799812,65.82,0.59
314,2021-01-21,FVG,896,345,551,1,895,ITH,ITH4,6,Friuli-Venezia Giulia,Friuli Venezia Giulia,1215220,800708,65.89,0.07
315,2021-02-21,FVG,801,281,520,423,378,ITH,ITH4,6,Friuli-Venezia Giulia,Friuli Venezia Giulia,1215220,801509,65.96,0.07
316,2021-03-26,FVG,5803,2427,3376,3789,2014,ITH,ITH4,6,Friuli-Venezia Giulia,Friuli Venezia Giulia,1215220,807312,66.43,0.48
317,2021-03-12,FVG,3939,1545,2394,2558,1381,ITH,ITH4,6,Friuli-Venezia Giulia,Friuli Venezia Giulia,1215220,811251,66.76,0.32
318,2021-01-02,FVG,1216,470,746,1216,0,ITH,ITH4,6,Friuli-Venezia Giulia,Friuli Venezia Giulia,1215220,812467,66.86,0.1
319,2021-04-12,FVG,7255,3181,4074,6124,1131,ITH,ITH4,6,Friuli-Venezia Giulia,Friuli Venezia Giulia,1215220,819722,67.45,0.6
320,2021-06-04,BAS,4827,2282,2545,3782,1045,ITF,ITF5,17,Basilicata,Basilicata,559084,4827,0.86,0.86
321,2021-02-24,BAS,1803,743,1060,1734,69,ITF,ITF5,17,Basilicata,Basilicata,559084,6630,1.19,0.32
322,2021-02-22,BAS,1790,773,1017,1737,53,ITF,ITF5,17,Basilicata,Basilicata,559084,8420,1.51,0.32
323,2021-03-13,BAS,1796,889,907,751,1045,ITF,ITF5,17,Basilicata,Basilicata,559084,10216,1.83,0.32
324,2021-05-04,BAS,4137,1991,2146,3614,523,ITF,ITF5,17,Basilicata,Basilicata,559084,14353,2.57,0.74
325,2021-03-08,BAS,1456,710,746,844,612,ITF,ITF5,17,Basilicata,Basilicata,559084,15809,2.83,0.26
326,2021-04-13,BAS,2113,1052,1061,1295,818,ITF,ITF5,17,Basilicata,Basilicata,559084,17922,3.21,0.38
327,2021-03-01,BAS,547,284,263,381,166,ITF,ITF5,17,Basilicata,Basilicata,559084,18469,3.3,0.1
328,2021-01-10,BAS,77,24,53,77,0,ITF,ITF5,17,Basilicata,Basilicata,559084,18546,3.32,0.01
329,2021-04-20,BAS,4033,1920,2113,2202,1831,ITF,ITF5,17,Basilicata,Basilicata,559084,22579,4.04,0.72
330,2021-01-08,BAS,554,219,335,554,0,ITF,ITF5,17,Basilicata,Basilicata,559084,23133,4.14,0.1
331,2021-03-15,BAS,2354,983,1371,523,1831,ITF,ITF5,17,Basilicata,Basilicata,559084,25487,4.56,0.42
332,2021-01-17,BAS,328,133,195,327,1,ITF,ITF5,17,Basilicata,Basilicata,559084,25815,4.62,0.06
333,2021-04-27,BAS,4726,2242,2484,4401,325,ITF,ITF5,17,Basilicata,Basilicata,559084,30541,5.46,0.85
334,2021-05-30,BAS,2771,1420,1351,921,1850,ITF,ITF5,17,Basilicata,Basilicata,559084,33312,5.96,0.5
335,2021-04-03,BAS,1806,748,1058,1471,335,ITF,ITF5,17,Basilicata,Basilicata,559084,35118,6.28,0.32
336,2021-02-05,BAS,986,443,543,64,922,ITF,ITF5,17,Basilicata,Basilicata,559084,36104,6.46,0.18
337,2021-05-16,BAS,4970,2467,2503,2858,2112,ITF,ITF5,17,Basilicata,Basilicata,559084,41074,7.35,0.89
338,2021-01-22,BAS,67,24,43,67,0,ITF,ITF5,17,Basilicata,Basilicata,559084,41141,7.36,0.01
339,2021-05-02,BAS,4179,2000,2179,3551,628,ITF,ITF5,17,Basilicata,Basilicata,559084,45320,8.11,0.75
340,2021-04-15,BAS,3386,1659,1727,2632,754,ITF,ITF5,17,Basilicata,Basilicata,559084,48706,8.71,0.61
341,2021-01-03,BAS,901,344,557,901,0,ITF,ITF5,17,Basilicata,Basilicata,559084,49607,8.87,0.16
342,2021-03-25,BAS,1879,601,1278,1533,346,ITF,ITF5,17,Basilicata,Basilicata,559084,51486,9.21,0.34
343,2021-01-27,BAS,411,175,236,113,298,ITF,ITF5,17,Basilicata,Basilicata,559084,51897,9.28,0.07
344,2021-02-10,BAS,548,238,310,496,52,ITF,ITF5,17,Basilicata,Basilicata,559084,52445,9.38,0.1
345,2021-05-21,BAS,4573,2319,2254,1492,3081,ITF,ITF5,17,Basilicata,Basilicata,559084,57018,10.2,0.82
346,2021-04-01,BAS,2803,1127,1676,2084,719,ITF,ITF5,17,Basilicata,Basilicata,559084,59821,10.7,0.5
347,2021-02-03,BAS,666,300,366,32,634,ITF,ITF5,17,Basilicata,Basilicata,559084,60487,10.82,0.12
348,2021-06-01,BAS,6131,2923,3208,3058,3073,ITF,ITF5,17,Basilicata,Basilicata,559084,66618,11.92,1.1
349,2021-04-08,BAS,764,348,416,754,10,ITF,ITF5,17,Basilicata,Basilicata,559084,67382,12.05,0.14
350,2021-04-22,BAS,5036,2346,2690,3433,1603,ITF,ITF5,17,Basilicata,Basilicata,559084,72418,12.95,0.9
351,2021-02-17,BAS,1135,493,642,1059,76,ITF,ITF5,17,Basilicata,Basilicata,559084,73553,13.16,0.2
352,2021-05-28,BAS,3604,1802,1802,948,2656,ITF,ITF5,17,Basilicata,Basilicata,559084,77157,13.8,0.64
353,2021-01-15,BAS,813,350,463,813,0,ITF,ITF5,17,Basilicata,Basilicata,559084,77970,13.95,0.15
354,2020-12-27,BAS,106,41,65,106,0,ITF,ITF5,17,Basilicata,Basilicata,559084,78076,13.96,0.02
355,2021-03-20,BAS,1287,567,720,275,1012,ITF,ITF5,17,Basilicata,Basilicata,559084,79363,14.2,0.23
356,2021-03-06,BAS,1354,536,818,758,596,ITF,ITF5,17,Basilicata,Basilicata,559084,80717,14.44,0.24
357,2021-05-09,BAS,4685,2340,2345,2990,1695,ITF,ITF5,17,Basilicata,Basilicata,559084,85402,15.28,0.84
358,2021-02-15,BAS,622,232,390,580,42,ITF,ITF5,17,Basilicata,Basilicata,559084,86024,15.39,0.11
359,2021-01-29,BAS,615,230,385,63,552,ITF,ITF5,17,Basilicata,Basilicata,559084,86639,15.5,0.11
360,2021-02-07,BAS,373,159,214,49,324,ITF,ITF5,17,Basilicata,Basilicata,559084,87012,15.56,0.07
361,2021-05-18,BAS,5896,2855,3041,3403,2493,ITF,ITF5,17,Basilicata,Basilicata,559084,92908,16.62,1.05
362,2021-05-01,BAS,4703,2135,2568,3952,751,ITF,ITF5,17,Basilicata,Basilicata,559084,97611,17.46,0.84
363,2021-02-26,BAS,2149,904,1245,2069,80,ITF,ITF5,17,Basilicata,Basilicata,559084,99760,17.84,0.38
364,2021-01-24,BAS,837,300,537,58,779,ITF,ITF5,17,Basilicata,Basilicata,559084,100597,17.99,0.15
365,2021-05-13,BAS,5982,2966,3016,3385,2597,ITF,ITF5,17,Basilicata,Basilicata,559084,106579,19.06,1.07
366,2021-05-08,BAS,4835,2399,2436,3429,1406,ITF,ITF5,17,Basilicata,Basilicata,559084,111414,19.93,0.86
367,2021-04-29,BAS,4831,2385,2446,4410,421,ITF,ITF5,17,Basilicata,Basilicata,559084,116245,20.79,0.86
368,2021-03-17,BAS,1453,609,844,28,1425,ITF,ITF5,17,Basilicata,Basilicata,559084,117698,21.05,0.26
369,2021-01-19,BAS,199,84,115,199,0,ITF,ITF5,17,Basilicata,Basilicata,559084,117897,21.09,0.04
370,2021-03-24,BAS,1758,690,1068,1361,397,ITF,ITF5,17,Basilicata,Basilicata,559084,119655,21.4,0.31
371,2021-05-23,BAS,4515,2300,2215,1533,2982,ITF,ITF5,17,Basilicata,Basilicata,559084,124170,22.21,0.81
372,2021-03-27,BAS,2232,853,1379,1815,417,ITF,ITF5,17,Basilicata,Basilicata,559084,126402,22.61,0.4
373,2021-01-07,BAS,640,319,321,640,0,ITF,ITF5,17,Basilicata,Basilicata,559084,127042,22.72,0.11
374,2021-02-19,BAS,1623,738,885,1561,62,ITF,ITF5,17,Basilicata,Basilicata,559084,128665,23.01,0.29
375,2021-04-17,BAS,3461,1655,1806,2199,1262,ITF,ITF5,17,Basilicata,Basilicata,559084,132126,23.63,0.62
376,2021-03-29,BAS,2435,881,1554,2149,286,ITF,ITF5,17,Basilicata,Basilicata,559084,134561,24.07,0.44
377,2021-01-05,BAS,946,409,537,946,0,ITF,ITF5,17,Basilicata,Basilicata,559084,135507,24.24,0.17
378,2021-06-08,BAS,4542,2164,2378,4185,357,ITF,ITF5,17,Basilicata,Basilicata,559084,140049,25.05,0.81
379,2021-04-12,BAS,2171,1052,1119,1680,491,ITF,ITF5,17,Basilicata,Basilicata,559084,142220,25.44,0.39
380,2021-04-19,BAS,4164,1911,2253,2526,1638,ITF,ITF5,17,Basilicata,Basilicata,559084,146384,26.18,0.74
381,2021-03-05,BAS,1855,857,998,1109,746,ITF,ITF5,17,Basilicata,Basilicata,559084,148239,26.51,0.33
382,2021-05-27,BAS,3599,1852,1747,1072,2527,ITF,ITF5,17,Basilicata,Basilicata,559084,151838,27.16,0.64
383,2021-04-24,BAS,4544,2197,2347,3532,1012,ITF,ITF5,17,Basilicata,Basilicata,559084,156382,27.97,0.81
384,2021-05-11,BAS,2654,1353,1301,1621,1033,ITF,ITF5,17,Basilicata,Basilicata,559084,159036,28.45,0.47
385,2021-04-05,BAS,723,233,490,421,302,ITF,ITF5,17,Basilicata,Basilicata,559084,159759,28.58,0.13
386,2021-03-22,BAS,1176,531,645,629,547,ITF,ITF5,17,Basilicata,Basilicata,559084,160935,28.79,0.21
387,2021-03-03,BAS,1745,815,930,1186,559,ITF,ITF5,17,Basilicata,Basilicata,559084,162680,29.1,0.31
388,2021-05-25,BAS,4191,2107,2084,873,3318,ITF,ITF5,17,Basilicata,Basilicata,559084,166871,29.85,0.75
389,2021-02-14,BAS,151,48,103,151,0,ITF,ITF5,17,Basilicata,Basilicata,559084,167022,29.87,0.03
390,2021-01-31,BAS,77,24,53,0,77,ITF,ITF5,17,Basilicata,Basilicata,559084,167099,29.89,0.01
391,2021-05-20,BAS,5855,2964,2891,2890,2965,ITF,ITF5,17,Basilicata,Basilicata,559084,172954,30.94,1.05
392,2021-06-06,BAS,4500,2068,2432,3723,777,ITF,ITF5,17,Basilicata,Basilicata,559084,177454,31.74,0.8
393,2021-04-14,BAS,2043,998,1045,1369,674,ITF,ITF5,17,Basilicata,Basilicata,559084,179497,32.11,0.37
394,2021-01-21,BAS,30,10,20,30,0,ITF,ITF5,17,Basilicata,Basilicata,559084,179527,32.11,0.01
395,2021-01-04,BAS,607,271,336,607,0,ITF,ITF5,17,Basilicata,Basilicata,559084,180134,32.22,0.11
396,2021-03-10,BAS,1678,840,838,839,839,ITF,ITF5,17,Basilicata,Basilicata,559084,181812,32.52,0.3
397,2021-01-26,BAS,797,352,445,101,696,ITF,ITF5,17,Basilicata,Basilicata,559084,182609,32.66,0.14
398,2021-05-06,BAS,5052,2435,2617,3483,1569,ITF,ITF5,17,Basilicata,Basilicata,559084,187661,33.57,0.9
399,2021-05-15,BAS,6527,3341,3186,3955,2572,ITF,ITF5,17,Basilicata,Basilicata,559084,194188,34.73,1.17
400,2021-04-02,BAS,2318,1046,1272,1714,604,ITF,ITF5,17,Basilicata,Basilicata,559084,196506,35.15,0.41
401,2021-02-04,BAS,1096,442,654,63,1033,ITF,ITF5,17,Basilicata,Basilicata,559084,197602,35.34,0.2
402,2021-02-02,BAS,367,143,224,175,192,ITF,ITF5,17,Basilicata,Basilicata,559084,197969,35.41,0.07
403,2021-04-09,BAS,1152,350,802,1089,63,ITF,ITF5,17,Basilicata,Basilicata,559084,199121,35.62,0.21
404,2021-02-27,BAS,1993,861,1132,1829,164,ITF,ITF5,17,Basilicata,Basilicata,559084,201114,35.97,0.36
405,2021-06-07,BAS,4218,1911,2307,3902,316,ITF,ITF5,17,Basilicata,Basilicata,559084,205332,36.73,0.75
406,2021-04-11,BAS,848,330,518,785,63,ITF,ITF5,17,Basilicata,Basilicata,559084,206180,36.88,0.15
407,2021-04-04,BAS,610,225,385,197,413,ITF,ITF5,17,Basilicata,Basilicata,559084,206790,36.99,0.11
408,2021-02-11,BAS,951,401,550,868,83,ITF,ITF5,17,Basilicata,Basilicata,559084,207741,37.16,0.17
409,2021-05-22,BAS,5488,2723,2765,1937,3551,ITF,ITF5,17,Basilicata,Basilicata,559084,213229,38.14,0.98
410,2021-03-26,BAS,1957,703,1254,1696,261,ITF,ITF5,17,Basilicata,Basilicata,559084,215186,38.49,0.35
411,2021-03-14,BAS,1010,477,533,541,469,ITF,ITF5,17,Basilicata,Basilicata,559084,216196,38.67,0.18
412,2021-03-31,BAS,3095,1258,1837,2313,782,ITF,ITF5,17,Basilicata,Basilicata,559084,219291,39.22,0.55
413,2021-06-05,BAS,4796,2204,2592,3852,944,ITF,ITF5,17,Basilicata,Basilicata,559084,224087,40.08,0.86
414,2021-02-23,BAS,1901,771,1130,1763,138,ITF,ITF5,17,Basilicata,Basilicata,559084,225988,40.42,0.34
415,2021-06-03,BAS,4918,2256,2662,3737,1181,ITF,ITF5,17,Basilicata,Basilicata,559084,230906,41.3,0.88
416,2021-03-12,BAS,1903,979,924,803,1100,ITF,ITF5,17,Basilicata,Basilicata,559084,232809,41.64,0.34
417,2021-05-17,BAS,5539,2733,2806,3406,2133,ITF,ITF5,17,Basilicata,Basilicata,559084,238348,42.63,0.99
418,2021-02-12,BAS,775,332,443,744,31,ITF,ITF5,17,Basilicata,Basilicata,559084,239123,42.77,0.14
419,2021-04-10,BAS,1032,378,654,949,83,ITF,ITF5,17,Basilicata,Basilicata,559084,240155,42.96,0.18
420,2021-04-28,BAS,4704,2158,2546,4263,441,ITF,ITF5,17,Basilicata,Basilicata,559084,244859,43.8,0.84
421,2021-03-02,BAS,794,383,411,659,135,ITF,ITF5,17,Basilicata,Basilicata,559084,245653,43.94,0.14
422,2021-04-21,BAS,3921,1835,2086,2271,1650,ITF,ITF5,17,Basilicata,Basilicata,559084,249574,44.64,0.7
423,2021-01-18,BAS,463,157,306,364,99,ITF,ITF5,17,Basilicata,Basilicata,559084,250037,44.72,0.08
424,2021-03-16,BAS,1904,801,1103,229,1675,ITF,ITF5,17,Basilicata,Basilicata,559084,251941,45.06,0.34
425,2021-05-05,BAS,4335,2048,2287,3445,890,ITF,ITF5,17,Basilicata,Basilicata,559084,256276,45.84,0.78
426,2021-01-12,BAS,217,88,129,217,0,ITF,ITF5,17,Basilicata,Basilicata,559084,256493,45.88,0.04
427,2021-05-10,BAS,4808,2384,2424,2768,2040,ITF,ITF5,17,Basilicata,Basilicata,559084,261301,46.74,0.86
428,2021-02-13,BAS,799,313,486,738,61,ITF,ITF5,17,Basilicata,Basilicata,559084,262100,46.88,0.14
429,2021-05-24,BAS,4826,2341,2485,1104,3722,ITF,ITF5,17,Basilicata,Basilicata,559084,266926,47.74,0.86
430,2021-06-02,BAS,5946,2796,3150,4409,1537,ITF,ITF5,17,Basilicata,Basilicata,559084,272872,48.81,1.06
431,2021-04-18,BAS,3720,1847,1873,2353,1367,ITF,ITF5,17,Basilicata,Basilicata,559084,276592,49.47,0.67
432,2021-02-20,BAS,1161,531,630,1043,118,ITF,ITF5,17,Basilicata,Basilicata,559084,277753,49.68,0.21
433,2021-01-23,BAS,719,303,416,33,686,ITF,ITF5,17,Basilicata,Basilicata,559084,278472,49.81,0.13
434,2021-05-03,BAS,4514,2044,2470,3687,827,ITF,ITF5,17,Basilicata,Basilicata,559084,282986,50.62,0.81
435,2021-02-09,BAS,491,213,278,316,175,ITF,ITF5,17,Basilicata,Basilicata,559084,283477,50.7,0.09
436,2021-03-28,BAS,2139,741,1398,2122,17,ITF,ITF5,17,Basilicata,Basilicata,559084,285616,51.09,0.38
437,2021-03-11,BAS,1791,925,866,832,959,ITF,ITF5,17,Basilicata,Basilicata,559084,287407,51.41,0.32
438,2021-03-09,BAS,1395,709,686,790,605,ITF,ITF5,17,Basilicata,Basilicata,559084,288802,51.66,0.25
439,2021-01-25,BAS,1023,429,594,74,949,ITF,ITF5,17,Basilicata,Basilicata,559084,289825,51.84,0.18
440,2021-01-11,BAS,183,66,117,183,0,ITF,ITF5,17,Basilicata,Basilicata,559084,290008,51.87,0.03
441,2021-03-30,BAS,2740,1157,1583,2395,345,ITF,ITF5,17,Basilicata,Basilicata,559084,292748,52.36,0.49
442,2021-01-06,BAS,294,129,165,294,0,ITF,ITF5,17,Basilicata,Basilicata,559084,293042,52.41,0.05
443,2021-04-16,BAS,3319,1632,1687,2421,898,ITF,ITF5,17,Basilicata,Basilicata,559084,296361,53.01,0.59
444,2021-02-28,BAS,804,343,461,775,29,ITF,ITF5,17,Basilicata,Basilicata,559084,297165,53.15,0.14
445,2021-01-02,BAS,949,380,569,949,0,ITF,ITF5,17,Basilicata,Basilicata,559084,298114,53.32,0.17
446,2021-01-16,BAS,721,304,417,721,0,ITF,ITF5,17,Basilicata,Basilicata,559084,298835,53.45,0.13
447,2021-04-26,BAS,4465,2165,2300,4245,220,ITF,ITF5,17,Basilicata,Basilicata,559084,303300,54.25,0.8
448,2021-02-21,BAS,284,113,171,284,0,ITF,ITF5,17,Basilicata,Basilicata,559084,303584,54.3,0.05
449,2021-03-21,BAS,1048,482,566,354,694,ITF,ITF5,17,Basilicata,Basilicata,559084,304632,54.49,0.19
450,2021-05-29,BAS,3012,1511,1501,831,2181,ITF,ITF5,17,Basilicata,Basilicata,559084,307644,55.03,0.54
451,2021-01-13,BAS,916,387,529,916,0,ITF,ITF5,17,Basilicata,Basilicata,559084,308560,55.19,0.16
452,2021-04-23,BAS,4536,2185,2351,3536,1000,ITF,ITF5,17,Basilicata,Basilicata,559084,313096,56.0,0.81
453,2021-01-30,BAS,704,227,477,128,576,ITF,ITF5,17,Basilicata,Basilicata,559084,313800,56.13,0.13
454,2021-02-08,BAS,557,193,364,151,406,ITF,ITF5,17,Basilicata,Basilicata,559084,314357,56.23,0.1
455,2021-05-19,BAS,2870,1498,1372,1194,1676,ITF,ITF5,17,Basilicata,Basilicata,559084,317227,56.74,0.51
456,2021-02-25,BAS,1787,736,1051,1741,46,ITF,ITF5,17,Basilicata,Basilicata,559084,319014,57.06,0.32
457,2021-02-06,BAS,902,367,535,146,756,ITF,ITF5,17,Basilicata,Basilicata,559084,319916,57.22,0.16
458,2021-04-30,BAS,5284,2373,2911,4121,1163,ITF,ITF5,17,Basilicata,Basilicata,559084,325200,58.17,0.95
459,2021-03-04,BAS,1879,892,987,1084,795,ITF,ITF5,17,Basilicata,Basilicata,559084,327079,58.5,0.34
460,2021-05-31,BAS,4066,1936,2130,1699,2367,ITF,ITF5,17,Basilicata,Basilicata,559084,331145,59.23,0.73
461,2021-02-18,BAS,1070,401,669,855,215,ITF,ITF5,17,Basilicata,Basilicata,559084,332215,59.42,0.19
462,2021-01-20,BAS,84,22,62,84,0,ITF,ITF5,17,Basilicata,Basilicata,559084,332299,59.44,0.02
463,2021-03-07,BAS,888,309,579,850,38,ITF,ITF5,17,Basilicata,Basilicata,559084,333187,59.6,0.16
464,2021-01-09,BAS,557,160,397,557,0,ITF,ITF5,17,Basilicata,Basilicata,559084,333744,59.69,0.1
465,2021-05-07,BAS,4651,2284,2367,3296,1355,ITF,ITF5,17,Basilicata,Basilicata,559084,338395,60.53,0.83
466,2021-05-14,BAS,5907,2798,3109,3374,2533,ITF,ITF5,17,Basilicata,Basilicata,559084,344302,61.58,1.06
467,2021-03-18,BAS,1350,564,786,25,1325,ITF,ITF5,17,Basilicata,Basilicata,559084,345652,61.82,0.24
468,2021-03-19,BAS,2290,992,1298,262,2028,ITF,ITF5,17,Basilicata,Basilicata,559084,347942,62.23,0.41
469,2021-02-16,BAS,906,377,529,808,98,ITF,ITF5,17,Basilicata,Basilicata,559084,348848,62.4,0.16
470,2021-01-28,BAS,903,401,502,119,784,ITF,ITF5,17,Basilicata,Basilicata,559084,349751,62.56,0.16
471,2021-01-14,BAS,969,413,556,969,0,ITF,ITF5,17,Basilicata,Basilicata,559084,350720,62.73,0.17
472,2021-04-07,BAS,1220,550,670,1182,38,ITF,ITF5,17,Basilicata,Basilicata,559084,351940,62.95,0.22
473,2021-04-25,BAS,2986,1458,1528,2933,53,ITF,ITF5,17,Basilicata,Basilicata,559084,354926,63.48,0.53
474,2021-05-12,BAS,4722,2324,2398,2839,1883,ITF,ITF5,17,Basilicata,Basilicata,559084,359648,64.33,0.84
475,2021-04-06,BAS,1267,461,806,1082,185,ITF,ITF5,17,Basilicata,Basilicata,559084,360915,64.55,0.23
476,2021-03-23,BAS,1584,608,976,1411,173,ITF,ITF5,17,Basilicata,Basilicata,559084,362499,64.84,0.28
477,2021-02-01,BAS,242,91,151,46,196,ITF,ITF5,17,Basilicata,Basilicata,559084,362741,64.88,0.04
478,2021-05-26,BAS,4578,2285,2293,1748,2830,ITF,ITF5,17,Basilicata,Basilicata,559084,367319,65.7,0.82
479,2021-02-22,ABR,2642,1173,1469,2612,30,ITF,ITF1,13,Abruzzo,Abruzzo,1304970,2642,0.2,0.2
480,2021-02-05,ABR,1535,522,1013,788,747,ITF,ITF1,13,Abruzzo,Abruzzo,1304970,4177,0.32,0.12
481,2021-05-16,ABR,9579,4138,5441,5764,3815,ITF,ITF1,13,Abruzzo,Abruzzo,1304970,13756,1.05,0.73
482,2021-06-04,ABR,15580,7350,8230,10888,4692,ITF,ITF1,13,Abruzzo,Abruzzo,1304970,29336,2.25,1.19
483,2021-05-18,ABR,12116,5662,6454,7732,4384,ITF,ITF1,13,Abruzzo,Abruzzo,1304970,41452,3.18,0.93
484,2021-02-24,ABR,3305,1441,1864,3129,176,ITF,ITF1,13,Abruzzo,Abruzzo,1304970,44757,3.43,0.25
485,2021-05-04,ABR,10667,5004,5663,7050,3617,ITF,ITF1,13,Abruzzo,Abruzzo,1304970,55424,4.25,0.82
486,2021-03-08,ABR,5120,1666,3454,4149,971,ITF,ITF1,13,Abruzzo,Abruzzo,1304970,60544,4.64,0.39
487,2021-01-24,ABR,50,22,28,6,44,ITF,ITF1,13,Abruzzo,Abruzzo,1304970,60594,4.64,0.0
488,2021-03-01,ABR,3479,1386,2093,2727,752,ITF,ITF1,13,Abruzzo,Abruzzo,1304970,64073,4.91,0.27
489,2021-01-10,ABR,1139,409,730,1139,0,ITF,ITF1,13,Abruzzo,Abruzzo,1304970,65212,5.0,0.09
490,2021-04-29,ABR,12669,5850,6819,9574,3095,ITF,ITF1,13,Abruzzo,Abruzzo,1304970,77881,5.97,0.97
491,2021-01-15,ABR,379,149,230,379,0,ITF,ITF1,13,Abruzzo,Abruzzo,1304970,78260,6.0,0.03
492,2021-04-27,ABR,9085,4370,4715,6617,2468,ITF,ITF1,13,Abruzzo,Abruzzo,1304970,87345,6.69,0.7
493,2021-03-15,ABR,3625,1389,2236,1817,1808,ITF,ITF1,13,Abruzzo,Abruzzo,1304970,90970,6.97,0.28
494,2021-01-17,ABR,188,59,129,181,7,ITF,ITF1,13,Abruzzo,Abruzzo,1304970,91158,6.99,0.01
495,2021-05-30,ABR,8560,4067,4493,5348,3212,ITF,ITF1,13,Abruzzo,Abruzzo,1304970,99718,7.64,0.66
496,2021-04-03,ABR,5085,2221,2864,3489,1596,ITF,ITF1,13,Abruzzo,Abruzzo,1304970,104803,8.03,0.39
497,2021-02-12,ABR,1228,567,661,1039,189,ITF,ITF1,13,Abruzzo,Abruzzo,1304970,106031,8.13,0.09
498,2021-05-23,ABR,9886,4700,5186,7189,2697,ITF,ITF1,13,Abruzzo,Abruzzo,1304970,115917,8.88,0.76
499,2021-06-06,ABR,11026,5257,5769,8833,2193,ITF,ITF1,13,Abruzzo,Abruzzo,1304970,126943,9.73,0.84
500,2021-04-10,ABR,8773,4057,4716,6265,2508,ITF,ITF1,13,Abruzzo,Abruzzo,1304970,135716,10.4,0.67
501,2021-01-22,ABR,118,57,61,118,0,ITF,ITF1,13,Abruzzo,Abruzzo,1304970,135834,10.41,0.01
502,2021-01-03,ABR,471,185,286,471,0,ITF,ITF1,13,Abruzzo,Abruzzo,1304970,136305,10.45,0.04
503,2021-03-27,ABR,6121,2620,3501,3636,2485,ITF,ITF1,13,Abruzzo,Abruzzo,1304970,142426,10.91,0.47
504,2021-01-05,ABR,1615,604,1011,1615,0,ITF,ITF1,13,Abruzzo,Abruzzo,1304970,144041,11.04,0.12
505,2021-04-15,ABR,7820,3680,4140,5980,1840,ITF,ITF1,13,Abruzzo,Abruzzo,1304970,151861,11.64,0.6
506,2021-02-10,ABR,947,312,635,503,444,ITF,ITF1,13,Abruzzo,Abruzzo,1304970,152808,11.71,0.07
507,2021-02-03,ABR,2060,717,1343,419,1641,ITF,ITF1,13,Abruzzo,Abruzzo,1304970,154868,11.87,0.16
508,2021-02-28,ABR,1703,508,1195,1701,2,ITF,ITF1,13,Abruzzo,Abruzzo,1304970,156571,12.0,0.13
509,2021-03-03,ABR,4622,1881,2741,3716,906,ITF,ITF1,13,Abruzzo,Abruzzo,1304970,161193,12.35,0.35
510,2021-04-08,ABR,7394,3336,4058,5069,2325,ITF,ITF1,13,Abruzzo,Abruzzo,1304970,168587,12.92,0.57
511,2021-04-22,ABR,6661,3192,3469,4980,1681,ITF,ITF1,13,Abruzzo,Abruzzo,1304970,175248,13.43,0.51
512,2021-03-22,ABR,4280,1851,2429,2310,1970,ITF,ITF1,13,Abruzzo,Abruzzo,1304970,179528,13.76,0.33
513,2020-12-27,ABR,37,19,18,37,0,ITF,ITF1,13,Abruzzo,Abruzzo,1304970,179565,13.76,0.0
514,2021-03-20,ABR,4787,2197,2590,2618,2169,ITF,ITF1,13,Abruzzo,Abruzzo,1304970,184352,14.13,0.37
515,2021-01-29,ABR,1387,449,938,74,1313,ITF,ITF1,13,Abruzzo,Abruzzo,1304970,185739,14.23,0.11
516,2021-01-19,ABR,111,55,56,91,20,ITF,ITF1,13,Abruzzo,Abruzzo,1304970,185850,14.24,0.01
517,2021-02-07,ABR,778,307,471,201,577,ITF,ITF1,13,Abruzzo,Abruzzo,1304970,186628,14.3,0.06
518,2021-01-21,ABR,157,47,110,157,0,ITF,ITF1,13,Abruzzo,Abruzzo,1304970,186785,14.31,0.01
519,2021-05-01,ABR,10746,5052,5694,5772,4974,ITF,ITF1,13,Abruzzo,Abruzzo,1304970,197531,15.14,0.82
520,2021-05-20,ABR,12549,5783,6766,7331,5218,ITF,ITF1,13,Abruzzo,Abruzzo,1304970,210080,16.1,0.96
521,2021-02-02,ABR,1778,672,1106,222,1556,ITF,ITF1,13,Abruzzo,Abruzzo,1304970,211858,16.23,0.14
522,2021-05-13,ABR,11148,5042,6106,7188,3960,ITF,ITF1,13,Abruzzo,Abruzzo,1304970,223006,17.09,0.85
523,2021-03-31,ABR,6650,2881,3769,4582,2068,ITF,ITF1,13,Abruzzo,Abruzzo,1304970,229656,17.6,0.51
524,2021-05-15,ABR,11421,5174,6247,6126,5295,ITF,ITF1,13,Abruzzo,Abruzzo,1304970,241077,18.47,0.88
525,2021-03-10,ABR,5013,1656,3357,4057,956,ITF,ITF1,13,Abruzzo,Abruzzo,1304970,246090,18.86,0.38
526,2021-01-26,ABR,1542,567,975,30,1512,ITF,ITF1,13,Abruzzo,Abruzzo,1304970,247632,18.98,0.12
527,2021-05-06,ABR,13071,6126,6945,8009,5062,ITF,ITF1,13,Abruzzo,Abruzzo,1304970,260703,19.98,1.0
528,2021-03-17,ABR,4539,1873,2666,2799,1740,ITF,ITF1,13,Abruzzo,Abruzzo,1304970,265242,20.33,0.35
529,2021-03-24,ABR,6385,2784,3601,4133,2252,ITF,ITF1,13,Abruzzo,Abruzzo,1304970,271627,20.81,0.49
530,2021-02-09,ABR,908,311,597,499,409,ITF,ITF1,13,Abruzzo,Abruzzo,1304970,272535,20.88,0.07
531,2021-04-17,ABR,7346,3398,3948,4293,3053,ITF,ITF1,13,Abruzzo,Abruzzo,1304970,279881,21.45,0.56
532,2021-02-19,ABR,3300,1551,1749,3200,100,ITF,ITF1,13,Abruzzo,Abruzzo,1304970,283181,21.7,0.25
533,2021-01-07,ABR,1603,552,1051,1603,0,ITF,ITF1,13,Abruzzo,Abruzzo,1304970,284784,21.82,0.12
534,2021-03-29,ABR,5624,2524,3100,2985,2639,ITF,ITF1,13,Abruzzo,Abruzzo,1304970,290408,22.25,0.43
535,2021-06-03,ABR,12972,6153,6819,9269,3703,ITF,ITF1,13,Abruzzo,Abruzzo,1304970,303380,23.25,0.99
536,2021-03-12,ABR,6016,1988,4028,4434,1582,ITF,ITF1,13,Abruzzo,Abruzzo,1304970,309396,23.71,0.46
537,2021-01-02,ABR,548,218,330,548,0,ITF,ITF1,13,Abruzzo,Abruzzo,1304970,309944,23.75,0.04
538,2021-06-08,ABR,12622,6439,6183,10514,2108,ITF,ITF1,13,Abruzzo,Abruzzo,1304970,322566,24.72,0.97
539,2021-04-26,ABR,8563,4066,4497,7349,1214,ITF,ITF1,13,Abruzzo,Abruzzo,1304970,331129,25.37,0.66
540,2021-06-01,ABR,10922,4822,6100,6558,4364,ITF,ITF1,13,Abruzzo,Abruzzo,1304970,342051,26.21,0.84
541,2021-04-19,ABR,6225,2856,3369,3854,2371,ITF,ITF1,13,Abruzzo,Abruzzo,1304970,348276,26.69,0.48
542,2021-02-21,ABR,1218,550,668,1217,1,ITF,ITF1,13,Abruzzo,Abruzzo,1304970,349494,26.78,0.09
543,2021-04-12,ABR,6224,2949,3275,5050,1174,ITF,ITF1,13,Abruzzo,Abruzzo,1304970,355718,27.26,0.48
544,2021-05-27,ABR,12924,5875,7049,8243,4681,ITF,ITF1,13,Abruzzo,Abruzzo,1304970,368642,28.25,0.99
545,2021-03-19,ABR,5794,2584,3210,2774,3020,ITF,ITF1,13,Abruzzo,Abruzzo,1304970,374436,28.69,0.44
546,2021-03-05,ABR,5346,1958,3388,4649,697,ITF,ITF1,13,Abruzzo,Abruzzo,1304970,379782,29.1,0.41
547,2021-04-07,ABR,7165,3294,3871,4408,2757,ITF,ITF1,13,Abruzzo,Abruzzo,1304970,386947,29.65,0.55
548,2021-05-08,ABR,10302,4876,5426,6467,3835,ITF,ITF1,13,Abruzzo,Abruzzo,1304970,397249,30.44,0.79
549,2021-02-17,ABR,2073,950,1123,1791,282,ITF,ITF1,13,Abruzzo,Abruzzo,1304970,399322,30.6,0.16
550,2021-05-11,ABR,10740,5098,5642,5909,4831,ITF,ITF1,13,Abruzzo,Abruzzo,1304970,410062,31.42,0.82
551,2021-04-05,ABR,2693,1147,1546,1813,880,ITF,ITF1,13,Abruzzo,Abruzzo,1304970,412755,31.63,0.21
552,2021-01-12,ABR,1804,666,1138,1804,0,ITF,ITF1,13,Abruzzo,Abruzzo,1304970,414559,31.77,0.14
553,2021-05-25,ABR,11212,5195,6017,8090,3122,ITF,ITF1,13,Abruzzo,Abruzzo,1304970,425771,32.63,0.86
554,2021-03-28,ABR,2414,1016,1398,2043,371,ITF,ITF1,13,Abruzzo,Abruzzo,1304970,428185,32.81,0.18
555,2021-04-14,ABR,6573,2938,3635,4490,2083,ITF,ITF1,13,Abruzzo,Abruzzo,1304970,434758,33.32,0.5
556,2021-01-04,ABR,1401,575,826,1401,0,ITF,ITF1,13,Abruzzo,Abruzzo,1304970,436159,33.42,0.11
557,2021-01-23,ABR,264,115,149,57,207,ITF,ITF1,13,Abruzzo,Abruzzo,1304970,436423,33.44,0.02
558,2021-05-03,ABR,11107,5239,5868,7259,3848,ITF,ITF1,13,Abruzzo,Abruzzo,1304970,447530,34.29,0.85
559,2021-04-09,ABR,8795,4141,4654,6256,2539,ITF,ITF1,13,Abruzzo,Abruzzo,1304970,456325,34.97,0.67
560,2021-04-02,ABR,6684,3093,3591,5197,1487,ITF,ITF1,13,Abruzzo,Abruzzo,1304970,463009,35.48,0.51
561,2021-02-04,ABR,1679,615,1064,609,1070,ITF,ITF1,13,Abruzzo,Abruzzo,1304970,464688,35.61,0.13
562,2021-04-04,ABR,1631,768,863,1502,129,ITF,ITF1,13,Abruzzo,Abruzzo,1304970,466319,35.73,0.12
563,2021-02-27,ABR,2810,1337,1473,2545,265,ITF,ITF1,13,Abruzzo,Abruzzo,1304970,469129,35.95,0.22
564,2021-06-07,ABR,11060,5282,5778,9244,1816,ITF,ITF1,13,Abruzzo,Abruzzo,1304970,480189,36.8,0.85
565,2021-04-11,ABR,5330,2606,2724,4847,483,ITF,ITF1,13,Abruzzo,Abruzzo,1304970,485519,37.21,0.41
566,2021-02-11,ABR,816,262,554,773,43,ITF,ITF1,13,Abruzzo,Abruzzo,1304970,486335,37.27,0.06
567,2021-05-24,ABR,12174,5784,6390,8876,3298,ITF,ITF1,13,Abruzzo,Abruzzo,1304970,498509,38.2,0.93
568,2021-02-18,ABR,2288,933,1355,2158,130,ITF,ITF1,13,Abruzzo,Abruzzo,1304970,500797,38.38,0.18
569,2021-05-29,ABR,10178,4410,5768,4543,5635,ITF,ITF1,13,Abruzzo,Abruzzo,1304970,510975,39.16,0.78
570,2021-03-14,ABR,1873,731,1142,1207,666,ITF,ITF1,13,Abruzzo,Abruzzo,1304970,512848,39.3,0.14
571,2021-02-25,ABR,3042,1330,1712,2514,528,ITF,ITF1,13,Abruzzo,Abruzzo,1304970,515890,39.53,0.23
572,2021-06-05,ABR,14606,6860,7746,10555,4051,ITF,ITF1,13,Abruzzo,Abruzzo,1304970,530496,40.65,1.12
573,2021-05-17,ABR,11024,5038,5986,6165,4859,ITF,ITF1,13,Abruzzo,Abruzzo,1304970,541520,41.5,0.84
574,2021-02-23,ABR,2782,1275,1507,2771,11,ITF,ITF1,13,Abruzzo,Abruzzo,1304970,544302,41.71,0.21
575,2021-02-26,ABR,3914,1670,2244,2946,968,ITF,ITF1,13,Abruzzo,Abruzzo,1304970,548216,42.01,0.3
576,2021-01-18,ABR,123,49,74,46,77,ITF,ITF1,13,Abruzzo,Abruzzo,1304970,548339,42.02,0.01
577,2021-04-28,ABR,9510,4585,4925,7486,2024,ITF,ITF1,13,Abruzzo,Abruzzo,1304970,557849,42.75,0.73
578,2021-05-12,ABR,9615,4585,5030,6046,3569,ITF,ITF1,13,Abruzzo,Abruzzo,1304970,567464,43.48,0.74
579,2021-03-16,ABR,3484,1452,2032,1830,1654,ITF,ITF1,13,Abruzzo,Abruzzo,1304970,570948,43.75,0.27
580,2021-05-05,ABR,11589,5552,6037,6451,5138,ITF,ITF1,13,Abruzzo,Abruzzo,1304970,582537,44.64,0.89
581,2021-03-09,ABR,5166,1795,3371,4228,938,ITF,ITF1,13,Abruzzo,Abruzzo,1304970,587703,45.04,0.4
582,2021-01-31,ABR,1518,492,1026,286,1232,ITF,ITF1,13,Abruzzo,Abruzzo,1304970,589221,45.15,0.12
583,2021-05-10,ABR,10106,4782,5324,5458,4648,ITF,ITF1,13,Abruzzo,Abruzzo,1304970,599327,45.93,0.77
584,2021-04-23,ABR,7370,3383,3987,5068,2302,ITF,ITF1,13,Abruzzo,Abruzzo,1304970,606697,46.49,0.56
585,2021-01-30,ABR,1510,567,943,69,1441,ITF,ITF1,13,Abruzzo,Abruzzo,1304970,608207,46.61,0.12
586,2021-03-21,ABR,2135,914,1221,844,1291,ITF,ITF1,13,Abruzzo,Abruzzo,1304970,610342,46.77,0.16
587,2021-05-22,ABR,13071,6351,6720,8171,4900,ITF,ITF1,13,Abruzzo,Abruzzo,1304970,623413,47.77,1.0
588,2021-03-26,ABR,5308,2266,3042,3232,2076,ITF,ITF1,13,Abruzzo,Abruzzo,1304970,628721,48.18,0.41
589,2021-05-31,ABR,11221,5046,6175,6908,4313,ITF,ITF1,13,Abruzzo,Abruzzo,1304970,639942,49.04,0.86
590,2021-04-20,ABR,5589,2689,2900,4179,1410,ITF,ITF1,13,Abruzzo,Abruzzo,1304970,645531,49.47,0.43
591,2021-04-25,ABR,9066,4621,4445,8256,810,ITF,ITF1,13,Abruzzo,Abruzzo,1304970,654597,50.16,0.69
592,2021-03-06,ABR,4175,1357,2818,3605,570,ITF,ITF1,13,Abruzzo,Abruzzo,1304970,658772,50.48,0.32
593,2021-04-16,ABR,7536,3488,4048,5619,1917,ITF,ITF1,13,Abruzzo,Abruzzo,1304970,666308,51.06,0.58
594,2021-03-11,ABR,5475,2201,3274,4337,1138,ITF,ITF1,13,Abruzzo,Abruzzo,1304970,671783,51.48,0.42
595,2021-06-02,ABR,9687,4694,4993,6876,2811,ITF,ITF1,13,Abruzzo,Abruzzo,1304970,681470,52.22,0.74
596,2021-03-13,ABR,4124,1420,2704,3081,1043,ITF,ITF1,13,Abruzzo,Abruzzo,1304970,685594,52.54,0.32
597,2021-03-30,ABR,5056,2197,2859,3232,1824,ITF,ITF1,13,Abruzzo,Abruzzo,1304970,690650,52.92,0.39
598,2021-02-01,ABR,1632,573,1059,271,1361,ITF,ITF1,13,Abruzzo,Abruzzo,1304970,692282,53.05,0.13
599,2021-03-23,ABR,4782,2143,2639,2216,2566,ITF,ITF1,13,Abruzzo,Abruzzo,1304970,697064,53.42,0.37
600,2021-01-25,ABR,1604,632,972,19,1585,ITF,ITF1,13,Abruzzo,Abruzzo,1304970,698668,53.54,0.12
601,2021-01-06,ABR,1830,664,1166,1830,0,ITF,ITF1,13,Abruzzo,Abruzzo,1304970,700498,53.68,0.14
602,2021-01-16,ABR,930,429,501,930,0,ITF,ITF1,13,Abruzzo,Abruzzo,1304970,701428,53.75,0.07
603,2021-03-07,ABR,2523,630,1893,2523,0,ITF,ITF1,13,Abruzzo,Abruzzo,1304970,703951,53.94,0.19
604,2021-01-09,ABR,1483,565,918,1483,0,ITF,ITF1,13,Abruzzo,Abruzzo,1304970,705434,54.06,0.11
605,2021-01-13,ABR,1253,440,813,1253,0,ITF,ITF1,13,Abruzzo,Abruzzo,1304970,706687,54.15,0.1
606,2021-02-13,ABR,852,384,468,438,414,ITF,ITF1,13,Abruzzo,Abruzzo,1304970,707539,54.22,0.07
607,2021-03-04,ABR,5935,2359,3576,5013,922,ITF,ITF1,13,Abruzzo,Abruzzo,1304970,713474,54.67,0.45
608,2021-02-06,ABR,1611,743,868,602,1009,ITF,ITF1,13,Abruzzo,Abruzzo,1304970,715085,54.8,0.12
609,2021-02-08,ABR,1197,396,801,487,710,ITF,ITF1,13,Abruzzo,Abruzzo,1304970,716282,54.89,0.09
610,2021-05-19,ABR,10693,5109,5584,7654,3039,ITF,ITF1,13,Abruzzo,Abruzzo,1304970,726975,55.71,0.82
611,2021-04-30,ABR,12391,5803,6588,6701,5690,ITF,ITF1,13,Abruzzo,Abruzzo,1304970,739366,56.66,0.95
612,2021-04-13,ABR,5879,2752,3127,4679,1200,ITF,ITF1,13,Abruzzo,Abruzzo,1304970,745245,57.11,0.45
613,2021-01-20,ABR,447,156,291,445,2,ITF,ITF1,13,Abruzzo,Abruzzo,1304970,745692,57.14,0.03
614,2021-05-28,ABR,13955,6275,7680,7610,6345,ITF,ITF1,13,Abruzzo,Abruzzo,1304970,759647,58.21,1.07
615,2021-01-08,ABR,1525,507,1018,1525,0,ITF,ITF1,13,Abruzzo,Abruzzo,1304970,761172,58.33,0.12
616,2021-04-18,ABR,5812,2726,3086,4870,942,ITF,ITF1,13,Abruzzo,Abruzzo,1304970,766984,58.77,0.45
617,2021-02-20,ABR,4776,1842,2934,4700,76,ITF,ITF1,13,Abruzzo,Abruzzo,1304970,771760,59.14,0.37
618,2021-05-02,ABR,10425,5089,5336,5215,5210,ITF,ITF1,13,Abruzzo,Abruzzo,1304970,782185,59.94,0.8
619,2021-05-07,ABR,12191,5699,6492,7763,4428,ITF,ITF1,13,Abruzzo,Abruzzo,1304970,794376,60.87,0.93
620,2021-03-25,ABR,5686,2561,3125,3070,2616,ITF,ITF1,13,Abruzzo,Abruzzo,1304970,800062,61.31,0.44
621,2021-01-27,ABR,1364,515,849,39,1325,ITF,ITF1,13,Abruzzo,Abruzzo,1304970,801426,61.41,0.1
622,2021-05-21,ABR,13004,6329,6675,8027,4977,ITF,ITF1,13,Abruzzo,Abruzzo,1304970,814430,62.41,1.0
623,2021-03-18,ABR,3896,1651,2245,2065,1831,ITF,ITF1,13,Abruzzo,Abruzzo,1304970,818326,62.71,0.3
624,2021-05-14,ABR,10601,5076,5525,5442,5159,ITF,ITF1,13,Abruzzo,Abruzzo,1304970,828927,63.52,0.81
625,2021-04-01,ABR,5522,2442,3080,3435,2087,ITF,ITF1,13,Abruzzo,Abruzzo,1304970,834449,63.94,0.42
626,2021-04-24,ABR,8709,3970,4739,7179,1530,ITF,ITF1,13,Abruzzo,Abruzzo,1304970,843158,64.61,0.67
627,2021-01-14,ABR,530,189,341,530,0,ITF,ITF1,13,Abruzzo,Abruzzo,1304970,843688,64.65,0.04
628,2021-02-16,ABR,1918,843,1075,1906,12,ITF,ITF1,13,Abruzzo,Abruzzo,1304970,845606,64.8,0.15
629,2021-03-02,ABR,3962,1675,2287,3278,684,ITF,ITF1,13,Abruzzo,Abruzzo,1304970,849568,65.1,0.3
630,2021-01-28,ABR,1433,495,938,12,1421,ITF,ITF1,13,Abruzzo,Abruzzo,1304970,851001,65.21,0.11
631,2021-01-11,ABR,1551,557,994,1551,0,ITF,ITF1,13,Abruzzo,Abruzzo,1304970,852552,65.33,0.12
632,2021-04-21,ABR,6388,3100,3288,4714,1674,ITF,ITF1,13,Abruzzo,Abruzzo,1304970,858940,65.82,0.49
633,2021-04-06,ABR,7681,3581,4100,5362,2319,ITF,ITF1,13,Abruzzo,Abruzzo,1304970,866621,66.41,0.59
634,2021-05-09,ABR,9152,4088,5064,4283,4869,ITF,ITF1,13,Abruzzo,Abruzzo,1304970,875773,67.11,0.7
635,2021-02-15,ABR,1794,831,963,1752,42,ITF,ITF1,13,Abruzzo,Abruzzo,1304970,877567,67.25,0.14
636,2021-05-26,ABR,13308,5905,7403,8381,4927,ITF,ITF1,13,Abruzzo,Abruzzo,1304970,890875,68.27,1.02
637,2021-06-02,UMB,3941,1894,2047,3901,40,ITI,ITI2,10,Umbria,Umbria,882015,3941,0.45,0.45
638,2021-02-20,UMB,282,100,182,258,24,ITI,ITI2,10,Umbria,Umbria,882015,4223,0.48,0.03
639,2021-03-09,UMB,4051,1971,2080,2760,1291,ITI,ITI2,10,Umbria,Umbria,882015,8274,0.94,0.46
640,2021-05-31,UMB,5782,2817,2965,4919,863,ITI,ITI2,10,Umbria,Umbria,882015,14056,1.59,0.66
641,2021-05-14,UMB,5249,2438,2811,3443,1806,ITI,ITI2,10,Umbria,Umbria,882015,19305,2.19,0.6
642,2021-02-01,UMB,1285,342,943,48,1237,ITI,ITI2,10,Umbria,Umbria,882015,20590,2.33,0.15
643,2021-02-18,UMB,1496,582,914,1030,466,ITI,ITI2,10,Umbria,Umbria,882015,22086,2.5,0.17
644,2021-03-23,UMB,3797,1685,2112,2168,1629,ITI,ITI2,10,Umbria,Umbria,882015,25883,2.93,0.43
645,2021-02-08,UMB,637,203,434,88,549,ITI,ITI2,10,Umbria,Umbria,882015,26520,3.01,0.07
646,2021-05-19,UMB,9396,4199,5197,5651,3745,ITI,ITI2,10,Umbria,Umbria,882015,35916,4.07,1.07
647,2021-02-06,UMB,396,138,258,34,362,ITI,ITI2,10,Umbria,Umbria,882015,36312,4.12,0.04
648,2021-05-26,UMB,9610,4545,5065,8379,1231,ITI,ITI2,10,Umbria,Umbria,882015,45922,5.21,1.09
649,2021-04-06,UMB,5290,2169,3121,2901,2389,ITI,ITI2,10,Umbria,Umbria,882015,51212,5.81,0.6
650,2021-03-28,UMB,1096,442,654,1072,24,ITI,ITI2,10,Umbria,Umbria,882015,52308,5.93,0.12
651,2021-01-30,UMB,1590,490,1100,44,1546,ITI,ITI2,10,Umbria,Umbria,882015,53898,6.11,0.18
652,2021-05-12,UMB,6478,3015,3463,4335,2143,ITI,ITI2,10,Umbria,Umbria,882015,60376,6.85,0.73
653,2021-01-01,UMB,274,105,169,274,0,ITI,ITI2,10,Umbria,Umbria,882015,60650,6.88,0.03
654,2021-04-11,UMB,3102,1503,1599,3053,49,ITI,ITI2,10,Umbria,Umbria,882015,63752,7.23,0.35
655,2021-01-18,UMB,614,219,395,529,85,ITI,ITI2,10,Umbria,Umbria,882015,64366,7.3,0.07
656,2021-04-23,UMB,6610,2786,3824,3489,3121,ITI,ITI2,10,Umbria,Umbria,882015,70976,8.05,0.75
657,2021-02-25,UMB,1336,497,839,1284,52,ITI,ITI2,10,Umbria,Umbria,882015,72312,8.2,0.15
658,2021-03-11,UMB,3565,1697,1868,2559,1006,ITI,ITI2,10,Umbria,Umbria,882015,75877,8.6,0.4
659,2021-01-13,UMB,450,139,311,450,0,ITI,ITI2,10,Umbria,Umbria,882015,76327,8.65,0.05
660,2021-01-06,UMB,846,325,521,846,0,ITI,ITI2,10,Umbria,Umbria,882015,77173,8.75,0.1
661,2021-04-16,UMB,8111,3747,4364,6273,1838,ITI,ITI2,10,Umbria,Umbria,882015,85284,9.67,0.92
662,2021-04-30,UMB,6232,2962,3270,2843,3389,ITI,ITI2,10,Umbria,Umbria,882015,91516,10.38,0.71
663,2021-03-04,UMB,4485,1853,2632,3657,828,ITI,ITI2,10,Umbria,Umbria,882015,96001,10.88,0.51
664,2021-01-20,UMB,613,222,391,613,0,ITI,ITI2,10,Umbria,Umbria,882015,96614,10.95,0.07
665,2021-05-07,UMB,10106,4695,5411,6906,3200,ITI,ITI2,10,Umbria,Umbria,882015,106720,12.1,1.15
666,2021-03-18,UMB,2942,1164,1778,1704,1238,ITI,ITI2,10,Umbria,Umbria,882015,109662,12.43,0.33
667,2021-02-13,UMB,115,28,87,112,3,ITI,ITI2,10,Umbria,Umbria,882015,109777,12.45,0.01
668,2021-05-24,UMB,9015,4480,4535,8169,846,ITI,ITI2,10,Umbria,Umbria,882015,118792,13.47,1.02
669,2021-04-18,UMB,1530,680,850,600,930,ITI,ITI2,10,Umbria,Umbria,882015,120322,13.64,0.17
670,2021-01-11,UMB,1315,346,969,1315,0,ITI,ITI2,10,Umbria,Umbria,882015,121637,13.79,0.15
671,2021-05-05,UMB,7195,3290,3905,3895,3300,ITI,ITI2,10,Umbria,Umbria,882015,128832,14.61,0.82
672,2021-01-25,UMB,648,323,325,5,643,ITI,ITI2,10,Umbria,Umbria,882015,129480,14.68,0.07
673,2021-04-04,UMB,59,20,39,23,36,ITI,ITI2,10,Umbria,Umbria,882015,129539,14.69,0.01
674,2021-06-07,UMB,6848,3351,3497,6211,637,ITI,ITI2,10,Umbria,Umbria,882015,136387,15.46,0.78
675,2021-03-16,UMB,3538,1454,2084,1911,1627,ITI,ITI2,10,Umbria,Umbria,882015,139925,15.86,0.4
676,2021-02-27,UMB,1658,354,1304,1642,16,ITI,ITI2,10,Umbria,Umbria,882015,141583,16.05,0.19
677,2021-04-03,UMB,2111,716,1395,1058,1053,ITI,ITI2,10,Umbria,Umbria,882015,143694,16.29,0.24
678,2021-05-16,UMB,5318,2535,2783,5266,52,ITI,ITI2,10,Umbria,Umbria,882015,149012,16.89,0.6
679,2021-04-27,UMB,5665,2403,3262,3088,2577,ITI,ITI2,10,Umbria,Umbria,882015,154677,17.54,0.64
680,2021-02-03,UMB,725,174,551,67,658,ITI,ITI2,10,Umbria,Umbria,882015,155402,17.62,0.08
681,2021-05-28,UMB,9506,4369,5137,7267,2239,ITI,ITI2,10,Umbria,Umbria,882015,164908,18.7,1.08
682,2021-04-15,UMB,7630,3484,4146,5744,1886,ITI,ITI2,10,Umbria,Umbria,882015,172538,19.56,0.87
683,2021-02-17,UMB,1618,748,870,1267,351,ITI,ITI2,10,Umbria,Umbria,882015,174156,19.75,0.18
684,2021-04-13,UMB,7679,3400,4279,6010,1669,ITI,ITI2,10,Umbria,Umbria,882015,181835,20.62,0.87
685,2021-02-15,UMB,1368,692,676,1367,1,ITI,ITI2,10,Umbria,Umbria,882015,183203,20.77,0.16
686,2021-01-03,UMB,270,112,158,270,0,ITI,ITI2,10,Umbria,Umbria,882015,183473,20.8,0.03
687,2021-03-30,UMB,3948,1705,2243,2416,1532,ITI,ITI2,10,Umbria,Umbria,882015,187421,21.25,0.45
688,2020-12-27,UMB,86,45,41,86,0,ITI,ITI2,10,Umbria,Umbria,882015,187507,21.26,0.01
689,2021-02-22,UMB,1859,778,1081,1773,86,ITI,ITI2,10,Umbria,Umbria,882015,189366,21.47,0.21
690,2021-04-08,UMB,5873,2506,3367,4078,1795,ITI,ITI2,10,Umbria,Umbria,882015,195239,22.14,0.67
691,2021-06-04,UMB,8867,4383,4484,7691,1176,ITI,ITI2,10,Umbria,Umbria,882015,204106,23.14,1.01
692,2021-04-25,UMB,4364,1685,2679,4282,82,ITI,ITI2,10,Umbria,Umbria,882015,208470,23.64,0.49
693,2021-03-06,UMB,4267,1110,3157,4124,143,ITI,ITI2,10,Umbria,Umbria,882015,212737,24.12,0.48
694,2021-01-22,UMB,276,105,171,32,244,ITI,ITI2,10,Umbria,Umbria,882015,213013,24.15,0.03
695,2021-05-02,UMB,3787,1868,1919,1333,2454,ITI,ITI2,10,Umbria,Umbria,882015,216800,24.58,0.43
696,2021-03-20,UMB,2298,833,1465,2273,25,ITI,ITI2,10,Umbria,Umbria,882015,219098,24.84,0.26
697,2021-05-30,UMB,5971,2992,2979,5780,191,ITI,ITI2,10,Umbria,Umbria,882015,225069,25.52,0.68
698,2021-03-08,UMB,3672,1801,1871,2309,1363,ITI,ITI2,10,Umbria,Umbria,882015,228741,25.93,0.42
699,2021-03-25,UMB,3904,1699,2205,2840,1064,ITI,ITI2,10,Umbria,Umbria,882015,232645,26.38,0.44
700,2021-03-27,UMB,4253,1512,2741,3913,340,ITI,ITI2,10,Umbria,Umbria,882015,236898,26.86,0.48
701,2021-05-11,UMB,6229,2828,3401,4027,2202,ITI,ITI2,10,Umbria,Umbria,882015,243127,27.56,0.71
702,2021-01-08,UMB,1190,345,845,1190,0,ITI,ITI2,10,Umbria,Umbria,882015,244317,27.7,0.13
703,2021-05-23,UMB,5068,1855,3213,652,4416,ITI,ITI2,10,Umbria,Umbria,882015,249385,28.27,0.57
704,2021-04-20,UMB,5439,2356,3083,3492,1947,ITI,ITI2,10,Umbria,Umbria,882015,254824,28.89,0.62
705,2021-01-27,UMB,840,330,510,13,827,ITI,ITI2,10,Umbria,Umbria,882015,255664,28.99,0.1
706,2021-01-10,UMB,1070,277,793,1070,0,ITI,ITI2,10,Umbria,Umbria,882015,256734,29.11,0.12
707,2021-05-21,UMB,8927,3639,5288,4123,4804,ITI,ITI2,10,Umbria,Umbria,882015,265661,30.12,1.01
708,2021-05-04,UMB,5531,2543,2988,2410,3121,ITI,ITI2,10,Umbria,Umbria,882015,271192,30.75,0.63
709,2021-04-01,UMB,4374,1836,2538,2366,2008,ITI,ITI2,10,Umbria,Umbria,882015,275566,31.24,0.5
710,2021-03-01,UMB,1503,774,729,1389,114,ITI,ITI2,10,Umbria,Umbria,882015,277069,31.41,0.17
711,2021-03-15,UMB,4596,1930,2666,2828,1768,ITI,ITI2,10,Umbria,Umbria,882015,281665,31.93,0.52
712,2021-02-10,UMB,715,349,366,700,15,ITI,ITI2,10,Umbria,Umbria,882015,282380,32.02,0.08
713,2021-02-05,UMB,780,234,546,18,762,ITI,ITI2,10,Umbria,Umbria,882015,283160,32.1,0.09
714,2021-04-12,UMB,7088,3078,4010,5370,1718,ITI,ITI2,10,Umbria,Umbria,882015,290248,32.91,0.8
715,2021-01-19,UMB,103,23,80,103,0,ITI,ITI2,10,Umbria,Umbria,882015,290351,32.92,0.01
716,2021-04-29,UMB,5214,2247,2967,2888,2326,ITI,ITI2,10,Umbria,Umbria,882015,295565,33.51,0.59
717,2021-03-24,UMB,4073,1760,2313,2750,1323,ITI,ITI2,10,Umbria,Umbria,882015,299638,33.97,0.46
718,2021-04-10,UMB,7468,3512,3956,7333,135,ITI,ITI2,10,Umbria,Umbria,882015,307106,34.82,0.85
719,2021-01-17,UMB,54,17,37,54,0,ITI,ITI2,10,Umbria,Umbria,882015,307160,34.82,0.01
720,2020-12-31,UMB,322,127,195,322,0,ITI,ITI2,10,Umbria,Umbria,882015,307482,34.86,0.04
721,2021-04-22,UMB,5430,2231,3199,2768,2662,ITI,ITI2,10,Umbria,Umbria,882015,312912,35.48,0.62
722,2021-04-17,UMB,6665,3059,3606,5325,1340,ITI,ITI2,10,Umbria,Umbria,882015,319577,36.23,0.76
723,2021-01-05,UMB,854,429,425,854,0,ITI,ITI2,10,Umbria,Umbria,882015,320431,36.33,0.1
724,2021-04-24,UMB,4562,1963,2599,3384,1178,ITI,ITI2,10,Umbria,Umbria,882015,324993,36.85,0.52
725,2021-01-12,UMB,838,248,590,838,0,ITI,ITI2,10,Umbria,Umbria,882015,325831,36.94,0.1
726,2021-03-14,UMB,66,48,18,66,0,ITI,ITI2,10,Umbria,Umbria,882015,325897,36.95,0.01
727,2021-03-12,UMB,2653,1040,1613,2157,496,ITI,ITI2,10,Umbria,Umbria,882015,328550,37.25,0.3
728,2021-03-21,UMB,665,330,335,665,0,ITI,ITI2,10,Umbria,Umbria,882015,329215,37.33,0.08
729,2021-05-01,UMB,5374,2640,2734,2146,3228,ITI,ITI2,10,Umbria,Umbria,882015,334589,37.93,0.61
730,2021-03-05,UMB,4592,1379,3213,3936,656,ITI,ITI2,10,Umbria,Umbria,882015,339181,38.46,0.52
731,2021-03-03,UMB,4438,1773,2665,3727,711,ITI,ITI2,10,Umbria,Umbria,882015,343619,38.96,0.5
732,2021-06-06,UMB,7610,3903,3707,6917,693,ITI,ITI2,10,Umbria,Umbria,882015,351229,39.82,0.86
733,2021-05-13,UMB,5898,2657,3241,3825,2073,ITI,ITI2,10,Umbria,Umbria,882015,357127,40.49,0.67
734,2021-02-19,UMB,743,293,450,526,217,ITI,ITI2,10,Umbria,Umbria,882015,357870,40.57,0.08
735,2021-03-13,UMB,1731,524,1207,1486,245,ITI,ITI2,10,Umbria,Umbria,882015,359601,40.77,0.2
736,2021-01-15,UMB,701,215,486,701,0,ITI,ITI2,10,Umbria,Umbria,882015,360302,40.85,0.08
737,2021-01-29,UMB,1232,348,884,79,1153,ITI,ITI2,10,Umbria,Umbria,882015,361534,40.99,0.14
738,2021-05-09,UMB,5765,2757,3008,5374,391,ITI,ITI2,10,Umbria,Umbria,882015,367299,41.64,0.65
739,2021-05-20,UMB,9830,4585,5245,6192,3638,ITI,ITI2,10,Umbria,Umbria,882015,377129,42.76,1.11
740,2021-03-31,UMB,3903,1733,2170,2216,1687,ITI,ITI2,10,Umbria,Umbria,882015,381032,43.2,0.44
741,2021-02-16,UMB,1308,655,653,1299,9,ITI,ITI2,10,Umbria,Umbria,882015,382340,43.35,0.15
742,2021-05-27,UMB,9934,4829,5105,8649,1285,ITI,ITI2,10,Umbria,Umbria,882015,392274,44.47,1.13
743,2021-01-04,UMB,810,398,412,810,0,ITI,ITI2,10,Umbria,Umbria,882015,393084,44.57,0.09
744,2021-04-14,UMB,8150,3673,4477,6171,1979,ITI,ITI2,10,Umbria,Umbria,882015,401234,45.49,0.92
745,2021-01-24,UMB,258,106,152,1,257,ITI,ITI2,10,Umbria,Umbria,882015,401492,45.52,0.03
746,2021-06-08,UMB,7208,3557,3651,6731,477,ITI,ITI2,10,Umbria,Umbria,882015,408700,46.34,0.82
747,2021-02-24,UMB,1520,565,955,1505,15,ITI,ITI2,10,Umbria,Umbria,882015,410220,46.51,0.17
748,2021-05-10,UMB,5982,2799,3183,3830,2152,ITI,ITI2,10,Umbria,Umbria,882015,416202,47.19,0.68
749,2021-05-08,UMB,8102,3730,4372,4906,3196,ITI,ITI2,10,Umbria,Umbria,882015,424304,48.11,0.92
750,2021-01-28,UMB,1247,394,853,19,1228,ITI,ITI2,10,Umbria,Umbria,882015,425551,48.25,0.14
751,2021-05-03,UMB,5091,2271,2820,2204,2887,ITI,ITI2,10,Umbria,Umbria,882015,430642,48.82,0.58
752,2021-01-23,UMB,280,100,180,2,278,ITI,ITI2,10,Umbria,Umbria,882015,430922,48.86,0.03
753,2021-05-17,UMB,6360,3058,3302,4187,2173,ITI,ITI2,10,Umbria,Umbria,882015,437282,49.58,0.72
754,2021-01-14,UMB,752,201,551,752,0,ITI,ITI2,10,Umbria,Umbria,882015,438034,49.66,0.09
755,2021-03-19,UMB,1743,565,1178,1087,656,ITI,ITI2,10,Umbria,Umbria,882015,439777,49.86,0.2
756,2021-03-26,UMB,4571,1683,2888,4399,172,ITI,ITI2,10,Umbria,Umbria,882015,444348,50.38,0.52
757,2021-01-02,UMB,304,111,193,304,0,ITI,ITI2,10,Umbria,Umbria,882015,444652,50.41,0.03
758,2021-03-07,UMB,845,180,665,838,7,ITI,ITI2,10,Umbria,Umbria,882015,445497,50.51,0.1
759,2021-06-03,UMB,9019,4456,4563,8750,269,ITI,ITI2,10,Umbria,Umbria,882015,454516,51.53,1.02
760,2021-04-07,UMB,5568,2289,3279,3562,2006,ITI,ITI2,10,Umbria,Umbria,882015,460084,52.16,0.63
761,2021-02-23,UMB,1693,658,1035,1651,42,ITI,ITI2,10,Umbria,Umbria,882015,461777,52.35,0.19
762,2021-05-29,UMB,7829,3595,4234,6273,1556,ITI,ITI2,10,Umbria,Umbria,882015,469606,53.24,0.89
763,2021-03-29,UMB,3844,1692,2152,2365,1479,ITI,ITI2,10,Umbria,Umbria,882015,473450,53.68,0.44
764,2021-01-31,UMB,1058,276,782,25,1033,ITI,ITI2,10,Umbria,Umbria,882015,474508,53.8,0.12
765,2021-05-25,UMB,8759,4260,4499,7736,1023,ITI,ITI2,10,Umbria,Umbria,882015,483267,54.79,0.99
766,2021-05-18,UMB,7723,3342,4381,3885,3838,ITI,ITI2,10,Umbria,Umbria,882015,490990,55.67,0.88
767,2021-03-22,UMB,3560,1655,1905,2314,1246,ITI,ITI2,10,Umbria,Umbria,882015,494550,56.07,0.4
768,2021-04-05,UMB,4250,1728,2522,2195,2055,ITI,ITI2,10,Umbria,Umbria,882015,498800,56.55,0.48
769,2021-02-07,UMB,54,17,37,1,53,ITI,ITI2,10,Umbria,Umbria,882015,498854,56.56,0.01
770,2021-02-11,UMB,842,349,493,837,5,ITI,ITI2,10,Umbria,Umbria,882015,499696,56.65,0.1
771,2021-05-22,UMB,6911,2712,4199,2640,4271,ITI,ITI2,10,Umbria,Umbria,882015,506607,57.44,0.78
772,2021-06-01,UMB,4375,2086,2289,4222,153,ITI,ITI2,10,Umbria,Umbria,882015,510982,57.93,0.5
773,2021-03-10,UMB,4013,1927,2086,2757,1256,ITI,ITI2,10,Umbria,Umbria,882015,514995,58.39,0.45
774,2021-01-16,UMB,221,73,148,221,0,ITI,ITI2,10,Umbria,Umbria,882015,515216,58.41,0.03
775,2021-02-02,UMB,944,274,670,32,912,ITI,ITI2,10,Umbria,Umbria,882015,516160,58.52,0.11
776,2021-04-26,UMB,5376,2329,3047,3124,2252,ITI,ITI2,10,Umbria,Umbria,882015,521536,59.13,0.61
777,2021-04-09,UMB,6793,3162,3631,6574,219,ITI,ITI2,10,Umbria,Umbria,882015,528329,59.9,0.77
778,2021-04-28,UMB,5347,2317,3030,2964,2383,ITI,ITI2,10,Umbria,Umbria,882015,533676,60.51,0.61
779,2021-04-02,UMB,4308,1746,2562,3551,757,ITI,ITI2,10,Umbria,Umbria,882015,537984,60.99,0.49
780,2021-01-09,UMB,1745,499,1246,1745,0,ITI,ITI2,10,Umbria,Umbria,882015,539729,61.19,0.2
781,2021-04-19,UMB,5015,2216,2799,2966,2049,ITI,ITI2,10,Umbria,Umbria,882015,544744,61.76,0.57
782,2021-01-21,UMB,610,202,408,341,269,ITI,ITI2,10,Umbria,Umbria,882015,545354,61.83,0.07
783,2021-02-04,UMB,733,226,507,25,708,ITI,ITI2,10,Umbria,Umbria,882015,546087,61.91,0.08
784,2021-05-15,UMB,4984,1875,3109,1819,3165,ITI,ITI2,10,Umbria,Umbria,882015,551071,62.48,0.57
785,2021-06-05,UMB,8144,3740,4404,5496,2648,ITI,ITI2,10,Umbria,Umbria,882015,559215,63.4,0.92
786,2021-03-17,UMB,3331,1313,2018,1859,1472,ITI,ITI2,10,Umbria,Umbria,882015,562546,63.78,0.38
787,2021-01-07,UMB,1300,387,913,1300,0,ITI,ITI2,10,Umbria,Umbria,882015,563846,63.93,0.15
788,2021-01-26,UMB,816,390,426,18,798,ITI,ITI2,10,Umbria,Umbria,882015,564662,64.02,0.09
789,2021-02-12,UMB,671,224,447,665,6,ITI,ITI2,10,Umbria,Umbria,882015,565333,64.1,0.08
790,2021-02-26,UMB,660,253,407,652,8,ITI,ITI2,10,Umbria,Umbria,882015,565993,64.17,0.07
791,2021-05-06,UMB,9460,4313,5147,6150,3310,ITI,ITI2,10,Umbria,Umbria,882015,575453,65.24,1.07
792,2021-04-21,UMB,5312,2309,3003,3086,2226,ITI,ITI2,10,Umbria,Umbria,882015,580765,65.85,0.6
793,2021-03-02,UMB,3642,1346,2296,3638,4,ITI,ITI2,10,Umbria,Umbria,882015,584407,66.26,0.41
794,2021-02-18,LAZ,10018,4976,5042,9209,809,ITI,ITI4,12,Lazio,Lazio,5879082,10018,0.17,0.17
795,2021-05-12,LAZ,47401,21472,25929,30880,16521,ITI,ITI4,12,Lazio,Lazio,5879082,57419,0.98,0.81
796,2021-02-01,LAZ,5675,2177,3498,354,5321,ITI,ITI4,12,Lazio,Lazio,5879082,63094,1.07,0.1
797,2021-01-13,LAZ,5692,2150,3542,5692,0,ITI,ITI4,12,Lazio,Lazio,5879082,68786,1.17,0.1
798,2021-04-23,LAZ,37655,18082,19573,22403,15252,ITI,ITI4,12,Lazio,Lazio,5879082,106441,1.81,0.64
799,2021-01-30,LAZ,7010,2892,4118,807,6203,ITI,ITI4,12,Lazio,Lazio,5879082,113451,1.93,0.12
800,2021-05-17,LAZ,43845,20026,23819,35395,8450,ITI,ITI4,12,Lazio,Lazio,5879082,157296,2.68,0.75
801,2021-02-06,LAZ,6136,2474,3662,817,5319,ITI,ITI4,12,Lazio,Lazio,5879082,163432,2.78,0.1
802,2021-02-11,LAZ,6999,3013,3986,6467,532,ITI,ITI4,12,Lazio,Lazio,5879082,170431,2.9,0.12
803,2021-04-11,LAZ,19115,8431,10684,13234,5881,ITI,ITI4,12,Lazio,Lazio,5879082,189546,3.22,0.33
804,2021-02-13,LAZ,6609,2626,3983,6194,415,ITI,ITI4,12,Lazio,Lazio,5879082,196155,3.34,0.11
805,2021-05-24,LAZ,42830,19180,23650,34039,8791,ITI,ITI4,12,Lazio,Lazio,5879082,238985,4.07,0.73
806,2021-02-20,LAZ,9206,4274,4932,8438,768,ITI,ITI4,12,Lazio,Lazio,5879082,248191,4.22,0.16
807,2021-05-31,LAZ,49699,21315,28384,31270,18429,ITI,ITI4,12,Lazio,Lazio,5879082,297890,5.07,0.85
808,2021-04-04,LAZ,17463,8036,9427,12197,5266,ITI,ITI4,12,Lazio,Lazio,5879082,315353,5.36,0.3
809,2021-03-16,LAZ,13537,5732,7805,7093,6444,ITI,ITI4,12,Lazio,Lazio,5879082,328890,5.59,0.23
810,2021-03-09,LAZ,20873,8939,11934,15676,5197,ITI,ITI4,12,Lazio,Lazio,5879082,349763,5.95,0.36
811,2021-01-11,LAZ,5531,2105,3426,5531,0,ITI,ITI4,12,Lazio,Lazio,5879082,355294,6.04,0.09
812,2021-01-25,LAZ,8111,3246,4865,770,7341,ITI,ITI4,12,Lazio,Lazio,5879082,363405,6.18,0.14
813,2021-05-05,LAZ,46719,21431,25288,30906,15813,ITI,ITI4,12,Lazio,Lazio,5879082,410124,6.98,0.79
814,2021-05-26,LAZ,46098,20601,25497,34930,11168,ITI,ITI4,12,Lazio,Lazio,5879082,456222,7.76,0.78
815,2021-03-04,LAZ,18657,8015,10642,13640,5017,ITI,ITI4,12,Lazio,Lazio,5879082,474879,8.08,0.32
816,2021-03-21,LAZ,17863,6827,11036,12812,5051,ITI,ITI4,12,Lazio,Lazio,5879082,492742,8.38,0.3
817,2020-12-30,LAZ,1630,629,1001,1630,0,ITI,ITI4,12,Lazio,Lazio,5879082,494372,8.41,0.03
818,2021-04-09,LAZ,27316,12278,15038,19076,8240,ITI,ITI4,12,Lazio,Lazio,5879082,521688,8.87,0.46
819,2021-03-23,LAZ,23506,10230,13276,16929,6577,ITI,ITI4,12,Lazio,Lazio,5879082,545194,9.27,0.4
820,2021-04-30,LAZ,41245,18261,22984,27072,14173,ITI,ITI4,12,Lazio,Lazio,5879082,586439,9.98,0.7
821,2021-05-07,LAZ,48166,22577,25589,30440,17726,ITI,ITI4,12,Lazio,Lazio,5879082,634605,10.79,0.82
822,2021-03-11,LAZ,23828,10596,13232,17598,6230,ITI,ITI4,12,Lazio,Lazio,5879082,658433,11.2,0.41
823,2021-04-16,LAZ,34403,15682,18721,22336,12067,ITI,ITI4,12,Lazio,Lazio,5879082,692836,11.78,0.59
824,2021-01-23,LAZ,7213,2869,4344,584,6629,ITI,ITI4,12,Lazio,Lazio,5879082,700049,11.91,0.12
825,2021-01-06,LAZ,5123,1961,3162,5123,0,ITI,ITI4,12,Lazio,Lazio,5879082,705172,11.99,0.09
826,2021-02-25,LAZ,12651,5517,7134,11601,1050,ITI,ITI4,12,Lazio,Lazio,5879082,717823,12.21,0.22
827,2021-06-05,LAZ,65105,31929,33176,42986,22119,ITI,ITI4,12,Lazio,Lazio,5879082,782928,13.32,1.11
828,2021-03-30,LAZ,25255,11584,13671,18107,7148,ITI,ITI4,12,Lazio,Lazio,5879082,808183,13.75,0.43
829,2021-04-18,LAZ,23773,10556,13217,16139,7634,ITI,ITI4,12,Lazio,Lazio,5879082,831956,14.15,0.4
830,2021-05-19,LAZ,46466,21218,25248,36648,9818,ITI,ITI4,12,Lazio,Lazio,5879082,878422,14.94,0.79
831,2021-01-04,LAZ,7481,2908,4573,7481,0,ITI,ITI4,12,Lazio,Lazio,5879082,885903,15.07,0.13
832,2021-06-07,LAZ,59864,27298,32566,32414,27450,ITI,ITI4,12,Lazio,Lazio,5879082,945767,16.09,1.02
833,2021-01-15,LAZ,6577,2705,3872,6577,0,ITI,ITI4,12,Lazio,Lazio,5879082,952344,16.2,0.11
834,2021-04-25,LAZ,24512,11242,13270,16701,7811,ITI,ITI4,12,Lazio,Lazio,5879082,976856,16.62,0.42
835,2021-04-06,LAZ,23878,10653,13225,16775,7103,ITI,ITI4,12,Lazio,Lazio,5879082,1000734,17.02,0.41
836,2020-12-27,LAZ,274,132,142,274,0,ITI,ITI4,12,Lazio,Lazio,5879082,1001008,17.03,0.0
837,2021-03-20,LAZ,18225,6811,11414,12341,5884,ITI,ITI4,12,Lazio,Lazio,5879082,1019233,17.34,0.31
838,2021-01-03,LAZ,5251,1973,3278,5251,0,ITI,ITI4,12,Lazio,Lazio,5879082,1024484,17.43,0.09
839,2021-04-13,LAZ,25670,11872,13798,17957,7713,ITI,ITI4,12,Lazio,Lazio,5879082,1050154,17.86,0.44
840,2021-01-08,LAZ,7729,2895,4834,7729,0,ITI,ITI4,12,Lazio,Lazio,5879082,1057883,17.99,0.13
841,2021-03-28,LAZ,18836,7541,11295,13526,5310,ITI,ITI4,12,Lazio,Lazio,5879082,1076719,18.31,0.32
842,2021-04-27,LAZ,30636,13826,16810,19792,10844,ITI,ITI4,12,Lazio,Lazio,5879082,1107355,18.84,0.52
843,2021-03-01,LAZ,17092,7346,9746,13207,3885,ITI,ITI4,12,Lazio,Lazio,5879082,1124447,19.13,0.29
844,2021-02-22,LAZ,11455,4989,6466,10953,502,ITI,ITI4,12,Lazio,Lazio,5879082,1135902,19.32,0.19
845,2021-06-02,LAZ,43126,21396,21730,31727,11399,ITI,ITI4,12,Lazio,Lazio,5879082,1179028,20.05,0.73
846,2021-03-02,LAZ,16988,7430,9558,13054,3934,ITI,ITI4,12,Lazio,Lazio,5879082,1196016,20.34,0.29
847,2021-01-18,LAZ,6268,2557,3711,5290,978,ITI,ITI4,12,Lazio,Lazio,5879082,1202284,20.45,0.11
848,2021-04-28,LAZ,32865,15003,17862,21316,11549,ITI,ITI4,12,Lazio,Lazio,5879082,1235149,21.01,0.56
849,2021-03-27,LAZ,26020,10402,15618,19549,6471,ITI,ITI4,12,Lazio,Lazio,5879082,1261169,21.45,0.44
850,2021-05-23,LAZ,47026,22786,24240,39685,7341,ITI,ITI4,12,Lazio,Lazio,5879082,1308195,22.25,0.8
851,2021-05-09,LAZ,37526,17249,20277,26259,11267,ITI,ITI4,12,Lazio,Lazio,5879082,1345721,22.89,0.64
852,2021-05-16,LAZ,50898,24508,26390,37423,13475,ITI,ITI4,12,Lazio,Lazio,5879082,1396619,23.76,0.87
853,2021-02-15,LAZ,8025,3539,4486,7394,631,ITI,ITI4,12,Lazio,Lazio,5879082,1404644,23.89,0.14
854,2021-01-29,LAZ,8042,3079,4963,813,7229,ITI,ITI4,12,Lazio,Lazio,5879082,1412686,24.03,0.14
855,2021-02-17,LAZ,9181,4603,4578,8307,874,ITI,ITI4,12,Lazio,Lazio,5879082,1421867,24.19,0.16
856,2021-05-28,LAZ,55919,25579,30340,43421,12498,ITI,ITI4,12,Lazio,Lazio,5879082,1477786,25.14,0.95
857,2021-03-06,LAZ,18334,7065,11269,14077,4257,ITI,ITI4,12,Lazio,Lazio,5879082,1496120,25.45,0.31
858,2021-02-03,LAZ,6487,2487,4000,963,5524,ITI,ITI4,12,Lazio,Lazio,5879082,1502607,25.56,0.11
859,2021-01-20,LAZ,4806,1942,2864,3263,1543,ITI,ITI4,12,Lazio,Lazio,5879082,1507413,25.64,0.08
860,2021-05-14,LAZ,50942,23244,27698,32727,18215,ITI,ITI4,12,Lazio,Lazio,5879082,1558355,26.51,0.87
861,2021-03-18,LAZ,14225,6077,8148,7835,6390,ITI,ITI4,12,Lazio,Lazio,5879082,1572580,26.75,0.24
862,2021-03-13,LAZ,21473,8441,13032,15579,5894,ITI,ITI4,12,Lazio,Lazio,5879082,1594053,27.11,0.37
863,2021-02-08,LAZ,9740,4153,5587,4508,5232,ITI,ITI4,12,Lazio,Lazio,5879082,1603793,27.28,0.17
864,2021-05-02,LAZ,32630,14336,18294,23269,9361,ITI,ITI4,12,Lazio,Lazio,5879082,1636423,27.83,0.56
865,2021-01-22,LAZ,4004,1635,2369,489,3515,ITI,ITI4,12,Lazio,Lazio,5879082,1640427,27.9,0.07
866,2021-02-27,LAZ,11426,4268,7158,10471,955,ITI,ITI4,12,Lazio,Lazio,5879082,1651853,28.1,0.19
867,2021-04-01,LAZ,28407,13045,15362,21267,7140,ITI,ITI4,12,Lazio,Lazio,5879082,1680260,28.58,0.48
868,2021-04-15,LAZ,31905,14298,17607,21101,10804,ITI,ITI4,12,Lazio,Lazio,5879082,1712165,29.12,0.54
869,2021-02-10,LAZ,8187,3398,4789,4849,3338,ITI,ITI4,12,Lazio,Lazio,5879082,1720352,29.26,0.14
870,2021-05-21,LAZ,50280,23637,26643,37405,12875,ITI,ITI4,12,Lazio,Lazio,5879082,1770632,30.12,0.86
871,2021-04-08,LAZ,26654,12175,14479,18971,7683,ITI,ITI4,12,Lazio,Lazio,5879082,1797286,30.57,0.45
872,2021-01-01,LAZ,3554,1382,2172,3554,0,ITI,ITI4,12,Lazio,Lazio,5879082,1800840,30.63,0.06
873,2021-01-10,LAZ,4039,1700,2339,4039,0,ITI,ITI4,12,Lazio,Lazio,5879082,1804879,30.7,0.07
874,2021-04-20,LAZ,31000,14228,16772,19718,11282,ITI,ITI4,12,Lazio,Lazio,5879082,1835879,31.23,0.53
875,2021-03-08,LAZ,20070,8319,11751,14797,5273,ITI,ITI4,12,Lazio,Lazio,5879082,1855949,31.57,0.34
876,2021-04-22,LAZ,38536,18932,19604,23956,14580,ITI,ITI4,12,Lazio,Lazio,5879082,1894485,32.22,0.66
877,2021-03-10,LAZ,22021,9490,12531,16375,5646,ITI,ITI4,12,Lazio,Lazio,5879082,1916506,32.6,0.37
878,2021-01-12,LAZ,5413,1981,3432,5413,0,ITI,ITI4,12,Lazio,Lazio,5879082,1921919,32.69,0.09
879,2021-03-17,LAZ,13786,5896,7890,7531,6255,ITI,ITI4,12,Lazio,Lazio,5879082,1935705,32.93,0.23
880,2021-02-04,LAZ,6302,2481,3821,987,5315,ITI,ITI4,12,Lazio,Lazio,5879082,1942007,33.03,0.11
881,2021-05-22,LAZ,54752,26708,28044,44255,10497,ITI,ITI4,12,Lazio,Lazio,5879082,1996759,33.96,0.93
882,2021-05-06,LAZ,48630,22616,26014,31105,17525,ITI,ITI4,12,Lazio,Lazio,5879082,2045389,34.79,0.83
883,2021-01-17,LAZ,4894,2028,2866,4682,212,ITI,ITI4,12,Lazio,Lazio,5879082,2050283,34.87,0.08
884,2021-01-19,LAZ,4768,1954,2814,4314,454,ITI,ITI4,12,Lazio,Lazio,5879082,2055051,34.96,0.08
885,2021-04-29,LAZ,38595,17224,21371,25368,13227,ITI,ITI4,12,Lazio,Lazio,5879082,2093646,35.61,0.66
886,2021-03-03,LAZ,17395,7438,9957,13101,4294,ITI,ITI4,12,Lazio,Lazio,5879082,2111041,35.91,0.3
887,2021-01-31,LAZ,4460,1854,2606,477,3983,ITI,ITI4,12,Lazio,Lazio,5879082,2115501,35.98,0.08
888,2021-05-11,LAZ,48110,22071,26039,31709,16401,ITI,ITI4,12,Lazio,Lazio,5879082,2163611,36.8,0.82
889,2021-04-24,LAZ,33343,15030,18313,20593,12750,ITI,ITI4,12,Lazio,Lazio,5879082,2196954,37.37,0.57
890,2021-05-30,LAZ,41073,17536,23537,33820,7253,ITI,ITI4,12,Lazio,Lazio,5879082,2238027,38.07,0.7
891,2021-05-13,LAZ,49602,22219,27383,31956,17646,ITI,ITI4,12,Lazio,Lazio,5879082,2287629,38.91,0.84
892,2021-02-12,LAZ,6846,2847,3999,6432,414,ITI,ITI4,12,Lazio,Lazio,5879082,2294475,39.03,0.12
893,2020-12-31,LAZ,5293,2121,3172,5293,0,ITI,ITI4,12,Lazio,Lazio,5879082,2299768,39.12,0.09
894,2021-04-10,LAZ,23811,10314,13497,16629,7182,ITI,ITI4,12,Lazio,Lazio,5879082,2323579,39.52,0.41
895,2021-02-05,LAZ,7279,2961,4318,1184,6095,ITI,ITI4,12,Lazio,Lazio,5879082,2330858,39.65,0.12
896,2021-04-03,LAZ,24686,11093,13593,17987,6699,ITI,ITI4,12,Lazio,Lazio,5879082,2355544,40.07,0.42
897,2021-02-19,LAZ,10046,5080,4966,9215,831,ITI,ITI4,12,Lazio,Lazio,5879082,2365590,40.24,0.17
898,2021-04-21,LAZ,32981,14973,18008,20615,12366,ITI,ITI4,12,Lazio,Lazio,5879082,2398571,40.8,0.56
899,2021-06-03,LAZ,54460,27041,27419,38135,16325,ITI,ITI4,12,Lazio,Lazio,5879082,2453031,41.72,0.93
900,2021-06-04,LAZ,59618,28700,30918,42929,16689,ITI,ITI4,12,Lazio,Lazio,5879082,2512649,42.74,1.01
901,2021-05-04,LAZ,39763,18286,21477,26286,13477,ITI,ITI4,12,Lazio,Lazio,5879082,2552412,43.42,0.68
902,2021-02-24,LAZ,12045,5204,6841,11051,994,ITI,ITI4,12,Lazio,Lazio,5879082,2564457,43.62,0.2
903,2021-03-29,LAZ,23961,10759,13202,16924,7037,ITI,ITI4,12,Lazio,Lazio,5879082,2588418,44.03,0.41
904,2021-03-15,LAZ,19278,8334,10944,12539,6739,ITI,ITI4,12,Lazio,Lazio,5879082,2607696,44.36,0.33
905,2021-01-26,LAZ,7958,3125,4833,724,7234,ITI,ITI4,12,Lazio,Lazio,5879082,2615654,44.49,0.14
906,2021-04-02,LAZ,28551,13377,15174,21221,7330,ITI,ITI4,12,Lazio,Lazio,5879082,2644205,44.98,0.49
907,2021-01-28,LAZ,8279,3165,5114,782,7497,ITI,ITI4,12,Lazio,Lazio,5879082,2652484,45.12,0.14
908,2021-05-08,LAZ,45186,20615,24571,29816,15370,ITI,ITI4,12,Lazio,Lazio,5879082,2697670,45.89,0.77
909,2021-03-26,LAZ,28229,12253,15976,21385,6844,ITI,ITI4,12,Lazio,Lazio,5879082,2725899,46.37,0.48
910,2021-05-15,LAZ,57080,27258,29822,40629,16451,ITI,ITI4,12,Lazio,Lazio,5879082,2782979,47.34,0.97
911,2021-03-19,LAZ,17214,7364,9850,10886,6328,ITI,ITI4,12,Lazio,Lazio,5879082,2800193,47.63,0.29
912,2021-03-22,LAZ,21709,9070,12639,15044,6665,ITI,ITI4,12,Lazio,Lazio,5879082,2821902,48.0,0.37
913,2020-12-29,LAZ,488,176,312,488,0,ITI,ITI4,12,Lazio,Lazio,5879082,2822390,48.01,0.01
914,2021-03-07,LAZ,14110,5442,8668,10517,3593,ITI,ITI4,12,Lazio,Lazio,5879082,2836500,48.25,0.24
915,2021-03-24,LAZ,25897,11305,14592,19660,6237,ITI,ITI4,12,Lazio,Lazio,5879082,2862397,48.69,0.44
916,2021-05-29,LAZ,51325,22894,28431,40914,10411,ITI,ITI4,12,Lazio,Lazio,5879082,2913722,49.56,0.87
917,2021-05-10,LAZ,44364,20261,24103,30990,13374,ITI,ITI4,12,Lazio,Lazio,5879082,2958086,50.32,0.75
918,2021-04-14,LAZ,29274,13262,16012,19153,10121,ITI,ITI4,12,Lazio,Lazio,5879082,2987360,50.81,0.5
919,2021-05-27,LAZ,56302,25442,30860,43875,12427,ITI,ITI4,12,Lazio,Lazio,5879082,3043662,51.77,0.96
920,2021-03-05,LAZ,18792,7961,10831,14059,4733,ITI,ITI4,12,Lazio,Lazio,5879082,3062454,52.09,0.32
921,2021-02-16,LAZ,8355,4034,4321,7750,605,ITI,ITI4,12,Lazio,Lazio,5879082,3070809,52.23,0.14
922,2021-03-25,LAZ,26916,11511,15405,20312,6604,ITI,ITI4,12,Lazio,Lazio,5879082,3097725,52.69,0.46
923,2021-01-27,LAZ,6114,2387,3727,997,5117,ITI,ITI4,12,Lazio,Lazio,5879082,3103839,52.79,0.1
924,2021-06-01,LAZ,47530,22540,24990,29879,17651,ITI,ITI4,12,Lazio,Lazio,5879082,3151369,53.6,0.81
925,2021-04-05,LAZ,19768,8991,10777,13590,6178,ITI,ITI4,12,Lazio,Lazio,5879082,3171137,53.94,0.34
926,2021-05-25,LAZ,46218,21208,25010,35436,10782,ITI,ITI4,12,Lazio,Lazio,5879082,3217355,54.73,0.79
927,2021-04-12,LAZ,23760,10677,13083,16862,6898,ITI,ITI4,12,Lazio,Lazio,5879082,3241115,55.13,0.4
928,2021-06-08,LAZ,62880,29164,33716,35184,27696,ITI,ITI4,12,Lazio,Lazio,5879082,3303995,56.2,1.07
929,2021-01-05,LAZ,7374,2802,4572,7374,0,ITI,ITI4,12,Lazio,Lazio,5879082,3311369,56.32,0.13
930,2021-01-24,LAZ,5694,2229,3465,612,5082,ITI,ITI4,12,Lazio,Lazio,5879082,3317063,56.42,0.1
931,2021-02-07,LAZ,4944,2025,2919,387,4557,ITI,ITI4,12,Lazio,Lazio,5879082,3322007,56.51,0.08
932,2021-05-18,LAZ,44212,20154,24058,34869,9343,ITI,ITI4,12,Lazio,Lazio,5879082,3366219,57.26,0.75
933,2021-05-03,LAZ,39135,17653,21482,26556,12579,ITI,ITI4,12,Lazio,Lazio,5879082,3405354,57.92,0.67
934,2021-03-14,LAZ,17102,6614,10488,11948,5154,ITI,ITI4,12,Lazio,Lazio,5879082,3422456,58.21,0.29
935,2021-01-14,LAZ,5480,2144,3336,5480,0,ITI,ITI4,12,Lazio,Lazio,5879082,3427936,58.31,0.09
936,2021-04-07,LAZ,24960,11322,13638,17656,7304,ITI,ITI4,12,Lazio,Lazio,5879082,3452896,58.73,0.42
937,2020-12-28,LAZ,959,412,547,959,0,ITI,ITI4,12,Lazio,Lazio,5879082,3453855,58.75,0.02
938,2021-01-16,LAZ,5646,2281,3365,5646,0,ITI,ITI4,12,Lazio,Lazio,5879082,3459501,58.84,0.1
939,2021-04-26,LAZ,29187,13433,15754,19985,9202,ITI,ITI4,12,Lazio,Lazio,5879082,3488688,59.34,0.5
940,2021-02-02,LAZ,5910,2213,3697,638,5272,ITI,ITI4,12,Lazio,Lazio,5879082,3494598,59.44,0.1
941,2021-01-09,LAZ,6297,2562,3735,6297,0,ITI,ITI4,12,Lazio,Lazio,5879082,3500895,59.55,0.11
942,2021-04-19,LAZ,30059,13661,16398,19381,10678,ITI,ITI4,12,Lazio,Lazio,5879082,3530954,60.06,0.51
943,2021-02-21,LAZ,6988,3179,3809,6525,463,ITI,ITI4,12,Lazio,Lazio,5879082,3537942,60.18,0.12
944,2021-02-14,LAZ,5774,2371,3403,5303,471,ITI,ITI4,12,Lazio,Lazio,5879082,3543716,60.28,0.1
945,2021-02-28,LAZ,10247,4007,6240,9733,514,ITI,ITI4,12,Lazio,Lazio,5879082,3553963,60.45,0.17
946,2021-01-02,LAZ,6707,2631,4076,6707,0,ITI,ITI4,12,Lazio,Lazio,5879082,3560670,60.57,0.11
947,2021-05-20,LAZ,50694,24189,26505,37421,13273,ITI,ITI4,12,Lazio,Lazio,5879082,3611364,61.43,0.86
948,2021-06-06,LAZ,57665,27725,29940,35325,22340,ITI,ITI4,12,Lazio,Lazio,5879082,3669029,62.41,0.98
949,2021-02-26,LAZ,13074,5700,7374,11712,1362,ITI,ITI4,12,Lazio,Lazio,5879082,3682103,62.63,0.22
950,2021-05-01,LAZ,37937,17077,20860,25987,11950,ITI,ITI4,12,Lazio,Lazio,5879082,3720040,63.28,0.65
951,2021-04-17,LAZ,32315,14180,18135,20363,11952,ITI,ITI4,12,Lazio,Lazio,5879082,3752355,63.83,0.55
952,2021-03-12,LAZ,22919,10142,12777,16605,6314,ITI,ITI4,12,Lazio,Lazio,5879082,3775274,64.22,0.39
953,2021-02-09,LAZ,8798,3768,5030,4580,4218,ITI,ITI4,12,Lazio,Lazio,5879082,3784072,64.37,0.15
954,2021-02-23,LAZ,11087,4780,6307,10325,762,ITI,ITI4,12,Lazio,Lazio,5879082,3795159,64.55,0.19
955,2021-01-21,LAZ,5602,2349,3253,549,5053,ITI,ITI4,12,Lazio,Lazio,5879082,3800761,64.65,0.1
956,2021-03-31,LAZ,26105,12045,14060,19012,7093,ITI,ITI4,12,Lazio,Lazio,5879082,3826866,65.09,0.44
957,2021-01-07,LAZ,7747,2902,4845,7747,0,ITI,ITI4,12,Lazio,Lazio,5879082,3834613,65.22,0.13
958,2021-02-21,PUG,2177,474,1703,2115,62,ITF,ITF4,16,Puglia,Puglia,4029053,2177,0.05,0.05
959,2021-06-01,PUG,33673,16570,17103,21332,12341,ITF,ITF4,16,Puglia,Puglia,4029053,35850,0.89,0.84
960,2021-05-15,PUG,43143,18791,24352,23355,19788,ITF,ITF4,16,Puglia,Puglia,4029053,78993,1.96,1.07
961,2021-06-03,PUG,48659,23289,25370,30460,18199,ITF,ITF4,16,Puglia,Puglia,4029053,127652,3.17,1.21
962,2021-03-10,PUG,14413,6251,8162,11294,3119,ITF,ITF4,16,Puglia,Puglia,4029053,142065,3.53,0.36
963,2021-03-29,PUG,12908,6014,6894,6172,6736,ITF,ITF4,16,Puglia,Puglia,4029053,154973,3.85,0.32
964,2021-03-12,PUG,13938,6111,7827,10010,3928,ITF,ITF4,16,Puglia,Puglia,4029053,168911,4.19,0.35
965,2021-03-05,PUG,17379,6894,10485,15075,2304,ITF,ITF4,16,Puglia,Puglia,4029053,186290,4.62,0.43
966,2021-02-26,PUG,13752,5047,8705,12718,1034,ITF,ITF4,16,Puglia,Puglia,4029053,200042,4.96,0.34
967,2020-12-31,PUG,1634,782,852,1634,0,ITF,ITF4,16,Puglia,Puglia,4029053,201676,5.01,0.04
968,2021-06-08,PUG,34711,16608,18103,19338,15373,ITF,ITF4,16,Puglia,Puglia,4029053,236387,5.87,0.86
969,2021-04-19,PUG,27555,12783,14772,24511,3044,ITF,ITF4,16,Puglia,Puglia,4029053,263942,6.55,0.68
970,2021-04-24,PUG,29286,13334,15952,25341,3945,ITF,ITF4,16,Puglia,Puglia,4029053,293228,7.28,0.73
971,2021-01-14,PUG,4069,1589,2480,4069,0,ITF,ITF4,16,Puglia,Puglia,4029053,297297,7.38,0.1
972,2021-01-07,PUG,5716,2457,3259,5716,0,ITF,ITF4,16,Puglia,Puglia,4029053,303013,7.52,0.14
973,2021-04-17,PUG,39868,18889,20979,36300,3568,ITF,ITF4,16,Puglia,Puglia,4029053,342881,8.51,0.99
974,2021-02-19,PUG,4730,2009,2721,4338,392,ITF,ITF4,16,Puglia,Puglia,4029053,347611,8.63,0.12
975,2021-04-26,PUG,26152,11972,14180,22921,3231,ITF,ITF4,16,Puglia,Puglia,4029053,373763,9.28,0.65
976,2021-02-09,PUG,3840,1570,2270,2168,1672,ITF,ITF4,16,Puglia,Puglia,4029053,377603,9.37,0.1
977,2021-05-20,PUG,32732,14560,18172,20629,12103,ITF,ITF4,16,Puglia,Puglia,4029053,410335,10.18,0.81
978,2021-03-24,PUG,13046,6019,7027,5743,7303,ITF,ITF4,16,Puglia,Puglia,4029053,423381,10.51,0.32
979,2021-01-26,PUG,5360,2397,2963,570,4790,ITF,ITF4,16,Puglia,Puglia,4029053,428741,10.64,0.13
980,2021-05-06,PUG,39355,17176,22179,19711,19644,ITF,ITF4,16,Puglia,Puglia,4029053,468096,11.62,0.98
981,2021-02-07,PUG,1579,669,910,253,1326,ITF,ITF4,16,Puglia,Puglia,4029053,469675,11.66,0.04
982,2021-01-21,PUG,2132,904,1228,1271,861,ITF,ITF4,16,Puglia,Puglia,4029053,471807,11.71,0.05
983,2021-05-01,PUG,27502,12598,14904,16860,10642,ITF,ITF4,16,Puglia,Puglia,4029053,499309,12.39,0.68
984,2021-01-02,PUG,2949,1301,1648,2949,0,ITF,ITF4,16,Puglia,Puglia,4029053,502258,12.47,0.07
985,2021-04-12,PUG,29111,13714,15397,26286,2825,ITF,ITF4,16,Puglia,Puglia,4029053,531369,13.19,0.72
986,2021-01-31,PUG,1813,829,984,75,1738,ITF,ITF4,16,Puglia,Puglia,4029053,533182,13.23,0.04
987,2021-05-29,PUG,30087,14182,15905,20873,9214,ITF,ITF4,16,Puglia,Puglia,4029053,563269,13.98,0.75
988,2021-04-02,PUG,12600,5770,6830,8078,4522,ITF,ITF4,16,Puglia,Puglia,4029053,575869,14.29,0.31
989,2021-04-05,PUG,12699,6169,6530,12166,533,ITF,ITF4,16,Puglia,Puglia,4029053,588568,14.61,0.32
990,2021-03-19,PUG,7958,3653,4305,3413,4545,ITF,ITF4,16,Puglia,Puglia,4029053,596526,14.81,0.2
991,2021-02-14,PUG,787,348,439,663,124,ITF,ITF4,16,Puglia,Puglia,4029053,597313,14.83,0.02
992,2021-05-25,PUG,33625,15296,18329,20546,13079,ITF,ITF4,16,Puglia,Puglia,4029053,630938,15.66,0.83
993,2021-05-08,PUG,54044,22863,31181,24360,29684,ITF,ITF4,16,Puglia,Puglia,4029053,684982,17.0,1.34
994,2021-01-12,PUG,4212,1772,2440,4212,0,ITF,ITF4,16,Puglia,Puglia,4029053,689194,17.11,0.1
995,2021-04-07,PUG,15334,6792,8542,8662,6672,ITF,ITF4,16,Puglia,Puglia,4029053,704528,17.49,0.38
996,2021-05-27,PUG,39226,18035,21191,22672,16554,ITF,ITF4,16,Puglia,Puglia,4029053,743754,18.46,0.97
997,2021-02-04,PUG,5927,2366,3561,1195,4732,ITF,ITF4,16,Puglia,Puglia,4029053,749681,18.61,0.15
998,2021-05-17,PUG,32256,14778,17478,20594,11662,ITF,ITF4,16,Puglia,Puglia,4029053,781937,19.41,0.8
999,2021-02-23,PUG,9349,4421,4928,8874,475,ITF,ITF4,16,Puglia,Puglia,4029053,791286,19.64,0.23
1000,2021-02-28,PUG,6048,1806,4242,5862,186,ITF,ITF4,16,Puglia,Puglia,4029053,797334,19.79,0.15
1001,2021-05-12,PUG,36190,16086,20104,23807,12383,ITF,ITF4,16,Puglia,Puglia,4029053,833524,20.69,0.9
1002,2021-01-23,PUG,3040,1294,1746,886,2154,ITF,ITF4,16,Puglia,Puglia,4029053,836564,20.76,0.08
1003,2021-05-03,PUG,33186,14823,18363,22566,10620,ITF,ITF4,16,Puglia,Puglia,4029053,869750,21.59,0.82
1004,2021-03-07,PUG,4922,1943,2979,4351,571,ITF,ITF4,16,Puglia,Puglia,4029053,874672,21.71,0.12
1005,2021-05-05,PUG,38890,16998,21892,24748,14142,ITF,ITF4,16,Puglia,Puglia,4029053,913562,22.67,0.97
1006,2021-03-16,PUG,9868,4685,5183,3509,6359,ITF,ITF4,16,Puglia,Puglia,4029053,923430,22.92,0.24
1007,2021-04-28,PUG,19745,8847,10898,14995,4750,ITF,ITF4,16,Puglia,Puglia,4029053,943175,23.41,0.49
1008,2021-01-09,PUG,4886,2251,2635,4886,0,ITF,ITF4,16,Puglia,Puglia,4029053,948061,23.53,0.12
1009,2021-03-31,PUG,14051,6358,7693,8495,5556,ITF,ITF4,16,Puglia,Puglia,4029053,962112,23.88,0.35
1010,2021-02-02,PUG,4345,1847,2498,593,3752,ITF,ITF4,16,Puglia,Puglia,4029053,966457,23.99,0.11
1011,2021-05-13,PUG,38383,17074,21309,21337,17046,ITF,ITF4,16,Puglia,Puglia,4029053,1004840,24.94,0.95
1012,2021-03-17,PUG,10344,4701,5643,4171,6173,ITF,ITF4,16,Puglia,Puglia,4029053,1015184,25.2,0.26
1013,2021-05-31,PUG,36262,16973,19289,22949,13313,ITF,ITF4,16,Puglia,Puglia,4029053,1051446,26.1,0.9
1014,2021-01-19,PUG,1221,452,769,1211,10,ITF,ITF4,16,Puglia,Puglia,4029053,1052667,26.13,0.03
1015,2021-01-04,PUG,4508,2016,2492,4508,0,ITF,ITF4,16,Puglia,Puglia,4029053,1057175,26.24,0.11
1016,2021-03-26,PUG,11545,5423,6122,6900,4645,ITF,ITF4,16,Puglia,Puglia,4029053,1068720,26.53,0.29
1017,2021-03-09,PUG,13295,5793,7502,11287,2008,ITF,ITF4,16,Puglia,Puglia,4029053,1082015,26.86,0.33
1018,2021-04-14,PUG,31803,15017,16786,28497,3306,ITF,ITF4,16,Puglia,Puglia,4029053,1113818,27.64,0.79
1019,2021-03-28,PUG,3528,1650,1878,1203,2325,ITF,ITF4,16,Puglia,Puglia,4029053,1117346,27.73,0.09
1020,2021-04-16,PUG,35864,16861,19003,32583,3281,ITF,ITF4,16,Puglia,Puglia,4029053,1153210,28.62,0.89
1021,2021-02-18,PUG,4378,1846,2532,3774,604,ITF,ITF4,16,Puglia,Puglia,4029053,1157588,28.73,0.11
1022,2021-04-09,PUG,21851,9395,12456,17229,4622,ITF,ITF4,16,Puglia,Puglia,4029053,1179439,29.27,0.54
1023,2021-02-11,PUG,3699,1401,2298,2421,1278,ITF,ITF4,16,Puglia,Puglia,4029053,1183138,29.37,0.09
1024,2021-05-22,PUG,34208,15665,18543,23924,10284,ITF,ITF4,16,Puglia,Puglia,4029053,1217346,30.21,0.85
1025,2021-03-02,PUG,16364,6080,10284,15064,1300,ITF,ITF4,16,Puglia,Puglia,4029053,1233710,30.62,0.41
1026,2021-04-04,PUG,5948,2953,2995,5943,5,ITF,ITF4,16,Puglia,Puglia,4029053,1239658,30.77,0.15
1027,2021-03-21,PUG,2692,1226,1466,588,2104,ITF,ITF4,16,Puglia,Puglia,4029053,1242350,30.83,0.07
1028,2021-01-11,PUG,3753,1588,2165,3753,0,ITF,ITF4,16,Puglia,Puglia,4029053,1246103,30.93,0.09
1029,2021-04-21,PUG,23073,10646,12427,19341,3732,ITF,ITF4,16,Puglia,Puglia,4029053,1269176,31.5,0.57
1030,2021-05-24,PUG,34997,16205,18792,24414,10583,ITF,ITF4,16,Puglia,Puglia,4029053,1304173,32.37,0.87
1031,2021-02-16,PUG,3380,1453,1927,2736,644,ITF,ITF4,16,Puglia,Puglia,4029053,1307553,32.45,0.08
1032,2021-01-30,PUG,5527,2514,3013,410,5117,ITF,ITF4,16,Puglia,Puglia,4029053,1313080,32.59,0.14
1033,2021-01-28,PUG,5473,2277,3196,471,5002,ITF,ITF4,16,Puglia,Puglia,4029053,1318553,32.73,0.14
1034,2021-01-18,PUG,1845,770,1075,1496,349,ITF,ITF4,16,Puglia,Puglia,4029053,1320398,32.77,0.05
1035,2021-02-06,PUG,4547,1929,2618,1590,2957,ITF,ITF4,16,Puglia,Puglia,4029053,1324945,32.88,0.11
1036,2021-01-20,PUG,1545,540,1005,1537,8,ITF,ITF4,16,Puglia,Puglia,4029053,1326490,32.92,0.04
1037,2021-04-30,PUG,34791,15561,19230,22844,11947,ITF,ITF4,16,Puglia,Puglia,4029053,1361281,33.79,0.86
1038,2021-04-13,PUG,28645,13579,15066,25246,3399,ITF,ITF4,16,Puglia,Puglia,4029053,1389926,34.5,0.71
1039,2021-05-02,PUG,21269,9646,11623,14017,7252,ITF,ITF4,16,Puglia,Puglia,4029053,1411195,35.03,0.53
1040,2021-03-30,PUG,11880,5499,6381,5985,5895,ITF,ITF4,16,Puglia,Puglia,4029053,1423075,35.32,0.29
1041,2021-02-01,PUG,3963,1659,2304,373,3590,ITF,ITF4,16,Puglia,Puglia,4029053,1427038,35.42,0.1
1042,2021-05-14,PUG,44617,20354,24263,28558,16059,ITF,ITF4,16,Puglia,Puglia,4029053,1471655,36.53,1.11
1043,2021-01-25,PUG,3825,1681,2144,423,3402,ITF,ITF4,16,Puglia,Puglia,4029053,1475480,36.62,0.09
1044,2021-04-08,PUG,17448,7573,9875,11275,6173,ITF,ITF4,16,Puglia,Puglia,4029053,1492928,37.05,0.43
1045,2021-06-06,PUG,29646,14904,14742,24748,4898,ITF,ITF4,16,Puglia,Puglia,4029053,1522574,37.79,0.74
1046,2021-04-10,PUG,30739,13036,17703,26515,4224,ITF,ITF4,16,Puglia,Puglia,4029053,1553313,38.55,0.76
1047,2021-03-14,PUG,3320,1429,1891,2509,811,ITF,ITF4,16,Puglia,Puglia,4029053,1556633,38.64,0.08
1048,2021-01-16,PUG,2508,1034,1474,2508,0,ITF,ITF4,16,Puglia,Puglia,4029053,1559141,38.7,0.06
1049,2021-05-21,PUG,37975,17772,20203,28227,9748,ITF,ITF4,16,Puglia,Puglia,4029053,1597116,39.64,0.94
1050,2021-05-19,PUG,25635,12155,13480,19325,6310,ITF,ITF4,16,Puglia,Puglia,4029053,1622751,40.28,0.64
1051,2021-03-23,PUG,10424,5008,5416,3954,6470,ITF,ITF4,16,Puglia,Puglia,4029053,1633175,40.53,0.26
1052,2021-03-11,PUG,14399,6207,8192,11290,3109,ITF,ITF4,16,Puglia,Puglia,4029053,1647574,40.89,0.36
1053,2021-04-25,PUG,11236,5209,6027,10079,1157,ITF,ITF4,16,Puglia,Puglia,4029053,1658810,41.17,0.28
1054,2021-02-27,PUG,14219,4815,9404,12994,1225,ITF,ITF4,16,Puglia,Puglia,4029053,1673029,41.52,0.35
1055,2021-01-01,PUG,148,61,87,148,0,ITF,ITF4,16,Puglia,Puglia,4029053,1673177,41.53,0.0
1056,2021-06-07,PUG,41112,19726,21386,29160,11952,ITF,ITF4,16,Puglia,Puglia,4029053,1714289,42.55,1.02
1057,2021-04-11,PUG,16448,7244,9204,14792,1656,ITF,ITF4,16,Puglia,Puglia,4029053,1730737,42.96,0.41
1058,2021-03-06,PUG,15974,5967,10007,13886,2088,ITF,ITF4,16,Puglia,Puglia,4029053,1746711,43.35,0.4
1059,2021-01-08,PUG,5615,2355,3260,5615,0,ITF,ITF4,16,Puglia,Puglia,4029053,1752326,43.49,0.14
1060,2021-04-18,PUG,22543,10778,11765,21478,1065,ITF,ITF4,16,Puglia,Puglia,4029053,1774869,44.05,0.56
1061,2021-02-20,PUG,2968,1080,1888,2712,256,ITF,ITF4,16,Puglia,Puglia,4029053,1777837,44.13,0.07
1062,2021-01-15,PUG,4552,1866,2686,4552,0,ITF,ITF4,16,Puglia,Puglia,4029053,1782389,44.24,0.11
1063,2021-04-23,PUG,29356,13637,15719,24147,5209,ITF,ITF4,16,Puglia,Puglia,4029053,1811745,44.97,0.73
1064,2021-03-18,PUG,9401,4254,5147,3284,6117,ITF,ITF4,16,Puglia,Puglia,4029053,1821146,45.2,0.23
1065,2021-03-04,PUG,15142,5914,9228,13723,1419,ITF,ITF4,16,Puglia,Puglia,4029053,1836288,45.58,0.38
1066,2021-02-15,PUG,3252,1268,1984,2632,620,ITF,ITF4,16,Puglia,Puglia,4029053,1839540,45.66,0.08
1067,2021-05-26,PUG,37321,17521,19800,26139,11182,ITF,ITF4,16,Puglia,Puglia,4029053,1876861,46.58,0.93
1068,2021-03-25,PUG,10929,5307,5622,4688,6241,ITF,ITF4,16,Puglia,Puglia,4029053,1887790,46.85,0.27
1069,2021-02-08,PUG,3992,1610,2382,1597,2395,ITF,ITF4,16,Puglia,Puglia,4029053,1891782,46.95,0.1
1070,2021-02-10,PUG,3644,1436,2208,2134,1510,ITF,ITF4,16,Puglia,Puglia,4029053,1895426,47.04,0.09
1071,2021-05-23,PUG,17863,8350,9513,14057,3806,ITF,ITF4,16,Puglia,Puglia,4029053,1913289,47.49,0.44
1072,2021-02-17,PUG,4273,1744,2529,3670,603,ITF,ITF4,16,Puglia,Puglia,4029053,1917562,47.59,0.11
1073,2021-05-28,PUG,42404,19736,22668,27132,15272,ITF,ITF4,16,Puglia,Puglia,4029053,1959966,48.65,1.05
1074,2021-04-01,PUG,13506,6159,7347,7162,6344,ITF,ITF4,16,Puglia,Puglia,4029053,1973472,48.98,0.34
1075,2021-02-03,PUG,5036,2005,3031,730,4306,ITF,ITF4,16,Puglia,Puglia,4029053,1978508,49.11,0.12
1076,2021-01-03,PUG,2007,943,1064,2007,0,ITF,ITF4,16,Puglia,Puglia,4029053,1980515,49.16,0.05
1077,2021-03-27,PUG,12147,5705,6442,6982,5165,ITF,ITF4,16,Puglia,Puglia,4029053,1992662,49.46,0.3
1078,2021-01-05,PUG,5106,2251,2855,5106,0,ITF,ITF4,16,Puglia,Puglia,4029053,1997768,49.58,0.13
1079,2021-04-15,PUG,32397,15114,17283,28896,3501,ITF,ITF4,16,Puglia,Puglia,4029053,2030165,50.39,0.8
1080,2021-01-22,PUG,1409,578,831,991,418,ITF,ITF4,16,Puglia,Puglia,4029053,2031574,50.42,0.03
1081,2021-02-25,PUG,11965,5060,6905,10799,1166,ITF,ITF4,16,Puglia,Puglia,4029053,2043539,50.72,0.3
1082,2021-06-05,PUG,40821,20056,20765,29089,11732,ITF,ITF4,16,Puglia,Puglia,4029053,2084360,51.73,1.01
1083,2021-01-06,PUG,3945,1669,2276,3945,0,ITF,ITF4,16,Puglia,Puglia,4029053,2088305,51.83,0.1
1084,2021-01-27,PUG,4581,1932,2649,611,3970,ITF,ITF4,16,Puglia,Puglia,4029053,2092886,51.94,0.11
1085,2021-05-07,PUG,49489,22071,27418,26219,23270,ITF,ITF4,16,Puglia,Puglia,4029053,2142375,53.17,1.23
1086,2021-01-13,PUG,4542,1730,2812,4542,0,ITF,ITF4,16,Puglia,Puglia,4029053,2146917,53.29,0.11
1087,2021-04-06,PUG,13590,6030,7560,6840,6750,ITF,ITF4,16,Puglia,Puglia,4029053,2160507,53.62,0.34
1088,2021-03-01,PUG,15096,5864,9232,13726,1370,ITF,ITF4,16,Puglia,Puglia,4029053,2175603,54.0,0.37
1089,2021-06-02,PUG,26812,13115,13697,22013,4799,ITF,ITF4,16,Puglia,Puglia,4029053,2202415,54.66,0.67
1090,2021-03-13,PUG,10389,4107,6282,8657,1732,ITF,ITF4,16,Puglia,Puglia,4029053,2212804,54.92,0.26
1091,2021-02-24,PUG,10034,4703,5331,9445,589,ITF,ITF4,16,Puglia,Puglia,4029053,2222838,55.17,0.25
1092,2021-06-04,PUG,50342,24093,26249,33738,16604,ITF,ITF4,16,Puglia,Puglia,4029053,2273180,56.42,1.25
1093,2021-05-18,PUG,28240,12948,15292,15659,12581,ITF,ITF4,16,Puglia,Puglia,4029053,2301420,57.12,0.7
1094,2021-04-29,PUG,25988,12024,13964,19332,6656,ITF,ITF4,16,Puglia,Puglia,4029053,2327408,57.77,0.65
1095,2021-01-10,PUG,2348,1061,1287,2348,0,ITF,ITF4,16,Puglia,Puglia,4029053,2329756,57.82,0.06
1096,2021-04-20,PUG,21105,9795,11310,17641,3464,ITF,ITF4,16,Puglia,Puglia,4029053,2350861,58.35,0.52
1097,2020-12-27,PUG,509,252,257,509,0,ITF,ITF4,16,Puglia,Puglia,4029053,2351370,58.36,0.01
1098,2021-05-30,PUG,20805,9957,10848,15831,4974,ITF,ITF4,16,Puglia,Puglia,4029053,2372175,58.88,0.52
1099,2021-02-22,PUG,9628,4536,5092,9297,331,ITF,ITF4,16,Puglia,Puglia,4029053,2381803,59.12,0.24
1100,2021-02-05,PUG,5635,2273,3362,1333,4302,ITF,ITF4,16,Puglia,Puglia,4029053,2387438,59.26,0.14
1101,2021-05-16,PUG,24409,11008,13401,12606,11803,ITF,ITF4,16,Puglia,Puglia,4029053,2411847,59.86,0.61
1102,2020-12-30,PUG,1,0,1,1,0,ITF,ITF4,16,Puglia,Puglia,4029053,2411848,59.86,0.0
1103,2021-03-22,PUG,9353,4556,4797,3708,5645,ITF,ITF4,16,Puglia,Puglia,4029053,2421201,60.09,0.23
1104,2021-01-24,PUG,1669,749,920,153,1516,ITF,ITF4,16,Puglia,Puglia,4029053,2422870,60.13,0.04
1105,2021-03-15,PUG,11792,5633,6159,5291,6501,ITF,ITF4,16,Puglia,Puglia,4029053,2434662,60.43,0.29
1106,2021-01-17,PUG,1308,590,718,1239,69,ITF,ITF4,16,Puglia,Puglia,4029053,2435970,60.46,0.03
1107,2021-04-27,PUG,26607,12041,14566,21021,5586,ITF,ITF4,16,Puglia,Puglia,4029053,2462577,61.12,0.66
1108,2021-05-11,PUG,32293,14211,18082,13943,18350,ITF,ITF4,16,Puglia,Puglia,4029053,2494870,61.92,0.8
1109,2021-05-04,PUG,34866,14704,20162,18453,16413,ITF,ITF4,16,Puglia,Puglia,4029053,2529736,62.79,0.87
1110,2021-03-08,PUG,14610,6090,8520,12211,2399,ITF,ITF4,16,Puglia,Puglia,4029053,2544346,63.15,0.36
1111,2021-05-10,PUG,37418,16504,20914,19549,17869,ITF,ITF4,16,Puglia,Puglia,4029053,2581764,64.08,0.93
1112,2021-02-13,PUG,3727,1456,2271,3031,696,ITF,ITF4,16,Puglia,Puglia,4029053,2585491,64.17,0.09
1113,2021-05-09,PUG,30559,12518,18041,14981,15578,ITF,ITF4,16,Puglia,Puglia,4029053,2616050,64.93,0.76
1114,2021-04-22,PUG,22913,10471,12442,18045,4868,ITF,ITF4,16,Puglia,Puglia,4029053,2638963,65.5,0.57
1115,2021-02-12,PUG,4212,1672,2540,3120,1092,ITF,ITF4,16,Puglia,Puglia,4029053,2643175,65.6,0.1
1116,2021-01-29,PUG,6198,2662,3536,436,5762,ITF,ITF4,16,Puglia,Puglia,4029053,2649373,65.76,0.15
1117,2021-03-20,PUG,8261,3736,4525,3669,4592,ITF,ITF4,16,Puglia,Puglia,4029053,2657634,65.96,0.21
1118,2021-03-03,PUG,16671,6705,9966,14759,1912,ITF,ITF4,16,Puglia,Puglia,4029053,2674305,66.38,0.41
1119,2021-04-03,PUG,10544,4636,5908,6991,3553,ITF,ITF4,16,Puglia,Puglia,4029053,2684849,66.64,0.26
1120,2021-05-26,EMR,32979,14569,18410,10194,22785,ITH,ITH5,8,Emilia-Romagna,Emilia-Romagna,4459477,32979,0.74,0.74
1121,2021-03-04,EMR,16445,5347,11098,13431,3014,ITH,ITH5,8,Emilia-Romagna,Emilia-Romagna,4459477,49424,1.11,0.37
1122,2021-05-24,EMR,29675,13527,16148,18412,11263,ITH,ITH5,8,Emilia-Romagna,Emilia-Romagna,4459477,79099,1.77,0.67
1123,2021-02-13,EMR,3627,1085,2542,3029,598,ITH,ITH5,8,Emilia-Romagna,Emilia-Romagna,4459477,82726,1.86,0.08
1124,2021-02-18,EMR,7039,2892,4147,6456,583,ITH,ITH5,8,Emilia-Romagna,Emilia-Romagna,4459477,89765,2.01,0.16
1125,2021-06-07,EMR,39339,20123,19216,33271,6068,ITH,ITH5,8,Emilia-Romagna,Emilia-Romagna,4459477,129104,2.9,0.88
1126,2021-05-31,EMR,29478,13547,15931,18231,11247,ITH,ITH5,8,Emilia-Romagna,Emilia-Romagna,4459477,158582,3.56,0.66
1127,2021-02-20,EMR,5318,2094,3224,5055,263,ITH,ITH5,8,Emilia-Romagna,Emilia-Romagna,4459477,163900,3.68,0.12
1128,2021-04-11,EMR,15262,6926,8336,12217,3045,ITH,ITH5,8,Emilia-Romagna,Emilia-Romagna,4459477,179162,4.02,0.34
1129,2021-02-11,EMR,4251,1416,2835,3411,840,ITH,ITH5,8,Emilia-Romagna,Emilia-Romagna,4459477,183413,4.11,0.1
1130,2021-04-18,EMR,17497,8393,9104,12570,4927,ITH,ITH5,8,Emilia-Romagna,Emilia-Romagna,4459477,200910,4.51,0.39
1131,2021-01-23,EMR,2448,871,1577,443,2005,ITH,ITH5,8,Emilia-Romagna,Emilia-Romagna,4459477,203358,4.56,0.05
1132,2021-05-07,EMR,35201,16935,18266,23356,11845,ITH,ITH5,8,Emilia-Romagna,Emilia-Romagna,4459477,238559,5.35,0.79
1133,2021-01-30,EMR,10077,3519,6558,141,9936,ITH,ITH5,8,Emilia-Romagna,Emilia-Romagna,4459477,248636,5.58,0.23
1134,2021-04-23,EMR,29557,13810,15747,14677,14880,ITH,ITH5,8,Emilia-Romagna,Emilia-Romagna,4459477,278193,6.24,0.66
1135,2021-01-13,EMR,9074,2940,6134,9074,0,ITH,ITH5,8,Emilia-Romagna,Emilia-Romagna,4459477,287267,6.44,0.2
1136,2021-04-04,EMR,9885,4718,5167,7616,2269,ITH,ITH5,8,Emilia-Romagna,Emilia-Romagna,4459477,297152,6.66,0.22
1137,2021-05-12,EMR,38817,18262,20555,29207,9610,ITH,ITH5,8,Emilia-Romagna,Emilia-Romagna,4459477,335969,7.53,0.87
1138,2021-02-01,EMR,10320,3610,6710,362,9958,ITH,ITH5,8,Emilia-Romagna,Emilia-Romagna,4459477,346289,7.77,0.23
1139,2021-01-18,EMR,3127,879,2248,2449,678,ITH,ITH5,8,Emilia-Romagna,Emilia-Romagna,4459477,349416,7.84,0.07
1140,2021-03-16,EMR,12242,5027,7215,4934,7308,ITH,ITH5,8,Emilia-Romagna,Emilia-Romagna,4459477,361658,8.11,0.27
1141,2021-01-25,EMR,6458,2146,4312,207,6251,ITH,ITH5,8,Emilia-Romagna,Emilia-Romagna,4459477,368116,8.25,0.14
1142,2021-03-23,EMR,18704,8072,10632,12017,6687,ITH,ITH5,8,Emilia-Romagna,Emilia-Romagna,4459477,386820,8.67,0.42
1143,2021-03-09,EMR,14709,5983,8726,10754,3955,ITH,ITH5,8,Emilia-Romagna,Emilia-Romagna,4459477,401529,9.0,0.33
1144,2021-05-05,EMR,30076,13977,16099,18828,11248,ITH,ITH5,8,Emilia-Romagna,Emilia-Romagna,4459477,431605,9.68,0.67
1145,2021-03-30,EMR,23294,10295,12999,18256,5038,ITH,ITH5,8,Emilia-Romagna,Emilia-Romagna,4459477,454899,10.2,0.52
1146,2021-01-04,EMR,7312,2527,4785,7312,0,ITH,ITH5,8,Emilia-Romagna,Emilia-Romagna,4459477,462211,10.36,0.16
1147,2021-05-19,EMR,33649,14933,18716,18522,15127,ITH,ITH5,8,Emilia-Romagna,Emilia-Romagna,4459477,495860,11.12,0.75
1148,2021-06-02,EMR,23883,11891,11992,19082,4801,ITH,ITH5,8,Emilia-Romagna,Emilia-Romagna,4459477,519743,11.65,0.54
1149,2021-04-16,EMR,29168,13740,15428,20331,8837,ITH,ITH5,8,Emilia-Romagna,Emilia-Romagna,4459477,548911,12.31,0.65
1150,2021-01-06,EMR,8286,2954,5332,8286,0,ITH,ITH5,8,Emilia-Romagna,Emilia-Romagna,4459477,557197,12.49,0.19
1151,2021-04-30,EMR,36579,16778,19801,21789,14790,ITH,ITH5,8,Emilia-Romagna,Emilia-Romagna,4459477,593776,13.31,0.82
1152,2021-03-28,EMR,13492,6021,7471,9628,3864,ITH,ITH5,8,Emilia-Romagna,Emilia-Romagna,4459477,607268,13.62,0.3
1153,2021-02-25,EMR,9250,3499,5751,8296,954,ITH,ITH5,8,Emilia-Romagna,Emilia-Romagna,4459477,616518,13.82,0.21
1154,2021-03-11,EMR,17260,7137,10123,11410,5850,ITH,ITH5,8,Emilia-Romagna,Emilia-Romagna,4459477,633778,14.21,0.39
1155,2021-02-06,EMR,7601,2407,5194,2131,5470,ITH,ITH5,8,Emilia-Romagna,Emilia-Romagna,4459477,641379,14.38,0.17
1156,2021-05-09,EMR,25605,12249,13356,18637,6968,ITH,ITH5,8,Emilia-Romagna,Emilia-Romagna,4459477,666984,14.96,0.57
1157,2021-01-29,EMR,10415,3497,6918,290,10125,ITH,ITH5,8,Emilia-Romagna,Emilia-Romagna,4459477,677399,15.19,0.23
1158,2021-02-15,EMR,2903,850,2053,2778,125,ITH,ITH5,8,Emilia-Romagna,Emilia-Romagna,4459477,680302,15.26,0.07
1159,2021-01-27,EMR,8360,2946,5414,462,7898,ITH,ITH5,8,Emilia-Romagna,Emilia-Romagna,4459477,688662,15.44,0.19
1160,2021-01-15,EMR,7746,2403,5343,7746,0,ITH,ITH5,8,Emilia-Romagna,Emilia-Romagna,4459477,696408,15.62,0.17
1161,2021-03-01,EMR,10097,3581,6516,7841,2256,ITH,ITH5,8,Emilia-Romagna,Emilia-Romagna,4459477,706505,15.84,0.23
1162,2021-05-04,EMR,29260,13699,15561,15602,13658,ITH,ITH5,8,Emilia-Romagna,Emilia-Romagna,4459477,735765,16.5,0.66
1163,2021-02-27,EMR,10967,3999,6968,9229,1738,ITH,ITH5,8,Emilia-Romagna,Emilia-Romagna,4459477,746732,16.74,0.25
1164,2021-04-25,EMR,22344,10239,12105,14836,7508,ITH,ITH5,8,Emilia-Romagna,Emilia-Romagna,4459477,769076,17.25,0.5
1165,2021-01-10,EMR,7170,2683,4487,7170,0,ITH,ITH5,8,Emilia-Romagna,Emilia-Romagna,4459477,776246,17.41,0.16
1166,2021-03-08,EMR,12179,5064,7115,9504,2675,ITH,ITH5,8,Emilia-Romagna,Emilia-Romagna,4459477,788425,17.68,0.27
1167,2021-04-20,EMR,22602,10395,12207,14252,8350,ITH,ITH5,8,Emilia-Romagna,Emilia-Romagna,4459477,811027,18.19,0.51
1168,2021-03-25,EMR,21396,9351,12045,14408,6988,ITH,ITH5,8,Emilia-Romagna,Emilia-Romagna,4459477,832423,18.67,0.48
1169,2021-05-21,EMR,39113,17496,21617,22195,16918,ITH,ITH5,8,Emilia-Romagna,Emilia-Romagna,4459477,871536,19.54,0.88
1170,2021-02-10,EMR,4020,1383,2637,2765,1255,ITH,ITH5,8,Emilia-Romagna,Emilia-Romagna,4459477,875556,19.63,0.09
1171,2021-04-08,EMR,31115,14287,16828,25814,5301,ITH,ITH5,8,Emilia-Romagna,Emilia-Romagna,4459477,906671,20.33,0.7
1172,2021-01-11,EMR,9348,3273,6075,9348,0,ITH,ITH5,8,Emilia-Romagna,Emilia-Romagna,4459477,916019,20.54,0.21
1173,2021-03-20,EMR,16087,6831,9256,9123,6964,ITH,ITH5,8,Emilia-Romagna,Emilia-Romagna,4459477,932106,20.9,0.36
1174,2021-04-06,EMR,24746,11161,13585,20008,4738,ITH,ITH5,8,Emilia-Romagna,Emilia-Romagna,4459477,956852,21.46,0.55
1175,2020-12-27,EMR,970,372,598,970,0,ITH,ITH5,8,Emilia-Romagna,Emilia-Romagna,4459477,957822,21.48,0.02
1176,2021-05-23,EMR,25450,11854,13596,13885,11565,ITH,ITH5,8,Emilia-Romagna,Emilia-Romagna,4459477,983272,22.05,0.57
1177,2021-06-04,EMR,44758,22524,22234,36770,7988,ITH,ITH5,8,Emilia-Romagna,Emilia-Romagna,4459477,1028030,23.05,1.0
1178,2021-01-20,EMR,1325,270,1055,1324,1,ITH,ITH5,8,Emilia-Romagna,Emilia-Romagna,4459477,1029355,23.08,0.03
1179,2021-03-13,EMR,16080,6308,9772,10767,5313,ITH,ITH5,8,Emilia-Romagna,Emilia-Romagna,4459477,1045435,23.44,0.36
1180,2021-03-27,EMR,21620,9051,12569,14712,6908,ITH,ITH5,8,Emilia-Romagna,Emilia-Romagna,4459477,1067055,23.93,0.48
1181,2021-04-13,EMR,23649,11091,12558,19347,4302,ITH,ITH5,8,Emilia-Romagna,Emilia-Romagna,4459477,1090704,24.46,0.53
1182,2021-01-03,EMR,2762,943,1819,2762,0,ITH,ITH5,8,Emilia-Romagna,Emilia-Romagna,4459477,1093466,24.52,0.06
1183,2021-05-02,EMR,25573,11648,13925,13584,11989,ITH,ITH5,8,Emilia-Romagna,Emilia-Romagna,4459477,1119039,25.09,0.57
1184,2021-01-22,EMR,1829,477,1352,1088,741,ITH,ITH5,8,Emilia-Romagna,Emilia-Romagna,4459477,1120868,25.13,0.04
1185,2021-02-08,EMR,5227,1532,3695,2315,2912,ITH,ITH5,8,Emilia-Romagna,Emilia-Romagna,4459477,1126095,25.25,0.12
1186,2021-05-16,EMR,25842,12167,13675,18730,7112,ITH,ITH5,8,Emilia-Romagna,Emilia-Romagna,4459477,1151937,25.83,0.58
1187,2021-02-22,EMR,7482,3091,4391,7210,272,ITH,ITH5,8,Emilia-Romagna,Emilia-Romagna,4459477,1159419,26.0,0.17
1188,2021-05-28,EMR,40761,18680,22081,17829,22932,ITH,ITH5,8,Emilia-Romagna,Emilia-Romagna,4459477,1200180,26.91,0.91
1189,2021-04-22,EMR,29038,13443,15595,14963,14075,ITH,ITH5,8,Emilia-Romagna,Emilia-Romagna,4459477,1229218,27.56,0.65
1190,2021-01-12,EMR,9475,3124,6351,9475,0,ITH,ITH5,8,Emilia-Romagna,Emilia-Romagna,4459477,1238693,27.78,0.21
1191,2021-04-05,EMR,14860,6809,8051,11969,2891,ITH,ITH5,8,Emilia-Romagna,Emilia-Romagna,4459477,1253553,28.11,0.33
1192,2021-04-27,EMR,32085,14856,17229,19624,12461,ITH,ITH5,8,Emilia-Romagna,Emilia-Romagna,4459477,1285638,28.83,0.72
1193,2021-05-06,EMR,35903,16597,19306,22851,13052,ITH,ITH5,8,Emilia-Romagna,Emilia-Romagna,4459477,1321541,29.63,0.81
1194,2021-01-26,EMR,8334,3000,5334,215,8119,ITH,ITH5,8,Emilia-Romagna,Emilia-Romagna,4459477,1329875,29.82,0.19
1195,2021-03-24,EMR,21088,9306,11782,13705,7383,ITH,ITH5,8,Emilia-Romagna,Emilia-Romagna,4459477,1350963,30.29,0.47
1196,2021-01-24,EMR,2443,885,1558,298,2145,ITH,ITH5,8,Emilia-Romagna,Emilia-Romagna,4459477,1353406,30.35,0.05
1197,2021-01-17,EMR,2890,887,2003,2644,246,ITH,ITH5,8,Emilia-Romagna,Emilia-Romagna,4459477,1356296,30.41,0.06
1198,2021-04-02,EMR,23308,10494,12814,18846,4462,ITH,ITH5,8,Emilia-Romagna,Emilia-Romagna,4459477,1379604,30.94,0.52
1199,2021-05-29,EMR,37583,16419,21164,17098,20485,ITH,ITH5,8,Emilia-Romagna,Emilia-Romagna,4459477,1417187,31.78,0.84
1200,2021-01-08,EMR,10866,3581,7285,10866,0,ITH,ITH5,8,Emilia-Romagna,Emilia-Romagna,4459477,1428053,32.02,0.24
1201,2021-03-06,EMR,20874,5929,14945,18144,2730,ITH,ITH5,8,Emilia-Romagna,Emilia-Romagna,4459477,1448927,32.49,0.47
1202,2021-05-20,EMR,40058,18209,21849,18857,21201,ITH,ITH5,8,Emilia-Romagna,Emilia-Romagna,4459477,1488985,33.39,0.9
1203,2021-03-17,EMR,13721,5693,8028,5875,7846,ITH,ITH5,8,Emilia-Romagna,Emilia-Romagna,4459477,1502706,33.7,0.31
1204,2021-05-13,EMR,35682,16438,19244,27915,7767,ITH,ITH5,8,Emilia-Romagna,Emilia-Romagna,4459477,1538388,34.5,0.8
1205,2021-03-05,EMR,17737,5764,11973,14286,3451,ITH,ITH5,8,Emilia-Romagna,Emilia-Romagna,4459477,1556125,34.89,0.4
1206,2021-03-22,EMR,17469,7655,9814,10605,6864,ITH,ITH5,8,Emilia-Romagna,Emilia-Romagna,4459477,1573594,35.29,0.39
1207,2021-03-03,EMR,15840,5253,10587,13364,2476,ITH,ITH5,8,Emilia-Romagna,Emilia-Romagna,4459477,1589434,35.64,0.36
1208,2021-03-18,EMR,13674,5806,7868,5674,8000,ITH,ITH5,8,Emilia-Romagna,Emilia-Romagna,4459477,1603108,35.95,0.31
1209,2021-05-14,EMR,37142,17117,20025,27571,9571,ITH,ITH5,8,Emilia-Romagna,Emilia-Romagna,4459477,1640250,36.78,0.83
1210,2021-02-03,EMR,9355,2995,6360,984,8371,ITH,ITH5,8,Emilia-Romagna,Emilia-Romagna,4459477,1649605,36.99,0.21
1211,2021-04-01,EMR,23887,10734,13153,19340,4547,ITH,ITH5,8,Emilia-Romagna,Emilia-Romagna,4459477,1673492,37.53,0.54
1212,2021-02-17,EMR,6537,2763,3774,5765,772,ITH,ITH5,8,Emilia-Romagna,Emilia-Romagna,4459477,1680029,37.67,0.15
1213,2021-06-01,EMR,26945,12951,13994,17174,9771,ITH,ITH5,8,Emilia-Romagna,Emilia-Romagna,4459477,1706974,38.28,0.6
1214,2021-04-12,EMR,19220,8994,10226,14778,4442,ITH,ITH5,8,Emilia-Romagna,Emilia-Romagna,4459477,1726194,38.71,0.43
1215,2021-06-08,EMR,41750,21297,20453,34668,7082,ITH,ITH5,8,Emilia-Romagna,Emilia-Romagna,4459477,1767944,39.64,0.94
1216,2021-04-19,EMR,20889,9793,11096,14617,6272,ITH,ITH5,8,Emilia-Romagna,Emilia-Romagna,4459477,1788833,40.11,0.47
1217,2021-01-09,EMR,9983,3450,6533,9983,0,ITH,ITH5,8,Emilia-Romagna,Emilia-Romagna,4459477,1798816,40.34,0.22
1218,2021-03-07,EMR,7801,2928,4873,6284,1517,ITH,ITH5,8,Emilia-Romagna,Emilia-Romagna,4459477,1806617,40.51,0.17
1219,2021-05-03,EMR,28688,13551,15137,17811,10877,ITH,ITH5,8,Emilia-Romagna,Emilia-Romagna,4459477,1835305,41.16,0.64
1220,2021-05-01,EMR,28399,12772,15627,15627,12772,ITH,ITH5,8,Emilia-Romagna,Emilia-Romagna,4459477,1863704,41.79,0.64
1221,2021-03-15,EMR,13267,6090,7177,6768,6499,ITH,ITH5,8,Emilia-Romagna,Emilia-Romagna,4459477,1876971,42.09,0.3
1222,2021-02-09,EMR,4153,1248,2905,2307,1846,ITH,ITH5,8,Emilia-Romagna,Emilia-Romagna,4459477,1881124,42.18,0.09
1223,2021-05-15,EMR,33178,14971,18207,22817,10361,ITH,ITH5,8,Emilia-Romagna,Emilia-Romagna,4459477,1914302,42.93,0.74
1224,2021-02-04,EMR,9938,3207,6731,1250,8688,ITH,ITH5,8,Emilia-Romagna,Emilia-Romagna,4459477,1924240,43.15,0.22
1225,2021-05-22,EMR,32902,14103,18799,16895,16007,ITH,ITH5,8,Emilia-Romagna,Emilia-Romagna,4459477,1957142,43.89,0.74
1226,2021-04-09,EMR,25639,11623,14016,19948,5691,ITH,ITH5,8,Emilia-Romagna,Emilia-Romagna,4459477,1982781,44.46,0.57
1227,2021-02-02,EMR,9484,3053,6431,527,8957,ITH,ITH5,8,Emilia-Romagna,Emilia-Romagna,4459477,1992265,44.67,0.21
1228,2021-03-31,EMR,25142,10955,14187,19686,5456,ITH,ITH5,8,Emilia-Romagna,Emilia-Romagna,4459477,2017407,45.24,0.56
1229,2021-03-26,EMR,23434,9901,13533,17000,6434,ITH,ITH5,8,Emilia-Romagna,Emilia-Romagna,4459477,2040841,45.76,0.53
1230,2021-04-24,EMR,28599,13224,15375,14374,14225,ITH,ITH5,8,Emilia-Romagna,Emilia-Romagna,4459477,2069440,46.41,0.64
1231,2021-05-11,EMR,35753,16785,18968,28490,7263,ITH,ITH5,8,Emilia-Romagna,Emilia-Romagna,4459477,2105193,47.21,0.8
1232,2021-01-31,EMR,7696,2762,4934,241,7455,ITH,ITH5,8,Emilia-Romagna,Emilia-Romagna,4459477,2112889,47.38,0.17
1233,2021-03-21,EMR,11924,5275,6649,7320,4604,ITH,ITH5,8,Emilia-Romagna,Emilia-Romagna,4459477,2124813,47.65,0.27
1234,2021-03-02,EMR,12660,4268,8392,10578,2082,ITH,ITH5,8,Emilia-Romagna,Emilia-Romagna,4459477,2137473,47.93,0.28
1235,2021-03-19,EMR,15870,6924,8946,7901,7969,ITH,ITH5,8,Emilia-Romagna,Emilia-Romagna,4459477,2153343,48.29,0.36
1236,2021-02-28,EMR,6823,2527,4296,4977,1846,ITH,ITH5,8,Emilia-Romagna,Emilia-Romagna,4459477,2160166,48.44,0.15
1237,2021-04-26,EMR,27879,12927,14952,18574,9305,ITH,ITH5,8,Emilia-Romagna,Emilia-Romagna,4459477,2188045,49.07,0.63
1238,2021-01-16,EMR,5627,1718,3909,5627,0,ITH,ITH5,8,Emilia-Romagna,Emilia-Romagna,4459477,2193672,49.19,0.13
1239,2021-03-14,EMR,8696,3744,4952,4899,3797,ITH,ITH5,8,Emilia-Romagna,Emilia-Romagna,4459477,2202368,49.39,0.2
1240,2021-04-07,EMR,26005,11806,14199,19993,6012,ITH,ITH5,8,Emilia-Romagna,Emilia-Romagna,4459477,2228373,49.97,0.58
1241,2021-01-14,EMR,8128,2593,5535,8128,0,ITH,ITH5,8,Emilia-Romagna,Emilia-Romagna,4459477,2236501,50.15,0.18
1242,2021-02-12,EMR,5321,1679,3642,3918,1403,ITH,ITH5,8,Emilia-Romagna,Emilia-Romagna,4459477,2241822,50.27,0.12
1243,2021-04-10,EMR,20907,9292,11615,16764,4143,ITH,ITH5,8,Emilia-Romagna,Emilia-Romagna,4459477,2262729,50.74,0.47
1244,2021-04-17,EMR,27273,13064,14209,17928,9345,ITH,ITH5,8,Emilia-Romagna,Emilia-Romagna,4459477,2290002,51.35,0.61
1245,2021-01-07,EMR,10272,3406,6866,10272,0,ITH,ITH5,8,Emilia-Romagna,Emilia-Romagna,4459477,2300274,51.58,0.23
1246,2021-04-03,EMR,19937,8766,11171,16197,3740,ITH,ITH5,8,Emilia-Romagna,Emilia-Romagna,4459477,2320211,52.03,0.45
1247,2021-05-30,EMR,27003,12749,14254,13331,13672,ITH,ITH5,8,Emilia-Romagna,Emilia-Romagna,4459477,2347214,52.63,0.61
1248,2021-02-19,EMR,7327,3010,4317,6813,514,ITH,ITH5,8,Emilia-Romagna,Emilia-Romagna,4459477,2354541,52.8,0.16
1249,2020-12-31,EMR,2214,780,1434,2214,0,ITH,ITH5,8,Emilia-Romagna,Emilia-Romagna,4459477,2356755,52.85,0.05
1250,2021-06-06,EMR,36355,18885,17470,31952,4403,ITH,ITH5,8,Emilia-Romagna,Emilia-Romagna,4459477,2393110,53.66,0.82
1251,2021-02-26,EMR,9627,3668,5959,8580,1047,ITH,ITH5,8,Emilia-Romagna,Emilia-Romagna,4459477,2402737,53.88,0.22
1252,2021-02-05,EMR,9317,2966,6351,1638,7679,ITH,ITH5,8,Emilia-Romagna,Emilia-Romagna,4459477,2412054,54.09,0.21
1253,2021-04-14,EMR,27015,12826,14189,20911,6104,ITH,ITH5,8,Emilia-Romagna,Emilia-Romagna,4459477,2439069,54.69,0.61
1254,2021-01-21,EMR,2164,729,1435,819,1345,ITH,ITH5,8,Emilia-Romagna,Emilia-Romagna,4459477,2441233,54.74,0.05
1255,2021-05-25,EMR,24898,11095,13803,11606,13292,ITH,ITH5,8,Emilia-Romagna,Emilia-Romagna,4459477,2466131,55.3,0.56
1256,2021-02-14,EMR,1401,378,1023,1281,120,ITH,ITH5,8,Emilia-Romagna,Emilia-Romagna,4459477,2467532,55.33,0.03
1257,2021-05-27,EMR,41852,18518,23334,13983,27869,ITH,ITH5,8,Emilia-Romagna,Emilia-Romagna,4459477,2509384,56.27,0.94
1258,2021-02-16,EMR,5772,2446,3326,5241,531,ITH,ITH5,8,Emilia-Romagna,Emilia-Romagna,4459477,2515156,56.4,0.13
1259,2021-05-10,EMR,33830,16120,17710,26589,7241,ITH,ITH5,8,Emilia-Romagna,Emilia-Romagna,4459477,2548986,57.16,0.76
1260,2021-06-03,EMR,37330,18137,19193,29982,7348,ITH,ITH5,8,Emilia-Romagna,Emilia-Romagna,4459477,2586316,58.0,0.84
1261,2021-02-23,EMR,8215,3219,4996,7829,386,ITH,ITH5,8,Emilia-Romagna,Emilia-Romagna,4459477,2594531,58.18,0.18
1262,2021-03-12,EMR,18121,7553,10568,11404,6717,ITH,ITH5,8,Emilia-Romagna,Emilia-Romagna,4459477,2612652,58.59,0.41
1263,2021-04-21,EMR,23934,10957,12977,14197,9737,ITH,ITH5,8,Emilia-Romagna,Emilia-Romagna,4459477,2636586,59.12,0.54
1264,2021-05-08,EMR,32321,15084,17237,20905,11416,ITH,ITH5,8,Emilia-Romagna,Emilia-Romagna,4459477,2668907,59.85,0.72
1265,2021-01-28,EMR,10251,3339,6912,349,9902,ITH,ITH5,8,Emilia-Romagna,Emilia-Romagna,4459477,2679158,60.08,0.23
1266,2021-04-28,EMR,33708,15581,18127,20820,12888,ITH,ITH5,8,Emilia-Romagna,Emilia-Romagna,4459477,2712866,60.83,0.76
1267,2021-04-15,EMR,29294,13965,15329,19622,9672,ITH,ITH5,8,Emilia-Romagna,Emilia-Romagna,4459477,2742160,61.49,0.66
1268,2021-03-10,EMR,18733,7684,11049,13091,5642,ITH,ITH5,8,Emilia-Romagna,Emilia-Romagna,4459477,2760893,61.91,0.42
1269,2021-05-18,EMR,29031,13227,15804,18566,10465,ITH,ITH5,8,Emilia-Romagna,Emilia-Romagna,4459477,2789924,62.56,0.65
1270,2021-02-07,EMR,4793,1537,3256,1732,3061,ITH,ITH5,8,Emilia-Romagna,Emilia-Romagna,4459477,2794717,62.67,0.11
1271,2021-02-24,EMR,9351,3566,5785,8467,884,ITH,ITH5,8,Emilia-Romagna,Emilia-Romagna,4459477,2804068,62.88,0.21
1272,2021-01-05,EMR,9361,3170,6191,9361,0,ITH,ITH5,8,Emilia-Romagna,Emilia-Romagna,4459477,2813429,63.09,0.21
1273,2021-04-29,EMR,44945,21132,23813,27398,17547,ITH,ITH5,8,Emilia-Romagna,Emilia-Romagna,4459477,2858374,64.1,1.01
1274,2021-01-19,EMR,2045,505,1540,2028,17,ITH,ITH5,8,Emilia-Romagna,Emilia-Romagna,4459477,2860419,64.14,0.05
1275,2021-03-29,EMR,21205,9445,11760,16554,4651,ITH,ITH5,8,Emilia-Romagna,Emilia-Romagna,4459477,2881624,64.62,0.48
1276,2021-02-21,EMR,4450,1708,2742,4010,440,ITH,ITH5,8,Emilia-Romagna,Emilia-Romagna,4459477,2886074,64.72,0.1
1277,2021-01-02,EMR,2374,915,1459,2374,0,ITH,ITH5,8,Emilia-Romagna,Emilia-Romagna,4459477,2888448,64.77,0.05
1278,2021-06-05,EMR,43438,22009,21429,36710,6728,ITH,ITH5,8,Emilia-Romagna,Emilia-Romagna,4459477,2931886,65.75,0.97
1279,2021-05-17,EMR,32353,15380,16973,22886,9467,ITH,ITH5,8,Emilia-Romagna,Emilia-Romagna,4459477,2964239,66.47,0.73
1280,2021-04-26,LIG,10444,4913,5531,7818,2626,ITC,ITC3,7,Liguria,Liguria,1550640,10444,0.67,0.67
1281,2021-01-16,LIG,1278,557,721,1278,0,ITC,ITC3,7,Liguria,Liguria,1550640,11722,0.76,0.08
1282,2021-02-02,LIG,2668,1005,1663,134,2534,ITC,ITC3,7,Liguria,Liguria,1550640,14390,0.93,0.17
1283,2021-04-28,LIG,14443,6519,7924,6459,7984,ITC,ITC3,7,Liguria,Liguria,1550640,28833,1.86,0.93
1284,2021-02-04,LIG,2817,986,1831,179,2638,ITC,ITC3,7,Liguria,Liguria,1550640,31650,2.04,0.18
1285,2021-05-15,LIG,7254,3237,4017,4298,2956,ITC,ITC3,7,Liguria,Liguria,1550640,38904,2.51,0.47
1286,2021-02-21,LIG,869,491,378,865,4,ITC,ITC3,7,Liguria,Liguria,1550640,39773,2.56,0.06
1287,2021-02-16,LIG,2425,956,1469,2004,421,ITC,ITC3,7,Liguria,Liguria,1550640,42198,2.72,0.16
1288,2021-05-27,LIG,16348,8229,8119,12398,3950,ITC,ITC3,7,Liguria,Liguria,1550640,58546,3.78,1.05
1289,2021-04-14,LIG,13066,5666,7400,10863,2203,ITC,ITC3,7,Liguria,Liguria,1550640,71612,4.62,0.84
1290,2021-05-29,LIG,6810,3227,3583,3971,2839,ITC,ITC3,7,Liguria,Liguria,1550640,78422,5.06,0.44
1291,2021-02-09,LIG,1936,689,1247,256,1680,ITC,ITC3,7,Liguria,Liguria,1550640,80358,5.18,0.12
1292,2021-06-05,LIG,8035,4099,3936,4918,3117,ITC,ITC3,7,Liguria,Liguria,1550640,88393,5.7,0.52
1293,2021-04-09,LIG,12422,5554,6868,10683,1739,ITC,ITC3,7,Liguria,Liguria,1550640,100815,6.5,0.8
1294,2021-03-31,LIG,11841,5206,6635,9071,2770,ITC,ITC3,7,Liguria,Liguria,1550640,112656,7.27,0.76
1295,2020-12-28,LIG,80,30,50,80,0,ITC,ITC3,7,Liguria,Liguria,1550640,112736,7.27,0.01
1296,2021-06-03,LIG,15307,7562,7745,9026,6281,ITC,ITC3,7,Liguria,Liguria,1550640,128043,8.26,0.99
1297,2021-04-07,LIG,13583,6031,7552,11294,2289,ITC,ITC3,7,Liguria,Liguria,1550640,141626,9.13,0.88
1298,2021-02-23,LIG,3806,1559,2247,3697,109,ITC,ITC3,7,Liguria,Liguria,1550640,145432,9.38,0.25
1299,2021-01-28,LIG,2847,971,1876,39,2808,ITC,ITC3,7,Liguria,Liguria,1550640,148279,9.56,0.18
1300,2021-01-21,LIG,1104,385,719,673,431,ITC,ITC3,7,Liguria,Liguria,1550640,149383,9.63,0.07
1301,2021-03-26,LIG,9122,3856,5266,5968,3154,ITC,ITC3,7,Liguria,Liguria,1550640,158505,10.22,0.59
1302,2021-01-02,LIG,691,245,446,691,0,ITC,ITC3,7,Liguria,Liguria,1550640,159196,10.27,0.04
1303,2021-03-07,LIG,1858,1085,773,1557,301,ITC,ITC3,7,Liguria,Liguria,1550640,161054,10.39,0.12
1304,2021-03-14,LIG,1659,752,907,1055,604,ITC,ITC3,7,Liguria,Liguria,1550640,162713,10.49,0.11
1305,2021-05-10,LIG,12504,5504,7000,6131,6373,ITC,ITC3,7,Liguria,Liguria,1550640,175217,11.3,0.81
1306,2021-05-03,LIG,13267,5918,7349,6455,6812,ITC,ITC3,7,Liguria,Liguria,1550640,188484,12.16,0.86
1307,2021-03-21,LIG,550,220,330,69,481,ITC,ITC3,7,Liguria,Liguria,1550640,189034,12.19,0.04
1308,2021-01-23,LIG,809,295,514,153,656,ITC,ITC3,7,Liguria,Liguria,1550640,189843,12.24,0.05
1309,2021-05-17,LIG,11851,5364,6487,8542,3309,ITC,ITC3,7,Liguria,Liguria,1550640,201694,13.01,0.76
1310,2021-02-28,LIG,1058,580,478,1049,9,ITC,ITC3,7,Liguria,Liguria,1550640,202752,13.08,0.07
1311,2021-01-09,LIG,1335,481,854,1335,0,ITC,ITC3,7,Liguria,Liguria,1550640,204087,13.16,0.09
1312,2021-04-19,LIG,12807,5613,7194,8999,3808,ITC,ITC3,7,Liguria,Liguria,1550640,216894,13.99,0.83
1313,2021-02-11,LIG,1979,767,1212,1103,876,ITC,ITC3,7,Liguria,Liguria,1550640,218873,14.12,0.13
1314,2021-05-22,LIG,6551,3195,3356,4943,1608,ITC,ITC3,7,Liguria,Liguria,1550640,225424,14.54,0.42
1315,2021-03-19,LIG,5294,2234,3060,2149,3145,ITC,ITC3,7,Liguria,Liguria,1550640,230718,14.88,0.34
1316,2021-03-02,LIG,4074,1689,2385,3764,310,ITC,ITC3,7,Liguria,Liguria,1550640,234792,15.14,0.26
1317,2021-04-02,LIG,11670,5116,6554,9184,2486,ITC,ITC3,7,Liguria,Liguria,1550640,246462,15.89,0.75
1318,2021-04-21,LIG,14243,6431,7812,8921,5322,ITC,ITC3,7,Liguria,Liguria,1550640,260705,16.81,0.92
1319,2021-05-08,LIG,7528,3333,4195,2314,5214,ITC,ITC3,7,Liguria,Liguria,1550640,268233,17.3,0.49
1320,2021-01-25,LIG,2723,888,1835,478,2245,ITC,ITC3,7,Liguria,Liguria,1550640,270956,17.47,0.18
1321,2020-12-30,LIG,12,5,7,12,0,ITC,ITC3,7,Liguria,Liguria,1550640,270968,17.47,0.0
1322,2021-04-11,LIG,4248,1930,2318,3999,249,ITC,ITC3,7,Liguria,Liguria,1550640,275216,17.75,0.27
1323,2021-01-18,LIG,2137,745,1392,1980,157,ITC,ITC3,7,Liguria,Liguria,1550640,277353,17.89,0.14
1324,2021-04-23,LIG,14672,6637,8035,8552,6120,ITC,ITC3,7,Liguria,Liguria,1550640,292025,18.83,0.95
1325,2021-03-11,LIG,6351,3053,3298,4345,2006,ITC,ITC3,7,Liguria,Liguria,1550640,298376,19.24,0.41
1326,2021-01-13,LIG,2754,1013,1741,2754,0,ITC,ITC3,7,Liguria,Liguria,1550640,301130,19.42,0.18
1327,2021-01-04,LIG,2615,854,1761,2615,0,ITC,ITC3,7,Liguria,Liguria,1550640,303745,19.59,0.17
1328,2021-04-16,LIG,11969,5279,6690,10159,1810,ITC,ITC3,7,Liguria,Liguria,1550640,315714,20.36,0.77
1329,2021-01-06,LIG,1660,616,1044,1660,0,ITC,ITC3,7,Liguria,Liguria,1550640,317374,20.47,0.11
1330,2021-02-25,LIG,3455,1349,2106,3325,130,ITC,ITC3,7,Liguria,Liguria,1550640,320829,20.69,0.22
1331,2021-03-04,LIG,4738,2118,2620,3891,847,ITC,ITC3,7,Liguria,Liguria,1550640,325567,21.0,0.31
1332,2021-04-30,LIG,14346,6389,7957,5778,8568,ITC,ITC3,7,Liguria,Liguria,1550640,339913,21.92,0.93
1333,2021-01-14,LIG,2980,1055,1925,2980,0,ITC,ITC3,7,Liguria,Liguria,1550640,342893,22.11,0.19
1334,2021-03-12,LIG,6150,2814,3336,3681,2469,ITC,ITC3,7,Liguria,Liguria,1550640,349043,22.51,0.4
1335,2021-05-19,LIG,13533,5949,7584,10414,3119,ITC,ITC3,7,Liguria,Liguria,1550640,362576,23.38,0.87
1336,2021-03-23,LIG,9053,4090,4963,5844,3209,ITC,ITC3,7,Liguria,Liguria,1550640,371629,23.97,0.58
1337,2021-02-01,LIG,2557,922,1635,90,2467,ITC,ITC3,7,Liguria,Liguria,1550640,374186,24.13,0.16
1338,2021-05-12,LIG,11900,5334,6566,6560,5340,ITC,ITC3,7,Liguria,Liguria,1550640,386086,24.9,0.77
1339,2021-05-26,LIG,16183,8021,8162,12000,4183,ITC,ITC3,7,Liguria,Liguria,1550640,402269,25.94,1.04
1340,2021-03-30,LIG,12142,5378,6764,8753,3389,ITC,ITC3,7,Liguria,Liguria,1550640,414411,26.73,0.78
1341,2021-06-02,LIG,8531,4343,4188,5364,3167,ITC,ITC3,7,Liguria,Liguria,1550640,422942,27.28,0.55
1342,2021-02-18,LIG,2764,1126,1638,2430,334,ITC,ITC3,7,Liguria,Liguria,1550640,425706,27.45,0.18
1343,2021-05-14,LIG,12892,5653,7239,8595,4297,ITC,ITC3,7,Liguria,Liguria,1550640,438598,28.28,0.83
1344,2021-05-31,LIG,14410,7123,7287,8951,5459,ITC,ITC3,7,Liguria,Liguria,1550640,453008,29.21,0.93
1345,2021-03-09,LIG,5930,2753,3177,4499,1431,ITC,ITC3,7,Liguria,Liguria,1550640,458938,29.6,0.38
1346,2021-01-30,LIG,1660,566,1094,24,1636,ITC,ITC3,7,Liguria,Liguria,1550640,460598,29.7,0.11
1347,2021-03-28,LIG,1141,511,630,390,751,ITC,ITC3,7,Liguria,Liguria,1550640,461739,29.78,0.07
1348,2021-02-06,LIG,1892,768,1124,145,1747,ITC,ITC3,7,Liguria,Liguria,1550640,463631,29.9,0.12
1349,2021-05-05,LIG,13707,6130,7577,5286,8421,ITC,ITC3,7,Liguria,Liguria,1550640,477338,30.78,0.88
1350,2021-03-16,LIG,6073,2722,3351,2349,3724,ITC,ITC3,7,Liguria,Liguria,1550640,483411,31.17,0.39
1351,2021-05-24,LIG,11659,5423,6236,9175,2484,ITC,ITC3,7,Liguria,Liguria,1550640,495070,31.93,0.75
1352,2021-05-07,LIG,13565,6019,7546,5780,7785,ITC,ITC3,7,Liguria,Liguria,1550640,508635,32.8,0.87
1353,2021-02-13,LIG,1080,508,572,800,280,ITC,ITC3,7,Liguria,Liguria,1550640,509715,32.87,0.07
1354,2021-06-07,LIG,15326,7396,7930,8464,6862,ITC,ITC3,7,Liguria,Liguria,1550640,525041,33.86,0.99
1355,2021-03-08,LIG,5630,2460,3170,3941,1689,ITC,ITC3,7,Liguria,Liguria,1550640,530671,34.22,0.36
1356,2021-03-25,LIG,9592,4080,5512,6199,3393,ITC,ITC3,7,Liguria,Liguria,1550640,540263,34.84,0.62
1357,2021-01-01,LIG,144,55,89,144,0,ITC,ITC3,7,Liguria,Liguria,1550640,540407,34.85,0.01
1358,2021-03-27,LIG,3919,1537,2382,2524,1395,ITC,ITC3,7,Liguria,Liguria,1550640,544326,35.1,0.25
1359,2021-04-13,LIG,13076,5866,7210,11052,2024,ITC,ITC3,7,Liguria,Liguria,1550640,557402,35.95,0.84
1360,2021-03-20,LIG,2316,995,1321,1142,1174,ITC,ITC3,7,Liguria,Liguria,1550640,559718,36.1,0.15
1361,2021-01-15,LIG,2255,754,1501,2255,0,ITC,ITC3,7,Liguria,Liguria,1550640,561973,36.24,0.15
1362,2021-04-25,LIG,1936,921,1015,1521,415,ITC,ITC3,7,Liguria,Liguria,1550640,563909,36.37,0.12
1363,2021-03-13,LIG,3827,1616,2211,2972,855,ITC,ITC3,7,Liguria,Liguria,1550640,567736,36.61,0.25
1364,2021-02-14,LIG,233,122,111,233,0,ITC,ITC3,7,Liguria,Liguria,1550640,567969,36.63,0.02
1365,2021-05-25,LIG,13718,6598,7120,10729,2989,ITC,ITC3,7,Liguria,Liguria,1550640,581687,37.51,0.88
1366,2021-03-22,LIG,7665,3401,4264,4729,2936,ITC,ITC3,7,Liguria,Liguria,1550640,589352,38.01,0.49
1367,2021-02-07,LIG,407,153,254,2,405,ITC,ITC3,7,Liguria,Liguria,1550640,589759,38.03,0.03
1368,2021-05-18,LIG,13336,6018,7318,10051,3285,ITC,ITC3,7,Liguria,Liguria,1550640,603095,38.89,0.86
1369,2021-03-06,LIG,3304,1842,1462,2599,705,ITC,ITC3,7,Liguria,Liguria,1550640,606399,39.11,0.21
1370,2021-01-22,LIG,1820,605,1215,1334,486,ITC,ITC3,7,Liguria,Liguria,1550640,608219,39.22,0.12
1371,2021-05-02,LIG,3878,1767,2111,506,3372,ITC,ITC3,7,Liguria,Liguria,1550640,612097,39.47,0.25
1372,2021-05-04,LIG,13605,6079,7526,5378,8227,ITC,ITC3,7,Liguria,Liguria,1550640,625702,40.35,0.88
1373,2021-05-09,LIG,2825,1245,1580,1115,1710,ITC,ITC3,7,Liguria,Liguria,1550640,628527,40.53,0.18
1374,2021-01-29,LIG,3079,1064,2015,67,3012,ITC,ITC3,7,Liguria,Liguria,1550640,631606,40.73,0.2
1375,2021-01-20,LIG,1550,555,995,1538,12,ITC,ITC3,7,Liguria,Liguria,1550640,633156,40.83,0.1
1376,2021-02-20,LIG,1335,637,698,1334,1,ITC,ITC3,7,Liguria,Liguria,1550640,634491,40.92,0.09
1377,2021-05-16,LIG,3693,1855,1838,2133,1560,ITC,ITC3,7,Liguria,Liguria,1550640,638184,41.16,0.24
1378,2021-02-22,LIG,3334,1467,1867,3192,142,ITC,ITC3,7,Liguria,Liguria,1550640,641518,41.37,0.22
1379,2021-04-27,LIG,14746,6676,8070,7166,7580,ITC,ITC3,7,Liguria,Liguria,1550640,656264,42.32,0.95
1380,2021-04-06,LIG,13170,5857,7313,10930,2240,ITC,ITC3,7,Liguria,Liguria,1550640,669434,43.17,0.85
1381,2021-02-08,LIG,1976,741,1235,306,1670,ITC,ITC3,7,Liguria,Liguria,1550640,671410,43.3,0.13
1382,2020-12-27,LIG,135,56,79,135,0,ITC,ITC3,7,Liguria,Liguria,1550640,671545,43.31,0.01
1383,2021-02-15,LIG,2262,839,1423,1865,397,ITC,ITC3,7,Liguria,Liguria,1550640,673807,43.45,0.15
1384,2021-01-03,LIG,734,230,504,734,0,ITC,ITC3,7,Liguria,Liguria,1550640,674541,43.5,0.05
1385,2021-01-07,LIG,3229,1095,2134,3229,0,ITC,ITC3,7,Liguria,Liguria,1550640,677770,43.71,0.21
1386,2021-04-17,LIG,7383,3217,4166,6633,750,ITC,ITC3,7,Liguria,Liguria,1550640,685153,44.19,0.48
1387,2021-05-01,LIG,7131,3253,3878,1332,5799,ITC,ITC3,7,Liguria,Liguria,1550640,692284,44.65,0.46
1388,2021-03-05,LIG,4869,2150,2719,3737,1132,ITC,ITC3,7,Liguria,Liguria,1550640,697153,44.96,0.31
1389,2021-04-04,LIG,756,366,390,507,249,ITC,ITC3,7,Liguria,Liguria,1550640,697909,45.01,0.05
1390,2021-04-18,LIG,2613,1164,1449,2145,468,ITC,ITC3,7,Liguria,Liguria,1550640,700522,45.18,0.17
1391,2021-01-08,LIG,2926,999,1927,2926,0,ITC,ITC3,7,Liguria,Liguria,1550640,703448,45.37,0.19
1392,2021-01-27,LIG,1744,603,1141,141,1603,ITC,ITC3,7,Liguria,Liguria,1550640,705192,45.48,0.11
1393,2021-05-21,LIG,12831,5950,6881,9706,3125,ITC,ITC3,7,Liguria,Liguria,1550640,718023,46.3,0.83
1394,2021-02-27,LIG,1888,921,967,1759,129,ITC,ITC3,7,Liguria,Liguria,1550640,719911,46.43,0.12
1395,2021-02-10,LIG,2314,837,1477,1019,1295,ITC,ITC3,7,Liguria,Liguria,1550640,722225,46.58,0.15
1396,2021-04-05,LIG,3976,1751,2225,2327,1649,ITC,ITC3,7,Liguria,Liguria,1550640,726201,46.83,0.26
1397,2021-05-20,LIG,12815,5941,6874,8797,4018,ITC,ITC3,7,Liguria,Liguria,1550640,739016,47.66,0.83
1398,2021-05-13,LIG,13024,5848,7176,8811,4213,ITC,ITC3,7,Liguria,Liguria,1550640,752040,48.5,0.84
1399,2021-02-19,LIG,3213,1305,1908,3037,176,ITC,ITC3,7,Liguria,Liguria,1550640,755253,48.71,0.21
1400,2021-05-30,LIG,3275,1603,1672,1364,1911,ITC,ITC3,7,Liguria,Liguria,1550640,758528,48.92,0.21
1401,2021-06-01,LIG,15919,7932,7987,10646,5273,ITC,ITC3,7,Liguria,Liguria,1550640,774447,49.94,1.03
1402,2021-03-10,LIG,5877,2839,3038,3971,1906,ITC,ITC3,7,Liguria,Liguria,1550640,780324,50.32,0.38
1403,2021-06-06,LIG,3798,2030,1768,2946,852,ITC,ITC3,7,Liguria,Liguria,1550640,784122,50.57,0.24
1404,2021-04-24,LIG,8169,3785,4384,5018,3151,ITC,ITC3,7,Liguria,Liguria,1550640,792291,51.09,0.53
1405,2021-02-26,LIG,3765,1523,2242,3437,328,ITC,ITC3,7,Liguria,Liguria,1550640,796056,51.34,0.24
1406,2021-04-15,LIG,11817,5218,6599,9965,1852,ITC,ITC3,7,Liguria,Liguria,1550640,807873,52.1,0.76
1407,2021-04-08,LIG,13723,6156,7567,11680,2043,ITC,ITC3,7,Liguria,Liguria,1550640,821596,52.98,0.88
1408,2021-06-04,LIG,14394,6972,7422,9061,5333,ITC,ITC3,7,Liguria,Liguria,1550640,835990,53.91,0.93
1409,2021-02-17,LIG,2688,1181,1507,2262,426,ITC,ITC3,7,Liguria,Liguria,1550640,838678,54.09,0.17
1410,2021-03-18,LIG,4981,2124,2857,2008,2973,ITC,ITC3,7,Liguria,Liguria,1550640,843659,54.41,0.32
1411,2021-04-01,LIG,12375,5467,6908,9605,2770,ITC,ITC3,7,Liguria,Liguria,1550640,856034,55.21,0.8
1412,2021-06-08,LIG,17295,8641,8654,10904,6391,ITC,ITC3,7,Liguria,Liguria,1550640,873329,56.32,1.12
1413,2021-03-17,LIG,5552,2368,3184,2473,3079,ITC,ITC3,7,Liguria,Liguria,1550640,878881,56.68,0.36
1414,2021-05-06,LIG,14467,6404,8063,6167,8300,ITC,ITC3,7,Liguria,Liguria,1550640,893348,57.61,0.93
1415,2021-02-03,LIG,2314,790,1524,55,2259,ITC,ITC3,7,Liguria,Liguria,1550640,895662,57.76,0.15
1416,2021-04-29,LIG,15550,6974,8576,6733,8817,ITC,ITC3,7,Liguria,Liguria,1550640,911212,58.76,1.0
1417,2021-04-12,LIG,12381,5475,6906,10362,2019,ITC,ITC3,7,Liguria,Liguria,1550640,923593,59.56,0.8
1418,2021-01-19,LIG,1371,438,933,1281,90,ITC,ITC3,7,Liguria,Liguria,1550640,924964,59.65,0.09
1419,2021-02-05,LIG,2673,986,1687,304,2369,ITC,ITC3,7,Liguria,Liguria,1550640,927637,59.82,0.17
1420,2021-03-24,LIG,8943,3833,5110,5657,3286,ITC,ITC3,7,Liguria,Liguria,1550640,936580,60.4,0.58
1421,2020-12-31,LIG,989,354,635,989,0,ITC,ITC3,7,Liguria,Liguria,1550640,937569,60.46,0.06
1422,2021-01-26,LIG,2491,807,1684,20,2471,ITC,ITC3,7,Liguria,Liguria,1550640,940060,60.62,0.16
1423,2021-05-11,LIG,13676,6181,7495,7074,6602,ITC,ITC3,7,Liguria,Liguria,1550640,953736,61.51,0.88
1424,2021-03-29,LIG,10438,4510,5928,7308,3130,ITC,ITC3,7,Liguria,Liguria,1550640,964174,62.18,0.67
1425,2021-01-31,LIG,624,270,354,9,615,ITC,ITC3,7,Liguria,Liguria,1550640,964798,62.22,0.04
1426,2021-04-10,LIG,7882,3556,4326,6968,914,ITC,ITC3,7,Liguria,Liguria,1550640,972680,62.73,0.51
1427,2021-01-17,LIG,862,300,562,862,0,ITC,ITC3,7,Liguria,Liguria,1550640,973542,62.78,0.06
1428,2021-05-28,LIG,16013,7918,8095,11562,4451,ITC,ITC3,7,Liguria,Liguria,1550640,989555,63.82,1.03
1429,2021-01-05,LIG,2879,896,1983,2879,0,ITC,ITC3,7,Liguria,Liguria,1550640,992434,64.0,0.19
1430,2021-03-03,LIG,4580,1847,2733,3554,1026,ITC,ITC3,7,Liguria,Liguria,1550640,997014,64.3,0.3
1431,2021-02-24,LIG,3763,1560,2203,3505,258,ITC,ITC3,7,Liguria,Liguria,1550640,1000777,64.54,0.24
1432,2020-12-29,LIG,125,33,92,125,0,ITC,ITC3,7,Liguria,Liguria,1550640,1000902,64.55,0.01
1433,2021-01-12,LIG,2459,885,1574,2459,0,ITC,ITC3,7,Liguria,Liguria,1550640,1003361,64.71,0.16
1434,2021-04-22,LIG,13816,6194,7622,8746,5070,ITC,ITC3,7,Liguria,Liguria,1550640,1017177,65.6,0.89
1435,2021-01-11,LIG,2653,989,1664,2653,0,ITC,ITC3,7,Liguria,Liguria,1550640,1019830,65.77,0.17
1436,2021-01-10,LIG,648,262,386,648,0,ITC,ITC3,7,Liguria,Liguria,1550640,1020478,65.81,0.04
1437,2021-04-20,LIG,14213,6504,7709,9867,4346,ITC,ITC3,7,Liguria,Liguria,1550640,1034691,66.73,0.92
1438,2021-05-23,LIG,2305,1119,1186,1182,1123,ITC,ITC3,7,Liguria,Liguria,1550640,1036996,66.88,0.15
1439,2021-03-01,LIG,3506,1430,2076,3384,122,ITC,ITC3,7,Liguria,Liguria,1550640,1040502,67.1,0.23
1440,2021-04-03,LIG,5404,2497,2907,4461,943,ITC,ITC3,7,Liguria,Liguria,1550640,1045906,67.45,0.35
1441,2021-01-24,LIG,756,237,519,113,643,ITC,ITC3,7,Liguria,Liguria,1550640,1046662,67.5,0.05
1442,2021-02-12,LIG,1927,689,1238,895,1032,ITC,ITC3,7,Liguria,Liguria,1550640,1048589,67.62,0.12
1443,2021-03-15,LIG,7207,3061,4146,4506,2701,ITC,ITC3,7,Liguria,Liguria,1550640,1055796,68.09,0.46
1444,2021-03-09,VEN,16465,7381,9084,10143,6322,ITH,ITH3,5,Veneto,Veneto,4905854,16465,0.34,0.34
1445,2021-05-31,VEN,31361,16036,15325,21648,9713,ITH,ITH3,5,Veneto,Veneto,4905854,47826,0.97,0.64
1446,2021-03-26,VEN,29537,13115,16422,24070,5467,ITH,ITH3,5,Veneto,Veneto,4905854,77363,1.58,0.6
1447,2021-03-28,VEN,31237,13580,17657,27618,3619,ITH,ITH3,5,Veneto,Veneto,4905854,108600,2.21,0.64
1448,2021-04-14,VEN,15884,6883,9001,9259,6625,ITH,ITH3,5,Veneto,Veneto,4905854,124484,2.54,0.32
1449,2021-01-04,VEN,6735,2033,4702,6735,0,ITH,ITH3,5,Veneto,Veneto,4905854,131219,2.67,0.14
1450,2021-02-25,VEN,7899,3339,4560,7294,605,ITH,ITH3,5,Veneto,Veneto,4905854,139118,2.84,0.16
1451,2021-04-09,VEN,31100,13694,17406,22763,8337,ITH,ITH3,5,Veneto,Veneto,4905854,170218,3.47,0.63
1452,2021-06-05,VEN,46496,23909,22587,38603,7893,ITH,ITH3,5,Veneto,Veneto,4905854,216714,4.42,0.95
1453,2021-04-23,VEN,31150,13797,17353,22449,8701,ITH,ITH3,5,Veneto,Veneto,4905854,247864,5.05,0.63
1454,2021-02-16,VEN,6642,2871,3771,6465,177,ITH,ITH3,5,Veneto,Veneto,4905854,254506,5.19,0.14
1455,2021-05-29,VEN,32649,16492,16157,25266,7383,ITH,ITH3,5,Veneto,Veneto,4905854,287155,5.85,0.67
1456,2021-02-18,VEN,5828,2455,3373,5764,64,ITH,ITH3,5,Veneto,Veneto,4905854,292983,5.97,0.12
1457,2021-01-23,VEN,4050,1246,2804,31,4019,ITH,ITH3,5,Veneto,Veneto,4905854,297033,6.05,0.08
1458,2021-03-21,VEN,11983,4754,7229,8521,3462,ITH,ITH3,5,Veneto,Veneto,4905854,309016,6.3,0.24
1459,2021-01-16,VEN,4611,1542,3069,4611,0,ITH,ITH3,5,Veneto,Veneto,4905854,313627,6.39,0.09
1460,2021-03-14,VEN,15172,5939,9233,14278,894,ITH,ITH3,5,Veneto,Veneto,4905854,328799,6.7,0.31
1461,2021-05-10,VEN,36406,17017,19389,26533,9873,ITH,ITH3,5,Veneto,Veneto,4905854,365205,7.44,0.74
1462,2021-01-30,VEN,8747,2672,6075,693,8054,ITH,ITH3,5,Veneto,Veneto,4905854,373952,7.62,0.18
1463,2021-05-17,VEN,26416,12957,13459,16436,9980,ITH,ITH3,5,Veneto,Veneto,4905854,400368,8.16,0.54
1464,2021-02-06,VEN,4095,1354,2741,709,3386,ITH,ITH3,5,Veneto,Veneto,4905854,404463,8.24,0.08
1465,2021-02-23,VEN,7376,3251,4125,7106,270,ITH,ITH3,5,Veneto,Veneto,4905854,411839,8.39,0.15
1466,2021-04-28,VEN,32376,15161,17215,23355,9021,ITH,ITH3,5,Veneto,Veneto,4905854,444215,9.05,0.66
1467,2021-01-18,VEN,2762,776,1986,2563,199,ITH,ITH3,5,Veneto,Veneto,4905854,446977,9.11,0.06
1468,2021-02-04,VEN,7386,2025,5361,553,6833,ITH,ITH3,5,Veneto,Veneto,4905854,454363,9.26,0.15
1469,2021-05-05,VEN,44166,21175,22991,37604,6562,ITH,ITH3,5,Veneto,Veneto,4905854,498529,10.16,0.9
1470,2021-05-12,VEN,36538,17686,18852,31446,5092,ITH,ITH3,5,Veneto,Veneto,4905854,535067,10.91,0.74
1471,2021-03-16,VEN,12517,5348,7169,6902,5615,ITH,ITH3,5,Veneto,Veneto,4905854,547584,11.16,0.26
1472,2021-01-11,VEN,7239,2102,5137,7239,0,ITH,ITH3,5,Veneto,Veneto,4905854,554823,11.31,0.15
1473,2021-04-21,VEN,32312,13173,19139,16249,16063,ITH,ITH3,5,Veneto,Veneto,4905854,587135,11.97,0.66
1474,2021-05-22,VEN,34706,16649,18057,13323,21383,ITH,ITH3,5,Veneto,Veneto,4905854,621841,12.68,0.71
1475,2021-02-11,VEN,4012,1238,2774,3384,628,ITH,ITH3,5,Veneto,Veneto,4905854,625853,12.76,0.08
1476,2021-01-28,VEN,9209,2662,6547,173,9036,ITH,ITH3,5,Veneto,Veneto,4905854,635062,12.94,0.19
1477,2021-03-02,VEN,11483,4622,6861,8176,3307,ITH,ITH3,5,Veneto,Veneto,4905854,646545,13.18,0.23
1478,2021-04-04,VEN,7775,3531,4244,6624,1151,ITH,ITH3,5,Veneto,Veneto,4905854,654320,13.34,0.16
1479,2021-05-24,VEN,32704,16148,16556,7752,24952,ITH,ITH3,5,Veneto,Veneto,4905854,687024,14.0,0.67
1480,2021-01-09,VEN,7927,2539,5388,7927,0,ITH,ITH3,5,Veneto,Veneto,4905854,694951,14.17,0.16
1481,2021-05-14,VEN,46381,22050,24331,25679,20702,ITH,ITH3,5,Veneto,Veneto,4905854,741332,15.11,0.95
1482,2021-02-20,VEN,6424,2014,4410,6353,71,ITH,ITH3,5,Veneto,Veneto,4905854,747756,15.24,0.13
1483,2021-06-02,VEN,20298,10231,10067,15952,4346,ITH,ITH3,5,Veneto,Veneto,4905854,768054,15.66,0.41
1484,2021-03-11,VEN,19707,8779,10928,14138,5569,ITH,ITH3,5,Veneto,Veneto,4905854,787761,16.06,0.4
1485,2021-05-02,VEN,37238,17263,19975,26903,10335,ITH,ITH3,5,Veneto,Veneto,4905854,824999,16.82,0.76
1486,2021-03-06,VEN,10627,4316,6311,7365,3262,ITH,ITH3,5,Veneto,Veneto,4905854,835626,17.03,0.22
1487,2020-12-30,VEN,699,245,454,699,0,ITH,ITH3,5,Veneto,Veneto,4905854,836325,17.05,0.01
1488,2021-06-07,VEN,44079,22951,21128,37277,6802,ITH,ITH3,5,Veneto,Veneto,4905854,880404,17.95,0.9
1489,2021-02-27,VEN,8988,2691,6297,8141,847,ITH,ITH3,5,Veneto,Veneto,4905854,889392,18.13,0.18
1490,2021-04-16,VEN,24419,10481,13938,12538,11881,ITH,ITH3,5,Veneto,Veneto,4905854,913811,18.63,0.5
1491,2021-04-18,VEN,17516,7255,10261,9944,7572,ITH,ITH3,5,Veneto,Veneto,4905854,931327,18.98,0.36
1492,2021-01-08,VEN,9405,2835,6570,9405,0,ITH,ITH3,5,Veneto,Veneto,4905854,940732,19.18,0.19
1493,2021-01-13,VEN,5985,1606,4379,5985,0,ITH,ITH3,5,Veneto,Veneto,4905854,946717,19.3,0.12
1494,2021-04-25,VEN,18317,8148,10169,13480,4837,ITH,ITH3,5,Veneto,Veneto,4905854,965034,19.67,0.37
1495,2021-03-07,VEN,4475,1756,2719,3914,561,ITH,ITH3,5,Veneto,Veneto,4905854,969509,19.76,0.09
1496,2021-05-03,VEN,40611,19770,20841,34180,6431,ITH,ITH3,5,Veneto,Veneto,4905854,1010120,20.59,0.83
1497,2021-05-28,VEN,45912,22457,23455,24749,21163,ITH,ITH3,5,Veneto,Veneto,4905854,1056032,21.53,0.94
1498,2021-05-21,VEN,44598,21929,22669,20887,23711,ITH,ITH3,5,Veneto,Veneto,4905854,1100630,22.44,0.91
1499,2021-04-30,VEN,49965,23468,26497,34313,15652,ITH,ITH3,5,Veneto,Veneto,4905854,1150595,23.45,1.02
1500,2021-01-20,VEN,1038,368,670,386,652,ITH,ITH3,5,Veneto,Veneto,4905854,1151633,23.47,0.02
1501,2021-01-01,VEN,1528,471,1057,1528,0,ITH,ITH3,5,Veneto,Veneto,4905854,1153161,23.51,0.03
1502,2021-03-25,VEN,25835,10951,14884,19729,6106,ITH,ITH3,5,Veneto,Veneto,4905854,1178996,24.03,0.53
1503,2021-04-11,VEN,21002,8873,12129,14695,6307,ITH,ITH3,5,Veneto,Veneto,4905854,1199998,24.46,0.43
1504,2021-04-13,VEN,14020,6320,7700,8535,5485,ITH,ITH3,5,Veneto,Veneto,4905854,1214018,24.75,0.29
1505,2021-03-23,VEN,22149,10187,11962,17430,4719,ITH,ITH3,5,Veneto,Veneto,4905854,1236167,25.2,0.45
1506,2021-05-19,VEN,32631,14959,17672,16818,15813,ITH,ITH3,5,Veneto,Veneto,4905854,1268798,25.86,0.67
1507,2021-02-08,VEN,4976,1541,3435,1929,3047,ITH,ITH3,5,Veneto,Veneto,4905854,1273774,25.96,0.1
1508,2021-04-06,VEN,28874,13277,15597,23806,5068,ITH,ITH3,5,Veneto,Veneto,4905854,1302648,26.55,0.59
1509,2021-02-01,VEN,8560,2502,6058,161,8399,ITH,ITH3,5,Veneto,Veneto,4905854,1311208,26.73,0.17
1510,2021-02-15,VEN,4389,1824,2565,4149,240,ITH,ITH3,5,Veneto,Veneto,4905854,1315597,26.82,0.09
1511,2021-03-30,VEN,35888,15240,20648,30638,5250,ITH,ITH3,5,Veneto,Veneto,4905854,1351485,27.55,0.73
1512,2021-03-18,VEN,12610,5136,7474,7384,5226,ITH,ITH3,5,Veneto,Veneto,4905854,1364095,27.81,0.26
1513,2021-05-07,VEN,48255,23133,25122,39604,8651,ITH,ITH3,5,Veneto,Veneto,4905854,1412350,28.79,0.98
1514,2021-01-27,VEN,7138,2062,5076,241,6897,ITH,ITH3,5,Veneto,Veneto,4905854,1419488,28.93,0.15
1515,2021-02-13,VEN,3266,1473,1793,3246,20,ITH,ITH3,5,Veneto,Veneto,4905854,1422754,29.0,0.07
1516,2021-04-02,VEN,23985,10554,13431,17655,6330,ITH,ITH3,5,Veneto,Veneto,4905854,1446739,29.49,0.49
1517,2021-01-25,VEN,6468,2075,4393,159,6309,ITH,ITH3,5,Veneto,Veneto,4905854,1453207,29.62,0.13
1518,2021-04-20,VEN,22410,9487,12923,8412,13998,ITH,ITH3,5,Veneto,Veneto,4905854,1475617,30.08,0.46
1519,2021-05-09,VEN,34965,16072,18893,24904,10061,ITH,ITH3,5,Veneto,Veneto,4905854,1510582,30.79,0.71
1520,2021-04-27,VEN,28113,12748,15365,21196,6917,ITH,ITH3,5,Veneto,Veneto,4905854,1538695,31.36,0.57
1521,2021-01-17,VEN,1933,781,1152,1584,349,ITH,ITH3,5,Veneto,Veneto,4905854,1540628,31.4,0.04
1522,2021-02-03,VEN,5943,1665,4278,480,5463,ITH,ITH3,5,Veneto,Veneto,4905854,1546571,31.53,0.12
1523,2021-04-29,VEN,50211,23356,26855,37030,13181,ITH,ITH3,5,Veneto,Veneto,4905854,1596782,32.55,1.02
1524,2021-02-05,VEN,8373,2535,5838,1415,6958,ITH,ITH3,5,Veneto,Veneto,4905854,1605155,32.72,0.17
1525,2021-02-22,VEN,7013,3040,3973,6626,387,ITH,ITH3,5,Veneto,Veneto,4905854,1612168,32.86,0.14
1526,2021-05-16,VEN,28402,14005,14397,21322,7080,ITH,ITH3,5,Veneto,Veneto,4905854,1640570,33.44,0.58
1527,2021-03-04,VEN,12921,4830,8091,9449,3472,ITH,ITH3,5,Veneto,Veneto,4905854,1653491,33.7,0.26
1528,2021-05-11,VEN,33017,16445,16572,28305,4712,ITH,ITH3,5,Veneto,Veneto,4905854,1686508,34.38,0.67
1529,2021-01-22,VEN,1080,332,748,25,1055,ITH,ITH3,5,Veneto,Veneto,4905854,1687588,34.4,0.02
1530,2021-05-04,VEN,42829,20283,22546,34800,8029,ITH,ITH3,5,Veneto,Veneto,4905854,1730417,35.27,0.87
1531,2021-01-24,VEN,4117,1219,2898,28,4089,ITH,ITH3,5,Veneto,Veneto,4905854,1734534,35.36,0.08
1532,2021-04-07,VEN,35896,16115,19781,28568,7328,ITH,ITH3,5,Veneto,Veneto,4905854,1770430,36.09,0.73
1533,2021-01-31,VEN,4769,1562,3207,392,4377,ITH,ITH3,5,Veneto,Veneto,4905854,1775199,36.19,0.1
1534,2021-03-29,VEN,31403,13638,17765,27571,3832,ITH,ITH3,5,Veneto,Veneto,4905854,1806602,36.83,0.64
1535,2021-05-13,VEN,44066,21743,22323,34180,9886,ITH,ITH3,5,Veneto,Veneto,4905854,1850668,37.72,0.9
1536,2021-02-02,VEN,6508,1878,4630,396,6112,ITH,ITH3,5,Veneto,Veneto,4905854,1857176,37.86,0.13
1537,2021-03-31,VEN,38655,16259,22396,31163,7492,ITH,ITH3,5,Veneto,Veneto,4905854,1895831,38.64,0.79
1538,2021-01-06,VEN,8132,2385,5747,8132,0,ITH,ITH3,5,Veneto,Veneto,4905854,1903963,38.81,0.17
1539,2021-03-15,VEN,16595,7262,9333,11385,5210,ITH,ITH3,5,Veneto,Veneto,4905854,1920558,39.15,0.34
1540,2021-05-18,VEN,26807,12475,14332,13271,13536,ITH,ITH3,5,Veneto,Veneto,4905854,1947365,39.69,0.55
1541,2021-03-22,VEN,18093,8135,9958,13050,5043,ITH,ITH3,5,Veneto,Veneto,4905854,1965458,40.06,0.37
1542,2021-01-03,VEN,5157,1562,3595,5157,0,ITH,ITH3,5,Veneto,Veneto,4905854,1970615,40.17,0.11
1543,2021-03-08,VEN,13548,6193,7355,9479,4069,ITH,ITH3,5,Veneto,Veneto,4905854,1984163,40.44,0.28
1544,2021-02-17,VEN,6022,2772,3250,5928,94,ITH,ITH3,5,Veneto,Veneto,4905854,1990185,40.57,0.12
1545,2021-04-01,VEN,25199,11054,14145,18791,6408,ITH,ITH3,5,Veneto,Veneto,4905854,2015384,41.08,0.51
1546,2021-04-15,VEN,20845,8608,12237,10038,10807,ITH,ITH3,5,Veneto,Veneto,4905854,2036229,41.51,0.42
1547,2021-01-05,VEN,7329,2182,5147,7329,0,ITH,ITH3,5,Veneto,Veneto,4905854,2043558,41.66,0.15
1548,2021-02-10,VEN,4751,1588,3163,3697,1054,ITH,ITH3,5,Veneto,Veneto,4905854,2048309,41.75,0.1
1549,2021-04-08,VEN,32315,14345,17970,24436,7879,ITH,ITH3,5,Veneto,Veneto,4905854,2080624,42.41,0.66
1550,2021-06-04,VEN,48938,25422,23516,41152,7786,ITH,ITH3,5,Veneto,Veneto,4905854,2129562,43.41,1.0
1551,2021-02-24,VEN,8614,3678,4936,8128,486,ITH,ITH3,5,Veneto,Veneto,4905854,2138176,43.58,0.18
1552,2021-04-26,VEN,20707,9449,11258,15568,5139,ITH,ITH3,5,Veneto,Veneto,4905854,2158883,44.01,0.42
1553,2021-05-26,VEN,30656,14929,15727,14403,16253,ITH,ITH3,5,Veneto,Veneto,4905854,2189539,44.63,0.62
1554,2021-03-01,VEN,9394,3716,5678,7572,1822,ITH,ITH3,5,Veneto,Veneto,4905854,2198933,44.82,0.19
1555,2021-04-03,VEN,21941,9624,12317,14226,7715,ITH,ITH3,5,Veneto,Veneto,4905854,2220874,45.27,0.45
1556,2021-03-20,VEN,12936,5336,7600,10852,2084,ITH,ITH3,5,Veneto,Veneto,4905854,2233810,45.53,0.26
1557,2021-01-10,VEN,5032,1671,3361,5032,0,ITH,ITH3,5,Veneto,Veneto,4905854,2238842,45.64,0.1
1558,2021-03-13,VEN,17179,7259,9920,14048,3131,ITH,ITH3,5,Veneto,Veneto,4905854,2256021,45.99,0.35
1559,2021-01-15,VEN,5874,1819,4055,5874,0,ITH,ITH3,5,Veneto,Veneto,4905854,2261895,46.11,0.12
1560,2021-05-20,VEN,44570,21151,23419,20327,24243,ITH,ITH3,5,Veneto,Veneto,4905854,2306465,47.01,0.91
1561,2021-02-09,VEN,5247,1889,3358,3446,1801,ITH,ITH3,5,Veneto,Veneto,4905854,2311712,47.12,0.11
1562,2021-05-27,VEN,45983,22551,23432,23103,22880,ITH,ITH3,5,Veneto,Veneto,4905854,2357695,48.06,0.94
1563,2021-02-07,VEN,2315,862,1453,714,1601,ITH,ITH3,5,Veneto,Veneto,4905854,2360010,48.11,0.05
1564,2020-12-31,VEN,3220,1042,2178,3220,0,ITH,ITH3,5,Veneto,Veneto,4905854,2363230,48.17,0.07
1565,2021-04-12,VEN,14901,6333,8568,6684,8217,ITH,ITH3,5,Veneto,Veneto,4905854,2378131,48.48,0.3
1566,2021-01-02,VEN,5743,1766,3977,5743,0,ITH,ITH3,5,Veneto,Veneto,4905854,2383874,48.59,0.12
1567,2021-01-19,VEN,1309,472,837,1159,150,ITH,ITH3,5,Veneto,Veneto,4905854,2385183,48.62,0.03
1568,2021-05-01,VEN,38833,18231,20602,29888,8945,ITH,ITH3,5,Veneto,Veneto,4905854,2424016,49.41,0.79
1569,2021-04-10,VEN,27444,11971,15473,18964,8480,ITH,ITH3,5,Veneto,Veneto,4905854,2451460,49.97,0.56
1570,2021-06-06,VEN,37270,19093,18177,32596,4674,ITH,ITH3,5,Veneto,Veneto,4905854,2488730,50.73,0.76
1571,2020-12-27,VEN,880,395,485,880,0,ITH,ITH3,5,Veneto,Veneto,4905854,2489610,50.75,0.02
1572,2021-05-30,VEN,22531,11263,11268,15845,6686,ITH,ITH3,5,Veneto,Veneto,4905854,2512141,51.21,0.46
1573,2021-05-23,VEN,34460,16447,18013,11068,23392,ITH,ITH3,5,Veneto,Veneto,4905854,2546601,51.91,0.7
1574,2021-02-12,VEN,4314,1447,2867,3742,572,ITH,ITH3,5,Veneto,Veneto,4905854,2550915,52.0,0.09
1575,2021-01-29,VEN,9020,2788,6232,367,8653,ITH,ITH3,5,Veneto,Veneto,4905854,2559935,52.18,0.18
1576,2021-05-08,VEN,41268,18662,22606,29468,11800,ITH,ITH3,5,Veneto,Veneto,4905854,2601203,53.02,0.84
1577,2021-03-19,VEN,13789,5668,8121,7696,6093,ITH,ITH3,5,Veneto,Veneto,4905854,2614992,53.3,0.28
1578,2021-03-27,VEN,32050,13992,18058,26244,5806,ITH,ITH3,5,Veneto,Veneto,4905854,2647042,53.96,0.65
1579,2021-06-03,VEN,53876,27657,26219,42135,11741,ITH,ITH3,5,Veneto,Veneto,4905854,2700918,55.06,1.1
1580,2021-02-19,VEN,7322,3140,4182,7118,204,ITH,ITH3,5,Veneto,Veneto,4905854,2708240,55.2,0.15
1581,2021-02-21,VEN,4633,1209,3424,4628,5,ITH,ITH3,5,Veneto,Veneto,4905854,2712873,55.3,0.09
1582,2021-03-24,VEN,22022,9506,12516,15214,6808,ITH,ITH3,5,Veneto,Veneto,4905854,2734895,55.75,0.45
1583,2021-05-15,VEN,36106,17457,18649,26153,9953,ITH,ITH3,5,Veneto,Veneto,4905854,2771001,56.48,0.74
1584,2021-06-01,VEN,26764,13426,13338,16389,10375,ITH,ITH3,5,Veneto,Veneto,4905854,2797765,57.03,0.55
1585,2021-03-10,VEN,18936,8638,10298,13255,5681,ITH,ITH3,5,Veneto,Veneto,4905854,2816701,57.42,0.39
1586,2021-02-26,VEN,8295,3271,5024,7038,1257,ITH,ITH3,5,Veneto,Veneto,4905854,2824996,57.58,0.17
1587,2021-04-24,VEN,24737,10818,13919,15658,9079,ITH,ITH3,5,Veneto,Veneto,4905854,2849733,58.09,0.5
1588,2021-01-14,VEN,7064,1925,5139,7064,0,ITH,ITH3,5,Veneto,Veneto,4905854,2856797,58.23,0.14
1589,2021-03-12,VEN,18589,8139,10450,11846,6743,ITH,ITH3,5,Veneto,Veneto,4905854,2875386,58.61,0.38
1590,2021-04-17,VEN,22404,9078,13326,15124,7280,ITH,ITH3,5,Veneto,Veneto,4905854,2897790,59.07,0.46
1591,2021-01-07,VEN,8358,2317,6041,8358,0,ITH,ITH3,5,Veneto,Veneto,4905854,2906148,59.24,0.17
1592,2021-01-21,VEN,2293,719,1574,21,2272,ITH,ITH3,5,Veneto,Veneto,4905854,2908441,59.29,0.05
1593,2021-03-05,VEN,13295,4983,8312,9625,3670,ITH,ITH3,5,Veneto,Veneto,4905854,2921736,59.56,0.27
1594,2021-03-03,VEN,12044,4597,7447,8546,3498,ITH,ITH3,5,Veneto,Veneto,4905854,2933780,59.8,0.25
1595,2021-04-22,VEN,31924,13896,18028,16184,15740,ITH,ITH3,5,Veneto,Veneto,4905854,2965704,60.45,0.65
1596,2021-06-08,VEN,41812,21588,20224,36505,5307,ITH,ITH3,5,Veneto,Veneto,4905854,3007516,61.3,0.85
1597,2021-05-25,VEN,27340,13133,14207,11512,15828,ITH,ITH3,5,Veneto,Veneto,4905854,3034856,61.86,0.56
1598,2021-02-14,VEN,125,56,69,112,13,ITH,ITH3,5,Veneto,Veneto,4905854,3034981,61.86,0.0
1599,2021-02-28,VEN,4136,1389,2747,3299,837,ITH,ITH3,5,Veneto,Veneto,4905854,3039117,61.95,0.08
1600,2021-03-17,VEN,14643,5991,8652,7849,6794,ITH,ITH3,5,Veneto,Veneto,4905854,3053760,62.25,0.3
1601,2021-01-12,VEN,5230,1516,3714,5230,0,ITH,ITH3,5,Veneto,Veneto,4905854,3058990,62.35,0.11
1602,2021-04-19,VEN,21532,8916,12616,5124,16408,ITH,ITH3,5,Veneto,Veneto,4905854,3080522,62.79,0.44
1603,2021-04-05,VEN,19139,8367,10772,13699,5440,ITH,ITH3,5,Veneto,Veneto,4905854,3099661,63.18,0.39
1604,2021-01-26,VEN,6917,2091,4826,152,6765,ITH,ITH3,5,Veneto,Veneto,4905854,3106578,63.32,0.14
1605,2021-05-06,VEN,46791,21954,24837,38334,8457,ITH,ITH3,5,Veneto,Veneto,4905854,3153369,64.28,0.95
1606,2021-04-05,MAR,5688,2355,3333,4419,1269,ITI,ITI3,11,Marche,Marche,1525271,5688,0.37,0.37
1607,2021-03-19,MAR,3835,1597,2238,339,3496,ITI,ITI3,11,Marche,Marche,1525271,9523,0.62,0.25
1608,2021-03-17,MAR,3428,1494,1934,107,3321,ITI,ITI3,11,Marche,Marche,1525271,12951,0.85,0.22
1609,2021-02-28,MAR,2836,1251,1585,2830,6,ITI,ITI3,11,Marche,Marche,1525271,15787,1.04,0.19
1610,2021-06-08,MAR,13866,6993,6873,11272,2594,ITI,ITI3,11,Marche,Marche,1525271,29653,1.94,0.91
1611,2021-05-27,MAR,13730,6817,6913,9429,4301,ITI,ITI3,11,Marche,Marche,1525271,43383,2.84,0.9
1612,2021-03-31,MAR,7374,3086,4288,4350,3024,ITI,ITI3,11,Marche,Marche,1525271,50757,3.33,0.48
1613,2021-03-29,MAR,5860,2567,3293,3435,2425,ITI,ITI3,11,Marche,Marche,1525271,56617,3.71,0.38
1614,2021-05-20,MAR,12365,5814,6551,7666,4699,ITI,ITI3,11,Marche,Marche,1525271,68982,4.52,0.81
1615,2021-02-07,MAR,1869,734,1135,344,1525,ITI,ITI3,11,Marche,Marche,1525271,70851,4.65,0.12
1616,2021-01-31,MAR,1920,770,1150,105,1815,ITI,ITI3,11,Marche,Marche,1525271,72771,4.77,0.13
1617,2021-04-07,MAR,7810,3435,4375,7475,335,ITI,ITI3,11,Marche,Marche,1525271,80581,5.28,0.51
1618,2021-02-09,MAR,124,42,82,46,78,ITI,ITI3,11,Marche,Marche,1525271,80705,5.29,0.01
1619,2021-01-21,MAR,905,258,647,585,320,ITI,ITI3,11,Marche,Marche,1525271,81610,5.35,0.06
1620,2021-05-01,MAR,9318,3924,5394,3576,5742,ITI,ITI3,11,Marche,Marche,1525271,90928,5.96,0.61
1621,2021-03-05,MAR,6171,2856,3315,4703,1468,ITI,ITI3,11,Marche,Marche,1525271,97099,6.37,0.4
1622,2021-01-07,MAR,1808,636,1172,1808,0,ITI,ITI3,11,Marche,Marche,1525271,98907,6.48,0.12
1623,2021-01-26,MAR,2018,747,1271,91,1927,ITI,ITI3,11,Marche,Marche,1525271,100925,6.62,0.13
1624,2021-04-19,MAR,9601,4497,5104,8020,1581,ITI,ITI3,11,Marche,Marche,1525271,110526,7.25,0.63
1625,2021-02-14,MAR,738,301,437,738,0,ITI,ITI3,11,Marche,Marche,1525271,111264,7.29,0.05
1626,2021-05-08,MAR,12268,5476,6792,5021,7247,ITI,ITI3,11,Marche,Marche,1525271,123532,8.1,0.8
1627,2021-01-12,MAR,1227,413,814,1227,0,ITI,ITI3,11,Marche,Marche,1525271,124759,8.18,0.08
1628,2021-04-26,MAR,8980,3983,4997,5958,3022,ITI,ITI3,11,Marche,Marche,1525271,133739,8.77,0.59
1629,2021-01-23,MAR,557,190,367,123,434,ITI,ITI3,11,Marche,Marche,1525271,134296,8.8,0.04
1630,2021-05-03,MAR,10196,4605,5591,4790,5406,ITI,ITI3,11,Marche,Marche,1525271,144492,9.47,0.67
1631,2021-03-24,MAR,7033,2984,4049,3365,3668,ITI,ITI3,11,Marche,Marche,1525271,151525,9.93,0.46
1632,2021-06-01,MAR,12053,6156,5897,9963,2090,ITI,ITI3,11,Marche,Marche,1525271,163578,10.72,0.79
1633,2021-03-10,MAR,5666,2400,3266,4529,1137,ITI,ITI3,11,Marche,Marche,1525271,169244,11.1,0.37
1634,2021-02-21,MAR,376,141,235,375,1,ITI,ITI3,11,Marche,Marche,1525271,169620,11.12,0.02
1635,2021-01-19,MAR,228,83,145,142,86,ITI,ITI3,11,Marche,Marche,1525271,169848,11.14,0.01
1636,2021-02-02,MAR,1191,397,794,72,1119,ITI,ITI3,11,Marche,Marche,1525271,171039,11.21,0.08
1637,2021-05-13,MAR,12601,5694,6907,7102,5499,ITI,ITI3,11,Marche,Marche,1525271,183640,12.04,0.83
1638,2021-04-12,MAR,8567,3772,4795,8083,484,ITI,ITI3,11,Marche,Marche,1525271,192207,12.6,0.56
1639,2021-05-15,MAR,13965,6376,7589,8076,5889,ITI,ITI3,11,Marche,Marche,1525271,206172,13.52,0.92
1640,2021-02-19,MAR,1962,712,1250,1827,135,ITI,ITI3,11,Marche,Marche,1525271,208134,13.65,0.13
1641,2020-12-31,MAR,386,180,206,386,0,ITI,ITI3,11,Marche,Marche,1525271,208520,13.67,0.03
1642,2021-03-02,MAR,4953,1941,3012,4387,566,ITI,ITI3,11,Marche,Marche,1525271,213473,14.0,0.32
1643,2021-05-24,MAR,10795,5110,5685,8121,2674,ITI,ITI3,11,Marche,Marche,1525271,224268,14.7,0.71
1644,2021-05-22,MAR,11933,5718,6215,7485,4448,ITI,ITI3,11,Marche,Marche,1525271,236201,15.49,0.78
1645,2021-02-11,MAR,1987,657,1330,1598,389,ITI,ITI3,11,Marche,Marche,1525271,238188,15.62,0.13
1646,2021-06-03,MAR,14645,7478,7167,12385,2260,ITI,ITI3,11,Marche,Marche,1525271,252833,16.58,0.96
1647,2021-02-18,MAR,2101,745,1356,1815,286,ITI,ITI3,11,Marche,Marche,1525271,254934,16.71,0.14
1648,2021-05-29,MAR,12789,6195,6594,8261,4528,ITI,ITI3,11,Marche,Marche,1525271,267723,17.55,0.84
1649,2021-02-16,MAR,1294,479,815,1258,36,ITI,ITI3,11,Marche,Marche,1525271,269017,17.64,0.08
1650,2021-02-25,MAR,3510,1434,2076,3331,179,ITI,ITI3,11,Marche,Marche,1525271,272527,17.87,0.23
1651,2021-06-05,MAR,13857,6963,6894,11798,2059,ITI,ITI3,11,Marche,Marche,1525271,286384,18.78,0.91
1652,2021-04-23,MAR,11159,5140,6019,8104,3055,ITI,ITI3,11,Marche,Marche,1525271,297543,19.51,0.73
1653,2021-04-16,MAR,10082,4702,5380,9557,525,ITI,ITI3,11,Marche,Marche,1525271,307625,20.17,0.66
1654,2021-01-04,MAR,1506,568,938,1506,0,ITI,ITI3,11,Marche,Marche,1525271,309131,20.27,0.1
1655,2021-04-14,MAR,10214,4563,5651,9842,372,ITI,ITI3,11,Marche,Marche,1525271,319345,20.94,0.67
1656,2020-12-30,MAR,17,5,12,17,0,ITI,ITI3,11,Marche,Marche,1525271,319362,20.94,0.0
1657,2021-04-09,MAR,9560,4189,5371,9360,200,ITI,ITI3,11,Marche,Marche,1525271,328922,21.56,0.63
1658,2021-03-12,MAR,4641,1972,2669,3403,1238,ITI,ITI3,11,Marche,Marche,1525271,333563,21.87,0.3
1659,2021-01-14,MAR,2010,692,1318,2010,0,ITI,ITI3,11,Marche,Marche,1525271,335573,22.0,0.13
1660,2021-04-24,MAR,12022,5303,6719,7558,4464,ITI,ITI3,11,Marche,Marche,1525271,347595,22.79,0.79
1661,2021-02-26,MAR,3630,1499,2131,3154,476,ITI,ITI3,11,Marche,Marche,1525271,351225,23.03,0.24
1662,2021-05-12,MAR,10422,4685,5737,4922,5500,ITI,ITI3,11,Marche,Marche,1525271,361647,23.71,0.68
1663,2021-01-09,MAR,1710,605,1105,1710,0,ITI,ITI3,11,Marche,Marche,1525271,363357,23.82,0.11
1664,2021-04-02,MAR,6875,2973,3902,6135,740,ITI,ITI3,11,Marche,Marche,1525271,370232,24.27,0.45
1665,2021-03-16,MAR,3471,1485,1986,290,3181,ITI,ITI3,11,Marche,Marche,1525271,373703,24.5,0.23
1666,2021-01-11,MAR,1176,411,765,1176,0,ITI,ITI3,11,Marche,Marche,1525271,374879,24.58,0.08
1667,2021-04-21,MAR,10781,4967,5814,9587,1194,ITI,ITI3,11,Marche,Marche,1525271,385660,25.28,0.71
1668,2021-01-28,MAR,2086,725,1361,165,1921,ITI,ITI3,11,Marche,Marche,1525271,387746,25.42,0.14
1669,2021-04-04,MAR,3824,1792,2032,2655,1169,ITI,ITI3,11,Marche,Marche,1525271,391570,25.67,0.25
1670,2021-03-28,MAR,4126,1739,2387,2435,1691,ITI,ITI3,11,Marche,Marche,1525271,395696,25.94,0.27
1671,2021-01-30,MAR,1907,668,1239,29,1878,ITI,ITI3,11,Marche,Marche,1525271,397603,26.07,0.13
1672,2021-05-10,MAR,9447,4336,5111,4895,4552,ITI,ITI3,11,Marche,Marche,1525271,407050,26.69,0.62
1673,2021-03-14,MAR,2500,1032,1468,1907,593,ITI,ITI3,11,Marche,Marche,1525271,409550,26.85,0.16
1674,2021-03-21,MAR,4508,1875,2633,1632,2876,ITI,ITI3,11,Marche,Marche,1525271,414058,27.15,0.3
1675,2021-02-04,MAR,2341,809,1532,112,2229,ITI,ITI3,11,Marche,Marche,1525271,416399,27.3,0.15
1676,2021-01-18,MAR,677,233,444,547,130,ITI,ITI3,11,Marche,Marche,1525271,417076,27.34,0.04
1677,2021-04-28,MAR,10734,4890,5844,6003,4731,ITI,ITI3,11,Marche,Marche,1525271,427810,28.05,0.7
1678,2021-03-26,MAR,6331,2606,3725,3523,2808,ITI,ITI3,11,Marche,Marche,1525271,434141,28.46,0.42
1679,2021-03-09,MAR,5428,2290,3138,4548,880,ITI,ITI3,11,Marche,Marche,1525271,439569,28.82,0.36
1680,2021-01-02,MAR,454,139,315,454,0,ITI,ITI3,11,Marche,Marche,1525271,440023,28.85,0.03
1681,2021-03-07,MAR,5179,2106,3073,4425,754,ITI,ITI3,11,Marche,Marche,1525271,445202,29.19,0.34
1682,2021-01-16,MAR,2034,732,1302,2034,0,ITI,ITI3,11,Marche,Marche,1525271,447236,29.32,0.13
1683,2021-05-31,MAR,11779,5941,5838,8851,2928,ITI,ITI3,11,Marche,Marche,1525271,459015,30.09,0.77
1684,2021-05-05,MAR,11647,5300,6347,5218,6429,ITI,ITI3,11,Marche,Marche,1525271,470662,30.86,0.76
1685,2021-05-07,MAR,12838,5805,7033,3660,9178,ITI,ITI3,11,Marche,Marche,1525271,483500,31.7,0.84
1686,2021-02-13,MAR,1093,462,631,1011,82,ITI,ITI3,11,Marche,Marche,1525271,484593,31.77,0.07
1687,2021-01-27,MAR,2122,783,1339,122,2000,ITI,ITI3,11,Marche,Marche,1525271,486715,31.91,0.14
1688,2021-04-20,MAR,10696,4995,5701,9279,1417,ITI,ITI3,11,Marche,Marche,1525271,497411,32.61,0.7
1689,2021-01-25,MAR,1597,559,1038,96,1501,ITI,ITI3,11,Marche,Marche,1525271,499008,32.72,0.1
1690,2021-02-23,MAR,3267,1397,1870,3211,56,ITI,ITI3,11,Marche,Marche,1525271,502275,32.93,0.21
1691,2021-01-15,MAR,1771,500,1271,1771,0,ITI,ITI3,11,Marche,Marche,1525271,504046,33.05,0.12
1692,2021-04-25,MAR,8599,3993,4606,7024,1575,ITI,ITI3,11,Marche,Marche,1525271,512645,33.61,0.56
1693,2021-01-13,MAR,2105,746,1359,2105,0,ITI,ITI3,11,Marche,Marche,1525271,514750,33.75,0.14
1694,2021-05-02,MAR,8899,3936,4963,3161,5738,ITI,ITI3,11,Marche,Marche,1525271,523649,34.33,0.58
1695,2021-03-22,MAR,5658,2379,3279,2530,3128,ITI,ITI3,11,Marche,Marche,1525271,529307,34.7,0.37
1696,2021-01-24,MAR,881,340,541,5,876,ITI,ITI3,11,Marche,Marche,1525271,530188,34.76,0.06
1697,2021-05-04,MAR,10845,4789,6056,4950,5895,ITI,ITI3,11,Marche,Marche,1525271,541033,35.47,0.71
1698,2021-01-06,MAR,2186,796,1390,2186,0,ITI,ITI3,11,Marche,Marche,1525271,543219,35.61,0.14
1699,2021-03-04,MAR,6487,2869,3618,5094,1393,ITI,ITI3,11,Marche,Marche,1525271,549706,36.04,0.43
1700,2021-03-13,MAR,5766,2656,3110,1809,3957,ITI,ITI3,11,Marche,Marche,1525271,555472,36.42,0.38
1701,2021-05-09,MAR,8769,3985,4784,3638,5131,ITI,ITI3,11,Marche,Marche,1525271,564241,36.99,0.57
1702,2021-03-06,MAR,5699,2622,3077,4432,1267,ITI,ITI3,11,Marche,Marche,1525271,569940,37.37,0.37
1703,2021-06-07,MAR,13171,6500,6671,10708,2463,ITI,ITI3,11,Marche,Marche,1525271,583111,38.23,0.86
1704,2021-02-27,MAR,3356,1435,1921,3147,209,ITI,ITI3,11,Marche,Marche,1525271,586467,38.45,0.22
1705,2021-03-18,MAR,3389,1475,1914,162,3227,ITI,ITI3,11,Marche,Marche,1525271,589856,38.67,0.22
1706,2021-02-15,MAR,967,412,555,954,13,ITI,ITI3,11,Marche,Marche,1525271,590823,38.74,0.06
1707,2021-05-26,MAR,11803,5916,5887,8620,3183,ITI,ITI3,11,Marche,Marche,1525271,602626,39.51,0.77
1708,2021-03-30,MAR,7419,3044,4375,4604,2815,ITI,ITI3,11,Marche,Marche,1525271,610045,40.0,0.49
1709,2021-02-01,MAR,1362,479,883,98,1264,ITI,ITI3,11,Marche,Marche,1525271,611407,40.09,0.09
1710,2021-04-06,MAR,8879,3693,5186,8066,813,ITI,ITI3,11,Marche,Marche,1525271,620286,40.67,0.58
1711,2021-03-23,MAR,5789,2529,3260,2262,3527,ITI,ITI3,11,Marche,Marche,1525271,626075,41.05,0.38
1712,2021-02-08,MAR,833,258,575,371,462,ITI,ITI3,11,Marche,Marche,1525271,626908,41.1,0.05
1713,2021-05-19,MAR,11469,5272,6197,8561,2908,ITI,ITI3,11,Marche,Marche,1525271,638377,41.85,0.75
1714,2021-04-17,MAR,11700,5316,6384,10627,1073,ITI,ITI3,11,Marche,Marche,1525271,650077,42.62,0.77
1715,2020-12-27,MAR,202,98,104,202,0,ITI,ITI3,11,Marche,Marche,1525271,650279,42.63,0.01
1716,2021-05-17,MAR,11853,5568,6285,7690,4163,ITI,ITI3,11,Marche,Marche,1525271,662132,43.41,0.78
1717,2021-04-30,MAR,13939,6100,7839,5398,8541,ITI,ITI3,11,Marche,Marche,1525271,676071,44.32,0.91
1718,2021-04-11,MAR,7116,3115,4001,6830,286,ITI,ITI3,11,Marche,Marche,1525271,683187,44.79,0.47
1719,2021-03-11,MAR,6591,2784,3807,5221,1370,ITI,ITI3,11,Marche,Marche,1525271,689778,45.22,0.43
1720,2021-03-25,MAR,6656,2772,3884,3247,3409,ITI,ITI3,11,Marche,Marche,1525271,696434,45.66,0.44
1721,2021-01-29,MAR,1991,730,1261,167,1824,ITI,ITI3,11,Marche,Marche,1525271,698425,45.79,0.13
1722,2021-05-18,MAR,11059,5257,5802,7655,3404,ITI,ITI3,11,Marche,Marche,1525271,709484,46.52,0.73
1723,2021-03-20,MAR,4135,1740,2395,1049,3086,ITI,ITI3,11,Marche,Marche,1525271,713619,46.79,0.27
1724,2021-01-22,MAR,487,167,320,194,293,ITI,ITI3,11,Marche,Marche,1525271,714106,46.82,0.03
1725,2021-01-08,MAR,1577,589,988,1577,0,ITI,ITI3,11,Marche,Marche,1525271,715683,46.92,0.1
1726,2021-04-18,MAR,8820,4131,4689,7899,921,ITI,ITI3,11,Marche,Marche,1525271,724503,47.5,0.58
1727,2021-01-10,MAR,1739,700,1039,1739,0,ITI,ITI3,11,Marche,Marche,1525271,726242,47.61,0.11
1728,2021-04-03,MAR,7573,3204,4369,6903,670,ITI,ITI3,11,Marche,Marche,1525271,733815,48.11,0.5
1729,2021-06-06,MAR,12300,6074,6226,10811,1489,ITI,ITI3,11,Marche,Marche,1525271,746115,48.92,0.81
1730,2021-02-06,MAR,2462,902,1560,522,1940,ITI,ITI3,11,Marche,Marche,1525271,748577,49.08,0.16
1731,2021-05-21,MAR,12951,6113,6838,6695,6256,ITI,ITI3,11,Marche,Marche,1525271,761528,49.93,0.85
1732,2021-05-28,MAR,13955,6734,7221,9096,4859,ITI,ITI3,11,Marche,Marche,1525271,775483,50.84,0.91
1733,2021-04-01,MAR,7576,3182,4394,4160,3416,ITI,ITI3,11,Marche,Marche,1525271,783059,51.34,0.5
1734,2021-02-20,MAR,4121,1705,2416,4010,111,ITI,ITI3,11,Marche,Marche,1525271,787180,51.61,0.27
1735,2021-01-20,MAR,403,100,303,384,19,ITI,ITI3,11,Marche,Marche,1525271,787583,51.64,0.03
1736,2021-02-03,MAR,2124,741,1383,119,2005,ITI,ITI3,11,Marche,Marche,1525271,789707,51.77,0.14
1737,2021-05-14,MAR,13493,6218,7275,6721,6772,ITI,ITI3,11,Marche,Marche,1525271,803200,52.66,0.88
1738,2021-05-23,MAR,9209,4282,4927,7538,1671,ITI,ITI3,11,Marche,Marche,1525271,812409,53.26,0.6
1739,2021-05-06,MAR,12658,5821,6837,5585,7073,ITI,ITI3,11,Marche,Marche,1525271,825067,54.09,0.83
1740,2021-02-12,MAR,1582,618,964,1430,152,ITI,ITI3,11,Marche,Marche,1525271,826649,54.2,0.1
1741,2021-02-10,MAR,1439,452,987,1080,359,ITI,ITI3,11,Marche,Marche,1525271,828088,54.29,0.09
1742,2021-04-29,MAR,13246,6061,7185,7149,6097,ITI,ITI3,11,Marche,Marche,1525271,841334,55.16,0.87
1743,2021-05-11,MAR,10622,4832,5790,5678,4944,ITI,ITI3,11,Marche,Marche,1525271,851956,55.86,0.7
1744,2021-03-15,MAR,4401,2026,2375,1311,3090,ITI,ITI3,11,Marche,Marche,1525271,856357,56.14,0.29
1745,2021-05-25,MAR,11647,5745,5902,8717,2930,ITI,ITI3,11,Marche,Marche,1525271,868004,56.91,0.76
1746,2021-03-01,MAR,3724,1487,2237,3476,248,ITI,ITI3,11,Marche,Marche,1525271,871728,57.15,0.24
1747,2021-04-22,MAR,10795,4930,5865,9217,1578,ITI,ITI3,11,Marche,Marche,1525271,882523,57.86,0.71
1748,2021-02-24,MAR,3486,1515,1971,3408,78,ITI,ITI3,11,Marche,Marche,1525271,886009,58.09,0.23
1749,2021-06-04,MAR,14341,7293,7048,11902,2439,ITI,ITI3,11,Marche,Marche,1525271,900350,59.03,0.94
1750,2021-04-08,MAR,7522,3285,4237,7195,327,ITI,ITI3,11,Marche,Marche,1525271,907872,59.52,0.49
1751,2021-03-03,MAR,6644,3046,3598,5762,882,ITI,ITI3,11,Marche,Marche,1525271,914516,59.96,0.44
1752,2021-01-05,MAR,1562,586,976,1562,0,ITI,ITI3,11,Marche,Marche,1525271,916078,60.06,0.1
1753,2021-04-15,MAR,10376,4674,5702,9811,565,ITI,ITI3,11,Marche,Marche,1525271,926454,60.74,0.68
1754,2021-02-17,MAR,1785,662,1123,1668,117,ITI,ITI3,11,Marche,Marche,1525271,928239,60.86,0.12
1755,2021-04-13,MAR,9838,4259,5579,9605,233,ITI,ITI3,11,Marche,Marche,1525271,938077,61.5,0.65
1756,2021-06-02,MAR,11904,5943,5961,11227,677,ITI,ITI3,11,Marche,Marche,1525271,949981,62.28,0.78
1757,2021-02-22,MAR,3414,1499,1915,3339,75,ITI,ITI3,11,Marche,Marche,1525271,953395,62.51,0.22
1758,2021-03-27,MAR,7380,3074,4306,5022,2358,ITI,ITI3,11,Marche,Marche,1525271,960775,62.99,0.48
1759,2021-04-10,MAR,10916,4620,6296,10603,313,ITI,ITI3,11,Marche,Marche,1525271,971691,63.71,0.72
1760,2021-01-03,MAR,897,349,548,897,0,ITI,ITI3,11,Marche,Marche,1525271,972588,63.76,0.06
1761,2021-03-08,MAR,6264,2744,3520,5262,1002,ITI,ITI3,11,Marche,Marche,1525271,978852,64.18,0.41
1762,2021-02-05,MAR,2154,653,1501,439,1715,ITI,ITI3,11,Marche,Marche,1525271,981006,64.32,0.14
1763,2021-05-16,MAR,10898,4957,5941,6670,4228,ITI,ITI3,11,Marche,Marche,1525271,991904,65.03,0.71
1764,2021-05-30,MAR,9736,4690,5046,6747,2989,ITI,ITI3,11,Marche,Marche,1525271,1001640,65.67,0.64
1765,2021-04-27,MAR,9399,4309,5090,5413,3986,ITI,ITI3,11,Marche,Marche,1525271,1011039,66.29,0.62
1766,2021-01-17,MAR,1609,688,921,1550,59,ITI,ITI3,11,Marche,Marche,1525271,1012648,66.39,0.11
1767,2021-02-19,MOL,169,93,76,167,2,ITF,ITF2,14,Molise,Molise,305617,169,0.06,0.06
1768,2021-03-10,MOL,1737,720,1017,1687,50,ITF,ITF2,14,Molise,Molise,305617,1906,0.62,0.57
1769,2021-06-01,MOL,2567,1316,1251,2488,79,ITF,ITF2,14,Molise,Molise,305617,4473,1.46,0.84
1770,2021-05-13,MOL,3037,1409,1628,2580,457,ITF,ITF2,14,Molise,Molise,305617,7510,2.46,0.99
1771,2021-02-07,MOL,66,32,34,19,47,ITF,ITF2,14,Molise,Molise,305617,7576,2.48,0.02
1772,2021-05-18,MOL,1645,877,768,990,655,ITF,ITF2,14,Molise,Molise,305617,9221,3.02,0.54
1773,2021-03-22,MOL,1146,439,707,903,243,ITF,ITF2,14,Molise,Molise,305617,10367,3.39,0.37
1774,2021-05-20,MOL,2659,1369,1290,2473,186,ITF,ITF2,14,Molise,Molise,305617,13026,4.26,0.87
1775,2021-04-05,MOL,391,189,202,292,99,ITF,ITF2,14,Molise,Molise,305617,13417,4.39,0.13
1776,2021-03-29,MOL,2033,835,1198,1547,486,ITF,ITF2,14,Molise,Molise,305617,15450,5.06,0.67
1777,2021-01-31,MOL,268,70,198,6,262,ITF,ITF2,14,Molise,Molise,305617,15718,5.14,0.09
1778,2021-01-12,MOL,336,114,222,336,0,ITF,ITF2,14,Molise,Molise,305617,16054,5.25,0.11
1779,2021-02-24,MOL,666,278,388,333,333,ITF,ITF2,14,Molise,Molise,305617,16720,5.47,0.22
1780,2021-03-24,MOL,1631,658,973,1229,402,ITF,ITF2,14,Molise,Molise,305617,18351,6.0,0.53
1781,2021-01-17,MOL,78,38,40,48,30,ITF,ITF2,14,Molise,Molise,305617,18429,6.03,0.03
1782,2021-04-10,MOL,2637,1260,1377,2485,152,ITF,ITF2,14,Molise,Molise,305617,21066,6.89,0.86
1783,2021-02-05,MOL,593,269,324,55,538,ITF,ITF2,14,Molise,Molise,305617,21659,7.09,0.19
1784,2021-01-19,MOL,173,63,110,162,11,ITF,ITF2,14,Molise,Molise,305617,21832,7.14,0.06
1785,2021-04-29,MOL,2237,1144,1093,890,1347,ITF,ITF2,14,Molise,Molise,305617,24069,7.88,0.73
1786,2021-05-01,MOL,2643,1267,1376,420,2223,ITF,ITF2,14,Molise,Molise,305617,26712,8.74,0.86
1787,2021-03-05,MOL,1219,649,570,1015,204,ITF,ITF2,14,Molise,Molise,305617,27931,9.14,0.4
1788,2021-04-17,MOL,3051,1500,1551,1565,1486,ITF,ITF2,14,Molise,Molise,305617,30982,10.14,1.0
1789,2021-04-24,MOL,2551,1202,1349,710,1841,ITF,ITF2,14,Molise,Molise,305617,33533,10.97,0.83
1790,2021-02-26,MOL,563,260,303,490,73,ITF,ITF2,14,Molise,Molise,305617,34096,11.16,0.18
1791,2021-06-06,MOL,2007,1035,972,1685,322,ITF,ITF2,14,Molise,Molise,305617,36103,11.81,0.66
1792,2021-03-19,MOL,1184,482,702,757,427,ITF,ITF2,14,Molise,Molise,305617,37287,12.2,0.39
1793,2021-01-21,MOL,6,2,4,6,0,ITF,ITF2,14,Molise,Molise,305617,37293,12.2,0.0
1794,2021-01-07,MOL,598,209,389,598,0,ITF,ITF2,14,Molise,Molise,305617,37891,12.4,0.2
1795,2021-02-12,MOL,330,149,181,208,122,ITF,ITF2,14,Molise,Molise,305617,38221,12.51,0.11
1796,2021-03-15,MOL,832,338,494,587,245,ITF,ITF2,14,Molise,Molise,305617,39053,12.78,0.27
1797,2021-01-26,MOL,450,184,266,8,442,ITF,ITF2,14,Molise,Molise,305617,39503,12.93,0.15
1798,2021-05-06,MOL,2679,1214,1465,2081,598,ITF,ITF2,14,Molise,Molise,305617,42182,13.8,0.88
1799,2021-03-17,MOL,908,385,523,576,332,ITF,ITF2,14,Molise,Molise,305617,43090,14.1,0.3
1800,2021-06-08,MOL,2805,1562,1243,2159,646,ITF,ITF2,14,Molise,Molise,305617,45895,15.02,0.92
1801,2021-04-28,MOL,1683,913,770,466,1217,ITF,ITF2,14,Molise,Molise,305617,47578,15.57,0.55
1802,2021-02-21,MOL,574,227,347,572,2,ITF,ITF2,14,Molise,Molise,305617,48152,15.76,0.19
1803,2021-02-04,MOL,758,295,463,77,681,ITF,ITF2,14,Molise,Molise,305617,48910,16.0,0.25
1804,2021-05-15,MOL,2979,1398,1581,2595,384,ITF,ITF2,14,Molise,Molise,305617,51889,16.98,0.97
1805,2021-02-02,MOL,539,176,363,216,323,ITF,ITF2,14,Molise,Molise,305617,52428,17.15,0.18
1806,2021-05-25,MOL,1963,887,1076,1333,630,ITF,ITF2,14,Molise,Molise,305617,54391,17.8,0.64
1807,2021-01-04,MOL,314,131,183,314,0,ITF,ITF2,14,Molise,Molise,305617,54705,17.9,0.1
1808,2021-04-14,MOL,1806,767,1039,1145,661,ITF,ITF2,14,Molise,Molise,305617,56511,18.49,0.59
1809,2021-02-16,MOL,156,70,86,150,6,ITF,ITF2,14,Molise,Molise,305617,56667,18.54,0.05
1810,2021-05-27,MOL,2834,1348,1486,1998,836,ITF,ITF2,14,Molise,Molise,305617,59501,19.47,0.93
1811,2021-05-29,MOL,2326,1207,1119,1940,386,ITF,ITF2,14,Molise,Molise,305617,61827,20.23,0.76
1812,2021-02-09,MOL,359,170,189,197,162,ITF,ITF2,14,Molise,Molise,305617,62186,20.35,0.12
1813,2021-03-31,MOL,2193,919,1274,1374,819,ITF,ITF2,14,Molise,Molise,305617,64379,21.07,0.72
1814,2021-02-23,MOL,582,223,359,363,219,ITF,ITF2,14,Molise,Molise,305617,64961,21.26,0.19
1815,2021-06-03,MOL,3122,1497,1625,2611,511,ITF,ITF2,14,Molise,Molise,305617,68083,22.28,1.02
1816,2021-04-07,MOL,1688,847,841,1413,275,ITF,ITF2,14,Molise,Molise,305617,69771,22.83,0.55
1817,2021-03-03,MOL,672,316,356,590,82,ITF,ITF2,14,Molise,Molise,305617,70443,23.05,0.22
1818,2021-01-05,MOL,449,180,269,449,0,ITF,ITF2,14,Molise,Molise,305617,70892,23.2,0.15
1819,2021-05-10,MOL,2889,1285,1604,2516,373,ITF,ITF2,14,Molise,Molise,305617,73781,24.14,0.95
1820,2021-05-03,MOL,2484,1164,1320,2321,163,ITF,ITF2,14,Molise,Molise,305617,76265,24.95,0.81
1821,2021-05-17,MOL,2228,1092,1136,1732,496,ITF,ITF2,14,Molise,Molise,305617,78493,25.68,0.73
1822,2021-03-21,MOL,1246,542,704,479,767,ITF,ITF2,14,Molise,Molise,305617,79739,26.09,0.41
1823,2021-04-12,MOL,1299,557,742,1048,251,ITF,ITF2,14,Molise,Molise,305617,81038,26.52,0.43
1824,2021-03-07,MOL,1132,501,631,1130,2,ITF,ITF2,14,Molise,Molise,305617,82170,26.89,0.37
1825,2021-01-28,MOL,613,217,396,17,596,ITF,ITF2,14,Molise,Molise,305617,82783,27.09,0.2
1826,2021-03-12,MOL,1459,637,822,1423,36,ITF,ITF2,14,Molise,Molise,305617,84242,27.56,0.48
1827,2021-01-14,MOL,646,239,407,646,0,ITF,ITF2,14,Molise,Molise,305617,84888,27.78,0.21
1828,2021-01-09,MOL,450,152,298,450,0,ITF,ITF2,14,Molise,Molise,305617,85338,27.92,0.15
1829,2021-04-19,MOL,1827,842,985,1049,778,ITF,ITF2,14,Molise,Molise,305617,87165,28.52,0.6
1830,2021-03-02,MOL,667,383,284,509,158,ITF,ITF2,14,Molise,Molise,305617,87832,28.74,0.22
1831,2021-04-02,MOL,1453,708,745,676,777,ITF,ITF2,14,Molise,Molise,305617,89285,29.21,0.48
1832,2021-05-08,MOL,2973,1454,1519,1729,1244,ITF,ITF2,14,Molise,Molise,305617,92258,30.19,0.97
1833,2021-04-21,MOL,1863,789,1074,968,895,ITF,ITF2,14,Molise,Molise,305617,94121,30.8,0.61
1834,2021-01-16,MOL,420,166,254,420,0,ITF,ITF2,14,Molise,Molise,305617,94541,30.93,0.14
1835,2021-04-26,MOL,1157,521,636,826,331,ITF,ITF2,14,Molise,Molise,305617,95698,31.31,0.38
1836,2021-04-09,MOL,2318,1248,1070,2127,191,ITF,ITF2,14,Molise,Molise,305617,98016,32.07,0.76
1837,2021-01-18,MOL,114,48,66,114,0,ITF,ITF2,14,Molise,Molise,305617,98130,32.11,0.04
1838,2021-04-11,MOL,1196,591,605,1182,14,ITF,ITF2,14,Molise,Molise,305617,99326,32.5,0.39
1839,2021-03-11,MOL,1463,636,827,1457,6,ITF,ITF2,14,Molise,Molise,305617,100789,32.98,0.48
1840,2021-01-06,MOL,689,260,429,689,0,ITF,ITF2,14,Molise,Molise,305617,101478,33.2,0.23
1841,2021-04-16,MOL,2430,1033,1397,1198,1232,ITF,ITF2,14,Molise,Molise,305617,103908,34.0,0.8
1842,2021-04-25,MOL,792,395,397,559,233,ITF,ITF2,14,Molise,Molise,305617,104700,34.26,0.26
1843,2021-01-13,MOL,474,160,314,474,0,ITF,ITF2,14,Molise,Molise,305617,105174,34.41,0.16
1844,2021-04-23,MOL,2049,882,1167,1390,659,ITF,ITF2,14,Molise,Molise,305617,107223,35.08,0.67
1845,2021-03-13,MOL,1189,594,595,200,989,ITF,ITF2,14,Molise,Molise,305617,108412,35.47,0.39
1846,2021-01-15,MOL,538,242,296,538,0,ITF,ITF2,14,Molise,Molise,305617,108950,35.65,0.18
1847,2021-06-05,MOL,2827,1434,1393,2686,141,ITF,ITF2,14,Molise,Molise,305617,111777,36.57,0.93
1848,2021-03-04,MOL,850,417,433,526,324,ITF,ITF2,14,Molise,Molise,305617,112627,36.85,0.28
1849,2021-01-20,MOL,18,8,10,18,0,ITF,ITF2,14,Molise,Molise,305617,112645,36.86,0.01
1850,2021-04-30,MOL,2936,1555,1381,830,2106,ITF,ITF2,14,Molise,Molise,305617,115581,37.82,0.96
1851,2021-03-26,MOL,2575,1045,1530,1933,642,ITF,ITF2,14,Molise,Molise,305617,118156,38.66,0.84
1852,2021-02-18,MOL,319,74,245,306,13,ITF,ITF2,14,Molise,Molise,305617,118475,38.77,0.1
1853,2021-03-09,MOL,1329,579,750,1177,152,ITF,ITF2,14,Molise,Molise,305617,119804,39.2,0.43
1854,2021-02-20,MOL,1018,441,577,998,20,ITF,ITF2,14,Molise,Molise,305617,120822,39.53,0.33
1855,2021-05-31,MOL,2241,1069,1172,1923,318,ITF,ITF2,14,Molise,Molise,305617,123063,40.27,0.73
1856,2021-05-14,MOL,2644,1215,1429,1926,718,ITF,ITF2,14,Molise,Molise,305617,125707,41.13,0.87
1857,2021-06-02,MOL,2737,1334,1403,2706,31,ITF,ITF2,14,Molise,Molise,305617,128444,42.03,0.9
1858,2021-03-14,MOL,596,240,356,17,579,ITF,ITF2,14,Molise,Molise,305617,129040,42.22,0.2
1859,2021-03-28,MOL,1626,747,879,524,1102,ITF,ITF2,14,Molise,Molise,305617,130666,42.75,0.53
1860,2021-01-30,MOL,461,158,303,12,449,ITF,ITF2,14,Molise,Molise,305617,131127,42.91,0.15
1861,2021-02-06,MOL,429,179,250,29,400,ITF,ITF2,14,Molise,Molise,305617,131556,43.05,0.14
1862,2021-06-04,MOL,2859,1393,1466,2432,427,ITF,ITF2,14,Molise,Molise,305617,134415,43.98,0.94
1863,2021-04-08,MOL,1766,903,863,1564,202,ITF,ITF2,14,Molise,Molise,305617,136181,44.56,0.58
1864,2021-04-22,MOL,1844,863,981,1065,779,ITF,ITF2,14,Molise,Molise,305617,138025,45.16,0.6
1865,2021-02-11,MOL,293,133,160,257,36,ITF,ITF2,14,Molise,Molise,305617,138318,45.26,0.1
1866,2021-05-22,MOL,1311,709,602,1227,84,ITF,ITF2,14,Molise,Molise,305617,139629,45.69,0.43
1867,2021-03-16,MOL,614,230,384,267,347,ITF,ITF2,14,Molise,Molise,305617,140243,45.89,0.2
1868,2021-01-11,MOL,557,194,363,557,0,ITF,ITF2,14,Molise,Molise,305617,140800,46.07,0.18
1869,2021-02-25,MOL,541,239,302,473,68,ITF,ITF2,14,Molise,Molise,305617,141341,46.25,0.18
1870,2021-01-29,MOL,421,136,285,6,415,ITF,ITF2,14,Molise,Molise,305617,141762,46.39,0.14
1871,2021-05-09,MOL,2051,932,1119,1955,96,ITF,ITF2,14,Molise,Molise,305617,143813,47.06,0.67
1872,2021-05-11,MOL,3206,1414,1792,2956,250,ITF,ITF2,14,Molise,Molise,305617,147019,48.11,1.05
1873,2021-03-20,MOL,2321,968,1353,1000,1321,ITF,ITF2,14,Molise,Molise,305617,149340,48.87,0.76
1874,2021-03-25,MOL,1806,730,1076,1309,497,ITF,ITF2,14,Molise,Molise,305617,151146,49.46,0.59
1875,2021-03-08,MOL,1379,522,857,1239,140,ITF,ITF2,14,Molise,Molise,305617,152525,49.91,0.45
1876,2021-04-13,MOL,1630,718,912,1043,587,ITF,ITF2,14,Molise,Molise,305617,154155,50.44,0.53
1877,2021-03-27,MOL,2743,1273,1470,1310,1433,ITF,ITF2,14,Molise,Molise,305617,156898,51.34,0.9
1878,2021-02-17,MOL,72,32,40,57,15,ITF,ITF2,14,Molise,Molise,305617,156970,51.36,0.02
1879,2021-05-28,MOL,2492,1300,1192,1980,512,ITF,ITF2,14,Molise,Molise,305617,159462,52.18,0.82
1880,2021-04-15,MOL,1924,793,1131,1080,844,ITF,ITF2,14,Molise,Molise,305617,161386,52.81,0.63
1881,2021-05-30,MOL,1827,908,919,1543,284,ITF,ITF2,14,Molise,Molise,305617,163213,53.4,0.6
1882,2021-05-26,MOL,1540,691,849,793,747,ITF,ITF2,14,Molise,Molise,305617,164753,53.91,0.5
1883,2021-03-30,MOL,2003,857,1146,1491,512,ITF,ITF2,14,Molise,Molise,305617,166756,54.56,0.66
1884,2021-02-01,MOL,562,201,361,14,548,ITF,ITF2,14,Molise,Molise,305617,167318,54.75,0.18
1885,2021-05-12,MOL,2847,1291,1556,2751,96,ITF,ITF2,14,Molise,Molise,305617,170165,55.68,0.93
1886,2021-04-06,MOL,1494,701,793,1151,343,ITF,ITF2,14,Molise,Molise,305617,171659,56.17,0.49
1887,2021-02-08,MOL,334,141,193,216,118,ITF,ITF2,14,Molise,Molise,305617,171993,56.28,0.11
1888,2021-05-19,MOL,2338,1205,1133,1913,425,ITF,ITF2,14,Molise,Molise,305617,174331,57.04,0.77
1889,2021-03-23,MOL,1642,694,948,1435,207,ITF,ITF2,14,Molise,Molise,305617,175973,57.58,0.54
1890,2021-01-25,MOL,319,130,189,3,316,ITF,ITF2,14,Molise,Molise,305617,176292,57.68,0.1
1891,2021-05-05,MOL,2413,1042,1371,2272,141,ITF,ITF2,14,Molise,Molise,305617,178705,58.47,0.79
1892,2021-05-04,MOL,2704,1181,1523,2576,128,ITF,ITF2,14,Molise,Molise,305617,181409,59.36,0.88
1893,2021-01-10,MOL,270,72,198,270,0,ITF,ITF2,14,Molise,Molise,305617,181679,59.45,0.09
1894,2021-04-20,MOL,2318,1025,1293,1220,1098,ITF,ITF2,14,Molise,Molise,305617,183997,60.21,0.76
1895,2021-05-23,MOL,1699,863,836,1694,5,ITF,ITF2,14,Molise,Molise,305617,185696,60.76,0.56
1896,2021-02-03,MOL,731,249,482,338,393,ITF,ITF2,14,Molise,Molise,305617,186427,61.0,0.24
1897,2021-04-27,MOL,1593,767,826,465,1128,ITF,ITF2,14,Molise,Molise,305617,188020,61.52,0.52
1898,2021-03-01,MOL,661,274,387,447,214,ITF,ITF2,14,Molise,Molise,305617,188681,61.74,0.22
1899,2021-04-03,MOL,1770,850,920,1735,35,ITF,ITF2,14,Molise,Molise,305617,190451,62.32,0.58
1900,2021-01-22,MOL,126,35,91,126,0,ITF,ITF2,14,Molise,Molise,305617,190577,62.36,0.04
1901,2021-05-02,MOL,1891,931,960,587,1304,ITF,ITF2,14,Molise,Molise,305617,192468,62.98,0.62
1902,2021-03-06,MOL,1728,807,921,1569,159,ITF,ITF2,14,Molise,Molise,305617,194196,63.54,0.57
1903,2021-05-16,MOL,1247,571,676,1065,182,ITF,ITF2,14,Molise,Molise,305617,195443,63.95,0.41
1904,2021-02-15,MOL,144,70,74,141,3,ITF,ITF2,14,Molise,Molise,305617,195587,64.0,0.05
1905,2021-02-22,MOL,265,129,136,250,15,ITF,ITF2,14,Molise,Molise,305617,195852,64.08,0.09
1906,2020-12-27,MOL,50,20,30,50,0,ITF,ITF2,14,Molise,Molise,305617,195902,64.1,0.02
1907,2021-02-28,MOL,832,334,498,790,42,ITF,ITF2,14,Molise,Molise,305617,196734,64.37,0.27
1908,2021-02-27,MOL,1366,568,798,1347,19,ITF,ITF2,14,Molise,Molise,305617,198100,64.82,0.45
1909,2021-06-07,MOL,1900,841,1059,1127,773,ITF,ITF2,14,Molise,Molise,305617,200000,65.44,0.62
1910,2021-02-13,MOL,132,80,52,132,0,ITF,ITF2,14,Molise,Molise,305617,200132,65.48,0.04
1911,2021-05-24,MOL,1959,851,1108,1293,666,ITF,ITF2,14,Molise,Molise,305617,202091,66.13,0.64
1912,2021-05-07,MOL,2641,1226,1415,2044,597,ITF,ITF2,14,Molise,Molise,305617,204732,66.99,0.86
1913,2021-04-18,MOL,1083,483,600,149,934,ITF,ITF2,14,Molise,Molise,305617,205815,67.34,0.35
1914,2021-04-04,MOL,253,141,112,238,15,ITF,ITF2,14,Molise,Molise,305617,206068,67.43,0.08
1915,2021-03-18,MOL,1156,476,680,692,464,ITF,ITF2,14,Molise,Molise,305617,207224,67.81,0.38
1916,2021-02-10,MOL,150,78,72,130,20,ITF,ITF2,14,Molise,Molise,305617,207374,67.85,0.05
1917,2021-05-21,MOL,2095,1050,1045,1773,322,ITF,ITF2,14,Molise,Molise,305617,209469,68.54,0.69
1918,2021-01-27,MOL,674,251,423,8,666,ITF,ITF2,14,Molise,Molise,305617,210143,68.76,0.22
1919,2021-01-08,MOL,429,141,288,429,0,ITF,ITF2,14,Molise,Molise,305617,210572,68.9,0.14
1920,2021-04-01,MOL,1469,667,802,743,726,ITF,ITF2,14,Molise,Molise,305617,212041,69.38,0.48
1921,2021-03-21,PAT,129,69,60,129,0,ITH,ITH2,4,Provincia Autonoma Trento,P.A. Trento,541380,129,0.02,0.02
1922,2021-05-24,PAT,4377,2009,2368,1349,3028,ITH,ITH2,4,Provincia Autonoma Trento,P.A. Trento,541380,4506,0.83,0.81
1923,2021-03-02,PAT,1304,440,864,928,376,ITH,ITH2,4,Provincia Autonoma Trento,P.A. Trento,541380,5810,1.07,0.24
1924,2021-03-09,PAT,1581,589,992,938,643,ITH,ITH2,4,Provincia Autonoma Trento,P.A. Trento,541380,7391,1.37,0.29
1925,2021-03-14,PAT,107,65,42,20,87,ITH,ITH2,4,Provincia Autonoma Trento,P.A. Trento,541380,7498,1.38,0.02
1926,2021-03-07,PAT,22,6,16,22,0,ITH,ITH2,4,Provincia Autonoma Trento,P.A. Trento,541380,7520,1.39,0.0
1927,2021-01-09,PAT,190,40,150,190,0,ITH,ITH2,4,Provincia Autonoma Trento,P.A. Trento,541380,7710,1.42,0.04
1928,2021-01-23,PAT,577,334,243,388,189,ITH,ITH2,4,Provincia Autonoma Trento,P.A. Trento,541380,8287,1.53,0.11
1929,2021-05-03,PAT,4241,2183,2058,4088,153,ITH,ITH2,4,Provincia Autonoma Trento,P.A. Trento,541380,12528,2.31,0.78
1930,2021-05-05,PAT,4975,2575,2400,4689,286,ITH,ITH2,4,Provincia Autonoma Trento,P.A. Trento,541380,17503,3.23,0.92
1931,2021-01-16,PAT,319,148,171,319,0,ITH,ITH2,4,Provincia Autonoma Trento,P.A. Trento,541380,17822,3.29,0.06
1932,2021-04-28,PAT,4242,1972,2270,4104,138,ITH,ITH2,4,Provincia Autonoma Trento,P.A. Trento,541380,22064,4.08,0.78
1933,2021-04-09,PAT,2708,1145,1563,1508,1200,ITH,ITH2,4,Provincia Autonoma Trento,P.A. Trento,541380,24772,4.58,0.5
1934,2021-02-11,PAT,1132,365,767,796,336,ITH,ITH2,4,Provincia Autonoma Trento,P.A. Trento,541380,25904,4.78,0.21
1935,2021-02-25,PAT,1641,643,998,1200,441,ITH,ITH2,4,Provincia Autonoma Trento,P.A. Trento,541380,27545,5.09,0.3
1936,2020-12-30,PAT,7,3,4,7,0,ITH,ITH2,4,Provincia Autonoma Trento,P.A. Trento,541380,27552,5.09,0.0
1937,2021-06-05,PAT,3929,1840,2089,746,3183,ITH,ITH2,4,Provincia Autonoma Trento,P.A. Trento,541380,31481,5.81,0.73
1938,2021-05-22,PAT,3240,1589,1651,919,2321,ITH,ITH2,4,Provincia Autonoma Trento,P.A. Trento,541380,34721,6.41,0.6
1939,2021-04-21,PAT,2893,1349,1544,2843,50,ITH,ITH2,4,Provincia Autonoma Trento,P.A. Trento,541380,37614,6.95,0.53
1940,2021-01-28,PAT,530,147,383,48,482,ITH,ITH2,4,Provincia Autonoma Trento,P.A. Trento,541380,38144,7.05,0.1
1941,2021-01-11,PAT,730,221,509,730,0,ITH,ITH2,4,Provincia Autonoma Trento,P.A. Trento,541380,38874,7.18,0.13
1942,2021-02-16,PAT,663,244,419,658,5,ITH,ITH2,4,Provincia Autonoma Trento,P.A. Trento,541380,39537,7.3,0.12
1943,2021-04-23,PAT,3605,1751,1854,3551,54,ITH,ITH2,4,Provincia Autonoma Trento,P.A. Trento,541380,43142,7.97,0.67
1944,2021-01-30,PAT,386,132,254,152,234,ITH,ITH2,4,Provincia Autonoma Trento,P.A. Trento,541380,43528,8.04,0.07
1945,2021-05-10,PAT,3206,1644,1562,2701,505,ITH,ITH2,4,Provincia Autonoma Trento,P.A. Trento,541380,46734,8.63,0.59
1946,2021-05-31,PAT,4697,2165,2532,1668,3029,ITH,ITH2,4,Provincia Autonoma Trento,P.A. Trento,541380,51431,9.5,0.87
1947,2021-02-20,PAT,407,245,162,123,284,ITH,ITH2,4,Provincia Autonoma Trento,P.A. Trento,541380,51838,9.58,0.08
1948,2021-02-06,PAT,574,298,276,433,141,ITH,ITH2,4,Provincia Autonoma Trento,P.A. Trento,541380,52412,9.68,0.11
1949,2021-02-23,PAT,1108,395,713,897,211,ITH,ITH2,4,Provincia Autonoma Trento,P.A. Trento,541380,53520,9.89,0.2
1950,2021-05-17,PAT,4293,2122,2171,3942,351,ITH,ITH2,4,Provincia Autonoma Trento,P.A. Trento,541380,57813,10.68,0.79
1951,2021-04-14,PAT,3115,1464,1651,2379,736,ITH,ITH2,4,Provincia Autonoma Trento,P.A. Trento,541380,60928,11.25,0.58
1952,2021-03-28,PAT,748,292,456,746,2,ITH,ITH2,4,Provincia Autonoma Trento,P.A. Trento,541380,61676,11.39,0.14
1953,2021-01-04,PAT,870,227,643,870,0,ITH,ITH2,4,Provincia Autonoma Trento,P.A. Trento,541380,62546,11.55,0.16
1954,2021-03-26,PAT,3161,1228,1933,2562,599,ITH,ITH2,4,Provincia Autonoma Trento,P.A. Trento,541380,65707,12.14,0.58
1955,2021-02-04,PAT,975,304,671,421,554,ITH,ITH2,4,Provincia Autonoma Trento,P.A. Trento,541380,66682,12.32,0.18
1956,2021-03-04,PAT,2358,793,1565,1580,778,ITH,ITH2,4,Provincia Autonoma Trento,P.A. Trento,541380,69040,12.75,0.44
1957,2021-01-27,PAT,803,277,526,92,711,ITH,ITH2,4,Provincia Autonoma Trento,P.A. Trento,541380,69843,12.9,0.15
1958,2021-02-13,PAT,537,333,204,172,365,ITH,ITH2,4,Provincia Autonoma Trento,P.A. Trento,541380,70380,13.0,0.1
1959,2021-05-07,PAT,5986,3079,2907,5147,839,ITH,ITH2,4,Provincia Autonoma Trento,P.A. Trento,541380,76366,14.11,1.11
1960,2021-04-20,PAT,2876,1375,1501,2839,37,ITH,ITH2,4,Provincia Autonoma Trento,P.A. Trento,541380,79242,14.64,0.53
1961,2021-05-09,PAT,2322,1210,1112,1978,344,ITH,ITH2,4,Provincia Autonoma Trento,P.A. Trento,541380,81564,15.07,0.43
1962,2021-05-12,PAT,3299,1491,1808,2114,1185,ITH,ITH2,4,Provincia Autonoma Trento,P.A. Trento,541380,84863,15.68,0.61
1963,2021-03-16,PAT,1391,506,885,608,783,ITH,ITH2,4,Provincia Autonoma Trento,P.A. Trento,541380,86254,15.93,0.26
1964,2021-05-14,PAT,5304,2536,2768,3932,1372,ITH,ITH2,4,Provincia Autonoma Trento,P.A. Trento,541380,91558,16.91,0.98
1965,2021-02-08,PAT,1151,318,833,342,809,ITH,ITH2,4,Provincia Autonoma Trento,P.A. Trento,541380,92709,17.12,0.21
1966,2021-05-21,PAT,5025,2411,2614,3328,1697,ITH,ITH2,4,Provincia Autonoma Trento,P.A. Trento,541380,97734,18.05,0.93
1967,2021-04-01,PAT,2893,1227,1666,1800,1093,ITH,ITH2,4,Provincia Autonoma Trento,P.A. Trento,541380,100627,18.59,0.53
1968,2021-03-23,PAT,2445,944,1501,1705,740,ITH,ITH2,4,Provincia Autonoma Trento,P.A. Trento,541380,103072,19.04,0.45
1969,2021-05-28,PAT,3678,1719,1959,1442,2236,ITH,ITH2,4,Provincia Autonoma Trento,P.A. Trento,541380,106750,19.72,0.68
1970,2021-01-25,PAT,817,215,602,23,794,ITH,ITH2,4,Provincia Autonoma Trento,P.A. Trento,541380,107567,19.87,0.15
1971,2021-03-25,PAT,2874,1104,1770,1825,1049,ITH,ITH2,4,Provincia Autonoma Trento,P.A. Trento,541380,110441,20.4,0.53
1972,2021-03-30,PAT,2387,973,1414,1750,637,ITH,ITH2,4,Provincia Autonoma Trento,P.A. Trento,541380,112828,20.84,0.44
1973,2021-05-29,PAT,2220,1157,1063,817,1403,ITH,ITH2,4,Provincia Autonoma Trento,P.A. Trento,541380,115048,21.25,0.41
1974,2021-04-02,PAT,2801,1146,1655,2126,675,ITH,ITH2,4,Provincia Autonoma Trento,P.A. Trento,541380,117849,21.77,0.52
1975,2021-04-16,PAT,2837,1344,1493,2692,145,ITH,ITH2,4,Provincia Autonoma Trento,P.A. Trento,541380,120686,22.29,0.52
1976,2021-02-18,PAT,1206,426,780,1144,62,ITH,ITH2,4,Provincia Autonoma Trento,P.A. Trento,541380,121892,22.52,0.22
1977,2021-01-06,PAT,42,13,29,42,0,ITH,ITH2,4,Provincia Autonoma Trento,P.A. Trento,541380,121934,22.52,0.01
1978,2021-03-18,PAT,2319,957,1362,1239,1080,ITH,ITH2,4,Provincia Autonoma Trento,P.A. Trento,541380,124253,22.95,0.43
1979,2021-04-06,PAT,2259,949,1310,1494,765,ITH,ITH2,4,Provincia Autonoma Trento,P.A. Trento,541380,126512,23.37,0.42
1980,2021-01-13,PAT,421,123,298,421,0,ITH,ITH2,4,Provincia Autonoma Trento,P.A. Trento,541380,126933,23.45,0.08
1981,2021-01-08,PAT,1449,313,1136,1449,0,ITH,ITH2,4,Provincia Autonoma Trento,P.A. Trento,541380,128382,23.71,0.27
1982,2021-04-18,PAT,1855,845,1010,1846,9,ITH,ITH2,4,Provincia Autonoma Trento,P.A. Trento,541380,130237,24.06,0.34
1983,2021-03-06,PAT,783,277,506,632,151,ITH,ITH2,4,Provincia Autonoma Trento,P.A. Trento,541380,131020,24.2,0.14
1984,2021-04-11,PAT,2340,1135,1205,2249,91,ITH,ITH2,4,Provincia Autonoma Trento,P.A. Trento,541380,133360,24.63,0.43
1985,2021-02-27,PAT,1029,457,572,608,421,ITH,ITH2,4,Provincia Autonoma Trento,P.A. Trento,541380,134389,24.82,0.19
1986,2021-01-01,PAT,213,50,163,213,0,ITH,ITH2,4,Provincia Autonoma Trento,P.A. Trento,541380,134602,24.86,0.04
1987,2021-06-07,PAT,5345,2643,2702,2553,2792,ITH,ITH2,4,Provincia Autonoma Trento,P.A. Trento,541380,139947,25.85,0.99
1988,2021-04-13,PAT,2553,1058,1495,2046,507,ITH,ITH2,4,Provincia Autonoma Trento,P.A. Trento,541380,142500,26.32,0.47
1989,2021-01-20,PAT,291,73,218,279,12,ITH,ITH2,4,Provincia Autonoma Trento,P.A. Trento,541380,142791,26.38,0.05
1990,2021-04-30,PAT,4914,2399,2515,4768,146,ITH,ITH2,4,Provincia Autonoma Trento,P.A. Trento,541380,147705,27.28,0.91
1991,2021-05-19,PAT,5091,2452,2639,3840,1251,ITH,ITH2,4,Provincia Autonoma Trento,P.A. Trento,541380,152796,28.22,0.94
1992,2021-06-02,PAT,2837,1358,1479,937,1900,ITH,ITH2,4,Provincia Autonoma Trento,P.A. Trento,541380,155633,28.75,0.52
1993,2021-03-11,PAT,2297,851,1446,1474,823,ITH,ITH2,4,Provincia Autonoma Trento,P.A. Trento,541380,157930,29.17,0.42
1994,2021-01-18,PAT,643,154,489,588,55,ITH,ITH2,4,Provincia Autonoma Trento,P.A. Trento,541380,158573,29.29,0.12
1995,2021-05-02,PAT,3512,1955,1557,3475,37,ITH,ITH2,4,Provincia Autonoma Trento,P.A. Trento,541380,162085,29.94,0.65
1996,2021-03-13,PAT,830,380,450,782,48,ITH,ITH2,4,Provincia Autonoma Trento,P.A. Trento,541380,162915,30.09,0.15
1997,2021-02-15,PAT,534,188,346,420,114,ITH,ITH2,4,Provincia Autonoma Trento,P.A. Trento,541380,163449,30.19,0.1
1998,2021-05-26,PAT,3902,1837,2065,1220,2682,ITH,ITH2,4,Provincia Autonoma Trento,P.A. Trento,541380,167351,30.91,0.72
1999,2021-01-10,PAT,84,19,65,84,0,ITH,ITH2,4,Provincia Autonoma Trento,P.A. Trento,541380,167435,30.93,0.02
2000,2021-02-01,PAT,1220,335,885,92,1128,ITH,ITH2,4,Provincia Autonoma Trento,P.A. Trento,541380,168655,31.15,0.23
2001,2021-02-03,PAT,846,314,532,413,433,ITH,ITH2,4,Provincia Autonoma Trento,P.A. Trento,541380,169501,31.31,0.16
2002,2021-05-23,PAT,1955,993,962,447,1508,ITH,ITH2,4,Provincia Autonoma Trento,P.A. Trento,541380,171456,31.67,0.36
2003,2021-04-10,PAT,2798,1307,1491,2004,794,ITH,ITH2,4,Provincia Autonoma Trento,P.A. Trento,541380,174254,32.19,0.52
2004,2021-02-10,PAT,852,291,561,510,342,ITH,ITH2,4,Provincia Autonoma Trento,P.A. Trento,541380,175106,32.34,0.16
2005,2021-04-08,PAT,3114,1294,1820,1996,1118,ITH,ITH2,4,Provincia Autonoma Trento,P.A. Trento,541380,178220,32.92,0.58
2006,2020-12-31,PAT,1624,449,1175,1624,0,ITH,ITH2,4,Provincia Autonoma Trento,P.A. Trento,541380,179844,33.22,0.3
2007,2021-03-05,PAT,2244,703,1541,1678,566,ITH,ITH2,4,Provincia Autonoma Trento,P.A. Trento,541380,182088,33.63,0.41
2008,2021-01-07,PAT,1270,310,960,1270,0,ITH,ITH2,4,Provincia Autonoma Trento,P.A. Trento,541380,183358,33.87,0.23
2009,2021-06-06,PAT,2224,1059,1165,440,1784,ITH,ITH2,4,Provincia Autonoma Trento,P.A. Trento,541380,185582,34.28,0.41
2010,2021-02-17,PAT,1112,425,687,1021,91,ITH,ITH2,4,Provincia Autonoma Trento,P.A. Trento,541380,186694,34.48,0.21
2011,2021-05-30,PAT,1769,871,898,929,840,ITH,ITH2,4,Provincia Autonoma Trento,P.A. Trento,541380,188463,34.81,0.33
2012,2021-04-03,PAT,1138,471,667,971,167,ITH,ITH2,4,Provincia Autonoma Trento,P.A. Trento,541380,189601,35.02,0.21
2013,2021-02-12,PAT,1010,340,670,589,421,ITH,ITH2,4,Provincia Autonoma Trento,P.A. Trento,541380,190611,35.21,0.19
2014,2021-03-01,PAT,1237,454,783,942,295,ITH,ITH2,4,Provincia Autonoma Trento,P.A. Trento,541380,191848,35.44,0.23
2015,2021-03-20,PAT,873,402,471,670,203,ITH,ITH2,4,Provincia Autonoma Trento,P.A. Trento,541380,192721,35.6,0.16
2016,2021-03-03,PAT,1658,622,1036,1141,517,ITH,ITH2,4,Provincia Autonoma Trento,P.A. Trento,541380,194379,35.9,0.31
2017,2020-12-27,PAT,103,40,63,103,0,ITH,ITH2,4,Provincia Autonoma Trento,P.A. Trento,541380,194482,35.92,0.02
2018,2021-03-15,PAT,1410,545,865,946,464,ITH,ITH2,4,Provincia Autonoma Trento,P.A. Trento,541380,195892,36.18,0.26
2019,2021-01-17,PAT,251,195,56,251,0,ITH,ITH2,4,Provincia Autonoma Trento,P.A. Trento,541380,196143,36.23,0.05
2020,2021-05-11,PAT,3696,1749,1947,2849,847,ITH,ITH2,4,Provincia Autonoma Trento,P.A. Trento,541380,199839,36.91,0.68
2021,2021-04-27,PAT,3880,1866,2014,3813,67,ITH,ITH2,4,Provincia Autonoma Trento,P.A. Trento,541380,203719,37.63,0.72
2022,2021-05-04,PAT,4476,2423,2053,4386,90,ITH,ITH2,4,Provincia Autonoma Trento,P.A. Trento,541380,208195,38.46,0.83
2023,2021-03-08,PAT,1410,434,976,1056,354,ITH,ITH2,4,Provincia Autonoma Trento,P.A. Trento,541380,209605,38.72,0.26
2024,2021-03-22,PAT,2306,973,1333,1431,875,ITH,ITH2,4,Provincia Autonoma Trento,P.A. Trento,541380,211911,39.14,0.43
2025,2021-01-24,PAT,547,276,271,224,323,ITH,ITH2,4,Provincia Autonoma Trento,P.A. Trento,541380,212458,39.24,0.1
2026,2021-01-31,PAT,75,15,60,1,74,ITH,ITH2,4,Provincia Autonoma Trento,P.A. Trento,541380,212533,39.26,0.01
2027,2021-04-29,PAT,4621,2232,2389,4413,208,ITH,ITH2,4,Provincia Autonoma Trento,P.A. Trento,541380,217154,40.11,0.85
2028,2021-01-22,PAT,1668,433,1235,329,1339,ITH,ITH2,4,Provincia Autonoma Trento,P.A. Trento,541380,218822,40.42,0.31
2029,2021-02-05,PAT,802,272,530,283,519,ITH,ITH2,4,Provincia Autonoma Trento,P.A. Trento,541380,219624,40.57,0.15
2030,2021-05-16,PAT,1321,729,592,1083,238,ITH,ITH2,4,Provincia Autonoma Trento,P.A. Trento,541380,220945,40.81,0.24
2031,2021-01-05,PAT,709,232,477,709,0,ITH,ITH2,4,Provincia Autonoma Trento,P.A. Trento,541380,221654,40.94,0.13
2032,2021-04-15,PAT,3182,1437,1745,3028,154,ITH,ITH2,4,Provincia Autonoma Trento,P.A. Trento,541380,224836,41.53,0.59
2033,2021-04-24,PAT,3511,1682,1829,3497,14,ITH,ITH2,4,Provincia Autonoma Trento,P.A. Trento,541380,228347,42.18,0.65
2034,2021-02-26,PAT,1218,435,783,923,295,ITH,ITH2,4,Provincia Autonoma Trento,P.A. Trento,541380,229565,42.4,0.22
2035,2021-01-14,PAT,700,203,497,700,0,ITH,ITH2,4,Provincia Autonoma Trento,P.A. Trento,541380,230265,42.53,0.13
2036,2021-02-28,PAT,242,121,121,242,0,ITH,ITH2,4,Provincia Autonoma Trento,P.A. Trento,541380,230507,42.58,0.04
2037,2021-06-08,PAT,5395,2627,2768,1777,3618,ITH,ITH2,4,Provincia Autonoma Trento,P.A. Trento,541380,235902,43.57,1.0
2038,2021-04-26,PAT,2651,1249,1402,2557,94,ITH,ITH2,4,Provincia Autonoma Trento,P.A. Trento,541380,238553,44.06,0.49
2039,2021-04-17,PAT,2203,1120,1083,2146,57,ITH,ITH2,4,Provincia Autonoma Trento,P.A. Trento,541380,240756,44.47,0.41
2040,2021-04-19,PAT,2624,1235,1389,2602,22,ITH,ITH2,4,Provincia Autonoma Trento,P.A. Trento,541380,243380,44.96,0.48
2041,2021-01-29,PAT,1353,331,1022,55,1298,ITH,ITH2,4,Provincia Autonoma Trento,P.A. Trento,541380,244733,45.21,0.25
2042,2021-04-22,PAT,3147,1469,1678,3103,44,ITH,ITH2,4,Provincia Autonoma Trento,P.A. Trento,541380,247880,45.79,0.58
2043,2021-04-07,PAT,2599,1012,1587,1658,941,ITH,ITH2,4,Provincia Autonoma Trento,P.A. Trento,541380,250479,46.27,0.48
2044,2021-01-12,PAT,505,158,347,505,0,ITH,ITH2,4,Provincia Autonoma Trento,P.A. Trento,541380,250984,46.36,0.09
2045,2021-03-19,PAT,2423,915,1508,1571,852,ITH,ITH2,4,Provincia Autonoma Trento,P.A. Trento,541380,253407,46.81,0.45
2046,2021-04-05,PAT,35,17,18,33,2,ITH,ITH2,4,Provincia Autonoma Trento,P.A. Trento,541380,253442,46.81,0.01
2047,2021-04-25,PAT,1970,939,1031,1963,7,ITH,ITH2,4,Provincia Autonoma Trento,P.A. Trento,541380,255412,47.18,0.36
2048,2021-01-15,PAT,595,132,463,595,0,ITH,ITH2,4,Provincia Autonoma Trento,P.A. Trento,541380,256007,47.29,0.11
2049,2021-03-27,PAT,1616,710,906,1363,253,ITH,ITH2,4,Provincia Autonoma Trento,P.A. Trento,541380,257623,47.59,0.3
2050,2021-06-04,PAT,5692,2553,3139,1795,3897,ITH,ITH2,4,Provincia Autonoma Trento,P.A. Trento,541380,263315,48.64,1.05
2051,2021-02-24,PAT,1321,523,798,924,397,ITH,ITH2,4,Provincia Autonoma Trento,P.A. Trento,541380,264636,48.88,0.24
2052,2021-06-03,PAT,4571,2148,2423,1278,3293,ITH,ITH2,4,Provincia Autonoma Trento,P.A. Trento,541380,269207,49.73,0.84
2053,2021-01-19,PAT,405,77,328,405,0,ITH,ITH2,4,Provincia Autonoma Trento,P.A. Trento,541380,269612,49.8,0.07
2054,2021-05-25,PAT,4747,2261,2486,1859,2888,ITH,ITH2,4,Provincia Autonoma Trento,P.A. Trento,541380,274359,50.68,0.88
2055,2021-05-08,PAT,3155,1722,1433,2736,419,ITH,ITH2,4,Provincia Autonoma Trento,P.A. Trento,541380,277514,51.26,0.58
2056,2021-02-14,PAT,246,186,60,11,235,ITH,ITH2,4,Provincia Autonoma Trento,P.A. Trento,541380,277760,51.31,0.05
2057,2021-05-27,PAT,4246,1975,2271,1236,3010,ITH,ITH2,4,Provincia Autonoma Trento,P.A. Trento,541380,282006,52.09,0.78
2058,2021-03-10,PAT,2401,928,1473,1480,921,ITH,ITH2,4,Provincia Autonoma Trento,P.A. Trento,541380,284407,52.53,0.44
2059,2021-02-19,PAT,928,358,570,869,59,ITH,ITH2,4,Provincia Autonoma Trento,P.A. Trento,541380,285335,52.71,0.17
2060,2021-05-20,PAT,4998,2353,2645,3373,1625,ITH,ITH2,4,Provincia Autonoma Trento,P.A. Trento,541380,290333,53.63,0.92
2061,2021-03-24,PAT,2376,940,1436,1556,820,ITH,ITH2,4,Provincia Autonoma Trento,P.A. Trento,541380,292709,54.07,0.44
2062,2021-02-09,PAT,916,287,629,442,474,ITH,ITH2,4,Provincia Autonoma Trento,P.A. Trento,541380,293625,54.24,0.17
2063,2021-03-17,PAT,2067,790,1277,1199,868,ITH,ITH2,4,Provincia Autonoma Trento,P.A. Trento,541380,295692,54.62,0.38
2064,2021-02-02,PAT,907,240,667,190,717,ITH,ITH2,4,Provincia Autonoma Trento,P.A. Trento,541380,296599,54.79,0.17
2065,2021-05-13,PAT,3406,1579,1827,2305,1101,ITH,ITH2,4,Provincia Autonoma Trento,P.A. Trento,541380,300005,55.41,0.63
2066,2021-03-31,PAT,2568,983,1585,1711,857,ITH,ITH2,4,Provincia Autonoma Trento,P.A. Trento,541380,302573,55.89,0.47
2067,2021-01-26,PAT,542,154,388,27,515,ITH,ITH2,4,Provincia Autonoma Trento,P.A. Trento,541380,303115,55.99,0.1
2068,2021-05-06,PAT,5508,2727,2781,4729,779,ITH,ITH2,4,Provincia Autonoma Trento,P.A. Trento,541380,308623,57.01,1.02
2069,2021-01-03,PAT,492,160,332,492,0,ITH,ITH2,4,Provincia Autonoma Trento,P.A. Trento,541380,309115,57.1,0.09
2070,2021-02-22,PAT,745,259,486,661,84,ITH,ITH2,4,Provincia Autonoma Trento,P.A. Trento,541380,309860,57.24,0.14
2071,2021-05-18,PAT,4245,2008,2237,3403,842,ITH,ITH2,4,Provincia Autonoma Trento,P.A. Trento,541380,314105,58.02,0.78
2072,2021-03-12,PAT,2506,936,1570,1701,805,ITH,ITH2,4,Provincia Autonoma Trento,P.A. Trento,541380,316611,58.48,0.46
2073,2021-01-02,PAT,502,143,359,502,0,ITH,ITH2,4,Provincia Autonoma Trento,P.A. Trento,541380,317113,58.57,0.09
2074,2021-03-29,PAT,2467,960,1507,1732,735,ITH,ITH2,4,Provincia Autonoma Trento,P.A. Trento,541380,319580,59.03,0.46
2075,2021-04-12,PAT,3089,1408,1681,2593,496,ITH,ITH2,4,Provincia Autonoma Trento,P.A. Trento,541380,322669,59.6,0.57
2076,2021-01-21,PAT,352,95,257,228,124,ITH,ITH2,4,Provincia Autonoma Trento,P.A. Trento,541380,323021,59.67,0.07
2077,2021-05-01,PAT,4839,2463,2376,4804,35,ITH,ITH2,4,Provincia Autonoma Trento,P.A. Trento,541380,327860,60.56,0.89
2078,2021-02-21,PAT,155,92,63,43,112,ITH,ITH2,4,Provincia Autonoma Trento,P.A. Trento,541380,328015,60.59,0.03
2079,2021-05-15,PAT,1567,815,752,679,888,ITH,ITH2,4,Provincia Autonoma Trento,P.A. Trento,541380,329582,60.88,0.29
2080,2021-06-01,PAT,3962,1851,2111,1119,2843,ITH,ITH2,4,Provincia Autonoma Trento,P.A. Trento,541380,333544,61.61,0.73
2081,2021-05-24,PIE,28621,13132,15489,16983,11638,ITC,ITC1,1,Piemonte,Piemonte,4356406,28621,0.66,0.66
2082,2021-03-02,PIE,11202,4506,6696,10386,816,ITC,ITC1,1,Piemonte,Piemonte,4356406,39823,0.91,0.26
2083,2021-05-19,PIE,32931,15138,17793,21983,10948,ITC,ITC1,1,Piemonte,Piemonte,4356406,72754,1.67,0.76
2084,2021-03-14,PIE,8205,3336,4869,5308,2897,ITC,ITC1,1,Piemonte,Piemonte,4356406,80959,1.86,0.19
2085,2021-05-10,PIE,28754,13808,14946,15740,13014,ITC,ITC1,1,Piemonte,Piemonte,4356406,109713,2.52,0.66
2086,2021-01-30,PIE,5980,2136,3844,218,5762,ITC,ITC1,1,Piemonte,Piemonte,4356406,115693,2.66,0.14
2087,2021-03-16,PIE,10523,4269,6254,4463,6060,ITC,ITC1,1,Piemonte,Piemonte,4356406,126216,2.9,0.24
2088,2021-05-12,PIE,31733,15074,16659,18960,12773,ITC,ITC1,1,Piemonte,Piemonte,4356406,157949,3.63,0.73
2089,2021-03-23,PIE,13077,5451,7626,6832,6245,ITC,ITC1,1,Piemonte,Piemonte,4356406,171026,3.93,0.3
2090,2021-01-16,PIE,7771,2630,5141,7771,0,ITC,ITC1,1,Piemonte,Piemonte,4356406,178797,4.1,0.18
2091,2021-01-23,PIE,4257,1325,2932,879,3378,ITC,ITC1,1,Piemonte,Piemonte,4356406,183054,4.2,0.1
2092,2021-03-21,PIE,10724,4739,5985,4190,6534,ITC,ITC1,1,Piemonte,Piemonte,4356406,193778,4.45,0.25
2093,2021-05-05,PIE,32127,15035,17092,19117,13010,ITC,ITC1,1,Piemonte,Piemonte,4356406,225905,5.19,0.74
2094,2021-02-11,PIE,6764,2107,4657,3006,3758,ITC,ITC1,1,Piemonte,Piemonte,4356406,232669,5.34,0.16
2095,2021-04-09,PIE,25848,11387,14461,21339,4509,ITC,ITC1,1,Piemonte,Piemonte,4356406,258517,5.93,0.59
2096,2020-12-30,PIE,730,322,408,730,0,ITC,ITC1,1,Piemonte,Piemonte,4356406,259247,5.95,0.02
2097,2021-06-05,PIE,34660,17638,17022,30224,4436,ITC,ITC1,1,Piemonte,Piemonte,4356406,293907,6.75,0.8
2098,2021-02-25,PIE,12218,5252,6966,11671,547,ITC,ITC1,1,Piemonte,Piemonte,4356406,306125,7.03,0.28
2099,2021-04-02,PIE,20131,8298,11833,11704,8427,ITC,ITC1,1,Piemonte,Piemonte,4356406,326256,7.49,0.46
2100,2021-05-29,PIE,32755,15214,17541,20602,12153,ITC,ITC1,1,Piemonte,Piemonte,4356406,359011,8.24,0.75
2101,2021-02-18,PIE,4790,2093,2697,4360,430,ITC,ITC1,1,Piemonte,Piemonte,4356406,363801,8.35,0.11
2102,2021-04-16,PIE,28394,13209,15185,23409,4985,ITC,ITC1,1,Piemonte,Piemonte,4356406,392195,9.0,0.65
2103,2021-04-23,PIE,27434,12597,14837,20672,6762,ITC,ITC1,1,Piemonte,Piemonte,4356406,419629,9.63,0.63
2104,2021-04-04,PIE,9254,4059,5195,6541,2713,ITC,ITC1,1,Piemonte,Piemonte,4356406,428883,9.84,0.21
2105,2021-04-21,PIE,25742,11833,13909,20408,5334,ITC,ITC1,1,Piemonte,Piemonte,4356406,454625,10.44,0.59
2106,2021-01-11,PIE,8744,2980,5764,8744,0,ITC,ITC1,1,Piemonte,Piemonte,4356406,463369,10.64,0.2
2107,2021-06-07,PIE,34417,17587,16830,29750,4667,ITC,ITC1,1,Piemonte,Piemonte,4356406,497786,11.43,0.79
2108,2020-12-28,PIE,1,1,0,1,0,ITC,ITC1,1,Piemonte,Piemonte,4356406,497787,11.43,0.0
2109,2021-05-02,PIE,25056,11264,13792,14311,10745,ITC,ITC1,1,Piemonte,Piemonte,4356406,522843,12.0,0.58
2110,2021-03-28,PIE,16056,6899,9157,8435,7621,ITC,ITC1,1,Piemonte,Piemonte,4356406,538899,12.37,0.37
2111,2021-04-11,PIE,20824,9317,11507,18663,2161,ITC,ITC1,1,Piemonte,Piemonte,4356406,559723,12.85,0.48
2112,2021-01-04,PIE,5564,1679,3885,5564,0,ITC,ITC1,1,Piemonte,Piemonte,4356406,565287,12.98,0.13
2113,2021-04-28,PIE,26028,11735,14293,15996,10032,ITC,ITC1,1,Piemonte,Piemonte,4356406,591315,13.57,0.6
2114,2021-01-18,PIE,6166,2048,4118,5917,249,ITC,ITC1,1,Piemonte,Piemonte,4356406,597481,13.71,0.14
2115,2021-02-04,PIE,10203,3339,6864,588,9615,ITC,ITC1,1,Piemonte,Piemonte,4356406,607684,13.95,0.23
2116,2021-04-30,PIE,31770,14277,17493,18444,13326,ITC,ITC1,1,Piemonte,Piemonte,4356406,639454,14.68,0.73
2117,2021-04-20,PIE,25471,11661,13810,19125,6346,ITC,ITC1,1,Piemonte,Piemonte,4356406,664925,15.26,0.58
2118,2021-05-07,PIE,32950,15552,17398,18904,14046,ITC,ITC1,1,Piemonte,Piemonte,4356406,697875,16.02,0.76
2119,2021-01-27,PIE,4196,1453,2743,999,3197,ITC,ITC1,1,Piemonte,Piemonte,4356406,702071,16.12,0.1
2120,2021-02-13,PIE,4153,1334,2819,2931,1222,ITC,ITC1,1,Piemonte,Piemonte,4356406,706224,16.21,0.1
2121,2021-05-09,PIE,27055,12900,14155,13447,13608,ITC,ITC1,1,Piemonte,Piemonte,4356406,733279,16.83,0.62
2122,2021-05-26,PIE,32335,14806,17529,15618,16717,ITC,ITC1,1,Piemonte,Piemonte,4356406,765614,17.57,0.74
2123,2021-02-15,PIE,4432,1597,2835,3227,1205,ITC,ITC1,1,Piemonte,Piemonte,4356406,770046,17.68,0.1
2124,2021-03-04,PIE,14497,5734,8763,11549,2948,ITC,ITC1,1,Piemonte,Piemonte,4356406,784543,18.01,0.33
2125,2021-02-08,PIE,6917,2356,4561,666,6251,ITC,ITC1,1,Piemonte,Piemonte,4356406,791460,18.17,0.16
2126,2021-05-21,PIE,35878,16621,19257,20379,15499,ITC,ITC1,1,Piemonte,Piemonte,4356406,827338,18.99,0.82
2127,2021-02-01,PIE,8645,3055,5590,579,8066,ITC,ITC1,1,Piemonte,Piemonte,4356406,835983,19.19,0.2
2128,2021-03-30,PIE,16891,7033,9858,9020,7871,ITC,ITC1,1,Piemonte,Piemonte,4356406,852874,19.58,0.39
2129,2021-04-01,PIE,19331,8073,11258,11211,8120,ITC,ITC1,1,Piemonte,Piemonte,4356406,872205,20.02,0.44
2130,2021-01-13,PIE,10080,3223,6857,10080,0,ITC,ITC1,1,Piemonte,Piemonte,4356406,882285,20.25,0.23
2131,2021-01-06,PIE,3116,1111,2005,3116,0,ITC,ITC1,1,Piemonte,Piemonte,4356406,885401,20.32,0.07
2132,2021-04-06,PIE,20240,8810,11430,15044,5196,ITC,ITC1,1,Piemonte,Piemonte,4356406,905641,20.79,0.46
2133,2020-12-27,PIE,913,369,544,913,0,ITC,ITC1,1,Piemonte,Piemonte,4356406,906554,20.81,0.02
2134,2021-03-18,PIE,11757,4804,6953,4029,7728,ITC,ITC1,1,Piemonte,Piemonte,4356406,918311,21.08,0.27
2135,2021-02-27,PIE,12691,4851,7840,12346,345,ITC,ITC1,1,Piemonte,Piemonte,4356406,931002,21.37,0.29
2136,2021-04-25,PIE,20224,9303,10921,17723,2501,ITC,ITC1,1,Piemonte,Piemonte,4356406,951226,21.84,0.46
2137,2021-01-15,PIE,9114,3012,6102,9114,0,ITC,ITC1,1,Piemonte,Piemonte,4356406,960340,22.04,0.21
2138,2021-03-13,PIE,13045,4721,8324,11601,1444,ITC,ITC1,1,Piemonte,Piemonte,4356406,973385,22.34,0.3
2139,2021-04-18,PIE,22961,10819,12142,20205,2756,ITC,ITC1,1,Piemonte,Piemonte,4356406,996346,22.87,0.53
2140,2021-06-02,PIE,26520,12996,13524,22055,4465,ITC,ITC1,1,Piemonte,Piemonte,4356406,1022866,23.48,0.61
2141,2021-02-22,PIE,8483,3472,5011,7893,590,ITC,ITC1,1,Piemonte,Piemonte,4356406,1031349,23.67,0.19
2142,2021-03-11,PIE,13772,5074,8698,10675,3097,ITC,ITC1,1,Piemonte,Piemonte,4356406,1045121,23.99,0.32
2143,2021-03-25,PIE,17062,7203,9859,8423,8639,ITC,ITC1,1,Piemonte,Piemonte,4356406,1062183,24.38,0.39
2144,2021-04-13,PIE,25929,11608,14321,22469,3460,ITC,ITC1,1,Piemonte,Piemonte,4356406,1088112,24.98,0.6
2145,2021-01-20,PIE,6616,2089,4527,5899,717,ITC,ITC1,1,Piemonte,Piemonte,4356406,1094728,25.13,0.15
2146,2021-02-03,PIE,10199,3303,6896,611,9588,ITC,ITC1,1,Piemonte,Piemonte,4356406,1104927,25.36,0.23
2147,2021-05-17,PIE,30617,14373,16244,17674,12943,ITC,ITC1,1,Piemonte,Piemonte,4356406,1135544,26.07,0.7
2148,2021-02-06,PIE,7995,2666,5329,400,7595,ITC,ITC1,1,Piemonte,Piemonte,4356406,1143539,26.25,0.18
2149,2021-02-23,PIE,9234,3713,5521,8653,581,ITC,ITC1,1,Piemonte,Piemonte,4356406,1152773,26.46,0.21
2150,2021-05-31,PIE,28867,13882,14985,20479,8388,ITC,ITC1,1,Piemonte,Piemonte,4356406,1181640,27.12,0.66
2151,2021-03-09,PIE,13967,5428,8539,11624,2343,ITC,ITC1,1,Piemonte,Piemonte,4356406,1195607,27.44,0.32
2152,2021-01-01,PIE,1038,395,643,1038,0,ITC,ITC1,1,Piemonte,Piemonte,4356406,1196645,27.47,0.02
2153,2021-04-03,PIE,19430,8156,11274,10883,8547,ITC,ITC1,1,Piemonte,Piemonte,4356406,1216075,27.91,0.45
2154,2021-01-10,PIE,5214,2275,2939,5214,0,ITC,ITC1,1,Piemonte,Piemonte,4356406,1221289,28.03,0.12
2155,2021-04-22,PIE,27650,12724,14926,20952,6698,ITC,ITC1,1,Piemonte,Piemonte,4356406,1248939,28.67,0.63
2156,2021-01-12,PIE,10089,3415,6674,10089,0,ITC,ITC1,1,Piemonte,Piemonte,4356406,1259028,28.9,0.23
2157,2021-01-29,PIE,5944,1887,4057,455,5489,ITC,ITC1,1,Piemonte,Piemonte,4356406,1264972,29.04,0.14
2158,2021-05-14,PIE,33299,16214,17085,17940,15359,ITC,ITC1,1,Piemonte,Piemonte,4356406,1298271,29.8,0.76
2159,2021-04-17,PIE,30448,14145,16303,27134,3314,ITC,ITC1,1,Piemonte,Piemonte,4356406,1328719,30.5,0.7
2160,2021-02-10,PIE,7535,2371,5164,1316,6219,ITC,ITC1,1,Piemonte,Piemonte,4356406,1336254,30.67,0.17
2161,2021-04-08,PIE,25144,10930,14214,20414,4730,ITC,ITC1,1,Piemonte,Piemonte,4356406,1361398,31.25,0.58
2162,2021-04-10,PIE,30163,13416,16747,25884,4279,ITC,ITC1,1,Piemonte,Piemonte,4356406,1391561,31.94,0.69
2163,2021-04-15,PIE,29635,13573,16062,24152,5483,ITC,ITC1,1,Piemonte,Piemonte,4356406,1421196,32.62,0.68
2164,2021-01-05,PIE,5381,1603,3778,5381,0,ITC,ITC1,1,Piemonte,Piemonte,4356406,1426577,32.75,0.12
2165,2021-01-07,PIE,5387,1739,3648,5387,0,ITC,ITC1,1,Piemonte,Piemonte,4356406,1431964,32.87,0.12
2166,2021-03-05,PIE,15268,5961,9307,11451,3817,ITC,ITC1,1,Piemonte,Piemonte,4356406,1447232,33.22,0.35
2167,2021-03-07,PIE,11976,4658,7318,11099,877,ITC,ITC1,1,Piemonte,Piemonte,4356406,1459208,33.5,0.27
2168,2021-05-28,PIE,34681,16338,18343,18950,15731,ITC,ITC1,1,Piemonte,Piemonte,4356406,1493889,34.29,0.8
2169,2021-01-25,PIE,6215,1938,4277,983,5232,ITC,ITC1,1,Piemonte,Piemonte,4356406,1500104,34.43,0.14
2170,2021-05-30,PIE,27699,13185,14514,18375,9324,ITC,ITC1,1,Piemonte,Piemonte,4356406,1527803,35.07,0.64
2171,2021-02-19,PIE,5535,2175,3360,5034,501,ITC,ITC1,1,Piemonte,Piemonte,4356406,1533338,35.2,0.13
2172,2021-06-04,PIE,34851,18038,16813,32126,2725,ITC,ITC1,1,Piemonte,Piemonte,4356406,1568189,36.0,0.8
2173,2021-02-24,PIE,11409,4629,6780,10904,505,ITC,ITC1,1,Piemonte,Piemonte,4356406,1579598,36.26,0.26
2174,2021-06-06,PIE,32563,16916,15647,30146,2417,ITC,ITC1,1,Piemonte,Piemonte,4356406,1612161,37.01,0.75
2175,2021-03-03,PIE,12120,4644,7476,11301,819,ITC,ITC1,1,Piemonte,Piemonte,4356406,1624281,37.28,0.28
2176,2021-03-20,PIE,11922,4899,7023,6024,5898,ITC,ITC1,1,Piemonte,Piemonte,4356406,1636203,37.56,0.27
2177,2021-05-06,PIE,33239,15636,17603,19769,13470,ITC,ITC1,1,Piemonte,Piemonte,4356406,1669442,38.32,0.76
2178,2021-05-23,PIE,28689,13127,15562,15749,12940,ITC,ITC1,1,Piemonte,Piemonte,4356406,1698131,38.98,0.66
2179,2021-02-12,PIE,6891,2215,4676,3930,2961,ITC,ITC1,1,Piemonte,Piemonte,4356406,1705022,39.14,0.16
2180,2021-03-01,PIE,12043,4846,7197,11234,809,ITC,ITC1,1,Piemonte,Piemonte,4356406,1717065,39.41,0.28
2181,2021-03-08,PIE,13950,5296,8654,11236,2714,ITC,ITC1,1,Piemonte,Piemonte,4356406,1731015,39.73,0.32
2182,2021-05-04,PIE,28492,13082,15410,16397,12095,ITC,ITC1,1,Piemonte,Piemonte,4356406,1759507,40.39,0.65
2183,2021-01-24,PIE,3153,959,2194,434,2719,ITC,ITC1,1,Piemonte,Piemonte,4356406,1762660,40.46,0.07
2184,2021-03-22,PIE,11512,4882,6630,3906,7606,ITC,ITC1,1,Piemonte,Piemonte,4356406,1774172,40.73,0.26
2185,2021-04-27,PIE,22581,10208,12373,17444,5137,ITC,ITC1,1,Piemonte,Piemonte,4356406,1796753,41.24,0.52
2186,2021-01-17,PIE,3518,1168,2350,2870,648,ITC,ITC1,1,Piemonte,Piemonte,4356406,1800271,41.32,0.08
2187,2021-03-15,PIE,10661,4164,6497,5041,5620,ITC,ITC1,1,Piemonte,Piemonte,4356406,1810932,41.57,0.24
2188,2021-05-11,PIE,31978,15401,16577,18838,13140,ITC,ITC1,1,Piemonte,Piemonte,4356406,1842910,42.3,0.73
2189,2021-01-31,PIE,4113,1753,2360,112,4001,ITC,ITC1,1,Piemonte,Piemonte,4356406,1847023,42.4,0.09
2190,2021-02-07,PIE,3088,974,2114,445,2643,ITC,ITC1,1,Piemonte,Piemonte,4356406,1850111,42.47,0.07
2191,2021-02-20,PIE,3833,1253,2580,3659,174,ITC,ITC1,1,Piemonte,Piemonte,4356406,1853944,42.56,0.09
2192,2021-04-29,PIE,48309,21850,26459,35691,12618,ITC,ITC1,1,Piemonte,Piemonte,4356406,1902253,43.67,1.11
2193,2021-05-16,PIE,28112,12762,15350,15055,13057,ITC,ITC1,1,Piemonte,Piemonte,4356406,1930365,44.31,0.65
2194,2021-02-05,PIE,9604,3139,6465,659,8945,ITC,ITC1,1,Piemonte,Piemonte,4356406,1939969,44.53,0.22
2195,2021-03-10,PIE,13634,5169,8465,11340,2294,ITC,ITC1,1,Piemonte,Piemonte,4356406,1953603,44.84,0.31
2196,2021-03-27,PIE,18387,7829,10558,9556,8831,ITC,ITC1,1,Piemonte,Piemonte,4356406,1971990,45.27,0.42
2197,2021-02-17,PIE,4793,2156,2637,3803,990,ITC,ITC1,1,Piemonte,Piemonte,4356406,1976783,45.38,0.11
2198,2021-06-08,PIE,36781,19070,17711,34084,2697,ITC,ITC1,1,Piemonte,Piemonte,4356406,2013564,46.22,0.84
2199,2021-04-26,PIE,19764,8734,11030,15365,4399,ITC,ITC1,1,Piemonte,Piemonte,4356406,2033328,46.67,0.45
2200,2021-05-03,PIE,26648,12162,14486,12509,14139,ITC,ITC1,1,Piemonte,Piemonte,4356406,2059976,47.29,0.61
2201,2020-12-31,PIE,3909,1334,2575,3909,0,ITC,ITC1,1,Piemonte,Piemonte,4356406,2063885,47.38,0.09
2202,2021-02-28,PIE,10816,4060,6756,10576,240,ITC,ITC1,1,Piemonte,Piemonte,4356406,2074701,47.62,0.25
2203,2021-03-17,PIE,12518,5055,7463,5224,7294,ITC,ITC1,1,Piemonte,Piemonte,4356406,2087219,47.91,0.29
2204,2021-03-19,PIE,11019,4511,6508,4414,6605,ITC,ITC1,1,Piemonte,Piemonte,4356406,2098238,48.16,0.25
2205,2021-04-05,PIE,14746,6233,8513,12189,2557,ITC,ITC1,1,Piemonte,Piemonte,4356406,2112984,48.5,0.34
2206,2021-05-22,PIE,33352,15068,18284,17226,16126,ITC,ITC1,1,Piemonte,Piemonte,4356406,2146336,49.27,0.77
2207,2021-01-08,PIE,5532,1762,3770,5532,0,ITC,ITC1,1,Piemonte,Piemonte,4356406,2151868,49.4,0.13
2208,2021-03-06,PIE,13994,5211,8783,11205,2789,ITC,ITC1,1,Piemonte,Piemonte,4356406,2165862,49.72,0.32
2209,2021-01-22,PIE,3867,1249,2618,2526,1341,ITC,ITC1,1,Piemonte,Piemonte,4356406,2169729,49.81,0.09
2210,2021-01-19,PIE,6466,2105,4361,6454,12,ITC,ITC1,1,Piemonte,Piemonte,4356406,2176195,49.95,0.15
2211,2021-04-14,PIE,27707,12560,15147,23182,4525,ITC,ITC1,1,Piemonte,Piemonte,4356406,2203902,50.59,0.64
2212,2021-05-25,PIE,31011,14368,16643,15970,15041,ITC,ITC1,1,Piemonte,Piemonte,4356406,2234913,51.3,0.71
2213,2021-04-19,PIE,22537,10766,11771,18173,4364,ITC,ITC1,1,Piemonte,Piemonte,4356406,2257450,51.82,0.52
2214,2021-01-09,PIE,6184,2185,3999,6184,0,ITC,ITC1,1,Piemonte,Piemonte,4356406,2263634,51.96,0.14
2215,2021-01-26,PIE,6332,1880,4452,735,5597,ITC,ITC1,1,Piemonte,Piemonte,4356406,2269966,52.11,0.15
2216,2021-06-03,PIE,33606,17161,16445,29541,4065,ITC,ITC1,1,Piemonte,Piemonte,4356406,2303572,52.88,0.77
2217,2021-02-26,PIE,12293,4933,7360,11556,737,ITC,ITC1,1,Piemonte,Piemonte,4356406,2315865,53.16,0.28
2218,2021-04-24,PIE,27450,12419,15031,21808,5642,ITC,ITC1,1,Piemonte,Piemonte,4356406,2343315,53.79,0.63
2219,2021-01-14,PIE,9766,3152,6614,9766,0,ITC,ITC1,1,Piemonte,Piemonte,4356406,2353081,54.01,0.22
2220,2021-05-08,PIE,34192,16222,17970,18557,15635,ITC,ITC1,1,Piemonte,Piemonte,4356406,2387273,54.8,0.78
2221,2021-01-28,PIE,5591,1809,3782,384,5207,ITC,ITC1,1,Piemonte,Piemonte,4356406,2392864,54.93,0.13
2222,2021-02-14,PIE,1476,498,978,876,600,ITC,ITC1,1,Piemonte,Piemonte,4356406,2394340,54.96,0.03
2223,2021-05-13,PIE,35385,17291,18094,20526,14859,ITC,ITC1,1,Piemonte,Piemonte,4356406,2429725,55.77,0.81
2224,2021-02-02,PIE,10241,3509,6732,816,9425,ITC,ITC1,1,Piemonte,Piemonte,4356406,2439966,56.01,0.24
2225,2021-03-31,PIE,19107,8103,11004,10413,8694,ITC,ITC1,1,Piemonte,Piemonte,4356406,2459073,56.45,0.44
2226,2021-05-27,PIE,36988,17129,19859,19064,17924,ITC,ITC1,1,Piemonte,Piemonte,4356406,2496061,57.3,0.85
2227,2021-02-16,PIE,3967,1756,2211,3209,758,ITC,ITC1,1,Piemonte,Piemonte,4356406,2500028,57.39,0.09
2228,2021-03-24,PIE,15505,6341,9164,6378,9127,ITC,ITC1,1,Piemonte,Piemonte,4356406,2515533,57.74,0.36
2229,2021-05-20,PIE,38323,17722,20601,13586,24737,ITC,ITC1,1,Piemonte,Piemonte,4356406,2553856,58.62,0.88
2230,2021-02-09,PIE,7392,2316,5076,722,6670,ITC,ITC1,1,Piemonte,Piemonte,4356406,2561248,58.79,0.17
2231,2021-04-07,PIE,23606,9995,13611,18143,5463,ITC,ITC1,1,Piemonte,Piemonte,4356406,2584854,59.33,0.54
2232,2021-05-18,PIE,31833,14601,17232,19370,12463,ITC,ITC1,1,Piemonte,Piemonte,4356406,2616687,60.07,0.73
2233,2021-01-03,PIE,3063,967,2096,3063,0,ITC,ITC1,1,Piemonte,Piemonte,4356406,2619750,60.14,0.07
2234,2021-03-29,PIE,15161,6385,8776,8549,6612,ITC,ITC1,1,Piemonte,Piemonte,4356406,2634911,60.48,0.35
2235,2021-04-12,PIE,22942,10362,12580,19952,2990,ITC,ITC1,1,Piemonte,Piemonte,4356406,2657853,61.01,0.53
2236,2021-01-02,PIE,3545,1134,2411,3545,0,ITC,ITC1,1,Piemonte,Piemonte,4356406,2661398,61.09,0.08
2237,2021-05-01,PIE,28527,12993,15534,16729,11798,ITC,ITC1,1,Piemonte,Piemonte,4356406,2689925,61.75,0.65
2238,2021-01-21,PIE,6923,2318,4605,3427,3496,ITC,ITC1,1,Piemonte,Piemonte,4356406,2696848,61.91,0.16
2239,2021-05-15,PIE,33672,15703,17969,20037,13635,ITC,ITC1,1,Piemonte,Piemonte,4356406,2730520,62.68,0.77
2240,2021-06-01,PIE,28977,14477,14500,24766,4211,ITC,ITC1,1,Piemonte,Piemonte,4356406,2759497,63.34,0.67
2241,2021-02-21,PIE,5090,2083,3007,4988,102,ITC,ITC1,1,Piemonte,Piemonte,4356406,2764587,63.46,0.12
2242,2021-03-12,PIE,13949,5183,8766,11014,2935,ITC,ITC1,1,Piemonte,Piemonte,4356406,2778536,63.78,0.32
2243,2021-03-26,PIE,17748,6982,10766,8840,8908,ITC,ITC1,1,Piemonte,Piemonte,4356406,2796284,64.19,0.41
2244,2021-03-22,PAB,1143,522,621,1138,5,ITH,ITH1,4,Provincia Autonoma Bolzano / Bozen,P.A. Bolzano,533050,1143,0.21,0.21
2245,2021-03-05,PAB,1839,625,1214,1397,442,ITH,ITH1,4,Provincia Autonoma Bolzano / Bozen,P.A. Bolzano,533050,2982,0.56,0.34
2246,2021-05-27,PAB,6072,3192,2880,4063,2009,ITH,ITH1,4,Provincia Autonoma Bolzano / Bozen,P.A. Bolzano,533050,9054,1.7,1.14
2247,2021-05-25,PAB,3814,1972,1842,2940,874,ITH,ITH1,4,Provincia Autonoma Bolzano / Bozen,P.A. Bolzano,533050,12868,2.41,0.72
2248,2021-02-14,PAB,297,130,167,297,0,ITH,ITH1,4,Provincia Autonoma Bolzano / Bozen,P.A. Bolzano,533050,13165,2.47,0.06
2249,2021-05-08,PAB,4426,2381,2045,3762,664,ITH,ITH1,4,Provincia Autonoma Bolzano / Bozen,P.A. Bolzano,533050,17591,3.3,0.83
2250,2021-06-06,PAB,4525,2175,2350,853,3672,ITH,ITH1,4,Provincia Autonoma Bolzano / Bozen,P.A. Bolzano,533050,22116,4.15,0.85
2251,2021-02-26,PAB,1526,551,975,1496,30,ITH,ITH1,4,Provincia Autonoma Bolzano / Bozen,P.A. Bolzano,533050,23642,4.44,0.29
2252,2021-06-01,PAB,3495,2261,1234,2071,1424,ITH,ITH1,4,Provincia Autonoma Bolzano / Bozen,P.A. Bolzano,533050,27137,5.09,0.66
2253,2021-02-19,PAB,2252,512,1740,2241,11,ITH,ITH1,4,Provincia Autonoma Bolzano / Bozen,P.A. Bolzano,533050,29389,5.51,0.42
2254,2021-02-12,PAB,730,217,513,482,248,ITH,ITH1,4,Provincia Autonoma Bolzano / Bozen,P.A. Bolzano,533050,30119,5.65,0.14
2255,2021-04-10,PAB,5391,2664,2727,4803,588,ITH,ITH1,4,Provincia Autonoma Bolzano / Bozen,P.A. Bolzano,533050,35510,6.66,1.01
2256,2020-12-31,PAB,913,519,394,913,0,ITH,ITH1,4,Provincia Autonoma Bolzano / Bozen,P.A. Bolzano,533050,36423,6.83,0.17
2257,2021-04-19,PAB,1871,858,1013,1689,182,ITH,ITH1,4,Provincia Autonoma Bolzano / Bozen,P.A. Bolzano,533050,38294,7.18,0.35
2258,2021-04-17,PAB,5232,2598,2634,5188,44,ITH,ITH1,4,Provincia Autonoma Bolzano / Bozen,P.A. Bolzano,533050,43526,8.17,0.98
2259,2021-01-07,PAB,917,327,590,917,0,ITH,ITH1,4,Provincia Autonoma Bolzano / Bozen,P.A. Bolzano,533050,44443,8.34,0.17
2260,2021-01-26,PAB,810,291,519,1,809,ITH,ITH1,4,Provincia Autonoma Bolzano / Bozen,P.A. Bolzano,533050,45253,8.49,0.15
2261,2021-03-24,PAB,2059,995,1064,2046,13,ITH,ITH1,4,Provincia Autonoma Bolzano / Bozen,P.A. Bolzano,533050,47312,8.88,0.39
2262,2021-03-10,PAB,1268,529,739,1125,143,ITH,ITH1,4,Provincia Autonoma Bolzano / Bozen,P.A. Bolzano,533050,48580,9.11,0.24
2263,2021-05-06,PAB,5181,2747,2434,2612,2569,ITH,ITH1,4,Provincia Autonoma Bolzano / Bozen,P.A. Bolzano,533050,53761,10.09,0.97
2264,2021-03-17,PAB,581,213,368,580,1,ITH,ITH1,4,Provincia Autonoma Bolzano / Bozen,P.A. Bolzano,533050,54342,10.19,0.11
2265,2021-05-13,PAB,2994,1355,1639,1064,1930,ITH,ITH1,4,Provincia Autonoma Bolzano / Bozen,P.A. Bolzano,533050,57336,10.76,0.56
2266,2021-04-24,PAB,5104,2449,2655,4619,485,ITH,ITH1,4,Provincia Autonoma Bolzano / Bozen,P.A. Bolzano,533050,62440,11.71,0.96
2267,2021-04-05,PAB,301,144,157,23,278,ITH,ITH1,4,Provincia Autonoma Bolzano / Bozen,P.A. Bolzano,533050,62741,11.77,0.06
2268,2021-01-12,PAB,1709,459,1250,1709,0,ITH,ITH1,4,Provincia Autonoma Bolzano / Bozen,P.A. Bolzano,533050,64450,12.09,0.32
2269,2021-01-24,PAB,12,10,2,0,12,ITH,ITH1,4,Provincia Autonoma Bolzano / Bozen,P.A. Bolzano,533050,64462,12.09,0.0
2270,2021-02-07,PAB,2361,1057,1304,14,2347,ITH,ITH1,4,Provincia Autonoma Bolzano / Bozen,P.A. Bolzano,533050,66823,12.54,0.44
2271,2021-05-18,PAB,3313,1732,1581,2149,1164,ITH,ITH1,4,Provincia Autonoma Bolzano / Bozen,P.A. Bolzano,533050,70136,13.16,0.62
2272,2021-05-01,PAB,2104,1067,1037,1944,160,ITH,ITH1,4,Provincia Autonoma Bolzano / Bozen,P.A. Bolzano,533050,72240,13.55,0.39
2273,2021-05-20,PAB,4706,2321,2385,3250,1456,ITH,ITH1,4,Provincia Autonoma Bolzano / Bozen,P.A. Bolzano,533050,76946,14.44,0.88
2274,2021-03-31,PAB,1832,694,1138,821,1011,ITH,ITH1,4,Provincia Autonoma Bolzano / Bozen,P.A. Bolzano,533050,78778,14.78,0.34
2275,2021-01-05,PAB,830,286,544,830,0,ITH,ITH1,4,Provincia Autonoma Bolzano / Bozen,P.A. Bolzano,533050,79608,14.93,0.16
2276,2021-01-23,PAB,197,117,80,0,197,ITH,ITH1,4,Provincia Autonoma Bolzano / Bozen,P.A. Bolzano,533050,79805,14.97,0.04
2277,2021-03-03,PAB,1179,393,786,1166,13,ITH,ITH1,4,Provincia Autonoma Bolzano / Bozen,P.A. Bolzano,533050,80984,15.19,0.22
2278,2021-05-10,PAB,3018,1300,1718,1413,1605,ITH,ITH1,4,Provincia Autonoma Bolzano / Bozen,P.A. Bolzano,533050,84002,15.76,0.57
2279,2021-02-16,PAB,530,205,325,530,0,ITH,ITH1,4,Provincia Autonoma Bolzano / Bozen,P.A. Bolzano,533050,84532,15.86,0.1
2280,2021-01-28,PAB,871,308,563,10,861,ITH,ITH1,4,Provincia Autonoma Bolzano / Bozen,P.A. Bolzano,533050,85403,16.02,0.16
2281,2021-06-08,PAB,3650,1815,1835,353,3297,ITH,ITH1,4,Provincia Autonoma Bolzano / Bozen,P.A. Bolzano,533050,89053,16.71,0.68
2282,2021-04-28,PAB,2464,1302,1162,2459,5,ITH,ITH1,4,Provincia Autonoma Bolzano / Bozen,P.A. Bolzano,533050,91517,17.17,0.46
2283,2021-01-16,PAB,2840,1265,1575,2840,0,ITH,ITH1,4,Provincia Autonoma Bolzano / Bozen,P.A. Bolzano,533050,94357,17.7,0.53
2284,2021-04-12,PAB,2105,946,1159,2098,7,ITH,ITH1,4,Provincia Autonoma Bolzano / Bozen,P.A. Bolzano,533050,96462,18.1,0.39
2285,2021-03-07,PAB,114,13,101,9,105,ITH,ITH1,4,Provincia Autonoma Bolzano / Bozen,P.A. Bolzano,533050,96576,18.12,0.02
2286,2021-04-21,PAB,3012,1468,1544,2164,848,ITH,ITH1,4,Provincia Autonoma Bolzano / Bozen,P.A. Bolzano,533050,99588,18.68,0.57
2287,2021-01-09,PAB,612,326,286,612,0,ITH,ITH1,4,Provincia Autonoma Bolzano / Bozen,P.A. Bolzano,533050,100200,18.8,0.11
2288,2021-04-29,PAB,2630,1351,1279,1936,694,ITH,ITH1,4,Provincia Autonoma Bolzano / Bozen,P.A. Bolzano,533050,102830,19.29,0.49
2289,2021-01-19,PAB,853,371,482,723,130,ITH,ITH1,4,Provincia Autonoma Bolzano / Bozen,P.A. Bolzano,533050,103683,19.45,0.16
2290,2021-02-09,PAB,317,126,191,1,316,ITH,ITH1,4,Provincia Autonoma Bolzano / Bozen,P.A. Bolzano,533050,104000,19.51,0.06
2291,2021-02-02,PAB,1745,506,1239,8,1737,ITH,ITH1,4,Provincia Autonoma Bolzano / Bozen,P.A. Bolzano,533050,105745,19.84,0.33
2292,2021-03-21,PAB,768,285,483,14,754,ITH,ITH1,4,Provincia Autonoma Bolzano / Bozen,P.A. Bolzano,533050,106513,19.98,0.14
2293,2021-01-14,PAB,1946,575,1371,1946,0,ITH,ITH1,4,Provincia Autonoma Bolzano / Bozen,P.A. Bolzano,533050,108459,20.35,0.37
2294,2021-04-07,PAB,1798,823,975,1258,540,ITH,ITH1,4,Provincia Autonoma Bolzano / Bozen,P.A. Bolzano,533050,110257,20.68,0.34
2295,2021-03-02,PAB,695,200,495,693,2,ITH,ITH1,4,Provincia Autonoma Bolzano / Bozen,P.A. Bolzano,533050,110952,20.81,0.13
2296,2021-03-19,PAB,1906,773,1133,799,1107,ITH,ITH1,4,Provincia Autonoma Bolzano / Bozen,P.A. Bolzano,533050,112858,21.17,0.36
2297,2021-05-15,PAB,6997,3685,3312,6702,295,ITH,ITH1,4,Provincia Autonoma Bolzano / Bozen,P.A. Bolzano,533050,119855,22.48,1.31
2298,2021-02-04,PAB,1958,593,1365,8,1950,ITH,ITH1,4,Provincia Autonoma Bolzano / Bozen,P.A. Bolzano,533050,121813,22.85,0.37
2299,2021-04-02,PAB,2077,837,1240,720,1357,ITH,ITH1,4,Provincia Autonoma Bolzano / Bozen,P.A. Bolzano,533050,123890,23.24,0.39
2300,2021-05-29,PAB,7130,3766,3364,3994,3136,ITH,ITH1,4,Provincia Autonoma Bolzano / Bozen,P.A. Bolzano,533050,131020,24.58,1.34
2301,2021-03-26,PAB,1655,731,924,522,1133,ITH,ITH1,4,Provincia Autonoma Bolzano / Bozen,P.A. Bolzano,533050,132675,24.89,0.31
2302,2021-04-09,PAB,2937,1301,1636,2207,730,ITH,ITH1,4,Provincia Autonoma Bolzano / Bozen,P.A. Bolzano,533050,135612,25.44,0.55
2303,2021-05-03,PAB,1830,847,983,417,1413,ITH,ITH1,4,Provincia Autonoma Bolzano / Bozen,P.A. Bolzano,533050,137442,25.78,0.34
2304,2021-02-23,PAB,769,324,445,763,6,ITH,ITH1,4,Provincia Autonoma Bolzano / Bozen,P.A. Bolzano,533050,138211,25.93,0.14
2305,2021-05-17,PAB,3124,1506,1618,2440,684,ITH,ITH1,4,Provincia Autonoma Bolzano / Bozen,P.A. Bolzano,533050,141335,26.51,0.59
2306,2021-06-03,PAB,4699,2544,2155,3774,925,ITH,ITH1,4,Provincia Autonoma Bolzano / Bozen,P.A. Bolzano,533050,146034,27.4,0.88
2307,2021-03-14,PAB,758,336,422,25,733,ITH,ITH1,4,Provincia Autonoma Bolzano / Bozen,P.A. Bolzano,533050,146792,27.54,0.14
2308,2021-04-14,PAB,3593,1645,1948,3502,91,ITH,ITH1,4,Provincia Autonoma Bolzano / Bozen,P.A. Bolzano,533050,150385,28.21,0.67
2309,2021-01-04,PAB,508,201,307,508,0,ITH,ITH1,4,Provincia Autonoma Bolzano / Bozen,P.A. Bolzano,533050,150893,28.31,0.1
2310,2021-03-12,PAB,1664,734,930,1251,413,ITH,ITH1,4,Provincia Autonoma Bolzano / Bozen,P.A. Bolzano,533050,152557,28.62,0.31
2311,2021-03-29,PAB,1171,499,672,412,759,ITH,ITH1,4,Provincia Autonoma Bolzano / Bozen,P.A. Bolzano,533050,153728,28.84,0.22
2312,2021-01-21,PAB,953,442,511,139,814,ITH,ITH1,4,Provincia Autonoma Bolzano / Bozen,P.A. Bolzano,533050,154681,29.02,0.18
2313,2021-04-25,PAB,3072,1497,1575,2401,671,ITH,ITH1,4,Provincia Autonoma Bolzano / Bozen,P.A. Bolzano,533050,157753,29.59,0.58
2314,2021-01-13,PAB,1691,557,1134,1691,0,ITH,ITH1,4,Provincia Autonoma Bolzano / Bozen,P.A. Bolzano,533050,159444,29.91,0.32
2315,2021-01-30,PAB,498,245,253,4,494,ITH,ITH1,4,Provincia Autonoma Bolzano / Bozen,P.A. Bolzano,533050,159942,30.01,0.09
2316,2021-04-23,PAB,4542,2151,2391,3251,1291,ITH,ITH1,4,Provincia Autonoma Bolzano / Bozen,P.A. Bolzano,533050,164484,30.86,0.85
2317,2021-04-26,PAB,1543,771,772,1538,5,ITH,ITH1,4,Provincia Autonoma Bolzano / Bozen,P.A. Bolzano,533050,166027,31.15,0.29
2318,2021-01-18,PAB,1772,687,1085,1767,5,ITH,ITH1,4,Provincia Autonoma Bolzano / Bozen,P.A. Bolzano,533050,167799,31.48,0.33
2319,2021-05-07,PAB,4182,2055,2127,3664,518,ITH,ITH1,4,Provincia Autonoma Bolzano / Bozen,P.A. Bolzano,533050,171981,32.26,0.78
2320,2021-05-05,PAB,4154,1945,2209,2038,2116,ITH,ITH1,4,Provincia Autonoma Bolzano / Bozen,P.A. Bolzano,533050,176135,33.04,0.78
2321,2021-01-25,PAB,487,183,304,3,484,ITH,ITH1,4,Provincia Autonoma Bolzano / Bozen,P.A. Bolzano,533050,176622,33.13,0.09
2322,2021-03-23,PAB,1552,759,793,1551,1,ITH,ITH1,4,Provincia Autonoma Bolzano / Bozen,P.A. Bolzano,533050,178174,33.43,0.29
2323,2021-04-01,PAB,2786,1407,1379,2642,144,ITH,ITH1,4,Provincia Autonoma Bolzano / Bozen,P.A. Bolzano,533050,180960,33.95,0.52
2324,2021-05-30,PAB,4758,2514,2244,752,4006,ITH,ITH1,4,Provincia Autonoma Bolzano / Bozen,P.A. Bolzano,533050,185718,34.84,0.89
2325,2021-04-03,PAB,831,364,467,22,809,ITH,ITH1,4,Provincia Autonoma Bolzano / Bozen,P.A. Bolzano,533050,186549,35.0,0.16
2326,2021-03-25,PAB,2141,1059,1082,1698,443,ITH,ITH1,4,Provincia Autonoma Bolzano / Bozen,P.A. Bolzano,533050,188690,35.4,0.4
2327,2021-01-02,PAB,91,48,43,91,0,ITH,ITH1,4,Provincia Autonoma Bolzano / Bozen,P.A. Bolzano,533050,188781,35.42,0.02
2328,2021-03-18,PAB,1302,531,771,226,1076,ITH,ITH1,4,Provincia Autonoma Bolzano / Bozen,P.A. Bolzano,533050,190083,35.66,0.24
2329,2021-05-14,PAB,5112,2302,2810,3096,2016,ITH,ITH1,4,Provincia Autonoma Bolzano / Bozen,P.A. Bolzano,533050,195195,36.62,0.96
2330,2021-03-16,PAB,1290,532,758,124,1166,ITH,ITH1,4,Provincia Autonoma Bolzano / Bozen,P.A. Bolzano,533050,196485,36.86,0.24
2331,2021-05-12,PAB,3790,2058,1732,3637,153,ITH,ITH1,4,Provincia Autonoma Bolzano / Bozen,P.A. Bolzano,533050,200275,37.57,0.71
2332,2021-02-01,PAB,1452,440,1012,12,1440,ITH,ITH1,4,Provincia Autonoma Bolzano / Bozen,P.A. Bolzano,533050,201727,37.84,0.27
2333,2021-03-04,PAB,1714,1004,710,1485,229,ITH,ITH1,4,Provincia Autonoma Bolzano / Bozen,P.A. Bolzano,533050,203441,38.17,0.32
2334,2021-05-26,PAB,4911,2474,2437,2959,1952,ITH,ITH1,4,Provincia Autonoma Bolzano / Bozen,P.A. Bolzano,533050,208352,39.09,0.92
2335,2021-05-31,PAB,2987,1464,1523,2120,867,ITH,ITH1,4,Provincia Autonoma Bolzano / Bozen,P.A. Bolzano,533050,211339,39.65,0.56
2336,2021-01-01,PAB,6,5,1,6,0,ITH,ITH1,4,Provincia Autonoma Bolzano / Bozen,P.A. Bolzano,533050,211345,39.65,0.0
2337,2021-06-07,PAB,2877,1487,1390,2568,309,ITH,ITH1,4,Provincia Autonoma Bolzano / Bozen,P.A. Bolzano,533050,214222,40.19,0.54
2338,2021-02-27,PAB,2458,759,1699,2448,10,ITH,ITH1,4,Provincia Autonoma Bolzano / Bozen,P.A. Bolzano,533050,216680,40.65,0.46
2339,2021-02-13,PAB,318,79,239,312,6,ITH,ITH1,4,Provincia Autonoma Bolzano / Bozen,P.A. Bolzano,533050,216998,40.71,0.06
2340,2021-04-11,PAB,2720,1291,1429,2543,177,ITH,ITH1,4,Provincia Autonoma Bolzano / Bozen,P.A. Bolzano,533050,219718,41.22,0.51
2341,2021-05-24,PAB,1443,761,682,1109,334,ITH,ITH1,4,Provincia Autonoma Bolzano / Bozen,P.A. Bolzano,533050,221161,41.49,0.27
2342,2021-02-20,PAB,1802,540,1262,1784,18,ITH,ITH1,4,Provincia Autonoma Bolzano / Bozen,P.A. Bolzano,533050,222963,41.83,0.34
2343,2021-04-18,PAB,3110,1607,1503,2100,1010,ITH,ITH1,4,Provincia Autonoma Bolzano / Bozen,P.A. Bolzano,533050,226073,42.41,0.58
2344,2021-01-15,PAB,3282,1228,2054,3282,0,ITH,ITH1,4,Provincia Autonoma Bolzano / Bozen,P.A. Bolzano,533050,229355,43.03,0.62
2345,2021-06-05,PAB,6065,3021,3044,4970,1095,ITH,ITH1,4,Provincia Autonoma Bolzano / Bozen,P.A. Bolzano,533050,235420,44.16,1.14
2346,2021-04-30,PAB,3337,1592,1745,1562,1775,ITH,ITH1,4,Provincia Autonoma Bolzano / Bozen,P.A. Bolzano,533050,238757,44.79,0.63
2347,2021-01-20,PAB,617,252,365,409,208,ITH,ITH1,4,Provincia Autonoma Bolzano / Bozen,P.A. Bolzano,533050,239374,44.91,0.12
2348,2021-01-06,PAB,59,18,41,59,0,ITH,ITH1,4,Provincia Autonoma Bolzano / Bozen,P.A. Bolzano,533050,239433,44.92,0.01
2349,2021-03-30,PAB,1298,532,766,218,1080,ITH,ITH1,4,Provincia Autonoma Bolzano / Bozen,P.A. Bolzano,533050,240731,45.16,0.24
2350,2021-04-16,PAB,2949,1418,1531,2438,511,ITH,ITH1,4,Provincia Autonoma Bolzano / Bozen,P.A. Bolzano,533050,243680,45.71,0.55
2351,2021-03-11,PAB,1684,825,859,1146,538,ITH,ITH1,4,Provincia Autonoma Bolzano / Bozen,P.A. Bolzano,533050,245364,46.03,0.32
2352,2021-02-25,PAB,1498,549,949,1497,1,ITH,ITH1,4,Provincia Autonoma Bolzano / Bozen,P.A. Bolzano,533050,246862,46.31,0.28
2353,2021-06-02,PAB,1442,809,633,987,455,ITH,ITH1,4,Provincia Autonoma Bolzano / Bozen,P.A. Bolzano,533050,248304,46.58,0.27
2354,2021-03-09,PAB,1194,543,651,1192,2,ITH,ITH1,4,Provincia Autonoma Bolzano / Bozen,P.A. Bolzano,533050,249498,46.81,0.22
2355,2021-05-23,PAB,4337,2303,2034,4329,8,ITH,ITH1,4,Provincia Autonoma Bolzano / Bozen,P.A. Bolzano,533050,253835,47.62,0.81
2356,2021-02-03,PAB,1503,478,1025,5,1498,ITH,ITH1,4,Provincia Autonoma Bolzano / Bozen,P.A. Bolzano,533050,255338,47.9,0.28
2357,2021-02-10,PAB,1635,604,1031,26,1609,ITH,ITH1,4,Provincia Autonoma Bolzano / Bozen,P.A. Bolzano,533050,256973,48.21,0.31
2358,2021-05-21,PAB,6849,3739,3110,5071,1778,ITH,ITH1,4,Provincia Autonoma Bolzano / Bozen,P.A. Bolzano,533050,263822,49.49,1.28
2359,2021-01-27,PAB,84,28,56,1,83,ITH,ITH1,4,Provincia Autonoma Bolzano / Bozen,P.A. Bolzano,533050,263906,49.51,0.02
2360,2021-01-11,PAB,1570,513,1057,1570,0,ITH,ITH1,4,Provincia Autonoma Bolzano / Bozen,P.A. Bolzano,533050,265476,49.8,0.29
2361,2021-04-06,PAB,2250,1118,1132,2147,103,ITH,ITH1,4,Provincia Autonoma Bolzano / Bozen,P.A. Bolzano,533050,267726,50.23,0.42
2362,2021-04-08,PAB,2754,1336,1418,2551,203,ITH,ITH1,4,Provincia Autonoma Bolzano / Bozen,P.A. Bolzano,533050,270480,50.74,0.52
2363,2020-12-27,PAB,144,65,79,144,0,ITH,ITH1,4,Provincia Autonoma Bolzano / Bozen,P.A. Bolzano,533050,270624,50.77,0.03
2364,2021-01-08,PAB,1521,479,1042,1521,0,ITH,ITH1,4,Provincia Autonoma Bolzano / Bozen,P.A. Bolzano,533050,272145,51.05,0.29
2365,2021-03-20,PAB,1757,848,909,1132,625,ITH,ITH1,4,Provincia Autonoma Bolzano / Bozen,P.A. Bolzano,533050,273902,51.38,0.33
2366,2021-05-22,PAB,6821,3552,3269,4654,2167,ITH,ITH1,4,Provincia Autonoma Bolzano / Bozen,P.A. Bolzano,533050,280723,52.66,1.28
2367,2021-02-11,PAB,1093,431,662,239,854,ITH,ITH1,4,Provincia Autonoma Bolzano / Bozen,P.A. Bolzano,533050,281816,52.87,0.21
2368,2021-02-18,PAB,1839,457,1382,1832,7,ITH,ITH1,4,Provincia Autonoma Bolzano / Bozen,P.A. Bolzano,533050,283655,53.21,0.34
2369,2020-12-30,PAB,388,182,206,388,0,ITH,ITH1,4,Provincia Autonoma Bolzano / Bozen,P.A. Bolzano,533050,284043,53.29,0.07
2370,2021-02-08,PAB,2,1,1,1,1,ITH,ITH1,4,Provincia Autonoma Bolzano / Bozen,P.A. Bolzano,533050,284045,53.29,0.0
2371,2021-05-19,PAB,3610,1836,1774,1837,1773,ITH,ITH1,4,Provincia Autonoma Bolzano / Bozen,P.A. Bolzano,533050,287655,53.96,0.68
2372,2021-01-03,PAB,41,16,25,41,0,ITH,ITH1,4,Provincia Autonoma Bolzano / Bozen,P.A. Bolzano,533050,287696,53.97,0.01
2373,2021-04-13,PAB,2391,1130,1261,2384,7,ITH,ITH1,4,Provincia Autonoma Bolzano / Bozen,P.A. Bolzano,533050,290087,54.42,0.45
2374,2021-02-22,PAB,526,143,383,514,12,ITH,ITH1,4,Provincia Autonoma Bolzano / Bozen,P.A. Bolzano,533050,290613,54.52,0.1
2375,2021-02-15,PAB,72,42,30,26,46,ITH,ITH1,4,Provincia Autonoma Bolzano / Bozen,P.A. Bolzano,533050,290685,54.53,0.01
2376,2021-05-11,PAB,2842,1334,1508,1320,1522,ITH,ITH1,4,Provincia Autonoma Bolzano / Bozen,P.A. Bolzano,533050,293527,55.07,0.53
2377,2021-01-29,PAB,1497,510,987,24,1473,ITH,ITH1,4,Provincia Autonoma Bolzano / Bozen,P.A. Bolzano,533050,295024,55.35,0.28
2378,2021-04-22,PAB,2923,1500,1423,1981,942,ITH,ITH1,4,Provincia Autonoma Bolzano / Bozen,P.A. Bolzano,533050,297947,55.89,0.55
2379,2021-05-09,PAB,4234,2405,1829,3081,1153,ITH,ITH1,4,Provincia Autonoma Bolzano / Bozen,P.A. Bolzano,533050,302181,56.69,0.79
2380,2021-03-06,PAB,3973,2081,1892,3762,211,ITH,ITH1,4,Provincia Autonoma Bolzano / Bozen,P.A. Bolzano,533050,306154,57.43,0.75
2381,2021-05-16,PAB,2024,931,1093,1330,694,ITH,ITH1,4,Provincia Autonoma Bolzano / Bozen,P.A. Bolzano,533050,308178,57.81,0.38
2382,2021-05-28,PAB,5639,2862,2777,3788,1851,ITH,ITH1,4,Provincia Autonoma Bolzano / Bozen,P.A. Bolzano,533050,313817,58.87,1.06
2383,2021-02-17,PAB,156,51,105,139,17,ITH,ITH1,4,Provincia Autonoma Bolzano / Bozen,P.A. Bolzano,533050,313973,58.9,0.03
2384,2021-03-01,PAB,922,221,701,921,1,ITH,ITH1,4,Provincia Autonoma Bolzano / Bozen,P.A. Bolzano,533050,314895,59.07,0.17
2385,2021-03-15,PAB,1192,451,741,710,482,ITH,ITH1,4,Provincia Autonoma Bolzano / Bozen,P.A. Bolzano,533050,316087,59.3,0.22
2386,2021-04-27,PAB,2226,1013,1213,1150,1076,ITH,ITH1,4,Provincia Autonoma Bolzano / Bozen,P.A. Bolzano,533050,318313,59.72,0.42
2387,2021-01-17,PAB,2328,1044,1284,2317,11,ITH,ITH1,4,Provincia Autonoma Bolzano / Bozen,P.A. Bolzano,533050,320641,60.15,0.44
2388,2021-04-20,PAB,1561,784,777,1560,1,ITH,ITH1,4,Provincia Autonoma Bolzano / Bozen,P.A. Bolzano,533050,322202,60.44,0.29
2389,2021-01-10,PAB,2,2,0,2,0,ITH,ITH1,4,Provincia Autonoma Bolzano / Bozen,P.A. Bolzano,533050,322204,60.45,0.0
2390,2021-03-08,PAB,1210,534,676,1183,27,ITH,ITH1,4,Provincia Autonoma Bolzano / Bozen,P.A. Bolzano,533050,323414,60.67,0.23
2391,2021-05-04,PAB,3448,1843,1605,2411,1037,ITH,ITH1,4,Provincia Autonoma Bolzano / Bozen,P.A. Bolzano,533050,326862,61.32,0.65
2392,2021-02-06,PAB,2626,1171,1455,19,2607,ITH,ITH1,4,Provincia Autonoma Bolzano / Bozen,P.A. Bolzano,533050,329488,61.81,0.49
2393,2021-03-28,PAB,569,212,357,11,558,ITH,ITH1,4,Provincia Autonoma Bolzano / Bozen,P.A. Bolzano,533050,330057,61.92,0.11
2394,2021-06-04,PAB,6432,3214,3218,4925,1507,ITH,ITH1,4,Provincia Autonoma Bolzano / Bozen,P.A. Bolzano,533050,336489,63.13,1.21
2395,2021-02-24,PAB,1367,406,961,1355,12,ITH,ITH1,4,Provincia Autonoma Bolzano / Bozen,P.A. Bolzano,533050,337856,63.38,0.26
2396,2021-03-27,PAB,3050,1553,1497,1543,1507,ITH,ITH1,4,Provincia Autonoma Bolzano / Bozen,P.A. Bolzano,533050,340906,63.95,0.57
2397,2021-03-13,PAB,2885,1459,1426,2784,101,ITH,ITH1,4,Provincia Autonoma Bolzano / Bozen,P.A. Bolzano,533050,343791,64.5,0.54
2398,2021-02-05,PAB,3195,1181,2014,8,3187,ITH,ITH1,4,Provincia Autonoma Bolzano / Bozen,P.A. Bolzano,533050,346986,65.09,0.6
2399,2021-04-15,PAB,4399,2307,2092,4136,263,ITH,ITH1,4,Provincia Autonoma Bolzano / Bozen,P.A. Bolzano,533050,351385,65.92,0.83
2400,2021-05-02,PAB,2457,1288,1169,1536,921,ITH,ITH1,4,Provincia Autonoma Bolzano / Bozen,P.A. Bolzano,533050,353842,66.38,0.46
2401,2021-01-22,PAB,248,143,105,124,124,ITH,ITH1,4,Provincia Autonoma Bolzano / Bozen,P.A. Bolzano,533050,354090,66.43,0.05
2402,2021-04-15,VDA,810,377,433,671,139,ITC,ITC2,2,Valle d'Aosta / Vallée d'Aoste,Valle d'Aosta,125666,810,0.64,0.64
2403,2021-04-13,VDA,373,171,202,329,44,ITC,ITC2,2,Valle d'Aosta / Vallée d'Aoste,Valle d'Aosta,125666,1183,0.94,0.3
2404,2021-03-27,VDA,333,164,169,302,31,ITC,ITC2,2,Valle d'Aosta / Vallée d'Aoste,Valle d'Aosta,125666,1516,1.21,0.26
2405,2021-02-03,VDA,351,114,237,14,337,ITC,ITC2,2,Valle d'Aosta / Vallée d'Aoste,Valle d'Aosta,125666,1867,1.49,0.28
2406,2021-04-01,VDA,776,394,382,764,12,ITC,ITC2,2,Valle d'Aosta / Vallée d'Aoste,Valle d'Aosta,125666,2643,2.1,0.62
2407,2021-02-24,VDA,183,82,101,164,19,ITC,ITC2,2,Valle d'Aosta / Vallée d'Aoste,Valle d'Aosta,125666,2826,2.25,0.15
2408,2021-04-08,VDA,584,282,302,441,143,ITC,ITC2,2,Valle d'Aosta / Vallée d'Aoste,Valle d'Aosta,125666,3410,2.71,0.46
2409,2021-05-30,VDA,865,429,436,694,171,ITC,ITC2,2,Valle d'Aosta / Vallée d'Aoste,Valle d'Aosta,125666,4275,3.4,0.69
2410,2021-05-28,VDA,975,414,561,563,412,ITC,ITC2,2,Valle d'Aosta / Vallée d'Aoste,Valle d'Aosta,125666,5250,4.18,0.78
2411,2021-02-17,VDA,327,144,183,227,100,ITC,ITC2,2,Valle d'Aosta / Vallée d'Aoste,Valle d'Aosta,125666,5577,4.44,0.26
2412,2021-02-10,VDA,248,77,171,141,107,ITC,ITC2,2,Valle d'Aosta / Vallée d'Aoste,Valle d'Aosta,125666,5825,4.64,0.2
2413,2021-05-02,VDA,765,345,420,605,160,ITC,ITC2,2,Valle d'Aosta / Vallée d'Aoste,Valle d'Aosta,125666,6590,5.24,0.61
2414,2021-01-22,VDA,56,21,35,20,36,ITC,ITC2,2,Valle d'Aosta / Vallée d'Aoste,Valle d'Aosta,125666,6646,5.29,0.04
2415,2021-01-08,VDA,299,130,169,299,0,ITC,ITC2,2,Valle d'Aosta / Vallée d'Aoste,Valle d'Aosta,125666,6945,5.53,0.24
2416,2021-03-06,VDA,22,4,18,22,0,ITC,ITC2,2,Valle d'Aosta / Vallée d'Aoste,Valle d'Aosta,125666,6967,5.54,0.02
2417,2021-03-13,VDA,147,88,59,147,0,ITC,ITC2,2,Valle d'Aosta / Vallée d'Aoste,Valle d'Aosta,125666,7114,5.66,0.12
2418,2021-02-05,VDA,294,102,192,101,193,ITC,ITC2,2,Valle d'Aosta / Vallée d'Aoste,Valle d'Aosta,125666,7408,5.89,0.23
2419,2021-02-22,VDA,316,94,222,213,103,ITC,ITC2,2,Valle d'Aosta / Vallée d'Aoste,Valle d'Aosta,125666,7724,6.15,0.25
2420,2021-05-16,VDA,688,341,347,347,341,ITC,ITC2,2,Valle d'Aosta / Vallée d'Aoste,Valle d'Aosta,125666,8412,6.69,0.55
2421,2021-06-04,VDA,908,383,525,474,434,ITC,ITC2,2,Valle d'Aosta / Vallée d'Aoste,Valle d'Aosta,125666,9320,7.42,0.72
2422,2021-03-08,VDA,482,231,251,237,245,ITC,ITC2,2,Valle d'Aosta / Vallée d'Aoste,Valle d'Aosta,125666,9802,7.8,0.38
2423,2021-05-04,VDA,1135,510,625,462,673,ITC,ITC2,2,Valle d'Aosta / Vallée d'Aoste,Valle d'Aosta,125666,10937,8.7,0.9
2424,2021-03-15,VDA,362,123,239,159,203,ITC,ITC2,2,Valle d'Aosta / Vallée d'Aoste,Valle d'Aosta,125666,11299,8.99,0.29
2425,2021-05-11,VDA,647,325,322,496,151,ITC,ITC2,2,Valle d'Aosta / Vallée d'Aoste,Valle d'Aosta,125666,11946,9.51,0.51
2426,2021-04-27,VDA,978,423,555,686,292,ITC,ITC2,2,Valle d'Aosta / Vallée d'Aoste,Valle d'Aosta,125666,12924,10.28,0.78
2427,2021-01-17,VDA,131,56,75,131,0,ITC,ITC2,2,Valle d'Aosta / Vallée d'Aoste,Valle d'Aosta,125666,13055,10.39,0.1
2428,2021-01-27,VDA,151,71,80,79,72,ITC,ITC2,2,Valle d'Aosta / Vallée d'Aoste,Valle d'Aosta,125666,13206,10.51,0.12
2429,2021-04-20,VDA,932,430,502,738,194,ITC,ITC2,2,Valle d'Aosta / Vallée d'Aoste,Valle d'Aosta,125666,14138,11.25,0.74
2430,2021-01-10,VDA,220,71,149,220,0,ITC,ITC2,2,Valle d'Aosta / Vallée d'Aoste,Valle d'Aosta,125666,14358,11.43,0.18
2431,2020-12-27,VDA,20,9,11,20,0,ITC,ITC2,2,Valle d'Aosta / Vallée d'Aoste,Valle d'Aosta,125666,14378,11.44,0.02
2432,2021-03-01,VDA,181,66,115,147,34,ITC,ITC2,2,Valle d'Aosta / Vallée d'Aoste,Valle d'Aosta,125666,14559,11.59,0.14
2433,2021-02-15,VDA,264,136,128,229,35,ITC,ITC2,2,Valle d'Aosta / Vallée d'Aoste,Valle d'Aosta,125666,14823,11.8,0.21
2434,2021-04-03,VDA,676,341,335,661,15,ITC,ITC2,2,Valle d'Aosta / Vallée d'Aoste,Valle d'Aosta,125666,15499,12.33,0.54
2435,2021-03-20,VDA,208,86,122,172,36,ITC,ITC2,2,Valle d'Aosta / Vallée d'Aoste,Valle d'Aosta,125666,15707,12.5,0.17
2436,2021-05-23,VDA,999,465,534,658,341,ITC,ITC2,2,Valle d'Aosta / Vallée d'Aoste,Valle d'Aosta,125666,16706,13.29,0.79
2437,2021-01-29,VDA,318,138,180,2,316,ITC,ITC2,2,Valle d'Aosta / Vallée d'Aoste,Valle d'Aosta,125666,17024,13.55,0.25
2438,2021-04-22,VDA,1067,449,618,684,383,ITC,ITC2,2,Valle d'Aosta / Vallée d'Aoste,Valle d'Aosta,125666,18091,14.4,0.85
2439,2021-05-09,VDA,574,287,287,444,130,ITC,ITC2,2,Valle d'Aosta / Vallée d'Aoste,Valle d'Aosta,125666,18665,14.85,0.46
2440,2021-03-29,VDA,493,233,260,453,40,ITC,ITC2,2,Valle d'Aosta / Vallée d'Aoste,Valle d'Aosta,125666,19158,15.25,0.39
2441,2021-03-12,VDA,531,175,356,305,226,ITC,ITC2,2,Valle d'Aosta / Vallée d'Aoste,Valle d'Aosta,125666,19689,15.67,0.42
2442,2021-03-10,VDA,438,183,255,225,213,ITC,ITC2,2,Valle d'Aosta / Vallée d'Aoste,Valle d'Aosta,125666,20127,16.02,0.35
2443,2021-02-21,VDA,18,3,15,0,18,ITC,ITC2,2,Valle d'Aosta / Vallée d'Aoste,Valle d'Aosta,125666,20145,16.03,0.01
2444,2021-06-08,VDA,712,356,356,679,33,ITC,ITC2,2,Valle d'Aosta / Vallée d'Aoste,Valle d'Aosta,125666,20857,16.6,0.57
2445,2021-02-26,VDA,207,58,149,122,85,ITC,ITC2,2,Valle d'Aosta / Vallée d'Aoste,Valle d'Aosta,125666,21064,16.76,0.16
2446,2021-04-10,VDA,404,190,214,399,5,ITC,ITC2,2,Valle d'Aosta / Vallée d'Aoste,Valle d'Aosta,125666,21468,17.08,0.32
2447,2020-12-31,VDA,18,4,14,18,0,ITC,ITC2,2,Valle d'Aosta / Vallée d'Aoste,Valle d'Aosta,125666,21486,17.1,0.01
2448,2021-06-06,VDA,1160,582,578,787,373,ITC,ITC2,2,Valle d'Aosta / Vallée d'Aoste,Valle d'Aosta,125666,22646,18.02,0.92
2449,2021-03-25,VDA,389,154,235,379,10,ITC,ITC2,2,Valle d'Aosta / Vallée d'Aoste,Valle d'Aosta,125666,23035,18.33,0.31
2450,2021-05-21,VDA,917,433,484,531,386,ITC,ITC2,2,Valle d'Aosta / Vallée d'Aoste,Valle d'Aosta,125666,23952,19.06,0.73
2451,2021-04-17,VDA,638,407,231,636,2,ITC,ITC2,2,Valle d'Aosta / Vallée d'Aoste,Valle d'Aosta,125666,24590,19.57,0.51
2452,2021-01-07,VDA,276,111,165,276,0,ITC,ITC2,2,Valle d'Aosta / Vallée d'Aoste,Valle d'Aosta,125666,24866,19.79,0.22
2453,2021-02-19,VDA,292,102,190,268,24,ITC,ITC2,2,Valle d'Aosta / Vallée d'Aoste,Valle d'Aosta,125666,25158,20.02,0.23
2454,2021-01-05,VDA,150,54,96,150,0,ITC,ITC2,2,Valle d'Aosta / Vallée d'Aoste,Valle d'Aosta,125666,25308,20.14,0.12
2455,2021-01-14,VDA,237,69,168,237,0,ITC,ITC2,2,Valle d'Aosta / Vallée d'Aoste,Valle d'Aosta,125666,25545,20.33,0.19
2456,2021-04-24,VDA,722,400,322,555,167,ITC,ITC2,2,Valle d'Aosta / Vallée d'Aoste,Valle d'Aosta,125666,26267,20.9,0.57
2457,2021-04-19,VDA,751,325,426,542,209,ITC,ITC2,2,Valle d'Aosta / Vallée d'Aoste,Valle d'Aosta,125666,27018,21.5,0.6
2458,2021-01-15,VDA,218,82,136,218,0,ITC,ITC2,2,Valle d'Aosta / Vallée d'Aoste,Valle d'Aosta,125666,27236,21.67,0.17
2459,2021-03-31,VDA,555,302,253,529,26,ITC,ITC2,2,Valle d'Aosta / Vallée d'Aoste,Valle d'Aosta,125666,27791,22.11,0.44
2460,2021-05-27,VDA,1089,497,592,586,503,ITC,ITC2,2,Valle d'Aosta / Vallée d'Aoste,Valle d'Aosta,125666,28880,22.98,0.87
2461,2021-05-13,VDA,1139,556,583,540,599,ITC,ITC2,2,Valle d'Aosta / Vallée d'Aoste,Valle d'Aosta,125666,30019,23.89,0.91
2462,2021-02-02,VDA,272,70,202,2,270,ITC,ITC2,2,Valle d'Aosta / Vallée d'Aoste,Valle d'Aosta,125666,30291,24.1,0.22
2463,2021-05-20,VDA,807,363,444,367,440,ITC,ITC2,2,Valle d'Aosta / Vallée d'Aoste,Valle d'Aosta,125666,31098,24.75,0.64
2464,2021-03-24,VDA,515,230,285,258,257,ITC,ITC2,2,Valle d'Aosta / Vallée d'Aoste,Valle d'Aosta,125666,31613,25.16,0.41
2465,2021-05-06,VDA,1063,509,554,679,384,ITC,ITC2,2,Valle d'Aosta / Vallée d'Aoste,Valle d'Aosta,125666,32676,26.0,0.85
2466,2021-01-19,VDA,256,77,179,256,0,ITC,ITC2,2,Valle d'Aosta / Vallée d'Aoste,Valle d'Aosta,125666,32932,26.21,0.2
2467,2021-04-12,VDA,486,186,300,323,163,ITC,ITC2,2,Valle d'Aosta / Vallée d'Aoste,Valle d'Aosta,125666,33418,26.59,0.39
2468,2021-04-29,VDA,1291,634,657,757,534,ITC,ITC2,2,Valle d'Aosta / Vallée d'Aoste,Valle d'Aosta,125666,34709,27.62,1.03
2469,2021-05-18,VDA,969,484,485,353,616,ITC,ITC2,2,Valle d'Aosta / Vallée d'Aoste,Valle d'Aosta,125666,35678,28.39,0.77
2470,2021-02-07,VDA,292,120,172,190,102,ITC,ITC2,2,Valle d'Aosta / Vallée d'Aoste,Valle d'Aosta,125666,35970,28.62,0.23
2471,2021-01-31,VDA,291,91,200,58,233,ITC,ITC2,2,Valle d'Aosta / Vallée d'Aoste,Valle d'Aosta,125666,36261,28.86,0.23
2472,2021-03-17,VDA,433,185,248,273,160,ITC,ITC2,2,Valle d'Aosta / Vallée d'Aoste,Valle d'Aosta,125666,36694,29.2,0.34
2473,2021-03-03,VDA,255,118,137,187,68,ITC,ITC2,2,Valle d'Aosta / Vallée d'Aoste,Valle d'Aosta,125666,36949,29.4,0.2
2474,2021-01-26,VDA,139,48,91,0,139,ITC,ITC2,2,Valle d'Aosta / Vallée d'Aoste,Valle d'Aosta,125666,37088,29.51,0.11
2475,2021-02-12,VDA,263,96,167,217,46,ITC,ITC2,2,Valle d'Aosta / Vallée d'Aoste,Valle d'Aosta,125666,37351,29.72,0.21
2476,2021-01-12,VDA,302,72,230,302,0,ITC,ITC2,2,Valle d'Aosta / Vallée d'Aoste,Valle d'Aosta,125666,37653,29.96,0.24
2477,2021-05-25,VDA,1115,530,585,541,574,ITC,ITC2,2,Valle d'Aosta / Vallée d'Aoste,Valle d'Aosta,125666,38768,30.85,0.89
2478,2021-02-14,VDA,48,16,32,1,47,ITC,ITC2,2,Valle d'Aosta / Vallée d'Aoste,Valle d'Aosta,125666,38816,30.89,0.04
2479,2021-05-08,VDA,904,540,364,526,378,ITC,ITC2,2,Valle d'Aosta / Vallée d'Aoste,Valle d'Aosta,125666,39720,31.61,0.72
2480,2021-04-05,VDA,461,222,239,457,4,ITC,ITC2,2,Valle d'Aosta / Vallée d'Aoste,Valle d'Aosta,125666,40181,31.97,0.37
2481,2021-06-01,VDA,871,469,402,518,353,ITC,ITC2,2,Valle d'Aosta / Vallée d'Aoste,Valle d'Aosta,125666,41052,32.67,0.69
2482,2021-02-23,VDA,216,123,93,216,0,ITC,ITC2,2,Valle d'Aosta / Vallée d'Aoste,Valle d'Aosta,125666,41268,32.84,0.17
2483,2021-06-03,VDA,1305,666,639,896,409,ITC,ITC2,2,Valle d'Aosta / Vallée d'Aoste,Valle d'Aosta,125666,42573,33.88,1.04
2484,2021-05-17,VDA,809,417,392,375,434,ITC,ITC2,2,Valle d'Aosta / Vallée d'Aoste,Valle d'Aosta,125666,43382,34.52,0.64
2485,2021-03-05,VDA,275,124,151,53,222,ITC,ITC2,2,Valle d'Aosta / Vallée d'Aoste,Valle d'Aosta,125666,43657,34.74,0.22
2486,2021-02-28,VDA,260,86,174,77,183,ITC,ITC2,2,Valle d'Aosta / Vallée d'Aoste,Valle d'Aosta,125666,43917,34.95,0.21
2487,2021-05-05,VDA,1038,566,472,456,582,ITC,ITC2,2,Valle d'Aosta / Vallée d'Aoste,Valle d'Aosta,125666,44955,35.77,0.83
2488,2021-05-03,VDA,839,400,439,488,351,ITC,ITC2,2,Valle d'Aosta / Vallée d'Aoste,Valle d'Aosta,125666,45794,36.44,0.67
2489,2021-03-07,VDA,64,30,34,11,53,ITC,ITC2,2,Valle d'Aosta / Vallée d'Aoste,Valle d'Aosta,125666,45858,36.49,0.05
2490,2021-01-30,VDA,439,202,237,14,425,ITC,ITC2,2,Valle d'Aosta / Vallée d'Aoste,Valle d'Aosta,125666,46297,36.84,0.35
2491,2021-01-25,VDA,147,65,82,0,147,ITC,ITC2,2,Valle d'Aosta / Vallée d'Aoste,Valle d'Aosta,125666,46444,36.96,0.12
2492,2021-05-14,VDA,960,442,518,291,669,ITC,ITC2,2,Valle d'Aosta / Vallée d'Aoste,Valle d'Aosta,125666,47404,37.72,0.76
2493,2021-01-16,VDA,236,80,156,236,0,ITC,ITC2,2,Valle d'Aosta / Vallée d'Aoste,Valle d'Aosta,125666,47640,37.91,0.19
2494,2021-03-14,VDA,392,200,192,392,0,ITC,ITC2,2,Valle d'Aosta / Vallée d'Aoste,Valle d'Aosta,125666,48032,38.22,0.31
2495,2021-04-26,VDA,715,327,388,545,170,ITC,ITC2,2,Valle d'Aosta / Vallée d'Aoste,Valle d'Aosta,125666,48747,38.79,0.57
2496,2021-01-09,VDA,443,199,244,443,0,ITC,ITC2,2,Valle d'Aosta / Vallée d'Aoste,Valle d'Aosta,125666,49190,39.14,0.35
2497,2021-05-01,VDA,940,563,377,456,484,ITC,ITC2,2,Valle d'Aosta / Vallée d'Aoste,Valle d'Aosta,125666,50130,39.89,0.75
2498,2021-04-14,VDA,941,430,511,717,224,ITC,ITC2,2,Valle d'Aosta / Vallée d'Aoste,Valle d'Aosta,125666,51071,40.64,0.75
2499,2021-01-02,VDA,6,5,1,6,0,ITC,ITC2,2,Valle d'Aosta / Vallée d'Aoste,Valle d'Aosta,125666,51077,40.65,0.0
2500,2021-03-26,VDA,498,204,294,491,7,ITC,ITC2,2,Valle d'Aosta / Vallée d'Aoste,Valle d'Aosta,125666,51575,41.04,0.4
2501,2021-01-21,VDA,33,12,21,33,0,ITC,ITC2,2,Valle d'Aosta / Vallée d'Aoste,Valle d'Aosta,125666,51608,41.07,0.03
2502,2021-02-16,VDA,325,53,272,320,5,ITC,ITC2,2,Valle d'Aosta / Vallée d'Aoste,Valle d'Aosta,125666,51933,41.33,0.26
2503,2021-04-07,VDA,910,474,436,681,229,ITC,ITC2,2,Valle d'Aosta / Vallée d'Aoste,Valle d'Aosta,125666,52843,42.05,0.72
2504,2021-02-09,VDA,251,84,167,68,183,ITC,ITC2,2,Valle d'Aosta / Vallée d'Aoste,Valle d'Aosta,125666,53094,42.25,0.2
2505,2021-04-18,VDA,522,254,268,518,4,ITC,ITC2,2,Valle d'Aosta / Vallée d'Aoste,Valle d'Aosta,125666,53616,42.67,0.42
2506,2021-05-31,VDA,879,395,484,500,379,ITC,ITC2,2,Valle d'Aosta / Vallée d'Aoste,Valle d'Aosta,125666,54495,43.36,0.7
2507,2021-01-28,VDA,291,123,168,56,235,ITC,ITC2,2,Valle d'Aosta / Vallée d'Aoste,Valle d'Aosta,125666,54786,43.6,0.23
2508,2021-02-08,VDA,223,83,140,25,198,ITC,ITC2,2,Valle d'Aosta / Vallée d'Aoste,Valle d'Aosta,125666,55009,43.77,0.18
2509,2021-03-23,VDA,379,150,229,245,134,ITC,ITC2,2,Valle d'Aosta / Vallée d'Aoste,Valle d'Aosta,125666,55388,44.08,0.3
2510,2021-05-19,VDA,993,498,495,418,575,ITC,ITC2,2,Valle d'Aosta / Vallée d'Aoste,Valle d'Aosta,125666,56381,44.87,0.79
2511,2021-02-01,VDA,404,127,277,87,317,ITC,ITC2,2,Valle d'Aosta / Vallée d'Aoste,Valle d'Aosta,125666,56785,45.19,0.32
2512,2021-03-30,VDA,402,223,179,382,20,ITC,ITC2,2,Valle d'Aosta / Vallée d'Aoste,Valle d'Aosta,125666,57187,45.51,0.32
2513,2021-05-12,VDA,1138,549,589,468,670,ITC,ITC2,2,Valle d'Aosta / Vallée d'Aoste,Valle d'Aosta,125666,58325,46.41,0.91
2514,2021-05-15,VDA,1065,614,451,380,685,ITC,ITC2,2,Valle d'Aosta / Vallée d'Aoste,Valle d'Aosta,125666,59390,47.26,0.85
2515,2021-02-04,VDA,294,86,208,8,286,ITC,ITC2,2,Valle d'Aosta / Vallée d'Aoste,Valle d'Aosta,125666,59684,47.49,0.23
2516,2021-04-28,VDA,1218,632,586,715,503,ITC,ITC2,2,Valle d'Aosta / Vallée d'Aoste,Valle d'Aosta,125666,60902,48.46,0.97
2517,2021-02-06,VDA,289,104,185,92,197,ITC,ITC2,2,Valle d'Aosta / Vallée d'Aoste,Valle d'Aosta,125666,61191,48.69,0.23
2518,2021-04-30,VDA,831,355,476,485,346,ITC,ITC2,2,Valle d'Aosta / Vallée d'Aoste,Valle d'Aosta,125666,62022,49.35,0.66
2519,2021-01-20,VDA,23,8,15,23,0,ITC,ITC2,2,Valle d'Aosta / Vallée d'Aoste,Valle d'Aosta,125666,62045,49.37,0.02
2520,2021-04-25,VDA,849,408,441,710,139,ITC,ITC2,2,Valle d'Aosta / Vallée d'Aoste,Valle d'Aosta,125666,62894,50.05,0.68
2521,2021-06-07,VDA,710,347,363,649,61,ITC,ITC2,2,Valle d'Aosta / Vallée d'Aoste,Valle d'Aosta,125666,63604,50.61,0.56
2522,2021-02-27,VDA,231,85,146,124,107,ITC,ITC2,2,Valle d'Aosta / Vallée d'Aoste,Valle d'Aosta,125666,63835,50.8,0.18
2523,2021-01-18,VDA,213,74,139,213,0,ITC,ITC2,2,Valle d'Aosta / Vallée d'Aoste,Valle d'Aosta,125666,64048,50.97,0.17
2524,2021-04-11,VDA,479,208,271,479,0,ITC,ITC2,2,Valle d'Aosta / Vallée d'Aoste,Valle d'Aosta,125666,64527,51.35,0.38
2525,2021-03-22,VDA,560,205,355,333,227,ITC,ITC2,2,Valle d'Aosta / Vallée d'Aoste,Valle d'Aosta,125666,65087,51.79,0.45
2526,2021-06-05,VDA,925,476,449,737,188,ITC,ITC2,2,Valle d'Aosta / Vallée d'Aoste,Valle d'Aosta,125666,66012,52.53,0.74
2527,2021-02-11,VDA,231,107,124,222,9,ITC,ITC2,2,Valle d'Aosta / Vallée d'Aoste,Valle d'Aosta,125666,66243,52.71,0.18
2528,2021-04-09,VDA,237,111,126,204,33,ITC,ITC2,2,Valle d'Aosta / Vallée d'Aoste,Valle d'Aosta,125666,66480,52.9,0.19
2529,2021-05-22,VDA,940,494,446,540,400,ITC,ITC2,2,Valle d'Aosta / Vallée d'Aoste,Valle d'Aosta,125666,67420,53.65,0.75
2530,2021-04-16,VDA,599,261,338,597,2,ITC,ITC2,2,Valle d'Aosta / Vallée d'Aoste,Valle d'Aosta,125666,68019,54.13,0.48
2531,2021-04-02,VDA,873,344,529,648,225,ITC,ITC2,2,Valle d'Aosta / Vallée d'Aoste,Valle d'Aosta,125666,68892,54.82,0.69
2532,2021-05-29,VDA,798,434,364,561,237,ITC,ITC2,2,Valle d'Aosta / Vallée d'Aoste,Valle d'Aosta,125666,69690,55.46,0.64
2533,2021-03-19,VDA,322,85,237,286,36,ITC,ITC2,2,Valle d'Aosta / Vallée d'Aoste,Valle d'Aosta,125666,70012,55.71,0.26
2534,2021-05-07,VDA,564,245,319,533,31,ITC,ITC2,2,Valle d'Aosta / Vallée d'Aoste,Valle d'Aosta,125666,70576,56.16,0.45
2535,2021-04-23,VDA,921,443,478,538,383,ITC,ITC2,2,Valle d'Aosta / Vallée d'Aoste,Valle d'Aosta,125666,71497,56.89,0.73
2536,2021-01-13,VDA,337,110,227,337,0,ITC,ITC2,2,Valle d'Aosta / Vallée d'Aoste,Valle d'Aosta,125666,71834,57.16,0.27
2537,2021-04-06,VDA,741,381,360,629,112,ITC,ITC2,2,Valle d'Aosta / Vallée d'Aoste,Valle d'Aosta,125666,72575,57.75,0.59
2538,2021-03-18,VDA,136,43,93,99,37,ITC,ITC2,2,Valle d'Aosta / Vallée d'Aoste,Valle d'Aosta,125666,72711,57.86,0.11
2539,2021-03-04,VDA,291,139,152,42,249,ITC,ITC2,2,Valle d'Aosta / Vallée d'Aoste,Valle d'Aosta,125666,73002,58.09,0.23
2540,2021-01-04,VDA,142,59,83,142,0,ITC,ITC2,2,Valle d'Aosta / Vallée d'Aoste,Valle d'Aosta,125666,73144,58.21,0.11
2541,2021-03-28,VDA,522,212,310,521,1,ITC,ITC2,2,Valle d'Aosta / Vallée d'Aoste,Valle d'Aosta,125666,73666,58.62,0.42
2542,2021-03-11,VDA,197,76,121,66,131,ITC,ITC2,2,Valle d'Aosta / Vallée d'Aoste,Valle d'Aosta,125666,73863,58.78,0.16
2543,2021-06-02,VDA,1215,688,527,814,401,ITC,ITC2,2,Valle d'Aosta / Vallée d'Aoste,Valle d'Aosta,125666,75078,59.74,0.97
2544,2021-03-09,VDA,206,96,110,174,32,ITC,ITC2,2,Valle d'Aosta / Vallée d'Aoste,Valle d'Aosta,125666,75284,59.91,0.16
2545,2021-02-20,VDA,251,210,41,241,10,ITC,ITC2,2,Valle d'Aosta / Vallée d'Aoste,Valle d'Aosta,125666,75535,60.11,0.2
2546,2021-05-26,VDA,1209,587,622,576,633,ITC,ITC2,2,Valle d'Aosta / Vallée d'Aoste,Valle d'Aosta,125666,76744,61.07,0.96
2547,2021-03-16,VDA,180,37,143,118,62,ITC,ITC2,2,Valle d'Aosta / Vallée d'Aoste,Valle d'Aosta,125666,76924,61.21,0.14
2548,2021-02-25,VDA,201,101,100,194,7,ITC,ITC2,2,Valle d'Aosta / Vallée d'Aoste,Valle d'Aosta,125666,77125,61.37,0.16
2549,2021-01-06,VDA,65,33,32,65,0,ITC,ITC2,2,Valle d'Aosta / Vallée d'Aoste,Valle d'Aosta,125666,77190,61.42,0.05
2550,2021-02-18,VDA,349,153,196,261,88,ITC,ITC2,2,Valle d'Aosta / Vallée d'Aoste,Valle d'Aosta,125666,77539,61.7,0.28
2551,2021-05-24,VDA,1135,516,619,688,447,ITC,ITC2,2,Valle d'Aosta / Vallée d'Aoste,Valle d'Aosta,125666,78674,62.61,0.9
2552,2021-05-10,VDA,782,381,401,547,235,ITC,ITC2,2,Valle d'Aosta / Vallée d'Aoste,Valle d'Aosta,125666,79456,63.23,0.62
2553,2021-04-21,VDA,868,410,458,620,248,ITC,ITC2,2,Valle d'Aosta / Vallée d'Aoste,Valle d'Aosta,125666,80324,63.92,0.69
2554,2021-03-21,VDA,355,165,190,355,0,ITC,ITC2,2,Valle d'Aosta / Vallée d'Aoste,Valle d'Aosta,125666,80679,64.2,0.28
2555,2021-03-02,VDA,339,166,173,336,3,ITC,ITC2,2,Valle d'Aosta / Vallée d'Aoste,Valle d'Aosta,125666,81018,64.47,0.27
2556,2021-01-11,VDA,325,112,213,325,0,ITC,ITC2,2,Valle d'Aosta / Vallée d'Aoste,Valle d'Aosta,125666,81343,64.73,0.26
2557,2021-04-04,VDA,572,253,319,571,1,ITC,ITC2,2,Valle d'Aosta / Vallée d'Aoste,Valle d'Aosta,125666,81915,65.18,0.46
2558,2021-02-13,VDA,216,196,20,215,1,ITC,ITC2,2,Valle d'Aosta / Vallée d'Aoste,Valle d'Aosta,125666,82131,65.36,0.17
2559,2021-06-05,LOM,101834,52681,49153,92322,9512,ITC,ITC4,3,Lombardia,Lombardia,10060574,101834,1.01,1.01
2560,2021-03-14,LOM,14872,5348,9524,11589,3283,ITC,ITC4,3,Lombardia,Lombardia,10060574,116706,1.16,0.15
2561,2021-02-23,LOM,11791,4797,6994,11465,326,ITC,ITC4,3,Lombardia,Lombardia,10060574,128497,1.28,0.12
2562,2021-05-24,LOM,89195,43268,45927,49455,39740,ITC,ITC4,3,Lombardia,Lombardia,10060574,217692,2.16,0.89
2563,2021-02-11,LOM,17032,5000,12032,9694,7338,ITC,ITC4,3,Lombardia,Lombardia,10060574,234724,2.33,0.17
2564,2021-05-31,LOM,95488,47313,48175,79365,16123,ITC,ITC4,3,Lombardia,Lombardia,10060574,330212,3.28,0.95
2565,2021-03-26,LOM,41136,15600,25536,28067,13069,ITC,ITC4,3,Lombardia,Lombardia,10060574,371348,3.69,0.41
2566,2021-05-22,LOM,70497,33804,36693,32403,38094,ITC,ITC4,3,Lombardia,Lombardia,10060574,441845,4.39,0.7
2567,2021-05-29,LOM,87949,42224,45725,42029,45920,ITC,ITC4,3,Lombardia,Lombardia,10060574,529794,5.27,0.87
2568,2021-02-18,LOM,14026,4915,9111,13011,1015,ITC,ITC4,3,Lombardia,Lombardia,10060574,543820,5.41,0.14
2569,2021-02-04,LOM,27640,8067,19573,1991,25649,ITC,ITC4,3,Lombardia,Lombardia,10060574,571460,5.68,0.27
2570,2021-04-09,LOM,52218,22291,29927,36229,15989,ITC,ITC4,3,Lombardia,Lombardia,10060574,623678,6.2,0.52
2571,2021-04-04,LOM,7611,3230,4381,3716,3895,ITC,ITC4,3,Lombardia,Lombardia,10060574,631289,6.27,0.08
2572,2021-04-02,LOM,41136,16826,24310,26689,14447,ITC,ITC4,3,Lombardia,Lombardia,10060574,672425,6.68,0.41
2573,2021-04-28,LOM,95585,43603,51982,68748,26837,ITC,ITC4,3,Lombardia,Lombardia,10060574,768010,7.63,0.95
2574,2021-03-16,LOM,25476,10112,15364,16417,9059,ITC,ITC4,3,Lombardia,Lombardia,10060574,793486,7.89,0.25
2575,2021-05-12,LOM,87243,41622,45621,59803,27440,ITC,ITC4,3,Lombardia,Lombardia,10060574,880729,8.75,0.87
2576,2021-03-09,LOM,33199,12848,20351,25805,7394,ITC,ITC4,3,Lombardia,Lombardia,10060574,913928,9.08,0.33
2577,2021-05-05,LOM,87808,41876,45932,72546,15262,ITC,ITC4,3,Lombardia,Lombardia,10060574,1001736,9.96,0.87
2578,2021-03-28,LOM,20462,7801,12661,14300,6162,ITC,ITC4,3,Lombardia,Lombardia,10060574,1022198,10.16,0.2
2579,2021-04-14,LOM,47124,21006,26118,34159,12965,ITC,ITC4,3,Lombardia,Lombardia,10060574,1069322,10.63,0.47
2580,2021-01-04,LOM,6094,2101,3993,6094,0,ITC,ITC4,3,Lombardia,Lombardia,10060574,1075416,10.69,0.06
2581,2021-04-16,LOM,53621,23905,29716,39283,14338,ITC,ITC4,3,Lombardia,Lombardia,10060574,1129037,11.22,0.53
2582,2021-01-16,LOM,15425,5731,9694,15425,0,ITC,ITC4,3,Lombardia,Lombardia,10060574,1144462,11.38,0.15
2583,2021-01-09,LOM,12411,4573,7838,12411,0,ITC,ITC4,3,Lombardia,Lombardia,10060574,1156873,11.5,0.12
2584,2021-03-07,LOM,12079,5354,6725,9523,2556,ITC,ITC4,3,Lombardia,Lombardia,10060574,1168952,11.62,0.12
2585,2021-01-27,LOM,8033,2672,5361,808,7225,ITC,ITC4,3,Lombardia,Lombardia,10060574,1176985,11.7,0.08
2586,2021-03-25,LOM,42600,15891,26709,30012,12588,ITC,ITC4,3,Lombardia,Lombardia,10060574,1219585,12.12,0.42
2587,2021-05-21,LOM,93610,45142,48468,29051,64559,ITC,ITC4,3,Lombardia,Lombardia,10060574,1313195,13.05,0.93
2588,2021-04-23,LOM,73387,33280,40107,56869,16518,ITC,ITC4,3,Lombardia,Lombardia,10060574,1386582,13.78,0.73
2589,2021-05-10,LOM,85190,40858,44332,63683,21507,ITC,ITC4,3,Lombardia,Lombardia,10060574,1471772,14.63,0.85
2590,2021-01-30,LOM,12306,4562,7744,154,12152,ITC,ITC4,3,Lombardia,Lombardia,10060574,1484078,14.75,0.12
2591,2021-02-16,LOM,9503,3073,6430,9055,448,ITC,ITC4,3,Lombardia,Lombardia,10060574,1493581,14.85,0.09
2592,2021-03-02,LOM,22802,9697,13105,19769,3033,ITC,ITC4,3,Lombardia,Lombardia,10060574,1516383,15.07,0.23
2593,2020-12-28,LOM,107,47,60,107,0,ITC,ITC4,3,Lombardia,Lombardia,10060574,1516490,15.07,0.0
2594,2021-04-21,LOM,71665,32506,39159,57078,14587,ITC,ITC4,3,Lombardia,Lombardia,10060574,1588155,15.79,0.71
2595,2021-01-11,LOM,16142,5346,10796,16142,0,ITC,ITC4,3,Lombardia,Lombardia,10060574,1604297,15.95,0.16
2596,2021-01-28,LOM,12186,3690,8496,766,11420,ITC,ITC4,3,Lombardia,Lombardia,10060574,1616483,16.07,0.12
2597,2021-05-17,LOM,94539,45283,49256,30208,64331,ITC,ITC4,3,Lombardia,Lombardia,10060574,1711022,17.01,0.94
2598,2021-05-19,LOM,82682,39516,43166,33785,48897,ITC,ITC4,3,Lombardia,Lombardia,10060574,1793704,17.83,0.82
2599,2021-02-08,LOM,10074,2917,7157,2130,7944,ITC,ITC4,3,Lombardia,Lombardia,10060574,1803778,17.93,0.1
2600,2021-02-25,LOM,15224,6312,8912,13666,1558,ITC,ITC4,3,Lombardia,Lombardia,10060574,1819002,18.08,0.15
2601,2021-02-06,LOM,15235,5532,9703,1014,14221,ITC,ITC4,3,Lombardia,Lombardia,10060574,1834237,18.23,0.15
2602,2021-05-02,LOM,83495,38330,45165,61035,22460,ITC,ITC4,3,Lombardia,Lombardia,10060574,1917732,19.06,0.83
2603,2021-02-20,LOM,9334,3866,5468,9037,297,ITC,ITC4,3,Lombardia,Lombardia,10060574,1927066,19.15,0.09
2604,2021-04-18,LOM,36343,16203,20140,31115,5228,ITC,ITC4,3,Lombardia,Lombardia,10060574,1963409,19.52,0.36
2605,2021-01-08,LOM,12695,3916,8779,12695,0,ITC,ITC4,3,Lombardia,Lombardia,10060574,1976104,19.64,0.13
2606,2021-04-11,LOM,32195,13935,18260,24806,7389,ITC,ITC4,3,Lombardia,Lombardia,10060574,2008299,19.96,0.32
2607,2021-01-01,LOM,24,7,17,24,0,ITC,ITC4,3,Lombardia,Lombardia,10060574,2008323,19.96,0.0
2608,2021-06-07,LOM,98140,49985,48155,85088,13052,ITC,ITC4,3,Lombardia,Lombardia,10060574,2106463,20.94,0.98
2609,2021-02-27,LOM,13944,5869,8075,13303,641,ITC,ITC4,3,Lombardia,Lombardia,10060574,2120407,21.08,0.14
2610,2020-12-30,LOM,114,42,72,114,0,ITC,ITC4,3,Lombardia,Lombardia,10060574,2120521,21.08,0.0
2611,2021-03-06,LOM,21300,9082,12218,16788,4512,ITC,ITC4,3,Lombardia,Lombardia,10060574,2141821,21.29,0.21
2612,2021-01-18,LOM,9144,2968,6176,8169,975,ITC,ITC4,3,Lombardia,Lombardia,10060574,2150965,21.38,0.09
2613,2021-03-23,LOM,42496,15401,27095,29638,12858,ITC,ITC4,3,Lombardia,Lombardia,10060574,2193461,21.8,0.42
2614,2021-01-25,LOM,7011,2367,4644,473,6538,ITC,ITC4,3,Lombardia,Lombardia,10060574,2200472,21.87,0.07
2615,2021-02-01,LOM,16053,5315,10738,303,15750,ITC,ITC4,3,Lombardia,Lombardia,10060574,2216525,22.03,0.16
2616,2021-05-03,LOM,83643,39734,43909,71527,12116,ITC,ITC4,3,Lombardia,Lombardia,10060574,2300168,22.86,0.83
2617,2021-01-23,LOM,1114,357,757,916,198,ITC,ITC4,3,Lombardia,Lombardia,10060574,2301282,22.87,0.01
2618,2021-06-02,LOM,84604,43569,41035,78290,6314,ITC,ITC4,3,Lombardia,Lombardia,10060574,2385886,23.72,0.84
2619,2021-03-11,LOM,36183,13463,22720,26291,9892,ITC,ITC4,3,Lombardia,Lombardia,10060574,2422069,24.07,0.36
2620,2021-03-30,LOM,39467,15478,23989,24695,14772,ITC,ITC4,3,Lombardia,Lombardia,10060574,2461536,24.47,0.39
2621,2021-01-06,LOM,7058,2491,4567,7058,0,ITC,ITC4,3,Lombardia,Lombardia,10060574,2468594,24.54,0.07
2622,2021-05-07,LOM,92135,43626,48509,69879,22256,ITC,ITC4,3,Lombardia,Lombardia,10060574,2560729,25.45,0.92
2623,2021-03-18,LOM,27376,10951,16425,16146,11230,ITC,ITC4,3,Lombardia,Lombardia,10060574,2588105,25.73,0.27
2624,2021-05-14,LOM,85642,41241,44401,55542,30100,ITC,ITC4,3,Lombardia,Lombardia,10060574,2673747,26.58,0.85
2625,2021-04-25,LOM,51483,23609,27874,46747,4736,ITC,ITC4,3,Lombardia,Lombardia,10060574,2725230,27.09,0.51
2626,2021-04-06,LOM,43019,17552,25467,25085,17934,ITC,ITC4,3,Lombardia,Lombardia,10060574,2768249,27.52,0.43
2627,2021-05-26,LOM,93182,44392,48790,43538,49644,ITC,ITC4,3,Lombardia,Lombardia,10060574,2861431,28.44,0.93
2628,2021-02-15,LOM,8939,3129,5810,8522,417,ITC,ITC4,3,Lombardia,Lombardia,10060574,2870370,28.53,0.09
2629,2021-03-21,LOM,23506,8492,15014,18313,5193,ITC,ITC4,3,Lombardia,Lombardia,10060574,2893876,28.76,0.23
2630,2021-02-13,LOM,6417,2441,3976,4941,1476,ITC,ITC4,3,Lombardia,Lombardia,10060574,2900293,28.83,0.06
2631,2021-01-13,LOM,26356,8052,18304,26356,0,ITC,ITC4,3,Lombardia,Lombardia,10060574,2926649,29.09,0.26
2632,2021-04-13,LOM,47568,21236,26332,33498,14070,ITC,ITC4,3,Lombardia,Lombardia,10060574,2974217,29.56,0.47
2633,2021-04-30,LOM,116947,54660,62287,89727,27220,ITC,ITC4,3,Lombardia,Lombardia,10060574,3091164,30.73,1.16
2634,2021-01-20,LOM,5663,1377,4286,5549,114,ITC,ITC4,3,Lombardia,Lombardia,10060574,3096827,30.78,0.06
2635,2021-01-22,LOM,3103,865,2238,3034,69,ITC,ITC4,3,Lombardia,Lombardia,10060574,3099930,30.81,0.03
2636,2021-04-15,LOM,49396,21837,27559,35590,13806,ITC,ITC4,3,Lombardia,Lombardia,10060574,3149326,31.3,0.49
2637,2021-01-15,LOM,25190,7425,17765,25190,0,ITC,ITC4,3,Lombardia,Lombardia,10060574,3174516,31.55,0.25
2638,2021-04-29,LOM,115420,53561,61859,85612,29808,ITC,ITC4,3,Lombardia,Lombardia,10060574,3289936,32.7,1.15
2639,2021-04-20,LOM,67626,30819,36807,57291,10335,ITC,ITC4,3,Lombardia,Lombardia,10060574,3357562,33.37,0.67
2640,2021-01-10,LOM,10513,3957,6556,10513,0,ITC,ITC4,3,Lombardia,Lombardia,10060574,3368075,33.48,0.1
2641,2021-01-17,LOM,8336,3340,4996,8136,200,ITC,ITC4,3,Lombardia,Lombardia,10060574,3376411,33.56,0.08
2642,2021-03-15,LOM,31544,11326,20218,23030,8514,ITC,ITC4,3,Lombardia,Lombardia,10060574,3407955,33.87,0.31
2643,2021-04-27,LOM,85938,39957,45981,69400,16538,ITC,ITC4,3,Lombardia,Lombardia,10060574,3493893,34.73,0.85
2644,2021-03-17,LOM,26238,10483,15755,15252,10986,ITC,ITC4,3,Lombardia,Lombardia,10060574,3520131,34.99,0.26
2645,2021-03-08,LOM,29713,11169,18544,22644,7069,ITC,ITC4,3,Lombardia,Lombardia,10060574,3549844,35.28,0.3
2646,2021-05-04,LOM,86785,41063,45722,72404,14381,ITC,ITC4,3,Lombardia,Lombardia,10060574,3636629,36.15,0.86
2647,2021-01-24,LOM,1199,457,742,536,663,ITC,ITC4,3,Lombardia,Lombardia,10060574,3637828,36.16,0.01
2648,2021-05-18,LOM,88035,42065,45970,32582,55453,ITC,ITC4,3,Lombardia,Lombardia,10060574,3725863,37.03,0.88
2649,2021-06-04,LOM,104017,54038,49979,94621,9396,ITC,ITC4,3,Lombardia,Lombardia,10060574,3829880,38.07,1.03
2650,2021-02-24,LOM,14655,5922,8733,13730,925,ITC,ITC4,3,Lombardia,Lombardia,10060574,3844535,38.21,0.15
2651,2021-05-16,LOM,68634,32482,36152,36483,32151,ITC,ITC4,3,Lombardia,Lombardia,10060574,3913169,38.9,0.68
2652,2021-02-05,LOM,25609,7437,18172,2384,23225,ITC,ITC4,3,Lombardia,Lombardia,10060574,3938778,39.15,0.25
2653,2021-02-22,LOM,11894,4807,7087,11589,305,ITC,ITC4,3,Lombardia,Lombardia,10060574,3950672,39.27,0.12
2654,2021-03-13,LOM,27161,9766,17395,21072,6089,ITC,ITC4,3,Lombardia,Lombardia,10060574,3977833,39.54,0.27
2655,2021-04-03,LOM,36232,14859,21373,26147,10085,ITC,ITC4,3,Lombardia,Lombardia,10060574,4014065,39.9,0.36
2656,2021-05-30,LOM,74280,35541,38739,34330,39950,ITC,ITC4,3,Lombardia,Lombardia,10060574,4088345,40.64,0.74
2657,2021-05-23,LOM,60740,28919,31821,26793,33947,ITC,ITC4,3,Lombardia,Lombardia,10060574,4149085,41.24,0.6
2658,2021-02-12,LOM,13936,4357,9579,9019,4917,ITC,ITC4,3,Lombardia,Lombardia,10060574,4163021,41.38,0.14
2659,2021-04-10,LOM,52413,21712,30701,40626,11787,ITC,ITC4,3,Lombardia,Lombardia,10060574,4215434,41.9,0.52
2660,2021-06-06,LOM,89692,46129,43563,80598,9094,ITC,ITC4,3,Lombardia,Lombardia,10060574,4305126,42.79,0.89
2661,2021-01-07,LOM,11754,3634,8120,11754,0,ITC,ITC4,3,Lombardia,Lombardia,10060574,4316880,42.91,0.12
2662,2021-02-19,LOM,14161,5385,8776,13482,679,ITC,ITC4,3,Lombardia,Lombardia,10060574,4331041,43.05,0.14
2663,2021-04-17,LOM,48392,21257,27135,37624,10768,ITC,ITC4,3,Lombardia,Lombardia,10060574,4379433,43.53,0.48
2664,2021-03-04,LOM,29295,12098,17197,20240,9055,ITC,ITC4,3,Lombardia,Lombardia,10060574,4408728,43.82,0.29
2665,2021-03-22,LOM,40307,14293,26014,29768,10539,ITC,ITC4,3,Lombardia,Lombardia,10060574,4449035,44.22,0.4
2666,2021-04-08,LOM,52288,21738,30550,35844,16444,ITC,ITC4,3,Lombardia,Lombardia,10060574,4501323,44.74,0.52
2667,2020-12-29,LOM,104,44,60,104,0,ITC,ITC4,3,Lombardia,Lombardia,10060574,4501427,44.74,0.0
2668,2021-04-22,LOM,73823,33347,40476,57508,16315,ITC,ITC4,3,Lombardia,Lombardia,10060574,4575250,45.48,0.73
2669,2021-03-03,LOM,26953,11506,15447,19678,7275,ITC,ITC4,3,Lombardia,Lombardia,10060574,4602203,45.74,0.27
2670,2021-05-11,LOM,86777,41391,45386,60633,26144,ITC,ITC4,3,Lombardia,Lombardia,10060574,4688980,46.61,0.86
2671,2021-03-01,LOM,18773,8227,10546,17068,1705,ITC,ITC4,3,Lombardia,Lombardia,10060574,4707753,46.79,0.19
2672,2021-05-15,LOM,80808,38758,42050,47494,33314,ITC,ITC4,3,Lombardia,Lombardia,10060574,4788561,47.6,0.8
2673,2021-05-13,LOM,86967,41692,45275,58241,28726,ITC,ITC4,3,Lombardia,Lombardia,10060574,4875528,48.46,0.86
2674,2021-02-02,LOM,19863,6590,13273,497,19366,ITC,ITC4,3,Lombardia,Lombardia,10060574,4895391,48.66,0.2
2675,2021-03-31,LOM,41942,16973,24969,26719,15223,ITC,ITC4,3,Lombardia,Lombardia,10060574,4937333,49.08,0.42
2676,2021-03-24,LOM,43217,15599,27618,31340,11877,ITC,ITC4,3,Lombardia,Lombardia,10060574,4980550,49.51,0.43
2677,2021-02-09,LOM,12205,3331,8874,4033,8172,ITC,ITC4,3,Lombardia,Lombardia,10060574,4992755,49.63,0.12
2678,2021-01-05,LOM,7821,2567,5254,7821,0,ITC,ITC4,3,Lombardia,Lombardia,10060574,5000576,49.7,0.08
2679,2021-03-27,LOM,32419,12367,20052,23715,8704,ITC,ITC4,3,Lombardia,Lombardia,10060574,5032995,50.03,0.32
2680,2021-01-03,LOM,854,316,538,854,0,ITC,ITC4,3,Lombardia,Lombardia,10060574,5033849,50.04,0.01
2681,2021-06-03,LOM,96435,49334,47101,86009,10426,ITC,ITC4,3,Lombardia,Lombardia,10060574,5130284,50.99,0.96
2682,2021-03-12,LOM,35248,12953,22295,25049,10199,ITC,ITC4,3,Lombardia,Lombardia,10060574,5165532,51.34,0.35
2683,2021-03-29,LOM,40002,15508,24494,25172,14830,ITC,ITC4,3,Lombardia,Lombardia,10060574,5205534,51.74,0.4
2684,2021-02-26,LOM,18353,7545,10808,16509,1844,ITC,ITC4,3,Lombardia,Lombardia,10060574,5223887,51.92,0.18
2685,2020-12-31,LOM,713,301,412,713,0,ITC,ITC4,3,Lombardia,Lombardia,10060574,5224600,51.93,0.01
2686,2021-02-10,LOM,14390,4503,9887,7573,6817,ITC,ITC4,3,Lombardia,Lombardia,10060574,5238990,52.07,0.14
2687,2021-02-03,LOM,25525,7892,17633,1072,24453,ITC,ITC4,3,Lombardia,Lombardia,10060574,5264515,52.33,0.25
2688,2021-04-01,LOM,42933,17218,25715,26740,16193,ITC,ITC4,3,Lombardia,Lombardia,10060574,5307448,52.75,0.43
2689,2021-05-28,LOM,93116,44611,48505,42863,50253,ITC,ITC4,3,Lombardia,Lombardia,10060574,5400564,53.68,0.93
2690,2021-02-17,LOM,11974,3746,8228,10585,1389,ITC,ITC4,3,Lombardia,Lombardia,10060574,5412538,53.8,0.12
2691,2021-04-05,LOM,27377,11694,15683,19274,8103,ITC,ITC4,3,Lombardia,Lombardia,10060574,5439915,54.07,0.27
2692,2021-01-31,LOM,9732,3760,5972,29,9703,ITC,ITC4,3,Lombardia,Lombardia,10060574,5449647,54.17,0.1
2693,2021-05-25,LOM,90816,43444,47372,44606,46210,ITC,ITC4,3,Lombardia,Lombardia,10060574,5540463,55.07,0.9
2694,2021-02-14,LOM,3578,1545,2033,2943,635,ITC,ITC4,3,Lombardia,Lombardia,10060574,5544041,55.11,0.04
2695,2021-05-01,LOM,95895,43649,52246,66750,29145,ITC,ITC4,3,Lombardia,Lombardia,10060574,5639936,56.06,0.95
2696,2021-01-21,LOM,5317,1563,3754,4629,688,ITC,ITC4,3,Lombardia,Lombardia,10060574,5645253,56.11,0.05
2697,2021-02-07,LOM,7308,2822,4486,338,6970,ITC,ITC4,3,Lombardia,Lombardia,10060574,5652561,56.19,0.07
2698,2021-01-19,LOM,8051,2329,5722,7583,468,ITC,ITC4,3,Lombardia,Lombardia,10060574,5660612,56.27,0.08
2699,2021-01-12,LOM,20209,6694,13515,20209,0,ITC,ITC4,3,Lombardia,Lombardia,10060574,5680821,56.47,0.2
2700,2021-03-10,LOM,33231,12709,20522,25372,7859,ITC,ITC4,3,Lombardia,Lombardia,10060574,5714052,56.8,0.33
2701,2021-05-06,LOM,89749,42164,47585,73312,16437,ITC,ITC4,3,Lombardia,Lombardia,10060574,5803801,57.69,0.89
2702,2021-01-26,LOM,8336,2704,5632,349,7987,ITC,ITC4,3,Lombardia,Lombardia,10060574,5812137,57.77,0.08
2703,2021-05-20,LOM,94212,45519,48693,31819,62393,ITC,ITC4,3,Lombardia,Lombardia,10060574,5906349,58.71,0.94
2704,2021-06-01,LOM,93674,45967,47707,76760,16914,ITC,ITC4,3,Lombardia,Lombardia,10060574,6000023,59.64,0.93
2705,2021-01-02,LOM,199,72,127,199,0,ITC,ITC4,3,Lombardia,Lombardia,10060574,6000222,59.64,0.0
2706,2021-06-08,LOM,101269,51495,49774,88077,13192,ITC,ITC4,3,Lombardia,Lombardia,10060574,6101491,60.65,1.01
2707,2021-02-28,LOM,7882,3253,4629,7672,210,ITC,ITC4,3,Lombardia,Lombardia,10060574,6109373,60.73,0.08
2708,2021-04-26,LOM,87924,40919,47005,68768,19156,ITC,ITC4,3,Lombardia,Lombardia,10060574,6197297,61.6,0.87
2709,2021-04-12,LOM,47216,20570,26646,32883,14333,ITC,ITC4,3,Lombardia,Lombardia,10060574,6244513,62.07,0.47
2710,2021-02-21,LOM,5050,1861,3189,5033,17,ITC,ITC4,3,Lombardia,Lombardia,10060574,6249563,62.12,0.05
2711,2021-04-19,LOM,60086,27336,32750,50683,9403,ITC,ITC4,3,Lombardia,Lombardia,10060574,6309649,62.72,0.6
2712,2021-03-20,LOM,32497,12144,20353,22650,9847,ITC,ITC4,3,Lombardia,Lombardia,10060574,6342146,63.04,0.32
2713,2020-12-27,LOM,717,413,304,717,0,ITC,ITC4,3,Lombardia,Lombardia,10060574,6342863,63.05,0.01
2714,2021-05-09,LOM,69540,32817,36723,56429,13111,ITC,ITC4,3,Lombardia,Lombardia,10060574,6412403,63.74,0.69
2715,2021-01-29,LOM,13438,4115,9323,651,12787,ITC,ITC4,3,Lombardia,Lombardia,10060574,6425841,63.87,0.13
2716,2021-03-05,LOM,28897,11917,16980,20497,8400,ITC,ITC4,3,Lombardia,Lombardia,10060574,6454738,64.16,0.29
2717,2021-03-19,LOM,32402,12908,19494,19216,13186,ITC,ITC4,3,Lombardia,Lombardia,10060574,6487140,64.48,0.32
2718,2021-05-27,LOM,94483,45270,49213,41294,53189,ITC,ITC4,3,Lombardia,Lombardia,10060574,6581623,65.42,0.94
2719,2021-04-24,LOM,75698,33549,42149,54614,21084,ITC,ITC4,3,Lombardia,Lombardia,10060574,6657321,66.17,0.75
2720,2021-01-14,LOM,26793,7779,19014,26793,0,ITC,ITC4,3,Lombardia,Lombardia,10060574,6684114,66.44,0.27
2721,2021-05-08,LOM,87409,40613,46796,65661,21748,ITC,ITC4,3,Lombardia,Lombardia,10060574,6771523,67.31,0.87
2722,2021-04-07,LOM,50506,20872,29634,34701,15805,ITC,ITC4,3,Lombardia,Lombardia,10060574,6822029,67.81,0.5
2723,2021-04-30,CAL,14924,7321,7603,10602,4322,ITF,ITF6,18,Calabria,Calabria,1947131,14924,0.77,0.77
2724,2021-01-18,CAL,1270,573,697,1046,224,ITF,ITF6,18,Calabria,Calabria,1947131,16194,0.83,0.07
2725,2021-04-11,CAL,4166,1895,2271,2223,1943,ITF,ITF6,18,Calabria,Calabria,1947131,20360,1.05,0.21
2726,2021-01-06,CAL,930,502,428,930,0,ITF,ITF6,18,Calabria,Calabria,1947131,21290,1.09,0.05
2727,2021-04-16,CAL,10301,5009,5292,8645,1656,ITF,ITF6,18,Calabria,Calabria,1947131,31591,1.62,0.53
2728,2021-02-18,CAL,1821,824,997,1595,226,ITF,ITF6,18,Calabria,Calabria,1947131,33412,1.72,0.09
2729,2021-01-04,CAL,1052,518,534,1052,0,ITF,ITF6,18,Calabria,Calabria,1947131,34464,1.77,0.05
2730,2021-04-23,CAL,12918,6343,6575,9460,3458,ITF,ITF6,18,Calabria,Calabria,1947131,47382,2.43,0.66
2731,2021-01-13,CAL,2038,1026,1012,2038,0,ITF,ITF6,18,Calabria,Calabria,1947131,49420,2.54,0.1
2732,2021-03-04,CAL,5467,3185,2282,4671,796,ITF,ITF6,18,Calabria,Calabria,1947131,54887,2.82,0.28
2733,2021-02-25,CAL,2881,1550,1331,2286,595,ITF,ITF6,18,Calabria,Calabria,1947131,57768,2.97,0.15
2734,2021-02-01,CAL,2499,1193,1306,244,2255,ITF,ITF6,18,Calabria,Calabria,1947131,60267,3.1,0.13
2735,2021-05-12,CAL,16319,7924,8395,10893,5426,ITF,ITF6,18,Calabria,Calabria,1947131,76586,3.93,0.84
2736,2021-05-26,CAL,18576,9186,9390,10365,8211,ITF,ITF6,18,Calabria,Calabria,1947131,95162,4.89,0.95
2737,2021-03-30,CAL,6154,2640,3514,3440,2714,ITF,ITF6,18,Calabria,Calabria,1947131,101316,5.2,0.32
2738,2021-03-09,CAL,6321,3251,3070,5342,979,ITF,ITF6,18,Calabria,Calabria,1947131,107637,5.53,0.32
2739,2021-02-20,CAL,1419,760,659,1101,318,ITF,ITF6,18,Calabria,Calabria,1947131,109056,5.6,0.07
2740,2021-05-31,CAL,15178,7242,7936,7341,7837,ITF,ITF6,18,Calabria,Calabria,1947131,124234,6.38,0.78
2741,2021-03-11,CAL,7264,3423,3841,6002,1262,ITF,ITF6,18,Calabria,Calabria,1947131,131498,6.75,0.37
2742,2021-02-06,CAL,2906,1337,1569,442,2464,ITF,ITF6,18,Calabria,Calabria,1947131,134404,6.9,0.15
2743,2021-01-23,CAL,400,186,214,358,42,ITF,ITF6,18,Calabria,Calabria,1947131,134804,6.92,0.02
2744,2021-03-28,CAL,2594,1201,1393,1510,1084,ITF,ITF6,18,Calabria,Calabria,1947131,137398,7.06,0.13
2745,2021-01-30,CAL,2180,1149,1031,357,1823,ITF,ITF6,18,Calabria,Calabria,1947131,139578,7.17,0.11
2746,2021-02-17,CAL,1834,799,1035,1623,211,ITF,ITF6,18,Calabria,Calabria,1947131,141412,7.26,0.09
2747,2021-05-28,CAL,20936,10163,10773,11523,9413,ITF,ITF6,18,Calabria,Calabria,1947131,162348,8.34,1.08
2748,2021-04-15,CAL,7593,3721,3872,5982,1611,ITF,ITF6,18,Calabria,Calabria,1947131,169941,8.73,0.39
2749,2021-04-18,CAL,5840,2791,3049,4931,909,ITF,ITF6,18,Calabria,Calabria,1947131,175781,9.03,0.3
2750,2021-04-04,CAL,1762,886,876,1262,500,ITF,ITF6,18,Calabria,Calabria,1947131,177543,9.12,0.09
2751,2021-06-07,CAL,16943,7866,9077,13752,3191,ITF,ITF6,18,Calabria,Calabria,1947131,194486,9.99,0.87
2752,2021-05-24,CAL,17691,8810,8881,10023,7668,ITF,ITF6,18,Calabria,Calabria,1947131,212177,10.9,0.91
2753,2021-05-07,CAL,16087,7585,8502,9718,6369,ITF,ITF6,18,Calabria,Calabria,1947131,228264,11.72,0.83
2754,2021-01-11,CAL,2161,1045,1116,2161,0,ITF,ITF6,18,Calabria,Calabria,1947131,230425,11.83,0.11
2755,2021-01-25,CAL,1070,514,556,147,923,ITF,ITF6,18,Calabria,Calabria,1947131,231495,11.89,0.05
2756,2021-05-05,CAL,13599,6507,7092,8492,5107,ITF,ITF6,18,Calabria,Calabria,1947131,245094,12.59,0.7
2757,2021-03-02,CAL,4367,2489,1878,3611,756,ITF,ITF6,18,Calabria,Calabria,1947131,249461,12.81,0.22
2758,2021-03-16,CAL,3835,1883,1952,2175,1660,ITF,ITF6,18,Calabria,Calabria,1947131,253296,13.01,0.2
2759,2021-02-11,CAL,2330,1041,1289,1082,1248,ITF,ITF6,18,Calabria,Calabria,1947131,255626,13.13,0.12
2760,2021-04-13,CAL,6775,3267,3508,5465,1310,ITF,ITF6,18,Calabria,Calabria,1947131,262401,13.48,0.35
2761,2021-01-20,CAL,1399,626,773,1398,1,ITF,ITF6,18,Calabria,Calabria,1947131,263800,13.55,0.07
2762,2021-01-03,CAL,6,3,3,6,0,ITF,ITF6,18,Calabria,Calabria,1947131,263806,13.55,0.0
2763,2021-03-27,CAL,8590,3890,4700,4591,3999,ITF,ITF6,18,Calabria,Calabria,1947131,272396,13.99,0.44
2764,2021-03-08,CAL,5414,2901,2513,4350,1064,ITF,ITF6,18,Calabria,Calabria,1947131,277810,14.27,0.28
2765,2021-03-25,CAL,7392,3466,3926,4546,2846,ITF,ITF6,18,Calabria,Calabria,1947131,285202,14.65,0.38
2766,2021-03-13,CAL,6849,2989,3860,5877,972,ITF,ITF6,18,Calabria,Calabria,1947131,292051,15.0,0.35
2767,2021-01-15,CAL,2796,1258,1538,2796,0,ITF,ITF6,18,Calabria,Calabria,1947131,294847,15.14,0.14
2768,2021-04-25,CAL,15830,8033,7797,14695,1135,ITF,ITF6,18,Calabria,Calabria,1947131,310677,15.96,0.81
2769,2021-03-06,CAL,8427,4340,4087,7635,792,ITF,ITF6,18,Calabria,Calabria,1947131,319104,16.39,0.43
2770,2021-05-09,CAL,9615,4479,5136,6086,3529,ITF,ITF6,18,Calabria,Calabria,1947131,328719,16.88,0.49
2771,2021-01-29,CAL,2049,988,1061,230,1819,ITF,ITF6,18,Calabria,Calabria,1947131,330768,16.99,0.11
2772,2021-05-04,CAL,16353,7534,8819,11716,4637,ITF,ITF6,18,Calabria,Calabria,1947131,347121,17.83,0.84
2773,2021-05-19,CAL,18348,9085,9263,11359,6989,ITF,ITF6,18,Calabria,Calabria,1947131,365469,18.77,0.94
2774,2021-03-23,CAL,5254,2460,2794,3445,1809,ITF,ITF6,18,Calabria,Calabria,1947131,370723,19.04,0.27
2775,2021-02-15,CAL,1140,539,601,991,149,ITF,ITF6,18,Calabria,Calabria,1947131,371863,19.1,0.06
2776,2021-05-14,CAL,19944,9591,10353,13072,6872,ITF,ITF6,18,Calabria,Calabria,1947131,391807,20.12,1.02
2777,2021-04-27,CAL,9947,4890,5057,8005,1942,ITF,ITF6,18,Calabria,Calabria,1947131,401754,20.63,0.51
2778,2021-02-03,CAL,2768,1429,1339,578,2190,ITF,ITF6,18,Calabria,Calabria,1947131,404522,20.78,0.14
2779,2021-02-22,CAL,2037,1032,1005,1479,558,ITF,ITF6,18,Calabria,Calabria,1947131,406559,20.88,0.1
2780,2021-06-02,CAL,11905,5704,6201,8640,3265,ITF,ITF6,18,Calabria,Calabria,1947131,418464,21.49,0.61
2781,2021-05-16,CAL,13773,6726,7047,9959,3814,ITF,ITF6,18,Calabria,Calabria,1947131,432237,22.2,0.71
2782,2021-04-01,CAL,8495,3844,4651,3980,4515,ITF,ITF6,18,Calabria,Calabria,1947131,440732,22.63,0.44
2783,2021-04-08,CAL,9391,4426,4965,5803,3588,ITF,ITF6,18,Calabria,Calabria,1947131,450123,23.12,0.48
2784,2021-02-10,CAL,2509,1078,1431,884,1625,ITF,ITF6,18,Calabria,Calabria,1947131,452632,23.25,0.13
2785,2021-06-04,CAL,17265,8004,9261,12737,4528,ITF,ITF6,18,Calabria,Calabria,1947131,469897,24.13,0.89
2786,2021-05-21,CAL,21342,10863,10479,13979,7363,ITF,ITF6,18,Calabria,Calabria,1947131,491239,25.23,1.1
2787,2021-05-23,CAL,11365,5547,5818,7033,4332,ITF,ITF6,18,Calabria,Calabria,1947131,502604,25.81,0.58
2788,2021-03-01,CAL,2724,1546,1178,2269,455,ITF,ITF6,18,Calabria,Calabria,1947131,505328,25.95,0.14
2789,2021-01-10,CAL,931,524,407,931,0,ITF,ITF6,18,Calabria,Calabria,1947131,506259,26.0,0.05
2790,2021-04-20,CAL,7845,3956,3889,6119,1726,ITF,ITF6,18,Calabria,Calabria,1947131,514104,26.4,0.4
2791,2021-02-13,CAL,1396,603,793,1031,365,ITF,ITF6,18,Calabria,Calabria,1947131,515500,26.47,0.07
2792,2021-01-08,CAL,2136,1024,1112,2136,0,ITF,ITF6,18,Calabria,Calabria,1947131,517636,26.58,0.11
2793,2021-03-18,CAL,4399,2053,2346,2343,2056,ITF,ITF6,18,Calabria,Calabria,1947131,522035,26.81,0.23
2794,2021-02-27,CAL,3989,2053,1936,3610,379,ITF,ITF6,18,Calabria,Calabria,1947131,526024,27.02,0.2
2795,2021-01-27,CAL,1457,733,724,396,1061,ITF,ITF6,18,Calabria,Calabria,1947131,527481,27.09,0.07
2796,2021-03-10,CAL,6551,3313,3238,5270,1281,ITF,ITF6,18,Calabria,Calabria,1947131,534032,27.43,0.34
2797,2021-06-01,CAL,12788,5913,6875,7909,4879,ITF,ITF6,18,Calabria,Calabria,1947131,546820,28.08,0.66
2798,2021-03-20,CAL,6695,3068,3627,4195,2500,ITF,ITF6,18,Calabria,Calabria,1947131,553515,28.43,0.34
2799,2021-03-15,CAL,3553,1685,1868,2115,1438,ITF,ITF6,18,Calabria,Calabria,1947131,557068,28.61,0.18
2800,2021-05-20,CAL,16892,8433,8459,11286,5606,ITF,ITF6,18,Calabria,Calabria,1947131,573960,29.48,0.87
2801,2021-02-07,CAL,859,427,432,147,712,ITF,ITF6,18,Calabria,Calabria,1947131,574819,29.52,0.04
2802,2021-05-18,CAL,15379,7679,7700,11917,3462,ITF,ITF6,18,Calabria,Calabria,1947131,590198,30.31,0.79
2803,2021-03-22,CAL,4887,2292,2595,3133,1754,ITF,ITF6,18,Calabria,Calabria,1947131,595085,30.56,0.25
2804,2021-02-09,CAL,2148,905,1243,947,1201,ITF,ITF6,18,Calabria,Calabria,1947131,597233,30.67,0.11
2805,2021-05-29,CAL,19086,8858,10228,9261,9825,ITF,ITF6,18,Calabria,Calabria,1947131,616319,31.65,0.98
2806,2021-04-14,CAL,8166,3930,4236,6719,1447,ITF,ITF6,18,Calabria,Calabria,1947131,624485,32.07,0.42
2807,2021-02-16,CAL,1734,732,1002,1456,278,ITF,ITF6,18,Calabria,Calabria,1947131,626219,32.16,0.09
2808,2021-01-22,CAL,658,274,384,656,2,ITF,ITF6,18,Calabria,Calabria,1947131,626877,32.19,0.03
2809,2021-05-02,CAL,12500,5834,6666,10663,1837,ITF,ITF6,18,Calabria,Calabria,1947131,639377,32.84,0.64
2810,2021-03-29,CAL,5613,2370,3243,3857,1756,ITF,ITF6,18,Calabria,Calabria,1947131,644990,33.13,0.29
2811,2021-01-31,CAL,1110,555,555,154,956,ITF,ITF6,18,Calabria,Calabria,1947131,646100,33.18,0.06
2812,2021-05-11,CAL,15126,7315,7811,10350,4776,ITF,ITF6,18,Calabria,Calabria,1947131,661226,33.96,0.78
2813,2021-01-24,CAL,44,18,26,39,5,ITF,ITF6,18,Calabria,Calabria,1947131,661270,33.96,0.0
2814,2021-01-17,CAL,867,418,449,801,66,ITF,ITF6,18,Calabria,Calabria,1947131,662137,34.01,0.04
2815,2021-03-24,CAL,7611,3467,4144,4372,3239,ITF,ITF6,18,Calabria,Calabria,1947131,669748,34.4,0.39
2816,2021-04-10,CAL,11371,5129,6242,6572,4799,ITF,ITF6,18,Calabria,Calabria,1947131,681119,34.98,0.58
2817,2021-02-05,CAL,3802,1711,2091,489,3313,ITF,ITF6,18,Calabria,Calabria,1947131,684921,35.18,0.2
2818,2021-04-29,CAL,11946,5811,6135,8390,3556,ITF,ITF6,18,Calabria,Calabria,1947131,696867,35.79,0.61
2819,2020-12-27,CAL,281,156,125,281,0,ITF,ITF6,18,Calabria,Calabria,1947131,697148,35.8,0.01
2820,2021-04-06,CAL,7452,3368,4084,4177,3275,ITF,ITF6,18,Calabria,Calabria,1947131,704600,36.19,0.38
2821,2021-02-08,CAL,1849,735,1114,663,1186,ITF,ITF6,18,Calabria,Calabria,1947131,706449,36.28,0.09
2822,2021-04-24,CAL,18993,9476,9517,15584,3409,ITF,ITF6,18,Calabria,Calabria,1947131,725442,37.26,0.98
2823,2021-02-26,CAL,3063,1632,1431,2610,453,ITF,ITF6,18,Calabria,Calabria,1947131,728505,37.41,0.16
2824,2021-06-06,CAL,13375,6433,6942,11685,1690,ITF,ITF6,18,Calabria,Calabria,1947131,741880,38.1,0.69
2825,2021-01-07,CAL,2187,1067,1120,2187,0,ITF,ITF6,18,Calabria,Calabria,1947131,744067,38.21,0.11
2826,2021-04-17,CAL,10853,5086,5767,9046,1807,ITF,ITF6,18,Calabria,Calabria,1947131,754920,38.77,0.56
2827,2021-05-01,CAL,16621,7931,8690,12430,4191,ITF,ITF6,18,Calabria,Calabria,1947131,771541,39.62,0.85
2828,2021-03-05,CAL,6229,3612,2617,5656,573,ITF,ITF6,18,Calabria,Calabria,1947131,777770,39.94,0.32
2829,2021-03-12,CAL,5151,2469,2682,4085,1066,ITF,ITF6,18,Calabria,Calabria,1947131,782921,40.21,0.26
2830,2021-01-14,CAL,2635,1248,1387,2635,0,ITF,ITF6,18,Calabria,Calabria,1947131,785556,40.34,0.14
2831,2021-02-14,CAL,464,211,253,434,30,ITF,ITF6,18,Calabria,Calabria,1947131,786020,40.37,0.02
2832,2021-05-25,CAL,16390,8003,8387,10313,6077,ITF,ITF6,18,Calabria,Calabria,1947131,802410,41.21,0.84
2833,2021-01-26,CAL,1809,861,948,278,1531,ITF,ITF6,18,Calabria,Calabria,1947131,804219,41.3,0.09
2834,2021-04-22,CAL,9621,4796,4825,6777,2844,ITF,ITF6,18,Calabria,Calabria,1947131,813840,41.8,0.49
2835,2021-05-06,CAL,13252,6271,6981,8992,4260,ITF,ITF6,18,Calabria,Calabria,1947131,827092,42.48,0.68
2836,2021-04-05,CAL,3501,1648,1853,2602,899,ITF,ITF6,18,Calabria,Calabria,1947131,830593,42.66,0.18
2837,2020-12-28,CAL,6,2,4,6,0,ITF,ITF6,18,Calabria,Calabria,1947131,830599,42.66,0.0
2838,2021-06-03,CAL,14164,6619,7545,9611,4553,ITF,ITF6,18,Calabria,Calabria,1947131,844763,43.39,0.73
2839,2021-04-07,CAL,6516,2944,3572,3716,2800,ITF,ITF6,18,Calabria,Calabria,1947131,851279,43.72,0.33
2840,2021-02-23,CAL,1590,753,837,1475,115,ITF,ITF6,18,Calabria,Calabria,1947131,852869,43.8,0.08
2841,2021-05-27,CAL,17514,8622,8892,9807,7707,ITF,ITF6,18,Calabria,Calabria,1947131,870383,44.7,0.9
2842,2021-05-13,CAL,15872,7611,8261,11210,4662,ITF,ITF6,18,Calabria,Calabria,1947131,886255,45.52,0.82
2843,2021-02-19,CAL,1508,681,827,1247,261,ITF,ITF6,18,Calabria,Calabria,1947131,887763,45.59,0.08
2844,2021-05-30,CAL,10938,5250,5688,6785,4153,ITF,ITF6,18,Calabria,Calabria,1947131,898701,46.16,0.56
2845,2021-05-17,CAL,14911,7461,7450,10198,4713,ITF,ITF6,18,Calabria,Calabria,1947131,913612,46.92,0.77
2846,2021-02-21,CAL,610,286,324,533,77,ITF,ITF6,18,Calabria,Calabria,1947131,914222,46.95,0.03
2847,2021-04-28,CAL,12522,6060,6462,9664,2858,ITF,ITF6,18,Calabria,Calabria,1947131,926744,47.6,0.64
2848,2021-02-04,CAL,3555,1694,1861,653,2902,ITF,ITF6,18,Calabria,Calabria,1947131,930299,47.78,0.18
2849,2021-05-15,CAL,27100,12973,14127,20327,6773,ITF,ITF6,18,Calabria,Calabria,1947131,957399,49.17,1.39
2850,2021-01-21,CAL,960,445,515,930,30,ITF,ITF6,18,Calabria,Calabria,1947131,958359,49.22,0.05
2851,2021-02-02,CAL,2289,1114,1175,177,2112,ITF,ITF6,18,Calabria,Calabria,1947131,960648,49.34,0.12
2852,2021-01-16,CAL,2394,1120,1274,2394,0,ITF,ITF6,18,Calabria,Calabria,1947131,963042,49.46,0.12
2853,2021-01-05,CAL,1467,686,781,1467,0,ITF,ITF6,18,Calabria,Calabria,1947131,964509,49.53,0.08
2854,2021-01-12,CAL,2063,1020,1043,2063,0,ITF,ITF6,18,Calabria,Calabria,1947131,966572,49.64,0.11
2855,2021-02-24,CAL,1850,942,908,1372,478,ITF,ITF6,18,Calabria,Calabria,1947131,968422,49.74,0.1
2856,2021-03-03,CAL,5002,2732,2270,3930,1072,ITF,ITF6,18,Calabria,Calabria,1947131,973424,49.99,0.26
2857,2021-06-08,CAL,15572,7352,8220,13654,1918,ITF,ITF6,18,Calabria,Calabria,1947131,988996,50.79,0.8
2858,2021-03-17,CAL,3984,1771,2213,2138,1846,ITF,ITF6,18,Calabria,Calabria,1947131,992980,51.0,0.2
2859,2021-04-19,CAL,7844,3783,4061,6178,1666,ITF,ITF6,18,Calabria,Calabria,1947131,1000824,51.4,0.4
2860,2021-01-09,CAL,1926,1041,885,1926,0,ITF,ITF6,18,Calabria,Calabria,1947131,1002750,51.5,0.1
2861,2021-04-12,CAL,6897,3350,3547,5249,1648,ITF,ITF6,18,Calabria,Calabria,1947131,1009647,51.85,0.35
2862,2021-01-19,CAL,1112,491,621,1101,11,ITF,ITF6,18,Calabria,Calabria,1947131,1010759,51.91,0.06
2863,2021-03-26,CAL,7912,3745,4167,4792,3120,ITF,ITF6,18,Calabria,Calabria,1947131,1018671,52.32,0.41
2864,2021-02-28,CAL,2306,1046,1260,2154,152,ITF,ITF6,18,Calabria,Calabria,1947131,1020977,52.43,0.12
2865,2021-03-31,CAL,8804,3999,4805,4847,3957,ITF,ITF6,18,Calabria,Calabria,1947131,1029781,52.89,0.45
2866,2021-04-09,CAL,7936,3714,4222,5011,2925,ITF,ITF6,18,Calabria,Calabria,1947131,1037717,53.29,0.41
2867,2021-06-05,CAL,20080,9411,10669,17137,2943,ITF,ITF6,18,Calabria,Calabria,1947131,1057797,54.33,1.03
2868,2021-01-02,CAL,166,94,72,166,0,ITF,ITF6,18,Calabria,Calabria,1947131,1057963,54.33,0.01
2869,2021-05-03,CAL,14743,6756,7987,10541,4202,ITF,ITF6,18,Calabria,Calabria,1947131,1072706,55.09,0.76
2870,2021-03-21,CAL,4457,1927,2530,2733,1724,ITF,ITF6,18,Calabria,Calabria,1947131,1077163,55.32,0.23
2871,2021-03-07,CAL,3336,1703,1633,3246,90,ITF,ITF6,18,Calabria,Calabria,1947131,1080499,55.49,0.17
2872,2021-03-14,CAL,2709,1066,1643,2293,416,ITF,ITF6,18,Calabria,Calabria,1947131,1083208,55.63,0.14
2873,2021-05-10,CAL,13130,6092,7038,7732,5398,ITF,ITF6,18,Calabria,Calabria,1947131,1096338,56.31,0.67
2874,2021-04-26,CAL,10198,5066,5132,7777,2421,ITF,ITF6,18,Calabria,Calabria,1947131,1106536,56.83,0.52
2875,2021-02-12,CAL,1710,667,1043,945,765,ITF,ITF6,18,Calabria,Calabria,1947131,1108246,56.92,0.09
2876,2021-04-03,CAL,8884,3812,5072,4285,4599,ITF,ITF6,18,Calabria,Calabria,1947131,1117130,57.37,0.46
2877,2021-01-28,CAL,2236,1110,1126,83,2153,ITF,ITF6,18,Calabria,Calabria,1947131,1119366,57.49,0.11
2878,2021-05-08,CAL,18286,8332,9954,10483,7803,ITF,ITF6,18,Calabria,Calabria,1947131,1137652,58.43,0.94
2879,2021-05-22,CAL,22141,10544,11597,14318,7823,ITF,ITF6,18,Calabria,Calabria,1947131,1159793,59.56,1.14
2880,2021-04-21,CAL,11565,5807,5758,8630,2935,ITF,ITF6,18,Calabria,Calabria,1947131,1171358,60.16,0.59
2881,2021-04-02,CAL,8185,3734,4451,4335,3850,ITF,ITF6,18,Calabria,Calabria,1947131,1179543,60.58,0.42
2882,2021-03-19,CAL,4186,1947,2239,1900,2286,ITF,ITF6,18,Calabria,Calabria,1947131,1183729,60.79,0.21
2883,2021-03-28,SAR,4620,1815,2805,4541,79,ITG,ITG2,20,Sardegna,Sardegna,1639591,4620,0.28,0.28
2884,2021-01-04,SAR,592,217,375,592,0,ITG,ITG2,20,Sardegna,Sardegna,1639591,5212,0.32,0.04
2885,2021-04-16,SAR,14441,6488,7953,9098,5343,ITG,ITG2,20,Sardegna,Sardegna,1639591,19653,1.2,0.88
2886,2021-01-23,SAR,60,22,38,0,60,ITG,ITG2,20,Sardegna,Sardegna,1639591,19713,1.2,0.0
2887,2021-04-09,SAR,12261,5436,6825,7909,4352,ITG,ITG2,20,Sardegna,Sardegna,1639591,31974,1.95,0.75
2888,2021-04-11,SAR,5393,2442,2951,4273,1120,ITG,ITG2,20,Sardegna,Sardegna,1639591,37367,2.28,0.33
2889,2021-06-07,SAR,12219,5882,6337,9488,2731,ITG,ITG2,20,Sardegna,Sardegna,1639591,49586,3.02,0.75
2890,2021-02-04,SAR,2271,816,1455,916,1355,ITG,ITG2,20,Sardegna,Sardegna,1639591,51857,3.16,0.14
2891,2021-04-02,SAR,8987,3547,5440,5745,3242,ITG,ITG2,20,Sardegna,Sardegna,1639591,60844,3.71,0.55
2892,2021-04-04,SAR,1,0,1,0,1,ITG,ITG2,20,Sardegna,Sardegna,1639591,60845,3.71,0.0
2893,2021-02-11,SAR,1315,490,825,1204,111,ITG,ITG2,20,Sardegna,Sardegna,1639591,62160,3.79,0.08
2894,2021-05-24,SAR,13672,6545,7127,8482,5190,ITG,ITG2,20,Sardegna,Sardegna,1639591,75832,4.63,0.83
2895,2021-02-13,SAR,1456,565,891,1454,2,ITG,ITG2,20,Sardegna,Sardegna,1639591,77288,4.71,0.09
2896,2021-05-29,SAR,17976,8637,9339,13385,4591,ITG,ITG2,20,Sardegna,Sardegna,1639591,95264,5.81,1.1
2897,2021-02-18,SAR,1878,732,1146,1814,64,ITG,ITG2,20,Sardegna,Sardegna,1639591,97142,5.92,0.11
2898,2021-05-31,SAR,11157,5222,5935,8242,2915,ITG,ITG2,20,Sardegna,Sardegna,1639591,108299,6.61,0.68
2899,2021-03-09,SAR,5153,2373,2780,4424,729,ITG,ITG2,20,Sardegna,Sardegna,1639591,113452,6.92,0.31
2900,2021-05-05,SAR,10153,4643,5510,8143,2010,ITG,ITG2,20,Sardegna,Sardegna,1639591,123605,7.54,0.62
2901,2021-03-02,SAR,2865,1459,1406,1712,1153,ITG,ITG2,20,Sardegna,Sardegna,1639591,126470,7.71,0.17
2902,2021-04-28,SAR,9018,4276,4742,5319,3699,ITG,ITG2,20,Sardegna,Sardegna,1639591,135488,8.26,0.55
2903,2021-01-18,SAR,904,326,578,780,124,ITG,ITG2,20,Sardegna,Sardegna,1639591,136392,8.32,0.06
2904,2021-03-16,SAR,4374,1949,2425,3452,922,ITG,ITG2,20,Sardegna,Sardegna,1639591,140766,8.59,0.27
2905,2021-05-19,SAR,16385,8143,8242,12742,3643,ITG,ITG2,20,Sardegna,Sardegna,1639591,157151,9.58,1.0
2906,2021-06-05,SAR,17408,8212,9196,11371,6037,ITG,ITG2,20,Sardegna,Sardegna,1639591,174559,10.65,1.06
2907,2021-02-25,SAR,2899,1255,1644,2294,605,ITG,ITG2,20,Sardegna,Sardegna,1639591,177458,10.82,0.18
2908,2021-03-14,SAR,607,376,231,607,0,ITG,ITG2,20,Sardegna,Sardegna,1639591,178065,10.86,0.04
2909,2021-04-30,SAR,11132,5299,5833,6923,4209,ITG,ITG2,20,Sardegna,Sardegna,1639591,189197,11.54,0.68
2910,2021-05-17,SAR,12119,5690,6429,9229,2890,ITG,ITG2,20,Sardegna,Sardegna,1639591,201316,12.28,0.74
2911,2021-02-06,SAR,1970,697,1273,569,1401,ITG,ITG2,20,Sardegna,Sardegna,1639591,203286,12.4,0.12
2912,2021-01-16,SAR,1492,525,967,1492,0,ITG,ITG2,20,Sardegna,Sardegna,1639591,204778,12.49,0.09
2913,2021-04-23,SAR,12845,5735,7110,7384,5461,ITG,ITG2,20,Sardegna,Sardegna,1639591,217623,13.27,0.78
2914,2021-05-10,SAR,9733,4337,5396,7196,2537,ITG,ITG2,20,Sardegna,Sardegna,1639591,227356,13.87,0.59
2915,2021-01-30,SAR,3863,1392,2471,362,3501,ITG,ITG2,20,Sardegna,Sardegna,1639591,231219,14.1,0.24
2916,2021-03-23,SAR,6157,2640,3517,5079,1078,ITG,ITG2,20,Sardegna,Sardegna,1639591,237376,14.48,0.38
2917,2021-05-12,SAR,10779,5036,5743,7700,3079,ITG,ITG2,20,Sardegna,Sardegna,1639591,248155,15.14,0.66
2918,2020-12-28,SAR,65,25,40,65,0,ITG,ITG2,20,Sardegna,Sardegna,1639591,248220,15.14,0.0
2919,2021-02-22,SAR,1639,949,690,1411,228,ITG,ITG2,20,Sardegna,Sardegna,1639591,249859,15.24,0.1
2920,2021-03-11,SAR,6036,2726,3310,4835,1201,ITG,ITG2,20,Sardegna,Sardegna,1639591,255895,15.61,0.37
2921,2021-06-04,SAR,13941,6590,7351,9765,4176,ITG,ITG2,20,Sardegna,Sardegna,1639591,269836,16.46,0.85
2922,2021-03-13,SAR,2755,1076,1679,2474,281,ITG,ITG2,20,Sardegna,Sardegna,1639591,272591,16.63,0.17
2923,2021-03-30,SAR,8644,3463,5181,6368,2276,ITG,ITG2,20,Sardegna,Sardegna,1639591,281235,17.15,0.53
2924,2021-01-06,SAR,1615,549,1066,1615,0,ITG,ITG2,20,Sardegna,Sardegna,1639591,282850,17.25,0.1
2925,2021-01-01,SAR,32,17,15,32,0,ITG,ITG2,20,Sardegna,Sardegna,1639591,282882,17.25,0.0
2926,2021-02-27,SAR,1921,647,1274,1366,555,ITG,ITG2,20,Sardegna,Sardegna,1639591,284803,17.37,0.12
2927,2021-04-13,SAR,7607,3593,4014,5781,1826,ITG,ITG2,20,Sardegna,Sardegna,1639591,292410,17.83,0.46
2928,2021-04-18,SAR,5127,2225,2902,2258,2869,ITG,ITG2,20,Sardegna,Sardegna,1639591,297537,18.15,0.31
2929,2021-01-08,SAR,3258,1184,2074,3258,0,ITG,ITG2,20,Sardegna,Sardegna,1639591,300795,18.35,0.2
2930,2021-06-02,SAR,9784,4690,5094,8143,1641,ITG,ITG2,20,Sardegna,Sardegna,1639591,310579,18.94,0.6
2931,2021-04-20,SAR,10993,4993,6000,7779,3214,ITG,ITG2,20,Sardegna,Sardegna,1639591,321572,19.61,0.67
2932,2021-04-21,SAR,12074,5557,6517,6541,5533,ITG,ITG2,20,Sardegna,Sardegna,1639591,333646,20.35,0.74
2933,2021-01-11,SAR,1183,505,678,1183,0,ITG,ITG2,20,Sardegna,Sardegna,1639591,334829,20.42,0.07
2934,2021-01-25,SAR,588,212,376,22,566,ITG,ITG2,20,Sardegna,Sardegna,1639591,335417,20.46,0.04
2935,2021-05-16,SAR,8186,3818,4368,6026,2160,ITG,ITG2,20,Sardegna,Sardegna,1639591,343603,20.96,0.5
2936,2021-02-23,SAR,1519,1010,509,1285,234,ITG,ITG2,20,Sardegna,Sardegna,1639591,345122,21.05,0.09
2937,2021-05-02,SAR,5885,2669,3216,5304,581,ITG,ITG2,20,Sardegna,Sardegna,1639591,351007,21.41,0.36
2938,2021-02-08,SAR,1470,533,937,856,614,ITG,ITG2,20,Sardegna,Sardegna,1639591,352477,21.5,0.09
2939,2021-01-20,SAR,210,77,133,208,2,ITG,ITG2,20,Sardegna,Sardegna,1639591,352687,21.51,0.01
2940,2021-05-07,SAR,14129,6459,7670,9629,4500,ITG,ITG2,20,Sardegna,Sardegna,1639591,366816,22.37,0.86
2941,2021-01-27,SAR,1411,496,915,79,1332,ITG,ITG2,20,Sardegna,Sardegna,1639591,368227,22.46,0.09
2942,2021-03-25,SAR,8795,3704,5091,7490,1305,ITG,ITG2,20,Sardegna,Sardegna,1639591,377022,22.99,0.54
2943,2021-05-21,SAR,21103,10346,10757,15451,5652,ITG,ITG2,20,Sardegna,Sardegna,1639591,398125,24.28,1.29
2944,2021-03-18,SAR,7257,3071,4186,5652,1605,ITG,ITG2,20,Sardegna,Sardegna,1639591,405382,24.72,0.44
2945,2021-05-14,SAR,13891,6375,7516,10705,3186,ITG,ITG2,20,Sardegna,Sardegna,1639591,419273,25.57,0.85
2946,2021-02-03,SAR,1119,419,700,426,693,ITG,ITG2,20,Sardegna,Sardegna,1639591,420392,25.64,0.07
2947,2021-03-06,SAR,2639,1079,1560,858,1781,ITG,ITG2,20,Sardegna,Sardegna,1639591,423031,25.8,0.16
2948,2021-04-06,SAR,7446,3113,4333,5018,2428,ITG,ITG2,20,Sardegna,Sardegna,1639591,430477,26.26,0.45
2949,2020-12-27,SAR,65,34,31,65,0,ITG,ITG2,20,Sardegna,Sardegna,1639591,430542,26.26,0.0
2950,2021-04-25,SAR,4497,2269,2228,3718,779,ITG,ITG2,20,Sardegna,Sardegna,1639591,435039,26.53,0.27
2951,2021-01-15,SAR,1563,573,990,1563,0,ITG,ITG2,20,Sardegna,Sardegna,1639591,436602,26.63,0.1
2952,2021-02-01,SAR,1524,605,919,225,1299,ITG,ITG2,20,Sardegna,Sardegna,1639591,438126,26.72,0.09
2953,2021-05-09,SAR,6129,2874,3255,5203,926,ITG,ITG2,20,Sardegna,Sardegna,1639591,444255,27.1,0.37
2954,2021-05-26,SAR,14352,7126,7226,9832,4520,ITG,ITG2,20,Sardegna,Sardegna,1639591,458607,27.97,0.88
2955,2021-02-15,SAR,958,349,609,927,31,ITG,ITG2,20,Sardegna,Sardegna,1639591,459565,28.03,0.06
2956,2021-03-04,SAR,4002,1953,2049,2747,1255,ITG,ITG2,20,Sardegna,Sardegna,1639591,463567,28.27,0.24
2957,2021-03-21,SAR,4030,1809,2221,2590,1440,ITG,ITG2,20,Sardegna,Sardegna,1639591,467597,28.52,0.25
2958,2021-01-13,SAR,573,178,395,573,0,ITG,ITG2,20,Sardegna,Sardegna,1639591,468170,28.55,0.03
2959,2021-05-18,SAR,13919,6719,7200,9446,4473,ITG,ITG2,20,Sardegna,Sardegna,1639591,482089,29.4,0.85
2960,2021-02-24,SAR,2412,1293,1119,2223,189,ITG,ITG2,20,Sardegna,Sardegna,1639591,484501,29.55,0.15
2961,2021-03-08,SAR,4008,1790,2218,2788,1220,ITG,ITG2,20,Sardegna,Sardegna,1639591,488509,29.79,0.24
2962,2021-05-04,SAR,9538,4386,5152,7685,1853,ITG,ITG2,20,Sardegna,Sardegna,1639591,498047,30.38,0.58
2963,2021-01-24,SAR,90,34,56,5,85,ITG,ITG2,20,Sardegna,Sardegna,1639591,498137,30.38,0.01
2964,2021-03-10,SAR,6012,2919,3093,5162,850,ITG,ITG2,20,Sardegna,Sardegna,1639591,504149,30.75,0.37
2965,2021-05-06,SAR,12946,6009,6937,9800,3146,ITG,ITG2,20,Sardegna,Sardegna,1639591,517095,31.54,0.79
2966,2021-03-01,SAR,2162,1055,1107,1503,659,ITG,ITG2,20,Sardegna,Sardegna,1639591,519257,31.67,0.13
2967,2021-05-13,SAR,11409,5284,6125,8429,2980,ITG,ITG2,20,Sardegna,Sardegna,1639591,530666,32.37,0.7
2968,2021-02-02,SAR,1482,655,827,241,1241,ITG,ITG2,20,Sardegna,Sardegna,1639591,532148,32.46,0.09
2969,2021-05-15,SAR,13758,6417,7341,10325,3433,ITG,ITG2,20,Sardegna,Sardegna,1639591,545906,33.3,0.84
2970,2021-02-20,SAR,2041,855,1186,1707,334,ITG,ITG2,20,Sardegna,Sardegna,1639591,547947,33.42,0.12
2971,2021-04-29,SAR,11114,5109,6005,6761,4353,ITG,ITG2,20,Sardegna,Sardegna,1639591,559061,34.1,0.68
2972,2021-01-10,SAR,2183,750,1433,2183,0,ITG,ITG2,20,Sardegna,Sardegna,1639591,561244,34.23,0.13
2973,2021-03-29,SAR,4425,1559,2866,3837,588,ITG,ITG2,20,Sardegna,Sardegna,1639591,565669,34.5,0.27
2974,2021-04-15,SAR,11821,5525,6296,6865,4956,ITG,ITG2,20,Sardegna,Sardegna,1639591,577490,35.22,0.72
2975,2021-01-05,SAR,1327,446,881,1327,0,ITG,ITG2,20,Sardegna,Sardegna,1639591,578817,35.3,0.08
2976,2021-01-22,SAR,83,47,36,55,28,ITG,ITG2,20,Sardegna,Sardegna,1639591,578900,35.31,0.01
2977,2021-04-17,SAR,10079,4500,5579,5482,4597,ITG,ITG2,20,Sardegna,Sardegna,1639591,588979,35.92,0.61
2978,2021-01-03,SAR,90,36,54,90,0,ITG,ITG2,20,Sardegna,Sardegna,1639591,589069,35.93,0.01
2979,2021-02-05,SAR,1897,749,1148,433,1464,ITG,ITG2,20,Sardegna,Sardegna,1639591,590966,36.04,0.12
2980,2021-04-03,SAR,4663,1802,2861,2696,1967,ITG,ITG2,20,Sardegna,Sardegna,1639591,595629,36.33,0.28
2981,2021-05-30,SAR,9725,4836,4889,7369,2356,ITG,ITG2,20,Sardegna,Sardegna,1639591,605354,36.92,0.59
2982,2021-02-19,SAR,1499,473,1026,1443,56,ITG,ITG2,20,Sardegna,Sardegna,1639591,606853,37.01,0.09
2983,2021-03-27,SAR,5720,2178,3542,5298,422,ITG,ITG2,20,Sardegna,Sardegna,1639591,612573,37.36,0.35
2984,2021-05-23,SAR,9964,4805,5159,7720,2244,ITG,ITG2,20,Sardegna,Sardegna,1639591,622537,37.97,0.61
2985,2021-02-12,SAR,2237,933,1304,2178,59,ITG,ITG2,20,Sardegna,Sardegna,1639591,624774,38.11,0.14
2986,2021-04-10,SAR,10489,4748,5741,8554,1935,ITG,ITG2,20,Sardegna,Sardegna,1639591,635263,38.75,0.64
2987,2021-01-07,SAR,3112,1077,2035,3112,0,ITG,ITG2,20,Sardegna,Sardegna,1639591,638375,38.94,0.19
2988,2021-05-28,SAR,17704,8468,9236,13638,4066,ITG,ITG2,20,Sardegna,Sardegna,1639591,656079,40.01,1.08
2989,2021-02-17,SAR,1407,577,830,1333,74,ITG,ITG2,20,Sardegna,Sardegna,1639591,657486,40.1,0.09
2990,2021-05-25,SAR,14083,6840,7243,8534,5549,ITG,ITG2,20,Sardegna,Sardegna,1639591,671569,40.96,0.86
2991,2021-03-03,SAR,3859,2073,1786,2611,1248,ITG,ITG2,20,Sardegna,Sardegna,1639591,675428,41.19,0.24
2992,2021-03-22,SAR,3551,1363,2188,3038,513,ITG,ITG2,20,Sardegna,Sardegna,1639591,678979,41.41,0.22
2993,2021-04-08,SAR,13428,5925,7503,8308,5120,ITG,ITG2,20,Sardegna,Sardegna,1639591,692407,42.23,0.82
2994,2020-12-29,SAR,57,32,25,57,0,ITG,ITG2,20,Sardegna,Sardegna,1639591,692464,42.23,0.0
2995,2021-04-22,SAR,10491,4647,5844,5572,4919,ITG,ITG2,20,Sardegna,Sardegna,1639591,702955,42.87,0.64
2996,2021-04-27,SAR,7607,3547,4060,5566,2041,ITG,ITG2,20,Sardegna,Sardegna,1639591,710562,43.34,0.46
2997,2021-01-17,SAR,860,277,583,859,1,ITG,ITG2,20,Sardegna,Sardegna,1639591,711422,43.39,0.05
2998,2021-03-15,SAR,2689,1219,1470,2316,373,ITG,ITG2,20,Sardegna,Sardegna,1639591,714111,43.55,0.16
2999,2021-03-26,SAR,8091,3180,4911,6566,1525,ITG,ITG2,20,Sardegna,Sardegna,1639591,722202,44.05,0.49
3000,2021-05-22,SAR,24662,11823,12839,19565,5097,ITG,ITG2,20,Sardegna,Sardegna,1639591,746864,45.55,1.5
3001,2021-01-19,SAR,747,270,477,692,55,ITG,ITG2,20,Sardegna,Sardegna,1639591,747611,45.6,0.05
3002,2021-03-17,SAR,6556,2849,3707,4949,1607,ITG,ITG2,20,Sardegna,Sardegna,1639591,754167,46.0,0.4
3003,2021-01-26,SAR,1336,453,883,27,1309,ITG,ITG2,20,Sardegna,Sardegna,1639591,755503,46.08,0.08
3004,2021-05-08,SAR,13082,5967,7115,10794,2288,ITG,ITG2,20,Sardegna,Sardegna,1639591,768585,46.88,0.8
3005,2021-06-06,SAR,10058,5009,5049,6381,3677,ITG,ITG2,20,Sardegna,Sardegna,1639591,778643,47.49,0.61
3006,2021-04-14,SAR,8250,3902,4348,7013,1237,ITG,ITG2,20,Sardegna,Sardegna,1639591,786893,47.99,0.5
3007,2021-05-01,SAR,9907,4762,5145,5450,4457,ITG,ITG2,20,Sardegna,Sardegna,1639591,796800,48.6,0.6
3008,2021-01-21,SAR,126,60,66,94,32,ITG,ITG2,20,Sardegna,Sardegna,1639591,796926,48.61,0.01
3009,2021-02-07,SAR,1117,395,722,228,889,ITG,ITG2,20,Sardegna,Sardegna,1639591,798043,48.67,0.07
3010,2020-12-31,SAR,32,16,16,32,0,ITG,ITG2,20,Sardegna,Sardegna,1639591,798075,48.68,0.0
3011,2021-05-03,SAR,8182,3818,4364,6586,1596,ITG,ITG2,20,Sardegna,Sardegna,1639591,806257,49.17,0.5
3012,2021-05-20,SAR,15855,7500,8355,11306,4549,ITG,ITG2,20,Sardegna,Sardegna,1639591,822112,50.14,0.97
3013,2021-02-09,SAR,2287,837,1450,1290,997,ITG,ITG2,20,Sardegna,Sardegna,1639591,824399,50.28,0.14
3014,2021-02-26,SAR,2801,1109,1692,2495,306,ITG,ITG2,20,Sardegna,Sardegna,1639591,827200,50.45,0.17
3015,2021-04-01,SAR,10101,4026,6075,7088,3013,ITG,ITG2,20,Sardegna,Sardegna,1639591,837301,51.07,0.62
3016,2021-02-10,SAR,1959,765,1194,1441,518,ITG,ITG2,20,Sardegna,Sardegna,1639591,839260,51.19,0.12
3017,2021-01-12,SAR,865,408,457,865,0,ITG,ITG2,20,Sardegna,Sardegna,1639591,840125,51.24,0.05
3018,2021-05-11,SAR,8648,3989,4659,6317,2331,ITG,ITG2,20,Sardegna,Sardegna,1639591,848773,51.77,0.53
3019,2021-01-31,SAR,2121,750,1371,48,2073,ITG,ITG2,20,Sardegna,Sardegna,1639591,850894,51.9,0.13
3020,2021-02-14,SAR,539,263,276,537,2,ITG,ITG2,20,Sardegna,Sardegna,1639591,851433,51.93,0.03
3021,2021-04-05,SAR,2036,784,1252,2035,1,ITG,ITG2,20,Sardegna,Sardegna,1639591,853469,52.05,0.12
3022,2021-03-31,SAR,10155,4051,6104,7708,2447,ITG,ITG2,20,Sardegna,Sardegna,1639591,863624,52.67,0.62
3023,2021-03-24,SAR,7287,2998,4289,5928,1359,ITG,ITG2,20,Sardegna,Sardegna,1639591,870911,53.12,0.44
3024,2021-06-03,SAR,16057,7348,8709,10616,5441,ITG,ITG2,20,Sardegna,Sardegna,1639591,886968,54.1,0.98
3025,2021-03-12,SAR,5758,2408,3350,4450,1308,ITG,ITG2,20,Sardegna,Sardegna,1639591,892726,54.45,0.35
3026,2021-04-12,SAR,6990,3179,3811,5276,1714,ITG,ITG2,20,Sardegna,Sardegna,1639591,899716,54.87,0.43
3027,2021-01-02,SAR,60,21,39,60,0,ITG,ITG2,20,Sardegna,Sardegna,1639591,899776,54.88,0.0
3028,2021-06-08,SAR,14129,6642,7487,11197,2932,ITG,ITG2,20,Sardegna,Sardegna,1639591,913905,55.74,0.86
3029,2021-02-28,SAR,368,169,199,142,226,ITG,ITG2,20,Sardegna,Sardegna,1639591,914273,55.76,0.02
3030,2021-04-26,SAR,6820,3263,3557,5945,875,ITG,ITG2,20,Sardegna,Sardegna,1639591,921093,56.18,0.42
3031,2021-06-01,SAR,14148,6500,7648,9673,4475,ITG,ITG2,20,Sardegna,Sardegna,1639591,935241,57.04,0.86
3032,2021-02-21,SAR,1589,710,879,1559,30,ITG,ITG2,20,Sardegna,Sardegna,1639591,936830,57.14,0.1
3033,2021-04-19,SAR,10181,4617,5564,8762,1419,ITG,ITG2,20,Sardegna,Sardegna,1639591,947011,57.76,0.62
3034,2021-01-09,SAR,4026,1417,2609,4026,0,ITG,ITG2,20,Sardegna,Sardegna,1639591,951037,58.0,0.25
3035,2021-03-07,SAR,1657,750,907,1117,540,ITG,ITG2,20,Sardegna,Sardegna,1639591,952694,58.11,0.1
3036,2021-03-20,SAR,5194,2074,3120,2917,2277,ITG,ITG2,20,Sardegna,Sardegna,1639591,957888,58.42,0.32
3037,2021-01-29,SAR,2955,1069,1886,48,2907,ITG,ITG2,20,Sardegna,Sardegna,1639591,960843,58.6,0.18
3038,2021-01-28,SAR,2970,1045,1925,69,2901,ITG,ITG2,20,Sardegna,Sardegna,1639591,963813,58.78,0.18
3039,2021-05-27,SAR,16903,8468,8435,12137,4766,ITG,ITG2,20,Sardegna,Sardegna,1639591,980716,59.81,1.03
3040,2021-02-16,SAR,700,289,411,673,27,ITG,ITG2,20,Sardegna,Sardegna,1639591,981416,59.86,0.04
3041,2021-03-05,SAR,5036,2445,2591,2682,2354,ITG,ITG2,20,Sardegna,Sardegna,1639591,986452,60.16,0.31
3042,2021-03-19,SAR,7269,3049,4220,5054,2215,ITG,ITG2,20,Sardegna,Sardegna,1639591,993721,60.61,0.44
3043,2021-04-07,SAR,13478,5986,7492,7830,5648,ITG,ITG2,20,Sardegna,Sardegna,1639591,1007199,61.43,0.82
3044,2021-04-24,SAR,10366,4851,5515,8030,2336,ITG,ITG2,20,Sardegna,Sardegna,1639591,1017565,62.06,0.63
3045,2021-01-14,SAR,1105,426,679,1105,0,ITG,ITG2,20,Sardegna,Sardegna,1639591,1018670,62.13,0.07
3046,2021-04-02,TOS,31945,13535,18410,23921,8024,ITI,ITI1,9,Toscana,Toscana,3729641,31945,0.86,0.86
3047,2021-01-09,TOS,4485,1596,2889,4485,0,ITI,ITI1,9,Toscana,Toscana,3729641,36430,0.98,0.12
3048,2021-04-07,TOS,35634,15292,20342,28386,7248,ITI,ITI1,9,Toscana,Toscana,3729641,72064,1.93,0.96
3049,2021-04-16,TOS,28955,12889,16066,22045,6910,ITI,ITI1,9,Toscana,Toscana,3729641,101019,2.71,0.78
3050,2021-03-02,TOS,10598,3798,6800,7154,3444,ITI,ITI1,9,Toscana,Toscana,3729641,111617,2.99,0.28
3051,2021-01-04,TOS,5065,1894,3171,5065,0,ITI,ITI1,9,Toscana,Toscana,3729641,116682,3.13,0.14
3052,2021-04-14,TOS,20169,8337,11832,15060,5109,ITI,ITI1,9,Toscana,Toscana,3729641,136851,3.67,0.54
3053,2021-06-05,TOS,28194,13479,14715,20727,7467,ITI,ITI1,9,Toscana,Toscana,3729641,165045,4.43,0.76
3054,2021-01-11,TOS,5094,1691,3403,5094,0,ITI,ITI1,9,Toscana,Toscana,3729641,170139,4.56,0.14
3055,2021-04-21,TOS,29602,12665,16937,17517,12085,ITI,ITI1,9,Toscana,Toscana,3729641,199741,5.36,0.79
3056,2021-02-23,TOS,7721,3324,4397,7560,161,ITI,ITI1,9,Toscana,Toscana,3729641,207462,5.56,0.21
3057,2021-06-03,TOS,31740,15247,16493,27311,4429,ITI,ITI1,9,Toscana,Toscana,3729641,239202,6.41,0.85
3058,2021-05-17,TOS,29476,14630,14846,20806,8670,ITI,ITI1,9,Toscana,Toscana,3729641,268678,7.2,0.79
3059,2021-03-21,TOS,3231,1573,1658,1798,1433,ITI,ITI1,9,Toscana,Toscana,3729641,271909,7.29,0.09
3060,2021-01-23,TOS,3949,1354,2595,640,3309,ITI,ITI1,9,Toscana,Toscana,3729641,275858,7.4,0.11
3061,2021-05-03,TOS,11934,5510,6424,10615,1319,ITI,ITI1,9,Toscana,Toscana,3729641,287792,7.72,0.32
3062,2021-05-22,TOS,25978,12636,13342,21718,4260,ITI,ITI1,9,Toscana,Toscana,3729641,313770,8.41,0.7
3063,2021-05-05,TOS,30112,13438,16674,15647,14465,ITI,ITI1,9,Toscana,Toscana,3729641,343882,9.22,0.81
3064,2021-02-28,TOS,1649,667,982,922,727,ITI,ITI1,9,Toscana,Toscana,3729641,345531,9.26,0.04
3065,2021-02-11,TOS,5383,2021,3362,5141,242,ITI,ITI1,9,Toscana,Toscana,3729641,350914,9.41,0.14
3066,2021-02-09,TOS,4488,1468,3020,3877,611,ITI,ITI1,9,Toscana,Toscana,3729641,355402,9.53,0.12
3067,2021-01-28,TOS,6282,1882,4400,354,5928,ITI,ITI1,9,Toscana,Toscana,3729641,361684,9.7,0.17
3068,2021-03-19,TOS,10136,4457,5679,7271,2865,ITI,ITI1,9,Toscana,Toscana,3729641,371820,9.97,0.27
3069,2021-01-21,TOS,1589,686,903,867,722,ITI,ITI1,9,Toscana,Toscana,3729641,373409,10.01,0.04
3070,2021-03-26,TOS,20405,9161,11244,14644,5761,ITI,ITI1,9,Toscana,Toscana,3729641,393814,10.56,0.55
3071,2021-03-09,TOS,10674,4152,6522,5122,5552,ITI,ITI1,9,Toscana,Toscana,3729641,404488,10.85,0.29
3072,2021-04-09,TOS,24532,10546,13986,21123,3409,ITI,ITI1,9,Toscana,Toscana,3729641,429020,11.5,0.66
3073,2021-02-04,TOS,4253,1594,2659,961,3292,ITI,ITI1,9,Toscana,Toscana,3729641,433273,11.62,0.11
3074,2021-05-15,TOS,29312,13833,15479,23559,5753,ITI,ITI1,9,Toscana,Toscana,3729641,462585,12.4,0.79
3075,2021-04-28,TOS,19119,8186,10933,3832,15287,ITI,ITI1,9,Toscana,Toscana,3729641,481704,12.92,0.51
3076,2021-02-18,TOS,8819,3284,5535,7924,895,ITI,ITI1,9,Toscana,Toscana,3729641,490523,13.15,0.24
3077,2021-01-16,TOS,3271,1046,2225,3271,0,ITI,ITI1,9,Toscana,Toscana,3729641,493794,13.24,0.09
3078,2021-04-26,TOS,10153,4943,5210,7598,2555,ITI,ITI1,9,Toscana,Toscana,3729641,503947,13.51,0.27
3079,2021-01-02,TOS,3497,1096,2401,3497,0,ITI,ITI1,9,Toscana,Toscana,3729641,507444,13.61,0.09
3080,2021-03-07,TOS,5647,2357,3290,2104,3543,ITI,ITI1,9,Toscana,Toscana,3729641,513091,13.76,0.15
3081,2021-03-18,TOS,9978,3984,5994,6006,3972,ITI,ITI1,9,Toscana,Toscana,3729641,523069,14.02,0.27
3082,2021-04-04,TOS,13910,6601,7309,13657,253,ITI,ITI1,9,Toscana,Toscana,3729641,536979,14.4,0.37
3083,2021-03-16,TOS,4904,1884,3020,2653,2251,ITI,ITI1,9,Toscana,Toscana,3729641,541883,14.53,0.13
3084,2021-02-27,TOS,1984,756,1228,1082,902,ITI,ITI1,9,Toscana,Toscana,3729641,543867,14.58,0.05
3085,2021-03-04,TOS,17626,6760,10866,14544,3082,ITI,ITI1,9,Toscana,Toscana,3729641,561493,15.05,0.47
3086,2021-01-06,TOS,4520,1460,3060,4520,0,ITI,ITI1,9,Toscana,Toscana,3729641,566013,15.18,0.12
3087,2021-02-16,TOS,9279,3339,5940,8558,721,ITI,ITI1,9,Toscana,Toscana,3729641,575292,15.42,0.25
3088,2021-05-02,TOS,11167,4931,6236,9204,1963,ITI,ITI1,9,Toscana,Toscana,3729641,586459,15.72,0.3
3089,2021-02-25,TOS,10634,4306,6328,9635,999,ITI,ITI1,9,Toscana,Toscana,3729641,597093,16.01,0.29
3090,2021-01-20,TOS,1331,637,694,1083,248,ITI,ITI1,9,Toscana,Toscana,3729641,598424,16.05,0.04
3091,2021-04-30,TOS,40174,17771,22403,20316,19858,ITI,ITI1,9,Toscana,Toscana,3729641,638598,17.12,1.08
3092,2021-04-25,TOS,11054,5248,5806,8917,2137,ITI,ITI1,9,Toscana,Toscana,3729641,649652,17.42,0.3
3093,2021-01-13,TOS,4062,1398,2664,4062,0,ITI,ITI1,9,Toscana,Toscana,3729641,653714,17.53,0.11
3094,2021-03-28,TOS,6212,2808,3404,5958,254,ITI,ITI1,9,Toscana,Toscana,3729641,659926,17.69,0.17
3095,2021-01-30,TOS,4622,1622,3000,198,4424,ITI,ITI1,9,Toscana,Toscana,3729641,664548,17.82,0.12
3096,2021-05-10,TOS,26140,12352,13788,15522,10618,ITI,ITI1,9,Toscana,Toscana,3729641,690688,18.52,0.7
3097,2021-03-14,TOS,7165,2560,4605,3230,3935,ITI,ITI1,9,Toscana,Toscana,3729641,697853,18.71,0.19
3098,2021-02-06,TOS,4527,1550,2977,1294,3233,ITI,ITI1,9,Toscana,Toscana,3729641,702380,18.83,0.12
3099,2021-05-24,TOS,33368,16400,16968,24090,9278,ITI,ITI1,9,Toscana,Toscana,3729641,735748,19.73,0.89
3100,2021-01-25,TOS,5127,1896,3231,248,4879,ITI,ITI1,9,Toscana,Toscana,3729641,740875,19.86,0.14
3101,2021-04-18,TOS,8338,4083,4255,7342,996,ITI,ITI1,9,Toscana,Toscana,3729641,749213,20.09,0.22
3102,2021-05-07,TOS,32083,14673,17410,11994,20089,ITI,ITI1,9,Toscana,Toscana,3729641,781296,20.95,0.86
3103,2021-02-13,TOS,7785,2360,5425,7558,227,ITI,ITI1,9,Toscana,Toscana,3729641,789081,21.16,0.21
3104,2021-06-02,TOS,27543,13597,13946,22040,5503,ITI,ITI1,9,Toscana,Toscana,3729641,816624,21.9,0.74
3105,2021-04-06,TOS,22171,9774,12397,18457,3714,ITI,ITI1,9,Toscana,Toscana,3729641,838795,22.49,0.59
3106,2021-02-08,TOS,4097,1360,2737,3638,459,ITI,ITI1,9,Toscana,Toscana,3729641,842892,22.6,0.11
3107,2021-05-19,TOS,27831,13479,14352,18879,8952,ITI,ITI1,9,Toscana,Toscana,3729641,870723,23.35,0.75
3108,2021-04-13,TOS,8491,3509,4982,6031,2460,ITI,ITI1,9,Toscana,Toscana,3729641,879214,23.57,0.23
3109,2021-05-26,TOS,35181,16776,18405,20170,15011,ITI,ITI1,9,Toscana,Toscana,3729641,914395,24.52,0.94
3110,2021-03-30,TOS,16861,7498,9363,13297,3564,ITI,ITI1,9,Toscana,Toscana,3729641,931256,24.97,0.45
3111,2021-02-20,TOS,4640,1789,2851,4127,513,ITI,ITI1,9,Toscana,Toscana,3729641,935896,25.09,0.12
3112,2021-05-31,TOS,30054,14407,15647,19374,10680,ITI,ITI1,9,Toscana,Toscana,3729641,965950,25.9,0.81
3113,2021-05-14,TOS,33266,15385,17881,20636,12630,ITI,ITI1,9,Toscana,Toscana,3729641,999216,26.79,0.89
3114,2021-05-29,TOS,31530,15243,16287,23387,8143,ITI,ITI1,9,Toscana,Toscana,3729641,1030746,27.64,0.85
3115,2021-03-23,TOS,9094,4102,4992,6820,2274,ITI,ITI1,9,Toscana,Toscana,3729641,1039840,27.88,0.24
3116,2020-12-30,TOS,327,104,223,327,0,ITI,ITI1,9,Toscana,Toscana,3729641,1040167,27.89,0.01
3117,2021-05-12,TOS,34127,15547,18580,14160,19967,ITI,ITI1,9,Toscana,Toscana,3729641,1074294,28.8,0.92
3118,2021-01-18,TOS,1119,636,483,1021,98,ITI,ITI1,9,Toscana,Toscana,3729641,1075413,28.83,0.03
3119,2021-02-01,TOS,5509,1958,3551,521,4988,ITI,ITI1,9,Toscana,Toscana,3729641,1080922,28.98,0.15
3120,2021-06-07,TOS,34321,16723,17598,30949,3372,ITI,ITI1,9,Toscana,Toscana,3729641,1115243,29.9,0.92
3121,2021-05-21,TOS,28608,13226,15382,17448,11160,ITI,ITI1,9,Toscana,Toscana,3729641,1143851,30.67,0.77
3122,2021-03-01,TOS,4472,1733,2739,832,3640,ITI,ITI1,9,Toscana,Toscana,3729641,1148323,30.79,0.12
3123,2021-05-23,TOS,28370,13643,14727,25805,2565,ITI,ITI1,9,Toscana,Toscana,3729641,1176693,31.55,0.76
3124,2021-03-11,TOS,15495,5993,9502,12169,3326,ITI,ITI1,9,Toscana,Toscana,3729641,1192188,31.97,0.42
3125,2021-02-05,TOS,5749,2245,3504,1924,3825,ITI,ITI1,9,Toscana,Toscana,3729641,1197937,32.12,0.15
3126,2021-05-16,TOS,26660,12879,13781,24200,2460,ITI,ITI1,9,Toscana,Toscana,3729641,1224597,32.83,0.71
3127,2021-05-11,TOS,27938,12981,14957,12481,15457,ITI,ITI1,9,Toscana,Toscana,3729641,1252535,33.58,0.75
3128,2021-03-13,TOS,9275,3301,5974,5312,3963,ITI,ITI1,9,Toscana,Toscana,3729641,1261810,33.83,0.25
3129,2021-01-29,TOS,6144,1700,4444,304,5840,ITI,ITI1,9,Toscana,Toscana,3729641,1267954,34.0,0.16
3130,2021-05-09,TOS,22524,9764,12760,9665,12859,ITI,ITI1,9,Toscana,Toscana,3729641,1290478,34.6,0.6
3131,2021-05-20,TOS,29500,13694,15806,18896,10604,ITI,ITI1,9,Toscana,Toscana,3729641,1319978,35.39,0.79
3132,2021-01-31,TOS,3050,1129,1921,106,2944,ITI,ITI1,9,Toscana,Toscana,3729641,1323028,35.47,0.08
3133,2021-04-05,TOS,15279,6823,8456,14542,737,ITI,ITI1,9,Toscana,Toscana,3729641,1338307,35.88,0.41
3134,2021-02-07,TOS,2806,952,1854,886,1920,ITI,ITI1,9,Toscana,Toscana,3729641,1341113,35.96,0.08
3135,2021-04-23,TOS,25675,11428,14247,9359,16316,ITI,ITI1,9,Toscana,Toscana,3729641,1366788,36.65,0.69
3136,2021-03-20,TOS,6490,2884,3606,5354,1136,ITI,ITI1,9,Toscana,Toscana,3729641,1373278,36.82,0.17
3137,2021-01-22,TOS,2866,1064,1802,528,2338,ITI,ITI1,9,Toscana,Toscana,3729641,1376144,36.9,0.08
3138,2021-03-27,TOS,8860,4150,4710,8645,215,ITI,ITI1,9,Toscana,Toscana,3729641,1385004,37.14,0.24
3139,2021-01-08,TOS,5946,1642,4304,5946,0,ITI,ITI1,9,Toscana,Toscana,3729641,1390950,37.29,0.16
3140,2021-04-01,TOS,26920,11114,15806,16301,10619,ITI,ITI1,9,Toscana,Toscana,3729641,1417870,38.02,0.72
3141,2021-03-15,TOS,8359,3335,5024,3916,4443,ITI,ITI1,9,Toscana,Toscana,3729641,1426229,38.24,0.22
3142,2021-01-10,TOS,3001,1104,1897,3001,0,ITI,ITI1,9,Toscana,Toscana,3729641,1429230,38.32,0.08
3143,2021-04-20,TOS,18156,8110,10046,12599,5557,ITI,ITI1,9,Toscana,Toscana,3729641,1447386,38.81,0.49
3144,2021-04-03,TOS,15013,6646,8367,13887,1126,ITI,ITI1,9,Toscana,Toscana,3729641,1462399,39.21,0.4
3145,2021-04-15,TOS,24404,10197,14207,15866,8538,ITI,ITI1,9,Toscana,Toscana,3729641,1486803,39.86,0.65
3146,2021-02-17,TOS,8175,3169,5006,7423,752,ITI,ITI1,9,Toscana,Toscana,3729641,1494978,40.08,0.22
3147,2021-05-28,TOS,29852,13720,16132,17499,12353,ITI,ITI1,9,Toscana,Toscana,3729641,1524830,40.88,0.8
3148,2021-04-22,TOS,35720,15301,20419,18281,17439,ITI,ITI1,9,Toscana,Toscana,3729641,1560550,41.84,0.96
3149,2021-02-24,TOS,10372,4467,5905,10171,201,ITI,ITI1,9,Toscana,Toscana,3729641,1570922,42.12,0.28
3150,2021-06-04,TOS,27957,13177,14780,20256,7701,ITI,ITI1,9,Toscana,Toscana,3729641,1598879,42.87,0.75
3151,2021-04-08,TOS,29664,12542,17122,23277,6387,ITI,ITI1,9,Toscana,Toscana,3729641,1628543,43.66,0.8
3152,2021-03-03,TOS,18193,6509,11684,14587,3606,ITI,ITI1,9,Toscana,Toscana,3729641,1646736,44.15,0.49
3153,2021-01-05,TOS,5249,1755,3494,5249,0,ITI,ITI1,9,Toscana,Toscana,3729641,1651985,44.29,0.14
3154,2021-01-19,TOS,1104,531,573,1104,0,ITI,ITI1,9,Toscana,Toscana,3729641,1653089,44.32,0.03
3155,2021-04-27,TOS,10348,4910,5438,3866,6482,ITI,ITI1,9,Toscana,Toscana,3729641,1663437,44.6,0.28
3156,2021-01-17,TOS,2536,871,1665,2023,513,ITI,ITI1,9,Toscana,Toscana,3729641,1665973,44.67,0.07
3157,2021-02-14,TOS,9000,2569,6431,8890,110,ITI,ITI1,9,Toscana,Toscana,3729641,1674973,44.91,0.24
3158,2021-05-25,TOS,33814,16216,17598,19336,14478,ITI,ITI1,9,Toscana,Toscana,3729641,1708787,45.82,0.91
3159,2021-03-29,TOS,9390,4587,4803,9066,324,ITI,ITI1,9,Toscana,Toscana,3729641,1718177,46.07,0.25
3160,2021-05-18,TOS,28725,14158,14567,19988,8737,ITI,ITI1,9,Toscana,Toscana,3729641,1746902,46.84,0.77
3161,2021-02-10,TOS,4263,1281,2982,3740,523,ITI,ITI1,9,Toscana,Toscana,3729641,1751165,46.95,0.11
3162,2021-05-04,TOS,18301,8207,10094,12854,5447,ITI,ITI1,9,Toscana,Toscana,3729641,1769466,47.44,0.49
3163,2021-02-12,TOS,7606,2683,4923,7393,213,ITI,ITI1,9,Toscana,Toscana,3729641,1777072,47.65,0.2
3164,2021-01-26,TOS,5393,1792,3601,220,5173,ITI,ITI1,9,Toscana,Toscana,3729641,1782465,47.79,0.14
3165,2021-01-12,TOS,3581,1398,2183,3581,0,ITI,ITI1,9,Toscana,Toscana,3729641,1786046,47.89,0.1
3166,2021-05-06,TOS,31351,13630,17721,14174,17177,ITI,ITI1,9,Toscana,Toscana,3729641,1817397,48.73,0.84
3167,2021-04-19,TOS,9090,4504,4586,8062,1028,ITI,ITI1,9,Toscana,Toscana,3729641,1826487,48.97,0.24
3168,2021-04-17,TOS,20532,9206,11326,18410,2122,ITI,ITI1,9,Toscana,Toscana,3729641,1847019,49.52,0.55
3169,2021-01-24,TOS,3349,1073,2276,201,3148,ITI,ITI1,9,Toscana,Toscana,3729641,1850368,49.61,0.09
3170,2021-01-07,TOS,6018,1751,4267,6018,0,ITI,ITI1,9,Toscana,Toscana,3729641,1856386,49.77,0.16
3171,2020-12-27,TOS,620,267,353,620,0,ITI,ITI1,9,Toscana,Toscana,3729641,1857006,49.79,0.02
3172,2021-01-03,TOS,3335,1051,2284,3335,0,ITI,ITI1,9,Toscana,Toscana,3729641,1860341,49.88,0.09
3173,2021-02-15,TOS,8771,3375,5396,7946,825,ITI,ITI1,9,Toscana,Toscana,3729641,1869112,50.12,0.24
3174,2021-02-22,TOS,9818,4254,5564,9541,277,ITI,ITI1,9,Toscana,Toscana,3729641,1878930,50.38,0.26
3175,2021-03-08,TOS,6371,2630,3741,1551,4820,ITI,ITI1,9,Toscana,Toscana,3729641,1885301,50.55,0.17
3176,2021-05-30,TOS,28653,13942,14711,21714,6939,ITI,ITI1,9,Toscana,Toscana,3729641,1913954,51.32,0.77
3177,2020-12-31,TOS,803,202,601,803,0,ITI,ITI1,9,Toscana,Toscana,3729641,1914757,51.34,0.02
3178,2021-04-10,TOS,11722,5348,6374,10977,745,ITI,ITI1,9,Toscana,Toscana,3729641,1926479,51.65,0.31
3179,2021-01-27,TOS,4835,1573,3262,206,4629,ITI,ITI1,9,Toscana,Toscana,3729641,1931314,51.78,0.13
3180,2021-03-17,TOS,11421,4586,6835,6893,4528,ITI,ITI1,9,Toscana,Toscana,3729641,1942735,52.09,0.31
3181,2021-06-08,TOS,30201,15351,14850,29903,298,ITI,ITI1,9,Toscana,Toscana,3729641,1972936,52.9,0.81
3182,2021-02-26,TOS,10076,3833,6243,8870,1206,ITI,ITI1,9,Toscana,Toscana,3729641,1983012,53.17,0.27
3183,2021-06-06,TOS,28277,13639,14638,22922,5355,ITI,ITI1,9,Toscana,Toscana,3729641,2011289,53.93,0.76
3184,2021-02-19,TOS,8291,2952,5339,7781,510,ITI,ITI1,9,Toscana,Toscana,3729641,2019580,54.15,0.22
3185,2021-05-27,TOS,27905,12821,15084,13253,14652,ITI,ITI1,9,Toscana,Toscana,3729641,2047485,54.9,0.75
3186,2021-03-31,TOS,32578,13137,19441,20419,12159,ITI,ITI1,9,Toscana,Toscana,3729641,2080063,55.77,0.87
3187,2021-03-22,TOS,4890,2451,2439,4446,444,ITI,ITI1,9,Toscana,Toscana,3729641,2084953,55.9,0.13
3188,2021-05-08,TOS,29149,13113,16036,13695,15454,ITI,ITI1,9,Toscana,Toscana,3729641,2114102,56.68,0.78
3189,2021-03-12,TOS,16524,6221,10303,12996,3528,ITI,ITI1,9,Toscana,Toscana,3729641,2130626,57.13,0.44
3190,2021-01-14,TOS,3255,1179,2076,3255,0,ITI,ITI1,9,Toscana,Toscana,3729641,2133881,57.21,0.09
3191,2021-04-24,TOS,13434,6164,7270,5990,7444,ITI,ITI1,9,Toscana,Toscana,3729641,2147315,57.57,0.36
3192,2021-05-01,TOS,23310,10061,13249,14135,9175,ITI,ITI1,9,Toscana,Toscana,3729641,2170625,58.2,0.62
3193,2021-03-05,TOS,16493,6335,10158,11751,4742,ITI,ITI1,9,Toscana,Toscana,3729641,2187118,58.64,0.44
3194,2021-01-01,TOS,2369,787,1582,2369,0,ITI,ITI1,9,Toscana,Toscana,3729641,2189487,58.71,0.06
3195,2021-04-11,TOS,3642,1679,1963,3487,155,ITI,ITI1,9,Toscana,Toscana,3729641,2193129,58.8,0.1
3196,2021-03-06,TOS,7094,2838,4256,2901,4193,ITI,ITI1,9,Toscana,Toscana,3729641,2200223,58.99,0.19
3197,2021-02-03,TOS,4221,1452,2769,241,3980,ITI,ITI1,9,Toscana,Toscana,3729641,2204444,59.11,0.11
3198,2021-01-15,TOS,3878,1347,2531,3878,0,ITI,ITI1,9,Toscana,Toscana,3729641,2208322,59.21,0.1
3199,2021-03-25,TOS,23623,10128,13495,15274,8349,ITI,ITI1,9,Toscana,Toscana,3729641,2231945,59.84,0.63
3200,2021-04-12,TOS,2612,1183,1429,1958,654,ITI,ITI1,9,Toscana,Toscana,3729641,2234557,59.91,0.07
3201,2021-05-13,TOS,34877,15335,19542,13722,21155,ITI,ITI1,9,Toscana,Toscana,3729641,2269434,60.85,0.94
3202,2021-04-29,TOS,39338,17711,21627,19237,20101,ITI,ITI1,9,Toscana,Toscana,3729641,2308772,61.9,1.05
3203,2021-03-24,TOS,19687,8004,11683,10230,9457,ITI,ITI1,9,Toscana,Toscana,3729641,2328459,62.43,0.53
3204,2021-02-21,TOS,5105,2089,3016,4935,170,ITI,ITI1,9,Toscana,Toscana,3729641,2333564,62.57,0.14
3205,2021-06-01,TOS,26700,13203,13497,23017,3683,ITI,ITI1,9,Toscana,Toscana,3729641,2360264,63.28,0.72
3206,2021-03-10,TOS,18016,7075,10941,13998,4018,ITI,ITI1,9,Toscana,Toscana,3729641,2378280,63.77,0.48
3207,2021-02-02,TOS,3743,1475,2268,196,3547,ITI,ITI1,9,Toscana,Toscana,3729641,2382023,63.87,0.1
3208,2021-05-31,SIC,37591,16786,20805,21512,16079,ITG,ITG1,19,Sicilia,Sicilia,4999891,37591,0.75,0.75
3209,2021-02-18,SIC,5276,3100,2176,4847,429,ITG,ITG1,19,Sicilia,Sicilia,4999891,42867,0.86,0.11
3210,2021-05-12,SIC,36681,17255,19426,21831,14850,ITG,ITG1,19,Sicilia,Sicilia,4999891,79548,1.59,0.73
3211,2021-02-13,SIC,2977,1123,1854,2721,256,ITG,ITG1,19,Sicilia,Sicilia,4999891,82525,1.65,0.06
3212,2021-05-24,SIC,35481,17081,18400,15737,19744,ITG,ITG1,19,Sicilia,Sicilia,4999891,118006,2.36,0.71
3213,2021-05-17,SIC,31899,15366,16533,19245,12654,ITG,ITG1,19,Sicilia,Sicilia,4999891,149905,3.0,0.64
3214,2021-03-21,SIC,15210,7330,7880,11240,3970,ITG,ITG1,19,Sicilia,Sicilia,4999891,165115,3.3,0.3
3215,2021-02-06,SIC,4684,2088,2596,1464,3220,ITG,ITG1,19,Sicilia,Sicilia,4999891,169799,3.4,0.09
3216,2021-02-04,SIC,6692,3044,3648,1451,5241,ITG,ITG1,19,Sicilia,Sicilia,4999891,176491,3.53,0.13
3217,2021-01-30,SIC,7628,3497,4131,168,7460,ITG,ITG1,19,Sicilia,Sicilia,4999891,184119,3.68,0.15
3218,2021-03-28,SIC,10913,5132,5781,6902,4011,ITG,ITG1,19,Sicilia,Sicilia,4999891,195032,3.9,0.22
3219,2021-04-04,SIC,6824,3325,3499,5532,1292,ITG,ITG1,19,Sicilia,Sicilia,4999891,201856,4.04,0.14
3220,2021-03-02,SIC,14607,6251,8356,11835,2772,ITG,ITG1,19,Sicilia,Sicilia,4999891,216463,4.33,0.29
3221,2021-01-04,SIC,8234,4115,4119,8234,0,ITG,ITG1,19,Sicilia,Sicilia,4999891,224697,4.49,0.16
3222,2021-01-18,SIC,1436,581,855,1289,147,ITG,ITG1,19,Sicilia,Sicilia,4999891,226133,4.52,0.03
3223,2021-04-28,SIC,29178,13684,15494,20156,9022,ITG,ITG1,19,Sicilia,Sicilia,4999891,255311,5.11,0.58
3224,2021-02-23,SIC,8682,4587,4095,8219,463,ITG,ITG1,19,Sicilia,Sicilia,4999891,263993,5.28,0.17
3225,2021-03-09,SIC,12806,5437,7369,10607,2199,ITG,ITG1,19,Sicilia,Sicilia,4999891,276799,5.54,0.26
3226,2021-01-11,SIC,5754,2533,3221,5754,0,ITG,ITG1,19,Sicilia,Sicilia,4999891,282553,5.65,0.12
3227,2021-04-11,SIC,15335,7575,7760,8306,7029,ITG,ITG1,19,Sicilia,Sicilia,4999891,297888,5.96,0.31
3228,2020-12-30,SIC,176,102,74,176,0,ITG,ITG1,19,Sicilia,Sicilia,4999891,298064,5.96,0.0
3229,2021-01-16,SIC,2456,1098,1358,2456,0,ITG,ITG1,19,Sicilia,Sicilia,4999891,300520,6.01,0.05
3230,2021-04-09,SIC,20239,9863,10376,11164,9075,ITG,ITG1,19,Sicilia,Sicilia,4999891,320759,6.42,0.4
3231,2021-03-23,SIC,20772,9956,10816,15258,5514,ITG,ITG1,19,Sicilia,Sicilia,4999891,341531,6.83,0.42
3232,2020-12-28,SIC,211,126,85,211,0,ITG,ITG1,19,Sicilia,Sicilia,4999891,341742,6.83,0.0
3233,2021-04-23,SIC,28626,13710,14916,22812,5814,ITG,ITG1,19,Sicilia,Sicilia,4999891,370368,7.41,0.57
3234,2021-04-30,SIC,34918,16308,18610,23939,10979,ITG,ITG1,19,Sicilia,Sicilia,4999891,405286,8.11,0.7
3235,2021-03-04,SIC,14943,6445,8498,10825,4118,ITG,ITG1,19,Sicilia,Sicilia,4999891,420229,8.4,0.3
3236,2021-02-25,SIC,9868,5156,4712,8706,1162,ITG,ITG1,19,Sicilia,Sicilia,4999891,430097,8.6,0.2
3237,2021-06-05,SIC,59387,28261,31126,48807,10580,ITG,ITG1,19,Sicilia,Sicilia,4999891,489484,9.79,1.19
3238,2021-03-14,SIC,8774,3928,4846,4938,3836,ITG,ITG1,19,Sicilia,Sicilia,4999891,498258,9.97,0.18
3239,2021-02-11,SIC,5236,2061,3175,4775,461,ITG,ITG1,19,Sicilia,Sicilia,4999891,503494,10.07,0.1
3240,2021-06-07,SIC,48863,22961,25902,41099,7764,ITG,ITG1,19,Sicilia,Sicilia,4999891,552357,11.05,0.98
3241,2021-01-25,SIC,7376,3647,3729,301,7075,ITG,ITG1,19,Sicilia,Sicilia,4999891,559733,11.19,0.15
3242,2021-05-05,SIC,26159,12118,14041,16670,9489,ITG,ITG1,19,Sicilia,Sicilia,4999891,585892,11.72,0.52
3243,2021-05-19,SIC,42523,20514,22009,28310,14213,ITG,ITG1,19,Sicilia,Sicilia,4999891,628415,12.57,0.85
3244,2021-03-16,SIC,9557,4276,5281,3623,5934,ITG,ITG1,19,Sicilia,Sicilia,4999891,637972,12.76,0.19
3245,2021-04-08,SIC,16571,8205,8366,8119,8452,ITG,ITG1,19,Sicilia,Sicilia,4999891,654543,13.09,0.33
3246,2021-02-20,SIC,7139,3692,3447,6897,242,ITG,ITG1,19,Sicilia,Sicilia,4999891,661682,13.23,0.14
3247,2021-02-03,SIC,5915,2776,3139,721,5194,ITG,ITG1,19,Sicilia,Sicilia,4999891,667597,13.35,0.12
3248,2021-04-27,SIC,26211,12631,13580,15517,10694,ITG,ITG1,19,Sicilia,Sicilia,4999891,693808,13.88,0.52
3249,2021-05-14,SIC,52030,24375,27655,36315,15715,ITG,ITG1,19,Sicilia,Sicilia,4999891,745838,14.92,1.04
3250,2021-01-01,SIC,816,437,379,816,0,ITG,ITG1,19,Sicilia,Sicilia,4999891,746654,14.93,0.02
3251,2021-04-20,SIC,19125,9009,10116,13877,5248,ITG,ITG1,19,Sicilia,Sicilia,4999891,765779,15.32,0.38
3252,2021-02-15,SIC,3729,1733,1996,3165,564,ITG,ITG1,19,Sicilia,Sicilia,4999891,769508,15.39,0.07
3253,2021-06-04,SIC,57098,26368,30730,45354,11744,ITG,ITG1,19,Sicilia,Sicilia,4999891,826606,16.53,1.14
3254,2021-04-06,SIC,17656,8471,9185,13374,4282,ITG,ITG1,19,Sicilia,Sicilia,4999891,844262,16.89,0.35
3255,2021-02-22,SIC,7888,4091,3797,7398,490,ITG,ITG1,19,Sicilia,Sicilia,4999891,852150,17.04,0.16
3256,2020-12-27,SIC,92,55,37,92,0,ITG,ITG1,19,Sicilia,Sicilia,4999891,852242,17.05,0.0
3257,2021-06-02,SIC,35170,16246,18924,27405,7765,ITG,ITG1,19,Sicilia,Sicilia,4999891,887412,17.75,0.7
3258,2021-03-01,SIC,12692,6012,6680,11038,1654,ITG,ITG1,19,Sicilia,Sicilia,4999891,900104,18.0,0.25
3259,2021-05-16,SIC,33132,16134,16998,21808,11324,ITG,ITG1,19,Sicilia,Sicilia,4999891,933236,18.67,0.66
3260,2021-05-02,SIC,24623,11434,13189,18023,6600,ITG,ITG1,19,Sicilia,Sicilia,4999891,957859,19.16,0.49
3261,2021-03-20,SIC,18554,8949,9605,13418,5136,ITG,ITG1,19,Sicilia,Sicilia,4999891,976413,19.53,0.37
3262,2021-03-25,SIC,20282,9403,10879,14817,5465,ITG,ITG1,19,Sicilia,Sicilia,4999891,996695,19.93,0.41
3263,2021-03-06,SIC,12641,5059,7582,9859,2782,ITG,ITG1,19,Sicilia,Sicilia,4999891,1009336,20.19,0.25
3264,2021-05-28,SIC,50964,22750,28214,24687,26277,ITG,ITG1,19,Sicilia,Sicilia,4999891,1060300,21.21,1.02
3265,2021-05-07,SIC,36486,17238,19248,24930,11556,ITG,ITG1,19,Sicilia,Sicilia,4999891,1096786,21.94,0.73
3266,2021-03-11,SIC,15091,6382,8709,12721,2370,ITG,ITG1,19,Sicilia,Sicilia,4999891,1111877,22.24,0.3
3267,2021-01-27,SIC,7277,3709,3568,181,7096,ITG,ITG1,19,Sicilia,Sicilia,4999891,1119154,22.38,0.15
3268,2021-01-13,SIC,5118,2421,2697,5118,0,ITG,ITG1,19,Sicilia,Sicilia,4999891,1124272,22.49,0.1
3269,2021-01-20,SIC,785,398,387,531,254,ITG,ITG1,19,Sicilia,Sicilia,4999891,1125057,22.5,0.02
3270,2021-03-18,SIC,15285,7664,7621,9790,5495,ITG,ITG1,19,Sicilia,Sicilia,4999891,1140342,22.81,0.31
3271,2021-02-27,SIC,12239,5502,6737,11035,1204,ITG,ITG1,19,Sicilia,Sicilia,4999891,1152581,23.05,0.24
3272,2021-02-08,SIC,3882,1678,2204,2129,1753,ITG,ITG1,19,Sicilia,Sicilia,4999891,1156463,23.13,0.08
3273,2021-01-22,SIC,1249,630,619,243,1006,ITG,ITG1,19,Sicilia,Sicilia,4999891,1157712,23.15,0.02
3274,2021-01-08,SIC,8102,3775,4327,8102,0,ITG,ITG1,19,Sicilia,Sicilia,4999891,1165814,23.32,0.16
3275,2021-04-18,SIC,19706,9850,9856,15346,4360,ITG,ITG1,19,Sicilia,Sicilia,4999891,1185520,23.71,0.39
3276,2021-04-16,SIC,28551,14333,14218,20286,8265,ITG,ITG1,19,Sicilia,Sicilia,4999891,1214071,24.28,0.57
3277,2021-01-23,SIC,4332,2239,2093,216,4116,ITG,ITG1,19,Sicilia,Sicilia,4999891,1218403,24.37,0.09
3278,2021-01-06,SIC,6228,3279,2949,6228,0,ITG,ITG1,19,Sicilia,Sicilia,4999891,1224631,24.49,0.12
3279,2021-04-02,SIC,13841,6520,7321,9108,4733,ITG,ITG1,19,Sicilia,Sicilia,4999891,1238472,24.77,0.28
3280,2021-02-10,SIC,4355,1777,2578,3973,382,ITG,ITG1,19,Sicilia,Sicilia,4999891,1242827,24.86,0.09
3281,2021-05-21,SIC,45682,21499,24183,24374,21308,ITG,ITG1,19,Sicilia,Sicilia,4999891,1288509,25.77,0.91
3282,2021-04-01,SIC,14216,6582,7634,9552,4664,ITG,ITG1,19,Sicilia,Sicilia,4999891,1302725,26.06,0.28
3283,2021-01-15,SIC,4717,2056,2661,4717,0,ITG,ITG1,19,Sicilia,Sicilia,4999891,1307442,26.15,0.09
3284,2021-04-25,SIC,21352,10183,11169,16375,4977,ITG,ITG1,19,Sicilia,Sicilia,4999891,1328794,26.58,0.43
3285,2021-02-01,SIC,5890,2614,3276,296,5594,ITG,ITG1,19,Sicilia,Sicilia,4999891,1334684,26.69,0.12
3286,2021-03-22,SIC,16505,7782,8723,11143,5362,ITG,ITG1,19,Sicilia,Sicilia,4999891,1351189,27.02,0.33
3287,2020-12-29,SIC,241,150,91,241,0,ITG,ITG1,19,Sicilia,Sicilia,4999891,1351430,27.03,0.0
3288,2021-04-10,SIC,20404,9960,10444,11438,8966,ITG,ITG1,19,Sicilia,Sicilia,4999891,1371834,27.44,0.41
3289,2021-01-17,SIC,1302,589,713,1245,57,ITG,ITG1,19,Sicilia,Sicilia,4999891,1373136,27.46,0.03
3290,2021-05-26,SIC,44280,20589,23691,24048,20232,ITG,ITG1,19,Sicilia,Sicilia,4999891,1417416,28.35,0.89
3291,2021-01-03,SIC,4709,2463,2246,4709,0,ITG,ITG1,19,Sicilia,Sicilia,4999891,1422125,28.44,0.09
3292,2021-04-13,SIC,19684,9590,10094,10934,8750,ITG,ITG1,19,Sicilia,Sicilia,4999891,1441809,28.84,0.39
3293,2021-01-10,SIC,3532,1578,1954,3532,0,ITG,ITG1,19,Sicilia,Sicilia,4999891,1445341,28.91,0.07
3294,2021-01-05,SIC,10268,5041,5227,10268,0,ITG,ITG1,19,Sicilia,Sicilia,4999891,1455609,29.11,0.21
3295,2021-04-15,SIC,21069,10264,10805,11738,9331,ITG,ITG1,19,Sicilia,Sicilia,4999891,1476678,29.53,0.42
3296,2021-04-22,SIC,26878,12671,14207,20419,6459,ITG,ITG1,19,Sicilia,Sicilia,4999891,1503556,30.07,0.54
3297,2021-03-10,SIC,13582,5804,7778,11398,2184,ITG,ITG1,19,Sicilia,Sicilia,4999891,1517138,30.34,0.27
3298,2021-01-12,SIC,4295,2102,2193,4295,0,ITG,ITG1,19,Sicilia,Sicilia,4999891,1521433,30.43,0.09
3299,2021-05-15,SIC,56558,26426,30132,41308,15250,ITG,ITG1,19,Sicilia,Sicilia,4999891,1577991,31.56,1.13
3300,2021-03-19,SIC,16188,7962,8226,10708,5480,ITG,ITG1,19,Sicilia,Sicilia,4999891,1594179,31.88,0.32
3301,2021-03-12,SIC,12749,5463,7286,10752,1997,ITG,ITG1,19,Sicilia,Sicilia,4999891,1606928,32.14,0.25
3302,2021-01-19,SIC,1277,529,748,1077,200,ITG,ITG1,19,Sicilia,Sicilia,4999891,1608205,32.16,0.03
3303,2021-04-29,SIC,31569,14771,16798,22239,9330,ITG,ITG1,19,Sicilia,Sicilia,4999891,1639774,32.8,0.63
3304,2021-03-03,SIC,14359,6379,7980,11297,3062,ITG,ITG1,19,Sicilia,Sicilia,4999891,1654133,33.08,0.29
3305,2021-02-19,SIC,4909,2649,2260,4344,565,ITG,ITG1,19,Sicilia,Sicilia,4999891,1659042,33.18,0.1
3306,2021-03-08,SIC,13175,5663,7512,10562,2613,ITG,ITG1,19,Sicilia,Sicilia,4999891,1672217,33.45,0.26
3307,2021-05-30,SIC,35776,16176,19600,17733,18043,ITG,ITG1,19,Sicilia,Sicilia,4999891,1707993,34.16,0.72
3308,2021-05-13,SIC,47148,22096,25052,30686,16462,ITG,ITG1,19,Sicilia,Sicilia,4999891,1755141,35.1,0.94
3309,2021-01-31,SIC,4031,1926,2105,113,3918,ITG,ITG1,19,Sicilia,Sicilia,4999891,1759172,35.18,0.08
3310,2021-05-11,SIC,32294,15370,16924,19822,12472,ITG,ITG1,19,Sicilia,Sicilia,4999891,1791466,35.83,0.65
3311,2021-02-17,SIC,5215,3201,2014,4547,668,ITG,ITG1,19,Sicilia,Sicilia,4999891,1796681,35.93,0.1
3312,2021-04-24,SIC,31109,14689,16420,23497,7612,ITG,ITG1,19,Sicilia,Sicilia,4999891,1827790,36.56,0.62
3313,2021-05-09,SIC,28077,13136,14941,19807,8270,ITG,ITG1,19,Sicilia,Sicilia,4999891,1855867,37.12,0.56
3314,2021-02-05,SIC,6731,2976,3755,2125,4606,ITG,ITG1,19,Sicilia,Sicilia,4999891,1862598,37.25,0.13
3315,2021-04-03,SIC,16388,7802,8586,13552,2836,ITG,ITG1,19,Sicilia,Sicilia,4999891,1878986,37.58,0.33
3316,2021-03-27,SIC,15588,7351,8237,10736,4852,ITG,ITG1,19,Sicilia,Sicilia,4999891,1894574,37.89,0.31
3317,2021-01-29,SIC,9122,4227,4895,425,8697,ITG,ITG1,19,Sicilia,Sicilia,4999891,1903696,38.07,0.18
3318,2021-02-12,SIC,4585,1810,2775,4319,266,ITG,ITG1,19,Sicilia,Sicilia,4999891,1908281,38.17,0.09
3319,2021-05-23,SIC,34142,16614,17528,20115,14027,ITG,ITG1,19,Sicilia,Sicilia,4999891,1942423,38.85,0.68
3320,2021-05-27,SIC,47203,21555,25648,24886,22317,ITG,ITG1,19,Sicilia,Sicilia,4999891,1989626,39.79,0.94
3321,2021-04-14,SIC,20114,9725,10389,11419,8695,ITG,ITG1,19,Sicilia,Sicilia,4999891,2009740,40.2,0.4
3322,2021-01-24,SIC,4308,2251,2057,140,4168,ITG,ITG1,19,Sicilia,Sicilia,4999891,2014048,40.28,0.09
3323,2021-05-04,SIC,26647,12396,14251,17518,9129,ITG,ITG1,19,Sicilia,Sicilia,4999891,2040695,40.81,0.53
3324,2021-02-24,SIC,9309,4760,4549,8749,560,ITG,ITG1,19,Sicilia,Sicilia,4999891,2050004,41.0,0.19
3325,2021-01-21,SIC,1399,684,715,500,899,ITG,ITG1,19,Sicilia,Sicilia,4999891,2051403,41.03,0.03
3326,2021-05-01,SIC,24431,11306,13125,19276,5155,ITG,ITG1,19,Sicilia,Sicilia,4999891,2075834,41.52,0.49
3327,2021-05-10,SIC,28238,13561,14677,16169,12069,ITG,ITG1,19,Sicilia,Sicilia,4999891,2104072,42.08,0.56
3328,2021-03-26,SIC,17778,8254,9524,12349,5429,ITG,ITG1,19,Sicilia,Sicilia,4999891,2121850,42.44,0.36
3329,2021-01-28,SIC,9020,4266,4754,397,8623,ITG,ITG1,19,Sicilia,Sicilia,4999891,2130870,42.62,0.18
3330,2021-05-08,SIC,35562,16999,18563,25310,10252,ITG,ITG1,19,Sicilia,Sicilia,4999891,2166432,43.33,0.71
3331,2021-03-05,SIC,15587,6694,8893,11352,4235,ITG,ITG1,19,Sicilia,Sicilia,4999891,2182019,43.64,0.31
3332,2021-02-16,SIC,4197,2208,1989,3732,465,ITG,ITG1,19,Sicilia,Sicilia,4999891,2186216,43.73,0.08
3333,2020-12-31,SIC,881,470,411,881,0,ITG,ITG1,19,Sicilia,Sicilia,4999891,2187097,43.74,0.02
3334,2021-04-21,SIC,22398,10741,11657,16290,6108,ITG,ITG1,19,Sicilia,Sicilia,4999891,2209495,44.19,0.45
3335,2021-04-07,SIC,15386,7579,7807,8278,7108,ITG,ITG1,19,Sicilia,Sicilia,4999891,2224881,44.5,0.31
3336,2021-06-03,SIC,45612,20840,24772,34157,11455,ITG,ITG1,19,Sicilia,Sicilia,4999891,2270493,45.41,0.91
3337,2021-03-07,SIC,9263,3455,5808,8180,1083,ITG,ITG1,19,Sicilia,Sicilia,4999891,2279756,45.6,0.19
3338,2021-03-24,SIC,20842,9778,11064,15180,5662,ITG,ITG1,19,Sicilia,Sicilia,4999891,2300598,46.01,0.42
3339,2021-05-29,SIC,47067,21383,25684,23893,23174,ITG,ITG1,19,Sicilia,Sicilia,4999891,2347665,46.95,0.94
3340,2021-02-07,SIC,2335,987,1348,674,1661,ITG,ITG1,19,Sicilia,Sicilia,4999891,2350000,47.0,0.05
3341,2021-05-18,SIC,35940,17225,18715,23476,12464,ITG,ITG1,19,Sicilia,Sicilia,4999891,2385940,47.72,0.72
3342,2021-05-25,SIC,33069,14978,18091,14068,19001,ITG,ITG1,19,Sicilia,Sicilia,4999891,2419009,48.38,0.66
3343,2021-03-29,SIC,14892,6974,7918,10395,4497,ITG,ITG1,19,Sicilia,Sicilia,4999891,2433901,48.68,0.3
3344,2021-06-01,SIC,38461,17389,21072,24859,13602,ITG,ITG1,19,Sicilia,Sicilia,4999891,2472362,49.45,0.77
3345,2021-04-05,SIC,8023,3958,4065,6583,1440,ITG,ITG1,19,Sicilia,Sicilia,4999891,2480385,49.61,0.16
3346,2021-03-15,SIC,10522,4599,5923,5630,4892,ITG,ITG1,19,Sicilia,Sicilia,4999891,2490907,49.82,0.21
3347,2021-05-22,SIC,47983,22786,25197,28652,19331,ITG,ITG1,19,Sicilia,Sicilia,4999891,2538890,50.78,0.96
3348,2021-02-28,SIC,7165,3063,4102,6535,630,ITG,ITG1,19,Sicilia,Sicilia,4999891,2546055,50.92,0.14
3349,2021-06-08,SIC,45722,21379,24343,39416,6306,ITG,ITG1,19,Sicilia,Sicilia,4999891,2591777,51.84,0.91
3350,2021-04-26,SIC,21688,10275,11413,13657,8031,ITG,ITG1,19,Sicilia,Sicilia,4999891,2613465,52.27,0.43
3351,2021-02-02,SIC,5270,2472,2798,629,4641,ITG,ITG1,19,Sicilia,Sicilia,4999891,2618735,52.38,0.11
3352,2021-01-14,SIC,5023,2381,2642,5023,0,ITG,ITG1,19,Sicilia,Sicilia,4999891,2623758,52.48,0.1
3353,2021-01-09,SIC,7118,3350,3768,7118,0,ITG,ITG1,19,Sicilia,Sicilia,4999891,2630876,52.62,0.14
3354,2021-05-03,SIC,23268,10739,12529,13548,9720,ITG,ITG1,19,Sicilia,Sicilia,4999891,2654144,53.08,0.47
3355,2021-04-19,SIC,18246,8638,9608,12667,5579,ITG,ITG1,19,Sicilia,Sicilia,4999891,2672390,53.45,0.36
3356,2021-01-26,SIC,9221,4553,4668,259,8962,ITG,ITG1,19,Sicilia,Sicilia,4999891,2681611,53.63,0.18
3357,2021-04-12,SIC,18770,9117,9653,11520,7250,ITG,ITG1,19,Sicilia,Sicilia,4999891,2700381,54.01,0.38
3358,2021-02-14,SIC,1058,403,655,918,140,ITG,ITG1,19,Sicilia,Sicilia,4999891,2701439,54.03,0.02
3359,2021-01-02,SIC,4831,2511,2320,4831,0,ITG,ITG1,19,Sicilia,Sicilia,4999891,2706270,54.13,0.1
3360,2021-02-21,SIC,5168,2501,2667,5062,106,ITG,ITG1,19,Sicilia,Sicilia,4999891,2711438,54.23,0.1
3361,2021-03-30,SIC,14423,6670,7753,9660,4763,ITG,ITG1,19,Sicilia,Sicilia,4999891,2725861,54.52,0.29
3362,2021-03-13,SIC,12208,5385,6823,7718,4490,ITG,ITG1,19,Sicilia,Sicilia,4999891,2738069,54.76,0.24
3363,2021-04-17,SIC,26034,13153,12881,18968,7066,ITG,ITG1,19,Sicilia,Sicilia,4999891,2764103,55.28,0.52
3364,2021-03-17,SIC,14878,7353,7525,9187,5691,ITG,ITG1,19,Sicilia,Sicilia,4999891,2778981,55.58,0.3
3365,2021-06-06,SIC,49105,23738,25367,41270,7835,ITG,ITG1,19,Sicilia,Sicilia,4999891,2828086,56.56,0.98
3366,2021-02-26,SIC,11885,5812,6073,10203,1682,ITG,ITG1,19,Sicilia,Sicilia,4999891,2839971,56.8,0.24
3367,2021-05-06,SIC,29167,13874,15293,18508,10659,ITG,ITG1,19,Sicilia,Sicilia,4999891,2869138,57.38,0.58
3368,2021-03-31,SIC,14372,6649,7723,9444,4928,ITG,ITG1,19,Sicilia,Sicilia,4999891,2883510,57.67,0.29
3369,2021-01-07,SIC,8890,4116,4774,8890,0,ITG,ITG1,19,Sicilia,Sicilia,4999891,2892400,57.85,0.18
3370,2021-02-09,SIC,4351,1802,2549,3316,1035,ITG,ITG1,19,Sicilia,Sicilia,4999891,2896751,57.94,0.09
3371,2021-05-20,SIC,43367,20697,22670,27600,15767,ITG,ITG1,19,Sicilia,Sicilia,4999891,2940118,58.8,0.87
