,data,area,Vaccinazioni giornaliere,sesso_maschile,sesso_femminile,Operatori sanitari - sociosanitari,Personale non sanitario,Ospiti RSA,categoria_personale_scolastico,categoria_60_69,categoria_70_79,categoria_over80,categoria_soggetti_fragili,categoria_forze_armate,categoria_altro,prima_dose,seconda_dose,codice_NUTS1,codice_NUTS2,codice_regione_ISTAT,nome_area,Regione,popolazione,Totale vaccinazioni,Totale vaccinazioni ogni cento ab,Vaccinazioni giornaliere ogni cento ab
0,2021-02-01,PIE,8642,3053,5589,6177,1397,1068,0,0,0,0,0,0,0,578,8064,ITC,ITC1,1,Piemonte,Piemonte,4356406,8642,0.2,0.2
1,2021-05-12,PIE,31272,14900,16372,377,219,131,1366,12022,3329,2554,9557,1084,633,18685,12587,ITC,ITC1,1,Piemonte,Piemonte,4356406,39914,0.92,0.72
2,2021-02-05,PIE,9453,3080,6373,5766,2042,1643,0,0,0,1,0,0,1,657,8796,ITC,ITC1,1,Piemonte,Piemonte,4356406,49367,1.13,0.22
3,2021-02-20,PIE,3831,1253,2578,1101,977,219,1416,0,0,30,0,88,0,3657,174,ITC,ITC1,1,Piemonte,Piemonte,4356406,53198,1.22,0.09
4,2021-03-26,PIE,17742,6981,10761,1166,744,529,2429,3,14,11532,609,710,6,8837,8905,ITC,ITC1,1,Piemonte,Piemonte,4356406,70940,1.63,0.41
5,2021-04-28,PIE,25888,11664,14224,576,274,106,54,3525,4034,7880,9394,25,20,15900,9988,ITC,ITC1,1,Piemonte,Piemonte,4356406,96828,2.22,0.59
6,2021-04-19,PIE,22495,10747,11748,304,159,213,28,793,5482,4787,10671,1,57,18136,4359,ITC,ITC1,1,Piemonte,Piemonte,4356406,119323,2.74,0.52
7,2021-04-25,PIE,20202,9297,10905,213,108,9,18,1418,6281,2527,9605,8,15,17693,2509,ITC,ITC1,1,Piemonte,Piemonte,4356406,139525,3.2,0.46
8,2021-04-05,PIE,14746,6233,8513,148,115,0,703,1,3905,7996,1844,33,1,12189,2557,ITC,ITC1,1,Piemonte,Piemonte,4356406,154271,3.54,0.34
9,2021-02-19,PIE,5534,2175,3359,1990,1697,667,1078,0,1,34,0,58,9,5033,501,ITC,ITC1,1,Piemonte,Piemonte,4356406,159805,3.67,0.13
10,2021-04-15,PIE,29553,13550,16003,899,400,432,53,1204,9652,6870,10003,7,33,24081,5472,ITC,ITC1,1,Piemonte,Piemonte,4356406,189358,4.35,0.68
11,2021-01-16,PIE,7771,2630,5141,4803,1596,1372,0,0,0,0,0,0,0,7771,0,ITC,ITC1,1,Piemonte,Piemonte,4356406,197129,4.53,0.18
12,2021-02-03,PIE,10197,3303,6894,6643,2299,1246,0,2,0,5,0,0,2,611,9586,ITC,ITC1,1,Piemonte,Piemonte,4356406,207326,4.76,0.23
13,2021-04-01,PIE,19321,8067,11254,672,373,289,914,6,1954,13852,966,261,34,11202,8119,ITC,ITC1,1,Piemonte,Piemonte,4356406,226647,5.2,0.44
14,2021-01-19,PIE,6456,2104,4352,3583,1301,1572,0,0,0,0,0,0,0,6444,12,ITC,ITC1,1,Piemonte,Piemonte,4356406,233103,5.35,0.15
15,2021-02-13,PIE,4152,1334,2818,2310,722,1114,5,0,0,1,0,0,0,2931,1221,ITC,ITC1,1,Piemonte,Piemonte,4356406,237255,5.45,0.1
16,2021-01-18,PIE,6164,2047,4117,3238,1403,1523,0,0,0,0,0,0,0,5916,248,ITC,ITC1,1,Piemonte,Piemonte,4356406,243419,5.59,0.14
17,2021-01-04,PIE,5563,1679,3884,4590,736,235,0,0,0,0,0,0,2,5563,0,ITC,ITC1,1,Piemonte,Piemonte,4356406,248982,5.72,0.13
18,2021-01-03,PIE,3063,967,2096,2715,295,52,0,0,0,0,0,0,1,3063,0,ITC,ITC1,1,Piemonte,Piemonte,4356406,252045,5.79,0.07
19,2021-02-12,PIE,6889,2214,4675,3527,1645,1709,2,1,0,4,0,0,1,3930,2959,ITC,ITC1,1,Piemonte,Piemonte,4356406,258934,5.94,0.16
20,2021-03-20,PIE,11914,4897,7017,882,1039,163,1937,20,17,7684,21,21,130,6017,5897,ITC,ITC1,1,Piemonte,Piemonte,4356406,270848,6.22,0.27
21,2021-03-08,PIE,13924,5285,8639,2037,1424,413,2628,1,1,7404,0,13,3,11211,2713,ITC,ITC1,1,Piemonte,Piemonte,4356406,284772,6.54,0.32
22,2021-05-16,PIE,27164,12343,14821,144,98,3,2424,5730,2710,1066,13077,317,1595,14216,12948,ITC,ITC1,1,Piemonte,Piemonte,4356406,311936,7.16,0.62
23,2021-05-04,PIE,28274,12971,15303,482,192,112,204,7535,5828,6190,7423,219,89,16290,11984,ITC,ITC1,1,Piemonte,Piemonte,4356406,340210,7.81,0.65
24,2021-01-29,PIE,5943,1886,4057,4199,1067,673,0,0,0,2,0,0,2,455,5488,ITC,ITC1,1,Piemonte,Piemonte,4356406,346153,7.95,0.14
25,2021-03-09,PIE,13961,5428,8533,1688,1543,356,2330,2,6,8026,1,9,0,11619,2342,ITC,ITC1,1,Piemonte,Piemonte,4356406,360114,8.27,0.32
26,2021-02-27,PIE,12683,4846,7837,885,960,232,3039,0,0,7562,1,3,1,12338,345,ITC,ITC1,1,Piemonte,Piemonte,4356406,372797,8.56,0.29
27,2021-02-17,PIE,4791,2155,2636,2247,2030,497,1,0,1,1,0,1,13,3802,989,ITC,ITC1,1,Piemonte,Piemonte,4356406,377588,8.67,0.11
28,2021-03-27,PIE,18360,7817,10543,1215,1623,119,2109,13,940,11698,446,191,6,9546,8814,ITC,ITC1,1,Piemonte,Piemonte,4356406,395948,9.09,0.42
29,2021-03-01,PIE,12037,4844,7193,1157,1277,281,2430,0,4,6876,0,11,1,11228,809,ITC,ITC1,1,Piemonte,Piemonte,4356406,407985,9.37,0.28
30,2021-02-16,PIE,3966,1755,2211,1815,1586,548,1,0,4,1,0,5,6,3208,758,ITC,ITC1,1,Piemonte,Piemonte,4356406,411951,9.46,0.09
31,2021-02-14,PIE,1476,498,978,796,381,285,14,0,0,0,0,0,0,876,600,ITC,ITC1,1,Piemonte,Piemonte,4356406,413427,9.49,0.03
32,2021-05-11,PIE,31633,15242,16391,310,113,79,935,11450,3299,1954,12289,801,403,18650,12983,ITC,ITC1,1,Piemonte,Piemonte,4356406,445060,10.22,0.73
33,2021-02-24,PIE,11407,4629,6778,1855,1289,408,2155,0,3,5685,0,7,5,10901,506,ITC,ITC1,1,Piemonte,Piemonte,4356406,456467,10.48,0.26
34,2021-03-31,PIE,19103,8101,11002,962,687,311,687,8,2527,13178,527,209,7,10412,8691,ITC,ITC1,1,Piemonte,Piemonte,4356406,475570,10.92,0.44
35,2021-01-09,PIE,6184,2185,3999,4499,1113,569,0,1,0,0,0,0,2,6184,0,ITC,ITC1,1,Piemonte,Piemonte,4356406,481754,11.06,0.14
36,2021-01-07,PIE,5387,1739,3648,4159,885,341,0,1,0,0,0,0,1,5387,0,ITC,ITC1,1,Piemonte,Piemonte,4356406,487141,11.18,0.12
37,2021-02-09,PIE,7351,2309,5042,4154,1367,1830,0,0,0,0,0,0,0,722,6629,ITC,ITC1,1,Piemonte,Piemonte,4356406,494492,11.35,0.17
38,2021-04-30,PIE,31579,14174,17405,725,429,376,122,4597,5534,8602,10999,119,76,18318,13261,ITC,ITC1,1,Piemonte,Piemonte,4356406,526071,12.08,0.72
39,2021-02-15,PIE,4431,1596,2835,2319,1144,962,1,0,2,2,0,1,0,3226,1205,ITC,ITC1,1,Piemonte,Piemonte,4356406,530502,12.18,0.1
40,2021-01-27,PIE,4196,1453,2743,2982,657,557,0,0,0,0,0,0,0,999,3197,ITC,ITC1,1,Piemonte,Piemonte,4356406,534698,12.27,0.1
41,2021-05-15,PIE,29221,13576,15645,360,226,13,3051,8299,3318,1040,10260,836,1818,15881,13340,ITC,ITC1,1,Piemonte,Piemonte,4356406,563919,12.94,0.67
42,2021-01-06,PIE,3116,1111,2005,2370,429,313,0,0,1,1,0,0,2,3116,0,ITC,ITC1,1,Piemonte,Piemonte,4356406,567035,13.02,0.07
43,2021-04-20,PIE,25386,11619,13767,708,273,242,35,1205,6126,6660,10122,2,13,19083,6303,ITC,ITC1,1,Piemonte,Piemonte,4356406,592421,13.6,0.58
44,2021-03-11,PIE,13759,5069,8690,2318,1415,382,2184,1,5,7373,4,71,6,10664,3095,ITC,ITC1,1,Piemonte,Piemonte,4356406,606180,13.91,0.32
45,2021-05-10,PIE,28350,13606,14744,279,121,96,1128,7334,3221,1745,13519,739,168,15420,12930,ITC,ITC1,1,Piemonte,Piemonte,4356406,634530,14.57,0.65
46,2021-05-09,PIE,26941,12848,14093,285,95,18,644,6848,3261,2687,12838,209,56,13341,13600,ITC,ITC1,1,Piemonte,Piemonte,4356406,661471,15.18,0.62
47,2021-01-20,PIE,6615,2089,4526,3618,1182,1813,0,0,0,0,0,0,2,5898,717,ITC,ITC1,1,Piemonte,Piemonte,4356406,668086,15.34,0.15
48,2021-01-05,PIE,5381,1603,3778,4368,721,285,0,0,2,1,0,0,4,5381,0,ITC,ITC1,1,Piemonte,Piemonte,4356406,673467,15.46,0.12
49,2021-04-02,PIE,20129,8298,11831,885,439,390,879,8,2690,13352,1279,153,54,11702,8427,ITC,ITC1,1,Piemonte,Piemonte,4356406,693596,15.92,0.46
50,2021-04-09,PIE,25823,11377,14446,1219,523,254,46,45,7405,11147,5134,35,15,21315,4508,ITC,ITC1,1,Piemonte,Piemonte,4356406,719419,16.51,0.59
51,2021-01-28,PIE,5590,1809,3781,4120,878,590,0,1,0,1,0,0,0,384,5206,ITC,ITC1,1,Piemonte,Piemonte,4356406,725009,16.64,0.13
52,2021-02-25,PIE,12217,5251,6966,1447,2064,405,1961,0,2,6330,0,3,5,11670,547,ITC,ITC1,1,Piemonte,Piemonte,4356406,737226,16.92,0.28
53,2021-05-02,PIE,25025,11249,13776,578,230,33,69,3026,7198,5663,8122,86,20,14281,10744,ITC,ITC1,1,Piemonte,Piemonte,4356406,762251,17.5,0.57
54,2021-01-15,PIE,8969,2955,6014,5499,1922,1546,0,1,0,0,0,0,1,8969,0,ITC,ITC1,1,Piemonte,Piemonte,4356406,771220,17.7,0.21
55,2021-01-11,PIE,8742,2980,5762,6060,1553,1127,0,1,0,0,0,0,1,8742,0,ITC,ITC1,1,Piemonte,Piemonte,4356406,779962,17.9,0.2
56,2021-04-07,PIE,23595,9988,13607,951,440,272,532,7,5786,12383,3091,66,67,18138,5457,ITC,ITC1,1,Piemonte,Piemonte,4356406,803557,18.45,0.54
57,2021-02-02,PIE,10237,3507,6730,6871,2048,1317,0,0,0,0,0,0,1,815,9422,ITC,ITC1,1,Piemonte,Piemonte,4356406,813794,18.68,0.23
58,2021-03-07,PIE,11969,4656,7313,1322,1134,111,2050,0,5,7345,0,0,2,11091,878,ITC,ITC1,1,Piemonte,Piemonte,4356406,825763,18.96,0.27
59,2021-01-14,PIE,9765,3151,6614,6182,2097,1484,0,0,0,0,0,0,2,9765,0,ITC,ITC1,1,Piemonte,Piemonte,4356406,835528,19.18,0.22
60,2021-01-23,PIE,4257,1325,2932,3212,524,520,0,0,0,1,0,0,0,879,3378,ITC,ITC1,1,Piemonte,Piemonte,4356406,839785,19.28,0.1
61,2021-02-11,PIE,6764,2107,4657,3422,1328,2010,3,0,0,0,0,0,1,3006,3758,ITC,ITC1,1,Piemonte,Piemonte,4356406,846549,19.43,0.16
62,2021-03-02,PIE,11192,4503,6689,907,1122,215,2516,0,4,6416,0,10,2,10376,816,ITC,ITC1,1,Piemonte,Piemonte,4356406,857741,19.69,0.26
63,2021-03-25,PIE,17057,7200,9857,1035,963,599,1375,4,25,12005,568,476,7,8421,8636,ITC,ITC1,1,Piemonte,Piemonte,4356406,874798,20.08,0.39
64,2021-03-13,PIE,13033,4717,8316,1169,996,158,2138,1,3,8559,0,4,5,11590,1443,ITC,ITC1,1,Piemonte,Piemonte,4356406,887831,20.38,0.3
65,2021-01-17,PIE,3517,1168,2349,2081,596,840,0,0,0,0,0,0,0,2870,647,ITC,ITC1,1,Piemonte,Piemonte,4356406,891348,20.46,0.08
66,2021-04-08,PIE,25108,10912,14196,1057,521,274,412,25,7379,11271,4034,117,18,20387,4721,ITC,ITC1,1,Piemonte,Piemonte,4356406,916456,21.04,0.58
67,2021-05-08,PIE,33716,16004,17712,261,200,50,1189,9365,4829,3798,13530,409,85,18127,15589,ITC,ITC1,1,Piemonte,Piemonte,4356406,950172,21.81,0.77
68,2021-03-14,PIE,8200,3332,4868,794,588,2,990,0,5,5815,0,1,5,5308,2892,ITC,ITC1,1,Piemonte,Piemonte,4356406,958372,22.0,0.19
69,2021-01-31,PIE,4112,1752,2360,3080,655,377,0,0,0,0,0,0,0,112,4000,ITC,ITC1,1,Piemonte,Piemonte,4356406,962484,22.09,0.09
70,2021-01-26,PIE,6330,1879,4451,4727,873,728,0,0,0,0,0,0,2,735,5595,ITC,ITC1,1,Piemonte,Piemonte,4356406,968814,22.24,0.15
71,2021-02-04,PIE,10201,3337,6864,6237,2199,1763,0,0,0,0,0,0,2,588,9613,ITC,ITC1,1,Piemonte,Piemonte,4356406,979015,22.47,0.23
72,2021-04-24,PIE,27377,12400,14977,461,169,21,23,2682,8344,5220,10379,48,30,21742,5635,ITC,ITC1,1,Piemonte,Piemonte,4356406,1006392,23.1,0.63
73,2021-03-17,PIE,12514,5052,7462,2084,806,236,9,1,9,9103,10,250,6,5223,7291,ITC,ITC1,1,Piemonte,Piemonte,4356406,1018906,23.39,0.29
74,2021-04-26,PIE,19678,8705,10973,306,100,84,44,1594,3374,4839,9313,11,13,15299,4379,ITC,ITC1,1,Piemonte,Piemonte,4356406,1038584,23.84,0.45
75,2021-02-10,PIE,7534,2371,5163,3905,1530,2098,0,0,0,0,0,0,1,1316,6218,ITC,ITC1,1,Piemonte,Piemonte,4356406,1046118,24.01,0.17
76,2021-03-28,PIE,16040,6893,9147,926,1914,34,2480,3,461,8931,1076,208,7,8432,7608,ITC,ITC1,1,Piemonte,Piemonte,4356406,1062158,24.38,0.37
77,2021-04-06,PIE,20213,8791,11422,649,591,260,1319,16,5173,9657,2410,113,25,15034,5179,ITC,ITC1,1,Piemonte,Piemonte,4356406,1082371,24.85,0.46
78,2021-02-07,PIE,3087,974,2113,1648,662,777,0,0,0,0,0,0,0,445,2642,ITC,ITC1,1,Piemonte,Piemonte,4356406,1085458,24.92,0.07
79,2021-04-12,PIE,22908,10342,12566,612,296,245,60,242,7776,7338,6282,10,47,19925,2983,ITC,ITC1,1,Piemonte,Piemonte,4356406,1108366,25.44,0.53
80,2021-02-18,PIE,4788,2092,2696,2255,1898,624,2,0,0,0,0,2,7,4358,430,ITC,ITC1,1,Piemonte,Piemonte,4356406,1113154,25.55,0.11
81,2020-12-30,PIE,730,322,408,685,45,0,0,0,0,0,0,0,0,730,0,ITC,ITC1,1,Piemonte,Piemonte,4356406,1113884,25.57,0.02
82,2021-03-19,PIE,11017,4510,6507,1127,650,432,271,3,19,8183,25,301,6,4413,6604,ITC,ITC1,1,Piemonte,Piemonte,4356406,1124901,25.82,0.25
83,2020-12-31,PIE,3909,1334,2575,3415,356,134,0,0,0,0,0,0,4,3909,0,ITC,ITC1,1,Piemonte,Piemonte,4356406,1128810,25.91,0.09
84,2021-05-13,PIE,34690,16914,17776,327,188,212,836,11783,3790,1628,13985,1214,727,20185,14505,ITC,ITC1,1,Piemonte,Piemonte,4356406,1163500,26.71,0.8
85,2021-01-08,PIE,5531,1761,3770,4078,1027,422,0,0,0,0,0,0,4,5531,0,ITC,ITC1,1,Piemonte,Piemonte,4356406,1169031,26.83,0.13
86,2021-03-18,PIE,11742,4798,6944,1464,770,343,18,3,14,8873,10,235,12,4029,7713,ITC,ITC1,1,Piemonte,Piemonte,4356406,1180773,27.1,0.27
87,2021-04-11,PIE,20820,9314,11506,401,231,69,254,217,7640,6877,5116,5,10,18659,2161,ITC,ITC1,1,Piemonte,Piemonte,4356406,1201593,27.58,0.48
88,2021-01-21,PIE,6881,2314,4567,4707,840,1319,0,3,0,0,0,0,12,3385,3496,ITC,ITC1,1,Piemonte,Piemonte,4356406,1208474,27.74,0.16
89,2021-02-26,PIE,12292,4932,7360,843,1431,490,2901,0,2,6616,0,8,1,11556,736,ITC,ITC1,1,Piemonte,Piemonte,4356406,1220766,28.02,0.28
90,2021-03-03,PIE,12117,4643,7474,1103,1025,257,2665,0,2,7060,0,5,0,11298,819,ITC,ITC1,1,Piemonte,Piemonte,4356406,1232883,28.3,0.28
91,2021-03-05,PIE,15264,5958,9306,2542,2010,655,2371,1,5,7673,1,6,0,11447,3817,ITC,ITC1,1,Piemonte,Piemonte,4356406,1248147,28.65,0.35
92,2021-02-23,PIE,9232,3713,5519,2298,1346,389,1052,0,2,4107,0,33,5,8652,580,ITC,ITC1,1,Piemonte,Piemonte,4356406,1257379,28.86,0.21
93,2021-01-25,PIE,6214,1938,4276,4789,860,562,0,0,1,1,0,0,1,983,5231,ITC,ITC1,1,Piemonte,Piemonte,4356406,1263593,29.01,0.14
94,2021-01-01,PIE,1038,395,643,922,116,0,0,0,0,0,0,0,0,1038,0,ITC,ITC1,1,Piemonte,Piemonte,4356406,1264631,29.03,0.02
95,2021-04-04,PIE,9254,4059,5195,196,302,0,294,0,2041,4231,2173,11,6,6541,2713,ITC,ITC1,1,Piemonte,Piemonte,4356406,1273885,29.24,0.21
96,2020-12-27,PIE,913,369,544,761,73,76,0,1,0,0,0,0,2,913,0,ITC,ITC1,1,Piemonte,Piemonte,4356406,1274798,29.26,0.02
97,2021-01-22,PIE,3866,1249,2617,2279,650,934,0,1,0,1,0,0,1,2525,1341,ITC,ITC1,1,Piemonte,Piemonte,4356406,1278664,29.35,0.09
98,2021-03-06,PIE,13992,5210,8782,2262,1126,462,2697,1,2,7440,1,1,0,11203,2789,ITC,ITC1,1,Piemonte,Piemonte,4356406,1292656,29.67,0.32
99,2021-03-16,PIE,10518,4267,6251,2231,870,322,13,7,10,6799,65,162,39,4462,6056,ITC,ITC1,1,Piemonte,Piemonte,4356406,1303174,29.91,0.24
100,2021-04-22,PIE,27573,12686,14887,605,332,423,60,1654,5409,6553,12473,20,44,20885,6688,ITC,ITC1,1,Piemonte,Piemonte,4356406,1330747,30.55,0.63
101,2021-04-21,PIE,25642,11788,13854,798,357,264,45,1397,7167,6142,9441,11,20,20329,5313,ITC,ITC1,1,Piemonte,Piemonte,4356406,1356389,31.14,0.59
102,2021-03-12,PIE,13946,5184,8762,2145,1295,471,2274,0,4,7637,13,106,1,11011,2935,ITC,ITC1,1,Piemonte,Piemonte,4356406,1370335,31.46,0.32
103,2021-04-18,PIE,22924,10807,12117,341,241,24,46,913,5632,4383,11317,10,17,20170,2754,ITC,ITC1,1,Piemonte,Piemonte,4356406,1393259,31.98,0.53
104,2021-05-07,PIE,32654,15458,17196,548,194,268,411,9284,5571,3771,12098,464,45,18758,13896,ITC,ITC1,1,Piemonte,Piemonte,4356406,1425913,32.73,0.75
105,2021-03-10,PIE,13626,5164,8462,1666,1339,280,2240,1,7,8018,1,73,1,11333,2293,ITC,ITC1,1,Piemonte,Piemonte,4356406,1439539,33.04,0.31
106,2021-04-17,PIE,30301,14085,16216,746,321,116,56,2804,9982,4902,11350,9,15,27023,3278,ITC,ITC1,1,Piemonte,Piemonte,4356406,1469840,33.74,0.7
107,2021-02-08,PIE,6916,2355,4561,3786,1557,1572,0,0,0,0,0,0,1,666,6250,ITC,ITC1,1,Piemonte,Piemonte,4356406,1476756,33.9,0.16
108,2021-04-29,PIE,48178,21800,26378,1227,560,301,62,9573,11319,9160,15716,164,96,35623,12555,ITC,ITC1,1,Piemonte,Piemonte,4356406,1524934,35.0,1.11
109,2021-02-22,PIE,8478,3470,5008,1705,1397,512,920,2,4,3925,0,10,3,7888,590,ITC,ITC1,1,Piemonte,Piemonte,4356406,1533412,35.2,0.19
110,2021-04-03,PIE,19427,8154,11273,309,237,76,540,15,2976,13413,1664,114,83,10880,8547,ITC,ITC1,1,Piemonte,Piemonte,4356406,1552839,35.64,0.45
111,2021-05-06,PIE,33046,15579,17467,479,183,270,195,10292,5294,3804,11811,625,93,19690,13356,ITC,ITC1,1,Piemonte,Piemonte,4356406,1585885,36.4,0.76
112,2021-02-28,PIE,10814,4059,6755,642,501,53,2791,1,1,6823,0,0,2,10574,240,ITC,ITC1,1,Piemonte,Piemonte,4356406,1596699,36.65,0.25
113,2021-02-21,PIE,5089,2082,3007,685,263,47,737,0,0,3355,0,1,1,4987,102,ITC,ITC1,1,Piemonte,Piemonte,4356406,1601788,36.77,0.12
114,2021-01-10,PIE,5214,2275,2939,3910,783,519,0,0,0,0,0,0,2,5214,0,ITC,ITC1,1,Piemonte,Piemonte,4356406,1607002,36.89,0.12
115,2021-04-27,PIE,22519,10188,12331,356,212,156,80,3087,3894,5001,9684,31,18,17405,5114,ITC,ITC1,1,Piemonte,Piemonte,4356406,1629521,37.41,0.52
116,2021-03-21,PIE,10710,4736,5974,585,1475,9,1318,2,165,7021,1,133,1,4183,6527,ITC,ITC1,1,Piemonte,Piemonte,4356406,1640231,37.65,0.25
117,2021-03-29,PIE,15159,6384,8775,416,543,137,1330,3,1259,10373,744,342,12,8546,6613,ITC,ITC1,1,Piemonte,Piemonte,4356406,1655390,38.0,0.35
118,2021-04-23,PIE,27380,12577,14803,708,275,279,30,1805,5275,6474,12469,42,23,20623,6757,ITC,ITC1,1,Piemonte,Piemonte,4356406,1682770,38.63,0.63
119,2021-03-15,PIE,10647,4157,6490,1716,1460,231,1470,2,5,5733,0,28,2,5029,5618,ITC,ITC1,1,Piemonte,Piemonte,4356406,1693417,38.87,0.24
120,2021-04-14,PIE,27677,12546,15131,875,439,448,60,784,10251,7085,7707,9,19,23164,4513,ITC,ITC1,1,Piemonte,Piemonte,4356406,1721094,39.51,0.64
121,2021-01-12,PIE,10048,3405,6643,6864,2009,1170,0,2,0,0,0,0,3,10048,0,ITC,ITC1,1,Piemonte,Piemonte,4356406,1731142,39.74,0.23
122,2021-03-30,PIE,16886,7030,9856,783,436,287,994,7,1375,12122,580,297,5,9015,7871,ITC,ITC1,1,Piemonte,Piemonte,4356406,1748028,40.13,0.39
123,2021-01-30,PIE,5979,2135,3844,4375,1108,496,0,0,0,0,0,0,0,218,5761,ITC,ITC1,1,Piemonte,Piemonte,4356406,1754007,40.26,0.14
124,2021-04-16,PIE,28291,13164,15127,1046,469,450,77,1629,7601,5885,11084,5,45,23373,4918,ITC,ITC1,1,Piemonte,Piemonte,4356406,1782298,40.91,0.65
125,2021-05-01,PIE,28510,12985,15525,439,275,58,88,3547,8855,6949,8200,74,25,16714,11796,ITC,ITC1,1,Piemonte,Piemonte,4356406,1810808,41.57,0.65
126,2021-05-05,PIE,31931,14942,16989,798,409,221,206,9654,5943,5025,9263,379,33,18976,12955,ITC,ITC1,1,Piemonte,Piemonte,4356406,1842739,42.3,0.73
127,2021-01-13,PIE,10080,3223,6857,6488,2259,1329,0,0,0,0,0,0,4,10080,0,ITC,ITC1,1,Piemonte,Piemonte,4356406,1852819,42.53,0.23
128,2021-05-03,PIE,26554,12123,14431,689,303,65,96,3907,4658,7564,9129,104,39,12425,14129,ITC,ITC1,1,Piemonte,Piemonte,4356406,1879373,43.14,0.61
129,2020-12-28,PIE,1,1,0,1,0,0,0,0,0,0,0,0,0,1,0,ITC,ITC1,1,Piemonte,Piemonte,4356406,1879374,43.14,0.0
130,2021-04-13,PIE,25893,11583,14310,666,266,261,121,900,10396,7030,6221,7,25,22448,3445,ITC,ITC1,1,Piemonte,Piemonte,4356406,1905267,43.73,0.59
131,2021-02-06,PIE,7984,2664,5320,5101,1629,1252,0,0,0,1,0,0,1,400,7584,ITC,ITC1,1,Piemonte,Piemonte,4356406,1913251,43.92,0.18
132,2021-04-10,PIE,30152,13410,16742,902,457,138,134,359,11979,10236,5923,15,9,25874,4278,ITC,ITC1,1,Piemonte,Piemonte,4356406,1943403,44.61,0.69
133,2021-05-14,PIE,30520,14887,15633,412,151,137,1521,9739,2965,1240,12534,1148,673,15453,15067,ITC,ITC1,1,Piemonte,Piemonte,4356406,1973923,45.31,0.7
134,2021-03-22,PIE,11449,4852,6597,880,909,191,1219,1,9,7914,75,249,2,3867,7582,ITC,ITC1,1,Piemonte,Piemonte,4356406,1985372,45.57,0.26
135,2021-03-04,PIE,14491,5733,8758,2186,1951,612,2195,0,2,7536,0,5,4,11542,2949,ITC,ITC1,1,Piemonte,Piemonte,4356406,1999863,45.91,0.33
136,2021-03-24,PIE,15500,6338,9162,1072,766,506,840,5,21,11510,394,376,10,6375,9125,ITC,ITC1,1,Piemonte,Piemonte,4356406,2015363,46.26,0.36
137,2021-01-02,PIE,3545,1134,2411,3081,407,53,0,1,0,1,0,0,2,3545,0,ITC,ITC1,1,Piemonte,Piemonte,4356406,2018908,46.34,0.08
138,2021-01-24,PIE,3153,959,2194,2636,370,146,0,0,0,0,0,0,1,434,2719,ITC,ITC1,1,Piemonte,Piemonte,4356406,2022061,46.42,0.07
139,2021-03-23,PIE,13049,5444,7605,692,1020,260,1334,5,15,9243,287,178,15,6807,6242,ITC,ITC1,1,Piemonte,Piemonte,4356406,2035110,46.72,0.3
140,2021-02-01,UMB,1285,342,943,877,35,373,0,0,0,0,0,0,0,48,1237,ITI,ITI2,10,Umbria,Umbria,882015,1285,0.15,0.15
141,2021-04-12,UMB,7085,3075,4010,204,17,0,17,31,2427,2911,1462,4,12,5368,1717,ITI,ITI2,10,Umbria,Umbria,882015,8370,0.95,0.8
142,2021-02-20,UMB,282,100,182,83,7,39,0,0,0,152,0,0,1,258,24,ITI,ITI2,10,Umbria,Umbria,882015,8652,0.98,0.03
143,2021-05-03,UMB,5082,2264,2818,189,22,12,12,17,112,1452,3230,35,1,2195,2887,ITI,ITI2,10,Umbria,Umbria,882015,13734,1.56,0.58
144,2021-01-02,UMB,304,111,193,304,0,0,0,0,0,0,0,0,0,304,0,ITI,ITI2,10,Umbria,Umbria,882015,14038,1.59,0.03
145,2021-01-11,UMB,1315,346,969,880,14,415,0,1,0,0,0,0,5,1315,0,ITI,ITI2,10,Umbria,Umbria,882015,15353,1.74,0.15
146,2021-03-09,UMB,4051,1971,2080,143,568,122,23,0,1,2915,7,217,55,2759,1292,ITI,ITI2,10,Umbria,Umbria,882015,19404,2.2,0.46
147,2021-01-25,UMB,648,323,325,646,2,0,0,0,0,0,0,0,0,5,643,ITI,ITI2,10,Umbria,Umbria,882015,20052,2.27,0.07
148,2021-01-19,UMB,103,23,80,21,2,80,0,0,0,0,0,0,0,103,0,ITI,ITI2,10,Umbria,Umbria,882015,20155,2.29,0.01
149,2021-02-06,UMB,396,138,258,333,47,16,0,0,0,0,0,0,0,34,362,ITI,ITI2,10,Umbria,Umbria,882015,20551,2.33,0.04
150,2021-01-04,UMB,810,398,412,810,0,0,0,0,0,0,0,0,0,810,0,ITI,ITI2,10,Umbria,Umbria,882015,21361,2.42,0.09
151,2021-04-10,UMB,7442,3499,3943,81,62,30,50,49,2475,691,3972,18,14,7329,113,ITI,ITI2,10,Umbria,Umbria,882015,28803,3.27,0.84
152,2021-05-12,UMB,6370,2977,3393,207,29,34,1,372,1323,1268,3073,2,61,4239,2131,ITI,ITI2,10,Umbria,Umbria,882015,35173,3.99,0.72
153,2021-02-05,UMB,780,234,546,645,51,84,0,0,0,0,0,0,0,18,762,ITI,ITI2,10,Umbria,Umbria,882015,35953,4.08,0.09
154,2021-02-03,UMB,725,174,551,560,34,131,0,0,0,0,0,0,0,67,658,ITI,ITI2,10,Umbria,Umbria,882015,36678,4.16,0.08
155,2021-02-26,UMB,660,253,407,386,73,40,3,0,0,154,0,4,0,652,8,ITI,ITI2,10,Umbria,Umbria,882015,37338,4.23,0.07
156,2021-01-07,UMB,1300,387,913,893,1,404,0,0,0,1,0,0,1,1300,0,ITI,ITI2,10,Umbria,Umbria,882015,38638,4.38,0.15
157,2021-03-11,UMB,3565,1697,1868,144,652,263,158,0,0,2018,1,291,38,2559,1006,ITI,ITI2,10,Umbria,Umbria,882015,42203,4.78,0.4
158,2021-03-14,UMB,66,48,18,0,6,1,4,6,2,0,0,0,47,66,0,ITI,ITI2,10,Umbria,Umbria,882015,42269,4.79,0.01
159,2021-04-27,UMB,5641,2395,3246,200,11,1,8,28,1153,2477,1731,8,24,3072,2569,ITI,ITI2,10,Umbria,Umbria,882015,47910,5.43,0.64
160,2021-04-24,UMB,4551,1960,2591,42,15,0,81,35,1124,1071,2178,3,2,3379,1172,ITI,ITI2,10,Umbria,Umbria,882015,52461,5.95,0.52
161,2021-03-10,UMB,4012,1927,2085,123,785,180,75,3,3,2566,6,263,8,2756,1256,ITI,ITI2,10,Umbria,Umbria,882015,56473,6.4,0.45
162,2021-02-16,UMB,1308,655,653,34,4,0,0,2,1,1263,4,0,0,1299,9,ITI,ITI2,10,Umbria,Umbria,882015,57781,6.55,0.15
163,2021-04-21,UMB,5289,2300,2989,237,9,1,9,74,1053,2692,1201,5,8,3069,2220,ITI,ITI2,10,Umbria,Umbria,882015,63070,7.15,0.6
164,2021-02-17,UMB,1618,748,870,363,4,0,1,0,6,1240,1,0,3,1267,351,ITI,ITI2,10,Umbria,Umbria,882015,64688,7.33,0.18
165,2021-04-22,UMB,5408,2223,3185,258,21,77,5,37,783,3013,1199,7,8,2752,2656,ITI,ITI2,10,Umbria,Umbria,882015,70096,7.95,0.61
166,2021-04-30,UMB,6192,2954,3238,74,28,47,77,25,381,281,5263,8,8,2807,3385,ITI,ITI2,10,Umbria,Umbria,882015,76288,8.65,0.7
167,2021-01-06,UMB,846,325,521,843,0,0,0,1,0,0,0,0,2,846,0,ITI,ITI2,10,Umbria,Umbria,882015,77134,8.75,0.1
168,2021-03-06,UMB,4267,1110,3157,422,186,26,2322,6,5,1128,0,125,47,4124,143,ITI,ITI2,10,Umbria,Umbria,882015,81401,9.23,0.48
169,2021-03-01,UMB,1503,774,729,110,10,0,1,0,0,1249,0,133,0,1389,114,ITI,ITI2,10,Umbria,Umbria,882015,82904,9.4,0.17
170,2021-01-05,UMB,854,429,425,851,0,0,0,1,0,0,0,0,2,854,0,ITI,ITI2,10,Umbria,Umbria,882015,83758,9.5,0.1
171,2021-04-03,UMB,2110,716,1394,143,208,30,216,5,32,1282,169,22,3,1057,1053,ITI,ITI2,10,Umbria,Umbria,882015,85868,9.74,0.24
172,2021-02-24,UMB,1520,565,955,1083,45,90,0,1,0,292,0,9,0,1505,15,ITI,ITI2,10,Umbria,Umbria,882015,87388,9.91,0.17
173,2021-01-16,UMB,221,73,148,146,32,43,0,0,0,0,0,0,0,221,0,ITI,ITI2,10,Umbria,Umbria,882015,87609,9.93,0.03
174,2021-04-01,UMB,4330,1792,2538,204,14,309,19,5,7,3268,452,5,47,2323,2007,ITI,ITI2,10,Umbria,Umbria,882015,91939,10.42,0.49
175,2021-03-20,UMB,2297,832,1465,317,682,21,1200,0,0,0,0,72,5,2272,25,ITI,ITI2,10,Umbria,Umbria,882015,94236,10.68,0.26
176,2021-05-14,UMB,5134,2396,2738,76,36,35,50,439,727,262,3468,10,31,3340,1794,ITI,ITI2,10,Umbria,Umbria,882015,99370,11.27,0.58
177,2021-02-08,UMB,637,203,434,368,111,154,0,0,0,0,0,4,0,88,549,ITI,ITI2,10,Umbria,Umbria,882015,100007,11.34,0.07
178,2021-05-13,UMB,5849,2637,3212,149,13,21,3,348,1081,1227,2914,15,78,3786,2063,ITI,ITI2,10,Umbria,Umbria,882015,105856,12.0,0.66
179,2021-01-15,UMB,701,215,486,590,44,67,0,0,0,0,0,0,0,701,0,ITI,ITI2,10,Umbria,Umbria,882015,106557,12.08,0.08
180,2021-01-09,UMB,1745,499,1246,894,7,844,0,0,0,0,0,0,0,1745,0,ITI,ITI2,10,Umbria,Umbria,882015,108302,12.28,0.2
181,2021-03-29,UMB,3799,1648,2151,247,42,58,26,9,11,2832,534,21,19,2320,1479,ITI,ITI2,10,Umbria,Umbria,882015,112101,12.71,0.43
182,2021-01-14,UMB,752,201,551,697,35,19,1,0,0,0,0,0,0,752,0,ITI,ITI2,10,Umbria,Umbria,882015,112853,12.79,0.09
183,2021-05-06,UMB,9400,4285,5115,216,33,27,4,208,3770,1569,3560,4,9,6103,3297,ITI,ITI2,10,Umbria,Umbria,882015,122253,13.86,1.07
184,2021-03-05,UMB,4591,1379,3212,604,320,7,2554,2,1,712,0,383,8,3935,656,ITI,ITI2,10,Umbria,Umbria,882015,126844,14.38,0.52
185,2021-02-02,UMB,944,274,670,714,17,212,0,0,0,0,0,0,1,32,912,ITI,ITI2,10,Umbria,Umbria,882015,127788,14.49,0.11
186,2021-04-18,UMB,1529,680,849,67,11,0,41,2,171,840,376,21,0,599,930,ITI,ITI2,10,Umbria,Umbria,882015,129317,14.66,0.17
187,2021-03-15,UMB,4596,1930,2666,1426,264,79,263,2,1,2343,7,206,5,2828,1768,ITI,ITI2,10,Umbria,Umbria,882015,133913,15.18,0.52
188,2021-02-10,UMB,715,349,366,606,106,3,0,0,0,0,0,0,0,700,15,ITI,ITI2,10,Umbria,Umbria,882015,134628,15.26,0.08
189,2021-04-14,UMB,8143,3671,4472,226,35,15,19,59,2925,3149,1695,13,7,6164,1979,ITI,ITI2,10,Umbria,Umbria,882015,142771,16.19,0.92
190,2021-03-07,UMB,845,180,665,17,82,25,676,0,0,45,0,0,0,838,7,ITI,ITI2,10,Umbria,Umbria,882015,143616,16.28,0.1
191,2021-01-13,UMB,450,139,311,379,29,42,0,0,0,0,0,0,0,450,0,ITI,ITI2,10,Umbria,Umbria,882015,144066,16.33,0.05
192,2021-03-13,UMB,1731,524,1207,120,154,49,1152,3,0,152,0,91,10,1486,245,ITI,ITI2,10,Umbria,Umbria,882015,145797,16.53,0.2
193,2021-01-18,UMB,614,219,395,348,114,144,0,2,1,0,0,0,5,529,85,ITI,ITI2,10,Umbria,Umbria,882015,146411,16.6,0.07
194,2021-04-07,UMB,5544,2283,3261,483,42,101,20,9,923,3185,759,18,4,3539,2005,ITI,ITI2,10,Umbria,Umbria,882015,151955,17.23,0.63
195,2021-02-15,UMB,1368,692,676,10,4,0,0,0,1,1351,2,0,0,1367,1,ITI,ITI2,10,Umbria,Umbria,882015,153323,17.38,0.16
196,2021-05-15,UMB,4921,1851,3070,27,29,1,1502,258,391,185,2505,8,15,1782,3139,ITI,ITI2,10,Umbria,Umbria,882015,158244,17.94,0.56
197,2021-01-27,UMB,840,330,510,839,1,0,0,0,0,0,0,0,0,13,827,ITI,ITI2,10,Umbria,Umbria,882015,159084,18.04,0.1
198,2021-02-13,UMB,115,28,87,68,46,0,0,0,0,1,0,0,0,112,3,ITI,ITI2,10,Umbria,Umbria,882015,159199,18.05,0.01
199,2021-03-27,UMB,4252,1512,2740,752,595,1,576,4,7,2238,1,24,54,3912,340,ITI,ITI2,10,Umbria,Umbria,882015,163451,18.53,0.48
200,2021-03-04,UMB,4485,1853,2632,849,184,4,1466,2,0,1563,0,410,7,3657,828,ITI,ITI2,10,Umbria,Umbria,882015,167936,19.04,0.51
201,2021-04-02,UMB,4263,1708,2555,376,318,68,331,3,23,886,2155,35,68,3516,747,ITI,ITI2,10,Umbria,Umbria,882015,172199,19.52,0.48
202,2021-01-26,UMB,816,390,426,815,1,0,0,0,0,0,0,0,0,18,798,ITI,ITI2,10,Umbria,Umbria,882015,173015,19.62,0.09
203,2021-01-20,UMB,613,222,391,583,15,14,1,0,0,0,0,0,0,613,0,ITI,ITI2,10,Umbria,Umbria,882015,173628,19.69,0.07
204,2021-02-12,UMB,671,224,447,459,208,1,2,0,0,1,0,0,0,665,6,ITI,ITI2,10,Umbria,Umbria,882015,174299,19.76,0.08
205,2021-01-31,UMB,1058,276,782,767,10,281,0,0,0,0,0,0,0,25,1033,ITI,ITI2,10,Umbria,Umbria,882015,175357,19.88,0.12
206,2021-03-30,UMB,3948,1705,2243,179,31,108,20,0,0,3075,432,15,88,2416,1532,ITI,ITI2,10,Umbria,Umbria,882015,179305,20.33,0.45
207,2021-05-08,UMB,8085,3725,4360,52,35,8,113,223,2148,630,4844,11,21,4897,3188,ITI,ITI2,10,Umbria,Umbria,882015,187390,21.25,0.92
208,2021-04-13,UMB,7671,3396,4275,218,23,21,19,61,2863,2875,1573,8,10,6002,1669,ITI,ITI2,10,Umbria,Umbria,882015,195061,22.12,0.87
209,2021-01-03,UMB,270,112,158,270,0,0,0,0,0,0,0,0,0,270,0,ITI,ITI2,10,Umbria,Umbria,882015,195331,22.15,0.03
210,2021-01-22,UMB,276,105,171,273,1,2,0,0,0,0,0,0,0,32,244,ITI,ITI2,10,Umbria,Umbria,882015,195607,22.18,0.03
211,2021-04-17,UMB,6663,3057,3606,164,31,23,127,39,1755,1445,3061,11,7,5323,1340,ITI,ITI2,10,Umbria,Umbria,882015,202270,22.93,0.76
212,2021-05-07,UMB,10058,4671,5387,123,45,114,162,388,3254,717,5203,14,38,6861,3197,ITI,ITI2,10,Umbria,Umbria,882015,212328,24.07,1.14
213,2021-03-08,UMB,3668,1799,1869,141,289,46,42,0,1,2855,2,292,0,2305,1363,ITI,ITI2,10,Umbria,Umbria,882015,215996,24.49,0.42
214,2021-05-05,UMB,7153,3274,3879,185,32,22,11,73,1401,1574,3835,11,9,3858,3295,ITI,ITI2,10,Umbria,Umbria,882015,223149,25.3,0.81
215,2021-02-04,UMB,733,226,507,693,20,20,0,0,0,0,0,0,0,25,708,ITI,ITI2,10,Umbria,Umbria,882015,223882,25.38,0.08
216,2021-03-17,UMB,3331,1313,2018,1430,55,131,16,2,0,1684,1,8,4,1859,1472,ITI,ITI2,10,Umbria,Umbria,882015,227213,25.76,0.38
217,2021-04-08,UMB,5830,2464,3366,343,28,287,12,23,1401,2905,810,13,8,4035,1795,ITI,ITI2,10,Umbria,Umbria,882015,233043,26.42,0.66
218,2021-03-31,UMB,3902,1733,2169,178,39,183,23,1,5,2962,425,6,80,2215,1687,ITI,ITI2,10,Umbria,Umbria,882015,236945,26.86,0.44
219,2021-01-23,UMB,280,100,180,279,1,0,0,0,0,0,0,0,0,2,278,ITI,ITI2,10,Umbria,Umbria,882015,237225,26.9,0.03
220,2021-03-02,UMB,3640,1345,2295,318,234,55,1446,0,1,1303,0,283,0,3636,4,ITI,ITI2,10,Umbria,Umbria,882015,240865,27.31,0.41
221,2021-03-22,UMB,3559,1654,1905,163,235,0,147,3,2,2830,0,174,5,2313,1246,ITI,ITI2,10,Umbria,Umbria,882015,244424,27.71,0.4
222,2021-01-28,UMB,1247,394,853,898,4,345,0,0,0,0,0,0,0,19,1228,ITI,ITI2,10,Umbria,Umbria,882015,245671,27.85,0.14
223,2021-01-10,UMB,1070,277,793,745,3,318,0,1,1,1,0,0,1,1070,0,ITI,ITI2,10,Umbria,Umbria,882015,246741,27.97,0.12
224,2021-04-06,UMB,5290,2169,3121,599,56,113,29,16,378,3355,713,5,26,2901,2389,ITI,ITI2,10,Umbria,Umbria,882015,252031,28.57,0.6
225,2021-02-27,UMB,1658,354,1304,14,11,13,1560,0,0,0,0,60,0,1642,16,ITI,ITI2,10,Umbria,Umbria,882015,253689,28.76,0.19
226,2020-12-31,UMB,322,127,195,310,0,0,0,2,0,0,0,0,10,322,0,ITI,ITI2,10,Umbria,Umbria,882015,254011,28.8,0.04
227,2021-02-23,UMB,1693,658,1035,1187,95,17,0,0,0,394,0,0,0,1651,42,ITI,ITI2,10,Umbria,Umbria,882015,255704,28.99,0.19
228,2021-03-03,UMB,4437,1772,2665,720,247,86,1534,0,0,1519,0,329,2,3725,712,ITI,ITI2,10,Umbria,Umbria,882015,260141,29.49,0.5
229,2021-03-21,UMB,665,330,335,31,285,0,64,34,6,0,0,34,211,665,0,ITI,ITI2,10,Umbria,Umbria,882015,260806,29.57,0.08
230,2021-02-18,UMB,1496,582,914,325,14,170,0,0,0,985,1,0,1,1030,466,ITI,ITI2,10,Umbria,Umbria,882015,262302,29.74,0.17
231,2021-01-08,UMB,1190,345,845,942,8,239,0,0,1,0,0,0,0,1190,0,ITI,ITI2,10,Umbria,Umbria,882015,263492,29.87,0.13
232,2021-04-11,UMB,3102,1503,1599,30,1,2,4,23,924,137,1942,39,0,3053,49,ITI,ITI2,10,Umbria,Umbria,882015,266594,30.23,0.35
233,2021-04-05,UMB,4250,1728,2522,764,22,69,26,3,89,2653,615,6,3,2195,2055,ITI,ITI2,10,Umbria,Umbria,882015,270844,30.71,0.48
234,2021-04-25,UMB,4362,1685,2677,12,13,8,1,20,187,3996,124,1,0,4280,82,ITI,ITI2,10,Umbria,Umbria,882015,275206,31.2,0.49
235,2021-04-04,UMB,59,20,39,0,0,0,0,0,22,37,0,0,0,23,36,ITI,ITI2,10,Umbria,Umbria,882015,275265,31.21,0.01
236,2021-04-28,UMB,5325,2307,3018,183,37,15,4,28,1109,2167,1774,6,2,2943,2382,ITI,ITI2,10,Umbria,Umbria,882015,280590,31.81,0.6
237,2021-04-20,UMB,5434,2352,3082,203,18,27,16,37,1324,2525,1278,0,6,3487,1947,ITI,ITI2,10,Umbria,Umbria,882015,286024,32.43,0.62
238,2021-02-25,UMB,1336,497,839,827,96,99,6,1,0,305,0,0,2,1284,52,ITI,ITI2,10,Umbria,Umbria,882015,287360,32.58,0.15
239,2021-03-26,UMB,4570,1682,2888,570,496,91,738,2,4,2488,0,155,26,4398,172,ITI,ITI2,10,Umbria,Umbria,882015,291930,33.1,0.52
240,2021-02-19,UMB,743,293,450,282,12,14,0,0,0,433,2,0,0,526,217,ITI,ITI2,10,Umbria,Umbria,882015,292673,33.18,0.08
241,2021-04-23,UMB,6596,2780,3816,66,36,83,92,52,1137,1011,4097,8,14,3477,3119,ITI,ITI2,10,Umbria,Umbria,882015,299269,33.93,0.75
242,2021-01-29,UMB,1232,348,884,944,16,272,0,0,0,0,0,0,0,79,1153,ITI,ITI2,10,Umbria,Umbria,882015,300501,34.07,0.14
243,2021-02-07,UMB,54,17,37,46,8,0,0,0,0,0,0,0,0,1,53,ITI,ITI2,10,Umbria,Umbria,882015,300555,34.08,0.01
244,2021-03-16,UMB,3538,1454,2084,1634,79,98,11,0,2,1708,1,0,5,1911,1627,ITI,ITI2,10,Umbria,Umbria,882015,304093,34.48,0.4
245,2021-03-12,UMB,2652,1039,1613,113,454,59,1194,2,0,465,2,309,54,2154,498,ITI,ITI2,10,Umbria,Umbria,882015,306745,34.78,0.3
246,2021-04-09,UMB,6787,3160,3627,105,62,66,86,35,1801,709,3890,10,23,6571,216,ITI,ITI2,10,Umbria,Umbria,882015,313532,35.55,0.77
247,2021-01-30,UMB,1590,490,1100,852,18,719,0,0,0,1,0,0,0,44,1546,ITI,ITI2,10,Umbria,Umbria,882015,315122,35.73,0.18
248,2021-03-25,UMB,3903,1699,2204,260,72,80,32,5,9,3271,1,123,50,2839,1064,ITI,ITI2,10,Umbria,Umbria,882015,319025,36.17,0.44
249,2021-01-24,UMB,258,106,152,258,0,0,0,0,0,0,0,0,0,1,257,ITI,ITI2,10,Umbria,Umbria,882015,319283,36.2,0.03
250,2021-05-10,UMB,5928,2764,3164,173,30,18,5,233,1145,1233,3037,37,17,3776,2152,ITI,ITI2,10,Umbria,Umbria,882015,325211,36.87,0.67
251,2021-05-04,UMB,5525,2541,2984,202,22,13,7,28,183,1522,3493,42,13,2406,3119,ITI,ITI2,10,Umbria,Umbria,882015,330736,37.5,0.63
252,2021-05-09,UMB,5762,2757,3005,17,15,0,10,38,540,96,5042,1,3,5371,391,ITI,ITI2,10,Umbria,Umbria,882015,336498,38.15,0.65
253,2020-12-27,UMB,86,45,41,68,2,16,0,0,0,0,0,0,0,86,0,ITI,ITI2,10,Umbria,Umbria,882015,336584,38.16,0.01
254,2021-03-24,UMB,4072,1760,2312,215,165,1,42,3,2,3531,0,111,2,2749,1323,ITI,ITI2,10,Umbria,Umbria,882015,340656,38.62,0.46
255,2021-03-23,UMB,3797,1685,2112,396,237,12,60,5,3,2854,0,175,55,2168,1629,ITI,ITI2,10,Umbria,Umbria,882015,344453,39.05,0.43
256,2021-05-11,UMB,6202,2819,3383,163,14,21,2,272,1531,1289,2876,9,25,4003,2199,ITI,ITI2,10,Umbria,Umbria,882015,350655,39.76,0.7
257,2021-05-01,UMB,5372,2639,2733,50,19,0,62,13,99,228,4876,23,2,2145,3227,ITI,ITI2,10,Umbria,Umbria,882015,356027,40.37,0.61
258,2021-01-21,UMB,610,202,408,428,13,169,0,0,0,0,0,0,0,341,269,ITI,ITI2,10,Umbria,Umbria,882015,356637,40.43,0.07
259,2021-04-16,UMB,8090,3736,4354,166,34,96,180,90,2597,1903,2978,18,28,6253,1837,ITI,ITI2,10,Umbria,Umbria,882015,364727,41.35,0.92
260,2021-04-26,UMB,5359,2321,3038,202,21,0,8,13,1259,2338,1494,5,19,3108,2251,ITI,ITI2,10,Umbria,Umbria,882015,370086,41.96,0.61
261,2021-04-19,UMB,4993,2205,2788,205,44,34,23,46,787,2514,1322,5,13,2944,2049,ITI,ITI2,10,Umbria,Umbria,882015,375079,42.53,0.57
262,2021-05-02,UMB,3787,1868,1919,36,31,0,19,9,40,67,3575,9,1,1333,2454,ITI,ITI2,10,Umbria,Umbria,882015,378866,42.95,0.43
263,2021-02-22,UMB,1859,778,1081,736,89,1,0,1,2,1007,5,0,18,1773,86,ITI,ITI2,10,Umbria,Umbria,882015,380725,43.17,0.21
264,2021-01-17,UMB,54,17,37,47,7,0,0,0,0,0,0,0,0,54,0,ITI,ITI2,10,Umbria,Umbria,882015,380779,43.17,0.01
265,2021-03-19,UMB,1743,565,1178,462,237,74,724,4,0,192,0,27,23,1087,656,ITI,ITI2,10,Umbria,Umbria,882015,382522,43.37,0.2
266,2021-03-28,UMB,1096,442,654,65,15,5,37,5,7,938,0,24,0,1072,24,ITI,ITI2,10,Umbria,Umbria,882015,383618,43.49,0.12
267,2021-05-16,UMB,5293,2524,2769,9,11,1,3,18,49,30,5169,1,2,5247,46,ITI,ITI2,10,Umbria,Umbria,882015,388911,44.09,0.6
268,2021-02-11,UMB,842,349,493,735,98,5,3,1,0,0,0,0,0,837,5,ITI,ITI2,10,Umbria,Umbria,882015,389753,44.19,0.1
269,2021-01-12,UMB,838,248,590,677,15,146,0,0,0,0,0,0,0,838,0,ITI,ITI2,10,Umbria,Umbria,882015,390591,44.28,0.1
270,2021-04-29,UMB,5182,2237,2945,204,29,36,8,32,1005,2066,1790,6,6,2856,2326,ITI,ITI2,10,Umbria,Umbria,882015,395773,44.87,0.59
271,2021-03-18,UMB,2942,1164,1778,975,124,350,12,3,5,1463,0,3,7,1704,1238,ITI,ITI2,10,Umbria,Umbria,882015,398715,45.21,0.33
272,2021-04-15,UMB,7623,3481,4142,261,34,55,25,77,2574,2867,1668,44,18,5737,1886,ITI,ITI2,10,Umbria,Umbria,882015,406338,46.07,0.86
273,2021-01-01,UMB,274,105,169,273,0,0,0,0,0,0,0,0,1,274,0,ITI,ITI2,10,Umbria,Umbria,882015,406612,46.1,0.03
274,2021-05-03,PAB,1829,846,983,21,8,0,1,313,1166,72,231,4,13,417,1412,ITH,ITH1,4,Provincia Autonoma Bolzano / Bozen,P.A. Bolzano,533050,1829,0.34,0.34
275,2021-01-07,PAB,917,327,590,617,107,0,0,25,16,61,0,0,91,917,0,ITH,ITH1,4,Provincia Autonoma Bolzano / Bozen,P.A. Bolzano,533050,2746,0.52,0.17
276,2021-04-23,PAB,4539,2148,2391,230,109,22,15,1791,718,489,1114,28,23,3249,1290,ITH,ITH1,4,Provincia Autonoma Bolzano / Bozen,P.A. Bolzano,533050,7285,1.37,0.85
277,2021-01-04,PAB,508,201,307,420,49,4,0,6,6,0,0,0,23,508,0,ITH,ITH1,4,Provincia Autonoma Bolzano / Bozen,P.A. Bolzano,533050,7793,1.46,0.1
278,2021-02-20,PAB,1802,540,1262,196,55,24,1009,5,6,477,0,1,29,1784,18,ITH,ITH1,4,Provincia Autonoma Bolzano / Bozen,P.A. Bolzano,533050,9595,1.8,0.34
279,2021-03-11,PAB,1681,823,858,89,309,79,335,3,14,371,87,379,15,1143,538,ITH,ITH1,4,Provincia Autonoma Bolzano / Bozen,P.A. Bolzano,533050,11276,2.12,0.32
280,2021-02-01,PAB,1451,440,1011,774,314,295,1,6,0,2,1,1,57,12,1439,ITH,ITH1,4,Provincia Autonoma Bolzano / Bozen,P.A. Bolzano,533050,12727,2.39,0.27
281,2021-04-05,PAB,301,144,157,4,3,0,1,6,16,62,201,7,1,23,278,ITH,ITH1,4,Provincia Autonoma Bolzano / Bozen,P.A. Bolzano,533050,13028,2.44,0.06
282,2021-05-02,PAB,2457,1288,1169,81,22,3,60,212,227,49,1501,278,24,1536,921,ITH,ITH1,4,Provincia Autonoma Bolzano / Bozen,P.A. Bolzano,533050,15485,2.9,0.46
283,2021-02-05,PAB,3195,1181,2014,762,505,440,0,21,12,1381,0,0,74,8,3187,ITH,ITH1,4,Provincia Autonoma Bolzano / Bozen,P.A. Bolzano,533050,18680,3.5,0.6
284,2021-04-10,PAB,5390,2664,2726,146,54,3,22,183,3270,552,942,200,18,4802,588,ITH,ITH1,4,Provincia Autonoma Bolzano / Bozen,P.A. Bolzano,533050,24070,4.52,1.01
285,2021-02-26,PAB,1525,550,975,62,32,2,333,4,1,1051,2,0,38,1495,30,ITH,ITH1,4,Provincia Autonoma Bolzano / Bozen,P.A. Bolzano,533050,25595,4.8,0.29
286,2021-03-06,PAB,3969,2079,1890,479,164,7,382,10,19,1981,48,859,20,3758,211,ITH,ITH1,4,Provincia Autonoma Bolzano / Bozen,P.A. Bolzano,533050,29564,5.55,0.74
287,2021-02-06,PAB,2626,1171,1455,452,43,6,1,28,76,1932,0,0,88,19,2607,ITH,ITH1,4,Provincia Autonoma Bolzano / Bozen,P.A. Bolzano,533050,32190,6.04,0.49
288,2021-04-30,PAB,3336,1591,1745,182,97,44,16,648,616,143,1366,44,180,1560,1776,ITH,ITH1,4,Provincia Autonoma Bolzano / Bozen,P.A. Bolzano,533050,35526,6.66,0.63
289,2021-01-22,PAB,248,143,105,136,8,84,1,4,0,3,1,0,11,124,124,ITH,ITH1,4,Provincia Autonoma Bolzano / Bozen,P.A. Bolzano,533050,35774,6.71,0.05
290,2021-02-03,PAB,1503,478,1025,666,341,321,0,12,5,72,1,0,85,5,1498,ITH,ITH1,4,Provincia Autonoma Bolzano / Bozen,P.A. Bolzano,533050,37277,6.99,0.28
291,2021-04-17,PAB,5230,2598,2632,69,12,36,76,2791,1237,99,734,161,15,5186,44,ITH,ITH1,4,Provincia Autonoma Bolzano / Bozen,P.A. Bolzano,533050,42507,7.97,0.98
292,2021-04-16,PAB,2949,1418,1531,194,36,5,38,1422,616,115,419,98,6,2438,511,ITH,ITH1,4,Provincia Autonoma Bolzano / Bozen,P.A. Bolzano,533050,45456,8.53,0.55
293,2021-03-13,PAB,2885,1459,1426,168,59,1,20,11,879,1295,58,381,13,2784,101,ITH,ITH1,4,Provincia Autonoma Bolzano / Bozen,P.A. Bolzano,533050,48341,9.07,0.54
294,2021-01-19,PAB,853,371,482,174,55,0,0,7,6,578,3,0,30,723,130,ITH,ITH1,4,Provincia Autonoma Bolzano / Bozen,P.A. Bolzano,533050,49194,9.23,0.16
295,2021-02-16,PAB,530,205,325,10,1,0,0,0,0,518,1,0,0,530,0,ITH,ITH1,4,Provincia Autonoma Bolzano / Bozen,P.A. Bolzano,533050,49724,9.33,0.1
296,2021-01-06,PAB,59,18,41,57,2,0,0,0,0,0,0,0,0,59,0,ITH,ITH1,4,Provincia Autonoma Bolzano / Bozen,P.A. Bolzano,533050,49783,9.34,0.01
297,2021-03-10,PAB,1261,524,737,660,102,0,118,4,9,134,10,133,91,1118,143,ITH,ITH1,4,Provincia Autonoma Bolzano / Bozen,P.A. Bolzano,533050,51044,9.58,0.24
298,2021-04-03,PAB,831,364,467,9,6,0,0,1,12,799,0,4,0,22,809,ITH,ITH1,4,Provincia Autonoma Bolzano / Bozen,P.A. Bolzano,533050,51875,9.73,0.16
299,2021-04-22,PAB,2922,1499,1423,67,29,16,87,728,614,165,844,350,22,1980,942,ITH,ITH1,4,Provincia Autonoma Bolzano / Bozen,P.A. Bolzano,533050,54797,10.28,0.55
300,2021-03-01,PAB,917,220,697,18,2,5,735,18,0,0,0,0,139,917,0,ITH,ITH1,4,Provincia Autonoma Bolzano / Bozen,P.A. Bolzano,533050,55714,10.45,0.17
301,2021-02-14,PAB,297,130,167,0,0,0,0,0,1,296,0,0,0,297,0,ITH,ITH1,4,Provincia Autonoma Bolzano / Bozen,P.A. Bolzano,533050,56011,10.51,0.06
302,2021-05-14,PAB,5062,2278,2784,91,28,2,1074,589,150,40,740,47,2301,3047,2015,ITH,ITH1,4,Provincia Autonoma Bolzano / Bozen,P.A. Bolzano,533050,61073,11.46,0.95
303,2021-01-02,PAB,91,48,43,69,1,0,0,5,1,0,0,0,15,91,0,ITH,ITH1,4,Provincia Autonoma Bolzano / Bozen,P.A. Bolzano,533050,61164,11.47,0.02
304,2021-04-09,PAB,2926,1292,1634,336,113,102,14,47,634,280,1363,13,24,2196,730,ITH,ITH1,4,Provincia Autonoma Bolzano / Bozen,P.A. Bolzano,533050,64090,12.02,0.55
305,2020-12-30,PAB,388,182,206,343,41,0,0,0,0,0,0,0,4,388,0,ITH,ITH1,4,Provincia Autonoma Bolzano / Bozen,P.A. Bolzano,533050,64478,12.1,0.07
306,2021-01-11,PAB,1569,513,1056,586,284,175,0,54,41,161,1,0,267,1569,0,ITH,ITH1,4,Provincia Autonoma Bolzano / Bozen,P.A. Bolzano,533050,66047,12.39,0.29
307,2021-02-08,PAB,2,1,1,0,0,0,0,0,0,1,0,0,1,1,1,ITH,ITH1,4,Provincia Autonoma Bolzano / Bozen,P.A. Bolzano,533050,66049,12.39,0.0
308,2021-02-02,PAB,1745,506,1239,630,370,605,0,9,10,11,0,0,110,8,1737,ITH,ITH1,4,Provincia Autonoma Bolzano / Bozen,P.A. Bolzano,533050,67794,12.72,0.33
309,2021-01-14,PAB,1946,575,1371,521,441,313,0,63,43,329,0,0,236,1946,0,ITH,ITH1,4,Provincia Autonoma Bolzano / Bozen,P.A. Bolzano,533050,69740,13.08,0.37
310,2021-01-15,PAB,3282,1228,2054,608,307,342,0,81,29,1447,0,0,468,3282,0,ITH,ITH1,4,Provincia Autonoma Bolzano / Bozen,P.A. Bolzano,533050,73022,13.7,0.62
311,2021-01-09,PAB,612,326,286,76,28,75,0,66,19,13,0,0,335,612,0,ITH,ITH1,4,Provincia Autonoma Bolzano / Bozen,P.A. Bolzano,533050,73634,13.81,0.11
312,2021-03-19,PAB,1906,773,1133,158,59,15,14,11,138,1182,310,1,18,799,1107,ITH,ITH1,4,Provincia Autonoma Bolzano / Bozen,P.A. Bolzano,533050,75540,14.17,0.36
313,2021-03-29,PAB,1170,499,671,14,2,0,13,1,184,842,85,26,3,411,759,ITH,ITH1,4,Provincia Autonoma Bolzano / Bozen,P.A. Bolzano,533050,76710,14.39,0.22
314,2021-03-15,PAB,1192,451,741,294,97,13,4,15,533,93,66,4,73,710,482,ITH,ITH1,4,Provincia Autonoma Bolzano / Bozen,P.A. Bolzano,533050,77902,14.61,0.22
315,2021-04-24,PAB,5101,2448,2653,294,197,2,7,2727,762,184,859,54,15,4617,484,ITH,ITH1,4,Provincia Autonoma Bolzano / Bozen,P.A. Bolzano,533050,83003,15.57,0.96
316,2021-03-05,PAB,1839,625,1214,337,98,59,240,8,2,896,125,9,65,1397,442,ITH,ITH1,4,Provincia Autonoma Bolzano / Bozen,P.A. Bolzano,533050,84842,15.92,0.34
317,2021-05-06,PAB,5181,2747,2434,190,75,16,197,984,672,148,1929,642,328,2612,2569,ITH,ITH1,4,Provincia Autonoma Bolzano / Bozen,P.A. Bolzano,533050,90023,16.89,0.97
318,2021-04-18,PAB,3110,1607,1503,28,14,2,27,1916,524,134,188,273,4,2100,1010,ITH,ITH1,4,Provincia Autonoma Bolzano / Bozen,P.A. Bolzano,533050,93133,17.47,0.58
319,2021-03-21,PAB,768,285,483,165,17,1,3,3,9,568,0,0,2,14,754,ITH,ITH1,4,Provincia Autonoma Bolzano / Bozen,P.A. Bolzano,533050,93901,17.62,0.14
320,2021-01-13,PAB,1691,557,1134,446,310,270,0,66,30,175,0,0,394,1691,0,ITH,ITH1,4,Provincia Autonoma Bolzano / Bozen,P.A. Bolzano,533050,95592,17.93,0.32
321,2021-03-30,PAB,1298,532,766,51,7,153,27,0,121,924,1,11,3,218,1080,ITH,ITH1,4,Provincia Autonoma Bolzano / Bozen,P.A. Bolzano,533050,96890,18.18,0.24
322,2021-01-18,PAB,1772,687,1085,391,102,8,0,32,56,1019,0,0,164,1767,5,ITH,ITH1,4,Provincia Autonoma Bolzano / Bozen,P.A. Bolzano,533050,98662,18.51,0.33
323,2021-03-27,PAB,3047,1552,1495,320,36,0,46,31,484,1441,358,305,26,1541,1506,ITH,ITH1,4,Provincia Autonoma Bolzano / Bozen,P.A. Bolzano,533050,101709,19.08,0.57
324,2021-04-14,PAB,3593,1645,1948,419,140,20,30,1096,829,124,844,80,11,3501,92,ITH,ITH1,4,Provincia Autonoma Bolzano / Bozen,P.A. Bolzano,533050,105302,19.75,0.67
325,2021-03-07,PAB,114,13,101,59,50,0,1,0,0,3,0,0,1,9,105,ITH,ITH1,4,Provincia Autonoma Bolzano / Bozen,P.A. Bolzano,533050,105416,19.78,0.02
326,2021-04-02,PAB,2077,837,1240,189,66,60,17,5,253,935,532,11,9,720,1357,ITH,ITH1,4,Provincia Autonoma Bolzano / Bozen,P.A. Bolzano,533050,107493,20.17,0.39
327,2021-05-15,PAB,6991,3681,3310,36,60,0,263,473,135,39,744,81,5160,6696,295,ITH,ITH1,4,Provincia Autonoma Bolzano / Bozen,P.A. Bolzano,533050,114484,21.48,1.31
328,2021-03-20,PAB,1757,848,909,115,48,9,1,7,265,967,238,99,8,1132,625,ITH,ITH1,4,Provincia Autonoma Bolzano / Bozen,P.A. Bolzano,533050,116241,21.81,0.33
329,2021-04-26,PAB,1541,771,770,24,36,0,56,919,285,31,101,85,4,1536,5,ITH,ITH1,4,Provincia Autonoma Bolzano / Bozen,P.A. Bolzano,533050,117782,22.1,0.29
330,2021-02-22,PAB,526,143,383,342,68,0,10,15,4,5,0,1,81,514,12,ITH,ITH1,4,Provincia Autonoma Bolzano / Bozen,P.A. Bolzano,533050,118308,22.19,0.1
331,2021-02-13,PAB,318,79,239,126,57,7,0,0,0,126,0,0,2,312,6,ITH,ITH1,4,Provincia Autonoma Bolzano / Bozen,P.A. Bolzano,533050,118626,22.25,0.06
332,2021-03-09,PAB,1194,543,651,29,81,22,47,0,1,930,0,80,4,1192,2,ITH,ITH1,4,Provincia Autonoma Bolzano / Bozen,P.A. Bolzano,533050,119820,22.48,0.22
333,2021-05-08,PAB,4416,2379,2037,63,11,2,8,343,137,41,1046,40,2725,3758,658,ITH,ITH1,4,Provincia Autonoma Bolzano / Bozen,P.A. Bolzano,533050,124236,23.31,0.83
334,2021-01-27,PAB,84,28,56,54,26,0,0,1,0,0,0,0,3,1,83,ITH,ITH1,4,Provincia Autonoma Bolzano / Bozen,P.A. Bolzano,533050,124320,23.32,0.02
335,2021-04-12,PAB,2105,946,1159,33,11,1,2,159,1654,93,143,3,6,2098,7,ITH,ITH1,4,Provincia Autonoma Bolzano / Bozen,P.A. Bolzano,533050,126425,23.72,0.39
336,2021-02-12,PAB,730,217,513,322,71,106,0,10,6,141,0,2,72,482,248,ITH,ITH1,4,Provincia Autonoma Bolzano / Bozen,P.A. Bolzano,533050,127155,23.85,0.14
337,2021-05-13,PAB,2969,1342,1627,42,24,47,383,603,361,66,522,21,900,1040,1929,ITH,ITH1,4,Provincia Autonoma Bolzano / Bozen,P.A. Bolzano,533050,130124,24.41,0.56
338,2021-03-04,PAB,1710,1001,709,307,80,39,262,12,5,171,75,710,49,1481,229,ITH,ITH1,4,Provincia Autonoma Bolzano / Bozen,P.A. Bolzano,533050,131834,24.73,0.32
339,2021-02-24,PAB,1366,405,961,10,3,0,1345,0,0,0,0,8,0,1354,12,ITH,ITH1,4,Provincia Autonoma Bolzano / Bozen,P.A. Bolzano,533050,133200,24.99,0.26
340,2021-01-10,PAB,2,2,0,1,0,0,0,0,0,0,0,0,1,2,0,ITH,ITH1,4,Provincia Autonoma Bolzano / Bozen,P.A. Bolzano,533050,133202,24.99,0.0
341,2021-03-31,PAB,1831,693,1138,419,304,22,16,15,160,430,426,20,19,820,1011,ITH,ITH1,4,Provincia Autonoma Bolzano / Bozen,P.A. Bolzano,533050,135033,25.33,0.34
342,2021-04-08,PAB,2754,1336,1418,47,34,121,2,17,2011,83,310,91,38,2551,203,ITH,ITH1,4,Provincia Autonoma Bolzano / Bozen,P.A. Bolzano,533050,137787,25.85,0.52
343,2021-01-20,PAB,617,252,365,287,51,0,0,6,3,257,0,0,13,409,208,ITH,ITH1,4,Provincia Autonoma Bolzano / Bozen,P.A. Bolzano,533050,138404,25.96,0.12
344,2021-05-07,PAB,4180,2055,2125,221,50,16,42,710,299,61,1466,135,1180,3662,518,ITH,ITH1,4,Provincia Autonoma Bolzano / Bozen,P.A. Bolzano,533050,142584,26.75,0.78
345,2021-03-08,PAB,1200,526,674,23,10,166,3,30,47,755,147,0,19,1173,27,ITH,ITH1,4,Provincia Autonoma Bolzano / Bozen,P.A. Bolzano,533050,143784,26.97,0.23
346,2021-03-02,PAB,695,200,495,11,1,0,676,0,0,0,0,7,0,693,2,ITH,ITH1,4,Provincia Autonoma Bolzano / Bozen,P.A. Bolzano,533050,144479,27.1,0.13
347,2021-01-23,PAB,197,117,80,191,0,0,0,2,0,0,0,0,4,0,197,ITH,ITH1,4,Provincia Autonoma Bolzano / Bozen,P.A. Bolzano,533050,144676,27.14,0.04
348,2021-04-06,PAB,2249,1117,1132,131,46,130,3,10,988,91,818,16,16,2146,103,ITH,ITH1,4,Provincia Autonoma Bolzano / Bozen,P.A. Bolzano,533050,146925,27.56,0.42
349,2021-01-17,PAB,2328,1044,1284,56,38,37,0,57,46,1989,0,0,105,2317,11,ITH,ITH1,4,Provincia Autonoma Bolzano / Bozen,P.A. Bolzano,533050,149253,28.0,0.44
350,2021-01-28,PAB,870,307,563,585,187,69,0,8,0,0,0,2,19,10,860,ITH,ITH1,4,Provincia Autonoma Bolzano / Bozen,P.A. Bolzano,533050,150123,28.16,0.16
351,2021-03-22,PAB,1133,514,619,2,0,0,0,6,900,192,13,15,5,1129,4,ITH,ITH1,4,Provincia Autonoma Bolzano / Bozen,P.A. Bolzano,533050,151256,28.38,0.21
352,2021-04-11,PAB,2720,1291,1429,46,17,3,63,350,1672,84,222,258,5,2543,177,ITH,ITH1,4,Provincia Autonoma Bolzano / Bozen,P.A. Bolzano,533050,153976,28.89,0.51
353,2021-05-05,PAB,4153,1945,2208,275,126,39,73,929,549,156,1731,138,137,2038,2115,ITH,ITH1,4,Provincia Autonoma Bolzano / Bozen,P.A. Bolzano,533050,158129,29.66,0.78
354,2021-01-25,PAB,487,183,304,401,68,0,1,4,0,1,0,2,10,3,484,ITH,ITH1,4,Provincia Autonoma Bolzano / Bozen,P.A. Bolzano,533050,158616,29.76,0.09
355,2021-04-07,PAB,1777,802,975,128,81,57,2,6,908,459,26,100,10,1238,539,ITH,ITH1,4,Provincia Autonoma Bolzano / Bozen,P.A. Bolzano,533050,160393,30.09,0.33
356,2021-02-09,PAB,317,126,191,64,17,2,2,1,0,228,0,0,3,1,316,ITH,ITH1,4,Provincia Autonoma Bolzano / Bozen,P.A. Bolzano,533050,160710,30.15,0.06
357,2021-02-04,PAB,1958,593,1365,650,507,458,0,23,26,233,0,0,61,8,1950,ITH,ITH1,4,Provincia Autonoma Bolzano / Bozen,P.A. Bolzano,533050,162668,30.52,0.37
358,2021-02-27,PAB,2457,759,1698,202,87,8,1233,8,13,885,0,3,18,2447,10,ITH,ITH1,4,Provincia Autonoma Bolzano / Bozen,P.A. Bolzano,533050,165125,30.98,0.46
359,2021-03-17,PAB,581,213,368,12,6,46,0,0,16,491,0,0,10,580,1,ITH,ITH1,4,Provincia Autonoma Bolzano / Bozen,P.A. Bolzano,533050,165706,31.09,0.11
360,2021-04-25,PAB,3069,1496,1573,53,24,0,24,1445,736,156,442,180,9,2398,671,ITH,ITH1,4,Provincia Autonoma Bolzano / Bozen,P.A. Bolzano,533050,168775,31.66,0.58
361,2021-03-03,PAB,1178,393,785,24,5,6,738,3,0,349,0,51,2,1165,13,ITH,ITH1,4,Provincia Autonoma Bolzano / Bozen,P.A. Bolzano,533050,169953,31.88,0.22
362,2021-01-08,PAB,1521,479,1042,790,170,168,0,51,29,104,0,0,209,1521,0,ITH,ITH1,4,Provincia Autonoma Bolzano / Bozen,P.A. Bolzano,533050,171474,32.17,0.29
363,2021-02-18,PAB,1839,457,1382,76,78,21,1290,3,2,353,4,0,12,1832,7,ITH,ITH1,4,Provincia Autonoma Bolzano / Bozen,P.A. Bolzano,533050,173313,32.51,0.34
364,2021-02-19,PAB,2252,512,1740,123,143,84,1784,3,3,86,6,0,20,2241,11,ITH,ITH1,4,Provincia Autonoma Bolzano / Bozen,P.A. Bolzano,533050,175565,32.94,0.42
365,2021-02-25,PAB,1498,549,949,22,5,0,405,2,1,1041,0,0,22,1497,1,ITH,ITH1,4,Provincia Autonoma Bolzano / Bozen,P.A. Bolzano,533050,177063,33.22,0.28
366,2020-12-31,PAB,912,518,394,478,61,0,0,47,9,1,0,0,316,912,0,ITH,ITH1,4,Provincia Autonoma Bolzano / Bozen,P.A. Bolzano,533050,177975,33.39,0.17
367,2021-01-26,PAB,810,291,519,673,129,0,0,3,1,0,0,0,4,1,809,ITH,ITH1,4,Provincia Autonoma Bolzano / Bozen,P.A. Bolzano,533050,178785,33.54,0.15
368,2021-01-03,PAB,41,16,25,33,5,0,0,0,0,1,0,0,2,41,0,ITH,ITH1,4,Provincia Autonoma Bolzano / Bozen,P.A. Bolzano,533050,178826,33.55,0.01
369,2021-03-26,PAB,1644,721,923,30,16,68,1,8,132,917,424,0,48,511,1133,ITH,ITH1,4,Provincia Autonoma Bolzano / Bozen,P.A. Bolzano,533050,180470,33.86,0.31
370,2021-04-01,PAB,2786,1407,1379,238,104,44,65,22,512,607,731,446,17,2642,144,ITH,ITH1,4,Provincia Autonoma Bolzano / Bozen,P.A. Bolzano,533050,183256,34.38,0.52
371,2021-03-16,PAB,1290,532,758,26,31,48,0,4,14,1160,4,2,1,124,1166,ITH,ITH1,4,Provincia Autonoma Bolzano / Bozen,P.A. Bolzano,533050,184546,34.62,0.24
372,2021-04-13,PAB,2391,1130,1261,23,4,1,6,1246,932,30,93,55,1,2384,7,ITH,ITH1,4,Provincia Autonoma Bolzano / Bozen,P.A. Bolzano,533050,186937,35.07,0.45
373,2021-01-16,PAB,2840,1265,1575,435,93,77,1,54,98,1976,0,0,106,2840,0,ITH,ITH1,4,Provincia Autonoma Bolzano / Bozen,P.A. Bolzano,533050,189777,35.6,0.53
374,2021-04-28,PAB,2458,1300,1158,78,56,10,59,1156,464,76,472,74,13,2455,3,ITH,ITH1,4,Provincia Autonoma Bolzano / Bozen,P.A. Bolzano,533050,192235,36.06,0.46
375,2021-02-07,PAB,2361,1057,1304,102,75,68,0,51,44,1951,0,0,70,14,2347,ITH,ITH1,4,Provincia Autonoma Bolzano / Bozen,P.A. Bolzano,533050,194596,36.51,0.44
376,2021-05-04,PAB,3447,1843,1604,48,38,11,78,499,388,77,2060,176,72,2410,1037,ITH,ITH1,4,Provincia Autonoma Bolzano / Bozen,P.A. Bolzano,533050,198043,37.15,0.65
377,2021-05-01,PAB,2104,1067,1037,121,30,0,90,773,308,62,480,217,23,1944,160,ITH,ITH1,4,Provincia Autonoma Bolzano / Bozen,P.A. Bolzano,533050,200147,37.55,0.39
378,2021-01-21,PAB,952,442,510,750,88,68,0,1,0,28,0,5,12,139,813,ITH,ITH1,4,Provincia Autonoma Bolzano / Bozen,P.A. Bolzano,533050,201099,37.73,0.18
379,2021-03-25,PAB,2141,1059,1082,230,72,27,47,24,843,305,298,268,27,1698,443,ITH,ITH1,4,Provincia Autonoma Bolzano / Bozen,P.A. Bolzano,533050,203240,38.13,0.4
380,2020-12-27,PAB,144,65,79,139,2,0,0,0,0,1,0,0,2,144,0,ITH,ITH1,4,Provincia Autonoma Bolzano / Bozen,P.A. Bolzano,533050,203384,38.15,0.03
381,2021-03-24,PAB,2040,977,1063,13,16,7,29,6,1361,248,278,61,21,2027,13,ITH,ITH1,4,Provincia Autonoma Bolzano / Bozen,P.A. Bolzano,533050,205424,38.54,0.38
382,2021-01-05,PAB,830,286,544,734,62,0,0,8,2,0,0,0,24,830,0,ITH,ITH1,4,Provincia Autonoma Bolzano / Bozen,P.A. Bolzano,533050,206254,38.69,0.16
383,2021-03-23,PAB,1552,759,793,0,1,0,34,5,1156,215,58,69,14,1551,1,ITH,ITH1,4,Provincia Autonoma Bolzano / Bozen,P.A. Bolzano,533050,207806,38.98,0.29
384,2021-05-11,PAB,2839,1333,1506,11,5,8,823,179,165,21,482,19,1126,1320,1519,ITH,ITH1,4,Provincia Autonoma Bolzano / Bozen,P.A. Bolzano,533050,210645,39.52,0.53
385,2021-04-20,PAB,1559,782,777,10,13,12,8,617,364,46,477,9,3,1558,1,ITH,ITH1,4,Provincia Autonoma Bolzano / Bozen,P.A. Bolzano,533050,212204,39.81,0.29
386,2021-01-24,PAB,12,10,2,1,0,0,0,2,1,0,0,0,8,0,12,ITH,ITH1,4,Provincia Autonoma Bolzano / Bozen,P.A. Bolzano,533050,212216,39.81,0.0
387,2021-04-21,PAB,3009,1467,1542,112,12,2,11,1727,490,88,541,17,9,2161,848,ITH,ITH1,4,Provincia Autonoma Bolzano / Bozen,P.A. Bolzano,533050,215225,40.38,0.56
388,2021-02-17,PAB,156,51,105,18,7,0,0,0,2,128,1,0,0,139,17,ITH,ITH1,4,Provincia Autonoma Bolzano / Bozen,P.A. Bolzano,533050,215381,40.41,0.03
389,2021-04-19,PAB,1870,857,1013,44,22,1,11,1039,301,166,269,8,9,1688,182,ITH,ITH1,4,Provincia Autonoma Bolzano / Bozen,P.A. Bolzano,533050,217251,40.76,0.35
390,2021-03-14,PAB,758,336,422,130,11,33,0,3,7,562,1,2,9,25,733,ITH,ITH1,4,Provincia Autonoma Bolzano / Bozen,P.A. Bolzano,533050,218009,40.9,0.14
391,2021-01-30,PAB,498,245,253,217,46,101,0,29,2,0,0,0,103,4,494,ITH,ITH1,4,Provincia Autonoma Bolzano / Bozen,P.A. Bolzano,533050,218507,40.99,0.09
392,2021-05-09,PAB,4233,2404,1829,36,9,1,71,186,163,47,624,318,2778,3080,1153,ITH,ITH1,4,Provincia Autonoma Bolzano / Bozen,P.A. Bolzano,533050,222740,41.79,0.79
393,2021-05-10,PAB,3018,1300,1718,27,14,17,868,266,328,54,319,19,1106,1413,1605,ITH,ITH1,4,Provincia Autonoma Bolzano / Bozen,P.A. Bolzano,533050,225758,42.35,0.57
394,2021-04-27,PAB,2224,1011,1213,109,58,21,53,589,1115,78,118,76,7,1148,1076,ITH,ITH1,4,Provincia Autonoma Bolzano / Bozen,P.A. Bolzano,533050,227982,42.77,0.42
395,2021-02-23,PAB,769,324,445,0,0,0,85,2,1,673,0,0,8,763,6,ITH,ITH1,4,Provincia Autonoma Bolzano / Bozen,P.A. Bolzano,533050,228751,42.91,0.14
396,2021-04-15,PAB,4398,2306,2092,121,47,39,118,1385,736,174,1262,493,23,4135,263,ITH,ITH1,4,Provincia Autonoma Bolzano / Bozen,P.A. Bolzano,533050,233149,43.74,0.83
397,2021-03-28,PAB,569,212,357,45,38,0,2,6,5,470,2,0,1,11,558,ITH,ITH1,4,Provincia Autonoma Bolzano / Bozen,P.A. Bolzano,533050,233718,43.85,0.11
398,2021-01-12,PAB,1709,459,1250,369,228,479,0,54,43,134,0,0,402,1709,0,ITH,ITH1,4,Provincia Autonoma Bolzano / Bozen,P.A. Bolzano,533050,235427,44.17,0.32
399,2021-02-11,PAB,1092,431,661,215,92,104,0,4,2,589,57,0,29,239,853,ITH,ITH1,4,Provincia Autonoma Bolzano / Bozen,P.A. Bolzano,533050,236519,44.37,0.2
400,2021-04-29,PAB,2630,1351,1279,127,117,71,74,600,541,124,509,245,222,1936,694,ITH,ITH1,4,Provincia Autonoma Bolzano / Bozen,P.A. Bolzano,533050,239149,44.86,0.49
401,2021-02-10,PAB,1635,604,1031,489,166,1,0,18,5,872,0,1,83,26,1609,ITH,ITH1,4,Provincia Autonoma Bolzano / Bozen,P.A. Bolzano,533050,240784,45.17,0.31
402,2021-05-12,PAB,3776,2048,1728,64,31,3,63,293,69,27,582,74,2570,3623,153,ITH,ITH1,4,Provincia Autonoma Bolzano / Bozen,P.A. Bolzano,533050,244560,45.88,0.71
403,2021-01-01,PAB,6,5,1,6,0,0,0,0,0,0,0,0,0,6,0,ITH,ITH1,4,Provincia Autonoma Bolzano / Bozen,P.A. Bolzano,533050,244566,45.88,0.0
404,2021-05-16,PAB,2024,931,1093,2,3,0,654,59,46,8,112,12,1128,1330,694,ITH,ITH1,4,Provincia Autonoma Bolzano / Bozen,P.A. Bolzano,533050,246590,46.26,0.38
405,2021-01-29,PAB,1497,510,987,882,282,295,4,7,1,4,0,0,22,24,1473,ITH,ITH1,4,Provincia Autonoma Bolzano / Bozen,P.A. Bolzano,533050,248087,46.54,0.28
406,2021-03-18,PAB,1302,531,771,50,16,51,0,10,15,1056,69,0,35,226,1076,ITH,ITH1,4,Provincia Autonoma Bolzano / Bozen,P.A. Bolzano,533050,249389,46.79,0.24
407,2021-03-12,PAB,1664,734,930,150,173,82,101,9,268,524,134,204,19,1251,413,ITH,ITH1,4,Provincia Autonoma Bolzano / Bozen,P.A. Bolzano,533050,251053,47.1,0.31
408,2021-02-15,PAB,72,42,30,17,2,40,0,0,1,7,0,0,5,26,46,ITH,ITH1,4,Provincia Autonoma Bolzano / Bozen,P.A. Bolzano,533050,251125,47.11,0.01
409,2021-03-07,MOL,1131,501,630,2,16,0,0,0,0,1113,0,0,0,1129,2,ITF,ITF2,14,Molise,Molise,305617,1131,0.37,0.37
410,2021-02-23,MOL,581,223,358,136,39,61,1,0,0,340,0,0,4,362,219,ITF,ITF2,14,Molise,Molise,305617,1712,0.56,0.19
411,2021-03-21,MOL,1246,542,704,14,1,0,0,0,2,1090,133,0,6,479,767,ITF,ITF2,14,Molise,Molise,305617,2958,0.97,0.41
412,2021-01-13,MOL,474,160,314,256,69,144,1,1,1,0,0,0,2,474,0,ITF,ITF2,14,Molise,Molise,305617,3432,1.12,0.16
413,2021-05-01,MOL,2628,1262,1366,9,3,2,7,28,186,140,2157,4,92,408,2220,ITF,ITF2,14,Molise,Molise,305617,6060,1.98,0.86
414,2021-02-02,MOL,539,176,363,295,64,180,0,0,0,0,0,0,0,216,323,ITF,ITF2,14,Molise,Molise,305617,6599,2.16,0.18
415,2021-03-12,MOL,1459,637,822,42,33,0,505,0,1,719,35,116,8,1423,36,ITF,ITF2,14,Molise,Molise,305617,8058,2.64,0.48
416,2021-04-21,MOL,1860,787,1073,19,5,1,26,19,712,420,635,6,17,965,895,ITF,ITF2,14,Molise,Molise,305617,9918,3.25,0.61
417,2021-03-24,MOL,1630,658,972,77,57,0,450,2,3,707,275,48,11,1228,402,ITF,ITF2,14,Molise,Molise,305617,11548,3.78,0.53
418,2021-03-23,MOL,1642,694,948,76,8,6,454,2,4,606,367,97,22,1435,207,ITF,ITF2,14,Molise,Molise,305617,13190,4.32,0.54
419,2021-05-09,MOL,2038,926,1112,5,4,0,15,819,742,26,400,12,15,1943,95,ITF,ITF2,14,Molise,Molise,305617,15228,4.98,0.67
420,2021-04-18,MOL,611,264,347,0,0,0,1,1,87,326,191,0,5,104,507,ITF,ITF2,14,Molise,Molise,305617,15839,5.18,0.2
421,2020-12-27,MOL,50,20,30,29,4,17,0,0,0,0,0,0,0,50,0,ITF,ITF2,14,Molise,Molise,305617,15889,5.2,0.02
422,2021-01-08,MOL,429,141,288,244,7,120,0,13,0,0,0,0,45,429,0,ITF,ITF2,14,Molise,Molise,305617,16318,5.34,0.14
423,2021-03-14,MOL,595,239,356,2,0,0,0,1,1,582,7,0,2,17,578,ITF,ITF2,14,Molise,Molise,305617,16913,5.53,0.19
424,2021-02-18,MOL,319,74,245,296,8,0,0,0,0,0,0,0,15,306,13,ITF,ITF2,14,Molise,Molise,305617,17232,5.64,0.1
425,2021-04-24,MOL,2080,975,1105,11,3,0,17,4,221,354,1463,3,4,607,1473,ITF,ITF2,14,Molise,Molise,305617,19312,6.32,0.68
426,2021-02-28,MOL,829,331,498,38,3,27,0,0,0,761,0,0,0,787,42,ITF,ITF2,14,Molise,Molise,305617,20141,6.59,0.27
427,2021-01-10,MOL,270,72,198,82,19,169,0,0,0,0,0,0,0,270,0,ITF,ITF2,14,Molise,Molise,305617,20411,6.68,0.09
428,2021-04-27,MOL,1590,765,825,29,8,17,1,3,121,247,1128,1,35,462,1128,ITF,ITF2,14,Molise,Molise,305617,22001,7.2,0.52
429,2021-01-26,MOL,450,184,266,444,0,0,1,2,0,0,0,0,3,8,442,ITF,ITF2,14,Molise,Molise,305617,22451,7.35,0.15
430,2021-04-06,MOL,1493,700,793,33,9,9,1,2,5,254,1160,18,2,1150,343,ITF,ITF2,14,Molise,Molise,305617,23944,7.83,0.49
431,2021-02-21,MOL,573,227,346,1,1,0,0,0,1,570,0,0,0,571,2,ITF,ITF2,14,Molise,Molise,305617,24517,8.02,0.19
432,2021-02-09,MOL,359,170,189,161,83,110,0,0,0,0,0,0,5,197,162,ITF,ITF2,14,Molise,Molise,305617,24876,8.14,0.12
433,2021-01-31,MOL,268,70,198,85,18,164,1,0,0,0,0,0,0,6,262,ITF,ITF2,14,Molise,Molise,305617,25144,8.23,0.09
434,2021-02-19,MOL,169,93,76,95,70,1,3,0,0,0,0,0,0,167,2,ITF,ITF2,14,Molise,Molise,305617,25313,8.28,0.06
435,2021-04-20,MOL,2311,1020,1291,23,7,1,23,11,740,420,1052,18,16,1219,1092,ITF,ITF2,14,Molise,Molise,305617,27624,9.04,0.76
436,2021-04-28,MOL,1671,902,769,10,4,5,34,128,171,130,1110,4,75,454,1217,ITF,ITF2,14,Molise,Molise,305617,29295,9.59,0.55
437,2021-05-05,MOL,1545,677,868,36,7,2,0,436,349,108,544,62,1,1413,132,ITF,ITF2,14,Molise,Molise,305617,30840,10.09,0.51
438,2021-01-28,MOL,613,217,396,430,9,154,1,4,1,0,0,0,14,17,596,ITF,ITF2,14,Molise,Molise,305617,31453,10.29,0.2
439,2021-03-15,MOL,832,338,494,137,43,67,297,24,4,118,31,61,50,587,245,ITF,ITF2,14,Molise,Molise,305617,32285,10.56,0.27
440,2021-03-10,MOL,1737,720,1017,188,7,1,509,2,5,757,54,187,27,1687,50,ITF,ITF2,14,Molise,Molise,305617,34022,11.13,0.57
441,2021-04-17,MOL,1690,825,865,5,3,0,3,1,170,553,916,34,5,962,728,ITF,ITF2,14,Molise,Molise,305617,35712,11.69,0.55
442,2021-02-27,MOL,1366,568,798,25,29,14,1,1,0,1290,0,0,6,1347,19,ITF,ITF2,14,Molise,Molise,305617,37078,12.13,0.45
443,2021-01-22,MOL,126,35,91,21,32,73,0,0,0,0,0,0,0,126,0,ITF,ITF2,14,Molise,Molise,305617,37204,12.17,0.04
444,2021-04-13,MOL,1615,710,905,7,4,1,1,12,910,322,350,1,7,1028,587,ITF,ITF2,14,Molise,Molise,305617,38819,12.7,0.53
445,2021-03-30,MOL,2003,857,1146,46,1,1,424,4,6,592,823,82,24,1491,512,ITF,ITF2,14,Molise,Molise,305617,40822,13.36,0.66
446,2021-05-03,MOL,1816,859,957,2,1,0,1,145,762,83,747,30,45,1684,132,ITF,ITF2,14,Molise,Molise,305617,42638,13.95,0.59
447,2021-03-22,MOL,1146,439,707,106,5,2,458,7,3,255,216,59,35,903,243,ITF,ITF2,14,Molise,Molise,305617,43784,14.33,0.37
448,2021-04-10,MOL,2562,1234,1328,10,4,0,19,1,12,239,2266,9,2,2411,151,ITF,ITF2,14,Molise,Molise,305617,46346,15.16,0.84
449,2021-03-16,MOL,614,230,384,13,4,11,0,3,7,395,173,4,4,267,347,ITF,ITF2,14,Molise,Molise,305617,46960,15.37,0.2
450,2021-02-05,MOL,593,269,324,460,22,63,0,13,0,0,0,0,35,55,538,ITF,ITF2,14,Molise,Molise,305617,47553,15.56,0.19
451,2021-03-17,MOL,908,385,523,48,25,42,1,8,4,573,176,13,18,576,332,ITF,ITF2,14,Molise,Molise,305617,48461,15.86,0.3
452,2021-05-08,MOL,2945,1439,1506,55,4,0,35,692,253,76,1771,44,15,1724,1221,ITF,ITF2,14,Molise,Molise,305617,51406,16.82,0.96
453,2021-04-26,MOL,1151,517,634,7,0,0,1,3,109,215,804,10,2,822,329,ITF,ITF2,14,Molise,Molise,305617,52557,17.2,0.38
454,2021-02-08,MOL,334,141,193,206,39,85,0,3,0,0,0,0,1,216,118,ITF,ITF2,14,Molise,Molise,305617,52891,17.31,0.11
455,2021-02-01,MOL,562,201,361,301,144,111,1,1,0,0,0,0,4,14,548,ITF,ITF2,14,Molise,Molise,305617,53453,17.49,0.18
456,2021-03-28,MOL,1592,741,851,155,15,0,1,0,1,1185,233,1,1,490,1102,ITF,ITF2,14,Molise,Molise,305617,55045,18.01,0.52
457,2021-02-22,MOL,265,129,136,56,65,62,0,27,0,8,0,0,47,250,15,ITF,ITF2,14,Molise,Molise,305617,55310,18.1,0.09
458,2021-04-19,MOL,1824,842,982,18,5,51,7,16,663,254,764,24,22,1047,777,ITF,ITF2,14,Molise,Molise,305617,57134,18.69,0.6
459,2021-01-17,MOL,78,38,40,78,0,0,0,0,0,0,0,0,0,48,30,ITF,ITF2,14,Molise,Molise,305617,57212,18.72,0.03
460,2021-05-13,MOL,3003,1397,1606,34,12,18,16,1869,288,35,672,13,46,2557,446,ITF,ITF2,14,Molise,Molise,305617,60215,19.7,0.98
461,2021-03-19,MOL,1184,482,702,32,1,9,248,2,4,727,155,2,4,757,427,ITF,ITF2,14,Molise,Molise,305617,61399,20.09,0.39
462,2021-05-16,MOL,651,302,349,1,0,0,0,434,76,3,120,0,17,520,131,ITF,ITF2,14,Molise,Molise,305617,62050,20.3,0.21
463,2021-01-29,MOL,421,136,285,227,23,109,3,12,0,0,0,0,47,6,415,ITF,ITF2,14,Molise,Molise,305617,62471,20.44,0.14
464,2021-03-29,MOL,2033,835,1198,108,8,5,525,4,55,514,775,22,17,1547,486,ITF,ITF2,14,Molise,Molise,305617,64504,21.11,0.67
465,2021-04-15,MOL,1899,779,1120,3,3,0,27,7,692,649,500,4,14,1061,838,ITF,ITF2,14,Molise,Molise,305617,66403,21.73,0.62
466,2021-03-18,MOL,1156,476,680,73,10,45,0,2,3,855,157,0,11,692,464,ITF,ITF2,14,Molise,Molise,305617,67559,22.11,0.38
467,2021-01-12,MOL,336,114,222,132,74,129,0,0,0,0,0,0,1,336,0,ITF,ITF2,14,Molise,Molise,305617,67895,22.22,0.11
468,2021-03-05,MOL,1219,649,570,322,5,0,73,9,2,618,0,151,39,1015,204,ITF,ITF2,14,Molise,Molise,305617,69114,22.61,0.4
469,2021-05-14,MOL,2554,1181,1373,72,3,0,70,1304,67,50,961,9,18,1851,703,ITF,ITF2,14,Molise,Molise,305617,71668,23.45,0.84
470,2021-02-24,MOL,666,278,388,242,66,44,1,6,7,274,0,0,26,333,333,ITF,ITF2,14,Molise,Molise,305617,72334,23.67,0.22
471,2021-01-09,MOL,450,152,298,221,27,178,0,5,0,0,0,0,19,450,0,ITF,ITF2,14,Molise,Molise,305617,72784,23.82,0.15
472,2021-02-16,MOL,156,70,86,148,5,0,0,2,0,0,0,0,1,150,6,ITF,ITF2,14,Molise,Molise,305617,72940,23.87,0.05
473,2021-03-20,MOL,2320,968,1352,28,23,0,222,1,6,1857,147,21,15,999,1321,ITF,ITF2,14,Molise,Molise,305617,75260,24.63,0.76
474,2021-02-07,MOL,66,32,34,49,1,16,0,0,0,0,0,0,0,19,47,ITF,ITF2,14,Molise,Molise,305617,75326,24.65,0.02
475,2021-02-17,MOL,72,32,40,47,10,6,0,0,0,1,0,0,8,57,15,ITF,ITF2,14,Molise,Molise,305617,75398,24.67,0.02
476,2021-05-06,MOL,2569,1139,1430,245,35,29,26,962,351,141,713,28,39,1993,576,ITF,ITF2,14,Molise,Molise,305617,77967,25.51,0.84
477,2021-01-30,MOL,461,158,303,189,52,180,0,6,0,0,0,0,34,12,449,ITF,ITF2,14,Molise,Molise,305617,78428,25.66,0.15
478,2021-03-25,MOL,1806,730,1076,53,4,18,493,3,10,832,269,107,17,1309,497,ITF,ITF2,14,Molise,Molise,305617,80234,26.25,0.59
479,2021-05-11,MOL,1868,834,1034,103,1,0,48,930,208,79,452,7,40,1731,137,ITF,ITF2,14,Molise,Molise,305617,82102,26.86,0.61
480,2021-04-29,MOL,2231,1140,1091,108,2,2,7,8,148,164,1715,31,46,887,1344,ITF,ITF2,14,Molise,Molise,305617,84333,27.59,0.73
481,2021-03-04,MOL,850,417,433,252,20,69,0,0,1,469,0,36,3,526,324,ITF,ITF2,14,Molise,Molise,305617,85183,27.87,0.28
482,2021-01-14,MOL,646,239,407,418,102,115,0,2,0,0,0,0,9,646,0,ITF,ITF2,14,Molise,Molise,305617,85829,28.08,0.21
483,2021-04-01,MOL,1454,662,792,27,18,21,20,0,2,720,578,62,6,729,725,ITF,ITF2,14,Molise,Molise,305617,87283,28.56,0.48
484,2021-04-25,MOL,787,393,394,2,1,0,0,0,218,62,504,0,0,558,229,ITF,ITF2,14,Molise,Molise,305617,88070,28.82,0.26
485,2021-04-05,MOL,389,188,201,1,0,0,0,1,1,113,273,0,0,290,99,ITF,ITF2,14,Molise,Molise,305617,88459,28.94,0.13
486,2021-01-16,MOL,420,166,254,270,16,127,0,1,0,0,0,0,6,420,0,ITF,ITF2,14,Molise,Molise,305617,88879,29.08,0.14
487,2021-04-03,MOL,1766,848,918,28,74,0,26,13,16,267,1323,7,12,1732,34,ITF,ITF2,14,Molise,Molise,305617,90645,29.66,0.58
488,2021-03-06,MOL,1728,807,921,156,18,0,0,2,4,1395,0,152,1,1569,159,ITF,ITF2,14,Molise,Molise,305617,92373,30.23,0.57
489,2021-03-03,MOL,672,316,356,63,4,48,127,0,0,385,0,45,0,590,82,ITF,ITF2,14,Molise,Molise,305617,93045,30.44,0.22
490,2021-01-06,MOL,689,260,429,456,26,171,0,1,2,21,0,0,12,689,0,ITF,ITF2,14,Molise,Molise,305617,93734,30.67,0.23
491,2021-04-30,MOL,2914,1542,1372,28,0,2,2,8,272,122,2466,0,14,828,2086,ITF,ITF2,14,Molise,Molise,305617,96648,31.62,0.95
492,2021-04-23,MOL,2048,881,1167,50,18,0,20,7,605,226,1106,11,5,1389,659,ITF,ITF2,14,Molise,Molise,305617,98696,32.29,0.67
493,2021-01-05,MOL,449,180,269,441,0,0,0,1,0,0,0,0,7,449,0,ITF,ITF2,14,Molise,Molise,305617,99145,32.44,0.15
494,2021-02-03,MOL,731,249,482,391,112,180,1,4,3,0,0,0,40,338,393,ITF,ITF2,14,Molise,Molise,305617,99876,32.68,0.24
495,2021-01-19,MOL,173,63,110,90,57,22,2,0,0,0,0,0,2,162,11,ITF,ITF2,14,Molise,Molise,305617,100049,32.74,0.06
496,2021-01-15,MOL,538,242,296,398,17,81,0,8,0,0,0,0,34,538,0,ITF,ITF2,14,Molise,Molise,305617,100587,32.91,0.18
497,2021-01-04,MOL,314,131,183,301,0,0,0,2,0,0,0,0,11,314,0,ITF,ITF2,14,Molise,Molise,305617,100901,33.02,0.1
498,2021-04-16,MOL,2411,1027,1384,56,5,11,8,7,693,738,880,7,6,1184,1227,ITF,ITF2,14,Molise,Molise,305617,103312,33.8,0.79
499,2021-02-25,MOL,541,239,302,68,3,28,0,6,0,434,0,0,2,473,68,ITF,ITF2,14,Molise,Molise,305617,103853,33.98,0.18
500,2021-02-06,MOL,429,179,250,276,14,130,1,2,0,0,0,0,6,29,400,ITF,ITF2,14,Molise,Molise,305617,104282,34.12,0.14
501,2021-04-09,MOL,2296,1240,1056,33,10,1,1,93,10,136,2004,2,6,2105,191,ITF,ITF2,14,Molise,Molise,305617,106578,34.87,0.75
502,2021-05-07,MOL,2573,1202,1371,97,28,4,23,602,436,67,1283,23,10,1994,579,ITF,ITF2,14,Molise,Molise,305617,109151,35.71,0.84
503,2021-03-08,MOL,1378,522,856,359,51,23,404,2,1,411,36,76,15,1238,140,ITF,ITF2,14,Molise,Molise,305617,110529,36.17,0.45
504,2021-05-02,MOL,1860,918,942,1,3,0,0,113,23,30,1649,1,40,565,1295,ITF,ITF2,14,Molise,Molise,305617,112389,36.77,0.61
505,2021-02-12,MOL,330,149,181,224,13,72,2,7,1,0,0,0,11,208,122,ITF,ITF2,14,Molise,Molise,305617,112719,36.88,0.11
506,2021-01-07,MOL,598,209,389,414,2,145,0,5,1,4,0,0,27,598,0,ITF,ITF2,14,Molise,Molise,305617,113317,37.08,0.2
507,2021-04-22,MOL,1835,858,977,12,2,6,5,19,753,338,682,8,10,1064,771,ITF,ITF2,14,Molise,Molise,305617,115152,37.68,0.6
508,2021-01-20,MOL,18,8,10,14,4,0,0,0,0,0,0,0,0,18,0,ITF,ITF2,14,Molise,Molise,305617,115170,37.68,0.01
509,2021-01-25,MOL,319,130,189,317,0,0,2,0,0,0,0,0,0,3,316,ITF,ITF2,14,Molise,Molise,305617,115489,37.79,0.1
510,2021-03-11,MOL,1463,636,827,42,2,14,499,4,2,699,12,185,4,1457,6,ITF,ITF2,14,Molise,Molise,305617,116952,38.27,0.48
511,2021-01-11,MOL,557,194,363,196,243,111,0,1,0,0,0,0,6,557,0,ITF,ITF2,14,Molise,Molise,305617,117509,38.45,0.18
512,2021-04-11,MOL,1151,581,570,0,5,0,0,1,1,48,1092,0,4,1138,13,ITF,ITF2,14,Molise,Molise,305617,118660,38.83,0.38
513,2021-02-04,MOL,758,295,463,502,95,141,1,3,0,0,0,0,16,77,681,ITF,ITF2,14,Molise,Molise,305617,119418,39.07,0.25
514,2021-04-08,MOL,1754,900,854,105,15,8,35,5,3,195,1369,8,11,1553,201,ITF,ITF2,14,Molise,Molise,305617,121172,39.65,0.57
515,2021-04-07,MOL,1687,847,840,36,12,63,80,10,3,133,1315,29,6,1412,275,ITF,ITF2,14,Molise,Molise,305617,122859,40.2,0.55
516,2021-04-04,MOL,253,141,112,1,0,0,0,0,0,3,248,0,1,238,15,ITF,ITF2,14,Molise,Molise,305617,123112,40.28,0.08
517,2021-02-11,MOL,293,133,160,225,19,45,1,0,0,0,0,3,0,257,36,ITF,ITF2,14,Molise,Molise,305617,123405,40.38,0.1
518,2021-05-12,MOL,2819,1283,1536,60,22,1,18,1697,367,46,545,19,44,2745,74,ITF,ITF2,14,Molise,Molise,305617,126224,41.3,0.92
519,2021-03-13,MOL,1189,594,595,29,5,6,0,5,4,981,6,151,2,200,989,ITF,ITF2,14,Molise,Molise,305617,127413,41.69,0.39
520,2021-03-31,MOL,2192,918,1274,202,13,32,263,10,18,826,707,96,25,1373,819,ITF,ITF2,14,Molise,Molise,305617,129605,42.41,0.72
521,2021-03-02,MOL,667,383,284,98,106,51,151,0,0,139,0,113,9,509,158,ITF,ITF2,14,Molise,Molise,305617,130272,42.63,0.22
522,2021-03-01,MOL,661,274,387,200,36,108,147,8,1,135,0,2,24,447,214,ITF,ITF2,14,Molise,Molise,305617,130933,42.84,0.22
523,2021-03-26,MOL,2574,1045,1529,72,64,23,548,7,16,1014,747,70,13,1932,642,ITF,ITF2,14,Molise,Molise,305617,133507,43.68,0.84
524,2021-02-10,MOL,150,78,72,91,6,53,0,0,0,0,0,0,0,130,20,ITF,ITF2,14,Molise,Molise,305617,133657,43.73,0.05
525,2021-04-14,MOL,1787,761,1026,44,1,11,3,5,974,431,309,5,4,1135,652,ITF,ITF2,14,Molise,Molise,305617,135444,44.32,0.58
526,2021-02-20,MOL,1018,441,577,20,5,8,0,0,1,983,0,0,1,998,20,ITF,ITF2,14,Molise,Molise,305617,136462,44.65,0.33
527,2021-02-15,MOL,144,70,74,117,10,15,0,0,0,0,0,0,2,141,3,ITF,ITF2,14,Molise,Molise,305617,136606,44.7,0.05
528,2021-01-18,MOL,114,48,66,97,14,0,0,1,0,0,0,0,2,114,0,ITF,ITF2,14,Molise,Molise,305617,136720,44.74,0.04
529,2021-04-12,MOL,1260,547,713,17,2,1,0,12,945,88,189,1,5,1018,242,ITF,ITF2,14,Molise,Molise,305617,137980,45.15,0.41
530,2021-05-04,MOL,2697,1179,1518,17,4,1,2,863,494,121,1193,0,2,2570,127,ITF,ITF2,14,Molise,Molise,305617,140677,46.03,0.88
531,2021-05-10,MOL,2874,1278,1596,30,3,1,12,980,896,69,851,18,14,2514,360,ITF,ITF2,14,Molise,Molise,305617,143551,46.97,0.94
532,2021-02-13,MOL,132,80,52,129,3,0,0,0,0,0,0,0,0,132,0,ITF,ITF2,14,Molise,Molise,305617,143683,47.01,0.04
533,2021-01-27,MOL,674,251,423,436,12,209,1,10,0,0,0,1,5,8,666,ITF,ITF2,14,Molise,Molise,305617,144357,47.23,0.22
534,2021-05-15,MOL,2249,1046,1203,14,8,0,6,1208,223,27,566,5,192,1905,344,ITF,ITF2,14,Molise,Molise,305617,146606,47.97,0.74
535,2021-02-26,MOL,563,260,303,42,7,3,55,9,1,406,1,0,39,490,73,ITF,ITF2,14,Molise,Molise,305617,147169,48.15,0.18
536,2021-03-09,MOL,1329,579,750,199,6,0,393,4,1,409,76,218,23,1177,152,ITF,ITF2,14,Molise,Molise,305617,148498,48.59,0.43
537,2021-03-27,MOL,2738,1272,1466,18,58,0,1,6,4,1908,717,23,3,1305,1433,ITF,ITF2,14,Molise,Molise,305617,151236,49.49,0.9
538,2021-04-02,MOL,1405,691,714,47,77,0,2,8,8,663,477,105,18,644,761,ITF,ITF2,14,Molise,Molise,305617,152641,49.95,0.46
539,2021-01-21,MOL,6,2,4,0,6,0,0,0,0,0,0,0,0,6,0,ITF,ITF2,14,Molise,Molise,305617,152647,49.95,0.0
540,2021-05-06,PAT,5468,2707,2761,108,136,17,51,1566,535,371,389,195,2100,4691,777,ITH,ITH2,4,Provincia Autonoma Trento,P.A. Trento,541380,5468,1.01,1.01
541,2021-01-30,PAT,386,132,254,346,7,32,1,0,0,0,0,0,0,152,234,ITH,ITH2,4,Provincia Autonoma Trento,P.A. Trento,541380,5854,1.08,0.07
542,2021-03-05,PAT,2241,702,1539,126,70,102,788,5,24,957,1,158,10,1675,566,ITH,ITH2,4,Provincia Autonoma Trento,P.A. Trento,541380,8095,1.5,0.41
543,2021-01-14,PAT,699,203,496,482,6,208,0,0,0,0,0,0,3,699,0,ITH,ITH2,4,Provincia Autonoma Trento,P.A. Trento,541380,8794,1.62,0.13
544,2021-05-10,PAT,3192,1639,1553,46,35,2,40,782,231,364,332,101,1259,2698,494,ITH,ITH2,4,Provincia Autonoma Trento,P.A. Trento,541380,11986,2.21,0.59
545,2021-01-24,PAT,547,276,271,535,12,0,0,0,0,0,0,0,0,224,323,ITH,ITH2,4,Provincia Autonoma Trento,P.A. Trento,541380,12533,2.32,0.1
546,2021-03-15,PAT,1410,545,865,58,130,26,175,3,285,624,15,55,39,946,464,ITH,ITH2,4,Provincia Autonoma Trento,P.A. Trento,541380,13943,2.58,0.26
547,2021-05-11,PAT,3654,1741,1913,52,103,6,148,572,190,473,230,60,1820,2828,826,ITH,ITH2,4,Provincia Autonoma Trento,P.A. Trento,541380,17597,3.25,0.67
548,2021-04-29,PAT,4601,2223,2378,82,86,10,31,2500,1205,188,463,2,34,4400,201,ITH,ITH2,4,Provincia Autonoma Trento,P.A. Trento,541380,22198,4.1,0.85
549,2021-03-21,PAT,129,69,60,34,1,0,18,2,18,0,56,0,0,129,0,ITH,ITH2,4,Provincia Autonoma Trento,P.A. Trento,541380,22327,4.12,0.02
550,2021-01-21,PAT,351,94,257,320,13,16,0,0,0,0,0,0,2,228,123,ITH,ITH2,4,Provincia Autonoma Trento,P.A. Trento,541380,22678,4.19,0.06
551,2021-03-04,PAT,2351,790,1561,161,26,23,347,14,12,1727,0,19,22,1572,779,ITH,ITH2,4,Provincia Autonoma Trento,P.A. Trento,541380,25029,4.62,0.43
552,2021-04-25,PAT,1969,938,1031,9,4,0,0,1304,215,31,384,0,22,1963,6,ITH,ITH2,4,Provincia Autonoma Trento,P.A. Trento,541380,26998,4.99,0.36
553,2021-04-14,PAT,3112,1463,1649,116,51,7,7,98,1487,1019,311,2,14,2376,736,ITH,ITH2,4,Provincia Autonoma Trento,P.A. Trento,541380,30110,5.56,0.57
554,2021-03-03,PAT,1653,621,1032,74,11,60,203,4,5,1267,3,19,7,1136,517,ITH,ITH2,4,Provincia Autonoma Trento,P.A. Trento,541380,31763,5.87,0.31
555,2021-04-05,PAT,33,16,17,0,0,0,1,21,11,0,0,0,0,33,0,ITH,ITH2,4,Provincia Autonoma Trento,P.A. Trento,541380,31796,5.87,0.01
556,2021-04-19,PAT,2620,1234,1386,41,12,0,6,592,905,314,682,2,66,2597,23,ITH,ITH2,4,Provincia Autonoma Trento,P.A. Trento,541380,34416,6.36,0.48
557,2021-02-23,PAT,1108,395,713,272,13,17,50,1,0,751,0,3,1,897,211,ITH,ITH2,4,Provincia Autonoma Trento,P.A. Trento,541380,35524,6.56,0.2
558,2021-01-13,PAT,421,123,298,392,6,23,0,0,0,0,0,0,0,421,0,ITH,ITH2,4,Provincia Autonoma Trento,P.A. Trento,541380,35945,6.64,0.08
559,2021-03-07,PAT,22,6,16,0,0,0,22,0,0,0,0,0,0,22,0,ITH,ITH2,4,Provincia Autonoma Trento,P.A. Trento,541380,35967,6.64,0.0
560,2021-01-27,PAT,802,277,525,463,33,304,0,0,0,1,0,0,1,91,711,ITH,ITH2,4,Provincia Autonoma Trento,P.A. Trento,541380,36769,6.79,0.15
561,2021-04-15,PAT,3178,1436,1742,182,112,16,3,129,1514,527,685,1,9,3027,151,ITH,ITH2,4,Provincia Autonoma Trento,P.A. Trento,541380,39947,7.38,0.59
562,2021-03-18,PAT,2317,957,1360,64,1,2,3,9,536,1674,17,2,9,1238,1079,ITH,ITH2,4,Provincia Autonoma Trento,P.A. Trento,541380,42264,7.81,0.43
563,2021-02-13,PAT,536,333,203,373,4,0,0,1,0,158,0,0,0,171,365,ITH,ITH2,4,Provincia Autonoma Trento,P.A. Trento,541380,42800,7.91,0.1
564,2021-03-27,PAT,1615,709,906,271,363,0,166,12,352,61,228,135,27,1363,252,ITH,ITH2,4,Provincia Autonoma Trento,P.A. Trento,541380,44415,8.2,0.3
565,2021-02-12,PAT,1010,340,670,335,54,55,0,2,9,553,0,0,2,589,421,ITH,ITH2,4,Provincia Autonoma Trento,P.A. Trento,541380,45425,8.39,0.19
566,2021-05-15,PAT,1564,814,750,375,91,0,62,109,51,25,353,51,447,676,888,ITH,ITH2,4,Provincia Autonoma Trento,P.A. Trento,541380,46989,8.68,0.29
567,2021-01-29,PAT,1352,331,1021,724,74,542,0,0,0,3,0,0,9,55,1297,ITH,ITH2,4,Provincia Autonoma Trento,P.A. Trento,541380,48341,8.93,0.25
568,2021-03-20,PAT,871,402,469,154,97,0,69,0,343,78,127,0,3,670,201,ITH,ITH2,4,Provincia Autonoma Trento,P.A. Trento,541380,49212,9.09,0.16
569,2021-05-16,PAT,1233,682,551,147,39,0,10,33,12,21,75,58,838,996,237,ITH,ITH2,4,Provincia Autonoma Trento,P.A. Trento,541380,50445,9.32,0.23
570,2021-03-10,PAT,2398,925,1473,356,36,25,316,4,10,1421,2,221,7,1477,921,ITH,ITH2,4,Provincia Autonoma Trento,P.A. Trento,541380,52843,9.76,0.44
571,2021-01-09,PAT,190,40,150,146,13,31,0,0,0,0,0,0,0,190,0,ITH,ITH2,4,Provincia Autonoma Trento,P.A. Trento,541380,53033,9.8,0.04
572,2021-03-08,PAT,1398,433,965,65,15,0,277,2,6,1017,1,7,8,1045,353,ITH,ITH2,4,Provincia Autonoma Trento,P.A. Trento,541380,54431,10.05,0.26
573,2021-05-07,PAT,5951,3058,2893,76,126,12,149,1167,506,521,459,215,2720,5118,833,ITH,ITH2,4,Provincia Autonoma Trento,P.A. Trento,541380,60382,11.15,1.1
574,2021-03-29,PAT,2452,957,1495,98,29,5,92,33,802,1003,100,4,286,1717,735,ITH,ITH2,4,Provincia Autonoma Trento,P.A. Trento,541380,62834,11.61,0.45
575,2021-05-13,PAT,3348,1563,1785,110,298,8,158,555,362,604,202,51,1000,2278,1070,ITH,ITH2,4,Provincia Autonoma Trento,P.A. Trento,541380,66182,12.22,0.62
576,2021-04-17,PAT,2201,1119,1082,13,2,0,0,146,1503,77,453,0,7,2144,57,ITH,ITH2,4,Provincia Autonoma Trento,P.A. Trento,541380,68383,12.63,0.41
577,2021-01-22,PAT,1668,433,1235,904,121,631,3,3,5,1,0,0,0,329,1339,ITH,ITH2,4,Provincia Autonoma Trento,P.A. Trento,541380,70051,12.94,0.31
578,2021-02-16,PAT,663,244,419,73,2,3,10,0,8,563,0,0,4,658,5,ITH,ITH2,4,Provincia Autonoma Trento,P.A. Trento,541380,70714,13.06,0.12
579,2021-02-24,PAT,1318,523,795,236,5,29,66,4,2,974,1,1,0,922,396,ITH,ITH2,4,Provincia Autonoma Trento,P.A. Trento,541380,72032,13.31,0.24
580,2021-01-23,PAT,577,334,243,487,2,88,0,0,0,0,0,0,0,388,189,ITH,ITH2,4,Provincia Autonoma Trento,P.A. Trento,541380,72609,13.41,0.11
581,2021-03-17,PAT,2067,790,1277,398,15,55,10,4,276,1266,23,1,19,1199,868,ITH,ITH2,4,Provincia Autonoma Trento,P.A. Trento,541380,74676,13.79,0.38
582,2021-03-02,PAT,1302,440,862,138,16,55,146,4,9,925,1,1,7,926,376,ITH,ITH2,4,Provincia Autonoma Trento,P.A. Trento,541380,75978,14.03,0.24
583,2021-04-08,PAT,3112,1293,1819,185,25,46,39,57,1023,1414,308,3,12,1994,1118,ITH,ITH2,4,Provincia Autonoma Trento,P.A. Trento,541380,79090,14.61,0.57
584,2021-02-26,PAT,1218,435,783,250,12,19,105,3,2,823,0,1,3,923,295,ITH,ITH2,4,Provincia Autonoma Trento,P.A. Trento,541380,80308,14.83,0.22
585,2021-04-07,PAT,2592,1008,1584,264,26,29,102,19,631,1364,132,10,15,1651,941,ITH,ITH2,4,Provincia Autonoma Trento,P.A. Trento,541380,82900,15.31,0.48
586,2021-03-13,PAT,830,380,450,203,16,30,259,0,0,44,0,278,0,782,48,ITH,ITH2,4,Provincia Autonoma Trento,P.A. Trento,541380,83730,15.47,0.15
587,2021-05-12,PAT,3272,1480,1792,69,108,32,204,638,201,726,189,31,1074,2096,1176,ITH,ITH2,4,Provincia Autonoma Trento,P.A. Trento,541380,87002,16.07,0.6
588,2021-04-11,PAT,2335,1133,1202,45,57,8,177,26,1754,21,235,7,5,2244,91,ITH,ITH2,4,Provincia Autonoma Trento,P.A. Trento,541380,89337,16.5,0.43
589,2021-01-08,PAT,1449,313,1136,775,128,530,0,0,7,7,0,0,2,1449,0,ITH,ITH2,4,Provincia Autonoma Trento,P.A. Trento,541380,90786,16.77,0.27
590,2021-02-15,PAT,533,187,346,145,21,27,11,1,1,322,0,0,5,419,114,ITH,ITH2,4,Provincia Autonoma Trento,P.A. Trento,541380,91319,16.87,0.1
591,2020-12-31,PAT,1624,449,1175,841,105,676,0,0,1,1,0,0,0,1624,0,ITH,ITH2,4,Provincia Autonoma Trento,P.A. Trento,541380,92943,17.17,0.3
592,2021-03-01,PAT,1237,454,783,74,1,10,95,5,8,1037,0,3,4,942,295,ITH,ITH2,4,Provincia Autonoma Trento,P.A. Trento,541380,94180,17.4,0.23
593,2021-02-09,PAT,914,287,627,447,8,73,0,2,1,381,0,0,2,441,473,ITH,ITH2,4,Provincia Autonoma Trento,P.A. Trento,541380,95094,17.57,0.17
594,2021-04-22,PAT,3130,1461,1669,74,49,8,0,1320,900,242,525,2,10,3086,44,ITH,ITH2,4,Provincia Autonoma Trento,P.A. Trento,541380,98224,18.14,0.58
595,2021-03-06,PAT,773,277,496,362,11,0,195,3,0,195,0,5,2,622,151,ITH,ITH2,4,Provincia Autonoma Trento,P.A. Trento,541380,98997,18.29,0.14
596,2021-04-30,PAT,4900,2394,2506,61,126,14,30,2858,894,172,582,3,160,4762,138,ITH,ITH2,4,Provincia Autonoma Trento,P.A. Trento,541380,103897,19.19,0.91
597,2021-01-18,PAT,643,154,489,529,35,73,0,1,0,1,0,0,4,588,55,ITH,ITH2,4,Provincia Autonoma Trento,P.A. Trento,541380,104540,19.31,0.12
598,2021-01-06,PAT,42,13,29,42,0,0,0,0,0,0,0,0,0,42,0,ITH,ITH2,4,Provincia Autonoma Trento,P.A. Trento,541380,104582,19.32,0.01
599,2021-01-05,PAT,709,232,477,495,46,162,0,1,1,0,0,0,4,709,0,ITH,ITH2,4,Provincia Autonoma Trento,P.A. Trento,541380,105291,19.45,0.13
600,2021-05-05,PAT,4961,2570,2391,137,138,11,88,1731,690,88,245,236,1597,4681,280,ITH,ITH2,4,Provincia Autonoma Trento,P.A. Trento,541380,110252,20.36,0.92
601,2021-03-26,PAT,3151,1226,1925,136,178,108,555,30,1097,901,62,46,38,2552,599,ITH,ITH2,4,Provincia Autonoma Trento,P.A. Trento,541380,113403,20.95,0.58
602,2021-04-20,PAT,2860,1369,1491,40,20,0,4,941,1274,175,388,2,16,2824,36,ITH,ITH2,4,Provincia Autonoma Trento,P.A. Trento,541380,116263,21.48,0.53
603,2021-04-23,PAT,3584,1743,1841,33,16,21,9,1592,799,200,896,1,17,3530,54,ITH,ITH2,4,Provincia Autonoma Trento,P.A. Trento,541380,119847,22.14,0.66
604,2021-02-06,PAT,574,298,276,179,0,0,0,1,0,391,0,0,3,433,141,ITH,ITH2,4,Provincia Autonoma Trento,P.A. Trento,541380,120421,22.24,0.11
605,2021-05-14,PAT,4498,2178,2320,71,179,23,687,488,249,153,260,206,2182,3269,1229,ITH,ITH2,4,Provincia Autonoma Trento,P.A. Trento,541380,124919,23.07,0.83
606,2021-04-01,PAT,2892,1227,1665,195,137,8,125,33,501,1644,123,24,102,1799,1093,ITH,ITH2,4,Provincia Autonoma Trento,P.A. Trento,541380,127811,23.61,0.53
607,2021-02-02,PAT,907,240,667,507,33,189,0,2,5,170,0,0,1,190,717,ITH,ITH2,4,Provincia Autonoma Trento,P.A. Trento,541380,128718,23.78,0.17
608,2021-02-21,PAT,155,92,63,154,0,0,1,0,0,0,0,0,0,43,112,ITH,ITH2,4,Provincia Autonoma Trento,P.A. Trento,541380,128873,23.8,0.03
609,2021-01-20,PAT,291,73,218,232,10,48,0,0,0,0,0,0,1,279,12,ITH,ITH2,4,Provincia Autonoma Trento,P.A. Trento,541380,129164,23.86,0.05
610,2021-01-02,PAT,502,143,359,336,21,141,0,0,0,3,0,0,1,502,0,ITH,ITH2,4,Provincia Autonoma Trento,P.A. Trento,541380,129666,23.95,0.09
611,2021-03-11,PAT,2293,851,1442,105,50,41,391,8,13,1587,23,59,16,1471,822,ITH,ITH2,4,Provincia Autonoma Trento,P.A. Trento,541380,131959,24.37,0.42
612,2021-01-11,PAT,730,221,509,523,49,153,0,1,0,0,0,0,4,730,0,ITH,ITH2,4,Provincia Autonoma Trento,P.A. Trento,541380,132689,24.51,0.13
613,2021-01-15,PAT,594,131,463,463,18,111,0,0,1,0,0,0,1,594,0,ITH,ITH2,4,Provincia Autonoma Trento,P.A. Trento,541380,133283,24.62,0.11
614,2021-04-18,PAT,1853,844,1009,10,54,4,3,1025,509,23,219,0,6,1845,8,ITH,ITH2,4,Provincia Autonoma Trento,P.A. Trento,541380,135136,24.96,0.34
615,2021-05-04,PAT,4472,2421,2051,41,65,27,26,1576,441,92,366,182,1656,4382,90,ITH,ITH2,4,Provincia Autonoma Trento,P.A. Trento,541380,139608,25.79,0.83
616,2021-03-24,PAT,2375,940,1435,206,90,42,225,6,238,1450,66,42,10,1555,820,ITH,ITH2,4,Provincia Autonoma Trento,P.A. Trento,541380,141983,26.23,0.44
617,2021-03-23,PAT,2439,941,1498,146,111,71,163,7,845,1011,35,34,16,1699,740,ITH,ITH2,4,Provincia Autonoma Trento,P.A. Trento,541380,144422,26.68,0.45
618,2021-05-09,PAT,2322,1210,1112,12,219,0,23,330,84,33,284,66,1271,1978,344,ITH,ITH2,4,Provincia Autonoma Trento,P.A. Trento,541380,146744,27.11,0.43
619,2021-04-21,PAT,2892,1348,1544,47,12,3,1,1176,920,195,534,0,4,2842,50,ITH,ITH2,4,Provincia Autonoma Trento,P.A. Trento,541380,149636,27.64,0.53
620,2021-02-17,PAT,1110,425,685,326,9,35,12,3,11,709,0,3,2,1020,90,ITH,ITH2,4,Provincia Autonoma Trento,P.A. Trento,541380,150746,27.84,0.21
621,2020-12-27,PAT,103,40,63,76,4,21,0,0,0,0,0,0,2,103,0,ITH,ITH2,4,Provincia Autonoma Trento,P.A. Trento,541380,150849,27.86,0.02
622,2021-04-27,PAT,3875,1864,2011,27,104,1,5,2094,903,157,529,16,39,3809,66,ITH,ITH2,4,Provincia Autonoma Trento,P.A. Trento,541380,154724,28.58,0.72
623,2021-02-10,PAT,851,291,560,311,7,51,0,1,0,481,0,0,0,509,342,ITH,ITH2,4,Provincia Autonoma Trento,P.A. Trento,541380,155575,28.74,0.16
624,2021-01-10,PAT,84,19,65,54,18,12,0,0,0,0,0,0,0,84,0,ITH,ITH2,4,Provincia Autonoma Trento,P.A. Trento,541380,155659,28.75,0.02
625,2021-05-08,PAT,3141,1715,1426,16,270,0,29,427,91,34,334,157,1783,2724,417,ITH,ITH2,4,Provincia Autonoma Trento,P.A. Trento,541380,158800,29.33,0.58
626,2021-03-14,PAT,107,65,42,102,0,0,5,0,0,0,0,0,0,20,87,ITH,ITH2,4,Provincia Autonoma Trento,P.A. Trento,541380,158907,29.35,0.02
627,2021-04-24,PAT,3507,1682,1825,3,30,3,2,2175,354,43,886,0,11,3494,13,ITH,ITH2,4,Provincia Autonoma Trento,P.A. Trento,541380,162414,30.0,0.65
628,2021-01-31,PAT,75,15,60,55,13,6,0,1,0,0,0,0,0,1,74,ITH,ITH2,4,Provincia Autonoma Trento,P.A. Trento,541380,162489,30.01,0.01
629,2021-04-02,PAT,2787,1143,1644,153,65,44,298,58,1169,699,133,15,153,2113,674,ITH,ITH2,4,Provincia Autonoma Trento,P.A. Trento,541380,165276,30.53,0.51
630,2021-01-12,PAT,505,158,347,419,25,61,0,0,0,0,0,0,0,505,0,ITH,ITH2,4,Provincia Autonoma Trento,P.A. Trento,541380,165781,30.62,0.09
631,2021-01-01,PAT,213,50,163,114,11,88,0,0,0,0,0,0,0,213,0,ITH,ITH2,4,Provincia Autonoma Trento,P.A. Trento,541380,165994,30.66,0.04
632,2021-02-11,PAT,1132,365,767,332,3,48,0,0,5,739,0,0,5,796,336,ITH,ITH2,4,Provincia Autonoma Trento,P.A. Trento,541380,167126,30.87,0.21
633,2021-03-09,PAT,1579,588,991,98,44,31,199,2,8,1102,1,92,2,936,643,ITH,ITH2,4,Provincia Autonoma Trento,P.A. Trento,541380,168705,31.16,0.29
634,2021-04-12,PAT,3077,1401,1676,137,37,31,365,76,1319,754,319,12,27,2581,496,ITH,ITH2,4,Provincia Autonoma Trento,P.A. Trento,541380,171782,31.73,0.57
635,2021-01-07,PAT,1270,310,960,649,46,557,0,1,4,13,0,0,0,1270,0,ITH,ITH2,4,Provincia Autonoma Trento,P.A. Trento,541380,173052,31.96,0.23
636,2021-02-01,PAT,1220,335,885,767,70,375,0,1,1,0,0,0,6,92,1128,ITH,ITH2,4,Provincia Autonoma Trento,P.A. Trento,541380,174272,32.19,0.23
637,2021-03-12,PAT,2493,931,1562,207,254,106,557,9,26,1120,5,203,6,1688,805,ITH,ITH2,4,Provincia Autonoma Trento,P.A. Trento,541380,176765,32.65,0.46
638,2021-02-27,PAT,1026,456,570,460,5,2,113,0,2,435,0,4,5,605,421,ITH,ITH2,4,Provincia Autonoma Trento,P.A. Trento,541380,177791,32.84,0.19
639,2021-02-20,PAT,406,245,161,330,10,30,31,0,0,1,0,3,1,122,284,ITH,ITH2,4,Provincia Autonoma Trento,P.A. Trento,541380,178197,32.92,0.07
640,2021-02-08,PAT,1151,318,833,551,53,237,1,1,4,303,0,0,1,342,809,ITH,ITH2,4,Provincia Autonoma Trento,P.A. Trento,541380,179348,33.13,0.21
641,2021-01-25,PAT,817,215,602,524,27,263,0,0,0,2,0,0,1,23,794,ITH,ITH2,4,Provincia Autonoma Trento,P.A. Trento,541380,180165,33.28,0.15
642,2021-03-31,PAT,2553,983,1570,147,35,5,227,26,480,1474,103,6,50,1696,857,ITH,ITH2,4,Provincia Autonoma Trento,P.A. Trento,541380,182718,33.75,0.47
643,2021-02-05,PAT,801,271,530,466,19,66,0,1,0,248,0,0,1,283,518,ITH,ITH2,4,Provincia Autonoma Trento,P.A. Trento,541380,183519,33.9,0.15
644,2021-04-10,PAT,2790,1306,1484,21,8,1,189,42,2182,67,258,11,11,1996,794,ITH,ITH2,4,Provincia Autonoma Trento,P.A. Trento,541380,186309,34.41,0.52
645,2021-04-16,PAT,2831,1341,1490,85,28,25,8,225,1246,389,802,2,21,2686,145,ITH,ITH2,4,Provincia Autonoma Trento,P.A. Trento,541380,189140,34.94,0.52
646,2021-02-04,PAT,973,304,669,544,10,89,0,1,2,325,0,0,2,420,553,ITH,ITH2,4,Provincia Autonoma Trento,P.A. Trento,541380,190113,35.12,0.18
647,2021-03-22,PAT,2304,972,1332,83,134,8,103,11,848,994,62,38,23,1429,875,ITH,ITH2,4,Provincia Autonoma Trento,P.A. Trento,541380,192417,35.54,0.43
648,2021-01-17,PAT,251,195,56,251,0,0,0,0,0,0,0,0,0,251,0,ITH,ITH2,4,Provincia Autonoma Trento,P.A. Trento,541380,192668,35.59,0.05
649,2021-05-02,PAT,3512,1955,1557,18,137,0,3,1507,150,21,253,128,1295,3474,38,ITH,ITH2,4,Provincia Autonoma Trento,P.A. Trento,541380,196180,36.24,0.65
650,2021-04-06,PAT,2257,949,1308,40,6,9,101,11,850,1069,141,18,12,1489,768,ITH,ITH2,4,Provincia Autonoma Trento,P.A. Trento,541380,198437,36.65,0.42
651,2021-03-28,PAT,748,292,456,19,414,0,2,9,18,8,168,107,3,745,3,ITH,ITH2,4,Provincia Autonoma Trento,P.A. Trento,541380,199185,36.79,0.14
652,2021-04-03,PAT,1138,471,667,142,269,0,31,10,146,61,369,108,2,971,167,ITH,ITH2,4,Provincia Autonoma Trento,P.A. Trento,541380,200323,37.0,0.21
653,2021-02-22,PAT,745,259,486,119,4,70,45,1,4,501,0,0,1,661,84,ITH,ITH2,4,Provincia Autonoma Trento,P.A. Trento,541380,201068,37.14,0.14
654,2021-04-26,PAT,2646,1244,1402,18,12,0,10,669,1149,154,620,1,13,2552,94,ITH,ITH2,4,Provincia Autonoma Trento,P.A. Trento,541380,203714,37.63,0.49
655,2021-03-19,PAT,2423,915,1508,321,74,53,68,17,758,1065,50,2,15,1571,852,ITH,ITH2,4,Provincia Autonoma Trento,P.A. Trento,541380,206137,38.08,0.45
656,2021-02-18,PAT,1205,426,779,300,25,35,55,2,3,782,0,3,0,1143,62,ITH,ITH2,4,Provincia Autonoma Trento,P.A. Trento,541380,207342,38.3,0.22
657,2021-01-16,PAT,319,148,171,304,0,15,0,0,0,0,0,0,0,319,0,ITH,ITH2,4,Provincia Autonoma Trento,P.A. Trento,541380,207661,38.36,0.06
658,2021-02-28,PAT,242,121,121,231,0,0,11,0,0,0,0,0,0,242,0,ITH,ITH2,4,Provincia Autonoma Trento,P.A. Trento,541380,207903,38.4,0.04
659,2021-01-28,PAT,530,147,383,390,29,107,0,1,1,2,0,0,0,48,482,ITH,ITH2,4,Provincia Autonoma Trento,P.A. Trento,541380,208433,38.5,0.1
660,2021-02-19,PAT,927,358,569,169,38,93,28,5,11,582,0,1,0,869,58,ITH,ITH2,4,Provincia Autonoma Trento,P.A. Trento,541380,209360,38.67,0.17
661,2021-03-16,PAT,1391,506,885,221,7,36,5,1,24,1073,11,0,13,608,783,ITH,ITH2,4,Provincia Autonoma Trento,P.A. Trento,541380,210751,38.93,0.26
662,2021-02-25,PAT,1640,643,997,120,9,32,93,2,3,1377,0,1,3,1200,440,ITH,ITH2,4,Provincia Autonoma Trento,P.A. Trento,541380,212391,39.23,0.3
663,2021-01-04,PAT,870,227,643,486,41,336,0,2,4,1,0,0,0,870,0,ITH,ITH2,4,Provincia Autonoma Trento,P.A. Trento,541380,213261,39.39,0.16
664,2021-04-09,PAT,2705,1143,1562,86,27,27,196,60,1290,897,112,4,6,1506,1199,ITH,ITH2,4,Provincia Autonoma Trento,P.A. Trento,541380,215966,39.89,0.5
665,2021-01-03,PAT,492,160,332,419,9,63,0,0,0,0,0,0,1,492,0,ITH,ITH2,4,Provincia Autonoma Trento,P.A. Trento,541380,216458,39.98,0.09
666,2021-04-28,PAT,4230,1967,2263,99,43,5,24,2407,907,168,534,3,40,4092,138,ITH,ITH2,4,Provincia Autonoma Trento,P.A. Trento,541380,220688,40.76,0.78
667,2021-01-19,PAT,405,77,328,365,3,36,0,0,0,0,0,0,1,405,0,ITH,ITH2,4,Provincia Autonoma Trento,P.A. Trento,541380,221093,40.84,0.07
668,2021-02-03,PAT,846,314,532,356,13,73,0,1,2,400,0,0,1,414,432,ITH,ITH2,4,Provincia Autonoma Trento,P.A. Trento,541380,221939,41.0,0.16
669,2021-02-14,PAT,246,186,60,246,0,0,0,0,0,0,0,0,0,11,235,ITH,ITH2,4,Provincia Autonoma Trento,P.A. Trento,541380,222185,41.04,0.05
670,2021-04-13,PAT,2546,1054,1492,25,12,3,389,40,1217,693,145,2,20,2039,507,ITH,ITH2,4,Provincia Autonoma Trento,P.A. Trento,541380,224731,41.51,0.47
671,2020-12-30,PAT,7,3,4,4,1,2,0,0,0,0,0,0,0,7,0,ITH,ITH2,4,Provincia Autonoma Trento,P.A. Trento,541380,224738,41.51,0.0
672,2021-05-03,PAT,4233,2177,2056,90,80,3,7,2064,444,115,514,135,781,4080,153,ITH,ITH2,4,Provincia Autonoma Trento,P.A. Trento,541380,228971,42.29,0.78
673,2021-05-01,PAT,4837,2463,2374,25,71,0,4,2924,179,44,564,81,945,4802,35,ITH,ITH2,4,Provincia Autonoma Trento,P.A. Trento,541380,233808,43.19,0.89
674,2021-03-25,PAT,2873,1103,1770,184,141,28,360,32,631,1326,84,25,62,1824,1049,ITH,ITH2,4,Provincia Autonoma Trento,P.A. Trento,541380,236681,43.72,0.53
675,2021-03-30,PAT,2381,970,1411,71,60,53,177,17,792,1049,96,9,57,1744,637,ITH,ITH2,4,Provincia Autonoma Trento,P.A. Trento,541380,239062,44.16,0.44
676,2021-01-26,PAT,542,154,388,441,16,84,0,0,0,0,0,0,1,27,515,ITH,ITH2,4,Provincia Autonoma Trento,P.A. Trento,541380,239604,44.26,0.1
677,2021-01-07,LIG,3229,1095,2134,2340,315,465,4,18,5,0,0,1,81,3229,0,ITC,ITC3,7,Liguria,Liguria,1550640,3229,0.21,0.21
678,2021-01-08,LIG,2926,999,1927,2083,343,431,4,12,0,0,0,1,52,2926,0,ITC,ITC3,7,Liguria,Liguria,1550640,6155,0.4,0.19
679,2021-02-18,LIG,2762,1126,1636,958,195,350,2,22,7,1006,35,0,187,2431,331,ITC,ITC3,7,Liguria,Liguria,1550640,8917,0.58,0.18
680,2021-02-19,LIG,3103,1283,1820,994,246,97,3,39,22,1450,0,4,248,2927,176,ITC,ITC3,7,Liguria,Liguria,1550640,12020,0.78,0.2
681,2021-04-28,LIG,14446,6519,7927,276,181,85,333,3103,4047,3120,2890,59,352,6458,7988,ITC,ITC3,7,Liguria,Liguria,1550640,26466,1.71,0.93
682,2021-04-10,LIG,7877,3556,4321,216,90,34,9,172,3954,1578,1612,6,206,6963,914,ITC,ITC3,7,Liguria,Liguria,1550640,34343,2.21,0.51
683,2021-02-11,LIG,1975,767,1208,1250,231,457,6,3,1,0,4,0,23,1104,871,ITC,ITC3,7,Liguria,Liguria,1550640,36318,2.34,0.13
684,2021-01-18,LIG,2134,744,1390,1252,384,438,10,12,5,1,0,0,32,1977,157,ITC,ITC3,7,Liguria,Liguria,1550640,38452,2.48,0.14
685,2021-03-16,LIG,6073,2722,3351,939,176,324,6,35,77,4275,142,14,85,2349,3724,ITC,ITC3,7,Liguria,Liguria,1550640,44525,2.87,0.39
686,2021-05-12,LIG,11908,5345,6563,501,166,59,91,2854,3069,2198,2200,30,740,6569,5339,ITC,ITC3,7,Liguria,Liguria,1550640,56433,3.64,0.77
687,2021-03-13,LIG,3827,1616,2211,332,120,72,790,100,45,1782,11,180,395,2972,855,ITC,ITC3,7,Liguria,Liguria,1550640,60260,3.89,0.25
688,2021-02-22,LIG,3335,1468,1867,714,104,239,2,2,13,2237,0,7,17,3193,142,ITC,ITC3,7,Liguria,Liguria,1550640,63595,4.1,0.22
689,2021-03-26,LIG,9122,3854,5268,602,325,65,1297,221,265,3896,1840,377,234,5968,3154,ITC,ITC3,7,Liguria,Liguria,1550640,72717,4.69,0.59
690,2020-12-29,LIG,125,33,92,93,11,21,0,0,0,0,0,0,0,125,0,ITC,ITC3,7,Liguria,Liguria,1550640,72842,4.7,0.01
691,2021-03-12,LIG,6151,2814,3337,1208,459,84,4,77,79,3504,52,590,94,3683,2468,ITC,ITC3,7,Liguria,Liguria,1550640,78993,5.09,0.4
692,2021-04-02,LIG,11671,5117,6554,435,225,40,911,356,3181,3623,2465,139,296,9185,2486,ITC,ITC3,7,Liguria,Liguria,1550640,90664,5.85,0.75
693,2021-01-16,LIG,1278,557,721,753,196,299,1,4,2,0,1,0,22,1278,0,ITC,ITC3,7,Liguria,Liguria,1550640,91942,5.93,0.08
694,2021-04-04,LIG,756,366,390,30,0,0,0,36,64,325,222,0,79,507,249,ITC,ITC3,7,Liguria,Liguria,1550640,92698,5.98,0.05
695,2021-01-01,LIG,144,55,89,139,5,0,0,0,0,0,0,0,0,144,0,ITC,ITC3,7,Liguria,Liguria,1550640,92842,5.99,0.01
696,2021-01-05,LIG,2879,896,1983,2308,240,261,7,7,1,17,0,0,38,2879,0,ITC,ITC3,7,Liguria,Liguria,1550640,95721,6.17,0.19
697,2021-04-01,LIG,12378,5468,6910,437,239,142,939,345,3490,3710,2546,188,342,9608,2770,ITC,ITC3,7,Liguria,Liguria,1550640,108099,6.97,0.8
698,2021-01-20,LIG,1550,555,995,728,332,480,2,0,2,0,0,0,6,1538,12,ITC,ITC3,7,Liguria,Liguria,1550640,109649,7.07,0.1
699,2021-01-10,LIG,648,262,386,369,101,176,0,1,0,0,0,0,1,648,0,ITC,ITC3,7,Liguria,Liguria,1550640,110297,7.11,0.04
700,2021-04-03,LIG,5406,2498,2908,117,79,3,19,136,2420,1395,1125,9,103,4463,943,ITC,ITC3,7,Liguria,Liguria,1550640,115703,7.46,0.35
701,2021-01-15,LIG,2257,754,1503,1328,350,517,2,8,1,2,1,0,48,2257,0,ITC,ITC3,7,Liguria,Liguria,1550640,117960,7.61,0.15
702,2021-02-02,LIG,2668,1005,1663,1974,216,464,2,2,0,0,0,0,10,134,2534,ITC,ITC3,7,Liguria,Liguria,1550640,120628,7.78,0.17
703,2021-01-06,LIG,1660,616,1044,1230,142,113,3,36,10,65,0,0,61,1660,0,ITC,ITC3,7,Liguria,Liguria,1550640,122288,7.89,0.11
704,2021-01-28,LIG,2847,971,1876,2239,270,310,5,0,1,1,0,1,20,39,2808,ITC,ITC3,7,Liguria,Liguria,1550640,125135,8.07,0.18
705,2021-05-09,LIG,2820,1242,1578,123,61,4,70,111,1014,428,790,16,203,1110,1710,ITC,ITC3,7,Liguria,Liguria,1550640,127955,8.25,0.18
706,2021-04-07,LIG,13586,6032,7554,442,288,108,574,491,4246,4295,2631,150,361,11297,2289,ITC,ITC3,7,Liguria,Liguria,1550640,141541,9.13,0.88
707,2021-01-02,LIG,691,245,446,595,95,0,0,0,0,0,0,0,1,691,0,ITC,ITC3,7,Liguria,Liguria,1550640,142232,9.17,0.04
708,2021-05-05,LIG,13678,6124,7554,534,202,118,18,2572,4620,2989,2172,132,321,5269,8409,ITC,ITC3,7,Liguria,Liguria,1550640,155910,10.05,0.88
709,2021-04-09,LIG,12405,5550,6855,545,354,110,582,442,4131,3625,2243,61,312,10677,1728,ITC,ITC3,7,Liguria,Liguria,1550640,168315,10.85,0.8
710,2021-01-11,LIG,2654,990,1664,1992,314,315,1,7,0,0,1,0,24,2654,0,ITC,ITC3,7,Liguria,Liguria,1550640,170969,11.03,0.17
711,2021-01-14,LIG,2982,1056,1926,1872,524,553,1,5,0,0,0,2,25,2982,0,ITC,ITC3,7,Liguria,Liguria,1550640,173951,11.22,0.19
712,2021-03-03,LIG,4581,1846,2735,1040,203,308,4,4,5,2982,0,4,31,3555,1026,ITC,ITC3,7,Liguria,Liguria,1550640,178532,11.51,0.3
713,2021-01-09,LIG,1335,481,854,999,131,188,2,4,0,0,0,1,10,1335,0,ITC,ITC3,7,Liguria,Liguria,1550640,179867,11.6,0.09
714,2021-02-16,LIG,2397,954,1443,984,238,283,2,19,4,704,12,0,151,2004,393,ITC,ITC3,7,Liguria,Liguria,1550640,182264,11.75,0.15
715,2021-05-06,LIG,14399,6357,8042,654,339,114,51,3126,4349,2876,2431,155,304,6105,8294,ITC,ITC3,7,Liguria,Liguria,1550640,196663,12.68,0.93
716,2021-04-24,LIG,8169,3785,4384,137,116,58,4,1871,2566,1293,1903,8,213,5017,3152,ITC,ITC3,7,Liguria,Liguria,1550640,204832,13.21,0.53
717,2021-04-18,LIG,2604,1161,1443,216,93,44,1,20,826,519,879,0,6,2135,469,ITC,ITC3,7,Liguria,Liguria,1550640,207436,13.38,0.17
718,2021-02-10,LIG,2312,837,1475,1365,395,513,5,6,2,5,0,0,21,1020,1292,ITC,ITC3,7,Liguria,Liguria,1550640,209748,13.53,0.15
719,2021-04-29,LIG,15547,6971,8576,554,228,142,527,3462,4706,2934,2632,82,280,6728,8819,ITC,ITC3,7,Liguria,Liguria,1550640,225295,14.53,1.0
720,2021-01-31,LIG,624,270,354,418,71,135,0,0,0,0,0,0,0,9,615,ITC,ITC3,7,Liguria,Liguria,1550640,225919,14.57,0.04
721,2021-02-20,LIG,1336,637,699,160,107,123,0,34,5,589,0,4,314,1335,1,ITC,ITC3,7,Liguria,Liguria,1550640,227255,14.66,0.09
722,2021-05-04,LIG,13599,6082,7517,489,103,126,17,2807,4455,3026,2184,89,303,5371,8228,ITC,ITC3,7,Liguria,Liguria,1550640,240854,15.53,0.88
723,2021-01-21,LIG,1102,385,717,584,159,332,0,2,2,1,0,0,22,672,430,ITC,ITC3,7,Liguria,Liguria,1550640,241956,15.6,0.07
724,2021-02-23,LIG,3805,1559,2246,687,163,116,1,5,5,2749,42,4,33,3696,109,ITC,ITC3,7,Liguria,Liguria,1550640,245761,15.85,0.25
725,2021-02-26,LIG,3765,1524,2241,782,147,168,2,16,26,2609,0,0,15,3437,328,ITC,ITC3,7,Liguria,Liguria,1550640,249526,16.09,0.24
726,2021-04-30,LIG,14316,6381,7935,346,172,76,513,2958,4281,2923,2717,57,273,5747,8569,ITC,ITC3,7,Liguria,Liguria,1550640,263842,17.02,0.92
727,2021-02-13,LIG,1080,508,572,543,80,148,0,0,0,257,0,2,50,800,280,ITC,ITC3,7,Liguria,Liguria,1550640,264922,17.08,0.07
728,2021-02-12,LIG,1924,689,1235,873,204,395,1,2,1,431,0,7,10,899,1025,ITC,ITC3,7,Liguria,Liguria,1550640,266846,17.21,0.12
729,2021-02-24,LIG,3763,1560,2203,806,193,153,1,2,6,2583,1,0,18,3505,258,ITC,ITC3,7,Liguria,Liguria,1550640,270609,17.45,0.24
730,2021-03-06,LIG,3303,1841,1462,377,151,120,1,58,6,1538,0,559,493,2598,705,ITC,ITC3,7,Liguria,Liguria,1550640,273912,17.66,0.21
731,2021-05-10,LIG,12478,5495,6983,528,180,43,13,2722,3650,2677,2252,30,383,6118,6360,ITC,ITC3,7,Liguria,Liguria,1550640,286390,18.47,0.8
732,2021-04-11,LIG,4249,1931,2318,67,55,25,73,66,2116,627,1175,10,35,4000,249,ITC,ITC3,7,Liguria,Liguria,1550640,290639,18.74,0.27
733,2021-03-20,LIG,2316,995,1321,224,81,0,0,12,44,1857,12,67,19,1142,1174,ITC,ITC3,7,Liguria,Liguria,1550640,292955,18.89,0.15
734,2021-02-17,LIG,2647,1172,1475,905,203,261,2,15,8,1121,0,8,124,2262,385,ITC,ITC3,7,Liguria,Liguria,1550640,295602,19.06,0.17
735,2021-01-25,LIG,2725,889,1836,2211,176,321,2,5,1,0,0,0,9,478,2247,ITC,ITC3,7,Liguria,Liguria,1550640,298327,19.24,0.18
736,2021-04-12,LIG,12376,5471,6905,530,228,111,45,540,4165,4211,2155,68,323,10358,2018,ITC,ITC3,7,Liguria,Liguria,1550640,310703,20.04,0.8
737,2021-03-10,LIG,5879,2840,3039,826,352,95,1,23,28,3752,43,610,149,3973,1906,ITC,ITC3,7,Liguria,Liguria,1550640,316582,20.42,0.38
738,2021-03-31,LIG,11844,5207,6637,527,179,103,879,352,2612,4217,2444,219,312,9074,2770,ITC,ITC3,7,Liguria,Liguria,1550640,328426,21.18,0.76
739,2021-04-22,LIG,13809,6190,7619,531,166,50,534,2708,3374,3007,2959,135,345,8745,5064,ITC,ITC3,7,Liguria,Liguria,1550640,342235,22.07,0.89
740,2021-03-27,LIG,3921,1538,2383,176,175,36,706,26,89,2058,502,92,61,2525,1396,ITC,ITC3,7,Liguria,Liguria,1550640,346156,22.32,0.25
741,2021-04-08,LIG,13726,6157,7569,685,322,110,651,461,4357,3932,2795,76,337,11682,2044,ITC,ITC3,7,Liguria,Liguria,1550640,359882,23.21,0.89
742,2021-03-02,LIG,4074,1689,2385,728,92,76,4,8,16,3089,42,3,16,3764,310,ITC,ITC3,7,Liguria,Liguria,1550640,363956,23.47,0.26
743,2021-03-30,LIG,12149,5380,6769,485,256,152,849,317,2410,4296,2815,279,290,8760,3389,ITC,ITC3,7,Liguria,Liguria,1550640,376105,24.25,0.78
744,2021-05-02,LIG,3872,1768,2104,51,20,2,1,275,2277,402,786,2,56,500,3372,ITC,ITC3,7,Liguria,Liguria,1550640,379977,24.5,0.25
745,2021-03-01,LIG,3500,1427,2073,528,81,106,1,4,6,2751,0,0,23,3378,122,ITC,ITC3,7,Liguria,Liguria,1550640,383477,24.73,0.23
746,2021-03-08,LIG,5622,2456,3166,1124,319,80,7,35,15,3570,11,384,77,3933,1689,ITC,ITC3,7,Liguria,Liguria,1550640,389099,25.09,0.36
747,2021-05-07,LIG,13545,6017,7528,595,381,52,35,2524,4105,2651,2526,141,535,5780,7765,ITC,ITC3,7,Liguria,Liguria,1550640,402644,25.97,0.87
748,2021-04-17,LIG,7369,3213,4156,202,174,160,3,1206,2594,1494,1365,8,163,6619,750,ITC,ITC3,7,Liguria,Liguria,1550640,410013,26.44,0.48
749,2021-04-06,LIG,13170,5856,7314,543,269,208,553,374,4064,4151,2494,134,380,10930,2240,ITC,ITC3,7,Liguria,Liguria,1550640,423183,27.29,0.85
750,2021-01-23,LIG,809,295,514,633,129,43,1,2,1,0,0,0,0,153,656,ITC,ITC3,7,Liguria,Liguria,1550640,423992,27.34,0.05
751,2021-04-26,LIG,10411,4895,5516,354,112,123,3,3402,2501,1363,2337,58,158,7796,2615,ITC,ITC3,7,Liguria,Liguria,1550640,434403,28.01,0.67
752,2021-03-17,LIG,5553,2369,3184,782,156,93,8,20,74,4260,109,4,47,2474,3079,ITC,ITC3,7,Liguria,Liguria,1550640,439956,28.37,0.36
753,2021-05-13,LIG,12889,5813,7076,552,200,53,46,2993,2765,2217,2593,85,1385,8755,4134,ITC,ITC3,7,Liguria,Liguria,1550640,452845,29.2,0.83
754,2021-02-04,LIG,2816,985,1831,1866,462,471,8,0,0,0,0,1,8,179,2637,ITC,ITC3,7,Liguria,Liguria,1550640,455661,29.39,0.18
755,2021-02-15,LIG,2264,839,1425,1091,217,241,2,12,1,664,0,1,35,1867,397,ITC,ITC3,7,Liguria,Liguria,1550640,457925,29.53,0.15
756,2021-02-28,LIG,1060,581,479,12,2,4,0,63,7,474,0,0,498,1051,9,ITC,ITC3,7,Liguria,Liguria,1550640,458985,29.6,0.07
757,2020-12-30,LIG,12,5,7,12,0,0,0,0,0,0,0,0,0,12,0,ITC,ITC3,7,Liguria,Liguria,1550640,458997,29.6,0.0
758,2021-02-09,LIG,1936,689,1247,1099,325,475,22,2,0,0,0,0,13,257,1679,ITC,ITC3,7,Liguria,Liguria,1550640,460933,29.73,0.12
759,2021-03-22,LIG,7660,3398,4262,580,192,83,879,125,97,4086,1106,371,141,4727,2933,ITC,ITC3,7,Liguria,Liguria,1550640,468593,30.22,0.49
760,2021-05-14,LIG,12700,5602,7098,445,240,49,389,2384,3111,2065,2246,22,1749,8449,4251,ITC,ITC3,7,Liguria,Liguria,1550640,481293,31.04,0.82
761,2021-01-17,LIG,861,300,561,516,30,262,1,4,2,0,0,0,46,861,0,ITC,ITC3,7,Liguria,Liguria,1550640,482154,31.09,0.06
762,2021-04-05,LIG,3976,1751,2225,188,44,10,10,141,921,2211,338,5,108,2327,1649,ITC,ITC3,7,Liguria,Liguria,1550640,486130,31.35,0.26
763,2021-02-07,LIG,407,153,254,191,18,187,0,0,0,0,9,0,2,2,405,ITC,ITC3,7,Liguria,Liguria,1550640,486537,31.38,0.03
764,2021-03-11,LIG,6350,3053,3297,1146,170,262,2,43,39,3800,90,721,77,4344,2006,ITC,ITC3,7,Liguria,Liguria,1550640,492887,31.79,0.41
765,2021-01-04,LIG,2617,855,1762,2199,158,176,3,22,3,0,1,0,55,2617,0,ITC,ITC3,7,Liguria,Liguria,1550640,495504,31.95,0.17
766,2021-05-03,LIG,13265,5920,7345,353,193,101,24,3652,3300,2936,2349,93,264,6454,6811,ITC,ITC3,7,Liguria,Liguria,1550640,508769,32.81,0.86
767,2021-04-25,LIG,1936,921,1015,12,2,0,0,676,739,162,340,0,5,1521,415,ITC,ITC3,7,Liguria,Liguria,1550640,510705,32.94,0.12
768,2021-04-23,LIG,14629,6627,8002,353,224,71,544,3312,3464,3266,3018,90,287,8534,6095,ITC,ITC3,7,Liguria,Liguria,1550640,525334,33.88,0.94
769,2020-12-31,LIG,989,354,635,751,34,155,0,4,10,28,0,0,7,989,0,ITC,ITC3,7,Liguria,Liguria,1550640,526323,33.94,0.06
770,2021-02-21,LIG,869,491,378,183,21,102,0,38,4,267,0,0,254,865,4,ITC,ITC3,7,Liguria,Liguria,1550640,527192,34.0,0.06
771,2021-03-15,LIG,7301,3075,4226,819,338,106,962,126,83,3782,628,304,153,4597,2704,ITC,ITC3,7,Liguria,Liguria,1550640,534493,34.47,0.47
772,2021-02-06,LIG,1892,768,1124,1310,186,375,1,0,1,0,0,0,19,145,1747,ITC,ITC3,7,Liguria,Liguria,1550640,536385,34.59,0.12
773,2021-04-13,LIG,13053,5860,7193,514,228,112,103,594,4635,4365,2141,88,273,11034,2019,ITC,ITC3,7,Liguria,Liguria,1550640,549438,35.43,0.84
774,2021-01-13,LIG,2755,1014,1741,1913,307,487,4,8,7,1,0,0,28,2755,0,ITC,ITC3,7,Liguria,Liguria,1550640,552193,35.61,0.18
775,2021-01-03,LIG,734,230,504,658,62,0,1,2,0,0,0,0,11,734,0,ITC,ITC3,7,Liguria,Liguria,1550640,552927,35.66,0.05
776,2021-01-30,LIG,1661,567,1094,1261,121,257,2,6,0,0,0,0,14,25,1636,ITC,ITC3,7,Liguria,Liguria,1550640,554588,35.77,0.11
777,2021-04-16,LIG,11975,5282,6693,494,249,163,43,1841,3396,3461,2036,77,215,10164,1811,ITC,ITC3,7,Liguria,Liguria,1550640,566563,36.54,0.77
778,2021-01-19,LIG,1371,438,933,718,313,330,3,1,0,0,0,0,6,1281,90,ITC,ITC3,7,Liguria,Liguria,1550640,567934,36.63,0.09
779,2021-04-20,LIG,14213,6505,7708,463,130,170,378,3170,3311,3468,2788,18,317,9864,4349,ITC,ITC3,7,Liguria,Liguria,1550640,582147,37.54,0.92
780,2021-02-05,LIG,2675,986,1689,1744,418,494,4,1,1,0,0,0,13,304,2371,ITC,ITC3,7,Liguria,Liguria,1550640,584822,37.71,0.17
781,2021-02-03,LIG,2316,792,1524,1628,224,416,1,7,4,0,0,0,36,55,2261,ITC,ITC3,7,Liguria,Liguria,1550640,587138,37.86,0.15
782,2020-12-28,LIG,80,30,50,77,0,0,0,1,0,1,0,0,1,80,0,ITC,ITC3,7,Liguria,Liguria,1550640,587218,37.87,0.01
783,2021-03-23,LIG,9033,4081,4952,662,222,126,1311,150,104,4053,1659,583,163,5824,3209,ITC,ITC3,7,Liguria,Liguria,1550640,596251,38.45,0.58
784,2021-05-01,LIG,7134,3255,3879,167,63,24,3,693,3865,926,1236,6,151,1332,5802,ITC,ITC3,7,Liguria,Liguria,1550640,603385,38.91,0.46
785,2021-03-24,LIG,8945,3836,5109,524,236,103,1344,154,140,4342,1391,556,155,5656,3289,ITC,ITC3,7,Liguria,Liguria,1550640,612330,39.49,0.58
786,2021-05-11,LIG,13656,6171,7485,438,135,65,66,3042,4285,2518,2250,20,837,7066,6590,ITC,ITC3,7,Liguria,Liguria,1550640,625986,40.37,0.88
787,2021-02-25,LIG,3453,1348,2105,555,138,92,1,7,2,2586,42,2,28,3323,130,ITC,ITC3,7,Liguria,Liguria,1550640,629439,40.59,0.22
788,2021-01-24,LIG,756,237,519,632,61,60,0,0,0,0,0,0,3,113,643,ITC,ITC3,7,Liguria,Liguria,1550640,630195,40.64,0.05
789,2021-03-25,LIG,9596,4081,5515,662,266,172,1614,151,259,3736,2064,524,148,6203,3393,ITC,ITC3,7,Liguria,Liguria,1550640,639791,41.26,0.62
790,2021-03-07,LIG,1857,1084,773,184,200,258,1,29,3,509,0,404,269,1556,301,ITC,ITC3,7,Liguria,Liguria,1550640,641648,41.38,0.12
791,2020-12-27,LIG,135,56,79,88,0,45,0,0,0,0,0,0,2,135,0,ITC,ITC3,7,Liguria,Liguria,1550640,641783,41.39,0.01
792,2021-04-14,LIG,13020,5655,7365,461,291,125,61,566,4742,4364,2130,38,242,10817,2203,ITC,ITC3,7,Liguria,Liguria,1550640,654803,42.23,0.84
793,2021-03-04,LIG,4738,2118,2620,923,171,290,4,3,8,2922,42,327,48,3891,847,ITC,ITC3,7,Liguria,Liguria,1550640,659541,42.53,0.31
794,2021-03-09,LIG,5932,2754,3178,1035,324,132,1,51,45,3586,42,630,86,4503,1429,ITC,ITC3,7,Liguria,Liguria,1550640,665473,42.92,0.38
795,2021-04-27,LIG,14731,6674,8057,324,171,103,320,3772,3740,3273,2736,42,250,7153,7578,ITC,ITC3,7,Liguria,Liguria,1550640,680204,43.87,0.95
796,2021-01-26,LIG,2484,803,1681,1965,253,252,5,1,0,0,1,0,7,13,2471,ITC,ITC3,7,Liguria,Liguria,1550640,682688,44.03,0.16
797,2021-04-19,LIG,12811,5616,7195,560,170,103,247,2647,2920,3345,2561,35,223,9002,3809,ITC,ITC3,7,Liguria,Liguria,1550640,695499,44.85,0.83
798,2021-05-15,LIG,6891,3080,3811,187,71,5,316,1080,2067,524,1585,7,1049,4200,2691,ITC,ITC3,7,Liguria,Liguria,1550640,702390,45.3,0.44
799,2021-01-27,LIG,1744,603,1141,1337,169,226,1,0,0,0,0,0,11,141,1603,ITC,ITC3,7,Liguria,Liguria,1550640,704134,45.41,0.11
800,2021-03-14,LIG,1658,752,906,66,68,176,431,70,13,577,3,52,202,1054,604,ITC,ITC3,7,Liguria,Liguria,1550640,705792,45.52,0.11
801,2021-04-21,LIG,14236,6428,7808,518,195,61,498,2660,3511,3672,2756,78,287,8913,5323,ITC,ITC3,7,Liguria,Liguria,1550640,720028,46.43,0.92
802,2021-05-08,LIG,7527,3330,4197,140,154,135,4,982,3001,1331,1561,13,206,2322,5205,ITC,ITC3,7,Liguria,Liguria,1550640,727555,46.92,0.49
803,2021-02-14,LIG,233,122,111,31,0,112,0,0,0,60,0,0,30,233,0,ITC,ITC3,7,Liguria,Liguria,1550640,727788,46.93,0.02
804,2021-03-29,LIG,10442,4511,5931,467,259,119,884,255,1567,3962,2396,205,328,7312,3130,ITC,ITC3,7,Liguria,Liguria,1550640,738230,47.61,0.67
805,2021-01-12,LIG,2460,886,1574,1750,250,439,2,2,1,0,0,1,15,2460,0,ITC,ITC3,7,Liguria,Liguria,1550640,740690,47.77,0.16
806,2021-04-15,LIG,11814,5216,6598,490,257,140,58,484,3984,3712,2410,76,203,9963,1851,ITC,ITC3,7,Liguria,Liguria,1550640,752504,48.53,0.76
807,2021-03-28,LIG,1142,511,631,135,92,145,0,25,86,532,86,2,39,391,751,ITC,ITC3,7,Liguria,Liguria,1550640,753646,48.6,0.07
808,2021-02-01,LIG,2558,923,1635,1948,203,383,1,6,0,0,1,0,16,90,2468,ITC,ITC3,7,Liguria,Liguria,1550640,756204,48.77,0.16
809,2021-02-08,LIG,1977,742,1235,1255,367,311,7,11,4,1,0,0,21,306,1671,ITC,ITC3,7,Liguria,Liguria,1550640,758181,48.89,0.13
810,2021-03-19,LIG,5296,2235,3061,735,202,137,83,54,80,3703,165,88,49,2149,3147,ITC,ITC3,7,Liguria,Liguria,1550640,763477,49.24,0.34
811,2021-03-21,LIG,552,221,331,7,3,0,0,0,13,525,1,0,3,69,483,ITC,ITC3,7,Liguria,Liguria,1550640,764029,49.27,0.04
812,2021-01-29,LIG,3079,1064,2015,2312,300,441,2,4,0,0,0,0,20,67,3012,ITC,ITC3,7,Liguria,Liguria,1550640,767108,49.47,0.2
813,2021-02-27,LIG,1888,921,967,139,18,5,0,61,0,1205,0,0,460,1759,129,ITC,ITC3,7,Liguria,Liguria,1550640,768996,49.59,0.12
814,2021-01-22,LIG,1816,604,1212,1066,175,565,0,2,0,2,1,0,5,1330,486,ITC,ITC3,7,Liguria,Liguria,1550640,770812,49.71,0.12
815,2021-03-18,LIG,4982,2124,2858,636,87,98,5,63,80,3691,219,6,97,2009,2973,ITC,ITC3,7,Liguria,Liguria,1550640,775794,50.03,0.32
816,2021-03-05,LIG,4869,2150,2719,801,221,81,5,5,8,3339,6,365,38,3737,1132,ITC,ITC3,7,Liguria,Liguria,1550640,780663,50.34,0.31
817,2021-05-16,LIG,3617,1822,1795,20,104,3,258,222,538,166,842,7,1457,2087,1530,ITC,ITC3,7,Liguria,Liguria,1550640,784280,50.58,0.23
818,2020-12-31,EMR,2207,777,1430,1676,96,330,0,9,5,13,0,0,78,2207,0,ITH,ITH5,8,Emilia-Romagna,Emilia-Romagna,4459477,2207,0.05,0.05
819,2021-04-12,EMR,19175,8978,10197,440,170,313,62,388,4521,6699,6449,95,38,14746,4429,ITH,ITH5,8,Emilia-Romagna,Emilia-Romagna,4459477,21382,0.48,0.43
820,2021-02-07,EMR,4793,1537,3256,3689,565,447,3,8,1,10,0,0,70,1732,3061,ITH,ITH5,8,Emilia-Romagna,Emilia-Romagna,4459477,26175,0.59,0.11
821,2021-03-28,EMR,12961,5766,7195,290,140,50,327,61,4005,5051,2705,258,74,9337,3624,ITH,ITH5,8,Emilia-Romagna,Emilia-Romagna,4459477,39136,0.88,0.29
822,2021-05-14,EMR,21036,9644,11392,275,54,48,674,8583,1907,814,6367,28,2286,15836,5200,ITH,ITH5,8,Emilia-Romagna,Emilia-Romagna,4459477,60172,1.35,0.47
823,2021-01-17,EMR,2890,887,2003,1914,378,547,4,14,5,2,0,0,26,2644,246,ITH,ITH5,8,Emilia-Romagna,Emilia-Romagna,4459477,63062,1.41,0.06
824,2021-03-19,EMR,15571,6778,8793,1134,565,118,343,79,895,10577,962,764,134,7726,7845,ITH,ITH5,8,Emilia-Romagna,Emilia-Romagna,4459477,78633,1.76,0.35
825,2021-05-13,EMR,34958,16138,18820,378,138,73,924,14060,3252,1924,8742,46,5421,27403,7555,ITH,ITH5,8,Emilia-Romagna,Emilia-Romagna,4459477,113591,2.55,0.78
826,2021-04-06,EMR,24610,11105,13505,639,207,197,410,239,5966,11506,5212,86,148,19874,4736,ITH,ITH5,8,Emilia-Romagna,Emilia-Romagna,4459477,138201,3.1,0.55
827,2021-04-26,EMR,27763,12881,14882,891,245,145,17,1274,8843,5592,10469,136,151,18508,9255,ITH,ITH5,8,Emilia-Romagna,Emilia-Romagna,4459477,165964,3.72,0.62
828,2021-03-20,EMR,16071,6825,9246,702,385,98,832,57,2957,9369,939,578,154,9107,6964,ITH,ITH5,8,Emilia-Romagna,Emilia-Romagna,4459477,182035,4.08,0.36
829,2021-03-05,EMR,17649,5739,11910,3087,857,272,5960,59,40,6396,111,544,323,14212,3437,ITH,ITH5,8,Emilia-Romagna,Emilia-Romagna,4459477,199684,4.48,0.4
830,2021-01-11,EMR,9335,3269,6066,6582,1348,1267,0,25,5,4,0,0,104,9335,0,ITH,ITH5,8,Emilia-Romagna,Emilia-Romagna,4459477,209019,4.69,0.21
831,2021-01-25,EMR,6436,2137,4299,5253,317,679,0,21,2,3,0,0,161,201,6235,ITH,ITH5,8,Emilia-Romagna,Emilia-Romagna,4459477,215455,4.83,0.14
832,2021-04-11,EMR,15220,6907,8313,413,141,104,59,358,2376,6873,4703,77,116,12189,3031,ITH,ITH5,8,Emilia-Romagna,Emilia-Romagna,4459477,230675,5.17,0.34
833,2021-01-30,EMR,10077,3519,6558,7568,1400,801,0,45,5,2,0,0,256,141,9936,ITH,ITH5,8,Emilia-Romagna,Emilia-Romagna,4459477,240752,5.4,0.23
834,2021-01-21,EMR,2156,727,1429,1287,156,653,0,9,1,0,0,0,50,811,1345,ITH,ITH5,8,Emilia-Romagna,Emilia-Romagna,4459477,242908,5.45,0.05
835,2021-05-07,EMR,34329,16460,17869,683,178,201,242,7563,4005,2391,18114,53,899,22551,11778,ITH,ITH5,8,Emilia-Romagna,Emilia-Romagna,4459477,277237,6.22,0.77
836,2021-04-04,EMR,9884,4718,5166,187,113,0,58,145,1630,4658,2876,54,163,7615,2269,ITH,ITH5,8,Emilia-Romagna,Emilia-Romagna,4459477,287121,6.44,0.22
837,2021-03-16,EMR,12239,5025,7214,418,93,116,123,34,113,10914,389,9,30,4932,7307,ITH,ITH5,8,Emilia-Romagna,Emilia-Romagna,4459477,299360,6.71,0.27
838,2021-04-22,EMR,28953,13401,15552,570,133,146,41,291,8354,8361,11004,14,39,14933,14020,ITH,ITH5,8,Emilia-Romagna,Emilia-Romagna,4459477,328313,7.36,0.65
839,2021-01-22,EMR,1828,477,1351,937,66,727,0,19,1,10,0,0,68,1088,740,ITH,ITH5,8,Emilia-Romagna,Emilia-Romagna,4459477,330141,7.4,0.04
840,2021-04-21,EMR,23843,10925,12918,384,89,79,48,206,7838,6772,8402,7,18,14134,9709,ITH,ITH5,8,Emilia-Romagna,Emilia-Romagna,4459477,353984,7.94,0.53
841,2021-04-17,EMR,26961,12896,14065,393,148,66,57,356,8434,4213,13207,24,63,17691,9270,ITH,ITH5,8,Emilia-Romagna,Emilia-Romagna,4459477,380945,8.54,0.6
842,2021-03-10,EMR,18673,7649,11024,1315,586,143,4541,28,66,10046,286,1594,68,13033,5640,ITH,ITH5,8,Emilia-Romagna,Emilia-Romagna,4459477,399618,8.96,0.42
843,2021-04-18,EMR,17436,8369,9067,265,164,152,26,216,6264,2348,7965,15,21,12528,4908,ITH,ITH5,8,Emilia-Romagna,Emilia-Romagna,4459477,417054,9.35,0.39
844,2021-03-06,EMR,20573,5872,14701,2720,413,49,10413,66,46,5920,111,565,270,17845,2728,ITH,ITH5,8,Emilia-Romagna,Emilia-Romagna,4459477,437627,9.81,0.46
845,2021-03-14,EMR,8693,3744,4949,728,212,69,927,16,66,5531,650,407,87,4897,3796,ITH,ITH5,8,Emilia-Romagna,Emilia-Romagna,4459477,446320,10.01,0.19
846,2021-04-13,EMR,23561,11034,12527,487,145,186,51,346,10340,6153,5727,51,75,19276,4285,ITH,ITH5,8,Emilia-Romagna,Emilia-Romagna,4459477,469881,10.54,0.53
847,2021-02-02,EMR,9476,3047,6429,6241,1347,1633,1,27,4,127,6,0,90,526,8950,ITH,ITH5,8,Emilia-Romagna,Emilia-Romagna,4459477,479357,10.75,0.21
848,2021-04-03,EMR,19929,8762,11167,376,192,39,429,194,2855,10579,5084,76,105,16191,3738,ITH,ITH5,8,Emilia-Romagna,Emilia-Romagna,4459477,499286,11.2,0.45
849,2021-01-31,EMR,7695,2761,4934,6174,1124,263,0,16,12,32,0,0,74,241,7454,ITH,ITH5,8,Emilia-Romagna,Emilia-Romagna,4459477,506981,11.37,0.17
850,2021-03-17,EMR,13714,5690,8024,366,137,108,19,52,399,11884,672,1,76,5869,7845,ITH,ITH5,8,Emilia-Romagna,Emilia-Romagna,4459477,520695,11.68,0.31
851,2021-01-06,EMR,8265,2943,5322,6854,641,649,0,13,9,44,0,1,54,8265,0,ITH,ITH5,8,Emilia-Romagna,Emilia-Romagna,4459477,528960,11.86,0.19
852,2021-02-25,EMR,9228,3497,5731,799,187,157,95,47,41,7673,30,0,199,8274,954,ITH,ITH5,8,Emilia-Romagna,Emilia-Romagna,4459477,538188,12.07,0.21
853,2021-01-26,EMR,8334,3000,5334,6609,537,1031,0,22,2,5,0,0,128,215,8119,ITH,ITH5,8,Emilia-Romagna,Emilia-Romagna,4459477,546522,12.26,0.19
854,2021-04-24,EMR,28562,13210,15352,499,247,37,37,384,7207,8598,11425,32,96,14357,14205,ITH,ITH5,8,Emilia-Romagna,Emilia-Romagna,4459477,575084,12.9,0.64
855,2021-02-04,EMR,9932,3203,6729,6437,1465,1675,0,39,11,160,5,0,140,1251,8681,ITH,ITH5,8,Emilia-Romagna,Emilia-Romagna,4459477,585016,13.12,0.22
856,2021-04-27,EMR,29808,13783,16025,828,167,148,26,3364,7729,7159,9991,181,215,17363,12445,ITH,ITH5,8,Emilia-Romagna,Emilia-Romagna,4459477,614824,13.79,0.67
857,2021-03-29,EMR,21174,9425,11749,696,205,118,640,129,5519,9296,4262,204,105,16528,4646,ITH,ITH5,8,Emilia-Romagna,Emilia-Romagna,4459477,635998,14.26,0.47
858,2021-03-15,EMR,13229,6061,7168,812,461,190,537,25,101,9158,810,1075,60,6734,6495,ITH,ITH5,8,Emilia-Romagna,Emilia-Romagna,4459477,649227,14.56,0.3
859,2021-01-10,EMR,7130,2665,4465,5648,951,499,1,4,1,7,0,0,19,7130,0,ITH,ITH5,8,Emilia-Romagna,Emilia-Romagna,4459477,656357,14.72,0.16
860,2021-01-12,EMR,9410,3111,6299,6377,1182,1690,0,31,2,33,0,0,95,9410,0,ITH,ITH5,8,Emilia-Romagna,Emilia-Romagna,4459477,665767,14.93,0.21
861,2021-01-13,EMR,9071,2940,6131,6009,916,1745,1,39,12,91,0,0,258,9071,0,ITH,ITH5,8,Emilia-Romagna,Emilia-Romagna,4459477,674838,15.13,0.2
862,2021-03-21,EMR,11916,5270,6646,567,357,114,587,32,2734,6116,804,501,104,7312,4604,ITH,ITH5,8,Emilia-Romagna,Emilia-Romagna,4459477,686754,15.4,0.27
863,2021-04-23,EMR,29495,13785,15710,507,127,136,55,298,7168,9014,12137,21,32,14661,14834,ITH,ITH5,8,Emilia-Romagna,Emilia-Romagna,4459477,716249,16.06,0.66
864,2021-02-26,EMR,7865,2995,4870,1060,360,258,312,24,28,5606,60,0,157,6819,1046,ITH,ITH5,8,Emilia-Romagna,Emilia-Romagna,4459477,724114,16.24,0.18
865,2021-02-06,EMR,7599,2405,5194,5380,862,1221,0,13,4,51,0,1,67,2130,5469,ITH,ITH5,8,Emilia-Romagna,Emilia-Romagna,4459477,731713,16.41,0.17
866,2021-04-16,EMR,28740,13523,15217,617,153,92,71,376,10522,5830,10927,37,115,19931,8809,ITH,ITH5,8,Emilia-Romagna,Emilia-Romagna,4459477,760453,17.05,0.64
867,2021-05-05,EMR,29189,13542,15647,1233,134,71,198,7098,4367,4187,11462,74,365,17972,11217,ITH,ITH5,8,Emilia-Romagna,Emilia-Romagna,4459477,789642,17.71,0.65
868,2021-02-05,EMR,9314,2966,6348,6218,1148,1611,1,19,9,223,3,0,82,1637,7677,ITH,ITH5,8,Emilia-Romagna,Emilia-Romagna,4459477,798956,17.92,0.21
869,2021-05-01,EMR,28372,12760,15612,600,139,10,53,4468,5016,6095,11943,19,29,15604,12768,ITH,ITH5,8,Emilia-Romagna,Emilia-Romagna,4459477,827328,18.55,0.64
870,2021-01-24,EMR,2443,885,1558,2080,93,249,0,5,1,0,0,0,15,299,2144,ITH,ITH5,8,Emilia-Romagna,Emilia-Romagna,4459477,829771,18.61,0.05
871,2021-04-02,EMR,23269,10478,12791,733,312,110,947,341,3822,10965,5729,227,83,18812,4457,ITH,ITH5,8,Emilia-Romagna,Emilia-Romagna,4459477,853040,19.13,0.52
872,2021-02-13,EMR,3625,1085,2540,2790,382,144,0,8,7,244,0,0,50,3027,598,ITH,ITH5,8,Emilia-Romagna,Emilia-Romagna,4459477,856665,19.21,0.08
873,2021-03-22,EMR,17452,7645,9807,1135,425,169,600,50,3598,9567,1241,588,79,10589,6863,ITH,ITH5,8,Emilia-Romagna,Emilia-Romagna,4459477,874117,19.6,0.39
874,2021-03-24,EMR,21048,9290,11758,1214,377,124,1730,269,3449,10636,2708,394,147,13677,7371,ITH,ITH5,8,Emilia-Romagna,Emilia-Romagna,4459477,895165,20.07,0.47
875,2021-03-23,EMR,18692,8064,10628,1126,486,196,1362,80,3703,9340,1868,438,93,12006,6686,ITH,ITH5,8,Emilia-Romagna,Emilia-Romagna,4459477,913857,20.49,0.42
876,2021-03-04,EMR,16414,5343,11071,2613,604,254,5457,50,55,6405,163,512,301,13409,3005,ITH,ITH5,8,Emilia-Romagna,Emilia-Romagna,4459477,930271,20.86,0.37
877,2021-04-10,EMR,20829,9250,11579,515,209,88,188,194,4088,8947,6505,24,71,16701,4128,ITH,ITH5,8,Emilia-Romagna,Emilia-Romagna,4459477,951100,21.33,0.47
878,2021-05-08,EMR,30973,14491,16482,461,118,60,362,7373,3540,1869,16693,37,460,19642,11331,ITH,ITH5,8,Emilia-Romagna,Emilia-Romagna,4459477,982073,22.02,0.69
879,2021-02-08,EMR,5227,1532,3695,2840,577,1485,1,10,8,247,0,0,59,2313,2914,ITH,ITH5,8,Emilia-Romagna,Emilia-Romagna,4459477,987300,22.14,0.12
880,2021-04-08,EMR,30662,14055,16607,2479,574,222,312,401,6639,11049,8617,135,234,25388,5274,ITH,ITH5,8,Emilia-Romagna,Emilia-Romagna,4459477,1017962,22.83,0.69
881,2021-04-19,EMR,20809,9746,11063,329,108,164,25,172,8518,3395,8035,22,41,14555,6254,ITH,ITH5,8,Emilia-Romagna,Emilia-Romagna,4459477,1038771,23.29,0.47
882,2021-02-01,EMR,10318,3609,6709,7472,1502,1260,0,13,7,0,0,0,64,362,9956,ITH,ITH5,8,Emilia-Romagna,Emilia-Romagna,4459477,1049089,23.52,0.23
883,2021-04-29,EMR,44683,20998,23685,1413,266,101,72,7181,7529,8744,18909,70,398,27152,17531,ITH,ITH5,8,Emilia-Romagna,Emilia-Romagna,4459477,1093772,24.53,1.0
884,2021-02-22,EMR,7481,3091,4390,389,110,130,0,12,25,6797,9,0,9,7206,275,ITH,ITH5,8,Emilia-Romagna,Emilia-Romagna,4459477,1101253,24.69,0.17
885,2021-05-12,EMR,37716,17776,19940,399,112,121,1142,12578,3139,2025,12855,58,5287,28277,9439,ITH,ITH5,8,Emilia-Romagna,Emilia-Romagna,4459477,1138969,25.54,0.85
886,2021-05-06,EMR,35105,16152,18953,1778,441,110,219,7161,5203,3913,15743,64,473,22130,12975,ITH,ITH5,8,Emilia-Romagna,Emilia-Romagna,4459477,1174074,26.33,0.79
887,2021-01-16,EMR,5626,1718,3908,3690,694,1136,1,18,2,0,0,3,82,5626,0,ITH,ITH5,8,Emilia-Romagna,Emilia-Romagna,4459477,1179700,26.45,0.13
888,2021-03-12,EMR,18073,7527,10546,1585,898,311,3029,47,73,9902,461,1554,213,11356,6717,ITH,ITH5,8,Emilia-Romagna,Emilia-Romagna,4459477,1197773,26.86,0.41
889,2021-04-01,EMR,23860,10725,13135,1027,268,146,995,217,4249,11359,5331,171,97,19329,4531,ITH,ITH5,8,Emilia-Romagna,Emilia-Romagna,4459477,1221633,27.39,0.54
890,2021-01-19,EMR,2045,505,1540,747,133,1161,0,0,0,0,0,0,4,2028,17,ITH,ITH5,8,Emilia-Romagna,Emilia-Romagna,4459477,1223678,27.44,0.05
891,2021-02-03,EMR,9340,2992,6348,6235,1177,1659,0,29,15,126,7,1,91,973,8367,ITH,ITH5,8,Emilia-Romagna,Emilia-Romagna,4459477,1233018,27.65,0.21
892,2021-01-18,EMR,3127,879,2248,1682,239,1129,0,12,0,3,0,0,62,2449,678,ITH,ITH5,8,Emilia-Romagna,Emilia-Romagna,4459477,1236145,27.72,0.07
893,2021-01-03,EMR,2754,941,1813,2504,61,170,0,3,0,0,0,0,16,2754,0,ITH,ITH5,8,Emilia-Romagna,Emilia-Romagna,4459477,1238899,27.78,0.06
894,2021-01-04,EMR,7270,2514,4756,6173,350,578,0,16,9,43,0,1,100,7270,0,ITH,ITH5,8,Emilia-Romagna,Emilia-Romagna,4459477,1246169,27.94,0.16
895,2021-05-16,EMR,23166,10880,12286,374,72,5,690,8281,1356,487,7876,95,3930,16219,6947,ITH,ITH5,8,Emilia-Romagna,Emilia-Romagna,4459477,1269335,28.46,0.52
896,2021-01-15,EMR,7744,2403,5341,5304,946,1319,1,15,11,61,0,0,87,7744,0,ITH,ITH5,8,Emilia-Romagna,Emilia-Romagna,4459477,1277079,28.64,0.17
897,2021-05-02,EMR,25434,11587,13847,578,123,63,58,5157,4478,6122,8708,98,49,13450,11984,ITH,ITH5,8,Emilia-Romagna,Emilia-Romagna,4459477,1302513,29.21,0.57
898,2021-03-08,EMR,12069,4975,7094,2308,614,324,2386,19,39,4341,82,1812,144,9398,2671,ITH,ITH5,8,Emilia-Romagna,Emilia-Romagna,4459477,1314582,29.48,0.27
899,2021-05-04,EMR,28524,13362,15162,658,135,95,57,5989,4898,6521,9945,44,182,14879,13645,ITH,ITH5,8,Emilia-Romagna,Emilia-Romagna,4459477,1343106,30.12,0.64
900,2021-01-29,EMR,10410,3497,6913,8108,1084,1060,1,32,7,11,0,0,107,289,10121,ITH,ITH5,8,Emilia-Romagna,Emilia-Romagna,4459477,1353516,30.35,0.23
901,2021-02-12,EMR,5320,1679,3641,3399,772,706,0,10,19,358,11,0,45,3917,1403,ITH,ITH5,8,Emilia-Romagna,Emilia-Romagna,4459477,1358836,30.47,0.12
902,2021-03-01,EMR,10085,3574,6511,1835,340,434,1254,25,38,5619,65,311,164,7832,2253,ITH,ITH5,8,Emilia-Romagna,Emilia-Romagna,4459477,1368921,30.7,0.23
903,2021-03-30,EMR,23271,10286,12985,870,246,164,1187,125,5418,10715,4290,140,116,18239,5032,ITH,ITH5,8,Emilia-Romagna,Emilia-Romagna,4459477,1392192,31.22,0.52
904,2021-04-09,EMR,25398,11524,13874,1372,276,207,433,263,4866,10683,7184,83,31,19751,5647,ITH,ITH5,8,Emilia-Romagna,Emilia-Romagna,4459477,1417590,31.79,0.57
905,2021-04-15,EMR,28920,13774,15146,942,208,142,50,299,10059,5823,11231,34,132,19280,9640,ITH,ITH5,8,Emilia-Romagna,Emilia-Romagna,4459477,1446510,32.44,0.65
906,2021-04-30,EMR,36469,16714,19755,1259,259,119,100,5624,7400,7550,13780,79,299,21691,14778,ITH,ITH5,8,Emilia-Romagna,Emilia-Romagna,4459477,1482979,33.25,0.82
907,2021-02-18,EMR,7039,2892,4147,894,180,236,0,4,13,5672,26,1,13,6456,583,ITH,ITH5,8,Emilia-Romagna,Emilia-Romagna,4459477,1490018,33.41,0.16
908,2021-03-31,EMR,25123,10946,14177,1172,288,123,1287,188,4696,12487,4587,160,135,19666,5457,ITH,ITH5,8,Emilia-Romagna,Emilia-Romagna,4459477,1515141,33.98,0.56
909,2021-01-09,EMR,9945,3440,6505,7868,1067,889,0,18,2,2,0,0,99,9945,0,ITH,ITH5,8,Emilia-Romagna,Emilia-Romagna,4459477,1525086,34.2,0.22
910,2021-02-16,EMR,5766,2443,3323,745,339,437,0,8,7,4207,8,2,13,5235,531,ITH,ITH5,8,Emilia-Romagna,Emilia-Romagna,4459477,1530852,34.33,0.13
911,2021-02-17,EMR,6538,2764,3774,804,258,404,0,10,15,4989,25,0,33,5765,773,ITH,ITH5,8,Emilia-Romagna,Emilia-Romagna,4459477,1537390,34.47,0.15
912,2021-05-11,EMR,34640,16251,18389,344,56,108,769,13817,2925,1621,10281,67,4652,27651,6989,ITH,ITH5,8,Emilia-Romagna,Emilia-Romagna,4459477,1572030,35.25,0.78
913,2021-02-24,EMR,9323,3556,5767,652,156,228,65,50,29,7854,19,0,270,8443,880,ITH,ITH5,8,Emilia-Romagna,Emilia-Romagna,4459477,1581353,35.46,0.21
914,2021-01-08,EMR,10837,3570,7267,8468,1135,1089,1,25,3,5,0,1,110,10837,0,ITH,ITH5,8,Emilia-Romagna,Emilia-Romagna,4459477,1592190,35.7,0.24
915,2021-02-27,EMR,10959,3996,6963,1731,245,116,941,37,30,7755,8,0,96,9221,1738,ITH,ITH5,8,Emilia-Romagna,Emilia-Romagna,4459477,1603149,35.95,0.25
916,2021-04-25,EMR,22307,10213,12094,777,128,6,32,254,6810,4121,9855,160,164,14806,7501,ITH,ITH5,8,Emilia-Romagna,Emilia-Romagna,4459477,1625456,36.45,0.5
917,2021-02-19,EMR,7327,3010,4317,821,214,257,0,4,18,5959,33,0,21,6813,514,ITH,ITH5,8,Emilia-Romagna,Emilia-Romagna,4459477,1632783,36.61,0.16
918,2021-05-03,EMR,27780,13123,14657,478,113,64,93,8659,5132,4711,8356,24,150,16918,10862,ITH,ITH5,8,Emilia-Romagna,Emilia-Romagna,4459477,1660563,37.24,0.62
919,2021-04-05,EMR,14854,6807,8047,283,89,6,243,74,2914,7583,3593,30,39,11961,2893,ITH,ITH5,8,Emilia-Romagna,Emilia-Romagna,4459477,1675417,37.57,0.33
920,2021-02-21,EMR,4450,1708,2742,396,108,190,0,4,11,3708,18,0,15,4010,440,ITH,ITH5,8,Emilia-Romagna,Emilia-Romagna,4459477,1679867,37.67,0.1
921,2021-04-28,EMR,32626,15066,17560,861,144,118,156,5256,7234,6787,11731,45,294,19745,12881,ITH,ITH5,8,Emilia-Romagna,Emilia-Romagna,4459477,1712493,38.4,0.73
922,2021-02-14,EMR,1401,378,1023,860,363,39,0,19,5,19,1,0,95,1281,120,ITH,ITH5,8,Emilia-Romagna,Emilia-Romagna,4459477,1713894,38.43,0.03
923,2021-03-26,EMR,23407,9897,13510,1422,600,233,2650,174,4779,9348,3788,278,135,16974,6433,ITH,ITH5,8,Emilia-Romagna,Emilia-Romagna,4459477,1737301,38.96,0.52
924,2021-02-28,EMR,6822,2527,4295,1775,248,53,304,29,17,4251,8,4,133,4976,1846,ITH,ITH5,8,Emilia-Romagna,Emilia-Romagna,4459477,1744123,39.11,0.15
925,2021-02-09,EMR,4152,1247,2905,2219,376,1199,0,2,15,278,0,0,63,2306,1846,ITH,ITH5,8,Emilia-Romagna,Emilia-Romagna,4459477,1748275,39.2,0.09
926,2021-05-10,EMR,33210,15801,17409,357,120,83,190,14007,3192,1513,10783,54,2911,26021,7189,ITH,ITH5,8,Emilia-Romagna,Emilia-Romagna,4459477,1781485,39.95,0.74
927,2021-01-05,EMR,9347,3167,6180,7929,552,769,0,18,4,0,1,0,74,9347,0,ITH,ITH5,8,Emilia-Romagna,Emilia-Romagna,4459477,1790832,40.16,0.21
928,2021-05-09,EMR,24113,11544,12569,213,65,13,62,7824,2598,751,11909,23,655,17170,6943,ITH,ITH5,8,Emilia-Romagna,Emilia-Romagna,4459477,1814945,40.7,0.54
929,2021-01-02,EMR,2353,905,1448,2075,57,198,0,3,0,2,0,0,18,2353,0,ITH,ITH5,8,Emilia-Romagna,Emilia-Romagna,4459477,1817298,40.75,0.05
930,2021-01-20,EMR,1323,270,1053,393,131,787,0,0,0,1,0,0,11,1322,1,ITH,ITH5,8,Emilia-Romagna,Emilia-Romagna,4459477,1818621,40.78,0.03
931,2020-12-27,EMR,970,372,598,825,5,26,0,24,1,0,0,0,89,970,0,ITH,ITH5,8,Emilia-Romagna,Emilia-Romagna,4459477,1819591,40.8,0.02
932,2021-04-20,EMR,22528,10363,12165,302,84,58,30,212,7741,5586,8470,21,24,14199,8329,ITH,ITH5,8,Emilia-Romagna,Emilia-Romagna,4459477,1842119,41.31,0.51
933,2021-03-11,EMR,17219,7114,10105,1138,839,319,3837,35,52,8852,425,1532,190,11367,5852,ITH,ITH5,8,Emilia-Romagna,Emilia-Romagna,4459477,1859338,41.69,0.39
934,2021-01-07,EMR,10220,3386,6834,8192,855,1068,0,20,5,3,0,0,77,10220,0,ITH,ITH5,8,Emilia-Romagna,Emilia-Romagna,4459477,1869558,41.92,0.23
935,2021-04-07,EMR,25744,11698,14046,665,188,158,360,371,5596,12979,5249,78,100,19741,6003,ITH,ITH5,8,Emilia-Romagna,Emilia-Romagna,4459477,1895302,42.5,0.58
936,2021-03-03,EMR,15803,5240,10563,2534,525,155,4852,50,48,6848,95,342,354,13341,2462,ITH,ITH5,8,Emilia-Romagna,Emilia-Romagna,4459477,1911105,42.85,0.35
937,2021-03-18,EMR,13672,5806,7866,449,150,94,49,47,474,10854,1357,5,193,5673,7999,ITH,ITH5,8,Emilia-Romagna,Emilia-Romagna,4459477,1924777,43.16,0.31
938,2021-02-23,EMR,8214,3218,4996,408,147,113,1,24,22,7456,23,0,20,7828,386,ITH,ITH5,8,Emilia-Romagna,Emilia-Romagna,4459477,1932991,43.35,0.18
939,2021-01-28,EMR,10243,3336,6907,8076,860,1127,0,28,10,0,0,0,142,349,9894,ITH,ITH5,8,Emilia-Romagna,Emilia-Romagna,4459477,1943234,43.58,0.23
940,2021-03-07,EMR,6854,2637,4217,1458,338,22,1252,10,14,2599,565,560,36,5337,1517,ITH,ITH5,8,Emilia-Romagna,Emilia-Romagna,4459477,1950088,43.73,0.15
941,2021-01-23,EMR,2447,870,1577,1900,86,433,0,5,1,2,0,0,20,443,2004,ITH,ITH5,8,Emilia-Romagna,Emilia-Romagna,4459477,1952535,43.78,0.05
942,2021-03-02,EMR,11815,3892,7923,1974,409,232,3047,42,40,5419,41,373,238,9794,2021,ITH,ITH5,8,Emilia-Romagna,Emilia-Romagna,4459477,1964350,44.05,0.26
943,2021-01-14,EMR,8099,2578,5521,5401,920,1607,0,39,7,5,1,1,118,8099,0,ITH,ITH5,8,Emilia-Romagna,Emilia-Romagna,4459477,1972449,44.23,0.18
944,2021-04-14,EMR,26892,12767,14125,675,193,138,71,528,10064,7422,7713,59,29,20827,6065,ITH,ITH5,8,Emilia-Romagna,Emilia-Romagna,4459477,1999341,44.83,0.6
945,2021-02-11,EMR,4250,1416,2834,2533,528,719,2,15,18,374,3,0,58,3410,840,ITH,ITH5,8,Emilia-Romagna,Emilia-Romagna,4459477,2003591,44.93,0.1
946,2021-03-13,EMR,16045,6299,9746,1251,479,81,3991,52,55,8277,566,1124,169,10733,5312,ITH,ITH5,8,Emilia-Romagna,Emilia-Romagna,4459477,2019636,45.29,0.36
947,2021-03-25,EMR,21364,9334,12030,1103,351,165,2089,157,3063,9933,3623,725,155,14377,6987,ITH,ITH5,8,Emilia-Romagna,Emilia-Romagna,4459477,2041000,45.77,0.48
948,2021-03-09,EMR,14649,5951,8698,1029,456,228,3595,21,56,7703,186,1332,43,10694,3955,ITH,ITH5,8,Emilia-Romagna,Emilia-Romagna,4459477,2055649,46.1,0.33
949,2021-02-10,EMR,4015,1381,2634,2398,357,780,0,23,15,317,9,0,116,2761,1254,ITH,ITH5,8,Emilia-Romagna,Emilia-Romagna,4459477,2059664,46.19,0.09
950,2021-03-27,EMR,21544,9018,12526,756,295,48,2338,118,4191,9572,3829,242,155,14650,6894,ITH,ITH5,8,Emilia-Romagna,Emilia-Romagna,4459477,2081208,46.67,0.48
951,2021-01-27,EMR,8359,2947,5412,6907,653,672,0,26,4,2,0,1,94,464,7895,ITH,ITH5,8,Emilia-Romagna,Emilia-Romagna,4459477,2089567,46.86,0.19
952,2021-02-20,EMR,5317,2094,3223,408,116,155,0,7,21,4591,5,0,14,5053,264,ITH,ITH5,8,Emilia-Romagna,Emilia-Romagna,4459477,2094884,46.98,0.12
953,2021-02-15,EMR,2900,849,2051,1985,369,160,0,3,9,326,18,0,30,2774,126,ITH,ITH5,8,Emilia-Romagna,Emilia-Romagna,4459477,2097784,47.04,0.07
954,2021-05-15,EMR,30706,13857,16849,325,82,9,2205,10305,2366,1433,9931,31,4019,20883,9823,ITH,ITH5,8,Emilia-Romagna,Emilia-Romagna,4459477,2128490,47.73,0.69
955,2021-04-10,CAM,28342,13486,14856,259,61,90,735,334,7069,6313,12857,213,411,23427,4915,ITF,ITF3,15,Campania,Campania,5801692,28342,0.49,0.49
956,2021-04-04,CAM,7956,4009,3947,177,28,6,73,50,1217,1996,4045,63,301,6913,1043,ITF,ITF3,15,Campania,Campania,5801692,36298,0.63,0.14
957,2021-05-12,CAM,40763,19895,20868,107,266,19,946,6836,4188,1668,11952,654,14127,31648,9115,ITF,ITF3,15,Campania,Campania,5801692,77061,1.33,0.7
958,2021-04-28,CAM,36391,17613,18778,168,46,55,226,7009,6952,3706,15801,335,2093,26647,9744,ITF,ITF3,15,Campania,Campania,5801692,113452,1.96,0.63
959,2021-04-02,CAM,21732,10411,11321,263,48,108,1063,138,6337,3967,8559,516,733,19412,2320,ITF,ITF3,15,Campania,Campania,5801692,135184,2.33,0.37
960,2021-02-19,CAM,9570,3559,6011,1663,169,161,2207,103,35,4457,0,0,775,8920,650,ITF,ITF3,15,Campania,Campania,5801692,144754,2.5,0.16
961,2021-01-12,CAM,5214,2563,2651,3439,722,340,0,104,29,7,0,0,573,5214,0,ITF,ITF3,15,Campania,Campania,5801692,149968,2.58,0.09
962,2021-03-26,CAM,19451,8925,10526,363,40,142,1634,100,3149,7624,5467,463,469,15641,3810,ITF,ITF3,15,Campania,Campania,5801692,169419,2.92,0.34
963,2021-02-11,CAM,6278,2704,3574,1861,279,129,0,238,90,2410,0,0,1271,6212,66,ITF,ITF3,15,Campania,Campania,5801692,175697,3.03,0.11
964,2021-01-01,CAM,919,506,413,831,85,0,0,2,0,0,0,0,1,919,0,ITF,ITF3,15,Campania,Campania,5801692,176616,3.04,0.02
965,2021-02-22,CAM,10681,3295,7386,545,60,144,5557,63,38,3899,0,0,375,10418,263,ITF,ITF3,15,Campania,Campania,5801692,187297,3.23,0.18
966,2021-01-18,CAM,957,399,558,576,93,187,0,12,4,17,0,0,68,713,244,ITF,ITF3,15,Campania,Campania,5801692,188254,3.24,0.02
967,2021-04-03,CAM,21106,10311,10795,203,50,186,558,107,5969,4524,8848,207,454,18729,2377,ITF,ITF3,15,Campania,Campania,5801692,209360,3.61,0.36
968,2021-01-16,CAM,3369,1675,1694,1355,230,373,0,231,63,32,0,0,1085,3369,0,ITF,ITF3,15,Campania,Campania,5801692,212729,3.67,0.06
969,2021-02-08,CAM,5112,2449,2663,1387,320,226,0,327,180,1436,0,0,1236,4310,802,ITF,ITF3,15,Campania,Campania,5801692,217841,3.75,0.09
970,2021-04-01,CAM,24335,11686,12649,416,63,104,1626,171,4312,7033,9396,571,643,20203,4132,ITF,ITF3,15,Campania,Campania,5801692,242176,4.17,0.42
971,2021-03-13,CAM,14251,6794,7457,403,136,193,3684,84,27,6715,0,2325,684,8969,5282,ITF,ITF3,15,Campania,Campania,5801692,256427,4.42,0.25
972,2021-01-06,CAM,7652,3750,3902,5780,838,300,0,116,29,4,0,0,585,7652,0,ITF,ITF3,15,Campania,Campania,5801692,264079,4.55,0.13
973,2021-03-16,CAM,8086,3519,4567,289,61,60,112,47,85,6876,235,29,292,3772,4314,ITF,ITF3,15,Campania,Campania,5801692,272165,4.69,0.14
974,2021-03-12,CAM,14247,7096,7151,1022,156,82,2803,114,56,6604,0,2439,971,8165,6082,ITF,ITF3,15,Campania,Campania,5801692,286412,4.94,0.25
975,2021-01-29,CAM,10052,4812,5240,6405,1052,259,0,307,75,19,0,0,1935,47,10005,ITF,ITF3,15,Campania,Campania,5801692,296464,5.11,0.17
976,2021-04-12,CAM,23301,10917,12384,149,64,68,218,1028,10305,3273,7757,128,311,20264,3037,ITF,ITF3,15,Campania,Campania,5801692,319765,5.51,0.4
977,2021-05-16,CAM,50905,23084,27821,282,106,2,5581,4618,2843,1249,18813,205,17206,33413,17492,ITF,ITF3,15,Campania,Campania,5801692,370670,6.39,0.88
978,2021-05-04,CAM,48388,23318,25070,201,117,106,235,11778,7375,2115,17171,517,8773,39510,8878,ITF,ITF3,15,Campania,Campania,5801692,419058,7.22,0.83
979,2020-12-27,CAM,720,422,298,703,14,0,0,0,1,0,0,0,2,720,0,ITF,ITF3,15,Campania,Campania,5801692,419778,7.24,0.01
980,2021-04-15,CAM,34327,16652,17675,313,46,21,319,4261,7016,6170,15625,121,435,24434,9893,ITF,ITF3,15,Campania,Campania,5801692,454105,7.83,0.59
981,2021-04-18,CAM,27209,13279,13930,108,23,7,240,3940,5520,5396,11734,84,157,18315,8894,ITF,ITF3,15,Campania,Campania,5801692,481314,8.3,0.47
982,2021-02-16,CAM,5437,2411,3026,983,277,169,1,118,43,3190,0,0,656,4666,771,ITF,ITF3,15,Campania,Campania,5801692,486751,8.39,0.09
983,2021-02-27,CAM,13945,4471,9474,825,290,82,8312,245,112,3184,0,0,895,12303,1642,ITF,ITF3,15,Campania,Campania,5801692,500696,8.63,0.24
984,2021-02-17,CAM,7388,3210,4178,1013,208,38,362,129,70,4913,0,0,655,6328,1060,ITF,ITF3,15,Campania,Campania,5801692,508084,8.76,0.13
985,2021-04-21,CAM,30201,14715,15486,103,43,6,265,5932,7876,3717,11918,103,238,17977,12224,ITF,ITF3,15,Campania,Campania,5801692,538285,9.28,0.52
986,2021-01-25,CAM,5744,2926,2818,4743,644,56,0,46,13,2,0,0,240,164,5580,ITF,ITF3,15,Campania,Campania,5801692,544029,9.38,0.1
987,2021-01-09,CAM,10567,5024,5543,6760,1256,269,0,253,64,21,0,0,1944,10567,0,ITF,ITF3,15,Campania,Campania,5801692,554596,9.56,0.18
988,2021-04-24,CAM,36289,17507,18782,147,36,7,372,4560,8219,4163,18178,142,465,25055,11234,ITF,ITF3,15,Campania,Campania,5801692,590885,10.18,0.63
989,2021-02-18,CAM,9080,3812,5268,1752,241,89,438,142,57,5562,0,1,798,8372,708,ITF,ITF3,15,Campania,Campania,5801692,599965,10.34,0.16
990,2021-01-08,CAM,10455,4968,5487,6714,1147,212,0,309,80,18,0,0,1975,10455,0,ITF,ITF3,15,Campania,Campania,5801692,610420,10.52,0.18
991,2021-04-11,CAM,17522,8605,8917,116,34,2,203,313,5111,1835,9599,83,226,15440,2082,ITF,ITF3,15,Campania,Campania,5801692,627942,10.82,0.3
992,2021-05-11,CAM,39825,19237,20588,143,225,21,2190,6481,3769,1608,10998,480,13910,30494,9331,ITF,ITF3,15,Campania,Campania,5801692,667767,11.51,0.69
993,2021-05-06,CAM,57218,27865,29353,247,129,94,293,8745,5747,3161,20056,363,18383,42797,14421,ITF,ITF3,15,Campania,Campania,5801692,724985,12.5,0.99
994,2021-04-29,CAM,41272,20007,21265,267,106,76,674,7045,7480,3618,19970,344,1692,24804,16468,ITF,ITF3,15,Campania,Campania,5801692,766257,13.21,0.71
995,2021-01-14,CAM,7073,2977,4096,3707,1264,350,0,206,61,14,0,0,1471,7073,0,ITF,ITF3,15,Campania,Campania,5801692,773330,13.33,0.12
996,2021-02-25,CAM,12426,4479,7947,803,119,124,4809,144,81,5691,1,0,654,11238,1188,ITF,ITF3,15,Campania,Campania,5801692,785756,13.54,0.21
997,2021-02-20,CAM,8573,3080,5493,1023,158,145,1976,57,13,4588,0,0,613,8270,303,ITF,ITF3,15,Campania,Campania,5801692,794329,13.69,0.15
998,2021-04-27,CAM,32072,15579,16493,228,270,36,456,6666,6222,2853,14055,279,1007,24162,7910,ITF,ITF3,15,Campania,Campania,5801692,826401,14.24,0.55
999,2021-02-14,CAM,3928,1923,2005,627,102,15,0,130,122,2475,0,0,457,3894,34,ITF,ITF3,15,Campania,Campania,5801692,830329,14.31,0.07
1000,2021-01-26,CAM,7340,3726,3614,5775,847,231,0,87,27,5,0,0,368,351,6989,ITF,ITF3,15,Campania,Campania,5801692,837669,14.44,0.13
1001,2021-05-03,CAM,40723,19873,20850,158,69,74,272,6903,8087,2216,14035,371,8538,28882,11841,ITF,ITF3,15,Campania,Campania,5801692,878392,15.14,0.7
1002,2021-04-13,CAM,26598,12679,13919,225,69,97,243,2699,11285,4204,7141,135,500,21070,5528,ITF,ITF3,15,Campania,Campania,5801692,904990,15.6,0.46
1003,2021-03-14,CAM,8503,3721,4782,328,115,2,2015,56,27,4564,0,975,421,4364,4139,ITF,ITF3,15,Campania,Campania,5801692,913493,15.75,0.15
1004,2021-02-10,CAM,6904,3413,3491,1945,284,98,0,448,235,2218,0,0,1676,6728,176,ITF,ITF3,15,Campania,Campania,5801692,920397,15.86,0.12
1005,2021-05-05,CAM,51080,24818,26262,219,106,241,255,13164,8033,1825,14230,412,12595,44713,6367,ITF,ITF3,15,Campania,Campania,5801692,971477,16.74,0.88
1006,2021-04-20,CAM,32036,15520,16516,152,40,175,332,7679,7191,4691,11292,141,343,20714,11322,ITF,ITF3,15,Campania,Campania,5801692,1003513,17.3,0.55
1007,2021-02-06,CAM,5340,2665,2675,1990,520,458,0,427,176,58,0,0,1711,2102,3238,ITF,ITF3,15,Campania,Campania,5801692,1008853,17.39,0.09
1008,2021-01-10,CAM,8165,3736,4429,5179,1010,97,0,232,62,13,0,0,1572,8165,0,ITF,ITF3,15,Campania,Campania,5801692,1017018,17.53,0.14
1009,2021-01-30,CAM,10721,5079,5642,6930,1278,227,0,251,68,18,0,0,1949,38,10683,ITF,ITF3,15,Campania,Campania,5801692,1027739,17.71,0.18
1010,2021-04-25,CAM,30702,15165,15537,343,104,5,201,8495,5523,2257,13359,89,326,25315,5387,ITF,ITF3,15,Campania,Campania,5801692,1058441,18.24,0.53
1011,2021-01-05,CAM,7238,3637,3601,5811,923,106,0,68,20,4,0,0,306,7238,0,ITF,ITF3,15,Campania,Campania,5801692,1065679,18.37,0.12
1012,2021-05-09,CAM,43168,20276,22892,161,65,25,822,6759,5863,1743,13198,151,14381,32084,11084,ITF,ITF3,15,Campania,Campania,5801692,1108847,19.11,0.74
1013,2021-04-23,CAM,32287,15503,16784,161,42,69,319,5739,6223,3765,15464,182,323,23151,9136,ITF,ITF3,15,Campania,Campania,5801692,1141134,19.67,0.56
1014,2021-02-05,CAM,7261,3463,3798,3447,995,308,0,348,140,35,0,0,1988,2133,5128,ITF,ITF3,15,Campania,Campania,5801692,1148395,19.79,0.13
1015,2021-01-11,CAM,4072,1871,2201,2386,681,252,0,111,28,14,0,0,600,4072,0,ITF,ITF3,15,Campania,Campania,5801692,1152467,19.86,0.07
1016,2021-04-16,CAM,34298,16549,17749,237,50,108,314,3196,6274,6633,16840,277,369,23640,10658,ITF,ITF3,15,Campania,Campania,5801692,1186765,20.46,0.59
1017,2021-05-02,CAM,43464,21526,21938,130,37,5,305,7581,6670,1834,17105,213,9584,32134,11330,ITF,ITF3,15,Campania,Campania,5801692,1230229,21.2,0.75
1018,2021-03-17,CAM,11586,5097,6489,489,134,49,136,55,158,10011,141,43,370,5007,6579,ITF,ITF3,15,Campania,Campania,5801692,1241815,21.4,0.2
1019,2021-03-01,CAM,12127,4247,7880,1153,319,148,5789,304,181,3104,0,0,1129,8015,4112,ITF,ITF3,15,Campania,Campania,5801692,1253942,21.61,0.21
1020,2021-02-04,CAM,7943,3429,4514,3965,1245,292,0,328,140,25,0,0,1948,1308,6635,ITF,ITF3,15,Campania,Campania,5801692,1261885,21.75,0.14
1021,2021-03-02,CAM,12752,4553,8199,1294,197,148,5903,366,225,3279,0,2,1338,8408,4344,ITF,ITF3,15,Campania,Campania,5801692,1274637,21.97,0.22
1022,2021-01-23,CAM,3838,2028,1810,3161,343,69,0,40,8,0,0,0,217,273,3565,ITF,ITF3,15,Campania,Campania,5801692,1278475,22.04,0.07
1023,2021-03-22,CAM,12738,5919,6819,308,762,72,2465,80,3639,3503,588,921,400,10700,2038,ITF,ITF3,15,Campania,Campania,5801692,1291213,22.26,0.22
1024,2021-03-27,CAM,21268,10029,11239,356,39,63,1951,88,4051,7143,6936,210,431,17405,3863,ITF,ITF3,15,Campania,Campania,5801692,1312481,22.62,0.37
1025,2021-03-31,CAM,22678,10904,11774,340,85,114,1165,143,7471,5173,7333,307,547,19239,3439,ITF,ITF3,15,Campania,Campania,5801692,1335159,23.01,0.39
1026,2021-05-13,CAM,55312,24786,30526,279,279,16,5313,6629,4487,2229,19954,326,15800,39350,15962,ITF,ITF3,15,Campania,Campania,5801692,1390471,23.97,0.95
1027,2021-02-15,CAM,5470,2516,2954,987,238,94,1,98,64,3403,1,1,583,5297,173,ITF,ITF3,15,Campania,Campania,5801692,1395941,24.06,0.09
1028,2021-02-24,CAM,11780,4148,7632,845,194,150,4194,45,24,5965,1,0,362,11092,688,ITF,ITF3,15,Campania,Campania,5801692,1407721,24.26,0.2
1029,2021-02-28,CAM,10414,3206,7208,496,116,22,5498,303,139,2261,0,0,1579,8514,1900,ITF,ITF3,15,Campania,Campania,5801692,1418135,24.44,0.18
1030,2021-02-07,CAM,2929,1382,1547,706,189,225,0,260,155,342,0,0,1052,2158,771,ITF,ITF3,15,Campania,Campania,5801692,1421064,24.49,0.05
1031,2021-05-14,CAM,60725,27416,33309,309,277,73,6082,7364,5200,2653,25305,328,13134,36256,24469,ITF,ITF3,15,Campania,Campania,5801692,1481789,25.54,1.05
1032,2021-01-17,CAM,1155,551,604,718,54,151,0,22,7,3,0,0,200,702,453,ITF,ITF3,15,Campania,Campania,5801692,1482944,25.56,0.02
1033,2021-02-09,CAM,4643,2202,2441,1148,178,6,0,356,211,1381,0,0,1363,4391,252,ITF,ITF3,15,Campania,Campania,5801692,1487587,25.64,0.08
1034,2021-03-28,CAM,15551,7499,8052,79,156,18,679,55,3592,5103,5532,165,172,13928,1623,ITF,ITF3,15,Campania,Campania,5801692,1503138,25.91,0.27
1035,2021-04-06,CAM,24379,11422,12957,306,116,142,1552,102,10169,5375,5995,210,412,19858,4521,ITF,ITF3,15,Campania,Campania,5801692,1527517,26.33,0.42
1036,2020-12-31,CAM,1490,811,679,1273,150,1,0,11,2,0,0,0,53,1490,0,ITF,ITF3,15,Campania,Campania,5801692,1529007,26.35,0.03
1037,2021-03-20,CAM,13881,6429,7452,295,43,35,2881,76,1677,6504,772,1021,577,10142,3739,ITF,ITF3,15,Campania,Campania,5801692,1542888,26.59,0.24
1038,2021-04-26,CAM,33977,16623,17354,216,141,4,165,8369,4156,2349,18104,148,325,28358,5619,ITF,ITF3,15,Campania,Campania,5801692,1576865,27.18,0.59
1039,2021-02-21,CAM,5834,2239,3595,780,45,22,509,56,14,3871,0,0,537,5609,225,ITF,ITF3,15,Campania,Campania,5801692,1582699,27.28,0.1
1040,2021-03-19,CAM,11037,4870,6167,392,68,21,855,70,134,8445,474,139,439,7166,3871,ITF,ITF3,15,Campania,Campania,5801692,1593736,27.47,0.19
1041,2021-01-21,CAM,2092,1115,977,1379,153,74,0,95,32,22,0,0,337,676,1416,ITF,ITF3,15,Campania,Campania,5801692,1595828,27.51,0.04
1042,2021-03-29,CAM,18943,9131,9812,362,51,129,1197,83,4473,5050,6844,304,450,17399,1544,ITF,ITF3,15,Campania,Campania,5801692,1614771,27.83,0.33
1043,2021-05-10,CAM,35360,16358,19002,185,211,67,2789,6593,4380,1478,13053,250,6354,25486,9874,ITF,ITF3,15,Campania,Campania,5801692,1650131,28.44,0.61
1044,2021-02-26,CAM,13340,4230,9110,951,127,226,7833,131,65,3422,0,1,584,12005,1335,ITF,ITF3,15,Campania,Campania,5801692,1663471,28.67,0.23
1045,2021-03-18,CAM,12172,5378,6794,460,79,34,459,72,259,9982,232,99,496,5984,6188,ITF,ITF3,15,Campania,Campania,5801692,1675643,28.88,0.21
1046,2021-03-05,CAM,16478,6348,10130,1683,244,64,5788,320,141,6364,0,4,1870,9817,6661,ITF,ITF3,15,Campania,Campania,5801692,1692121,29.17,0.28
1047,2021-01-07,CAM,8910,4166,4744,6313,1087,332,0,193,29,11,0,0,945,8910,0,ITF,ITF3,15,Campania,Campania,5801692,1701031,29.32,0.15
1048,2021-04-22,CAM,33926,16523,17403,228,53,22,306,5245,6683,5074,15846,141,328,21527,12399,ITF,ITF3,15,Campania,Campania,5801692,1734957,29.9,0.58
1049,2021-03-06,CAM,16309,6753,9556,993,135,175,5486,250,170,7148,0,1105,847,10641,5668,ITF,ITF3,15,Campania,Campania,5801692,1751266,30.19,0.28
1050,2021-04-30,CAM,42207,20113,22094,314,68,90,1044,6343,8479,3527,19048,529,2765,25785,16422,ITF,ITF3,15,Campania,Campania,5801692,1793473,30.91,0.73
1051,2021-03-03,CAM,13919,5493,8426,2088,240,158,4232,469,251,4809,0,4,1668,7290,6629,ITF,ITF3,15,Campania,Campania,5801692,1807392,31.15,0.24
1052,2021-04-17,CAM,36162,17500,18662,217,41,7,433,4711,6961,6351,16961,140,340,24656,11506,ITF,ITF3,15,Campania,Campania,5801692,1843554,31.78,0.62
1053,2021-03-10,CAM,15245,7377,7868,705,246,26,2469,121,44,8444,1,2345,844,8412,6833,ITF,ITF3,15,Campania,Campania,5801692,1858799,32.04,0.26
1054,2021-05-07,CAM,59661,29159,30502,301,168,103,331,7564,5405,2627,19978,498,22686,43745,15916,ITF,ITF3,15,Campania,Campania,5801692,1918460,33.07,1.03
1055,2021-03-21,CAM,9985,4592,5393,168,28,17,1679,46,3788,2935,762,383,179,7595,2390,ITF,ITF3,15,Campania,Campania,5801692,1928445,33.24,0.17
1056,2021-03-08,CAM,14539,6716,7823,890,248,70,4958,156,78,4873,1,2275,990,9763,4776,ITF,ITF3,15,Campania,Campania,5801692,1942984,33.49,0.25
1057,2021-02-23,CAM,11001,3386,7615,519,87,295,5945,57,30,3760,0,0,308,10476,525,ITF,ITF3,15,Campania,Campania,5801692,1953985,33.68,0.19
1058,2021-01-22,CAM,1524,776,748,971,120,209,0,28,6,4,0,0,186,673,851,ITF,ITF3,15,Campania,Campania,5801692,1955509,33.71,0.03
1059,2021-02-12,CAM,6529,2861,3668,1886,307,208,4,160,69,3061,0,0,834,6343,186,ITF,ITF3,15,Campania,Campania,5801692,1962038,33.82,0.11
1060,2021-05-15,CAM,62528,28977,33551,289,298,14,3700,7737,4673,1901,27120,236,16560,43882,18646,ITF,ITF3,15,Campania,Campania,5801692,2024566,34.9,1.08
1061,2021-02-13,CAM,5508,2550,2958,960,114,131,2,160,127,3621,0,0,393,5291,217,ITF,ITF3,15,Campania,Campania,5801692,2030074,34.99,0.09
1062,2021-03-04,CAM,14657,5351,9306,1901,305,136,4841,303,98,5595,0,1,1477,8764,5893,ITF,ITF3,15,Campania,Campania,5801692,2044731,35.24,0.25
1063,2021-01-24,CAM,4128,2123,2005,3140,410,166,0,46,10,0,0,0,356,383,3745,ITF,ITF3,15,Campania,Campania,5801692,2048859,35.31,0.07
1064,2021-03-25,CAM,19990,9334,10656,307,52,8,2480,124,2560,7455,6030,395,579,16488,3502,ITF,ITF3,15,Campania,Campania,5801692,2068849,35.66,0.34
1065,2021-03-23,CAM,15326,7053,8273,359,491,181,3286,160,2744,4739,2113,577,676,12821,2505,ITF,ITF3,15,Campania,Campania,5801692,2084175,35.92,0.26
1066,2021-03-24,CAM,17611,8078,9533,410,99,70,2437,111,1941,6725,4802,621,395,14660,2951,ITF,ITF3,15,Campania,Campania,5801692,2101786,36.23,0.3
1067,2021-04-19,CAM,30703,14814,15889,177,51,91,243,7792,5424,5314,11224,123,264,19139,11564,ITF,ITF3,15,Campania,Campania,5801692,2132489,36.76,0.53
1068,2021-05-08,CAM,56327,27091,29236,190,124,5,721,7976,6702,3114,20403,256,16836,40525,15802,ITF,ITF3,15,Campania,Campania,5801692,2188816,37.73,0.97
1069,2021-02-01,CAM,3985,1813,2172,2504,656,152,0,102,26,14,0,0,531,110,3875,ITF,ITF3,15,Campania,Campania,5801692,2192801,37.8,0.07
1070,2021-03-09,CAM,13876,6636,7240,797,276,217,4187,177,49,4515,1,2516,1141,10095,3781,ITF,ITF3,15,Campania,Campania,5801692,2206677,38.04,0.24
1071,2021-01-27,CAM,7738,3820,3918,5839,875,270,0,118,32,4,0,0,600,163,7575,ITF,ITF3,15,Campania,Campania,5801692,2214415,38.17,0.13
1072,2021-01-20,CAM,1257,650,607,395,146,101,0,101,100,17,0,0,397,1257,0,ITF,ITF3,15,Campania,Campania,5801692,2215672,38.19,0.02
1073,2021-01-31,CAM,8067,3711,4356,5107,1012,67,0,238,61,12,0,0,1570,23,8044,ITF,ITF3,15,Campania,Campania,5801692,2223739,38.33,0.14
1074,2021-01-02,CAM,3673,1962,1711,3167,340,0,0,22,8,0,0,0,136,3673,0,ITF,ITF3,15,Campania,Campania,5801692,2227412,38.39,0.06
1075,2021-04-05,CAM,11636,5543,6093,141,23,6,432,31,2455,2879,5307,110,252,9214,2422,ITF,ITF3,15,Campania,Campania,5801692,2239048,38.59,0.2
1076,2021-01-19,CAM,1095,474,621,534,129,171,0,36,7,1,0,0,217,1092,3,ITF,ITF3,15,Campania,Campania,5801692,2240143,38.61,0.02
1077,2021-03-11,CAM,17578,8669,8909,1049,296,105,2834,180,87,8956,0,2959,1112,10300,7278,ITF,ITF3,15,Campania,Campania,5801692,2257721,38.91,0.3
1078,2021-01-28,CAM,8832,4121,4711,6216,1094,347,0,190,32,12,0,0,941,134,8698,ITF,ITF3,15,Campania,Campania,5801692,2266553,39.07,0.15
1079,2021-01-04,CAM,5826,2963,2863,4850,679,0,0,45,5,1,0,0,246,5826,0,ITF,ITF3,15,Campania,Campania,5801692,2272379,39.17,0.1
1080,2021-04-09,CAM,29817,13947,15870,261,74,39,955,184,9294,7328,10728,354,600,23700,6117,ITF,ITF3,15,Campania,Campania,5801692,2302196,39.68,0.51
1081,2021-02-02,CAM,5723,2804,2919,3640,828,355,0,140,50,22,0,0,688,444,5279,ITF,ITF3,15,Campania,Campania,5801692,2307919,39.78,0.1
1082,2021-03-15,CAM,12931,6088,6843,819,142,78,2557,82,1445,6287,12,1066,443,8187,4744,ITF,ITF3,15,Campania,Campania,5801692,2320850,40.0,0.22
1083,2021-02-03,CAM,8902,4002,4900,4736,1101,714,0,295,74,34,0,0,1948,878,8024,ITF,ITF3,15,Campania,Campania,5801692,2329752,40.16,0.15
1084,2021-04-08,CAM,28262,13636,14626,283,130,58,1041,135,6668,7226,11875,401,445,22429,5833,ITF,ITF3,15,Campania,Campania,5801692,2358014,40.64,0.49
1085,2021-01-15,CAM,4980,2381,2599,2740,832,191,0,159,72,22,0,0,964,4980,0,ITF,ITF3,15,Campania,Campania,5801692,2362994,40.73,0.09
1086,2021-04-14,CAM,27639,13330,14309,268,55,22,268,3203,11174,5110,7057,133,349,19074,8565,ITF,ITF3,15,Campania,Campania,5801692,2390633,41.21,0.48
1087,2021-05-01,CAM,46309,22651,23658,161,60,1,636,6331,6259,3670,22220,319,6652,30215,16094,ITF,ITF3,15,Campania,Campania,5801692,2436942,42.0,0.8
1088,2021-03-07,CAM,11911,5344,6567,533,110,85,4351,158,134,4030,0,1953,557,8068,3843,ITF,ITF3,15,Campania,Campania,5801692,2448853,42.21,0.21
1089,2021-01-03,CAM,3837,2009,1828,3191,401,0,0,31,6,0,0,0,208,3837,0,ITF,ITF3,15,Campania,Campania,5801692,2452690,42.28,0.07
1090,2021-03-30,CAM,21727,10271,11456,278,47,182,1833,155,5859,5689,6767,284,633,18768,2959,ITF,ITF3,15,Campania,Campania,5801692,2474417,42.65,0.37
1091,2021-01-13,CAM,8019,3665,4354,4350,1031,587,0,267,65,30,0,0,1689,8019,0,ITF,ITF3,15,Campania,Campania,5801692,2482436,42.79,0.14
1092,2021-04-07,CAM,24738,11770,12968,347,206,62,1043,135,7508,6623,8000,274,540,20016,4722,ITF,ITF3,15,Campania,Campania,5801692,2507174,43.21,0.43
1093,2021-02-18,LOM,14039,4926,9113,6164,1880,1593,28,13,18,3438,3,859,43,13012,1027,ITC,ITC4,3,Lombardia,Lombardia,10060574,14039,0.14,0.14
1094,2021-05-13,LOM,85589,41144,44445,2563,832,598,268,28144,11910,2641,28914,1278,8441,57864,27725,ITC,ITC4,3,Lombardia,Lombardia,10060574,99628,0.99,0.85
1095,2021-02-28,LOM,7888,3256,4632,1108,763,76,31,594,199,4343,0,88,686,7672,216,ITC,ITC4,3,Lombardia,Lombardia,10060574,107516,1.07,0.08
1096,2021-03-19,LOM,32394,12896,19498,2748,1934,1418,3009,69,115,22451,350,158,142,19215,13179,ITC,ITC4,3,Lombardia,Lombardia,10060574,139910,1.39,0.32
1097,2021-02-15,LOM,8915,3120,5795,6034,1677,1071,9,12,10,29,4,32,37,8494,421,ITC,ITC4,3,Lombardia,Lombardia,10060574,148825,1.48,0.09
1098,2021-04-06,LOM,43008,17549,25459,2180,1932,685,4532,281,557,27994,4407,128,312,25056,17952,ITC,ITC4,3,Lombardia,Lombardia,10060574,191833,1.91,0.43
1099,2021-01-08,LOM,12664,3910,8754,9964,2236,376,0,17,9,6,1,0,55,12664,0,ITC,ITC4,3,Lombardia,Lombardia,10060574,204497,2.03,0.13
1100,2020-12-30,LOM,114,42,72,106,7,0,0,0,0,0,0,0,1,114,0,ITC,ITC4,3,Lombardia,Lombardia,10060574,204611,2.03,0.0
1101,2021-03-28,LOM,20418,7782,12636,2017,1291,115,3875,197,427,11349,1008,34,105,14255,6163,ITC,ITC4,3,Lombardia,Lombardia,10060574,225029,2.24,0.2
1102,2020-12-31,LOM,713,300,413,657,56,0,0,0,0,0,0,0,0,713,0,ITC,ITC4,3,Lombardia,Lombardia,10060574,225742,2.24,0.01
1103,2021-02-21,LOM,5052,1862,3190,1766,910,57,3,2,14,2234,2,42,22,5034,18,ITC,ITC4,3,Lombardia,Lombardia,10060574,230794,2.29,0.05
1104,2021-02-09,LOM,12285,3344,8941,5753,2258,4128,4,16,5,79,4,2,36,4113,8172,ITC,ITC4,3,Lombardia,Lombardia,10060574,243079,2.42,0.12
1105,2021-04-02,LOM,41054,16795,24259,2553,1826,1166,4640,540,2174,24652,3027,130,346,26659,14395,ITC,ITC4,3,Lombardia,Lombardia,10060574,284133,2.82,0.41
1106,2021-01-12,LOM,19859,6616,13243,13439,4542,1631,0,20,13,102,2,1,109,19859,0,ITC,ITC4,3,Lombardia,Lombardia,10060574,303992,3.02,0.2
1107,2021-01-01,LOM,24,7,17,24,0,0,0,0,0,0,0,0,0,24,0,ITC,ITC4,3,Lombardia,Lombardia,10060574,304016,3.02,0.0
1108,2021-03-16,LOM,25473,10111,15362,3316,1463,1459,76,311,249,18138,28,17,416,16417,9056,ITC,ITC4,3,Lombardia,Lombardia,10060574,329489,3.28,0.25
1109,2021-01-21,LOM,5341,1569,3772,3024,1211,1025,0,8,4,7,1,0,61,4652,689,ITC,ITC4,3,Lombardia,Lombardia,10060574,334830,3.33,0.05
1110,2021-04-20,LOM,67591,30805,36786,1158,588,744,569,8887,34186,11077,9586,232,564,57275,10316,ITC,ITC4,3,Lombardia,Lombardia,10060574,402421,4.0,0.67
1111,2021-02-19,LOM,14114,5369,8745,5572,1752,1154,16,22,42,4543,2,930,81,13434,680,ITC,ITC4,3,Lombardia,Lombardia,10060574,416535,4.14,0.14
1112,2021-03-15,LOM,31568,11333,20235,4691,2871,882,8319,273,376,13103,8,637,408,23050,8518,ITC,ITC4,3,Lombardia,Lombardia,10060574,448103,4.45,0.31
1113,2021-05-10,LOM,84979,40795,44184,2611,631,321,455,29365,14249,2312,29009,1252,4774,63630,21349,ITC,ITC4,3,Lombardia,Lombardia,10060574,533082,5.3,0.84
1114,2021-04-28,LOM,95513,43583,51930,1409,657,781,316,23418,28621,23312,15990,310,699,68664,26849,ITC,ITC4,3,Lombardia,Lombardia,10060574,628595,6.25,0.95
1115,2021-03-12,LOM,35235,12948,22287,5135,3226,1507,7381,184,279,16072,10,1114,327,25030,10205,ITC,ITC4,3,Lombardia,Lombardia,10060574,663830,6.6,0.35
1116,2021-02-08,LOM,10079,2918,7161,5324,2252,2405,4,5,2,53,4,0,30,2139,7940,ITC,ITC4,3,Lombardia,Lombardia,10060574,673909,6.7,0.1
1117,2021-04-22,LOM,73666,33294,40372,1192,704,1331,440,11022,31856,15522,10868,185,546,57409,16257,ITC,ITC4,3,Lombardia,Lombardia,10060574,747575,7.43,0.73
1118,2021-03-10,LOM,33224,12725,20499,6908,3855,2102,5480,429,302,12093,9,1608,438,25371,7853,ITC,ITC4,3,Lombardia,Lombardia,10060574,780799,7.76,0.33
1119,2021-01-22,LOM,3098,864,2234,1582,619,874,0,2,3,13,0,0,5,3028,70,ITC,ITC4,3,Lombardia,Lombardia,10060574,783897,7.79,0.03
1120,2021-04-17,LOM,48186,21187,26999,521,203,287,385,443,28568,11638,5870,125,146,37419,10767,ITC,ITC4,3,Lombardia,Lombardia,10060574,832083,8.27,0.48
1121,2021-05-07,LOM,91451,43403,48048,3394,900,658,509,31898,18683,5522,25224,1156,3507,69726,21725,ITC,ITC4,3,Lombardia,Lombardia,10060574,923534,9.18,0.91
1122,2021-03-08,LOM,29746,11175,18571,6599,2986,1160,4627,423,212,11768,10,1614,347,22677,7069,ITC,ITC4,3,Lombardia,Lombardia,10060574,953280,9.48,0.3
1123,2021-04-18,LOM,36306,16194,20112,262,115,72,142,234,25810,5659,3800,99,113,31080,5226,ITC,ITC4,3,Lombardia,Lombardia,10060574,989586,9.84,0.36
1124,2021-03-17,LOM,26232,10481,15751,2533,1418,1969,44,73,110,19614,175,45,251,15243,10989,ITC,ITC4,3,Lombardia,Lombardia,10060574,1015818,10.1,0.26
1125,2021-02-04,LOM,27651,8072,19579,15836,5868,5659,0,11,1,199,4,7,66,1970,25681,ITC,ITC4,3,Lombardia,Lombardia,10060574,1043469,10.37,0.27
1126,2021-03-31,LOM,41873,16948,24925,2598,1888,1472,6195,403,1820,24087,2833,150,427,26723,15150,ITC,ITC4,3,Lombardia,Lombardia,10060574,1085342,10.79,0.42
1127,2021-04-21,LOM,71546,32461,39085,1051,482,722,345,10506,32410,14612,10817,178,423,56976,14570,ITC,ITC4,3,Lombardia,Lombardia,10060574,1156888,11.5,0.71
1128,2021-02-17,LOM,11967,3745,8222,7642,2229,1950,10,7,9,40,6,38,36,10578,1389,ITC,ITC4,3,Lombardia,Lombardia,10060574,1168855,11.62,0.12
1129,2020-12-27,LOM,717,413,304,615,46,14,0,13,7,1,1,0,20,717,0,ITC,ITC4,3,Lombardia,Lombardia,10060574,1169572,11.63,0.01
1130,2021-04-19,LOM,60067,27330,32737,1171,444,461,478,3372,34703,9984,8795,177,482,50662,9405,ITC,ITC4,3,Lombardia,Lombardia,10060574,1229639,12.22,0.6
1131,2021-04-24,LOM,75540,33482,42058,669,369,88,166,12528,29552,21436,10040,278,414,54491,21049,ITC,ITC4,3,Lombardia,Lombardia,10060574,1305179,12.97,0.75
1132,2021-05-08,LOM,86867,40401,46466,1749,519,65,599,29869,17849,6124,24860,1082,4151,65626,21241,ITC,ITC4,3,Lombardia,Lombardia,10060574,1392046,13.84,0.86
1133,2021-02-01,LOM,16054,5316,10738,11676,3377,903,1,3,3,45,3,1,42,305,15749,ITC,ITC4,3,Lombardia,Lombardia,10060574,1408100,14.0,0.16
1134,2021-04-05,LOM,27385,11695,15690,545,573,70,703,196,326,23748,1106,28,90,19276,8109,ITC,ITC4,3,Lombardia,Lombardia,10060574,1435485,14.27,0.27
1135,2021-01-31,LOM,9746,3763,5983,7577,2043,87,0,2,2,7,3,2,23,34,9712,ITC,ITC4,3,Lombardia,Lombardia,10060574,1445231,14.37,0.1
1136,2021-01-28,LOM,12192,3693,8499,9203,1859,971,1,11,5,29,2,1,110,780,11412,ITC,ITC4,3,Lombardia,Lombardia,10060574,1457423,14.49,0.12
1137,2021-01-03,LOM,853,316,537,744,89,4,0,0,0,1,1,0,14,853,0,ITC,ITC4,3,Lombardia,Lombardia,10060574,1458276,14.49,0.01
1138,2021-01-04,LOM,6075,2097,3978,4993,736,173,0,22,4,11,0,0,136,6075,0,ITC,ITC4,3,Lombardia,Lombardia,10060574,1464351,14.56,0.06
1139,2021-01-19,LOM,8102,2348,5754,4045,1773,2169,0,9,5,67,4,1,29,7628,474,ITC,ITC4,3,Lombardia,Lombardia,10060574,1472453,14.64,0.08
1140,2021-02-25,LOM,15198,6303,8895,2987,1340,1294,10,39,86,8101,4,1254,83,13645,1553,ITC,ITC4,3,Lombardia,Lombardia,10060574,1487651,14.79,0.15
1141,2021-02-03,LOM,25577,7908,17669,15603,5634,4100,1,17,9,144,6,8,55,1153,24424,ITC,ITC4,3,Lombardia,Lombardia,10060574,1513228,15.04,0.25
1142,2021-02-14,LOM,3578,1546,2032,2750,623,42,10,5,1,3,2,0,142,2944,634,ITC,ITC4,3,Lombardia,Lombardia,10060574,1516806,15.08,0.04
1143,2021-02-27,LOM,13947,5871,8076,2090,1235,568,48,209,309,8312,7,1126,43,13305,642,ITC,ITC4,3,Lombardia,Lombardia,10060574,1530753,15.22,0.14
1144,2021-03-18,LOM,27423,10957,16466,2206,1209,1547,100,65,161,21451,506,50,128,16195,11228,ITC,ITC4,3,Lombardia,Lombardia,10060574,1558176,15.49,0.27
1145,2021-05-03,LOM,83569,39699,43870,1749,478,325,746,31549,23734,4407,19066,283,1232,71480,12089,ITC,ITC4,3,Lombardia,Lombardia,10060574,1641745,16.32,0.83
1146,2021-05-01,LOM,95543,43506,52037,685,514,72,309,28091,24049,25129,14445,336,1913,66670,28873,ITC,ITC4,3,Lombardia,Lombardia,10060574,1737288,17.27,0.95
1147,2021-02-07,LOM,7305,2819,4486,5635,1321,293,5,5,2,18,0,3,23,340,6965,ITC,ITC4,3,Lombardia,Lombardia,10060574,1744593,17.34,0.07
1148,2021-04-13,LOM,47559,21230,26329,945,643,706,957,525,24932,13480,4970,101,300,33496,14063,ITC,ITC4,3,Lombardia,Lombardia,10060574,1792152,17.81,0.47
1149,2021-03-07,LOM,12018,5347,6671,3012,2101,82,717,261,333,4629,2,672,209,9459,2559,ITC,ITC4,3,Lombardia,Lombardia,10060574,1804170,17.93,0.12
1150,2020-12-28,LOM,107,47,60,105,2,0,0,0,0,0,0,0,0,107,0,ITC,ITC4,3,Lombardia,Lombardia,10060574,1804277,17.93,0.0
1151,2021-03-25,LOM,42521,15873,26648,3457,2237,1431,10845,231,769,21232,1665,318,336,30010,12511,ITC,ITC4,3,Lombardia,Lombardia,10060574,1846798,18.36,0.42
1152,2021-03-30,LOM,39451,15467,23984,2778,1928,1168,6914,262,414,22355,2866,223,543,24698,14753,ITC,ITC4,3,Lombardia,Lombardia,10060574,1886249,18.75,0.39
1153,2021-01-26,LOM,8338,2711,5627,6651,1337,223,0,22,4,27,0,0,74,336,8002,ITC,ITC4,3,Lombardia,Lombardia,10060574,1894587,18.83,0.08
1154,2021-03-04,LOM,29384,12136,17248,7056,2497,2142,376,1623,1848,11148,6,2052,636,20256,9128,ITC,ITC4,3,Lombardia,Lombardia,10060574,1923971,19.12,0.29
1155,2021-01-17,LOM,8342,3343,4999,5603,750,244,0,169,55,72,6,5,1438,8141,201,ITC,ITC4,3,Lombardia,Lombardia,10060574,1932313,19.21,0.08
1156,2021-03-24,LOM,43294,15621,27673,2985,2448,1503,12497,416,751,20441,1265,563,425,31429,11865,ITC,ITC4,3,Lombardia,Lombardia,10060574,1975607,19.64,0.43
1157,2021-03-22,LOM,40281,14282,25999,2520,2361,896,12170,255,193,20496,542,533,315,29757,10524,ITC,ITC4,3,Lombardia,Lombardia,10060574,2015888,20.04,0.4
1158,2021-02-05,LOM,25590,7431,18159,14469,6215,4524,7,19,11,260,2,2,81,2383,23207,ITC,ITC4,3,Lombardia,Lombardia,10060574,2041478,20.29,0.25
1159,2021-04-10,LOM,52140,21605,30535,876,859,315,1465,511,2955,38812,6033,61,253,40347,11793,ITC,ITC4,3,Lombardia,Lombardia,10060574,2093618,20.81,0.52
1160,2021-03-23,LOM,42448,15376,27072,2266,2337,1321,12510,430,584,21316,770,405,509,29637,12811,ITC,ITC4,3,Lombardia,Lombardia,10060574,2136066,21.23,0.42
1161,2021-01-30,LOM,12323,4570,7753,9911,2119,161,1,18,2,8,1,1,101,174,12149,ITC,ITC4,3,Lombardia,Lombardia,10060574,2148389,21.35,0.12
1162,2021-05-09,LOM,69245,32701,36544,1727,731,18,359,28235,12532,1299,20479,144,3721,56413,12832,ITC,ITC4,3,Lombardia,Lombardia,10060574,2217634,22.04,0.69
1163,2021-04-26,LOM,87881,40902,46979,624,363,319,383,22156,30877,18584,13743,205,627,68735,19146,ITC,ITC4,3,Lombardia,Lombardia,10060574,2305515,22.92,0.87
1164,2021-01-24,LOM,1201,459,742,832,136,36,0,8,2,1,1,0,185,537,664,ITC,ITC4,3,Lombardia,Lombardia,10060574,2306716,22.93,0.01
1165,2021-01-05,LOM,7817,2565,5252,6271,1207,173,0,29,4,8,0,0,125,7817,0,ITC,ITC4,3,Lombardia,Lombardia,10060574,2314533,23.01,0.08
1166,2021-04-01,LOM,42712,17131,25581,2719,2085,1283,5749,823,1633,25112,2765,135,408,26703,16009,ITC,ITC4,3,Lombardia,Lombardia,10060574,2357245,23.43,0.42
1167,2021-04-15,LOM,49282,21799,27483,1108,640,1075,653,283,25698,12798,6713,97,217,35478,13804,ITC,ITC4,3,Lombardia,Lombardia,10060574,2406527,23.92,0.49
1168,2021-03-27,LOM,32305,12314,19991,1973,2424,323,6664,406,611,18284,1192,71,357,23702,8603,ITC,ITC4,3,Lombardia,Lombardia,10060574,2438832,24.24,0.32
1169,2021-03-01,LOM,18796,8231,10565,2719,1182,930,29,554,321,10863,3,1656,539,17091,1705,ITC,ITC4,3,Lombardia,Lombardia,10060574,2457628,24.43,0.19
1170,2021-01-18,LOM,9156,2968,6188,5197,1962,1852,0,16,13,54,5,2,55,8175,981,ITC,ITC4,3,Lombardia,Lombardia,10060574,2466784,24.52,0.09
1171,2021-02-22,LOM,11893,4808,7085,4235,1468,1027,28,13,22,4066,4,967,63,11585,308,ITC,ITC4,3,Lombardia,Lombardia,10060574,2478677,24.64,0.12
1172,2021-01-16,LOM,15361,5707,9654,8619,1384,1505,0,556,211,227,5,3,2851,15361,0,ITC,ITC4,3,Lombardia,Lombardia,10060574,2494038,24.79,0.15
1173,2021-04-03,LOM,36177,14842,21335,961,963,86,2241,1004,1547,27495,1656,80,144,26119,10058,ITC,ITC4,3,Lombardia,Lombardia,10060574,2530215,25.15,0.36
1174,2021-03-06,LOM,21313,9085,12228,4764,2181,451,1357,1898,1306,7524,7,1147,678,16800,4513,ITC,ITC4,3,Lombardia,Lombardia,10060574,2551528,25.36,0.21
1175,2021-04-30,LOM,116747,54579,62168,1728,731,774,1097,32509,27552,20976,28478,447,2455,89600,27147,ITC,ITC4,3,Lombardia,Lombardia,10060574,2668275,26.52,1.16
1176,2021-01-06,LOM,7059,2490,4569,5848,1106,38,2,24,1,0,0,0,40,7059,0,ITC,ITC4,3,Lombardia,Lombardia,10060574,2675334,26.59,0.07
1177,2021-03-20,LOM,32511,12151,20360,1991,2349,524,7861,155,140,18459,544,322,166,22660,9851,ITC,ITC4,3,Lombardia,Lombardia,10060574,2707845,26.92,0.32
1178,2021-02-24,LOM,14674,5927,8747,3596,1503,1787,24,36,44,6323,0,1203,158,13746,928,ITC,ITC4,3,Lombardia,Lombardia,10060574,2722519,27.06,0.15
1179,2021-04-09,LOM,52133,22266,29867,2237,1906,1257,3038,262,2338,34098,6451,97,449,36148,15985,ITC,ITC4,3,Lombardia,Lombardia,10060574,2774652,27.58,0.52
1180,2021-01-29,LOM,13438,4114,9324,10487,2325,573,0,5,3,9,1,0,35,655,12783,ITC,ITC4,3,Lombardia,Lombardia,10060574,2788090,27.71,0.13
1181,2021-05-04,LOM,86593,40990,45603,1894,544,351,365,34151,21538,4622,21213,257,1658,72356,14237,ITC,ITC4,3,Lombardia,Lombardia,10060574,2874683,28.57,0.86
1182,2021-05-16,LOM,68188,32266,35922,1566,767,13,313,20916,15754,1085,21166,224,6384,36435,31753,ITC,ITC4,3,Lombardia,Lombardia,10060574,2942871,29.25,0.68
1183,2021-02-16,LOM,9542,3086,6456,5850,2210,1395,19,13,4,10,7,8,26,9086,456,ITC,ITC4,3,Lombardia,Lombardia,10060574,2952413,29.35,0.09
1184,2021-01-09,LOM,12409,4572,7837,9526,2122,196,0,60,12,6,0,1,486,12409,0,ITC,ITC4,3,Lombardia,Lombardia,10060574,2964822,29.47,0.12
1185,2021-01-07,LOM,11716,3622,8094,8966,1794,786,1,14,8,34,2,1,110,11716,0,ITC,ITC4,3,Lombardia,Lombardia,10060574,2976538,29.59,0.12
1186,2021-05-11,LOM,86287,41226,45061,2723,735,416,532,29116,12779,2841,29098,1328,6719,60458,25829,ITC,ITC4,3,Lombardia,Lombardia,10060574,3062825,30.44,0.86
1187,2021-03-29,LOM,40001,15508,24493,2997,2154,455,8608,221,471,21747,2708,209,431,25181,14820,ITC,ITC4,3,Lombardia,Lombardia,10060574,3102826,30.84,0.4
1188,2021-02-20,LOM,9438,3901,5537,4299,1020,225,4,24,37,2919,2,871,37,9139,299,ITC,ITC4,3,Lombardia,Lombardia,10060574,3112264,30.94,0.09
1189,2021-04-11,LOM,32176,13934,18242,967,543,437,1215,231,715,23168,4022,795,83,24784,7392,ITC,ITC4,3,Lombardia,Lombardia,10060574,3144440,31.26,0.32
1190,2021-03-21,LOM,23575,8549,15026,1086,1632,441,9131,114,207,9738,198,756,272,18314,5261,ITC,ITC4,3,Lombardia,Lombardia,10060574,3168015,31.49,0.23
1191,2021-04-04,LOM,7617,3232,4385,204,263,68,206,199,347,5880,361,9,80,3718,3899,ITC,ITC4,3,Lombardia,Lombardia,10060574,3175632,31.57,0.08
1192,2020-12-29,LOM,104,44,60,103,1,0,0,0,0,0,0,0,0,104,0,ITC,ITC4,3,Lombardia,Lombardia,10060574,3175736,31.57,0.0
1193,2021-03-05,LOM,28985,11945,17040,7244,3081,1556,426,1294,2142,11074,16,1980,172,20582,8403,ITC,ITC4,3,Lombardia,Lombardia,10060574,3204721,31.85,0.29
1194,2021-02-26,LOM,18364,7551,10813,3333,1716,1183,24,66,40,10586,7,1340,69,16514,1850,ITC,ITC4,3,Lombardia,Lombardia,10060574,3223085,32.04,0.18
1195,2021-03-26,LOM,41110,15590,25520,2731,2221,834,8659,252,552,22709,2464,256,432,28091,13019,ITC,ITC4,3,Lombardia,Lombardia,10060574,3264195,32.45,0.41
1196,2021-04-25,LOM,51273,23531,27742,421,143,12,287,10011,26878,4735,8339,154,293,46705,4568,ITC,ITC4,3,Lombardia,Lombardia,10060574,3315468,32.96,0.51
1197,2021-02-10,LOM,14392,4504,9888,8535,2365,3336,6,25,17,79,1,3,25,7572,6820,ITC,ITC4,3,Lombardia,Lombardia,10060574,3329860,33.1,0.14
1198,2021-04-27,LOM,85802,39917,45885,1094,457,288,356,22981,29398,14710,15609,308,601,69304,16498,ITC,ITC4,3,Lombardia,Lombardia,10060574,3415662,33.95,0.85
1199,2021-03-03,LOM,26915,11494,15421,6404,1783,1799,471,1269,1902,10209,12,2031,1035,19642,7273,ITC,ITC4,3,Lombardia,Lombardia,10060574,3442577,34.22,0.27
1200,2021-01-10,LOM,10518,3957,6561,8175,2197,85,1,4,1,12,5,2,36,10518,0,ITC,ITC4,3,Lombardia,Lombardia,10060574,3453095,34.32,0.1
1201,2021-02-23,LOM,11773,4792,6981,3960,1411,877,3,20,31,4312,1,992,166,11465,308,ITC,ITC4,3,Lombardia,Lombardia,10060574,3464868,34.44,0.12
1202,2021-01-13,LOM,26216,8009,18207,15798,5796,4193,1,28,14,197,4,3,182,26216,0,ITC,ITC4,3,Lombardia,Lombardia,10060574,3491084,34.7,0.26
1203,2021-03-14,LOM,14876,5349,9527,1520,1746,80,5450,99,117,5275,2,413,174,11590,3286,ITC,ITC4,3,Lombardia,Lombardia,10060574,3505960,34.85,0.15
1204,2021-04-23,LOM,73273,33243,40030,1402,607,710,348,12210,30429,15401,11462,237,467,56774,16499,ITC,ITC4,3,Lombardia,Lombardia,10060574,3579233,35.58,0.73
1205,2021-04-14,LOM,47090,20999,26091,935,748,677,786,295,24958,12468,5924,86,213,34125,12965,ITC,ITC4,3,Lombardia,Lombardia,10060574,3626323,36.04,0.47
1206,2021-05-15,LOM,79355,38183,41172,1362,432,66,329,23215,14864,2042,27626,1258,8161,47140,32215,ITC,ITC4,3,Lombardia,Lombardia,10060574,3705678,36.83,0.79
1207,2021-01-27,LOM,8045,2677,5368,6205,1338,434,2,22,3,1,0,0,40,821,7224,ITC,ITC4,3,Lombardia,Lombardia,10060574,3713723,36.91,0.08
1208,2021-02-12,LOM,13946,4355,9591,8116,2724,2957,3,7,8,102,3,5,21,9028,4918,ITC,ITC4,3,Lombardia,Lombardia,10060574,3727669,37.05,0.14
1209,2021-03-09,LOM,33233,12846,20387,6079,4096,2389,5482,434,352,12531,10,1464,396,25810,7423,ITC,ITC4,3,Lombardia,Lombardia,10060574,3760902,37.38,0.33
1210,2021-02-06,LOM,15255,5529,9726,9859,3034,1897,3,42,13,75,2,1,329,1068,14187,ITC,ITC4,3,Lombardia,Lombardia,10060574,3776157,37.53,0.15
1211,2021-05-05,LOM,87546,41769,45777,2330,576,472,354,33939,18039,4508,22460,232,4636,72476,15070,ITC,ITC4,3,Lombardia,Lombardia,10060574,3863703,38.4,0.87
1212,2021-01-25,LOM,7024,2372,4652,5632,941,218,0,26,3,15,0,0,189,489,6535,ITC,ITC4,3,Lombardia,Lombardia,10060574,3870727,38.47,0.07
1213,2021-02-13,LOM,6415,2442,3973,4179,1466,709,4,7,6,17,3,4,20,4938,1477,ITC,ITC4,3,Lombardia,Lombardia,10060574,3877142,38.54,0.06
1214,2021-04-12,LOM,47204,20562,26642,1147,903,504,1678,312,24474,13815,4097,76,198,32874,14330,ITC,ITC4,3,Lombardia,Lombardia,10060574,3924346,39.01,0.47
1215,2021-04-16,LOM,53508,23850,29658,1736,722,1024,463,384,28377,13497,6985,113,207,39200,14308,ITC,ITC4,3,Lombardia,Lombardia,10060574,3977854,39.54,0.53
1216,2021-01-02,LOM,199,72,127,178,16,0,0,1,0,0,0,0,4,199,0,ITC,ITC4,3,Lombardia,Lombardia,10060574,3978053,39.54,0.0
1217,2021-02-02,LOM,19849,6584,13265,13500,4508,1687,1,6,4,76,0,7,60,491,19358,ITC,ITC4,3,Lombardia,Lombardia,10060574,3997902,39.74,0.2
1218,2021-01-20,LOM,5581,1365,4216,2744,1177,1558,0,14,6,61,0,0,21,5466,115,ITC,ITC4,3,Lombardia,Lombardia,10060574,4003483,39.79,0.06
1219,2021-05-02,LOM,83455,38320,45135,779,368,35,467,23641,19768,18589,17794,288,1726,61039,22416,ITC,ITC4,3,Lombardia,Lombardia,10060574,4086938,40.62,0.83
1220,2021-01-15,LOM,25137,7421,17716,13802,5912,4737,9,54,24,316,3,2,278,25137,0,ITC,ITC4,3,Lombardia,Lombardia,10060574,4112075,40.87,0.25
1221,2021-05-14,LOM,83566,40387,43179,1992,936,488,297,25329,12827,2259,29920,1192,8326,54799,28767,ITC,ITC4,3,Lombardia,Lombardia,10060574,4195641,41.7,0.83
1222,2021-03-11,LOM,36193,13460,22733,5876,3536,2192,6670,225,298,15634,9,1295,458,26296,9897,ITC,ITC4,3,Lombardia,Lombardia,10060574,4231834,42.06,0.36
1223,2021-01-11,LOM,16036,5329,10707,11823,3367,701,2,9,5,44,1,1,83,16036,0,ITC,ITC4,3,Lombardia,Lombardia,10060574,4247870,42.22,0.16
1224,2021-05-06,LOM,89221,42000,47221,2305,744,423,346,33157,17933,4679,24594,244,4796,73172,16049,ITC,ITC4,3,Lombardia,Lombardia,10060574,4337091,43.11,0.89
1225,2021-03-02,LOM,22822,9699,13123,3193,1455,2200,132,1113,378,11264,8,1848,1231,19788,3034,ITC,ITC4,3,Lombardia,Lombardia,10060574,4359913,43.34,0.23
1226,2021-04-07,LOM,50481,20858,29623,1737,1438,1187,2473,280,1911,36807,4204,68,376,34706,15775,ITC,ITC4,3,Lombardia,Lombardia,10060574,4410394,43.84,0.5
1227,2021-01-23,LOM,1114,357,757,644,259,138,0,8,6,1,0,0,58,916,198,ITC,ITC4,3,Lombardia,Lombardia,10060574,4411508,43.85,0.01
1228,2021-04-08,LOM,52201,21703,30498,2249,1365,925,1565,285,2256,37535,5455,69,497,35749,16452,ITC,ITC4,3,Lombardia,Lombardia,10060574,4463709,44.37,0.52
1229,2021-02-11,LOM,17042,5002,12040,9764,3335,3872,6,3,2,33,1,4,22,9698,7344,ITC,ITC4,3,Lombardia,Lombardia,10060574,4480751,44.54,0.17
1230,2021-04-29,LOM,115219,53487,61732,2099,756,629,413,30888,28553,24775,24751,303,2052,85521,29698,ITC,ITC4,3,Lombardia,Lombardia,10060574,4595970,45.68,1.15
1231,2021-01-14,LOM,26727,7770,18957,15204,5577,5458,2,34,14,249,3,1,185,26727,0,ITC,ITC4,3,Lombardia,Lombardia,10060574,4622697,45.95,0.27
1232,2021-05-12,LOM,86346,41306,45040,2442,762,433,364,30210,12352,2664,29253,1318,6548,59519,26827,ITC,ITC4,3,Lombardia,Lombardia,10060574,4709043,46.81,0.86
1233,2021-03-13,LOM,27118,9753,17365,3751,2789,264,8141,222,682,10340,15,639,275,21061,6057,ITC,ITC4,3,Lombardia,Lombardia,10060574,4736161,47.08,0.27
1234,2021-03-29,VEN,31388,13630,17758,634,427,518,447,934,5745,16996,3658,930,1099,27556,3832,ITH,ITH3,5,Veneto,Veneto,4905854,31388,0.64,0.64
1235,2021-03-09,VEN,16456,7377,9079,1354,353,749,2948,95,61,8545,687,1116,548,10141,6315,ITH,ITH3,5,Veneto,Veneto,4905854,47844,0.98,0.34
1236,2021-01-02,VEN,5742,1765,3977,4854,233,544,3,21,2,3,0,0,82,5742,0,ITH,ITH3,5,Veneto,Veneto,4905854,53586,1.09,0.12
1237,2021-03-15,VEN,16596,7261,9335,1390,772,430,1969,135,600,9249,1061,709,281,11379,5217,ITH,ITH3,5,Veneto,Veneto,4905854,70182,1.43,0.34
1238,2021-04-20,VEN,22374,9478,12896,550,120,519,155,808,4578,9816,5346,31,451,8380,13994,ITH,ITH3,5,Veneto,Veneto,4905854,92556,1.89,0.46
1239,2021-05-10,VEN,36055,16805,19250,556,872,110,4342,13932,2562,1073,3958,479,8171,26418,9637,ITH,ITH3,5,Veneto,Veneto,4905854,128611,2.62,0.73
1240,2021-02-05,VEN,8369,2534,5835,4451,1466,2163,14,63,21,8,1,6,176,1425,6944,ITH,ITH3,5,Veneto,Veneto,4905854,136980,2.79,0.17
1241,2021-04-23,VEN,31053,13774,17279,647,325,314,116,994,13534,7121,7151,38,813,22351,8702,ITH,ITH3,5,Veneto,Veneto,4905854,168033,3.43,0.63
1242,2021-01-07,VEN,8358,2318,6040,5565,858,1802,2,38,18,35,0,0,40,8358,0,ITH,ITH3,5,Veneto,Veneto,4905854,176391,3.6,0.17
1243,2021-03-18,VEN,12599,5133,7466,1685,482,495,856,100,140,7504,1056,36,245,7373,5226,ITH,ITH3,5,Veneto,Veneto,4905854,188990,3.85,0.26
1244,2021-02-26,VEN,8289,3267,5022,1803,550,747,315,55,30,4380,145,91,173,7037,1252,ITH,ITH3,5,Veneto,Veneto,4905854,197279,4.02,0.17
1245,2021-03-21,VEN,11984,4755,7229,1602,1131,42,2532,123,201,4244,1639,180,290,8522,3462,ITH,ITH3,5,Veneto,Veneto,4905854,209263,4.27,0.24
1246,2021-03-11,VEN,19694,8766,10928,1839,976,889,3689,171,72,9323,728,1287,720,14110,5584,ITH,ITH3,5,Veneto,Veneto,4905854,228957,4.67,0.4
1247,2021-01-13,VEN,5986,1607,4379,2889,1129,1889,2,19,6,3,2,1,46,5986,0,ITH,ITH3,5,Veneto,Veneto,4905854,234943,4.79,0.12
1248,2021-02-23,VEN,7373,3247,4126,1107,205,245,190,48,21,5342,49,69,97,7107,266,ITH,ITH3,5,Veneto,Veneto,4905854,242316,4.94,0.15
1249,2021-03-01,VEN,9388,3711,5677,2146,430,954,2526,99,21,2607,165,272,168,7567,1821,ITH,ITH3,5,Veneto,Veneto,4905854,251704,5.13,0.19
1250,2021-02-17,VEN,6022,2772,3250,424,158,361,4,19,11,4946,26,5,68,5928,94,ITH,ITH3,5,Veneto,Veneto,4905854,257726,5.25,0.12
1251,2021-03-06,VEN,10635,4320,6315,3561,570,1491,1328,58,26,1971,1274,168,188,7365,3270,ITH,ITH3,5,Veneto,Veneto,4905854,268361,5.47,0.22
1252,2021-02-16,VEN,6637,2870,3767,729,242,479,3,16,14,5020,35,2,97,6460,177,ITH,ITH3,5,Veneto,Veneto,4905854,274998,5.61,0.14
1253,2021-01-22,VEN,1080,332,748,962,52,57,3,1,0,0,0,0,5,25,1055,ITH,ITH3,5,Veneto,Veneto,4905854,276078,5.63,0.02
1254,2021-01-29,VEN,9017,2786,6231,6200,1230,1438,6,56,18,4,0,2,63,368,8649,ITH,ITH3,5,Veneto,Veneto,4905854,285095,5.81,0.18
1255,2021-05-07,VEN,47481,22759,24722,1417,708,281,288,21618,8623,2499,7426,90,4531,38983,8498,ITH,ITH3,5,Veneto,Veneto,4905854,332576,6.78,0.97
1256,2021-04-17,VEN,22339,9058,13281,821,217,129,86,485,3446,10311,6547,16,281,15055,7284,ITH,ITH3,5,Veneto,Veneto,4905854,354915,7.23,0.46
1257,2021-04-22,VEN,31816,13861,17955,678,299,378,111,1007,13103,9293,6052,45,850,16063,15753,ITH,ITH3,5,Veneto,Veneto,4905854,386731,7.88,0.65
1258,2021-03-03,VEN,12031,4591,7440,3356,664,1239,2344,92,41,3377,145,442,331,8537,3494,ITH,ITH3,5,Veneto,Veneto,4905854,398762,8.13,0.25
1259,2021-03-31,VEN,38515,16189,22326,1898,664,811,412,1205,9232,18495,4205,482,1111,31023,7492,ITH,ITH3,5,Veneto,Veneto,4905854,437277,8.91,0.79
1260,2021-02-28,VEN,4136,1389,2747,1741,942,15,15,19,1,992,301,76,34,3299,837,ITH,ITH3,5,Veneto,Veneto,4905854,441413,9.0,0.08
1261,2021-02-04,VEN,7323,2017,5306,3585,1102,2383,6,30,15,21,2,0,179,553,6770,ITH,ITH3,5,Veneto,Veneto,4905854,448736,9.15,0.15
1262,2021-03-10,VEN,18930,8634,10296,1566,794,561,4150,165,86,9047,653,1319,589,13246,5684,ITH,ITH3,5,Veneto,Veneto,4905854,467666,9.53,0.39
1263,2021-01-31,VEN,4768,1563,3205,3753,562,377,4,13,2,5,2,13,37,394,4374,ITH,ITH3,5,Veneto,Veneto,4905854,472434,9.63,0.1
1264,2021-02-21,VEN,4633,1209,3424,495,2,18,3695,0,0,417,0,2,4,4628,5,ITH,ITH3,5,Veneto,Veneto,4905854,477067,9.72,0.09
1265,2021-02-09,VEN,5246,1890,3356,3099,644,1270,6,32,10,21,1,1,162,3446,1800,ITH,ITH3,5,Veneto,Veneto,4905854,482313,9.83,0.11
1266,2021-01-26,VEN,6917,2091,4826,5364,522,977,5,7,3,0,0,1,38,153,6764,ITH,ITH3,5,Veneto,Veneto,4905854,489230,9.97,0.14
1267,2021-03-17,VEN,14641,5990,8651,2253,505,318,700,119,192,8777,1430,26,321,7847,6794,ITH,ITH3,5,Veneto,Veneto,4905854,503871,10.27,0.3
1268,2021-03-14,VEN,15165,5934,9231,3410,1102,100,3661,145,1441,3750,996,276,284,14271,894,ITH,ITH3,5,Veneto,Veneto,4905854,519036,10.58,0.31
1269,2021-01-09,VEN,7928,2538,5390,5245,978,1573,6,34,4,3,23,12,50,7928,0,ITH,ITH3,5,Veneto,Veneto,4905854,526964,10.74,0.16
1270,2021-04-13,VEN,13991,6309,7682,751,175,300,66,330,2265,5162,4535,26,381,8515,5476,ITH,ITH3,5,Veneto,Veneto,4905854,540955,11.03,0.29
1271,2021-02-07,VEN,2315,862,1453,1974,238,50,2,12,3,2,0,7,27,714,1601,ITH,ITH3,5,Veneto,Veneto,4905854,543270,11.07,0.05
1272,2021-01-04,VEN,6735,2033,4702,5341,426,912,6,12,2,1,0,0,35,6735,0,ITH,ITH3,5,Veneto,Veneto,4905854,550005,11.21,0.14
1273,2021-01-18,VEN,2763,777,1986,1224,478,992,1,11,4,8,0,1,44,2564,199,ITH,ITH3,5,Veneto,Veneto,4905854,552768,11.27,0.06
1274,2020-12-30,VEN,699,245,454,598,52,39,2,0,0,0,0,0,8,699,0,ITH,ITH3,5,Veneto,Veneto,4905854,553467,11.28,0.01
1275,2021-03-12,VEN,18554,8114,10440,2138,1284,755,3511,184,117,8049,861,1009,646,11808,6746,ITH,ITH3,5,Veneto,Veneto,4905854,572021,11.66,0.38
1276,2020-12-31,VEN,3219,1042,2177,2787,94,252,2,23,0,0,0,0,61,3219,0,ITH,ITH3,5,Veneto,Veneto,4905854,575240,11.73,0.07
1277,2021-02-01,VEN,8557,2500,6057,4422,1543,2136,10,64,25,267,0,0,90,161,8396,ITH,ITH3,5,Veneto,Veneto,4905854,583797,11.9,0.17
1278,2021-01-19,VEN,1309,472,837,726,218,326,0,5,3,7,1,0,23,1159,150,ITH,ITH3,5,Veneto,Veneto,4905854,585106,11.93,0.03
1279,2021-04-05,VEN,19135,8367,10768,661,392,327,176,332,9869,5510,1712,22,134,13694,5441,ITH,ITH3,5,Veneto,Veneto,4905854,604241,12.32,0.39
1280,2021-01-03,VEN,5158,1563,3595,4608,255,249,2,8,1,0,0,0,35,5158,0,ITH,ITH3,5,Veneto,Veneto,4905854,609399,12.42,0.11
1281,2021-05-04,VEN,42547,20155,22392,524,145,106,2370,21909,6905,1569,6498,47,2474,34575,7972,ITH,ITH3,5,Veneto,Veneto,4905854,651946,13.29,0.87
1282,2021-01-21,VEN,2291,719,1572,2052,74,141,3,10,0,0,0,0,11,21,2270,ITH,ITH3,5,Veneto,Veneto,4905854,654237,13.34,0.05
1283,2021-03-30,VEN,35858,15218,20640,869,406,589,478,1474,8618,16803,4769,563,1289,30609,5249,ITH,ITH3,5,Veneto,Veneto,4905854,690095,14.07,0.73
1284,2021-02-03,VEN,5935,1662,4273,2948,1142,1750,6,20,7,3,4,0,55,480,5455,ITH,ITH3,5,Veneto,Veneto,4905854,696030,14.19,0.12
1285,2021-01-30,VEN,8746,2672,6074,6335,1030,1235,9,47,4,4,3,13,66,693,8053,ITH,ITH3,5,Veneto,Veneto,4905854,704776,14.37,0.18
1286,2021-02-13,VEN,3269,1475,1794,1592,198,1438,1,10,4,3,1,1,21,3249,20,ITH,ITH3,5,Veneto,Veneto,4905854,708045,14.43,0.07
1287,2021-05-01,VEN,38642,18147,20495,491,180,43,274,18979,6451,4341,6053,36,1794,29750,8892,ITH,ITH3,5,Veneto,Veneto,4905854,746687,15.22,0.79
1288,2021-02-06,VEN,4093,1353,2740,3098,542,367,4,17,5,3,0,1,56,709,3384,ITH,ITH3,5,Veneto,Veneto,4905854,750780,15.3,0.08
1289,2021-01-24,VEN,4117,1219,2898,3764,94,222,4,2,1,1,1,0,28,28,4089,ITH,ITH3,5,Veneto,Veneto,4905854,754897,15.39,0.08
1290,2021-04-16,VEN,24378,10467,13911,747,305,443,125,512,5884,9992,5814,35,521,12483,11895,ITH,ITH3,5,Veneto,Veneto,4905854,779275,15.88,0.5
1291,2021-03-23,VEN,22141,10185,11956,1303,1131,678,2867,257,5281,6685,2363,1047,529,17423,4718,ITH,ITH3,5,Veneto,Veneto,4905854,801416,16.34,0.45
1292,2021-03-22,VEN,18088,8133,9955,1478,1155,549,2495,204,2766,6699,1616,783,343,13045,5043,ITH,ITH3,5,Veneto,Veneto,4905854,819504,16.7,0.37
1293,2021-03-24,VEN,22019,9504,12515,1215,1051,807,3108,249,1506,10423,2228,970,462,15211,6808,ITH,ITH3,5,Veneto,Veneto,4905854,841523,17.15,0.45
1294,2021-04-10,VEN,27413,11956,15457,592,315,407,115,405,9479,10752,5014,15,319,18935,8478,ITH,ITH3,5,Veneto,Veneto,4905854,868936,17.71,0.56
1295,2021-04-02,VEN,23960,10547,13413,1214,510,382,299,474,7242,9629,3576,210,424,17630,6330,ITH,ITH3,5,Veneto,Veneto,4905854,892896,18.2,0.49
1296,2021-04-19,VEN,21530,8920,12610,967,186,287,202,531,3097,11462,4449,22,327,5112,16418,ITH,ITH3,5,Veneto,Veneto,4905854,914426,18.64,0.44
1297,2021-05-06,VEN,46274,21710,24564,640,227,306,1860,25317,6524,2423,6175,117,2685,37909,8365,ITH,ITH3,5,Veneto,Veneto,4905854,960700,19.58,0.94
1298,2021-02-08,VEN,4973,1539,3434,2822,785,1178,4,34,8,12,1,0,129,1928,3045,ITH,ITH3,5,Veneto,Veneto,4905854,965673,19.68,0.1
1299,2021-02-22,VEN,7013,3041,3972,758,138,362,244,22,15,5401,40,1,32,6626,387,ITH,ITH3,5,Veneto,Veneto,4905854,972686,19.83,0.14
1300,2021-05-08,VEN,41010,18573,22437,876,223,18,2412,17921,4196,4841,5295,253,4975,29238,11772,ITH,ITH3,5,Veneto,Veneto,4905854,1013696,20.66,0.84
1301,2021-03-04,VEN,12907,4821,8086,3218,853,1422,2833,83,56,3415,318,472,237,9441,3466,ITH,ITH3,5,Veneto,Veneto,4905854,1026603,20.93,0.26
1302,2021-05-12,VEN,35688,17244,18444,619,200,193,468,11864,3742,1087,3331,134,14050,30802,4886,ITH,ITH3,5,Veneto,Veneto,4905854,1062291,21.65,0.73
1303,2021-04-29,VEN,50103,23316,26787,656,219,438,217,22191,10645,5660,7936,161,1980,36911,13192,ITH,ITH3,5,Veneto,Veneto,4905854,1112394,22.67,1.02
1304,2021-01-01,VEN,1527,471,1056,1513,7,1,3,0,0,0,0,0,3,1527,0,ITH,ITH3,5,Veneto,Veneto,4905854,1113921,22.71,0.03
1305,2021-01-27,VEN,7138,2063,5075,5406,721,879,9,79,23,2,0,0,19,243,6895,ITH,ITH3,5,Veneto,Veneto,4905854,1121059,22.85,0.15
1306,2021-04-18,VEN,17519,7255,10264,521,158,69,110,369,2318,7345,6383,14,232,9945,7574,ITH,ITH3,5,Veneto,Veneto,4905854,1138578,23.21,0.36
1307,2021-04-27,VEN,28055,12731,15324,864,227,286,75,2983,13414,4552,4993,47,614,21128,6927,ITH,ITH3,5,Veneto,Veneto,4905854,1166633,23.78,0.57
1308,2020-12-27,VEN,880,395,485,875,1,0,1,0,1,0,0,0,2,880,0,ITH,ITH3,5,Veneto,Veneto,4905854,1167513,23.8,0.02
1309,2021-01-05,VEN,7330,2182,5148,5457,662,1123,5,20,2,1,0,2,58,7330,0,ITH,ITH3,5,Veneto,Veneto,4905854,1174843,23.95,0.15
1310,2021-01-20,VEN,1038,368,670,695,116,213,1,4,1,2,0,0,6,386,652,ITH,ITH3,5,Veneto,Veneto,4905854,1175881,23.97,0.02
1311,2021-02-02,VEN,6411,1847,4564,2999,1136,2000,3,22,6,153,6,0,86,392,6019,ITH,ITH3,5,Veneto,Veneto,4905854,1182292,24.1,0.13
1312,2021-04-03,VEN,21875,9594,12281,1871,299,150,131,365,6139,8255,4137,31,497,14158,7717,ITH,ITH3,5,Veneto,Veneto,4905854,1204167,24.55,0.45
1313,2021-01-28,VEN,9208,2662,6546,6585,1080,1451,5,37,2,7,2,0,39,173,9035,ITH,ITH3,5,Veneto,Veneto,4905854,1213375,24.73,0.19
1314,2021-04-21,VEN,32235,13147,19088,997,306,398,123,649,10531,13390,5307,16,518,16166,16069,ITH,ITH3,5,Veneto,Veneto,4905854,1245610,25.39,0.66
1315,2021-04-08,VEN,32284,14332,17952,1159,389,592,443,838,11145,10108,6996,121,493,24408,7876,ITH,ITH3,5,Veneto,Veneto,4905854,1277894,26.05,0.66
1316,2021-05-05,VEN,43650,20952,22698,459,193,136,853,21529,10228,1524,6053,45,2630,37169,6481,ITH,ITH3,5,Veneto,Veneto,4905854,1321544,26.94,0.89
1317,2021-05-09,VEN,34806,15988,18818,427,499,15,1890,14611,2985,3102,6232,97,4948,24790,10016,ITH,ITH3,5,Veneto,Veneto,4905854,1356350,27.65,0.71
1318,2021-01-10,VEN,5032,1671,3361,3893,565,462,1,9,2,4,0,2,94,5032,0,ITH,ITH3,5,Veneto,Veneto,4905854,1361382,27.75,0.1
1319,2021-04-24,VEN,24669,10799,13870,605,263,106,62,620,10467,7082,4858,17,589,15599,9070,ITH,ITH3,5,Veneto,Veneto,4905854,1386051,28.25,0.5
1320,2021-02-18,VEN,5828,2455,3373,976,265,667,8,32,15,3797,4,1,63,5764,64,ITH,ITH3,5,Veneto,Veneto,4905854,1391879,28.37,0.12
1321,2021-02-27,VEN,8989,2693,6296,2322,180,65,4150,35,14,1964,32,86,141,8139,850,ITH,ITH3,5,Veneto,Veneto,4905854,1400868,28.56,0.18
1322,2021-05-11,VEN,32545,16234,16311,300,180,85,436,11899,3576,873,3852,106,11238,28022,4523,ITH,ITH3,5,Veneto,Veneto,4905854,1433413,29.22,0.66
1323,2021-04-04,VEN,7776,3531,4245,24,40,1,13,127,4953,1318,1258,2,40,6625,1151,ITH,ITH3,5,Veneto,Veneto,4905854,1441189,29.38,0.16
1324,2021-03-16,VEN,12488,5346,7142,1481,385,486,129,123,112,7720,1769,21,262,6873,5615,ITH,ITH3,5,Veneto,Veneto,4905854,1453677,29.63,0.25
1325,2021-02-25,VEN,7899,3339,4560,1548,342,476,298,33,35,4936,21,109,101,7294,605,ITH,ITH3,5,Veneto,Veneto,4905854,1461576,29.79,0.16
1326,2021-03-26,VEN,29494,13075,16419,1296,1753,1232,1922,445,8142,9812,3173,986,733,24028,5466,ITH,ITH3,5,Veneto,Veneto,4905854,1491070,30.39,0.6
1327,2021-02-19,VEN,7322,3141,4181,1561,573,665,9,33,17,4366,5,4,89,7119,203,ITH,ITH3,5,Veneto,Veneto,4905854,1498392,30.54,0.15
1328,2021-01-06,VEN,8131,2385,5746,6514,672,808,10,72,24,2,2,2,25,8131,0,ITH,ITH3,5,Veneto,Veneto,4905854,1506523,30.71,0.17
1329,2021-01-08,VEN,9405,2836,6569,6133,1323,1807,12,59,18,4,1,1,47,9405,0,ITH,ITH3,5,Veneto,Veneto,4905854,1515928,30.9,0.19
1330,2021-02-14,VEN,125,56,69,97,22,0,0,1,0,0,0,0,5,112,13,ITH,ITH3,5,Veneto,Veneto,4905854,1516053,30.9,0.0
1331,2021-04-28,VEN,32312,15129,17183,695,245,598,95,4536,15702,2796,6494,36,1115,23290,9022,ITH,ITH3,5,Veneto,Veneto,4905854,1548365,31.56,0.66
1332,2021-05-03,VEN,40423,19693,20730,320,129,101,714,22003,6070,1648,6871,29,2538,34011,6412,ITH,ITH3,5,Veneto,Veneto,4905854,1588788,32.39,0.82
1333,2021-05-13,VEN,43226,21339,21887,495,226,87,565,10018,7036,1102,3723,110,19864,33607,9619,ITH,ITH3,5,Veneto,Veneto,4905854,1632014,33.27,0.88
1334,2021-01-16,VEN,4606,1541,3065,3196,670,657,0,13,6,0,0,1,63,4606,0,ITH,ITH3,5,Veneto,Veneto,4905854,1636620,33.36,0.09
1335,2021-03-20,VEN,12940,5341,7599,710,269,320,2412,137,1615,4728,2100,219,430,10843,2097,ITH,ITH3,5,Veneto,Veneto,4905854,1649560,33.62,0.26
1336,2021-03-19,VEN,13790,5668,8122,2161,862,516,727,145,127,7564,1254,55,379,7697,6093,ITH,ITH3,5,Veneto,Veneto,4905854,1663350,33.91,0.28
1337,2021-05-14,VEN,45288,21601,23687,500,204,163,937,7159,11523,3541,5353,122,15786,25125,20163,ITH,ITH3,5,Veneto,Veneto,4905854,1708638,34.83,0.92
1338,2021-04-26,VEN,20656,9428,11228,463,157,122,87,876,10639,3007,4646,49,610,15501,5155,ITH,ITH3,5,Veneto,Veneto,4905854,1729294,35.25,0.42
1339,2021-04-06,VEN,28839,13254,15585,444,203,388,106,514,16774,5347,4772,69,222,23766,5073,ITH,ITH3,5,Veneto,Veneto,4905854,1758133,35.84,0.59
1340,2021-04-01,VEN,25031,10981,14050,1057,604,600,162,635,7182,9819,4156,291,525,18647,6384,ITH,ITH3,5,Veneto,Veneto,4905854,1783164,36.35,0.51
1341,2021-01-17,VEN,1933,781,1152,1589,193,120,2,3,1,3,0,0,22,1584,349,ITH,ITH3,5,Veneto,Veneto,4905854,1785097,36.39,0.04
1342,2021-02-24,VEN,8613,3678,4935,1592,417,521,14,34,28,5591,41,273,102,8129,484,ITH,ITH3,5,Veneto,Veneto,4905854,1793710,36.56,0.18
1343,2021-04-25,VEN,18293,8139,10154,354,94,112,59,406,9072,4043,3914,4,235,13461,4832,ITH,ITH3,5,Veneto,Veneto,4905854,1812003,36.94,0.37
1344,2021-03-28,VEN,31247,13584,17663,1467,1447,172,2445,1125,8567,9241,3872,56,2855,27613,3634,ITH,ITH3,5,Veneto,Veneto,4905854,1843250,37.57,0.64
1345,2021-02-12,VEN,4313,1447,2866,2770,441,692,8,39,14,6,0,4,339,3741,572,ITH,ITH3,5,Veneto,Veneto,4905854,1847563,37.66,0.09
1346,2021-01-25,VEN,6468,2075,4393,5137,377,904,2,10,2,6,0,0,30,160,6308,ITH,ITH3,5,Veneto,Veneto,4905854,1854031,37.79,0.13
1347,2021-03-05,VEN,13283,4978,8305,3645,691,1468,2979,100,50,3090,475,353,432,9623,3660,ITH,ITH3,5,Veneto,Veneto,4905854,1867314,38.06,0.27
1348,2021-05-16,VEN,28240,13930,14310,412,185,37,240,6037,5285,616,3345,28,12055,21203,7037,ITH,ITH3,5,Veneto,Veneto,4905854,1895554,38.64,0.58
1349,2021-01-11,VEN,7238,2101,5137,3687,1161,1958,8,55,22,254,6,0,87,7238,0,ITH,ITH3,5,Veneto,Veneto,4905854,1902792,38.79,0.15
1350,2021-01-15,VEN,5864,1819,4045,3124,992,1569,4,45,18,9,0,5,98,5864,0,ITH,ITH3,5,Veneto,Veneto,4905854,1908656,38.91,0.12
1351,2021-04-12,VEN,14897,6333,8564,698,121,122,940,274,2086,6047,4323,19,267,6682,8215,ITH,ITH3,5,Veneto,Veneto,4905854,1923553,39.21,0.3
1352,2021-03-08,VEN,13545,6192,7353,719,243,401,2948,70,54,7168,475,1149,318,9476,4069,ITH,ITH3,5,Veneto,Veneto,4905854,1937098,39.49,0.28
1353,2021-04-15,VEN,20798,8582,12216,768,256,493,688,413,3896,8824,5002,8,450,9999,10799,ITH,ITH3,5,Veneto,Veneto,4905854,1957896,39.91,0.42
1354,2021-04-30,VEN,49752,23384,26368,652,320,465,243,20428,10632,5580,9221,102,2109,34101,15651,ITH,ITH3,5,Veneto,Veneto,4905854,2007648,40.92,1.01
1355,2021-04-11,VEN,20979,8863,12116,1896,137,83,345,313,4326,8113,5486,11,269,14673,6306,ITH,ITH3,5,Veneto,Veneto,4905854,2028627,41.35,0.43
1356,2021-05-02,VEN,37112,17201,19911,697,175,21,534,17998,4827,4507,6539,21,1793,26782,10330,ITH,ITH3,5,Veneto,Veneto,4905854,2065739,42.11,0.76
1357,2021-01-14,VEN,7061,1923,5138,3350,1066,2489,4,23,7,17,1,0,104,7061,0,ITH,ITH3,5,Veneto,Veneto,4905854,2072800,42.25,0.14
1358,2021-04-07,VEN,35834,16083,19751,2017,688,757,358,930,18242,5564,6048,118,1112,28503,7331,ITH,ITH3,5,Veneto,Veneto,4905854,2108634,42.98,0.73
1359,2021-04-14,VEN,15847,6872,8975,816,266,184,138,384,3680,5537,4428,24,390,9220,6627,ITH,ITH3,5,Veneto,Veneto,4905854,2124481,43.31,0.32
1360,2021-02-11,VEN,4013,1239,2774,2661,390,804,8,17,8,10,6,2,107,3385,628,ITH,ITH3,5,Veneto,Veneto,4905854,2128494,43.39,0.08
1361,2021-01-12,VEN,5230,1516,3714,2275,856,1753,5,23,16,176,2,0,124,5230,0,ITH,ITH3,5,Veneto,Veneto,4905854,2133724,43.49,0.11
1362,2021-03-02,VEN,11476,4617,6859,2943,791,1198,1871,83,33,3290,465,468,334,8171,3305,ITH,ITH3,5,Veneto,Veneto,4905854,2145200,43.73,0.23
1363,2021-01-23,VEN,4051,1246,2805,3424,173,436,3,3,2,1,1,0,8,33,4018,ITH,ITH3,5,Veneto,Veneto,4905854,2149251,43.81,0.08
1364,2021-04-09,VEN,31087,13690,17397,1754,915,609,199,894,8495,9862,7303,97,959,22752,8335,ITH,ITH3,5,Veneto,Veneto,4905854,2180338,44.44,0.63
1365,2021-03-07,VEN,4473,1755,2718,1911,196,26,832,22,7,982,388,49,60,3912,561,ITH,ITH3,5,Veneto,Veneto,4905854,2184811,44.53,0.09
1366,2021-05-15,VEN,35446,17149,18297,557,189,45,1574,7048,4170,1669,4666,25,15503,25683,9763,ITH,ITH3,5,Veneto,Veneto,4905854,2220257,45.26,0.72
1367,2021-03-27,VEN,32048,13990,18058,2285,1677,197,1581,632,7030,12304,4041,222,2079,26242,5806,ITH,ITH3,5,Veneto,Veneto,4905854,2252305,45.91,0.65
1368,2021-03-13,VEN,17175,7256,9919,2682,1720,109,4041,256,210,4814,2104,462,777,14041,3134,ITH,ITH3,5,Veneto,Veneto,4905854,2269480,46.26,0.35
1369,2021-02-10,VEN,4750,1587,3163,3175,551,783,2,43,19,6,1,0,170,3697,1053,ITH,ITH3,5,Veneto,Veneto,4905854,2274230,46.36,0.1
1370,2021-02-15,VEN,4386,1821,2565,486,84,383,2,18,9,3272,55,14,63,4146,240,ITH,ITH3,5,Veneto,Veneto,4905854,2278616,46.45,0.09
1371,2021-03-25,VEN,25825,10946,14879,1536,1436,1020,2262,332,5620,9923,2252,842,602,19703,6122,ITH,ITH3,5,Veneto,Veneto,4905854,2304441,46.97,0.53
1372,2021-02-20,VEN,6424,2015,4409,1905,114,100,3245,30,11,968,3,6,42,6354,70,ITH,ITH3,5,Veneto,Veneto,4905854,2310865,47.1,0.13
1373,2021-04-07,FVG,7504,3326,4178,340,299,114,34,5,2713,2098,1881,13,7,6719,785,ITH,ITH4,6,Friuli-Venezia Giulia,Friuli Venezia Giulia,1215220,7504,0.62,0.62
1374,2021-02-27,FVG,3521,1201,2320,203,140,4,1598,1,0,1523,27,25,0,3520,1,ITH,ITH4,6,Friuli-Venezia Giulia,Friuli Venezia Giulia,1215220,11025,0.91,0.29
1375,2021-05-11,FVG,8389,4002,4387,110,68,8,567,2821,948,811,2399,43,614,6653,1736,ITH,ITH4,6,Friuli-Venezia Giulia,Friuli Venezia Giulia,1215220,19414,1.6,0.69
1376,2021-01-02,FVG,1217,471,746,1150,67,0,0,0,0,0,0,0,0,1217,0,ITH,ITH4,6,Friuli-Venezia Giulia,Friuli Venezia Giulia,1215220,20631,1.7,0.1
1377,2021-01-24,FVG,305,119,186,277,27,1,0,0,0,0,0,0,0,1,304,ITH,ITH4,6,Friuli-Venezia Giulia,Friuli Venezia Giulia,1215220,20936,1.72,0.03
1378,2021-01-14,FVG,2588,789,1799,1608,550,430,0,0,0,0,0,0,0,2588,0,ITH,ITH4,6,Friuli-Venezia Giulia,Friuli Venezia Giulia,1215220,23524,1.94,0.21
1379,2021-01-07,FVG,2092,718,1374,1760,222,110,0,0,0,0,0,0,0,2092,0,ITH,ITH4,6,Friuli-Venezia Giulia,Friuli Venezia Giulia,1215220,25616,2.11,0.17
1380,2021-04-28,FVG,7232,3190,4042,256,131,39,4,357,2051,1826,2525,3,40,3760,3472,ITH,ITH4,6,Friuli-Venezia Giulia,Friuli Venezia Giulia,1215220,32848,2.7,0.6
1381,2021-03-04,FVG,3429,1592,1837,360,216,96,402,1,1,1815,33,505,0,2786,643,ITH,ITH4,6,Friuli-Venezia Giulia,Friuli Venezia Giulia,1215220,36277,2.99,0.28
1382,2021-01-08,FVG,2322,747,1575,1680,242,396,0,1,0,0,0,0,3,2322,0,ITH,ITH4,6,Friuli-Venezia Giulia,Friuli Venezia Giulia,1215220,38599,3.18,0.19
1383,2021-04-19,FVG,6707,3131,3576,194,155,38,29,263,1103,1762,3151,2,10,3295,3412,ITH,ITH4,6,Friuli-Venezia Giulia,Friuli Venezia Giulia,1215220,45306,3.73,0.55
1384,2021-03-26,FVG,5807,2429,3378,500,214,234,752,22,651,2050,1264,88,32,3792,2015,ITH,ITH4,6,Friuli-Venezia Giulia,Friuli Venezia Giulia,1215220,51113,4.21,0.48
1385,2021-02-19,FVG,3255,1290,1965,568,309,316,426,0,0,1589,11,35,1,2826,429,ITH,ITH4,6,Friuli-Venezia Giulia,Friuli Venezia Giulia,1215220,54368,4.47,0.27
1386,2021-02-18,FVG,3217,1492,1725,229,122,331,983,0,0,1502,16,34,0,2811,406,ITH,ITH4,6,Friuli-Venezia Giulia,Friuli Venezia Giulia,1215220,57585,4.74,0.26
1387,2021-05-12,FVG,10185,4700,5485,129,76,31,444,2857,1831,483,3614,28,692,8911,1274,ITH,ITH4,6,Friuli-Venezia Giulia,Friuli Venezia Giulia,1215220,67770,5.58,0.84
1388,2021-02-20,FVG,2068,933,1135,11,1,148,306,0,2,1584,16,0,0,1924,144,ITH,ITH4,6,Friuli-Venezia Giulia,Friuli Venezia Giulia,1215220,69838,5.75,0.17
1389,2021-02-08,FVG,2357,694,1663,1401,521,435,0,0,0,0,0,0,0,92,2265,ITH,ITH4,6,Friuli-Venezia Giulia,Friuli Venezia Giulia,1215220,72195,5.94,0.19
1390,2021-01-27,FVG,1272,425,847,851,357,64,0,0,0,0,0,0,0,450,822,ITH,ITH4,6,Friuli-Venezia Giulia,Friuli Venezia Giulia,1215220,73467,6.05,0.1
1391,2021-03-12,FVG,3943,1545,2398,178,63,47,589,1,5,2865,93,101,1,2562,1381,ITH,ITH4,6,Friuli-Venezia Giulia,Friuli Venezia Giulia,1215220,77410,6.37,0.32
1392,2021-02-13,FVG,567,179,388,337,230,0,0,0,0,0,0,0,0,561,6,ITH,ITH4,6,Friuli-Venezia Giulia,Friuli Venezia Giulia,1215220,77977,6.42,0.05
1393,2021-02-01,FVG,2097,688,1409,1590,372,135,0,0,0,0,0,0,0,16,2081,ITH,ITH4,6,Friuli-Venezia Giulia,Friuli Venezia Giulia,1215220,80074,6.59,0.17
1394,2021-01-18,FVG,1962,607,1355,1360,492,110,0,0,0,0,0,0,0,1868,94,ITH,ITH4,6,Friuli-Venezia Giulia,Friuli Venezia Giulia,1215220,82036,6.75,0.16
1395,2021-04-30,FVG,7251,3188,4063,336,238,65,8,324,1141,1732,3361,2,44,3642,3609,ITH,ITH4,6,Friuli-Venezia Giulia,Friuli Venezia Giulia,1215220,89287,7.35,0.6
1396,2021-02-12,FVG,1200,428,772,674,392,128,1,0,1,2,1,0,1,1150,50,ITH,ITH4,6,Friuli-Venezia Giulia,Friuli Venezia Giulia,1215220,90487,7.45,0.1
1397,2021-04-15,FVG,6491,2860,3631,222,66,83,6,250,1119,1957,2766,1,21,5218,1273,ITH,ITH4,6,Friuli-Venezia Giulia,Friuli Venezia Giulia,1215220,96978,7.98,0.53
1398,2021-03-08,FVG,4065,1594,2471,694,513,140,436,0,7,2190,22,63,0,1977,2088,ITH,ITH4,6,Friuli-Venezia Giulia,Friuli Venezia Giulia,1215220,101043,8.31,0.33
1399,2021-05-04,FVG,9467,4270,5197,262,97,25,13,513,1597,1550,5397,6,7,6135,3332,ITH,ITH4,6,Friuli-Venezia Giulia,Friuli Venezia Giulia,1215220,110510,9.09,0.78
1400,2021-05-16,FVG,8149,3907,4242,205,59,11,519,1903,732,68,1961,346,2345,6819,1330,ITH,ITH4,6,Friuli-Venezia Giulia,Friuli Venezia Giulia,1215220,118659,9.76,0.67
1401,2021-03-01,FVG,2960,1042,1918,93,81,176,951,1,1,1636,17,4,0,2907,53,ITH,ITH4,6,Friuli-Venezia Giulia,Friuli Venezia Giulia,1215220,121619,10.01,0.24
1402,2021-04-10,FVG,4990,2162,2828,157,187,82,77,28,732,2087,1603,15,22,3765,1225,ITH,ITH4,6,Friuli-Venezia Giulia,Friuli Venezia Giulia,1215220,126609,10.42,0.41
1403,2021-01-29,FVG,2414,814,1600,1856,321,237,0,0,0,0,0,0,0,264,2150,ITH,ITH4,6,Friuli-Venezia Giulia,Friuli Venezia Giulia,1215220,129023,10.62,0.2
1404,2021-03-22,FVG,3545,1345,2200,151,88,206,464,0,1,2471,155,6,3,1589,1956,ITH,ITH4,6,Friuli-Venezia Giulia,Friuli Venezia Giulia,1215220,132568,10.91,0.29
1405,2021-03-31,FVG,8039,3503,4536,170,108,296,878,5,2336,2163,1969,112,2,7190,849,ITH,ITH4,6,Friuli-Venezia Giulia,Friuli Venezia Giulia,1215220,140607,11.57,0.66
1406,2021-04-02,FVG,6580,2918,3662,370,243,84,3,1,609,3137,2093,15,25,4744,1836,ITH,ITH4,6,Friuli-Venezia Giulia,Friuli Venezia Giulia,1215220,147187,12.11,0.54
1407,2021-05-06,FVG,11181,5172,6009,261,138,41,420,1335,1542,1595,5830,14,5,7295,3886,ITH,ITH4,6,Friuli-Venezia Giulia,Friuli Venezia Giulia,1215220,158368,13.03,0.92
1408,2021-02-22,FVG,2493,1196,1297,431,312,115,5,1,0,1369,14,246,0,2075,418,ITH,ITH4,6,Friuli-Venezia Giulia,Friuli Venezia Giulia,1215220,160861,13.24,0.21
1409,2021-02-28,FVG,2678,996,1682,234,162,0,1494,0,0,405,1,382,0,2283,395,ITH,ITH4,6,Friuli-Venezia Giulia,Friuli Venezia Giulia,1215220,163539,13.46,0.22
1410,2021-02-25,FVG,3077,1609,1468,23,5,299,744,0,1,1557,12,436,0,3052,25,ITH,ITH4,6,Friuli-Venezia Giulia,Friuli Venezia Giulia,1215220,166616,13.71,0.25
1411,2021-02-21,FVG,800,281,519,213,166,27,1,0,0,382,10,1,0,423,377,ITH,ITH4,6,Friuli-Venezia Giulia,Friuli Venezia Giulia,1215220,167416,13.78,0.07
1412,2021-04-29,FVG,6655,2924,3731,350,146,6,7,391,1207,1472,2994,25,57,4136,2519,ITH,ITH4,6,Friuli-Venezia Giulia,Friuli Venezia Giulia,1215220,174071,14.32,0.55
1413,2021-03-15,FVG,3765,1637,2128,329,256,180,234,1,1,2426,101,237,0,1445,2320,ITH,ITH4,6,Friuli-Venezia Giulia,Friuli Venezia Giulia,1215220,177836,14.63,0.31
1414,2021-04-03,FVG,3986,1971,2015,37,580,4,150,3,3,2249,920,36,4,2657,1329,ITH,ITH4,6,Friuli-Venezia Giulia,Friuli Venezia Giulia,1215220,181822,14.96,0.33
1415,2021-01-04,FVG,1510,559,951,1392,118,0,0,0,0,0,0,0,0,1510,0,ITH,ITH4,6,Friuli-Venezia Giulia,Friuli Venezia Giulia,1215220,183332,15.09,0.12
1416,2021-01-19,FVG,7,2,5,5,0,2,0,0,0,0,0,0,0,7,0,ITH,ITH4,6,Friuli-Venezia Giulia,Friuli Venezia Giulia,1215220,183339,15.09,0.0
1417,2021-04-05,FVG,2869,1427,1442,34,222,13,121,3,607,468,1374,27,0,2853,16,ITH,ITH4,6,Friuli-Venezia Giulia,Friuli Venezia Giulia,1215220,186208,15.32,0.24
1418,2020-12-30,FVG,630,246,384,601,29,0,0,0,0,0,0,0,0,630,0,ITH,ITH4,6,Friuli-Venezia Giulia,Friuli Venezia Giulia,1215220,186838,15.37,0.05
1419,2021-04-27,FVG,8064,3697,4367,295,287,29,2,583,1875,2116,2836,1,40,3601,4463,ITH,ITH4,6,Friuli-Venezia Giulia,Friuli Venezia Giulia,1215220,194902,16.04,0.66
1420,2020-12-31,FVG,1053,384,669,1011,42,0,0,0,0,0,0,0,0,1053,0,ITH,ITH4,6,Friuli-Venezia Giulia,Friuli Venezia Giulia,1215220,195955,16.13,0.09
1421,2021-02-07,FVG,1563,484,1079,867,694,2,0,0,0,0,0,0,0,386,1177,ITH,ITH4,6,Friuli-Venezia Giulia,Friuli Venezia Giulia,1215220,197518,16.25,0.13
1422,2021-04-13,FVG,7372,3292,4080,349,308,189,23,245,2203,2235,1793,12,15,5765,1607,ITH,ITH4,6,Friuli-Venezia Giulia,Friuli Venezia Giulia,1215220,204890,16.86,0.61
1423,2021-02-03,FVG,2647,791,1856,1702,558,386,0,0,0,1,0,0,0,23,2624,ITH,ITH4,6,Friuli-Venezia Giulia,Friuli Venezia Giulia,1215220,207537,17.08,0.22
1424,2021-01-30,FVG,2273,744,1529,1476,355,442,0,0,0,0,0,0,0,270,2003,ITH,ITH4,6,Friuli-Venezia Giulia,Friuli Venezia Giulia,1215220,209810,17.27,0.19
1425,2021-04-23,FVG,7453,3366,4087,301,138,53,8,418,1198,2203,3101,4,29,3596,3857,ITH,ITH4,6,Friuli-Venezia Giulia,Friuli Venezia Giulia,1215220,217263,17.88,0.61
1426,2021-01-03,FVG,312,122,190,285,26,1,0,0,0,0,0,0,0,312,0,ITH,ITH4,6,Friuli-Venezia Giulia,Friuli Venezia Giulia,1215220,217575,17.9,0.03
1427,2021-02-05,FVG,2614,785,1829,1613,511,490,0,0,0,0,0,0,0,90,2524,ITH,ITH4,6,Friuli-Venezia Giulia,Friuli Venezia Giulia,1215220,220189,18.12,0.22
1428,2021-05-05,FVG,9638,4200,5438,294,171,40,14,1373,1756,1228,4752,2,8,6207,3431,ITH,ITH4,6,Friuli-Venezia Giulia,Friuli Venezia Giulia,1215220,229827,18.91,0.79
1429,2021-03-30,FVG,7098,3145,3953,422,335,405,139,14,2004,1937,1786,53,3,6176,922,ITH,ITH4,6,Friuli-Venezia Giulia,Friuli Venezia Giulia,1215220,236925,19.5,0.58
1430,2021-01-10,FVG,2941,919,2022,1745,951,245,0,0,0,0,0,0,0,2941,0,ITH,ITH4,6,Friuli-Venezia Giulia,Friuli Venezia Giulia,1215220,239866,19.74,0.24
1431,2021-01-13,FVG,2651,834,1817,1822,599,230,0,0,0,0,0,0,0,2651,0,ITH,ITH4,6,Friuli-Venezia Giulia,Friuli Venezia Giulia,1215220,242517,19.96,0.22
1432,2021-05-03,FVG,7146,3255,3891,228,185,58,11,316,1354,1254,3705,10,25,3377,3769,ITH,ITH4,6,Friuli-Venezia Giulia,Friuli Venezia Giulia,1215220,249663,20.54,0.59
1433,2021-04-22,FVG,6765,3078,3687,122,110,34,2,329,1560,2122,2469,1,16,3082,3683,ITH,ITH4,6,Friuli-Venezia Giulia,Friuli Venezia Giulia,1215220,256428,21.1,0.56
1434,2021-05-01,FVG,7169,3235,3934,216,36,0,2,216,107,579,5951,4,58,6121,1048,ITH,ITH4,6,Friuli-Venezia Giulia,Friuli Venezia Giulia,1215220,263597,21.69,0.59
1435,2021-03-24,FVG,3772,1530,2242,183,183,148,427,1,21,2324,419,62,4,2290,1482,ITH,ITH4,6,Friuli-Venezia Giulia,Friuli Venezia Giulia,1215220,267369,22.0,0.31
1436,2021-04-18,FVG,5985,2771,3214,320,76,81,2,394,1433,728,2923,0,28,5579,406,ITH,ITH4,6,Friuli-Venezia Giulia,Friuli Venezia Giulia,1215220,273354,22.49,0.49
1437,2021-03-23,FVG,3761,1561,2200,321,303,245,241,0,3,2449,169,29,1,1618,2143,ITH,ITH4,6,Friuli-Venezia Giulia,Friuli Venezia Giulia,1215220,277115,22.8,0.31
1438,2021-03-03,FVG,3643,1629,2014,750,546,104,427,0,0,1331,15,470,0,2365,1278,ITH,ITH4,6,Friuli-Venezia Giulia,Friuli Venezia Giulia,1215220,280758,23.1,0.3
1439,2021-04-17,FVG,7449,3232,4217,321,117,1,3,624,592,2455,3310,3,23,5967,1482,ITH,ITH4,6,Friuli-Venezia Giulia,Friuli Venezia Giulia,1215220,288207,23.72,0.61
1440,2021-05-07,FVG,10212,4624,5588,271,111,24,33,2266,1934,1577,3901,26,69,6820,3392,ITH,ITH4,6,Friuli-Venezia Giulia,Friuli Venezia Giulia,1215220,298419,24.56,0.84
1441,2020-12-27,FVG,262,149,113,259,3,0,0,0,0,0,0,0,0,262,0,ITH,ITH4,6,Friuli-Venezia Giulia,Friuli Venezia Giulia,1215220,298681,24.58,0.02
1442,2021-02-06,FVG,1154,338,816,755,208,191,0,0,0,0,0,0,0,22,1132,ITH,ITH4,6,Friuli-Venezia Giulia,Friuli Venezia Giulia,1215220,299835,24.67,0.09
1443,2021-01-22,FVG,90,30,60,89,1,0,0,0,0,0,0,0,0,0,90,ITH,ITH4,6,Friuli-Venezia Giulia,Friuli Venezia Giulia,1215220,299925,24.68,0.01
1444,2021-02-02,FVG,2467,806,1661,1658,393,416,0,0,0,0,0,0,0,217,2250,ITH,ITH4,6,Friuli-Venezia Giulia,Friuli Venezia Giulia,1215220,302392,24.88,0.2
1445,2021-03-06,FVG,3492,1194,2298,182,249,5,1465,0,0,1565,6,20,0,3166,326,ITH,ITH4,6,Friuli-Venezia Giulia,Friuli Venezia Giulia,1215220,305884,25.17,0.29
1446,2021-04-16,FVG,6916,2995,3921,290,184,170,16,311,977,2042,2905,1,20,4992,1924,ITH,ITH4,6,Friuli-Venezia Giulia,Friuli Venezia Giulia,1215220,312800,25.74,0.57
1447,2021-01-31,FVG,2715,836,1879,1693,1004,18,0,0,0,0,0,0,0,385,2330,ITH,ITH4,6,Friuli-Venezia Giulia,Friuli Venezia Giulia,1215220,315515,25.96,0.22
1448,2021-03-27,FVG,4984,2560,2424,60,811,1,99,3,906,1990,1096,16,2,3573,1411,ITH,ITH4,6,Friuli-Venezia Giulia,Friuli Venezia Giulia,1215220,320499,26.37,0.41
1449,2021-03-10,FVG,3362,1494,1868,306,301,209,195,0,1,1973,67,309,1,1570,1792,ITH,ITH4,6,Friuli-Venezia Giulia,Friuli Venezia Giulia,1215220,323861,26.65,0.28
1450,2021-04-21,FVG,7698,3440,4258,109,73,30,9,546,2428,2057,2436,4,6,4015,3683,ITH,ITH4,6,Friuli-Venezia Giulia,Friuli Venezia Giulia,1215220,331559,27.28,0.63
1451,2021-04-24,FVG,6670,2941,3729,432,55,0,1,525,283,1991,3328,1,54,5425,1245,ITH,ITH4,6,Friuli-Venezia Giulia,Friuli Venezia Giulia,1215220,338229,27.83,0.55
1452,2021-03-17,FVG,3237,1268,1969,430,219,199,6,0,1,2247,132,3,0,744,2493,ITH,ITH4,6,Friuli-Venezia Giulia,Friuli Venezia Giulia,1215220,341466,28.1,0.27
1453,2021-05-08,FVG,9825,4415,5410,340,181,11,13,2022,888,1911,4430,25,4,5064,4761,ITH,ITH4,6,Friuli-Venezia Giulia,Friuli Venezia Giulia,1215220,351291,28.91,0.81
1454,2021-03-14,FVG,1397,548,849,0,1,0,797,0,0,248,16,335,0,1144,253,ITH,ITH4,6,Friuli-Venezia Giulia,Friuli Venezia Giulia,1215220,352688,29.02,0.11
1455,2021-02-10,FVG,1352,496,856,745,487,119,1,0,0,0,0,0,0,1266,86,ITH,ITH4,6,Friuli-Venezia Giulia,Friuli Venezia Giulia,1215220,354040,29.13,0.11
1456,2021-01-26,FVG,1975,647,1328,1442,152,381,0,0,0,0,0,0,0,214,1761,ITH,ITH4,6,Friuli-Venezia Giulia,Friuli Venezia Giulia,1215220,356015,29.3,0.16
1457,2021-04-08,FVG,7215,3016,4199,261,147,237,34,5,1532,2975,2010,4,10,5291,1924,ITH,ITH4,6,Friuli-Venezia Giulia,Friuli Venezia Giulia,1215220,363230,29.89,0.59
1458,2021-03-29,FVG,6880,3003,3877,241,211,160,316,10,2110,2418,1359,47,8,5300,1580,ITH,ITH4,6,Friuli-Venezia Giulia,Friuli Venezia Giulia,1215220,370110,30.46,0.57
1459,2021-03-09,FVG,3863,1590,2273,657,480,200,424,2,4,2005,28,60,3,1110,2753,ITH,ITH4,6,Friuli-Venezia Giulia,Friuli Venezia Giulia,1215220,373973,30.77,0.32
1460,2021-05-13,FVG,9928,4773,5155,100,52,40,762,2802,1281,852,2475,216,1348,7994,1934,ITH,ITH4,6,Friuli-Venezia Giulia,Friuli Venezia Giulia,1215220,383901,31.59,0.82
1461,2021-01-12,FVG,2260,713,1547,1529,370,361,0,0,0,0,0,0,0,2260,0,ITH,ITH4,6,Friuli-Venezia Giulia,Friuli Venezia Giulia,1215220,386161,31.78,0.19
1462,2021-05-10,FVG,7361,3263,4098,188,71,97,27,1856,1784,786,2528,18,6,5853,1508,ITH,ITH4,6,Friuli-Venezia Giulia,Friuli Venezia Giulia,1215220,393522,32.38,0.61
1463,2021-03-28,FVG,4810,2273,2537,13,746,5,1307,8,1526,425,662,111,7,4670,140,ITH,ITH4,6,Friuli-Venezia Giulia,Friuli Venezia Giulia,1215220,398332,32.78,0.4
1464,2021-03-19,FVG,3236,1341,1895,107,47,297,134,0,0,2513,138,0,0,1302,1934,ITH,ITH4,6,Friuli-Venezia Giulia,Friuli Venezia Giulia,1215220,401568,33.04,0.27
1465,2021-01-17,FVG,1720,524,1196,674,560,486,0,0,0,0,0,0,0,1720,0,ITH,ITH4,6,Friuli-Venezia Giulia,Friuli Venezia Giulia,1215220,403288,33.19,0.14
1466,2021-04-26,FVG,5447,2449,2998,185,147,16,14,331,2094,701,1906,5,48,3797,1650,ITH,ITH4,6,Friuli-Venezia Giulia,Friuli Venezia Giulia,1215220,408735,33.63,0.45
1467,2021-01-25,FVG,1584,568,1016,1371,141,72,0,0,0,0,0,0,0,194,1390,ITH,ITH4,6,Friuli-Venezia Giulia,Friuli Venezia Giulia,1215220,410319,33.76,0.13
1468,2021-02-23,FVG,2615,1252,1363,104,44,247,1,0,2,1943,19,255,0,2437,178,ITH,ITH4,6,Friuli-Venezia Giulia,Friuli Venezia Giulia,1215220,412934,33.98,0.22
1469,2021-02-26,FVG,3742,2096,1646,75,26,561,299,0,2,1740,5,1034,0,3595,147,ITH,ITH4,6,Friuli-Venezia Giulia,Friuli Venezia Giulia,1215220,416676,34.29,0.31
1470,2021-01-21,FVG,895,345,550,864,31,0,0,0,0,0,0,0,0,1,894,ITH,ITH4,6,Friuli-Venezia Giulia,Friuli Venezia Giulia,1215220,417571,34.36,0.07
1471,2021-04-12,FVG,7263,3185,4078,283,183,230,22,97,1740,2087,2596,4,21,6131,1132,ITH,ITH4,6,Friuli-Venezia Giulia,Friuli Venezia Giulia,1215220,424834,34.96,0.6
1472,2021-03-21,FVG,2602,937,1665,7,9,88,1120,0,0,1333,3,27,15,2193,409,ITH,ITH4,6,Friuli-Venezia Giulia,Friuli Venezia Giulia,1215220,427436,35.17,0.21
1473,2021-04-11,FVG,3436,1521,1915,233,100,7,27,13,535,1225,1270,7,19,2530,906,ITH,ITH4,6,Friuli-Venezia Giulia,Friuli Venezia Giulia,1215220,430872,35.46,0.28
1474,2021-03-18,FVG,3375,1423,1952,60,23,168,4,1,1,2865,253,0,0,1693,1682,ITH,ITH4,6,Friuli-Venezia Giulia,Friuli Venezia Giulia,1215220,434247,35.73,0.28
1475,2021-03-05,FVG,3743,1482,2261,1051,654,77,146,0,8,1733,26,46,2,2669,1074,ITH,ITH4,6,Friuli-Venezia Giulia,Friuli Venezia Giulia,1215220,437990,36.04,0.31
1476,2021-01-23,FVG,816,324,492,768,48,0,0,0,0,0,0,0,0,4,812,ITH,ITH4,6,Friuli-Venezia Giulia,Friuli Venezia Giulia,1215220,438806,36.11,0.07
1477,2021-04-14,FVG,7224,3119,4105,338,224,96,3,281,1560,2158,2554,2,8,5507,1717,ITH,ITH4,6,Friuli-Venezia Giulia,Friuli Venezia Giulia,1215220,446030,36.7,0.59
1478,2021-02-16,FVG,2516,1135,1381,260,244,221,0,0,3,1760,28,0,0,2400,116,ITH,ITH4,6,Friuli-Venezia Giulia,Friuli Venezia Giulia,1215220,448546,36.91,0.21
1479,2021-03-20,FVG,3348,1353,1995,415,279,10,66,2,1,2383,13,179,0,1253,2095,ITH,ITH4,6,Friuli-Venezia Giulia,Friuli Venezia Giulia,1215220,451894,37.19,0.28
1480,2021-02-17,FVG,2352,998,1354,329,178,230,0,0,0,1555,14,46,0,1873,479,ITH,ITH4,6,Friuli-Venezia Giulia,Friuli Venezia Giulia,1215220,454246,37.38,0.19
1481,2021-04-09,FVG,7774,3531,4243,299,172,103,23,57,1281,2623,3208,0,8,6528,1246,ITH,ITH4,6,Friuli-Venezia Giulia,Friuli Venezia Giulia,1215220,462020,38.02,0.64
1482,2021-03-07,FVG,2537,926,1611,1,5,153,1782,0,0,143,0,453,0,2536,1,ITH,ITH4,6,Friuli-Venezia Giulia,Friuli Venezia Giulia,1215220,464557,38.23,0.21
1483,2021-03-02,FVG,4226,1521,2705,1163,659,203,640,0,1,1538,17,5,0,2723,1503,ITH,ITH4,6,Friuli-Venezia Giulia,Friuli Venezia Giulia,1215220,468783,38.58,0.35
1484,2021-02-11,FVG,1935,665,1270,1134,566,230,0,0,1,3,0,1,0,1742,193,ITH,ITH4,6,Friuli-Venezia Giulia,Friuli Venezia Giulia,1215220,470718,38.74,0.16
1485,2021-02-24,FVG,2518,1082,1436,23,5,312,297,1,0,1835,15,0,30,2500,18,ITH,ITH4,6,Friuli-Venezia Giulia,Friuli Venezia Giulia,1215220,473236,38.94,0.21
1486,2021-03-16,FVG,3156,1288,1868,330,256,245,1,0,3,2204,117,0,0,1076,2080,ITH,ITH4,6,Friuli-Venezia Giulia,Friuli Venezia Giulia,1215220,476392,39.2,0.26
1487,2021-02-09,FVG,1848,556,1292,1053,509,286,0,0,0,0,0,0,0,1559,289,ITH,ITH4,6,Friuli-Venezia Giulia,Friuli Venezia Giulia,1215220,478240,39.35,0.15
1488,2021-01-09,FVG,2518,841,1677,1519,406,593,0,0,0,0,0,0,0,2518,0,ITH,ITH4,6,Friuli-Venezia Giulia,Friuli Venezia Giulia,1215220,480758,39.56,0.21
1489,2021-05-15,FVG,9711,4663,5048,300,47,2,494,1601,391,919,3211,126,2620,5776,3935,ITH,ITH4,6,Friuli-Venezia Giulia,Friuli Venezia Giulia,1215220,490469,40.36,0.8
1490,2021-03-25,FVG,5313,2261,3052,55,57,303,835,3,957,2059,979,63,2,3178,2135,ITH,ITH4,6,Friuli-Venezia Giulia,Friuli Venezia Giulia,1215220,495782,40.8,0.44
1491,2021-02-15,FVG,2455,910,1545,701,390,316,0,0,4,1034,10,0,0,2205,250,ITH,ITH4,6,Friuli-Venezia Giulia,Friuli Venezia Giulia,1215220,498237,41.0,0.2
1492,2021-03-13,FVG,2935,1119,1816,12,4,86,723,1,2,2058,9,40,0,1662,1273,ITH,ITH4,6,Friuli-Venezia Giulia,Friuli Venezia Giulia,1215220,501172,41.24,0.24
1493,2021-01-20,FVG,752,323,429,720,32,0,0,0,0,0,0,0,0,13,739,ITH,ITH4,6,Friuli-Venezia Giulia,Friuli Venezia Giulia,1215220,501924,41.3,0.06
1494,2021-01-05,FVG,1680,551,1129,1350,133,197,0,0,0,0,0,0,0,1680,0,ITH,ITH4,6,Friuli-Venezia Giulia,Friuli Venezia Giulia,1215220,503604,41.44,0.14
1495,2021-02-04,FVG,2731,807,1924,1722,544,465,0,0,0,0,0,0,0,36,2695,ITH,ITH4,6,Friuli-Venezia Giulia,Friuli Venezia Giulia,1215220,506335,41.67,0.22
1496,2021-04-06,FVG,6284,2774,3510,256,205,132,29,5,1099,2696,1839,19,4,5132,1152,ITH,ITH4,6,Friuli-Venezia Giulia,Friuli Venezia Giulia,1215220,512619,42.18,0.52
1497,2021-04-25,FVG,2361,989,1372,331,50,0,1,729,478,66,689,0,17,2350,11,ITH,ITH4,6,Friuli-Venezia Giulia,Friuli Venezia Giulia,1215220,514980,42.38,0.19
1498,2021-01-16,FVG,1231,360,871,771,212,248,0,0,0,0,0,0,0,1231,0,ITH,ITH4,6,Friuli-Venezia Giulia,Friuli Venezia Giulia,1215220,516211,42.48,0.1
1499,2021-04-01,FVG,6327,3000,3327,172,118,208,94,2,1171,2058,2436,57,11,5312,1015,ITH,ITH4,6,Friuli-Venezia Giulia,Friuli Venezia Giulia,1215220,522538,43.0,0.52
1500,2021-04-20,FVG,7108,3060,4048,499,313,38,8,428,1146,2363,2306,1,6,3202,3906,ITH,ITH4,6,Friuli-Venezia Giulia,Friuli Venezia Giulia,1215220,529646,43.58,0.58
1501,2021-01-06,FVG,710,264,446,515,195,0,0,0,0,0,0,0,0,710,0,ITH,ITH4,6,Friuli-Venezia Giulia,Friuli Venezia Giulia,1215220,530356,43.64,0.06
1502,2021-05-14,FVG,8584,4240,4344,146,116,57,46,2894,1409,727,1891,467,831,6641,1943,ITH,ITH4,6,Friuli-Venezia Giulia,Friuli Venezia Giulia,1215220,538940,44.35,0.71
1503,2021-03-11,FVG,3353,1414,1939,263,114,291,504,1,2,2014,35,127,2,1604,1749,ITH,ITH4,6,Friuli-Venezia Giulia,Friuli Venezia Giulia,1215220,542293,44.63,0.28
1504,2021-01-28,FVG,2238,794,1444,1756,288,194,0,0,0,0,0,0,0,354,1884,ITH,ITH4,6,Friuli-Venezia Giulia,Friuli Venezia Giulia,1215220,544531,44.81,0.18
1505,2021-05-09,FVG,7326,3286,4040,302,99,0,9,1006,457,633,4789,10,21,3474,3852,ITH,ITH4,6,Friuli-Venezia Giulia,Friuli Venezia Giulia,1215220,551857,45.41,0.6
1506,2021-05-02,FVG,6780,3190,3590,262,104,1,6,442,441,1133,4349,2,40,3882,2898,ITH,ITH4,6,Friuli-Venezia Giulia,Friuli Venezia Giulia,1215220,558637,45.97,0.56
1507,2021-01-11,FVG,1884,609,1275,1502,336,46,0,0,0,0,0,0,0,1884,0,ITH,ITH4,6,Friuli-Venezia Giulia,Friuli Venezia Giulia,1215220,560521,46.13,0.16
1508,2021-01-15,FVG,2028,606,1422,1283,370,375,0,0,0,0,0,0,0,2028,0,ITH,ITH4,6,Friuli-Venezia Giulia,Friuli Venezia Giulia,1215220,562549,46.29,0.17
1509,2021-03-03,TOS,18191,6509,11682,3324,1083,135,3446,2,0,9186,2,1003,10,14585,3606,ITI,ITI1,9,Toscana,Toscana,3729641,18191,0.49,0.49
1510,2021-01-04,TOS,5065,1894,3171,4100,29,933,0,0,0,0,0,0,3,5065,0,ITI,ITI1,9,Toscana,Toscana,3729641,23256,0.62,0.14
1511,2021-03-11,TOS,15494,5993,9501,2440,907,270,12,0,7,10331,1293,217,17,12168,3326,ITI,ITI1,9,Toscana,Toscana,3729641,38750,1.04,0.42
1512,2021-02-20,TOS,4641,1790,2851,3350,1038,203,18,0,0,17,0,15,0,4128,513,ITI,ITI1,9,Toscana,Toscana,3729641,43391,1.16,0.12
1513,2021-04-25,TOS,11041,5245,5796,243,101,61,15,32,6266,388,3924,5,6,8904,2137,ITI,ITI1,9,Toscana,Toscana,3729641,54432,1.46,0.3
1514,2021-02-13,TOS,7785,2360,5425,3667,574,163,5,0,2,0,0,186,3188,7558,227,ITI,ITI1,9,Toscana,Toscana,3729641,62217,1.67,0.21
1515,2021-01-19,TOS,1104,531,573,392,220,491,0,0,0,0,0,0,1,1104,0,ITI,ITI1,9,Toscana,Toscana,3729641,63321,1.7,0.03
1516,2021-03-18,TOS,9967,3980,5987,438,562,280,3,2,3,7795,871,7,6,6005,3962,ITI,ITI1,9,Toscana,Toscana,3729641,73288,1.97,0.27
1517,2021-04-05,TOS,15279,6823,8456,27,52,0,35,12,13541,257,1328,4,23,14542,737,ITI,ITI1,9,Toscana,Toscana,3729641,88567,2.37,0.41
1518,2021-04-23,TOS,25613,11400,14213,349,245,153,6,166,482,16485,7565,13,149,9319,16294,ITI,ITI1,9,Toscana,Toscana,3729641,114180,3.06,0.69
1519,2021-02-01,TOS,5509,1958,3551,4486,403,616,0,0,0,0,0,0,4,521,4988,ITI,ITI1,9,Toscana,Toscana,3729641,119689,3.21,0.15
1520,2021-02-25,TOS,10630,4304,6326,1078,1634,259,3199,0,1,3230,5,1220,4,9631,999,ITI,ITI1,9,Toscana,Toscana,3729641,130319,3.49,0.29
1521,2021-01-03,TOS,3335,1051,2284,2564,9,762,0,0,0,0,0,0,0,3335,0,ITI,ITI1,9,Toscana,Toscana,3729641,133654,3.58,0.09
1522,2021-02-06,TOS,4527,1550,2977,3725,574,227,0,0,0,0,0,0,1,1294,3233,ITI,ITI1,9,Toscana,Toscana,3729641,138181,3.7,0.12
1523,2021-01-22,TOS,2866,1064,1802,2026,81,758,0,0,0,0,1,0,0,528,2338,ITI,ITI1,9,Toscana,Toscana,3729641,141047,3.78,0.08
1524,2021-02-12,TOS,7606,2683,4923,3742,380,188,0,0,1,3,0,402,2890,7393,213,ITI,ITI1,9,Toscana,Toscana,3729641,148653,3.99,0.2
1525,2021-04-17,TOS,20513,9196,11317,601,389,83,1,22,7391,5931,6065,8,22,18391,2122,ITI,ITI1,9,Toscana,Toscana,3729641,169166,4.54,0.55
1526,2021-03-08,TOS,6369,2630,3739,4063,747,191,8,0,0,66,965,327,2,1550,4819,ITI,ITI1,9,Toscana,Toscana,3729641,175535,4.71,0.17
1527,2021-05-07,TOS,31921,14624,17297,507,355,103,2807,2907,2089,9161,13015,528,449,11952,19969,ITI,ITI1,9,Toscana,Toscana,3729641,207456,5.56,0.86
1528,2021-04-13,TOS,8488,3506,4982,251,462,265,5,35,54,5547,1827,30,12,6031,2457,ITI,ITI1,9,Toscana,Toscana,3729641,215944,5.79,0.23
1529,2021-04-22,TOS,35685,15284,20401,318,500,139,6,123,7346,20439,6675,16,123,18260,17425,ITI,ITI1,9,Toscana,Toscana,3729641,251629,6.75,0.96
1530,2021-02-26,TOS,10075,3832,6243,1556,1653,298,3562,0,0,1816,2,1188,0,8869,1206,ITI,ITI1,9,Toscana,Toscana,3729641,261704,7.02,0.27
1531,2021-05-02,TOS,11157,4921,6236,38,21,2,2,56,6822,1725,2453,12,26,9199,1958,ITI,ITI1,9,Toscana,Toscana,3729641,272861,7.32,0.3
1532,2021-02-03,TOS,4221,1452,2769,3475,239,505,0,0,0,1,0,0,1,241,3980,ITI,ITI1,9,Toscana,Toscana,3729641,277082,7.43,0.11
1533,2021-04-16,TOS,28915,12873,16042,523,523,92,2,67,6606,15193,5835,22,52,22022,6893,ITI,ITI1,9,Toscana,Toscana,3729641,305997,8.2,0.78
1534,2021-03-30,TOS,16853,7491,9362,212,168,250,113,13,4545,8533,2736,219,64,13290,3563,ITI,ITI1,9,Toscana,Toscana,3729641,322850,8.66,0.45
1535,2021-03-02,TOS,10600,3799,6801,3171,986,154,3512,0,0,1851,0,922,4,7156,3444,ITI,ITI1,9,Toscana,Toscana,3729641,333450,8.94,0.28
1536,2021-05-06,TOS,31106,13519,17587,310,510,40,1715,339,3861,12481,11345,116,389,14101,17005,ITI,ITI1,9,Toscana,Toscana,3729641,364556,9.77,0.83
1537,2021-03-22,TOS,4882,2443,2439,222,367,380,314,27,2418,474,466,139,75,4438,444,ITI,ITI1,9,Toscana,Toscana,3729641,369438,9.91,0.13
1538,2021-01-23,TOS,3949,1354,2595,2936,170,841,0,0,0,0,0,0,2,640,3309,ITI,ITI1,9,Toscana,Toscana,3729641,373387,10.01,0.11
1539,2021-04-08,TOS,29641,12529,17112,264,319,207,5,62,1784,23691,3234,17,58,23267,6374,ITI,ITI1,9,Toscana,Toscana,3729641,403028,10.81,0.79
1540,2021-01-24,TOS,3349,1073,2276,2602,35,709,0,0,0,1,0,0,2,201,3148,ITI,ITI1,9,Toscana,Toscana,3729641,406377,10.9,0.09
1541,2021-03-25,TOS,23596,10119,13477,225,313,406,711,46,2777,16114,2660,268,76,15273,8323,ITI,ITI1,9,Toscana,Toscana,3729641,429973,11.53,0.63
1542,2021-01-14,TOS,3255,1179,2076,2459,475,320,0,0,0,0,1,0,0,3255,0,ITI,ITI1,9,Toscana,Toscana,3729641,433228,11.62,0.09
1543,2021-04-19,TOS,9085,4500,4585,637,245,74,7,24,378,509,7206,2,3,8058,1027,ITI,ITI1,9,Toscana,Toscana,3729641,442313,11.86,0.24
1544,2021-03-19,TOS,10136,4457,5679,641,442,303,35,21,2644,5285,712,13,40,7271,2865,ITI,ITI1,9,Toscana,Toscana,3729641,452449,12.13,0.27
1545,2021-03-04,TOS,17622,6757,10865,2816,953,274,3695,2,8,8237,597,1036,4,14540,3082,ITI,ITI1,9,Toscana,Toscana,3729641,470071,12.6,0.47
1546,2021-05-13,TOS,33564,14774,18790,1038,672,22,2701,7061,8783,4707,7313,878,389,13568,19996,ITI,ITI1,9,Toscana,Toscana,3729641,503635,13.5,0.9
1547,2021-02-15,TOS,8770,3375,5395,4538,922,216,1138,0,0,56,0,801,1099,7945,825,ITI,ITI1,9,Toscana,Toscana,3729641,512405,13.74,0.24
1548,2021-01-17,TOS,2535,871,1664,2002,293,240,0,0,0,0,0,0,0,2022,513,ITI,ITI1,9,Toscana,Toscana,3729641,514940,13.81,0.07
1549,2021-04-26,TOS,10124,4926,5198,117,272,72,4,47,4252,210,5102,7,41,7582,2542,ITI,ITI1,9,Toscana,Toscana,3729641,525064,14.08,0.27
1550,2021-04-14,TOS,20115,8312,11803,399,408,122,1,34,146,16664,2290,10,41,15024,5091,ITI,ITI1,9,Toscana,Toscana,3729641,545179,14.62,0.54
1551,2021-04-29,TOS,39306,17698,21608,304,330,150,14,97,13130,19428,5735,19,99,19216,20090,ITI,ITI1,9,Toscana,Toscana,3729641,584485,15.67,1.05
1552,2021-03-28,TOS,6199,2801,3398,37,26,145,89,22,2402,893,2545,22,18,5945,254,ITI,ITI1,9,Toscana,Toscana,3729641,590684,15.84,0.17
1553,2021-04-02,TOS,31921,13519,18402,298,65,370,6,15,8605,19836,2560,117,49,23901,8020,ITI,ITI1,9,Toscana,Toscana,3729641,622605,16.69,0.86
1554,2021-04-03,TOS,15009,6643,8366,101,64,99,13,16,6585,4914,3181,10,26,13883,1126,ITI,ITI1,9,Toscana,Toscana,3729641,637614,17.1,0.4
1555,2021-02-18,TOS,8817,3285,5532,2924,1447,230,3142,0,0,214,0,860,0,7923,894,ITI,ITI1,9,Toscana,Toscana,3729641,646431,17.33,0.24
1556,2021-03-15,TOS,8356,3331,5025,3214,1609,404,2281,0,2,36,325,482,3,3914,4442,ITI,ITI1,9,Toscana,Toscana,3729641,654787,17.56,0.22
1557,2021-05-10,TOS,26029,12302,13727,487,264,32,2028,7610,3698,634,10134,926,216,15471,10558,ITI,ITI1,9,Toscana,Toscana,3729641,680816,18.25,0.7
1558,2021-01-15,TOS,3878,1347,2531,2758,674,444,0,0,0,0,0,0,2,3878,0,ITI,ITI1,9,Toscana,Toscana,3729641,684694,18.36,0.1
1559,2021-05-04,TOS,18236,8182,10054,371,424,60,11,127,3757,3854,9423,89,120,12824,5412,ITI,ITI1,9,Toscana,Toscana,3729641,702930,18.85,0.49
1560,2021-03-27,TOS,8844,4138,4706,115,71,243,198,17,3197,2074,2841,57,31,8629,215,ITI,ITI1,9,Toscana,Toscana,3729641,711774,19.08,0.24
1561,2021-01-21,TOS,1589,686,903,579,220,790,0,0,0,0,0,0,0,867,722,ITI,ITI1,9,Toscana,Toscana,3729641,713363,19.13,0.04
1562,2021-04-09,TOS,24511,10537,13974,242,121,220,3,42,94,20298,3437,17,37,21107,3404,ITI,ITI1,9,Toscana,Toscana,3729641,737874,19.78,0.66
1563,2021-03-20,TOS,6489,2882,3607,914,563,165,34,4,3576,773,423,27,10,5354,1135,ITI,ITI1,9,Toscana,Toscana,3729641,744363,19.96,0.17
1564,2021-02-17,TOS,8173,3168,5005,3464,1122,249,2485,0,0,218,0,635,0,7422,751,ITI,ITI1,9,Toscana,Toscana,3729641,752536,20.18,0.22
1565,2021-02-23,TOS,7720,3324,4396,1490,1512,204,2831,0,0,510,1,1170,2,7559,161,ITI,ITI1,9,Toscana,Toscana,3729641,760256,20.38,0.21
1566,2021-02-24,TOS,10371,4466,5905,81,1513,301,2947,0,0,4141,0,1383,5,10170,201,ITI,ITI1,9,Toscana,Toscana,3729641,770627,20.66,0.28
1567,2021-01-13,TOS,4062,1398,2664,3308,348,404,0,0,0,0,0,0,2,4062,0,ITI,ITI1,9,Toscana,Toscana,3729641,774689,20.77,0.11
1568,2021-03-07,TOS,5647,2356,3291,3103,642,123,774,0,0,15,417,573,0,2105,3542,ITI,ITI1,9,Toscana,Toscana,3729641,780336,20.92,0.15
1569,2021-02-16,TOS,9279,3339,5940,5084,952,188,2324,0,0,10,0,720,1,8558,721,ITI,ITI1,9,Toscana,Toscana,3729641,789615,21.17,0.25
1570,2021-04-04,TOS,13910,6601,7309,17,20,1,52,14,12885,173,723,5,20,13657,253,ITI,ITI1,9,Toscana,Toscana,3729641,803525,21.54,0.37
1571,2021-03-01,TOS,4472,1733,2739,3192,597,137,25,0,0,9,1,509,2,832,3640,ITI,ITI1,9,Toscana,Toscana,3729641,807997,21.66,0.12
1572,2021-04-18,TOS,8323,4079,4244,427,217,68,2,25,678,1411,5464,4,27,7328,995,ITI,ITI1,9,Toscana,Toscana,3729641,816320,21.89,0.22
1573,2021-01-07,TOS,6018,1751,4267,5308,29,680,0,0,0,0,0,0,1,6018,0,ITI,ITI1,9,Toscana,Toscana,3729641,822338,22.05,0.16
1574,2021-03-31,TOS,32563,13127,19436,279,111,277,3699,62,2643,23406,1481,451,154,20408,12155,ITI,ITI1,9,Toscana,Toscana,3729641,854901,22.92,0.87
1575,2021-01-09,TOS,4485,1596,2889,3780,143,560,0,0,0,1,0,0,1,4485,0,ITI,ITI1,9,Toscana,Toscana,3729641,859386,23.04,0.12
1576,2021-04-24,TOS,13298,6089,7209,128,129,139,4,75,310,6625,5814,2,72,5865,7433,ITI,ITI1,9,Toscana,Toscana,3729641,872684,23.4,0.36
1577,2021-02-28,TOS,1649,667,982,1111,202,78,9,0,0,0,0,249,0,922,727,ITI,ITI1,9,Toscana,Toscana,3729641,874333,23.44,0.04
1578,2021-01-16,TOS,3271,1046,2225,2493,538,240,0,0,0,0,0,0,0,3271,0,ITI,ITI1,9,Toscana,Toscana,3729641,877604,23.53,0.09
1579,2021-04-06,TOS,22165,9770,12395,806,405,136,1626,124,10038,5663,2913,175,279,18452,3713,ITI,ITI1,9,Toscana,Toscana,3729641,899769,24.12,0.59
1580,2021-01-31,TOS,3049,1129,1920,2465,133,448,0,0,0,1,0,0,2,106,2943,ITI,ITI1,9,Toscana,Toscana,3729641,902818,24.21,0.08
1581,2021-04-01,TOS,26897,11104,15793,248,114,304,6,5,30,24576,1402,159,53,16297,10600,ITI,ITI1,9,Toscana,Toscana,3729641,929715,24.93,0.72
1582,2021-02-21,TOS,5105,2089,3016,3666,1220,195,9,0,0,2,0,13,0,4935,170,ITI,ITI1,9,Toscana,Toscana,3729641,934820,25.06,0.14
1583,2021-02-04,TOS,4253,1594,2659,3168,623,456,0,0,0,5,0,0,1,961,3292,ITI,ITI1,9,Toscana,Toscana,3729641,939073,25.18,0.11
1584,2021-03-26,TOS,20388,9151,11237,251,326,214,333,28,3493,11889,3664,145,45,14638,5750,ITI,ITI1,9,Toscana,Toscana,3729641,959461,25.73,0.55
1585,2021-01-28,TOS,6281,1882,4399,5426,64,788,0,0,0,1,0,0,2,354,5927,ITI,ITI1,9,Toscana,Toscana,3729641,965742,25.89,0.17
1586,2021-01-10,TOS,3001,1104,1897,2432,134,431,0,1,0,0,0,0,3,3001,0,ITI,ITI1,9,Toscana,Toscana,3729641,968743,25.97,0.08
1587,2021-01-20,TOS,1331,637,694,435,255,640,0,0,0,0,0,0,1,1083,248,ITI,ITI1,9,Toscana,Toscana,3729641,970074,26.01,0.04
1588,2021-04-07,TOS,35613,15284,20329,309,595,98,20,57,11343,19885,3100,81,125,28379,7234,ITI,ITI1,9,Toscana,Toscana,3729641,1005687,26.96,0.95
1589,2021-01-11,TOS,5094,1691,3403,4362,209,522,0,0,0,0,0,0,1,5094,0,ITI,ITI1,9,Toscana,Toscana,3729641,1010781,27.1,0.14
1590,2021-04-12,TOS,2609,1182,1427,168,440,225,6,4,13,380,1366,4,3,1955,654,ITI,ITI1,9,Toscana,Toscana,3729641,1013390,27.17,0.07
1591,2021-01-25,TOS,5126,1896,3230,4160,54,909,0,0,0,1,0,0,2,248,4878,ITI,ITI1,9,Toscana,Toscana,3729641,1018516,27.31,0.14
1592,2021-05-05,TOS,29910,13319,16591,317,515,196,8,366,3726,11889,12597,18,278,15618,14292,ITI,ITI1,9,Toscana,Toscana,3729641,1048426,28.11,0.8
1593,2021-01-02,TOS,3497,1096,2401,2681,15,801,0,0,0,0,0,0,0,3497,0,ITI,ITI1,9,Toscana,Toscana,3729641,1051923,28.2,0.09
1594,2021-05-03,TOS,11917,5500,6417,159,96,43,3,141,3856,708,6841,14,56,10605,1312,ITI,ITI1,9,Toscana,Toscana,3729641,1063840,28.52,0.32
1595,2021-04-11,TOS,3639,1677,1962,62,87,99,4,7,67,1671,1638,0,4,3484,155,ITI,ITI1,9,Toscana,Toscana,3729641,1067479,28.62,0.1
1596,2021-02-27,TOS,1975,749,1226,1352,311,132,19,0,0,1,0,159,1,1073,902,ITI,ITI1,9,Toscana,Toscana,3729641,1069454,28.67,0.05
1597,2021-03-09,TOS,10655,4133,6522,4806,907,180,11,1,3,3302,1163,279,3,5103,5552,ITI,ITI1,9,Toscana,Toscana,3729641,1080109,28.96,0.29
1598,2021-03-24,TOS,19653,7971,11682,222,385,195,773,51,2845,13976,872,255,79,10199,9454,ITI,ITI1,9,Toscana,Toscana,3729641,1099762,29.49,0.53
1599,2021-05-01,TOS,23264,10041,13223,75,169,124,2,113,10226,7481,5025,8,41,14117,9147,ITI,ITI1,9,Toscana,Toscana,3729641,1123026,30.11,0.62
1600,2021-05-12,TOS,33667,15345,18322,614,474,60,2191,7181,9216,5382,7176,866,507,14093,19574,ITI,ITI1,9,Toscana,Toscana,3729641,1156693,31.01,0.9
1601,2021-03-23,TOS,9088,4099,4989,310,313,351,338,52,2819,4030,659,148,68,6816,2272,ITI,ITI1,9,Toscana,Toscana,3729641,1165781,31.26,0.24
1602,2021-02-02,TOS,3742,1475,2267,3021,283,422,0,0,0,6,0,6,4,195,3547,ITI,ITI1,9,Toscana,Toscana,3729641,1169523,31.36,0.1
1603,2021-02-11,TOS,5381,2021,3360,2809,284,323,14,0,0,12,0,10,1929,5139,242,ITI,ITI1,9,Toscana,Toscana,3729641,1174904,31.5,0.14
1604,2021-02-05,TOS,5749,2245,3504,4122,1180,442,0,0,0,1,0,0,4,1924,3825,ITI,ITI1,9,Toscana,Toscana,3729641,1180653,31.66,0.15
1605,2021-04-10,TOS,11721,5348,6373,290,195,117,3,25,79,8131,2853,10,18,10975,746,ITI,ITI1,9,Toscana,Toscana,3729641,1192374,31.97,0.31
1606,2021-05-15,TOS,27478,13024,14454,214,511,26,15,13484,2754,1240,7205,49,1980,22532,4946,ITI,ITI1,9,Toscana,Toscana,3729641,1219852,32.71,0.74
1607,2021-03-13,TOS,9274,3300,5974,2835,1697,68,3740,0,2,178,384,369,1,5312,3962,ITI,ITI1,9,Toscana,Toscana,3729641,1229126,32.96,0.25
1608,2021-01-18,TOS,1119,636,483,430,313,375,0,0,0,0,0,0,1,1021,98,ITI,ITI1,9,Toscana,Toscana,3729641,1230245,32.99,0.03
1609,2021-02-10,TOS,4263,1281,2982,3535,239,485,0,1,1,1,0,1,0,3740,523,ITI,ITI1,9,Toscana,Toscana,3729641,1234508,33.1,0.11
1610,2021-01-27,TOS,4834,1572,3262,4018,73,742,0,0,0,0,0,0,1,206,4628,ITI,ITI1,9,Toscana,Toscana,3729641,1239342,33.23,0.13
1611,2021-05-08,TOS,29022,13063,15959,457,451,23,2942,5007,1288,4364,14055,189,246,13680,15342,ITI,ITI1,9,Toscana,Toscana,3729641,1268364,34.01,0.78
1612,2021-02-22,TOS,9818,4254,5564,3483,2235,316,2703,0,0,22,0,1058,1,9541,277,ITI,ITI1,9,Toscana,Toscana,3729641,1278182,34.27,0.26
1613,2021-03-29,TOS,9377,4579,4798,227,140,244,200,15,4855,774,2709,197,16,9053,324,ITI,ITI1,9,Toscana,Toscana,3729641,1287559,34.52,0.25
1614,2021-01-08,TOS,5945,1642,4303,5361,36,545,0,0,0,0,0,0,3,5945,0,ITI,ITI1,9,Toscana,Toscana,3729641,1293504,34.68,0.16
1615,2021-02-07,TOS,2806,953,1853,2349,299,157,0,0,0,0,0,0,1,885,1921,ITI,ITI1,9,Toscana,Toscana,3729641,1296310,34.76,0.08
1616,2021-01-12,TOS,3581,1398,2183,2944,282,354,0,0,0,0,0,0,1,3581,0,ITI,ITI1,9,Toscana,Toscana,3729641,1299891,34.85,0.1
1617,2021-04-15,TOS,24371,10183,14188,359,300,174,6,36,149,20282,3005,11,49,15852,8519,ITI,ITI1,9,Toscana,Toscana,3729641,1324262,35.51,0.65
1618,2021-01-06,TOS,4519,1459,3060,3984,9,525,0,0,0,0,0,0,1,4519,0,ITI,ITI1,9,Toscana,Toscana,3729641,1328781,35.63,0.12
1619,2021-01-01,TOS,2369,787,1582,1715,2,650,0,0,0,2,0,0,0,2369,0,ITI,ITI1,9,Toscana,Toscana,3729641,1331150,35.69,0.06
1620,2021-05-16,TOS,17131,8306,8825,231,61,8,6,8036,1544,187,2580,88,4390,15920,1211,ITI,ITI1,9,Toscana,Toscana,3729641,1348281,36.15,0.46
1621,2021-03-05,TOS,16491,6336,10155,3922,1685,170,3871,0,1,5297,656,885,4,11750,4741,ITI,ITI1,9,Toscana,Toscana,3729641,1364772,36.59,0.44
1622,2021-01-05,TOS,5249,1755,3494,4354,15,878,0,0,0,0,0,0,2,5249,0,ITI,ITI1,9,Toscana,Toscana,3729641,1370021,36.73,0.14
1623,2021-02-08,TOS,4097,1360,2737,3373,343,377,0,0,0,2,0,0,2,3638,459,ITI,ITI1,9,Toscana,Toscana,3729641,1374118,36.84,0.11
1624,2021-01-30,TOS,4622,1622,3000,3765,218,638,0,0,0,0,0,0,1,198,4424,ITI,ITI1,9,Toscana,Toscana,3729641,1378740,36.97,0.12
1625,2021-01-29,TOS,6136,1698,4438,5375,138,622,0,0,0,0,0,0,1,302,5834,ITI,ITI1,9,Toscana,Toscana,3729641,1384876,37.13,0.16
1626,2021-03-12,TOS,16514,6219,10295,2612,1587,303,3922,3,4,7037,304,728,14,12986,3528,ITI,ITI1,9,Toscana,Toscana,3729641,1401390,37.57,0.44
1627,2021-04-20,TOS,18140,8100,10040,225,295,70,3,36,7069,6517,3903,3,19,12584,5556,ITI,ITI1,9,Toscana,Toscana,3729641,1419530,38.06,0.49
1628,2021-05-14,TOS,31266,14586,16680,745,749,25,2894,11949,2262,2572,7963,855,1252,20371,10895,ITI,ITI1,9,Toscana,Toscana,3729641,1450796,38.9,0.84
1629,2021-03-21,TOS,3231,1573,1658,660,796,77,12,0,1244,274,160,6,2,1798,1433,ITI,ITI1,9,Toscana,Toscana,3729641,1454027,38.99,0.09
1630,2021-05-09,TOS,22469,9733,12736,400,227,7,4905,3304,1510,1086,10661,255,114,9637,12832,ITI,ITI1,9,Toscana,Toscana,3729641,1476496,39.59,0.6
1631,2021-04-28,TOS,19079,8173,10906,413,362,19,6,57,160,14020,3925,30,87,3814,15265,ITI,ITI1,9,Toscana,Toscana,3729641,1495575,40.1,0.51
1632,2021-03-10,TOS,18011,7073,10938,3006,851,271,14,3,3,12282,1317,253,11,13994,4017,ITI,ITI1,9,Toscana,Toscana,3729641,1513586,40.58,0.48
1633,2021-02-19,TOS,8287,2948,5339,2967,1207,245,3105,0,0,154,1,606,2,7780,507,ITI,ITI1,9,Toscana,Toscana,3729641,1521873,40.8,0.22
1634,2021-05-11,TOS,27834,12937,14897,410,683,65,2079,5833,9251,1742,6738,885,148,12458,15376,ITI,ITI1,9,Toscana,Toscana,3729641,1549707,41.55,0.75
1635,2020-12-27,TOS,620,267,353,460,10,13,0,23,4,5,0,0,105,620,0,ITI,ITI1,9,Toscana,Toscana,3729641,1550327,41.57,0.02
1636,2020-12-30,TOS,327,104,223,34,10,283,0,0,0,0,0,0,0,327,0,ITI,ITI1,9,Toscana,Toscana,3729641,1550654,41.58,0.01
1637,2021-03-16,TOS,4898,1880,3018,1551,427,124,16,1,5,2115,643,13,3,2655,2243,ITI,ITI1,9,Toscana,Toscana,3729641,1555552,41.71,0.13
1638,2021-03-06,TOS,7093,2837,4256,3802,657,145,1145,0,2,30,918,394,0,2901,4192,ITI,ITI1,9,Toscana,Toscana,3729641,1562645,41.9,0.19
1639,2021-04-30,TOS,39863,17614,22249,280,102,163,2,115,13624,18084,7326,47,120,20056,19807,ITI,ITI1,9,Toscana,Toscana,3729641,1602508,42.97,1.07
1640,2021-03-14,TOS,7207,2574,4633,3104,1195,122,2476,0,1,44,26,239,0,3272,3935,ITI,ITI1,9,Toscana,Toscana,3729641,1609715,43.16,0.19
1641,2021-04-21,TOS,29568,12649,16919,297,283,76,2,129,7378,16788,4482,16,117,17487,12081,ITI,ITI1,9,Toscana,Toscana,3729641,1639283,43.95,0.79
1642,2021-04-27,TOS,10337,4906,5431,332,346,39,1,47,347,3957,5211,2,55,3858,6479,ITI,ITI1,9,Toscana,Toscana,3729641,1649620,44.23,0.28
1643,2021-01-26,TOS,5393,1792,3601,4358,81,951,0,0,0,0,0,0,3,220,5173,ITI,ITI1,9,Toscana,Toscana,3729641,1655013,44.37,0.14
1644,2020-12-31,TOS,805,202,603,97,10,698,0,0,0,0,0,0,0,805,0,ITI,ITI1,9,Toscana,Toscana,3729641,1655818,44.4,0.02
1645,2021-02-09,TOS,4488,1468,3020,3582,386,514,0,0,0,4,0,0,2,3877,611,ITI,ITI1,9,Toscana,Toscana,3729641,1660306,44.52,0.12
1646,2021-03-17,TOS,11417,4585,6832,365,327,189,2,5,8,9767,740,2,12,6889,4528,ITI,ITI1,9,Toscana,Toscana,3729641,1671723,44.82,0.31
1647,2021-02-14,TOS,8998,2569,6429,3033,549,81,10,2,1,0,0,261,5061,8888,110,ITI,ITI1,9,Toscana,Toscana,3729641,1680721,45.06,0.24
1648,2021-04-18,SIC,19726,9864,9862,244,84,104,94,5980,1808,2681,8635,15,81,15361,4365,ITG,ITG1,19,Sicilia,Sicilia,4999891,19726,0.39,0.39
1649,2021-04-24,SIC,31337,14798,16539,444,181,393,136,4686,2829,5652,16643,98,275,23597,7740,ITG,ITG1,19,Sicilia,Sicilia,4999891,51063,1.02,0.63
1650,2021-01-31,SIC,4109,1959,2150,2601,835,293,0,61,26,26,0,0,267,114,3995,ITG,ITG1,19,Sicilia,Sicilia,4999891,55172,1.1,0.08
1651,2021-05-09,SIC,28141,13163,14978,392,221,92,592,2601,1365,2024,17625,334,2895,19873,8268,ITG,ITG1,19,Sicilia,Sicilia,4999891,83313,1.67,0.56
1652,2021-02-10,SIC,4434,1819,2615,1975,1154,741,0,59,33,18,0,0,454,4009,425,ITG,ITG1,19,Sicilia,Sicilia,4999891,87747,1.75,0.09
1653,2021-04-21,SIC,22653,10874,11779,545,231,371,121,1668,1610,3730,14097,29,251,16445,6208,ITG,ITG1,19,Sicilia,Sicilia,4999891,110400,2.21,0.45
1654,2021-02-17,SIC,5415,3280,2135,1526,717,884,2,39,8,10,0,1990,239,4746,669,ITG,ITG1,19,Sicilia,Sicilia,4999891,115815,2.32,0.11
1655,2021-03-23,SIC,21064,10076,10988,886,436,441,1645,182,3526,5910,7353,403,282,15410,5654,ITG,ITG1,19,Sicilia,Sicilia,4999891,136879,2.74,0.42
1656,2021-03-14,SIC,8837,3951,4886,571,416,180,678,146,1692,4351,148,67,588,4978,3859,ITG,ITG1,19,Sicilia,Sicilia,4999891,145716,2.91,0.18
1657,2021-04-27,SIC,26343,12695,13648,616,207,376,103,1794,1786,4403,16748,97,213,15562,10781,ITG,ITG1,19,Sicilia,Sicilia,4999891,172059,3.44,0.53
1658,2021-05-08,SIC,35742,17073,18669,523,194,150,452,3200,2002,3045,21975,1064,3137,25430,10312,ITG,ITG1,19,Sicilia,Sicilia,4999891,207801,4.16,0.71
1659,2021-01-10,SIC,3620,1616,2004,2128,552,464,0,42,22,92,0,0,320,3620,0,ITG,ITG1,19,Sicilia,Sicilia,4999891,211421,4.23,0.07
1660,2021-03-15,SIC,10813,4713,6100,1250,494,729,1118,60,1526,4915,132,306,283,5747,5066,ITG,ITG1,19,Sicilia,Sicilia,4999891,222234,4.44,0.22
1661,2021-01-28,SIC,9311,4392,4919,7451,1367,295,0,35,11,4,0,0,148,406,8905,ITG,ITG1,19,Sicilia,Sicilia,4999891,231545,4.63,0.19
1662,2021-02-14,SIC,1058,403,655,433,301,236,0,9,3,4,0,0,72,918,140,ITG,ITG1,19,Sicilia,Sicilia,4999891,232603,4.65,0.02
1663,2021-04-28,SIC,29298,13751,15547,650,228,418,96,2462,2174,4478,18266,170,356,20227,9071,ITG,ITG1,19,Sicilia,Sicilia,4999891,261901,5.24,0.59
1664,2021-03-16,SIC,9785,4365,5420,1639,503,787,43,59,127,5722,579,55,271,3667,6118,ITG,ITG1,19,Sicilia,Sicilia,4999891,271686,5.43,0.2
1665,2021-04-20,SIC,19277,9080,10197,474,275,456,58,1468,1428,3595,11380,22,121,13936,5341,ITG,ITG1,19,Sicilia,Sicilia,4999891,290963,5.82,0.39
1666,2021-05-05,SIC,26295,12172,14123,677,327,328,89,2428,1871,3431,15884,458,802,16705,9590,ITG,ITG1,19,Sicilia,Sicilia,4999891,317258,6.35,0.53
1667,2021-01-02,SIC,4877,2537,2340,4316,144,0,0,87,7,2,0,0,321,4877,0,ITG,ITG1,19,Sicilia,Sicilia,4999891,322135,6.44,0.1
1668,2021-05-03,SIC,23459,10822,12637,611,266,283,88,1690,1776,3017,15425,127,176,13572,9887,ITG,ITG1,19,Sicilia,Sicilia,4999891,345594,6.91,0.47
1669,2021-05-01,SIC,24472,11326,13146,439,164,146,104,2777,2092,2533,15950,78,189,19312,5160,ITG,ITG1,19,Sicilia,Sicilia,4999891,370066,7.4,0.49
1670,2021-02-02,SIC,5544,2624,2920,3157,1563,429,0,50,7,21,1,0,316,634,4910,ITG,ITG1,19,Sicilia,Sicilia,4999891,375610,7.51,0.11
1671,2020-12-28,SIC,208,125,83,206,2,0,0,0,0,0,0,0,0,208,0,ITG,ITG1,19,Sicilia,Sicilia,4999891,375818,7.52,0.0
1672,2021-01-15,SIC,5083,2233,2850,2827,1046,479,0,67,19,2,0,0,643,5083,0,ITG,ITG1,19,Sicilia,Sicilia,4999891,380901,7.62,0.1
1673,2021-03-11,SIC,15452,6518,8934,1603,1275,1024,3319,198,2106,4043,154,981,749,12887,2565,ITG,ITG1,19,Sicilia,Sicilia,4999891,396353,7.93,0.31
1674,2021-01-11,SIC,5907,2593,3314,3923,1016,382,0,83,17,89,0,0,397,5907,0,ITG,ITG1,19,Sicilia,Sicilia,4999891,402260,8.05,0.12
1675,2021-03-24,SIC,21143,9907,11236,954,486,625,1461,343,3215,5943,7606,200,310,15306,5837,ITG,ITG1,19,Sicilia,Sicilia,4999891,423403,8.47,0.42
1676,2021-03-07,SIC,9300,3471,5829,968,561,479,3299,88,12,3462,18,227,186,8216,1084,ITG,ITG1,19,Sicilia,Sicilia,4999891,432703,8.65,0.19
1677,2021-03-26,SIC,17999,8365,9634,1072,596,403,1309,225,2829,5597,5602,124,242,12468,5531,ITG,ITG1,19,Sicilia,Sicilia,4999891,450702,9.01,0.36
1678,2021-02-28,SIC,7172,3067,4105,869,410,112,1359,90,7,3352,2,269,702,6543,629,ITG,ITG1,19,Sicilia,Sicilia,4999891,457874,9.16,0.14
1679,2021-04-04,SIC,6831,3329,3502,190,97,120,44,107,852,2464,2851,17,89,5539,1292,ITG,ITG1,19,Sicilia,Sicilia,4999891,464705,9.29,0.14
1680,2021-04-07,SIC,15552,7636,7916,763,374,434,159,211,1631,4464,7155,52,309,8388,7164,ITG,ITG1,19,Sicilia,Sicilia,4999891,480257,9.61,0.31
1681,2021-01-16,SIC,2778,1196,1582,1331,561,298,0,24,15,6,0,0,543,2778,0,ITG,ITG1,19,Sicilia,Sicilia,4999891,483035,9.66,0.06
1682,2021-01-23,SIC,4199,2164,2035,3974,186,16,0,1,2,0,0,0,20,217,3982,ITG,ITG1,19,Sicilia,Sicilia,4999891,487234,9.74,0.08
1683,2021-02-11,SIC,5321,2097,3224,2453,1441,885,0,77,25,7,0,0,433,4858,463,ITG,ITG1,19,Sicilia,Sicilia,4999891,492555,9.85,0.11
1684,2021-05-12,SIC,36768,17318,19450,702,376,451,821,1916,1632,3067,23254,1400,3149,21831,14937,ITG,ITG1,19,Sicilia,Sicilia,4999891,529323,10.59,0.74
1685,2021-04-06,SIC,17874,8544,9330,802,279,538,179,222,1858,5500,8024,77,395,13548,4326,ITG,ITG1,19,Sicilia,Sicilia,4999891,547197,10.94,0.36
1686,2021-02-04,SIC,6930,3186,3744,4424,1449,556,0,49,13,18,0,0,421,1455,5475,ITG,ITG1,19,Sicilia,Sicilia,4999891,554127,11.08,0.14
1687,2021-03-13,SIC,12467,5493,6974,1174,771,513,1768,210,2143,4708,133,203,844,7859,4608,ITG,ITG1,19,Sicilia,Sicilia,4999891,566594,11.33,0.25
1688,2021-02-19,SIC,5128,2731,2397,1478,847,599,239,31,13,83,2,1518,318,4563,565,ITG,ITG1,19,Sicilia,Sicilia,4999891,571722,11.43,0.1
1689,2021-02-15,SIC,3926,1818,2108,1698,1011,645,26,28,10,14,11,281,202,3361,565,ITG,ITG1,19,Sicilia,Sicilia,4999891,575648,11.51,0.08
1690,2021-04-01,SIC,14398,6673,7725,620,215,488,191,127,2239,5110,4862,405,141,9683,4715,ITG,ITG1,19,Sicilia,Sicilia,4999891,590046,11.8,0.29
1691,2021-02-18,SIC,5474,3153,2321,1633,880,835,96,21,8,11,5,1818,167,5046,428,ITG,ITG1,19,Sicilia,Sicilia,4999891,595520,11.91,0.11
1692,2021-02-21,SIC,5170,2503,2667,376,162,173,153,38,6,3918,3,176,165,5063,107,ITG,ITG1,19,Sicilia,Sicilia,4999891,600690,12.01,0.1
1693,2021-05-04,SIC,26800,12458,14342,591,276,348,98,2268,2278,3283,17004,274,380,17624,9176,ITG,ITG1,19,Sicilia,Sicilia,4999891,627490,12.55,0.54
1694,2021-01-18,SIC,1641,661,980,724,189,268,0,22,11,0,0,0,427,1494,147,ITG,ITG1,19,Sicilia,Sicilia,4999891,629131,12.58,0.03
1695,2021-04-03,SIC,16233,7732,8501,437,167,292,198,989,4279,4944,4495,35,397,13397,2836,ITG,ITG1,19,Sicilia,Sicilia,4999891,645364,12.91,0.32
1696,2021-03-27,SIC,15748,7436,8312,648,416,378,739,246,1806,5648,5547,56,264,10835,4913,ITG,ITG1,19,Sicilia,Sicilia,4999891,661112,13.22,0.31
1697,2021-02-12,SIC,4674,1847,2827,2291,1375,604,0,45,17,10,0,0,332,4407,267,ITG,ITG1,19,Sicilia,Sicilia,4999891,665786,13.32,0.09
1698,2021-01-27,SIC,7539,3843,3696,6334,819,152,0,44,11,7,0,0,172,189,7350,ITG,ITG1,19,Sicilia,Sicilia,4999891,673325,13.47,0.15
1699,2021-04-02,SIC,14007,6595,7412,623,216,357,201,130,2128,5225,4889,79,159,9221,4786,ITG,ITG1,19,Sicilia,Sicilia,4999891,687332,13.75,0.28
1700,2021-05-15,SIC,56905,26594,30311,577,479,222,1854,4340,2469,2952,25857,1113,17042,41538,15367,ITG,ITG1,19,Sicilia,Sicilia,4999891,744237,14.89,1.14
1701,2021-05-10,SIC,28304,13597,14707,593,277,233,431,1813,1368,2680,17038,1400,2471,16190,12114,ITG,ITG1,19,Sicilia,Sicilia,4999891,772541,15.45,0.57
1702,2021-04-12,SIC,18934,9196,9738,424,150,390,118,1352,1569,3669,11036,27,199,11594,7340,ITG,ITG1,19,Sicilia,Sicilia,4999891,791475,15.83,0.38
1703,2021-03-20,SIC,18813,9031,9782,835,316,433,1217,189,2524,5491,7266,113,429,13485,5328,ITG,ITG1,19,Sicilia,Sicilia,4999891,810288,16.21,0.38
1704,2021-02-13,SIC,3097,1164,1933,1294,920,562,0,36,19,13,0,1,252,2841,256,ITG,ITG1,19,Sicilia,Sicilia,4999891,813385,16.27,0.06
1705,2021-01-25,SIC,7507,3694,3813,6630,575,70,0,21,7,44,0,0,160,315,7192,ITG,ITG1,19,Sicilia,Sicilia,4999891,820892,16.42,0.15
1706,2021-04-11,SIC,15342,7578,7764,220,97,182,97,782,1024,3170,9639,15,116,8313,7029,ITG,ITG1,19,Sicilia,Sicilia,4999891,836234,16.73,0.31
1707,2021-03-09,SIC,13156,5588,7568,1591,1209,708,3687,111,19,4001,197,1128,505,10784,2372,ITG,ITG1,19,Sicilia,Sicilia,4999891,849390,16.99,0.26
1708,2021-02-24,SIC,9561,4850,4711,1409,744,504,921,25,23,4095,1,1611,228,8971,590,ITG,ITG1,19,Sicilia,Sicilia,4999891,858951,17.18,0.19
1709,2021-02-16,SIC,4370,2282,2088,1460,960,796,1,35,9,27,8,877,197,3905,465,ITG,ITG1,19,Sicilia,Sicilia,4999891,863321,17.27,0.09
1710,2021-03-29,SIC,15001,7035,7966,874,350,338,304,129,2529,5040,5156,104,177,10484,4517,ITG,ITG1,19,Sicilia,Sicilia,4999891,878322,17.57,0.3
1711,2021-04-22,SIC,27093,12804,14289,631,169,400,98,3050,2041,4404,16056,36,208,20553,6540,ITG,ITG1,19,Sicilia,Sicilia,4999891,905415,18.11,0.54
1712,2021-02-08,SIC,4086,1759,2327,2346,1028,397,0,37,5,16,0,0,257,2128,1958,ITG,ITG1,19,Sicilia,Sicilia,4999891,909501,18.19,0.08
1713,2021-01-07,SIC,9177,4241,4936,7698,974,210,0,64,8,2,0,0,221,9177,0,ITG,ITG1,19,Sicilia,Sicilia,4999891,918678,18.37,0.18
1714,2021-01-09,SIC,7326,3424,3902,5034,1070,456,0,117,36,41,0,0,572,7326,0,ITG,ITG1,19,Sicilia,Sicilia,4999891,926004,18.52,0.15
1715,2021-03-31,SIC,14606,6750,7856,645,294,513,190,139,2226,5249,5070,106,174,9578,5028,ITG,ITG1,19,Sicilia,Sicilia,4999891,940610,18.81,0.29
1716,2021-05-07,SIC,36626,17296,19330,578,319,295,261,2829,2214,3459,22871,1393,2407,24998,11628,ITG,ITG1,19,Sicilia,Sicilia,4999891,977236,19.55,0.73
1717,2021-03-08,SIC,13538,5824,7714,2010,1116,713,3995,134,24,3926,65,1013,542,10730,2808,ITG,ITG1,19,Sicilia,Sicilia,4999891,990774,19.82,0.27
1718,2021-01-30,SIC,7841,3571,4270,5454,1611,475,0,47,12,4,0,0,238,175,7666,ITG,ITG1,19,Sicilia,Sicilia,4999891,998615,19.97,0.16
1719,2021-01-14,SIC,5253,2516,2737,3047,1280,259,0,106,34,90,0,0,437,5253,0,ITG,ITG1,19,Sicilia,Sicilia,4999891,1003868,20.08,0.11
1720,2021-03-21,SIC,15228,7338,7890,489,228,75,958,161,2142,4573,6221,112,269,11253,3975,ITG,ITG1,19,Sicilia,Sicilia,4999891,1019096,20.38,0.3
1721,2021-01-13,SIC,5266,2491,2775,3046,1192,461,0,92,28,27,0,1,419,5266,0,ITG,ITG1,19,Sicilia,Sicilia,4999891,1024362,20.49,0.11
1722,2021-01-24,SIC,4344,2266,2078,3999,265,3,0,12,6,37,0,0,22,148,4196,ITG,ITG1,19,Sicilia,Sicilia,4999891,1028706,20.57,0.09
1723,2021-04-19,SIC,18517,8762,9755,666,416,386,80,909,1252,3490,11159,24,135,12809,5708,ITG,ITG1,19,Sicilia,Sicilia,4999891,1047223,20.94,0.37
1724,2021-03-05,SIC,15879,6839,9040,3187,1668,747,4078,94,30,4081,104,1476,414,11559,4320,ITG,ITG1,19,Sicilia,Sicilia,4999891,1063102,21.26,0.32
1725,2021-03-04,SIC,15217,6561,8656,2812,1839,750,3832,117,36,4034,27,1207,563,11012,4205,ITG,ITG1,19,Sicilia,Sicilia,4999891,1078319,21.57,0.3
1726,2021-04-29,SIC,31607,14739,16868,906,288,427,107,2656,2210,4627,19956,150,280,22271,9336,ITG,ITG1,19,Sicilia,Sicilia,4999891,1109926,22.2,0.63
1727,2021-05-06,SIC,28972,13711,15261,628,272,337,138,2464,1918,3629,17763,932,891,18408,10564,ITG,ITG1,19,Sicilia,Sicilia,4999891,1138898,22.78,0.58
1728,2021-02-23,SIC,8907,4668,4239,1264,726,517,577,16,9,4075,2,1480,241,8444,463,ITG,ITG1,19,Sicilia,Sicilia,4999891,1147805,22.96,0.18
1729,2021-01-04,SIC,8379,4175,4204,7600,548,6,0,26,8,2,0,0,189,8379,0,ITG,ITG1,19,Sicilia,Sicilia,4999891,1156184,23.12,0.17
1730,2021-04-23,SIC,28870,13834,15036,641,238,380,109,4080,2407,4330,16412,65,208,22924,5946,ITG,ITG1,19,Sicilia,Sicilia,4999891,1185054,23.7,0.58
1731,2021-04-05,SIC,8025,3959,4066,232,71,177,56,75,855,2923,3572,5,59,6585,1440,ITG,ITG1,19,Sicilia,Sicilia,4999891,1193079,23.86,0.16
1732,2021-02-01,SIC,6068,2681,3387,4158,1237,318,0,47,13,44,0,0,251,303,5765,ITG,ITG1,19,Sicilia,Sicilia,4999891,1199147,23.98,0.12
1733,2021-04-14,SIC,20384,9831,10553,588,184,385,97,1613,1563,4080,11698,29,147,11599,8785,ITG,ITG1,19,Sicilia,Sicilia,4999891,1219531,24.39,0.41
1734,2021-04-25,SIC,21345,10179,11166,250,146,176,50,3350,1748,3632,11793,54,146,16368,4977,ITG,ITG1,19,Sicilia,Sicilia,4999891,1240876,24.82,0.43
1735,2021-03-03,SIC,14723,6548,8175,2409,1522,527,3833,68,15,4374,45,1427,503,11623,3100,ITG,ITG1,19,Sicilia,Sicilia,4999891,1255599,25.11,0.29
1736,2021-02-25,SIC,10120,5250,4870,1766,924,515,661,30,7,4052,26,1726,413,8954,1166,ITG,ITG1,19,Sicilia,Sicilia,4999891,1265719,25.31,0.2
1737,2021-01-26,SIC,9475,4664,4811,8348,758,254,0,21,7,2,0,0,85,262,9213,ITG,ITG1,19,Sicilia,Sicilia,4999891,1275194,25.5,0.19
1738,2021-01-03,SIC,4698,2457,2241,4366,206,0,0,34,3,1,0,0,88,4698,0,ITG,ITG1,19,Sicilia,Sicilia,4999891,1279892,25.6,0.09
1739,2021-04-09,SIC,20559,10016,10543,734,316,360,281,914,1933,4411,11318,62,230,11399,9160,ITG,ITG1,19,Sicilia,Sicilia,4999891,1300451,26.01,0.41
1740,2021-02-06,SIC,5012,2189,2823,2519,1479,570,0,36,12,5,0,0,391,1462,3550,ITG,ITG1,19,Sicilia,Sicilia,4999891,1305463,26.11,0.1
1741,2021-01-19,SIC,1277,524,753,526,125,238,0,20,13,18,0,0,337,1095,182,ITG,ITG1,19,Sicilia,Sicilia,4999891,1306740,26.14,0.03
1742,2021-05-14,SIC,51954,24335,27619,678,439,410,1085,3648,2085,2960,24551,1756,14342,36121,15833,ITG,ITG1,19,Sicilia,Sicilia,4999891,1358694,27.17,1.04
1743,2021-02-03,SIC,6107,2860,3247,3360,1499,624,0,91,20,11,0,0,502,756,5351,ITG,ITG1,19,Sicilia,Sicilia,4999891,1364801,27.3,0.12
1744,2021-04-13,SIC,19839,9662,10177,657,216,330,127,1526,1702,3788,11319,40,134,11004,8835,ITG,ITG1,19,Sicilia,Sicilia,4999891,1384640,27.69,0.4
1745,2021-04-16,SIC,28719,14412,14307,746,323,657,107,8279,2364,4281,11752,33,177,20342,8377,ITG,ITG1,19,Sicilia,Sicilia,4999891,1413359,28.27,0.57
1746,2021-02-07,SIC,2349,997,1352,1611,435,157,0,16,9,1,0,0,120,675,1674,ITG,ITG1,19,Sicilia,Sicilia,4999891,1415708,28.31,0.05
1747,2021-04-08,SIC,16791,8285,8506,664,369,425,142,233,1585,3862,9144,106,261,8308,8483,ITG,ITG1,19,Sicilia,Sicilia,4999891,1432499,28.65,0.34
1748,2021-03-25,SIC,20527,9539,10988,1331,545,633,1381,255,3198,5610,7151,195,228,14988,5539,ITG,ITG1,19,Sicilia,Sicilia,4999891,1453026,29.06,0.41
1749,2021-03-02,SIC,14879,6365,8514,2371,1188,502,4328,50,5,4526,57,1406,446,12070,2809,ITG,ITG1,19,Sicilia,Sicilia,4999891,1467905,29.36,0.3
1750,2021-05-02,SIC,24656,11447,13209,467,152,111,102,2784,1828,2212,16626,62,312,18055,6601,ITG,ITG1,19,Sicilia,Sicilia,4999891,1492561,29.85,0.49
1751,2021-03-30,SIC,14595,6759,7836,712,402,382,255,149,2522,5125,4713,171,164,9769,4826,ITG,ITG1,19,Sicilia,Sicilia,4999891,1507156,30.14,0.29
1752,2021-01-20,SIC,810,412,398,424,59,192,0,20,2,0,0,0,113,573,237,ITG,ITG1,19,Sicilia,Sicilia,4999891,1507966,30.16,0.02
1753,2020-12-29,SIC,235,146,89,235,0,0,0,0,0,0,0,0,0,235,0,ITG,ITG1,19,Sicilia,Sicilia,4999891,1508201,30.16,0.0
1754,2021-04-26,SIC,21916,10373,11543,482,221,449,73,1388,1348,3693,14051,51,160,13779,8137,ITG,ITG1,19,Sicilia,Sicilia,4999891,1530117,30.6,0.44
1755,2021-04-30,SIC,35110,16416,18694,953,361,292,181,2965,2645,5118,22044,201,350,23910,11200,ITG,ITG1,19,Sicilia,Sicilia,4999891,1565227,31.31,0.7
1756,2021-02-26,SIC,12209,5966,6243,1833,1118,387,2443,47,18,3950,1,1851,561,10525,1684,ITG,ITG1,19,Sicilia,Sicilia,4999891,1577436,31.55,0.24
1757,2021-02-09,SIC,4413,1823,2590,2226,893,677,0,59,27,15,0,0,516,3358,1055,ITG,ITG1,19,Sicilia,Sicilia,4999891,1581849,31.64,0.09
1758,2021-05-13,SIC,47043,22100,24943,679,374,427,968,3096,1946,3103,24597,1327,10526,30571,16472,ITG,ITG1,19,Sicilia,Sicilia,4999891,1628892,32.58,0.94
1759,2021-01-17,SIC,1301,589,712,623,319,160,0,12,8,3,0,0,176,1245,56,ITG,ITG1,19,Sicilia,Sicilia,4999891,1630193,32.6,0.03
1760,2021-03-22,SIC,16817,7915,8902,912,364,384,1221,151,2147,5640,5651,120,227,11274,5543,ITG,ITG1,19,Sicilia,Sicilia,4999891,1647010,32.94,0.34
1761,2021-04-10,SIC,20661,10084,10577,486,196,367,239,1387,1763,4240,11732,44,207,11619,9042,ITG,ITG1,19,Sicilia,Sicilia,4999891,1667671,33.35,0.41
1762,2021-03-06,SIC,12917,5168,7749,1998,1209,865,3647,105,20,3958,65,697,353,10013,2904,ITG,ITG1,19,Sicilia,Sicilia,4999891,1680588,33.61,0.26
1763,2021-02-05,SIC,7217,3232,3985,3618,1903,856,0,74,32,109,0,0,625,2132,5085,ITG,ITG1,19,Sicilia,Sicilia,4999891,1687805,33.76,0.14
1764,2020-12-30,SIC,173,101,72,156,11,0,0,0,0,0,0,0,6,173,0,ITG,ITG1,19,Sicilia,Sicilia,4999891,1687978,33.76,0.0
1765,2021-03-17,SIC,15162,7460,7702,1403,561,701,62,157,204,5747,6039,43,245,9249,5913,ITG,ITG1,19,Sicilia,Sicilia,4999891,1703140,34.06,0.3
1766,2021-02-22,SIC,8016,4148,3868,1109,448,561,320,30,10,4133,0,1151,254,7525,491,ITG,ITG1,19,Sicilia,Sicilia,4999891,1711156,34.22,0.16
1767,2021-03-19,SIC,16515,8113,8402,1259,586,644,454,148,579,5428,7083,52,282,10787,5728,ITG,ITG1,19,Sicilia,Sicilia,4999891,1727671,34.55,0.33
1768,2021-01-08,SIC,8333,3866,4467,6596,942,213,0,78,33,23,0,0,448,8333,0,ITG,ITG1,19,Sicilia,Sicilia,4999891,1736004,34.72,0.17
1769,2021-03-28,SIC,10933,5137,5796,536,287,161,186,88,941,4513,4074,28,119,6922,4011,ITG,ITG1,19,Sicilia,Sicilia,4999891,1746937,34.94,0.22
1770,2021-01-05,SIC,10531,5160,5371,9078,915,207,0,47,7,4,0,0,273,10531,0,ITG,ITG1,19,Sicilia,Sicilia,4999891,1757468,35.15,0.21
1771,2021-01-06,SIC,6473,3404,3069,5719,434,2,0,51,31,15,0,0,221,6473,0,ITG,ITG1,19,Sicilia,Sicilia,4999891,1763941,35.28,0.13
1772,2021-04-15,SIC,21319,10369,10950,798,445,340,112,1742,1527,4164,11960,35,196,11763,9556,ITG,ITG1,19,Sicilia,Sicilia,4999891,1785260,35.71,0.43
1773,2021-03-01,SIC,12987,6132,6855,1559,1043,395,3154,58,18,4377,34,1859,490,11328,1659,ITG,ITG1,19,Sicilia,Sicilia,4999891,1798247,35.97,0.26
1774,2020-12-31,SIC,878,470,408,828,6,0,0,4,0,0,0,0,40,878,0,ITG,ITG1,19,Sicilia,Sicilia,4999891,1799125,35.98,0.02
1775,2021-01-12,SIC,4545,2235,2310,2863,1179,195,0,61,14,29,0,0,204,4545,0,ITG,ITG1,19,Sicilia,Sicilia,4999891,1803670,36.07,0.09
1776,2021-01-22,SIC,1248,632,616,1048,59,118,0,3,0,0,0,0,20,242,1006,ITG,ITG1,19,Sicilia,Sicilia,4999891,1804918,36.1,0.02
1777,2021-01-01,SIC,815,437,378,740,29,0,0,10,0,0,0,0,36,815,0,ITG,ITG1,19,Sicilia,Sicilia,4999891,1805733,36.12,0.02
1778,2021-03-18,SIC,15600,7781,7819,1285,510,617,37,153,186,5458,6992,73,289,9863,5737,ITG,ITG1,19,Sicilia,Sicilia,4999891,1821333,36.43,0.31
1779,2021-05-16,SIC,32618,15881,16737,406,166,63,1256,2903,1256,1886,13745,468,10469,21316,11302,ITG,ITG1,19,Sicilia,Sicilia,4999891,1853951,37.08,0.65
1780,2021-01-29,SIC,9357,4319,5038,7147,1601,305,0,27,8,79,1,0,189,426,8931,ITG,ITG1,19,Sicilia,Sicilia,4999891,1863308,37.27,0.19
1781,2021-03-12,SIC,13147,5623,7524,1391,873,751,2407,238,1990,3885,158,627,827,10923,2224,ITG,ITG1,19,Sicilia,Sicilia,4999891,1876455,37.53,0.26
1782,2021-02-27,SIC,12433,5564,6869,1511,775,280,3367,149,11,3969,2,1145,1224,11226,1207,ITG,ITG1,19,Sicilia,Sicilia,4999891,1888888,37.78,0.25
1783,2021-01-21,SIC,1347,657,690,1017,126,138,0,11,4,0,0,0,51,501,846,ITG,ITG1,19,Sicilia,Sicilia,4999891,1890235,37.81,0.03
1784,2021-04-17,SIC,26165,13219,12946,324,118,246,89,7791,2359,3875,11174,31,158,19014,7151,ITG,ITG1,19,Sicilia,Sicilia,4999891,1916400,38.33,0.52
1785,2021-03-10,SIC,13938,5952,7986,1479,1357,979,3758,148,23,4183,139,1105,767,11553,2385,ITG,ITG1,19,Sicilia,Sicilia,4999891,1930338,38.61,0.28
1786,2021-05-11,SIC,32381,15404,16977,613,272,204,760,1666,1505,2827,19973,1447,3114,19851,12530,ITG,ITG1,19,Sicilia,Sicilia,4999891,1962719,39.26,0.65
1787,2020-12-27,SIC,91,55,36,63,1,26,0,0,0,0,0,0,1,91,0,ITG,ITG1,19,Sicilia,Sicilia,4999891,1962810,39.26,0.0
1788,2021-02-20,SIC,7241,3725,3516,829,709,549,176,39,14,3978,9,729,209,6999,242,ITG,ITG1,19,Sicilia,Sicilia,4999891,1970051,39.4,0.14
1789,2021-02-28,ABR,1705,510,1195,23,6,0,1420,8,1,79,0,149,19,1703,2,ITF,ITF1,13,Abruzzo,Abruzzo,1304970,1705,0.13,0.13
1790,2021-01-17,ABR,187,59,128,136,44,0,0,0,0,0,0,0,7,180,7,ITF,ITF1,13,Abruzzo,Abruzzo,1304970,1892,0.14,0.01
1791,2021-05-13,ABR,10985,4971,6014,278,200,47,640,828,1413,612,5704,442,821,7023,3962,ITF,ITF1,13,Abruzzo,Abruzzo,1304970,12877,0.99,0.84
1792,2021-03-17,ABR,4539,1873,2666,285,102,144,11,18,33,3873,16,36,21,2800,1739,ITF,ITF1,13,Abruzzo,Abruzzo,1304970,17416,1.33,0.35
1793,2021-02-04,ABR,1680,615,1065,1168,413,57,0,5,0,0,0,0,37,609,1071,ITF,ITF1,13,Abruzzo,Abruzzo,1304970,19096,1.46,0.13
1794,2021-04-06,ABR,7682,3581,4101,432,98,44,54,114,499,2350,3940,46,105,5363,2319,ITF,ITF1,13,Abruzzo,Abruzzo,1304970,26778,2.05,0.59
1795,2021-02-09,ABR,908,311,597,612,161,131,0,1,1,1,0,0,1,499,409,ITF,ITF1,13,Abruzzo,Abruzzo,1304970,27686,2.12,0.07
1796,2021-04-26,ABR,8566,4068,4498,138,104,131,20,1663,2915,1077,2329,38,151,7349,1217,ITF,ITF1,13,Abruzzo,Abruzzo,1304970,36252,2.78,0.66
1797,2021-01-23,ABR,263,114,149,223,14,26,0,0,0,0,0,0,0,57,206,ITF,ITF1,13,Abruzzo,Abruzzo,1304970,36515,2.8,0.02
1798,2021-03-22,ABR,4281,1852,2429,384,388,56,441,31,19,2575,10,234,143,2311,1970,ITF,ITF1,13,Abruzzo,Abruzzo,1304970,40796,3.13,0.33
1799,2021-01-21,ABR,157,47,110,10,6,141,0,0,0,0,0,0,0,157,0,ITF,ITF1,13,Abruzzo,Abruzzo,1304970,40953,3.14,0.01
1800,2021-03-28,ABR,2415,1017,1398,247,129,1,175,105,54,895,421,242,146,2044,371,ITF,ITF1,13,Abruzzo,Abruzzo,1304970,43368,3.32,0.19
1801,2021-02-07,ABR,777,307,470,646,111,1,0,3,0,0,0,0,16,201,576,ITF,ITF1,13,Abruzzo,Abruzzo,1304970,44145,3.38,0.06
1802,2021-03-29,ABR,5625,2524,3101,463,54,49,195,71,73,3615,907,63,135,2986,2639,ITF,ITF1,13,Abruzzo,Abruzzo,1304970,49770,3.81,0.43
1803,2021-02-15,ABR,1795,832,963,625,258,221,0,0,10,392,0,263,26,1753,42,ITF,ITF1,13,Abruzzo,Abruzzo,1304970,51565,3.95,0.14
1804,2021-03-19,ABR,5793,2584,3209,755,280,118,13,14,42,4397,19,103,52,2774,3019,ITF,ITF1,13,Abruzzo,Abruzzo,1304970,57358,4.4,0.44
1805,2021-05-14,ABR,10426,4999,5427,244,152,48,160,736,1222,357,6224,366,917,5429,4997,ITF,ITF1,13,Abruzzo,Abruzzo,1304970,67784,5.19,0.8
1806,2021-02-21,ABR,1218,550,668,2,0,3,0,0,2,1209,0,2,0,1217,1,ITF,ITF1,13,Abruzzo,Abruzzo,1304970,69002,5.29,0.09
1807,2021-04-30,ABR,12310,5755,6555,345,140,74,99,2036,2830,1103,5405,33,245,6671,5639,ITF,ITF1,13,Abruzzo,Abruzzo,1304970,81312,6.23,0.94
1808,2021-01-12,ABR,1804,666,1138,1470,190,0,0,23,33,28,0,0,60,1804,0,ITF,ITF1,13,Abruzzo,Abruzzo,1304970,83116,6.37,0.14
1809,2021-02-26,ABR,3916,1670,2246,1025,336,160,261,64,11,1649,6,270,134,2948,968,ITF,ITF1,13,Abruzzo,Abruzzo,1304970,87032,6.67,0.3
1810,2021-03-21,ABR,2134,913,1221,9,0,1,130,7,9,1922,13,34,9,843,1291,ITF,ITF1,13,Abruzzo,Abruzzo,1304970,89166,6.83,0.16
1811,2021-03-05,ABR,5308,1948,3360,562,218,108,1392,77,4,2587,2,232,126,4610,698,ITF,ITF1,13,Abruzzo,Abruzzo,1304970,94474,7.24,0.41
1812,2021-01-22,ABR,118,57,61,2,1,112,0,1,0,0,0,0,2,118,0,ITF,ITF1,13,Abruzzo,Abruzzo,1304970,94592,7.25,0.01
1813,2021-02-12,ABR,1228,567,661,438,151,310,0,1,0,66,0,260,2,1039,189,ITF,ITF1,13,Abruzzo,Abruzzo,1304970,95820,7.34,0.09
1814,2021-03-06,ABR,4175,1356,2819,433,187,52,1555,29,8,1752,0,15,144,3605,570,ITF,ITF1,13,Abruzzo,Abruzzo,1304970,99995,7.66,0.32
1815,2021-03-18,ABR,3896,1651,2245,281,135,20,7,21,33,3297,4,68,30,2065,1831,ITF,ITF1,13,Abruzzo,Abruzzo,1304970,103891,7.96,0.3
1816,2021-05-10,ABR,10133,4795,5338,147,80,27,77,866,1940,351,5906,285,454,5484,4649,ITF,ITF1,13,Abruzzo,Abruzzo,1304970,114024,8.74,0.78
1817,2021-02-13,ABR,847,383,464,551,206,72,0,1,1,8,0,0,8,436,411,ITF,ITF1,13,Abruzzo,Abruzzo,1304970,114871,8.8,0.06
1818,2021-03-01,ABR,3477,1385,2092,689,174,174,282,18,10,1913,2,131,84,2724,753,ITF,ITF1,13,Abruzzo,Abruzzo,1304970,118348,9.07,0.27
1819,2021-04-22,ABR,6664,3193,3471,82,45,116,28,312,2117,921,2868,37,138,4983,1681,ITF,ITF1,13,Abruzzo,Abruzzo,1304970,125012,9.58,0.51
1820,2021-03-03,ABR,4619,1878,2741,1222,211,97,855,28,0,1585,3,385,233,3713,906,ITF,ITF1,13,Abruzzo,Abruzzo,1304970,129631,9.93,0.35
1821,2021-04-17,ABR,7345,3398,3947,349,251,23,65,192,454,2263,3665,32,51,4292,3053,ITF,ITF1,13,Abruzzo,Abruzzo,1304970,136976,10.5,0.56
1822,2021-05-07,ABR,12203,5707,6496,127,117,33,40,1577,2009,569,7176,85,470,7771,4432,ITF,ITF1,13,Abruzzo,Abruzzo,1304970,149179,11.43,0.94
1823,2021-03-08,ABR,5122,1666,3456,1188,280,115,2192,51,3,1032,0,105,156,4150,972,ITF,ITF1,13,Abruzzo,Abruzzo,1304970,154301,11.82,0.39
1824,2020-12-27,ABR,37,19,18,34,1,2,0,0,0,0,0,0,0,37,0,ITF,ITF1,13,Abruzzo,Abruzzo,1304970,154338,11.83,0.0
1825,2021-03-31,ABR,6648,2878,3770,446,279,80,245,53,83,3258,2042,30,132,4581,2067,ITF,ITF1,13,Abruzzo,Abruzzo,1304970,160986,12.34,0.51
1826,2021-03-10,ABR,4947,1638,3309,736,300,248,1870,27,4,1520,11,128,103,3990,957,ITF,ITF1,13,Abruzzo,Abruzzo,1304970,165933,12.72,0.38
1827,2021-02-23,ABR,2782,1275,1507,324,184,217,100,4,8,1490,2,286,167,2771,11,ITF,ITF1,13,Abruzzo,Abruzzo,1304970,168715,12.93,0.21
1828,2021-04-19,ABR,6225,2855,3370,77,74,36,22,149,2246,1258,2220,26,117,3855,2370,ITF,ITF1,13,Abruzzo,Abruzzo,1304970,174940,13.41,0.48
1829,2021-04-24,ABR,8712,3971,4741,84,137,137,23,324,1369,1227,5314,21,76,7179,1533,ITF,ITF1,13,Abruzzo,Abruzzo,1304970,183652,14.07,0.67
1830,2021-04-18,ABR,5812,2726,3086,149,71,25,19,75,168,964,4303,13,25,4870,942,ITF,ITF1,13,Abruzzo,Abruzzo,1304970,189464,14.52,0.45
1831,2021-03-04,ABR,5935,2358,3577,1170,322,92,818,39,12,2992,5,329,156,5013,922,ITF,ITF1,13,Abruzzo,Abruzzo,1304970,195399,14.97,0.45
1832,2021-03-23,ABR,4782,2143,2639,177,183,183,400,14,23,3356,13,355,78,2216,2566,ITF,ITF1,13,Abruzzo,Abruzzo,1304970,200181,15.34,0.37
1833,2021-05-15,ABR,11333,5136,6197,158,514,24,84,1184,1158,291,6635,185,1100,6046,5287,ITF,ITF1,13,Abruzzo,Abruzzo,1304970,211514,16.21,0.87
1834,2021-01-24,ABR,50,22,28,49,1,0,0,0,0,0,0,0,0,6,44,ITF,ITF1,13,Abruzzo,Abruzzo,1304970,211564,16.21,0.0
1835,2021-01-31,ABR,1501,487,1014,1154,236,102,0,1,0,0,0,0,8,286,1215,ITF,ITF1,13,Abruzzo,Abruzzo,1304970,213065,16.33,0.12
1836,2021-01-27,ABR,1364,515,849,1301,61,0,0,1,0,0,0,0,1,39,1325,ITF,ITF1,13,Abruzzo,Abruzzo,1304970,214429,16.43,0.1
1837,2021-03-09,ABR,5168,1795,3373,986,311,86,2046,31,3,1320,69,214,102,4229,939,ITF,ITF1,13,Abruzzo,Abruzzo,1304970,219597,16.83,0.4
1838,2021-01-04,ABR,1401,575,826,1396,5,0,0,0,0,0,0,0,0,1401,0,ITF,ITF1,13,Abruzzo,Abruzzo,1304970,220998,16.94,0.11
1839,2021-03-11,ABR,5420,2184,3236,1321,265,241,1563,50,20,1538,16,247,159,4281,1139,ITF,ITF1,13,Abruzzo,Abruzzo,1304970,226418,17.35,0.42
1840,2021-05-08,ABR,10287,4868,5419,137,120,46,31,1461,1587,744,5346,227,588,6451,3836,ITF,ITF1,13,Abruzzo,Abruzzo,1304970,236705,18.14,0.79
1841,2021-02-01,ABR,1632,573,1059,1384,228,1,0,3,0,0,0,0,16,271,1361,ITF,ITF1,13,Abruzzo,Abruzzo,1304970,238337,18.26,0.13
1842,2021-01-20,ABR,447,156,291,147,73,204,0,12,0,0,0,0,11,445,2,ITF,ITF1,13,Abruzzo,Abruzzo,1304970,238784,18.3,0.03
1843,2021-04-05,ABR,2693,1147,1546,136,205,4,16,31,41,1371,844,11,34,1813,880,ITF,ITF1,13,Abruzzo,Abruzzo,1304970,241477,18.5,0.21
1844,2021-01-03,ABR,471,185,286,464,7,0,0,0,0,0,0,0,0,471,0,ITF,ITF1,13,Abruzzo,Abruzzo,1304970,241948,18.54,0.04
1845,2021-04-13,ABR,5880,2753,3127,94,61,78,150,85,407,1260,3666,31,48,4680,1200,ITF,ITF1,13,Abruzzo,Abruzzo,1304970,247828,18.99,0.45
1846,2021-04-09,ABR,8748,4116,4632,311,121,32,44,106,811,3286,3902,40,95,6209,2539,ITF,ITF1,13,Abruzzo,Abruzzo,1304970,256576,19.66,0.67
1847,2021-01-28,ABR,1433,495,938,1370,61,1,0,0,1,0,0,0,0,12,1421,ITF,ITF1,13,Abruzzo,Abruzzo,1304970,258009,19.77,0.11
1848,2021-03-15,ABR,3630,1395,2235,657,358,79,330,27,40,1957,2,54,126,1822,1808,ITF,ITF1,13,Abruzzo,Abruzzo,1304970,261639,20.05,0.28
1849,2021-04-07,ABR,7119,3282,3837,187,214,82,15,69,106,3219,3054,96,77,4394,2725,ITF,ITF1,13,Abruzzo,Abruzzo,1304970,268758,20.59,0.55
1850,2021-02-03,ABR,2061,717,1344,1541,362,118,0,4,0,0,0,0,36,419,1642,ITF,ITF1,13,Abruzzo,Abruzzo,1304970,270819,20.75,0.16
1851,2021-01-19,ABR,111,55,56,27,3,50,0,8,0,0,0,0,23,91,20,ITF,ITF1,13,Abruzzo,Abruzzo,1304970,270930,20.76,0.01
1852,2021-03-27,ABR,6121,2620,3501,189,228,48,216,86,155,4269,736,77,117,3636,2485,ITF,ITF1,13,Abruzzo,Abruzzo,1304970,277051,21.23,0.47
1853,2021-05-01,ABR,10737,5049,5688,114,61,41,39,1236,1709,1134,6244,23,136,5759,4978,ITF,ITF1,13,Abruzzo,Abruzzo,1304970,287788,22.05,0.82
1854,2021-03-24,ABR,6371,2776,3595,484,299,231,430,111,232,3423,542,344,275,4118,2253,ITF,ITF1,13,Abruzzo,Abruzzo,1304970,294159,22.54,0.49
1855,2021-01-13,ABR,1253,440,813,1103,99,0,0,7,1,7,0,0,36,1253,0,ITF,ITF1,13,Abruzzo,Abruzzo,1304970,295412,22.64,0.1
1856,2021-04-14,ABR,6504,2896,3608,336,94,119,61,85,434,1467,3844,18,46,4426,2078,ITF,ITF1,13,Abruzzo,Abruzzo,1304970,301916,23.14,0.5
1857,2021-03-07,ABR,2515,628,1887,28,99,4,1815,68,10,463,0,1,27,2515,0,ITF,ITF1,13,Abruzzo,Abruzzo,1304970,304431,23.33,0.19
1858,2021-03-30,ABR,5057,2198,2859,211,204,38,286,52,57,2743,1327,51,88,3233,1824,ITF,ITF1,13,Abruzzo,Abruzzo,1304970,309488,23.72,0.39
1859,2021-03-25,ABR,5685,2560,3125,249,211,40,448,58,102,3820,239,311,207,3070,2615,ITF,ITF1,13,Abruzzo,Abruzzo,1304970,315173,24.15,0.44
1860,2021-05-12,ABR,9440,4496,4944,157,114,111,182,817,1335,247,5249,418,810,6020,3420,ITF,ITF1,13,Abruzzo,Abruzzo,1304970,324613,24.88,0.72
1861,2021-03-13,ABR,4125,1421,2704,518,606,138,1057,77,36,1402,6,105,180,3083,1042,ITF,ITF1,13,Abruzzo,Abruzzo,1304970,328738,25.19,0.32
1862,2021-04-28,ABR,9496,4579,4917,161,148,74,20,2353,1816,848,3882,35,159,7477,2019,ITF,ITF1,13,Abruzzo,Abruzzo,1304970,338234,25.92,0.73
1863,2021-04-02,ABR,6683,3093,3590,184,609,26,94,77,215,3304,2044,79,51,5197,1486,ITF,ITF1,13,Abruzzo,Abruzzo,1304970,344917,26.43,0.51
1864,2021-01-16,ABR,928,428,500,711,188,15,0,4,0,0,0,0,10,928,0,ITF,ITF1,13,Abruzzo,Abruzzo,1304970,345845,26.5,0.07
1865,2021-03-26,ABR,5301,2260,3041,264,213,37,449,75,122,3398,357,241,145,3231,2070,ITF,ITF1,13,Abruzzo,Abruzzo,1304970,351146,26.91,0.41
1866,2021-04-04,ABR,1630,767,863,94,57,2,4,9,282,446,718,2,16,1501,129,ITF,ITF1,13,Abruzzo,Abruzzo,1304970,352776,27.03,0.12
1867,2021-02-22,ABR,2643,1174,1469,477,275,46,251,4,4,1094,0,418,74,2613,30,ITF,ITF1,13,Abruzzo,Abruzzo,1304970,355419,27.24,0.2
1868,2021-03-12,ABR,6014,1984,4030,1003,591,138,2187,46,11,1726,2,141,169,4432,1582,ITF,ITF1,13,Abruzzo,Abruzzo,1304970,361433,27.7,0.46
1869,2021-03-16,ABR,3484,1452,2032,284,74,168,12,19,44,2849,6,8,20,1830,1654,ITF,ITF1,13,Abruzzo,Abruzzo,1304970,364917,27.96,0.27
1870,2021-04-10,ABR,8771,4057,4714,390,302,13,147,224,1132,2931,3456,32,144,6264,2507,ITF,ITF1,13,Abruzzo,Abruzzo,1304970,373688,28.64,0.67
1871,2021-02-11,ABR,816,262,554,473,184,154,0,0,0,0,0,0,5,773,43,ITF,ITF1,13,Abruzzo,Abruzzo,1304970,374504,28.7,0.06
1872,2021-04-15,ABR,7742,3609,4133,199,97,92,53,87,330,1567,5239,22,56,5903,1839,ITF,ITF1,13,Abruzzo,Abruzzo,1304970,382246,29.29,0.59
1873,2021-01-06,ABR,1830,664,1166,1546,148,133,0,0,0,0,0,0,3,1830,0,ITF,ITF1,13,Abruzzo,Abruzzo,1304970,384076,29.43,0.14
1874,2021-01-05,ABR,1614,604,1010,1604,10,0,0,0,0,0,0,0,0,1614,0,ITF,ITF1,13,Abruzzo,Abruzzo,1304970,385690,29.56,0.12
1875,2021-05-04,ABR,10687,5037,5650,176,116,17,36,1764,2522,357,5304,45,350,7069,3618,ITF,ITF1,13,Abruzzo,Abruzzo,1304970,396377,30.37,0.82
1876,2021-01-15,ABR,379,149,230,223,79,35,0,7,2,0,0,0,33,379,0,ITF,ITF1,13,Abruzzo,Abruzzo,1304970,396756,30.4,0.03
1877,2021-04-01,ABR,5528,2450,3078,273,117,56,153,153,156,2912,1527,48,133,3441,2087,ITF,ITF1,13,Abruzzo,Abruzzo,1304970,402284,30.83,0.42
1878,2021-04-03,ABR,5074,2212,2862,174,91,27,84,73,112,2403,1958,62,90,3478,1596,ITF,ITF1,13,Abruzzo,Abruzzo,1304970,407358,31.22,0.39
1879,2021-02-08,ABR,1197,396,801,710,214,264,0,1,0,0,0,0,8,487,710,ITF,ITF1,13,Abruzzo,Abruzzo,1304970,408555,31.31,0.09
1880,2021-01-18,ABR,122,48,74,106,8,2,0,3,0,0,0,0,3,46,76,ITF,ITF1,13,Abruzzo,Abruzzo,1304970,408677,31.32,0.01
1881,2021-02-27,ABR,2811,1337,1474,253,84,126,874,17,6,732,1,657,61,2545,266,ITF,ITF1,13,Abruzzo,Abruzzo,1304970,411488,31.53,0.22
1882,2021-04-11,ABR,5330,2606,2724,15,8,7,6,93,628,784,3732,6,51,4847,483,ITF,ITF1,13,Abruzzo,Abruzzo,1304970,416818,31.94,0.41
1883,2021-02-24,ABR,3302,1439,1863,391,180,248,131,12,12,1968,4,247,109,3126,176,ITF,ITF1,13,Abruzzo,Abruzzo,1304970,420120,32.19,0.25
1884,2021-01-29,ABR,1386,449,937,1290,95,0,0,1,0,0,0,0,0,74,1312,ITF,ITF1,13,Abruzzo,Abruzzo,1304970,421506,32.3,0.11
1885,2021-05-16,ABR,9531,4108,5423,158,210,19,1181,1160,635,240,5314,102,512,5719,3812,ITF,ITF1,13,Abruzzo,Abruzzo,1304970,431037,33.03,0.73
1886,2021-01-25,ABR,1603,632,971,1583,19,0,0,0,0,0,0,0,1,19,1584,ITF,ITF1,13,Abruzzo,Abruzzo,1304970,432640,33.15,0.12
1887,2021-02-17,ABR,2071,948,1123,512,144,393,1,0,21,714,0,210,76,1789,282,ITF,ITF1,13,Abruzzo,Abruzzo,1304970,434711,33.31,0.16
1888,2021-03-20,ABR,4721,2152,2569,318,205,62,95,50,99,3645,45,99,103,2558,2163,ITF,ITF1,13,Abruzzo,Abruzzo,1304970,439432,33.67,0.36
1889,2021-04-12,ABR,6227,2951,3276,217,67,50,36,192,504,1303,3757,20,81,5053,1174,ITF,ITF1,13,Abruzzo,Abruzzo,1304970,445659,34.15,0.48
1890,2021-01-07,ABR,1603,552,1051,1566,37,0,0,0,0,0,0,0,0,1603,0,ITF,ITF1,13,Abruzzo,Abruzzo,1304970,447262,34.27,0.12
1891,2021-01-09,ABR,1483,565,918,1430,50,0,0,1,0,0,0,0,2,1483,0,ITF,ITF1,13,Abruzzo,Abruzzo,1304970,448745,34.39,0.11
1892,2021-02-18,ABR,2288,933,1355,670,297,414,0,3,5,612,0,215,72,2158,130,ITF,ITF1,13,Abruzzo,Abruzzo,1304970,451033,34.56,0.18
1893,2021-01-08,ABR,1525,507,1018,1487,36,0,0,1,1,0,0,0,0,1525,0,ITF,ITF1,13,Abruzzo,Abruzzo,1304970,452558,34.68,0.12
1894,2021-05-11,ABR,10654,5059,5595,190,185,24,61,626,1507,340,6551,487,683,5827,4827,ITF,ITF1,13,Abruzzo,Abruzzo,1304970,463212,35.5,0.82
1895,2021-02-19,ABR,3300,1551,1749,990,346,371,8,10,9,1113,1,402,50,3200,100,ITF,ITF1,13,Abruzzo,Abruzzo,1304970,466512,35.75,0.25
1896,2021-02-16,ABR,1918,842,1076,841,278,139,0,4,2,501,0,75,78,1906,12,ITF,ITF1,13,Abruzzo,Abruzzo,1304970,468430,35.9,0.15
1897,2021-04-29,ABR,12663,5846,6817,286,87,85,109,2846,3185,817,4974,57,217,9565,3098,ITF,ITF1,13,Abruzzo,Abruzzo,1304970,481093,36.87,0.97
1898,2021-01-14,ABR,530,189,341,364,114,0,0,4,5,34,0,0,9,530,0,ITF,ITF1,13,Abruzzo,Abruzzo,1304970,481623,36.91,0.04
1899,2021-05-06,ABR,12901,5991,6910,251,123,53,29,1635,2298,499,7186,90,737,7900,5001,ITF,ITF1,13,Abruzzo,Abruzzo,1304970,494524,37.9,0.99
1900,2021-01-26,ABR,1542,567,975,1513,29,0,0,0,0,0,0,0,0,29,1513,ITF,ITF1,13,Abruzzo,Abruzzo,1304970,496066,38.01,0.12
1901,2021-04-21,ABR,6384,3100,3284,63,53,13,14,989,1513,1020,2597,9,113,4709,1675,ITF,ITF1,13,Abruzzo,Abruzzo,1304970,502450,38.5,0.49
1902,2021-02-25,ABR,3042,1330,1712,615,398,57,126,28,6,1465,2,262,83,2514,528,ITF,ITF1,13,Abruzzo,Abruzzo,1304970,505492,38.74,0.23
1903,2021-02-10,ABR,947,312,635,621,182,116,0,5,0,0,0,0,23,503,444,ITF,ITF1,13,Abruzzo,Abruzzo,1304970,506439,38.81,0.07
1904,2021-01-10,ABR,1139,409,730,1091,44,0,0,0,0,0,0,0,4,1139,0,ITF,ITF1,13,Abruzzo,Abruzzo,1304970,507578,38.9,0.09
1905,2021-02-20,ABR,4778,1842,2936,310,443,193,1886,5,12,1416,1,405,107,4702,76,ITF,ITF1,13,Abruzzo,Abruzzo,1304970,512356,39.26,0.37
1906,2021-04-25,ABR,9068,4620,4448,66,54,22,5,4356,1781,589,2065,19,111,8259,809,ITF,ITF1,13,Abruzzo,Abruzzo,1304970,521424,39.96,0.69
1907,2021-04-27,ABR,9085,4370,4715,115,101,22,34,1767,2361,959,3548,27,151,6613,2472,ITF,ITF1,13,Abruzzo,Abruzzo,1304970,530509,40.65,0.7
1908,2021-04-23,ABR,7350,3373,3977,157,67,122,27,534,1639,1522,3170,14,98,5066,2284,ITF,ITF1,13,Abruzzo,Abruzzo,1304970,537859,41.22,0.56
1909,2021-03-14,ABR,1883,731,1152,8,3,0,249,20,7,1477,0,2,117,1216,667,ITF,ITF1,13,Abruzzo,Abruzzo,1304970,539742,41.36,0.14
1910,2021-05-03,ABR,11104,5238,5866,279,119,65,93,1668,2763,490,5369,21,237,7255,3849,ITF,ITF1,13,Abruzzo,Abruzzo,1304970,550846,42.21,0.85
1911,2021-02-05,ABR,1534,521,1013,1187,188,106,0,9,0,0,0,0,44,788,746,ITF,ITF1,13,Abruzzo,Abruzzo,1304970,552380,42.33,0.12
1912,2021-04-20,ABR,5589,2689,2900,39,82,1,20,326,2180,920,1948,18,55,4179,1410,ITF,ITF1,13,Abruzzo,Abruzzo,1304970,557969,42.76,0.43
1913,2021-01-30,ABR,1510,567,943,1349,112,47,0,0,0,0,0,0,2,69,1441,ITF,ITF1,13,Abruzzo,Abruzzo,1304970,559479,42.87,0.12
1914,2021-01-02,ABR,548,218,330,540,5,0,0,0,0,0,0,0,3,548,0,ITF,ITF1,13,Abruzzo,Abruzzo,1304970,560027,42.91,0.04
1915,2021-04-16,ABR,7539,3489,4050,157,79,46,33,168,271,1687,5043,12,43,5620,1919,ITF,ITF1,13,Abruzzo,Abruzzo,1304970,567566,43.49,0.58
1916,2021-05-09,ABR,9152,4088,5064,74,59,55,959,958,1399,407,4636,133,472,4280,4872,ITF,ITF1,13,Abruzzo,Abruzzo,1304970,576718,44.19,0.7
1917,2021-05-05,ABR,11573,5541,6032,160,194,49,31,1228,2110,476,6690,29,606,6445,5128,ITF,ITF1,13,Abruzzo,Abruzzo,1304970,588291,45.08,0.89
1918,2021-02-06,ABR,1610,742,868,1167,278,72,0,14,7,2,0,0,70,602,1008,ITF,ITF1,13,Abruzzo,Abruzzo,1304970,589901,45.2,0.12
1919,2021-01-11,ABR,1551,557,994,1337,152,48,0,3,0,0,0,0,11,1551,0,ITF,ITF1,13,Abruzzo,Abruzzo,1304970,591452,45.32,0.12
1920,2021-05-02,ABR,10421,5086,5335,148,78,4,20,1156,1685,336,6826,23,145,5212,5209,ITF,ITF1,13,Abruzzo,Abruzzo,1304970,601873,46.12,0.8
1921,2021-04-08,ABR,7338,3317,4021,156,85,73,203,70,404,2632,3619,45,51,5060,2278,ITF,ITF1,13,Abruzzo,Abruzzo,1304970,609211,46.68,0.56
1922,2021-03-02,ABR,3963,1676,2287,934,220,53,405,82,3,1856,2,299,109,3279,684,ITF,ITF1,13,Abruzzo,Abruzzo,1304970,613174,46.99,0.3
1923,2021-02-02,ABR,1778,672,1106,1235,395,139,0,1,0,0,0,0,8,222,1556,ITF,ITF1,13,Abruzzo,Abruzzo,1304970,614952,47.12,0.14
1924,2021-01-26,BAS,793,350,443,622,70,35,0,18,0,0,0,0,48,101,692,ITF,ITF5,17,Basilicata,Basilicata,559084,793,0.14,0.14
1925,2021-05-16,BAS,4955,2460,2495,42,23,3,47,231,569,19,3323,5,693,2848,2107,ITF,ITF5,17,Basilicata,Basilicata,559084,5748,1.03,0.89
1926,2021-01-31,BAS,77,24,53,75,2,0,0,0,0,0,0,0,0,0,77,ITF,ITF5,17,Basilicata,Basilicata,559084,5825,1.04,0.01
1927,2021-03-27,BAS,2178,826,1352,21,41,0,383,14,24,1639,30,6,20,1816,362,ITF,ITF5,17,Basilicata,Basilicata,559084,8003,1.43,0.39
1928,2021-05-08,BAS,4838,2400,2438,47,19,3,17,728,893,25,2886,18,202,3431,1407,ITF,ITF5,17,Basilicata,Basilicata,559084,12841,2.3,0.87
1929,2021-02-10,BAS,547,237,310,176,153,127,1,0,0,90,0,0,0,495,52,ITF,ITF5,17,Basilicata,Basilicata,559084,13388,2.39,0.1
1930,2021-04-13,BAS,2116,1052,1064,147,15,1,64,423,439,815,177,7,28,1293,823,ITF,ITF5,17,Basilicata,Basilicata,559084,15504,2.77,0.38
1931,2021-04-15,BAS,3446,1675,1771,113,36,1,26,243,207,738,2042,6,34,2638,808,ITF,ITF5,17,Basilicata,Basilicata,559084,18950,3.39,0.62
1932,2021-03-10,BAS,1650,814,836,101,57,33,273,1,4,877,2,300,2,811,839,ITF,ITF5,17,Basilicata,Basilicata,559084,20600,3.68,0.3
1933,2021-03-08,BAS,1451,708,743,222,158,38,273,7,12,410,2,299,30,840,611,ITF,ITF5,17,Basilicata,Basilicata,559084,22051,3.94,0.26
1934,2021-03-28,BAS,2139,741,1398,92,6,8,710,3,8,1276,7,0,29,2122,17,ITF,ITF5,17,Basilicata,Basilicata,559084,24190,4.33,0.38
1935,2021-03-20,BAS,1286,566,720,45,69,0,178,0,8,950,30,5,1,275,1011,ITF,ITF5,17,Basilicata,Basilicata,559084,25476,4.56,0.23
1936,2021-04-06,BAS,1266,461,805,274,72,7,412,25,8,346,41,27,54,1082,184,ITF,ITF5,17,Basilicata,Basilicata,559084,26742,4.78,0.23
1937,2021-04-26,BAS,4460,2163,2297,24,12,0,73,438,1006,180,2634,17,76,4240,220,ITF,ITF5,17,Basilicata,Basilicata,559084,31202,5.58,0.8
1938,2021-03-19,BAS,2289,992,1297,58,96,0,142,1,8,1955,2,22,5,261,2028,ITF,ITF5,17,Basilicata,Basilicata,559084,33491,5.99,0.41
1939,2021-01-29,BAS,613,229,384,398,38,70,0,41,2,16,0,0,48,63,550,ITF,ITF5,17,Basilicata,Basilicata,559084,34104,6.1,0.11
1940,2021-02-24,BAS,1803,743,1060,85,14,2,0,4,8,1686,0,1,3,1734,69,ITF,ITF5,17,Basilicata,Basilicata,559084,35907,6.42,0.32
1941,2021-02-07,BAS,373,159,214,259,74,40,0,0,0,0,0,0,0,49,324,ITF,ITF5,17,Basilicata,Basilicata,559084,36280,6.49,0.07
1942,2021-05-13,BAS,5978,2963,3015,46,22,23,28,760,828,101,3660,14,496,3383,2595,ITF,ITF5,17,Basilicata,Basilicata,559084,42258,7.56,1.07
1943,2021-05-14,BAS,5898,2793,3105,57,9,34,26,578,715,52,3958,16,453,3367,2531,ITF,ITF5,17,Basilicata,Basilicata,559084,48156,8.61,1.05
1944,2021-01-17,BAS,328,133,195,233,12,54,0,5,1,0,0,0,23,327,1,ITF,ITF5,17,Basilicata,Basilicata,559084,48484,8.67,0.06
1945,2021-04-11,BAS,848,330,518,75,3,9,225,3,5,46,474,3,5,786,62,ITF,ITF5,17,Basilicata,Basilicata,559084,49332,8.82,0.15
1946,2021-01-21,BAS,30,10,20,0,0,0,0,2,0,4,0,0,24,30,0,ITF,ITF5,17,Basilicata,Basilicata,559084,49362,8.83,0.01
1947,2021-02-26,BAS,2149,904,1245,89,94,1,0,2,6,1954,0,0,3,2069,80,ITF,ITF5,17,Basilicata,Basilicata,559084,51511,9.21,0.38
1948,2021-04-12,BAS,2178,1056,1122,230,24,31,92,721,441,451,164,11,13,1678,500,ITF,ITF5,17,Basilicata,Basilicata,559084,53689,9.6,0.39
1949,2021-01-07,BAS,640,319,321,556,8,29,0,16,0,0,0,0,31,640,0,ITF,ITF5,17,Basilicata,Basilicata,559084,54329,9.72,0.11
1950,2021-02-23,BAS,1901,771,1130,159,24,35,0,4,15,1658,0,0,6,1763,138,ITF,ITF5,17,Basilicata,Basilicata,559084,56230,10.06,0.34
1951,2021-01-25,BAS,1022,429,593,830,80,1,0,33,2,0,0,0,76,74,948,ITF,ITF5,17,Basilicata,Basilicata,559084,57252,10.24,0.18
1952,2021-03-21,BAS,1046,481,565,32,1,0,159,2,9,804,0,0,39,352,694,ITF,ITF5,17,Basilicata,Basilicata,559084,58298,10.43,0.19
1953,2021-03-05,BAS,1851,855,996,298,158,72,309,6,12,690,2,296,8,1105,746,ITF,ITF5,17,Basilicata,Basilicata,559084,60149,10.76,0.33
1954,2021-05-07,BAS,4633,2276,2357,56,14,15,14,415,922,104,2902,30,161,3281,1352,ITF,ITF5,17,Basilicata,Basilicata,559084,64782,11.59,0.83
1955,2021-04-17,BAS,3459,1655,1804,53,7,0,10,13,18,1232,2110,11,5,2198,1261,ITF,ITF5,17,Basilicata,Basilicata,559084,68241,12.21,0.62
1956,2021-04-22,BAS,5034,2345,2689,61,17,23,85,272,903,1451,2079,61,82,3432,1602,ITF,ITF5,17,Basilicata,Basilicata,559084,73275,13.11,0.9
1957,2021-04-04,BAS,610,225,385,14,8,0,158,8,0,406,10,4,2,197,413,ITF,ITF5,17,Basilicata,Basilicata,559084,73885,13.22,0.11
1958,2021-03-06,BAS,1352,535,817,296,140,57,259,0,2,383,0,212,3,757,595,ITF,ITF5,17,Basilicata,Basilicata,559084,75237,13.46,0.24
1959,2021-03-03,BAS,1741,813,928,192,298,99,244,3,3,590,58,253,1,1184,557,ITF,ITF5,17,Basilicata,Basilicata,559084,76978,13.77,0.31
1960,2021-01-22,BAS,67,24,43,6,0,0,0,13,10,19,0,0,19,67,0,ITF,ITF5,17,Basilicata,Basilicata,559084,77045,13.78,0.01
1961,2021-03-25,BAS,1874,598,1276,41,55,11,762,5,13,931,28,25,3,1534,340,ITF,ITF5,17,Basilicata,Basilicata,559084,78919,14.12,0.34
1962,2021-03-16,BAS,1900,799,1101,103,30,0,62,4,13,1672,2,6,8,228,1672,ITF,ITF5,17,Basilicata,Basilicata,559084,80819,14.46,0.34
1963,2021-01-09,BAS,557,160,397,386,55,67,1,7,0,0,0,0,41,557,0,ITF,ITF5,17,Basilicata,Basilicata,559084,81376,14.56,0.1
1964,2021-02-15,BAS,621,232,389,191,134,46,0,0,3,246,0,1,0,580,41,ITF,ITF5,17,Basilicata,Basilicata,559084,81997,14.67,0.11
1965,2021-05-15,BAS,6509,3331,3178,57,21,2,25,800,817,94,3734,18,941,3945,2564,ITF,ITF5,17,Basilicata,Basilicata,559084,88506,15.83,1.16
1966,2021-03-13,BAS,1794,888,906,82,325,46,213,2,6,864,1,245,10,749,1045,ITF,ITF5,17,Basilicata,Basilicata,559084,90300,16.15,0.32
1967,2021-02-09,BAS,491,213,278,200,237,54,0,0,0,0,0,0,0,316,175,ITF,ITF5,17,Basilicata,Basilicata,559084,90791,16.24,0.09
1968,2021-05-10,BAS,4777,2369,2408,46,24,0,9,326,639,75,3427,12,219,2738,2039,ITF,ITF5,17,Basilicata,Basilicata,559084,95568,17.09,0.85
1969,2020-12-27,BAS,106,41,65,104,0,0,0,0,0,0,0,0,2,106,0,ITF,ITF5,17,Basilicata,Basilicata,559084,95674,17.11,0.02
1970,2021-05-01,BAS,4701,2135,2566,78,23,9,335,432,704,95,2708,33,284,3951,750,ITF,ITF5,17,Basilicata,Basilicata,559084,100375,17.95,0.84
1971,2021-01-27,BAS,411,175,236,299,17,26,0,12,9,25,0,0,23,113,298,ITF,ITF5,17,Basilicata,Basilicata,559084,100786,18.03,0.07
1972,2021-01-05,BAS,945,409,536,861,44,0,0,12,0,0,0,0,28,945,0,ITF,ITF5,17,Basilicata,Basilicata,559084,101731,18.2,0.17
1973,2021-03-09,BAS,1391,706,685,222,51,33,238,2,2,545,0,292,6,787,604,ITF,ITF5,17,Basilicata,Basilicata,559084,103122,18.44,0.25
1974,2021-01-02,BAS,949,380,569,855,43,0,3,9,0,0,0,0,39,949,0,ITF,ITF5,17,Basilicata,Basilicata,559084,104071,18.61,0.17
1975,2021-01-20,BAS,84,22,62,0,0,0,0,10,8,43,0,0,23,84,0,ITF,ITF5,17,Basilicata,Basilicata,559084,104155,18.63,0.02
1976,2021-03-23,BAS,1589,612,977,55,7,0,598,7,2,891,5,20,4,1409,180,ITF,ITF5,17,Basilicata,Basilicata,559084,105744,18.91,0.28
1977,2021-04-20,BAS,4024,1916,2108,31,13,10,60,57,213,1689,1925,10,16,2198,1826,ITF,ITF5,17,Basilicata,Basilicata,559084,109768,19.63,0.72
1978,2021-05-02,BAS,4183,2001,2182,54,8,0,175,296,764,24,2728,10,124,3554,629,ITF,ITF5,17,Basilicata,Basilicata,559084,113951,20.38,0.75
1979,2021-01-15,BAS,813,350,463,578,21,174,0,5,1,1,0,0,33,813,0,ITF,ITF5,17,Basilicata,Basilicata,559084,114764,20.53,0.15
1980,2021-04-19,BAS,4154,1907,2247,76,19,58,93,29,101,1570,2159,11,38,2517,1637,ITF,ITF5,17,Basilicata,Basilicata,559084,118918,21.27,0.74
1981,2021-05-09,BAS,4674,2336,2338,19,21,1,4,603,709,15,3051,25,226,2984,1690,ITF,ITF5,17,Basilicata,Basilicata,559084,123592,22.11,0.84
1982,2021-03-11,BAS,1783,919,864,163,83,77,223,5,5,905,3,289,30,824,959,ITF,ITF5,17,Basilicata,Basilicata,559084,125375,22.43,0.32
1983,2021-04-08,BAS,764,349,415,181,53,0,187,13,9,84,177,35,25,755,9,ITF,ITF5,17,Basilicata,Basilicata,559084,126139,22.56,0.14
1984,2021-01-11,BAS,183,66,117,107,21,41,0,4,0,0,0,0,10,183,0,ITF,ITF5,17,Basilicata,Basilicata,559084,126322,22.59,0.03
1985,2021-01-28,BAS,903,401,502,717,24,81,0,30,0,1,0,0,50,119,784,ITF,ITF5,17,Basilicata,Basilicata,559084,127225,22.76,0.16
1986,2021-04-14,BAS,2040,996,1044,34,4,2,67,297,602,661,336,12,25,1366,674,ITF,ITF5,17,Basilicata,Basilicata,559084,129265,23.12,0.36
1987,2021-01-12,BAS,217,88,129,87,22,99,0,1,0,0,0,0,8,217,0,ITF,ITF5,17,Basilicata,Basilicata,559084,129482,23.16,0.04
1988,2021-03-07,BAS,882,308,574,39,12,4,471,2,0,328,0,22,4,844,38,ITF,ITF5,17,Basilicata,Basilicata,559084,130364,23.32,0.16
1989,2021-03-02,BAS,791,381,410,110,33,5,213,5,4,184,0,237,0,656,135,ITF,ITF5,17,Basilicata,Basilicata,559084,131155,23.46,0.14
1990,2021-02-11,BAS,951,401,550,200,158,107,0,0,6,472,0,4,4,868,83,ITF,ITF5,17,Basilicata,Basilicata,559084,132106,23.63,0.17
1991,2021-01-23,BAS,715,302,413,600,38,1,0,18,2,8,0,0,48,33,682,ITF,ITF5,17,Basilicata,Basilicata,559084,132821,23.76,0.13
1992,2021-04-09,BAS,1149,350,799,141,16,1,622,12,12,136,128,49,32,1086,63,ITF,ITF5,17,Basilicata,Basilicata,559084,133970,23.96,0.21
1993,2021-01-14,BAS,969,413,556,504,112,323,0,6,0,0,0,0,24,969,0,ITF,ITF5,17,Basilicata,Basilicata,559084,134939,24.14,0.17
1994,2021-01-18,BAS,463,157,306,364,52,45,0,0,0,0,0,0,2,364,99,ITF,ITF5,17,Basilicata,Basilicata,559084,135402,24.22,0.08
1995,2021-04-07,BAS,1218,549,669,272,23,18,384,8,10,107,355,23,18,1181,37,ITF,ITF5,17,Basilicata,Basilicata,559084,136620,24.44,0.22
1996,2021-05-03,BAS,4514,2044,2470,231,21,27,286,278,714,187,2631,16,123,3687,827,ITF,ITF5,17,Basilicata,Basilicata,559084,141134,25.24,0.81
1997,2021-03-04,BAS,1874,889,985,217,151,66,242,1,5,844,41,302,5,1081,793,ITF,ITF5,17,Basilicata,Basilicata,559084,143008,25.58,0.34
1998,2021-04-28,BAS,4699,2156,2543,117,51,11,41,334,1146,135,2732,11,121,4258,441,ITF,ITF5,17,Basilicata,Basilicata,559084,147707,26.42,0.84
1999,2021-02-20,BAS,1161,531,630,77,171,80,0,0,9,810,11,0,3,1043,118,ITF,ITF5,17,Basilicata,Basilicata,559084,148868,26.63,0.21
2000,2021-04-05,BAS,722,233,489,3,3,2,340,5,1,338,18,4,8,420,302,ITF,ITF5,17,Basilicata,Basilicata,559084,149590,26.76,0.13
2001,2021-02-19,BAS,1622,737,885,219,360,66,0,1,13,962,0,0,1,1560,62,ITF,ITF5,17,Basilicata,Basilicata,559084,151212,27.05,0.29
2002,2021-05-12,BAS,4713,2321,2392,22,30,0,30,429,681,102,3096,14,309,2837,1876,ITF,ITF5,17,Basilicata,Basilicata,559084,155925,27.89,0.84
2003,2021-01-08,BAS,554,219,335,383,33,59,0,36,0,0,0,0,43,554,0,ITF,ITF5,17,Basilicata,Basilicata,559084,156479,27.99,0.1
2004,2021-02-14,BAS,151,48,103,55,12,65,0,0,1,18,0,0,0,151,0,ITF,ITF5,17,Basilicata,Basilicata,559084,156630,28.02,0.03
2005,2021-03-26,BAS,1956,703,1253,195,8,3,473,13,9,1210,22,8,15,1695,261,ITF,ITF5,17,Basilicata,Basilicata,559084,158586,28.37,0.35
2006,2021-01-16,BAS,721,304,417,466,17,161,2,17,0,1,0,0,57,721,0,ITF,ITF5,17,Basilicata,Basilicata,559084,159307,28.49,0.13
2007,2021-03-12,BAS,1896,975,921,266,64,37,258,1,8,985,0,274,3,798,1098,ITF,ITF5,17,Basilicata,Basilicata,559084,161203,28.83,0.34
2008,2021-01-04,BAS,607,271,336,550,49,0,2,1,0,0,0,0,5,607,0,ITF,ITF5,17,Basilicata,Basilicata,559084,161810,28.94,0.11
2009,2021-02-01,BAS,242,91,151,156,24,48,0,4,1,0,0,0,9,46,196,ITF,ITF5,17,Basilicata,Basilicata,559084,162052,28.99,0.04
2010,2021-01-19,BAS,199,84,115,78,48,44,0,3,6,8,0,0,12,199,0,ITF,ITF5,17,Basilicata,Basilicata,559084,162251,29.02,0.04
2011,2021-04-01,BAS,2807,1134,1673,78,33,24,279,14,23,2178,103,10,65,2092,715,ITF,ITF5,17,Basilicata,Basilicata,559084,165058,29.52,0.5
2012,2021-04-25,BAS,2986,1459,1527,18,10,12,85,183,648,33,1947,10,40,2931,55,ITF,ITF5,17,Basilicata,Basilicata,559084,168044,30.06,0.53
2013,2021-03-14,BAS,1008,477,531,41,110,8,249,0,3,516,0,79,2,539,469,ITF,ITF5,17,Basilicata,Basilicata,559084,169052,30.24,0.18
2014,2021-04-24,BAS,4546,2198,2348,54,17,1,98,368,873,772,2261,13,89,3533,1013,ITF,ITF5,17,Basilicata,Basilicata,559084,173598,31.05,0.81
2015,2021-03-17,BAS,1450,607,843,22,12,0,2,6,9,1392,0,5,2,27,1423,ITF,ITF5,17,Basilicata,Basilicata,559084,175048,31.31,0.26
2016,2021-04-30,BAS,5283,2373,2910,133,58,2,381,350,886,478,2807,58,130,4117,1166,ITF,ITF5,17,Basilicata,Basilicata,559084,180331,32.25,0.94
2017,2021-04-21,BAS,3917,1834,2083,20,6,0,61,113,230,1492,1959,15,21,2267,1650,ITF,ITF5,17,Basilicata,Basilicata,559084,184248,32.96,0.7
2018,2021-05-04,BAS,4132,1989,2143,60,12,0,89,370,763,190,2438,10,200,3609,523,ITF,ITF5,17,Basilicata,Basilicata,559084,188380,33.69,0.74
2019,2021-02-12,BAS,775,332,443,288,192,90,0,3,4,192,0,6,0,744,31,ITF,ITF5,17,Basilicata,Basilicata,559084,189155,33.83,0.14
2020,2021-05-11,BAS,2647,1349,1298,38,13,11,21,402,422,38,1263,7,432,1614,1033,ITF,ITF5,17,Basilicata,Basilicata,559084,191802,34.31,0.47
2021,2021-02-16,BAS,905,377,528,250,93,67,0,1,1,492,0,1,0,807,98,ITF,ITF5,17,Basilicata,Basilicata,559084,192707,34.47,0.16
2022,2021-02-27,BAS,1991,859,1132,103,123,21,0,16,6,1682,4,1,35,1827,164,ITF,ITF5,17,Basilicata,Basilicata,559084,194698,34.82,0.36
2023,2021-02-17,BAS,1135,493,642,123,53,57,1,0,12,885,0,1,3,1059,76,ITF,ITF5,17,Basilicata,Basilicata,559084,195833,35.03,0.2
2024,2021-02-04,BAS,1095,442,653,639,106,281,0,26,0,3,0,0,40,63,1032,ITF,ITF5,17,Basilicata,Basilicata,559084,196928,35.22,0.2
2025,2021-04-27,BAS,4724,2242,2482,81,21,5,23,340,1158,214,2793,18,71,4399,325,ITF,ITF5,17,Basilicata,Basilicata,559084,201652,36.07,0.84
2026,2021-03-31,BAS,3095,1258,1837,69,46,0,127,20,13,2624,131,20,45,2313,782,ITF,ITF5,17,Basilicata,Basilicata,559084,204747,36.62,0.55
2027,2021-01-06,BAS,294,129,165,229,9,36,0,6,0,0,0,0,14,294,0,ITF,ITF5,17,Basilicata,Basilicata,559084,205041,36.67,0.05
2028,2021-03-01,BAS,542,279,263,122,107,4,50,1,1,169,0,86,2,376,166,ITF,ITF5,17,Basilicata,Basilicata,559084,205583,36.77,0.1
2029,2021-02-18,BAS,1070,401,669,270,59,150,0,0,0,588,0,0,3,855,215,ITF,ITF5,17,Basilicata,Basilicata,559084,206653,36.96,0.19
2030,2021-02-21,BAS,284,113,171,16,1,11,1,0,1,254,0,0,0,284,0,ITF,ITF5,17,Basilicata,Basilicata,559084,206937,37.01,0.05
2031,2021-05-06,BAS,5034,2429,2605,68,23,2,64,418,931,84,3184,11,249,3473,1561,ITF,ITF5,17,Basilicata,Basilicata,559084,211971,37.91,0.9
2032,2021-02-25,BAS,1787,736,1051,67,3,0,0,1,6,1705,0,1,4,1741,46,ITF,ITF5,17,Basilicata,Basilicata,559084,213758,38.23,0.32
2033,2021-02-22,BAS,1790,773,1017,125,23,2,0,2,7,1627,0,0,4,1737,53,ITF,ITF5,17,Basilicata,Basilicata,559084,215548,38.55,0.32
2034,2021-02-28,BAS,803,342,461,33,29,0,0,0,0,740,0,0,1,775,28,ITF,ITF5,17,Basilicata,Basilicata,559084,216351,38.7,0.14
2035,2021-03-18,BAS,1348,562,786,32,0,0,0,1,7,1306,0,0,2,24,1324,ITF,ITF5,17,Basilicata,Basilicata,559084,217699,38.94,0.24
2036,2021-04-29,BAS,4831,2384,2447,190,62,1,13,549,832,76,2951,33,124,4409,422,ITF,ITF5,17,Basilicata,Basilicata,559084,222530,39.8,0.86
2037,2021-02-08,BAS,557,193,364,436,72,49,0,0,0,0,0,0,0,151,406,ITF,ITF5,17,Basilicata,Basilicata,559084,223087,39.9,0.1
2038,2021-04-18,BAS,3721,1847,1874,28,6,0,17,44,214,1342,2052,15,3,2353,1368,ITF,ITF5,17,Basilicata,Basilicata,559084,226808,40.57,0.67
2039,2021-04-03,BAS,1807,749,1058,38,3,0,314,12,7,1102,295,14,22,1472,335,ITF,ITF5,17,Basilicata,Basilicata,559084,228615,40.89,0.32
2040,2021-03-29,BAS,2404,869,1535,65,13,1,532,14,9,1667,63,8,32,2147,257,ITF,ITF5,17,Basilicata,Basilicata,559084,231019,41.32,0.43
2041,2021-03-15,BAS,2349,982,1367,78,30,0,266,3,6,1935,1,23,7,520,1829,ITF,ITF5,17,Basilicata,Basilicata,559084,233368,41.74,0.42
2042,2021-02-02,BAS,367,143,224,212,15,102,0,9,1,0,0,2,26,175,192,ITF,ITF5,17,Basilicata,Basilicata,559084,233735,41.81,0.07
2043,2021-02-03,BAS,666,300,366,425,15,172,0,40,1,0,0,0,13,32,634,ITF,ITF5,17,Basilicata,Basilicata,559084,234401,41.93,0.12
2044,2021-05-05,BAS,4331,2046,2285,72,43,21,119,554,687,176,2429,20,210,3441,890,ITF,ITF5,17,Basilicata,Basilicata,559084,238732,42.7,0.77
2045,2021-01-30,BAS,704,227,477,424,82,126,0,20,0,0,0,0,52,128,576,ITF,ITF5,17,Basilicata,Basilicata,559084,239436,42.83,0.13
2046,2021-01-03,BAS,900,344,556,790,53,0,2,7,0,0,0,0,48,900,0,ITF,ITF5,17,Basilicata,Basilicata,559084,240336,42.99,0.16
2047,2021-04-23,BAS,4528,2177,2351,75,29,3,46,233,996,759,2244,22,121,3528,1000,ITF,ITF5,17,Basilicata,Basilicata,559084,244864,43.8,0.81
2048,2021-01-10,BAS,77,24,53,9,2,0,0,7,4,0,0,0,55,77,0,ITF,ITF5,17,Basilicata,Basilicata,559084,244941,43.81,0.01
2049,2021-03-30,BAS,2735,1154,1581,36,13,0,355,4,13,2181,100,13,20,2390,345,ITF,ITF5,17,Basilicata,Basilicata,559084,247676,44.3,0.49
2050,2021-02-05,BAS,984,443,541,611,38,191,0,23,8,5,0,0,108,64,920,ITF,ITF5,17,Basilicata,Basilicata,559084,248660,44.48,0.18
2051,2021-01-13,BAS,916,387,529,699,11,148,1,37,1,1,0,0,18,916,0,ITF,ITF5,17,Basilicata,Basilicata,559084,249576,44.64,0.16
2052,2021-02-06,BAS,902,367,535,546,186,168,1,1,0,0,0,0,0,146,756,ITF,ITF5,17,Basilicata,Basilicata,559084,250478,44.8,0.16
2053,2021-03-24,BAS,1704,671,1033,70,24,0,527,6,8,980,6,52,31,1349,355,ITF,ITF5,17,Basilicata,Basilicata,559084,252182,45.11,0.3
2054,2021-04-02,BAS,2319,1046,1273,98,35,2,25,18,32,1736,274,42,57,1714,605,ITF,ITF5,17,Basilicata,Basilicata,559084,254501,45.52,0.41
2055,2021-01-24,BAS,836,300,536,708,46,1,0,13,0,0,0,0,68,58,778,ITF,ITF5,17,Basilicata,Basilicata,559084,255337,45.67,0.15
2056,2021-04-16,BAS,3338,1642,1696,31,21,1,54,19,35,889,2268,6,14,2421,917,ITF,ITF5,17,Basilicata,Basilicata,559084,258675,46.27,0.6
2057,2021-03-22,BAS,1175,531,644,47,68,0,385,2,5,642,8,16,2,628,547,ITF,ITF5,17,Basilicata,Basilicata,559084,259850,46.48,0.21
2058,2021-04-10,BAS,1031,377,654,64,11,8,483,5,4,147,281,21,7,950,81,ITF,ITF5,17,Basilicata,Basilicata,559084,260881,46.66,0.18
2059,2021-02-13,BAS,799,313,486,279,155,115,0,5,14,201,0,2,28,738,61,ITF,ITF5,17,Basilicata,Basilicata,559084,261680,46.81,0.14
2060,2021-03-21,PUG,2689,1224,1465,462,32,13,285,0,5,1792,15,38,47,585,2104,ITF,ITF4,16,Puglia,Puglia,4029053,2689,0.07,0.07
2061,2021-01-30,PUG,5527,2515,3012,4751,325,419,6,0,2,3,5,4,12,411,5116,ITF,ITF4,16,Puglia,Puglia,4029053,8216,0.2,0.14
2062,2021-01-14,PUG,4067,1588,2479,3185,377,499,2,1,0,0,0,0,3,4067,0,ITF,ITF4,16,Puglia,Puglia,4029053,12283,0.3,0.1
2063,2021-05-10,PUG,36874,16262,20612,432,366,55,3520,11053,5646,2333,12679,390,400,19200,17674,ITF,ITF4,16,Puglia,Puglia,4029053,49157,1.22,0.92
2064,2021-01-24,PUG,1669,749,920,1286,231,150,0,0,0,1,1,0,0,153,1516,ITF,ITF4,16,Puglia,Puglia,4029053,50826,1.26,0.04
2065,2021-04-20,PUG,20911,9704,11207,494,210,121,92,1398,8993,3354,5959,76,214,17469,3442,ITF,ITF4,16,Puglia,Puglia,4029053,71737,1.78,0.52
2066,2021-03-05,PUG,17104,6798,10306,2310,828,274,7069,34,23,5336,18,1176,36,14940,2164,ITF,ITF4,16,Puglia,Puglia,4029053,88841,2.21,0.42
2067,2021-05-06,PUG,38983,17021,21962,582,457,106,3827,6807,7210,3403,15422,626,543,19477,19506,ITF,ITF4,16,Puglia,Puglia,4029053,127824,3.17,0.97
2068,2021-03-15,PUG,11762,5617,6145,2091,648,116,685,24,30,7671,23,461,13,5265,6497,ITF,ITF4,16,Puglia,Puglia,4029053,139586,3.46,0.29
2069,2021-03-03,PUG,16628,6684,9944,2043,639,287,6710,6,6,5987,2,945,3,14729,1899,ITF,ITF4,16,Puglia,Puglia,4029053,156214,3.88,0.41
2070,2021-03-07,PUG,4915,1940,2975,930,101,3,1853,4,4,1681,7,326,6,4344,571,ITF,ITF4,16,Puglia,Puglia,4029053,161129,4.0,0.12
2071,2021-04-14,PUG,31751,14979,16772,626,219,40,83,4655,15249,4922,5524,123,310,28444,3307,ITF,ITF4,16,Puglia,Puglia,4029053,192880,4.79,0.79
2072,2021-04-25,PUG,11018,5099,5919,184,91,43,146,935,3202,1121,5093,11,192,9870,1148,ITF,ITF4,16,Puglia,Puglia,4029053,203898,5.06,0.27
2073,2021-01-13,PUG,4539,1730,2809,3974,329,231,2,1,0,0,0,0,2,4539,0,ITF,ITF4,16,Puglia,Puglia,4029053,208437,5.17,0.11
2074,2021-04-19,PUG,27397,12718,14679,549,141,76,57,1985,14656,3258,6454,50,171,24368,3029,ITF,ITF4,16,Puglia,Puglia,4029053,235834,5.85,0.68
2075,2021-02-23,PUG,9342,4420,4922,1789,362,167,1019,11,15,5554,1,405,19,8867,475,ITF,ITF4,16,Puglia,Puglia,4029053,245176,6.09,0.23
2076,2021-03-20,PUG,8239,3725,4514,1430,87,54,811,23,51,5649,43,70,21,3656,4583,ITF,ITF4,16,Puglia,Puglia,4029053,253415,6.29,0.2
2077,2021-04-26,PUG,25934,11862,14072,424,232,102,126,6475,8074,2750,7532,34,185,22692,3242,ITF,ITF4,16,Puglia,Puglia,4029053,279349,6.93,0.64
2078,2021-05-15,PUG,39712,17317,22395,262,286,42,3939,10646,4000,1882,14531,120,4004,21907,17805,ITF,ITF4,16,Puglia,Puglia,4029053,319061,7.92,0.99
2079,2021-01-27,PUG,4577,1928,2649,3933,239,396,2,1,3,0,0,0,3,610,3967,ITF,ITF4,16,Puglia,Puglia,4029053,323638,8.03,0.11
2080,2021-05-13,PUG,37169,16563,20606,563,384,133,2456,8595,5790,1873,12807,324,4244,20682,16487,ITF,ITF4,16,Puglia,Puglia,4029053,360807,8.96,0.92
2081,2021-05-16,PUG,21702,9750,11952,82,146,7,3774,7305,2410,569,5265,63,2081,11306,10396,ITF,ITF4,16,Puglia,Puglia,4029053,382509,9.49,0.54
2082,2021-02-13,PUG,3725,1455,2270,2886,517,290,7,0,2,5,0,18,0,3030,695,ITF,ITF4,16,Puglia,Puglia,4029053,386234,9.59,0.09
2083,2021-02-12,PUG,4099,1629,2470,2939,443,689,5,0,0,5,5,10,3,3008,1091,ITF,ITF4,16,Puglia,Puglia,4029053,390333,9.69,0.1
2084,2021-03-18,PUG,9396,4250,5146,1755,488,225,90,17,27,6690,44,40,20,3281,6115,ITF,ITF4,16,Puglia,Puglia,4029053,399729,9.92,0.23
2085,2021-02-24,PUG,10027,4700,5327,1925,601,117,561,9,12,6410,0,375,17,9438,589,ITF,ITF4,16,Puglia,Puglia,4029053,409756,10.17,0.25
2086,2021-01-29,PUG,6193,2660,3533,5517,376,288,3,3,0,1,0,0,5,436,5757,ITF,ITF4,16,Puglia,Puglia,4029053,415949,10.32,0.15
2087,2021-05-08,PUG,53176,22479,30697,636,372,191,6136,11324,6033,4347,22721,534,882,23863,29313,ITF,ITF4,16,Puglia,Puglia,4029053,469125,11.64,1.32
2088,2021-01-22,PUG,1409,578,831,878,154,373,1,0,0,1,1,0,1,991,418,ITF,ITF4,16,Puglia,Puglia,4029053,470534,11.68,0.03
2089,2021-02-10,PUG,3642,1435,2207,2518,254,869,1,0,0,0,0,0,0,2132,1510,ITF,ITF4,16,Puglia,Puglia,4029053,474176,11.77,0.09
2090,2021-01-09,PUG,4876,2247,2629,4322,255,247,1,5,1,4,5,0,36,4876,0,ITF,ITF4,16,Puglia,Puglia,4029053,479052,11.89,0.12
2091,2021-01-21,PUG,2131,903,1228,1431,167,528,0,0,1,2,0,0,2,1271,860,ITF,ITF4,16,Puglia,Puglia,4029053,481183,11.94,0.05
2092,2021-03-08,PUG,14642,6074,8568,2142,840,224,3920,13,9,6829,7,636,22,12245,2397,ITF,ITF4,16,Puglia,Puglia,4029053,495825,12.31,0.36
2093,2021-05-07,PUG,48650,21700,26950,675,453,70,3351,12567,8353,3432,18376,682,691,25661,22989,ITF,ITF4,16,Puglia,Puglia,4029053,544475,13.51,1.21
2094,2021-02-15,PUG,3252,1268,1984,2247,527,454,3,0,1,1,1,7,11,2632,620,ITF,ITF4,16,Puglia,Puglia,4029053,547727,13.59,0.08
2095,2021-05-11,PUG,31419,13822,17597,367,381,44,3499,4736,6106,2247,12976,493,570,13571,17848,ITF,ITF4,16,Puglia,Puglia,4029053,579146,14.37,0.78
2096,2021-03-19,PUG,7949,3646,4303,1763,279,70,260,13,20,5382,74,66,22,3406,4543,ITF,ITF4,16,Puglia,Puglia,4029053,587095,14.57,0.2
2097,2021-03-29,PUG,12840,5988,6852,1595,587,241,1129,35,140,7960,675,409,69,6121,6719,ITF,ITF4,16,Puglia,Puglia,4029053,599935,14.89,0.32
2098,2021-03-17,PUG,10273,4682,5591,1793,464,64,70,28,37,7681,39,51,46,4171,6102,ITF,ITF4,16,Puglia,Puglia,4029053,610208,15.15,0.25
2099,2021-03-13,PUG,10373,4093,6280,2159,280,131,3322,7,12,4129,46,255,32,8642,1731,ITF,ITF4,16,Puglia,Puglia,4029053,620581,15.4,0.26
2100,2021-01-28,PUG,5466,2272,3194,4783,339,327,3,3,0,0,0,6,5,472,4994,ITF,ITF4,16,Puglia,Puglia,4029053,626047,15.54,0.14
2101,2021-04-11,PUG,16428,7233,9195,330,87,14,118,355,1004,5466,8938,16,100,14772,1656,ITF,ITF4,16,Puglia,Puglia,4029053,642475,15.95,0.41
2102,2021-02-26,PUG,13705,5023,8682,2129,681,298,4688,10,9,5229,18,620,23,12675,1030,ITF,ITF4,16,Puglia,Puglia,4029053,656180,16.29,0.34
2103,2021-01-04,PUG,4504,2013,2491,4398,88,11,1,0,0,0,0,0,6,4504,0,ITF,ITF4,16,Puglia,Puglia,4029053,660684,16.4,0.11
2104,2021-01-19,PUG,1221,452,769,531,113,577,0,0,0,0,0,0,0,1211,10,ITF,ITF4,16,Puglia,Puglia,4029053,661905,16.43,0.03
2105,2021-03-02,PUG,16300,6049,10251,1401,665,113,8176,17,17,4352,5,1541,13,14993,1307,ITF,ITF4,16,Puglia,Puglia,4029053,678205,16.83,0.4
2106,2021-02-03,PUG,5033,2003,3030,4367,476,185,3,2,0,0,0,0,0,730,4303,ITF,ITF4,16,Puglia,Puglia,4029053,683238,16.96,0.12
2107,2021-04-07,PUG,15187,6722,8465,1144,445,167,363,184,561,8685,3248,145,245,8575,6612,ITF,ITF4,16,Puglia,Puglia,4029053,698425,17.33,0.38
2108,2021-01-23,PUG,3040,1294,1746,2526,176,309,1,3,6,14,0,0,5,886,2154,ITF,ITF4,16,Puglia,Puglia,4029053,701465,17.41,0.08
2109,2021-04-08,PUG,17367,7540,9827,1031,329,181,506,218,837,9701,4317,88,159,11244,6123,ITF,ITF4,16,Puglia,Puglia,4029053,718832,17.84,0.43
2110,2021-01-18,PUG,1845,770,1075,1183,215,444,0,0,0,1,0,1,1,1496,349,ITF,ITF4,16,Puglia,Puglia,4029053,720677,17.89,0.05
2111,2021-01-06,PUG,3945,1667,2278,3316,224,372,0,11,1,0,0,0,21,3945,0,ITF,ITF4,16,Puglia,Puglia,4029053,724622,17.98,0.1
2112,2021-01-08,PUG,5587,2343,3244,4875,373,328,3,0,0,0,3,4,1,5587,0,ITF,ITF4,16,Puglia,Puglia,4029053,730209,18.12,0.14
2113,2021-03-01,PUG,15068,5849,9219,1974,723,83,5161,7,15,6182,4,897,22,13698,1370,ITF,ITF4,16,Puglia,Puglia,4029053,745277,18.5,0.37
2114,2021-04-30,PUG,34256,15304,18952,806,424,194,164,4086,8213,7015,12753,123,478,22416,11840,ITF,ITF4,16,Puglia,Puglia,4029053,779533,19.35,0.85
2115,2021-03-06,PUG,15917,5949,9968,2176,472,99,7068,16,13,5467,24,567,15,13849,2068,ITF,ITF4,16,Puglia,Puglia,4029053,795450,19.74,0.4
2116,2020-12-31,PUG,1635,782,853,1549,38,44,3,0,1,0,0,0,0,1635,0,ITF,ITF4,16,Puglia,Puglia,4029053,797085,19.78,0.04
2117,2021-03-27,PUG,12096,5676,6420,971,592,71,1372,35,92,7557,1114,216,76,6951,5145,ITF,ITF4,16,Puglia,Puglia,4029053,809181,20.08,0.3
2118,2021-04-22,PUG,22724,10381,12343,785,281,216,115,1837,9135,4167,5853,55,280,17861,4863,ITF,ITF4,16,Puglia,Puglia,4029053,831905,20.65,0.56
2119,2021-02-09,PUG,3840,1570,2270,2534,661,622,6,2,3,9,1,0,2,2168,1672,ITF,ITF4,16,Puglia,Puglia,4029053,835745,20.74,0.1
2120,2021-02-28,PUG,6009,1798,4211,560,136,26,3537,6,3,1543,1,194,3,5823,186,ITF,ITF4,16,Puglia,Puglia,4029053,841754,20.89,0.15
2121,2021-03-26,PUG,11435,5336,6099,1611,919,287,1339,38,119,6465,98,442,117,6792,4643,ITF,ITF4,16,Puglia,Puglia,4029053,853189,21.18,0.28
2122,2021-04-04,PUG,5938,2953,2985,98,25,7,48,29,46,286,5323,26,50,5932,6,ITF,ITF4,16,Puglia,Puglia,4029053,859127,21.32,0.15
2123,2021-01-31,PUG,1809,826,983,1503,103,198,2,1,0,2,0,0,0,73,1736,ITF,ITF4,16,Puglia,Puglia,4029053,860936,21.37,0.04
2124,2021-01-16,PUG,2507,1033,1474,1682,300,518,1,1,1,0,0,0,4,2507,0,ITF,ITF4,16,Puglia,Puglia,4029053,863443,21.43,0.06
2125,2021-04-05,PUG,12681,6163,6518,57,59,4,30,59,239,943,11209,12,69,12147,534,ITF,ITF4,16,Puglia,Puglia,4029053,876124,21.75,0.31
2126,2021-01-15,PUG,4552,1866,2686,3599,369,558,4,2,0,1,1,13,5,4552,0,ITF,ITF4,16,Puglia,Puglia,4029053,880676,21.86,0.11
2127,2021-05-14,PUG,42295,19338,22957,455,298,133,2843,13910,4858,1532,13003,557,4706,27227,15068,ITF,ITF4,16,Puglia,Puglia,4029053,922971,22.91,1.05
2128,2021-04-01,PUG,13477,6147,7330,1247,453,221,1037,85,329,8073,1577,320,135,7137,6340,ITF,ITF4,16,Puglia,Puglia,4029053,936448,23.24,0.33
2129,2021-01-11,PUG,3751,1588,2163,3223,336,175,2,4,0,0,0,6,5,3751,0,ITF,ITF4,16,Puglia,Puglia,4029053,940199,23.34,0.09
2130,2021-02-21,PUG,2176,472,1704,537,73,49,1460,1,5,32,0,12,7,2115,61,ITF,ITF4,16,Puglia,Puglia,4029053,942375,23.39,0.05
2131,2021-01-20,PUG,1546,541,1005,781,125,627,0,0,3,9,0,0,1,1538,8,ITF,ITF4,16,Puglia,Puglia,4029053,943921,23.43,0.04
2132,2021-01-02,PUG,2948,1300,1648,2829,91,23,4,0,0,0,0,0,1,2948,0,ITF,ITF4,16,Puglia,Puglia,4029053,946869,23.5,0.07
2133,2021-02-02,PUG,4339,1843,2496,3629,389,317,3,1,0,0,0,0,0,593,3746,ITF,ITF4,16,Puglia,Puglia,4029053,951208,23.61,0.11
2134,2021-03-11,PUG,14361,6187,8174,2918,935,515,3683,6,8,5277,8,991,20,11254,3107,ITF,ITF4,16,Puglia,Puglia,4029053,965569,23.97,0.36
2135,2021-04-18,PUG,22479,10754,11725,82,40,4,9,4042,9385,1436,7273,12,196,21415,1064,ITF,ITF4,16,Puglia,Puglia,4029053,988048,24.52,0.56
2136,2020-12-27,PUG,509,252,257,440,6,63,0,0,0,0,0,0,0,509,0,ITF,ITF4,16,Puglia,Puglia,4029053,988557,24.54,0.01
2137,2021-02-17,PUG,4270,1745,2525,2479,1182,598,1,0,1,2,1,1,5,3669,601,ITF,ITF4,16,Puglia,Puglia,4029053,992827,24.64,0.11
2138,2021-04-21,PUG,22959,10594,12365,680,244,61,377,1964,12325,2780,4277,115,136,19225,3734,ITF,ITF4,16,Puglia,Puglia,4029053,1015786,25.21,0.57
2139,2021-05-04,PUG,34548,14565,19983,614,229,61,3970,5389,9398,3221,11026,324,316,18236,16312,ITF,ITF4,16,Puglia,Puglia,4029053,1050334,26.07,0.86
2140,2021-05-09,PUG,30162,12332,17830,140,210,18,5726,7610,3076,1994,10692,100,596,14733,15429,ITF,ITF4,16,Puglia,Puglia,4029053,1080496,26.82,0.75
2141,2021-03-24,PUG,12970,5979,6991,1908,628,192,1544,29,58,7923,87,497,104,5716,7254,ITF,ITF4,16,Puglia,Puglia,4029053,1093466,27.14,0.32
2142,2021-03-23,PUG,10398,4991,5407,1851,414,51,991,29,44,6097,52,744,125,3936,6462,ITF,ITF4,16,Puglia,Puglia,4029053,1103864,27.4,0.26
2143,2021-02-16,PUG,3378,1451,1927,2155,740,412,2,7,0,5,0,15,42,2734,644,ITF,ITF4,16,Puglia,Puglia,4029053,1107242,27.48,0.08
2144,2021-03-14,PUG,3314,1428,1886,956,91,107,1001,28,10,976,9,43,93,2503,811,ITF,ITF4,16,Puglia,Puglia,4029053,1110556,27.56,0.08
2145,2021-04-27,PUG,26361,11936,14425,655,263,319,237,5227,7461,4195,7656,64,284,20767,5594,ITF,ITF4,16,Puglia,Puglia,4029053,1136917,28.22,0.65
2146,2021-04-24,PUG,29031,13204,15827,554,293,91,75,2509,11249,3609,10183,32,436,25072,3959,ITF,ITF4,16,Puglia,Puglia,4029053,1165948,28.94,0.72
2147,2021-04-02,PUG,12576,5758,6818,894,398,298,695,128,649,7485,1493,193,343,8058,4518,ITF,ITF4,16,Puglia,Puglia,4029053,1178524,29.25,0.31
2148,2021-01-12,PUG,4209,1770,2439,3636,343,218,5,2,3,1,0,0,1,4209,0,ITF,ITF4,16,Puglia,Puglia,4029053,1182733,29.36,0.1
2149,2021-04-12,PUG,29006,13663,15343,505,240,29,158,2199,14826,4854,5828,152,215,26182,2824,ITF,ITF4,16,Puglia,Puglia,4029053,1211739,30.08,0.72
2150,2021-01-25,PUG,3822,1679,2143,3472,170,169,1,1,0,2,1,0,6,423,3399,ITF,ITF4,16,Puglia,Puglia,4029053,1215561,30.17,0.09
2151,2021-05-12,PUG,35472,15766,19706,192,415,219,3253,12172,3802,1832,10708,520,2359,23374,12098,ITF,ITF4,16,Puglia,Puglia,4029053,1251033,31.05,0.88
2152,2021-01-01,PUG,146,60,86,145,1,0,0,0,0,0,0,0,0,146,0,ITF,ITF4,16,Puglia,Puglia,4029053,1251179,31.05,0.0
2153,2021-02-11,PUG,3699,1402,2297,2577,391,725,2,0,0,0,0,0,4,2422,1277,ITF,ITF4,16,Puglia,Puglia,4029053,1254878,31.15,0.09
2154,2021-03-09,PUG,13180,5746,7434,1879,714,229,3553,16,9,5628,7,1090,55,11173,2007,ITF,ITF4,16,Puglia,Puglia,4029053,1268058,31.47,0.33
2155,2021-03-04,PUG,15056,5870,9186,1538,590,325,6304,20,15,4777,5,1453,29,13668,1388,ITF,ITF4,16,Puglia,Puglia,4029053,1283114,31.85,0.37
2156,2021-04-29,PUG,25586,11829,13757,550,390,128,70,3024,9079,4111,7875,33,326,18976,6610,ITF,ITF4,16,Puglia,Puglia,4029053,1308700,32.48,0.64
2157,2021-03-12,PUG,13918,6105,7813,3282,1137,432,3028,9,16,5006,9,987,12,9994,3924,ITF,ITF4,16,Puglia,Puglia,4029053,1322618,32.83,0.35
2158,2021-01-07,PUG,5714,2455,3259,5218,263,217,3,4,0,0,2,7,0,5714,0,ITF,ITF4,16,Puglia,Puglia,4029053,1328332,32.97,0.14
2159,2021-02-22,PUG,9624,4530,5094,1441,650,140,318,14,19,6809,5,217,11,9292,332,ITF,ITF4,16,Puglia,Puglia,4029053,1337956,33.21,0.24
2160,2021-02-08,PUG,3993,1611,2382,2966,605,389,1,1,0,1,1,26,3,1598,2395,ITF,ITF4,16,Puglia,Puglia,4029053,1341949,33.31,0.1
2161,2021-02-01,PUG,3964,1659,2305,3446,287,208,5,4,0,0,0,6,8,375,3589,ITF,ITF4,16,Puglia,Puglia,4029053,1345913,33.41,0.1
2162,2021-02-20,PUG,2968,1079,1889,2113,236,168,426,0,1,9,1,4,10,2712,256,ITF,ITF4,16,Puglia,Puglia,4029053,1348881,33.48,0.07
2163,2021-04-10,PUG,30585,12982,17603,636,237,122,282,617,1593,11781,14927,149,241,26416,4169,ITF,ITF4,16,Puglia,Puglia,4029053,1379466,34.24,0.76
2164,2021-02-05,PUG,5633,2272,3361,4571,512,526,6,0,0,0,0,14,4,1331,4302,ITF,ITF4,16,Puglia,Puglia,4029053,1385099,34.38,0.14
2165,2021-03-22,PUG,9345,4550,4795,614,368,12,1071,12,38,6753,49,362,66,3700,5645,ITF,ITF4,16,Puglia,Puglia,4029053,1394444,34.61,0.23
2166,2021-02-27,PUG,14141,4788,9353,1590,656,181,6191,14,8,5120,17,351,13,12960,1181,ITF,ITF4,16,Puglia,Puglia,4029053,1408585,34.96,0.35
2167,2021-05-05,PUG,38128,16669,21459,551,221,135,3679,11654,5935,3223,11678,711,341,24091,14037,ITF,ITF4,16,Puglia,Puglia,4029053,1446713,35.91,0.95
2168,2021-01-17,PUG,1308,590,718,818,154,336,0,0,0,0,0,0,0,1239,69,ITF,ITF4,16,Puglia,Puglia,4029053,1448021,35.94,0.03
2169,2021-03-31,PUG,14032,6348,7684,1790,564,177,811,30,191,8642,1346,372,109,8479,5553,ITF,ITF4,16,Puglia,Puglia,4029053,1462053,36.29,0.35
2170,2021-02-06,PUG,4511,1916,2595,3494,484,527,3,0,1,0,0,0,2,1589,2922,ITF,ITF4,16,Puglia,Puglia,4029053,1466564,36.4,0.11
2171,2021-02-04,PUG,5897,2357,3540,4444,792,653,6,0,0,0,1,0,1,1167,4730,ITF,ITF4,16,Puglia,Puglia,4029053,1472461,36.55,0.15
2172,2021-04-16,PUG,35671,16758,18913,693,283,139,214,4921,14907,4589,9500,101,324,32391,3280,ITF,ITF4,16,Puglia,Puglia,4029053,1508132,37.43,0.89
2173,2021-05-02,PUG,21131,9583,11548,94,92,17,39,3954,4829,3489,8288,20,309,13886,7245,ITF,ITF4,16,Puglia,Puglia,4029053,1529263,37.96,0.52
2174,2021-03-28,PUG,3523,1650,1873,638,151,47,119,6,11,2016,520,3,12,1198,2325,ITF,ITF4,16,Puglia,Puglia,4029053,1532786,38.04,0.09
2175,2021-04-17,PUG,39617,18749,20868,529,172,87,183,4783,13034,5027,15243,84,475,36052,3565,ITF,ITF4,16,Puglia,Puglia,4029053,1572403,39.03,0.98
2176,2021-03-10,PUG,14381,6235,8146,2592,1081,355,3085,6,33,6546,7,655,21,11265,3116,ITF,ITF4,16,Puglia,Puglia,4029053,1586784,39.38,0.36
2177,2021-02-18,PUG,4377,1847,2530,2715,960,680,2,1,1,5,1,11,1,3773,604,ITF,ITF4,16,Puglia,Puglia,4029053,1591161,39.49,0.11
2178,2021-04-03,PUG,10480,4597,5883,919,238,135,541,122,364,5422,2432,18,289,6934,3546,ITF,ITF4,16,Puglia,Puglia,4029053,1601641,39.75,0.26
2179,2021-04-06,PUG,13441,5964,7477,749,379,250,221,88,488,8449,2600,131,86,6820,6621,ITF,ITF4,16,Puglia,Puglia,4029053,1615082,40.09,0.33
2180,2021-04-15,PUG,32251,15036,17215,559,226,87,120,4269,13244,5162,8154,97,333,28757,3494,ITF,ITF4,16,Puglia,Puglia,4029053,1647333,40.89,0.8
2181,2021-02-19,PUG,4730,2010,2720,3065,1190,389,7,2,1,2,0,49,25,4339,391,ITF,ITF4,16,Puglia,Puglia,4029053,1652063,41.0,0.12
2182,2021-04-28,PUG,19516,8734,10782,334,163,93,85,2236,7624,3233,5585,56,107,14799,4717,ITF,ITF4,16,Puglia,Puglia,4029053,1671579,41.49,0.48
2183,2021-02-14,PUG,786,348,438,683,32,70,1,0,0,0,0,0,0,663,123,ITF,ITF4,16,Puglia,Puglia,4029053,1672365,41.51,0.02
2184,2021-03-16,PUG,9859,4683,5176,2201,554,91,40,21,23,6634,130,142,23,3502,6357,ITF,ITF4,16,Puglia,Puglia,4029053,1682224,41.75,0.24
2185,2021-01-03,PUG,2007,943,1064,1818,38,145,1,1,1,0,3,0,0,2007,0,ITF,ITF4,16,Puglia,Puglia,4029053,1684231,41.8,0.05
2186,2021-04-09,PUG,21781,9354,12427,1115,547,169,418,473,1164,9774,7649,146,326,17162,4619,ITF,ITF4,16,Puglia,Puglia,4029053,1706012,42.34,0.54
2187,2021-02-25,PUG,11937,5047,6890,1747,764,420,2423,19,15,5784,2,729,34,10779,1158,ITF,ITF4,16,Puglia,Puglia,4029053,1717949,42.64,0.3
2188,2021-05-03,PUG,32974,14724,18250,472,322,188,1451,11362,6031,3486,9331,80,251,22374,10600,ITF,ITF4,16,Puglia,Puglia,4029053,1750923,43.46,0.82
2189,2021-04-13,PUG,28541,13538,15003,662,251,61,118,4545,10802,5315,6316,122,349,25149,3392,ITF,ITF4,16,Puglia,Puglia,4029053,1779464,44.17,0.71
2190,2021-01-26,PUG,5360,2397,2963,4851,270,232,0,2,1,1,0,0,3,571,4789,ITF,ITF4,16,Puglia,Puglia,4029053,1784824,44.3,0.13
2191,2021-01-05,PUG,5103,2249,2854,4786,179,98,4,9,9,5,0,0,13,5103,0,ITF,ITF4,16,Puglia,Puglia,4029053,1789927,44.43,0.13
2192,2021-03-30,PUG,11835,5485,6350,1332,494,266,960,48,165,7130,1013,372,55,5968,5867,ITF,ITF4,16,Puglia,Puglia,4029053,1801762,44.72,0.29
2193,2021-01-10,PUG,2349,1061,1288,2038,106,202,0,2,0,0,1,0,0,2349,0,ITF,ITF4,16,Puglia,Puglia,4029053,1804111,44.78,0.06
2194,2020-12-30,PUG,1,0,1,1,0,0,0,0,0,0,0,0,0,1,0,ITF,ITF4,16,Puglia,Puglia,4029053,1804112,44.78,0.0
2195,2021-04-23,PUG,28876,13410,15466,647,244,197,104,2451,12965,4516,7160,196,396,23867,5009,ITF,ITF4,16,Puglia,Puglia,4029053,1832988,45.49,0.72
2196,2021-03-25,PUG,10871,5277,5594,1271,671,184,657,22,50,7196,59,675,86,4647,6224,ITF,ITF4,16,Puglia,Puglia,4029053,1843859,45.76,0.27
2197,2021-02-07,PUG,1578,669,909,1039,227,309,1,0,2,0,0,0,0,253,1325,ITF,ITF4,16,Puglia,Puglia,4029053,1845437,45.8,0.04
2198,2021-05-01,PUG,27224,12486,14738,174,163,95,28,3387,5495,3960,13494,15,413,16598,10626,ITF,ITF4,16,Puglia,Puglia,4029053,1872661,46.48,0.68
2199,2021-01-31,LAZ,4458,1853,2605,3572,142,244,0,58,44,154,0,0,244,475,3983,ITI,ITI4,12,Lazio,Lazio,5879082,4458,0.08,0.08
2200,2021-01-26,LAZ,7956,3125,4831,6594,219,631,0,86,47,162,0,0,217,724,7232,ITI,ITI4,12,Lazio,Lazio,5879082,12414,0.21,0.14
2201,2021-02-13,LAZ,6608,2624,3984,2125,100,280,0,63,70,3721,0,2,247,6197,411,ITI,ITI4,12,Lazio,Lazio,5879082,19022,0.32,0.11
2202,2021-03-18,LAZ,14224,6077,8147,1029,94,330,6,378,1038,9672,1286,16,375,7835,6389,ITI,ITI4,12,Lazio,Lazio,5879082,33246,0.57,0.24
2203,2021-01-27,LAZ,6113,2386,3727,4797,228,457,0,106,50,150,0,0,325,996,5117,ITI,ITI4,12,Lazio,Lazio,5879082,39359,0.67,0.1
2204,2021-04-13,LAZ,25509,11820,13689,753,109,296,57,4923,8120,7830,2928,23,470,17815,7694,ITI,ITI4,12,Lazio,Lazio,5879082,64868,1.1,0.43
2205,2021-05-15,LAZ,56641,27041,29600,748,125,87,2728,11020,9720,3517,5026,1543,22127,40406,16235,ITI,ITI4,12,Lazio,Lazio,5879082,121509,2.07,0.96
2206,2021-02-10,LAZ,8167,3388,4779,2647,278,634,0,96,80,4057,0,0,375,4850,3317,ITI,ITI4,12,Lazio,Lazio,5879082,129676,2.21,0.14
2207,2021-02-25,LAZ,12658,5520,7138,1755,437,489,2613,139,117,5236,1,1427,444,11608,1050,ITI,ITI4,12,Lazio,Lazio,5879082,142334,2.42,0.22
2208,2021-05-07,LAZ,47921,22467,25454,1524,144,202,105,11510,12198,5192,6203,1549,9294,30361,17560,ITI,ITI4,12,Lazio,Lazio,5879082,190255,3.24,0.82
2209,2021-03-08,LAZ,20061,8311,11750,1580,135,380,4725,936,274,9238,907,1104,782,14788,5273,ITI,ITI4,12,Lazio,Lazio,5879082,210316,3.58,0.34
2210,2021-04-08,LAZ,26633,12162,14471,1238,94,187,59,3609,9056,8459,2535,185,1211,18953,7680,ITI,ITI4,12,Lazio,Lazio,5879082,236949,4.03,0.45
2211,2021-03-02,LAZ,16974,7416,9558,1478,362,229,3767,464,96,8231,328,1281,738,13040,3934,ITI,ITI4,12,Lazio,Lazio,5879082,253923,4.32,0.29
2212,2021-01-10,LAZ,4039,1700,2339,3424,160,252,0,35,27,24,0,0,117,4039,0,ITI,ITI4,12,Lazio,Lazio,5879082,257962,4.39,0.07
2213,2021-05-08,LAZ,45123,20585,24538,1244,111,139,69,11250,11028,4973,5204,1362,9743,29795,15328,ITI,ITI4,12,Lazio,Lazio,5879082,303085,5.16,0.77
2214,2021-01-20,LAZ,4802,1939,2863,3282,233,427,0,91,59,380,0,0,330,3259,1543,ITI,ITI4,12,Lazio,Lazio,5879082,307887,5.24,0.08
2215,2021-05-05,LAZ,46534,21376,25158,1715,164,103,66,10911,12558,4898,5497,951,9671,30880,15654,ITI,ITI4,12,Lazio,Lazio,5879082,354421,6.03,0.79
2216,2021-01-24,LAZ,5694,2229,3465,4945,132,134,0,56,107,170,0,0,150,612,5082,ITI,ITI4,12,Lazio,Lazio,5879082,360115,6.13,0.1
2217,2021-03-15,LAZ,19277,8331,10946,1606,136,411,2535,710,1680,9760,813,967,659,12541,6736,ITI,ITI4,12,Lazio,Lazio,5879082,379392,6.45,0.33
2218,2021-04-07,LAZ,24958,11319,13639,1150,89,190,94,2830,8843,8433,2083,139,1107,17657,7301,ITI,ITI4,12,Lazio,Lazio,5879082,404350,6.88,0.42
2219,2021-01-28,LAZ,8276,3164,5112,6811,381,514,0,112,39,150,0,0,269,780,7496,ITI,ITI4,12,Lazio,Lazio,5879082,412626,7.02,0.14
2220,2021-01-30,LAZ,7009,2891,4118,5299,283,651,0,114,70,187,0,0,405,807,6202,ITI,ITI4,12,Lazio,Lazio,5879082,419635,7.14,0.12
2221,2021-04-20,LAZ,30938,14196,16742,704,143,230,75,7380,10168,8020,3752,35,431,19664,11274,ITI,ITI4,12,Lazio,Lazio,5879082,450573,7.66,0.53
2222,2021-04-14,LAZ,29124,13222,15902,672,87,152,82,5056,9719,9110,3757,19,470,19007,10117,ITI,ITI4,12,Lazio,Lazio,5879082,479697,8.16,0.5
2223,2021-01-11,LAZ,5528,2104,3424,4554,312,569,0,12,9,14,0,0,58,5528,0,ITI,ITI4,12,Lazio,Lazio,5879082,485225,8.25,0.09
2224,2021-03-07,LAZ,14094,5429,8665,1002,27,148,3542,311,137,7469,405,701,352,10501,3593,ITI,ITI4,12,Lazio,Lazio,5879082,499319,8.49,0.24
2225,2021-01-13,LAZ,5670,2145,3525,4148,273,1009,0,39,12,28,0,0,161,5670,0,ITI,ITI4,12,Lazio,Lazio,5879082,504989,8.59,0.1
2226,2021-04-19,LAZ,30013,13641,16372,650,108,157,38,6885,9944,8309,3395,46,481,19381,10632,ITI,ITI4,12,Lazio,Lazio,5879082,535002,9.1,0.51
2227,2021-02-22,LAZ,11455,4991,6464,1780,130,473,2232,36,30,5276,1,1400,97,10953,502,ITI,ITI4,12,Lazio,Lazio,5879082,546457,9.29,0.19
2228,2021-02-24,LAZ,12049,5206,6843,1800,432,337,2407,75,64,5247,0,1335,352,11055,994,ITI,ITI4,12,Lazio,Lazio,5879082,558506,9.5,0.2
2229,2021-04-10,LAZ,23798,10310,13488,678,60,111,87,3956,7288,7864,3223,33,498,16624,7174,ITI,ITI4,12,Lazio,Lazio,5879082,582304,9.9,0.4
2230,2021-03-22,LAZ,21693,9062,12631,885,80,245,3878,424,4388,9342,1380,579,492,15032,6661,ITI,ITI4,12,Lazio,Lazio,5879082,603997,10.27,0.37
2231,2021-03-16,LAZ,13536,5730,7806,1194,70,280,6,215,849,9688,859,9,366,7094,6442,ITI,ITI4,12,Lazio,Lazio,5879082,617533,10.5,0.23
2232,2020-12-30,LAZ,1630,629,1001,1603,0,27,0,0,0,0,0,0,0,1630,0,ITI,ITI4,12,Lazio,Lazio,5879082,619163,10.53,0.03
2233,2021-01-17,LAZ,4894,2028,2866,3271,149,200,0,54,81,915,0,0,224,4682,212,ITI,ITI4,12,Lazio,Lazio,5879082,624057,10.61,0.08
2234,2021-05-13,LAZ,49158,22040,27118,1063,170,103,2416,11332,10954,4147,5953,1521,11499,31761,17397,ITI,ITI4,12,Lazio,Lazio,5879082,673215,11.45,0.84
2235,2021-04-02,LAZ,28527,13367,15160,1177,114,166,197,3352,9058,9407,3368,296,1392,21202,7325,ITI,ITI4,12,Lazio,Lazio,5879082,701742,11.94,0.49
2236,2021-03-20,LAZ,18225,6810,11415,910,148,360,3054,398,2120,9119,1479,215,422,12341,5884,ITI,ITI4,12,Lazio,Lazio,5879082,719967,12.25,0.31
2237,2021-04-26,LAZ,29133,13386,15747,981,83,349,57,7382,11285,5672,2671,431,222,19940,9193,ITI,ITI4,12,Lazio,Lazio,5879082,749100,12.74,0.5
2238,2021-04-09,LAZ,27214,12230,14984,859,150,163,70,4186,8879,8620,2913,178,1196,18998,8216,ITI,ITI4,12,Lazio,Lazio,5879082,776314,13.2,0.46
2239,2020-12-29,LAZ,488,176,312,486,2,0,0,0,0,0,0,0,0,488,0,ITI,ITI4,12,Lazio,Lazio,5879082,776802,13.21,0.01
2240,2021-04-28,LAZ,32823,14982,17841,2033,167,68,94,8060,11216,5982,4268,329,606,21280,11543,ITI,ITI4,12,Lazio,Lazio,5879082,809625,13.77,0.56
2241,2021-03-28,LAZ,18838,7542,11296,550,22,77,2617,1393,4242,8572,961,140,264,13528,5310,ITI,ITI4,12,Lazio,Lazio,5879082,828463,14.09,0.32
2242,2021-01-09,LAZ,6294,2561,3733,5116,240,620,0,61,41,39,0,0,177,6294,0,ITI,ITI4,12,Lazio,Lazio,5879082,834757,14.2,0.11
2243,2021-03-19,LAZ,17220,7365,9855,1165,149,389,1011,399,2081,9701,1489,289,547,10893,6327,ITI,ITI4,12,Lazio,Lazio,5879082,851977,14.49,0.29
2244,2021-01-05,LAZ,7371,2802,4569,6691,98,577,0,1,1,1,0,1,1,7371,0,ITI,ITI4,12,Lazio,Lazio,5879082,859348,14.62,0.13
2245,2020-12-28,LAZ,959,412,547,957,2,0,0,0,0,0,0,0,0,959,0,ITI,ITI4,12,Lazio,Lazio,5879082,860307,14.63,0.02
2246,2021-05-01,LAZ,37884,17053,20831,1634,251,44,51,10769,11604,3921,3708,74,5828,25949,11935,ITI,ITI4,12,Lazio,Lazio,5879082,898191,15.28,0.64
2247,2021-02-07,LAZ,4942,2023,2919,3252,139,218,1,84,96,912,0,0,240,387,4555,ITI,ITI4,12,Lazio,Lazio,5879082,903133,15.36,0.08
2248,2021-02-08,LAZ,9739,4153,5586,3789,430,918,0,134,101,3832,0,0,535,4508,5231,ITI,ITI4,12,Lazio,Lazio,5879082,912872,15.53,0.17
2249,2021-03-29,LAZ,23945,10754,13191,774,94,143,805,1560,7503,9781,2417,371,497,16915,7030,ITI,ITI4,12,Lazio,Lazio,5879082,936817,15.93,0.41
2250,2021-02-27,LAZ,11425,4267,7158,1363,398,516,2721,83,103,4901,12,1127,201,10470,955,ITI,ITI4,12,Lazio,Lazio,5879082,948242,16.13,0.19
2251,2021-01-22,LAZ,4002,1633,2369,3380,76,70,0,54,23,177,0,0,222,487,3515,ITI,ITI4,12,Lazio,Lazio,5879082,952244,16.2,0.07
2252,2021-03-05,LAZ,18779,7949,10830,1787,180,256,3975,1081,188,8585,571,1323,833,14047,4732,ITI,ITI4,12,Lazio,Lazio,5879082,971023,16.52,0.32
2253,2021-04-18,LAZ,23767,10555,13212,449,23,37,27,6153,7911,7112,1865,12,178,16133,7634,ITI,ITI4,12,Lazio,Lazio,5879082,994790,16.92,0.4
2254,2021-03-21,LAZ,17862,6829,11033,1148,33,111,3449,115,3168,8283,1233,118,204,12812,5050,ITI,ITI4,12,Lazio,Lazio,5879082,1012652,17.22,0.3
2255,2021-02-04,LAZ,6301,2480,3821,4460,358,892,0,105,70,123,0,0,293,989,5312,ITI,ITI4,12,Lazio,Lazio,5879082,1018953,17.33,0.11
2256,2021-04-06,LAZ,23868,10649,13219,1125,88,94,167,2641,8585,8205,1925,235,803,16774,7094,ITI,ITI4,12,Lazio,Lazio,5879082,1042821,17.74,0.41
2257,2021-02-19,LAZ,10050,5082,4968,2174,105,408,34,94,94,5139,0,1646,356,9220,830,ITI,ITI4,12,Lazio,Lazio,5879082,1052871,17.91,0.17
2258,2021-04-24,LAZ,33251,14954,18297,703,97,156,93,8604,11047,7264,3926,553,808,20513,12738,ITI,ITI4,12,Lazio,Lazio,5879082,1086122,18.47,0.57
2259,2021-02-18,LAZ,10023,4978,5045,2169,111,473,1,168,63,4988,0,1680,370,9215,808,ITI,ITI4,12,Lazio,Lazio,5879082,1096145,18.64,0.17
2260,2021-03-10,LAZ,21986,9470,12516,1892,177,452,4622,2218,548,9065,913,1181,918,16341,5645,ITI,ITI4,12,Lazio,Lazio,5879082,1118131,19.02,0.37
2261,2021-04-17,LAZ,32297,14173,18124,834,102,220,55,7193,9309,9351,4416,10,807,20353,11944,ITI,ITI4,12,Lazio,Lazio,5879082,1150428,19.57,0.55
2262,2021-02-14,LAZ,5773,2370,3403,1647,38,127,0,74,131,3503,0,0,253,5303,470,ITI,ITI4,12,Lazio,Lazio,5879082,1156201,19.67,0.1
2263,2021-01-14,LAZ,5454,2134,3320,3890,306,811,0,63,38,109,0,0,237,5454,0,ITI,ITI4,12,Lazio,Lazio,5879082,1161655,19.76,0.09
2264,2021-01-02,LAZ,6706,2630,4076,6270,77,358,0,0,0,0,0,0,1,6706,0,ITI,ITI4,12,Lazio,Lazio,5879082,1168361,19.87,0.11
2265,2021-03-04,LAZ,18601,7959,10642,2013,217,506,3906,928,134,8284,429,1323,861,13585,5016,ITI,ITI4,12,Lazio,Lazio,5879082,1186962,20.19,0.32
2266,2021-05-06,LAZ,48473,22563,25910,1641,161,153,106,11391,12788,5435,6315,1371,9112,31079,17394,ITI,ITI4,12,Lazio,Lazio,5879082,1235435,21.01,0.82
2267,2021-04-29,LAZ,38469,17160,21309,3410,439,218,128,9503,11896,6092,5267,315,1201,25273,13196,ITI,ITI4,12,Lazio,Lazio,5879082,1273904,21.67,0.65
2268,2021-03-09,LAZ,20872,8939,11933,1906,113,338,4636,1509,334,9105,1061,1234,636,15675,5197,ITI,ITI4,12,Lazio,Lazio,5879082,1294776,22.02,0.36
2269,2021-01-04,LAZ,7480,2908,4572,7077,86,316,1,0,0,0,0,0,0,7480,0,ITI,ITI4,12,Lazio,Lazio,5879082,1302256,22.15,0.13
2270,2021-02-01,LAZ,5673,2175,3498,4785,193,559,0,17,27,30,1,0,61,354,5319,ITI,ITI4,12,Lazio,Lazio,5879082,1307929,22.25,0.1
2271,2021-01-07,LAZ,7744,2901,4843,6899,182,566,0,16,10,9,0,0,62,7744,0,ITI,ITI4,12,Lazio,Lazio,5879082,1315673,22.38,0.13
2272,2021-02-20,LAZ,9204,4273,4931,1945,123,298,22,114,116,4857,0,1320,409,8437,767,ITI,ITI4,12,Lazio,Lazio,5879082,1324877,22.54,0.16
2273,2021-05-03,LAZ,38938,17590,21348,2242,97,74,48,10451,12528,4112,3972,99,5315,26508,12430,ITI,ITI4,12,Lazio,Lazio,5879082,1363815,23.2,0.66
2274,2021-04-05,LAZ,19770,8991,10779,504,36,29,63,1815,8173,7595,1250,20,285,13593,6177,ITI,ITI4,12,Lazio,Lazio,5879082,1383585,23.53,0.34
2275,2021-03-11,LAZ,23778,10568,13210,1998,134,440,4459,2785,736,9466,1077,1896,787,17549,6229,ITI,ITI4,12,Lazio,Lazio,5879082,1407363,23.94,0.4
2276,2021-04-23,LAZ,37535,18004,19531,781,158,176,88,8176,12143,7841,5630,690,1852,22310,15225,ITI,ITI4,12,Lazio,Lazio,5879082,1444898,24.58,0.64
2277,2021-02-06,LAZ,6134,2473,3661,3697,272,946,0,140,159,610,0,0,310,817,5317,ITI,ITI4,12,Lazio,Lazio,5879082,1451032,24.68,0.1
2278,2021-01-03,LAZ,5250,1972,3278,5125,50,65,0,1,4,1,0,0,4,5250,0,ITI,ITI4,12,Lazio,Lazio,5879082,1456282,24.77,0.09
2279,2021-04-16,LAZ,34289,15632,18657,711,141,335,86,6831,10446,9678,5037,52,972,22239,12050,ITI,ITI4,12,Lazio,Lazio,5879082,1490571,25.35,0.58
2280,2021-02-05,LAZ,7277,2962,4315,5096,380,995,0,120,95,257,0,0,334,1185,6092,ITI,ITI4,12,Lazio,Lazio,5879082,1497848,25.48,0.12
2281,2021-03-13,LAZ,21411,8407,13004,1377,120,330,3751,3206,1278,9186,722,860,581,15517,5894,ITI,ITI4,12,Lazio,Lazio,5879082,1519259,25.84,0.36
2282,2021-02-03,LAZ,6489,2488,4001,4651,342,1078,0,65,38,86,0,0,229,965,5524,ITI,ITI4,12,Lazio,Lazio,5879082,1525748,25.95,0.11
2283,2021-03-24,LAZ,25886,11300,14586,1031,102,107,3624,1746,6517,9669,1822,301,967,19649,6237,ITI,ITI4,12,Lazio,Lazio,5879082,1551634,26.39,0.44
2284,2021-03-23,LAZ,23495,10225,13270,1036,101,181,3863,1058,4934,9333,1412,661,916,16919,6576,ITI,ITI4,12,Lazio,Lazio,5879082,1575129,26.79,0.4
2285,2021-05-09,LAZ,37475,17235,20240,1081,77,10,17,9759,9259,3340,3874,1068,8990,26234,11241,ITI,ITI4,12,Lazio,Lazio,5879082,1612604,27.43,0.64
2286,2021-01-19,LAZ,4768,1954,2814,2969,223,424,0,115,123,463,0,0,451,4314,454,ITI,ITI4,12,Lazio,Lazio,5879082,1617372,27.51,0.08
2287,2021-03-30,LAZ,25255,11583,13672,1240,97,249,296,2463,7847,9621,2360,400,682,18108,7147,ITI,ITI4,12,Lazio,Lazio,5879082,1642627,27.94,0.43
2288,2021-01-18,LAZ,6264,2555,3709,3925,388,736,0,114,77,520,0,0,504,5286,978,ITI,ITI4,12,Lazio,Lazio,5879082,1648891,28.05,0.11
2289,2021-03-25,LAZ,26912,11509,15403,936,95,318,3522,2241,6679,9906,1961,255,999,20313,6599,ITI,ITI4,12,Lazio,Lazio,5879082,1675803,28.5,0.46
2290,2021-04-15,LAZ,31810,14272,17538,705,121,333,87,5432,10370,9685,4187,45,845,21019,10791,ITI,ITI4,12,Lazio,Lazio,5879082,1707613,29.05,0.54
2291,2021-03-27,LAZ,26011,10396,15615,1316,127,290,3480,2071,5486,9664,2257,205,1115,19543,6468,ITI,ITI4,12,Lazio,Lazio,5879082,1733624,29.49,0.44
2292,2021-05-02,LAZ,32613,14327,18286,1627,142,34,30,9435,10354,3059,2730,45,5157,23252,9361,ITI,ITI4,12,Lazio,Lazio,5879082,1766237,30.04,0.55
2293,2021-01-29,LAZ,8041,3078,4963,6391,283,776,0,89,47,135,0,0,320,812,7229,ITI,ITI4,12,Lazio,Lazio,5879082,1774278,30.18,0.14
2294,2021-02-11,LAZ,6979,2993,3986,2197,179,499,0,80,41,3685,0,0,298,6467,512,ITI,ITI4,12,Lazio,Lazio,5879082,1781257,30.3,0.12
2295,2021-05-16,LAZ,48663,23114,25549,263,11,5,2576,10111,8619,2425,3450,1086,20117,35503,13160,ITI,ITI4,12,Lazio,Lazio,5879082,1829920,31.13,0.83
2296,2021-02-28,LAZ,10234,3999,6235,1601,265,77,2599,89,45,4678,5,682,193,9720,514,ITI,ITI4,12,Lazio,Lazio,5879082,1840154,31.3,0.17
2297,2021-03-26,LAZ,28232,12252,15980,1018,119,332,3293,1992,6728,10289,2614,310,1537,21389,6843,ITI,ITI4,12,Lazio,Lazio,5879082,1868386,31.78,0.48
2298,2021-04-04,LAZ,17464,8036,9428,307,40,11,42,1821,7370,6805,877,17,174,12198,5266,ITI,ITI4,12,Lazio,Lazio,5879082,1885850,32.08,0.3
2299,2021-03-12,LAZ,22891,10124,12767,2008,188,401,3964,2411,1173,9647,928,1200,971,16578,6313,ITI,ITI4,12,Lazio,Lazio,5879082,1908741,32.47,0.39
2300,2021-01-12,LAZ,5391,1974,3417,4343,344,584,0,21,11,10,0,0,78,5391,0,ITI,ITI4,12,Lazio,Lazio,5879082,1914132,32.56,0.09
2301,2021-01-01,LAZ,3554,1382,2172,3483,2,68,0,0,0,0,0,0,1,3554,0,ITI,ITI4,12,Lazio,Lazio,5879082,1917686,32.62,0.06
2302,2021-05-12,LAZ,47201,21399,25802,1117,121,97,1759,11277,10748,4188,5324,1338,11232,30831,16370,ITI,ITI4,12,Lazio,Lazio,5879082,1964887,33.42,0.8
2303,2021-01-23,LAZ,7210,2867,4343,6064,255,417,0,45,48,182,0,0,199,581,6629,ITI,ITI4,12,Lazio,Lazio,5879082,1972097,33.54,0.12
2304,2021-01-16,LAZ,5637,2277,3360,3358,246,1066,0,73,93,549,0,0,252,5637,0,ITI,ITI4,12,Lazio,Lazio,5879082,1977734,33.64,0.1
2305,2021-05-14,LAZ,50122,22898,27224,1365,192,270,2680,11147,10995,3786,6329,1597,11761,32325,17797,ITI,ITI4,12,Lazio,Lazio,5879082,2027856,34.49,0.85
2306,2021-05-11,LAZ,47743,21905,25838,1264,125,121,1855,11349,11064,3934,5378,1324,11329,31483,16260,ITI,ITI4,12,Lazio,Lazio,5879082,2075599,35.3,0.81
2307,2021-02-02,LAZ,5908,2212,3696,4712,368,571,0,57,39,37,0,0,124,637,5271,ITI,ITI4,12,Lazio,Lazio,5879082,2081507,35.41,0.1
2308,2021-02-21,LAZ,6986,3177,3809,1245,65,51,16,88,94,4580,0,610,237,6525,461,ITI,ITI4,12,Lazio,Lazio,5879082,2088493,35.52,0.12
2309,2021-02-15,LAZ,8074,3587,4487,2447,378,379,0,89,88,4292,0,11,390,7443,631,ITI,ITI4,12,Lazio,Lazio,5879082,2096567,35.66,0.14
2310,2021-04-03,LAZ,24664,11086,13578,844,72,111,214,3164,8262,8598,2202,44,1153,17977,6687,ITI,ITI4,12,Lazio,Lazio,5879082,2121231,36.08,0.42
2311,2021-01-15,LAZ,6561,2698,3863,4499,423,988,0,96,66,196,0,0,293,6561,0,ITI,ITI4,12,Lazio,Lazio,5879082,2127792,36.19,0.11
2312,2021-01-21,LAZ,5592,2340,3252,4781,92,232,0,60,18,178,0,0,231,540,5052,ITI,ITI4,12,Lazio,Lazio,5879082,2133384,36.29,0.1
2313,2021-04-01,LAZ,28399,13045,15354,1142,112,284,256,3043,9003,9725,3304,371,1159,21261,7138,ITI,ITI4,12,Lazio,Lazio,5879082,2161783,36.77,0.48
2314,2021-05-04,LAZ,39571,18207,21364,2216,168,103,55,10183,12338,4027,4330,554,5597,26244,13327,ITI,ITI4,12,Lazio,Lazio,5879082,2201354,37.44,0.67
2315,2020-12-27,LAZ,272,131,141,272,0,0,0,0,0,0,0,0,0,272,0,ITI,ITI4,12,Lazio,Lazio,5879082,2201626,37.45,0.0
2316,2021-02-26,LAZ,13078,5700,7378,1916,537,352,2749,118,96,5269,4,1386,651,11716,1362,ITI,ITI4,12,Lazio,Lazio,5879082,2214704,37.67,0.22
2317,2021-04-30,LAZ,41056,18184,22872,4563,582,80,203,9368,11930,6192,6276,343,1519,26990,14066,ITI,ITI4,12,Lazio,Lazio,5879082,2255760,38.37,0.7
2318,2021-02-17,LAZ,9181,4602,4579,2286,247,499,1,124,62,4278,0,1349,335,8308,873,ITI,ITI4,12,Lazio,Lazio,5879082,2264941,38.53,0.16
2319,2021-02-12,LAZ,6843,2845,3998,1997,183,302,0,85,43,3844,0,1,388,6433,410,ITI,ITI4,12,Lazio,Lazio,5879082,2271784,38.64,0.12
2320,2021-04-21,LAZ,32914,14944,17970,703,122,135,70,7643,10799,8295,4465,50,632,20557,12357,ITI,ITI4,12,Lazio,Lazio,5879082,2304698,39.2,0.56
2321,2021-01-25,LAZ,8111,3246,4865,7006,218,363,0,66,73,143,0,0,242,771,7340,ITI,ITI4,12,Lazio,Lazio,5879082,2312809,39.34,0.14
2322,2021-03-06,LAZ,18272,7038,11234,1508,119,327,3783,2238,143,8032,583,934,605,14016,4256,ITI,ITI4,12,Lazio,Lazio,5879082,2331081,39.65,0.31
2323,2021-04-11,LAZ,19116,8432,10684,392,30,50,31,3821,6137,6540,2004,14,97,13235,5881,ITI,ITI4,12,Lazio,Lazio,5879082,2350197,39.98,0.33
2324,2021-04-12,LAZ,23628,10634,12994,655,77,101,72,4151,7673,7746,2648,108,397,16735,6893,ITI,ITI4,12,Lazio,Lazio,5879082,2373825,40.38,0.4
2325,2021-03-17,LAZ,13789,5898,7891,1046,100,255,14,291,938,9700,967,7,471,7534,6255,ITI,ITI4,12,Lazio,Lazio,5879082,2387614,40.61,0.23
2326,2021-05-10,LAZ,44007,20078,23929,1134,125,130,31,10626,11281,4192,5139,753,10596,30680,13327,ITI,ITI4,12,Lazio,Lazio,5879082,2431621,41.36,0.75
2327,2021-03-01,LAZ,17054,7323,9731,1326,531,385,3580,389,146,8190,391,1406,710,13169,3885,ITI,ITI4,12,Lazio,Lazio,5879082,2448675,41.65,0.29
2328,2021-02-16,LAZ,8411,4089,4322,2064,125,261,1,137,94,4267,0,956,506,7806,605,ITI,ITI4,12,Lazio,Lazio,5879082,2457086,41.79,0.14
2329,2021-03-14,LAZ,17087,6609,10478,1163,96,81,3466,453,1103,8438,544,567,1176,11933,5154,ITI,ITI4,12,Lazio,Lazio,5879082,2474173,42.08,0.29
2330,2021-01-08,LAZ,7726,2894,4832,6519,196,798,0,36,32,32,0,0,113,7726,0,ITI,ITI4,12,Lazio,Lazio,5879082,2481899,42.22,0.13
2331,2021-01-06,LAZ,5120,1960,3160,4620,154,320,1,1,4,8,5,1,6,5120,0,ITI,ITI4,12,Lazio,Lazio,5879082,2487019,42.3,0.09
2332,2021-04-25,LAZ,24437,11188,13249,794,23,10,21,7123,9689,5236,1122,152,267,16627,7810,ITI,ITI4,12,Lazio,Lazio,5879082,2511456,42.72,0.42
2333,2021-03-03,LAZ,17289,7333,9956,1561,211,380,3943,697,117,8197,259,1251,673,12995,4294,ITI,ITI4,12,Lazio,Lazio,5879082,2528745,43.01,0.29
2334,2021-04-27,LAZ,30564,13785,16779,1479,163,44,79,7614,11140,5872,3352,386,435,19730,10834,ITI,ITI4,12,Lazio,Lazio,5879082,2559309,43.53,0.52
2335,2021-02-09,LAZ,8797,3768,5029,3258,246,548,0,115,124,4068,0,0,438,4580,4217,ITI,ITI4,12,Lazio,Lazio,5879082,2568106,43.68,0.15
2336,2020-12-31,LAZ,5292,2121,3171,4988,20,279,0,1,0,0,0,0,4,5292,0,ITI,ITI4,12,Lazio,Lazio,5879082,2573398,43.77,0.09
2337,2021-04-22,LAZ,38407,18872,19535,874,114,296,82,7992,11768,8285,5156,478,3362,23882,14525,ITI,ITI4,12,Lazio,Lazio,5879082,2611805,44.43,0.65
2338,2021-02-23,LAZ,11092,4782,6310,1899,119,309,1913,68,61,5226,0,1017,480,10331,761,ITI,ITI4,12,Lazio,Lazio,5879082,2622897,44.61,0.19
2339,2021-03-31,LAZ,26081,12031,14050,1026,96,135,255,2522,8153,9630,2835,394,1035,18989,7092,ITI,ITI4,12,Lazio,Lazio,5879082,2648978,45.06,0.44
2340,2021-04-14,CAL,7943,3842,4101,171,185,141,174,209,1533,1526,3817,74,113,6490,1453,ITF,ITF6,18,Calabria,Calabria,1947131,7943,0.41,0.41
2341,2021-01-30,CAL,2176,1149,1027,1976,190,0,0,3,0,1,0,0,6,358,1818,ITF,ITF6,18,Calabria,Calabria,1947131,10119,0.52,0.11
2342,2021-04-02,CAL,8024,3664,4360,361,135,603,1153,115,176,2765,2243,197,276,4200,3824,ITF,ITF6,18,Calabria,Calabria,1947131,18143,0.93,0.41
2343,2021-05-06,CAL,13186,6236,6950,322,307,143,465,2329,2019,836,6157,74,534,8924,4262,ITF,ITF6,18,Calabria,Calabria,1947131,31329,1.61,0.68
2344,2021-01-12,CAL,2061,1019,1042,1709,237,29,0,21,1,19,0,0,45,2061,0,ITF,ITF6,18,Calabria,Calabria,1947131,33390,1.71,0.11
2345,2021-04-04,CAL,1733,876,857,34,23,21,64,249,266,505,516,2,53,1233,500,ITF,ITF6,18,Calabria,Calabria,1947131,35123,1.8,0.09
2346,2021-02-25,CAL,2782,1497,1285,736,226,210,4,41,15,970,36,414,130,2204,578,ITF,ITF6,18,Calabria,Calabria,1947131,37905,1.95,0.14
2347,2021-02-11,CAL,2332,1042,1290,1455,372,241,0,25,18,156,0,0,65,1081,1251,ITF,ITF6,18,Calabria,Calabria,1947131,40237,2.07,0.12
2348,2021-03-07,CAL,3131,1561,1570,105,33,348,2,10,31,1741,474,363,24,3042,89,ITF,ITF6,18,Calabria,Calabria,1947131,43368,2.23,0.16
2349,2021-03-16,CAL,3764,1845,1919,459,202,22,30,49,78,2130,593,67,134,2177,1587,ITF,ITF6,18,Calabria,Calabria,1947131,47132,2.42,0.19
2350,2021-05-15,CAL,26602,12728,13874,266,429,89,181,2583,2477,892,11966,192,7527,19845,6757,ITF,ITF6,18,Calabria,Calabria,1947131,73734,3.79,1.37
2351,2021-05-13,CAL,15827,7577,8250,211,282,149,171,1573,1441,639,7050,152,4159,11197,4630,ITF,ITF6,18,Calabria,Calabria,1947131,89561,4.6,0.81
2352,2021-03-19,CAL,4178,1943,2235,486,121,294,102,63,113,2007,883,12,97,1897,2281,ITF,ITF6,18,Calabria,Calabria,1947131,93739,4.81,0.21
2353,2021-03-08,CAL,5306,2807,2499,708,244,453,3,48,63,1552,1136,840,259,4248,1058,ITF,ITF6,18,Calabria,Calabria,1947131,99045,5.09,0.27
2354,2021-01-29,CAL,2045,984,1061,1751,231,47,0,3,3,1,0,0,9,230,1815,ITF,ITF6,18,Calabria,Calabria,1947131,101090,5.19,0.11
2355,2021-01-27,CAL,1456,733,723,1225,201,23,0,4,0,0,0,0,3,396,1060,ITF,ITF6,18,Calabria,Calabria,1947131,102546,5.27,0.07
2356,2021-03-20,CAL,6452,2974,3478,432,99,406,455,72,122,3574,1009,74,209,4066,2386,ITF,ITF6,18,Calabria,Calabria,1947131,108998,5.6,0.33
2357,2021-01-22,CAL,658,274,384,298,146,112,0,37,29,4,0,0,32,656,2,ITF,ITF6,18,Calabria,Calabria,1947131,109656,5.63,0.03
2358,2021-05-16,CAL,13195,6435,6760,179,250,19,131,1312,1065,465,5252,126,4396,9532,3663,ITF,ITF6,18,Calabria,Calabria,1947131,122851,6.31,0.68
2359,2020-12-27,CAL,279,154,125,278,1,0,0,0,0,0,0,0,0,279,0,ITF,ITF6,18,Calabria,Calabria,1947131,123130,6.32,0.01
2360,2021-03-18,CAL,4240,1977,2263,360,209,232,45,65,114,2309,752,58,96,2272,1968,ITF,ITF6,18,Calabria,Calabria,1947131,127370,6.54,0.22
2361,2021-03-31,CAL,8818,4006,4812,377,283,652,2048,145,193,2692,1988,118,322,4882,3936,ITF,ITF6,18,Calabria,Calabria,1947131,136188,6.99,0.45
2362,2021-02-08,CAL,1847,733,1114,1214,406,121,0,14,1,0,0,0,91,661,1186,ITF,ITF6,18,Calabria,Calabria,1947131,138035,7.09,0.09
2363,2021-02-24,CAL,1843,940,903,658,108,114,4,16,10,754,84,47,48,1369,474,ITF,ITF6,18,Calabria,Calabria,1947131,139878,7.18,0.09
2364,2021-04-21,CAL,11474,5777,5697,260,200,196,236,1607,2284,1123,5160,187,221,8568,2906,ITF,ITF6,18,Calabria,Calabria,1947131,151352,7.77,0.59
2365,2021-01-09,CAL,1918,1037,881,1530,316,0,0,26,2,1,0,0,43,1918,0,ITF,ITF6,18,Calabria,Calabria,1947131,153270,7.87,0.1
2366,2021-01-21,CAL,960,445,515,737,82,115,0,4,2,0,0,0,20,930,30,ITF,ITF6,18,Calabria,Calabria,1947131,154230,7.92,0.05
2367,2021-03-14,CAL,2542,1018,1524,322,103,312,721,15,30,811,128,30,70,2142,400,ITF,ITF6,18,Calabria,Calabria,1947131,156772,8.05,0.13
2368,2021-05-07,CAL,15879,7483,8396,353,343,286,538,2356,2112,1183,7878,137,693,9682,6197,ITF,ITF6,18,Calabria,Calabria,1947131,172651,8.87,0.82
2369,2021-04-11,CAL,4085,1863,2222,136,49,51,166,60,209,1726,1620,12,56,2145,1940,ITF,ITF6,18,Calabria,Calabria,1947131,176736,9.08,0.21
2370,2021-03-05,CAL,6136,3536,2600,694,253,709,5,46,61,2011,878,1383,96,5564,572,ITF,ITF6,18,Calabria,Calabria,1947131,182872,9.39,0.32
2371,2021-04-24,CAL,18920,9441,9479,288,229,146,113,6003,3558,1940,6098,230,315,15526,3394,ITF,ITF6,18,Calabria,Calabria,1947131,201792,10.36,0.97
2372,2021-04-18,CAL,5770,2759,3011,148,88,102,79,130,1432,1204,2528,12,47,4891,879,ITF,ITF6,18,Calabria,Calabria,1947131,207562,10.66,0.3
2373,2021-02-28,CAL,2166,983,1183,113,39,190,0,10,24,1706,28,6,50,2015,151,ITF,ITF6,18,Calabria,Calabria,1947131,209728,10.77,0.11
2374,2021-02-09,CAL,2145,904,1241,1422,394,230,0,20,5,0,0,0,74,947,1198,ITF,ITF6,18,Calabria,Calabria,1947131,211873,10.88,0.11
2375,2021-02-06,CAL,2906,1337,1569,2093,367,247,0,45,9,10,0,0,135,442,2464,ITF,ITF6,18,Calabria,Calabria,1947131,214779,11.03,0.15
2376,2021-04-25,CAL,15814,8027,7787,149,314,121,122,5767,2979,743,4585,273,761,14696,1118,ITF,ITF6,18,Calabria,Calabria,1947131,230593,11.84,0.81
2377,2021-02-05,CAL,3798,1709,2089,2330,744,554,0,41,8,3,0,0,118,489,3309,ITF,ITF6,18,Calabria,Calabria,1947131,234391,12.04,0.2
2378,2021-03-03,CAL,4858,2647,2211,631,351,913,4,38,43,1406,462,929,81,3797,1061,ITF,ITF6,18,Calabria,Calabria,1947131,239249,12.29,0.25
2379,2021-04-06,CAL,7208,3237,3971,377,163,453,802,103,244,2456,2369,51,190,4133,3075,ITF,ITF6,18,Calabria,Calabria,1947131,246457,12.66,0.37
2380,2021-04-17,CAL,10648,4995,5653,211,138,219,118,303,2654,2178,4531,98,198,8933,1715,ITF,ITF6,18,Calabria,Calabria,1947131,257105,13.2,0.55
2381,2021-04-26,CAL,10254,5157,5097,223,143,409,112,1386,1659,937,4857,401,127,7879,2375,ITF,ITF6,18,Calabria,Calabria,1947131,267359,13.73,0.53
2382,2021-02-04,CAL,3391,1623,1768,2560,505,222,0,23,6,7,0,0,68,644,2747,ITF,ITF6,18,Calabria,Calabria,1947131,270750,13.91,0.17
2383,2021-01-17,CAL,867,418,449,527,121,48,0,17,4,33,0,0,117,801,66,ITF,ITF6,18,Calabria,Calabria,1947131,271617,13.95,0.04
2384,2021-02-27,CAL,3668,1905,1763,421,193,396,2,24,40,2068,96,344,84,3290,378,ITF,ITF6,18,Calabria,Calabria,1947131,275285,14.14,0.19
2385,2021-05-05,CAL,13575,6505,7070,380,171,198,234,1913,1768,1205,6788,108,810,8472,5103,ITF,ITF6,18,Calabria,Calabria,1947131,288860,14.84,0.7
2386,2021-04-16,CAL,10120,4949,5171,332,213,287,233,253,2329,1094,5017,133,229,8524,1596,ITF,ITF6,18,Calabria,Calabria,1947131,298980,15.35,0.52
2387,2021-03-28,CAL,2531,1171,1360,127,109,31,412,74,66,785,737,15,175,1401,1130,ITF,ITF6,18,Calabria,Calabria,1947131,301511,15.48,0.13
2388,2021-04-28,CAL,12453,6018,6435,174,152,237,167,2323,2215,609,6249,91,236,9660,2793,ITF,ITF6,18,Calabria,Calabria,1947131,313964,16.12,0.64
2389,2021-03-04,CAL,5377,3102,2275,645,251,742,2,62,46,1636,631,1230,132,4583,794,ITF,ITF6,18,Calabria,Calabria,1947131,319341,16.4,0.28
2390,2021-01-31,CAL,1107,555,552,764,282,58,0,1,0,0,0,0,2,154,953,ITF,ITF6,18,Calabria,Calabria,1947131,320448,16.46,0.06
2391,2021-02-18,CAL,1796,802,994,585,369,298,61,7,6,385,11,0,74,1573,223,ITF,ITF6,18,Calabria,Calabria,1947131,322244,16.55,0.09
2392,2021-04-15,CAL,7383,3624,3759,159,153,161,199,144,1660,1062,3695,34,116,5786,1597,ITF,ITF6,18,Calabria,Calabria,1947131,329627,16.93,0.38
2393,2021-02-19,CAL,1461,652,809,544,208,195,0,9,9,422,57,1,16,1200,261,ITF,ITF6,18,Calabria,Calabria,1947131,331088,17.0,0.08
2394,2021-04-12,CAL,6691,3265,3426,219,136,274,104,105,854,1438,3431,37,93,5093,1598,ITF,ITF6,18,Calabria,Calabria,1947131,337779,17.35,0.34
2395,2021-02-13,CAL,1329,583,746,731,144,111,0,31,9,166,0,0,137,966,363,ITF,ITF6,18,Calabria,Calabria,1947131,339108,17.42,0.07
2396,2021-01-25,CAL,1064,512,552,1021,35,0,0,0,1,0,0,0,7,148,916,ITF,ITF6,18,Calabria,Calabria,1947131,340172,17.47,0.05
2397,2021-03-10,CAL,6414,3260,3154,741,516,584,62,79,53,2210,1022,796,351,5225,1189,ITF,ITF6,18,Calabria,Calabria,1947131,346586,17.8,0.33
2398,2021-02-12,CAL,1709,668,1041,814,300,136,0,64,32,209,0,0,154,943,766,ITF,ITF6,18,Calabria,Calabria,1947131,348295,17.89,0.09
2399,2021-05-08,CAL,18135,8265,9870,287,326,74,295,1944,2518,2700,8878,227,886,10448,7687,ITF,ITF6,18,Calabria,Calabria,1947131,366430,18.82,0.93
2400,2021-01-11,CAL,2155,1041,1114,1760,301,3,0,17,4,39,0,0,31,2155,0,ITF,ITF6,18,Calabria,Calabria,1947131,368585,18.93,0.11
2401,2021-03-02,CAL,4125,2385,1740,705,202,429,2,25,24,1451,221,994,72,3416,709,ITF,ITF6,18,Calabria,Calabria,1947131,372710,19.14,0.21
2402,2021-01-04,CAL,1051,517,534,1022,29,0,0,0,0,0,0,0,0,1051,0,ITF,ITF6,18,Calabria,Calabria,1947131,373761,19.2,0.05
2403,2021-03-15,CAL,3492,1664,1828,541,165,139,582,56,81,1180,431,172,145,2065,1427,ITF,ITF6,18,Calabria,Calabria,1947131,377253,19.37,0.18
2404,2021-04-09,CAL,7772,3649,4123,342,141,471,306,150,504,2125,3494,31,208,4856,2916,ITF,ITF6,18,Calabria,Calabria,1947131,385025,19.77,0.4
2405,2021-02-02,CAL,2287,1114,1173,1862,340,75,0,1,1,1,0,0,7,177,2110,ITF,ITF6,18,Calabria,Calabria,1947131,387312,19.89,0.12
2406,2021-01-14,CAL,2557,1214,1343,1962,349,3,0,61,24,47,0,0,111,2557,0,ITF,ITF6,18,Calabria,Calabria,1947131,389869,20.02,0.13
2407,2021-04-05,CAL,3450,1629,1821,133,22,149,133,286,439,1179,1038,18,53,2553,897,ITF,ITF6,18,Calabria,Calabria,1947131,393319,20.2,0.18
2408,2021-03-25,CAL,6950,3282,3668,292,362,564,1100,96,124,2268,1835,80,229,4435,2515,ITF,ITF6,18,Calabria,Calabria,1947131,400269,20.56,0.36
2409,2021-02-07,CAL,858,427,431,565,121,81,0,10,0,0,0,0,81,146,712,ITF,ITF6,18,Calabria,Calabria,1947131,401127,20.6,0.04
2410,2021-04-23,CAL,12608,6261,6347,302,189,227,205,1707,2407,1200,5883,180,308,9367,3241,ITF,ITF6,18,Calabria,Calabria,1947131,413735,21.25,0.65
2411,2021-02-03,CAL,2762,1428,1334,2169,393,103,0,18,4,2,0,0,73,580,2182,ITF,ITF6,18,Calabria,Calabria,1947131,416497,21.39,0.14
2412,2021-01-13,CAL,2028,1022,1006,1800,152,34,0,14,4,4,0,0,20,2028,0,ITF,ITF6,18,Calabria,Calabria,1947131,418525,21.49,0.1
2413,2021-02-15,CAL,1136,538,598,499,120,164,1,11,20,294,4,0,23,988,148,ITF,ITF6,18,Calabria,Calabria,1947131,419661,21.55,0.06
2414,2021-01-10,CAL,929,524,405,830,99,0,0,0,0,0,0,0,0,929,0,ITF,ITF6,18,Calabria,Calabria,1947131,420590,21.6,0.05
2415,2021-01-23,CAL,400,186,214,325,25,23,0,2,0,1,0,0,24,358,42,ITF,ITF6,18,Calabria,Calabria,1947131,420990,21.62,0.02
2416,2021-02-10,CAL,2459,1074,1385,1467,338,357,0,56,25,72,0,0,144,837,1622,ITF,ITF6,18,Calabria,Calabria,1947131,423449,21.75,0.13
2417,2021-01-19,CAL,1108,488,620,852,105,76,0,11,11,14,0,0,39,1098,10,ITF,ITF6,18,Calabria,Calabria,1947131,424557,21.8,0.06
2418,2021-03-13,CAL,6660,2941,3719,424,159,355,685,93,43,3797,746,123,235,5670,990,ITF,ITF6,18,Calabria,Calabria,1947131,431217,22.15,0.34
2419,2021-04-27,CAL,9855,4854,5001,166,161,173,85,1990,1996,598,4477,74,135,7995,1860,ITF,ITF6,18,Calabria,Calabria,1947131,441072,22.65,0.51
2420,2021-03-01,CAL,2682,1527,1155,400,156,258,3,10,11,1053,70,650,71,2232,450,ITF,ITF6,18,Calabria,Calabria,1947131,443754,22.79,0.14
2421,2021-02-17,CAL,1680,672,1008,672,239,285,81,7,6,354,2,0,34,1469,211,ITF,ITF6,18,Calabria,Calabria,1947131,445434,22.88,0.09
2422,2021-01-06,CAL,926,500,426,822,90,0,0,5,0,0,0,0,9,926,0,ITF,ITF6,18,Calabria,Calabria,1947131,446360,22.92,0.05
2423,2021-04-03,CAL,8818,3787,5031,363,123,358,621,87,213,4978,1906,57,112,4201,4617,ITF,ITF6,18,Calabria,Calabria,1947131,455178,23.38,0.45
2424,2021-02-16,CAL,1532,642,890,659,189,265,0,14,23,334,1,0,47,1255,277,ITF,ITF6,18,Calabria,Calabria,1947131,456710,23.46,0.08
2425,2021-02-21,CAL,608,286,322,36,46,48,0,2,2,374,28,30,42,531,77,ITF,ITF6,18,Calabria,Calabria,1947131,457318,23.49,0.03
2426,2021-03-09,CAL,5809,3027,2782,802,267,461,18,64,71,1927,1121,933,145,4834,975,ITF,ITF6,18,Calabria,Calabria,1947131,463127,23.79,0.3
2427,2021-05-11,CAL,15097,7301,7796,250,289,149,208,1619,1801,961,6564,284,2972,10324,4773,ITF,ITF6,18,Calabria,Calabria,1947131,478224,24.56,0.78
2428,2021-03-29,CAL,5627,2380,3247,206,320,134,1575,134,160,1129,1672,71,226,3873,1754,ITF,ITF6,18,Calabria,Calabria,1947131,483851,24.85,0.29
2429,2021-04-29,CAL,11584,5631,5953,286,216,204,170,2066,1927,937,5556,49,173,8281,3303,ITF,ITF6,18,Calabria,Calabria,1947131,495435,25.44,0.59
2430,2021-03-12,CAL,5079,2431,2648,465,394,219,784,61,38,2146,412,400,160,4036,1043,ITF,ITF6,18,Calabria,Calabria,1947131,500514,25.71,0.26
2431,2021-02-20,CAL,1357,735,622,438,185,55,2,13,5,489,54,19,97,1042,315,ITF,ITF6,18,Calabria,Calabria,1947131,501871,25.77,0.07
2432,2021-02-01,CAL,2494,1191,1303,2043,357,43,0,14,2,1,0,0,34,243,2251,ITF,ITF6,18,Calabria,Calabria,1947131,504365,25.9,0.13
2433,2021-04-30,CAL,14663,7211,7452,311,299,327,283,2531,2422,877,7271,104,238,10578,4085,ITF,ITF6,18,Calabria,Calabria,1947131,519028,26.66,0.75
2434,2021-05-04,CAL,16275,7477,8798,302,244,184,531,3027,2105,1454,7990,91,347,11652,4623,ITF,ITF6,18,Calabria,Calabria,1947131,535303,27.49,0.84
2435,2021-01-07,CAL,2183,1063,1120,1885,212,0,0,20,4,0,0,0,62,2183,0,ITF,ITF6,18,Calabria,Calabria,1947131,537486,27.6,0.11
2436,2021-03-21,CAL,4356,1882,2474,135,38,199,741,77,92,2128,694,83,169,2656,1700,ITF,ITF6,18,Calabria,Calabria,1947131,541842,27.83,0.22
2437,2021-05-10,CAL,13112,6081,7031,311,284,179,298,1791,1937,651,6289,169,1203,7722,5390,ITF,ITF6,18,Calabria,Calabria,1947131,554954,28.5,0.67
2438,2021-02-23,CAL,1546,727,819,437,177,204,1,13,10,582,63,2,57,1431,115,ITF,ITF6,18,Calabria,Calabria,1947131,556500,28.58,0.08
2439,2021-03-06,CAL,7943,4050,3893,701,225,760,6,41,96,4056,1131,836,91,7188,755,ITF,ITF6,18,Calabria,Calabria,1947131,564443,28.99,0.41
2440,2021-01-28,CAL,2232,1108,1124,1921,283,0,0,2,1,0,0,0,25,82,2150,ITF,ITF6,18,Calabria,Calabria,1947131,566675,29.1,0.11
2441,2021-04-07,CAL,6358,2874,3484,193,71,400,539,135,217,2167,2464,33,139,3649,2709,ITF,ITF6,18,Calabria,Calabria,1947131,573033,29.43,0.33
2442,2021-02-26,CAL,3061,1631,1430,540,191,389,4,21,18,1362,85,370,81,2609,452,ITF,ITF6,18,Calabria,Calabria,1947131,576094,29.59,0.16
2443,2021-01-18,CAL,1246,559,687,996,139,11,0,25,3,6,0,0,66,1041,205,ITF,ITF6,18,Calabria,Calabria,1947131,577340,29.65,0.06
2444,2021-03-17,CAL,3791,1685,2106,277,150,167,93,59,110,2243,609,31,52,2095,1696,ITF,ITF6,18,Calabria,Calabria,1947131,581131,29.85,0.19
2445,2021-05-12,CAL,16199,7831,8368,285,270,152,312,1553,1756,658,7773,177,3263,10866,5333,ITF,ITF6,18,Calabria,Calabria,1947131,597330,30.68,0.83
2446,2021-02-14,CAL,369,144,225,146,31,83,0,2,2,93,0,0,12,339,30,ITF,ITF6,18,Calabria,Calabria,1947131,597699,30.7,0.02
2447,2021-01-26,CAL,1801,857,944,1552,164,70,0,1,0,0,0,0,14,278,1523,ITF,ITF6,18,Calabria,Calabria,1947131,599500,30.79,0.09
2448,2021-04-13,CAL,6482,3195,3287,242,92,40,106,103,1274,1272,3081,153,119,5230,1252,ITF,ITF6,18,Calabria,Calabria,1947131,605982,31.12,0.33
2449,2021-03-27,CAL,8307,3771,4536,306,386,148,1400,125,179,3412,1867,66,418,4451,3856,ITF,ITF6,18,Calabria,Calabria,1947131,614289,31.55,0.43
2450,2021-04-22,CAL,9351,4665,4686,235,170,274,96,1450,1802,964,4106,41,213,6667,2684,ITF,ITF6,18,Calabria,Calabria,1947131,623640,32.03,0.48
2451,2021-01-03,CAL,6,3,3,4,2,0,0,0,0,0,0,0,0,6,0,ITF,ITF6,18,Calabria,Calabria,1947131,623646,32.03,0.0
2452,2021-01-08,CAL,2113,1016,1097,1899,203,0,0,3,0,0,0,0,8,2113,0,ITF,ITF6,18,Calabria,Calabria,1947131,625759,32.14,0.11
2453,2021-01-24,CAL,44,18,26,15,3,26,0,0,0,0,0,0,0,39,5,ITF,ITF6,18,Calabria,Calabria,1947131,625803,32.14,0.0
2454,2021-03-26,CAL,7643,3624,4019,511,371,218,1039,150,231,2562,2056,135,370,4527,3116,ITF,ITF6,18,Calabria,Calabria,1947131,633446,32.53,0.39
2455,2021-01-02,CAL,165,94,71,165,0,0,0,0,0,0,0,0,0,165,0,ITF,ITF6,18,Calabria,Calabria,1947131,633611,32.54,0.01
2456,2021-05-14,CAL,19830,9537,10293,303,318,129,373,1664,1806,683,9459,693,4402,13032,6798,ITF,ITF6,18,Calabria,Calabria,1947131,653441,33.56,1.02
2457,2020-12-28,CAL,6,2,4,6,0,0,0,0,0,0,0,0,0,6,0,ITF,ITF6,18,Calabria,Calabria,1947131,653447,33.56,0.0
2458,2021-04-01,CAL,8322,3761,4561,455,247,680,1115,122,218,3043,1987,113,342,3838,4484,ITF,ITF6,18,Calabria,Calabria,1947131,661769,33.99,0.43
2459,2021-03-24,CAL,7429,3391,4038,386,289,698,1495,165,147,2605,1293,105,246,4254,3175,ITF,ITF6,18,Calabria,Calabria,1947131,669198,34.37,0.38
2460,2021-05-01,CAL,16435,7839,8596,174,277,48,326,2337,3046,2066,7735,108,318,12381,4054,ITF,ITF6,18,Calabria,Calabria,1947131,685633,35.21,0.84
2461,2021-01-16,CAL,2394,1120,1274,1664,264,241,0,49,12,9,0,0,155,2394,0,ITF,ITF6,18,Calabria,Calabria,1947131,688027,35.34,0.12
2462,2021-03-23,CAL,5203,2441,2762,280,145,55,1083,98,74,2044,1077,102,245,3406,1797,ITF,ITF6,18,Calabria,Calabria,1947131,693230,35.6,0.27
2463,2021-01-05,CAL,1453,679,774,1317,123,0,0,2,0,0,0,0,11,1453,0,ITF,ITF6,18,Calabria,Calabria,1947131,694683,35.68,0.07
2464,2021-03-30,CAL,5784,2488,3296,166,103,213,1119,154,196,1989,1470,89,285,3194,2590,ITF,ITF6,18,Calabria,Calabria,1947131,700467,35.97,0.3
2465,2021-05-03,CAL,14643,6708,7935,317,217,334,545,2712,2112,769,7069,114,454,10521,4122,ITF,ITF6,18,Calabria,Calabria,1947131,715110,36.73,0.75
2466,2021-03-11,CAL,6877,3277,3600,934,474,572,600,121,88,2555,872,412,249,5621,1256,ITF,ITF6,18,Calabria,Calabria,1947131,721987,37.08,0.35
2467,2021-04-08,CAL,9309,4381,4928,451,178,535,304,207,563,3373,3429,44,225,5675,3634,ITF,ITF6,18,Calabria,Calabria,1947131,731296,37.56,0.48
2468,2021-04-10,CAL,11149,5023,6126,424,161,460,303,142,703,5581,3144,49,182,6339,4810,ITF,ITF6,18,Calabria,Calabria,1947131,742445,38.13,0.57
2469,2021-03-22,CAL,4694,2199,2495,195,125,148,1113,49,50,1993,804,77,140,3028,1666,ITF,ITF6,18,Calabria,Calabria,1947131,747139,38.37,0.24
2470,2021-04-20,CAL,7632,3838,3794,294,300,137,163,420,1711,1066,3144,115,282,6016,1616,ITF,ITF6,18,Calabria,Calabria,1947131,754771,38.76,0.39
2471,2021-01-15,CAL,2795,1258,1537,1692,349,412,0,54,19,44,0,0,225,2795,0,ITF,ITF6,18,Calabria,Calabria,1947131,757566,38.91,0.14
2472,2021-05-09,CAL,9612,4488,5124,145,316,77,185,1180,1360,598,5175,47,529,6133,3479,ITF,ITF6,18,Calabria,Calabria,1947131,767178,39.4,0.49
2473,2021-01-20,CAL,1396,623,773,865,127,179,0,41,14,25,0,0,145,1395,1,ITF,ITF6,18,Calabria,Calabria,1947131,768574,39.47,0.07
2474,2021-02-22,CAL,1996,1012,984,727,231,166,5,32,7,678,33,3,114,1441,555,ITF,ITF6,18,Calabria,Calabria,1947131,770570,39.57,0.1
2475,2021-04-19,CAL,7652,3687,3965,291,131,61,156,243,1971,1135,3478,92,94,6072,1580,ITF,ITF6,18,Calabria,Calabria,1947131,778222,39.97,0.39
2476,2021-05-02,CAL,12414,5795,6619,146,176,26,261,2527,1901,829,6205,68,275,10641,1773,ITF,ITF6,18,Calabria,Calabria,1947131,790636,40.61,0.64
2477,2021-01-29,VDA,318,138,180,260,32,16,0,6,3,0,0,0,1,2,316,ITC,ITC2,2,Valle d'Aosta / Vallée d'Aoste,Valle d'Aosta,125666,318,0.25,0.25
2478,2021-04-09,VDA,237,111,126,0,1,7,0,155,32,30,8,0,4,204,33,ITC,ITC2,2,Valle d'Aosta / Vallée d'Aoste,Valle d'Aosta,125666,555,0.44,0.19
2479,2021-05-14,VDA,959,442,517,101,34,1,72,339,55,25,141,58,133,291,668,ITC,ITC2,2,Valle d'Aosta / Vallée d'Aoste,Valle d'Aosta,125666,1514,1.2,0.76
2480,2021-05-13,VDA,1134,554,580,28,6,10,2,341,280,134,260,8,65,540,594,ITC,ITC2,2,Valle d'Aosta / Vallée d'Aoste,Valle d'Aosta,125666,2648,2.11,0.9
2481,2021-03-20,VDA,208,86,122,5,5,15,2,87,46,14,1,27,6,172,36,ITC,ITC2,2,Valle d'Aosta / Vallée d'Aoste,Valle d'Aosta,125666,2856,2.27,0.17
2482,2021-05-16,VDA,481,233,248,13,4,0,5,127,51,8,144,0,129,148,333,ITC,ITC2,2,Valle d'Aosta / Vallée d'Aoste,Valle d'Aosta,125666,3337,2.66,0.38
2483,2021-02-24,VDA,183,82,101,30,9,13,7,0,4,66,0,54,0,164,19,ITC,ITC2,2,Valle d'Aosta / Vallée d'Aoste,Valle d'Aosta,125666,3520,2.8,0.15
2484,2021-01-09,VDA,443,199,244,225,183,22,0,7,6,0,0,0,0,443,0,ITC,ITC2,2,Valle d'Aosta / Vallée d'Aoste,Valle d'Aosta,125666,3963,3.15,0.35
2485,2021-02-07,VDA,292,120,172,110,63,0,3,1,1,105,7,2,0,190,102,ITC,ITC2,2,Valle d'Aosta / Vallée d'Aoste,Valle d'Aosta,125666,4255,3.39,0.23
2486,2021-05-11,VDA,645,325,320,5,0,0,2,153,230,112,109,6,28,494,151,ITC,ITC2,2,Valle d'Aosta / Vallée d'Aoste,Valle d'Aosta,125666,4900,3.9,0.51
2487,2021-03-29,VDA,493,233,260,7,5,18,2,50,172,209,23,1,6,453,40,ITC,ITC2,2,Valle d'Aosta / Vallée d'Aoste,Valle d'Aosta,125666,5393,4.29,0.39
2488,2021-02-16,VDA,325,53,272,10,0,14,236,10,8,32,0,4,11,320,5,ITC,ITC2,2,Valle d'Aosta / Vallée d'Aoste,Valle d'Aosta,125666,5718,4.55,0.26
2489,2021-01-21,VDA,33,12,21,0,0,33,0,0,0,0,0,0,0,33,0,ITC,ITC2,2,Valle d'Aosta / Vallée d'Aoste,Valle d'Aosta,125666,5751,4.58,0.03
2490,2021-02-21,VDA,18,3,15,0,0,18,0,0,0,0,0,0,0,0,18,ITC,ITC2,2,Valle d'Aosta / Vallée d'Aoste,Valle d'Aosta,125666,5769,4.59,0.01
2491,2021-03-25,VDA,389,154,235,13,0,1,1,8,57,287,14,0,8,379,10,ITC,ITC2,2,Valle d'Aosta / Vallée d'Aoste,Valle d'Aosta,125666,6158,4.9,0.31
2492,2021-03-15,VDA,362,123,239,21,4,10,65,8,16,217,14,7,0,159,203,ITC,ITC2,2,Valle d'Aosta / Vallée d'Aoste,Valle d'Aosta,125666,6520,5.19,0.29
2493,2021-01-13,VDA,337,110,227,166,138,28,0,3,2,0,0,0,0,337,0,ITC,ITC2,2,Valle d'Aosta / Vallée d'Aoste,Valle d'Aosta,125666,6857,5.46,0.27
2494,2021-04-29,VDA,1291,634,657,9,3,39,0,241,506,243,223,6,21,757,534,ITC,ITC2,2,Valle d'Aosta / Vallée d'Aoste,Valle d'Aosta,125666,8148,6.48,1.03
2495,2021-01-30,VDA,439,202,237,233,182,12,0,7,4,0,0,0,1,14,425,ITC,ITC2,2,Valle d'Aosta / Vallée d'Aoste,Valle d'Aosta,125666,8587,6.83,0.35
2496,2021-05-06,VDA,1063,509,554,11,4,4,5,279,344,179,209,5,23,679,384,ITC,ITC2,2,Valle d'Aosta / Vallée d'Aoste,Valle d'Aosta,125666,9650,7.68,0.85
2497,2021-01-14,VDA,237,69,168,151,62,0,0,16,6,2,0,0,0,237,0,ITC,ITC2,2,Valle d'Aosta / Vallée d'Aoste,Valle d'Aosta,125666,9887,7.87,0.19
2498,2021-04-19,VDA,751,325,426,12,5,2,1,99,132,311,175,1,13,542,209,ITC,ITC2,2,Valle d'Aosta / Vallée d'Aoste,Valle d'Aosta,125666,10638,8.47,0.6
2499,2021-02-22,VDA,316,94,222,62,10,39,67,0,15,111,0,6,6,213,103,ITC,ITC2,2,Valle d'Aosta / Vallée d'Aoste,Valle d'Aosta,125666,10954,8.72,0.25
2500,2021-04-10,VDA,404,190,214,2,3,1,0,108,223,22,32,0,13,399,5,ITC,ITC2,2,Valle d'Aosta / Vallée d'Aoste,Valle d'Aosta,125666,11358,9.04,0.32
2501,2021-03-04,VDA,291,139,152,56,19,2,2,3,10,160,2,14,23,42,249,ITC,ITC2,2,Valle d'Aosta / Vallée d'Aoste,Valle d'Aosta,125666,11649,9.27,0.23
2502,2021-02-05,VDA,294,102,192,159,52,0,0,14,16,53,0,0,0,101,193,ITC,ITC2,2,Valle d'Aosta / Vallée d'Aoste,Valle d'Aosta,125666,11943,9.5,0.23
2503,2021-04-16,VDA,599,261,338,63,10,2,0,235,81,26,172,0,10,597,2,ITC,ITC2,2,Valle d'Aosta / Vallée d'Aoste,Valle d'Aosta,125666,12542,9.98,0.48
2504,2021-05-12,VDA,1137,549,588,11,7,2,3,108,438,249,255,19,45,467,670,ITC,ITC2,2,Valle d'Aosta / Vallée d'Aoste,Valle d'Aosta,125666,13679,10.89,0.9
2505,2021-03-13,VDA,145,86,59,3,11,0,3,82,0,0,0,24,22,145,0,ITC,ITC2,2,Valle d'Aosta / Vallée d'Aoste,Valle d'Aosta,125666,13824,11.0,0.12
2506,2021-05-02,VDA,765,345,420,3,4,0,1,353,277,35,82,1,9,605,160,ITC,ITC2,2,Valle d'Aosta / Vallée d'Aoste,Valle d'Aosta,125666,14589,11.61,0.61
2507,2021-04-14,VDA,941,430,511,16,3,0,1,82,259,406,151,3,20,717,224,ITC,ITC2,2,Valle d'Aosta / Vallée d'Aoste,Valle d'Aosta,125666,15530,12.36,0.75
2508,2021-04-15,VDA,810,377,433,30,1,0,1,231,135,241,156,2,13,671,139,ITC,ITC2,2,Valle d'Aosta / Vallée d'Aoste,Valle d'Aosta,125666,16340,13.0,0.64
2509,2021-03-27,VDA,333,164,169,24,12,14,1,110,72,66,4,21,9,302,31,ITC,ITC2,2,Valle d'Aosta / Vallée d'Aoste,Valle d'Aosta,125666,16673,13.27,0.26
2510,2021-03-07,VDA,64,30,34,16,3,0,1,1,4,26,0,2,11,11,53,ITC,ITC2,2,Valle d'Aosta / Vallée d'Aoste,Valle d'Aosta,125666,16737,13.32,0.05
2511,2021-01-18,VDA,213,74,139,29,7,27,0,104,0,46,0,0,0,213,0,ITC,ITC2,2,Valle d'Aosta / Vallée d'Aoste,Valle d'Aosta,125666,16950,13.49,0.17
2512,2021-02-27,VDA,231,85,146,69,9,2,0,10,4,128,0,4,5,124,107,ITC,ITC2,2,Valle d'Aosta / Vallée d'Aoste,Valle d'Aosta,125666,17181,13.67,0.18
2513,2021-05-05,VDA,1036,565,471,11,1,9,3,90,403,220,268,2,29,456,580,ITC,ITC2,2,Valle d'Aosta / Vallée d'Aoste,Valle d'Aosta,125666,18217,14.5,0.82
2514,2021-01-02,VDA,6,5,1,0,0,6,0,0,0,0,0,0,0,6,0,ITC,ITC2,2,Valle d'Aosta / Vallée d'Aoste,Valle d'Aosta,125666,18223,14.5,0.0
2515,2021-03-18,VDA,136,43,93,4,0,26,0,0,2,102,1,1,0,99,37,ITC,ITC2,2,Valle d'Aosta / Vallée d'Aoste,Valle d'Aosta,125666,18359,14.61,0.11
2516,2021-01-22,VDA,56,21,35,36,0,20,0,0,0,0,0,0,0,20,36,ITC,ITC2,2,Valle d'Aosta / Vallée d'Aoste,Valle d'Aosta,125666,18415,14.65,0.04
2517,2021-02-06,VDA,289,104,185,170,36,0,0,1,2,74,5,1,0,92,197,ITC,ITC2,2,Valle d'Aosta / Vallée d'Aoste,Valle d'Aosta,125666,18704,14.88,0.23
2518,2021-03-10,VDA,438,183,255,9,0,17,0,1,19,363,20,7,2,225,213,ITC,ITC2,2,Valle d'Aosta / Vallée d'Aoste,Valle d'Aosta,125666,19142,15.23,0.35
2519,2021-03-02,VDA,339,166,173,17,9,39,5,34,1,145,0,65,24,336,3,ITC,ITC2,2,Valle d'Aosta / Vallée d'Aoste,Valle d'Aosta,125666,19481,15.5,0.27
2520,2021-01-20,VDA,23,8,15,0,0,6,0,0,0,17,0,0,0,23,0,ITC,ITC2,2,Valle d'Aosta / Vallée d'Aoste,Valle d'Aosta,125666,19504,15.52,0.02
2521,2021-03-11,VDA,197,76,121,4,0,8,2,1,10,169,1,1,1,66,131,ITC,ITC2,2,Valle d'Aosta / Vallée d'Aoste,Valle d'Aosta,125666,19701,15.68,0.16
2522,2021-02-20,VDA,251,210,41,6,17,11,9,3,2,8,0,183,12,241,10,ITC,ITC2,2,Valle d'Aosta / Vallée d'Aoste,Valle d'Aosta,125666,19952,15.88,0.2
2523,2021-04-08,VDA,584,282,302,6,0,4,2,50,146,281,82,0,13,441,143,ITC,ITC2,2,Valle d'Aosta / Vallée d'Aoste,Valle d'Aosta,125666,20536,16.34,0.46
2524,2021-01-11,VDA,325,112,213,238,50,30,0,3,3,0,0,0,1,325,0,ITC,ITC2,2,Valle d'Aosta / Vallée d'Aoste,Valle d'Aosta,125666,20861,16.6,0.26
2525,2021-04-17,VDA,638,407,231,8,8,0,2,151,199,46,207,0,17,636,2,ITC,ITC2,2,Valle d'Aosta / Vallée d'Aoste,Valle d'Aosta,125666,21499,17.11,0.51
2526,2021-04-11,VDA,479,208,271,3,4,0,3,265,142,6,47,0,9,479,0,ITC,ITC2,2,Valle d'Aosta / Vallée d'Aoste,Valle d'Aosta,125666,21978,17.49,0.38
2527,2021-05-10,VDA,780,381,399,9,1,13,3,193,249,158,138,5,11,546,234,ITC,ITC2,2,Valle d'Aosta / Vallée d'Aoste,Valle d'Aosta,125666,22758,18.11,0.62
2528,2021-03-17,VDA,433,185,248,36,4,16,7,13,23,254,9,42,29,273,160,ITC,ITC2,2,Valle d'Aosta / Vallée d'Aoste,Valle d'Aosta,125666,23191,18.45,0.34
2529,2021-02-23,VDA,216,123,93,0,1,0,16,0,0,0,0,46,153,216,0,ITC,ITC2,2,Valle d'Aosta / Vallée d'Aoste,Valle d'Aosta,125666,23407,18.63,0.17
2530,2021-04-30,VDA,831,355,476,65,9,5,2,227,233,28,212,14,36,485,346,ITC,ITC2,2,Valle d'Aosta / Vallée d'Aoste,Valle d'Aosta,125666,24238,19.29,0.66
2531,2021-02-09,VDA,251,84,167,78,16,14,53,8,3,75,2,1,1,68,183,ITC,ITC2,2,Valle d'Aosta / Vallée d'Aoste,Valle d'Aosta,125666,24489,19.49,0.2
2532,2021-02-17,VDA,327,144,183,25,1,30,0,0,16,237,0,17,1,227,100,ITC,ITC2,2,Valle d'Aosta / Vallée d'Aoste,Valle d'Aosta,125666,24816,19.75,0.26
2533,2021-03-06,VDA,22,4,18,13,0,5,0,0,0,4,0,0,0,22,0,ITC,ITC2,2,Valle d'Aosta / Vallée d'Aoste,Valle d'Aosta,125666,24838,19.77,0.02
2534,2021-02-26,VDA,207,58,149,67,9,6,1,6,6,102,1,4,5,122,85,ITC,ITC2,2,Valle d'Aosta / Vallée d'Aoste,Valle d'Aosta,125666,25045,19.93,0.16
2535,2021-04-21,VDA,868,410,458,24,16,1,5,60,152,285,259,10,56,619,249,ITC,ITC2,2,Valle d'Aosta / Vallée d'Aoste,Valle d'Aosta,125666,25913,20.62,0.69
2536,2021-01-05,VDA,150,54,96,127,11,11,0,0,1,0,0,0,0,150,0,ITC,ITC2,2,Valle d'Aosta / Vallée d'Aoste,Valle d'Aosta,125666,26063,20.74,0.12
2537,2021-04-25,VDA,848,408,440,3,7,0,1,299,334,55,127,1,21,709,139,ITC,ITC2,2,Valle d'Aosta / Vallée d'Aoste,Valle d'Aosta,125666,26911,21.41,0.67
2538,2020-12-31,VDA,18,4,14,16,2,0,0,0,0,0,0,0,0,18,0,ITC,ITC2,2,Valle d'Aosta / Vallée d'Aoste,Valle d'Aosta,125666,26929,21.43,0.01
2539,2021-04-23,VDA,921,443,478,40,7,29,0,165,277,252,139,0,12,538,383,ITC,ITC2,2,Valle d'Aosta / Vallée d'Aoste,Valle d'Aosta,125666,27850,22.16,0.73
2540,2021-01-06,VDA,65,33,32,29,8,18,0,7,3,0,0,0,0,65,0,ITC,ITC2,2,Valle d'Aosta / Vallée d'Aoste,Valle d'Aosta,125666,27915,22.21,0.05
2541,2021-01-08,VDA,299,130,169,240,35,16,0,5,3,0,0,0,0,299,0,ITC,ITC2,2,Valle d'Aosta / Vallée d'Aoste,Valle d'Aosta,125666,28214,22.45,0.24
2542,2021-03-14,VDA,392,200,192,8,21,0,52,205,1,0,0,34,71,392,0,ITC,ITC2,2,Valle d'Aosta / Vallée d'Aoste,Valle d'Aosta,125666,28606,22.76,0.31
2543,2021-03-01,VDA,181,66,115,19,8,29,0,0,3,116,2,2,2,147,34,ITC,ITC2,2,Valle d'Aosta / Vallée d'Aoste,Valle d'Aosta,125666,28787,22.91,0.14
2544,2021-04-27,VDA,977,423,554,41,13,4,1,128,278,231,227,3,51,685,292,ITC,ITC2,2,Valle d'Aosta / Vallée d'Aoste,Valle d'Aosta,125666,29764,23.69,0.78
2545,2021-04-22,VDA,1067,449,618,9,3,3,3,179,249,467,128,2,24,684,383,ITC,ITC2,2,Valle d'Aosta / Vallée d'Aoste,Valle d'Aosta,125666,30831,24.53,0.85
2546,2021-03-03,VDA,255,118,137,9,11,1,4,4,9,208,6,1,2,186,69,ITC,ITC2,2,Valle d'Aosta / Vallée d'Aoste,Valle d'Aosta,125666,31086,24.74,0.2
2547,2021-01-10,VDA,220,71,149,172,25,19,0,4,0,0,0,0,0,220,0,ITC,ITC2,2,Valle d'Aosta / Vallée d'Aoste,Valle d'Aosta,125666,31306,24.91,0.18
2548,2021-04-02,VDA,873,344,529,63,9,12,178,89,167,196,74,11,74,648,225,ITC,ITC2,2,Valle d'Aosta / Vallée d'Aoste,Valle d'Aosta,125666,32179,25.61,0.69
2549,2021-03-12,VDA,531,175,356,15,8,8,255,44,21,148,8,2,22,305,226,ITC,ITC2,2,Valle d'Aosta / Vallée d'Aoste,Valle d'Aosta,125666,32710,26.03,0.42
2550,2021-01-12,VDA,302,72,230,242,34,11,0,14,1,0,0,0,0,302,0,ITC,ITC2,2,Valle d'Aosta / Vallée d'Aoste,Valle d'Aosta,125666,33012,26.27,0.24
2551,2021-03-16,VDA,180,37,143,4,0,13,0,15,14,121,0,0,13,118,62,ITC,ITC2,2,Valle d'Aosta / Vallée d'Aoste,Valle d'Aosta,125666,33192,26.41,0.14
2552,2021-04-28,VDA,1217,632,585,24,7,30,0,81,597,236,212,1,29,713,504,ITC,ITC2,2,Valle d'Aosta / Vallée d'Aoste,Valle d'Aosta,125666,34409,27.38,0.97
2553,2021-04-04,VDA,571,252,319,1,8,0,96,270,155,22,5,4,10,570,1,ITC,ITC2,2,Valle d'Aosta / Vallée d'Aoste,Valle d'Aosta,125666,34980,27.84,0.45
2554,2021-02-11,VDA,231,107,124,53,21,0,0,2,10,128,1,13,3,222,9,ITC,ITC2,2,Valle d'Aosta / Vallée d'Aoste,Valle d'Aosta,125666,35211,28.02,0.18
2555,2021-04-20,VDA,932,430,502,25,9,8,2,115,174,279,253,1,66,738,194,ITC,ITC2,2,Valle d'Aosta / Vallée d'Aoste,Valle d'Aosta,125666,36143,28.76,0.74
2556,2021-03-26,VDA,498,204,294,4,2,0,227,54,79,100,3,3,26,491,7,ITC,ITC2,2,Valle d'Aosta / Vallée d'Aoste,Valle d'Aosta,125666,36641,29.16,0.4
2557,2021-01-15,VDA,218,82,136,116,32,28,0,18,17,6,0,0,1,218,0,ITC,ITC2,2,Valle d'Aosta / Vallée d'Aoste,Valle d'Aosta,125666,36859,29.33,0.17
2558,2021-03-24,VDA,515,230,285,11,5,0,1,16,34,420,18,3,7,258,257,ITC,ITC2,2,Valle d'Aosta / Vallée d'Aoste,Valle d'Aosta,125666,37374,29.74,0.41
2559,2021-05-01,VDA,938,562,376,15,1,0,1,230,287,56,140,185,23,454,484,ITC,ITC2,2,Valle d'Aosta / Vallée d'Aoste,Valle d'Aosta,125666,38312,30.49,0.75
2560,2021-05-04,VDA,1135,510,625,18,4,2,201,152,255,158,282,13,50,462,673,ITC,ITC2,2,Valle d'Aosta / Vallée d'Aoste,Valle d'Aosta,125666,39447,31.39,0.9
2561,2020-12-27,VDA,20,9,11,20,0,0,0,0,0,0,0,0,0,20,0,ITC,ITC2,2,Valle d'Aosta / Vallée d'Aoste,Valle d'Aosta,125666,39467,31.41,0.02
2562,2021-04-01,VDA,776,394,382,1,1,0,0,205,306,201,55,0,7,764,12,ITC,ITC2,2,Valle d'Aosta / Vallée d'Aoste,Valle d'Aosta,125666,40243,32.02,0.62
2563,2021-02-08,VDA,223,83,140,28,19,3,25,82,0,64,0,0,2,25,198,ITC,ITC2,2,Valle d'Aosta / Vallée d'Aoste,Valle d'Aosta,125666,40466,32.2,0.18
2564,2021-02-02,VDA,272,70,202,225,35,3,0,8,1,0,0,0,0,2,270,ITC,ITC2,2,Valle d'Aosta / Vallée d'Aoste,Valle d'Aosta,125666,40738,32.42,0.22
2565,2021-03-23,VDA,379,150,229,14,2,7,9,37,18,280,0,9,3,245,134,ITC,ITC2,2,Valle d'Aosta / Vallée d'Aoste,Valle d'Aosta,125666,41117,32.72,0.3
2566,2021-03-22,VDA,560,205,355,37,5,18,19,54,37,340,29,11,10,333,227,ITC,ITC2,2,Valle d'Aosta / Vallée d'Aoste,Valle d'Aosta,125666,41677,33.16,0.45
2567,2021-04-07,VDA,908,473,435,16,0,0,1,84,271,391,92,0,53,679,229,ITC,ITC2,2,Valle d'Aosta / Vallée d'Aoste,Valle d'Aosta,125666,42585,33.89,0.72
2568,2021-02-10,VDA,248,77,171,51,14,26,18,4,3,128,0,1,3,141,107,ITC,ITC2,2,Valle d'Aosta / Vallée d'Aoste,Valle d'Aosta,125666,42833,34.08,0.2
2569,2021-05-09,VDA,574,287,287,5,1,0,1,368,109,12,64,4,10,444,130,ITC,ITC2,2,Valle d'Aosta / Vallée d'Aoste,Valle d'Aosta,125666,43407,34.54,0.46
2570,2021-01-17,VDA,131,56,75,49,2,20,0,1,0,59,0,0,0,131,0,ITC,ITC2,2,Valle d'Aosta / Vallée d'Aoste,Valle d'Aosta,125666,43538,34.65,0.1
2571,2021-04-26,VDA,715,327,388,13,2,0,2,79,246,213,126,7,27,545,170,ITC,ITC2,2,Valle d'Aosta / Vallée d'Aoste,Valle d'Aosta,125666,44253,35.21,0.57
2572,2021-02-15,VDA,264,136,128,24,2,25,2,0,6,173,2,29,1,229,35,ITC,ITC2,2,Valle d'Aosta / Vallée d'Aoste,Valle d'Aosta,125666,44517,35.42,0.21
2573,2021-05-08,VDA,904,540,364,14,25,0,9,299,227,46,98,168,18,526,378,ITC,ITC2,2,Valle d'Aosta / Vallée d'Aoste,Valle d'Aosta,125666,45421,36.14,0.72
2574,2021-03-28,VDA,522,212,310,52,10,0,47,166,99,53,18,55,22,521,1,ITC,ITC2,2,Valle d'Aosta / Vallée d'Aoste,Valle d'Aosta,125666,45943,36.56,0.42
2575,2021-03-19,VDA,322,85,237,9,1,21,211,42,1,9,0,1,27,286,36,ITC,ITC2,2,Valle d'Aosta / Vallée d'Aoste,Valle d'Aosta,125666,46265,36.82,0.26
2576,2021-04-13,VDA,373,171,202,2,1,8,0,69,108,120,56,0,9,329,44,ITC,ITC2,2,Valle d'Aosta / Vallée d'Aoste,Valle d'Aosta,125666,46638,37.11,0.3
2577,2021-01-27,VDA,151,71,80,55,8,18,0,9,3,53,0,0,5,79,72,ITC,ITC2,2,Valle d'Aosta / Vallée d'Aoste,Valle d'Aosta,125666,46789,37.23,0.12
2578,2021-01-26,VDA,139,48,91,115,11,12,0,0,1,0,0,0,0,0,139,ITC,ITC2,2,Valle d'Aosta / Vallée d'Aoste,Valle d'Aosta,125666,46928,37.34,0.11
2579,2021-02-03,VDA,351,114,237,157,136,52,0,4,1,1,0,0,0,14,337,ITC,ITC2,2,Valle d'Aosta / Vallée d'Aoste,Valle d'Aosta,125666,47279,37.62,0.28
2580,2021-04-12,VDA,484,185,299,8,9,22,2,89,60,229,62,0,3,321,163,ITC,ITC2,2,Valle d'Aosta / Vallée d'Aoste,Valle d'Aosta,125666,47763,38.01,0.39
2581,2021-01-25,VDA,147,65,82,125,13,6,0,3,0,0,0,0,0,0,147,ITC,ITC2,2,Valle d'Aosta / Vallée d'Aoste,Valle d'Aosta,125666,47910,38.12,0.12
2582,2021-01-28,VDA,290,123,167,202,35,6,0,10,7,2,0,0,28,56,234,ITC,ITC2,2,Valle d'Aosta / Vallée d'Aoste,Valle d'Aosta,125666,48200,38.36,0.23
2583,2021-03-09,VDA,206,96,110,3,0,23,26,55,5,36,0,39,19,174,32,ITC,ITC2,2,Valle d'Aosta / Vallée d'Aoste,Valle d'Aosta,125666,48406,38.52,0.16
2584,2021-01-19,VDA,256,77,179,160,10,15,0,10,3,57,0,0,1,256,0,ITC,ITC2,2,Valle d'Aosta / Vallée d'Aoste,Valle d'Aosta,125666,48662,38.72,0.2
2585,2021-02-13,VDA,216,196,20,0,0,0,0,0,0,0,0,216,0,215,1,ITC,ITC2,2,Valle d'Aosta / Vallée d'Aoste,Valle d'Aosta,125666,48878,38.9,0.17
2586,2021-02-14,VDA,48,16,32,6,0,42,0,0,0,0,0,0,0,1,47,ITC,ITC2,2,Valle d'Aosta / Vallée d'Aoste,Valle d'Aosta,125666,48926,38.93,0.04
2587,2021-02-12,VDA,263,96,167,51,13,28,5,2,10,133,18,0,3,217,46,ITC,ITC2,2,Valle d'Aosta / Vallée d'Aoste,Valle d'Aosta,125666,49189,39.14,0.21
2588,2021-05-15,VDA,1064,614,450,11,19,0,8,243,184,44,231,32,292,379,685,ITC,ITC2,2,Valle d'Aosta / Vallée d'Aoste,Valle d'Aosta,125666,50253,39.99,0.85
2589,2021-05-03,VDA,839,400,439,16,5,1,24,201,331,50,191,3,17,488,351,ITC,ITC2,2,Valle d'Aosta / Vallée d'Aoste,Valle d'Aosta,125666,51092,40.66,0.67
2590,2021-03-31,VDA,555,302,253,7,1,0,0,22,309,203,6,0,7,529,26,ITC,ITC2,2,Valle d'Aosta / Vallée d'Aoste,Valle d'Aosta,125666,51647,41.1,0.44
2591,2021-01-07,VDA,275,111,164,224,38,5,0,3,2,0,0,0,3,275,0,ITC,ITC2,2,Valle d'Aosta / Vallée d'Aoste,Valle d'Aosta,125666,51922,41.32,0.22
2592,2021-05-07,VDA,564,245,319,51,3,2,1,383,21,24,39,11,29,533,31,ITC,ITC2,2,Valle d'Aosta / Vallée d'Aoste,Valle d'Aosta,125666,52486,41.77,0.45
2593,2021-03-08,VDA,482,231,251,29,1,13,1,6,25,365,7,28,7,237,245,ITC,ITC2,2,Valle d'Aosta / Vallée d'Aoste,Valle d'Aosta,125666,52968,42.15,0.38
2594,2021-02-01,VDA,404,127,277,269,56,70,0,2,2,3,0,0,2,87,317,ITC,ITC2,2,Valle d'Aosta / Vallée d'Aoste,Valle d'Aosta,125666,53372,42.47,0.32
2595,2021-03-30,VDA,402,223,179,11,2,5,5,32,180,124,28,9,6,382,20,ITC,ITC2,2,Valle d'Aosta / Vallée d'Aoste,Valle d'Aosta,125666,53774,42.79,0.32
2596,2021-01-16,VDA,236,80,156,127,32,22,0,2,2,51,0,0,0,236,0,ITC,ITC2,2,Valle d'Aosta / Vallée d'Aoste,Valle d'Aosta,125666,54010,42.98,0.19
2597,2021-04-18,VDA,520,253,267,11,6,4,4,193,82,13,183,0,24,516,4,ITC,ITC2,2,Valle d'Aosta / Vallée d'Aoste,Valle d'Aosta,125666,54530,43.39,0.41
2598,2021-03-05,VDA,275,124,151,51,10,13,5,4,10,138,18,0,26,53,222,ITC,ITC2,2,Valle d'Aosta / Vallée d'Aoste,Valle d'Aosta,125666,54805,43.61,0.22
2599,2021-04-06,VDA,741,381,360,24,4,1,0,55,192,239,160,14,52,629,112,ITC,ITC2,2,Valle d'Aosta / Vallée d'Aoste,Valle d'Aosta,125666,55546,44.2,0.59
2600,2021-04-24,VDA,722,400,322,14,7,7,1,131,174,96,238,4,50,555,167,ITC,ITC2,2,Valle d'Aosta / Vallée d'Aoste,Valle d'Aosta,125666,56268,44.78,0.57
2601,2021-02-04,VDA,294,86,208,168,76,34,0,12,3,1,0,0,0,8,286,ITC,ITC2,2,Valle d'Aosta / Vallée d'Aoste,Valle d'Aosta,125666,56562,45.01,0.23
2602,2021-02-28,VDA,260,86,174,78,36,24,4,7,10,94,0,3,4,77,183,ITC,ITC2,2,Valle d'Aosta / Vallée d'Aoste,Valle d'Aosta,125666,56822,45.22,0.21
2603,2021-03-21,VDA,355,165,190,2,5,0,30,208,57,1,0,27,25,355,0,ITC,ITC2,2,Valle d'Aosta / Vallée d'Aoste,Valle d'Aosta,125666,57177,45.5,0.28
2604,2021-01-31,VDA,291,91,200,232,33,18,0,5,0,0,0,0,3,58,233,ITC,ITC2,2,Valle d'Aosta / Vallée d'Aoste,Valle d'Aosta,125666,57468,45.73,0.23
2605,2021-02-18,VDA,349,153,196,61,9,45,8,6,17,184,0,16,3,261,88,ITC,ITC2,2,Valle d'Aosta / Vallée d'Aoste,Valle d'Aosta,125666,57817,46.01,0.28
2606,2021-02-19,VDA,292,102,190,17,1,35,65,3,16,154,0,0,1,268,24,ITC,ITC2,2,Valle d'Aosta / Vallée d'Aoste,Valle d'Aosta,125666,58109,46.24,0.23
2607,2021-04-05,VDA,461,222,239,18,4,0,35,186,118,8,84,0,8,457,4,ITC,ITC2,2,Valle d'Aosta / Vallée d'Aoste,Valle d'Aosta,125666,58570,46.61,0.37
2608,2021-01-04,VDA,142,59,83,126,14,0,0,2,0,0,0,0,0,142,0,ITC,ITC2,2,Valle d'Aosta / Vallée d'Aoste,Valle d'Aosta,125666,58712,46.72,0.11
2609,2021-02-25,VDA,201,101,100,6,4,12,2,84,1,0,0,27,65,194,7,ITC,ITC2,2,Valle d'Aosta / Vallée d'Aoste,Valle d'Aosta,125666,58913,46.88,0.16
2610,2021-04-03,VDA,676,341,335,13,11,4,1,117,333,58,72,5,62,661,15,ITC,ITC2,2,Valle d'Aosta / Vallée d'Aoste,Valle d'Aosta,125666,59589,47.42,0.54
2611,2021-04-27,MAR,9399,4309,5090,146,58,37,288,1367,3914,1043,2465,37,44,5413,3986,ITI,ITI3,11,Marche,Marche,1525271,9399,0.62,0.62
2612,2021-02-16,MAR,1287,475,812,733,433,92,0,3,2,0,0,0,24,1257,30,ITI,ITI3,11,Marche,Marche,1525271,10686,0.7,0.08
2613,2021-02-28,MAR,2836,1251,1585,19,6,0,2,1,3,2796,0,2,7,2830,6,ITI,ITI3,11,Marche,Marche,1525271,13522,0.89,0.19
2614,2021-03-25,MAR,6657,2774,3883,464,148,373,519,95,27,4383,258,122,268,3247,3410,ITI,ITI3,11,Marche,Marche,1525271,20179,1.32,0.44
2615,2021-01-23,MAR,557,190,367,440,53,63,0,0,0,0,0,0,1,123,434,ITI,ITI3,11,Marche,Marche,1525271,20736,1.36,0.04
2616,2021-03-22,MAR,5655,2376,3279,406,232,69,433,14,13,4182,19,238,49,2527,3128,ITI,ITI3,11,Marche,Marche,1525271,26391,1.73,0.37
2617,2021-02-21,MAR,376,141,235,204,62,57,1,11,1,0,0,0,40,375,1,ITI,ITI3,11,Marche,Marche,1525271,26767,1.75,0.02
2618,2021-04-29,MAR,13246,6061,7185,264,136,92,636,1908,3644,1419,4960,89,98,7149,6097,ITI,ITI3,11,Marche,Marche,1525271,40013,2.62,0.87
2619,2021-03-29,MAR,5860,2567,3293,227,147,39,215,34,65,4255,722,75,81,3435,2425,ITI,ITI3,11,Marche,Marche,1525271,45873,3.01,0.38
2620,2021-05-06,MAR,12654,5818,6836,310,202,135,428,1448,3160,1039,5430,169,333,5583,7071,ITI,ITI3,11,Marche,Marche,1525271,58527,3.84,0.83
2621,2021-03-09,MAR,5429,2293,3136,752,224,41,1069,20,3,2586,122,558,54,4549,880,ITI,ITI3,11,Marche,Marche,1525271,63956,4.19,0.36
2622,2021-05-11,MAR,10621,4831,5790,246,150,133,347,2490,3016,519,3398,19,303,5677,4944,ITI,ITI3,11,Marche,Marche,1525271,74577,4.89,0.7
2623,2021-02-15,MAR,967,412,555,539,389,1,0,4,1,1,12,0,20,954,13,ITI,ITI3,11,Marche,Marche,1525271,75544,4.95,0.06
2624,2021-01-02,MAR,453,139,314,444,9,0,0,0,0,0,0,0,0,453,0,ITI,ITI3,11,Marche,Marche,1525271,75997,4.98,0.03
2625,2021-02-03,MAR,2124,741,1383,1344,569,166,0,4,5,2,0,0,34,119,2005,ITI,ITI3,11,Marche,Marche,1525271,78121,5.12,0.14
2626,2021-01-24,MAR,880,339,541,762,117,0,0,0,0,0,0,0,1,5,875,ITI,ITI3,11,Marche,Marche,1525271,79001,5.18,0.06
2627,2021-01-04,MAR,1502,564,938,1291,195,11,0,1,0,0,0,0,4,1502,0,ITI,ITI3,11,Marche,Marche,1525271,80503,5.28,0.1
2628,2021-03-15,MAR,4402,2027,2375,300,81,10,241,36,8,3477,27,115,107,1312,3090,ITI,ITI3,11,Marche,Marche,1525271,84905,5.57,0.29
2629,2021-01-03,MAR,896,348,548,759,130,0,0,1,0,0,0,0,6,896,0,ITI,ITI3,11,Marche,Marche,1525271,85801,5.63,0.06
2630,2021-03-11,MAR,6595,2784,3811,1094,386,52,1097,24,9,3226,86,518,103,5225,1370,ITI,ITI3,11,Marche,Marche,1525271,92396,6.06,0.43
2631,2021-01-15,MAR,1771,500,1271,985,358,365,0,9,3,0,0,0,51,1771,0,ITI,ITI3,11,Marche,Marche,1525271,94167,6.17,0.12
2632,2021-04-23,MAR,11156,5139,6017,182,84,73,53,2840,3415,1684,2722,45,58,8101,3055,ITI,ITI3,11,Marche,Marche,1525271,105323,6.91,0.73
2633,2021-04-20,MAR,10698,4995,5703,179,74,101,87,1950,4632,588,3041,21,25,9281,1417,ITI,ITI3,11,Marche,Marche,1525271,116021,7.61,0.7
2634,2021-04-01,MAR,7578,3183,4395,387,239,46,283,37,157,4613,1675,70,71,4162,3416,ITI,ITI3,11,Marche,Marche,1525271,123599,8.1,0.5
2635,2021-03-13,MAR,5762,2652,3110,662,166,52,237,7,7,4238,13,351,29,1805,3957,ITI,ITI3,11,Marche,Marche,1525271,129361,8.48,0.38
2636,2021-01-19,MAR,226,82,144,121,20,85,0,0,0,0,0,0,0,141,85,ITI,ITI3,11,Marche,Marche,1525271,129587,8.5,0.01
2637,2021-05-02,MAR,8899,3936,4963,275,116,4,936,1936,2168,745,2637,39,43,3161,5738,ITI,ITI3,11,Marche,Marche,1525271,138486,9.08,0.58
2638,2021-04-16,MAR,10083,4704,5379,322,141,76,512,227,3818,683,4075,20,209,9556,527,ITI,ITI3,11,Marche,Marche,1525271,148569,9.74,0.66
2639,2021-03-30,MAR,7417,3044,4373,523,321,275,366,43,113,4251,1385,77,63,4602,2815,ITI,ITI3,11,Marche,Marche,1525271,155986,10.23,0.49
2640,2021-01-13,MAR,2105,746,1359,1408,578,76,0,6,5,15,0,0,17,2105,0,ITI,ITI3,11,Marche,Marche,1525271,158091,10.36,0.14
2641,2021-02-06,MAR,2459,900,1559,1401,536,415,0,21,8,4,0,0,74,522,1937,ITI,ITI3,11,Marche,Marche,1525271,160550,10.53,0.16
2642,2021-02-05,MAR,2155,653,1502,1318,346,418,0,6,8,2,0,0,57,440,1715,ITI,ITI3,11,Marche,Marche,1525271,162705,10.67,0.14
2643,2021-04-19,MAR,9602,4497,5105,243,124,13,64,1477,4116,973,2414,36,142,8022,1580,ITI,ITI3,11,Marche,Marche,1525271,172307,11.3,0.63
2644,2021-02-19,MAR,1962,712,1250,1267,402,203,2,7,4,2,13,0,62,1827,135,ITI,ITI3,11,Marche,Marche,1525271,174269,11.43,0.13
2645,2021-03-27,MAR,7378,3072,4306,278,169,144,711,77,104,4073,1512,133,177,5020,2358,ITI,ITI3,11,Marche,Marche,1525271,181647,11.91,0.48
2646,2021-01-31,MAR,1920,770,1150,1527,389,0,0,1,0,0,0,0,3,105,1815,ITI,ITI3,11,Marche,Marche,1525271,183567,12.04,0.13
2647,2021-01-14,MAR,2010,692,1318,1112,558,298,0,4,1,0,0,0,37,2010,0,ITI,ITI3,11,Marche,Marche,1525271,185577,12.17,0.13
2648,2021-02-10,MAR,1439,452,987,881,292,215,0,6,1,0,0,0,44,1080,359,ITI,ITI3,11,Marche,Marche,1525271,187016,12.26,0.09
2649,2021-02-18,MAR,2101,745,1356,1149,499,402,1,14,4,1,0,0,31,1815,286,ITI,ITI3,11,Marche,Marche,1525271,189117,12.4,0.14
2650,2021-04-17,MAR,11700,5317,6383,204,152,130,613,326,4071,921,5161,14,108,10626,1074,ITI,ITI3,11,Marche,Marche,1525271,200817,13.17,0.77
2651,2021-03-10,MAR,5669,2401,3268,721,411,114,1036,11,11,2673,100,553,39,4532,1137,ITI,ITI3,11,Marche,Marche,1525271,206486,13.54,0.37
2652,2021-01-18,MAR,673,230,443,370,116,132,0,5,8,30,0,0,12,547,126,ITI,ITI3,11,Marche,Marche,1525271,207159,13.58,0.04
2653,2020-12-30,MAR,17,5,12,14,3,0,0,0,0,0,0,0,0,17,0,ITI,ITI3,11,Marche,Marche,1525271,207176,13.58,0.0
2654,2021-02-24,MAR,3486,1515,1971,228,191,210,1,4,4,2819,22,3,4,3408,78,ITI,ITI3,11,Marche,Marche,1525271,210662,13.81,0.23
2655,2021-03-02,MAR,4954,1941,3013,589,184,256,537,11,3,3316,4,3,51,4388,566,ITI,ITI3,11,Marche,Marche,1525271,215616,14.14,0.32
2656,2021-01-17,MAR,1606,687,919,971,367,46,0,50,30,4,0,0,138,1550,56,ITI,ITI3,11,Marche,Marche,1525271,217222,14.24,0.11
2657,2021-04-28,MAR,10729,4889,5840,216,60,85,322,1630,3738,990,3398,42,248,6000,4729,ITI,ITI3,11,Marche,Marche,1525271,227951,14.94,0.7
2658,2021-04-09,MAR,9557,4189,5368,273,71,103,1304,82,2303,1608,3669,70,74,9356,201,ITI,ITI3,11,Marche,Marche,1525271,237508,15.57,0.63
2659,2021-04-26,MAR,8980,3983,4997,155,70,30,179,1735,4039,897,1774,42,59,5958,3022,ITI,ITI3,11,Marche,Marche,1525271,246488,16.16,0.59
2660,2021-02-20,MAR,4121,1705,2416,118,118,261,0,17,13,3576,0,3,15,4010,111,ITI,ITI3,11,Marche,Marche,1525271,250609,16.43,0.27
2661,2021-03-20,MAR,4135,1740,2395,180,63,114,88,10,4,3632,14,12,18,1049,3086,ITI,ITI3,11,Marche,Marche,1525271,254744,16.7,0.27
2662,2021-04-05,MAR,5688,2355,3333,251,84,103,758,54,1004,2267,1108,28,31,4419,1269,ITI,ITI3,11,Marche,Marche,1525271,260432,17.07,0.37
2663,2021-05-13,MAR,12602,5693,6909,243,158,66,251,3050,2548,763,5080,25,418,7105,5497,ITI,ITI3,11,Marche,Marche,1525271,273034,17.9,0.83
2664,2021-04-11,MAR,7116,3115,4001,282,96,10,781,47,2163,1224,2449,44,20,6830,286,ITI,ITI3,11,Marche,Marche,1525271,280150,18.37,0.47
2665,2021-01-09,MAR,1709,605,1104,1406,238,0,0,17,2,0,0,0,46,1709,0,ITI,ITI3,11,Marche,Marche,1525271,281859,18.48,0.11
2666,2021-03-28,MAR,4126,1739,2387,45,44,6,396,17,32,2662,871,11,42,2435,1691,ITI,ITI3,11,Marche,Marche,1525271,285985,18.75,0.27
2667,2021-05-07,MAR,12836,5804,7032,308,158,96,951,1423,3772,869,4794,18,447,3659,9177,ITI,ITI3,11,Marche,Marche,1525271,298821,19.59,0.84
2668,2021-01-25,MAR,1595,558,1037,1425,110,56,0,0,0,2,0,0,2,97,1498,ITI,ITI3,11,Marche,Marche,1525271,300416,19.7,0.1
2669,2021-01-07,MAR,1804,634,1170,1481,279,0,0,9,0,0,0,0,35,1804,0,ITI,ITI3,11,Marche,Marche,1525271,302220,19.81,0.12
2670,2021-04-12,MAR,8567,3772,4795,179,82,88,1155,106,2842,1317,2601,79,118,8083,484,ITI,ITI3,11,Marche,Marche,1525271,310787,20.38,0.56
2671,2021-03-19,MAR,3833,1597,2236,495,135,263,6,5,7,2831,63,13,15,337,3496,ITI,ITI3,11,Marche,Marche,1525271,314620,20.63,0.25
2672,2021-02-12,MAR,1582,618,964,814,423,88,0,32,14,3,0,0,208,1430,152,ITI,ITI3,11,Marche,Marche,1525271,316202,20.73,0.1
2673,2021-04-21,MAR,10780,4967,5813,272,111,46,81,2390,4285,554,2867,43,131,9586,1194,ITI,ITI3,11,Marche,Marche,1525271,326982,21.44,0.71
2674,2021-05-10,MAR,9455,4339,5116,253,161,60,332,1780,2916,626,2889,42,396,4894,4561,ITI,ITI3,11,Marche,Marche,1525271,336437,22.06,0.62
2675,2021-02-04,MAR,2341,809,1532,1406,601,275,0,11,3,1,0,0,44,112,2229,ITI,ITI3,11,Marche,Marche,1525271,338778,22.21,0.15
2676,2021-01-22,MAR,487,167,320,315,74,87,0,1,0,0,0,0,10,194,293,ITI,ITI3,11,Marche,Marche,1525271,339265,22.24,0.03
2677,2021-03-14,MAR,2499,1031,1468,441,58,1,454,4,3,1522,5,2,9,1906,593,ITI,ITI3,11,Marche,Marche,1525271,341764,22.41,0.16
2678,2021-02-09,MAR,124,42,82,77,21,26,0,0,0,0,0,0,0,46,78,ITI,ITI3,11,Marche,Marche,1525271,341888,22.41,0.01
2679,2021-04-30,MAR,13938,6100,7838,343,78,92,1475,1651,3680,1644,4815,55,105,5398,8540,ITI,ITI3,11,Marche,Marche,1525271,355826,23.33,0.91
2680,2021-01-06,MAR,2181,792,1389,1738,261,147,0,5,1,0,0,0,29,2181,0,ITI,ITI3,11,Marche,Marche,1525271,358007,23.47,0.14
2681,2021-04-06,MAR,8878,3693,5185,310,185,161,1728,97,1739,1888,2578,98,94,8065,813,ITI,ITI3,11,Marche,Marche,1525271,366885,24.05,0.58
2682,2021-04-25,MAR,8599,3993,4606,206,37,1,20,3961,2095,674,1568,22,15,7025,1574,ITI,ITI3,11,Marche,Marche,1525271,375484,24.62,0.56
2683,2021-03-05,MAR,6177,2859,3318,1127,324,144,800,52,26,2385,185,1008,126,4710,1467,ITI,ITI3,11,Marche,Marche,1525271,381661,25.02,0.4
2684,2021-03-01,MAR,3724,1487,2237,388,138,87,286,4,1,2789,4,5,22,3476,248,ITI,ITI3,11,Marche,Marche,1525271,385385,25.27,0.24
2685,2021-02-23,MAR,3267,1397,1870,219,57,118,0,7,4,2822,0,5,35,3211,56,ITI,ITI3,11,Marche,Marche,1525271,388652,25.48,0.21
2686,2021-03-31,MAR,7373,3087,4286,477,327,161,257,30,103,4556,1299,86,77,4349,3024,ITI,ITI3,11,Marche,Marche,1525271,396025,25.96,0.48
2687,2021-03-03,MAR,6650,3049,3601,817,369,208,782,36,12,3133,195,1001,97,5770,880,ITI,ITI3,11,Marche,Marche,1525271,402675,26.4,0.44
2688,2021-02-27,MAR,3356,1435,1921,185,139,154,1,6,1,2841,17,6,6,3147,209,ITI,ITI3,11,Marche,Marche,1525271,406031,26.62,0.22
2689,2021-02-11,MAR,1987,657,1330,1155,369,212,0,32,22,32,0,0,165,1598,389,ITI,ITI3,11,Marche,Marche,1525271,408018,26.75,0.13
2690,2021-02-22,MAR,3413,1499,1914,326,89,77,2,7,0,2868,1,5,38,3338,75,ITI,ITI3,11,Marche,Marche,1525271,411431,26.97,0.22
2691,2021-03-07,MAR,5182,2108,3074,607,167,32,895,13,2,3007,76,336,47,4429,753,ITI,ITI3,11,Marche,Marche,1525271,416613,27.31,0.34
2692,2021-04-02,MAR,6874,2973,3901,388,209,112,422,47,733,2696,2013,212,42,6134,740,ITI,ITI3,11,Marche,Marche,1525271,423487,27.76,0.45
2693,2021-04-14,MAR,10217,4565,5652,416,159,80,1013,179,3524,899,3771,41,135,9845,372,ITI,ITI3,11,Marche,Marche,1525271,433704,28.43,0.67
2694,2021-03-16,MAR,3471,1485,1986,315,71,54,5,4,6,2928,46,20,22,290,3181,ITI,ITI3,11,Marche,Marche,1525271,437175,28.66,0.23
2695,2021-04-10,MAR,10916,4618,6298,311,168,80,1102,183,2713,2230,4022,53,54,10602,314,ITI,ITI3,11,Marche,Marche,1525271,448091,29.38,0.72
2696,2021-04-04,MAR,3824,1792,2032,189,117,7,84,10,632,2008,754,10,13,2655,1169,ITI,ITI3,11,Marche,Marche,1525271,451915,29.63,0.25
2697,2021-01-12,MAR,1226,413,813,912,255,50,0,2,0,0,0,0,7,1226,0,ITI,ITI3,11,Marche,Marche,1525271,453141,29.71,0.08
2698,2021-02-02,MAR,1192,397,795,804,264,93,0,5,0,5,0,0,21,73,1119,ITI,ITI3,11,Marche,Marche,1525271,454333,29.79,0.08
2699,2021-02-25,MAR,3510,1434,2076,430,134,377,1,8,5,2491,27,3,34,3331,179,ITI,ITI3,11,Marche,Marche,1525271,457843,30.02,0.23
2700,2021-01-27,MAR,2118,780,1338,1751,155,140,0,13,10,8,0,0,41,122,1996,ITI,ITI3,11,Marche,Marche,1525271,459961,30.16,0.14
2701,2020-12-27,MAR,200,97,103,184,12,4,0,0,0,0,0,0,0,200,0,ITI,ITI3,11,Marche,Marche,1525271,460161,30.17,0.01
2702,2021-05-01,MAR,9319,3924,5395,185,138,15,1280,2036,1825,875,2894,14,57,3576,5743,ITI,ITI3,11,Marche,Marche,1525271,469480,30.78,0.61
2703,2021-02-08,MAR,833,258,575,408,133,262,0,6,3,4,0,0,17,371,462,ITI,ITI3,11,Marche,Marche,1525271,470313,30.83,0.05
2704,2021-05-15,MAR,13951,6372,7579,151,171,30,157,3454,3056,551,5883,27,471,8065,5886,ITI,ITI3,11,Marche,Marche,1525271,484264,31.75,0.91
2705,2021-01-05,MAR,1562,586,976,1436,112,0,0,3,2,0,0,0,9,1562,0,ITI,ITI3,11,Marche,Marche,1525271,485826,31.85,0.1
2706,2021-04-03,MAR,7573,3204,4369,320,151,60,293,76,826,2950,2808,20,69,6903,670,ITI,ITI3,11,Marche,Marche,1525271,493399,32.35,0.5
2707,2021-03-18,MAR,3389,1475,1914,325,187,125,3,7,8,2653,23,46,12,162,3227,ITI,ITI3,11,Marche,Marche,1525271,496788,32.57,0.22
2708,2021-01-10,MAR,1737,699,1038,1462,253,0,0,5,1,0,0,0,16,1737,0,ITI,ITI3,11,Marche,Marche,1525271,498525,32.68,0.11
2709,2021-02-07,MAR,1868,734,1134,1155,479,46,0,41,20,4,0,0,123,344,1524,ITI,ITI3,11,Marche,Marche,1525271,500393,32.81,0.12
2710,2021-04-08,MAR,7518,3284,4234,273,93,97,711,81,2071,1332,2796,26,38,7191,327,ITI,ITI3,11,Marche,Marche,1525271,507911,33.3,0.49
2711,2021-05-14,MAR,13492,6217,7275,294,169,24,363,3509,3126,564,4942,47,454,6721,6771,ITI,ITI3,11,Marche,Marche,1525271,521403,34.18,0.88
2712,2021-03-23,MAR,5789,2529,3260,258,104,135,327,23,6,4620,27,220,69,2262,3527,ITI,ITI3,11,Marche,Marche,1525271,527192,34.56,0.38
2713,2021-05-09,MAR,8765,3982,4783,200,81,6,715,2332,1639,421,2970,21,380,3641,5124,ITI,ITI3,11,Marche,Marche,1525271,535957,35.14,0.57
2714,2021-01-20,MAR,398,100,298,147,55,190,0,2,0,1,0,0,3,384,14,ITI,ITI3,11,Marche,Marche,1525271,536355,35.16,0.03
2715,2021-03-24,MAR,7031,2982,4049,484,152,202,592,40,25,4809,320,160,247,3363,3668,ITI,ITI3,11,Marche,Marche,1525271,543386,35.63,0.46
2716,2021-04-07,MAR,7811,3435,4376,189,143,176,972,75,1888,1333,2897,30,108,7476,335,ITI,ITI3,11,Marche,Marche,1525271,551197,36.14,0.51
2717,2021-01-11,MAR,1176,411,765,1021,155,0,0,0,0,0,0,0,0,1176,0,ITI,ITI3,11,Marche,Marche,1525271,552373,36.21,0.08
2718,2021-01-28,MAR,1972,660,1312,1582,237,101,0,8,1,0,0,0,43,165,1807,ITI,ITI3,11,Marche,Marche,1525271,554345,36.34,0.13
2719,2021-01-30,MAR,1905,668,1237,1566,290,0,0,12,0,0,0,0,37,29,1876,ITI,ITI3,11,Marche,Marche,1525271,556250,36.47,0.12
2720,2021-05-05,MAR,11626,5288,6338,268,162,123,645,1280,3595,899,4320,64,270,5215,6411,ITI,ITI3,11,Marche,Marche,1525271,567876,37.23,0.76
2721,2021-02-14,MAR,738,301,437,578,109,0,0,10,0,0,0,0,41,738,0,ITI,ITI3,11,Marche,Marche,1525271,568614,37.28,0.05
2722,2021-01-08,MAR,1576,588,988,1227,324,0,0,5,0,0,0,0,20,1576,0,ITI,ITI3,11,Marche,Marche,1525271,570190,37.38,0.1
2723,2021-01-26,MAR,2016,746,1270,1736,152,86,0,15,4,1,0,0,22,92,1924,ITI,ITI3,11,Marche,Marche,1525271,572206,37.52,0.13
2724,2021-02-13,MAR,1062,453,609,457,309,90,0,25,10,16,0,0,155,1010,52,ITI,ITI3,11,Marche,Marche,1525271,573268,37.58,0.07
2725,2020-12-31,MAR,385,180,205,371,14,0,0,0,0,0,0,0,0,385,0,ITI,ITI3,11,Marche,Marche,1525271,573653,37.61,0.03
2726,2021-04-15,MAR,10374,4673,5701,501,137,128,932,192,3635,780,3833,55,181,9809,565,ITI,ITI3,11,Marche,Marche,1525271,584027,38.29,0.68
2727,2021-04-22,MAR,10791,4931,5860,236,84,30,58,2749,3926,688,2942,37,41,9213,1578,ITI,ITI3,11,Marche,Marche,1525271,594818,39.0,0.71
2728,2021-03-04,MAR,6492,2872,3620,1065,373,115,765,53,18,2804,222,916,161,5098,1394,ITI,ITI3,11,Marche,Marche,1525271,601310,39.42,0.43
2729,2021-03-08,MAR,6264,2744,3520,764,226,201,1012,8,2,3094,147,762,48,5262,1002,ITI,ITI3,11,Marche,Marche,1525271,607574,39.83,0.41
2730,2021-01-29,MAR,1991,730,1261,1480,403,74,0,6,0,3,0,0,25,167,1824,ITI,ITI3,11,Marche,Marche,1525271,609565,39.96,0.13
2731,2021-01-16,MAR,2005,723,1282,1059,414,285,0,53,42,21,0,0,131,2005,0,ITI,ITI3,11,Marche,Marche,1525271,611570,40.1,0.13
2732,2021-04-13,MAR,9838,4259,5579,202,104,60,1074,163,3742,951,3460,32,50,9605,233,ITI,ITI3,11,Marche,Marche,1525271,621408,40.74,0.65
2733,2021-05-16,MAR,10886,4949,5937,245,74,20,93,3267,2340,291,4277,31,248,6672,4214,ITI,ITI3,11,Marche,Marche,1525271,632294,41.45,0.71
2734,2021-05-08,MAR,12266,5474,6792,193,164,94,457,1541,2812,1160,5555,24,266,5020,7246,ITI,ITI3,11,Marche,Marche,1525271,644560,42.26,0.8
2735,2021-05-12,MAR,10419,4683,5736,411,229,71,273,2535,2929,432,3154,18,367,4920,5499,ITI,ITI3,11,Marche,Marche,1525271,654979,42.94,0.68
2736,2021-03-12,MAR,4641,1972,2669,814,444,17,928,20,9,1895,3,434,77,3403,1238,ITI,ITI3,11,Marche,Marche,1525271,659620,43.25,0.3
2737,2021-03-26,MAR,6331,2606,3725,335,222,190,501,58,31,4086,393,203,312,3523,2808,ITI,ITI3,11,Marche,Marche,1525271,665951,43.66,0.42
2738,2021-02-01,MAR,1362,479,883,1054,200,81,0,5,0,0,0,0,22,98,1264,ITI,ITI3,11,Marche,Marche,1525271,667313,43.75,0.09
2739,2021-05-03,MAR,10191,4602,5589,247,77,33,812,1003,3632,961,3253,75,98,4786,5405,ITI,ITI3,11,Marche,Marche,1525271,677504,44.42,0.67
2740,2021-03-21,MAR,4505,1873,2632,87,42,57,205,19,7,4040,9,13,26,1629,2876,ITI,ITI3,11,Marche,Marche,1525271,682009,44.71,0.3
2741,2021-01-21,MAR,897,253,644,460,84,336,0,1,0,3,0,0,13,585,312,ITI,ITI3,11,Marche,Marche,1525271,682906,44.77,0.06
2742,2021-04-18,MAR,8821,4132,4689,261,67,2,453,1074,2952,377,3609,11,15,7900,921,ITI,ITI3,11,Marche,Marche,1525271,691727,45.35,0.58
2743,2021-05-04,MAR,10840,4787,6053,205,116,63,658,1101,3918,1043,3666,28,42,4949,5891,ITI,ITI3,11,Marche,Marche,1525271,702567,46.06,0.71
2744,2021-04-24,MAR,12024,5304,6720,132,134,46,78,2367,3733,1673,3740,33,88,7558,4466,ITI,ITI3,11,Marche,Marche,1525271,714591,46.85,0.79
2745,2021-02-17,MAR,1785,662,1123,963,471,309,0,6,1,1,22,0,12,1668,117,ITI,ITI3,11,Marche,Marche,1525271,716376,46.97,0.12
2746,2021-03-06,MAR,5700,2623,3077,971,223,172,745,37,7,2399,221,840,85,4433,1267,ITI,ITI3,11,Marche,Marche,1525271,722076,47.34,0.37
2747,2021-03-17,MAR,3428,1494,1934,301,79,117,5,8,10,2819,61,7,21,107,3321,ITI,ITI3,11,Marche,Marche,1525271,725504,47.57,0.22
2748,2021-02-26,MAR,3631,1500,2131,449,178,389,39,8,4,2517,31,4,12,3155,476,ITI,ITI3,11,Marche,Marche,1525271,729135,47.8,0.24
2749,2021-04-20,SAR,10848,4936,5912,144,97,75,31,3944,2527,2009,1953,6,62,7635,3213,ITG,ITG2,20,Sardegna,Sardegna,1639591,10848,0.66,0.66
2750,2021-05-10,SAR,9551,4244,5307,117,171,25,252,907,2235,1208,4401,142,93,7034,2517,ITG,ITG2,20,Sardegna,Sardegna,1639591,20399,1.24,0.58
2751,2021-03-29,SAR,4425,1559,2866,624,490,182,1411,22,117,1022,358,98,101,3837,588,ITG,ITG2,20,Sardegna,Sardegna,1639591,24824,1.51,0.27
2752,2021-03-15,SAR,2685,1216,1469,458,591,86,1019,7,10,325,8,170,11,2312,373,ITG,ITG2,20,Sardegna,Sardegna,1639591,27509,1.68,0.16
2753,2021-01-02,SAR,60,21,39,60,0,0,0,0,0,0,0,0,0,60,0,ITG,ITG2,20,Sardegna,Sardegna,1639591,27569,1.68,0.0
2754,2021-03-09,SAR,5150,2371,2779,1057,567,287,310,9,32,2278,16,561,33,4421,729,ITG,ITG2,20,Sardegna,Sardegna,1639591,32719,2.0,0.31
2755,2021-01-07,SAR,3111,1077,2034,2720,373,0,0,1,2,0,0,11,4,3111,0,ITG,ITG2,20,Sardegna,Sardegna,1639591,35830,2.19,0.19
2756,2021-04-23,SAR,12768,5697,7071,396,189,71,129,2323,2051,3621,3674,8,306,7361,5407,ITG,ITG2,20,Sardegna,Sardegna,1639591,48598,2.96,0.78
2757,2021-02-26,SAR,2800,1108,1692,1224,878,221,7,20,16,289,5,98,42,2494,306,ITG,ITG2,20,Sardegna,Sardegna,1639591,51398,3.13,0.17
2758,2021-02-05,SAR,1897,749,1148,1214,511,164,0,0,0,1,1,3,3,433,1464,ITG,ITG2,20,Sardegna,Sardegna,1639591,53295,3.25,0.12
2759,2021-02-23,SAR,1519,1010,509,602,387,89,0,7,6,16,0,374,38,1285,234,ITG,ITG2,20,Sardegna,Sardegna,1639591,54814,3.34,0.09
2760,2020-12-28,SAR,65,25,40,65,0,0,0,0,0,0,0,0,0,65,0,ITG,ITG2,20,Sardegna,Sardegna,1639591,54879,3.35,0.0
2761,2021-01-13,SAR,573,178,395,494,79,0,0,0,0,0,0,0,0,573,0,ITG,ITG2,20,Sardegna,Sardegna,1639591,55452,3.38,0.03
2762,2021-03-21,SAR,4030,1809,2221,64,240,1,575,14,56,2890,17,107,66,2590,1440,ITG,ITG2,20,Sardegna,Sardegna,1639591,59482,3.63,0.25
2763,2021-03-11,SAR,6035,2725,3310,1011,567,418,102,52,98,2957,120,643,67,4834,1201,ITG,ITG2,20,Sardegna,Sardegna,1639591,65517,4.0,0.37
2764,2021-03-18,SAR,7253,3069,4184,1078,315,354,63,55,639,4243,431,12,63,5650,1603,ITG,ITG2,20,Sardegna,Sardegna,1639591,72770,4.44,0.44
2765,2021-05-07,SAR,13862,6346,7516,238,123,34,207,2487,2310,1538,6762,14,149,9543,4319,ITG,ITG2,20,Sardegna,Sardegna,1639591,86632,5.28,0.85
2766,2021-01-29,SAR,2952,1067,1885,2581,366,3,0,0,0,0,0,0,2,48,2904,ITG,ITG2,20,Sardegna,Sardegna,1639591,89584,5.46,0.18
2767,2021-03-03,SAR,3857,2071,1786,1070,554,620,1,5,5,704,1,859,38,2610,1247,ITG,ITG2,20,Sardegna,Sardegna,1639591,93441,5.7,0.24
2768,2021-03-01,SAR,2162,1055,1107,1137,341,141,1,8,19,104,10,391,10,1503,659,ITG,ITG2,20,Sardegna,Sardegna,1639591,95603,5.83,0.13
2769,2021-01-22,SAR,83,47,36,45,38,0,0,0,0,0,0,0,0,55,28,ITG,ITG2,20,Sardegna,Sardegna,1639591,95686,5.84,0.01
2770,2021-02-17,SAR,1407,577,830,690,338,313,0,1,0,0,1,33,31,1333,74,ITG,ITG2,20,Sardegna,Sardegna,1639591,97093,5.92,0.09
2771,2021-02-16,SAR,700,289,411,376,211,112,0,0,0,0,0,0,1,673,27,ITG,ITG2,20,Sardegna,Sardegna,1639591,97793,5.96,0.04
2772,2021-03-10,SAR,6010,2917,3093,719,497,414,335,14,85,2987,29,902,28,5160,850,ITG,ITG2,20,Sardegna,Sardegna,1639591,103803,6.33,0.37
2773,2021-03-31,SAR,10147,4047,6100,396,575,230,1380,148,701,5011,1488,33,185,7700,2447,ITG,ITG2,20,Sardegna,Sardegna,1639591,113950,6.95,0.62
2774,2021-04-17,SAR,10059,4492,5567,299,90,109,24,1698,2720,3719,1225,3,172,5462,4597,ITG,ITG2,20,Sardegna,Sardegna,1639591,124009,7.56,0.61
2775,2021-01-09,SAR,4026,1417,2609,3182,832,0,0,3,1,1,0,0,7,4026,0,ITG,ITG2,20,Sardegna,Sardegna,1639591,128035,7.81,0.25
2776,2021-03-06,SAR,2639,1079,1560,1108,886,469,36,3,10,24,2,79,22,858,1781,ITG,ITG2,20,Sardegna,Sardegna,1639591,130674,7.97,0.16
2777,2021-04-22,SAR,10419,4611,5808,220,121,76,36,2641,1574,2895,2622,7,227,5500,4919,ITG,ITG2,20,Sardegna,Sardegna,1639591,141093,8.61,0.64
2778,2021-04-27,SAR,7594,3541,4053,164,68,51,42,532,891,1607,4099,2,138,5555,2039,ITG,ITG2,20,Sardegna,Sardegna,1639591,148687,9.07,0.46
2779,2021-04-13,SAR,7603,3592,4011,216,62,45,15,489,3662,1493,1441,144,36,5778,1825,ITG,ITG2,20,Sardegna,Sardegna,1639591,156290,9.53,0.46
2780,2021-02-21,SAR,1589,710,879,67,28,59,0,0,7,1422,0,6,0,1559,30,ITG,ITG2,20,Sardegna,Sardegna,1639591,157879,9.63,0.1
2781,2021-02-28,SAR,368,169,199,245,76,47,0,0,0,0,0,0,0,142,226,ITG,ITG2,20,Sardegna,Sardegna,1639591,158247,9.65,0.02
2782,2021-01-26,SAR,1336,453,883,1296,39,0,1,0,0,0,0,0,0,27,1309,ITG,ITG2,20,Sardegna,Sardegna,1639591,159583,9.73,0.08
2783,2021-02-09,SAR,2286,837,1449,1308,471,497,1,4,0,1,2,0,2,1290,996,ITG,ITG2,20,Sardegna,Sardegna,1639591,161869,9.87,0.14
2784,2021-01-31,SAR,2121,750,1371,1544,555,0,0,6,0,1,1,0,14,48,2073,ITG,ITG2,20,Sardegna,Sardegna,1639591,163990,10.0,0.13
2785,2021-01-16,SAR,1492,525,967,1282,207,0,1,1,1,0,0,0,0,1492,0,ITG,ITG2,20,Sardegna,Sardegna,1639591,165482,10.09,0.09
2786,2021-04-25,SAR,4441,2242,2199,41,4,0,3,1361,981,719,1311,1,20,3662,779,ITG,ITG2,20,Sardegna,Sardegna,1639591,169923,10.36,0.27
2787,2021-03-20,SAR,5193,2073,3120,692,307,127,855,20,91,2744,206,105,46,2916,2277,ITG,ITG2,20,Sardegna,Sardegna,1639591,175116,10.68,0.32
2788,2021-03-28,SAR,4619,1814,2805,83,42,23,681,49,131,3276,216,13,105,4540,79,ITG,ITG2,20,Sardegna,Sardegna,1639591,179735,10.96,0.28
2789,2021-02-24,SAR,2410,1292,1118,1193,521,301,0,6,2,7,0,366,14,2221,189,ITG,ITG2,20,Sardegna,Sardegna,1639591,182145,11.11,0.15
2790,2021-04-06,SAR,7445,3113,4332,657,252,226,456,102,1847,2833,597,35,440,5018,2427,ITG,ITG2,20,Sardegna,Sardegna,1639591,189590,11.56,0.45
2791,2021-05-14,SAR,12956,5924,7032,570,140,33,163,1167,876,429,7423,381,1774,10257,2699,ITG,ITG2,20,Sardegna,Sardegna,1639591,202546,12.35,0.79
2792,2021-01-17,SAR,860,277,583,747,113,0,0,0,0,0,0,0,0,859,1,ITG,ITG2,20,Sardegna,Sardegna,1639591,203406,12.41,0.05
2793,2021-05-13,SAR,10400,4794,5606,150,252,31,113,2655,830,756,5327,102,184,7524,2876,ITG,ITG2,20,Sardegna,Sardegna,1639591,213806,13.04,0.63
2794,2021-03-19,SAR,7265,3047,4218,1315,773,222,10,141,581,3510,325,247,141,5052,2213,ITG,ITG2,20,Sardegna,Sardegna,1639591,221071,13.48,0.44
2795,2021-04-26,SAR,6812,3260,3552,57,84,24,7,2323,1340,823,2114,4,36,5936,876,ITG,ITG2,20,Sardegna,Sardegna,1639591,227883,13.9,0.42
2796,2021-04-01,SAR,10100,4026,6074,462,377,210,1257,169,896,4690,1536,203,300,7087,3013,ITG,ITG2,20,Sardegna,Sardegna,1639591,237983,14.51,0.62
2797,2021-03-05,SAR,5033,2443,2590,1694,1153,669,10,29,14,647,14,747,56,2681,2352,ITG,ITG2,20,Sardegna,Sardegna,1639591,243016,14.82,0.31
2798,2021-05-16,SAR,7990,3737,4253,253,38,2,41,1691,1064,1030,2834,257,780,5831,2159,ITG,ITG2,20,Sardegna,Sardegna,1639591,251006,15.31,0.49
2799,2021-04-12,SAR,6990,3179,3811,89,83,44,11,599,2826,2208,1004,30,96,5276,1714,ITG,ITG2,20,Sardegna,Sardegna,1639591,257996,15.74,0.43
2800,2021-04-30,SAR,10729,5110,5619,383,164,18,207,788,977,1453,6238,334,167,6670,4059,ITG,ITG2,20,Sardegna,Sardegna,1639591,268725,16.39,0.65
2801,2021-03-08,SAR,4004,1786,2218,740,1027,650,153,8,8,854,46,505,13,2784,1220,ITG,ITG2,20,Sardegna,Sardegna,1639591,272729,16.63,0.24
2802,2021-05-02,SAR,5855,2653,3202,82,58,1,54,692,967,507,3325,13,156,5273,582,ITG,ITG2,20,Sardegna,Sardegna,1639591,278584,16.99,0.36
2803,2021-01-11,SAR,1183,505,678,656,525,0,0,0,0,1,0,0,1,1183,0,ITG,ITG2,20,Sardegna,Sardegna,1639591,279767,17.06,0.07
2804,2021-01-25,SAR,588,212,376,553,34,0,0,0,0,0,0,0,1,22,566,ITG,ITG2,20,Sardegna,Sardegna,1639591,280355,17.1,0.04
2805,2021-04-09,SAR,12193,5403,6790,437,257,39,163,442,3512,4893,2195,37,218,7842,4351,ITG,ITG2,20,Sardegna,Sardegna,1639591,292548,17.84,0.74
2806,2021-02-12,SAR,2237,933,1304,986,720,501,0,4,0,1,4,0,21,2178,59,ITG,ITG2,20,Sardegna,Sardegna,1639591,294785,17.98,0.14
2807,2021-04-11,SAR,5393,2442,2951,62,16,1,20,26,3235,1862,150,9,12,4273,1120,ITG,ITG2,20,Sardegna,Sardegna,1639591,300178,18.31,0.33
2808,2021-01-15,SAR,1563,573,990,1170,384,0,0,0,0,0,6,3,0,1563,0,ITG,ITG2,20,Sardegna,Sardegna,1639591,301741,18.4,0.1
2809,2021-01-14,SAR,1105,426,679,885,220,0,0,0,0,0,0,0,0,1105,0,ITG,ITG2,20,Sardegna,Sardegna,1639591,302846,18.47,0.07
2810,2021-01-23,SAR,60,22,38,60,0,0,0,0,0,0,0,0,0,0,60,ITG,ITG2,20,Sardegna,Sardegna,1639591,302906,18.47,0.0
2811,2021-01-12,SAR,865,408,457,504,361,0,0,0,0,0,0,0,0,865,0,ITG,ITG2,20,Sardegna,Sardegna,1639591,303771,18.53,0.05
2812,2021-03-07,SAR,1657,750,907,321,230,78,2,5,1,1012,1,0,7,1117,540,ITG,ITG2,20,Sardegna,Sardegna,1639591,305428,18.63,0.1
2813,2021-03-02,SAR,2865,1459,1406,1067,608,381,2,8,10,324,1,461,3,1712,1153,ITG,ITG2,20,Sardegna,Sardegna,1639591,308293,18.8,0.17
2814,2021-04-07,SAR,13469,5982,7487,674,443,257,352,188,3338,5607,2365,72,173,7820,5649,ITG,ITG2,20,Sardegna,Sardegna,1639591,321762,19.62,0.82
2815,2021-02-11,SAR,1315,490,825,588,266,369,0,31,1,3,0,0,57,1204,111,ITG,ITG2,20,Sardegna,Sardegna,1639591,323077,19.7,0.08
2816,2021-04-14,SAR,8224,3889,4335,145,34,96,17,484,4915,845,1632,1,55,6987,1237,ITG,ITG2,20,Sardegna,Sardegna,1639591,331301,20.21,0.5
2817,2021-03-25,SAR,8791,3702,5089,815,312,189,1562,157,455,3870,947,343,141,7487,1304,ITG,ITG2,20,Sardegna,Sardegna,1639591,340092,20.74,0.54
2818,2021-02-15,SAR,958,349,609,440,231,279,0,2,0,0,3,0,3,927,31,ITG,ITG2,20,Sardegna,Sardegna,1639591,341050,20.8,0.06
2819,2021-05-15,SAR,12922,6060,6862,108,50,30,88,2756,1055,600,6685,311,1239,9668,3254,ITG,ITG2,20,Sardegna,Sardegna,1639591,353972,21.59,0.79
2820,2021-02-10,SAR,1959,765,1194,1169,299,488,1,0,1,0,0,0,1,1441,518,ITG,ITG2,20,Sardegna,Sardegna,1639591,355931,21.71,0.12
2821,2021-02-20,SAR,2041,855,1186,484,150,195,1,2,4,1204,0,0,1,1707,334,ITG,ITG2,20,Sardegna,Sardegna,1639591,357972,21.83,0.12
2822,2021-03-13,SAR,2751,1072,1679,274,142,240,132,13,101,1765,22,44,18,2470,281,ITG,ITG2,20,Sardegna,Sardegna,1639591,360723,22.0,0.17
2823,2021-03-27,SAR,5712,2174,3538,331,322,217,1309,31,188,2635,507,83,89,5290,422,ITG,ITG2,20,Sardegna,Sardegna,1639591,366435,22.35,0.35
2824,2021-03-23,SAR,6153,2638,3515,1109,317,283,1140,34,166,2312,617,95,80,5075,1078,ITG,ITG2,20,Sardegna,Sardegna,1639591,372588,22.72,0.38
2825,2020-12-27,SAR,65,34,31,65,0,0,0,0,0,0,0,0,0,65,0,ITG,ITG2,20,Sardegna,Sardegna,1639591,372653,22.73,0.0
2826,2021-01-27,SAR,1409,494,915,1304,103,0,0,0,0,0,0,0,2,79,1330,ITG,ITG2,20,Sardegna,Sardegna,1639591,374062,22.81,0.09
2827,2021-02-02,SAR,1482,655,827,988,475,0,0,0,0,0,0,0,19,241,1241,ITG,ITG2,20,Sardegna,Sardegna,1639591,375544,22.9,0.09
2828,2021-01-20,SAR,210,77,133,154,56,0,0,0,0,0,0,0,0,208,2,ITG,ITG2,20,Sardegna,Sardegna,1639591,375754,22.92,0.01
2829,2021-05-09,SAR,6122,2871,3251,55,43,13,55,1609,932,630,2597,6,182,5192,930,ITG,ITG2,20,Sardegna,Sardegna,1639591,381876,23.29,0.37
2830,2021-01-05,SAR,1327,446,881,1283,40,0,0,1,0,0,0,0,3,1327,0,ITG,ITG2,20,Sardegna,Sardegna,1639591,383203,23.37,0.08
2831,2021-04-03,SAR,4531,1744,2787,181,275,153,425,54,431,2684,209,23,96,2694,1837,ITG,ITG2,20,Sardegna,Sardegna,1639591,387734,23.65,0.28
2832,2021-04-18,SAR,5155,2239,2916,48,6,0,3,863,323,3472,418,11,11,2287,2868,ITG,ITG2,20,Sardegna,Sardegna,1639591,392889,23.96,0.31
2833,2021-03-14,SAR,607,376,231,34,210,0,12,2,1,252,0,87,9,607,0,ITG,ITG2,20,Sardegna,Sardegna,1639591,393496,24.0,0.04
2834,2021-04-21,SAR,12066,5552,6514,151,63,101,41,2751,1974,4296,2555,8,126,6535,5531,ITG,ITG2,20,Sardegna,Sardegna,1639591,405562,24.74,0.74
2835,2021-04-08,SAR,13424,5922,7502,715,198,77,288,393,2924,4981,3634,41,173,8307,5117,ITG,ITG2,20,Sardegna,Sardegna,1639591,418986,25.55,0.82
2836,2021-03-17,SAR,6556,2849,3707,1077,529,528,128,80,443,3343,369,5,54,4949,1607,ITG,ITG2,20,Sardegna,Sardegna,1639591,425542,25.95,0.4
2837,2021-04-24,SAR,10359,4848,5511,110,55,58,41,1959,1938,2281,3737,2,178,8018,2341,ITG,ITG2,20,Sardegna,Sardegna,1639591,435901,26.59,0.63
2838,2021-05-05,SAR,9895,4518,5377,242,192,81,12,768,3493,752,4116,17,222,7889,2006,ITG,ITG2,20,Sardegna,Sardegna,1639591,445796,27.19,0.6
2839,2021-01-28,SAR,2968,1044,1924,2554,400,0,0,1,0,0,0,11,2,69,2899,ITG,ITG2,20,Sardegna,Sardegna,1639591,448764,27.37,0.18
2840,2021-01-10,SAR,2183,750,1433,1632,548,0,0,0,0,0,0,0,3,2183,0,ITG,ITG2,20,Sardegna,Sardegna,1639591,450947,27.5,0.13
2841,2021-01-08,SAR,3258,1184,2074,2930,323,0,0,0,0,2,1,0,2,3258,0,ITG,ITG2,20,Sardegna,Sardegna,1639591,454205,27.7,0.2
2842,2021-02-18,SAR,1878,732,1146,1074,344,298,110,4,0,1,1,33,13,1814,64,ITG,ITG2,20,Sardegna,Sardegna,1639591,456083,27.82,0.11
2843,2021-02-27,SAR,1921,647,1274,1055,315,306,0,15,2,178,3,0,47,1366,555,ITG,ITG2,20,Sardegna,Sardegna,1639591,458004,27.93,0.12
2844,2021-05-11,SAR,8387,3857,4530,255,63,60,115,1153,2286,686,3534,23,212,6058,2329,ITG,ITG2,20,Sardegna,Sardegna,1639591,466391,28.45,0.51
2845,2021-04-04,SAR,1,0,1,0,0,0,0,0,0,1,0,0,0,0,1,ITG,ITG2,20,Sardegna,Sardegna,1639591,466392,28.45,0.0
2846,2021-02-04,SAR,2271,816,1455,1737,360,170,0,1,1,1,1,0,0,916,1355,ITG,ITG2,20,Sardegna,Sardegna,1639591,468663,28.58,0.14
2847,2021-02-19,SAR,1499,473,1026,677,390,388,0,4,4,1,13,1,21,1443,56,ITG,ITG2,20,Sardegna,Sardegna,1639591,470162,28.68,0.09
2848,2021-04-05,SAR,2036,784,1252,55,150,0,694,93,395,150,123,22,354,2035,1,ITG,ITG2,20,Sardegna,Sardegna,1639591,472198,28.8,0.12
2849,2020-12-29,SAR,57,32,25,56,1,0,0,0,0,0,0,0,0,57,0,ITG,ITG2,20,Sardegna,Sardegna,1639591,472255,28.8,0.0
2850,2021-05-03,SAR,8174,3813,4361,215,123,26,16,933,1254,743,4726,78,60,6577,1597,ITG,ITG2,20,Sardegna,Sardegna,1639591,480429,29.3,0.5
2851,2021-03-16,SAR,4374,1949,2425,663,224,352,8,36,163,2549,337,1,41,3452,922,ITG,ITG2,20,Sardegna,Sardegna,1639591,484803,29.57,0.27
2852,2021-04-28,SAR,8724,4118,4606,112,89,48,11,1014,1415,2161,3786,4,84,5032,3692,ITG,ITG2,20,Sardegna,Sardegna,1639591,493527,30.1,0.53
2853,2021-02-14,SAR,539,263,276,284,188,57,0,2,0,3,1,0,4,537,2,ITG,ITG2,20,Sardegna,Sardegna,1639591,494066,30.13,0.03
2854,2021-03-26,SAR,8087,3178,4909,845,567,414,1523,140,466,2761,1002,227,142,6562,1525,ITG,ITG2,20,Sardegna,Sardegna,1639591,502153,30.63,0.49
2855,2021-02-25,SAR,2899,1255,1644,1474,611,466,9,6,2,242,2,74,13,2294,605,ITG,ITG2,20,Sardegna,Sardegna,1639591,505052,30.8,0.18
2856,2021-01-06,SAR,1615,549,1066,1510,99,0,0,0,0,1,0,0,5,1615,0,ITG,ITG2,20,Sardegna,Sardegna,1639591,506667,30.9,0.1
2857,2021-03-12,SAR,5756,2408,3348,1048,766,464,159,33,56,2573,84,468,105,4448,1308,ITG,ITG2,20,Sardegna,Sardegna,1639591,512423,31.25,0.35
2858,2021-01-04,SAR,592,217,375,565,20,0,0,0,0,1,1,0,5,592,0,ITG,ITG2,20,Sardegna,Sardegna,1639591,513015,31.29,0.04
2859,2021-02-07,SAR,1116,394,722,975,141,0,0,0,0,0,0,0,0,228,888,ITG,ITG2,20,Sardegna,Sardegna,1639591,514131,31.36,0.07
2860,2021-02-01,SAR,1524,605,919,896,551,77,0,0,0,0,0,0,0,225,1299,ITG,ITG2,20,Sardegna,Sardegna,1639591,515655,31.45,0.09
2861,2020-12-31,SAR,32,16,16,28,4,0,0,0,0,0,0,0,0,32,0,ITG,ITG2,20,Sardegna,Sardegna,1639591,515687,31.45,0.0
2862,2021-01-19,SAR,747,270,477,423,163,160,1,0,0,0,0,0,0,692,55,ITG,ITG2,20,Sardegna,Sardegna,1639591,516434,31.5,0.05
2863,2021-01-18,SAR,904,326,578,714,188,0,0,0,0,0,0,1,1,780,124,ITG,ITG2,20,Sardegna,Sardegna,1639591,517338,31.55,0.06
2864,2021-01-03,SAR,90,36,54,89,1,0,0,0,0,0,0,0,0,90,0,ITG,ITG2,20,Sardegna,Sardegna,1639591,517428,31.56,0.01
2865,2021-05-04,SAR,9467,4350,5117,344,182,13,14,1554,2048,552,4646,23,91,7643,1824,ITG,ITG2,20,Sardegna,Sardegna,1639591,526895,32.14,0.58
2866,2021-02-03,SAR,1119,419,700,920,169,19,0,1,0,0,0,0,10,426,693,ITG,ITG2,20,Sardegna,Sardegna,1639591,528014,32.2,0.07
2867,2021-03-30,SAR,8630,3454,5176,651,514,237,1453,104,894,3361,1259,60,97,6358,2272,ITG,ITG2,20,Sardegna,Sardegna,1639591,536644,32.73,0.53
2868,2021-01-30,SAR,3862,1392,2470,2987,873,0,0,0,0,1,0,0,1,362,3500,ITG,ITG2,20,Sardegna,Sardegna,1639591,540506,32.97,0.24
2869,2021-01-21,SAR,126,60,66,60,66,0,0,0,0,0,0,0,0,94,32,ITG,ITG2,20,Sardegna,Sardegna,1639591,540632,32.97,0.01
2870,2021-04-02,SAR,8987,3547,5440,533,694,177,1309,96,803,4222,920,71,162,5745,3242,ITG,ITG2,20,Sardegna,Sardegna,1639591,549619,33.52,0.55
2871,2021-01-24,SAR,90,34,56,89,1,0,0,0,0,0,0,0,0,5,85,ITG,ITG2,20,Sardegna,Sardegna,1639591,549709,33.53,0.01
2872,2021-05-01,SAR,9721,4674,5047,116,39,10,5,509,1365,2793,4766,8,110,5375,4346,ITG,ITG2,20,Sardegna,Sardegna,1639591,559430,34.12,0.59
2873,2021-04-16,SAR,14441,6489,7952,477,159,107,27,2161,4365,4317,2690,19,119,9098,5343,ITG,ITG2,20,Sardegna,Sardegna,1639591,573871,35.0,0.88
2874,2021-03-24,SAR,7286,2998,4288,739,254,397,1059,58,400,3165,789,330,95,5927,1359,ITG,ITG2,20,Sardegna,Sardegna,1639591,581157,35.45,0.44
2875,2021-04-10,SAR,10325,4655,5670,153,110,11,218,590,4669,3601,805,11,157,8390,1935,ITG,ITG2,20,Sardegna,Sardegna,1639591,591482,36.07,0.63
2876,2021-03-22,SAR,3548,1362,2186,838,344,109,1136,15,42,784,153,105,22,3035,513,ITG,ITG2,20,Sardegna,Sardegna,1639591,595030,36.29,0.22
2877,2021-02-06,SAR,1970,697,1273,1544,284,139,1,0,1,0,0,0,1,569,1401,ITG,ITG2,20,Sardegna,Sardegna,1639591,597000,36.41,0.12
2878,2021-02-13,SAR,1456,565,891,732,433,256,5,4,3,1,1,0,21,1454,2,ITG,ITG2,20,Sardegna,Sardegna,1639591,598456,36.5,0.09
2879,2021-02-08,SAR,1470,533,937,998,337,126,0,1,0,1,1,1,5,856,614,ITG,ITG2,20,Sardegna,Sardegna,1639591,599926,36.59,0.09
2880,2021-01-01,SAR,32,17,15,30,0,0,0,0,0,0,2,0,0,32,0,ITG,ITG2,20,Sardegna,Sardegna,1639591,599958,36.59,0.0
2881,2021-05-08,SAR,12543,5776,6767,105,84,8,238,2792,1881,1080,6027,12,316,10398,2145,ITG,ITG2,20,Sardegna,Sardegna,1639591,612501,37.36,0.77
2882,2021-05-06,SAR,12068,5581,6487,268,126,69,114,2718,1328,1246,5996,48,155,9061,3007,ITG,ITG2,20,Sardegna,Sardegna,1639591,624569,38.09,0.74
2883,2021-04-19,SAR,10176,4612,5564,186,75,88,43,3704,3201,1418,1424,6,31,8759,1417,ITG,ITG2,20,Sardegna,Sardegna,1639591,634745,38.71,0.62
2884,2021-02-22,SAR,1638,948,690,606,294,190,0,6,3,5,11,516,7,1410,228,ITG,ITG2,20,Sardegna,Sardegna,1639591,636383,38.81,0.1
2885,2021-03-04,SAR,4002,1953,2049,987,552,542,42,44,18,1153,1,581,82,2747,1255,ITG,ITG2,20,Sardegna,Sardegna,1639591,640385,39.06,0.24
2886,2021-05-12,SAR,10125,4555,5570,196,160,35,347,1551,1743,1180,4481,174,258,7080,3045,ITG,ITG2,20,Sardegna,Sardegna,1639591,650510,39.68,0.62
2887,2021-04-15,SAR,11784,5509,6275,271,93,135,20,1055,4003,3897,2147,29,134,6835,4949,ITG,ITG2,20,Sardegna,Sardegna,1639591,662294,40.39,0.72
2888,2021-04-29,SAR,10719,4949,5770,237,94,57,21,975,1243,1501,6425,5,161,6552,4167,ITG,ITG2,20,Sardegna,Sardegna,1639591,673013,41.05,0.65
