,data,area,Vaccinazioni giornaliere,sesso_maschile,sesso_femminile,Operatori sanitari - sociosanitari,Personale non sanitario,Ospiti RSA,categoria_over80,categoria_forze_armate,categoria_personale_scolastico,prima_dose,seconda_dose,codice_NUTS1,codice_NUTS2,codice_regione_ISTAT,nome_area,Regione,popolazione,Totale vaccinazioni,Totale vaccinazioni ogni cento ab,Vaccinazioni giornaliere ogni cento ab
0,2021-03-03,LAZ,17000,7192,9808,2097,1374,374,7969,1249,3937,12710,4290,ITI,ITI4,12,Lazio,Lazio,5879082,17000,0.29,0.29
1,2021-03-01,LAZ,16596,7094,9502,1551,1736,383,7941,1406,3579,12746,3850,ITI,ITI4,12,Lazio,Lazio,5879082,33596,0.57,0.28
2,2021-02-16,LAZ,8043,3862,4181,2058,578,261,4195,950,1,7786,257,ITI,ITI4,12,Lazio,Lazio,5879082,41639,0.71,0.14
3,2021-01-06,LAZ,5096,1951,3145,4619,155,320,0,1,1,5096,0,ITI,ITI4,12,Lazio,Lazio,5879082,46735,0.79,0.09
4,2021-03-14,LAZ,16973,6566,10407,1319,3370,81,8312,445,3446,11839,5134,ITI,ITI4,12,Lazio,Lazio,5879082,63708,1.08,0.29
5,2021-02-23,LAZ,10876,4671,6205,1896,601,309,5145,1015,1910,10252,624,ITI,ITI4,12,Lazio,Lazio,5879082,74584,1.27,0.18
6,2021-02-14,LAZ,5535,2245,3290,1645,318,127,3445,0,0,5286,249,ITI,ITI4,12,Lazio,Lazio,5879082,80119,1.36,0.09
7,2021-03-10,LAZ,21725,9349,12376,3996,2627,449,8858,1179,4616,16102,5623,ITI,ITI4,12,Lazio,Lazio,5879082,101844,1.73,0.37
8,2021-02-18,LAZ,9674,4799,4875,2160,419,473,4956,1665,1,9176,498,ITI,ITI4,12,Lazio,Lazio,5879082,111518,1.9,0.16
9,2021-02-19,LAZ,9698,4893,4805,2170,390,408,5060,1636,34,9201,497,ITI,ITI4,12,Lazio,Lazio,5879082,121216,2.06,0.16
10,2021-01-27,LAZ,5768,2170,3598,4797,385,457,129,0,0,651,5117,ITI,ITI4,12,Lazio,Lazio,5879082,126984,2.16,0.1
11,2021-02-10,LAZ,7773,3113,4660,2646,580,633,3914,0,0,4838,2935,ITI,ITI4,12,Lazio,Lazio,5879082,134757,2.29,0.13
12,2021-01-31,LAZ,4279,1783,2496,3572,339,244,124,0,0,296,3983,ITI,ITI4,12,Lazio,Lazio,5879082,139036,2.36,0.07
13,2021-02-22,LAZ,11395,4972,6423,1778,309,472,5224,1390,2222,10894,501,ITI,ITI4,12,Lazio,Lazio,5879082,150431,2.56,0.19
14,2021-02-24,LAZ,11959,5175,6784,1796,936,337,5163,1327,2400,10970,989,ITI,ITI4,12,Lazio,Lazio,5879082,162390,2.76,0.2
15,2021-03-16,LAZ,13328,5662,7666,1470,2200,280,9366,7,5,6966,6362,ITI,ITI4,12,Lazio,Lazio,5879082,175718,2.99,0.23
16,2020-12-30,LAZ,1630,629,1001,1603,0,27,0,0,0,1630,0,ITI,ITI4,12,Lazio,Lazio,5879082,177348,3.02,0.03
17,2021-01-02,LAZ,6704,2629,4075,6268,78,358,0,0,0,6704,0,ITI,ITI4,12,Lazio,Lazio,5879082,184052,3.13,0.11
18,2021-03-09,LAZ,20739,8893,11846,3359,2290,338,8905,1230,4617,15548,5191,ITI,ITI4,12,Lazio,Lazio,5879082,204791,3.48,0.35
19,2021-01-14,LAZ,5232,1961,3271,3887,450,811,84,0,0,5232,0,ITI,ITI4,12,Lazio,Lazio,5879082,210023,3.57,0.09
20,2021-03-04,LAZ,18155,7732,10423,2771,1552,507,8105,1315,3905,13150,5005,ITI,ITI4,12,Lazio,Lazio,5879082,228178,3.88,0.31
21,2021-01-15,LAZ,6223,2465,3758,4476,604,988,155,0,0,6223,0,ITI,ITI4,12,Lazio,Lazio,5879082,234401,3.99,0.11
22,2021-02-21,LAZ,6785,3098,3687,1245,362,51,4504,607,16,6503,282,ITI,ITI4,12,Lazio,Lazio,5879082,241186,4.1,0.12
23,2021-02-13,LAZ,6272,2435,3837,2123,213,280,3656,0,0,6184,88,ITI,ITI4,12,Lazio,Lazio,5879082,247458,4.21,0.11
24,2021-03-18,LAZ,13922,5981,7941,1709,2704,307,9187,9,6,7639,6283,ITI,ITI4,12,Lazio,Lazio,5879082,261380,4.45,0.24
25,2021-02-25,LAZ,12602,5502,7100,1754,1209,489,5116,1423,2611,11556,1046,ITI,ITI4,12,Lazio,Lazio,5879082,273982,4.66,0.21
26,2021-01-26,LAZ,7602,2907,4695,6590,256,631,125,0,0,372,7230,ITI,ITI4,12,Lazio,Lazio,5879082,281584,4.79,0.13
27,2021-01-11,LAZ,5525,2103,3422,4553,403,569,0,0,0,5525,0,ITI,ITI4,12,Lazio,Lazio,5879082,287109,4.88,0.09
28,2021-02-12,LAZ,6494,2645,3849,1995,423,302,3774,0,0,6417,77,ITI,ITI4,12,Lazio,Lazio,5879082,293603,4.99,0.11
29,2021-01-25,LAZ,7761,3041,4720,7006,270,363,122,0,0,421,7340,ITI,ITI4,12,Lazio,Lazio,5879082,301364,5.13,0.13
30,2021-02-26,LAZ,12849,5597,7252,1908,1332,351,5134,1385,2739,11631,1218,ITI,ITI4,12,Lazio,Lazio,5879082,314213,5.34,0.22
31,2021-02-17,LAZ,8808,4371,4437,2282,432,499,4249,1345,1,8280,528,ITI,ITI4,12,Lazio,Lazio,5879082,323021,5.49,0.15
32,2021-01-20,LAZ,4390,1657,2733,3279,399,426,286,0,0,2849,1541,ITI,ITI4,12,Lazio,Lazio,5879082,327411,5.57,0.07
33,2021-03-02,LAZ,16505,7141,9364,1808,1421,229,8015,1278,3754,12576,3929,ITI,ITI4,12,Lazio,Lazio,5879082,343916,5.85,0.28
34,2021-01-10,LAZ,4039,1700,2339,3424,363,252,0,0,0,4039,0,ITI,ITI4,12,Lazio,Lazio,5879082,347955,5.92,0.07
35,2021-01-24,LAZ,5467,2109,3358,4945,262,134,126,0,0,385,5082,ITI,ITI4,12,Lazio,Lazio,5879082,353422,6.01,0.09
36,2021-01-28,LAZ,7954,2998,4956,6810,496,514,134,0,0,459,7495,ITI,ITI4,12,Lazio,Lazio,5879082,361376,6.15,0.14
37,2021-01-30,LAZ,6649,2730,3919,5298,574,651,126,0,0,448,6201,ITI,ITI4,12,Lazio,Lazio,5879082,368025,6.26,0.11
38,2021-03-15,LAZ,19126,8280,10846,2291,3663,408,9532,706,2526,12438,6688,ITI,ITI4,12,Lazio,Lazio,5879082,387151,6.59,0.33
39,2021-03-07,LAZ,13994,5398,8596,1200,1229,148,7188,696,3533,10405,3589,ITI,ITI4,12,Lazio,Lazio,5879082,401145,6.82,0.24
40,2021-01-13,LAZ,5559,2063,3496,4145,402,1009,3,0,0,5559,0,ITI,ITI4,12,Lazio,Lazio,5879082,406704,6.92,0.09
41,2021-03-17,LAZ,13290,5703,7587,1455,2313,234,9267,7,14,7141,6149,ITI,ITI4,12,Lazio,Lazio,5879082,419994,7.14,0.23
42,2021-03-06,LAZ,17908,6878,11030,3651,1363,327,7863,932,3772,13655,4253,ITI,ITI4,12,Lazio,Lazio,5879082,437902,7.45,0.3
43,2021-03-08,LAZ,19791,8187,11604,2418,2180,379,9004,1102,4708,14529,5262,ITI,ITI4,12,Lazio,Lazio,5879082,457693,7.79,0.34
44,2021-02-27,LAZ,11344,4240,7104,1358,884,515,4764,1120,2703,10391,953,ITI,ITI4,12,Lazio,Lazio,5879082,469037,7.98,0.19
45,2021-02-07,LAZ,4668,1865,2803,3251,385,218,813,0,1,382,4286,ITI,ITI4,12,Lazio,Lazio,5879082,473705,8.06,0.08
46,2021-03-05,LAZ,18480,7797,10683,2723,1745,256,8464,1323,3969,13760,4720,ITI,ITI4,12,Lazio,Lazio,5879082,492185,8.37,0.31
47,2021-02-04,LAZ,6045,2281,3764,4460,621,892,72,0,0,942,5103,ITI,ITI4,12,Lazio,Lazio,5879082,498230,8.47,0.1
48,2021-02-08,LAZ,9334,3868,5466,3788,874,918,3754,0,0,4487,4847,ITI,ITI4,12,Lazio,Lazio,5879082,507564,8.63,0.16
49,2021-01-09,LAZ,6288,2556,3732,5110,558,620,0,0,0,6288,0,ITI,ITI4,12,Lazio,Lazio,5879082,513852,8.74,0.11
50,2020-12-28,LAZ,959,412,547,957,2,0,0,0,0,959,0,ITI,ITI4,12,Lazio,Lazio,5879082,514811,8.76,0.02
51,2021-01-22,LAZ,3662,1442,2220,3379,90,70,123,0,0,148,3514,ITI,ITI4,12,Lazio,Lazio,5879082,518473,8.82,0.06
52,2021-03-13,LAZ,21166,8305,12861,5052,2480,325,8850,720,3739,15280,5886,ITI,ITI4,12,Lazio,Lazio,5879082,539639,9.18,0.36
53,2021-01-03,LAZ,5250,1972,3278,5125,60,65,0,0,0,5250,0,ITI,ITI4,12,Lazio,Lazio,5879082,544889,9.27,0.09
54,2021-02-03,LAZ,6288,2348,3940,4620,555,1078,35,0,0,901,5387,ITI,ITI4,12,Lazio,Lazio,5879082,551177,9.38,0.11
55,2021-02-06,LAZ,5069,2015,3054,3270,630,660,509,0,0,769,4300,ITI,ITI4,12,Lazio,Lazio,5879082,556246,9.46,0.09
56,2021-01-05,LAZ,7370,2802,4568,6690,102,577,0,1,0,7370,0,ITI,ITI4,12,Lazio,Lazio,5879082,563616,9.59,0.13
57,2021-03-19,LAZ,13295,5614,7681,1478,2797,269,8158,9,584,7917,5378,ITI,ITI4,12,Lazio,Lazio,5879082,576911,9.81,0.23
58,2021-01-04,LAZ,7478,2907,4571,7075,86,316,0,0,1,7478,0,ITI,ITI4,12,Lazio,Lazio,5879082,584389,9.94,0.13
59,2021-02-01,LAZ,5669,2173,3496,4784,319,559,7,0,0,353,5316,ITI,ITI4,12,Lazio,Lazio,5879082,590058,10.04,0.1
60,2021-01-07,LAZ,7724,2894,4830,6881,277,566,0,0,0,7724,0,ITI,ITI4,12,Lazio,Lazio,5879082,597782,10.17,0.13
61,2021-01-19,LAZ,4361,1671,2690,2967,562,424,408,0,0,3908,453,ITI,ITI4,12,Lazio,Lazio,5879082,602143,10.24,0.07
62,2021-02-05,LAZ,6910,2722,4188,5095,631,995,189,0,0,1131,5779,ITI,ITI4,12,Lazio,Lazio,5879082,609053,10.36,0.12
63,2021-03-11,LAZ,23549,10485,13064,4799,3136,440,9212,1526,4436,17332,6217,ITI,ITI4,12,Lazio,Lazio,5879082,632602,10.76,0.4
64,2021-02-20,LAZ,8793,4081,4712,1941,461,298,4761,1310,22,8376,417,ITI,ITI4,12,Lazio,Lazio,5879082,641395,10.91,0.15
65,2021-01-29,LAZ,7594,2866,4728,6373,427,704,90,0,0,477,7117,ITI,ITI4,12,Lazio,Lazio,5879082,648989,11.04,0.13
66,2021-02-11,LAZ,6657,2788,3869,2196,334,500,3627,0,0,6459,198,ITI,ITI4,12,Lazio,Lazio,5879082,655646,11.15,0.11
67,2021-02-28,LAZ,10199,3991,6208,1601,688,77,4552,682,2599,9685,514,ITI,ITI4,12,Lazio,Lazio,5879082,665845,11.33,0.17
68,2021-01-01,LAZ,3553,1381,2172,3483,2,68,0,0,0,3553,0,ITI,ITI4,12,Lazio,Lazio,5879082,669398,11.39,0.06
69,2021-03-12,LAZ,22527,9959,12568,4606,3421,400,9378,774,3948,16218,6309,ITI,ITI4,12,Lazio,Lazio,5879082,691925,11.77,0.38
70,2021-01-12,LAZ,5391,1974,3417,4343,464,584,0,0,0,5391,0,ITI,ITI4,12,Lazio,Lazio,5879082,697316,11.86,0.09
71,2021-01-23,LAZ,6883,2682,4201,6063,278,417,125,0,0,255,6628,ITI,ITI4,12,Lazio,Lazio,5879082,704199,11.98,0.12
72,2021-01-17,LAZ,4555,1841,2714,3231,336,177,811,0,0,4343,212,ITI,ITI4,12,Lazio,Lazio,5879082,708754,12.06,0.08
73,2020-12-29,LAZ,440,155,285,440,0,0,0,0,0,440,0,ITI,ITI4,12,Lazio,Lazio,5879082,709194,12.06,0.01
74,2021-01-16,LAZ,5345,2072,3273,3350,461,1064,470,0,0,5345,0,ITI,ITI4,12,Lazio,Lazio,5879082,714539,12.15,0.09
75,2021-01-18,LAZ,5835,2268,3567,3901,756,725,453,0,0,4857,978,ITI,ITI4,12,Lazio,Lazio,5879082,720374,12.25,0.1
76,2021-02-15,LAZ,7726,3379,4347,2447,675,378,4218,8,0,7429,297,ITI,ITI4,12,Lazio,Lazio,5879082,728100,12.38,0.13
77,2021-01-21,LAZ,5247,2109,3138,4780,110,232,125,0,0,196,5051,ITI,ITI4,12,Lazio,Lazio,5879082,733347,12.47,0.09
78,2021-02-02,LAZ,5772,2133,3639,4712,486,571,3,0,0,501,5271,ITI,ITI4,12,Lazio,Lazio,5879082,739119,12.57,0.1
79,2020-12-27,LAZ,272,131,141,272,0,0,0,0,0,272,0,ITI,ITI4,12,Lazio,Lazio,5879082,739391,12.58,0.0
80,2021-01-08,LAZ,7707,2887,4820,6517,392,798,0,0,0,7707,0,ITI,ITI4,12,Lazio,Lazio,5879082,747098,12.71,0.13
81,2021-02-09,LAZ,8393,3484,4909,3258,582,548,4005,0,0,4571,3822,ITI,ITI4,12,Lazio,Lazio,5879082,755491,12.85,0.14
82,2020-12-31,LAZ,5218,2095,3123,4927,12,279,0,0,0,5218,0,ITI,ITI4,12,Lazio,Lazio,5879082,760709,12.94,0.09
83,2021-01-29,PAB,1488,508,980,874,313,295,2,0,4,23,1465,ITH,ITH1,4,Provincia Autonoma Bolzano / Bozen,P.A. Bolzano,533050,1488,0.28,0.28
84,2021-03-18,PAB,1287,524,763,49,168,48,1022,0,0,214,1073,ITH,ITH1,4,Provincia Autonoma Bolzano / Bozen,P.A. Bolzano,533050,2775,0.52,0.24
85,2021-02-11,PAB,1031,408,623,205,381,102,343,0,0,222,809,ITH,ITH1,4,Provincia Autonoma Bolzano / Bozen,P.A. Bolzano,533050,3806,0.71,0.19
86,2021-02-10,PAB,1630,602,1028,489,558,1,582,0,0,26,1604,ITH,ITH1,4,Provincia Autonoma Bolzano / Bozen,P.A. Bolzano,533050,5436,1.02,0.31
87,2021-03-12,PAB,868,400,468,65,358,41,298,57,49,718,150,ITH,ITH1,4,Provincia Autonoma Bolzano / Bozen,P.A. Bolzano,533050,6304,1.18,0.16
88,2021-03-02,PAB,681,193,488,1,0,0,0,7,673,681,0,ITH,ITH1,4,Provincia Autonoma Bolzano / Bozen,P.A. Bolzano,533050,6985,1.31,0.13
89,2021-02-13,PAB,318,79,239,126,184,7,1,0,0,312,6,ITH,ITH1,4,Provincia Autonoma Bolzano / Bozen,P.A. Bolzano,533050,7303,1.37,0.06
90,2021-03-04,PAB,1669,988,681,293,598,25,40,452,261,1457,212,ITH,ITH1,4,Provincia Autonoma Bolzano / Bozen,P.A. Bolzano,533050,8972,1.68,0.31
91,2021-03-11,PAB,1644,806,838,89,552,68,365,237,333,1129,515,ITH,ITH1,4,Provincia Autonoma Bolzano / Bozen,P.A. Bolzano,533050,10616,1.99,0.31
92,2021-01-07,PAB,892,317,575,613,227,0,52,0,0,892,0,ITH,ITH1,4,Provincia Autonoma Bolzano / Bozen,P.A. Bolzano,533050,11508,2.16,0.17
93,2021-01-04,PAB,469,191,278,397,72,0,0,0,0,469,0,ITH,ITH1,4,Provincia Autonoma Bolzano / Bozen,P.A. Bolzano,533050,11977,2.25,0.09
94,2021-02-20,PAB,1502,471,1031,196,83,24,469,1,729,1484,18,ITH,ITH1,4,Provincia Autonoma Bolzano / Bozen,P.A. Bolzano,533050,13479,2.53,0.28
95,2021-03-16,PAB,620,245,375,22,63,38,497,0,0,103,517,ITH,ITH1,4,Provincia Autonoma Bolzano / Bozen,P.A. Bolzano,533050,14099,2.64,0.12
96,2021-01-26,PAB,809,291,518,681,128,0,0,0,0,1,808,ITH,ITH1,4,Provincia Autonoma Bolzano / Bozen,P.A. Bolzano,533050,14908,2.8,0.15
97,2021-01-03,PAB,41,16,25,33,7,0,1,0,0,41,0,ITH,ITH1,4,Provincia Autonoma Bolzano / Bozen,P.A. Bolzano,533050,14949,2.8,0.01
98,2021-01-14,PAB,1809,540,1269,477,761,285,286,0,0,1809,0,ITH,ITH1,4,Provincia Autonoma Bolzano / Bozen,P.A. Bolzano,533050,16758,3.14,0.34
99,2021-03-15,PAB,838,292,546,285,478,13,56,2,4,365,473,ITH,ITH1,4,Provincia Autonoma Bolzano / Bozen,P.A. Bolzano,533050,17596,3.3,0.16
100,2021-03-19,PAB,1686,690,996,125,504,15,1029,0,13,676,1010,ITH,ITH1,4,Provincia Autonoma Bolzano / Bozen,P.A. Bolzano,533050,19282,3.62,0.32
101,2021-02-02,PAB,1731,500,1231,617,500,605,9,0,0,8,1723,ITH,ITH1,4,Provincia Autonoma Bolzano / Bozen,P.A. Bolzano,533050,21013,3.94,0.32
102,2021-02-08,PAB,1,1,0,0,1,0,0,0,0,1,0,ITH,ITH1,4,Provincia Autonoma Bolzano / Bozen,P.A. Bolzano,533050,21014,3.94,0.0
103,2021-01-20,PAB,609,248,361,287,72,0,250,0,0,401,208,ITH,ITH1,4,Provincia Autonoma Bolzano / Bozen,P.A. Bolzano,533050,21623,4.06,0.11
104,2021-01-10,PAB,2,2,0,1,1,0,0,0,0,2,0,ITH,ITH1,4,Provincia Autonoma Bolzano / Bozen,P.A. Bolzano,533050,21625,4.06,0.0
105,2021-02-22,PAB,521,142,379,339,168,0,4,0,10,510,11,ITH,ITH1,4,Provincia Autonoma Bolzano / Bozen,P.A. Bolzano,533050,22146,4.15,0.1
106,2021-02-24,PAB,1361,403,958,10,3,0,0,8,1340,1349,12,ITH,ITH1,4,Provincia Autonoma Bolzano / Bozen,P.A. Bolzano,533050,23507,4.41,0.26
107,2021-02-12,PAB,721,214,507,316,292,104,7,2,0,475,246,ITH,ITH1,4,Provincia Autonoma Bolzano / Bozen,P.A. Bolzano,533050,24228,4.55,0.14
108,2021-03-09,PAB,1185,540,645,29,101,21,915,72,47,1183,2,ITH,ITH1,4,Provincia Autonoma Bolzano / Bozen,P.A. Bolzano,533050,25413,4.77,0.22
109,2021-01-27,PAB,84,28,56,54,30,0,0,0,0,1,83,ITH,ITH1,4,Provincia Autonoma Bolzano / Bozen,P.A. Bolzano,533050,25497,4.78,0.02
110,2021-01-30,PAB,496,244,252,216,179,101,0,0,0,4,492,ITH,ITH1,4,Provincia Autonoma Bolzano / Bozen,P.A. Bolzano,533050,25993,4.88,0.09
111,2021-03-14,PAB,754,336,418,130,37,33,553,1,0,25,729,ITH,ITH1,4,Provincia Autonoma Bolzano / Bozen,P.A. Bolzano,533050,26747,5.02,0.14
112,2021-02-01,PAB,1385,404,981,709,379,296,0,0,1,11,1374,ITH,ITH1,4,Provincia Autonoma Bolzano / Bozen,P.A. Bolzano,533050,28132,5.28,0.26
113,2021-02-06,PAB,2300,1025,1275,447,375,6,1471,0,1,18,2282,ITH,ITH1,4,Provincia Autonoma Bolzano / Bozen,P.A. Bolzano,533050,30432,5.71,0.43
114,2021-02-03,PAB,1445,457,988,615,441,321,68,0,0,5,1440,ITH,ITH1,4,Provincia Autonoma Bolzano / Bozen,P.A. Bolzano,533050,31877,5.98,0.27
115,2021-02-26,PAB,1385,492,893,62,143,2,846,0,332,1355,30,ITH,ITH1,4,Provincia Autonoma Bolzano / Bozen,P.A. Bolzano,533050,33262,6.24,0.26
116,2021-03-01,PAB,909,217,692,11,159,5,0,0,734,909,0,ITH,ITH1,4,Provincia Autonoma Bolzano / Bozen,P.A. Bolzano,533050,34171,6.41,0.17
117,2021-02-16,PAB,529,205,324,10,7,0,512,0,0,529,0,ITH,ITH1,4,Provincia Autonoma Bolzano / Bozen,P.A. Bolzano,533050,34700,6.51,0.1
118,2021-01-06,PAB,59,18,41,59,0,0,0,0,0,59,0,ITH,ITH1,4,Provincia Autonoma Bolzano / Bozen,P.A. Bolzano,533050,34759,6.52,0.01
119,2021-01-11,PAB,1501,476,1025,537,640,174,150,0,0,1501,0,ITH,ITH1,4,Provincia Autonoma Bolzano / Bozen,P.A. Bolzano,533050,36260,6.8,0.28
120,2021-01-12,PAB,1527,398,1129,299,680,475,73,0,0,1527,0,ITH,ITH1,4,Provincia Autonoma Bolzano / Bozen,P.A. Bolzano,533050,37787,7.09,0.29
121,2021-03-06,PAB,3946,2069,1877,478,871,7,1953,256,381,3734,212,ITH,ITH1,4,Provincia Autonoma Bolzano / Bozen,P.A. Bolzano,533050,41733,7.83,0.74
122,2021-01-22,PAB,242,138,104,130,23,85,3,0,1,124,118,ITH,ITH1,4,Provincia Autonoma Bolzano / Bozen,P.A. Bolzano,533050,41975,7.87,0.05
123,2021-03-13,PAB,2859,1448,1411,165,1313,1,1272,89,19,2758,101,ITH,ITH1,4,Provincia Autonoma Bolzano / Bozen,P.A. Bolzano,533050,44834,8.41,0.54
124,2021-02-05,PAB,2789,1036,1753,641,677,394,1077,0,0,6,2783,ITH,ITH1,4,Provincia Autonoma Bolzano / Bozen,P.A. Bolzano,533050,47623,8.93,0.52
125,2021-03-10,PAB,1172,446,726,653,188,0,134,80,117,1029,143,ITH,ITH1,4,Provincia Autonoma Bolzano / Bozen,P.A. Bolzano,533050,48795,9.15,0.22
126,2021-01-19,PAB,811,349,462,170,66,0,575,0,0,681,130,ITH,ITH1,4,Provincia Autonoma Bolzano / Bozen,P.A. Bolzano,533050,49606,9.31,0.15
127,2021-03-05,PAB,1756,590,1166,337,383,28,760,9,239,1314,442,ITH,ITH1,4,Provincia Autonoma Bolzano / Bozen,P.A. Bolzano,533050,51362,9.64,0.33
128,2021-03-07,PAB,114,13,101,59,51,0,3,0,1,9,105,ITH,ITH1,4,Provincia Autonoma Bolzano / Bozen,P.A. Bolzano,533050,51476,9.66,0.02
129,2021-01-13,PAB,1317,409,908,368,588,255,106,0,0,1317,0,ITH,ITH1,4,Provincia Autonoma Bolzano / Bozen,P.A. Bolzano,533050,52793,9.9,0.25
130,2021-01-18,PAB,1655,638,1017,368,299,7,981,0,0,1651,4,ITH,ITH1,4,Provincia Autonoma Bolzano / Bozen,P.A. Bolzano,533050,54448,10.21,0.31
131,2021-02-25,PAB,1495,548,947,22,340,0,728,0,405,1494,1,ITH,ITH1,4,Provincia Autonoma Bolzano / Bozen,P.A. Bolzano,533050,55943,10.49,0.28
132,2021-03-03,PAB,1162,391,771,12,13,6,345,51,735,1149,13,ITH,ITH1,4,Provincia Autonoma Bolzano / Bozen,P.A. Bolzano,533050,57105,10.71,0.22
133,2021-01-23,PAB,195,115,80,183,12,0,0,0,0,0,195,ITH,ITH1,4,Provincia Autonoma Bolzano / Bozen,P.A. Bolzano,533050,57300,10.75,0.04
134,2021-02-27,PAB,2454,758,1696,202,128,8,881,3,1232,2445,9,ITH,ITH1,4,Provincia Autonoma Bolzano / Bozen,P.A. Bolzano,533050,59754,11.21,0.46
135,2021-01-25,PAB,462,177,285,380,80,0,1,0,1,3,459,ITH,ITH1,4,Provincia Autonoma Bolzano / Bozen,P.A. Bolzano,533050,60216,11.3,0.09
136,2021-01-17,PAB,2270,1025,1245,54,236,19,1961,0,0,2259,11,ITH,ITH1,4,Provincia Autonoma Bolzano / Bozen,P.A. Bolzano,533050,62486,11.72,0.43
137,2021-02-18,PAB,1641,401,1240,23,313,20,4,0,1281,1638,3,ITH,ITH1,4,Provincia Autonoma Bolzano / Bozen,P.A. Bolzano,533050,64127,12.03,0.31
138,2021-01-08,PAB,1488,469,1019,777,449,166,96,0,0,1488,0,ITH,ITH1,4,Provincia Autonoma Bolzano / Bozen,P.A. Bolzano,533050,65615,12.31,0.28
139,2020-12-31,PAB,847,485,362,424,423,0,0,0,0,847,0,ITH,ITH1,4,Provincia Autonoma Bolzano / Bozen,P.A. Bolzano,533050,66462,12.47,0.16
140,2021-02-19,PAB,1962,449,1513,121,250,79,7,0,1505,1951,11,ITH,ITH1,4,Provincia Autonoma Bolzano / Bozen,P.A. Bolzano,533050,68424,12.84,0.37
141,2021-02-04,PAB,1877,568,1309,623,621,419,214,0,0,8,1869,ITH,ITH1,4,Provincia Autonoma Bolzano / Bozen,P.A. Bolzano,533050,70301,13.19,0.35
142,2021-01-28,PAB,867,307,560,584,214,69,0,0,0,10,857,ITH,ITH1,4,Provincia Autonoma Bolzano / Bozen,P.A. Bolzano,533050,71168,13.35,0.16
143,2021-02-09,PAB,317,126,191,64,22,2,227,0,2,1,316,ITH,ITH1,4,Provincia Autonoma Bolzano / Bozen,P.A. Bolzano,533050,71485,13.41,0.06
144,2021-03-17,PAB,570,212,358,7,40,42,481,0,0,569,1,ITH,ITH1,4,Provincia Autonoma Bolzano / Bozen,P.A. Bolzano,533050,72055,13.52,0.11
145,2021-02-07,PAB,2165,975,1190,99,398,1,1667,0,0,12,2153,ITH,ITH1,4,Provincia Autonoma Bolzano / Bozen,P.A. Bolzano,533050,74220,13.92,0.41
146,2021-01-05,PAB,821,283,538,728,93,0,0,0,0,821,0,ITH,ITH1,4,Provincia Autonoma Bolzano / Bozen,P.A. Bolzano,533050,75041,14.08,0.15
147,2021-01-21,PAB,915,426,489,720,100,68,27,0,0,138,777,ITH,ITH1,4,Provincia Autonoma Bolzano / Bozen,P.A. Bolzano,533050,75956,14.25,0.17
148,2021-01-02,PAB,91,48,43,69,22,0,0,0,0,91,0,ITH,ITH1,4,Provincia Autonoma Bolzano / Bozen,P.A. Bolzano,533050,76047,14.27,0.02
149,2020-12-30,PAB,384,181,203,340,44,0,0,0,0,384,0,ITH,ITH1,4,Provincia Autonoma Bolzano / Bozen,P.A. Bolzano,533050,76431,14.34,0.07
150,2021-01-15,PAB,3027,1119,1908,560,870,336,1261,0,0,3027,0,ITH,ITH1,4,Provincia Autonoma Bolzano / Bozen,P.A. Bolzano,533050,79458,14.91,0.57
151,2021-01-09,PAB,600,317,283,75,439,74,12,0,0,600,0,ITH,ITH1,4,Provincia Autonoma Bolzano / Bozen,P.A. Bolzano,533050,80058,15.02,0.11
152,2020-12-27,PAB,143,65,78,136,6,0,1,0,0,143,0,ITH,ITH1,4,Provincia Autonoma Bolzano / Bozen,P.A. Bolzano,533050,80201,15.05,0.03
153,2021-01-16,PAB,2749,1229,1520,450,360,77,1861,0,1,2749,0,ITH,ITH1,4,Provincia Autonoma Bolzano / Bozen,P.A. Bolzano,533050,82950,15.56,0.52
154,2021-01-24,PAB,12,10,2,1,11,0,0,0,0,0,12,ITH,ITH1,4,Provincia Autonoma Bolzano / Bozen,P.A. Bolzano,533050,82962,15.56,0.0
155,2021-02-17,PAB,4,1,3,1,2,0,1,0,0,2,2,ITH,ITH1,4,Provincia Autonoma Bolzano / Bozen,P.A. Bolzano,533050,82966,15.56,0.0
156,2021-02-23,PAB,763,320,443,0,58,0,621,0,84,758,5,ITH,ITH1,4,Provincia Autonoma Bolzano / Bozen,P.A. Bolzano,533050,83729,15.71,0.14
157,2021-02-15,PAB,72,42,30,17,10,40,5,0,0,26,46,ITH,ITH1,4,Provincia Autonoma Bolzano / Bozen,P.A. Bolzano,533050,83801,15.72,0.01
158,2021-01-01,PAB,1,1,0,1,0,0,0,0,0,1,0,ITH,ITH1,4,Provincia Autonoma Bolzano / Bozen,P.A. Bolzano,533050,83802,15.72,0.0
159,2021-03-08,PAB,1187,517,670,23,285,164,712,0,3,1162,25,ITH,ITH1,4,Provincia Autonoma Bolzano / Bozen,P.A. Bolzano,533050,84989,15.94,0.22
160,2021-02-06,BAS,902,367,535,546,187,168,0,0,1,146,756,ITF,ITF5,17,Basilicata,Basilicata,559084,902,0.16,0.16
161,2021-02-13,BAS,799,313,486,279,204,115,199,2,0,738,61,ITF,ITF5,17,Basilicata,Basilicata,559084,1701,0.3,0.14
162,2021-01-24,BAS,834,299,535,706,127,1,0,0,0,58,776,ITF,ITF5,17,Basilicata,Basilicata,559084,2535,0.45,0.15
163,2021-03-02,BAS,792,381,411,110,78,5,185,201,213,657,135,ITF,ITF5,17,Basilicata,Basilicata,559084,3327,0.6,0.14
164,2021-01-14,BAS,969,413,556,504,142,323,0,0,0,969,0,ITF,ITF5,17,Basilicata,Basilicata,559084,4296,0.77,0.17
165,2021-03-07,BAS,882,308,574,39,18,4,328,22,471,844,38,ITF,ITF5,17,Basilicata,Basilicata,559084,5178,0.93,0.16
166,2021-02-11,BAS,951,401,550,200,169,107,471,4,0,868,83,ITF,ITF5,17,Basilicata,Basilicata,559084,6129,1.1,0.17
167,2021-01-18,BAS,463,157,306,364,54,45,0,0,0,364,99,ITF,ITF5,17,Basilicata,Basilicata,559084,6592,1.18,0.08
168,2021-03-10,BAS,1650,814,836,101,110,33,877,256,273,811,839,ITF,ITF5,17,Basilicata,Basilicata,559084,8242,1.47,0.3
169,2021-01-26,BAS,793,350,443,622,136,35,0,0,0,101,692,ITF,ITF5,17,Basilicata,Basilicata,559084,9035,1.62,0.14
170,2021-02-16,BAS,905,377,528,250,95,67,492,1,0,807,98,ITF,ITF5,17,Basilicata,Basilicata,559084,9940,1.78,0.16
171,2021-02-27,BAS,1982,854,1128,103,184,21,1674,0,0,1818,164,ITF,ITF5,17,Basilicata,Basilicata,559084,11922,2.13,0.35
172,2021-01-06,BAS,294,129,165,229,29,36,0,0,0,294,0,ITF,ITF5,17,Basilicata,Basilicata,559084,12216,2.19,0.05
173,2021-03-01,BAS,540,279,261,121,129,4,168,68,50,376,164,ITF,ITF5,17,Basilicata,Basilicata,559084,12756,2.28,0.1
174,2021-02-17,BAS,1135,493,642,123,69,57,884,1,1,1059,76,ITF,ITF5,17,Basilicata,Basilicata,559084,13891,2.48,0.2
175,2021-02-04,BAS,1092,440,652,636,175,281,0,0,0,63,1029,ITF,ITF5,17,Basilicata,Basilicata,559084,14983,2.68,0.2
176,2021-02-15,BAS,621,232,389,191,137,46,246,1,0,580,41,ITF,ITF5,17,Basilicata,Basilicata,559084,15604,2.79,0.11
177,2021-03-13,BAS,1794,888,906,82,358,46,864,231,213,749,1045,ITF,ITF5,17,Basilicata,Basilicata,559084,17398,3.11,0.32
178,2021-03-04,BAS,1872,889,983,217,243,66,842,263,241,1079,793,ITF,ITF5,17,Basilicata,Basilicata,559084,19270,3.45,0.33
179,2021-02-14,BAS,151,48,103,55,13,65,18,0,0,151,0,ITF,ITF5,17,Basilicata,Basilicata,559084,19421,3.47,0.03
180,2021-02-20,BAS,1139,523,616,75,182,80,802,0,0,1022,117,ITF,ITF5,17,Basilicata,Basilicata,559084,20560,3.68,0.2
181,2021-01-08,BAS,554,219,335,383,112,59,0,0,0,554,0,ITF,ITF5,17,Basilicata,Basilicata,559084,21114,3.78,0.1
182,2021-02-19,BAS,1622,737,885,219,375,66,962,0,0,1560,62,ITF,ITF5,17,Basilicata,Basilicata,559084,22736,4.07,0.29
183,2021-01-12,BAS,217,88,129,87,31,99,0,0,0,217,0,ITF,ITF5,17,Basilicata,Basilicata,559084,22953,4.11,0.04
184,2021-03-15,BAS,2324,973,1351,78,45,0,1912,23,266,518,1806,ITF,ITF5,17,Basilicata,Basilicata,559084,25277,4.52,0.42
185,2021-01-31,BAS,77,24,53,75,2,0,0,0,0,0,77,ITF,ITF5,17,Basilicata,Basilicata,559084,25354,4.53,0.01
186,2021-03-08,BAS,1450,707,743,221,252,38,410,256,273,840,610,ITF,ITF5,17,Basilicata,Basilicata,559084,26804,4.79,0.26
187,2021-02-10,BAS,547,237,310,176,153,127,90,0,1,495,52,ITF,ITF5,17,Basilicata,Basilicata,559084,27351,4.89,0.1
188,2021-01-23,BAS,707,299,408,592,114,1,0,0,0,33,674,ITF,ITF5,17,Basilicata,Basilicata,559084,28058,5.02,0.13
189,2021-01-03,BAS,900,344,556,790,108,0,0,0,2,900,0,ITF,ITF5,17,Basilicata,Basilicata,559084,28958,5.18,0.16
190,2021-01-30,BAS,703,226,477,424,153,126,0,0,0,127,576,ITF,ITF5,17,Basilicata,Basilicata,559084,29661,5.31,0.13
191,2021-02-03,BAS,666,300,366,425,69,172,0,0,0,32,634,ITF,ITF5,17,Basilicata,Basilicata,559084,30327,5.42,0.12
192,2021-01-29,BAS,612,228,384,397,145,70,0,0,0,63,549,ITF,ITF5,17,Basilicata,Basilicata,559084,30939,5.53,0.11
193,2021-02-24,BAS,1803,743,1060,85,29,2,1686,1,0,1734,69,ITF,ITF5,17,Basilicata,Basilicata,559084,32742,5.86,0.32
194,2021-01-21,BAS,30,10,20,0,30,0,0,0,0,30,0,ITF,ITF5,17,Basilicata,Basilicata,559084,32772,5.86,0.01
195,2021-03-05,BAS,1849,855,994,298,227,72,689,254,309,1104,745,ITF,ITF5,17,Basilicata,Basilicata,559084,34621,6.19,0.33
196,2021-02-26,BAS,2143,902,1241,88,105,1,1949,0,0,2064,79,ITF,ITF5,17,Basilicata,Basilicata,559084,36764,6.58,0.38
197,2021-01-25,BAS,1020,427,593,828,191,1,0,0,0,74,946,ITF,ITF5,17,Basilicata,Basilicata,559084,37784,6.76,0.18
198,2021-02-05,BAS,983,443,540,611,181,191,0,0,0,64,919,ITF,ITF5,17,Basilicata,Basilicata,559084,38767,6.93,0.18
199,2021-01-13,BAS,916,387,529,699,68,148,0,0,1,916,0,ITF,ITF5,17,Basilicata,Basilicata,559084,39683,7.1,0.16
200,2021-02-07,BAS,373,159,214,259,74,40,0,0,0,49,324,ITF,ITF5,17,Basilicata,Basilicata,559084,40056,7.16,0.07
201,2021-01-17,BAS,328,133,195,233,41,54,0,0,0,327,1,ITF,ITF5,17,Basilicata,Basilicata,559084,40384,7.22,0.06
202,2021-01-07,BAS,640,319,321,556,55,29,0,0,0,640,0,ITF,ITF5,17,Basilicata,Basilicata,559084,41024,7.34,0.11
203,2021-02-23,BAS,1901,771,1130,159,49,35,1658,0,0,1763,138,ITF,ITF5,17,Basilicata,Basilicata,559084,42925,7.68,0.34
204,2021-03-19,BAS,1077,480,597,38,82,0,950,6,1,30,1047,ITF,ITF5,17,Basilicata,Basilicata,559084,44002,7.87,0.19
205,2021-01-05,BAS,945,409,536,861,84,0,0,0,0,945,0,ITF,ITF5,17,Basilicata,Basilicata,559084,44947,8.04,0.17
206,2021-01-20,BAS,84,22,62,0,84,0,0,0,0,84,0,ITF,ITF5,17,Basilicata,Basilicata,559084,45031,8.05,0.02
207,2021-01-27,BAS,410,174,236,299,85,26,0,0,0,113,297,ITF,ITF5,17,Basilicata,Basilicata,559084,45441,8.13,0.07
208,2021-03-09,BAS,1391,706,685,222,95,33,545,258,238,787,604,ITF,ITF5,17,Basilicata,Basilicata,559084,46832,8.38,0.25
209,2021-01-15,BAS,813,350,463,578,61,174,0,0,0,813,0,ITF,ITF5,17,Basilicata,Basilicata,559084,47645,8.52,0.15
210,2021-03-11,BAS,1783,919,864,163,162,77,905,253,223,824,959,ITF,ITF5,17,Basilicata,Basilicata,559084,49428,8.84,0.32
211,2021-01-11,BAS,183,66,117,107,35,41,0,0,0,183,0,ITF,ITF5,17,Basilicata,Basilicata,559084,49611,8.87,0.03
212,2021-01-28,BAS,903,401,502,717,104,81,1,0,0,119,784,ITF,ITF5,17,Basilicata,Basilicata,559084,50514,9.04,0.16
213,2021-01-02,BAS,949,380,569,855,91,0,0,0,3,949,0,ITF,ITF5,17,Basilicata,Basilicata,559084,51463,9.2,0.17
214,2021-02-12,BAS,775,332,443,288,201,90,190,6,0,744,31,ITF,ITF5,17,Basilicata,Basilicata,559084,52238,9.34,0.14
215,2021-03-14,BAS,1008,477,531,41,123,8,516,71,249,539,469,ITF,ITF5,17,Basilicata,Basilicata,559084,53246,9.52,0.18
216,2020-12-27,BAS,106,41,65,104,2,0,0,0,0,106,0,ITF,ITF5,17,Basilicata,Basilicata,559084,53352,9.54,0.02
217,2021-01-04,BAS,607,271,336,550,55,0,0,0,2,607,0,ITF,ITF5,17,Basilicata,Basilicata,559084,53959,9.65,0.11
218,2021-03-17,BAS,1448,606,842,22,29,0,1390,5,2,27,1421,ITF,ITF5,17,Basilicata,Basilicata,559084,55407,9.91,0.26
219,2021-02-01,BAS,242,91,151,156,38,48,0,0,0,46,196,ITF,ITF5,17,Basilicata,Basilicata,559084,55649,9.95,0.04
220,2021-03-12,BAS,1896,975,921,266,109,37,985,241,258,798,1098,ITF,ITF5,17,Basilicata,Basilicata,559084,57545,10.29,0.34
221,2021-01-19,BAS,199,84,115,78,77,44,0,0,0,199,0,ITF,ITF5,17,Basilicata,Basilicata,559084,57744,10.33,0.04
222,2021-01-16,BAS,721,304,417,466,92,161,0,0,2,721,0,ITF,ITF5,17,Basilicata,Basilicata,559084,58465,10.46,0.13
223,2021-03-18,BAS,1318,554,764,30,10,0,1278,0,0,22,1296,ITF,ITF5,17,Basilicata,Basilicata,559084,59783,10.69,0.24
224,2021-02-25,BAS,1786,735,1051,67,14,0,1704,1,0,1740,46,ITF,ITF5,17,Basilicata,Basilicata,559084,61569,11.01,0.32
225,2021-02-21,BAS,284,113,171,16,2,11,254,0,1,284,0,ITF,ITF5,17,Basilicata,Basilicata,559084,61853,11.06,0.05
226,2021-02-28,BAS,799,341,458,32,30,0,737,0,0,771,28,ITF,ITF5,17,Basilicata,Basilicata,559084,62652,11.21,0.14
227,2021-02-22,BAS,1790,772,1018,125,86,2,1577,0,0,1737,53,ITF,ITF5,17,Basilicata,Basilicata,559084,64442,11.53,0.32
228,2021-03-03,BAS,1739,813,926,191,413,99,589,203,244,1183,556,ITF,ITF5,17,Basilicata,Basilicata,559084,66181,11.84,0.31
229,2021-03-06,BAS,1350,534,816,296,170,57,383,185,259,756,594,ITF,ITF5,17,Basilicata,Basilicata,559084,67531,12.08,0.24
230,2021-01-22,BAS,67,24,43,6,60,0,1,0,0,67,0,ITF,ITF5,17,Basilicata,Basilicata,559084,67598,12.09,0.01
231,2021-02-09,BAS,491,213,278,200,237,54,0,0,0,316,175,ITF,ITF5,17,Basilicata,Basilicata,559084,68089,12.18,0.09
232,2021-03-16,BAS,1899,799,1100,103,58,0,1671,5,62,228,1671,ITF,ITF5,17,Basilicata,Basilicata,559084,69988,12.52,0.34
233,2021-01-09,BAS,557,160,397,386,103,67,0,0,1,557,0,ITF,ITF5,17,Basilicata,Basilicata,559084,70545,12.62,0.1
234,2021-02-08,BAS,557,193,364,436,72,49,0,0,0,151,406,ITF,ITF5,17,Basilicata,Basilicata,559084,71102,12.72,0.1
235,2021-01-10,BAS,77,24,53,9,68,0,0,0,0,77,0,ITF,ITF5,17,Basilicata,Basilicata,559084,71179,12.73,0.01
236,2021-02-18,BAS,1070,401,669,270,74,150,576,0,0,855,215,ITF,ITF5,17,Basilicata,Basilicata,559084,72249,12.92,0.19
237,2021-02-02,BAS,366,142,224,212,51,102,1,0,0,176,190,ITF,ITF5,17,Basilicata,Basilicata,559084,72615,12.99,0.07
238,2021-01-20,CAL,1395,622,773,864,352,179,0,0,0,1394,1,ITF,ITF6,18,Calabria,Calabria,1947131,1395,0.07,0.07
239,2021-03-11,CAL,6874,3275,3599,934,2062,570,2379,329,600,5618,1256,ITF,ITF6,18,Calabria,Calabria,1947131,8269,0.42,0.35
240,2021-01-06,CAL,926,500,426,822,104,0,0,0,0,926,0,ITF,ITF6,18,Calabria,Calabria,1947131,9195,0.47,0.05
241,2021-03-01,CAL,2688,1533,1155,399,422,257,971,636,3,2238,450,ITF,ITF6,18,Calabria,Calabria,1947131,11883,0.61,0.14
242,2021-02-15,CAL,1137,538,599,499,412,159,66,0,1,989,148,ITF,ITF6,18,Calabria,Calabria,1947131,13020,0.67,0.06
243,2021-02-03,CAL,2763,1428,1335,2170,490,103,0,0,0,583,2180,ITF,ITF6,18,Calabria,Calabria,1947131,15783,0.81,0.14
244,2021-01-13,CAL,2028,1022,1006,1800,194,34,0,0,0,2028,0,ITF,ITF6,18,Calabria,Calabria,1947131,17811,0.91,0.1
245,2021-01-30,CAL,2173,1147,1026,1974,199,0,0,0,0,358,1815,ITF,ITF6,18,Calabria,Calabria,1947131,19984,1.03,0.11
246,2021-01-12,CAL,2058,1017,1041,1706,323,29,0,0,0,2058,0,ITF,ITF6,18,Calabria,Calabria,1947131,22042,1.13,0.11
247,2021-03-03,CAL,4865,2651,2214,631,1157,917,1367,789,4,3802,1063,ITF,ITF6,18,Calabria,Calabria,1947131,26907,1.38,0.25
248,2021-02-04,CAL,3391,1623,1768,2560,609,222,0,0,0,644,2747,ITF,ITF6,18,Calabria,Calabria,1947131,30298,1.56,0.17
249,2021-02-06,CAL,2909,1337,1572,2095,567,247,0,0,0,442,2467,ITF,ITF6,18,Calabria,Calabria,1947131,33207,1.71,0.15
250,2021-02-17,CAL,1681,672,1009,673,343,285,299,0,81,1471,210,ITF,ITF6,18,Calabria,Calabria,1947131,34888,1.79,0.09
251,2021-02-07,CAL,859,428,431,566,212,81,0,0,0,147,712,ITF,ITF6,18,Calabria,Calabria,1947131,35747,1.84,0.04
252,2021-03-13,CAL,6653,2933,3720,425,1376,338,3764,65,685,5679,974,ITF,ITF6,18,Calabria,Calabria,1947131,42400,2.18,0.34
253,2021-01-19,CAL,1109,488,621,853,180,76,0,0,0,1098,11,ITF,ITF6,18,Calabria,Calabria,1947131,43509,2.23,0.06
254,2021-01-23,CAL,400,186,214,325,52,23,0,0,0,358,42,ITF,ITF6,18,Calabria,Calabria,1947131,43909,2.26,0.02
255,2021-01-10,CAL,929,524,405,830,99,0,0,0,0,929,0,ITF,ITF6,18,Calabria,Calabria,1947131,44838,2.3,0.05
256,2021-02-10,CAL,2463,1074,1389,1469,637,357,0,0,0,839,1624,ITF,ITF6,18,Calabria,Calabria,1947131,47301,2.43,0.13
257,2021-02-14,CAL,371,145,226,146,142,83,0,0,0,341,30,ITF,ITF6,18,Calabria,Calabria,1947131,47672,2.45,0.02
258,2021-01-08,CAL,2109,1014,1095,1898,211,0,0,0,0,2109,0,ITF,ITF6,18,Calabria,Calabria,1947131,49781,2.56,0.11
259,2021-01-26,CAL,1805,861,944,1571,164,70,0,0,0,285,1520,ITF,ITF6,18,Calabria,Calabria,1947131,51586,2.65,0.09
260,2021-01-03,CAL,6,3,3,4,2,0,0,0,0,6,0,ITF,ITF6,18,Calabria,Calabria,1947131,51592,2.65,0.0
261,2021-03-18,CAL,4240,1978,2262,359,1365,232,2195,44,45,2271,1969,ITF,ITF6,18,Calabria,Calabria,1947131,55832,2.87,0.22
262,2021-03-19,CAL,1332,644,688,125,252,37,916,1,1,416,916,ITF,ITF6,18,Calabria,Calabria,1947131,57164,2.94,0.07
263,2021-02-08,CAL,1847,733,1114,1214,512,121,0,0,0,661,1186,ITF,ITF6,18,Calabria,Calabria,1947131,59011,3.03,0.09
264,2021-01-05,CAL,1350,618,732,1256,94,0,0,0,0,1350,0,ITF,ITF6,18,Calabria,Calabria,1947131,60361,3.1,0.07
265,2021-01-16,CAL,2394,1120,1274,1664,489,241,0,0,0,2394,0,ITF,ITF6,18,Calabria,Calabria,1947131,62755,3.22,0.12
266,2021-01-02,CAL,165,94,71,165,0,0,0,0,0,165,0,ITF,ITF6,18,Calabria,Calabria,1947131,62920,3.23,0.01
267,2021-03-16,CAL,3766,1847,1919,459,1121,22,2076,58,30,2171,1595,ITF,ITF6,18,Calabria,Calabria,1947131,66686,3.42,0.19
268,2021-03-08,CAL,5312,2815,2497,707,1813,453,1514,822,3,4254,1058,ITF,ITF6,18,Calabria,Calabria,1947131,71998,3.7,0.27
269,2020-12-27,CAL,275,150,125,274,1,0,0,0,0,275,0,ITF,ITF6,18,Calabria,Calabria,1947131,72273,3.71,0.01
270,2021-02-24,CAL,1843,940,903,658,366,115,653,47,4,1368,475,ITF,ITF6,18,Calabria,Calabria,1947131,74116,3.81,0.09
271,2021-01-29,CAL,2048,984,1064,1752,247,49,0,0,0,234,1814,ITF,ITF6,18,Calabria,Calabria,1947131,76164,3.91,0.11
272,2021-01-22,CAL,656,274,382,298,248,110,0,0,0,654,2,ITF,ITF6,18,Calabria,Calabria,1947131,76820,3.95,0.03
273,2021-01-27,CAL,1457,734,723,1226,208,23,0,0,0,396,1061,ITF,ITF6,18,Calabria,Calabria,1947131,78277,4.02,0.07
274,2021-03-05,CAL,6145,3540,2605,695,1589,710,1854,1292,5,5570,575,ITF,ITF6,18,Calabria,Calabria,1947131,84422,4.34,0.32
275,2021-02-28,CAL,2167,983,1184,113,152,190,1706,6,0,2016,151,ITF,ITF6,18,Calabria,Calabria,1947131,86589,4.45,0.11
276,2021-01-21,CAL,958,444,514,735,108,115,0,0,0,929,29,ITF,ITF6,18,Calabria,Calabria,1947131,87547,4.5,0.05
277,2021-03-14,CAL,2542,1018,1524,322,376,312,802,9,721,2142,400,ITF,ITF6,18,Calabria,Calabria,1947131,90089,4.63,0.13
278,2021-01-24,CAL,44,18,26,15,3,26,0,0,0,39,5,ITF,ITF6,18,Calabria,Calabria,1947131,90133,4.63,0.0
279,2021-02-25,CAL,2821,1519,1302,736,636,234,863,348,4,2242,579,ITF,ITF6,18,Calabria,Calabria,1947131,92954,4.77,0.14
280,2021-03-07,CAL,3131,1561,1570,105,655,348,1674,347,2,3042,89,ITF,ITF6,18,Calabria,Calabria,1947131,96085,4.93,0.16
281,2021-02-11,CAL,2341,1043,1298,1464,636,241,0,0,0,1081,1260,ITF,ITF6,18,Calabria,Calabria,1947131,98426,5.05,0.12
282,2021-01-04,CAL,996,492,504,969,27,0,0,0,0,996,0,ITF,ITF6,18,Calabria,Calabria,1947131,99422,5.11,0.05
283,2021-02-02,CAL,2289,1112,1177,1863,351,75,0,0,0,177,2112,ITF,ITF6,18,Calabria,Calabria,1947131,101711,5.22,0.12
284,2021-03-02,CAL,4131,2390,1741,705,735,427,1390,872,2,3422,709,ITF,ITF6,18,Calabria,Calabria,1947131,105842,5.44,0.21
285,2021-03-04,CAL,5381,3104,2277,646,1413,731,1540,1049,2,4585,796,ITF,ITF6,18,Calabria,Calabria,1947131,111223,5.71,0.28
286,2021-01-31,CAL,1107,554,553,764,285,58,0,0,0,155,952,ITF,ITF6,18,Calabria,Calabria,1947131,112330,5.77,0.06
287,2021-02-12,CAL,1711,669,1042,815,760,136,0,0,0,943,768,ITF,ITF6,18,Calabria,Calabria,1947131,114041,5.86,0.09
288,2021-03-15,CAL,3441,1648,1793,542,921,136,1093,163,586,2016,1425,ITF,ITF6,18,Calabria,Calabria,1947131,117482,6.03,0.18
289,2021-01-14,CAL,2557,1214,1343,1962,592,3,0,0,0,2557,0,ITF,ITF6,18,Calabria,Calabria,1947131,120039,6.16,0.13
290,2021-02-13,CAL,1331,583,748,731,488,111,1,0,0,968,363,ITF,ITF6,18,Calabria,Calabria,1947131,121370,6.23,0.07
291,2021-02-18,CAL,1799,802,997,585,509,299,345,0,61,1576,223,ITF,ITF6,18,Calabria,Calabria,1947131,123169,6.33,0.09
292,2021-01-25,CAL,1064,512,552,1021,43,0,0,0,0,156,908,ITF,ITF6,18,Calabria,Calabria,1947131,124233,6.38,0.05
293,2021-02-19,CAL,1461,652,809,544,341,195,380,1,0,1200,261,ITF,ITF6,18,Calabria,Calabria,1947131,125694,6.46,0.08
294,2021-03-12,CAL,5092,2438,2654,468,1326,217,1963,333,785,4049,1043,ITF,ITF6,18,Calabria,Calabria,1947131,130786,6.72,0.26
295,2021-03-09,CAL,5820,3031,2789,803,1939,419,1768,873,18,4843,977,ITF,ITF6,18,Calabria,Calabria,1947131,136606,7.02,0.3
296,2021-03-10,CAL,6441,3278,3163,742,2351,586,2021,677,64,5250,1191,ITF,ITF6,18,Calabria,Calabria,1947131,143047,7.35,0.33
297,2021-01-11,CAL,2154,1040,1114,1759,392,3,0,0,0,2154,0,ITF,ITF6,18,Calabria,Calabria,1947131,145201,7.46,0.11
298,2021-02-20,CAL,1358,735,623,438,411,55,433,19,2,1043,315,ITF,ITF6,18,Calabria,Calabria,1947131,146559,7.53,0.07
299,2021-02-01,CAL,2497,1192,1305,2044,410,43,0,0,0,248,2249,ITF,ITF6,18,Calabria,Calabria,1947131,149056,7.66,0.13
300,2021-02-21,CAL,607,286,321,36,164,47,330,30,0,530,77,ITF,ITF6,18,Calabria,Calabria,1947131,149663,7.69,0.03
301,2021-02-16,CAL,1534,643,891,659,517,240,118,0,0,1255,279,ITF,ITF6,18,Calabria,Calabria,1947131,151197,7.77,0.08
302,2021-03-17,CAL,3634,1621,2013,277,980,165,2093,26,93,1937,1697,ITF,ITF6,18,Calabria,Calabria,1947131,154831,7.95,0.19
303,2021-03-06,CAL,7945,4053,3892,701,1872,758,3795,813,6,7190,755,ITF,ITF6,18,Calabria,Calabria,1947131,162776,8.36,0.41
304,2021-01-28,CAL,2232,1107,1125,1920,312,0,0,0,0,84,2148,ITF,ITF6,18,Calabria,Calabria,1947131,165008,8.47,0.11
305,2021-01-18,CAL,1230,550,680,982,237,11,0,0,0,1040,190,ITF,ITF6,18,Calabria,Calabria,1947131,166238,8.54,0.06
306,2021-02-26,CAL,3077,1630,1447,538,688,406,1147,294,4,2610,467,ITF,ITF6,18,Calabria,Calabria,1947131,169315,8.7,0.16
307,2021-02-09,CAL,2147,904,1243,1422,494,231,0,0,0,948,1199,ITF,ITF6,18,Calabria,Calabria,1947131,171462,8.81,0.11
308,2021-01-09,CAL,1916,1036,880,1529,387,0,0,0,0,1916,0,ITF,ITF6,18,Calabria,Calabria,1947131,173378,8.9,0.1
309,2021-02-05,CAL,3795,1709,2086,2327,914,554,0,0,0,488,3307,ITF,ITF6,18,Calabria,Calabria,1947131,177173,9.1,0.19
310,2021-01-17,CAL,867,418,449,527,292,48,0,0,0,801,66,ITF,ITF6,18,Calabria,Calabria,1947131,178040,9.14,0.04
311,2021-02-27,CAL,3679,1913,1766,421,588,395,1971,302,2,3301,378,ITF,ITF6,18,Calabria,Calabria,1947131,181719,9.33,0.19
312,2020-12-28,CAL,6,2,4,6,0,0,0,0,0,6,0,ITF,ITF6,18,Calabria,Calabria,1947131,181725,9.33,0.0
313,2021-01-07,CAL,2180,1061,1119,1883,297,0,0,0,0,2180,0,ITF,ITF6,18,Calabria,Calabria,1947131,183905,9.44,0.11
314,2021-02-23,CAL,1549,728,821,437,381,206,522,2,1,1434,115,ITF,ITF6,18,Calabria,Calabria,1947131,185454,9.52,0.08
315,2021-02-22,CAL,1996,1013,983,727,543,166,552,3,5,1441,555,ITF,ITF6,18,Calabria,Calabria,1947131,187450,9.63,0.1
316,2021-01-15,CAL,2793,1258,1535,1690,691,412,0,0,0,2793,0,ITF,ITF6,18,Calabria,Calabria,1947131,190243,9.77,0.14
317,2021-03-11,FVG,3290,1384,1906,249,156,264,2013,104,504,1558,1732,ITH,ITH4,6,Friuli-Venezia Giulia,Friuli Venezia Giulia,1215220,3290,0.27,0.27
318,2021-01-28,FVG,2235,792,1443,1754,287,194,0,0,0,354,1881,ITH,ITH4,6,Friuli-Venezia Giulia,Friuli Venezia Giulia,1215220,5525,0.45,0.18
319,2021-03-03,FVG,3622,1617,2005,748,558,100,1320,469,427,2346,1276,ITH,ITH4,6,Friuli-Venezia Giulia,Friuli Venezia Giulia,1215220,9147,0.75,0.3
320,2020-12-27,FVG,262,149,113,259,3,0,0,0,0,262,0,ITH,ITH4,6,Friuli-Venezia Giulia,Friuli Venezia Giulia,1215220,9409,0.77,0.02
321,2021-03-06,FVG,3487,1192,2295,182,259,1,1561,19,1465,3161,326,ITH,ITH4,6,Friuli-Venezia Giulia,Friuli Venezia Giulia,1215220,12896,1.06,0.29
322,2021-02-02,FVG,2466,806,1660,1657,393,416,0,0,0,217,2249,ITH,ITH4,6,Friuli-Venezia Giulia,Friuli Venezia Giulia,1215220,15362,1.26,0.2
323,2021-01-03,FVG,312,122,190,285,26,1,0,0,0,312,0,ITH,ITH4,6,Friuli-Venezia Giulia,Friuli Venezia Giulia,1215220,15674,1.29,0.03
324,2021-02-05,FVG,2613,784,1829,1612,511,490,0,0,0,90,2523,ITH,ITH4,6,Friuli-Venezia Giulia,Friuli Venezia Giulia,1215220,18287,1.5,0.22
325,2021-01-30,FVG,2271,744,1527,1475,354,442,0,0,0,270,2001,ITH,ITH4,6,Friuli-Venezia Giulia,Friuli Venezia Giulia,1215220,20558,1.69,0.19
326,2021-02-03,FVG,2646,790,1856,1701,558,386,1,0,0,23,2623,ITH,ITH4,6,Friuli-Venezia Giulia,Friuli Venezia Giulia,1215220,23204,1.91,0.22
327,2021-01-24,FVG,305,119,186,277,27,1,0,0,0,1,304,ITH,ITH4,6,Friuli-Venezia Giulia,Friuli Venezia Giulia,1215220,23509,1.93,0.03
328,2021-01-25,FVG,1582,567,1015,1369,141,72,0,0,0,194,1388,ITH,ITH4,6,Friuli-Venezia Giulia,Friuli Venezia Giulia,1215220,25091,2.06,0.13
329,2021-01-21,FVG,894,345,549,863,31,0,0,0,0,1,893,ITH,ITH4,6,Friuli-Venezia Giulia,Friuli Venezia Giulia,1215220,25985,2.14,0.07
330,2021-03-01,FVG,2840,998,1842,82,97,164,1544,4,949,2799,41,ITH,ITH4,6,Friuli-Venezia Giulia,Friuli Venezia Giulia,1215220,28825,2.37,0.23
331,2021-01-29,FVG,2413,813,1600,1855,321,237,0,0,0,264,2149,ITH,ITH4,6,Friuli-Venezia Giulia,Friuli Venezia Giulia,1215220,31238,2.57,0.2
332,2021-02-06,FVG,1154,338,816,755,208,191,0,0,0,22,1132,ITH,ITH4,6,Friuli-Venezia Giulia,Friuli Venezia Giulia,1215220,32392,2.67,0.09
333,2021-01-22,FVG,90,30,60,89,1,0,0,0,0,0,90,ITH,ITH4,6,Friuli-Venezia Giulia,Friuli Venezia Giulia,1215220,32482,2.67,0.01
334,2021-01-10,FVG,2941,919,2022,1745,951,245,0,0,0,2941,0,ITH,ITH4,6,Friuli-Venezia Giulia,Friuli Venezia Giulia,1215220,35423,2.91,0.24
335,2021-01-13,FVG,2651,834,1817,1822,599,230,0,0,0,2651,0,ITH,ITH4,6,Friuli-Venezia Giulia,Friuli Venezia Giulia,1215220,38074,3.13,0.22
336,2021-03-16,FVG,3061,1262,1799,324,339,196,2202,0,0,1024,2037,ITH,ITH4,6,Friuli-Venezia Giulia,Friuli Venezia Giulia,1215220,41135,3.38,0.25
337,2021-02-09,FVG,1848,556,1292,1053,509,286,0,0,0,1559,289,ITH,ITH4,6,Friuli-Venezia Giulia,Friuli Venezia Giulia,1215220,42983,3.54,0.15
338,2021-01-09,FVG,2518,841,1677,1519,406,593,0,0,0,2518,0,ITH,ITH4,6,Friuli-Venezia Giulia,Friuli Venezia Giulia,1215220,45501,3.74,0.21
339,2021-02-08,FVG,2354,693,1661,1399,521,434,0,0,0,91,2263,ITH,ITH4,6,Friuli-Venezia Giulia,Friuli Venezia Giulia,1215220,47855,3.94,0.19
340,2021-02-20,FVG,2068,933,1135,11,19,148,1584,0,306,1924,144,ITH,ITH4,6,Friuli-Venezia Giulia,Friuli Venezia Giulia,1215220,49923,4.11,0.17
341,2021-01-14,FVG,2588,789,1799,1608,550,430,0,0,0,2588,0,ITH,ITH4,6,Friuli-Venezia Giulia,Friuli Venezia Giulia,1215220,52511,4.32,0.21
342,2021-02-27,FVG,3416,1175,2241,202,171,0,1521,25,1497,3416,0,ITH,ITH4,6,Friuli-Venezia Giulia,Friuli Venezia Giulia,1215220,55927,4.6,0.28
343,2021-01-02,FVG,1217,471,746,1150,67,0,0,0,0,1217,0,ITH,ITH4,6,Friuli-Venezia Giulia,Friuli Venezia Giulia,1215220,57144,4.7,0.1
344,2021-01-05,FVG,1679,550,1129,1349,133,197,0,0,0,1679,0,ITH,ITH4,6,Friuli-Venezia Giulia,Friuli Venezia Giulia,1215220,58823,4.84,0.14
345,2021-01-16,FVG,1231,360,871,771,212,248,0,0,0,1231,0,ITH,ITH4,6,Friuli-Venezia Giulia,Friuli Venezia Giulia,1215220,60054,4.94,0.1
346,2021-03-04,FVG,3397,1572,1825,357,250,88,1811,490,401,2764,633,ITH,ITH4,6,Friuli-Venezia Giulia,Friuli Venezia Giulia,1215220,63451,5.22,0.28
347,2021-01-07,FVG,2091,718,1373,1759,222,110,0,0,0,2091,0,ITH,ITH4,6,Friuli-Venezia Giulia,Friuli Venezia Giulia,1215220,65542,5.39,0.17
348,2021-01-08,FVG,2322,747,1575,1680,246,396,0,0,0,2322,0,ITH,ITH4,6,Friuli-Venezia Giulia,Friuli Venezia Giulia,1215220,67864,5.58,0.19
349,2021-03-12,FVG,3879,1527,2352,173,150,27,2840,100,589,2499,1380,ITH,ITH4,6,Friuli-Venezia Giulia,Friuli Venezia Giulia,1215220,71743,5.9,0.32
350,2021-01-27,FVG,1269,425,844,849,356,64,0,0,0,447,822,ITH,ITH4,6,Friuli-Venezia Giulia,Friuli Venezia Giulia,1215220,73012,6.01,0.1
351,2021-01-18,FVG,1960,607,1353,1358,492,110,0,0,0,1866,94,ITH,ITH4,6,Friuli-Venezia Giulia,Friuli Venezia Giulia,1215220,74972,6.17,0.16
352,2021-03-08,FVG,3873,1528,2345,684,538,7,2169,39,436,1816,2057,ITH,ITH4,6,Friuli-Venezia Giulia,Friuli Venezia Giulia,1215220,78845,6.49,0.32
353,2021-02-12,FVG,1200,428,772,674,395,128,2,0,1,1150,50,ITH,ITH4,6,Friuli-Venezia Giulia,Friuli Venezia Giulia,1215220,80045,6.59,0.1
354,2021-01-20,FVG,750,323,427,719,31,0,0,0,0,12,738,ITH,ITH4,6,Friuli-Venezia Giulia,Friuli Venezia Giulia,1215220,80795,6.65,0.06
355,2021-02-04,FVG,2731,807,1924,1723,543,465,0,0,0,36,2695,ITH,ITH4,6,Friuli-Venezia Giulia,Friuli Venezia Giulia,1215220,83526,6.87,0.22
356,2021-01-06,FVG,709,264,445,514,195,0,0,0,0,709,0,ITH,ITH4,6,Friuli-Venezia Giulia,Friuli Venezia Giulia,1215220,84235,6.93,0.06
357,2021-02-18,FVG,3210,1488,1722,229,138,331,1500,34,978,2804,406,ITH,ITH4,6,Friuli-Venezia Giulia,Friuli Venezia Giulia,1215220,87445,7.2,0.26
358,2021-02-19,FVG,3250,1289,1961,566,323,312,1588,35,426,2821,429,ITH,ITH4,6,Friuli-Venezia Giulia,Friuli Venezia Giulia,1215220,90695,7.46,0.27
359,2021-02-01,FVG,2093,687,1406,1587,371,135,0,0,0,14,2079,ITH,ITH4,6,Friuli-Venezia Giulia,Friuli Venezia Giulia,1215220,92788,7.64,0.17
360,2021-02-13,FVG,562,175,387,334,228,0,0,0,0,556,6,ITH,ITH4,6,Friuli-Venezia Giulia,Friuli Venezia Giulia,1215220,93350,7.68,0.05
361,2021-03-15,FVG,3694,1612,2082,326,328,152,2420,234,234,1398,2296,ITH,ITH4,6,Friuli-Venezia Giulia,Friuli Venezia Giulia,1215220,97044,7.99,0.3
362,2021-02-22,FVG,2492,1196,1296,431,326,115,1369,246,5,2074,418,ITH,ITH4,6,Friuli-Venezia Giulia,Friuli Venezia Giulia,1215220,99536,8.19,0.21
363,2021-02-28,FVG,2668,988,1680,234,163,0,405,378,1488,2273,395,ITH,ITH4,6,Friuli-Venezia Giulia,Friuli Venezia Giulia,1215220,102204,8.41,0.22
364,2021-01-04,FVG,1510,559,951,1392,118,0,0,0,0,1510,0,ITH,ITH4,6,Friuli-Venezia Giulia,Friuli Venezia Giulia,1215220,103714,8.53,0.12
365,2020-12-31,FVG,1053,384,669,1011,42,0,0,0,0,1053,0,ITH,ITH4,6,Friuli-Venezia Giulia,Friuli Venezia Giulia,1215220,104767,8.62,0.09
366,2021-02-25,FVG,3067,1603,1464,21,127,189,1556,433,741,3042,25,ITH,ITH4,6,Friuli-Venezia Giulia,Friuli Venezia Giulia,1215220,107834,8.87,0.25
367,2021-02-21,FVG,800,281,519,213,177,25,383,1,1,423,377,ITH,ITH4,6,Friuli-Venezia Giulia,Friuli Venezia Giulia,1215220,108634,8.94,0.07
368,2020-12-30,FVG,630,246,384,601,29,0,0,0,0,630,0,ITH,ITH4,6,Friuli-Venezia Giulia,Friuli Venezia Giulia,1215220,109264,8.99,0.05
369,2021-02-07,FVG,1561,483,1078,866,693,2,0,0,0,386,1175,ITH,ITH4,6,Friuli-Venezia Giulia,Friuli Venezia Giulia,1215220,110825,9.12,0.13
370,2021-01-19,FVG,7,2,5,5,0,2,0,0,0,7,0,ITH,ITH4,6,Friuli-Venezia Giulia,Friuli Venezia Giulia,1215220,110832,9.12,0.0
371,2021-01-12,FVG,2258,712,1546,1527,370,361,0,0,0,2258,0,ITH,ITH4,6,Friuli-Venezia Giulia,Friuli Venezia Giulia,1215220,113090,9.31,0.19
372,2021-03-09,FVG,3860,1590,2270,656,522,196,2002,60,424,1108,2752,ITH,ITH4,6,Friuli-Venezia Giulia,Friuli Venezia Giulia,1215220,116950,9.62,0.32
373,2021-01-31,FVG,2713,836,1877,1692,1003,18,0,0,0,385,2328,ITH,ITH4,6,Friuli-Venezia Giulia,Friuli Venezia Giulia,1215220,119663,9.85,0.22
374,2021-03-17,FVG,3078,1225,1853,421,301,111,2240,3,2,595,2483,ITH,ITH4,6,Friuli-Venezia Giulia,Friuli Venezia Giulia,1215220,122741,10.1,0.25
375,2021-02-10,FVG,1352,496,856,745,487,119,0,0,1,1266,86,ITH,ITH4,6,Friuli-Venezia Giulia,Friuli Venezia Giulia,1215220,124093,10.21,0.11
376,2021-01-26,FVG,1972,647,1325,1439,152,381,0,0,0,214,1758,ITH,ITH4,6,Friuli-Venezia Giulia,Friuli Venezia Giulia,1215220,126065,10.37,0.16
377,2021-03-19,FVG,1911,838,1073,45,31,140,1668,0,27,705,1206,ITH,ITH4,6,Friuli-Venezia Giulia,Friuli Venezia Giulia,1215220,127976,10.53,0.16
378,2021-03-10,FVG,3322,1491,1831,297,364,185,1972,309,195,1532,1790,ITH,ITH4,6,Friuli-Venezia Giulia,Friuli Venezia Giulia,1215220,131298,10.8,0.27
379,2021-03-14,FVG,1361,538,823,0,8,0,243,332,778,1112,249,ITH,ITH4,6,Friuli-Venezia Giulia,Friuli Venezia Giulia,1215220,132659,10.92,0.11
380,2021-02-11,FVG,1930,663,1267,1134,568,224,3,1,0,1737,193,ITH,ITH4,6,Friuli-Venezia Giulia,Friuli Venezia Giulia,1215220,134589,11.08,0.16
381,2021-02-24,FVG,2517,1082,1435,23,53,310,1834,0,297,2499,18,ITH,ITH4,6,Friuli-Venezia Giulia,Friuli Venezia Giulia,1215220,137106,11.28,0.21
382,2021-02-17,FVG,2350,997,1353,327,193,229,1555,46,0,1872,478,ITH,ITH4,6,Friuli-Venezia Giulia,Friuli Venezia Giulia,1215220,139456,11.48,0.19
383,2021-03-02,FVG,4215,1516,2699,1164,675,202,1535,5,634,2712,1503,ITH,ITH4,6,Friuli-Venezia Giulia,Friuli Venezia Giulia,1215220,143671,11.82,0.35
384,2021-03-07,FVG,2535,925,1610,1,158,0,143,452,1781,2534,1,ITH,ITH4,6,Friuli-Venezia Giulia,Friuli Venezia Giulia,1215220,146206,12.03,0.21
385,2021-02-16,FVG,2516,1135,1381,260,275,221,1760,0,0,2400,116,ITH,ITH4,6,Friuli-Venezia Giulia,Friuli Venezia Giulia,1215220,148722,12.24,0.21
386,2021-01-23,FVG,816,324,492,768,48,0,0,0,0,4,812,ITH,ITH4,6,Friuli-Venezia Giulia,Friuli Venezia Giulia,1215220,149538,12.31,0.07
387,2021-01-17,FVG,1720,524,1196,674,560,486,0,0,0,1720,0,ITH,ITH4,6,Friuli-Venezia Giulia,Friuli Venezia Giulia,1215220,151258,12.45,0.14
388,2021-02-23,FVG,2615,1252,1363,105,106,206,1943,254,1,2437,178,ITH,ITH4,6,Friuli-Venezia Giulia,Friuli Venezia Giulia,1215220,153873,12.66,0.22
389,2021-02-26,FVG,3736,2092,1644,75,140,451,1739,1032,299,3590,146,ITH,ITH4,6,Friuli-Venezia Giulia,Friuli Venezia Giulia,1215220,157609,12.97,0.31
390,2021-03-18,FVG,3051,1303,1748,52,220,36,2742,0,1,1557,1494,ITH,ITH4,6,Friuli-Venezia Giulia,Friuli Venezia Giulia,1215220,160660,13.22,0.25
391,2021-03-05,FVG,3617,1426,2191,1043,686,33,1668,43,144,2583,1034,ITH,ITH4,6,Friuli-Venezia Giulia,Friuli Venezia Giulia,1215220,164277,13.52,0.3
392,2021-03-13,FVG,2927,1117,1810,10,15,86,2056,37,723,1656,1271,ITH,ITH4,6,Friuli-Venezia Giulia,Friuli Venezia Giulia,1215220,167204,13.76,0.24
393,2021-02-15,FVG,2451,909,1542,698,405,314,1034,0,0,2201,250,ITH,ITH4,6,Friuli-Venezia Giulia,Friuli Venezia Giulia,1215220,169655,13.96,0.2
394,2021-01-11,FVG,1882,609,1273,1500,336,46,0,0,0,1882,0,ITH,ITH4,6,Friuli-Venezia Giulia,Friuli Venezia Giulia,1215220,171537,14.12,0.15
395,2021-01-15,FVG,2028,606,1422,1283,370,375,0,0,0,2028,0,ITH,ITH4,6,Friuli-Venezia Giulia,Friuli Venezia Giulia,1215220,173565,14.28,0.17
396,2021-02-11,LOM,16761,4937,11824,9642,3246,3831,32,4,6,9437,7324,ITC,ITC4,3,Lombardia,Lombardia,10060574,16761,0.17,0.17
397,2021-03-06,LOM,20780,8838,11942,4716,5887,438,7381,1011,1347,16275,4505,ITC,ITC4,3,Lombardia,Lombardia,10060574,37541,0.37,0.21
398,2021-01-18,LOM,9014,2928,6086,5151,2043,1764,54,2,0,8032,982,ITC,ITC4,3,Lombardia,Lombardia,10060574,46555,0.46,0.09
399,2021-01-05,LOM,7673,2513,5160,6160,1334,172,7,0,0,7673,0,ITC,ITC4,3,Lombardia,Lombardia,10060574,54228,0.54,0.08
400,2021-02-22,LOM,11655,4713,6942,4165,1536,932,4029,965,28,11346,309,ITC,ITC4,3,Lombardia,Lombardia,10060574,65883,0.65,0.12
401,2021-01-17,LOM,8224,3314,4910,5536,2436,211,36,5,0,8024,200,ITC,ITC4,3,Lombardia,Lombardia,10060574,74107,0.74,0.08
402,2021-01-24,LOM,1185,453,732,829,331,24,1,0,0,523,662,ITC,ITC4,3,Lombardia,Lombardia,10060574,75292,0.75,0.01
403,2021-03-04,LOM,28793,11905,16888,6884,6799,2038,10777,1919,376,19941,8852,ITC,ITC4,3,Lombardia,Lombardia,10060574,104085,1.03,0.29
404,2020-12-31,LOM,713,300,413,657,56,0,0,0,0,713,0,ITC,ITC4,3,Lombardia,Lombardia,10060574,104798,1.04,0.01
405,2021-02-28,LOM,7822,3229,4593,1106,2279,76,4248,82,31,7606,216,ITC,ITC4,3,Lombardia,Lombardia,10060574,112620,1.12,0.08
406,2021-03-19,LOM,22083,9022,13061,1870,1800,874,16448,42,1049,11590,10493,ITC,ITC4,3,Lombardia,Lombardia,10060574,134703,1.34,0.22
407,2021-02-15,LOM,8779,3073,5706,6010,1750,975,4,31,9,8359,420,ITC,ITC4,3,Lombardia,Lombardia,10060574,143482,1.43,0.09
408,2021-02-18,LOM,13937,4896,9041,6113,1945,1567,3427,857,28,12914,1023,ITC,ITC4,3,Lombardia,Lombardia,10060574,157419,1.56,0.14
409,2021-01-16,LOM,15264,5688,9576,8555,5074,1480,152,3,0,15264,0,ITC,ITC4,3,Lombardia,Lombardia,10060574,172683,1.72,0.15
410,2021-03-01,LOM,18517,8118,10399,2624,2607,871,10779,1608,28,16829,1688,ITC,ITC4,3,Lombardia,Lombardia,10060574,191200,1.9,0.18
411,2021-01-06,LOM,7045,2486,4559,5838,1167,38,0,0,2,7045,0,ITC,ITC4,3,Lombardia,Lombardia,10060574,198245,1.97,0.07
412,2021-01-30,LOM,12309,4565,7744,9902,2237,160,8,1,1,192,12117,ITC,ITC4,3,Lombardia,Lombardia,10060574,210554,2.09,0.12
413,2021-02-05,LOM,24953,7248,17705,14100,6219,4375,258,1,0,2132,22821,ITC,ITC4,3,Lombardia,Lombardia,10060574,235507,2.34,0.25
414,2021-03-09,LOM,31925,12213,19712,6018,4873,2253,11946,1426,5409,24627,7298,ITC,ITC4,3,Lombardia,Lombardia,10060574,267432,2.66,0.32
415,2021-02-12,LOM,13367,4190,9177,7927,2631,2699,102,5,3,8709,4658,ITC,ITC4,3,Lombardia,Lombardia,10060574,280799,2.79,0.13
416,2021-01-25,LOM,7020,2370,4650,5629,1159,218,14,0,0,486,6534,ITC,ITC4,3,Lombardia,Lombardia,10060574,287819,2.86,0.07
417,2021-01-27,LOM,8028,2675,5353,6192,1399,434,1,0,2,820,7208,ITC,ITC4,3,Lombardia,Lombardia,10060574,295847,2.94,0.08
418,2021-02-06,LOM,15003,5458,9545,9695,3394,1839,71,1,3,977,14026,ITC,ITC4,3,Lombardia,Lombardia,10060574,310850,3.09,0.15
419,2021-03-08,LOM,28793,10769,18024,6487,4018,1011,11181,1575,4521,21887,6906,ITC,ITC4,3,Lombardia,Lombardia,10060574,339643,3.38,0.29
420,2021-01-22,LOM,2892,815,2077,1546,610,727,9,0,0,2839,53,ITC,ITC4,3,Lombardia,Lombardia,10060574,342535,3.4,0.03
421,2021-03-12,LOM,33319,12363,20956,4999,3957,1381,15265,1073,6644,23307,10012,ITC,ITC4,3,Lombardia,Lombardia,10060574,375854,3.74,0.33
422,2021-02-08,LOM,9795,2858,6937,5191,2237,2314,53,0,0,2089,7706,ITC,ITC4,3,Lombardia,Lombardia,10060574,385649,3.83,0.1
423,2021-01-08,LOM,12593,3896,8697,9959,2316,313,5,0,0,12593,0,ITC,ITC4,3,Lombardia,Lombardia,10060574,398242,3.96,0.13
424,2021-02-21,LOM,5004,1851,3153,1743,959,32,2227,40,3,4984,20,ITC,ITC4,3,Lombardia,Lombardia,10060574,403246,4.01,0.05
425,2020-12-30,LOM,113,42,71,105,8,0,0,0,0,113,0,ITC,ITC4,3,Lombardia,Lombardia,10060574,403359,4.01,0.0
426,2021-02-09,LOM,12042,3290,8752,5699,2291,3971,75,2,4,3985,8057,ITC,ITC4,3,Lombardia,Lombardia,10060574,415401,4.13,0.12
427,2021-03-11,LOM,34493,12962,21531,5647,4480,2051,14938,1216,6161,24975,9518,ITC,ITC4,3,Lombardia,Lombardia,10060574,449894,4.47,0.34
428,2021-02-02,LOM,19805,6567,13238,13480,4562,1679,76,7,1,489,19316,ITC,ITC4,3,Lombardia,Lombardia,10060574,469699,4.67,0.2
429,2021-01-20,LOM,5577,1363,4214,2742,1219,1557,59,0,0,5462,115,ITC,ITC4,3,Lombardia,Lombardia,10060574,475276,4.72,0.06
430,2021-01-02,LOM,199,72,127,178,21,0,0,0,0,199,0,ITC,ITC4,3,Lombardia,Lombardia,10060574,475475,4.73,0.0
431,2021-03-15,LOM,30679,10999,19680,4562,3811,814,12803,517,8172,22368,8311,ITC,ITC4,3,Lombardia,Lombardia,10060574,506154,5.03,0.3
432,2021-02-19,LOM,14009,5348,8661,5526,1884,1115,4540,928,16,13349,660,ITC,ITC4,3,Lombardia,Lombardia,10060574,520163,5.17,0.14
433,2021-01-12,LOM,19689,6561,13128,13370,4665,1562,91,1,0,19689,0,ITC,ITC4,3,Lombardia,Lombardia,10060574,539852,5.37,0.2
434,2021-03-10,LOM,31715,12113,19602,6756,4718,1860,11491,1524,5366,24179,7536,ITC,ITC4,3,Lombardia,Lombardia,10060574,571567,5.68,0.32
435,2021-03-17,LOM,24842,9874,14968,2467,2243,1754,18295,44,39,14484,10358,ITC,ITC4,3,Lombardia,Lombardia,10060574,596409,5.93,0.25
436,2021-02-17,LOM,11757,3705,8052,7564,2249,1857,39,38,10,10402,1355,ITC,ITC4,3,Lombardia,Lombardia,10060574,608166,6.05,0.12
437,2020-12-27,LOM,702,407,295,601,86,14,1,0,0,702,0,ITC,ITC4,3,Lombardia,Lombardia,10060574,608868,6.05,0.01
438,2021-01-11,LOM,15982,5311,10671,11781,3457,699,42,1,2,15982,0,ITC,ITC4,3,Lombardia,Lombardia,10060574,624850,6.21,0.16
439,2021-01-15,LOM,24419,7190,17229,13558,6189,4368,302,2,0,24419,0,ITC,ITC4,3,Lombardia,Lombardia,10060574,649269,6.45,0.24
440,2021-03-16,LOM,25021,9926,15095,3261,2880,1357,17431,17,75,16141,8880,ITC,ITC4,3,Lombardia,Lombardia,10060574,674290,6.7,0.25
441,2021-01-01,LOM,24,7,17,24,0,0,0,0,0,24,0,ITC,ITC4,3,Lombardia,Lombardia,10060574,674314,6.7,0.0
442,2021-01-21,LOM,5322,1566,3756,3008,1286,1024,4,0,0,4635,687,ITC,ITC4,3,Lombardia,Lombardia,10060574,679636,6.76,0.05
443,2021-02-07,LOM,7172,2793,4379,5540,1345,263,17,2,5,339,6833,ITC,ITC4,3,Lombardia,Lombardia,10060574,686808,6.83,0.07
444,2021-02-03,LOM,25300,7849,17451,15502,5690,3957,142,8,1,1119,24181,ITC,ITC4,3,Lombardia,Lombardia,10060574,712108,7.08,0.25
445,2021-01-03,LOM,852,316,536,744,103,4,1,0,0,852,0,ITC,ITC4,3,Lombardia,Lombardia,10060574,712960,7.09,0.01
446,2021-01-04,LOM,5977,2058,3919,4916,877,173,11,0,0,5977,0,ITC,ITC4,3,Lombardia,Lombardia,10060574,718937,7.15,0.06
447,2021-01-26,LOM,8325,2704,5621,6640,1440,223,22,0,0,334,7991,ITC,ITC4,3,Lombardia,Lombardia,10060574,727262,7.23,0.08
448,2020-12-28,LOM,103,44,59,102,1,0,0,0,0,103,0,ITC,ITC4,3,Lombardia,Lombardia,10060574,727365,7.23,0.0
449,2021-03-07,LOM,10792,4751,6041,2998,1994,73,4520,552,655,8240,2552,ITC,ITC4,3,Lombardia,Lombardia,10060574,738157,7.34,0.11
450,2021-01-28,LOM,12154,3683,8471,9171,1982,971,28,1,1,775,11379,ITC,ITC4,3,Lombardia,Lombardia,10060574,750311,7.46,0.12
451,2021-02-25,LOM,14915,6200,8715,2851,1563,1287,7988,1216,10,13508,1407,ITC,ITC4,3,Lombardia,Lombardia,10060574,765226,7.61,0.15
452,2021-02-20,LOM,9385,3879,5506,4275,1110,216,2917,863,4,9092,293,ITC,ITC4,3,Lombardia,Lombardia,10060574,774611,7.7,0.09
453,2021-02-16,LOM,9390,3064,6326,5809,2247,1299,8,8,19,8940,450,ITC,ITC4,3,Lombardia,Lombardia,10060574,784001,7.79,0.09
454,2021-01-19,LOM,8003,2322,5681,4013,1807,2117,65,1,0,7527,476,ITC,ITC4,3,Lombardia,Lombardia,10060574,792004,7.87,0.08
455,2021-02-14,LOM,3558,1539,2019,2749,772,24,3,0,10,2937,621,ITC,ITC4,3,Lombardia,Lombardia,10060574,795562,7.91,0.04
456,2021-02-27,LOM,13808,5815,7993,2001,1867,558,8243,1091,48,13264,544,ITC,ITC4,3,Lombardia,Lombardia,10060574,809370,8.04,0.14
457,2021-03-18,LOM,25163,10016,15147,2081,1907,1370,19664,44,97,15083,10080,ITC,ITC4,3,Lombardia,Lombardia,10060574,834533,8.3,0.25
458,2021-01-09,LOM,12376,4558,7818,9498,2675,196,6,1,0,12376,0,ITC,ITC4,3,Lombardia,Lombardia,10060574,846909,8.42,0.12
459,2021-01-07,LOM,11557,3594,7963,8956,1925,652,22,1,1,11557,0,ITC,ITC4,3,Lombardia,Lombardia,10060574,858466,8.53,0.11
460,2021-01-29,LOM,13436,4114,9322,10485,2369,573,9,0,0,654,12782,ITC,ITC4,3,Lombardia,Lombardia,10060574,871902,8.67,0.13
461,2021-02-24,LOM,14561,5891,8670,3568,1747,1779,6262,1181,24,13639,922,ITC,ITC4,3,Lombardia,Lombardia,10060574,886463,8.81,0.14
462,2021-02-10,LOM,14117,4430,9687,8412,2357,3268,71,3,6,7413,6704,ITC,ITC4,3,Lombardia,Lombardia,10060574,900580,8.95,0.14
463,2021-02-23,LOM,11669,4761,6908,3935,1614,831,4296,990,3,11361,308,ITC,ITC4,3,Lombardia,Lombardia,10060574,912249,9.07,0.12
464,2021-01-13,LOM,25750,7917,17833,15546,5950,4062,189,2,1,25750,0,ITC,ITC4,3,Lombardia,Lombardia,10060574,937999,9.32,0.26
465,2021-02-04,LOM,27160,7963,19197,15583,5876,5500,194,7,0,1940,25220,ITC,ITC4,3,Lombardia,Lombardia,10060574,965159,9.59,0.27
466,2021-01-31,LOM,9727,3754,5973,7568,2063,87,7,2,0,33,9694,ITC,ITC4,3,Lombardia,Lombardia,10060574,974886,9.69,0.1
467,2021-02-01,LOM,16027,5307,10720,11659,3421,902,43,1,1,324,15703,ITC,ITC4,3,Lombardia,Lombardia,10060574,990913,9.85,0.16
468,2021-01-10,LOM,10512,3955,6557,8170,2243,85,11,2,1,10512,0,ITC,ITC4,3,Lombardia,Lombardia,10060574,1001425,9.95,0.1
469,2021-03-14,LOM,13517,4733,8784,1493,1324,80,5258,396,4966,10248,3269,ITC,ITC4,3,Lombardia,Lombardia,10060574,1014942,10.09,0.13
470,2021-03-03,LOM,26211,11171,15040,6271,6339,1585,9701,1845,470,19155,7056,ITC,ITC4,3,Lombardia,Lombardia,10060574,1041153,10.35,0.26
471,2021-02-26,LOM,17873,7391,10482,3083,1912,1148,10403,1303,24,16244,1629,ITC,ITC4,3,Lombardia,Lombardia,10060574,1059026,10.53,0.18
472,2021-03-05,LOM,27847,11468,16379,6992,6550,1469,10531,1900,405,19710,8137,ITC,ITC4,3,Lombardia,Lombardia,10060574,1086873,10.8,0.28
473,2020-12-29,LOM,100,43,57,100,0,0,0,0,0,100,0,ITC,ITC4,3,Lombardia,Lombardia,10060574,1086973,10.8,0.0
474,2021-02-13,LOM,6379,2430,3949,4172,1500,682,17,4,4,4930,1449,ITC,ITC4,3,Lombardia,Lombardia,10060574,1093352,10.87,0.06
475,2021-03-02,LOM,22392,9536,12856,3037,4189,2039,11219,1778,130,19462,2930,ITC,ITC4,3,Lombardia,Lombardia,10060574,1115744,11.09,0.22
476,2021-03-13,LOM,25141,8978,16163,3715,2953,250,10020,613,7590,19168,5973,ITC,ITC4,3,Lombardia,Lombardia,10060574,1140885,11.34,0.25
477,2021-01-14,LOM,26255,7670,18585,14942,5732,5352,228,1,0,26255,0,ITC,ITC4,3,Lombardia,Lombardia,10060574,1167140,11.6,0.26
478,2021-01-23,LOM,1114,357,757,644,332,138,0,0,0,916,198,ITC,ITC4,3,Lombardia,Lombardia,10060574,1168254,11.61,0.01
479,2021-02-08,SAR,1470,533,937,998,345,126,1,0,0,856,614,ITG,ITG2,20,Sardegna,Sardegna,1639591,1470,0.09,0.09
480,2021-02-22,SAR,1623,944,679,597,404,180,2,440,0,1395,228,ITG,ITG2,20,Sardegna,Sardegna,1639591,3093,0.19,0.1
481,2021-03-04,SAR,3880,1888,1992,953,860,462,1091,475,39,2732,1148,ITG,ITG2,20,Sardegna,Sardegna,1639591,6973,0.43,0.24
482,2021-01-01,SAR,30,16,14,30,0,0,0,0,0,30,0,ITG,ITG2,20,Sardegna,Sardegna,1639591,7003,0.43,0.0
483,2021-02-02,SAR,1482,655,827,988,494,0,0,0,0,241,1241,ITG,ITG2,20,Sardegna,Sardegna,1639591,8485,0.52,0.09
484,2021-01-05,SAR,1327,446,881,1283,44,0,0,0,0,1327,0,ITG,ITG2,20,Sardegna,Sardegna,1639591,9812,0.6,0.08
485,2020-12-27,SAR,65,34,31,65,0,0,0,0,0,65,0,ITG,ITG2,20,Sardegna,Sardegna,1639591,9877,0.6,0.0
486,2021-01-20,SAR,210,77,133,154,56,0,0,0,0,208,2,ITG,ITG2,20,Sardegna,Sardegna,1639591,10087,0.62,0.01
487,2021-02-10,SAR,1959,765,1194,1169,301,488,0,0,1,1441,518,ITG,ITG2,20,Sardegna,Sardegna,1639591,12046,0.73,0.12
488,2021-03-13,SAR,2677,1035,1642,274,394,147,1686,43,133,2396,281,ITG,ITG2,20,Sardegna,Sardegna,1639591,14723,0.9,0.16
489,2021-03-16,SAR,3789,1677,2112,644,813,311,2013,0,8,2858,931,ITG,ITG2,20,Sardegna,Sardegna,1639591,18512,1.13,0.23
490,2021-02-19,SAR,1495,470,1025,677,437,379,1,1,0,1439,56,ITG,ITG2,20,Sardegna,Sardegna,1639591,20007,1.22,0.09
491,2021-01-17,SAR,860,277,583,747,113,0,0,0,0,859,1,ITG,ITG2,20,Sardegna,Sardegna,1639591,20867,1.27,0.05
492,2021-03-19,SAR,5130,2102,3028,1046,1485,94,2381,115,9,3440,1690,ITG,ITG2,20,Sardegna,Sardegna,1639591,25997,1.59,0.31
493,2021-01-16,SAR,1492,525,967,1282,209,0,0,0,1,1492,0,ITG,ITG2,20,Sardegna,Sardegna,1639591,27489,1.68,0.09
494,2021-01-27,SAR,1408,494,914,1303,105,0,0,0,0,79,1329,ITG,ITG2,20,Sardegna,Sardegna,1639591,28897,1.76,0.09
495,2021-02-20,SAR,2037,854,1183,483,157,195,1201,0,1,1703,334,ITG,ITG2,20,Sardegna,Sardegna,1639591,30934,1.89,0.12
496,2021-02-15,SAR,958,349,609,440,239,279,0,0,0,927,31,ITG,ITG2,20,Sardegna,Sardegna,1639591,31892,1.95,0.06
497,2021-02-17,SAR,1405,575,830,689,376,313,0,27,0,1330,75,ITG,ITG2,20,Sardegna,Sardegna,1639591,33297,2.03,0.09
498,2021-03-06,SAR,2535,1046,1489,1086,922,405,7,79,36,852,1683,ITG,ITG2,20,Sardegna,Sardegna,1639591,35832,2.19,0.15
499,2021-03-03,SAR,3741,2035,1706,1058,716,525,701,740,1,2603,1138,ITG,ITG2,20,Sardegna,Sardegna,1639591,39573,2.41,0.23
500,2021-02-16,SAR,700,289,411,376,212,112,0,0,0,673,27,ITG,ITG2,20,Sardegna,Sardegna,1639591,40273,2.46,0.04
501,2021-01-09,SAR,4026,1417,2609,3181,845,0,0,0,0,4026,0,ITG,ITG2,20,Sardegna,Sardegna,1639591,44299,2.7,0.25
502,2021-01-29,SAR,2951,1067,1884,2580,368,3,0,0,0,48,2903,ITG,ITG2,20,Sardegna,Sardegna,1639591,47250,2.88,0.18
503,2021-03-09,SAR,5140,2368,2772,1055,892,285,2266,332,310,4410,730,ITG,ITG2,20,Sardegna,Sardegna,1639591,52390,3.2,0.31
504,2021-03-15,SAR,2679,1215,1464,457,648,85,323,149,1017,2306,373,ITG,ITG2,20,Sardegna,Sardegna,1639591,55069,3.36,0.16
505,2021-01-02,SAR,60,21,39,60,0,0,0,0,0,60,0,ITG,ITG2,20,Sardegna,Sardegna,1639591,55129,3.36,0.0
506,2021-02-09,SAR,2286,837,1449,1308,479,497,1,0,1,1290,996,ITG,ITG2,20,Sardegna,Sardegna,1639591,57415,3.5,0.14
507,2020-12-28,SAR,65,25,40,65,0,0,0,0,0,65,0,ITG,ITG2,20,Sardegna,Sardegna,1639591,57480,3.51,0.0
508,2021-02-26,SAR,2791,1103,1688,1223,1068,218,203,74,5,2485,306,ITG,ITG2,20,Sardegna,Sardegna,1639591,60271,3.68,0.17
509,2021-01-13,SAR,573,178,395,494,79,0,0,0,0,573,0,ITG,ITG2,20,Sardegna,Sardegna,1639591,60844,3.71,0.03
510,2021-02-23,SAR,1519,1010,509,602,521,89,6,301,0,1285,234,ITG,ITG2,20,Sardegna,Sardegna,1639591,62363,3.8,0.09
511,2021-03-11,SAR,5743,2597,3146,1009,1061,416,2666,489,102,4526,1217,ITG,ITG2,20,Sardegna,Sardegna,1639591,68106,4.15,0.35
512,2021-01-22,SAR,83,47,36,45,38,0,0,0,0,55,28,ITG,ITG2,20,Sardegna,Sardegna,1639591,68189,4.16,0.01
513,2021-03-01,SAR,2159,1054,1105,1135,444,141,104,334,1,1500,659,ITG,ITG2,20,Sardegna,Sardegna,1639591,70348,4.29,0.13
514,2021-02-21,SAR,1584,709,875,66,32,59,1421,6,0,1554,30,ITG,ITG2,20,Sardegna,Sardegna,1639591,71932,4.39,0.1
515,2021-01-31,SAR,2121,750,1371,1544,576,0,1,0,0,48,2073,ITG,ITG2,20,Sardegna,Sardegna,1639591,74053,4.52,0.13
516,2021-02-13,SAR,1454,563,891,732,464,253,0,0,5,1452,2,ITG,ITG2,20,Sardegna,Sardegna,1639591,75507,4.61,0.09
517,2021-02-06,SAR,1970,697,1273,1544,286,139,0,0,1,569,1401,ITG,ITG2,20,Sardegna,Sardegna,1639591,77477,4.73,0.12
518,2021-01-07,SAR,3111,1077,2034,2720,380,0,0,11,0,3111,0,ITG,ITG2,20,Sardegna,Sardegna,1639591,80588,4.92,0.19
519,2021-03-18,SAR,6096,2540,3556,1036,1345,330,3317,6,62,4548,1548,ITG,ITG2,20,Sardegna,Sardegna,1639591,86684,5.29,0.37
520,2021-02-05,SAR,1897,749,1148,1214,515,164,1,3,0,433,1464,ITG,ITG2,20,Sardegna,Sardegna,1639591,88581,5.4,0.12
521,2021-03-10,SAR,5651,2744,2907,719,868,413,2659,657,335,4798,853,ITG,ITG2,20,Sardegna,Sardegna,1639591,94232,5.75,0.34
522,2021-01-14,SAR,1105,426,679,885,220,0,0,0,0,1105,0,ITG,ITG2,20,Sardegna,Sardegna,1639591,95337,5.81,0.07
523,2021-01-23,SAR,60,22,38,60,0,0,0,0,0,0,60,ITG,ITG2,20,Sardegna,Sardegna,1639591,95397,5.82,0.0
524,2021-03-05,SAR,4872,2392,2480,1643,1357,638,565,659,10,2656,2216,ITG,ITG2,20,Sardegna,Sardegna,1639591,100269,6.12,0.3
525,2021-01-11,SAR,1183,505,678,656,526,0,1,0,0,1183,0,ITG,ITG2,20,Sardegna,Sardegna,1639591,101452,6.19,0.07
526,2021-01-12,SAR,865,408,457,504,361,0,0,0,0,865,0,ITG,ITG2,20,Sardegna,Sardegna,1639591,102317,6.24,0.05
527,2021-03-07,SAR,1590,724,866,307,238,32,1011,0,2,1117,473,ITG,ITG2,20,Sardegna,Sardegna,1639591,103907,6.34,0.1
528,2021-03-02,SAR,2738,1415,1323,1044,730,260,319,383,2,1705,1033,ITG,ITG2,20,Sardegna,Sardegna,1639591,106645,6.5,0.17
529,2021-02-11,SAR,1314,490,824,588,356,369,1,0,0,1203,111,ITG,ITG2,20,Sardegna,Sardegna,1639591,107959,6.58,0.08
530,2021-01-25,SAR,588,212,376,553,35,0,0,0,0,22,566,ITG,ITG2,20,Sardegna,Sardegna,1639591,108547,6.62,0.04
531,2021-03-08,SAR,3965,1777,2188,732,1160,624,852,444,153,2776,1189,ITG,ITG2,20,Sardegna,Sardegna,1639591,112512,6.86,0.24
532,2021-01-15,SAR,1563,573,990,1170,390,0,0,3,0,1563,0,ITG,ITG2,20,Sardegna,Sardegna,1639591,114075,6.96,0.1
533,2021-02-12,SAR,2237,933,1304,986,749,501,1,0,0,2178,59,ITG,ITG2,20,Sardegna,Sardegna,1639591,116312,7.09,0.14
534,2021-02-18,SAR,1876,732,1144,1072,362,298,1,33,110,1812,64,ITG,ITG2,20,Sardegna,Sardegna,1639591,118188,7.21,0.11
535,2021-01-08,SAR,3257,1184,2073,2929,328,0,0,0,0,3257,0,ITG,ITG2,20,Sardegna,Sardegna,1639591,121445,7.41,0.2
536,2021-01-28,SAR,2968,1044,1924,2554,403,0,0,11,0,69,2899,ITG,ITG2,20,Sardegna,Sardegna,1639591,124413,7.59,0.18
537,2021-01-10,SAR,2183,750,1433,1632,551,0,0,0,0,2183,0,ITG,ITG2,20,Sardegna,Sardegna,1639591,126596,7.72,0.13
538,2021-02-27,SAR,1917,644,1273,1059,379,304,175,0,0,1362,555,ITG,ITG2,20,Sardegna,Sardegna,1639591,128513,7.84,0.12
539,2021-02-04,SAR,2271,816,1455,1737,363,170,1,0,0,916,1355,ITG,ITG2,20,Sardegna,Sardegna,1639591,130784,7.98,0.14
540,2021-03-17,SAR,5872,2519,3353,1066,1374,528,2773,3,128,4269,1603,ITG,ITG2,20,Sardegna,Sardegna,1639591,136656,8.33,0.36
541,2021-03-14,SAR,603,374,229,34,236,0,248,73,12,603,0,ITG,ITG2,20,Sardegna,Sardegna,1639591,137259,8.37,0.04
542,2021-03-12,SAR,5609,2350,3259,1035,1255,451,2438,271,159,4302,1307,ITG,ITG2,20,Sardegna,Sardegna,1639591,142868,8.71,0.34
543,2021-01-19,SAR,747,270,477,423,163,160,0,0,1,692,55,ITG,ITG2,20,Sardegna,Sardegna,1639591,143615,8.76,0.05
544,2021-02-07,SAR,1116,394,722,975,141,0,0,0,0,228,888,ITG,ITG2,20,Sardegna,Sardegna,1639591,144731,8.83,0.07
545,2020-12-31,SAR,32,16,16,28,4,0,0,0,0,32,0,ITG,ITG2,20,Sardegna,Sardegna,1639591,144763,8.83,0.0
546,2021-02-01,SAR,1524,605,919,896,551,77,0,0,0,225,1299,ITG,ITG2,20,Sardegna,Sardegna,1639591,146287,8.92,0.09
547,2021-01-04,SAR,591,217,374,565,26,0,0,0,0,591,0,ITG,ITG2,20,Sardegna,Sardegna,1639591,146878,8.96,0.04
548,2021-01-26,SAR,1336,453,883,1296,39,0,0,0,1,27,1309,ITG,ITG2,20,Sardegna,Sardegna,1639591,148214,9.04,0.08
549,2021-02-28,SAR,367,169,198,244,76,47,0,0,0,141,226,ITG,ITG2,20,Sardegna,Sardegna,1639591,148581,9.06,0.02
550,2021-02-24,SAR,2410,1292,1118,1193,614,301,3,299,0,2221,189,ITG,ITG2,20,Sardegna,Sardegna,1639591,150991,9.21,0.15
551,2021-01-18,SAR,904,326,578,714,190,0,0,0,0,780,124,ITG,ITG2,20,Sardegna,Sardegna,1639591,151895,9.26,0.06
552,2021-01-24,SAR,90,34,56,89,1,0,0,0,0,5,85,ITG,ITG2,20,Sardegna,Sardegna,1639591,151985,9.27,0.01
553,2021-02-14,SAR,539,263,276,286,193,57,3,0,0,537,2,ITG,ITG2,20,Sardegna,Sardegna,1639591,152524,9.3,0.03
554,2021-01-06,SAR,1615,549,1066,1510,105,0,0,0,0,1615,0,ITG,ITG2,20,Sardegna,Sardegna,1639591,154139,9.4,0.1
555,2021-02-25,SAR,2899,1255,1644,1474,738,466,161,51,9,2293,606,ITG,ITG2,20,Sardegna,Sardegna,1639591,157038,9.58,0.18
556,2020-12-29,SAR,57,32,25,56,1,0,0,0,0,57,0,ITG,ITG2,20,Sardegna,Sardegna,1639591,157095,9.58,0.0
557,2021-01-21,SAR,126,60,66,60,66,0,0,0,0,94,32,ITG,ITG2,20,Sardegna,Sardegna,1639591,157221,9.59,0.01
558,2021-02-03,SAR,1118,418,700,919,180,19,0,0,0,426,692,ITG,ITG2,20,Sardegna,Sardegna,1639591,158339,9.66,0.07
559,2021-01-30,SAR,3862,1392,2470,2987,874,0,1,0,0,362,3500,ITG,ITG2,20,Sardegna,Sardegna,1639591,162201,9.89,0.24
560,2021-01-03,SAR,90,36,54,89,1,0,0,0,0,90,0,ITG,ITG2,20,Sardegna,Sardegna,1639591,162291,9.9,0.01
561,2021-03-17,MAR,3435,1497,1938,301,183,117,2822,7,5,111,3324,ITI,ITI3,11,Marche,Marche,1525271,3435,0.23,0.23
562,2021-03-06,MAR,5725,2640,3085,973,831,125,2400,649,747,4457,1268,ITI,ITI3,11,Marche,Marche,1525271,9160,0.6,0.38
563,2021-03-16,MAR,3577,1549,2028,317,196,54,2928,77,5,394,3183,ITI,ITI3,11,Marche,Marche,1525271,12737,0.84,0.23
564,2021-02-22,MAR,3413,1498,1915,325,408,77,2596,5,2,3339,74,ITI,ITI3,11,Marche,Marche,1525271,16150,1.06,0.22
565,2021-02-11,MAR,1988,658,1330,1155,621,212,0,0,0,1599,389,ITI,ITI3,11,Marche,Marche,1525271,18138,1.19,0.13
566,2021-03-01,MAR,3725,1487,2238,387,177,82,2788,5,286,3478,247,ITI,ITI3,11,Marche,Marche,1525271,21863,1.43,0.24
567,2021-02-04,MAR,2342,810,1532,1406,661,275,0,0,0,112,2230,ITI,ITI3,11,Marche,Marche,1525271,24205,1.59,0.15
568,2021-02-09,MAR,125,42,83,78,21,26,0,0,0,47,78,ITI,ITI3,11,Marche,Marche,1525271,24330,1.6,0.01
569,2021-02-28,MAR,2837,1250,1587,19,18,0,2796,2,2,2831,6,ITI,ITI3,11,Marche,Marche,1525271,27167,1.78,0.19
570,2021-01-28,MAR,1973,659,1314,1581,291,101,0,0,0,167,1806,ITI,ITI3,11,Marche,Marche,1525271,29140,1.91,0.13
571,2021-03-10,MAR,5703,2439,3264,721,808,101,2673,362,1038,4566,1137,ITI,ITI3,11,Marche,Marche,1525271,34843,2.28,0.37
572,2021-01-18,MAR,673,230,443,370,171,132,0,0,0,547,126,ITI,ITI3,11,Marche,Marche,1525271,35516,2.33,0.04
573,2021-02-19,MAR,1971,716,1255,1273,492,203,1,0,2,1836,135,ITI,ITI3,11,Marche,Marche,1525271,37487,2.46,0.13
574,2021-01-12,MAR,1226,413,813,912,264,50,0,0,0,1226,0,ITI,ITI3,11,Marche,Marche,1525271,38713,2.54,0.08
575,2021-03-07,MAR,5183,2108,3075,607,357,0,3007,316,896,4430,753,ITI,ITI3,11,Marche,Marche,1525271,43896,2.88,0.34
576,2021-02-27,MAR,3373,1440,1933,186,172,161,2847,6,1,3164,209,ITI,ITI3,11,Marche,Marche,1525271,47269,3.1,0.22
577,2021-01-06,MAR,2181,792,1389,1738,296,147,0,0,0,2181,0,ITI,ITI3,11,Marche,Marche,1525271,49450,3.24,0.14
578,2021-03-14,MAR,2515,1036,1479,442,80,0,1535,2,456,1917,598,ITI,ITI3,11,Marche,Marche,1525271,51965,3.41,0.16
579,2021-02-23,MAR,3274,1400,1874,219,137,116,2794,8,0,3218,56,ITI,ITI3,11,Marche,Marche,1525271,55239,3.62,0.21
580,2021-03-05,MAR,6077,2778,3299,1127,814,143,2373,818,802,4610,1467,ITI,ITI3,11,Marche,Marche,1525271,61316,4.02,0.4
581,2021-01-22,MAR,487,167,320,315,85,87,0,0,0,194,293,ITI,ITI3,11,Marche,Marche,1525271,61803,4.05,0.03
582,2021-03-03,MAR,6691,3034,3657,818,818,254,3132,886,783,5810,881,ITI,ITI3,11,Marche,Marche,1525271,68494,4.49,0.44
583,2021-01-16,MAR,2006,723,1283,1059,662,285,0,0,0,2006,0,ITI,ITI3,11,Marche,Marche,1525271,70500,4.62,0.13
584,2021-03-12,MAR,4710,2014,2696,820,727,0,1904,330,929,3465,1245,ITI,ITI3,11,Marche,Marche,1525271,75210,4.93,0.31
585,2021-02-03,MAR,2125,742,1383,1344,615,166,0,0,0,119,2006,ITI,ITI3,11,Marche,Marche,1525271,77335,5.07,0.14
586,2021-01-15,MAR,1771,500,1271,985,420,366,0,0,0,1771,0,ITI,ITI3,11,Marche,Marche,1525271,79106,5.19,0.12
587,2021-01-03,MAR,896,348,548,759,137,0,0,0,0,896,0,ITI,ITI3,11,Marche,Marche,1525271,80002,5.25,0.06
588,2021-01-04,MAR,1500,563,937,1290,199,11,0,0,0,1500,0,ITI,ITI3,11,Marche,Marche,1525271,81502,5.34,0.1
589,2021-03-15,MAR,4489,2109,2380,300,473,8,3453,14,241,1422,3067,ITI,ITI3,11,Marche,Marche,1525271,85991,5.64,0.29
590,2021-02-16,MAR,1292,475,817,737,463,92,0,0,0,1262,30,ITI,ITI3,11,Marche,Marche,1525271,87283,5.72,0.08
591,2021-01-23,MAR,557,190,367,440,54,63,0,0,0,123,434,ITI,ITI3,11,Marche,Marche,1525271,87840,5.76,0.04
592,2021-01-21,MAR,896,253,643,460,100,336,0,0,0,585,311,ITI,ITI3,11,Marche,Marche,1525271,88736,5.82,0.06
593,2021-01-02,MAR,453,139,314,444,9,0,0,0,0,453,0,ITI,ITI3,11,Marche,Marche,1525271,89189,5.85,0.03
594,2021-02-15,MAR,973,413,560,544,428,1,0,0,0,960,13,ITI,ITI3,11,Marche,Marche,1525271,90162,5.91,0.06
595,2021-01-24,MAR,891,342,549,772,119,0,0,0,0,17,874,ITI,ITI3,11,Marche,Marche,1525271,91053,5.97,0.06
596,2021-03-13,MAR,5612,2506,3106,664,373,57,4248,133,137,1651,3961,ITI,ITI3,11,Marche,Marche,1525271,96665,6.34,0.37
597,2021-02-05,MAR,2156,653,1503,1317,420,419,0,0,0,440,1716,ITI,ITI3,11,Marche,Marche,1525271,98821,6.48,0.14
598,2021-03-09,MAR,5519,2364,3155,754,468,36,2588,603,1070,4630,889,ITI,ITI3,11,Marche,Marche,1525271,104340,6.84,0.36
599,2021-01-19,MAR,225,81,144,120,20,85,0,0,0,141,84,ITI,ITI3,11,Marche,Marche,1525271,104565,6.86,0.01
600,2021-03-11,MAR,6829,2929,3900,1094,921,38,3227,401,1148,5458,1371,ITI,ITI3,11,Marche,Marche,1525271,111394,7.3,0.45
601,2021-01-09,MAR,1709,605,1104,1406,303,0,0,0,0,1709,0,ITI,ITI3,11,Marche,Marche,1525271,113103,7.42,0.11
602,2021-02-12,MAR,1583,618,965,815,680,88,0,0,0,1431,152,ITI,ITI3,11,Marche,Marche,1525271,114686,7.52,0.1
603,2021-02-21,MAR,377,142,235,204,115,57,0,0,1,376,1,ITI,ITI3,11,Marche,Marche,1525271,115063,7.54,0.02
604,2021-02-20,MAR,4126,1708,2418,118,411,261,3333,3,0,4015,111,ITI,ITI3,11,Marche,Marche,1525271,119189,7.81,0.27
605,2021-01-25,MAR,1596,559,1037,1426,114,56,0,0,0,97,1499,ITI,ITI3,11,Marche,Marche,1525271,120785,7.92,0.1
606,2021-01-07,MAR,1802,633,1169,1480,322,0,0,0,0,1802,0,ITI,ITI3,11,Marche,Marche,1525271,122587,8.04,0.12
607,2021-02-24,MAR,3440,1506,1934,226,235,165,2810,3,1,3361,79,ITI,ITI3,11,Marche,Marche,1525271,126027,8.26,0.23
608,2020-12-30,MAR,17,5,12,14,3,0,0,0,0,17,0,ITI,ITI3,11,Marche,Marche,1525271,126044,8.26,0.0
609,2021-01-17,MAR,1598,682,916,964,588,46,0,0,0,1549,49,ITI,ITI3,11,Marche,Marche,1525271,127642,8.37,0.1
610,2021-03-19,MAR,1287,549,738,25,16,101,1143,2,0,23,1264,ITI,ITI3,11,Marche,Marche,1525271,128929,8.45,0.08
611,2021-01-20,MAR,398,99,299,146,62,190,0,0,0,386,12,ITI,ITI3,11,Marche,Marche,1525271,129327,8.48,0.03
612,2021-01-10,MAR,1737,699,1038,1462,275,0,0,0,0,1737,0,ITI,ITI3,11,Marche,Marche,1525271,131064,8.59,0.11
613,2021-03-02,MAR,4963,1943,3020,589,275,242,3316,3,538,4397,566,ITI,ITI3,11,Marche,Marche,1525271,136027,8.92,0.33
614,2021-02-02,MAR,1193,397,796,804,296,93,0,0,0,73,1120,ITI,ITI3,11,Marche,Marche,1525271,137220,9.0,0.08
615,2021-02-08,MAR,833,258,575,408,163,262,0,0,0,371,462,ITI,ITI3,11,Marche,Marche,1525271,138053,9.05,0.05
616,2021-01-05,MAR,1562,586,976,1436,126,0,0,0,0,1562,0,ITI,ITI3,11,Marche,Marche,1525271,139615,9.15,0.1
617,2021-01-27,MAR,2120,780,1340,1754,226,140,0,0,0,122,1998,ITI,ITI3,11,Marche,Marche,1525271,141735,9.29,0.14
618,2021-02-07,MAR,1871,735,1136,1156,669,46,0,0,0,344,1527,ITI,ITI3,11,Marche,Marche,1525271,143606,9.42,0.12
619,2021-03-18,MAR,3443,1513,1930,325,263,123,2653,76,3,216,3227,ITI,ITI3,11,Marche,Marche,1525271,147049,9.64,0.23
620,2021-02-25,MAR,3562,1446,2116,432,213,423,2490,3,1,3383,179,ITI,ITI3,11,Marche,Marche,1525271,150611,9.87,0.23
621,2020-12-27,MAR,200,97,103,184,12,4,0,0,0,200,0,ITI,ITI3,11,Marche,Marche,1525271,150811,9.89,0.01
622,2021-01-08,MAR,1574,588,986,1226,348,0,0,0,0,1574,0,ITI,ITI3,11,Marche,Marche,1525271,152385,9.99,0.1
623,2021-01-26,MAR,2016,746,1270,1736,194,86,0,0,0,92,1924,ITI,ITI3,11,Marche,Marche,1525271,154401,10.12,0.13
624,2020-12-31,MAR,383,178,205,370,13,0,0,0,0,383,0,ITI,ITI3,11,Marche,Marche,1525271,154784,10.15,0.03
625,2021-03-04,MAR,6608,2961,3647,1064,938,106,2798,934,768,5214,1394,ITI,ITI3,11,Marche,Marche,1525271,161392,10.58,0.43
626,2021-02-14,MAR,738,301,437,578,160,0,0,0,0,738,0,ITI,ITI3,11,Marche,Marche,1525271,162130,10.63,0.05
627,2021-01-13,MAR,2105,746,1359,1408,621,76,0,0,0,2105,0,ITI,ITI3,11,Marche,Marche,1525271,164235,10.77,0.14
628,2021-02-06,MAR,2460,900,1560,1402,643,415,0,0,0,523,1937,ITI,ITI3,11,Marche,Marche,1525271,166695,10.93,0.16
629,2021-02-18,MAR,2103,746,1357,1150,549,402,1,0,1,1816,287,ITI,ITI3,11,Marche,Marche,1525271,168798,11.07,0.14
630,2021-02-10,MAR,1439,452,987,881,343,215,0,0,0,1080,359,ITI,ITI3,11,Marche,Marche,1525271,170237,11.16,0.09
631,2021-01-31,MAR,1927,772,1155,1532,395,0,0,0,0,105,1822,ITI,ITI3,11,Marche,Marche,1525271,172164,11.29,0.13
632,2021-01-14,MAR,2010,692,1318,1112,600,298,0,0,0,2010,0,ITI,ITI3,11,Marche,Marche,1525271,174174,11.42,0.13
633,2021-02-13,MAR,1064,455,609,457,517,90,0,0,0,1012,52,ITI,ITI3,11,Marche,Marche,1525271,175238,11.49,0.07
634,2021-01-30,MAR,1908,669,1239,1566,342,0,0,0,0,29,1879,ITI,ITI3,11,Marche,Marche,1525271,177146,11.61,0.13
635,2021-01-11,MAR,1176,411,765,1021,155,0,0,0,0,1176,0,ITI,ITI3,11,Marche,Marche,1525271,178322,11.69,0.08
636,2021-03-08,MAR,6351,2794,3557,768,611,219,3101,638,1014,5349,1002,ITI,ITI3,11,Marche,Marche,1525271,184673,12.11,0.42
637,2021-02-01,MAR,1365,480,885,1057,227,81,0,0,0,98,1267,ITI,ITI3,11,Marche,Marche,1525271,186038,12.2,0.09
638,2021-01-29,MAR,1991,730,1261,1479,438,74,0,0,0,168,1823,ITI,ITI3,11,Marche,Marche,1525271,188029,12.33,0.13
639,2021-02-17,MAR,1791,664,1127,968,522,300,1,0,0,1672,119,ITI,ITI3,11,Marche,Marche,1525271,189820,12.45,0.12
640,2021-02-26,MAR,3569,1493,2076,446,231,330,2519,4,39,3093,476,ITI,ITI3,11,Marche,Marche,1525271,193389,12.68,0.23
641,2021-03-18,UMB,2765,1069,1696,957,144,191,1459,3,11,1552,1213,ITI,ITI2,10,Umbria,Umbria,882015,2765,0.31,0.31
642,2021-02-11,UMB,842,349,493,735,99,5,0,0,3,837,5,ITI,ITI2,10,Umbria,Umbria,882015,3607,0.41,0.1
643,2021-02-12,UMB,671,224,447,459,208,1,1,0,2,665,6,ITI,ITI2,10,Umbria,Umbria,882015,4278,0.49,0.08
644,2021-01-26,UMB,814,390,424,813,1,0,0,0,0,18,796,ITI,ITI2,10,Umbria,Umbria,882015,5092,0.58,0.09
645,2021-01-22,UMB,276,105,171,273,1,2,0,0,0,32,244,ITI,ITI2,10,Umbria,Umbria,882015,5368,0.61,0.03
646,2021-01-31,UMB,1056,276,780,765,10,281,0,0,0,25,1031,ITI,ITI2,10,Umbria,Umbria,882015,6424,0.73,0.12
647,2021-01-03,UMB,267,111,156,267,0,0,0,0,0,267,0,ITI,ITI2,10,Umbria,Umbria,882015,6691,0.76,0.03
648,2021-01-27,UMB,838,329,509,837,1,0,0,0,0,13,825,ITI,ITI2,10,Umbria,Umbria,882015,7529,0.85,0.1
649,2021-02-01,UMB,1260,333,927,876,32,352,0,0,0,47,1213,ITI,ITI2,10,Umbria,Umbria,882015,8789,1.0,0.14
650,2021-01-25,UMB,647,322,325,645,2,0,0,0,0,5,642,ITI,ITI2,10,Umbria,Umbria,882015,9436,1.07,0.07
651,2021-01-11,UMB,1271,336,935,878,20,373,0,0,0,1271,0,ITI,ITI2,10,Umbria,Umbria,882015,10707,1.21,0.14
652,2021-03-09,UMB,4022,1945,2077,142,681,99,2912,165,23,2729,1293,ITI,ITI2,10,Umbria,Umbria,882015,14729,1.67,0.46
653,2021-01-02,UMB,301,110,191,301,0,0,0,0,0,301,0,ITI,ITI2,10,Umbria,Umbria,882015,15030,1.7,0.03
654,2021-02-25,UMB,1334,495,839,826,101,97,305,0,5,1282,52,ITI,ITI2,10,Umbria,Umbria,882015,16364,1.86,0.15
655,2021-02-24,UMB,1520,565,955,1082,46,91,292,9,0,1505,15,ITI,ITI2,10,Umbria,Umbria,882015,17884,2.03,0.17
656,2021-03-08,UMB,3665,1797,1868,140,355,45,2853,230,42,2303,1362,ITI,ITI2,10,Umbria,Umbria,882015,21549,2.44,0.42
657,2021-01-20,UMB,613,222,391,583,15,14,0,0,1,613,0,ITI,ITI2,10,Umbria,Umbria,882015,22162,2.51,0.07
658,2021-03-04,UMB,4475,1849,2626,849,238,4,1552,366,1466,3647,828,ITI,ITI2,10,Umbria,Umbria,882015,26637,3.02,0.51
659,2021-01-30,UMB,1577,483,1094,841,18,717,1,0,0,44,1533,ITI,ITI2,10,Umbria,Umbria,882015,28214,3.2,0.18
660,2021-01-24,UMB,254,104,150,254,0,0,0,0,0,1,253,ITI,ITI2,10,Umbria,Umbria,882015,28468,3.23,0.03
661,2021-01-06,UMB,843,323,520,840,3,0,0,0,0,843,0,ITI,ITI2,10,Umbria,Umbria,882015,29311,3.32,0.1
662,2021-03-10,UMB,3970,1900,2070,120,858,144,2564,209,75,2683,1287,ITI,ITI2,10,Umbria,Umbria,882015,33281,3.77,0.45
663,2021-02-20,UMB,282,100,182,83,8,39,152,0,0,258,24,ITI,ITI2,10,Umbria,Umbria,882015,33563,3.81,0.03
664,2021-02-13,UMB,115,28,87,68,46,0,1,0,0,112,3,ITI,ITI2,10,Umbria,Umbria,882015,33678,3.82,0.01
665,2021-01-17,UMB,54,17,37,47,7,0,0,0,0,54,0,ITI,ITI2,10,Umbria,Umbria,882015,33732,3.82,0.01
666,2021-03-19,UMB,1238,395,843,398,208,29,184,14,405,659,579,ITI,ITI2,10,Umbria,Umbria,882015,34970,3.96,0.14
667,2021-02-05,UMB,780,234,546,645,51,84,0,0,0,18,762,ITI,ITI2,10,Umbria,Umbria,882015,35750,4.05,0.09
668,2021-01-19,UMB,103,23,80,21,2,80,0,0,0,103,0,ITI,ITI2,10,Umbria,Umbria,882015,35853,4.06,0.01
669,2021-03-14,UMB,66,48,18,0,61,1,0,0,4,66,0,ITI,ITI2,10,Umbria,Umbria,882015,35919,4.07,0.01
670,2021-03-06,UMB,4250,1109,3141,422,247,26,1113,120,2322,4107,143,ITI,ITI2,10,Umbria,Umbria,882015,40169,4.55,0.48
671,2021-02-16,UMB,1307,655,652,33,12,0,1262,0,0,1298,9,ITI,ITI2,10,Umbria,Umbria,882015,41476,4.7,0.15
672,2021-02-22,UMB,1858,777,1081,732,120,1,1005,0,0,1772,86,ITI,ITI2,10,Umbria,Umbria,882015,43334,4.91,0.21
673,2021-02-26,UMB,653,250,403,381,71,40,154,4,3,645,8,ITI,ITI2,10,Umbria,Umbria,882015,43987,4.99,0.07
674,2021-01-07,UMB,1291,383,908,883,4,404,0,0,0,1291,0,ITI,ITI2,10,Umbria,Umbria,882015,45278,5.13,0.15
675,2021-02-03,UMB,725,174,551,560,37,128,0,0,0,67,658,ITI,ITI2,10,Umbria,Umbria,882015,46003,5.22,0.08
676,2021-01-04,UMB,809,397,412,808,1,0,0,0,0,809,0,ITI,ITI2,10,Umbria,Umbria,882015,46812,5.31,0.09
677,2021-03-11,UMB,3537,1680,1857,143,784,238,2013,201,158,2531,1006,ITI,ITI2,10,Umbria,Umbria,882015,50349,5.71,0.4
678,2021-02-06,UMB,396,138,258,333,47,16,0,0,0,34,362,ITI,ITI2,10,Umbria,Umbria,882015,50745,5.75,0.04
679,2021-02-17,UMB,1618,748,870,363,14,0,1240,0,1,1267,351,ITI,ITI2,10,Umbria,Umbria,882015,52363,5.94,0.18
680,2021-03-07,UMB,844,180,664,16,83,25,44,0,676,837,7,ITI,ITI2,10,Umbria,Umbria,882015,53207,6.03,0.1
681,2021-02-10,UMB,715,349,366,606,106,3,0,0,0,700,15,ITI,ITI2,10,Umbria,Umbria,882015,53922,6.11,0.08
682,2021-01-13,UMB,450,139,311,379,29,42,0,0,0,450,0,ITI,ITI2,10,Umbria,Umbria,882015,54372,6.16,0.05
683,2021-01-15,UMB,692,212,480,588,44,60,0,0,0,692,0,ITI,ITI2,10,Umbria,Umbria,882015,55064,6.24,0.08
684,2021-03-13,UMB,1731,524,1207,120,182,49,152,77,1151,1486,245,ITI,ITI2,10,Umbria,Umbria,882015,56795,6.44,0.2
685,2021-01-18,UMB,588,215,373,315,149,124,0,0,0,504,84,ITI,ITI2,10,Umbria,Umbria,882015,57383,6.51,0.07
686,2021-01-09,UMB,1719,492,1227,888,10,821,0,0,0,1719,0,ITI,ITI2,10,Umbria,Umbria,882015,59102,6.7,0.19
687,2021-01-14,UMB,749,200,549,696,35,17,0,0,1,749,0,ITI,ITI2,10,Umbria,Umbria,882015,59851,6.79,0.08
688,2021-03-05,UMB,4583,1378,3205,604,389,7,682,347,2554,3927,656,ITI,ITI2,10,Umbria,Umbria,882015,64434,7.31,0.52
689,2021-02-15,UMB,1368,692,676,10,8,0,1350,0,0,1367,1,ITI,ITI2,10,Umbria,Umbria,882015,65802,7.46,0.16
690,2021-02-27,UMB,1658,354,1304,14,11,13,0,60,1560,1642,16,ITI,ITI2,10,Umbria,Umbria,882015,67460,7.65,0.19
691,2021-03-03,UMB,4435,1771,2664,720,290,86,1517,289,1533,3723,712,ITI,ITI2,10,Umbria,Umbria,882015,71895,8.15,0.5
692,2021-02-02,UMB,942,274,668,713,17,212,0,0,0,32,910,ITI,ITI2,10,Umbria,Umbria,882015,72837,8.26,0.11
693,2021-03-15,UMB,4592,1927,2665,1426,347,78,2337,141,263,2822,1770,ITI,ITI2,10,Umbria,Umbria,882015,77429,8.78,0.52
694,2021-02-18,UMB,1495,582,913,324,16,170,985,0,0,1029,466,ITI,ITI2,10,Umbria,Umbria,882015,78924,8.95,0.17
695,2021-01-08,UMB,1173,337,836,926,9,238,0,0,0,1173,0,ITI,ITI2,10,Umbria,Umbria,882015,80097,9.08,0.13
696,2021-02-23,UMB,1693,658,1035,1187,95,17,394,0,0,1651,42,ITI,ITI2,10,Umbria,Umbria,882015,81790,9.27,0.19
697,2021-02-04,UMB,732,226,506,692,20,20,0,0,0,25,707,ITI,ITI2,10,Umbria,Umbria,882015,82522,9.36,0.08
698,2021-03-02,UMB,3626,1343,2283,318,276,55,1290,241,1446,3622,4,ITI,ITI2,10,Umbria,Umbria,882015,86148,9.77,0.41
699,2021-01-23,UMB,277,100,177,276,1,0,0,0,0,2,275,ITI,ITI2,10,Umbria,Umbria,882015,86425,9.8,0.03
700,2021-01-28,UMB,1240,392,848,891,4,345,0,0,0,19,1221,ITI,ITI2,10,Umbria,Umbria,882015,87665,9.94,0.14
701,2021-03-17,UMB,3264,1283,1981,1428,61,70,1681,8,16,1855,1409,ITI,ITI2,10,Umbria,Umbria,882015,90929,10.31,0.37
702,2021-01-10,UMB,1056,275,781,740,9,307,0,0,0,1056,0,ITI,ITI2,10,Umbria,Umbria,882015,91985,10.43,0.12
703,2021-03-16,UMB,3502,1433,2069,1633,88,65,1706,0,10,1875,1627,ITI,ITI2,10,Umbria,Umbria,882015,95487,10.83,0.4
704,2021-01-29,UMB,1221,343,878,934,16,271,0,0,0,79,1142,ITI,ITI2,10,Umbria,Umbria,882015,96708,10.96,0.14
705,2021-02-07,UMB,54,17,37,46,8,0,0,0,0,1,53,ITI,ITI2,10,Umbria,Umbria,882015,96762,10.97,0.01
706,2021-03-12,UMB,2632,1030,1602,110,596,41,463,229,1193,2134,498,ITI,ITI2,10,Umbria,Umbria,882015,99394,11.27,0.3
707,2021-03-01,UMB,1510,777,733,114,28,0,1249,118,1,1396,114,ITI,ITI2,10,Umbria,Umbria,882015,100904,11.44,0.17
708,2021-01-05,UMB,850,428,422,845,5,0,0,0,0,850,0,ITI,ITI2,10,Umbria,Umbria,882015,101754,11.54,0.1
709,2021-01-16,UMB,221,73,148,146,32,43,0,0,0,221,0,ITI,ITI2,10,Umbria,Umbria,882015,101975,11.56,0.03
710,2021-02-08,UMB,637,203,434,368,112,153,0,4,0,88,549,ITI,ITI2,10,Umbria,Umbria,882015,102612,11.63,0.07
711,2020-12-31,UMB,322,127,195,310,12,0,0,0,0,322,0,ITI,ITI2,10,Umbria,Umbria,882015,102934,11.67,0.04
712,2021-02-19,UMB,743,293,450,281,16,14,432,0,0,526,217,ITI,ITI2,10,Umbria,Umbria,882015,103677,11.75,0.08
713,2021-01-21,UMB,610,202,408,428,13,169,0,0,0,341,269,ITI,ITI2,10,Umbria,Umbria,882015,104287,11.82,0.07
714,2020-12-27,UMB,85,45,40,67,2,16,0,0,0,85,0,ITI,ITI2,10,Umbria,Umbria,882015,104372,11.83,0.01
715,2021-01-01,UMB,269,102,167,268,1,0,0,0,0,269,0,ITI,ITI2,10,Umbria,Umbria,882015,104641,11.86,0.03
716,2021-01-12,UMB,784,247,537,665,14,105,0,0,0,784,0,ITI,ITI2,10,Umbria,Umbria,882015,105425,11.95,0.09
717,2021-02-26,MOL,563,260,303,42,57,3,406,0,55,490,73,ITF,ITF2,14,Molise,Molise,305617,563,0.18,0.18
718,2021-03-09,MOL,1329,579,750,199,467,0,52,218,393,1177,152,ITF,ITF2,14,Molise,Molise,305617,1892,0.62,0.43
719,2021-01-27,MOL,674,251,423,436,28,209,0,0,1,8,666,ITF,ITF2,14,Molise,Molise,305617,2566,0.84,0.22
720,2021-02-07,MOL,66,32,34,49,1,16,0,0,0,19,47,ITF,ITF2,14,Molise,Molise,305617,2632,0.86,0.02
721,2021-02-17,MOL,72,32,40,47,19,6,0,0,0,57,15,ITF,ITF2,14,Molise,Molise,305617,2704,0.88,0.02
722,2021-02-16,MOL,156,70,86,148,8,0,0,0,0,150,6,ITF,ITF2,14,Molise,Molise,305617,2860,0.94,0.05
723,2021-01-29,MOL,421,136,285,227,82,109,0,0,3,6,415,ITF,ITF2,14,Molise,Molise,305617,3281,1.07,0.14
724,2021-03-18,MOL,1143,473,670,71,1027,45,0,0,0,679,464,ITF,ITF2,14,Molise,Molise,305617,4424,1.45,0.37
725,2021-02-23,MOL,527,202,325,136,42,8,340,0,1,362,165,ITF,ITF2,14,Molise,Molise,305617,4951,1.62,0.17
726,2021-03-07,MOL,1114,499,615,2,1112,0,0,0,0,1112,2,ITF,ITF2,14,Molise,Molise,305617,6065,1.98,0.36
727,2021-01-13,MOL,474,160,314,256,73,144,0,0,1,474,0,ITF,ITF2,14,Molise,Molise,305617,6539,2.14,0.16
728,2021-02-25,MOL,541,239,302,68,12,28,433,0,0,473,68,ITF,ITF2,14,Molise,Molise,305617,7080,2.32,0.18
729,2021-01-15,MOL,538,242,296,398,59,81,0,0,0,538,0,ITF,ITF2,14,Molise,Molise,305617,7618,2.49,0.18
730,2021-01-04,MOL,314,131,183,301,13,0,0,0,0,314,0,ITF,ITF2,14,Molise,Molise,305617,7932,2.6,0.1
731,2021-02-06,MOL,429,179,250,276,22,130,0,0,1,29,400,ITF,ITF2,14,Molise,Molise,305617,8361,2.74,0.14
732,2021-03-10,MOL,1717,716,1001,188,831,1,1,187,509,1667,50,ITF,ITF2,14,Molise,Molise,305617,10078,3.3,0.56
733,2021-02-27,MOL,1366,568,798,26,40,14,1285,0,1,1347,19,ITF,ITF2,14,Molise,Molise,305617,11444,3.74,0.45
734,2021-02-24,MOL,666,278,388,242,105,44,274,0,1,333,333,ITF,ITF2,14,Molise,Molise,305617,12110,3.96,0.22
735,2021-01-09,MOL,450,152,298,221,51,178,0,0,0,450,0,ITF,ITF2,14,Molise,Molise,305617,12560,4.11,0.15
736,2021-03-05,MOL,1219,649,570,322,673,0,0,151,73,1015,204,ITF,ITF2,14,Molise,Molise,305617,13779,4.51,0.4
737,2021-03-01,MOL,641,268,373,200,184,108,0,2,147,427,214,ITF,ITF2,14,Molise,Molise,305617,14420,4.72,0.21
738,2021-02-04,MOL,758,295,463,502,114,141,0,0,1,77,681,ITF,ITF2,14,Molise,Molise,305617,15178,4.97,0.25
739,2021-02-11,MOL,293,133,160,225,19,45,0,3,1,257,36,ITF,ITF2,14,Molise,Molise,305617,15471,5.06,0.1
740,2021-01-10,MOL,270,72,198,82,19,169,0,0,0,270,0,ITF,ITF2,14,Molise,Molise,305617,15741,5.15,0.09
741,2021-02-09,MOL,359,170,189,161,88,110,0,0,0,197,162,ITF,ITF2,14,Molise,Molise,305617,16100,5.27,0.12
742,2021-01-31,MOL,268,70,198,85,18,164,0,0,1,6,262,ITF,ITF2,14,Molise,Molise,305617,16368,5.36,0.09
743,2021-02-21,MOL,573,227,346,1,4,0,568,0,0,571,2,ITF,ITF2,14,Molise,Molise,305617,16941,5.54,0.19
744,2021-02-02,MOL,486,155,331,295,63,128,0,0,0,163,323,ITF,ITF2,14,Molise,Molise,305617,17427,5.7,0.16
745,2021-03-12,MOL,1156,489,667,38,653,0,0,68,397,1120,36,ITF,ITF2,14,Molise,Molise,305617,18583,6.08,0.38
746,2021-01-12,MOL,336,114,222,132,75,129,0,0,0,336,0,ITF,ITF2,14,Molise,Molise,305617,18919,6.19,0.11
747,2021-01-18,MOL,114,48,66,97,17,0,0,0,0,114,0,ITF,ITF2,14,Molise,Molise,305617,19033,6.23,0.04
748,2021-01-08,MOL,429,141,288,244,65,120,0,0,0,429,0,ITF,ITF2,14,Molise,Molise,305617,19462,6.37,0.14
749,2021-03-14,MOL,594,239,355,2,592,0,0,0,0,16,578,ITF,ITF2,14,Molise,Molise,305617,20056,6.56,0.19
750,2021-02-28,MOL,828,331,497,38,763,27,0,0,0,786,42,ITF,ITF2,14,Molise,Molise,305617,20884,6.83,0.27
751,2021-02-10,MOL,150,78,72,91,6,53,0,0,0,130,20,ITF,ITF2,14,Molise,Molise,305617,21034,6.88,0.05
752,2021-02-15,MOL,144,70,74,117,12,15,0,0,0,141,3,ITF,ITF2,14,Molise,Molise,305617,21178,6.93,0.05
753,2021-01-26,MOL,450,184,266,444,5,0,0,0,1,8,442,ITF,ITF2,14,Molise,Molise,305617,21628,7.08,0.15
754,2021-02-18,MOL,319,74,245,296,23,0,0,0,0,306,13,ITF,ITF2,14,Molise,Molise,305617,21947,7.18,0.1
755,2021-02-22,MOL,265,129,136,56,139,62,8,0,0,250,15,ITF,ITF2,14,Molise,Molise,305617,22212,7.27,0.09
756,2020-12-27,MOL,50,20,30,29,4,17,0,0,0,50,0,ITF,ITF2,14,Molise,Molise,305617,22262,7.28,0.02
757,2021-02-01,MOL,562,201,361,301,149,111,0,0,1,14,548,ITF,ITF2,14,Molise,Molise,305617,22824,7.47,0.18
758,2021-02-08,MOL,334,141,193,206,43,85,0,0,0,216,118,ITF,ITF2,14,Molise,Molise,305617,23158,7.58,0.11
759,2021-03-19,MOL,896,376,520,13,785,0,0,2,96,495,401,ITF,ITF2,14,Molise,Molise,305617,24054,7.87,0.29
760,2021-03-16,MOL,594,225,369,13,566,11,0,4,0,247,347,ITF,ITF2,14,Molise,Molise,305617,24648,8.06,0.19
761,2021-02-05,MOL,593,269,324,460,70,63,0,0,0,55,538,ITF,ITF2,14,Molise,Molise,305617,25241,8.26,0.19
762,2021-01-17,MOL,78,38,40,78,0,0,0,0,0,48,30,ITF,ITF2,14,Molise,Molise,305617,25319,8.28,0.03
763,2021-03-06,MOL,1728,807,921,156,1415,0,5,152,0,1569,159,ITF,ITF2,14,Molise,Molise,305617,27047,8.85,0.57
764,2021-03-17,MOL,894,381,513,34,805,42,0,12,1,563,331,ITF,ITF2,14,Molise,Molise,305617,27941,9.14,0.29
765,2021-03-03,MOL,672,316,356,63,389,48,0,45,127,590,82,ITF,ITF2,14,Molise,Molise,305617,28613,9.36,0.22
766,2021-01-16,MOL,420,166,254,270,23,127,0,0,0,420,0,ITF,ITF2,14,Molise,Molise,305617,29033,9.5,0.14
767,2021-01-06,MOL,689,260,429,456,62,171,0,0,0,689,0,ITF,ITF2,14,Molise,Molise,305617,29722,9.73,0.23
768,2021-01-30,MOL,461,158,303,189,92,180,0,0,0,12,449,ITF,ITF2,14,Molise,Molise,305617,30183,9.88,0.15
769,2021-03-04,MOL,850,417,433,252,493,69,0,36,0,526,324,ITF,ITF2,14,Molise,Molise,305617,31033,10.15,0.28
770,2021-01-14,MOL,646,239,407,418,113,115,0,0,0,646,0,ITF,ITF2,14,Molise,Molise,305617,31679,10.37,0.21
771,2021-03-11,MOL,695,315,380,18,258,12,0,147,260,689,6,ITF,ITF2,14,Molise,Molise,305617,32374,10.59,0.23
772,2021-01-25,MOL,319,130,189,317,0,0,0,0,2,3,316,ITF,ITF2,14,Molise,Molise,305617,32693,10.7,0.1
773,2021-02-12,MOL,330,149,181,224,32,72,0,0,2,208,122,ITF,ITF2,14,Molise,Molise,305617,33023,10.81,0.11
774,2021-01-20,MOL,18,8,10,14,4,0,0,0,0,18,0,ITF,ITF2,14,Molise,Molise,305617,33041,10.81,0.01
775,2021-03-08,MOL,1376,522,854,359,514,23,0,76,404,1236,140,ITF,ITF2,14,Molise,Molise,305617,34417,11.26,0.45
776,2021-01-07,MOL,598,209,389,414,39,145,0,0,0,598,0,ITF,ITF2,14,Molise,Molise,305617,35015,11.46,0.2
777,2021-03-15,MOL,832,338,494,137,271,66,0,61,297,587,245,ITF,ITF2,14,Molise,Molise,305617,35847,11.73,0.27
778,2021-02-19,MOL,169,93,76,95,70,1,0,0,3,167,2,ITF,ITF2,14,Molise,Molise,305617,36016,11.78,0.06
779,2021-01-28,MOL,613,217,396,430,28,154,0,0,1,17,596,ITF,ITF2,14,Molise,Molise,305617,36629,11.99,0.2
780,2021-01-22,MOL,126,35,91,21,32,73,0,0,0,126,0,ITF,ITF2,14,Molise,Molise,305617,36755,12.03,0.04
781,2021-01-11,MOL,557,194,363,196,250,111,0,0,0,557,0,ITF,ITF2,14,Molise,Molise,305617,37312,12.21,0.18
782,2021-02-20,MOL,1018,441,577,20,57,8,933,0,0,998,20,ITF,ITF2,14,Molise,Molise,305617,38330,12.54,0.33
783,2021-02-03,MOL,731,249,482,391,159,180,0,0,1,338,393,ITF,ITF2,14,Molise,Molise,305617,39061,12.78,0.24
784,2021-01-05,MOL,449,180,269,441,8,0,0,0,0,449,0,ITF,ITF2,14,Molise,Molise,305617,39510,12.93,0.15
785,2021-01-19,MOL,173,63,110,90,59,22,0,0,2,162,11,ITF,ITF2,14,Molise,Molise,305617,39683,12.98,0.06
786,2021-03-02,MOL,666,383,283,98,253,51,0,113,151,508,158,ITF,ITF2,14,Molise,Molise,305617,40349,13.2,0.22
787,2021-03-13,MOL,1189,594,595,29,1004,5,0,151,0,200,989,ITF,ITF2,14,Molise,Molise,305617,41538,13.59,0.39
788,2021-02-13,MOL,132,80,52,129,3,0,0,0,0,132,0,ITF,ITF2,14,Molise,Molise,305617,41670,13.63,0.04
789,2021-01-21,MOL,6,2,4,0,6,0,0,0,0,6,0,ITF,ITF2,14,Molise,Molise,305617,41676,13.64,0.0
790,2021-02-27,LIG,1886,920,966,139,541,5,1201,0,0,1757,129,ITC,ITC3,7,Liguria,Liguria,1550640,1886,0.12,0.12
791,2021-01-29,LIG,3040,1057,1983,2298,311,429,0,0,2,66,2974,ITC,ITC3,7,Liguria,Liguria,1550640,4926,0.32,0.2
792,2021-03-10,LIG,5693,2752,2941,814,786,85,3602,405,1,3796,1897,ITC,ITC3,7,Liguria,Liguria,1550640,10619,0.68,0.37
793,2021-03-08,LIG,5579,2440,3139,1121,526,80,3539,306,7,3894,1685,ITC,ITC3,7,Liguria,Liguria,1550640,16198,1.04,0.36
794,2021-02-13,LIG,1079,508,571,543,135,147,254,0,0,800,279,ITC,ITC3,7,Liguria,Liguria,1550640,17277,1.11,0.07
795,2021-01-08,LIG,2926,999,1927,2084,406,431,0,1,4,2926,0,ITC,ITC3,7,Liguria,Liguria,1550640,20203,1.3,0.19
796,2021-01-07,LIG,3166,1076,2090,2313,420,428,0,1,4,3166,0,ITC,ITC3,7,Liguria,Liguria,1550640,23369,1.51,0.2
797,2021-01-13,LIG,2753,1012,1741,1912,350,487,0,0,4,2753,0,ITC,ITC3,7,Liguria,Liguria,1550640,26122,1.68,0.18
798,2021-01-30,LIG,1661,567,1094,1261,141,257,0,0,2,25,1636,ITC,ITC3,7,Liguria,Liguria,1550640,27783,1.79,0.11
799,2021-02-06,LIG,1891,767,1124,1309,206,375,0,0,1,145,1746,ITC,ITC3,7,Liguria,Liguria,1550640,29674,1.91,0.12
800,2021-01-19,LIG,1356,429,927,709,316,328,0,0,3,1266,90,ITC,ITC3,7,Liguria,Liguria,1550640,31030,2.0,0.09
801,2021-01-14,LIG,2977,1053,1924,1868,555,553,0,0,1,2977,0,ITC,ITC3,7,Liguria,Liguria,1550640,34007,2.19,0.19
802,2021-02-16,LIG,2391,948,1443,982,410,283,714,0,2,1998,393,ITC,ITC3,7,Liguria,Liguria,1550640,36398,2.35,0.15
803,2021-03-02,LIG,4037,1667,2370,724,176,76,3056,1,4,3727,310,ITC,ITC3,7,Liguria,Liguria,1550640,40435,2.61,0.26
804,2021-03-01,LIG,3490,1421,2069,528,119,105,2737,0,1,3368,122,ITC,ITC3,7,Liguria,Liguria,1550640,43925,2.83,0.23
805,2021-02-24,LIG,3734,1548,2186,796,264,150,2523,0,1,3476,258,ITC,ITC3,7,Liguria,Liguria,1550640,47659,3.07,0.24
806,2021-02-23,LIG,3795,1559,2236,682,270,113,2727,2,1,3686,109,ITC,ITC3,7,Liguria,Liguria,1550640,51454,3.32,0.24
807,2021-02-17,LIG,2622,1165,1457,882,362,262,1115,0,1,2259,363,ITC,ITC3,7,Liguria,Liguria,1550640,54076,3.49,0.17
808,2021-01-25,LIG,2717,888,1829,2208,190,317,0,0,2,471,2246,ITC,ITC3,7,Liguria,Liguria,1550640,56793,3.66,0.18
809,2021-02-12,LIG,1906,681,1225,863,221,391,430,0,1,987,919,ITC,ITC3,7,Liguria,Liguria,1550640,58699,3.79,0.12
810,2021-02-26,LIG,3733,1509,2224,779,223,168,2561,0,2,3405,328,ITC,ITC3,7,Liguria,Liguria,1550640,62432,4.03,0.24
811,2021-03-04,LIG,4719,2112,2607,919,317,277,2920,282,4,3889,830,ITC,ITC3,7,Liguria,Liguria,1550640,67151,4.33,0.3
812,2021-03-09,LIG,5735,2663,3072,1027,621,131,3423,533,0,4312,1423,ITC,ITC3,7,Liguria,Liguria,1550640,72886,4.7,0.37
813,2021-01-26,LIG,2480,802,1678,1963,261,251,0,0,5,104,2376,ITC,ITC3,7,Liguria,Liguria,1550640,75366,4.86,0.16
814,2021-01-27,LIG,1743,603,1140,1336,179,227,0,0,1,142,1601,ITC,ITC3,7,Liguria,Liguria,1550640,77109,4.97,0.11
815,2021-02-14,LIG,233,122,111,31,30,112,60,0,0,233,0,ITC,ITC3,7,Liguria,Liguria,1550640,77342,4.99,0.02
816,2021-01-05,LIG,2878,896,1982,2307,303,261,0,0,7,2878,0,ITC,ITC3,7,Liguria,Liguria,1550640,80220,5.17,0.19
817,2021-01-15,LIG,2245,751,1494,1323,408,512,0,0,2,2245,0,ITC,ITC3,7,Liguria,Liguria,1550640,82465,5.32,0.14
818,2021-02-19,LIG,3092,1279,1813,987,592,97,1413,0,3,2916,176,ITC,ITC3,7,Liguria,Liguria,1550640,85557,5.52,0.2
819,2021-02-18,LIG,2756,1126,1630,953,422,349,1030,0,2,2428,328,ITC,ITC3,7,Liguria,Liguria,1550640,88313,5.7,0.18
820,2021-03-06,LIG,3243,1818,1425,373,788,120,1490,472,0,2538,705,ITC,ITC3,7,Liguria,Liguria,1550640,91556,5.9,0.21
821,2021-01-12,LIG,2393,862,1531,1726,269,396,0,0,2,2393,0,ITC,ITC3,7,Liguria,Liguria,1550640,93949,6.06,0.15
822,2021-02-08,LIG,1858,716,1142,1224,385,242,0,0,7,306,1552,ITC,ITC3,7,Liguria,Liguria,1550640,95807,6.18,0.12
823,2021-02-11,LIG,1952,757,1195,1233,258,455,0,0,6,1091,861,ITC,ITC3,7,Liguria,Liguria,1550640,97759,6.3,0.13
824,2021-01-20,LIG,1450,529,921,693,330,425,0,0,2,1438,12,ITC,ITC3,7,Liguria,Liguria,1550640,99209,6.4,0.09
825,2021-01-28,LIG,2840,968,1872,2237,288,309,0,1,5,40,2800,ITC,ITC3,7,Liguria,Liguria,1550640,102049,6.58,0.18
826,2021-03-19,LIG,3235,1382,1853,455,254,14,2507,1,4,1203,2032,ITC,ITC3,7,Liguria,Liguria,1550640,105284,6.79,0.21
827,2021-02-01,LIG,2440,904,1536,1912,212,315,0,0,1,76,2364,ITC,ITC3,7,Liguria,Liguria,1550640,107724,6.95,0.16
828,2020-12-29,LIG,125,33,92,93,11,21,0,0,0,125,0,ITC,ITC3,7,Liguria,Liguria,1550640,107849,6.96,0.01
829,2021-01-01,LIG,144,55,89,139,5,0,0,0,0,144,0,ITC,ITC3,7,Liguria,Liguria,1550640,107993,6.96,0.01
830,2021-03-13,LIG,3521,1493,2028,328,710,72,1501,120,790,2668,853,ITC,ITC3,7,Liguria,Liguria,1550640,111514,7.19,0.23
831,2021-03-12,LIG,5986,2761,3225,1192,918,77,3358,437,4,3540,2446,ITC,ITC3,7,Liguria,Liguria,1550640,117500,7.58,0.39
832,2021-01-18,LIG,2125,740,1385,1247,430,438,0,0,10,1968,157,ITC,ITC3,7,Liguria,Liguria,1550640,119625,7.71,0.14
833,2021-01-16,LIG,1278,557,721,753,225,299,0,0,1,1278,0,ITC,ITC3,7,Liguria,Liguria,1550640,120903,7.8,0.08
834,2021-02-22,LIG,3307,1451,1856,701,211,226,2167,0,2,3169,138,ITC,ITC3,7,Liguria,Liguria,1550640,124210,8.01,0.21
835,2021-02-02,LIG,2598,979,1619,1947,228,421,0,0,2,198,2400,ITC,ITC3,7,Liguria,Liguria,1550640,126808,8.18,0.17
836,2021-01-06,LIG,1660,616,1044,1230,250,113,64,0,3,1660,0,ITC,ITC3,7,Liguria,Liguria,1550640,128468,8.28,0.11
837,2021-01-10,LIG,648,262,386,369,103,176,0,0,0,648,0,ITC,ITC3,7,Liguria,Liguria,1550640,129116,8.33,0.04
838,2021-03-16,LIG,5748,2516,3232,828,490,177,4245,3,5,2295,3453,ITC,ITC3,7,Liguria,Liguria,1550640,134864,8.7,0.37
839,2021-01-21,LIG,1102,385,717,584,185,332,1,0,0,672,430,ITC,ITC3,7,Liguria,Liguria,1550640,135966,8.77,0.07
840,2021-01-31,LIG,624,270,354,418,71,135,0,0,0,9,615,ITC,ITC3,7,Liguria,Liguria,1550640,136590,8.81,0.04
841,2021-02-10,LIG,2275,827,1448,1350,419,496,5,0,5,1014,1261,ITC,ITC3,7,Liguria,Liguria,1550640,138865,8.96,0.15
842,2021-02-20,LIG,1334,636,698,159,464,122,589,0,0,1333,1,ITC,ITC3,7,Liguria,Liguria,1550640,140199,9.04,0.09
843,2021-02-07,LIG,407,153,254,191,29,187,0,0,0,2,405,ITC,ITC3,7,Liguria,Liguria,1550640,140606,9.07,0.03
844,2020-12-31,LIG,988,354,634,750,55,155,28,0,0,988,0,ITC,ITC3,7,Liguria,Liguria,1550640,141594,9.13,0.06
845,2021-03-11,LIG,6164,2957,3207,1137,614,262,3653,496,2,4159,2005,ITC,ITC3,7,Liguria,Liguria,1550640,147758,9.53,0.4
846,2021-03-17,LIG,5406,2332,3074,751,363,40,4244,2,6,2421,2985,ITC,ITC3,7,Liguria,Liguria,1550640,153164,9.88,0.35
847,2021-02-09,LIG,1893,680,1213,1080,336,455,0,0,22,256,1637,ITC,ITC3,7,Liguria,Liguria,1550640,155057,10.0,0.12
848,2021-01-04,LIG,2516,826,1690,2157,235,121,0,0,3,2516,0,ITC,ITC3,7,Liguria,Liguria,1550640,157573,10.16,0.16
849,2021-03-15,LIG,6816,2905,3911,768,1232,10,3682,206,918,4286,2530,ITC,ITC3,7,Liguria,Liguria,1550640,164389,10.6,0.44
850,2021-02-21,LIG,869,491,378,183,317,102,267,0,0,865,4,ITC,ITC3,7,Liguria,Liguria,1550640,165258,10.66,0.06
851,2021-02-15,LIG,2254,837,1417,1083,265,241,662,1,2,1861,393,ITC,ITC3,7,Liguria,Liguria,1550640,167512,10.8,0.15
852,2021-02-04,LIG,2813,984,1829,1865,468,471,0,1,8,179,2634,ITC,ITC3,7,Liguria,Liguria,1550640,170325,10.98,0.18
853,2021-01-17,LIG,861,300,561,516,82,262,0,0,1,861,0,ITC,ITC3,7,Liguria,Liguria,1550640,171186,11.04,0.06
854,2021-02-28,LIG,1060,581,479,12,571,3,474,0,0,1059,1,ITC,ITC3,7,Liguria,Liguria,1550640,172246,11.11,0.07
855,2021-01-23,LIG,809,295,514,633,132,43,0,0,1,153,656,ITC,ITC3,7,Liguria,Liguria,1550640,173055,11.16,0.05
856,2020-12-30,LIG,12,5,7,12,0,0,0,0,0,12,0,ITC,ITC3,7,Liguria,Liguria,1550640,173067,11.16,0.0
857,2021-02-25,LIG,3438,1346,2092,550,213,88,2584,2,1,3309,129,ITC,ITC3,7,Liguria,Liguria,1550640,176505,11.38,0.22
858,2020-12-27,LIG,135,56,79,88,2,45,0,0,0,135,0,ITC,ITC3,7,Liguria,Liguria,1550640,176640,11.39,0.01
859,2020-12-28,LIG,80,30,50,77,3,0,0,0,0,80,0,ITC,ITC3,7,Liguria,Liguria,1550640,176720,11.4,0.01
860,2021-01-24,LIG,755,236,519,632,63,60,0,0,0,113,642,ITC,ITC3,7,Liguria,Liguria,1550640,177475,11.45,0.05
861,2021-01-02,LIG,691,245,446,595,96,0,0,0,0,691,0,ITC,ITC3,7,Liguria,Liguria,1550640,178166,11.49,0.04
862,2021-01-11,LIG,2651,990,1661,1989,345,316,0,0,1,2651,0,ITC,ITC3,7,Liguria,Liguria,1550640,180817,11.66,0.17
863,2021-01-09,LIG,1335,481,854,998,147,188,0,0,2,1335,0,ITC,ITC3,7,Liguria,Liguria,1550640,182152,11.75,0.09
864,2021-03-03,LIG,4521,1811,2710,1029,242,288,2954,3,5,3528,993,ITC,ITC3,7,Liguria,Liguria,1550640,186673,12.04,0.29
865,2021-03-07,LIG,1858,1085,773,184,524,258,508,383,1,1557,301,ITC,ITC3,7,Liguria,Liguria,1550640,188531,12.16,0.12
866,2021-01-03,LIG,734,230,504,658,75,0,0,0,1,734,0,ITC,ITC3,7,Liguria,Liguria,1550640,189265,12.21,0.05
867,2021-02-03,LIG,2241,771,1470,1601,257,382,0,0,1,54,2187,ITC,ITC3,7,Liguria,Liguria,1550640,191506,12.35,0.14
868,2021-02-05,LIG,2628,975,1653,1728,432,464,0,0,4,301,2327,ITC,ITC3,7,Liguria,Liguria,1550640,194134,12.52,0.17
869,2021-03-14,LIG,1648,747,901,64,383,176,567,27,431,1044,604,ITC,ITC3,7,Liguria,Liguria,1550640,195782,12.63,0.11
870,2021-01-22,LIG,1811,602,1209,1063,183,565,0,0,0,1326,485,ITC,ITC3,7,Liguria,Liguria,1550640,197593,12.74,0.12
871,2021-03-18,LIG,4934,2112,2822,622,541,80,3680,6,5,1991,2943,ITC,ITC3,7,Liguria,Liguria,1550640,202527,13.06,0.32
872,2021-03-05,LIG,4852,2142,2710,800,325,81,3329,312,5,3728,1124,ITC,ITC3,7,Liguria,Liguria,1550640,207379,13.37,0.31
873,2021-03-02,ABR,3963,1676,2287,934,439,53,1856,276,405,3279,684,ITF,ITF1,13,Abruzzo,Abruzzo,1304970,3963,0.3,0.3
874,2021-01-11,ABR,1551,557,994,1337,166,48,0,0,0,1551,0,ITF,ITF1,13,Abruzzo,Abruzzo,1304970,5514,0.42,0.12
875,2021-03-13,ABR,4124,1420,2704,518,988,137,1401,23,1057,3081,1043,ITF,ITF1,13,Abruzzo,Abruzzo,1304970,9638,0.74,0.32
876,2021-03-12,ABR,6021,1988,4033,1005,875,135,1700,117,2189,4438,1583,ITF,ITF1,13,Abruzzo,Abruzzo,1304970,15659,1.2,0.46
877,2021-01-16,ABR,927,428,499,710,202,15,0,0,0,927,0,ITF,ITF1,13,Abruzzo,Abruzzo,1304970,16586,1.27,0.07
878,2021-03-17,ABR,4542,1876,2666,285,213,144,3872,17,11,2799,1743,ITF,ITF1,13,Abruzzo,Abruzzo,1304970,21128,1.62,0.35
879,2021-02-28,ABR,1707,511,1196,23,34,0,79,149,1422,1705,2,ITF,ITF1,13,Abruzzo,Abruzzo,1304970,22835,1.75,0.13
880,2021-01-17,ABR,187,59,128,136,51,0,0,0,0,180,7,ITF,ITF1,13,Abruzzo,Abruzzo,1304970,23022,1.76,0.01
881,2021-02-18,ABR,2291,934,1357,670,380,416,610,215,0,2161,130,ITF,ITF1,13,Abruzzo,Abruzzo,1304970,25313,1.94,0.18
882,2021-01-09,ABR,1483,565,918,1430,53,0,0,0,0,1483,0,ITF,ITF1,13,Abruzzo,Abruzzo,1304970,26796,2.05,0.11
883,2021-01-08,ABR,1525,507,1018,1487,38,0,0,0,0,1525,0,ITF,ITF1,13,Abruzzo,Abruzzo,1304970,28321,2.17,0.12
884,2021-02-19,ABR,3301,1552,1749,990,433,371,1111,388,8,3201,100,ITF,ITF1,13,Abruzzo,Abruzzo,1304970,31622,2.42,0.25
885,2021-01-07,ABR,1603,552,1051,1566,37,0,0,0,0,1603,0,ITF,ITF1,13,Abruzzo,Abruzzo,1304970,33225,2.55,0.12
886,2021-03-04,ABR,5936,2358,3578,1170,535,93,2992,328,818,5015,921,ITF,ITF1,13,Abruzzo,Abruzzo,1304970,39161,3.0,0.45
887,2021-01-24,ABR,50,22,28,49,1,0,0,0,0,6,44,ITF,ITF1,13,Abruzzo,Abruzzo,1304970,39211,3.0,0.0
888,2021-02-22,ABR,2644,1175,1469,477,357,46,1094,419,251,2614,30,ITF,ITF1,13,Abruzzo,Abruzzo,1304970,41855,3.21,0.2
889,2021-02-11,ABR,816,262,554,473,189,154,0,0,0,773,43,ITF,ITF1,13,Abruzzo,Abruzzo,1304970,42671,3.27,0.06
890,2021-03-16,ABR,3486,1453,2033,284,166,169,2849,6,12,1831,1655,ITF,ITF1,13,Abruzzo,Abruzzo,1304970,46157,3.54,0.27
891,2021-01-13,ABR,1253,440,813,1103,150,0,0,0,0,1253,0,ITF,ITF1,13,Abruzzo,Abruzzo,1304970,47410,3.63,0.1
892,2021-03-07,ABR,2523,630,1893,28,210,0,461,1,1823,2523,0,ITF,ITF1,13,Abruzzo,Abruzzo,1304970,49933,3.83,0.19
893,2021-03-14,ABR,1883,731,1152,8,150,0,1476,0,249,1216,667,ITF,ITF1,13,Abruzzo,Abruzzo,1304970,51816,3.97,0.14
894,2021-01-10,ABR,1139,409,730,1091,48,0,0,0,0,1139,0,ITF,ITF1,13,Abruzzo,Abruzzo,1304970,52955,4.06,0.09
895,2021-02-20,ABR,4781,1842,2939,310,569,192,1417,406,1887,4705,76,ITF,ITF1,13,Abruzzo,Abruzzo,1304970,57736,4.42,0.37
896,2021-03-05,ABR,5261,1937,3324,561,457,107,2582,202,1352,4564,697,ITF,ITF1,13,Abruzzo,Abruzzo,1304970,62997,4.83,0.4
897,2021-01-22,ABR,118,57,61,2,4,112,0,0,0,118,0,ITF,ITF1,13,Abruzzo,Abruzzo,1304970,63115,4.84,0.01
898,2021-02-26,ABR,3919,1671,2248,1025,565,160,1650,257,262,2950,969,ITF,ITF1,13,Abruzzo,Abruzzo,1304970,67034,5.14,0.3
899,2021-01-12,ABR,1804,666,1138,1470,334,0,0,0,0,1804,0,ITF,ITF1,13,Abruzzo,Abruzzo,1304970,68838,5.28,0.14
900,2021-02-12,ABR,968,319,649,438,220,310,0,0,0,779,189,ITF,ITF1,13,Abruzzo,Abruzzo,1304970,69806,5.35,0.07
901,2021-03-06,ABR,4174,1354,2820,432,368,52,1748,15,1559,3604,570,ITF,ITF1,13,Abruzzo,Abruzzo,1304970,73980,5.67,0.32
902,2021-01-23,ABR,263,114,149,223,14,26,0,0,0,57,206,ITF,ITF1,13,Abruzzo,Abruzzo,1304970,74243,5.69,0.02
903,2021-02-09,ABR,908,311,597,612,165,131,0,0,0,499,409,ITF,ITF1,13,Abruzzo,Abruzzo,1304970,75151,5.76,0.07
904,2021-02-04,ABR,1681,616,1065,1168,456,57,0,0,0,609,1072,ITF,ITF1,13,Abruzzo,Abruzzo,1304970,76832,5.89,0.13
905,2021-02-05,ABR,1535,520,1015,1188,241,106,0,0,0,788,747,ITF,ITF1,13,Abruzzo,Abruzzo,1304970,78367,6.01,0.12
906,2021-02-15,ABR,1796,831,965,625,487,221,217,246,0,1754,42,ITF,ITF1,13,Abruzzo,Abruzzo,1304970,80163,6.14,0.14
907,2021-02-13,ABR,845,383,462,549,224,72,0,0,0,437,408,ITF,ITF1,13,Abruzzo,Abruzzo,1304970,81008,6.21,0.06
908,2021-03-01,ABR,3485,1390,2095,697,293,174,1911,128,282,2722,763,ITF,ITF1,13,Abruzzo,Abruzzo,1304970,84493,6.47,0.27
909,2021-03-08,ABR,5127,1669,3458,1190,507,112,1019,104,2195,4153,974,ITF,ITF1,13,Abruzzo,Abruzzo,1304970,89620,6.87,0.39
910,2020-12-27,ABR,37,19,18,34,1,2,0,0,0,37,0,ITF,ITF1,13,Abruzzo,Abruzzo,1304970,89657,6.87,0.0
911,2021-01-30,ABR,1509,566,943,1348,114,47,0,0,0,69,1440,ITF,ITF1,13,Abruzzo,Abruzzo,1304970,91166,6.99,0.12
912,2021-01-02,ABR,548,218,330,540,8,0,0,0,0,548,0,ITF,ITF1,13,Abruzzo,Abruzzo,1304970,91714,7.03,0.04
913,2021-02-06,ABR,1611,742,869,1168,371,72,0,0,0,602,1009,ITF,ITF1,13,Abruzzo,Abruzzo,1304970,93325,7.15,0.12
914,2021-03-19,ABR,1497,677,820,209,71,30,1171,16,0,591,906,ITF,ITF1,13,Abruzzo,Abruzzo,1304970,94822,7.27,0.11
915,2021-02-07,ABR,777,307,470,646,130,1,0,0,0,201,576,ITF,ITF1,13,Abruzzo,Abruzzo,1304970,95599,7.33,0.06
916,2021-03-18,ABR,3896,1651,2245,281,286,3,3297,22,7,2065,1831,ITF,ITF1,13,Abruzzo,Abruzzo,1304970,99495,7.62,0.3
917,2021-03-15,ABR,3516,1377,2139,656,569,78,1963,41,209,1701,1815,ITF,ITF1,13,Abruzzo,Abruzzo,1304970,103011,7.89,0.27
918,2021-02-03,ABR,2061,717,1344,1541,402,118,0,0,0,419,1642,ITF,ITF1,13,Abruzzo,Abruzzo,1304970,105072,8.05,0.16
919,2021-02-21,ABR,1221,551,670,2,4,3,1210,2,0,1220,1,ITF,ITF1,13,Abruzzo,Abruzzo,1304970,106293,8.15,0.09
920,2021-01-21,ABR,157,47,110,10,6,141,0,0,0,157,0,ITF,ITF1,13,Abruzzo,Abruzzo,1304970,106450,8.16,0.01
921,2021-01-04,ABR,1401,575,826,1396,5,0,0,0,0,1401,0,ITF,ITF1,13,Abruzzo,Abruzzo,1304970,107851,8.26,0.11
922,2021-03-11,ABR,5422,2186,3236,1322,558,241,1539,199,1563,4283,1139,ITF,ITF1,13,Abruzzo,Abruzzo,1304970,113273,8.68,0.42
923,2021-01-28,ABR,1433,495,938,1370,62,1,0,0,0,12,1421,ITF,ITF1,13,Abruzzo,Abruzzo,1304970,114706,8.79,0.11
924,2021-01-03,ABR,471,185,286,464,7,0,0,0,0,471,0,ITF,ITF1,13,Abruzzo,Abruzzo,1304970,115177,8.83,0.04
925,2021-01-19,ABR,111,55,56,27,34,50,0,0,0,91,20,ITF,ITF1,13,Abruzzo,Abruzzo,1304970,115288,8.83,0.01
926,2021-02-01,ABR,1632,573,1059,1384,247,1,0,0,0,271,1361,ITF,ITF1,13,Abruzzo,Abruzzo,1304970,116920,8.96,0.13
927,2021-02-24,ABR,3302,1439,1863,391,340,247,1967,226,131,3126,176,ITF,ITF1,13,Abruzzo,Abruzzo,1304970,120222,9.21,0.25
928,2021-01-29,ABR,1386,449,937,1290,96,0,0,0,0,74,1312,ITF,ITF1,13,Abruzzo,Abruzzo,1304970,121608,9.32,0.11
929,2021-01-20,ABR,447,156,291,147,96,204,0,0,0,445,2,ITF,ITF1,13,Abruzzo,Abruzzo,1304970,122055,9.35,0.03
930,2021-01-06,ABR,1830,664,1166,1546,151,133,0,0,0,1830,0,ITF,ITF1,13,Abruzzo,Abruzzo,1304970,123885,9.49,0.14
931,2021-02-17,ABR,2076,951,1125,512,241,394,718,210,1,1793,283,ITF,ITF1,13,Abruzzo,Abruzzo,1304970,125961,9.65,0.16
932,2021-01-25,ABR,1604,633,971,1584,20,0,0,0,0,20,1584,ITF,ITF1,13,Abruzzo,Abruzzo,1304970,127565,9.78,0.12
933,2021-02-27,ABR,2809,1337,1472,253,185,123,732,642,874,2543,266,ITF,ITF1,13,Abruzzo,Abruzzo,1304970,130374,9.99,0.22
934,2021-01-05,ABR,1614,604,1010,1604,10,0,0,0,0,1614,0,ITF,ITF1,13,Abruzzo,Abruzzo,1304970,131988,10.11,0.12
935,2021-02-08,ABR,1201,398,803,710,227,264,0,0,0,491,710,ITF,ITF1,13,Abruzzo,Abruzzo,1304970,133189,10.21,0.09
936,2021-01-15,ABR,379,149,230,223,121,35,0,0,0,379,0,ITF,ITF1,13,Abruzzo,Abruzzo,1304970,133568,10.24,0.03
937,2021-01-18,ABR,122,48,74,106,14,2,0,0,0,46,76,ITF,ITF1,13,Abruzzo,Abruzzo,1304970,133690,10.24,0.01
938,2021-01-14,ABR,530,189,341,364,166,0,0,0,0,530,0,ITF,ITF1,13,Abruzzo,Abruzzo,1304970,134220,10.29,0.04
939,2021-03-03,ABR,4627,1881,2746,1222,583,36,1585,346,855,3721,906,ITF,ITF1,13,Abruzzo,Abruzzo,1304970,138847,10.64,0.35
940,2021-02-23,ABR,2784,1274,1510,324,423,215,1436,286,100,2773,11,ITF,ITF1,13,Abruzzo,Abruzzo,1304970,141631,10.85,0.21
941,2021-03-10,ABR,4948,1640,3308,735,455,242,1518,127,1871,3992,956,ITF,ITF1,13,Abruzzo,Abruzzo,1304970,146579,11.23,0.38
942,2021-01-31,ABR,1502,488,1014,1154,245,103,0,0,0,287,1215,ITF,ITF1,13,Abruzzo,Abruzzo,1304970,148081,11.35,0.12
943,2021-01-27,ABR,1364,515,849,1301,63,0,0,0,0,39,1325,ITF,ITF1,13,Abruzzo,Abruzzo,1304970,149445,11.45,0.1
944,2021-03-09,ABR,5169,1795,3374,987,528,84,1320,204,2046,4230,939,ITF,ITF1,13,Abruzzo,Abruzzo,1304970,154614,11.85,0.4
945,2021-02-25,ABR,3086,1347,1739,615,557,18,1508,262,126,2558,528,ITF,ITF1,13,Abruzzo,Abruzzo,1304970,157700,12.08,0.24
946,2021-02-10,ABR,948,313,635,622,210,116,0,0,0,504,444,ITF,ITF1,13,Abruzzo,Abruzzo,1304970,158648,12.16,0.07
947,2021-01-26,ABR,1542,567,975,1513,29,0,0,0,0,29,1513,ITF,ITF1,13,Abruzzo,Abruzzo,1304970,160190,12.28,0.12
948,2021-02-16,ABR,1978,869,1109,841,513,139,410,75,0,1966,12,ITF,ITF1,13,Abruzzo,Abruzzo,1304970,162168,12.43,0.15
949,2021-02-02,ABR,1798,677,1121,1243,413,142,0,0,0,241,1557,ITF,ITF1,13,Abruzzo,Abruzzo,1304970,163966,12.56,0.14
950,2021-02-20,EMR,5309,2100,3209,406,239,155,4509,0,0,5045,264,ITH,ITH5,8,Emilia-Romagna,Emilia-Romagna,4459477,5309,0.12,0.12
951,2021-02-15,EMR,2890,845,2045,1981,463,157,289,0,0,2764,126,ITH,ITH5,8,Emilia-Romagna,Emilia-Romagna,4459477,8199,0.18,0.06
952,2021-01-19,EMR,2039,502,1537,745,135,1159,0,0,0,2022,17,ITH,ITH5,8,Emilia-Romagna,Emilia-Romagna,4459477,10238,0.23,0.05
953,2021-01-18,EMR,3125,879,2246,1681,316,1128,0,0,0,2448,677,ITH,ITH5,8,Emilia-Romagna,Emilia-Romagna,4459477,13363,0.3,0.07
954,2021-02-08,EMR,5185,1519,3666,2827,693,1478,186,0,1,2290,2895,ITH,ITH5,8,Emilia-Romagna,Emilia-Romagna,4459477,18548,0.42,0.12
955,2021-02-22,EMR,7462,3080,4382,386,218,129,6729,0,0,7199,263,ITH,ITH5,8,Emilia-Romagna,Emilia-Romagna,4459477,26010,0.58,0.17
956,2021-01-17,EMR,2889,887,2002,1913,425,547,0,0,4,2643,246,ITH,ITH5,8,Emilia-Romagna,Emilia-Romagna,4459477,28899,0.65,0.06
957,2020-12-31,EMR,2204,776,1428,1675,202,327,0,0,0,2204,0,ITH,ITH5,8,Emilia-Romagna,Emilia-Romagna,4459477,31103,0.7,0.05
958,2021-03-19,EMR,9686,4111,5575,693,1339,48,7495,31,80,3830,5856,ITH,ITH5,8,Emilia-Romagna,Emilia-Romagna,4459477,40789,0.91,0.22
959,2021-02-19,EMR,7283,2999,4284,818,368,257,5840,0,0,6780,503,ITH,ITH5,8,Emilia-Romagna,Emilia-Romagna,4459477,48072,1.08,0.16
960,2021-03-15,EMR,12545,5624,6921,789,1259,142,9058,777,520,6126,6419,ITH,ITH5,8,Emilia-Romagna,Emilia-Romagna,4459477,60617,1.36,0.28
961,2021-01-04,EMR,7258,2510,4748,6165,516,577,0,0,0,7258,0,ITH,ITH5,8,Emilia-Romagna,Emilia-Romagna,4459477,67875,1.52,0.16
962,2021-03-12,EMR,17486,7153,10333,1575,1799,250,9749,1094,3019,10805,6681,ITH,ITH5,8,Emilia-Romagna,Emilia-Romagna,4459477,85361,1.91,0.39
963,2021-02-03,EMR,9269,2972,6297,6227,1340,1617,85,0,0,953,8316,ITH,ITH5,8,Emilia-Romagna,Emilia-Romagna,4459477,94630,2.12,0.21
964,2021-01-03,EMR,2729,934,1795,2479,80,170,0,0,0,2729,0,ITH,ITH5,8,Emilia-Romagna,Emilia-Romagna,4459477,97359,2.18,0.06
965,2021-01-16,EMR,5592,1717,3875,3687,793,1108,0,3,1,5592,0,ITH,ITH5,8,Emilia-Romagna,Emilia-Romagna,4459477,102951,2.31,0.13
966,2021-02-01,EMR,10289,3595,6694,7446,1584,1259,0,0,0,366,9923,ITH,ITH5,8,Emilia-Romagna,Emilia-Romagna,4459477,113240,2.54,0.23
967,2021-01-07,EMR,10208,3381,6827,8181,959,1068,0,0,0,10208,0,ITH,ITH5,8,Emilia-Romagna,Emilia-Romagna,4459477,123448,2.77,0.23
968,2021-02-23,EMR,8188,3211,4977,407,316,111,7353,0,1,7804,384,ITH,ITH5,8,Emilia-Romagna,Emilia-Romagna,4459477,131636,2.95,0.18
969,2021-03-18,EMR,13186,5590,7596,448,2068,19,10601,1,49,5468,7718,ITH,ITH5,8,Emilia-Romagna,Emilia-Romagna,4459477,144822,3.25,0.3
970,2021-03-06,EMR,20280,5797,14483,2672,963,40,5859,517,10229,17588,2692,ITH,ITH5,8,Emilia-Romagna,Emilia-Romagna,4459477,165102,3.7,0.45
971,2021-03-16,EMR,11942,4873,7069,408,671,86,10648,6,123,4720,7222,ITH,ITH5,8,Emilia-Romagna,Emilia-Romagna,4459477,177044,3.97,0.27
972,2021-01-22,EMR,1827,477,1350,941,164,722,0,0,0,1088,739,ITH,ITH5,8,Emilia-Romagna,Emilia-Romagna,4459477,178871,4.01,0.04
973,2021-02-07,EMR,4786,1534,3252,3685,644,444,10,0,3,1727,3059,ITH,ITH5,8,Emilia-Romagna,Emilia-Romagna,4459477,183657,4.12,0.11
974,2021-01-06,EMR,8262,2941,5321,6850,761,650,0,1,0,8262,0,ITH,ITH5,8,Emilia-Romagna,Emilia-Romagna,4459477,191919,4.3,0.19
975,2021-01-23,EMR,2443,868,1575,1899,114,430,0,0,0,441,2002,ITH,ITH5,8,Emilia-Romagna,Emilia-Romagna,4459477,194362,4.36,0.05
976,2021-03-07,EMR,6528,2433,4095,1452,737,22,2555,513,1249,5013,1515,ITH,ITH5,8,Emilia-Romagna,Emilia-Romagna,4459477,200890,4.5,0.15
977,2021-03-02,EMR,11582,3804,7778,1921,785,221,5267,355,3033,9608,1974,ITH,ITH5,8,Emilia-Romagna,Emilia-Romagna,4459477,212472,4.76,0.26
978,2021-03-13,EMR,15657,6075,9582,1245,1281,73,8217,886,3955,10371,5286,ITH,ITH5,8,Emilia-Romagna,Emilia-Romagna,4459477,228129,5.12,0.35
979,2021-03-05,EMR,17477,5679,11798,3063,1476,244,6249,531,5914,14083,3394,ITH,ITH5,8,Emilia-Romagna,Emilia-Romagna,4459477,245606,5.51,0.39
980,2021-01-30,EMR,10037,3508,6529,7562,1706,769,0,0,0,143,9894,ITH,ITH5,8,Emilia-Romagna,Emilia-Romagna,4459477,255643,5.73,0.23
981,2021-01-11,EMR,9321,3265,6056,6572,1482,1267,0,0,0,9321,0,ITH,ITH5,8,Emilia-Romagna,Emilia-Romagna,4459477,264964,5.94,0.21
982,2021-01-25,EMR,6413,2128,4285,5231,504,678,0,0,0,221,6192,ITH,ITH5,8,Emilia-Romagna,Emilia-Romagna,4459477,271377,6.09,0.14
983,2021-03-10,EMR,18111,7308,10803,1314,1216,128,9888,1114,4451,12495,5616,ITH,ITH5,8,Emilia-Romagna,Emilia-Romagna,4459477,289488,6.49,0.41
984,2021-01-31,EMR,7692,2758,4934,6172,1259,261,0,0,0,242,7450,ITH,ITH5,8,Emilia-Romagna,Emilia-Romagna,4459477,297180,6.66,0.17
985,2021-03-14,EMR,8457,3617,4840,698,942,69,5494,359,895,4681,3776,ITH,ITH5,8,Emilia-Romagna,Emilia-Romagna,4459477,305637,6.85,0.19
986,2021-02-25,EMR,9150,3472,5678,793,514,140,7618,0,85,8199,951,ITH,ITH5,8,Emilia-Romagna,Emilia-Romagna,4459477,314787,7.06,0.21
987,2021-03-17,EMR,13418,5565,7853,347,1344,49,11659,0,19,5697,7721,ITH,ITH5,8,Emilia-Romagna,Emilia-Romagna,4459477,328205,7.36,0.3
988,2021-02-02,EMR,9430,3030,6400,6230,1490,1629,80,0,1,496,8934,ITH,ITH5,8,Emilia-Romagna,Emilia-Romagna,4459477,337635,7.57,0.21
989,2021-01-14,EMR,8085,2573,5512,5390,1088,1606,0,1,0,8085,0,ITH,ITH5,8,Emilia-Romagna,Emilia-Romagna,4459477,345720,7.75,0.18
990,2021-02-11,EMR,4244,1414,2830,2528,650,719,345,0,2,3406,838,ITH,ITH5,8,Emilia-Romagna,Emilia-Romagna,4459477,349964,7.85,0.1
991,2021-01-21,EMR,2151,725,1426,1282,216,653,0,0,0,809,1342,ITH,ITH5,8,Emilia-Romagna,Emilia-Romagna,4459477,352115,7.9,0.05
992,2021-03-04,EMR,16255,5293,10962,2594,1177,239,6346,511,5388,13264,2991,ITH,ITH5,8,Emilia-Romagna,Emilia-Romagna,4459477,368370,8.26,0.36
993,2021-02-26,EMR,7602,2881,4721,1008,622,217,5452,0,303,6566,1036,ITH,ITH5,8,Emilia-Romagna,Emilia-Romagna,4459477,375972,8.43,0.17
994,2021-01-13,EMR,9062,2938,6124,6005,1312,1744,0,0,1,9062,0,ITH,ITH5,8,Emilia-Romagna,Emilia-Romagna,4459477,385034,8.63,0.2
995,2021-01-24,EMR,2443,884,1559,2079,114,250,0,0,0,300,2143,ITH,ITH5,8,Emilia-Romagna,Emilia-Romagna,4459477,387477,8.69,0.05
996,2021-02-13,EMR,3603,1077,2526,2779,493,145,186,0,0,3005,598,ITH,ITH5,8,Emilia-Romagna,Emilia-Romagna,4459477,391080,8.77,0.08
997,2021-02-06,EMR,7526,2379,5147,5358,946,1172,50,0,0,2120,5406,ITH,ITH5,8,Emilia-Romagna,Emilia-Romagna,4459477,398606,8.94,0.17
998,2021-02-05,EMR,9293,2959,6334,6211,1287,1607,187,0,1,1625,7668,ITH,ITH5,8,Emilia-Romagna,Emilia-Romagna,4459477,407899,9.15,0.21
999,2021-02-17,EMR,6533,2761,3772,803,1278,404,4048,0,0,5760,773,ITH,ITH5,8,Emilia-Romagna,Emilia-Romagna,4459477,414432,9.29,0.15
1000,2021-02-16,EMR,5728,2427,3301,743,908,437,3640,0,0,5198,530,ITH,ITH5,8,Emilia-Romagna,Emilia-Romagna,4459477,420160,9.42,0.13
1001,2021-02-18,EMR,7043,2892,4151,891,531,236,5385,0,0,6461,582,ITH,ITH5,8,Emilia-Romagna,Emilia-Romagna,4459477,427203,9.58,0.16
1002,2021-03-08,EMR,11425,4502,6923,2297,1031,295,4272,1212,2318,8802,2623,ITH,ITH5,8,Emilia-Romagna,Emilia-Romagna,4459477,438628,9.84,0.26
1003,2021-01-15,EMR,7698,2392,5306,5296,1084,1317,0,0,1,7698,0,ITH,ITH5,8,Emilia-Romagna,Emilia-Romagna,4459477,446326,10.01,0.17
1004,2021-02-27,EMR,10941,3987,6954,1719,499,114,7671,0,938,9210,1731,ITH,ITH5,8,Emilia-Romagna,Emilia-Romagna,4459477,457267,10.25,0.25
1005,2021-01-09,EMR,9874,3425,6449,7824,1169,881,0,0,0,9874,0,ITH,ITH5,8,Emilia-Romagna,Emilia-Romagna,4459477,467141,10.48,0.22
1006,2021-01-08,EMR,10808,3555,7253,8454,1274,1080,0,0,0,10808,0,ITH,ITH5,8,Emilia-Romagna,Emilia-Romagna,4459477,477949,10.72,0.24
1007,2021-02-24,EMR,9270,3542,5728,639,582,220,7766,0,63,8411,859,ITH,ITH5,8,Emilia-Romagna,Emilia-Romagna,4459477,487219,10.93,0.21
1008,2021-01-29,EMR,10326,3477,6849,8081,1228,1017,0,0,0,289,10037,ITH,ITH5,8,Emilia-Romagna,Emilia-Romagna,4459477,497545,11.16,0.23
1009,2021-02-12,EMR,5308,1676,3632,3391,908,704,305,0,0,3908,1400,ITH,ITH5,8,Emilia-Romagna,Emilia-Romagna,4459477,502853,11.28,0.12
1010,2021-03-01,EMR,9981,3539,6442,1818,597,433,5582,309,1242,7740,2241,ITH,ITH5,8,Emilia-Romagna,Emilia-Romagna,4459477,512834,11.5,0.22
1011,2020-12-27,EMR,968,372,596,824,118,26,0,0,0,968,0,ITH,ITH5,8,Emilia-Romagna,Emilia-Romagna,4459477,513802,11.52,0.02
1012,2021-01-05,EMR,9324,3163,6161,7924,635,765,0,0,0,9324,0,ITH,ITH5,8,Emilia-Romagna,Emilia-Romagna,4459477,523126,11.73,0.21
1013,2021-01-02,EMR,2347,903,1444,2071,79,197,0,0,0,2347,0,ITH,ITH5,8,Emilia-Romagna,Emilia-Romagna,4459477,525473,11.78,0.05
1014,2021-01-26,EMR,8325,3000,5325,6599,694,1032,0,0,0,217,8108,ITH,ITH5,8,Emilia-Romagna,Emilia-Romagna,4459477,533798,11.97,0.19
1015,2021-02-04,EMR,9902,3191,6711,6426,1684,1674,118,0,0,1237,8665,ITH,ITH5,8,Emilia-Romagna,Emilia-Romagna,4459477,543700,12.19,0.22
1016,2021-01-10,EMR,7124,2662,4462,5641,977,499,6,0,1,7124,0,ITH,ITH5,8,Emilia-Romagna,Emilia-Romagna,4459477,550824,12.35,0.16
1017,2021-01-12,EMR,9313,3084,6229,6350,1332,1631,0,0,0,9313,0,ITH,ITH5,8,Emilia-Romagna,Emilia-Romagna,4459477,560137,12.56,0.21
1018,2021-01-20,EMR,1321,269,1052,391,143,787,0,0,0,1320,1,ITH,ITH5,8,Emilia-Romagna,Emilia-Romagna,4459477,561458,12.59,0.03
1019,2021-03-11,EMR,16836,6891,9945,1119,1720,212,8800,1215,3770,11014,5822,ITH,ITH5,8,Emilia-Romagna,Emilia-Romagna,4459477,578294,12.97,0.38
1020,2021-02-09,EMR,4150,1246,2904,2217,467,1198,268,0,0,2305,1845,ITH,ITH5,8,Emilia-Romagna,Emilia-Romagna,4459477,582444,13.06,0.09
1021,2021-02-14,EMR,1398,377,1021,858,482,39,19,0,0,1278,120,ITH,ITH5,8,Emilia-Romagna,Emilia-Romagna,4459477,583842,13.09,0.03
1022,2021-02-21,EMR,4404,1693,2711,394,267,190,3553,0,0,3967,437,ITH,ITH5,8,Emilia-Romagna,Emilia-Romagna,4459477,588246,13.19,0.1
1023,2021-02-28,EMR,6809,2521,4288,1769,460,53,4219,4,304,4966,1843,ITH,ITH5,8,Emilia-Romagna,Emilia-Romagna,4459477,595055,13.34,0.15
1024,2021-01-28,EMR,10220,3333,6887,8068,1030,1122,0,0,0,348,9872,ITH,ITH5,8,Emilia-Romagna,Emilia-Romagna,4459477,605275,13.57,0.23
1025,2021-03-03,EMR,15645,5177,10468,2525,1048,160,6797,340,4775,13203,2442,ITH,ITH5,8,Emilia-Romagna,Emilia-Romagna,4459477,620920,13.92,0.35
1026,2021-02-10,EMR,3935,1353,2582,2330,574,775,256,0,0,2735,1200,ITH,ITH5,8,Emilia-Romagna,Emilia-Romagna,4459477,624855,14.01,0.09
1027,2021-01-27,EMR,8316,2934,5382,6886,775,654,0,1,0,463,7853,ITH,ITH5,8,Emilia-Romagna,Emilia-Romagna,4459477,633171,14.2,0.19
1028,2021-03-09,EMR,14310,5759,8551,1024,928,180,7563,1072,3543,10376,3934,ITH,ITH5,8,Emilia-Romagna,Emilia-Romagna,4459477,647481,14.52,0.32
1029,2021-02-19,VDA,292,102,190,17,30,35,145,0,65,268,24,ITC,ITC2,2,Valle d'Aosta / Vallée d'Aoste,Valle d'Aosta,125666,292,0.23,0.23
1030,2021-02-18,VDA,349,153,196,61,41,45,180,14,8,261,88,ITC,ITC2,2,Valle d'Aosta / Vallée d'Aoste,Valle d'Aosta,125666,641,0.51,0.28
1031,2021-03-12,VDA,529,175,354,14,104,7,148,2,254,303,226,ITC,ITC2,2,Valle d'Aosta / Vallée d'Aoste,Valle d'Aosta,125666,1170,0.93,0.42
1032,2021-01-12,VDA,302,72,230,242,49,11,0,0,0,302,0,ITC,ITC2,2,Valle d'Aosta / Vallée d'Aoste,Valle d'Aosta,125666,1472,1.17,0.24
1033,2021-03-01,VDA,181,66,115,19,15,29,116,2,0,147,34,ITC,ITC2,2,Valle d'Aosta / Vallée d'Aoste,Valle d'Aosta,125666,1653,1.32,0.14
1034,2021-01-05,VDA,150,54,96,127,12,11,0,0,0,150,0,ITC,ITC2,2,Valle d'Aosta / Vallée d'Aoste,Valle d'Aosta,125666,1803,1.43,0.12
1035,2021-02-15,VDA,264,136,128,24,29,24,170,15,2,229,35,ITC,ITC2,2,Valle d'Aosta / Vallée d'Aoste,Valle d'Aosta,125666,2067,1.64,0.21
1036,2021-03-18,VDA,134,43,91,4,3,25,101,1,0,98,36,ITC,ITC2,2,Valle d'Aosta / Vallée d'Aoste,Valle d'Aosta,125666,2201,1.75,0.11
1037,2021-01-02,VDA,6,5,1,0,0,6,0,0,0,6,0,ITC,ITC2,2,Valle d'Aosta / Vallée d'Aoste,Valle d'Aosta,125666,2207,1.76,0.0
1038,2021-03-16,VDA,175,35,140,2,42,13,118,0,0,114,61,ITC,ITC2,2,Valle d'Aosta / Vallée d'Aoste,Valle d'Aosta,125666,2382,1.9,0.14
1039,2021-02-11,VDA,231,107,124,53,38,0,127,13,0,222,9,ITC,ITC2,2,Valle d'Aosta / Vallée d'Aoste,Valle d'Aosta,125666,2613,2.08,0.18
1040,2021-01-08,VDA,299,130,169,240,43,16,0,0,0,299,0,ITC,ITC2,2,Valle d'Aosta / Vallée d'Aoste,Valle d'Aosta,125666,2912,2.32,0.24
1041,2021-03-03,VDA,255,118,137,9,110,1,130,1,4,186,69,ITC,ITC2,2,Valle d'Aosta / Vallée d'Aoste,Valle d'Aosta,125666,3167,2.52,0.2
1042,2021-02-01,VDA,403,127,276,268,65,70,0,0,0,87,316,ITC,ITC2,2,Valle d'Aosta / Vallée d'Aoste,Valle d'Aosta,125666,3570,2.84,0.32
1043,2021-02-24,VDA,183,82,101,30,15,13,65,53,7,164,19,ITC,ITC2,2,Valle d'Aosta / Vallée d'Aoste,Valle d'Aosta,125666,3753,2.99,0.15
1044,2021-01-29,VDA,316,138,178,259,41,16,0,0,0,2,314,ITC,ITC2,2,Valle d'Aosta / Vallée d'Aoste,Valle d'Aosta,125666,4069,3.24,0.25
1045,2021-01-10,VDA,220,71,149,172,29,19,0,0,0,220,0,ITC,ITC2,2,Valle d'Aosta / Vallée d'Aoste,Valle d'Aosta,125666,4289,3.41,0.18
1046,2021-01-06,VDA,65,33,32,29,18,18,0,0,0,65,0,ITC,ITC2,2,Valle d'Aosta / Vallée d'Aoste,Valle d'Aosta,125666,4354,3.46,0.05
1047,2021-03-14,VDA,390,200,190,6,298,0,0,34,52,390,0,ITC,ITC2,2,Valle d'Aosta / Vallée d'Aoste,Valle d'Aosta,125666,4744,3.78,0.31
1048,2020-12-31,VDA,18,4,14,16,2,0,0,0,0,18,0,ITC,ITC2,2,Valle d'Aosta / Vallée d'Aoste,Valle d'Aosta,125666,4762,3.79,0.01
1049,2021-03-05,VDA,275,124,151,50,69,13,138,0,5,53,222,ITC,ITC2,2,Valle d'Aosta / Vallée d'Aoste,Valle d'Aosta,125666,5037,4.01,0.22
1050,2021-03-15,VDA,361,122,239,20,45,10,215,6,65,159,202,ITC,ITC2,2,Valle d'Aosta / Vallée d'Aoste,Valle d'Aosta,125666,5398,4.3,0.29
1051,2021-01-30,VDA,436,202,234,232,192,12,0,0,0,13,423,ITC,ITC2,2,Valle d'Aosta / Vallée d'Aoste,Valle d'Aosta,125666,5834,4.64,0.35
1052,2021-01-14,VDA,237,69,168,151,84,0,2,0,0,237,0,ITC,ITC2,2,Valle d'Aosta / Vallée d'Aoste,Valle d'Aosta,125666,6071,4.83,0.19
1053,2021-02-22,VDA,316,94,222,62,41,37,103,6,67,213,103,ITC,ITC2,2,Valle d'Aosta / Vallée d'Aoste,Valle d'Aosta,125666,6387,5.08,0.25
1054,2021-03-04,VDA,291,139,152,55,58,2,160,14,2,42,249,ITC,ITC2,2,Valle d'Aosta / Vallée d'Aoste,Valle d'Aosta,125666,6678,5.31,0.23
1055,2021-02-05,VDA,294,102,192,159,82,0,53,0,0,101,193,ITC,ITC2,2,Valle d'Aosta / Vallée d'Aoste,Valle d'Aosta,125666,6972,5.55,0.23
1056,2021-01-16,VDA,236,80,156,127,36,22,51,0,0,236,0,ITC,ITC2,2,Valle d'Aosta / Vallée d'Aoste,Valle d'Aosta,125666,7208,5.74,0.19
1057,2021-02-04,VDA,294,86,208,168,91,34,1,0,0,8,286,ITC,ITC2,2,Valle d'Aosta / Vallée d'Aoste,Valle d'Aosta,125666,7502,5.97,0.23
1058,2021-02-28,VDA,260,86,174,78,58,24,93,3,4,77,183,ITC,ITC2,2,Valle d'Aosta / Vallée d'Aoste,Valle d'Aosta,125666,7762,6.18,0.21
1059,2021-01-09,VDA,443,199,244,225,196,22,0,0,0,443,0,ITC,ITC2,2,Valle d'Aosta / Vallée d'Aoste,Valle d'Aosta,125666,8205,6.53,0.35
1060,2021-02-16,VDA,325,53,272,10,58,12,5,4,236,320,5,ITC,ITC2,2,Valle d'Aosta / Vallée d'Aoste,Valle d'Aosta,125666,8530,6.79,0.26
1061,2021-02-07,VDA,292,120,172,110,72,0,105,2,3,190,102,ITC,ITC2,2,Valle d'Aosta / Vallée d'Aoste,Valle d'Aosta,125666,8822,7.02,0.23
1062,2021-03-13,VDA,142,84,58,2,114,0,0,23,3,142,0,ITC,ITC2,2,Valle d'Aosta / Vallée d'Aoste,Valle d'Aosta,125666,8964,7.13,0.11
1063,2021-01-13,VDA,337,110,227,166,143,28,0,0,0,337,0,ITC,ITC2,2,Valle d'Aosta / Vallée d'Aoste,Valle d'Aosta,125666,9301,7.4,0.27
1064,2021-02-17,VDA,327,144,183,25,19,30,237,16,0,227,100,ITC,ITC2,2,Valle d'Aosta / Vallée d'Aoste,Valle d'Aosta,125666,9628,7.66,0.26
1065,2021-03-06,VDA,22,4,18,13,0,5,4,0,0,22,0,ITC,ITC2,2,Valle d'Aosta / Vallée d'Aoste,Valle d'Aosta,125666,9650,7.68,0.02
1066,2021-02-21,VDA,18,3,15,0,0,18,0,0,0,0,18,ITC,ITC2,2,Valle d'Aosta / Vallée d'Aoste,Valle d'Aosta,125666,9668,7.69,0.01
1067,2021-01-21,VDA,33,12,21,0,0,33,0,0,0,33,0,ITC,ITC2,2,Valle d'Aosta / Vallée d'Aoste,Valle d'Aosta,125666,9701,7.72,0.03
1068,2021-03-11,VDA,192,72,120,2,14,7,166,1,2,64,128,ITC,ITC2,2,Valle d'Aosta / Vallée d'Aoste,Valle d'Aosta,125666,9893,7.87,0.15
1069,2021-03-10,VDA,436,182,254,9,68,17,336,6,0,225,211,ITC,ITC2,2,Valle d'Aosta / Vallée d'Aoste,Valle d'Aosta,125666,10329,8.22,0.35
1070,2021-02-09,VDA,251,84,167,78,30,14,75,1,53,68,183,ITC,ITC2,2,Valle d'Aosta / Vallée d'Aoste,Valle d'Aosta,125666,10580,8.42,0.2
1071,2021-02-26,VDA,206,57,149,67,34,4,96,4,1,122,84,ITC,ITC2,2,Valle d'Aosta / Vallée d'Aoste,Valle d'Aosta,125666,10786,8.58,0.16
1072,2021-03-17,VDA,420,183,237,33,98,14,229,40,6,261,159,ITC,ITC2,2,Valle d'Aosta / Vallée d'Aoste,Valle d'Aosta,125666,11206,8.92,0.33
1073,2021-02-20,VDA,249,209,40,6,51,7,2,174,9,240,9,ITC,ITC2,2,Valle d'Aosta / Vallée d'Aoste,Valle d'Aosta,125666,11455,9.12,0.2
1074,2021-03-02,VDA,339,166,173,17,106,39,107,65,5,336,3,ITC,ITC2,2,Valle d'Aosta / Vallée d'Aoste,Valle d'Aosta,125666,11794,9.39,0.27
1075,2021-01-20,VDA,23,8,15,0,0,6,17,0,0,23,0,ITC,ITC2,2,Valle d'Aosta / Vallée d'Aoste,Valle d'Aosta,125666,11817,9.4,0.02
1076,2021-02-23,VDA,216,123,93,0,165,0,0,35,16,216,0,ITC,ITC2,2,Valle d'Aosta / Vallée d'Aoste,Valle d'Aosta,125666,12033,9.58,0.17
1077,2021-01-11,VDA,325,112,213,238,57,30,0,0,0,325,0,ITC,ITC2,2,Valle d'Aosta / Vallée d'Aoste,Valle d'Aosta,125666,12358,9.83,0.26
1078,2021-01-15,VDA,218,82,136,116,68,28,6,0,0,218,0,ITC,ITC2,2,Valle d'Aosta / Vallée d'Aoste,Valle d'Aosta,125666,12576,10.01,0.17
1079,2021-01-17,VDA,131,56,75,49,3,20,59,0,0,131,0,ITC,ITC2,2,Valle d'Aosta / Vallée d'Aoste,Valle d'Aosta,125666,12707,10.11,0.1
1080,2021-02-10,VDA,248,77,171,51,25,26,127,1,18,141,107,ITC,ITC2,2,Valle d'Aosta / Vallée d'Aoste,Valle d'Aosta,125666,12955,10.31,0.2
1081,2020-12-27,VDA,20,9,11,20,0,0,0,0,0,20,0,ITC,ITC2,2,Valle d'Aosta / Vallée d'Aoste,Valle d'Aosta,125666,12975,10.32,0.02
1082,2021-02-08,VDA,223,83,140,28,103,3,64,0,25,25,198,ITC,ITC2,2,Valle d'Aosta / Vallée d'Aoste,Valle d'Aosta,125666,13198,10.5,0.18
1083,2021-02-02,VDA,271,70,201,225,43,3,0,0,0,2,269,ITC,ITC2,2,Valle d'Aosta / Vallée d'Aoste,Valle d'Aosta,125666,13469,10.72,0.22
1084,2021-01-28,VDA,290,123,167,197,85,6,2,0,0,56,234,ITC,ITC2,2,Valle d'Aosta / Vallée d'Aoste,Valle d'Aosta,125666,13759,10.95,0.23
1085,2021-01-19,VDA,256,77,179,160,24,15,57,0,0,256,0,ITC,ITC2,2,Valle d'Aosta / Vallée d'Aoste,Valle d'Aosta,125666,14015,11.15,0.2
1086,2021-02-13,VDA,215,195,20,0,54,0,0,161,0,215,0,ITC,ITC2,2,Valle d'Aosta / Vallée d'Aoste,Valle d'Aosta,125666,14230,11.32,0.17
1087,2021-02-03,VDA,351,114,237,157,141,52,1,0,0,14,337,ITC,ITC2,2,Valle d'Aosta / Vallée d'Aoste,Valle d'Aosta,125666,14581,11.6,0.28
1088,2021-02-12,VDA,263,96,167,51,50,26,131,0,5,217,46,ITC,ITC2,2,Valle d'Aosta / Vallée d'Aoste,Valle d'Aosta,125666,14844,11.81,0.21
1089,2021-03-07,VDA,64,30,34,16,19,0,26,2,1,11,53,ITC,ITC2,2,Valle d'Aosta / Vallée d'Aoste,Valle d'Aosta,125666,14908,11.86,0.05
1090,2021-01-18,VDA,213,74,139,29,111,27,46,0,0,213,0,ITC,ITC2,2,Valle d'Aosta / Vallée d'Aoste,Valle d'Aosta,125666,15121,12.03,0.17
1091,2021-02-27,VDA,230,84,146,69,30,1,126,4,0,124,106,ITC,ITC2,2,Valle d'Aosta / Vallée d'Aoste,Valle d'Aosta,125666,15351,12.22,0.18
1092,2021-01-22,VDA,56,21,35,36,0,20,0,0,0,20,36,ITC,ITC2,2,Valle d'Aosta / Vallée d'Aoste,Valle d'Aosta,125666,15407,12.26,0.04
1093,2021-02-06,VDA,289,104,185,170,44,0,74,1,0,92,197,ITC,ITC2,2,Valle d'Aosta / Vallée d'Aoste,Valle d'Aosta,125666,15696,12.49,0.23
1094,2021-03-09,VDA,204,96,108,2,79,23,36,39,25,172,32,ITC,ITC2,2,Valle d'Aosta / Vallée d'Aoste,Valle d'Aosta,125666,15900,12.65,0.16
1095,2021-01-25,VDA,147,65,82,125,16,6,0,0,0,0,147,ITC,ITC2,2,Valle d'Aosta / Vallée d'Aoste,Valle d'Aosta,125666,16047,12.77,0.12
1096,2021-01-26,VDA,139,48,91,115,12,12,0,0,0,0,139,ITC,ITC2,2,Valle d'Aosta / Vallée d'Aoste,Valle d'Aosta,125666,16186,12.88,0.11
1097,2021-02-14,VDA,48,16,32,6,0,42,0,0,0,1,47,ITC,ITC2,2,Valle d'Aosta / Vallée d'Aoste,Valle d'Aosta,125666,16234,12.92,0.04
1098,2021-01-27,VDA,151,71,80,55,25,18,53,0,0,79,72,ITC,ITC2,2,Valle d'Aosta / Vallée d'Aoste,Valle d'Aosta,125666,16385,13.04,0.12
1099,2021-01-31,VDA,290,90,200,231,41,18,0,0,0,58,232,ITC,ITC2,2,Valle d'Aosta / Vallée d'Aoste,Valle d'Aosta,125666,16675,13.27,0.23
1100,2021-03-19,VDA,120,31,89,6,28,20,9,0,57,88,32,ITC,ITC2,2,Valle d'Aosta / Vallée d'Aoste,Valle d'Aosta,125666,16795,13.36,0.1
1101,2021-01-07,VDA,275,111,164,224,46,5,0,0,0,275,0,ITC,ITC2,2,Valle d'Aosta / Vallée d'Aoste,Valle d'Aosta,125666,17070,13.58,0.22
1102,2021-03-08,VDA,481,231,250,28,81,13,343,15,1,237,244,ITC,ITC2,2,Valle d'Aosta / Vallée d'Aoste,Valle d'Aosta,125666,17551,13.97,0.38
1103,2021-01-04,VDA,142,59,83,126,16,0,0,0,0,142,0,ITC,ITC2,2,Valle d'Aosta / Vallée d'Aoste,Valle d'Aosta,125666,17693,14.08,0.11
1104,2021-02-25,VDA,201,101,100,6,157,11,0,25,2,194,7,ITC,ITC2,2,Valle d'Aosta / Vallée d'Aoste,Valle d'Aosta,125666,17894,14.24,0.16
1105,2021-01-10,PUG,2346,1060,1286,2035,109,202,0,0,0,2346,0,ITF,ITF4,16,Puglia,Puglia,4029053,2346,0.06,0.06
1106,2020-12-30,PUG,1,0,1,1,0,0,0,0,0,1,0,ITF,ITF4,16,Puglia,Puglia,4029053,2347,0.06,0.0
1107,2021-02-07,PUG,1503,648,855,1014,222,266,0,0,1,252,1251,ITF,ITF4,16,Puglia,Puglia,4029053,3850,0.1,0.04
1108,2021-01-05,PUG,5097,2245,2852,4741,249,98,5,0,4,5097,0,ITF,ITF4,16,Puglia,Puglia,4029053,8947,0.22,0.13
1109,2020-12-27,PUG,506,249,257,401,42,63,0,0,0,506,0,ITF,ITF4,16,Puglia,Puglia,4029053,9453,0.23,0.01
1110,2021-01-20,PUG,1550,543,1007,783,165,602,0,0,0,1542,8,ITF,ITF4,16,Puglia,Puglia,4029053,11003,0.27,0.04
1111,2021-01-02,PUG,2945,1297,1648,2826,92,23,0,0,4,2945,0,ITF,ITF4,16,Puglia,Puglia,4029053,13948,0.35,0.07
1112,2021-01-11,PUG,3749,1587,2162,3212,357,175,0,3,2,3749,0,ITF,ITF4,16,Puglia,Puglia,4029053,17697,0.44,0.09
1113,2021-01-16,PUG,2502,1033,1469,1680,306,515,0,0,1,2502,0,ITF,ITF4,16,Puglia,Puglia,4029053,20199,0.5,0.06
1114,2021-02-02,PUG,4312,1828,2484,3606,386,317,0,0,3,583,3729,ITF,ITF4,16,Puglia,Puglia,4029053,24511,0.61,0.11
1115,2021-02-21,PUG,2169,470,1699,535,85,49,32,12,1456,2108,61,ITF,ITF4,16,Puglia,Puglia,4029053,26680,0.66,0.05
1116,2021-01-24,PUG,1668,749,919,1286,231,150,1,0,0,152,1516,ITF,ITF4,16,Puglia,Puglia,4029053,28348,0.7,0.04
1117,2021-03-12,PUG,13661,6004,7657,3277,1311,430,4881,877,2885,9738,3923,ITF,ITF4,16,Puglia,Puglia,4029053,42009,1.04,0.34
1118,2021-02-20,PUG,2955,1075,1880,2110,244,167,6,4,424,2699,256,ITF,ITF4,16,Puglia,Puglia,4029053,44964,1.12,0.07
1119,2021-01-07,PUG,5707,2448,3259,5210,276,217,0,1,3,5707,0,ITF,ITF4,16,Puglia,Puglia,4029053,50671,1.26,0.14
1120,2021-02-01,PUG,3957,1656,2301,3439,300,209,0,4,5,375,3582,ITF,ITF4,16,Puglia,Puglia,4029053,54628,1.36,0.1
1121,2021-03-13,PUG,9929,3907,6022,2150,421,128,3773,220,3237,8206,1723,ITF,ITF4,16,Puglia,Puglia,4029053,64557,1.6,0.25
1122,2021-01-19,PUG,1221,452,769,527,117,577,0,0,0,1211,10,ITF,ITF4,16,Puglia,Puglia,4029053,65778,1.63,0.03
1123,2021-03-17,PUG,9813,4515,5298,1744,579,61,7331,33,65,3993,5820,ITF,ITF4,16,Puglia,Puglia,4029053,75591,1.88,0.24
1124,2021-03-02,PUG,16195,6011,10184,1389,1055,111,4269,1246,8125,14892,1303,ITF,ITF4,16,Puglia,Puglia,4029053,91786,2.28,0.4
1125,2021-01-04,PUG,4503,2012,2491,4371,120,11,0,0,1,4503,0,ITF,ITF4,16,Puglia,Puglia,4029053,96289,2.39,0.11
1126,2021-02-17,PUG,4263,1742,2521,2453,1210,598,1,0,1,3666,597,ITF,ITF4,16,Puglia,Puglia,4029053,100552,2.5,0.11
1127,2021-01-15,PUG,4545,1860,2685,3592,388,558,0,3,4,4545,0,ITF,ITF4,16,Puglia,Puglia,4029053,105097,2.61,0.11
1128,2021-03-11,PUG,13948,6005,7943,2861,1177,478,4961,797,3674,10912,3036,ITF,ITF4,16,Puglia,Puglia,4029053,119045,2.95,0.35
1129,2021-02-18,PUG,4368,1843,2525,2710,966,683,5,2,2,3765,603,ITF,ITF4,16,Puglia,Puglia,4029053,123413,3.06,0.11
1130,2021-02-24,PUG,9754,4563,5191,1873,707,117,6136,365,556,9166,588,ITF,ITF4,16,Puglia,Puglia,4029053,133167,3.31,0.24
1131,2021-01-29,PUG,6188,2659,3529,5465,432,288,0,0,3,436,5752,ITF,ITF4,16,Puglia,Puglia,4029053,139355,3.46,0.15
1132,2021-02-12,PUG,4098,1629,2469,2937,451,690,5,10,5,3008,1090,ITF,ITF4,16,Puglia,Puglia,4029053,143453,3.56,0.1
1133,2021-03-05,PUG,16881,6729,10152,2307,1216,272,5191,1018,6877,14721,2160,ITF,ITF4,16,Puglia,Puglia,4029053,160334,3.98,0.42
1134,2021-01-30,PUG,5523,2510,3013,4747,348,419,3,0,6,413,5110,ITF,ITF4,16,Puglia,Puglia,4029053,165857,4.12,0.14
1135,2021-03-15,PUG,11384,5465,5919,2058,807,115,7506,353,545,4975,6409,ITF,ITF4,16,Puglia,Puglia,4029053,177241,4.4,0.28
1136,2021-01-14,PUG,4056,1582,2474,3161,394,499,0,0,2,4056,0,ITF,ITF4,16,Puglia,Puglia,4029053,181297,4.5,0.1
1137,2021-01-21,PUG,2129,903,1226,1429,174,526,0,0,0,1270,859,ITF,ITF4,16,Puglia,Puglia,4029053,183426,4.55,0.05
1138,2021-02-19,PUG,4718,2007,2711,3033,1237,390,2,49,7,4328,390,ITF,ITF4,16,Puglia,Puglia,4029053,188144,4.67,0.12
1139,2021-03-03,PUG,16324,6543,9781,2013,816,192,5813,810,6680,14503,1821,ITF,ITF4,16,Puglia,Puglia,4029053,204468,5.07,0.41
1140,2021-01-13,PUG,4533,1727,2806,3967,334,230,0,0,2,4533,0,ITF,ITF4,16,Puglia,Puglia,4029053,209001,5.19,0.11
1141,2021-02-23,PUG,9290,4394,4896,1757,484,156,5480,398,1015,8832,458,ITF,ITF4,16,Puglia,Puglia,4029053,218291,5.42,0.23
1142,2021-01-27,PUG,4574,1927,2647,3915,261,396,0,0,2,610,3964,ITF,ITF4,16,Puglia,Puglia,4029053,222865,5.53,0.11
1143,2021-01-22,PUG,1409,579,830,876,157,373,2,0,1,992,417,ITF,ITF4,16,Puglia,Puglia,4029053,224274,5.57,0.03
1144,2021-02-10,PUG,3603,1425,2178,2491,247,864,0,0,1,2122,1481,ITF,ITF4,16,Puglia,Puglia,4029053,227877,5.66,0.09
1145,2021-03-08,PUG,14329,5936,8393,2093,1135,202,6585,520,3794,11952,2377,ITF,ITF4,16,Puglia,Puglia,4029053,242206,6.01,0.36
1146,2021-01-09,PUG,4867,2245,2622,4313,303,246,4,0,1,4867,0,ITF,ITF4,16,Puglia,Puglia,4029053,247073,6.13,0.12
1147,2021-02-15,PUG,3242,1263,1979,2245,536,452,0,6,3,2623,619,ITF,ITF4,16,Puglia,Puglia,4029053,250315,6.21,0.08
1148,2021-01-03,PUG,2004,942,1062,1814,44,145,0,0,1,2004,0,ITF,ITF4,16,Puglia,Puglia,4029053,252319,6.26,0.05
1149,2021-02-14,PUG,784,348,436,681,32,70,0,0,1,662,122,ITF,ITF4,16,Puglia,Puglia,4029053,253103,6.28,0.02
1150,2021-02-25,PUG,11576,4945,6631,1676,872,419,5609,725,2275,10465,1111,ITF,ITF4,16,Puglia,Puglia,4029053,264679,6.57,0.29
1151,2021-03-16,PUG,9539,4547,4992,2161,820,75,6384,62,37,3216,6323,ITF,ITF4,16,Puglia,Puglia,4029053,274218,6.81,0.24
1152,2021-03-07,PUG,4859,1918,2941,930,236,2,1572,323,1796,4289,570,ITF,ITF4,16,Puglia,Puglia,4029053,279077,6.93,0.12
1153,2021-03-18,PUG,8230,3688,4542,1715,486,174,5736,30,89,2760,5470,ITF,ITF4,16,Puglia,Puglia,4029053,287307,7.13,0.2
1154,2021-02-13,PUG,3718,1450,2268,2879,519,291,4,18,7,3026,692,ITF,ITF4,16,Puglia,Puglia,4029053,291025,7.22,0.09
1155,2020-12-31,PUG,1635,782,853,1549,39,44,0,0,3,1635,0,ITF,ITF4,16,Puglia,Puglia,4029053,292660,7.26,0.04
1156,2021-01-31,PUG,1805,825,980,1499,104,198,2,0,2,73,1732,ITF,ITF4,16,Puglia,Puglia,4029053,294465,7.31,0.04
1157,2021-02-28,PUG,5725,1757,3968,559,258,25,1483,194,3206,5539,186,ITF,ITF4,16,Puglia,Puglia,4029053,300190,7.45,0.14
1158,2021-01-18,PUG,1844,770,1074,1182,216,446,0,0,0,1495,349,ITF,ITF4,16,Puglia,Puglia,4029053,302034,7.5,0.05
1159,2021-01-06,PUG,3943,1664,2279,3221,349,373,0,0,0,3943,0,ITF,ITF4,16,Puglia,Puglia,4029053,305977,7.59,0.1
1160,2021-03-06,PUG,15295,5707,9588,2111,773,70,5031,479,6831,13330,1965,ITF,ITF4,16,Puglia,Puglia,4029053,321272,7.97,0.38
1161,2021-01-08,PUG,5573,2337,3236,4844,401,325,0,0,3,5573,0,ITF,ITF4,16,Puglia,Puglia,4029053,326845,8.11,0.14
1162,2021-03-01,PUG,14809,5768,9041,1957,918,84,6006,819,5025,13443,1366,ITF,ITF4,16,Puglia,Puglia,4029053,341654,8.48,0.37
1163,2021-01-12,PUG,4202,1765,2437,3628,350,218,1,0,5,4202,0,ITF,ITF4,16,Puglia,Puglia,4029053,345856,8.58,0.1
1164,2021-01-01,PUG,146,60,86,145,1,0,0,0,0,146,0,ITF,ITF4,16,Puglia,Puglia,4029053,346002,8.59,0.0
1165,2021-02-09,PUG,3834,1567,2267,2533,667,621,8,0,5,2162,1672,ITF,ITF4,16,Puglia,Puglia,4029053,349836,8.68,0.1
1166,2021-03-04,PUG,14808,5762,9046,1539,893,318,4558,1229,6271,13431,1377,ITF,ITF4,16,Puglia,Puglia,4029053,364644,9.05,0.37
1167,2021-02-11,PUG,3693,1401,2292,2568,400,723,0,0,2,2417,1276,ITF,ITF4,16,Puglia,Puglia,4029053,368337,9.14,0.09
1168,2021-01-25,PUG,3820,1676,2144,3470,179,168,2,0,1,423,3397,ITF,ITF4,16,Puglia,Puglia,4029053,372157,9.24,0.09
1169,2021-03-14,PUG,3241,1396,1845,952,203,73,973,42,998,2486,755,ITF,ITF4,16,Puglia,Puglia,4029053,375398,9.32,0.08
1170,2021-02-16,PUG,3378,1450,1928,2133,810,413,4,16,2,2733,645,ITF,ITF4,16,Puglia,Puglia,4029053,378776,9.4,0.08
1171,2021-02-05,PUG,5622,2269,3353,4562,525,526,0,3,6,1325,4297,ITF,ITF4,16,Puglia,Puglia,4029053,384398,9.54,0.14
1172,2021-02-06,PUG,4483,1911,2572,3480,487,513,0,0,3,1584,2899,ITF,ITF4,16,Puglia,Puglia,4029053,388881,9.65,0.11
1173,2021-01-17,PUG,1306,589,717,823,147,336,0,0,0,1237,69,ITF,ITF4,16,Puglia,Puglia,4029053,390187,9.68,0.03
1174,2021-02-27,PUG,13882,4695,9187,1576,776,190,4997,344,5999,12709,1173,ITF,ITF4,16,Puglia,Puglia,4029053,404069,10.03,0.34
1175,2021-03-19,PUG,3951,1818,2133,1045,250,53,2559,9,35,1313,2638,ITF,ITF4,16,Puglia,Puglia,4029053,408020,10.13,0.1
1176,2021-01-28,PUG,5464,2271,3193,4759,376,327,0,0,2,474,4990,ITF,ITF4,16,Puglia,Puglia,4029053,413484,10.26,0.14
1177,2021-02-03,PUG,5027,1999,3028,4362,478,184,0,0,3,728,4299,ITF,ITF4,16,Puglia,Puglia,4029053,418511,10.39,0.12
1178,2021-01-23,PUG,3036,1291,1745,2522,206,307,0,0,1,885,2151,ITF,ITF4,16,Puglia,Puglia,4029053,421547,10.46,0.08
1179,2021-02-26,PUG,13414,4883,8531,2087,833,295,4986,599,4614,12396,1018,ITF,ITF4,16,Puglia,Puglia,4029053,434961,10.8,0.33
1180,2021-02-04,PUG,5890,2355,3535,4420,812,652,0,0,6,1164,4726,ITF,ITF4,16,Puglia,Puglia,4029053,440851,10.94,0.15
1181,2021-03-09,PUG,12443,5482,6961,1763,857,197,5261,1007,3358,10458,1985,ITF,ITF4,16,Puglia,Puglia,4029053,453294,11.25,0.31
1182,2021-02-08,PUG,3962,1595,2367,2932,614,389,1,25,1,1573,2389,ITF,ITF4,16,Puglia,Puglia,4029053,457256,11.35,0.1
1183,2021-02-22,PUG,9574,4513,5061,1413,728,139,6761,215,318,9244,330,ITF,ITF4,16,Puglia,Puglia,4029053,466830,11.59,0.24
1184,2021-03-10,PUG,14130,6126,8004,2553,1242,355,6303,601,3076,11020,3110,ITF,ITF4,16,Puglia,Puglia,4029053,480960,11.94,0.35
1185,2021-01-26,PUG,5361,2398,2963,4847,281,232,1,0,0,574,4787,ITF,ITF4,16,Puglia,Puglia,4029053,486321,12.07,0.13
1186,2021-03-04,PIE,14421,5715,8706,2168,1961,582,7521,0,2189,11509,2912,ITC,ITC1,1,Piemonte,Piemonte,4356406,14421,0.33,0.33
1187,2021-01-24,PIE,3150,957,2193,2632,372,146,0,0,0,434,2716,ITC,ITC1,1,Piemonte,Piemonte,4356406,17571,0.4,0.07
1188,2021-01-17,PIE,3517,1168,2349,2083,595,839,0,0,0,2870,647,ITC,ITC1,1,Piemonte,Piemonte,4356406,21088,0.48,0.08
1189,2021-01-26,PIE,6328,1878,4450,4725,875,728,0,0,0,735,5593,ITC,ITC1,1,Piemonte,Piemonte,4356406,27416,0.63,0.15
1190,2021-03-07,PIE,11940,4643,7297,1321,1137,107,7326,0,2049,11061,879,ITC,ITC1,1,Piemonte,Piemonte,4356406,39356,0.9,0.27
1191,2021-01-14,PIE,9761,3150,6611,6175,2102,1484,0,0,0,9761,0,ITC,ITC1,1,Piemonte,Piemonte,4356406,49117,1.13,0.22
1192,2021-01-23,PIE,4219,1321,2898,3190,523,506,0,0,0,878,3341,ITC,ITC1,1,Piemonte,Piemonte,4356406,53336,1.22,0.1
1193,2021-02-11,PIE,6761,2106,4655,3420,1327,2011,0,0,3,3004,3757,ITC,ITC1,1,Piemonte,Piemonte,4356406,60097,1.38,0.16
1194,2021-02-01,PIE,8641,3053,5588,6164,1403,1074,0,0,0,578,8063,ITC,ITC1,1,Piemonte,Piemonte,4356406,68738,1.58,0.2
1195,2021-02-19,PIE,5526,2171,3355,1987,1765,666,30,0,1078,5024,502,ITC,ITC1,1,Piemonte,Piemonte,4356406,74264,1.7,0.13
1196,2021-02-05,PIE,9449,3077,6372,5764,2041,1644,0,0,0,657,8792,ITC,ITC1,1,Piemonte,Piemonte,4356406,83713,1.92,0.22
1197,2021-03-16,PIE,10264,4150,6114,2228,1094,320,6609,0,13,4208,6056,ITC,ITC1,1,Piemonte,Piemonte,4356406,93977,2.16,0.24
1198,2021-03-06,PIE,13954,5195,8759,2260,1120,456,7426,0,2692,11170,2784,ITC,ITC1,1,Piemonte,Piemonte,4356406,107931,2.48,0.32
1199,2020-12-27,PIE,912,368,544,760,76,76,0,0,0,912,0,ITC,ITC1,1,Piemonte,Piemonte,4356406,108843,2.5,0.02
1200,2021-01-22,PIE,3864,1248,2616,2279,650,935,0,0,0,2523,1341,ITC,ITC1,1,Piemonte,Piemonte,4356406,112707,2.59,0.09
1201,2021-02-09,PIE,7350,2309,5041,4153,1366,1831,0,0,0,722,6628,ITC,ITC1,1,Piemonte,Piemonte,4356406,120057,2.76,0.17
1202,2021-01-27,PIE,4196,1453,2743,2983,656,557,0,0,0,999,3197,ITC,ITC1,1,Piemonte,Piemonte,4356406,124253,2.85,0.1
1203,2021-01-06,PIE,3114,1110,2004,2368,433,313,0,0,0,3114,0,ITC,ITC1,1,Piemonte,Piemonte,4356406,127367,2.92,0.07
1204,2021-02-10,PIE,7445,2346,5099,3847,1498,2100,0,0,0,1316,6129,ITC,ITC1,1,Piemonte,Piemonte,4356406,134812,3.09,0.17
1205,2021-03-14,PIE,8180,3322,4858,794,617,2,5794,0,973,5286,2894,ITC,ITC1,1,Piemonte,Piemonte,4356406,142992,3.28,0.19
1206,2021-03-17,PIE,12177,4956,7221,2043,1048,200,8877,0,9,4951,7226,ITC,ITC1,1,Piemonte,Piemonte,4356406,155169,3.56,0.28
1207,2021-02-04,PIE,10196,3337,6859,6234,2199,1763,0,0,0,588,9608,ITC,ITC1,1,Piemonte,Piemonte,4356406,165365,3.8,0.23
1208,2021-01-31,PIE,4105,1748,2357,3076,654,375,0,0,0,112,3993,ITC,ITC1,1,Piemonte,Piemonte,4356406,169470,3.89,0.09
1209,2021-03-13,PIE,12762,4618,8144,1168,1013,157,8299,0,2125,11331,1431,ITC,ITC1,1,Piemonte,Piemonte,4356406,182232,4.18,0.29
1210,2021-03-02,PIE,11127,4471,6656,901,1130,214,6381,0,2501,10312,815,ITC,ITC1,1,Piemonte,Piemonte,4356406,193359,4.44,0.26
1211,2021-01-12,PIE,10040,3401,6639,6859,2009,1172,0,0,0,10040,0,ITC,ITC1,1,Piemonte,Piemonte,4356406,203399,4.67,0.23
1212,2021-01-10,PIE,5207,2273,2934,3904,784,519,0,0,0,5207,0,ITC,ITC1,1,Piemonte,Piemonte,4356406,208606,4.79,0.12
1213,2021-02-27,PIE,12654,4839,7815,880,980,232,7528,0,3034,12306,348,ITC,ITC1,1,Piemonte,Piemonte,4356406,221260,5.08,0.29
1214,2021-03-09,PIE,13534,5266,8268,1679,1571,354,7615,0,2315,11187,2347,ITC,ITC1,1,Piemonte,Piemonte,4356406,234794,5.39,0.31
1215,2021-01-29,PIE,5939,1886,4053,4198,1069,672,0,0,0,455,5484,ITC,ITC1,1,Piemonte,Piemonte,4356406,240733,5.53,0.14
1216,2021-02-17,PIE,4730,2124,2606,2187,2044,497,1,0,1,3741,989,ITC,ITC1,1,Piemonte,Piemonte,4356406,245463,5.63,0.11
1217,2021-02-20,PIE,3828,1251,2577,1100,1063,219,30,0,1416,3654,174,ITC,ITC1,1,Piemonte,Piemonte,4356406,249291,5.72,0.09
1218,2021-01-13,PIE,10078,3222,6856,6484,2265,1329,0,0,0,10078,0,ITC,ITC1,1,Piemonte,Piemonte,4356406,259369,5.95,0.23
1219,2021-01-19,PIE,6421,2099,4322,3574,1299,1548,0,0,0,6412,9,ITC,ITC1,1,Piemonte,Piemonte,4356406,265790,6.1,0.15
1220,2021-03-08,PIE,13716,5219,8497,2024,1415,366,7394,0,2517,11078,2638,ITC,ITC1,1,Piemonte,Piemonte,4356406,279506,6.42,0.31
1221,2021-03-01,PIE,11696,4678,7018,1141,1277,281,6594,0,2403,10884,812,ITC,ITC1,1,Piemonte,Piemonte,4356406,291202,6.68,0.27
1222,2021-02-16,PIE,3961,1752,2209,1819,1593,548,0,0,1,3203,758,ITC,ITC1,1,Piemonte,Piemonte,4356406,295163,6.78,0.09
1223,2021-02-14,PIE,1475,498,977,796,380,285,0,0,14,875,600,ITC,ITC1,1,Piemonte,Piemonte,4356406,296638,6.81,0.03
1224,2021-01-09,PIE,6183,2185,3998,4488,1127,568,0,0,0,6183,0,ITC,ITC1,1,Piemonte,Piemonte,4356406,302821,6.95,0.14
1225,2021-02-24,PIE,11382,4617,6765,1843,1314,407,5660,0,2158,10871,511,ITC,ITC1,1,Piemonte,Piemonte,4356406,314203,7.21,0.26
1226,2021-01-07,PIE,5385,1739,3646,4158,886,341,0,0,0,5385,0,ITC,ITC1,1,Piemonte,Piemonte,4356406,319588,7.34,0.12
1227,2020-12-28,PIE,1,1,0,1,0,0,0,0,0,1,0,ITC,ITC1,1,Piemonte,Piemonte,4356406,319589,7.34,0.0
1228,2021-01-30,PIE,5978,2135,3843,4367,1116,495,0,0,0,218,5760,ITC,ITC1,1,Piemonte,Piemonte,4356406,325567,7.47,0.14
1229,2021-02-06,PIE,7982,2664,5318,5100,1627,1255,0,0,0,400,7582,ITC,ITC1,1,Piemonte,Piemonte,4356406,333549,7.66,0.18
1230,2021-02-13,PIE,4150,1334,2816,2309,722,1113,1,0,5,2928,1222,ITC,ITC1,1,Piemonte,Piemonte,4356406,337699,7.75,0.1
1231,2021-01-16,PIE,7754,2630,5124,4794,1590,1370,0,0,0,7754,0,ITC,ITC1,1,Piemonte,Piemonte,4356406,345453,7.93,0.18
1232,2021-01-18,PIE,6162,2047,4115,3233,1404,1525,0,0,0,5914,248,ITC,ITC1,1,Piemonte,Piemonte,4356406,351615,8.07,0.14
1233,2021-02-03,PIE,10185,3301,6884,6641,2309,1235,0,0,0,611,9574,ITC,ITC1,1,Piemonte,Piemonte,4356406,361800,8.31,0.23
1234,2021-02-12,PIE,6881,2212,4669,3524,1647,1708,0,0,2,3924,2957,ITC,ITC1,1,Piemonte,Piemonte,4356406,368681,8.46,0.16
1235,2021-01-04,PIE,5562,1678,3884,4590,737,235,0,0,0,5562,0,ITC,ITC1,1,Piemonte,Piemonte,4356406,374243,8.59,0.13
1236,2021-01-03,PIE,3061,966,2095,2714,295,52,0,0,0,3061,0,ITC,ITC1,1,Piemonte,Piemonte,4356406,377304,8.66,0.07
1237,2021-01-20,PIE,6538,2067,4471,3571,1153,1814,0,0,0,5813,725,ITC,ITC1,1,Piemonte,Piemonte,4356406,383842,8.81,0.15
1238,2021-03-11,PIE,13519,4967,8552,2308,1444,369,7307,0,2091,10437,3082,ITC,ITC1,1,Piemonte,Piemonte,4356406,397361,9.12,0.31
1239,2021-01-15,PIE,8961,2951,6010,5493,1924,1544,0,0,0,8961,0,ITC,ITC1,1,Piemonte,Piemonte,4356406,406322,9.33,0.21
1240,2021-02-25,PIE,12177,5226,6951,1436,2058,405,6320,0,1958,11629,548,ITC,ITC1,1,Piemonte,Piemonte,4356406,418499,9.61,0.28
1241,2021-01-28,PIE,5588,1809,3779,4118,879,590,1,0,0,384,5204,ITC,ITC1,1,Piemonte,Piemonte,4356406,424087,9.73,0.13
1242,2021-01-11,PIE,8740,2980,5760,6053,1561,1126,0,0,0,8740,0,ITC,ITC1,1,Piemonte,Piemonte,4356406,432827,9.94,0.2
1243,2021-02-02,PIE,10232,3504,6728,6866,2048,1318,0,0,0,814,9418,ITC,ITC1,1,Piemonte,Piemonte,4356406,443059,10.17,0.23
1244,2021-01-05,PIE,5377,1602,3775,4364,728,285,0,0,0,5377,0,ITC,ITC1,1,Piemonte,Piemonte,4356406,448436,10.29,0.12
1245,2021-03-05,PIE,15246,5949,9297,2538,2018,654,7660,0,2376,11422,3824,ITC,ITC1,1,Piemonte,Piemonte,4356406,463682,10.64,0.35
1246,2021-03-18,PIE,11320,4647,6673,1420,957,282,8643,0,18,3695,7625,ITC,ITC1,1,Piemonte,Piemonte,4356406,475002,10.9,0.26
1247,2021-01-21,PIE,6876,2314,4562,4705,855,1316,0,0,0,3381,3495,ITC,ITC1,1,Piemonte,Piemonte,4356406,481878,11.06,0.16
1248,2021-02-23,PIE,9225,3708,5517,2293,1391,389,4100,0,1052,8644,581,ITC,ITC1,1,Piemonte,Piemonte,4356406,491103,11.27,0.21
1249,2021-02-18,PIE,4780,2088,2692,2250,1904,624,0,0,2,4350,430,ITC,ITC1,1,Piemonte,Piemonte,4356406,495883,11.38,0.11
1250,2020-12-30,PIE,730,322,408,685,45,0,0,0,0,730,0,ITC,ITC1,1,Piemonte,Piemonte,4356406,496613,11.4,0.02
1251,2021-03-19,PIE,8648,3599,5049,859,697,130,6835,0,127,2852,5796,ITC,ITC1,1,Piemonte,Piemonte,4356406,505261,11.6,0.2
1252,2021-02-26,PIE,12231,4910,7321,811,1449,487,6588,0,2896,11495,736,ITC,ITC1,1,Piemonte,Piemonte,4356406,517492,11.88,0.28
1253,2021-01-25,PIE,6209,1938,4271,4782,865,562,0,0,0,982,5227,ITC,ITC1,1,Piemonte,Piemonte,4356406,523701,12.02,0.14
1254,2021-03-03,PIE,12053,4614,7439,1101,1025,258,7015,0,2654,11230,823,ITC,ITC1,1,Piemonte,Piemonte,4356406,535754,12.3,0.28
1255,2021-01-01,PIE,1038,395,643,922,116,0,0,0,0,1038,0,ITC,ITC1,1,Piemonte,Piemonte,4356406,536792,12.32,0.02
1256,2021-01-08,PIE,5528,1761,3767,4078,1029,421,0,0,0,5528,0,ITC,ITC1,1,Piemonte,Piemonte,4356406,542320,12.45,0.13
1257,2020-12-31,PIE,3907,1332,2575,3413,360,134,0,0,0,3907,0,ITC,ITC1,1,Piemonte,Piemonte,4356406,546227,12.54,0.09
1258,2021-02-07,PIE,3087,974,2113,1649,662,776,0,0,0,445,2642,ITC,ITC1,1,Piemonte,Piemonte,4356406,549314,12.61,0.07
1259,2021-02-08,PIE,6914,2355,4559,3782,1558,1574,0,0,0,666,6248,ITC,ITC1,1,Piemonte,Piemonte,4356406,556228,12.77,0.16
1260,2021-02-22,PIE,8460,3462,4998,1695,1439,518,3888,0,920,7871,589,ITC,ITC1,1,Piemonte,Piemonte,4356406,564688,12.96,0.19
1261,2021-02-15,PIE,4422,1592,2830,2318,1142,960,1,0,1,3217,1205,ITC,ITC1,1,Piemonte,Piemonte,4356406,569110,13.06,0.1
1262,2021-02-21,PIE,5086,2080,3006,686,264,47,3352,0,737,4983,103,ITC,ITC1,1,Piemonte,Piemonte,4356406,574196,13.18,0.12
1263,2021-02-28,PIE,10800,4054,6746,642,510,53,6810,0,2785,10560,240,ITC,ITC1,1,Piemonte,Piemonte,4356406,584996,13.43,0.25
1264,2021-03-12,PIE,13719,5073,8646,2131,1330,454,7549,0,2255,10810,2909,ITC,ITC1,1,Piemonte,Piemonte,4356406,598715,13.74,0.31
1265,2021-03-10,PIE,13369,5059,8310,1660,1373,279,7916,0,2141,11076,2293,ITC,ITC1,1,Piemonte,Piemonte,4356406,612084,14.05,0.31
1266,2021-03-15,PIE,10489,4121,6368,1714,1502,225,5689,0,1359,4880,5609,ITC,ITC1,1,Piemonte,Piemonte,4356406,622573,14.29,0.24
1267,2021-01-02,PIE,3539,1134,2405,3072,414,53,0,0,0,3539,0,ITC,ITC1,1,Piemonte,Piemonte,4356406,626112,14.37,0.08
1268,2021-03-14,TOS,7160,2561,4599,3102,1249,121,2,211,2475,3229,3931,ITI,ITI1,9,Toscana,Toscana,3729641,7160,0.19,0.19
1269,2020-12-30,TOS,327,104,223,34,10,283,0,0,0,327,0,ITI,ITI1,9,Toscana,Toscana,3729641,7487,0.2,0.01
1270,2021-02-14,TOS,8993,2567,6426,3033,5613,81,0,261,5,8883,110,ITI,ITI1,9,Toscana,Toscana,3729641,16480,0.44,0.24
1271,2021-01-10,TOS,3001,1104,1897,2432,138,431,0,0,0,3001,0,ITI,ITI1,9,Toscana,Toscana,3729641,19481,0.52,0.08
1272,2021-01-20,TOS,1314,635,679,432,256,626,0,0,0,1077,237,ITI,ITI1,9,Toscana,Toscana,3729641,20795,0.56,0.04
1273,2021-01-16,TOS,3271,1046,2225,2493,538,240,0,0,0,3271,0,ITI,ITI1,9,Toscana,Toscana,3729641,24066,0.65,0.09
1274,2021-02-28,TOS,1648,667,981,1110,202,78,0,249,9,921,727,ITI,ITI1,9,Toscana,Toscana,3729641,25714,0.69,0.04
1275,2021-01-04,TOS,5063,1893,3170,4099,32,932,0,0,0,5063,0,ITI,ITI1,9,Toscana,Toscana,3729641,30777,0.83,0.14
1276,2021-03-03,TOS,17944,6376,11568,3318,1154,135,9062,829,3446,14347,3597,ITI,ITI1,9,Toscana,Toscana,3729641,48721,1.31,0.48
1277,2021-03-11,TOS,14968,5775,9193,2436,2240,229,9886,165,12,11659,3309,ITI,ITI1,9,Toscana,Toscana,3729641,63689,1.71,0.4
1278,2021-02-20,TOS,4641,1790,2851,3350,1038,203,17,15,18,4128,513,ITI,ITI1,9,Toscana,Toscana,3729641,68330,1.83,0.12
1279,2021-03-13,TOS,9254,3282,5972,2833,2109,54,174,344,3740,5308,3946,ITI,ITI1,9,Toscana,Toscana,3729641,77584,2.08,0.25
1280,2021-03-15,TOS,8298,3300,4998,3216,1957,401,23,420,2281,3862,4436,ITI,ITI1,9,Toscana,Toscana,3729641,85882,2.3,0.22
1281,2021-02-18,TOS,8815,3284,5531,2924,1511,228,214,796,3142,7923,892,ITI,ITI1,9,Toscana,Toscana,3729641,94697,2.54,0.24
1282,2021-01-21,TOS,1589,686,903,579,220,790,0,0,0,867,722,ITI,ITI1,9,Toscana,Toscana,3729641,96286,2.58,0.04
1283,2021-01-28,TOS,6275,1880,4395,5421,66,788,0,0,0,349,5926,ITI,ITI1,9,Toscana,Toscana,3729641,102561,2.75,0.17
1284,2021-02-04,TOS,4251,1594,2657,3166,624,456,5,0,0,961,3290,ITI,ITI1,9,Toscana,Toscana,3729641,106812,2.86,0.11
1285,2021-01-31,TOS,3048,1129,1919,2465,135,448,0,0,0,105,2943,ITI,ITI1,9,Toscana,Toscana,3729641,109860,2.95,0.08
1286,2021-02-21,TOS,5104,2089,3015,3666,1219,195,2,13,9,4935,169,ITI,ITI1,9,Toscana,Toscana,3729641,114964,3.08,0.14
1287,2021-01-29,TOS,6136,1698,4438,5375,139,622,0,0,0,302,5834,ITI,ITI1,9,Toscana,Toscana,3729641,121100,3.25,0.16
1288,2021-03-02,TOS,10522,3763,6759,3169,1026,125,1820,870,3512,7085,3437,ITI,ITI1,9,Toscana,Toscana,3729641,131622,3.53,0.28
1289,2021-01-24,TOS,3348,1072,2276,2601,37,709,1,0,0,200,3148,ITI,ITI1,9,Toscana,Toscana,3729641,134970,3.62,0.09
1290,2021-01-19,TOS,1104,531,573,392,221,491,0,0,0,1104,0,ITI,ITI1,9,Toscana,Toscana,3729641,136074,3.65,0.03
1291,2021-03-18,TOS,9185,3681,5504,427,1405,233,7112,6,2,5449,3736,ITI,ITI1,9,Toscana,Toscana,3729641,145259,3.89,0.25
1292,2021-02-13,TOS,7785,2360,5425,3667,3768,163,0,186,1,7558,227,ITI,ITI1,9,Toscana,Toscana,3729641,153044,4.1,0.21
1293,2021-02-01,TOS,5465,1942,3523,4441,407,617,0,0,0,521,4944,ITI,ITI1,9,Toscana,Toscana,3729641,158509,4.25,0.15
1294,2021-02-25,TOS,10580,4281,6299,1078,1702,259,3201,1141,3199,9586,994,ITI,ITI1,9,Toscana,Toscana,3729641,169089,4.53,0.28
1295,2021-02-19,TOS,8297,2951,5346,2966,1234,243,154,580,3120,7790,507,ITI,ITI1,9,Toscana,Toscana,3729641,177386,4.76,0.22
1296,2021-02-06,TOS,4527,1550,2977,3725,575,227,0,0,0,1294,3233,ITI,ITI1,9,Toscana,Toscana,3729641,181913,4.88,0.12
1297,2021-01-03,TOS,3336,1052,2284,2565,9,762,0,0,0,3336,0,ITI,ITI1,9,Toscana,Toscana,3729641,185249,4.97,0.09
1298,2021-02-26,TOS,10043,3815,6228,1557,1705,294,1787,1137,3563,8837,1206,ITI,ITI1,9,Toscana,Toscana,3729641,195292,5.24,0.27
1299,2021-03-08,TOS,6248,2551,3697,4063,1732,177,64,204,8,1430,4818,ITI,ITI1,9,Toscana,Toscana,3729641,201540,5.4,0.17
1300,2021-02-03,TOS,4221,1452,2769,3475,240,505,1,0,0,241,3980,ITI,ITI1,9,Toscana,Toscana,3729641,205761,5.52,0.11
1301,2021-01-22,TOS,2861,1063,1798,2022,81,758,0,0,0,525,2336,ITI,ITI1,9,Toscana,Toscana,3729641,208622,5.59,0.08
1302,2021-02-12,TOS,7606,2683,4923,3742,3272,188,2,402,0,7393,213,ITI,ITI1,9,Toscana,Toscana,3729641,216228,5.8,0.2
1303,2021-01-14,TOS,3254,1179,2075,2459,475,320,0,0,0,3254,0,ITI,ITI1,9,Toscana,Toscana,3729641,219482,5.88,0.09
1304,2021-02-15,TOS,8770,3374,5396,4536,2028,216,56,794,1140,7945,825,ITI,ITI1,9,Toscana,Toscana,3729641,228252,6.12,0.24
1305,2021-03-19,TOS,5342,2298,3044,518,1957,102,2753,7,5,3485,1857,ITI,ITI1,9,Toscana,Toscana,3729641,233594,6.26,0.14
1306,2021-03-04,TOS,17352,6595,10757,2816,1661,262,8104,814,3695,14276,3076,ITI,ITI1,9,Toscana,Toscana,3729641,250946,6.73,0.47
1307,2021-01-17,TOS,2535,871,1664,2002,293,240,0,0,0,2022,513,ITI,ITI1,9,Toscana,Toscana,3729641,253481,6.8,0.07
1308,2021-03-10,TOS,17473,6828,10645,2993,2204,204,11881,178,13,13505,3968,ITI,ITI1,9,Toscana,Toscana,3729641,270954,7.26,0.47
1309,2020-12-27,TOS,620,267,353,460,147,13,0,0,0,620,0,ITI,ITI1,9,Toscana,Toscana,3729641,271574,7.28,0.02
1310,2021-01-23,TOS,3949,1354,2595,2936,172,841,0,0,0,640,3309,ITI,ITI1,9,Toscana,Toscana,3729641,275523,7.39,0.11
1311,2021-02-16,TOS,9267,3338,5929,5083,982,178,10,691,2323,8556,711,ITI,ITI1,9,Toscana,Toscana,3729641,284790,7.64,0.25
1312,2021-03-01,TOS,4295,1611,2684,3188,601,136,2,343,25,660,3635,ITI,ITI1,9,Toscana,Toscana,3729641,289085,7.75,0.12
1313,2021-02-24,TOS,10345,4457,5888,81,1570,301,4114,1331,2948,10148,197,ITI,ITI1,9,Toscana,Toscana,3729641,299430,8.03,0.28
1314,2021-01-09,TOS,4484,1596,2888,3779,144,560,1,0,0,4484,0,ITI,ITI1,9,Toscana,Toscana,3729641,303914,8.15,0.12
1315,2021-01-07,TOS,6018,1751,4267,5308,30,680,0,0,0,6018,0,ITI,ITI1,9,Toscana,Toscana,3729641,309932,8.31,0.16
1316,2021-02-17,TOS,8175,3168,5007,3465,1173,249,218,584,2486,7424,751,ITI,ITI1,9,Toscana,Toscana,3729641,318107,8.53,0.22
1317,2021-02-23,TOS,7719,3323,4396,1490,1571,204,509,1114,2831,7558,161,ITI,ITI1,9,Toscana,Toscana,3729641,325826,8.74,0.21
1318,2021-03-07,TOS,5647,2356,3291,3102,1097,123,15,536,774,2106,3541,ITI,ITI1,9,Toscana,Toscana,3729641,331473,8.89,0.15
1319,2021-01-13,TOS,4063,1398,2665,3308,350,405,0,0,0,4063,0,ITI,ITI1,9,Toscana,Toscana,3729641,335536,9.0,0.11
1320,2021-01-11,TOS,5092,1689,3403,4360,210,522,0,0,0,5092,0,ITI,ITI1,9,Toscana,Toscana,3729641,340628,9.13,0.14
1321,2021-02-05,TOS,5748,2244,3504,4121,1184,442,1,0,0,1924,3824,ITI,ITI1,9,Toscana,Toscana,3729641,346376,9.29,0.15
1322,2021-02-11,TOS,5383,2021,3362,2809,2218,323,12,10,11,5141,242,ITI,ITI1,9,Toscana,Toscana,3729641,351759,9.43,0.14
1323,2021-02-02,TOS,3741,1475,2266,3020,287,422,6,6,0,194,3547,ITI,ITI1,9,Toscana,Toscana,3729641,355500,9.53,0.1
1324,2021-03-09,TOS,10404,3985,6419,4805,2078,151,3217,142,11,4851,5553,ITI,ITI1,9,Toscana,Toscana,3729641,365904,9.81,0.28
1325,2021-02-27,TOS,1944,722,1222,1353,314,132,1,125,19,1042,902,ITI,ITI1,9,Toscana,Toscana,3729641,367848,9.86,0.05
1326,2021-01-25,TOS,5124,1896,3228,4159,56,909,0,0,0,248,4876,ITI,ITI1,9,Toscana,Toscana,3729641,372972,10.0,0.14
1327,2021-01-02,TOS,3497,1097,2400,2682,15,800,0,0,0,3497,0,ITI,ITI1,9,Toscana,Toscana,3729641,376469,10.09,0.09
1328,2021-03-05,TOS,16213,6213,10000,3920,2394,170,5109,748,3872,11473,4740,ITI,ITI1,9,Toscana,Toscana,3729641,392682,10.53,0.43
1329,2021-01-06,TOS,4519,1459,3060,3984,10,525,0,0,0,4519,0,ITI,ITI1,9,Toscana,Toscana,3729641,397201,10.65,0.12
1330,2021-02-07,TOS,2806,953,1853,2349,300,157,0,0,0,885,1921,ITI,ITI1,9,Toscana,Toscana,3729641,400007,10.73,0.08
1331,2021-01-01,TOS,2368,786,1582,1716,2,650,0,0,0,2368,0,ITI,ITI1,9,Toscana,Toscana,3729641,402375,10.79,0.06
1332,2021-01-05,TOS,5244,1755,3489,4354,11,879,0,0,0,5244,0,ITI,ITI1,9,Toscana,Toscana,3729641,407619,10.93,0.14
1333,2021-01-15,TOS,3878,1347,2531,2758,676,444,0,0,0,3878,0,ITI,ITI1,9,Toscana,Toscana,3729641,411497,11.03,0.1
1334,2021-01-08,TOS,5944,1641,4303,5360,39,545,0,0,0,5944,0,ITI,ITI1,9,Toscana,Toscana,3729641,417441,11.19,0.16
1335,2021-02-08,TOS,4095,1358,2737,3373,345,377,0,0,0,3636,459,ITI,ITI1,9,Toscana,Toscana,3729641,421536,11.3,0.11
1336,2021-01-30,TOS,4620,1622,2998,3763,219,638,0,0,0,197,4423,ITI,ITI1,9,Toscana,Toscana,3729641,426156,11.43,0.12
1337,2021-01-12,TOS,3581,1398,2183,2944,283,354,0,0,0,3581,0,ITI,ITI1,9,Toscana,Toscana,3729641,429737,11.52,0.1
1338,2021-01-18,TOS,1119,636,483,430,314,375,0,0,0,1021,98,ITI,ITI1,9,Toscana,Toscana,3729641,430856,11.55,0.03
1339,2021-02-22,TOS,9817,4253,5564,3484,2279,315,22,1014,2703,9539,278,ITI,ITI1,9,Toscana,Toscana,3729641,440673,11.82,0.26
1340,2021-01-27,TOS,4835,1572,3263,4019,74,742,0,0,0,207,4628,ITI,ITI1,9,Toscana,Toscana,3729641,445508,11.95,0.13
1341,2021-02-10,TOS,4262,1280,2982,3536,241,484,0,1,0,3739,523,ITI,ITI1,9,Toscana,Toscana,3729641,449770,12.06,0.11
1342,2021-03-12,TOS,15989,5963,10026,2604,1933,176,6701,650,3925,12478,3511,ITI,ITI1,9,Toscana,Toscana,3729641,465759,12.49,0.43
1343,2021-02-09,TOS,4486,1468,3018,3583,388,513,2,0,0,3875,611,ITI,ITI1,9,Toscana,Toscana,3729641,470245,12.61,0.12
1344,2021-03-16,TOS,4745,1822,2923,1543,1087,120,1967,12,16,2546,2199,ITI,ITI1,9,Toscana,Toscana,3729641,474990,12.74,0.13
1345,2021-03-17,TOS,10598,4234,6364,344,1086,125,9039,2,2,6367,4231,ITI,ITI1,9,Toscana,Toscana,3729641,485588,13.02,0.28
1346,2021-01-26,TOS,5392,1791,3601,4357,84,951,0,0,0,219,5173,ITI,ITI1,9,Toscana,Toscana,3729641,490980,13.16,0.14
1347,2021-03-06,TOS,7096,2839,4257,3804,1614,145,30,357,1146,2905,4191,ITI,ITI1,9,Toscana,Toscana,3729641,498076,13.35,0.19
1348,2020-12-31,TOS,805,202,603,97,10,698,0,0,0,805,0,ITI,ITI1,9,Toscana,Toscana,3729641,498881,13.38,0.02
1349,2021-02-10,VEN,4706,1568,3138,3104,857,744,0,0,1,3654,1052,ITH,ITH3,5,Veneto,Veneto,4905854,4706,0.1,0.1
1350,2021-01-05,VEN,7327,2183,5144,5410,789,1122,0,1,5,7327,0,ITH,ITH3,5,Veneto,Veneto,4905854,12033,0.25,0.15
1351,2021-01-20,VEN,1039,368,671,696,130,213,0,0,0,387,652,ITH,ITH3,5,Veneto,Veneto,4905854,13072,0.27,0.02
1352,2021-01-27,VEN,7140,2064,5076,5206,1047,879,0,0,8,246,6894,ITH,ITH3,5,Veneto,Veneto,4905854,20212,0.41,0.15
1353,2021-03-04,VEN,12690,4694,7996,3100,1676,1349,3409,330,2826,9285,3405,ITH,ITH3,5,Veneto,Veneto,4905854,32902,0.67,0.26
1354,2021-01-01,VEN,1525,470,1055,1494,30,1,0,0,0,1525,0,ITH,ITH3,5,Veneto,Veneto,4905854,34427,0.7,0.03
1355,2021-03-15,VEN,16244,6981,9263,1346,2895,322,9301,433,1947,11053,5191,ITH,ITH3,5,Veneto,Veneto,4905854,50671,1.03,0.33
1356,2021-03-09,VEN,16171,7299,8872,1198,1910,668,8541,912,2942,10073,6098,ITH,ITH3,5,Veneto,Veneto,4905854,66842,1.36,0.33
1357,2021-01-02,VEN,5741,1765,3976,4797,396,544,2,0,2,5741,0,ITH,ITH3,5,Veneto,Veneto,4905854,72583,1.48,0.12
1358,2021-02-25,VEN,7852,3321,4531,1491,565,467,4946,109,274,7254,598,ITH,ITH3,5,Veneto,Veneto,4905854,80435,1.64,0.16
1359,2021-01-08,VEN,9397,2831,6566,5977,1603,1807,3,1,6,9397,0,ITH,ITH3,5,Veneto,Veneto,4905854,89832,1.83,0.19
1360,2021-03-16,VEN,12208,5238,6970,1213,2647,374,7854,17,103,6750,5458,ITH,ITH3,5,Veneto,Veneto,4905854,102040,2.08,0.25
1361,2021-02-07,VEN,2313,861,1452,1930,330,50,2,0,1,714,1599,ITH,ITH3,5,Veneto,Veneto,4905854,104353,2.13,0.05
1362,2020-12-30,VEN,699,245,454,598,62,39,0,0,0,699,0,ITH,ITH3,5,Veneto,Veneto,4905854,105052,2.14,0.01
1363,2021-01-04,VEN,6726,2029,4697,5238,569,913,1,0,5,6726,0,ITH,ITH3,5,Veneto,Veneto,4905854,111778,2.28,0.14
1364,2020-12-27,VEN,880,395,485,875,4,0,0,0,1,880,0,ITH,ITH3,5,Veneto,Veneto,4905854,112658,2.3,0.02
1365,2021-02-02,VEN,6403,1843,4560,2970,1285,1994,152,0,2,392,6011,ITH,ITH3,5,Veneto,Veneto,4905854,119061,2.43,0.13
1366,2021-02-08,VEN,4964,1538,3426,2788,993,1169,12,0,2,1929,3035,ITH,ITH3,5,Veneto,Veneto,4905854,124025,2.53,0.1
1367,2021-02-22,VEN,6957,3015,3942,743,232,339,5402,1,240,6570,387,ITH,ITH3,5,Veneto,Veneto,4905854,130982,2.67,0.14
1368,2021-02-12,VEN,4325,1453,2872,2761,881,671,6,2,4,3753,572,ITH,ITH3,5,Veneto,Veneto,4905854,135307,2.76,0.09
1369,2021-01-25,VEN,6466,2074,4392,5060,499,904,1,0,2,170,6296,ITH,ITH3,5,Veneto,Veneto,4905854,141773,2.89,0.13
1370,2021-03-01,VEN,9358,3699,5659,2013,1138,923,2628,156,2500,7533,1825,ITH,ITH3,5,Veneto,Veneto,4905854,151131,3.08,0.19
1371,2021-02-11,VEN,4021,1244,2777,2613,596,800,9,1,2,3392,629,ITH,ITH3,5,Veneto,Veneto,4905854,155152,3.16,0.08
1372,2021-03-18,VEN,12242,4961,7281,1341,2111,343,7588,20,839,7094,5148,ITH,ITH3,5,Veneto,Veneto,4905854,167394,3.41,0.25
1373,2021-02-05,VEN,8362,2531,5831,4272,1912,2162,7,5,4,1425,6937,ITH,ITH3,5,Veneto,Veneto,4905854,175756,3.58,0.17
1374,2021-02-16,VEN,6629,2868,3761,718,387,478,5044,1,1,6452,177,ITH,ITH3,5,Veneto,Veneto,4905854,182385,3.72,0.14
1375,2021-01-22,VEN,1079,332,747,946,76,57,0,0,0,25,1054,ITH,ITH3,5,Veneto,Veneto,4905854,183464,3.74,0.02
1376,2021-02-17,VEN,6004,2764,3240,411,281,361,4946,5,0,5910,94,ITH,ITH3,5,Veneto,Veneto,4905854,189468,3.86,0.12
1377,2021-03-06,VEN,10500,4253,6247,2955,2715,1485,1973,46,1326,7306,3194,ITH,ITH3,5,Veneto,Veneto,4905854,199968,4.08,0.21
1378,2021-01-29,VEN,8996,2780,6216,6039,1517,1434,3,1,2,367,8629,ITH,ITH3,5,Veneto,Veneto,4905854,208964,4.26,0.18
1379,2021-02-28,VEN,4127,1382,2745,1702,1424,15,983,0,3,3290,837,ITH,ITH3,5,Veneto,Veneto,4905854,213091,4.34,0.08
1380,2021-01-26,VEN,6902,2081,4821,5338,595,963,0,1,5,155,6747,ITH,ITH3,5,Veneto,Veneto,4905854,219993,4.48,0.14
1381,2021-02-04,VEN,7313,2012,5301,3458,1459,2380,12,0,4,555,6758,ITH,ITH3,5,Veneto,Veneto,4905854,227306,4.63,0.15
1382,2021-03-10,VEN,18736,8503,10233,1407,2511,555,9051,1078,4134,13063,5673,ITH,ITH3,5,Veneto,Veneto,4905854,246042,5.02,0.38
1383,2021-02-09,VEN,5152,1871,3281,3095,870,1167,19,0,1,3422,1730,ITH,ITH3,5,Veneto,Veneto,4905854,251194,5.12,0.11
1384,2021-01-14,VEN,7060,1925,5135,3235,1333,2473,17,0,2,7060,0,ITH,ITH3,5,Veneto,Veneto,4905854,258254,5.26,0.14
1385,2021-01-12,VEN,5230,1516,3714,2251,1056,1752,168,0,3,5230,0,ITH,ITH3,5,Veneto,Veneto,4905854,263484,5.37,0.11
1386,2021-03-07,VEN,4446,1739,2707,1692,927,17,983,0,827,3891,555,ITH,ITH3,5,Veneto,Veneto,4905854,267930,5.46,0.09
1387,2021-01-23,VEN,4063,1255,2808,3404,205,450,1,0,3,34,4029,ITH,ITH3,5,Veneto,Veneto,4905854,271993,5.54,0.08
1388,2021-03-02,VEN,11318,4547,6771,2760,1847,1167,3285,411,1848,8043,3275,ITH,ITH3,5,Veneto,Veneto,4905854,283311,5.77,0.23
1389,2021-01-13,VEN,5977,1600,4377,2792,1300,1880,3,0,2,5977,0,ITH,ITH3,5,Veneto,Veneto,4905854,289288,5.9,0.12
1390,2021-03-11,VEN,19274,8569,10705,1547,3075,754,9310,964,3624,13843,5431,ITH,ITH3,5,Veneto,Veneto,4905854,308562,6.29,0.39
1391,2021-01-07,VEN,8359,2319,6040,5467,1087,1805,0,0,0,8359,0,ITH,ITH3,5,Veneto,Veneto,4905854,316921,6.46,0.17
1392,2021-02-26,VEN,8219,3242,4977,1676,1111,738,4381,31,282,6969,1250,ITH,ITH3,5,Veneto,Veneto,4905854,325140,6.63,0.17
1393,2021-03-03,VEN,11863,4496,7367,3310,1499,1110,3375,310,2259,8399,3464,ITH,ITH3,5,Veneto,Veneto,4905854,337003,6.87,0.24
1394,2021-02-13,VEN,3260,1472,1788,1558,665,1034,2,0,1,3246,14,ITH,ITH3,5,Veneto,Veneto,4905854,340263,6.94,0.07
1395,2021-01-24,VEN,4116,1219,2897,3752,138,222,1,0,3,28,4088,ITH,ITH3,5,Veneto,Veneto,4905854,344379,7.02,0.08
1396,2021-02-23,VEN,7304,3214,4090,1007,493,213,5343,69,179,7046,258,ITH,ITH3,5,Veneto,Veneto,4905854,351683,7.17,0.15
1397,2021-01-21,VEN,2290,719,1571,1985,162,141,0,0,2,21,2269,ITH,ITH3,5,Veneto,Veneto,4905854,353973,7.22,0.05
1398,2021-01-03,VEN,5158,1563,3595,4597,311,249,0,0,1,5158,0,ITH,ITH3,5,Veneto,Veneto,4905854,359131,7.32,0.11
1399,2021-02-03,VEN,5933,1659,4274,2851,1334,1743,1,0,4,482,5451,ITH,ITH3,5,Veneto,Veneto,4905854,365064,7.44,0.12
1400,2021-02-06,VEN,4090,1351,2739,3023,697,367,3,0,0,709,3381,ITH,ITH3,5,Veneto,Veneto,4905854,369154,7.52,0.08
1401,2021-01-30,VEN,8730,2668,6062,6209,1285,1218,4,12,2,687,8043,ITH,ITH3,5,Veneto,Veneto,4905854,377884,7.7,0.18
1402,2021-02-27,VEN,8958,2687,6271,2169,654,45,1960,12,4118,8126,832,ITH,ITH3,5,Veneto,Veneto,4905854,386842,7.89,0.18
1403,2021-01-28,VEN,9203,2661,6542,6458,1289,1448,5,0,3,175,9028,ITH,ITH3,5,Veneto,Veneto,4905854,396045,8.07,0.19
1404,2021-02-18,VEN,5700,2440,3260,934,353,607,3799,1,6,5637,63,ITH,ITH3,5,Veneto,Veneto,4905854,401745,8.19,0.12
1405,2021-01-10,VEN,5020,1662,3358,3839,715,462,2,2,0,5020,0,ITH,ITH3,5,Veneto,Veneto,4905854,406765,8.29,0.1
1406,2021-01-16,VEN,4598,1539,3059,3193,756,649,0,0,0,4598,0,ITH,ITH3,5,Veneto,Veneto,4905854,411363,8.39,0.09
1407,2021-02-24,VEN,8540,3655,4885,1522,640,506,5601,260,11,8058,482,ITH,ITH3,5,Veneto,Veneto,4905854,419903,8.56,0.17
1408,2021-03-19,VEN,10677,4457,6220,1340,2067,283,6779,30,178,5320,5357,ITH,ITH3,5,Veneto,Veneto,4905854,430580,8.78,0.22
1409,2021-01-31,VEN,4740,1550,3190,3676,679,377,4,2,2,393,4347,ITH,ITH3,5,Veneto,Veneto,4905854,435320,8.87,0.1
1410,2021-01-09,VEN,7926,2537,5389,5174,1163,1573,3,11,2,7926,0,ITH,ITH3,5,Veneto,Veneto,4905854,443246,9.04,0.16
1411,2021-03-17,VEN,14365,5840,8525,1856,2659,218,8916,26,690,7687,6678,ITH,ITH3,5,Veneto,Veneto,4905854,457611,9.33,0.29
1412,2021-03-14,VEN,14485,5568,8917,2087,4782,85,4135,129,3267,13759,726,ITH,ITH3,5,Veneto,Veneto,4905854,472096,9.62,0.3
1413,2021-02-21,VEN,4624,1203,3421,495,9,18,417,2,3683,4619,5,ITH,ITH3,5,Veneto,Veneto,4905854,476720,9.72,0.09
1414,2021-01-18,VEN,2770,782,1988,1222,541,999,8,0,0,2571,199,ITH,ITH3,5,Veneto,Veneto,4905854,479490,9.77,0.06
1415,2020-12-31,VEN,3219,1043,2176,2700,265,252,0,0,2,3219,0,ITH,ITH3,5,Veneto,Veneto,4905854,482709,9.84,0.07
1416,2021-02-01,VEN,8517,2488,6029,4206,1953,2106,245,0,7,165,8352,ITH,ITH3,5,Veneto,Veneto,4905854,491226,10.01,0.17
1417,2021-01-19,VEN,1309,472,837,726,253,324,6,0,0,1160,149,ITH,ITH3,5,Veneto,Veneto,4905854,492535,10.04,0.03
1418,2021-03-12,VEN,18186,7891,10295,1914,3380,615,8050,755,3472,11514,6672,ITH,ITH3,5,Veneto,Veneto,4905854,510721,10.41,0.37
1419,2021-01-17,VEN,1932,780,1152,1587,220,120,3,0,2,1583,349,ITH,ITH3,5,Veneto,Veneto,4905854,512653,10.45,0.04
1420,2021-02-14,VEN,125,56,69,95,30,0,0,0,0,112,13,ITH,ITH3,5,Veneto,Veneto,4905854,512778,10.45,0.0
1421,2021-02-19,VEN,7292,3121,4171,1535,716,664,4368,3,6,7090,202,ITH,ITH3,5,Veneto,Veneto,4905854,520070,10.6,0.15
1422,2021-01-06,VEN,8129,2382,5747,6307,1003,807,1,2,9,8129,0,ITH,ITH3,5,Veneto,Veneto,4905854,528199,10.77,0.17
1423,2021-03-05,VEN,13127,4889,8238,3430,1996,1384,3090,275,2952,9544,3583,ITH,ITH3,5,Veneto,Veneto,4905854,541326,11.03,0.27
1424,2021-03-08,VEN,13344,6045,7299,699,1187,383,7149,986,2940,9305,4039,ITH,ITH3,5,Veneto,Veneto,4905854,554670,11.31,0.27
1425,2021-01-11,VEN,7237,2100,5137,3499,1530,1956,247,0,5,7237,0,ITH,ITH3,5,Veneto,Veneto,4905854,561907,11.45,0.15
1426,2021-01-15,VEN,5863,1819,4044,2984,1299,1565,9,3,3,5863,0,ITH,ITH3,5,Veneto,Veneto,4905854,567770,11.57,0.12
1427,2021-02-15,VEN,4386,1820,2566,483,210,383,3294,14,2,4146,240,ITH,ITH3,5,Veneto,Veneto,4905854,572156,11.66,0.09
1428,2021-03-13,VEN,16631,6861,9770,2069,5366,74,4815,280,4027,13719,2912,ITH,ITH3,5,Veneto,Veneto,4905854,588787,12.0,0.34
1429,2021-02-20,VEN,6321,1985,4336,1798,204,100,971,6,3242,6317,4,ITH,ITH3,5,Veneto,Veneto,4905854,595108,12.13,0.13
1430,2021-01-13,CAM,8019,3665,4354,4350,3082,587,0,0,0,8019,0,ITF,ITF3,15,Campania,Campania,5801692,8019,0.14,0.14
1431,2021-01-03,CAM,3837,2009,1828,3191,646,0,0,0,0,3837,0,ITF,ITF3,15,Campania,Campania,5801692,11856,0.2,0.07
1432,2021-03-02,CAM,12746,4550,8196,1266,4352,148,1938,2,5040,8402,4344,ITF,ITF3,15,Campania,Campania,5801692,24602,0.42,0.22
1433,2021-01-23,CAM,3839,2029,1810,3161,609,69,0,0,0,273,3566,ITF,ITF3,15,Campania,Campania,5801692,28441,0.49,0.07
1434,2021-03-17,CAM,11563,5086,6477,458,2063,43,8865,20,114,4987,6576,ITF,ITF3,15,Campania,Campania,5801692,40004,0.69,0.2
1435,2021-01-11,CAM,4072,1871,2201,2386,1434,252,0,0,0,4072,0,ITF,ITF3,15,Campania,Campania,5801692,44076,0.76,0.07
1436,2021-01-12,CAM,5214,2563,2651,3439,1435,340,0,0,0,5214,0,ITF,ITF3,15,Campania,Campania,5801692,49290,0.85,0.09
1437,2021-02-19,CAM,9556,3557,5999,1647,1128,161,4453,0,2167,8906,650,ITF,ITF3,15,Campania,Campania,5801692,58846,1.01,0.16
1438,2021-03-06,CAM,16296,6747,9549,957,4431,172,5827,1027,3882,10630,5666,ITF,ITF3,15,Campania,Campania,5801692,75142,1.3,0.28
1439,2021-03-08,CAM,14502,6703,7799,835,5195,36,4175,1334,2927,9727,4775,ITF,ITF3,15,Campania,Campania,5801692,89644,1.55,0.25
1440,2021-03-10,CAM,15226,7362,7864,638,3987,26,7285,1006,2284,8399,6827,ITF,ITF3,15,Campania,Campania,5801692,104870,1.81,0.26
1441,2021-02-23,CAM,10988,3383,7605,514,2211,288,3688,0,4287,10462,526,ITF,ITF3,15,Campania,Campania,5801692,115858,2.0,0.19
1442,2021-03-01,CAM,12115,4241,7874,1095,3709,145,1720,0,5446,8004,4111,ITF,ITF3,15,Campania,Campania,5801692,127973,2.21,0.21
1443,2021-02-04,CAM,7943,3429,4514,3965,3685,292,1,0,0,1308,6635,ITF,ITF3,15,Campania,Campania,5801692,135916,2.34,0.14
1444,2021-01-02,CAM,3674,1963,1711,3167,507,0,0,0,0,3674,0,ITF,ITF3,15,Campania,Campania,5801692,139590,2.41,0.06
1445,2021-01-20,CAM,1257,650,607,395,761,101,0,0,0,1257,0,ITF,ITF3,15,Campania,Campania,5801692,140847,2.43,0.02
1446,2021-03-09,CAM,13859,6628,7231,744,4620,217,3729,1118,3431,10078,3781,ITF,ITF3,15,Campania,Campania,5801692,154706,2.67,0.24
1447,2021-01-27,CAM,7737,3820,3917,5837,1630,270,0,0,0,162,7575,ITF,ITF3,15,Campania,Campania,5801692,162443,2.8,0.13
1448,2021-01-29,CAM,10052,4812,5240,6405,3388,259,0,0,0,47,10005,ITF,ITF3,15,Campania,Campania,5801692,172495,2.97,0.17
1449,2021-01-01,CAM,919,506,413,831,88,0,0,0,0,919,0,ITF,ITF3,15,Campania,Campania,5801692,173414,2.99,0.02
1450,2021-02-11,CAM,6279,2705,3574,1861,1926,129,2363,0,0,6213,66,ITF,ITF3,15,Campania,Campania,5801692,179693,3.1,0.11
1451,2021-01-28,CAM,8832,4122,4710,6216,2269,347,0,0,0,135,8697,ITF,ITF3,15,Campania,Campania,5801692,188525,3.25,0.15
1452,2021-01-19,CAM,1095,474,621,534,390,171,0,0,0,1092,3,ITF,ITF3,15,Campania,Campania,5801692,189620,3.27,0.02
1453,2021-03-11,CAM,17523,8635,8888,1009,5223,105,7629,986,2571,10245,7278,ITF,ITF3,15,Campania,Campania,5801692,207143,3.57,0.3
1454,2021-02-02,CAM,5722,2804,2918,3640,1728,354,0,0,0,443,5279,ITF,ITF3,15,Campania,Campania,5801692,212865,3.67,0.1
1455,2021-03-12,CAM,14233,7084,7149,979,4700,82,5285,1234,1953,8153,6080,ITF,ITF3,15,Campania,Campania,5801692,227098,3.91,0.25
1456,2021-01-18,CAM,957,399,558,576,194,187,0,0,0,713,244,ITF,ITF3,15,Campania,Campania,5801692,228055,3.93,0.02
1457,2021-03-13,CAM,14255,6792,7463,342,4234,193,5318,1195,2973,8970,5285,ITF,ITF3,15,Campania,Campania,5801692,242310,4.18,0.25
1458,2021-02-22,CAM,10613,3282,7331,512,2276,139,3867,0,3819,10351,262,ITF,ITF3,15,Campania,Campania,5801692,252923,4.36,0.18
1459,2021-01-16,CAM,3369,1675,1694,1355,1641,373,0,0,0,3369,0,ITF,ITF3,15,Campania,Campania,5801692,256292,4.42,0.06
1460,2021-01-06,CAM,7652,3749,3903,5781,1571,300,0,0,0,7652,0,ITF,ITF3,15,Campania,Campania,5801692,263944,4.55,0.13
1461,2021-03-16,CAM,8091,3522,4569,287,1817,60,5789,23,115,3777,4314,ITF,ITF3,15,Campania,Campania,5801692,272035,4.69,0.14
1462,2021-02-08,CAM,5113,2449,2664,1388,2121,226,1378,0,0,4311,802,ITF,ITF3,15,Campania,Campania,5801692,277148,4.78,0.09
1463,2020-12-27,CAM,720,422,298,703,17,0,0,0,0,720,0,ITF,ITF3,15,Campania,Campania,5801692,277868,4.79,0.01
1464,2021-02-16,CAM,5437,2410,3027,911,1183,169,3174,0,0,4666,771,ITF,ITF3,15,Campania,Campania,5801692,283305,4.88,0.09
1465,2021-01-25,CAM,5744,2926,2818,4743,945,56,0,0,0,164,5580,ITF,ITF3,15,Campania,Campania,5801692,289049,4.98,0.1
1466,2021-02-27,CAM,13941,4470,9471,597,3062,78,3146,0,7058,12299,1642,ITF,ITF3,15,Campania,Campania,5801692,302990,5.22,0.24
1467,2021-02-18,CAM,9078,3811,5267,1710,1342,70,5520,0,436,8370,708,ITF,ITF3,15,Campania,Campania,5801692,312068,5.38,0.16
1468,2021-02-17,CAM,7388,3210,4178,995,1085,38,4908,0,362,6328,1060,ITF,ITF3,15,Campania,Campania,5801692,319456,5.51,0.13
1469,2021-01-09,CAM,10566,5024,5542,6759,3538,269,0,0,0,10566,0,ITF,ITF3,15,Campania,Campania,5801692,330022,5.69,0.18
1470,2021-01-04,CAM,5826,2963,2863,4850,976,0,0,0,0,5826,0,ITF,ITF3,15,Campania,Campania,5801692,335848,5.79,0.1
1471,2021-01-15,CAM,4980,2381,2599,2740,2049,191,0,0,0,4980,0,ITF,ITF3,15,Campania,Campania,5801692,340828,5.87,0.09
1472,2021-03-15,CAM,13012,6124,6888,483,3821,85,5809,234,2580,8309,4703,ITF,ITF3,15,Campania,Campania,5801692,353840,6.1,0.22
1473,2021-02-03,CAM,8902,4002,4900,4735,3452,714,1,0,0,878,8024,ITF,ITF3,15,Campania,Campania,5801692,362742,6.25,0.15
1474,2021-02-06,CAM,5341,2665,2676,1990,2877,459,15,0,0,2103,3238,ITF,ITF3,15,Campania,Campania,5801692,368083,6.34,0.09
1475,2021-01-10,CAM,8165,3736,4429,5179,2889,97,0,0,0,8165,0,ITF,ITF3,15,Campania,Campania,5801692,376248,6.49,0.14
1476,2021-02-20,CAM,8565,3079,5486,1015,858,145,4582,0,1965,8262,303,ITF,ITF3,15,Campania,Campania,5801692,384813,6.63,0.15
1477,2021-02-10,CAM,6904,3413,3491,1945,2703,98,2158,0,0,6728,176,ITF,ITF3,15,Campania,Campania,5801692,391717,6.75,0.12
1478,2021-02-05,CAM,7261,3463,3798,3447,3497,308,9,0,0,2133,5128,ITF,ITF3,15,Campania,Campania,5801692,398978,6.88,0.13
1479,2021-01-05,CAM,7237,3638,3599,5810,1321,106,0,0,0,7237,0,ITF,ITF3,15,Campania,Campania,5801692,406215,7.0,0.12
1480,2021-01-30,CAM,10721,5079,5642,6930,3564,227,0,0,0,39,10682,ITF,ITF3,15,Campania,Campania,5801692,416936,7.19,0.18
1481,2021-03-14,CAM,8542,3734,4808,137,2215,36,3623,844,1687,4404,4138,ITF,ITF3,15,Campania,Campania,5801692,425478,7.33,0.15
1482,2021-02-14,CAM,3933,1926,2007,550,905,17,2461,0,0,3890,43,ITF,ITF3,15,Campania,Campania,5801692,429411,7.4,0.07
1483,2021-01-21,CAM,2093,1116,977,1379,639,75,0,0,0,677,1416,ITF,ITF3,15,Campania,Campania,5801692,431504,7.44,0.04
1484,2021-01-26,CAM,7297,3701,3596,5742,1333,222,0,0,0,352,6945,ITF,ITF3,15,Campania,Campania,5801692,438801,7.56,0.13
1485,2021-02-15,CAM,5469,2515,2954,976,1002,94,3395,1,1,5296,173,ITF,ITF3,15,Campania,Campania,5801692,444270,7.66,0.09
1486,2021-02-07,CAM,2936,1386,1550,712,1708,226,290,0,0,2158,778,ITF,ITF3,15,Campania,Campania,5801692,447206,7.71,0.05
1487,2021-02-09,CAM,4642,2201,2441,1148,2150,6,1338,0,0,4390,252,ITF,ITF3,15,Campania,Campania,5801692,451848,7.79,0.08
1488,2021-03-18,CAM,12156,5376,6780,444,2492,34,8658,74,454,5969,6187,ITF,ITF3,15,Campania,Campania,5801692,464004,8.0,0.21
1489,2021-03-05,CAM,16471,6346,10125,1640,5427,64,5028,4,4308,9813,6658,ITF,ITF3,15,Campania,Campania,5801692,480475,8.28,0.28
1490,2021-02-26,CAM,13329,4230,9099,623,2381,223,3222,1,6879,11994,1335,ITF,ITF3,15,Campania,Campania,5801692,493804,8.51,0.23
1491,2021-01-07,CAM,8910,4166,4744,6313,2265,332,0,0,0,8910,0,ITF,ITF3,15,Campania,Campania,5801692,502714,8.66,0.15
1492,2020-12-31,CAM,1490,811,679,1273,216,1,0,0,0,1490,0,ITF,ITF3,15,Campania,Campania,5801692,504204,8.69,0.03
1493,2021-03-19,CAM,8279,3690,4589,223,2126,19,5589,20,302,4712,3567,ITF,ITF3,15,Campania,Campania,5801692,512483,8.83,0.14
1494,2021-02-24,CAM,11768,4143,7625,712,2311,145,5096,0,3504,11080,688,ITF,ITF3,15,Campania,Campania,5801692,524251,9.04,0.2
1495,2021-02-28,CAM,10400,3204,7196,485,3656,22,1943,0,4294,8501,1899,ITF,ITF3,15,Campania,Campania,5801692,534651,9.22,0.18
1496,2021-01-17,CAM,1155,551,604,718,286,151,0,0,0,702,453,ITF,ITF3,15,Campania,Campania,5801692,535806,9.24,0.02
1497,2021-02-21,CAM,5834,2239,3595,780,653,22,3871,0,508,5609,225,ITF,ITF3,15,Campania,Campania,5801692,541640,9.34,0.1
1498,2021-03-04,CAM,14645,5345,9300,1788,5088,135,4198,1,3435,8752,5893,ITF,ITF3,15,Campania,Campania,5801692,556285,9.59,0.25
1499,2021-02-13,CAM,5508,2549,2959,952,808,131,3615,0,2,5291,217,ITF,ITF3,15,Campania,Campania,5801692,561793,9.68,0.09
1500,2021-01-24,CAM,4128,2123,2005,3140,822,166,0,0,0,383,3745,ITF,ITF3,15,Campania,Campania,5801692,565921,9.75,0.07
1501,2021-01-08,CAM,10455,4969,5486,6714,3529,212,0,0,0,10455,0,ITF,ITF3,15,Campania,Campania,5801692,576376,9.93,0.18
1502,2021-01-14,CAM,7072,2976,4096,3706,3016,350,0,0,0,7072,0,ITF,ITF3,15,Campania,Campania,5801692,583448,10.06,0.12
1503,2021-02-25,CAM,12422,4479,7943,600,2672,124,4916,0,4110,11234,1188,ITF,ITF3,15,Campania,Campania,5801692,595870,10.27,0.21
1504,2021-03-03,CAM,13921,5495,8426,2017,5280,158,3468,3,2995,7292,6629,ITF,ITF3,15,Campania,Campania,5801692,609791,10.51,0.24
1505,2021-02-12,CAM,6555,2876,3679,1812,1467,214,3058,0,4,6343,212,ITF,ITF3,15,Campania,Campania,5801692,616346,10.62,0.11
1506,2021-01-22,CAM,1523,775,748,970,344,209,0,0,0,673,850,ITF,ITF3,15,Campania,Campania,5801692,617869,10.65,0.03
1507,2021-01-31,CAM,8067,3711,4356,5107,2893,67,0,0,0,23,8044,ITF,ITF3,15,Campania,Campania,5801692,625936,10.79,0.14
1508,2021-02-01,CAM,3985,1813,2172,2504,1329,152,0,0,0,110,3875,ITF,ITF3,15,Campania,Campania,5801692,629921,10.86,0.07
1509,2021-03-07,CAM,11911,5344,6567,513,4258,85,3276,1512,2267,8070,3841,ITF,ITF3,15,Campania,Campania,5801692,641832,11.06,0.21
1510,2020-12-30,PAT,6,2,4,4,1,1,0,0,0,6,0,ITH,ITH2,4,Provincia Autonoma Trento,P.A. Trento,541380,6,0.0,0.0
1511,2020-12-27,PAT,103,40,63,76,6,21,0,0,0,103,0,ITH,ITH2,4,Provincia Autonoma Trento,P.A. Trento,541380,109,0.02,0.02
1512,2021-01-15,PAT,592,130,462,460,21,111,0,0,0,592,0,ITH,ITH2,4,Provincia Autonoma Trento,P.A. Trento,541380,701,0.13,0.11
1513,2021-03-11,PAT,2227,828,1399,98,164,41,1497,59,368,1369,858,ITH,ITH2,4,Provincia Autonoma Trento,P.A. Trento,541380,2928,0.54,0.41
1514,2021-01-14,PAT,696,201,495,477,11,208,0,0,0,696,0,ITH,ITH2,4,Provincia Autonoma Trento,P.A. Trento,541380,3624,0.67,0.13
1515,2021-03-05,PAT,2180,686,1494,125,130,101,903,157,764,1582,598,ITH,ITH2,4,Provincia Autonoma Trento,P.A. Trento,541380,5804,1.07,0.4
1516,2021-03-15,PAT,1372,529,843,62,494,7,592,54,163,908,464,ITH,ITH2,4,Provincia Autonoma Trento,P.A. Trento,541380,7176,1.33,0.25
1517,2021-01-30,PAT,383,130,253,345,7,31,0,0,0,151,232,ITH,ITH2,4,Provincia Autonoma Trento,P.A. Trento,541380,7559,1.4,0.07
1518,2021-02-20,PAT,405,245,160,330,10,30,1,3,31,121,284,ITH,ITH2,4,Provincia Autonoma Trento,P.A. Trento,541380,7964,1.47,0.07
1519,2021-02-01,PAT,1217,334,883,765,78,374,0,0,0,92,1125,ITH,ITH2,4,Provincia Autonoma Trento,P.A. Trento,541380,9181,1.7,0.22
1520,2021-03-12,PAT,2386,897,1489,205,345,85,1025,203,523,1606,780,ITH,ITH2,4,Provincia Autonoma Trento,P.A. Trento,541380,11567,2.14,0.44
1521,2021-01-07,PAT,1268,310,958,649,63,556,0,0,0,1268,0,ITH,ITH2,4,Provincia Autonoma Trento,P.A. Trento,541380,12835,2.37,0.23
1522,2021-01-23,PAT,570,330,240,480,2,88,0,0,0,384,186,ITH,ITH2,4,Provincia Autonoma Trento,P.A. Trento,541380,13405,2.48,0.11
1523,2021-02-26,PAT,1206,431,775,249,23,19,809,1,105,892,314,ITH,ITH2,4,Provincia Autonoma Trento,P.A. Trento,541380,14611,2.7,0.22
1524,2021-03-17,PAT,2022,777,1245,390,362,55,1209,1,5,1158,864,ITH,ITH2,4,Provincia Autonoma Trento,P.A. Trento,541380,16633,3.07,0.37
1525,2021-02-17,PAT,1108,424,684,324,27,35,707,3,12,1017,91,ITH,ITH2,4,Provincia Autonoma Trento,P.A. Trento,541380,17741,3.28,0.2
1526,2021-02-02,PAT,889,237,652,507,47,171,164,0,0,190,699,ITH,ITH2,4,Provincia Autonoma Trento,P.A. Trento,541380,18630,3.44,0.16
1527,2021-01-20,PAT,288,71,217,229,11,48,0,0,0,276,12,ITH,ITH2,4,Provincia Autonoma Trento,P.A. Trento,541380,18918,3.49,0.05
1528,2021-01-02,PAT,498,142,356,334,25,139,0,0,0,498,0,ITH,ITH2,4,Provincia Autonoma Trento,P.A. Trento,541380,19416,3.59,0.09
1529,2021-02-22,PAT,745,259,486,118,11,70,501,0,45,660,85,ITH,ITH2,4,Provincia Autonoma Trento,P.A. Trento,541380,20161,3.72,0.14
1530,2021-01-16,PAT,318,147,171,303,1,14,0,0,0,318,0,ITH,ITH2,4,Provincia Autonoma Trento,P.A. Trento,541380,20479,3.78,0.06
1531,2021-02-18,PAT,1196,422,774,300,30,35,773,3,55,1138,58,ITH,ITH2,4,Provincia Autonoma Trento,P.A. Trento,541380,21675,4.0,0.22
1532,2021-03-18,PAT,2207,916,1291,55,583,2,1564,2,1,1158,1049,ITH,ITH2,4,Provincia Autonoma Trento,P.A. Trento,541380,23882,4.41,0.41
1533,2021-01-21,PAT,349,93,256,318,15,16,0,0,0,227,122,ITH,ITH2,4,Provincia Autonoma Trento,P.A. Trento,541380,24231,4.48,0.06
1534,2021-03-04,PAT,2326,781,1545,160,81,23,1698,19,345,1478,848,ITH,ITH2,4,Provincia Autonoma Trento,P.A. Trento,541380,26557,4.91,0.43
1535,2021-01-24,PAT,545,274,271,533,12,0,0,0,0,223,322,ITH,ITH2,4,Provincia Autonoma Trento,P.A. Trento,541380,27102,5.01,0.1
1536,2021-01-11,PAT,724,220,504,516,58,150,0,0,0,724,0,ITH,ITH2,4,Provincia Autonoma Trento,P.A. Trento,541380,27826,5.14,0.13
1537,2021-02-21,PAT,155,92,63,154,0,0,0,0,1,43,112,ITH,ITH2,4,Provincia Autonoma Trento,P.A. Trento,541380,27981,5.17,0.03
1538,2021-02-19,PAT,901,347,554,169,53,70,580,1,28,844,57,ITH,ITH2,4,Provincia Autonoma Trento,P.A. Trento,541380,28882,5.33,0.17
1539,2021-01-19,PAT,403,77,326,363,4,36,0,0,0,403,0,ITH,ITH2,4,Provincia Autonoma Trento,P.A. Trento,541380,29285,5.41,0.07
1540,2021-01-28,PAT,530,147,383,390,33,107,0,0,0,48,482,ITH,ITH2,4,Provincia Autonoma Trento,P.A. Trento,541380,29815,5.51,0.1
1541,2021-02-13,PAT,536,333,203,373,5,0,158,0,0,171,365,ITH,ITH2,4,Provincia Autonoma Trento,P.A. Trento,541380,30351,5.61,0.1
1542,2021-02-12,PAT,1009,340,669,335,68,55,551,0,0,588,421,ITH,ITH2,4,Provincia Autonoma Trento,P.A. Trento,541380,31360,5.79,0.19
1543,2021-01-27,PAT,734,257,477,395,34,304,1,0,0,73,661,ITH,ITH2,4,Provincia Autonoma Trento,P.A. Trento,541380,32094,5.93,0.14
1544,2021-03-10,PAT,2334,903,1431,347,79,25,1375,221,287,1393,941,ITH,ITH2,4,Provincia Autonoma Trento,P.A. Trento,541380,34428,6.36,0.43
1545,2021-02-03,PAT,845,313,532,354,25,73,393,0,0,414,431,ITH,ITH2,4,Provincia Autonoma Trento,P.A. Trento,541380,35273,6.52,0.16
1546,2021-03-16,PAT,1350,496,854,221,81,36,1009,0,3,576,774,ITH,ITH2,4,Provincia Autonoma Trento,P.A. Trento,541380,36623,6.76,0.25
1547,2021-01-03,PAT,483,158,325,409,12,62,0,0,0,483,0,ITH,ITH2,4,Provincia Autonoma Trento,P.A. Trento,541380,37106,6.85,0.09
1548,2021-01-04,PAT,853,223,630,481,49,322,1,0,0,853,0,ITH,ITH2,4,Provincia Autonoma Trento,P.A. Trento,541380,37959,7.01,0.16
1549,2021-02-25,PAT,1584,620,964,120,16,32,1322,1,93,1159,425,ITH,ITH2,4,Provincia Autonoma Trento,P.A. Trento,541380,39543,7.3,0.29
1550,2021-03-03,PAT,1636,617,1019,71,32,58,1255,19,201,1078,558,ITH,ITH2,4,Provincia Autonoma Trento,P.A. Trento,541380,41179,7.61,0.3
1551,2021-01-13,PAT,420,123,297,391,6,23,0,0,0,420,0,ITH,ITH2,4,Provincia Autonoma Trento,P.A. Trento,541380,41599,7.68,0.08
1552,2021-01-29,PAT,1349,331,1018,722,86,541,0,0,0,54,1295,ITH,ITH2,4,Provincia Autonoma Trento,P.A. Trento,541380,42948,7.93,0.25
1553,2021-01-05,PAT,707,231,476,494,52,161,0,0,0,707,0,ITH,ITH2,4,Provincia Autonoma Trento,P.A. Trento,541380,43655,8.06,0.13
1554,2021-02-23,PAT,1097,393,704,272,15,17,741,3,49,886,211,ITH,ITH2,4,Provincia Autonoma Trento,P.A. Trento,541380,44752,8.27,0.2
1555,2021-03-07,PAT,21,6,15,0,0,0,0,0,21,21,0,ITH,ITH2,4,Provincia Autonoma Trento,P.A. Trento,541380,44773,8.27,0.0
1556,2021-01-08,PAT,1442,312,1130,764,152,526,0,0,0,1442,0,ITH,ITH2,4,Provincia Autonoma Trento,P.A. Trento,541380,46215,8.54,0.27
1557,2021-03-01,PAT,1235,453,782,74,18,10,1035,3,95,937,298,ITH,ITH2,4,Provincia Autonoma Trento,P.A. Trento,541380,47450,8.76,0.23
1558,2021-02-09,PAT,914,287,627,447,13,73,381,0,0,441,473,ITH,ITH2,4,Provincia Autonoma Trento,P.A. Trento,541380,48364,8.93,0.17
1559,2021-02-06,PAT,572,296,276,178,7,0,387,0,0,432,140,ITH,ITH2,4,Provincia Autonoma Trento,P.A. Trento,541380,48936,9.04,0.11
1560,2021-03-06,PAT,732,256,476,324,17,0,194,5,192,580,152,ITH,ITH2,4,Provincia Autonoma Trento,P.A. Trento,541380,49668,9.17,0.14
1561,2020-12-31,PAT,1598,440,1158,819,109,670,0,0,0,1598,0,ITH,ITH2,4,Provincia Autonoma Trento,P.A. Trento,541380,51266,9.47,0.3
1562,2021-01-18,PAT,640,154,486,527,40,73,0,0,0,586,54,ITH,ITH2,4,Provincia Autonoma Trento,P.A. Trento,541380,51906,9.59,0.12
1563,2021-02-15,PAT,531,186,345,145,28,27,320,0,11,417,114,ITH,ITH2,4,Provincia Autonoma Trento,P.A. Trento,541380,52437,9.69,0.1
1564,2021-01-01,PAT,206,48,158,109,11,86,0,0,0,206,0,ITH,ITH2,4,Provincia Autonoma Trento,P.A. Trento,541380,52643,9.72,0.04
1565,2021-01-12,PAT,501,158,343,413,29,59,0,0,0,501,0,ITH,ITH2,4,Provincia Autonoma Trento,P.A. Trento,541380,53144,9.82,0.09
1566,2021-01-06,PAT,42,13,29,42,0,0,0,0,0,42,0,ITH,ITH2,4,Provincia Autonoma Trento,P.A. Trento,541380,53186,9.82,0.01
1567,2021-03-09,PAT,1526,571,955,95,66,28,1065,81,191,891,635,ITH,ITH2,4,Provincia Autonoma Trento,P.A. Trento,541380,54712,10.11,0.28
1568,2021-02-11,PAT,1130,364,766,331,16,48,735,0,0,796,334,ITH,ITH2,4,Provincia Autonoma Trento,P.A. Trento,541380,55842,10.31,0.21
1569,2021-01-10,PAT,84,19,65,53,19,12,0,0,0,84,0,ITH,ITH2,4,Provincia Autonoma Trento,P.A. Trento,541380,55926,10.33,0.02
1570,2021-03-14,PAT,107,65,42,102,0,0,0,0,5,20,87,ITH,ITH2,4,Provincia Autonoma Trento,P.A. Trento,541380,56033,10.35,0.02
1571,2021-01-31,PAT,74,15,59,55,13,6,0,0,0,0,74,ITH,ITH2,4,Provincia Autonoma Trento,P.A. Trento,541380,56107,10.36,0.01
1572,2021-02-10,PAT,849,289,560,310,9,51,479,0,0,509,340,ITH,ITH2,4,Provincia Autonoma Trento,P.A. Trento,541380,56956,10.52,0.16
1573,2021-02-05,PAT,802,271,531,467,22,66,247,0,0,283,519,ITH,ITH2,4,Provincia Autonoma Trento,P.A. Trento,541380,57758,10.67,0.15
1574,2021-02-04,PAT,971,303,668,541,17,89,324,0,0,420,551,ITH,ITH2,4,Provincia Autonoma Trento,P.A. Trento,541380,58729,10.85,0.18
1575,2021-02-24,PAT,1311,521,790,237,11,28,968,1,66,918,393,ITH,ITH2,4,Provincia Autonoma Trento,P.A. Trento,541380,60040,11.09,0.24
1576,2021-01-22,PAT,1628,422,1206,874,128,623,0,0,3,317,1311,ITH,ITH2,4,Provincia Autonoma Trento,P.A. Trento,541380,61668,11.39,0.3
1577,2021-02-16,PAT,663,244,419,73,14,3,563,0,10,658,5,ITH,ITH2,4,Provincia Autonoma Trento,P.A. Trento,541380,62331,11.51,0.12
1578,2021-01-09,PAT,184,40,144,139,14,31,0,0,0,184,0,ITH,ITH2,4,Provincia Autonoma Trento,P.A. Trento,541380,62515,11.55,0.03
1579,2021-03-08,PAT,1385,431,954,65,45,0,992,7,276,1025,360,ITH,ITH2,4,Provincia Autonoma Trento,P.A. Trento,541380,63900,11.8,0.26
1580,2021-03-02,PAT,1284,432,852,130,43,53,914,0,144,894,390,ITH,ITH2,4,Provincia Autonoma Trento,P.A. Trento,541380,65184,12.04,0.24
1581,2021-03-13,PAT,830,382,448,200,20,30,39,282,259,780,50,ITH,ITH2,4,Provincia Autonoma Trento,P.A. Trento,541380,66014,12.19,0.15
1582,2021-01-17,PAT,251,195,56,251,0,0,0,0,0,251,0,ITH,ITH2,4,Provincia Autonoma Trento,P.A. Trento,541380,66265,12.24,0.05
1583,2021-02-14,PAT,246,186,60,246,0,0,0,0,0,11,235,ITH,ITH2,4,Provincia Autonoma Trento,P.A. Trento,541380,66511,12.29,0.05
1584,2021-02-27,PAT,1021,454,567,444,28,0,434,4,111,598,423,ITH,ITH2,4,Provincia Autonoma Trento,P.A. Trento,541380,67532,12.47,0.19
1585,2021-01-25,PAT,774,205,569,482,30,262,0,0,0,23,751,ITH,ITH2,4,Provincia Autonoma Trento,P.A. Trento,541380,68306,12.62,0.14
1586,2021-02-08,PAT,1149,318,831,550,59,237,302,0,1,341,808,ITH,ITH2,4,Provincia Autonoma Trento,P.A. Trento,541380,69455,12.83,0.21
1587,2021-03-19,PAT,1818,698,1120,229,722,0,865,0,2,1122,696,ITH,ITH2,4,Provincia Autonoma Trento,P.A. Trento,541380,71273,13.17,0.34
1588,2021-02-28,PAT,242,121,121,231,0,0,0,0,11,242,0,ITH,ITH2,4,Provincia Autonoma Trento,P.A. Trento,541380,71515,13.21,0.04
1589,2021-01-26,PAT,497,138,359,397,16,84,0,0,0,25,472,ITH,ITH2,4,Provincia Autonoma Trento,P.A. Trento,541380,72012,13.3,0.09
1590,2021-01-21,SIC,1328,647,681,1001,190,137,0,0,0,499,829,ITG,ITG1,19,Sicilia,Sicilia,4999891,1328,0.03,0.03
1591,2021-01-30,SIC,7837,3569,4268,5450,1912,475,0,0,0,175,7662,ITG,ITG1,19,Sicilia,Sicilia,4999891,9165,0.18,0.16
1592,2021-01-14,SIC,5250,2514,2736,3046,1945,259,0,0,0,5250,0,ITG,ITG1,19,Sicilia,Sicilia,4999891,14415,0.29,0.11
1593,2021-01-24,SIC,4335,2262,2073,3990,342,3,0,0,0,148,4187,ITG,ITG1,19,Sicilia,Sicilia,4999891,18750,0.38,0.09
1594,2021-02-08,SIC,4086,1759,2327,2346,1343,397,0,0,0,2128,1958,ITG,ITG1,19,Sicilia,Sicilia,4999891,22836,0.46,0.08
1595,2021-01-07,SIC,9173,4239,4934,7694,1269,210,0,0,0,9173,0,ITG,ITG1,19,Sicilia,Sicilia,4999891,32009,0.64,0.18
1596,2021-03-08,SIC,13413,5747,7666,2000,2104,626,3801,920,3962,10607,2806,ITG,ITG1,19,Sicilia,Sicilia,4999891,45422,0.91,0.27
1597,2021-02-17,SIC,5427,3290,2137,1528,1126,880,8,1883,2,4755,672,ITG,ITG1,19,Sicilia,Sicilia,4999891,50849,1.02,0.11
1598,2021-02-07,SIC,2348,996,1352,1610,581,157,0,0,0,675,1673,ITG,ITG1,19,Sicilia,Sicilia,4999891,53197,1.06,0.05
1599,2021-03-02,SIC,14945,6384,8561,2380,1927,500,4467,1338,4333,12126,2819,ITG,ITG1,19,Sicilia,Sicilia,4999891,68142,1.36,0.3
1600,2021-02-28,SIC,7176,3071,4105,870,1311,93,3289,254,1359,6547,629,ITG,ITG1,19,Sicilia,Sicilia,4999891,75318,1.51,0.14
1601,2021-02-11,SIC,5332,2103,3229,2458,1984,890,0,0,0,4868,464,ITG,ITG1,19,Sicilia,Sicilia,4999891,80650,1.61,0.11
1602,2021-03-13,SIC,11739,5153,6586,1169,3658,493,4613,133,1673,7141,4598,ITG,ITG1,19,Sicilia,Sicilia,4999891,92389,1.85,0.23
1603,2021-01-13,SIC,5204,2462,2742,3033,1730,441,0,0,0,5204,0,ITG,ITG1,19,Sicilia,Sicilia,4999891,97593,1.95,0.1
1604,2021-03-04,SIC,15179,6544,8635,2811,2806,698,3927,1124,3813,10977,4202,ITG,ITG1,19,Sicilia,Sicilia,4999891,112772,2.26,0.3
1605,2021-03-05,SIC,15857,6832,9025,3190,2486,712,3998,1423,4048,11532,4325,ITG,ITG1,19,Sicilia,Sicilia,4999891,128629,2.57,0.32
1606,2021-02-23,SIC,8945,4687,4258,1265,1236,502,3996,1367,579,8456,489,ITG,ITG1,19,Sicilia,Sicilia,4999891,137574,2.75,0.18
1607,2021-02-16,SIC,4410,2298,2112,1463,1287,777,25,857,1,3943,467,ITG,ITG1,19,Sicilia,Sicilia,4999891,141984,2.84,0.09
1608,2021-01-09,SIC,7325,3424,3901,5034,1835,456,0,0,0,7325,0,ITG,ITG1,19,Sicilia,Sicilia,4999891,149309,2.99,0.15
1609,2021-03-19,SIC,5690,2837,2853,424,2398,179,2669,16,4,3071,2619,ITG,ITG1,19,Sicilia,Sicilia,4999891,154999,3.1,0.11
1610,2021-01-06,SIC,6471,3402,3069,5717,752,2,0,0,0,6471,0,ITG,ITG1,19,Sicilia,Sicilia,4999891,161470,3.23,0.13
1611,2021-03-01,SIC,12973,6129,6844,1557,1809,392,4302,1763,3150,11314,1659,ITG,ITG1,19,Sicilia,Sicilia,4999891,174443,3.49,0.26
1612,2021-03-15,SIC,10310,4512,5798,1237,2329,664,4830,213,1037,5239,5071,ITG,ITG1,19,Sicilia,Sicilia,4999891,184753,3.7,0.21
1613,2021-01-28,SIC,9328,4399,4929,7464,1569,295,0,0,0,414,8914,ITG,ITG1,19,Sicilia,Sicilia,4999891,194081,3.88,0.19
1614,2021-03-16,SIC,10168,4462,5706,1662,1733,810,5677,68,218,4016,6152,ITG,ITG1,19,Sicilia,Sicilia,4999891,204249,4.09,0.2
1615,2021-01-31,SIC,4111,1958,2153,2600,1216,295,0,0,0,113,3998,ITG,ITG1,19,Sicilia,Sicilia,4999891,208360,4.17,0.08
1616,2021-02-10,SIC,4433,1819,2614,1975,1717,741,0,0,0,4008,425,ITG,ITG1,19,Sicilia,Sicilia,4999891,212793,4.26,0.09
1617,2021-01-29,SIC,9360,4321,5039,7151,1904,305,0,0,0,432,8928,ITG,ITG1,19,Sicilia,Sicilia,4999891,222153,4.44,0.19
1618,2021-01-22,SIC,1235,625,610,1035,82,118,0,0,0,242,993,ITG,ITG1,19,Sicilia,Sicilia,4999891,223388,4.47,0.02
1619,2021-03-18,SIC,14118,7001,7117,1280,6806,597,5346,55,34,8411,5707,ITG,ITG1,19,Sicilia,Sicilia,4999891,237506,4.75,0.28
1620,2021-03-11,SIC,14747,6224,8523,1604,4707,906,3931,473,3126,12175,2572,ITG,ITG1,19,Sicilia,Sicilia,4999891,252253,5.05,0.29
1621,2021-02-02,SIC,5537,2621,2916,3152,1956,429,0,0,0,633,4904,ITG,ITG1,19,Sicilia,Sicilia,4999891,257790,5.16,0.11
1622,2021-01-01,SIC,815,437,378,740,75,0,0,0,0,815,0,ITG,ITG1,19,Sicilia,Sicilia,4999891,258605,5.17,0.02
1623,2021-03-12,SIC,12614,5399,7215,1378,4173,695,3764,341,2263,10392,2222,ITG,ITG1,19,Sicilia,Sicilia,4999891,271219,5.42,0.25
1624,2021-02-27,SIC,12441,5567,6874,1513,2423,277,3838,1021,3369,11236,1205,ITG,ITG1,19,Sicilia,Sicilia,4999891,283660,5.67,0.25
1625,2021-01-10,SIC,3618,1615,2003,2126,1028,464,0,0,0,3618,0,ITG,ITG1,19,Sicilia,Sicilia,4999891,287278,5.75,0.07
1626,2021-01-02,SIC,4872,2533,2339,4311,561,0,0,0,0,4872,0,ITG,ITG1,19,Sicilia,Sicilia,4999891,292150,5.84,0.1
1627,2021-02-14,SIC,1057,402,655,433,388,236,0,0,0,917,140,ITG,ITG1,19,Sicilia,Sicilia,4999891,293207,5.86,0.02
1628,2021-02-12,SIC,4744,1852,2892,2299,1802,643,0,0,0,4413,331,ITG,ITG1,19,Sicilia,Sicilia,4999891,297951,5.96,0.09
1629,2021-01-27,SIC,7531,3835,3696,6329,1050,152,0,0,0,189,7342,ITG,ITG1,19,Sicilia,Sicilia,4999891,305482,6.11,0.15
1630,2021-03-14,SIC,8241,3680,4561,565,2574,176,4262,34,630,4400,3841,ITG,ITG1,19,Sicilia,Sicilia,4999891,313723,6.27,0.16
1631,2021-02-15,SIC,3950,1861,2089,1699,1345,563,10,307,26,3381,569,ITG,ITG1,19,Sicilia,Sicilia,4999891,317673,6.35,0.08
1632,2021-02-19,SIC,5154,2756,2398,1482,1364,599,74,1396,239,4586,568,ITG,ITG1,19,Sicilia,Sicilia,4999891,322827,6.46,0.1
1633,2021-02-24,SIC,9599,4869,4730,1422,1253,499,4028,1474,923,9004,595,ITG,ITG1,19,Sicilia,Sicilia,4999891,332426,6.65,0.19
1634,2021-02-13,SIC,3106,1167,1939,1295,1241,570,0,0,0,2849,257,ITG,ITG1,19,Sicilia,Sicilia,4999891,335532,6.71,0.06
1635,2021-03-09,SIC,13001,5465,7536,1592,2291,584,3943,937,3654,10629,2372,ITG,ITG1,19,Sicilia,Sicilia,4999891,348533,6.97,0.26
1636,2021-01-25,SIC,7511,3696,3815,6633,808,70,0,0,0,322,7189,ITG,ITG1,19,Sicilia,Sicilia,4999891,356044,7.12,0.15
1637,2021-02-18,SIC,5494,3174,2320,1635,1244,813,9,1697,96,5063,431,ITG,ITG1,19,Sicilia,Sicilia,4999891,361538,7.23,0.11
1638,2021-01-18,SIC,1548,646,902,721,619,208,0,0,0,1432,116,ITG,ITG1,19,Sicilia,Sicilia,4999891,363086,7.26,0.03
1639,2021-02-21,SIC,5173,2504,2669,376,650,174,3682,138,153,5068,105,ITG,ITG1,19,Sicilia,Sicilia,4999891,368259,7.37,0.1
1640,2021-01-03,SIC,4693,2454,2239,4361,332,0,0,0,0,4693,0,ITG,ITG1,19,Sicilia,Sicilia,4999891,372952,7.46,0.09
1641,2021-02-03,SIC,6100,2856,3244,3356,2120,624,0,0,0,756,5344,ITG,ITG1,19,Sicilia,Sicilia,4999891,379052,7.58,0.12
1642,2021-01-26,SIC,9515,4679,4836,8379,882,254,0,0,0,265,9250,ITG,ITG1,19,Sicilia,Sicilia,4999891,388567,7.77,0.19
1643,2021-02-25,SIC,10152,5274,4878,1770,1700,507,3980,1525,670,8974,1178,ITG,ITG1,19,Sicilia,Sicilia,4999891,398719,7.97,0.2
1644,2021-02-06,SIC,5066,2225,2841,2535,1939,592,0,0,0,1488,3578,ITG,ITG1,19,Sicilia,Sicilia,4999891,403785,8.08,0.1
1645,2021-01-19,SIC,1271,521,750,521,512,238,0,0,0,1093,178,ITG,ITG1,19,Sicilia,Sicilia,4999891,405056,8.1,0.03
1646,2021-03-03,SIC,14650,6517,8133,2407,2323,507,4282,1325,3806,11569,3081,ITG,ITG1,19,Sicilia,Sicilia,4999891,419706,8.39,0.29
1647,2021-02-01,SIC,6077,2684,3393,4168,1591,318,0,0,0,304,5773,ITG,ITG1,19,Sicilia,Sicilia,4999891,425783,8.52,0.12
1648,2021-01-04,SIC,8373,4172,4201,7595,772,6,0,0,0,8373,0,ITG,ITG1,19,Sicilia,Sicilia,4999891,434156,8.68,0.17
1649,2021-02-26,SIC,12242,5976,6266,1836,1970,361,3889,1733,2453,10554,1688,ITG,ITG1,19,Sicilia,Sicilia,4999891,446398,8.93,0.24
1650,2021-01-17,SIC,1295,584,711,619,516,160,0,0,0,1245,50,ITG,ITG1,19,Sicilia,Sicilia,4999891,447693,8.95,0.03
1651,2020-12-29,SIC,235,146,89,235,0,0,0,0,0,235,0,ITG,ITG1,19,Sicilia,Sicilia,4999891,447928,8.96,0.0
1652,2020-12-30,SIC,173,101,72,156,17,0,0,0,0,173,0,ITG,ITG1,19,Sicilia,Sicilia,4999891,448101,8.96,0.0
1653,2021-03-06,SIC,12845,5144,7701,2002,2000,758,3887,638,3560,9939,2906,ITG,ITG1,19,Sicilia,Sicilia,4999891,460946,9.22,0.26
1654,2021-02-09,SIC,4370,1831,2539,2240,1490,640,0,0,0,3364,1006,ITG,ITG1,19,Sicilia,Sicilia,4999891,465316,9.31,0.09
1655,2021-03-17,SIC,14023,6786,7237,1386,5923,664,5712,37,301,8082,5941,ITG,ITG1,19,Sicilia,Sicilia,4999891,479339,9.59,0.28
1656,2021-01-11,SIC,5903,2590,3313,3923,1598,382,0,0,0,5903,0,ITG,ITG1,19,Sicilia,Sicilia,4999891,485242,9.71,0.12
1657,2021-03-07,SIC,9140,3417,5723,959,961,431,3350,216,3223,8060,1080,ITG,ITG1,19,Sicilia,Sicilia,4999891,494382,9.89,0.18
1658,2021-01-15,SIC,5079,2233,2846,2824,1776,479,0,0,0,5079,0,ITG,ITG1,19,Sicilia,Sicilia,4999891,499461,9.99,0.1
1659,2020-12-28,SIC,207,124,83,205,2,0,0,0,0,207,0,ITG,ITG1,19,Sicilia,Sicilia,4999891,499668,9.99,0.0
1660,2021-02-04,SIC,6877,3159,3718,4417,1920,540,0,0,0,1460,5417,ITG,ITG1,19,Sicilia,Sicilia,4999891,506545,10.13,0.14
1661,2021-01-16,SIC,2776,1195,1581,1329,1149,298,0,0,0,2776,0,ITG,ITG1,19,Sicilia,Sicilia,4999891,509321,10.19,0.06
1662,2021-01-23,SIC,4149,2147,2002,3912,221,16,0,0,0,225,3924,ITG,ITG1,19,Sicilia,Sicilia,4999891,513470,10.27,0.08
1663,2021-02-22,SIC,8035,4159,3876,1107,935,554,4065,1053,321,7544,491,ITG,ITG1,19,Sicilia,Sicilia,4999891,521505,10.43,0.16
1664,2021-02-05,SIC,7216,3232,3984,3618,2742,856,0,0,0,2132,5084,ITG,ITG1,19,Sicilia,Sicilia,4999891,528721,10.57,0.14
1665,2021-01-20,SIC,808,410,398,422,194,192,0,0,0,573,235,ITG,ITG1,19,Sicilia,Sicilia,4999891,529529,10.59,0.02
1666,2021-01-12,SIC,4542,2234,2308,2863,1484,195,0,0,0,4542,0,ITG,ITG1,19,Sicilia,Sicilia,4999891,534071,10.68,0.09
1667,2021-01-05,SIC,10527,5159,5368,9074,1246,207,0,0,0,10527,0,ITG,ITG1,19,Sicilia,Sicilia,4999891,544598,10.89,0.21
1668,2020-12-31,SIC,877,469,408,827,50,0,0,0,0,877,0,ITG,ITG1,19,Sicilia,Sicilia,4999891,545475,10.91,0.02
1669,2021-01-08,SIC,8328,3864,4464,6591,1524,213,0,0,0,8328,0,ITG,ITG1,19,Sicilia,Sicilia,4999891,553803,11.08,0.17
1670,2021-02-20,SIC,7261,3731,3530,839,1332,546,3749,620,175,7011,250,ITG,ITG1,19,Sicilia,Sicilia,4999891,561064,11.22,0.15
1671,2021-03-10,SIC,13535,5773,7762,1477,2884,933,4060,646,3535,11145,2390,ITG,ITG1,19,Sicilia,Sicilia,4999891,574599,11.49,0.27
1672,2020-12-27,SIC,89,54,35,62,2,25,0,0,0,89,0,ITG,ITG1,19,Sicilia,Sicilia,4999891,574688,11.49,0.0
