,data,area,Vaccinazioni giornaliere,sesso_maschile,sesso_femminile,Operatori sanitari - sociosanitari,Personale non sanitario,Ospiti RSA,categoria_personale_scolastico,categoria_60_69,categoria_70_79,categoria_over80,categoria_soggetti_fragili,categoria_forze_armate,categoria_altro,prima_dose,seconda_dose,codice_NUTS1,codice_NUTS2,codice_regione_ISTAT,nome_area,Regione,popolazione,Totale vaccinazioni,Totale vaccinazioni ogni cento ab,Vaccinazioni giornaliere ogni cento ab
0,2021-02-01,PIE,8642,3053,5589,6170,1404,1068,0,0,0,0,0,0,0,578,8064,ITC,ITC1,1,Piemonte,Piemonte,4356406,8642,0.2,0.2
1,2021-02-05,PIE,9451,3078,6373,5766,2041,1643,0,0,0,1,0,0,0,657,8794,ITC,ITC1,1,Piemonte,Piemonte,4356406,18093,0.42,0.22
2,2021-02-20,PIE,3829,1252,2577,1100,1064,219,1416,0,0,30,0,0,0,3656,173,ITC,ITC1,1,Piemonte,Piemonte,4356406,21922,0.5,0.09
3,2021-03-26,PIE,17727,6975,10752,1163,743,529,2428,3,14,11527,608,705,7,8823,8904,ITC,ITC1,1,Piemonte,Piemonte,4356406,39649,0.91,0.41
4,2021-04-19,PIE,22161,10595,11566,304,158,203,28,786,5398,4724,10539,1,20,17881,4280,ITC,ITC1,1,Piemonte,Piemonte,4356406,61810,1.42,0.51
5,2021-02-19,PIE,5529,2171,3358,1989,1752,666,1078,0,1,34,0,0,9,5027,502,ITC,ITC1,1,Piemonte,Piemonte,4356406,67339,1.55,0.13
6,2021-04-05,PIE,14736,6233,8503,148,115,0,703,1,3904,7987,1844,33,1,12175,2561,ITC,ITC1,1,Piemonte,Piemonte,4356406,82075,1.88,0.34
7,2021-04-15,PIE,29034,13292,15742,895,399,338,53,1196,9461,6753,9906,6,27,23576,5458,ITC,ITC1,1,Piemonte,Piemonte,4356406,111109,2.55,0.67
8,2021-01-16,PIE,7771,2630,5141,4802,1597,1372,0,0,0,0,0,0,0,7771,0,ITC,ITC1,1,Piemonte,Piemonte,4356406,118880,2.73,0.18
9,2021-02-03,PIE,10197,3303,6894,6641,2301,1246,0,2,0,5,0,0,2,611,9586,ITC,ITC1,1,Piemonte,Piemonte,4356406,129077,2.96,0.23
10,2021-04-01,PIE,19241,8007,11234,671,371,289,914,6,1953,13844,928,261,4,11134,8107,ITC,ITC1,1,Piemonte,Piemonte,4356406,148318,3.4,0.44
11,2021-01-19,PIE,6423,2099,4324,3575,1300,1548,0,0,0,0,0,0,0,6414,9,ITC,ITC1,1,Piemonte,Piemonte,4356406,154741,3.55,0.15
12,2021-02-13,PIE,4152,1334,2818,2310,722,1114,5,0,0,1,0,0,0,2931,1221,ITC,ITC1,1,Piemonte,Piemonte,4356406,158893,3.65,0.1
13,2021-01-18,PIE,6164,2047,4117,3238,1403,1523,0,0,0,0,0,0,0,5916,248,ITC,ITC1,1,Piemonte,Piemonte,4356406,165057,3.79,0.14
14,2021-01-03,PIE,3063,967,2096,2715,295,52,0,0,0,0,0,0,1,3063,0,ITC,ITC1,1,Piemonte,Piemonte,4356406,168120,3.86,0.07
15,2021-01-04,PIE,5563,1679,3884,4590,736,235,0,0,0,0,0,0,2,5563,0,ITC,ITC1,1,Piemonte,Piemonte,4356406,173683,3.99,0.13
16,2021-02-12,PIE,6885,2212,4673,3527,1645,1707,2,0,0,4,0,0,0,3928,2957,ITC,ITC1,1,Piemonte,Piemonte,4356406,180568,4.14,0.16
17,2021-03-09,PIE,13938,5417,8521,1688,1543,356,2330,2,6,8006,1,6,0,11596,2342,ITC,ITC1,1,Piemonte,Piemonte,4356406,194506,4.46,0.32
18,2021-02-27,PIE,12678,4846,7832,885,963,232,3038,0,0,7558,1,0,1,12331,347,ITC,ITC1,1,Piemonte,Piemonte,4356406,207184,4.76,0.29
19,2021-03-20,PIE,11912,4896,7016,882,1039,163,1937,20,17,7683,21,21,129,6016,5896,ITC,ITC1,1,Piemonte,Piemonte,4356406,219096,5.03,0.27
20,2021-02-17,PIE,4787,2154,2633,2245,2030,497,1,0,1,1,0,0,12,3798,989,ITC,ITC1,1,Piemonte,Piemonte,4356406,223883,5.14,0.11
21,2021-03-08,PIE,13921,5284,8637,2041,1419,413,2628,1,1,7403,0,12,3,11208,2713,ITC,ITC1,1,Piemonte,Piemonte,4356406,237804,5.46,0.32
22,2021-03-27,PIE,18346,7814,10532,1215,1621,110,2109,13,939,11696,446,191,6,9533,8813,ITC,ITC1,1,Piemonte,Piemonte,4356406,256150,5.88,0.42
23,2021-03-01,PIE,12035,4839,7196,1157,1277,281,2435,0,4,6873,0,7,1,11226,809,ITC,ITC1,1,Piemonte,Piemonte,4356406,268185,6.16,0.28
24,2021-01-29,PIE,5942,1886,4056,4199,1067,673,0,0,0,2,0,0,1,455,5487,ITC,ITC1,1,Piemonte,Piemonte,4356406,274127,6.29,0.14
25,2021-02-16,PIE,3965,1754,2211,1821,1583,548,1,0,4,1,0,1,6,3207,758,ITC,ITC1,1,Piemonte,Piemonte,4356406,278092,6.38,0.09
26,2021-02-14,PIE,1476,498,978,796,381,285,14,0,0,0,0,0,0,876,600,ITC,ITC1,1,Piemonte,Piemonte,4356406,279568,6.42,0.03
27,2021-02-24,PIE,11406,4629,6777,1855,1291,408,2155,0,3,5684,0,5,5,10900,506,ITC,ITC1,1,Piemonte,Piemonte,4356406,290974,6.68,0.26
28,2021-03-31,PIE,19089,8095,10994,962,687,311,687,8,2527,13167,524,209,7,10399,8690,ITC,ITC1,1,Piemonte,Piemonte,4356406,310063,7.12,0.44
29,2021-01-09,PIE,6183,2185,3998,4488,1124,568,0,1,0,0,0,0,2,6183,0,ITC,ITC1,1,Piemonte,Piemonte,4356406,316246,7.26,0.14
30,2021-01-07,PIE,5386,1739,3647,4158,885,341,0,1,0,0,0,0,1,5386,0,ITC,ITC1,1,Piemonte,Piemonte,4356406,321632,7.38,0.12
31,2021-02-09,PIE,7351,2309,5042,4155,1366,1830,0,0,0,0,0,0,0,722,6629,ITC,ITC1,1,Piemonte,Piemonte,4356406,328983,7.55,0.17
32,2021-02-15,PIE,4431,1596,2835,2320,1143,962,1,0,2,2,0,1,0,3226,1205,ITC,ITC1,1,Piemonte,Piemonte,4356406,333414,7.65,0.1
33,2021-01-27,PIE,4196,1453,2743,2983,656,557,0,0,0,0,0,0,0,999,3197,ITC,ITC1,1,Piemonte,Piemonte,4356406,337610,7.75,0.1
34,2021-01-06,PIE,3116,1111,2005,2370,429,313,0,0,1,1,0,0,2,3116,0,ITC,ITC1,1,Piemonte,Piemonte,4356406,340726,7.82,0.07
35,2021-04-20,PIE,25169,11531,13638,704,271,241,35,1204,6104,6597,9998,2,13,18958,6211,ITC,ITC1,1,Piemonte,Piemonte,4356406,365895,8.4,0.58
36,2021-03-11,PIE,13692,5018,8674,2312,1416,381,2184,0,5,7370,0,18,6,10602,3090,ITC,ITC1,1,Piemonte,Piemonte,4356406,379587,8.71,0.31
37,2021-01-20,PIE,6614,2088,4526,3617,1182,1813,0,0,0,0,0,0,2,5897,717,ITC,ITC1,1,Piemonte,Piemonte,4356406,386201,8.87,0.15
38,2021-01-05,PIE,5380,1602,3778,4367,722,285,0,0,2,1,0,0,3,5380,0,ITC,ITC1,1,Piemonte,Piemonte,4356406,391581,8.99,0.12
39,2021-04-02,PIE,20066,8260,11806,885,438,389,879,7,2690,13336,1258,153,31,11660,8406,ITC,ITC1,1,Piemonte,Piemonte,4356406,411647,9.45,0.46
40,2021-04-09,PIE,25745,11335,14410,1217,523,252,46,41,7359,11129,5128,35,15,21237,4508,ITC,ITC1,1,Piemonte,Piemonte,4356406,437392,10.04,0.59
41,2021-01-28,PIE,5588,1809,3779,4118,878,590,0,1,0,1,0,0,0,384,5204,ITC,ITC1,1,Piemonte,Piemonte,4356406,442980,10.17,0.13
42,2021-02-25,PIE,12209,5247,6962,1446,2064,405,1959,0,2,6329,0,1,3,11663,546,ITC,ITC1,1,Piemonte,Piemonte,4356406,455189,10.45,0.28
43,2021-01-15,PIE,8967,2954,6013,5499,1922,1546,0,0,0,0,0,0,0,8967,0,ITC,ITC1,1,Piemonte,Piemonte,4356406,464156,10.65,0.21
44,2021-04-07,PIE,23512,9948,13564,952,441,268,533,7,5770,12359,3050,66,66,18055,5457,ITC,ITC1,1,Piemonte,Piemonte,4356406,487668,11.19,0.54
45,2021-01-11,PIE,8741,2980,5761,6054,1559,1126,0,1,0,0,0,0,1,8741,0,ITC,ITC1,1,Piemonte,Piemonte,4356406,496409,11.39,0.2
46,2021-02-02,PIE,10236,3507,6729,6870,2049,1317,0,0,0,0,0,0,0,815,9421,ITC,ITC1,1,Piemonte,Piemonte,4356406,506645,11.63,0.23
47,2021-02-11,PIE,6764,2107,4657,3424,1326,2010,3,0,0,0,0,0,1,3006,3758,ITC,ITC1,1,Piemonte,Piemonte,4356406,513409,11.79,0.16
48,2021-03-02,PIE,11192,4502,6690,907,1122,215,2517,0,4,6416,0,9,2,10376,816,ITC,ITC1,1,Piemonte,Piemonte,4356406,524601,12.04,0.26
49,2021-03-07,PIE,11968,4656,7312,1322,1134,111,2050,0,5,7344,0,0,2,11088,880,ITC,ITC1,1,Piemonte,Piemonte,4356406,536569,12.32,0.27
50,2021-01-14,PIE,9763,3151,6612,6177,2100,1484,0,0,0,0,0,0,2,9763,0,ITC,ITC1,1,Piemonte,Piemonte,4356406,546332,12.54,0.22
51,2021-03-25,PIE,17061,7190,9871,1035,963,626,1375,4,25,12000,559,467,7,8426,8635,ITC,ITC1,1,Piemonte,Piemonte,4356406,563393,12.93,0.39
52,2021-01-23,PIE,4256,1325,2931,3208,528,520,0,0,0,0,0,0,0,879,3377,ITC,ITC1,1,Piemonte,Piemonte,4356406,567649,13.03,0.1
53,2021-03-13,PIE,13032,4717,8315,1169,996,158,2138,1,3,8558,0,4,5,11589,1443,ITC,ITC1,1,Piemonte,Piemonte,4356406,580681,13.33,0.3
54,2021-01-17,PIE,3517,1168,2349,2082,595,840,0,0,0,0,0,0,0,2870,647,ITC,ITC1,1,Piemonte,Piemonte,4356406,584198,13.41,0.08
55,2021-04-08,PIE,25022,10861,14161,1055,522,271,412,21,7371,11238,4030,96,6,20295,4727,ITC,ITC1,1,Piemonte,Piemonte,4356406,609220,13.98,0.57
56,2021-01-26,PIE,6329,1878,4451,4726,874,728,0,0,0,0,0,0,1,735,5594,ITC,ITC1,1,Piemonte,Piemonte,4356406,615549,14.13,0.15
57,2021-04-24,PIE,10638,4831,5807,307,117,9,14,784,2295,2768,4312,16,16,7426,3212,ITC,ITC1,1,Piemonte,Piemonte,4356406,626187,14.37,0.24
58,2021-03-17,PIE,12509,5050,7459,2083,806,236,9,1,9,9100,9,250,6,5221,7288,ITC,ITC1,1,Piemonte,Piemonte,4356406,638696,14.66,0.29
59,2021-03-14,PIE,8200,3331,4869,794,588,2,990,0,5,5815,0,1,5,5307,2893,ITC,ITC1,1,Piemonte,Piemonte,4356406,646896,14.85,0.19
60,2021-02-04,PIE,10198,3337,6861,6235,2198,1763,0,0,0,0,0,0,2,588,9610,ITC,ITC1,1,Piemonte,Piemonte,4356406,657094,15.08,0.23
61,2021-02-10,PIE,7532,2369,5163,3905,1529,2097,0,0,0,0,0,0,1,1316,6216,ITC,ITC1,1,Piemonte,Piemonte,4356406,664626,15.26,0.17
62,2021-01-31,PIE,4106,1748,2358,3077,654,375,0,0,0,0,0,0,0,112,3994,ITC,ITC1,1,Piemonte,Piemonte,4356406,668732,15.35,0.09
63,2021-02-18,PIE,4784,2089,2695,2254,1898,624,2,0,0,0,0,1,5,4354,430,ITC,ITC1,1,Piemonte,Piemonte,4356406,673516,15.46,0.11
64,2020-12-30,PIE,730,322,408,685,45,0,0,0,0,0,0,0,0,730,0,ITC,ITC1,1,Piemonte,Piemonte,4356406,674246,15.48,0.02
65,2021-03-19,PIE,11012,4508,6504,1126,650,432,271,3,19,8179,25,301,6,4413,6599,ITC,ITC1,1,Piemonte,Piemonte,4356406,685258,15.73,0.25
66,2021-03-28,PIE,16035,6892,9143,926,1914,34,2480,3,461,8926,1076,208,7,8427,7608,ITC,ITC1,1,Piemonte,Piemonte,4356406,701293,16.1,0.37
67,2020-12-31,PIE,3909,1334,2575,3415,356,134,0,0,0,0,0,0,4,3909,0,ITC,ITC1,1,Piemonte,Piemonte,4356406,705202,16.19,0.09
68,2021-04-06,PIE,20175,8777,11398,647,592,260,1319,13,5170,9634,2402,113,25,14999,5176,ITC,ITC1,1,Piemonte,Piemonte,4356406,725377,16.65,0.46
69,2021-02-07,PIE,3087,974,2113,1648,662,777,0,0,0,0,0,0,0,445,2642,ITC,ITC1,1,Piemonte,Piemonte,4356406,728464,16.72,0.07
70,2021-04-12,PIE,22588,10190,12398,612,296,243,60,236,7551,7264,6269,10,47,19607,2981,ITC,ITC1,1,Piemonte,Piemonte,4356406,751052,17.24,0.52
71,2021-01-08,PIE,5530,1761,3769,4078,1027,422,0,0,0,0,0,0,3,5530,0,ITC,ITC1,1,Piemonte,Piemonte,4356406,756582,17.37,0.13
72,2021-04-11,PIE,20792,9306,11486,399,231,68,254,217,7626,6872,5110,5,10,18631,2161,ITC,ITC1,1,Piemonte,Piemonte,4356406,777374,17.84,0.48
73,2021-03-18,PIE,11738,4797,6941,1463,770,343,18,3,14,8871,7,235,14,4028,7710,ITC,ITC1,1,Piemonte,Piemonte,4356406,789112,18.11,0.27
74,2021-01-21,PIE,6880,2314,4566,4707,840,1318,0,3,0,0,0,0,12,3385,3495,ITC,ITC1,1,Piemonte,Piemonte,4356406,795992,18.27,0.16
75,2021-02-26,PIE,12281,4927,7354,843,1436,490,2896,0,1,6613,0,1,1,11544,737,ITC,ITC1,1,Piemonte,Piemonte,4356406,808273,18.55,0.28
76,2021-03-03,PIE,12114,4640,7474,1103,1025,257,2665,0,2,7059,0,3,0,11295,819,ITC,ITC1,1,Piemonte,Piemonte,4356406,820387,18.83,0.28
77,2021-03-05,PIE,15259,5956,9303,2539,2011,655,2370,1,5,7673,1,4,0,11443,3816,ITC,ITC1,1,Piemonte,Piemonte,4356406,835646,19.18,0.35
78,2021-02-23,PIE,9231,3712,5519,2298,1346,389,1052,0,2,4106,0,33,5,8651,580,ITC,ITC1,1,Piemonte,Piemonte,4356406,844877,19.39,0.21
79,2021-01-25,PIE,6213,1938,4275,4786,862,562,0,0,1,1,0,0,1,983,5230,ITC,ITC1,1,Piemonte,Piemonte,4356406,851090,19.54,0.14
80,2021-01-01,PIE,1038,395,643,922,116,0,0,0,0,0,0,0,0,1038,0,ITC,ITC1,1,Piemonte,Piemonte,4356406,852128,19.56,0.02
81,2021-03-06,PIE,13988,5209,8779,2262,1126,462,2697,1,2,7437,1,0,0,11199,2789,ITC,ITC1,1,Piemonte,Piemonte,4356406,866116,19.88,0.32
82,2021-04-04,PIE,9240,4053,5187,197,302,0,294,0,2034,4226,2172,9,6,6527,2713,ITC,ITC1,1,Piemonte,Piemonte,4356406,875356,20.09,0.21
83,2021-03-16,PIE,10517,4267,6250,2229,872,322,13,7,10,6798,65,162,39,4462,6055,ITC,ITC1,1,Piemonte,Piemonte,4356406,885873,20.33,0.24
84,2021-04-22,PIE,26810,12322,14488,582,327,399,60,1602,5253,6290,12239,20,38,20405,6405,ITC,ITC1,1,Piemonte,Piemonte,4356406,912683,20.95,0.62
85,2020-12-27,PIE,913,369,544,761,73,76,0,1,0,0,0,0,2,913,0,ITC,ITC1,1,Piemonte,Piemonte,4356406,913596,20.97,0.02
86,2021-01-22,PIE,3864,1248,2616,2280,649,934,0,0,0,1,0,0,0,2523,1341,ITC,ITC1,1,Piemonte,Piemonte,4356406,917460,21.06,0.09
87,2021-04-21,PIE,25234,11620,13614,791,353,263,45,1392,6964,6022,9373,11,20,19946,5288,ITC,ITC1,1,Piemonte,Piemonte,4356406,942694,21.64,0.58
88,2021-03-12,PIE,13905,5152,8753,2142,1295,472,2274,0,4,7627,6,84,1,10971,2934,ITC,ITC1,1,Piemonte,Piemonte,4356406,956599,21.96,0.32
89,2021-04-18,PIE,22880,10800,12080,332,240,18,46,912,5673,4368,11264,10,17,20129,2751,ITC,ITC1,1,Piemonte,Piemonte,4356406,979479,22.48,0.53
90,2021-04-17,PIE,30129,14018,16111,739,317,116,56,2789,9969,4854,11265,9,15,26880,3249,ITC,ITC1,1,Piemonte,Piemonte,4356406,1009608,23.18,0.69
91,2021-03-10,PIE,13577,5123,8454,1666,1339,280,2240,1,6,8017,1,26,1,11283,2294,ITC,ITC1,1,Piemonte,Piemonte,4356406,1023185,23.49,0.31
92,2021-04-03,PIE,19379,8111,11268,309,237,76,540,13,2973,13411,1660,114,46,10833,8546,ITC,ITC1,1,Piemonte,Piemonte,4356406,1042564,23.93,0.44
93,2021-02-22,PIE,8467,3464,5003,1705,1398,512,920,2,4,3914,0,9,3,7877,590,ITC,ITC1,1,Piemonte,Piemonte,4356406,1051031,24.13,0.19
94,2021-02-28,PIE,10812,4058,6754,642,501,53,2790,1,1,6822,0,0,2,10572,240,ITC,ITC1,1,Piemonte,Piemonte,4356406,1061843,24.37,0.25
95,2021-02-08,PIE,6916,2355,4561,3786,1557,1572,0,0,0,0,0,0,1,666,6250,ITC,ITC1,1,Piemonte,Piemonte,4356406,1068759,24.53,0.16
96,2021-02-21,PIE,5086,2080,3006,685,263,47,737,0,0,3353,0,0,1,4984,102,ITC,ITC1,1,Piemonte,Piemonte,4356406,1073845,24.65,0.12
97,2021-01-10,PIE,5214,2275,2939,3912,781,519,0,0,0,0,0,0,2,5214,0,ITC,ITC1,1,Piemonte,Piemonte,4356406,1079059,24.77,0.12
98,2021-04-14,PIE,27338,12401,14937,860,434,445,60,782,10040,7016,7674,9,18,22824,4514,ITC,ITC1,1,Piemonte,Piemonte,4356406,1106397,25.4,0.63
99,2021-01-12,PIE,10046,3404,6642,6862,2010,1170,0,2,0,0,0,0,2,10046,0,ITC,ITC1,1,Piemonte,Piemonte,4356406,1116443,25.63,0.23
100,2021-03-21,PIE,10586,4679,5907,585,1475,9,1318,2,165,6897,1,133,1,4063,6523,ITC,ITC1,1,Piemonte,Piemonte,4356406,1127029,25.87,0.24
101,2021-03-29,PIE,15112,6356,8756,416,542,137,1330,1,1259,10371,732,322,2,8501,6611,ITC,ITC1,1,Piemonte,Piemonte,4356406,1142141,26.22,0.35
102,2021-04-23,PIE,26572,12236,14336,680,247,221,30,1754,5097,6231,12251,41,20,19969,6603,ITC,ITC1,1,Piemonte,Piemonte,4356406,1168713,26.83,0.61
103,2021-03-15,PIE,10644,4155,6489,1716,1460,231,1469,2,5,5731,0,28,2,5028,5616,ITC,ITC1,1,Piemonte,Piemonte,4356406,1179357,27.07,0.24
104,2021-03-30,PIE,16874,7025,9849,784,435,287,994,6,1375,12117,574,298,4,9004,7870,ITC,ITC1,1,Piemonte,Piemonte,4356406,1196231,27.46,0.39
105,2021-01-30,PIE,5978,2135,3843,4367,1116,495,0,0,0,0,0,0,0,218,5760,ITC,ITC1,1,Piemonte,Piemonte,4356406,1202209,27.6,0.14
106,2021-04-16,PIE,27715,12901,14814,1031,463,392,76,1621,7576,5765,10755,5,31,23003,4712,ITC,ITC1,1,Piemonte,Piemonte,4356406,1229924,28.23,0.64
107,2020-12-28,PIE,1,1,0,1,0,0,0,0,0,0,0,0,0,1,0,ITC,ITC1,1,Piemonte,Piemonte,4356406,1229925,28.23,0.0
108,2021-01-13,PIE,10080,3223,6857,6486,2261,1329,0,0,0,0,0,0,4,10080,0,ITC,ITC1,1,Piemonte,Piemonte,4356406,1240005,28.46,0.23
109,2021-04-13,PIE,25706,11506,14200,663,266,259,121,897,10349,6982,6139,7,23,22279,3427,ITC,ITC1,1,Piemonte,Piemonte,4356406,1265711,29.05,0.59
110,2021-02-06,PIE,7983,2664,5319,5101,1629,1251,0,0,0,1,0,0,1,400,7583,ITC,ITC1,1,Piemonte,Piemonte,4356406,1273694,29.24,0.18
111,2021-04-10,PIE,30084,13368,16716,896,454,138,134,352,11969,10212,5906,15,8,25781,4303,ITC,ITC1,1,Piemonte,Piemonte,4356406,1303778,29.93,0.69
112,2021-03-22,PIE,11433,4843,6590,874,910,181,1221,1,9,7914,71,250,2,3850,7583,ITC,ITC1,1,Piemonte,Piemonte,4356406,1315211,30.19,0.26
113,2021-03-04,PIE,14479,5727,8752,2186,1950,609,2190,0,2,7535,0,3,4,11530,2949,ITC,ITC1,1,Piemonte,Piemonte,4356406,1329690,30.52,0.33
114,2021-03-24,PIE,15473,6334,9139,1072,766,479,840,5,21,11510,394,376,10,6347,9126,ITC,ITC1,1,Piemonte,Piemonte,4356406,1345163,30.88,0.36
115,2021-03-23,PIE,12980,5391,7589,689,1020,222,1334,5,15,9240,276,168,11,6743,6237,ITC,ITC1,1,Piemonte,Piemonte,4356406,1358143,31.18,0.3
116,2021-01-02,PIE,3544,1134,2410,3078,410,53,0,1,0,0,0,0,2,3544,0,ITC,ITC1,1,Piemonte,Piemonte,4356406,1361687,31.26,0.08
117,2021-01-24,PIE,3153,959,2194,2634,372,146,0,0,0,0,0,0,1,434,2719,ITC,ITC1,1,Piemonte,Piemonte,4356406,1364840,31.33,0.07
118,2021-02-01,UMB,1260,333,927,875,33,352,0,0,0,0,0,0,0,47,1213,ITI,ITI2,10,Umbria,Umbria,882015,1260,0.14,0.14
119,2021-04-12,UMB,7067,3068,3999,204,17,0,17,30,2412,2909,1462,4,12,5349,1718,ITI,ITI2,10,Umbria,Umbria,882015,8327,0.94,0.8
120,2021-02-20,UMB,282,100,182,83,7,39,0,0,0,152,0,0,1,258,24,ITI,ITI2,10,Umbria,Umbria,882015,8609,0.98,0.03
121,2021-01-02,UMB,301,110,191,301,0,0,0,0,0,0,0,0,0,301,0,ITI,ITI2,10,Umbria,Umbria,882015,8910,1.01,0.03
122,2021-01-11,UMB,1281,337,944,879,12,384,0,1,0,0,0,0,5,1281,0,ITI,ITI2,10,Umbria,Umbria,882015,10191,1.16,0.15
123,2021-03-09,UMB,4029,1951,2078,143,566,106,23,0,1,2912,7,217,54,2737,1292,ITI,ITI2,10,Umbria,Umbria,882015,14220,1.61,0.46
124,2021-01-25,UMB,647,322,325,645,2,0,0,0,0,0,0,0,0,5,642,ITI,ITI2,10,Umbria,Umbria,882015,14867,1.69,0.07
125,2021-01-19,UMB,103,23,80,21,2,80,0,0,0,0,0,0,0,103,0,ITI,ITI2,10,Umbria,Umbria,882015,14970,1.7,0.01
126,2021-02-06,UMB,396,138,258,333,47,16,0,0,0,0,0,0,0,34,362,ITI,ITI2,10,Umbria,Umbria,882015,15366,1.74,0.04
127,2021-01-04,UMB,809,397,412,809,0,0,0,0,0,0,0,0,0,809,0,ITI,ITI2,10,Umbria,Umbria,882015,16175,1.83,0.09
128,2021-04-10,UMB,7427,3494,3933,81,62,30,50,49,2464,689,3970,18,14,7313,114,ITI,ITI2,10,Umbria,Umbria,882015,23602,2.68,0.84
129,2021-02-05,UMB,780,234,546,645,51,84,0,0,0,0,0,0,0,18,762,ITI,ITI2,10,Umbria,Umbria,882015,24382,2.76,0.09
130,2021-02-03,UMB,725,174,551,560,34,131,0,0,0,0,0,0,0,67,658,ITI,ITI2,10,Umbria,Umbria,882015,25107,2.85,0.08
131,2021-02-26,UMB,660,253,407,386,73,40,3,0,0,154,0,4,0,652,8,ITI,ITI2,10,Umbria,Umbria,882015,25767,2.92,0.07
132,2021-01-07,UMB,1291,383,908,884,1,404,0,0,0,1,0,0,1,1291,0,ITI,ITI2,10,Umbria,Umbria,882015,27058,3.07,0.15
133,2021-03-11,UMB,3563,1695,1868,144,652,263,158,0,0,2018,1,291,36,2557,1006,ITI,ITI2,10,Umbria,Umbria,882015,30621,3.47,0.4
134,2021-03-14,UMB,66,48,18,0,6,1,4,6,2,0,0,0,47,66,0,ITI,ITI2,10,Umbria,Umbria,882015,30687,3.48,0.01
135,2021-04-24,UMB,1990,965,1025,31,8,0,56,4,212,92,1584,2,1,1732,258,ITI,ITI2,10,Umbria,Umbria,882015,32677,3.7,0.23
136,2021-04-22,UMB,4603,1961,2642,258,21,76,5,24,521,2490,1199,4,5,2403,2200,ITI,ITI2,10,Umbria,Umbria,882015,37280,4.23,0.52
137,2021-01-06,UMB,843,323,520,840,0,0,0,1,0,0,0,0,2,843,0,ITI,ITI2,10,Umbria,Umbria,882015,38123,4.32,0.1
138,2021-03-10,UMB,4009,1924,2085,123,783,180,75,3,3,2565,6,263,8,2753,1256,ITI,ITI2,10,Umbria,Umbria,882015,42132,4.78,0.45
139,2021-03-06,UMB,4267,1110,3157,422,186,26,2322,6,5,1128,0,125,47,4124,143,ITI,ITI2,10,Umbria,Umbria,882015,46399,5.26,0.48
140,2021-02-16,UMB,1307,655,652,34,4,0,0,2,1,1262,4,0,0,1298,9,ITI,ITI2,10,Umbria,Umbria,882015,47706,5.41,0.15
141,2021-04-21,UMB,4691,2091,2600,237,9,1,9,55,679,2489,1201,5,6,2644,2047,ITI,ITI2,10,Umbria,Umbria,882015,52397,5.94,0.53
142,2021-02-17,UMB,1618,748,870,363,4,0,1,0,6,1240,1,0,3,1267,351,ITI,ITI2,10,Umbria,Umbria,882015,54015,6.12,0.18
143,2021-03-01,UMB,1503,774,729,110,10,0,1,0,0,1249,0,133,0,1389,114,ITI,ITI2,10,Umbria,Umbria,882015,55518,6.29,0.17
144,2021-01-05,UMB,850,428,422,847,0,0,0,1,0,0,0,0,2,850,0,ITI,ITI2,10,Umbria,Umbria,882015,56368,6.39,0.1
145,2021-04-03,UMB,2087,708,1379,143,208,30,216,5,32,1260,169,21,3,1056,1031,ITI,ITI2,10,Umbria,Umbria,882015,58455,6.63,0.24
146,2021-02-24,UMB,1520,565,955,1083,45,90,0,1,0,292,0,9,0,1505,15,ITI,ITI2,10,Umbria,Umbria,882015,59975,6.8,0.17
147,2021-01-16,UMB,221,73,148,146,32,43,0,0,0,0,0,0,0,221,0,ITI,ITI2,10,Umbria,Umbria,882015,60196,6.82,0.03
148,2021-04-01,UMB,4316,1787,2529,204,14,309,19,4,7,3255,452,5,47,2320,1996,ITI,ITI2,10,Umbria,Umbria,882015,64512,7.31,0.49
149,2021-03-20,UMB,2295,832,1463,317,680,21,1200,0,0,0,0,72,5,2270,25,ITI,ITI2,10,Umbria,Umbria,882015,66807,7.57,0.26
150,2021-02-08,UMB,637,203,434,368,111,154,0,0,0,0,0,4,0,88,549,ITI,ITI2,10,Umbria,Umbria,882015,67444,7.65,0.07
151,2021-01-15,UMB,698,214,484,588,44,66,0,0,0,0,0,0,0,698,0,ITI,ITI2,10,Umbria,Umbria,882015,68142,7.73,0.08
152,2021-01-09,UMB,1719,492,1227,888,7,824,0,0,0,0,0,0,0,1719,0,ITI,ITI2,10,Umbria,Umbria,882015,69861,7.92,0.19
153,2021-01-14,UMB,752,201,551,697,35,19,1,0,0,0,0,0,0,752,0,ITI,ITI2,10,Umbria,Umbria,882015,70613,8.01,0.09
154,2021-03-29,UMB,3797,1647,2150,247,42,58,26,9,11,2830,534,21,19,2318,1479,ITI,ITI2,10,Umbria,Umbria,882015,74410,8.44,0.43
155,2021-03-05,UMB,4591,1379,3212,604,320,7,2554,2,1,712,0,383,8,3935,656,ITI,ITI2,10,Umbria,Umbria,882015,79001,8.96,0.52
156,2021-02-02,UMB,942,274,668,713,16,212,0,0,0,0,0,0,1,32,910,ITI,ITI2,10,Umbria,Umbria,882015,79943,9.06,0.11
157,2021-04-18,UMB,1528,680,848,67,11,0,41,2,171,839,376,21,0,597,931,ITI,ITI2,10,Umbria,Umbria,882015,81471,9.24,0.17
158,2021-03-15,UMB,4595,1929,2666,1425,264,79,263,2,1,2343,7,206,5,2827,1768,ITI,ITI2,10,Umbria,Umbria,882015,86066,9.76,0.52
159,2021-02-10,UMB,715,349,366,606,106,3,0,0,0,0,0,0,0,700,15,ITI,ITI2,10,Umbria,Umbria,882015,86781,9.84,0.08
160,2021-04-14,UMB,8080,3644,4436,226,35,15,19,56,2879,3138,1693,12,7,6101,1979,ITI,ITI2,10,Umbria,Umbria,882015,94861,10.76,0.92
161,2021-03-07,UMB,845,180,665,17,82,25,676,0,0,45,0,0,0,838,7,ITI,ITI2,10,Umbria,Umbria,882015,95706,10.85,0.1
162,2021-01-13,UMB,450,139,311,379,29,42,0,0,0,0,0,0,0,450,0,ITI,ITI2,10,Umbria,Umbria,882015,96156,10.9,0.05
163,2021-04-07,UMB,5519,2274,3245,482,42,92,19,8,919,3180,757,18,2,3514,2005,ITI,ITI2,10,Umbria,Umbria,882015,101675,11.53,0.63
164,2021-03-13,UMB,1731,524,1207,120,154,49,1152,3,0,152,0,91,10,1486,245,ITI,ITI2,10,Umbria,Umbria,882015,103406,11.72,0.2
165,2021-01-18,UMB,613,219,394,347,114,144,0,2,1,0,0,0,5,529,84,ITI,ITI2,10,Umbria,Umbria,882015,104019,11.79,0.07
166,2021-02-15,UMB,1368,692,676,10,4,0,0,0,1,1351,2,0,0,1367,1,ITI,ITI2,10,Umbria,Umbria,882015,105387,11.95,0.16
167,2021-03-27,UMB,4247,1510,2737,752,595,1,576,4,7,2233,1,24,54,3907,340,ITI,ITI2,10,Umbria,Umbria,882015,109634,12.43,0.48
168,2021-03-04,UMB,4485,1853,2632,849,184,4,1466,2,0,1563,0,410,7,3657,828,ITI,ITI2,10,Umbria,Umbria,882015,114119,12.94,0.51
169,2021-04-02,UMB,4259,1706,2553,376,318,68,331,2,23,883,2155,35,68,3515,744,ITI,ITI2,10,Umbria,Umbria,882015,118378,13.42,0.48
170,2021-01-27,UMB,838,329,509,837,1,0,0,0,0,0,0,0,0,13,825,ITI,ITI2,10,Umbria,Umbria,882015,119216,13.52,0.1
171,2021-02-13,UMB,115,28,87,68,46,0,0,0,0,1,0,0,0,112,3,ITI,ITI2,10,Umbria,Umbria,882015,119331,13.53,0.01
172,2021-01-26,UMB,814,390,424,813,1,0,0,0,0,0,0,0,0,18,796,ITI,ITI2,10,Umbria,Umbria,882015,120145,13.62,0.09
173,2021-01-31,UMB,1056,276,780,765,10,281,0,0,0,0,0,0,0,25,1031,ITI,ITI2,10,Umbria,Umbria,882015,121201,13.74,0.12
174,2021-04-13,UMB,7634,3379,4255,218,23,21,19,60,2830,2875,1570,8,10,5965,1669,ITI,ITI2,10,Umbria,Umbria,882015,128835,14.61,0.87
175,2021-03-30,UMB,3941,1703,2238,179,31,108,20,0,0,3068,432,15,88,2409,1532,ITI,ITI2,10,Umbria,Umbria,882015,132776,15.05,0.45
176,2021-01-20,UMB,613,222,391,583,15,14,1,0,0,0,0,0,0,613,0,ITI,ITI2,10,Umbria,Umbria,882015,133389,15.12,0.07
177,2021-01-03,UMB,267,111,156,267,0,0,0,0,0,0,0,0,0,267,0,ITI,ITI2,10,Umbria,Umbria,882015,133656,15.15,0.03
178,2021-02-12,UMB,671,224,447,459,208,1,2,0,0,1,0,0,0,665,6,ITI,ITI2,10,Umbria,Umbria,882015,134327,15.23,0.08
179,2021-01-22,UMB,276,105,171,273,1,2,0,0,0,0,0,0,0,32,244,ITI,ITI2,10,Umbria,Umbria,882015,134603,15.26,0.03
180,2021-03-08,UMB,3668,1799,1869,141,289,46,42,0,1,2855,2,292,0,2305,1363,ITI,ITI2,10,Umbria,Umbria,882015,138271,15.68,0.42
181,2021-04-17,UMB,6600,3037,3563,158,31,14,127,38,1721,1434,3061,9,7,5258,1342,ITI,ITI2,10,Umbria,Umbria,882015,144871,16.43,0.75
182,2021-01-23,UMB,277,100,177,276,1,0,0,0,0,0,0,0,0,2,275,ITI,ITI2,10,Umbria,Umbria,882015,145148,16.46,0.03
183,2021-02-04,UMB,733,226,507,693,20,20,0,0,0,0,0,0,0,25,708,ITI,ITI2,10,Umbria,Umbria,882015,145881,16.54,0.08
184,2021-03-02,UMB,3638,1345,2293,318,233,55,1446,0,1,1302,0,283,0,3634,4,ITI,ITI2,10,Umbria,Umbria,882015,149519,16.95,0.41
185,2021-03-17,UMB,3331,1313,2018,1430,55,131,16,2,0,1684,1,8,4,1859,1472,ITI,ITI2,10,Umbria,Umbria,882015,152850,17.33,0.38
186,2021-04-08,UMB,5786,2458,3328,343,28,263,12,23,1395,2891,810,13,8,3991,1795,ITI,ITI2,10,Umbria,Umbria,882015,158636,17.99,0.66
187,2021-03-22,UMB,3558,1653,1905,163,235,0,147,3,2,2830,0,173,5,2312,1246,ITI,ITI2,10,Umbria,Umbria,882015,162194,18.39,0.4
188,2021-01-28,UMB,1240,392,848,891,4,345,0,0,0,0,0,0,0,19,1221,ITI,ITI2,10,Umbria,Umbria,882015,163434,18.53,0.14
189,2021-03-31,UMB,3899,1731,2168,178,39,183,23,1,5,2961,425,6,78,2212,1687,ITI,ITI2,10,Umbria,Umbria,882015,167333,18.97,0.44
190,2021-01-10,UMB,1056,275,781,740,3,309,0,1,1,1,0,0,1,1056,0,ITI,ITI2,10,Umbria,Umbria,882015,168389,19.09,0.12
191,2021-02-27,UMB,1658,354,1304,14,11,13,1560,0,0,0,0,60,0,1642,16,ITI,ITI2,10,Umbria,Umbria,882015,170047,19.28,0.19
192,2021-04-06,UMB,5267,2161,3106,598,55,113,28,16,374,3343,709,5,26,2885,2382,ITI,ITI2,10,Umbria,Umbria,882015,175314,19.88,0.6
193,2020-12-31,UMB,322,127,195,310,0,0,0,2,0,0,0,0,10,322,0,ITI,ITI2,10,Umbria,Umbria,882015,175636,19.91,0.04
194,2021-02-23,UMB,1693,658,1035,1187,95,17,0,0,0,394,0,0,0,1651,42,ITI,ITI2,10,Umbria,Umbria,882015,177329,20.1,0.19
195,2021-03-21,UMB,665,330,335,31,285,0,64,34,6,0,0,34,211,665,0,ITI,ITI2,10,Umbria,Umbria,882015,177994,20.18,0.08
196,2021-03-03,UMB,4436,1772,2664,720,247,86,1533,0,0,1519,0,329,2,3724,712,ITI,ITI2,10,Umbria,Umbria,882015,182430,20.68,0.5
197,2021-02-18,UMB,1495,582,913,324,14,170,0,0,0,985,1,0,1,1029,466,ITI,ITI2,10,Umbria,Umbria,882015,183925,20.85,0.17
198,2021-04-11,UMB,3097,1500,1597,30,1,2,4,23,920,136,1942,39,0,3048,49,ITI,ITI2,10,Umbria,Umbria,882015,187022,21.2,0.35
199,2021-01-08,UMB,1173,337,836,926,8,238,0,0,1,0,0,0,0,1173,0,ITI,ITI2,10,Umbria,Umbria,882015,188195,21.34,0.13
200,2021-04-05,UMB,4249,1728,2521,764,22,69,26,3,88,2653,615,6,3,2193,2056,ITI,ITI2,10,Umbria,Umbria,882015,192444,21.82,0.48
201,2021-04-04,UMB,59,20,39,0,0,0,0,0,22,37,0,0,0,23,36,ITI,ITI2,10,Umbria,Umbria,882015,192503,21.83,0.01
202,2021-04-20,UMB,4913,2142,2771,203,18,27,16,30,914,2425,1277,0,3,2997,1916,ITI,ITI2,10,Umbria,Umbria,882015,197416,22.38,0.56
203,2021-02-25,UMB,1335,496,839,827,96,99,5,1,0,305,0,0,2,1283,52,ITI,ITI2,10,Umbria,Umbria,882015,198751,22.53,0.15
204,2021-02-19,UMB,743,293,450,282,12,14,0,0,0,433,2,0,0,526,217,ITI,ITI2,10,Umbria,Umbria,882015,199494,22.62,0.08
205,2021-03-26,UMB,4564,1682,2882,570,496,91,738,2,4,2482,0,155,26,4391,173,ITI,ITI2,10,Umbria,Umbria,882015,204058,23.14,0.52
206,2021-04-23,UMB,5596,2406,3190,66,36,83,92,47,648,518,4096,6,4,2920,2676,ITI,ITI2,10,Umbria,Umbria,882015,209654,23.77,0.63
207,2021-01-29,UMB,1221,343,878,934,16,271,0,0,0,0,0,0,0,79,1142,ITI,ITI2,10,Umbria,Umbria,882015,210875,23.91,0.14
208,2021-03-16,UMB,3538,1454,2084,1634,79,98,11,0,2,1708,1,0,5,1911,1627,ITI,ITI2,10,Umbria,Umbria,882015,214413,24.31,0.4
209,2021-03-12,UMB,2651,1039,1612,113,454,59,1193,2,0,465,2,309,54,2153,498,ITI,ITI2,10,Umbria,Umbria,882015,217064,24.61,0.3
210,2021-04-09,UMB,6294,2941,3353,86,59,27,85,34,1790,651,3530,10,22,6089,205,ITI,ITI2,10,Umbria,Umbria,882015,223358,25.32,0.71
211,2021-02-07,UMB,54,17,37,46,8,0,0,0,0,0,0,0,0,1,53,ITI,ITI2,10,Umbria,Umbria,882015,223412,25.33,0.01
212,2021-01-30,UMB,1577,483,1094,841,18,717,0,0,0,1,0,0,0,44,1533,ITI,ITI2,10,Umbria,Umbria,882015,224989,25.51,0.18
213,2021-03-25,UMB,3899,1698,2201,260,72,80,32,5,8,3268,1,123,50,2835,1064,ITI,ITI2,10,Umbria,Umbria,882015,228888,25.95,0.44
214,2021-01-24,UMB,254,104,150,254,0,0,0,0,0,0,0,0,0,1,253,ITI,ITI2,10,Umbria,Umbria,882015,229142,25.98,0.03
215,2020-12-27,UMB,85,45,40,67,2,16,0,0,0,0,0,0,0,85,0,ITI,ITI2,10,Umbria,Umbria,882015,229227,25.99,0.01
216,2021-03-24,UMB,4072,1760,2312,215,165,1,42,3,2,3531,0,111,2,2749,1323,ITI,ITI2,10,Umbria,Umbria,882015,233299,26.45,0.46
217,2021-03-23,UMB,3795,1685,2110,395,237,12,60,4,3,2854,0,175,55,2166,1629,ITI,ITI2,10,Umbria,Umbria,882015,237094,26.88,0.43
218,2021-01-21,UMB,610,202,408,428,13,169,0,0,0,0,0,0,0,341,269,ITI,ITI2,10,Umbria,Umbria,882015,237704,26.95,0.07
219,2021-04-16,UMB,8004,3693,4311,166,34,96,180,88,2517,1901,2978,16,28,6167,1837,ITI,ITI2,10,Umbria,Umbria,882015,245708,27.86,0.91
220,2021-04-19,UMB,4785,2107,2678,205,44,33,23,36,628,2480,1322,2,12,2736,2049,ITI,ITI2,10,Umbria,Umbria,882015,250493,28.4,0.54
221,2021-02-22,UMB,1859,778,1081,736,89,1,0,1,2,1007,5,0,18,1773,86,ITI,ITI2,10,Umbria,Umbria,882015,252352,28.61,0.21
222,2021-01-17,UMB,54,17,37,47,7,0,0,0,0,0,0,0,0,54,0,ITI,ITI2,10,Umbria,Umbria,882015,252406,28.62,0.01
223,2021-03-19,UMB,1743,565,1178,462,237,74,724,4,0,192,0,27,23,1087,656,ITI,ITI2,10,Umbria,Umbria,882015,254149,28.81,0.2
224,2021-03-28,UMB,1095,442,653,65,15,5,37,5,7,937,0,24,0,1071,24,ITI,ITI2,10,Umbria,Umbria,882015,255244,28.94,0.12
225,2021-02-11,UMB,842,349,493,735,98,5,3,1,0,0,0,0,0,837,5,ITI,ITI2,10,Umbria,Umbria,882015,256086,29.03,0.1
226,2021-01-12,UMB,784,247,537,665,14,105,0,0,0,0,0,0,0,784,0,ITI,ITI2,10,Umbria,Umbria,882015,256870,29.12,0.09
227,2021-03-18,UMB,2940,1163,1777,975,124,350,12,3,5,1461,0,3,7,1702,1238,ITI,ITI2,10,Umbria,Umbria,882015,259810,29.46,0.33
228,2021-04-15,UMB,6003,2731,3272,226,33,49,25,46,1541,2597,1432,44,10,4296,1707,ITI,ITI2,10,Umbria,Umbria,882015,265813,30.14,0.68
229,2021-01-01,UMB,273,105,168,272,0,0,0,0,0,0,0,0,1,273,0,ITI,ITI2,10,Umbria,Umbria,882015,266086,30.17,0.03
230,2021-03-21,MOL,1246,542,704,14,1,0,0,0,2,1090,133,0,6,479,767,ITF,ITF2,14,Molise,Molise,305617,1246,0.41,0.41
231,2021-03-07,MOL,1131,501,630,2,16,0,0,0,0,1113,0,0,0,1129,2,ITF,ITF2,14,Molise,Molise,305617,2377,0.78,0.37
232,2021-02-23,MOL,581,223,358,136,39,61,1,0,0,340,0,0,4,362,219,ITF,ITF2,14,Molise,Molise,305617,2958,0.97,0.19
233,2021-01-13,MOL,474,160,314,256,69,144,1,1,1,0,0,0,2,474,0,ITF,ITF2,14,Molise,Molise,305617,3432,1.12,0.16
234,2021-02-02,MOL,539,176,363,295,64,180,0,0,0,0,0,0,0,216,323,ITF,ITF2,14,Molise,Molise,305617,3971,1.3,0.18
235,2021-03-12,MOL,1459,637,822,42,33,0,505,0,1,719,35,116,8,1423,36,ITF,ITF2,14,Molise,Molise,305617,5430,1.78,0.48
236,2021-04-21,MOL,1716,736,980,19,5,1,26,17,670,331,627,6,14,855,861,ITF,ITF2,14,Molise,Molise,305617,7146,2.34,0.56
237,2021-03-24,MOL,1630,658,972,77,57,0,450,2,3,707,275,48,11,1228,402,ITF,ITF2,14,Molise,Molise,305617,8776,2.87,0.53
238,2021-03-23,MOL,1642,694,948,76,8,6,454,2,4,606,367,97,22,1435,207,ITF,ITF2,14,Molise,Molise,305617,10418,3.41,0.54
239,2021-04-18,MOL,553,254,299,0,0,0,1,1,87,277,182,0,5,104,449,ITF,ITF2,14,Molise,Molise,305617,10971,3.59,0.18
240,2020-12-27,MOL,50,20,30,29,4,17,0,0,0,0,0,0,0,50,0,ITF,ITF2,14,Molise,Molise,305617,11021,3.61,0.02
241,2021-04-06,MOL,1491,698,793,33,9,9,1,2,5,254,1158,18,2,1148,343,ITF,ITF2,14,Molise,Molise,305617,12512,4.09,0.49
242,2021-01-08,MOL,429,141,288,244,7,120,0,13,0,0,0,0,45,429,0,ITF,ITF2,14,Molise,Molise,305617,12941,4.23,0.14
243,2021-02-21,MOL,573,227,346,1,1,0,0,0,1,570,0,0,0,571,2,ITF,ITF2,14,Molise,Molise,305617,13514,4.42,0.19
244,2021-03-14,MOL,595,239,356,2,0,0,0,1,1,582,7,0,2,17,578,ITF,ITF2,14,Molise,Molise,305617,14109,4.62,0.19
245,2021-04-24,MOL,919,430,489,5,3,0,13,3,105,144,643,2,1,205,714,ITF,ITF2,14,Molise,Molise,305617,15028,4.92,0.3
246,2021-02-28,MOL,829,331,498,38,3,27,0,0,0,761,0,0,0,787,42,ITF,ITF2,14,Molise,Molise,305617,15857,5.19,0.27
247,2021-02-18,MOL,319,74,245,296,8,0,0,0,0,0,0,0,15,306,13,ITF,ITF2,14,Molise,Molise,305617,16176,5.29,0.1
248,2021-01-10,MOL,270,72,198,82,19,169,0,0,0,0,0,0,0,270,0,ITF,ITF2,14,Molise,Molise,305617,16446,5.38,0.09
249,2021-01-31,MOL,268,70,198,85,18,164,1,0,0,0,0,0,0,6,262,ITF,ITF2,14,Molise,Molise,305617,16714,5.47,0.09
250,2021-02-09,MOL,359,170,189,161,83,110,0,0,0,0,0,0,5,197,162,ITF,ITF2,14,Molise,Molise,305617,17073,5.59,0.12
251,2021-01-26,MOL,450,184,266,444,0,0,1,2,0,0,0,0,3,8,442,ITF,ITF2,14,Molise,Molise,305617,17523,5.73,0.15
252,2021-02-19,MOL,169,93,76,95,70,1,3,0,0,0,0,0,0,167,2,ITF,ITF2,14,Molise,Molise,305617,17692,5.79,0.06
253,2021-04-20,MOL,2272,1010,1262,23,7,1,23,11,738,383,1052,18,16,1185,1087,ITF,ITF2,14,Molise,Molise,305617,19964,6.53,0.74
254,2021-01-28,MOL,613,217,396,430,9,154,1,4,1,0,0,0,14,17,596,ITF,ITF2,14,Molise,Molise,305617,20577,6.73,0.2
255,2021-03-15,MOL,832,338,494,137,43,67,297,24,4,118,31,61,50,587,245,ITF,ITF2,14,Molise,Molise,305617,21409,7.01,0.27
256,2021-03-10,MOL,1737,720,1017,188,7,1,509,2,5,757,54,187,27,1687,50,ITF,ITF2,14,Molise,Molise,305617,23146,7.57,0.57
257,2021-04-17,MOL,1620,801,819,5,3,0,3,1,169,492,908,34,5,930,690,ITF,ITF2,14,Molise,Molise,305617,24766,8.1,0.53
258,2021-02-27,MOL,1366,568,798,25,29,14,1,1,0,1290,0,0,6,1347,19,ITF,ITF2,14,Molise,Molise,305617,26132,8.55,0.45
259,2021-03-30,MOL,1953,839,1114,45,1,1,424,2,4,573,800,82,21,1441,512,ITF,ITF2,14,Molise,Molise,305617,28085,9.19,0.64
260,2021-01-22,MOL,126,35,91,21,32,73,0,0,0,0,0,0,0,126,0,ITF,ITF2,14,Molise,Molise,305617,28211,9.23,0.04
261,2021-04-13,MOL,1615,710,905,7,4,1,1,12,910,322,350,1,7,1028,587,ITF,ITF2,14,Molise,Molise,305617,29826,9.76,0.53
262,2021-03-22,MOL,1146,439,707,106,5,2,458,7,3,255,216,59,35,903,243,ITF,ITF2,14,Molise,Molise,305617,30972,10.13,0.37
263,2021-04-10,MOL,2555,1233,1322,10,4,0,19,1,12,237,2261,9,2,2404,151,ITF,ITF2,14,Molise,Molise,305617,33527,10.97,0.84
264,2021-03-16,MOL,614,230,384,13,4,11,0,3,7,395,173,4,4,267,347,ITF,ITF2,14,Molise,Molise,305617,34141,11.17,0.2
265,2021-02-05,MOL,593,269,324,460,22,63,0,13,0,0,0,0,35,55,538,ITF,ITF2,14,Molise,Molise,305617,34734,11.37,0.19
266,2021-03-17,MOL,908,385,523,48,25,42,1,8,4,573,176,13,18,576,332,ITF,ITF2,14,Molise,Molise,305617,35642,11.66,0.3
267,2021-02-08,MOL,334,141,193,206,39,85,0,3,0,0,0,0,1,216,118,ITF,ITF2,14,Molise,Molise,305617,35976,11.77,0.11
268,2021-02-01,MOL,562,201,361,301,144,111,1,1,0,0,0,0,4,14,548,ITF,ITF2,14,Molise,Molise,305617,36538,11.96,0.18
269,2021-03-28,MOL,1589,741,848,155,15,0,1,0,1,1184,231,1,1,487,1102,ITF,ITF2,14,Molise,Molise,305617,38127,12.48,0.52
270,2021-02-22,MOL,265,129,136,56,65,62,0,27,0,8,0,0,47,250,15,ITF,ITF2,14,Molise,Molise,305617,38392,12.56,0.09
271,2021-04-19,MOL,1756,818,938,18,5,51,7,13,652,206,761,24,19,1008,748,ITF,ITF2,14,Molise,Molise,305617,40148,13.14,0.57
272,2021-01-17,MOL,78,38,40,78,0,0,0,0,0,0,0,0,0,48,30,ITF,ITF2,14,Molise,Molise,305617,40226,13.16,0.03
273,2021-03-19,MOL,1184,482,702,32,1,9,248,2,4,727,155,2,4,757,427,ITF,ITF2,14,Molise,Molise,305617,41410,13.55,0.39
274,2021-01-29,MOL,421,136,285,227,23,109,3,12,0,0,0,0,47,6,415,ITF,ITF2,14,Molise,Molise,305617,41831,13.69,0.14
275,2021-03-29,MOL,2030,834,1196,108,8,5,525,4,55,513,773,22,17,1544,486,ITF,ITF2,14,Molise,Molise,305617,43861,14.35,0.66
276,2021-04-15,MOL,1895,777,1118,3,3,0,27,7,692,649,496,4,14,1057,838,ITF,ITF2,14,Molise,Molise,305617,45756,14.97,0.62
277,2021-03-18,MOL,1156,476,680,73,10,45,0,2,3,855,157,0,11,692,464,ITF,ITF2,14,Molise,Molise,305617,46912,15.35,0.38
278,2021-01-12,MOL,336,114,222,132,74,129,0,0,0,0,0,0,1,336,0,ITF,ITF2,14,Molise,Molise,305617,47248,15.46,0.11
279,2021-03-05,MOL,1219,649,570,322,5,0,73,9,2,618,0,151,39,1015,204,ITF,ITF2,14,Molise,Molise,305617,48467,15.86,0.4
280,2021-01-09,MOL,450,152,298,221,27,178,0,5,0,0,0,0,19,450,0,ITF,ITF2,14,Molise,Molise,305617,48917,16.01,0.15
281,2021-02-16,MOL,156,70,86,148,5,0,0,2,0,0,0,0,1,150,6,ITF,ITF2,14,Molise,Molise,305617,49073,16.06,0.05
282,2021-03-20,MOL,2320,968,1352,28,23,0,222,1,6,1857,147,21,15,999,1321,ITF,ITF2,14,Molise,Molise,305617,51393,16.82,0.76
283,2021-02-17,MOL,72,32,40,47,10,6,0,0,0,1,0,0,8,57,15,ITF,ITF2,14,Molise,Molise,305617,51465,16.84,0.02
284,2021-02-07,MOL,66,32,34,49,1,16,0,0,0,0,0,0,0,19,47,ITF,ITF2,14,Molise,Molise,305617,51531,16.86,0.02
285,2021-02-24,MOL,666,278,388,242,66,44,1,6,7,274,0,0,26,333,333,ITF,ITF2,14,Molise,Molise,305617,52197,17.08,0.22
286,2021-03-25,MOL,1806,730,1076,53,4,18,493,3,10,832,269,107,17,1309,497,ITF,ITF2,14,Molise,Molise,305617,54003,17.67,0.59
287,2021-01-30,MOL,461,158,303,189,52,180,0,6,0,0,0,0,34,12,449,ITF,ITF2,14,Molise,Molise,305617,54464,17.82,0.15
288,2021-03-04,MOL,850,417,433,252,20,69,0,0,1,469,0,36,3,526,324,ITF,ITF2,14,Molise,Molise,305617,55314,18.1,0.28
289,2021-01-14,MOL,646,239,407,418,102,115,0,2,0,0,0,0,9,646,0,ITF,ITF2,14,Molise,Molise,305617,55960,18.31,0.21
290,2021-04-01,MOL,1437,654,783,27,18,21,20,0,2,715,566,62,6,712,725,ITF,ITF2,14,Molise,Molise,305617,57397,18.78,0.47
291,2021-01-16,MOL,420,166,254,270,16,127,0,1,0,0,0,0,6,420,0,ITF,ITF2,14,Molise,Molise,305617,57817,18.92,0.14
292,2021-04-03,MOL,1765,848,917,28,74,0,26,13,16,266,1323,7,12,1732,33,ITF,ITF2,14,Molise,Molise,305617,59582,19.5,0.58
293,2021-04-05,MOL,389,188,201,1,0,0,0,1,1,113,273,0,0,290,99,ITF,ITF2,14,Molise,Molise,305617,59971,19.62,0.13
294,2021-03-06,MOL,1728,807,921,156,18,0,0,2,4,1395,0,152,1,1569,159,ITF,ITF2,14,Molise,Molise,305617,61699,20.19,0.57
295,2021-03-03,MOL,672,316,356,63,4,48,127,0,0,385,0,45,0,590,82,ITF,ITF2,14,Molise,Molise,305617,62371,20.41,0.22
296,2021-01-06,MOL,689,260,429,456,26,171,0,1,2,21,0,0,12,689,0,ITF,ITF2,14,Molise,Molise,305617,63060,20.63,0.23
297,2021-04-23,MOL,1904,847,1057,50,18,0,20,7,605,115,1074,11,4,1254,650,ITF,ITF2,14,Molise,Molise,305617,64964,21.26,0.62
298,2021-01-05,MOL,449,180,269,441,0,0,0,1,0,0,0,0,7,449,0,ITF,ITF2,14,Molise,Molise,305617,65413,21.4,0.15
299,2021-02-03,MOL,731,249,482,391,112,180,1,4,3,0,0,0,40,338,393,ITF,ITF2,14,Molise,Molise,305617,66144,21.64,0.24
300,2021-01-19,MOL,173,63,110,90,57,22,2,0,0,0,0,0,2,162,11,ITF,ITF2,14,Molise,Molise,305617,66317,21.7,0.06
301,2021-01-15,MOL,538,242,296,398,17,81,0,8,0,0,0,0,34,538,0,ITF,ITF2,14,Molise,Molise,305617,66855,21.88,0.18
302,2021-01-04,MOL,314,131,183,301,0,0,0,2,0,0,0,0,11,314,0,ITF,ITF2,14,Molise,Molise,305617,67169,21.98,0.1
303,2021-02-06,MOL,429,179,250,276,14,130,1,2,0,0,0,0,6,29,400,ITF,ITF2,14,Molise,Molise,305617,67598,22.12,0.14
304,2021-04-16,MOL,2411,1027,1384,56,5,11,8,7,693,738,880,7,6,1184,1227,ITF,ITF2,14,Molise,Molise,305617,70009,22.91,0.79
305,2021-04-09,MOL,2295,1240,1055,33,10,1,1,93,9,136,2004,2,6,2104,191,ITF,ITF2,14,Molise,Molise,305617,72304,23.66,0.75
306,2021-02-25,MOL,541,239,302,68,3,28,0,6,0,434,0,0,2,473,68,ITF,ITF2,14,Molise,Molise,305617,72845,23.84,0.18
307,2021-03-08,MOL,1378,522,856,359,51,23,404,2,1,411,36,76,15,1238,140,ITF,ITF2,14,Molise,Molise,305617,74223,24.29,0.45
308,2021-01-07,MOL,598,209,389,414,2,145,0,5,1,4,0,0,27,598,0,ITF,ITF2,14,Molise,Molise,305617,74821,24.48,0.2
309,2021-04-22,MOL,1664,795,869,11,2,6,5,18,669,260,675,8,10,933,731,ITF,ITF2,14,Molise,Molise,305617,76485,25.03,0.54
310,2021-01-20,MOL,18,8,10,14,4,0,0,0,0,0,0,0,0,18,0,ITF,ITF2,14,Molise,Molise,305617,76503,25.03,0.01
311,2021-03-11,MOL,1463,636,827,42,2,14,499,4,2,699,12,185,4,1457,6,ITF,ITF2,14,Molise,Molise,305617,77966,25.51,0.48
312,2021-01-25,MOL,319,130,189,317,0,0,2,0,0,0,0,0,0,3,316,ITF,ITF2,14,Molise,Molise,305617,78285,25.62,0.1
313,2021-02-12,MOL,330,149,181,224,13,72,2,7,1,0,0,0,11,208,122,ITF,ITF2,14,Molise,Molise,305617,78615,25.72,0.11
314,2021-04-11,MOL,1146,579,567,0,5,0,0,1,1,48,1087,0,4,1133,13,ITF,ITF2,14,Molise,Molise,305617,79761,26.1,0.37
315,2021-01-11,MOL,557,194,363,196,243,111,0,1,0,0,0,0,6,557,0,ITF,ITF2,14,Molise,Molise,305617,80318,26.28,0.18
316,2021-02-04,MOL,758,295,463,502,95,141,1,3,0,0,0,0,16,77,681,ITF,ITF2,14,Molise,Molise,305617,81076,26.53,0.25
317,2021-04-07,MOL,1682,844,838,36,12,62,80,10,3,131,1313,29,6,1407,275,ITF,ITF2,14,Molise,Molise,305617,82758,27.08,0.55
318,2021-03-02,MOL,667,383,284,98,106,51,151,0,0,139,0,113,9,509,158,ITF,ITF2,14,Molise,Molise,305617,83425,27.3,0.22
319,2021-04-08,MOL,1751,899,852,105,15,6,35,5,3,195,1368,8,11,1550,201,ITF,ITF2,14,Molise,Molise,305617,85176,27.87,0.57
320,2021-03-31,MOL,2192,918,1274,202,13,32,263,10,18,826,707,96,25,1373,819,ITF,ITF2,14,Molise,Molise,305617,87368,28.59,0.72
321,2021-04-04,MOL,253,141,112,1,0,0,0,0,0,3,248,0,1,238,15,ITF,ITF2,14,Molise,Molise,305617,87621,28.67,0.08
322,2021-02-11,MOL,293,133,160,225,19,45,1,0,0,0,0,3,0,257,36,ITF,ITF2,14,Molise,Molise,305617,87914,28.77,0.1
323,2021-03-01,MOL,661,274,387,200,36,108,147,8,1,135,0,2,24,447,214,ITF,ITF2,14,Molise,Molise,305617,88575,28.98,0.22
324,2021-03-13,MOL,1189,594,595,29,5,6,0,5,4,981,6,151,2,200,989,ITF,ITF2,14,Molise,Molise,305617,89764,29.37,0.39
325,2021-03-26,MOL,2573,1044,1529,72,63,23,548,7,16,1014,747,70,13,1931,642,ITF,ITF2,14,Molise,Molise,305617,92337,30.21,0.84
326,2021-02-10,MOL,150,78,72,91,6,53,0,0,0,0,0,0,0,130,20,ITF,ITF2,14,Molise,Molise,305617,92487,30.26,0.05
327,2021-04-14,MOL,1784,759,1025,44,1,11,3,5,974,430,307,5,4,1133,651,ITF,ITF2,14,Molise,Molise,305617,94271,30.85,0.58
328,2021-02-15,MOL,144,70,74,117,10,15,0,0,0,0,0,0,2,141,3,ITF,ITF2,14,Molise,Molise,305617,94415,30.89,0.05
329,2021-02-20,MOL,1018,441,577,20,5,8,0,0,1,983,0,0,1,998,20,ITF,ITF2,14,Molise,Molise,305617,95433,31.23,0.33
330,2021-01-18,MOL,114,48,66,97,14,0,0,1,0,0,0,0,2,114,0,ITF,ITF2,14,Molise,Molise,305617,95547,31.26,0.04
331,2021-04-12,MOL,1251,546,705,17,2,1,0,11,944,87,183,1,5,1009,242,ITF,ITF2,14,Molise,Molise,305617,96798,31.67,0.41
332,2021-02-13,MOL,132,80,52,129,3,0,0,0,0,0,0,0,0,132,0,ITF,ITF2,14,Molise,Molise,305617,96930,31.72,0.04
333,2021-01-27,MOL,674,251,423,436,12,209,1,10,0,0,0,1,5,8,666,ITF,ITF2,14,Molise,Molise,305617,97604,31.94,0.22
334,2021-02-26,MOL,563,260,303,42,7,3,55,9,1,406,1,0,39,490,73,ITF,ITF2,14,Molise,Molise,305617,98167,32.12,0.18
335,2021-03-09,MOL,1329,579,750,199,6,0,393,4,1,409,76,218,23,1177,152,ITF,ITF2,14,Molise,Molise,305617,99496,32.56,0.43
336,2021-03-27,MOL,2737,1272,1465,18,58,0,1,6,4,1907,717,23,3,1304,1433,ITF,ITF2,14,Molise,Molise,305617,102233,33.45,0.9
337,2021-04-02,MOL,1403,690,713,47,77,0,2,8,8,662,476,105,18,642,761,ITF,ITF2,14,Molise,Molise,305617,103636,33.91,0.46
338,2021-01-21,MOL,6,2,4,0,6,0,0,0,0,0,0,0,0,6,0,ITF,ITF2,14,Molise,Molise,305617,103642,33.91,0.0
339,2021-03-21,PUG,2673,1220,1453,462,32,13,285,0,3,1779,14,38,47,570,2103,ITF,ITF4,16,Puglia,Puglia,4029053,2673,0.07,0.07
340,2021-01-30,PUG,5526,2514,3012,4750,325,419,6,0,2,3,5,4,12,411,5115,ITF,ITF4,16,Puglia,Puglia,4029053,8199,0.2,0.14
341,2021-01-14,PUG,4064,1586,2478,3181,377,499,2,1,1,0,0,0,3,4064,0,ITF,ITF4,16,Puglia,Puglia,4029053,12263,0.3,0.1
342,2021-04-20,PUG,20241,9379,10862,490,201,121,91,1329,8880,3328,5539,70,192,16794,3447,ITF,ITF4,16,Puglia,Puglia,4029053,32504,0.81,0.5
343,2021-01-24,PUG,1668,749,919,1286,231,150,0,0,0,1,0,0,0,152,1516,ITF,ITF4,16,Puglia,Puglia,4029053,34172,0.85,0.04
344,2021-03-05,PUG,17025,6778,10247,2308,827,273,7001,33,23,5334,18,1172,36,14863,2162,ITF,ITF4,16,Puglia,Puglia,4029053,51197,1.27,0.42
345,2021-03-15,PUG,11753,5612,6141,2091,646,115,682,24,30,7672,19,461,13,5261,6492,ITF,ITF4,16,Puglia,Puglia,4029053,62950,1.56,0.29
346,2021-03-03,PUG,16468,6609,9859,1990,636,192,6708,5,5,5988,2,939,3,14645,1823,ITF,ITF4,16,Puglia,Puglia,4029053,79418,1.97,0.41
347,2021-03-07,PUG,4912,1939,2973,930,101,2,1852,4,4,1681,7,325,6,4342,570,ITF,ITF4,16,Puglia,Puglia,4029053,84330,2.09,0.12
348,2021-04-14,PUG,31377,14804,16573,619,218,39,82,4634,15180,4883,5293,120,309,28065,3312,ITF,ITF4,16,Puglia,Puglia,4029053,115707,2.87,0.78
349,2021-01-13,PUG,4537,1729,2808,3973,329,230,2,1,0,0,0,0,2,4537,0,ITF,ITF4,16,Puglia,Puglia,4029053,120244,2.98,0.11
350,2021-04-19,PUG,26929,12481,14448,544,140,76,56,1882,14574,3245,6192,49,171,23880,3049,ITF,ITF4,16,Puglia,Puglia,4029053,147173,3.65,0.67
351,2021-02-23,PUG,9335,4413,4922,1788,362,169,1017,11,15,5554,1,399,19,8861,474,ITF,ITF4,16,Puglia,Puglia,4029053,156508,3.88,0.23
352,2021-02-12,PUG,4098,1629,2469,2938,443,690,5,0,0,5,4,10,3,3008,1090,ITF,ITF4,16,Puglia,Puglia,4029053,160606,3.99,0.1
353,2021-03-20,PUG,8227,3719,4508,1425,87,54,809,23,49,5648,42,69,21,3649,4578,ITF,ITF4,16,Puglia,Puglia,4029053,168833,4.19,0.2
354,2021-01-27,PUG,4576,1928,2648,3932,239,396,2,1,3,0,0,0,3,611,3965,ITF,ITF4,16,Puglia,Puglia,4029053,173409,4.3,0.11
355,2021-03-18,PUG,9355,4218,5137,1744,483,202,91,17,26,6689,43,40,20,3260,6095,ITF,ITF4,16,Puglia,Puglia,4029053,182764,4.54,0.23
356,2021-01-29,PUG,6192,2659,3533,5516,376,288,3,3,0,1,0,0,5,436,5756,ITF,ITF4,16,Puglia,Puglia,4029053,188956,4.69,0.15
357,2021-02-24,PUG,10021,4696,5325,1923,602,117,557,9,12,6409,0,375,17,9432,589,ITF,ITF4,16,Puglia,Puglia,4029053,198977,4.94,0.25
358,2021-02-13,PUG,3722,1453,2269,2883,516,291,7,0,2,4,0,18,1,3029,693,ITF,ITF4,16,Puglia,Puglia,4029053,202699,5.03,0.09
359,2021-01-22,PUG,1408,578,830,878,154,373,1,0,0,1,0,0,1,990,418,ITF,ITF4,16,Puglia,Puglia,4029053,204107,5.07,0.03
360,2021-02-10,PUG,3603,1425,2178,2491,247,864,1,0,0,0,0,0,0,2122,1481,ITF,ITF4,16,Puglia,Puglia,4029053,207710,5.16,0.09
361,2021-03-08,PUG,14646,6072,8574,2138,839,218,3937,13,9,6829,6,635,22,12253,2393,ITF,ITF4,16,Puglia,Puglia,4029053,222356,5.52,0.36
362,2021-01-09,PUG,4873,2247,2626,4320,255,246,1,5,1,4,5,0,36,4873,0,ITF,ITF4,16,Puglia,Puglia,4029053,227229,5.64,0.12
363,2021-01-21,PUG,2129,903,1226,1429,167,527,0,0,1,3,0,0,2,1270,859,ITF,ITF4,16,Puglia,Puglia,4029053,229358,5.69,0.05
364,2021-02-15,PUG,3254,1268,1986,2249,527,454,3,0,1,1,1,7,11,2634,620,ITF,ITF4,16,Puglia,Puglia,4029053,232612,5.77,0.08
365,2021-03-19,PUG,7933,3640,4293,1760,278,69,260,14,20,5370,74,66,22,3392,4541,ITF,ITF4,16,Puglia,Puglia,4029053,240545,5.97,0.2
366,2021-03-29,PUG,12789,5967,6822,1591,583,240,1129,35,140,7953,640,409,69,6071,6718,ITF,ITF4,16,Puglia,Puglia,4029053,253334,6.29,0.32
367,2021-03-13,PUG,10127,3990,6137,2161,277,130,3322,7,11,3889,44,254,32,8398,1729,ITF,ITF4,16,Puglia,Puglia,4029053,263461,6.54,0.25
368,2021-03-17,PUG,10259,4680,5579,1791,464,63,71,32,38,7664,38,51,47,4157,6102,ITF,ITF4,16,Puglia,Puglia,4029053,273720,6.79,0.25
369,2021-01-28,PUG,5465,2271,3194,4782,339,327,3,3,0,0,0,6,5,473,4992,ITF,ITF4,16,Puglia,Puglia,4029053,279185,6.93,0.14
370,2021-04-11,PUG,15995,7037,8958,331,85,15,119,386,1029,5473,8430,18,109,14327,1668,ITF,ITF4,16,Puglia,Puglia,4029053,295180,7.33,0.4
371,2021-02-26,PUG,13663,5009,8654,2125,681,298,4659,12,10,5226,18,612,22,12636,1027,ITF,ITF4,16,Puglia,Puglia,4029053,308843,7.67,0.34
372,2021-01-04,PUG,4503,2012,2491,4372,88,11,1,1,0,2,0,0,28,4503,0,ITF,ITF4,16,Puglia,Puglia,4029053,313346,7.78,0.11
373,2021-03-02,PUG,16281,6040,10241,1396,665,113,8168,17,17,4350,5,1537,13,14976,1305,ITF,ITF4,16,Puglia,Puglia,4029053,329627,8.18,0.4
374,2021-01-19,PUG,1221,452,769,531,113,577,0,0,0,0,0,0,0,1211,10,ITF,ITF4,16,Puglia,Puglia,4029053,330848,8.21,0.03
375,2021-04-07,PUG,14665,6473,8192,1032,414,86,362,159,529,8656,3046,145,236,8057,6608,ITF,ITF4,16,Puglia,Puglia,4029053,345513,8.58,0.36
376,2021-01-23,PUG,3037,1292,1745,2523,176,309,1,3,6,14,0,0,5,886,2151,ITF,ITF4,16,Puglia,Puglia,4029053,348550,8.65,0.08
377,2021-02-03,PUG,5031,2002,3029,4366,476,184,3,2,0,0,0,0,0,730,4301,ITF,ITF4,16,Puglia,Puglia,4029053,353581,8.78,0.12
378,2021-04-08,PUG,16992,7389,9603,1024,327,181,506,198,790,9618,4088,89,171,10921,6071,ITF,ITF4,16,Puglia,Puglia,4029053,370573,9.2,0.42
379,2021-01-18,PUG,1845,770,1075,1182,215,445,0,0,0,1,0,1,1,1496,349,ITF,ITF4,16,Puglia,Puglia,4029053,372418,9.24,0.05
380,2021-01-06,PUG,3942,1664,2278,3313,224,372,0,11,1,0,0,0,21,3942,0,ITF,ITF4,16,Puglia,Puglia,4029053,376360,9.34,0.1
381,2021-03-06,PUG,15791,5898,9893,2104,465,72,7038,16,15,5470,25,566,20,13823,1968,ITF,ITF4,16,Puglia,Puglia,4029053,392151,9.73,0.39
382,2021-01-08,PUG,5576,2335,3241,4853,373,328,3,0,1,0,2,4,12,5576,0,ITF,ITF4,16,Puglia,Puglia,4029053,397727,9.87,0.14
383,2021-03-01,PUG,15048,5843,9205,1973,724,83,5145,7,15,6184,4,891,22,13679,1369,ITF,ITF4,16,Puglia,Puglia,4029053,412775,10.24,0.37
384,2020-12-31,PUG,1635,782,853,1549,38,44,3,0,1,0,0,0,0,1635,0,ITF,ITF4,16,Puglia,Puglia,4029053,414410,10.29,0.04
385,2021-04-22,PUG,21624,9826,11798,740,278,212,116,1707,8948,4069,5255,55,244,16927,4697,ITF,ITF4,16,Puglia,Puglia,4029053,436034,10.82,0.54
386,2021-02-09,PUG,3838,1568,2270,2532,661,622,6,2,3,9,1,0,2,2166,1672,ITF,ITF4,16,Puglia,Puglia,4029053,439872,10.92,0.1
387,2021-03-27,PUG,12035,5653,6382,966,592,71,1372,36,90,7544,1072,216,76,6892,5143,ITF,ITF4,16,Puglia,Puglia,4029053,451907,11.22,0.3
388,2021-02-28,PUG,5887,1786,4101,559,136,26,3417,6,3,1543,0,194,3,5701,186,ITF,ITF4,16,Puglia,Puglia,4029053,457794,11.36,0.15
389,2021-03-26,PUG,11423,5330,6093,1609,918,287,1340,37,118,6460,97,441,116,6784,4639,ITF,ITF4,16,Puglia,Puglia,4029053,469217,11.65,0.28
390,2021-01-31,PUG,1808,825,983,1502,103,198,2,1,0,2,0,0,0,73,1735,ITF,ITF4,16,Puglia,Puglia,4029053,471025,11.69,0.04
391,2021-04-04,PUG,5908,2943,2965,98,25,6,46,30,41,282,5308,26,46,5901,7,ITF,ITF4,16,Puglia,Puglia,4029053,476933,11.84,0.15
392,2021-04-05,PUG,12556,6097,6459,54,59,4,29,71,242,936,11082,11,68,12023,533,ITF,ITF4,16,Puglia,Puglia,4029053,489489,12.15,0.31
393,2021-01-11,PUG,3748,1587,2161,3216,336,175,2,5,0,0,0,6,8,3748,0,ITF,ITF4,16,Puglia,Puglia,4029053,493237,12.24,0.09
394,2021-01-20,PUG,1546,541,1005,781,125,627,0,0,3,9,0,0,1,1538,8,ITF,ITF4,16,Puglia,Puglia,4029053,494783,12.28,0.04
395,2021-01-02,PUG,2948,1300,1648,2829,91,23,4,0,0,0,0,0,1,2948,0,ITF,ITF4,16,Puglia,Puglia,4029053,497731,12.35,0.07
396,2021-02-21,PUG,2172,472,1700,537,73,49,1456,1,5,32,0,12,7,2111,61,ITF,ITF4,16,Puglia,Puglia,4029053,499903,12.41,0.05
397,2021-01-16,PUG,2507,1033,1474,1682,300,518,1,1,1,0,0,0,4,2507,0,ITF,ITF4,16,Puglia,Puglia,4029053,502410,12.47,0.06
398,2021-02-02,PUG,4334,1840,2494,3624,389,317,3,1,0,0,0,0,0,592,3742,ITF,ITF4,16,Puglia,Puglia,4029053,506744,12.58,0.11
399,2021-03-11,PUG,14338,6177,8161,2907,931,515,3676,5,7,5279,8,990,20,11236,3102,ITF,ITF4,16,Puglia,Puglia,4029053,521082,12.93,0.36
400,2021-01-15,PUG,4551,1866,2685,3598,369,558,4,2,0,1,1,13,5,4551,0,ITF,ITF4,16,Puglia,Puglia,4029053,525633,13.05,0.11
401,2021-04-01,PUG,13294,6074,7220,1241,451,217,1038,63,306,8012,1525,319,122,6958,6336,ITF,ITF4,16,Puglia,Puglia,4029053,538927,13.38,0.33
402,2021-04-18,PUG,21710,10355,11355,78,37,4,8,3896,9289,1407,6778,12,201,20598,1112,ITF,ITF4,16,Puglia,Puglia,4029053,560637,13.91,0.54
403,2020-12-27,PUG,507,250,257,404,6,63,0,8,1,0,0,0,25,507,0,ITF,ITF4,16,Puglia,Puglia,4029053,561144,13.93,0.01
404,2021-02-17,PUG,4266,1743,2523,2461,1171,598,1,7,2,2,1,1,22,3667,599,ITF,ITF4,16,Puglia,Puglia,4029053,565410,14.03,0.11
405,2021-03-23,PUG,10387,4985,5402,1850,413,51,991,29,44,6089,52,743,125,3931,6456,ITF,ITF4,16,Puglia,Puglia,4029053,575797,14.29,0.26
406,2021-03-24,PUG,12922,5955,6967,1900,628,179,1542,30,57,7918,67,496,105,5684,7238,ITF,ITF4,16,Puglia,Puglia,4029053,588719,14.61,0.32
407,2021-04-21,PUG,22480,10381,12099,678,237,61,377,1952,12229,2754,3932,115,145,18789,3691,ITF,ITF4,16,Puglia,Puglia,4029053,611199,15.17,0.56
408,2021-04-24,PUG,9456,4373,5083,339,128,29,26,589,3770,1576,2881,13,105,7120,2336,ITF,ITF4,16,Puglia,Puglia,4029053,620655,15.4,0.23
409,2021-02-16,PUG,3379,1452,1927,2148,736,412,2,10,0,5,0,16,50,2734,645,ITF,ITF4,16,Puglia,Puglia,4029053,624034,15.49,0.08
410,2021-03-14,PUG,3313,1428,1885,957,89,107,1001,28,10,976,9,43,93,2503,810,ITF,ITF4,16,Puglia,Puglia,4029053,627347,15.57,0.08
411,2021-04-02,PUG,12333,5668,6665,880,393,277,695,109,608,7431,1435,193,312,7816,4517,ITF,ITF4,16,Puglia,Puglia,4029053,639680,15.88,0.31
412,2021-01-12,PUG,4206,1767,2439,3632,343,218,5,2,3,1,0,0,2,4206,0,ITF,ITF4,16,Puglia,Puglia,4029053,643886,15.98,0.1
413,2021-01-25,PUG,3820,1677,2143,3471,170,169,1,1,0,2,0,0,6,422,3398,ITF,ITF4,16,Puglia,Puglia,4029053,647706,16.08,0.09
414,2021-04-12,PUG,28417,13364,15053,502,235,26,157,2130,14658,4827,5543,149,190,25600,2817,ITF,ITF4,16,Puglia,Puglia,4029053,676123,16.78,0.71
415,2021-01-01,PUG,146,60,86,145,1,0,0,0,0,0,0,0,0,146,0,ITF,ITF4,16,Puglia,Puglia,4029053,676269,16.78,0.0
416,2021-03-04,PUG,15025,5860,9165,1530,588,323,6288,20,15,4778,5,1450,28,13647,1378,ITF,ITF4,16,Puglia,Puglia,4029053,691294,17.16,0.37
417,2021-02-11,PUG,3695,1401,2294,2570,391,723,2,1,0,0,0,0,8,2419,1276,ITF,ITF4,16,Puglia,Puglia,4029053,694989,17.25,0.09
418,2021-03-09,PUG,13147,5740,7407,1863,707,225,3539,18,10,5626,6,1090,63,11151,1996,ITF,ITF4,16,Puglia,Puglia,4029053,708136,17.58,0.33
419,2021-03-12,PUG,13831,6081,7750,3281,1136,432,2944,9,16,5005,9,987,12,9906,3925,ITF,ITF4,16,Puglia,Puglia,4029053,721967,17.92,0.34
420,2021-01-07,PUG,5713,2454,3259,5216,263,217,3,4,0,0,2,7,1,5713,0,ITF,ITF4,16,Puglia,Puglia,4029053,727680,18.06,0.14
421,2021-02-22,PUG,9621,4527,5094,1439,651,140,319,14,19,6809,4,215,11,9289,332,ITF,ITF4,16,Puglia,Puglia,4029053,737301,18.3,0.24
422,2021-02-08,PUG,3993,1611,2382,2966,605,389,1,1,0,1,1,26,3,1598,2395,ITF,ITF4,16,Puglia,Puglia,4029053,741294,18.4,0.1
423,2021-02-01,PUG,3961,1657,2304,3443,287,208,5,4,0,0,0,6,8,375,3586,ITF,ITF4,16,Puglia,Puglia,4029053,745255,18.5,0.1
424,2021-02-20,PUG,2966,1078,1888,2115,233,168,425,0,1,9,1,4,10,2710,256,ITF,ITF4,16,Puglia,Puglia,4029053,748221,18.57,0.07
425,2021-04-10,PUG,29349,12437,16912,627,226,120,279,592,1598,11562,13936,149,260,25206,4143,ITF,ITF4,16,Puglia,Puglia,4029053,777570,19.3,0.73
426,2021-02-05,PUG,5630,2271,3359,4568,512,526,6,0,0,0,0,14,4,1330,4300,ITF,ITF4,16,Puglia,Puglia,4029053,783200,19.44,0.14
427,2021-03-22,PUG,9338,4550,4788,609,369,12,1061,17,39,6755,49,361,66,3701,5637,ITF,ITF4,16,Puglia,Puglia,4029053,792538,19.67,0.23
428,2021-02-27,PUG,14109,4779,9330,1588,653,181,6172,14,7,5117,16,348,13,12930,1179,ITF,ITF4,16,Puglia,Puglia,4029053,806647,20.02,0.35
429,2021-04-16,PUG,34660,16300,18360,686,276,135,210,4829,14806,4494,8774,101,349,31389,3271,ITF,ITF4,16,Puglia,Puglia,4029053,841307,20.88,0.86
430,2021-01-17,PUG,1309,590,719,818,154,337,0,0,0,0,0,0,0,1240,69,ITF,ITF4,16,Puglia,Puglia,4029053,842616,20.91,0.03
431,2021-03-31,PUG,13912,6305,7607,1785,563,177,810,28,184,8566,1319,371,109,8362,5550,ITF,ITF4,16,Puglia,Puglia,4029053,856528,21.26,0.35
432,2021-02-04,PUG,5897,2357,3540,4444,792,653,6,0,0,0,1,0,1,1167,4730,ITF,ITF4,16,Puglia,Puglia,4029053,862425,21.41,0.15
433,2021-02-06,PUG,4510,1916,2594,3493,484,527,3,0,1,0,0,0,2,1589,2921,ITF,ITF4,16,Puglia,Puglia,4029053,866935,21.52,0.11
434,2021-02-18,PUG,4367,1842,2525,2701,957,680,2,1,1,5,1,11,8,3764,603,ITF,ITF4,16,Puglia,Puglia,4029053,871302,21.63,0.11
435,2021-04-03,PUG,10114,4352,5762,918,219,133,540,111,340,5400,2294,18,141,6569,3545,ITF,ITF4,16,Puglia,Puglia,4029053,881416,21.88,0.25
436,2021-03-28,PUG,3512,1647,1865,635,151,47,119,6,10,2010,519,3,12,1189,2323,ITF,ITF4,16,Puglia,Puglia,4029053,884928,21.96,0.09
437,2021-04-06,PUG,13164,5822,7342,741,370,156,220,75,479,8399,2502,131,91,6549,6615,ITF,ITF4,16,Puglia,Puglia,4029053,898092,22.29,0.33
438,2021-04-15,PUG,31361,14600,16761,545,215,42,119,4181,13122,5091,7614,96,336,27892,3469,ITF,ITF4,16,Puglia,Puglia,4029053,929453,23.07,0.78
439,2021-03-10,PUG,14371,6232,8139,2599,1070,355,3078,6,33,6547,7,655,21,11256,3115,ITF,ITF4,16,Puglia,Puglia,4029053,943824,23.43,0.36
440,2021-04-17,PUG,37904,17993,19911,519,164,84,179,4695,12880,4673,14166,81,463,34578,3326,ITF,ITF4,16,Puglia,Puglia,4029053,981728,24.37,0.94
441,2021-02-19,PUG,4729,2010,2719,3064,1189,389,7,2,1,2,0,49,26,4338,391,ITF,ITF4,16,Puglia,Puglia,4029053,986457,24.48,0.12
442,2021-02-14,PUG,785,348,437,682,32,70,1,0,0,0,0,0,0,662,123,ITF,ITF4,16,Puglia,Puglia,4029053,987242,24.5,0.02
443,2021-04-09,PUG,21205,9094,12111,1102,541,164,415,453,1133,9761,7187,143,306,16580,4625,ITF,ITF4,16,Puglia,Puglia,4029053,1008447,25.03,0.53
444,2021-03-16,PUG,9852,4680,5172,2201,553,91,38,22,23,6627,129,143,25,3496,6356,ITF,ITF4,16,Puglia,Puglia,4029053,1018299,25.27,0.24
445,2021-01-03,PUG,2007,943,1064,1818,38,145,1,1,1,0,3,0,0,2007,0,ITF,ITF4,16,Puglia,Puglia,4029053,1020306,25.32,0.05
446,2021-02-25,PUG,11887,5035,6852,1746,763,419,2380,19,15,5784,1,726,34,10731,1156,ITF,ITF4,16,Puglia,Puglia,4029053,1032193,25.62,0.3
447,2021-04-13,PUG,27840,13207,14633,662,248,54,119,4425,10636,5280,5963,122,331,24433,3407,ITF,ITF4,16,Puglia,Puglia,4029053,1060033,26.31,0.69
448,2021-01-26,PUG,5358,2396,2962,4850,269,232,0,2,1,1,0,0,3,572,4786,ITF,ITF4,16,Puglia,Puglia,4029053,1065391,26.44,0.13
449,2021-01-05,PUG,5098,2246,2852,4747,177,98,4,18,9,5,0,0,40,5098,0,ITF,ITF4,16,Puglia,Puglia,4029053,1070489,26.57,0.13
450,2021-01-10,PUG,2348,1060,1288,2037,106,202,0,2,0,0,1,0,0,2348,0,ITF,ITF4,16,Puglia,Puglia,4029053,1072837,26.63,0.06
451,2021-03-30,PUG,11756,5461,6295,1327,492,259,959,44,168,7101,978,372,56,5894,5862,ITF,ITF4,16,Puglia,Puglia,4029053,1084593,26.92,0.29
452,2020-12-30,PUG,1,0,1,1,0,0,0,0,0,0,0,0,0,1,0,ITF,ITF4,16,Puglia,Puglia,4029053,1084594,26.92,0.0
453,2021-03-25,PUG,10728,5195,5533,1272,657,62,658,22,48,7186,62,675,86,4576,6152,ITF,ITF4,16,Puglia,Puglia,4029053,1095322,27.19,0.27
454,2021-04-23,PUG,26176,12141,14035,630,219,174,88,2148,12558,4216,5702,176,265,21441,4735,ITF,ITF4,16,Puglia,Puglia,4029053,1121498,27.84,0.65
455,2021-02-07,PUG,1578,669,909,1039,227,309,1,0,2,0,0,0,0,253,1325,ITF,ITF4,16,Puglia,Puglia,4029053,1123076,27.87,0.04
456,2021-02-28,LOM,7884,3255,4629,1106,761,76,31,594,199,4343,0,88,686,7668,216,ITC,ITC4,3,Lombardia,Lombardia,10060574,7884,0.08,0.08
457,2021-03-19,LOM,32354,12884,19470,2742,1932,1418,3009,69,115,22419,350,158,142,19170,13184,ITC,ITC4,3,Lombardia,Lombardia,10060574,40238,0.4,0.32
458,2021-02-15,LOM,8913,3119,5794,6034,1677,1071,9,12,9,29,4,31,37,8491,422,ITC,ITC4,3,Lombardia,Lombardia,10060574,49151,0.49,0.09
459,2021-02-18,LOM,14036,4925,9111,6162,1880,1593,28,13,18,3438,3,859,42,13009,1027,ITC,ITC4,3,Lombardia,Lombardia,10060574,63187,0.63,0.14
460,2021-01-08,LOM,12664,3910,8754,9964,2236,376,0,17,9,6,1,0,55,12664,0,ITC,ITC4,3,Lombardia,Lombardia,10060574,75851,0.75,0.13
461,2021-04-06,LOM,42766,17468,25298,2151,1920,675,4520,281,552,27845,4382,128,312,24873,17893,ITC,ITC4,3,Lombardia,Lombardia,10060574,118617,1.18,0.43
462,2020-12-30,LOM,114,42,72,106,7,0,0,0,0,0,0,0,1,114,0,ITC,ITC4,3,Lombardia,Lombardia,10060574,118731,1.18,0.0
463,2021-03-28,LOM,20286,7723,12563,2015,1290,115,3874,197,415,11233,1008,34,105,14153,6133,ITC,ITC4,3,Lombardia,Lombardia,10060574,139017,1.38,0.2
464,2020-12-31,LOM,713,300,413,657,56,0,0,0,0,0,0,0,0,713,0,ITC,ITC4,3,Lombardia,Lombardia,10060574,139730,1.39,0.01
465,2021-02-09,LOM,12244,3328,8916,5736,2235,4128,4,16,5,78,4,2,36,4109,8135,ITC,ITC4,3,Lombardia,Lombardia,10060574,151974,1.51,0.12
466,2021-02-21,LOM,5022,1854,3168,1761,910,32,3,2,14,2234,2,42,22,5002,20,ITC,ITC4,3,Lombardia,Lombardia,10060574,156996,1.56,0.05
467,2021-04-02,LOM,40826,16694,24132,2535,1820,1157,4639,536,2167,24509,2987,130,346,26475,14351,ITC,ITC4,3,Lombardia,Lombardia,10060574,197822,1.97,0.41
468,2021-01-12,LOM,19854,6615,13239,13437,4539,1631,0,20,13,102,2,1,109,19854,0,ITC,ITC4,3,Lombardia,Lombardia,10060574,217676,2.16,0.2
469,2021-01-01,LOM,24,7,17,24,0,0,0,0,0,0,0,0,0,24,0,ITC,ITC4,3,Lombardia,Lombardia,10060574,217700,2.16,0.0
470,2021-03-16,LOM,25460,10108,15352,3314,1456,1455,76,311,249,18138,28,17,416,16401,9059,ITC,ITC4,3,Lombardia,Lombardia,10060574,243160,2.42,0.25
471,2021-04-20,LOM,66893,30522,36371,1149,584,735,565,8881,34177,10624,9439,228,511,56643,10250,ITC,ITC4,3,Lombardia,Lombardia,10060574,310053,3.08,0.66
472,2021-01-21,LOM,5333,1567,3766,3017,1210,1025,0,8,4,7,1,0,61,4644,689,ITC,ITC4,3,Lombardia,Lombardia,10060574,315386,3.13,0.05
473,2021-03-15,LOM,31519,11310,20209,4682,2869,880,8315,273,377,13071,7,637,408,23038,8481,ITC,ITC4,3,Lombardia,Lombardia,10060574,346905,3.45,0.31
474,2021-02-19,LOM,14100,5365,8735,5568,1750,1149,16,22,42,4541,2,929,81,13418,682,ITC,ITC4,3,Lombardia,Lombardia,10060574,361005,3.59,0.14
475,2021-01-22,LOM,3097,864,2233,1581,619,874,0,2,3,13,0,0,5,3027,70,ITC,ITC4,3,Lombardia,Lombardia,10060574,364102,3.62,0.03
476,2021-03-12,LOM,35196,12934,22262,5117,3216,1497,7388,184,278,16064,10,1114,328,24988,10208,ITC,ITC4,3,Lombardia,Lombardia,10060574,399298,3.97,0.35
477,2021-02-08,LOM,9973,2906,7067,5282,2232,2361,4,5,2,53,4,0,30,2138,7835,ITC,ITC4,3,Lombardia,Lombardia,10060574,409271,4.07,0.1
478,2021-04-22,LOM,71484,32426,39058,1142,674,938,434,10977,31782,14409,10480,182,466,55790,15694,ITC,ITC4,3,Lombardia,Lombardia,10060574,480755,4.78,0.71
479,2021-03-10,LOM,33185,12712,20473,6894,3854,2098,5478,429,302,12075,9,1608,438,25333,7852,ITC,ITC4,3,Lombardia,Lombardia,10060574,513940,5.11,0.33
480,2021-03-08,LOM,29713,11162,18551,6589,2983,1160,4615,422,211,11765,10,1613,345,22645,7068,ITC,ITC4,3,Lombardia,Lombardia,10060574,543653,5.4,0.3
481,2021-04-17,LOM,47106,20690,26416,518,203,275,343,411,28510,11316,5274,124,132,36462,10644,ITC,ITC4,3,Lombardia,Lombardia,10060574,590759,5.87,0.47
482,2021-04-18,LOM,36107,16106,20001,262,115,72,141,220,25843,5603,3654,99,98,30874,5233,ITC,ITC4,3,Lombardia,Lombardia,10060574,626866,6.23,0.36
483,2021-03-17,LOM,26146,10449,15697,2533,1417,1969,44,72,108,19533,175,44,251,15228,10918,ITC,ITC4,3,Lombardia,Lombardia,10060574,653012,6.49,0.26
484,2021-02-04,LOM,27444,8025,19419,15774,5852,5532,0,11,1,197,4,7,66,1962,25482,ITC,ITC4,3,Lombardia,Lombardia,10060574,680456,6.76,0.27
485,2021-03-31,LOM,41766,16907,24859,2581,1885,1466,6196,403,1819,24031,2808,150,427,26652,15114,ITC,ITC4,3,Lombardia,Lombardia,10060574,722222,7.18,0.42
486,2021-04-21,LOM,70487,32072,38415,1026,464,646,338,10494,32373,14000,10549,178,419,56270,14217,ITC,ITC4,3,Lombardia,Lombardia,10060574,792709,7.88,0.7
487,2021-02-17,LOM,11962,3743,8219,7639,2229,1949,10,7,8,40,6,38,36,10573,1389,ITC,ITC4,3,Lombardia,Lombardia,10060574,804671,8.0,0.12
488,2020-12-27,LOM,717,413,304,615,46,14,0,13,7,1,1,0,20,717,0,ITC,ITC4,3,Lombardia,Lombardia,10060574,805388,8.01,0.01
489,2021-04-19,LOM,59503,27122,32381,1167,443,416,480,3365,34680,9677,8659,177,439,50213,9290,ITC,ITC4,3,Lombardia,Lombardia,10060574,864891,8.6,0.59
490,2021-04-24,LOM,31368,13812,17556,187,154,30,109,4639,13286,8812,3928,88,135,22536,8832,ITC,ITC4,3,Lombardia,Lombardia,10060574,896259,8.91,0.31
491,2021-04-05,LOM,27256,11646,15610,538,567,70,700,196,325,23638,1104,28,90,19244,8012,ITC,ITC4,3,Lombardia,Lombardia,10060574,923515,9.18,0.27
492,2021-02-01,LOM,16049,5315,10734,11673,3375,903,1,3,3,45,3,1,42,324,15725,ITC,ITC4,3,Lombardia,Lombardia,10060574,939564,9.34,0.16
493,2021-01-31,LOM,9745,3763,5982,7576,2043,87,0,2,2,7,3,2,23,33,9712,ITC,ITC4,3,Lombardia,Lombardia,10060574,949309,9.44,0.1
494,2021-01-28,LOM,12179,3691,8488,9191,1858,971,1,11,5,29,2,1,110,776,11403,ITC,ITC4,3,Lombardia,Lombardia,10060574,961488,9.56,0.12
495,2021-01-03,LOM,853,316,537,744,89,4,0,0,0,1,1,0,14,853,0,ITC,ITC4,3,Lombardia,Lombardia,10060574,962341,9.57,0.01
496,2021-01-04,LOM,6075,2097,3978,4993,736,173,0,22,4,11,0,0,136,6075,0,ITC,ITC4,3,Lombardia,Lombardia,10060574,968416,9.63,0.06
497,2021-01-19,LOM,8101,2348,5753,4045,1772,2169,0,9,5,67,4,1,29,7625,476,ITC,ITC4,3,Lombardia,Lombardia,10060574,976517,9.71,0.08
498,2021-02-25,LOM,15176,6294,8882,2971,1339,1294,10,39,86,8099,4,1251,83,13629,1547,ITC,ITC4,3,Lombardia,Lombardia,10060574,991693,9.86,0.15
499,2021-02-03,LOM,25472,7877,17595,15588,5626,4018,1,17,9,144,6,8,55,1120,24352,ITC,ITC4,3,Lombardia,Lombardia,10060574,1017165,10.11,0.25
500,2021-02-14,LOM,3578,1546,2032,2750,623,42,10,5,1,3,2,0,142,2944,634,ITC,ITC4,3,Lombardia,Lombardia,10060574,1020743,10.15,0.04
501,2021-02-27,LOM,13940,5865,8075,2090,1233,568,48,208,309,8310,7,1124,43,13295,645,ITC,ITC4,3,Lombardia,Lombardia,10060574,1034683,10.28,0.14
502,2021-03-18,LOM,27406,10953,16453,2198,1209,1547,100,65,161,21446,502,50,128,16179,11227,ITC,ITC4,3,Lombardia,Lombardia,10060574,1062089,10.56,0.27
503,2021-02-07,LOM,7207,2797,4410,5545,1315,293,5,5,2,18,0,3,21,339,6868,ITC,ITC4,3,Lombardia,Lombardia,10060574,1069296,10.63,0.07
504,2021-04-13,LOM,47482,21238,26244,939,646,699,956,532,25192,13253,4839,129,297,33503,13979,ITC,ITC4,3,Lombardia,Lombardia,10060574,1116778,11.1,0.47
505,2020-12-28,LOM,107,47,60,105,2,0,0,0,0,0,0,0,0,107,0,ITC,ITC4,3,Lombardia,Lombardia,10060574,1116885,11.1,0.0
506,2021-03-07,LOM,11916,5304,6612,3012,2099,82,707,261,329,4543,2,672,209,9356,2560,ITC,ITC4,3,Lombardia,Lombardia,10060574,1128801,11.22,0.12
507,2021-03-25,LOM,42388,15820,26568,3446,2233,1418,10845,227,766,21136,1663,318,336,29939,12449,ITC,ITC4,3,Lombardia,Lombardia,10060574,1171189,11.64,0.42
508,2021-03-30,LOM,39254,15380,23874,2673,1915,1160,6910,254,409,22310,2858,223,542,24518,14736,ITC,ITC4,3,Lombardia,Lombardia,10060574,1210443,12.03,0.39
509,2021-01-26,LOM,8337,2710,5627,6651,1337,223,0,22,4,26,0,0,74,334,8003,ITC,ITC4,3,Lombardia,Lombardia,10060574,1218780,12.11,0.08
510,2021-03-04,LOM,29302,12126,17176,6998,2474,2141,376,1622,1848,11147,6,2054,636,20247,9055,ITC,ITC4,3,Lombardia,Lombardia,10060574,1248082,12.41,0.29
511,2021-01-17,LOM,8290,3327,4963,5555,748,244,0,169,55,72,6,5,1436,8089,201,ITC,ITC4,3,Lombardia,Lombardia,10060574,1256372,12.49,0.08
512,2021-02-05,LOM,25535,7418,18117,14463,6213,4477,7,19,11,260,2,2,81,2379,23156,ITC,ITC4,3,Lombardia,Lombardia,10060574,1281907,12.74,0.25
513,2021-03-24,LOM,43080,15541,27539,2975,2447,1498,12497,413,748,20251,1263,563,425,31372,11708,ITC,ITC4,3,Lombardia,Lombardia,10060574,1324987,13.17,0.43
514,2021-04-10,LOM,51060,21202,29858,858,852,312,1465,502,2871,38147,5744,61,248,39310,11750,ITC,ITC4,3,Lombardia,Lombardia,10060574,1376047,13.68,0.51
515,2021-03-22,LOM,40112,14205,25907,2494,2351,831,12141,255,193,20462,536,533,316,29680,10432,ITC,ITC4,3,Lombardia,Lombardia,10060574,1416159,14.08,0.4
516,2021-03-23,LOM,42379,15359,27020,2244,2329,1293,12510,430,584,21307,768,405,509,29590,12789,ITC,ITC4,3,Lombardia,Lombardia,10060574,1458538,14.5,0.42
517,2021-01-24,LOM,1201,459,742,832,136,36,0,8,2,1,1,0,185,537,664,ITC,ITC4,3,Lombardia,Lombardia,10060574,1459739,14.51,0.01
518,2021-01-30,LOM,12320,4569,7751,9909,2118,161,1,18,2,8,1,1,101,198,12122,ITC,ITC4,3,Lombardia,Lombardia,10060574,1472059,14.63,0.12
519,2021-04-01,LOM,42597,17089,25508,2718,2084,1262,5748,823,1624,25034,2761,135,408,26626,15971,ITC,ITC4,3,Lombardia,Lombardia,10060574,1514656,15.06,0.42
520,2021-01-05,LOM,7816,2564,5252,6270,1207,173,0,29,4,8,0,0,125,7816,0,ITC,ITC4,3,Lombardia,Lombardia,10060574,1522472,15.13,0.08
521,2021-02-22,LOM,11752,4736,7016,4212,1457,963,28,13,13,4034,3,966,63,11441,311,ITC,ITC4,3,Lombardia,Lombardia,10060574,1534224,15.25,0.12
522,2021-01-18,LOM,9152,2967,6185,5194,1962,1851,0,16,13,54,5,2,55,8170,982,ITC,ITC4,3,Lombardia,Lombardia,10060574,1543376,15.34,0.09
523,2021-04-03,LOM,36102,14812,21290,960,961,86,2237,1004,1544,27438,1648,80,144,26050,10052,ITC,ITC4,3,Lombardia,Lombardia,10060574,1579478,15.7,0.36
524,2021-04-15,LOM,48734,21568,27166,1098,625,1058,653,271,25679,12550,6496,96,208,34999,13735,ITC,ITC4,3,Lombardia,Lombardia,10060574,1628212,16.18,0.48
525,2021-01-16,LOM,15358,5706,9652,8616,1384,1505,0,556,211,227,5,3,2851,15358,0,ITC,ITC4,3,Lombardia,Lombardia,10060574,1643570,16.34,0.15
526,2021-03-06,LOM,21312,9084,12228,4764,2181,451,1357,1898,1306,7523,7,1147,678,16795,4517,ITC,ITC4,3,Lombardia,Lombardia,10060574,1664882,16.55,0.21
527,2021-03-27,LOM,32153,12254,19899,1973,2421,323,6664,404,582,18193,1171,71,351,23551,8602,ITC,ITC4,3,Lombardia,Lombardia,10060574,1697035,16.87,0.32
528,2021-01-06,LOM,7058,2489,4569,5847,1106,38,2,24,1,0,0,0,40,7058,0,ITC,ITC4,3,Lombardia,Lombardia,10060574,1704093,16.94,0.07
529,2021-03-01,LOM,18772,8221,10551,2718,1181,930,29,554,321,10843,3,1656,537,17065,1707,ITC,ITC4,3,Lombardia,Lombardia,10060574,1722865,17.12,0.19
530,2021-03-20,LOM,32496,12142,20354,1991,2347,524,7861,155,140,18452,540,322,164,22637,9859,ITC,ITC4,3,Lombardia,Lombardia,10060574,1755361,17.45,0.32
531,2021-04-09,LOM,51651,22092,29559,2232,1899,1245,3033,260,2323,33794,6334,97,434,35721,15930,ITC,ITC4,3,Lombardia,Lombardia,10060574,1807012,17.96,0.51
532,2021-01-29,LOM,13438,4114,9324,10487,2325,573,0,5,3,9,1,0,35,654,12784,ITC,ITC4,3,Lombardia,Lombardia,10060574,1820450,18.09,0.13
533,2021-02-24,LOM,14655,5921,8734,3585,1500,1786,24,34,44,6321,0,1203,158,13731,924,ITC,ITC4,3,Lombardia,Lombardia,10060574,1835105,18.24,0.15
534,2021-02-16,LOM,9535,3084,6451,5848,2209,1393,19,13,4,8,7,8,26,9084,451,ITC,ITC4,3,Lombardia,Lombardia,10060574,1844640,18.34,0.09
535,2021-01-09,LOM,12406,4571,7835,9524,2121,196,0,60,12,6,0,1,486,12406,0,ITC,ITC4,3,Lombardia,Lombardia,10060574,1857046,18.46,0.12
536,2021-01-07,LOM,11712,3622,8090,8962,1794,786,1,14,8,34,2,1,110,11712,0,ITC,ITC4,3,Lombardia,Lombardia,10060574,1868758,18.58,0.12
537,2021-03-29,LOM,39919,15461,24458,2995,2111,455,8606,221,470,21716,2705,209,431,25161,14758,ITC,ITC4,3,Lombardia,Lombardia,10060574,1908677,18.97,0.4
538,2021-02-20,LOM,9430,3895,5535,4298,1020,225,4,24,37,2919,2,864,37,9131,299,ITC,ITC4,3,Lombardia,Lombardia,10060574,1918107,19.07,0.09
539,2021-04-11,LOM,31742,13756,17986,966,542,435,1213,227,709,23059,3719,794,78,24378,7364,ITC,ITC4,3,Lombardia,Lombardia,10060574,1949849,19.38,0.32
540,2021-03-21,LOM,23546,8542,15004,1082,1631,420,9133,114,207,9734,198,755,272,18290,5256,ITC,ITC4,3,Lombardia,Lombardia,10060574,1973395,19.62,0.23
541,2021-04-04,LOM,7591,3222,4369,204,263,68,205,199,347,5856,360,9,80,3696,3895,ITC,ITC4,3,Lombardia,Lombardia,10060574,1980986,19.69,0.08
542,2020-12-29,LOM,104,44,60,103,1,0,0,0,0,0,0,0,0,104,0,ITC,ITC4,3,Lombardia,Lombardia,10060574,1981090,19.69,0.0
543,2021-03-05,LOM,28941,11932,17009,7232,3074,1550,424,1293,2142,11060,14,1980,172,20544,8397,ITC,ITC4,3,Lombardia,Lombardia,10060574,2010031,19.98,0.29
544,2021-02-26,LOM,18339,7544,10795,3319,1716,1183,24,66,40,10576,7,1339,69,16491,1848,ITC,ITC4,3,Lombardia,Lombardia,10060574,2028370,20.16,0.18
545,2021-03-26,LOM,40870,15502,25368,2716,2202,833,8659,211,522,22639,2401,256,431,28028,12842,ITC,ITC4,3,Lombardia,Lombardia,10060574,2069240,20.57,0.41
546,2021-02-23,LOM,11722,4780,6942,3945,1403,851,3,20,31,4312,0,991,166,11413,309,ITC,ITC4,3,Lombardia,Lombardia,10060574,2080962,20.68,0.12
547,2021-01-13,LOM,26211,8007,18204,15795,5794,4193,1,28,14,197,4,3,182,26211,0,ITC,ITC4,3,Lombardia,Lombardia,10060574,2107173,20.94,0.26
548,2021-03-14,LOM,14874,5348,9526,1520,1746,80,5450,99,117,5273,2,413,174,11585,3289,ITC,ITC4,3,Lombardia,Lombardia,10060574,2122047,21.09,0.15
549,2021-02-10,LOM,14389,4503,9886,8534,2364,3335,6,25,17,79,1,3,25,7569,6820,ITC,ITC4,3,Lombardia,Lombardia,10060574,2136436,21.24,0.14
550,2021-04-23,LOM,70069,31992,38077,1306,572,552,313,12192,30294,13484,10672,237,447,55344,14725,ITC,ITC4,3,Lombardia,Lombardia,10060574,2206505,21.93,0.7
551,2021-04-14,LOM,46580,20830,25750,922,738,669,784,290,24934,12154,5805,86,198,33770,12810,ITC,ITC4,3,Lombardia,Lombardia,10060574,2253085,22.4,0.46
552,2021-01-10,LOM,10518,3957,6561,8175,2197,85,1,4,1,12,5,2,36,10518,0,ITC,ITC4,3,Lombardia,Lombardia,10060574,2263603,22.5,0.1
553,2021-03-03,LOM,26900,11488,15412,6403,1783,1799,471,1269,1900,10199,11,2030,1035,19627,7273,ITC,ITC4,3,Lombardia,Lombardia,10060574,2290503,22.77,0.27
554,2021-01-25,LOM,7024,2372,4652,5632,941,218,0,26,3,15,0,0,189,488,6536,ITC,ITC4,3,Lombardia,Lombardia,10060574,2297527,22.84,0.07
555,2021-02-12,LOM,13915,4346,9569,8112,2723,2931,3,7,8,102,3,5,21,9025,4890,ITC,ITC4,3,Lombardia,Lombardia,10060574,2311442,22.98,0.14
556,2021-01-27,LOM,8043,2676,5367,6203,1338,434,2,22,3,1,0,0,40,820,7223,ITC,ITC4,3,Lombardia,Lombardia,10060574,2319485,23.06,0.08
557,2021-03-09,LOM,33225,12843,20382,6078,4092,2385,5482,434,352,12532,10,1464,396,25790,7435,ITC,ITC4,3,Lombardia,Lombardia,10060574,2352710,23.39,0.33
558,2021-02-06,LOM,15248,5527,9721,9853,3034,1896,3,42,13,75,2,1,329,1083,14165,ITC,ITC4,3,Lombardia,Lombardia,10060574,2367958,23.54,0.15
559,2021-02-13,LOM,6410,2440,3970,4174,1466,709,4,7,6,17,3,4,20,4937,1473,ITC,ITC4,3,Lombardia,Lombardia,10060574,2374368,23.6,0.06
560,2021-04-16,LOM,52876,23651,29225,1718,711,976,388,375,28382,13136,6877,113,200,38786,14090,ITC,ITC4,3,Lombardia,Lombardia,10060574,2427244,24.13,0.53
561,2021-04-12,LOM,46972,20486,26486,1133,900,500,1662,312,24471,13721,3999,76,198,32709,14263,ITC,ITC4,3,Lombardia,Lombardia,10060574,2474216,24.59,0.47
562,2021-01-02,LOM,199,72,127,178,16,0,0,1,0,0,0,0,4,199,0,ITC,ITC4,3,Lombardia,Lombardia,10060574,2474415,24.6,0.0
563,2021-02-02,LOM,19838,6580,13258,13495,4505,1684,1,6,4,76,0,7,60,489,19349,ITC,ITC4,3,Lombardia,Lombardia,10060574,2494253,24.79,0.2
564,2021-01-20,LOM,5578,1364,4214,2743,1176,1557,0,14,6,61,0,0,21,5463,115,ITC,ITC4,3,Lombardia,Lombardia,10060574,2499831,24.85,0.06
565,2021-01-15,LOM,25129,7417,17712,13798,5909,4736,9,54,24,316,3,2,278,25129,0,ITC,ITC4,3,Lombardia,Lombardia,10060574,2524960,25.1,0.25
566,2021-03-11,LOM,36096,13428,22668,5874,3535,2189,6670,225,296,15546,7,1295,459,26224,9872,ITC,ITC4,3,Lombardia,Lombardia,10060574,2561056,25.46,0.36
567,2021-01-11,LOM,16027,5326,10701,11818,3363,700,2,9,5,45,1,1,83,16027,0,ITC,ITC4,3,Lombardia,Lombardia,10060574,2577083,25.62,0.16
568,2021-03-02,LOM,22809,9690,13119,3192,1451,2200,130,1113,378,11263,8,1843,1231,19778,3031,ITC,ITC4,3,Lombardia,Lombardia,10060574,2599892,25.84,0.23
569,2021-04-07,LOM,50316,20804,29512,1729,1436,1183,2470,278,1909,36692,4177,68,374,34543,15773,ITC,ITC4,3,Lombardia,Lombardia,10060574,2650208,26.34,0.5
570,2021-01-23,LOM,1114,357,757,644,259,138,0,8,6,1,0,0,58,916,198,ITC,ITC4,3,Lombardia,Lombardia,10060574,2651322,26.35,0.01
571,2021-04-08,LOM,51772,21575,30197,2238,1363,909,1565,280,2238,37237,5391,69,482,35323,16449,ITC,ITC4,3,Lombardia,Lombardia,10060574,2703094,26.87,0.51
572,2021-02-11,LOM,16955,4993,11962,9703,3316,3865,6,3,2,33,1,4,22,9613,7342,ITC,ITC4,3,Lombardia,Lombardia,10060574,2720049,27.04,0.17
573,2021-01-14,LOM,26721,7768,18953,15203,5577,5453,2,34,14,249,3,1,185,26721,0,ITC,ITC4,3,Lombardia,Lombardia,10060574,2746770,27.3,0.27
574,2021-03-13,LOM,27112,9751,17361,3750,2789,264,8141,222,681,10336,15,639,275,21048,6064,ITC,ITC4,3,Lombardia,Lombardia,10060574,2773882,27.57,0.27
575,2021-01-04,TOS,5065,1894,3171,4100,29,933,0,0,0,0,0,0,3,5065,0,ITI,ITI1,9,Toscana,Toscana,3729641,5065,0.14,0.14
576,2021-03-11,TOS,15461,5982,9479,2440,907,270,12,0,7,10298,1293,217,17,12142,3319,ITI,ITI1,9,Toscana,Toscana,3729641,20526,0.55,0.41
577,2021-03-03,TOS,18137,6469,11668,3324,1083,135,3446,3,0,9182,1,953,10,14532,3605,ITI,ITI1,9,Toscana,Toscana,3729641,38663,1.04,0.49
578,2021-02-20,TOS,4641,1790,2851,3350,1038,203,18,0,0,17,0,15,0,4128,513,ITI,ITI1,9,Toscana,Toscana,3729641,43304,1.16,0.12
579,2021-01-19,TOS,1104,531,573,392,220,491,0,0,0,0,0,0,1,1104,0,ITI,ITI1,9,Toscana,Toscana,3729641,44408,1.19,0.03
580,2021-03-18,TOS,9944,3970,5974,438,562,280,3,2,3,7773,871,7,5,5984,3960,ITI,ITI1,9,Toscana,Toscana,3729641,54352,1.46,0.27
581,2021-02-13,TOS,7784,2360,5424,3667,574,163,1,0,2,0,0,186,3191,7557,227,ITI,ITI1,9,Toscana,Toscana,3729641,62136,1.67,0.21
582,2021-04-05,TOS,15278,6823,8455,27,52,0,35,12,13541,256,1328,4,23,14541,737,ITI,ITI1,9,Toscana,Toscana,3729641,77414,2.08,0.41
583,2021-04-23,TOS,22831,10288,12543,328,241,61,6,130,398,14395,7160,11,101,8225,14606,ITI,ITI1,9,Toscana,Toscana,3729641,100245,2.69,0.61
584,2021-02-01,TOS,5508,1958,3550,4485,403,616,0,0,0,0,0,0,4,520,4988,ITI,ITI1,9,Toscana,Toscana,3729641,105753,2.84,0.15
585,2021-02-25,TOS,10630,4303,6327,1078,1634,259,3199,0,1,3230,5,1220,4,9632,998,ITI,ITI1,9,Toscana,Toscana,3729641,116383,3.12,0.29
586,2021-01-03,TOS,3336,1052,2284,2565,9,762,0,0,0,0,0,0,0,3336,0,ITI,ITI1,9,Toscana,Toscana,3729641,119719,3.21,0.09
587,2021-02-06,TOS,4527,1550,2977,3725,574,227,0,0,0,0,0,0,1,1294,3233,ITI,ITI1,9,Toscana,Toscana,3729641,124246,3.33,0.12
588,2021-01-22,TOS,2866,1064,1802,2026,81,758,0,0,0,0,1,0,0,528,2338,ITI,ITI1,9,Toscana,Toscana,3729641,127112,3.41,0.08
589,2021-02-12,TOS,7606,2683,4923,3742,380,188,0,0,1,3,0,402,2890,7393,213,ITI,ITI1,9,Toscana,Toscana,3729641,134718,3.61,0.2
590,2021-04-17,TOS,20239,9057,11182,504,388,83,1,22,7391,5850,5970,8,22,18173,2066,ITI,ITI1,9,Toscana,Toscana,3729641,154957,4.15,0.54
591,2021-03-08,TOS,6346,2610,3736,4063,747,191,8,0,0,66,965,304,2,1527,4819,ITI,ITI1,9,Toscana,Toscana,3729641,161303,4.32,0.17
592,2021-04-13,TOS,8423,3478,4945,250,462,266,5,35,53,5491,1819,30,12,5985,2438,ITI,ITI1,9,Toscana,Toscana,3729641,169726,4.55,0.23
593,2021-02-26,TOS,10072,3830,6242,1556,1653,298,3562,0,0,1814,2,1187,0,8866,1206,ITI,ITI1,9,Toscana,Toscana,3729641,179798,4.82,0.27
594,2021-04-22,TOS,34713,14855,19858,313,451,135,6,121,7330,19678,6552,14,113,17891,16822,ITI,ITI1,9,Toscana,Toscana,3729641,214511,5.75,0.93
595,2021-02-03,TOS,4221,1452,2769,3475,239,505,0,0,0,1,0,0,1,241,3980,ITI,ITI1,9,Toscana,Toscana,3729641,218732,5.86,0.11
596,2021-04-16,TOS,28610,12743,15867,521,522,92,2,64,6599,14958,5782,22,48,21868,6742,ITI,ITI1,9,Toscana,Toscana,3729641,247342,6.63,0.77
597,2021-01-23,TOS,3949,1354,2595,2936,170,841,0,0,0,0,0,0,2,640,3309,ITI,ITI1,9,Toscana,Toscana,3729641,251291,6.74,0.11
598,2021-03-22,TOS,4836,2398,2438,221,366,380,314,27,2418,474,466,135,35,4393,443,ITI,ITI1,9,Toscana,Toscana,3729641,256127,6.87,0.13
599,2021-04-08,TOS,29440,12444,16996,264,320,186,5,63,1784,23511,3228,17,62,23116,6324,ITI,ITI1,9,Toscana,Toscana,3729641,285567,7.66,0.79
600,2021-03-30,TOS,16739,7420,9319,211,149,250,113,13,4545,8499,2731,210,18,13177,3562,ITI,ITI1,9,Toscana,Toscana,3729641,302306,8.11,0.45
601,2021-01-24,TOS,3349,1073,2276,2602,35,709,0,0,0,1,0,0,2,201,3148,ITI,ITI1,9,Toscana,Toscana,3729641,305655,8.2,0.09
602,2021-03-25,TOS,23499,10078,13421,225,313,406,710,46,2778,16041,2659,247,74,15198,8301,ITI,ITI1,9,Toscana,Toscana,3729641,329154,8.83,0.63
603,2021-03-02,TOS,10584,3788,6796,3170,986,154,3512,0,0,1848,0,910,4,7140,3444,ITI,ITI1,9,Toscana,Toscana,3729641,339738,9.11,0.28
604,2021-01-14,TOS,3254,1179,2075,2459,475,320,0,0,0,0,0,0,0,3254,0,ITI,ITI1,9,Toscana,Toscana,3729641,342992,9.2,0.09
605,2021-04-19,TOS,9052,4491,4561,634,245,73,7,24,378,496,7190,2,3,8035,1017,ITI,ITI1,9,Toscana,Toscana,3729641,352044,9.44,0.24
606,2021-02-15,TOS,8768,3374,5394,4536,922,216,1138,0,0,56,0,801,1099,7943,825,ITI,ITI1,9,Toscana,Toscana,3729641,360812,9.67,0.24
607,2021-03-19,TOS,10117,4450,5667,641,442,303,35,22,2644,5264,712,13,41,7268,2849,ITI,ITI1,9,Toscana,Toscana,3729641,370929,9.95,0.27
608,2021-03-04,TOS,17522,6677,10845,2816,953,274,3694,2,8,8228,597,945,5,14440,3082,ITI,ITI1,9,Toscana,Toscana,3729641,388451,10.42,0.47
609,2021-01-17,TOS,2535,871,1664,2002,293,240,0,0,0,0,0,0,0,2022,513,ITI,ITI1,9,Toscana,Toscana,3729641,390986,10.48,0.07
610,2021-04-14,TOS,19930,8227,11703,398,405,122,1,31,134,16551,2240,10,38,14896,5034,ITI,ITI1,9,Toscana,Toscana,3729641,410916,11.02,0.53
611,2021-03-28,TOS,6196,2800,3396,37,26,145,89,22,2401,893,2543,22,18,5942,254,ITI,ITI1,9,Toscana,Toscana,3729641,417112,11.18,0.17
612,2021-04-02,TOS,31802,13465,18337,297,64,370,6,15,8606,19743,2548,115,38,23814,7988,ITI,ITI1,9,Toscana,Toscana,3729641,448914,12.04,0.85
613,2021-04-03,TOS,14973,6625,8348,101,42,99,13,16,6587,4899,3180,10,26,13834,1139,ITI,ITI1,9,Toscana,Toscana,3729641,463887,12.44,0.4
614,2021-02-18,TOS,8817,3285,5532,2924,1447,230,3142,0,0,214,0,860,0,7923,894,ITI,ITI1,9,Toscana,Toscana,3729641,472704,12.67,0.24
615,2021-03-15,TOS,8312,3309,5003,3214,1609,404,2281,0,2,36,325,438,3,3870,4442,ITI,ITI1,9,Toscana,Toscana,3729641,481016,12.9,0.22
616,2021-01-15,TOS,3878,1347,2531,2758,674,444,0,0,0,0,0,0,2,3878,0,ITI,ITI1,9,Toscana,Toscana,3729641,484894,13.0,0.1
617,2021-01-21,TOS,1589,686,903,579,220,790,0,0,0,0,0,0,0,867,722,ITI,ITI1,9,Toscana,Toscana,3729641,486483,13.04,0.04
618,2021-03-27,TOS,8820,4119,4701,113,71,242,198,17,3197,2074,2837,51,20,8605,215,ITI,ITI1,9,Toscana,Toscana,3729641,495303,13.28,0.24
619,2021-03-20,TOS,6489,2882,3607,914,563,165,34,4,3576,773,423,27,10,5354,1135,ITI,ITI1,9,Toscana,Toscana,3729641,501792,13.45,0.17
620,2021-02-17,TOS,8173,3168,5005,3464,1122,249,2485,0,0,218,0,635,0,7422,751,ITI,ITI1,9,Toscana,Toscana,3729641,509965,13.67,0.22
621,2021-04-09,TOS,24315,10455,13860,241,121,219,3,41,94,20123,3424,17,32,20942,3373,ITI,ITI1,9,Toscana,Toscana,3729641,534280,14.33,0.65
622,2021-02-23,TOS,7720,3324,4396,1490,1512,204,2831,0,0,510,1,1170,2,7559,161,ITI,ITI1,9,Toscana,Toscana,3729641,542000,14.53,0.21
623,2021-02-24,TOS,10370,4466,5904,81,1513,301,2947,0,0,4141,0,1382,5,10169,201,ITI,ITI1,9,Toscana,Toscana,3729641,552370,14.81,0.28
624,2021-03-07,TOS,5647,2356,3291,3103,642,123,774,0,0,15,417,573,0,2105,3542,ITI,ITI1,9,Toscana,Toscana,3729641,558017,14.96,0.15
625,2021-01-13,TOS,4062,1398,2664,3308,348,404,0,0,0,0,0,0,2,4062,0,ITI,ITI1,9,Toscana,Toscana,3729641,562079,15.07,0.11
626,2021-02-16,TOS,9268,3338,5930,5084,952,178,2323,0,0,10,0,720,1,8557,711,ITI,ITI1,9,Toscana,Toscana,3729641,571347,15.32,0.25
627,2021-04-04,TOS,13906,6599,7307,17,20,1,52,14,12884,170,723,5,20,13654,252,ITI,ITI1,9,Toscana,Toscana,3729641,585253,15.69,0.37
628,2021-03-01,TOS,4387,1671,2716,3192,597,137,25,0,0,9,1,424,2,747,3640,ITI,ITI1,9,Toscana,Toscana,3729641,589640,15.81,0.12
629,2021-04-18,TOS,8124,3979,4145,314,216,67,2,25,676,1363,5430,4,27,7185,939,ITI,ITI1,9,Toscana,Toscana,3729641,597764,16.03,0.22
630,2021-01-07,TOS,6018,1751,4267,5308,29,680,0,0,0,0,0,0,1,6018,0,ITI,ITI1,9,Toscana,Toscana,3729641,603782,16.19,0.16
631,2021-03-31,TOS,32443,13060,19383,278,97,264,3699,64,2643,23344,1482,441,131,20331,12112,ITI,ITI1,9,Toscana,Toscana,3729641,636225,17.06,0.87
632,2021-01-09,TOS,4485,1596,2889,3780,143,560,0,0,0,1,0,0,1,4485,0,ITI,ITI1,9,Toscana,Toscana,3729641,640710,17.18,0.12
633,2021-02-28,TOS,1649,667,982,1111,202,78,9,0,0,0,0,249,0,922,727,ITI,ITI1,9,Toscana,Toscana,3729641,642359,17.22,0.04
634,2021-04-24,TOS,5170,2458,2712,59,97,13,2,29,94,2571,2270,1,34,2078,3092,ITI,ITI1,9,Toscana,Toscana,3729641,647529,17.36,0.14
635,2021-01-31,TOS,3049,1129,1920,2465,133,448,0,0,0,1,0,0,2,106,2943,ITI,ITI1,9,Toscana,Toscana,3729641,650578,17.44,0.08
636,2021-04-01,TOS,26739,11013,15726,246,106,303,6,5,30,24468,1395,149,31,16172,10567,ITI,ITI1,9,Toscana,Toscana,3729641,677317,18.16,0.72
637,2021-02-21,TOS,5105,2089,3016,3666,1220,195,9,0,0,2,0,13,0,4935,170,ITI,ITI1,9,Toscana,Toscana,3729641,682422,18.3,0.14
638,2021-01-16,TOS,3271,1046,2225,2493,538,240,0,0,0,0,0,0,0,3271,0,ITI,ITI1,9,Toscana,Toscana,3729641,685693,18.38,0.09
639,2021-02-04,TOS,4253,1594,2659,3168,623,456,0,0,0,5,0,0,1,961,3292,ITI,ITI1,9,Toscana,Toscana,3729641,689946,18.5,0.11
640,2021-03-26,TOS,20332,9128,11204,250,325,213,333,27,3493,11844,3657,145,45,14610,5722,ITI,ITI1,9,Toscana,Toscana,3729641,710278,19.04,0.55
641,2021-04-06,TOS,22112,9749,12363,805,397,136,1626,125,10038,5635,2910,165,275,18404,3708,ITI,ITI1,9,Toscana,Toscana,3729641,732390,19.64,0.59
642,2021-01-10,TOS,3001,1104,1897,2432,134,431,0,1,0,0,0,0,3,3001,0,ITI,ITI1,9,Toscana,Toscana,3729641,735391,19.72,0.08
643,2021-01-20,TOS,1331,637,694,435,255,640,0,0,0,0,0,0,1,1083,248,ITI,ITI1,9,Toscana,Toscana,3729641,736722,19.75,0.04
644,2021-01-28,TOS,6282,1883,4399,5427,64,788,0,0,0,1,0,0,2,354,5928,ITI,ITI1,9,Toscana,Toscana,3729641,743004,19.92,0.17
645,2021-04-07,TOS,35491,15240,20251,309,594,98,20,57,11342,19793,3091,64,123,28287,7204,ITI,ITI1,9,Toscana,Toscana,3729641,778495,20.87,0.95
646,2021-01-11,TOS,5094,1691,3403,4362,209,522,0,0,0,0,0,0,1,5094,0,ITI,ITI1,9,Toscana,Toscana,3729641,783589,21.01,0.14
647,2021-04-12,TOS,2600,1177,1423,168,440,225,6,3,11,377,1364,4,2,1948,652,ITI,ITI1,9,Toscana,Toscana,3729641,786189,21.08,0.07
648,2021-01-25,TOS,5126,1896,3230,4160,54,909,0,0,0,1,0,0,2,249,4877,ITI,ITI1,9,Toscana,Toscana,3729641,791315,21.22,0.14
649,2021-04-11,TOS,3565,1645,1920,61,87,98,4,6,67,1608,1630,0,4,3412,153,ITI,ITI1,9,Toscana,Toscana,3729641,794880,21.31,0.1
650,2021-03-09,TOS,10588,4090,6498,4806,907,180,11,2,3,3299,1163,214,3,5036,5552,ITI,ITI1,9,Toscana,Toscana,3729641,805468,21.6,0.28
651,2021-02-27,TOS,1944,723,1221,1352,311,132,19,0,0,1,0,128,1,1042,902,ITI,ITI1,9,Toscana,Toscana,3729641,807412,21.65,0.05
652,2021-01-02,TOS,3497,1096,2401,2681,15,801,0,0,0,0,0,0,0,3497,0,ITI,ITI1,9,Toscana,Toscana,3729641,810909,21.74,0.09
653,2021-03-24,TOS,19612,7947,11665,222,385,195,773,51,2845,13968,871,224,78,10162,9450,ITI,ITI1,9,Toscana,Toscana,3729641,830521,22.27,0.53
654,2021-03-23,TOS,9059,4082,4977,310,312,328,338,52,2820,4028,659,148,64,6814,2245,ITI,ITI1,9,Toscana,Toscana,3729641,839580,22.51,0.24
655,2021-02-05,TOS,5749,2245,3504,4122,1180,442,0,0,0,1,0,0,4,1924,3825,ITI,ITI1,9,Toscana,Toscana,3729641,845329,22.67,0.15
656,2021-02-02,TOS,3742,1475,2267,3021,283,422,0,0,0,6,0,6,4,195,3547,ITI,ITI1,9,Toscana,Toscana,3729641,849071,22.77,0.1
657,2021-02-11,TOS,5383,2021,3362,2809,284,323,11,0,0,12,0,10,1934,5141,242,ITI,ITI1,9,Toscana,Toscana,3729641,854454,22.91,0.14
658,2021-04-10,TOS,11642,5310,6332,289,195,117,3,24,80,8057,2847,10,20,10897,745,ITI,ITI1,9,Toscana,Toscana,3729641,866096,23.22,0.31
659,2021-03-13,TOS,9274,3300,5974,2835,1697,68,3740,0,2,178,384,369,1,5312,3962,ITI,ITI1,9,Toscana,Toscana,3729641,875370,23.47,0.25
660,2021-01-18,TOS,1119,636,483,430,313,375,0,0,0,0,0,0,1,1021,98,ITI,ITI1,9,Toscana,Toscana,3729641,876489,23.5,0.03
661,2021-02-10,TOS,4264,1281,2983,3536,239,485,0,1,1,1,0,1,0,3740,524,ITI,ITI1,9,Toscana,Toscana,3729641,880753,23.61,0.11
662,2021-01-27,TOS,4834,1572,3262,4018,73,742,0,0,0,0,0,0,1,207,4627,ITI,ITI1,9,Toscana,Toscana,3729641,885587,23.74,0.13
663,2021-02-22,TOS,9817,4253,5564,3483,2234,316,2703,0,0,22,0,1058,1,9540,277,ITI,ITI1,9,Toscana,Toscana,3729641,895404,24.01,0.26
664,2021-04-15,TOS,24008,10034,13974,357,299,174,5,33,132,20038,2911,11,48,15655,8353,ITI,ITI1,9,Toscana,Toscana,3729641,919412,24.65,0.64
665,2021-01-06,TOS,4519,1459,3060,3984,9,525,0,0,0,0,0,0,1,4519,0,ITI,ITI1,9,Toscana,Toscana,3729641,923931,24.77,0.12
666,2021-03-29,TOS,9375,4578,4797,227,140,244,200,15,4855,774,2707,197,16,9051,324,ITI,ITI1,9,Toscana,Toscana,3729641,933306,25.02,0.25
667,2021-02-07,TOS,2806,953,1853,2349,299,157,0,0,0,0,0,0,1,885,1921,ITI,ITI1,9,Toscana,Toscana,3729641,936112,25.1,0.08
668,2021-01-01,TOS,2369,787,1582,1715,2,650,0,0,0,2,0,0,0,2369,0,ITI,ITI1,9,Toscana,Toscana,3729641,938481,25.16,0.06
669,2021-01-08,TOS,5944,1641,4303,5360,36,545,0,0,0,0,0,0,3,5944,0,ITI,ITI1,9,Toscana,Toscana,3729641,944425,25.32,0.16
670,2021-03-05,TOS,16461,6317,10144,3921,1684,170,3871,0,2,5292,656,861,4,11721,4740,ITI,ITI1,9,Toscana,Toscana,3729641,960886,25.76,0.44
671,2021-01-05,TOS,5243,1754,3489,4354,9,878,0,0,0,0,0,0,2,5243,0,ITI,ITI1,9,Toscana,Toscana,3729641,966129,25.9,0.14
672,2021-01-12,TOS,3581,1398,2183,2944,282,354,0,0,0,0,0,0,1,3581,0,ITI,ITI1,9,Toscana,Toscana,3729641,969710,26.0,0.1
673,2021-02-08,TOS,4097,1360,2737,3373,343,377,0,0,0,2,0,0,2,3638,459,ITI,ITI1,9,Toscana,Toscana,3729641,973807,26.11,0.11
674,2021-01-30,TOS,4622,1622,3000,3765,218,638,0,0,0,0,0,0,1,198,4424,ITI,ITI1,9,Toscana,Toscana,3729641,978429,26.23,0.12
675,2021-04-20,TOS,17965,8025,9940,224,295,70,3,37,7068,6381,3861,3,23,12538,5427,ITI,ITI1,9,Toscana,Toscana,3729641,996394,26.72,0.48
676,2021-01-29,TOS,6136,1698,4438,5375,138,622,0,0,0,0,0,0,1,302,5834,ITI,ITI1,9,Toscana,Toscana,3729641,1002530,26.88,0.16
677,2021-03-12,TOS,16499,6211,10288,2612,1587,303,3922,3,4,7024,302,728,14,12972,3527,ITI,ITI1,9,Toscana,Toscana,3729641,1019029,27.32,0.44
678,2021-03-21,TOS,3232,1574,1658,660,796,77,12,0,1245,274,160,6,2,1799,1433,ITI,ITI1,9,Toscana,Toscana,3729641,1022261,27.41,0.09
679,2021-03-10,TOS,17962,7042,10920,3006,851,271,14,3,3,12269,1317,217,11,13947,4015,ITI,ITI1,9,Toscana,Toscana,3729641,1040223,27.89,0.48
680,2021-02-19,TOS,8286,2947,5339,2967,1207,245,3105,0,0,154,1,605,2,7779,507,ITI,ITI1,9,Toscana,Toscana,3729641,1048509,28.11,0.22
681,2020-12-27,TOS,620,267,353,460,10,13,0,23,4,5,0,0,105,620,0,ITI,ITI1,9,Toscana,Toscana,3729641,1049129,28.13,0.02
682,2020-12-30,TOS,327,104,223,34,10,283,0,0,0,0,0,0,0,327,0,ITI,ITI1,9,Toscana,Toscana,3729641,1049456,28.14,0.01
683,2021-03-16,TOS,4885,1875,3010,1551,426,124,16,1,5,2104,642,13,3,2649,2236,ITI,ITI1,9,Toscana,Toscana,3729641,1054341,28.27,0.13
684,2021-03-06,TOS,7095,2838,4257,3803,657,145,1146,0,2,30,918,394,0,2904,4191,ITI,ITI1,9,Toscana,Toscana,3729641,1061436,28.46,0.19
685,2021-04-21,TOS,29106,12463,16643,293,281,76,2,127,7358,16441,4397,16,115,17286,11820,ITI,ITI1,9,Toscana,Toscana,3729641,1090542,29.24,0.78
686,2021-03-14,TOS,7207,2574,4633,3104,1195,122,2476,0,1,44,26,239,0,3272,3935,ITI,ITI1,9,Toscana,Toscana,3729641,1097749,29.43,0.19
687,2021-02-09,TOS,4488,1468,3020,3582,386,514,0,0,0,4,0,0,2,3877,611,ITI,ITI1,9,Toscana,Toscana,3729641,1102237,29.55,0.12
688,2021-03-17,TOS,11406,4582,6824,364,327,189,2,5,8,9757,740,2,12,6880,4526,ITI,ITI1,9,Toscana,Toscana,3729641,1113643,29.86,0.31
689,2021-02-14,TOS,8996,2567,6429,3033,549,81,8,2,1,0,0,261,5061,8886,110,ITI,ITI1,9,Toscana,Toscana,3729641,1122639,30.1,0.24
690,2021-01-26,TOS,5393,1792,3601,4358,81,951,0,0,0,0,0,0,3,219,5174,ITI,ITI1,9,Toscana,Toscana,3729641,1128032,30.25,0.14
691,2020-12-31,TOS,805,202,603,97,10,698,0,0,0,0,0,0,0,805,0,ITI,ITI1,9,Toscana,Toscana,3729641,1128837,30.27,0.02
692,2021-01-07,LIG,3230,1095,2135,2340,316,466,4,18,5,0,0,1,80,3230,0,ITC,ITC3,7,Liguria,Liguria,1550640,3230,0.21,0.21
693,2021-01-08,LIG,2926,999,1927,2083,343,431,4,12,0,0,0,1,52,2926,0,ITC,ITC3,7,Liguria,Liguria,1550640,6156,0.4,0.19
694,2021-02-18,LIG,2761,1126,1635,958,195,349,2,22,7,1006,35,0,187,2431,330,ITC,ITC3,7,Liguria,Liguria,1550640,8917,0.58,0.18
695,2021-02-19,LIG,3096,1279,1817,989,245,97,3,39,22,1450,0,4,247,2920,176,ITC,ITC3,7,Liguria,Liguria,1550640,12013,0.77,0.2
696,2021-04-10,LIG,7429,3375,4054,213,90,34,9,164,3763,1327,1616,6,207,6751,678,ITC,ITC3,7,Liguria,Liguria,1550640,19442,1.25,0.48
697,2021-02-11,LIG,1963,761,1202,1242,229,456,6,2,1,0,4,0,23,1093,870,ITC,ITC3,7,Liguria,Liguria,1550640,21405,1.38,0.13
698,2021-03-13,LIG,3576,1517,2059,332,120,71,790,100,45,1533,11,179,395,2722,854,ITC,ITC3,7,Liguria,Liguria,1550640,24981,1.61,0.23
699,2021-01-18,LIG,2133,744,1389,1251,385,438,10,12,5,1,0,0,31,1976,157,ITC,ITC3,7,Liguria,Liguria,1550640,27114,1.75,0.14
700,2021-02-22,LIG,3328,1462,1866,712,104,235,2,2,13,2236,0,7,17,3190,138,ITC,ITC3,7,Liguria,Liguria,1550640,30442,1.96,0.21
701,2021-03-16,LIG,6068,2718,3350,935,176,323,6,35,77,4275,142,14,85,2351,3717,ITC,ITC3,7,Liguria,Liguria,1550640,36510,2.35,0.39
702,2020-12-29,LIG,125,33,92,93,11,21,0,0,0,0,0,0,0,125,0,ITC,ITC3,7,Liguria,Liguria,1550640,36635,2.36,0.01
703,2021-03-26,LIG,9121,3853,5268,602,325,65,1297,221,265,3896,1839,377,234,5967,3154,ITC,ITC3,7,Liguria,Liguria,1550640,45756,2.95,0.59
704,2021-03-12,LIG,6029,2770,3259,1206,458,84,4,77,79,3385,53,590,93,3563,2466,ITC,ITC3,7,Liguria,Liguria,1550640,51785,3.34,0.39
705,2021-04-02,LIG,11355,4979,6376,430,225,31,906,351,2892,3624,2463,139,294,8869,2486,ITC,ITC3,7,Liguria,Liguria,1550640,63140,4.07,0.73
706,2021-01-16,LIG,1278,557,721,753,196,299,1,4,2,0,1,0,22,1278,0,ITC,ITC3,7,Liguria,Liguria,1550640,64418,4.15,0.08
707,2021-04-04,LIG,756,366,390,30,0,0,0,36,64,325,222,0,79,507,249,ITC,ITC3,7,Liguria,Liguria,1550640,65174,4.2,0.05
708,2021-01-01,LIG,144,55,89,139,5,0,0,0,0,0,0,0,0,144,0,ITC,ITC3,7,Liguria,Liguria,1550640,65318,4.21,0.01
709,2021-01-05,LIG,2879,896,1983,2308,240,261,7,7,1,17,0,0,38,2879,0,ITC,ITC3,7,Liguria,Liguria,1550640,68197,4.4,0.19
710,2021-04-01,LIG,12028,5316,6712,437,239,141,939,343,3143,3710,2549,188,339,9258,2770,ITC,ITC3,7,Liguria,Liguria,1550640,80225,5.17,0.78
711,2021-01-20,LIG,1547,553,994,726,332,479,2,0,2,0,0,0,6,1535,12,ITC,ITC3,7,Liguria,Liguria,1550640,81772,5.27,0.1
712,2021-04-03,LIG,5191,2389,2802,116,78,3,19,135,2209,1395,1123,9,104,4249,942,ITC,ITC3,7,Liguria,Liguria,1550640,86963,5.61,0.33
713,2021-01-15,LIG,2254,753,1501,1326,349,517,2,8,1,2,1,0,48,2254,0,ITC,ITC3,7,Liguria,Liguria,1550640,89217,5.75,0.15
714,2021-01-06,LIG,1660,616,1044,1230,142,113,3,36,10,65,0,0,61,1660,0,ITC,ITC3,7,Liguria,Liguria,1550640,90877,5.86,0.11
715,2021-01-10,LIG,648,262,386,369,101,176,0,1,0,0,0,0,1,648,0,ITC,ITC3,7,Liguria,Liguria,1550640,91525,5.9,0.04
716,2021-02-02,LIG,2668,1005,1663,1974,216,464,2,2,0,0,0,0,10,134,2534,ITC,ITC3,7,Liguria,Liguria,1550640,94193,6.07,0.17
717,2021-04-07,LIG,13027,5778,7249,431,294,108,571,469,3904,4157,2594,148,351,10867,2160,ITC,ITC3,7,Liguria,Liguria,1550640,107220,6.91,0.84
718,2021-01-28,LIG,2841,969,1872,2239,270,310,5,0,0,1,0,1,15,39,2802,ITC,ITC3,7,Liguria,Liguria,1550640,110061,7.1,0.18
719,2021-01-02,LIG,691,245,446,595,95,0,0,0,0,0,0,0,1,691,0,ITC,ITC3,7,Liguria,Liguria,1550640,110752,7.14,0.04
720,2021-04-09,LIG,11955,5370,6585,526,353,79,580,433,3881,3501,2231,61,310,10347,1608,ITC,ITC3,7,Liguria,Liguria,1550640,122707,7.91,0.77
721,2021-01-11,LIG,2654,990,1664,1992,314,316,1,7,0,0,0,0,24,2654,0,ITC,ITC3,7,Liguria,Liguria,1550640,125361,8.08,0.17
722,2021-01-14,LIG,2982,1056,1926,1872,524,553,1,5,0,0,0,2,25,2982,0,ITC,ITC3,7,Liguria,Liguria,1550640,128343,8.28,0.19
723,2021-03-03,LIG,4578,1846,2732,1039,202,308,4,4,5,2982,0,4,30,3555,1023,ITC,ITC3,7,Liguria,Liguria,1550640,132921,8.57,0.3
724,2021-01-09,LIG,1335,481,854,999,131,188,2,4,0,0,0,1,10,1335,0,ITC,ITC3,7,Liguria,Liguria,1550640,134256,8.66,0.09
725,2021-02-16,LIG,2393,950,1443,982,238,283,2,19,4,704,12,0,149,2000,393,ITC,ITC3,7,Liguria,Liguria,1550640,136649,8.81,0.15
726,2021-04-18,LIG,2574,1147,1427,217,93,44,1,19,795,520,879,0,6,2105,469,ITC,ITC3,7,Liguria,Liguria,1550640,139223,8.98,0.17
727,2021-04-24,LIG,1632,770,862,29,22,0,2,373,460,175,482,1,88,992,640,ITC,ITC3,7,Liguria,Liguria,1550640,140855,9.08,0.11
728,2021-02-10,LIG,2280,830,1450,1354,391,496,5,6,2,5,0,0,21,1014,1266,ITC,ITC3,7,Liguria,Liguria,1550640,143135,9.23,0.15
729,2021-01-31,LIG,624,270,354,418,71,135,0,0,0,0,0,0,0,9,615,ITC,ITC3,7,Liguria,Liguria,1550640,143759,9.27,0.04
730,2021-02-20,LIG,1335,636,699,160,107,122,0,34,5,589,0,4,314,1334,1,ITC,ITC3,7,Liguria,Liguria,1550640,145094,9.36,0.09
731,2021-01-21,LIG,1102,385,717,584,159,332,0,2,2,1,0,0,22,672,430,ITC,ITC3,7,Liguria,Liguria,1550640,146196,9.43,0.07
732,2021-02-23,LIG,3804,1559,2245,687,163,116,1,5,5,2749,42,4,32,3695,109,ITC,ITC3,7,Liguria,Liguria,1550640,150000,9.67,0.25
733,2021-02-26,LIG,3760,1521,2239,782,147,168,2,16,26,2604,0,0,15,3433,327,ITC,ITC3,7,Liguria,Liguria,1550640,153760,9.92,0.24
734,2021-04-11,LIG,4206,1913,2293,66,57,24,73,66,2078,624,1169,10,39,3957,249,ITC,ITC3,7,Liguria,Liguria,1550640,157966,10.19,0.27
735,2021-02-13,LIG,1080,508,572,543,80,148,0,0,0,257,0,2,50,800,280,ITC,ITC3,7,Liguria,Liguria,1550640,159046,10.26,0.07
736,2021-02-24,LIG,3760,1558,2202,804,193,154,1,2,6,2581,1,0,18,3501,259,ITC,ITC3,7,Liguria,Liguria,1550640,162806,10.5,0.24
737,2021-03-20,LIG,2316,995,1321,224,81,0,0,12,44,1857,12,67,19,1142,1174,ITC,ITC3,7,Liguria,Liguria,1550640,165122,10.65,0.15
738,2021-02-17,LIG,2623,1165,1458,883,202,262,1,15,8,1121,0,8,123,2260,363,ITC,ITC3,7,Liguria,Liguria,1550640,167745,10.82,0.17
739,2021-03-06,LIG,3302,1841,1461,377,151,120,1,58,6,1537,0,559,493,2597,705,ITC,ITC3,7,Liguria,Liguria,1550640,171047,11.03,0.21
740,2021-01-25,LIG,2717,888,1829,2208,175,317,2,5,1,0,0,0,9,471,2246,ITC,ITC3,7,Liguria,Liguria,1550640,173764,11.21,0.18
741,2021-04-12,LIG,12048,5318,6730,528,224,111,45,529,3981,4086,2150,68,326,10148,1900,ITC,ITC3,7,Liguria,Liguria,1550640,185812,11.98,0.78
742,2021-02-12,LIG,1915,685,1230,868,203,393,1,2,1,431,0,7,9,896,1019,ITC,ITC3,7,Liguria,Liguria,1550640,187727,12.11,0.12
743,2021-03-10,LIG,5757,2783,2974,823,353,95,1,23,28,3634,43,610,147,3853,1904,ITC,ITC3,7,Liguria,Liguria,1550640,193484,12.48,0.37
744,2021-04-22,LIG,12969,5808,7161,517,120,39,534,2414,2969,2974,2924,135,343,7909,5060,ITC,ITC3,7,Liguria,Liguria,1550640,206453,13.31,0.84
745,2021-03-27,LIG,3919,1538,2381,176,175,36,706,26,89,2057,502,92,60,2524,1395,ITC,ITC3,7,Liguria,Liguria,1550640,210372,13.57,0.25
746,2021-03-31,LIG,11409,4998,6411,526,177,86,877,346,2227,4216,2431,219,304,8640,2769,ITC,ITC3,7,Liguria,Liguria,1550640,221781,14.3,0.74
747,2021-04-08,LIG,13018,5808,7210,686,320,109,645,437,3838,3804,2772,76,331,11093,1925,ITC,ITC3,7,Liguria,Liguria,1550640,234799,15.14,0.84
748,2021-03-02,LIG,4072,1687,2385,726,93,76,4,8,16,3088,42,3,16,3762,310,ITC,ITC3,7,Liguria,Liguria,1550640,238871,15.4,0.26
749,2021-03-01,LIG,3500,1427,2073,528,81,106,1,4,6,2751,0,0,23,3378,122,ITC,ITC3,7,Liguria,Liguria,1550640,242371,15.63,0.23
750,2021-03-30,LIG,11716,5178,6538,483,255,152,849,315,1988,4296,2812,280,286,8327,3389,ITC,ITC3,7,Liguria,Liguria,1550640,254087,16.39,0.76
751,2021-03-08,LIG,5621,2456,3165,1123,319,80,7,35,15,3570,11,384,77,3936,1685,ITC,ITC3,7,Liguria,Liguria,1550640,259708,16.75,0.36
752,2021-04-17,LIG,7055,3073,3982,177,150,106,4,1136,2497,1493,1320,8,164,6323,732,ITC,ITC3,7,Liguria,Liguria,1550640,266763,17.2,0.45
753,2021-03-17,LIG,5553,2369,3184,784,156,93,8,20,74,4258,109,4,47,2476,3077,ITC,ITC3,7,Liguria,Liguria,1550640,272316,17.56,0.36
754,2021-02-04,LIG,2814,985,1829,1866,460,471,8,0,0,0,0,1,8,179,2635,ITC,ITC3,7,Liguria,Liguria,1550640,275130,17.74,0.18
755,2021-01-23,LIG,809,295,514,633,129,43,1,2,1,0,0,0,0,153,656,ITC,ITC3,7,Liguria,Liguria,1550640,275939,17.8,0.05
756,2021-04-06,LIG,12496,5554,6942,538,264,208,550,351,3633,4017,2443,134,358,10377,2119,ITC,ITC3,7,Liguria,Liguria,1550640,288435,18.6,0.81
757,2021-02-15,LIG,2260,838,1422,1087,217,241,2,13,1,663,0,1,35,1863,397,ITC,ITC3,7,Liguria,Liguria,1550640,290695,18.75,0.15
758,2021-02-28,LIG,1060,581,479,12,2,4,0,63,7,474,0,0,498,1051,9,ITC,ITC3,7,Liguria,Liguria,1550640,291755,18.82,0.07
759,2020-12-30,LIG,12,5,7,12,0,0,0,0,0,0,0,0,0,12,0,ITC,ITC3,7,Liguria,Liguria,1550640,291767,18.82,0.0
760,2021-02-09,LIG,1904,683,1221,1087,325,455,22,2,0,0,0,0,13,256,1648,ITC,ITC3,7,Liguria,Liguria,1550640,293671,18.94,0.12
761,2021-03-22,LIG,7534,3340,4194,579,192,83,877,122,95,3967,1107,371,141,4601,2933,ITC,ITC3,7,Liguria,Liguria,1550640,301205,19.42,0.49
762,2021-01-17,LIG,861,300,561,516,30,262,1,4,2,0,0,0,46,861,0,ITC,ITC3,7,Liguria,Liguria,1550640,302066,19.48,0.06
763,2021-02-07,LIG,407,153,254,191,18,187,0,0,0,0,9,0,2,2,405,ITC,ITC3,7,Liguria,Liguria,1550640,302473,19.51,0.03
764,2021-03-11,LIG,6216,2989,3227,1144,170,261,2,42,39,3680,90,711,77,4213,2003,ITC,ITC3,7,Liguria,Liguria,1550640,308689,19.91,0.4
765,2021-04-05,LIG,3972,1749,2223,187,44,10,10,140,921,2214,333,5,108,2323,1649,ITC,ITC3,7,Liguria,Liguria,1550640,312661,20.16,0.26
766,2021-01-04,LIG,2615,854,1761,2197,158,176,3,22,3,0,1,0,55,2615,0,ITC,ITC3,7,Liguria,Liguria,1550640,315276,20.33,0.17
767,2021-04-23,LIG,14067,6408,7659,339,210,43,541,3213,3237,3190,2926,90,278,8062,6005,ITC,ITC3,7,Liguria,Liguria,1550640,329343,21.24,0.91
768,2020-12-31,LIG,989,354,635,751,34,155,0,4,10,28,0,0,7,989,0,ITC,ITC3,7,Liguria,Liguria,1550640,330332,21.3,0.06
769,2021-03-15,LIG,7300,3074,4226,819,338,106,962,126,83,3781,628,304,153,4597,2703,ITC,ITC3,7,Liguria,Liguria,1550640,337632,21.77,0.47
770,2021-02-21,LIG,869,491,378,183,21,102,0,38,4,267,0,0,254,865,4,ITC,ITC3,7,Liguria,Liguria,1550640,338501,21.83,0.06
771,2021-02-06,LIG,1891,767,1124,1309,186,375,1,0,1,0,0,0,19,145,1746,ITC,ITC3,7,Liguria,Liguria,1550640,340392,21.95,0.12
772,2021-01-13,LIG,2755,1013,1742,1913,307,487,4,8,7,1,0,0,28,2755,0,ITC,ITC3,7,Liguria,Liguria,1550640,343147,22.13,0.18
773,2021-04-13,LIG,12489,5590,6899,512,227,111,103,557,4247,4240,2137,87,268,10583,1906,ITC,ITC3,7,Liguria,Liguria,1550640,355636,22.93,0.81
774,2021-01-03,LIG,734,230,504,658,62,0,1,2,0,0,0,0,11,734,0,ITC,ITC3,7,Liguria,Liguria,1550640,356370,22.98,0.05
775,2021-04-16,LIG,11648,5116,6532,489,249,112,42,1820,3158,3450,2032,77,219,9848,1800,ITC,ITC3,7,Liguria,Liguria,1550640,368018,23.73,0.75
776,2021-01-19,LIG,1366,435,931,716,312,328,3,1,0,0,0,0,6,1276,90,ITC,ITC3,7,Liguria,Liguria,1550640,369384,23.82,0.09
777,2021-01-30,LIG,1661,567,1094,1261,121,257,2,6,0,0,0,0,14,25,1636,ITC,ITC3,7,Liguria,Liguria,1550640,371045,23.93,0.11
778,2021-04-20,LIG,13679,6253,7426,449,127,124,378,3026,3005,3466,2771,18,315,9332,4347,ITC,ITC3,7,Liguria,Liguria,1550640,384724,24.81,0.88
779,2021-02-05,LIG,2673,986,1687,1743,417,494,4,1,1,0,0,0,13,304,2369,ITC,ITC3,7,Liguria,Liguria,1550640,387397,24.98,0.17
780,2021-02-03,LIG,2315,791,1524,1626,225,416,1,7,4,0,0,0,36,55,2260,ITC,ITC3,7,Liguria,Liguria,1550640,389712,25.13,0.15
781,2021-02-25,LIG,3440,1348,2092,550,134,88,1,7,2,2586,42,2,28,3311,129,ITC,ITC3,7,Liguria,Liguria,1550640,393152,25.35,0.22
782,2020-12-28,LIG,80,30,50,77,0,0,0,1,0,1,0,0,1,80,0,ITC,ITC3,7,Liguria,Liguria,1550640,393232,25.36,0.01
783,2021-01-24,LIG,756,237,519,632,61,60,0,0,0,0,0,0,3,113,643,ITC,ITC3,7,Liguria,Liguria,1550640,393988,25.41,0.05
784,2021-03-25,LIG,9520,4053,5467,649,265,172,1613,151,259,3680,2059,524,148,6129,3391,ITC,ITC3,7,Liguria,Liguria,1550640,403508,26.02,0.61
785,2021-03-24,LIG,8789,3767,5022,522,235,103,1337,154,140,4226,1366,551,155,5501,3288,ITC,ITC3,7,Liguria,Liguria,1550640,412297,26.59,0.57
786,2021-03-07,LIG,1858,1085,773,184,200,258,1,29,3,509,0,405,269,1557,301,ITC,ITC3,7,Liguria,Liguria,1550640,414155,26.71,0.12
787,2021-03-23,LIG,8801,3987,4814,638,211,56,1311,147,103,3933,1656,583,163,5595,3206,ITC,ITC3,7,Liguria,Liguria,1550640,422956,27.28,0.57
788,2021-04-14,LIG,12515,5444,7071,457,292,125,61,543,4410,4222,2124,38,243,10433,2082,ITC,ITC3,7,Liguria,Liguria,1550640,435471,28.08,0.81
789,2020-12-27,LIG,135,56,79,88,0,45,0,0,0,0,0,0,2,135,0,ITC,ITC3,7,Liguria,Liguria,1550640,435606,28.09,0.01
790,2021-01-27,LIG,1745,604,1141,1337,169,227,1,0,0,0,0,0,11,142,1603,ITC,ITC3,7,Liguria,Liguria,1550640,437351,28.2,0.11
791,2021-04-19,LIG,12602,5522,7080,550,168,101,247,2632,2772,3339,2535,35,223,8804,3798,ITC,ITC3,7,Liguria,Liguria,1550640,449953,29.02,0.81
792,2021-03-04,LIG,4735,2117,2618,921,171,289,4,3,8,2922,42,327,48,3891,844,ITC,ITC3,7,Liguria,Liguria,1550640,454688,29.32,0.31
793,2021-03-09,LIG,5807,2702,3105,1031,324,132,0,51,45,3466,42,630,86,4381,1426,ITC,ITC3,7,Liguria,Liguria,1550640,460495,29.7,0.37
794,2021-03-14,LIG,1658,752,906,66,68,176,431,70,13,577,3,52,202,1054,604,ITC,ITC3,7,Liguria,Liguria,1550640,462153,29.8,0.11
795,2021-04-21,LIG,13732,6199,7533,516,192,47,498,2500,3247,3651,2724,78,279,8445,5287,ITC,ITC3,7,Liguria,Liguria,1550640,475885,30.69,0.89
796,2021-02-14,LIG,233,122,111,31,0,112,0,0,0,60,0,0,30,233,0,ITC,ITC3,7,Liguria,Liguria,1550640,476118,30.7,0.02
797,2021-01-26,LIG,2483,803,1680,1964,253,252,5,1,0,0,1,0,7,13,2470,ITC,ITC3,7,Liguria,Liguria,1550640,478601,30.86,0.16
798,2021-03-29,LIG,10437,4508,5929,467,258,117,884,255,1566,3962,2395,205,328,7307,3130,ITC,ITC3,7,Liguria,Liguria,1550640,489038,31.54,0.67
799,2021-01-12,LIG,2460,886,1574,1750,250,439,2,2,1,0,0,1,15,2460,0,ITC,ITC3,7,Liguria,Liguria,1550640,491498,31.7,0.16
800,2021-03-28,LIG,1142,511,631,135,92,145,0,25,86,532,86,2,39,391,751,ITC,ITC3,7,Liguria,Liguria,1550640,492640,31.77,0.07
801,2021-02-01,LIG,2552,917,1635,1946,202,380,1,6,0,0,1,0,16,85,2467,ITC,ITC3,7,Liguria,Liguria,1550640,495192,31.93,0.16
802,2021-04-15,LIG,11261,4960,6301,485,257,138,58,447,3541,3656,2402,76,201,9465,1796,ITC,ITC3,7,Liguria,Liguria,1550640,506453,32.66,0.73
803,2021-02-08,LIG,1977,742,1235,1256,368,311,7,11,4,1,0,0,19,306,1671,ITC,ITC3,7,Liguria,Liguria,1550640,508430,32.79,0.13
804,2021-03-19,LIG,5290,2231,3059,734,202,137,83,54,80,3698,165,88,49,2159,3131,ITC,ITC3,7,Liguria,Liguria,1550640,513720,33.13,0.34
805,2021-03-21,LIG,552,221,331,7,3,0,0,0,13,525,1,0,3,69,483,ITC,ITC3,7,Liguria,Liguria,1550640,514272,33.17,0.04
806,2021-01-29,LIG,3077,1064,2013,2312,300,441,2,4,0,0,0,0,18,67,3010,ITC,ITC3,7,Liguria,Liguria,1550640,517349,33.36,0.2
807,2021-02-27,LIG,1888,921,967,139,18,5,0,61,0,1205,0,0,460,1759,129,ITC,ITC3,7,Liguria,Liguria,1550640,519237,33.49,0.12
808,2021-01-22,LIG,1814,603,1211,1065,175,565,0,2,0,1,1,0,5,1328,486,ITC,ITC3,7,Liguria,Liguria,1550640,521051,33.6,0.12
809,2021-03-18,LIG,4980,2123,2857,634,87,98,5,63,80,3691,219,6,97,2009,2971,ITC,ITC3,7,Liguria,Liguria,1550640,526031,33.92,0.32
810,2021-03-05,LIG,4863,2148,2715,796,221,81,5,5,8,3339,6,365,37,3737,1126,ITC,ITC3,7,Liguria,Liguria,1550640,530894,34.24,0.31
811,2020-12-31,EMR,2205,777,1428,1676,96,328,0,9,5,13,0,0,78,2205,0,ITH,ITH5,8,Emilia-Romagna,Emilia-Romagna,4459477,2205,0.05,0.05
812,2021-04-12,EMR,19038,8917,10121,438,169,304,62,391,4512,6634,6397,95,36,14648,4390,ITH,ITH5,8,Emilia-Romagna,Emilia-Romagna,4459477,21243,0.48,0.43
813,2021-02-07,EMR,4790,1535,3255,3687,565,446,3,8,1,10,0,0,70,1729,3061,ITH,ITH5,8,Emilia-Romagna,Emilia-Romagna,4459477,26033,0.58,0.11
814,2021-03-28,EMR,12645,5636,7009,277,139,48,326,60,3968,4849,2658,246,74,9158,3487,ITH,ITH5,8,Emilia-Romagna,Emilia-Romagna,4459477,38678,0.87,0.28
815,2021-01-17,EMR,2890,887,2003,1914,378,547,4,14,5,2,0,0,26,2644,246,ITH,ITH5,8,Emilia-Romagna,Emilia-Romagna,4459477,41568,0.93,0.06
816,2021-03-19,EMR,15293,6636,8657,1125,555,118,338,79,844,10490,905,711,128,7532,7761,ITH,ITH5,8,Emilia-Romagna,Emilia-Romagna,4459477,56861,1.28,0.34
817,2021-03-20,EMR,16032,6803,9229,702,385,98,832,58,2957,9339,940,567,154,9098,6934,ITH,ITH5,8,Emilia-Romagna,Emilia-Romagna,4459477,72893,1.63,0.36
818,2021-04-06,EMR,24575,11094,13481,637,200,187,410,242,5964,11511,5182,86,156,19843,4732,ITH,ITH5,8,Emilia-Romagna,Emilia-Romagna,4459477,97468,2.19,0.55
819,2021-03-05,EMR,17623,5735,11888,3084,855,272,5940,59,40,6397,109,544,323,14188,3435,ITH,ITH5,8,Emilia-Romagna,Emilia-Romagna,4459477,115091,2.58,0.4
820,2021-01-11,EMR,9331,3269,6062,6579,1347,1267,0,25,5,4,0,0,104,9331,0,ITH,ITH5,8,Emilia-Romagna,Emilia-Romagna,4459477,124422,2.79,0.21
821,2021-01-25,EMR,6435,2137,4298,5252,316,679,0,21,2,3,0,0,162,202,6233,ITH,ITH5,8,Emilia-Romagna,Emilia-Romagna,4459477,130857,2.93,0.14
822,2021-04-11,EMR,15090,6854,8236,405,135,104,59,354,2368,6815,4656,77,117,12069,3021,ITH,ITH5,8,Emilia-Romagna,Emilia-Romagna,4459477,145947,3.27,0.34
823,2021-01-30,EMR,10075,3518,6557,7566,1400,801,0,45,5,2,0,0,256,142,9933,ITH,ITH5,8,Emilia-Romagna,Emilia-Romagna,4459477,156022,3.5,0.23
824,2021-01-21,EMR,2154,726,1428,1285,156,653,0,9,1,0,0,0,50,809,1345,ITH,ITH5,8,Emilia-Romagna,Emilia-Romagna,4459477,158176,3.55,0.05
825,2021-04-17,EMR,26938,12886,14052,390,148,66,56,350,8424,4204,13216,23,61,17669,9269,ITH,ITH5,8,Emilia-Romagna,Emilia-Romagna,4459477,185114,4.15,0.6
826,2021-03-10,EMR,18657,7646,11011,1315,586,143,4529,28,66,10044,284,1594,68,13018,5639,ITH,ITH5,8,Emilia-Romagna,Emilia-Romagna,4459477,203771,4.57,0.42
827,2021-04-18,EMR,17366,8322,9044,264,163,152,26,208,6247,2343,7928,14,21,12504,4862,ITH,ITH5,8,Emilia-Romagna,Emilia-Romagna,4459477,221137,4.96,0.39
828,2021-03-06,EMR,20525,5862,14663,2714,409,49,10377,65,46,5920,109,565,271,17802,2723,ITH,ITH5,8,Emilia-Romagna,Emilia-Romagna,4459477,241662,5.42,0.46
829,2021-04-22,EMR,28384,13151,15233,541,109,81,40,266,8287,8291,10726,13,30,14651,13733,ITH,ITH5,8,Emilia-Romagna,Emilia-Romagna,4459477,270046,6.06,0.64
830,2021-04-04,EMR,9868,4709,5159,188,112,0,57,147,1630,4651,2866,54,163,7599,2269,ITH,ITH5,8,Emilia-Romagna,Emilia-Romagna,4459477,279914,6.28,0.22
831,2021-03-16,EMR,12216,5012,7204,418,92,116,123,34,113,10889,392,9,30,4934,7282,ITH,ITH5,8,Emilia-Romagna,Emilia-Romagna,4459477,292130,6.55,0.27
832,2021-01-22,EMR,1828,477,1351,942,66,722,0,19,1,10,0,0,68,1088,740,ITH,ITH5,8,Emilia-Romagna,Emilia-Romagna,4459477,293958,6.59,0.04
833,2021-04-21,EMR,23570,10817,12753,379,75,49,47,199,7820,6690,8286,7,18,13986,9584,ITH,ITH5,8,Emilia-Romagna,Emilia-Romagna,4459477,317528,7.12,0.53
834,2021-04-13,EMR,23394,10974,12420,467,142,187,51,343,10324,6089,5671,50,70,19149,4245,ITH,ITH5,8,Emilia-Romagna,Emilia-Romagna,4459477,340922,7.64,0.52
835,2021-02-02,EMR,9464,3042,6422,6240,1347,1632,1,27,4,117,6,0,90,516,8948,ITH,ITH5,8,Emilia-Romagna,Emilia-Romagna,4459477,350386,7.86,0.21
836,2021-03-14,EMR,8690,3742,4948,728,212,69,926,16,66,5528,650,407,88,4895,3795,ITH,ITH5,8,Emilia-Romagna,Emilia-Romagna,4459477,359076,8.05,0.19
837,2021-01-31,EMR,7695,2761,4934,6174,1124,263,0,16,12,32,0,0,74,242,7453,ITH,ITH5,8,Emilia-Romagna,Emilia-Romagna,4459477,366771,8.22,0.17
838,2021-03-17,EMR,13691,5686,8005,361,137,108,19,52,398,11871,668,1,76,5863,7828,ITH,ITH5,8,Emilia-Romagna,Emilia-Romagna,4459477,380462,8.53,0.31
839,2021-01-06,EMR,8262,2942,5320,6852,641,648,0,13,9,44,0,1,54,8262,0,ITH,ITH5,8,Emilia-Romagna,Emilia-Romagna,4459477,388724,8.72,0.19
840,2021-04-03,EMR,19903,8749,11154,374,189,39,427,197,2861,10572,5053,76,115,16171,3732,ITH,ITH5,8,Emilia-Romagna,Emilia-Romagna,4459477,408627,9.16,0.45
841,2021-02-25,EMR,9226,3496,5730,798,187,157,95,47,41,7671,30,0,200,8271,955,ITH,ITH5,8,Emilia-Romagna,Emilia-Romagna,4459477,417853,9.37,0.21
842,2021-04-24,EMR,7956,3717,4239,118,44,6,13,77,2177,2262,3224,8,27,4039,3917,ITH,ITH5,8,Emilia-Romagna,Emilia-Romagna,4459477,425809,9.55,0.18
843,2021-01-26,EMR,8332,3000,5332,6607,537,1031,0,22,2,5,0,0,128,215,8117,ITH,ITH5,8,Emilia-Romagna,Emilia-Romagna,4459477,434141,9.74,0.19
844,2021-02-04,EMR,9927,3201,6726,6435,1463,1674,0,39,11,160,5,0,140,1251,8676,ITH,ITH5,8,Emilia-Romagna,Emilia-Romagna,4459477,444068,9.96,0.22
845,2021-03-15,EMR,13223,6059,7164,812,461,190,532,25,101,9159,812,1075,56,6727,6496,ITH,ITH5,8,Emilia-Romagna,Emilia-Romagna,4459477,457291,10.25,0.3
846,2021-03-29,EMR,21093,9388,11705,692,189,118,638,126,5486,9288,4239,203,114,16488,4605,ITH,ITH5,8,Emilia-Romagna,Emilia-Romagna,4459477,478384,10.73,0.47
847,2021-01-12,EMR,9409,3111,6298,6377,1182,1690,0,31,2,32,0,0,95,9409,0,ITH,ITH5,8,Emilia-Romagna,Emilia-Romagna,4459477,487793,10.94,0.21
848,2021-01-10,EMR,7129,2664,4465,5646,952,499,1,4,1,7,0,0,19,7129,0,ITH,ITH5,8,Emilia-Romagna,Emilia-Romagna,4459477,494922,11.1,0.16
849,2021-03-21,EMR,11902,5260,6642,566,356,114,587,31,2734,6115,802,492,105,7298,4604,ITH,ITH5,8,Emilia-Romagna,Emilia-Romagna,4459477,506824,11.37,0.27
850,2021-01-13,EMR,9070,2939,6131,6009,916,1744,1,39,12,91,0,0,258,9070,0,ITH,ITH5,8,Emilia-Romagna,Emilia-Romagna,4459477,515894,11.57,0.2
851,2021-04-23,EMR,28604,13395,15209,467,111,48,52,276,7071,8764,11770,20,25,14272,14332,ITH,ITH5,8,Emilia-Romagna,Emilia-Romagna,4459477,544498,12.21,0.64
852,2021-02-06,EMR,7595,2403,5192,5377,862,1221,0,13,4,51,0,0,67,2129,5466,ITH,ITH5,8,Emilia-Romagna,Emilia-Romagna,4459477,552093,12.38,0.17
853,2021-02-26,EMR,7836,2979,4857,1059,360,244,312,24,28,5595,60,0,154,6790,1046,ITH,ITH5,8,Emilia-Romagna,Emilia-Romagna,4459477,559929,12.56,0.18
854,2021-04-16,EMR,28578,13452,15126,607,149,89,71,364,10440,5799,10922,34,103,19827,8751,ITH,ITH5,8,Emilia-Romagna,Emilia-Romagna,4459477,588507,13.2,0.64
855,2021-02-05,EMR,9312,2965,6347,6216,1148,1611,1,19,9,223,3,0,82,1637,7675,ITH,ITH5,8,Emilia-Romagna,Emilia-Romagna,4459477,597819,13.41,0.21
856,2021-01-24,EMR,2443,885,1558,2080,93,249,0,5,1,0,0,0,15,299,2144,ITH,ITH5,8,Emilia-Romagna,Emilia-Romagna,4459477,600262,13.46,0.05
857,2021-04-02,EMR,23175,10429,12746,717,311,104,944,341,3800,10953,5686,226,93,18720,4455,ITH,ITH5,8,Emilia-Romagna,Emilia-Romagna,4459477,623437,13.98,0.52
858,2021-02-13,EMR,3623,1085,2538,2789,382,144,0,8,7,244,0,0,49,3025,598,ITH,ITH5,8,Emilia-Romagna,Emilia-Romagna,4459477,627060,14.06,0.08
859,2021-03-23,EMR,18671,8055,10616,1125,482,196,1352,80,3704,9338,1866,431,97,11987,6684,ITH,ITH5,8,Emilia-Romagna,Emilia-Romagna,4459477,645731,14.48,0.42
860,2021-03-04,EMR,16391,5337,11054,2610,604,254,5437,50,55,6405,161,511,304,13389,3002,ITH,ITH5,8,Emilia-Romagna,Emilia-Romagna,4459477,662122,14.85,0.37
861,2021-03-22,EMR,17439,7635,9804,1135,425,164,600,51,3597,9566,1246,580,75,10576,6863,ITH,ITH5,8,Emilia-Romagna,Emilia-Romagna,4459477,679561,15.24,0.39
862,2021-04-10,EMR,20777,9230,11547,509,209,88,189,191,4085,8925,6483,24,74,16653,4124,ITH,ITH5,8,Emilia-Romagna,Emilia-Romagna,4459477,700338,15.7,0.47
863,2021-03-24,EMR,20946,9246,11700,1214,370,124,1697,272,3434,10610,2687,385,153,13591,7355,ITH,ITH5,8,Emilia-Romagna,Emilia-Romagna,4459477,721284,16.17,0.47
864,2021-02-08,EMR,5227,1532,3695,2840,577,1485,1,10,8,247,0,0,59,2313,2914,ITH,ITH5,8,Emilia-Romagna,Emilia-Romagna,4459477,726511,16.29,0.12
865,2021-04-08,EMR,30475,13970,16505,2475,572,222,311,400,6646,11012,8467,135,235,25208,5267,ITH,ITH5,8,Emilia-Romagna,Emilia-Romagna,4459477,756986,16.97,0.68
866,2021-02-22,EMR,7481,3091,4390,389,110,130,0,12,25,6797,9,0,9,7206,275,ITH,ITH5,8,Emilia-Romagna,Emilia-Romagna,4459477,764467,17.14,0.17
867,2021-04-19,EMR,20723,9713,11010,320,108,163,25,166,8513,3354,8013,21,40,14487,6236,ITH,ITH5,8,Emilia-Romagna,Emilia-Romagna,4459477,785190,17.61,0.46
868,2021-02-01,EMR,10317,3609,6708,7471,1502,1260,0,13,7,0,0,0,64,365,9952,ITH,ITH5,8,Emilia-Romagna,Emilia-Romagna,4459477,795507,17.84,0.23
869,2021-02-03,EMR,9335,2990,6345,6237,1177,1651,0,29,15,126,7,1,92,972,8363,ITH,ITH5,8,Emilia-Romagna,Emilia-Romagna,4459477,804842,18.05,0.21
870,2021-01-16,EMR,5595,1718,3877,3688,691,1110,1,18,2,0,0,3,82,5595,0,ITH,ITH5,8,Emilia-Romagna,Emilia-Romagna,4459477,810437,18.17,0.13
871,2021-03-12,EMR,18067,7526,10541,1584,898,311,3024,47,73,9901,462,1554,213,11351,6716,ITH,ITH5,8,Emilia-Romagna,Emilia-Romagna,4459477,828504,18.58,0.41
872,2021-04-01,EMR,23734,10679,13055,1015,261,117,993,219,4249,11281,5318,171,110,19272,4462,ITH,ITH5,8,Emilia-Romagna,Emilia-Romagna,4459477,852238,19.11,0.53
873,2021-01-19,EMR,2045,505,1540,747,133,1161,0,0,0,0,0,0,4,2028,17,ITH,ITH5,8,Emilia-Romagna,Emilia-Romagna,4459477,854283,19.16,0.05
874,2021-01-18,EMR,3126,879,2247,1681,239,1129,0,12,0,3,0,0,62,2449,677,ITH,ITH5,8,Emilia-Romagna,Emilia-Romagna,4459477,857409,19.23,0.07
875,2021-01-03,EMR,2753,941,1812,2503,61,170,0,3,0,0,0,0,16,2753,0,ITH,ITH5,8,Emilia-Romagna,Emilia-Romagna,4459477,860162,19.29,0.06
876,2021-01-04,EMR,7268,2514,4754,6172,348,578,0,16,9,43,0,1,101,7268,0,ITH,ITH5,8,Emilia-Romagna,Emilia-Romagna,4459477,867430,19.45,0.16
877,2021-03-08,EMR,12015,4964,7051,2306,613,322,2341,19,39,4338,82,1810,145,9347,2668,ITH,ITH5,8,Emilia-Romagna,Emilia-Romagna,4459477,879445,19.72,0.27
878,2021-01-15,EMR,7742,2402,5340,5302,946,1319,1,15,11,61,0,0,87,7742,0,ITH,ITH5,8,Emilia-Romagna,Emilia-Romagna,4459477,887187,19.89,0.17
879,2021-03-30,EMR,23256,10283,12973,869,244,164,1178,126,5423,10714,4277,139,122,18224,5032,ITH,ITH5,8,Emilia-Romagna,Emilia-Romagna,4459477,910443,20.42,0.52
880,2021-01-29,EMR,10409,3496,6913,8108,1084,1060,0,32,7,11,0,0,107,290,10119,ITH,ITH5,8,Emilia-Romagna,Emilia-Romagna,4459477,920852,20.65,0.23
881,2021-02-12,EMR,5316,1677,3639,3397,772,704,0,10,19,358,11,0,45,3914,1402,ITH,ITH5,8,Emilia-Romagna,Emilia-Romagna,4459477,926168,20.77,0.12
882,2021-04-09,EMR,25261,11455,13806,1354,283,168,434,263,4861,10652,7132,83,31,19670,5591,ITH,ITH5,8,Emilia-Romagna,Emilia-Romagna,4459477,951429,21.33,0.57
883,2021-04-15,EMR,28713,13670,15043,940,208,141,50,301,10028,5774,11114,33,124,19160,9553,ITH,ITH5,8,Emilia-Romagna,Emilia-Romagna,4459477,980142,21.98,0.64
884,2021-03-01,EMR,10079,3571,6508,1834,339,434,1253,25,37,5617,65,311,164,7828,2251,ITH,ITH5,8,Emilia-Romagna,Emilia-Romagna,4459477,990221,22.2,0.23
885,2021-02-18,EMR,7039,2892,4147,894,180,236,0,4,13,5672,26,1,13,6456,583,ITH,ITH5,8,Emilia-Romagna,Emilia-Romagna,4459477,997260,22.36,0.16
886,2021-03-31,EMR,24918,10858,14060,1169,285,122,1286,187,4675,12358,4538,160,138,19499,5419,ITH,ITH5,8,Emilia-Romagna,Emilia-Romagna,4459477,1022178,22.92,0.56
887,2021-01-09,EMR,9937,3438,6499,7862,1066,889,0,18,2,2,0,0,98,9937,0,ITH,ITH5,8,Emilia-Romagna,Emilia-Romagna,4459477,1032115,23.14,0.22
888,2021-02-17,EMR,6537,2764,3773,803,258,404,0,10,15,4990,24,0,33,5764,773,ITH,ITH5,8,Emilia-Romagna,Emilia-Romagna,4459477,1038652,23.29,0.15
889,2021-02-16,EMR,5766,2443,3323,745,339,437,0,8,7,4207,8,2,13,5235,531,ITH,ITH5,8,Emilia-Romagna,Emilia-Romagna,4459477,1044418,23.42,0.13
890,2021-01-08,EMR,10830,3569,7261,8465,1133,1088,0,25,3,5,0,1,110,10830,0,ITH,ITH5,8,Emilia-Romagna,Emilia-Romagna,4459477,1055248,23.66,0.24
891,2021-02-24,EMR,9320,3555,5765,651,156,228,63,50,29,7854,19,0,270,8443,877,ITH,ITH5,8,Emilia-Romagna,Emilia-Romagna,4459477,1064568,23.87,0.21
892,2021-02-27,EMR,10956,3994,6962,1730,245,115,940,37,30,7755,8,0,96,9219,1737,ITH,ITH5,8,Emilia-Romagna,Emilia-Romagna,4459477,1075524,24.12,0.25
893,2021-02-19,EMR,7323,3010,4313,821,214,257,0,4,18,5955,33,0,21,6809,514,ITH,ITH5,8,Emilia-Romagna,Emilia-Romagna,4459477,1082847,24.28,0.16
894,2021-04-05,EMR,14778,6772,8006,280,82,6,243,75,2909,7536,3570,28,49,11896,2882,ITH,ITH5,8,Emilia-Romagna,Emilia-Romagna,4459477,1097625,24.61,0.33
895,2021-02-21,EMR,4450,1708,2742,396,108,190,0,4,11,3708,18,0,15,4010,440,ITH,ITH5,8,Emilia-Romagna,Emilia-Romagna,4459477,1102075,24.71,0.1
896,2021-02-14,EMR,1401,378,1023,860,363,39,0,19,5,19,1,0,95,1281,120,ITH,ITH5,8,Emilia-Romagna,Emilia-Romagna,4459477,1103476,24.74,0.03
897,2021-02-28,EMR,6822,2527,4295,1775,248,53,304,29,17,4251,8,4,133,4977,1845,ITH,ITH5,8,Emilia-Romagna,Emilia-Romagna,4459477,1110298,24.9,0.15
898,2021-03-26,EMR,23368,9876,13492,1417,600,218,2641,175,4778,9342,3781,276,140,16951,6417,ITH,ITH5,8,Emilia-Romagna,Emilia-Romagna,4459477,1133666,25.42,0.52
899,2021-02-09,EMR,4151,1246,2905,2219,376,1198,0,2,15,278,0,0,63,2306,1845,ITH,ITH5,8,Emilia-Romagna,Emilia-Romagna,4459477,1137817,25.51,0.09
900,2021-01-20,EMR,1322,269,1053,392,131,787,0,0,0,1,0,0,11,1321,1,ITH,ITH5,8,Emilia-Romagna,Emilia-Romagna,4459477,1139139,25.54,0.03
901,2021-01-02,EMR,2352,905,1447,2074,57,198,0,3,0,2,0,0,18,2352,0,ITH,ITH5,8,Emilia-Romagna,Emilia-Romagna,4459477,1141491,25.6,0.05
902,2020-12-27,EMR,969,372,597,824,5,26,0,24,1,0,0,0,89,969,0,ITH,ITH5,8,Emilia-Romagna,Emilia-Romagna,4459477,1142460,25.62,0.02
903,2021-04-20,EMR,22354,10277,12077,300,82,58,30,203,7722,5538,8380,21,20,14094,8260,ITH,ITH5,8,Emilia-Romagna,Emilia-Romagna,4459477,1164814,26.12,0.5
904,2021-01-05,EMR,9346,3167,6179,7927,552,770,0,18,4,0,1,0,74,9346,0,ITH,ITH5,8,Emilia-Romagna,Emilia-Romagna,4459477,1174160,26.33,0.21
905,2021-03-11,EMR,17199,7110,10089,1134,836,319,3821,35,52,8851,425,1532,194,11348,5851,ITH,ITH5,8,Emilia-Romagna,Emilia-Romagna,4459477,1191359,26.72,0.39
906,2021-03-18,EMR,13654,5799,7855,448,150,94,49,47,474,10843,1353,5,191,5658,7996,ITH,ITH5,8,Emilia-Romagna,Emilia-Romagna,4459477,1205013,27.02,0.31
907,2021-01-07,EMR,10215,3384,6831,8187,855,1068,0,20,5,3,0,0,77,10215,0,ITH,ITH5,8,Emilia-Romagna,Emilia-Romagna,4459477,1215228,27.25,0.23
908,2021-02-23,EMR,8214,3218,4996,409,147,113,1,24,22,7455,23,0,20,7828,386,ITH,ITH5,8,Emilia-Romagna,Emilia-Romagna,4459477,1223442,27.43,0.18
909,2021-04-07,EMR,25634,11649,13985,661,186,141,360,392,5654,12949,5111,78,102,19656,5978,ITH,ITH5,8,Emilia-Romagna,Emilia-Romagna,4459477,1249076,28.01,0.57
910,2021-01-28,EMR,10241,3336,6905,8074,860,1127,0,28,10,0,0,0,142,351,9890,ITH,ITH5,8,Emilia-Romagna,Emilia-Romagna,4459477,1259317,28.24,0.23
911,2021-03-03,EMR,15758,5227,10531,2532,524,154,4811,50,48,6848,96,341,354,13299,2459,ITH,ITH5,8,Emilia-Romagna,Emilia-Romagna,4459477,1275075,28.59,0.35
912,2021-03-07,EMR,6850,2636,4214,1459,338,22,1249,10,14,2597,565,560,36,5333,1517,ITH,ITH5,8,Emilia-Romagna,Emilia-Romagna,4459477,1281925,28.75,0.15
913,2021-01-23,EMR,2446,870,1576,1902,86,430,0,5,1,2,0,0,20,443,2003,ITH,ITH5,8,Emilia-Romagna,Emilia-Romagna,4459477,1284371,28.8,0.05
914,2021-03-02,EMR,11809,3888,7921,1973,409,229,3046,42,40,5418,41,373,238,9798,2011,ITH,ITH5,8,Emilia-Romagna,Emilia-Romagna,4459477,1296180,29.07,0.26
915,2021-01-14,EMR,8094,2576,5518,5398,919,1606,0,39,7,5,1,1,118,8094,0,ITH,ITH5,8,Emilia-Romagna,Emilia-Romagna,4459477,1304274,29.25,0.18
916,2021-02-11,EMR,4246,1414,2832,2529,528,719,2,15,18,374,3,0,58,3407,839,ITH,ITH5,8,Emilia-Romagna,Emilia-Romagna,4459477,1308520,29.34,0.1
917,2021-04-14,EMR,26666,12669,13997,654,192,138,71,522,10040,7347,7626,54,22,20657,6009,ITH,ITH5,8,Emilia-Romagna,Emilia-Romagna,4459477,1335186,29.94,0.6
918,2021-03-13,EMR,16040,6298,9742,1251,479,81,3990,49,55,8275,567,1124,169,10730,5310,ITH,ITH5,8,Emilia-Romagna,Emilia-Romagna,4459477,1351226,30.3,0.36
919,2021-03-25,EMR,21350,9326,12024,1100,348,165,2088,156,3063,9929,3621,718,162,14365,6985,ITH,ITH5,8,Emilia-Romagna,Emilia-Romagna,4459477,1372576,30.78,0.48
920,2021-03-27,EMR,21509,9001,12508,752,290,48,2336,116,4190,9565,3815,237,160,14618,6891,ITH,ITH5,8,Emilia-Romagna,Emilia-Romagna,4459477,1394085,31.26,0.48
921,2021-03-09,EMR,14615,5944,8671,1027,456,227,3566,21,56,7702,185,1332,43,10660,3955,ITH,ITH5,8,Emilia-Romagna,Emilia-Romagna,4459477,1408700,31.59,0.33
922,2021-02-10,EMR,4010,1377,2633,2394,357,779,0,23,15,317,9,0,116,2757,1253,ITH,ITH5,8,Emilia-Romagna,Emilia-Romagna,4459477,1412710,31.68,0.09
923,2021-01-27,EMR,8357,2946,5411,6905,653,672,0,26,4,2,0,1,94,464,7893,ITH,ITH5,8,Emilia-Romagna,Emilia-Romagna,4459477,1421067,31.87,0.19
924,2021-02-20,EMR,5316,2093,3223,408,116,155,0,7,21,4590,5,0,14,5052,264,ITH,ITH5,8,Emilia-Romagna,Emilia-Romagna,4459477,1426383,31.99,0.12
925,2021-02-15,EMR,2895,847,2048,1983,369,157,0,3,9,326,18,0,30,2769,126,ITH,ITH5,8,Emilia-Romagna,Emilia-Romagna,4459477,1429278,32.05,0.06
926,2021-01-17,ABR,187,59,128,136,44,0,0,0,0,0,0,0,7,180,7,ITF,ITF1,13,Abruzzo,Abruzzo,1304970,187,0.01,0.01
927,2021-03-17,ABR,4545,1876,2669,285,102,144,11,19,33,3876,16,36,23,2802,1743,ITF,ITF1,13,Abruzzo,Abruzzo,1304970,4732,0.36,0.35
928,2021-02-28,ABR,1708,511,1197,23,6,0,1423,8,1,79,0,149,19,1706,2,ITF,ITF1,13,Abruzzo,Abruzzo,1304970,6440,0.49,0.13
929,2021-02-09,ABR,908,311,597,612,161,131,0,1,1,1,0,0,1,499,409,ITF,ITF1,13,Abruzzo,Abruzzo,1304970,7348,0.56,0.07
930,2021-02-04,ABR,1682,617,1065,1168,415,57,0,5,0,0,0,0,37,609,1073,ITF,ITF1,13,Abruzzo,Abruzzo,1304970,9030,0.69,0.13
931,2021-04-06,ABR,7687,3582,4105,433,98,44,54,115,499,2349,3943,46,106,5367,2320,ITF,ITF1,13,Abruzzo,Abruzzo,1304970,16717,1.28,0.59
932,2021-01-23,ABR,264,114,150,224,14,26,0,0,0,0,0,0,0,57,207,ITF,ITF1,13,Abruzzo,Abruzzo,1304970,16981,1.3,0.02
933,2021-03-22,ABR,4400,1959,2441,385,389,56,442,32,19,2578,10,346,143,2430,1970,ITF,ITF1,13,Abruzzo,Abruzzo,1304970,21381,1.64,0.34
934,2021-01-21,ABR,157,47,110,10,6,141,0,0,0,0,0,0,0,157,0,ITF,ITF1,13,Abruzzo,Abruzzo,1304970,21538,1.65,0.01
935,2021-03-28,ABR,2422,1021,1401,247,132,1,175,106,54,896,422,242,147,2050,372,ITF,ITF1,13,Abruzzo,Abruzzo,1304970,23960,1.84,0.19
936,2021-02-07,ABR,777,307,470,646,111,1,0,3,0,0,0,0,16,201,576,ITF,ITF1,13,Abruzzo,Abruzzo,1304970,24737,1.9,0.06
937,2021-03-29,ABR,5627,2525,3102,463,54,49,195,71,73,3616,907,63,136,2987,2640,ITF,ITF1,13,Abruzzo,Abruzzo,1304970,30364,2.33,0.43
938,2021-03-19,ABR,5796,2584,3212,755,280,118,13,14,42,4400,19,103,52,2775,3021,ITF,ITF1,13,Abruzzo,Abruzzo,1304970,36160,2.77,0.44
939,2021-02-15,ABR,1796,831,965,625,258,221,0,0,10,395,0,261,26,1754,42,ITF,ITF1,13,Abruzzo,Abruzzo,1304970,37956,2.91,0.14
940,2021-02-21,ABR,1221,551,670,2,0,3,0,0,2,1210,0,2,2,1220,1,ITF,ITF1,13,Abruzzo,Abruzzo,1304970,39177,3.0,0.09
941,2021-01-22,ABR,118,57,61,2,1,112,0,1,0,0,0,0,2,118,0,ITF,ITF1,13,Abruzzo,Abruzzo,1304970,39295,3.01,0.01
942,2021-02-26,ABR,3920,1671,2249,1025,336,160,262,64,11,1651,6,270,135,2951,969,ITF,ITF1,13,Abruzzo,Abruzzo,1304970,43215,3.31,0.3
943,2021-02-12,ABR,968,319,649,438,151,310,0,1,0,66,0,0,2,779,189,ITF,ITF1,13,Abruzzo,Abruzzo,1304970,44183,3.39,0.07
944,2021-03-06,ABR,4174,1354,2820,432,187,52,1559,29,8,1748,0,15,144,3604,570,ITF,ITF1,13,Abruzzo,Abruzzo,1304970,48357,3.71,0.32
945,2021-01-12,ABR,1804,666,1138,1470,190,0,0,23,33,28,0,0,60,1804,0,ITF,ITF1,13,Abruzzo,Abruzzo,1304970,50161,3.84,0.14
946,2021-03-21,ABR,2136,914,1222,9,0,1,130,7,9,1924,13,34,9,844,1292,ITF,ITF1,13,Abruzzo,Abruzzo,1304970,52297,4.01,0.16
947,2021-03-05,ABR,5263,1938,3325,561,218,108,1353,77,4,2582,2,232,126,4565,698,ITF,ITF1,13,Abruzzo,Abruzzo,1304970,57560,4.41,0.4
948,2021-03-18,ABR,3896,1651,2245,281,135,20,7,21,33,3297,4,68,30,2065,1831,ITF,ITF1,13,Abruzzo,Abruzzo,1304970,61456,4.71,0.3
949,2021-02-13,ABR,851,384,467,554,207,72,0,1,1,8,0,0,8,437,414,ITF,ITF1,13,Abruzzo,Abruzzo,1304970,62307,4.77,0.07
950,2021-03-01,ABR,3490,1393,2097,698,176,174,282,18,10,1915,2,131,84,2725,765,ITF,ITF1,13,Abruzzo,Abruzzo,1304970,65797,5.04,0.27
951,2021-04-22,ABR,6614,3175,3439,83,46,116,28,313,2115,871,2868,37,137,4984,1630,ITF,ITF1,13,Abruzzo,Abruzzo,1304970,72411,5.55,0.51
952,2021-03-03,ABR,4629,1883,2746,1222,211,105,855,28,0,1587,3,385,233,3723,906,ITF,ITF1,13,Abruzzo,Abruzzo,1304970,77040,5.9,0.35
953,2021-04-17,ABR,6958,3210,3748,349,251,23,63,178,350,2066,3594,32,52,4082,2876,ITF,ITF1,13,Abruzzo,Abruzzo,1304970,83998,6.44,0.53
954,2020-12-27,ABR,37,19,18,34,1,2,0,0,0,0,0,0,0,37,0,ITF,ITF1,13,Abruzzo,Abruzzo,1304970,84035,6.44,0.0
955,2021-03-08,ABR,5128,1670,3458,1190,280,116,2195,51,3,1032,0,105,156,4153,975,ITF,ITF1,13,Abruzzo,Abruzzo,1304970,89163,6.83,0.39
956,2021-03-31,ABR,6656,2883,3773,446,279,80,245,54,83,3258,2048,30,133,4588,2068,ITF,ITF1,13,Abruzzo,Abruzzo,1304970,95819,7.34,0.51
957,2021-03-10,ABR,4951,1640,3311,736,300,248,1872,27,4,1520,11,130,103,3994,957,ITF,ITF1,13,Abruzzo,Abruzzo,1304970,100770,7.72,0.38
958,2021-02-23,ABR,2784,1274,1510,324,184,217,100,4,8,1491,2,287,167,2773,11,ITF,ITF1,13,Abruzzo,Abruzzo,1304970,103554,7.94,0.21
959,2021-04-19,ABR,6231,2860,3371,76,74,36,22,148,2251,1259,2221,26,118,3858,2373,ITF,ITF1,13,Abruzzo,Abruzzo,1304970,109785,8.41,0.48
960,2021-04-18,ABR,5503,2583,2920,149,71,25,19,63,142,797,4201,12,24,4680,823,ITF,ITF1,13,Abruzzo,Abruzzo,1304970,115288,8.83,0.42
961,2021-03-04,ABR,5937,2359,3578,1171,322,93,818,39,12,2992,5,329,156,5015,922,ITF,ITF1,13,Abruzzo,Abruzzo,1304970,121225,9.29,0.45
962,2021-04-24,ABR,3447,1560,1887,39,38,23,10,80,677,457,2099,4,20,2762,685,ITF,ITF1,13,Abruzzo,Abruzzo,1304970,124672,9.55,0.26
963,2021-03-23,ABR,4852,2210,2642,180,183,183,400,14,23,3356,13,422,78,2283,2569,ITF,ITF1,13,Abruzzo,Abruzzo,1304970,129524,9.93,0.37
964,2021-01-24,ABR,50,22,28,49,1,0,0,0,0,0,0,0,0,6,44,ITF,ITF1,13,Abruzzo,Abruzzo,1304970,129574,9.93,0.0
965,2021-01-31,ABR,1502,488,1014,1154,236,103,0,1,0,0,0,0,8,287,1215,ITF,ITF1,13,Abruzzo,Abruzzo,1304970,131076,10.04,0.12
966,2021-01-27,ABR,1364,515,849,1301,61,0,0,1,0,0,0,0,1,39,1325,ITF,ITF1,13,Abruzzo,Abruzzo,1304970,132440,10.15,0.1
967,2021-03-09,ABR,5172,1796,3376,990,311,86,2046,31,3,1320,69,214,102,4233,939,ITF,ITF1,13,Abruzzo,Abruzzo,1304970,137612,10.55,0.4
968,2021-01-04,ABR,1401,575,826,1396,5,0,0,0,0,0,0,0,0,1401,0,ITF,ITF1,13,Abruzzo,Abruzzo,1304970,139013,10.65,0.11
969,2021-03-11,ABR,5430,2191,3239,1328,265,241,1565,50,20,1539,16,247,159,4291,1139,ITF,ITF1,13,Abruzzo,Abruzzo,1304970,144443,11.07,0.42
970,2021-02-01,ABR,1632,573,1059,1384,228,1,0,3,0,0,0,0,16,271,1361,ITF,ITF1,13,Abruzzo,Abruzzo,1304970,146075,11.19,0.13
971,2021-01-20,ABR,447,156,291,147,73,204,0,12,0,0,0,0,11,445,2,ITF,ITF1,13,Abruzzo,Abruzzo,1304970,146522,11.23,0.03
972,2021-04-05,ABR,2696,1150,1546,136,205,4,16,31,41,1372,845,11,35,1816,880,ITF,ITF1,13,Abruzzo,Abruzzo,1304970,149218,11.43,0.21
973,2021-01-03,ABR,471,185,286,464,7,0,0,0,0,0,0,0,0,471,0,ITF,ITF1,13,Abruzzo,Abruzzo,1304970,149689,11.47,0.04
974,2021-03-15,ABR,3640,1399,2241,657,358,79,330,27,41,1964,2,55,127,1824,1816,ITF,ITF1,13,Abruzzo,Abruzzo,1304970,153329,11.75,0.28
975,2021-04-13,ABR,5890,2757,3133,94,63,78,150,86,409,1261,3670,31,48,4689,1201,ITF,ITF1,13,Abruzzo,Abruzzo,1304970,159219,12.2,0.45
976,2021-04-09,ABR,8741,4111,4630,312,121,32,45,101,805,3287,3903,40,95,6199,2542,ITF,ITF1,13,Abruzzo,Abruzzo,1304970,167960,12.87,0.67
977,2021-04-07,ABR,7121,3283,3838,187,214,82,15,69,106,3219,3056,96,77,4395,2726,ITF,ITF1,13,Abruzzo,Abruzzo,1304970,175081,13.42,0.55
978,2021-01-28,ABR,1433,495,938,1370,61,1,0,0,1,0,0,0,0,12,1421,ITF,ITF1,13,Abruzzo,Abruzzo,1304970,176514,13.53,0.11
979,2021-02-03,ABR,2061,717,1344,1541,362,118,0,4,0,0,0,0,36,419,1642,ITF,ITF1,13,Abruzzo,Abruzzo,1304970,178575,13.68,0.16
980,2021-01-19,ABR,111,55,56,27,3,50,0,8,0,0,0,0,23,91,20,ITF,ITF1,13,Abruzzo,Abruzzo,1304970,178686,13.69,0.01
981,2021-03-27,ABR,6120,2620,3500,189,229,48,216,87,157,4264,736,77,117,3641,2479,ITF,ITF1,13,Abruzzo,Abruzzo,1304970,184806,14.16,0.47
982,2021-01-13,ABR,1253,440,813,1103,99,0,0,7,1,7,0,0,36,1253,0,ITF,ITF1,13,Abruzzo,Abruzzo,1304970,186059,14.26,0.1
983,2021-03-07,ABR,2523,630,1893,28,99,4,1823,68,10,463,0,1,27,2523,0,ITF,ITF1,13,Abruzzo,Abruzzo,1304970,188582,14.45,0.19
984,2021-03-24,ABR,6424,2831,3593,485,300,231,430,108,230,3409,541,415,275,4168,2256,ITF,ITF1,13,Abruzzo,Abruzzo,1304970,195006,14.94,0.49
985,2021-03-30,ABR,5059,2199,2860,211,205,38,286,52,57,2744,1327,51,88,3234,1825,ITF,ITF1,13,Abruzzo,Abruzzo,1304970,200065,15.33,0.39
986,2021-03-25,ABR,5690,2564,3126,249,211,40,448,59,102,3824,239,311,207,3074,2616,ITF,ITF1,13,Abruzzo,Abruzzo,1304970,205755,15.77,0.44
987,2021-04-14,ABR,6507,2898,3609,336,94,119,61,84,434,1467,3848,18,46,4429,2078,ITF,ITF1,13,Abruzzo,Abruzzo,1304970,212262,16.27,0.5
988,2021-03-13,ABR,4254,1460,2794,539,624,138,1061,82,36,1468,6,106,194,3178,1076,ITF,ITF1,13,Abruzzo,Abruzzo,1304970,216516,16.59,0.33
989,2021-04-04,ABR,1625,766,859,94,57,2,4,8,280,446,717,2,15,1496,129,ITF,ITF1,13,Abruzzo,Abruzzo,1304970,218141,16.72,0.12
990,2021-03-26,ABR,5303,2269,3034,264,213,37,449,75,122,3389,357,252,145,3242,2061,ITF,ITF1,13,Abruzzo,Abruzzo,1304970,223444,17.12,0.41
991,2021-02-22,ABR,2644,1175,1469,477,275,46,251,4,4,1094,0,419,74,2614,30,ITF,ITF1,13,Abruzzo,Abruzzo,1304970,226088,17.33,0.2
992,2021-03-12,ABR,6024,1990,4034,1006,593,138,2189,46,11,1727,1,144,169,4441,1583,ITF,ITF1,13,Abruzzo,Abruzzo,1304970,232112,17.79,0.46
993,2021-04-02,ABR,6685,3095,3590,184,611,26,94,76,215,3306,2043,79,51,5198,1487,ITF,ITF1,13,Abruzzo,Abruzzo,1304970,238797,18.3,0.51
994,2021-01-16,ABR,927,428,499,710,188,15,0,4,0,0,0,0,10,927,0,ITF,ITF1,13,Abruzzo,Abruzzo,1304970,239724,18.37,0.07
995,2021-04-10,ABR,8442,3891,4551,390,302,13,147,222,979,2848,3365,32,144,5934,2508,ITF,ITF1,13,Abruzzo,Abruzzo,1304970,248166,19.02,0.65
996,2021-02-11,ABR,816,262,554,473,184,154,0,0,0,0,0,0,5,773,43,ITF,ITF1,13,Abruzzo,Abruzzo,1304970,248982,19.08,0.06
997,2021-03-16,ABR,3486,1453,2033,284,74,169,12,19,44,2850,6,8,20,1831,1655,ITF,ITF1,13,Abruzzo,Abruzzo,1304970,252468,19.35,0.27
998,2021-04-15,ABR,7751,3614,4137,201,97,92,53,87,331,1567,5245,22,56,5906,1845,ITF,ITF1,13,Abruzzo,Abruzzo,1304970,260219,19.94,0.59
999,2021-01-06,ABR,1830,664,1166,1546,148,133,0,0,0,0,0,0,3,1830,0,ITF,ITF1,13,Abruzzo,Abruzzo,1304970,262049,20.08,0.14
1000,2021-04-03,ABR,5073,2213,2860,174,91,28,84,73,112,2401,1958,62,90,3479,1594,ITF,ITF1,13,Abruzzo,Abruzzo,1304970,267122,20.47,0.39
1001,2021-01-05,ABR,1614,604,1010,1604,10,0,0,0,0,0,0,0,0,1614,0,ITF,ITF1,13,Abruzzo,Abruzzo,1304970,268736,20.59,0.12
1002,2021-02-08,ABR,1201,398,803,710,218,264,0,1,0,0,0,0,8,491,710,ITF,ITF1,13,Abruzzo,Abruzzo,1304970,269937,20.69,0.09
1003,2021-01-18,ABR,122,48,74,106,8,2,0,3,0,0,0,0,3,46,76,ITF,ITF1,13,Abruzzo,Abruzzo,1304970,270059,20.69,0.01
1004,2021-04-01,ABR,5531,2450,3081,274,117,57,153,153,156,2913,1527,48,133,3442,2089,ITF,ITF1,13,Abruzzo,Abruzzo,1304970,275590,21.12,0.42
1005,2021-01-15,ABR,379,149,230,223,79,35,0,7,2,0,0,0,33,379,0,ITF,ITF1,13,Abruzzo,Abruzzo,1304970,275969,21.15,0.03
1006,2021-02-27,ABR,2809,1337,1472,253,84,125,874,17,6,732,1,656,61,2543,266,ITF,ITF1,13,Abruzzo,Abruzzo,1304970,278778,21.36,0.22
1007,2021-02-24,ABR,3304,1440,1864,391,180,248,131,13,12,1969,4,247,109,3128,176,ITF,ITF1,13,Abruzzo,Abruzzo,1304970,282082,21.62,0.25
1008,2021-01-29,ABR,1386,449,937,1290,95,0,0,1,0,0,0,0,0,74,1312,ITF,ITF1,13,Abruzzo,Abruzzo,1304970,283468,21.72,0.11
1009,2021-04-11,ABR,5157,2505,2652,15,8,7,5,93,615,777,3580,6,51,4674,483,ITF,ITF1,13,Abruzzo,Abruzzo,1304970,288625,22.12,0.4
1010,2021-01-25,ABR,1604,633,971,1584,19,0,0,0,0,0,0,0,1,20,1584,ITF,ITF1,13,Abruzzo,Abruzzo,1304970,290229,22.24,0.12
1011,2021-02-17,ABR,2077,952,1125,512,144,394,1,0,22,718,0,210,76,1794,283,ITF,ITF1,13,Abruzzo,Abruzzo,1304970,292306,22.4,0.16
1012,2021-03-20,ABR,4733,2159,2574,318,206,63,97,50,99,3653,45,99,103,2569,2164,ITF,ITF1,13,Abruzzo,Abruzzo,1304970,297039,22.76,0.36
1013,2021-04-12,ABR,6227,2950,3277,217,66,50,36,194,505,1300,3758,20,81,5055,1172,ITF,ITF1,13,Abruzzo,Abruzzo,1304970,303266,23.24,0.48
1014,2021-01-07,ABR,1603,552,1051,1566,37,0,0,0,0,0,0,0,0,1603,0,ITF,ITF1,13,Abruzzo,Abruzzo,1304970,304869,23.36,0.12
1015,2021-01-09,ABR,1483,565,918,1430,50,0,0,1,0,0,0,0,2,1483,0,ITF,ITF1,13,Abruzzo,Abruzzo,1304970,306352,23.48,0.11
1016,2021-01-08,ABR,1525,507,1018,1487,36,0,0,1,1,0,0,0,0,1525,0,ITF,ITF1,13,Abruzzo,Abruzzo,1304970,307877,23.59,0.12
1017,2021-02-18,ABR,2291,934,1357,670,297,417,0,3,5,612,0,215,72,2161,130,ITF,ITF1,13,Abruzzo,Abruzzo,1304970,310168,23.77,0.18
1018,2021-02-19,ABR,3301,1552,1749,990,346,371,8,10,9,1113,1,402,51,3201,100,ITF,ITF1,13,Abruzzo,Abruzzo,1304970,313469,24.02,0.25
1019,2021-02-16,ABR,1978,869,1109,841,278,139,0,4,2,561,0,75,78,1966,12,ITF,ITF1,13,Abruzzo,Abruzzo,1304970,315447,24.17,0.15
1020,2021-01-14,ABR,530,189,341,364,114,0,0,4,5,34,0,0,9,530,0,ITF,ITF1,13,Abruzzo,Abruzzo,1304970,315977,24.21,0.04
1021,2021-01-26,ABR,1542,567,975,1513,29,0,0,0,0,0,0,0,0,29,1513,ITF,ITF1,13,Abruzzo,Abruzzo,1304970,317519,24.33,0.12
1022,2021-04-21,ABR,6386,3101,3285,63,53,13,14,990,1514,1020,2597,9,113,4711,1675,ITF,ITF1,13,Abruzzo,Abruzzo,1304970,323905,24.82,0.49
1023,2021-02-25,ABR,3086,1347,1739,615,398,57,126,28,6,1508,2,262,84,2558,528,ITF,ITF1,13,Abruzzo,Abruzzo,1304970,326991,25.06,0.24
1024,2021-02-10,ABR,948,313,635,622,182,116,0,5,0,0,0,0,23,504,444,ITF,ITF1,13,Abruzzo,Abruzzo,1304970,327939,25.13,0.07
1025,2021-02-20,ABR,4782,1843,2939,310,444,193,1887,5,12,1417,1,406,107,4706,76,ITF,ITF1,13,Abruzzo,Abruzzo,1304970,332721,25.5,0.37
1026,2021-01-10,ABR,1139,409,730,1091,44,0,0,0,0,0,0,0,4,1139,0,ITF,ITF1,13,Abruzzo,Abruzzo,1304970,333860,25.58,0.09
1027,2021-03-14,ABR,1895,733,1162,8,3,0,249,20,7,1489,0,2,117,1228,667,ITF,ITF1,13,Abruzzo,Abruzzo,1304970,335755,25.73,0.15
1028,2021-04-23,ABR,7350,3375,3975,157,67,122,27,533,1640,1520,3173,14,97,5067,2283,ITF,ITF1,13,Abruzzo,Abruzzo,1304970,343105,26.29,0.56
1029,2021-02-05,ABR,1536,521,1015,1188,188,107,0,9,0,0,0,0,44,789,747,ITF,ITF1,13,Abruzzo,Abruzzo,1304970,344641,26.41,0.12
1030,2021-04-20,ABR,5582,2682,2900,39,83,1,20,326,2180,920,1940,18,55,4171,1411,ITF,ITF1,13,Abruzzo,Abruzzo,1304970,350223,26.84,0.43
1031,2021-04-16,ABR,7542,3491,4051,157,79,46,33,168,271,1685,5048,12,43,5622,1920,ITF,ITF1,13,Abruzzo,Abruzzo,1304970,357765,27.42,0.58
1032,2021-01-30,ABR,1510,567,943,1349,112,47,0,0,0,0,0,0,2,69,1441,ITF,ITF1,13,Abruzzo,Abruzzo,1304970,359275,27.53,0.12
1033,2021-01-02,ABR,548,218,330,540,5,0,0,0,0,0,0,0,3,548,0,ITF,ITF1,13,Abruzzo,Abruzzo,1304970,359823,27.57,0.04
1034,2021-02-06,ABR,1611,742,869,1168,278,72,0,14,7,2,0,0,70,602,1009,ITF,ITF1,13,Abruzzo,Abruzzo,1304970,361434,27.7,0.12
1035,2021-01-11,ABR,1551,557,994,1337,152,48,0,3,0,0,0,0,11,1551,0,ITF,ITF1,13,Abruzzo,Abruzzo,1304970,362985,27.82,0.12
1036,2021-03-02,ABR,3964,1676,2288,934,220,53,405,82,3,1857,2,299,109,3280,684,ITF,ITF1,13,Abruzzo,Abruzzo,1304970,366949,28.12,0.3
1037,2021-04-08,ABR,7350,3321,4029,156,83,73,203,70,409,2633,3627,45,51,5069,2281,ITF,ITF1,13,Abruzzo,Abruzzo,1304970,374299,28.68,0.56
1038,2021-02-02,ABR,1798,677,1121,1243,404,142,0,1,0,0,0,0,8,241,1557,ITF,ITF1,13,Abruzzo,Abruzzo,1304970,376097,28.82,0.14
1039,2021-01-30,PAT,386,132,254,346,7,32,1,0,0,0,0,0,0,152,234,ITH,ITH2,4,Provincia Autonoma Trento,P.A. Trento,541380,386,0.07,0.07
1040,2021-03-05,PAT,2227,700,1527,126,70,102,774,5,24,957,1,158,10,1661,566,ITH,ITH2,4,Provincia Autonoma Trento,P.A. Trento,541380,2613,0.48,0.41
1041,2021-01-14,PAT,699,203,496,482,6,208,0,0,0,0,0,0,3,699,0,ITH,ITH2,4,Provincia Autonoma Trento,P.A. Trento,541380,3312,0.61,0.13
1042,2021-01-24,PAT,547,276,271,535,12,0,0,0,0,0,0,0,0,224,323,ITH,ITH2,4,Provincia Autonoma Trento,P.A. Trento,541380,3859,0.71,0.1
1043,2021-03-15,PAT,1410,545,865,58,130,26,175,3,285,624,15,54,40,946,464,ITH,ITH2,4,Provincia Autonoma Trento,P.A. Trento,541380,5269,0.97,0.26
1044,2021-01-21,PAT,351,94,257,320,13,16,0,0,0,0,0,0,2,228,123,ITH,ITH2,4,Provincia Autonoma Trento,P.A. Trento,541380,5620,1.04,0.06
1045,2021-03-04,PAT,2351,790,1561,161,26,23,347,14,12,1727,0,19,22,1572,779,ITH,ITH2,4,Provincia Autonoma Trento,P.A. Trento,541380,7971,1.47,0.43
1046,2021-03-21,PAT,129,69,60,34,1,0,18,2,18,0,56,0,0,129,0,ITH,ITH2,4,Provincia Autonoma Trento,P.A. Trento,541380,8100,1.5,0.02
1047,2021-04-14,PAT,3110,1464,1646,115,50,7,7,97,1487,1019,311,2,15,2374,736,ITH,ITH2,4,Provincia Autonoma Trento,P.A. Trento,541380,11210,2.07,0.57
1048,2021-03-03,PAT,1653,621,1032,74,11,60,203,4,5,1267,3,19,7,1136,517,ITH,ITH2,4,Provincia Autonoma Trento,P.A. Trento,541380,12863,2.38,0.31
1049,2021-04-05,PAT,33,16,17,0,0,0,1,21,11,0,0,0,0,33,0,ITH,ITH2,4,Provincia Autonoma Trento,P.A. Trento,541380,12896,2.38,0.01
1050,2021-04-19,PAT,2606,1225,1381,40,12,0,6,591,899,310,677,2,69,2580,26,ITH,ITH2,4,Provincia Autonoma Trento,P.A. Trento,541380,15502,2.86,0.48
1051,2021-02-23,PAT,1108,395,713,272,13,17,50,1,0,751,0,3,1,897,211,ITH,ITH2,4,Provincia Autonoma Trento,P.A. Trento,541380,16610,3.07,0.2
1052,2021-01-13,PAT,421,123,298,392,6,23,0,0,0,0,0,0,0,421,0,ITH,ITH2,4,Provincia Autonoma Trento,P.A. Trento,541380,17031,3.15,0.08
1053,2021-03-07,PAT,22,6,16,0,0,0,22,0,0,0,0,0,0,22,0,ITH,ITH2,4,Provincia Autonoma Trento,P.A. Trento,541380,17053,3.15,0.0
1054,2021-01-27,PAT,802,277,525,463,33,304,0,0,0,1,0,0,1,91,711,ITH,ITH2,4,Provincia Autonoma Trento,P.A. Trento,541380,17855,3.3,0.15
1055,2021-01-29,PAT,1352,331,1021,724,74,542,0,0,0,3,0,0,9,55,1297,ITH,ITH2,4,Provincia Autonoma Trento,P.A. Trento,541380,19207,3.55,0.25
1056,2021-04-15,PAT,3150,1427,1723,179,111,16,3,129,1513,503,680,1,15,2998,152,ITH,ITH2,4,Provincia Autonoma Trento,P.A. Trento,541380,22357,4.13,0.58
1057,2021-03-18,PAT,2297,950,1347,63,1,2,3,9,530,1662,16,2,9,1224,1073,ITH,ITH2,4,Provincia Autonoma Trento,P.A. Trento,541380,24654,4.55,0.42
1058,2021-02-13,PAT,536,333,203,373,4,0,0,1,0,158,0,0,0,171,365,ITH,ITH2,4,Provincia Autonoma Trento,P.A. Trento,541380,25190,4.65,0.1
1059,2021-03-27,PAT,1611,706,905,270,362,0,165,12,352,61,227,135,27,1359,252,ITH,ITH2,4,Provincia Autonoma Trento,P.A. Trento,541380,26801,4.95,0.3
1060,2021-02-12,PAT,1010,340,670,335,54,55,0,2,9,553,0,0,2,589,421,ITH,ITH2,4,Provincia Autonoma Trento,P.A. Trento,541380,27811,5.14,0.19
1061,2021-03-20,PAT,870,401,469,154,97,0,69,0,342,78,127,0,3,669,201,ITH,ITH2,4,Provincia Autonoma Trento,P.A. Trento,541380,28681,5.3,0.16
1062,2021-03-10,PAT,2398,925,1473,356,36,25,316,4,10,1421,2,221,7,1477,921,ITH,ITH2,4,Provincia Autonoma Trento,P.A. Trento,541380,31079,5.74,0.44
1063,2021-01-09,PAT,190,40,150,146,13,31,0,0,0,0,0,0,0,190,0,ITH,ITH2,4,Provincia Autonoma Trento,P.A. Trento,541380,31269,5.78,0.04
1064,2021-03-08,PAT,1397,433,964,65,15,0,277,2,6,1016,1,7,8,1044,353,ITH,ITH2,4,Provincia Autonoma Trento,P.A. Trento,541380,32666,6.03,0.26
1065,2021-03-29,PAT,2443,956,1487,93,30,5,91,32,801,1003,99,4,285,1709,734,ITH,ITH2,4,Provincia Autonoma Trento,P.A. Trento,541380,35109,6.49,0.45
1066,2021-04-17,PAT,2201,1119,1082,13,2,0,0,146,1503,77,449,0,11,2144,57,ITH,ITH2,4,Provincia Autonoma Trento,P.A. Trento,541380,37310,6.89,0.41
1067,2021-01-22,PAT,1668,433,1235,904,121,631,3,3,5,1,0,0,0,329,1339,ITH,ITH2,4,Provincia Autonoma Trento,P.A. Trento,541380,38978,7.2,0.31
1068,2021-02-16,PAT,663,244,419,73,2,3,10,0,8,563,0,0,4,658,5,ITH,ITH2,4,Provincia Autonoma Trento,P.A. Trento,541380,39641,7.32,0.12
1069,2021-02-24,PAT,1318,523,795,236,5,29,66,4,2,974,1,1,0,922,396,ITH,ITH2,4,Provincia Autonoma Trento,P.A. Trento,541380,40959,7.57,0.24
1070,2021-01-23,PAT,577,334,243,487,2,88,0,0,0,0,0,0,0,388,189,ITH,ITH2,4,Provincia Autonoma Trento,P.A. Trento,541380,41536,7.67,0.11
1071,2021-03-17,PAT,2075,795,1280,399,15,55,10,4,279,1270,23,1,19,1202,873,ITH,ITH2,4,Provincia Autonoma Trento,P.A. Trento,541380,43611,8.06,0.38
1072,2021-03-02,PAT,1302,440,862,138,16,55,146,4,9,925,1,1,7,926,376,ITH,ITH2,4,Provincia Autonoma Trento,P.A. Trento,541380,44913,8.3,0.24
1073,2021-02-26,PAT,1218,435,783,250,12,19,105,3,2,823,0,1,3,923,295,ITH,ITH2,4,Provincia Autonoma Trento,P.A. Trento,541380,46131,8.52,0.22
1074,2021-04-07,PAT,2571,1005,1566,259,27,29,101,19,629,1352,131,9,15,1631,940,ITH,ITH2,4,Provincia Autonoma Trento,P.A. Trento,541380,48702,9.0,0.47
1075,2021-04-08,PAT,3100,1291,1809,182,25,46,38,57,1021,1405,307,3,16,1992,1108,ITH,ITH2,4,Provincia Autonoma Trento,P.A. Trento,541380,51802,9.57,0.57
1076,2021-03-13,PAT,829,380,449,203,15,30,259,0,0,44,0,278,0,781,48,ITH,ITH2,4,Provincia Autonoma Trento,P.A. Trento,541380,52631,9.72,0.15
1077,2021-01-08,PAT,1449,313,1136,775,128,530,0,0,7,7,0,0,2,1449,0,ITH,ITH2,4,Provincia Autonoma Trento,P.A. Trento,541380,54080,9.99,0.27
1078,2021-04-11,PAT,2332,1131,1201,45,57,8,175,26,1754,21,233,7,6,2241,91,ITH,ITH2,4,Provincia Autonoma Trento,P.A. Trento,541380,56412,10.42,0.43
1079,2020-12-31,PAT,1624,449,1175,841,105,676,0,0,1,1,0,0,0,1624,0,ITH,ITH2,4,Provincia Autonoma Trento,P.A. Trento,541380,58036,10.72,0.3
1080,2021-02-15,PAT,533,187,346,145,21,27,11,1,1,322,0,0,5,419,114,ITH,ITH2,4,Provincia Autonoma Trento,P.A. Trento,541380,58569,10.82,0.1
1081,2021-03-01,PAT,1237,454,783,74,1,10,95,5,8,1037,0,3,4,942,295,ITH,ITH2,4,Provincia Autonoma Trento,P.A. Trento,541380,59806,11.05,0.23
1082,2021-02-09,PAT,914,287,627,447,8,73,0,2,1,381,0,0,2,441,473,ITH,ITH2,4,Provincia Autonoma Trento,P.A. Trento,541380,60720,11.22,0.17
1083,2021-04-22,PAT,2809,1329,1480,36,35,0,0,1172,835,197,516,2,16,2777,32,ITH,ITH2,4,Provincia Autonoma Trento,P.A. Trento,541380,63529,11.73,0.52
1084,2021-03-06,PAT,773,277,496,362,11,0,195,3,0,195,0,5,2,622,151,ITH,ITH2,4,Provincia Autonoma Trento,P.A. Trento,541380,64302,11.88,0.14
1085,2021-01-06,PAT,42,13,29,42,0,0,0,0,0,0,0,0,0,42,0,ITH,ITH2,4,Provincia Autonoma Trento,P.A. Trento,541380,64344,11.89,0.01
1086,2021-01-18,PAT,643,154,489,529,35,73,0,1,0,1,0,0,4,588,55,ITH,ITH2,4,Provincia Autonoma Trento,P.A. Trento,541380,64987,12.0,0.12
1087,2021-01-05,PAT,709,232,477,495,46,162,0,1,1,0,0,0,4,709,0,ITH,ITH2,4,Provincia Autonoma Trento,P.A. Trento,541380,65696,12.13,0.13
1088,2021-04-20,PAT,2834,1360,1474,38,20,0,4,940,1261,168,384,2,17,2796,38,ITH,ITH2,4,Provincia Autonoma Trento,P.A. Trento,541380,68530,12.66,0.52
1089,2021-03-26,PAT,3149,1225,1924,136,178,108,554,30,1095,901,63,46,38,2550,599,ITH,ITH2,4,Provincia Autonoma Trento,P.A. Trento,541380,71679,13.24,0.58
1090,2021-04-23,PAT,2991,1465,1526,21,11,2,1,1208,701,144,877,1,25,2966,25,ITH,ITH2,4,Provincia Autonoma Trento,P.A. Trento,541380,74670,13.79,0.55
1091,2021-02-06,PAT,574,298,276,179,0,0,0,1,0,391,0,0,3,433,141,ITH,ITH2,4,Provincia Autonoma Trento,P.A. Trento,541380,75244,13.9,0.11
1092,2021-02-21,PAT,155,92,63,154,0,0,1,0,0,0,0,0,0,43,112,ITH,ITH2,4,Provincia Autonoma Trento,P.A. Trento,541380,75399,13.93,0.03
1093,2021-01-20,PAT,290,72,218,231,10,48,0,0,0,0,0,0,1,278,12,ITH,ITH2,4,Provincia Autonoma Trento,P.A. Trento,541380,75689,13.98,0.05
1094,2021-01-02,PAT,502,143,359,336,21,141,0,0,0,3,0,0,1,502,0,ITH,ITH2,4,Provincia Autonoma Trento,P.A. Trento,541380,76191,14.07,0.09
1095,2021-04-01,PAT,2881,1226,1655,192,137,8,125,35,501,1634,120,24,105,1796,1085,ITH,ITH2,4,Provincia Autonoma Trento,P.A. Trento,541380,79072,14.61,0.53
1096,2021-03-11,PAT,2293,851,1442,105,50,41,391,8,13,1587,22,59,17,1471,822,ITH,ITH2,4,Provincia Autonoma Trento,P.A. Trento,541380,81365,15.03,0.42
1097,2021-02-02,PAT,907,240,667,507,33,189,0,2,5,170,0,0,1,190,717,ITH,ITH2,4,Provincia Autonoma Trento,P.A. Trento,541380,82272,15.2,0.17
1098,2021-01-11,PAT,730,221,509,523,49,153,0,1,0,0,0,0,4,730,0,ITH,ITH2,4,Provincia Autonoma Trento,P.A. Trento,541380,83002,15.33,0.13
1099,2021-04-18,PAT,1853,844,1009,10,53,4,3,1025,509,23,218,0,8,1845,8,ITH,ITH2,4,Provincia Autonoma Trento,P.A. Trento,541380,84855,15.67,0.34
1100,2021-01-15,PAT,594,131,463,463,18,111,0,0,1,0,0,0,1,594,0,ITH,ITH2,4,Provincia Autonoma Trento,P.A. Trento,541380,85449,15.78,0.11
1101,2021-04-21,PAT,2880,1342,1538,47,12,3,1,1175,918,186,531,0,7,2826,54,ITH,ITH2,4,Provincia Autonoma Trento,P.A. Trento,541380,88329,16.32,0.53
1102,2021-02-17,PAT,1110,425,685,326,9,35,12,3,11,709,0,3,2,1020,90,ITH,ITH2,4,Provincia Autonoma Trento,P.A. Trento,541380,89439,16.52,0.21
1103,2021-03-23,PAT,2429,938,1491,146,111,71,163,7,844,1002,35,34,16,1697,732,ITH,ITH2,4,Provincia Autonoma Trento,P.A. Trento,541380,91868,16.97,0.45
1104,2021-03-24,PAT,2372,938,1434,207,89,42,224,6,237,1450,65,42,10,1552,820,ITH,ITH2,4,Provincia Autonoma Trento,P.A. Trento,541380,94240,17.41,0.44
1105,2020-12-27,PAT,103,40,63,76,4,21,0,0,0,0,0,0,2,103,0,ITH,ITH2,4,Provincia Autonoma Trento,P.A. Trento,541380,94343,17.43,0.02
1106,2021-03-14,PAT,107,65,42,102,0,0,5,0,0,0,0,0,0,20,87,ITH,ITH2,4,Provincia Autonoma Trento,P.A. Trento,541380,94450,17.45,0.02
1107,2021-04-24,PAT,1428,668,760,0,8,1,0,852,129,23,406,0,9,1424,4,ITH,ITH2,4,Provincia Autonoma Trento,P.A. Trento,541380,95878,17.71,0.26
1108,2021-01-10,PAT,84,19,65,54,18,12,0,0,0,0,0,0,0,84,0,ITH,ITH2,4,Provincia Autonoma Trento,P.A. Trento,541380,95962,17.73,0.02
1109,2021-01-31,PAT,75,15,60,55,13,6,0,1,0,0,0,0,0,1,74,ITH,ITH2,4,Provincia Autonoma Trento,P.A. Trento,541380,96037,17.74,0.01
1110,2021-02-10,PAT,850,290,560,310,7,51,0,1,0,481,0,0,0,509,341,ITH,ITH2,4,Provincia Autonoma Trento,P.A. Trento,541380,96887,17.9,0.16
1111,2021-04-02,PAT,2770,1140,1630,149,65,44,297,58,1168,689,133,15,152,2106,664,ITH,ITH2,4,Provincia Autonoma Trento,P.A. Trento,541380,99657,18.41,0.51
1112,2021-01-12,PAT,504,158,346,418,25,61,0,0,0,0,0,0,0,504,0,ITH,ITH2,4,Provincia Autonoma Trento,P.A. Trento,541380,100161,18.5,0.09
1113,2021-01-01,PAT,213,50,163,114,11,88,0,0,0,0,0,0,0,213,0,ITH,ITH2,4,Provincia Autonoma Trento,P.A. Trento,541380,100374,18.54,0.04
1114,2021-02-11,PAT,1132,365,767,332,3,48,0,0,5,739,0,0,5,796,336,ITH,ITH2,4,Provincia Autonoma Trento,P.A. Trento,541380,101506,18.75,0.21
1115,2021-03-09,PAT,1579,588,991,98,44,31,199,2,8,1102,1,92,2,936,643,ITH,ITH2,4,Provincia Autonoma Trento,P.A. Trento,541380,103085,19.04,0.29
1116,2021-04-12,PAT,3072,1396,1676,136,29,31,364,77,1320,755,317,12,31,2577,495,ITH,ITH2,4,Provincia Autonoma Trento,P.A. Trento,541380,106157,19.61,0.57
1117,2021-02-01,PAT,1220,335,885,767,70,375,0,1,1,0,0,0,6,92,1128,ITH,ITH2,4,Provincia Autonoma Trento,P.A. Trento,541380,107377,19.83,0.23
1118,2021-03-12,PAT,2492,931,1561,207,253,106,557,9,26,1120,5,203,6,1688,804,ITH,ITH2,4,Provincia Autonoma Trento,P.A. Trento,541380,109869,20.29,0.46
1119,2021-01-07,PAT,1270,310,960,649,46,557,0,1,4,13,0,0,0,1270,0,ITH,ITH2,4,Provincia Autonoma Trento,P.A. Trento,541380,111139,20.53,0.23
1120,2021-02-27,PAT,1024,455,569,459,5,2,113,0,2,434,0,4,5,604,420,ITH,ITH2,4,Provincia Autonoma Trento,P.A. Trento,541380,112163,20.72,0.19
1121,2021-02-20,PAT,406,245,161,330,10,30,31,0,0,1,0,3,1,122,284,ITH,ITH2,4,Provincia Autonoma Trento,P.A. Trento,541380,112569,20.79,0.07
1122,2021-01-25,PAT,817,215,602,524,27,263,0,0,0,2,0,0,1,23,794,ITH,ITH2,4,Provincia Autonoma Trento,P.A. Trento,541380,113386,20.94,0.15
1123,2021-02-08,PAT,1151,318,833,551,53,237,1,1,4,303,0,0,1,342,809,ITH,ITH2,4,Provincia Autonoma Trento,P.A. Trento,541380,114537,21.16,0.21
1124,2021-03-31,PAT,2547,983,1564,142,34,5,227,26,480,1474,101,6,52,1690,857,ITH,ITH2,4,Provincia Autonoma Trento,P.A. Trento,541380,117084,21.63,0.47
1125,2021-02-04,PAT,972,304,668,543,10,89,0,1,2,325,0,0,2,420,552,ITH,ITH2,4,Provincia Autonoma Trento,P.A. Trento,541380,118056,21.81,0.18
1126,2021-02-05,PAT,802,271,531,467,19,66,0,1,0,248,0,0,1,283,519,ITH,ITH2,4,Provincia Autonoma Trento,P.A. Trento,541380,118858,21.95,0.15
1127,2021-04-10,PAT,2788,1304,1484,21,8,1,187,42,2183,67,257,11,11,1994,794,ITH,ITH2,4,Provincia Autonoma Trento,P.A. Trento,541380,121646,22.47,0.51
1128,2021-03-22,PAT,2304,972,1332,82,132,8,103,11,849,994,61,38,26,1429,875,ITH,ITH2,4,Provincia Autonoma Trento,P.A. Trento,541380,123950,22.9,0.43
1129,2021-01-17,PAT,251,195,56,251,0,0,0,0,0,0,0,0,0,251,0,ITH,ITH2,4,Provincia Autonoma Trento,P.A. Trento,541380,124201,22.94,0.05
1130,2021-04-16,PAT,2769,1311,1458,82,28,22,8,222,1234,377,769,2,25,2625,144,ITH,ITH2,4,Provincia Autonoma Trento,P.A. Trento,541380,126970,23.45,0.51
1131,2021-01-16,PAT,319,148,171,304,0,15,0,0,0,0,0,0,0,319,0,ITH,ITH2,4,Provincia Autonoma Trento,P.A. Trento,541380,127289,23.51,0.06
1132,2021-02-18,PAT,1205,426,779,300,25,35,55,2,3,782,0,3,0,1143,62,ITH,ITH2,4,Provincia Autonoma Trento,P.A. Trento,541380,128494,23.73,0.22
1133,2021-02-28,PAT,242,121,121,231,0,0,11,0,0,0,0,0,0,242,0,ITH,ITH2,4,Provincia Autonoma Trento,P.A. Trento,541380,128736,23.78,0.04
1134,2021-04-06,PAT,2254,948,1306,39,6,9,101,11,850,1068,139,18,13,1488,766,ITH,ITH2,4,Provincia Autonoma Trento,P.A. Trento,541380,130990,24.2,0.42
1135,2021-03-28,PAT,746,290,456,18,413,0,2,9,18,8,167,107,4,743,3,ITH,ITH2,4,Provincia Autonoma Trento,P.A. Trento,541380,131736,24.33,0.14
1136,2021-04-03,PAT,1132,471,661,143,266,0,31,9,146,60,365,107,5,965,167,ITH,ITH2,4,Provincia Autonoma Trento,P.A. Trento,541380,132868,24.54,0.21
1137,2021-02-22,PAT,745,259,486,119,4,70,45,1,4,501,0,0,1,661,84,ITH,ITH2,4,Provincia Autonoma Trento,P.A. Trento,541380,133613,24.68,0.14
1138,2021-03-19,PAT,2421,914,1507,320,70,53,68,17,758,1064,50,2,19,1571,850,ITH,ITH2,4,Provincia Autonoma Trento,P.A. Trento,541380,136034,25.13,0.45
1139,2021-02-19,PAT,927,358,569,170,37,93,28,5,11,582,0,1,0,869,58,ITH,ITH2,4,Provincia Autonoma Trento,P.A. Trento,541380,136961,25.3,0.17
1140,2021-01-28,PAT,530,147,383,390,29,107,0,1,1,2,0,0,0,48,482,ITH,ITH2,4,Provincia Autonoma Trento,P.A. Trento,541380,137491,25.4,0.1
1141,2021-03-16,PAT,1391,506,885,221,7,36,5,1,24,1073,11,0,13,608,783,ITH,ITH2,4,Provincia Autonoma Trento,P.A. Trento,541380,138882,25.65,0.26
1142,2021-01-04,PAT,870,227,643,486,41,336,0,2,4,1,0,0,0,870,0,ITH,ITH2,4,Provincia Autonoma Trento,P.A. Trento,541380,139752,25.81,0.16
1143,2021-04-09,PAT,2693,1138,1555,86,27,27,195,60,1290,886,111,4,7,1504,1189,ITH,ITH2,4,Provincia Autonoma Trento,P.A. Trento,541380,142445,26.31,0.5
1144,2021-02-25,PAT,1639,642,997,120,9,32,93,2,3,1377,0,1,2,1199,440,ITH,ITH2,4,Provincia Autonoma Trento,P.A. Trento,541380,144084,26.61,0.3
1145,2021-01-03,PAT,492,160,332,419,9,63,0,0,0,0,0,0,1,492,0,ITH,ITH2,4,Provincia Autonoma Trento,P.A. Trento,541380,144576,26.71,0.09
1146,2021-01-19,PAT,405,77,328,365,3,36,0,0,0,0,0,0,1,405,0,ITH,ITH2,4,Provincia Autonoma Trento,P.A. Trento,541380,144981,26.78,0.07
1147,2021-02-03,PAT,846,314,532,356,13,73,0,1,2,400,0,0,1,414,432,ITH,ITH2,4,Provincia Autonoma Trento,P.A. Trento,541380,145827,26.94,0.16
1148,2021-02-14,PAT,246,186,60,246,0,0,0,0,0,0,0,0,0,11,235,ITH,ITH2,4,Provincia Autonoma Trento,P.A. Trento,541380,146073,26.98,0.05
1149,2021-04-13,PAT,2544,1053,1491,25,12,3,387,40,1218,693,144,2,20,2037,507,ITH,ITH2,4,Provincia Autonoma Trento,P.A. Trento,541380,148617,27.45,0.47
1150,2020-12-30,PAT,7,3,4,4,1,2,0,0,0,0,0,0,0,7,0,ITH,ITH2,4,Provincia Autonoma Trento,P.A. Trento,541380,148624,27.45,0.0
1151,2021-03-25,PAT,2871,1103,1768,183,141,28,359,32,631,1326,83,25,63,1822,1049,ITH,ITH2,4,Provincia Autonoma Trento,P.A. Trento,541380,151495,27.98,0.53
1152,2021-03-30,PAT,2379,970,1409,71,60,53,176,18,792,1048,94,9,58,1742,637,ITH,ITH2,4,Provincia Autonoma Trento,P.A. Trento,541380,153874,28.42,0.44
1153,2021-01-26,PAT,542,154,388,441,16,84,0,0,0,0,0,0,1,27,515,ITH,ITH2,4,Provincia Autonoma Trento,P.A. Trento,541380,154416,28.52,0.1
1154,2021-04-10,CAM,28337,13485,14852,259,61,90,733,333,7069,6314,12856,211,411,23422,4915,ITF,ITF3,15,Campania,Campania,5801692,28337,0.49,0.49
1155,2021-04-04,CAM,7942,4002,3940,177,28,6,73,46,1210,1996,4044,63,299,6899,1043,ITF,ITF3,15,Campania,Campania,5801692,36279,0.63,0.14
1156,2021-01-12,CAM,5214,2563,2651,3439,722,340,0,104,29,7,0,0,573,5214,0,ITF,ITF3,15,Campania,Campania,5801692,41493,0.72,0.09
1157,2021-04-02,CAM,21742,10412,11330,263,48,108,1063,138,6340,3975,8559,515,733,19424,2318,ITF,ITF3,15,Campania,Campania,5801692,63235,1.09,0.37
1158,2021-02-19,CAM,9554,3556,5998,1663,169,161,2192,103,35,4457,0,0,774,8904,650,ITF,ITF3,15,Campania,Campania,5801692,72789,1.25,0.16
1159,2021-01-01,CAM,919,506,413,831,85,0,0,2,0,0,0,0,1,919,0,ITF,ITF3,15,Campania,Campania,5801692,73708,1.27,0.02
1160,2021-03-26,CAM,19453,8929,10524,363,40,142,1634,100,3152,7624,5466,464,468,15643,3810,ITF,ITF3,15,Campania,Campania,5801692,93161,1.61,0.34
1161,2021-02-11,CAM,6278,2704,3574,1861,279,129,0,238,90,2410,0,0,1271,6212,66,ITF,ITF3,15,Campania,Campania,5801692,99439,1.71,0.11
1162,2021-01-18,CAM,957,399,558,576,93,187,0,12,4,17,0,0,68,713,244,ITF,ITF3,15,Campania,Campania,5801692,100396,1.73,0.02
1163,2021-02-22,CAM,10663,3292,7371,544,60,143,5542,63,38,3899,0,0,374,10400,263,ITF,ITF3,15,Campania,Campania,5801692,111059,1.91,0.18
1164,2021-04-03,CAM,21114,10314,10800,203,50,185,558,106,5970,4533,8848,207,454,18738,2376,ITF,ITF3,15,Campania,Campania,5801692,132173,2.28,0.36
1165,2021-02-08,CAM,5112,2449,2663,1387,320,226,0,327,180,1436,0,0,1236,4310,802,ITF,ITF3,15,Campania,Campania,5801692,137285,2.37,0.09
1166,2021-01-16,CAM,3369,1675,1694,1355,230,373,0,231,63,32,0,0,1085,3369,0,ITF,ITF3,15,Campania,Campania,5801692,140654,2.42,0.06
1167,2021-04-01,CAM,24305,11665,12640,416,63,83,1626,170,4315,7021,9396,572,643,20175,4130,ITF,ITF3,15,Campania,Campania,5801692,164959,2.84,0.42
1168,2021-03-13,CAM,14252,6793,7459,404,136,193,3685,84,27,6717,0,2322,684,8967,5285,ITF,ITF3,15,Campania,Campania,5801692,179211,3.09,0.25
1169,2021-01-06,CAM,7652,3749,3903,5781,838,300,0,116,29,4,0,0,584,7652,0,ITF,ITF3,15,Campania,Campania,5801692,186863,3.22,0.13
1170,2021-03-16,CAM,8087,3519,4568,289,61,60,114,47,85,6875,235,29,292,3772,4315,ITF,ITF3,15,Campania,Campania,5801692,194950,3.36,0.14
1171,2021-03-12,CAM,14247,7095,7152,1022,156,82,2802,114,56,6606,0,2438,971,8164,6083,ITF,ITF3,15,Campania,Campania,5801692,209197,3.61,0.25
1172,2021-04-15,CAM,34290,16642,17648,312,46,21,318,4261,7017,6153,15606,121,435,24418,9872,ITF,ITF3,15,Campania,Campania,5801692,243487,4.2,0.59
1173,2020-12-27,CAM,720,422,298,703,14,0,0,0,1,0,0,0,2,720,0,ITF,ITF3,15,Campania,Campania,5801692,244207,4.21,0.01
1174,2021-04-18,CAM,27158,13261,13897,108,23,7,240,3939,5518,5346,11735,84,158,18264,8894,ITF,ITF3,15,Campania,Campania,5801692,271365,4.68,0.47
1175,2021-01-29,CAM,10052,4812,5240,6405,1052,259,0,307,75,19,0,0,1935,47,10005,ITF,ITF3,15,Campania,Campania,5801692,281417,4.85,0.17
1176,2021-04-12,CAM,23302,10921,12381,149,64,70,217,1027,10306,3270,7759,129,311,20264,3038,ITF,ITF3,15,Campania,Campania,5801692,304719,5.25,0.4
1177,2021-02-17,CAM,7388,3210,4178,1013,208,38,362,129,70,4913,0,0,655,6328,1060,ITF,ITF3,15,Campania,Campania,5801692,312107,5.38,0.13
1178,2021-02-16,CAM,5435,2410,3025,983,276,169,1,118,43,3189,0,0,656,4664,771,ITF,ITF3,15,Campania,Campania,5801692,317542,5.47,0.09
1179,2021-04-21,CAM,30173,14697,15476,100,43,3,266,5931,7874,3729,11917,102,208,17967,12206,ITF,ITF3,15,Campania,Campania,5801692,347715,5.99,0.52
1180,2021-01-25,CAM,5744,2926,2818,4743,644,56,0,46,13,2,0,0,240,164,5580,ITF,ITF3,15,Campania,Campania,5801692,353459,6.09,0.1
1181,2021-02-27,CAM,13943,4471,9472,825,290,82,8311,245,112,3184,0,0,894,12301,1642,ITF,ITF3,15,Campania,Campania,5801692,367402,6.33,0.24
1182,2021-01-09,CAM,10566,5024,5542,6759,1256,269,0,253,64,21,0,0,1944,10566,0,ITF,ITF3,15,Campania,Campania,5801692,377968,6.51,0.18
1183,2021-04-24,CAM,15772,7752,8020,61,15,3,185,1708,3621,1725,8155,89,210,8789,6983,ITF,ITF3,15,Campania,Campania,5801692,393740,6.79,0.27
1184,2021-02-18,CAM,9079,3811,5268,1752,241,89,438,142,57,5561,0,1,798,8371,708,ITF,ITF3,15,Campania,Campania,5801692,402819,6.94,0.16
1185,2021-01-08,CAM,10456,4969,5487,6715,1147,212,0,309,80,18,0,0,1975,10456,0,ITF,ITF3,15,Campania,Campania,5801692,413275,7.12,0.18
1186,2021-04-11,CAM,17521,8606,8915,116,34,2,203,313,5115,1834,9596,82,226,15443,2078,ITF,ITF3,15,Campania,Campania,5801692,430796,7.43,0.3
1187,2021-02-25,CAM,12422,4479,7943,803,119,124,4805,144,81,5692,0,0,654,11234,1188,ITF,ITF3,15,Campania,Campania,5801692,443218,7.64,0.21
1188,2021-01-14,CAM,7073,2977,4096,3707,1264,350,0,206,61,14,0,0,1471,7073,0,ITF,ITF3,15,Campania,Campania,5801692,450291,7.76,0.12
1189,2021-02-20,CAM,8564,3079,5485,1023,158,145,1966,57,13,4588,0,0,614,8261,303,ITF,ITF3,15,Campania,Campania,5801692,458855,7.91,0.15
1190,2021-01-26,CAM,7340,3726,3614,5775,847,231,0,87,27,5,0,0,368,352,6988,ITF,ITF3,15,Campania,Campania,5801692,466195,8.04,0.13
1191,2021-02-14,CAM,3924,1921,2003,626,102,15,0,130,122,2472,0,0,457,3890,34,ITF,ITF3,15,Campania,Campania,5801692,470119,8.1,0.07
1192,2021-04-13,CAM,26593,12675,13918,226,69,97,244,2699,11288,4200,7135,135,500,21066,5527,ITF,ITF3,15,Campania,Campania,5801692,496712,8.56,0.46
1193,2021-03-14,CAM,8505,3721,4784,328,115,2,2018,56,27,4563,0,975,421,4367,4138,ITF,ITF3,15,Campania,Campania,5801692,505217,8.71,0.15
1194,2021-02-10,CAM,6904,3413,3491,1945,284,98,0,448,235,2218,0,0,1676,6728,176,ITF,ITF3,15,Campania,Campania,5801692,512121,8.83,0.12
1195,2021-02-06,CAM,5341,2665,2676,1990,520,459,0,427,176,58,0,0,1711,2103,3238,ITF,ITF3,15,Campania,Campania,5801692,517462,8.92,0.09
1196,2021-01-10,CAM,8165,3736,4429,5179,1010,97,0,232,62,13,0,0,1572,8165,0,ITF,ITF3,15,Campania,Campania,5801692,525627,9.06,0.14
1197,2021-04-20,CAM,32085,15543,16542,152,40,199,332,7679,7196,4711,11292,142,342,20767,11318,ITF,ITF3,15,Campania,Campania,5801692,557712,9.61,0.55
1198,2021-01-05,CAM,7237,3638,3599,5810,923,106,0,68,20,4,0,0,306,7237,0,ITF,ITF3,15,Campania,Campania,5801692,564949,9.74,0.12
1199,2021-01-30,CAM,10721,5079,5642,6930,1278,227,0,251,68,18,0,0,1949,39,10682,ITF,ITF3,15,Campania,Campania,5801692,575670,9.92,0.18
1200,2021-04-23,CAM,32207,15474,16733,161,42,69,320,5732,6222,3719,15442,179,321,23075,9132,ITF,ITF3,15,Campania,Campania,5801692,607877,10.48,0.56
1201,2021-02-05,CAM,7261,3463,3798,3447,995,308,0,348,140,35,0,0,1988,2133,5128,ITF,ITF3,15,Campania,Campania,5801692,615138,10.6,0.13
1202,2021-01-11,CAM,4072,1871,2201,2386,681,252,0,111,28,14,0,0,600,4072,0,ITF,ITF3,15,Campania,Campania,5801692,619210,10.67,0.07
1203,2021-04-16,CAM,34295,16550,17745,236,50,108,313,3196,6276,6633,16838,277,368,23641,10654,ITF,ITF3,15,Campania,Campania,5801692,653505,11.26,0.59
1204,2021-03-27,CAM,21276,10027,11249,356,39,63,1956,88,4053,7143,6937,210,431,17413,3863,ITF,ITF3,15,Campania,Campania,5801692,674781,11.63,0.37
1205,2021-03-22,CAM,12745,5922,6823,309,762,72,2471,80,3639,3502,588,922,400,10707,2038,ITF,ITF3,15,Campania,Campania,5801692,687526,11.85,0.22
1206,2021-03-17,CAM,11585,5096,6489,490,133,49,137,55,158,10009,141,43,370,5006,6579,ITF,ITF3,15,Campania,Campania,5801692,699111,12.05,0.2
1207,2021-03-01,CAM,12122,4245,7877,1153,319,147,5786,304,181,3104,0,0,1128,8011,4111,ITF,ITF3,15,Campania,Campania,5801692,711233,12.26,0.21
1208,2021-02-04,CAM,7943,3429,4514,3965,1245,292,0,328,140,25,0,0,1948,1308,6635,ITF,ITF3,15,Campania,Campania,5801692,719176,12.4,0.14
1209,2021-03-31,CAM,22666,10896,11770,340,85,111,1164,143,7470,5166,7334,307,546,19228,3438,ITF,ITF3,15,Campania,Campania,5801692,741842,12.79,0.39
1210,2021-03-02,CAM,12745,4550,8195,1294,197,147,5899,365,225,3279,0,2,1337,8401,4344,ITF,ITF3,15,Campania,Campania,5801692,754587,13.01,0.22
1211,2021-01-23,CAM,3838,2028,1810,3161,343,69,0,40,8,0,0,0,217,273,3565,ITF,ITF3,15,Campania,Campania,5801692,758425,13.07,0.07
1212,2021-02-09,CAM,4643,2202,2441,1148,178,6,0,356,211,1381,0,0,1363,4391,252,ITF,ITF3,15,Campania,Campania,5801692,763068,13.15,0.08
1213,2021-02-15,CAM,5469,2515,2954,987,238,94,1,98,64,3402,1,1,583,5296,173,ITF,ITF3,15,Campania,Campania,5801692,768537,13.25,0.09
1214,2021-03-28,CAM,15548,7497,8051,79,156,18,679,55,3590,5102,5532,165,172,13925,1623,ITF,ITF3,15,Campania,Campania,5801692,784085,13.51,0.27
1215,2021-02-24,CAM,11767,4146,7621,845,194,145,4189,45,24,5963,1,0,361,11079,688,ITF,ITF3,15,Campania,Campania,5801692,795852,13.72,0.2
1216,2021-04-06,CAM,24380,11421,12959,306,116,141,1555,100,10173,5374,5995,208,412,19863,4517,ITF,ITF3,15,Campania,Campania,5801692,820232,14.14,0.42
1217,2021-02-28,CAM,10411,3206,7205,496,116,22,5496,302,139,2261,0,0,1579,8511,1900,ITF,ITF3,15,Campania,Campania,5801692,830643,14.32,0.18
1218,2021-02-07,CAM,2929,1382,1547,706,189,225,0,260,155,342,0,0,1052,2158,771,ITF,ITF3,15,Campania,Campania,5801692,833572,14.37,0.05
1219,2020-12-31,CAM,1490,811,679,1273,150,1,0,11,2,0,0,0,53,1490,0,ITF,ITF3,15,Campania,Campania,5801692,835062,14.39,0.03
1220,2021-03-20,CAM,13894,6433,7461,295,43,35,2883,76,1677,6516,772,1020,577,10155,3739,ITF,ITF3,15,Campania,Campania,5801692,848956,14.63,0.24
1221,2021-01-17,CAM,1155,551,604,718,54,151,0,22,7,3,0,0,200,702,453,ITF,ITF3,15,Campania,Campania,5801692,850111,14.65,0.02
1222,2021-02-21,CAM,5833,2239,3594,780,45,22,508,56,14,3871,0,0,537,5608,225,ITF,ITF3,15,Campania,Campania,5801692,855944,14.75,0.1
1223,2021-03-19,CAM,11030,4868,6162,392,68,21,853,70,134,8441,474,138,439,7161,3869,ITF,ITF3,15,Campania,Campania,5801692,866974,14.94,0.19
1224,2021-01-21,CAM,2093,1116,977,1379,153,75,0,95,32,22,0,0,337,677,1416,ITF,ITF3,15,Campania,Campania,5801692,869067,14.98,0.04
1225,2021-03-29,CAM,18952,9136,9816,362,51,129,1204,83,4481,5041,6847,304,450,17408,1544,ITF,ITF3,15,Campania,Campania,5801692,888019,15.31,0.33
1226,2021-02-26,CAM,13327,4228,9099,951,127,220,7829,130,65,3422,0,1,582,11992,1335,ITF,ITF3,15,Campania,Campania,5801692,901346,15.54,0.23
1227,2021-03-18,CAM,12163,5376,6787,460,79,34,459,72,260,9973,231,99,496,5975,6188,ITF,ITF3,15,Campania,Campania,5801692,913509,15.75,0.21
1228,2021-03-05,CAM,16475,6347,10128,1683,243,64,5787,320,141,6364,0,4,1869,9815,6660,ITF,ITF3,15,Campania,Campania,5801692,929984,16.03,0.28
1229,2021-01-07,CAM,8910,4166,4744,6313,1087,332,0,193,29,11,0,0,945,8910,0,ITF,ITF3,15,Campania,Campania,5801692,938894,16.18,0.15
1230,2021-03-06,CAM,16304,6750,9554,993,135,173,5486,250,170,7145,0,1105,847,10637,5667,ITF,ITF3,15,Campania,Campania,5801692,955198,16.46,0.28
1231,2021-04-22,CAM,33824,16479,17345,221,49,14,304,5240,6686,5048,15813,135,314,21470,12354,ITF,ITF3,15,Campania,Campania,5801692,989022,17.05,0.58
1232,2021-03-03,CAM,13916,5492,8424,2088,240,156,4232,469,251,4809,0,4,1667,7287,6629,ITF,ITF3,15,Campania,Campania,5801692,1002938,17.29,0.24
1233,2021-04-17,CAM,36161,17494,18667,217,41,7,430,4707,6963,6356,16960,140,340,24640,11521,ITF,ITF3,15,Campania,Campania,5801692,1039099,17.91,0.62
1234,2021-03-10,CAM,15240,7374,7866,704,246,26,2468,121,44,8441,1,2345,844,8411,6829,ITF,ITF3,15,Campania,Campania,5801692,1054339,18.17,0.26
1235,2021-03-21,CAM,9984,4593,5391,168,28,17,1677,46,3789,2935,762,383,179,7595,2389,ITF,ITF3,15,Campania,Campania,5801692,1064323,18.35,0.17
1236,2021-03-08,CAM,14536,6715,7821,888,248,70,4957,156,78,4874,0,2275,990,9760,4776,ITF,ITF3,15,Campania,Campania,5801692,1078859,18.6,0.25
1237,2021-02-23,CAM,10995,3385,7610,520,87,295,5939,57,30,3760,0,0,307,10469,526,ITF,ITF3,15,Campania,Campania,5801692,1089854,18.79,0.19
1238,2021-01-22,CAM,1523,775,748,970,120,209,0,28,6,4,0,0,186,673,850,ITF,ITF3,15,Campania,Campania,5801692,1091377,18.81,0.03
1239,2021-02-12,CAM,6528,2860,3668,1885,306,208,4,160,69,3062,0,0,834,6342,186,ITF,ITF3,15,Campania,Campania,5801692,1097905,18.92,0.11
1240,2021-03-04,CAM,14649,5349,9300,1901,305,136,4836,302,98,5595,0,1,1475,8756,5893,ITF,ITF3,15,Campania,Campania,5801692,1112554,19.18,0.25
1241,2021-03-23,CAM,15333,7056,8277,359,491,181,3292,160,2744,4739,2114,577,676,12828,2505,ITF,ITF3,15,Campania,Campania,5801692,1127887,19.44,0.26
1242,2021-03-24,CAM,17620,8081,9539,410,99,70,2443,111,1943,6726,4802,621,395,14669,2951,ITF,ITF3,15,Campania,Campania,5801692,1145507,19.74,0.3
1243,2021-01-24,CAM,4128,2123,2005,3140,410,166,0,46,10,0,0,0,356,383,3745,ITF,ITF3,15,Campania,Campania,5801692,1149635,19.82,0.07
1244,2021-03-25,CAM,19997,9340,10657,308,52,8,2484,124,2563,7454,6029,396,579,16494,3503,ITF,ITF3,15,Campania,Campania,5801692,1169632,20.16,0.34
1245,2021-02-13,CAM,5509,2550,2959,960,114,131,2,160,127,3622,0,0,393,5292,217,ITF,ITF3,15,Campania,Campania,5801692,1175141,20.26,0.09
1246,2021-04-19,CAM,30434,14734,15700,177,51,91,241,7784,5419,5101,11186,121,263,18872,11562,ITF,ITF3,15,Campania,Campania,5801692,1205575,20.78,0.52
1247,2021-02-01,CAM,3985,1813,2172,2504,656,152,0,102,26,14,0,0,531,110,3875,ITF,ITF3,15,Campania,Campania,5801692,1209560,20.85,0.07
1248,2021-01-02,CAM,3673,1962,1711,3167,340,0,0,22,8,0,0,0,136,3673,0,ITF,ITF3,15,Campania,Campania,5801692,1213233,20.91,0.06
1249,2021-01-20,CAM,1257,650,607,395,146,101,0,101,100,17,0,0,397,1257,0,ITF,ITF3,15,Campania,Campania,5801692,1214490,20.93,0.02
1250,2021-03-09,CAM,13839,6619,7220,797,276,184,4187,177,49,4513,1,2515,1140,10058,3781,ITF,ITF3,15,Campania,Campania,5801692,1228329,21.17,0.24
1251,2021-04-05,CAM,11636,5542,6094,141,23,6,432,31,2455,2879,5306,111,252,9214,2422,ITF,ITF3,15,Campania,Campania,5801692,1239965,21.37,0.2
1252,2021-01-27,CAM,7738,3820,3918,5839,875,270,0,118,32,4,0,0,600,163,7575,ITF,ITF3,15,Campania,Campania,5801692,1247703,21.51,0.13
1253,2021-01-31,CAM,8066,3711,4355,5106,1012,67,0,238,61,12,0,0,1570,23,8043,ITF,ITF3,15,Campania,Campania,5801692,1255769,21.64,0.14
1254,2021-01-19,CAM,1095,474,621,534,129,171,0,36,7,1,0,0,217,1092,3,ITF,ITF3,15,Campania,Campania,5801692,1256864,21.66,0.02
1255,2021-03-11,CAM,17574,8665,8909,1049,295,105,2835,180,87,8955,0,2956,1112,10298,7276,ITF,ITF3,15,Campania,Campania,5801692,1274438,21.97,0.3
1256,2021-01-28,CAM,8833,4122,4711,6216,1094,347,0,190,32,12,0,0,942,135,8698,ITF,ITF3,15,Campania,Campania,5801692,1283271,22.12,0.15
1257,2021-01-04,CAM,5826,2963,2863,4850,679,0,0,45,5,1,0,0,246,5826,0,ITF,ITF3,15,Campania,Campania,5801692,1289097,22.22,0.1
1258,2021-04-09,CAM,29807,13947,15860,261,74,39,958,183,9290,7320,10728,353,601,23690,6117,ITF,ITF3,15,Campania,Campania,5801692,1318904,22.73,0.51
1259,2021-02-02,CAM,5722,2804,2918,3640,828,354,0,140,50,22,0,0,688,443,5279,ITF,ITF3,15,Campania,Campania,5801692,1324626,22.83,0.1
1260,2021-03-15,CAM,12936,6087,6849,821,142,78,2561,82,1445,6287,12,1065,443,8192,4744,ITF,ITF3,15,Campania,Campania,5801692,1337562,23.05,0.22
1261,2021-02-03,CAM,8902,4002,4900,4736,1101,714,0,295,74,34,0,0,1948,878,8024,ITF,ITF3,15,Campania,Campania,5801692,1346464,23.21,0.15
1262,2021-04-08,CAM,28265,13636,14629,283,131,58,1040,135,6670,7225,11877,401,445,22429,5836,ITF,ITF3,15,Campania,Campania,5801692,1374729,23.7,0.49
1263,2021-01-15,CAM,4980,2381,2599,2740,832,191,0,159,72,22,0,0,964,4980,0,ITF,ITF3,15,Campania,Campania,5801692,1379709,23.78,0.09
1264,2021-04-14,CAM,27635,13325,14310,268,55,22,268,3203,11170,5108,7059,133,349,19070,8565,ITF,ITF3,15,Campania,Campania,5801692,1407344,24.26,0.48
1265,2021-01-03,CAM,3837,2009,1828,3191,401,0,0,31,6,0,0,0,208,3837,0,ITF,ITF3,15,Campania,Campania,5801692,1411181,24.32,0.07
1266,2021-03-07,CAM,11911,5344,6567,533,110,85,4351,158,134,4030,0,1953,557,8070,3841,ITF,ITF3,15,Campania,Campania,5801692,1423092,24.53,0.21
1267,2021-03-30,CAM,21685,10260,11425,278,47,171,1836,148,5857,5670,6764,284,630,18730,2955,ITF,ITF3,15,Campania,Campania,5801692,1444777,24.9,0.37
1268,2021-01-13,CAM,8019,3665,4354,4350,1031,587,0,267,65,30,0,0,1689,8019,0,ITF,ITF3,15,Campania,Campania,5801692,1452796,25.04,0.14
1269,2021-04-07,CAM,24736,11770,12966,348,206,62,1043,135,7507,6621,8001,274,539,20014,4722,ITF,ITF3,15,Campania,Campania,5801692,1477532,25.47,0.43
1270,2021-01-31,LAZ,4339,1808,2531,3572,142,244,0,57,43,153,0,0,128,356,3983,ITI,ITI4,12,Lazio,Lazio,5879082,4339,0.07,0.07
1271,2021-01-26,LAZ,7788,3017,4771,6592,219,631,0,81,44,154,0,0,67,557,7231,ITI,ITI4,12,Lazio,Lazio,5879082,12127,0.21,0.13
1272,2021-02-13,LAZ,6439,2526,3913,2123,100,280,0,58,69,3710,0,0,99,6189,250,ITI,ITI4,12,Lazio,Lazio,5879082,18566,0.32,0.11
1273,2021-03-18,LAZ,14189,6063,8126,1025,94,330,6,378,1037,9653,1276,15,375,7813,6376,ITI,ITI4,12,Lazio,Lazio,5879082,32755,0.56,0.24
1274,2021-04-13,LAZ,25118,11644,13474,730,109,289,55,4877,8069,7763,2844,23,359,17448,7670,ITI,ITI4,12,Lazio,Lazio,5879082,57873,0.98,0.43
1275,2021-01-27,LAZ,5956,2291,3665,4797,228,457,0,99,50,148,0,0,177,839,5117,ITI,ITI4,12,Lazio,Lazio,5879082,63829,1.09,0.1
1276,2021-02-10,LAZ,7960,3241,4719,2647,276,634,0,95,79,4044,0,0,185,4842,3118,ITI,ITI4,12,Lazio,Lazio,5879082,71789,1.22,0.14
1277,2021-02-25,LAZ,12640,5514,7126,1754,440,489,2611,139,117,5223,1,1423,443,11592,1048,ITI,ITI4,12,Lazio,Lazio,5879082,84429,1.44,0.21
1278,2021-03-08,LAZ,19950,8256,11694,1578,135,380,4709,930,271,9234,906,1102,705,14683,5267,ITI,ITI4,12,Lazio,Lazio,5879082,104379,1.78,0.34
1279,2021-04-08,LAZ,26259,11973,14286,1218,92,186,59,3577,9027,8390,2460,159,1091,18611,7648,ITI,ITI4,12,Lazio,Lazio,5879082,130638,2.22,0.45
1280,2021-03-02,LAZ,16725,7252,9473,1477,362,229,3754,462,96,8224,328,1278,515,12793,3932,ITI,ITI4,12,Lazio,Lazio,5879082,147363,2.51,0.28
1281,2021-01-10,LAZ,4039,1700,2339,3424,160,252,0,35,27,24,0,0,117,4039,0,ITI,ITI4,12,Lazio,Lazio,5879082,151402,2.58,0.07
1282,2021-01-20,LAZ,4594,1792,2802,3282,233,427,0,90,58,367,0,0,137,3051,1543,ITI,ITI4,12,Lazio,Lazio,5879082,155996,2.65,0.08
1283,2021-04-20,LAZ,30400,13988,16412,687,134,230,75,7298,10105,7858,3588,32,393,19345,11055,ITI,ITI4,12,Lazio,Lazio,5879082,186396,3.17,0.52
1284,2021-01-24,LAZ,5592,2175,3417,4945,132,134,0,55,98,166,0,0,62,510,5082,ITI,ITI4,12,Lazio,Lazio,5879082,191988,3.27,0.1
1285,2021-03-15,LAZ,19232,8312,10920,1603,136,411,2526,702,1675,9744,813,964,658,12496,6736,ITI,ITI4,12,Lazio,Lazio,5879082,211220,3.59,0.33
1286,2021-01-28,LAZ,8102,3077,5025,6811,381,514,0,103,36,146,0,0,111,606,7496,ITI,ITI4,12,Lazio,Lazio,5879082,219322,3.73,0.14
1287,2021-04-07,LAZ,24637,11166,13471,1119,89,189,94,2804,8829,8368,2058,117,970,17460,7177,ITI,ITI4,12,Lazio,Lazio,5879082,243959,4.15,0.42
1288,2021-01-30,LAZ,6781,2791,3990,5298,283,651,0,109,67,184,0,0,189,580,6201,ITI,ITI4,12,Lazio,Lazio,5879082,250740,4.26,0.12
1289,2021-04-14,LAZ,28762,13083,15679,656,85,148,82,5012,9667,8998,3669,19,426,18723,10039,ITI,ITI4,12,Lazio,Lazio,5879082,279502,4.75,0.49
1290,2021-01-11,LAZ,5525,2103,3422,4553,311,569,0,12,9,14,0,0,57,5525,0,ITI,ITI4,12,Lazio,Lazio,5879082,285027,4.85,0.09
1291,2021-03-07,LAZ,14071,5424,8647,1000,27,148,3533,311,137,7464,405,697,349,10482,3589,ITI,ITI4,12,Lazio,Lazio,5879082,299098,5.09,0.24
1292,2021-04-19,LAZ,29632,13497,16135,624,106,156,37,6848,9912,8177,3330,43,399,19111,10521,ITI,ITI4,12,Lazio,Lazio,5879082,328730,5.59,0.5
1293,2021-01-13,LAZ,5609,2101,3508,4146,273,1009,0,38,12,26,0,0,105,5609,0,ITI,ITI4,12,Lazio,Lazio,5879082,334339,5.69,0.1
1294,2021-02-22,LAZ,11434,4979,6455,1779,130,473,2222,36,30,5276,1,1390,97,10932,502,ITI,ITI4,12,Lazio,Lazio,5879082,345773,5.88,0.19
1295,2021-02-24,LAZ,12028,5191,6837,1799,434,337,2400,75,64,5244,0,1327,348,11035,993,ITI,ITI4,12,Lazio,Lazio,5879082,357801,6.09,0.2
1296,2021-04-10,LAZ,23649,10267,13382,672,59,111,86,3931,7260,7811,3194,31,494,16485,7164,ITI,ITI4,12,Lazio,Lazio,5879082,381450,6.49,0.4
1297,2021-03-22,LAZ,21454,8924,12530,883,79,245,3861,420,4365,9325,1380,558,338,14959,6495,ITI,ITI4,12,Lazio,Lazio,5879082,402904,6.85,0.36
1298,2021-03-16,LAZ,13518,5725,7793,1194,70,280,6,215,848,9671,860,9,365,7084,6434,ITI,ITI4,12,Lazio,Lazio,5879082,416422,7.08,0.23
1299,2020-12-30,LAZ,1630,629,1001,1603,0,27,0,0,0,0,0,0,0,1630,0,ITI,ITI4,12,Lazio,Lazio,5879082,418052,7.11,0.03
1300,2021-01-17,LAZ,4735,1933,2802,3243,148,177,0,54,77,896,0,0,140,4523,212,ITI,ITI4,12,Lazio,Lazio,5879082,422787,7.19,0.08
1301,2021-04-09,LAZ,26867,12055,14812,841,148,162,70,4165,8842,8559,2838,155,1087,18698,8169,ITI,ITI4,12,Lazio,Lazio,5879082,449654,7.65,0.46
1302,2021-04-02,LAZ,27935,13042,14893,1166,114,166,197,3259,8999,9342,3340,291,1061,20652,7283,ITI,ITI4,12,Lazio,Lazio,5879082,477589,8.12,0.48
1303,2021-03-20,LAZ,18153,6791,11362,908,148,360,3047,395,2115,9071,1473,214,422,12317,5836,ITI,ITI4,12,Lazio,Lazio,5879082,495742,8.43,0.31
1304,2020-12-29,LAZ,488,176,312,486,2,0,0,0,0,0,0,0,0,488,0,ITI,ITI4,12,Lazio,Lazio,5879082,496230,8.44,0.01
1305,2021-03-28,LAZ,18788,7526,11262,550,22,77,2606,1389,4235,8545,961,139,264,13490,5298,ITI,ITI4,12,Lazio,Lazio,5879082,515018,8.76,0.32
1306,2021-01-09,LAZ,6293,2560,3733,5115,240,620,0,61,41,39,0,0,177,6293,0,ITI,ITI4,12,Lazio,Lazio,5879082,521311,8.87,0.11
1307,2021-01-05,LAZ,7370,2802,4568,6690,98,577,0,1,1,1,0,1,1,7370,0,ITI,ITI4,12,Lazio,Lazio,5879082,528681,8.99,0.13
1308,2021-03-19,LAZ,17050,7285,9765,1129,149,389,1006,396,2071,9676,1480,267,487,10730,6320,ITI,ITI4,12,Lazio,Lazio,5879082,545731,9.28,0.29
1309,2020-12-28,LAZ,959,412,547,957,2,0,0,0,0,0,0,0,0,959,0,ITI,ITI4,12,Lazio,Lazio,5879082,546690,9.3,0.02
1310,2021-02-07,LAZ,4836,1954,2882,3252,139,218,1,84,92,893,0,0,157,385,4451,ITI,ITI4,12,Lazio,Lazio,5879082,551526,9.38,0.08
1311,2021-02-08,LAZ,9522,3992,5530,3789,430,918,0,133,98,3826,0,0,328,4499,5023,ITI,ITI4,12,Lazio,Lazio,5879082,561048,9.54,0.16
1312,2021-03-29,LAZ,23752,10669,13083,763,92,143,803,1547,7476,9741,2405,368,414,16810,6942,ITI,ITI4,12,Lazio,Lazio,5879082,584800,9.95,0.4
1313,2021-02-27,LAZ,11382,4250,7132,1359,403,515,2703,83,103,4885,12,1120,199,10428,954,ITI,ITI4,12,Lazio,Lazio,5879082,596182,10.14,0.19
1314,2021-01-22,LAZ,3810,1530,2280,3380,76,70,0,51,21,165,0,0,47,295,3515,ITI,ITI4,12,Lazio,Lazio,5879082,599992,10.21,0.06
1315,2021-03-05,LAZ,18643,7872,10771,1787,180,256,3970,1078,188,8578,561,1323,722,13914,4729,ITI,ITI4,12,Lazio,Lazio,5879082,618635,10.52,0.32
1316,2021-04-18,LAZ,23574,10464,13110,446,23,37,26,6110,7876,7017,1855,11,173,15968,7606,ITI,ITI4,12,Lazio,Lazio,5879082,642209,10.92,0.4
1317,2021-03-21,LAZ,17806,6817,10989,1148,33,111,3436,115,3156,8252,1233,118,204,12782,5024,ITI,ITI4,12,Lazio,Lazio,5879082,660015,11.23,0.3
1318,2021-02-04,LAZ,6166,2368,3798,4460,358,892,0,105,68,119,0,0,164,967,5199,ITI,ITI4,12,Lazio,Lazio,5879082,666181,11.33,0.1
1319,2021-04-06,LAZ,23622,10563,13059,1118,88,94,167,2627,8553,8060,1887,234,794,16591,7031,ITI,ITI4,12,Lazio,Lazio,5879082,689803,11.73,0.4
1320,2021-03-10,LAZ,21912,9435,12477,1890,177,452,4617,2210,546,9061,913,1179,867,16273,5639,ITI,ITI4,12,Lazio,Lazio,5879082,711715,12.11,0.37
1321,2021-04-24,LAZ,15660,6958,8702,285,50,75,51,3907,4837,3793,2205,182,275,9618,6042,ITI,ITI4,12,Lazio,Lazio,5879082,727375,12.37,0.27
1322,2021-02-18,LAZ,9822,4877,4945,2162,111,473,1,160,60,4980,0,1665,210,9184,638,ITI,ITI4,12,Lazio,Lazio,5879082,737197,12.54,0.17
1323,2021-02-19,LAZ,9834,4969,4865,2170,105,408,34,93,93,5132,0,1636,163,9201,633,ITI,ITI4,12,Lazio,Lazio,5879082,747031,12.71,0.17
1324,2021-04-17,LAZ,31919,14010,17909,826,101,218,54,7111,9260,9244,4331,10,764,20111,11808,ITI,ITI4,12,Lazio,Lazio,5879082,778950,13.25,0.54
1325,2021-02-14,LAZ,5663,2312,3351,1645,38,127,0,73,121,3498,0,0,161,5292,371,ITI,ITI4,12,Lazio,Lazio,5879082,784613,13.35,0.1
1326,2021-01-14,LAZ,5335,2033,3302,3887,306,811,0,63,37,105,0,0,126,5335,0,ITI,ITI4,12,Lazio,Lazio,5879082,789948,13.44,0.09
1327,2021-01-02,LAZ,6705,2630,4075,6269,77,358,0,0,0,0,0,0,1,6705,0,ITI,ITI4,12,Lazio,Lazio,5879082,796653,13.55,0.11
1328,2021-03-09,LAZ,20837,8927,11910,1904,113,338,4617,1505,333,9103,1060,1230,634,15642,5195,ITI,ITI4,12,Lazio,Lazio,5879082,817490,13.91,0.35
1329,2021-03-04,LAZ,18342,7809,10533,2013,216,507,3905,924,132,8275,429,1315,626,13327,5015,ITI,ITI4,12,Lazio,Lazio,5879082,835832,14.22,0.31
1330,2021-01-04,LAZ,7479,2908,4571,7076,86,316,1,0,0,0,0,0,0,7479,0,ITI,ITI4,12,Lazio,Lazio,5879082,843311,14.34,0.13
1331,2021-02-01,LAZ,5671,2174,3497,4784,193,559,0,17,27,30,1,0,60,354,5317,ITI,ITI4,12,Lazio,Lazio,5879082,848982,14.44,0.1
1332,2021-03-11,LAZ,23704,10540,13164,1993,132,440,4437,2759,734,9465,1072,1892,780,17478,6226,ITI,ITI4,12,Lazio,Lazio,5879082,872686,14.84,0.4
1333,2021-04-23,LAZ,35523,16978,18545,723,150,176,86,7948,11887,7396,5290,506,1361,21345,14178,ITI,ITI4,12,Lazio,Lazio,5879082,908209,15.45,0.6
1334,2021-01-07,LAZ,7743,2901,4842,6898,182,566,0,16,10,9,0,0,62,7743,0,ITI,ITI4,12,Lazio,Lazio,5879082,915952,15.58,0.13
1335,2021-02-20,LAZ,8956,4155,4801,1942,123,298,22,109,113,4854,0,1310,185,8411,545,ITI,ITI4,12,Lazio,Lazio,5879082,924908,15.73,0.15
1336,2021-04-05,LAZ,19706,8965,10741,502,36,29,63,1809,8147,7567,1249,20,284,13554,6152,ITI,ITI4,12,Lazio,Lazio,5879082,944614,16.07,0.34
1337,2021-01-03,LAZ,5250,1972,3278,5125,50,65,0,1,4,1,0,0,4,5250,0,ITI,ITI4,12,Lazio,Lazio,5879082,949864,16.16,0.09
1338,2021-02-06,LAZ,5257,2131,3126,3279,217,680,0,140,151,606,0,0,184,808,4449,ITI,ITI4,12,Lazio,Lazio,5879082,955121,16.25,0.09
1339,2021-04-16,LAZ,33671,15381,18290,692,140,335,85,6736,10358,9501,4874,53,897,21825,11846,ITI,ITI4,12,Lazio,Lazio,5879082,988792,16.82,0.57
1340,2021-02-05,LAZ,7090,2827,4263,5095,380,995,0,118,93,252,0,0,157,1159,5931,ITI,ITI4,12,Lazio,Lazio,5879082,995882,16.94,0.12
1341,2021-03-13,LAZ,21360,8387,12973,1376,120,330,3739,3180,1277,9178,722,856,582,15466,5894,ITI,ITI4,12,Lazio,Lazio,5879082,1017242,17.3,0.36
1342,2021-02-03,LAZ,6367,2400,3967,4621,342,1078,0,62,38,83,0,0,143,932,5435,ITI,ITI4,12,Lazio,Lazio,5879082,1023609,17.41,0.11
1343,2021-03-24,LAZ,25672,11181,14491,1026,103,107,3605,1730,6506,9634,1812,280,869,19525,6147,ITI,ITI4,12,Lazio,Lazio,5879082,1049281,17.85,0.44
1344,2021-03-23,LAZ,23230,10049,13181,1036,101,181,3857,1054,4926,9317,1410,640,708,16862,6368,ITI,ITI4,12,Lazio,Lazio,5879082,1072511,18.24,0.4
1345,2021-01-19,LAZ,4566,1809,2757,2968,222,424,0,115,118,454,0,0,265,4112,454,ITI,ITI4,12,Lazio,Lazio,5879082,1077077,18.32,0.08
1346,2021-01-18,LAZ,6021,2390,3631,3905,388,725,0,113,74,512,0,0,304,5043,978,ITI,ITI4,12,Lazio,Lazio,5879082,1083098,18.42,0.1
1347,2021-03-30,LAZ,25005,11466,13539,1233,96,249,294,2420,7822,9555,2306,378,652,17900,7105,ITI,ITI4,12,Lazio,Lazio,5879082,1108103,18.85,0.43
1348,2021-04-15,LAZ,31263,14027,17236,690,118,333,85,5362,10290,9557,4021,45,762,20593,10670,ITI,ITI4,12,Lazio,Lazio,5879082,1139366,19.38,0.53
1349,2021-03-25,LAZ,26494,11298,15196,928,95,318,3491,2206,6663,9865,1933,233,762,20121,6373,ITI,ITI4,12,Lazio,Lazio,5879082,1165860,19.83,0.45
1350,2021-03-27,LAZ,25802,10291,15511,1307,127,290,3463,2065,5470,9639,2251,204,986,19464,6338,ITI,ITI4,12,Lazio,Lazio,5879082,1191662,20.27,0.44
1351,2021-01-29,LAZ,7731,2942,4789,6374,262,704,0,88,46,130,0,0,127,612,7119,ITI,ITI4,12,Lazio,Lazio,5879082,1199393,20.4,0.13
1352,2021-02-11,LAZ,6789,2869,3920,2197,179,500,0,76,37,3674,0,0,126,6464,325,ITI,ITI4,12,Lazio,Lazio,5879082,1206182,20.52,0.12
1353,2021-02-28,LAZ,10225,3996,6229,1601,265,77,2599,88,45,4670,5,682,193,9711,514,ITI,ITI4,12,Lazio,Lazio,5879082,1216407,20.69,0.17
1354,2021-01-01,LAZ,3554,1382,2172,3483,2,68,0,0,0,0,0,0,1,3554,0,ITI,ITI4,12,Lazio,Lazio,5879082,1219961,20.75,0.06
1355,2021-03-26,LAZ,27921,12114,15807,1016,119,330,3271,1983,6710,10202,2564,309,1417,21220,6701,ITI,ITI4,12,Lazio,Lazio,5879082,1247882,21.23,0.47
1356,2021-03-12,LAZ,22690,10030,12660,2004,188,400,3948,2379,1171,9625,916,1191,868,16378,6312,ITI,ITI4,12,Lazio,Lazio,5879082,1270572,21.61,0.39
1357,2021-01-23,LAZ,7048,2773,4275,6064,255,417,0,40,47,170,0,0,55,419,6629,ITI,ITI4,12,Lazio,Lazio,5879082,1277620,21.73,0.12
1358,2021-04-04,LAZ,17403,8012,9391,307,40,11,42,1815,7360,6762,876,17,173,12166,5237,ITI,ITI4,12,Lazio,Lazio,5879082,1295023,22.03,0.3
1359,2021-01-12,LAZ,5391,1974,3417,4343,344,584,0,21,11,10,0,0,78,5391,0,ITI,ITI4,12,Lazio,Lazio,5879082,1300414,22.12,0.09
1360,2021-01-16,LAZ,5508,2180,3328,3358,246,1064,0,73,86,545,0,0,136,5508,0,ITI,ITI4,12,Lazio,Lazio,5879082,1305922,22.21,0.09
1361,2021-01-15,LAZ,6394,2571,3823,4498,423,988,0,94,65,194,0,0,132,6394,0,ITI,ITI4,12,Lazio,Lazio,5879082,1312316,22.32,0.11
1362,2021-01-21,LAZ,5391,2202,3189,4781,92,232,0,56,15,167,0,0,48,339,5052,ITI,ITI4,12,Lazio,Lazio,5879082,1317707,22.41,0.09
1363,2021-02-02,LAZ,5832,2168,3664,4712,368,571,0,55,36,33,0,0,57,561,5271,ITI,ITI4,12,Lazio,Lazio,5879082,1323539,22.51,0.1
1364,2021-02-21,LAZ,6864,3129,3735,1245,65,51,16,87,93,4579,0,607,121,6521,343,ITI,ITI4,12,Lazio,Lazio,5879082,1330403,22.63,0.12
1365,2021-04-01,LAZ,27892,12782,15110,1127,111,284,256,2971,8974,9661,3259,339,910,20792,7100,ITI,ITI4,12,Lazio,Lazio,5879082,1358295,23.1,0.47
1366,2020-12-27,LAZ,272,131,141,272,0,0,0,0,0,0,0,0,0,272,0,ITI,ITI4,12,Lazio,Lazio,5879082,1358567,23.11,0.0
1367,2021-02-15,LAZ,7890,3478,4412,2447,377,379,0,84,82,4288,0,8,225,7433,457,ITI,ITI4,12,Lazio,Lazio,5879082,1366457,23.24,0.13
1368,2021-04-03,LAZ,24217,10826,13391,842,72,111,214,3071,8215,8556,2187,44,905,17547,6670,ITI,ITI4,12,Lazio,Lazio,5879082,1390674,23.65,0.41
1369,2021-02-26,LAZ,12980,5650,7330,1909,542,352,2740,117,94,5257,4,1385,580,11692,1288,ITI,ITI4,12,Lazio,Lazio,5879082,1403654,23.88,0.22
1370,2021-02-17,LAZ,9003,4495,4508,2282,244,499,1,117,62,4275,0,1345,178,8288,715,ITI,ITI4,12,Lazio,Lazio,5879082,1412657,24.03,0.15
1371,2021-02-12,LAZ,6645,2737,3908,1995,183,302,0,82,41,3833,0,0,209,6425,220,ITI,ITI4,12,Lazio,Lazio,5879082,1419302,24.14,0.11
1372,2021-04-21,LAZ,32209,14657,17552,687,119,135,69,7550,10712,8093,4306,47,491,20161,12048,ITI,ITI4,12,Lazio,Lazio,5879082,1451511,24.69,0.55
1373,2021-01-25,LAZ,7930,3142,4788,7006,218,363,0,61,64,139,0,0,79,590,7340,ITI,ITI4,12,Lazio,Lazio,5879082,1459441,24.82,0.13
1374,2021-03-06,LAZ,18108,6955,11153,1508,119,327,3773,2223,143,8024,583,932,476,13854,4254,ITI,ITI4,12,Lazio,Lazio,5879082,1477549,25.13,0.31
1375,2021-04-11,LAZ,18946,8381,10565,387,30,50,31,3778,6111,6458,2001,14,86,13069,5877,ITI,ITI4,12,Lazio,Lazio,5879082,1496495,25.45,0.32
1376,2021-04-12,LAZ,23266,10453,12813,628,76,101,72,4107,7607,7689,2571,107,308,16412,6854,ITI,ITI4,12,Lazio,Lazio,5879082,1519761,25.85,0.4
1377,2021-03-17,LAZ,13651,5824,7827,1045,96,255,14,288,936,9690,965,7,355,7417,6234,ITI,ITI4,12,Lazio,Lazio,5879082,1533412,26.08,0.23
1378,2021-03-14,LAZ,17054,6598,10456,1162,96,81,3446,452,1099,8439,543,565,1171,11900,5154,ITI,ITI4,12,Lazio,Lazio,5879082,1550466,26.37,0.29
1379,2021-03-01,LAZ,16812,7185,9627,1325,531,385,3579,385,137,8175,390,1406,499,12947,3865,ITI,ITI4,12,Lazio,Lazio,5879082,1567278,26.66,0.29
1380,2021-02-16,LAZ,8231,3976,4255,2058,125,261,1,133,91,4258,0,951,353,7794,437,ITI,ITI4,12,Lazio,Lazio,5879082,1575509,26.8,0.14
1381,2021-01-08,LAZ,7726,2894,4832,6519,196,798,0,36,32,32,0,0,113,7726,0,ITI,ITI4,12,Lazio,Lazio,5879082,1583235,26.93,0.13
1382,2021-03-03,LAZ,17169,7254,9915,1560,211,379,3937,693,117,8191,259,1249,573,12879,4290,ITI,ITI4,12,Lazio,Lazio,5879082,1600404,27.22,0.29
1383,2021-01-06,LAZ,5119,1960,3159,4619,154,320,1,1,4,8,5,1,6,5119,0,ITI,ITI4,12,Lazio,Lazio,5879082,1605523,27.31,0.09
1384,2021-02-23,LAZ,10990,4723,6267,1897,119,309,1910,65,55,5216,0,1015,404,10306,684,ITI,ITI4,12,Lazio,Lazio,5879082,1616513,27.5,0.19
1385,2021-03-31,LAZ,25809,11883,13926,1008,96,135,255,2488,8130,9577,2830,369,921,18780,7029,ITI,ITI4,12,Lazio,Lazio,5879082,1642322,27.94,0.44
1386,2021-02-09,LAZ,8597,3622,4975,3258,245,548,0,115,119,4058,0,0,254,4578,4019,ITI,ITI4,12,Lazio,Lazio,5879082,1650919,28.08,0.15
1387,2020-12-31,LAZ,5291,2121,3170,4987,20,279,0,1,0,0,0,0,4,5291,0,ITI,ITI4,12,Lazio,Lazio,5879082,1656210,28.17,0.09
1388,2021-04-22,LAZ,37122,18297,18825,801,111,289,77,7871,11597,7954,4928,470,3024,23240,13882,ITI,ITI4,12,Lazio,Lazio,5879082,1693332,28.8,0.63
1389,2021-01-07,PAB,916,327,589,617,107,0,0,25,16,61,0,0,90,916,0,ITH,ITH1,4,Provincia Autonoma Bolzano / Bozen,P.A. Bolzano,533050,916,0.17,0.17
1390,2021-04-23,PAB,4530,2144,2386,229,109,15,15,1791,718,489,1113,27,24,3246,1284,ITH,ITH1,4,Provincia Autonoma Bolzano / Bozen,P.A. Bolzano,533050,5446,1.02,0.85
1391,2021-01-04,PAB,508,201,307,420,49,4,0,6,6,0,0,0,23,508,0,ITH,ITH1,4,Provincia Autonoma Bolzano / Bozen,P.A. Bolzano,533050,5954,1.12,0.1
1392,2021-02-20,PAB,1502,471,1031,196,53,24,729,5,6,477,0,1,11,1484,18,ITH,ITH1,4,Provincia Autonoma Bolzano / Bozen,P.A. Bolzano,533050,7456,1.4,0.28
1393,2021-03-11,PAB,1681,823,858,89,309,79,335,3,14,370,88,379,15,1143,538,ITH,ITH1,4,Provincia Autonoma Bolzano / Bozen,P.A. Bolzano,533050,9137,1.71,0.32
1394,2021-02-01,PAB,1449,439,1010,772,314,295,1,6,0,2,1,1,57,12,1437,ITH,ITH1,4,Provincia Autonoma Bolzano / Bozen,P.A. Bolzano,533050,10586,1.99,0.27
1395,2021-04-05,PAB,301,144,157,5,3,0,1,0,28,70,187,7,0,23,278,ITH,ITH1,4,Provincia Autonoma Bolzano / Bozen,P.A. Bolzano,533050,10887,2.04,0.06
1396,2021-02-05,PAB,3194,1180,2014,761,505,440,0,21,12,1381,0,0,74,8,3186,ITH,ITH1,4,Provincia Autonoma Bolzano / Bozen,P.A. Bolzano,533050,14081,2.64,0.6
1397,2021-04-10,PAB,5389,2664,2725,146,54,3,22,183,3272,552,938,197,22,4801,588,ITH,ITH1,4,Provincia Autonoma Bolzano / Bozen,P.A. Bolzano,533050,19470,3.65,1.01
1398,2021-02-06,PAB,2626,1171,1455,452,43,6,1,28,76,1932,0,0,88,18,2608,ITH,ITH1,4,Provincia Autonoma Bolzano / Bozen,P.A. Bolzano,533050,22096,4.15,0.49
1399,2021-02-26,PAB,1525,550,975,62,32,2,333,4,1,1052,1,0,38,1495,30,ITH,ITH1,4,Provincia Autonoma Bolzano / Bozen,P.A. Bolzano,533050,23621,4.43,0.29
1400,2021-03-06,PAB,3967,2079,1888,479,164,7,381,10,19,1979,48,859,21,3756,211,ITH,ITH1,4,Provincia Autonoma Bolzano / Bozen,P.A. Bolzano,533050,27588,5.18,0.74
1401,2021-01-22,PAB,248,143,105,136,8,85,1,4,0,3,0,0,11,124,124,ITH,ITH1,4,Provincia Autonoma Bolzano / Bozen,P.A. Bolzano,533050,27836,5.22,0.05
1402,2021-04-17,PAB,5229,2598,2631,69,12,36,75,2791,1237,99,734,161,15,5181,48,ITH,ITH1,4,Provincia Autonoma Bolzano / Bozen,P.A. Bolzano,533050,33065,6.2,0.98
1403,2021-02-03,PAB,1503,478,1025,666,341,321,0,12,5,72,1,0,85,5,1498,ITH,ITH1,4,Provincia Autonoma Bolzano / Bozen,P.A. Bolzano,533050,34568,6.48,0.28
1404,2021-04-16,PAB,2949,1418,1531,194,36,5,38,1421,616,115,420,98,6,2438,511,ITH,ITH1,4,Provincia Autonoma Bolzano / Bozen,P.A. Bolzano,533050,37517,7.04,0.55
1405,2021-03-13,PAB,2885,1459,1426,168,59,1,20,11,879,1295,58,381,13,2784,101,ITH,ITH1,4,Provincia Autonoma Bolzano / Bozen,P.A. Bolzano,533050,40402,7.58,0.54
1406,2021-01-19,PAB,853,371,482,174,55,0,0,7,6,579,1,0,31,723,130,ITH,ITH1,4,Provincia Autonoma Bolzano / Bozen,P.A. Bolzano,533050,41255,7.74,0.16
1407,2021-04-03,PAB,831,364,467,9,6,0,0,1,12,799,0,4,0,22,809,ITH,ITH1,4,Provincia Autonoma Bolzano / Bozen,P.A. Bolzano,533050,42086,7.9,0.16
1408,2021-04-22,PAB,2921,1499,1422,66,29,16,88,728,614,165,844,350,21,1979,942,ITH,ITH1,4,Provincia Autonoma Bolzano / Bozen,P.A. Bolzano,533050,45007,8.44,0.55
1409,2021-03-01,PAB,917,220,697,18,2,5,735,18,0,0,0,0,139,917,0,ITH,ITH1,4,Provincia Autonoma Bolzano / Bozen,P.A. Bolzano,533050,45924,8.62,0.17
1410,2021-02-16,PAB,529,205,324,10,1,0,0,0,0,517,1,0,0,529,0,ITH,ITH1,4,Provincia Autonoma Bolzano / Bozen,P.A. Bolzano,533050,46453,8.71,0.1
1411,2021-01-06,PAB,59,18,41,58,1,0,0,0,0,0,0,0,0,59,0,ITH,ITH1,4,Provincia Autonoma Bolzano / Bozen,P.A. Bolzano,533050,46512,8.73,0.01
1412,2021-03-10,PAB,1261,524,737,659,102,0,118,4,6,134,14,133,91,1118,143,ITH,ITH1,4,Provincia Autonoma Bolzano / Bozen,P.A. Bolzano,533050,47773,8.96,0.24
1413,2021-01-02,PAB,91,48,43,69,1,0,0,5,1,0,0,0,15,91,0,ITH,ITH1,4,Provincia Autonoma Bolzano / Bozen,P.A. Bolzano,533050,47864,8.98,0.02
1414,2020-12-30,PAB,388,182,206,343,41,0,0,0,0,0,0,0,4,388,0,ITH,ITH1,4,Provincia Autonoma Bolzano / Bozen,P.A. Bolzano,533050,48252,9.05,0.07
1415,2021-01-11,PAB,1567,513,1054,585,283,175,0,54,41,161,1,0,267,1567,0,ITH,ITH1,4,Provincia Autonoma Bolzano / Bozen,P.A. Bolzano,533050,49819,9.35,0.29
1416,2021-04-09,PAB,2922,1289,1633,337,111,102,14,47,635,279,1358,14,25,2193,729,ITH,ITH1,4,Provincia Autonoma Bolzano / Bozen,P.A. Bolzano,533050,52741,9.89,0.55
1417,2021-02-08,PAB,2,1,1,0,0,0,0,0,0,1,0,0,1,1,1,ITH,ITH1,4,Provincia Autonoma Bolzano / Bozen,P.A. Bolzano,533050,52743,9.89,0.0
1418,2021-02-02,PAB,1745,506,1239,630,370,605,0,9,10,11,0,0,110,8,1737,ITH,ITH1,4,Provincia Autonoma Bolzano / Bozen,P.A. Bolzano,533050,54488,10.22,0.33
1419,2021-01-14,PAB,1941,574,1367,520,440,313,0,63,41,328,0,0,236,1941,0,ITH,ITH1,4,Provincia Autonoma Bolzano / Bozen,P.A. Bolzano,533050,56429,10.59,0.36
1420,2021-01-15,PAB,3281,1227,2054,607,307,342,0,81,29,1447,0,0,468,3281,0,ITH,ITH1,4,Provincia Autonoma Bolzano / Bozen,P.A. Bolzano,533050,59710,11.2,0.62
1421,2021-01-09,PAB,612,326,286,76,28,75,0,66,19,13,0,0,335,612,0,ITH,ITH1,4,Provincia Autonoma Bolzano / Bozen,P.A. Bolzano,533050,60322,11.32,0.11
1422,2021-03-29,PAB,990,423,567,11,2,0,13,0,157,711,67,26,3,231,759,ITH,ITH1,4,Provincia Autonoma Bolzano / Bozen,P.A. Bolzano,533050,61312,11.5,0.19
1423,2021-03-15,PAB,848,295,553,293,97,13,4,16,216,66,66,4,73,366,482,ITH,ITH1,4,Provincia Autonoma Bolzano / Bozen,P.A. Bolzano,533050,62160,11.66,0.16
1424,2021-03-19,PAB,1903,772,1131,158,58,15,14,9,138,1182,311,0,18,797,1106,ITH,ITH1,4,Provincia Autonoma Bolzano / Bozen,P.A. Bolzano,533050,64063,12.02,0.36
1425,2021-04-24,PAB,2254,1133,1121,32,6,0,4,1293,331,63,511,4,10,2073,181,ITH,ITH1,4,Provincia Autonoma Bolzano / Bozen,P.A. Bolzano,533050,66317,12.44,0.42
1426,2021-03-05,PAB,1838,624,1214,337,98,59,240,8,2,896,125,9,64,1396,442,ITH,ITH1,4,Provincia Autonoma Bolzano / Bozen,P.A. Bolzano,533050,68155,12.79,0.34
1427,2021-04-18,PAB,3110,1607,1503,28,14,2,27,1916,524,134,188,273,4,2100,1010,ITH,ITH1,4,Provincia Autonoma Bolzano / Bozen,P.A. Bolzano,533050,71265,13.37,0.58
1428,2021-03-21,PAB,768,285,483,165,17,1,3,3,9,568,0,0,2,14,754,ITH,ITH1,4,Provincia Autonoma Bolzano / Bozen,P.A. Bolzano,533050,72033,13.51,0.14
1429,2021-01-13,PAB,1691,557,1134,446,310,270,0,66,30,175,0,0,394,1691,0,ITH,ITH1,4,Provincia Autonoma Bolzano / Bozen,P.A. Bolzano,533050,73724,13.83,0.32
1430,2021-03-30,PAB,1298,532,766,51,7,153,27,0,121,924,1,11,3,218,1080,ITH,ITH1,4,Provincia Autonoma Bolzano / Bozen,P.A. Bolzano,533050,75022,14.07,0.24
1431,2021-01-18,PAB,1771,687,1084,390,102,8,0,32,56,1019,0,0,164,1766,5,ITH,ITH1,4,Provincia Autonoma Bolzano / Bozen,P.A. Bolzano,533050,76793,14.41,0.33
1432,2021-03-27,PAB,3047,1552,1495,322,36,0,46,31,481,1440,360,305,26,1541,1506,ITH,ITH1,4,Provincia Autonoma Bolzano / Bozen,P.A. Bolzano,533050,79840,14.98,0.57
1433,2021-03-07,PAB,114,13,101,59,50,0,1,0,0,3,0,0,1,9,105,ITH,ITH1,4,Provincia Autonoma Bolzano / Bozen,P.A. Bolzano,533050,79954,15.0,0.02
1434,2021-04-14,PAB,3588,1643,1945,417,139,20,30,1094,829,124,845,80,10,3496,92,ITH,ITH1,4,Provincia Autonoma Bolzano / Bozen,P.A. Bolzano,533050,83542,15.67,0.67
1435,2021-04-02,PAB,2077,837,1240,189,66,60,17,5,253,935,532,11,9,720,1357,ITH,ITH1,4,Provincia Autonoma Bolzano / Bozen,P.A. Bolzano,533050,85619,16.06,0.39
1436,2021-04-12,PAB,2101,943,1158,32,11,1,2,159,1652,93,142,3,6,2095,6,ITH,ITH1,4,Provincia Autonoma Bolzano / Bozen,P.A. Bolzano,533050,87720,16.46,0.39
1437,2021-03-20,PAB,1757,848,909,115,48,9,1,7,265,967,238,99,8,1132,625,ITH,ITH1,4,Provincia Autonoma Bolzano / Bozen,P.A. Bolzano,533050,89477,16.79,0.33
1438,2021-02-12,PAB,730,217,513,322,71,106,0,10,6,141,0,2,72,482,248,ITH,ITH1,4,Provincia Autonoma Bolzano / Bozen,P.A. Bolzano,533050,90207,16.92,0.14
1439,2021-02-22,PAB,526,143,383,342,68,0,10,15,4,5,0,1,81,514,12,ITH,ITH1,4,Provincia Autonoma Bolzano / Bozen,P.A. Bolzano,533050,90733,17.02,0.1
1440,2021-03-04,PAB,1703,998,705,301,80,39,262,11,5,173,73,710,49,1474,229,ITH,ITH1,4,Provincia Autonoma Bolzano / Bozen,P.A. Bolzano,533050,92436,17.34,0.32
1441,2021-02-13,PAB,318,79,239,126,57,7,0,0,0,126,0,0,2,312,6,ITH,ITH1,4,Provincia Autonoma Bolzano / Bozen,P.A. Bolzano,533050,92754,17.4,0.06
1442,2021-02-24,PAB,1365,405,960,10,3,0,1344,0,0,0,0,8,0,1353,12,ITH,ITH1,4,Provincia Autonoma Bolzano / Bozen,P.A. Bolzano,533050,94119,17.66,0.26
1443,2021-03-09,PAB,1194,543,651,29,81,22,47,0,1,930,0,80,4,1192,2,ITH,ITH1,4,Provincia Autonoma Bolzano / Bozen,P.A. Bolzano,533050,95313,17.88,0.22
1444,2021-01-27,PAB,84,28,56,54,26,0,0,1,0,0,0,0,3,1,83,ITH,ITH1,4,Provincia Autonoma Bolzano / Bozen,P.A. Bolzano,533050,95397,17.9,0.02
1445,2021-03-31,PAB,1831,693,1138,420,304,22,16,15,159,431,425,19,20,819,1012,ITH,ITH1,4,Provincia Autonoma Bolzano / Bozen,P.A. Bolzano,533050,97228,18.24,0.34
1446,2021-03-08,PAB,1200,526,674,23,10,166,3,25,38,755,162,0,18,1173,27,ITH,ITH1,4,Provincia Autonoma Bolzano / Bozen,P.A. Bolzano,533050,98428,18.47,0.23
1447,2021-01-10,PAB,2,2,0,1,0,0,0,0,0,0,0,0,1,2,0,ITH,ITH1,4,Provincia Autonoma Bolzano / Bozen,P.A. Bolzano,533050,98430,18.47,0.0
1448,2021-04-08,PAB,2751,1336,1415,47,34,121,2,17,2010,83,309,91,37,2549,202,ITH,ITH1,4,Provincia Autonoma Bolzano / Bozen,P.A. Bolzano,533050,101181,18.98,0.52
1449,2021-03-02,PAB,689,197,492,6,0,0,676,0,0,0,0,7,0,689,0,ITH,ITH1,4,Provincia Autonoma Bolzano / Bozen,P.A. Bolzano,533050,101870,19.11,0.13
1450,2021-01-20,PAB,617,252,365,287,51,0,0,6,3,257,0,0,13,409,208,ITH,ITH1,4,Provincia Autonoma Bolzano / Bozen,P.A. Bolzano,533050,102487,19.23,0.12
1451,2021-01-23,PAB,197,117,80,191,0,0,0,2,0,0,0,0,4,0,197,ITH,ITH1,4,Provincia Autonoma Bolzano / Bozen,P.A. Bolzano,533050,102684,19.26,0.04
1452,2021-04-06,PAB,2042,1024,1018,107,46,130,3,10,826,83,805,16,16,1940,102,ITH,ITH1,4,Provincia Autonoma Bolzano / Bozen,P.A. Bolzano,533050,104726,19.65,0.38
1453,2021-01-17,PAB,2328,1044,1284,56,38,37,0,57,46,1989,0,0,105,2317,11,ITH,ITH1,4,Provincia Autonoma Bolzano / Bozen,P.A. Bolzano,533050,107054,20.08,0.44
1454,2021-02-04,PAB,1957,593,1364,650,507,458,0,23,25,233,0,0,61,8,1949,ITH,ITH1,4,Provincia Autonoma Bolzano / Bozen,P.A. Bolzano,533050,109011,20.45,0.37
1455,2021-04-11,PAB,2719,1291,1428,46,17,3,63,350,1671,84,222,258,5,2541,178,ITH,ITH1,4,Provincia Autonoma Bolzano / Bozen,P.A. Bolzano,533050,111730,20.96,0.51
1456,2021-01-28,PAB,868,307,561,584,186,69,0,8,0,0,0,2,19,10,858,ITH,ITH1,4,Provincia Autonoma Bolzano / Bozen,P.A. Bolzano,533050,112598,21.12,0.16
1457,2021-03-22,PAB,1133,514,619,2,0,0,0,6,900,192,13,15,5,1129,4,ITH,ITH1,4,Provincia Autonoma Bolzano / Bozen,P.A. Bolzano,533050,113731,21.34,0.21
1458,2021-02-27,PAB,2457,759,1698,202,87,8,1233,8,13,885,0,3,18,2447,10,ITH,ITH1,4,Provincia Autonoma Bolzano / Bozen,P.A. Bolzano,533050,116188,21.8,0.46
1459,2021-01-25,PAB,487,183,304,401,68,0,1,4,0,1,0,2,10,3,484,ITH,ITH1,4,Provincia Autonoma Bolzano / Bozen,P.A. Bolzano,533050,116675,21.89,0.09
1460,2021-04-07,PAB,1777,802,975,128,81,57,2,6,908,459,26,100,10,1238,539,ITH,ITH1,4,Provincia Autonoma Bolzano / Bozen,P.A. Bolzano,533050,118452,22.22,0.33
1461,2021-02-09,PAB,317,126,191,64,17,2,2,1,0,228,0,0,3,1,316,ITH,ITH1,4,Provincia Autonoma Bolzano / Bozen,P.A. Bolzano,533050,118769,22.28,0.06
1462,2021-03-17,PAB,580,213,367,11,6,46,0,0,16,491,0,0,10,579,1,ITH,ITH1,4,Provincia Autonoma Bolzano / Bozen,P.A. Bolzano,533050,119349,22.39,0.11
1463,2021-03-03,PAB,1166,391,775,12,5,6,738,3,0,349,0,51,2,1153,13,ITH,ITH1,4,Provincia Autonoma Bolzano / Bozen,P.A. Bolzano,533050,120515,22.61,0.22
1464,2021-01-08,PAB,1520,478,1042,790,169,168,0,51,29,104,0,0,209,1520,0,ITH,ITH1,4,Provincia Autonoma Bolzano / Bozen,P.A. Bolzano,533050,122035,22.89,0.29
1465,2021-02-19,PAB,1975,450,1525,122,143,84,1511,3,3,86,6,0,17,1964,11,ITH,ITH1,4,Provincia Autonoma Bolzano / Bozen,P.A. Bolzano,533050,124010,23.26,0.37
1466,2021-02-18,PAB,1646,401,1245,23,44,21,1285,1,1,261,0,0,10,1642,4,ITH,ITH1,4,Provincia Autonoma Bolzano / Bozen,P.A. Bolzano,533050,125656,23.57,0.31
1467,2021-02-25,PAB,1498,549,949,22,5,0,405,2,1,1041,0,0,22,1497,1,ITH,ITH1,4,Provincia Autonoma Bolzano / Bozen,P.A. Bolzano,533050,127154,23.85,0.28
1468,2020-12-31,PAB,911,518,393,477,61,0,0,47,9,1,0,0,316,911,0,ITH,ITH1,4,Provincia Autonoma Bolzano / Bozen,P.A. Bolzano,533050,128065,24.02,0.17
1469,2021-01-03,PAB,41,16,25,33,5,0,0,0,0,1,0,0,2,41,0,ITH,ITH1,4,Provincia Autonoma Bolzano / Bozen,P.A. Bolzano,533050,128106,24.03,0.01
1470,2021-01-26,PAB,810,291,519,673,129,0,0,3,1,0,0,0,4,1,809,ITH,ITH1,4,Provincia Autonoma Bolzano / Bozen,P.A. Bolzano,533050,128916,24.18,0.15
1471,2021-03-26,PAB,1631,716,915,20,14,68,1,8,132,917,424,0,47,509,1122,ITH,ITH1,4,Provincia Autonoma Bolzano / Bozen,P.A. Bolzano,533050,130547,24.49,0.31
1472,2021-03-16,PAB,776,308,468,25,31,48,0,4,14,645,6,2,1,123,653,ITH,ITH1,4,Provincia Autonoma Bolzano / Bozen,P.A. Bolzano,533050,131323,24.64,0.15
1473,2021-04-01,PAB,2786,1407,1379,238,104,44,65,22,512,607,730,446,18,2642,144,ITH,ITH1,4,Provincia Autonoma Bolzano / Bozen,P.A. Bolzano,533050,134109,25.16,0.52
1474,2021-04-13,PAB,2391,1130,1261,23,4,1,6,1246,932,30,93,55,1,2383,8,ITH,ITH1,4,Provincia Autonoma Bolzano / Bozen,P.A. Bolzano,533050,136500,25.61,0.45
1475,2021-01-16,PAB,2840,1265,1575,435,93,77,1,54,98,1976,0,0,106,2840,0,ITH,ITH1,4,Provincia Autonoma Bolzano / Bozen,P.A. Bolzano,533050,139340,26.14,0.53
1476,2021-02-07,PAB,2361,1057,1304,102,75,68,0,51,44,1951,0,0,70,14,2347,ITH,ITH1,4,Provincia Autonoma Bolzano / Bozen,P.A. Bolzano,533050,141701,26.58,0.44
1477,2021-01-21,PAB,952,442,510,750,88,68,0,1,0,28,0,5,12,139,813,ITH,ITH1,4,Provincia Autonoma Bolzano / Bozen,P.A. Bolzano,533050,142653,26.76,0.18
1478,2021-03-25,PAB,2128,1056,1072,219,72,32,46,22,843,304,295,268,27,1696,432,ITH,ITH1,4,Provincia Autonoma Bolzano / Bozen,P.A. Bolzano,533050,144781,27.16,0.4
1479,2021-03-23,PAB,1552,759,793,0,1,0,34,5,1156,215,58,68,15,1551,1,ITH,ITH1,4,Provincia Autonoma Bolzano / Bozen,P.A. Bolzano,533050,146333,27.45,0.29
1480,2021-03-24,PAB,2040,977,1063,13,16,7,29,6,1361,248,278,61,21,2027,13,ITH,ITH1,4,Provincia Autonoma Bolzano / Bozen,P.A. Bolzano,533050,148373,27.83,0.38
1481,2021-01-05,PAB,830,286,544,734,62,0,0,8,2,0,0,0,24,830,0,ITH,ITH1,4,Provincia Autonoma Bolzano / Bozen,P.A. Bolzano,533050,149203,27.99,0.16
1482,2020-12-27,PAB,144,65,79,139,2,0,0,0,0,1,0,0,2,144,0,ITH,ITH1,4,Provincia Autonoma Bolzano / Bozen,P.A. Bolzano,533050,149347,28.02,0.03
1483,2021-03-14,PAB,758,336,422,130,11,33,0,3,7,562,1,2,9,25,733,ITH,ITH1,4,Provincia Autonoma Bolzano / Bozen,P.A. Bolzano,533050,150105,28.16,0.14
1484,2021-01-30,PAB,498,245,253,217,46,101,0,29,2,0,0,0,103,4,494,ITH,ITH1,4,Provincia Autonoma Bolzano / Bozen,P.A. Bolzano,533050,150603,28.25,0.09
1485,2021-04-20,PAB,1557,780,777,10,13,12,8,619,363,46,474,9,3,1556,1,ITH,ITH1,4,Provincia Autonoma Bolzano / Bozen,P.A. Bolzano,533050,152160,28.55,0.29
1486,2021-01-24,PAB,12,10,2,1,0,0,0,2,1,0,0,0,8,0,12,ITH,ITH1,4,Provincia Autonoma Bolzano / Bozen,P.A. Bolzano,533050,152172,28.55,0.0
1487,2021-04-21,PAB,3008,1467,1541,112,12,2,11,1728,492,88,537,17,9,2162,846,ITH,ITH1,4,Provincia Autonoma Bolzano / Bozen,P.A. Bolzano,533050,155180,29.11,0.56
1488,2021-02-17,PAB,4,1,3,1,0,0,0,0,0,2,1,0,0,2,2,ITH,ITH1,4,Provincia Autonoma Bolzano / Bozen,P.A. Bolzano,533050,155184,29.11,0.0
1489,2021-02-23,PAB,768,323,445,0,0,0,85,2,1,672,0,0,8,762,6,ITH,ITH1,4,Provincia Autonoma Bolzano / Bozen,P.A. Bolzano,533050,155952,29.26,0.14
1490,2021-04-19,PAB,1869,857,1012,44,22,1,11,1039,300,166,269,8,9,1687,182,ITH,ITH1,4,Provincia Autonoma Bolzano / Bozen,P.A. Bolzano,533050,157821,29.61,0.35
1491,2021-04-15,PAB,4394,2305,2089,119,48,38,118,1385,735,174,1260,493,24,4131,263,ITH,ITH1,4,Provincia Autonoma Bolzano / Bozen,P.A. Bolzano,533050,162215,30.43,0.82
1492,2021-03-28,PAB,569,212,357,45,38,0,2,6,5,470,2,0,1,11,558,ITH,ITH1,4,Provincia Autonoma Bolzano / Bozen,P.A. Bolzano,533050,162784,30.54,0.11
1493,2021-01-12,PAB,1709,459,1250,369,228,479,0,54,43,134,0,0,402,1709,0,ITH,ITH1,4,Provincia Autonoma Bolzano / Bozen,P.A. Bolzano,533050,164493,30.86,0.32
1494,2021-02-11,PAB,1091,431,660,213,92,105,0,4,2,589,56,0,30,239,852,ITH,ITH1,4,Provincia Autonoma Bolzano / Bozen,P.A. Bolzano,533050,165584,31.06,0.2
1495,2021-02-10,PAB,1635,604,1031,489,166,1,0,18,5,872,0,1,83,26,1609,ITH,ITH1,4,Provincia Autonoma Bolzano / Bozen,P.A. Bolzano,533050,167219,31.37,0.31
1496,2021-01-01,PAB,6,5,1,6,0,0,0,0,0,0,0,0,0,6,0,ITH,ITH1,4,Provincia Autonoma Bolzano / Bozen,P.A. Bolzano,533050,167225,31.37,0.0
1497,2021-01-29,PAB,1496,510,986,882,282,295,4,6,1,4,0,0,22,23,1473,ITH,ITH1,4,Provincia Autonoma Bolzano / Bozen,P.A. Bolzano,533050,168721,31.65,0.28
1498,2021-03-18,PAB,1302,531,771,50,16,51,0,10,14,1056,70,0,35,226,1076,ITH,ITH1,4,Provincia Autonoma Bolzano / Bozen,P.A. Bolzano,533050,170023,31.9,0.24
1499,2021-03-12,PAB,1664,734,930,150,173,82,101,9,268,524,134,204,19,1251,413,ITH,ITH1,4,Provincia Autonoma Bolzano / Bozen,P.A. Bolzano,533050,171687,32.21,0.31
1500,2021-02-15,PAB,72,42,30,17,2,40,0,0,1,7,0,0,5,26,46,ITH,ITH1,4,Provincia Autonoma Bolzano / Bozen,P.A. Bolzano,533050,171759,32.22,0.01
1501,2021-03-29,VEN,31282,13515,17767,615,446,467,444,993,5775,17009,3633,816,1084,27428,3854,ITH,ITH3,5,Veneto,Veneto,4905854,31282,0.64,0.64
1502,2021-01-02,VEN,5742,1765,3977,4801,233,544,3,24,2,3,0,0,132,5742,0,ITH,ITH3,5,Veneto,Veneto,4905854,37024,0.75,0.12
1503,2021-03-15,VEN,16534,7200,9334,1388,773,372,1969,145,599,9248,1056,651,333,11318,5216,ITH,ITH3,5,Veneto,Veneto,4905854,53558,1.09,0.34
1504,2021-03-09,VEN,16455,7377,9078,1308,349,749,2948,108,60,8546,665,1116,606,10144,6311,ITH,ITH3,5,Veneto,Veneto,4905854,70013,1.43,0.34
1505,2021-04-20,VEN,21848,9295,12553,524,127,492,155,817,4525,9600,5145,31,432,7971,13877,ITH,ITH3,5,Veneto,Veneto,4905854,91861,1.87,0.45
1506,2021-02-05,VEN,8369,2535,5834,4309,1465,2165,14,66,20,8,1,6,315,1424,6945,ITH,ITH3,5,Veneto,Veneto,4905854,100230,2.04,0.17
1507,2021-04-23,VEN,29355,13152,16203,503,279,223,112,1028,13101,6470,6859,36,744,20879,8476,ITH,ITH3,5,Veneto,Veneto,4905854,129585,2.64,0.6
1508,2021-01-07,VEN,8360,2318,6042,5473,858,1804,2,41,18,35,0,0,129,8360,0,ITH,ITH3,5,Veneto,Veneto,4905854,137945,2.81,0.17
1509,2021-03-18,VEN,12595,5131,7464,1473,694,495,855,105,140,7505,1039,36,253,7368,5227,ITH,ITH3,5,Veneto,Veneto,4905854,150540,3.07,0.26
1510,2021-02-26,VEN,8288,3266,5022,1804,543,746,315,65,30,4380,145,91,169,7036,1252,ITH,ITH3,5,Veneto,Veneto,4905854,158828,3.24,0.17
1511,2021-01-13,VEN,5986,1607,4379,2795,1123,1888,2,21,6,3,0,1,147,5986,0,ITH,ITH3,5,Veneto,Veneto,4905854,164814,3.36,0.12
1512,2021-03-21,VEN,11982,4754,7228,1596,1135,42,2533,130,201,4244,1639,180,282,8522,3460,ITH,ITH3,5,Veneto,Veneto,4905854,176796,3.6,0.24
1513,2021-03-11,VEN,19587,8672,10915,1659,1114,888,3688,191,72,9321,724,1184,746,14004,5583,ITH,ITH3,5,Veneto,Veneto,4905854,196383,4.0,0.4
1514,2021-02-23,VEN,7364,3243,4121,1020,205,245,183,48,21,5343,49,69,181,7104,260,ITH,ITH3,5,Veneto,Veneto,4905854,203747,4.15,0.15
1515,2021-03-01,VEN,9387,3711,5676,2060,425,954,2519,106,21,2608,164,272,258,7565,1822,ITH,ITH3,5,Veneto,Veneto,4905854,213134,4.34,0.19
1516,2021-02-16,VEN,6631,2868,3763,727,241,478,3,18,14,5020,34,2,94,6453,178,ITH,ITH3,5,Veneto,Veneto,4905854,219765,4.48,0.14
1517,2021-02-17,VEN,6021,2771,3250,424,158,361,4,23,11,4946,25,5,64,5927,94,ITH,ITH3,5,Veneto,Veneto,4905854,225786,4.6,0.12
1518,2021-03-06,VEN,10530,4263,6267,3193,865,1491,1329,63,26,1971,1274,128,190,7325,3205,ITH,ITH3,5,Veneto,Veneto,4905854,236316,4.82,0.21
1519,2021-01-22,VEN,1080,332,748,947,52,57,3,1,0,0,0,0,20,25,1055,ITH,ITH3,5,Veneto,Veneto,4905854,237396,4.84,0.02
1520,2021-04-17,VEN,22074,8960,13114,798,224,129,86,495,3386,10201,6450,16,289,14820,7254,ITH,ITH3,5,Veneto,Veneto,4905854,259470,5.29,0.45
1521,2021-01-29,VEN,9011,2785,6226,6054,1230,1437,6,64,18,4,0,2,196,368,8643,ITH,ITH3,5,Veneto,Veneto,4905854,268481,5.47,0.18
1522,2021-03-03,VEN,11985,4547,7438,3340,676,1236,2342,101,41,3377,144,400,328,8491,3494,ITH,ITH3,5,Veneto,Veneto,4905854,280466,5.72,0.24
1523,2021-03-31,VEN,38216,15981,22235,1806,724,811,412,1252,9230,18498,3975,344,1164,30771,7445,ITH,ITH3,5,Veneto,Veneto,4905854,318682,6.5,0.78
1524,2021-04-22,VEN,30645,13363,17282,656,293,318,110,1012,12580,8965,5840,44,827,15038,15607,ITH,ITH3,5,Veneto,Veneto,4905854,349327,7.12,0.62
1525,2021-02-28,VEN,4136,1389,2747,1741,942,15,15,22,1,992,301,76,31,3299,837,ITH,ITH3,5,Veneto,Veneto,4905854,353463,7.2,0.08
1526,2021-02-04,VEN,7317,2015,5302,3466,1101,2380,6,34,15,20,1,0,294,553,6764,ITH,ITH3,5,Veneto,Veneto,4905854,360780,7.35,0.15
1527,2021-03-10,VEN,18880,8585,10295,1484,847,560,4150,189,86,9048,646,1269,601,13197,5683,ITH,ITH3,5,Veneto,Veneto,4905854,379660,7.74,0.38
1528,2021-01-31,VEN,4766,1561,3205,3720,562,377,4,16,2,5,2,12,66,393,4373,ITH,ITH3,5,Veneto,Veneto,4905854,384426,7.84,0.1
1529,2021-02-09,VEN,5239,1889,3350,3099,642,1265,6,41,10,21,1,1,153,3444,1795,ITH,ITH3,5,Veneto,Veneto,4905854,389665,7.94,0.11
1530,2021-02-21,VEN,4623,1204,3419,495,0,18,3685,0,0,417,0,2,6,4619,4,ITH,ITH3,5,Veneto,Veneto,4905854,394288,8.04,0.09
1531,2021-01-26,VEN,6914,2089,4825,5347,521,976,5,9,3,0,0,1,52,154,6760,ITH,ITH3,5,Veneto,Veneto,4905854,401202,8.18,0.14
1532,2021-03-17,VEN,14606,5969,8637,1969,743,300,700,127,192,8781,1388,26,380,7840,6766,ITH,ITH3,5,Veneto,Veneto,4905854,415808,8.48,0.3
1533,2021-01-09,VEN,7930,2537,5393,5210,975,1573,6,38,4,3,22,12,87,7930,0,ITH,ITH3,5,Veneto,Veneto,4905854,423738,8.64,0.16
1534,2021-04-13,VEN,13846,6246,7600,719,201,299,66,341,2209,5152,4443,26,390,8385,5461,ITH,ITH3,5,Veneto,Veneto,4905854,437584,8.92,0.28
1535,2021-03-14,VEN,15142,5913,9229,2399,2037,100,3660,156,1441,3750,995,256,348,14247,895,ITH,ITH3,5,Veneto,Veneto,4905854,452726,9.23,0.31
1536,2021-02-07,VEN,2314,861,1453,1973,238,50,2,14,3,2,0,7,25,714,1600,ITH,ITH3,5,Veneto,Veneto,4905854,455040,9.28,0.05
1537,2021-01-04,VEN,6736,2034,4702,5257,425,913,6,14,2,1,0,0,118,6736,0,ITH,ITH3,5,Veneto,Veneto,4905854,461776,9.41,0.14
1538,2021-01-18,VEN,2763,777,1986,1224,478,992,1,11,4,8,0,1,44,2564,199,ITH,ITH3,5,Veneto,Veneto,4905854,464539,9.47,0.06
1539,2020-12-30,VEN,699,245,454,598,52,39,2,0,0,0,0,0,8,699,0,ITH,ITH3,5,Veneto,Veneto,4905854,465238,9.48,0.01
1540,2021-02-01,VEN,8522,2493,6029,4233,1538,2105,10,68,25,265,0,0,278,161,8361,ITH,ITH3,5,Veneto,Veneto,4905854,473760,9.66,0.17
1541,2021-01-19,VEN,1308,471,837,726,218,325,0,6,3,7,1,0,22,1159,149,ITH,ITH3,5,Veneto,Veneto,4905854,475068,9.68,0.03
1542,2021-03-12,VEN,18551,8113,10438,2025,1305,755,3510,210,117,8047,847,1009,726,11833,6718,ITH,ITH3,5,Veneto,Veneto,4905854,493619,10.06,0.38
1543,2020-12-31,VEN,3218,1042,2176,2700,94,252,2,23,0,0,0,0,147,3218,0,ITH,ITH3,5,Veneto,Veneto,4905854,496837,10.13,0.07
1544,2021-04-05,VEN,19141,8373,10768,622,429,327,176,343,9879,5520,1690,22,133,13688,5453,ITH,ITH3,5,Veneto,Veneto,4905854,515978,10.52,0.39
1545,2021-01-03,VEN,5159,1563,3596,4601,255,249,2,13,1,0,0,0,38,5159,0,ITH,ITH3,5,Veneto,Veneto,4905854,521137,10.62,0.11
1546,2021-01-21,VEN,2290,719,1571,1986,74,141,3,11,0,0,0,0,75,21,2269,ITH,ITH3,5,Veneto,Veneto,4905854,523427,10.67,0.05
1547,2021-03-30,VEN,35746,15126,20620,796,426,584,477,1531,8616,16812,4624,489,1391,30499,5247,ITH,ITH3,5,Veneto,Veneto,4905854,559173,11.4,0.73
1548,2021-02-03,VEN,5936,1662,4274,2855,1134,1750,6,23,7,3,0,0,158,481,5455,ITH,ITH3,5,Veneto,Veneto,4905854,565109,11.52,0.12
1549,2021-01-30,VEN,8746,2671,6075,6303,1025,1235,9,53,4,4,2,13,98,693,8053,ITH,ITH3,5,Veneto,Veneto,4905854,573855,11.7,0.18
1550,2021-02-13,VEN,3267,1474,1793,1592,198,1438,1,11,2,3,1,1,20,3247,20,ITH,ITH3,5,Veneto,Veneto,4905854,577122,11.76,0.07
1551,2021-02-06,VEN,4093,1353,2740,3097,542,367,4,19,5,3,0,1,55,710,3383,ITH,ITH3,5,Veneto,Veneto,4905854,581215,11.85,0.08
1552,2021-01-24,VEN,4117,1219,2898,3755,94,222,4,5,1,1,1,0,34,28,4089,ITH,ITH3,5,Veneto,Veneto,4905854,585332,11.93,0.08
1553,2021-04-16,VEN,24057,10332,13725,729,310,430,123,537,5777,9977,5626,35,513,12178,11879,ITH,ITH3,5,Veneto,Veneto,4905854,609389,12.42,0.49
1554,2021-03-22,VEN,18082,8129,9953,1210,1345,549,2496,211,2767,6701,1603,782,418,13038,5044,ITH,ITH3,5,Veneto,Veneto,4905854,627471,12.79,0.37
1555,2021-03-23,VEN,22124,10177,11947,1172,1140,677,2867,283,5281,6685,2348,1046,625,17405,4719,ITH,ITH3,5,Veneto,Veneto,4905854,649595,13.24,0.45
1556,2021-03-24,VEN,21946,9435,12511,1190,1072,807,3107,265,1506,10424,2221,900,454,15136,6810,ITH,ITH3,5,Veneto,Veneto,4905854,671541,13.69,0.45
1557,2021-04-10,VEN,27203,11853,15350,581,316,407,115,444,9328,10835,4819,13,345,18728,8475,ITH,ITH3,5,Veneto,Veneto,4905854,698744,14.24,0.55
1558,2021-04-02,VEN,23672,10398,13274,1121,548,377,298,643,7289,9817,2902,151,526,17342,6330,ITH,ITH3,5,Veneto,Veneto,4905854,722416,14.73,0.48
1559,2021-03-04,VEN,12834,4760,8074,3184,845,1422,2833,91,56,3415,318,431,239,9400,3434,ITH,ITH3,5,Veneto,Veneto,4905854,735250,14.99,0.26
1560,2021-04-19,VEN,20790,8586,12204,815,238,286,208,521,2900,11317,4172,17,316,4486,16304,ITH,ITH3,5,Veneto,Veneto,4905854,756040,15.41,0.42
1561,2021-02-22,VEN,6990,3029,3961,756,138,342,243,26,15,5402,39,1,28,6603,387,ITH,ITH3,5,Veneto,Veneto,4905854,763030,15.55,0.14
1562,2021-02-08,VEN,4974,1540,3434,2823,784,1178,4,37,8,12,1,0,127,1930,3044,ITH,ITH3,5,Veneto,Veneto,4905854,768004,15.65,0.1
1563,2021-01-01,VEN,1527,471,1056,1497,7,1,3,0,0,0,0,0,19,1527,0,ITH,ITH3,5,Veneto,Veneto,4905854,769531,15.69,0.03
1564,2021-01-27,VEN,7140,2065,5075,5213,723,879,9,89,23,2,0,0,202,245,6895,ITH,ITH3,5,Veneto,Veneto,4905854,776671,15.83,0.15
1565,2021-01-05,VEN,7332,2184,5148,5420,663,1122,5,23,2,1,0,2,94,7332,0,ITH,ITH3,5,Veneto,Veneto,4905854,784003,15.98,0.15
1566,2021-01-20,VEN,1038,368,670,695,116,213,1,5,1,2,0,0,5,386,652,ITH,ITH3,5,Veneto,Veneto,4905854,785041,16.0,0.02
1567,2021-02-02,VEN,6403,1843,4560,2974,1135,1996,3,25,6,153,6,0,105,390,6013,ITH,ITH3,5,Veneto,Veneto,4905854,791444,16.13,0.13
1568,2021-04-18,VEN,17470,7239,10231,506,169,69,110,380,2302,7377,6307,14,236,9886,7584,ITH,ITH3,5,Veneto,Veneto,4905854,808914,16.49,0.36
1569,2020-12-27,VEN,880,395,485,875,1,0,1,0,1,0,0,0,2,880,0,ITH,ITH3,5,Veneto,Veneto,4905854,809794,16.51,0.02
1570,2021-04-03,VEN,21833,9577,12256,1347,809,150,129,508,6456,8545,3284,27,578,14106,7727,ITH,ITH3,5,Veneto,Veneto,4905854,831627,16.95,0.45
1571,2021-01-28,VEN,9205,2661,6544,6489,1080,1451,5,40,2,7,2,0,129,173,9032,ITH,ITH3,5,Veneto,Veneto,4905854,840832,17.14,0.19
1572,2021-04-21,VEN,31209,12745,18464,975,311,378,119,646,10254,12960,5037,15,514,15413,15796,ITH,ITH3,5,Veneto,Veneto,4905854,872041,17.78,0.64
1573,2021-04-08,VEN,31897,14137,17760,853,677,580,442,936,11002,10208,6499,110,590,24029,7868,ITH,ITH3,5,Veneto,Veneto,4905854,903938,18.43,0.65
1574,2021-01-10,VEN,5031,1670,3361,3861,565,462,1,10,2,4,0,2,124,5031,0,ITH,ITH3,5,Veneto,Veneto,4905854,908969,18.53,0.1
1575,2021-04-24,VEN,10526,4779,5747,263,40,62,23,262,4417,2657,2606,7,189,6799,3727,ITH,ITH3,5,Veneto,Veneto,4905854,919495,18.74,0.21
1576,2021-02-18,VEN,5792,2444,3348,957,250,667,8,33,14,3798,3,1,61,5728,64,ITH,ITH3,5,Veneto,Veneto,4905854,925287,18.86,0.12
1577,2021-02-27,VEN,8989,2693,6296,2316,185,64,4133,44,14,1964,32,86,151,8138,851,ITH,ITH3,5,Veneto,Veneto,4905854,934276,19.04,0.18
1578,2021-04-04,VEN,7771,3529,4242,23,41,1,13,137,4985,1325,1196,2,48,6621,1150,ITH,ITH3,5,Veneto,Veneto,4905854,942047,19.2,0.16
1579,2021-03-16,VEN,12479,5339,7140,1396,384,485,129,124,113,7720,1767,21,340,6869,5610,ITH,ITH3,5,Veneto,Veneto,4905854,954526,19.46,0.25
1580,2021-02-25,VEN,7896,3339,4557,1541,349,473,297,34,35,4936,21,109,101,7294,602,ITH,ITH3,5,Veneto,Veneto,4905854,962422,19.62,0.16
1581,2021-03-26,VEN,29449,13028,16421,1277,1770,1228,1923,466,8142,9828,3158,940,717,23963,5486,ITH,ITH3,5,Veneto,Veneto,4905854,991871,20.22,0.6
1582,2021-02-19,VEN,7297,3124,4173,1547,565,665,9,35,15,4366,5,4,86,7094,203,ITH,ITH3,5,Veneto,Veneto,4905854,999168,20.37,0.15
1583,2021-01-06,VEN,8133,2386,5747,6351,672,808,10,83,24,2,2,2,179,8133,0,ITH,ITH3,5,Veneto,Veneto,4905854,1007301,20.53,0.17
1584,2021-02-14,VEN,125,56,69,97,22,0,0,2,0,0,0,0,4,112,13,ITH,ITH3,5,Veneto,Veneto,4905854,1007426,20.54,0.0
1585,2021-01-08,VEN,9405,2835,6570,5994,1323,1805,12,65,18,4,1,1,182,9405,0,ITH,ITH3,5,Veneto,Veneto,4905854,1016831,20.73,0.19
1586,2021-01-16,VEN,4607,1542,3065,3195,670,657,0,14,6,0,0,1,64,4607,0,ITH,ITH3,5,Veneto,Veneto,4905854,1021438,20.82,0.09
1587,2021-03-20,VEN,12926,5335,7591,698,243,320,2399,152,1613,4730,2093,219,459,10827,2099,ITH,ITH3,5,Veneto,Veneto,4905854,1034364,21.08,0.26
1588,2021-04-01,VEN,24384,10624,13760,991,637,585,159,713,6851,9932,3738,201,577,18013,6371,ITH,ITH3,5,Veneto,Veneto,4905854,1058748,21.58,0.5
1589,2021-03-19,VEN,13784,5667,8117,1966,1058,513,727,157,127,7563,1235,55,383,7689,6095,ITH,ITH3,5,Veneto,Veneto,4905854,1072532,21.86,0.28
1590,2021-01-17,VEN,1932,780,1152,1588,193,120,2,3,1,3,0,0,22,1583,349,ITH,ITH3,5,Veneto,Veneto,4905854,1074464,21.9,0.04
1591,2021-04-06,VEN,28052,12882,15170,426,207,387,104,543,16115,5421,4554,59,236,22974,5078,ITH,ITH3,5,Veneto,Veneto,4905854,1102516,22.47,0.57
1592,2021-02-24,VEN,8611,3677,4934,1587,393,521,14,35,28,5592,37,273,131,8127,484,ITH,ITH3,5,Veneto,Veneto,4905854,1111127,22.65,0.18
1593,2021-03-28,VEN,31284,13596,17688,1458,1448,172,2443,1194,8621,9303,3778,56,2811,27606,3678,ITH,ITH3,5,Veneto,Veneto,4905854,1142411,23.29,0.64
1594,2021-02-12,VEN,4313,1447,2866,2768,441,692,8,43,14,6,0,4,337,3741,572,ITH,ITH3,5,Veneto,Veneto,4905854,1146724,23.37,0.09
1595,2021-01-25,VEN,6467,2075,4392,5065,377,904,2,13,2,6,0,0,98,160,6307,ITH,ITH3,5,Veneto,Veneto,4905854,1153191,23.51,0.13
1596,2021-03-05,VEN,13178,4912,8266,3554,706,1467,2954,109,50,3091,473,323,451,9592,3586,ITH,ITH3,5,Veneto,Veneto,4905854,1166369,23.78,0.27
1597,2021-01-11,VEN,7237,2100,5137,3499,1161,1958,8,58,22,252,5,0,274,7237,0,ITH,ITH3,5,Veneto,Veneto,4905854,1173606,23.92,0.15
1598,2021-01-15,VEN,5865,1820,4045,2981,992,1569,4,46,18,9,0,5,241,5865,0,ITH,ITH3,5,Veneto,Veneto,4905854,1179471,24.04,0.12
1599,2021-04-11,VEN,20860,8806,12054,1004,1027,83,345,314,4260,8211,5303,11,302,14550,6310,ITH,ITH3,5,Veneto,Veneto,4905854,1200331,24.47,0.43
1600,2021-04-12,VEN,14648,6210,8438,493,307,122,939,322,2118,6034,3933,18,362,6522,8126,ITH,ITH3,5,Veneto,Veneto,4905854,1214979,24.77,0.3
1601,2021-03-08,VEN,13491,6155,7336,715,202,385,2947,84,54,7165,474,1119,346,9432,4059,ITH,ITH3,5,Veneto,Veneto,4905854,1228470,25.04,0.27
1602,2021-04-15,VEN,20503,8471,12032,634,340,485,687,428,3740,8816,4929,8,436,9713,10790,ITH,ITH3,5,Veneto,Veneto,4905854,1248973,25.46,0.42
1603,2021-01-14,VEN,7061,1924,5137,3241,1065,2491,4,26,7,17,1,0,209,7061,0,ITH,ITH3,5,Veneto,Veneto,4905854,1256034,25.6,0.14
1604,2021-04-07,VEN,35404,15878,19526,1592,1038,739,358,1039,18139,5594,5599,82,1224,28072,7332,ITH,ITH3,5,Veneto,Veneto,4905854,1291438,26.32,0.72
1605,2021-04-14,VEN,15269,6635,8634,797,275,183,131,396,3506,5325,4220,22,414,8806,6463,ITH,ITH3,5,Veneto,Veneto,4905854,1306707,26.64,0.31
1606,2021-02-11,VEN,4012,1239,2773,2660,390,804,8,20,8,10,6,1,105,3384,628,ITH,ITH3,5,Veneto,Veneto,4905854,1310719,26.72,0.08
1607,2021-01-12,VEN,5230,1516,3714,2250,852,1753,5,29,16,176,0,0,149,5230,0,ITH,ITH3,5,Veneto,Veneto,4905854,1315949,26.82,0.11
1608,2021-03-07,VEN,4454,1743,2711,1748,356,23,832,24,4,982,388,39,58,3901,553,ITH,ITH3,5,Veneto,Veneto,4905854,1320403,26.91,0.09
1609,2021-03-02,VEN,11445,4613,6832,2860,773,1197,1869,95,32,3288,465,468,398,8168,3277,ITH,ITH3,5,Veneto,Veneto,4905854,1331848,27.15,0.23
1610,2021-01-23,VEN,4052,1247,2805,3406,173,437,3,3,2,1,1,0,26,34,4018,ITH,ITH3,5,Veneto,Veneto,4905854,1335900,27.23,0.08
1611,2021-04-09,VEN,30899,13605,17294,1429,1216,580,199,970,8503,9963,6857,93,1089,22575,8324,ITH,ITH3,5,Veneto,Veneto,4905854,1366799,27.86,0.63
1612,2021-03-27,VEN,31970,13950,18020,2038,1584,185,1549,751,6985,12298,3888,219,2473,26137,5833,ITH,ITH3,5,Veneto,Veneto,4905854,1398769,28.51,0.65
1613,2021-03-13,VEN,17157,7236,9921,2589,1748,109,4042,275,210,4814,2099,439,832,14050,3107,ITH,ITH3,5,Veneto,Veneto,4905854,1415926,28.86,0.35
1614,2021-02-10,VEN,4751,1588,3163,3174,552,783,2,50,19,6,0,0,165,3697,1054,ITH,ITH3,5,Veneto,Veneto,4905854,1420677,28.96,0.1
1615,2021-02-15,VEN,4386,1821,2565,486,84,383,2,19,9,3273,54,14,62,4145,241,ITH,ITH3,5,Veneto,Veneto,4905854,1425063,29.05,0.09
1616,2021-03-25,VEN,25822,10948,14874,1432,1539,1019,2262,351,5618,9928,2242,844,587,19702,6120,ITH,ITH3,5,Veneto,Veneto,4905854,1450885,29.57,0.53
1617,2021-02-20,VEN,6419,2013,4406,1905,113,100,3243,30,10,968,3,6,41,6350,69,ITH,ITH3,5,Veneto,Veneto,4905854,1457304,29.71,0.13
1618,2021-04-07,FVG,7474,3313,4161,335,297,114,32,5,2714,2094,1856,12,15,6689,785,ITH,ITH4,6,Friuli-Venezia Giulia,Friuli Venezia Giulia,1215220,7474,0.62,0.62
1619,2021-02-27,FVG,3424,1178,2246,203,140,4,1501,1,0,1523,27,25,0,3423,1,ITH,ITH4,6,Friuli-Venezia Giulia,Friuli Venezia Giulia,1215220,10898,0.9,0.28
1620,2021-01-02,FVG,1217,471,746,1150,67,0,0,0,0,0,0,0,0,1217,0,ITH,ITH4,6,Friuli-Venezia Giulia,Friuli Venezia Giulia,1215220,12115,1.0,0.1
1621,2021-01-24,FVG,305,119,186,277,27,1,0,0,0,0,0,0,0,1,304,ITH,ITH4,6,Friuli-Venezia Giulia,Friuli Venezia Giulia,1215220,12420,1.02,0.03
1622,2021-01-14,FVG,2588,789,1799,1608,550,430,0,0,0,0,0,0,0,2588,0,ITH,ITH4,6,Friuli-Venezia Giulia,Friuli Venezia Giulia,1215220,15008,1.24,0.21
1623,2021-01-07,FVG,2092,718,1374,1760,222,110,0,0,0,0,0,0,0,2092,0,ITH,ITH4,6,Friuli-Venezia Giulia,Friuli Venezia Giulia,1215220,17100,1.41,0.17
1624,2021-03-04,FVG,3425,1591,1834,357,216,96,402,1,1,1815,33,504,0,2783,642,ITH,ITH4,6,Friuli-Venezia Giulia,Friuli Venezia Giulia,1215220,20525,1.69,0.28
1625,2021-01-08,FVG,2322,747,1575,1680,242,396,0,1,0,0,0,0,3,2322,0,ITH,ITH4,6,Friuli-Venezia Giulia,Friuli Venezia Giulia,1215220,22847,1.88,0.19
1626,2021-03-26,FVG,5796,2422,3374,500,211,234,753,21,650,2050,1258,87,32,3781,2015,ITH,ITH4,6,Friuli-Venezia Giulia,Friuli Venezia Giulia,1215220,28643,2.36,0.48
1627,2021-04-19,FVG,6588,3100,3488,188,155,11,29,262,1103,1755,3072,2,11,3231,3357,ITH,ITH4,6,Friuli-Venezia Giulia,Friuli Venezia Giulia,1215220,35231,2.9,0.54
1628,2021-02-18,FVG,3212,1489,1723,229,122,331,978,0,0,1502,16,34,0,2806,406,ITH,ITH4,6,Friuli-Venezia Giulia,Friuli Venezia Giulia,1215220,38443,3.16,0.26
1629,2021-02-19,FVG,3254,1290,1964,568,309,315,426,0,0,1589,11,35,1,2825,429,ITH,ITH4,6,Friuli-Venezia Giulia,Friuli Venezia Giulia,1215220,41697,3.43,0.27
1630,2021-02-20,FVG,2068,933,1135,11,1,148,306,0,2,1584,16,0,0,1924,144,ITH,ITH4,6,Friuli-Venezia Giulia,Friuli Venezia Giulia,1215220,43765,3.6,0.17
1631,2021-03-12,FVG,3942,1545,2397,177,63,47,589,1,5,2865,92,101,2,2562,1380,ITH,ITH4,6,Friuli-Venezia Giulia,Friuli Venezia Giulia,1215220,47707,3.93,0.32
1632,2021-02-01,FVG,2096,688,1408,1590,371,135,0,0,0,0,0,0,0,15,2081,ITH,ITH4,6,Friuli-Venezia Giulia,Friuli Venezia Giulia,1215220,49803,4.1,0.17
1633,2021-02-13,FVG,567,179,388,337,230,0,0,0,0,0,0,0,0,561,6,ITH,ITH4,6,Friuli-Venezia Giulia,Friuli Venezia Giulia,1215220,50370,4.14,0.05
1634,2021-02-08,FVG,2357,694,1663,1401,521,435,0,0,0,0,0,0,0,92,2265,ITH,ITH4,6,Friuli-Venezia Giulia,Friuli Venezia Giulia,1215220,52727,4.34,0.19
1635,2021-01-18,FVG,1962,607,1355,1360,492,110,0,0,0,0,0,0,0,1868,94,ITH,ITH4,6,Friuli-Venezia Giulia,Friuli Venezia Giulia,1215220,54689,4.5,0.16
1636,2021-01-27,FVG,1272,425,847,851,357,64,0,0,0,0,0,0,0,450,822,ITH,ITH4,6,Friuli-Venezia Giulia,Friuli Venezia Giulia,1215220,55961,4.61,0.1
1637,2021-02-12,FVG,1200,428,772,674,393,128,1,0,1,2,1,0,0,1150,50,ITH,ITH4,6,Friuli-Venezia Giulia,Friuli Venezia Giulia,1215220,57161,4.7,0.1
1638,2021-04-15,FVG,6419,2830,3589,218,66,83,4,235,1084,1950,2758,0,21,5163,1256,ITH,ITH4,6,Friuli-Venezia Giulia,Friuli Venezia Giulia,1215220,63580,5.23,0.53
1639,2021-03-08,FVG,4041,1574,2467,694,511,140,436,0,7,2190,22,39,2,1953,2088,ITH,ITH4,6,Friuli-Venezia Giulia,Friuli Venezia Giulia,1215220,67621,5.56,0.33
1640,2021-04-10,FVG,4958,2143,2815,156,188,80,76,19,738,2084,1585,13,19,3735,1223,ITH,ITH4,6,Friuli-Venezia Giulia,Friuli Venezia Giulia,1215220,72579,5.97,0.41
1641,2021-03-01,FVG,2958,1042,1916,93,81,176,949,1,1,1636,17,4,0,2905,53,ITH,ITH4,6,Friuli-Venezia Giulia,Friuli Venezia Giulia,1215220,75537,6.22,0.24
1642,2021-01-29,FVG,2413,813,1600,1855,321,237,0,0,0,0,0,0,0,264,2149,ITH,ITH4,6,Friuli-Venezia Giulia,Friuli Venezia Giulia,1215220,77950,6.41,0.2
1643,2021-03-22,FVG,3542,1342,2200,149,87,206,463,0,1,2471,155,6,4,1588,1954,ITH,ITH4,6,Friuli-Venezia Giulia,Friuli Venezia Giulia,1215220,81492,6.71,0.29
1644,2021-03-31,FVG,8035,3502,4533,169,107,296,878,4,2340,2163,1961,112,5,7186,849,ITH,ITH4,6,Friuli-Venezia Giulia,Friuli Venezia Giulia,1215220,89527,7.37,0.66
1645,2021-04-02,FVG,6570,2914,3656,366,239,82,3,1,609,3137,2089,15,29,4735,1835,ITH,ITH4,6,Friuli-Venezia Giulia,Friuli Venezia Giulia,1215220,96097,7.91,0.54
1646,2021-02-22,FVG,2493,1196,1297,431,312,115,5,1,0,1369,14,246,0,2075,418,ITH,ITH4,6,Friuli-Venezia Giulia,Friuli Venezia Giulia,1215220,98590,8.11,0.21
1647,2021-02-28,FVG,2669,989,1680,234,162,0,1488,0,0,405,1,379,0,2274,395,ITH,ITH4,6,Friuli-Venezia Giulia,Friuli Venezia Giulia,1215220,101259,8.33,0.22
1648,2021-02-25,FVG,3075,1607,1468,22,5,299,743,0,1,1557,12,436,0,3050,25,ITH,ITH4,6,Friuli-Venezia Giulia,Friuli Venezia Giulia,1215220,104334,8.59,0.25
1649,2021-02-21,FVG,800,281,519,213,166,27,1,0,0,382,10,1,0,423,377,ITH,ITH4,6,Friuli-Venezia Giulia,Friuli Venezia Giulia,1215220,105134,8.65,0.07
1650,2021-03-15,FVG,3762,1634,2128,329,256,180,234,1,1,2426,101,234,0,1442,2320,ITH,ITH4,6,Friuli-Venezia Giulia,Friuli Venezia Giulia,1215220,108896,8.96,0.31
1651,2021-04-03,FVG,3973,1966,2007,34,579,4,149,2,3,2244,918,36,4,2647,1326,ITH,ITH4,6,Friuli-Venezia Giulia,Friuli Venezia Giulia,1215220,112869,9.29,0.33
1652,2021-01-04,FVG,1510,559,951,1392,118,0,0,0,0,0,0,0,0,1510,0,ITH,ITH4,6,Friuli-Venezia Giulia,Friuli Venezia Giulia,1215220,114379,9.41,0.12
1653,2021-01-19,FVG,7,2,5,5,0,2,0,0,0,0,0,0,0,7,0,ITH,ITH4,6,Friuli-Venezia Giulia,Friuli Venezia Giulia,1215220,114386,9.41,0.0
1654,2021-04-05,FVG,2864,1425,1439,34,221,13,121,3,612,467,1365,27,1,2848,16,ITH,ITH4,6,Friuli-Venezia Giulia,Friuli Venezia Giulia,1215220,117250,9.65,0.24
1655,2020-12-30,FVG,630,246,384,601,29,0,0,0,0,0,0,0,0,630,0,ITH,ITH4,6,Friuli-Venezia Giulia,Friuli Venezia Giulia,1215220,117880,9.7,0.05
1656,2020-12-31,FVG,1053,384,669,1011,42,0,0,0,0,0,0,0,0,1053,0,ITH,ITH4,6,Friuli-Venezia Giulia,Friuli Venezia Giulia,1215220,118933,9.79,0.09
1657,2021-02-07,FVG,1561,483,1078,866,693,2,0,0,0,0,0,0,0,386,1175,ITH,ITH4,6,Friuli-Venezia Giulia,Friuli Venezia Giulia,1215220,120494,9.92,0.13
1658,2021-01-03,FVG,312,122,190,285,26,1,0,0,0,0,0,0,0,312,0,ITH,ITH4,6,Friuli-Venezia Giulia,Friuli Venezia Giulia,1215220,120806,9.94,0.03
1659,2021-02-05,FVG,2613,784,1829,1612,511,490,0,0,0,0,0,0,0,90,2523,ITH,ITH4,6,Friuli-Venezia Giulia,Friuli Venezia Giulia,1215220,123419,10.16,0.22
1660,2021-04-13,FVG,7318,3264,4054,348,308,189,23,228,2204,2235,1758,15,10,5714,1604,ITH,ITH4,6,Friuli-Venezia Giulia,Friuli Venezia Giulia,1215220,130737,10.76,0.6
1661,2021-03-30,FVG,7089,3141,3948,420,334,404,139,6,1990,1937,1802,54,3,6169,920,ITH,ITH4,6,Friuli-Venezia Giulia,Friuli Venezia Giulia,1215220,137826,11.34,0.58
1662,2021-01-30,FVG,2271,744,1527,1475,354,442,0,0,0,0,0,0,0,270,2001,ITH,ITH4,6,Friuli-Venezia Giulia,Friuli Venezia Giulia,1215220,140097,11.53,0.19
1663,2021-02-03,FVG,2647,791,1856,1702,558,386,0,0,0,1,0,0,0,23,2624,ITH,ITH4,6,Friuli-Venezia Giulia,Friuli Venezia Giulia,1215220,142744,11.75,0.22
1664,2021-04-23,FVG,6960,3172,3788,286,130,32,7,390,1175,2160,2755,4,21,3350,3610,ITH,ITH4,6,Friuli-Venezia Giulia,Friuli Venezia Giulia,1215220,149704,12.32,0.57
1665,2021-01-10,FVG,2941,919,2022,1745,951,245,0,0,0,0,0,0,0,2941,0,ITH,ITH4,6,Friuli-Venezia Giulia,Friuli Venezia Giulia,1215220,152645,12.56,0.24
1666,2021-01-13,FVG,2651,834,1817,1822,599,230,0,0,0,0,0,0,0,2651,0,ITH,ITH4,6,Friuli-Venezia Giulia,Friuli Venezia Giulia,1215220,155296,12.78,0.22
1667,2021-02-02,FVG,2467,806,1661,1658,393,416,0,0,0,0,0,0,0,217,2250,ITH,ITH4,6,Friuli-Venezia Giulia,Friuli Venezia Giulia,1215220,157763,12.98,0.2
1668,2021-03-06,FVG,3491,1194,2297,182,249,5,1464,0,0,1565,6,20,0,3165,326,ITH,ITH4,6,Friuli-Venezia Giulia,Friuli Venezia Giulia,1215220,161254,13.27,0.29
1669,2021-04-22,FVG,6452,2962,3490,116,111,30,2,327,1558,2046,2246,1,15,2984,3468,ITH,ITH4,6,Friuli-Venezia Giulia,Friuli Venezia Giulia,1215220,167706,13.8,0.53
1670,2021-04-16,FVG,6825,2945,3880,286,180,171,16,289,983,2037,2836,1,26,4933,1892,ITH,ITH4,6,Friuli-Venezia Giulia,Friuli Venezia Giulia,1215220,174531,14.36,0.56
1671,2021-03-24,FVG,3749,1522,2227,183,183,148,427,1,21,2318,401,62,5,2267,1482,ITH,ITH4,6,Friuli-Venezia Giulia,Friuli Venezia Giulia,1215220,178280,14.67,0.31
1672,2021-04-18,FVG,5972,2767,3205,321,74,81,2,391,1480,727,2869,0,27,5566,406,ITH,ITH4,6,Friuli-Venezia Giulia,Friuli Venezia Giulia,1215220,184252,15.16,0.49
1673,2021-03-23,FVG,3758,1559,2199,321,303,245,241,0,3,2449,166,29,1,1615,2143,ITH,ITH4,6,Friuli-Venezia Giulia,Friuli Venezia Giulia,1215220,188010,15.47,0.31
1674,2021-03-03,FVG,3642,1628,2014,750,546,104,427,0,0,1331,15,469,0,2364,1278,ITH,ITH4,6,Friuli-Venezia Giulia,Friuli Venezia Giulia,1215220,191652,15.77,0.3
1675,2020-12-27,FVG,262,149,113,259,3,0,0,0,0,0,0,0,0,262,0,ITH,ITH4,6,Friuli-Venezia Giulia,Friuli Venezia Giulia,1215220,191914,15.79,0.02
1676,2021-04-17,FVG,7349,3200,4149,317,115,1,3,625,594,2427,3242,2,23,5868,1481,ITH,ITH4,6,Friuli-Venezia Giulia,Friuli Venezia Giulia,1215220,199263,16.4,0.6
1677,2021-02-06,FVG,1154,338,816,755,208,191,0,0,0,0,0,0,0,22,1132,ITH,ITH4,6,Friuli-Venezia Giulia,Friuli Venezia Giulia,1215220,200417,16.49,0.09
1678,2021-01-22,FVG,90,30,60,89,1,0,0,0,0,0,0,0,0,0,90,ITH,ITH4,6,Friuli-Venezia Giulia,Friuli Venezia Giulia,1215220,200507,16.5,0.01
1679,2021-04-24,FVG,1413,653,760,53,6,0,0,118,63,473,698,0,2,925,488,ITH,ITH4,6,Friuli-Venezia Giulia,Friuli Venezia Giulia,1215220,201920,16.62,0.12
1680,2021-01-31,FVG,2715,836,1879,1693,1004,18,0,0,0,0,0,0,0,385,2330,ITH,ITH4,6,Friuli-Venezia Giulia,Friuli Venezia Giulia,1215220,204635,16.84,0.22
1681,2021-03-17,FVG,3233,1265,1968,429,219,200,6,0,1,2246,129,3,0,740,2493,ITH,ITH4,6,Friuli-Venezia Giulia,Friuli Venezia Giulia,1215220,207868,17.11,0.27
1682,2021-03-10,FVG,3362,1494,1868,305,301,209,195,0,1,1973,67,309,2,1570,1792,ITH,ITH4,6,Friuli-Venezia Giulia,Friuli Venezia Giulia,1215220,211230,17.38,0.28
1683,2021-03-27,FVG,4982,2560,2422,60,810,1,98,3,906,1990,1096,16,2,3571,1411,ITH,ITH4,6,Friuli-Venezia Giulia,Friuli Venezia Giulia,1215220,216212,17.79,0.41
1684,2021-04-21,FVG,7562,3401,4161,107,73,30,9,549,2463,2044,2276,4,7,3951,3611,ITH,ITH4,6,Friuli-Venezia Giulia,Friuli Venezia Giulia,1215220,223774,18.41,0.62
1685,2021-03-14,FVG,1397,548,849,0,1,0,797,0,0,248,16,335,0,1144,253,ITH,ITH4,6,Friuli-Venezia Giulia,Friuli Venezia Giulia,1215220,225171,18.53,0.11
1686,2021-02-10,FVG,1352,496,856,745,487,119,1,0,0,0,0,0,0,1266,86,ITH,ITH4,6,Friuli-Venezia Giulia,Friuli Venezia Giulia,1215220,226523,18.64,0.11
1687,2021-04-08,FVG,7147,2989,4158,255,145,237,33,3,1541,2965,1953,4,11,5225,1922,ITH,ITH4,6,Friuli-Venezia Giulia,Friuli Venezia Giulia,1215220,233670,19.23,0.59
1688,2021-01-26,FVG,1975,647,1328,1442,152,381,0,0,0,0,0,0,0,214,1761,ITH,ITH4,6,Friuli-Venezia Giulia,Friuli Venezia Giulia,1215220,235645,19.39,0.16
1689,2021-03-29,FVG,6870,2999,3871,237,209,161,311,10,2110,2416,1352,48,16,5290,1580,ITH,ITH4,6,Friuli-Venezia Giulia,Friuli Venezia Giulia,1215220,242515,19.96,0.57
1690,2021-01-12,FVG,2260,713,1547,1529,370,361,0,0,0,0,0,0,0,2260,0,ITH,ITH4,6,Friuli-Venezia Giulia,Friuli Venezia Giulia,1215220,244775,20.14,0.19
1691,2021-03-09,FVG,3863,1590,2273,657,480,200,424,2,4,2005,28,60,3,1110,2753,ITH,ITH4,6,Friuli-Venezia Giulia,Friuli Venezia Giulia,1215220,248638,20.46,0.32
1692,2021-03-28,FVG,4808,2272,2536,13,745,5,1306,7,1525,425,663,111,8,4668,140,ITH,ITH4,6,Friuli-Venezia Giulia,Friuli Venezia Giulia,1215220,253446,20.86,0.4
1693,2021-03-19,FVG,3235,1340,1895,106,47,296,134,0,0,2513,138,0,1,1301,1934,ITH,ITH4,6,Friuli-Venezia Giulia,Friuli Venezia Giulia,1215220,256681,21.12,0.27
1694,2021-01-17,FVG,1720,524,1196,674,560,486,0,0,0,0,0,0,0,1720,0,ITH,ITH4,6,Friuli-Venezia Giulia,Friuli Venezia Giulia,1215220,258401,21.26,0.14
1695,2021-01-25,FVG,1583,567,1016,1370,141,72,0,0,0,0,0,0,0,194,1389,ITH,ITH4,6,Friuli-Venezia Giulia,Friuli Venezia Giulia,1215220,259984,21.39,0.13
1696,2021-02-23,FVG,2615,1252,1363,104,44,247,1,0,2,1943,19,254,1,2437,178,ITH,ITH4,6,Friuli-Venezia Giulia,Friuli Venezia Giulia,1215220,262599,21.61,0.22
1697,2021-02-26,FVG,3740,2094,1646,75,26,561,299,0,2,1739,5,1033,0,3593,147,ITH,ITH4,6,Friuli-Venezia Giulia,Friuli Venezia Giulia,1215220,266339,21.92,0.31
1698,2021-04-12,FVG,7213,3167,4046,281,179,230,20,99,1764,2073,2542,4,21,6086,1127,ITH,ITH4,6,Friuli-Venezia Giulia,Friuli Venezia Giulia,1215220,273552,22.51,0.59
1699,2021-03-21,FVG,2600,937,1663,6,9,88,1119,0,0,1333,3,27,15,2192,408,ITH,ITH4,6,Friuli-Venezia Giulia,Friuli Venezia Giulia,1215220,276152,22.72,0.21
1700,2021-01-21,FVG,895,345,550,864,31,0,0,0,0,0,0,0,0,1,894,ITH,ITH4,6,Friuli-Venezia Giulia,Friuli Venezia Giulia,1215220,277047,22.8,0.07
1701,2021-04-11,FVG,3434,1519,1915,235,100,7,27,11,531,1223,1278,7,15,2528,906,ITH,ITH4,6,Friuli-Venezia Giulia,Friuli Venezia Giulia,1215220,280481,23.08,0.28
1702,2021-03-18,FVG,3374,1423,1951,60,23,168,4,1,1,2864,253,0,0,1692,1682,ITH,ITH4,6,Friuli-Venezia Giulia,Friuli Venezia Giulia,1215220,283855,23.36,0.28
1703,2021-03-05,FVG,3741,1481,2260,1050,654,77,146,0,8,1735,25,46,0,2668,1073,ITH,ITH4,6,Friuli-Venezia Giulia,Friuli Venezia Giulia,1215220,287596,23.67,0.31
1704,2021-01-23,FVG,816,324,492,768,48,0,0,0,0,0,0,0,0,4,812,ITH,ITH4,6,Friuli-Venezia Giulia,Friuli Venezia Giulia,1215220,288412,23.73,0.07
1705,2021-03-07,FVG,2537,926,1611,1,5,153,1782,0,0,143,0,453,0,2536,1,ITH,ITH4,6,Friuli-Venezia Giulia,Friuli Venezia Giulia,1215220,290949,23.94,0.21
1706,2021-03-02,FVG,4220,1518,2702,1163,658,203,634,0,1,1538,17,5,1,2717,1503,ITH,ITH4,6,Friuli-Venezia Giulia,Friuli Venezia Giulia,1215220,295169,24.29,0.35
1707,2021-04-09,FVG,7666,3490,4176,300,172,77,22,44,1277,2614,3147,0,13,6446,1220,ITH,ITH4,6,Friuli-Venezia Giulia,Friuli Venezia Giulia,1215220,302835,24.92,0.63
1708,2021-02-24,FVG,2518,1082,1436,23,5,312,297,1,0,1835,15,0,30,2500,18,ITH,ITH4,6,Friuli-Venezia Giulia,Friuli Venezia Giulia,1215220,305353,25.13,0.21
1709,2021-04-14,FVG,7095,3073,4022,329,222,73,3,261,1554,2142,2498,2,11,5420,1675,ITH,ITH4,6,Friuli-Venezia Giulia,Friuli Venezia Giulia,1215220,312448,25.71,0.58
1710,2021-02-11,FVG,1935,665,1270,1134,566,230,0,0,1,3,0,1,0,1742,193,ITH,ITH4,6,Friuli-Venezia Giulia,Friuli Venezia Giulia,1215220,314383,25.87,0.16
1711,2021-03-20,FVG,3346,1353,1993,412,279,10,66,2,1,2381,14,179,2,1252,2094,ITH,ITH4,6,Friuli-Venezia Giulia,Friuli Venezia Giulia,1215220,317729,26.15,0.28
1712,2021-02-17,FVG,2352,998,1354,328,178,230,0,0,0,1555,14,46,1,1873,479,ITH,ITH4,6,Friuli-Venezia Giulia,Friuli Venezia Giulia,1215220,320081,26.34,0.19
1713,2021-02-16,FVG,2516,1135,1381,260,244,221,0,0,3,1760,28,0,0,2400,116,ITH,ITH4,6,Friuli-Venezia Giulia,Friuli Venezia Giulia,1215220,322597,26.55,0.21
1714,2021-03-16,FVG,3153,1288,1865,327,256,245,1,0,3,2203,115,0,3,1073,2080,ITH,ITH4,6,Friuli-Venezia Giulia,Friuli Venezia Giulia,1215220,325750,26.81,0.26
1715,2021-02-09,FVG,1848,556,1292,1053,509,286,0,0,0,0,0,0,0,1559,289,ITH,ITH4,6,Friuli-Venezia Giulia,Friuli Venezia Giulia,1215220,327598,26.96,0.15
1716,2021-03-25,FVG,5302,2252,3050,53,57,303,835,3,956,2059,978,53,5,3167,2135,ITH,ITH4,6,Friuli-Venezia Giulia,Friuli Venezia Giulia,1215220,332900,27.39,0.44
1717,2021-02-15,FVG,2454,909,1545,700,390,316,0,0,4,1034,10,0,0,2204,250,ITH,ITH4,6,Friuli-Venezia Giulia,Friuli Venezia Giulia,1215220,335354,27.6,0.2
1718,2021-01-09,FVG,2518,841,1677,1519,406,593,0,0,0,0,0,0,0,2518,0,ITH,ITH4,6,Friuli-Venezia Giulia,Friuli Venezia Giulia,1215220,337872,27.8,0.21
1719,2021-03-13,FVG,2934,1119,1815,12,4,86,723,1,2,2058,9,39,0,1661,1273,ITH,ITH4,6,Friuli-Venezia Giulia,Friuli Venezia Giulia,1215220,340806,28.04,0.24
1720,2021-01-20,FVG,751,323,428,719,32,0,0,0,0,0,0,0,0,12,739,ITH,ITH4,6,Friuli-Venezia Giulia,Friuli Venezia Giulia,1215220,341557,28.11,0.06
1721,2021-01-05,FVG,1680,551,1129,1350,133,197,0,0,0,0,0,0,0,1680,0,ITH,ITH4,6,Friuli-Venezia Giulia,Friuli Venezia Giulia,1215220,343237,28.24,0.14
1722,2021-02-04,FVG,2731,807,1924,1723,543,465,0,0,0,0,0,0,0,36,2695,ITH,ITH4,6,Friuli-Venezia Giulia,Friuli Venezia Giulia,1215220,345968,28.47,0.22
1723,2021-04-06,FVG,6249,2760,3489,255,199,132,29,4,1101,2688,1818,19,4,5097,1152,ITH,ITH4,6,Friuli-Venezia Giulia,Friuli Venezia Giulia,1215220,352217,28.98,0.51
1724,2021-01-16,FVG,1231,360,871,771,212,248,0,0,0,0,0,0,0,1231,0,ITH,ITH4,6,Friuli-Venezia Giulia,Friuli Venezia Giulia,1215220,353448,29.09,0.1
1725,2021-04-01,FVG,6310,2990,3320,170,116,199,94,2,1170,2058,2429,57,15,5296,1014,ITH,ITH4,6,Friuli-Venezia Giulia,Friuli Venezia Giulia,1215220,359758,29.6,0.52
1726,2021-04-20,FVG,7031,3027,4004,493,312,38,8,428,1147,2362,2233,2,8,3176,3855,ITH,ITH4,6,Friuli-Venezia Giulia,Friuli Venezia Giulia,1215220,366789,30.18,0.58
1727,2021-01-06,FVG,710,264,446,515,195,0,0,0,0,0,0,0,0,710,0,ITH,ITH4,6,Friuli-Venezia Giulia,Friuli Venezia Giulia,1215220,367499,30.24,0.06
1728,2021-03-11,FVG,3327,1393,1934,262,114,289,504,1,2,2014,35,104,2,1578,1749,ITH,ITH4,6,Friuli-Venezia Giulia,Friuli Venezia Giulia,1215220,370826,30.52,0.27
1729,2021-01-28,FVG,2237,793,1444,1756,287,194,0,0,0,0,0,0,0,354,1883,ITH,ITH4,6,Friuli-Venezia Giulia,Friuli Venezia Giulia,1215220,373063,30.7,0.18
1730,2021-01-15,FVG,2028,606,1422,1283,370,375,0,0,0,0,0,0,0,2028,0,ITH,ITH4,6,Friuli-Venezia Giulia,Friuli Venezia Giulia,1215220,375091,30.87,0.17
1731,2021-01-11,FVG,1884,609,1275,1502,336,46,0,0,0,0,0,0,0,1884,0,ITH,ITH4,6,Friuli-Venezia Giulia,Friuli Venezia Giulia,1215220,376975,31.02,0.16
1732,2021-04-18,SIC,19796,9894,9902,243,84,105,95,6004,1815,2686,8667,15,82,15408,4388,ITG,ITG1,19,Sicilia,Sicilia,4999891,19796,0.4,0.4
1733,2021-04-24,SIC,15325,7510,7815,192,65,147,66,2064,1337,3121,8168,28,137,10146,5179,ITG,ITG1,19,Sicilia,Sicilia,4999891,35121,0.7,0.31
1734,2021-01-31,SIC,4113,1959,2154,2602,835,295,0,61,26,26,0,0,268,114,3999,ITG,ITG1,19,Sicilia,Sicilia,4999891,39234,0.78,0.08
1735,2021-02-10,SIC,4434,1819,2615,1975,1154,741,0,59,33,18,0,0,454,4009,425,ITG,ITG1,19,Sicilia,Sicilia,4999891,43668,0.87,0.09
1736,2021-02-17,SIC,5434,3294,2140,1531,719,887,2,39,8,10,0,1999,239,4760,674,ITG,ITG1,19,Sicilia,Sicilia,4999891,49102,0.98,0.11
1737,2021-04-21,SIC,22561,10850,11711,542,201,301,121,1668,1614,3734,14102,29,249,16445,6116,ITG,ITG1,19,Sicilia,Sicilia,4999891,71663,1.43,0.45
1738,2021-03-23,SIC,21064,10107,10957,880,417,387,1648,184,3536,5908,7399,405,300,15456,5608,ITG,ITG1,19,Sicilia,Sicilia,4999891,92727,1.85,0.42
1739,2021-03-14,SIC,8833,3951,4882,571,415,180,678,146,1692,4351,148,67,585,4975,3858,ITG,ITG1,19,Sicilia,Sicilia,4999891,101560,2.03,0.18
1740,2021-01-10,SIC,3618,1615,2003,2126,552,464,0,42,22,92,0,0,320,3618,0,ITG,ITG1,19,Sicilia,Sicilia,4999891,105178,2.1,0.07
1741,2021-03-15,SIC,10767,4726,6041,1241,459,676,1155,60,1533,4919,133,308,283,5694,5073,ITG,ITG1,19,Sicilia,Sicilia,4999891,115945,2.32,0.22
1742,2021-01-28,SIC,9330,4400,4930,7466,1371,295,0,35,11,4,0,0,148,414,8916,ITG,ITG1,19,Sicilia,Sicilia,4999891,125275,2.51,0.19
1743,2021-02-14,SIC,1057,402,655,433,300,236,0,9,3,4,0,0,72,917,140,ITG,ITG1,19,Sicilia,Sicilia,4999891,126332,2.53,0.02
1744,2021-03-16,SIC,10173,4466,5707,1664,549,851,218,59,128,5733,620,75,276,4021,6152,ITG,ITG1,19,Sicilia,Sicilia,4999891,136505,2.73,0.2
1745,2021-04-20,SIC,19338,9107,10231,475,281,457,59,1477,1436,3600,11408,22,123,13981,5357,ITG,ITG1,19,Sicilia,Sicilia,4999891,155843,3.12,0.39
1746,2021-01-02,SIC,4874,2535,2339,4313,144,0,0,87,7,2,0,0,321,4874,0,ITG,ITG1,19,Sicilia,Sicilia,4999891,160717,3.21,0.1
1747,2021-02-02,SIC,5541,2623,2918,3156,1562,429,0,50,7,21,0,0,316,633,4908,ITG,ITG1,19,Sicilia,Sicilia,4999891,166258,3.33,0.11
1748,2020-12-28,SIC,207,124,83,205,2,0,0,0,0,0,0,0,0,207,0,ITG,ITG1,19,Sicilia,Sicilia,4999891,166465,3.33,0.0
1749,2021-01-15,SIC,5080,2233,2847,2824,1047,479,0,67,19,2,0,0,642,5080,0,ITG,ITG1,19,Sicilia,Sicilia,4999891,171545,3.43,0.1
1750,2021-03-11,SIC,15506,6547,8959,1611,1276,1026,3325,200,2112,4052,158,993,753,12932,2574,ITG,ITG1,19,Sicilia,Sicilia,4999891,187051,3.74,0.31
1751,2021-01-11,SIC,5905,2591,3314,3923,1014,382,0,83,17,89,0,0,397,5905,0,ITG,ITG1,19,Sicilia,Sicilia,4999891,192956,3.86,0.12
1752,2021-03-24,SIC,21185,9915,11270,958,492,606,1463,346,3222,5953,7633,200,312,15296,5889,ITG,ITG1,19,Sicilia,Sicilia,4999891,214141,4.28,0.42
1753,2021-03-07,SIC,9280,3465,5815,968,558,463,3299,88,12,3462,18,226,186,8196,1084,ITG,ITG1,19,Sicilia,Sicilia,4999891,223421,4.47,0.19
1754,2021-03-26,SIC,17905,8331,9574,1072,573,338,1308,225,2838,5580,5605,124,242,12385,5520,ITG,ITG1,19,Sicilia,Sicilia,4999891,241326,4.83,0.36
1755,2021-02-28,SIC,7181,3072,4109,871,410,112,1359,90,7,3359,2,268,703,6551,630,ITG,ITG1,19,Sicilia,Sicilia,4999891,248507,4.97,0.14
1756,2021-04-07,SIC,15759,7765,7994,764,386,473,182,244,1684,4451,7156,81,338,8588,7171,ITG,ITG1,19,Sicilia,Sicilia,4999891,264266,5.29,0.32
1757,2021-01-16,SIC,2776,1195,1581,1329,561,298,0,24,15,6,0,0,543,2776,0,ITG,ITG1,19,Sicilia,Sicilia,4999891,267042,5.34,0.06
1758,2021-04-04,SIC,6983,3380,3603,192,106,184,44,114,854,2488,2892,17,92,5690,1293,ITG,ITG1,19,Sicilia,Sicilia,4999891,274025,5.48,0.14
1759,2021-01-23,SIC,4155,2151,2004,3918,198,16,0,1,2,0,0,0,20,225,3930,ITG,ITG1,19,Sicilia,Sicilia,4999891,278180,5.56,0.08
1760,2021-02-11,SIC,5333,2103,3230,2458,1443,890,0,77,25,7,0,0,433,4868,465,ITG,ITG1,19,Sicilia,Sicilia,4999891,283513,5.67,0.11
1761,2021-04-06,SIC,18172,8720,9452,804,275,602,188,279,1950,5484,8032,105,453,13849,4323,ITG,ITG1,19,Sicilia,Sicilia,4999891,301685,6.03,0.36
1762,2021-03-13,SIC,12465,5492,6973,1174,771,513,1768,210,2143,4707,133,202,844,7859,4606,ITG,ITG1,19,Sicilia,Sicilia,4999891,314150,6.28,0.25
1763,2021-02-04,SIC,6926,3179,3747,4429,1439,557,0,49,13,18,0,0,421,1460,5466,ITG,ITG1,19,Sicilia,Sicilia,4999891,321076,6.42,0.14
1764,2021-02-15,SIC,3951,1862,2089,1700,987,628,26,28,10,14,5,351,202,3382,569,ITG,ITG1,19,Sicilia,Sicilia,4999891,325027,6.5,0.08
1765,2021-04-01,SIC,14468,6697,7771,625,238,520,191,129,2244,5113,4862,405,141,9741,4727,ITG,ITG1,19,Sicilia,Sicilia,4999891,339495,6.79,0.29
1766,2021-02-19,SIC,5163,2758,2405,1488,846,602,239,31,13,83,2,1541,318,4592,571,ITG,ITG1,19,Sicilia,Sicilia,4999891,344658,6.89,0.1
1767,2021-02-18,SIC,5497,3174,2323,1636,884,834,96,21,8,10,5,1836,167,5065,432,ITG,ITG1,19,Sicilia,Sicilia,4999891,350155,7.0,0.11
1768,2021-02-21,SIC,5178,2508,2670,379,165,174,153,38,6,3920,3,174,166,5070,108,ITG,ITG1,19,Sicilia,Sicilia,4999891,355333,7.11,0.1
1769,2021-01-18,SIC,1576,657,919,721,166,229,0,22,11,0,0,0,427,1432,144,ITG,ITG1,19,Sicilia,Sicilia,4999891,356909,7.14,0.03
1770,2021-04-03,SIC,16191,7700,8491,439,167,257,193,956,4224,4981,4560,36,378,13348,2843,ITG,ITG1,19,Sicilia,Sicilia,4999891,373100,7.46,0.32
1771,2021-03-27,SIC,15808,7462,8346,650,409,365,742,248,1826,5663,5576,56,273,10888,4920,ITG,ITG1,19,Sicilia,Sicilia,4999891,388908,7.78,0.32
1772,2021-02-12,SIC,4747,1853,2894,2301,1398,644,0,45,17,10,0,0,332,4416,331,ITG,ITG1,19,Sicilia,Sicilia,4999891,393655,7.87,0.09
1773,2021-01-27,SIC,7535,3839,3696,6331,819,152,0,44,11,7,0,0,171,189,7346,ITG,ITG1,19,Sicilia,Sicilia,4999891,401190,8.02,0.15
1774,2021-04-02,SIC,14047,6610,7437,633,217,377,205,131,2133,5218,4893,79,161,9260,4787,ITG,ITG1,19,Sicilia,Sicilia,4999891,415237,8.3,0.28
1775,2021-02-13,SIC,3107,1168,1939,1296,921,570,0,36,19,13,0,0,252,2850,257,ITG,ITG1,19,Sicilia,Sicilia,4999891,418344,8.37,0.06
1776,2021-01-25,SIC,7515,3699,3816,6636,577,70,0,21,7,44,0,0,160,322,7193,ITG,ITG1,19,Sicilia,Sicilia,4999891,425859,8.52,0.15
1777,2021-04-12,SIC,19096,9297,9799,423,152,397,118,1396,1675,3666,11048,27,194,11739,7357,ITG,ITG1,19,Sicilia,Sicilia,4999891,444955,8.9,0.38
1778,2021-03-20,SIC,18943,9093,9850,836,316,434,1221,191,2527,5565,7307,113,433,13553,5390,ITG,ITG1,19,Sicilia,Sicilia,4999891,463898,9.28,0.38
1779,2021-04-11,SIC,15505,7627,7878,220,102,188,97,794,1032,3250,9690,15,117,8475,7030,ITG,ITG1,19,Sicilia,Sicilia,4999891,479403,9.59,0.31
1780,2021-03-09,SIC,13245,5633,7612,1595,1210,713,3699,112,19,4036,217,1138,506,10869,2376,ITG,ITG1,19,Sicilia,Sicilia,4999891,492648,9.85,0.26
1781,2021-02-24,SIC,9601,4870,4731,1423,755,504,923,25,23,4101,1,1618,228,9005,596,ITG,ITG1,19,Sicilia,Sicilia,4999891,502249,10.05,0.19
1782,2021-04-22,SIC,27004,12783,14221,623,148,354,98,3051,2042,4395,16049,36,208,20539,6465,ITG,ITG1,19,Sicilia,Sicilia,4999891,529253,10.59,0.54
1783,2021-02-08,SIC,4086,1759,2327,2346,1028,397,0,37,5,16,0,0,257,2128,1958,ITG,ITG1,19,Sicilia,Sicilia,4999891,533339,10.67,0.08
1784,2021-01-07,SIC,9173,4239,4934,7694,974,210,0,64,8,2,0,0,221,9173,0,ITG,ITG1,19,Sicilia,Sicilia,4999891,542512,10.85,0.18
1785,2021-02-16,SIC,4414,2300,2114,1465,976,818,1,35,9,27,8,878,197,3947,467,ITG,ITG1,19,Sicilia,Sicilia,4999891,546926,10.94,0.09
1786,2021-01-09,SIC,7326,3424,3902,5034,1070,456,0,117,36,41,0,0,572,7326,0,ITG,ITG1,19,Sicilia,Sicilia,4999891,554252,11.09,0.15
1787,2021-03-31,SIC,14603,6736,7867,648,298,537,189,140,2230,5245,5033,108,175,9575,5028,ITG,ITG1,19,Sicilia,Sicilia,4999891,568855,11.38,0.29
1788,2021-03-08,SIC,13585,5850,7735,2013,1127,714,4001,135,24,3936,73,1025,537,10771,2814,ITG,ITG1,19,Sicilia,Sicilia,4999891,582440,11.65,0.27
1789,2021-03-29,SIC,14998,7038,7960,877,348,341,304,127,2532,5026,5161,104,178,10480,4518,ITG,ITG1,19,Sicilia,Sicilia,4999891,597438,11.95,0.3
1790,2021-01-30,SIC,7839,3569,4270,5452,1611,475,0,47,12,4,0,0,238,175,7664,ITG,ITG1,19,Sicilia,Sicilia,4999891,605277,12.11,0.16
1791,2021-01-14,SIC,5250,2514,2736,3046,1278,259,0,106,34,90,0,0,437,5250,0,ITG,ITG1,19,Sicilia,Sicilia,4999891,610527,12.21,0.11
1792,2021-03-21,SIC,15226,7337,7889,489,228,75,958,161,2141,4573,6220,112,269,11251,3975,ITG,ITG1,19,Sicilia,Sicilia,4999891,625753,12.52,0.3
1793,2021-01-13,SIC,5206,2463,2743,3033,1165,443,0,92,28,27,0,0,418,5206,0,ITG,ITG1,19,Sicilia,Sicilia,4999891,630959,12.62,0.1
1794,2021-03-04,SIC,15216,6560,8656,2811,1839,750,3832,117,36,4034,27,1207,563,11012,4204,ITG,ITG1,19,Sicilia,Sicilia,4999891,646175,12.92,0.3
1795,2021-03-05,SIC,15948,6877,9071,3193,1697,757,4085,94,30,4081,106,1489,416,11622,4326,ITG,ITG1,19,Sicilia,Sicilia,4999891,662123,13.24,0.32
1796,2021-01-24,SIC,4339,2265,2074,3994,265,3,0,12,6,37,0,0,22,148,4191,ITG,ITG1,19,Sicilia,Sicilia,4999891,666462,13.33,0.09
1797,2021-02-23,SIC,8951,4690,4261,1268,736,535,581,16,9,4077,2,1486,241,8461,490,ITG,ITG1,19,Sicilia,Sicilia,4999891,675413,13.51,0.18
1798,2021-04-19,SIC,18587,8796,9791,671,435,387,79,913,1254,3504,11183,24,137,12859,5728,ITG,ITG1,19,Sicilia,Sicilia,4999891,694000,13.88,0.37
1799,2021-01-04,SIC,8373,4172,4201,7595,547,6,0,26,8,2,0,0,189,8373,0,ITG,ITG1,19,Sicilia,Sicilia,4999891,702373,14.05,0.17
1800,2021-03-03,SIC,14707,6546,8161,2408,1520,515,3833,68,15,4374,44,1427,503,11622,3085,ITG,ITG1,19,Sicilia,Sicilia,4999891,717080,14.34,0.29
1801,2021-04-23,SIC,28839,13812,15027,640,212,406,108,4057,2393,4337,16414,64,208,22909,5930,ITG,ITG1,19,Sicilia,Sicilia,4999891,745919,14.92,0.58
1802,2021-04-05,SIC,8192,4034,4158,232,72,177,56,116,964,2926,3582,5,62,6751,1441,ITG,ITG1,19,Sicilia,Sicilia,4999891,754111,15.08,0.16
1803,2021-02-25,SIC,10163,5277,4886,1772,924,518,672,30,7,4058,26,1743,413,8983,1180,ITG,ITG1,19,Sicilia,Sicilia,4999891,764274,15.29,0.2
1804,2021-02-01,SIC,6078,2684,3394,4168,1237,318,0,47,13,44,0,0,251,304,5774,ITG,ITG1,19,Sicilia,Sicilia,4999891,770352,15.41,0.12
1805,2021-04-14,SIC,20667,9938,10729,601,191,393,100,1634,1626,4178,11758,29,157,11835,8832,ITG,ITG1,19,Sicilia,Sicilia,4999891,791019,15.82,0.41
1806,2021-01-26,SIC,9529,4685,4844,8392,768,254,0,21,7,2,0,0,85,265,9264,ITG,ITG1,19,Sicilia,Sicilia,4999891,800548,16.01,0.19
1807,2021-04-09,SIC,20663,10083,10580,740,351,369,285,915,1934,4400,11340,88,241,11490,9173,ITG,ITG1,19,Sicilia,Sicilia,4999891,821211,16.42,0.41
1808,2021-01-03,SIC,4695,2455,2240,4363,206,0,0,34,3,1,0,0,88,4695,0,ITG,ITG1,19,Sicilia,Sicilia,4999891,825906,16.52,0.09
1809,2021-02-06,SIC,5068,2227,2841,2535,1496,592,0,36,12,5,0,0,392,1488,3580,ITG,ITG1,19,Sicilia,Sicilia,4999891,830974,16.62,0.1
1810,2021-01-19,SIC,1271,521,750,521,125,238,0,20,13,17,0,0,337,1093,178,ITG,ITG1,19,Sicilia,Sicilia,4999891,832245,16.65,0.03
1811,2021-02-03,SIC,6105,2859,3246,3359,1498,624,0,91,20,11,0,0,502,756,5349,ITG,ITG1,19,Sicilia,Sicilia,4999891,838350,16.77,0.12
1812,2021-04-13,SIC,20047,9789,10258,669,179,272,127,1597,1865,3810,11352,41,135,11294,8753,ITG,ITG1,19,Sicilia,Sicilia,4999891,858397,17.17,0.4
1813,2021-04-16,SIC,28815,14461,14354,746,330,661,107,8347,2385,4275,11753,33,178,20429,8386,ITG,ITG1,19,Sicilia,Sicilia,4999891,887212,17.74,0.58
1814,2021-02-07,SIC,2349,997,1352,1611,435,157,0,16,9,1,0,0,120,675,1674,ITG,ITG1,19,Sicilia,Sicilia,4999891,889561,17.79,0.05
1815,2021-04-08,SIC,17020,8391,8629,699,430,484,158,231,1581,3876,9154,132,275,8496,8524,ITG,ITG1,19,Sicilia,Sicilia,4999891,906581,18.13,0.34
1816,2021-03-02,SIC,14957,6389,8568,2383,1211,525,4334,50,5,4535,57,1411,446,12132,2825,ITG,ITG1,19,Sicilia,Sicilia,4999891,921538,18.43,0.3
1817,2021-03-25,SIC,20505,9543,10962,1325,530,607,1381,256,3206,5606,7171,195,228,14963,5542,ITG,ITG1,19,Sicilia,Sicilia,4999891,942043,18.84,0.41
1818,2021-03-30,SIC,14575,6759,7816,715,395,386,255,149,2530,5111,4697,171,166,9747,4828,ITG,ITG1,19,Sicilia,Sicilia,4999891,956618,19.13,0.29
1819,2021-01-20,SIC,809,411,398,423,59,192,0,20,2,0,0,0,113,573,236,ITG,ITG1,19,Sicilia,Sicilia,4999891,957427,19.15,0.02
1820,2021-01-17,SIC,1299,587,712,621,319,160,0,12,8,3,0,0,176,1245,54,ITG,ITG1,19,Sicilia,Sicilia,4999891,958726,19.17,0.03
1821,2020-12-29,SIC,235,146,89,235,0,0,0,0,0,0,0,0,0,235,0,ITG,ITG1,19,Sicilia,Sicilia,4999891,958961,19.18,0.0
1822,2021-03-06,SIC,12956,5184,7772,2003,1212,878,3652,106,20,3963,65,704,353,10049,2907,ITG,ITG1,19,Sicilia,Sicilia,4999891,971917,19.44,0.26
1823,2021-03-22,SIC,16859,7944,8915,915,357,366,1231,151,2166,5645,5679,121,228,11311,5548,ITG,ITG1,19,Sicilia,Sicilia,4999891,988776,19.78,0.34
1824,2021-04-10,SIC,20685,10100,10585,487,196,367,240,1395,1768,4247,11734,44,207,11629,9056,ITG,ITG1,19,Sicilia,Sicilia,4999891,1009461,20.19,0.41
1825,2021-02-05,SIC,7217,3232,3985,3618,1903,856,0,74,32,109,0,0,625,2132,5085,ITG,ITG1,19,Sicilia,Sicilia,4999891,1016678,20.33,0.14
1826,2020-12-30,SIC,173,101,72,156,11,0,0,0,0,0,0,0,6,173,0,ITG,ITG1,19,Sicilia,Sicilia,4999891,1016851,20.34,0.0
1827,2021-02-26,SIC,12247,5977,6270,1837,1123,399,2453,47,18,3954,1,1854,561,10558,1689,ITG,ITG1,19,Sicilia,Sicilia,4999891,1029098,20.58,0.24
1828,2021-02-09,SIC,4371,1831,2540,2241,871,640,0,59,27,15,0,0,518,3365,1006,ITG,ITG1,19,Sicilia,Sicilia,4999891,1033469,20.67,0.09
1829,2021-03-17,SIC,15422,7569,7853,1403,538,665,306,158,206,5778,6049,73,246,9475,5947,ITG,ITG1,19,Sicilia,Sicilia,4999891,1048891,20.98,0.31
1830,2021-02-22,SIC,8039,4162,3877,1107,452,561,322,30,10,4149,0,1153,255,7547,492,ITG,ITG1,19,Sicilia,Sicilia,4999891,1056930,21.14,0.16
1831,2021-03-19,SIC,16506,8124,8382,1262,570,601,456,149,579,5434,7120,52,283,10777,5729,ITG,ITG1,19,Sicilia,Sicilia,4999891,1073436,21.47,0.33
1832,2021-01-06,SIC,6471,3402,3069,5717,434,2,0,51,31,15,0,0,221,6471,0,ITG,ITG1,19,Sicilia,Sicilia,4999891,1079907,21.6,0.13
1833,2021-04-15,SIC,21419,10412,11007,801,448,345,112,1746,1530,4206,11997,35,199,11829,9590,ITG,ITG1,19,Sicilia,Sicilia,4999891,1101326,22.03,0.43
1834,2021-01-08,SIC,8328,3864,4464,6591,942,213,0,78,33,23,0,0,448,8328,0,ITG,ITG1,19,Sicilia,Sicilia,4999891,1109654,22.19,0.17
1835,2021-03-01,SIC,12983,6131,6852,1558,1042,395,3154,58,18,4376,34,1859,489,11324,1659,ITG,ITG1,19,Sicilia,Sicilia,4999891,1122637,22.45,0.26
1836,2021-03-28,SIC,11036,5182,5854,535,303,171,187,90,948,4520,4112,28,142,7019,4017,ITG,ITG1,19,Sicilia,Sicilia,4999891,1133673,22.67,0.22
1837,2021-01-12,SIC,4543,2235,2308,2863,1177,195,0,61,14,29,0,0,204,4543,0,ITG,ITG1,19,Sicilia,Sicilia,4999891,1138216,22.76,0.09
1838,2020-12-31,SIC,878,470,408,828,6,0,0,4,0,0,0,0,40,878,0,ITG,ITG1,19,Sicilia,Sicilia,4999891,1139094,22.78,0.02
1839,2021-01-05,SIC,10528,5160,5368,9075,915,207,0,47,7,4,0,0,273,10528,0,ITG,ITG1,19,Sicilia,Sicilia,4999891,1149622,22.99,0.21
1840,2021-01-22,SIC,1236,626,610,1036,59,118,0,3,0,0,0,0,20,242,994,ITG,ITG1,19,Sicilia,Sicilia,4999891,1150858,23.02,0.02
1841,2021-01-01,SIC,815,437,378,740,29,0,0,10,0,0,0,0,36,815,0,ITG,ITG1,19,Sicilia,Sicilia,4999891,1151673,23.03,0.02
1842,2021-01-29,SIC,9363,4323,5040,7154,1601,305,0,27,8,79,0,0,189,432,8931,ITG,ITG1,19,Sicilia,Sicilia,4999891,1161036,23.22,0.19
1843,2021-03-18,SIC,15631,7785,7846,1284,486,617,37,162,191,5468,7022,73,291,9919,5712,ITG,ITG1,19,Sicilia,Sicilia,4999891,1176667,23.53,0.31
1844,2021-03-12,SIC,13125,5620,7505,1387,866,741,2407,238,1989,3885,158,627,827,10901,2224,ITG,ITG1,19,Sicilia,Sicilia,4999891,1189792,23.8,0.26
1845,2021-02-27,SIC,12450,5570,6880,1515,777,280,3371,149,11,3976,2,1146,1223,11239,1211,ITG,ITG1,19,Sicilia,Sicilia,4999891,1202242,24.05,0.25
1846,2021-03-10,SIC,13991,5977,8014,1481,1362,983,3767,148,24,4189,154,1120,763,11600,2391,ITG,ITG1,19,Sicilia,Sicilia,4999891,1216233,24.33,0.28
1847,2021-01-21,SIC,1332,650,682,1004,124,138,0,11,4,0,0,0,51,500,832,ITG,ITG1,19,Sicilia,Sicilia,4999891,1217565,24.35,0.03
1848,2021-04-17,SIC,26151,13221,12930,324,100,213,89,7813,2370,3875,11178,31,158,18996,7155,ITG,ITG1,19,Sicilia,Sicilia,4999891,1243716,24.87,0.52
1849,2020-12-27,SIC,90,54,36,62,1,26,0,0,0,0,0,0,1,90,0,ITG,ITG1,19,Sicilia,Sicilia,4999891,1243806,24.88,0.0
1850,2021-02-20,SIC,7285,3737,3548,848,712,561,175,39,14,3987,9,730,210,7033,252,ITG,ITG1,19,Sicilia,Sicilia,4999891,1251091,25.02,0.15
1851,2021-01-26,BAS,793,350,443,622,70,35,0,18,0,0,0,0,48,101,692,ITF,ITF5,17,Basilicata,Basilicata,559084,793,0.14,0.14
1852,2021-01-31,BAS,77,24,53,75,2,0,0,0,0,0,0,0,0,0,77,ITF,ITF5,17,Basilicata,Basilicata,559084,870,0.16,0.01
1853,2021-02-10,BAS,547,237,310,176,153,127,1,0,0,90,0,0,0,495,52,ITF,ITF5,17,Basilicata,Basilicata,559084,1417,0.25,0.1
1854,2021-04-13,BAS,2135,1060,1075,147,15,1,73,420,443,821,178,6,31,1303,832,ITF,ITF5,17,Basilicata,Basilicata,559084,3552,0.64,0.38
1855,2021-03-27,BAS,2032,750,1282,17,33,0,378,10,17,1554,13,0,10,1718,314,ITF,ITF5,17,Basilicata,Basilicata,559084,5584,1.0,0.36
1856,2021-04-15,BAS,3454,1675,1779,115,37,1,35,243,207,738,2038,6,34,2645,809,ITF,ITF5,17,Basilicata,Basilicata,559084,9038,1.62,0.62
1857,2021-03-10,BAS,1650,814,836,101,57,33,273,1,4,877,2,300,2,811,839,ITF,ITF5,17,Basilicata,Basilicata,559084,10688,1.91,0.3
1858,2021-03-08,BAS,1450,707,743,221,158,38,273,7,12,410,2,299,30,840,610,ITF,ITF5,17,Basilicata,Basilicata,559084,12138,2.17,0.26
1859,2021-03-28,BAS,2148,745,1403,92,6,8,713,3,8,1279,7,2,30,2126,22,ITF,ITF5,17,Basilicata,Basilicata,559084,14286,2.56,0.38
1860,2021-03-20,BAS,1286,566,720,45,69,0,178,0,8,950,30,5,1,275,1011,ITF,ITF5,17,Basilicata,Basilicata,559084,15572,2.79,0.23
1861,2021-04-06,BAS,1402,480,922,206,70,7,588,29,8,345,61,27,61,1206,196,ITF,ITF5,17,Basilicata,Basilicata,559084,16974,3.04,0.25
1862,2021-03-19,BAS,2284,988,1296,58,96,0,142,1,8,1950,2,22,5,261,2023,ITF,ITF5,17,Basilicata,Basilicata,559084,19258,3.44,0.41
1863,2021-01-29,BAS,613,229,384,398,38,70,0,41,2,16,0,0,48,63,550,ITF,ITF5,17,Basilicata,Basilicata,559084,19871,3.55,0.11
1864,2021-02-24,BAS,1803,743,1060,85,14,2,0,4,8,1686,0,1,3,1734,69,ITF,ITF5,17,Basilicata,Basilicata,559084,21674,3.88,0.32
1865,2021-02-07,BAS,373,159,214,259,74,40,0,0,0,0,0,0,0,49,324,ITF,ITF5,17,Basilicata,Basilicata,559084,22047,3.94,0.07
1866,2021-01-17,BAS,328,133,195,233,12,54,0,5,1,0,0,0,23,327,1,ITF,ITF5,17,Basilicata,Basilicata,559084,22375,4.0,0.06
1867,2021-04-11,BAS,847,330,517,74,3,9,225,3,5,47,473,3,5,786,61,ITF,ITF5,17,Basilicata,Basilicata,559084,23222,4.15,0.15
1868,2021-01-21,BAS,30,10,20,0,0,0,0,2,0,4,0,0,24,30,0,ITF,ITF5,17,Basilicata,Basilicata,559084,23252,4.16,0.01
1869,2021-04-12,BAS,2249,1086,1163,227,24,31,102,719,440,523,157,14,12,1675,574,ITF,ITF5,17,Basilicata,Basilicata,559084,25501,4.56,0.4
1870,2021-02-23,BAS,1901,771,1130,159,24,35,0,4,15,1658,0,0,6,1763,138,ITF,ITF5,17,Basilicata,Basilicata,559084,27402,4.9,0.34
1871,2021-02-26,BAS,2148,904,1244,88,94,1,0,2,6,1954,0,0,3,2069,79,ITF,ITF5,17,Basilicata,Basilicata,559084,29550,5.29,0.38
1872,2021-01-25,BAS,1020,427,593,828,80,1,0,33,2,0,0,0,76,74,946,ITF,ITF5,17,Basilicata,Basilicata,559084,30570,5.47,0.18
1873,2021-03-21,BAS,1045,480,565,32,1,0,159,2,9,803,0,0,39,352,693,ITF,ITF5,17,Basilicata,Basilicata,559084,31615,5.65,0.19
1874,2021-03-05,BAS,1849,855,994,298,157,72,309,6,12,689,2,296,8,1104,745,ITF,ITF5,17,Basilicata,Basilicata,559084,33464,5.99,0.33
1875,2021-01-07,BAS,640,319,321,556,8,29,0,16,0,0,0,0,31,640,0,ITF,ITF5,17,Basilicata,Basilicata,559084,34104,6.1,0.11
1876,2021-04-04,BAS,543,215,328,9,8,0,88,7,0,406,20,4,1,130,413,ITF,ITF5,17,Basilicata,Basilicata,559084,34647,6.2,0.1
1877,2021-04-17,BAS,3455,1654,1801,53,7,0,10,13,17,1234,2104,12,5,2191,1264,ITF,ITF5,17,Basilicata,Basilicata,559084,38102,6.82,0.62
1878,2021-04-22,BAS,5034,2345,2689,61,17,23,85,273,903,1449,2079,61,83,3433,1601,ITF,ITF5,17,Basilicata,Basilicata,559084,43136,7.72,0.9
1879,2021-03-03,BAS,1740,813,927,191,298,99,244,3,3,590,58,253,1,1184,556,ITF,ITF5,17,Basilicata,Basilicata,559084,44876,8.03,0.31
1880,2021-03-06,BAS,1351,535,816,296,140,57,259,0,2,383,0,212,2,757,594,ITF,ITF5,17,Basilicata,Basilicata,559084,46227,8.27,0.24
1881,2021-01-22,BAS,67,24,43,6,0,0,0,13,10,19,0,0,19,67,0,ITF,ITF5,17,Basilicata,Basilicata,559084,46294,8.28,0.01
1882,2021-03-25,BAS,1731,577,1154,38,52,11,645,4,12,915,27,24,3,1419,312,ITF,ITF5,17,Basilicata,Basilicata,559084,48025,8.59,0.31
1883,2021-03-16,BAS,1899,799,1100,103,30,0,62,4,13,1671,2,6,8,228,1671,ITF,ITF5,17,Basilicata,Basilicata,559084,49924,8.93,0.34
1884,2021-01-09,BAS,557,160,397,386,55,67,1,7,0,0,0,0,41,557,0,ITF,ITF5,17,Basilicata,Basilicata,559084,50481,9.03,0.1
1885,2021-02-15,BAS,621,232,389,191,134,46,0,0,3,246,0,1,0,580,41,ITF,ITF5,17,Basilicata,Basilicata,559084,51102,9.14,0.11
1886,2021-03-13,BAS,1794,888,906,82,325,46,213,2,6,864,1,245,10,749,1045,ITF,ITF5,17,Basilicata,Basilicata,559084,52896,9.46,0.32
1887,2021-02-09,BAS,491,213,278,200,237,54,0,0,0,0,0,0,0,316,175,ITF,ITF5,17,Basilicata,Basilicata,559084,53387,9.55,0.09
1888,2020-12-27,BAS,106,41,65,104,0,0,0,0,0,0,0,0,2,106,0,ITF,ITF5,17,Basilicata,Basilicata,559084,53493,9.57,0.02
1889,2021-01-27,BAS,411,175,236,299,17,26,0,12,9,25,0,0,23,113,298,ITF,ITF5,17,Basilicata,Basilicata,559084,53904,9.64,0.07
1890,2021-01-02,BAS,949,380,569,855,43,0,3,9,0,0,0,0,39,949,0,ITF,ITF5,17,Basilicata,Basilicata,559084,54853,9.81,0.17
1891,2021-01-05,BAS,945,409,536,861,44,0,0,12,0,0,0,0,28,945,0,ITF,ITF5,17,Basilicata,Basilicata,559084,55798,9.98,0.17
1892,2021-01-20,BAS,84,22,62,0,0,0,0,10,8,43,0,0,23,84,0,ITF,ITF5,17,Basilicata,Basilicata,559084,55882,10.0,0.02
1893,2021-03-09,BAS,1391,706,685,222,51,33,238,2,2,545,0,292,6,787,604,ITF,ITF5,17,Basilicata,Basilicata,559084,57273,10.24,0.25
1894,2021-03-23,BAS,1198,492,706,49,5,2,279,5,2,827,5,21,3,1091,107,ITF,ITF5,17,Basilicata,Basilicata,559084,58471,10.46,0.21
1895,2021-04-20,BAS,4031,1916,2115,32,13,10,60,57,213,1698,1922,10,16,2195,1836,ITF,ITF5,17,Basilicata,Basilicata,559084,62502,11.18,0.72
1896,2021-01-15,BAS,813,350,463,578,21,174,0,5,1,1,0,0,33,813,0,ITF,ITF5,17,Basilicata,Basilicata,559084,63315,11.32,0.15
1897,2021-04-19,BAS,4213,1923,2290,77,21,58,125,30,103,1590,2159,11,39,2552,1661,ITF,ITF5,17,Basilicata,Basilicata,559084,67528,12.08,0.75
1898,2021-04-08,BAS,881,406,475,262,57,0,188,16,9,82,199,37,31,872,9,ITF,ITF5,17,Basilicata,Basilicata,559084,68409,12.24,0.16
1899,2021-01-11,BAS,183,66,117,107,21,41,0,4,0,0,0,0,10,183,0,ITF,ITF5,17,Basilicata,Basilicata,559084,68592,12.27,0.03
1900,2021-01-28,BAS,903,401,502,717,24,81,0,30,0,1,0,0,50,119,784,ITF,ITF5,17,Basilicata,Basilicata,559084,69495,12.43,0.16
1901,2021-03-11,BAS,1783,919,864,163,83,77,223,5,5,905,3,289,30,824,959,ITF,ITF5,17,Basilicata,Basilicata,559084,71278,12.75,0.32
1902,2021-03-02,BAS,791,381,410,110,33,5,213,5,4,184,0,237,0,656,135,ITF,ITF5,17,Basilicata,Basilicata,559084,72069,12.89,0.14
1903,2021-02-11,BAS,951,401,550,200,158,107,0,0,6,472,0,4,4,868,83,ITF,ITF5,17,Basilicata,Basilicata,559084,73020,13.06,0.17
1904,2021-04-14,BAS,2081,1011,1070,34,4,2,92,295,602,676,337,14,25,1391,690,ITF,ITF5,17,Basilicata,Basilicata,559084,75101,13.43,0.37
1905,2021-01-12,BAS,217,88,129,87,22,99,0,1,0,0,0,0,8,217,0,ITF,ITF5,17,Basilicata,Basilicata,559084,75318,13.47,0.04
1906,2021-01-23,BAS,707,299,408,592,38,1,0,18,2,8,0,0,48,33,674,ITF,ITF5,17,Basilicata,Basilicata,559084,76025,13.6,0.13
1907,2021-04-09,BAS,1146,351,795,142,16,1,618,12,12,137,126,50,32,1079,67,ITF,ITF5,17,Basilicata,Basilicata,559084,77171,13.8,0.2
1908,2021-01-14,BAS,969,413,556,504,112,323,0,6,0,0,0,0,24,969,0,ITF,ITF5,17,Basilicata,Basilicata,559084,78140,13.98,0.17
1909,2021-03-07,BAS,882,308,574,39,12,4,471,2,0,328,0,22,4,844,38,ITF,ITF5,17,Basilicata,Basilicata,559084,79022,14.13,0.16
1910,2021-01-18,BAS,463,157,306,364,52,45,0,0,0,0,0,0,2,364,99,ITF,ITF5,17,Basilicata,Basilicata,559084,79485,14.22,0.08
1911,2021-04-07,BAS,1401,580,821,268,21,20,584,8,10,107,340,23,20,1366,35,ITF,ITF5,17,Basilicata,Basilicata,559084,80886,14.47,0.25
1912,2021-03-04,BAS,1872,889,983,217,151,66,241,1,5,843,41,302,5,1079,793,ITF,ITF5,17,Basilicata,Basilicata,559084,82758,14.8,0.33
1913,2021-02-20,BAS,1160,530,630,77,170,80,0,0,9,810,11,0,3,1043,117,ITF,ITF5,17,Basilicata,Basilicata,559084,83918,15.01,0.21
1914,2021-04-05,BAS,437,166,271,2,3,0,71,2,1,338,15,4,1,135,302,ITF,ITF5,17,Basilicata,Basilicata,559084,84355,15.09,0.08
1915,2021-02-14,BAS,151,48,103,55,12,65,0,0,1,18,0,0,0,151,0,ITF,ITF5,17,Basilicata,Basilicata,559084,84506,15.12,0.03
1916,2021-02-19,BAS,1622,737,885,219,360,66,0,1,13,962,0,0,1,1560,62,ITF,ITF5,17,Basilicata,Basilicata,559084,86128,15.41,0.29
1917,2021-03-26,BAS,1938,704,1234,195,8,3,475,13,9,1190,21,8,16,1676,262,ITF,ITF5,17,Basilicata,Basilicata,559084,88066,15.75,0.35
1918,2021-01-08,BAS,554,219,335,383,33,59,0,36,0,0,0,0,43,554,0,ITF,ITF5,17,Basilicata,Basilicata,559084,88620,15.85,0.1
1919,2021-02-01,BAS,242,91,151,156,24,48,0,4,1,0,0,0,9,46,196,ITF,ITF5,17,Basilicata,Basilicata,559084,88862,15.89,0.04
1920,2021-01-16,BAS,721,304,417,466,17,161,2,17,0,1,0,0,57,721,0,ITF,ITF5,17,Basilicata,Basilicata,559084,89583,16.02,0.13
1921,2021-03-12,BAS,1896,975,921,266,64,37,258,1,8,985,0,274,3,798,1098,ITF,ITF5,17,Basilicata,Basilicata,559084,91479,16.36,0.34
1922,2021-01-19,BAS,199,84,115,78,48,44,0,3,6,8,0,0,12,199,0,ITF,ITF5,17,Basilicata,Basilicata,559084,91678,16.4,0.04
1923,2021-01-04,BAS,607,271,336,550,49,0,2,1,0,0,0,0,5,607,0,ITF,ITF5,17,Basilicata,Basilicata,559084,92285,16.51,0.11
1924,2021-04-01,BAS,2849,1153,1696,79,33,24,293,15,23,2192,104,17,69,2135,714,ITF,ITF5,17,Basilicata,Basilicata,559084,95134,17.02,0.51
1925,2021-03-14,BAS,1008,477,531,41,110,8,249,0,3,516,0,79,2,539,469,ITF,ITF5,17,Basilicata,Basilicata,559084,96142,17.2,0.18
1926,2021-04-24,BAS,2232,1086,1146,30,10,1,38,211,433,467,998,4,40,1626,606,ITF,ITF5,17,Basilicata,Basilicata,559084,98374,17.6,0.4
1927,2021-03-17,BAS,1448,606,842,22,12,0,2,6,9,1390,0,5,2,27,1421,ITF,ITF5,17,Basilicata,Basilicata,559084,99822,17.85,0.26
1928,2021-04-21,BAS,3926,1839,2087,20,6,0,65,113,231,1492,1962,15,22,2267,1659,ITF,ITF5,17,Basilicata,Basilicata,559084,103748,18.56,0.7
1929,2021-02-12,BAS,775,332,443,288,192,90,0,3,4,192,0,6,0,744,31,ITF,ITF5,17,Basilicata,Basilicata,559084,104523,18.7,0.14
1930,2021-02-16,BAS,905,377,528,250,93,67,0,1,1,492,0,1,0,807,98,ITF,ITF5,17,Basilicata,Basilicata,559084,105428,18.86,0.16
1931,2021-02-27,BAS,1986,856,1130,103,123,21,0,16,6,1678,4,0,35,1822,164,ITF,ITF5,17,Basilicata,Basilicata,559084,107414,19.21,0.36
1932,2021-02-17,BAS,1135,493,642,123,53,57,1,0,12,885,0,1,3,1059,76,ITF,ITF5,17,Basilicata,Basilicata,559084,108549,19.42,0.2
1933,2021-02-04,BAS,1093,441,652,637,106,281,0,26,0,3,0,0,40,63,1030,ITF,ITF5,17,Basilicata,Basilicata,559084,109642,19.61,0.2
1934,2021-03-31,BAS,3251,1292,1959,68,46,0,234,20,13,2672,130,21,47,2467,784,ITF,ITF5,17,Basilicata,Basilicata,559084,112893,20.19,0.58
1935,2021-01-06,BAS,294,129,165,229,9,36,0,6,0,0,0,0,14,294,0,ITF,ITF5,17,Basilicata,Basilicata,559084,113187,20.25,0.05
1936,2021-03-01,BAS,540,279,261,121,107,4,50,1,1,169,0,86,1,376,164,ITF,ITF5,17,Basilicata,Basilicata,559084,113727,20.34,0.1
1937,2021-02-18,BAS,1070,401,669,270,59,150,0,0,0,588,0,0,3,855,215,ITF,ITF5,17,Basilicata,Basilicata,559084,114797,20.53,0.19
1938,2021-03-18,BAS,1346,561,785,30,0,0,0,1,7,1306,0,0,2,22,1324,ITF,ITF5,17,Basilicata,Basilicata,559084,116143,20.77,0.24
1939,2021-02-28,BAS,802,342,460,32,29,0,0,0,0,740,0,0,1,774,28,ITF,ITF5,17,Basilicata,Basilicata,559084,116945,20.92,0.14
1940,2021-02-21,BAS,284,113,171,16,1,11,1,0,1,254,0,0,0,284,0,ITF,ITF5,17,Basilicata,Basilicata,559084,117229,20.97,0.05
1941,2021-02-25,BAS,1787,736,1051,67,3,0,0,1,6,1705,0,1,4,1741,46,ITF,ITF5,17,Basilicata,Basilicata,559084,119016,21.29,0.32
1942,2021-02-22,BAS,1790,773,1017,125,23,2,0,2,7,1627,0,0,4,1737,53,ITF,ITF5,17,Basilicata,Basilicata,559084,120806,21.61,0.32
1943,2021-02-08,BAS,557,193,364,436,72,49,0,0,0,0,0,0,0,151,406,ITF,ITF5,17,Basilicata,Basilicata,559084,121363,21.71,0.1
1944,2021-04-18,BAS,3720,1846,1874,29,6,0,17,44,214,1341,2051,15,3,2352,1368,ITF,ITF5,17,Basilicata,Basilicata,559084,125083,22.37,0.67
1945,2021-04-03,BAS,1823,759,1064,43,3,0,314,12,8,1113,294,14,22,1479,344,ITF,ITF5,17,Basilicata,Basilicata,559084,126906,22.7,0.33
1946,2021-03-29,BAS,2691,988,1703,71,20,1,674,15,10,1790,60,8,42,2351,340,ITF,ITF5,17,Basilicata,Basilicata,559084,129597,23.18,0.48
1947,2021-03-15,BAS,2347,981,1366,78,30,0,266,3,6,1934,1,23,6,520,1827,ITF,ITF5,17,Basilicata,Basilicata,559084,131944,23.6,0.42
1948,2021-02-02,BAS,367,143,224,212,15,102,0,9,1,0,0,2,26,175,192,ITF,ITF5,17,Basilicata,Basilicata,559084,132311,23.67,0.07
1949,2021-01-30,BAS,703,226,477,424,81,126,0,20,0,0,0,0,52,127,576,ITF,ITF5,17,Basilicata,Basilicata,559084,133014,23.79,0.13
1950,2021-02-03,BAS,666,300,366,425,15,172,0,40,1,0,0,0,13,32,634,ITF,ITF5,17,Basilicata,Basilicata,559084,133680,23.91,0.12
1951,2021-04-23,BAS,4528,2176,2352,75,29,6,46,233,997,761,2238,22,121,3530,998,ITF,ITF5,17,Basilicata,Basilicata,559084,138208,24.72,0.81
1952,2021-01-03,BAS,900,344,556,790,53,0,2,7,0,0,0,0,48,900,0,ITF,ITF5,17,Basilicata,Basilicata,559084,139108,24.88,0.16
1953,2021-01-10,BAS,77,24,53,9,2,0,0,7,4,0,0,0,55,77,0,ITF,ITF5,17,Basilicata,Basilicata,559084,139185,24.9,0.01
1954,2021-03-30,BAS,2912,1186,1726,37,15,0,513,8,15,2206,80,13,25,2567,345,ITF,ITF5,17,Basilicata,Basilicata,559084,142097,25.42,0.52
1955,2021-02-05,BAS,983,443,540,611,37,191,0,23,8,5,0,0,108,64,919,ITF,ITF5,17,Basilicata,Basilicata,559084,143080,25.59,0.18
1956,2021-01-13,BAS,916,387,529,699,11,148,1,37,1,1,0,0,18,916,0,ITF,ITF5,17,Basilicata,Basilicata,559084,143996,25.76,0.16
1957,2021-03-24,BAS,1563,637,926,67,24,0,430,5,8,956,6,45,22,1209,354,ITF,ITF5,17,Basilicata,Basilicata,559084,145559,26.04,0.28
1958,2021-04-02,BAS,2317,1048,1269,97,34,2,25,18,33,1737,270,42,59,1710,607,ITF,ITF5,17,Basilicata,Basilicata,559084,147876,26.45,0.41
1959,2021-01-24,BAS,835,300,535,707,46,1,0,13,0,0,0,0,68,58,777,ITF,ITF5,17,Basilicata,Basilicata,559084,148711,26.6,0.15
1960,2021-02-06,BAS,902,367,535,546,186,168,1,1,0,0,0,0,0,146,756,ITF,ITF5,17,Basilicata,Basilicata,559084,149613,26.76,0.16
1961,2021-04-16,BAS,3354,1646,1708,32,21,1,71,19,35,885,2269,6,15,2439,915,ITF,ITF5,17,Basilicata,Basilicata,559084,152967,27.36,0.6
1962,2021-03-22,BAS,1172,529,643,46,68,0,385,2,4,642,7,16,2,626,546,ITF,ITF5,17,Basilicata,Basilicata,559084,154139,27.57,0.21
1963,2021-04-10,BAS,1037,384,653,64,12,8,486,5,4,148,282,21,7,955,82,ITF,ITF5,17,Basilicata,Basilicata,559084,155176,27.76,0.19
1964,2021-02-13,BAS,799,313,486,279,155,115,0,5,14,201,0,2,28,738,61,ITF,ITF5,17,Basilicata,Basilicata,559084,155975,27.9,0.14
1965,2021-04-09,VDA,233,110,123,0,0,7,0,154,32,29,8,0,3,200,33,ITC,ITC2,2,Valle d'Aosta / Vallée d'Aoste,Valle d'Aosta,125666,233,0.19,0.19
1966,2021-01-29,VDA,316,138,178,259,32,16,0,6,3,0,0,0,0,2,314,ITC,ITC2,2,Valle d'Aosta / Vallée d'Aoste,Valle d'Aosta,125666,549,0.44,0.25
1967,2021-03-20,VDA,205,85,120,5,4,15,1,86,46,14,1,27,6,170,35,ITC,ITC2,2,Valle d'Aosta / Vallée d'Aoste,Valle d'Aosta,125666,754,0.6,0.16
1968,2021-02-24,VDA,183,82,101,30,9,13,7,0,4,66,0,54,0,164,19,ITC,ITC2,2,Valle d'Aosta / Vallée d'Aoste,Valle d'Aosta,125666,937,0.75,0.15
1969,2021-01-09,VDA,443,199,244,225,183,22,0,7,6,0,0,0,0,443,0,ITC,ITC2,2,Valle d'Aosta / Vallée d'Aoste,Valle d'Aosta,125666,1380,1.1,0.35
1970,2021-02-07,VDA,292,120,172,110,63,0,3,1,1,105,7,2,0,190,102,ITC,ITC2,2,Valle d'Aosta / Vallée d'Aoste,Valle d'Aosta,125666,1672,1.33,0.23
1971,2021-03-29,VDA,490,232,258,6,5,18,0,50,172,209,23,1,6,451,39,ITC,ITC2,2,Valle d'Aosta / Vallée d'Aoste,Valle d'Aosta,125666,2162,1.72,0.39
1972,2021-02-16,VDA,325,53,272,10,0,14,236,11,8,32,0,4,10,320,5,ITC,ITC2,2,Valle d'Aosta / Vallée d'Aoste,Valle d'Aosta,125666,2487,1.98,0.26
1973,2021-01-21,VDA,33,12,21,0,0,33,0,0,0,0,0,0,0,33,0,ITC,ITC2,2,Valle d'Aosta / Vallée d'Aoste,Valle d'Aosta,125666,2520,2.01,0.03
1974,2021-02-21,VDA,18,3,15,0,0,18,0,0,0,0,0,0,0,0,18,ITC,ITC2,2,Valle d'Aosta / Vallée d'Aoste,Valle d'Aosta,125666,2538,2.02,0.01
1975,2021-03-25,VDA,386,154,232,10,0,1,1,8,57,287,14,0,8,377,9,ITC,ITC2,2,Valle d'Aosta / Vallée d'Aoste,Valle d'Aosta,125666,2924,2.33,0.31
1976,2021-03-15,VDA,361,122,239,20,4,10,65,8,16,217,14,7,0,159,202,ITC,ITC2,2,Valle d'Aosta / Vallée d'Aoste,Valle d'Aosta,125666,3285,2.61,0.29
1977,2021-01-30,VDA,437,202,235,232,181,12,0,7,4,0,0,0,1,14,423,ITC,ITC2,2,Valle d'Aosta / Vallée d'Aoste,Valle d'Aosta,125666,3722,2.96,0.35
1978,2021-01-14,VDA,237,69,168,151,62,0,0,16,6,2,0,0,0,237,0,ITC,ITC2,2,Valle d'Aosta / Vallée d'Aoste,Valle d'Aosta,125666,3959,3.15,0.19
1979,2021-04-19,VDA,748,323,425,11,5,2,1,103,132,311,175,1,7,540,208,ITC,ITC2,2,Valle d'Aosta / Vallée d'Aoste,Valle d'Aosta,125666,4707,3.75,0.6
1980,2021-02-22,VDA,316,94,222,62,10,39,67,0,15,111,0,6,6,213,103,ITC,ITC2,2,Valle d'Aosta / Vallée d'Aoste,Valle d'Aosta,125666,5023,4.0,0.25
1981,2021-03-04,VDA,291,139,152,56,19,2,2,3,10,160,2,14,23,42,249,ITC,ITC2,2,Valle d'Aosta / Vallée d'Aoste,Valle d'Aosta,125666,5314,4.23,0.23
1982,2021-01-13,VDA,337,110,227,166,138,28,0,3,2,0,0,0,0,337,0,ITC,ITC2,2,Valle d'Aosta / Vallée d'Aoste,Valle d'Aosta,125666,5651,4.5,0.27
1983,2021-04-10,VDA,401,189,212,2,2,1,0,109,223,22,30,0,12,396,5,ITC,ITC2,2,Valle d'Aosta / Vallée d'Aoste,Valle d'Aosta,125666,6052,4.82,0.32
1984,2021-02-05,VDA,294,102,192,159,52,0,0,14,16,53,0,0,0,101,193,ITC,ITC2,2,Valle d'Aosta / Vallée d'Aoste,Valle d'Aosta,125666,6346,5.05,0.23
1985,2021-04-16,VDA,596,261,335,63,10,2,0,235,79,25,172,0,10,594,2,ITC,ITC2,2,Valle d'Aosta / Vallée d'Aoste,Valle d'Aosta,125666,6942,5.52,0.47
1986,2021-03-13,VDA,142,84,58,2,11,0,3,80,0,0,0,24,22,142,0,ITC,ITC2,2,Valle d'Aosta / Vallée d'Aoste,Valle d'Aosta,125666,7084,5.64,0.11
1987,2021-04-14,VDA,933,424,509,16,3,0,1,83,257,403,150,3,17,711,222,ITC,ITC2,2,Valle d'Aosta / Vallée d'Aoste,Valle d'Aosta,125666,8017,6.38,0.74
1988,2021-04-15,VDA,806,375,431,30,1,0,1,232,134,241,153,2,12,667,139,ITC,ITC2,2,Valle d'Aosta / Vallée d'Aoste,Valle d'Aosta,125666,8823,7.02,0.64
1989,2021-03-27,VDA,332,164,168,23,12,14,1,111,72,66,4,21,8,301,31,ITC,ITC2,2,Valle d'Aosta / Vallée d'Aoste,Valle d'Aosta,125666,9155,7.29,0.26
1990,2021-03-07,VDA,64,30,34,16,3,0,1,1,4,26,0,2,11,11,53,ITC,ITC2,2,Valle d'Aosta / Vallée d'Aoste,Valle d'Aosta,125666,9219,7.34,0.05
1991,2021-01-18,VDA,213,74,139,29,7,27,0,104,0,46,0,0,0,213,0,ITC,ITC2,2,Valle d'Aosta / Vallée d'Aoste,Valle d'Aosta,125666,9432,7.51,0.17
1992,2021-02-27,VDA,230,84,146,69,8,2,0,10,4,128,0,4,5,124,106,ITC,ITC2,2,Valle d'Aosta / Vallée d'Aoste,Valle d'Aosta,125666,9662,7.69,0.18
1993,2021-01-02,VDA,6,5,1,0,0,6,0,0,0,0,0,0,0,6,0,ITC,ITC2,2,Valle d'Aosta / Vallée d'Aoste,Valle d'Aosta,125666,9668,7.69,0.0
1994,2021-03-18,VDA,134,43,91,4,0,25,0,0,2,101,1,1,0,98,36,ITC,ITC2,2,Valle d'Aosta / Vallée d'Aoste,Valle d'Aosta,125666,9802,7.8,0.11
1995,2021-01-22,VDA,56,21,35,36,0,20,0,0,0,0,0,0,0,20,36,ITC,ITC2,2,Valle d'Aosta / Vallée d'Aoste,Valle d'Aosta,125666,9858,7.84,0.04
1996,2021-02-06,VDA,289,104,185,170,36,0,0,1,2,74,5,1,0,92,197,ITC,ITC2,2,Valle d'Aosta / Vallée d'Aoste,Valle d'Aosta,125666,10147,8.07,0.23
1997,2021-03-10,VDA,436,182,254,9,0,17,0,1,19,361,20,7,2,225,211,ITC,ITC2,2,Valle d'Aosta / Vallée d'Aoste,Valle d'Aosta,125666,10583,8.42,0.35
1998,2021-03-02,VDA,339,166,173,17,9,39,5,34,1,145,0,65,24,336,3,ITC,ITC2,2,Valle d'Aosta / Vallée d'Aoste,Valle d'Aosta,125666,10922,8.69,0.27
1999,2021-01-20,VDA,23,8,15,0,0,6,0,0,0,17,0,0,0,23,0,ITC,ITC2,2,Valle d'Aosta / Vallée d'Aoste,Valle d'Aosta,125666,10945,8.71,0.02
2000,2021-03-11,VDA,192,72,120,2,0,7,2,1,10,167,1,1,1,64,128,ITC,ITC2,2,Valle d'Aosta / Vallée d'Aoste,Valle d'Aosta,125666,11137,8.86,0.15
2001,2021-02-20,VDA,251,210,41,6,17,11,9,3,2,8,0,183,12,241,10,ITC,ITC2,2,Valle d'Aosta / Vallée d'Aoste,Valle d'Aosta,125666,11388,9.06,0.2
2002,2021-04-08,VDA,582,282,300,6,0,4,2,50,146,281,80,0,13,438,144,ITC,ITC2,2,Valle d'Aosta / Vallée d'Aoste,Valle d'Aosta,125666,11970,9.53,0.46
2003,2021-01-11,VDA,325,112,213,238,50,30,0,3,3,0,0,0,1,325,0,ITC,ITC2,2,Valle d'Aosta / Vallée d'Aoste,Valle d'Aosta,125666,12295,9.78,0.26
2004,2021-04-17,VDA,635,405,230,8,8,0,2,158,197,46,206,0,10,633,2,ITC,ITC2,2,Valle d'Aosta / Vallée d'Aoste,Valle d'Aosta,125666,12930,10.29,0.51
2005,2021-04-11,VDA,476,207,269,2,3,0,3,265,142,5,47,0,9,476,0,ITC,ITC2,2,Valle d'Aosta / Vallée d'Aoste,Valle d'Aosta,125666,13406,10.67,0.38
2006,2021-02-23,VDA,216,123,93,0,1,0,16,0,0,0,0,46,153,216,0,ITC,ITC2,2,Valle d'Aosta / Vallée d'Aoste,Valle d'Aosta,125666,13622,10.84,0.17
2007,2021-03-17,VDA,430,185,245,35,4,15,7,14,23,253,9,42,28,270,160,ITC,ITC2,2,Valle d'Aosta / Vallée d'Aoste,Valle d'Aosta,125666,14052,11.18,0.34
2008,2021-02-09,VDA,251,84,167,78,16,14,53,8,3,75,2,1,1,68,183,ITC,ITC2,2,Valle d'Aosta / Vallée d'Aoste,Valle d'Aosta,125666,14303,11.38,0.2
2009,2021-02-17,VDA,327,144,183,25,1,30,0,0,16,237,0,17,1,227,100,ITC,ITC2,2,Valle d'Aosta / Vallée d'Aoste,Valle d'Aosta,125666,14630,11.64,0.26
2010,2021-03-06,VDA,22,4,18,13,0,5,0,0,0,4,0,0,0,22,0,ITC,ITC2,2,Valle d'Aosta / Vallée d'Aoste,Valle d'Aosta,125666,14652,11.66,0.02
2011,2021-02-26,VDA,206,57,149,67,8,6,1,6,6,102,1,4,5,122,84,ITC,ITC2,2,Valle d'Aosta / Vallée d'Aoste,Valle d'Aosta,125666,14858,11.82,0.16
2012,2021-04-21,VDA,865,409,456,21,16,1,5,66,152,285,259,10,50,618,247,ITC,ITC2,2,Valle d'Aosta / Vallée d'Aoste,Valle d'Aosta,125666,15723,12.51,0.69
2013,2021-01-05,VDA,150,54,96,127,11,11,0,0,1,0,0,0,0,150,0,ITC,ITC2,2,Valle d'Aosta / Vallée d'Aoste,Valle d'Aosta,125666,15873,12.63,0.12
2014,2021-01-08,VDA,299,130,169,240,35,16,0,5,3,0,0,0,0,299,0,ITC,ITC2,2,Valle d'Aosta / Vallée d'Aoste,Valle d'Aosta,125666,16172,12.87,0.24
2015,2020-12-31,VDA,18,4,14,16,2,0,0,0,0,0,0,0,0,18,0,ITC,ITC2,2,Valle d'Aosta / Vallée d'Aoste,Valle d'Aosta,125666,16190,12.88,0.01
2016,2021-03-14,VDA,390,200,190,6,21,0,52,205,1,0,0,34,71,390,0,ITC,ITC2,2,Valle d'Aosta / Vallée d'Aoste,Valle d'Aosta,125666,16580,13.19,0.31
2017,2021-03-01,VDA,181,66,115,19,8,29,0,0,3,116,2,2,2,147,34,ITC,ITC2,2,Valle d'Aosta / Vallée d'Aoste,Valle d'Aosta,125666,16761,13.34,0.14
2018,2021-04-22,VDA,1062,446,616,9,3,3,3,182,249,464,126,2,21,684,378,ITC,ITC2,2,Valle d'Aosta / Vallée d'Aoste,Valle d'Aosta,125666,17823,14.18,0.85
2019,2021-01-10,VDA,220,71,149,172,25,19,0,4,0,0,0,0,0,220,0,ITC,ITC2,2,Valle d'Aosta / Vallée d'Aoste,Valle d'Aosta,125666,18043,14.36,0.18
2020,2021-03-03,VDA,255,118,137,9,11,1,4,4,9,208,6,1,2,186,69,ITC,ITC2,2,Valle d'Aosta / Vallée d'Aoste,Valle d'Aosta,125666,18298,14.56,0.2
2021,2021-01-06,VDA,65,33,32,29,8,18,0,7,3,0,0,0,0,65,0,ITC,ITC2,2,Valle d'Aosta / Vallée d'Aoste,Valle d'Aosta,125666,18363,14.61,0.05
2022,2021-04-23,VDA,915,439,476,40,7,28,0,164,276,250,138,0,12,532,383,ITC,ITC2,2,Valle d'Aosta / Vallée d'Aoste,Valle d'Aosta,125666,19278,15.34,0.73
2023,2021-04-02,VDA,868,343,525,61,9,12,177,88,167,195,74,11,74,645,223,ITC,ITC2,2,Valle d'Aosta / Vallée d'Aoste,Valle d'Aosta,125666,20146,16.03,0.69
2024,2021-03-12,VDA,529,175,354,14,8,7,255,44,21,148,8,2,22,303,226,ITC,ITC2,2,Valle d'Aosta / Vallée d'Aoste,Valle d'Aosta,125666,20675,16.45,0.42
2025,2021-01-12,VDA,302,72,230,242,34,11,0,14,1,0,0,0,0,302,0,ITC,ITC2,2,Valle d'Aosta / Vallée d'Aoste,Valle d'Aosta,125666,20977,16.69,0.24
2026,2021-03-16,VDA,176,36,140,2,0,13,0,15,14,119,0,0,13,115,61,ITC,ITC2,2,Valle d'Aosta / Vallée d'Aoste,Valle d'Aosta,125666,21153,16.83,0.14
2027,2021-04-04,VDA,569,251,318,1,8,0,94,270,155,22,5,4,10,568,1,ITC,ITC2,2,Valle d'Aosta / Vallée d'Aoste,Valle d'Aosta,125666,21722,17.29,0.45
2028,2021-02-11,VDA,231,107,124,53,21,0,0,2,10,128,1,13,3,222,9,ITC,ITC2,2,Valle d'Aosta / Vallée d'Aoste,Valle d'Aosta,125666,21953,17.47,0.18
2029,2021-04-20,VDA,929,429,500,25,9,8,2,152,174,278,251,1,29,738,191,ITC,ITC2,2,Valle d'Aosta / Vallée d'Aoste,Valle d'Aosta,125666,22882,18.21,0.74
2030,2021-03-26,VDA,494,203,291,4,2,0,226,54,78,99,3,3,25,487,7,ITC,ITC2,2,Valle d'Aosta / Vallée d'Aoste,Valle d'Aosta,125666,23376,18.6,0.39
2031,2021-01-15,VDA,218,82,136,116,32,28,0,18,17,6,0,0,1,218,0,ITC,ITC2,2,Valle d'Aosta / Vallée d'Aoste,Valle d'Aosta,125666,23594,18.78,0.17
2032,2021-03-24,VDA,512,230,282,8,5,0,1,16,34,420,18,3,7,257,255,ITC,ITC2,2,Valle d'Aosta / Vallée d'Aoste,Valle d'Aosta,125666,24106,19.18,0.41
2033,2020-12-27,VDA,20,9,11,20,0,0,0,0,0,0,0,0,0,20,0,ITC,ITC2,2,Valle d'Aosta / Vallée d'Aoste,Valle d'Aosta,125666,24126,19.2,0.02
2034,2021-04-01,VDA,770,391,379,1,1,0,0,205,303,200,53,0,7,759,11,ITC,ITC2,2,Valle d'Aosta / Vallée d'Aoste,Valle d'Aosta,125666,24896,19.81,0.61
2035,2021-02-08,VDA,223,83,140,28,19,3,25,82,0,64,0,0,2,25,198,ITC,ITC2,2,Valle d'Aosta / Vallée d'Aoste,Valle d'Aosta,125666,25119,19.99,0.18
2036,2021-02-02,VDA,271,70,201,225,34,3,0,8,1,0,0,0,0,2,269,ITC,ITC2,2,Valle d'Aosta / Vallée d'Aoste,Valle d'Aosta,125666,25390,20.2,0.22
2037,2021-03-23,VDA,375,149,226,13,2,7,7,37,18,279,0,9,3,242,133,ITC,ITC2,2,Valle d'Aosta / Vallée d'Aoste,Valle d'Aosta,125666,25765,20.5,0.3
2038,2021-04-07,VDA,904,472,432,15,0,0,1,84,270,390,91,0,53,676,228,ITC,ITC2,2,Valle d'Aosta / Vallée d'Aoste,Valle d'Aosta,125666,26669,21.22,0.72
2039,2021-03-22,VDA,557,204,353,36,5,18,17,54,37,340,29,11,10,331,226,ITC,ITC2,2,Valle d'Aosta / Vallée d'Aoste,Valle d'Aosta,125666,27226,21.67,0.44
2040,2021-02-10,VDA,248,77,171,51,14,26,18,4,3,128,0,1,3,141,107,ITC,ITC2,2,Valle d'Aosta / Vallée d'Aoste,Valle d'Aosta,125666,27474,21.86,0.2
2041,2021-01-17,VDA,131,56,75,49,2,20,0,1,0,59,0,0,0,131,0,ITC,ITC2,2,Valle d'Aosta / Vallée d'Aoste,Valle d'Aosta,125666,27605,21.97,0.1
2042,2021-02-15,VDA,264,136,128,24,2,25,2,0,6,173,2,29,1,229,35,ITC,ITC2,2,Valle d'Aosta / Vallée d'Aoste,Valle d'Aosta,125666,27869,22.18,0.21
2043,2021-03-28,VDA,520,212,308,51,10,0,46,168,99,53,18,55,20,519,1,ITC,ITC2,2,Valle d'Aosta / Vallée d'Aoste,Valle d'Aosta,125666,28389,22.59,0.41
2044,2021-03-19,VDA,319,84,235,8,1,21,209,42,1,9,0,1,27,284,35,ITC,ITC2,2,Valle d'Aosta / Vallée d'Aoste,Valle d'Aosta,125666,28708,22.84,0.25
2045,2021-01-28,VDA,290,123,167,202,35,6,0,12,7,2,0,0,26,56,234,ITC,ITC2,2,Valle d'Aosta / Vallée d'Aoste,Valle d'Aosta,125666,28998,23.08,0.23
2046,2021-04-13,VDA,371,171,200,2,1,8,0,69,108,120,54,0,9,327,44,ITC,ITC2,2,Valle d'Aosta / Vallée d'Aoste,Valle d'Aosta,125666,29369,23.37,0.3
2047,2021-01-27,VDA,151,71,80,55,8,18,0,10,3,53,0,0,4,79,72,ITC,ITC2,2,Valle d'Aosta / Vallée d'Aoste,Valle d'Aosta,125666,29520,23.49,0.12
2048,2021-03-09,VDA,204,96,108,2,0,23,25,56,5,36,0,39,18,172,32,ITC,ITC2,2,Valle d'Aosta / Vallée d'Aoste,Valle d'Aosta,125666,29724,23.65,0.16
2049,2021-02-13,VDA,215,195,20,0,0,0,0,0,0,0,0,215,0,215,0,ITC,ITC2,2,Valle d'Aosta / Vallée d'Aoste,Valle d'Aosta,125666,29939,23.82,0.17
2050,2021-01-19,VDA,256,77,179,160,10,15,0,10,3,57,0,0,1,256,0,ITC,ITC2,2,Valle d'Aosta / Vallée d'Aoste,Valle d'Aosta,125666,30195,24.03,0.2
2051,2021-02-14,VDA,48,16,32,6,0,42,0,0,0,0,0,0,0,1,47,ITC,ITC2,2,Valle d'Aosta / Vallée d'Aoste,Valle d'Aosta,125666,30243,24.07,0.04
2052,2021-01-26,VDA,139,48,91,115,11,12,0,0,1,0,0,0,0,0,139,ITC,ITC2,2,Valle d'Aosta / Vallée d'Aoste,Valle d'Aosta,125666,30382,24.18,0.11
2053,2021-02-12,VDA,263,96,167,51,13,28,5,2,10,133,18,0,3,217,46,ITC,ITC2,2,Valle d'Aosta / Vallée d'Aoste,Valle d'Aosta,125666,30645,24.39,0.21
2054,2021-02-03,VDA,351,114,237,157,136,52,0,4,1,1,0,0,0,14,337,ITC,ITC2,2,Valle d'Aosta / Vallée d'Aoste,Valle d'Aosta,125666,30996,24.67,0.28
2055,2021-01-25,VDA,147,65,82,125,13,6,0,3,0,0,0,0,0,0,147,ITC,ITC2,2,Valle d'Aosta / Vallée d'Aoste,Valle d'Aosta,125666,31143,24.78,0.12
2056,2021-04-12,VDA,479,181,298,8,8,22,2,88,60,227,61,0,3,319,160,ITC,ITC2,2,Valle d'Aosta / Vallée d'Aoste,Valle d'Aosta,125666,31622,25.16,0.38
2057,2021-02-01,VDA,403,127,276,268,56,70,0,2,2,3,0,0,2,87,316,ITC,ITC2,2,Valle d'Aosta / Vallée d'Aoste,Valle d'Aosta,125666,32025,25.48,0.32
2058,2021-03-31,VDA,550,300,250,6,0,0,0,22,307,202,6,0,7,525,25,ITC,ITC2,2,Valle d'Aosta / Vallée d'Aoste,Valle d'Aosta,125666,32575,25.92,0.44
2059,2021-01-07,VDA,275,111,164,224,38,5,0,3,2,0,0,0,3,275,0,ITC,ITC2,2,Valle d'Aosta / Vallée d'Aoste,Valle d'Aosta,125666,32850,26.14,0.22
2060,2021-03-08,VDA,481,231,250,28,1,13,1,6,25,365,7,28,7,237,244,ITC,ITC2,2,Valle d'Aosta / Vallée d'Aoste,Valle d'Aosta,125666,33331,26.52,0.38
2061,2021-03-30,VDA,399,221,178,9,2,5,5,32,180,124,27,9,6,380,19,ITC,ITC2,2,Valle d'Aosta / Vallée d'Aoste,Valle d'Aosta,125666,33730,26.84,0.32
2062,2021-04-18,VDA,513,251,262,9,6,3,4,202,82,12,182,0,13,509,4,ITC,ITC2,2,Valle d'Aosta / Vallée d'Aoste,Valle d'Aosta,125666,34243,27.25,0.41
2063,2021-03-05,VDA,275,124,151,51,10,13,5,4,10,138,18,0,26,53,222,ITC,ITC2,2,Valle d'Aosta / Vallée d'Aoste,Valle d'Aosta,125666,34518,27.47,0.22
2064,2021-01-16,VDA,236,80,156,127,32,22,0,2,2,51,0,0,0,236,0,ITC,ITC2,2,Valle d'Aosta / Vallée d'Aoste,Valle d'Aosta,125666,34754,27.66,0.19
2065,2021-04-06,VDA,739,379,360,24,4,1,0,55,192,239,158,14,52,627,112,ITC,ITC2,2,Valle d'Aosta / Vallée d'Aoste,Valle d'Aosta,125666,35493,28.24,0.59
2066,2021-04-24,VDA,149,79,70,4,2,6,0,3,38,48,48,0,0,11,138,ITC,ITC2,2,Valle d'Aosta / Vallée d'Aoste,Valle d'Aosta,125666,35642,28.36,0.12
2067,2021-02-04,VDA,294,86,208,168,76,34,0,12,3,1,0,0,0,8,286,ITC,ITC2,2,Valle d'Aosta / Vallée d'Aoste,Valle d'Aosta,125666,35936,28.6,0.23
2068,2021-02-28,VDA,260,86,174,78,36,24,4,7,10,94,0,3,4,77,183,ITC,ITC2,2,Valle d'Aosta / Vallée d'Aoste,Valle d'Aosta,125666,36196,28.8,0.21
2069,2021-03-21,VDA,353,164,189,2,5,0,28,208,57,1,0,27,25,353,0,ITC,ITC2,2,Valle d'Aosta / Vallée d'Aoste,Valle d'Aosta,125666,36549,29.08,0.28
2070,2021-01-31,VDA,290,90,200,231,33,18,0,5,0,0,0,0,3,58,232,ITC,ITC2,2,Valle d'Aosta / Vallée d'Aoste,Valle d'Aosta,125666,36839,29.32,0.23
2071,2021-04-05,VDA,458,221,237,18,3,0,34,186,117,8,84,0,8,455,3,ITC,ITC2,2,Valle d'Aosta / Vallée d'Aoste,Valle d'Aosta,125666,37297,29.68,0.36
2072,2021-02-18,VDA,349,153,196,61,9,45,8,6,17,184,0,16,3,261,88,ITC,ITC2,2,Valle d'Aosta / Vallée d'Aoste,Valle d'Aosta,125666,37646,29.96,0.28
2073,2021-02-19,VDA,292,102,190,17,1,35,65,3,16,154,0,0,1,268,24,ITC,ITC2,2,Valle d'Aosta / Vallée d'Aoste,Valle d'Aosta,125666,37938,30.19,0.23
2074,2021-01-04,VDA,142,59,83,126,14,0,0,2,0,0,0,0,0,142,0,ITC,ITC2,2,Valle d'Aosta / Vallée d'Aoste,Valle d'Aosta,125666,38080,30.3,0.11
2075,2021-02-25,VDA,201,101,100,6,4,12,2,84,1,0,0,27,65,194,7,ITC,ITC2,2,Valle d'Aosta / Vallée d'Aoste,Valle d'Aosta,125666,38281,30.46,0.16
2076,2021-04-03,VDA,673,339,334,13,11,4,1,117,333,58,69,5,62,658,15,ITC,ITC2,2,Valle d'Aosta / Vallée d'Aoste,Valle d'Aosta,125666,38954,31.0,0.54
2077,2021-04-14,CAL,8002,3870,4132,172,185,141,175,208,1539,1570,3825,74,113,6536,1466,ITF,ITF6,18,Calabria,Calabria,1947131,8002,0.41,0.41
2078,2021-01-30,CAL,2173,1147,1026,1974,189,0,0,3,0,1,0,0,6,358,1815,ITF,ITF6,18,Calabria,Calabria,1947131,10175,0.52,0.11
2079,2021-01-12,CAL,2058,1017,1041,1706,237,29,0,21,1,19,0,0,45,2058,0,ITF,ITF6,18,Calabria,Calabria,1947131,12233,0.63,0.11
2080,2021-04-02,CAL,8079,3689,4390,361,135,605,1154,115,177,2800,2247,198,287,4216,3863,ITF,ITF6,18,Calabria,Calabria,1947131,20312,1.04,0.41
2081,2021-04-04,CAL,1736,875,861,34,23,23,67,249,265,504,516,2,53,1236,500,ITF,ITF6,18,Calabria,Calabria,1947131,22048,1.13,0.09
2082,2021-02-25,CAL,2821,1519,1302,736,228,235,4,41,15,971,36,425,130,2242,579,ITF,ITF6,18,Calabria,Calabria,1947131,24869,1.28,0.14
2083,2021-02-11,CAL,2341,1043,1298,1464,372,241,0,25,18,156,0,0,65,1081,1260,ITF,ITF6,18,Calabria,Calabria,1947131,27210,1.4,0.12
2084,2021-03-07,CAL,3131,1561,1570,105,33,348,2,10,31,1741,474,363,24,3042,89,ITF,ITF6,18,Calabria,Calabria,1947131,30341,1.56,0.16
2085,2021-03-16,CAL,3777,1850,1927,460,203,22,30,49,79,2137,594,68,135,2179,1598,ITF,ITF6,18,Calabria,Calabria,1947131,34118,1.75,0.19
2086,2020-12-27,CAL,275,150,125,274,1,0,0,0,0,0,0,0,0,275,0,ITF,ITF6,18,Calabria,Calabria,1947131,34393,1.77,0.01
2087,2021-03-18,CAL,4246,1979,2267,360,210,232,45,65,114,2311,753,60,96,2277,1969,ITF,ITF6,18,Calabria,Calabria,1947131,38639,1.98,0.22
2088,2021-03-19,CAL,4186,1947,2239,486,121,295,102,64,114,2010,883,12,99,1900,2286,ITF,ITF6,18,Calabria,Calabria,1947131,42825,2.2,0.21
2089,2021-03-08,CAL,5323,2822,2501,708,245,453,3,49,65,1553,1138,849,260,4265,1058,ITF,ITF6,18,Calabria,Calabria,1947131,48148,2.47,0.27
2090,2021-01-29,CAL,2048,984,1064,1752,231,49,0,3,3,1,0,0,9,234,1814,ITF,ITF6,18,Calabria,Calabria,1947131,50196,2.58,0.11
2091,2021-01-27,CAL,1457,734,723,1226,201,23,0,4,0,0,0,0,3,396,1061,ITF,ITF6,18,Calabria,Calabria,1947131,51653,2.65,0.07
2092,2021-03-31,CAL,8824,4006,4818,378,283,653,2052,145,193,2693,1987,118,322,4884,3940,ITF,ITF6,18,Calabria,Calabria,1947131,60477,3.11,0.45
2093,2021-02-08,CAL,1847,733,1114,1214,406,121,0,14,1,0,0,0,91,661,1186,ITF,ITF6,18,Calabria,Calabria,1947131,62324,3.2,0.09
2094,2021-03-20,CAL,6482,2982,3500,432,100,408,466,72,124,3574,1022,74,210,4094,2388,ITF,ITF6,18,Calabria,Calabria,1947131,68806,3.53,0.33
2095,2021-02-24,CAL,1843,940,903,658,108,115,4,15,10,754,84,47,48,1368,475,ITF,ITF6,18,Calabria,Calabria,1947131,70649,3.63,0.09
2096,2021-01-22,CAL,656,274,382,298,146,110,0,37,29,4,0,0,32,654,2,ITF,ITF6,18,Calabria,Calabria,1947131,71305,3.66,0.03
2097,2021-04-21,CAL,11483,5782,5701,260,200,196,238,1608,2286,1124,5162,187,222,8571,2912,ITF,ITF6,18,Calabria,Calabria,1947131,82788,4.25,0.59
2098,2021-01-09,CAL,1916,1036,880,1529,315,0,0,26,2,1,0,0,43,1916,0,ITF,ITF6,18,Calabria,Calabria,1947131,84704,4.35,0.1
2099,2021-01-21,CAL,958,444,514,735,82,115,0,4,2,0,0,0,20,929,29,ITF,ITF6,18,Calabria,Calabria,1947131,85662,4.4,0.05
2100,2021-03-14,CAL,2543,1018,1525,322,103,312,722,15,30,811,128,30,70,2143,400,ITF,ITF6,18,Calabria,Calabria,1947131,88205,4.53,0.13
2101,2021-04-11,CAL,4082,1860,2222,136,49,51,167,59,209,1725,1618,12,56,2142,1940,ITF,ITF6,18,Calabria,Calabria,1947131,92287,4.74,0.21
2102,2021-04-24,CAL,8077,4003,4074,134,71,78,51,2371,1677,921,2656,58,60,6530,1547,ITF,ITF6,18,Calabria,Calabria,1947131,100364,5.15,0.41
2103,2021-03-05,CAL,6171,3565,2606,696,257,711,5,46,61,2014,879,1405,97,5595,576,ITF,ITF6,18,Calabria,Calabria,1947131,106535,5.47,0.32
2104,2021-04-18,CAL,5773,2760,3013,148,89,102,79,130,1436,1202,2528,12,47,4894,879,ITF,ITF6,18,Calabria,Calabria,1947131,112308,5.77,0.3
2105,2021-02-28,CAL,2168,983,1185,113,39,190,0,10,24,1707,28,6,51,2017,151,ITF,ITF6,18,Calabria,Calabria,1947131,114476,5.88,0.11
2106,2021-02-09,CAL,2148,904,1244,1423,394,231,0,20,5,0,0,0,75,948,1200,ITF,ITF6,18,Calabria,Calabria,1947131,116624,5.99,0.11
2107,2021-02-06,CAL,2910,1338,1572,2095,368,248,0,45,9,10,0,0,135,442,2468,ITF,ITF6,18,Calabria,Calabria,1947131,119534,6.14,0.15
2108,2021-02-05,CAL,3798,1709,2089,2329,745,554,0,41,8,3,0,0,118,490,3308,ITF,ITF6,18,Calabria,Calabria,1947131,123332,6.33,0.2
2109,2021-03-03,CAL,4871,2655,2216,631,351,917,4,38,43,1408,462,935,82,3808,1063,ITF,ITF6,18,Calabria,Calabria,1947131,128203,6.58,0.25
2110,2021-04-06,CAL,7209,3234,3975,376,163,453,804,103,241,2464,2365,51,189,4137,3072,ITF,ITF6,18,Calabria,Calabria,1947131,135412,6.95,0.37
2111,2021-02-04,CAL,3391,1623,1768,2560,505,222,0,23,6,7,0,0,68,644,2747,ITF,ITF6,18,Calabria,Calabria,1947131,138803,7.13,0.17
2112,2021-04-17,CAL,10642,4993,5649,211,138,218,118,302,2655,2180,4526,98,196,8925,1717,ITF,ITF6,18,Calabria,Calabria,1947131,149445,7.68,0.55
2113,2021-01-17,CAL,867,418,449,527,121,48,0,17,4,33,0,0,117,801,66,ITF,ITF6,18,Calabria,Calabria,1947131,150312,7.72,0.04
2114,2021-04-16,CAL,10131,4955,5176,332,213,288,233,254,2333,1094,5020,133,231,8532,1599,ITF,ITF6,18,Calabria,Calabria,1947131,160443,8.24,0.52
2115,2021-02-27,CAL,3680,1913,1767,421,193,396,2,24,41,2075,96,348,84,3302,378,ITF,ITF6,18,Calabria,Calabria,1947131,164123,8.43,0.19
2116,2021-03-04,CAL,5389,3111,2278,646,252,744,2,63,46,1636,630,1237,133,4593,796,ITF,ITF6,18,Calabria,Calabria,1947131,169512,8.71,0.28
2117,2021-01-31,CAL,1108,554,554,765,282,58,0,1,0,0,0,0,2,155,953,ITF,ITF6,18,Calabria,Calabria,1947131,170620,8.76,0.06
2118,2021-03-28,CAL,2535,1172,1363,127,109,31,412,74,67,785,739,15,176,1405,1130,ITF,ITF6,18,Calabria,Calabria,1947131,173155,8.89,0.13
2119,2021-02-13,CAL,1331,583,748,731,144,111,0,31,9,167,0,0,138,968,363,ITF,ITF6,18,Calabria,Calabria,1947131,174486,8.96,0.07
2120,2021-02-18,CAL,1801,804,997,586,369,299,61,7,6,388,11,0,74,1578,223,ITF,ITF6,18,Calabria,Calabria,1947131,176287,9.05,0.09
2121,2021-01-25,CAL,1067,513,554,1024,35,0,0,0,1,0,0,0,7,156,911,ITF,ITF6,18,Calabria,Calabria,1947131,177354,9.11,0.05
2122,2021-03-10,CAL,6445,3280,3165,743,516,586,64,79,53,2233,1023,797,351,5252,1193,ITF,ITF6,18,Calabria,Calabria,1947131,183799,9.44,0.33
2123,2021-04-15,CAL,7394,3626,3768,161,153,162,199,144,1667,1064,3694,34,116,5790,1604,ITF,ITF6,18,Calabria,Calabria,1947131,191193,9.82,0.38
2124,2021-02-19,CAL,1461,652,809,544,208,195,0,9,9,422,57,1,16,1200,261,ITF,ITF6,18,Calabria,Calabria,1947131,192654,9.89,0.08
2125,2021-04-12,CAL,6694,3262,3432,219,136,276,104,105,858,1435,3432,37,92,5092,1602,ITF,ITF6,18,Calabria,Calabria,1947131,199348,10.24,0.34
2126,2021-02-12,CAL,1711,669,1042,815,300,136,0,64,32,210,0,0,154,943,768,ITF,ITF6,18,Calabria,Calabria,1947131,201059,10.33,0.09
2127,2021-01-11,CAL,2154,1040,1114,1759,301,3,0,17,4,39,0,0,31,2154,0,ITF,ITF6,18,Calabria,Calabria,1947131,203213,10.44,0.11
2128,2021-03-02,CAL,4137,2396,1741,705,202,430,2,26,24,1451,222,1003,72,3428,709,ITF,ITF6,18,Calabria,Calabria,1947131,207350,10.65,0.21
2129,2021-01-04,CAL,997,492,505,969,28,0,0,0,0,0,0,0,0,997,0,ITF,ITF6,18,Calabria,Calabria,1947131,208347,10.7,0.05
2130,2021-04-09,CAL,7819,3664,4155,342,138,470,306,151,506,2172,3494,31,209,4906,2913,ITF,ITF6,18,Calabria,Calabria,1947131,216166,11.1,0.4
2131,2021-03-15,CAL,3508,1675,1833,542,166,140,587,56,81,1183,431,177,145,2079,1429,ITF,ITF6,18,Calabria,Calabria,1947131,219674,11.28,0.18
2132,2021-02-02,CAL,2290,1112,1178,1864,341,75,0,1,1,1,0,0,7,177,2113,ITF,ITF6,18,Calabria,Calabria,1947131,221964,11.4,0.12
2133,2021-01-14,CAL,2557,1214,1343,1962,349,3,0,61,24,47,0,0,111,2557,0,ITF,ITF6,18,Calabria,Calabria,1947131,224521,11.53,0.13
2134,2021-04-05,CAL,3445,1627,1818,133,22,149,134,286,439,1181,1029,18,54,2544,901,ITF,ITF6,18,Calabria,Calabria,1947131,227966,11.71,0.18
2135,2021-01-10,CAL,929,524,405,830,99,0,0,0,0,0,0,0,0,929,0,ITF,ITF6,18,Calabria,Calabria,1947131,228895,11.76,0.05
2136,2021-02-07,CAL,860,428,432,567,121,81,0,10,0,0,0,0,81,147,713,ITF,ITF6,18,Calabria,Calabria,1947131,229755,11.8,0.04
2137,2021-01-23,CAL,400,186,214,325,25,23,0,2,0,1,0,0,24,358,42,ITF,ITF6,18,Calabria,Calabria,1947131,230155,11.82,0.02
2138,2021-03-25,CAL,7001,3315,3686,291,362,564,1100,112,124,2270,1839,80,259,4484,2517,ITF,ITF6,18,Calabria,Calabria,1947131,237156,12.18,0.36
2139,2021-02-10,CAL,2463,1074,1389,1469,340,357,0,56,25,72,0,0,144,839,1624,ITF,ITF6,18,Calabria,Calabria,1947131,239619,12.31,0.13
2140,2021-02-15,CAL,1137,538,599,499,121,164,1,11,20,294,4,0,23,989,148,ITF,ITF6,18,Calabria,Calabria,1947131,240756,12.36,0.06
2141,2021-04-23,CAL,12507,6220,6287,302,189,226,203,1709,2400,1195,5796,180,307,9265,3242,ITF,ITF6,18,Calabria,Calabria,1947131,253263,13.01,0.64
2142,2021-02-03,CAL,2766,1431,1335,2172,394,103,0,18,4,2,0,0,73,583,2183,ITF,ITF6,18,Calabria,Calabria,1947131,256029,13.15,0.14
2143,2021-01-13,CAL,2028,1022,1006,1800,152,34,0,14,4,4,0,0,20,2028,0,ITF,ITF6,18,Calabria,Calabria,1947131,258057,13.25,0.1
2144,2021-03-13,CAL,6657,2933,3724,425,156,340,685,95,43,3805,749,123,236,5683,974,ITF,ITF6,18,Calabria,Calabria,1947131,264714,13.6,0.34
2145,2021-01-19,CAL,1109,488,621,853,105,76,0,11,11,14,0,0,39,1098,11,ITF,ITF6,18,Calabria,Calabria,1947131,265823,13.65,0.06
2146,2021-03-01,CAL,2689,1534,1155,399,156,258,3,10,11,1053,71,656,72,2239,450,ITF,ITF6,18,Calabria,Calabria,1947131,268512,13.79,0.14
2147,2021-02-17,CAL,1682,672,1010,674,239,285,81,7,6,354,2,0,34,1471,211,ITF,ITF6,18,Calabria,Calabria,1947131,270194,13.88,0.09
2148,2021-04-03,CAL,8823,3789,5034,363,123,358,622,88,214,4981,1904,57,113,4204,4619,ITF,ITF6,18,Calabria,Calabria,1947131,279017,14.33,0.45
2149,2021-01-06,CAL,926,500,426,822,90,0,0,5,0,0,0,0,9,926,0,ITF,ITF6,18,Calabria,Calabria,1947131,279943,14.38,0.05
2150,2021-02-16,CAL,1534,643,891,659,191,265,0,14,23,334,1,0,47,1255,279,ITF,ITF6,18,Calabria,Calabria,1947131,281477,14.46,0.08
2151,2021-02-21,CAL,608,286,322,36,46,48,0,2,2,374,28,30,42,531,77,ITF,ITF6,18,Calabria,Calabria,1947131,282085,14.49,0.03
2152,2021-03-29,CAL,5630,2382,3248,206,320,134,1580,134,161,1126,1671,71,227,3876,1754,ITF,ITF6,18,Calabria,Calabria,1947131,287715,14.78,0.29
2153,2021-03-09,CAL,5825,3032,2793,803,267,461,18,65,71,1926,1123,933,158,4848,977,ITF,ITF6,18,Calabria,Calabria,1947131,293540,15.08,0.3
2154,2021-03-12,CAL,5093,2438,2655,468,397,220,786,61,38,2148,412,403,160,4050,1043,ITF,ITF6,18,Calabria,Calabria,1947131,298633,15.34,0.26
2155,2021-02-20,CAL,1358,735,623,438,185,55,2,13,5,490,54,19,97,1043,315,ITF,ITF6,18,Calabria,Calabria,1947131,299991,15.41,0.07
2156,2021-02-01,CAL,2501,1194,1307,2048,359,43,0,14,2,1,0,0,34,248,2253,ITF,ITF6,18,Calabria,Calabria,1947131,302492,15.54,0.13
2157,2021-01-07,CAL,2180,1061,1119,1883,211,0,0,20,4,0,0,0,62,2180,0,ITF,ITF6,18,Calabria,Calabria,1947131,304672,15.65,0.11
2158,2021-03-21,CAL,4364,1883,2481,135,38,200,745,79,92,2129,694,83,169,2662,1702,ITF,ITF6,18,Calabria,Calabria,1947131,309036,15.87,0.22
2159,2021-02-23,CAL,1549,728,821,437,177,206,1,13,10,583,63,2,57,1434,115,ITF,ITF6,18,Calabria,Calabria,1947131,310585,15.95,0.08
2160,2021-01-18,CAL,1230,550,680,982,138,11,0,24,3,6,0,0,66,1040,190,ITF,ITF6,18,Calabria,Calabria,1947131,311815,16.01,0.06
2161,2021-03-06,CAL,7954,4060,3894,702,225,760,6,41,97,4059,1133,840,91,7198,756,ITF,ITF6,18,Calabria,Calabria,1947131,319769,16.42,0.41
2162,2021-01-28,CAL,2234,1109,1125,1922,284,0,0,2,1,0,0,0,25,84,2150,ITF,ITF6,18,Calabria,Calabria,1947131,322003,16.54,0.11
2163,2021-04-07,CAL,6179,2799,3380,193,70,399,539,110,179,2096,2430,32,131,3629,2550,ITF,ITF6,18,Calabria,Calabria,1947131,328182,16.85,0.32
2164,2021-03-17,CAL,3642,1624,2018,280,148,165,95,39,81,2179,582,31,42,1944,1698,ITF,ITF6,18,Calabria,Calabria,1947131,331824,17.04,0.19
2165,2021-02-26,CAL,3080,1631,1449,540,193,407,4,21,18,1362,84,370,81,2611,469,ITF,ITF6,18,Calabria,Calabria,1947131,334904,17.2,0.16
2166,2021-02-14,CAL,371,145,226,146,31,83,0,2,2,95,0,0,12,341,30,ITF,ITF6,18,Calabria,Calabria,1947131,335275,17.22,0.02
2167,2021-03-27,CAL,8318,3776,4542,306,389,148,1400,125,179,3416,1869,66,420,4459,3859,ITF,ITF6,18,Calabria,Calabria,1947131,343593,17.65,0.43
2168,2021-04-22,CAL,9352,4669,4683,236,170,274,96,1451,1801,966,4104,41,213,6664,2688,ITF,ITF6,18,Calabria,Calabria,1947131,352945,18.13,0.48
2169,2021-01-08,CAL,2109,1014,1095,1898,200,0,0,3,0,0,0,0,8,2109,0,ITF,ITF6,18,Calabria,Calabria,1947131,355054,18.23,0.11
2170,2021-01-26,CAL,1805,861,944,1571,149,70,0,1,0,0,0,0,14,285,1520,ITF,ITF6,18,Calabria,Calabria,1947131,356859,18.33,0.09
2171,2021-01-03,CAL,6,3,3,4,2,0,0,0,0,0,0,0,0,6,0,ITF,ITF6,18,Calabria,Calabria,1947131,356865,18.33,0.0
2172,2021-04-13,CAL,6489,3197,3292,245,92,40,106,103,1275,1273,3084,153,118,5231,1258,ITF,ITF6,18,Calabria,Calabria,1947131,363354,18.66,0.33
2173,2021-03-26,CAL,7644,3625,4019,511,371,217,1039,151,231,2561,2057,135,371,4531,3113,ITF,ITF6,18,Calabria,Calabria,1947131,370998,19.05,0.39
2174,2021-01-02,CAL,165,94,71,165,0,0,0,0,0,0,0,0,0,165,0,ITF,ITF6,18,Calabria,Calabria,1947131,371163,19.06,0.01
2175,2021-01-24,CAL,44,18,26,15,3,26,0,0,0,0,0,0,0,39,5,ITF,ITF6,18,Calabria,Calabria,1947131,371207,19.06,0.0
2176,2020-12-28,CAL,6,2,4,6,0,0,0,0,0,0,0,0,0,6,0,ITF,ITF6,18,Calabria,Calabria,1947131,371213,19.06,0.0
2177,2021-04-01,CAL,8352,3773,4579,455,247,680,1116,122,218,3070,1989,113,342,3848,4504,ITF,ITF6,18,Calabria,Calabria,1947131,379565,19.49,0.43
2178,2021-03-24,CAL,7389,3367,4022,386,289,699,1495,151,146,2605,1294,105,219,4210,3179,ITF,ITF6,18,Calabria,Calabria,1947131,386954,19.87,0.38
2179,2021-03-23,CAL,5207,2442,2765,280,145,55,1083,98,74,2046,1078,102,246,3409,1798,ITF,ITF6,18,Calabria,Calabria,1947131,392161,20.14,0.27
2180,2021-01-05,CAL,1350,618,732,1256,81,0,0,2,0,0,0,0,11,1350,0,ITF,ITF6,18,Calabria,Calabria,1947131,393511,20.21,0.07
2181,2021-01-16,CAL,2394,1120,1274,1664,264,241,0,49,12,9,0,0,155,2394,0,ITF,ITF6,18,Calabria,Calabria,1947131,395905,20.33,0.12
2182,2021-03-30,CAL,5789,2486,3303,166,103,210,1122,154,196,1991,1472,89,286,3196,2593,ITF,ITF6,18,Calabria,Calabria,1947131,401694,20.63,0.3
2183,2021-03-11,CAL,6877,3278,3599,934,474,574,600,122,88,2551,873,412,249,5621,1256,ITF,ITF6,18,Calabria,Calabria,1947131,408571,20.98,0.35
2184,2021-04-08,CAL,9373,4408,4965,451,178,537,304,216,581,3377,3456,44,229,5695,3678,ITF,ITF6,18,Calabria,Calabria,1947131,417944,21.46,0.48
2185,2021-04-10,CAL,11174,5032,6142,424,161,462,303,144,703,5598,3147,49,183,6343,4831,ITF,ITF6,18,Calabria,Calabria,1947131,429118,22.04,0.57
2186,2021-03-22,CAL,4708,2203,2505,194,125,148,1125,49,50,1994,804,77,142,3041,1667,ITF,ITF6,18,Calabria,Calabria,1947131,433826,22.28,0.24
2187,2021-04-20,CAL,7645,3840,3805,295,300,137,165,420,1715,1066,3151,115,281,6023,1622,ITF,ITF6,18,Calabria,Calabria,1947131,441471,22.67,0.39
2188,2021-01-15,CAL,2793,1258,1535,1690,349,412,0,54,19,44,0,0,225,2793,0,ITF,ITF6,18,Calabria,Calabria,1947131,444264,22.82,0.14
2189,2021-01-20,CAL,1395,622,773,864,127,179,0,41,14,25,0,0,145,1394,1,ITF,ITF6,18,Calabria,Calabria,1947131,445659,22.89,0.07
2190,2021-02-22,CAL,1998,1014,984,729,231,166,5,32,7,678,33,3,114,1441,557,ITF,ITF6,18,Calabria,Calabria,1947131,447657,22.99,0.1
2191,2021-04-19,CAL,7698,3706,3992,291,132,63,156,244,1971,1172,3482,92,95,6080,1618,ITF,ITF6,18,Calabria,Calabria,1947131,455355,23.39,0.4
2192,2021-02-16,MAR,1292,475,817,737,434,92,0,3,2,0,0,0,24,1262,30,ITI,ITI3,11,Marche,Marche,1525271,1292,0.08,0.08
2193,2021-02-28,MAR,2841,1251,1590,19,6,0,2,2,3,2800,0,2,7,2835,6,ITI,ITI3,11,Marche,Marche,1525271,4133,0.27,0.19
2194,2021-03-25,MAR,6657,2774,3883,464,148,373,519,95,27,4383,258,122,268,3247,3410,ITI,ITI3,11,Marche,Marche,1525271,10790,0.71,0.44
2195,2021-01-23,MAR,560,190,370,441,55,63,0,0,0,0,0,0,1,123,437,ITI,ITI3,11,Marche,Marche,1525271,11350,0.74,0.04
2196,2021-03-22,MAR,5661,2378,3283,408,232,70,433,14,14,4183,19,238,50,2532,3129,ITI,ITI3,11,Marche,Marche,1525271,17011,1.12,0.37
2197,2021-02-21,MAR,377,142,235,204,62,57,1,11,1,0,0,0,41,376,1,ITI,ITI3,11,Marche,Marche,1525271,17388,1.14,0.02
2198,2021-03-29,MAR,5895,2586,3309,228,147,39,215,34,67,4279,730,75,81,3443,2452,ITI,ITI3,11,Marche,Marche,1525271,23283,1.53,0.39
2199,2021-03-09,MAR,5533,2376,3157,754,226,41,1070,20,4,2588,124,652,54,4644,889,ITI,ITI3,11,Marche,Marche,1525271,28816,1.89,0.36
2200,2021-01-02,MAR,453,139,314,444,9,0,0,0,0,0,0,0,0,453,0,ITI,ITI3,11,Marche,Marche,1525271,29269,1.92,0.03
2201,2021-02-15,MAR,973,413,560,544,390,1,0,4,1,1,12,0,20,960,13,ITI,ITI3,11,Marche,Marche,1525271,30242,1.98,0.06
2202,2021-02-03,MAR,2125,742,1383,1344,569,166,0,4,5,2,0,0,35,119,2006,ITI,ITI3,11,Marche,Marche,1525271,32367,2.12,0.14
2203,2021-01-15,MAR,1771,500,1271,985,357,366,0,9,3,0,0,0,51,1771,0,ITI,ITI3,11,Marche,Marche,1525271,34138,2.24,0.12
2204,2021-04-23,MAR,11127,5129,5998,182,84,73,53,2841,3414,1685,2692,45,58,8074,3053,ITI,ITI3,11,Marche,Marche,1525271,45265,2.97,0.73
2205,2021-01-24,MAR,894,344,550,775,118,0,0,0,0,0,0,0,1,17,877,ITI,ITI3,11,Marche,Marche,1525271,46159,3.03,0.06
2206,2021-04-20,MAR,10726,5007,5719,181,74,101,87,1953,4637,594,3053,21,25,9301,1425,ITI,ITI3,11,Marche,Marche,1525271,56885,3.73,0.7
2207,2021-03-15,MAR,4513,2120,2393,300,81,11,242,38,8,3478,27,217,111,1423,3090,ITI,ITI3,11,Marche,Marche,1525271,61398,4.03,0.3
2208,2021-04-01,MAR,7598,3190,4408,390,239,46,284,37,158,4615,1686,70,73,4172,3426,ITI,ITI3,11,Marche,Marche,1525271,68996,4.52,0.5
2209,2021-01-03,MAR,896,348,548,759,130,0,0,1,0,0,0,0,6,896,0,ITI,ITI3,11,Marche,Marche,1525271,69892,4.58,0.06
2210,2021-01-04,MAR,1501,563,938,1291,194,11,0,1,0,0,0,0,4,1501,0,ITI,ITI3,11,Marche,Marche,1525271,71393,4.68,0.1
2211,2021-01-19,MAR,225,81,144,120,20,85,0,0,0,0,0,0,0,141,84,ITI,ITI3,11,Marche,Marche,1525271,71618,4.7,0.01
2212,2021-03-11,MAR,6832,2930,3902,1094,386,52,1148,25,9,3227,86,700,105,5461,1371,ITI,ITI3,11,Marche,Marche,1525271,78450,5.14,0.45
2213,2021-03-13,MAR,5877,2708,3169,664,168,58,237,26,10,4248,13,353,100,1916,3961,ITI,ITI3,11,Marche,Marche,1525271,84327,5.53,0.39
2214,2021-04-16,MAR,10137,4732,5405,322,142,76,513,228,3850,696,4080,21,209,9602,535,ITI,ITI3,11,Marche,Marche,1525271,94464,6.19,0.66
2215,2021-03-30,MAR,7446,3056,4390,524,321,276,367,44,113,4271,1385,80,65,4608,2838,ITI,ITI3,11,Marche,Marche,1525271,101910,6.68,0.49
2216,2021-01-13,MAR,2105,746,1359,1408,578,76,0,6,5,15,0,0,17,2105,0,ITI,ITI3,11,Marche,Marche,1525271,104015,6.82,0.14
2217,2021-02-06,MAR,2460,900,1560,1402,536,415,0,21,8,4,0,0,74,523,1937,ITI,ITI3,11,Marche,Marche,1525271,106475,6.98,0.16
2218,2021-02-05,MAR,2157,653,1504,1318,347,419,0,6,8,2,0,0,57,440,1717,ITI,ITI3,11,Marche,Marche,1525271,108632,7.12,0.14
2219,2021-04-19,MAR,9613,4500,5113,245,124,13,64,1479,4118,975,2416,36,143,8030,1583,ITI,ITI3,11,Marche,Marche,1525271,118245,7.75,0.63
2220,2021-02-19,MAR,1971,716,1255,1273,405,203,2,7,4,2,13,0,62,1836,135,ITI,ITI3,11,Marche,Marche,1525271,120216,7.88,0.13
2221,2021-02-18,MAR,2104,746,1358,1150,501,402,1,14,4,1,0,0,31,1816,288,ITI,ITI3,11,Marche,Marche,1525271,122320,8.02,0.14
2222,2021-03-27,MAR,7420,3083,4337,278,170,144,711,77,107,4087,1535,133,178,5051,2369,ITI,ITI3,11,Marche,Marche,1525271,129740,8.51,0.49
2223,2021-01-31,MAR,1928,772,1156,1532,392,0,0,1,0,0,0,0,3,105,1823,ITI,ITI3,11,Marche,Marche,1525271,131668,8.63,0.13
2224,2021-01-14,MAR,2010,692,1318,1112,558,298,0,4,1,0,0,0,37,2010,0,ITI,ITI3,11,Marche,Marche,1525271,133678,8.76,0.13
2225,2021-02-10,MAR,1439,452,987,881,292,215,0,6,1,0,0,0,44,1080,359,ITI,ITI3,11,Marche,Marche,1525271,135117,8.86,0.09
2226,2021-04-17,MAR,11748,5331,6417,204,152,130,614,326,4108,921,5163,14,116,10673,1075,ITI,ITI3,11,Marche,Marche,1525271,146865,9.63,0.77
2227,2021-03-10,MAR,5783,2490,3293,721,411,114,1041,12,11,2675,100,652,46,4646,1137,ITI,ITI3,11,Marche,Marche,1525271,152648,10.01,0.38
2228,2021-01-18,MAR,673,230,443,370,116,132,0,5,8,30,0,0,12,547,126,ITI,ITI3,11,Marche,Marche,1525271,153321,10.05,0.04
2229,2020-12-30,MAR,17,5,12,14,3,0,0,0,0,0,0,0,0,17,0,ITI,ITI3,11,Marche,Marche,1525271,153338,10.05,0.0
2230,2021-02-24,MAR,3496,1518,1978,229,191,214,1,5,4,2823,22,3,4,3416,80,ITI,ITI3,11,Marche,Marche,1525271,156834,10.28,0.23
2231,2021-01-17,MAR,1603,684,919,968,367,46,0,50,30,4,0,0,138,1550,53,ITI,ITI3,11,Marche,Marche,1525271,158437,10.39,0.11
2232,2021-03-02,MAR,4966,1943,3023,589,184,259,538,12,3,3320,4,3,54,4400,566,ITI,ITI3,11,Marche,Marche,1525271,163403,10.71,0.33
2233,2021-02-20,MAR,4127,1708,2419,118,118,261,0,17,13,3581,0,3,16,4016,111,ITI,ITI3,11,Marche,Marche,1525271,167530,10.98,0.27
2234,2021-04-09,MAR,9685,4261,5424,273,73,104,1321,108,2334,1618,3691,70,93,9483,202,ITI,ITI3,11,Marche,Marche,1525271,177215,11.62,0.63
2235,2021-03-20,MAR,4146,1745,2401,181,63,114,89,10,4,3641,14,12,18,1054,3092,ITI,ITI3,11,Marche,Marche,1525271,181361,11.89,0.27
2236,2021-04-05,MAR,5693,2357,3336,253,84,103,758,54,1005,2268,1109,28,31,4424,1269,ITI,ITI3,11,Marche,Marche,1525271,187054,12.26,0.37
2237,2021-04-11,MAR,7134,3123,4011,282,97,10,783,47,2167,1233,2451,44,20,6848,286,ITI,ITI3,11,Marche,Marche,1525271,194188,12.73,0.47
2238,2021-03-28,MAR,4134,1744,2390,45,45,6,396,17,32,2667,873,11,42,2439,1695,ITI,ITI3,11,Marche,Marche,1525271,198322,13.0,0.27
2239,2021-01-09,MAR,1709,605,1104,1406,238,0,0,17,2,0,0,0,46,1709,0,ITI,ITI3,11,Marche,Marche,1525271,200031,13.11,0.11
2240,2021-04-12,MAR,8579,3779,4800,179,82,88,1157,107,2845,1315,2609,79,118,8092,487,ITI,ITI3,11,Marche,Marche,1525271,208610,13.68,0.56
2241,2021-01-25,MAR,1596,559,1037,1426,110,56,0,0,0,2,0,0,2,97,1499,ITI,ITI3,11,Marche,Marche,1525271,210206,13.78,0.1
2242,2021-01-07,MAR,1802,633,1169,1480,279,0,0,8,0,0,0,0,35,1802,0,ITI,ITI3,11,Marche,Marche,1525271,212008,13.9,0.12
2243,2021-03-19,MAR,3870,1605,2265,495,135,293,6,5,7,2838,63,13,15,343,3527,ITI,ITI3,11,Marche,Marche,1525271,215878,14.15,0.25
2244,2021-02-12,MAR,1583,618,965,815,423,88,0,32,14,3,0,0,208,1431,152,ITI,ITI3,11,Marche,Marche,1525271,217461,14.26,0.1
2245,2021-04-21,MAR,10803,4975,5828,273,111,46,81,2393,4296,556,2872,43,132,9606,1197,ITI,ITI3,11,Marche,Marche,1525271,228264,14.97,0.71
2246,2021-02-04,MAR,2342,810,1532,1406,602,275,0,11,3,1,0,0,44,112,2230,ITI,ITI3,11,Marche,Marche,1525271,230606,15.12,0.15
2247,2021-04-06,MAR,8883,3696,5187,310,185,161,1728,97,1740,1888,2580,98,96,8068,815,ITI,ITI3,11,Marche,Marche,1525271,239489,15.7,0.58
2248,2021-01-22,MAR,487,167,320,315,74,87,0,1,0,0,0,0,10,194,293,ITI,ITI3,11,Marche,Marche,1525271,239976,15.73,0.03
2249,2021-03-14,MAR,2517,1036,1481,442,58,1,456,4,3,1537,5,2,9,1919,598,ITI,ITI3,11,Marche,Marche,1525271,242493,15.9,0.17
2250,2021-03-05,MAR,6293,2956,3337,1128,324,144,803,52,27,2389,185,1115,126,4826,1467,ITI,ITI3,11,Marche,Marche,1525271,248786,16.31,0.41
2251,2021-02-09,MAR,125,42,83,78,21,26,0,0,0,0,0,0,0,47,78,ITI,ITI3,11,Marche,Marche,1525271,248911,16.32,0.01
2252,2021-03-01,MAR,3727,1489,2238,387,138,87,286,4,1,2793,4,5,22,3480,247,ITI,ITI3,11,Marche,Marche,1525271,252638,16.56,0.24
2253,2021-03-03,MAR,6762,3095,3667,818,374,256,783,36,12,3134,195,1056,98,5881,881,ITI,ITI3,11,Marche,Marche,1525271,259400,17.01,0.44
2254,2021-02-27,MAR,3374,1440,1934,186,142,161,1,6,1,2848,17,6,6,3165,209,ITI,ITI3,11,Marche,Marche,1525271,262774,17.23,0.22
2255,2021-01-06,MAR,2181,792,1389,1738,261,147,0,5,1,0,0,0,29,2181,0,ITI,ITI3,11,Marche,Marche,1525271,264955,17.37,0.14
2256,2021-02-23,MAR,3274,1400,1874,219,57,118,0,7,4,2826,0,8,35,3218,56,ITI,ITI3,11,Marche,Marche,1525271,268229,17.59,0.21
2257,2021-03-31,MAR,7381,3086,4295,477,327,162,257,31,103,4560,1299,87,78,4355,3026,ITI,ITI3,11,Marche,Marche,1525271,275610,18.07,0.48
2258,2021-04-14,MAR,10277,4594,5683,418,161,80,1013,182,3551,902,3793,41,136,9903,374,ITI,ITI3,11,Marche,Marche,1525271,285887,18.74,0.67
2259,2021-02-11,MAR,1988,658,1330,1155,370,212,0,32,22,32,0,0,165,1599,389,ITI,ITI3,11,Marche,Marche,1525271,287875,18.87,0.13
2260,2021-02-22,MAR,3414,1499,1915,326,89,77,2,7,0,2869,1,5,38,3339,75,ITI,ITI3,11,Marche,Marche,1525271,291289,19.1,0.22
2261,2021-04-10,MAR,11081,4704,6377,313,169,80,1103,209,2814,2235,4029,53,76,10762,319,ITI,ITI3,11,Marche,Marche,1525271,302370,19.82,0.73
2262,2021-03-16,MAR,3577,1549,2028,317,71,56,5,7,6,2931,46,111,27,394,3183,ITI,ITI3,11,Marche,Marche,1525271,305947,20.06,0.23
2263,2021-04-04,MAR,3826,1793,2033,189,117,7,84,10,632,2009,755,10,13,2655,1171,ITI,ITI3,11,Marche,Marche,1525271,309773,20.31,0.25
2264,2021-03-07,MAR,5183,2108,3075,607,167,32,896,13,2,3007,76,336,47,4430,753,ITI,ITI3,11,Marche,Marche,1525271,314956,20.65,0.34
2265,2021-04-02,MAR,6996,3033,3963,389,210,112,424,47,735,2698,2126,213,42,6253,743,ITI,ITI3,11,Marche,Marche,1525271,321952,21.11,0.46
2266,2021-01-12,MAR,1226,413,813,912,255,50,0,2,0,0,0,0,7,1226,0,ITI,ITI3,11,Marche,Marche,1525271,323178,21.19,0.08
2267,2021-02-02,MAR,1193,397,796,804,265,93,0,5,0,5,0,0,21,73,1120,ITI,ITI3,11,Marche,Marche,1525271,324371,21.27,0.08
2268,2021-02-08,MAR,833,258,575,408,133,262,0,6,3,4,0,0,17,371,462,ITI,ITI3,11,Marche,Marche,1525271,325204,21.32,0.05
2269,2021-02-25,MAR,3563,1447,2116,432,137,423,1,8,5,2493,27,3,34,3384,179,ITI,ITI3,11,Marche,Marche,1525271,328767,21.55,0.23
2270,2021-01-05,MAR,1562,586,976,1436,112,0,0,3,2,0,0,0,9,1562,0,ITI,ITI3,11,Marche,Marche,1525271,330329,21.66,0.1
2271,2021-01-27,MAR,2122,780,1342,1754,156,140,0,13,10,8,0,0,41,122,2000,ITI,ITI3,11,Marche,Marche,1525271,332451,21.8,0.14
2272,2021-04-03,MAR,7588,3211,4377,321,152,60,293,76,827,2953,2813,20,73,6917,671,ITI,ITI3,11,Marche,Marche,1525271,340039,22.29,0.5
2273,2020-12-27,MAR,200,97,103,184,12,4,0,0,0,0,0,0,0,200,0,ITI,ITI3,11,Marche,Marche,1525271,340239,22.31,0.01
2274,2021-03-18,MAR,3445,1514,1931,326,188,125,3,7,8,2653,23,98,14,216,3229,ITI,ITI3,11,Marche,Marche,1525271,343684,22.53,0.23
2275,2021-01-10,MAR,1737,699,1038,1462,253,0,0,5,1,0,0,0,16,1737,0,ITI,ITI3,11,Marche,Marche,1525271,345421,22.65,0.11
2276,2021-02-07,MAR,1872,735,1137,1156,481,46,0,41,20,4,0,0,124,344,1528,ITI,ITI3,11,Marche,Marche,1525271,347293,22.77,0.12
2277,2021-04-08,MAR,7526,3287,4239,273,95,96,715,82,2072,1333,2795,26,39,7195,331,ITI,ITI3,11,Marche,Marche,1525271,354819,23.26,0.49
2278,2021-03-23,MAR,5818,2538,3280,259,104,139,328,23,7,4639,27,220,72,2271,3547,ITI,ITI3,11,Marche,Marche,1525271,360637,23.64,0.38
2279,2021-03-24,MAR,7038,2983,4055,484,152,202,592,40,25,4814,321,161,247,3369,3669,ITI,ITI3,11,Marche,Marche,1525271,367675,24.11,0.46
2280,2021-01-20,MAR,399,100,299,147,56,190,0,2,0,1,0,0,3,386,13,ITI,ITI3,11,Marche,Marche,1525271,368074,24.13,0.03
2281,2021-04-07,MAR,7813,3437,4376,189,143,176,973,75,1888,1334,2897,30,108,7477,336,ITI,ITI3,11,Marche,Marche,1525271,375887,24.64,0.51
2282,2021-01-11,MAR,1176,411,765,1021,155,0,0,0,0,0,0,0,0,1176,0,ITI,ITI3,11,Marche,Marche,1525271,377063,24.72,0.08
2283,2021-01-28,MAR,1975,661,1314,1583,238,101,0,9,1,0,0,0,43,167,1808,ITI,ITI3,11,Marche,Marche,1525271,379038,24.85,0.13
2284,2021-01-30,MAR,1908,669,1239,1566,293,0,0,12,0,0,0,0,37,29,1879,ITI,ITI3,11,Marche,Marche,1525271,380946,24.98,0.13
2285,2020-12-31,MAR,384,179,205,370,14,0,0,0,0,0,0,0,0,384,0,ITI,ITI3,11,Marche,Marche,1525271,381330,25.0,0.03
2286,2021-02-14,MAR,738,301,437,578,109,0,0,10,0,0,0,0,41,738,0,ITI,ITI3,11,Marche,Marche,1525271,382068,25.05,0.05
2287,2021-01-08,MAR,1575,588,987,1227,323,0,0,5,0,0,0,0,20,1575,0,ITI,ITI3,11,Marche,Marche,1525271,383643,25.15,0.1
2288,2021-01-26,MAR,2017,746,1271,1736,153,86,0,15,4,1,0,0,22,92,1925,ITI,ITI3,11,Marche,Marche,1525271,385660,25.28,0.13
2289,2021-04-15,MAR,10389,4679,5710,503,138,128,932,192,3639,780,3841,55,181,9824,565,ITI,ITI3,11,Marche,Marche,1525271,396049,25.97,0.68
2290,2021-02-13,MAR,1064,455,609,457,311,90,0,25,10,16,0,0,155,1012,52,ITI,ITI3,11,Marche,Marche,1525271,397113,26.04,0.07
2291,2021-04-22,MAR,10802,4939,5863,236,84,30,58,2749,3927,688,2952,37,41,9222,1580,ITI,ITI3,11,Marche,Marche,1525271,407915,26.74,0.71
2292,2021-03-04,MAR,6627,2978,3649,1064,375,115,769,53,18,2806,222,1041,164,5233,1394,ITI,ITI3,11,Marche,Marche,1525271,414542,27.18,0.43
2293,2021-03-08,MAR,6367,2808,3559,768,228,220,1015,8,2,3102,147,829,48,5365,1002,ITI,ITI3,11,Marche,Marche,1525271,420909,27.6,0.42
2294,2021-01-29,MAR,1991,730,1261,1479,404,74,0,6,0,3,0,0,25,168,1823,ITI,ITI3,11,Marche,Marche,1525271,422900,27.73,0.13
2295,2021-01-16,MAR,2006,723,1283,1059,415,285,0,53,42,21,0,0,131,2006,0,ITI,ITI3,11,Marche,Marche,1525271,424906,27.86,0.13
2296,2021-03-12,MAR,4717,2020,2697,820,445,17,929,20,11,1907,3,487,78,3472,1245,ITI,ITI3,11,Marche,Marche,1525271,429623,28.17,0.31
2297,2021-03-26,MAR,6346,2614,3732,336,222,190,501,58,31,4092,396,204,316,3535,2811,ITI,ITI3,11,Marche,Marche,1525271,435969,28.58,0.42
2298,2021-02-01,MAR,1365,480,885,1057,200,81,0,5,0,0,0,0,22,98,1267,ITI,ITI3,11,Marche,Marche,1525271,437334,28.67,0.09
2299,2021-04-13,MAR,9861,4275,5586,204,105,60,1075,163,3748,955,3469,32,50,9620,241,ITI,ITI3,11,Marche,Marche,1525271,447195,29.32,0.65
2300,2021-03-21,MAR,4512,1878,2634,87,42,57,205,19,7,4047,9,13,26,1632,2880,ITI,ITI3,11,Marche,Marche,1525271,451707,29.61,0.3
2301,2021-01-21,MAR,899,255,644,461,85,336,0,1,0,3,0,0,13,585,314,ITI,ITI3,11,Marche,Marche,1525271,452606,29.67,0.06
2302,2021-04-18,MAR,8834,4136,4698,259,64,2,455,1076,2951,377,3616,11,23,7913,921,ITI,ITI3,11,Marche,Marche,1525271,461440,30.25,0.58
2303,2021-04-24,MAR,5778,2642,3136,70,101,32,35,965,2204,729,1574,19,49,3815,1963,ITI,ITI3,11,Marche,Marche,1525271,467218,30.63,0.38
2304,2021-02-17,MAR,1791,664,1127,968,472,309,0,6,1,1,22,0,12,1672,119,ITI,ITI3,11,Marche,Marche,1525271,469009,30.75,0.12
2305,2021-03-06,MAR,5732,2647,3085,973,225,172,747,37,7,2400,221,864,86,4464,1268,ITI,ITI3,11,Marche,Marche,1525271,474741,31.13,0.38
2306,2021-03-17,MAR,3435,1497,1938,301,79,117,5,10,10,2822,61,7,23,111,3324,ITI,ITI3,11,Marche,Marche,1525271,478176,31.35,0.23
2307,2021-02-26,MAR,3636,1503,2133,449,178,389,39,8,4,2521,31,4,13,3160,476,ITI,ITI3,11,Marche,Marche,1525271,481812,31.59,0.24
2308,2021-04-20,SAR,10542,4794,5748,141,97,75,31,3933,2340,1973,1885,6,61,7408,3134,ITG,ITG2,20,Sardegna,Sardegna,1639591,10542,0.64,0.64
2309,2021-03-29,SAR,4374,1542,2832,624,490,182,1411,22,116,1018,312,98,101,3788,586,ITG,ITG2,20,Sardegna,Sardegna,1639591,14916,0.91,0.27
2310,2021-01-02,SAR,60,21,39,60,0,0,0,0,0,0,0,0,0,60,0,ITG,ITG2,20,Sardegna,Sardegna,1639591,14976,0.91,0.0
2311,2021-03-09,SAR,5150,2371,2779,1056,567,287,310,9,33,2278,14,561,35,4421,729,ITG,ITG2,20,Sardegna,Sardegna,1639591,20126,1.23,0.31
2312,2021-03-15,SAR,2685,1216,1469,458,591,86,1019,7,10,325,8,170,11,2312,373,ITG,ITG2,20,Sardegna,Sardegna,1639591,22811,1.39,0.16
2313,2021-01-07,SAR,3111,1077,2034,2720,373,0,0,1,2,0,0,11,4,3111,0,ITG,ITG2,20,Sardegna,Sardegna,1639591,25922,1.58,0.19
2314,2021-04-23,SAR,11147,4967,6180,371,166,70,128,1962,1868,3009,3265,8,300,6499,4648,ITG,ITG2,20,Sardegna,Sardegna,1639591,37069,2.26,0.68
2315,2021-02-26,SAR,2799,1108,1691,1224,878,221,6,20,16,289,5,98,42,2493,306,ITG,ITG2,20,Sardegna,Sardegna,1639591,39868,2.43,0.17
2316,2021-02-05,SAR,1897,749,1148,1214,511,164,0,0,0,1,1,3,3,433,1464,ITG,ITG2,20,Sardegna,Sardegna,1639591,41765,2.55,0.12
2317,2021-02-23,SAR,1519,1010,509,602,387,89,0,7,6,16,0,374,38,1285,234,ITG,ITG2,20,Sardegna,Sardegna,1639591,43284,2.64,0.09
2318,2020-12-28,SAR,65,25,40,65,0,0,0,0,0,0,0,0,0,65,0,ITG,ITG2,20,Sardegna,Sardegna,1639591,43349,2.64,0.0
2319,2021-01-13,SAR,573,178,395,494,79,0,0,0,0,0,0,0,0,573,0,ITG,ITG2,20,Sardegna,Sardegna,1639591,43922,2.68,0.03
2320,2021-03-21,SAR,4030,1809,2221,64,240,1,575,14,56,2890,17,107,66,2590,1440,ITG,ITG2,20,Sardegna,Sardegna,1639591,47952,2.92,0.25
2321,2021-03-11,SAR,6034,2725,3309,1011,567,418,102,51,98,2957,120,643,67,4834,1200,ITG,ITG2,20,Sardegna,Sardegna,1639591,53986,3.29,0.37
2322,2021-03-18,SAR,7251,3067,4184,1078,315,354,63,55,639,4242,429,12,64,5648,1603,ITG,ITG2,20,Sardegna,Sardegna,1639591,61237,3.73,0.44
2323,2021-03-31,SAR,10130,4042,6088,396,575,230,1378,148,701,4998,1486,31,187,7683,2447,ITG,ITG2,20,Sardegna,Sardegna,1639591,71367,4.35,0.62
2324,2021-04-17,SAR,9064,4083,4981,294,86,108,24,1343,2569,3354,1118,3,165,4994,4070,ITG,ITG2,20,Sardegna,Sardegna,1639591,80431,4.91,0.55
2325,2021-01-29,SAR,2952,1067,1885,2581,366,3,0,0,0,0,0,0,2,48,2904,ITG,ITG2,20,Sardegna,Sardegna,1639591,83383,5.09,0.18
2326,2021-03-03,SAR,3834,2061,1773,1070,554,600,1,5,5,704,1,857,37,2607,1227,ITG,ITG2,20,Sardegna,Sardegna,1639591,87217,5.32,0.23
2327,2021-01-09,SAR,4026,1417,2609,3182,832,0,0,3,1,1,0,0,7,4026,0,ITG,ITG2,20,Sardegna,Sardegna,1639591,91243,5.56,0.25
2328,2021-03-01,SAR,2161,1054,1107,1136,341,141,1,8,19,104,10,391,10,1502,659,ITG,ITG2,20,Sardegna,Sardegna,1639591,93404,5.7,0.13
2329,2021-01-22,SAR,83,47,36,45,38,0,0,0,0,0,0,0,0,55,28,ITG,ITG2,20,Sardegna,Sardegna,1639591,93487,5.7,0.01
2330,2021-02-17,SAR,1406,576,830,689,338,313,0,1,0,0,1,33,31,1332,74,ITG,ITG2,20,Sardegna,Sardegna,1639591,94893,5.79,0.09
2331,2021-03-06,SAR,2638,1079,1559,1108,885,469,36,3,10,24,2,79,22,857,1781,ITG,ITG2,20,Sardegna,Sardegna,1639591,97531,5.95,0.16
2332,2021-02-16,SAR,700,289,411,376,211,112,0,0,0,0,0,0,1,673,27,ITG,ITG2,20,Sardegna,Sardegna,1639591,98231,5.99,0.04
2333,2021-04-22,SAR,9746,4328,5418,211,106,75,26,2519,1461,2733,2398,6,211,5178,4568,ITG,ITG2,20,Sardegna,Sardegna,1639591,107977,6.59,0.59
2334,2021-03-10,SAR,6009,2917,3092,719,497,414,335,14,85,2986,29,902,28,5159,850,ITG,ITG2,20,Sardegna,Sardegna,1639591,113986,6.95,0.37
2335,2021-04-13,SAR,7522,3544,3978,216,62,45,15,486,3640,1479,1394,144,41,5696,1826,ITG,ITG2,20,Sardegna,Sardegna,1639591,121508,7.41,0.46
2336,2021-02-21,SAR,1589,710,879,67,28,59,0,0,7,1422,0,6,0,1559,30,ITG,ITG2,20,Sardegna,Sardegna,1639591,123097,7.51,0.1
2337,2021-02-28,SAR,368,169,199,245,76,47,0,0,0,0,0,0,0,142,226,ITG,ITG2,20,Sardegna,Sardegna,1639591,123465,7.53,0.02
2338,2021-01-26,SAR,1336,453,883,1296,39,0,1,0,0,0,0,0,0,27,1309,ITG,ITG2,20,Sardegna,Sardegna,1639591,124801,7.61,0.08
2339,2021-02-09,SAR,2286,837,1449,1308,471,497,1,4,0,1,2,0,2,1290,996,ITG,ITG2,20,Sardegna,Sardegna,1639591,127087,7.75,0.14
2340,2021-01-31,SAR,2121,750,1371,1544,555,0,0,6,0,1,1,0,14,48,2073,ITG,ITG2,20,Sardegna,Sardegna,1639591,129208,7.88,0.13
2341,2021-01-16,SAR,1492,525,967,1282,207,0,1,1,1,0,0,0,0,1492,0,ITG,ITG2,20,Sardegna,Sardegna,1639591,130700,7.97,0.09
2342,2021-02-24,SAR,2410,1292,1118,1193,521,301,0,6,2,7,0,366,14,2221,189,ITG,ITG2,20,Sardegna,Sardegna,1639591,133110,8.12,0.15
2343,2021-03-20,SAR,5192,2073,3119,696,307,127,855,19,91,2743,203,105,46,2916,2276,ITG,ITG2,20,Sardegna,Sardegna,1639591,138302,8.44,0.32
2344,2021-04-06,SAR,7123,2966,4157,656,252,226,455,101,1846,2537,577,35,438,4991,2132,ITG,ITG2,20,Sardegna,Sardegna,1639591,145425,8.87,0.43
2345,2021-03-28,SAR,4616,1812,2804,83,42,23,681,49,131,3273,216,13,105,4538,78,ITG,ITG2,20,Sardegna,Sardegna,1639591,150041,9.15,0.28
2346,2021-01-17,SAR,860,277,583,747,113,0,0,0,0,0,0,0,0,859,1,ITG,ITG2,20,Sardegna,Sardegna,1639591,150901,9.2,0.05
2347,2021-03-19,SAR,7262,3045,4217,1315,773,222,10,141,581,3507,325,247,141,5049,2213,ITG,ITG2,20,Sardegna,Sardegna,1639591,158163,9.65,0.44
2348,2021-04-01,SAR,10084,4018,6066,456,369,209,1251,169,895,4684,1534,203,314,7073,3011,ITG,ITG2,20,Sardegna,Sardegna,1639591,168247,10.26,0.62
2349,2021-04-12,SAR,6853,3121,3732,87,83,44,11,596,2790,2105,1011,30,96,5234,1619,ITG,ITG2,20,Sardegna,Sardegna,1639591,175100,10.68,0.42
2350,2021-03-05,SAR,5033,2443,2590,1694,1153,669,10,31,14,647,14,745,56,2681,2352,ITG,ITG2,20,Sardegna,Sardegna,1639591,180133,10.99,0.31
2351,2021-03-08,SAR,4004,1786,2218,740,1027,650,153,8,8,854,46,505,13,2784,1220,ITG,ITG2,20,Sardegna,Sardegna,1639591,184137,11.23,0.24
2352,2021-01-11,SAR,1183,505,678,656,525,0,0,0,0,1,0,0,1,1183,0,ITG,ITG2,20,Sardegna,Sardegna,1639591,185320,11.3,0.07
2353,2021-01-25,SAR,588,212,376,553,34,0,0,0,0,0,0,0,1,22,566,ITG,ITG2,20,Sardegna,Sardegna,1639591,185908,11.34,0.04
2354,2021-04-09,SAR,11984,5298,6686,437,256,39,163,434,3476,4835,2092,37,215,7640,4344,ITG,ITG2,20,Sardegna,Sardegna,1639591,197892,12.07,0.73
2355,2021-02-12,SAR,2237,933,1304,986,720,501,0,4,0,1,4,0,21,2178,59,ITG,ITG2,20,Sardegna,Sardegna,1639591,200129,12.21,0.14
2356,2021-04-11,SAR,5362,2428,2934,62,16,1,20,26,3228,1860,128,9,12,4242,1120,ITG,ITG2,20,Sardegna,Sardegna,1639591,205491,12.53,0.33
2357,2021-01-15,SAR,1563,573,990,1170,384,0,0,0,0,0,6,3,0,1563,0,ITG,ITG2,20,Sardegna,Sardegna,1639591,207054,12.63,0.1
2358,2021-01-23,SAR,60,22,38,60,0,0,0,0,0,0,0,0,0,0,60,ITG,ITG2,20,Sardegna,Sardegna,1639591,207114,12.63,0.0
2359,2021-01-12,SAR,865,408,457,504,361,0,0,0,0,0,0,0,0,865,0,ITG,ITG2,20,Sardegna,Sardegna,1639591,207979,12.68,0.05
2360,2021-01-14,SAR,1105,426,679,885,220,0,0,0,0,0,0,0,0,1105,0,ITG,ITG2,20,Sardegna,Sardegna,1639591,209084,12.75,0.07
2361,2021-03-07,SAR,1657,750,907,323,230,78,2,4,1,1012,0,0,7,1117,540,ITG,ITG2,20,Sardegna,Sardegna,1639591,210741,12.85,0.1
2362,2021-03-02,SAR,2865,1459,1406,1067,608,381,2,8,10,324,1,461,3,1712,1153,ITG,ITG2,20,Sardegna,Sardegna,1639591,213606,13.03,0.17
2363,2021-02-11,SAR,1315,490,825,588,266,369,0,31,1,3,0,0,57,1204,111,ITG,ITG2,20,Sardegna,Sardegna,1639591,214921,13.11,0.08
2364,2021-04-07,SAR,13417,5952,7465,675,443,256,350,188,3334,5595,2332,72,172,7771,5646,ITG,ITG2,20,Sardegna,Sardegna,1639591,228338,13.93,0.82
2365,2021-04-14,SAR,7903,3745,4158,145,34,96,17,462,4719,789,1587,1,53,6693,1210,ITG,ITG2,20,Sardegna,Sardegna,1639591,236241,14.41,0.48
2366,2021-02-10,SAR,1959,765,1194,1169,299,488,1,0,1,0,0,0,1,1441,518,ITG,ITG2,20,Sardegna,Sardegna,1639591,238200,14.53,0.12
2367,2021-03-25,SAR,8576,3597,4979,815,311,189,1562,153,412,3742,910,343,139,7271,1305,ITG,ITG2,20,Sardegna,Sardegna,1639591,246776,15.05,0.52
2368,2021-02-20,SAR,2041,855,1186,484,150,195,1,2,4,1204,0,0,1,1707,334,ITG,ITG2,20,Sardegna,Sardegna,1639591,248817,15.18,0.12
2369,2021-02-15,SAR,958,349,609,440,231,279,0,2,0,0,3,0,3,927,31,ITG,ITG2,20,Sardegna,Sardegna,1639591,249775,15.23,0.06
2370,2021-03-13,SAR,2751,1072,1679,274,142,240,132,13,101,1765,22,43,19,2470,281,ITG,ITG2,20,Sardegna,Sardegna,1639591,252526,15.4,0.17
2371,2021-03-27,SAR,5686,2159,3527,331,322,217,1309,31,188,2631,485,83,89,5264,422,ITG,ITG2,20,Sardegna,Sardegna,1639591,258212,15.75,0.35
2372,2021-02-02,SAR,1482,655,827,988,475,0,0,0,0,0,0,0,19,241,1241,ITG,ITG2,20,Sardegna,Sardegna,1639591,259694,15.84,0.09
2373,2021-01-20,SAR,210,77,133,154,56,0,0,0,0,0,0,0,0,208,2,ITG,ITG2,20,Sardegna,Sardegna,1639591,259904,15.85,0.01
2374,2021-03-23,SAR,6139,2630,3509,1108,317,283,1140,34,165,2310,607,95,80,5062,1077,ITG,ITG2,20,Sardegna,Sardegna,1639591,266043,16.23,0.37
2375,2021-01-05,SAR,1327,446,881,1283,40,0,0,1,0,0,0,0,3,1327,0,ITG,ITG2,20,Sardegna,Sardegna,1639591,267370,16.31,0.08
2376,2021-04-03,SAR,4411,1703,2708,181,275,153,424,54,430,2579,194,23,98,2668,1743,ITG,ITG2,20,Sardegna,Sardegna,1639591,271781,16.58,0.27
2377,2020-12-27,SAR,65,34,31,65,0,0,0,0,0,0,0,0,0,65,0,ITG,ITG2,20,Sardegna,Sardegna,1639591,271846,16.58,0.0
2378,2021-04-18,SAR,5153,2238,2915,48,6,0,3,863,322,3471,418,11,11,2287,2866,ITG,ITG2,20,Sardegna,Sardegna,1639591,276999,16.89,0.31
2379,2021-01-27,SAR,1408,494,914,1303,103,0,0,0,0,0,0,0,2,79,1329,ITG,ITG2,20,Sardegna,Sardegna,1639591,278407,16.98,0.09
2380,2021-03-17,SAR,6552,2849,3703,1077,529,528,128,80,443,3341,367,5,54,4945,1607,ITG,ITG2,20,Sardegna,Sardegna,1639591,284959,17.38,0.4
2381,2021-01-28,SAR,2968,1044,1924,2554,400,0,0,1,0,0,0,11,2,69,2899,ITG,ITG2,20,Sardegna,Sardegna,1639591,287927,17.56,0.18
2382,2021-01-10,SAR,2183,750,1433,1632,548,0,0,0,0,0,0,0,3,2183,0,ITG,ITG2,20,Sardegna,Sardegna,1639591,290110,17.69,0.13
2383,2021-03-14,SAR,606,376,230,34,210,0,12,2,1,251,0,87,9,606,0,ITG,ITG2,20,Sardegna,Sardegna,1639591,290716,17.73,0.04
2384,2021-04-21,SAR,11944,5511,6433,151,63,101,41,2714,1965,4283,2493,8,125,6481,5463,ITG,ITG2,20,Sardegna,Sardegna,1639591,302660,18.46,0.73
2385,2021-04-08,SAR,13218,5819,7399,716,197,77,288,362,2878,4937,3561,41,161,8100,5118,ITG,ITG2,20,Sardegna,Sardegna,1639591,315878,19.27,0.81
2386,2021-01-08,SAR,3258,1184,2074,2930,323,0,0,0,0,2,1,0,2,3258,0,ITG,ITG2,20,Sardegna,Sardegna,1639591,319136,19.46,0.2
2387,2021-02-18,SAR,1878,732,1146,1074,344,298,110,4,0,1,1,33,13,1814,64,ITG,ITG2,20,Sardegna,Sardegna,1639591,321014,19.58,0.11
2388,2021-02-27,SAR,1921,647,1274,1059,316,306,0,14,2,178,0,0,46,1366,555,ITG,ITG2,20,Sardegna,Sardegna,1639591,322935,19.7,0.12
2389,2021-04-04,SAR,1,0,1,0,0,0,0,0,0,1,0,0,0,0,1,ITG,ITG2,20,Sardegna,Sardegna,1639591,322936,19.7,0.0
2390,2021-02-04,SAR,2271,816,1455,1737,360,170,0,1,1,1,1,0,0,916,1355,ITG,ITG2,20,Sardegna,Sardegna,1639591,325207,19.83,0.14
2391,2021-02-19,SAR,1498,472,1026,677,390,388,0,4,4,1,13,1,20,1442,56,ITG,ITG2,20,Sardegna,Sardegna,1639591,326705,19.93,0.09
2392,2021-04-05,SAR,2030,781,1249,55,150,0,694,93,395,144,123,22,354,2028,2,ITG,ITG2,20,Sardegna,Sardegna,1639591,328735,20.05,0.12
2393,2020-12-29,SAR,57,32,25,56,1,0,0,0,0,0,0,0,0,57,0,ITG,ITG2,20,Sardegna,Sardegna,1639591,328792,20.05,0.0
2394,2021-03-16,SAR,4367,1945,2422,663,204,352,8,43,163,2542,336,1,55,3445,922,ITG,ITG2,20,Sardegna,Sardegna,1639591,333159,20.32,0.27
2395,2021-03-26,SAR,8080,3176,4904,844,564,414,1520,140,466,2758,998,227,149,6555,1525,ITG,ITG2,20,Sardegna,Sardegna,1639591,341239,20.81,0.49
2396,2021-02-14,SAR,539,263,276,286,188,57,0,1,0,3,0,0,4,537,2,ITG,ITG2,20,Sardegna,Sardegna,1639591,341778,20.85,0.03
2397,2021-01-06,SAR,1615,549,1066,1510,99,0,0,0,0,1,0,0,5,1615,0,ITG,ITG2,20,Sardegna,Sardegna,1639591,343393,20.94,0.1
2398,2021-02-25,SAR,2899,1255,1644,1474,611,466,9,6,2,242,2,74,13,2294,605,ITG,ITG2,20,Sardegna,Sardegna,1639591,346292,21.12,0.18
2399,2021-03-12,SAR,5756,2408,3348,1048,766,464,159,33,56,2573,83,468,106,4448,1308,ITG,ITG2,20,Sardegna,Sardegna,1639591,352048,21.47,0.35
2400,2021-01-04,SAR,591,217,374,565,20,0,0,0,0,1,0,0,5,591,0,ITG,ITG2,20,Sardegna,Sardegna,1639591,352639,21.51,0.04
2401,2020-12-31,SAR,32,16,16,28,4,0,0,0,0,0,0,0,0,32,0,ITG,ITG2,20,Sardegna,Sardegna,1639591,352671,21.51,0.0
2402,2021-02-01,SAR,1524,605,919,896,551,77,0,0,0,0,0,0,0,225,1299,ITG,ITG2,20,Sardegna,Sardegna,1639591,354195,21.6,0.09
2403,2021-01-19,SAR,747,270,477,423,163,160,1,0,0,0,0,0,0,692,55,ITG,ITG2,20,Sardegna,Sardegna,1639591,354942,21.65,0.05
2404,2021-02-07,SAR,1116,394,722,975,141,0,0,0,0,0,0,0,0,228,888,ITG,ITG2,20,Sardegna,Sardegna,1639591,356058,21.72,0.07
2405,2021-01-18,SAR,904,326,578,714,188,0,0,0,0,0,0,1,1,780,124,ITG,ITG2,20,Sardegna,Sardegna,1639591,356962,21.77,0.06
2406,2021-03-30,SAR,8401,3348,5053,650,514,237,1453,105,793,3285,1207,60,97,6132,2269,ITG,ITG2,20,Sardegna,Sardegna,1639591,365363,22.28,0.51
2407,2021-01-03,SAR,90,36,54,89,1,0,0,0,0,0,0,0,0,90,0,ITG,ITG2,20,Sardegna,Sardegna,1639591,365453,22.29,0.01
2408,2021-01-30,SAR,3862,1392,2470,2987,873,0,0,0,0,1,0,0,1,362,3500,ITG,ITG2,20,Sardegna,Sardegna,1639591,369315,22.52,0.24
2409,2021-01-21,SAR,126,60,66,60,66,0,0,0,0,0,0,0,0,94,32,ITG,ITG2,20,Sardegna,Sardegna,1639591,369441,22.53,0.01
2410,2021-02-03,SAR,1119,419,700,920,169,19,0,1,0,0,0,0,10,426,693,ITG,ITG2,20,Sardegna,Sardegna,1639591,370560,22.6,0.07
2411,2021-04-02,SAR,8963,3533,5430,528,682,177,1301,98,802,4205,909,70,191,5734,3229,ITG,ITG2,20,Sardegna,Sardegna,1639591,379523,23.15,0.55
2412,2021-04-16,SAR,14369,6466,7903,477,157,107,27,2158,4357,4291,2657,19,119,9051,5318,ITG,ITG2,20,Sardegna,Sardegna,1639591,393892,24.02,0.88
2413,2021-01-24,SAR,90,34,56,89,1,0,0,0,0,0,0,0,0,5,85,ITG,ITG2,20,Sardegna,Sardegna,1639591,393982,24.03,0.01
2414,2021-03-24,SAR,7255,2988,4267,739,253,397,1059,57,399,3145,782,330,94,5898,1357,ITG,ITG2,20,Sardegna,Sardegna,1639591,401237,24.47,0.44
2415,2021-03-22,SAR,3582,1378,2204,838,344,109,1135,15,61,800,153,105,22,3070,512,ITG,ITG2,20,Sardegna,Sardegna,1639591,404819,24.69,0.22
2416,2021-04-10,SAR,10159,4577,5582,153,91,11,218,488,4634,3591,794,11,168,8223,1936,ITG,ITG2,20,Sardegna,Sardegna,1639591,414978,25.31,0.62
2417,2021-02-06,SAR,1970,697,1273,1544,284,139,1,0,1,0,0,0,1,569,1401,ITG,ITG2,20,Sardegna,Sardegna,1639591,416948,25.43,0.12
2418,2021-02-13,SAR,1456,565,891,732,433,256,5,4,3,1,1,0,21,1454,2,ITG,ITG2,20,Sardegna,Sardegna,1639591,418404,25.52,0.09
2419,2021-02-08,SAR,1470,533,937,998,337,126,0,1,0,1,1,1,5,856,614,ITG,ITG2,20,Sardegna,Sardegna,1639591,419874,25.61,0.09
2420,2021-01-01,SAR,30,16,14,30,0,0,0,0,0,0,0,0,0,30,0,ITG,ITG2,20,Sardegna,Sardegna,1639591,419904,25.61,0.0
2421,2021-04-19,SAR,9684,4381,5303,186,75,88,43,3658,2897,1371,1329,6,31,8360,1324,ITG,ITG2,20,Sardegna,Sardegna,1639591,429588,26.2,0.59
2422,2021-03-04,SAR,4002,1953,2049,987,552,542,42,44,18,1153,1,581,82,2747,1255,ITG,ITG2,20,Sardegna,Sardegna,1639591,433590,26.45,0.24
2423,2021-02-22,SAR,1637,948,689,606,293,190,0,6,3,5,11,516,7,1409,228,ITG,ITG2,20,Sardegna,Sardegna,1639591,435227,26.54,0.1
2424,2021-04-15,SAR,11300,5269,6031,265,93,126,20,914,3745,3849,2141,29,118,6359,4941,ITG,ITG2,20,Sardegna,Sardegna,1639591,446527,27.23,0.69
