,data,area,Vaccinazioni giornaliere,sesso_maschile,sesso_femminile,prima_dose,seconda_dose,pregressa_infezione,codice_NUTS1,codice_NUTS2,codice_regione_ISTAT,nome_area,Regione,popolazione,Totale vaccinazioni,Totale vaccinazioni ogni cento ab,Vaccinazioni giornaliere ogni cento ab
0,2021-02-07,MOL,66,32,34,19,47,0,ITF,ITF2,14,Molise,Molise,305617,66,0.02,0.02
1,2021-05-18,MOL,1645,877,768,984,655,6,ITF,ITF2,14,Molise,Molise,305617,1711,0.56,0.54
2,2021-03-22,MOL,1149,441,708,889,244,16,ITF,ITF2,14,Molise,Molise,305617,2860,0.94,0.38
3,2021-05-20,MOL,2661,1371,1290,2397,186,78,ITF,ITF2,14,Molise,Molise,305617,5521,1.81,0.87
4,2021-06-27,MOL,2364,1119,1245,1128,1226,10,ITF,ITF2,14,Molise,Molise,305617,7885,2.58,0.77
5,2021-01-07,MOL,598,209,389,598,0,0,ITF,ITF2,14,Molise,Molise,305617,8483,2.78,0.2
6,2021-02-12,MOL,332,150,182,207,124,1,ITF,ITF2,14,Molise,Molise,305617,8815,2.88,0.11
7,2021-07-14,MOL,3253,1608,1645,182,3055,16,ITF,ITF2,14,Molise,Molise,305617,12068,3.95,1.06
8,2021-04-05,MOL,391,189,202,292,99,0,ITF,ITF2,14,Molise,Molise,305617,12459,4.08,0.13
9,2021-03-29,MOL,2033,835,1198,1518,486,29,ITF,ITF2,14,Molise,Molise,305617,14492,4.74,0.67
10,2021-01-31,MOL,268,70,198,6,262,0,ITF,ITF2,14,Molise,Molise,305617,14760,4.83,0.09
11,2021-07-16,MOL,1083,558,525,159,910,14,ITF,ITF2,14,Molise,Molise,305617,15843,5.18,0.35
12,2021-03-24,MOL,1631,658,973,1212,402,17,ITF,ITF2,14,Molise,Molise,305617,17474,5.72,0.53
13,2021-07-02,MOL,2628,1275,1353,121,2499,8,ITF,ITF2,14,Molise,Molise,305617,20102,6.58,0.86
14,2021-07-04,MOL,2150,1085,1065,577,1550,23,ITF,ITF2,14,Molise,Molise,305617,22252,7.28,0.7
15,2021-01-17,MOL,78,38,40,48,30,0,ITF,ITF2,14,Molise,Molise,305617,22330,7.31,0.03
16,2021-01-12,MOL,336,114,222,336,0,0,ITF,ITF2,14,Molise,Molise,305617,22666,7.42,0.11
17,2021-02-24,MOL,666,278,388,325,333,8,ITF,ITF2,14,Molise,Molise,305617,23332,7.63,0.22
18,2021-02-19,MOL,169,93,76,167,2,0,ITF,ITF2,14,Molise,Molise,305617,23501,7.69,0.06
19,2021-03-10,MOL,1737,720,1017,1667,50,20,ITF,ITF2,14,Molise,Molise,305617,25238,8.26,0.57
20,2021-06-01,MOL,2598,1322,1276,2454,108,36,ITF,ITF2,14,Molise,Molise,305617,27836,9.11,0.85
21,2021-05-01,MOL,2648,1269,1379,405,2224,19,ITF,ITF2,14,Molise,Molise,305617,30484,9.97,0.87
22,2021-03-05,MOL,1219,649,570,1003,204,12,ITF,ITF2,14,Molise,Molise,305617,31703,10.37,0.4
23,2021-06-13,MOL,2790,1488,1302,2431,325,34,ITF,ITF2,14,Molise,Molise,305617,34493,11.29,0.91
24,2021-04-17,MOL,3054,1501,1553,1543,1486,25,ITF,ITF2,14,Molise,Molise,305617,37547,12.29,1.0
25,2021-06-20,MOL,422,174,248,47,371,4,ITF,ITF2,14,Molise,Molise,305617,37969,12.42,0.14
26,2021-04-24,MOL,2551,1202,1349,695,1841,15,ITF,ITF2,14,Molise,Molise,305617,40520,13.26,0.83
27,2021-02-26,MOL,563,260,303,489,73,1,ITF,ITF2,14,Molise,Molise,305617,41083,13.44,0.18
28,2021-06-06,MOL,2060,1059,1001,1720,323,17,ITF,ITF2,14,Molise,Molise,305617,43143,14.12,0.67
29,2021-01-26,MOL,450,184,266,8,442,0,ITF,ITF2,14,Molise,Molise,305617,43593,14.26,0.15
30,2021-05-06,MOL,2679,1214,1465,2042,598,39,ITF,ITF2,14,Molise,Molise,305617,46272,15.14,0.88
31,2021-05-25,MOL,1963,887,1076,1297,630,36,ITF,ITF2,14,Molise,Molise,305617,48235,15.78,0.64
32,2021-01-04,MOL,314,131,183,314,0,0,ITF,ITF2,14,Molise,Molise,305617,48549,15.89,0.1
33,2021-04-14,MOL,1806,767,1039,1135,661,10,ITF,ITF2,14,Molise,Molise,305617,50355,16.48,0.59
34,2021-02-16,MOL,156,70,86,149,6,1,ITF,ITF2,14,Molise,Molise,305617,50511,16.53,0.05
35,2021-05-27,MOL,2835,1348,1487,1962,836,37,ITF,ITF2,14,Molise,Molise,305617,53346,17.46,0.93
36,2021-07-09,MOL,3429,1645,1784,166,3245,18,ITF,ITF2,14,Molise,Molise,305617,56775,18.58,1.12
37,2021-03-31,MOL,2193,919,1274,1307,819,67,ITF,ITF2,14,Molise,Molise,305617,58968,19.29,0.72
38,2021-03-15,MOL,832,338,494,570,245,17,ITF,ITF2,14,Molise,Molise,305617,59800,19.57,0.27
39,2021-06-24,MOL,3308,1542,1766,432,2840,36,ITF,ITF2,14,Molise,Molise,305617,63108,20.65,1.08
40,2021-03-02,MOL,667,383,284,504,158,5,ITF,ITF2,14,Molise,Molise,305617,63775,20.87,0.22
41,2021-06-10,MOL,2571,1182,1389,1233,1301,37,ITF,ITF2,14,Molise,Molise,305617,66346,21.71,0.84
42,2021-04-10,MOL,2641,1262,1379,2454,152,35,ITF,ITF2,14,Molise,Molise,305617,68987,22.57,0.86
43,2021-02-05,MOL,593,269,324,55,538,0,ITF,ITF2,14,Molise,Molise,305617,69580,22.77,0.19
44,2021-01-19,MOL,173,63,110,162,11,0,ITF,ITF2,14,Molise,Molise,305617,69753,22.82,0.06
45,2021-04-29,MOL,2239,1146,1093,877,1348,14,ITF,ITF2,14,Molise,Molise,305617,71992,23.56,0.73
46,2021-04-12,MOL,1299,557,742,1037,251,11,ITF,ITF2,14,Molise,Molise,305617,73291,23.98,0.43
47,2021-03-03,MOL,672,316,356,586,82,4,ITF,ITF2,14,Molise,Molise,305617,73963,24.2,0.22
48,2021-01-05,MOL,449,180,269,449,0,0,ITF,ITF2,14,Molise,Molise,305617,74412,24.35,0.15
49,2021-03-17,MOL,908,385,523,518,332,58,ITF,ITF2,14,Molise,Molise,305617,75320,24.65,0.3
50,2021-06-25,MOL,3431,1688,1743,1464,1915,52,ITF,ITF2,14,Molise,Molise,305617,78751,25.77,1.12
51,2021-06-08,MOL,2886,1593,1293,2187,696,3,ITF,ITF2,14,Molise,Molise,305617,81637,26.71,0.94
52,2021-03-19,MOL,1184,482,702,740,427,17,ITF,ITF2,14,Molise,Molise,305617,82821,27.1,0.39
53,2021-01-21,MOL,6,2,4,6,0,0,ITF,ITF2,14,Molise,Molise,305617,82827,27.1,0.0
54,2021-05-13,MOL,3039,1410,1629,2528,457,54,ITF,ITF2,14,Molise,Molise,305617,85866,28.1,0.99
55,2021-04-28,MOL,1694,924,770,469,1218,7,ITF,ITF2,14,Molise,Molise,305617,87560,28.65,0.55
56,2021-05-29,MOL,2351,1223,1128,1918,390,43,ITF,ITF2,14,Molise,Molise,305617,89911,29.42,0.77
57,2021-02-09,MOL,359,170,189,197,162,0,ITF,ITF2,14,Molise,Molise,305617,90270,29.54,0.12
58,2021-02-23,MOL,582,223,359,361,219,2,ITF,ITF2,14,Molise,Molise,305617,90852,29.73,0.19
59,2021-06-03,MOL,3292,1567,1725,2705,554,33,ITF,ITF2,14,Molise,Molise,305617,94144,30.8,1.08
60,2021-04-07,MOL,1688,847,841,1368,275,45,ITF,ITF2,14,Molise,Molise,305617,95832,31.36,0.55
61,2021-06-05,MOL,2969,1508,1461,2787,155,27,ITF,ITF2,14,Molise,Molise,305617,98801,32.33,0.97
62,2021-03-07,MOL,1132,501,631,1127,2,3,ITF,ITF2,14,Molise,Molise,305617,99933,32.7,0.37
63,2021-06-15,MOL,2215,1042,1173,748,1451,16,ITF,ITF2,14,Molise,Molise,305617,102148,33.42,0.72
64,2021-06-17,MOL,2307,1017,1290,911,1369,27,ITF,ITF2,14,Molise,Molise,305617,104455,34.18,0.75
65,2021-01-09,MOL,450,152,298,450,0,0,ITF,ITF2,14,Molise,Molise,305617,104905,34.33,0.15
66,2021-04-19,MOL,1827,842,985,987,778,62,ITF,ITF2,14,Molise,Molise,305617,106732,34.92,0.6
67,2021-07-13,MOL,2802,1424,1378,318,2467,17,ITF,ITF2,14,Molise,Molise,305617,109534,35.84,0.92
68,2021-02-28,MOL,832,334,498,788,42,2,ITF,ITF2,14,Molise,Molise,305617,110366,36.11,0.27
69,2021-04-02,MOL,1456,710,746,663,778,15,ITF,ITF2,14,Molise,Molise,305617,111822,36.59,0.48
70,2021-07-11,MOL,2449,1195,1254,179,2267,3,ITF,ITF2,14,Molise,Molise,305617,114271,37.39,0.8
71,2021-05-08,MOL,2976,1455,1521,1698,1244,34,ITF,ITF2,14,Molise,Molise,305617,117247,38.36,0.97
72,2021-04-21,MOL,1869,791,1078,968,895,6,ITF,ITF2,14,Molise,Molise,305617,119116,38.98,0.61
73,2021-02-11,MOL,294,133,161,257,37,0,ITF,ITF2,14,Molise,Molise,305617,119410,39.07,0.1
74,2021-07-06,MOL,3059,1427,1632,35,3020,4,ITF,ITF2,14,Molise,Molise,305617,122469,40.07,1.0
75,2021-05-10,MOL,2891,1285,1606,2489,373,29,ITF,ITF2,14,Molise,Molise,305617,125360,41.02,0.95
76,2021-06-29,MOL,2465,1148,1317,376,2063,26,ITF,ITF2,14,Molise,Molise,305617,127825,41.83,0.81
77,2021-05-03,MOL,2486,1166,1320,2290,163,33,ITF,ITF2,14,Molise,Molise,305617,130311,42.64,0.81
78,2021-05-17,MOL,2228,1092,1136,1705,496,27,ITF,ITF2,14,Molise,Molise,305617,132539,43.37,0.73
79,2021-03-21,MOL,1246,542,704,477,767,2,ITF,ITF2,14,Molise,Molise,305617,133785,43.78,0.41
80,2021-03-14,MOL,596,240,356,17,579,0,ITF,ITF2,14,Molise,Molise,305617,134381,43.97,0.2
81,2021-06-22,MOL,2960,1368,1592,669,2274,17,ITF,ITF2,14,Molise,Molise,305617,137341,44.94,0.97
82,2021-02-21,MOL,574,227,347,572,2,0,ITF,ITF2,14,Molise,Molise,305617,137915,45.13,0.19
83,2021-02-04,MOL,758,295,463,77,681,0,ITF,ITF2,14,Molise,Molise,305617,138673,45.37,0.25
84,2021-05-15,MOL,2980,1398,1582,2545,384,51,ITF,ITF2,14,Molise,Molise,305617,141653,46.35,0.98
85,2021-02-02,MOL,539,176,363,215,323,1,ITF,ITF2,14,Molise,Molise,305617,142192,46.53,0.18
86,2021-01-16,MOL,422,166,256,422,0,0,ITF,ITF2,14,Molise,Molise,305617,142614,46.66,0.14
87,2021-04-26,MOL,1158,521,637,810,331,17,ITF,ITF2,14,Molise,Molise,305617,143772,47.04,0.38
88,2021-04-09,MOL,2324,1251,1073,2105,191,28,ITF,ITF2,14,Molise,Molise,305617,146096,47.8,0.76
89,2021-03-26,MOL,2575,1045,1530,1889,642,44,ITF,ITF2,14,Molise,Molise,305617,148671,48.65,0.84
90,2021-02-18,MOL,319,74,245,302,13,4,ITF,ITF2,14,Molise,Molise,305617,148990,48.75,0.1
91,2021-01-18,MOL,115,48,67,115,0,0,ITF,ITF2,14,Molise,Molise,305617,149105,48.79,0.04
92,2021-04-11,MOL,1196,591,605,1168,14,14,ITF,ITF2,14,Molise,Molise,305617,150301,49.18,0.39
93,2021-07-03,MOL,2737,1377,1360,565,2152,20,ITF,ITF2,14,Molise,Molise,305617,153038,50.08,0.9
94,2021-03-25,MOL,1806,730,1076,1284,497,25,ITF,ITF2,14,Molise,Molise,305617,154844,50.67,0.59
95,2021-03-08,MOL,1379,522,857,1202,140,37,ITF,ITF2,14,Molise,Molise,305617,156223,51.12,0.45
96,2021-06-16,MOL,2002,1013,989,1133,855,14,ITF,ITF2,14,Molise,Molise,305617,158225,51.77,0.66
97,2021-04-13,MOL,1632,718,914,1037,587,8,ITF,ITF2,14,Molise,Molise,305617,159857,52.31,0.53
98,2021-03-11,MOL,1465,637,828,1446,6,13,ITF,ITF2,14,Molise,Molise,305617,161322,52.79,0.48
99,2021-01-06,MOL,689,260,429,689,0,0,ITF,ITF2,14,Molise,Molise,305617,162011,53.01,0.23
100,2021-04-16,MOL,2431,1033,1398,1177,1233,21,ITF,ITF2,14,Molise,Molise,305617,164442,53.81,0.8
101,2021-06-21,MOL,2901,1350,1551,1623,1232,46,ITF,ITF2,14,Molise,Molise,305617,167343,54.76,0.95
102,2021-04-25,MOL,794,397,397,557,233,4,ITF,ITF2,14,Molise,Molise,305617,168137,55.02,0.26
103,2021-01-13,MOL,474,160,314,474,0,0,ITF,ITF2,14,Molise,Molise,305617,168611,55.17,0.16
104,2021-06-19,MOL,2331,1159,1172,1278,1011,42,ITF,ITF2,14,Molise,Molise,305617,170942,55.93,0.76
105,2021-04-23,MOL,2050,882,1168,1374,659,17,ITF,ITF2,14,Molise,Molise,305617,172992,56.6,0.67
106,2021-06-30,MOL,2927,1392,1535,873,1973,81,ITF,ITF2,14,Molise,Molise,305617,175919,57.56,0.96
107,2021-05-22,MOL,1316,712,604,1225,84,7,ITF,ITF2,14,Molise,Molise,305617,177235,57.99,0.43
108,2021-02-27,MOL,1366,568,798,1342,19,5,ITF,ITF2,14,Molise,Molise,305617,178601,58.44,0.45
109,2021-06-07,MOL,1953,859,1094,1113,819,21,ITF,ITF2,14,Molise,Molise,305617,180554,59.08,0.64
110,2021-02-13,MOL,132,80,52,132,0,0,ITF,ITF2,14,Molise,Molise,305617,180686,59.12,0.04
111,2021-05-24,MOL,1964,853,1111,1271,666,27,ITF,ITF2,14,Molise,Molise,305617,182650,59.76,0.64
112,2021-05-07,MOL,2643,1228,1415,2021,597,25,ITF,ITF2,14,Molise,Molise,305617,185293,60.63,0.86
113,2021-04-18,MOL,1083,483,600,144,934,5,ITF,ITF2,14,Molise,Molise,305617,186376,60.98,0.35
114,2021-07-10,MOL,3721,1781,1940,321,3386,14,ITF,ITF2,14,Molise,Molise,305617,190097,62.2,1.22
115,2021-04-04,MOL,253,141,112,233,15,5,ITF,ITF2,14,Molise,Molise,305617,190350,62.28,0.08
116,2021-03-18,MOL,1157,476,681,633,465,59,ITF,ITF2,14,Molise,Molise,305617,191507,62.66,0.38
117,2021-06-26,MOL,3119,1529,1590,523,2581,15,ITF,ITF2,14,Molise,Molise,305617,194626,63.68,1.02
118,2021-02-10,MOL,151,79,72,131,20,0,ITF,ITF2,14,Molise,Molise,305617,194777,63.73,0.05
119,2021-05-21,MOL,2100,1053,1047,1699,322,79,ITF,ITF2,14,Molise,Molise,305617,196877,64.42,0.69
120,2021-01-27,MOL,674,251,423,8,666,0,ITF,ITF2,14,Molise,Molise,305617,197551,64.64,0.22
121,2021-03-04,MOL,850,417,433,514,324,12,ITF,ITF2,14,Molise,Molise,305617,198401,64.92,0.28
122,2021-06-12,MOL,3408,1752,1656,3243,114,51,ITF,ITF2,14,Molise,Molise,305617,201809,66.03,1.12
123,2021-06-14,MOL,1628,810,818,535,1075,18,ITF,ITF2,14,Molise,Molise,305617,203437,66.57,0.53
124,2021-03-13,MOL,1189,594,595,183,989,17,ITF,ITF2,14,Molise,Molise,305617,204626,66.96,0.39
125,2021-01-15,MOL,538,242,296,538,0,0,ITF,ITF2,14,Molise,Molise,305617,205164,67.13,0.18
126,2021-06-23,MOL,2791,1286,1505,221,2560,10,ITF,ITF2,14,Molise,Molise,305617,207955,68.04,0.91
127,2021-03-28,MOL,1627,748,879,518,1102,7,ITF,ITF2,14,Molise,Molise,305617,209582,68.58,0.53
128,2021-01-30,MOL,461,158,303,12,449,0,ITF,ITF2,14,Molise,Molise,305617,210043,68.73,0.15
129,2021-02-06,MOL,430,179,251,29,401,0,ITF,ITF2,14,Molise,Molise,305617,210473,68.87,0.14
130,2021-03-27,MOL,2743,1273,1470,1295,1433,15,ITF,ITF2,14,Molise,Molise,305617,213216,69.77,0.9
131,2021-07-05,MOL,2736,1281,1455,39,2695,2,ITF,ITF2,14,Molise,Molise,305617,215952,70.66,0.9
132,2021-06-18,MOL,2767,1248,1519,1283,1458,26,ITF,ITF2,14,Molise,Molise,305617,218719,71.57,0.91
133,2021-05-30,MOL,1864,929,935,1552,285,27,ITF,ITF2,14,Molise,Molise,305617,220583,72.18,0.61
134,2021-01-20,MOL,18,8,10,18,0,0,ITF,ITF2,14,Molise,Molise,305617,220601,72.18,0.01
135,2021-04-30,MOL,2939,1557,1382,818,2109,12,ITF,ITF2,14,Molise,Molise,305617,223540,73.14,0.96
136,2021-02-25,MOL,542,239,303,471,68,3,ITF,ITF2,14,Molise,Molise,305617,224082,73.32,0.18
137,2021-01-29,MOL,422,136,286,6,416,0,ITF,ITF2,14,Molise,Molise,305617,224504,73.46,0.14
138,2021-05-09,MOL,2053,933,1120,1923,97,33,ITF,ITF2,14,Molise,Molise,305617,226557,74.13,0.67
139,2021-07-07,MOL,2957,1368,1589,56,2897,4,ITF,ITF2,14,Molise,Molise,305617,229514,75.1,0.97
140,2021-05-11,MOL,3208,1415,1793,2910,251,47,ITF,ITF2,14,Molise,Molise,305617,232722,76.15,1.05
141,2021-03-16,MOL,614,230,384,265,347,2,ITF,ITF2,14,Molise,Molise,305617,233336,76.35,0.2
142,2021-01-11,MOL,557,194,363,557,0,0,ITF,ITF2,14,Molise,Molise,305617,233893,76.53,0.18
143,2021-01-25,MOL,319,130,189,3,316,0,ITF,ITF2,14,Molise,Molise,305617,234212,76.64,0.1
144,2021-05-05,MOL,2415,1042,1373,2250,141,24,ITF,ITF2,14,Molise,Molise,305617,236627,77.43,0.79
145,2021-03-20,MOL,2321,968,1353,992,1321,8,ITF,ITF2,14,Molise,Molise,305617,238948,78.19,0.76
146,2021-06-28,MOL,2888,1347,1541,996,1870,22,ITF,ITF2,14,Molise,Molise,305617,241836,79.13,0.94
147,2021-03-09,MOL,1329,579,750,1149,152,28,ITF,ITF2,14,Molise,Molise,305617,243165,79.57,0.43
148,2021-02-20,MOL,1019,442,577,999,20,0,ITF,ITF2,14,Molise,Molise,305617,244184,79.9,0.33
149,2021-05-31,MOL,2361,1146,1215,1902,418,41,ITF,ITF2,14,Molise,Molise,305617,246545,80.67,0.77
150,2021-05-14,MOL,2644,1215,1429,1890,718,36,ITF,ITF2,14,Molise,Molise,305617,249189,81.54,0.87
151,2021-06-02,MOL,2809,1356,1453,2692,99,18,ITF,ITF2,14,Molise,Molise,305617,251998,82.46,0.92
152,2021-06-04,MOL,3038,1491,1547,2568,442,28,ITF,ITF2,14,Molise,Molise,305617,255036,83.45,0.99
153,2021-04-08,MOL,1767,904,863,1540,202,25,ITF,ITF2,14,Molise,Molise,305617,256803,84.03,0.58
154,2021-04-22,MOL,1846,864,982,1057,779,10,ITF,ITF2,14,Molise,Molise,305617,258649,84.63,0.6
155,2021-02-17,MOL,72,32,40,50,15,7,ITF,ITF2,14,Molise,Molise,305617,258721,84.66,0.02
156,2021-05-28,MOL,2650,1365,1285,2038,547,65,ITF,ITF2,14,Molise,Molise,305617,261371,85.52,0.87
157,2021-01-08,MOL,430,141,289,430,0,0,ITF,ITF2,14,Molise,Molise,305617,261801,85.66,0.14
158,2021-04-01,MOL,1469,667,802,729,726,14,ITF,ITF2,14,Molise,Molise,305617,263270,86.14,0.48
159,2021-02-03,MOL,731,249,482,338,393,0,ITF,ITF2,14,Molise,Molise,305617,264001,86.38,0.24
160,2021-04-27,MOL,1596,769,827,444,1130,22,ITF,ITF2,14,Molise,Molise,305617,265597,86.91,0.52
161,2021-05-16,MOL,1248,572,676,1046,182,20,ITF,ITF2,14,Molise,Molise,305617,266845,87.31,0.41
162,2021-01-22,MOL,128,36,92,128,0,0,ITF,ITF2,14,Molise,Molise,305617,266973,87.36,0.04
163,2021-05-02,MOL,1894,932,962,577,1306,11,ITF,ITF2,14,Molise,Molise,305617,268867,87.98,0.62
164,2021-03-06,MOL,1728,807,921,1559,159,10,ITF,ITF2,14,Molise,Molise,305617,270595,88.54,0.57
165,2021-06-11,MOL,3445,1655,1790,1973,1429,43,ITF,ITF2,14,Molise,Molise,305617,274040,89.67,1.13
166,2021-04-15,MOL,1926,794,1132,1074,845,7,ITF,ITF2,14,Molise,Molise,305617,275966,90.3,0.63
167,2021-05-04,MOL,2705,1181,1524,2541,128,36,ITF,ITF2,14,Molise,Molise,305617,278671,91.18,0.89
168,2021-01-10,MOL,270,72,198,270,0,0,ITF,ITF2,14,Molise,Molise,305617,278941,91.27,0.09
169,2021-04-20,MOL,2322,1028,1294,1213,1100,9,ITF,ITF2,14,Molise,Molise,305617,281263,92.03,0.76
170,2021-06-09,MOL,1023,565,458,507,500,16,ITF,ITF2,14,Molise,Molise,305617,282286,92.37,0.33
171,2021-05-23,MOL,1703,866,837,1689,6,8,ITF,ITF2,14,Molise,Molise,305617,283989,92.92,0.56
172,2021-03-01,MOL,662,274,388,430,215,17,ITF,ITF2,14,Molise,Molise,305617,284651,93.14,0.22
173,2021-04-03,MOL,1773,851,922,1716,35,22,ITF,ITF2,14,Molise,Molise,305617,286424,93.72,0.58
174,2021-07-12,MOL,2665,1314,1351,353,2291,21,ITF,ITF2,14,Molise,Molise,305617,289089,94.59,0.87
175,2021-01-28,MOL,613,217,396,17,596,0,ITF,ITF2,14,Molise,Molise,305617,289702,94.79,0.2
176,2021-03-12,MOL,1459,637,822,1404,36,19,ITF,ITF2,14,Molise,Molise,305617,291161,95.27,0.48
177,2021-01-14,MOL,646,239,407,646,0,0,ITF,ITF2,14,Molise,Molise,305617,291807,95.48,0.21
178,2021-05-26,MOL,1549,698,851,769,754,26,ITF,ITF2,14,Molise,Molise,305617,293356,95.99,0.51
179,2021-03-30,MOL,2003,857,1146,1472,512,19,ITF,ITF2,14,Molise,Molise,305617,295359,96.64,0.66
180,2021-02-01,MOL,562,201,361,14,548,0,ITF,ITF2,14,Molise,Molise,305617,295921,96.83,0.18
181,2021-07-08,MOL,3421,1649,1772,107,3291,23,ITF,ITF2,14,Molise,Molise,305617,299342,97.95,1.12
182,2021-05-12,MOL,2852,1294,1558,2691,96,65,ITF,ITF2,14,Molise,Molise,305617,302194,98.88,0.93
183,2021-04-06,MOL,1494,701,793,1131,343,20,ITF,ITF2,14,Molise,Molise,305617,303688,99.37,0.49
184,2021-02-08,MOL,335,141,194,216,119,0,ITF,ITF2,14,Molise,Molise,305617,304023,99.48,0.11
185,2021-07-15,MOL,2888,1463,1425,195,2682,11,ITF,ITF2,14,Molise,Molise,305617,306911,100.42,0.94
186,2021-05-19,MOL,2342,1205,1137,1880,425,37,ITF,ITF2,14,Molise,Molise,305617,309253,101.19,0.77
187,2021-03-23,MOL,1642,694,948,1411,207,24,ITF,ITF2,14,Molise,Molise,305617,310895,101.73,0.54
188,2021-07-01,MOL,2659,1293,1366,269,2375,15,ITF,ITF2,14,Molise,Molise,305617,313554,102.6,0.87
189,2021-02-15,MOL,144,70,74,141,3,0,ITF,ITF2,14,Molise,Molise,305617,313698,102.64,0.05
190,2021-02-22,MOL,265,129,136,248,15,2,ITF,ITF2,14,Molise,Molise,305617,313963,102.73,0.09
191,2020-12-27,MOL,50,20,30,50,0,0,ITF,ITF2,14,Molise,Molise,305617,314013,102.75,0.02
192,2021-05-19,PIE,33135,15296,17839,21434,11121,580,ITC,ITC1,1,Piemonte,Piemonte,4356406,33135,0.76,0.76
193,2021-03-14,PIE,8201,3335,4866,5170,2896,135,ITC,ITC1,1,Piemonte,Piemonte,4356406,41336,0.95,0.19
194,2021-05-10,PIE,28949,13953,14996,15414,13107,428,ITC,ITC1,1,Piemonte,Piemonte,4356406,70285,1.61,0.66
195,2021-01-30,PIE,5980,2135,3845,216,5763,1,ITC,ITC1,1,Piemonte,Piemonte,4356406,76265,1.75,0.14
196,2021-06-24,PIE,39152,19642,19510,18872,20279,1,ITC,ITC1,1,Piemonte,Piemonte,4356406,115417,2.65,0.9
197,2021-03-16,PIE,10511,4269,6242,4369,6051,91,ITC,ITC1,1,Piemonte,Piemonte,4356406,125928,2.89,0.24
198,2021-05-12,PIE,31881,15183,16698,18369,12897,615,ITC,ITC1,1,Piemonte,Piemonte,4356406,157809,3.62,0.73
199,2021-07-06,PIE,38253,19375,18878,9178,29074,1,ITC,ITC1,1,Piemonte,Piemonte,4356406,196062,4.5,0.88
200,2021-03-28,PIE,16055,6897,9158,8113,7621,321,ITC,ITC1,1,Piemonte,Piemonte,4356406,212117,4.87,0.37
201,2021-04-11,PIE,20823,9319,11504,18221,2149,453,ITC,ITC1,1,Piemonte,Piemonte,4356406,232940,5.35,0.48
202,2021-01-04,PIE,5558,1676,3882,5557,0,1,ITC,ITC1,1,Piemonte,Piemonte,4356406,238498,5.47,0.13
203,2021-04-28,PIE,26025,11728,14297,15456,10032,537,ITC,ITC1,1,Piemonte,Piemonte,4356406,264523,6.07,0.6
204,2021-01-18,PIE,6164,2046,4118,5911,249,4,ITC,ITC1,1,Piemonte,Piemonte,4356406,270687,6.21,0.14
205,2021-03-23,PIE,13181,5556,7625,6635,6242,304,ITC,ITC1,1,Piemonte,Piemonte,4356406,283868,6.52,0.3
206,2021-01-16,PIE,7761,2624,5137,7754,0,7,ITC,ITC1,1,Piemonte,Piemonte,4356406,291629,6.69,0.18
207,2021-07-08,PIE,40830,20881,19949,7952,32860,18,ITC,ITC1,1,Piemonte,Piemonte,4356406,332459,7.63,0.94
208,2021-01-23,PIE,4254,1325,2929,876,3376,2,ITC,ITC1,1,Piemonte,Piemonte,4356406,336713,7.73,0.1
209,2021-07-15,PIE,42137,21818,20319,4215,37680,242,ITC,ITC1,1,Piemonte,Piemonte,4356406,378850,8.7,0.97
210,2021-04-23,PIE,27411,12593,14818,19965,6758,688,ITC,ITC1,1,Piemonte,Piemonte,4356406,406261,9.33,0.63
211,2021-02-11,PIE,6756,2105,4651,2979,3758,19,ITC,ITC1,1,Piemonte,Piemonte,4356406,413017,9.48,0.16
212,2021-04-09,PIE,25847,11384,14463,20792,4503,552,ITC,ITC1,1,Piemonte,Piemonte,4356406,438864,10.07,0.59
213,2020-12-30,PIE,730,322,408,730,0,0,ITC,ITC1,1,Piemonte,Piemonte,4356406,439594,10.09,0.02
214,2021-06-05,PIE,36931,18921,18010,32471,4456,4,ITC,ITC1,1,Piemonte,Piemonte,4356406,476525,10.94,0.85
215,2021-02-25,PIE,12207,5245,6962,11485,545,177,ITC,ITC1,1,Piemonte,Piemonte,4356406,488732,11.22,0.28
216,2021-05-24,PIE,28971,13417,15554,16631,11962,378,ITC,ITC1,1,Piemonte,Piemonte,4356406,517703,11.88,0.67
217,2021-03-02,PIE,11244,4547,6697,10244,815,185,ITC,ITC1,1,Piemonte,Piemonte,4356406,528947,12.14,0.26
218,2021-06-07,PIE,34888,17862,17026,30092,4792,4,ITC,ITC1,1,Piemonte,Piemonte,4356406,563835,12.94,0.8
219,2020-12-28,PIE,1,1,0,1,0,0,ITC,ITC1,1,Piemonte,Piemonte,4356406,563836,12.94,0.0
220,2021-06-19,PIE,40007,20299,19708,23359,16645,3,ITC,ITC1,1,Piemonte,Piemonte,4356406,603843,13.86,0.92
221,2021-02-04,PIE,10200,3339,6861,581,9617,2,ITC,ITC1,1,Piemonte,Piemonte,4356406,614043,14.1,0.23
222,2021-02-08,PIE,6914,2354,4560,661,6249,4,ITC,ITC1,1,Piemonte,Piemonte,4356406,620957,14.25,0.16
223,2021-03-21,PIE,10722,4739,5983,4023,6532,167,ITC,ITC1,1,Piemonte,Piemonte,4356406,631679,14.5,0.25
224,2021-05-05,PIE,32236,15143,17093,18546,13063,627,ITC,ITC1,1,Piemonte,Piemonte,4356406,663915,15.24,0.74
225,2021-07-01,PIE,41833,20939,20894,20716,21114,3,ITC,ITC1,1,Piemonte,Piemonte,4356406,705748,16.2,0.96
226,2021-05-17,PIE,30908,14600,16308,17479,13149,280,ITC,ITC1,1,Piemonte,Piemonte,4356406,736656,16.91,0.71
227,2021-02-06,PIE,7992,2665,5327,396,7594,2,ITC,ITC1,1,Piemonte,Piemonte,4356406,744648,17.09,0.18
228,2021-02-23,PIE,9232,3714,5518,8483,581,168,ITC,ITC1,1,Piemonte,Piemonte,4356406,753880,17.31,0.21
229,2021-05-31,PIE,29101,14054,15047,20139,8576,386,ITC,ITC1,1,Piemonte,Piemonte,4356406,782981,17.97,0.67
230,2021-06-17,PIE,41025,20595,20430,24711,16312,2,ITC,ITC1,1,Piemonte,Piemonte,4356406,824006,18.91,0.94
231,2021-03-09,PIE,14206,5651,8555,11642,2340,224,ITC,ITC1,1,Piemonte,Piemonte,4356406,838212,19.24,0.33
232,2021-06-26,PIE,41116,20918,20198,22607,18509,0,ITC,ITC1,1,Piemonte,Piemonte,4356406,879328,20.18,0.94
233,2021-07-13,PIE,38779,20013,18766,3853,34809,117,ITC,ITC1,1,Piemonte,Piemonte,4356406,918107,21.07,0.89
234,2021-04-04,PIE,9252,4057,5195,6393,2710,149,ITC,ITC1,1,Piemonte,Piemonte,4356406,927359,21.29,0.21
235,2021-04-21,PIE,25727,11825,13902,19778,5337,612,ITC,ITC1,1,Piemonte,Piemonte,4356406,953086,21.88,0.59
236,2021-01-11,PIE,8738,2978,5760,8732,0,6,ITC,ITC1,1,Piemonte,Piemonte,4356406,961824,22.08,0.2
237,2021-06-28,PIE,38381,19060,19321,15664,22715,2,ITC,ITC1,1,Piemonte,Piemonte,4356406,1000205,22.96,0.88
238,2021-04-06,PIE,20235,8808,11427,14590,5195,450,ITC,ITC1,1,Piemonte,Piemonte,4356406,1020440,23.42,0.46
239,2020-12-27,PIE,913,369,544,913,0,0,ITC,ITC1,1,Piemonte,Piemonte,4356406,1021353,23.44,0.02
240,2021-04-02,PIE,20128,8310,11818,11313,8421,394,ITC,ITC1,1,Piemonte,Piemonte,4356406,1041481,23.91,0.46
241,2021-05-29,PIE,32794,15225,17569,20266,12165,363,ITC,ITC1,1,Piemonte,Piemonte,4356406,1074275,24.66,0.75
242,2021-02-18,PIE,4788,2094,2694,4273,430,85,ITC,ITC1,1,Piemonte,Piemonte,4356406,1079063,24.77,0.11
243,2021-04-16,PIE,28391,13206,15185,22654,4990,747,ITC,ITC1,1,Piemonte,Piemonte,4356406,1107454,25.42,0.65
244,2021-04-30,PIE,31826,14317,17509,17838,13326,662,ITC,ITC1,1,Piemonte,Piemonte,4356406,1139280,26.15,0.73
245,2021-06-02,PIE,26529,12997,13532,22062,4467,0,ITC,ITC1,1,Piemonte,Piemonte,4356406,1165809,26.76,0.61
246,2021-02-22,PIE,8477,3468,5009,7786,590,101,ITC,ITC1,1,Piemonte,Piemonte,4356406,1174286,26.96,0.19
247,2021-03-11,PIE,13897,5204,8693,10562,3096,239,ITC,ITC1,1,Piemonte,Piemonte,4356406,1188183,27.27,0.32
248,2021-05-02,PIE,25080,11268,13812,13956,10742,382,ITC,ITC1,1,Piemonte,Piemonte,4356406,1213263,27.85,0.58
249,2021-02-27,PIE,12673,4845,7828,12103,344,226,ITC,ITC1,1,Piemonte,Piemonte,4356406,1225936,28.14,0.29
250,2021-06-12,PIE,42548,22431,20117,39919,2629,0,ITC,ITC1,1,Piemonte,Piemonte,4356406,1268484,29.12,0.98
251,2021-07-12,PIE,39088,20161,18927,4873,34121,94,ITC,ITC1,1,Piemonte,Piemonte,4356406,1307572,30.01,0.9
252,2021-04-20,PIE,25478,11666,13812,18531,6341,606,ITC,ITC1,1,Piemonte,Piemonte,4356406,1333050,30.6,0.58
253,2021-05-07,PIE,33064,15636,17428,18555,14119,390,ITC,ITC1,1,Piemonte,Piemonte,4356406,1366114,31.36,0.76
254,2021-01-27,PIE,4193,1451,2742,994,3197,2,ITC,ITC1,1,Piemonte,Piemonte,4356406,1370307,31.45,0.1
255,2021-02-13,PIE,4153,1335,2818,2917,1222,14,ITC,ITC1,1,Piemonte,Piemonte,4356406,1374460,31.55,0.1
256,2021-05-21,PIE,36067,16740,19327,19930,15636,501,ITC,ITC1,1,Piemonte,Piemonte,4356406,1410527,32.38,0.83
257,2021-02-01,PIE,8656,3052,5604,575,8080,1,ITC,ITC1,1,Piemonte,Piemonte,4356406,1419183,32.58,0.2
258,2021-05-14,PIE,33404,16272,17132,17327,15419,658,ITC,ITC1,1,Piemonte,Piemonte,4356406,1452587,33.34,0.77
259,2021-07-03,PIE,40043,20105,19938,16013,24028,2,ITC,ITC1,1,Piemonte,Piemonte,4356406,1492630,34.26,0.92
260,2021-03-30,PIE,16979,7110,9869,8726,7870,383,ITC,ITC1,1,Piemonte,Piemonte,4356406,1509609,34.65,0.39
261,2021-07-10,PIE,41110,20828,20282,7181,33884,45,ITC,ITC1,1,Piemonte,Piemonte,4356406,1550719,35.6,0.94
262,2021-04-01,PIE,19371,8108,11263,10945,8120,306,ITC,ITC1,1,Piemonte,Piemonte,4356406,1570090,36.04,0.44
263,2021-05-28,PIE,35036,16600,18436,18666,15980,390,ITC,ITC1,1,Piemonte,Piemonte,4356406,1605126,36.85,0.8
264,2021-06-09,PIE,38575,20334,18241,35856,2713,6,ITC,ITC1,1,Piemonte,Piemonte,4356406,1643701,37.73,0.89
265,2021-03-18,PIE,11756,4804,6952,3836,7730,190,ITC,ITC1,1,Piemonte,Piemonte,4356406,1655457,38.0,0.27
266,2021-03-25,PIE,17125,7266,9859,8055,8635,435,ITC,ITC1,1,Piemonte,Piemonte,4356406,1672582,38.39,0.39
267,2021-04-13,PIE,25932,11610,14322,21896,3457,579,ITC,ITC1,1,Piemonte,Piemonte,4356406,1698514,38.99,0.6
268,2021-01-20,PIE,6600,2084,4516,5875,718,7,ITC,ITC1,1,Piemonte,Piemonte,4356406,1705114,39.14,0.15
269,2021-02-03,PIE,10200,3305,6895,606,9592,2,ITC,ITC1,1,Piemonte,Piemonte,4356406,1715314,39.37,0.23
270,2021-01-01,PIE,1038,395,643,1037,0,1,ITC,ITC1,1,Piemonte,Piemonte,4356406,1716352,39.4,0.02
271,2021-07-05,PIE,35555,17786,17769,12353,23201,1,ITC,ITC1,1,Piemonte,Piemonte,4356406,1751907,40.21,0.82
272,2021-02-20,PIE,3831,1253,2578,3559,173,99,ITC,ITC1,1,Piemonte,Piemonte,4356406,1755738,40.3,0.09
273,2021-01-13,PIE,10072,3225,6847,10063,0,9,ITC,ITC1,1,Piemonte,Piemonte,4356406,1765810,40.53,0.23
274,2021-06-16,PIE,40336,20218,20118,24088,16246,2,ITC,ITC1,1,Piemonte,Piemonte,4356406,1806146,41.46,0.93
275,2021-01-06,PIE,3107,1103,2004,3106,0,1,ITC,ITC1,1,Piemonte,Piemonte,4356406,1809253,41.53,0.07
276,2021-06-23,PIE,39662,19688,19974,16837,22825,0,ITC,ITC1,1,Piemonte,Piemonte,4356406,1848915,42.44,0.91
277,2021-05-09,PIE,27142,12928,14214,13145,13618,379,ITC,ITC1,1,Piemonte,Piemonte,4356406,1876057,43.06,0.62
278,2021-05-26,PIE,32740,15098,17642,15315,17077,348,ITC,ITC1,1,Piemonte,Piemonte,4356406,1908797,43.82,0.75
279,2021-02-15,PIE,4425,1597,2828,3196,1205,24,ITC,ITC1,1,Piemonte,Piemonte,4356406,1913222,43.92,0.1
280,2021-03-04,PIE,14631,5859,8772,11474,2939,218,ITC,ITC1,1,Piemonte,Piemonte,4356406,1927853,44.25,0.34
281,2021-03-03,PIE,12257,4771,7486,11251,818,188,ITC,ITC1,1,Piemonte,Piemonte,4356406,1940110,44.53,0.28
282,2021-03-20,PIE,11915,4896,7019,5776,5896,243,ITC,ITC1,1,Piemonte,Piemonte,4356406,1952025,44.81,0.27
283,2021-06-25,PIE,45344,22579,22765,20826,24515,3,ITC,ITC1,1,Piemonte,Piemonte,4356406,1997369,45.85,1.04
284,2021-04-03,PIE,19443,8179,11264,10597,8543,303,ITC,ITC1,1,Piemonte,Piemonte,4356406,2016812,46.3,0.45
285,2021-01-10,PIE,5205,2272,2933,5203,0,2,ITC,ITC1,1,Piemonte,Piemonte,4356406,2022017,46.41,0.12
286,2021-07-14,PIE,38871,20007,18864,3824,34892,155,ITC,ITC1,1,Piemonte,Piemonte,4356406,2060888,47.31,0.89
287,2021-04-22,PIE,27654,12735,14919,20190,6687,777,ITC,ITC1,1,Piemonte,Piemonte,4356406,2088542,47.94,0.63
288,2021-01-12,PIE,10077,3411,6666,10070,0,7,ITC,ITC1,1,Piemonte,Piemonte,4356406,2098619,48.17,0.23
289,2021-01-29,PIE,5937,1883,4054,452,5485,0,ITC,ITC1,1,Piemonte,Piemonte,4356406,2104556,48.31,0.14
290,2021-02-28,PIE,10807,4057,6750,10394,240,173,ITC,ITC1,1,Piemonte,Piemonte,4356406,2115363,48.56,0.25
291,2021-03-17,PIE,12512,5054,7458,5041,7291,180,ITC,ITC1,1,Piemonte,Piemonte,4356406,2127875,48.84,0.29
292,2021-04-17,PIE,30442,14145,16297,26448,3306,688,ITC,ITC1,1,Piemonte,Piemonte,4356406,2158317,49.54,0.7
293,2021-06-13,PIE,37877,19994,17883,33747,4129,1,ITC,ITC1,1,Piemonte,Piemonte,4356406,2196194,50.41,0.87
294,2021-02-10,PIE,7528,2368,5160,1298,6215,15,ITC,ITC1,1,Piemonte,Piemonte,4356406,2203722,50.59,0.17
295,2021-04-08,PIE,25151,10944,14207,19882,4723,546,ITC,ITC1,1,Piemonte,Piemonte,4356406,2228873,51.16,0.58
296,2021-04-10,PIE,30149,13403,16746,25253,4263,633,ITC,ITC1,1,Piemonte,Piemonte,4356406,2259022,51.86,0.69
297,2021-04-15,PIE,29521,13528,15993,23389,5476,656,ITC,ITC1,1,Piemonte,Piemonte,4356406,2288543,52.53,0.68
298,2021-01-05,PIE,5373,1600,3773,5369,0,4,ITC,ITC1,1,Piemonte,Piemonte,4356406,2293916,52.66,0.12
299,2021-06-22,PIE,40512,20003,20509,18290,22220,2,ITC,ITC1,1,Piemonte,Piemonte,4356406,2334428,53.59,0.93
300,2021-01-07,PIE,5367,1729,3638,5365,0,2,ITC,ITC1,1,Piemonte,Piemonte,4356406,2339795,53.71,0.12
301,2021-04-29,PIE,48415,21941,26474,34648,12612,1155,ITC,ITC1,1,Piemonte,Piemonte,4356406,2388210,54.82,1.11
302,2021-05-16,PIE,28126,12767,15359,14702,13055,369,ITC,ITC1,1,Piemonte,Piemonte,4356406,2416336,55.47,0.65
303,2021-02-05,PIE,9597,3135,6462,653,8942,2,ITC,ITC1,1,Piemonte,Piemonte,4356406,2425933,55.69,0.22
304,2021-05-18,PIE,32115,14826,17289,19025,12657,433,ITC,ITC1,1,Piemonte,Piemonte,4356406,2458048,56.42,0.74
305,2021-01-03,PIE,3059,965,2094,3057,0,2,ITC,ITC1,1,Piemonte,Piemonte,4356406,2461107,56.49,0.07
306,2021-07-07,PIE,37896,18841,19055,10196,27680,20,ITC,ITC1,1,Piemonte,Piemonte,4356406,2499003,57.36,0.87
307,2021-03-29,PIE,15242,6469,8773,8375,6610,257,ITC,ITC1,1,Piemonte,Piemonte,4356406,2514245,57.71,0.35
308,2021-04-12,PIE,22924,10356,12568,19502,2985,437,ITC,ITC1,1,Piemonte,Piemonte,4356406,2537169,58.24,0.53
309,2021-01-02,PIE,3539,1132,2407,3538,0,1,ITC,ITC1,1,Piemonte,Piemonte,4356406,2540708,58.32,0.08
310,2021-01-25,PIE,6211,1937,4274,976,5233,2,ITC,ITC1,1,Piemonte,Piemonte,4356406,2546919,58.46,0.14
311,2021-05-30,PIE,27700,13183,14517,18008,9324,368,ITC,ITC1,1,Piemonte,Piemonte,4356406,2574619,59.1,0.64
312,2021-02-19,PIE,5531,2174,3357,4911,501,119,ITC,ITC1,1,Piemonte,Piemonte,4356406,2580150,59.23,0.13
313,2021-06-04,PIE,37531,19626,17905,34579,2949,3,ITC,ITC1,1,Piemonte,Piemonte,4356406,2617681,60.09,0.86
314,2021-02-24,PIE,11373,4602,6771,10731,504,138,ITC,ITC1,1,Piemonte,Piemonte,4356406,2629054,60.35,0.26
315,2021-03-05,PIE,15550,6225,9325,11466,3816,268,ITC,ITC1,1,Piemonte,Piemonte,4356406,2644604,60.71,0.36
316,2021-06-15,PIE,38874,20022,18852,27104,11766,4,ITC,ITC1,1,Piemonte,Piemonte,4356406,2683478,61.6,0.89
317,2021-03-07,PIE,11977,4664,7313,10859,878,240,ITC,ITC1,1,Piemonte,Piemonte,4356406,2695455,61.87,0.27
318,2020-12-31,PIE,3878,1320,2558,3878,0,0,ITC,ITC1,1,Piemonte,Piemonte,4356406,2699333,61.96,0.09
319,2021-03-08,PIE,14130,5462,8668,11191,2711,228,ITC,ITC1,1,Piemonte,Piemonte,4356406,2713463,62.29,0.32
320,2021-05-04,PIE,28573,13137,15436,15886,12175,512,ITC,ITC1,1,Piemonte,Piemonte,4356406,2742036,62.94,0.66
321,2021-01-24,PIE,3153,959,2194,432,2719,2,ITC,ITC1,1,Piemonte,Piemonte,4356406,2745189,63.01,0.07
322,2021-06-30,PIE,41197,20150,21047,19270,21921,6,ITC,ITC1,1,Piemonte,Piemonte,4356406,2786386,63.96,0.95
323,2021-03-22,PIE,11523,4891,6632,3717,7599,207,ITC,ITC1,1,Piemonte,Piemonte,4356406,2797909,64.23,0.26
324,2021-04-27,PIE,22609,10218,12391,16838,5142,629,ITC,ITC1,1,Piemonte,Piemonte,4356406,2820518,64.74,0.52
325,2021-01-17,PIE,3515,1168,2347,2864,649,2,ITC,ITC1,1,Piemonte,Piemonte,4356406,2824033,64.82,0.08
326,2021-03-15,PIE,10680,4193,6487,4918,5611,151,ITC,ITC1,1,Piemonte,Piemonte,4356406,2834713,65.07,0.25
327,2021-05-11,PIE,32045,15444,16601,18197,13215,633,ITC,ITC1,1,Piemonte,Piemonte,4356406,2866758,65.81,0.74
328,2021-01-31,PIE,4114,1754,2360,111,4003,0,ITC,ITC1,1,Piemonte,Piemonte,4356406,2870872,65.9,0.09
329,2021-06-10,PIE,40346,21083,19263,37771,2570,5,ITC,ITC1,1,Piemonte,Piemonte,4356406,2911218,66.83,0.93
330,2021-06-27,PIE,37421,18561,18860,15684,21734,3,ITC,ITC1,1,Piemonte,Piemonte,4356406,2948639,67.69,0.86
331,2021-03-19,PIE,11024,4517,6507,4216,6602,206,ITC,ITC1,1,Piemonte,Piemonte,4356406,2959663,67.94,0.25
332,2021-04-05,PIE,14742,6232,8510,11941,2550,251,ITC,ITC1,1,Piemonte,Piemonte,4356406,2974405,68.28,0.34
333,2021-06-29,PIE,40456,20214,20242,19809,20646,1,ITC,ITC1,1,Piemonte,Piemonte,4356406,3014861,69.21,0.93
334,2021-06-06,PIE,35075,18326,16749,32587,2487,1,ITC,ITC1,1,Piemonte,Piemonte,4356406,3049936,70.01,0.81
335,2021-02-17,PIE,4790,2156,2634,3742,990,58,ITC,ITC1,1,Piemonte,Piemonte,4356406,3054726,70.12,0.11
336,2021-06-08,PIE,37647,19496,18151,34810,2837,0,ITC,ITC1,1,Piemonte,Piemonte,4356406,3092373,70.98,0.86
337,2021-04-26,PIE,19799,8751,11048,14910,4397,492,ITC,ITC1,1,Piemonte,Piemonte,4356406,3112172,71.44,0.45
338,2021-05-03,PIE,26681,12207,14474,12039,14207,435,ITC,ITC1,1,Piemonte,Piemonte,4356406,3138853,72.05,0.61
339,2021-02-26,PIE,12284,4928,7356,11344,736,204,ITC,ITC1,1,Piemonte,Piemonte,4356406,3151137,72.33,0.28
340,2021-04-24,PIE,27495,12430,15065,21288,5657,550,ITC,ITC1,1,Piemonte,Piemonte,4356406,3178632,72.96,0.63
341,2021-01-14,PIE,9754,3146,6608,9747,0,7,ITC,ITC1,1,Piemonte,Piemonte,4356406,3188386,73.19,0.22
342,2021-06-18,PIE,40522,20240,20282,26369,14153,0,ITC,ITC1,1,Piemonte,Piemonte,4356406,3228908,74.12,0.93
343,2021-03-10,PIE,13812,5338,8474,11271,2292,249,ITC,ITC1,1,Piemonte,Piemonte,4356406,3242720,74.44,0.32
344,2021-03-27,PIE,18384,7822,10562,9131,8822,431,ITC,ITC1,1,Piemonte,Piemonte,4356406,3261104,74.86,0.42
345,2021-05-06,PIE,33433,15777,17656,19318,13522,593,ITC,ITC1,1,Piemonte,Piemonte,4356406,3294537,75.63,0.77
346,2021-05-23,PIE,28720,13140,15580,15464,12948,308,ITC,ITC1,1,Piemonte,Piemonte,4356406,3323257,76.28,0.66
347,2021-02-12,PIE,6883,2212,4671,3899,2961,23,ITC,ITC1,1,Piemonte,Piemonte,4356406,3330140,76.44,0.16
348,2021-03-01,PIE,12110,4910,7200,11133,808,169,ITC,ITC1,1,Piemonte,Piemonte,4356406,3342250,76.72,0.28
349,2021-05-25,PIE,31140,14447,16693,15614,15141,385,ITC,ITC1,1,Piemonte,Piemonte,4356406,3373390,77.44,0.71
350,2021-06-11,PIE,43514,23033,20481,40674,2834,6,ITC,ITC1,1,Piemonte,Piemonte,4356406,3416904,78.43,1.0
351,2021-02-07,PIE,3083,971,2112,440,2642,1,ITC,ITC1,1,Piemonte,Piemonte,4356406,3419987,78.5,0.07
352,2021-07-11,PIE,33094,16874,16220,4817,28274,3,ITC,ITC1,1,Piemonte,Piemonte,4356406,3453081,79.26,0.76
353,2021-05-01,PIE,28521,12988,15533,16297,11788,436,ITC,ITC1,1,Piemonte,Piemonte,4356406,3481602,79.92,0.65
354,2021-01-21,PIE,6868,2311,4557,3366,3496,6,ITC,ITC1,1,Piemonte,Piemonte,4356406,3488470,80.08,0.16
355,2021-05-15,PIE,33766,15739,18027,19402,13714,650,ITC,ITC1,1,Piemonte,Piemonte,4356406,3522236,80.85,0.78
356,2021-06-01,PIE,29281,14689,14592,24856,4424,1,ITC,ITC1,1,Piemonte,Piemonte,4356406,3551517,81.52,0.67
357,2021-02-21,PIE,5088,2083,3005,4936,102,50,ITC,ITC1,1,Piemonte,Piemonte,4356406,3556605,81.64,0.12
358,2021-04-19,PIE,22537,10760,11777,17640,4349,548,ITC,ITC1,1,Piemonte,Piemonte,4356406,3579142,82.16,0.52
359,2021-01-09,PIE,6177,2182,3995,6176,0,1,ITC,ITC1,1,Piemonte,Piemonte,4356406,3585319,82.3,0.14
360,2021-01-26,PIE,6331,1880,4451,731,5599,1,ITC,ITC1,1,Piemonte,Piemonte,4356406,3591650,82.45,0.15
361,2021-05-22,PIE,33467,15107,18360,16857,16215,395,ITC,ITC1,1,Piemonte,Piemonte,4356406,3625117,83.21,0.77
362,2021-06-20,PIE,33998,17029,16969,19270,14725,3,ITC,ITC1,1,Piemonte,Piemonte,4356406,3659115,83.99,0.78
363,2021-03-12,PIE,14097,5326,8771,10886,2935,276,ITC,ITC1,1,Piemonte,Piemonte,4356406,3673212,84.32,0.32
364,2021-07-04,PIE,33720,16994,16726,11820,21899,1,ITC,ITC1,1,Piemonte,Piemonte,4356406,3706932,85.09,0.77
365,2021-03-26,PIE,17881,7103,10778,8478,8882,521,ITC,ITC1,1,Piemonte,Piemonte,4356406,3724813,85.5,0.41
366,2021-01-19,PIE,6452,2102,4350,6434,9,9,ITC,ITC1,1,Piemonte,Piemonte,4356406,3731265,85.65,0.15
367,2021-04-14,PIE,27673,12546,15127,22459,4519,695,ITC,ITC1,1,Piemonte,Piemonte,4356406,3758938,86.29,0.64
368,2021-06-03,PIE,34610,17881,16729,30200,4406,4,ITC,ITC1,1,Piemonte,Piemonte,4356406,3793548,87.08,0.79
369,2021-05-08,PIE,34262,16260,18002,18120,15633,509,ITC,ITC1,1,Piemonte,Piemonte,4356406,3827810,87.87,0.79
370,2021-01-28,PIE,5587,1808,3779,380,5207,0,ITC,ITC1,1,Piemonte,Piemonte,4356406,3833397,87.99,0.13
371,2021-02-14,PIE,1476,498,978,869,600,7,ITC,ITC1,1,Piemonte,Piemonte,4356406,3834873,88.03,0.03
372,2021-04-25,PIE,20232,9308,10924,17282,2501,449,ITC,ITC1,1,Piemonte,Piemonte,4356406,3855105,88.49,0.46
373,2021-01-15,PIE,9100,3006,6094,9094,0,6,ITC,ITC1,1,Piemonte,Piemonte,4356406,3864205,88.7,0.21
374,2021-06-21,PIE,38326,19125,19201,17633,20692,1,ITC,ITC1,1,Piemonte,Piemonte,4356406,3902531,89.58,0.88
375,2021-03-13,PIE,13023,4714,8309,11324,1432,267,ITC,ITC1,1,Piemonte,Piemonte,4356406,3915554,89.88,0.3
376,2021-04-18,PIE,22927,10797,12130,19624,2747,556,ITC,ITC1,1,Piemonte,Piemonte,4356406,3938481,90.41,0.53
377,2021-01-08,PIE,5523,1758,3765,5521,0,2,ITC,ITC1,1,Piemonte,Piemonte,4356406,3944004,90.53,0.13
378,2021-06-14,PIE,37921,19540,18381,30825,7093,3,ITC,ITC1,1,Piemonte,Piemonte,4356406,3981925,91.4,0.87
379,2021-03-06,PIE,13996,5217,8779,11036,2788,172,ITC,ITC1,1,Piemonte,Piemonte,4356406,3995921,91.73,0.32
380,2021-01-22,PIE,3865,1249,2616,2523,1340,2,ITC,ITC1,1,Piemonte,Piemonte,4356406,3999786,91.81,0.09
381,2021-07-02,PIE,43559,21909,21650,18092,25463,4,ITC,ITC1,1,Piemonte,Piemonte,4356406,4043345,92.81,1.0
382,2021-05-13,PIE,35660,17516,18144,19852,15112,696,ITC,ITC1,1,Piemonte,Piemonte,4356406,4079005,93.63,0.82
383,2021-02-02,PIE,10251,3513,6738,805,9445,1,ITC,ITC1,1,Piemonte,Piemonte,4356406,4089256,93.87,0.24
384,2021-07-09,PIE,40323,20565,19758,6191,34074,58,ITC,ITC1,1,Piemonte,Piemonte,4356406,4129579,94.79,0.93
385,2021-03-31,PIE,19125,8120,11005,10100,8690,335,ITC,ITC1,1,Piemonte,Piemonte,4356406,4148704,95.23,0.44
386,2021-05-27,PIE,37379,17382,19997,18814,18134,431,ITC,ITC1,1,Piemonte,Piemonte,4356406,4186083,96.09,0.86
387,2021-02-16,PIE,3964,1754,2210,3158,758,48,ITC,ITC1,1,Piemonte,Piemonte,4356406,4190047,96.18,0.09
388,2021-03-24,PIE,15552,6391,9161,6104,9120,328,ITC,ITC1,1,Piemonte,Piemonte,4356406,4205599,96.54,0.36
389,2021-05-20,PIE,38609,17935,20674,13319,24938,352,ITC,ITC1,1,Piemonte,Piemonte,4356406,4244208,97.42,0.89
390,2021-02-09,PIE,7385,2312,5073,714,6669,2,ITC,ITC1,1,Piemonte,Piemonte,4356406,4251593,97.59,0.17
391,2021-07-16,PIE,21190,11153,10037,1514,19582,94,ITC,ITC1,1,Piemonte,Piemonte,4356406,4272783,98.08,0.49
392,2021-04-07,PIE,23589,9986,13603,17617,5458,514,ITC,ITC1,1,Piemonte,Piemonte,4356406,4296372,98.62,0.54
393,2021-02-13,SIC,2977,1123,1854,2686,255,36,ITG,ITG1,19,Sicilia,Sicilia,4999891,2977,0.06,0.06
394,2021-05-24,SIC,35871,17435,18436,15592,20047,232,ITG,ITG1,19,Sicilia,Sicilia,4999891,38848,0.78,0.72
395,2021-05-17,SIC,31904,15394,16510,19003,12616,285,ITG,ITG1,19,Sicilia,Sicilia,4999891,70752,1.42,0.64
396,2021-03-21,SIC,15217,7340,7877,11181,3969,67,ITG,ITG1,19,Sicilia,Sicilia,4999891,85969,1.72,0.3
397,2021-02-06,SIC,4700,2099,2601,1445,3234,21,ITG,ITG1,19,Sicilia,Sicilia,4999891,90669,1.81,0.09
398,2021-02-25,SIC,9940,5204,4736,8691,1164,85,ITG,ITG1,19,Sicilia,Sicilia,4999891,100609,2.01,0.2
399,2021-06-05,SIC,59922,28504,31418,48734,10569,619,ITG,ITG1,19,Sicilia,Sicilia,4999891,160531,3.21,1.2
400,2021-03-14,SIC,8773,3927,4846,4886,3836,51,ITG,ITG1,19,Sicilia,Sicilia,4999891,169304,3.39,0.18
401,2021-02-11,SIC,5238,2059,3179,4656,463,119,ITG,ITG1,19,Sicilia,Sicilia,4999891,174542,3.49,0.1
402,2021-01-30,SIC,7695,3536,4159,164,7529,2,ITG,ITG1,19,Sicilia,Sicilia,4999891,182237,3.64,0.15
403,2021-03-28,SIC,10981,5148,5833,6909,4012,60,ITG,ITG1,19,Sicilia,Sicilia,4999891,193218,3.86,0.22
404,2021-07-15,SIC,48504,22532,25972,8035,40211,258,ITG,ITG1,19,Sicilia,Sicilia,4999891,241722,4.83,0.97
405,2021-04-04,SIC,6805,3322,3483,5451,1292,62,ITG,ITG1,19,Sicilia,Sicilia,4999891,248527,4.97,0.14
406,2021-07-13,SIC,46130,21202,24928,6899,39017,214,ITG,ITG1,19,Sicilia,Sicilia,4999891,294657,5.89,0.92
407,2021-04-11,SIC,15368,7591,7777,8234,7031,103,ITG,ITG1,19,Sicilia,Sicilia,4999891,310025,6.2,0.31
408,2020-12-30,SIC,184,109,75,183,0,1,ITG,ITG1,19,Sicilia,Sicilia,4999891,310209,6.2,0.0
409,2021-01-16,SIC,2716,1211,1505,2695,0,21,ITG,ITG1,19,Sicilia,Sicilia,4999891,312925,6.26,0.05
410,2021-07-01,SIC,30951,14061,16890,10720,19976,255,ITG,ITG1,19,Sicilia,Sicilia,4999891,343876,6.88,0.62
411,2021-04-09,SIC,20270,9876,10394,10947,9076,247,ITG,ITG1,19,Sicilia,Sicilia,4999891,364146,7.28,0.41
412,2021-03-23,SIC,20938,10078,10860,15224,5562,152,ITG,ITG1,19,Sicilia,Sicilia,4999891,385084,7.7,0.42
413,2021-03-02,SIC,14748,6367,8381,11861,2774,113,ITG,ITG1,19,Sicilia,Sicilia,4999891,399832,8.0,0.29
414,2021-01-04,SIC,8427,4210,4217,8382,0,45,ITG,ITG1,19,Sicilia,Sicilia,4999891,408259,8.17,0.17
415,2021-01-18,SIC,1595,653,942,1430,154,11,ITG,ITG1,19,Sicilia,Sicilia,4999891,409854,8.2,0.03
416,2021-04-28,SIC,29262,13714,15548,19735,9145,382,ITG,ITG1,19,Sicilia,Sicilia,4999891,439116,8.78,0.59
417,2021-05-31,SIC,38091,17148,20943,21281,16513,297,ITG,ITG1,19,Sicilia,Sicilia,4999891,477207,9.54,0.76
418,2021-06-19,SIC,44258,21041,23217,18748,25193,317,ITG,ITG1,19,Sicilia,Sicilia,4999891,521465,10.43,0.89
419,2021-04-23,SIC,28565,13695,14870,22367,5835,363,ITG,ITG1,19,Sicilia,Sicilia,4999891,550030,11.0,0.57
420,2021-06-26,SIC,37246,17772,19474,16357,20591,298,ITG,ITG1,19,Sicilia,Sicilia,4999891,587276,11.75,0.74
421,2021-04-30,SIC,35014,16342,18672,23538,11030,446,ITG,ITG1,19,Sicilia,Sicilia,4999891,622290,12.45,0.7
422,2021-06-24,SIC,42266,19624,22642,17569,24344,353,ITG,ITG1,19,Sicilia,Sicilia,4999891,664556,13.29,0.85
423,2021-06-07,SIC,49676,23409,26267,41112,8034,530,ITG,ITG1,19,Sicilia,Sicilia,4999891,714232,14.28,0.99
424,2021-01-25,SIC,7427,3676,3751,281,7139,7,ITG,ITG1,19,Sicilia,Sicilia,4999891,721659,14.43,0.15
425,2021-05-05,SIC,26301,12189,14112,16250,9627,424,ITG,ITG1,19,Sicilia,Sicilia,4999891,747960,14.96,0.53
426,2021-05-19,SIC,42854,20758,22096,28185,14303,366,ITG,ITG1,19,Sicilia,Sicilia,4999891,790814,15.82,0.86
427,2021-02-04,SIC,6750,3075,3675,1423,5298,29,ITG,ITG1,19,Sicilia,Sicilia,4999891,797564,15.95,0.14
428,2021-01-01,SIC,819,438,381,815,0,4,ITG,ITG1,19,Sicilia,Sicilia,4999891,798383,15.97,0.02
429,2021-04-20,SIC,18994,9003,9991,13456,5247,291,ITG,ITG1,19,Sicilia,Sicilia,4999891,817377,16.35,0.38
430,2021-06-04,SIC,57883,26764,31119,45441,11944,498,ITG,ITG1,19,Sicilia,Sicilia,4999891,875260,17.51,1.16
431,2021-04-06,SIC,17744,8478,9266,13263,4283,198,ITG,ITG1,19,Sicilia,Sicilia,4999891,893004,17.86,0.35
432,2021-04-16,SIC,28849,14491,14358,20252,8293,304,ITG,ITG1,19,Sicilia,Sicilia,4999891,921853,18.44,0.58
433,2021-01-23,SIC,4437,2284,2153,193,4234,10,ITG,ITG1,19,Sicilia,Sicilia,4999891,926290,18.53,0.09
434,2021-01-06,SIC,6241,3285,2956,6181,0,60,ITG,ITG1,19,Sicilia,Sicilia,4999891,932531,18.65,0.12
435,2021-04-02,SIC,13879,6547,7332,9041,4734,104,ITG,ITG1,19,Sicilia,Sicilia,4999891,946410,18.93,0.28
436,2021-02-10,SIC,4355,1776,2579,3889,382,84,ITG,ITG1,19,Sicilia,Sicilia,4999891,950765,19.02,0.09
437,2021-05-21,SIC,48663,23056,25607,26652,21589,422,ITG,ITG1,19,Sicilia,Sicilia,4999891,999428,19.99,0.97
438,2020-12-28,SIC,216,130,86,215,0,1,ITG,ITG1,19,Sicilia,Sicilia,4999891,999644,19.99,0.0
439,2021-06-16,SIC,40386,18782,21604,21232,18802,352,ITG,ITG1,19,Sicilia,Sicilia,4999891,1040030,20.8,0.81
440,2021-03-25,SIC,20452,9526,10926,14740,5543,169,ITG,ITG1,19,Sicilia,Sicilia,4999891,1060482,21.21,0.41
441,2021-02-23,SIC,8745,4634,4111,8198,466,81,ITG,ITG1,19,Sicilia,Sicilia,4999891,1069227,21.39,0.17
442,2021-03-09,SIC,13154,5763,7391,10829,2201,124,ITG,ITG1,19,Sicilia,Sicilia,4999891,1082381,21.65,0.26
443,2021-01-11,SIC,5829,2573,3256,5771,0,58,ITG,ITG1,19,Sicilia,Sicilia,4999891,1088210,21.76,0.12
444,2021-03-16,SIC,9619,4321,5298,3556,5996,67,ITG,ITG1,19,Sicilia,Sicilia,4999891,1097829,21.96,0.19
445,2021-07-08,SIC,38319,17462,20857,6511,31591,217,ITG,ITG1,19,Sicilia,Sicilia,4999891,1136148,22.72,0.77
446,2021-02-27,SIC,12234,5500,6734,10935,1204,95,ITG,ITG1,19,Sicilia,Sicilia,4999891,1148382,22.97,0.24
447,2021-07-12,SIC,48967,22578,26389,6466,42306,195,ITG,ITG1,19,Sicilia,Sicilia,4999891,1197349,23.95,0.98
448,2021-02-08,SIC,3884,1680,2204,2080,1755,49,ITG,ITG1,19,Sicilia,Sicilia,4999891,1201233,24.03,0.08
449,2021-03-04,SIC,15227,6687,8540,10986,4117,124,ITG,ITG1,19,Sicilia,Sicilia,4999891,1216460,24.33,0.3
450,2021-06-12,SIC,45782,22393,23389,39365,5890,527,ITG,ITG1,19,Sicilia,Sicilia,4999891,1262242,25.25,0.92
451,2021-05-07,SIC,36560,17261,19299,24627,11614,319,ITG,ITG1,19,Sicilia,Sicilia,4999891,1298802,25.98,0.73
452,2021-03-11,SIC,15434,6700,8734,12878,2418,138,ITG,ITG1,19,Sicilia,Sicilia,4999891,1314236,26.29,0.31
453,2021-01-27,SIC,7287,3712,3575,176,7110,1,ITG,ITG1,19,Sicilia,Sicilia,4999891,1321523,26.43,0.15
454,2021-01-13,SIC,5175,2437,2738,5141,0,34,ITG,ITG1,19,Sicilia,Sicilia,4999891,1326698,26.53,0.1
455,2021-02-18,SIC,5333,3140,2193,4838,430,65,ITG,ITG1,19,Sicilia,Sicilia,4999891,1332031,26.64,0.11
456,2021-05-12,SIC,36831,17365,19466,21389,14913,529,ITG,ITG1,19,Sicilia,Sicilia,4999891,1368862,27.38,0.74
457,2021-04-08,SIC,17550,8643,8907,8497,8902,151,ITG,ITG1,19,Sicilia,Sicilia,4999891,1386412,27.73,0.35
458,2021-02-15,SIC,3730,1733,1997,3092,564,74,ITG,ITG1,19,Sicilia,Sicilia,4999891,1390142,27.8,0.07
459,2021-05-26,SIC,44646,20997,23649,23854,20448,344,ITG,ITG1,19,Sicilia,Sicilia,4999891,1434788,28.7,0.89
460,2021-01-03,SIC,4788,2500,2288,4758,0,30,ITG,ITG1,19,Sicilia,Sicilia,4999891,1439576,28.79,0.1
461,2021-04-13,SIC,20235,9862,10373,11241,8836,158,ITG,ITG1,19,Sicilia,Sicilia,4999891,1459811,29.2,0.4
462,2021-02-22,SIC,7947,4133,3814,7376,493,78,ITG,ITG1,19,Sicilia,Sicilia,4999891,1467758,29.36,0.16
463,2020-12-27,SIC,92,55,37,91,0,1,ITG,ITG1,19,Sicilia,Sicilia,4999891,1467850,29.36,0.0
464,2021-06-02,SIC,35276,16297,18979,27105,7777,394,ITG,ITG1,19,Sicilia,Sicilia,4999891,1503126,30.06,0.71
465,2021-03-01,SIC,12761,6070,6691,10980,1657,124,ITG,ITG1,19,Sicilia,Sicilia,4999891,1515887,30.32,0.26
466,2021-06-09,SIC,49825,23710,26115,41953,7253,619,ITG,ITG1,19,Sicilia,Sicilia,4999891,1565712,31.31,1.0
467,2021-07-03,SIC,33912,16299,17613,9036,24638,238,ITG,ITG1,19,Sicilia,Sicilia,4999891,1599624,31.99,0.68
468,2021-03-06,SIC,12639,5058,7581,9761,2782,96,ITG,ITG1,19,Sicilia,Sicilia,4999891,1612263,32.25,0.25
469,2021-06-14,SIC,43470,20646,22824,28160,14894,416,ITG,ITG1,19,Sicilia,Sicilia,4999891,1655733,33.12,0.87
470,2021-05-28,SIC,51242,22980,28262,24314,26518,410,ITG,ITG1,19,Sicilia,Sicilia,4999891,1706975,34.14,1.02
471,2021-01-22,SIC,1282,638,644,261,1019,2,ITG,ITG1,19,Sicilia,Sicilia,4999891,1708257,34.17,0.03
472,2021-01-08,SIC,8120,3784,4336,8031,0,89,ITG,ITG1,19,Sicilia,Sicilia,4999891,1716377,34.33,0.16
473,2021-04-18,SIC,19823,9912,9911,15287,4360,176,ITG,ITG1,19,Sicilia,Sicilia,4999891,1736200,34.72,0.4
474,2021-04-01,SIC,14288,6617,7671,9496,4664,128,ITG,ITG1,19,Sicilia,Sicilia,4999891,1750488,35.01,0.29
475,2021-07-10,SIC,46869,22324,24545,6059,40607,203,ITG,ITG1,19,Sicilia,Sicilia,4999891,1797357,35.95,0.94
476,2021-06-23,SIC,44453,20680,23773,17889,26234,330,ITG,ITG1,19,Sicilia,Sicilia,4999891,1841810,36.84,0.89
477,2021-05-16,SIC,33697,16435,17262,21894,11512,291,ITG,ITG1,19,Sicilia,Sicilia,4999891,1875507,37.51,0.67
478,2021-05-02,SIC,24602,11428,13174,17705,6602,295,ITG,ITG1,19,Sicilia,Sicilia,4999891,1900109,38.0,0.49
479,2021-03-20,SIC,18586,8978,9608,13364,5138,84,ITG,ITG1,19,Sicilia,Sicilia,4999891,1918695,38.37,0.37
480,2021-06-28,SIC,31904,14857,17047,14888,16725,291,ITG,ITG1,19,Sicilia,Sicilia,4999891,1950599,39.01,0.64
481,2021-07-05,SIC,37440,17544,19896,8917,28291,232,ITG,ITG1,19,Sicilia,Sicilia,4999891,1988039,39.76,0.75
482,2021-02-20,SIC,7139,3692,3447,6801,241,97,ITG,ITG1,19,Sicilia,Sicilia,4999891,1995178,39.9,0.14
483,2021-02-03,SIC,5921,2779,3142,713,5200,8,ITG,ITG1,19,Sicilia,Sicilia,4999891,2001099,40.02,0.12
484,2021-04-27,SIC,26415,12668,13747,15173,10922,320,ITG,ITG1,19,Sicilia,Sicilia,4999891,2027514,40.55,0.53
485,2021-05-14,SIC,52183,24463,27720,35763,15668,752,ITG,ITG1,19,Sicilia,Sicilia,4999891,2079697,41.59,1.04
486,2021-01-15,SIC,5252,2294,2958,5185,0,67,ITG,ITG1,19,Sicilia,Sicilia,4999891,2084949,41.7,0.11
487,2021-04-25,SIC,21391,10202,11189,16151,5015,225,ITG,ITG1,19,Sicilia,Sicilia,4999891,2106340,42.13,0.43
488,2021-02-01,SIC,5905,2626,3279,305,5588,12,ITG,ITG1,19,Sicilia,Sicilia,4999891,2112245,42.25,0.12
489,2021-02-19,SIC,4979,2695,2284,4335,563,81,ITG,ITG1,19,Sicilia,Sicilia,4999891,2117224,42.35,0.1
490,2021-03-08,SIC,13492,5954,7538,10764,2614,114,ITG,ITG1,19,Sicilia,Sicilia,4999891,2130716,42.62,0.27
491,2021-05-30,SIC,35764,16170,19594,17423,18045,296,ITG,ITG1,19,Sicilia,Sicilia,4999891,2166480,43.33,0.72
492,2021-05-13,SIC,47464,22253,25211,30309,16536,619,ITG,ITG1,19,Sicilia,Sicilia,4999891,2213944,44.28,0.95
493,2021-01-31,SIC,4032,1927,2105,110,3920,2,ITG,ITG1,19,Sicilia,Sicilia,4999891,2217976,44.36,0.08
494,2021-03-22,SIC,16677,7913,8764,11165,5423,89,ITG,ITG1,19,Sicilia,Sicilia,4999891,2234653,44.69,0.33
495,2021-06-30,SIC,32513,14992,17521,11393,20803,317,ITG,ITG1,19,Sicilia,Sicilia,4999891,2267166,45.34,0.65
496,2020-12-29,SIC,243,152,91,243,0,0,ITG,ITG1,19,Sicilia,Sicilia,4999891,2267409,45.35,0.0
497,2021-06-13,SIC,34538,17158,17380,30602,3505,431,ITG,ITG1,19,Sicilia,Sicilia,4999891,2301947,46.04,0.69
498,2021-04-10,SIC,20433,9971,10462,11314,8963,156,ITG,ITG1,19,Sicilia,Sicilia,4999891,2322380,46.45,0.41
499,2021-01-17,SIC,1305,592,713,1236,60,9,ITG,ITG1,19,Sicilia,Sicilia,4999891,2323685,46.47,0.03
500,2021-07-02,SIC,30499,14207,16292,9923,20298,278,ITG,ITG1,19,Sicilia,Sicilia,4999891,2354184,47.08,0.61
501,2021-03-05,SIC,15758,6835,8923,11381,4235,142,ITG,ITG1,19,Sicilia,Sicilia,4999891,2369942,47.4,0.32
502,2021-02-16,SIC,4201,2208,1993,3665,465,71,ITG,ITG1,19,Sicilia,Sicilia,4999891,2374143,47.48,0.08
503,2021-01-10,SIC,3534,1578,1956,3513,0,21,ITG,ITG1,19,Sicilia,Sicilia,4999891,2377677,47.55,0.07
504,2021-01-05,SIC,10342,5082,5260,10267,0,75,ITG,ITG1,19,Sicilia,Sicilia,4999891,2388019,47.76,0.21
505,2021-04-15,SIC,21550,10480,11070,12009,9339,202,ITG,ITG1,19,Sicilia,Sicilia,4999891,2409569,48.19,0.43
506,2021-06-20,SIC,33389,15801,17588,15114,18016,259,ITG,ITG1,19,Sicilia,Sicilia,4999891,2442958,48.86,0.67
507,2021-04-22,SIC,26732,12626,14106,19879,6456,397,ITG,ITG1,19,Sicilia,Sicilia,4999891,2469690,49.39,0.53
508,2021-03-10,SIC,13928,6120,7808,11615,2183,130,ITG,ITG1,19,Sicilia,Sicilia,4999891,2483618,49.67,0.28
509,2021-01-12,SIC,4328,2122,2206,4284,0,44,ITG,ITG1,19,Sicilia,Sicilia,4999891,2487946,49.76,0.09
510,2021-06-18,SIC,43540,20126,23414,18843,24331,366,ITG,ITG1,19,Sicilia,Sicilia,4999891,2531486,50.63,0.87
511,2021-06-27,SIC,25300,12198,13102,12100,12974,226,ITG,ITG1,19,Sicilia,Sicilia,4999891,2556786,51.14,0.51
512,2021-05-15,SIC,56476,26386,30090,40349,15236,891,ITG,ITG1,19,Sicilia,Sicilia,4999891,2613262,52.27,1.13
513,2021-03-19,SIC,16309,8052,8257,10650,5571,88,ITG,ITG1,19,Sicilia,Sicilia,4999891,2629571,52.59,0.33
514,2021-01-24,SIC,4322,2260,2062,132,4188,2,ITG,ITG1,19,Sicilia,Sicilia,4999891,2633893,52.68,0.09
515,2021-05-04,SIC,26827,12468,14359,17149,9291,387,ITG,ITG1,19,Sicilia,Sicilia,4999891,2660720,53.22,0.54
516,2021-03-30,SIC,14558,6761,7797,9702,4763,93,ITG,ITG1,19,Sicilia,Sicilia,4999891,2675278,53.51,0.29
517,2021-03-13,SIC,12211,5388,6823,7627,4493,91,ITG,ITG1,19,Sicilia,Sicilia,4999891,2687489,53.75,0.24
518,2021-04-17,SIC,25999,13151,12848,18671,7065,263,ITG,ITG1,19,Sicilia,Sicilia,4999891,2713488,54.27,0.52
519,2021-03-17,SIC,15042,7435,7607,9073,5847,122,ITG,ITG1,19,Sicilia,Sicilia,4999891,2728530,54.57,0.3
520,2021-06-25,SIC,39781,18675,21106,17376,22073,332,ITG,ITG1,19,Sicilia,Sicilia,4999891,2768311,55.37,0.8
521,2021-07-09,SIC,44660,20555,24105,6387,38102,171,ITG,ITG1,19,Sicilia,Sicilia,4999891,2812971,56.26,0.89
522,2021-06-06,SIC,49522,23917,25605,41146,7822,554,ITG,ITG1,19,Sicilia,Sicilia,4999891,2862493,57.25,0.99
523,2021-02-26,SIC,11974,5874,6100,10181,1680,113,ITG,ITG1,19,Sicilia,Sicilia,4999891,2874467,57.49,0.24
524,2021-05-06,SIC,29467,14007,15460,18169,10829,469,ITG,ITG1,19,Sicilia,Sicilia,4999891,2903934,58.08,0.59
525,2021-03-31,SIC,14519,6706,7813,9447,4932,140,ITG,ITG1,19,Sicilia,Sicilia,4999891,2918453,58.37,0.29
526,2021-01-07,SIC,8929,4132,4797,8849,0,80,ITG,ITG1,19,Sicilia,Sicilia,4999891,2927382,58.55,0.18
527,2021-01-19,SIC,1505,665,840,1262,229,14,ITG,ITG1,19,Sicilia,Sicilia,4999891,2928887,58.58,0.03
528,2021-06-11,SIC,49931,23822,26109,41570,7704,657,ITG,ITG1,19,Sicilia,Sicilia,4999891,2978818,59.58,1.0
529,2021-04-29,SIC,31791,14831,16960,21797,9556,438,ITG,ITG1,19,Sicilia,Sicilia,4999891,3010609,60.21,0.64
530,2021-03-03,SIC,14561,6543,8018,11372,3065,124,ITG,ITG1,19,Sicilia,Sicilia,4999891,3025170,60.5,0.29
531,2021-03-12,SIC,12865,5559,7306,10650,2067,148,ITG,ITG1,19,Sicilia,Sicilia,4999891,3038035,60.76,0.26
532,2021-06-29,SIC,31296,14663,16633,15653,15246,397,ITG,ITG1,19,Sicilia,Sicilia,4999891,3069331,61.39,0.63
533,2021-06-21,SIC,40239,18631,21608,18428,21489,322,ITG,ITG1,19,Sicilia,Sicilia,4999891,3109570,62.19,0.8
534,2021-05-09,SIC,28404,13306,15098,19778,8283,343,ITG,ITG1,19,Sicilia,Sicilia,4999891,3137974,62.76,0.57
535,2021-02-05,SIC,6742,2981,3761,2089,4615,38,ITG,ITG1,19,Sicilia,Sicilia,4999891,3144716,62.9,0.13
536,2021-04-03,SIC,16412,7816,8596,13424,2834,154,ITG,ITG1,19,Sicilia,Sicilia,4999891,3161128,63.22,0.33
537,2021-03-27,SIC,15645,7377,8268,10675,4852,118,ITG,ITG1,19,Sicilia,Sicilia,4999891,3176773,63.54,0.31
538,2021-01-29,SIC,9184,4256,4928,413,8759,12,ITG,ITG1,19,Sicilia,Sicilia,4999891,3185957,63.72,0.18
539,2021-02-12,SIC,4586,1811,2775,4242,266,78,ITG,ITG1,19,Sicilia,Sicilia,4999891,3190543,63.81,0.09
540,2021-05-23,SIC,34087,16594,17493,19845,14013,229,ITG,ITG1,19,Sicilia,Sicilia,4999891,3224630,64.49,0.68
541,2021-06-17,SIC,41819,19474,22345,20309,21144,366,ITG,ITG1,19,Sicilia,Sicilia,4999891,3266449,65.33,0.84
542,2020-12-31,SIC,888,473,415,880,0,8,ITG,ITG1,19,Sicilia,Sicilia,4999891,3267337,65.35,0.02
543,2021-03-07,SIC,9260,3454,5806,8118,1083,59,ITG,ITG1,19,Sicilia,Sicilia,4999891,3276597,65.53,0.19
544,2021-06-15,SIC,46178,21761,24417,28227,17522,429,ITG,ITG1,19,Sicilia,Sicilia,4999891,3322775,66.46,0.92
545,2021-03-24,SIC,20964,9868,11096,15037,5737,190,ITG,ITG1,19,Sicilia,Sicilia,4999891,3343739,66.88,0.42
546,2021-02-24,SIC,9371,4803,4568,8707,560,104,ITG,ITG1,19,Sicilia,Sicilia,4999891,3353110,67.06,0.19
547,2021-01-21,SIC,1438,706,732,490,937,11,ITG,ITG1,19,Sicilia,Sicilia,4999891,3354548,67.09,0.03
548,2021-05-01,SIC,24441,11313,13128,19002,5165,274,ITG,ITG1,19,Sicilia,Sicilia,4999891,3378989,67.58,0.49
549,2021-07-06,SIC,37095,17160,19935,10279,26516,300,ITG,ITG1,19,Sicilia,Sicilia,4999891,3416084,68.32,0.74
550,2021-05-10,SIC,28728,13791,14937,16244,12213,271,ITG,ITG1,19,Sicilia,Sicilia,4999891,3444812,68.9,0.57
551,2021-03-26,SIC,17989,8355,9634,12356,5499,134,ITG,ITG1,19,Sicilia,Sicilia,4999891,3462801,69.26,0.36
552,2021-01-28,SIC,9030,4271,4759,390,8639,1,ITG,ITG1,19,Sicilia,Sicilia,4999891,3471831,69.44,0.18
553,2021-07-04,SIC,26532,12813,13719,7602,18761,169,ITG,ITG1,19,Sicilia,Sicilia,4999891,3498363,69.97,0.53
554,2021-05-08,SIC,35629,17026,18603,24983,10297,349,ITG,ITG1,19,Sicilia,Sicilia,4999891,3533992,70.68,0.71
555,2021-01-26,SIC,9550,4725,4825,246,9303,1,ITG,ITG1,19,Sicilia,Sicilia,4999891,3543542,70.87,0.19
556,2021-03-15,SIC,10670,4725,5945,5646,4948,76,ITG,ITG1,19,Sicilia,Sicilia,4999891,3554212,71.09,0.21
557,2021-05-11,SIC,32573,15476,17097,19591,12489,493,ITG,ITG1,19,Sicilia,Sicilia,4999891,3586785,71.74,0.65
558,2021-02-17,SIC,5215,3203,2012,4501,668,46,ITG,ITG1,19,Sicilia,Sicilia,4999891,3592000,71.84,0.1
559,2021-04-24,SIC,31136,14695,16441,23121,7630,385,ITG,ITG1,19,Sicilia,Sicilia,4999891,3623136,72.46,0.62
560,2021-06-10,SIC,53012,24891,28121,45150,7212,650,ITG,ITG1,19,Sicilia,Sicilia,4999891,3676148,73.52,1.06
561,2021-05-27,SIC,47545,21893,25652,24450,22681,414,ITG,ITG1,19,Sicilia,Sicilia,4999891,3723693,74.48,0.95
562,2021-04-14,SIC,20572,9936,10636,11629,8759,184,ITG,ITG1,19,Sicilia,Sicilia,4999891,3744265,74.89,0.41
563,2021-04-21,SIC,22385,10744,11641,16001,6119,265,ITG,ITG1,19,Sicilia,Sicilia,4999891,3766650,75.33,0.45
564,2021-04-07,SIC,15741,7760,7981,8283,7284,174,ITG,ITG1,19,Sicilia,Sicilia,4999891,3782391,75.65,0.31
565,2021-07-16,SIC,22656,10562,12094,3636,18903,117,ITG,ITG1,19,Sicilia,Sicilia,4999891,3805047,76.1,0.45
566,2021-06-03,SIC,45966,21080,24886,33768,11685,513,ITG,ITG1,19,Sicilia,Sicilia,4999891,3851013,77.02,0.92
567,2021-05-29,SIC,47165,21460,25705,23527,23191,447,ITG,ITG1,19,Sicilia,Sicilia,4999891,3898178,77.97,0.94
568,2021-02-09,SIC,4346,1798,2548,3246,1035,65,ITG,ITG1,19,Sicilia,Sicilia,4999891,3902524,78.05,0.09
569,2021-04-26,SIC,21671,10260,11411,13290,8079,302,ITG,ITG1,19,Sicilia,Sicilia,4999891,3924195,78.49,0.43
570,2021-02-02,SIC,5271,2472,2799,617,4644,10,ITG,ITG1,19,Sicilia,Sicilia,4999891,3929466,78.59,0.11
571,2021-01-14,SIC,5251,2483,2768,5189,0,62,ITG,ITG1,19,Sicilia,Sicilia,4999891,3934717,78.7,0.11
572,2021-05-20,SIC,44059,21112,22947,27734,15912,413,ITG,ITG1,19,Sicilia,Sicilia,4999891,3978776,79.58,0.88
573,2021-06-22,SIC,39962,18367,21595,18290,21300,372,ITG,ITG1,19,Sicilia,Sicilia,4999891,4018738,80.38,0.8
574,2021-05-22,SIC,48007,22805,25202,28298,19310,399,ITG,ITG1,19,Sicilia,Sicilia,4999891,4066745,81.34,0.96
575,2021-02-28,SIC,7165,3062,4103,6484,630,51,ITG,ITG1,19,Sicilia,Sicilia,4999891,4073910,81.48,0.14
576,2021-06-08,SIC,47687,22394,25293,40474,6692,521,ITG,ITG1,19,Sicilia,Sicilia,4999891,4121597,82.43,0.95
577,2021-01-09,SIC,7189,3390,3799,7129,0,60,ITG,ITG1,19,Sicilia,Sicilia,4999891,4128786,82.58,0.14
578,2021-05-03,SIC,23295,10788,12507,13262,9787,246,ITG,ITG1,19,Sicilia,Sicilia,4999891,4152081,83.04,0.47
579,2021-07-11,SIC,36031,16868,19163,3663,32273,95,ITG,ITG1,19,Sicilia,Sicilia,4999891,4188112,83.76,0.72
580,2021-04-19,SIC,18282,8662,9620,12479,5582,221,ITG,ITG1,19,Sicilia,Sicilia,4999891,4206394,84.13,0.37
581,2021-01-20,SIC,958,509,449,688,267,3,ITG,ITG1,19,Sicilia,Sicilia,4999891,4207352,84.15,0.02
582,2021-03-18,SIC,15360,7716,7644,9738,5572,50,ITG,ITG1,19,Sicilia,Sicilia,4999891,4222712,84.46,0.31
583,2021-02-07,SIC,2323,982,1341,666,1648,9,ITG,ITG1,19,Sicilia,Sicilia,4999891,4225035,84.5,0.05
584,2021-07-14,SIC,47497,22026,25471,7959,39284,254,ITG,ITG1,19,Sicilia,Sicilia,4999891,4272532,85.45,0.95
585,2021-05-18,SIC,36142,17396,18746,23273,12474,395,ITG,ITG1,19,Sicilia,Sicilia,4999891,4308674,86.18,0.72
586,2021-07-07,SIC,35381,16192,19189,6033,29114,234,ITG,ITG1,19,Sicilia,Sicilia,4999891,4344055,86.88,0.71
587,2021-05-25,SIC,33537,15423,18114,13935,19345,257,ITG,ITG1,19,Sicilia,Sicilia,4999891,4377592,87.55,0.67
588,2021-03-29,SIC,15030,7074,7956,10398,4497,135,ITG,ITG1,19,Sicilia,Sicilia,4999891,4392622,87.85,0.3
589,2021-06-01,SIC,38935,17711,21224,24622,13963,350,ITG,ITG1,19,Sicilia,Sicilia,4999891,4431557,88.63,0.78
590,2021-04-05,SIC,8014,3954,4060,6511,1440,63,ITG,ITG1,19,Sicilia,Sicilia,4999891,4439571,88.79,0.16
591,2021-04-12,SIC,19000,9209,9791,11485,7274,241,ITG,ITG1,19,Sicilia,Sicilia,4999891,4458571,89.17,0.38
592,2021-02-14,SIC,1055,402,653,907,140,8,ITG,ITG1,19,Sicilia,Sicilia,4999891,4459626,89.19,0.02
593,2021-01-02,SIC,4852,2527,2325,4822,0,30,ITG,ITG1,19,Sicilia,Sicilia,4999891,4464478,89.29,0.1
594,2021-02-21,SIC,5168,2501,2667,5047,106,15,ITG,ITG1,19,Sicilia,Sicilia,4999891,4469646,89.39,0.1
595,2021-05-24,LOM,89513,43483,46030,48579,40000,934,ITC,ITC4,3,Lombardia,Lombardia,10060574,89513,0.89,0.89
596,2021-02-11,LOM,17086,5013,12073,9632,7375,79,ITC,ITC4,3,Lombardia,Lombardia,10060574,106599,1.06,0.17
597,2021-05-31,LOM,95647,47396,48251,78342,16201,1104,ITC,ITC4,3,Lombardia,Lombardia,10060574,202246,2.01,0.95
598,2021-03-26,LOM,41319,15701,25618,27500,13149,670,ITC,ITC4,3,Lombardia,Lombardia,10060574,243565,2.42,0.41
599,2021-05-22,LOM,70597,33836,36761,31723,38160,714,ITC,ITC4,3,Lombardia,Lombardia,10060574,314162,3.12,0.7
600,2021-04-23,LOM,73533,33324,40209,55563,16584,1386,ITC,ITC4,3,Lombardia,Lombardia,10060574,387695,3.85,0.73
601,2021-05-10,LOM,85269,40881,44388,62032,21579,1658,ITC,ITC4,3,Lombardia,Lombardia,10060574,472964,4.7,0.85
602,2021-01-30,LOM,12317,4567,7750,146,12162,9,ITC,ITC4,3,Lombardia,Lombardia,10060574,485281,4.82,0.12
603,2021-02-04,LOM,27827,8112,19715,2007,25814,6,ITC,ITC4,3,Lombardia,Lombardia,10060574,513108,5.1,0.28
604,2021-04-09,LOM,52397,22372,30025,35566,15994,837,ITC,ITC4,3,Lombardia,Lombardia,10060574,565505,5.62,0.52
605,2021-07-13,LOM,108385,56658,51727,15411,91734,1240,ITC,ITC4,3,Lombardia,Lombardia,10060574,673890,6.7,1.08
606,2021-04-04,LOM,7611,3230,4381,3682,3895,34,ITC,ITC4,3,Lombardia,Lombardia,10060574,681501,6.77,0.08
607,2021-03-28,LOM,20485,7818,12667,13935,6166,384,ITC,ITC4,3,Lombardia,Lombardia,10060574,701986,6.98,0.2
608,2021-04-14,LOM,47193,21033,26160,33536,12971,686,ITC,ITC4,3,Lombardia,Lombardia,10060574,749179,7.45,0.47
609,2021-01-04,LOM,6108,2107,4001,6102,0,6,ITC,ITC4,3,Lombardia,Lombardia,10060574,755287,7.51,0.06
610,2021-06-19,LOM,104301,51984,52317,56248,46630,1423,ITC,ITC4,3,Lombardia,Lombardia,10060574,859588,8.54,1.04
611,2021-07-06,LOM,99311,49425,49886,22463,75468,1380,ITC,ITC4,3,Lombardia,Lombardia,10060574,958899,9.53,0.99
612,2021-04-28,LOM,95745,43678,52067,66926,26904,1915,ITC,ITC4,3,Lombardia,Lombardia,10060574,1054644,10.48,0.95
613,2021-06-24,LOM,109520,56632,52888,78333,28800,2387,ITC,ITC4,3,Lombardia,Lombardia,10060574,1164164,11.57,1.09
614,2021-03-16,LOM,25497,10113,15384,16297,9078,122,ITC,ITC4,3,Lombardia,Lombardia,10060574,1189661,11.82,0.25
615,2021-05-12,LOM,87487,41749,45738,57406,27561,2520,ITC,ITC4,3,Lombardia,Lombardia,10060574,1277148,12.69,0.87
616,2021-06-05,LOM,102425,52953,49472,91099,9815,1511,ITC,ITC4,3,Lombardia,Lombardia,10060574,1379573,13.71,1.02
617,2021-03-14,LOM,14874,5348,9526,11218,3283,373,ITC,ITC4,3,Lombardia,Lombardia,10060574,1394447,13.86,0.15
618,2021-02-23,LOM,11829,4803,7026,11289,332,208,ITC,ITC4,3,Lombardia,Lombardia,10060574,1406276,13.98,0.12
619,2021-01-16,LOM,15439,5738,9701,15428,0,11,ITC,ITC4,3,Lombardia,Lombardia,10060574,1421715,14.13,0.15
620,2021-02-16,LOM,9506,3073,6433,8957,448,101,ITC,ITC4,3,Lombardia,Lombardia,10060574,1431221,14.23,0.09
621,2021-06-10,LOM,102613,52231,50382,86402,14410,1801,ITC,ITC4,3,Lombardia,Lombardia,10060574,1533834,15.25,1.02
622,2021-03-02,LOM,22816,9704,13112,19517,3040,259,ITC,ITC4,3,Lombardia,Lombardia,10060574,1556650,15.47,0.23
623,2020-12-28,LOM,107,47,60,107,0,0,ITC,ITC4,3,Lombardia,Lombardia,10060574,1556757,15.47,0.0
624,2021-04-21,LOM,71828,32563,39265,55829,14665,1334,ITC,ITC4,3,Lombardia,Lombardia,10060574,1628585,16.19,0.71
625,2021-01-11,LOM,16265,5379,10886,16255,0,10,ITC,ITC4,3,Lombardia,Lombardia,10060574,1644850,16.35,0.16
626,2021-01-28,LOM,12229,3704,8525,794,11428,7,ITC,ITC4,3,Lombardia,Lombardia,10060574,1657079,16.47,0.12
627,2021-05-29,LOM,88306,42410,45896,41396,46068,842,ITC,ITC4,3,Lombardia,Lombardia,10060574,1745385,17.35,0.88
628,2021-02-18,LOM,14050,4924,9126,12816,1037,197,ITC,ITC4,3,Lombardia,Lombardia,10060574,1759435,17.49,0.14
629,2021-04-02,LOM,41270,16881,24389,26198,14514,558,ITC,ITC4,3,Lombardia,Lombardia,10060574,1800705,17.9,0.41
630,2021-04-11,LOM,32220,13944,18276,24314,7395,511,ITC,ITC4,3,Lombardia,Lombardia,10060574,1832925,18.22,0.32
631,2021-01-01,LOM,24,7,17,24,0,0,ITC,ITC4,3,Lombardia,Lombardia,10060574,1832949,18.22,0.0
632,2021-06-07,LOM,98957,50422,48535,84022,13317,1618,ITC,ITC4,3,Lombardia,Lombardia,10060574,1931906,19.2,0.98
633,2021-02-27,LOM,13947,5872,8075,13152,641,154,ITC,ITC4,3,Lombardia,Lombardia,10060574,1945853,19.34,0.14
634,2021-06-12,LOM,89311,48062,41249,84313,3156,1842,ITC,ITC4,3,Lombardia,Lombardia,10060574,2035164,20.23,0.89
635,2021-06-29,LOM,107123,53135,53988,57393,47723,2007,ITC,ITC4,3,Lombardia,Lombardia,10060574,2142287,21.29,1.06
636,2021-03-21,LOM,23514,8494,15020,17730,5194,590,ITC,ITC4,3,Lombardia,Lombardia,10060574,2165801,21.53,0.23
637,2021-02-13,LOM,6419,2441,3978,4882,1477,60,ITC,ITC4,3,Lombardia,Lombardia,10060574,2172220,21.59,0.06
638,2021-07-08,LOM,114328,58260,56068,13159,100138,1031,ITC,ITC4,3,Lombardia,Lombardia,10060574,2286548,22.73,1.14
639,2021-04-16,LOM,53684,23928,29756,38430,14366,888,ITC,ITC4,3,Lombardia,Lombardia,10060574,2340232,23.26,0.53
640,2021-05-03,LOM,83703,39757,43946,69455,12126,2122,ITC,ITC4,3,Lombardia,Lombardia,10060574,2423935,24.09,0.83
641,2021-01-23,LOM,1116,357,759,914,199,3,ITC,ITC4,3,Lombardia,Lombardia,10060574,2425051,24.1,0.01
642,2021-06-17,LOM,108532,52701,55831,51064,56290,1178,ITC,ITC4,3,Lombardia,Lombardia,10060574,2533583,25.18,1.08
643,2021-03-09,LOM,33222,12863,20359,25243,7397,582,ITC,ITC4,3,Lombardia,Lombardia,10060574,2566805,25.51,0.33
644,2021-05-05,LOM,87937,41928,46009,70357,15316,2264,ITC,ITC4,3,Lombardia,Lombardia,10060574,2654742,26.39,0.87
645,2021-07-01,LOM,104926,52816,52110,53326,49202,2398,ITC,ITC4,3,Lombardia,Lombardia,10060574,2759668,27.43,1.04
646,2021-04-25,LOM,51500,23614,27886,45536,4744,1220,ITC,ITC4,3,Lombardia,Lombardia,10060574,2811168,27.94,0.51
647,2021-06-28,LOM,107888,54974,52914,74275,31004,2609,ITC,ITC4,3,Lombardia,Lombardia,10060574,2919056,29.01,1.07
648,2021-01-09,LOM,12429,4578,7851,12421,0,8,ITC,ITC4,3,Lombardia,Lombardia,10060574,2931485,29.14,0.12
649,2021-03-07,LOM,12087,5361,6726,9337,2560,190,ITC,ITC4,3,Lombardia,Lombardia,10060574,2943572,29.26,0.12
650,2021-01-27,LOM,8044,2677,5367,808,7234,2,ITC,ITC4,3,Lombardia,Lombardia,10060574,2951616,29.34,0.08
651,2021-07-03,LOM,102317,51619,50698,44532,55677,2108,ITC,ITC4,3,Lombardia,Lombardia,10060574,3053933,30.36,1.02
652,2021-03-25,LOM,42863,16031,26832,29238,12721,904,ITC,ITC4,3,Lombardia,Lombardia,10060574,3096796,30.78,0.43
653,2021-05-21,LOM,93837,45238,48599,28379,64697,761,ITC,ITC4,3,Lombardia,Lombardia,10060574,3190633,31.71,0.93
654,2021-05-17,LOM,94638,45352,49286,29525,64411,702,ITC,ITC4,3,Lombardia,Lombardia,10060574,3285271,32.65,0.94
655,2021-05-19,LOM,83225,39744,43481,33095,49324,806,ITC,ITC4,3,Lombardia,Lombardia,10060574,3368496,33.48,0.83
656,2021-02-08,LOM,10085,2919,7166,2122,7954,9,ITC,ITC4,3,Lombardia,Lombardia,10060574,3378581,33.58,0.1
657,2021-02-25,LOM,15293,6349,8944,13520,1572,201,ITC,ITC4,3,Lombardia,Lombardia,10060574,3393874,33.73,0.15
658,2021-02-20,LOM,9339,3868,5471,8844,298,197,ITC,ITC4,3,Lombardia,Lombardia,10060574,3403213,33.83,0.09
659,2021-04-18,LOM,36404,16229,20175,30521,5240,643,ITC,ITC4,3,Lombardia,Lombardia,10060574,3439617,34.19,0.36
660,2021-01-08,LOM,12715,3923,8792,12704,0,11,ITC,ITC4,3,Lombardia,Lombardia,10060574,3452332,34.32,0.13
661,2020-12-30,LOM,114,42,72,114,0,0,ITC,ITC4,3,Lombardia,Lombardia,10060574,3452446,34.32,0.0
662,2021-06-16,LOM,99218,50420,48798,49923,48142,1153,ITC,ITC4,3,Lombardia,Lombardia,10060574,3551664,35.3,0.99
663,2021-03-06,LOM,21341,9100,12241,16530,4513,298,ITC,ITC4,3,Lombardia,Lombardia,10060574,3573005,35.51,0.21
664,2021-06-09,LOM,103603,52204,51399,87420,14464,1719,ITC,ITC4,3,Lombardia,Lombardia,10060574,3676608,36.54,1.03
665,2021-06-21,LOM,113256,58024,55232,78343,32739,2174,ITC,ITC4,3,Lombardia,Lombardia,10060574,3789864,37.67,1.13
666,2021-06-02,LOM,84633,43574,41059,76985,6331,1317,ITC,ITC4,3,Lombardia,Lombardia,10060574,3874497,38.51,0.84
667,2021-03-11,LOM,36220,13478,22742,25627,9909,684,ITC,ITC4,3,Lombardia,Lombardia,10060574,3910717,38.87,0.36
668,2021-03-30,LOM,39633,15590,24043,24242,14780,611,ITC,ITC4,3,Lombardia,Lombardia,10060574,3950350,39.27,0.39
669,2021-01-06,LOM,7062,2494,4568,7057,0,5,ITC,ITC4,3,Lombardia,Lombardia,10060574,3957412,39.34,0.07
670,2021-07-15,LOM,108563,55856,52707,12861,94508,1194,ITC,ITC4,3,Lombardia,Lombardia,10060574,4065975,40.41,1.08
671,2021-04-06,LOM,43076,17587,25489,24440,17946,690,ITC,ITC4,3,Lombardia,Lombardia,10060574,4109051,40.84,0.43
672,2021-06-14,LOM,94755,48142,46613,49104,44519,1132,ITC,ITC4,3,Lombardia,Lombardia,10060574,4203806,41.78,0.94
673,2021-05-26,LOM,93677,44652,49025,42733,50053,891,ITC,ITC4,3,Lombardia,Lombardia,10060574,4297483,42.72,0.93
674,2021-02-15,LOM,8950,3137,5813,8353,418,179,ITC,ITC4,3,Lombardia,Lombardia,10060574,4306433,42.81,0.09
675,2021-01-13,LOM,26434,8072,18362,26407,0,27,ITC,ITC4,3,Lombardia,Lombardia,10060574,4332867,43.07,0.26
676,2021-01-18,LOM,9203,2972,6231,8213,975,15,ITC,ITC4,3,Lombardia,Lombardia,10060574,4342070,43.16,0.09
677,2021-03-23,LOM,42574,15466,27108,28858,12861,855,ITC,ITC4,3,Lombardia,Lombardia,10060574,4384644,43.58,0.42
678,2021-01-25,LOM,7024,2375,4649,474,6547,3,ITC,ITC4,3,Lombardia,Lombardia,10060574,4391668,43.65,0.07
679,2021-02-01,LOM,16069,5322,10747,307,15760,2,ITC,ITC4,3,Lombardia,Lombardia,10060574,4407737,43.81,0.16
680,2021-02-06,LOM,15264,5539,9725,1011,14249,4,ITC,ITC4,3,Lombardia,Lombardia,10060574,4423001,43.96,0.15
681,2021-05-02,LOM,83505,38338,45167,59262,22464,1779,ITC,ITC4,3,Lombardia,Lombardia,10060574,4506506,44.79,0.83
682,2021-04-13,LOM,47658,21272,26386,32930,14084,644,ITC,ITC4,3,Lombardia,Lombardia,10060574,4554164,45.27,0.47
683,2021-04-30,LOM,117274,54802,62472,87207,27503,2564,ITC,ITC4,3,Lombardia,Lombardia,10060574,4671438,46.43,1.17
684,2021-01-20,LOM,5672,1378,4294,5553,114,5,ITC,ITC4,3,Lombardia,Lombardia,10060574,4677110,46.49,0.06
685,2021-05-18,LOM,88216,42164,46052,31873,55577,766,ITC,ITC4,3,Lombardia,Lombardia,10060574,4765326,47.37,0.88
686,2021-06-04,LOM,104611,54303,50308,93187,9637,1787,ITC,ITC4,3,Lombardia,Lombardia,10060574,4869937,48.41,1.04
687,2021-02-24,LOM,14720,5957,8763,13557,954,209,ITC,ITC4,3,Lombardia,Lombardia,10060574,4884657,48.55,0.15
688,2021-05-16,LOM,68701,32507,36194,35587,32204,910,ITC,ITC4,3,Lombardia,Lombardia,10060574,4953358,49.24,0.68
689,2021-02-05,LOM,25711,7459,18252,2410,23282,19,ITC,ITC4,3,Lombardia,Lombardia,10060574,4979069,49.49,0.26
690,2021-02-22,LOM,11898,4809,7089,11395,305,198,ITC,ITC4,3,Lombardia,Lombardia,10060574,4990967,49.61,0.12
691,2021-01-22,LOM,3144,869,2275,3070,69,5,ITC,ITC4,3,Lombardia,Lombardia,10060574,4994111,49.64,0.03
692,2021-07-07,LOM,111804,56049,55755,17980,92655,1169,ITC,ITC4,3,Lombardia,Lombardia,10060574,5105915,50.75,1.11
693,2021-04-15,LOM,49459,21862,27597,34883,13825,751,ITC,ITC4,3,Lombardia,Lombardia,10060574,5155374,51.24,0.49
694,2021-01-05,LOM,7857,2576,5281,7851,0,6,ITC,ITC4,3,Lombardia,Lombardia,10060574,5163231,51.32,0.08
695,2021-03-27,LOM,32442,12378,20064,23102,8709,631,ITC,ITC4,3,Lombardia,Lombardia,10060574,5195673,51.64,0.32
696,2021-01-03,LOM,854,316,538,853,0,1,ITC,ITC4,3,Lombardia,Lombardia,10060574,5196527,51.65,0.01
697,2021-01-15,LOM,25222,7435,17787,25170,0,52,ITC,ITC4,3,Lombardia,Lombardia,10060574,5221749,51.9,0.25
698,2021-04-29,LOM,115536,53595,61941,83106,29856,2574,ITC,ITC4,3,Lombardia,Lombardia,10060574,5337285,53.05,1.15
699,2021-06-25,LOM,108033,56065,51968,78194,27530,2309,ITC,ITC4,3,Lombardia,Lombardia,10060574,5445318,54.13,1.07
700,2021-04-20,LOM,67674,30834,36840,55898,10346,1430,ITC,ITC4,3,Lombardia,Lombardia,10060574,5512992,54.8,0.67
701,2021-01-10,LOM,10519,3960,6559,10510,0,9,ITC,ITC4,3,Lombardia,Lombardia,10060574,5523511,54.9,0.1
702,2021-01-17,LOM,8351,3347,5004,8144,201,6,ITC,ITC4,3,Lombardia,Lombardia,10060574,5531862,54.99,0.08
703,2021-06-23,LOM,110869,57374,53495,76737,31984,2148,ITC,ITC4,3,Lombardia,Lombardia,10060574,5642731,56.09,1.1
704,2021-03-15,LOM,31558,11333,20225,22426,8518,614,ITC,ITC4,3,Lombardia,Lombardia,10060574,5674289,56.4,0.31
705,2021-04-27,LOM,86014,39981,46033,67642,16565,1807,ITC,ITC4,3,Lombardia,Lombardia,10060574,5760303,57.26,0.85
706,2021-03-04,LOM,29330,12114,17216,20039,9071,220,ITC,ITC4,3,Lombardia,Lombardia,10060574,5789633,57.55,0.29
707,2021-06-30,LOM,106746,52894,53852,56570,48070,2106,ITC,ITC4,3,Lombardia,Lombardia,10060574,5896379,58.61,1.06
708,2021-03-22,LOM,40336,14302,26034,28944,10557,835,ITC,ITC4,3,Lombardia,Lombardia,10060574,5936715,59.01,0.4
709,2021-04-08,LOM,52381,21769,30612,35247,16462,672,ITC,ITC4,3,Lombardia,Lombardia,10060574,5989096,59.53,0.52
710,2020-12-29,LOM,106,45,61,106,0,0,ITC,ITC4,3,Lombardia,Lombardia,10060574,5989202,59.53,0.0
711,2021-07-14,LOM,109108,56705,52403,14348,93360,1400,ITC,ITC4,3,Lombardia,Lombardia,10060574,6098310,60.62,1.08
712,2021-04-22,LOM,73947,33399,40548,56209,16355,1383,ITC,ITC4,3,Lombardia,Lombardia,10060574,6172257,61.35,0.74
713,2021-03-03,LOM,26977,11515,15462,19478,7282,217,ITC,ITC4,3,Lombardia,Lombardia,10060574,6199234,61.62,0.27
714,2021-03-20,LOM,32592,12163,20429,22241,9851,500,ITC,ITC4,3,Lombardia,Lombardia,10060574,6231826,61.94,0.32
715,2020-12-27,LOM,718,414,304,718,0,0,ITC,ITC4,3,Lombardia,Lombardia,10060574,6232544,61.95,0.01
716,2021-05-09,LOM,69712,32886,36826,54467,13272,1973,ITC,ITC4,3,Lombardia,Lombardia,10060574,6302256,62.64,0.69
717,2021-01-29,LOM,13494,4128,9366,684,12807,3,ITC,ITC4,3,Lombardia,Lombardia,10060574,6315750,62.78,0.13
718,2021-06-13,LOM,75994,40559,35435,72283,2124,1587,ITC,ITC4,3,Lombardia,Lombardia,10060574,6391744,63.53,0.76
719,2021-03-05,LOM,28950,11940,17010,20230,8420,300,ITC,ITC4,3,Lombardia,Lombardia,10060574,6420694,63.82,0.29
720,2021-06-27,LOM,90905,46794,44111,69781,18828,2296,ITC,ITC4,3,Lombardia,Lombardia,10060574,6511599,64.72,0.9
721,2021-03-19,LOM,32431,12917,19514,18906,13202,323,ITC,ITC4,3,Lombardia,Lombardia,10060574,6544030,65.05,0.32
722,2021-03-08,LOM,29759,11191,18568,22163,7079,517,ITC,ITC4,3,Lombardia,Lombardia,10060574,6573789,65.34,0.3
723,2021-05-04,LOM,86822,41078,45744,70284,14394,2144,ITC,ITC4,3,Lombardia,Lombardia,10060574,6660611,66.21,0.86
724,2021-01-24,LOM,1199,457,742,536,663,0,ITC,ITC4,3,Lombardia,Lombardia,10060574,6661810,66.22,0.01
725,2021-03-17,LOM,26260,10497,15763,15100,11000,160,ITC,ITC4,3,Lombardia,Lombardia,10060574,6688070,66.48,0.26
726,2021-07-04,LOM,86637,43333,43304,40178,44505,1954,ITC,ITC4,3,Lombardia,Lombardia,10060574,6774707,67.34,0.86
727,2021-07-02,LOM,103745,51982,51763,48857,52681,2207,ITC,ITC4,3,Lombardia,Lombardia,10060574,6878452,68.37,1.03
728,2021-07-05,LOM,101365,49515,51850,31225,68255,1885,ITC,ITC4,3,Lombardia,Lombardia,10060574,6979817,69.38,1.01
729,2021-07-12,LOM,111617,57370,54247,14795,95681,1141,ITC,ITC4,3,Lombardia,Lombardia,10060574,7091434,70.49,1.11
730,2021-04-03,LOM,36258,14869,21389,25772,10106,380,ITC,ITC4,3,Lombardia,Lombardia,10060574,7127692,70.85,0.36
731,2021-05-30,LOM,74367,35587,38780,33790,39957,620,ITC,ITC4,3,Lombardia,Lombardia,10060574,7202059,71.59,0.74
732,2021-05-23,LOM,60764,28929,31835,26293,33957,514,ITC,ITC4,3,Lombardia,Lombardia,10060574,7262823,72.19,0.6
733,2021-02-12,LOM,13965,4366,9599,8870,4935,160,ITC,ITC4,3,Lombardia,Lombardia,10060574,7276788,72.33,0.14
734,2021-04-10,LOM,52749,21845,30904,40042,11956,751,ITC,ITC4,3,Lombardia,Lombardia,10060574,7329537,72.85,0.52
735,2021-06-06,LOM,90128,46347,43781,79528,9221,1379,ITC,ITC4,3,Lombardia,Lombardia,10060574,7419665,73.75,0.9
736,2021-01-07,LOM,11767,3638,8129,11727,0,40,ITC,ITC4,3,Lombardia,Lombardia,10060574,7431432,73.87,0.12
737,2021-06-22,LOM,110991,57926,53065,78991,29880,2120,ITC,ITC4,3,Lombardia,Lombardia,10060574,7542423,74.97,1.1
738,2021-07-09,LOM,115490,58881,56609,11722,102881,887,ITC,ITC4,3,Lombardia,Lombardia,10060574,7657913,76.12,1.15
739,2021-06-03,LOM,97136,49713,47423,84601,10873,1662,ITC,ITC4,3,Lombardia,Lombardia,10060574,7755049,77.08,0.97
740,2021-06-20,LOM,88952,44335,44617,52830,34884,1238,ITC,ITC4,3,Lombardia,Lombardia,10060574,7844001,77.97,0.88
741,2021-03-12,LOM,35270,12968,22302,24449,10204,617,ITC,ITC4,3,Lombardia,Lombardia,10060574,7879271,78.32,0.35
742,2021-03-29,LOM,40047,15543,24504,24529,14838,680,ITC,ITC4,3,Lombardia,Lombardia,10060574,7919318,78.72,0.4
743,2021-06-18,LOM,107586,52844,54742,51939,54408,1239,ITC,ITC4,3,Lombardia,Lombardia,10060574,8026904,79.79,1.07
744,2021-03-01,LOM,18796,8233,10563,16882,1707,207,ITC,ITC4,3,Lombardia,Lombardia,10060574,8045700,79.97,0.19
745,2021-05-15,LOM,80906,38782,42124,45474,33384,2048,ITC,ITC4,3,Lombardia,Lombardia,10060574,8126606,80.78,0.8
746,2021-07-11,LOM,90185,45615,44570,11775,77352,1058,ITC,ITC4,3,Lombardia,Lombardia,10060574,8216791,81.67,0.9
747,2021-05-13,LOM,87191,41781,45410,55718,28878,2595,ITC,ITC4,3,Lombardia,Lombardia,10060574,8303982,82.54,0.87
748,2021-02-02,LOM,19884,6598,13286,496,19385,3,ITC,ITC4,3,Lombardia,Lombardia,10060574,8323866,82.74,0.2
749,2021-03-31,LOM,42155,17097,25058,26185,15293,677,ITC,ITC4,3,Lombardia,Lombardia,10060574,8366021,83.16,0.42
750,2021-03-10,LOM,33292,12733,20559,24842,7864,586,ITC,ITC4,3,Lombardia,Lombardia,10060574,8399313,83.49,0.33
751,2021-05-06,LOM,89854,42203,47651,70975,16512,2367,ITC,ITC4,3,Lombardia,Lombardia,10060574,8489167,84.38,0.89
752,2021-01-26,LOM,8343,2706,5637,349,7994,0,ITC,ITC4,3,Lombardia,Lombardia,10060574,8497510,84.46,0.08
753,2021-05-11,LOM,86892,41440,45452,58250,26228,2414,ITC,ITC4,3,Lombardia,Lombardia,10060574,8584402,85.33,0.86
754,2021-05-28,LOM,93539,44827,48712,42025,50601,913,ITC,ITC4,3,Lombardia,Lombardia,10060574,8677941,86.26,0.93
755,2021-02-17,LOM,11991,3756,8235,10408,1390,193,ITC,ITC4,3,Lombardia,Lombardia,10060574,8689932,86.38,0.12
756,2021-06-11,LOM,101422,51669,49753,84919,14607,1896,ITC,ITC4,3,Lombardia,Lombardia,10060574,8791354,87.38,1.01
757,2021-03-24,LOM,43242,15610,27632,30466,11885,891,ITC,ITC4,3,Lombardia,Lombardia,10060574,8834596,87.81,0.43
758,2021-02-09,LOM,12218,3334,8884,4023,8181,14,ITC,ITC4,3,Lombardia,Lombardia,10060574,8846814,87.94,0.12
759,2021-03-13,LOM,27188,9776,17412,20542,6095,551,ITC,ITC4,3,Lombardia,Lombardia,10060574,8874002,88.21,0.27
760,2021-05-01,LOM,95981,43677,52304,65053,29215,1713,ITC,ITC4,3,Lombardia,Lombardia,10060574,8969983,89.16,0.95
761,2021-01-21,LOM,5472,1602,3870,4765,690,17,ITC,ITC4,3,Lombardia,Lombardia,10060574,8975455,89.21,0.05
762,2021-02-19,LOM,14219,5400,8819,13321,723,175,ITC,ITC4,3,Lombardia,Lombardia,10060574,8989674,89.36,0.14
763,2021-04-17,LOM,48512,21305,27207,36944,10850,718,ITC,ITC4,3,Lombardia,Lombardia,10060574,9038186,89.84,0.48
764,2021-02-26,LOM,18400,7557,10843,16322,1874,204,ITC,ITC4,3,Lombardia,Lombardia,10060574,9056586,90.02,0.18
765,2021-05-27,LOM,94845,45443,49402,40615,53442,788,ITC,ITC4,3,Lombardia,Lombardia,10060574,9151431,90.96,0.94
766,2021-04-24,LOM,75814,33601,42213,53440,21133,1241,ITC,ITC4,3,Lombardia,Lombardia,10060574,9227245,91.72,0.75
767,2021-01-14,LOM,26928,7806,19122,26873,0,55,ITC,ITC4,3,Lombardia,Lombardia,10060574,9254173,91.98,0.27
768,2021-05-08,LOM,87753,40761,46992,63467,22065,2221,ITC,ITC4,3,Lombardia,Lombardia,10060574,9341926,92.86,0.87
769,2021-02-07,LOM,7312,2825,4487,335,6974,3,ITC,ITC4,3,Lombardia,Lombardia,10060574,9349238,92.93,0.07
770,2021-01-19,LOM,8053,2329,5724,7571,468,14,ITC,ITC4,3,Lombardia,Lombardia,10060574,9357291,93.01,0.08
771,2020-12-31,LOM,714,302,412,714,0,0,ITC,ITC4,3,Lombardia,Lombardia,10060574,9358005,93.02,0.01
772,2021-07-16,LOM,48465,25143,23322,4314,43736,415,ITC,ITC4,3,Lombardia,Lombardia,10060574,9406470,93.5,0.48
773,2021-04-07,LOM,50592,20924,29668,34074,15812,706,ITC,ITC4,3,Lombardia,Lombardia,10060574,9457062,94.0,0.5
774,2021-04-05,LOM,27380,11695,15685,19023,8103,254,ITC,ITC4,3,Lombardia,Lombardia,10060574,9484442,94.27,0.27
775,2021-01-31,LOM,9741,3766,5975,29,9712,0,ITC,ITC4,3,Lombardia,Lombardia,10060574,9494183,94.37,0.1
776,2021-05-25,LOM,91163,43622,47541,43844,46495,824,ITC,ITC4,3,Lombardia,Lombardia,10060574,9585346,95.28,0.91
777,2021-02-14,LOM,3583,1547,2036,2934,635,14,ITC,ITC4,3,Lombardia,Lombardia,10060574,9588929,95.31,0.04
778,2021-01-12,LOM,20232,6701,13531,20203,0,29,ITC,ITC4,3,Lombardia,Lombardia,10060574,9609161,95.51,0.2
779,2021-05-20,LOM,94439,45639,48800,31238,62557,644,ITC,ITC4,3,Lombardia,Lombardia,10060574,9703600,96.45,0.94
780,2021-05-07,LOM,92311,43705,48606,68369,22402,1540,ITC,ITC4,3,Lombardia,Lombardia,10060574,9795911,97.37,0.92
781,2021-03-18,LOM,27393,10956,16437,15928,11238,227,ITC,ITC4,3,Lombardia,Lombardia,10060574,9823304,97.64,0.27
782,2021-05-14,LOM,85955,41392,44563,53251,30321,2383,ITC,ITC4,3,Lombardia,Lombardia,10060574,9909259,98.5,0.85
783,2021-07-10,LOM,107102,54221,52881,13930,91993,1179,ITC,ITC4,3,Lombardia,Lombardia,10060574,10016361,99.56,1.06
784,2021-06-26,LOM,105872,55428,50444,77787,25685,2400,ITC,ITC4,3,Lombardia,Lombardia,10060574,10122233,100.61,1.05
785,2021-02-10,LOM,14403,4508,9895,7547,6825,31,ITC,ITC4,3,Lombardia,Lombardia,10060574,10136636,100.76,0.14
786,2021-02-03,LOM,25646,7917,17729,1076,24565,5,ITC,ITC4,3,Lombardia,Lombardia,10060574,10162282,101.01,0.25
787,2021-04-01,LOM,42984,17241,25743,26052,16219,713,ITC,ITC4,3,Lombardia,Lombardia,10060574,10205266,101.44,0.43
788,2021-06-01,LOM,93958,46104,47854,75754,17097,1107,ITC,ITC4,3,Lombardia,Lombardia,10060574,10299224,102.37,0.93
789,2021-01-02,LOM,202,74,128,202,0,0,ITC,ITC4,3,Lombardia,Lombardia,10060574,10299426,102.37,0.0
790,2021-06-08,LOM,102875,52295,50580,87145,14055,1675,ITC,ITC4,3,Lombardia,Lombardia,10060574,10402301,103.4,1.02
791,2021-02-28,LOM,7884,3254,4630,7602,210,72,ITC,ITC4,3,Lombardia,Lombardia,10060574,10410185,103.48,0.08
792,2021-04-26,LOM,87966,40929,47037,67032,19165,1769,ITC,ITC4,3,Lombardia,Lombardia,10060574,10498151,104.35,0.87
793,2021-04-12,LOM,47245,20583,26662,32266,14343,636,ITC,ITC4,3,Lombardia,Lombardia,10060574,10545396,104.82,0.47
794,2021-02-21,LOM,5053,1864,3189,4942,17,94,ITC,ITC4,3,Lombardia,Lombardia,10060574,10550449,104.87,0.05
795,2021-04-19,LOM,60117,27349,32768,49443,9404,1270,ITC,ITC4,3,Lombardia,Lombardia,10060574,10610566,105.47,0.6
796,2021-06-15,LOM,95967,48838,47129,49008,45890,1069,ITC,ITC4,3,Lombardia,Lombardia,10060574,10706533,106.42,0.95
797,2021-02-18,EMR,7039,2892,4147,6440,583,16,ITH,ITH5,8,Emilia-Romagna,Emilia-Romagna,4459477,7039,0.16,0.16
798,2021-06-07,EMR,40461,20767,19694,33881,6249,331,ITH,ITH5,8,Emilia-Romagna,Emilia-Romagna,4459477,47500,1.07,0.91
799,2021-06-21,EMR,37517,18969,18548,16394,20861,262,ITH,ITH5,8,Emilia-Romagna,Emilia-Romagna,4459477,85017,1.91,0.84
800,2021-07-08,EMR,41095,20486,20609,4811,36011,273,ITH,ITH5,8,Emilia-Romagna,Emilia-Romagna,4459477,126112,2.83,0.92
801,2021-03-30,EMR,23345,10338,13007,18008,5041,296,ITH,ITH5,8,Emilia-Romagna,Emilia-Romagna,4459477,149457,3.35,0.52
802,2021-01-04,EMR,7316,2528,4788,7313,0,3,ITH,ITH5,8,Emilia-Romagna,Emilia-Romagna,4459477,156773,3.52,0.16
803,2021-04-11,EMR,15278,6935,8343,11981,3048,249,ITH,ITH5,8,Emilia-Romagna,Emilia-Romagna,4459477,172051,3.86,0.34
804,2021-02-11,EMR,4255,1415,2840,3397,842,16,ITH,ITH5,8,Emilia-Romagna,Emilia-Romagna,4459477,176306,3.95,0.1
805,2021-01-30,EMR,10081,3520,6561,140,9940,1,ITH,ITH5,8,Emilia-Romagna,Emilia-Romagna,4459477,186387,4.18,0.23
806,2021-07-15,EMR,48935,25482,23453,8106,40493,336,ITH,ITH5,8,Emilia-Romagna,Emilia-Romagna,4459477,235322,5.28,1.1
807,2021-04-23,EMR,29563,13811,15752,14301,14883,379,ITH,ITH5,8,Emilia-Romagna,Emilia-Romagna,4459477,264885,5.94,0.66
808,2021-01-23,EMR,2448,871,1577,440,2008,0,ITH,ITH5,8,Emilia-Romagna,Emilia-Romagna,4459477,267333,5.99,0.05
809,2021-05-07,EMR,35280,16962,18318,22730,11863,687,ITH,ITH5,8,Emilia-Romagna,Emilia-Romagna,4459477,302613,6.79,0.79
810,2021-07-03,EMR,32021,15881,16140,11772,19956,293,ITH,ITH5,8,Emilia-Romagna,Emilia-Romagna,4459477,334634,7.5,0.72
811,2021-05-26,EMR,33240,14732,18508,9926,22930,384,ITH,ITH5,8,Emilia-Romagna,Emilia-Romagna,4459477,367874,8.25,0.75
812,2021-06-12,EMR,41264,21821,19443,35796,4911,557,ITH,ITH5,8,Emilia-Romagna,Emilia-Romagna,4459477,409138,9.17,0.93
813,2021-03-04,EMR,16452,5350,11102,13344,3017,91,ITH,ITH5,8,Emilia-Romagna,Emilia-Romagna,4459477,425590,9.54,0.37
814,2021-05-24,EMR,29948,13716,16232,17950,11481,517,ITH,ITH5,8,Emilia-Romagna,Emilia-Romagna,4459477,455538,10.22,0.67
815,2021-02-13,EMR,3628,1084,2544,3015,598,15,ITH,ITH5,8,Emilia-Romagna,Emilia-Romagna,4459477,459166,10.3,0.08
816,2021-05-12,EMR,38904,18286,20618,28377,9676,851,ITH,ITH5,8,Emilia-Romagna,Emilia-Romagna,4459477,498070,11.17,0.87
817,2021-02-01,EMR,10320,3610,6710,360,9958,2,ITH,ITH5,8,Emilia-Romagna,Emilia-Romagna,4459477,508390,11.4,0.23
818,2021-01-18,EMR,3128,879,2249,2446,679,3,ITH,ITH5,8,Emilia-Romagna,Emilia-Romagna,4459477,511518,11.47,0.07
819,2021-03-16,EMR,12246,5027,7219,4871,7309,66,ITH,ITH5,8,Emilia-Romagna,Emilia-Romagna,4459477,523764,11.74,0.27
820,2021-01-25,EMR,6462,2146,4316,206,6255,1,ITH,ITH5,8,Emilia-Romagna,Emilia-Romagna,4459477,530226,11.89,0.14
821,2021-07-01,EMR,34456,16838,17618,15332,18812,312,ITH,ITH5,8,Emilia-Romagna,Emilia-Romagna,4459477,564682,12.66,0.77
822,2021-03-23,EMR,18798,8144,10654,11952,6687,159,ITH,ITH5,8,Emilia-Romagna,Emilia-Romagna,4459477,583480,13.08,0.42
823,2021-04-16,EMR,29229,13763,15466,20026,8838,365,ITH,ITH5,8,Emilia-Romagna,Emilia-Romagna,4459477,612709,13.74,0.66
824,2021-01-06,EMR,8287,2955,5332,8286,0,1,ITH,ITH5,8,Emilia-Romagna,Emilia-Romagna,4459477,620996,13.93,0.19
825,2021-04-30,EMR,36606,16788,19818,21188,14795,623,ITH,ITH5,8,Emilia-Romagna,Emilia-Romagna,4459477,657602,14.75,0.82
826,2021-03-28,EMR,13501,6027,7474,9506,3870,125,ITH,ITH5,8,Emilia-Romagna,Emilia-Romagna,4459477,671103,15.05,0.3
827,2021-02-25,EMR,9249,3499,5750,8274,954,21,ITH,ITH5,8,Emilia-Romagna,Emilia-Romagna,4459477,680352,15.26,0.21
828,2021-05-31,EMR,29740,13756,15984,17722,11471,547,ITH,ITH5,8,Emilia-Romagna,Emilia-Romagna,4459477,710092,15.92,0.67
829,2021-02-20,EMR,5319,2094,3225,5049,263,7,ITH,ITH5,8,Emilia-Romagna,Emilia-Romagna,4459477,715411,16.04,0.12
830,2021-01-15,EMR,7750,2404,5346,7742,0,8,ITH,ITH5,8,Emilia-Romagna,Emilia-Romagna,4459477,723161,16.22,0.17
831,2021-06-09,EMR,42986,21845,21141,36159,6359,468,ITH,ITH5,8,Emilia-Romagna,Emilia-Romagna,4459477,766147,17.18,0.96
832,2021-03-01,EMR,10097,3582,6515,7814,2258,25,ITH,ITH5,8,Emilia-Romagna,Emilia-Romagna,4459477,776244,17.41,0.23
833,2021-05-04,EMR,29275,13705,15570,15122,13659,494,ITH,ITH5,8,Emilia-Romagna,Emilia-Romagna,4459477,805519,18.06,0.66
834,2021-04-18,EMR,17504,8396,9108,12362,4918,224,ITH,ITH5,8,Emilia-Romagna,Emilia-Romagna,4459477,823023,18.46,0.39
835,2021-06-14,EMR,41222,21303,19919,27711,13063,448,ITH,ITH5,8,Emilia-Romagna,Emilia-Romagna,4459477,864245,19.38,0.92
836,2021-01-10,EMR,7171,2684,4487,7170,0,1,ITH,ITH5,8,Emilia-Romagna,Emilia-Romagna,4459477,871416,19.54,0.16
837,2021-06-16,EMR,45695,23350,22345,25387,19916,392,ITH,ITH5,8,Emilia-Romagna,Emilia-Romagna,4459477,917111,20.57,1.02
838,2021-05-19,EMR,33730,14963,18767,18028,15182,520,ITH,ITH5,8,Emilia-Romagna,Emilia-Romagna,4459477,950841,21.32,0.76
839,2021-06-02,EMR,24097,12062,12035,18937,4970,190,ITH,ITH5,8,Emilia-Romagna,Emilia-Romagna,4459477,974938,21.86,0.54
840,2021-03-13,EMR,16137,6361,9776,10588,5313,236,ITH,ITH5,8,Emilia-Romagna,Emilia-Romagna,4459477,991075,22.22,0.36
841,2021-07-05,EMR,33071,16124,16947,11453,21301,317,ITH,ITH5,8,Emilia-Romagna,Emilia-Romagna,4459477,1024146,22.97,0.74
842,2021-03-27,EMR,21660,9059,12601,14507,6908,245,ITH,ITH5,8,Emilia-Romagna,Emilia-Romagna,4459477,1045806,23.45,0.49
843,2021-01-13,EMR,9077,2942,6135,9072,0,5,ITH,ITH5,8,Emilia-Romagna,Emilia-Romagna,4459477,1054883,23.65,0.2
844,2021-04-04,EMR,9879,4717,5162,7525,2267,87,ITH,ITH5,8,Emilia-Romagna,Emilia-Romagna,4459477,1064762,23.88,0.22
845,2021-01-11,EMR,9347,3273,6074,9338,0,9,ITH,ITH5,8,Emilia-Romagna,Emilia-Romagna,4459477,1074109,24.09,0.21
846,2021-06-26,EMR,37413,18960,18453,21513,15509,391,ITH,ITH5,8,Emilia-Romagna,Emilia-Romagna,4459477,1111522,24.92,0.84
847,2021-07-10,EMR,41830,21296,20534,7042,34438,350,ITH,ITH5,8,Emilia-Romagna,Emilia-Romagna,4459477,1153352,25.86,0.94
848,2021-06-19,EMR,36606,18321,18285,17022,19376,208,ITH,ITH5,8,Emilia-Romagna,Emilia-Romagna,4459477,1189958,26.68,0.82
849,2021-03-11,EMR,17454,7306,10148,11432,5851,171,ITH,ITH5,8,Emilia-Romagna,Emilia-Romagna,4459477,1207412,27.08,0.39
850,2021-02-06,EMR,7594,2404,5190,2105,5485,4,ITH,ITH5,8,Emilia-Romagna,Emilia-Romagna,4459477,1215006,27.25,0.17
851,2021-03-09,EMR,14758,6020,8738,10710,3953,95,ITH,ITH5,8,Emilia-Romagna,Emilia-Romagna,4459477,1229764,27.58,0.33
852,2021-05-05,EMR,30100,13987,16113,18272,11253,575,ITH,ITH5,8,Emilia-Romagna,Emilia-Romagna,4459477,1259864,28.25,0.67
853,2021-05-23,EMR,25481,11859,13622,13576,11593,312,ITH,ITH5,8,Emilia-Romagna,Emilia-Romagna,4459477,1285345,28.82,0.57
854,2021-05-09,EMR,25609,12251,13358,18230,6968,411,ITH,ITH5,8,Emilia-Romagna,Emilia-Romagna,4459477,1310954,29.4,0.57
855,2021-01-29,EMR,10414,3496,6918,289,10124,1,ITH,ITH5,8,Emilia-Romagna,Emilia-Romagna,4459477,1321368,29.63,0.23
856,2021-02-15,EMR,2904,851,2053,2712,125,67,ITH,ITH5,8,Emilia-Romagna,Emilia-Romagna,4459477,1324272,29.7,0.07
857,2021-01-27,EMR,8362,2948,5414,462,7900,0,ITH,ITH5,8,Emilia-Romagna,Emilia-Romagna,4459477,1332634,29.88,0.19
858,2021-02-27,EMR,10961,3998,6963,9192,1738,31,ITH,ITH5,8,Emilia-Romagna,Emilia-Romagna,4459477,1343595,30.13,0.25
859,2021-04-25,EMR,22351,10240,12111,14394,7511,446,ITH,ITH5,8,Emilia-Romagna,Emilia-Romagna,4459477,1365946,30.63,0.5
860,2021-04-27,EMR,32100,14862,17238,19209,12458,433,ITH,ITH5,8,Emilia-Romagna,Emilia-Romagna,4459477,1398046,31.35,0.72
861,2021-03-08,EMR,12190,5092,7098,9465,2646,79,ITH,ITH5,8,Emilia-Romagna,Emilia-Romagna,4459477,1410236,31.62,0.27
862,2021-04-20,EMR,22625,10406,12219,13884,8354,387,ITH,ITH5,8,Emilia-Romagna,Emilia-Romagna,4459477,1432861,32.13,0.51
863,2021-06-23,EMR,37729,18876,18853,18628,18823,278,ITH,ITH5,8,Emilia-Romagna,Emilia-Romagna,4459477,1470590,32.98,0.85
864,2021-06-30,EMR,34195,17258,16937,18225,15646,324,ITH,ITH5,8,Emilia-Romagna,Emilia-Romagna,4459477,1504785,33.74,0.77
865,2021-06-11,EMR,45808,23790,22018,38734,6503,571,ITH,ITH5,8,Emilia-Romagna,Emilia-Romagna,4459477,1550593,34.77,1.03
866,2021-06-28,EMR,40013,19631,20382,20013,19557,443,ITH,ITH5,8,Emilia-Romagna,Emilia-Romagna,4459477,1590606,35.67,0.9
867,2021-03-20,EMR,16085,6829,9256,8955,6964,166,ITH,ITH5,8,Emilia-Romagna,Emilia-Romagna,4459477,1606691,36.03,0.36
868,2021-04-06,EMR,24747,11173,13574,19718,4744,285,ITH,ITH5,8,Emilia-Romagna,Emilia-Romagna,4459477,1631438,36.58,0.55
869,2020-12-27,EMR,972,373,599,972,0,0,ITH,ITH5,8,Emilia-Romagna,Emilia-Romagna,4459477,1632410,36.61,0.02
870,2021-06-04,EMR,45623,22977,22646,37170,8140,313,ITH,ITH5,8,Emilia-Romagna,Emilia-Romagna,4459477,1678033,37.63,1.02
871,2021-01-20,EMR,1326,270,1056,1324,1,1,ITH,ITH5,8,Emilia-Romagna,Emilia-Romagna,4459477,1679359,37.66,0.03
872,2021-04-13,EMR,23714,11127,12587,19025,4342,347,ITH,ITH5,8,Emilia-Romagna,Emilia-Romagna,4459477,1703073,38.19,0.53
873,2021-01-03,EMR,2763,943,1820,2763,0,0,ITH,ITH5,8,Emilia-Romagna,Emilia-Romagna,4459477,1705836,38.25,0.06
874,2021-05-02,EMR,25578,11651,13927,13185,11990,403,ITH,ITH5,8,Emilia-Romagna,Emilia-Romagna,4459477,1731414,38.83,0.57
875,2021-01-22,EMR,1829,477,1352,1086,741,2,ITH,ITH5,8,Emilia-Romagna,Emilia-Romagna,4459477,1733243,38.87,0.04
876,2021-02-08,EMR,5231,1534,3697,2315,2913,3,ITH,ITH5,8,Emilia-Romagna,Emilia-Romagna,4459477,1738474,38.98,0.12
877,2021-05-16,EMR,25846,12169,13677,18354,7113,379,ITH,ITH5,8,Emilia-Romagna,Emilia-Romagna,4459477,1764320,39.56,0.58
878,2021-02-22,EMR,7482,3091,4391,7197,272,13,ITH,ITH5,8,Emilia-Romagna,Emilia-Romagna,4459477,1771802,39.73,0.17
879,2021-03-25,EMR,21483,9418,12065,14234,6990,259,ITH,ITH5,8,Emilia-Romagna,Emilia-Romagna,4459477,1793285,40.21,0.48
880,2021-05-21,EMR,39280,17532,21748,21628,17040,612,ITH,ITH5,8,Emilia-Romagna,Emilia-Romagna,4459477,1832565,41.09,0.88
881,2021-02-10,EMR,4023,1385,2638,2761,1256,6,ITH,ITH5,8,Emilia-Romagna,Emilia-Romagna,4459477,1836588,41.18,0.09
882,2021-04-08,EMR,31213,14332,16881,25212,5304,697,ITH,ITH5,8,Emilia-Romagna,Emilia-Romagna,4459477,1867801,41.88,0.7
883,2021-03-18,EMR,13675,5806,7869,5584,8000,91,ITH,ITH5,8,Emilia-Romagna,Emilia-Romagna,4459477,1881476,42.19,0.31
884,2021-05-28,EMR,41195,18936,22259,17261,23343,591,ITH,ITH5,8,Emilia-Romagna,Emilia-Romagna,4459477,1922671,43.11,0.92
885,2021-06-13,EMR,28692,14960,13732,24112,4271,309,ITH,ITH5,8,Emilia-Romagna,Emilia-Romagna,4459477,1951363,43.76,0.64
886,2021-03-05,EMR,17865,5843,12022,14291,3454,120,ITH,ITH5,8,Emilia-Romagna,Emilia-Romagna,4459477,1969228,44.16,0.4
887,2021-03-22,EMR,17647,7814,9833,10617,6862,168,ITH,ITH5,8,Emilia-Romagna,Emilia-Romagna,4459477,1986875,44.55,0.4
888,2021-04-22,EMR,29053,13453,15600,14614,14077,362,ITH,ITH5,8,Emilia-Romagna,Emilia-Romagna,4459477,2015928,45.21,0.65
889,2021-01-12,EMR,9476,3124,6352,9466,0,10,ITH,ITH5,8,Emilia-Romagna,Emilia-Romagna,4459477,2025404,45.42,0.21
890,2021-07-16,EMR,13078,6842,6236,1762,11202,114,ITH,ITH5,8,Emilia-Romagna,Emilia-Romagna,4459477,2038482,45.71,0.29
891,2021-06-27,EMR,29537,14857,14680,16524,12719,294,ITH,ITH5,8,Emilia-Romagna,Emilia-Romagna,4459477,2068019,46.37,0.66
892,2021-07-14,EMR,47337,24200,23137,5678,41319,340,ITH,ITH5,8,Emilia-Romagna,Emilia-Romagna,4459477,2115356,47.44,1.06
893,2021-04-05,EMR,14847,6802,8045,11778,2892,177,ITH,ITH5,8,Emilia-Romagna,Emilia-Romagna,4459477,2130203,47.77,0.33
894,2021-04-24,EMR,28635,13243,15392,14048,14230,357,ITH,ITH5,8,Emilia-Romagna,Emilia-Romagna,4459477,2158838,48.41,0.64
895,2021-05-11,EMR,35786,16794,18992,27772,7254,760,ITH,ITH5,8,Emilia-Romagna,Emilia-Romagna,4459477,2194624,49.21,0.8
896,2021-01-31,EMR,7698,2763,4935,241,7457,0,ITH,ITH5,8,Emilia-Romagna,Emilia-Romagna,4459477,2202322,49.39,0.17
897,2021-06-29,EMR,37573,18522,19051,18523,18729,321,ITH,ITH5,8,Emilia-Romagna,Emilia-Romagna,4459477,2239895,50.23,0.84
898,2021-03-21,EMR,11956,5296,6660,7261,4605,90,ITH,ITH5,8,Emilia-Romagna,Emilia-Romagna,4459477,2251851,50.5,0.27
899,2021-05-06,EMR,35927,16602,19325,22155,13056,716,ITH,ITH5,8,Emilia-Romagna,Emilia-Romagna,4459477,2287778,51.3,0.81
900,2021-01-26,EMR,8334,3000,5334,211,8122,1,ITH,ITH5,8,Emilia-Romagna,Emilia-Romagna,4459477,2296112,51.49,0.19
901,2021-07-02,EMR,34678,17054,17624,12678,21669,331,ITH,ITH5,8,Emilia-Romagna,Emilia-Romagna,4459477,2330790,52.27,0.78
902,2021-03-24,EMR,21219,9401,11818,13618,7382,219,ITH,ITH5,8,Emilia-Romagna,Emilia-Romagna,4459477,2352009,52.74,0.48
903,2021-01-24,EMR,2443,885,1558,298,2145,0,ITH,ITH5,8,Emilia-Romagna,Emilia-Romagna,4459477,2354452,52.8,0.05
904,2021-07-09,EMR,44560,22757,21803,5461,38813,286,ITH,ITH5,8,Emilia-Romagna,Emilia-Romagna,4459477,2399012,53.8,1.0
905,2021-01-17,EMR,2890,887,2003,2643,246,1,ITH,ITH5,8,Emilia-Romagna,Emilia-Romagna,4459477,2401902,53.86,0.06
906,2021-04-02,EMR,23395,10553,12842,18560,4481,354,ITH,ITH5,8,Emilia-Romagna,Emilia-Romagna,4459477,2425297,54.39,0.52
907,2021-05-29,EMR,37845,16497,21348,16645,20682,518,ITH,ITH5,8,Emilia-Romagna,Emilia-Romagna,4459477,2463142,55.23,0.85
908,2021-05-01,EMR,28405,12775,15630,15268,12777,360,ITH,ITH5,8,Emilia-Romagna,Emilia-Romagna,4459477,2491547,55.87,0.64
909,2021-04-15,EMR,29349,13981,15368,19246,9674,429,ITH,ITH5,8,Emilia-Romagna,Emilia-Romagna,4459477,2520896,56.53,0.66
910,2021-06-18,EMR,42493,21270,21223,16368,25855,270,ITH,ITH5,8,Emilia-Romagna,Emilia-Romagna,4459477,2563389,57.48,0.95
911,2021-03-10,EMR,18798,7741,11057,12974,5645,179,ITH,ITH5,8,Emilia-Romagna,Emilia-Romagna,4459477,2582187,57.9,0.42
912,2021-05-18,EMR,29111,13248,15863,18088,10535,488,ITH,ITH5,8,Emilia-Romagna,Emilia-Romagna,4459477,2611298,58.56,0.65
913,2021-02-07,EMR,4785,1536,3249,1722,3061,2,ITH,ITH5,8,Emilia-Romagna,Emilia-Romagna,4459477,2616083,58.66,0.11
914,2021-02-24,EMR,9352,3566,5786,8450,885,17,ITH,ITH5,8,Emilia-Romagna,Emilia-Romagna,4459477,2625435,58.87,0.21
915,2021-01-05,EMR,9362,3171,6191,9358,0,4,ITH,ITH5,8,Emilia-Romagna,Emilia-Romagna,4459477,2634797,59.08,0.21
916,2021-04-29,EMR,44951,21134,23817,26591,17548,812,ITH,ITH5,8,Emilia-Romagna,Emilia-Romagna,4459477,2679748,60.09,1.01
917,2021-01-19,EMR,2046,505,1541,2028,17,1,ITH,ITH5,8,Emilia-Romagna,Emilia-Romagna,4459477,2681794,60.14,0.05
918,2021-07-07,EMR,37690,19027,18663,13825,23613,252,ITH,ITH5,8,Emilia-Romagna,Emilia-Romagna,4459477,2719484,60.98,0.85
919,2021-03-29,EMR,21425,9614,11811,16536,4650,239,ITH,ITH5,8,Emilia-Romagna,Emilia-Romagna,4459477,2740909,61.46,0.48
920,2021-02-21,EMR,4450,1708,2742,4000,440,10,ITH,ITH5,8,Emilia-Romagna,Emilia-Romagna,4459477,2745359,61.56,0.1
921,2021-01-08,EMR,10868,3580,7288,10865,0,3,ITH,ITH5,8,Emilia-Romagna,Emilia-Romagna,4459477,2756227,61.81,0.24
922,2021-03-06,EMR,20909,5941,14968,18049,2737,123,ITH,ITH5,8,Emilia-Romagna,Emilia-Romagna,4459477,2777136,62.27,0.47
923,2021-05-20,EMR,40274,18311,21963,18402,21375,497,ITH,ITH5,8,Emilia-Romagna,Emilia-Romagna,4459477,2817410,63.18,0.9
924,2021-06-25,EMR,42486,21509,20977,19796,22274,416,ITH,ITH5,8,Emilia-Romagna,Emilia-Romagna,4459477,2859896,64.13,0.95
925,2021-07-11,EMR,30160,15117,15043,2858,27173,129,ITH,ITH5,8,Emilia-Romagna,Emilia-Romagna,4459477,2890056,64.81,0.68
926,2021-03-31,EMR,25265,11043,14222,19492,5453,320,ITH,ITH5,8,Emilia-Romagna,Emilia-Romagna,4459477,2915321,65.37,0.57
927,2021-07-13,EMR,47980,24572,23408,6651,40972,357,ITH,ITH5,8,Emilia-Romagna,Emilia-Romagna,4459477,2963301,66.45,1.08
928,2021-05-14,EMR,37258,17169,20089,26750,9609,899,ITH,ITH5,8,Emilia-Romagna,Emilia-Romagna,4459477,3000559,67.28,0.84
929,2021-02-03,EMR,9340,2989,6351,964,8375,1,ITH,ITH5,8,Emilia-Romagna,Emilia-Romagna,4459477,3009899,67.49,0.21
930,2021-04-01,EMR,23952,10772,13180,19064,4550,338,ITH,ITH5,8,Emilia-Romagna,Emilia-Romagna,4459477,3033851,68.03,0.54
931,2021-02-17,EMR,6538,2764,3774,5754,772,12,ITH,ITH5,8,Emilia-Romagna,Emilia-Romagna,4459477,3040389,68.18,0.15
932,2021-06-01,EMR,27143,13091,14052,17056,9899,188,ITH,ITH5,8,Emilia-Romagna,Emilia-Romagna,4459477,3067532,68.79,0.61
933,2021-04-12,EMR,19246,9007,10239,14446,4447,353,ITH,ITH5,8,Emilia-Romagna,Emilia-Romagna,4459477,3086778,69.22,0.43
934,2021-06-08,EMR,44916,22987,21929,37109,7457,350,ITH,ITH5,8,Emilia-Romagna,Emilia-Romagna,4459477,3131694,70.23,1.01
935,2021-06-10,EMR,44943,23079,21864,39094,5352,497,ITH,ITH5,8,Emilia-Romagna,Emilia-Romagna,4459477,3176637,71.23,1.01
936,2021-03-02,EMR,12659,4272,8387,10527,2077,55,ITH,ITH5,8,Emilia-Romagna,Emilia-Romagna,4459477,3189296,71.52,0.28
937,2021-03-19,EMR,15925,6972,8953,7799,7969,157,ITH,ITH5,8,Emilia-Romagna,Emilia-Romagna,4459477,3205221,71.87,0.36
938,2021-04-07,EMR,26117,11890,14227,19790,6012,315,ITH,ITH5,8,Emilia-Romagna,Emilia-Romagna,4459477,3231338,72.46,0.59
939,2021-01-14,EMR,8129,2593,5536,8119,0,10,ITH,ITH5,8,Emilia-Romagna,Emilia-Romagna,4459477,3239467,72.64,0.18
940,2021-03-17,EMR,13718,5692,8026,5814,7846,58,ITH,ITH5,8,Emilia-Romagna,Emilia-Romagna,4459477,3253185,72.95,0.31
941,2021-05-13,EMR,35789,16495,19294,27250,7802,737,ITH,ITH5,8,Emilia-Romagna,Emilia-Romagna,4459477,3288974,73.75,0.8
942,2021-03-15,EMR,13447,6247,7200,6849,6500,98,ITH,ITH5,8,Emilia-Romagna,Emilia-Romagna,4459477,3302421,74.05,0.3
943,2021-02-09,EMR,4154,1249,2905,2306,1847,1,ITH,ITH5,8,Emilia-Romagna,Emilia-Romagna,4459477,3306575,74.15,0.09
944,2021-05-15,EMR,33255,14985,18270,22196,10412,647,ITH,ITH5,8,Emilia-Romagna,Emilia-Romagna,4459477,3339830,74.89,0.75
945,2021-02-04,EMR,9920,3201,6719,1229,8690,1,ITH,ITH5,8,Emilia-Romagna,Emilia-Romagna,4459477,3349750,75.12,0.22
946,2021-05-22,EMR,33052,14136,18916,16453,16139,460,ITH,ITH5,8,Emilia-Romagna,Emilia-Romagna,4459477,3382802,75.86,0.74
947,2021-04-09,EMR,25727,11667,14060,19530,5698,499,ITH,ITH5,8,Emilia-Romagna,Emilia-Romagna,4459477,3408529,76.43,0.58
948,2021-02-02,EMR,9474,3048,6426,515,8959,0,ITH,ITH5,8,Emilia-Romagna,Emilia-Romagna,4459477,3418003,76.65,0.21
949,2021-02-05,EMR,9290,2956,6334,1601,7683,6,ITH,ITH5,8,Emilia-Romagna,Emilia-Romagna,4459477,3427293,76.85,0.21
950,2021-06-20,EMR,30704,15582,15122,15931,14646,127,ITH,ITH5,8,Emilia-Romagna,Emilia-Romagna,4459477,3457997,77.54,0.69
951,2021-07-04,EMR,24220,12039,12181,10426,13583,211,ITH,ITH5,8,Emilia-Romagna,Emilia-Romagna,4459477,3482217,78.09,0.54
952,2021-03-26,EMR,23706,10111,13595,16999,6437,270,ITH,ITH5,8,Emilia-Romagna,Emilia-Romagna,4459477,3505923,78.62,0.53
953,2021-03-03,EMR,15859,5253,10606,13322,2485,52,ITH,ITH5,8,Emilia-Romagna,Emilia-Romagna,4459477,3521782,78.97,0.36
954,2021-05-25,EMR,25118,11206,13912,11291,13403,424,ITH,ITH5,8,Emilia-Romagna,Emilia-Romagna,4459477,3546900,79.54,0.56
955,2021-02-14,EMR,1403,378,1025,1275,120,8,ITH,ITH5,8,Emilia-Romagna,Emilia-Romagna,4459477,3548303,79.57,0.03
956,2021-04-19,EMR,20901,9796,11105,14333,6273,295,ITH,ITH5,8,Emilia-Romagna,Emilia-Romagna,4459477,3569204,80.04,0.47
957,2021-01-09,EMR,9988,3452,6536,9984,0,4,ITH,ITH5,8,Emilia-Romagna,Emilia-Romagna,4459477,3579192,80.26,0.22
958,2021-06-15,EMR,43615,22473,21142,28038,15030,547,ITH,ITH5,8,Emilia-Romagna,Emilia-Romagna,4459477,3622807,81.24,0.98
959,2021-03-07,EMR,7840,2959,4881,6288,1520,32,ITH,ITH5,8,Emilia-Romagna,Emilia-Romagna,4459477,3630647,81.41,0.18
960,2021-05-03,EMR,28710,13563,15147,17372,10878,460,ITH,ITH5,8,Emilia-Romagna,Emilia-Romagna,4459477,3659357,82.06,0.64
961,2021-02-28,EMR,6819,2527,4292,4955,1845,19,ITH,ITH5,8,Emilia-Romagna,Emilia-Romagna,4459477,3666176,82.21,0.15
962,2021-04-26,EMR,27907,12938,14969,18029,9323,555,ITH,ITH5,8,Emilia-Romagna,Emilia-Romagna,4459477,3694083,82.84,0.63
963,2021-01-16,EMR,5628,1718,3910,5627,0,1,ITH,ITH5,8,Emilia-Romagna,Emilia-Romagna,4459477,3699711,82.96,0.13
964,2021-03-14,EMR,8802,3839,4963,4941,3798,63,ITH,ITH5,8,Emilia-Romagna,Emilia-Romagna,4459477,3708513,83.16,0.2
965,2021-01-02,EMR,2378,916,1462,2378,0,0,ITH,ITH5,8,Emilia-Romagna,Emilia-Romagna,4459477,3710891,83.21,0.05
966,2021-06-05,EMR,44239,22359,21880,36969,6892,378,ITH,ITH5,8,Emilia-Romagna,Emilia-Romagna,4459477,3755130,84.21,0.99
967,2021-06-22,EMR,36339,18086,18253,16517,19560,262,ITH,ITH5,8,Emilia-Romagna,Emilia-Romagna,4459477,3791469,85.02,0.81
968,2021-07-06,EMR,36592,18389,18203,13197,23100,295,ITH,ITH5,8,Emilia-Romagna,Emilia-Romagna,4459477,3828061,85.84,0.82
969,2021-05-17,EMR,32406,15394,17012,22366,9499,541,ITH,ITH5,8,Emilia-Romagna,Emilia-Romagna,4459477,3860467,86.57,0.73
970,2021-05-27,EMR,42248,18742,23506,13623,28193,432,ITH,ITH5,8,Emilia-Romagna,Emilia-Romagna,4459477,3902715,87.52,0.95
971,2021-02-16,EMR,5772,2446,3326,5227,531,14,ITH,ITH5,8,Emilia-Romagna,Emilia-Romagna,4459477,3908487,87.64,0.13
972,2021-05-10,EMR,33843,16126,17717,26015,7245,583,ITH,ITH5,8,Emilia-Romagna,Emilia-Romagna,4459477,3942330,88.4,0.76
973,2021-04-21,EMR,23961,10964,12997,13856,9745,360,ITH,ITH5,8,Emilia-Romagna,Emilia-Romagna,4459477,3966291,88.94,0.54
974,2021-04-14,EMR,27043,12844,14199,20511,6104,428,ITH,ITH5,8,Emilia-Romagna,Emilia-Romagna,4459477,3993334,89.55,0.61
975,2021-01-21,EMR,2165,729,1436,819,1346,0,ITH,ITH5,8,Emilia-Romagna,Emilia-Romagna,4459477,3995499,89.6,0.05
976,2021-06-03,EMR,37874,18426,19448,30099,7516,259,ITH,ITH5,8,Emilia-Romagna,Emilia-Romagna,4459477,4033373,90.44,0.85
977,2021-02-23,EMR,8216,3219,4997,7819,386,11,ITH,ITH5,8,Emilia-Romagna,Emilia-Romagna,4459477,4041589,90.63,0.18
978,2021-03-12,EMR,18306,7701,10605,11305,6717,284,ITH,ITH5,8,Emilia-Romagna,Emilia-Romagna,4459477,4059895,91.04,0.41
979,2021-05-08,EMR,32345,15095,17250,20375,11421,549,ITH,ITH5,8,Emilia-Romagna,Emilia-Romagna,4459477,4092240,91.77,0.73
980,2021-01-28,EMR,10255,3339,6916,348,9907,0,ITH,ITH5,8,Emilia-Romagna,Emilia-Romagna,4459477,4102495,91.99,0.23
981,2021-07-12,EMR,43565,22059,21506,5455,37807,303,ITH,ITH5,8,Emilia-Romagna,Emilia-Romagna,4459477,4146060,92.97,0.98
982,2021-02-12,EMR,5313,1673,3640,3886,1403,24,ITH,ITH5,8,Emilia-Romagna,Emilia-Romagna,4459477,4151373,93.09,0.12
983,2021-04-10,EMR,20921,9301,11620,16445,4143,333,ITH,ITH5,8,Emilia-Romagna,Emilia-Romagna,4459477,4172294,93.56,0.47
984,2021-04-17,EMR,27302,13075,14227,17571,9345,386,ITH,ITH5,8,Emilia-Romagna,Emilia-Romagna,4459477,4199596,94.17,0.61
985,2021-01-07,EMR,10275,3407,6868,10271,0,4,ITH,ITH5,8,Emilia-Romagna,Emilia-Romagna,4459477,4209871,94.4,0.23
986,2021-04-03,EMR,19939,8767,11172,15954,3740,245,ITH,ITH5,8,Emilia-Romagna,Emilia-Romagna,4459477,4229810,94.85,0.45
987,2021-05-30,EMR,27075,12792,14283,12976,13693,406,ITH,ITH5,8,Emilia-Romagna,Emilia-Romagna,4459477,4256885,95.46,0.61
988,2021-02-19,EMR,7327,3010,4317,6800,514,13,ITH,ITH5,8,Emilia-Romagna,Emilia-Romagna,4459477,4264212,95.62,0.16
989,2020-12-31,EMR,2215,780,1435,2214,0,1,ITH,ITH5,8,Emilia-Romagna,Emilia-Romagna,4459477,4266427,95.67,0.05
990,2021-06-06,EMR,36564,18984,17580,31993,4406,165,ITH,ITH5,8,Emilia-Romagna,Emilia-Romagna,4459477,4302991,96.49,0.82
991,2021-02-26,EMR,9634,3673,5961,8566,1048,20,ITH,ITH5,8,Emilia-Romagna,Emilia-Romagna,4459477,4312625,96.71,0.22
992,2021-04-28,EMR,33718,15590,18128,20253,12887,578,ITH,ITH5,8,Emilia-Romagna,Emilia-Romagna,4459477,4346343,97.46,0.76
993,2021-06-24,EMR,40298,20166,20132,20395,19543,360,ITH,ITH5,8,Emilia-Romagna,Emilia-Romagna,4459477,4386641,98.37,0.9
994,2021-06-17,EMR,46302,23403,22899,21805,24140,357,ITH,ITH5,8,Emilia-Romagna,Emilia-Romagna,4459477,4432943,99.4,1.04
995,2021-05-04,BAS,4138,1991,2147,3566,523,49,ITF,ITF5,17,Basilicata,Basilicata,559084,4138,0.74,0.74
996,2021-03-08,BAS,1463,715,748,818,615,30,ITF,ITF5,17,Basilicata,Basilicata,559084,5601,1.0,0.26
997,2021-06-16,BAS,4599,2084,2515,2123,2456,20,ITF,ITF5,17,Basilicata,Basilicata,559084,10200,1.82,0.82
998,2021-04-08,BAS,767,352,415,742,10,15,ITF,ITF5,17,Basilicata,Basilicata,559084,10967,1.96,0.14
999,2021-04-22,BAS,5044,2349,2695,3379,1610,55,ITF,ITF5,17,Basilicata,Basilicata,559084,16011,2.86,0.9
1000,2021-06-30,BAS,3453,1669,1784,2315,1112,26,ITF,ITF5,17,Basilicata,Basilicata,559084,19464,3.48,0.62
1001,2021-02-17,BAS,1135,493,642,1057,76,2,ITF,ITF5,17,Basilicata,Basilicata,559084,20599,3.68,0.2
1002,2021-05-28,BAS,3615,1810,1805,919,2663,33,ITF,ITF5,17,Basilicata,Basilicata,559084,24214,4.33,0.65
1003,2021-01-10,BAS,77,24,53,77,0,0,ITF,ITF5,17,Basilicata,Basilicata,559084,24291,4.34,0.01
1004,2021-04-20,BAS,4071,1937,2134,2180,1867,24,ITF,ITF5,17,Basilicata,Basilicata,559084,28362,5.07,0.73
1005,2021-01-08,BAS,554,219,335,554,0,0,ITF,ITF5,17,Basilicata,Basilicata,559084,28916,5.17,0.1
1006,2021-03-15,BAS,2362,987,1375,508,1838,16,ITF,ITF5,17,Basilicata,Basilicata,559084,31278,5.59,0.42
1007,2021-01-17,BAS,329,133,196,328,1,0,ITF,ITF5,17,Basilicata,Basilicata,559084,31607,5.65,0.06
1008,2021-01-22,BAS,67,24,43,67,0,0,ITF,ITF5,17,Basilicata,Basilicata,559084,31674,5.67,0.01
1009,2021-05-02,BAS,4181,2001,2180,3492,629,60,ITF,ITF5,17,Basilicata,Basilicata,559084,35855,6.41,0.75
1010,2021-04-15,BAS,3386,1659,1727,2589,754,43,ITF,ITF5,17,Basilicata,Basilicata,559084,39241,7.02,0.61
1011,2021-05-30,BAS,2776,1420,1356,919,1852,5,ITF,ITF5,17,Basilicata,Basilicata,559084,42017,7.52,0.5
1012,2021-04-03,BAS,1809,750,1059,1461,336,12,ITF,ITF5,17,Basilicata,Basilicata,559084,43826,7.84,0.32
1013,2021-02-05,BAS,990,445,545,63,926,1,ITF,ITF5,17,Basilicata,Basilicata,559084,44816,8.02,0.18
1014,2021-07-12,BAS,5442,2593,2849,1606,3810,26,ITF,ITF5,17,Basilicata,Basilicata,559084,50258,8.99,0.97
1015,2021-06-04,BAS,4831,2288,2543,3749,1046,36,ITF,ITF5,17,Basilicata,Basilicata,559084,55089,9.85,0.86
1016,2021-02-24,BAS,1807,743,1064,1723,73,11,ITF,ITF5,17,Basilicata,Basilicata,559084,56896,10.18,0.32
1017,2021-02-22,BAS,1791,773,1018,1730,53,8,ITF,ITF5,17,Basilicata,Basilicata,559084,58687,10.5,0.32
1018,2021-03-25,BAS,1884,604,1280,1519,344,21,ITF,ITF5,17,Basilicata,Basilicata,559084,60571,10.83,0.34
1019,2021-01-27,BAS,413,175,238,113,300,0,ITF,ITF5,17,Basilicata,Basilicata,559084,60984,10.91,0.07
1020,2021-02-10,BAS,549,238,311,495,52,2,ITF,ITF5,17,Basilicata,Basilicata,559084,61533,11.01,0.1
1021,2021-05-21,BAS,4578,2322,2256,1480,3086,12,ITF,ITF5,17,Basilicata,Basilicata,559084,66111,11.82,0.82
1022,2021-04-01,BAS,2722,1115,1607,1971,723,28,ITF,ITF5,17,Basilicata,Basilicata,559084,68833,12.31,0.49
1023,2021-02-03,BAS,670,301,369,32,638,0,ITF,ITF5,17,Basilicata,Basilicata,559084,69503,12.43,0.12
1024,2021-01-15,BAS,817,352,465,817,0,0,ITF,ITF5,17,Basilicata,Basilicata,559084,70320,12.58,0.15
1025,2020-12-27,BAS,106,41,65,106,0,0,ITF,ITF5,17,Basilicata,Basilicata,559084,70426,12.6,0.02
1026,2021-03-20,BAS,1294,573,721,274,1013,7,ITF,ITF5,17,Basilicata,Basilicata,559084,71720,12.83,0.23
1027,2021-06-28,BAS,3640,1745,1895,2113,1509,18,ITF,ITF5,17,Basilicata,Basilicata,559084,75360,13.48,0.65
1028,2021-03-06,BAS,1362,539,823,750,600,12,ITF,ITF5,17,Basilicata,Basilicata,559084,76722,13.72,0.24
1029,2021-06-09,BAS,4424,2072,2352,3968,424,32,ITF,ITF5,17,Basilicata,Basilicata,559084,81146,14.51,0.79
1030,2021-04-13,BAS,2119,1053,1066,1285,817,17,ITF,ITF5,17,Basilicata,Basilicata,559084,83265,14.89,0.38
1031,2021-03-01,BAS,550,286,264,383,167,0,ITF,ITF5,17,Basilicata,Basilicata,559084,83815,14.99,0.1
1032,2021-06-18,BAS,4463,2065,2398,2179,2258,26,ITF,ITF5,17,Basilicata,Basilicata,559084,88278,15.79,0.8
1033,2021-01-24,BAS,842,305,537,57,784,1,ITF,ITF5,17,Basilicata,Basilicata,559084,89120,15.94,0.15
1034,2021-05-13,BAS,5986,2967,3019,3300,2596,90,ITF,ITF5,17,Basilicata,Basilicata,559084,95106,17.01,1.07
1035,2021-04-27,BAS,4727,2242,2485,4351,325,51,ITF,ITF5,17,Basilicata,Basilicata,559084,99833,17.86,0.85
1036,2021-06-27,BAS,3007,1477,1530,2378,615,14,ITF,ITF5,17,Basilicata,Basilicata,559084,102840,18.39,0.54
1037,2021-06-11,BAS,4243,1986,2257,3171,1028,44,ITF,ITF5,17,Basilicata,Basilicata,559084,107083,19.15,0.76
1038,2021-05-11,BAS,2654,1354,1300,1597,1033,24,ITF,ITF5,17,Basilicata,Basilicata,559084,109737,19.63,0.47
1039,2021-07-14,BAS,5659,2726,2933,1628,4006,25,ITF,ITF5,17,Basilicata,Basilicata,559084,115396,20.64,1.01
1040,2021-04-05,BAS,724,233,491,412,302,10,ITF,ITF5,17,Basilicata,Basilicata,559084,116120,20.77,0.13
1041,2021-07-07,BAS,5208,2474,2734,2022,3174,12,ITF,ITF5,17,Basilicata,Basilicata,559084,121328,21.7,0.93
1042,2021-01-03,BAS,901,344,557,901,0,0,ITF,ITF5,17,Basilicata,Basilicata,559084,122229,21.86,0.16
1043,2021-05-16,BAS,4972,2468,2504,2811,2113,48,ITF,ITF5,17,Basilicata,Basilicata,559084,127201,22.75,0.89
1044,2021-05-23,BAS,4518,2302,2216,1527,2984,7,ITF,ITF5,17,Basilicata,Basilicata,559084,131719,23.56,0.81
1045,2021-03-27,BAS,2253,864,1389,1808,431,14,ITF,ITF5,17,Basilicata,Basilicata,559084,133972,23.96,0.4
1046,2021-07-05,BAS,3269,1614,1655,2214,1022,33,ITF,ITF5,17,Basilicata,Basilicata,559084,137241,24.55,0.58
1047,2021-05-09,BAS,4683,2339,2344,2940,1694,49,ITF,ITF5,17,Basilicata,Basilicata,559084,141924,25.39,0.84
1048,2021-02-15,BAS,622,232,390,566,42,14,ITF,ITF5,17,Basilicata,Basilicata,559084,142546,25.5,0.11
1049,2021-01-29,BAS,617,231,386,63,554,0,ITF,ITF5,17,Basilicata,Basilicata,559084,143163,25.61,0.11
1050,2021-03-05,BAS,1857,858,999,1096,748,13,ITF,ITF5,17,Basilicata,Basilicata,559084,145020,25.94,0.33
1051,2021-06-13,BAS,3017,1440,1577,2679,308,30,ITF,ITF5,17,Basilicata,Basilicata,559084,148037,26.48,0.54
1052,2021-06-01,BAS,6136,2926,3210,3033,3076,27,ITF,ITF5,17,Basilicata,Basilicata,559084,154173,27.58,1.1
1053,2021-06-08,BAS,4585,2194,2391,4190,357,38,ITF,ITF5,17,Basilicata,Basilicata,559084,158758,28.4,0.82
1054,2021-06-23,BAS,3290,1549,1741,2382,876,32,ITF,ITF5,17,Basilicata,Basilicata,559084,162048,28.98,0.59
1055,2021-03-13,BAS,1799,890,909,735,1045,19,ITF,ITF5,17,Basilicata,Basilicata,559084,163847,29.31,0.32
1056,2021-02-07,BAS,378,159,219,49,329,0,ITF,ITF5,17,Basilicata,Basilicata,559084,164225,29.37,0.07
1057,2021-05-18,BAS,5897,2857,3040,3385,2492,20,ITF,ITF5,17,Basilicata,Basilicata,559084,170122,30.43,1.05
1058,2021-05-01,BAS,4706,2138,2568,3887,752,67,ITF,ITF5,17,Basilicata,Basilicata,559084,174828,31.27,0.84
1059,2021-05-08,BAS,4836,2401,2435,3385,1409,42,ITF,ITF5,17,Basilicata,Basilicata,559084,179664,32.14,0.86
1060,2021-03-10,BAS,1681,843,838,833,839,9,ITF,ITF5,17,Basilicata,Basilicata,559084,181345,32.44,0.3
1061,2021-01-26,BAS,803,355,448,101,702,0,ITF,ITF5,17,Basilicata,Basilicata,559084,182148,32.58,0.14
1062,2021-05-06,BAS,5066,2439,2627,3431,1584,51,ITF,ITF5,17,Basilicata,Basilicata,559084,187214,33.49,0.91
1063,2021-04-29,BAS,4832,2385,2447,4339,421,72,ITF,ITF5,17,Basilicata,Basilicata,559084,192046,34.35,0.86
1064,2021-03-17,BAS,1457,611,846,24,1429,4,ITF,ITF5,17,Basilicata,Basilicata,559084,193503,34.61,0.26
1065,2021-01-19,BAS,199,84,115,199,0,0,ITF,ITF5,17,Basilicata,Basilicata,559084,193702,34.65,0.04
1066,2021-06-25,BAS,3317,1572,1745,2453,831,33,ITF,ITF5,17,Basilicata,Basilicata,559084,197019,35.24,0.59
1067,2021-07-04,BAS,3109,1562,1547,2163,921,25,ITF,ITF5,17,Basilicata,Basilicata,559084,200128,35.8,0.56
1068,2021-03-24,BAS,1899,724,1175,1479,398,22,ITF,ITF5,17,Basilicata,Basilicata,559084,202027,36.14,0.34
1069,2021-07-09,BAS,5346,2613,2733,1700,3637,9,ITF,ITF5,17,Basilicata,Basilicata,559084,207373,37.09,0.96
1070,2021-04-17,BAS,3461,1655,1806,2171,1262,28,ITF,ITF5,17,Basilicata,Basilicata,559084,210834,37.71,0.62
1071,2021-03-29,BAS,2470,892,1578,2132,287,51,ITF,ITF5,17,Basilicata,Basilicata,559084,213304,38.15,0.44
1072,2021-01-05,BAS,947,409,538,947,0,0,ITF,ITF5,17,Basilicata,Basilicata,559084,214251,38.32,0.17
1073,2021-06-20,BAS,4011,1884,2127,1941,2036,34,ITF,ITF5,17,Basilicata,Basilicata,559084,218262,39.04,0.72
1074,2021-05-27,BAS,3606,1858,1748,1063,2529,14,ITF,ITF5,17,Basilicata,Basilicata,559084,221868,39.68,0.64
1075,2021-04-24,BAS,4544,2198,2346,3475,1014,55,ITF,ITF5,17,Basilicata,Basilicata,559084,226412,40.5,0.81
1076,2021-07-16,BAS,2962,1466,1496,833,2108,21,ITF,ITF5,17,Basilicata,Basilicata,559084,229374,41.03,0.53
1077,2021-03-22,BAS,1190,537,653,634,548,8,ITF,ITF5,17,Basilicata,Basilicata,559084,230564,41.24,0.21
1078,2021-03-03,BAS,1748,818,930,1167,559,22,ITF,ITF5,17,Basilicata,Basilicata,559084,232312,41.55,0.31
1079,2021-05-25,BAS,4199,2114,2085,867,3322,10,ITF,ITF5,17,Basilicata,Basilicata,559084,236511,42.3,0.75
1080,2021-02-14,BAS,151,48,103,105,0,46,ITF,ITF5,17,Basilicata,Basilicata,559084,236662,42.33,0.03
1081,2021-01-31,BAS,77,24,53,0,77,0,ITF,ITF5,17,Basilicata,Basilicata,559084,236739,42.34,0.01
1082,2021-01-12,BAS,217,88,129,217,0,0,ITF,ITF5,17,Basilicata,Basilicata,559084,236956,42.38,0.04
1083,2021-01-07,BAS,641,319,322,641,0,0,ITF,ITF5,17,Basilicata,Basilicata,559084,237597,42.5,0.11
1084,2021-02-19,BAS,1623,738,885,1556,62,5,ITF,ITF5,17,Basilicata,Basilicata,559084,239220,42.79,0.29
1085,2021-02-12,BAS,777,332,445,744,32,1,ITF,ITF5,17,Basilicata,Basilicata,559084,239997,42.93,0.14
1086,2021-02-26,BAS,2152,904,1248,2065,81,6,ITF,ITF5,17,Basilicata,Basilicata,559084,242149,43.31,0.38
1087,2021-05-20,BAS,5878,2977,2901,2883,2967,28,ITF,ITF5,17,Basilicata,Basilicata,559084,248027,44.36,1.05
1088,2021-06-06,BAS,4513,2074,2439,3696,779,38,ITF,ITF5,17,Basilicata,Basilicata,559084,252540,45.17,0.81
1089,2021-03-14,BAS,1010,477,533,529,469,12,ITF,ITF5,17,Basilicata,Basilicata,559084,253550,45.35,0.18
1090,2021-03-31,BAS,3100,1261,1839,2288,782,30,ITF,ITF5,17,Basilicata,Basilicata,559084,256650,45.91,0.55
1091,2021-06-22,BAS,4364,2067,2297,2230,2102,32,ITF,ITF5,17,Basilicata,Basilicata,559084,261014,46.69,0.78
1092,2021-06-05,BAS,4800,2210,2590,3824,941,35,ITF,ITF5,17,Basilicata,Basilicata,559084,265814,47.54,0.86
1093,2021-04-14,BAS,2044,1001,1043,1353,675,16,ITF,ITF5,17,Basilicata,Basilicata,559084,267858,47.91,0.37
1094,2021-01-21,BAS,30,10,20,30,0,0,ITF,ITF5,17,Basilicata,Basilicata,559084,267888,47.92,0.01
1095,2021-01-04,BAS,608,271,337,608,0,0,ITF,ITF5,17,Basilicata,Basilicata,559084,268496,48.02,0.11
1096,2021-07-06,BAS,4072,1942,2130,2033,2005,34,ITF,ITF5,17,Basilicata,Basilicata,559084,272568,48.75,0.73
1097,2021-01-23,BAS,724,308,416,33,691,0,ITF,ITF5,17,Basilicata,Basilicata,559084,273292,48.88,0.13
1098,2021-05-03,BAS,4510,2042,2468,3621,827,62,ITF,ITF5,17,Basilicata,Basilicata,559084,277802,49.69,0.81
1099,2021-02-09,BAS,491,213,278,316,175,0,ITF,ITF5,17,Basilicata,Basilicata,559084,278293,49.78,0.09
1100,2021-06-21,BAS,4253,2042,2211,2142,2092,19,ITF,ITF5,17,Basilicata,Basilicata,559084,282546,50.54,0.76
1101,2021-06-19,BAS,4465,2178,2287,2370,2073,22,ITF,ITF5,17,Basilicata,Basilicata,559084,287011,51.34,0.8
1102,2021-05-15,BAS,6529,3344,3185,3875,2571,83,ITF,ITF5,17,Basilicata,Basilicata,559084,293540,52.5,1.17
1103,2021-04-02,BAS,2340,1056,1284,1714,605,21,ITF,ITF5,17,Basilicata,Basilicata,559084,295880,52.92,0.42
1104,2021-02-04,BAS,1099,443,656,63,1036,0,ITF,ITF5,17,Basilicata,Basilicata,559084,296979,53.12,0.2
1105,2021-07-11,BAS,5032,2405,2627,1510,3497,25,ITF,ITF5,17,Basilicata,Basilicata,559084,302011,54.02,0.9
1106,2021-02-02,BAS,367,143,224,174,192,1,ITF,ITF5,17,Basilicata,Basilicata,559084,302378,54.08,0.07
1107,2021-04-09,BAS,1151,350,801,1064,63,24,ITF,ITF5,17,Basilicata,Basilicata,559084,303529,54.29,0.21
1108,2021-07-13,BAS,5857,2825,3032,1773,4036,48,ITF,ITF5,17,Basilicata,Basilicata,559084,309386,55.34,1.05
1109,2021-02-27,BAS,1993,861,1132,1812,164,17,ITF,ITF5,17,Basilicata,Basilicata,559084,311379,55.69,0.36
1110,2021-06-07,BAS,4239,1920,2319,3886,315,38,ITF,ITF5,17,Basilicata,Basilicata,559084,315618,56.45,0.76
1111,2021-04-11,BAS,892,349,543,758,105,29,ITF,ITF5,17,Basilicata,Basilicata,559084,316510,56.61,0.16
1112,2021-05-10,BAS,4804,2382,2422,2718,2042,44,ITF,ITF5,17,Basilicata,Basilicata,559084,321314,57.47,0.86
1113,2021-03-19,BAS,2297,995,1302,259,2031,7,ITF,ITF5,17,Basilicata,Basilicata,559084,323611,57.88,0.41
1114,2021-02-16,BAS,907,377,530,790,98,19,ITF,ITF5,17,Basilicata,Basilicata,559084,324518,58.04,0.16
1115,2021-01-28,BAS,907,402,505,119,788,0,ITF,ITF5,17,Basilicata,Basilicata,559084,325425,58.21,0.16
1116,2021-01-14,BAS,969,413,556,969,0,0,ITF,ITF5,17,Basilicata,Basilicata,559084,326394,58.38,0.17
1117,2021-04-07,BAS,1212,552,660,1156,36,20,ITF,ITF5,17,Basilicata,Basilicata,559084,327606,58.6,0.22
1118,2021-04-25,BAS,2988,1457,1531,2904,52,32,ITF,ITF5,17,Basilicata,Basilicata,559084,330594,59.13,0.53
1119,2021-05-12,BAS,4726,2328,2398,2796,1882,48,ITF,ITF5,17,Basilicata,Basilicata,559084,335320,59.98,0.85
1120,2021-07-02,BAS,3691,1839,1852,2485,1177,29,ITF,ITF5,17,Basilicata,Basilicata,559084,339011,60.64,0.66
1121,2021-02-11,BAS,952,401,551,867,83,2,ITF,ITF5,17,Basilicata,Basilicata,559084,339963,60.81,0.17
1122,2021-05-22,BAS,5488,2723,2765,1926,3551,11,ITF,ITF5,17,Basilicata,Basilicata,559084,345451,61.79,0.98
1123,2021-04-04,BAS,610,225,385,191,413,6,ITF,ITF5,17,Basilicata,Basilicata,559084,346061,61.9,0.11
1124,2021-04-10,BAS,1033,378,655,924,83,26,ITF,ITF5,17,Basilicata,Basilicata,559084,347094,62.08,0.18
1125,2021-06-24,BAS,4127,1954,2173,2187,1903,37,ITF,ITF5,17,Basilicata,Basilicata,559084,351221,62.82,0.74
1126,2021-04-28,BAS,4707,2158,2549,4207,441,59,ITF,ITF5,17,Basilicata,Basilicata,559084,355928,63.66,0.84
1127,2021-03-02,BAS,800,387,413,659,136,5,ITF,ITF5,17,Basilicata,Basilicata,559084,356728,63.81,0.14
1128,2021-06-10,BAS,4350,2104,2246,3873,441,36,ITF,ITF5,17,Basilicata,Basilicata,559084,361078,64.58,0.78
1129,2021-06-17,BAS,4440,2044,2396,2089,2327,24,ITF,ITF5,17,Basilicata,Basilicata,559084,365518,65.38,0.79
1130,2021-04-21,BAS,3928,1836,2092,2244,1655,29,ITF,ITF5,17,Basilicata,Basilicata,559084,369446,66.08,0.7
1131,2021-03-28,BAS,2143,743,1400,2109,17,17,ITF,ITF5,17,Basilicata,Basilicata,559084,371589,66.46,0.38
1132,2021-03-11,BAS,1794,928,866,817,959,18,ITF,ITF5,17,Basilicata,Basilicata,559084,373383,66.78,0.32
1133,2021-03-26,BAS,1955,703,1252,1669,260,26,ITF,ITF5,17,Basilicata,Basilicata,559084,375338,67.13,0.35
1134,2021-02-13,BAS,800,314,486,701,61,38,ITF,ITF5,17,Basilicata,Basilicata,559084,376138,67.28,0.14
1135,2021-05-24,BAS,4833,2343,2490,1090,3730,13,ITF,ITF5,17,Basilicata,Basilicata,559084,380971,68.14,0.86
1136,2021-06-02,BAS,5959,2804,3155,4375,1543,41,ITF,ITF5,17,Basilicata,Basilicata,559084,386930,69.21,1.07
1137,2021-04-18,BAS,3717,1843,1874,2329,1366,22,ITF,ITF5,17,Basilicata,Basilicata,559084,390647,69.87,0.66
1138,2021-02-20,BAS,1163,532,631,1044,119,0,ITF,ITF5,17,Basilicata,Basilicata,559084,391810,70.08,0.21
1139,2021-05-31,BAS,4229,2009,2220,1713,2508,8,ITF,ITF5,17,Basilicata,Basilicata,559084,396039,70.84,0.76
1140,2021-02-18,BAS,1070,401,669,852,215,3,ITF,ITF5,17,Basilicata,Basilicata,559084,397109,71.03,0.19
1141,2021-06-29,BAS,3866,1886,1980,2801,1039,26,ITF,ITF5,17,Basilicata,Basilicata,559084,400975,71.72,0.69
1142,2021-03-21,BAS,1104,508,596,405,697,2,ITF,ITF5,17,Basilicata,Basilicata,559084,402079,71.92,0.2
1143,2021-05-29,BAS,3060,1534,1526,826,2225,9,ITF,ITF5,17,Basilicata,Basilicata,559084,405139,72.46,0.55
1144,2021-02-23,BAS,1902,771,1131,1746,139,17,ITF,ITF5,17,Basilicata,Basilicata,559084,407041,72.8,0.34
1145,2021-06-03,BAS,4922,2258,2664,3704,1180,38,ITF,ITF5,17,Basilicata,Basilicata,559084,411963,73.69,0.88
1146,2021-03-12,BAS,1908,981,927,780,1102,26,ITF,ITF5,17,Basilicata,Basilicata,559084,413871,74.03,0.34
1147,2021-05-17,BAS,5542,2734,2808,3360,2133,49,ITF,ITF5,17,Basilicata,Basilicata,559084,419413,75.02,0.99
1148,2021-01-18,BAS,463,157,306,364,99,0,ITF,ITF5,17,Basilicata,Basilicata,559084,419876,75.1,0.08
1149,2021-03-16,BAS,1911,805,1106,226,1682,3,ITF,ITF5,17,Basilicata,Basilicata,559084,421787,75.44,0.34
1150,2021-05-05,BAS,4334,2048,2286,3378,890,66,ITF,ITF5,17,Basilicata,Basilicata,559084,426121,76.22,0.78
1151,2021-03-09,BAS,1406,718,688,779,609,18,ITF,ITF5,17,Basilicata,Basilicata,559084,427527,76.47,0.25
1152,2021-01-25,BAS,1027,430,597,73,953,1,ITF,ITF5,17,Basilicata,Basilicata,559084,428554,76.65,0.18
1153,2021-01-11,BAS,183,66,117,183,0,0,ITF,ITF5,17,Basilicata,Basilicata,559084,428737,76.69,0.03
1154,2021-03-30,BAS,2780,1171,1609,2419,346,15,ITF,ITF5,17,Basilicata,Basilicata,559084,431517,77.18,0.5
1155,2021-07-08,BAS,5138,2429,2709,1854,3260,24,ITF,ITF5,17,Basilicata,Basilicata,559084,436655,78.1,0.92
1156,2021-01-06,BAS,294,129,165,294,0,0,ITF,ITF5,17,Basilicata,Basilicata,559084,436949,78.15,0.05
1157,2021-04-16,BAS,3321,1634,1687,2400,898,23,ITF,ITF5,17,Basilicata,Basilicata,559084,440270,78.75,0.59
1158,2021-07-15,BAS,6538,3245,3293,1678,4835,25,ITF,ITF5,17,Basilicata,Basilicata,559084,446808,79.92,1.17
1159,2021-04-06,BAS,1274,465,809,1075,184,15,ITF,ITF5,17,Basilicata,Basilicata,559084,448082,80.15,0.23
1160,2021-06-14,BAS,4825,2156,2669,2092,2709,24,ITF,ITF5,17,Basilicata,Basilicata,559084,452907,81.01,0.86
1161,2021-03-23,BAS,1592,611,981,1407,168,17,ITF,ITF5,17,Basilicata,Basilicata,559084,454499,81.29,0.28
1162,2021-07-01,BAS,3706,1855,1851,2563,1110,33,ITF,ITF5,17,Basilicata,Basilicata,559084,458205,81.96,0.66
1163,2021-02-08,BAS,558,193,365,151,407,0,ITF,ITF5,17,Basilicata,Basilicata,559084,458763,82.06,0.1
1164,2021-05-19,BAS,2872,1499,1373,1183,1676,13,ITF,ITF5,17,Basilicata,Basilicata,559084,461635,82.57,0.51
1165,2021-02-25,BAS,1789,738,1051,1732,46,11,ITF,ITF5,17,Basilicata,Basilicata,559084,463424,82.89,0.32
1166,2021-02-06,BAS,907,370,537,146,761,0,ITF,ITF5,17,Basilicata,Basilicata,559084,464331,83.05,0.16
1167,2021-04-30,BAS,5286,2376,2910,4066,1163,57,ITF,ITF5,17,Basilicata,Basilicata,559084,469617,84.0,0.95
1168,2021-01-20,BAS,85,22,63,84,1,0,ITF,ITF5,17,Basilicata,Basilicata,559084,469702,84.01,0.02
1169,2021-02-01,BAS,243,91,152,46,197,0,ITF,ITF5,17,Basilicata,Basilicata,559084,469945,84.06,0.04
1170,2021-05-26,BAS,4488,2259,2229,1677,2782,29,ITF,ITF5,17,Basilicata,Basilicata,559084,474433,84.86,0.8
1171,2021-01-13,BAS,916,387,529,916,0,0,ITF,ITF5,17,Basilicata,Basilicata,559084,475349,85.02,0.16
1172,2021-04-23,BAS,4537,2186,2351,3481,997,59,ITF,ITF5,17,Basilicata,Basilicata,559084,479886,85.83,0.81
1173,2021-01-30,BAS,707,229,478,129,578,0,ITF,ITF5,17,Basilicata,Basilicata,559084,480593,85.96,0.13
1174,2021-03-04,BAS,1887,894,993,1064,800,23,ITF,ITF5,17,Basilicata,Basilicata,559084,482480,86.3,0.34
1175,2021-06-12,BAS,3674,1689,1985,2958,677,39,ITF,ITF5,17,Basilicata,Basilicata,559084,486154,86.96,0.66
1176,2021-04-12,BAS,2171,1052,1119,1654,488,29,ITF,ITF5,17,Basilicata,Basilicata,559084,488325,87.34,0.39
1177,2021-04-19,BAS,4166,1913,2253,2398,1638,130,ITF,ITF5,17,Basilicata,Basilicata,559084,492491,88.09,0.75
1178,2021-06-15,BAS,3219,1415,1804,2224,975,20,ITF,ITF5,17,Basilicata,Basilicata,559084,495710,88.66,0.58
1179,2021-02-28,BAS,810,346,464,771,35,4,ITF,ITF5,17,Basilicata,Basilicata,559084,496520,88.81,0.14
1180,2021-01-02,BAS,950,381,569,949,0,1,ITF,ITF5,17,Basilicata,Basilicata,559084,497470,88.98,0.17
1181,2021-01-16,BAS,722,304,418,722,0,0,ITF,ITF5,17,Basilicata,Basilicata,559084,498192,89.11,0.13
1182,2021-04-26,BAS,4466,2165,2301,4199,221,46,ITF,ITF5,17,Basilicata,Basilicata,559084,502658,89.91,0.8
1183,2021-02-21,BAS,284,113,171,284,0,0,ITF,ITF5,17,Basilicata,Basilicata,559084,502942,89.96,0.05
1184,2021-03-07,BAS,890,309,581,842,38,10,ITF,ITF5,17,Basilicata,Basilicata,559084,503832,90.12,0.16
1185,2021-01-09,BAS,557,160,397,557,0,0,ITF,ITF5,17,Basilicata,Basilicata,559084,504389,90.22,0.1
1186,2021-07-03,BAS,3945,2102,1843,2757,1145,43,ITF,ITF5,17,Basilicata,Basilicata,559084,508334,90.92,0.71
1187,2021-05-07,BAS,4634,2280,2354,3271,1339,24,ITF,ITF5,17,Basilicata,Basilicata,559084,512968,91.75,0.83
1188,2021-07-10,BAS,5558,2683,2875,1597,3952,9,ITF,ITF5,17,Basilicata,Basilicata,559084,518526,92.75,0.99
1189,2021-05-14,BAS,5907,2799,3108,3273,2531,103,ITF,ITF5,17,Basilicata,Basilicata,559084,524433,93.8,1.06
1190,2021-03-18,BAS,1353,565,788,17,1327,9,ITF,ITF5,17,Basilicata,Basilicata,559084,525786,94.04,0.24
1191,2021-06-26,BAS,3327,1611,1716,2741,558,28,ITF,ITF5,17,Basilicata,Basilicata,559084,529113,94.64,0.6
1192,2021-04-09,SAR,12300,5468,6832,7828,4353,119,ITG,ITG2,20,Sardegna,Sardegna,1639591,12300,0.75,0.75
1193,2021-04-11,SAR,5399,2444,2955,4252,1121,26,ITG,ITG2,20,Sardegna,Sardegna,1639591,17699,1.08,0.33
1194,2021-06-07,SAR,12563,6143,6420,9437,3005,121,ITG,ITG2,20,Sardegna,Sardegna,1639591,30262,1.85,0.77
1195,2021-02-04,SAR,2270,815,1455,910,1357,3,ITG,ITG2,20,Sardegna,Sardegna,1639591,32532,1.98,0.14
1196,2021-04-02,SAR,8980,3545,5435,5588,3243,149,ITG,ITG2,20,Sardegna,Sardegna,1639591,41512,2.53,0.55
1197,2021-04-23,SAR,12862,5742,7120,7243,5480,139,ITG,ITG2,20,Sardegna,Sardegna,1639591,54374,3.32,0.78
1198,2021-05-10,SAR,9738,4340,5398,7032,2538,168,ITG,ITG2,20,Sardegna,Sardegna,1639591,64112,3.91,0.59
1199,2021-01-30,SAR,3865,1393,2472,363,3502,0,ITG,ITG2,20,Sardegna,Sardegna,1639591,67977,4.15,0.24
1200,2021-02-11,SAR,1311,488,823,1200,111,0,ITG,ITG2,20,Sardegna,Sardegna,1639591,69288,4.23,0.08
1201,2021-05-24,SAR,14471,7256,7215,8354,5985,132,ITG,ITG2,20,Sardegna,Sardegna,1639591,83759,5.11,0.88
1202,2021-02-13,SAR,1446,562,884,1440,2,4,ITG,ITG2,20,Sardegna,Sardegna,1639591,85205,5.2,0.09
1203,2021-05-29,SAR,17993,8648,9345,13235,4591,167,ITG,ITG2,20,Sardegna,Sardegna,1639591,103198,6.29,1.1
1204,2021-02-18,SAR,1876,731,1145,1775,64,37,ITG,ITG2,20,Sardegna,Sardegna,1639591,105074,6.41,0.11
1205,2021-05-19,SAR,17023,8665,8358,12629,4238,156,ITG,ITG2,20,Sardegna,Sardegna,1639591,122097,7.45,1.04
1206,2021-06-05,SAR,17876,8434,9442,11285,6457,134,ITG,ITG2,20,Sardegna,Sardegna,1639591,139973,8.54,1.09
1207,2021-02-25,SAR,2896,1254,1642,2261,604,31,ITG,ITG2,20,Sardegna,Sardegna,1639591,142869,8.71,0.18
1208,2021-03-14,SAR,605,377,228,596,0,9,ITG,ITG2,20,Sardegna,Sardegna,1639591,143474,8.75,0.04
1209,2021-03-09,SAR,5529,2738,2791,4744,728,57,ITG,ITG2,20,Sardegna,Sardegna,1639591,149003,9.09,0.34
1210,2021-05-05,SAR,10160,4645,5515,7953,2013,194,ITG,ITG2,20,Sardegna,Sardegna,1639591,159163,9.71,0.62
1211,2021-06-19,SAR,15337,7512,7825,9116,6122,99,ITG,ITG2,20,Sardegna,Sardegna,1639591,174500,10.64,0.94
1212,2021-07-06,SAR,15914,7716,8198,4665,11153,96,ITG,ITG2,20,Sardegna,Sardegna,1639591,190414,11.61,0.97
1213,2021-03-28,SAR,4528,1792,2736,4387,78,63,ITG,ITG2,20,Sardegna,Sardegna,1639591,194942,11.89,0.28
1214,2021-01-04,SAR,587,215,372,587,0,0,ITG,ITG2,20,Sardegna,Sardegna,1639591,195529,11.93,0.04
1215,2021-01-16,SAR,1490,525,965,1490,0,0,ITG,ITG2,20,Sardegna,Sardegna,1639591,197019,12.02,0.09
1216,2021-07-01,SAR,19828,9761,10067,7258,12478,92,ITG,ITG2,20,Sardegna,Sardegna,1639591,216847,13.23,1.21
1217,2021-03-23,SAR,6410,2879,3531,5180,1078,152,ITG,ITG2,20,Sardegna,Sardegna,1639591,223257,13.62,0.39
1218,2021-07-15,SAR,11213,5570,5643,3098,8042,73,ITG,ITG2,20,Sardegna,Sardegna,1639591,234470,14.3,0.68
1219,2021-05-12,SAR,11133,5260,5873,7789,3138,206,ITG,ITG2,20,Sardegna,Sardegna,1639591,245603,14.98,0.68
1220,2021-07-13,SAR,17783,8515,9268,3252,14454,77,ITG,ITG2,20,Sardegna,Sardegna,1639591,263386,16.06,1.08
1221,2021-04-04,SAR,1,0,1,0,1,0,ITG,ITG2,20,Sardegna,Sardegna,1639591,263387,16.06,0.0
1222,2021-06-16,SAR,17633,8277,9356,12169,5304,160,ITG,ITG2,20,Sardegna,Sardegna,1639591,281020,17.14,1.08
1223,2021-05-31,SAR,11366,5409,5957,8157,3110,99,ITG,ITG2,20,Sardegna,Sardegna,1639591,292386,17.83,0.69
1224,2021-04-18,SAR,5127,2226,2901,2230,2869,28,ITG,ITG2,20,Sardegna,Sardegna,1639591,297513,18.15,0.31
1225,2021-01-08,SAR,3257,1184,2073,3255,0,2,ITG,ITG2,20,Sardegna,Sardegna,1639591,300770,18.34,0.2
1226,2021-06-02,SAR,9785,4690,5095,8059,1640,86,ITG,ITG2,20,Sardegna,Sardegna,1639591,310555,18.94,0.6
1227,2021-06-12,SAR,14753,7192,7561,9938,4700,115,ITG,ITG2,20,Sardegna,Sardegna,1639591,325308,19.84,0.9
1228,2021-03-04,SAR,4361,2291,2070,3052,1255,54,ITG,ITG2,20,Sardegna,Sardegna,1639591,329669,20.11,0.27
1229,2021-03-21,SAR,4030,1809,2221,2571,1440,19,ITG,ITG2,20,Sardegna,Sardegna,1639591,333699,20.35,0.25
1230,2021-04-30,SAR,11128,5299,5829,6752,4205,171,ITG,ITG2,20,Sardegna,Sardegna,1639591,344827,21.03,0.68
1231,2021-05-17,SAR,12815,6258,6557,9126,3544,145,ITG,ITG2,20,Sardegna,Sardegna,1639591,357642,21.81,0.78
1232,2021-02-06,SAR,1969,697,1272,564,1402,3,ITG,ITG2,20,Sardegna,Sardegna,1639591,359611,21.93,0.12
1233,2021-02-23,SAR,1565,1043,522,1270,280,15,ITG,ITG2,20,Sardegna,Sardegna,1639591,361176,22.03,0.1
1234,2021-05-02,SAR,5882,2669,3213,5215,577,90,ITG,ITG2,20,Sardegna,Sardegna,1639591,367058,22.39,0.36
1235,2021-02-08,SAR,1466,531,935,852,613,1,ITG,ITG2,20,Sardegna,Sardegna,1639591,368524,22.48,0.09
1236,2021-03-02,SAR,3034,1629,1405,1815,1153,66,ITG,ITG2,20,Sardegna,Sardegna,1639591,371558,22.66,0.19
1237,2021-04-28,SAR,9010,4276,4734,5165,3698,147,ITG,ITG2,20,Sardegna,Sardegna,1639591,380568,23.21,0.55
1238,2021-01-18,SAR,903,324,579,779,124,0,ITG,ITG2,20,Sardegna,Sardegna,1639591,381471,23.27,0.06
1239,2021-06-24,SAR,19162,9201,9961,8112,10949,101,ITG,ITG2,20,Sardegna,Sardegna,1639591,400633,24.43,1.17
1240,2021-03-16,SAR,4396,1954,2442,3434,922,40,ITG,ITG2,20,Sardegna,Sardegna,1639591,405029,24.7,0.27
1241,2021-04-21,SAR,12067,5552,6515,6438,5531,98,ITG,ITG2,20,Sardegna,Sardegna,1639591,417096,25.44,0.74
1242,2021-01-11,SAR,1182,504,678,1181,0,1,ITG,ITG2,20,Sardegna,Sardegna,1639591,418278,25.51,0.07
1243,2021-06-17,SAR,18460,8529,9931,9924,8416,120,ITG,ITG2,20,Sardegna,Sardegna,1639591,436738,26.64,1.13
1244,2020-12-28,SAR,65,25,40,65,0,0,ITG,ITG2,20,Sardegna,Sardegna,1639591,436803,26.64,0.0
1245,2021-06-14,SAR,13745,6639,7106,9995,3610,140,ITG,ITG2,20,Sardegna,Sardegna,1639591,450548,27.48,0.84
1246,2021-03-06,SAR,2635,1078,1557,781,1781,73,ITG,ITG2,20,Sardegna,Sardegna,1639591,453183,27.64,0.16
1247,2021-06-28,SAR,14987,7038,7949,3051,11871,65,ITG,ITG2,20,Sardegna,Sardegna,1639591,468170,28.55,0.91
1248,2021-04-06,SAR,7457,3123,4334,4970,2429,58,ITG,ITG2,20,Sardegna,Sardegna,1639591,475627,29.01,0.45
1249,2020-12-27,SAR,65,34,31,65,0,0,ITG,ITG2,20,Sardegna,Sardegna,1639591,475692,29.01,0.0
1250,2021-06-26,SAR,19125,9001,10124,5444,13607,74,ITG,ITG2,20,Sardegna,Sardegna,1639591,494817,30.18,1.17
1251,2021-05-07,SAR,14467,6633,7834,9716,4523,228,ITG,ITG2,20,Sardegna,Sardegna,1639591,509284,31.06,0.88
1252,2021-01-27,SAR,1414,498,916,78,1336,0,ITG,ITG2,20,Sardegna,Sardegna,1639591,510698,31.15,0.09
1253,2021-07-03,SAR,15830,7555,8275,3236,12563,31,ITG,ITG2,20,Sardegna,Sardegna,1639591,526528,32.11,0.97
1254,2021-03-25,SAR,9105,3969,5136,7686,1303,116,ITG,ITG2,20,Sardegna,Sardegna,1639591,535633,32.67,0.56
1255,2021-07-08,SAR,18420,8958,9462,3833,14504,83,ITG,ITG2,20,Sardegna,Sardegna,1639591,554053,33.79,1.12
1256,2021-04-16,SAR,14442,6487,7955,8940,5340,162,ITG,ITG2,20,Sardegna,Sardegna,1639591,568495,34.67,0.88
1257,2021-01-23,SAR,60,22,38,0,60,0,ITG,ITG2,20,Sardegna,Sardegna,1639591,568555,34.68,0.0
1258,2021-02-22,SAR,1638,948,690,1384,228,26,ITG,ITG2,20,Sardegna,Sardegna,1639591,570193,34.78,0.1
1259,2021-03-11,SAR,6413,3083,3330,5145,1200,68,ITG,ITG2,20,Sardegna,Sardegna,1639591,576606,35.17,0.39
1260,2021-01-01,SAR,32,17,15,32,0,0,ITG,ITG2,20,Sardegna,Sardegna,1639591,576638,35.17,0.0
1261,2021-02-27,SAR,1915,642,1273,1318,556,41,ITG,ITG2,20,Sardegna,Sardegna,1639591,578553,35.29,0.12
1262,2021-04-13,SAR,7616,3598,4018,5734,1825,57,ITG,ITG2,20,Sardegna,Sardegna,1639591,586169,35.75,0.46
1263,2021-06-09,SAR,15475,7372,8103,11588,3738,149,ITG,ITG2,20,Sardegna,Sardegna,1639591,601644,36.69,0.94
1264,2021-04-20,SAR,10991,4988,6003,7694,3206,91,ITG,ITG2,20,Sardegna,Sardegna,1639591,612635,37.37,0.67
1265,2021-01-20,SAR,210,77,133,208,2,0,ITG,ITG2,20,Sardegna,Sardegna,1639591,612845,37.38,0.01
1266,2021-04-25,SAR,4497,2269,2228,3673,778,46,ITG,ITG2,20,Sardegna,Sardegna,1639591,617342,37.65,0.27
1267,2021-01-15,SAR,1559,572,987,1557,0,2,ITG,ITG2,20,Sardegna,Sardegna,1639591,618901,37.75,0.1
1268,2021-02-01,SAR,1523,605,918,224,1299,0,ITG,ITG2,20,Sardegna,Sardegna,1639591,620424,37.84,0.09
1269,2021-05-09,SAR,6126,2873,3253,5113,926,87,ITG,ITG2,20,Sardegna,Sardegna,1639591,626550,38.21,0.37
1270,2021-05-26,SAR,15531,8188,7343,9702,5645,184,ITG,ITG2,20,Sardegna,Sardegna,1639591,642081,39.16,0.95
1271,2021-02-15,SAR,954,347,607,917,31,6,ITG,ITG2,20,Sardegna,Sardegna,1639591,643035,39.22,0.06
1272,2021-01-13,SAR,574,178,396,574,0,0,ITG,ITG2,20,Sardegna,Sardegna,1639591,643609,39.25,0.04
1273,2021-01-25,SAR,591,214,377,22,569,0,ITG,ITG2,20,Sardegna,Sardegna,1639591,644200,39.29,0.04
1274,2021-05-16,SAR,8223,3833,4390,5989,2160,74,ITG,ITG2,20,Sardegna,Sardegna,1639591,652423,39.79,0.5
1275,2021-07-12,SAR,15334,7416,7918,2408,12871,55,ITG,ITG2,20,Sardegna,Sardegna,1639591,667757,40.73,0.94
1276,2021-07-05,SAR,15570,7567,8003,3327,12194,49,ITG,ITG2,20,Sardegna,Sardegna,1639591,683327,41.68,0.95
1277,2021-06-04,SAR,14479,6930,7549,9768,4554,157,ITG,ITG2,20,Sardegna,Sardegna,1639591,697806,42.56,0.88
1278,2021-06-21,SAR,14015,6731,7284,5123,8820,72,ITG,ITG2,20,Sardegna,Sardegna,1639591,711821,43.41,0.85
1279,2021-03-13,SAR,2754,1075,1679,2434,281,39,ITG,ITG2,20,Sardegna,Sardegna,1639591,714575,43.58,0.17
1280,2021-03-30,SAR,8757,3582,5175,6345,2274,138,ITG,ITG2,20,Sardegna,Sardegna,1639591,723332,44.12,0.53
1281,2021-01-06,SAR,1613,547,1066,1613,0,0,ITG,ITG2,20,Sardegna,Sardegna,1639591,724945,44.21,0.1
1282,2021-06-23,SAR,20535,9662,10873,6193,14251,91,ITG,ITG2,20,Sardegna,Sardegna,1639591,745480,45.47,1.25
1283,2021-03-29,SAR,4736,1845,2891,4071,588,77,ITG,ITG2,20,Sardegna,Sardegna,1639591,750216,45.76,0.29
1284,2021-04-15,SAR,11843,5538,6305,6777,4955,111,ITG,ITG2,20,Sardegna,Sardegna,1639591,762059,46.48,0.72
1285,2021-01-05,SAR,1321,443,878,1321,0,0,ITG,ITG2,20,Sardegna,Sardegna,1639591,763380,46.56,0.08
1286,2021-01-22,SAR,83,47,36,55,28,0,ITG,ITG2,20,Sardegna,Sardegna,1639591,763463,46.56,0.01
1287,2021-04-17,SAR,10077,4499,5578,5403,4596,78,ITG,ITG2,20,Sardegna,Sardegna,1639591,773540,47.18,0.61
1288,2021-05-18,SAR,14751,7378,7373,9447,5200,104,ITG,ITG2,20,Sardegna,Sardegna,1639591,788291,48.08,0.9
1289,2021-02-24,SAR,2412,1294,1118,2183,193,36,ITG,ITG2,20,Sardegna,Sardegna,1639591,790703,48.23,0.15
1290,2021-06-06,SAR,10036,5002,5034,6316,3651,69,ITG,ITG2,20,Sardegna,Sardegna,1639591,800739,48.84,0.61
1291,2021-03-08,SAR,4682,2430,2252,3420,1221,41,ITG,ITG2,20,Sardegna,Sardegna,1639591,805421,49.12,0.29
1292,2021-05-04,SAR,9538,4385,5153,7541,1852,145,ITG,ITG2,20,Sardegna,Sardegna,1639591,814959,49.71,0.58
1293,2021-01-24,SAR,90,34,56,5,85,0,ITG,ITG2,20,Sardegna,Sardegna,1639591,815049,49.71,0.01
1294,2021-06-18,SAR,16483,7506,8977,8602,7766,115,ITG,ITG2,20,Sardegna,Sardegna,1639591,831532,50.72,1.01
1295,2021-03-10,SAR,6052,2955,3097,5138,852,62,ITG,ITG2,20,Sardegna,Sardegna,1639591,837584,51.08,0.37
1296,2021-05-06,SAR,12946,6009,6937,9563,3146,237,ITG,ITG2,20,Sardegna,Sardegna,1639591,850530,51.87,0.79
1297,2021-03-01,SAR,2264,1154,1110,1579,659,26,ITG,ITG2,20,Sardegna,Sardegna,1639591,852794,52.01,0.14
1298,2021-05-13,SAR,12372,5861,6511,8726,3446,200,ITG,ITG2,20,Sardegna,Sardegna,1639591,865166,52.77,0.75
1299,2021-02-02,SAR,1499,669,830,257,1242,0,ITG,ITG2,20,Sardegna,Sardegna,1639591,866665,52.86,0.09
1300,2021-05-28,SAR,17951,8696,9255,13488,4275,188,ITG,ITG2,20,Sardegna,Sardegna,1639591,884616,53.95,1.09
1301,2021-02-17,SAR,1403,576,827,1273,74,56,ITG,ITG2,20,Sardegna,Sardegna,1639591,886019,54.04,0.09
1302,2021-05-25,SAR,15139,7702,7437,8488,6476,175,ITG,ITG2,20,Sardegna,Sardegna,1639591,901158,54.96,0.92
1303,2021-06-11,SAR,14779,7022,7757,9095,5532,152,ITG,ITG2,20,Sardegna,Sardegna,1639591,915937,55.86,0.9
1304,2021-03-03,SAR,4111,2276,1835,2738,1297,76,ITG,ITG2,20,Sardegna,Sardegna,1639591,920048,56.11,0.25
1305,2021-06-30,SAR,17770,8512,9258,4814,12875,81,ITG,ITG2,20,Sardegna,Sardegna,1639591,937818,57.2,1.08
1306,2021-03-22,SAR,3686,1492,2194,3099,512,75,ITG,ITG2,20,Sardegna,Sardegna,1639591,941504,57.42,0.22
1307,2021-03-20,SAR,5194,2075,3119,2891,2277,26,ITG,ITG2,20,Sardegna,Sardegna,1639591,946698,57.74,0.32
1308,2021-06-13,SAR,9499,4675,4824,6159,3260,80,ITG,ITG2,20,Sardegna,Sardegna,1639591,956197,58.32,0.58
1309,2021-01-29,SAR,2955,1070,1885,45,2908,2,ITG,ITG2,20,Sardegna,Sardegna,1639591,959152,58.5,0.18
1310,2021-01-28,SAR,2973,1045,1928,69,2904,0,ITG,ITG2,20,Sardegna,Sardegna,1639591,962125,58.68,0.18
1311,2021-02-20,SAR,2040,854,1186,1683,334,23,ITG,ITG2,20,Sardegna,Sardegna,1639591,964165,58.81,0.12
1312,2021-04-29,SAR,11120,5105,6015,6616,4353,151,ITG,ITG2,20,Sardegna,Sardegna,1639591,975285,59.48,0.68
1313,2021-06-25,SAR,16494,7801,8693,3897,12541,56,ITG,ITG2,20,Sardegna,Sardegna,1639591,991779,60.49,1.01
1314,2021-01-10,SAR,2176,748,1428,2176,0,0,ITG,ITG2,20,Sardegna,Sardegna,1639591,993955,60.62,0.13
1315,2021-05-15,SAR,13793,6423,7370,10198,3434,161,ITG,ITG2,20,Sardegna,Sardegna,1639591,1007748,61.46,0.84
1316,2021-07-11,SAR,6367,3113,3254,1426,4906,35,ITG,ITG2,20,Sardegna,Sardegna,1639591,1014115,61.85,0.39
1317,2021-01-26,SAR,1337,454,883,27,1310,0,ITG,ITG2,20,Sardegna,Sardegna,1639591,1015452,61.93,0.08
1318,2021-02-05,SAR,1898,750,1148,431,1465,2,ITG,ITG2,20,Sardegna,Sardegna,1639591,1017350,62.05,0.12
1319,2021-04-03,SAR,4668,1807,2861,2635,1969,64,ITG,ITG2,20,Sardegna,Sardegna,1639591,1022018,62.33,0.28
1320,2021-05-30,SAR,9727,4836,4891,7300,2357,70,ITG,ITG2,20,Sardegna,Sardegna,1639591,1031745,62.93,0.59
1321,2021-02-19,SAR,1496,470,1026,1397,56,43,ITG,ITG2,20,Sardegna,Sardegna,1639591,1033241,63.02,0.09
1322,2021-03-27,SAR,5733,2192,3541,5224,422,87,ITG,ITG2,20,Sardegna,Sardegna,1639591,1038974,63.37,0.35
1323,2021-05-23,SAR,9966,4807,5159,7625,2245,96,ITG,ITG2,20,Sardegna,Sardegna,1639591,1048940,63.98,0.61
1324,2021-02-12,SAR,2236,933,1303,2172,59,5,ITG,ITG2,20,Sardegna,Sardegna,1639591,1051176,64.11,0.14
1325,2021-04-10,SAR,10492,4747,5745,8454,1938,100,ITG,ITG2,20,Sardegna,Sardegna,1639591,1061668,64.75,0.64
1326,2021-04-14,SAR,8262,3905,4357,6963,1239,60,ITG,ITG2,20,Sardegna,Sardegna,1639591,1069930,65.26,0.5
1327,2021-05-01,SAR,9914,4763,5151,5368,4455,91,ITG,ITG2,20,Sardegna,Sardegna,1639591,1079844,65.86,0.6
1328,2021-01-21,SAR,127,61,66,94,33,0,ITG,ITG2,20,Sardegna,Sardegna,1639591,1079971,65.87,0.01
1329,2021-02-07,SAR,1118,395,723,227,890,1,ITG,ITG2,20,Sardegna,Sardegna,1639591,1081089,65.94,0.07
1330,2021-05-03,SAR,8186,3821,4365,6488,1597,101,ITG,ITG2,20,Sardegna,Sardegna,1639591,1089275,66.44,0.5
1331,2021-05-20,SAR,16360,7880,8480,11267,4893,200,ITG,ITG2,20,Sardegna,Sardegna,1639591,1105635,67.43,1.0
1332,2021-02-09,SAR,2285,835,1450,1284,996,5,ITG,ITG2,20,Sardegna,Sardegna,1639591,1107920,67.57,0.14
1333,2021-07-02,SAR,18921,8884,10037,4407,14418,96,ITG,ITG2,20,Sardegna,Sardegna,1639591,1126841,68.73,1.15
1334,2021-04-27,SAR,7616,3552,4064,5476,2042,98,ITG,ITG2,20,Sardegna,Sardegna,1639591,1134457,69.19,0.46
1335,2021-01-17,SAR,859,277,582,858,1,0,ITG,ITG2,20,Sardegna,Sardegna,1639591,1135316,69.24,0.05
1336,2021-03-15,SAR,2796,1317,1479,2382,374,40,ITG,ITG2,20,Sardegna,Sardegna,1639591,1138112,69.41,0.17
1337,2021-07-04,SAR,8199,3986,4213,2068,6116,15,ITG,ITG2,20,Sardegna,Sardegna,1639591,1146311,69.91,0.5
1338,2021-03-26,SAR,8457,3513,4944,6811,1526,120,ITG,ITG2,20,Sardegna,Sardegna,1639591,1154768,70.43,0.52
1339,2021-05-22,SAR,24841,11952,12889,19397,5139,305,ITG,ITG2,20,Sardegna,Sardegna,1639591,1179609,71.95,1.52
1340,2021-01-19,SAR,746,269,477,690,55,1,ITG,ITG2,20,Sardegna,Sardegna,1639591,1180355,71.99,0.05
1341,2021-03-17,SAR,6549,2846,3703,4904,1608,37,ITG,ITG2,20,Sardegna,Sardegna,1639591,1186904,72.39,0.4
1342,2021-06-27,SAR,9010,4306,4704,2956,6026,28,ITG,ITG2,20,Sardegna,Sardegna,1639591,1195914,72.94,0.55
1343,2021-03-24,SAR,7393,3105,4288,5905,1356,132,ITG,ITG2,20,Sardegna,Sardegna,1639591,1203307,73.39,0.45
1344,2021-04-08,SAR,13437,5935,7502,8211,5117,109,ITG,ITG2,20,Sardegna,Sardegna,1639591,1216744,74.21,0.82
1345,2021-07-14,SAR,16900,8188,8712,3775,13015,110,ITG,ITG2,20,Sardegna,Sardegna,1639591,1233644,75.24,1.03
1346,2020-12-29,SAR,57,32,25,57,0,0,ITG,ITG2,20,Sardegna,Sardegna,1639591,1233701,75.24,0.0
1347,2021-04-22,SAR,10504,4662,5842,5502,4918,84,ITG,ITG2,20,Sardegna,Sardegna,1639591,1244205,75.89,0.64
1348,2021-01-12,SAR,865,408,457,865,0,0,ITG,ITG2,20,Sardegna,Sardegna,1639591,1245070,75.94,0.05
1349,2021-05-11,SAR,8908,4138,4770,6396,2386,126,ITG,ITG2,20,Sardegna,Sardegna,1639591,1253978,76.48,0.54
1350,2021-01-31,SAR,2117,749,1368,45,2072,0,ITG,ITG2,20,Sardegna,Sardegna,1639591,1256095,76.61,0.13
1351,2021-05-08,SAR,13081,5970,7111,10667,2284,130,ITG,ITG2,20,Sardegna,Sardegna,1639591,1269176,77.41,0.8
1352,2021-01-03,SAR,90,36,54,90,0,0,ITG,ITG2,20,Sardegna,Sardegna,1639591,1269266,77.41,0.01
1353,2021-07-07,SAR,15894,7724,8170,4086,11757,51,ITG,ITG2,20,Sardegna,Sardegna,1639591,1285160,78.38,0.97
1354,2021-01-07,SAR,3103,1072,2031,3099,0,4,ITG,ITG2,20,Sardegna,Sardegna,1639591,1288263,78.57,0.19
1355,2021-06-10,SAR,17809,8478,9331,11647,6038,124,ITG,ITG2,20,Sardegna,Sardegna,1639591,1306072,79.66,1.09
1356,2020-12-31,SAR,32,16,16,32,0,0,ITG,ITG2,20,Sardegna,Sardegna,1639591,1306104,79.66,0.0
1357,2021-02-26,SAR,2798,1106,1692,2444,306,48,ITG,ITG2,20,Sardegna,Sardegna,1639591,1308902,79.83,0.17
1358,2021-05-27,SAR,17825,9263,8562,12083,5535,207,ITG,ITG2,20,Sardegna,Sardegna,1639591,1326727,80.92,1.09
1359,2021-02-16,SAR,699,289,410,663,27,9,ITG,ITG2,20,Sardegna,Sardegna,1639591,1327426,80.96,0.04
1360,2021-03-05,SAR,5202,2602,2600,2813,2354,35,ITG,ITG2,20,Sardegna,Sardegna,1639591,1332628,81.28,0.32
1361,2021-03-19,SAR,7260,3046,4214,4993,2214,53,ITG,ITG2,20,Sardegna,Sardegna,1639591,1339888,81.72,0.44
1362,2021-06-22,SAR,19336,8988,10348,7170,12064,102,ITG,ITG2,20,Sardegna,Sardegna,1639591,1359224,82.9,1.18
1363,2021-07-09,SAR,15874,7599,8275,3434,12360,80,ITG,ITG2,20,Sardegna,Sardegna,1639591,1375098,83.87,0.97
1364,2021-03-31,SAR,10253,4150,6103,7702,2429,122,ITG,ITG2,20,Sardegna,Sardegna,1639591,1385351,84.49,0.63
1365,2021-07-16,SAR,7592,3769,3823,1571,5985,36,ITG,ITG2,20,Sardegna,Sardegna,1639591,1392943,84.96,0.46
1366,2021-04-07,SAR,13543,6050,7493,7823,5652,68,ITG,ITG2,20,Sardegna,Sardegna,1639591,1406486,85.78,0.83
1367,2021-04-24,SAR,10357,4845,5512,7890,2340,127,ITG,ITG2,20,Sardegna,Sardegna,1639591,1416843,86.41,0.63
1368,2021-01-14,SAR,1105,425,680,1105,0,0,ITG,ITG2,20,Sardegna,Sardegna,1639591,1417948,86.48,0.07
1369,2021-02-14,SAR,538,263,275,536,2,0,ITG,ITG2,20,Sardegna,Sardegna,1639591,1418486,86.51,0.03
1370,2021-04-05,SAR,2035,783,1252,2003,1,31,ITG,ITG2,20,Sardegna,Sardegna,1639591,1420521,86.64,0.12
1371,2021-06-29,SAR,17884,8602,9282,3757,14079,48,ITG,ITG2,20,Sardegna,Sardegna,1639591,1438405,87.73,1.09
1372,2021-06-03,SAR,16395,7643,8752,10567,5688,140,ITG,ITG2,20,Sardegna,Sardegna,1639591,1454800,88.73,1.0
1373,2021-06-20,SAR,6288,2804,3484,3636,2620,32,ITG,ITG2,20,Sardegna,Sardegna,1639591,1461088,89.11,0.38
1374,2021-03-12,SAR,5969,2616,3353,4519,1306,144,ITG,ITG2,20,Sardegna,Sardegna,1639591,1467057,89.48,0.36
1375,2021-05-21,SAR,22639,11204,11435,16261,6098,280,ITG,ITG2,20,Sardegna,Sardegna,1639591,1489696,90.86,1.38
1376,2021-03-18,SAR,7253,3071,4182,5574,1606,73,ITG,ITG2,20,Sardegna,Sardegna,1639591,1496949,91.3,0.44
1377,2021-05-14,SAR,14570,6866,7704,10767,3641,162,ITG,ITG2,20,Sardegna,Sardegna,1639591,1511519,92.19,0.89
1378,2021-02-03,SAR,1119,419,700,424,694,1,ITG,ITG2,20,Sardegna,Sardegna,1639591,1512638,92.26,0.07
1379,2021-07-10,SAR,14224,6876,7348,2706,11485,33,ITG,ITG2,20,Sardegna,Sardegna,1639591,1526862,93.12,0.87
1380,2021-04-01,SAR,10153,4067,6086,7005,3012,136,ITG,ITG2,20,Sardegna,Sardegna,1639591,1537015,93.74,0.62
1381,2021-02-10,SAR,1958,765,1193,1434,518,6,ITG,ITG2,20,Sardegna,Sardegna,1639591,1538973,93.86,0.12
1382,2021-04-12,SAR,6994,3179,3815,5215,1715,64,ITG,ITG2,20,Sardegna,Sardegna,1639591,1545967,94.29,0.43
1383,2021-01-02,SAR,60,21,39,60,0,0,ITG,ITG2,20,Sardegna,Sardegna,1639591,1546027,94.29,0.0
1384,2021-06-08,SAR,14832,7071,7761,11173,3505,154,ITG,ITG2,20,Sardegna,Sardegna,1639591,1560859,95.2,0.9
1385,2021-02-28,SAR,367,169,198,139,226,2,ITG,ITG2,20,Sardegna,Sardegna,1639591,1561226,95.22,0.02
1386,2021-04-26,SAR,6853,3275,3578,5861,904,88,ITG,ITG2,20,Sardegna,Sardegna,1639591,1568079,95.64,0.42
1387,2021-06-01,SAR,14319,6654,7665,9636,4589,94,ITG,ITG2,20,Sardegna,Sardegna,1639591,1582398,96.51,0.87
1388,2021-02-21,SAR,1588,709,879,1557,30,1,ITG,ITG2,20,Sardegna,Sardegna,1639591,1583986,96.61,0.1
1389,2021-04-19,SAR,10184,4622,5562,8625,1427,132,ITG,ITG2,20,Sardegna,Sardegna,1639591,1594170,97.23,0.62
1390,2021-01-09,SAR,4012,1414,2598,4012,0,0,ITG,ITG2,20,Sardegna,Sardegna,1639591,1598182,97.47,0.24
1391,2021-06-15,SAR,14687,6805,7882,9816,4738,133,ITG,ITG2,20,Sardegna,Sardegna,1639591,1612869,98.37,0.9
1392,2021-03-07,SAR,1658,751,907,1113,541,4,ITG,ITG2,20,Sardegna,Sardegna,1639591,1614527,98.47,0.1
1393,2021-06-24,FVG,11036,5628,5408,1947,9079,10,ITH,ITH4,6,Friuli-Venezia Giulia,Friuli Venezia Giulia,1215220,11036,0.91,0.91
1394,2021-03-16,FVG,3187,1299,1888,1033,2081,73,ITH,ITH4,6,Friuli-Venezia Giulia,Friuli Venezia Giulia,1215220,14223,1.17,0.26
1395,2021-05-12,FVG,10875,5041,5834,9070,1412,393,ITH,ITH4,6,Friuli-Venezia Giulia,Friuli Venezia Giulia,1215220,25098,2.07,0.89
1396,2021-05-19,FVG,12042,5934,6108,9297,2345,400,ITH,ITH4,6,Friuli-Venezia Giulia,Friuli Venezia Giulia,1215220,37140,3.06,0.99
1397,2021-03-28,FVG,4938,2354,2584,4727,158,53,ITH,ITH4,6,Friuli-Venezia Giulia,Friuli Venezia Giulia,1215220,42078,3.46,0.41
1398,2021-01-18,FVG,1961,606,1355,1867,94,0,ITH,ITH4,6,Friuli-Venezia Giulia,Friuli Venezia Giulia,1215220,44039,3.62,0.16
1399,2021-01-04,FVG,1507,558,949,1507,0,0,ITH,ITH4,6,Friuli-Venezia Giulia,Friuli Venezia Giulia,1215220,45546,3.75,0.12
1400,2021-02-06,FVG,1154,338,816,21,1132,1,ITH,ITH4,6,Friuli-Venezia Giulia,Friuli Venezia Giulia,1215220,46700,3.84,0.09
1401,2021-02-23,FVG,2644,1278,1366,2461,180,3,ITH,ITH4,6,Friuli-Venezia Giulia,Friuli Venezia Giulia,1215220,49344,4.06,0.22
1402,2021-04-28,FVG,7301,3227,4074,3679,3492,130,ITH,ITH4,6,Friuli-Venezia Giulia,Friuli Venezia Giulia,1215220,56645,4.66,0.6
1403,2021-01-23,FVG,814,323,491,4,810,0,ITH,ITH4,6,Friuli-Venezia Giulia,Friuli Venezia Giulia,1215220,57459,4.73,0.07
1404,2021-05-05,FVG,9762,4264,5498,6053,3471,238,ITH,ITH4,6,Friuli-Venezia Giulia,Friuli Venezia Giulia,1215220,67221,5.53,0.8
1405,2021-01-30,FVG,2277,745,1532,270,2007,0,ITH,ITH4,6,Friuli-Venezia Giulia,Friuli Venezia Giulia,1215220,69498,5.72,0.19
1406,2021-07-13,FVG,10600,5483,5117,1038,9410,152,ITH,ITH4,6,Friuli-Venezia Giulia,Friuli Venezia Giulia,1215220,80098,6.59,0.87
1407,2021-06-26,FVG,10048,5102,4946,3894,6147,7,ITH,ITH4,6,Friuli-Venezia Giulia,Friuli Venezia Giulia,1215220,90146,7.42,0.83
1408,2021-02-18,FVG,3218,1492,1726,2791,407,20,ITH,ITH4,6,Friuli-Venezia Giulia,Friuli Venezia Giulia,1215220,93364,7.68,0.26
1409,2021-04-02,FVG,6594,2926,3668,4643,1838,113,ITH,ITH4,6,Friuli-Venezia Giulia,Friuli Venezia Giulia,1215220,99958,8.23,0.54
1410,2021-04-16,FVG,6963,3027,3936,4911,1926,126,ITH,ITH4,6,Friuli-Venezia Giulia,Friuli Venezia Giulia,1215220,106921,8.8,0.57
1411,2021-01-06,FVG,710,264,446,710,0,0,ITH,ITH4,6,Friuli-Venezia Giulia,Friuli Venezia Giulia,1215220,107631,8.86,0.06
1412,2021-05-24,FVG,11425,5525,5900,7556,3618,251,ITH,ITH4,6,Friuli-Venezia Giulia,Friuli Venezia Giulia,1215220,119056,9.8,0.94
1413,2021-02-13,FVG,566,179,387,559,6,1,ITH,ITH4,6,Friuli-Venezia Giulia,Friuli Venezia Giulia,1215220,119622,9.84,0.05
1414,2021-03-02,FVG,4221,1519,2702,2702,1499,20,ITH,ITH4,6,Friuli-Venezia Giulia,Friuli Venezia Giulia,1215220,123843,10.19,0.35
1415,2021-03-04,FVG,3452,1598,1854,2770,660,22,ITH,ITH4,6,Friuli-Venezia Giulia,Friuli Venezia Giulia,1215220,127295,10.48,0.28
1416,2021-06-12,FVG,8084,4634,3450,6902,1160,22,ITH,ITH4,6,Friuli-Venezia Giulia,Friuli Venezia Giulia,1215220,135379,11.14,0.67
1417,2021-03-21,FVG,2674,1001,1673,2229,409,36,ITH,ITH4,6,Friuli-Venezia Giulia,Friuli Venezia Giulia,1215220,138053,11.36,0.22
1418,2021-04-11,FVG,3433,1519,1914,2436,906,91,ITH,ITH4,6,Friuli-Venezia Giulia,Friuli Venezia Giulia,1215220,141486,11.64,0.28
1419,2021-06-07,FVG,9190,4764,4426,8172,992,26,ITH,ITH4,6,Friuli-Venezia Giulia,Friuli Venezia Giulia,1215220,150676,12.4,0.76
1420,2021-05-31,FVG,8901,4422,4479,6505,2184,212,ITH,ITH4,6,Friuli-Venezia Giulia,Friuli Venezia Giulia,1215220,159577,13.13,0.73
1421,2021-07-08,FVG,12872,6963,5909,1269,11406,197,ITH,ITH4,6,Friuli-Venezia Giulia,Friuli Venezia Giulia,1215220,172449,14.19,1.06
1422,2021-02-04,FVG,2725,808,1917,35,2690,0,ITH,ITH4,6,Friuli-Venezia Giulia,Friuli Venezia Giulia,1215220,175174,14.42,0.22
1423,2021-04-30,FVG,7348,3244,4104,3528,3650,170,ITH,ITH4,6,Friuli-Venezia Giulia,Friuli Venezia Giulia,1215220,182522,15.02,0.6
1424,2021-03-14,FVG,1398,550,848,1124,252,22,ITH,ITH4,6,Friuli-Venezia Giulia,Friuli Venezia Giulia,1215220,183920,15.13,0.12
1425,2021-04-08,FVG,7446,3218,4228,5404,1922,120,ITH,ITH4,6,Friuli-Venezia Giulia,Friuli Venezia Giulia,1215220,191366,15.75,0.61
1426,2021-05-21,FVG,11211,5019,6192,7921,2972,318,ITH,ITH4,6,Friuli-Venezia Giulia,Friuli Venezia Giulia,1215220,202577,16.67,0.92
1427,2021-02-10,FVG,1350,496,854,1264,86,0,ITH,ITH4,6,Friuli-Venezia Giulia,Friuli Venezia Giulia,1215220,203927,16.78,0.11
1428,2021-02-01,FVG,2098,688,1410,16,2082,0,ITH,ITH4,6,Friuli-Venezia Giulia,Friuli Venezia Giulia,1215220,206025,16.95,0.17
1429,2021-01-25,FVG,1583,567,1016,194,1389,0,ITH,ITH4,6,Friuli-Venezia Giulia,Friuli Venezia Giulia,1215220,207608,17.08,0.13
1430,2021-07-01,FVG,12211,6349,5862,2527,9416,268,ITH,ITH4,6,Friuli-Venezia Giulia,Friuli Venezia Giulia,1215220,219819,18.09,1.0
1431,2021-03-23,FVG,3892,1685,2207,1737,2141,14,ITH,ITH4,6,Friuli-Venezia Giulia,Friuli Venezia Giulia,1215220,223711,18.41,0.32
1432,2021-01-16,FVG,1230,360,870,1230,0,0,ITH,ITH4,6,Friuli-Venezia Giulia,Friuli Venezia Giulia,1215220,224941,18.51,0.1
1433,2021-07-03,FVG,11381,6072,5309,1077,10150,154,ITH,ITH4,6,Friuli-Venezia Giulia,Friuli Venezia Giulia,1215220,236322,19.45,0.94
1434,2021-03-25,FVG,5532,2423,3109,3339,2137,56,ITH,ITH4,6,Friuli-Venezia Giulia,Friuli Venezia Giulia,1215220,241854,19.9,0.46
1435,2021-05-17,FVG,8808,4089,4719,6097,2485,226,ITH,ITH4,6,Friuli-Venezia Giulia,Friuli Venezia Giulia,1215220,250662,20.63,0.72
1436,2021-03-09,FVG,4012,1723,2289,1237,2750,25,ITH,ITH4,6,Friuli-Venezia Giulia,Friuli Venezia Giulia,1215220,254674,20.96,0.33
1437,2021-04-21,FVG,7773,3468,4305,4018,3680,75,ITH,ITH4,6,Friuli-Venezia Giulia,Friuli Venezia Giulia,1215220,262447,21.6,0.64
1438,2021-01-11,FVG,1882,608,1274,1882,0,0,ITH,ITH4,6,Friuli-Venezia Giulia,Friuli Venezia Giulia,1215220,264329,21.75,0.15
1439,2021-07-15,FVG,9363,4785,4578,884,8235,244,ITH,ITH4,6,Friuli-Venezia Giulia,Friuli Venezia Giulia,1215220,273692,22.52,0.77
1440,2021-04-23,FVG,7467,3376,4091,3463,3866,138,ITH,ITH4,6,Friuli-Venezia Giulia,Friuli Venezia Giulia,1215220,281159,23.14,0.61
1441,2021-02-11,FVG,1930,664,1266,1735,192,3,ITH,ITH4,6,Friuli-Venezia Giulia,Friuli Venezia Giulia,1215220,283089,23.3,0.16
1442,2021-04-09,FVG,7916,3659,4257,6508,1248,160,ITH,ITH4,6,Friuli-Venezia Giulia,Friuli Venezia Giulia,1215220,291005,23.95,0.65
1443,2020-12-30,FVG,626,244,382,626,0,0,ITH,ITH4,6,Friuli-Venezia Giulia,Friuli Venezia Giulia,1215220,291631,24.0,0.05
1444,2021-06-05,FVG,10304,5325,4979,8742,1548,14,ITH,ITH4,6,Friuli-Venezia Giulia,Friuli Venezia Giulia,1215220,301935,24.85,0.85
1445,2021-02-25,FVG,3165,1652,1513,3112,29,24,ITH,ITH4,6,Friuli-Venezia Giulia,Friuli Venezia Giulia,1215220,305100,25.11,0.26
1446,2021-06-19,FVG,8494,4429,4065,1361,7128,5,ITH,ITH4,6,Friuli-Venezia Giulia,Friuli Venezia Giulia,1215220,313594,25.81,0.7
1447,2021-03-11,FVG,3477,1517,1960,1714,1751,12,ITH,ITH4,6,Friuli-Venezia Giulia,Friuli Venezia Giulia,1215220,317071,26.09,0.29
1448,2021-02-27,FVG,3531,1201,2330,3511,1,19,ITH,ITH4,6,Friuli-Venezia Giulia,Friuli Venezia Giulia,1215220,320602,26.38,0.29
1449,2021-04-25,FVG,2372,991,1381,2186,11,175,ITH,ITH4,6,Friuli-Venezia Giulia,Friuli Venezia Giulia,1215220,322974,26.58,0.2
1450,2021-01-15,FVG,2020,605,1415,2019,0,1,ITH,ITH4,6,Friuli-Venezia Giulia,Friuli Venezia Giulia,1215220,324994,26.74,0.17
1451,2021-01-27,FVG,1271,425,846,448,821,2,ITH,ITH4,6,Friuli-Venezia Giulia,Friuli Venezia Giulia,1215220,326265,26.85,0.1
1452,2021-05-07,FVG,10629,4865,5764,6939,3526,164,ITH,ITH4,6,Friuli-Venezia Giulia,Friuli Venezia Giulia,1215220,336894,27.72,0.87
1453,2021-05-09,FVG,7361,3306,4055,3374,3859,128,ITH,ITH4,6,Friuli-Venezia Giulia,Friuli Venezia Giulia,1215220,344255,28.33,0.61
1454,2021-05-14,FVG,10759,5358,5401,7887,2596,276,ITH,ITH4,6,Friuli-Venezia Giulia,Friuli Venezia Giulia,1215220,355014,29.21,0.89
1455,2021-02-03,FVG,2648,791,1857,22,2625,1,ITH,ITH4,6,Friuli-Venezia Giulia,Friuli Venezia Giulia,1215220,357662,29.43,0.22
1456,2021-02-08,FVG,2356,694,1662,90,2265,1,ITH,ITH4,6,Friuli-Venezia Giulia,Friuli Venezia Giulia,1215220,360018,29.63,0.19
1457,2021-03-30,FVG,7229,3256,3973,6192,925,112,ITH,ITH4,6,Friuli-Venezia Giulia,Friuli Venezia Giulia,1215220,367247,30.22,0.59
1458,2021-07-10,FVG,8725,4500,4225,132,8565,28,ITH,ITH4,6,Friuli-Venezia Giulia,Friuli Venezia Giulia,1215220,375972,30.94,0.72
1459,2021-04-01,FVG,6423,3069,3354,5338,1015,70,ITH,ITH4,6,Friuli-Venezia Giulia,Friuli Venezia Giulia,1215220,382395,31.47,0.53
1460,2021-05-28,FVG,10613,5088,5525,6253,4112,248,ITH,ITH4,6,Friuli-Venezia Giulia,Friuli Venezia Giulia,1215220,393008,32.34,0.87
1461,2021-06-09,FVG,11247,5915,5332,9828,1395,24,ITH,ITH4,6,Friuli-Venezia Giulia,Friuli Venezia Giulia,1215220,404255,33.27,0.93
1462,2021-03-01,FVG,2959,1041,1918,2887,53,19,ITH,ITH4,6,Friuli-Venezia Giulia,Friuli Venezia Giulia,1215220,407214,33.51,0.24
1463,2021-03-18,FVG,3374,1423,1951,1683,1683,8,ITH,ITH4,6,Friuli-Venezia Giulia,Friuli Venezia Giulia,1215220,410588,33.79,0.28
1464,2021-06-28,FVG,9824,4949,4875,2128,7684,12,ITH,ITH4,6,Friuli-Venezia Giulia,Friuli Venezia Giulia,1215220,420412,34.6,0.81
1465,2021-03-20,FVG,3404,1411,1993,1302,2091,11,ITH,ITH4,6,Friuli-Venezia Giulia,Friuli Venezia Giulia,1215220,423816,34.88,0.28
1466,2021-04-13,FVG,7378,3293,4085,5649,1603,126,ITH,ITH4,6,Friuli-Venezia Giulia,Friuli Venezia Giulia,1215220,431194,35.48,0.61
1467,2021-01-03,FVG,312,122,190,312,0,0,ITH,ITH4,6,Friuli-Venezia Giulia,Friuli Venezia Giulia,1215220,431506,35.51,0.03
1468,2021-01-20,FVG,748,320,428,13,735,0,ITH,ITH4,6,Friuli-Venezia Giulia,Friuli Venezia Giulia,1215220,432254,35.57,0.06
1469,2021-02-22,FVG,2485,1193,1292,2064,418,3,ITH,ITH4,6,Friuli-Venezia Giulia,Friuli Venezia Giulia,1215220,434739,35.77,0.2
1470,2021-06-04,FVG,12056,6194,5862,10633,1386,37,ITH,ITH4,6,Friuli-Venezia Giulia,Friuli Venezia Giulia,1215220,446795,36.77,0.99
1471,2021-07-05,FVG,9467,4817,4650,1281,8040,146,ITH,ITH4,6,Friuli-Venezia Giulia,Friuli Venezia Giulia,1215220,456262,37.55,0.78
1472,2021-06-21,FVG,9145,4467,4678,1895,7242,8,ITH,ITH4,6,Friuli-Venezia Giulia,Friuli Venezia Giulia,1215220,465407,38.3,0.75
1473,2021-03-13,FVG,2943,1124,1819,1658,1273,12,ITH,ITH4,6,Friuli-Venezia Giulia,Friuli Venezia Giulia,1215220,468350,38.54,0.24
1474,2021-05-02,FVG,6898,3248,3650,3810,2958,130,ITH,ITH4,6,Friuli-Venezia Giulia,Friuli Venezia Giulia,1215220,475248,39.11,0.57
1475,2021-06-16,FVG,12102,5877,6225,4076,8016,10,ITH,ITH4,6,Friuli-Venezia Giulia,Friuli Venezia Giulia,1215220,487350,40.1,1.0
1476,2021-06-23,FVG,12044,5825,6219,2111,9928,5,ITH,ITH4,6,Friuli-Venezia Giulia,Friuli Venezia Giulia,1215220,499394,41.09,0.99
1477,2021-04-27,FVG,8114,3724,4390,3532,4485,97,ITH,ITH4,6,Friuli-Venezia Giulia,Friuli Venezia Giulia,1215220,507508,41.76,0.67
1478,2021-05-26,FVG,13427,6704,6723,9668,3440,319,ITH,ITH4,6,Friuli-Venezia Giulia,Friuli Venezia Giulia,1215220,520935,42.87,1.1
1479,2021-02-15,FVG,2454,911,1543,2196,254,4,ITH,ITH4,6,Friuli-Venezia Giulia,Friuli Venezia Giulia,1215220,523389,43.07,0.2
1480,2021-04-20,FVG,7124,3069,4055,3095,3906,123,ITH,ITH4,6,Friuli-Venezia Giulia,Friuli Venezia Giulia,1215220,530513,43.66,0.59
1481,2021-01-13,FVG,2650,834,1816,2650,0,0,ITH,ITH4,6,Friuli-Venezia Giulia,Friuli Venezia Giulia,1215220,533163,43.87,0.22
1482,2021-04-06,FVG,6675,3130,3545,5427,1152,96,ITH,ITH4,6,Friuli-Venezia Giulia,Friuli Venezia Giulia,1215220,539838,44.42,0.55
1483,2020-12-27,FVG,262,149,113,261,0,1,ITH,ITH4,6,Friuli-Venezia Giulia,Friuli Venezia Giulia,1215220,540100,44.44,0.02
1484,2021-02-12,FVG,1193,428,765,1142,47,4,ITH,ITH4,6,Friuli-Venezia Giulia,Friuli Venezia Giulia,1215220,541293,44.54,0.1
1485,2021-01-10,FVG,2940,918,2022,2940,0,0,ITH,ITH4,6,Friuli-Venezia Giulia,Friuli Venezia Giulia,1215220,544233,44.78,0.24
1486,2021-07-14,FVG,10415,5308,5107,1153,9063,199,ITH,ITH4,6,Friuli-Venezia Giulia,Friuli Venezia Giulia,1215220,554648,45.64,0.86
1487,2021-04-05,FVG,2895,1438,1457,2830,15,50,ITH,ITH4,6,Friuli-Venezia Giulia,Friuli Venezia Giulia,1215220,557543,45.88,0.24
1488,2021-01-12,FVG,2257,713,1544,2257,0,0,ITH,ITH4,6,Friuli-Venezia Giulia,Friuli Venezia Giulia,1215220,559800,46.07,0.19
1489,2021-01-29,FVG,2412,813,1599,264,2148,0,ITH,ITH4,6,Friuli-Venezia Giulia,Friuli Venezia Giulia,1215220,562212,46.26,0.2
1490,2021-04-22,FVG,6789,3087,3702,3042,3689,58,ITH,ITH4,6,Friuli-Venezia Giulia,Friuli Venezia Giulia,1215220,569001,46.82,0.56
1491,2021-04-03,FVG,4018,1992,2026,2638,1337,43,ITH,ITH4,6,Friuli-Venezia Giulia,Friuli Venezia Giulia,1215220,573019,47.15,0.33
1492,2021-06-10,FVG,11077,5803,5274,10017,1037,23,ITH,ITH4,6,Friuli-Venezia Giulia,Friuli Venezia Giulia,1215220,584096,48.07,0.91
1493,2021-03-19,FVG,3251,1350,1901,1301,1936,14,ITH,ITH4,6,Friuli-Venezia Giulia,Friuli Venezia Giulia,1215220,587347,48.33,0.27
1494,2021-06-27,FVG,7339,3660,3679,3521,3816,2,ITH,ITH4,6,Friuli-Venezia Giulia,Friuli Venezia Giulia,1215220,594686,48.94,0.6
1495,2021-06-13,FVG,8653,4503,4150,5312,3324,17,ITH,ITH4,6,Friuli-Venezia Giulia,Friuli Venezia Giulia,1215220,603339,49.65,0.71
1496,2021-04-17,FVG,7457,3238,4219,5815,1483,159,ITH,ITH4,6,Friuli-Venezia Giulia,Friuli Venezia Giulia,1215220,610796,50.26,0.61
1497,2021-04-10,FVG,5049,2213,2836,3758,1225,66,ITH,ITH4,6,Friuli-Venezia Giulia,Friuli Venezia Giulia,1215220,615845,50.68,0.42
1498,2021-05-23,FVG,10278,4858,5420,5930,4150,198,ITH,ITH4,6,Friuli-Venezia Giulia,Friuli Venezia Giulia,1215220,626123,51.52,0.85
1499,2021-01-07,FVG,2093,718,1375,2093,0,0,ITH,ITH4,6,Friuli-Venezia Giulia,Friuli Venezia Giulia,1215220,628216,51.7,0.17
1500,2021-03-05,FVG,3774,1513,2261,2634,1075,65,ITH,ITH4,6,Friuli-Venezia Giulia,Friuli Venezia Giulia,1215220,631990,52.01,0.31
1501,2021-04-19,FVG,6721,3137,3584,3216,3417,88,ITH,ITH4,6,Friuli-Venezia Giulia,Friuli Venezia Giulia,1215220,638711,52.56,0.55
1502,2021-01-09,FVG,2513,841,1672,2511,0,2,ITH,ITH4,6,Friuli-Venezia Giulia,Friuli Venezia Giulia,1215220,641224,52.77,0.21
1503,2021-06-15,FVG,11796,5972,5824,5306,6482,8,ITH,ITH4,6,Friuli-Venezia Giulia,Friuli Venezia Giulia,1215220,653020,53.74,0.97
1504,2021-05-16,FVG,9995,4781,5214,8369,1400,226,ITH,ITH4,6,Friuli-Venezia Giulia,Friuli Venezia Giulia,1215220,663015,54.56,0.82
1505,2021-06-18,FVG,10685,5235,5450,3378,7293,14,ITH,ITH4,6,Friuli-Venezia Giulia,Friuli Venezia Giulia,1215220,673700,55.44,0.88
1506,2021-03-10,FVG,3590,1701,1889,1743,1794,53,ITH,ITH4,6,Friuli-Venezia Giulia,Friuli Venezia Giulia,1215220,677290,55.73,0.3
1507,2021-02-24,FVG,2524,1088,1436,2496,18,10,ITH,ITH4,6,Friuli-Venezia Giulia,Friuli Venezia Giulia,1215220,679814,55.94,0.21
1508,2021-03-27,FVG,5377,2918,2459,3939,1411,27,ITH,ITH4,6,Friuli-Venezia Giulia,Friuli Venezia Giulia,1215220,685191,56.38,0.44
1509,2021-06-02,FVG,9410,4951,4459,9117,280,13,ITH,ITH4,6,Friuli-Venezia Giulia,Friuli Venezia Giulia,1215220,694601,57.16,0.77
1510,2021-02-07,FVG,1564,482,1082,384,1179,1,ITH,ITH4,6,Friuli-Venezia Giulia,Friuli Venezia Giulia,1215220,696165,57.29,0.13
1511,2021-05-18,FVG,10792,5396,5396,8383,2079,330,ITH,ITH4,6,Friuli-Venezia Giulia,Friuli Venezia Giulia,1215220,706957,58.18,0.89
1512,2021-06-01,FVG,10106,5117,4989,7956,2123,27,ITH,ITH4,6,Friuli-Venezia Giulia,Friuli Venezia Giulia,1215220,717063,59.01,0.83
1513,2021-06-20,FVG,6506,3224,3282,1562,4934,10,ITH,ITH4,6,Friuli-Venezia Giulia,Friuli Venezia Giulia,1215220,723569,59.54,0.54
1514,2021-03-29,FVG,7022,3126,3896,5378,1582,62,ITH,ITH4,6,Friuli-Venezia Giulia,Friuli Venezia Giulia,1215220,730591,60.12,0.58
1515,2021-07-07,FVG,11224,5750,5474,1394,9698,132,ITH,ITH4,6,Friuli-Venezia Giulia,Friuli Venezia Giulia,1215220,741815,61.04,0.92
1516,2021-05-15,FVG,12667,6111,6556,7692,4699,276,ITH,ITH4,6,Friuli-Venezia Giulia,Friuli Venezia Giulia,1215220,754482,62.09,1.04
1517,2021-05-01,FVG,7196,3246,3950,5898,1045,253,ITH,ITH4,6,Friuli-Venezia Giulia,Friuli Venezia Giulia,1215220,761678,62.68,0.59
1518,2021-01-21,FVG,896,345,551,1,895,0,ITH,ITH4,6,Friuli-Venezia Giulia,Friuli Venezia Giulia,1215220,762574,62.75,0.07
1519,2021-07-12,FVG,9856,5066,4790,1027,8671,158,ITH,ITH4,6,Friuli-Venezia Giulia,Friuli Venezia Giulia,1215220,772430,63.56,0.81
1520,2021-02-19,FVG,3255,1292,1963,2816,427,12,ITH,ITH4,6,Friuli-Venezia Giulia,Friuli Venezia Giulia,1215220,775685,63.83,0.27
1521,2021-04-24,FVG,6681,2950,3731,5208,1243,230,ITH,ITH4,6,Friuli-Venezia Giulia,Friuli Venezia Giulia,1215220,782366,64.38,0.55
1522,2021-06-06,FVG,9476,4623,4853,7909,1563,4,ITH,ITH4,6,Friuli-Venezia Giulia,Friuli Venezia Giulia,1215220,791842,65.16,0.78
1523,2021-02-26,FVG,3735,2093,1642,3560,148,27,ITH,ITH4,6,Friuli-Venezia Giulia,Friuli Venezia Giulia,1215220,795577,65.47,0.31
1524,2021-03-07,FVG,2545,932,1613,2489,1,55,ITH,ITH4,6,Friuli-Venezia Giulia,Friuli Venezia Giulia,1215220,798122,65.68,0.21
1525,2020-12-31,FVG,1048,381,667,1047,0,1,ITH,ITH4,6,Friuli-Venezia Giulia,Friuli Venezia Giulia,1215220,799170,65.76,0.09
1526,2021-06-17,FVG,11321,5716,5605,2307,9009,5,ITH,ITH4,6,Friuli-Venezia Giulia,Friuli Venezia Giulia,1215220,810491,66.7,0.93
1527,2021-05-04,FVG,9547,4303,5244,5982,3361,204,ITH,ITH4,6,Friuli-Venezia Giulia,Friuli Venezia Giulia,1215220,820038,67.48,0.79
1528,2021-01-24,FVG,305,119,186,1,304,0,ITH,ITH4,6,Friuli-Venezia Giulia,Friuli Venezia Giulia,1215220,820343,67.51,0.03
1529,2021-06-30,FVG,13141,6690,6451,1367,11590,184,ITH,ITH4,6,Friuli-Venezia Giulia,Friuli Venezia Giulia,1215220,833484,68.59,1.08
1530,2021-03-08,FVG,4122,1643,2479,2022,2086,14,ITH,ITH4,6,Friuli-Venezia Giulia,Friuli Venezia Giulia,1215220,837606,68.93,0.34
1531,2021-03-22,FVG,3661,1448,2213,1674,1954,33,ITH,ITH4,6,Friuli-Venezia Giulia,Friuli Venezia Giulia,1215220,841267,69.23,0.3
1532,2021-01-17,FVG,1715,522,1193,1713,0,2,ITH,ITH4,6,Friuli-Venezia Giulia,Friuli Venezia Giulia,1215220,842982,69.37,0.14
1533,2021-03-15,FVG,3951,1809,2142,1612,2321,18,ITH,ITH4,6,Friuli-Venezia Giulia,Friuli Venezia Giulia,1215220,846933,69.69,0.33
1534,2021-05-11,FVG,9039,4338,4701,7016,1806,217,ITH,ITH4,6,Friuli-Venezia Giulia,Friuli Venezia Giulia,1215220,855972,70.44,0.74
1535,2021-01-31,FVG,2717,838,1879,385,2332,0,ITH,ITH4,6,Friuli-Venezia Giulia,Friuli Venezia Giulia,1215220,858689,70.66,0.22
1536,2021-06-29,FVG,11272,5747,5525,1156,9998,118,ITH,ITH4,6,Friuli-Venezia Giulia,Friuli Venezia Giulia,1215220,869961,71.59,0.93
1537,2021-07-16,FVG,2069,1143,926,511,1492,66,ITH,ITH4,6,Friuli-Venezia Giulia,Friuli Venezia Giulia,1215220,872030,71.76,0.17
1538,2021-04-07,FVG,7830,3627,4203,6942,782,106,ITH,ITH4,6,Friuli-Venezia Giulia,Friuli Venezia Giulia,1215220,879860,72.4,0.64
1539,2021-02-17,FVG,2355,1000,1355,1873,480,2,ITH,ITH4,6,Friuli-Venezia Giulia,Friuli Venezia Giulia,1215220,882215,72.6,0.19
1540,2021-05-30,FVG,11062,4990,6072,7244,3588,230,ITH,ITH4,6,Friuli-Venezia Giulia,Friuli Venezia Giulia,1215220,893277,73.51,0.91
1541,2021-05-03,FVG,7216,3290,3926,3316,3785,115,ITH,ITH4,6,Friuli-Venezia Giulia,Friuli Venezia Giulia,1215220,900493,74.1,0.59
1542,2021-01-14,FVG,2584,789,1795,2581,0,3,ITH,ITH4,6,Friuli-Venezia Giulia,Friuli Venezia Giulia,1215220,903077,74.31,0.21
1543,2021-06-08,FVG,10468,5482,4986,9984,448,36,ITH,ITH4,6,Friuli-Venezia Giulia,Friuli Venezia Giulia,1215220,913545,75.18,0.86
1544,2021-02-28,FVG,2686,1003,1683,2265,394,27,ITH,ITH4,6,Friuli-Venezia Giulia,Friuli Venezia Giulia,1215220,916231,75.4,0.22
1545,2021-04-15,FVG,6514,2878,3636,5106,1270,138,ITH,ITH4,6,Friuli-Venezia Giulia,Friuli Venezia Giulia,1215220,922745,75.93,0.54
1546,2021-04-29,FVG,6761,2980,3781,3975,2592,194,ITH,ITH4,6,Friuli-Venezia Giulia,Friuli Venezia Giulia,1215220,929506,76.49,0.56
1547,2021-01-05,FVG,1678,551,1127,1677,0,1,ITH,ITH4,6,Friuli-Venezia Giulia,Friuli Venezia Giulia,1215220,931184,76.63,0.14
1548,2021-02-05,FVG,2610,784,1826,89,2521,0,ITH,ITH4,6,Friuli-Venezia Giulia,Friuli Venezia Giulia,1215220,933794,76.84,0.21
1549,2021-06-22,FVG,11513,5933,5580,2424,9080,9,ITH,ITH4,6,Friuli-Venezia Giulia,Friuli Venezia Giulia,1215220,945307,77.79,0.95
1550,2021-05-25,FVG,12922,6384,6538,9294,3312,316,ITH,ITH4,6,Friuli-Venezia Giulia,Friuli Venezia Giulia,1215220,958229,78.85,1.06
1551,2021-06-11,FVG,10649,5796,4853,9790,829,30,ITH,ITH4,6,Friuli-Venezia Giulia,Friuli Venezia Giulia,1215220,968878,79.73,0.88
1552,2021-03-03,FVG,3646,1634,2012,2357,1275,14,ITH,ITH4,6,Friuli-Venezia Giulia,Friuli Venezia Giulia,1215220,972524,80.03,0.3
1553,2021-05-27,FVG,12829,6142,6687,7410,5230,189,ITH,ITH4,6,Friuli-Venezia Giulia,Friuli Venezia Giulia,1215220,985353,81.08,1.06
1554,2021-05-29,FVG,12025,5848,6177,6802,4987,236,ITH,ITH4,6,Friuli-Venezia Giulia,Friuli Venezia Giulia,1215220,997378,82.07,0.99
1555,2021-07-11,FVG,6657,3494,3163,2181,4161,315,ITH,ITH4,6,Friuli-Venezia Giulia,Friuli Venezia Giulia,1215220,1004035,82.62,0.55
1556,2021-05-22,FVG,11585,5204,6381,7100,4239,246,ITH,ITH4,6,Friuli-Venezia Giulia,Friuli Venezia Giulia,1215220,1015620,83.57,0.95
1557,2021-02-21,FVG,801,281,520,421,378,2,ITH,ITH4,6,Friuli-Venezia Giulia,Friuli Venezia Giulia,1215220,1016421,83.64,0.07
1558,2021-07-04,FVG,9181,4708,4473,2732,6185,264,ITH,ITH4,6,Friuli-Venezia Giulia,Friuli Venezia Giulia,1215220,1025602,84.4,0.76
1559,2021-03-26,FVG,6006,2607,3399,3831,2018,157,ITH,ITH4,6,Friuli-Venezia Giulia,Friuli Venezia Giulia,1215220,1031608,84.89,0.49
1560,2021-03-12,FVG,4102,1696,2406,2698,1381,23,ITH,ITH4,6,Friuli-Venezia Giulia,Friuli Venezia Giulia,1215220,1035710,85.23,0.34
1561,2021-01-02,FVG,1216,470,746,1216,0,0,ITH,ITH4,6,Friuli-Venezia Giulia,Friuli Venezia Giulia,1215220,1036926,85.33,0.1
1562,2021-01-28,FVG,2241,794,1447,355,1886,0,ITH,ITH4,6,Friuli-Venezia Giulia,Friuli Venezia Giulia,1215220,1039167,85.51,0.18
1563,2021-05-08,FVG,10277,4648,5629,5313,4784,180,ITH,ITH4,6,Friuli-Venezia Giulia,Friuli Venezia Giulia,1215220,1049444,86.36,0.85
1564,2021-02-14,FVG,1,0,1,0,1,0,ITH,ITH4,6,Friuli-Venezia Giulia,Friuli Venezia Giulia,1215220,1049445,86.36,0.0
1565,2021-04-26,FVG,5464,2451,3013,3695,1650,119,ITH,ITH4,6,Friuli-Venezia Giulia,Friuli Venezia Giulia,1215220,1054909,86.81,0.45
1566,2021-04-12,FVG,7272,3188,4084,6000,1132,140,ITH,ITH4,6,Friuli-Venezia Giulia,Friuli Venezia Giulia,1215220,1062181,87.41,0.6
1567,2021-04-14,FVG,7241,3129,4112,5413,1712,116,ITH,ITH4,6,Friuli-Venezia Giulia,Friuli Venezia Giulia,1215220,1069422,88.0,0.6
1568,2021-07-06,FVG,11135,5821,5314,1324,9697,114,ITH,ITH4,6,Friuli-Venezia Giulia,Friuli Venezia Giulia,1215220,1080557,88.92,0.92
1569,2021-06-03,FVG,12393,6725,5668,10273,2082,38,ITH,ITH4,6,Friuli-Venezia Giulia,Friuli Venezia Giulia,1215220,1092950,89.94,1.02
1570,2021-01-19,FVG,6,2,4,6,0,0,ITH,ITH4,6,Friuli-Venezia Giulia,Friuli Venezia Giulia,1215220,1092956,89.94,0.0
1571,2021-05-10,FVG,7941,3529,4412,6234,1542,165,ITH,ITH4,6,Friuli-Venezia Giulia,Friuli Venezia Giulia,1215220,1100897,90.59,0.65
1572,2021-04-18,FVG,6048,2808,3240,5456,407,185,ITH,ITH4,6,Friuli-Venezia Giulia,Friuli Venezia Giulia,1215220,1106945,91.09,0.5
1573,2021-01-08,FVG,2321,746,1575,2321,0,0,ITH,ITH4,6,Friuli-Venezia Giulia,Friuli Venezia Giulia,1215220,1109266,91.28,0.19
1574,2021-06-14,FVG,10056,4855,5201,5223,4812,21,ITH,ITH4,6,Friuli-Venezia Giulia,Friuli Venezia Giulia,1215220,1119322,92.11,0.83
1575,2021-02-20,FVG,2068,933,1135,1921,144,3,ITH,ITH4,6,Friuli-Venezia Giulia,Friuli Venezia Giulia,1215220,1121390,92.28,0.17
1576,2021-01-22,FVG,89,29,60,0,89,0,ITH,ITH4,6,Friuli-Venezia Giulia,Friuli Venezia Giulia,1215220,1121479,92.29,0.01
1577,2021-03-06,FVG,3500,1196,2304,3147,325,28,ITH,ITH4,6,Friuli-Venezia Giulia,Friuli Venezia Giulia,1215220,1124979,92.57,0.29
1578,2021-05-06,FVG,11921,5539,6382,7687,3972,262,ITH,ITH4,6,Friuli-Venezia Giulia,Friuli Venezia Giulia,1215220,1136900,93.56,0.98
1579,2021-07-02,FVG,10916,5643,5273,1934,8778,204,ITH,ITH4,6,Friuli-Venezia Giulia,Friuli Venezia Giulia,1215220,1147816,94.45,0.9
1580,2021-06-25,FVG,10736,5404,5332,2194,8535,7,ITH,ITH4,6,Friuli-Venezia Giulia,Friuli Venezia Giulia,1215220,1158552,95.34,0.88
1581,2021-07-09,FVG,11747,6223,5524,1990,9461,296,ITH,ITH4,6,Friuli-Venezia Giulia,Friuli Venezia Giulia,1215220,1170299,96.3,0.97
1582,2021-03-17,FVG,3237,1268,1969,739,2492,6,ITH,ITH4,6,Friuli-Venezia Giulia,Friuli Venezia Giulia,1215220,1173536,96.57,0.27
1583,2021-05-13,FVG,11161,5383,5778,8734,2065,362,ITH,ITH4,6,Friuli-Venezia Giulia,Friuli Venezia Giulia,1215220,1184697,97.49,0.92
1584,2021-02-16,FVG,2516,1135,1381,2397,116,3,ITH,ITH4,6,Friuli-Venezia Giulia,Friuli Venezia Giulia,1215220,1187213,97.7,0.21
1585,2021-03-24,FVG,3977,1720,2257,2466,1481,30,ITH,ITH4,6,Friuli-Venezia Giulia,Friuli Venezia Giulia,1215220,1191190,98.02,0.33
1586,2021-05-20,FVG,12706,6317,6389,9812,2519,375,ITH,ITH4,6,Friuli-Venezia Giulia,Friuli Venezia Giulia,1215220,1203896,99.07,1.05
1587,2021-01-26,FVG,1977,647,1330,216,1760,1,ITH,ITH4,6,Friuli-Venezia Giulia,Friuli Venezia Giulia,1215220,1205873,99.23,0.16
1588,2021-02-09,FVG,1842,555,1287,1556,286,0,ITH,ITH4,6,Friuli-Venezia Giulia,Friuli Venezia Giulia,1215220,1207715,99.38,0.15
1589,2021-02-02,FVG,2467,806,1661,217,2250,0,ITH,ITH4,6,Friuli-Venezia Giulia,Friuli Venezia Giulia,1215220,1210182,99.59,0.2
1590,2021-03-31,FVG,8139,3570,4569,7179,846,114,ITH,ITH4,6,Friuli-Venezia Giulia,Friuli Venezia Giulia,1215220,1218321,100.26,0.67
1591,2021-06-06,PAB,4536,2179,2357,858,3678,0,ITH,ITH1,4,Provincia Autonoma Bolzano / Bozen,P.A. Bolzano,533050,4536,0.85,0.85
1592,2021-02-26,PAB,1527,551,976,1494,30,3,ITH,ITH1,4,Provincia Autonoma Bolzano / Bozen,P.A. Bolzano,533050,6063,1.14,0.29
1593,2021-06-01,PAB,3635,2365,1270,2162,1473,0,ITH,ITH1,4,Provincia Autonoma Bolzano / Bozen,P.A. Bolzano,533050,9698,1.82,0.68
1594,2021-02-19,PAB,2252,512,1740,2241,11,0,ITH,ITH1,4,Provincia Autonoma Bolzano / Bozen,P.A. Bolzano,533050,11950,2.24,0.42
1595,2021-06-20,PAB,5232,2845,2387,615,4593,24,ITH,ITH1,4,Provincia Autonoma Bolzano / Bozen,P.A. Bolzano,533050,17182,3.22,0.98
1596,2021-02-07,PAB,2362,1058,1304,14,2348,0,ITH,ITH1,4,Provincia Autonoma Bolzano / Bozen,P.A. Bolzano,533050,19544,3.67,0.44
1597,2021-05-18,PAB,3343,1754,1589,2135,1186,22,ITH,ITH1,4,Provincia Autonoma Bolzano / Bozen,P.A. Bolzano,533050,22887,4.29,0.63
1598,2021-02-12,PAB,730,217,513,482,248,0,ITH,ITH1,4,Provincia Autonoma Bolzano / Bozen,P.A. Bolzano,533050,23617,4.43,0.14
1599,2021-04-10,PAB,5396,2666,2730,4802,588,6,ITH,ITH1,4,Provincia Autonoma Bolzano / Bozen,P.A. Bolzano,533050,29013,5.44,1.01
1600,2020-12-31,PAB,913,519,394,913,0,0,ITH,ITH1,4,Provincia Autonoma Bolzano / Bozen,P.A. Bolzano,533050,29926,5.61,0.17
1601,2021-04-19,PAB,1873,859,1014,1689,182,2,ITH,ITH1,4,Provincia Autonoma Bolzano / Bozen,P.A. Bolzano,533050,31799,5.97,0.35
1602,2021-06-15,PAB,2024,1167,857,492,1532,0,ITH,ITH1,4,Provincia Autonoma Bolzano / Bozen,P.A. Bolzano,533050,33823,6.35,0.38
1603,2021-04-17,PAB,5239,2602,2637,5184,44,11,ITH,ITH1,4,Provincia Autonoma Bolzano / Bozen,P.A. Bolzano,533050,39062,7.33,0.98
1604,2021-01-07,PAB,918,327,591,918,0,0,ITH,ITH1,4,Provincia Autonoma Bolzano / Bozen,P.A. Bolzano,533050,39980,7.5,0.17
1605,2021-07-16,PAB,2230,1215,1015,291,1939,0,ITH,ITH1,4,Provincia Autonoma Bolzano / Bozen,P.A. Bolzano,533050,42210,7.92,0.42
1606,2021-04-24,PAB,5110,2452,2658,4607,485,18,ITH,ITH1,4,Provincia Autonoma Bolzano / Bozen,P.A. Bolzano,533050,47320,8.88,0.96
1607,2021-07-14,PAB,697,357,340,352,345,0,ITH,ITH1,4,Provincia Autonoma Bolzano / Bozen,P.A. Bolzano,533050,48017,9.01,0.13
1608,2021-04-05,PAB,301,144,157,22,278,1,ITH,ITH1,4,Provincia Autonoma Bolzano / Bozen,P.A. Bolzano,533050,48318,9.06,0.06
1609,2021-06-27,PAB,4425,2314,2111,618,3807,0,ITH,ITH1,4,Provincia Autonoma Bolzano / Bozen,P.A. Bolzano,533050,52743,9.89,0.83
1610,2021-01-12,PAB,1709,459,1250,1709,0,0,ITH,ITH1,4,Provincia Autonoma Bolzano / Bozen,P.A. Bolzano,533050,54452,10.22,0.32
1611,2021-01-26,PAB,810,291,519,1,809,0,ITH,ITH1,4,Provincia Autonoma Bolzano / Bozen,P.A. Bolzano,533050,55262,10.37,0.15
1612,2021-07-02,PAB,3195,1657,1538,1023,2172,0,ITH,ITH1,4,Provincia Autonoma Bolzano / Bozen,P.A. Bolzano,533050,58457,10.97,0.6
1613,2021-03-24,PAB,2064,999,1065,2049,13,2,ITH,ITH1,4,Provincia Autonoma Bolzano / Bozen,P.A. Bolzano,533050,60521,11.35,0.39
1614,2021-03-10,PAB,1268,529,739,1123,143,2,ITH,ITH1,4,Provincia Autonoma Bolzano / Bozen,P.A. Bolzano,533050,61789,11.59,0.24
1615,2021-05-06,PAB,5181,2747,2434,2590,2568,23,ITH,ITH1,4,Provincia Autonoma Bolzano / Bozen,P.A. Bolzano,533050,66970,12.56,0.97
1616,2021-03-22,PAB,1144,523,621,1138,5,1,ITH,ITH1,4,Provincia Autonoma Bolzano / Bozen,P.A. Bolzano,533050,68114,12.78,0.21
1617,2021-01-24,PAB,12,10,2,0,12,0,ITH,ITH1,4,Provincia Autonoma Bolzano / Bozen,P.A. Bolzano,533050,68126,12.78,0.0
1618,2021-07-04,PAB,4412,2129,2283,188,4224,0,ITH,ITH1,4,Provincia Autonoma Bolzano / Bozen,P.A. Bolzano,533050,72538,13.61,0.83
1619,2021-05-20,PAB,4916,2472,2444,3419,1469,28,ITH,ITH1,4,Provincia Autonoma Bolzano / Bozen,P.A. Bolzano,533050,77454,14.53,0.92
1620,2021-07-09,PAB,5196,2592,2604,1036,4160,0,ITH,ITH1,4,Provincia Autonoma Bolzano / Bozen,P.A. Bolzano,533050,82650,15.51,0.97
1621,2021-03-31,PAB,1832,694,1138,821,1011,0,ITH,ITH1,4,Provincia Autonoma Bolzano / Bozen,P.A. Bolzano,533050,84482,15.85,0.34
1622,2021-06-08,PAB,4187,2137,2050,870,3317,0,ITH,ITH1,4,Provincia Autonoma Bolzano / Bozen,P.A. Bolzano,533050,88669,16.63,0.79
1623,2021-04-28,PAB,2464,1302,1162,2444,5,15,ITH,ITH1,4,Provincia Autonoma Bolzano / Bozen,P.A. Bolzano,533050,91133,17.1,0.46
1624,2021-04-12,PAB,2105,946,1159,2095,7,3,ITH,ITH1,4,Provincia Autonoma Bolzano / Bozen,P.A. Bolzano,533050,93238,17.49,0.39
1625,2021-03-07,PAB,114,13,101,9,105,0,ITH,ITH1,4,Provincia Autonoma Bolzano / Bozen,P.A. Bolzano,533050,93352,17.51,0.02
1626,2021-04-21,PAB,3013,1468,1545,2156,848,9,ITH,ITH1,4,Provincia Autonoma Bolzano / Bozen,P.A. Bolzano,533050,96365,18.08,0.57
1627,2021-06-24,PAB,3917,2026,1891,1727,2190,0,ITH,ITH1,4,Provincia Autonoma Bolzano / Bozen,P.A. Bolzano,533050,100282,18.81,0.73
1628,2021-05-01,PAB,2104,1067,1037,1940,160,4,ITH,ITH1,4,Provincia Autonoma Bolzano / Bozen,P.A. Bolzano,533050,102386,19.21,0.39
1629,2021-03-12,PAB,1664,734,930,1250,413,1,ITH,ITH1,4,Provincia Autonoma Bolzano / Bozen,P.A. Bolzano,533050,104050,19.52,0.31
1630,2021-03-29,PAB,1171,499,672,411,759,1,ITH,ITH1,4,Provincia Autonoma Bolzano / Bozen,P.A. Bolzano,533050,105221,19.74,0.22
1631,2021-06-29,PAB,1874,1011,863,257,1617,0,ITH,ITH1,4,Provincia Autonoma Bolzano / Bozen,P.A. Bolzano,533050,107095,20.09,0.35
1632,2021-03-21,PAB,768,285,483,14,754,0,ITH,ITH1,4,Provincia Autonoma Bolzano / Bozen,P.A. Bolzano,533050,107863,20.24,0.14
1633,2021-06-12,PAB,5055,2743,2312,1767,3288,0,ITH,ITH1,4,Provincia Autonoma Bolzano / Bozen,P.A. Bolzano,533050,112918,21.18,0.95
1634,2021-01-14,PAB,1946,575,1371,1946,0,0,ITH,ITH1,4,Provincia Autonoma Bolzano / Bozen,P.A. Bolzano,533050,114864,21.55,0.37
1635,2021-03-17,PAB,582,213,369,580,2,0,ITH,ITH1,4,Provincia Autonoma Bolzano / Bozen,P.A. Bolzano,533050,115446,21.66,0.11
1636,2021-05-13,PAB,2995,1355,1640,1059,1930,6,ITH,ITH1,4,Provincia Autonoma Bolzano / Bozen,P.A. Bolzano,533050,118441,22.22,0.56
1637,2021-04-29,PAB,2631,1351,1280,1925,694,12,ITH,ITH1,4,Provincia Autonoma Bolzano / Bozen,P.A. Bolzano,533050,121072,22.71,0.49
1638,2021-01-19,PAB,853,371,482,723,130,0,ITH,ITH1,4,Provincia Autonoma Bolzano / Bozen,P.A. Bolzano,533050,121925,22.87,0.16
1639,2021-06-25,PAB,4170,2304,1866,1157,3013,0,ITH,ITH1,4,Provincia Autonoma Bolzano / Bozen,P.A. Bolzano,533050,126095,23.66,0.78
1640,2021-01-05,PAB,830,286,544,830,0,0,ITH,ITH1,4,Provincia Autonoma Bolzano / Bozen,P.A. Bolzano,533050,126925,23.81,0.16
1641,2021-01-23,PAB,197,117,80,0,197,0,ITH,ITH1,4,Provincia Autonoma Bolzano / Bozen,P.A. Bolzano,533050,127122,23.85,0.04
1642,2021-05-03,PAB,1831,847,984,417,1413,1,ITH,ITH1,4,Provincia Autonoma Bolzano / Bozen,P.A. Bolzano,533050,128953,24.19,0.34
1643,2021-02-23,PAB,769,324,445,763,6,0,ITH,ITH1,4,Provincia Autonoma Bolzano / Bozen,P.A. Bolzano,533050,129722,24.34,0.14
1644,2021-05-17,PAB,3139,1516,1623,2436,694,9,ITH,ITH1,4,Provincia Autonoma Bolzano / Bozen,P.A. Bolzano,533050,132861,24.92,0.59
1645,2021-06-03,PAB,4801,2614,2187,3854,947,0,ITH,ITH1,4,Provincia Autonoma Bolzano / Bozen,P.A. Bolzano,533050,137662,25.83,0.9
1646,2021-05-15,PAB,7005,3691,3314,6680,294,31,ITH,ITH1,4,Provincia Autonoma Bolzano / Bozen,P.A. Bolzano,533050,144667,27.14,1.31
1647,2021-02-04,PAB,1958,593,1365,8,1950,0,ITH,ITH1,4,Provincia Autonoma Bolzano / Bozen,P.A. Bolzano,533050,146625,27.51,0.37
1648,2021-07-11,PAB,6036,3073,2963,1167,4869,0,ITH,ITH1,4,Provincia Autonoma Bolzano / Bozen,P.A. Bolzano,533050,152661,28.64,1.13
1649,2021-03-05,PAB,1840,625,1215,1395,443,2,ITH,ITH1,4,Provincia Autonoma Bolzano / Bozen,P.A. Bolzano,533050,154501,28.98,0.35
1650,2021-05-27,PAB,6146,3236,2910,4079,2010,57,ITH,ITH1,4,Provincia Autonoma Bolzano / Bozen,P.A. Bolzano,533050,160647,30.14,1.15
1651,2021-06-13,PAB,3682,2049,1633,490,3192,0,ITH,ITH1,4,Provincia Autonoma Bolzano / Bozen,P.A. Bolzano,533050,164329,30.83,0.69
1652,2021-05-25,PAB,3859,2000,1859,2955,886,18,ITH,ITH1,4,Provincia Autonoma Bolzano / Bozen,P.A. Bolzano,533050,168188,31.55,0.72
1653,2021-02-14,PAB,297,130,167,297,0,0,ITH,ITH1,4,Provincia Autonoma Bolzano / Bozen,P.A. Bolzano,533050,168485,31.61,0.06
1654,2021-05-08,PAB,4427,2382,2045,3749,663,15,ITH,ITH1,4,Provincia Autonoma Bolzano / Bozen,P.A. Bolzano,533050,172912,32.44,0.83
1655,2021-03-03,PAB,1181,395,786,1168,13,0,ITH,ITH1,4,Provincia Autonoma Bolzano / Bozen,P.A. Bolzano,533050,174093,32.66,0.22
1656,2021-01-16,PAB,2840,1265,1575,2840,0,0,ITH,ITH1,4,Provincia Autonoma Bolzano / Bozen,P.A. Bolzano,533050,176933,33.19,0.53
1657,2021-06-10,PAB,4458,2313,2145,1363,3095,0,ITH,ITH1,4,Provincia Autonoma Bolzano / Bozen,P.A. Bolzano,533050,181391,34.03,0.84
1658,2021-04-26,PAB,1543,771,772,1532,5,6,ITH,ITH1,4,Provincia Autonoma Bolzano / Bozen,P.A. Bolzano,533050,182934,34.32,0.29
1659,2021-01-09,PAB,612,326,286,612,0,0,ITH,ITH1,4,Provincia Autonoma Bolzano / Bozen,P.A. Bolzano,533050,183546,34.43,0.11
1660,2021-06-17,PAB,1763,977,786,684,1079,0,ITH,ITH1,4,Provincia Autonoma Bolzano / Bozen,P.A. Bolzano,533050,185309,34.76,0.33
1661,2021-04-07,PAB,1798,823,975,1255,540,3,ITH,ITH1,4,Provincia Autonoma Bolzano / Bozen,P.A. Bolzano,533050,187107,35.1,0.34
1662,2021-03-02,PAB,695,200,495,692,2,1,ITH,ITH1,4,Provincia Autonoma Bolzano / Bozen,P.A. Bolzano,533050,187802,35.23,0.13
1663,2021-03-19,PAB,1906,773,1133,794,1107,5,ITH,ITH1,4,Provincia Autonoma Bolzano / Bozen,P.A. Bolzano,533050,189708,35.59,0.36
1664,2021-07-01,PAB,4624,2296,2328,1460,3164,0,ITH,ITH1,4,Provincia Autonoma Bolzano / Bozen,P.A. Bolzano,533050,194332,36.46,0.87
1665,2021-07-06,PAB,1719,924,795,738,981,0,ITH,ITH1,4,Provincia Autonoma Bolzano / Bozen,P.A. Bolzano,533050,196051,36.78,0.32
1666,2021-06-22,PAB,2452,1409,1043,335,2117,0,ITH,ITH1,4,Provincia Autonoma Bolzano / Bozen,P.A. Bolzano,533050,198503,37.24,0.46
1667,2021-03-14,PAB,758,336,422,25,733,0,ITH,ITH1,4,Provincia Autonoma Bolzano / Bozen,P.A. Bolzano,533050,199261,37.38,0.14
1668,2021-04-14,PAB,3593,1645,1948,3488,91,14,ITH,ITH1,4,Provincia Autonoma Bolzano / Bozen,P.A. Bolzano,533050,202854,38.06,0.67
1669,2021-01-04,PAB,508,201,307,508,0,0,ITH,ITH1,4,Provincia Autonoma Bolzano / Bozen,P.A. Bolzano,533050,203362,38.15,0.1
1670,2021-01-21,PAB,953,442,511,139,814,0,ITH,ITH1,4,Provincia Autonoma Bolzano / Bozen,P.A. Bolzano,533050,204315,38.33,0.18
1671,2021-06-05,PAB,6080,3030,3050,4984,1096,0,ITH,ITH1,4,Provincia Autonoma Bolzano / Bozen,P.A. Bolzano,533050,210395,39.47,1.14
1672,2021-02-09,PAB,317,126,191,1,316,0,ITH,ITH1,4,Provincia Autonoma Bolzano / Bozen,P.A. Bolzano,533050,210712,39.53,0.06
1673,2021-07-13,PAB,3156,1602,1554,1262,1894,0,ITH,ITH1,4,Provincia Autonoma Bolzano / Bozen,P.A. Bolzano,533050,213868,40.12,0.59
1674,2021-02-02,PAB,1745,506,1239,8,1737,0,ITH,ITH1,4,Provincia Autonoma Bolzano / Bozen,P.A. Bolzano,533050,215613,40.45,0.33
1675,2021-05-10,PAB,3018,1300,1718,1412,1605,1,ITH,ITH1,4,Provincia Autonoma Bolzano / Bozen,P.A. Bolzano,533050,218631,41.02,0.57
1676,2021-02-16,PAB,530,205,325,530,0,0,ITH,ITH1,4,Provincia Autonoma Bolzano / Bozen,P.A. Bolzano,533050,219161,41.11,0.1
1677,2021-01-28,PAB,871,308,563,9,862,0,ITH,ITH1,4,Provincia Autonoma Bolzano / Bozen,P.A. Bolzano,533050,220032,41.28,0.16
1678,2021-03-04,PAB,1715,1005,710,1481,229,5,ITH,ITH1,4,Provincia Autonoma Bolzano / Bozen,P.A. Bolzano,533050,221747,41.6,0.32
1679,2021-05-26,PAB,4990,2517,2473,2997,1974,19,ITH,ITH1,4,Provincia Autonoma Bolzano / Bozen,P.A. Bolzano,533050,226737,42.54,0.94
1680,2021-04-25,PAB,3073,1497,1576,2398,672,3,ITH,ITH1,4,Provincia Autonoma Bolzano / Bozen,P.A. Bolzano,533050,229810,43.11,0.58
1681,2021-01-13,PAB,1691,557,1134,1691,0,0,ITH,ITH1,4,Provincia Autonoma Bolzano / Bozen,P.A. Bolzano,533050,231501,43.43,0.32
1682,2021-01-30,PAB,498,245,253,4,494,0,ITH,ITH1,4,Provincia Autonoma Bolzano / Bozen,P.A. Bolzano,533050,231999,43.52,0.09
1683,2021-04-23,PAB,4543,2151,2392,3244,1291,8,ITH,ITH1,4,Provincia Autonoma Bolzano / Bozen,P.A. Bolzano,533050,236542,44.38,0.85
1684,2021-01-11,PAB,1574,513,1061,1574,0,0,ITH,ITH1,4,Provincia Autonoma Bolzano / Bozen,P.A. Bolzano,533050,238116,44.67,0.3
1685,2021-07-15,PAB,4016,2119,1897,1343,2673,0,ITH,ITH1,4,Provincia Autonoma Bolzano / Bozen,P.A. Bolzano,533050,242132,45.42,0.75
1686,2021-04-06,PAB,2250,1118,1132,2146,103,1,ITH,ITH1,4,Provincia Autonoma Bolzano / Bozen,P.A. Bolzano,533050,244382,45.85,0.42
1687,2021-07-10,PAB,5765,2971,2794,1030,4735,0,ITH,ITH1,4,Provincia Autonoma Bolzano / Bozen,P.A. Bolzano,533050,250147,46.93,1.08
1688,2021-01-18,PAB,1772,687,1085,1767,5,0,ITH,ITH1,4,Provincia Autonoma Bolzano / Bozen,P.A. Bolzano,533050,251919,47.26,0.33
1689,2021-05-07,PAB,4194,2062,2132,3650,528,16,ITH,ITH1,4,Provincia Autonoma Bolzano / Bozen,P.A. Bolzano,533050,256113,48.05,0.79
1690,2021-07-03,PAB,5632,2790,2842,1072,4560,0,ITH,ITH1,4,Provincia Autonoma Bolzano / Bozen,P.A. Bolzano,533050,261745,49.1,1.06
1691,2021-05-05,PAB,4155,1945,2210,2026,2116,13,ITH,ITH1,4,Provincia Autonoma Bolzano / Bozen,P.A. Bolzano,533050,265900,49.88,0.78
1692,2021-01-25,PAB,487,183,304,3,484,0,ITH,ITH1,4,Provincia Autonoma Bolzano / Bozen,P.A. Bolzano,533050,266387,49.97,0.09
1693,2021-03-23,PAB,1555,760,795,1554,1,0,ITH,ITH1,4,Provincia Autonoma Bolzano / Bozen,P.A. Bolzano,533050,267942,50.27,0.29
1694,2021-04-01,PAB,2787,1407,1380,2638,144,5,ITH,ITH1,4,Provincia Autonoma Bolzano / Bozen,P.A. Bolzano,533050,270729,50.79,0.52
1695,2021-04-30,PAB,3342,1594,1748,1559,1776,7,ITH,ITH1,4,Provincia Autonoma Bolzano / Bozen,P.A. Bolzano,533050,274071,51.42,0.63
1696,2021-01-20,PAB,618,253,365,410,208,0,ITH,ITH1,4,Provincia Autonoma Bolzano / Bozen,P.A. Bolzano,533050,274689,51.53,0.12
1697,2021-01-06,PAB,59,18,41,59,0,0,ITH,ITH1,4,Provincia Autonoma Bolzano / Bozen,P.A. Bolzano,533050,274748,51.54,0.01
1698,2021-03-30,PAB,1299,532,767,219,1080,0,ITH,ITH1,4,Provincia Autonoma Bolzano / Bozen,P.A. Bolzano,533050,276047,51.79,0.24
1699,2021-04-16,PAB,2951,1419,1532,2437,511,3,ITH,ITH1,4,Provincia Autonoma Bolzano / Bozen,P.A. Bolzano,533050,278998,52.34,0.55
1700,2021-02-06,PAB,2627,1172,1455,18,2608,1,ITH,ITH1,4,Provincia Autonoma Bolzano / Bozen,P.A. Bolzano,533050,281625,52.83,0.49
1701,2021-06-21,PAB,3162,1612,1550,295,2867,0,ITH,ITH1,4,Provincia Autonoma Bolzano / Bozen,P.A. Bolzano,533050,284787,53.43,0.59
1702,2021-03-28,PAB,569,212,357,11,558,0,ITH,ITH1,4,Provincia Autonoma Bolzano / Bozen,P.A. Bolzano,533050,285356,53.53,0.11
1703,2021-06-04,PAB,6561,3295,3266,5032,1529,0,ITH,ITH1,4,Provincia Autonoma Bolzano / Bozen,P.A. Bolzano,533050,291917,54.76,1.23
1704,2021-02-24,PAB,1367,406,961,1354,12,1,ITH,ITH1,4,Provincia Autonoma Bolzano / Bozen,P.A. Bolzano,533050,293284,55.02,0.26
1705,2021-01-02,PAB,91,48,43,91,0,0,ITH,ITH1,4,Provincia Autonoma Bolzano / Bozen,P.A. Bolzano,533050,293375,55.04,0.02
1706,2021-06-26,PAB,4538,2326,2212,1466,3072,0,ITH,ITH1,4,Provincia Autonoma Bolzano / Bozen,P.A. Bolzano,533050,297913,55.89,0.85
1707,2021-03-18,PAB,1302,531,771,226,1076,0,ITH,ITH1,4,Provincia Autonoma Bolzano / Bozen,P.A. Bolzano,533050,299215,56.13,0.24
1708,2021-05-14,PAB,5134,2320,2814,3086,2037,11,ITH,ITH1,4,Provincia Autonoma Bolzano / Bozen,P.A. Bolzano,533050,304349,57.1,0.96
1709,2021-03-16,PAB,1290,532,758,124,1166,0,ITH,ITH1,4,Provincia Autonoma Bolzano / Bozen,P.A. Bolzano,533050,305639,57.34,0.24
1710,2021-05-12,PAB,3792,2058,1734,3621,153,18,ITH,ITH1,4,Provincia Autonoma Bolzano / Bozen,P.A. Bolzano,533050,309431,58.05,0.71
1711,2021-02-01,PAB,1452,440,1012,12,1440,0,ITH,ITH1,4,Provincia Autonoma Bolzano / Bozen,P.A. Bolzano,533050,310883,58.32,0.27
1712,2021-07-05,PAB,2933,1406,1527,950,1983,0,ITH,ITH1,4,Provincia Autonoma Bolzano / Bozen,P.A. Bolzano,533050,313816,58.87,0.55
1713,2021-05-30,PAB,4764,2516,2248,749,4012,3,ITH,ITH1,4,Provincia Autonoma Bolzano / Bozen,P.A. Bolzano,533050,318580,59.77,0.89
1714,2021-07-12,PAB,3528,1753,1775,287,3241,0,ITH,ITH1,4,Provincia Autonoma Bolzano / Bozen,P.A. Bolzano,533050,322108,60.43,0.66
1715,2021-04-03,PAB,831,364,467,20,810,1,ITH,ITH1,4,Provincia Autonoma Bolzano / Bozen,P.A. Bolzano,533050,322939,60.58,0.16
1716,2021-03-25,PAB,2151,1063,1088,1707,443,1,ITH,ITH1,4,Provincia Autonoma Bolzano / Bozen,P.A. Bolzano,533050,325090,60.99,0.4
1717,2021-01-27,PAB,85,29,56,2,83,0,ITH,ITH1,4,Provincia Autonoma Bolzano / Bozen,P.A. Bolzano,533050,325175,61.0,0.02
1718,2021-05-31,PAB,3000,1476,1524,2121,867,12,ITH,ITH1,4,Provincia Autonoma Bolzano / Bozen,P.A. Bolzano,533050,328175,61.57,0.56
1719,2021-01-01,PAB,6,5,1,6,0,0,ITH,ITH1,4,Provincia Autonoma Bolzano / Bozen,P.A. Bolzano,533050,328181,61.57,0.0
1720,2021-06-07,PAB,2951,1537,1414,2632,319,0,ITH,ITH1,4,Provincia Autonoma Bolzano / Bozen,P.A. Bolzano,533050,331132,62.12,0.55
1721,2021-02-27,PAB,2458,759,1699,2445,10,3,ITH,ITH1,4,Provincia Autonoma Bolzano / Bozen,P.A. Bolzano,533050,333590,62.58,0.46
1722,2021-02-13,PAB,318,79,239,312,6,0,ITH,ITH1,4,Provincia Autonoma Bolzano / Bozen,P.A. Bolzano,533050,333908,62.64,0.06
1723,2021-04-11,PAB,2724,1294,1430,2543,177,4,ITH,ITH1,4,Provincia Autonoma Bolzano / Bozen,P.A. Bolzano,533050,336632,63.15,0.51
1724,2021-05-24,PAB,1454,766,688,1103,333,18,ITH,ITH1,4,Provincia Autonoma Bolzano / Bozen,P.A. Bolzano,533050,338086,63.42,0.27
1725,2021-02-20,PAB,1802,540,1262,1784,18,0,ITH,ITH1,4,Provincia Autonoma Bolzano / Bozen,P.A. Bolzano,533050,339888,63.76,0.34
1726,2021-04-18,PAB,3110,1607,1503,2099,1010,1,ITH,ITH1,4,Provincia Autonoma Bolzano / Bozen,P.A. Bolzano,533050,342998,64.35,0.58
1727,2021-04-08,PAB,2767,1347,1420,2561,204,2,ITH,ITH1,4,Provincia Autonoma Bolzano / Bozen,P.A. Bolzano,533050,345765,64.87,0.52
1728,2020-12-27,PAB,144,65,79,144,0,0,ITH,ITH1,4,Provincia Autonoma Bolzano / Bozen,P.A. Bolzano,533050,345909,64.89,0.03
1729,2021-06-30,PAB,3060,1564,1496,456,2604,0,ITH,ITH1,4,Provincia Autonoma Bolzano / Bozen,P.A. Bolzano,533050,348969,65.47,0.57
1730,2021-06-11,PAB,5783,2974,2809,2304,3479,0,ITH,ITH1,4,Provincia Autonoma Bolzano / Bozen,P.A. Bolzano,533050,354752,66.55,1.08
1731,2021-03-09,PAB,1194,543,651,1192,2,0,ITH,ITH1,4,Provincia Autonoma Bolzano / Bozen,P.A. Bolzano,533050,355946,66.78,0.22
1732,2021-05-23,PAB,4338,2303,2035,4311,8,19,ITH,ITH1,4,Provincia Autonoma Bolzano / Bozen,P.A. Bolzano,533050,360284,67.59,0.81
1733,2021-02-03,PAB,1503,478,1025,5,1498,0,ITH,ITH1,4,Provincia Autonoma Bolzano / Bozen,P.A. Bolzano,533050,361787,67.87,0.28
1734,2021-02-10,PAB,1636,605,1031,26,1610,0,ITH,ITH1,4,Provincia Autonoma Bolzano / Bozen,P.A. Bolzano,533050,363423,68.18,0.31
1735,2021-05-21,PAB,6948,3819,3129,5067,1846,35,ITH,ITH1,4,Provincia Autonoma Bolzano / Bozen,P.A. Bolzano,533050,370371,69.48,1.3
1736,2021-07-08,PAB,5480,2772,2708,607,4873,0,ITH,ITH1,4,Provincia Autonoma Bolzano / Bozen,P.A. Bolzano,533050,375851,70.51,1.03
1737,2021-06-19,PAB,5660,3014,2646,627,5033,0,ITH,ITH1,4,Provincia Autonoma Bolzano / Bozen,P.A. Bolzano,533050,381511,71.57,1.06
1738,2021-03-11,PAB,1685,825,860,1136,538,11,ITH,ITH1,4,Provincia Autonoma Bolzano / Bozen,P.A. Bolzano,533050,383196,71.89,0.32
1739,2021-02-25,PAB,1498,549,949,1496,1,1,ITH,ITH1,4,Provincia Autonoma Bolzano / Bozen,P.A. Bolzano,533050,384694,72.17,0.28
1740,2021-06-02,PAB,1452,814,638,995,457,0,ITH,ITH1,4,Provincia Autonoma Bolzano / Bozen,P.A. Bolzano,533050,386146,72.44,0.27
1741,2021-02-08,PAB,2,1,1,1,1,0,ITH,ITH1,4,Provincia Autonoma Bolzano / Bozen,P.A. Bolzano,533050,386148,72.44,0.0
1742,2021-05-19,PAB,3849,1976,1873,2055,1786,8,ITH,ITH1,4,Provincia Autonoma Bolzano / Bozen,P.A. Bolzano,533050,389997,73.16,0.72
1743,2021-06-14,PAB,2962,1606,1356,605,2357,0,ITH,ITH1,4,Provincia Autonoma Bolzano / Bozen,P.A. Bolzano,533050,392959,73.72,0.56
1744,2021-02-15,PAB,72,42,30,26,46,0,ITH,ITH1,4,Provincia Autonoma Bolzano / Bozen,P.A. Bolzano,533050,393031,73.73,0.01
1745,2021-05-11,PAB,2844,1335,1509,1310,1522,12,ITH,ITH1,4,Provincia Autonoma Bolzano / Bozen,P.A. Bolzano,533050,395875,74.27,0.53
1746,2021-01-15,PAB,3282,1228,2054,3282,0,0,ITH,ITH1,4,Provincia Autonoma Bolzano / Bozen,P.A. Bolzano,533050,399157,74.88,0.62
1747,2021-06-18,PAB,4157,2162,1995,1258,2899,0,ITH,ITH1,4,Provincia Autonoma Bolzano / Bozen,P.A. Bolzano,533050,403314,75.66,0.78
1748,2021-01-08,PAB,1521,479,1042,1521,0,0,ITH,ITH1,4,Provincia Autonoma Bolzano / Bozen,P.A. Bolzano,533050,404835,75.95,0.29
1749,2021-03-20,PAB,1758,849,909,1132,625,1,ITH,ITH1,4,Provincia Autonoma Bolzano / Bozen,P.A. Bolzano,533050,406593,76.28,0.33
1750,2021-06-28,PAB,4607,2304,2303,240,4367,0,ITH,ITH1,4,Provincia Autonoma Bolzano / Bozen,P.A. Bolzano,533050,411200,77.14,0.86
1751,2021-03-27,PAB,3051,1554,1497,1543,1508,0,ITH,ITH1,4,Provincia Autonoma Bolzano / Bozen,P.A. Bolzano,533050,414251,77.71,0.57
1752,2021-03-13,PAB,2885,1459,1426,2782,101,2,ITH,ITH1,4,Provincia Autonoma Bolzano / Bozen,P.A. Bolzano,533050,417136,78.25,0.54
1753,2021-02-05,PAB,3195,1181,2014,8,3187,0,ITH,ITH1,4,Provincia Autonoma Bolzano / Bozen,P.A. Bolzano,533050,420331,78.85,0.6
1754,2021-04-15,PAB,4399,2307,2092,4116,263,20,ITH,ITH1,4,Provincia Autonoma Bolzano / Bozen,P.A. Bolzano,533050,424730,79.68,0.83
1755,2021-01-29,PAB,1497,510,987,24,1473,0,ITH,ITH1,4,Provincia Autonoma Bolzano / Bozen,P.A. Bolzano,533050,426227,79.96,0.28
1756,2021-04-22,PAB,2924,1501,1423,1975,942,7,ITH,ITH1,4,Provincia Autonoma Bolzano / Bozen,P.A. Bolzano,533050,429151,80.51,0.55
1757,2021-05-09,PAB,4241,2410,1831,3084,1152,5,ITH,ITH1,4,Provincia Autonoma Bolzano / Bozen,P.A. Bolzano,533050,433392,81.3,0.8
1758,2021-03-06,PAB,3973,2081,1892,3758,211,4,ITH,ITH1,4,Provincia Autonoma Bolzano / Bozen,P.A. Bolzano,533050,437365,82.05,0.75
1759,2021-05-28,PAB,6891,3610,3281,4985,1890,16,ITH,ITH1,4,Provincia Autonoma Bolzano / Bozen,P.A. Bolzano,533050,444256,83.34,1.29
1760,2021-02-17,PAB,156,51,105,139,17,0,ITH,ITH1,4,Provincia Autonoma Bolzano / Bozen,P.A. Bolzano,533050,444412,83.37,0.03
1761,2021-05-16,PAB,2025,932,1093,1329,692,4,ITH,ITH1,4,Provincia Autonoma Bolzano / Bozen,P.A. Bolzano,533050,446437,83.75,0.38
1762,2021-05-02,PAB,2457,1288,1169,1531,921,5,ITH,ITH1,4,Provincia Autonoma Bolzano / Bozen,P.A. Bolzano,533050,448894,84.21,0.46
1763,2021-01-22,PAB,248,143,105,124,124,0,ITH,ITH1,4,Provincia Autonoma Bolzano / Bozen,P.A. Bolzano,533050,449142,84.26,0.05
1764,2021-01-03,PAB,41,16,25,41,0,0,ITH,ITH1,4,Provincia Autonoma Bolzano / Bozen,P.A. Bolzano,533050,449183,84.27,0.01
1765,2021-04-13,PAB,2394,1132,1262,2385,7,2,ITH,ITH1,4,Provincia Autonoma Bolzano / Bozen,P.A. Bolzano,533050,451577,84.72,0.45
1766,2021-02-22,PAB,526,143,383,514,12,0,ITH,ITH1,4,Provincia Autonoma Bolzano / Bozen,P.A. Bolzano,533050,452103,84.81,0.1
1767,2021-07-07,PAB,1978,1026,952,644,1334,0,ITH,ITH1,4,Provincia Autonoma Bolzano / Bozen,P.A. Bolzano,533050,454081,85.19,0.37
1768,2021-04-02,PAB,2077,837,1240,718,1357,2,ITH,ITH1,4,Provincia Autonoma Bolzano / Bozen,P.A. Bolzano,533050,456158,85.58,0.39
1769,2021-05-29,PAB,7316,3893,3423,4150,3139,27,ITH,ITH1,4,Provincia Autonoma Bolzano / Bozen,P.A. Bolzano,533050,463474,86.95,1.37
1770,2021-03-26,PAB,1657,733,924,523,1134,0,ITH,ITH1,4,Provincia Autonoma Bolzano / Bozen,P.A. Bolzano,533050,465131,87.26,0.31
1771,2021-04-09,PAB,2937,1301,1636,2200,730,7,ITH,ITH1,4,Provincia Autonoma Bolzano / Bozen,P.A. Bolzano,533050,468068,87.81,0.55
1772,2021-05-22,PAB,6832,3562,3270,4632,2166,34,ITH,ITH1,4,Provincia Autonoma Bolzano / Bozen,P.A. Bolzano,533050,474900,89.09,1.28
1773,2021-02-11,PAB,1094,432,662,239,855,0,ITH,ITH1,4,Provincia Autonoma Bolzano / Bozen,P.A. Bolzano,533050,475994,89.3,0.21
1774,2021-02-18,PAB,1839,457,1382,1832,7,0,ITH,ITH1,4,Provincia Autonoma Bolzano / Bozen,P.A. Bolzano,533050,477833,89.64,0.34
1775,2020-12-30,PAB,388,182,206,388,0,0,ITH,ITH1,4,Provincia Autonoma Bolzano / Bozen,P.A. Bolzano,533050,478221,89.71,0.07
1776,2021-06-09,PAB,3813,1898,1915,1338,2475,0,ITH,ITH1,4,Provincia Autonoma Bolzano / Bozen,P.A. Bolzano,533050,482034,90.43,0.72
1777,2021-03-01,PAB,922,221,701,918,1,3,ITH,ITH1,4,Provincia Autonoma Bolzano / Bozen,P.A. Bolzano,533050,482956,90.6,0.17
1778,2021-03-15,PAB,1192,451,741,710,482,0,ITH,ITH1,4,Provincia Autonoma Bolzano / Bozen,P.A. Bolzano,533050,484148,90.83,0.22
1779,2021-04-27,PAB,2226,1013,1213,1146,1077,3,ITH,ITH1,4,Provincia Autonoma Bolzano / Bozen,P.A. Bolzano,533050,486374,91.24,0.42
1780,2021-01-17,PAB,2328,1044,1284,2317,11,0,ITH,ITH1,4,Provincia Autonoma Bolzano / Bozen,P.A. Bolzano,533050,488702,91.68,0.44
1781,2021-06-23,PAB,1149,592,557,384,765,0,ITH,ITH1,4,Provincia Autonoma Bolzano / Bozen,P.A. Bolzano,533050,489851,91.9,0.22
1782,2021-04-20,PAB,1562,784,778,1558,2,2,ITH,ITH1,4,Provincia Autonoma Bolzano / Bozen,P.A. Bolzano,533050,491413,92.19,0.29
1783,2021-01-10,PAB,2,2,0,2,0,0,ITH,ITH1,4,Provincia Autonoma Bolzano / Bozen,P.A. Bolzano,533050,491415,92.19,0.0
1784,2021-06-16,PAB,3812,2018,1794,9,3803,0,ITH,ITH1,4,Provincia Autonoma Bolzano / Bozen,P.A. Bolzano,533050,495227,92.9,0.72
1785,2021-03-08,PAB,1210,534,676,1183,27,0,ITH,ITH1,4,Provincia Autonoma Bolzano / Bozen,P.A. Bolzano,533050,496437,93.13,0.23
1786,2021-05-04,PAB,3449,1843,1606,2400,1037,12,ITH,ITH1,4,Provincia Autonoma Bolzano / Bozen,P.A. Bolzano,533050,499886,93.78,0.65
1787,2021-03-05,PUG,17689,7171,10518,15171,2305,213,ITF,ITF4,16,Puglia,Puglia,4029053,17689,0.44,0.44
1788,2021-02-26,PUG,13768,5057,8711,12536,1036,196,ITF,ITF4,16,Puglia,Puglia,4029053,31457,0.78,0.34
1789,2020-12-31,PUG,1636,783,853,1636,0,0,ITF,ITF4,16,Puglia,Puglia,4029053,33093,0.82,0.04
1790,2021-06-15,PUG,42462,20771,21691,22255,19576,631,ITF,ITF4,16,Puglia,Puglia,4029053,75555,1.88,1.05
1791,2021-06-08,PUG,39270,19126,20144,20950,17761,559,ITF,ITF4,16,Puglia,Puglia,4029053,114825,2.85,0.97
1792,2021-04-05,PUG,12753,6194,6559,12078,533,142,ITF,ITF4,16,Puglia,Puglia,4029053,127578,3.17,0.32
1793,2021-03-19,PUG,7966,3655,4311,3378,4551,37,ITF,ITF4,16,Puglia,Puglia,4029053,135544,3.36,0.2
1794,2021-06-27,PUG,18459,9169,9290,9913,8266,280,ITF,ITF4,16,Puglia,Puglia,4029053,154003,3.82,0.46
1795,2021-04-19,PUG,27712,12881,14831,24326,3044,342,ITF,ITF4,16,Puglia,Puglia,4029053,181715,4.51,0.69
1796,2021-04-24,PUG,29392,13381,16011,25114,3944,334,ITF,ITF4,16,Puglia,Puglia,4029053,211107,5.24,0.73
1797,2021-01-14,PUG,4072,1591,2481,4066,0,6,ITF,ITF4,16,Puglia,Puglia,4029053,215179,5.34,0.1
1798,2021-02-07,PUG,1579,669,910,253,1326,0,ITF,ITF4,16,Puglia,Puglia,4029053,216758,5.38,0.04
1799,2021-01-21,PUG,2133,905,1228,1269,862,2,ITF,ITF4,16,Puglia,Puglia,4029053,218891,5.43,0.05
1800,2021-05-01,PUG,27619,12648,14971,16697,10651,271,ITF,ITF4,16,Puglia,Puglia,4029053,246510,6.12,0.69
1801,2021-01-02,PUG,2951,1302,1649,2951,0,0,ITF,ITF4,16,Puglia,Puglia,4029053,249461,6.19,0.07
1802,2021-04-12,PUG,29273,13792,15481,26081,2878,314,ITF,ITF4,16,Puglia,Puglia,4029053,278734,6.92,0.73
1803,2021-07-04,PUG,19677,9558,10119,7836,11545,296,ITF,ITF4,16,Puglia,Puglia,4029053,298411,7.41,0.49
1804,2021-02-09,PUG,3840,1569,2271,2149,1673,18,ITF,ITF4,16,Puglia,Puglia,4029053,302251,7.5,0.1
1805,2021-05-20,PUG,33594,15247,18347,20728,12348,518,ITF,ITF4,16,Puglia,Puglia,4029053,335845,8.34,0.83
1806,2021-03-24,PUG,13570,6509,7061,6147,7308,115,ITF,ITF4,16,Puglia,Puglia,4029053,349415,8.67,0.34
1807,2021-01-26,PUG,5366,2398,2968,570,4795,1,ITF,ITF4,16,Puglia,Puglia,4029053,354781,8.81,0.13
1808,2021-07-02,PUG,46720,22179,24541,17174,28591,955,ITF,ITF4,16,Puglia,Puglia,4029053,401501,9.97,1.16
1809,2021-05-06,PUG,39581,17305,22276,19329,19694,558,ITF,ITF4,16,Puglia,Puglia,4029053,441082,10.95,0.98
1810,2021-02-21,PUG,2177,474,1703,2048,62,67,ITF,ITF4,16,Puglia,Puglia,4029053,443259,11.0,0.05
1811,2021-06-01,PUG,34871,17454,17417,21612,12874,385,ITF,ITF4,16,Puglia,Puglia,4029053,478130,11.87,0.87
1812,2021-05-15,PUG,43563,18966,24597,22826,20019,718,ITF,ITF4,16,Puglia,Puglia,4029053,521693,12.95,1.08
1813,2021-06-03,PUG,50474,24489,25985,30471,19266,737,ITF,ITF4,16,Puglia,Puglia,4029053,572167,14.2,1.25
1814,2021-03-10,PUG,14813,6617,8196,11537,3124,152,ITF,ITF4,16,Puglia,Puglia,4029053,586980,14.57,0.37
1815,2021-03-29,PUG,13542,6603,6939,6604,6744,194,ITF,ITF4,16,Puglia,Puglia,4029053,600522,14.9,0.34
1816,2021-07-11,PUG,11534,5417,6117,2514,8929,91,ITF,ITF4,16,Puglia,Puglia,4029053,612056,15.19,0.29
1817,2021-01-31,PUG,1816,832,984,75,1741,0,ITF,ITF4,16,Puglia,Puglia,4029053,613872,15.24,0.05
1818,2021-01-12,PUG,4213,1770,2443,4211,0,2,ITF,ITF4,16,Puglia,Puglia,4029053,618085,15.34,0.1
1819,2021-04-07,PUG,15703,7127,8576,8823,6678,202,ITF,ITF4,16,Puglia,Puglia,4029053,633788,15.73,0.39
1820,2021-07-16,PUG,12750,6008,6742,3078,9481,191,ITF,ITF4,16,Puglia,Puglia,4029053,646538,16.05,0.32
1821,2021-06-13,PUG,21733,10890,10843,16232,5177,324,ITF,ITF4,16,Puglia,Puglia,4029053,668271,16.59,0.54
1822,2021-02-28,PUG,6059,1807,4252,5799,186,74,ITF,ITF4,16,Puglia,Puglia,4029053,674330,16.74,0.15
1823,2021-05-12,PUG,36565,16311,20254,23479,12492,594,ITF,ITF4,16,Puglia,Puglia,4029053,710895,17.64,0.91
1824,2021-01-07,PUG,5717,2459,3258,5717,0,0,ITF,ITF4,16,Puglia,Puglia,4029053,716612,17.79,0.14
1825,2021-04-17,PUG,39995,18955,21040,36004,3570,421,ITF,ITF4,16,Puglia,Puglia,4029053,756607,18.78,0.99
1826,2021-02-19,PUG,4735,2012,2723,4291,391,53,ITF,ITF4,16,Puglia,Puglia,4029053,761342,18.9,0.12
1827,2021-06-22,PUG,42082,20399,21683,18808,22664,610,ITF,ITF4,16,Puglia,Puglia,4029053,803424,19.94,1.04
1828,2021-04-26,PUG,26273,12037,14236,22648,3234,391,ITF,ITF4,16,Puglia,Puglia,4029053,829697,20.59,0.65
1829,2021-03-16,PUG,9872,4688,5184,3455,6360,57,ITF,ITF4,16,Puglia,Puglia,4029053,839569,20.84,0.25
1830,2021-06-24,PUG,52328,25320,27008,23283,28216,829,ITF,ITF4,16,Puglia,Puglia,4029053,891897,22.14,1.3
1831,2021-04-28,PUG,19826,8889,10937,14789,4770,267,ITF,ITF4,16,Puglia,Puglia,4029053,911723,22.63,0.49
1832,2021-02-14,PUG,786,347,439,658,124,4,ITF,ITF4,16,Puglia,Puglia,4029053,912509,22.65,0.02
1833,2021-05-25,PUG,34690,16187,18503,20588,13516,586,ITF,ITF4,16,Puglia,Puglia,4029053,947199,23.51,0.86
1834,2021-05-08,PUG,54269,22971,31298,24017,29741,511,ITF,ITF4,16,Puglia,Puglia,4029053,1001468,24.86,1.35
1835,2021-01-19,PUG,1221,452,769,1210,10,1,ITF,ITF4,16,Puglia,Puglia,4029053,1002689,24.89,0.03
1836,2021-07-08,PUG,40755,18866,21889,5498,34786,471,ITF,ITF4,16,Puglia,Puglia,4029053,1043444,25.9,1.01
1837,2021-03-31,PUG,14558,6822,7736,8846,5562,150,ITF,ITF4,16,Puglia,Puglia,4029053,1058002,26.26,0.36
1838,2021-02-02,PUG,4345,1847,2498,590,3754,1,ITF,ITF4,16,Puglia,Puglia,4029053,1062347,26.37,0.11
1839,2021-07-09,PUG,35605,17105,18500,6363,28588,654,ITF,ITF4,16,Puglia,Puglia,4029053,1097952,27.25,0.88
1840,2021-05-13,PUG,38735,17273,21462,20965,17191,579,ITF,ITF4,16,Puglia,Puglia,4029053,1136687,28.21,0.96
1841,2021-03-17,PUG,10341,4700,5641,4105,6174,62,ITF,ITF4,16,Puglia,Puglia,4029053,1147028,28.47,0.26
1842,2021-05-27,PUG,40841,19299,21542,22875,17292,674,ITF,ITF4,16,Puglia,Puglia,4029053,1187869,29.48,1.01
1843,2021-03-02,PUG,16388,6092,10296,14843,1302,243,ITF,ITF4,16,Puglia,Puglia,4029053,1204257,29.89,0.41
1844,2021-06-10,PUG,47019,23113,23906,29288,17000,731,ITF,ITF4,16,Puglia,Puglia,4029053,1251276,31.06,1.17
1845,2021-04-04,PUG,5971,2965,3006,5885,5,81,ITF,ITF4,16,Puglia,Puglia,4029053,1257247,31.2,0.15
1846,2021-07-13,PUG,46234,21811,24423,7849,37804,581,ITF,ITF4,16,Puglia,Puglia,4029053,1303481,32.35,1.15
1847,2021-05-29,PUG,30514,14371,16143,20550,9418,546,ITF,ITF4,16,Puglia,Puglia,4029053,1333995,33.11,0.76
1848,2021-04-02,PUG,12841,5998,6843,8166,4524,151,ITF,ITF4,16,Puglia,Puglia,4029053,1346836,33.43,0.32
1849,2021-03-12,PUG,14282,6437,7845,10214,3931,137,ITF,ITF4,16,Puglia,Puglia,4029053,1361118,33.78,0.35
1850,2021-06-20,PUG,21420,10777,10643,13927,7145,348,ITF,ITF4,16,Puglia,Puglia,4029053,1382538,34.31,0.53
1851,2021-02-04,PUG,5928,2365,3563,1184,4735,9,ITF,ITF4,16,Puglia,Puglia,4029053,1388466,34.46,0.15
1852,2021-05-17,PUG,32844,15218,17626,20476,11862,506,ITF,ITF4,16,Puglia,Puglia,4029053,1421310,35.28,0.82
1853,2021-01-23,PUG,3039,1294,1745,885,2153,1,ITF,ITF4,16,Puglia,Puglia,4029053,1424349,35.35,0.08
1854,2021-05-03,PUG,33321,14892,18429,22098,10644,579,ITF,ITF4,16,Puglia,Puglia,4029053,1457670,36.18,0.83
1855,2021-03-07,PUG,4983,2000,2983,4372,571,40,ITF,ITF4,16,Puglia,Puglia,4029053,1462653,36.3,0.12
1856,2021-05-05,PUG,39162,17164,21998,24375,14192,595,ITF,ITF4,16,Puglia,Puglia,4029053,1501815,37.27,0.97
1857,2021-06-17,PUG,42617,20832,21785,21231,20785,601,ITF,ITF4,16,Puglia,Puglia,4029053,1544432,38.33,1.06
1858,2021-01-09,PUG,4886,2250,2636,4882,0,4,ITF,ITF4,16,Puglia,Puglia,4029053,1549318,38.45,0.12
1859,2021-07-01,PUG,47755,22358,25397,11330,35773,652,ITF,ITF4,16,Puglia,Puglia,4029053,1597073,39.64,1.19
1860,2021-03-14,PUG,3330,1435,1895,2475,819,36,ITF,ITF4,16,Puglia,Puglia,4029053,1600403,39.72,0.08
1861,2021-01-16,PUG,2508,1036,1472,2506,0,2,ITF,ITF4,16,Puglia,Puglia,4029053,1602911,39.78,0.06
1862,2021-01-04,PUG,4509,2016,2493,4507,0,2,ITF,ITF4,16,Puglia,Puglia,4029053,1607420,39.9,0.11
1863,2021-03-26,PUG,12002,5839,6163,7228,4648,126,ITF,ITF4,16,Puglia,Puglia,4029053,1619422,40.19,0.3
1864,2021-03-09,PUG,13627,6090,7537,11432,2012,183,ITF,ITF4,16,Puglia,Puglia,4029053,1633049,40.53,0.34
1865,2021-04-14,PUG,31982,15090,16892,28367,3307,308,ITF,ITF4,16,Puglia,Puglia,4029053,1665031,41.33,0.79
1866,2021-03-28,PUG,3541,1654,1887,1180,2327,34,ITF,ITF4,16,Puglia,Puglia,4029053,1668572,41.41,0.09
1867,2021-07-06,PUG,42099,19375,22724,6185,35484,430,ITF,ITF4,16,Puglia,Puglia,4029053,1710671,42.46,1.04
1868,2021-06-19,PUG,34547,17327,17220,22014,11827,706,ITF,ITF4,16,Puglia,Puglia,4029053,1745218,43.32,0.86
1869,2021-03-21,PUG,2694,1227,1467,579,2104,11,ITF,ITF4,16,Puglia,Puglia,4029053,1747912,43.38,0.07
1870,2021-06-29,PUG,46179,22140,24039,15139,30319,721,ITF,ITF4,16,Puglia,Puglia,4029053,1794091,44.53,1.15
1871,2021-01-11,PUG,3754,1589,2165,3753,0,1,ITF,ITF4,16,Puglia,Puglia,4029053,1797845,44.62,0.09
1872,2021-04-21,PUG,23133,10682,12451,19094,3734,305,ITF,ITF4,16,Puglia,Puglia,4029053,1820978,45.2,0.57
1873,2021-05-24,PUG,36100,17034,19066,24489,10997,614,ITF,ITF4,16,Puglia,Puglia,4029053,1857078,46.09,0.9
1874,2021-02-16,PUG,3384,1455,1929,2708,646,30,ITF,ITF4,16,Puglia,Puglia,4029053,1860462,46.18,0.08
1875,2021-01-30,PUG,5531,2514,3017,408,5122,1,ITF,ITF4,16,Puglia,Puglia,4029053,1865993,46.31,0.14
1876,2021-05-10,PUG,37732,16672,21060,19300,17958,474,ITF,ITF4,16,Puglia,Puglia,4029053,1903725,47.25,0.94
1877,2021-06-12,PUG,34131,17031,17100,24648,8862,621,ITF,ITF4,16,Puglia,Puglia,4029053,1937856,48.1,0.85
1878,2021-01-28,PUG,5474,2277,3197,470,5004,0,ITF,ITF4,16,Puglia,Puglia,4029053,1943330,48.23,0.14
1879,2021-05-31,PUG,37827,18227,19600,23099,14176,552,ITF,ITF4,16,Puglia,Puglia,4029053,1981157,49.17,0.94
1880,2021-02-23,PUG,9362,4422,4940,8781,489,92,ITF,ITF4,16,Puglia,Puglia,4029053,1990519,49.4,0.23
1881,2021-06-21,PUG,41504,20231,21273,21207,19618,679,ITF,ITF4,16,Puglia,Puglia,4029053,2032023,50.43,1.03
1882,2021-01-18,PUG,1844,771,1073,1494,349,1,ITF,ITF4,16,Puglia,Puglia,4029053,2033867,50.48,0.05
1883,2021-02-06,PUG,4551,1932,2619,1578,2958,15,ITF,ITF4,16,Puglia,Puglia,4029053,2038418,50.59,0.11
1884,2021-01-20,PUG,1548,542,1006,1537,8,3,ITF,ITF4,16,Puglia,Puglia,4029053,2039966,50.63,0.04
1885,2021-04-30,PUG,34954,15662,19292,22415,11969,570,ITF,ITF4,16,Puglia,Puglia,4029053,2074920,51.5,0.87
1886,2021-04-13,PUG,28744,13633,15111,25031,3404,309,ITF,ITF4,16,Puglia,Puglia,4029053,2103664,52.21,0.71
1887,2021-07-05,PUG,37768,17740,20028,7076,30149,543,ITF,ITF4,16,Puglia,Puglia,4029053,2141432,53.15,0.94
1888,2021-05-02,PUG,21321,9664,11657,13872,7266,183,ITF,ITF4,16,Puglia,Puglia,4029053,2162753,53.68,0.53
1889,2021-06-18,PUG,47453,23359,24094,28590,17869,994,ITF,ITF4,16,Puglia,Puglia,4029053,2210206,54.86,1.18
1890,2021-03-30,PUG,12363,5921,6442,6285,5924,154,ITF,ITF4,16,Puglia,Puglia,4029053,2222569,55.16,0.31
1891,2021-02-01,PUG,3966,1660,2306,369,3595,2,ITF,ITF4,16,Puglia,Puglia,4029053,2226535,55.26,0.1
1892,2021-05-14,PUG,44926,20533,24393,27930,16132,864,ITF,ITF4,16,Puglia,Puglia,4029053,2271461,56.38,1.12
1893,2021-01-25,PUG,3829,1680,2149,424,3404,1,ITF,ITF4,16,Puglia,Puglia,4029053,2275290,56.47,0.1
1894,2021-07-10,PUG,21582,10625,10957,4390,16894,298,ITF,ITF4,16,Puglia,Puglia,4029053,2296872,57.01,0.54
1895,2021-04-08,PUG,17488,7587,9901,11095,6177,216,ITF,ITF4,16,Puglia,Puglia,4029053,2314360,57.44,0.43
1896,2021-04-23,PUG,29520,13718,15802,23850,5254,416,ITF,ITF4,16,Puglia,Puglia,4029053,2343880,58.17,0.73
1897,2021-03-18,PUG,9576,4349,5227,3334,6177,65,ITF,ITF4,16,Puglia,Puglia,4029053,2353456,58.41,0.24
1898,2021-06-26,PUG,32180,16199,15981,15753,15828,599,ITF,ITF4,16,Puglia,Puglia,4029053,2385636,59.21,0.8
1899,2021-03-04,PUG,15348,6096,9252,13702,1423,223,ITF,ITF4,16,Puglia,Puglia,4029053,2400984,59.59,0.38
1900,2021-06-09,PUG,41758,20672,21086,29851,11190,717,ITF,ITF4,16,Puglia,Puglia,4029053,2442742,60.63,1.04
1901,2021-02-15,PUG,3258,1270,1988,2592,622,44,ITF,ITF4,16,Puglia,Puglia,4029053,2446000,60.71,0.08
1902,2021-02-13,PUG,3727,1456,2271,3015,696,16,ITF,ITF4,16,Puglia,Puglia,4029053,2449727,60.8,0.09
1903,2021-06-28,PUG,48235,23389,24846,21497,25864,874,ITF,ITF4,16,Puglia,Puglia,4029053,2497962,62.0,1.2
1904,2021-05-09,PUG,30704,12591,18113,14709,15619,376,ITF,ITF4,16,Puglia,Puglia,4029053,2528666,62.76,0.76
1905,2021-04-22,PUG,23027,10541,12486,17717,4920,390,ITF,ITF4,16,Puglia,Puglia,4029053,2551693,63.33,0.57
1906,2021-05-21,PUG,39058,18539,20519,28210,10057,791,ITF,ITF4,16,Puglia,Puglia,4029053,2590751,64.3,0.97
1907,2021-05-19,PUG,26390,12760,13630,19516,6436,438,ITF,ITF4,16,Puglia,Puglia,4029053,2617141,64.96,0.65
1908,2021-03-23,PUG,11106,5635,5471,4541,6478,87,ITF,ITF4,16,Puglia,Puglia,4029053,2628247,65.23,0.28
1909,2021-06-06,PUG,30657,15432,15225,25292,5033,332,ITF,ITF4,16,Puglia,Puglia,4029053,2658904,65.99,0.76
1910,2021-04-10,PUG,30897,13105,17792,26294,4224,379,ITF,ITF4,16,Puglia,Puglia,4029053,2689801,66.76,0.77
1911,2021-04-01,PUG,13934,6543,7391,7374,6347,213,ITF,ITF4,16,Puglia,Puglia,4029053,2703735,67.11,0.35
1912,2021-02-03,PUG,5038,2006,3032,727,4308,3,ITF,ITF4,16,Puglia,Puglia,4029053,2708773,67.23,0.13
1913,2021-04-25,PUG,11302,5235,6067,10022,1149,131,ITF,ITF4,16,Puglia,Puglia,4029053,2720075,67.51,0.28
1914,2021-02-27,PUG,14222,4818,9404,12815,1226,181,ITF,ITF4,16,Puglia,Puglia,4029053,2734297,67.86,0.35
1915,2021-01-01,PUG,148,61,87,148,0,0,ITF,ITF4,16,Puglia,Puglia,4029053,2734445,67.87,0.0
1916,2021-06-07,PUG,44257,21619,22638,30283,13203,771,ITF,ITF4,16,Puglia,Puglia,4029053,2778702,68.97,1.1
1917,2021-04-11,PUG,16467,7253,9214,14632,1658,177,ITF,ITF4,16,Puglia,Puglia,4029053,2795169,69.38,0.41
1918,2021-03-06,PUG,16148,6125,10023,13887,2094,167,ITF,ITF4,16,Puglia,Puglia,4029053,2811317,69.78,0.4
1919,2021-01-08,PUG,5653,2373,3280,5647,0,6,ITF,ITF4,16,Puglia,Puglia,4029053,2816970,69.92,0.14
1920,2021-06-14,PUG,41818,20464,21354,28621,12341,856,ITF,ITF4,16,Puglia,Puglia,4029053,2858788,70.95,1.04
1921,2021-04-18,PUG,22643,10832,11811,21390,1056,197,ITF,ITF4,16,Puglia,Puglia,4029053,2881431,71.52,0.56
1922,2021-02-20,PUG,2969,1078,1891,2684,257,28,ITF,ITF4,16,Puglia,Puglia,4029053,2884400,71.59,0.07
1923,2021-01-03,PUG,2006,942,1064,2005,0,1,ITF,ITF4,16,Puglia,Puglia,4029053,2886406,71.64,0.05
1924,2021-03-27,PUG,12156,5711,6445,6875,5172,109,ITF,ITF4,16,Puglia,Puglia,4029053,2898562,71.94,0.3
1925,2021-01-05,PUG,5110,2251,2859,5107,0,3,ITF,ITF4,16,Puglia,Puglia,4029053,2903672,72.07,0.13
1926,2021-04-15,PUG,32700,15260,17440,28688,3611,401,ITF,ITF4,16,Puglia,Puglia,4029053,2936372,72.88,0.81
1927,2021-07-07,PUG,38299,18339,19960,6195,31581,523,ITF,ITF4,16,Puglia,Puglia,4029053,2974671,73.83,0.95
1928,2021-03-25,PUG,11715,6001,5714,5371,6246,98,ITF,ITF4,16,Puglia,Puglia,4029053,2986386,74.12,0.29
1929,2021-07-03,PUG,32648,16290,16358,13264,18856,528,ITF,ITF4,16,Puglia,Puglia,4029053,3019034,74.93,0.81
1930,2021-02-08,PUG,3994,1611,2383,1581,2397,16,ITF,ITF4,16,Puglia,Puglia,4029053,3023028,75.03,0.1
1931,2021-02-10,PUG,3646,1436,2210,2114,1511,21,ITF,ITF4,16,Puglia,Puglia,4029053,3026674,75.12,0.09
1932,2021-05-23,PUG,17919,8373,9546,13852,3806,261,ITF,ITF4,16,Puglia,Puglia,4029053,3044593,75.57,0.44
1933,2021-02-17,PUG,4282,1747,2535,3634,608,40,ITF,ITF4,16,Puglia,Puglia,4029053,3048875,75.67,0.11
1934,2021-05-28,PUG,43923,20800,23123,27418,15703,802,ITF,ITF4,16,Puglia,Puglia,4029053,3092798,76.76,1.09
1935,2021-05-26,PUG,38509,18501,20008,26170,11688,651,ITF,ITF4,16,Puglia,Puglia,4029053,3131307,77.72,0.96
1936,2021-01-27,PUG,4603,1941,2662,629,3972,2,ITF,ITF4,16,Puglia,Puglia,4029053,3135910,77.83,0.11
1937,2021-05-07,PUG,50051,22339,27712,26017,23475,559,ITF,ITF4,16,Puglia,Puglia,4029053,3185961,79.07,1.24
1938,2021-01-13,PUG,4544,1729,2815,4541,0,3,ITF,ITF4,16,Puglia,Puglia,4029053,3190505,79.19,0.11
1939,2021-04-06,PUG,13848,6255,7593,6925,6755,168,ITF,ITF4,16,Puglia,Puglia,4029053,3204353,79.53,0.34
1940,2021-07-15,PUG,41098,19896,21202,8694,31725,679,ITF,ITF4,16,Puglia,Puglia,4029053,3245451,80.55,1.02
1941,2021-07-12,PUG,42774,20189,22585,11953,30108,713,ITF,ITF4,16,Puglia,Puglia,4029053,3288225,81.61,1.06
1942,2021-03-11,PUG,14813,6575,8238,11444,3172,197,ITF,ITF4,16,Puglia,Puglia,4029053,3303038,81.98,0.37
1943,2021-06-02,PUG,27014,13210,13804,21837,4815,362,ITF,ITF4,16,Puglia,Puglia,4029053,3330052,82.65,0.67
1944,2021-03-13,PUG,10468,4134,6334,8562,1808,98,ITF,ITF4,16,Puglia,Puglia,4029053,3340520,82.91,0.26
1945,2021-02-24,PUG,10047,4707,5340,9363,594,90,ITF,ITF4,16,Puglia,Puglia,4029053,3350567,83.16,0.25
1946,2021-06-04,PUG,52613,25454,27159,34108,17673,832,ITF,ITF4,16,Puglia,Puglia,4029053,3403180,84.47,1.31
1947,2021-05-18,PUG,28885,13441,15444,15845,12787,253,ITF,ITF4,16,Puglia,Puglia,4029053,3432065,85.18,0.72
1948,2021-01-15,PUG,4552,1866,2686,4547,0,5,ITF,ITF4,16,Puglia,Puglia,4029053,3436617,85.3,0.11
1949,2021-01-22,PUG,1409,578,831,990,418,1,ITF,ITF4,16,Puglia,Puglia,4029053,3438026,85.33,0.03
1950,2021-02-12,PUG,4212,1672,2540,3098,1092,22,ITF,ITF4,16,Puglia,Puglia,4029053,3442238,85.44,0.1
1951,2021-01-29,PUG,6203,2664,3539,417,5782,4,ITF,ITF4,16,Puglia,Puglia,4029053,3448441,85.59,0.15
1952,2021-03-20,PUG,8413,3878,4535,3775,4595,43,ITF,ITF4,16,Puglia,Puglia,4029053,3456854,85.8,0.21
1953,2021-03-03,PUG,16783,6802,9981,14714,1919,150,ITF,ITF4,16,Puglia,Puglia,4029053,3473637,86.21,0.42
1954,2021-06-11,PUG,47723,23345,24378,32812,13966,945,ITF,ITF4,16,Puglia,Puglia,4029053,3521360,87.4,1.18
1955,2021-04-29,PUG,26205,12126,14079,19120,6665,420,ITF,ITF4,16,Puglia,Puglia,4029053,3547565,88.05,0.65
1956,2021-05-30,PUG,20988,10049,10939,15693,5037,258,ITF,ITF4,16,Puglia,Puglia,4029053,3568553,88.57,0.52
1957,2021-06-25,PUG,50424,24842,25582,23638,25835,951,ITF,ITF4,16,Puglia,Puglia,4029053,3618977,89.82,1.25
1958,2021-04-03,PUG,10559,4645,5914,6804,3559,196,ITF,ITF4,16,Puglia,Puglia,4029053,3629536,90.08,0.26
1959,2021-07-14,PUG,41774,20034,21740,12253,28725,796,ITF,ITF4,16,Puglia,Puglia,4029053,3671310,91.12,1.04
1960,2021-03-01,PUG,15104,5867,9237,13579,1372,153,ITF,ITF4,16,Puglia,Puglia,4029053,3686414,91.5,0.37
1961,2021-01-10,PUG,2349,1062,1287,2348,0,1,ITF,ITF4,16,Puglia,Puglia,4029053,3688763,91.55,0.06
1962,2021-04-20,PUG,21167,9833,11334,17439,3466,262,ITF,ITF4,16,Puglia,Puglia,4029053,3709930,92.08,0.53
1963,2020-12-27,PUG,510,252,258,510,0,0,ITF,ITF4,16,Puglia,Puglia,4029053,3710440,92.09,0.01
1964,2021-02-22,PUG,9635,4537,5098,9214,334,87,ITF,ITF4,16,Puglia,Puglia,4029053,3720075,92.33,0.24
1965,2021-02-05,PUG,5636,2273,3363,1328,4303,5,ITF,ITF4,16,Puglia,Puglia,4029053,3725711,92.47,0.14
1966,2021-05-16,PUG,24545,11070,13475,12486,11834,225,ITF,ITF4,16,Puglia,Puglia,4029053,3750256,93.08,0.61
1967,2021-04-16,PUG,36040,16941,19099,32333,3282,425,ITF,ITF4,16,Puglia,Puglia,4029053,3786296,93.97,0.89
1968,2021-02-18,PUG,4380,1846,2534,3715,606,59,ITF,ITF4,16,Puglia,Puglia,4029053,3790676,94.08,0.11
1969,2021-04-09,PUG,22058,9507,12551,17047,4626,385,ITF,ITF4,16,Puglia,Puglia,4029053,3812734,94.63,0.55
1970,2021-02-11,PUG,3697,1401,2296,2393,1278,26,ITF,ITF4,16,Puglia,Puglia,4029053,3816431,94.72,0.09
1971,2021-05-22,PUG,34626,15860,18766,23681,10400,545,ITF,ITF4,16,Puglia,Puglia,4029053,3851057,95.58,0.86
1972,2021-02-25,PUG,11968,5062,6906,10660,1173,135,ITF,ITF4,16,Puglia,Puglia,4029053,3863025,95.88,0.3
1973,2021-06-05,PUG,42417,20788,21629,29071,12618,728,ITF,ITF4,16,Puglia,Puglia,4029053,3905442,96.93,1.05
1974,2021-01-06,PUG,3952,1674,2278,3951,0,1,ITF,ITF4,16,Puglia,Puglia,4029053,3909394,97.03,0.1
1975,2021-06-16,PUG,41806,20562,21244,26652,14383,771,ITF,ITF4,16,Puglia,Puglia,4029053,3951200,98.07,1.04
1976,2020-12-30,PUG,1,0,1,1,0,0,ITF,ITF4,16,Puglia,Puglia,4029053,3951201,98.07,0.0
1977,2021-03-22,PUG,9948,5112,4836,4241,5646,61,ITF,ITF4,16,Puglia,Puglia,4029053,3961149,98.31,0.25
1978,2021-01-24,PUG,1670,750,920,154,1516,0,ITF,ITF4,16,Puglia,Puglia,4029053,3962819,98.36,0.04
1979,2021-06-30,PUG,47180,22910,24270,18591,27707,882,ITF,ITF4,16,Puglia,Puglia,4029053,4009999,99.53,1.17
1980,2021-03-15,PUG,12340,6148,6192,5734,6505,101,ITF,ITF4,16,Puglia,Puglia,4029053,4022339,99.83,0.31
1981,2021-01-17,PUG,1309,591,718,1239,69,1,ITF,ITF4,16,Puglia,Puglia,4029053,4023648,99.87,0.03
1982,2021-06-23,PUG,29165,14246,14919,16797,11727,641,ITF,ITF4,16,Puglia,Puglia,4029053,4052813,100.59,0.72
1983,2021-04-27,PUG,26680,12069,14611,20752,5603,325,ITF,ITF4,16,Puglia,Puglia,4029053,4079493,101.25,0.66
1984,2021-05-11,PUG,32565,14369,18196,13646,18426,493,ITF,ITF4,16,Puglia,Puglia,4029053,4112058,102.06,0.81
1985,2021-05-04,PUG,35066,14832,20234,18181,16469,416,ITF,ITF4,16,Puglia,Puglia,4029053,4147124,102.93,0.87
1986,2021-03-08,PUG,14995,6440,8555,12440,2402,153,ITF,ITF4,16,Puglia,Puglia,4029053,4162119,103.3,0.37
1987,2021-04-07,TOS,35826,15464,20362,28169,7249,408,ITI,ITI1,9,Toscana,Toscana,3729641,35826,0.96,0.96
1988,2021-06-12,TOS,29382,15147,14235,24650,4387,345,ITI,ITI1,9,Toscana,Toscana,3729641,65208,1.75,0.79
1989,2021-04-16,TOS,28948,12880,16068,21428,6898,622,ITI,ITI1,9,Toscana,Toscana,3729641,94156,2.52,0.78
1990,2021-07-01,TOS,32037,15503,16534,10721,21049,267,ITI,ITI1,9,Toscana,Toscana,3729641,126193,3.38,0.86
1991,2021-03-26,TOS,20679,9393,11286,14716,5765,198,ITI,ITI1,9,Toscana,Toscana,3729641,146872,3.94,0.55
1992,2021-03-09,TOS,11131,4569,6562,5504,5552,75,ITI,ITI1,9,Toscana,Toscana,3729641,158003,4.24,0.3
1993,2021-04-09,TOS,24601,10582,14019,20747,3410,444,ITI,ITI1,9,Toscana,Toscana,3729641,182604,4.9,0.66
1994,2021-06-17,TOS,32529,16665,15864,26654,5544,331,ITI,ITI1,9,Toscana,Toscana,3729641,215133,5.77,0.87
1995,2021-02-04,TOS,4253,1594,2659,934,3292,27,ITI,ITI1,9,Toscana,Toscana,3729641,219386,5.88,0.11
1996,2021-06-05,TOS,28426,13595,14831,20551,7611,264,ITI,ITI1,9,Toscana,Toscana,3729641,247812,6.64,0.76
1997,2021-01-11,TOS,5095,1691,3404,4995,0,100,ITI,ITI1,9,Toscana,Toscana,3729641,252907,6.78,0.14
1998,2021-04-21,TOS,29621,12678,16943,16863,12128,630,ITI,ITI1,9,Toscana,Toscana,3729641,282528,7.58,0.79
1999,2021-02-23,TOS,7723,3325,4398,7219,161,343,ITI,ITI1,9,Toscana,Toscana,3729641,290251,7.78,0.21
2000,2021-06-03,TOS,32049,15451,16598,27145,4582,322,ITI,ITI1,9,Toscana,Toscana,3729641,322300,8.64,0.86
2001,2021-05-22,TOS,26017,12658,13359,21457,4286,274,ITI,ITI1,9,Toscana,Toscana,3729641,348317,9.34,0.7
2002,2021-05-05,TOS,30113,13441,16672,14879,14513,721,ITI,ITI1,9,Toscana,Toscana,3729641,378430,10.15,0.81
2003,2021-02-28,TOS,1649,667,982,851,727,71,ITI,ITI1,9,Toscana,Toscana,3729641,380079,10.19,0.04
2004,2021-02-11,TOS,5384,2022,3362,5064,242,78,ITI,ITI1,9,Toscana,Toscana,3729641,385463,10.34,0.14
2005,2021-02-09,TOS,4488,1468,3020,3763,611,114,ITI,ITI1,9,Toscana,Toscana,3729641,389951,10.46,0.12
2006,2021-06-22,TOS,31016,15604,15412,22439,8203,374,ITI,ITI1,9,Toscana,Toscana,3729641,420967,11.29,0.83
2007,2021-05-17,TOS,29757,14872,14885,20623,8933,201,ITI,ITI1,9,Toscana,Toscana,3729641,450724,12.08,0.8
2008,2021-03-21,TOS,3294,1628,1666,1819,1433,42,ITI,ITI1,9,Toscana,Toscana,3729641,454018,12.17,0.09
2009,2021-01-23,TOS,3966,1360,2606,634,3326,6,ITI,ITI1,9,Toscana,Toscana,3729641,457984,12.28,0.11
2010,2021-06-29,TOS,36992,18012,18980,7977,28872,143,ITI,ITI1,9,Toscana,Toscana,3729641,494976,13.27,0.99
2011,2021-05-03,TOS,11927,5507,6420,10369,1317,241,ITI,ITI1,9,Toscana,Toscana,3729641,506903,13.59,0.32
2012,2021-07-13,TOS,29288,14712,14576,7710,21409,169,ITI,ITI1,9,Toscana,Toscana,3729641,536191,14.38,0.79
2013,2021-04-02,TOS,31990,13570,18420,23715,8027,248,ITI,ITI1,9,Toscana,Toscana,3729641,568181,15.23,0.86
2014,2021-07-11,TOS,26115,12684,13431,9137,16811,167,ITI,ITI1,9,Toscana,Toscana,3729641,594296,15.93,0.7
2015,2021-06-24,TOS,29423,14604,14819,19298,9737,388,ITI,ITI1,9,Toscana,Toscana,3729641,623719,16.72,0.79
2016,2021-01-28,TOS,6282,1882,4400,347,5928,7,ITI,ITI1,9,Toscana,Toscana,3729641,630001,16.89,0.17
2017,2021-03-19,TOS,10142,4460,5682,7131,2868,143,ITI,ITI1,9,Toscana,Toscana,3729641,640143,17.16,0.27
2018,2021-01-16,TOS,3271,1046,2225,3213,0,58,ITI,ITI1,9,Toscana,Toscana,3729641,643414,17.25,0.09
2019,2021-04-26,TOS,10143,4933,5210,7458,2553,132,ITI,ITI1,9,Toscana,Toscana,3729641,653557,17.52,0.27
2020,2021-01-02,TOS,3497,1096,2401,3453,0,44,ITI,ITI1,9,Toscana,Toscana,3729641,657054,17.62,0.09
2021,2021-03-07,TOS,5647,2357,3290,1997,3544,106,ITI,ITI1,9,Toscana,Toscana,3729641,662701,17.77,0.15
2022,2021-03-02,TOS,10599,3799,6800,7046,3444,109,ITI,ITI1,9,Toscana,Toscana,3729641,673300,18.05,0.28
2023,2021-01-04,TOS,5066,1895,3171,5001,0,65,ITI,ITI1,9,Toscana,Toscana,3729641,678366,18.19,0.14
2024,2021-04-14,TOS,20183,8345,11838,14538,5109,536,ITI,ITI1,9,Toscana,Toscana,3729641,698549,18.73,0.54
2025,2021-06-14,TOS,31785,16321,15464,27398,4106,281,ITI,ITI1,9,Toscana,Toscana,3729641,730334,19.58,0.85
2026,2021-03-04,TOS,17847,6950,10897,14616,3082,149,ITI,ITI1,9,Toscana,Toscana,3729641,748181,20.06,0.48
2027,2021-02-16,TOS,9280,3340,5940,8329,721,230,ITI,ITI1,9,Toscana,Toscana,3729641,757461,20.31,0.25
2028,2021-05-02,TOS,11167,4931,6236,8968,1964,235,ITI,ITI1,9,Toscana,Toscana,3729641,768628,20.61,0.3
2029,2021-02-25,TOS,10633,4306,6327,9471,998,164,ITI,ITI1,9,Toscana,Toscana,3729641,779261,20.89,0.29
2030,2021-06-28,TOS,37663,18121,19542,8442,29056,165,ITI,ITI1,9,Toscana,Toscana,3729641,816924,21.9,1.01
2031,2021-05-15,TOS,29345,13853,15492,22865,5892,588,ITI,ITI1,9,Toscana,Toscana,3729641,846269,22.69,0.79
2032,2021-04-28,TOS,19123,8180,10943,3466,15309,348,ITI,ITI1,9,Toscana,Toscana,3729641,865392,23.2,0.51
2033,2021-02-18,TOS,8822,3285,5537,7744,896,182,ITI,ITI1,9,Toscana,Toscana,3729641,874214,23.44,0.24
2034,2021-05-29,TOS,31562,15258,16304,23173,8162,227,ITI,ITI1,9,Toscana,Toscana,3729641,905776,24.29,0.85
2035,2021-03-23,TOS,9429,4402,5027,6964,2275,190,ITI,ITI1,9,Toscana,Toscana,3729641,915205,24.54,0.25
2036,2020-12-30,TOS,327,104,223,326,0,1,ITI,ITI1,9,Toscana,Toscana,3729641,915532,24.55,0.01
2037,2021-06-10,TOS,26375,13531,12844,25488,546,341,ITI,ITI1,9,Toscana,Toscana,3729641,941907,25.25,0.71
2038,2021-05-24,TOS,33737,16716,17021,23857,9578,302,ITI,ITI1,9,Toscana,Toscana,3729641,975644,26.16,0.9
2039,2021-01-25,TOS,5127,1895,3232,242,4880,5,ITI,ITI1,9,Toscana,Toscana,3729641,980771,26.3,0.14
2040,2021-04-18,TOS,8359,4091,4268,7060,1029,270,ITI,ITI1,9,Toscana,Toscana,3729641,989130,26.52,0.22
2041,2021-03-28,TOS,6212,2808,3404,5880,254,78,ITI,ITI1,9,Toscana,Toscana,3729641,995342,26.69,0.17
2042,2021-01-30,TOS,4622,1622,3000,179,4425,18,ITI,ITI1,9,Toscana,Toscana,3729641,999964,26.81,0.12
2043,2021-07-06,TOS,25761,13023,12738,11044,14499,218,ITI,ITI1,9,Toscana,Toscana,3729641,1025725,27.5,0.69
2044,2021-05-10,TOS,26205,12399,13806,15330,10631,244,ITI,ITI1,9,Toscana,Toscana,3729641,1051930,28.2,0.7
2045,2021-03-14,TOS,7174,2569,4605,3150,3935,89,ITI,ITI1,9,Toscana,Toscana,3729641,1059104,28.4,0.19
2046,2021-01-21,TOS,1589,686,903,858,722,9,ITI,ITI1,9,Toscana,Toscana,3729641,1060693,28.44,0.04
2047,2021-06-02,TOS,27589,13616,13973,21855,5506,228,ITI,ITI1,9,Toscana,Toscana,3729641,1088282,29.18,0.74
2048,2021-04-06,TOS,22225,9823,12402,18095,3717,413,ITI,ITI1,9,Toscana,Toscana,3729641,1110507,29.78,0.6
2049,2021-02-08,TOS,4099,1362,2737,3529,459,111,ITI,ITI1,9,Toscana,Toscana,3729641,1114606,29.89,0.11
2050,2021-07-15,TOS,30954,15150,15804,8057,22660,237,ITI,ITI1,9,Toscana,Toscana,3729641,1145560,30.72,0.83
2051,2021-05-19,TOS,27959,13578,14381,18624,9055,280,ITI,ITI1,9,Toscana,Toscana,3729641,1173519,31.46,0.75
2052,2021-04-13,TOS,8488,3505,4983,5750,2458,280,ITI,ITI1,9,Toscana,Toscana,3729641,1182007,31.69,0.23
2053,2021-01-09,TOS,4485,1596,2889,4419,0,66,ITI,ITI1,9,Toscana,Toscana,3729641,1186492,31.81,0.12
2054,2021-03-18,TOS,9980,3984,5996,5870,3972,138,ITI,ITI1,9,Toscana,Toscana,3729641,1196472,32.08,0.27
2055,2021-06-26,TOS,34535,16756,17779,10000,24309,226,ITI,ITI1,9,Toscana,Toscana,3729641,1231007,33.01,0.93
2056,2021-06-09,TOS,34791,17553,17238,33914,461,416,ITI,ITI1,9,Toscana,Toscana,3729641,1265798,33.94,0.93
2057,2021-06-21,TOS,31155,15456,15699,18135,12766,254,ITI,ITI1,9,Toscana,Toscana,3729641,1296953,34.77,0.84
2058,2021-01-06,TOS,4519,1460,3059,4467,0,52,ITI,ITI1,9,Toscana,Toscana,3729641,1301472,34.9,0.12
2059,2021-03-11,TOS,15898,6349,9549,12394,3329,175,ITI,ITI1,9,Toscana,Toscana,3729641,1317370,35.32,0.43
2060,2021-06-19,TOS,26465,13888,12577,21383,4754,328,ITI,ITI1,9,Toscana,Toscana,3729641,1343835,36.03,0.71
2061,2021-01-20,TOS,1332,638,694,1021,248,63,ITI,ITI1,9,Toscana,Toscana,3729641,1345167,36.07,0.04
2062,2021-04-30,TOS,40194,17787,22407,19650,19894,650,ITI,ITI1,9,Toscana,Toscana,3729641,1385361,37.14,1.08
2063,2021-04-25,TOS,11058,5248,5810,8759,2139,160,ITI,ITI1,9,Toscana,Toscana,3729641,1396419,37.44,0.3
2064,2021-01-13,TOS,4062,1398,2664,3998,0,64,ITI,ITI1,9,Toscana,Toscana,3729641,1400481,37.55,0.11
2065,2021-04-23,TOS,25643,11413,14230,8836,16305,502,ITI,ITI1,9,Toscana,Toscana,3729641,1426124,38.24,0.69
2066,2021-07-10,TOS,29277,14169,15108,7955,21141,181,ITI,ITI1,9,Toscana,Toscana,3729641,1455401,39.02,0.78
2067,2021-05-07,TOS,32139,14707,17432,11570,20161,408,ITI,ITI1,9,Toscana,Toscana,3729641,1487540,39.88,0.86
2068,2021-02-20,TOS,4640,1789,2851,3995,513,132,ITI,ITI1,9,Toscana,Toscana,3729641,1492180,40.01,0.12
2069,2021-05-31,TOS,30327,14636,15691,19260,10826,241,ITI,ITI1,9,Toscana,Toscana,3729641,1522507,40.82,0.81
2070,2021-05-14,TOS,33351,15432,17919,20018,12699,634,ITI,ITI1,9,Toscana,Toscana,3729641,1555858,41.72,0.89
2071,2021-01-01,TOS,2370,788,1582,2325,0,45,ITI,ITI1,9,Toscana,Toscana,3729641,1558228,41.78,0.06
2072,2021-05-12,TOS,34201,15574,18627,13581,20033,587,ITI,ITI1,9,Toscana,Toscana,3729641,1592429,42.7,0.92
2073,2021-01-18,TOS,1119,636,483,971,98,50,ITI,ITI1,9,Toscana,Toscana,3729641,1593548,42.73,0.03
2074,2021-02-01,TOS,5509,1958,3551,511,4988,10,ITI,ITI1,9,Toscana,Toscana,3729641,1599057,42.87,0.15
2075,2021-02-06,TOS,4527,1550,2977,1262,3233,32,ITI,ITI1,9,Toscana,Toscana,3729641,1603584,43.0,0.12
2076,2021-04-04,TOS,13922,6609,7313,13508,253,161,ITI,ITI1,9,Toscana,Toscana,3729641,1617506,43.37,0.37
2077,2021-03-16,TOS,4899,1882,3017,2565,2251,83,ITI,ITI1,9,Toscana,Toscana,3729641,1622405,43.5,0.13
2078,2021-02-27,TOS,1984,756,1228,1007,902,75,ITI,ITI1,9,Toscana,Toscana,3729641,1624389,43.55,0.05
2079,2021-06-07,TOS,34904,17119,17785,30925,3648,331,ITI,ITI1,9,Toscana,Toscana,3729641,1659293,44.49,0.94
2080,2021-05-21,TOS,28917,13477,15440,17201,11442,274,ITI,ITI1,9,Toscana,Toscana,3729641,1688210,45.26,0.78
2081,2021-02-13,TOS,7786,2361,5425,7416,227,143,ITI,ITI1,9,Toscana,Toscana,3729641,1695996,45.47,0.21
2082,2021-01-08,TOS,5947,1643,4304,5854,0,93,ITI,ITI1,9,Toscana,Toscana,3729641,1701943,45.63,0.16
2083,2021-07-12,TOS,28116,13923,14193,9556,18269,291,ITI,ITI1,9,Toscana,Toscana,3729641,1730059,46.39,0.75
2084,2021-04-01,TOS,27057,11231,15826,16163,10662,232,ITI,ITI1,9,Toscana,Toscana,3729641,1757116,47.11,0.73
2085,2021-03-15,TOS,8698,3645,5053,4084,4443,171,ITI,ITI1,9,Toscana,Toscana,3729641,1765814,47.35,0.23
2086,2021-06-23,TOS,31507,15271,16236,19784,11372,351,ITI,ITI1,9,Toscana,Toscana,3729641,1797321,48.19,0.84
2087,2021-03-01,TOS,4474,1734,2740,767,3641,66,ITI,ITI1,9,Toscana,Toscana,3729641,1801795,48.31,0.12
2088,2021-05-23,TOS,28415,13661,14754,25563,2560,292,ITI,ITI1,9,Toscana,Toscana,3729641,1830210,49.07,0.76
2089,2021-02-10,TOS,4263,1281,2982,3584,523,156,ITI,ITI1,9,Toscana,Toscana,3729641,1834473,49.19,0.11
2090,2021-05-04,TOS,18314,8216,10098,12428,5452,434,ITI,ITI1,9,Toscana,Toscana,3729641,1852787,49.68,0.49
2091,2021-02-05,TOS,5750,2245,3505,1890,3826,34,ITI,ITI1,9,Toscana,Toscana,3729641,1858537,49.83,0.15
2092,2021-05-16,TOS,26675,12886,13789,23888,2467,320,ITI,ITI1,9,Toscana,Toscana,3729641,1885212,50.55,0.72
2093,2021-05-11,TOS,27949,12983,14966,12114,15467,368,ITI,ITI1,9,Toscana,Toscana,3729641,1913161,51.3,0.75
2094,2021-03-13,TOS,9288,3310,5978,5172,3964,152,ITI,ITI1,9,Toscana,Toscana,3729641,1922449,51.55,0.25
2095,2021-07-14,TOS,28648,14149,14499,8527,19877,244,ITI,ITI1,9,Toscana,Toscana,3729641,1951097,52.31,0.77
2096,2021-01-29,TOS,6144,1700,4444,292,5840,12,ITI,ITI1,9,Toscana,Toscana,3729641,1957241,52.48,0.16
2097,2021-05-09,TOS,22532,9768,12764,9418,12860,254,ITI,ITI1,9,Toscana,Toscana,3729641,1979773,53.08,0.6
2098,2021-04-27,TOS,10354,4916,5438,3666,6488,200,ITI,ITI1,9,Toscana,Toscana,3729641,1990127,53.36,0.28
2099,2021-04-11,TOS,3645,1680,1965,3337,155,153,ITI,ITI1,9,Toscana,Toscana,3729641,1993772,53.46,0.1
2100,2021-07-03,TOS,29370,14792,14578,11853,17143,374,ITI,ITI1,9,Toscana,Toscana,3729641,2023142,54.24,0.79
2101,2021-03-06,TOS,7110,2852,4258,2832,4196,82,ITI,ITI1,9,Toscana,Toscana,3729641,2030252,54.44,0.19
2102,2021-02-03,TOS,4222,1452,2770,237,3981,4,ITI,ITI1,9,Toscana,Toscana,3729641,2034474,54.55,0.11
2103,2021-01-15,TOS,3879,1348,2531,3819,0,60,ITI,ITI1,9,Toscana,Toscana,3729641,2038353,54.65,0.1
2104,2021-06-18,TOS,30768,16232,14536,24990,5382,396,ITI,ITI1,9,Toscana,Toscana,3729641,2069121,55.48,0.82
2105,2021-03-25,TOS,23897,10377,13520,15297,8352,248,ITI,ITI1,9,Toscana,Toscana,3729641,2093018,56.12,0.64
2106,2021-04-12,TOS,2621,1190,1431,1800,654,167,ITI,ITI1,9,Toscana,Toscana,3729641,2095639,56.19,0.07
2107,2021-05-13,TOS,35106,15513,19593,13201,21265,640,ITI,ITI1,9,Toscana,Toscana,3729641,2130745,57.13,0.94
2108,2021-04-29,TOS,39306,17706,21600,18565,20084,657,ITI,ITI1,9,Toscana,Toscana,3729641,2170051,58.18,1.05
2109,2021-03-20,TOS,6587,2978,3609,5364,1136,87,ITI,ITI1,9,Toscana,Toscana,3729641,2176638,58.36,0.18
2110,2021-01-22,TOS,2866,1064,1802,525,2338,3,ITI,ITI1,9,Toscana,Toscana,3729641,2179504,58.44,0.08
2111,2021-07-07,TOS,25603,12592,13011,9334,16088,181,ITI,ITI1,9,Toscana,Toscana,3729641,2205107,59.12,0.69
2112,2021-07-16,TOS,10235,5159,5076,3049,7095,91,ITI,ITI1,9,Toscana,Toscana,3729641,2215342,59.4,0.27
2113,2021-05-20,TOS,29759,13910,15849,18608,10839,312,ITI,ITI1,9,Toscana,Toscana,3729641,2245101,60.2,0.8
2114,2021-01-31,TOS,3050,1129,1921,103,2944,3,ITI,ITI1,9,Toscana,Toscana,3729641,2248151,60.28,0.08
2115,2021-04-05,TOS,15285,6826,8459,14376,737,172,ITI,ITI1,9,Toscana,Toscana,3729641,2263436,60.69,0.41
2116,2021-02-07,TOS,2807,953,1854,867,1920,20,ITI,ITI1,9,Toscana,Toscana,3729641,2266243,60.76,0.08
2117,2021-06-11,TOS,29730,15478,14252,24721,4656,353,ITI,ITI1,9,Toscana,Toscana,3729641,2295973,61.56,0.8
2118,2021-04-15,TOS,24403,10194,14209,15306,8571,526,ITI,ITI1,9,Toscana,Toscana,3729641,2320376,62.21,0.65
2119,2021-02-17,TOS,8176,3170,5006,7305,752,119,ITI,ITI1,9,Toscana,Toscana,3729641,2328552,62.43,0.22
2120,2021-05-28,TOS,30114,13946,16168,17423,12464,227,ITI,ITI1,9,Toscana,Toscana,3729641,2358666,63.24,0.81
2121,2021-04-22,TOS,35698,15294,20404,17388,17487,823,ITI,ITI1,9,Toscana,Toscana,3729641,2394364,64.2,0.96
2122,2021-02-24,TOS,10371,4467,5904,10040,197,134,ITI,ITI1,9,Toscana,Toscana,3729641,2404735,64.48,0.28
2123,2021-06-04,TOS,28300,13423,14877,20246,7792,262,ITI,ITI1,9,Toscana,Toscana,3729641,2433035,65.24,0.76
2124,2021-04-08,TOS,29683,12557,17126,22937,6386,360,ITI,ITI1,9,Toscana,Toscana,3729641,2462718,66.03,0.8
2125,2021-02-12,TOS,7618,2694,4924,7296,213,109,ITI,ITI1,9,Toscana,Toscana,3729641,2470336,66.24,0.2
2126,2021-01-26,TOS,5393,1792,3601,216,5173,4,ITI,ITI1,9,Toscana,Toscana,3729641,2475729,66.38,0.14
2127,2021-05-06,TOS,31340,13631,17709,13480,17180,680,ITI,ITI1,9,Toscana,Toscana,3729641,2507069,67.22,0.84
2128,2021-04-19,TOS,9097,4510,4587,7755,1032,310,ITI,ITI1,9,Toscana,Toscana,3729641,2516166,67.46,0.24
2129,2021-04-17,TOS,20535,9207,11328,17922,2134,479,ITI,ITI1,9,Toscana,Toscana,3729641,2536701,68.01,0.55
2130,2021-03-27,TOS,8863,4154,4709,8514,215,134,ITI,ITI1,9,Toscana,Toscana,3729641,2545564,68.25,0.24
2131,2021-06-30,TOS,38242,18502,19740,8453,29576,213,ITI,ITI1,9,Toscana,Toscana,3729641,2583806,69.28,1.03
2132,2021-02-14,TOS,9000,2569,6431,8740,110,150,ITI,ITI1,9,Toscana,Toscana,3729641,2592806,69.52,0.24
2133,2021-05-25,TOS,34176,16497,17679,19263,14629,284,ITI,ITI1,9,Toscana,Toscana,3729641,2626982,70.44,0.92
2134,2021-03-29,TOS,9672,4830,4842,9218,324,130,ITI,ITI1,9,Toscana,Toscana,3729641,2636654,70.69,0.26
2135,2021-05-27,TOS,28344,13192,15152,13268,14854,222,ITI,ITI1,9,Toscana,Toscana,3729641,2664998,71.45,0.76
2136,2021-03-31,TOS,32712,13255,19457,20222,12164,326,ITI,ITI1,9,Toscana,Toscana,3729641,2697710,72.33,0.88
2137,2021-07-09,TOS,29108,14098,15010,7708,21208,192,ITI,ITI1,9,Toscana,Toscana,3729641,2726818,73.11,0.78
2138,2021-01-17,TOS,2535,870,1665,1986,514,35,ITI,ITI1,9,Toscana,Toscana,3729641,2729353,73.18,0.07
2139,2021-07-05,TOS,30480,15064,15416,10334,19918,228,ITI,ITI1,9,Toscana,Toscana,3729641,2759833,74.0,0.82
2140,2021-03-08,TOS,6707,2945,3762,1844,4820,43,ITI,ITI1,9,Toscana,Toscana,3729641,2766540,74.18,0.18
2141,2021-06-16,TOS,31746,16254,15492,26256,5174,316,ITI,ITI1,9,Toscana,Toscana,3729641,2798286,75.03,0.85
2142,2021-05-30,TOS,28683,13945,14738,21495,6946,242,ITI,ITI1,9,Toscana,Toscana,3729641,2826969,75.8,0.77
2143,2021-05-18,TOS,28835,14269,14566,19742,8821,272,ITI,ITI1,9,Toscana,Toscana,3729641,2855804,76.57,0.77
2144,2021-01-10,TOS,3002,1105,1897,2948,0,54,ITI,ITI1,9,Toscana,Toscana,3729641,2858806,76.65,0.08
2145,2021-04-20,TOS,18159,8109,10050,12228,5574,357,ITI,ITI1,9,Toscana,Toscana,3729641,2876965,77.14,0.49
2146,2021-04-03,TOS,15014,6646,8368,13675,1126,213,ITI,ITI1,9,Toscana,Toscana,3729641,2891979,77.54,0.4
2147,2021-01-27,TOS,4835,1573,3262,201,4629,5,ITI,ITI1,9,Toscana,Toscana,3729641,2896814,77.67,0.13
2148,2021-03-17,TOS,11421,4587,6834,6799,4529,93,ITI,ITI1,9,Toscana,Toscana,3729641,2908235,77.98,0.31
2149,2021-03-03,TOS,18229,6539,11690,14499,3606,124,ITI,ITI1,9,Toscana,Toscana,3729641,2926464,78.47,0.49
2150,2021-01-05,TOS,5249,1755,3494,5193,0,56,ITI,ITI1,9,Toscana,Toscana,3729641,2931713,78.61,0.14
2151,2021-01-19,TOS,1106,533,573,1064,0,42,ITI,ITI1,9,Toscana,Toscana,3729641,2932819,78.64,0.03
2152,2021-01-12,TOS,3581,1398,2183,3508,0,73,ITI,ITI1,9,Toscana,Toscana,3729641,2936400,78.73,0.1
2153,2021-01-24,TOS,3349,1073,2276,198,3148,3,ITI,ITI1,9,Toscana,Toscana,3729641,2939749,78.82,0.09
2154,2021-01-07,TOS,6018,1751,4267,5932,0,86,ITI,ITI1,9,Toscana,Toscana,3729641,2945767,78.98,0.16
2155,2021-03-24,TOS,20016,8303,11713,10418,9457,141,ITI,ITI1,9,Toscana,Toscana,3729641,2965783,79.52,0.54
2156,2021-02-21,TOS,5105,2089,3016,4730,170,205,ITI,ITI1,9,Toscana,Toscana,3729641,2970888,79.66,0.14
2157,2021-06-01,TOS,26949,13394,13555,22870,3834,245,ITI,ITI1,9,Toscana,Toscana,3729641,2997837,80.38,0.72
2158,2021-07-02,TOS,28185,14133,14052,10801,17105,279,ITI,ITI1,9,Toscana,Toscana,3729641,3026022,81.13,0.76
2159,2021-06-15,TOS,31186,16055,15131,26289,4564,333,ITI,ITI1,9,Toscana,Toscana,3729641,3057208,81.97,0.84
2160,2021-03-10,TOS,18374,7409,10965,14252,4018,104,ITI,ITI1,9,Toscana,Toscana,3729641,3075582,82.46,0.49
2161,2021-06-25,TOS,33602,16791,16811,12112,21215,275,ITI,ITI1,9,Toscana,Toscana,3729641,3109184,83.36,0.9
2162,2021-06-08,TOS,32568,16700,15868,31725,487,356,ITI,ITI1,9,Toscana,Toscana,3729641,3141752,84.24,0.87
2163,2021-02-26,TOS,10080,3834,6246,8659,1206,215,ITI,ITI1,9,Toscana,Toscana,3729641,3151832,84.51,0.27
2164,2021-06-06,TOS,28297,13649,14648,22577,5361,359,ITI,ITI1,9,Toscana,Toscana,3729641,3180129,85.27,0.76
2165,2021-03-22,TOS,5253,2765,2488,4678,446,129,ITI,ITI1,9,Toscana,Toscana,3729641,3185382,85.41,0.14
2166,2021-02-02,TOS,3742,1475,2267,189,3546,7,ITI,ITI1,9,Toscana,Toscana,3729641,3189124,85.51,0.1
2167,2021-07-04,TOS,31503,15292,16211,9368,21848,287,ITI,ITI1,9,Toscana,Toscana,3729641,3220627,86.35,0.84
2168,2020-12-31,TOS,802,201,601,798,0,4,ITI,ITI1,9,Toscana,Toscana,3729641,3221429,86.37,0.02
2169,2021-04-10,TOS,11723,5349,6374,10747,743,233,ITI,ITI1,9,Toscana,Toscana,3729641,3233152,86.69,0.31
2170,2021-02-19,TOS,8292,2952,5340,7602,513,177,ITI,ITI1,9,Toscana,Toscana,3729641,3241444,86.91,0.22
2171,2021-05-26,TOS,35591,17103,18488,20123,15200,268,ITI,ITI1,9,Toscana,Toscana,3729641,3277035,87.86,0.95
2172,2021-03-30,TOS,17019,7643,9376,13267,3564,188,ITI,ITI1,9,Toscana,Toscana,3729641,3294054,88.32,0.46
2173,2021-07-08,TOS,21047,10347,10700,9248,11559,240,ITI,ITI1,9,Toscana,Toscana,3729641,3315101,88.89,0.56
2174,2020-12-27,TOS,620,267,353,615,0,5,ITI,ITI1,9,Toscana,Toscana,3729641,3315721,88.9,0.02
2175,2021-01-03,TOS,3336,1052,2284,3290,0,46,ITI,ITI1,9,Toscana,Toscana,3729641,3319057,88.99,0.09
2176,2021-02-15,TOS,8770,3376,5394,7775,826,169,ITI,ITI1,9,Toscana,Toscana,3729641,3327827,89.23,0.24
2177,2021-02-22,TOS,9818,4254,5564,9169,277,372,ITI,ITI1,9,Toscana,Toscana,3729641,3337645,89.49,0.26
2178,2021-05-08,TOS,29150,13112,16038,13287,15472,391,ITI,ITI1,9,Toscana,Toscana,3729641,3366795,90.27,0.78
2179,2021-03-12,TOS,16979,6616,10363,13269,3528,182,ITI,ITI1,9,Toscana,Toscana,3729641,3383774,90.73,0.46
2180,2021-01-14,TOS,3255,1179,2076,3220,0,35,ITI,ITI1,9,Toscana,Toscana,3729641,3387029,90.81,0.09
2181,2021-06-20,TOS,25176,12486,12690,15421,9517,238,ITI,ITI1,9,Toscana,Toscana,3729641,3412205,91.49,0.68
2182,2021-04-24,TOS,13434,6168,7266,5621,7445,368,ITI,ITI1,9,Toscana,Toscana,3729641,3425639,91.85,0.36
2183,2021-06-27,TOS,33294,16072,17222,5923,27243,128,ITI,ITI1,9,Toscana,Toscana,3729641,3458933,92.74,0.89
2184,2021-05-01,TOS,23315,10064,13251,13722,9183,410,ITI,ITI1,9,Toscana,Toscana,3729641,3482248,93.37,0.63
2185,2021-03-05,TOS,16878,6689,10189,11948,4755,175,ITI,ITI1,9,Toscana,Toscana,3729641,3499126,93.82,0.45
2186,2021-06-13,TOS,24605,12346,12259,22598,1659,348,ITI,ITI1,9,Toscana,Toscana,3729641,3523731,94.48,0.66
2187,2021-01-06,CAL,937,505,432,937,0,0,ITF,ITF6,18,Calabria,Calabria,1947131,937,0.05,0.05
2188,2021-04-16,CAL,10211,4977,5234,8571,1587,53,ITF,ITF6,18,Calabria,Calabria,1947131,11148,0.57,0.52
2189,2021-02-18,CAL,1853,851,1002,1610,228,15,ITF,ITF6,18,Calabria,Calabria,1947131,13001,0.67,0.1
2190,2021-06-21,CAL,15373,7078,8295,7978,7360,35,ITF,ITF6,18,Calabria,Calabria,1947131,28374,1.46,0.79
2191,2021-01-04,CAL,1069,530,539,1066,0,3,ITF,ITF6,18,Calabria,Calabria,1947131,29443,1.51,0.05
2192,2021-04-18,CAL,5849,2796,3053,4915,913,21,ITF,ITF6,18,Calabria,Calabria,1947131,35292,1.81,0.3
2193,2021-04-04,CAL,1570,785,785,1139,421,10,ITF,ITF6,18,Calabria,Calabria,1947131,36862,1.89,0.08
2194,2021-06-26,CAL,15559,7185,8374,7553,7939,67,ITF,ITF6,18,Calabria,Calabria,1947131,52421,2.69,0.8
2195,2021-06-07,CAL,17998,8420,9578,14710,3209,79,ITF,ITF6,18,Calabria,Calabria,1947131,70419,3.62,0.92
2196,2021-06-14,CAL,14350,6508,7842,9626,4648,76,ITF,ITF6,18,Calabria,Calabria,1947131,84769,4.35,0.74
2197,2021-03-04,CAL,5483,3191,2292,4666,797,20,ITF,ITF6,18,Calabria,Calabria,1947131,90252,4.64,0.28
2198,2021-06-12,CAL,13226,6289,6937,10762,2401,63,ITF,ITF6,18,Calabria,Calabria,1947131,103478,5.31,0.68
2199,2021-03-09,CAL,6489,3382,3107,5444,982,63,ITF,ITF6,18,Calabria,Calabria,1947131,109967,5.65,0.33
2200,2021-02-20,CAL,1438,765,673,1104,320,14,ITF,ITF6,18,Calabria,Calabria,1947131,111405,5.72,0.07
2201,2021-05-31,CAL,15294,7343,7951,7311,7902,81,ITF,ITF6,18,Calabria,Calabria,1947131,126699,6.51,0.79
2202,2021-07-01,CAL,12301,5798,6503,5400,6818,83,ITF,ITF6,18,Calabria,Calabria,1947131,139000,7.14,0.63
2203,2021-02-01,CAL,2530,1204,1326,242,2285,3,ITF,ITF6,18,Calabria,Calabria,1947131,141530,7.27,0.13
2204,2021-07-08,CAL,12045,5618,6427,2697,9306,42,ITF,ITF6,18,Calabria,Calabria,1947131,153575,7.89,0.62
2205,2021-05-12,CAL,16426,8017,8409,10836,5497,93,ITF,ITF6,18,Calabria,Calabria,1947131,170001,8.73,0.84
2206,2021-05-26,CAL,18709,9318,9391,10310,8307,92,ITF,ITF6,18,Calabria,Calabria,1947131,188710,9.69,0.96
2207,2021-04-30,CAL,15024,7362,7662,10551,4405,68,ITF,ITF6,18,Calabria,Calabria,1947131,203734,10.46,0.77
2208,2021-01-18,CAL,1297,587,710,1052,241,4,ITF,ITF6,18,Calabria,Calabria,1947131,205031,10.53,0.07
2209,2021-02-06,CAL,2914,1343,1571,444,2469,1,ITF,ITF6,18,Calabria,Calabria,1947131,207945,10.68,0.15
2210,2021-07-10,CAL,15931,7529,8402,3248,12640,43,ITF,ITF6,18,Calabria,Calabria,1947131,223876,11.5,0.82
2211,2021-01-23,CAL,401,186,215,359,42,0,ITF,ITF6,18,Calabria,Calabria,1947131,224277,11.52,0.02
2212,2021-03-28,CAL,2690,1232,1458,1565,1121,4,ITF,ITF6,18,Calabria,Calabria,1947131,226967,11.66,0.14
2213,2021-01-11,CAL,2174,1054,1120,2172,0,2,ITF,ITF6,18,Calabria,Calabria,1947131,229141,11.77,0.11
2214,2021-01-25,CAL,1079,517,562,148,931,0,ITF,ITF6,18,Calabria,Calabria,1947131,230220,11.82,0.06
2215,2021-05-05,CAL,13536,6475,7061,8410,5055,71,ITF,ITF6,18,Calabria,Calabria,1947131,243756,12.52,0.7
2216,2021-03-02,CAL,4372,2494,1878,3608,756,8,ITF,ITF6,18,Calabria,Calabria,1947131,248128,12.74,0.22
2217,2021-03-16,CAL,3858,1892,1966,2186,1660,12,ITF,ITF6,18,Calabria,Calabria,1947131,251986,12.94,0.2
2218,2021-04-23,CAL,13125,6444,6681,9431,3598,96,ITF,ITF6,18,Calabria,Calabria,1947131,265111,13.62,0.67
2219,2021-01-13,CAL,2059,1040,1019,2047,0,12,ITF,ITF6,18,Calabria,Calabria,1947131,267170,13.72,0.11
2220,2021-06-23,CAL,17152,7842,9310,8090,8981,81,ITF,ITF6,18,Calabria,Calabria,1947131,284322,14.6,0.88
2221,2021-02-25,CAL,2891,1556,1335,2256,595,40,ITF,ITF6,18,Calabria,Calabria,1947131,287213,14.75,0.15
2222,2021-03-06,CAL,8457,4357,4100,7642,796,19,ITF,ITF6,18,Calabria,Calabria,1947131,295670,15.18,0.43
2223,2021-05-24,CAL,17763,8895,8868,9931,7749,83,ITF,ITF6,18,Calabria,Calabria,1947131,313433,16.1,0.91
2224,2021-05-07,CAL,16123,7596,8527,9659,6390,74,ITF,ITF6,18,Calabria,Calabria,1947131,329556,16.93,0.83
2225,2021-02-13,CAL,1398,604,794,1030,365,3,ITF,ITF6,18,Calabria,Calabria,1947131,330954,17.0,0.07
2226,2021-06-11,CAL,17827,8764,9063,15126,2584,117,ITF,ITF6,18,Calabria,Calabria,1947131,348781,17.91,0.92
2227,2021-01-08,CAL,2181,1039,1142,2174,0,7,ITF,ITF6,18,Calabria,Calabria,1947131,350962,18.02,0.11
2228,2021-03-18,CAL,4427,2070,2357,2332,2072,23,ITF,ITF6,18,Calabria,Calabria,1947131,355389,18.25,0.23
2229,2021-03-11,CAL,7262,3451,3811,5948,1269,45,ITF,ITF6,18,Calabria,Calabria,1947131,362651,18.62,0.37
2230,2021-06-19,CAL,15836,7411,8425,8494,7277,65,ITF,ITF6,18,Calabria,Calabria,1947131,378487,19.44,0.81
2231,2021-05-14,CAL,19919,9571,10348,12943,6866,110,ITF,ITF6,18,Calabria,Calabria,1947131,398406,20.46,1.02
2232,2021-04-27,CAL,9957,4895,5062,7962,1949,46,ITF,ITF6,18,Calabria,Calabria,1947131,408363,20.97,0.51
2233,2021-03-30,CAL,6417,2785,3632,3645,2755,17,ITF,ITF6,18,Calabria,Calabria,1947131,414780,21.3,0.33
2234,2021-05-19,CAL,18297,9064,9233,11248,6976,73,ITF,ITF6,18,Calabria,Calabria,1947131,433077,22.24,0.94
2235,2021-03-23,CAL,5280,2479,2801,3447,1812,21,ITF,ITF6,18,Calabria,Calabria,1947131,438357,22.51,0.27
2236,2021-07-15,CAL,18292,8799,9493,2565,15684,43,ITF,ITF6,18,Calabria,Calabria,1947131,456649,23.45,0.94
2237,2021-02-11,CAL,2340,1044,1296,1062,1256,22,ITF,ITF6,18,Calabria,Calabria,1947131,458989,23.57,0.12
2238,2021-05-23,CAL,11388,5553,5835,6995,4350,43,ITF,ITF6,18,Calabria,Calabria,1947131,470377,24.16,0.58
2239,2021-01-30,CAL,2189,1154,1035,340,1846,3,ITF,ITF6,18,Calabria,Calabria,1947131,472566,24.27,0.11
2240,2021-02-17,CAL,1869,826,1043,1645,211,13,ITF,ITF6,18,Calabria,Calabria,1947131,474435,24.37,0.1
2241,2021-05-28,CAL,20984,10197,10787,11416,9457,111,ITF,ITF6,18,Calabria,Calabria,1947131,495419,25.44,1.08
2242,2021-04-15,CAL,7743,3798,3945,5973,1732,38,ITF,ITF6,18,Calabria,Calabria,1947131,503162,25.84,0.4
2243,2021-04-01,CAL,8673,3947,4726,4161,4480,32,ITF,ITF6,18,Calabria,Calabria,1947131,511835,26.29,0.45
2244,2021-07-03,CAL,15137,7128,8009,5258,9804,75,ITF,ITF6,18,Calabria,Calabria,1947131,526972,27.06,0.78
2245,2021-04-11,CAL,4190,1904,2286,2231,1943,16,ITF,ITF6,18,Calabria,Calabria,1947131,531162,27.28,0.22
2246,2021-04-13,CAL,6905,3386,3519,5572,1312,21,ITF,ITF6,18,Calabria,Calabria,1947131,538067,27.63,0.35
2247,2021-01-20,CAL,1405,628,777,1401,1,3,ITF,ITF6,18,Calabria,Calabria,1947131,539472,27.71,0.07
2248,2021-01-03,CAL,6,3,3,6,0,0,ITF,ITF6,18,Calabria,Calabria,1947131,539478,27.71,0.0
2249,2021-03-13,CAL,6948,3019,3929,5934,986,28,ITF,ITF6,18,Calabria,Calabria,1947131,546426,28.06,0.36
2250,2021-01-15,CAL,2805,1260,1545,2799,0,6,ITF,ITF6,18,Calabria,Calabria,1947131,549231,28.21,0.14
2251,2021-04-25,CAL,15887,8059,7828,14799,1027,61,ITF,ITF6,18,Calabria,Calabria,1947131,565118,29.02,0.82
2252,2021-06-30,CAL,16366,7493,8873,7008,9263,95,ITF,ITF6,18,Calabria,Calabria,1947131,581484,29.86,0.84
2253,2021-06-28,CAL,13280,6117,7163,5367,7849,64,ITF,ITF6,18,Calabria,Calabria,1947131,594764,30.55,0.68
2254,2021-03-20,CAL,6717,3076,3641,4183,2518,16,ITF,ITF6,18,Calabria,Calabria,1947131,601481,30.89,0.34
2255,2021-05-09,CAL,9633,4498,5135,6055,3537,41,ITF,ITF6,18,Calabria,Calabria,1947131,611114,31.39,0.49
2256,2021-01-29,CAL,2064,994,1070,227,1836,1,ITF,ITF6,18,Calabria,Calabria,1947131,613178,31.49,0.11
2257,2021-05-04,CAL,16436,7575,8861,11648,4703,85,ITF,ITF6,18,Calabria,Calabria,1947131,629614,32.34,0.84
2258,2021-01-22,CAL,659,275,384,657,2,0,ITF,ITF6,18,Calabria,Calabria,1947131,630273,32.37,0.03
2259,2021-05-02,CAL,12518,5843,6675,10611,1850,57,ITF,ITF6,18,Calabria,Calabria,1947131,642791,33.01,0.64
2260,2021-02-03,CAL,2832,1457,1375,562,2265,5,ITF,ITF6,18,Calabria,Calabria,1947131,645623,33.16,0.15
2261,2021-02-22,CAL,2055,1043,1012,1488,558,9,ITF,ITF6,18,Calabria,Calabria,1947131,647678,33.26,0.11
2262,2021-06-02,CAL,12097,5801,6296,8785,3265,47,ITF,ITF6,18,Calabria,Calabria,1947131,659775,33.88,0.62
2263,2021-03-01,CAL,2730,1550,1180,2270,456,4,ITF,ITF6,18,Calabria,Calabria,1947131,662505,34.02,0.14
2264,2021-06-09,CAL,18227,8603,9624,15906,2238,83,ITF,ITF6,18,Calabria,Calabria,1947131,680732,34.96,0.94
2265,2021-07-12,CAL,17963,8528,9435,2680,15234,49,ITF,ITF6,18,Calabria,Calabria,1947131,698695,35.88,0.92
2266,2021-01-10,CAL,937,530,407,937,0,0,ITF,ITF6,18,Calabria,Calabria,1947131,699632,35.93,0.05
2267,2021-04-20,CAL,7858,3965,3893,6058,1728,72,ITF,ITF6,18,Calabria,Calabria,1947131,707490,36.33,0.4
2268,2021-02-27,CAL,4008,2063,1945,3619,382,7,ITF,ITF6,18,Calabria,Calabria,1947131,711498,36.54,0.21
2269,2021-01-27,CAL,1477,745,732,395,1081,1,ITF,ITF6,18,Calabria,Calabria,1947131,712975,36.62,0.08
2270,2021-02-15,CAL,1151,546,605,995,151,5,ITF,ITF6,18,Calabria,Calabria,1947131,714126,36.68,0.06
2271,2020-12-27,CAL,312,170,142,312,0,0,ITF,ITF6,18,Calabria,Calabria,1947131,714438,36.69,0.02
2272,2021-03-27,CAL,8765,3987,4778,4651,4071,43,ITF,ITF6,18,Calabria,Calabria,1947131,723203,37.14,0.45
2273,2021-07-05,CAL,13384,6257,7127,4289,9039,56,ITF,ITF6,18,Calabria,Calabria,1947131,736587,37.83,0.69
2274,2021-03-08,CAL,5492,2973,2519,4397,1068,27,ITF,ITF6,18,Calabria,Calabria,1947131,742079,38.11,0.28
2275,2021-03-25,CAL,7465,3515,3950,4565,2870,30,ITF,ITF6,18,Calabria,Calabria,1947131,749544,38.49,0.38
2276,2021-06-16,CAL,18318,8467,9851,12117,6116,85,ITF,ITF6,18,Calabria,Calabria,1947131,767862,39.44,0.94
2277,2021-05-16,CAL,13779,6722,7057,9916,3811,52,ITF,ITF6,18,Calabria,Calabria,1947131,781641,40.14,0.71
2278,2021-01-17,CAL,897,431,466,797,95,5,ITF,ITF6,18,Calabria,Calabria,1947131,782538,40.19,0.05
2279,2021-03-24,CAL,7822,3578,4244,4514,3286,22,ITF,ITF6,18,Calabria,Calabria,1947131,790360,40.59,0.4
2280,2021-04-10,CAL,11646,5269,6377,6748,4855,43,ITF,ITF6,18,Calabria,Calabria,1947131,802006,41.19,0.6
2281,2021-06-18,CAL,18848,8782,10066,11251,7490,107,ITF,ITF6,18,Calabria,Calabria,1947131,820854,42.16,0.97
2282,2021-03-10,CAL,6771,3454,3317,5405,1337,29,ITF,ITF6,18,Calabria,Calabria,1947131,827625,42.5,0.35
2283,2021-06-01,CAL,12863,5964,6899,7886,4919,58,ITF,ITF6,18,Calabria,Calabria,1947131,840488,43.17,0.66
2284,2021-05-13,CAL,15951,7675,8276,11173,4710,68,ITF,ITF6,18,Calabria,Calabria,1947131,856439,43.98,0.82
2285,2021-02-19,CAL,1509,682,827,1239,261,9,ITF,ITF6,18,Calabria,Calabria,1947131,857948,44.06,0.08
2286,2021-05-30,CAL,10956,5268,5688,6769,4151,36,ITF,ITF6,18,Calabria,Calabria,1947131,868904,44.62,0.56
2287,2021-03-15,CAL,3619,1744,1875,2160,1450,9,ITF,ITF6,18,Calabria,Calabria,1947131,872523,44.81,0.19
2288,2021-07-02,CAL,16249,7527,8722,6237,9931,81,ITF,ITF6,18,Calabria,Calabria,1947131,888772,45.65,0.83
2289,2021-05-20,CAL,16966,8488,8478,11259,5640,67,ITF,ITF6,18,Calabria,Calabria,1947131,905738,46.52,0.87
2290,2021-02-07,CAL,861,430,431,146,713,2,ITF,ITF6,18,Calabria,Calabria,1947131,906599,46.56,0.04
2291,2021-05-18,CAL,15333,7670,7663,11848,3417,68,ITF,ITF6,18,Calabria,Calabria,1947131,921932,47.35,0.79
2292,2021-03-22,CAL,4960,2327,2633,3171,1765,24,ITF,ITF6,18,Calabria,Calabria,1947131,926892,47.6,0.25
2293,2021-02-14,CAL,474,218,256,442,31,1,ITF,ITF6,18,Calabria,Calabria,1947131,927366,47.63,0.02
2294,2021-05-25,CAL,16401,8030,8371,10206,6111,84,ITF,ITF6,18,Calabria,Calabria,1947131,943767,48.47,0.84
2295,2021-01-26,CAL,1856,886,970,276,1579,1,ITF,ITF6,18,Calabria,Calabria,1947131,945623,48.56,0.1
2296,2021-04-22,CAL,9771,4881,4890,6838,2888,45,ITF,ITF6,18,Calabria,Calabria,1947131,955394,49.07,0.5
2297,2021-02-12,CAL,1710,668,1042,941,763,6,ITF,ITF6,18,Calabria,Calabria,1947131,957104,49.15,0.09
2298,2021-06-27,CAL,8413,3937,4476,4980,3397,36,ITF,ITF6,18,Calabria,Calabria,1947131,965517,49.59,0.43
2299,2021-04-03,CAL,9414,4073,5341,4508,4848,58,ITF,ITF6,18,Calabria,Calabria,1947131,974931,50.07,0.48
2300,2021-01-28,CAL,2270,1127,1143,82,2188,0,ITF,ITF6,18,Calabria,Calabria,1947131,977201,50.19,0.12
2301,2021-05-08,CAL,18463,8391,10072,10542,7857,64,ITF,ITF6,18,Calabria,Calabria,1947131,995664,51.13,0.95
2302,2021-05-22,CAL,22182,10552,11630,14236,7856,90,ITF,ITF6,18,Calabria,Calabria,1947131,1017846,52.27,1.14
2303,2021-04-21,CAL,11558,5805,5753,8607,2898,53,ITF,ITF6,18,Calabria,Calabria,1947131,1029404,52.87,0.59
2304,2021-03-29,CAL,5763,2490,3273,3979,1760,24,ITF,ITF6,18,Calabria,Calabria,1947131,1035167,53.16,0.3
2305,2021-01-31,CAL,1116,557,559,153,963,0,ITF,ITF6,18,Calabria,Calabria,1947131,1036283,53.22,0.06
2306,2021-07-07,CAL,13960,6581,7379,3910,9979,71,ITF,ITF6,18,Calabria,Calabria,1947131,1050243,53.94,0.72
2307,2021-05-11,CAL,15082,7306,7776,10238,4778,66,ITF,ITF6,18,Calabria,Calabria,1947131,1065325,54.71,0.77
2308,2021-07-16,CAL,6745,3181,3564,963,5762,20,ITF,ITF6,18,Calabria,Calabria,1947131,1072070,55.06,0.35
2309,2021-02-09,CAL,2158,912,1246,946,1203,9,ITF,ITF6,18,Calabria,Calabria,1947131,1074228,55.17,0.11
2310,2021-05-29,CAL,19274,8953,10321,9345,9853,76,ITF,ITF6,18,Calabria,Calabria,1947131,1093502,56.16,0.99
2311,2021-04-14,CAL,8074,3897,4177,6585,1444,45,ITF,ITF6,18,Calabria,Calabria,1947131,1101576,56.57,0.41
2312,2021-02-16,CAL,1742,738,1004,1458,279,5,ITF,ITF6,18,Calabria,Calabria,1947131,1103318,56.66,0.09
2313,2021-05-27,CAL,17654,8728,8926,9767,7805,82,ITF,ITF6,18,Calabria,Calabria,1947131,1120972,57.57,0.91
2314,2021-04-06,CAL,8119,3697,4422,4454,3641,24,ITF,ITF6,18,Calabria,Calabria,1947131,1129091,57.99,0.42
2315,2021-02-08,CAL,1857,738,1119,659,1195,3,ITF,ITF6,18,Calabria,Calabria,1947131,1130948,58.08,0.1
2316,2021-04-24,CAL,19253,9580,9673,15734,3436,83,ITF,ITF6,18,Calabria,Calabria,1947131,1150201,59.07,0.99
2317,2021-02-26,CAL,3083,1645,1438,2615,453,15,ITF,ITF6,18,Calabria,Calabria,1947131,1153284,59.23,0.16
2318,2021-06-20,CAL,6647,3149,3498,3808,2811,28,ITF,ITF6,18,Calabria,Calabria,1947131,1159931,59.57,0.34
2319,2021-06-06,CAL,13718,6590,7128,11956,1695,67,ITF,ITF6,18,Calabria,Calabria,1947131,1173649,60.28,0.7
2320,2021-01-07,CAL,2204,1077,1127,2200,0,4,ITF,ITF6,18,Calabria,Calabria,1947131,1175853,60.39,0.11
2321,2021-06-13,CAL,6816,3349,3467,5717,1047,52,ITF,ITF6,18,Calabria,Calabria,1947131,1182669,60.74,0.35
2322,2021-04-17,CAL,10834,5075,5759,9009,1780,45,ITF,ITF6,18,Calabria,Calabria,1947131,1193503,61.3,0.56
2323,2021-05-01,CAL,16695,7953,8742,12375,4234,86,ITF,ITF6,18,Calabria,Calabria,1947131,1210198,62.15,0.86
2324,2021-03-05,CAL,6238,3620,2618,5647,575,16,ITF,ITF6,18,Calabria,Calabria,1947131,1216436,62.47,0.32
2325,2021-05-17,CAL,14916,7466,7450,10152,4714,50,ITF,ITF6,18,Calabria,Calabria,1947131,1231352,63.24,0.77
2326,2021-02-21,CAL,625,295,330,547,77,1,ITF,ITF6,18,Calabria,Calabria,1947131,1231977,63.27,0.03
2327,2021-04-28,CAL,12560,6089,6471,9624,2865,71,ITF,ITF6,18,Calabria,Calabria,1947131,1244537,63.92,0.65
2328,2021-02-04,CAL,3617,1720,1897,647,2964,6,ITF,ITF6,18,Calabria,Calabria,1947131,1248154,64.1,0.19
2329,2021-05-15,CAL,27244,13034,14210,20260,6853,131,ITF,ITF6,18,Calabria,Calabria,1947131,1275398,65.5,1.4
2330,2021-02-02,CAL,2355,1154,1201,177,2178,0,ITF,ITF6,18,Calabria,Calabria,1947131,1277753,65.62,0.12
2331,2021-01-16,CAL,2403,1127,1276,2400,0,3,ITF,ITF6,18,Calabria,Calabria,1947131,1280156,65.75,0.12
2332,2021-01-24,CAL,46,19,27,40,6,0,ITF,ITF6,18,Calabria,Calabria,1947131,1280202,65.75,0.0
2333,2021-07-09,CAL,15648,7299,8349,3630,11949,69,ITF,ITF6,18,Calabria,Calabria,1947131,1295850,66.55,0.8
2334,2020-12-28,CAL,6,2,4,6,0,0,ITF,ITF6,18,Calabria,Calabria,1947131,1295856,66.55,0.0
2335,2021-06-03,CAL,14223,6648,7575,9584,4584,55,ITF,ITF6,18,Calabria,Calabria,1947131,1310079,67.28,0.73
2336,2021-04-07,CAL,7135,3247,3888,4075,3015,45,ITF,ITF6,18,Calabria,Calabria,1947131,1317214,67.65,0.37
2337,2021-02-23,CAL,1595,754,841,1475,115,5,ITF,ITF6,18,Calabria,Calabria,1947131,1318809,67.73,0.08
2338,2021-03-31,CAL,9103,4150,4953,5029,4040,34,ITF,ITF6,18,Calabria,Calabria,1947131,1327912,68.2,0.47
2339,2021-04-09,CAL,7951,3729,4222,4983,2888,80,ITF,ITF6,18,Calabria,Calabria,1947131,1335863,68.61,0.41
2340,2021-05-06,CAL,13272,6280,6992,8931,4275,66,ITF,ITF6,18,Calabria,Calabria,1947131,1349135,69.29,0.68
2341,2021-07-14,CAL,22600,10658,11942,4158,18368,74,ITF,ITF6,18,Calabria,Calabria,1947131,1371735,70.45,1.16
2342,2021-04-05,CAL,3642,1727,1915,2671,959,12,ITF,ITF6,18,Calabria,Calabria,1947131,1375377,70.64,0.19
2343,2021-06-08,CAL,16674,7898,8776,14521,2033,120,ITF,ITF6,18,Calabria,Calabria,1947131,1392051,71.49,0.86
2344,2021-03-17,CAL,4116,1831,2285,2182,1927,7,ITF,ITF6,18,Calabria,Calabria,1947131,1396167,71.7,0.21
2345,2021-06-25,CAL,18793,8727,10066,8068,10648,77,ITF,ITF6,18,Calabria,Calabria,1947131,1414960,72.67,0.97
2346,2021-02-05,CAL,3825,1722,2103,474,3336,15,ITF,ITF6,18,Calabria,Calabria,1947131,1418785,72.87,0.2
2347,2021-04-29,CAL,12461,6054,6407,8658,3752,51,ITF,ITF6,18,Calabria,Calabria,1947131,1431246,73.51,0.64
2348,2021-04-12,CAL,7035,3425,3610,5368,1645,22,ITF,ITF6,18,Calabria,Calabria,1947131,1438281,73.87,0.36
2349,2021-01-19,CAL,1119,493,626,1105,12,2,ITF,ITF6,18,Calabria,Calabria,1947131,1439400,73.92,0.06
2350,2021-07-04,CAL,5934,2812,3122,1980,3919,35,ITF,ITF6,18,Calabria,Calabria,1947131,1445334,74.23,0.3
2351,2021-06-17,CAL,15795,7216,8579,9588,6157,50,ITF,ITF6,18,Calabria,Calabria,1947131,1461129,75.04,0.81
2352,2021-03-26,CAL,8089,3839,4250,4938,3123,28,ITF,ITF6,18,Calabria,Calabria,1947131,1469218,75.46,0.42
2353,2021-03-12,CAL,5152,2468,2684,4079,1055,18,ITF,ITF6,18,Calabria,Calabria,1947131,1474370,75.72,0.26
2354,2021-01-14,CAL,2648,1256,1392,2642,0,6,ITF,ITF6,18,Calabria,Calabria,1947131,1477018,75.86,0.14
2355,2021-01-21,CAL,967,451,516,933,31,3,ITF,ITF6,18,Calabria,Calabria,1947131,1477985,75.91,0.05
2356,2021-04-02,CAL,8528,3905,4623,4579,3917,32,ITF,ITF6,18,Calabria,Calabria,1947131,1486513,76.34,0.44
2357,2021-06-24,CAL,15279,6963,8316,6882,8323,74,ITF,ITF6,18,Calabria,Calabria,1947131,1501792,77.13,0.78
2358,2021-03-19,CAL,4187,1955,2232,1887,2293,7,ITF,ITF6,18,Calabria,Calabria,1947131,1505979,77.34,0.22
2359,2021-07-11,CAL,6428,2981,3447,844,5574,10,ITF,ITF6,18,Calabria,Calabria,1947131,1512407,77.67,0.33
2360,2021-06-10,CAL,15900,7330,8570,12988,2815,97,ITF,ITF6,18,Calabria,Calabria,1947131,1528307,78.49,0.82
2361,2021-07-06,CAL,11818,5453,6365,3616,8144,58,ITF,ITF6,18,Calabria,Calabria,1947131,1540125,79.1,0.61
2362,2021-06-05,CAL,20681,9685,10996,17613,2989,79,ITF,ITF6,18,Calabria,Calabria,1947131,1560806,80.16,1.06
2363,2021-07-13,CAL,17401,8145,9256,2320,15015,66,ITF,ITF6,18,Calabria,Calabria,1947131,1578207,81.05,0.89
2364,2021-04-19,CAL,7873,3798,4075,6154,1674,45,ITF,ITF6,18,Calabria,Calabria,1947131,1586080,81.46,0.4
2365,2021-01-09,CAL,1979,1066,913,1971,0,8,ITF,ITF6,18,Calabria,Calabria,1947131,1588059,81.56,0.1
2366,2021-02-28,CAL,2339,1062,1277,2182,154,3,ITF,ITF6,18,Calabria,Calabria,1947131,1590398,81.68,0.12
2367,2021-01-02,CAL,166,94,72,166,0,0,ITF,ITF6,18,Calabria,Calabria,1947131,1590564,81.69,0.01
2368,2021-04-08,CAL,9306,4399,4907,5794,3467,45,ITF,ITF6,18,Calabria,Calabria,1947131,1599870,82.17,0.48
2369,2021-02-10,CAL,2514,1081,1433,868,1631,15,ITF,ITF6,18,Calabria,Calabria,1947131,1602384,82.29,0.13
2370,2021-06-04,CAL,17522,8152,9370,12951,4502,69,ITF,ITF6,18,Calabria,Calabria,1947131,1619906,83.19,0.9
2371,2021-05-21,CAL,21331,10864,10467,13864,7359,108,ITF,ITF6,18,Calabria,Calabria,1947131,1641237,84.29,1.1
2372,2021-01-05,CAL,1523,713,810,1521,0,2,ITF,ITF6,18,Calabria,Calabria,1947131,1642760,84.37,0.08
2373,2021-01-12,CAL,2077,1028,1049,2068,0,9,ITF,ITF6,18,Calabria,Calabria,1947131,1644837,84.47,0.11
2374,2021-02-24,CAL,1914,975,939,1430,478,6,ITF,ITF6,18,Calabria,Calabria,1947131,1646751,84.57,0.1
2375,2021-03-03,CAL,5060,2764,2296,3967,1080,13,ITF,ITF6,18,Calabria,Calabria,1947131,1651811,84.83,0.26
2376,2021-06-29,CAL,13017,6012,7005,5330,7637,50,ITF,ITF6,18,Calabria,Calabria,1947131,1664828,85.5,0.67
2377,2021-05-03,CAL,14774,6772,8002,10464,4224,86,ITF,ITF6,18,Calabria,Calabria,1947131,1679602,86.26,0.76
2378,2021-03-21,CAL,4452,1922,2530,2726,1716,10,ITF,ITF6,18,Calabria,Calabria,1947131,1684054,86.49,0.23
2379,2021-03-07,CAL,3396,1732,1664,3291,92,13,ITF,ITF6,18,Calabria,Calabria,1947131,1687450,86.66,0.17
2380,2021-06-15,CAL,9836,4554,5282,6437,3345,54,ITF,ITF6,18,Calabria,Calabria,1947131,1697286,87.17,0.51
2381,2021-03-14,CAL,2717,1056,1661,2281,430,6,ITF,ITF6,18,Calabria,Calabria,1947131,1700003,87.31,0.14
2382,2021-06-22,CAL,14579,6897,7682,7354,7133,92,ITF,ITF6,18,Calabria,Calabria,1947131,1714582,88.06,0.75
2383,2021-05-10,CAL,13159,6123,7036,7707,5398,54,ITF,ITF6,18,Calabria,Calabria,1947131,1727741,88.73,0.68
2384,2021-04-26,CAL,10184,5059,5125,7722,2418,44,ITF,ITF6,18,Calabria,Calabria,1947131,1737925,89.26,0.52
2385,2021-02-16,LIG,2427,956,1471,1995,423,9,ITC,ITC3,7,Liguria,Liguria,1550640,2427,0.16,0.16
2386,2021-05-27,LIG,16898,8664,8234,12578,4152,168,ITC,ITC3,7,Liguria,Liguria,1550640,19325,1.25,1.09
2387,2021-04-14,LIG,13075,5671,7404,10751,2201,123,ITC,ITC3,7,Liguria,Liguria,1550640,32400,2.09,0.84
2388,2021-05-29,LIG,6864,3252,3612,3975,2870,19,ITC,ITC3,7,Liguria,Liguria,1550640,39264,2.53,0.44
2389,2021-02-09,LIG,1952,694,1258,264,1686,2,ITC,ITC3,7,Liguria,Liguria,1550640,41216,2.66,0.13
2390,2021-02-28,LIG,1058,580,478,1042,9,7,ITC,ITC3,7,Liguria,Liguria,1550640,42274,2.73,0.07
2391,2021-06-05,LIG,8096,4116,3980,4944,3152,0,ITC,ITC3,7,Liguria,Liguria,1550640,50370,3.25,0.52
2392,2021-04-09,LIG,12456,5560,6896,10551,1765,140,ITC,ITC3,7,Liguria,Liguria,1550640,62826,4.05,0.8
2393,2021-03-31,LIG,11926,5276,6650,9048,2770,108,ITC,ITC3,7,Liguria,Liguria,1550640,74752,4.82,0.77
2394,2021-03-26,LIG,9336,4028,5308,6068,3156,112,ITC,ITC3,7,Liguria,Liguria,1550640,84088,5.42,0.6
2395,2021-07-04,LIG,4850,2579,2271,3842,993,15,ITC,ITC3,7,Liguria,Liguria,1550640,88938,5.74,0.31
2396,2021-01-02,LIG,691,245,446,691,0,0,ITC,ITC3,7,Liguria,Liguria,1550640,89629,5.78,0.04
2397,2021-06-15,LIG,17404,8461,8943,9326,8064,14,ITC,ITC3,7,Liguria,Liguria,1550640,107033,6.9,1.12
2398,2021-01-28,LIG,2848,972,1876,39,2809,0,ITC,ITC3,7,Liguria,Liguria,1550640,109881,7.09,0.18
2399,2021-01-21,LIG,1106,385,721,674,431,1,ITC,ITC3,7,Liguria,Liguria,1550640,110987,7.16,0.07
2400,2021-04-26,LIG,10559,4982,5577,7819,2636,104,ITC,ITC3,7,Liguria,Liguria,1550640,121546,7.84,0.68
2401,2021-01-16,LIG,1278,557,721,1273,0,5,ITC,ITC3,7,Liguria,Liguria,1550640,122824,7.92,0.08
2402,2021-02-02,LIG,2671,1005,1666,127,2542,2,ITC,ITC3,7,Liguria,Liguria,1550640,125495,8.09,0.17
2403,2021-04-28,LIG,14446,6520,7926,6344,7986,116,ITC,ITC3,7,Liguria,Liguria,1550640,139941,9.02,0.93
2404,2021-02-04,LIG,2818,987,1831,179,2639,0,ITC,ITC3,7,Liguria,Liguria,1550640,142759,9.21,0.18
2405,2021-05-15,LIG,7307,3264,4043,4275,2954,78,ITC,ITC3,7,Liguria,Liguria,1550640,150066,9.68,0.47
2406,2021-02-21,LIG,869,491,378,857,4,8,ITC,ITC3,7,Liguria,Liguria,1550640,150935,9.73,0.06
2407,2021-03-14,LIG,1659,752,907,1033,604,22,ITC,ITC3,7,Liguria,Liguria,1550640,152594,9.84,0.11
2408,2021-06-22,LIG,15793,7456,8337,7652,8117,24,ITC,ITC3,7,Liguria,Liguria,1550640,168387,10.86,1.02
2409,2021-07-06,LIG,12270,6039,6231,5681,6554,35,ITC,ITC3,7,Liguria,Liguria,1550640,180657,11.65,0.79
2410,2021-05-10,LIG,12648,5642,7006,6210,6374,64,ITC,ITC3,7,Liguria,Liguria,1550640,193305,12.47,0.82
2411,2021-05-03,LIG,13283,5926,7357,6334,6815,134,ITC,ITC3,7,Liguria,Liguria,1550640,206588,13.32,0.86
2412,2021-03-21,LIG,550,220,330,69,481,0,ITC,ITC3,7,Liguria,Liguria,1550640,207138,13.36,0.04
2413,2021-01-23,LIG,809,295,514,153,656,0,ITC,ITC3,7,Liguria,Liguria,1550640,207947,13.41,0.05
2414,2021-02-11,LIG,1988,771,1217,1094,885,9,ITC,ITC3,7,Liguria,Liguria,1550640,209935,13.54,0.13
2415,2021-05-22,LIG,6649,3220,3429,4870,1684,95,ITC,ITC3,7,Liguria,Liguria,1550640,216584,13.97,0.43
2416,2021-06-10,LIG,18746,9676,9070,13119,5623,4,ITC,ITC3,7,Liguria,Liguria,1550640,235330,15.18,1.21
2417,2021-03-19,LIG,5296,2234,3062,2095,3146,55,ITC,ITC3,7,Liguria,Liguria,1550640,240626,15.52,0.34
2418,2021-03-02,LIG,4074,1689,2385,3753,310,11,ITC,ITC3,7,Liguria,Liguria,1550640,244700,15.78,0.26
2419,2021-07-11,LIG,2139,1189,950,1234,896,9,ITC,ITC3,7,Liguria,Liguria,1550640,246839,15.92,0.14
2420,2021-06-24,LIG,11100,5422,5678,6259,4829,12,ITC,ITC3,7,Liguria,Liguria,1550640,257939,16.63,0.72
2421,2021-04-02,LIG,11789,5219,6570,9207,2487,95,ITC,ITC3,7,Liguria,Liguria,1550640,269728,17.39,0.76
2422,2021-04-23,LIG,14675,6638,8037,8426,6120,129,ITC,ITC3,7,Liguria,Liguria,1550640,284403,18.34,0.95
2423,2021-03-11,LIG,6399,3089,3310,4331,2011,57,ITC,ITC3,7,Liguria,Liguria,1550640,290802,18.75,0.41
2424,2021-01-13,LIG,2758,1014,1744,2757,0,1,ITC,ITC3,7,Liguria,Liguria,1550640,293560,18.93,0.18
2425,2020-12-28,LIG,80,30,50,80,0,0,ITC,ITC3,7,Liguria,Liguria,1550640,293640,18.94,0.01
2426,2021-06-03,LIG,15523,7693,7830,9149,6366,8,ITC,ITC3,7,Liguria,Liguria,1550640,309163,19.94,1.0
2427,2021-04-07,LIG,13679,6108,7571,11301,2288,90,ITC,ITC3,7,Liguria,Liguria,1550640,322842,20.82,0.88
2428,2021-02-23,LIG,3806,1559,2247,3657,109,40,ITC,ITC3,7,Liguria,Liguria,1550640,326648,21.07,0.25
2429,2021-06-14,LIG,15108,7290,7818,8258,6848,2,ITC,ITC3,7,Liguria,Liguria,1550640,341756,22.04,0.97
2430,2021-02-25,LIG,3457,1349,2108,3307,130,20,ITC,ITC3,7,Liguria,Liguria,1550640,345213,22.26,0.22
2431,2021-01-09,LIG,1335,481,854,1334,0,1,ITC,ITC3,7,Liguria,Liguria,1550640,346548,22.35,0.09
2432,2021-04-19,LIG,12836,5619,7217,8915,3831,90,ITC,ITC3,7,Liguria,Liguria,1550640,359384,23.18,0.83
2433,2021-07-13,LIG,13052,6417,6635,3498,9534,20,ITC,ITC3,7,Liguria,Liguria,1550640,372436,24.02,0.84
2434,2021-03-07,LIG,1915,1138,777,1590,301,24,ITC,ITC3,7,Liguria,Liguria,1550640,374351,24.14,0.12
2435,2021-06-17,LIG,16645,7908,8737,9109,7519,17,ITC,ITC3,7,Liguria,Liguria,1550640,390996,25.22,1.07
2436,2021-01-14,LIG,2982,1055,1927,2980,0,2,ITC,ITC3,7,Liguria,Liguria,1550640,393978,25.41,0.19
2437,2021-03-12,LIG,6216,2873,3343,3688,2471,57,ITC,ITC3,7,Liguria,Liguria,1550640,400194,25.81,0.4
2438,2021-07-01,LIG,13505,6509,6996,7346,6126,33,ITC,ITC3,7,Liguria,Liguria,1550640,413699,26.68,0.87
2439,2021-04-21,LIG,14271,6446,7825,8845,5329,97,ITC,ITC3,7,Liguria,Liguria,1550640,427970,27.6,0.92
2440,2021-05-08,LIG,7528,3334,4194,2270,5214,44,ITC,ITC3,7,Liguria,Liguria,1550640,435498,28.09,0.49
2441,2021-01-25,LIG,2727,889,1838,477,2249,1,ITC,ITC3,7,Liguria,Liguria,1550640,438225,28.26,0.18
2442,2021-05-05,LIG,13715,6138,7577,5194,8418,103,ITC,ITC3,7,Liguria,Liguria,1550640,451940,29.15,0.88
2443,2021-06-29,LIG,15160,7220,7940,8697,6431,32,ITC,ITC3,7,Liguria,Liguria,1550640,467100,30.12,0.98
2444,2021-05-17,LIG,12026,5520,6506,8654,3322,50,ITC,ITC3,7,Liguria,Liguria,1550640,479126,30.9,0.78
2445,2021-01-30,LIG,1661,567,1094,23,1637,1,ITC,ITC3,7,Liguria,Liguria,1550640,480787,31.01,0.11
2446,2021-03-28,LIG,1141,511,630,378,751,12,ITC,ITC3,7,Liguria,Liguria,1550640,481928,31.08,0.07
2447,2020-12-30,LIG,12,5,7,12,0,0,ITC,ITC3,7,Liguria,Liguria,1550640,481940,31.08,0.0
2448,2021-07-03,LIG,8798,4356,4442,5476,3310,12,ITC,ITC3,7,Liguria,Liguria,1550640,490738,31.65,0.57
2449,2021-04-11,LIG,4247,1929,2318,3943,249,55,ITC,ITC3,7,Liguria,Liguria,1550640,494985,31.92,0.27
2450,2021-01-04,LIG,2616,855,1761,2615,0,1,ITC,ITC3,7,Liguria,Liguria,1550640,497601,32.09,0.17
2451,2021-06-21,LIG,14820,7032,7788,8570,6235,15,ITC,ITC3,7,Liguria,Liguria,1550640,512421,33.05,0.96
2452,2021-04-16,LIG,12001,5293,6708,10008,1829,164,ITC,ITC3,7,Liguria,Liguria,1550640,524422,33.82,0.77
2453,2021-01-06,LIG,1664,618,1046,1661,0,3,ITC,ITC3,7,Liguria,Liguria,1550640,526086,33.93,0.11
2454,2021-03-04,LIG,4738,2118,2620,3834,847,57,ITC,ITC3,7,Liguria,Liguria,1550640,530824,34.23,0.31
2455,2021-06-12,LIG,10230,4974,5256,7478,2752,0,ITC,ITC3,7,Liguria,Liguria,1550640,541054,34.89,0.66
2456,2021-04-30,LIG,14420,6440,7980,5733,8568,119,ITC,ITC3,7,Liguria,Liguria,1550640,555474,35.82,0.93
2457,2021-06-02,LIG,8529,4341,4188,5361,3168,0,ITC,ITC3,7,Liguria,Liguria,1550640,564003,36.37,0.55
2458,2021-06-19,LIG,7409,3775,3634,5727,1666,16,ITC,ITC3,7,Liguria,Liguria,1550640,571412,36.85,0.48
2459,2021-02-18,LIG,2769,1126,1643,2423,335,11,ITC,ITC3,7,Liguria,Liguria,1550640,574181,37.03,0.18
2460,2021-05-14,LIG,13106,5838,7268,8594,4327,185,ITC,ITC3,7,Liguria,Liguria,1550640,587287,37.87,0.85
2461,2021-05-31,LIG,14644,7330,7314,9045,5514,85,ITC,ITC3,7,Liguria,Liguria,1550640,601931,38.82,0.94
2462,2021-03-16,LIG,6083,2731,3352,2309,3733,41,ITC,ITC3,7,Liguria,Liguria,1550640,608014,39.21,0.39
2463,2021-05-24,LIG,11829,5565,6264,9232,2495,102,ITC,ITC3,7,Liguria,Liguria,1550640,619843,39.97,0.76
2464,2021-05-07,LIG,13593,6040,7553,5733,7792,68,ITC,ITC3,7,Liguria,Liguria,1550640,633436,40.85,0.88
2465,2021-02-13,LIG,1080,508,572,797,280,3,ITC,ITC3,7,Liguria,Liguria,1550640,634516,40.92,0.07
2466,2021-06-07,LIG,15685,7654,8031,8666,7012,7,ITC,ITC3,7,Liguria,Liguria,1550640,650201,41.93,1.01
2467,2021-06-26,LIG,7152,3321,3831,4494,2648,10,ITC,ITC3,7,Liguria,Liguria,1550640,657353,42.39,0.46
2468,2021-05-19,LIG,13571,5962,7609,10306,3120,145,ITC,ITC3,7,Liguria,Liguria,1550640,670924,43.27,0.88
2469,2021-03-23,LIG,9273,4221,5052,5981,3209,83,ITC,ITC3,7,Liguria,Liguria,1550640,680197,43.87,0.6
2470,2021-07-15,LIG,14572,7366,7206,5216,9304,52,ITC,ITC3,7,Liguria,Liguria,1550640,694769,44.81,0.94
2471,2021-02-01,LIG,2559,923,1636,90,2469,0,ITC,ITC3,7,Liguria,Liguria,1550640,697328,44.97,0.17
2472,2021-07-08,LIG,13579,6687,6892,6185,7357,37,ITC,ITC3,7,Liguria,Liguria,1550640,710907,45.85,0.88
2473,2021-05-12,LIG,12037,5453,6584,6577,5348,112,ITC,ITC3,7,Liguria,Liguria,1550640,722944,46.62,0.78
2474,2021-05-26,LIG,16666,8416,8250,12138,4373,155,ITC,ITC3,7,Liguria,Liguria,1550640,739610,47.7,1.07
2475,2021-03-30,LIG,12214,5428,6786,8738,3388,88,ITC,ITC3,7,Liguria,Liguria,1550640,751824,48.48,0.79
2476,2021-01-18,LIG,2143,747,1396,1984,157,2,ITC,ITC3,7,Liguria,Liguria,1550640,753967,48.62,0.14
2477,2021-03-09,LIG,5932,2754,3178,4440,1431,61,ITC,ITC3,7,Liguria,Liguria,1550640,759899,49.01,0.38
2478,2021-02-20,LIG,1335,637,698,1330,1,4,ITC,ITC3,7,Liguria,Liguria,1550640,761234,49.09,0.09
2479,2021-05-16,LIG,3705,1862,1843,2118,1560,27,ITC,ITC3,7,Liguria,Liguria,1550640,764939,49.33,0.24
2480,2021-02-22,LIG,3343,1476,1867,3191,142,10,ITC,ITC3,7,Liguria,Liguria,1550640,768282,49.55,0.22
2481,2021-06-16,LIG,15985,7690,8295,8979,6996,10,ITC,ITC3,7,Liguria,Liguria,1550640,784267,50.58,1.03
2482,2021-03-08,LIG,5624,2459,3165,3894,1689,41,ITC,ITC3,7,Liguria,Liguria,1550640,789891,50.94,0.36
2483,2021-03-25,LIG,9769,4232,5537,6229,3392,148,ITC,ITC3,7,Liguria,Liguria,1550640,799660,51.57,0.63
2484,2021-01-01,LIG,144,55,89,144,0,0,ITC,ITC3,7,Liguria,Liguria,1550640,799804,51.58,0.01
2485,2021-03-27,LIG,3932,1549,2383,2485,1395,52,ITC,ITC3,7,Liguria,Liguria,1550640,803736,51.83,0.25
2486,2021-07-05,LIG,11856,5752,6104,5340,6480,36,ITC,ITC3,7,Liguria,Liguria,1550640,815592,52.6,0.76
2487,2021-04-13,LIG,13080,5868,7212,10943,2025,112,ITC,ITC3,7,Liguria,Liguria,1550640,828672,53.44,0.84
2488,2021-05-13,LIG,13297,6081,7216,8882,4247,168,ITC,ITC3,7,Liguria,Liguria,1550640,841969,54.3,0.86
2489,2021-02-19,LIG,3219,1306,1913,2988,176,55,ITC,ITC3,7,Liguria,Liguria,1550640,845188,54.51,0.21
2490,2021-05-30,LIG,3302,1613,1689,1348,1941,13,ITC,ITC3,7,Liguria,Liguria,1550640,848490,54.72,0.21
2491,2021-06-28,LIG,11595,5605,5990,7255,4300,40,ITC,ITC3,7,Liguria,Liguria,1550640,860085,55.47,0.75
2492,2021-03-20,LIG,2316,995,1321,1124,1174,18,ITC,ITC3,7,Liguria,Liguria,1550640,862401,55.62,0.15
2493,2021-06-30,LIG,15051,7180,7871,8219,6789,43,ITC,ITC3,7,Liguria,Liguria,1550640,877452,56.59,0.97
2494,2021-01-15,LIG,2257,755,1502,2252,0,5,ITC,ITC3,7,Liguria,Liguria,1550640,879709,56.73,0.15
2495,2021-04-25,LIG,1935,920,1015,1506,415,14,ITC,ITC3,7,Liguria,Liguria,1550640,881644,56.86,0.12
2496,2021-03-13,LIG,3849,1637,2212,2949,855,45,ITC,ITC3,7,Liguria,Liguria,1550640,885493,57.11,0.25
2497,2021-06-23,LIG,14281,6830,7451,9077,5185,19,ITC,ITC3,7,Liguria,Liguria,1550640,899774,58.03,0.92
2498,2021-02-14,LIG,233,122,111,233,0,0,ITC,ITC3,7,Liguria,Liguria,1550640,900007,58.04,0.02
2499,2021-05-25,LIG,14121,6867,7254,10814,3179,128,ITC,ITC3,7,Liguria,Liguria,1550640,914128,58.95,0.91
2500,2021-07-10,LIG,6863,3465,3398,2751,4104,8,ITC,ITC3,7,Liguria,Liguria,1550640,920991,59.39,0.44
2501,2021-04-04,LIG,756,366,390,499,249,8,ITC,ITC3,7,Liguria,Liguria,1550640,921747,59.44,0.05
2502,2021-04-18,LIG,2613,1164,1449,2074,468,71,ITC,ITC3,7,Liguria,Liguria,1550640,924360,59.61,0.17
2503,2021-01-08,LIG,2930,999,1931,2928,0,2,ITC,ITC3,7,Liguria,Liguria,1550640,927290,59.8,0.19
2504,2021-01-27,LIG,1744,603,1141,140,1603,1,ITC,ITC3,7,Liguria,Liguria,1550640,929034,59.91,0.11
2505,2021-05-21,LIG,12843,5954,6889,9573,3126,144,ITC,ITC3,7,Liguria,Liguria,1550640,941877,60.74,0.83
2506,2021-02-27,LIG,1888,921,967,1750,129,9,ITC,ITC3,7,Liguria,Liguria,1550640,943765,60.86,0.12
2507,2021-01-11,LIG,2654,991,1663,2653,0,1,ITC,ITC3,7,Liguria,Liguria,1550640,946419,61.03,0.17
2508,2021-07-12,LIG,13372,6419,6953,4163,9180,29,ITC,ITC3,7,Liguria,Liguria,1550640,959791,61.9,0.86
2509,2021-01-10,LIG,648,262,386,644,0,4,ITC,ITC3,7,Liguria,Liguria,1550640,960439,61.94,0.04
2510,2021-04-20,LIG,14240,6520,7720,9733,4352,155,ITC,ITC3,7,Liguria,Liguria,1550640,974679,62.86,0.92
2511,2021-05-23,LIG,2305,1119,1186,1169,1123,13,ITC,ITC3,7,Liguria,Liguria,1550640,976984,63.01,0.15
2512,2021-03-01,LIG,3539,1447,2092,3383,136,20,ITC,ITC3,7,Liguria,Liguria,1550640,980523,63.23,0.23
2513,2021-06-09,LIG,19043,9557,9486,12482,6557,4,ITC,ITC3,7,Liguria,Liguria,1550640,999566,64.46,1.23
2514,2021-04-03,LIG,5407,2499,2908,4428,943,36,ITC,ITC3,7,Liguria,Liguria,1550640,1004973,64.81,0.35
2515,2021-03-06,LIG,3304,1842,1462,2550,705,49,ITC,ITC3,7,Liguria,Liguria,1550640,1008277,65.02,0.21
2516,2021-01-22,LIG,1819,604,1215,1330,486,3,ITC,ITC3,7,Liguria,Liguria,1550640,1010096,65.14,0.12
2517,2021-05-02,LIG,3978,1836,2142,505,3467,6,ITC,ITC3,7,Liguria,Liguria,1550640,1014074,65.4,0.26
2518,2021-05-04,LIG,13650,6088,7562,5335,8229,86,ITC,ITC3,7,Liguria,Liguria,1550640,1027724,66.28,0.88
2519,2021-05-09,LIG,2824,1244,1580,1086,1709,29,ITC,ITC3,7,Liguria,Liguria,1550640,1030548,66.46,0.18
2520,2021-03-22,LIG,7747,3469,4278,4736,2938,73,ITC,ITC3,7,Liguria,Liguria,1550640,1038295,66.96,0.5
2521,2021-02-07,LIG,407,153,254,2,405,0,ITC,ITC3,7,Liguria,Liguria,1550640,1038702,66.99,0.03
2522,2021-05-18,LIG,13466,6120,7346,10036,3293,137,ITC,ITC3,7,Liguria,Liguria,1550640,1052168,67.85,0.87
2523,2021-05-20,LIG,12875,5976,6899,8722,4026,127,ITC,ITC3,7,Liguria,Liguria,1550640,1065043,68.68,0.83
2524,2021-04-06,LIG,13248,5902,7346,10882,2260,106,ITC,ITC3,7,Liguria,Liguria,1550640,1078291,69.54,0.85
2525,2021-02-08,LIG,1979,742,1237,306,1673,0,ITC,ITC3,7,Liguria,Liguria,1550640,1080270,69.67,0.13
2526,2020-12-27,LIG,135,56,79,134,0,1,ITC,ITC3,7,Liguria,Liguria,1550640,1080405,69.67,0.01
2527,2021-02-15,LIG,2262,839,1423,1855,397,10,ITC,ITC3,7,Liguria,Liguria,1550640,1082667,69.82,0.15
2528,2021-01-03,LIG,734,230,504,732,0,2,ITC,ITC3,7,Liguria,Liguria,1550640,1083401,69.87,0.05
2529,2021-06-01,LIG,16162,8117,8045,10793,5365,4,ITC,ITC3,7,Liguria,Liguria,1550640,1099563,70.91,1.04
2530,2021-06-18,LIG,15387,7490,7897,8179,7190,18,ITC,ITC3,7,Liguria,Liguria,1550640,1114950,71.9,0.99
2531,2021-03-10,LIG,5901,2862,3039,3929,1907,65,ITC,ITC3,7,Liguria,Liguria,1550640,1120851,72.28,0.38
2532,2021-01-29,LIG,3082,1064,2018,67,3015,0,ITC,ITC3,7,Liguria,Liguria,1550640,1123933,72.48,0.2
2533,2021-01-20,LIG,1555,556,999,1542,12,1,ITC,ITC3,7,Liguria,Liguria,1550640,1125488,72.58,0.1
2534,2021-07-09,LIG,12779,6304,6475,4225,8535,19,ITC,ITC3,7,Liguria,Liguria,1550640,1138267,73.41,0.82
2535,2021-04-05,LIG,3978,1753,2225,2303,1649,26,ITC,ITC3,7,Liguria,Liguria,1550640,1142245,73.66,0.26
2536,2021-07-16,LIG,3870,1936,1934,1063,2785,22,ITC,ITC3,7,Liguria,Liguria,1550640,1146115,73.91,0.25
2537,2021-02-10,LIG,2316,837,1479,1015,1297,4,ITC,ITC3,7,Liguria,Liguria,1550640,1148431,74.06,0.15
2538,2021-03-18,LIG,4986,2124,2862,1972,2979,35,ITC,ITC3,7,Liguria,Liguria,1550640,1153417,74.38,0.32
2539,2021-04-01,LIG,12427,5511,6916,9568,2770,89,ITC,ITC3,7,Liguria,Liguria,1550640,1165844,75.18,0.8
2540,2021-04-27,LIG,14779,6681,8098,7109,7587,83,ITC,ITC3,7,Liguria,Liguria,1550640,1180623,76.14,0.95
2541,2021-02-03,LIG,2316,791,1525,54,2262,0,ITC,ITC3,7,Liguria,Liguria,1550640,1182939,76.29,0.15
2542,2021-04-29,LIG,15582,6979,8603,6587,8843,152,ITC,ITC3,7,Liguria,Liguria,1550640,1198521,77.29,1.0
2543,2021-04-12,LIG,12389,5476,6913,10276,2019,94,ITC,ITC3,7,Liguria,Liguria,1550640,1210910,78.09,0.8
2544,2021-01-19,LIG,1374,439,935,1280,90,4,ITC,ITC3,7,Liguria,Liguria,1550640,1212284,78.18,0.09
2545,2021-01-07,LIG,3226,1095,2131,3223,0,3,ITC,ITC3,7,Liguria,Liguria,1550640,1215510,78.39,0.21
2546,2021-06-13,LIG,5616,2695,2921,5162,454,0,ITC,ITC3,7,Liguria,Liguria,1550640,1221126,78.75,0.36
2547,2021-04-17,LIG,7386,3219,4167,6564,751,71,ITC,ITC3,7,Liguria,Liguria,1550640,1228512,79.23,0.48
2548,2021-05-01,LIG,7143,3257,3886,1303,5801,39,ITC,ITC3,7,Liguria,Liguria,1550640,1235655,79.69,0.46
2549,2021-03-05,LIG,4869,2150,2719,3674,1132,63,ITC,ITC3,7,Liguria,Liguria,1550640,1240524,80.0,0.31
2550,2021-06-06,LIG,3809,2031,1778,2947,862,0,ITC,ITC3,7,Liguria,Liguria,1550640,1244333,80.25,0.25
2551,2021-04-24,LIG,8218,3795,4423,4959,3152,107,ITC,ITC3,7,Liguria,Liguria,1550640,1252551,80.78,0.53
2552,2021-01-24,LIG,756,237,519,113,643,0,ITC,ITC3,7,Liguria,Liguria,1550640,1253307,80.83,0.05
2553,2021-06-27,LIG,1944,892,1052,691,1243,10,ITC,ITC3,7,Liguria,Liguria,1550640,1255251,80.95,0.13
2554,2021-02-12,LIG,1937,691,1246,895,1040,2,ITC,ITC3,7,Liguria,Liguria,1550640,1257188,81.08,0.12
2555,2021-02-05,LIG,2682,987,1695,303,2377,2,ITC,ITC3,7,Liguria,Liguria,1550640,1259870,81.25,0.17
2556,2021-03-24,LIG,9181,4034,5147,5809,3287,85,ITC,ITC3,7,Liguria,Liguria,1550640,1269051,81.84,0.59
2557,2021-07-02,LIG,12928,6349,6579,6433,6464,31,ITC,ITC3,7,Liguria,Liguria,1550640,1281979,82.67,0.83
2558,2020-12-31,LIG,990,353,637,990,0,0,ITC,ITC3,7,Liguria,Liguria,1550640,1282969,82.74,0.06
2559,2021-04-10,LIG,7888,3561,4327,6890,914,84,ITC,ITC3,7,Liguria,Liguria,1550640,1290857,83.25,0.51
2560,2021-01-17,LIG,866,301,565,865,0,1,ITC,ITC3,7,Liguria,Liguria,1550640,1291723,83.3,0.06
2561,2021-05-11,LIG,13916,6389,7527,7180,6617,119,ITC,ITC3,7,Liguria,Liguria,1550640,1305639,84.2,0.9
2562,2021-03-29,LIG,10581,4620,5961,7344,3132,105,ITC,ITC3,7,Liguria,Liguria,1550640,1316220,84.88,0.68
2563,2021-01-31,LIG,624,270,354,9,615,0,ITC,ITC3,7,Liguria,Liguria,1550640,1316844,84.92,0.04
2564,2021-07-07,LIG,11719,5625,6094,4956,6745,18,ITC,ITC3,7,Liguria,Liguria,1550640,1328563,85.68,0.76
2565,2021-02-26,LIG,3766,1524,2242,3412,329,25,ITC,ITC3,7,Liguria,Liguria,1550640,1332329,85.92,0.24
2566,2021-06-20,LIG,1333,658,675,1051,275,7,ITC,ITC3,7,Liguria,Liguria,1550640,1333662,86.01,0.09
2567,2021-03-15,LIG,7245,3096,4149,4490,2706,49,ITC,ITC3,7,Liguria,Liguria,1550640,1340907,86.47,0.47
2568,2021-06-08,LIG,18085,9020,9065,11449,6629,7,ITC,ITC3,7,Liguria,Liguria,1550640,1358992,87.64,1.17
2569,2021-03-17,LIG,5552,2368,3184,2451,3079,22,ITC,ITC3,7,Liguria,Liguria,1550640,1364544,88.0,0.36
2570,2021-06-25,LIG,13770,6591,7179,6880,6876,14,ITC,ITC3,7,Liguria,Liguria,1550640,1378314,88.89,0.89
2571,2021-07-14,LIG,11410,5625,5785,3428,7957,25,ITC,ITC3,7,Liguria,Liguria,1550640,1389724,89.62,0.74
2572,2021-05-06,LIG,14521,6442,8079,6040,8325,156,ITC,ITC3,7,Liguria,Liguria,1550640,1404245,90.56,0.94
2573,2021-01-26,LIG,2488,807,1681,16,2472,0,ITC,ITC3,7,Liguria,Liguria,1550640,1406733,90.72,0.16
2574,2021-02-06,LIG,1892,768,1124,145,1747,0,ITC,ITC3,7,Liguria,Liguria,1550640,1408625,90.84,0.12
2575,2021-06-11,LIG,17815,9073,8742,11747,6066,2,ITC,ITC3,7,Liguria,Liguria,1550640,1426440,91.99,1.15
2576,2021-04-15,LIG,11843,5237,6606,9887,1851,105,ITC,ITC3,7,Liguria,Liguria,1550640,1438283,92.75,0.76
2577,2021-04-08,LIG,13787,6179,7608,11589,2045,153,ITC,ITC3,7,Liguria,Liguria,1550640,1452070,93.64,0.89
2578,2021-06-04,LIG,14738,7235,7503,9245,5487,6,ITC,ITC3,7,Liguria,Liguria,1550640,1466808,94.59,0.95
2579,2021-02-17,LIG,2690,1182,1508,2252,426,12,ITC,ITC3,7,Liguria,Liguria,1550640,1469498,94.77,0.17
2580,2021-05-28,LIG,16279,8128,8151,11597,4538,144,ITC,ITC3,7,Liguria,Liguria,1550640,1485777,95.82,1.05
2581,2021-01-05,LIG,2879,896,1983,2879,0,0,ITC,ITC3,7,Liguria,Liguria,1550640,1488656,96.0,0.19
2582,2021-03-03,LIG,4581,1847,2734,3444,1027,110,ITC,ITC3,7,Liguria,Liguria,1550640,1493237,96.3,0.3
2583,2021-02-24,LIG,3764,1560,2204,3448,258,58,ITC,ITC3,7,Liguria,Liguria,1550640,1497001,96.54,0.24
2584,2020-12-29,LIG,125,33,92,125,0,0,ITC,ITC3,7,Liguria,Liguria,1550640,1497126,96.55,0.01
2585,2021-01-12,LIG,2469,887,1582,2468,0,1,ITC,ITC3,7,Liguria,Liguria,1550640,1499595,96.71,0.16
2586,2021-04-22,LIG,13858,6210,7648,8641,5079,138,ITC,ITC3,7,Liguria,Liguria,1550640,1513453,97.6,0.89
2587,2021-02-25,VEN,7898,3339,4559,7156,605,137,ITH,ITH3,5,Veneto,Veneto,4905854,7898,0.16,0.16
2588,2021-04-09,VEN,31192,13763,17429,21911,8341,940,ITH,ITH3,5,Veneto,Veneto,4905854,39090,0.8,0.64
2589,2021-06-05,VEN,46810,24108,22702,37314,8048,1448,ITH,ITH3,5,Veneto,Veneto,4905854,85900,1.75,0.95
2590,2021-01-11,VEN,7241,2102,5139,7240,0,1,ITH,ITH3,5,Veneto,Veneto,4905854,93141,1.9,0.15
2591,2021-04-21,VEN,32343,13180,19163,15508,16059,776,ITH,ITH3,5,Veneto,Veneto,4905854,125484,2.56,0.66
2592,2021-05-22,VEN,34776,16677,18099,12701,21406,669,ITH,ITH3,5,Veneto,Veneto,4905854,160260,3.27,0.71
2593,2021-02-11,VEN,4012,1238,2774,3345,628,39,ITH,ITH3,5,Veneto,Veneto,4905854,164272,3.35,0.08
2594,2021-01-28,VEN,9212,2664,6548,170,9040,2,ITH,ITH3,5,Veneto,Veneto,4905854,173484,3.54,0.19
2595,2021-04-23,VEN,31257,13843,17414,21398,8707,1152,ITH,ITH3,5,Veneto,Veneto,4905854,204741,4.17,0.64
2596,2021-02-16,VEN,6644,2870,3774,6438,176,30,ITH,ITH3,5,Veneto,Veneto,4905854,211385,4.31,0.14
2597,2021-05-17,VEN,26496,12978,13518,15650,10017,829,ITH,ITH3,5,Veneto,Veneto,4905854,237881,4.85,0.54
2598,2021-02-06,VEN,4095,1354,2741,709,3386,0,ITH,ITH3,5,Veneto,Veneto,4905854,241976,4.93,0.08
2599,2021-02-23,VEN,7382,3253,4129,7028,270,84,ITH,ITH3,5,Veneto,Veneto,4905854,249358,5.08,0.15
2600,2021-04-28,VEN,32409,15177,17232,22199,9019,1191,ITH,ITH3,5,Veneto,Veneto,4905854,281767,5.74,0.66
2601,2021-01-23,VEN,4051,1246,2805,31,4020,0,ITH,ITH3,5,Veneto,Veneto,4905854,285818,5.83,0.08
2602,2021-06-29,VEN,45491,22692,22799,18993,25783,715,ITH,ITH3,5,Veneto,Veneto,4905854,331309,6.75,0.93
2603,2021-03-21,VEN,11981,4753,7228,8278,3463,240,ITH,ITH3,5,Veneto,Veneto,4905854,343290,7.0,0.24
2604,2021-01-16,VEN,4611,1542,3069,4611,0,0,ITH,ITH3,5,Veneto,Veneto,4905854,347901,7.09,0.09
2605,2021-03-14,VEN,15176,5942,9234,13845,894,437,ITH,ITH3,5,Veneto,Veneto,4905854,363077,7.4,0.31
2606,2021-06-17,VEN,51601,25862,25739,25400,24983,1218,ITH,ITH3,5,Veneto,Veneto,4905854,414678,8.45,1.05
2607,2021-03-09,VEN,16543,7446,9097,9824,6323,396,ITH,ITH3,5,Veneto,Veneto,4905854,431221,8.79,0.34
2608,2021-05-31,VEN,31613,16228,15385,20877,9914,822,ITH,ITH3,5,Veneto,Veneto,4905854,462834,9.43,0.64
2609,2021-03-26,VEN,29592,13148,16444,23275,5461,856,ITH,ITH3,5,Veneto,Veneto,4905854,492426,10.04,0.6
2610,2021-03-28,VEN,31300,13603,17697,26879,3612,809,ITH,ITH3,5,Veneto,Veneto,4905854,523726,10.68,0.64
2611,2021-06-19,VEN,49241,25057,24184,25597,22546,1098,ITH,ITH3,5,Veneto,Veneto,4905854,572967,11.68,1.0
2612,2021-07-06,VEN,36015,18562,17453,13144,22219,652,ITH,ITH3,5,Veneto,Veneto,4905854,608982,12.41,0.73
2613,2021-05-05,VEN,44367,21254,23113,36155,6568,1644,ITH,ITH3,5,Veneto,Veneto,4905854,653349,13.32,0.9
2614,2021-07-01,VEN,50679,25883,24796,20566,29081,1032,ITH,ITH3,5,Veneto,Veneto,4905854,704028,14.35,1.03
2615,2021-05-12,VEN,36887,17858,19029,30145,5122,1620,ITH,ITH3,5,Veneto,Veneto,4905854,740915,15.1,0.75
2616,2021-07-08,VEN,46479,24191,22288,4433,41743,303,ITH,ITH3,5,Veneto,Veneto,4905854,787394,16.05,0.95
2617,2021-07-13,VEN,43349,22499,20850,5365,37669,315,ITH,ITH3,5,Veneto,Veneto,4905854,830743,16.93,0.88
2618,2021-04-04,VEN,7779,3530,4249,6507,1148,124,ITH,ITH3,5,Veneto,Veneto,4905854,838522,17.09,0.16
2619,2021-05-24,VEN,33028,16407,16621,7627,24998,403,ITH,ITH3,5,Veneto,Veneto,4905854,871550,17.77,0.67
2620,2021-06-12,VEN,48581,24448,24133,36220,10777,1584,ITH,ITH3,5,Veneto,Veneto,4905854,920131,18.76,0.99
2621,2021-05-02,VEN,37235,17263,19972,25610,10328,1297,ITH,ITH3,5,Veneto,Veneto,4905854,957366,19.51,0.76
2622,2021-06-14,VEN,42586,21538,21048,26232,15303,1051,ITH,ITH3,5,Veneto,Veneto,4905854,999952,20.38,0.87
2623,2021-03-06,VEN,10667,4356,6311,7218,3262,187,ITH,ITH3,5,Veneto,Veneto,4905854,1010619,20.6,0.22
2624,2021-05-29,VEN,33007,16677,16330,24230,7661,1116,ITH,ITH3,5,Veneto,Veneto,4905854,1043626,21.27,0.67
2625,2021-02-18,VEN,5828,2455,3373,5725,64,39,ITH,ITH3,5,Veneto,Veneto,4905854,1049454,21.39,0.12
2626,2021-04-16,VEN,24447,10492,13955,11880,11885,682,ITH,ITH3,5,Veneto,Veneto,4905854,1073901,21.89,0.5
2627,2021-04-18,VEN,17514,7253,10261,9499,7565,450,ITH,ITH3,5,Veneto,Veneto,4905854,1091415,22.25,0.36
2628,2021-03-02,VEN,11491,4626,6865,7934,3310,247,ITH,ITH3,5,Veneto,Veneto,4905854,1102906,22.48,0.23
2629,2021-06-10,VEN,52263,26979,25284,41257,9303,1703,ITH,ITH3,5,Veneto,Veneto,4905854,1155169,23.55,1.07
2630,2021-04-02,VEN,24095,10621,13474,17127,6328,640,ITH,ITH3,5,Veneto,Veneto,4905854,1179264,24.04,0.49
2631,2021-06-09,VEN,42712,21913,20799,33739,7424,1549,ITH,ITH3,5,Veneto,Veneto,4905854,1221976,24.91,0.87
2632,2021-01-18,VEN,2762,776,1986,2558,199,5,ITH,ITH3,5,Veneto,Veneto,4905854,1224738,24.96,0.06
2633,2021-02-04,VEN,7387,2025,5362,550,6836,1,ITH,ITH3,5,Veneto,Veneto,4905854,1232125,25.12,0.15
2634,2021-04-30,VEN,50008,23484,26524,32940,15664,1404,ITH,ITH3,5,Veneto,Veneto,4905854,1282133,26.13,1.02
2635,2021-01-20,VEN,1038,368,670,386,652,0,ITH,ITH3,5,Veneto,Veneto,4905854,1283171,26.16,0.02
2636,2021-05-10,VEN,36500,17078,19422,25414,9849,1237,ITH,ITH3,5,Veneto,Veneto,4905854,1319671,26.9,0.74
2637,2021-01-30,VEN,8747,2672,6075,693,8054,0,ITH,ITH3,5,Veneto,Veneto,4905854,1328418,27.08,0.18
2638,2021-03-07,VEN,4493,1768,2725,3863,561,69,ITH,ITH3,5,Veneto,Veneto,4905854,1332911,27.17,0.09
2639,2021-05-03,VEN,40689,19799,20890,32778,6442,1469,ITH,ITH3,5,Veneto,Veneto,4905854,1373600,28.0,0.83
2640,2021-01-09,VEN,7928,2539,5389,7922,0,6,ITH,ITH3,5,Veneto,Veneto,4905854,1381528,28.16,0.16
2641,2021-03-18,VEN,12613,5139,7474,7033,5229,351,ITH,ITH3,5,Veneto,Veneto,4905854,1394141,28.42,0.26
2642,2021-06-26,VEN,48027,24493,23534,13553,33967,507,ITH,ITH3,5,Veneto,Veneto,4905854,1442168,29.4,0.98
2643,2021-06-24,VEN,56006,28361,27645,17535,37770,701,ITH,ITH3,5,Veneto,Veneto,4905854,1498174,30.54,1.14
2644,2021-03-16,VEN,12527,5353,7174,6640,5620,267,ITH,ITH3,5,Veneto,Veneto,4905854,1510701,30.79,0.26
2645,2021-03-23,VEN,22212,10240,11972,16865,4712,635,ITH,ITH3,5,Veneto,Veneto,4905854,1532913,31.25,0.45
2646,2021-05-19,VEN,33026,15122,17904,16174,15923,929,ITH,ITH3,5,Veneto,Veneto,4905854,1565939,31.92,0.67
2647,2021-04-14,VEN,15918,6901,9017,8749,6629,540,ITH,ITH3,5,Veneto,Veneto,4905854,1581857,32.24,0.32
2648,2021-01-04,VEN,6737,2035,4702,6735,0,2,ITH,ITH3,5,Veneto,Veneto,4905854,1588594,32.38,0.14
2649,2021-05-14,VEN,46744,22231,24513,24291,20879,1574,ITH,ITH3,5,Veneto,Veneto,4905854,1635338,33.33,0.95
2650,2021-02-20,VEN,6425,2015,4410,6274,71,80,ITH,ITH3,5,Veneto,Veneto,4905854,1641763,33.47,0.13
2651,2021-06-02,VEN,20303,10234,10069,15350,4340,613,ITH,ITH3,5,Veneto,Veneto,4905854,1662066,33.88,0.41
2652,2020-12-30,VEN,699,245,454,699,0,0,ITH,ITH3,5,Veneto,Veneto,4905854,1662765,33.89,0.01
2653,2021-06-07,VEN,44672,23303,21369,36184,7012,1476,ITH,ITH3,5,Veneto,Veneto,4905854,1707437,34.8,0.91
2654,2021-02-27,VEN,8990,2692,6298,7963,847,180,ITH,ITH3,5,Veneto,Veneto,4905854,1716427,34.99,0.18
2655,2021-03-04,VEN,12982,4885,8097,9120,3473,389,ITH,ITH3,5,Veneto,Veneto,4905854,1729409,35.25,0.26
2656,2021-01-08,VEN,9407,2835,6572,9393,0,14,ITH,ITH3,5,Veneto,Veneto,4905854,1738816,35.44,0.19
2657,2021-01-13,VEN,5985,1606,4379,5982,0,3,ITH,ITH3,5,Veneto,Veneto,4905854,1744801,35.57,0.12
2658,2021-04-25,VEN,18319,8151,10168,12878,4836,605,ITH,ITH3,5,Veneto,Veneto,4905854,1763120,35.94,0.37
2659,2021-06-21,VEN,44284,22164,22120,20404,22946,934,ITH,ITH3,5,Veneto,Veneto,4905854,1807404,36.84,0.9
2660,2021-01-06,VEN,8135,2387,5748,8132,0,3,ITH,ITH3,5,Veneto,Veneto,4905854,1815539,37.01,0.17
2661,2021-07-03,VEN,38668,20099,18569,11010,27076,582,ITH,ITH3,5,Veneto,Veneto,4905854,1854207,37.8,0.79
2662,2021-06-16,VEN,47677,23521,24156,25182,21360,1135,ITH,ITH3,5,Veneto,Veneto,4905854,1901884,38.77,0.97
2663,2021-01-01,VEN,1528,471,1057,1527,0,1,ITH,ITH3,5,Veneto,Veneto,4905854,1903412,38.8,0.03
2664,2021-03-25,VEN,25955,11057,14898,18964,6100,891,ITH,ITH3,5,Veneto,Veneto,4905854,1929367,39.33,0.53
2665,2021-04-11,VEN,21001,8870,12131,14221,6293,487,ITH,ITH3,5,Veneto,Veneto,4905854,1950368,39.76,0.43
2666,2021-04-13,VEN,14026,6323,7703,8049,5479,498,ITH,ITH3,5,Veneto,Veneto,4905854,1964394,40.04,0.29
2667,2021-05-07,VEN,48572,23277,25295,37549,8667,2356,ITH,ITH3,5,Veneto,Veneto,4905854,2012966,41.03,0.99
2668,2021-01-27,VEN,7141,2064,5077,240,6900,1,ITH,ITH3,5,Veneto,Veneto,4905854,2020107,41.18,0.15
2669,2021-02-13,VEN,3266,1473,1793,3230,20,16,ITH,ITH3,5,Veneto,Veneto,4905854,2023373,41.24,0.07
2670,2021-06-28,VEN,47564,24069,23495,18355,28484,725,ITH,ITH3,5,Veneto,Veneto,4905854,2070937,42.21,0.97
2671,2021-01-25,VEN,6469,2076,4393,159,6310,0,ITH,ITH3,5,Veneto,Veneto,4905854,2077406,42.35,0.13
2672,2021-07-15,VEN,50441,26397,24044,5765,44320,356,ITH,ITH3,5,Veneto,Veneto,4905854,2127847,43.37,1.03
2673,2021-04-20,VEN,22435,9498,12937,7867,14000,568,ITH,ITH3,5,Veneto,Veneto,4905854,2150282,43.83,0.46
2674,2021-05-09,VEN,35069,16136,18933,23766,10055,1248,ITH,ITH3,5,Veneto,Veneto,4905854,2185351,44.55,0.71
2675,2021-05-28,VEN,46726,22879,23847,23668,21861,1197,ITH,ITH3,5,Veneto,Veneto,4905854,2232077,45.5,0.95
2676,2021-07-10,VEN,43092,23177,19915,6284,36446,362,ITH,ITH3,5,Veneto,Veneto,4905854,2275169,46.38,0.88
2677,2021-05-21,VEN,44784,22025,22759,19914,23766,1104,ITH,ITH3,5,Veneto,Veneto,4905854,2319953,47.29,0.91
2678,2021-03-11,VEN,19829,8889,10940,13794,5571,464,ITH,ITH3,5,Veneto,Veneto,4905854,2339782,47.69,0.4
2679,2021-07-05,VEN,39069,20259,18810,14089,24166,814,ITH,ITH3,5,Veneto,Veneto,4905854,2378851,48.49,0.8
2680,2021-01-03,VEN,5157,1562,3595,5157,0,0,ITH,ITH3,5,Veneto,Veneto,4905854,2384008,48.6,0.11
2681,2021-03-08,VEN,13631,6271,7360,9300,4069,262,ITH,ITH3,5,Veneto,Veneto,4905854,2397639,48.87,0.28
2682,2021-04-27,VEN,28140,12759,15381,20055,6917,1168,ITH,ITH3,5,Veneto,Veneto,4905854,2425779,49.45,0.57
2683,2021-01-17,VEN,1933,781,1152,1584,349,0,ITH,ITH3,5,Veneto,Veneto,4905854,2427712,49.49,0.04
2684,2021-02-03,VEN,5947,1668,4279,477,5466,4,ITH,ITH3,5,Veneto,Veneto,4905854,2433659,49.61,0.12
2685,2021-04-29,VEN,50267,23381,26886,35357,13176,1734,ITH,ITH3,5,Veneto,Veneto,4905854,2483926,50.63,1.02
2686,2021-02-05,VEN,8378,2535,5843,1409,6960,9,ITH,ITH3,5,Veneto,Veneto,4905854,2492304,50.8,0.17
2687,2021-02-22,VEN,7014,3041,3973,6580,387,47,ITH,ITH3,5,Veneto,Veneto,4905854,2499318,50.95,0.14
2688,2021-05-16,VEN,28414,14008,14406,20305,7081,1028,ITH,ITH3,5,Veneto,Veneto,4905854,2527732,51.52,0.58
2689,2020-12-31,VEN,3219,1042,2177,3219,0,0,ITH,ITH3,5,Veneto,Veneto,4905854,2530951,51.59,0.07
2690,2021-07-04,VEN,33863,17571,16292,14969,18275,619,ITH,ITH3,5,Veneto,Veneto,4905854,2564814,52.28,0.69
2691,2021-04-12,VEN,14905,6336,8569,6391,8214,300,ITH,ITH3,5,Veneto,Veneto,4905854,2579719,52.58,0.3
2692,2021-01-02,VEN,5744,1767,3977,5743,0,1,ITH,ITH3,5,Veneto,Veneto,4905854,2585463,52.7,0.12
2693,2021-07-07,VEN,40696,21177,19519,15564,24326,806,ITH,ITH3,5,Veneto,Veneto,4905854,2626159,53.53,0.83
2694,2021-05-11,VEN,33164,16500,16664,27123,4721,1320,ITH,ITH3,5,Veneto,Veneto,4905854,2659323,54.21,0.68
2695,2021-01-22,VEN,1080,332,748,25,1055,0,ITH,ITH3,5,Veneto,Veneto,4905854,2660403,54.23,0.02
2696,2021-05-04,VEN,42974,20353,22621,33284,8032,1658,ITH,ITH3,5,Veneto,Veneto,4905854,2703377,55.11,0.88
2697,2021-01-24,VEN,4117,1219,2898,28,4089,0,ITH,ITH3,5,Veneto,Veneto,4905854,2707494,55.19,0.08
2698,2021-04-07,VEN,36011,16185,19826,27567,7337,1107,ITH,ITH3,5,Veneto,Veneto,4905854,2743505,55.92,0.73
2699,2021-07-16,VEN,16493,8856,7637,2166,14208,119,ITH,ITH3,5,Veneto,Veneto,4905854,2759998,56.26,0.34
2700,2021-01-31,VEN,4770,1564,3206,391,4379,0,ITH,ITH3,5,Veneto,Veneto,4905854,2764768,56.36,0.1
2701,2021-03-29,VEN,31453,13697,17756,26637,3822,994,ITH,ITH3,5,Veneto,Veneto,4905854,2796221,57.0,0.64
2702,2021-05-26,VEN,31100,15199,15901,13961,16463,676,ITH,ITH3,5,Veneto,Veneto,4905854,2827321,57.63,0.63
2703,2021-03-01,VEN,9394,3716,5678,7409,1822,163,ITH,ITH3,5,Veneto,Veneto,4905854,2836715,57.82,0.19
2704,2021-07-12,VEN,43163,22745,20418,3968,38866,329,ITH,ITH3,5,Veneto,Veneto,4905854,2879878,58.7,0.88
2705,2021-04-03,VEN,21961,9631,12330,13848,7709,404,ITH,ITH3,5,Veneto,Veneto,4905854,2901839,59.15,0.45
2706,2021-03-20,VEN,13022,5388,7634,10649,2082,291,ITH,ITH3,5,Veneto,Veneto,4905854,2914861,59.42,0.27
2707,2021-03-03,VEN,12098,4647,7451,8387,3500,211,ITH,ITH3,5,Veneto,Veneto,4905854,2926959,59.66,0.25
2708,2021-06-11,VEN,47278,24590,22688,34645,11173,1460,ITH,ITH3,5,Veneto,Veneto,4905854,2974237,60.63,0.96
2709,2021-06-25,VEN,51610,26119,25491,14990,35967,653,ITH,ITH3,5,Veneto,Veneto,4905854,3025847,61.68,1.05
2710,2021-07-14,VEN,42852,22035,20817,5213,37250,389,ITH,ITH3,5,Veneto,Veneto,4905854,3068699,62.55,0.87
2711,2021-04-22,VEN,32025,13928,18097,15456,15749,820,ITH,ITH3,5,Veneto,Veneto,4905854,3100724,63.2,0.65
2712,2021-06-23,VEN,49109,24332,24777,14531,33747,831,ITH,ITH3,5,Veneto,Veneto,4905854,3149833,64.21,1.0
2713,2021-03-15,VEN,16668,7328,9340,10958,5208,502,ITH,ITH3,5,Veneto,Veneto,4905854,3166501,64.55,0.34
2714,2021-05-13,VEN,44262,21844,22418,32547,9885,1830,ITH,ITH3,5,Veneto,Veneto,4905854,3210763,65.45,0.9
2715,2021-02-02,VEN,6512,1881,4631,396,6116,0,ITH,ITH3,5,Veneto,Veneto,4905854,3217275,65.58,0.13
2716,2021-07-09,VEN,44915,23705,21210,4047,40587,281,ITH,ITH3,5,Veneto,Veneto,4905854,3262190,66.5,0.92
2717,2021-03-31,VEN,38843,16403,22440,30307,7500,1036,ITH,ITH3,5,Veneto,Veneto,4905854,3301033,67.29,0.79
2718,2021-07-11,VEN,34220,17916,16304,3689,30273,258,ITH,ITH3,5,Veneto,Veneto,4905854,3335253,67.99,0.7
2719,2021-02-17,VEN,6022,2772,3250,5900,94,28,ITH,ITH3,5,Veneto,Veneto,4905854,3341275,68.11,0.12
2720,2021-04-01,VEN,25341,11163,14178,18158,6412,771,ITH,ITH3,5,Veneto,Veneto,4905854,3366616,68.62,0.52
2721,2021-04-15,VEN,20913,8636,12277,9344,10823,746,ITH,ITH3,5,Veneto,Veneto,4905854,3387529,69.05,0.43
2722,2021-01-05,VEN,7330,2183,5147,7328,0,2,ITH,ITH3,5,Veneto,Veneto,4905854,3394859,69.2,0.15
2723,2021-02-10,VEN,4753,1589,3164,3689,1055,9,ITH,ITH3,5,Veneto,Veneto,4905854,3399612,69.3,0.1
2724,2021-04-08,VEN,32366,14366,18000,23321,7875,1170,ITH,ITH3,5,Veneto,Veneto,4905854,3431978,69.96,0.66
2725,2021-06-04,VEN,49601,25820,23781,39803,8126,1672,ITH,ITH3,5,Veneto,Veneto,4905854,3481579,70.97,1.01
2726,2021-02-24,VEN,8616,3679,4937,7994,488,134,ITH,ITH3,5,Veneto,Veneto,4905854,3490195,71.14,0.18
2727,2021-01-19,VEN,1310,473,837,1159,150,1,ITH,ITH3,5,Veneto,Veneto,4905854,3491505,71.17,0.03
2728,2021-05-01,VEN,38857,18240,20617,28691,8938,1228,ITH,ITH3,5,Veneto,Veneto,4905854,3530362,71.96,0.79
2729,2021-05-18,VEN,26955,12527,14428,12627,13587,741,ITH,ITH3,5,Veneto,Veneto,4905854,3557317,72.51,0.55
2730,2021-06-30,VEN,45624,23011,22613,17762,27088,774,ITH,ITH3,5,Veneto,Veneto,4905854,3602941,73.44,0.93
2731,2021-03-22,VEN,18146,8178,9968,12583,5046,517,ITH,ITH3,5,Veneto,Veneto,4905854,3621087,73.81,0.37
2732,2021-03-13,VEN,17231,7304,9927,13729,3131,371,ITH,ITH3,5,Veneto,Veneto,4905854,3638318,74.16,0.35
2733,2021-01-15,VEN,5875,1820,4055,5869,0,6,ITH,ITH3,5,Veneto,Veneto,4905854,3644193,74.28,0.12
2734,2021-05-20,VEN,44777,21233,23544,19343,24330,1104,ITH,ITH3,5,Veneto,Veneto,4905854,3688970,75.2,0.91
2735,2021-02-09,VEN,5248,1891,3357,3432,1803,13,ITH,ITH3,5,Veneto,Veneto,4905854,3694218,75.3,0.11
2736,2021-05-27,VEN,46528,22865,23663,22325,23164,1039,ITH,ITH3,5,Veneto,Veneto,4905854,3740746,76.25,0.95
2737,2021-02-07,VEN,2316,863,1453,714,1601,1,ITH,ITH3,5,Veneto,Veneto,4905854,3743062,76.3,0.05
2738,2021-07-02,VEN,49398,25064,24334,16188,32405,805,ITH,ITH3,5,Veneto,Veneto,4905854,3792460,77.3,1.01
2739,2021-01-10,VEN,5034,1672,3362,5033,0,1,ITH,ITH3,5,Veneto,Veneto,4905854,3797494,77.41,0.1
2740,2021-05-23,VEN,34485,16465,18020,10616,23400,469,ITH,ITH3,5,Veneto,Veneto,4905854,3831979,78.11,0.7
2741,2021-02-12,VEN,4314,1447,2867,3671,572,71,ITH,ITH3,5,Veneto,Veneto,4905854,3836293,78.2,0.09
2742,2021-01-29,VEN,9023,2788,6235,366,8657,0,ITH,ITH3,5,Veneto,Veneto,4905854,3845316,78.38,0.18
2743,2021-06-18,VEN,53541,26726,26815,23917,28538,1086,ITH,ITH3,5,Veneto,Veneto,4905854,3898857,79.47,1.09
2744,2021-03-27,VEN,32071,14013,18058,25369,5798,904,ITH,ITH3,5,Veneto,Veneto,4905854,3930928,80.13,0.65
2745,2021-06-03,VEN,54443,27991,26452,40841,11963,1639,ITH,ITH3,5,Veneto,Veneto,4905854,3985371,81.24,1.11
2746,2021-06-22,VEN,43690,21605,22085,18434,24367,889,ITH,ITH3,5,Veneto,Veneto,4905854,4029061,82.13,0.89
2747,2021-04-26,VEN,20722,9456,11266,14902,5140,680,ITH,ITH3,5,Veneto,Veneto,4905854,4049783,82.55,0.42
2748,2021-06-08,VEN,43824,22659,21165,36179,6135,1510,ITH,ITH3,5,Veneto,Veneto,4905854,4093607,83.44,0.89
2749,2021-05-25,VEN,27786,13416,14370,11252,16035,499,ITH,ITH3,5,Veneto,Veneto,4905854,4121393,84.01,0.57
2750,2021-02-14,VEN,126,56,70,113,13,0,ITH,ITH3,5,Veneto,Veneto,4905854,4121519,84.01,0.0
2751,2021-02-28,VEN,4136,1389,2747,3225,837,74,ITH,ITH3,5,Veneto,Veneto,4905854,4125655,84.1,0.08
2752,2021-03-17,VEN,14645,5992,8653,7526,6796,323,ITH,ITH3,5,Veneto,Veneto,4905854,4140300,84.4,0.3
2753,2021-01-12,VEN,5231,1517,3714,5223,0,8,ITH,ITH3,5,Veneto,Veneto,4905854,4145531,84.5,0.11
2754,2021-06-20,VEN,41186,20057,21129,18884,21530,772,ITH,ITH3,5,Veneto,Veneto,4905854,4186717,85.34,0.84
2755,2021-02-19,VEN,7322,3140,4182,6992,204,126,ITH,ITH3,5,Veneto,Veneto,4905854,4194039,85.49,0.15
2756,2021-02-21,VEN,4640,1212,3428,4516,5,119,ITH,ITH3,5,Veneto,Veneto,4905854,4198679,85.59,0.09
2757,2021-05-15,VEN,36221,17503,18718,24783,10004,1434,ITH,ITH3,5,Veneto,Veneto,4905854,4234900,86.32,0.74
2758,2021-06-01,VEN,26964,13555,13409,15779,10542,643,ITH,ITH3,5,Veneto,Veneto,4905854,4261864,86.87,0.55
2759,2021-03-24,VEN,22111,9574,12537,14661,6803,647,ITH,ITH3,5,Veneto,Veneto,4905854,4283975,87.32,0.45
2760,2021-06-15,VEN,47758,24255,23503,29024,17507,1227,ITH,ITH3,5,Veneto,Veneto,4905854,4331733,88.3,0.97
2761,2021-04-19,VEN,21544,8922,12622,4709,16408,427,ITH,ITH3,5,Veneto,Veneto,4905854,4353277,88.74,0.44
2762,2021-04-05,VEN,19154,8371,10783,13418,5435,301,ITH,ITH3,5,Veneto,Veneto,4905854,4372431,89.13,0.39
2763,2021-01-26,VEN,6920,2090,4830,149,6771,0,ITH,ITH3,5,Veneto,Veneto,4905854,4379351,89.27,0.14
2764,2021-05-06,VEN,46977,22036,24941,36481,8472,2024,ITH,ITH3,5,Veneto,Veneto,4905854,4426328,90.23,0.96
2765,2021-05-08,VEN,41458,18754,22704,28204,11812,1442,ITH,ITH3,5,Veneto,Veneto,4905854,4467786,91.07,0.85
2766,2021-06-27,VEN,40230,20551,19679,15330,24300,600,ITH,ITH3,5,Veneto,Veneto,4905854,4508016,91.89,0.82
2767,2021-03-19,VEN,13793,5669,8124,7404,6097,292,ITH,ITH3,5,Veneto,Veneto,4905854,4521809,92.17,0.28
2768,2021-03-10,VEN,19041,8727,10314,12964,5683,394,ITH,ITH3,5,Veneto,Veneto,4905854,4540850,92.56,0.39
2769,2021-02-08,VEN,5003,1559,3444,1923,3074,6,ITH,ITH3,5,Veneto,Veneto,4905854,4545853,92.66,0.1
2770,2021-04-06,VEN,28959,13328,15631,23194,5042,723,ITH,ITH3,5,Veneto,Veneto,4905854,4574812,93.25,0.59
2771,2021-02-01,VEN,8561,2502,6059,159,8402,0,ITH,ITH3,5,Veneto,Veneto,4905854,4583373,93.43,0.17
2772,2021-02-15,VEN,4389,1824,2565,4140,240,9,ITH,ITH3,5,Veneto,Veneto,4905854,4587762,93.52,0.09
2773,2021-03-30,VEN,35962,15295,20667,29712,5243,1007,ITH,ITH3,5,Veneto,Veneto,4905854,4623724,94.25,0.73
2774,2021-04-10,VEN,27466,11976,15490,18376,8467,623,ITH,ITH3,5,Veneto,Veneto,4905854,4651190,94.81,0.56
2775,2021-06-06,VEN,37423,19158,18265,31480,4724,1219,ITH,ITH3,5,Veneto,Veneto,4905854,4688613,95.57,0.76
2776,2020-12-27,VEN,880,395,485,880,0,0,ITH,ITH3,5,Veneto,Veneto,4905854,4689493,95.59,0.02
2777,2021-05-30,VEN,22540,11265,11275,15203,6687,650,ITH,ITH3,5,Veneto,Veneto,4905854,4712033,96.05,0.46
2778,2021-02-26,VEN,8296,3273,5023,6942,1260,94,ITH,ITH3,5,Veneto,Veneto,4905854,4720329,96.22,0.17
2779,2021-04-24,VEN,24758,10828,13930,14954,9079,725,ITH,ITH3,5,Veneto,Veneto,4905854,4745087,96.72,0.5
2780,2021-01-14,VEN,7063,1924,5139,7043,0,20,ITH,ITH3,5,Veneto,Veneto,4905854,4752150,96.87,0.14
2781,2021-03-12,VEN,18658,8194,10464,11330,6748,580,ITH,ITH3,5,Veneto,Veneto,4905854,4770808,97.25,0.38
2782,2021-04-17,VEN,22428,9088,13340,14354,7274,800,ITH,ITH3,5,Veneto,Veneto,4905854,4793236,97.7,0.46
2783,2021-01-07,VEN,8360,2318,6042,8359,0,1,ITH,ITH3,5,Veneto,Veneto,4905854,4801596,97.87,0.17
2784,2021-06-13,VEN,37328,19248,18080,29225,6965,1138,ITH,ITH3,5,Veneto,Veneto,4905854,4838924,98.64,0.76
2785,2021-01-21,VEN,2293,719,1574,21,2272,0,ITH,ITH3,5,Veneto,Veneto,4905854,4841217,98.68,0.05
2786,2021-03-05,VEN,13336,5020,8316,9222,3670,444,ITH,ITH3,5,Veneto,Veneto,4905854,4854553,98.95,0.27
2787,2021-03-09,PAT,1585,591,994,908,646,31,ITH,ITH2,4,Provincia Autonoma Trento,P.A. Trento,541380,1585,0.29,0.29
2788,2021-06-17,PAT,6602,3462,3140,1961,4477,164,ITH,ITH2,4,Provincia Autonoma Trento,P.A. Trento,541380,8187,1.51,1.22
2789,2021-03-14,PAT,108,65,43,19,87,2,ITH,ITH2,4,Provincia Autonoma Trento,P.A. Trento,541380,8295,1.53,0.02
2790,2021-02-06,PAT,575,299,276,434,141,0,ITH,ITH2,4,Provincia Autonoma Trento,P.A. Trento,541380,8870,1.64,0.11
2791,2021-02-23,PAT,1112,395,717,878,213,21,ITH,ITH2,4,Provincia Autonoma Trento,P.A. Trento,541380,9982,1.84,0.21
2792,2021-05-17,PAT,4294,2122,2172,3710,351,233,ITH,ITH2,4,Provincia Autonoma Trento,P.A. Trento,541380,14276,2.64,0.79
2793,2021-04-14,PAT,3119,1465,1654,2231,737,151,ITH,ITH2,4,Provincia Autonoma Trento,P.A. Trento,541380,17395,3.21,0.58
2794,2021-03-28,PAT,753,294,459,705,2,46,ITH,ITH2,4,Provincia Autonoma Trento,P.A. Trento,541380,18148,3.35,0.14
2795,2021-01-23,PAT,577,334,243,387,189,1,ITH,ITH2,4,Provincia Autonoma Trento,P.A. Trento,541380,18725,3.46,0.11
2796,2021-05-03,PAT,4260,2197,2063,3807,154,299,ITH,ITH2,4,Provincia Autonoma Trento,P.A. Trento,541380,22985,4.25,0.79
2797,2021-07-01,PAT,6932,3605,3327,3435,3321,176,ITH,ITH2,4,Provincia Autonoma Trento,P.A. Trento,541380,29917,5.53,1.28
2798,2021-05-05,PAT,4991,2580,2411,4386,298,307,ITH,ITH2,4,Provincia Autonoma Trento,P.A. Trento,541380,34908,6.45,0.92
2799,2021-01-16,PAT,319,148,171,319,0,0,ITH,ITH2,4,Provincia Autonoma Trento,P.A. Trento,541380,35227,6.51,0.06
2800,2021-07-13,PAT,3580,1808,1772,1557,1912,111,ITH,ITH2,4,Provincia Autonoma Trento,P.A. Trento,541380,38807,7.17,0.66
2801,2021-04-21,PAT,2910,1359,1551,2710,50,150,ITH,ITH2,4,Provincia Autonoma Trento,P.A. Trento,541380,41717,7.71,0.54
2802,2021-01-28,PAT,530,147,383,48,482,0,ITH,ITH2,4,Provincia Autonoma Trento,P.A. Trento,541380,42247,7.8,0.1
2803,2021-01-11,PAT,732,223,509,732,0,0,ITH,ITH2,4,Provincia Autonoma Trento,P.A. Trento,541380,42979,7.94,0.14
2804,2021-02-16,PAT,666,246,420,650,5,11,ITH,ITH2,4,Provincia Autonoma Trento,P.A. Trento,541380,43645,8.06,0.12
2805,2021-04-09,PAT,2740,1162,1578,1473,1200,67,ITH,ITH2,4,Provincia Autonoma Trento,P.A. Trento,541380,46385,8.57,0.51
2806,2021-02-11,PAT,1135,365,770,795,339,1,ITH,ITH2,4,Provincia Autonoma Trento,P.A. Trento,541380,47520,8.78,0.21
2807,2021-02-25,PAT,1641,643,998,1190,441,10,ITH,ITH2,4,Provincia Autonoma Trento,P.A. Trento,541380,49161,9.08,0.3
2808,2020-12-30,PAT,7,3,4,7,0,0,ITH,ITH2,4,Provincia Autonoma Trento,P.A. Trento,541380,49168,9.08,0.0
2809,2021-06-05,PAT,4083,1916,2167,674,3333,76,ITH,ITH2,4,Provincia Autonoma Trento,P.A. Trento,541380,53251,9.84,0.75
2810,2021-05-22,PAT,3258,1598,1660,832,2333,93,ITH,ITH2,4,Provincia Autonoma Trento,P.A. Trento,541380,56509,10.44,0.6
2811,2021-06-29,PAT,6221,3135,3086,2648,3500,73,ITH,ITH2,4,Provincia Autonoma Trento,P.A. Trento,541380,62730,11.59,1.15
2812,2021-06-12,PAT,5362,2689,2673,425,4889,48,ITH,ITH2,4,Provincia Autonoma Trento,P.A. Trento,541380,68092,12.58,0.99
2813,2021-03-21,PAT,129,69,60,125,0,4,ITH,ITH2,4,Provincia Autonoma Trento,P.A. Trento,541380,68221,12.6,0.02
2814,2021-05-24,PAT,4386,2014,2372,1248,3024,114,ITH,ITH2,4,Provincia Autonoma Trento,P.A. Trento,541380,72607,13.41,0.81
2815,2021-03-02,PAT,1307,440,867,902,376,29,ITH,ITH2,4,Provincia Autonoma Trento,P.A. Trento,541380,73914,13.65,0.24
2816,2021-06-10,PAT,6128,2979,3149,1788,4212,128,ITH,ITH2,4,Provincia Autonoma Trento,P.A. Trento,541380,80042,14.78,1.13
2817,2021-05-31,PAT,4725,2175,2550,1569,3047,109,ITH,ITH2,4,Provincia Autonoma Trento,P.A. Trento,541380,84767,15.66,0.87
2818,2021-03-26,PAT,3233,1259,1974,2482,610,141,ITH,ITH2,4,Provincia Autonoma Trento,P.A. Trento,541380,88000,16.25,0.6
2819,2021-06-19,PAT,3098,1696,1402,224,2842,32,ITH,ITH2,4,Provincia Autonoma Trento,P.A. Trento,541380,91098,16.83,0.57
2820,2021-03-07,PAT,22,6,16,22,0,0,ITH,ITH2,4,Provincia Autonoma Trento,P.A. Trento,541380,91120,16.83,0.0
2821,2021-01-09,PAT,190,40,150,190,0,0,ITH,ITH2,4,Provincia Autonoma Trento,P.A. Trento,541380,91310,16.87,0.04
2822,2021-06-24,PAT,5924,3103,2821,3552,2185,187,ITH,ITH2,4,Provincia Autonoma Trento,P.A. Trento,541380,97234,17.96,1.09
2823,2021-05-12,PAT,3305,1494,1811,1953,1187,165,ITH,ITH2,4,Provincia Autonoma Trento,P.A. Trento,541380,100539,18.57,0.61
2824,2021-03-16,PAT,1391,506,885,577,783,31,ITH,ITH2,4,Provincia Autonoma Trento,P.A. Trento,541380,101930,18.83,0.26
2825,2021-05-14,PAT,5323,2544,2779,3640,1387,296,ITH,ITH2,4,Provincia Autonoma Trento,P.A. Trento,541380,107253,19.81,0.98
2826,2021-02-08,PAT,1153,319,834,342,811,0,ITH,ITH2,4,Provincia Autonoma Trento,P.A. Trento,541380,108406,20.02,0.21
2827,2021-04-28,PAT,4252,1978,2274,3868,138,246,ITH,ITH2,4,Provincia Autonoma Trento,P.A. Trento,541380,112658,20.81,0.79
2828,2021-04-01,PAT,2906,1232,1674,1721,1094,91,ITH,ITH2,4,Provincia Autonoma Trento,P.A. Trento,541380,115564,21.35,0.54
2829,2021-07-10,PAT,1006,521,485,133,848,25,ITH,ITH2,4,Provincia Autonoma Trento,P.A. Trento,541380,116570,21.53,0.19
2830,2021-01-04,PAT,872,229,643,870,0,2,ITH,ITH2,4,Provincia Autonoma Trento,P.A. Trento,541380,117442,21.69,0.16
2831,2021-07-06,PAT,5006,2634,2372,2916,1908,182,ITH,ITH2,4,Provincia Autonoma Trento,P.A. Trento,541380,122448,22.62,0.92
2832,2021-01-18,PAT,644,154,490,589,55,0,ITH,ITH2,4,Provincia Autonoma Trento,P.A. Trento,541380,123092,22.74,0.12
2833,2021-04-23,PAT,3638,1770,1868,3405,54,179,ITH,ITH2,4,Provincia Autonoma Trento,P.A. Trento,541380,126730,23.41,0.67
2834,2021-01-30,PAT,386,132,254,152,234,0,ITH,ITH2,4,Provincia Autonoma Trento,P.A. Trento,541380,127116,23.48,0.07
2835,2021-05-10,PAT,3213,1647,1566,2498,506,209,ITH,ITH2,4,Provincia Autonoma Trento,P.A. Trento,541380,130329,24.07,0.59
2836,2021-03-18,PAT,2320,957,1363,1216,1080,24,ITH,ITH2,4,Provincia Autonoma Trento,P.A. Trento,541380,132649,24.5,0.43
2837,2021-06-09,PAT,6243,3080,3163,2085,4079,79,ITH,ITH2,4,Provincia Autonoma Trento,P.A. Trento,541380,138892,25.66,1.15
2838,2021-06-26,PAT,1391,726,665,660,713,18,ITH,ITH2,4,Provincia Autonoma Trento,P.A. Trento,541380,140283,25.91,0.26
2839,2021-05-29,PAT,2237,1167,1070,755,1398,84,ITH,ITH2,4,Provincia Autonoma Trento,P.A. Trento,541380,142520,26.33,0.41
2840,2021-04-02,PAT,2846,1157,1689,2010,675,161,ITH,ITH2,4,Provincia Autonoma Trento,P.A. Trento,541380,145366,26.85,0.53
2841,2021-04-16,PAT,2866,1360,1506,2566,145,155,ITH,ITH2,4,Provincia Autonoma Trento,P.A. Trento,541380,148232,27.38,0.53
2842,2021-02-18,PAT,1211,429,782,1136,63,12,ITH,ITH2,4,Provincia Autonoma Trento,P.A. Trento,541380,149443,27.6,0.22
2843,2021-07-08,PAT,3955,2104,1851,2357,1437,161,ITH,ITH2,4,Provincia Autonoma Trento,P.A. Trento,541380,153398,28.33,0.73
2844,2021-02-04,PAT,976,304,672,421,554,1,ITH,ITH2,4,Provincia Autonoma Trento,P.A. Trento,541380,154374,28.51,0.18
2845,2021-04-13,PAT,2556,1059,1497,1970,507,79,ITH,ITH2,4,Provincia Autonoma Trento,P.A. Trento,541380,156930,28.99,0.47
2846,2021-01-20,PAT,292,73,219,280,12,0,ITH,ITH2,4,Provincia Autonoma Trento,P.A. Trento,541380,157222,29.04,0.05
2847,2021-04-30,PAT,4931,2405,2526,4410,152,369,ITH,ITH2,4,Provincia Autonoma Trento,P.A. Trento,541380,162153,29.95,0.91
2848,2021-05-19,PAT,5104,2460,2644,3600,1256,248,ITH,ITH2,4,Provincia Autonoma Trento,P.A. Trento,541380,167257,30.89,0.94
2849,2021-02-20,PAT,407,245,162,122,284,1,ITH,ITH2,4,Provincia Autonoma Trento,P.A. Trento,541380,167664,30.97,0.08
2850,2021-01-08,PAT,1451,314,1137,1450,0,1,ITH,ITH2,4,Provincia Autonoma Trento,P.A. Trento,541380,169115,31.24,0.27
2851,2021-06-14,PAT,5743,2969,2774,2002,3626,115,ITH,ITH2,4,Provincia Autonoma Trento,P.A. Trento,541380,174858,32.3,1.06
2852,2021-04-18,PAT,1855,845,1010,1788,9,58,ITH,ITH2,4,Provincia Autonoma Trento,P.A. Trento,541380,176713,32.64,0.34
2853,2021-03-04,PAT,2362,794,1568,1542,779,41,ITH,ITH2,4,Provincia Autonoma Trento,P.A. Trento,541380,179075,33.08,0.44
2854,2021-05-21,PAT,5055,2422,2633,3078,1711,266,ITH,ITH2,4,Provincia Autonoma Trento,P.A. Trento,541380,184130,34.01,0.93
2855,2021-02-01,PAT,1224,338,886,92,1132,0,ITH,ITH2,4,Provincia Autonoma Trento,P.A. Trento,541380,185354,34.24,0.23
2856,2021-03-23,PAT,2448,944,1504,1609,740,99,ITH,ITH2,4,Provincia Autonoma Trento,P.A. Trento,541380,187802,34.69,0.45
2857,2021-05-28,PAT,3721,1736,1985,1359,2228,134,ITH,ITH2,4,Provincia Autonoma Trento,P.A. Trento,541380,191523,35.38,0.69
2858,2021-01-25,PAT,818,215,603,24,794,0,ITH,ITH2,4,Provincia Autonoma Trento,P.A. Trento,541380,192341,35.53,0.15
2859,2021-03-25,PAT,2875,1105,1770,1719,1049,107,ITH,ITH2,4,Provincia Autonoma Trento,P.A. Trento,541380,195216,36.06,0.53
2860,2021-07-03,PAT,1256,669,587,79,1171,6,ITH,ITH2,4,Provincia Autonoma Trento,P.A. Trento,541380,196472,36.29,0.23
2861,2021-03-30,PAT,2388,973,1415,1652,637,99,ITH,ITH2,4,Provincia Autonoma Trento,P.A. Trento,541380,198860,36.73,0.44
2862,2021-06-28,PAT,6759,3486,3273,2892,3810,57,ITH,ITH2,4,Provincia Autonoma Trento,P.A. Trento,541380,205619,37.98,1.25
2863,2021-04-06,PAT,2261,950,1311,1439,765,57,ITH,ITH2,4,Provincia Autonoma Trento,P.A. Trento,541380,207880,38.4,0.42
2864,2021-07-15,PAT,3846,2042,1804,1524,2216,106,ITH,ITH2,4,Provincia Autonoma Trento,P.A. Trento,541380,211726,39.11,0.71
2865,2021-01-13,PAT,421,123,298,421,0,0,ITH,ITH2,4,Provincia Autonoma Trento,P.A. Trento,541380,212147,39.19,0.08
2866,2021-06-02,PAT,2839,1359,1480,880,1894,65,ITH,ITH2,4,Provincia Autonoma Trento,P.A. Trento,541380,214986,39.71,0.52
2867,2021-03-11,PAT,2317,863,1454,1445,829,43,ITH,ITH2,4,Provincia Autonoma Trento,P.A. Trento,541380,217303,40.14,0.43
2868,2021-05-02,PAT,3514,1955,1559,3266,37,211,ITH,ITH2,4,Provincia Autonoma Trento,P.A. Trento,541380,220817,40.79,0.65
2869,2021-03-13,PAT,835,384,451,719,48,68,ITH,ITH2,4,Provincia Autonoma Trento,P.A. Trento,541380,221652,40.94,0.15
2870,2021-07-05,PAT,5234,2744,2490,3631,1366,237,ITH,ITH2,4,Provincia Autonoma Trento,P.A. Trento,541380,226886,41.91,0.97
2871,2021-01-06,PAT,42,13,29,42,0,0,ITH,ITH2,4,Provincia Autonoma Trento,P.A. Trento,541380,226928,41.92,0.01
2872,2021-06-16,PAT,6217,3348,2869,1929,4168,120,ITH,ITH2,4,Provincia Autonoma Trento,P.A. Trento,541380,233145,43.06,1.15
2873,2021-01-27,PAT,810,280,530,92,716,2,ITH,ITH2,4,Provincia Autonoma Trento,P.A. Trento,541380,233955,43.21,0.15
2874,2021-02-13,PAT,537,333,204,172,365,0,ITH,ITH2,4,Provincia Autonoma Trento,P.A. Trento,541380,234492,43.31,0.1
2875,2021-05-07,PAT,6000,3086,2914,4798,841,361,ITH,ITH2,4,Provincia Autonoma Trento,P.A. Trento,541380,240492,44.42,1.11
2876,2021-04-20,PAT,2879,1377,1502,2670,36,173,ITH,ITH2,4,Provincia Autonoma Trento,P.A. Trento,541380,243371,44.95,0.53
2877,2021-05-09,PAT,2324,1210,1114,1850,344,130,ITH,ITH2,4,Provincia Autonoma Trento,P.A. Trento,541380,245695,45.38,0.43
2878,2021-02-15,PAT,534,188,346,418,114,2,ITH,ITH2,4,Provincia Autonoma Trento,P.A. Trento,541380,246229,45.48,0.1
2879,2021-05-26,PAT,3918,1843,2075,1106,2692,120,ITH,ITH2,4,Provincia Autonoma Trento,P.A. Trento,541380,250147,46.21,0.72
2880,2021-02-12,PAT,1013,341,672,588,423,2,ITH,ITH2,4,Provincia Autonoma Trento,P.A. Trento,541380,251160,46.39,0.19
2881,2021-03-01,PAT,1237,454,783,918,295,24,ITH,ITH2,4,Provincia Autonoma Trento,P.A. Trento,541380,252397,46.62,0.23
2882,2021-03-20,PAT,874,403,471,658,203,13,ITH,ITH2,4,Provincia Autonoma Trento,P.A. Trento,541380,253271,46.78,0.16
2883,2021-03-03,PAT,1659,622,1037,1107,518,34,ITH,ITH2,4,Provincia Autonoma Trento,P.A. Trento,541380,254930,47.09,0.31
2884,2021-06-11,PAT,7200,3428,3772,1474,5624,102,ITH,ITH2,4,Provincia Autonoma Trento,P.A. Trento,541380,262130,48.42,1.33
2885,2021-01-10,PAT,85,20,65,85,0,0,ITH,ITH2,4,Provincia Autonoma Trento,P.A. Trento,541380,262215,48.43,0.02
2886,2021-01-29,PAT,1358,334,1024,55,1303,0,ITH,ITH2,4,Provincia Autonoma Trento,P.A. Trento,541380,263573,48.69,0.25
2887,2021-07-14,PAT,3965,2067,1898,1554,2317,94,ITH,ITH2,4,Provincia Autonoma Trento,P.A. Trento,541380,267538,49.42,0.73
2888,2021-04-22,PAT,3152,1470,1682,2933,45,174,ITH,ITH2,4,Provincia Autonoma Trento,P.A. Trento,541380,270690,50.0,0.58
2889,2021-04-07,PAT,2624,1017,1607,1566,943,115,ITH,ITH2,4,Provincia Autonoma Trento,P.A. Trento,541380,273314,50.48,0.48
2890,2021-07-16,PAT,1411,757,654,541,812,58,ITH,ITH2,4,Provincia Autonoma Trento,P.A. Trento,541380,274725,50.75,0.26
2891,2021-02-03,PAT,847,315,532,414,433,0,ITH,ITH2,4,Provincia Autonoma Trento,P.A. Trento,541380,275572,50.9,0.16
2892,2021-05-23,PAT,1958,994,964,420,1510,28,ITH,ITH2,4,Provincia Autonoma Trento,P.A. Trento,541380,277530,51.26,0.36
2893,2021-04-10,PAT,2824,1322,1502,1949,796,79,ITH,ITH2,4,Provincia Autonoma Trento,P.A. Trento,541380,280354,51.79,0.52
2894,2021-02-10,PAT,854,291,563,511,342,1,ITH,ITH2,4,Provincia Autonoma Trento,P.A. Trento,541380,281208,51.94,0.16
2895,2021-04-08,PAT,3141,1316,1825,1930,1119,92,ITH,ITH2,4,Provincia Autonoma Trento,P.A. Trento,541380,284349,52.52,0.58
2896,2020-12-31,PAT,1627,449,1178,1627,0,0,ITH,ITH2,4,Provincia Autonoma Trento,P.A. Trento,541380,285976,52.82,0.3
2897,2021-06-21,PAT,6134,3312,2822,3557,2397,180,ITH,ITH2,4,Provincia Autonoma Trento,P.A. Trento,541380,292110,53.96,1.13
2898,2021-04-29,PAT,4651,2246,2405,4138,214,299,ITH,ITH2,4,Provincia Autonoma Trento,P.A. Trento,541380,296761,54.82,0.86
2899,2021-01-22,PAT,1674,435,1239,330,1343,1,ITH,ITH2,4,Provincia Autonoma Trento,P.A. Trento,541380,298435,55.12,0.31
2900,2021-02-05,PAT,805,272,533,283,522,0,ITH,ITH2,4,Provincia Autonoma Trento,P.A. Trento,541380,299240,55.27,0.15
2901,2021-05-16,PAT,1331,736,595,1025,239,67,ITH,ITH2,4,Provincia Autonoma Trento,P.A. Trento,541380,300571,55.52,0.25
2902,2021-01-05,PAT,711,233,478,711,0,0,ITH,ITH2,4,Provincia Autonoma Trento,P.A. Trento,541380,301282,55.65,0.13
2903,2021-07-07,PAT,4338,2324,2014,2757,1384,197,ITH,ITH2,4,Provincia Autonoma Trento,P.A. Trento,541380,305620,56.45,0.8
2904,2021-01-03,PAT,493,160,333,493,0,0,ITH,ITH2,4,Provincia Autonoma Trento,P.A. Trento,541380,306113,56.54,0.09
2905,2021-02-22,PAT,747,259,488,657,84,6,ITH,ITH2,4,Provincia Autonoma Trento,P.A. Trento,541380,306860,56.68,0.14
2906,2021-05-18,PAT,4254,2010,2244,3130,846,278,ITH,ITH2,4,Provincia Autonoma Trento,P.A. Trento,541380,311114,57.47,0.79
2907,2021-03-12,PAT,2518,940,1578,1641,806,71,ITH,ITH2,4,Provincia Autonoma Trento,P.A. Trento,541380,313632,57.93,0.47
2908,2021-06-20,PAT,1869,1034,835,27,1837,5,ITH,ITH2,4,Provincia Autonoma Trento,P.A. Trento,541380,315501,58.28,0.35
2909,2021-06-06,PAT,2230,1062,1168,423,1785,22,ITH,ITH2,4,Provincia Autonoma Trento,P.A. Trento,541380,317731,58.69,0.41
2910,2021-07-12,PAT,4055,2030,2025,1923,1955,177,ITH,ITH2,4,Provincia Autonoma Trento,P.A. Trento,541380,321786,59.44,0.75
2911,2021-02-17,PAT,1113,425,688,1017,91,5,ITH,ITH2,4,Provincia Autonoma Trento,P.A. Trento,541380,322899,59.64,0.21
2912,2021-06-22,PAT,6189,3380,2809,3470,2537,182,ITH,ITH2,4,Provincia Autonoma Trento,P.A. Trento,541380,329088,60.79,1.14
2913,2021-03-05,PAT,2248,704,1544,1590,566,92,ITH,ITH2,4,Provincia Autonoma Trento,P.A. Trento,541380,331336,61.2,0.42
2914,2021-01-07,PAT,1272,310,962,1269,0,3,ITH,ITH2,4,Provincia Autonoma Trento,P.A. Trento,541380,332608,61.44,0.23
2915,2021-04-17,PAT,2233,1139,1094,2073,57,103,ITH,ITH2,4,Provincia Autonoma Trento,P.A. Trento,541380,334841,61.85,0.41
2916,2021-04-19,PAT,2625,1235,1390,2420,22,183,ITH,ITH2,4,Provincia Autonoma Trento,P.A. Trento,541380,337466,62.33,0.48
2917,2021-06-15,PAT,6241,3284,2957,1592,4515,134,ITH,ITH2,4,Provincia Autonoma Trento,P.A. Trento,541380,343707,63.49,1.15
2918,2021-03-15,PAT,1411,545,866,893,464,54,ITH,ITH2,4,Provincia Autonoma Trento,P.A. Trento,541380,345118,63.75,0.26
2919,2021-01-17,PAT,251,195,56,251,0,0,ITH,ITH2,4,Provincia Autonoma Trento,P.A. Trento,541380,345369,63.79,0.05
2920,2021-06-23,PAT,6516,3451,3065,4450,1872,194,ITH,ITH2,4,Provincia Autonoma Trento,P.A. Trento,541380,351885,65.0,1.2
2921,2021-05-11,PAT,3703,1752,1951,2612,852,239,ITH,ITH2,4,Provincia Autonoma Trento,P.A. Trento,541380,355588,65.68,0.68
2922,2021-04-27,PAT,3916,1882,2034,3570,69,277,ITH,ITH2,4,Provincia Autonoma Trento,P.A. Trento,541380,359504,66.41,0.72
2923,2021-05-04,PAT,4512,2448,2064,4123,95,294,ITH,ITH2,4,Provincia Autonoma Trento,P.A. Trento,541380,364016,67.24,0.83
2924,2021-03-08,PAT,1411,434,977,1028,354,29,ITH,ITH2,4,Provincia Autonoma Trento,P.A. Trento,541380,365427,67.5,0.26
2925,2021-03-22,PAT,2306,973,1333,1375,875,56,ITH,ITH2,4,Provincia Autonoma Trento,P.A. Trento,541380,367733,67.93,0.43
2926,2021-01-24,PAT,548,276,272,224,324,0,ITH,ITH2,4,Provincia Autonoma Trento,P.A. Trento,541380,368281,68.03,0.1
2927,2021-06-30,PAT,6674,3434,3240,2594,4000,80,ITH,ITH2,4,Provincia Autonoma Trento,P.A. Trento,541380,374955,69.26,1.23
2928,2021-06-27,PAT,1303,698,605,359,940,4,ITH,ITH2,4,Provincia Autonoma Trento,P.A. Trento,541380,376258,69.5,0.24
2929,2021-01-12,PAT,507,158,349,506,0,1,ITH,ITH2,4,Provincia Autonoma Trento,P.A. Trento,541380,376765,69.59,0.09
2930,2021-05-30,PAT,1770,872,898,862,840,68,ITH,ITH2,4,Provincia Autonoma Trento,P.A. Trento,541380,378535,69.92,0.33
2931,2021-04-03,PAT,1143,471,672,905,171,67,ITH,ITH2,4,Provincia Autonoma Trento,P.A. Trento,541380,379678,70.13,0.21
2932,2021-04-24,PAT,3550,1701,1849,3336,15,199,ITH,ITH2,4,Provincia Autonoma Trento,P.A. Trento,541380,383228,70.79,0.66
2933,2021-02-26,PAT,1218,435,783,900,295,23,ITH,ITH2,4,Provincia Autonoma Trento,P.A. Trento,541380,384446,71.01,0.22
2934,2021-01-14,PAT,701,203,498,699,0,2,ITH,ITH2,4,Provincia Autonoma Trento,P.A. Trento,541380,385147,71.14,0.13
2935,2021-02-28,PAT,242,121,121,232,0,10,ITH,ITH2,4,Provincia Autonoma Trento,P.A. Trento,541380,385389,71.19,0.04
2936,2021-06-08,PAT,5920,2863,3057,1750,4050,120,ITH,ITH2,4,Provincia Autonoma Trento,P.A. Trento,541380,391309,72.28,1.09
2937,2021-04-26,PAT,2660,1254,1406,2400,95,165,ITH,ITH2,4,Provincia Autonoma Trento,P.A. Trento,541380,393969,72.77,0.49
2938,2021-02-19,PAT,929,359,570,838,59,32,ITH,ITH2,4,Provincia Autonoma Trento,P.A. Trento,541380,394898,72.94,0.17
2939,2021-04-15,PAT,3202,1443,1759,2810,154,238,ITH,ITH2,4,Provincia Autonoma Trento,P.A. Trento,541380,398100,73.53,0.59
2940,2021-06-18,PAT,6939,3692,3247,1727,5119,93,ITH,ITH2,4,Provincia Autonoma Trento,P.A. Trento,541380,405039,74.82,1.28
2941,2021-03-27,PAT,1620,710,910,1289,257,74,ITH,ITH2,4,Provincia Autonoma Trento,P.A. Trento,541380,406659,75.12,0.3
2942,2021-06-04,PAT,5830,2607,3223,1709,3995,126,ITH,ITH2,4,Provincia Autonoma Trento,P.A. Trento,541380,412489,76.19,1.08
2943,2021-02-24,PAT,1325,525,800,905,399,21,ITH,ITH2,4,Provincia Autonoma Trento,P.A. Trento,541380,413814,76.44,0.24
2944,2021-06-13,PAT,3686,2033,1653,272,3391,23,ITH,ITH2,4,Provincia Autonoma Trento,P.A. Trento,541380,417500,77.12,0.68
2945,2020-12-27,PAT,103,40,63,103,0,0,ITH,ITH2,4,Provincia Autonoma Trento,P.A. Trento,541380,417603,77.14,0.02
2946,2021-01-31,PAT,76,16,60,1,75,0,ITH,ITH2,4,Provincia Autonoma Trento,P.A. Trento,541380,417679,77.15,0.01
2947,2021-07-04,PAT,211,119,92,61,148,2,ITH,ITH2,4,Provincia Autonoma Trento,P.A. Trento,541380,417890,77.19,0.04
2948,2021-03-19,PAT,2423,915,1508,1492,852,79,ITH,ITH2,4,Provincia Autonoma Trento,P.A. Trento,541380,420313,77.64,0.45
2949,2021-04-05,PAT,35,17,18,30,2,3,ITH,ITH2,4,Provincia Autonoma Trento,P.A. Trento,541380,420348,77.64,0.01
2950,2021-01-02,PAT,502,143,359,502,0,0,ITH,ITH2,4,Provincia Autonoma Trento,P.A. Trento,541380,420850,77.74,0.09
2951,2021-03-29,PAT,2494,967,1527,1640,735,119,ITH,ITH2,4,Provincia Autonoma Trento,P.A. Trento,541380,423344,78.2,0.46
2952,2021-04-12,PAT,3085,1408,1677,2468,496,121,ITH,ITH2,4,Provincia Autonoma Trento,P.A. Trento,541380,426429,78.77,0.57
2953,2021-01-21,PAT,353,95,258,229,124,0,ITH,ITH2,4,Provincia Autonoma Trento,P.A. Trento,541380,426782,78.83,0.07
2954,2021-05-01,PAT,4851,2470,2381,4531,36,284,ITH,ITH2,4,Provincia Autonoma Trento,P.A. Trento,541380,431633,79.73,0.9
2955,2021-02-21,PAT,155,92,63,43,112,0,ITH,ITH2,4,Provincia Autonoma Trento,P.A. Trento,541380,431788,79.76,0.03
2956,2021-05-25,PAT,4770,2269,2501,1721,2902,147,ITH,ITH2,4,Provincia Autonoma Trento,P.A. Trento,541380,436558,80.64,0.88
2957,2021-05-08,PAT,3162,1726,1436,2548,422,192,ITH,ITH2,4,Provincia Autonoma Trento,P.A. Trento,541380,439720,81.22,0.58
2958,2021-02-14,PAT,246,186,60,11,235,0,ITH,ITH2,4,Provincia Autonoma Trento,P.A. Trento,541380,439966,81.27,0.05
2959,2021-05-27,PAT,4295,1992,2303,1123,3043,129,ITH,ITH2,4,Provincia Autonoma Trento,P.A. Trento,541380,444261,82.06,0.79
2960,2021-07-11,PAT,997,549,448,119,870,8,ITH,ITH2,4,Provincia Autonoma Trento,P.A. Trento,541380,445258,82.25,0.18
2961,2021-05-15,PAT,1569,815,754,638,890,41,ITH,ITH2,4,Provincia Autonoma Trento,P.A. Trento,541380,446827,82.53,0.29
2962,2021-06-01,PAT,4018,1879,2139,1054,2858,106,ITH,ITH2,4,Provincia Autonoma Trento,P.A. Trento,541380,450845,83.28,0.74
2963,2021-06-03,PAT,4769,2237,2532,1211,3466,92,ITH,ITH2,4,Provincia Autonoma Trento,P.A. Trento,541380,455614,84.16,0.88
2964,2021-01-19,PAT,407,77,330,407,0,0,ITH,ITH2,4,Provincia Autonoma Trento,P.A. Trento,541380,456021,84.23,0.08
2965,2021-03-10,PAT,2405,929,1476,1426,922,57,ITH,ITH2,4,Provincia Autonoma Trento,P.A. Trento,541380,458426,84.68,0.44
2966,2021-03-06,PAT,786,277,509,595,151,40,ITH,ITH2,4,Provincia Autonoma Trento,P.A. Trento,541380,459212,84.82,0.15
2967,2021-04-11,PAT,2340,1135,1205,2161,91,88,ITH,ITH2,4,Provincia Autonoma Trento,P.A. Trento,541380,461552,85.25,0.43
2968,2021-02-27,PAT,1031,458,573,589,422,20,ITH,ITH2,4,Provincia Autonoma Trento,P.A. Trento,541380,462583,85.45,0.19
2969,2021-01-01,PAT,214,50,164,214,0,0,ITH,ITH2,4,Provincia Autonoma Trento,P.A. Trento,541380,462797,85.48,0.04
2970,2021-06-07,PAT,5790,2881,2909,2630,2984,176,ITH,ITH2,4,Provincia Autonoma Trento,P.A. Trento,541380,468587,86.55,1.07
2971,2021-04-25,PAT,1971,940,1031,1850,7,114,ITH,ITH2,4,Provincia Autonoma Trento,P.A. Trento,541380,470558,86.92,0.36
2972,2021-06-25,PAT,7500,4020,3480,4037,3382,81,ITH,ITH2,4,Provincia Autonoma Trento,P.A. Trento,541380,478058,88.3,1.39
2973,2021-07-02,PAT,7163,3893,3270,3395,3547,221,ITH,ITH2,4,Provincia Autonoma Trento,P.A. Trento,541380,485221,89.63,1.32
2974,2021-01-15,PAT,597,132,465,596,0,1,ITH,ITH2,4,Provincia Autonoma Trento,P.A. Trento,541380,485818,89.74,0.11
2975,2021-05-20,PAT,5016,2358,2658,3104,1636,276,ITH,ITH2,4,Provincia Autonoma Trento,P.A. Trento,541380,490834,90.66,0.93
2976,2021-03-24,PAT,2377,940,1437,1444,820,113,ITH,ITH2,4,Provincia Autonoma Trento,P.A. Trento,541380,493211,91.1,0.44
2977,2021-02-09,PAT,918,287,631,442,475,1,ITH,ITH2,4,Provincia Autonoma Trento,P.A. Trento,541380,494129,91.27,0.17
2978,2021-03-17,PAT,2071,792,1279,1120,871,80,ITH,ITH2,4,Provincia Autonoma Trento,P.A. Trento,541380,496200,91.65,0.38
2979,2021-02-02,PAT,910,240,670,191,719,0,ITH,ITH2,4,Provincia Autonoma Trento,P.A. Trento,541380,497110,91.82,0.17
2980,2021-07-09,PAT,4910,2611,2299,2851,1851,208,ITH,ITH2,4,Provincia Autonoma Trento,P.A. Trento,541380,502020,92.73,0.91
2981,2021-05-13,PAT,3407,1580,1827,2088,1102,217,ITH,ITH2,4,Provincia Autonoma Trento,P.A. Trento,541380,505427,93.36,0.63
2982,2021-03-31,PAT,2586,983,1603,1632,858,96,ITH,ITH2,4,Provincia Autonoma Trento,P.A. Trento,541380,508013,93.84,0.48
2983,2021-01-26,PAT,543,154,389,27,516,0,ITH,ITH2,4,Provincia Autonoma Trento,P.A. Trento,541380,508556,93.94,0.1
2984,2021-05-06,PAT,5533,2741,2792,4387,780,366,ITH,ITH2,4,Provincia Autonoma Trento,P.A. Trento,541380,514089,94.96,1.02
2985,2021-03-23,UMB,3823,1712,2111,2157,1629,37,ITI,ITI2,10,Umbria,Umbria,882015,3823,0.43,0.43
2986,2021-07-01,UMB,9662,4785,4877,3360,6261,41,ITI,ITI2,10,Umbria,Umbria,882015,13485,1.53,1.1
2987,2021-02-08,UMB,635,203,432,88,547,0,ITI,ITI2,10,Umbria,Umbria,882015,14120,1.6,0.07
2988,2021-05-19,UMB,9418,4215,5203,5589,3743,86,ITI,ITI2,10,Umbria,Umbria,882015,23538,2.67,1.07
2989,2021-02-06,UMB,396,138,258,34,362,0,ITI,ITI2,10,Umbria,Umbria,882015,23934,2.71,0.04
2990,2021-05-07,UMB,10098,4699,5399,6705,3191,202,ITI,ITI2,10,Umbria,Umbria,882015,34032,3.86,1.14
2991,2021-04-06,UMB,5287,2165,3122,2863,2387,37,ITI,ITI2,10,Umbria,Umbria,882015,39319,4.46,0.6
2992,2021-03-28,UMB,1095,441,654,1040,24,31,ITI,ITI2,10,Umbria,Umbria,882015,40414,4.58,0.12
2993,2021-01-30,UMB,1575,486,1089,44,1531,0,ITI,ITI2,10,Umbria,Umbria,882015,41989,4.76,0.18
2994,2021-07-15,UMB,10418,5112,5306,601,9766,51,ITI,ITI2,10,Umbria,Umbria,882015,52407,5.94,1.18
2995,2021-07-03,UMB,6463,3241,3222,2922,3486,55,ITI,ITI2,10,Umbria,Umbria,882015,58870,6.67,0.73
2996,2021-06-14,UMB,5378,2745,2633,3368,2010,0,ITI,ITI2,10,Umbria,Umbria,882015,64248,7.28,0.61
2997,2021-06-02,UMB,3915,1882,2033,3875,40,0,ITI,ITI2,10,Umbria,Umbria,882015,68163,7.73,0.44
2998,2021-02-20,UMB,283,101,182,259,24,0,ITI,ITI2,10,Umbria,Umbria,882015,68446,7.76,0.03
2999,2021-03-09,UMB,4088,2000,2088,2791,1288,9,ITI,ITI2,10,Umbria,Umbria,882015,72534,8.22,0.46
3000,2021-04-23,UMB,6613,2785,3828,3298,3120,195,ITI,ITI2,10,Umbria,Umbria,882015,79147,8.97,0.75
3001,2021-02-25,UMB,1332,495,837,1272,52,8,ITI,ITI2,10,Umbria,Umbria,882015,80479,9.12,0.15
3002,2021-03-11,UMB,3582,1722,1860,2564,1006,12,ITI,ITI2,10,Umbria,Umbria,882015,84061,9.53,0.41
3003,2021-01-13,UMB,449,139,310,449,0,0,ITI,ITI2,10,Umbria,Umbria,882015,84510,9.58,0.05
3004,2021-06-19,UMB,4569,2199,2370,2539,2030,0,ITI,ITI2,10,Umbria,Umbria,882015,89079,10.1,0.52
3005,2021-01-06,UMB,846,325,521,846,0,0,ITI,ITI2,10,Umbria,Umbria,882015,89925,10.2,0.1
3006,2021-06-12,UMB,7708,3683,4025,6129,1577,2,ITI,ITI2,10,Umbria,Umbria,882015,97633,11.07,0.87
3007,2021-04-16,UMB,8097,3740,4357,6082,1838,177,ITI,ITI2,10,Umbria,Umbria,882015,105730,11.99,0.92
3008,2021-04-30,UMB,6252,2971,3281,2734,3397,121,ITI,ITI2,10,Umbria,Umbria,882015,111982,12.7,0.71
3009,2021-03-04,UMB,4484,1855,2629,3643,827,14,ITI,ITI2,10,Umbria,Umbria,882015,116466,13.2,0.51
3010,2021-01-20,UMB,602,221,381,602,0,0,ITI,ITI2,10,Umbria,Umbria,882015,117068,13.27,0.07
3011,2021-02-13,UMB,114,27,87,111,3,0,ITI,ITI2,10,Umbria,Umbria,882015,117182,13.29,0.01
3012,2021-05-24,UMB,9055,4509,4546,8008,879,168,ITI,ITI2,10,Umbria,Umbria,882015,126237,14.31,1.03
3013,2021-04-18,UMB,1531,681,850,578,930,23,ITI,ITI2,10,Umbria,Umbria,882015,127768,14.49,0.17
3014,2021-01-11,UMB,1303,341,962,1303,0,0,ITI,ITI2,10,Umbria,Umbria,882015,129071,14.63,0.15
3015,2021-05-05,UMB,7210,3301,3909,3826,3304,80,ITI,ITI2,10,Umbria,Umbria,882015,136281,15.45,0.82
3016,2021-01-25,UMB,648,323,325,5,643,0,ITI,ITI2,10,Umbria,Umbria,882015,136929,15.52,0.07
3017,2021-05-26,UMB,9646,4564,5082,8204,1250,192,ITI,ITI2,10,Umbria,Umbria,882015,146575,16.62,1.09
3018,2021-05-28,UMB,9585,4436,5149,7110,2295,180,ITI,ITI2,10,Umbria,Umbria,882015,156160,17.7,1.09
3019,2021-04-15,UMB,7646,3498,4148,5689,1887,70,ITI,ITI2,10,Umbria,Umbria,882015,163806,18.57,0.87
3020,2021-02-17,UMB,1618,748,870,1266,351,1,ITI,ITI2,10,Umbria,Umbria,882015,165424,18.76,0.18
3021,2021-07-08,UMB,9463,4583,4880,171,9247,45,ITI,ITI2,10,Umbria,Umbria,882015,174887,19.83,1.07
3022,2021-05-12,UMB,6487,3024,3463,4193,2146,148,ITI,ITI2,10,Umbria,Umbria,882015,181374,20.56,0.74
3023,2021-03-30,UMB,3976,1729,2247,2400,1540,36,ITI,ITI2,10,Umbria,Umbria,882015,185350,21.01,0.45
3024,2020-12-27,UMB,84,44,40,84,0,0,ITI,ITI2,10,Umbria,Umbria,882015,185434,21.02,0.01
3025,2021-02-22,UMB,1889,807,1082,1803,86,0,ITI,ITI2,10,Umbria,Umbria,882015,187323,21.24,0.21
3026,2021-03-18,UMB,2965,1171,1794,1699,1262,4,ITI,ITI2,10,Umbria,Umbria,882015,190288,21.57,0.34
3027,2021-06-26,UMB,9311,4728,4583,5690,3621,0,ITI,ITI2,10,Umbria,Umbria,882015,199599,22.63,1.06
3028,2021-07-10,UMB,7675,3806,3869,71,7596,8,ITI,ITI2,10,Umbria,Umbria,882015,207274,23.5,0.87
3029,2021-04-20,UMB,5450,2364,3086,3430,1947,73,ITI,ITI2,10,Umbria,Umbria,882015,212724,24.12,0.62
3030,2021-01-27,UMB,840,330,510,13,827,0,ITI,ITI2,10,Umbria,Umbria,882015,213564,24.21,0.1
3031,2021-01-01,UMB,273,104,169,273,0,0,ITI,ITI2,10,Umbria,Umbria,882015,213837,24.24,0.03
3032,2021-04-11,UMB,3097,1504,1593,3031,49,17,ITI,ITI2,10,Umbria,Umbria,882015,216934,24.6,0.35
3033,2021-01-18,UMB,613,218,395,529,84,0,ITI,ITI2,10,Umbria,Umbria,882015,217547,24.66,0.07
3034,2021-05-30,UMB,5982,2999,2983,5665,202,115,ITI,ITI2,10,Umbria,Umbria,882015,223529,25.34,0.68
3035,2021-03-08,UMB,3696,1822,1874,2323,1361,12,ITI,ITI2,10,Umbria,Umbria,882015,227225,25.76,0.42
3036,2021-06-16,UMB,6316,3093,3223,3222,3093,1,ITI,ITI2,10,Umbria,Umbria,882015,233541,26.48,0.72
3037,2021-04-25,UMB,4357,1684,2673,3866,82,409,ITI,ITI2,10,Umbria,Umbria,882015,237898,26.97,0.49
3038,2021-06-21,UMB,7498,3930,3568,5161,2337,0,ITI,ITI2,10,Umbria,Umbria,882015,245396,27.82,0.85
3039,2021-04-04,UMB,57,20,37,22,35,0,ITI,ITI2,10,Umbria,Umbria,882015,245453,27.83,0.01
3040,2021-06-07,UMB,6943,3426,3517,6246,695,2,ITI,ITI2,10,Umbria,Umbria,882015,252396,28.62,0.79
3041,2021-03-16,UMB,3538,1454,2084,1909,1627,2,ITI,ITI2,10,Umbria,Umbria,882015,255934,29.02,0.4
3042,2021-02-27,UMB,1658,354,1304,1642,16,0,ITI,ITI2,10,Umbria,Umbria,882015,257592,29.2,0.19
3043,2021-04-03,UMB,2097,712,1385,1034,1052,11,ITI,ITI2,10,Umbria,Umbria,882015,259689,29.44,0.24
3044,2021-07-12,UMB,4530,2178,2352,106,4415,9,ITI,ITI2,10,Umbria,Umbria,882015,264219,29.96,0.51
3045,2021-06-30,UMB,10466,5293,5173,3764,6702,0,ITI,ITI2,10,Umbria,Umbria,882015,274685,31.14,1.19
3046,2021-07-07,UMB,9398,4449,4949,87,9286,25,ITI,ITI2,10,Umbria,Umbria,882015,284083,32.21,1.07
3047,2021-05-31,UMB,5809,2842,2967,4847,884,78,ITI,ITI2,10,Umbria,Umbria,882015,289892,32.87,0.66
3048,2021-05-14,UMB,5326,2508,2818,3353,1817,156,ITI,ITI2,10,Umbria,Umbria,882015,295218,33.47,0.6
3049,2021-02-01,UMB,1284,341,943,48,1236,0,ITI,ITI2,10,Umbria,Umbria,882015,296502,33.62,0.15
3050,2021-02-18,UMB,1496,582,914,1029,466,1,ITI,ITI2,10,Umbria,Umbria,882015,297998,33.79,0.17
3051,2021-04-13,UMB,7677,3398,4279,5920,1668,89,ITI,ITI2,10,Umbria,Umbria,882015,305675,34.66,0.87
3052,2021-02-15,UMB,1367,692,675,1364,1,2,ITI,ITI2,10,Umbria,Umbria,882015,307042,34.81,0.15
3053,2021-01-03,UMB,270,112,158,270,0,0,ITI,ITI2,10,Umbria,Umbria,882015,307312,34.84,0.03
3054,2021-04-22,UMB,5447,2247,3200,2702,2665,80,ITI,ITI2,10,Umbria,Umbria,882015,312759,35.46,0.62
3055,2021-06-11,UMB,6910,3468,3442,6143,767,0,ITI,ITI2,10,Umbria,Umbria,882015,319669,36.24,0.78
3056,2021-04-08,UMB,5863,2509,3354,4006,1789,68,ITI,ITI2,10,Umbria,Umbria,882015,325532,36.91,0.66
3057,2021-06-04,UMB,8910,4403,4507,7710,1197,3,ITI,ITI2,10,Umbria,Umbria,882015,334442,37.92,1.01
3058,2021-03-25,UMB,3928,1724,2204,2820,1063,45,ITI,ITI2,10,Umbria,Umbria,882015,338370,38.36,0.45
3059,2021-03-27,UMB,4251,1513,2738,3855,340,56,ITI,ITI2,10,Umbria,Umbria,882015,342621,38.85,0.48
3060,2021-06-18,UMB,4758,2346,2412,1604,3153,1,ITI,ITI2,10,Umbria,Umbria,882015,347379,39.38,0.54
3061,2021-01-08,UMB,1187,344,843,1187,0,0,ITI,ITI2,10,Umbria,Umbria,882015,348566,39.52,0.13
3062,2021-05-23,UMB,5068,1854,3214,635,4416,17,ITI,ITI2,10,Umbria,Umbria,882015,353634,40.09,0.57
3063,2021-01-10,UMB,1065,274,791,1065,0,0,ITI,ITI2,10,Umbria,Umbria,882015,354699,40.21,0.12
3064,2021-05-21,UMB,8969,3667,5302,4058,4828,83,ITI,ITI2,10,Umbria,Umbria,882015,363668,41.23,1.02
3065,2021-05-04,UMB,5536,2543,2993,2352,3124,60,ITI,ITI2,10,Umbria,Umbria,882015,369204,41.86,0.63
3066,2021-04-01,UMB,4372,1837,2535,2327,2009,36,ITI,ITI2,10,Umbria,Umbria,882015,373576,42.35,0.5
3067,2021-03-01,UMB,1504,774,730,1384,114,6,ITI,ITI2,10,Umbria,Umbria,882015,375080,42.53,0.17
3068,2021-06-09,UMB,8063,3908,4155,7341,722,0,ITI,ITI2,10,Umbria,Umbria,882015,383143,43.44,0.91
3069,2021-06-23,UMB,11195,5717,5478,7796,3399,0,ITI,ITI2,10,Umbria,Umbria,882015,394338,44.71,1.27
3070,2021-03-15,UMB,4594,1938,2656,2825,1766,3,ITI,ITI2,10,Umbria,Umbria,882015,398932,45.23,0.52
3071,2021-02-10,UMB,714,348,366,699,15,0,ITI,ITI2,10,Umbria,Umbria,882015,399646,45.31,0.08
3072,2021-03-06,UMB,4303,1146,3157,4133,138,32,ITI,ITI2,10,Umbria,Umbria,882015,403949,45.8,0.49
3073,2021-01-22,UMB,276,105,171,32,244,0,ITI,ITI2,10,Umbria,Umbria,882015,404225,45.83,0.03
3074,2021-06-28,UMB,9683,4785,4898,3782,5901,0,ITI,ITI2,10,Umbria,Umbria,882015,413908,46.93,1.1
3075,2021-05-02,UMB,3780,1866,1914,1294,2454,32,ITI,ITI2,10,Umbria,Umbria,882015,417688,47.36,0.43
3076,2021-03-20,UMB,2319,845,1474,2290,25,4,ITI,ITI2,10,Umbria,Umbria,882015,420007,47.62,0.26
3077,2021-05-16,UMB,5218,2492,2726,5087,49,82,ITI,ITI2,10,Umbria,Umbria,882015,425225,48.21,0.59
3078,2021-04-27,UMB,5664,2401,3263,3054,2578,32,ITI,ITI2,10,Umbria,Umbria,882015,430889,48.85,0.64
3079,2021-02-03,UMB,724,174,550,67,657,0,ITI,ITI2,10,Umbria,Umbria,882015,431613,48.93,0.08
3080,2021-07-05,UMB,8396,4069,4327,161,8228,7,ITI,ITI2,10,Umbria,Umbria,882015,440009,49.89,0.95
3081,2021-05-13,UMB,5914,2657,3257,3701,2083,130,ITI,ITI2,10,Umbria,Umbria,882015,445923,50.56,0.67
3082,2021-02-19,UMB,743,293,450,525,217,1,ITI,ITI2,10,Umbria,Umbria,882015,446666,50.64,0.08
3083,2021-02-05,UMB,780,234,546,18,762,0,ITI,ITI2,10,Umbria,Umbria,882015,447446,50.73,0.09
3084,2021-07-04,UMB,3407,1740,1667,2410,968,29,ITI,ITI2,10,Umbria,Umbria,882015,450853,51.12,0.39
3085,2021-04-12,UMB,7084,3081,4003,5310,1717,57,ITI,ITI2,10,Umbria,Umbria,882015,457937,51.92,0.8
3086,2021-01-19,UMB,102,23,79,102,0,0,ITI,ITI2,10,Umbria,Umbria,882015,458039,51.93,0.01
3087,2021-04-29,UMB,5216,2250,2966,2808,2320,88,ITI,ITI2,10,Umbria,Umbria,882015,463255,52.52,0.59
3088,2021-03-24,UMB,4104,1792,2312,2744,1323,37,ITI,ITI2,10,Umbria,Umbria,882015,467359,52.99,0.47
3089,2021-07-02,UMB,8703,4304,4399,3047,5566,90,ITI,ITI2,10,Umbria,Umbria,882015,476062,53.97,0.99
3090,2021-04-10,UMB,7389,3476,3913,7174,84,131,ITI,ITI2,10,Umbria,Umbria,882015,483451,54.81,0.84
3091,2021-01-17,UMB,54,17,37,54,0,0,ITI,ITI2,10,Umbria,Umbria,882015,483505,54.82,0.01
3092,2020-12-31,UMB,322,127,195,322,0,0,ITI,ITI2,10,Umbria,Umbria,882015,483827,54.85,0.04
3093,2021-06-15,UMB,5967,3007,2960,3900,2067,0,ITI,ITI2,10,Umbria,Umbria,882015,489794,55.53,0.68
3094,2021-06-17,UMB,6968,3542,3426,4881,2079,8,ITI,ITI2,10,Umbria,Umbria,882015,496762,56.32,0.79
3095,2021-04-17,UMB,6676,3069,3607,5171,1340,165,ITI,ITI2,10,Umbria,Umbria,882015,503438,57.08,0.76
3096,2021-01-05,UMB,854,429,425,854,0,0,ITI,ITI2,10,Umbria,Umbria,882015,504292,57.17,0.1
3097,2021-06-20,UMB,6211,2999,3212,1585,4626,0,ITI,ITI2,10,Umbria,Umbria,882015,510503,57.88,0.7
3098,2021-04-24,UMB,4561,1961,2600,3276,1182,103,ITI,ITI2,10,Umbria,Umbria,882015,515064,58.4,0.52
3099,2021-01-12,UMB,834,247,587,834,0,0,ITI,ITI2,10,Umbria,Umbria,882015,515898,58.49,0.09
3100,2021-03-14,UMB,66,48,18,66,0,0,ITI,ITI2,10,Umbria,Umbria,882015,515964,58.5,0.01
3101,2021-06-22,UMB,8032,4078,3954,5246,2784,2,ITI,ITI2,10,Umbria,Umbria,882015,523996,59.41,0.91
3102,2021-03-12,UMB,2694,1081,1613,2191,495,8,ITI,ITI2,10,Umbria,Umbria,882015,526690,59.71,0.31
3103,2021-01-24,UMB,258,106,152,1,257,0,ITI,ITI2,10,Umbria,Umbria,882015,526948,59.74,0.03
3104,2021-06-08,UMB,7376,3641,3735,6829,545,2,ITI,ITI2,10,Umbria,Umbria,882015,534324,60.58,0.84
3105,2021-03-17,UMB,3329,1313,2016,1855,1472,2,ITI,ITI2,10,Umbria,Umbria,882015,537653,60.96,0.38
3106,2021-01-07,UMB,1300,387,913,1300,0,0,ITI,ITI2,10,Umbria,Umbria,882015,538953,61.1,0.15
3107,2021-06-25,UMB,10100,5229,4871,5381,4716,3,ITI,ITI2,10,Umbria,Umbria,882015,549053,62.25,1.15
3108,2021-01-26,UMB,815,389,426,17,798,0,ITI,ITI2,10,Umbria,Umbria,882015,549868,62.34,0.09
3109,2021-02-12,UMB,670,224,446,664,6,0,ITI,ITI2,10,Umbria,Umbria,882015,550538,62.42,0.08
3110,2021-02-26,UMB,660,253,407,650,8,2,ITI,ITI2,10,Umbria,Umbria,882015,551198,62.49,0.07
3111,2021-05-06,UMB,9449,4313,5136,6011,3314,124,ITI,ITI2,10,Umbria,Umbria,882015,560647,63.56,1.07
3112,2021-06-10,UMB,7458,3718,3740,6684,774,0,ITI,ITI2,10,Umbria,Umbria,882015,568105,64.41,0.85
3113,2021-06-13,UMB,6763,3556,3207,6532,230,1,ITI,ITI2,10,Umbria,Umbria,882015,574868,65.18,0.77
3114,2021-05-01,UMB,5370,2638,2732,2096,3230,44,ITI,ITI2,10,Umbria,Umbria,882015,580238,65.79,0.61
3115,2021-03-05,UMB,4618,1402,3216,3947,656,15,ITI,ITI2,10,Umbria,Umbria,882015,584856,66.31,0.52
3116,2021-03-03,UMB,4431,1770,2661,3718,710,3,ITI,ITI2,10,Umbria,Umbria,882015,589287,66.81,0.5
3117,2021-03-21,UMB,675,338,337,672,0,3,ITI,ITI2,10,Umbria,Umbria,882015,589962,66.89,0.08
3118,2021-06-29,UMB,9866,5026,4840,4189,5677,0,ITI,ITI2,10,Umbria,Umbria,882015,599828,68.01,1.12
3119,2021-05-17,UMB,6368,3060,3308,4139,2177,52,ITI,ITI2,10,Umbria,Umbria,882015,606196,68.73,0.72
3120,2021-01-14,UMB,722,192,530,722,0,0,ITI,ITI2,10,Umbria,Umbria,882015,606918,68.81,0.08
3121,2021-03-19,UMB,1740,565,1175,1079,656,5,ITI,ITI2,10,Umbria,Umbria,882015,608658,69.01,0.2
3122,2021-03-13,UMB,1735,524,1211,1486,249,0,ITI,ITI2,10,Umbria,Umbria,882015,610393,69.2,0.2
3123,2021-01-15,UMB,695,213,482,695,0,0,ITI,ITI2,10,Umbria,Umbria,882015,611088,69.28,0.08
3124,2021-01-29,UMB,1230,348,882,79,1151,0,ITI,ITI2,10,Umbria,Umbria,882015,612318,69.42,0.14
3125,2021-05-09,UMB,5753,2752,3001,5241,391,121,ITI,ITI2,10,Umbria,Umbria,882015,618071,70.07,0.65
3126,2021-07-09,UMB,9454,4569,4885,117,9323,14,ITI,ITI2,10,Umbria,Umbria,882015,627525,71.15,1.07
3127,2021-07-16,UMB,4593,2306,2287,375,4190,28,ITI,ITI2,10,Umbria,Umbria,882015,632118,71.67,0.52
3128,2021-05-20,UMB,9831,4585,5246,6100,3650,81,ITI,ITI2,10,Umbria,Umbria,882015,641949,72.78,1.11
3129,2021-03-26,UMB,4588,1712,2876,4345,172,71,ITI,ITI2,10,Umbria,Umbria,882015,646537,73.3,0.52
3130,2021-01-02,UMB,304,111,193,304,0,0,ITI,ITI2,10,Umbria,Umbria,882015,646841,73.34,0.03
3131,2021-03-07,UMB,845,180,665,837,7,1,ITI,ITI2,10,Umbria,Umbria,882015,647686,73.43,0.1
3132,2021-06-06,UMB,7608,3904,3704,6913,693,2,ITI,ITI2,10,Umbria,Umbria,882015,655294,74.3,0.86
3133,2021-02-24,UMB,1518,563,955,1503,15,0,ITI,ITI2,10,Umbria,Umbria,882015,656812,74.47,0.17
3134,2021-07-06,UMB,8584,4086,4498,152,8411,21,ITI,ITI2,10,Umbria,Umbria,882015,665396,75.44,0.97
3135,2021-05-10,UMB,5978,2794,3184,3761,2148,69,ITI,ITI2,10,Umbria,Umbria,882015,671374,76.12,0.68
3136,2021-05-08,UMB,8129,3739,4390,4794,3226,109,ITI,ITI2,10,Umbria,Umbria,882015,679503,77.04,0.92
3137,2021-01-28,UMB,1248,394,854,19,1229,0,ITI,ITI2,10,Umbria,Umbria,882015,680751,77.18,0.14
3138,2021-05-03,UMB,5086,2270,2816,2098,2887,101,ITI,ITI2,10,Umbria,Umbria,882015,685837,77.76,0.58
3139,2021-01-23,UMB,280,100,180,2,278,0,ITI,ITI2,10,Umbria,Umbria,882015,686117,77.79,0.03
3140,2021-01-21,UMB,608,202,406,338,269,1,ITI,ITI2,10,Umbria,Umbria,882015,686725,77.86,0.07
3141,2021-06-27,UMB,7455,3729,3726,1767,5688,0,ITI,ITI2,10,Umbria,Umbria,882015,694180,78.7,0.85
3142,2021-06-01,UMB,4381,2089,2292,4226,155,0,ITI,ITI2,10,Umbria,Umbria,882015,698561,79.2,0.5
3143,2021-03-10,UMB,4031,1943,2088,2760,1256,15,ITI,ITI2,10,Umbria,Umbria,882015,702592,79.66,0.46
3144,2021-01-16,UMB,217,71,146,216,0,1,ITI,ITI2,10,Umbria,Umbria,882015,702809,79.68,0.02
3145,2021-02-02,UMB,942,272,670,32,910,0,ITI,ITI2,10,Umbria,Umbria,882015,703751,79.79,0.11
3146,2021-03-31,UMB,3897,1728,2169,2179,1686,32,ITI,ITI2,10,Umbria,Umbria,882015,707648,80.23,0.44
3147,2021-02-16,UMB,1308,655,653,1299,9,0,ITI,ITI2,10,Umbria,Umbria,882015,708956,80.38,0.15
3148,2021-05-27,UMB,9966,4863,5103,8474,1317,175,ITI,ITI2,10,Umbria,Umbria,882015,718922,81.51,1.13
3149,2021-01-04,UMB,809,398,411,809,0,0,ITI,ITI2,10,Umbria,Umbria,882015,719731,81.6,0.09
3150,2021-04-14,UMB,8151,3679,4472,6095,1979,77,ITI,ITI2,10,Umbria,Umbria,882015,727882,82.52,0.92
3151,2021-06-03,UMB,9037,4468,4569,8749,288,0,ITI,ITI2,10,Umbria,Umbria,882015,736919,83.55,1.02
3152,2021-04-07,UMB,5571,2291,3280,3481,2005,85,ITI,ITI2,10,Umbria,Umbria,882015,742490,84.18,0.63
3153,2021-02-23,UMB,1691,657,1034,1649,42,0,ITI,ITI2,10,Umbria,Umbria,882015,744181,84.37,0.19
3154,2021-05-29,UMB,7854,3609,4245,6174,1566,114,ITI,ITI2,10,Umbria,Umbria,882015,752035,85.26,0.89
3155,2021-07-13,UMB,4194,1988,2206,79,4109,6,ITI,ITI2,10,Umbria,Umbria,882015,756229,85.74,0.48
3156,2021-04-21,UMB,5322,2317,3005,3056,2227,39,ITI,ITI2,10,Umbria,Umbria,882015,761551,86.34,0.6
3157,2021-04-26,UMB,5394,2340,3054,3103,2251,40,ITI,ITI2,10,Umbria,Umbria,882015,766945,86.95,0.61
3158,2021-04-09,UMB,6731,3126,3605,6406,209,116,ITI,ITI2,10,Umbria,Umbria,882015,773676,87.72,0.76
3159,2021-04-28,UMB,5381,2326,3055,2942,2395,44,ITI,ITI2,10,Umbria,Umbria,882015,779057,88.33,0.61
3160,2021-02-04,UMB,733,226,507,25,708,0,ITI,ITI2,10,Umbria,Umbria,882015,779790,88.41,0.08
3161,2021-05-15,UMB,4990,1882,3108,1764,3164,62,ITI,ITI2,10,Umbria,Umbria,882015,784780,88.98,0.57
3162,2021-03-02,UMB,3641,1346,2295,3634,4,3,ITI,ITI2,10,Umbria,Umbria,882015,788421,89.39,0.41
3163,2021-06-24,UMB,10140,5113,5027,6142,3998,0,ITI,ITI2,10,Umbria,Umbria,882015,798561,90.54,1.15
3164,2021-02-11,UMB,839,348,491,834,5,0,ITI,ITI2,10,Umbria,Umbria,882015,799400,90.63,0.1
3165,2021-05-22,UMB,6960,2752,4208,2594,4319,47,ITI,ITI2,10,Umbria,Umbria,882015,806360,91.42,0.79
3166,2021-07-11,UMB,5864,2956,2908,83,5780,1,ITI,ITI2,10,Umbria,Umbria,882015,812224,92.09,0.66
3167,2021-04-02,UMB,4343,1778,2565,3545,755,43,ITI,ITI2,10,Umbria,Umbria,882015,816567,92.58,0.49
3168,2021-01-09,UMB,1717,495,1222,1717,0,0,ITI,ITI2,10,Umbria,Umbria,882015,818284,92.77,0.19
3169,2021-04-19,UMB,5033,2226,2807,2930,2048,55,ITI,ITI2,10,Umbria,Umbria,882015,823317,93.35,0.57
3170,2021-05-11,UMB,6234,2833,3401,3900,2193,141,ITI,ITI2,10,Umbria,Umbria,882015,829551,94.05,0.71
3171,2021-03-29,UMB,3629,1599,2030,2151,1420,58,ITI,ITI2,10,Umbria,Umbria,882015,833180,94.46,0.41
3172,2021-01-31,UMB,1058,276,782,25,1033,0,ITI,ITI2,10,Umbria,Umbria,882015,834238,94.58,0.12
3173,2021-05-25,UMB,8813,4301,4512,7584,1063,166,ITI,ITI2,10,Umbria,Umbria,882015,843051,95.58,1.0
3174,2021-05-18,UMB,7741,3353,4388,3822,3837,82,ITI,ITI2,10,Umbria,Umbria,882015,850792,96.46,0.88
3175,2021-03-22,UMB,3561,1656,1905,2305,1246,10,ITI,ITI2,10,Umbria,Umbria,882015,854353,96.86,0.4
3176,2021-04-05,UMB,4248,1728,2520,2181,2055,12,ITI,ITI2,10,Umbria,Umbria,882015,858601,97.35,0.48
3177,2021-02-07,UMB,54,17,37,1,53,0,ITI,ITI2,10,Umbria,Umbria,882015,858655,97.35,0.01
3178,2021-07-14,UMB,6146,2985,3161,1751,4212,183,ITI,ITI2,10,Umbria,Umbria,882015,864801,98.05,0.7
3179,2021-06-05,UMB,8221,3775,4446,5564,2654,3,ITI,ITI2,10,Umbria,Umbria,882015,873022,98.98,0.93
3180,2021-05-04,ABR,10861,5100,5761,7055,3616,190,ITF,ITF1,13,Abruzzo,Abruzzo,1304970,10861,0.83,0.83
3181,2021-03-08,ABR,5151,1693,3458,4090,970,91,ITF,ITF1,13,Abruzzo,Abruzzo,1304970,16012,1.23,0.39
3182,2021-01-24,ABR,50,22,28,6,44,0,ITF,ITF1,13,Abruzzo,Abruzzo,1304970,16062,1.23,0.0
3183,2021-03-01,ABR,3478,1385,2093,2704,751,23,ITF,ITF1,13,Abruzzo,Abruzzo,1304970,19540,1.5,0.27
3184,2021-06-18,ABR,10169,4992,5177,6542,3485,142,ITF,ITF1,13,Abruzzo,Abruzzo,1304970,29709,2.28,0.78
3185,2021-03-03,ABR,4633,1891,2742,3704,906,23,ITF,ITF1,13,Abruzzo,Abruzzo,1304970,34342,2.63,0.36
3186,2021-07-14,ABR,13753,6808,6945,2440,11161,152,ITF,ITF1,13,Abruzzo,Abruzzo,1304970,48095,3.69,1.05
3187,2021-04-08,ABR,7395,3338,4057,4934,2330,131,ITF,ITF1,13,Abruzzo,Abruzzo,1304970,55490,4.25,0.57
3188,2021-04-22,ABR,6733,3251,3482,4829,1729,175,ITF,ITF1,13,Abruzzo,Abruzzo,1304970,62223,4.77,0.52
3189,2021-03-22,ABR,4345,1908,2437,2312,1971,62,ITF,ITF1,13,Abruzzo,Abruzzo,1304970,66568,5.1,0.33
3190,2021-06-30,ABR,11086,5394,5692,4446,6475,165,ITF,ITF1,13,Abruzzo,Abruzzo,1304970,77654,5.95,0.85
3191,2021-01-10,ABR,1139,409,730,1135,0,4,ITF,ITF1,13,Abruzzo,Abruzzo,1304970,78793,6.04,0.09
3192,2021-04-29,ABR,12675,5851,6824,9279,3094,302,ITF,ITF1,13,Abruzzo,Abruzzo,1304970,91468,7.01,0.97
3193,2021-06-25,ABR,11057,5476,5581,4903,6012,142,ITF,ITF1,13,Abruzzo,Abruzzo,1304970,102525,7.86,0.85
3194,2021-01-15,ABR,380,150,230,366,0,14,ITF,ITF1,13,Abruzzo,Abruzzo,1304970,102905,7.89,0.03
3195,2021-04-27,ABR,9084,4368,4716,6507,2466,111,ITF,ITF1,13,Abruzzo,Abruzzo,1304970,111989,8.58,0.7
3196,2021-07-02,ABR,11836,5946,5890,4831,6823,182,ITF,ITF1,13,Abruzzo,Abruzzo,1304970,123825,9.49,0.91
3197,2021-01-22,ABR,118,57,61,118,0,0,ITF,ITF1,13,Abruzzo,Abruzzo,1304970,123943,9.5,0.01
3198,2021-01-03,ABR,471,185,286,469,0,2,ITF,ITF1,13,Abruzzo,Abruzzo,1304970,124414,9.53,0.04
3199,2021-05-30,ABR,8658,4110,4548,5326,3253,79,ITF,ITF1,13,Abruzzo,Abruzzo,1304970,133072,10.2,0.66
3200,2021-04-03,ABR,5160,2257,2903,3484,1597,79,ITF,ITF1,13,Abruzzo,Abruzzo,1304970,138232,10.59,0.4
3201,2021-07-12,ABR,15103,7472,7631,2395,12593,115,ITF,ITF1,13,Abruzzo,Abruzzo,1304970,153335,11.75,1.16
3202,2021-02-22,ABR,2643,1174,1469,2588,30,25,ITF,ITF1,13,Abruzzo,Abruzzo,1304970,155978,11.95,0.2
3203,2021-02-05,ABR,1534,521,1013,772,746,16,ITF,ITF1,13,Abruzzo,Abruzzo,1304970,157512,12.07,0.12
3204,2021-05-16,ABR,9576,4136,5440,5646,3813,117,ITF,ITF1,13,Abruzzo,Abruzzo,1304970,167088,12.8,0.73
3205,2021-06-04,ABR,15639,7393,8246,10760,4693,186,ITF,ITF1,13,Abruzzo,Abruzzo,1304970,182727,14.0,1.2
3206,2021-05-18,ABR,12110,5660,6450,7562,4380,168,ITF,ITF1,13,Abruzzo,Abruzzo,1304970,194837,14.93,0.93
3207,2021-02-24,ABR,3305,1441,1864,3112,176,17,ITF,ITF1,13,Abruzzo,Abruzzo,1304970,198142,15.18,0.25
3208,2021-02-10,ABR,947,312,635,493,444,10,ITF,ITF1,13,Abruzzo,Abruzzo,1304970,199089,15.26,0.07
3209,2020-12-27,ABR,37,19,18,37,0,0,ITF,ITF1,13,Abruzzo,Abruzzo,1304970,199126,15.26,0.0
3210,2021-03-20,ABR,4793,2199,2594,2560,2171,62,ITF,ITF1,13,Abruzzo,Abruzzo,1304970,203919,15.63,0.37
3211,2021-06-13,ABR,9848,4924,4924,7849,1834,165,ITF,ITF1,13,Abruzzo,Abruzzo,1304970,213767,16.38,0.75
3212,2021-02-02,ABR,1763,668,1095,218,1541,4,ITF,ITF1,13,Abruzzo,Abruzzo,1304970,215530,16.52,0.14
3213,2021-05-13,ABR,11147,5042,6105,6960,3959,228,ITF,ITF1,13,Abruzzo,Abruzzo,1304970,226677,17.37,0.85
3214,2021-03-31,ABR,6715,2939,3776,4556,2069,90,ITF,ITF1,13,Abruzzo,Abruzzo,1304970,233392,17.88,0.51
3215,2021-05-15,ABR,11426,5178,6248,5947,5303,176,ITF,ITF1,13,Abruzzo,Abruzzo,1304970,244818,18.76,0.88
3216,2021-07-11,ABR,9883,4971,4912,2369,7384,130,ITF,ITF1,13,Abruzzo,Abruzzo,1304970,254701,19.52,0.76
3217,2021-03-15,ABR,3683,1447,2236,1845,1807,31,ITF,ITF1,13,Abruzzo,Abruzzo,1304970,258384,19.8,0.28
3218,2021-01-17,ABR,188,59,129,180,7,1,ITF,ITF1,13,Abruzzo,Abruzzo,1304970,258572,19.81,0.01
3219,2021-06-23,ABR,11010,5282,5728,5582,5283,145,ITF,ITF1,13,Abruzzo,Abruzzo,1304970,269582,20.66,0.84
3220,2021-03-17,ABR,4539,1873,2666,2776,1740,23,ITF,ITF1,13,Abruzzo,Abruzzo,1304970,274121,21.01,0.35
3221,2021-02-17,ABR,2071,948,1123,1780,282,9,ITF,ITF1,13,Abruzzo,Abruzzo,1304970,276192,21.16,0.16
3222,2021-06-11,ABR,11774,5850,5924,8831,2762,181,ITF,ITF1,13,Abruzzo,Abruzzo,1304970,287966,22.07,0.9
3223,2021-05-11,ABR,10761,5118,5643,5735,4851,175,ITF,ITF1,13,Abruzzo,Abruzzo,1304970,298727,22.89,0.82
3224,2021-03-27,ABR,6121,2620,3501,3564,2486,71,ITF,ITF1,13,Abruzzo,Abruzzo,1304970,304848,23.36,0.47
3225,2021-01-05,ABR,1615,604,1011,1610,0,5,ITF,ITF1,13,Abruzzo,Abruzzo,1304970,306463,23.48,0.12
3226,2021-04-15,ABR,7818,3678,4140,5833,1840,145,ITF,ITF1,13,Abruzzo,Abruzzo,1304970,314281,24.08,0.6
3227,2021-07-07,ABR,12008,5887,6121,4028,7742,238,ITF,ITF1,13,Abruzzo,Abruzzo,1304970,326289,25.0,0.92
3228,2021-07-09,ABR,13603,6789,6814,2895,10575,133,ITF,ITF1,13,Abruzzo,Abruzzo,1304970,339892,26.05,1.04
3229,2021-06-22,ABR,10401,4875,5526,5384,4839,178,ITF,ITF1,13,Abruzzo,Abruzzo,1304970,350293,26.84,0.8
3230,2021-02-12,ABR,1228,567,661,1026,189,13,ITF,ITF1,13,Abruzzo,Abruzzo,1304970,351521,26.94,0.09
3231,2021-05-23,ABR,9881,4696,5185,7068,2692,121,ITF,ITF1,13,Abruzzo,Abruzzo,1304970,361402,27.69,0.76
3232,2021-06-06,ABR,11148,5307,5841,8778,2241,129,ITF,ITF1,13,Abruzzo,Abruzzo,1304970,372550,28.55,0.85
3233,2021-04-10,ABR,8774,4057,4717,6127,2508,139,ITF,ITF1,13,Abruzzo,Abruzzo,1304970,381324,29.22,0.67
3234,2021-01-29,ABR,1387,449,938,73,1313,1,ITF,ITF1,13,Abruzzo,Abruzzo,1304970,382711,29.33,0.11
3235,2021-05-27,ABR,13308,6093,7215,8314,4820,174,ITF,ITF1,13,Abruzzo,Abruzzo,1304970,396019,30.35,1.02
3236,2021-03-19,ABR,5794,2584,3210,2733,3020,41,ITF,ITF1,13,Abruzzo,Abruzzo,1304970,401813,30.79,0.44
3237,2021-02-03,ABR,2063,717,1346,411,1644,8,ITF,ITF1,13,Abruzzo,Abruzzo,1304970,403876,30.95,0.16
3238,2021-02-28,ABR,1705,511,1194,1668,2,35,ITF,ITF1,13,Abruzzo,Abruzzo,1304970,405581,31.08,0.13
3239,2021-01-02,ABR,552,220,332,551,0,1,ITF,ITF1,13,Abruzzo,Abruzzo,1304970,406133,31.12,0.04
3240,2021-06-08,ABR,12865,6619,6246,10433,2196,236,ITF,ITF1,13,Abruzzo,Abruzzo,1304970,418998,32.11,0.99
3241,2021-04-26,ABR,8563,4066,4497,7144,1213,206,ITF,ITF1,13,Abruzzo,Abruzzo,1304970,427561,32.76,0.66
3242,2021-06-01,ABR,11005,4884,6121,6511,4374,120,ITF,ITF1,13,Abruzzo,Abruzzo,1304970,438566,33.61,0.84
3243,2021-01-19,ABR,111,55,56,90,20,1,ITF,ITF1,13,Abruzzo,Abruzzo,1304970,438677,33.62,0.01
3244,2021-02-07,ABR,779,308,471,200,578,1,ITF,ITF1,13,Abruzzo,Abruzzo,1304970,439456,33.68,0.06
3245,2021-03-10,ABR,5048,1682,3366,4027,957,64,ITF,ITF1,13,Abruzzo,Abruzzo,1304970,444504,34.06,0.39
3246,2021-01-26,ABR,1542,567,975,29,1513,0,ITF,ITF1,13,Abruzzo,Abruzzo,1304970,446046,34.18,0.12
3247,2021-05-06,ABR,12974,6073,6901,7795,5026,153,ITF,ITF1,13,Abruzzo,Abruzzo,1304970,459020,35.17,0.99
3248,2021-03-24,ABR,6382,2784,3598,3998,2250,134,ITF,ITF1,13,Abruzzo,Abruzzo,1304970,465402,35.66,0.49
3249,2021-02-09,ABR,909,312,597,499,409,1,ITF,ITF1,13,Abruzzo,Abruzzo,1304970,466311,35.73,0.07
3250,2021-07-04,ABR,8374,4215,4159,3333,4917,124,ITF,ITF1,13,Abruzzo,Abruzzo,1304970,474685,36.38,0.64
3251,2021-03-29,ABR,5708,2599,3109,3020,2639,49,ITF,ITF1,13,Abruzzo,Abruzzo,1304970,480393,36.81,0.44
3252,2021-03-05,ABR,5349,1958,3391,4593,697,59,ITF,ITF1,13,Abruzzo,Abruzzo,1304970,485742,37.22,0.41
3253,2021-06-27,ABR,8374,4304,4070,5015,3218,141,ITF,ITF1,13,Abruzzo,Abruzzo,1304970,494116,37.86,0.64
3254,2021-04-07,ABR,7222,3333,3889,4314,2784,124,ITF,ITF1,13,Abruzzo,Abruzzo,1304970,501338,38.42,0.55
3255,2021-07-16,ABR,6450,3185,3265,915,5504,31,ITF,ITF1,13,Abruzzo,Abruzzo,1304970,507788,38.91,0.49
3256,2021-05-08,ABR,10292,4870,5422,6339,3832,121,ITF,ITF1,13,Abruzzo,Abruzzo,1304970,518080,39.7,0.79
3257,2021-04-05,ABR,2692,1147,1545,1731,879,82,ITF,ITF1,13,Abruzzo,Abruzzo,1304970,520772,39.91,0.21
3258,2021-01-12,ABR,1805,667,1138,1791,0,14,ITF,ITF1,13,Abruzzo,Abruzzo,1304970,522577,40.05,0.14
3259,2021-05-25,ABR,11420,5326,6094,8084,3138,198,ITF,ITF1,13,Abruzzo,Abruzzo,1304970,533997,40.92,0.88
3260,2021-04-17,ABR,7356,3401,3955,4215,3051,90,ITF,ITF1,13,Abruzzo,Abruzzo,1304970,541353,41.48,0.56
3261,2021-02-19,ABR,3300,1551,1749,3162,100,38,ITF,ITF1,13,Abruzzo,Abruzzo,1304970,544653,41.74,0.25
3262,2021-01-07,ABR,1605,553,1052,1598,0,7,ITF,ITF1,13,Abruzzo,Abruzzo,1304970,546258,41.86,0.12
3263,2021-01-21,ABR,157,47,110,157,0,0,ITF,ITF1,13,Abruzzo,Abruzzo,1304970,546415,41.87,0.01
3264,2021-05-01,ABR,10734,5042,5692,5628,4974,132,ITF,ITF1,13,Abruzzo,Abruzzo,1304970,557149,42.69,0.82
3265,2021-05-20,ABR,12803,5928,6875,7415,5262,126,ITF,ITF1,13,Abruzzo,Abruzzo,1304970,569952,43.68,0.98
3266,2021-06-03,ABR,13186,6279,6907,9239,3776,171,ITF,ITF1,13,Abruzzo,Abruzzo,1304970,583138,44.69,1.01
3267,2021-03-12,ABR,6016,1987,4029,4356,1583,77,ITF,ITF1,13,Abruzzo,Abruzzo,1304970,589154,45.15,0.46
3268,2021-06-20,ABR,8442,4238,4204,5414,2928,100,ITF,ITF1,13,Abruzzo,Abruzzo,1304970,597596,45.79,0.65
3269,2021-03-14,ABR,1883,731,1152,1201,666,16,ITF,ITF1,13,Abruzzo,Abruzzo,1304970,599479,45.94,0.14
3270,2021-02-25,ABR,3052,1340,1712,2506,528,18,ITF,ITF1,13,Abruzzo,Abruzzo,1304970,602531,46.17,0.23
3271,2021-06-05,ABR,14614,6862,7752,10372,4044,198,ITF,ITF1,13,Abruzzo,Abruzzo,1304970,617145,47.29,1.12
3272,2021-06-19,ABR,10484,5163,5321,6485,3828,171,ITF,ITF1,13,Abruzzo,Abruzzo,1304970,627629,48.1,0.8
3273,2021-03-28,ABR,2419,1018,1401,1994,375,50,ITF,ITF1,13,Abruzzo,Abruzzo,1304970,630048,48.28,0.19
3274,2021-07-06,ABR,9914,4940,4974,4094,5656,164,ITF,ITF1,13,Abruzzo,Abruzzo,1304970,639962,49.04,0.76
3275,2021-04-14,ABR,6593,2949,3644,4341,2120,132,ITF,ITF1,13,Abruzzo,Abruzzo,1304970,646555,49.55,0.51
3276,2021-01-04,ABR,1403,576,827,1397,0,6,ITF,ITF1,13,Abruzzo,Abruzzo,1304970,647958,49.65,0.11
3277,2021-01-23,ABR,264,115,149,51,207,6,ITF,ITF1,13,Abruzzo,Abruzzo,1304970,648222,49.67,0.02
3278,2021-05-03,ABR,11147,5256,5891,7135,3833,179,ITF,ITF1,13,Abruzzo,Abruzzo,1304970,659369,50.53,0.85
3279,2021-07-08,ABR,13489,6677,6812,3417,9909,163,ITF,ITF1,13,Abruzzo,Abruzzo,1304970,672858,51.56,1.03
3280,2021-04-16,ABR,7537,3488,4049,5499,1916,122,ITF,ITF1,13,Abruzzo,Abruzzo,1304970,680395,52.14,0.58
3281,2021-03-11,ABR,5494,2220,3274,4272,1138,84,ITF,ITF1,13,Abruzzo,Abruzzo,1304970,685889,52.56,0.42
3282,2021-06-02,ABR,9764,4745,5019,6837,2810,117,ITF,ITF1,13,Abruzzo,Abruzzo,1304970,695653,53.31,0.75
3283,2021-04-09,ABR,8988,4258,4730,6247,2602,139,ITF,ITF1,13,Abruzzo,Abruzzo,1304970,704641,54.0,0.69
3284,2021-04-02,ABR,6692,3102,3590,5117,1487,88,ITF,ITF1,13,Abruzzo,Abruzzo,1304970,711333,54.51,0.51
3285,2021-02-04,ABR,1682,616,1066,598,1072,12,ITF,ITF1,13,Abruzzo,Abruzzo,1304970,713015,54.64,0.13
3286,2021-04-04,ABR,1632,768,864,1460,129,43,ITF,ITF1,13,Abruzzo,Abruzzo,1304970,714647,54.76,0.13
3287,2021-07-13,ABR,15542,7755,7787,2843,12521,178,ITF,ITF1,13,Abruzzo,Abruzzo,1304970,730189,55.95,1.19
3288,2021-06-16,ABR,10880,5446,5434,7993,2674,213,ITF,ITF1,13,Abruzzo,Abruzzo,1304970,741069,56.79,0.83
3289,2021-02-27,ABR,2813,1339,1474,2513,267,33,ITF,ITF1,13,Abruzzo,Abruzzo,1304970,743882,57.0,0.22
3290,2021-01-31,ABR,1521,494,1027,288,1232,1,ITF,ITF1,13,Abruzzo,Abruzzo,1304970,745403,57.12,0.12
3291,2021-05-10,ABR,10107,4782,5325,5372,4649,86,ITF,ITF1,13,Abruzzo,Abruzzo,1304970,755510,57.89,0.77
3292,2021-04-23,ABR,7391,3393,3998,4923,2305,163,ITF,ITF1,13,Abruzzo,Abruzzo,1304970,762901,58.46,0.57
3293,2021-01-30,ABR,1511,568,943,68,1442,1,ITF,ITF1,13,Abruzzo,Abruzzo,1304970,764412,58.58,0.12
3294,2021-04-24,ABR,8727,3974,4753,6943,1530,254,ITF,ITF1,13,Abruzzo,Abruzzo,1304970,773139,59.25,0.67
3295,2021-01-14,ABR,530,189,341,528,0,2,ITF,ITF1,13,Abruzzo,Abruzzo,1304970,773669,59.29,0.04
3296,2021-02-16,ABR,1917,842,1075,1892,12,13,ITF,ITF1,13,Abruzzo,Abruzzo,1304970,775586,59.43,0.15
3297,2021-03-02,ABR,3965,1675,2290,3261,684,20,ITF,ITF1,13,Abruzzo,Abruzzo,1304970,779551,59.74,0.3
3298,2021-06-10,ABR,12708,6319,6389,10310,2160,238,ITF,ITF1,13,Abruzzo,Abruzzo,1304970,792259,60.71,0.97
3299,2021-01-28,ABR,1433,495,938,12,1421,0,ITF,ITF1,13,Abruzzo,Abruzzo,1304970,793692,60.82,0.11
3300,2021-01-11,ABR,1553,557,996,1549,0,4,ITF,ITF1,13,Abruzzo,Abruzzo,1304970,795245,60.94,0.12
3301,2021-04-21,ABR,6387,3101,3286,4638,1672,77,ITF,ITF1,13,Abruzzo,Abruzzo,1304970,801632,61.43,0.49
3302,2021-07-15,ABR,16009,8120,7889,3143,12692,174,ITF,ITF1,13,Abruzzo,Abruzzo,1304970,817641,62.66,1.23
3303,2021-06-28,ABR,10047,4833,5214,5307,4573,167,ITF,ITF1,13,Abruzzo,Abruzzo,1304970,827688,63.43,0.77
3304,2021-04-06,ABR,7677,3578,4099,5234,2318,125,ITF,ITF1,13,Abruzzo,Abruzzo,1304970,835365,64.01,0.59
3305,2021-02-11,ABR,816,262,554,771,43,2,ITF,ITF1,13,Abruzzo,Abruzzo,1304970,836181,64.08,0.06
3306,2021-05-24,ABR,12221,5837,6384,8723,3339,159,ITF,ITF1,13,Abruzzo,Abruzzo,1304970,848402,65.01,0.94
3307,2021-06-07,ABR,11094,5289,5805,9071,1838,185,ITF,ITF1,13,Abruzzo,Abruzzo,1304970,859496,65.86,0.85
3308,2021-04-11,ABR,5380,2628,2752,4842,487,51,ITF,ITF1,13,Abruzzo,Abruzzo,1304970,864876,66.28,0.41
3309,2021-06-09,ABR,11574,6093,5481,9707,1685,182,ITF,ITF1,13,Abruzzo,Abruzzo,1304970,876450,67.16,0.89
3310,2021-02-26,ABR,3925,1680,2245,2930,969,26,ITF,ITF1,13,Abruzzo,Abruzzo,1304970,880375,67.46,0.3
3311,2021-01-18,ABR,125,51,74,46,79,0,ITF,ITF1,13,Abruzzo,Abruzzo,1304970,880500,67.47,0.01
3312,2021-06-24,ABR,10822,5384,5438,5686,4969,167,ITF,ITF1,13,Abruzzo,Abruzzo,1304970,891322,68.3,0.83
3313,2021-04-28,ABR,9511,4586,4925,7316,2023,172,ITF,ITF1,13,Abruzzo,Abruzzo,1304970,900833,69.03,0.73
3314,2021-05-12,ABR,9630,4601,5029,5875,3581,174,ITF,ITF1,13,Abruzzo,Abruzzo,1304970,910463,69.77,0.74
3315,2021-03-16,ABR,3484,1452,2032,1802,1654,28,ITF,ITF1,13,Abruzzo,Abruzzo,1304970,913947,70.04,0.27
3316,2021-05-05,ABR,11629,5568,6061,6268,5203,158,ITF,ITF1,13,Abruzzo,Abruzzo,1304970,925576,70.93,0.89
3317,2021-03-09,ABR,5177,1804,3373,4156,938,83,ITF,ITF1,13,Abruzzo,Abruzzo,1304970,930753,71.32,0.4
3318,2021-07-01,ABR,12752,6278,6474,5769,6760,223,ITF,ITF1,13,Abruzzo,Abruzzo,1304970,943505,72.3,0.98
3319,2021-06-17,ABR,10914,5456,5458,7301,3455,158,ITF,ITF1,13,Abruzzo,Abruzzo,1304970,954419,73.14,0.84
3320,2021-03-13,ABR,4127,1421,2706,3015,1043,69,ITF,ITF1,13,Abruzzo,Abruzzo,1304970,958546,73.45,0.32
3321,2021-06-21,ABR,11037,5383,5654,4933,5976,128,ITF,ITF1,13,Abruzzo,Abruzzo,1304970,969583,74.3,0.85
3322,2021-03-30,ABR,5128,2261,2867,3147,1822,159,ITF,ITF1,13,Abruzzo,Abruzzo,1304970,974711,74.69,0.39
3323,2021-01-06,ABR,1833,664,1169,1823,0,10,ITF,ITF1,13,Abruzzo,Abruzzo,1304970,976544,74.83,0.14
3324,2021-02-18,ABR,2288,933,1355,2140,130,18,ITF,ITF1,13,Abruzzo,Abruzzo,1304970,978832,75.01,0.18
3325,2021-05-29,ABR,10316,4428,5888,4456,5771,89,ITF,ITF1,13,Abruzzo,Abruzzo,1304970,989148,75.8,0.79
3326,2021-05-22,ABR,13154,6391,6763,8131,4911,112,ITF,ITF1,13,Abruzzo,Abruzzo,1304970,1002302,76.81,1.01
3327,2021-03-26,ABR,5355,2312,3043,3178,2075,102,ITF,ITF1,13,Abruzzo,Abruzzo,1304970,1007657,77.22,0.41
3328,2021-05-31,ABR,11334,5113,6221,6762,4444,128,ITF,ITF1,13,Abruzzo,Abruzzo,1304970,1018991,78.09,0.87
3329,2021-04-20,ABR,5636,2713,2923,4110,1454,72,ITF,ITF1,13,Abruzzo,Abruzzo,1304970,1024627,78.52,0.43
3330,2021-04-25,ABR,9067,4622,4445,8058,810,199,ITF,ITF1,13,Abruzzo,Abruzzo,1304970,1033694,79.21,0.69
3331,2021-01-08,ABR,1526,507,1019,1517,0,9,ITF,ITF1,13,Abruzzo,Abruzzo,1304970,1035220,79.33,0.12
3332,2021-04-18,ABR,5813,2727,3086,4725,943,145,ITF,ITF1,13,Abruzzo,Abruzzo,1304970,1041033,79.77,0.45
3333,2021-06-29,ABR,11387,5619,5768,5223,5978,186,ITF,ITF1,13,Abruzzo,Abruzzo,1304970,1052420,80.65,0.87
3334,2021-03-21,ABR,2133,913,1220,839,1290,4,ITF,ITF1,13,Abruzzo,Abruzzo,1304970,1054553,80.81,0.16
3335,2021-06-12,ABR,11405,5906,5499,9889,1338,178,ITF,ITF1,13,Abruzzo,Abruzzo,1304970,1065958,81.68,0.87
3336,2021-03-06,ABR,4179,1359,2820,3569,570,40,ITF,ITF1,13,Abruzzo,Abruzzo,1304970,1070137,82.0,0.32
3337,2021-05-17,ABR,11035,5038,5997,6024,4854,157,ITF,ITF1,13,Abruzzo,Abruzzo,1304970,1081172,82.85,0.85
3338,2021-02-23,ABR,2780,1273,1507,2754,11,15,ITF,ITF1,13,Abruzzo,Abruzzo,1304970,1083952,83.06,0.21
3339,2021-02-06,ABR,1611,744,867,595,1009,7,ITF,ITF1,13,Abruzzo,Abruzzo,1304970,1085563,83.19,0.12
3340,2021-02-08,ABR,1193,394,799,485,708,0,ITF,ITF1,13,Abruzzo,Abruzzo,1304970,1086756,83.28,0.09
3341,2021-05-19,ABR,10728,5124,5604,7568,3037,123,ITF,ITF1,13,Abruzzo,Abruzzo,1304970,1097484,84.1,0.82
3342,2021-02-01,ABR,1631,573,1058,270,1360,1,ITF,ITF1,13,Abruzzo,Abruzzo,1304970,1099115,84.23,0.12
3343,2021-03-23,ABR,4831,2187,2644,2213,2566,52,ITF,ITF1,13,Abruzzo,Abruzzo,1304970,1103946,84.6,0.37
3344,2021-05-09,ABR,9156,4090,5066,4175,4870,111,ITF,ITF1,13,Abruzzo,Abruzzo,1304970,1113102,85.3,0.7
3345,2021-02-15,ABR,1795,832,963,1736,42,17,ITF,ITF1,13,Abruzzo,Abruzzo,1304970,1114897,85.43,0.14
3346,2021-05-26,ABR,13543,6040,7503,8390,4992,161,ITF,ITF1,13,Abruzzo,Abruzzo,1304970,1128440,86.47,1.04
3347,2021-06-14,ABR,10968,5427,5541,7429,3368,171,ITF,ITF1,13,Abruzzo,Abruzzo,1304970,1139408,87.31,0.84
3348,2021-04-30,ABR,12501,5867,6634,6515,5722,264,ITF,ITF1,13,Abruzzo,Abruzzo,1304970,1151909,88.27,0.96
3349,2021-04-13,ABR,5893,2754,3139,4561,1237,95,ITF,ITF1,13,Abruzzo,Abruzzo,1304970,1157802,88.72,0.45
3350,2021-01-20,ABR,447,156,291,425,2,20,ITF,ITF1,13,Abruzzo,Abruzzo,1304970,1158249,88.76,0.03
3351,2021-07-05,ABR,10815,5307,5508,3974,6655,186,ITF,ITF1,13,Abruzzo,Abruzzo,1304970,1169064,89.59,0.83
3352,2021-05-02,ABR,10460,5112,5348,5089,5229,142,ITF,ITF1,13,Abruzzo,Abruzzo,1304970,1179524,90.39,0.8
3353,2021-02-20,ABR,4777,1843,2934,4661,76,40,ITF,ITF1,13,Abruzzo,Abruzzo,1304970,1184301,90.75,0.37
3354,2021-01-25,ABR,1604,632,972,15,1587,2,ITF,ITF1,13,Abruzzo,Abruzzo,1304970,1185905,90.88,0.12
3355,2021-01-13,ABR,1260,441,819,1252,0,8,ITF,ITF1,13,Abruzzo,Abruzzo,1304970,1187165,90.97,0.1
3356,2021-02-13,ABR,856,387,469,434,418,4,ITF,ITF1,13,Abruzzo,Abruzzo,1304970,1188021,91.04,0.07
3357,2021-03-04,ABR,5935,2360,3575,4973,922,40,ITF,ITF1,13,Abruzzo,Abruzzo,1304970,1193956,91.49,0.45
3358,2021-05-28,ABR,14015,6307,7708,7490,6356,169,ITF,ITF1,13,Abruzzo,Abruzzo,1304970,1207971,92.57,1.07
3359,2021-04-19,ABR,6232,2862,3370,3789,2372,71,ITF,ITF1,13,Abruzzo,Abruzzo,1304970,1214203,93.04,0.48
3360,2021-02-21,ABR,1218,550,668,1193,1,24,ITF,ITF1,13,Abruzzo,Abruzzo,1304970,1215421,93.14,0.09
3361,2021-06-15,ABR,11317,5560,5757,8683,2427,207,ITF,ITF1,13,Abruzzo,Abruzzo,1304970,1226738,94.01,0.87
3362,2021-04-12,ABR,6240,2958,3282,4987,1174,79,ITF,ITF1,13,Abruzzo,Abruzzo,1304970,1232978,94.48,0.48
3363,2021-01-16,ABR,934,430,504,926,0,8,ITF,ITF1,13,Abruzzo,Abruzzo,1304970,1233912,94.55,0.07
3364,2021-03-07,ABR,2523,630,1893,2484,0,39,ITF,ITF1,13,Abruzzo,Abruzzo,1304970,1236435,94.75,0.19
3365,2021-01-09,ABR,1484,566,918,1472,0,12,ITF,ITF1,13,Abruzzo,Abruzzo,1304970,1237919,94.86,0.11
3366,2021-05-07,ABR,12198,5710,6488,7666,4413,119,ITF,ITF1,13,Abruzzo,Abruzzo,1304970,1250117,95.8,0.93
3367,2021-03-25,ABR,5791,2660,3131,3065,2617,109,ITF,ITF1,13,Abruzzo,Abruzzo,1304970,1255908,96.24,0.44
3368,2021-01-27,ABR,1365,515,850,38,1327,0,ITF,ITF1,13,Abruzzo,Abruzzo,1304970,1257273,96.34,0.1
3369,2021-07-03,ABR,10206,5151,5055,3500,6558,148,ITF,ITF1,13,Abruzzo,Abruzzo,1304970,1267479,97.13,0.78
3370,2021-05-21,ABR,13015,6327,6688,7862,4979,174,ITF,ITF1,13,Abruzzo,Abruzzo,1304970,1280494,98.12,1.0
3371,2021-03-18,ABR,3896,1651,2245,2039,1831,26,ITF,ITF1,13,Abruzzo,Abruzzo,1304970,1284390,98.42,0.3
3372,2021-06-26,ABR,10033,5011,5022,5679,4196,158,ITF,ITF1,13,Abruzzo,Abruzzo,1304970,1294423,99.19,0.77
3373,2021-07-10,ABR,13133,6637,6496,3020,9950,163,ITF,ITF1,13,Abruzzo,Abruzzo,1304970,1307556,100.2,1.01
3374,2021-05-14,ABR,10593,5069,5524,5285,5147,161,ITF,ITF1,13,Abruzzo,Abruzzo,1304970,1318149,101.01,0.81
3375,2021-04-01,ABR,5591,2505,3086,3430,2087,74,ITF,ITF1,13,Abruzzo,Abruzzo,1304970,1323740,101.44,0.43
3376,2021-05-17,LAZ,44569,20412,24157,35583,8583,403,ITI,ITI4,12,Lazio,Lazio,5879082,44569,0.76,0.76
3377,2021-02-06,LAZ,6164,2495,3669,838,5320,6,ITI,ITI4,12,Lazio,Lazio,5879082,50733,0.86,0.1
3378,2021-02-11,LAZ,6997,3010,3987,6440,533,24,ITI,ITI4,12,Lazio,Lazio,5879082,57730,0.98,0.12
3379,2021-04-11,LAZ,19168,8480,10688,13120,5886,162,ITI,ITI4,12,Lazio,Lazio,5879082,76898,1.31,0.33
3380,2021-04-16,LAZ,34436,15700,18736,21959,12095,382,ITI,ITI4,12,Lazio,Lazio,5879082,111334,1.89,0.59
3381,2021-01-23,LAZ,7213,2869,4344,584,6629,0,ITI,ITI4,12,Lazio,Lazio,5879082,118547,2.02,0.12
3382,2021-01-06,LAZ,5123,1962,3161,5003,0,120,ITI,ITI4,12,Lazio,Lazio,5879082,123670,2.1,0.09
3383,2021-02-25,LAZ,12681,5539,7142,11417,1081,183,ITI,ITI4,12,Lazio,Lazio,5879082,136351,2.32,0.22
3384,2021-06-05,LAZ,66108,32600,33508,42726,22737,645,ITI,ITI4,12,Lazio,Lazio,5879082,202459,3.44,1.12
3385,2021-02-20,LAZ,9208,4273,4935,8364,773,71,ITI,ITI4,12,Lazio,Lazio,5879082,211667,3.6,0.16
3386,2021-05-31,LAZ,51728,23028,28700,30846,19853,1029,ITI,ITI4,12,Lazio,Lazio,5879082,263395,4.48,0.88
3387,2021-04-04,LAZ,17591,8161,9430,12214,5266,111,ITI,ITI4,12,Lazio,Lazio,5879082,280986,4.78,0.3
3388,2021-05-26,LAZ,47575,21863,25712,34807,12113,655,ITI,ITI4,12,Lazio,Lazio,5879082,328561,5.59,0.81
3389,2021-03-04,LAZ,19417,8723,10694,14171,5018,228,ITI,ITI4,12,Lazio,Lazio,5879082,347978,5.92,0.33
3390,2021-06-12,LAZ,69832,32069,37763,39846,29371,615,ITI,ITI4,12,Lazio,Lazio,5879082,417810,7.11,1.19
3391,2021-06-14,LAZ,62792,29433,33359,32120,30141,531,ITI,ITI4,12,Lazio,Lazio,5879082,480602,8.17,1.07
3392,2021-03-21,LAZ,18246,7178,11068,13007,5051,188,ITI,ITI4,12,Lazio,Lazio,5879082,498848,8.49,0.31
3393,2020-12-30,LAZ,1631,630,1001,1620,0,11,ITI,ITI4,12,Lazio,Lazio,5879082,500479,8.51,0.03
3394,2021-07-01,LAZ,48158,23026,25132,7152,40806,200,ITI,ITI4,12,Lazio,Lazio,5879082,548637,9.33,0.82
3395,2021-03-16,LAZ,13544,5739,7805,7020,6444,80,ITI,ITI4,12,Lazio,Lazio,5879082,562181,9.56,0.23
3396,2021-03-09,LAZ,21974,9922,12052,16427,5200,347,ITI,ITI4,12,Lazio,Lazio,5879082,584155,9.94,0.37
3397,2021-01-11,LAZ,5542,2109,3433,5397,0,145,ITI,ITI4,12,Lazio,Lazio,5879082,589697,10.03,0.09
3398,2021-02-18,LAZ,10018,4974,5044,9102,812,104,ITI,ITI4,12,Lazio,Lazio,5879082,599715,10.2,0.17
3399,2021-05-12,LAZ,47565,21589,25976,30261,16660,644,ITI,ITI4,12,Lazio,Lazio,5879082,647280,11.01,0.81
3400,2021-02-01,LAZ,5676,2179,3497,353,5322,1,ITI,ITI4,12,Lazio,Lazio,5879082,652956,11.11,0.1
3401,2021-07-15,LAZ,44335,21707,22628,6603,37338,394,ITI,ITI4,12,Lazio,Lazio,5879082,697291,11.86,0.75
3402,2021-01-13,LAZ,5694,2151,3543,5532,0,162,ITI,ITI4,12,Lazio,Lazio,5879082,702985,11.96,0.1
3403,2021-04-23,LAZ,37831,18225,19606,22098,15281,452,ITI,ITI4,12,Lazio,Lazio,5879082,740816,12.6,0.64
3404,2021-06-26,LAZ,56068,26415,29653,24618,30883,567,ITI,ITI4,12,Lazio,Lazio,5879082,796884,13.55,0.95
3405,2021-04-30,LAZ,41415,18357,23058,26489,14250,676,ITI,ITI4,12,Lazio,Lazio,5879082,838299,14.26,0.7
3406,2021-06-19,LAZ,66374,31285,35089,35247,30348,779,ITI,ITI4,12,Lazio,Lazio,5879082,904673,15.39,1.13
3407,2021-03-30,LAZ,26957,13100,13857,19462,7149,346,ITI,ITI4,12,Lazio,Lazio,5879082,931630,15.85,0.46
3408,2021-07-08,LAZ,63860,31357,32503,28159,35062,639,ITI,ITI4,12,Lazio,Lazio,5879082,995490,16.93,1.09
3409,2021-04-18,LAZ,23814,10579,13235,15889,7654,271,ITI,ITI4,12,Lazio,Lazio,5879082,1019304,17.34,0.41
3410,2021-02-13,LAZ,6612,2627,3985,6148,418,46,ITI,ITI4,12,Lazio,Lazio,5879082,1025916,17.45,0.11
3411,2021-05-24,LAZ,43973,20159,23814,33535,9772,666,ITI,ITI4,12,Lazio,Lazio,5879082,1069889,18.2,0.75
3412,2021-01-03,LAZ,5255,1973,3282,5196,0,59,ITI,ITI4,12,Lazio,Lazio,5879082,1075144,18.29,0.09
3413,2021-04-13,LAZ,25785,11953,13832,17675,7717,393,ITI,ITI4,12,Lazio,Lazio,5879082,1100929,18.73,0.44
3414,2021-01-08,LAZ,7731,2895,4836,7534,0,197,ITI,ITI4,12,Lazio,Lazio,5879082,1108660,18.86,0.13
3415,2021-03-28,LAZ,19189,7831,11358,13544,5310,335,ITI,ITI4,12,Lazio,Lazio,5879082,1127849,19.18,0.33
3416,2021-06-09,LAZ,70230,33219,37011,35823,33778,629,ITI,ITI4,12,Lazio,Lazio,5879082,1198079,20.38,1.19
3417,2021-04-09,LAZ,27643,12565,15078,19104,8255,284,ITI,ITI4,12,Lazio,Lazio,5879082,1225722,20.85,0.47
3418,2021-03-23,LAZ,25378,11912,13466,18442,6598,338,ITI,ITI4,12,Lazio,Lazio,5879082,1251100,21.28,0.43
3419,2021-02-15,LAZ,8029,3542,4487,7311,634,84,ITI,ITI4,12,Lazio,Lazio,5879082,1259129,21.42,0.14
3420,2021-01-29,LAZ,8046,3081,4965,814,7230,2,ITI,ITI4,12,Lazio,Lazio,5879082,1267175,21.55,0.14
3421,2021-01-25,LAZ,8113,3247,4866,772,7341,0,ITI,ITI4,12,Lazio,Lazio,5879082,1275288,21.69,0.14
3422,2021-05-05,LAZ,46805,21476,25329,30398,15841,566,ITI,ITI4,12,Lazio,Lazio,5879082,1322093,22.49,0.8
3423,2021-03-02,LAZ,17192,7610,9582,13094,3936,162,ITI,ITI4,12,Lazio,Lazio,5879082,1339285,22.78,0.29
3424,2021-01-18,LAZ,6270,2560,3710,5165,979,126,ITI,ITI4,12,Lazio,Lazio,5879082,1345555,22.89,0.11
3425,2021-04-28,LAZ,32942,15035,17907,20975,11579,388,ITI,ITI4,12,Lazio,Lazio,5879082,1378497,23.45,0.56
3426,2021-03-27,LAZ,26441,10759,15682,19430,6475,536,ITI,ITI4,12,Lazio,Lazio,5879082,1404938,23.9,0.45
3427,2021-05-19,LAZ,47181,21671,25510,36455,10115,611,ITI,ITI4,12,Lazio,Lazio,5879082,1452119,24.7,0.8
3428,2021-01-04,LAZ,7486,2909,4577,7382,0,104,ITI,ITI4,12,Lazio,Lazio,5879082,1459605,24.83,0.13
3429,2021-06-24,LAZ,63807,30443,33364,28571,34596,640,ITI,ITI4,12,Lazio,Lazio,5879082,1523412,25.91,1.09
3430,2021-06-07,LAZ,62330,29158,33172,32521,29227,582,ITI,ITI4,12,Lazio,Lazio,5879082,1585742,26.97,1.06
3431,2021-06-21,LAZ,61834,28719,33115,28475,32778,581,ITI,ITI4,12,Lazio,Lazio,5879082,1647576,28.02,1.05
3432,2021-03-13,LAZ,21805,8729,13076,15679,5894,232,ITI,ITI4,12,Lazio,Lazio,5879082,1669381,28.4,0.37
3433,2021-05-07,LAZ,48253,22622,25631,30080,17762,411,ITI,ITI4,12,Lazio,Lazio,5879082,1717634,29.22,0.82
3434,2021-03-11,LAZ,25372,11962,13410,18801,6233,338,ITI,ITI4,12,Lazio,Lazio,5879082,1743006,29.65,0.43
3435,2021-07-03,LAZ,53093,24999,28094,4636,48322,135,ITI,ITI4,12,Lazio,Lazio,5879082,1796099,30.55,0.9
3436,2021-02-03,LAZ,6490,2488,4002,958,5525,7,ITI,ITI4,12,Lazio,Lazio,5879082,1802589,30.66,0.11
3437,2021-01-20,LAZ,4813,1947,2866,3265,1544,4,ITI,ITI4,12,Lazio,Lazio,5879082,1807402,30.74,0.08
3438,2021-01-30,LAZ,7014,2895,4119,808,6205,1,ITI,ITI4,12,Lazio,Lazio,5879082,1814416,30.86,0.12
3439,2021-01-15,LAZ,6588,2711,3877,6418,0,170,ITI,ITI4,12,Lazio,Lazio,5879082,1821004,30.97,0.11
3440,2021-04-25,LAZ,24524,11251,13273,16425,7817,282,ITI,ITI4,12,Lazio,Lazio,5879082,1845528,31.39,0.42
3441,2021-01-01,LAZ,3555,1382,2173,3515,0,40,ITI,ITI4,12,Lazio,Lazio,5879082,1849083,31.45,0.06
3442,2021-01-10,LAZ,4044,1702,2342,3977,0,67,ITI,ITI4,12,Lazio,Lazio,5879082,1853127,31.52,0.07
3443,2021-06-16,LAZ,64462,30912,33550,32019,31833,610,ITI,ITI4,12,Lazio,Lazio,5879082,1917589,32.62,1.1
3444,2021-04-20,LAZ,31086,14274,16812,19412,11302,372,ITI,ITI4,12,Lazio,Lazio,5879082,1948675,33.15,0.53
3445,2021-03-08,LAZ,20869,9050,11819,15310,5274,285,ITI,ITI4,12,Lazio,Lazio,5879082,1969544,33.5,0.35
3446,2021-04-27,LAZ,30715,13865,16850,19461,10850,404,ITI,ITI4,12,Lazio,Lazio,5879082,2000259,34.02,0.52
3447,2021-03-01,LAZ,17118,7368,9750,13001,3886,231,ITI,ITI4,12,Lazio,Lazio,5879082,2017377,34.31,0.29
3448,2021-02-22,LAZ,11458,4990,6468,10807,502,149,ITI,ITI4,12,Lazio,Lazio,5879082,2028835,34.51,0.19
3449,2021-06-02,LAZ,43297,21516,21781,31248,11514,535,ITI,ITI4,12,Lazio,Lazio,5879082,2072132,35.25,0.74
3450,2021-06-11,LAZ,69515,32714,36801,36525,32390,600,ITI,ITI4,12,Lazio,Lazio,5879082,2141647,36.43,1.18
3451,2021-02-17,LAZ,9192,4608,4584,8244,880,68,ITI,ITI4,12,Lazio,Lazio,5879082,2150839,36.58,0.16
3452,2021-05-28,LAZ,57130,26550,30580,43042,13294,794,ITI,ITI4,12,Lazio,Lazio,5879082,2207969,37.56,0.97
3453,2021-03-06,LAZ,18357,7083,11274,13884,4257,216,ITI,ITI4,12,Lazio,Lazio,5879082,2226326,37.87,0.31
3454,2021-02-08,LAZ,9742,4155,5587,4506,5234,2,ITI,ITI4,12,Lazio,Lazio,5879082,2236068,38.03,0.17
3455,2021-05-02,LAZ,32641,14341,18300,22811,9364,466,ITI,ITI4,12,Lazio,Lazio,5879082,2268709,38.59,0.56
3456,2021-01-22,LAZ,4008,1637,2371,493,3515,0,ITI,ITI4,12,Lazio,Lazio,5879082,2272717,38.66,0.07
3457,2021-02-27,LAZ,11452,4286,7166,10335,982,135,ITI,ITI4,12,Lazio,Lazio,5879082,2284169,38.85,0.19
3458,2021-04-01,LAZ,29695,14091,15604,22178,7142,375,ITI,ITI4,12,Lazio,Lazio,5879082,2313864,39.36,0.51
3459,2021-07-10,LAZ,70736,35502,35234,25014,45118,604,ITI,ITI4,12,Lazio,Lazio,5879082,2384600,40.56,1.2
3460,2021-06-23,LAZ,62210,29291,32919,28394,33342,474,ITI,ITI4,12,Lazio,Lazio,5879082,2446810,41.62,1.06
3461,2021-04-15,LAZ,31948,14314,17634,20690,10814,444,ITI,ITI4,12,Lazio,Lazio,5879082,2478758,42.16,0.54
3462,2021-02-10,LAZ,8196,3406,4790,4845,3346,5,ITI,ITI4,12,Lazio,Lazio,5879082,2486954,42.3,0.14
3463,2021-05-21,LAZ,51985,24998,26987,37205,14060,720,ITI,ITI4,12,Lazio,Lazio,5879082,2538939,43.19,0.88
3464,2021-06-04,LAZ,61721,30130,31591,43313,17803,605,ITI,ITI4,12,Lazio,Lazio,5879082,2600660,44.24,1.05
3465,2021-07-05,LAZ,61190,29429,31761,25599,34587,1004,ITI,ITI4,12,Lazio,Lazio,5879082,2661850,45.28,1.04
3466,2021-05-23,LAZ,47127,22869,24258,39058,7396,673,ITI,ITI4,12,Lazio,Lazio,5879082,2708977,46.08,0.8
3467,2021-05-09,LAZ,37543,17260,20283,25819,11274,450,ITI,ITI4,12,Lazio,Lazio,5879082,2746520,46.72,0.64
3468,2021-07-12,LAZ,41048,20496,20552,5856,34977,215,ITI,ITI4,12,Lazio,Lazio,5879082,2787568,47.42,0.7
3469,2021-05-16,LAZ,50952,24534,26418,36927,13488,537,ITI,ITI4,12,Lazio,Lazio,5879082,2838520,48.28,0.87
3470,2021-06-28,LAZ,58854,28135,30719,27487,30952,415,ITI,ITI4,12,Lazio,Lazio,5879082,2897374,49.28,1.0
3471,2021-04-06,LAZ,24466,11181,13285,17033,7115,318,ITI,ITI4,12,Lazio,Lazio,5879082,2921840,49.7,0.42
3472,2020-12-27,LAZ,274,132,142,274,0,0,ITI,ITI4,12,Lazio,Lazio,5879082,2922114,49.7,0.0
3473,2021-03-20,LAZ,19193,7641,11552,13047,5885,261,ITI,ITI4,12,Lazio,Lazio,5879082,2941307,50.03,0.33
3474,2021-06-30,LAZ,62797,29536,33261,29733,32539,525,ITI,ITI4,12,Lazio,Lazio,5879082,3004104,51.1,1.07
3475,2021-04-08,LAZ,26769,12269,14500,18720,7699,350,ITI,ITI4,12,Lazio,Lazio,5879082,3030873,51.55,0.46
3476,2021-01-31,LAZ,4463,1856,2607,478,3984,1,ITI,ITI4,12,Lazio,Lazio,5879082,3035336,51.63,0.08
3477,2021-05-11,LAZ,48320,22188,26132,31181,16542,597,ITI,ITI4,12,Lazio,Lazio,5879082,3083656,52.45,0.82
3478,2021-07-16,LAZ,19189,9056,10133,1273,17866,50,ITI,ITI4,12,Lazio,Lazio,5879082,3102845,52.78,0.33
3479,2021-04-24,LAZ,33448,15097,18351,20180,12777,491,ITI,ITI4,12,Lazio,Lazio,5879082,3136293,53.35,0.57
3480,2021-07-02,LAZ,48234,23111,25123,6589,41473,172,ITI,ITI4,12,Lazio,Lazio,5879082,3184527,54.17,0.82
3481,2021-03-22,LAZ,23323,10532,12791,16319,6677,327,ITI,ITI4,12,Lazio,Lazio,5879082,3207850,54.56,0.4
3482,2020-12-29,LAZ,488,176,312,484,0,4,ITI,ITI4,12,Lazio,Lazio,5879082,3208338,54.57,0.01
3483,2021-06-13,LAZ,58394,26201,32193,33068,24832,494,ITI,ITI4,12,Lazio,Lazio,5879082,3266732,55.57,0.99
3484,2021-03-07,LAZ,14133,5466,8667,10334,3593,206,ITI,ITI4,12,Lazio,Lazio,5879082,3280865,55.81,0.24
3485,2021-06-15,LAZ,65833,31800,34033,33178,32115,540,ITI,ITI4,12,Lazio,Lazio,5879082,3346698,56.93,1.12
3486,2021-03-24,LAZ,27874,13089,14785,21255,6237,382,ITI,ITI4,12,Lazio,Lazio,5879082,3374572,57.4,0.47
3487,2021-05-29,LAZ,52026,23386,28640,40151,11003,872,ITI,ITI4,12,Lazio,Lazio,5879082,3426598,58.28,0.88
3488,2021-04-22,LAZ,39097,19441,19656,23883,14627,587,ITI,ITI4,12,Lazio,Lazio,5879082,3465695,58.95,0.67
3489,2021-03-10,LAZ,23335,10657,12678,17357,5647,331,ITI,ITI4,12,Lazio,Lazio,5879082,3489030,59.35,0.4
3490,2021-01-12,LAZ,5414,1981,3433,5271,0,143,ITI,ITI4,12,Lazio,Lazio,5879082,3494444,59.44,0.09
3491,2021-06-18,LAZ,64172,30888,33284,30260,33204,708,ITI,ITI4,12,Lazio,Lazio,5879082,3558616,60.53,1.09
3492,2021-03-17,LAZ,13814,5915,7899,7448,6257,109,ITI,ITI4,12,Lazio,Lazio,5879082,3572430,60.77,0.23
3493,2021-06-25,LAZ,63120,30470,32650,28014,34539,567,ITI,ITI4,12,Lazio,Lazio,5879082,3635550,61.84,1.07
3494,2021-06-27,LAZ,47201,21567,25634,20615,26132,454,ITI,ITI4,12,Lazio,Lazio,5879082,3682751,62.64,0.8
3495,2021-02-04,LAZ,6340,2508,3832,1023,5316,1,ITI,ITI4,12,Lazio,Lazio,5879082,3689091,62.75,0.11
3496,2021-05-04,LAZ,39898,18359,21539,25897,13527,474,ITI,ITI4,12,Lazio,Lazio,5879082,3728989,63.43,0.68
3497,2021-02-24,LAZ,12050,5209,6841,10934,995,121,ITI,ITI4,12,Lazio,Lazio,5879082,3741039,63.63,0.2
3498,2021-07-07,LAZ,62327,30907,31420,28391,33391,545,ITI,ITI4,12,Lazio,Lazio,5879082,3803366,64.69,1.06
3499,2021-03-29,LAZ,25374,12045,13329,18041,7038,295,ITI,ITI4,12,Lazio,Lazio,5879082,3828740,65.12,0.43
3500,2021-03-15,LAZ,20955,9834,11121,13977,6744,234,ITI,ITI4,12,Lazio,Lazio,5879082,3849695,65.48,0.36
3501,2021-05-20,LAZ,51738,24967,26771,37094,13915,729,ITI,ITI4,12,Lazio,Lazio,5879082,3901433,66.36,0.88
3502,2021-06-20,LAZ,55259,25402,29857,29634,24901,724,ITI,ITI4,12,Lazio,Lazio,5879082,3956692,67.3,0.94
3503,2021-06-06,LAZ,58100,28007,30093,35013,22509,578,ITI,ITI4,12,Lazio,Lazio,5879082,4014792,68.29,0.99
3504,2021-02-26,LAZ,13123,5730,7393,11551,1398,174,ITI,ITI4,12,Lazio,Lazio,5879082,4027915,68.51,0.22
3505,2021-07-09,LAZ,64509,31141,33368,27582,36228,699,ITI,ITI4,12,Lazio,Lazio,5879082,4092424,69.61,1.1
3506,2021-05-01,LAZ,37978,17093,20885,25565,11971,442,ITI,ITI4,12,Lazio,Lazio,5879082,4130402,70.26,0.65
3507,2021-04-17,LAZ,32402,14221,18181,20008,11996,398,ITI,ITI4,12,Lazio,Lazio,5879082,4162804,70.81,0.55
3508,2021-03-12,LAZ,24001,11088,12913,17341,6317,343,ITI,ITI4,12,Lazio,Lazio,5879082,4186805,71.22,0.41
3509,2021-05-06,LAZ,48802,22743,26059,30581,17559,662,ITI,ITI4,12,Lazio,Lazio,5879082,4235607,72.05,0.83
3510,2021-01-17,LAZ,4893,2027,2866,4618,212,63,ITI,ITI4,12,Lazio,Lazio,5879082,4240500,72.13,0.08
3511,2021-01-19,LAZ,4773,1959,2814,4316,454,3,ITI,ITI4,12,Lazio,Lazio,5879082,4245273,72.21,0.08
3512,2021-05-22,LAZ,55141,27010,28131,43540,10685,916,ITI,ITI4,12,Lazio,Lazio,5879082,4300414,73.15,0.94
3513,2021-05-15,LAZ,57374,27410,29964,40046,16524,804,ITI,ITI4,12,Lazio,Lazio,5879082,4357788,74.12,0.98
3514,2021-02-12,LAZ,6850,2850,4000,6350,418,82,ITI,ITI4,12,Lazio,Lazio,5879082,4364638,74.24,0.12
3515,2020-12-31,LAZ,5293,2121,3172,5233,0,60,ITI,ITI4,12,Lazio,Lazio,5879082,4369931,74.33,0.09
3516,2021-04-10,LAZ,23937,10414,13523,16500,7191,246,ITI,ITI4,12,Lazio,Lazio,5879082,4393868,74.74,0.41
3517,2021-02-05,LAZ,7317,2984,4333,1210,6104,3,ITI,ITI4,12,Lazio,Lazio,5879082,4401185,74.86,0.12
3518,2021-04-03,LAZ,24796,11194,13602,17876,6702,218,ITI,ITI4,12,Lazio,Lazio,5879082,4425981,75.28,0.42
3519,2021-02-19,LAZ,10047,5080,4967,9067,835,145,ITI,ITI4,12,Lazio,Lazio,5879082,4436028,75.45,0.17
3520,2021-05-10,LAZ,44469,20330,24139,30594,13420,455,ITI,ITI4,12,Lazio,Lazio,5879082,4480497,76.21,0.76
3521,2021-04-29,LAZ,38689,17265,21424,24838,13235,616,ITI,ITI4,12,Lazio,Lazio,5879082,4519186,76.87,0.66
3522,2021-03-03,LAZ,17863,7869,9994,13335,4295,233,ITI,ITI4,12,Lazio,Lazio,5879082,4537049,77.17,0.3
3523,2021-01-26,LAZ,7967,3130,4837,728,7239,0,ITI,ITI4,12,Lazio,Lazio,5879082,4545016,77.31,0.14
3524,2021-04-02,LAZ,29402,14090,15312,21681,7340,381,ITI,ITI4,12,Lazio,Lazio,5879082,4574418,77.81,0.5
3525,2021-07-11,LAZ,43887,22083,21804,3706,40040,141,ITI,ITI4,12,Lazio,Lazio,5879082,4618305,78.55,0.75
3526,2021-01-28,LAZ,8281,3166,5115,783,7497,1,ITI,ITI4,12,Lazio,Lazio,5879082,4626586,78.7,0.14
3527,2021-07-04,LAZ,46545,21658,24887,4119,42343,83,ITI,ITI4,12,Lazio,Lazio,5879082,4673131,79.49,0.79
3528,2021-05-08,LAZ,45468,20757,24711,29391,15423,654,ITI,ITI4,12,Lazio,Lazio,5879082,4718599,80.26,0.77
3529,2021-07-13,LAZ,42221,20676,21545,5476,36426,319,ITI,ITI4,12,Lazio,Lazio,5879082,4760820,80.98,0.72
3530,2021-03-26,LAZ,30206,13990,16216,22924,6848,434,ITI,ITI4,12,Lazio,Lazio,5879082,4791026,81.49,0.51
3531,2021-01-05,LAZ,7376,2803,4573,7274,0,102,ITI,ITI4,12,Lazio,Lazio,5879082,4798402,81.62,0.13
3532,2021-01-24,LAZ,5697,2229,3468,613,5084,0,ITI,ITI4,12,Lazio,Lazio,5879082,4804099,81.72,0.1
3533,2021-02-07,LAZ,4944,2026,2918,386,4557,1,ITI,ITI4,12,Lazio,Lazio,5879082,4809043,81.8,0.08
3534,2021-05-18,LAZ,44966,20566,24400,34862,9546,558,ITI,ITI4,12,Lazio,Lazio,5879082,4854009,82.56,0.76
3535,2021-03-19,LAZ,17453,7568,9885,10975,6329,149,ITI,ITI4,12,Lazio,Lazio,5879082,4871462,82.86,0.3
3536,2021-05-30,LAZ,41229,17643,23586,33202,7355,672,ITI,ITI4,12,Lazio,Lazio,5879082,4912691,83.56,0.7
3537,2021-05-13,LAZ,50161,22540,27621,31681,17801,679,ITI,ITI4,12,Lazio,Lazio,5879082,4962852,84.42,0.85
3538,2021-06-29,LAZ,59386,28229,31157,27725,31104,557,ITI,ITI4,12,Lazio,Lazio,5879082,5022238,85.43,1.01
3539,2021-06-17,LAZ,66789,32096,34693,31757,34340,692,ITI,ITI4,12,Lazio,Lazio,5879082,5089027,86.56,1.14
3540,2021-04-21,LAZ,33050,15021,18029,20309,12383,358,ITI,ITI4,12,Lazio,Lazio,5879082,5122077,87.12,0.56
3541,2021-06-03,LAZ,56452,28557,27895,38024,17734,694,ITI,ITI4,12,Lazio,Lazio,5879082,5178529,88.08,0.96
3542,2021-06-10,LAZ,71743,33879,37864,37042,33900,801,ITI,ITI4,12,Lazio,Lazio,5879082,5250272,89.3,1.22
3543,2021-05-27,LAZ,58294,27077,31217,43759,13738,797,ITI,ITI4,12,Lazio,Lazio,5879082,5308566,90.3,0.99
3544,2021-03-05,LAZ,19570,8671,10899,14612,4734,224,ITI,ITI4,12,Lazio,Lazio,5879082,5328136,90.63,0.33
3545,2021-02-16,LAZ,8361,4037,4324,7710,608,43,ITI,ITI4,12,Lazio,Lazio,5879082,5336497,90.77,0.14
3546,2021-02-09,LAZ,8807,3774,5033,4575,4225,7,ITI,ITI4,12,Lazio,Lazio,5879082,5345304,90.92,0.15
3547,2021-02-23,LAZ,11093,4783,6310,10202,765,126,ITI,ITI4,12,Lazio,Lazio,5879082,5356397,91.11,0.19
3548,2021-01-21,LAZ,5604,2348,3256,551,5053,0,ITI,ITI4,12,Lazio,Lazio,5879082,5362001,91.2,0.1
3549,2021-01-14,LAZ,5489,2146,3343,5315,0,174,ITI,ITI4,12,Lazio,Lazio,5879082,5367490,91.3,0.09
3550,2021-04-07,LAZ,25992,12151,13841,18341,7315,336,ITI,ITI4,12,Lazio,Lazio,5879082,5393482,91.74,0.44
3551,2020-12-28,LAZ,959,412,547,954,0,5,ITI,ITI4,12,Lazio,Lazio,5879082,5394441,91.76,0.02
3552,2021-01-16,LAZ,5648,2283,3365,5500,0,148,ITI,ITI4,12,Lazio,Lazio,5879082,5400089,91.85,0.1
3553,2021-04-26,LAZ,29246,13468,15778,19613,9204,429,ITI,ITI4,12,Lazio,Lazio,5879082,5429335,92.35,0.5
3554,2021-02-02,LAZ,5911,2213,3698,636,5272,3,ITI,ITI4,12,Lazio,Lazio,5879082,5435246,92.45,0.1
3555,2021-07-06,LAZ,62102,30151,31951,28520,33121,461,ITI,ITI4,12,Lazio,Lazio,5879082,5497348,93.51,1.06
3556,2021-04-14,LAZ,29317,13288,16029,18874,10124,319,ITI,ITI4,12,Lazio,Lazio,5879082,5526665,94.01,0.5
3557,2021-03-31,LAZ,27754,13427,14327,20322,7099,333,ITI,ITI4,12,Lazio,Lazio,5879082,5554419,94.48,0.47
3558,2021-01-07,LAZ,7751,2903,4848,7594,0,157,ITI,ITI4,12,Lazio,Lazio,5879082,5562170,94.61,0.13
3559,2021-05-03,LAZ,39251,17728,21523,26036,12630,585,ITI,ITI4,12,Lazio,Lazio,5879082,5601421,95.28,0.67
3560,2021-06-22,LAZ,62720,29002,33718,28583,33462,675,ITI,ITI4,12,Lazio,Lazio,5879082,5664141,96.34,1.07
3561,2021-03-14,LAZ,17240,6754,10486,11829,5154,257,ITI,ITI4,12,Lazio,Lazio,5879082,5681381,96.64,0.29
3562,2021-05-14,LAZ,51535,23548,27987,32527,18343,665,ITI,ITI4,12,Lazio,Lazio,5879082,5732916,97.51,0.88
3563,2021-03-18,LAZ,14224,6077,8147,7751,6391,82,ITI,ITI4,12,Lazio,Lazio,5879082,5747140,97.76,0.24
3564,2021-03-25,LAZ,29281,13583,15698,22220,6614,447,ITI,ITI4,12,Lazio,Lazio,5879082,5776421,98.25,0.5
3565,2021-01-27,LAZ,6119,2389,3730,1002,5117,0,ITI,ITI4,12,Lazio,Lazio,5879082,5782540,98.36,0.1
3566,2021-06-01,LAZ,48903,23601,25302,29909,18536,458,ITI,ITI4,12,Lazio,Lazio,5879082,5831443,99.19,0.83
3567,2021-04-05,LAZ,19866,9085,10781,13533,6181,152,ITI,ITI4,12,Lazio,Lazio,5879082,5851309,99.53,0.34
3568,2021-05-25,LAZ,47522,22302,25220,35237,11682,603,ITI,ITI4,12,Lazio,Lazio,5879082,5898831,100.34,0.81
3569,2021-04-12,LAZ,23872,10769,13103,16691,6904,277,ITI,ITI4,12,Lazio,Lazio,5879082,5922703,100.74,0.41
3570,2021-06-08,LAZ,66557,31761,34796,35998,29926,633,ITI,ITI4,12,Lazio,Lazio,5879082,5989260,101.87,1.13
3571,2021-07-14,LAZ,41766,20353,21413,6167,35254,345,ITI,ITI4,12,Lazio,Lazio,5879082,6031026,102.58,0.71
3572,2021-01-09,LAZ,6300,2562,3738,6187,0,113,ITI,ITI4,12,Lazio,Lazio,5879082,6037326,102.69,0.11
3573,2021-04-19,LAZ,30110,13689,16421,19010,10683,417,ITI,ITI4,12,Lazio,Lazio,5879082,6067436,103.2,0.51
3574,2021-02-21,LAZ,6991,3181,3810,6484,464,43,ITI,ITI4,12,Lazio,Lazio,5879082,6074427,103.32,0.12
3575,2021-02-14,LAZ,5778,2372,3406,5276,472,30,ITI,ITI4,12,Lazio,Lazio,5879082,6080205,103.42,0.1
3576,2021-02-28,LAZ,10260,4016,6244,9654,515,91,ITI,ITI4,12,Lazio,Lazio,5879082,6090465,103.6,0.17
3577,2021-01-02,LAZ,6708,2631,4077,6628,0,80,ITI,ITI4,12,Lazio,Lazio,5879082,6097173,103.71,0.11
3578,2021-05-27,MAR,13732,6817,6915,9180,4301,251,ITI,ITI3,11,Marche,Marche,1525271,13732,0.9,0.9
3579,2021-03-31,MAR,7374,3086,4288,4268,3023,83,ITI,ITI3,11,Marche,Marche,1525271,21106,1.38,0.48
3580,2021-07-09,MAR,14911,7509,7402,2570,12128,213,ITI,ITI3,11,Marche,Marche,1525271,36017,2.36,0.98
3581,2021-03-24,MAR,7080,3009,4071,3296,3716,68,ITI,ITI3,11,Marche,Marche,1525271,43097,2.83,0.46
3582,2021-06-01,MAR,12059,6160,5899,9684,2090,285,ITI,ITI3,11,Marche,Marche,1525271,55156,3.62,0.79
3583,2021-03-10,MAR,5712,2442,3270,4480,1180,52,ITI,ITI3,11,Marche,Marche,1525271,60868,3.99,0.37
3584,2021-02-21,MAR,376,141,235,363,1,12,ITI,ITI3,11,Marche,Marche,1525271,61244,4.02,0.02
3585,2021-01-19,MAR,232,87,145,139,90,3,ITI,ITI3,11,Marche,Marche,1525271,61476,4.03,0.02
3586,2021-05-20,MAR,12696,5966,6730,7534,4911,251,ITI,ITI3,11,Marche,Marche,1525271,74172,4.86,0.83
3587,2021-02-07,MAR,1871,735,1136,332,1527,12,ITI,ITI3,11,Marche,Marche,1525271,76043,4.99,0.12
3588,2021-01-26,MAR,2021,747,1274,80,1932,9,ITI,ITI3,11,Marche,Marche,1525271,78064,5.12,0.13
3589,2021-07-11,MAR,10415,5232,5183,1623,8656,136,ITI,ITI3,11,Marche,Marche,1525271,88479,5.8,0.68
3590,2021-04-19,MAR,9602,4498,5104,7901,1581,120,ITI,ITI3,11,Marche,Marche,1525271,98081,6.43,0.63
3591,2021-02-14,MAR,739,301,438,727,0,12,ITI,ITI3,11,Marche,Marche,1525271,98820,6.48,0.05
3592,2021-01-21,MAR,919,261,658,574,328,17,ITI,ITI3,11,Marche,Marche,1525271,99739,6.54,0.06
3593,2021-05-01,MAR,9318,3924,5394,3500,5742,76,ITI,ITI3,11,Marche,Marche,1525271,109057,7.15,0.61
3594,2021-03-05,MAR,6224,2872,3352,4693,1468,63,ITI,ITI3,11,Marche,Marche,1525271,115281,7.56,0.41
3595,2021-01-07,MAR,1809,636,1173,1793,0,16,ITI,ITI3,11,Marche,Marche,1525271,117090,7.68,0.12
3596,2021-04-05,MAR,5691,2358,3333,4346,1269,76,ITI,ITI3,11,Marche,Marche,1525271,122781,8.05,0.37
3597,2021-06-27,MAR,9949,4820,5129,4487,5291,171,ITI,ITI3,11,Marche,Marche,1525271,132730,8.7,0.65
3598,2021-03-19,MAR,3885,1624,2261,326,3547,12,ITI,ITI3,11,Marche,Marche,1525271,136615,8.96,0.25
3599,2021-03-17,MAR,3480,1529,1951,105,3373,2,ITI,ITI3,11,Marche,Marche,1525271,140095,9.18,0.23
3600,2021-06-15,MAR,13190,6566,6624,9822,3051,317,ITI,ITI3,11,Marche,Marche,1525271,153285,10.05,0.86
3601,2021-01-12,MAR,1231,417,814,1218,0,13,ITI,ITI3,11,Marche,Marche,1525271,154516,10.13,0.08
3602,2021-06-22,MAR,13216,6481,6735,6475,6458,283,ITI,ITI3,11,Marche,Marche,1525271,167732,11.0,0.87
3603,2021-04-26,MAR,9190,4070,5120,6043,3022,125,ITI,ITI3,11,Marche,Marche,1525271,176922,11.6,0.6
3604,2021-05-15,MAR,14122,6440,7682,7831,6046,245,ITI,ITI3,11,Marche,Marche,1525271,191044,12.53,0.93
3605,2021-02-19,MAR,2005,741,1264,1829,135,41,ITI,ITI3,11,Marche,Marche,1525271,193049,12.66,0.13
3606,2021-03-29,MAR,5897,2583,3314,3393,2457,47,ITI,ITI3,11,Marche,Marche,1525271,198946,13.04,0.39
3607,2021-06-03,MAR,14633,7481,7152,12075,2252,306,ITI,ITI3,11,Marche,Marche,1525271,213579,14.0,0.96
3608,2021-02-18,MAR,2144,786,1358,1809,286,49,ITI,ITI3,11,Marche,Marche,1525271,215723,14.14,0.14
3609,2021-05-29,MAR,12860,6233,6627,8114,4528,218,ITI,ITI3,11,Marche,Marche,1525271,228583,14.99,0.84
3610,2021-01-31,MAR,1919,770,1149,97,1818,4,ITI,ITI3,11,Marche,Marche,1525271,230502,15.11,0.13
3611,2021-04-07,MAR,8179,3616,4563,7717,347,115,ITI,ITI3,11,Marche,Marche,1525271,238681,15.65,0.54
3612,2021-02-09,MAR,124,42,82,46,78,0,ITI,ITI3,11,Marche,Marche,1525271,238805,15.66,0.01
3613,2021-07-16,MAR,7252,3799,3453,896,6242,114,ITI,ITI3,11,Marche,Marche,1525271,246057,16.13,0.48
3614,2021-06-12,MAR,13775,7312,6463,12105,1339,331,ITI,ITI3,11,Marche,Marche,1525271,259832,17.04,0.9
3615,2021-04-16,MAR,10082,4702,5380,9361,525,196,ITI,ITI3,11,Marche,Marche,1525271,269914,17.7,0.66
3616,2021-02-02,MAR,1193,398,795,71,1122,0,ITI,ITI3,11,Marche,Marche,1525271,271107,17.77,0.08
3617,2021-05-13,MAR,12604,5695,6909,6827,5500,277,ITI,ITI3,11,Marche,Marche,1525271,283711,18.6,0.83
3618,2021-04-12,MAR,8565,3771,4794,7936,482,147,ITI,ITI3,11,Marche,Marche,1525271,292276,19.16,0.56
3619,2021-01-02,MAR,456,141,315,454,0,2,ITI,ITI3,11,Marche,Marche,1525271,292732,19.19,0.03
3620,2021-03-07,MAR,5180,2107,3073,4379,754,47,ITI,ITI3,11,Marche,Marche,1525271,297912,19.53,0.34
3621,2021-05-08,MAR,12271,5477,6794,4857,7249,165,ITI,ITI3,11,Marche,Marche,1525271,310183,20.34,0.8
3622,2021-01-09,MAR,1716,606,1110,1696,0,20,ITI,ITI3,11,Marche,Marche,1525271,311899,20.45,0.11
3623,2021-04-02,MAR,6886,2983,3903,6039,739,108,ITI,ITI3,11,Marche,Marche,1525271,318785,20.9,0.45
3624,2021-03-16,MAR,3521,1522,1999,285,3230,6,ITI,ITI3,11,Marche,Marche,1525271,322306,21.13,0.23
3625,2021-03-12,MAR,4685,2002,2683,3348,1283,54,ITI,ITI3,11,Marche,Marche,1525271,326991,21.44,0.31
3626,2021-01-14,MAR,2012,694,1318,1988,0,24,ITI,ITI3,11,Marche,Marche,1525271,329003,21.57,0.13
3627,2021-06-20,MAR,11157,5545,5612,5990,4985,182,ITI,ITI3,11,Marche,Marche,1525271,340160,22.3,0.73
3628,2021-04-24,MAR,12173,5365,6808,7566,4464,143,ITI,ITI3,11,Marche,Marche,1525271,352333,23.1,0.8
3629,2021-02-26,MAR,3682,1525,2157,3103,476,103,ITI,ITI3,11,Marche,Marche,1525271,356015,23.34,0.24
3630,2021-07-04,MAR,10894,5444,5450,3203,7529,162,ITI,ITI3,11,Marche,Marche,1525271,366909,24.06,0.71
3631,2020-12-31,MAR,392,184,208,390,0,2,ITI,ITI3,11,Marche,Marche,1525271,367301,24.08,0.03
3632,2021-02-04,MAR,2387,843,1544,107,2275,5,ITI,ITI3,11,Marche,Marche,1525271,369688,24.24,0.16
3633,2021-01-18,MAR,696,237,459,536,149,11,ITI,ITI3,11,Marche,Marche,1525271,370384,24.28,0.05
3634,2021-01-23,MAR,557,190,367,120,434,3,ITI,ITI3,11,Marche,Marche,1525271,370941,24.32,0.04
3635,2021-06-29,MAR,13372,6599,6773,4929,8216,227,ITI,ITI3,11,Marche,Marche,1525271,384313,25.2,0.88
3636,2021-05-03,MAR,10404,4688,5716,4860,5409,135,ITI,ITI3,11,Marche,Marche,1525271,394717,25.88,0.68
3637,2021-03-28,MAR,4125,1739,2386,2396,1691,38,ITI,ITI3,11,Marche,Marche,1525271,398842,26.15,0.27
3638,2021-01-30,MAR,1906,668,1238,26,1880,0,ITI,ITI3,11,Marche,Marche,1525271,400748,26.27,0.12
3639,2021-02-28,MAR,2836,1251,1585,2822,6,8,ITI,ITI3,11,Marche,Marche,1525271,403584,26.46,0.19
3640,2021-06-08,MAR,14100,7097,7003,11198,2611,291,ITI,ITI3,11,Marche,Marche,1525271,417684,27.38,0.92
3641,2021-03-02,MAR,5004,1968,3036,4373,566,65,ITI,ITI3,11,Marche,Marche,1525271,422688,27.71,0.33
3642,2021-06-10,MAR,14921,7690,7231,12566,2013,342,ITI,ITI3,11,Marche,Marche,1525271,437609,28.69,0.98
3643,2021-02-16,MAR,1287,475,812,1226,30,31,ITI,ITI3,11,Marche,Marche,1525271,438896,28.77,0.08
3644,2021-02-25,MAR,3562,1464,2098,3322,181,59,ITI,ITI3,11,Marche,Marche,1525271,442458,29.01,0.23
3645,2021-06-05,MAR,13941,7009,6932,11517,2059,365,ITI,ITI3,11,Marche,Marche,1525271,456399,29.92,0.91
3646,2021-04-23,MAR,11313,5220,6093,8097,3055,161,ITI,ITI3,11,Marche,Marche,1525271,467712,30.66,0.74
3647,2021-02-23,MAR,3316,1433,1883,3245,56,15,ITI,ITI3,11,Marche,Marche,1525271,471028,30.88,0.22
3648,2021-01-04,MAR,1513,573,940,1501,0,12,ITI,ITI3,11,Marche,Marche,1525271,472541,30.98,0.1
3649,2021-04-14,MAR,10213,4562,5651,9659,370,184,ITI,ITI3,11,Marche,Marche,1525271,482754,31.65,0.67
3650,2020-12-30,MAR,17,5,12,17,0,0,ITI,ITI3,11,Marche,Marche,1525271,482771,31.65,0.0
3651,2021-04-09,MAR,9571,4191,5380,9158,200,213,ITI,ITI3,11,Marche,Marche,1525271,492342,32.28,0.63
3652,2021-06-24,MAR,13828,6671,7157,6186,7371,271,ITI,ITI3,11,Marche,Marche,1525271,506170,33.19,0.91
3653,2021-01-11,MAR,1177,412,765,1159,0,18,ITI,ITI3,11,Marche,Marche,1525271,507347,33.26,0.08
3654,2021-04-21,MAR,10784,4968,5816,9437,1194,153,ITI,ITI3,11,Marche,Marche,1525271,518131,33.97,0.71
3655,2021-01-28,MAR,2086,725,1361,163,1922,1,ITI,ITI3,11,Marche,Marche,1525271,520217,34.11,0.14
3656,2021-04-28,MAR,10940,4985,5955,6037,4734,169,ITI,ITI3,11,Marche,Marche,1525271,531157,34.82,0.72
3657,2021-03-26,MAR,6381,2620,3761,3470,2855,56,ITI,ITI3,11,Marche,Marche,1525271,537538,35.24,0.42
3658,2021-06-17,MAR,15191,7557,7634,8800,6096,295,ITI,ITI3,11,Marche,Marche,1525271,552729,36.24,1.0
3659,2021-03-09,MAR,5431,2293,3138,4465,881,85,ITI,ITI3,11,Marche,Marche,1525271,558160,36.59,0.36
3660,2021-07-06,MAR,13968,6923,7045,3144,10601,223,ITI,ITI3,11,Marche,Marche,1525271,572128,37.51,0.92
3661,2021-01-16,MAR,2036,733,1303,1986,0,50,ITI,ITI3,11,Marche,Marche,1525271,574164,37.64,0.13
3662,2021-06-19,MAR,14688,7402,7286,7749,6674,265,ITI,ITI3,11,Marche,Marche,1525271,588852,38.61,0.96
3663,2021-05-31,MAR,11783,5944,5839,8600,2931,252,ITI,ITI3,11,Marche,Marche,1525271,600635,39.38,0.77
3664,2021-05-17,MAR,12060,5657,6403,7470,4370,220,ITI,ITI3,11,Marche,Marche,1525271,612695,40.17,0.79
3665,2021-05-12,MAR,10431,4692,5739,4737,5504,190,ITI,ITI3,11,Marche,Marche,1525271,623126,40.85,0.68
3666,2021-07-08,MAR,15042,7542,7500,2790,12027,225,ITI,ITI3,11,Marche,Marche,1525271,638168,41.84,0.99
3667,2021-07-01,MAR,14684,7364,7320,4658,9748,278,ITI,ITI3,11,Marche,Marche,1525271,652852,42.8,0.96
3668,2021-05-24,MAR,10997,5192,5805,7944,2876,177,ITI,ITI3,11,Marche,Marche,1525271,663849,43.52,0.72
3669,2021-05-22,MAR,11937,5719,6218,7319,4448,170,ITI,ITI3,11,Marche,Marche,1525271,675786,44.31,0.78
3670,2021-02-11,MAR,1987,657,1330,1557,389,41,ITI,ITI3,11,Marche,Marche,1525271,677773,44.44,0.13
3671,2021-05-05,MAR,11694,5320,6374,5108,6429,157,ITI,ITI3,11,Marche,Marche,1525271,689467,45.2,0.77
3672,2021-04-04,MAR,3824,1792,2032,2606,1169,49,ITI,ITI3,11,Marche,Marche,1525271,693291,45.45,0.25
3673,2021-07-13,MAR,14858,7281,7577,1452,13276,130,ITI,ITI3,11,Marche,Marche,1525271,708149,46.43,0.97
3674,2021-06-09,MAR,14280,7417,6863,12109,1870,301,ITI,ITI3,11,Marche,Marche,1525271,722429,47.36,0.94
3675,2021-06-07,MAR,13322,6588,6734,10569,2450,303,ITI,ITI3,11,Marche,Marche,1525271,735751,48.24,0.87
3676,2021-02-27,MAR,3407,1461,1946,3164,209,34,ITI,ITI3,11,Marche,Marche,1525271,739158,48.46,0.22
3677,2021-05-07,MAR,12840,5806,7034,3583,9179,78,ITI,ITI3,11,Marche,Marche,1525271,751998,49.3,0.84
3678,2021-02-13,MAR,1093,462,631,988,82,23,ITI,ITI3,11,Marche,Marche,1525271,753091,49.37,0.07
3679,2021-01-27,MAR,2119,780,1339,118,1999,2,ITI,ITI3,11,Marche,Marche,1525271,755210,49.51,0.14
3680,2021-04-20,MAR,10759,5031,5728,9153,1477,129,ITI,ITI3,11,Marche,Marche,1525271,765969,50.22,0.71
3681,2021-01-25,MAR,1596,558,1038,94,1502,0,ITI,ITI3,11,Marche,Marche,1525271,767565,50.32,0.1
3682,2021-01-08,MAR,1582,592,990,1567,0,15,ITI,ITI3,11,Marche,Marche,1525271,769147,50.43,0.1
3683,2021-04-18,MAR,8824,4131,4693,7735,921,168,ITI,ITI3,11,Marche,Marche,1525271,777971,51.01,0.58
3684,2021-01-15,MAR,1771,500,1271,1754,0,17,ITI,ITI3,11,Marche,Marche,1525271,779742,51.12,0.12
3685,2021-04-25,MAR,8599,3993,4606,6897,1575,127,ITI,ITI3,11,Marche,Marche,1525271,788341,51.69,0.56
3686,2021-01-13,MAR,2107,746,1361,2066,0,41,ITI,ITI3,11,Marche,Marche,1525271,790448,51.82,0.14
3687,2021-05-02,MAR,8900,3937,4963,3083,5738,79,ITI,ITI3,11,Marche,Marche,1525271,799348,52.41,0.58
3688,2021-06-28,MAR,12305,6001,6304,4611,7459,235,ITI,ITI3,11,Marche,Marche,1525271,811653,53.21,0.81
3689,2021-03-22,MAR,5703,2412,3291,2482,3178,43,ITI,ITI3,11,Marche,Marche,1525271,817356,53.59,0.37
3690,2021-04-30,MAR,14166,6207,7959,5419,8559,188,ITI,ITI3,11,Marche,Marche,1525271,831522,54.52,0.93
3691,2021-04-11,MAR,7116,3115,4001,6692,286,138,ITI,ITI3,11,Marche,Marche,1525271,838638,54.98,0.47
3692,2021-03-11,MAR,6635,2824,3811,5149,1411,75,ITI,ITI3,11,Marche,Marche,1525271,845273,55.42,0.44
3693,2021-03-25,MAR,6703,2794,3909,3190,3457,56,ITI,ITI3,11,Marche,Marche,1525271,851976,55.86,0.44
3694,2021-04-13,MAR,9838,4260,5578,9412,233,193,ITI,ITI3,11,Marche,Marche,1525271,861814,56.5,0.65
3695,2021-07-05,MAR,13153,6500,6653,2922,10060,171,ITI,ITI3,11,Marche,Marche,1525271,874967,57.36,0.86
3696,2021-06-16,MAR,13759,6915,6844,9130,4366,263,ITI,ITI3,11,Marche,Marche,1525271,888726,58.27,0.9
3697,2021-06-02,MAR,11901,5939,5962,11030,676,195,ITI,ITI3,11,Marche,Marche,1525271,900627,59.05,0.78
3698,2021-02-22,MAR,3465,1535,1930,3356,75,34,ITI,ITI3,11,Marche,Marche,1525271,904092,59.27,0.23
3699,2021-03-27,MAR,7416,3093,4323,4950,2394,72,ITI,ITI3,11,Marche,Marche,1525271,911508,59.76,0.49
3700,2021-04-10,MAR,10918,4621,6297,10370,313,235,ITI,ITI3,11,Marche,Marche,1525271,922426,60.48,0.72
3701,2021-01-03,MAR,907,354,553,897,0,10,ITI,ITI3,11,Marche,Marche,1525271,923333,60.54,0.06
3702,2021-01-06,MAR,2204,801,1403,2185,0,19,ITI,ITI3,11,Marche,Marche,1525271,925537,60.68,0.14
3703,2021-03-04,MAR,6538,2893,3645,5085,1393,60,ITI,ITI3,11,Marche,Marche,1525271,932075,61.11,0.43
3704,2021-03-13,MAR,5811,2686,3125,1765,4006,40,ITI,ITI3,11,Marche,Marche,1525271,937886,61.49,0.38
3705,2021-06-21,MAR,12603,6182,6421,5481,6877,245,ITI,ITI3,11,Marche,Marche,1525271,950489,62.32,0.83
3706,2021-05-09,MAR,8863,4020,4843,3559,5227,77,ITI,ITI3,11,Marche,Marche,1525271,959352,62.9,0.58
3707,2021-01-24,MAR,881,339,542,5,876,0,ITI,ITI3,11,Marche,Marche,1525271,960233,62.95,0.06
3708,2021-06-30,MAR,13657,6667,6990,4461,8985,211,ITI,ITI3,11,Marche,Marche,1525271,973890,63.85,0.9
3709,2021-05-04,MAR,10975,4841,6134,4931,5903,141,ITI,ITI3,11,Marche,Marche,1525271,984865,64.57,0.72
3710,2021-03-20,MAR,4184,1762,2422,1035,3135,14,ITI,ITI3,11,Marche,Marche,1525271,989049,64.84,0.27
3711,2021-01-22,MAR,490,169,321,193,295,2,ITI,ITI3,11,Marche,Marche,1525271,989539,64.88,0.03
3712,2021-07-07,MAR,14280,7082,7198,2960,11079,241,ITI,ITI3,11,Marche,Marche,1525271,1003819,65.81,0.94
3713,2021-02-15,MAR,967,412,555,939,13,15,ITI,ITI3,11,Marche,Marche,1525271,1004786,65.88,0.06
3714,2021-05-26,MAR,11890,5953,5937,8450,3226,214,ITI,ITI3,11,Marche,Marche,1525271,1016676,66.66,0.78
3715,2021-03-30,MAR,7481,3078,4403,4586,2823,72,ITI,ITI3,11,Marche,Marche,1525271,1024157,67.15,0.49
3716,2021-02-01,MAR,1362,479,883,94,1265,3,ITI,ITI3,11,Marche,Marche,1525271,1025519,67.24,0.09
3717,2021-04-06,MAR,8874,3693,5181,7931,810,133,ITI,ITI3,11,Marche,Marche,1525271,1034393,67.82,0.58
3718,2021-03-23,MAR,5839,2557,3282,2227,3577,35,ITI,ITI3,11,Marche,Marche,1525271,1040232,68.2,0.38
3719,2021-02-08,MAR,833,258,575,366,462,5,ITI,ITI3,11,Marche,Marche,1525271,1041065,68.25,0.05
3720,2021-07-15,MAR,16113,8337,7776,1756,14129,228,ITI,ITI3,11,Marche,Marche,1525271,1057178,69.31,1.06
3721,2021-05-19,MAR,11675,5367,6308,8369,3111,195,ITI,ITI3,11,Marche,Marche,1525271,1068853,70.08,0.77
3722,2021-07-14,MAR,13876,6835,7041,1786,11899,191,ITI,ITI3,11,Marche,Marche,1525271,1082729,70.99,0.91
3723,2021-01-10,MAR,1745,701,1044,1731,0,14,ITI,ITI3,11,Marche,Marche,1525271,1084474,71.1,0.11
3724,2021-07-12,MAR,13723,6804,6919,1228,12377,118,ITI,ITI3,11,Marche,Marche,1525271,1098197,72.0,0.9
3725,2021-04-03,MAR,7573,3204,4369,6738,667,168,ITI,ITI3,11,Marche,Marche,1525271,1105770,72.5,0.5
3726,2021-06-25,MAR,14346,7173,7173,6424,7635,287,ITI,ITI3,11,Marche,Marche,1525271,1120116,73.44,0.94
3727,2021-03-06,MAR,5738,2642,3096,4424,1267,47,ITI,ITI3,11,Marche,Marche,1525271,1125854,73.81,0.38
3728,2021-06-14,MAR,12833,6484,6349,9256,3308,269,ITI,ITI3,11,Marche,Marche,1525271,1138687,74.65,0.84
3729,2021-01-29,MAR,1992,730,1262,161,1826,5,ITI,ITI3,11,Marche,Marche,1525271,1140679,74.79,0.13
3730,2021-05-18,MAR,11268,5345,5923,7477,3613,178,ITI,ITI3,11,Marche,Marche,1525271,1151947,75.52,0.74
3731,2021-05-11,MAR,10625,4834,5791,5490,4943,192,ITI,ITI3,11,Marche,Marche,1525271,1162572,76.22,0.7
3732,2021-07-03,MAR,13843,6991,6852,4136,9395,312,ITI,ITI3,11,Marche,Marche,1525271,1176415,77.13,0.91
3733,2021-02-20,MAR,4166,1736,2430,4045,111,10,ITI,ITI3,11,Marche,Marche,1525271,1180581,77.4,0.27
3734,2021-01-20,MAR,406,100,306,384,20,2,ITI,ITI3,11,Marche,Marche,1525271,1180987,77.43,0.03
3735,2021-02-03,MAR,2124,741,1383,98,2005,21,ITI,ITI3,11,Marche,Marche,1525271,1183111,77.57,0.14
3736,2021-05-14,MAR,13638,6293,7345,6509,6917,212,ITI,ITI3,11,Marche,Marche,1525271,1196749,78.46,0.89
3737,2021-03-18,MAR,3443,1507,1936,150,3281,12,ITI,ITI3,11,Marche,Marche,1525271,1200192,78.69,0.23
3738,2021-06-26,MAR,13575,6904,6671,5688,7670,217,ITI,ITI3,11,Marche,Marche,1525271,1213767,79.58,0.89
3739,2021-05-23,MAR,9208,4282,4926,7413,1671,124,ITI,ITI3,11,Marche,Marche,1525271,1222975,80.18,0.6
3740,2021-05-06,MAR,12655,5822,6833,5362,7071,222,ITI,ITI3,11,Marche,Marche,1525271,1235630,81.01,0.83
3741,2021-02-12,MAR,1582,618,964,1404,152,26,ITI,ITI3,11,Marche,Marche,1525271,1237212,81.11,0.1
3742,2021-04-17,MAR,11704,5316,6388,10400,1073,231,ITI,ITI3,11,Marche,Marche,1525271,1248916,81.88,0.77
3743,2021-06-13,MAR,10746,5563,5183,9203,1294,249,ITI,ITI3,11,Marche,Marche,1525271,1259662,82.59,0.7
3744,2020-12-27,MAR,205,100,105,203,0,2,ITI,ITI3,11,Marche,Marche,1525271,1259867,82.6,0.01
3745,2021-03-08,MAR,6299,2761,3538,5189,1002,108,ITI,ITI3,11,Marche,Marche,1525271,1266166,83.01,0.41
3746,2021-02-05,MAR,2156,654,1502,438,1717,1,ITI,ITI3,11,Marche,Marche,1525271,1268322,83.15,0.14
3747,2021-05-16,MAR,10898,4957,5941,6551,4228,119,ITI,ITI3,11,Marche,Marche,1525271,1279220,83.87,0.71
3748,2021-05-30,MAR,9732,4690,5042,6547,2989,196,ITI,ITI3,11,Marche,Marche,1525271,1288952,84.51,0.64
3749,2021-02-10,MAR,1439,452,987,1038,359,42,ITI,ITI3,11,Marche,Marche,1525271,1290391,84.6,0.09
3750,2021-06-11,MAR,13991,7151,6840,11367,2321,303,ITI,ITI3,11,Marche,Marche,1525271,1304382,85.52,0.92
3751,2021-05-25,MAR,11769,5800,5969,8497,3052,220,ITI,ITI3,11,Marche,Marche,1525271,1316151,86.29,0.77
3752,2021-03-15,MAR,4453,2062,2391,1291,3141,21,ITI,ITI3,11,Marche,Marche,1525271,1320604,86.58,0.29
3753,2021-06-23,MAR,13886,6815,7071,6619,7012,255,ITI,ITI3,11,Marche,Marche,1525271,1334490,87.49,0.91
3754,2021-06-06,MAR,12450,6135,6315,10637,1577,236,ITI,ITI3,11,Marche,Marche,1525271,1346940,88.31,0.82
3755,2021-04-27,MAR,9605,4397,5208,5524,3987,94,ITI,ITI3,11,Marche,Marche,1525271,1356545,88.94,0.63
3756,2021-01-17,MAR,1617,694,923,1550,61,6,ITI,ITI3,11,Marche,Marche,1525271,1358162,89.04,0.11
3757,2021-07-02,MAR,14547,7174,7373,4675,9642,230,ITI,ITI3,11,Marche,Marche,1525271,1372709,90.0,0.95
3758,2021-06-18,MAR,15349,7649,7700,8299,6751,299,ITI,ITI3,11,Marche,Marche,1525271,1388058,91.0,1.01
3759,2021-04-29,MAR,13452,6158,7294,7175,6099,178,ITI,ITI3,11,Marche,Marche,1525271,1401510,91.89,0.88
3760,2021-03-01,MAR,3774,1522,2252,3505,248,21,ITI,ITI3,11,Marche,Marche,1525271,1405284,92.13,0.25
3761,2021-05-10,MAR,9452,4338,5114,4771,4553,128,ITI,ITI3,11,Marche,Marche,1525271,1414736,92.75,0.62
3762,2021-03-14,MAR,2499,1032,1467,1897,592,10,ITI,ITI3,11,Marche,Marche,1525271,1417235,92.92,0.16
3763,2021-03-21,MAR,4505,1873,2632,1614,2876,15,ITI,ITI3,11,Marche,Marche,1525271,1421740,93.21,0.3
3764,2021-02-06,MAR,2463,902,1561,513,1941,9,ITI,ITI3,11,Marche,Marche,1525271,1424203,93.37,0.16
3765,2021-05-21,MAR,13923,6601,7322,7226,6486,211,ITI,ITI3,11,Marche,Marche,1525271,1438126,94.29,0.91
3766,2021-05-28,MAR,13957,6737,7220,8802,4857,298,ITI,ITI3,11,Marche,Marche,1525271,1452083,95.2,0.92
3767,2021-04-01,MAR,7576,3182,4394,4068,3416,92,ITI,ITI3,11,Marche,Marche,1525271,1459659,95.7,0.5
3768,2021-07-10,MAR,14178,7240,6938,1673,12300,205,ITI,ITI3,11,Marche,Marche,1525271,1473837,96.63,0.93
3769,2021-04-22,MAR,10797,4930,5867,9083,1578,136,ITI,ITI3,11,Marche,Marche,1525271,1484634,97.34,0.71
3770,2021-02-24,MAR,3536,1549,1987,3426,78,32,ITI,ITI3,11,Marche,Marche,1525271,1488170,97.57,0.23
3771,2021-06-04,MAR,14339,7292,7047,11593,2438,308,ITI,ITI3,11,Marche,Marche,1525271,1502509,98.51,0.94
3772,2021-04-08,MAR,8692,3805,4887,8217,345,130,ITI,ITI3,11,Marche,Marche,1525271,1511201,99.08,0.57
3773,2021-03-03,MAR,6699,3076,3623,5718,884,97,ITI,ITI3,11,Marche,Marche,1525271,1517900,99.52,0.44
3774,2021-01-05,MAR,1577,591,986,1558,0,19,ITI,ITI3,11,Marche,Marche,1525271,1519477,99.62,0.1
3775,2021-04-15,MAR,10378,4675,5703,9579,565,234,ITI,ITI3,11,Marche,Marche,1525271,1529855,100.3,0.68
3776,2021-02-17,MAR,1832,704,1128,1646,118,68,ITI,ITI3,11,Marche,Marche,1525271,1531687,100.42,0.12
3777,2021-02-11,CAM,6280,2704,3576,5929,66,285,ITF,ITF3,15,Campania,Campania,5801692,6280,0.11,0.11
3778,2021-04-16,CAM,34327,16560,17767,23022,10665,640,ITF,ITF3,15,Campania,Campania,5801692,40607,0.7,0.59
3779,2021-05-24,CAM,31358,15151,16207,15863,15150,345,ITF,ITF3,15,Campania,Campania,5801692,71965,1.24,0.54
3780,2021-02-13,CAM,5508,2550,2958,5109,217,182,ITF,ITF3,15,Campania,Campania,5801692,77473,1.34,0.09
3781,2021-04-23,CAM,32324,15522,16802,22484,9150,690,ITF,ITF3,15,Campania,Campania,5801692,109797,1.89,0.56
3782,2021-06-07,CAM,57580,27717,29863,52870,4033,677,ITF,ITF3,15,Campania,Campania,5801692,167377,2.88,0.99
3783,2021-02-25,CAM,12426,4479,7947,10968,1188,270,ITF,ITF3,15,Campania,Campania,5801692,179803,3.1,0.21
3784,2021-04-09,CAM,30044,14153,15891,23313,6134,597,ITF,ITF3,15,Campania,Campania,5801692,209847,3.62,0.52
3785,2021-06-05,CAM,77618,37578,40040,70885,6022,711,ITF,ITF3,15,Campania,Campania,5801692,287465,4.95,1.34
3786,2021-06-14,CAM,37110,17913,19197,18788,18012,310,ITF,ITF3,15,Campania,Campania,5801692,324575,5.59,0.64
3787,2021-03-28,CAM,15557,7504,8053,13602,1625,330,ITF,ITF3,15,Campania,Campania,5801692,340132,5.86,0.27
3788,2021-01-04,CAM,5826,2963,2863,5727,0,99,ITF,ITF3,15,Campania,Campania,5801692,345958,5.96,0.1
3789,2021-06-19,CAM,62374,29700,32674,24260,37739,375,ITF,ITF3,15,Campania,Campania,5801692,408332,7.04,1.08
3790,2021-03-09,CAM,14128,6870,7258,9961,3785,382,ITF,ITF3,15,Campania,Campania,5801692,422460,7.28,0.24
3791,2021-06-24,CAM,66046,31814,34232,13474,52242,330,ITF,ITF3,15,Campania,Campania,5801692,488506,8.42,1.14
3792,2021-03-16,CAM,8086,3519,4567,3700,4314,72,ITF,ITF3,15,Campania,Campania,5801692,496592,8.56,0.14
3793,2021-01-25,CAM,5746,2927,2819,163,5583,0,ITF,ITF3,15,Campania,Campania,5801692,502338,8.66,0.1
3794,2021-07-01,CAM,61482,29838,31644,19838,40995,649,ITF,ITF3,15,Campania,Campania,5801692,563820,9.72,1.06
3795,2021-03-23,CAM,15743,7446,8297,12925,2513,305,ITF,ITF3,15,Campania,Campania,5801692,579563,9.99,0.27
3796,2021-05-19,CAM,51155,22604,28551,33826,16608,721,ITF,ITF3,15,Campania,Campania,5801692,630718,10.87,0.88
3797,2021-04-11,CAM,17524,8606,8918,15068,2083,373,ITF,ITF3,15,Campania,Campania,5801692,648242,11.17,0.3
3798,2021-04-28,CAM,36434,17641,18793,25917,9755,762,ITF,ITF3,15,Campania,Campania,5801692,684676,11.8,0.63
3799,2021-01-18,CAM,959,399,560,683,244,32,ITF,ITF3,15,Campania,Campania,5801692,685635,11.82,0.02
3800,2021-01-30,CAM,10724,5081,5643,36,10686,2,ITF,ITF3,15,Campania,Campania,5801692,696359,12.0,0.18
3801,2021-07-03,CAM,67270,32488,34782,8198,58696,376,ITF,ITF3,15,Campania,Campania,5801692,763629,13.16,1.16
3802,2021-01-16,CAM,3371,1677,1694,3262,0,109,ITF,ITF3,15,Campania,Campania,5801692,767000,13.22,0.06
3803,2021-03-02,CAM,12761,4558,8203,8214,4345,202,ITF,ITF3,15,Campania,Campania,5801692,779761,13.44,0.22
3804,2021-07-15,CAM,66439,31905,34534,9232,56939,268,ITF,ITF3,15,Campania,Campania,5801692,846200,14.59,1.15
3805,2021-01-11,CAM,4070,1871,2199,3961,0,109,ITF,ITF3,15,Campania,Campania,5801692,850270,14.66,0.07
3806,2021-01-06,CAM,7650,3749,3901,7506,0,144,ITF,ITF3,15,Campania,Campania,5801692,857920,14.79,0.13
3807,2021-02-18,CAM,9080,3813,5267,8151,707,222,ITF,ITF3,15,Campania,Campania,5801692,867000,14.94,0.16
3808,2021-04-25,CAM,30733,15169,15564,24599,5396,738,ITF,ITF3,15,Campania,Campania,5801692,897733,15.47,0.53
3809,2021-01-13,CAM,8020,3666,4354,7780,0,240,ITF,ITF3,15,Campania,Campania,5801692,905753,15.61,0.14
3810,2021-02-27,CAM,13948,4473,9475,12008,1642,298,ITF,ITF3,15,Campania,Campania,5801692,919701,15.85,0.24
3811,2021-06-16,CAM,31594,14980,16614,20541,10758,295,ITF,ITF3,15,Campania,Campania,5801692,951295,16.4,0.54
3812,2021-06-26,CAM,62930,30687,32243,14673,47849,408,ITF,ITF3,15,Campania,Campania,5801692,1014225,17.48,1.08
3813,2021-07-13,CAM,53659,25780,27879,4939,48471,249,ITF,ITF3,15,Campania,Campania,5801692,1067884,18.41,0.92
3814,2021-04-04,CAM,7966,4017,3949,6701,1047,218,ITF,ITF3,15,Campania,Campania,5801692,1075850,18.54,0.14
3815,2021-06-12,CAM,63983,31539,32444,55944,7215,824,ITF,ITF3,15,Campania,Campania,5801692,1139833,19.65,1.1
3816,2021-03-04,CAM,14708,5396,9312,8555,5894,259,ITF,ITF3,15,Campania,Campania,5801692,1154541,19.9,0.25
3817,2021-05-07,CAM,59769,29208,30561,42785,15946,1038,ITF,ITF3,15,Campania,Campania,5801692,1214310,20.93,1.03
3818,2021-05-31,CAM,40728,20665,20063,29852,10310,566,ITF,ITF3,15,Campania,Campania,5801692,1255038,21.63,0.7
3819,2021-05-05,CAM,51172,24857,26315,43286,6386,1500,ITF,ITF3,15,Campania,Campania,5801692,1306210,22.51,0.88
3820,2021-05-12,CAM,40888,19950,20938,30592,9156,1140,ITF,ITF3,15,Campania,Campania,5801692,1347098,23.22,0.7
3821,2021-07-08,CAM,61082,29400,31682,5664,55114,304,ITF,ITF3,15,Campania,Campania,5801692,1408180,24.27,1.05
3822,2021-05-26,CAM,52674,25835,26839,21108,31101,465,ITF,ITF3,15,Campania,Campania,5801692,1460854,25.18,0.91
3823,2021-04-06,CAM,24510,11561,12949,19506,4523,481,ITF,ITF3,15,Campania,Campania,5801692,1485364,25.6,0.42
3824,2021-07-12,CAM,56667,27361,29306,3771,52578,318,ITF,ITF3,15,Campania,Campania,5801692,1542031,26.58,0.98
3825,2020-12-27,CAM,720,422,298,716,0,4,ITF,ITF3,15,Campania,Campania,5801692,1542751,26.59,0.01
3826,2021-01-23,CAM,3839,2029,1810,267,3566,6,ITF,ITF3,15,Campania,Campania,5801692,1546590,26.66,0.07
3827,2021-03-21,CAM,10071,4674,5397,7507,2390,174,ITF,ITF3,15,Campania,Campania,5801692,1556661,26.83,0.17
3828,2021-02-10,CAM,6905,3413,3492,6483,177,245,ITF,ITF3,15,Campania,Campania,5801692,1563566,26.95,0.12
3829,2021-04-08,CAM,28392,13750,14642,21992,5844,556,ITF,ITF3,15,Campania,Campania,5801692,1591958,27.44,0.49
3830,2021-06-04,CAM,74493,35806,38687,64787,9061,645,ITF,ITF3,15,Campania,Campania,5801692,1666451,28.72,1.28
3831,2021-05-21,CAM,63708,29605,34103,42177,20526,1005,ITF,ITF3,15,Campania,Campania,5801692,1730159,29.82,1.1
3832,2021-05-17,CAM,49363,21702,27661,23655,25257,451,ITF,ITF3,15,Campania,Campania,5801692,1779522,30.67,0.85
3833,2021-02-06,CAM,5341,2666,2675,2006,3239,96,ITF,ITF3,15,Campania,Campania,5801692,1784863,30.76,0.09
3834,2021-04-30,CAM,42328,20195,22133,25041,16499,788,ITF,ITF3,15,Campania,Campania,5801692,1827191,31.49,0.73
3835,2021-02-04,CAM,7943,3429,4514,1249,6635,59,ITF,ITF3,15,Campania,Campania,5801692,1835134,31.63,0.14
3836,2021-01-01,CAM,919,506,413,900,0,19,ITF,ITF3,15,Campania,Campania,5801692,1836053,31.65,0.02
3837,2021-03-25,CAM,20320,9653,10667,16389,3503,428,ITF,ITF3,15,Campania,Campania,5801692,1856373,32.0,0.35
3838,2021-04-18,CAM,27220,13285,13935,17823,8900,497,ITF,ITF3,15,Campania,Campania,5801692,1883593,32.47,0.47
3839,2021-01-08,CAM,10453,4967,5486,10194,0,259,ITF,ITF3,15,Campania,Campania,5801692,1894046,32.65,0.18
3840,2021-04-27,CAM,32159,15625,16534,23497,7922,740,ITF,ITF3,15,Campania,Campania,5801692,1926205,33.2,0.55
3841,2021-06-23,CAM,46734,22079,24655,10749,35779,206,ITF,ITF3,15,Campania,Campania,5801692,1972939,34.01,0.81
3842,2021-01-15,CAM,4979,2381,2598,4823,0,156,ITF,ITF3,15,Campania,Campania,5801692,1977918,34.09,0.09
3843,2021-06-21,CAM,46836,22620,24216,11349,35204,283,ITF,ITF3,15,Campania,Campania,5801692,2024754,34.9,0.81
3844,2021-03-13,CAM,14518,7038,7480,8989,5282,247,ITF,ITF3,15,Campania,Campania,5801692,2039272,35.15,0.25
3845,2021-05-02,CAM,43495,21540,21955,31285,11359,851,ITF,ITF3,15,Campania,Campania,5801692,2082767,35.9,0.75
3846,2021-01-22,CAM,1525,776,749,659,852,14,ITF,ITF3,15,Campania,Campania,5801692,2084292,35.93,0.03
3847,2021-03-06,CAM,16371,6815,9556,10411,5669,291,ITF,ITF3,15,Campania,Campania,5801692,2100663,36.21,0.28
3848,2021-06-02,CAM,42833,20145,22688,37723,4675,435,ITF,ITF3,15,Campania,Campania,5801692,2143496,36.95,0.74
3849,2021-02-22,CAM,10683,3295,7388,10195,263,225,ITF,ITF3,15,Campania,Campania,5801692,2154179,37.13,0.18
3850,2021-03-11,CAM,17999,9057,8942,10332,7279,388,ITF,ITF3,15,Campania,Campania,5801692,2172178,37.44,0.31
3851,2021-05-16,CAM,51147,23226,27921,32868,17573,706,ITF,ITF3,15,Campania,Campania,5801692,2223325,38.32,0.88
3852,2021-02-20,CAM,8573,3080,5493,8109,303,161,ITF,ITF3,15,Campania,Campania,5801692,2231898,38.47,0.15
3853,2021-02-03,CAM,8903,4003,4900,842,8025,36,ITF,ITF3,15,Campania,Campania,5801692,2240801,38.62,0.15
3854,2021-04-20,CAM,32039,15500,16539,20161,11312,566,ITF,ITF3,15,Campania,Campania,5801692,2272840,39.18,0.55
3855,2021-06-28,CAM,46514,22737,23777,20589,25402,523,ITF,ITF3,15,Campania,Campania,5801692,2319354,39.98,0.8
3856,2021-03-20,CAM,13989,6529,7460,10013,3739,237,ITF,ITF3,15,Campania,Campania,5801692,2333343,40.22,0.24
3857,2021-02-15,CAM,5472,2516,2956,5159,175,138,ITF,ITF3,15,Campania,Campania,5801692,2338815,40.31,0.09
3858,2021-06-09,CAM,53059,26052,27007,41708,10903,448,ITF,ITF3,15,Campania,Campania,5801692,2391874,41.23,0.91
3859,2021-03-01,CAM,12130,4248,7882,7783,4112,235,ITF,ITF3,15,Campania,Campania,5801692,2404004,41.44,0.21
3860,2021-01-27,CAM,7738,3820,3918,157,7576,5,ITF,ITF3,15,Campania,Campania,5801692,2411742,41.57,0.13
3861,2021-03-18,CAM,12176,5381,6795,5796,6189,191,ITF,ITF3,15,Campania,Campania,5801692,2423918,41.78,0.21
3862,2021-02-08,CAM,5113,2449,2664,4164,803,146,ITF,ITF3,15,Campania,Campania,5801692,2429031,41.87,0.09
3863,2021-01-20,CAM,1257,650,607,1226,0,31,ITF,ITF3,15,Campania,Campania,5801692,2430288,41.89,0.02
3864,2021-04-13,CAM,26609,12686,13923,20577,5534,498,ITF,ITF3,15,Campania,Campania,5801692,2456897,42.35,0.46
3865,2021-01-03,CAM,3836,2009,1827,3787,0,49,ITF,ITF3,15,Campania,Campania,5801692,2460733,42.41,0.07
3866,2021-07-05,CAM,63280,30505,32775,12746,49863,671,ITF,ITF3,15,Campania,Campania,5801692,2524013,43.5,1.09
3867,2021-05-18,CAM,52185,23230,28955,31876,19656,653,ITF,ITF3,15,Campania,Campania,5801692,2576198,44.4,0.9
3868,2021-02-05,CAM,7261,3463,3798,2019,5128,114,ITF,ITF3,15,Campania,Campania,5801692,2583459,44.53,0.13
3869,2021-04-29,CAM,41329,20037,21292,24096,16482,751,ITF,ITF3,15,Campania,Campania,5801692,2624788,45.24,0.71
3870,2021-01-19,CAM,1095,474,621,1042,3,50,ITF,ITF3,15,Campania,Campania,5801692,2625883,45.26,0.02
3871,2021-07-07,CAM,52224,24783,27441,7267,44572,385,ITF,ITF3,15,Campania,Campania,5801692,2678107,46.16,0.9
3872,2021-03-29,CAM,19405,9578,9827,17471,1547,387,ITF,ITF3,15,Campania,Campania,5801692,2697512,46.5,0.33
3873,2021-06-20,CAM,47595,22739,24856,14333,32977,285,ITF,ITF3,15,Campania,Campania,5801692,2745107,47.32,0.82
3874,2021-03-27,CAM,21513,10242,11271,17256,3865,392,ITF,ITF3,15,Campania,Campania,5801692,2766620,47.69,0.37
3875,2021-06-01,CAM,42047,20870,21177,31335,10493,219,ITF,ITF3,15,Campania,Campania,5801692,2808667,48.41,0.72
3876,2021-06-18,CAM,65881,31397,34484,35097,30295,489,ITF,ITF3,15,Campania,Campania,5801692,2874548,49.55,1.14
3877,2021-03-10,CAM,15614,7721,7893,8465,6836,313,ITF,ITF3,15,Campania,Campania,5801692,2890162,49.82,0.27
3878,2021-05-15,CAM,62656,29041,33615,42155,18713,1788,ITF,ITF3,15,Campania,Campania,5801692,2952818,50.9,1.08
3879,2021-03-22,CAM,13181,6344,6837,10864,2041,276,ITF,ITF3,15,Campania,Campania,5801692,2965999,51.12,0.23
3880,2021-02-07,CAM,2928,1381,1547,2067,771,90,ITF,ITF3,15,Campania,Campania,5801692,2968927,51.17,0.05
3881,2021-06-30,CAM,47593,22737,24856,18377,28603,613,ITF,ITF3,15,Campania,Campania,5801692,3016520,51.99,0.82
3882,2021-01-17,CAM,1155,551,604,682,453,20,ITF,ITF3,15,Campania,Campania,5801692,3017675,52.01,0.02
3883,2021-03-15,CAM,13346,6491,6855,8352,4746,248,ITF,ITF3,15,Campania,Campania,5801692,3031021,52.24,0.23
3884,2021-07-02,CAM,55852,26988,28864,14438,40931,483,ITF,ITF3,15,Campania,Campania,5801692,3086873,53.21,0.96
3885,2021-05-27,CAM,72911,35351,37560,25819,46534,558,ITF,ITF3,15,Campania,Campania,5801692,3159784,54.46,1.26
3886,2021-02-16,CAM,5440,2412,3028,4495,771,174,ITF,ITF3,15,Campania,Campania,5801692,3165224,54.56,0.09
3887,2021-07-14,CAM,51042,24542,26500,4312,46453,277,ITF,ITF3,15,Campania,Campania,5801692,3216266,55.44,0.88
3888,2021-04-05,CAM,11638,5542,6096,8939,2424,275,ITF,ITF3,15,Campania,Campania,5801692,3227904,55.64,0.2
3889,2021-03-17,CAM,11590,5100,6490,4860,6581,149,ITF,ITF3,15,Campania,Campania,5801692,3239494,55.84,0.2
3890,2021-06-11,CAM,70789,34390,36399,63911,6034,844,ITF,ITF3,15,Campania,Campania,5801692,3310283,57.06,1.22
3891,2021-03-03,CAM,13924,5496,8428,7099,6630,195,ITF,ITF3,15,Campania,Campania,5801692,3324207,57.3,0.24
3892,2021-05-09,CAM,43201,20285,22916,30970,11096,1135,ITF,ITF3,15,Campania,Campania,5801692,3367408,58.04,0.74
3893,2021-01-10,CAM,8165,3736,4429,7963,0,202,ITF,ITF3,15,Campania,Campania,5801692,3375573,58.18,0.14
3894,2021-04-03,CAM,21117,10316,10801,18283,2381,453,ITF,ITF3,15,Campania,Campania,5801692,3396690,58.55,0.36
3895,2021-05-23,CAM,58745,28638,30107,37221,20895,629,ITF,ITF3,15,Campania,Campania,5801692,3455435,59.56,1.01
3896,2021-02-12,CAM,6531,2861,3670,6092,188,251,ITF,ITF3,15,Campania,Campania,5801692,3461966,59.67,0.11
3897,2021-01-29,CAM,10053,4812,5241,43,10006,4,ITF,ITF3,15,Campania,Campania,5801692,3472019,59.84,0.17
3898,2021-06-27,CAM,43551,21450,22101,14111,29066,374,ITF,ITF3,15,Campania,Campania,5801692,3515570,60.6,0.75
3899,2021-03-19,CAM,11143,4973,6170,7096,3873,174,ITF,ITF3,15,Campania,Campania,5801692,3526713,60.79,0.19
3900,2021-06-10,CAM,75907,36677,39230,68000,7033,874,ITF,ITF3,15,Campania,Campania,5801692,3602620,62.1,1.31
3901,2021-03-08,CAM,14687,6846,7841,9504,4777,406,ITF,ITF3,15,Campania,Campania,5801692,3617307,62.35,0.25
3902,2021-05-04,CAM,48482,23348,25134,38354,8901,1227,ITF,ITF3,15,Campania,Campania,5801692,3665789,63.18,0.84
3903,2021-01-24,CAM,4122,2119,2003,360,3745,17,ITF,ITF3,15,Campania,Campania,5801692,3669911,63.26,0.07
3904,2021-05-13,CAM,55450,24827,30623,37876,16005,1569,ITF,ITF3,15,Campania,Campania,5801692,3725361,64.21,0.96
3905,2021-07-09,CAM,61431,29739,31692,4367,56773,291,ITF,ITF3,15,Campania,Campania,5801692,3786792,65.27,1.06
3906,2021-01-31,CAM,8070,3712,4358,22,8047,1,ITF,ITF3,15,Campania,Campania,5801692,3794862,65.41,0.14
3907,2021-05-22,CAM,67957,32513,35444,45622,21489,846,ITF,ITF3,15,Campania,Campania,5801692,3862819,66.58,1.17
3908,2021-03-24,CAM,17923,8370,9553,14626,2958,339,ITF,ITF3,15,Campania,Campania,5801692,3880742,66.89,0.31
3909,2021-05-20,CAM,60830,28141,32689,42227,17638,965,ITF,ITF3,15,Campania,Campania,5801692,3941572,67.94,1.05
3910,2021-02-09,CAM,4643,2202,2441,4234,252,157,ITF,ITF3,15,Campania,Campania,5801692,3946215,68.02,0.08
3911,2021-02-01,CAM,3984,1813,2171,102,3874,8,ITF,ITF3,15,Campania,Campania,5801692,3950199,68.09,0.07
3912,2021-03-30,CAM,22052,10577,11475,18598,2957,497,ITF,ITF3,15,Campania,Campania,5801692,3972251,68.47,0.38
3913,2021-04-17,CAM,36184,17511,18673,23985,11512,687,ITF,ITF3,15,Campania,Campania,5801692,4008435,69.09,0.62
3914,2021-06-13,CAM,43423,21237,22186,38100,4729,594,ITF,ITF3,15,Campania,Campania,5801692,4051858,69.84,0.75
3915,2021-05-30,CAM,52153,25441,26712,37961,13313,879,ITF,ITF3,15,Campania,Campania,5801692,4104011,70.74,0.9
3916,2021-02-19,CAM,9571,3559,6012,8714,650,207,ITF,ITF3,15,Campania,Campania,5801692,4113582,70.9,0.16
3917,2020-12-31,CAM,1489,810,679,1470,0,19,ITF,ITF3,15,Campania,Campania,5801692,4115071,70.93,0.03
3918,2021-06-06,CAM,63226,31444,31782,61928,648,650,ITF,ITF3,15,Campania,Campania,5801692,4178297,72.02,1.09
3919,2021-02-26,CAM,13335,4227,9108,11731,1336,268,ITF,ITF3,15,Campania,Campania,5801692,4191632,72.25,0.23
3920,2021-04-24,CAM,36364,17528,18836,24361,11248,755,ITF,ITF3,15,Campania,Campania,5801692,4227996,72.88,0.63
3921,2021-04-10,CAM,28355,13493,14862,22827,4914,614,ITF,ITF3,15,Campania,Campania,5801692,4256351,73.36,0.49
3922,2021-03-12,CAM,14574,7410,7164,8199,6083,292,ITF,ITF3,15,Campania,Campania,5801692,4270925,73.62,0.25
3923,2021-06-03,CAM,72636,35228,37408,61158,10674,804,ITF,ITF3,15,Campania,Campania,5801692,4343561,74.87,1.25
3924,2021-02-23,CAM,11002,3388,7614,10205,526,271,ITF,ITF3,15,Campania,Campania,5801692,4354563,75.06,0.19
3925,2021-05-11,CAM,39865,19237,20628,29554,9400,911,ITF,ITF3,15,Campania,Campania,5801692,4394428,75.74,0.69
3926,2021-07-11,CAM,40853,19658,21195,1015,39757,81,ITF,ITF3,15,Campania,Campania,5801692,4435281,76.45,0.7
3927,2021-02-02,CAM,5724,2805,2919,413,5280,31,ITF,ITF3,15,Campania,Campania,5801692,4441005,76.55,0.1
3928,2021-03-31,CAM,23187,11371,11816,19359,3440,388,ITF,ITF3,15,Campania,Campania,5801692,4464192,76.95,0.4
3929,2021-04-07,CAM,24971,11986,12985,19713,4725,533,ITF,ITF3,15,Campania,Campania,5801692,4489163,77.38,0.43
3930,2021-07-16,CAM,27,27,0,4,23,0,ITF,ITF3,15,Campania,Campania,5801692,4489190,77.38,0.0
3931,2021-04-02,CAM,21862,10523,11339,19098,2322,442,ITF,ITF3,15,Campania,Campania,5801692,4511052,77.75,0.38
3932,2021-06-25,CAM,65501,31799,33702,13793,51329,379,ITF,ITF3,15,Campania,Campania,5801692,4576553,78.88,1.13
3933,2021-05-25,CAM,46502,22383,24119,22544,23410,548,ITF,ITF3,15,Campania,Campania,5801692,4623055,79.68,0.8
3934,2021-04-22,CAM,33961,16540,17421,20932,12405,624,ITF,ITF3,15,Campania,Campania,5801692,4657016,80.27,0.59
3935,2021-01-12,CAM,5215,2564,2651,5076,0,139,ITF,ITF3,15,Campania,Campania,5801692,4662231,80.36,0.09
3936,2021-05-06,CAM,57283,27909,29374,41311,14452,1520,ITF,ITF3,15,Campania,Campania,5801692,4719514,81.35,0.99
3937,2021-05-29,CAM,67816,32259,35557,43107,23870,839,ITF,ITF3,15,Campania,Campania,5801692,4787330,82.52,1.17
3938,2021-01-21,CAM,2092,1115,977,670,1416,6,ITF,ITF3,15,Campania,Campania,5801692,4789422,82.55,0.04
3939,2021-01-07,CAM,8909,4167,4742,8736,0,173,ITF,ITF3,15,Campania,Campania,5801692,4798331,82.71,0.15
3940,2021-03-05,CAM,16813,6666,10147,9865,6663,285,ITF,ITF3,15,Campania,Campania,5801692,4815144,83.0,0.29
3941,2021-01-14,CAM,7074,2978,4096,6810,0,264,ITF,ITF3,15,Campania,Campania,5801692,4822218,83.12,0.12
3942,2021-02-21,CAM,5836,2241,3595,5496,225,115,ITF,ITF3,15,Campania,Campania,5801692,4828054,83.22,0.1
3943,2021-05-08,CAM,56428,27142,29286,39151,15828,1449,ITF,ITF3,15,Campania,Campania,5801692,4884482,84.19,0.97
3944,2021-01-28,CAM,8833,4122,4711,126,8699,8,ITF,ITF3,15,Campania,Campania,5801692,4893315,84.34,0.15
3945,2021-04-21,CAM,30233,14729,15504,17483,12227,523,ITF,ITF3,15,Campania,Campania,5801692,4923548,84.86,0.52
3946,2021-04-14,CAM,27650,13338,14312,18669,8570,411,ITF,ITF3,15,Campania,Campania,5801692,4951198,85.34,0.48
3947,2021-05-01,CAM,46346,22661,23685,29339,16105,902,ITF,ITF3,15,Campania,Campania,5801692,4997544,86.14,0.8
3948,2021-07-06,CAM,56611,27027,29584,16290,39872,449,ITF,ITF3,15,Campania,Campania,5801692,5054155,87.12,0.98
3949,2021-04-12,CAM,23307,10921,12386,19773,3035,499,ITF,ITF3,15,Campania,Campania,5801692,5077462,87.52,0.4
3950,2021-01-02,CAM,3672,1962,1710,3614,0,58,ITF,ITF3,15,Campania,Campania,5801692,5081134,87.58,0.06
3951,2021-06-17,CAM,60159,28848,31311,32896,26764,499,ITF,ITF3,15,Campania,Campania,5801692,5141293,88.62,1.04
3952,2021-07-04,CAM,48817,23764,25053,6327,42308,182,ITF,ITF3,15,Campania,Campania,5801692,5190110,89.46,0.84
3953,2021-03-26,CAM,19863,9322,10541,15651,3815,397,ITF,ITF3,15,Campania,Campania,5801692,5209973,89.8,0.34
3954,2021-02-28,CAM,10412,3207,7205,8315,1900,197,ITF,ITF3,15,Campania,Campania,5801692,5220385,89.98,0.18
3955,2021-02-14,CAM,3929,1923,2006,3845,34,50,ITF,ITF3,15,Campania,Campania,5801692,5224314,90.05,0.07
3956,2021-01-26,CAM,7341,3726,3615,331,6989,21,ITF,ITF3,15,Campania,Campania,5801692,5231655,90.17,0.13
3957,2021-04-19,CAM,30770,14830,15940,18693,11572,505,ITF,ITF3,15,Campania,Campania,5801692,5262425,90.71,0.53
3958,2021-01-09,CAM,10567,5024,5543,10306,0,261,ITF,ITF3,15,Campania,Campania,5801692,5272992,90.89,0.18
3959,2021-04-01,CAM,24680,12010,12670,20081,4133,466,ITF,ITF3,15,Campania,Campania,5801692,5297672,91.31,0.43
3960,2021-05-28,CAM,73044,35310,37734,26278,46152,614,ITF,ITF3,15,Campania,Campania,5801692,5370716,92.57,1.26
3961,2021-05-14,CAM,61038,27583,33455,34851,24706,1481,ITF,ITF3,15,Campania,Campania,5801692,5431754,93.62,1.05
3962,2021-07-10,CAM,66876,32655,34221,2753,63927,196,ITF,ITF3,15,Campania,Campania,5801692,5498630,94.78,1.15
3963,2021-02-24,CAM,11784,4149,7635,10849,688,247,ITF,ITF3,15,Campania,Campania,5801692,5510414,94.98,0.2
3964,2021-01-05,CAM,7237,3637,3600,7076,0,161,ITF,ITF3,15,Campania,Campania,5801692,5517651,95.1,0.12
3965,2021-02-17,CAM,7390,3212,4178,6206,1060,124,ITF,ITF3,15,Campania,Campania,5801692,5525041,95.23,0.13
3966,2021-04-15,CAM,34343,16663,17680,23813,9902,628,ITF,ITF3,15,Campania,Campania,5801692,5559384,95.82,0.59
3967,2021-06-22,CAM,52437,25008,27429,13198,38992,247,ITF,ITF3,15,Campania,Campania,5801692,5611821,96.73,0.9
3968,2021-03-14,CAM,8616,3827,4789,4379,4140,97,ITF,ITF3,15,Campania,Campania,5801692,5620437,96.88,0.15
3969,2021-05-10,CAM,35467,16389,19078,25000,9927,540,ITF,ITF3,15,Campania,Campania,5801692,5655904,97.49,0.61
3970,2021-06-08,CAM,53035,25851,27184,45457,6996,582,ITF,ITF3,15,Campania,Campania,5801692,5708939,98.4,0.91
3971,2021-04-26,CAM,34033,16649,17384,27573,5622,838,ITF,ITF3,15,Campania,Campania,5801692,5742972,98.99,0.59
3972,2021-03-07,CAM,11973,5404,6569,7816,3843,314,ITF,ITF3,15,Campania,Campania,5801692,5754945,99.19,0.21
3973,2021-05-03,CAM,40778,19898,20880,27958,11857,963,ITF,ITF3,15,Campania,Campania,5801692,5795723,99.9,0.7
3974,2021-06-29,CAM,49294,23975,25319,19828,29007,459,ITF,ITF3,15,Campania,Campania,5801692,5845017,100.75,0.85
3975,2021-06-15,CAM,18666,9081,9585,11022,7412,232,ITF,ITF3,15,Campania,Campania,5801692,5863683,101.07,0.32
3976,2021-02-03,VDA,351,114,237,14,337,0,ITC,ITC2,2,Valle d'Aosta / Vallée d'Aoste,Valle d'Aosta,125666,351,0.28,0.28
3977,2021-04-01,VDA,778,394,384,747,12,19,ITC,ITC2,2,Valle d'Aosta / Vallée d'Aoste,Valle d'Aosta,125666,1129,0.9,0.62
3978,2021-01-27,VDA,151,71,80,79,72,0,ITC,ITC2,2,Valle d'Aosta / Vallée d'Aoste,Valle d'Aosta,125666,1280,1.02,0.12
3979,2021-04-20,VDA,933,430,503,707,194,32,ITC,ITC2,2,Valle d'Aosta / Vallée d'Aoste,Valle d'Aosta,125666,2213,1.76,0.74
3980,2021-01-10,VDA,220,71,149,208,0,12,ITC,ITC2,2,Valle d'Aosta / Vallée d'Aoste,Valle d'Aosta,125666,2433,1.94,0.18
3981,2020-12-27,VDA,20,9,11,20,0,0,ITC,ITC2,2,Valle d'Aosta / Vallée d'Aoste,Valle d'Aosta,125666,2453,1.95,0.02
3982,2021-05-30,VDA,865,429,436,682,171,12,ITC,ITC2,2,Valle d'Aosta / Vallée d'Aoste,Valle d'Aosta,125666,3318,2.64,0.69
3983,2021-05-28,VDA,975,414,561,544,412,19,ITC,ITC2,2,Valle d'Aosta / Vallée d'Aoste,Valle d'Aosta,125666,4293,3.42,0.78
3984,2021-02-17,VDA,327,144,183,223,100,4,ITC,ITC2,2,Valle d'Aosta / Vallée d'Aoste,Valle d'Aosta,125666,4620,3.68,0.26
3985,2021-02-05,VDA,294,102,192,101,193,0,ITC,ITC2,2,Valle d'Aosta / Vallée d'Aoste,Valle d'Aosta,125666,4914,3.91,0.23
3986,2021-02-22,VDA,316,94,222,210,103,3,ITC,ITC2,2,Valle d'Aosta / Vallée d'Aoste,Valle d'Aosta,125666,5230,4.16,0.25
3987,2021-05-16,VDA,688,341,347,338,341,9,ITC,ITC2,2,Valle d'Aosta / Vallée d'Aoste,Valle d'Aosta,125666,5918,4.71,0.55
3988,2021-05-02,VDA,765,345,420,581,160,24,ITC,ITC2,2,Valle d'Aosta / Vallée d'Aoste,Valle d'Aosta,125666,6683,5.32,0.61
3989,2021-01-22,VDA,56,21,35,20,36,0,ITC,ITC2,2,Valle d'Aosta / Vallée d'Aoste,Valle d'Aosta,125666,6739,5.36,0.04
3990,2021-01-08,VDA,299,130,169,299,0,0,ITC,ITC2,2,Valle d'Aosta / Vallée d'Aoste,Valle d'Aosta,125666,7038,5.6,0.24
3991,2021-03-06,VDA,22,4,18,18,0,4,ITC,ITC2,2,Valle d'Aosta / Vallée d'Aoste,Valle d'Aosta,125666,7060,5.62,0.02
3992,2021-04-15,VDA,810,377,433,638,139,33,ITC,ITC2,2,Valle d'Aosta / Vallée d'Aoste,Valle d'Aosta,125666,7870,6.26,0.64
3993,2021-07-07,VDA,792,439,353,413,362,17,ITC,ITC2,2,Valle d'Aosta / Vallée d'Aoste,Valle d'Aosta,125666,8662,6.89,0.63
3994,2021-03-08,VDA,485,233,252,237,245,3,ITC,ITC2,2,Valle d'Aosta / Vallée d'Aoste,Valle d'Aosta,125666,9147,7.28,0.39
3995,2021-05-04,VDA,1135,510,625,434,673,28,ITC,ITC2,2,Valle d'Aosta / Vallée d'Aoste,Valle d'Aosta,125666,10282,8.18,0.9
3996,2021-06-16,VDA,683,365,318,638,41,4,ITC,ITC2,2,Valle d'Aosta / Vallée d'Aoste,Valle d'Aosta,125666,10965,8.73,0.54
3997,2021-03-15,VDA,362,123,239,150,203,9,ITC,ITC2,2,Valle d'Aosta / Vallée d'Aoste,Valle d'Aosta,125666,11327,9.01,0.29
3998,2021-05-11,VDA,647,325,322,468,151,28,ITC,ITC2,2,Valle d'Aosta / Vallée d'Aoste,Valle d'Aosta,125666,11974,9.53,0.51
3999,2021-04-27,VDA,978,423,555,650,292,36,ITC,ITC2,2,Valle d'Aosta / Vallée d'Aoste,Valle d'Aosta,125666,12952,10.31,0.78
4000,2021-01-17,VDA,131,56,75,131,0,0,ITC,ITC2,2,Valle d'Aosta / Vallée d'Aoste,Valle d'Aosta,125666,13083,10.41,0.1
4001,2021-06-23,VDA,1043,551,492,423,616,4,ITC,ITC2,2,Valle d'Aosta / Vallée d'Aoste,Valle d'Aosta,125666,14126,11.24,0.83
4002,2021-07-12,VDA,978,483,495,239,731,8,ITC,ITC2,2,Valle d'Aosta / Vallée d'Aoste,Valle d'Aosta,125666,15104,12.02,0.78
4003,2021-04-03,VDA,676,341,335,649,15,12,ITC,ITC2,2,Valle d'Aosta / Vallée d'Aoste,Valle d'Aosta,125666,15780,12.56,0.54
4004,2021-03-20,VDA,208,86,122,167,36,5,ITC,ITC2,2,Valle d'Aosta / Vallée d'Aoste,Valle d'Aosta,125666,15988,12.72,0.17
4005,2021-06-28,VDA,986,496,490,326,657,3,ITC,ITC2,2,Valle d'Aosta / Vallée d'Aoste,Valle d'Aosta,125666,16974,13.51,0.78
4006,2021-06-11,VDA,1047,483,564,756,283,8,ITC,ITC2,2,Valle d'Aosta / Vallée d'Aoste,Valle d'Aosta,125666,18021,14.34,0.83
4007,2021-05-23,VDA,999,465,534,652,341,6,ITC,ITC2,2,Valle d'Aosta / Vallée d'Aoste,Valle d'Aosta,125666,19020,15.14,0.79
4008,2021-02-24,VDA,183,82,101,162,19,2,ITC,ITC2,2,Valle d'Aosta / Vallée d'Aoste,Valle d'Aosta,125666,19203,15.28,0.15
4009,2021-04-08,VDA,584,282,302,420,143,21,ITC,ITC2,2,Valle d'Aosta / Vallée d'Aoste,Valle d'Aosta,125666,19787,15.75,0.46
4010,2021-06-13,VDA,852,400,452,371,478,3,ITC,ITC2,2,Valle d'Aosta / Vallée d'Aoste,Valle d'Aosta,125666,20639,16.42,0.68
4011,2021-06-08,VDA,712,356,356,675,33,4,ITC,ITC2,2,Valle d'Aosta / Vallée d'Aoste,Valle d'Aosta,125666,21351,16.99,0.57
4012,2021-02-10,VDA,248,77,171,141,107,0,ITC,ITC2,2,Valle d'Aosta / Vallée d'Aoste,Valle d'Aosta,125666,21599,17.19,0.2
4013,2021-03-25,VDA,389,154,235,364,10,15,ITC,ITC2,2,Valle d'Aosta / Vallée d'Aoste,Valle d'Aosta,125666,21988,17.5,0.31
4014,2021-05-21,VDA,917,433,484,515,386,16,ITC,ITC2,2,Valle d'Aosta / Vallée d'Aoste,Valle d'Aosta,125666,22905,18.23,0.73
4015,2021-04-17,VDA,638,407,231,593,2,43,ITC,ITC2,2,Valle d'Aosta / Vallée d'Aoste,Valle d'Aosta,125666,23543,18.73,0.51
4016,2021-01-07,VDA,276,111,165,276,0,0,ITC,ITC2,2,Valle d'Aosta / Vallée d'Aoste,Valle d'Aosta,125666,23819,18.95,0.22
4017,2021-02-19,VDA,292,102,190,266,24,2,ITC,ITC2,2,Valle d'Aosta / Vallée d'Aoste,Valle d'Aosta,125666,24111,19.19,0.23
4018,2021-06-09,VDA,1027,535,492,983,36,8,ITC,ITC2,2,Valle d'Aosta / Vallée d'Aoste,Valle d'Aosta,125666,25138,20.0,0.82
4019,2021-03-01,VDA,181,66,115,139,34,8,ITC,ITC2,2,Valle d'Aosta / Vallée d'Aoste,Valle d'Aosta,125666,25319,20.15,0.14
4020,2021-02-15,VDA,264,136,128,225,35,4,ITC,ITC2,2,Valle d'Aosta / Vallée d'Aoste,Valle d'Aosta,125666,25583,20.36,0.21
4021,2021-06-04,VDA,908,383,525,470,433,5,ITC,ITC2,2,Valle d'Aosta / Vallée d'Aoste,Valle d'Aosta,125666,26491,21.08,0.72
4022,2021-01-19,VDA,256,77,179,256,0,0,ITC,ITC2,2,Valle d'Aosta / Vallée d'Aoste,Valle d'Aosta,125666,26747,21.28,0.2
4023,2021-03-13,VDA,147,88,59,141,0,6,ITC,ITC2,2,Valle d'Aosta / Vallée d'Aoste,Valle d'Aosta,125666,26894,21.4,0.12
4024,2021-01-15,VDA,218,82,136,218,0,0,ITC,ITC2,2,Valle d'Aosta / Vallée d'Aoste,Valle d'Aosta,125666,27112,21.57,0.17
4025,2021-01-29,VDA,318,138,180,2,316,0,ITC,ITC2,2,Valle d'Aosta / Vallée d'Aoste,Valle d'Aosta,125666,27430,21.83,0.25
4026,2021-04-22,VDA,1068,450,618,652,383,33,ITC,ITC2,2,Valle d'Aosta / Vallée d'Aoste,Valle d'Aosta,125666,28498,22.68,0.85
4027,2021-05-09,VDA,574,287,287,425,130,19,ITC,ITC2,2,Valle d'Aosta / Vallée d'Aoste,Valle d'Aosta,125666,29072,23.13,0.46
4028,2021-03-17,VDA,433,185,248,259,160,14,ITC,ITC2,2,Valle d'Aosta / Vallée d'Aoste,Valle d'Aosta,125666,29505,23.48,0.34
4029,2021-03-03,VDA,255,118,137,182,68,5,ITC,ITC2,2,Valle d'Aosta / Vallée d'Aoste,Valle d'Aosta,125666,29760,23.68,0.2
4030,2021-06-30,VDA,1117,542,575,415,692,10,ITC,ITC2,2,Valle d'Aosta / Vallée d'Aoste,Valle d'Aosta,125666,30877,24.57,0.89
4031,2021-01-31,VDA,291,91,200,58,233,0,ITC,ITC2,2,Valle d'Aosta / Vallée d'Aoste,Valle d'Aosta,125666,31168,24.8,0.23
4032,2021-04-13,VDA,373,171,202,311,44,18,ITC,ITC2,2,Valle d'Aosta / Vallée d'Aoste,Valle d'Aosta,125666,31541,25.1,0.3
4033,2021-07-05,VDA,834,355,479,312,508,14,ITC,ITC2,2,Valle d'Aosta / Vallée d'Aoste,Valle d'Aosta,125666,32375,25.76,0.66
4034,2021-03-27,VDA,333,164,169,289,31,13,ITC,ITC2,2,Valle d'Aosta / Vallée d'Aoste,Valle d'Aosta,125666,32708,26.03,0.26
4035,2021-06-18,VDA,998,443,555,589,399,10,ITC,ITC2,2,Valle d'Aosta / Vallée d'Aoste,Valle d'Aosta,125666,33706,26.82,0.79
4036,2021-02-26,VDA,207,58,149,108,85,14,ITC,ITC2,2,Valle d'Aosta / Vallée d'Aoste,Valle d'Aosta,125666,33913,26.99,0.16
4037,2021-04-10,VDA,404,190,214,387,5,12,ITC,ITC2,2,Valle d'Aosta / Vallée d'Aoste,Valle d'Aosta,125666,34317,27.31,0.32
4038,2020-12-31,VDA,18,4,14,18,0,0,ITC,ITC2,2,Valle d'Aosta / Vallée d'Aoste,Valle d'Aosta,125666,34335,27.32,0.01
4039,2021-06-06,VDA,1160,582,578,782,373,5,ITC,ITC2,2,Valle d'Aosta / Vallée d'Aoste,Valle d'Aosta,125666,35495,28.25,0.92
4040,2021-06-15,VDA,876,479,397,608,255,13,ITC,ITC2,2,Valle d'Aosta / Vallée d'Aoste,Valle d'Aosta,125666,36371,28.94,0.7
4041,2021-03-05,VDA,276,124,152,52,223,1,ITC,ITC2,2,Valle d'Aosta / Vallée d'Aoste,Valle d'Aosta,125666,36647,29.16,0.22
4042,2021-01-05,VDA,150,54,96,150,0,0,ITC,ITC2,2,Valle d'Aosta / Vallée d'Aoste,Valle d'Aosta,125666,36797,29.28,0.12
4043,2021-01-14,VDA,237,69,168,237,0,0,ITC,ITC2,2,Valle d'Aosta / Vallée d'Aoste,Valle d'Aosta,125666,37034,29.47,0.19
4044,2021-04-24,VDA,722,400,322,533,167,22,ITC,ITC2,2,Valle d'Aosta / Vallée d'Aoste,Valle d'Aosta,125666,37756,30.04,0.57
4045,2021-04-19,VDA,752,325,427,520,209,23,ITC,ITC2,2,Valle d'Aosta / Vallée d'Aoste,Valle d'Aosta,125666,38508,30.64,0.6
4046,2021-04-12,VDA,486,186,300,306,163,17,ITC,ITC2,2,Valle d'Aosta / Vallée d'Aoste,Valle d'Aosta,125666,38994,31.03,0.39
4047,2021-04-29,VDA,1291,634,657,736,534,21,ITC,ITC2,2,Valle d'Aosta / Vallée d'Aoste,Valle d'Aosta,125666,40285,32.06,1.03
4048,2021-07-04,VDA,1191,530,661,336,840,15,ITC,ITC2,2,Valle d'Aosta / Vallée d'Aoste,Valle d'Aosta,125666,41476,33.0,0.95
4049,2021-05-18,VDA,970,484,486,349,617,4,ITC,ITC2,2,Valle d'Aosta / Vallée d'Aoste,Valle d'Aosta,125666,42446,33.78,0.77
4050,2021-02-07,VDA,292,120,172,190,102,0,ITC,ITC2,2,Valle d'Aosta / Vallée d'Aoste,Valle d'Aosta,125666,42738,34.01,0.23
4051,2021-07-16,VDA,446,236,210,15,431,0,ITC,ITC2,2,Valle d'Aosta / Vallée d'Aoste,Valle d'Aosta,125666,43184,34.36,0.35
4052,2021-01-26,VDA,140,49,91,0,140,0,ITC,ITC2,2,Valle d'Aosta / Vallée d'Aoste,Valle d'Aosta,125666,43324,34.48,0.11
4053,2021-02-12,VDA,263,96,167,216,46,1,ITC,ITC2,2,Valle d'Aosta / Vallée d'Aoste,Valle d'Aosta,125666,43587,34.68,0.21
4054,2021-01-12,VDA,302,72,230,302,0,0,ITC,ITC2,2,Valle d'Aosta / Vallée d'Aoste,Valle d'Aosta,125666,43889,34.93,0.24
4055,2021-05-25,VDA,1115,530,585,529,574,12,ITC,ITC2,2,Valle d'Aosta / Vallée d'Aoste,Valle d'Aosta,125666,45004,35.81,0.89
4056,2021-02-14,VDA,48,16,32,1,47,0,ITC,ITC2,2,Valle d'Aosta / Vallée d'Aoste,Valle d'Aosta,125666,45052,35.85,0.04
4057,2021-05-08,VDA,904,540,364,497,378,29,ITC,ITC2,2,Valle d'Aosta / Vallée d'Aoste,Valle d'Aosta,125666,45956,36.57,0.72
4058,2021-04-05,VDA,464,223,241,439,6,19,ITC,ITC2,2,Valle d'Aosta / Vallée d'Aoste,Valle d'Aosta,125666,46420,36.94,0.37
4059,2021-06-27,VDA,1250,607,643,312,928,10,ITC,ITC2,2,Valle d'Aosta / Vallée d'Aoste,Valle d'Aosta,125666,47670,37.93,0.99
4060,2021-03-31,VDA,555,302,253,511,26,18,ITC,ITC2,2,Valle d'Aosta / Vallée d'Aoste,Valle d'Aosta,125666,48225,38.38,0.44
4061,2021-05-27,VDA,1089,497,592,574,503,12,ITC,ITC2,2,Valle d'Aosta / Vallée d'Aoste,Valle d'Aosta,125666,49314,39.24,0.87
4062,2021-05-13,VDA,1139,556,583,515,599,25,ITC,ITC2,2,Valle d'Aosta / Vallée d'Aoste,Valle d'Aosta,125666,50453,40.15,0.91
4063,2021-02-02,VDA,273,70,203,2,271,0,ITC,ITC2,2,Valle d'Aosta / Vallée d'Aoste,Valle d'Aosta,125666,50726,40.37,0.22
4064,2021-07-09,VDA,945,446,499,280,656,9,ITC,ITC2,2,Valle d'Aosta / Vallée d'Aoste,Valle d'Aosta,125666,51671,41.12,0.75
4065,2021-06-25,VDA,977,445,532,322,653,2,ITC,ITC2,2,Valle d'Aosta / Vallée d'Aoste,Valle d'Aosta,125666,52648,41.9,0.78
4066,2021-05-20,VDA,810,364,446,360,440,10,ITC,ITC2,2,Valle d'Aosta / Vallée d'Aoste,Valle d'Aosta,125666,53458,42.54,0.64
4067,2021-07-02,VDA,866,383,483,301,560,5,ITC,ITC2,2,Valle d'Aosta / Vallée d'Aoste,Valle d'Aosta,125666,54324,43.23,0.69
4068,2021-03-24,VDA,515,230,285,255,257,3,ITC,ITC2,2,Valle d'Aosta / Vallée d'Aoste,Valle d'Aosta,125666,54839,43.64,0.41
4069,2021-05-06,VDA,1076,512,564,658,384,34,ITC,ITC2,2,Valle d'Aosta / Vallée d'Aoste,Valle d'Aosta,125666,55915,44.49,0.86
4070,2021-03-29,VDA,493,233,260,448,40,5,ITC,ITC2,2,Valle d'Aosta / Vallée d'Aoste,Valle d'Aosta,125666,56408,44.89,0.39
4071,2021-06-20,VDA,1131,545,586,477,644,10,ITC,ITC2,2,Valle d'Aosta / Vallée d'Aoste,Valle d'Aosta,125666,57539,45.79,0.9
4072,2021-03-12,VDA,531,175,356,291,226,14,ITC,ITC2,2,Valle d'Aosta / Vallée d'Aoste,Valle d'Aosta,125666,58070,46.21,0.42
4073,2021-03-10,VDA,438,183,255,220,213,5,ITC,ITC2,2,Valle d'Aosta / Vallée d'Aoste,Valle d'Aosta,125666,58508,46.56,0.35
4074,2021-02-21,VDA,18,3,15,0,18,0,ITC,ITC2,2,Valle d'Aosta / Vallée d'Aoste,Valle d'Aosta,125666,58526,46.57,0.01
4075,2021-06-01,VDA,871,469,402,510,353,8,ITC,ITC2,2,Valle d'Aosta / Vallée d'Aoste,Valle d'Aosta,125666,59397,47.27,0.69
4076,2021-05-01,VDA,940,563,377,439,484,17,ITC,ITC2,2,Valle d'Aosta / Vallée d'Aoste,Valle d'Aosta,125666,60337,48.01,0.75
4077,2021-04-14,VDA,941,430,511,689,224,28,ITC,ITC2,2,Valle d'Aosta / Vallée d'Aoste,Valle d'Aosta,125666,61278,48.76,0.75
4078,2021-07-06,VDA,880,478,402,155,720,5,ITC,ITC2,2,Valle d'Aosta / Vallée d'Aoste,Valle d'Aosta,125666,62158,49.46,0.7
4079,2021-01-02,VDA,6,5,1,6,0,0,ITC,ITC2,2,Valle d'Aosta / Vallée d'Aoste,Valle d'Aosta,125666,62164,49.47,0.0
4080,2021-03-26,VDA,498,204,294,472,7,19,ITC,ITC2,2,Valle d'Aosta / Vallée d'Aoste,Valle d'Aosta,125666,62662,49.86,0.4
4081,2021-06-17,VDA,775,422,353,614,149,12,ITC,ITC2,2,Valle d'Aosta / Vallée d'Aoste,Valle d'Aosta,125666,63437,50.48,0.62
4082,2021-02-23,VDA,216,123,93,215,0,1,ITC,ITC2,2,Valle d'Aosta / Vallée d'Aoste,Valle d'Aosta,125666,63653,50.65,0.17
4083,2021-06-03,VDA,1306,667,639,884,410,12,ITC,ITC2,2,Valle d'Aosta / Vallée d'Aoste,Valle d'Aosta,125666,64959,51.69,1.04
4084,2021-05-17,VDA,809,417,392,367,434,8,ITC,ITC2,2,Valle d'Aosta / Vallée d'Aoste,Valle d'Aosta,125666,65768,52.34,0.64
4085,2021-05-15,VDA,1065,614,451,367,685,13,ITC,ITC2,2,Valle d'Aosta / Vallée d'Aoste,Valle d'Aosta,125666,66833,53.18,0.85
4086,2021-02-04,VDA,294,86,208,8,286,0,ITC,ITC2,2,Valle d'Aosta / Vallée d'Aoste,Valle d'Aosta,125666,67127,53.42,0.23
4087,2021-04-28,VDA,1218,632,586,681,503,34,ITC,ITC2,2,Valle d'Aosta / Vallée d'Aoste,Valle d'Aosta,125666,68345,54.39,0.97
4088,2021-02-28,VDA,260,86,174,73,183,4,ITC,ITC2,2,Valle d'Aosta / Vallée d'Aoste,Valle d'Aosta,125666,68605,54.59,0.21
4089,2021-05-05,VDA,1038,566,472,434,582,22,ITC,ITC2,2,Valle d'Aosta / Vallée d'Aoste,Valle d'Aosta,125666,69643,55.42,0.83
4090,2021-05-03,VDA,839,400,439,458,351,30,ITC,ITC2,2,Valle d'Aosta / Vallée d'Aoste,Valle d'Aosta,125666,70482,56.09,0.67
4091,2021-03-07,VDA,64,30,34,11,53,0,ITC,ITC2,2,Valle d'Aosta / Vallée d'Aoste,Valle d'Aosta,125666,70546,56.14,0.05
4092,2021-01-30,VDA,439,202,237,12,425,2,ITC,ITC2,2,Valle d'Aosta / Vallée d'Aoste,Valle d'Aosta,125666,70985,56.49,0.35
4093,2021-07-14,VDA,1019,532,487,293,726,0,ITC,ITC2,2,Valle d'Aosta / Vallée d'Aoste,Valle d'Aosta,125666,72004,57.3,0.81
4094,2021-01-28,VDA,291,123,168,56,235,0,ITC,ITC2,2,Valle d'Aosta / Vallée d'Aoste,Valle d'Aosta,125666,72295,57.53,0.23
4095,2021-05-24,VDA,1136,516,620,673,447,16,ITC,ITC2,2,Valle d'Aosta / Vallée d'Aoste,Valle d'Aosta,125666,73431,58.43,0.9
4096,2021-05-10,VDA,782,381,401,531,235,16,ITC,ITC2,2,Valle d'Aosta / Vallée d'Aoste,Valle d'Aosta,125666,74213,59.06,0.62
4097,2021-04-21,VDA,868,410,458,588,248,32,ITC,ITC2,2,Valle d'Aosta / Vallée d'Aoste,Valle d'Aosta,125666,75081,59.75,0.69
4098,2021-07-13,VDA,1061,567,494,307,748,6,ITC,ITC2,2,Valle d'Aosta / Vallée d'Aoste,Valle d'Aosta,125666,76142,60.59,0.84
4099,2021-03-21,VDA,355,165,190,346,0,9,ITC,ITC2,2,Valle d'Aosta / Vallée d'Aoste,Valle d'Aosta,125666,76497,60.87,0.28
4100,2021-06-29,VDA,780,390,390,235,542,3,ITC,ITC2,2,Valle d'Aosta / Vallée d'Aoste,Valle d'Aosta,125666,77277,61.49,0.62
4101,2021-06-10,VDA,1002,558,444,953,42,7,ITC,ITC2,2,Valle d'Aosta / Vallée d'Aoste,Valle d'Aosta,125666,78279,62.29,0.8
4102,2021-03-02,VDA,339,166,173,291,3,45,ITC,ITC2,2,Valle d'Aosta / Vallée d'Aoste,Valle d'Aosta,125666,78618,62.56,0.27
4103,2021-01-16,VDA,237,80,157,237,0,0,ITC,ITC2,2,Valle d'Aosta / Vallée d'Aoste,Valle d'Aosta,125666,78855,62.75,0.19
4104,2021-06-22,VDA,1189,666,523,529,648,12,ITC,ITC2,2,Valle d'Aosta / Vallée d'Aoste,Valle d'Aosta,125666,80044,63.7,0.95
4105,2021-03-14,VDA,392,200,192,373,0,19,ITC,ITC2,2,Valle d'Aosta / Vallée d'Aoste,Valle d'Aosta,125666,80436,64.01,0.31
4106,2021-04-26,VDA,715,327,388,512,170,33,ITC,ITC2,2,Valle d'Aosta / Vallée d'Aoste,Valle d'Aosta,125666,81151,64.58,0.57
4107,2021-07-01,VDA,962,473,489,328,621,13,ITC,ITC2,2,Valle d'Aosta / Vallée d'Aoste,Valle d'Aosta,125666,82113,65.34,0.77
4108,2021-01-25,VDA,147,65,82,0,147,0,ITC,ITC2,2,Valle d'Aosta / Vallée d'Aoste,Valle d'Aosta,125666,82260,65.46,0.12
4109,2021-07-10,VDA,1289,667,622,321,957,11,ITC,ITC2,2,Valle d'Aosta / Vallée d'Aoste,Valle d'Aosta,125666,83549,66.48,1.03
4110,2021-05-14,VDA,960,442,518,249,669,42,ITC,ITC2,2,Valle d'Aosta / Vallée d'Aoste,Valle d'Aosta,125666,84509,67.25,0.76
4111,2021-02-01,VDA,404,127,277,84,317,3,ITC,ITC2,2,Valle d'Aosta / Vallée d'Aoste,Valle d'Aosta,125666,84913,67.57,0.32
4112,2021-07-08,VDA,1275,709,566,341,924,10,ITC,ITC2,2,Valle d'Aosta / Vallée d'Aoste,Valle d'Aosta,125666,86188,68.58,1.01
4113,2021-03-30,VDA,402,223,179,365,20,17,ITC,ITC2,2,Valle d'Aosta / Vallée d'Aoste,Valle d'Aosta,125666,86590,68.9,0.32
4114,2021-05-12,VDA,1140,549,591,439,670,31,ITC,ITC2,2,Valle d'Aosta / Vallée d'Aoste,Valle d'Aosta,125666,87730,69.81,0.91
4115,2021-02-16,VDA,326,53,273,309,6,11,ITC,ITC2,2,Valle d'Aosta / Vallée d'Aoste,Valle d'Aosta,125666,88056,70.07,0.26
4116,2021-04-07,VDA,910,474,436,654,229,27,ITC,ITC2,2,Valle d'Aosta / Vallée d'Aoste,Valle d'Aosta,125666,88966,70.8,0.72
4117,2021-02-09,VDA,251,84,167,67,183,1,ITC,ITC2,2,Valle d'Aosta / Vallée d'Aoste,Valle d'Aosta,125666,89217,71.0,0.2
4118,2021-02-06,VDA,289,104,185,91,197,1,ITC,ITC2,2,Valle d'Aosta / Vallée d'Aoste,Valle d'Aosta,125666,89506,71.23,0.23
4119,2021-04-30,VDA,831,355,476,467,346,18,ITC,ITC2,2,Valle d'Aosta / Vallée d'Aoste,Valle d'Aosta,125666,90337,71.89,0.66
4120,2021-01-20,VDA,23,8,15,23,0,0,ITC,ITC2,2,Valle d'Aosta / Vallée d'Aoste,Valle d'Aosta,125666,90360,71.9,0.02
4121,2021-01-09,VDA,443,199,244,442,0,1,ITC,ITC2,2,Valle d'Aosta / Vallée d'Aoste,Valle d'Aosta,125666,90803,72.26,0.35
4122,2021-06-24,VDA,1221,629,592,379,833,9,ITC,ITC2,2,Valle d'Aosta / Vallée d'Aoste,Valle d'Aosta,125666,92024,73.23,0.97
4123,2021-07-03,VDA,935,484,451,390,536,9,ITC,ITC2,2,Valle d'Aosta / Vallée d'Aoste,Valle d'Aosta,125666,92959,73.97,0.74
4124,2021-02-08,VDA,223,83,140,25,198,0,ITC,ITC2,2,Valle d'Aosta / Vallée d'Aoste,Valle d'Aosta,125666,93182,74.15,0.18
4125,2021-03-23,VDA,379,150,229,228,134,17,ITC,ITC2,2,Valle d'Aosta / Vallée d'Aoste,Valle d'Aosta,125666,93561,74.45,0.3
4126,2021-05-19,VDA,993,498,495,411,575,7,ITC,ITC2,2,Valle d'Aosta / Vallée d'Aoste,Valle d'Aosta,125666,94554,75.24,0.79
4127,2021-03-16,VDA,182,37,145,109,64,9,ITC,ITC2,2,Valle d'Aosta / Vallée d'Aoste,Valle d'Aosta,125666,94736,75.39,0.14
4128,2021-06-12,VDA,1232,599,633,1062,166,4,ITC,ITC2,2,Valle d'Aosta / Vallée d'Aoste,Valle d'Aosta,125666,95968,76.37,0.98
4129,2021-03-19,VDA,322,85,237,277,35,10,ITC,ITC2,2,Valle d'Aosta / Vallée d'Aoste,Valle d'Aosta,125666,96290,76.62,0.26
4130,2021-01-21,VDA,33,12,21,33,0,0,ITC,ITC2,2,Valle d'Aosta / Vallée d'Aoste,Valle d'Aosta,125666,96323,76.65,0.03
4131,2021-01-04,VDA,142,59,83,142,0,0,ITC,ITC2,2,Valle d'Aosta / Vallée d'Aoste,Valle d'Aosta,125666,96465,76.76,0.11
4132,2021-03-28,VDA,522,212,310,493,1,28,ITC,ITC2,2,Valle d'Aosta / Vallée d'Aoste,Valle d'Aosta,125666,96987,77.18,0.42
4133,2021-03-11,VDA,197,76,121,66,131,0,ITC,ITC2,2,Valle d'Aosta / Vallée d'Aoste,Valle d'Aosta,125666,97184,77.34,0.16
4134,2021-06-02,VDA,1215,688,527,812,401,2,ITC,ITC2,2,Valle d'Aosta / Vallée d'Aoste,Valle d'Aosta,125666,98399,78.3,0.97
4135,2021-04-18,VDA,522,254,268,492,4,26,ITC,ITC2,2,Valle d'Aosta / Vallée d'Aoste,Valle d'Aosta,125666,98921,78.72,0.42
4136,2021-06-14,VDA,307,164,143,12,295,0,ITC,ITC2,2,Valle d'Aosta / Vallée d'Aoste,Valle d'Aosta,125666,99228,78.96,0.24
4137,2021-05-31,VDA,880,396,484,490,379,11,ITC,ITC2,2,Valle d'Aosta / Vallée d'Aoste,Valle d'Aosta,125666,100108,79.66,0.7
4138,2021-01-18,VDA,213,74,139,213,0,0,ITC,ITC2,2,Valle d'Aosta / Vallée d'Aoste,Valle d'Aosta,125666,100321,79.83,0.17
4139,2021-04-11,VDA,479,208,271,462,0,17,ITC,ITC2,2,Valle d'Aosta / Vallée d'Aoste,Valle d'Aosta,125666,100800,80.21,0.38
4140,2021-01-11,VDA,325,112,213,325,0,0,ITC,ITC2,2,Valle d'Aosta / Vallée d'Aoste,Valle d'Aosta,125666,101125,80.47,0.26
4141,2021-04-04,VDA,572,253,319,550,1,21,ITC,ITC2,2,Valle d'Aosta / Vallée d'Aoste,Valle d'Aosta,125666,101697,80.93,0.46
4142,2021-06-19,VDA,1288,667,621,657,619,12,ITC,ITC2,2,Valle d'Aosta / Vallée d'Aoste,Valle d'Aosta,125666,102985,81.95,1.02
4143,2021-03-09,VDA,206,96,110,166,32,8,ITC,ITC2,2,Valle d'Aosta / Vallée d'Aoste,Valle d'Aosta,125666,103191,82.12,0.16
4144,2021-02-20,VDA,251,210,41,238,10,3,ITC,ITC2,2,Valle d'Aosta / Vallée d'Aoste,Valle d'Aosta,125666,103442,82.32,0.2
4145,2021-04-25,VDA,849,408,441,673,139,37,ITC,ITC2,2,Valle d'Aosta / Vallée d'Aoste,Valle d'Aosta,125666,104291,82.99,0.68
4146,2021-06-21,VDA,1122,600,522,607,505,10,ITC,ITC2,2,Valle d'Aosta / Vallée d'Aoste,Valle d'Aosta,125666,105413,83.88,0.89
4147,2021-06-07,VDA,710,347,363,638,61,11,ITC,ITC2,2,Valle d'Aosta / Vallée d'Aoste,Valle d'Aosta,125666,106123,84.45,0.56
4148,2021-02-27,VDA,231,85,146,119,107,5,ITC,ITC2,2,Valle d'Aosta / Vallée d'Aoste,Valle d'Aosta,125666,106354,84.63,0.18
4149,2021-02-13,VDA,216,196,20,213,1,2,ITC,ITC2,2,Valle d'Aosta / Vallée d'Aoste,Valle d'Aosta,125666,106570,84.8,0.17
4150,2021-05-07,VDA,564,245,319,517,31,16,ITC,ITC2,2,Valle d'Aosta / Vallée d'Aoste,Valle d'Aosta,125666,107134,85.25,0.45
4151,2021-04-23,VDA,921,443,478,509,383,29,ITC,ITC2,2,Valle d'Aosta / Vallée d'Aoste,Valle d'Aosta,125666,108055,85.99,0.73
4152,2021-01-13,VDA,337,110,227,337,0,0,ITC,ITC2,2,Valle d'Aosta / Vallée d'Aoste,Valle d'Aosta,125666,108392,86.25,0.27
4153,2021-07-15,VDA,1085,589,496,295,790,0,ITC,ITC2,2,Valle d'Aosta / Vallée d'Aoste,Valle d'Aosta,125666,109477,87.12,0.86
4154,2021-04-06,VDA,741,381,360,595,112,34,ITC,ITC2,2,Valle d'Aosta / Vallée d'Aoste,Valle d'Aosta,125666,110218,87.71,0.59
4155,2021-03-18,VDA,136,43,93,96,37,3,ITC,ITC2,2,Valle d'Aosta / Vallée d'Aoste,Valle d'Aosta,125666,110354,87.82,0.11
4156,2021-06-26,VDA,1061,509,552,350,704,7,ITC,ITC2,2,Valle d'Aosta / Vallée d'Aoste,Valle d'Aosta,125666,111415,88.66,0.84
4157,2021-03-04,VDA,291,139,152,39,250,2,ITC,ITC2,2,Valle d'Aosta / Vallée d'Aoste,Valle d'Aosta,125666,111706,88.89,0.23
4158,2021-05-26,VDA,1209,587,622,565,633,11,ITC,ITC2,2,Valle d'Aosta / Vallée d'Aoste,Valle d'Aosta,125666,112915,89.85,0.96
4159,2021-03-22,VDA,560,205,355,324,227,9,ITC,ITC2,2,Valle d'Aosta / Vallée d'Aoste,Valle d'Aosta,125666,113475,90.3,0.45
4160,2021-06-05,VDA,925,476,449,729,188,8,ITC,ITC2,2,Valle d'Aosta / Vallée d'Aoste,Valle d'Aosta,125666,114400,91.03,0.74
4161,2021-02-11,VDA,231,107,124,221,9,1,ITC,ITC2,2,Valle d'Aosta / Vallée d'Aoste,Valle d'Aosta,125666,114631,91.22,0.18
4162,2021-04-09,VDA,237,111,126,200,33,4,ITC,ITC2,2,Valle d'Aosta / Vallée d'Aoste,Valle d'Aosta,125666,114868,91.41,0.19
4163,2021-05-22,VDA,940,494,446,531,400,9,ITC,ITC2,2,Valle d'Aosta / Vallée d'Aoste,Valle d'Aosta,125666,115808,92.16,0.75
4164,2021-04-16,VDA,599,261,338,565,2,32,ITC,ITC2,2,Valle d'Aosta / Vallée d'Aoste,Valle d'Aosta,125666,116407,92.63,0.48
4165,2021-04-02,VDA,873,344,529,595,225,53,ITC,ITC2,2,Valle d'Aosta / Vallée d'Aoste,Valle d'Aosta,125666,117280,93.33,0.69
4166,2021-05-29,VDA,798,434,364,553,237,8,ITC,ITC2,2,Valle d'Aosta / Vallée d'Aoste,Valle d'Aosta,125666,118078,93.96,0.64
4167,2021-07-11,VDA,907,471,436,254,642,11,ITC,ITC2,2,Valle d'Aosta / Vallée d'Aoste,Valle d'Aosta,125666,118985,94.68,0.72
4168,2021-02-25,VDA,201,101,100,190,7,4,ITC,ITC2,2,Valle d'Aosta / Vallée d'Aoste,Valle d'Aosta,125666,119186,94.84,0.16
4169,2021-01-06,VDA,65,33,32,65,0,0,ITC,ITC2,2,Valle d'Aosta / Vallée d'Aoste,Valle d'Aosta,125666,119251,94.9,0.05
4170,2021-02-18,VDA,349,153,196,255,88,6,ITC,ITC2,2,Valle d'Aosta / Vallée d'Aoste,Valle d'Aosta,125666,119600,95.17,0.28
